includes/camargue/floodfiles/results/res-0008.wdfp
ncols         906
nrows         631
xllcorner     362177.146667
yllcorner     6534725.688020
cellsize      20.000000
NODATA_value  -9999.000000
[rows 272 to 305 of 631, columns 693 to 769 of 906]
0.000 0.000 0.000 0.000 0.000 0.000 0.000 0.000 0.000 0.000 0.000 0.000 0.000 0.000 0.000 0.000 0.000 0.000 0.000 0.000 0.000 0.000 0.000 0.000 0.000 0.000 0.000 0.000 0.000 0.000 0.000 0.000 0.028 0.005 0.000 0.564 0.444 0.835 1.145 1.114 0.000 1.300 1.210 0.000 0.383 0.753 0.373 0.284 0.955 0.181 0.578 0.667 0.000 0.358 0.000 0.387 0.876 0.144 0.041 1.095 1.125 0.000 0.970 1.090 0.140 0.340 1.000 1.020 0.540 0.910 1.150 1.020 1.239 0.500 0.440 0.420 0.309
0.000 0.000 0.000 0.000 0.000 0.000 0.000 0.000 0.000 0.000 0.000 0.000 0.000 0.000 0.000 0.000 0.000 0.000 0.000 0.000 0.000 0.000 0.000 0.000 0.000 0.000 0.000 0.000 0.000 0.000 0.000 0.000 0.000 0.000 0.000 0.000 0.255 0.336 0.486 0.036 0.990 1.040 0.000 0.565 0.805 0.225 0.335 0.945 0.995 0.104 0.001 1.066 0.121 0.006 0.568 0.807 0.746 1.285 1.114 0.000 0.985 1.135 0.000 1.151 0.311 1.051 0.000 0.930 0.480 1.010 0.740 0.450 0.340 0.840 0.600 0.350 0.000
0.000 0.000 0.000 0.000 0.000 0.000 0.000 0.000 0.000 0.000 0.000 0.000 0.000 0.000 0.000 0.000 0.000 0.000 0.000 0.000 0.000 0.000 0.000 0.000 0.000 0.000 0.000 0.000 0.000 0.000 0.000 0.000 0.000 0.000 0.000 0.310 0.000 0.239 0.421 0.211 0.006 0.000 0.636 0.766 0.195 0.545 1.035 0.795 1.065 0.865 0.000 0.307 1.084 0.591 0.778 0.778 1.027 0.145 1.184 0.353 0.098 1.045 0.083 1.021 0.911 0.221 0.000 0.951 0.361 1.131 1.061 0.671 0.651 1.161 0.581 0.141 0.182
0.000 0.000 0.000 0.000 0.000 0.000 0.000 0.000 0.000 0.000 0.000 0.000 0.000 0.000 0.000 0.000 0.000 0.000 0.000 0.000 0.000 0.000 0.000 0.000 0.000 0.000 0.000 0.000 0.000 0.000 0.000 0.000 0.000 0.000 0.000 0.230 0.780 0.002 0.587 0.000 0.002 0.136 0.836 0.286 0.936 0.966 0.076 1.256 0.436 0.000 1.167 0.596 1.054 0.411 0.299 0.648 0.967 0.000 0.803 0.822 0.150 0.306 0.532 0.942 0.442 1.062 1.082 1.112 0.221 0.491 1.041 1.121 0.751 0.301 0.992 1.032 1.252
0.000 0.000 0.000 0.000 0.000 0.000 0.000 0.000 0.000 0.000 0.000 0.000 0.000 0.000 0.000 0.000 0.000 0.000 0.000 0.000 0.000 0.000 0.000 0.000 0.000 0.000 0.000 0.000 0.000 0.000 0.000 0.000 0.000 0.000 0.000 0.830 0.870 0.910 0.850 0.000 0.679 0.000 0.666 0.826 0.966 0.206 1.337 0.967 0.376 0.000 0.907 0.336 0.444 1.250 1.090 0.708 1.017 0.987 0.000 1.351 1.241 0.269 0.000 0.992 0.882 1.102 1.112 1.092 0.001 0.612 0.322 0.781 1.141 0.000 0.252 0.862 1.052
0.000 0.000 0.000 0.000 0.000 0.000 0.000 0.000 0.000 0.000 0.000 0.000 0.000 0.000 0.000 0.000 0.000 0.000 0.000 0.000 0.000 0.000 0.000 0.000 0.000 0.000 0.000 0.000 0.000 0.000 0.000 0.000 0.000 0.000 0.000 0.950 0.601 0.740 0.890 0.869 0.659 0.000 0.726 0.000 0.336 1.317 0.877 0.897 0.277 0.000 1.137 1.297 1.187 0.000 0.000 0.371 0.000 0.917 0.976 0.000 1.091 0.599 0.785 1.123 0.234 0.000 0.075 0.425 0.715 0.954 0.993 0.272 1.061 0.891 1.071 0.342 0.102
0.000 0.000 0.000 0.000 0.000 0.000 0.000 0.000 0.000 0.000 0.000 0.000 0.000 0.000 0.000 0.000 0.000 0.000 0.000 0.000 0.000 0.000 0.000 0.000 0.000 0.000 0.000 0.000 0.000 0.000 0.000 0.000 0.000 0.000 0.797 0.000 1.152 1.082 0.000 0.949 0.959 0.858 0.206 0.747 0.000 0.117 0.597 0.967 0.887 1.147 0.000 0.689 0.459 0.429 0.278 0.277 0.557 0.182 1.136 0.673 1.311 0.809 0.000 0.000 0.958 0.638 1.018 0.837 1.397 0.096 0.135 0.000 0.771 1.081 0.000 0.892 0.033
0.000 0.000 0.000 0.000 0.000 0.000 0.000 0.000 0.000 0.000 0.000 0.000 0.000 0.000 0.000 0.000 0.000 0.000 0.000 0.000 0.000 0.000 0.000 0.000 0.000 0.000 0.000 0.000 0.000 0.000 0.000 0.000 0.000 0.568 0.777 1.277 0.000 1.053 1.113 0.000 0.000 0.838 0.827 0.757 0.337 0.000 0.528 0.778 1.097 0.827 0.000 1.070 0.980 1.060 0.000 1.038 0.958 0.327 0.000 0.853 0.000 1.139 1.109 1.159 0.898 1.138 0.158 0.788 0.828 0.968 0.117 0.156 0.312 0.000 1.172 0.000 0.573
0.000 0.000 0.000 0.000 0.000 0.000 0.000 0.000 0.000 0.000 0.000 0.000 0.000 0.000 0.000 0.000 0.000 0.000 0.000 0.000 0.000 0.000 0.000 0.000 0.000 0.000 0.000 0.000 0.000 0.000 0.000 0.000 0.000 0.708 0.357 1.187 0.185 1.114 0.313 0.000 0.390 0.000 0.198 0.777 0.796 0.585 0.681 0.720 0.139 1.047 0.595 0.792 0.651 0.450 0.799 0.548 0.788 0.079 0.671 0.000 0.955 0.000 1.099 1.019 0.000 0.698 0.688 0.748 0.808 0.778 0.558 0.148 0.000 0.619 0.000 0.000 0.963
0.000 0.000 0.000 0.000 0.000 0.000 0.000 0.000 0.000 0.000 0.000 0.000 0.000 0.000 0.000 0.000 0.000 0.000 0.000 0.000 0.000 0.000 0.000 0.000 0.000 0.000 0.000 0.000 0.000 0.000 0.000 0.000 0.508 0.788 0.208 0.287 1.185 0.985 0.024 0.510 0.410 0.000 0.609 0.000 0.786 0.705 0.422 0.571 0.251 0.179 0.599 0.038 0.000 0.000 0.000 0.000 0.000 0.815 0.048 1.015 0.055 0.409 1.509 0.139 0.388 0.758 0.238 0.648 0.638 0.458 0.228 0.659 1.049 0.739 0.609 0.869 0.000
0.000 0.000 0.000 0.000 0.000 0.000 0.000 0.000 0.000 0.000 0.000 0.000 0.000 0.000 0.000 0.000 0.000 0.000 0.000 0.000 0.000 0.000 0.000 0.000 0.000 0.000 0.000 0.000 0.000 0.000 0.000 0.000 0.258 0.758 1.228 0.000 1.125 1.035 0.000 0.120 0.510 0.330 0.679 0.000 1.018 0.000 0.462 0.731 0.751 0.000 0.633 0.603 0.674 0.624 0.505 0.635 0.545 0.465 0.565 0.000 0.389 1.399 0.000 0.559 0.109 0.549 0.058 0.658 0.728 0.428 0.598 0.000 1.039 0.000 0.469 0.258 1.025
0.000 0.000 0.000 0.000 0.000 0.000 0.000 0.000 0.000 0.000 0.000 0.000 0.000 0.000 0.000 0.000 0.000 0.000 0.000 0.000 0.000 0.000 0.000 0.000 0.000 0.000 0.000 0.000 0.000 0.000 0.000 0.000 0.718 0.388 0.878 0.000 1.126 0.267 0.084 0.510 0.540 0.570 0.729 0.819 0.908 0.000 0.334 0.174 0.034 1.615 0.875 0.000 0.000 0.000 0.000 0.296 0.266 0.306 0.000 0.004 1.359 0.179 0.709 0.729 0.000 0.729 0.129 0.648 0.249 0.709 0.309 0.889 0.969 0.000 0.309 1.298 0.177
0.000 0.000 0.000 0.000 0.036 0.000 0.000 0.000 0.000 0.000 0.000 0.000 0.000 0.000 0.000 0.000 0.000 0.000 0.000 0.000 0.000 0.000 0.000 0.000 0.000 0.000 0.000 0.000 0.000 0.000 0.000 0.908 0.788 0.150 0.001 0.375 0.403 0.403 0.002 0.000 0.000 0.602 0.190 0.929 0.969 0.000 0.625 0.725 0.615 0.545 0.555 0.826 0.827 0.867 1.237 1.377 1.347 0.857 0.000 0.000 0.000 0.649 0.000 0.659 0.419 0.569 0.149 0.689 0.449 0.519 0.029 0.939 0.939 0.739 0.649 0.005 0.561
0.000 0.000 0.000 0.000 0.000 0.000 0.000 0.000 0.000 0.000 0.000 0.000 0.000 0.000 0.000 0.000 0.000 0.000 0.000 0.000 0.000 0.000 0.000 0.000 0.000 0.000 0.000 0.000 0.000 0.000 0.000 1.098 0.000 0.916 0.936 0.376 1.156 0.435 0.665 0.805 0.147 0.664 0.000 0.949 0.729 0.658 0.486 0.636 0.645 0.905 0.205 0.000 0.001 0.038 0.407 1.247 1.107 0.567 0.166 1.588 0.108 0.000 0.741 0.071 0.391 0.041 0.150 0.021 0.520 0.240 0.000 0.630 0.000 0.629 0.000 1.121 1.111
0.000 0.000 0.000 0.000 0.000 0.000 0.000 0.041 0.000 0.000 0.000 0.000 0.000 0.000 0.000 0.000 0.000 0.000 0.000 0.000 0.000 0.000 0.000 0.000 0.000 0.000 0.000 0.000 0.000 0.000 0.000 0.329 0.000 0.906 0.846 0.826 1.166 0.000 0.945 0.134 0.576 0.625 0.000 0.789 0.111 0.829 0.060 0.077 0.000 0.000 0.000 0.532 0.601 0.591 0.279 0.627 0.597 0.000 0.748 1.268 0.918 0.000 0.000 0.632 0.482 0.402 0.212 0.262 0.521 0.501 0.571 0.490 0.000 0.340 0.511 0.411 0.831
0.000 0.007 0.350 0.000 0.000 0.000 0.000 0.061 0.000 0.000 0.000 0.000 0.000 0.000 0.000 0.000 0.000 0.000 0.000 0.000 0.000 0.000 0.000 0.000 0.000 0.000 0.000 0.000 0.000 0.000 0.000 0.153 0.000 0.916 0.726 0.876 1.096 0.236 1.475 1.535 0.264 0.074 0.795 0.163 0.873 0.250 0.080 0.003 0.000 0.234 0.242 0.693 0.000 0.591 0.521 0.000 0.488 0.958 0.002 0.133 0.113 0.195 0.645 0.000 0.632 0.532 0.462 0.352 0.112 0.000 0.773 0.000 0.412 0.000 0.731 0.041 0.211
0.209 0.080 0.180 0.000 0.000 0.084 0.054 0.009 0.080 0.000 0.000 0.000 0.000 0.004 0.000 0.000 0.000 0.000 0.000 0.000 0.000 0.000 0.000 0.000 0.000 0.000 0.000 0.000 0.000 0.000 0.000 0.686 0.426 0.876 0.776 1.056 1.046 0.476 0.017 1.415 1.476 1.296 0.345 0.585 0.464 0.214 0.265 0.000 0.002 0.626 0.356 0.035 0.225 0.000 0.000 1.052 0.000 0.198 0.025 0.815 0.565 0.585 0.000 0.922 0.000 0.762 0.323 0.313 0.494 0.645 0.515 0.000 0.262 0.872 0.412 0.242 0.371
0.029 0.000 0.010 0.000 0.021 0.000 0.184 0.000 0.002 0.000 0.001 0.000 0.113 0.033 0.000 0.000 0.000 0.000 0.000 0.000 0.000 0.000 0.000 0.000 0.000 0.000 0.000 0.000 0.000 0.000 0.000 1.256 0.726 0.886 0.626 1.106 0.616 0.000 0.387 0.386 0.256 1.436 1.406 1.066 0.116 0.466 0.796 0.516 0.000 0.526 0.456 0.616 0.000 0.037 0.000 0.000 0.586 0.516 0.156 0.565 0.265 0.485 0.575 0.000 0.795 0.000 0.923 0.333 0.000 0.685 0.775 0.425 0.193 0.822 0.922 0.632 0.702
0.049 0.109 0.001 0.004 0.171 0.005 0.004 0.000 0.000 0.000 0.103 0.043 0.113 0.233 0.000 0.000 0.000 0.000 0.000 0.000 0.000 0.000 0.000 0.000 0.000 0.000 0.000 0.000 0.000 0.000 0.000 1.206 0.916 0.946 1.146 0.616 0.817 1.057 0.967 0.000 0.638 0.000 0.596 1.336 1.426 0.396 0.566 1.206 0.696 0.376 0.406 0.446 0.446 1.436 1.326 1.546 0.746 1.296 0.000 0.415 1.405 0.000 0.725 0.045 0.285 0.725 0.000 0.484 0.183 0.508 0.000 0.426 0.106 0.065 0.105 0.065 0.034
0.019 0.029 0.298 0.168 0.000 0.001 0.004 0.067 0.000 0.001 0.013 0.143 0.020 0.000 0.024 0.000 0.162 0.000 0.000 0.000 0.000 0.000 0.000 0.000 0.000 0.000 0.000 0.000 0.000 0.000 0.000 1.146 0.756 0.816 1.096 0.996 0.137 0.407 1.077 1.097 0.688 0.000 0.657 0.000 1.256 1.226 0.159 0.000 0.476 0.586 0.846 0.276 0.456 0.426 0.226 1.016 0.876 0.236 0.000 0.185 0.365 1.295 0.345 0.425 0.545 0.000 0.792 0.000 0.721 0.345 0.402 0.328 1.468 0.207 0.437 0.347 0.267
0.318 0.228 0.288 0.000 1.098 0.004 0.000 0.002 0.002 0.000 0.000 0.000 0.157 0.067 0.002 0.134 0.000 0.102 0.000 0.000 0.000 0.000 0.000 0.000 0.000 0.000 0.000 0.000 0.000 0.000 0.000 0.826 0.766 0.000 0.976 1.096 0.247 1.277 0.887 0.248 0.838 0.968 0.638 0.000 0.766 0.000 0.439 0.308 0.159 0.557 0.707 0.000 0.226 0.426 0.636 0.566 0.656 0.226 0.376 0.000 0.635 0.665 1.715 0.000 0.504 0.324 0.000 1.054 0.944 0.000 0.000 0.098 0.118 0.797 0.667 0.557 0.537
0.218 0.338 0.158 1.108 1.188 0.000 0.000 0.003 0.001 0.000 0.189 0.059 0.012 0.000 0.294 0.000 0.156 0.000 0.112 0.000 0.000 0.000 0.000 0.000 0.000 0.000 0.000 0.000 0.000 0.000 0.000 1.036 0.826 0.000 1.116 0.546 0.297 0.000 0.468 0.818 0.708 0.220 0.980 0.930 0.000 0.420 1.560 0.067 0.429 0.000 0.977 1.447 0.667 0.487 0.447 0.137 0.136 0.906 0.406 1.925 0.525 0.395 1.205 1.345 0.000 0.473 0.533 0.000 0.876 1.266 0.000 0.000 0.000 0.000 0.000 0.000 0.000
0.208 0.258 0.948 1.208 0.088 0.199 0.000 0.003 0.035 0.162 0.059 0.118 0.038 0.077 0.000 0.000 0.256 0.000 0.000 0.000 0.000 0.000 0.000 0.000 0.000 0.000 0.000 0.000 0.000 0.000 0.000 0.406 0.916 0.000 1.106 0.127 0.958 1.058 0.000 0.399 0.290 0.962 0.612 0.000 0.711 1.261 0.950 0.010 0.699 0.249 0.477 0.757 1.607 1.457 0.078 0.772 0.040 1.846 0.000 0.125 0.000 0.365 0.215 0.165 0.895 0.082 0.125 0.599 0.437 0.158 1.242 0.802 0.932 0.000 0.000 0.262 0.442
0.000 1.388 0.898 0.278 0.000 0.259 0.028 0.097 0.076 0.062 0.118 0.227 0.257 0.127 0.226 0.001 0.005 0.000 0.000 0.000 0.000 0.000 0.000 0.000 0.000 0.000 0.000 0.000 0.000 0.000 0.481 0.000 0.726 0.656 1.096 0.048 0.948 1.088 0.479 0.520 1.171 0.334 1.006 0.427 0.100 0.901 0.571 0.000 0.609 0.469 0.317 0.837 0.367 0.090 0.000 0.234 1.724 0.000 0.499 0.000 1.689 0.000 0.000 0.000 0.000 0.048 1.081 0.351 0.631 0.641 0.162 0.692 0.174 0.091 1.452 0.382 0.632
0.808 1.258 0.548 0.398 0.308 0.000 0.038 0.127 0.028 0.000 0.002 0.147 0.187 0.107 0.186 0.216 0.000 0.075 0.115 0.285 0.000 0.004 0.001 0.000 0.041 0.000 0.000 0.000 0.048 0.000 0.631 0.000 0.756 0.034 1.046 0.218 0.898 0.488 0.000 0.690 0.144 0.737 0.658 0.270 1.102 0.081 0.721 1.091 0.053 0.460 0.000 0.077 0.000 1.280 0.189 1.145 0.000 0.659 0.459 0.000 1.869 0.019 0.000 0.000 0.692 0.000 0.511 0.851 0.301 1.402 1.092 1.342 0.396 1.132 1.072 0.000 0.242
1.068 0.000 0.000 0.438 0.268 0.138 0.088 0.005 0.080 0.011 0.247 0.137 0.177 0.216 0.256 0.336 0.426 0.175 0.245 0.145 0.004 0.079 0.009 0.000 0.000 0.000 0.000 0.000 0.006 0.005 0.061 0.600 0.000 1.029 0.000 0.898 0.228 0.048 0.159 0.000 0.426 0.158 1.181 0.992 0.742 0.000 0.601 0.332 0.000 0.661 0.601 0.000 0.500 0.810 1.290 0.000 0.669 0.279 0.619 2.179 0.000 0.003 0.760 0.580 0.000 0.370 0.000 0.572 1.052 1.312 1.262 0.057 0.001 0.183 1.072 1.522 1.712
0.000 0.000 0.328 0.218 0.168 0.011 0.119 0.000 0.007 0.006 0.087 0.067 0.067 0.156 0.216 0.296 0.476 0.515 0.805 0.435 0.000 0.000 0.000 0.000 0.000 0.000 0.000 0.000 0.000 0.082 0.220 0.880 0.110 1.009 0.979 0.000 0.218 0.208 0.000 0.414 0.000 1.328 0.000 1.224 0.113 0.010 0.000 0.716 0.297 0.000 0.712 0.672 0.230 1.080 0.174 0.458 0.239 0.529 0.000 0.000 1.050 1.130 0.340 0.610 0.470 0.310 0.699 0.000 0.902 0.000 0.000 0.906 1.306 0.435 0.484 0.000 0.272
0.000 0.000 0.358 0.338 0.168 0.000 0.018 0.000 0.000 0.000 0.000 0.028 0.002 0.000 0.126 0.296 0.186 0.215 0.435 0.625 0.555 0.000 0.000 0.000 0.000 0.000 1.224 0.644 0.244 0.733 0.151 0.280 0.710 0.000 1.029 0.000 0.000 0.000 0.374 0.904 1.224 0.000 0.000 1.145 0.000 0.537 0.607 0.407 0.768 0.578 0.000 0.000 0.914 0.000 0.638 0.318 0.639 0.219 1.749 0.000 1.100 1.100 0.000 0.590 0.450 0.180 0.349 0.599 0.127 1.766 1.236 1.786 0.876 0.236 1.164 1.534 0.434
0.586 0.766 0.000 0.157 0.106 0.000 0.527 1.217 1.127 0.897 0.507 0.000 0.000 0.000 0.000 0.000 0.000 0.000 0.185 0.515 0.895 1.165 1.125 1.095 1.035 1.045 0.304 1.094 0.714 0.193 0.760 1.250 1.070 0.999 1.049 1.059 0.000 0.000 1.004 0.864 0.000 1.233 0.000 1.237 1.277 0.827 0.077 0.078 0.508 0.598 0.000 0.319 0.229 0.710 0.059 0.000 0.469 0.000 0.979 0.120 0.500 1.210 0.770 0.660 0.540 0.000 0.559 0.559 0.279 0.008 0.149 0.220 0.070 1.699 0.000 0.000 0.000
0.056 0.000 0.016 0.145 0.204 0.212 0.667 0.567 0.337 1.217 1.167 1.077 0.986 1.136 0.236 0.066 1.075 1.205 1.055 1.275 1.075 1.165 1.145 0.745 0.035 0.000 0.754 0.334 0.984 0.224 0.000 0.000 0.910 0.410 0.348 0.978 0.396 1.264 0.000 1.304 1.334 0.423 1.373 0.309 1.098 0.038 0.000 0.480 0.000 0.509 0.740 0.850 0.120 0.340 0.610 0.200 0.719 0.000 0.000 1.130 0.000 1.150 1.260 0.000 0.710 0.540 0.309 0.299 0.459 0.439 0.051 0.225 0.074 0.194 0.000 0.587 0.000
0.475 0.425 0.655 0.325 0.194 0.182 0.000 0.437 0.717 0.937 1.007 0.000 0.326 1.166 1.126 1.136 1.166 1.155 0.275 0.000 0.000 0.875 0.765 0.755 1.005 0.655 0.154 0.424 0.294 0.000 0.902 1.032 1.191 0.079 0.416 0.376 0.244 0.194 1.344 1.294 0.434 0.000 1.293 0.000 1.279 0.000 0.890 0.570 0.340 0.160 0.710 0.210 0.770 0.230 0.600 0.130 0.350 0.030 0.000 0.410 0.240 1.020 1.180 0.000 0.580 0.660 0.110 0.379 0.569 0.479 0.639 0.478 0.358 0.307 0.327 0.557 0.457
0.235 0.435 1.585 1.685 1.705 0.222 0.508 0.617 0.757 0.957 0.677 0.456 0.716 1.006 0.256 0.216 1.115 1.195 1.235 0.715 0.655 0.925 0.235 0.695 1.105 1.144 0.824 0.944 0.914 0.843 0.972 0.562 0.000 0.000 0.744 0.184 0.223 1.561 0.000 1.224 1.444 0.893 0.763 0.411 1.260 1.350 0.900 0.400 0.560 0.260 0.520 0.540 0.320 0.270 0.410 0.730 0.290 0.360 0.000 0.830 1.060 0.000 0.980 0.860 0.890 0.660 0.011 0.599 0.559 0.549 0.289 0.509 0.609 0.369 0.098 0.000 0.617
0.325 0.295 0.635 1.515 1.495 0.000 1.068 0.468 0.667 0.357 0.457 0.266 0.646 0.896 0.686 0.836 0.216 0.805 0.665 0.745 0.785 0.825 0.885 0.485 0.985 0.934 0.804 0.634 1.024 0.883 0.153 0.002 0.000 0.643 0.413 1.183 0.603 0.142 0.000 0.000 0.984 0.883 0.000 1.160 0.560 1.310 0.190 0.790 0.390 0.530 0.560 0.720 0.430 0.620 0.330 0.640 0.740 0.000 0.000 0.540 0.930 0.000 0.890 1.060 0.000 0.890 0.660 0.450 0.389 0.439 0.509 0.779 0.699 0.359 0.000 0.355 0.000
0.265 0.215 0.365 0.425 0.745 0.000 0.918 0.948 0.000 0.457 0.717 0.606 0.496 0.476 0.316 0.776 0.846 0.915 0.295 0.325 0.775 0.625 0.845 0.685 0.745 0.794 0.644 0.294 0.294 0.161 0.000 0.392 0.353 0.483 1.193 0.863 0.663 0.733 0.713 1.003 0.000 0.483 0.091 1.280 0.000 0.870 0.410 0.900 0.000 0.341 0.491 0.270 0.300 0.220 0.550 0.220 0.190 0.720 0.430 0.420 0.370 1.190 0.900 0.910 0.000 0.890 0.780 0.000 0.520 0.420 0.269 0.199 0.639 0.000 0.000 0.001 0.146
