includes/camargue/floodfiles/results/res-0007.wd
ncols         906
nrows         631
xllcorner     362177.146667
yllcorner     6534725.688020
cellsize      20.000000
NODATA_value  -9999.000000
[rows 544 to 577 of 631, columns 308 to 384 of 906]
7.256 7.158 7.059 6.961 6.849 6.680 6.511 6.342 6.173 6.004 5.835 5.666 5.496 5.327 5.158 4.989 4.820 4.651 4.482 4.584 4.706 4.827 4.948 5.070 5.191 5.313 5.434 5.555 5.677 5.798 5.920 6.041 6.162 6.247 6.182 6.117 6.052 5.824 5.587 5.350 5.112 4.875 4.638 4.401 4.164 3.927 3.689 3.489 3.477 3.464 3.452 3.439 3.427 3.415 3.399 3.378 3.356 3.335 3.314 3.293 3.272 3.263 3.257 3.251 3.245 3.239 3.233 3.227 3.221 3.215 3.209 3.203 3.197 3.198 3.194 3.182 3.169
7.306 7.208 7.109 7.011 6.912 6.746 6.577 6.408 6.239 6.070 5.901 5.732 5.563 5.394 5.225 5.056 4.886 4.717 4.535 4.524 4.698 4.872 5.046 5.219 5.393 5.522 5.643 5.765 5.886 6.008 6.129 6.250 6.372 6.493 6.462 6.397 6.196 5.959 5.722 5.484 5.247 5.010 4.773 4.536 4.299 4.062 3.824 3.587 3.534 3.521 3.509 3.497 3.484 3.469 3.448 3.426 3.405 3.384 3.363 3.342 3.321 3.308 3.302 3.296 3.290 3.284 3.278 3.272 3.266 3.260 3.254 3.248 3.249 3.249 3.250 3.237 3.224
7.356 7.258 7.159 7.061 6.963 6.812 6.643 6.474 6.305 6.136 5.967 5.798 5.629 5.460 5.291 5.122 4.953 4.773 4.588 4.431 4.605 4.778 4.952 5.126 5.299 5.473 5.647 5.821 5.994 6.168 6.338 6.460 6.581 6.703 6.741 6.568 6.331 6.094 5.856 5.619 5.382 5.145 4.908 4.671 4.434 4.197 3.959 3.722 3.591 3.578 3.566 3.554 3.539 3.518 3.497 3.476 3.454 3.433 3.412 3.391 3.370 3.352 3.347 3.340 3.335 3.329 3.323 3.317 3.311 3.305 3.299 3.300 3.301 3.301 3.302 3.292 3.279
7.406 7.308 7.210 7.111 7.013 6.879 6.710 6.541 6.372 6.202 6.033 5.864 5.695 5.526 5.357 5.188 5.011 4.826 4.640 4.455 4.511 4.685 4.858 5.032 5.206 5.380 5.553 5.727 5.901 6.075 6.248 6.422 6.596 6.770 6.911 6.691 6.466 6.229 5.991 5.754 5.517 5.280 5.043 4.806 4.569 4.332 4.094 3.857 3.648 3.635 3.623 3.609 3.588 3.567 3.546 3.525 3.503 3.482 3.461 3.440 3.419 3.398 3.391 3.385 3.379 3.374 3.368 3.362 3.356 3.350 3.351 3.352 3.352 3.353 3.354 3.347 3.335
7.457 7.358 7.260 7.161 7.063 6.945 6.776 6.607 6.438 6.269 6.100 5.931 5.762 5.593 5.424 5.249 5.064 4.878 4.693 4.507 4.417 4.591 4.765 4.939 5.112 5.286 5.460 5.634 5.807 5.981 6.155 6.329 6.502 6.669 6.810 6.728 6.508 6.288 6.068 5.848 5.628 5.409 5.178 4.941 4.704 4.467 4.229 3.992 3.755 3.692 3.679 3.658 3.637 3.616 3.595 3.574 3.553 3.531 3.510 3.489 3.468 3.447 3.436 3.430 3.424 3.418 3.412 3.406 3.401 3.402 3.403 3.404 3.404 3.405 3.406 3.403 3.390
7.507 7.408 7.310 7.211 7.113 7.011 6.842 6.673 6.504 6.335 6.166 5.997 5.828 5.659 5.487 5.302 5.116 4.931 4.745 4.560 4.374 4.498 4.671 4.845 5.019 5.193 5.366 5.540 5.714 5.888 6.061 6.235 6.409 6.550 6.691 6.764 6.545 6.325 6.105 5.885 5.665 5.445 5.226 5.006 4.786 4.566 4.346 4.126 3.890 3.749 3.728 3.707 3.686 3.665 3.644 3.623 3.601 3.580 3.559 3.538 3.517 3.496 3.481 3.475 3.469 3.463 3.457 3.453 3.453 3.454 3.455 3.455 3.456 3.457 3.458 3.458 3.445
7.557 7.458 7.360 7.261 7.163 7.064 6.909 6.740 6.570 6.401 6.232 6.063 5.894 5.725 5.540 5.354 5.169 4.983 4.798 4.612 4.427 4.404 4.578 4.752 4.925 5.099 5.273 5.446 5.620 5.794 5.968 6.141 6.290 6.432 6.573 6.714 6.581 6.362 6.142 5.922 5.702 5.482 5.262 5.043 4.823 4.603 4.383 4.163 3.943 3.796 3.776 3.755 3.735 3.714 3.693 3.672 3.650 3.629 3.608 3.587 3.566 3.545 3.526 3.520 3.514 3.508 3.504 3.504 3.505 3.506 3.507 3.507 3.508 3.509 3.509 3.510 3.500
7.607 7.508 7.410 7.311 7.213 7.114 6.975 6.806 6.637 6.468 6.299 6.130 5.961 5.778 5.592 5.407 5.221 5.036 4.850 4.665 4.479 4.310 4.484 4.658 4.832 5.005 5.179 5.353 5.527 5.700 5.874 6.030 6.172 6.313 6.454 6.595 6.618 6.398 6.179 5.959 5.739 5.519 5.299 5.079 4.859 4.640 4.420 4.200 4.024 3.880 3.822 3.802 3.782 3.761 3.741 3.720 3.699 3.678 3.657 3.636 3.615 3.594 3.573 3.565 3.559 3.555 3.556 3.556 3.557 3.558 3.558 3.559 3.560 3.561 3.561 3.562 3.556
7.657 7.558 7.460 7.361 7.263 7.165 7.041 6.872 6.703 6.534 6.365 6.196 6.015 5.830 5.645 5.459 5.274 5.088 4.903 4.717 4.532 4.346 4.391 4.564 4.738 4.912 5.086 5.259 5.433 5.607 5.771 5.912 6.053 6.194 6.335 6.477 6.618 6.435 6.215 5.996 5.776 5.556 5.336 5.116 4.896 4.676 4.457 4.260 4.116 3.971 3.869 3.848 3.828 3.808 3.787 3.767 3.746 3.726 3.706 3.685 3.664 3.643 3.622 3.610 3.606 3.607 3.607 3.608 3.609 3.610 3.610 3.611 3.612 3.612 3.613 3.614 3.611
7.707 7.608 7.510 7.412 7.313 7.215 7.108 6.939 6.769 6.600 6.431 6.253 6.068 5.883 5.697 5.512 5.326 5.141 4.955 4.770 4.584 4.399 4.297 4.471 4.645 4.818 4.992 5.166 5.340 5.511 5.652 5.793 5.934 6.076 6.217 6.358 6.499 6.472 6.252 6.032 5.813 5.593 5.373 5.153 4.933 4.713 4.496 4.352 4.208 4.063 3.919 3.895 3.875 3.854 3.834 3.813 3.793 3.773 3.752 3.732 3.711 3.691 3.670 3.657 3.658 3.658 3.659 3.660 3.661 3.661 3.662 3.663 3.664 3.664 3.665 3.666 3.666
7.757 7.659 7.560 7.462 7.363 7.265 7.166 7.005 6.836 6.667 6.491 6.306 6.121 5.935 5.750 5.564 5.379 5.193 5.008 4.822 4.637 4.451 4.266 4.377 4.551 4.725 4.899 5.072 5.246 5.392 5.533 5.675 5.816 5.957 6.098 6.239 6.381 6.509 6.289 6.069 5.849 5.630 5.410 5.190 4.970 4.750 4.588 4.444 4.300 4.155 4.011 3.941 3.921 3.901 3.880 3.860 3.839 3.819 3.799 3.778 3.758 3.737 3.694 3.641 3.667 3.692 3.711 3.712 3.712 3.713 3.714 3.715 3.715 3.716 3.717 3.718 3.718
7.579 7.593 7.607 7.512 7.413 7.315 7.216 7.071 6.902 6.729 6.544 6.359 6.173 5.988 5.802 5.617 5.431 5.246 5.060 4.875 4.690 4.504 4.319 4.284 4.458 4.631 4.805 4.979 5.132 5.273 5.415 5.556 5.697 5.838 5.980 6.121 6.262 6.403 6.326 6.106 5.886 5.666 5.447 5.227 5.007 4.825 4.680 4.536 4.392 4.247 4.103 3.988 3.967 3.947 3.927 3.906 3.886 3.865 3.845 3.825 3.804 3.756 3.688 3.621 3.646 3.671 3.697 3.722 3.748 3.765 3.766 3.766 3.767 3.768 3.769 3.769 3.770
7.388 7.402 7.417 7.431 7.446 7.365 7.266 7.138 6.967 6.782 6.596 6.411 6.226 6.040 5.855 5.669 5.484 5.298 5.113 4.928 4.742 4.557 4.371 4.190 4.364 4.538 4.712 4.872 5.014 5.155 5.296 5.437 5.578 5.720 5.861 6.002 6.143 6.285 6.363 6.143 5.923 5.703 5.483 5.264 5.061 4.916 4.772 4.628 4.484 4.339 4.195 4.050 4.014 3.994 3.973 3.953 3.932 3.912 3.892 3.871 3.817 3.749 3.681 3.614 3.625 3.651 3.676 3.702 3.727 3.752 3.778 3.803 3.819 3.820 3.820 3.821 3.822
7.197 7.212 7.226 7.240 7.255 7.269 7.284 7.204 7.020 6.834 6.649 6.464 6.278 6.093 5.907 5.722 5.536 5.351 5.165 4.980 4.795 4.609 4.424 4.238 4.271 4.444 4.613 4.754 4.895 5.036 5.177 5.319 5.460 5.601 5.742 5.883 6.025 6.166 6.307 6.180 5.960 5.740 5.520 5.301 5.153 5.008 4.864 4.720 4.575 4.431 4.287 4.142 4.060 4.040 4.020 3.999 3.979 3.958 3.938 3.878 3.811 3.743 3.675 3.607 3.604 3.630 3.655 3.681 3.706 3.732 3.757 3.782 3.808 3.833 3.859 3.873 3.874
7.006 7.021 7.035 7.050 7.064 7.078 7.120 7.188 7.079 6.892 6.706 6.519 6.333 6.146 5.960 5.774 5.589 5.404 5.218 5.033 4.847 4.662 4.476 4.291 4.177 4.351 4.494 4.635 4.776 4.918 5.059 5.200 5.341 5.482 5.624 5.765 5.906 6.047 6.188 6.217 5.997 5.777 5.557 5.389 5.245 5.100 4.956 4.812 4.667 4.523 4.379 4.234 4.107 4.086 4.066 4.046 4.025 4.005 3.940 3.872 3.804 3.737 3.669 3.601 3.584 3.609 3.635 3.660 3.685 3.711 3.736 3.762 3.787 3.813 3.838 3.863 3.889
6.816 6.830 6.844 6.859 6.888 6.962 7.036 7.099 7.141 6.954 6.768 6.581 6.395 6.209 6.022 5.836 5.649 5.463 5.276 5.090 4.903 4.717 4.530 4.344 4.158 4.234 4.375 4.517 4.658 4.799 4.940 5.081 5.223 5.364 5.505 5.646 5.787 5.929 6.070 6.211 6.034 5.814 5.625 5.481 5.336 5.192 5.048 4.904 4.759 4.615 4.471 4.326 4.182 4.133 4.112 4.092 4.069 4.001 3.933 3.866 3.798 3.730 3.663 3.595 3.563 3.588 3.614 3.639 3.665 3.690 3.715 3.741 3.766 3.792 3.817 3.843 3.872
6.625 6.639 6.657 6.731 6.804 6.878 6.952 7.011 7.065 7.017 6.830 6.644 6.457 6.271 6.084 5.898 5.711 5.525 5.339 5.152 4.966 4.779 4.593 4.406 4.296 4.333 4.440 4.547 4.654 4.761 4.868 4.975 5.104 5.245 5.386 5.528 5.669 5.810 5.951 6.092 6.071 5.861 5.717 5.573 5.428 5.284 5.140 4.995 4.851 4.707 4.562 4.418 4.274 4.179 4.159 4.130 4.062 3.995 3.927 3.859 3.792 3.724 3.656 3.588 3.542 3.568 3.593 3.618 3.644 3.669 3.695 3.720 3.745 3.771 3.796 3.834 3.893
6.434 6.499 6.573 6.647 6.720 6.794 6.868 6.922 6.977 7.032 6.893 6.706 6.520 6.333 6.147 5.960 5.774 5.587 5.401 5.214 5.028 4.841 4.655 4.488 4.488 4.488 4.583 4.690 4.797 4.904 5.011 5.118 5.225 5.332 5.439 5.546 5.653 5.760 5.867 5.974 6.107 5.953 5.809 5.664 5.520 5.376 5.232 5.087 4.943 4.799 4.654 4.510 4.366 4.226 4.191 4.124 4.056 3.988 3.921 3.853 3.785 3.718 3.650 3.582 3.521 3.547 3.572 3.598 3.623 3.648 3.674 3.699 3.725 3.750 3.795 3.855 3.914
6.341 6.415 6.489 6.563 6.637 6.710 6.779 6.834 6.889 6.943 6.955 6.768 6.582 6.395 6.209 6.023 5.836 5.650 5.463 5.277 5.090 4.904 4.717 4.680 4.680 4.679 4.726 4.833 4.940 5.047 5.154 5.261 5.368 5.475 5.582 5.689 5.796 5.903 6.010 6.117 6.075 5.927 5.786 5.646 5.505 5.365 5.225 5.084 4.944 4.804 4.663 4.523 4.382 4.242 4.184 4.117 4.050 3.982 3.914 3.847 3.779 3.711 3.643 3.576 3.508 3.526 3.551 3.577 3.602 3.628 3.653 3.678 3.704 3.757 3.816 3.875 3.934
6.257 6.331 6.405 6.479 6.553 6.626 6.691 6.745 6.800 6.855 6.909 6.831 6.644 6.458 6.271 6.085 5.898 5.712 5.526 5.339 5.153 4.966 4.871 4.871 4.871 4.871 4.871 4.977 5.084 5.191 5.298 5.405 5.512 5.619 5.726 5.833 5.940 6.047 6.153 6.190 6.035 5.880 5.737 5.597 5.456 5.316 5.176 5.035 4.895 4.754 4.614 4.474 4.333 4.213 4.156 4.100 4.043 3.975 3.908 3.840 3.772 3.705 3.637 3.569 3.502 3.505 3.531 3.556 3.581 3.607 3.632 3.659 3.718 3.778 3.837 3.896 3.955
6.174 6.247 6.321 6.395 6.469 6.543 6.602 6.657 6.712 6.766 6.821 6.876 6.707 6.520 6.334 6.147 5.961 5.774 5.588 5.401 5.215 5.063 5.063 5.063 5.063 5.063 5.063 5.120 5.227 5.334 5.441 5.548 5.655 5.762 5.869 5.976 6.083 6.190 6.297 6.149 5.995 5.840 5.688 5.548 5.407 5.267 5.126 4.986 4.846 4.705 4.565 4.424 4.284 4.185 4.129 4.072 4.016 3.960 3.901 3.834 3.766 3.698 3.631 3.563 3.495 3.484 3.510 3.535 3.561 3.586 3.621 3.680 3.739 3.798 3.857 3.916 3.976
6.090 6.163 6.237 6.311 6.385 6.459 6.514 6.568 6.623 6.678 6.732 6.787 6.769 6.583 6.396 6.210 6.023 5.837 5.650 5.464 5.277 5.255 5.255 5.255 5.255 5.254 5.254 5.263 5.370 5.477 5.584 5.691 5.798 5.905 6.012 6.119 6.226 6.333 6.264 6.109 5.954 5.800 5.645 5.498 5.358 5.218 5.077 4.937 4.797 4.656 4.516 4.375 4.235 4.157 4.101 4.045 3.988 3.932 3.876 3.820 3.760 3.692 3.624 3.556 3.489 3.463 3.489 3.514 3.540 3.582 3.641 3.701 3.760 3.819 3.878 3.937 3.996
6.006 6.079 6.153 6.227 6.301 6.371 6.425 6.480 6.535 6.589 6.644 6.699 6.753 6.645 6.458 6.272 6.085 5.899 5.713 5.526 5.447 5.447 5.447 5.446 5.446 5.446 5.446 5.446 5.513 5.620 5.727 5.834 5.941 6.048 6.155 6.262 6.369 6.378 6.224 6.069 5.914 5.759 5.605 5.450 5.309 5.169 5.028 4.888 4.747 4.607 4.467 4.326 4.186 4.129 4.073 4.017 3.961 3.904 3.848 3.792 3.736 3.679 3.618 3.550 3.482 3.443 3.468 3.493 3.544 3.603 3.662 3.721 3.780 3.839 3.899 3.958 4.017
5.922 5.996 6.069 6.143 6.217 6.282 6.337 6.391 6.446 6.501 6.555 6.610 6.665 6.707 6.521 6.334 6.148 5.961 5.775 5.639 5.639 5.638 5.638 5.638 5.638 5.638 5.638 5.637 5.656 5.763 5.870 5.977 6.084 6.191 6.298 6.405 6.493 6.338 6.183 6.029 5.874 5.719 5.565 5.410 5.260 5.119 4.979 4.839 4.698 4.558 4.417 4.277 4.158 4.102 4.045 3.989 3.933 3.877 3.821 3.764 3.708 3.652 3.595 3.539 3.476 3.422 3.447 3.505 3.564 3.623 3.683 3.742 3.801 3.860 3.919 3.978 4.038
5.838 5.912 5.986 6.059 6.133 6.194 6.248 6.303 6.358 6.412 6.467 6.522 6.576 6.631 6.583 6.397 6.210 6.024 5.837 5.830 5.830 5.830 5.830 5.830 5.830 5.829 5.829 5.829 5.829 5.907 6.014 6.121 6.228 6.335 6.442 6.549 6.452 6.298 6.143 5.988 5.834 5.679 5.524 5.369 5.215 5.070 4.930 4.789 4.649 4.509 4.368 4.228 4.130 4.074 4.018 3.962 3.905 3.849 3.793 3.737 3.680 3.624 3.568 3.511 3.455 3.441 3.466 3.526 3.585 3.644 3.703 3.762 3.822 3.881 3.940 3.999 4.058
5.754 5.828 5.902 5.975 6.049 6.105 6.160 6.215 6.269 6.324 6.379 6.433 6.488 6.543 6.597 6.459 6.273 6.086 6.022 6.022 6.022 6.022 6.022 6.021 6.021 6.021 6.021 6.021 6.021 6.050 6.157 6.264 6.371 6.478 6.585 6.567 6.412 6.257 6.103 5.948 5.793 5.639 5.484 5.329 5.174 5.021 4.881 4.740 4.600 4.460 4.319 4.179 4.103 4.046 3.990 3.934 3.878 3.821 3.765 3.709 3.653 3.596 3.540 3.504 3.597 3.690 3.655 3.608 3.605 3.664 3.724 3.783 3.842 3.901 3.960 4.020 4.079
5.756 5.774 5.818 5.892 5.962 6.017 6.072 6.126 6.181 6.236 6.290 6.345 6.399 6.454 6.509 6.521 6.335 6.214 6.214 6.214 6.214 6.213 6.213 6.213 6.213 6.213 6.213 6.212 6.212 6.212 6.300 6.407 6.514 6.621 6.681 6.527 6.372 6.217 6.063 5.908 5.753 5.598 5.444 5.289 5.134 4.979 4.832 4.691 4.551 4.410 4.270 4.131 4.075 4.019 3.962 3.906 3.850 3.794 3.737 3.681 3.625 3.569 3.661 3.754 3.847 3.939 3.916 3.869 3.823 3.776 3.744 3.803 3.863 3.922 3.981 4.040 4.100
5.776 5.795 5.814 5.833 5.874 5.928 5.983 6.038 6.092 6.147 6.202 6.256 6.311 6.366 6.420 6.475 6.406 6.406 6.406 6.406 6.405 6.405 6.405 6.405 6.405 6.405 6.404 6.404 6.404 6.404 6.443 6.550 6.657 6.764 6.641 6.486 6.332 6.177 6.022 5.868 5.713 5.558 5.403 5.249 5.094 4.939 4.785 4.642 4.502 4.361 4.221 4.103 4.047 3.991 3.935 3.878 3.822 3.766 3.710 3.653 3.724 3.817 3.910 4.003 4.096 4.189 4.177 4.130 4.084 4.037 3.990 3.944 3.897 3.943 4.002 4.061 4.120
5.797 5.816 5.835 5.832 5.797 5.851 5.906 5.960 6.014 6.069 6.123 6.177 6.232 6.286 6.340 6.395 6.555 6.568 6.581 6.594 6.597 6.597 6.597 6.597 6.597 6.596 6.596 6.596 6.596 6.596 6.595 6.694 6.801 6.756 6.601 6.446 6.292 6.137 5.982 5.827 5.673 5.518 5.363 5.209 5.054 4.899 4.744 4.593 4.453 4.312 4.172 4.076 4.019 3.963 3.907 3.851 3.795 3.738 3.788 3.881 3.973 4.066 4.159 4.252 4.345 4.438 4.438 4.391 4.345 4.298 4.251 4.205 4.158 4.111 4.065 4.082 4.141
5.818 5.837 5.832 5.792 5.752 5.776 5.830 5.884 5.939 5.993 6.047 6.102 6.156 6.210 6.265 6.399 6.612 6.684 6.697 6.710 6.723 6.736 6.749 6.761 6.774 6.787 6.788 6.788 6.787 6.787 6.787 6.837 6.870 6.715 6.561 6.406 6.251 6.097 5.942 5.787 5.632 5.478 5.323 5.168 5.014 4.859 4.704 4.549 4.403 4.263 4.123 4.048 3.992 3.936 3.879 3.823 3.851 3.944 4.037 4.130 4.223 4.316 4.408 4.501 4.594 4.687 4.699 4.652 4.605 4.559 4.512 4.466 4.419 4.372 4.326 4.279 4.232
5.839 5.833 5.793 5.753 5.713 5.700 5.754 5.809 5.863 5.917 5.972 6.026 6.080 6.135 6.226 6.440 6.653 6.800 6.813 6.826 6.839 6.852 6.865 6.878 6.891 6.904 6.916 6.929 6.942 6.955 6.968 6.980 6.830 6.675 6.520 6.366 6.211 6.056 5.902 5.747 5.592 5.438 5.283 5.128 4.973 4.819 4.664 4.509 4.354 4.214 4.077 4.020 3.964 3.908 3.914 4.007 4.100 4.193 4.286 4.379 4.472 4.565 4.658 4.751 4.844 4.937 4.960 4.913 4.866 4.820 4.773 4.727 4.680 4.633 4.587 4.540 4.493
5.833 5.793 5.753 5.713 5.673 5.633 5.679 5.733 5.787 5.842 5.896 5.950 6.005 6.059 6.268 6.481 6.695 6.908 6.929 6.942 6.955 6.968 6.981 6.994 7.007 7.020 7.033 7.045 7.058 7.071 7.084 6.974 6.826 6.666 6.506 6.346 6.187 6.027 5.867 5.707 5.552 5.397 5.243 5.088 4.933 4.778 4.624 4.469 4.314 4.165 4.049 3.993 3.978 4.071 4.164 4.257 4.350 4.442 4.535 4.628 4.721 4.814 4.907 5.000 5.093 5.186 5.221 5.174 5.128 5.081 5.034 4.988 4.941 4.894 4.848 4.801 4.754
5.794 5.754 5.714 5.674 5.634 5.594 5.603 5.657 5.712 5.766 5.820 5.875 5.929 6.095 6.309 6.522 6.736 6.950 7.046 7.058 7.071 7.084 7.097 7.110 7.123 7.136 7.149 7.162 7.175 7.187 7.083 6.965 6.828 6.668 6.508 6.349 6.189 6.029 5.869 5.709 5.549 5.389 5.229 5.070 4.910 4.750 4.590 4.430 4.274 4.119 4.041 4.134 4.227 4.320 4.413 4.506 4.599 4.692 4.785 4.878 4.971 5.064 5.156 5.249 5.342 5.435 5.482 5.435 5.388 5.342 5.295 5.249 5.202 5.155 5.109 5.062 5.015
5.754 5.714 5.674 5.634 5.594 5.555 5.527 5.581 5.636 5.690 5.744 5.799 5.923 6.137 6.350 6.564 6.777 6.991 7.162 7.175 7.188 7.200 7.213 7.226 7.239 7.252 7.265 7.278 7.291 7.192 7.074 6.955 6.830 6.671 6.511 6.351 6.191 6.031 5.871 5.711 5.551 5.392 5.232 5.072 4.912 4.752 4.592 4.432 4.272 4.129 4.159 4.369 4.476 4.569 4.662 4.755 4.848 4.941 5.034 5.127 5.220 5.313 5.406 5.499 5.592 5.685 5.743 5.696 5.649 5.603 5.556 5.510 5.463 5.416 5.370 5.323 5.277
