includes/camargue/floodfiles/results/res-0007.wd
ncols         906
nrows         631
xllcorner     362177.146667
yllcorner     6534725.688020
cellsize      20.000000
NODATA_value  -9999.000000
[rows 544 to 577 of 631, columns 231 to 307 of 906]
8.626 8.564 8.503 8.442 8.380 8.319 8.257 8.404 8.553 8.701 8.850 8.999 9.147 9.296 9.445 9.593 9.615 9.602 9.641 9.693 9.745 9.757 9.602 9.447 9.292 9.137 8.982 8.827 8.672 8.518 8.570 8.669 8.769 8.868 8.968 8.907 8.747 8.588 8.428 8.269 8.109 7.949 7.896 7.983 8.071 8.158 8.245 8.333 8.420 8.507 8.595 8.682 8.646 8.583 8.519 8.550 8.621 8.693 8.619 8.495 8.372 8.248 8.125 8.001 7.877 7.754 7.630 7.507 7.462 7.485 7.509 7.532 7.555 7.579 7.602 7.625 7.568
8.584 8.608 8.547 8.485 8.424 8.363 8.332 8.481 8.629 8.778 8.927 9.075 9.224 9.373 9.521 9.670 9.819 9.874 9.921 9.816 9.661 9.506 9.352 9.197 9.042 8.887 8.732 8.577 8.422 8.267 8.347 8.446 8.546 8.645 8.745 8.844 8.891 8.731 8.572 8.412 8.253 8.093 8.052 8.140 8.227 8.314 8.401 8.489 8.576 8.663 8.626 8.563 8.499 8.436 8.373 8.407 8.478 8.550 8.621 8.693 8.588 8.465 8.341 8.218 8.094 7.971 7.847 7.723 7.665 7.688 7.711 7.735 7.758 7.781 7.805 7.716 7.618
8.472 8.548 8.590 8.529 8.468 8.406 8.408 8.557 8.706 8.854 9.003 9.152 9.300 9.449 9.598 9.746 9.793 9.796 9.721 9.566 9.411 9.256 9.101 8.946 8.791 8.636 8.481 8.326 8.171 8.024 8.124 8.223 8.323 8.422 8.522 8.621 8.721 8.820 8.715 8.556 8.396 8.237 8.208 8.296 8.383 8.470 8.558 8.645 8.606 8.543 8.479 8.416 8.353 8.290 8.226 8.264 8.335 8.407 8.478 8.550 8.622 8.682 8.558 8.434 8.311 8.187 8.064 7.940 7.867 7.891 7.914 7.937 7.961 7.963 7.865 7.767 7.668
8.359 8.435 8.511 8.573 8.511 8.450 8.485 8.634 8.782 8.931 9.080 9.228 9.374 9.379 9.384 9.389 9.393 9.393 9.383 9.315 9.160 9.005 8.850 8.695 8.540 8.386 8.231 8.076 7.921 7.801 7.901 8.000 8.100 8.199 8.299 8.398 8.498 8.597 8.697 8.700 8.540 8.380 8.365 8.452 8.539 8.627 8.586 8.523 8.459 8.396 8.333 8.269 8.206 8.143 8.080 8.121 8.193 8.264 8.336 8.407 8.479 8.550 8.622 8.651 8.527 8.404 8.280 8.157 8.070 8.093 8.117 8.140 8.112 8.013 7.915 7.817 7.718
8.246 8.322 8.398 8.474 8.550 8.494 8.562 8.710 8.859 8.960 8.965 8.970 8.975 8.980 8.984 8.989 8.994 8.989 8.980 8.971 8.910 8.755 8.600 8.445 8.290 8.135 7.980 7.825 7.670 7.578 7.678 7.778 7.877 7.976 8.076 8.175 8.275 8.374 8.474 8.573 8.673 8.524 8.521 8.608 8.566 8.502 8.439 8.376 8.313 8.249 8.186 8.123 8.060 7.996 7.933 7.978 8.050 8.121 8.193 8.264 8.336 8.407 8.479 8.550 8.622 8.620 8.497 8.373 8.273 8.296 8.319 8.260 8.162 8.064 7.965 7.867 7.768
8.133 8.209 8.286 8.362 8.438 8.514 8.546 8.551 8.556 8.561 8.566 8.570 8.575 8.580 8.585 8.590 8.595 8.586 8.577 8.567 8.558 8.504 8.349 8.194 8.039 7.884 7.729 7.574 7.419 7.356 7.455 7.555 7.654 7.754 7.853 7.953 8.052 8.151 8.251 8.350 8.450 8.549 8.546 8.482 8.419 8.356 8.293 8.229 8.166 8.103 8.040 7.976 7.913 7.850 7.786 7.835 7.907 7.978 8.050 8.122 8.193 8.265 8.336 8.408 8.479 8.551 8.622 8.590 8.475 8.499 8.409 8.311 8.212 8.114 8.015 7.917 7.818
8.021 8.097 8.167 8.156 8.145 8.134 8.146 8.152 8.157 8.161 8.166 8.171 8.176 8.181 8.185 8.190 8.192 8.183 8.174 8.164 8.155 8.146 8.098 7.944 7.789 7.634 7.479 7.324 7.169 7.133 7.232 7.332 7.431 7.531 7.630 7.730 7.829 7.929 8.028 8.128 8.237 8.349 8.364 8.336 8.273 8.209 8.146 8.083 8.020 7.956 7.893 7.830 7.766 7.703 7.640 7.693 7.764 7.836 7.907 7.979 8.050 8.122 8.193 8.265 8.336 8.408 8.479 8.551 8.615 8.558 8.459 8.361 8.262 8.164 8.065 7.967 7.868
7.777 7.766 7.755 7.744 7.733 7.728 7.740 7.751 7.757 7.762 7.767 7.772 7.776 7.781 7.786 7.791 7.789 7.780 7.770 7.761 7.752 7.742 7.733 7.693 7.538 7.383 7.228 7.073 6.918 6.910 7.009 7.109 7.208 7.308 7.407 7.507 7.606 7.706 7.814 7.926 8.038 8.149 8.154 8.143 8.126 8.063 7.999 7.936 7.873 7.810 7.746 7.683 7.620 7.557 7.493 7.550 7.621 7.693 7.764 7.836 7.907 7.979 8.050 8.122 8.194 8.265 8.337 8.383 8.422 8.439 8.454 8.411 8.312 8.214 8.115 8.017 7.918
7.365 7.354 7.343 7.332 7.321 7.323 7.334 7.346 7.357 7.362 7.367 7.372 7.377 7.382 7.386 7.391 7.386 7.376 7.367 7.358 7.348 7.339 7.330 7.320 7.287 7.132 6.977 6.822 6.667 6.687 6.786 6.886 6.985 7.085 7.184 7.284 7.391 7.503 7.615 7.727 7.838 7.950 7.943 7.932 7.921 7.910 7.853 7.790 7.726 7.663 7.600 7.537 7.473 7.410 7.347 7.407 7.479 7.550 7.622 7.693 7.765 7.836 7.908 7.979 8.051 8.114 8.152 8.190 8.229 8.249 8.263 8.278 8.292 8.264 8.165 8.067 7.969
6.953 6.942 6.931 6.920 6.909 6.917 6.928 6.940 6.951 6.963 6.968 6.973 6.977 6.982 6.987 6.992 6.983 6.973 6.964 6.954 6.945 6.936 6.926 6.917 6.908 6.882 6.727 6.572 6.417 6.464 6.563 6.663 6.762 6.862 6.968 7.080 7.192 7.304 7.416 7.528 7.639 7.744 7.733 7.722 7.711 7.699 7.688 7.643 7.580 7.517 7.453 7.390 7.327 7.263 7.200 7.264 7.336 7.407 7.479 7.550 7.622 7.693 7.765 7.836 7.882 7.920 7.959 7.997 8.036 8.058 8.072 8.087 8.101 8.116 8.130 8.117 8.019
6.541 6.530 6.519 6.508 6.499 6.511 6.522 6.534 6.545 6.557 6.568 6.573 6.578 6.583 6.588 6.589 6.579 6.570 6.561 6.551 6.542 6.532 6.523 6.514 6.504 6.495 6.476 6.321 6.166 6.241 6.341 6.440 6.546 6.658 6.769 6.881 6.993 7.105 7.217 7.328 7.440 7.534 7.522 7.511 7.500 7.489 7.478 7.467 7.433 7.370 7.307 7.243 7.180 7.117 7.054 7.121 7.193 7.264 7.336 7.407 7.479 7.551 7.612 7.650 7.689 7.727 7.766 7.804 7.843 7.867 7.882 7.896 7.910 7.925 7.939 7.954 7.968
6.129 6.118 6.107 6.096 6.093 6.105 6.116 6.128 6.139 6.151 6.162 6.174 6.179 6.183 6.188 6.185 6.176 6.167 6.157 6.148 6.139 6.129 6.120 6.110 6.101 6.092 6.082 6.070 5.919 6.018 6.123 6.235 6.347 6.458 6.570 6.682 6.794 6.906 7.017 7.129 7.241 7.323 7.312 7.301 7.290 7.278 7.267 7.256 7.245 7.223 7.160 7.097 7.034 6.970 6.907 6.979 7.050 7.122 7.193 7.265 7.336 7.380 7.419 7.457 7.496 7.534 7.573 7.611 7.649 7.676 7.691 7.705 7.720 7.734 7.748 7.763 7.777
5.717 5.706 5.695 5.684 5.687 5.699 5.711 5.722 5.733 5.745 5.756 5.768 5.779 5.784 5.789 5.782 5.773 5.763 5.754 5.745 5.735 5.726 5.716 5.707 5.698 5.688 5.679 5.673 5.709 5.812 5.924 6.036 6.147 6.259 6.371 6.483 6.595 6.706 6.818 6.930 7.042 7.113 7.101 7.090 7.079 7.068 7.057 7.046 7.034 7.023 7.012 6.950 6.887 6.824 6.764 6.836 6.907 6.979 7.050 7.110 7.149 7.187 7.226 7.264 7.303 7.341 7.379 7.418 7.456 7.485 7.500 7.514 7.529 7.543 7.558 7.572 7.587
5.305 5.294 5.283 5.272 5.282 5.293 5.305 5.316 5.328 5.339 5.350 5.362 5.373 5.384 5.388 5.379 5.370 5.360 5.351 5.341 5.347 5.377 5.406 5.435 5.464 5.493 5.523 5.552 5.607 5.676 5.749 5.836 5.948 6.060 6.172 6.284 6.395 6.507 6.619 6.731 6.843 6.902 6.891 6.880 6.869 6.857 6.846 6.835 6.824 6.813 6.802 6.790 6.740 6.677 6.621 6.693 6.764 6.836 6.879 6.917 6.956 6.994 7.033 7.071 7.110 7.148 7.186 7.225 7.263 7.295 7.309 7.323 7.338 7.352 7.367 7.381 7.396
4.915 4.882 4.871 4.864 4.876 4.887 4.899 4.910 4.922 4.933 4.945 4.956 4.967 4.997 5.051 5.081 5.110 5.139 5.168 5.197 5.227 5.256 5.285 5.314 5.343 5.373 5.402 5.443 5.506 5.572 5.644 5.717 5.789 5.861 5.973 6.084 6.196 6.308 6.420 6.532 6.643 6.691 6.680 6.669 6.658 6.647 6.636 6.625 6.613 6.602 6.591 6.580 6.569 6.530 6.479 6.550 6.609 6.647 6.686 6.724 6.763 6.801 6.839 6.878 6.916 6.955 6.993 7.032 7.070 7.104 7.118 7.133 7.147 7.161 7.176 7.190 7.205
4.560 4.493 4.459 4.458 4.470 4.481 4.493 4.504 4.556 4.620 4.683 4.747 4.811 4.875 4.923 4.960 4.989 5.018 5.047 5.077 5.106 5.135 5.164 5.193 5.223 5.252 5.281 5.342 5.405 5.467 5.540 5.612 5.684 5.757 5.829 5.902 5.997 6.109 6.221 6.332 6.444 6.481 6.470 6.459 6.447 6.436 6.425 6.414 6.403 6.392 6.381 6.369 6.358 6.347 6.336 6.377 6.416 6.454 6.493 6.531 6.569 6.608 6.646 6.685 6.723 6.762 6.800 6.839 6.877 6.913 6.927 6.942 6.956 6.971 6.985 7.000 7.014
4.206 4.139 4.074 4.114 4.178 4.242 4.306 4.370 4.434 4.497 4.561 4.625 4.689 4.748 4.792 4.835 4.868 4.897 4.927 4.956 4.985 5.014 5.043 5.073 5.102 5.131 5.179 5.241 5.304 5.366 5.435 5.507 5.580 5.652 5.725 5.797 5.869 5.942 6.021 6.133 6.245 6.270 6.259 6.248 6.237 6.226 6.215 6.204 6.199 6.203 6.206 6.210 6.214 6.217 6.285 6.266 6.229 6.261 6.300 6.338 6.376 6.415 6.453 6.492 6.530 6.569 6.607 6.645 6.684 6.722 6.737 6.751 6.765 6.780 6.794 6.809 6.823
3.958 3.941 3.930 3.992 4.056 4.120 4.184 4.247 4.311 4.375 4.439 4.502 4.566 4.617 4.661 4.705 4.747 4.777 4.806 4.835 4.864 4.893 4.923 4.952 4.981 5.015 5.078 5.140 5.203 5.265 5.331 5.403 5.475 5.548 5.620 5.693 5.765 5.837 5.910 5.982 6.054 6.072 6.076 6.080 6.083 6.087 6.091 6.094 6.098 6.102 6.105 6.109 6.113 6.152 6.246 6.267 6.229 6.192 6.154 6.145 6.183 6.222 6.260 6.299 6.337 6.375 6.414 6.452 6.491 6.529 6.546 6.560 6.575 6.589 6.603 6.618 6.632
3.808 3.791 3.808 3.871 3.934 3.998 4.061 4.125 4.189 4.253 4.317 4.380 4.443 4.487 4.530 4.574 4.617 4.656 4.685 4.714 4.743 4.773 4.802 4.831 4.860 4.914 4.977 5.039 5.102 5.164 5.227 5.298 5.371 5.443 5.516 5.588 5.660 5.733 5.805 5.877 5.935 5.971 5.975 5.978 5.982 5.986 5.990 5.993 5.997 6.001 6.004 6.008 6.020 6.113 6.207 6.267 6.230 6.192 6.155 6.118 6.080 6.043 6.067 6.105 6.144 6.182 6.221 6.259 6.298 6.336 6.355 6.369 6.384 6.398 6.413 6.427 6.480
3.659 3.642 3.687 3.750 3.812 3.875 3.939 4.003 4.067 4.131 4.194 4.258 4.312 4.356 4.400 4.443 4.487 4.530 4.564 4.593 4.623 4.652 4.681 4.710 4.750 4.813 4.876 4.938 5.001 5.063 5.126 5.194 5.266 5.339 5.411 5.483 5.556 5.628 5.700 5.761 5.812 5.863 5.874 5.877 5.881 5.885 5.889 5.892 5.896 5.900 5.903 5.907 5.981 6.074 6.168 6.262 6.230 6.193 6.156 6.118 6.081 6.043 6.006 5.969 5.951 5.989 6.027 6.066 6.104 6.143 6.164 6.178 6.193 6.207 6.248 6.322 6.396
3.509 3.502 3.565 3.628 3.691 3.754 3.817 3.881 3.945 4.008 4.072 4.136 4.181 4.225 4.269 4.312 4.356 4.400 4.443 4.473 4.502 4.531 4.560 4.589 4.649 4.712 4.775 4.837 4.900 4.962 5.025 5.089 5.162 5.234 5.306 5.379 5.451 5.524 5.586 5.637 5.689 5.740 5.773 5.776 5.780 5.784 5.787 5.791 5.795 5.798 5.802 5.848 5.942 6.035 6.129 6.223 6.231 6.194 6.156 6.119 6.081 6.044 6.007 5.969 5.932 5.894 5.857 5.873 5.911 5.950 5.973 5.988 6.017 6.091 6.164 6.238 6.312
3.360 3.381 3.444 3.507 3.569 3.632 3.695 3.758 3.822 3.886 3.950 4.007 4.051 4.094 4.138 4.182 4.225 4.269 4.312 4.352 4.381 4.410 4.439 4.486 4.549 4.611 4.674 4.736 4.799 4.861 4.924 4.987 5.057 5.130 5.202 5.274 5.347 5.411 5.463 5.514 5.565 5.617 5.668 5.675 5.679 5.683 5.686 5.690 5.694 5.697 5.716 5.809 5.903 5.997 6.090 6.184 6.232 6.194 6.157 6.119 6.082 6.045 6.007 5.970 5.933 5.895 5.858 5.820 5.783 5.756 5.785 5.859 5.933 6.006 6.080 6.154 6.228
3.210 3.259 3.322 3.385 3.448 3.511 3.574 3.636 3.700 3.764 3.827 3.876 3.920 3.964 4.007 4.051 4.094 4.138 4.182 4.225 4.260 4.289 4.322 4.385 4.447 4.510 4.573 4.635 4.698 4.760 4.823 4.886 4.953 5.025 5.097 5.170 5.237 5.288 5.339 5.391 5.442 5.493 5.545 5.574 5.578 5.582 5.585 5.589 5.593 5.596 5.677 5.770 5.864 5.958 6.051 6.145 6.232 6.195 6.157 6.120 6.083 6.045 6.008 5.970 5.933 5.896 5.858 5.821 5.784 5.754 5.752 5.775 5.849 5.922 5.996 6.070 6.144
3.075 3.138 3.201 3.264 3.327 3.389 3.452 3.515 3.578 3.641 3.702 3.746 3.789 3.833 3.876 3.920 3.964 4.007 4.051 4.094 4.138 4.168 4.221 4.284 4.346 4.409 4.472 4.534 4.597 4.659 4.722 4.785 4.848 4.920 4.993 5.062 5.113 5.165 5.216 5.268 5.319 5.370 5.421 5.473 5.477 5.480 5.484 5.488 5.492 5.544 5.638 5.731 5.825 5.919 6.012 6.106 6.200 6.195 6.158 6.121 6.083 6.046 6.008 5.971 5.934 5.896 5.859 5.822 5.795 5.781 5.773 5.791 5.810 5.838 5.912 5.986 6.060
2.954 3.016 3.079 3.142 3.205 3.268 3.331 3.393 3.456 3.519 3.571 3.615 3.659 3.702 3.746 3.789 3.833 3.876 3.920 3.963 4.008 4.061 4.120 4.183 4.245 4.308 4.371 4.433 4.496 4.558 4.621 4.683 4.746 4.816 4.887 4.939 4.990 5.041 5.093 5.144 5.195 5.247 5.298 5.349 5.376 5.379 5.383 5.387 5.411 5.505 5.599 5.692 5.786 5.880 5.973 6.067 6.161 6.196 6.159 6.121 6.084 6.046 6.009 5.972 5.934 5.897 5.860 5.836 5.822 5.808 5.793 5.812 5.831 5.850 5.869 5.902 5.976
2.832 2.895 2.958 3.021 3.084 3.151 3.219 3.287 3.354 3.421 3.461 3.507 3.554 3.600 3.646 3.692 3.738 3.784 3.830 3.876 3.922 4.028 4.097 4.150 4.202 4.255 4.307 4.360 4.413 4.465 4.520 4.582 4.645 4.711 4.764 4.815 4.867 4.918 4.970 5.021 5.072 5.123 5.175 5.226 5.275 5.278 5.282 5.286 5.372 5.466 5.560 5.653 5.747 5.841 5.934 6.028 6.122 6.197 6.159 6.122 6.084 6.047 6.010 5.972 5.935 5.898 5.877 5.863 5.849 5.835 5.820 5.833 5.852 5.871 5.890 5.908 5.927
2.750 2.818 2.886 2.954 3.022 3.090 3.158 3.226 3.294 3.344 3.377 3.421 3.467 3.514 3.560 3.606 3.652 3.698 3.744 3.790 3.867 3.982 4.080 4.133 4.186 4.238 4.291 4.343 4.396 4.448 4.501 4.554 4.606 4.618 4.660 4.703 4.745 4.795 4.846 4.898 4.949 5.000 5.051 5.103 5.154 5.177 5.181 5.240 5.334 5.427 5.521 5.615 5.708 5.802 5.895 5.989 6.083 6.176 6.160 6.122 6.085 6.048 6.010 5.973 5.935 5.918 5.904 5.890 5.876 5.861 5.847 5.854 5.873 5.891 5.910 5.929 5.948
2.690 2.758 2.826 2.894 2.962 3.030 3.098 3.166 3.233 3.266 3.300 3.335 3.381 3.427 3.473 3.519 3.566 3.612 3.658 3.705 3.820 3.936 4.051 4.116 4.169 4.221 4.274 4.327 4.379 4.432 4.484 4.537 4.561 4.557 4.584 4.627 4.669 4.712 4.754 4.796 4.839 4.881 4.928 4.979 5.031 5.076 5.107 5.201 5.295 5.388 5.482 5.576 5.669 5.763 5.857 5.950 6.044 6.137 6.160 6.123 6.086 6.048 6.011 5.974 5.959 5.945 5.931 5.917 5.902 5.888 5.874 5.875 5.893 5.912 5.931 5.950 5.969
2.643 2.697 2.766 2.834 2.902 2.970 3.038 3.106 3.156 3.189 3.222 3.255 3.295 3.341 3.387 3.433 3.479 3.525 3.571 3.658 3.774 3.889 4.004 4.099 4.152 4.205 4.257 4.310 4.362 4.415 4.468 4.504 4.500 4.497 4.508 4.551 4.593 4.636 4.678 4.720 4.763 4.805 4.847 4.890 4.932 4.974 5.063 5.162 5.256 5.349 5.443 5.537 5.630 5.724 5.818 5.911 6.005 6.099 6.161 6.124 6.086 6.049 6.015 6.000 5.986 5.972 5.958 5.943 5.929 5.915 5.901 5.895 5.914 5.933 5.952 5.971 5.989
2.604 2.637 2.705 2.773 2.841 2.909 2.977 3.045 3.078 3.111 3.145 3.178 3.211 3.255 3.301 3.347 3.393 3.439 3.497 3.612 3.727 3.843 3.958 4.073 4.135 4.188 4.241 4.293 4.346 4.398 4.448 4.444 4.440 4.437 4.433 4.475 4.517 4.560 4.602 4.644 4.687 4.729 4.771 4.814 4.856 4.899 4.968 5.075 5.182 5.288 5.395 5.498 5.592 5.685 5.779 5.872 5.966 6.060 6.153 6.124 6.087 6.056 6.041 6.027 6.013 5.999 5.984 5.970 5.956 5.942 5.927 5.916 5.935 5.954 5.972 5.991 6.010
2.565 2.593 2.645 2.713 2.781 2.849 2.917 2.967 3.001 3.034 3.067 3.101 3.134 3.168 3.215 3.261 3.307 3.353 3.450 3.565 3.681 3.796 3.912 4.027 4.119 4.171 4.224 4.276 4.329 4.382 4.388 4.384 4.380 4.376 4.373 4.399 4.441 4.484 4.526 4.568 4.611 4.653 4.695 4.738 4.780 4.823 4.874 4.981 5.087 5.194 5.301 5.407 5.514 5.621 5.727 5.833 5.927 6.021 6.114 6.125 6.097 6.082 6.068 6.054 6.040 6.025 6.011 5.997 5.983 5.968 5.954 5.940 5.955 5.974 5.993 6.012 6.031
2.526 2.554 2.584 2.653 2.721 2.789 2.857 2.890 2.923 2.957 2.990 3.023 3.056 3.089 3.128 3.174 3.220 3.288 3.404 3.519 3.634 3.750 3.865 3.981 4.096 4.154 4.207 4.260 4.312 4.331 4.327 4.324 4.320 4.316 4.313 4.323 4.365 4.408 4.450 4.492 4.535 4.577 4.619 4.662 4.704 4.747 4.790 4.886 4.993 5.100 5.206 5.313 5.420 5.526 5.633 5.740 5.846 5.953 6.060 6.135 6.123 6.109 6.095 6.081 6.066 6.052 6.038 6.024 6.009 5.995 5.981 5.967 5.976 5.995 6.014 6.033 6.052
2.487 2.515 2.544 2.592 2.660 2.728 2.779 2.812 2.846 2.879 2.912 2.946 2.979 3.012 3.045 3.088 3.134 3.242 3.357 3.473 3.588 3.703 3.819 3.934 4.049 4.138 4.190 4.243 4.275 4.271 4.267 4.264 4.260 4.256 4.253 4.249 4.289 4.332 4.374 4.416 4.459 4.501 4.544 4.586 4.629 4.671 4.714 4.792 4.899 5.005 5.112 5.219 5.325 5.432 5.539 5.645 5.752 5.859 5.940 5.993 6.035 6.077 6.119 6.107 6.093 6.079 6.065 6.050 6.036 6.022 6.008 5.994 5.997 6.016 6.035 6.053 6.044
2.448 2.476 2.505 2.533 2.600 2.668 2.701 2.735 2.768 2.802 2.835 2.868 2.901 2.935 2.968 3.002 3.080 3.195 3.311 3.426 3.541 3.657 3.772 3.888 4.003 4.118 4.174 4.218 4.215 4.211 4.207 4.203 4.200 4.196 4.192 4.189 4.213 4.256 4.298 4.340 4.383 4.425 4.468 4.510 4.553 4.596 4.638 4.698 4.804 4.911 5.018 5.124 5.231 5.338 5.444 5.551 5.658 5.740 5.794 5.848 5.893 5.935 5.977 6.019 6.061 6.103 6.092 6.077 6.063 6.049 6.035 6.020 6.018 6.037 6.055 6.044 6.004
