includes/camargue/floodfiles/results/res-0014.wd
ncols         906
nrows         631
xllcorner     362177.146667
yllcorner     6534725.688020
cellsize      20.000000
NODATA_value  -9999.000000
[rows 578 to 611 of 631, columns 616 to 692 of 906]
8.512 8.535 8.574 8.646 8.718 8.790 8.862 8.934 8.984 9.031 9.079 9.126 9.174 9.221 9.269 9.301 9.323 9.346 9.368 9.391 9.413 9.436 9.458 9.481 9.503 9.526 9.540 9.564 9.611 9.659 9.710 9.765 9.820 9.875 9.929 9.984 10.039 10.093 10.148 10.208 10.275 10.342 10.409 10.469 10.516 10.564 10.612 10.659 10.707 10.754 10.802 10.836 10.870 10.904 10.938 10.971 11.005 11.039 11.073 11.107 11.136 11.157 11.178 11.202 11.229 11.256 11.274 11.266 11.259 11.251 11.244 11.236 11.228 11.221 11.213 11.206 11.209
8.572 8.594 8.625 8.697 8.769 8.841 8.912 8.959 9.007 9.054 9.101 9.149 9.196 9.244 9.291 9.328 9.350 9.373 9.395 9.418 9.440 9.463 9.485 9.508 9.530 9.543 9.553 9.569 9.617 9.665 9.712 9.760 9.808 9.858 9.913 9.967 10.022 10.077 10.132 10.190 10.257 10.324 10.380 10.428 10.475 10.523 10.571 10.618 10.666 10.713 10.761 10.798 10.832 10.865 10.899 10.933 10.967 11.001 11.035 11.061 11.082 11.103 11.124 11.148 11.175 11.202 11.229 11.256 11.253 11.246 11.238 11.231 11.223 11.216 11.208 11.202 11.205
8.631 8.654 8.677 8.748 8.820 8.887 8.934 8.982 9.029 9.077 9.124 9.171 9.219 9.266 9.314 9.355 9.378 9.400 9.423 9.445 9.468 9.490 9.513 9.535 9.546 9.556 9.566 9.576 9.622 9.670 9.718 9.765 9.813 9.861 9.909 9.956 10.006 10.060 10.115 10.171 10.238 10.291 10.339 10.386 10.434 10.482 10.529 10.577 10.625 10.672 10.720 10.759 10.793 10.827 10.861 10.895 10.929 10.962 10.985 11.007 11.028 11.049 11.070 11.094 11.121 11.148 11.175 11.201 11.228 11.241 11.233 11.226 11.218 11.210 11.203 11.199 11.202
8.691 8.714 8.736 8.799 8.862 8.910 8.957 9.004 9.052 9.099 9.147 9.194 9.242 9.289 9.336 9.382 9.405 9.428 9.450 9.472 9.495 9.517 9.539 9.549 9.559 9.569 9.579 9.589 9.628 9.675 9.723 9.771 9.819 9.866 9.914 9.962 10.010 10.057 10.105 10.153 10.202 10.250 10.298 10.345 10.393 10.441 10.488 10.536 10.583 10.631 10.679 10.721 10.755 10.788 10.822 10.856 10.889 10.910 10.931 10.953 10.974 10.995 11.016 11.040 11.067 11.094 11.120 11.147 11.174 11.201 11.228 11.220 11.213 11.205 11.198 11.195 11.198
8.757 8.777 8.797 8.837 8.885 8.932 8.980 9.027 9.074 9.122 9.169 9.217 9.264 9.312 9.359 9.406 9.432 9.455 9.477 9.500 9.522 9.542 9.552 9.562 9.572 9.582 9.592 9.602 9.633 9.681 9.729 9.776 9.824 9.872 9.919 9.967 10.015 10.063 10.110 10.096 10.136 10.195 10.254 10.304 10.352 10.399 10.447 10.495 10.542 10.590 10.637 10.682 10.716 10.750 10.784 10.814 10.835 10.856 10.877 10.898 10.920 10.941 10.962 10.986 11.013 11.039 11.066 11.093 11.120 11.147 11.174 11.201 11.208 11.200 11.193 11.192 11.195
8.826 8.846 8.847 8.862 8.909 8.955 9.002 9.050 9.097 9.144 9.192 9.239 9.287 9.334 9.381 9.429 9.459 9.482 9.504 9.527 9.545 9.556 9.566 9.575 9.585 9.595 9.605 9.615 9.638 9.686 9.734 9.782 9.829 9.877 9.925 9.973 10.020 10.061 10.047 10.032 10.056 10.115 10.174 10.234 10.293 10.352 10.406 10.453 10.501 10.549 10.596 10.644 10.678 10.712 10.739 10.760 10.781 10.802 10.823 10.844 10.866 10.887 10.908 10.932 10.959 10.985 11.012 11.039 11.066 11.093 11.120 11.147 11.173 11.195 11.187 11.188 11.191
8.895 8.893 8.884 8.889 8.935 8.981 9.028 9.074 9.120 9.167 9.214 9.262 9.309 9.357 9.404 9.452 9.487 9.509 9.532 9.549 9.559 9.569 9.579 9.589 9.599 9.608 9.618 9.629 9.644 9.692 9.739 9.787 9.835 9.883 9.930 9.978 10.013 9.998 9.983 9.968 9.977 10.036 10.095 10.154 10.213 10.272 10.331 10.391 10.450 10.508 10.555 10.603 10.639 10.664 10.685 10.706 10.727 10.748 10.769 10.790 10.811 10.833 10.854 10.878 10.904 10.931 10.958 10.985 11.012 11.039 11.066 11.092 11.119 11.146 11.172 11.164 11.152
8.939 8.930 8.922 8.915 8.961 9.007 9.054 9.100 9.146 9.193 9.239 9.285 9.332 9.379 9.427 9.474 9.514 9.537 9.552 9.562 9.572 9.582 9.592 9.602 9.612 9.622 9.632 9.642 9.652 9.697 9.745 9.792 9.840 9.888 9.936 9.964 9.949 9.934 9.919 9.905 9.897 9.956 10.016 10.075 10.134 10.193 10.252 10.311 10.370 10.429 10.488 10.548 10.588 10.610 10.631 10.652 10.673 10.694 10.715 10.736 10.757 10.779 10.800 10.823 10.850 10.877 10.904 10.931 10.958 10.985 11.012 11.038 11.064 11.087 11.107 11.113 11.108
8.976 8.968 8.959 8.951 8.987 9.033 9.080 9.126 9.172 9.219 9.265 9.311 9.358 9.404 9.450 9.497 9.541 9.555 9.565 9.575 9.585 9.595 9.605 9.615 9.625 9.635 9.645 9.655 9.665 9.702 9.750 9.798 9.846 9.893 9.915 9.900 9.885 9.871 9.856 9.841 9.826 9.877 9.936 9.995 10.054 10.114 10.173 10.232 10.291 10.350 10.408 10.446 10.486 10.527 10.567 10.598 10.619 10.640 10.661 10.682 10.703 10.725 10.746 10.769 10.796 10.823 10.850 10.877 10.904 10.931 10.956 10.979 11.002 11.025 11.043 11.049 11.055
9.014 9.005 8.997 8.988 9.013 9.060 9.106 9.152 9.198 9.245 9.291 9.337 9.384 9.430 9.476 9.523 9.555 9.567 9.578 9.588 9.598 9.608 9.618 9.628 9.638 9.648 9.658 9.668 9.678 9.708 9.756 9.803 9.851 9.866 9.851 9.836 9.822 9.807 9.792 9.778 9.763 9.798 9.857 9.916 9.975 10.034 10.093 10.152 10.211 10.267 10.305 10.344 10.383 10.424 10.465 10.505 10.546 10.586 10.607 10.628 10.649 10.671 10.692 10.715 10.742 10.769 10.796 10.823 10.847 10.871 10.894 10.917 10.940 10.963 10.978 10.984 10.990
9.051 9.043 9.034 9.026 9.039 9.086 9.132 9.178 9.225 9.271 9.317 9.364 9.410 9.456 9.503 9.534 9.562 9.579 9.589 9.600 9.610 9.621 9.631 9.641 9.651 9.661 9.671 9.681 9.691 9.713 9.761 9.809 9.817 9.802 9.787 9.773 9.758 9.743 9.729 9.714 9.699 9.718 9.777 9.836 9.896 9.955 10.014 10.073 10.126 10.164 10.203 10.241 10.280 10.321 10.362 10.403 10.444 10.484 10.525 10.566 10.595 10.616 10.638 10.661 10.688 10.715 10.739 10.762 10.786 10.809 10.832 10.855 10.878 10.901 10.913 10.919 10.925
9.089 9.080 9.072 9.063 9.065 9.112 9.158 9.204 9.251 9.297 9.343 9.390 9.436 9.482 9.512 9.541 9.569 9.590 9.601 9.611 9.622 9.632 9.643 9.653 9.663 9.674 9.684 9.694 9.704 9.719 9.766 9.768 9.753 9.739 9.724 9.709 9.694 9.680 9.665 9.650 9.636 9.639 9.698 9.757 9.816 9.875 9.934 9.985 10.023 10.062 10.100 10.139 10.178 10.218 10.259 10.300 10.341 10.382 10.422 10.463 10.504 10.545 10.584 10.607 10.631 10.654 10.677 10.700 10.724 10.747 10.770 10.793 10.816 10.840 10.848 10.854 10.860
9.126 9.118 9.109 9.101 9.092 9.138 9.184 9.231 9.277 9.323 9.369 9.416 9.462 9.490 9.519 9.548 9.577 9.602 9.612 9.623 9.633 9.644 9.654 9.664 9.675 9.685 9.696 9.706 9.717 9.727 9.719 9.704 9.690 9.675 9.660 9.646 9.631 9.616 9.601 9.587 9.572 9.559 9.619 9.678 9.737 9.796 9.844 9.882 9.921 9.960 9.998 10.037 10.075 10.116 10.157 10.197 10.238 10.279 10.320 10.361 10.401 10.442 10.480 10.524 10.569 10.592 10.615 10.639 10.662 10.685 10.708 10.731 10.754 10.777 10.783 10.789 10.795
9.164 9.155 9.147 9.138 9.130 9.164 9.210 9.257 9.303 9.349 9.396 9.440 9.469 9.498 9.526 9.555 9.584 9.613 9.624 9.634 9.645 9.655 9.665 9.676 9.686 9.697 9.707 9.718 9.728 9.696 9.670 9.650 9.630 9.611 9.597 9.582 9.567 9.552 9.538 9.523 9.508 9.494 9.539 9.598 9.657 9.703 9.741 9.780 9.819 9.857 9.896 9.935 9.973 10.013 10.054 10.095 10.135 10.176 10.217 10.258 10.299 10.335 10.367 10.411 10.470 10.529 10.553 10.577 10.600 10.623 10.646 10.669 10.692 10.712 10.718 10.724 10.730
9.201 9.193 9.184 9.176 9.167 9.190 9.236 9.283 9.329 9.375 9.419 9.447 9.476 9.505 9.534 9.562 9.591 9.620 9.635 9.646 9.656 9.667 9.677 9.687 9.698 9.708 9.719 9.729 9.697 9.659 9.627 9.607 9.587 9.567 9.547 9.527 9.506 9.489 9.474 9.459 9.445 9.430 9.460 9.519 9.562 9.600 9.639 9.678 9.716 9.755 9.793 9.832 9.871 9.910 9.951 9.992 10.033 10.073 10.114 10.155 10.189 10.221 10.254 10.298 10.357 10.416 10.475 10.515 10.538 10.561 10.584 10.607 10.631 10.647 10.653 10.659 10.665
9.238 9.230 9.222 9.213 9.205 9.216 9.263 9.309 9.355 9.397 9.426 9.454 9.483 9.512 9.541 9.569 9.598 9.627 9.647 9.657 9.668 9.678 9.688 9.699 9.709 9.720 9.730 9.697 9.659 9.621 9.585 9.565 9.544 9.524 9.504 9.484 9.464 9.444 9.423 9.403 9.383 9.366 9.380 9.421 9.459 9.498 9.537 9.575 9.614 9.652 9.691 9.730 9.768 9.808 9.848 9.889 9.930 9.971 10.010 10.043 10.076 10.108 10.141 10.184 10.244 10.303 10.362 10.421 10.476 10.499 10.522 10.546 10.569 10.582 10.588 10.594 10.600
9.276 9.268 9.259 9.251 9.242 9.242 9.289 9.335 9.375 9.404 9.433 9.462 9.490 9.519 9.548 9.577 9.605 9.634 9.658 9.669 9.679 9.690 9.700 9.710 9.721 9.731 9.697 9.659 9.621 9.583 9.545 9.522 9.502 9.482 9.461 9.441 9.421 9.401 9.381 9.360 9.340 9.320 9.318 9.339 9.359 9.396 9.434 9.473 9.512 9.550 9.589 9.628 9.666 9.705 9.746 9.787 9.827 9.864 9.897 9.930 9.963 9.995 10.028 10.071 10.131 10.190 10.249 10.308 10.367 10.426 10.460 10.484 10.507 10.517 10.523 10.529 10.535
9.316 9.306 9.297 9.288 9.280 9.271 9.315 9.354 9.383 9.411 9.440 9.469 9.498 9.526 9.555 9.584 9.612 9.641 9.670 9.680 9.691 9.701 9.712 9.722 9.732 9.697 9.659 9.621 9.583 9.545 9.507 9.479 9.459 9.439 9.419 9.399 9.378 9.358 9.338 9.318 9.298 9.292 9.287 9.304 9.325 9.345 9.366 9.387 9.409 9.448 9.486 9.525 9.564 9.602 9.643 9.684 9.718 9.751 9.784 9.817 9.850 9.882 9.915 9.958 10.018 10.077 10.136 10.195 10.254 10.313 10.373 10.422 10.445 10.452 10.458 10.459 10.454
9.360 9.350 9.339 9.329 9.318 9.309 9.332 9.361 9.390 9.419 9.447 9.476 9.505 9.534 9.562 9.591 9.620 9.648 9.677 9.692 9.702 9.713 9.723 9.733 9.697 9.659 9.621 9.583 9.545 9.507 9.469 9.437 9.416 9.396 9.376 9.356 9.336 9.316 9.295 9.275 9.270 9.265 9.260 9.269 9.290 9.311 9.332 9.352 9.373 9.394 9.414 9.435 9.461 9.500 9.539 9.572 9.605 9.638 9.671 9.704 9.736 9.769 9.802 9.845 9.905 9.964 10.023 10.082 10.141 10.200 10.260 10.319 10.376 10.371 10.366 10.361 10.356
9.404 9.393 9.383 9.372 9.362 9.312 9.301 9.346 9.392 9.426 9.455 9.483 9.512 9.541 9.569 9.598 9.627 9.656 9.684 9.703 9.714 9.724 9.734 9.697 9.659 9.621 9.583 9.545 9.507 9.469 9.431 9.394 9.374 9.354 9.333 9.313 9.293 9.273 9.253 9.247 9.242 9.237 9.232 9.235 9.255 9.276 9.297 9.318 9.338 9.359 9.380 9.400 9.421 9.439 9.450 9.465 9.492 9.525 9.558 9.591 9.623 9.656 9.689 9.732 9.791 9.851 9.910 9.969 10.028 10.094 10.170 10.245 10.283 10.274 10.268 10.264 10.259
9.448 9.437 9.427 9.416 9.356 9.282 9.244 9.289 9.335 9.380 9.426 9.471 9.517 9.548 9.577 9.605 9.634 9.663 9.692 9.715 9.725 9.735 9.697 9.659 9.621 9.583 9.545 9.507 9.469 9.431 9.393 9.355 9.331 9.311 9.291 9.271 9.250 9.230 9.225 9.220 9.215 9.210 9.205 9.200 9.221 9.242 9.262 9.283 9.304 9.324 9.345 9.366 9.384 9.392 9.400 9.415 9.430 9.445 9.460 9.478 9.510 9.543 9.576 9.619 9.679 9.738 9.802 9.877 9.953 10.028 10.104 10.179 10.190 10.181 10.172 10.166 10.162
9.491 9.481 9.471 9.400 9.326 9.252 9.187 9.233 9.278 9.323 9.369 9.414 9.460 9.505 9.551 9.596 9.641 9.670 9.699 9.726 9.735 9.697 9.659 9.621 9.583 9.545 9.507 9.469 9.431 9.393 9.355 9.317 9.288 9.268 9.248 9.228 9.208 9.202 9.197 9.192 9.187 9.182 9.177 9.172 9.186 9.207 9.228 9.248 9.269 9.290 9.310 9.329 9.337 9.344 9.352 9.365 9.380 9.395 9.410 9.425 9.440 9.455 9.470 9.509 9.585 9.660 9.736 9.811 9.887 9.962 10.038 10.107 10.097 10.088 10.079 10.070 10.064
9.535 9.517 9.443 9.370 9.296 9.222 9.148 9.176 9.221 9.267 9.312 9.358 9.403 9.449 9.494 9.540 9.585 9.630 9.676 9.720 9.697 9.659 9.621 9.583 9.545 9.507 9.469 9.431 9.393 9.355 9.317 9.279 9.246 9.226 9.205 9.185 9.180 9.175 9.170 9.165 9.160 9.155 9.150 9.145 9.152 9.172 9.193 9.214 9.234 9.255 9.274 9.282 9.289 9.297 9.305 9.316 9.330 9.345 9.360 9.375 9.390 9.405 9.422 9.456 9.519 9.595 9.670 9.745 9.821 9.896 9.972 10.014 10.005 9.995 9.986 9.977 9.968
9.561 9.487 9.413 9.340 9.266 9.192 9.118 9.119 9.165 9.210 9.256 9.301 9.346 9.392 9.437 9.483 9.528 9.574 9.619 9.609 9.591 9.567 9.543 9.520 9.496 9.469 9.431 9.393 9.355 9.317 9.279 9.241 9.203 9.183 9.163 9.158 9.153 9.148 9.142 9.137 9.133 9.127 9.122 9.117 9.117 9.138 9.158 9.179 9.200 9.219 9.227 9.234 9.242 9.250 9.257 9.266 9.281 9.296 9.311 9.325 9.340 9.355 9.387 9.422 9.457 9.529 9.604 9.680 9.755 9.831 9.906 9.921 9.912 9.902 9.893 9.884 9.875
9.531 9.457 9.383 9.310 9.236 9.162 9.088 9.062 9.108 9.153 9.199 9.244 9.290 9.335 9.381 9.426 9.472 9.517 9.513 9.499 9.483 9.460 9.436 9.412 9.389 9.365 9.341 9.318 9.294 9.270 9.241 9.203 9.165 9.140 9.135 9.130 9.125 9.120 9.115 9.110 9.105 9.100 9.095 9.090 9.085 9.103 9.124 9.144 9.164 9.172 9.180 9.187 9.195 9.202 9.210 9.217 9.231 9.246 9.261 9.276 9.291 9.317 9.352 9.387 9.422 9.463 9.538 9.614 9.689 9.765 9.837 9.828 9.819 9.810 9.801 9.791 9.782
9.501 9.427 9.353 9.280 9.206 9.132 9.058 9.006 9.051 9.097 9.142 9.188 9.233 9.278 9.324 9.369 9.415 9.417 9.402 9.388 9.374 9.352 9.329 9.305 9.281 9.258 9.234 9.211 9.187 9.163 9.140 9.116 9.092 9.116 9.109 9.103 9.098 9.093 9.088 9.083 9.078 9.073 9.067 9.063 9.057 9.068 9.089 9.109 9.117 9.125 9.132 9.140 9.147 9.155 9.163 9.170 9.181 9.196 9.211 9.226 9.247 9.282 9.317 9.352 9.387 9.422 9.472 9.548 9.623 9.699 9.744 9.735 9.726 9.717 9.708 9.699 9.689
9.471 9.397 9.323 9.250 9.176 9.102 9.028 8.954 8.994 9.040 9.085 9.131 9.176 9.222 9.267 9.313 9.320 9.306 9.292 9.278 9.264 9.245 9.222 9.198 9.174 9.151 9.127 9.103 9.080 9.056 9.032 9.009 9.055 9.101 9.094 9.086 9.079 9.071 9.064 9.056 9.050 9.045 9.040 9.035 9.030 9.034 9.054 9.062 9.070 9.077 9.085 9.092 9.100 9.108 9.115 9.123 9.131 9.146 9.161 9.178 9.213 9.247 9.282 9.317 9.352 9.387 9.422 9.482 9.557 9.633 9.652 9.642 9.633 9.624 9.615 9.606 9.597
9.441 9.367 9.293 9.219 9.146 9.072 8.998 8.924 8.938 8.983 9.029 9.074 9.120 9.165 9.211 9.224 9.210 9.196 9.182 9.167 9.153 9.138 9.114 9.091 9.067 9.043 9.020 8.996 8.972 8.949 8.925 8.966 9.020 9.074 9.079 9.071 9.064 9.056 9.049 9.041 9.034 9.026 9.019 9.011 9.004 8.999 9.007 9.015 9.022 9.030 9.038 9.045 9.053 9.060 9.068 9.076 9.083 9.097 9.111 9.143 9.178 9.213 9.248 9.283 9.318 9.352 9.387 9.422 9.492 9.567 9.559 9.550 9.540 9.531 9.522 9.513 9.538
9.411 9.337 9.263 9.190 9.116 9.042 8.968 8.894 8.881 8.927 8.972 9.017 9.063 9.108 9.128 9.114 9.100 9.085 9.071 9.057 9.043 9.028 9.007 8.983 8.960 8.936 8.912 8.889 8.865 8.841 8.877 8.931 8.985 9.039 9.063 9.056 9.049 9.041 9.034 9.026 9.019 9.011 9.004 8.996 8.989 9.017 9.024 9.019 9.014 9.009 9.004 8.999 9.005 9.013 9.021 9.028 9.036 9.047 9.073 9.108 9.143 9.178 9.213 9.248 9.283 9.318 9.353 9.388 9.426 9.475 9.466 9.457 9.490 9.548 9.607 9.665 9.724
9.381 9.307 9.233 9.159 9.086 9.012 8.938 8.864 8.824 8.870 8.915 8.961 9.006 9.032 9.018 9.003 8.989 8.975 8.961 8.946 8.932 8.918 8.900 8.876 8.852 8.829 8.805 8.781 8.758 8.788 8.842 8.896 8.950 9.004 9.048 9.041 9.033 9.026 9.018 9.011 9.003 8.996 8.988 8.981 9.005 9.040 9.062 9.057 9.052 9.047 9.042 9.037 9.031 9.026 9.021 9.016 9.011 9.026 9.063 9.100 9.137 9.174 9.211 9.248 9.285 9.322 9.359 9.396 9.432 9.500 9.559 9.618 9.676 9.735 9.793 9.852 9.910
9.347 9.277 9.203 9.129 9.056 8.982 8.908 8.834 8.768 8.813 8.859 8.904 8.936 8.921 8.907 8.893 8.878 8.864 8.850 8.836 8.822 8.807 8.792 8.769 8.745 8.722 8.698 8.674 8.699 8.753 8.807 8.861 8.915 8.969 9.023 9.026 9.018 9.011 9.003 8.996 8.988 8.981 8.973 8.993 9.027 9.062 9.097 9.094 9.089 9.084 9.079 9.074 9.069 9.064 9.059 9.054 9.056 9.131 9.184 9.220 9.257 9.294 9.331 9.368 9.405 9.442 9.479 9.516 9.571 9.667 9.745 9.804 9.863 9.921 9.980 10.038 10.097
9.155 9.145 9.135 9.099 9.026 8.952 8.878 8.804 8.730 8.756 8.802 8.839 8.825 8.811 8.797 8.782 8.768 8.754 8.740 8.725 8.711 8.697 8.683 8.662 8.638 8.614 8.591 8.611 8.664 8.718 8.772 8.826 8.880 8.934 8.988 9.010 9.003 8.995 8.988 8.981 8.973 8.966 8.981 9.015 9.050 9.085 9.119 9.132 9.126 9.121 9.116 9.111 9.106 9.101 9.096 9.091 9.156 9.231 9.304 9.340 9.377 9.414 9.451 9.488 9.525 9.562 9.599 9.636 9.726 9.823 9.920 9.990 10.049 10.108 10.166 10.225 10.283
8.962 8.952 8.943 8.933 8.923 8.913 8.848 8.774 8.700 8.700 8.743 8.729 8.715 8.700 8.686 8.672 8.658 8.643 8.629 8.615 8.601 8.586 8.572 8.554 8.531 8.507 8.522 8.576 8.629 8.683 8.737 8.791 8.845 8.899 8.953 8.995 8.988 8.980 8.973 8.965 8.958 8.969 9.003 9.038 9.072 9.107 9.141 9.169 9.164 9.159 9.154 9.149 9.144 9.139 9.133 9.181 9.256 9.331 9.406 9.461 9.497 9.534 9.571 9.608 9.645 9.682 9.719 9.785 9.882 9.978 10.075 10.172 10.235 10.294 10.353 10.411 10.470
8.769 8.760 8.750 8.740 8.730 8.721 8.711 8.701 8.670 8.643 8.633 8.618 8.604 8.590 8.576 8.561 8.547 8.533 8.519 8.504 8.490 8.476 8.462 8.447 8.423 8.433 8.487 8.541 8.594 8.648 8.702 8.756 8.810 8.864 8.918 8.972 8.973 8.965 8.958 8.950 8.957 8.991 9.026 9.060 9.095 9.129 9.164 9.199 9.201 9.196 9.191 9.186 9.181 9.176 9.205 9.281 9.356 9.431 9.506 9.581 9.618 9.654 9.691 9.728 9.765 9.802 9.844 9.941 10.037 10.134 10.231 10.327 10.422 10.480 10.539 10.598 10.656
