includes/camargue/floodfiles/results/res-0007.wd
ncols         906
nrows         631
xllcorner     362177.146667
yllcorner     6534725.688020
cellsize      20.000000
NODATA_value  -9999.000000
[rows 442 to 475 of 631, columns 693 to 769 of 906]
3.521 3.548 3.541 3.528 3.516 3.504 3.477 3.446 3.416 3.386 3.356 3.326 3.295 3.265 3.235 3.205 3.175 3.184 3.205 3.216 3.224 3.231 3.239 3.246 3.254 3.262 3.269 3.277 3.284 3.292 3.291 3.287 3.282 3.276 3.270 3.264 3.259 3.253 3.247 3.241 3.235 3.230 3.224 3.238 3.256 3.273 3.291 3.309 3.327 3.364 3.408 3.453 3.497 3.541 3.585 3.629 3.674 3.719 3.765 3.811 3.856 3.902 3.947 3.993 4.039 4.084 4.130 4.175 4.220 4.265 4.309 4.353 4.400 4.449 4.497 4.546 4.595
3.536 3.539 3.527 3.515 3.503 3.491 3.471 3.441 3.411 3.381 3.350 3.320 3.290 3.260 3.230 3.199 3.193 3.214 3.235 3.253 3.261 3.268 3.276 3.283 3.291 3.298 3.306 3.314 3.321 3.327 3.322 3.317 3.312 3.307 3.301 3.296 3.290 3.284 3.278 3.273 3.267 3.261 3.260 3.278 3.296 3.314 3.331 3.349 3.367 3.385 3.425 3.469 3.513 3.557 3.602 3.646 3.691 3.736 3.782 3.828 3.873 3.919 3.964 4.010 4.055 4.101 4.147 4.192 4.238 4.283 4.327 4.371 4.419 4.468 4.516 4.565 4.625
3.538 3.526 3.514 3.502 3.490 3.478 3.466 3.436 3.405 3.375 3.345 3.315 3.285 3.254 3.224 3.202 3.223 3.244 3.264 3.285 3.298 3.305 3.313 3.320 3.328 3.335 3.343 3.350 3.358 3.357 3.352 3.347 3.343 3.338 3.332 3.327 3.321 3.315 3.309 3.304 3.298 3.292 3.300 3.318 3.336 3.354 3.371 3.389 3.407 3.425 3.443 3.486 3.530 3.574 3.618 3.662 3.708 3.753 3.799 3.844 3.890 3.936 3.981 4.027 4.072 4.118 4.163 4.209 4.255 4.300 4.345 4.389 4.438 4.486 4.544 4.607 4.670
3.524 3.512 3.500 3.488 3.476 3.464 3.452 3.430 3.400 3.370 3.340 3.309 3.279 3.249 3.219 3.232 3.253 3.273 3.294 3.315 3.335 3.342 3.350 3.357 3.365 3.372 3.380 3.387 3.392 3.387 3.383 3.378 3.373 3.368 3.363 3.358 3.352 3.346 3.341 3.335 3.329 3.323 3.340 3.358 3.376 3.394 3.411 3.429 3.447 3.465 3.483 3.502 3.546 3.590 3.635 3.679 3.725 3.770 3.816 3.861 3.907 3.952 3.998 4.044 4.089 4.135 4.180 4.226 4.271 4.317 4.362 4.408 4.464 4.527 4.590 4.652 4.715
3.511 3.499 3.487 3.475 3.463 3.451 3.439 3.425 3.395 3.364 3.334 3.304 3.274 3.244 3.241 3.262 3.282 3.303 3.324 3.344 3.365 3.379 3.386 3.394 3.401 3.409 3.416 3.424 3.423 3.418 3.413 3.408 3.403 3.399 3.394 3.389 3.383 3.378 3.372 3.366 3.360 3.362 3.380 3.398 3.416 3.434 3.451 3.469 3.487 3.505 3.523 3.540 3.563 3.607 3.651 3.696 3.741 3.787 3.833 3.878 3.924 3.969 4.015 4.060 4.106 4.151 4.197 4.243 4.291 4.339 4.387 4.454 4.511 4.572 4.635 4.697 4.760
3.498 3.486 3.474 3.462 3.450 3.438 3.426 3.414 3.389 3.359 3.329 3.299 3.269 3.250 3.271 3.292 3.312 3.333 3.354 3.374 3.395 3.416 3.423 3.431 3.438 3.446 3.453 3.458 3.453 3.448 3.443 3.439 3.434 3.429 3.424 3.420 3.414 3.409 3.403 3.397 3.391 3.402 3.420 3.438 3.456 3.474 3.492 3.509 3.527 3.545 3.563 3.580 3.598 3.623 3.667 3.713 3.758 3.804 3.849 3.895 3.941 3.986 4.034 4.082 4.130 4.178 4.226 4.274 4.322 4.370 4.422 4.506 4.570 4.626 4.681 4.743 4.805
3.484 3.472 3.460 3.448 3.436 3.424 3.412 3.400 3.384 3.354 3.324 3.293 3.263 3.280 3.301 3.321 3.342 3.363 3.383 3.404 3.425 3.445 3.460 3.468 3.475 3.483 3.490 3.488 3.484 3.479 3.474 3.469 3.464 3.459 3.455 3.450 3.445 3.440 3.434 3.428 3.425 3.443 3.460 3.478 3.496 3.514 3.532 3.549 3.567 3.585 3.603 3.620 3.638 3.656 3.684 3.729 3.777 3.825 3.873 3.921 3.969 4.017 4.066 4.114 4.162 4.210 4.258 4.306 4.354 4.402 4.474 4.557 4.629 4.685 4.741 4.797 4.852
3.471 3.459 3.447 3.435 3.423 3.411 3.399 3.387 3.375 3.349 3.318 3.288 3.289 3.310 3.330 3.351 3.372 3.392 3.413 3.434 3.454 3.475 3.496 3.504 3.512 3.519 3.524 3.519 3.514 3.509 3.504 3.499 3.495 3.490 3.485 3.480 3.476 3.471 3.465 3.459 3.465 3.483 3.500 3.518 3.536 3.554 3.571 3.589 3.607 3.625 3.643 3.660 3.678 3.696 3.719 3.760 3.808 3.857 3.905 3.953 4.001 4.049 4.097 4.145 4.193 4.241 4.289 4.337 4.385 4.441 4.525 4.608 4.689 4.745 4.800 4.856 4.912
3.458 3.446 3.434 3.422 3.410 3.398 3.386 3.374 3.362 3.343 3.313 3.298 3.319 3.340 3.360 3.381 3.401 3.422 3.443 3.463 3.484 3.505 3.525 3.541 3.549 3.556 3.554 3.549 3.544 3.540 3.535 3.530 3.525 3.520 3.516 3.511 3.506 3.501 3.496 3.490 3.505 3.523 3.540 3.558 3.576 3.593 3.611 3.629 3.647 3.665 3.683 3.700 3.718 3.736 3.765 3.795 3.840 3.888 3.936 3.984 4.032 4.081 4.129 4.177 4.225 4.273 4.321 4.369 4.417 4.493 4.576 4.660 4.743 4.804 4.860 4.915 4.971
3.444 3.432 3.420 3.408 3.396 3.384 3.373 3.361 3.349 3.337 3.308 3.328 3.349 3.369 3.390 3.411 3.431 3.452 3.472 3.493 3.514 3.534 3.555 3.576 3.586 3.590 3.585 3.580 3.575 3.570 3.565 3.561 3.556 3.551 3.546 3.541 3.537 3.532 3.527 3.527 3.545 3.562 3.580 3.598 3.616 3.634 3.652 3.669 3.687 3.705 3.723 3.741 3.758 3.780 3.810 3.840 3.872 3.920 3.968 4.016 4.064 4.112 4.160 4.208 4.256 4.305 4.353 4.401 4.461 4.544 4.628 4.711 4.795 4.863 4.919 4.975 5.031
3.457 3.443 3.428 3.414 3.400 3.386 3.372 3.357 3.343 3.329 3.330 3.353 3.376 3.399 3.420 3.440 3.461 3.481 3.502 3.523 3.544 3.564 3.585 3.606 3.623 3.620 3.615 3.610 3.605 3.601 3.593 3.584 3.575 3.566 3.557 3.548 3.539 3.530 3.521 3.553 3.585 3.603 3.621 3.638 3.656 3.674 3.692 3.710 3.727 3.745 3.763 3.781 3.798 3.825 3.855 3.885 3.915 3.951 3.999 4.048 4.096 4.144 4.192 4.240 4.288 4.336 4.384 4.432 4.512 4.596 4.679 4.763 4.846 4.923 4.979 5.034 5.090
3.470 3.456 3.442 3.427 3.413 3.399 3.385 3.370 3.356 3.337 3.310 3.333 3.356 3.379 3.402 3.425 3.447 3.470 3.493 3.516 3.539 3.562 3.584 3.607 3.625 3.621 3.612 3.603 3.594 3.585 3.576 3.566 3.557 3.549 3.540 3.530 3.521 3.512 3.509 3.563 3.618 3.643 3.661 3.679 3.696 3.714 3.732 3.750 3.768 3.785 3.803 3.821 3.840 3.870 3.900 3.930 3.961 3.991 4.031 4.079 4.127 4.175 4.223 4.271 4.320 4.368 4.416 4.480 4.564 4.647 4.731 4.814 4.897 4.981 5.038 5.094 5.149
3.483 3.469 3.455 3.441 3.426 3.412 3.398 3.384 3.368 3.342 3.315 3.314 3.337 3.359 3.382 3.405 3.428 3.451 3.473 3.496 3.519 3.542 3.565 3.587 3.597 3.604 3.595 3.585 3.576 3.567 3.558 3.549 3.540 3.531 3.522 3.513 3.504 3.495 3.519 3.574 3.628 3.683 3.701 3.719 3.737 3.754 3.772 3.790 3.808 3.825 3.843 3.861 3.885 3.915 3.945 3.975 4.006 4.036 4.066 4.111 4.159 4.207 4.255 4.303 4.351 4.399 4.448 4.532 4.615 4.698 4.782 4.865 4.949 5.032 5.097 5.153 5.209
3.496 3.482 3.468 3.454 3.439 3.425 3.411 3.397 3.373 3.346 3.319 3.294 3.317 3.340 3.363 3.385 3.408 3.431 3.454 3.477 3.500 3.522 3.545 3.559 3.569 3.578 3.577 3.568 3.559 3.550 3.541 3.532 3.523 3.514 3.505 3.496 3.487 3.478 3.529 3.584 3.638 3.693 3.741 3.759 3.777 3.795 3.812 3.830 3.848 3.866 3.883 3.901 3.930 3.960 3.990 4.021 4.051 4.081 4.111 4.142 4.190 4.238 4.287 4.335 4.383 4.431 4.499 4.583 4.666 4.750 4.833 4.917 5.000 5.084 5.157 5.212 5.268
3.510 3.495 3.481 3.467 3.453 3.438 3.424 3.404 3.377 3.351 3.324 3.297 3.298 3.320 3.343 3.366 3.389 3.412 3.434 3.457 3.480 3.503 3.521 3.531 3.541 3.550 3.560 3.551 3.542 3.533 3.523 3.514 3.505 3.496 3.487 3.478 3.469 3.485 3.540 3.594 3.649 3.703 3.758 3.799 3.817 3.835 3.853 3.870 3.888 3.906 3.923 3.945 3.975 4.005 4.035 4.066 4.096 4.126 4.156 4.187 4.222 4.270 4.318 4.366 4.414 4.467 4.551 4.634 4.718 4.801 4.885 4.968 5.052 5.135 5.216 5.272 5.328
3.523 3.509 3.494 3.480 3.466 3.451 3.435 3.409 3.382 3.355 3.329 3.302 3.278 3.301 3.324 3.346 3.369 3.392 3.415 3.438 3.460 3.483 3.493 3.503 3.513 3.522 3.532 3.533 3.524 3.515 3.506 3.497 3.488 3.479 3.470 3.461 3.452 3.495 3.550 3.604 3.659 3.714 3.768 3.822 3.857 3.875 3.893 3.910 3.928 3.946 3.964 3.990 4.020 4.050 4.080 4.111 4.141 4.171 4.201 4.232 4.262 4.302 4.350 4.398 4.446 4.519 4.602 4.686 4.769 4.853 4.936 5.019 5.103 5.186 5.270 5.331 5.387
3.536 3.522 3.507 3.493 3.479 3.465 3.440 3.413 3.386 3.360 3.333 3.306 3.280 3.281 3.304 3.327 3.350 3.372 3.395 3.418 3.441 3.456 3.465 3.475 3.485 3.494 3.504 3.514 3.507 3.498 3.489 3.480 3.471 3.462 3.453 3.444 3.451 3.506 3.560 3.615 3.669 3.724 3.778 3.833 3.887 3.915 3.933 3.951 3.968 3.986 4.005 4.035 4.065 4.095 4.126 4.156 4.186 4.216 4.247 4.277 4.307 4.337 4.381 4.429 4.487 4.570 4.653 4.737 4.820 4.904 4.987 5.071 5.154 5.237 5.321 5.390 5.446
3.549 3.535 3.521 3.506 3.492 3.471 3.444 3.418 3.391 3.364 3.338 3.311 3.284 3.262 3.285 3.307 3.330 3.353 3.376 3.399 3.418 3.427 3.437 3.447 3.456 3.466 3.476 3.486 3.490 3.481 3.471 3.462 3.453 3.444 3.435 3.426 3.462 3.516 3.571 3.625 3.680 3.734 3.789 3.843 3.898 3.952 3.973 3.991 4.008 4.026 4.050 4.080 4.110 4.141 4.171 4.201 4.231 4.261 4.292 4.322 4.352 4.382 4.413 4.461 4.538 4.621 4.705 4.788 4.872 4.955 5.039 5.122 5.205 5.289 5.372 5.454 5.530
3.562 3.548 3.534 3.519 3.502 3.475 3.449 3.422 3.395 3.369 3.342 3.316 3.289 3.262 3.265 3.288 3.311 3.333 3.356 3.379 3.390 3.399 3.409 3.419 3.428 3.438 3.448 3.457 3.467 3.463 3.454 3.445 3.436 3.427 3.418 3.418 3.472 3.526 3.581 3.635 3.690 3.745 3.799 3.853 3.908 3.962 4.013 4.031 4.049 4.066 4.095 4.125 4.155 4.186 4.216 4.246 4.276 4.306 4.337 4.367 4.397 4.427 4.458 4.506 4.590 4.674 4.758 4.842 4.926 5.009 5.093 5.177 5.261 5.345 5.428 5.522 5.624
3.575 3.561 3.547 3.533 3.507 3.480 3.453 3.427 3.400 3.373 3.347 3.320 3.293 3.267 3.246 3.268 3.291 3.314 3.337 3.352 3.362 3.371 3.381 3.391 3.400 3.410 3.420 3.429 3.439 3.446 3.437 3.428 3.418 3.409 3.400 3.428 3.482 3.537 3.591 3.646 3.700 3.755 3.809 3.864 3.918 3.973 4.027 4.071 4.089 4.110 4.140 4.170 4.201 4.231 4.261 4.291 4.321 4.352 4.381 4.410 4.439 4.469 4.498 4.565 4.647 4.731 4.815 4.898 4.982 5.066 5.150 5.234 5.317 5.401 5.485 5.585 5.687
3.589 3.574 3.560 3.538 3.511 3.484 3.458 3.431 3.404 3.378 3.351 3.324 3.298 3.271 3.244 3.249 3.272 3.294 3.314 3.324 3.334 3.343 3.353 3.362 3.372 3.382 3.391 3.401 3.411 3.420 3.419 3.410 3.401 3.392 3.384 3.438 3.493 3.547 3.602 3.656 3.711 3.765 3.819 3.874 3.928 3.983 4.037 4.092 4.129 4.155 4.185 4.216 4.245 4.275 4.304 4.333 4.362 4.392 4.421 4.450 4.480 4.509 4.545 4.625 4.705 4.787 4.871 4.955 5.039 5.123 5.206 5.290 5.374 5.458 5.545 5.647 5.750
3.612 3.587 3.569 3.542 3.515 3.489 3.462 3.435 3.409 3.382 3.356 3.329 3.302 3.276 3.249 3.229 3.252 3.275 3.286 3.296 3.306 3.315 3.325 3.334 3.344 3.354 3.363 3.373 3.383 3.392 3.402 3.393 3.384 3.375 3.394 3.449 3.503 3.558 3.612 3.666 3.721 3.775 3.830 3.884 3.939 3.993 4.047 4.104 4.163 4.198 4.227 4.256 4.286 4.315 4.344 4.373 4.403 4.432 4.461 4.491 4.520 4.549 4.605 4.685 4.764 4.844 4.928 5.012 5.095 5.179 5.263 5.347 5.431 5.514 5.607 5.710 5.812
3.633 3.600 3.573 3.547 3.520 3.493 3.467 3.440 3.413 3.387 3.360 3.333 3.307 3.280 3.253 3.227 3.233 3.248 3.258 3.268 3.277 3.287 3.296 3.306 3.316 3.325 3.335 3.345 3.354 3.364 3.374 3.376 3.366 3.357 3.404 3.459 3.513 3.568 3.622 3.677 3.731 3.786 3.840 3.897 3.956 4.016 4.075 4.135 4.189 4.234 4.267 4.297 4.326 4.355 4.384 4.414 4.443 4.472 4.501 4.531 4.560 4.589 4.665 4.744 4.824 4.904 4.984 5.068 5.152 5.236 5.319 5.403 5.487 5.571 5.670 5.773 5.875
3.633 3.609 3.584 3.557 3.530 3.503 3.476 3.449 3.422 3.395 3.367 3.340 3.313 3.286 3.259 3.232 3.211 3.220 3.230 3.240 3.249 3.259 3.268 3.278 3.288 3.297 3.307 3.317 3.326 3.336 3.346 3.356 3.349 3.360 3.415 3.469 3.524 3.578 3.633 3.690 3.750 3.809 3.868 3.928 3.987 4.047 4.106 4.165 4.215 4.260 4.306 4.337 4.366 4.395 4.425 4.454 4.483 4.512 4.542 4.571 4.600 4.644 4.724 4.804 4.884 4.964 5.044 5.125 5.209 5.292 5.376 5.460 5.544 5.630 5.733 5.835 5.938
3.638 3.617 3.596 3.569 3.542 3.515 3.487 3.460 3.433 3.406 3.379 3.352 3.325 3.298 3.271 3.243 3.230 3.231 3.237 3.242 3.248 3.253 3.258 3.264 3.269 3.275 3.280 3.289 3.298 3.308 3.318 3.328 3.332 3.371 3.425 3.484 3.543 3.602 3.662 3.721 3.780 3.840 3.899 3.959 4.018 4.077 4.137 4.196 4.241 4.287 4.332 4.377 4.406 4.436 4.465 4.494 4.523 4.552 4.582 4.611 4.640 4.704 4.784 4.864 4.944 5.023 5.103 5.183 5.265 5.349 5.433 5.516 5.600 5.693 5.795 5.898 6.000
3.647 3.626 3.605 3.581 3.553 3.526 3.499 3.472 3.445 3.418 3.391 3.364 3.337 3.309 3.282 3.264 3.253 3.247 3.252 3.258 3.263 3.269 3.274 3.280 3.285 3.291 3.296 3.302 3.307 3.313 3.318 3.324 3.332 3.395 3.455 3.514 3.574 3.633 3.692 3.752 3.811 3.871 3.930 3.989 4.049 4.108 4.167 4.222 4.268 4.313 4.358 4.404 4.446 4.476 4.505 4.534 4.563 4.593 4.622 4.651 4.684 4.764 4.844 4.924 5.003 5.083 5.163 5.243 5.322 5.406 5.489 5.573 5.657 5.755 5.858 5.960 6.063
3.656 3.635 3.614 3.592 3.565 3.538 3.511 3.484 3.457 3.430 3.403 3.375 3.348 3.321 3.299 3.287 3.276 3.264 3.268 3.273 3.279 3.284 3.290 3.295 3.301 3.306 3.312 3.317 3.323 3.329 3.334 3.342 3.353 3.419 3.486 3.545 3.604 3.664 3.723 3.783 3.842 3.901 3.961 4.020 4.079 4.139 4.198 4.248 4.294 4.339 4.385 4.430 4.476 4.516 4.545 4.574 4.603 4.633 4.662 4.691 4.744 4.824 4.903 4.983 5.063 5.143 5.223 5.302 5.382 5.462 5.546 5.630 5.716 5.818 5.921 6.023 6.125
3.665 3.644 3.623 3.602 3.577 3.550 3.523 3.496 3.469 3.442 3.414 3.387 3.360 3.333 3.322 3.310 3.299 3.287 3.284 3.289 3.295 3.300 3.306 3.311 3.317 3.322 3.328 3.333 3.339 3.344 3.352 3.363 3.374 3.437 3.507 3.576 3.635 3.695 3.754 3.813 3.873 3.932 3.991 4.051 4.110 4.170 4.229 4.275 4.320 4.366 4.411 4.456 4.502 4.547 4.585 4.614 4.644 4.673 4.702 4.732 4.803 4.883 4.963 5.043 5.123 5.202 5.282 5.362 5.442 5.522 5.602 5.686 5.778 5.881 5.983 6.085 6.188
3.673 3.652 3.632 3.611 3.589 3.562 3.535 3.508 3.480 3.453 3.426 3.399 3.372 3.356 3.344 3.333 3.321 3.310 3.299 3.305 3.310 3.316 3.321 3.327 3.332 3.338 3.343 3.349 3.354 3.361 3.373 3.384 3.395 3.456 3.525 3.595 3.665 3.725 3.785 3.844 3.904 3.963 4.022 4.081 4.141 4.200 4.256 4.301 4.346 4.392 4.437 4.483 4.528 4.573 4.619 4.655 4.684 4.713 4.742 4.783 4.863 4.943 5.023 5.103 5.182 5.262 5.342 5.422 5.501 5.581 5.661 5.743 5.841 5.943 6.054 6.167 6.279
3.682 3.661 3.640 3.619 3.599 3.573 3.546 3.519 3.492 3.465 3.438 3.411 3.390 3.379 3.367 3.356 3.344 3.333 3.321 3.321 3.326 3.332 3.337 3.342 3.348 3.353 3.359 3.365 3.371 3.382 3.394 3.405 3.416 3.474 3.544 3.614 3.684 3.753 3.815 3.875 3.934 3.994 4.053 4.112 4.172 4.231 4.282 4.327 4.373 4.418 4.463 4.509 4.554 4.600 4.645 4.690 4.724 4.753 4.783 4.843 4.923 5.003 5.082 5.162 5.242 5.322 5.402 5.481 5.561 5.641 5.725 5.814 5.924 6.037 6.149 6.261 6.374
3.691 3.670 3.649 3.628 3.607 3.585 3.558 3.531 3.504 3.477 3.450 3.425 3.413 3.402 3.390 3.379 3.367 3.355 3.344 3.336 3.342 3.347 3.353 3.358 3.364 3.369 3.375 3.381 3.392 3.403 3.415 3.426 3.437 3.493 3.563 3.632 3.702 3.772 3.842 3.906 3.965 4.024 4.084 4.143 4.202 4.262 4.308 4.354 4.399 4.444 4.490 4.535 4.580 4.626 4.671 4.717 4.762 4.794 4.823 4.903 4.983 5.062 5.142 5.222 5.302 5.384 5.471 5.557 5.644 5.730 5.817 5.912 6.020 6.131 6.244 6.356 6.468
3.700 3.679 3.658 3.637 3.616 3.595 3.570 3.543 3.516 3.488 3.461 3.447 3.436 3.424 3.413 3.401 3.390 3.378 3.367 3.355 3.357 3.363 3.368 3.374 3.379 3.385 3.391 3.402 3.413 3.424 3.436 3.447 3.458 3.511 3.581 3.651 3.721 3.790 3.860 3.930 3.996 4.055 4.114 4.174 4.233 4.289 4.334 4.380 4.425 4.471 4.516 4.561 4.607 4.652 4.697 4.743 4.788 4.834 4.883 4.963 5.044 5.131 5.217 5.303 5.390 5.476 5.563 5.649 5.735 5.822 5.908 6.011 6.119 6.227 6.338 6.451 6.563
3.708 3.687 3.666 3.646 3.625 3.604 3.581 3.554 3.527 3.500 3.481 3.470 3.459 3.447 3.435 3.424 3.413 3.401 3.390 3.378 3.373 3.379 3.384 3.390 3.395 3.401 3.412 3.423 3.434 3.445 3.457 3.468 3.479 3.530 3.600 3.669 3.739 3.809 3.879 3.949 4.018 4.086 4.145 4.205 4.264 4.315 4.361 4.406 4.452 4.497 4.542 4.588 4.633 4.678 4.724 4.769 4.819 4.870 4.963 5.049 5.136 5.222 5.309 5.395 5.482 5.568 5.654 5.741 5.827 5.914 6.002 6.110 6.218 6.326 6.434 6.545 6.658
3.717 3.696 3.675 3.654 3.633 3.612 3.591 3.566 3.539 3.516 3.504 3.493 3.481 3.470 3.458 3.447 3.435 3.424 3.413 3.401 3.390 3.394 3.400 3.405 3.411 3.421 3.433 3.444 3.455 3.466 3.478 3.489 3.500 3.548 3.618 3.688 3.758 3.828 3.897 3.967 4.037 4.107 4.176 4.235 4.295 4.342 4.387 4.432 4.478 4.523 4.569 4.617 4.667 4.718 4.768 4.819 4.869 4.927 5.038 5.141 5.228 5.314 5.400 5.487 5.573 5.660 5.746 5.832 5.919 6.005 6.100 6.208 6.317 6.425 6.533 6.641 6.752
