includes/camargue/floodfiles/results/res-0005.wdfp
ncols         906
nrows         631
xllcorner     362177.146667
yllcorner     6534725.688020
cellsize      20.000000
NODATA_value  -9999.000000
[rows 476 to 509 of 631, columns 462 to 538 of 906]
0.000 0.000 0.000 0.000 0.000 0.000 0.000 0.000 0.000 0.000 0.000 0.004 0.000 0.000 2.386 2.855 2.805 2.795 2.795 2.805 2.905 2.815 2.835 2.995 3.045 2.935 2.985 2.975 2.935 3.085 2.925 2.905 2.965 2.935 2.945 3.126 3.046 2.976 3.526 3.127 2.987 2.798 2.948 2.918 2.888 3.049 2.669 2.849 2.469 2.210 2.420 2.590 2.770 2.750 2.790 2.830 2.840 2.960 2.920 2.960 3.090 3.020 3.070 2.919 3.079 3.089 2.959 3.069 3.109 3.139 3.149 3.209 3.119 3.099 3.269 3.459 3.249
0.000 0.000 0.000 0.000 0.000 0.000 0.000 0.000 0.000 0.000 0.004 0.000 1.885 2.666 2.696 2.725 2.765 2.805 2.885 2.935 2.995 2.945 2.945 3.015 3.035 2.925 2.975 2.895 3.085 3.055 3.085 3.025 3.035 3.085 3.076 3.096 3.016 3.126 3.706 3.057 2.997 2.947 3.068 3.018 2.958 2.908 2.939 2.699 2.689 1.999 2.230 2.470 2.700 2.860 2.610 2.680 2.860 2.870 3.010 3.020 2.930 2.960 2.979 2.999 2.999 2.959 2.909 3.019 3.069 3.119 3.169 3.089 3.209 3.289 3.249 3.319 3.249
0.000 0.000 0.000 0.000 0.000 0.000 0.000 0.000 0.004 0.001 0.000 2.286 2.846 2.856 2.816 2.886 2.825 2.905 2.955 2.985 3.015 3.065 3.055 2.975 2.955 2.935 3.065 3.035 3.085 2.965 3.175 3.085 3.086 3.126 3.096 3.096 3.326 3.156 3.656 3.097 2.997 3.077 3.068 3.028 2.908 2.938 2.788 2.809 2.669 2.169 2.050 2.380 2.580 2.780 2.830 2.740 2.840 2.870 2.930 3.000 2.960 2.870 2.979 3.039 3.099 3.039 3.179 3.119 3.109 3.199 3.079 3.179 3.199 3.309 3.299 3.269 3.369
0.000 0.000 0.000 0.000 0.000 0.000 0.000 0.004 0.001 1.886 2.706 2.926 2.796 2.896 2.766 2.916 3.016 2.975 3.045 3.085 3.105 3.045 3.025 3.015 3.015 3.105 3.065 3.095 3.145 3.145 3.035 3.176 3.086 3.246 3.206 3.226 3.226 3.206 3.127 3.177 3.147 3.027 2.917 2.998 3.048 2.858 2.868 2.909 2.659 2.259 2.209 2.159 2.070 2.570 2.700 2.750 2.860 2.850 2.930 2.950 2.910 2.979 3.049 3.079 3.069 3.139 3.259 3.069 3.109 3.229 3.169 3.169 3.339 3.199 3.239 3.309 3.359
0.000 0.000 0.000 0.000 0.000 0.004 0.002 0.000 2.336 2.896 2.936 2.886 2.856 2.986 3.016 3.046 2.986 3.126 3.125 3.045 3.075 3.035 3.115 3.105 3.115 3.166 3.156 3.216 3.125 3.135 3.185 3.226 3.146 3.256 3.246 3.166 3.656 3.286 3.197 3.107 3.187 3.137 3.127 3.068 3.048 3.008 2.968 2.798 2.809 2.329 2.159 2.089 2.259 2.259 2.309 2.720 2.780 2.930 2.860 2.930 3.249 3.159 3.079 3.009 3.079 3.139 3.159 3.059 3.229 3.229 3.269 3.179 3.199 3.269 3.309 3.459 3.389
0.000 0.000 0.000 0.004 0.000 0.000 1.767 2.746 2.776 2.926 2.916 2.916 2.916 2.996 3.096 3.106 3.196 3.206 3.016 3.056 3.056 3.115 3.156 3.086 3.196 3.156 3.336 3.196 3.136 3.256 3.276 3.356 3.206 3.166 3.126 3.696 3.346 3.266 3.277 3.107 3.267 3.117 3.127 3.177 2.988 3.148 2.978 3.018 2.849 2.439 2.209 2.049 2.179 2.669 2.549 2.490 2.770 2.800 2.979 3.049 2.929 3.049 2.999 3.029 2.959 3.039 3.239 3.189 3.169 3.289 3.449 3.279 3.399 3.489 3.479 3.299 3.409
0.000 0.000 0.004 0.000 1.096 2.127 2.737 2.876 2.936 3.016 2.996 3.036 3.076 3.106 3.146 3.196 3.056 3.126 3.066 3.166 3.036 3.206 3.126 3.106 3.246 3.236 3.266 3.176 3.336 3.256 3.216 3.196 3.166 3.306 3.116 3.356 3.276 3.347 3.297 3.217 3.257 3.367 3.207 3.227 3.248 3.238 3.118 2.808 2.708 2.548 2.539 2.629 2.399 2.449 2.599 2.769 2.459 2.809 2.909 2.819 2.919 3.039 2.969 3.079 3.089 3.289 3.189 3.239 3.279 3.289 3.259 3.419 3.349 3.339 3.539 3.409 3.369
0.004 0.000 0.000 1.636 2.667 2.896 2.847 2.986 3.046 3.086 3.036 3.066 3.196 3.256 3.316 3.186 3.226 3.096 3.166 3.156 3.166 3.186 3.346 3.226 3.266 3.246 3.446 3.256 3.286 3.376 3.306 3.356 3.196 3.216 3.646 3.426 3.376 3.207 3.367 3.187 3.277 3.257 3.327 3.177 3.247 3.158 3.168 3.088 2.828 2.758 2.499 2.479 2.379 2.519 2.599 2.809 2.829 2.529 2.809 2.949 2.969 3.039 2.989 3.099 3.149 3.279 3.229 3.419 3.249 3.259 3.389 3.289 3.419 3.449 3.459 3.459 3.419
0.000 0.706 1.986 2.906 2.907 2.817 2.956 3.096 3.026 3.096 3.246 3.166 3.046 3.176 3.126 3.256 3.136 3.176 3.216 3.216 3.206 3.226 3.276 3.326 3.386 3.236 3.456 3.346 3.426 3.306 3.386 3.416 3.376 3.336 3.687 3.416 3.306 3.306 3.286 3.227 3.317 3.247 3.287 3.127 3.287 3.248 3.288 3.218 3.048 3.068 2.948 2.878 2.699 2.669 2.549 2.749 2.729 2.829 2.509 2.879 2.899 2.879 3.009 3.159 3.249 3.119 3.179 3.249 3.359 3.199 3.389 3.399 3.429 3.409 3.429 3.479 3.499
1.166 2.426 2.906 2.776 2.907 2.847 3.056 3.166 3.036 3.136 3.216 3.226 3.186 3.176 3.256 3.176 3.276 3.256 3.196 3.326 3.316 3.386 3.176 3.346 3.376 3.386 3.346 3.336 3.396 3.426 3.476 3.436 3.346 3.346 3.466 3.376 3.246 3.336 3.337 3.387 3.367 3.297 3.357 3.267 3.327 3.387 3.318 3.318 3.248 3.178 3.028 3.118 2.938 3.039 2.829 2.639 2.869 2.989 2.839 2.509 2.829 2.879 3.009 3.079 3.139 3.159 3.239 3.209 3.489 3.239 3.309 3.409 3.419 3.469 3.439 3.580 3.460
2.816 2.837 2.846 2.936 3.036 3.097 3.107 3.007 3.156 3.306 3.126 3.316 3.176 3.256 3.206 3.276 3.366 3.436 3.286 3.406 3.396 3.446 3.326 3.366 3.406 3.336 3.506 3.406 3.356 3.456 3.486 3.386 3.416 3.396 3.566 3.337 3.426 3.407 3.507 3.387 3.327 3.397 3.377 3.297 3.447 3.327 3.298 3.448 3.508 3.258 3.188 3.178 3.278 3.129 3.099 2.949 3.149 3.189 3.169 2.929 2.419 2.839 2.929 2.979 3.119 3.199 3.169 3.229 3.309 3.189 3.359 3.349 3.429 3.429 3.479 3.569 3.540
2.946 2.886 3.107 3.146 3.106 3.197 3.217 3.117 3.186 3.166 3.166 3.246 3.306 3.186 3.336 3.276 3.406 3.316 3.306 3.246 3.356 3.426 3.416 3.436 3.406 3.366 3.406 3.536 3.446 3.486 3.466 3.536 3.386 3.406 3.586 3.477 3.497 3.397 3.367 3.457 3.557 3.487 3.417 3.367 3.317 3.367 3.448 3.228 3.188 3.238 3.268 3.268 3.258 3.309 3.279 3.289 3.259 3.229 3.199 3.149 3.029 2.399 2.889 3.039 3.029 3.029 3.069 3.219 3.249 3.269 3.269 3.459 3.569 3.419 3.510 3.570 3.650
2.906 3.046 3.087 3.157 3.196 3.206 3.337 3.247 3.177 3.296 3.226 3.416 3.246 3.196 3.366 3.457 3.436 3.347 3.367 3.456 3.436 3.406 3.446 3.486 3.456 3.466 3.486 3.466 3.526 3.436 3.476 3.546 3.546 3.547 3.477 3.497 3.567 3.547 3.407 3.347 3.437 3.487 3.417 3.417 3.407 3.467 3.368 3.248 3.288 3.298 3.278 3.318 3.218 3.218 3.209 3.299 3.219 3.209 3.159 3.269 3.229 3.019 2.539 2.929 2.999 3.149 3.049 3.139 3.219 3.419 3.489 3.449 3.399 3.479 3.550 3.610 3.630
3.056 3.086 3.146 3.216 3.136 3.276 3.277 3.227 3.317 3.277 3.227 3.387 3.427 3.297 3.356 3.377 3.437 3.387 3.487 3.327 3.457 3.507 3.496 3.487 3.527 3.517 3.536 3.496 3.476 3.456 3.517 3.517 3.507 3.517 3.447 3.497 3.597 3.497 3.587 3.497 3.587 3.537 3.547 3.317 3.297 3.518 3.358 3.368 3.378 3.308 3.268 3.358 3.328 3.318 3.309 3.289 3.409 3.299 3.249 3.249 3.339 3.079 2.869 2.569 2.949 2.979 3.069 3.109 3.189 3.309 3.439 3.579 3.730 3.590 3.680 3.730 3.507
3.196 3.206 3.266 3.276 3.187 3.247 3.277 3.297 3.367 3.257 3.377 3.397 3.397 3.357 3.447 3.447 3.467 3.477 3.547 3.457 3.577 3.647 3.517 3.507 3.567 3.457 3.557 3.567 3.447 3.557 3.537 3.537 3.557 3.477 3.657 3.667 3.587 3.587 3.567 3.477 3.617 3.647 3.397 3.437 3.287 3.398 3.338 3.398 3.428 3.378 3.308 3.448 3.528 3.288 3.288 3.209 3.359 3.349 3.239 3.069 3.169 3.039 3.099 3.149 2.609 2.849 2.979 3.059 3.059 3.339 3.320 3.499 3.570 3.550 3.670 3.700 3.550
3.196 3.217 3.237 3.117 3.327 3.367 3.257 3.277 3.397 3.337 3.417 3.397 3.437 3.447 3.627 3.457 3.627 3.457 3.487 3.527 3.557 3.577 3.537 3.487 3.577 3.507 3.567 3.567 3.507 3.537 3.527 3.527 3.657 3.657 3.557 3.687 3.617 3.627 3.912 3.547 3.557 3.497 3.427 3.408 3.478 3.538 3.418 3.488 3.408 3.378 3.418 3.388 3.428 3.338 3.398 3.359 3.339 3.299 3.229 3.239 3.159 3.109 3.329 3.089 3.219 2.689 2.859 2.939 3.079 3.079 3.309 3.419 3.460 3.630 3.590 3.720 3.730
3.337 3.287 3.207 3.387 3.357 3.347 3.367 3.417 3.407 3.497 3.487 3.467 3.417 3.407 3.567 3.507 3.667 3.657 3.507 3.527 3.497 3.497 3.497 3.587 3.667 3.667 3.537 3.557 3.597 3.657 3.717 3.627 3.677 3.567 3.952 3.647 3.667 3.647 3.943 3.607 3.587 3.417 3.447 3.508 3.578 3.468 3.508 3.518 3.448 3.588 3.478 3.468 3.518 3.348 3.408 3.459 3.279 3.369 3.309 3.279 3.209 3.259 3.199 3.149 3.279 3.099 2.689 2.319 2.889 3.129 2.790 2.930 3.180 3.580 3.248 3.590 3.620
3.407 3.417 3.437 3.287 3.357 3.317 3.377 3.507 3.477 3.447 3.487 3.577 3.537 3.587 3.457 3.497 3.557 3.587 3.507 3.587 3.627 3.667 3.587 3.597 3.537 3.557 3.507 3.687 3.577 3.597 3.965 3.970 3.727 3.627 3.737 3.707 3.989 3.597 3.517 3.487 3.537 3.467 3.578 3.578 3.538 3.448 3.738 3.618 3.448 3.538 3.468 3.518 3.418 3.448 3.438 3.379 3.409 3.339 3.379 3.329 3.249 3.269 3.339 3.109 3.089 3.129 3.039 2.879 2.359 2.439 2.319 2.479 2.809 3.400 3.650 3.680 3.426
3.467 3.427 3.377 3.457 3.437 3.437 3.487 3.577 3.447 3.527 3.457 3.507 3.627 3.647 3.437 3.527 3.717 3.587 3.627 3.567 3.597 3.667 3.557 3.657 3.577 3.687 3.597 3.983 3.657 3.993 3.637 3.717 4.008 3.697 4.018 3.647 3.477 3.637 3.447 3.507 3.598 3.528 3.538 3.528 3.488 3.678 3.678 3.608 3.628 3.538 3.558 3.538 3.538 3.498 3.468 3.379 3.329 3.449 3.299 3.349 3.399 3.459 3.439 3.229 3.179 3.039 3.139 3.009 2.709 2.459 2.309 2.530 2.779 3.140 3.570 3.640 3.710
3.437 3.377 3.407 3.547 3.467 3.487 3.497 3.597 3.427 3.587 3.527 3.507 3.557 3.567 3.587 3.607 3.577 3.697 3.587 3.587 3.617 3.647 3.707 3.737 3.707 3.657 3.677 4.020 3.567 3.687 3.647 3.707 4.041 4.046 3.737 3.667 3.687 3.597 3.587 3.647 3.628 3.558 3.708 3.628 3.538 3.668 3.688 3.608 3.588 3.588 3.608 3.588 3.568 3.578 3.438 3.519 3.479 3.559 3.409 3.449 3.399 3.409 3.319 3.289 3.329 3.159 3.169 3.079 2.989 2.499 2.469 2.440 2.830 3.290 3.420 3.510 3.730
3.517 3.537 3.467 3.497 3.567 3.567 3.507 3.627 3.517 3.567 3.677 3.627 3.577 3.667 4.018 3.707 3.607 3.627 3.637 3.697 4.038 3.637 4.044 3.677 3.657 3.727 3.707 4.057 3.707 4.062 4.064 3.727 3.737 4.079 3.617 3.637 3.567 3.697 3.688 3.658 3.558 3.728 3.648 3.668 3.578 4.015 3.638 3.638 3.548 3.618 3.648 3.448 3.508 3.478 3.558 3.488 3.558 3.579 3.429 3.489 3.399 3.319 3.299 3.389 3.319 3.469 3.329 2.969 2.839 2.299 2.439 2.520 2.730 3.580 3.490 3.520 3.660
3.517 3.487 3.607 3.597 3.497 3.557 3.587 3.697 3.687 3.587 3.667 3.647 3.617 3.637 3.697 3.617 3.637 3.687 4.068 4.071 4.075 3.687 3.727 4.083 3.607 3.597 4.091 4.093 4.096 4.098 3.697 3.587 4.107 3.697 3.667 3.617 3.558 4.106 3.668 3.678 3.718 4.076 3.648 3.728 3.648 3.728 3.598 3.718 3.608 3.708 3.678 3.688 3.578 3.698 3.548 3.518 3.549 3.659 3.569 3.529 3.519 3.429 3.459 3.359 3.459 3.459 3.239 3.079 2.929 2.269 2.450 2.600 2.940 3.480 3.530 3.650 3.454
3.547 3.477 3.497 3.567 3.692 3.617 3.567 3.607 3.587 3.488 3.678 4.082 3.637 3.718 4.092 3.697 4.098 3.687 4.105 3.727 3.697 4.115 4.117 4.120 4.122 4.125 3.698 4.130 4.132 4.135 4.138 3.697 4.143 3.688 4.150 3.668 4.145 3.738 4.130 3.708 3.718 4.109 3.638 3.688 3.638 3.718 4.075 3.698 3.728 3.708 4.047 3.588 3.618 3.688 3.628 3.688 3.588 3.559 3.519 3.479 3.349 3.499 3.599 3.589 3.489 3.449 3.519 3.239 2.949 2.469 2.419 2.670 3.250 3.530 3.700 3.384 3.460
3.547 3.567 3.577 3.714 3.657 3.557 3.657 3.717 3.717 4.112 3.738 3.628 4.122 4.125 3.698 3.577 3.728 4.138 4.141 4.145 3.637 3.688 4.154 4.156 4.159 4.161 4.164 4.167 4.169 3.718 3.728 4.177 3.668 4.182 4.184 4.183 4.176 4.170 4.163 3.728 4.149 4.142 3.688 3.698 3.708 3.718 3.718 4.101 3.738 4.087 4.080 3.688 3.618 3.718 3.728 3.658 4.124 4.089 3.689 3.629 3.739 3.699 3.559 3.589 3.489 3.379 3.499 3.319 2.959 2.629 2.609 2.850 3.580 3.660 3.385 3.459 3.532
3.637 3.617 3.697 3.727 3.707 3.607 4.086 3.717 4.117 3.708 3.708 3.668 4.159 4.162 4.165 4.168 4.172 4.175 4.178 3.588 3.718 3.728 4.190 4.193 4.196 4.198 4.201 3.718 3.738 3.738 3.718 3.718 4.215 4.214 3.738 4.212 4.210 4.203 3.738 4.189 4.182 3.728 4.168 4.162 4.155 4.148 4.141 4.134 4.127 3.668 4.114 3.708 4.130 3.698 4.146 3.698 4.162 3.698 4.098 3.729 3.954 3.659 3.809 3.529 3.469 3.349 3.629 3.399 3.109 2.779 2.689 3.030 3.320 3.650 3.540 3.680 3.606
3.707 3.687 3.657 3.727 4.020 4.108 4.121 3.657 3.697 3.698 4.154 4.166 3.668 4.189 4.200 4.205 4.208 4.211 4.215 3.708 4.221 4.224 4.227 4.230 3.718 4.235 4.237 4.240 4.242 4.244 4.243 4.241 4.240 4.239 4.238 4.238 4.238 4.236 4.229 4.222 4.215 4.208 4.202 3.718 4.188 4.181 4.174 4.167 4.160 4.153 4.153 4.161 4.169 4.176 4.184 4.192 3.718 4.208 4.180 4.108 3.699 3.963 3.699 3.689 3.639 3.649 3.419 3.589 3.229 2.949 3.090 3.060 3.220 3.740 3.610 3.640 3.730
3.717 3.637 3.657 3.737 4.126 3.687 3.687 3.717 4.151 3.708 4.170 4.181 3.708 4.204 4.216 4.227 4.238 4.248 4.251 4.255 4.258 4.261 4.264 4.266 3.738 4.271 4.272 4.271 4.270 4.269 4.268 4.267 4.265 4.264 4.264 4.263 4.263 4.263 4.262 4.255 4.249 4.242 4.235 4.228 4.221 4.214 4.207 4.200 4.193 4.187 4.191 4.199 3.738 4.215 4.223 4.231 4.239 4.247 4.255 4.190 4.118 4.045 3.973 3.569 3.659 3.589 3.699 3.539 3.319 3.069 2.990 3.130 3.080 3.620 3.700 3.650 3.620
3.717 3.976 4.063 4.136 3.697 4.149 4.155 4.161 4.168 4.174 4.186 4.197 4.209 4.220 4.231 4.243 4.254 4.265 4.277 4.288 4.294 4.298 4.300 3.738 4.300 4.298 4.297 4.296 4.295 4.294 4.293 4.292 4.290 4.289 4.289 4.289 3.698 4.289 4.289 4.289 4.282 4.275 4.268 4.261 4.254 4.247 4.240 4.233 4.227 4.221 4.229 4.237 4.245 4.253 4.261 4.269 4.277 4.285 4.293 4.272 4.200 4.127 4.055 3.985 3.919 3.669 3.786 3.719 3.399 3.119 2.960 3.100 3.070 3.680 3.610 3.650 3.450
3.697 4.085 4.147 4.153 3.737 4.166 4.172 4.178 4.184 4.191 4.202 4.213 4.224 4.236 4.247 4.258 4.270 4.281 4.292 4.304 4.315 4.327 4.327 4.326 4.325 4.324 4.322 4.321 4.320 4.319 4.318 4.317 4.316 4.314 4.314 4.314 4.314 4.314 4.314 4.314 4.314 4.308 4.301 4.294 4.287 4.280 4.274 4.267 4.260 4.260 4.268 4.276 4.284 4.292 4.300 4.308 4.316 4.324 4.332 4.340 4.282 4.209 4.140 4.074 4.007 3.941 3.875 3.679 3.519 3.249 3.059 3.090 3.690 3.682 3.540 3.660 3.640
4.107 4.158 4.164 3.738 4.177 4.183 4.189 4.195 4.201 4.208 4.217 3.718 4.240 4.251 4.263 4.274 4.286 4.297 4.308 4.319 4.331 4.344 4.352 4.351 4.350 4.349 4.347 4.346 4.345 4.344 4.343 4.342 4.341 4.340 4.340 4.340 4.340 4.340 4.340 4.340 4.340 4.340 4.334 4.327 4.321 4.314 4.307 4.300 4.293 4.299 4.306 4.314 4.322 4.330 4.338 4.346 4.354 4.362 4.370 4.378 4.363 4.294 4.228 4.162 4.096 4.029 3.729 3.897 3.579 3.449 3.259 3.210 3.340 3.710 3.700 3.700 3.977
4.169 4.175 3.708 4.187 4.194 4.200 4.206 4.212 4.218 4.224 4.233 4.244 4.256 4.267 4.279 4.290 4.301 4.313 4.324 4.336 4.348 4.360 4.373 4.376 4.375 4.374 4.372 4.371 4.370 4.369 4.368 4.367 4.366 4.365 4.365 4.365 4.365 4.365 4.365 4.365 4.365 4.365 4.365 4.361 4.354 4.347 4.340 4.333 4.329 4.337 4.345 4.353 4.361 4.369 4.377 4.385 4.393 4.401 4.409 4.416 4.419 4.381 4.316 4.250 4.184 4.118 4.051 3.985 3.679 3.649 3.310 3.480 3.757 3.830 3.904 3.978 3.680
4.185 4.192 4.198 4.204 4.210 4.217 4.223 4.229 4.235 4.241 4.249 4.260 4.272 4.283 4.294 4.306 4.317 4.328 4.340 4.352 4.365 4.377 4.389 4.401 4.400 4.399 4.398 4.396 4.395 4.394 4.393 4.392 4.391 4.391 4.391 4.391 4.391 4.391 4.391 4.391 4.391 4.390 4.390 4.390 4.387 4.380 4.373 4.366 4.368 4.375 4.383 4.391 4.399 4.407 4.415 4.423 4.430 4.437 4.444 4.451 4.450 4.411 4.372 4.333 4.272 4.206 4.140 4.073 3.729 3.941 3.639 3.470 3.831 3.904 3.978 4.052 4.125
4.202 4.209 4.215 4.221 4.227 4.234 4.240 4.246 4.252 4.258 4.265 4.276 4.287 4.299 4.310 4.321 4.333 4.345 4.357 4.369 4.381 4.394 4.406 4.418 4.425 4.424 4.423 4.421 4.420 4.419 4.418 4.417 4.416 4.416 4.416 4.416 4.416 4.416 4.416 4.416 4.416 4.416 4.416 4.416 4.416 4.413 4.406 4.399 4.406 4.414 4.422 4.430 4.438 4.444 4.451 4.458 4.465 4.472 4.479 4.486 4.480 4.441 4.402 4.363 4.325 4.286 4.228 4.162 3.719 4.029 3.963 3.660 3.905 3.979 4.052 4.126 4.200
4.219 4.226 4.232 4.238 4.244 4.250 4.257 4.263 4.269 4.275 4.281 4.292 4.303 4.315 4.326 4.337 4.349 4.361 4.374 4.386 4.398 4.410 4.423 4.435 4.447 4.449 4.448 4.447 4.445 4.444 4.443 4.442 4.442 4.442 4.442 4.442 4.442 4.442 4.442 4.441 4.441 4.441 4.441 4.441 4.441 4.441 4.440 4.436 4.444 4.452 4.459 4.466 4.472 4.479 4.486 4.493 4.500 4.507 4.514 4.520 4.510 4.471 4.432 4.394 4.355 4.316 4.277 4.239 4.184 4.117 4.051 3.710 3.979 4.053 4.126 4.191 4.232
