includes/camargue/floodfiles/results/res-0014.wd
ncols         906
nrows         631
xllcorner     362177.146667
yllcorner     6534725.688020
cellsize      20.000000
NODATA_value  -9999.000000
[rows 408 to 441 of 631, columns 770 to 846 of 906]
2.836 2.870 2.904 2.938 2.972 3.006 3.040 3.077 3.114 3.151 3.188 3.261 3.261 3.298 3.337 3.377 3.417 3.456 3.496 3.535 3.573 3.612 3.650 3.688 3.726 3.765 3.803 3.872 3.872 3.903 3.934 3.964 3.995 4.026 4.057 4.088 4.119 4.149 4.180 4.211 4.242 4.271 4.280 4.289 4.289 4.306 4.315 4.324 4.332 4.341 4.350 4.358 4.367 4.376 4.385 4.393 4.419 4.449 4.478 4.495 4.495 4.514 4.524 4.534 4.543 4.553 4.568 4.587 4.606 4.625 4.644 4.663 4.682 4.699 4.707 4.715 4.715
2.867 2.901 2.935 2.969 3.003 3.040 3.077 3.114 3.151 3.188 3.225 3.298 3.298 3.335 3.375 3.414 3.454 3.494 3.533 3.573 3.613 3.651 3.689 3.727 3.766 3.804 3.842 3.910 3.910 3.941 3.972 4.002 4.033 4.064 4.095 4.126 4.157 4.188 4.219 4.256 4.293 4.325 4.348 4.357 4.357 4.374 4.383 4.391 4.400 4.409 4.418 4.426 4.435 4.444 4.453 4.470 4.499 4.529 4.558 4.580 4.580 4.599 4.609 4.618 4.628 4.638 4.647 4.657 4.671 4.690 4.709 4.728 4.747 4.764 4.772 4.780 4.780
2.898 2.932 2.966 3.003 3.040 3.077 3.114 3.151 3.188 3.225 3.262 3.335 3.335 3.372 3.412 3.452 3.491 3.531 3.571 3.611 3.650 3.690 3.728 3.767 3.805 3.843 3.881 3.948 3.948 3.979 4.010 4.041 4.071 4.102 4.133 4.164 4.199 4.235 4.272 4.309 4.346 4.376 4.403 4.424 4.424 4.442 4.451 4.459 4.468 4.477 4.486 4.494 4.503 4.512 4.520 4.550 4.579 4.609 4.638 4.665 4.665 4.684 4.694 4.703 4.713 4.723 4.732 4.742 4.751 4.761 4.774 4.793 4.813 4.829 4.837 4.845 4.845
2.898 2.932 2.966 3.003 3.040 3.077 3.114 3.151 3.188 3.225 3.262 3.335 3.335 3.372 3.412 3.452 3.491 3.531 3.571 3.610 3.650 3.690 3.728 3.767 3.805 3.843 3.881 3.948 3.948 3.979 4.010 4.041 4.071 4.102 4.133 4.164 4.199 4.235 4.272 4.309 4.346 4.376 4.403 4.424 4.424 4.442 4.451 4.459 4.468 4.477 4.485 4.494 4.503 4.512 4.520 4.550 4.579 4.609 4.638 4.665 4.665 4.684 4.694 4.703 4.713 4.723 4.732 4.742 4.751 4.761 4.774 4.793 4.812 4.829 4.837 4.845 4.845
2.929 2.966 3.003 3.040 3.077 3.114 3.151 3.188 3.225 3.262 3.299 3.372 3.372 3.410 3.449 3.489 3.529 3.568 3.608 3.648 3.688 3.727 3.767 3.806 3.844 3.882 3.920 3.986 3.986 4.017 4.048 4.079 4.110 4.141 4.178 4.215 4.251 4.288 4.325 4.362 4.399 4.427 4.454 4.481 4.481 4.510 4.518 4.527 4.536 4.545 4.553 4.562 4.571 4.580 4.600 4.630 4.659 4.689 4.718 4.748 4.748 4.769 4.779 4.788 4.798 4.807 4.817 4.827 4.836 4.846 4.855 4.865 4.878 4.894 4.910 4.939 4.939
2.967 3.003 3.040 3.077 3.114 3.151 3.188 3.225 3.262 3.299 3.335 3.409 3.409 3.447 3.487 3.526 3.566 3.606 3.645 3.685 3.725 3.765 3.804 3.844 3.883 3.921 3.960 4.024 4.024 4.055 4.086 4.120 4.157 4.194 4.231 4.267 4.304 4.341 4.378 4.415 4.452 4.478 4.505 4.532 4.532 4.578 4.586 4.595 4.604 4.612 4.621 4.630 4.639 4.651 4.681 4.710 4.739 4.769 4.798 4.828 4.828 4.854 4.864 4.873 4.883 4.892 4.902 4.912 4.921 4.931 4.940 4.950 4.960 4.997 5.011 5.039 5.039
3.058 3.088 3.119 3.151 3.188 3.225 3.262 3.299 3.336 3.372 3.409 3.483 3.483 3.522 3.561 3.601 3.641 3.681 3.720 3.760 3.800 3.839 3.879 3.919 3.958 3.998 4.039 4.115 4.115 4.152 4.189 4.226 4.263 4.300 4.337 4.373 4.410 4.447 4.484 4.521 4.554 4.581 4.607 4.634 4.634 4.688 4.714 4.731 4.739 4.748 4.757 4.766 4.782 4.811 4.841 4.870 4.900 4.929 4.958 4.988 4.988 5.024 5.033 5.043 5.053 5.062 5.072 5.081 5.091 5.101 5.118 5.170 5.223 5.275 5.286 5.294 5.294
3.103 3.133 3.164 3.195 3.226 3.262 3.299 3.336 3.373 3.409 3.446 3.520 3.520 3.559 3.599 3.638 3.678 3.718 3.758 3.797 3.837 3.877 3.916 3.956 3.998 4.043 4.089 4.168 4.168 4.205 4.242 4.279 4.316 4.353 4.389 4.426 4.463 4.500 4.537 4.574 4.605 4.632 4.659 4.685 4.685 4.739 4.766 4.792 4.807 4.816 4.825 4.834 4.862 4.891 4.921 4.950 4.980 5.009 5.038 5.068 5.068 5.109 5.118 5.128 5.137 5.147 5.157 5.166 5.176 5.200 5.253 5.305 5.358 5.410 5.428 5.435 5.435
3.148 3.179 3.209 3.240 3.271 3.302 3.336 3.373 3.409 3.446 3.483 3.557 3.557 3.596 3.636 3.676 3.715 3.755 3.795 3.835 3.874 3.914 3.957 4.002 4.047 4.093 4.137 4.218 4.218 4.258 4.295 4.332 4.369 4.406 4.442 4.479 4.516 4.553 4.590 4.627 4.657 4.683 4.710 4.737 4.737 4.790 4.817 4.843 4.870 4.884 4.893 4.912 4.942 4.971 5.001 5.030 5.060 5.089 5.118 5.148 5.148 5.193 5.203 5.213 5.222 5.232 5.242 5.251 5.283 5.335 5.388 5.440 5.493 5.545 5.569 5.576 5.576
3.193 3.224 3.255 3.285 3.316 3.347 3.377 3.410 3.446 3.483 3.520 3.594 3.594 3.634 3.673 3.713 3.753 3.793 3.832 3.872 3.915 3.961 4.006 4.052 4.097 4.142 4.186 4.267 4.267 4.307 4.347 4.385 4.422 4.458 4.495 4.532 4.569 4.606 4.643 4.680 4.708 4.734 4.761 4.788 4.788 4.841 4.868 4.895 4.921 4.948 4.963 4.992 5.022 5.051 5.081 5.110 5.140 5.169 5.199 5.228 5.228 5.278 5.288 5.298 5.307 5.317 5.326 5.365 5.418 5.470 5.523 5.575 5.627 5.680 5.710 5.717 5.717
3.238 3.269 3.300 3.331 3.361 3.392 3.423 3.453 3.484 3.520 3.557 3.631 3.631 3.671 3.711 3.750 3.790 3.830 3.874 3.920 3.965 4.010 4.056 4.101 4.147 4.192 4.235 4.316 4.316 4.356 4.396 4.436 4.475 4.512 4.548 4.585 4.622 4.659 4.696 4.732 4.759 4.786 4.812 4.839 4.839 4.892 4.919 4.946 4.972 5.004 5.039 5.071 5.102 5.131 5.161 5.190 5.220 5.249 5.278 5.308 5.308 5.363 5.373 5.383 5.392 5.402 5.448 5.500 5.553 5.605 5.657 5.710 5.762 5.815 5.852 5.859 5.859
3.284 3.314 3.345 3.376 3.407 3.437 3.468 3.499 3.529 3.560 3.594 3.668 3.669 3.708 3.748 3.788 3.833 3.878 3.924 3.969 4.014 4.060 4.105 4.151 4.196 4.241 4.284 4.364 4.364 4.405 4.445 4.485 4.525 4.564 4.601 4.638 4.675 4.712 4.749 4.783 4.810 4.837 4.863 4.890 4.890 4.943 4.970 5.002 5.038 5.075 5.110 5.142 5.174 5.206 5.239 5.270 5.300 5.329 5.359 5.388 5.388 5.447 5.458 5.467 5.478 5.530 5.583 5.635 5.687 5.740 5.792 5.845 5.897 5.950 5.993 6.000 6.000
3.329 3.360 3.390 3.421 3.452 3.482 3.513 3.544 3.575 3.605 3.636 3.706 3.706 3.746 3.792 3.837 3.882 3.928 3.973 4.019 4.064 4.109 4.155 4.200 4.246 4.291 4.333 4.413 4.413 4.454 4.494 4.534 4.574 4.614 4.654 4.691 4.728 4.765 4.802 4.835 4.861 4.888 4.915 4.941 4.941 5.000 5.036 5.073 5.109 5.145 5.180 5.213 5.245 5.277 5.309 5.342 5.374 5.406 5.438 5.468 5.468 5.527 5.543 5.560 5.613 5.665 5.717 5.770 5.822 5.875 5.927 5.980 6.032 6.084 6.134 6.141 6.141
3.374 3.405 3.436 3.466 3.497 3.528 3.558 3.589 3.620 3.650 3.681 3.750 3.750 3.796 3.841 3.887 3.932 3.977 4.023 4.068 4.114 4.159 4.204 4.250 4.295 4.340 4.382 4.462 4.462 4.502 4.543 4.583 4.623 4.663 4.703 4.744 4.781 4.818 4.855 4.886 4.912 4.939 4.966 4.998 4.998 5.071 5.107 5.143 5.179 5.216 5.251 5.283 5.316 5.348 5.380 5.413 5.445 5.477 5.509 5.541 5.541 5.606 5.643 5.695 5.748 5.800 5.852 5.905 5.957 6.010 6.062 6.114 6.167 6.219 6.272 6.283 6.283
3.419 3.450 3.481 3.512 3.542 3.573 3.604 3.634 3.665 3.695 3.725 3.795 3.795 3.844 3.891 3.936 3.982 4.027 4.072 4.118 4.163 4.208 4.254 4.299 4.345 4.390 4.431 4.511 4.511 4.551 4.591 4.632 4.672 4.712 4.752 4.792 4.833 4.871 4.908 4.937 4.964 4.996 5.033 5.069 5.069 5.141 5.178 5.214 5.250 5.286 5.322 5.354 5.387 5.419 5.451 5.483 5.515 5.548 5.580 5.612 5.612 5.704 5.783 5.833 5.883 5.935 5.987 6.040 6.092 6.144 6.197 6.249 6.302 6.354 6.407 6.424 6.424
3.465 3.495 3.526 3.557 3.587 3.618 3.649 3.679 3.709 3.738 3.768 3.841 3.841 3.889 3.938 3.986 4.031 4.077 4.122 4.167 4.213 4.258 4.303 4.349 4.394 4.439 4.480 4.560 4.560 4.600 4.640 4.681 4.721 4.761 4.801 4.841 4.882 4.922 4.961 4.994 5.031 5.067 5.103 5.139 5.139 5.212 5.248 5.284 5.321 5.357 5.393 5.425 5.457 5.490 5.522 5.554 5.586 5.619 5.651 5.683 5.683 5.839 5.925 5.975 6.024 6.074 6.124 6.175 6.227 6.279 6.332 6.384 6.437 6.489 6.541 6.565 6.565
3.510 3.541 3.571 3.602 3.633 3.663 3.692 3.722 3.752 3.781 3.811 3.886 3.886 3.935 3.983 4.032 4.080 4.126 4.171 4.217 4.262 4.308 4.353 4.398 4.444 4.488 4.529 4.609 4.609 4.649 4.689 4.729 4.770 4.810 4.850 4.890 4.930 4.975 5.020 5.063 5.101 5.137 5.174 5.210 5.210 5.282 5.319 5.355 5.391 5.427 5.464 5.496 5.528 5.560 5.593 5.625 5.657 5.689 5.722 5.795 5.795 5.973 6.062 6.117 6.166 6.216 6.266 6.316 6.366 6.415 6.467 6.519 6.572 6.624 6.676 6.707 6.707
3.555 3.586 3.617 3.646 3.676 3.706 3.735 3.765 3.795 3.824 3.854 3.931 3.932 3.980 4.029 4.077 4.126 4.174 4.221 4.266 4.312 4.357 4.402 4.448 4.493 4.537 4.577 4.658 4.658 4.698 4.738 4.778 4.818 4.859 4.899 4.944 4.990 5.036 5.081 5.124 5.166 5.208 5.244 5.280 5.280 5.353 5.389 5.425 5.462 5.498 5.534 5.567 5.599 5.631 5.663 5.696 5.728 5.760 5.841 5.930 5.930 6.108 6.197 6.259 6.308 6.358 6.408 6.458 6.507 6.557 6.607 6.657 6.707 6.759 6.811 6.848 6.848
3.600 3.630 3.660 3.689 3.719 3.749 3.778 3.808 3.838 3.867 3.897 3.977 3.977 4.025 4.074 4.122 4.171 4.219 4.268 4.316 4.361 4.407 4.452 4.497 4.543 4.586 4.626 4.707 4.707 4.747 4.787 4.827 4.867 4.912 4.958 5.004 5.050 5.096 5.142 5.184 5.227 5.269 5.312 5.351 5.351 5.424 5.460 5.496 5.532 5.569 5.605 5.637 5.670 5.702 5.734 5.766 5.799 5.887 5.976 6.065 6.065 6.243 6.332 6.400 6.450 6.500 6.550 6.600 6.649 6.699 6.749 6.799 6.848 6.898 6.948 7.010 7.010
3.600 3.630 3.660 3.689 3.719 3.749 3.778 3.808 3.838 3.867 3.897 3.977 3.977 4.025 4.074 4.122 4.171 4.219 4.268 4.316 4.361 4.407 4.452 4.497 4.543 4.586 4.626 4.707 4.707 4.747 4.787 4.827 4.867 4.912 4.958 5.004 5.050 5.096 5.142 5.184 5.227 5.269 5.312 5.351 5.351 5.424 5.460 5.496 5.532 5.569 5.605 5.637 5.670 5.702 5.734 5.766 5.799 5.886 5.976 6.065 6.065 6.243 6.332 6.400 6.450 6.500 6.550 6.599 6.649 6.699 6.749 6.799 6.848 6.898 6.948 7.010 7.010
3.643 3.673 3.703 3.732 3.762 3.792 3.821 3.851 3.881 3.910 3.940 4.022 4.022 4.071 4.119 4.168 4.216 4.265 4.313 4.362 4.410 4.456 4.502 4.547 4.592 4.635 4.675 4.755 4.755 4.796 4.836 4.881 4.927 4.973 5.019 5.065 5.111 5.157 5.202 5.245 5.287 5.330 5.372 5.415 5.415 5.494 5.530 5.567 5.603 5.639 5.675 5.708 5.740 5.773 5.805 5.843 5.932 6.021 6.110 6.199 6.199 6.377 6.467 6.542 6.592 6.642 6.692 6.741 6.791 6.841 6.891 6.941 6.990 7.040 7.124 7.355 7.355
3.686 3.716 3.746 3.775 3.805 3.835 3.864 3.894 3.924 3.953 3.983 4.068 4.068 4.116 4.165 4.213 4.262 4.310 4.359 4.407 4.456 4.504 4.551 4.596 4.642 4.684 4.724 4.804 4.804 4.850 4.896 4.942 4.988 5.034 5.080 5.126 5.172 5.218 5.263 5.305 5.348 5.390 5.433 5.475 5.475 5.560 5.601 5.637 5.673 5.710 5.746 5.779 5.811 5.843 5.889 5.978 6.067 6.156 6.245 6.334 6.334 6.512 6.601 6.684 6.734 6.784 6.834 6.883 6.933 6.983 7.033 7.082 7.132 7.219 7.451 7.682 7.682
3.770 3.802 3.832 3.861 3.891 3.921 3.950 3.980 4.010 4.039 4.069 4.158 4.158 4.207 4.255 4.304 4.352 4.401 4.449 4.498 4.546 4.595 4.643 4.692 4.741 4.788 4.834 4.926 4.926 4.972 5.018 5.064 5.110 5.156 5.202 5.248 5.293 5.339 5.384 5.426 5.469 5.511 5.554 5.597 5.597 5.682 5.724 5.767 5.809 5.851 5.887 5.921 5.980 6.069 6.158 6.247 6.336 6.425 6.515 6.604 6.604 6.782 6.871 6.960 7.018 7.068 7.117 7.167 7.217 7.267 7.317 7.411 7.642 7.874 8.105 8.336 8.336
3.788 3.836 3.875 3.904 3.934 3.964 3.993 4.023 4.052 4.082 4.112 4.204 4.204 4.252 4.301 4.349 4.398 4.446 4.495 4.543 4.592 4.640 4.689 4.741 4.792 4.844 4.895 4.987 4.987 5.033 5.079 5.124 5.170 5.216 5.262 5.308 5.354 5.400 5.444 5.487 5.529 5.572 5.615 5.657 5.657 5.742 5.785 5.827 5.870 5.912 5.955 6.026 6.115 6.204 6.293 6.382 6.471 6.560 6.649 6.738 6.738 6.917 7.006 7.095 7.160 7.210 7.259 7.309 7.359 7.409 7.507 7.738 7.969 8.201 8.432 8.663 8.663
3.806 3.854 3.902 3.947 3.977 4.007 4.036 4.066 4.096 4.125 4.155 4.249 4.249 4.298 4.346 4.395 4.443 4.491 4.540 4.589 4.638 4.689 4.741 4.792 4.844 4.896 4.949 5.047 5.047 5.093 5.139 5.185 5.231 5.277 5.323 5.369 5.415 5.461 5.505 5.547 5.590 5.633 5.675 5.718 5.718 5.803 5.845 5.888 5.930 5.987 6.080 6.168 6.254 6.339 6.428 6.517 6.606 6.695 6.784 6.873 6.873 7.051 7.140 7.229 7.302 7.351 7.401 7.451 7.501 7.603 7.834 8.065 8.296 8.528 8.759 8.990 8.990
3.823 3.872 3.920 3.968 4.017 4.050 4.079 4.109 4.138 4.168 4.198 4.294 4.294 4.343 4.391 4.440 4.488 4.537 4.586 4.638 4.689 4.741 4.792 4.843 4.895 4.948 5.000 5.105 5.105 5.154 5.200 5.246 5.292 5.338 5.384 5.430 5.476 5.522 5.565 5.608 5.651 5.693 5.736 5.778 5.778 5.863 5.906 5.948 6.039 6.131 6.223 6.313 6.398 6.484 6.569 6.654 6.741 6.830 6.919 7.008 7.008 7.186 7.275 7.364 7.444 7.493 7.543 7.593 7.699 7.930 8.161 8.392 8.623 8.855 9.086 9.317 9.317
3.841 3.889 3.938 3.986 4.034 4.083 4.122 4.152 4.181 4.211 4.243 4.340 4.340 4.388 4.437 4.485 4.535 4.586 4.638 4.689 4.741 4.792 4.844 4.895 4.947 4.999 5.052 5.157 5.157 5.209 5.261 5.307 5.353 5.399 5.445 5.491 5.537 5.583 5.626 5.669 5.711 5.754 5.796 5.839 5.839 5.924 5.998 6.090 6.183 6.275 6.368 6.457 6.543 6.628 6.713 6.799 6.884 6.969 7.055 7.143 7.143 7.321 7.410 7.499 7.586 7.635 7.685 7.795 8.026 8.257 8.488 8.719 8.951 9.182 9.413 9.644 9.644
3.859 3.907 3.955 4.004 4.052 4.100 4.149 4.195 4.224 4.254 4.288 4.385 4.385 4.434 4.483 4.535 4.586 4.638 4.689 4.741 4.792 4.844 4.895 4.947 4.998 5.051 5.103 5.208 5.208 5.261 5.313 5.366 5.414 5.460 5.506 5.551 5.597 5.643 5.687 5.729 5.772 5.814 5.857 5.899 5.899 6.050 6.142 6.234 6.327 6.419 6.511 6.602 6.687 6.773 6.858 6.943 7.029 7.114 7.199 7.285 7.285 7.456 7.545 7.634 7.723 7.777 7.890 8.122 8.353 8.584 8.815 9.046 9.278 9.509 9.740 9.971 9.971
3.876 3.925 3.973 4.021 4.070 4.118 4.166 4.215 4.263 4.297 4.333 4.432 4.432 4.483 4.535 4.586 4.638 4.689 4.741 4.792 4.844 4.895 4.947 4.998 5.050 5.103 5.155 5.260 5.260 5.313 5.365 5.418 5.470 5.520 5.566 5.612 5.658 5.704 5.747 5.790 5.832 5.875 5.917 6.009 6.009 6.194 6.286 6.378 6.471 6.563 6.655 6.746 6.832 6.917 7.003 7.088 7.173 7.259 7.344 7.429 7.429 7.600 7.685 7.771 7.857 7.986 8.218 8.449 8.680 8.911 9.142 9.373 9.605 9.836 10.067 10.298 10.298
3.894 3.942 3.991 4.039 4.087 4.136 4.184 4.232 4.281 4.329 4.380 4.483 4.483 4.535 4.586 4.638 4.689 4.741 4.792 4.844 4.895 4.947 4.998 5.050 5.102 5.154 5.207 5.312 5.312 5.364 5.417 5.469 5.522 5.574 5.627 5.673 5.719 5.765 5.808 5.850 5.893 5.968 6.060 6.153 6.153 6.338 6.430 6.522 6.615 6.707 6.799 6.891 6.976 7.062 7.147 7.232 7.318 7.403 7.489 7.574 7.574 7.745 7.830 7.915 8.039 8.257 8.511 8.766 9.007 9.238 9.469 9.701 9.932 10.163 10.394 10.625 10.625
3.912 3.960 4.008 4.057 4.105 4.153 4.202 4.250 4.305 4.367 4.426 4.535 4.535 4.586 4.638 4.689 4.741 4.792 4.844 4.895 4.947 4.998 5.050 5.101 5.153 5.206 5.258 5.363 5.363 5.416 5.468 5.521 5.573 5.626 5.678 5.731 5.780 5.826 5.868 5.927 6.020 6.112 6.205 6.297 6.297 6.482 6.574 6.666 6.759 6.851 6.944 7.036 7.121 7.206 7.292 7.377 7.462 7.548 7.633 7.718 7.718 7.889 7.975 8.097 8.288 8.485 8.740 8.995 9.249 9.504 9.759 10.013 10.259 10.490 10.721 10.952 10.952
3.929 3.978 4.026 4.075 4.123 4.171 4.224 4.286 4.349 4.411 4.470 4.584 4.584 4.638 4.689 4.741 4.792 4.844 4.895 4.947 4.998 5.050 5.101 5.153 5.205 5.257 5.310 5.415 5.415 5.467 5.520 5.572 5.625 5.677 5.730 5.782 5.835 5.887 5.979 6.071 6.164 6.256 6.349 6.441 6.441 6.626 6.718 6.810 6.903 6.995 7.087 7.180 7.266 7.351 7.436 7.522 7.607 7.692 7.778 7.863 7.863 8.034 8.155 8.346 8.537 8.728 8.968 9.223 9.478 9.733 9.987 10.242 10.497 10.751 11.006 11.261 11.261
3.947 3.996 4.044 4.092 4.143 4.206 4.268 4.331 4.393 4.455 4.514 4.628 4.628 4.684 4.741 4.792 4.844 4.895 4.947 4.998 5.050 5.101 5.153 5.204 5.257 5.309 5.362 5.466 5.466 5.519 5.571 5.624 5.676 5.729 5.781 5.837 5.914 5.998 6.114 6.215 6.308 6.400 6.492 6.585 6.585 6.770 6.862 6.954 7.047 7.139 7.231 7.324 7.410 7.495 7.581 7.666 7.752 7.837 7.922 8.008 8.008 8.212 8.403 8.595 8.786 8.977 9.197 9.452 9.706 9.961 10.216 10.471 10.725 10.980 11.235 11.489 11.489
3.965 4.013 4.062 4.125 4.187 4.250 4.312 4.375 4.437 4.500 4.558 4.671 4.671 4.728 4.785 4.842 4.895 4.947 4.998 5.050 5.101 5.153 5.204 5.256 5.308 5.361 5.413 5.518 5.518 5.571 5.623 5.676 5.728 5.787 5.864 5.941 6.018 6.107 6.223 6.338 6.452 6.544 6.636 6.729 6.729 6.914 7.006 7.098 7.191 7.283 7.375 7.468 7.555 7.640 7.725 7.811 7.896 7.981 8.067 8.152 8.152 8.461 8.652 8.844 9.035 9.226 9.426 9.680 9.935 10.190 10.444 10.699 10.954 11.208 11.463 11.717 11.717
