includes/camargue/floodfiles/results/res-0009.wd
ncols         906
nrows         631
xllcorner     362177.146667
yllcorner     6534725.688020
cellsize      20.000000
NODATA_value  -9999.000000
[rows 408 to 441 of 631, columns 616 to 692 of 906]
0.084 0.051 0.031 0.027 0.000 0.128 0.002 0.009 0.027 0.015 0.292 0.011 0.012 0.000 0.000 0.021 0.012 0.000 0.045 0.065 0.000 0.000 0.045 0.047 0.057 0.014 0.063 0.074 0.000 0.401 0.005 0.388 0.014 0.055 0.025 0.000 0.018 0.005 0.010 0.022 0.267 0.000 0.259 0.000 0.177 0.181 0.184 0.000 0.147 0.134 0.133 0.150 0.000 0.016 0.047 0.000 0.071 0.000 0.147 0.134 0.126 0.122 0.128 0.129 0.127 0.122 0.117 0.113 0.108 0.103 0.098 0.093 0.101 0.105 0.108 0.111 0.112
0.000 0.000 0.000 0.023 0.023 0.165 0.085 0.000 0.000 0.070 0.090 0.008 0.103 0.102 0.101 0.090 0.037 0.015 0.481 0.504 0.000 0.001 0.022 0.037 0.024 0.012 0.405 0.000 0.414 0.412 0.017 0.071 0.015 0.000 0.000 0.000 0.000 0.000 0.005 0.000 0.254 0.254 0.263 0.000 0.156 0.158 0.154 0.125 0.120 0.128 0.132 0.140 0.137 0.000 0.091 0.115 0.128 0.123 0.136 0.134 0.130 0.128 0.128 0.127 0.124 0.121 0.117 0.113 0.109 0.105 0.101 0.095 0.090 0.094 0.099 0.104 0.107
0.000 0.098 0.158 0.000 0.025 0.132 0.020 0.102 0.071 0.000 0.098 0.049 0.174 0.001 0.003 0.056 0.163 0.113 0.000 0.028 0.508 0.000 0.075 0.053 0.016 0.012 0.419 0.020 0.000 0.422 0.006 0.029 0.011 0.392 0.000 0.000 0.392 0.002 0.000 0.249 0.253 0.245 0.000 0.129 0.135 0.137 0.131 0.113 0.118 0.124 0.129 0.136 0.141 0.142 0.143 0.159 0.179 0.154 0.146 0.141 0.136 0.132 0.129 0.127 0.124 0.121 0.117 0.114 0.111 0.108 0.104 0.091 0.083 0.089 0.093 0.097 0.100
0.000 0.000 0.108 0.003 0.209 0.284 0.029 0.004 0.111 0.004 0.002 0.368 0.074 0.060 0.046 0.035 0.082 0.040 0.026 0.043 0.524 0.045 0.000 0.012 0.089 0.078 0.005 0.071 0.057 0.000 0.002 0.015 0.008 0.000 0.044 0.000 0.402 0.039 0.039 0.000 0.000 0.187 0.152 0.135 0.128 0.121 0.112 0.113 0.116 0.121 0.127 0.137 0.156 0.000 0.000 0.000 0.000 0.156 0.151 0.146 0.141 0.136 0.132 0.129 0.126 0.123 0.120 0.117 0.116 0.113 0.100 0.088 0.077 0.085 0.090 0.094 0.098
0.013 0.011 0.000 0.007 0.089 0.209 0.006 0.101 0.101 0.080 0.000 0.135 0.000 0.014 0.050 0.000 0.060 0.007 0.021 0.028 0.541 0.025 0.460 0.455 0.009 0.075 0.066 0.000 0.057 0.000 0.034 0.036 0.037 0.002 0.002 0.000 0.000 0.409 0.002 0.000 0.000 0.154 0.142 0.129 0.116 0.106 0.109 0.111 0.115 0.119 0.124 0.131 0.136 0.107 0.096 0.111 0.143 0.161 0.156 0.151 0.147 0.142 0.138 0.134 0.130 0.127 0.125 0.123 0.121 0.109 0.097 0.086 0.076 0.080 0.087 0.093 0.097
0.013 0.182 0.000 0.000 0.000 0.073 0.329 0.000 0.210 0.391 0.005 0.018 0.153 0.424 0.053 0.057 0.028 0.005 0.054 0.016 0.000 0.019 0.000 0.001 0.070 0.078 0.073 0.065 0.056 0.043 0.038 0.034 0.001 0.007 0.415 0.020 0.042 0.017 0.000 0.000 0.124 0.136 0.125 0.112 0.102 0.104 0.107 0.109 0.113 0.117 0.121 0.127 0.130 0.124 0.129 0.152 0.178 0.181 0.170 0.163 0.157 0.152 0.147 0.142 0.138 0.135 0.133 0.130 0.118 0.106 0.095 0.085 0.076 0.076 0.085 0.092 0.098
0.082 0.051 0.026 0.000 0.084 0.074 0.093 0.004 0.000 0.028 0.157 0.127 0.003 0.040 0.000 0.108 0.037 0.023 0.020 0.023 0.005 0.012 0.000 0.052 0.056 0.000 0.000 0.000 0.050 0.044 0.039 0.033 0.024 0.002 0.002 0.000 0.000 0.000 0.000 0.108 0.123 0.000 0.091 0.092 0.097 0.100 0.104 0.107 0.110 0.114 0.119 0.124 0.129 0.137 0.160 0.197 0.000 0.184 0.180 0.175 0.169 0.164 0.159 0.154 0.150 0.147 0.143 0.130 0.117 0.105 0.094 0.084 0.076 0.073 0.084 0.092 0.099
0.001 0.009 0.024 0.019 0.018 0.109 0.352 0.000 0.153 0.043 0.001 0.025 0.000 0.448 0.052 0.078 0.009 0.072 0.003 0.025 0.006 0.045 0.000 0.053 0.049 0.043 0.037 0.036 0.044 0.042 0.041 0.034 0.026 0.018 0.001 0.000 0.000 0.000 0.100 0.101 0.000 0.038 0.065 0.081 0.090 0.095 0.100 0.104 0.108 0.112 0.117 0.122 0.130 0.143 0.171 0.000 0.154 0.190 0.198 0.193 0.188 0.183 0.178 0.173 0.169 0.164 0.148 0.134 0.119 0.106 0.095 0.085 0.077 0.073 0.083 0.093 0.101
0.021 0.008 0.009 0.078 0.098 0.031 0.369 0.000 0.042 0.142 0.062 0.092 0.000 0.000 0.002 0.006 0.054 0.074 0.001 0.474 0.001 0.049 0.044 0.047 0.044 0.000 0.042 0.039 0.039 0.037 0.000 0.032 0.026 0.019 0.011 0.005 0.002 0.000 0.000 0.090 0.061 0.051 0.062 0.074 0.084 0.090 0.096 0.101 0.105 0.110 0.115 0.121 0.130 0.143 0.159 0.163 0.000 0.205 0.225 0.220 0.215 0.209 0.204 0.200 0.194 0.177 0.159 0.143 0.127 0.112 0.099 0.088 0.080 0.076 0.083 0.094 0.104
0.006 0.002 0.059 0.069 0.000 0.007 0.104 0.384 0.406 0.060 0.000 0.000 0.000 0.002 0.000 0.003 0.000 0.067 0.002 0.491 0.004 0.053 0.048 0.046 0.042 0.036 0.039 0.038 0.036 0.032 0.027 0.028 0.024 0.019 0.013 0.008 0.003 0.001 0.000 0.000 0.063 0.074 0.070 0.074 0.081 0.087 0.093 0.099 0.104 0.109 0.115 0.123 0.133 0.146 0.162 0.177 0.194 0.229 0.261 0.256 0.250 0.245 0.240 0.234 0.215 0.196 0.178 0.159 0.142 0.125 0.110 0.097 0.087 0.082 0.084 0.098 0.109
0.000 0.028 0.000 0.000 0.000 0.156 0.082 0.402 0.084 0.051 0.007 0.002 0.002 0.001 0.003 0.002 0.021 0.048 0.051 0.003 0.055 0.053 0.050 0.047 0.043 0.040 0.039 0.037 0.035 0.032 0.028 0.026 0.023 0.018 0.014 0.009 0.005 0.002 0.001 0.000 0.104 0.000 0.074 0.077 0.082 0.089 0.095 0.100 0.106 0.112 0.119 0.129 0.141 0.158 0.178 0.201 0.228 0.262 0.296 0.298 0.293 0.288 0.282 0.262 0.243 0.223 0.203 0.184 0.165 0.146 0.129 0.113 0.100 0.092 0.089 0.103 0.116
0.169 0.118 0.039 0.039 0.371 0.108 0.013 0.040 0.404 0.029 0.001 0.046 0.068 0.000 0.419 0.000 0.018 0.038 0.047 0.057 0.062 0.057 0.053 0.049 0.045 0.042 0.039 0.037 0.034 0.031 0.028 0.025 0.022 0.018 0.013 0.009 0.006 0.003 0.002 0.000 0.000 0.002 0.000 0.058 0.075 0.088 0.100 0.110 0.117 0.123 0.132 0.143 0.159 0.179 0.204 0.232 0.264 0.297 0.332 0.346 0.340 0.334 0.314 0.294 0.274 0.254 0.234 0.214 0.195 0.175 0.156 0.138 0.122 0.110 0.102 0.112 0.125
0.000 0.000 0.061 0.066 0.090 0.003 0.000 0.008 0.041 0.119 0.119 0.000 0.085 0.100 0.001 0.000 0.016 0.033 0.047 0.065 0.067 0.062 0.057 0.052 0.048 0.044 0.040 0.037 0.034 0.031 0.028 0.024 0.021 0.017 0.014 0.010 0.007 0.004 0.002 0.002 0.001 0.002 0.003 0.040 0.058 0.073 0.085 0.097 0.109 0.121 0.136 0.155 0.180 0.210 0.238 0.268 0.301 0.335 0.370 0.396 0.390 0.370 0.350 0.329 0.309 0.288 0.268 0.248 0.228 0.208 0.188 0.169 0.151 0.135 0.123 0.125 0.138
0.000 0.044 0.002 0.000 0.110 0.000 0.000 0.021 0.046 0.000 0.115 0.113 0.107 0.112 0.102 0.000 0.020 0.033 0.051 0.072 0.072 0.066 0.061 0.055 0.050 0.046 0.041 0.037 0.034 0.030 0.027 0.024 0.021 0.018 0.014 0.011 0.008 0.004 0.003 0.003 0.003 0.002 0.004 0.026 0.044 0.058 0.071 0.084 0.096 0.110 0.126 0.148 0.175 0.207 0.243 0.281 0.321 0.361 0.403 0.445 0.428 0.407 0.387 0.366 0.345 0.325 0.304 0.283 0.263 0.243 0.223 0.203 0.184 0.166 0.150 0.143 0.155
0.052 0.000 0.015 0.000 0.014 0.073 0.007 0.000 0.363 0.385 0.000 0.000 0.000 0.000 0.075 0.072 0.000 0.038 0.060 0.082 0.076 0.069 0.063 0.058 0.052 0.047 0.042 0.038 0.035 0.031 0.028 0.025 0.021 0.018 0.015 0.011 0.008 0.004 0.004 0.004 0.004 0.003 0.004 0.017 0.031 0.045 0.058 0.071 0.084 0.098 0.117 0.141 0.170 0.205 0.242 0.281 0.322 0.363 0.404 0.427 0.428 0.416 0.405 0.394 0.383 0.362 0.342 0.321 0.300 0.279 0.259 0.239 0.219 0.200 0.182 0.166 0.175
0.000 0.024 0.001 0.000 0.376 0.016 0.021 0.358 0.380 0.402 0.036 0.028 0.000 0.026 0.055 0.060 0.048 0.049 0.066 0.000 0.074 0.069 0.063 0.058 0.053 0.049 0.045 0.040 0.036 0.033 0.029 0.026 0.022 0.019 0.015 0.012 0.008 0.004 0.005 0.005 0.005 0.004 0.004 0.011 0.022 0.034 0.046 0.058 0.072 0.087 0.108 0.134 0.167 0.203 0.242 0.282 0.323 0.364 0.396 0.409 0.419 0.408 0.397 0.386 0.374 0.363 0.351 0.339 0.327 0.316 0.295 0.275 0.255 0.235 0.215 0.197 0.197
0.000 0.001 0.073 0.013 0.000 0.014 0.002 0.011 0.026 0.021 0.001 0.007 0.015 0.025 0.044 0.051 0.050 0.053 0.065 0.077 0.073 0.068 0.064 0.060 0.055 0.051 0.047 0.043 0.038 0.034 0.030 0.027 0.023 0.019 0.016 0.012 0.007 0.006 0.006 0.006 0.006 0.006 0.005 0.007 0.015 0.024 0.035 0.047 0.060 0.077 0.099 0.129 0.164 0.202 0.241 0.282 0.324 0.365 0.378 0.391 0.403 0.400 0.388 0.377 0.366 0.354 0.342 0.330 0.319 0.307 0.295 0.283 0.271 0.260 0.249 0.230 0.221
0.000 0.002 0.043 0.012 0.009 0.022 0.000 0.000 0.000 0.031 0.023 0.022 0.020 0.025 0.037 0.045 0.049 0.055 0.068 0.081 0.076 0.071 0.067 0.062 0.058 0.053 0.049 0.045 0.041 0.036 0.032 0.028 0.024 0.020 0.016 0.012 0.007 0.007 0.007 0.008 0.008 0.007 0.006 0.005 0.010 0.017 0.026 0.037 0.050 0.067 0.092 0.124 0.161 0.201 0.242 0.283 0.325 0.346 0.359 0.372 0.385 0.391 0.379 0.368 0.356 0.345 0.333 0.321 0.309 0.297 0.285 0.272 0.260 0.247 0.235 0.223 0.238
0.000 0.000 0.000 0.383 0.000 0.010 0.000 0.000 0.002 0.022 0.022 0.022 0.022 0.024 0.032 0.040 0.046 0.056 0.071 0.082 0.079 0.075 0.070 0.065 0.060 0.056 0.051 0.047 0.043 0.038 0.034 0.030 0.026 0.022 0.017 0.013 0.008 0.008 0.009 0.009 0.009 0.009 0.008 0.007 0.008 0.012 0.019 0.028 0.040 0.058 0.086 0.121 0.160 0.201 0.242 0.284 0.314 0.327 0.340 0.353 0.366 0.378 0.370 0.359 0.347 0.335 0.323 0.311 0.299 0.286 0.273 0.260 0.246 0.232 0.217 0.227 0.250
0.000 0.016 0.385 0.000 0.000 0.023 0.000 0.000 0.002 0.015 0.019 0.021 0.021 0.024 0.029 0.036 0.044 0.057 0.075 0.083 0.080 0.077 0.073 0.068 0.063 0.058 0.054 0.049 0.045 0.040 0.036 0.032 0.027 0.023 0.018 0.013 0.010 0.010 0.010 0.010 0.010 0.010 0.010 0.009 0.007 0.009 0.014 0.021 0.032 0.051 0.081 0.119 0.159 0.201 0.243 0.282 0.295 0.308 0.321 0.334 0.346 0.359 0.361 0.349 0.337 0.325 0.313 0.300 0.288 0.274 0.260 0.246 0.230 0.213 0.214 0.233 0.254
0.026 0.086 0.000 0.000 0.000 0.016 0.011 0.008 0.007 0.012 0.016 0.019 0.020 0.023 0.027 0.034 0.044 0.059 0.079 0.083 0.080 0.078 0.075 0.071 0.066 0.061 0.056 0.052 0.047 0.043 0.038 0.034 0.029 0.024 0.019 0.012 0.012 0.012 0.012 0.012 0.012 0.011 0.011 0.010 0.009 0.008 0.011 0.016 0.025 0.045 0.078 0.118 0.159 0.201 0.243 0.263 0.276 0.289 0.302 0.314 0.327 0.339 0.351 0.339 0.327 0.315 0.302 0.289 0.275 0.261 0.246 0.230 0.212 0.204 0.219 0.237 0.257
0.003 0.001 0.000 0.001 0.001 0.011 0.011 0.010 0.009 0.011 0.014 0.017 0.019 0.021 0.026 0.032 0.044 0.061 0.082 0.083 0.081 0.078 0.075 0.073 0.068 0.063 0.059 0.054 0.049 0.045 0.040 0.035 0.031 0.026 0.020 0.014 0.013 0.013 0.013 0.013 0.013 0.013 0.013 0.012 0.011 0.008 0.009 0.013 0.020 0.040 0.076 0.117 0.159 0.202 0.230 0.244 0.257 0.269 0.282 0.294 0.307 0.319 0.331 0.328 0.316 0.303 0.290 0.277 0.262 0.247 0.230 0.212 0.197 0.208 0.223 0.241 0.260
0.001 0.004 0.003 0.002 0.002 0.008 0.010 0.010 0.010 0.011 0.013 0.015 0.018 0.020 0.024 0.032 0.045 0.064 0.085 0.083 0.081 0.078 0.076 0.073 0.070 0.066 0.061 0.056 0.052 0.047 0.042 0.037 0.032 0.027 0.019 0.016 0.015 0.015 0.015 0.015 0.015 0.014 0.014 0.013 0.012 0.011 0.008 0.011 0.017 0.037 0.075 0.117 0.160 0.197 0.211 0.224 0.237 0.249 0.262 0.274 0.286 0.298 0.310 0.316 0.304 0.291 0.277 0.263 0.248 0.231 0.212 0.191 0.200 0.212 0.227 0.245 0.264
0.004 0.003 0.003 0.003 0.003 0.006 0.008 0.009 0.010 0.011 0.012 0.014 0.016 0.019 0.023 0.031 0.047 0.068 0.085 0.083 0.081 0.078 0.076 0.073 0.071 0.068 0.064 0.059 0.054 0.049 0.044 0.039 0.033 0.027 0.019 0.018 0.017 0.017 0.017 0.016 0.016 0.016 0.015 0.015 0.014 0.013 0.010 0.010 0.015 0.035 0.075 0.117 0.160 0.178 0.191 0.204 0.217 0.229 0.241 0.253 0.265 0.276 0.288 0.299 0.291 0.277 0.263 0.248 0.232 0.213 0.190 0.193 0.203 0.216 0.231 0.249 0.268
0.005 0.004 0.003 0.003 0.003 0.005 0.007 0.009 0.010 0.011 0.012 0.013 0.015 0.018 0.022 0.032 0.050 0.072 0.085 0.083 0.081 0.078 0.076 0.073 0.071 0.068 0.065 0.061 0.056 0.051 0.046 0.040 0.035 0.027 0.020 0.020 0.019 0.019 0.018 0.018 0.018 0.017 0.017 0.017 0.016 0.015 0.013 0.009 0.013 0.034 0.075 0.117 0.144 0.157 0.170 0.183 0.195 0.208 0.219 0.231 0.242 0.254 0.264 0.275 0.277 0.263 0.248 0.232 0.213 0.191 0.188 0.196 0.206 0.220 0.236 0.254 0.273
0.005 0.005 0.004 0.003 0.003 0.004 0.006 0.008 0.009 0.010 0.011 0.013 0.015 0.017 0.022 0.033 0.053 0.075 0.085 0.082 0.080 0.078 0.076 0.073 0.071 0.068 0.066 0.063 0.058 0.053 0.048 0.042 0.035 0.027 0.023 0.022 0.021 0.021 0.020 0.020 0.019 0.019 0.019 0.018 0.017 0.017 0.015 0.012 0.012 0.033 0.074 0.110 0.123 0.136 0.149 0.161 0.173 0.185 0.196 0.208 0.219 0.229 0.240 0.250 0.260 0.246 0.230 0.213 0.191 0.183 0.189 0.198 0.210 0.225 0.241 0.260 0.280
0.006 0.005 0.005 0.004 0.004 0.004 0.005 0.007 0.008 0.009 0.011 0.012 0.014 0.016 0.022 0.036 0.056 0.079 0.084 0.082 0.080 0.078 0.076 0.073 0.071 0.068 0.066 0.063 0.059 0.055 0.049 0.043 0.036 0.026 0.025 0.024 0.023 0.022 0.022 0.021 0.021 0.020 0.020 0.020 0.019 0.018 0.017 0.015 0.013 0.030 0.071 0.087 0.100 0.112 0.124 0.136 0.148 0.160 0.171 0.182 0.192 0.203 0.213 0.222 0.231 0.227 0.210 0.190 0.177 0.183 0.191 0.201 0.215 0.230 0.248 0.267 0.287
0.007 0.006 0.005 0.005 0.005 0.004 0.005 0.006 0.007 0.009 0.010 0.011 0.013 0.016 0.022 0.038 0.060 0.082 0.084 0.081 0.079 0.077 0.075 0.073 0.070 0.068 0.065 0.062 0.059 0.056 0.051 0.044 0.036 0.028 0.027 0.026 0.025 0.024 0.023 0.023 0.022 0.022 0.021 0.021 0.020 0.019 0.018 0.017 0.015 0.023 0.045 0.057 0.070 0.082 0.094 0.106 0.118 0.130 0.141 0.151 0.162 0.171 0.181 0.190 0.199 0.204 0.186 0.168 0.174 0.182 0.193 0.205 0.220 0.237 0.256 0.276 0.297
0.008 0.007 0.006 0.006 0.005 0.005 0.005 0.005 0.006 0.008 0.009 0.011 0.012 0.015 0.023 0.041 0.063 0.085 0.083 0.081 0.079 0.077 0.074 0.072 0.070 0.067 0.065 0.062 0.059 0.055 0.051 0.044 0.035 0.030 0.028 0.027 0.026 0.025 0.024 0.023 0.022 0.022 0.021 0.020 0.020 0.019 0.018 0.017 0.017 0.022 0.038 0.046 0.054 0.062 0.070 0.077 0.083 0.089 0.099 0.109 0.120 0.130 0.139 0.149 0.157 0.165 0.154 0.162 0.171 0.182 0.195 0.210 0.227 0.245 0.265 0.286 0.308
0.009 0.008 0.007 0.007 0.006 0.006 0.006 0.006 0.006 0.006 0.008 0.010 0.012 0.015 0.024 0.044 0.066 0.084 0.082 0.080 0.078 0.076 0.074 0.071 0.069 0.066 0.064 0.061 0.057 0.053 0.049 0.043 0.033 0.030 0.028 0.027 0.026 0.025 0.024 0.024 0.023 0.022 0.022 0.021 0.021 0.020 0.020 0.019 0.017 0.021 0.040 0.047 0.054 0.062 0.069 0.076 0.084 0.091 0.098 0.106 0.114 0.121 0.129 0.136 0.142 0.147 0.139 0.153 0.168 0.183 0.199 0.216 0.235 0.255 0.276 0.298 0.321
0.010 0.009 0.008 0.007 0.007 0.006 0.006 0.006 0.006 0.007 0.007 0.008 0.010 0.014 0.026 0.047 0.069 0.083 0.081 0.078 0.076 0.074 0.072 0.070 0.067 0.064 0.061 0.058 0.054 0.050 0.044 0.039 0.033 0.032 0.030 0.029 0.028 0.027 0.026 0.025 0.024 0.024 0.023 0.023 0.022 0.022 0.021 0.020 0.017 0.021 0.037 0.049 0.055 0.062 0.070 0.077 0.085 0.092 0.100 0.108 0.117 0.125 0.133 0.142 0.150 0.146 0.122 0.136 0.156 0.176 0.196 0.217 0.239 0.262 0.286 0.310 0.335
0.011 0.010 0.009 0.008 0.008 0.007 0.007 0.007 0.007 0.007 0.007 0.008 0.009 0.014 0.027 0.048 0.071 0.080 0.078 0.076 0.074 0.072 0.069 0.067 0.064 0.061 0.057 0.054 0.052 0.049 0.045 0.039 0.035 0.034 0.033 0.031 0.030 0.029 0.028 0.027 0.026 0.025 0.025 0.024 0.024 0.023 0.022 0.020 0.018 0.021 0.033 0.051 0.058 0.064 0.072 0.080 0.088 0.096 0.105 0.113 0.122 0.132 0.141 0.152 0.161 0.142 0.121 0.118 0.144 0.169 0.193 0.216 0.240 0.265 0.290 0.315 0.340
0.013 0.012 0.010 0.009 0.009 0.008 0.008 0.008 0.008 0.008 0.008 0.008 0.009 0.012 0.027 0.049 0.071 0.077 0.075 0.073 0.070 0.068 0.065 0.062 0.060 0.059 0.057 0.055 0.052 0.049 0.045 0.038 0.036 0.036 0.035 0.034 0.032 0.031 0.029 0.028 0.028 0.027 0.026 0.026 0.025 0.024 0.023 0.019 0.019 0.021 0.030 0.047 0.063 0.069 0.077 0.085 0.094 0.102 0.112 0.121 0.131 0.142 0.153 0.166 0.158 0.140 0.123 0.109 0.136 0.164 0.190 0.216 0.242 0.268 0.294 0.320 0.346
0.014 0.013 0.011 0.011 0.010 0.009 0.009 0.008 0.008 0.008 0.008 0.009 0.011 0.017 0.028 0.047 0.070 0.071 0.069 0.067 0.064 0.064 0.063 0.062 0.061 0.059 0.058 0.055 0.053 0.049 0.044 0.038 0.037 0.037 0.037 0.036 0.034 0.033 0.031 0.030 0.029 0.028 0.028 0.027 0.026 0.025 0.023 0.020 0.020 0.022 0.029 0.044 0.066 0.078 0.086 0.095 0.103 0.113 0.122 0.133 0.144 0.156 0.169 0.172 0.156 0.140 0.126 0.115 0.128 0.161 0.190 0.218 0.245 0.272 0.299 0.326 0.353
