includes/camargue/floodfiles/results/res-0004.wd
ncols         906
nrows         631
xllcorner     362177.146667
yllcorner     6534725.688020
cellsize      20.000000
NODATA_value  -9999.000000
[rows 544 to 577 of 631, columns 770 to 846 of 906]
12.497 12.505 12.513 12.547 12.622 12.698 12.772 12.846 12.920 12.994 13.068 13.141 13.215 13.288 13.362 13.435 13.510 13.589 13.659 13.715 13.770 13.825 13.881 13.936 13.991 14.046 14.101 14.157 14.211 14.265 14.319 14.373 14.426 14.480 14.534 14.557 14.572 14.588 14.603 14.619 14.634 14.673 14.726 14.779 14.832 14.886 14.939 14.992 15.046 15.099 15.152 15.205 15.220 15.215 15.232 15.297 15.363 15.427 15.493 15.559 15.624 15.690 15.755 15.821 15.892 15.970 16.048 16.119 16.107 16.166 16.225 16.283 16.342 16.401 16.459 16.518 16.576
12.480 12.488 12.496 12.504 12.546 12.620 12.694 12.768 12.842 12.915 12.988 13.062 13.135 13.209 13.282 13.356 13.433 13.512 13.591 13.659 13.715 13.770 13.825 13.881 13.936 13.991 14.047 14.102 14.156 14.210 14.264 14.318 14.371 14.425 14.478 14.531 14.551 14.567 14.582 14.598 14.614 14.665 14.718 14.771 14.824 14.878 14.931 14.984 15.037 15.091 15.144 15.197 15.251 15.258 15.302 15.367 15.433 15.498 15.565 15.643 15.721 15.798 15.876 15.954 16.032 16.110 16.187 16.212 16.160 16.181 16.239 16.298 16.357 16.415 16.474 16.533 16.591
12.464 12.472 12.480 12.487 12.493 12.542 12.615 12.689 12.762 12.836 12.909 12.982 13.056 13.129 13.203 13.276 13.355 13.434 13.514 13.593 13.660 13.715 13.770 13.826 13.881 13.936 13.991 14.047 14.100 14.154 14.208 14.262 14.315 14.369 14.423 14.476 14.530 14.547 14.563 14.578 14.604 14.658 14.711 14.764 14.817 14.871 14.924 14.977 15.030 15.084 15.137 15.189 15.243 15.315 15.392 15.470 15.548 15.626 15.704 15.782 15.859 15.937 16.015 16.093 16.171 16.248 16.326 16.304 16.252 16.201 16.255 16.314 16.373 16.431 16.490 16.548 16.607
12.438 12.444 12.450 12.456 12.465 12.478 12.536 12.609 12.683 12.756 12.830 12.903 12.976 13.050 13.123 13.198 13.278 13.357 13.436 13.516 13.595 13.660 13.715 13.771 13.826 13.881 13.936 13.992 14.044 14.098 14.152 14.206 14.259 14.313 14.367 14.420 14.474 14.527 14.542 14.558 14.596 14.649 14.703 14.756 14.809 14.863 14.916 14.969 15.032 15.119 15.207 15.295 15.383 15.462 15.532 15.610 15.688 15.766 15.844 15.921 15.999 16.077 16.155 16.233 16.310 16.387 16.447 16.396 16.344 16.293 16.270 16.329 16.387 16.446 16.505 16.563 16.622
12.407 12.413 12.419 12.425 12.437 12.450 12.464 12.530 12.603 12.677 12.750 12.824 12.897 12.970 13.044 13.121 13.200 13.280 13.359 13.438 13.518 13.597 13.660 13.715 13.771 13.826 13.881 13.936 13.989 14.043 14.097 14.151 14.204 14.258 14.312 14.365 14.419 14.473 14.523 14.538 14.589 14.642 14.696 14.749 14.834 14.922 15.010 15.097 15.185 15.272 15.360 15.448 15.536 15.609 15.678 15.749 15.827 15.904 15.982 16.060 16.138 16.216 16.294 16.371 16.449 16.527 16.540 16.489 16.437 16.386 16.334 16.344 16.402 16.461 16.519 16.578 16.637
12.377 12.383 12.389 12.396 12.409 12.423 12.436 12.451 12.524 12.597 12.671 12.744 12.818 12.891 12.964 13.044 13.123 13.202 13.281 13.361 13.440 13.519 13.599 13.660 13.716 13.771 13.826 13.880 13.934 13.987 14.041 14.095 14.148 14.202 14.256 14.309 14.363 14.417 14.471 14.549 14.636 14.724 14.812 14.900 14.988 15.075 15.163 15.251 15.339 15.427 15.514 15.602 15.687 15.756 15.825 15.894 15.966 16.043 16.121 16.199 16.277 16.355 16.432 16.510 16.588 16.666 16.632 16.581 16.529 16.478 16.426 16.375 16.418 16.476 16.535 16.594 16.652
12.346 12.352 12.358 12.368 12.382 12.395 12.409 12.422 12.444 12.518 12.591 12.665 12.738 12.812 12.887 12.966 13.045 13.125 13.204 13.283 13.363 13.442 13.521 13.600 13.661 13.716 13.771 13.824 13.878 13.932 13.986 14.040 14.093 14.147 14.202 14.304 14.405 14.507 14.609 14.702 14.789 14.877 14.965 15.053 15.141 15.228 15.316 15.404 15.492 15.580 15.667 15.755 15.833 15.902 15.971 16.040 16.109 16.183 16.261 16.339 16.417 16.494 16.572 16.650 16.728 16.776 16.725 16.673 16.621 16.570 16.518 16.467 16.433 16.491 16.550 16.608 16.667
12.315 12.321 12.327 12.341 12.354 12.368 12.381 12.394 12.408 12.439 12.512 12.585 12.659 12.732 12.809 12.889 12.968 13.047 13.127 13.206 13.285 13.364 13.444 13.523 13.602 13.661 13.715 13.769 13.822 13.876 13.953 14.055 14.157 14.259 14.361 14.463 14.565 14.667 14.768 14.856 14.943 15.031 15.119 15.207 15.295 15.382 15.470 15.558 15.646 15.734 15.821 15.909 15.980 16.048 16.117 16.186 16.255 16.324 16.400 16.477 16.555 16.633 16.711 16.789 16.867 16.868 16.817 16.765 16.714 16.663 16.611 16.560 16.508 16.507 16.566 16.624 16.677
12.284 12.290 12.300 12.313 12.327 12.340 12.353 12.367 12.380 12.394 12.433 12.506 12.579 12.653 12.732 12.811 12.890 12.970 13.049 13.128 13.208 13.287 13.366 13.445 13.525 13.604 13.704 13.806 13.908 14.010 14.112 14.214 14.315 14.417 14.519 14.621 14.723 14.825 14.921 15.009 15.097 15.184 15.272 15.360 15.448 15.535 15.623 15.711 15.799 15.887 15.974 16.057 16.126 16.195 16.264 16.333 16.402 16.472 16.541 16.617 16.695 16.772 16.850 16.928 17.005 16.960 16.909 16.857 16.806 16.754 16.703 16.652 16.600 16.549 16.580 16.639 16.669
12.254 12.260 12.272 12.285 12.299 12.312 12.326 12.339 12.353 12.366 12.379 12.427 12.500 12.575 12.654 12.734 12.813 12.892 12.972 13.051 13.130 13.225 13.339 13.453 13.567 13.699 13.863 13.965 14.067 14.169 14.271 14.373 14.475 14.577 14.679 14.781 14.883 14.985 15.075 15.163 15.251 15.338 15.426 15.514 15.602 15.690 15.777 15.865 15.953 16.040 16.128 16.203 16.272 16.341 16.410 16.479 16.548 16.618 16.687 16.756 16.834 16.912 16.990 17.067 17.105 17.053 17.002 16.950 16.899 16.847 16.796 16.745 16.692 16.641 16.595 16.637 16.660
12.223 12.231 12.244 12.258 12.271 12.285 12.298 12.311 12.325 12.338 12.352 12.365 12.421 12.498 12.577 12.656 12.736 12.849 12.963 13.077 13.191 13.305 13.420 13.534 13.647 13.800 13.970 14.123 14.225 14.327 14.429 14.531 14.633 14.735 14.837 14.939 15.041 15.141 15.228 15.316 15.404 15.492 15.579 15.667 15.755 15.843 15.930 16.018 16.106 16.194 16.281 16.350 16.419 16.488 16.557 16.625 16.695 16.764 16.833 16.902 16.973 17.051 17.128 17.206 17.196 17.145 17.094 17.042 16.991 16.939 16.888 16.836 16.785 16.713 16.634 16.631 16.654
12.192 12.203 12.217 12.230 12.244 12.257 12.270 12.284 12.297 12.311 12.324 12.337 12.365 12.473 12.587 12.701 12.815 12.929 13.043 13.158 13.272 13.386 13.500 13.614 13.732 13.902 14.072 14.241 14.385 14.487 14.589 14.691 14.793 14.895 14.997 15.099 15.200 15.294 15.382 15.469 15.557 15.645 15.732 15.820 15.908 15.996 16.083 16.171 16.259 16.347 16.427 16.496 16.565 16.634 16.703 16.773 16.842 16.911 16.980 17.049 17.118 17.190 17.268 17.341 17.289 17.238 17.186 17.134 17.083 17.027 16.947 16.867 16.788 16.708 16.628 16.627 16.649
12.162 12.176 12.189 12.203 12.216 12.229 12.243 12.278 12.313 12.348 12.382 12.417 12.471 12.553 12.667 12.781 12.896 13.009 13.124 13.238 13.352 13.466 13.580 13.694 13.833 14.003 14.173 14.342 14.512 14.645 14.747 14.849 14.951 15.053 15.155 15.257 15.359 15.448 15.536 15.623 15.711 15.799 15.887 15.974 16.062 16.150 16.237 16.325 16.413 16.501 16.574 16.642 16.711 16.780 16.850 16.919 16.988 17.057 17.126 17.195 17.264 17.333 17.407 17.433 17.381 17.330 17.261 17.182 17.102 17.022 16.943 16.863 16.783 16.704 16.624 16.623 16.645
12.135 12.157 12.192 12.226 12.261 12.296 12.331 12.366 12.400 12.435 12.470 12.505 12.578 12.660 12.748 12.862 12.976 13.090 13.204 13.318 13.432 13.546 13.660 13.774 13.935 14.105 14.275 14.444 14.614 14.784 14.907 15.009 15.111 15.212 15.314 15.416 15.513 15.601 15.689 15.777 15.864 15.952 16.040 16.127 16.215 16.303 16.391 16.478 16.566 16.651 16.720 16.789 16.858 16.927 16.997 17.066 17.135 17.204 17.273 17.342 17.411 17.480 17.543 17.495 17.415 17.336 17.256 17.176 17.097 17.017 16.937 16.858 16.778 16.698 16.618 16.618 16.641
12.209 12.244 12.279 12.314 12.349 12.384 12.419 12.453 12.488 12.523 12.558 12.602 12.684 12.767 12.849 12.942 13.056 13.170 13.284 13.398 13.512 13.626 13.740 13.866 14.036 14.206 14.376 14.545 14.715 14.885 15.055 15.167 15.269 15.371 15.473 15.575 15.667 15.755 15.843 15.931 16.018 16.106 16.194 16.281 16.369 16.457 16.545 16.631 16.719 16.797 16.866 16.935 17.004 17.074 17.143 17.212 17.281 17.340 17.381 17.423 17.464 17.506 17.535 17.480 17.411 17.331 17.252 17.172 17.092 17.013 16.932 16.852 16.772 16.693 16.613 16.613 16.636
12.247 12.332 12.367 12.402 12.436 12.471 12.506 12.541 12.576 12.611 12.645 12.708 12.791 12.873 12.956 13.038 13.136 13.250 13.364 13.478 13.592 13.706 13.820 13.968 14.138 14.308 14.478 14.647 14.817 14.986 15.156 15.326 15.428 15.530 15.632 15.733 15.821 15.908 15.996 16.084 16.171 16.259 16.347 16.435 16.522 16.610 16.698 16.785 16.873 16.944 17.013 17.082 17.136 17.178 17.218 17.260 17.302 17.343 17.385 17.426 17.468 17.510 17.503 17.448 17.393 17.326 17.246 17.167 17.087 17.007 16.927 16.848 16.768 16.688 16.609 16.609 16.632
12.285 12.383 12.454 12.489 12.524 12.559 12.594 12.629 12.663 12.698 12.733 12.815 12.897 12.980 13.062 13.145 13.227 13.330 13.444 13.558 13.672 13.786 13.900 14.069 14.239 14.409 14.579 14.748 14.918 15.088 15.258 15.428 15.587 15.689 15.791 15.887 15.975 16.062 16.150 16.238 16.326 16.413 16.500 16.588 16.675 16.763 16.851 16.929 16.978 17.015 17.056 17.098 17.140 17.181 17.223 17.265 17.306 17.348 17.389 17.431 17.473 17.514 17.472 17.417 17.361 17.306 17.241 17.161 17.081 17.002 16.922 16.842 16.763 16.683 16.603 16.604 16.627
12.322 12.420 12.518 12.577 12.612 12.647 12.681 12.716 12.751 12.786 12.839 12.922 13.004 13.086 13.169 13.251 13.334 13.416 13.524 13.638 13.752 13.866 14.001 14.171 14.341 14.511 14.681 14.849 15.019 15.189 15.359 15.529 15.699 15.848 15.950 16.040 16.128 16.216 16.303 16.391 16.479 16.562 16.639 16.716 16.793 16.870 16.947 17.024 17.031 17.018 17.060 17.102 17.143 17.185 17.226 17.268 17.310 17.351 17.393 17.435 17.476 17.495 17.440 17.385 17.330 17.275 17.220 17.157 17.077 16.997 16.918 16.838 16.758 16.679 16.599 16.600 16.622
12.359 12.457 12.555 12.654 12.699 12.734 12.769 12.804 12.839 12.873 12.946 13.028 13.111 13.193 13.275 13.358 13.440 13.523 13.605 13.718 13.832 13.946 14.102 14.272 14.442 14.612 14.782 14.951 15.121 15.291 15.461 15.631 15.800 15.970 16.106 16.193 16.270 16.347 16.425 16.502 16.579 16.656 16.733 16.810 16.887 16.964 17.041 17.104 17.085 17.066 17.065 17.106 17.148 17.189 17.231 17.273 17.314 17.355 17.397 17.438 17.480 17.463 17.408 17.353 17.298 17.243 17.188 17.133 17.072 16.992 16.912 16.833 16.753 16.673 16.593 16.596 16.618
12.396 12.494 12.592 12.691 12.787 12.822 12.856 12.891 12.926 12.970 13.052 13.135 13.217 13.300 13.382 13.464 13.547 13.629 13.712 13.798 13.912 14.034 14.204 14.374 14.543 14.713 14.883 15.052 15.222 15.392 15.581 15.782 15.983 16.184 16.246 16.288 16.365 16.442 16.520 16.597 16.674 16.751 16.828 16.905 16.981 17.058 17.135 17.158 17.138 17.119 17.099 17.110 17.151 17.193 17.235 17.276 17.318 17.360 17.401 17.443 17.485 17.432 17.377 17.322 17.267 17.212 17.157 17.101 17.046 16.987 16.907 16.827 16.747 16.668 16.588 16.591 16.614
12.433 12.531 12.629 12.728 12.826 12.909 12.944 12.979 13.014 13.076 13.159 13.241 13.324 13.406 13.489 13.571 13.653 13.736 13.818 13.901 13.992 14.135 14.305 14.475 14.652 14.853 15.054 15.255 15.456 15.656 15.857 16.058 16.259 16.451 16.422 16.393 16.459 16.536 16.613 16.691 16.768 16.845 16.922 16.999 17.076 17.153 17.230 17.212 17.192 17.173 17.152 17.133 17.155 17.197 17.238 17.280 17.322 17.363 17.405 17.447 17.455 17.400 17.345 17.290 17.235 17.180 17.125 17.070 17.015 16.960 16.902 16.823 16.743 16.663 16.584 16.587 16.610
12.470 12.568 12.666 12.765 12.863 12.962 13.032 13.066 13.101 13.183 13.265 13.348 13.430 13.513 13.595 13.678 13.760 13.842 13.925 14.036 14.156 14.325 14.526 14.727 14.928 15.129 15.330 15.531 15.732 15.933 16.134 16.335 16.536 16.628 16.599 16.570 16.554 16.630 16.707 16.785 16.862 16.939 17.016 17.093 17.170 17.247 17.284 17.265 17.245 17.226 17.206 17.187 17.168 17.201 17.243 17.285 17.326 17.368 17.409 17.450 17.423 17.368 17.313 17.258 17.203 17.148 17.093 17.038 16.983 16.928 16.873 16.817 16.738 16.658 16.578 16.582 16.605
12.507 12.605 12.703 12.802 12.900 12.999 13.097 13.154 13.207 13.290 13.372 13.454 13.537 13.624 13.744 13.864 13.985 14.105 14.226 14.346 14.475 14.619 14.803 15.004 15.205 15.406 15.606 15.807 16.008 16.209 16.411 16.612 16.813 16.804 16.775 16.746 16.717 16.725 16.802 16.879 16.957 17.034 17.111 17.188 17.264 17.341 17.337 17.318 17.298 17.279 17.259 17.240 17.221 17.205 17.247 17.288 17.330 17.371 17.413 17.447 17.392 17.337 17.282 17.227 17.172 17.117 17.062 17.007 16.952 16.897 16.842 16.786 16.731 16.652 16.573 16.578 16.600
12.544 12.642 12.740 12.839 12.937 13.036 13.134 13.232 13.332 13.452 13.573 13.693 13.814 13.934 14.054 14.174 14.295 14.415 14.535 14.656 14.795 14.939 15.084 15.280 15.481 15.682 15.884 16.085 16.286 16.487 16.688 16.889 17.009 16.980 16.951 16.922 16.893 16.863 16.896 16.973 17.051 17.128 17.205 17.282 17.359 17.411 17.391 17.372 17.352 17.333 17.314 17.294 17.275 17.254 17.250 17.292 17.333 17.375 17.417 17.415 17.360 17.305 17.250 17.195 17.140 17.085 17.030 16.975 16.920 16.865 16.811 16.756 16.701 16.646 16.568 16.574 16.539
12.581 12.679 12.777 12.879 13.025 13.172 13.318 13.469 13.642 13.763 13.883 14.003 14.124 14.244 14.365 14.485 14.605 14.726 14.846 14.971 15.116 15.260 15.405 15.557 15.758 15.959 16.160 16.361 16.562 16.763 16.964 17.165 17.186 17.157 17.128 17.099 17.070 17.040 17.011 17.067 17.144 17.222 17.299 17.376 17.453 17.464 17.444 17.425 17.405 17.386 17.367 17.347 17.328 17.308 17.289 17.296 17.338 17.380 17.421 17.384 17.329 17.274 17.218 17.163 17.108 17.053 16.998 16.943 16.889 16.834 16.779 16.724 16.669 16.614 16.559 16.510 16.462
12.694 12.840 12.987 13.133 13.280 13.427 13.573 13.734 13.909 14.073 14.193 14.313 14.434 14.554 14.675 14.795 14.915 15.036 15.156 15.291 15.436 15.580 15.725 15.869 16.035 16.236 16.437 16.638 16.838 17.039 17.240 17.391 17.362 17.333 17.304 17.275 17.246 17.216 17.187 17.162 17.239 17.317 17.394 17.471 17.536 17.517 17.497 17.478 17.458 17.439 17.420 17.400 17.381 17.361 17.342 17.323 17.342 17.383 17.407 17.352 17.297 17.242 17.187 17.132 17.077 17.022 16.968 16.913 16.858 16.794 16.721 16.648 16.574 16.501 16.439 16.397 16.355
12.949 13.095 13.242 13.388 13.535 13.681 13.828 14.000 14.175 14.350 14.504 14.624 14.745 14.865 14.985 15.106 15.226 15.347 15.468 15.613 15.756 15.901 16.045 16.190 16.334 16.512 16.713 16.914 17.115 17.316 17.518 17.568 17.539 17.510 17.480 17.451 17.422 17.392 17.363 17.334 17.333 17.410 17.488 17.565 17.590 17.571 17.551 17.532 17.513 17.493 17.474 17.454 17.435 17.415 17.395 17.376 17.356 17.387 17.375 17.320 17.265 17.210 17.155 17.101 17.027 16.954 16.881 16.807 16.734 16.660 16.587 16.513 16.440 16.366 16.321 16.278 16.237
13.203 13.350 13.497 13.643 13.790 13.936 14.090 14.265 14.440 14.614 14.789 14.934 15.054 15.175 15.295 15.416 15.536 15.656 15.788 15.933 16.077 16.222 16.366 16.511 16.654 16.799 16.989 17.191 17.392 17.593 17.774 17.744 17.715 17.686 17.657 17.628 17.599 17.569 17.540 17.511 17.481 17.504 17.582 17.659 17.643 17.624 17.604 17.585 17.566 17.546 17.527 17.507 17.488 17.469 17.449 17.430 17.410 17.391 17.335 17.261 17.188 17.115 17.041 16.968 16.894 16.821 16.747 16.673 16.599 16.526 16.453 16.379 16.306 16.246 16.203 16.160 16.118
13.458 13.605 13.751 13.898 14.045 14.191 14.356 14.530 14.705 14.880 15.055 15.230 15.365 15.485 15.605 15.726 15.846 15.966 16.108 16.253 16.397 16.542 16.686 16.831 16.975 17.120 17.267 17.468 17.669 17.869 17.950 17.920 17.891 17.862 17.833 17.804 17.774 17.745 17.716 17.687 17.658 17.629 17.676 17.717 17.696 17.677 17.658 17.638 17.619 17.599 17.580 17.545 17.504 17.462 17.420 17.378 17.337 17.279 17.201 17.127 17.054 16.980 16.907 16.833 16.760 16.687 16.613 16.540 16.466 16.393 16.319 16.246 16.172 16.129 16.086 16.043 16.000
13.713 13.860 14.006 14.153 14.299 14.446 14.620 14.795 14.970 15.145 15.320 15.495 15.670 15.796 15.916 16.036 16.157 16.285 16.430 16.574 16.718 16.862 17.007 17.151 17.296 17.440 17.584 17.744 17.945 18.146 18.127 18.097 18.068 18.039 18.009 17.980 17.950 17.921 17.892 17.863 17.834 17.805 17.775 17.770 17.729 17.687 17.645 17.604 17.562 17.520 17.478 17.437 17.395 17.353 17.311 17.270 17.227 17.150 17.069 16.993 16.920 16.846 16.773 16.699 16.626 16.552 16.479 16.405 16.332 16.258 16.185 16.112 16.054 16.011 15.968 15.926 15.883
13.968 14.115 14.261 14.407 14.554 14.710 14.885 15.060 15.235 15.410 15.585 15.760 15.935 16.105 16.226 16.346 16.467 16.605 16.750 16.894 17.039 17.183 17.328 17.472 17.616 17.760 17.905 18.049 18.221 18.332 18.303 18.273 18.244 18.215 18.186 18.157 18.106 18.047 17.989 17.929 17.870 17.811 17.741 17.661 17.619 17.577 17.536 17.494 17.452 17.410 17.369 17.327 17.285 17.243 17.202 17.160 17.102 17.021 16.941 16.860 16.786 16.713 16.639 16.566 16.492 16.419 16.346 16.272 16.199 16.125 16.051 15.979 15.936 15.894 15.851 15.808 15.765
14.223 14.369 14.516 14.662 14.809 14.976 15.151 15.326 15.501 15.676 15.851 16.026 16.201 16.376 16.537 16.656 16.781 16.925 17.070 17.214 17.359 17.503 17.648 17.792 17.937 18.081 18.226 18.370 18.500 18.463 18.403 18.344 18.286 18.227 18.168 18.109 18.050 17.991 17.932 17.873 17.814 17.755 17.668 17.574 17.510 17.469 17.427 17.385 17.342 17.301 17.259 17.217 17.175 17.134 17.092 17.050 16.973 16.892 16.811 16.731 16.652 16.579 16.505 16.432 16.358 16.285 16.211 16.138 16.064 15.991 15.918 15.863 15.820 15.777 15.734 15.691 15.648
14.477 14.624 14.770 14.917 15.066 15.241 15.416 15.591 15.766 15.941 16.116 16.291 16.466 16.641 16.815 16.967 17.102 17.246 17.391 17.535 17.679 17.794 17.909 18.023 18.138 18.252 18.367 18.481 18.519 18.407 18.348 18.289 18.230 18.171 18.111 18.052 17.993 17.935 17.876 17.817 17.758 17.688 17.594 17.500 17.406 17.359 17.317 17.275 17.233 17.192 17.150 17.108 17.066 17.025 16.983 16.925 16.844 16.764 16.682 16.601 16.520 16.444 16.371 16.297 16.224 16.151 16.077 16.004 15.930 15.857 15.788 15.745 15.702 15.659 15.616 15.573 15.530
14.749 14.880 15.026 15.172 15.332 15.507 15.681 15.856 16.031 16.206 16.381 16.556 16.731 16.905 17.079 17.244 17.319 17.433 17.548 17.662 17.777 17.891 18.006 18.120 18.234 18.348 18.462 18.577 18.501 18.386 18.291 18.233 18.174 18.115 18.056 17.997 17.938 17.879 17.819 17.760 17.701 17.614 17.520 17.426 17.332 17.249 17.207 17.165 17.124 17.082 17.040 16.998 16.957 16.915 16.873 16.796 16.715 16.634 16.554 16.473 16.392 16.311 16.238 16.164 16.091 16.017 15.944 15.870 15.797 15.723 15.671 15.628 15.585 15.542 15.499 15.456 15.413
