includes/camargue/floodfiles/results/res-0005.wdfp
ncols         906
nrows         631
xllcorner     362177.146667
yllcorner     6534725.688020
cellsize      20.000000
NODATA_value  -9999.000000
[rows 374 to 407 of 631, columns 616 to 692 of 906]
0.000 0.000 2.281 2.431 2.291 2.191 2.321 2.322 1.962 1.782 1.862 1.683 2.163 2.044 2.504 2.364 2.574 2.525 2.505 2.085 2.265 2.396 2.316 2.406 0.000 2.691 2.659 2.949 2.789 2.839 2.789 2.620 2.710 2.750 2.690 2.770 2.690 2.831 2.901 2.901 2.981 2.851 2.911 3.021 2.941 2.992 3.122 2.992 2.942 3.172 2.962 2.982 2.982 3.002 2.922 2.832 2.802 2.802 2.782 2.762 2.722 2.612 2.713 2.643 2.543 2.563 2.623 2.193 1.773 1.753 0.655 1.647 0.947 1.077 0.731 0.732 0.551
2.430 2.400 2.451 2.441 2.801 2.491 2.291 2.352 2.412 2.112 2.342 1.863 2.143 2.274 2.494 2.364 2.474 2.575 2.575 2.145 2.295 2.336 2.296 2.596 2.437 2.762 2.796 2.718 2.959 2.749 2.749 2.689 2.779 2.769 2.860 2.770 2.850 2.870 2.930 2.900 2.991 3.001 2.961 2.951 3.051 2.931 3.031 3.001 3.251 3.031 3.012 2.952 2.951 3.061 2.792 2.882 2.872 2.882 2.802 2.772 2.702 2.692 2.662 2.632 2.652 2.712 2.572 2.372 1.903 1.723 1.403 0.964 1.125 1.065 0.000 0.729 0.127
2.330 2.400 2.380 2.361 2.501 2.561 2.551 2.622 2.582 2.462 2.432 2.193 2.323 2.693 2.594 2.584 2.584 2.524 2.645 2.555 2.415 2.525 2.686 2.756 2.787 2.657 2.868 2.668 2.668 2.578 2.808 2.719 2.749 2.769 2.829 2.889 2.950 2.920 2.970 3.200 3.000 3.040 3.061 3.071 3.101 3.181 3.061 3.081 3.141 2.971 2.941 3.061 3.041 3.051 2.831 2.931 2.961 2.821 2.871 2.811 2.762 2.702 2.782 2.842 2.682 2.742 2.522 2.512 2.282 1.972 1.722 1.463 1.133 0.803 0.000 0.726 2.163
2.440 2.310 2.420 2.551 2.491 2.621 2.621 2.691 2.662 2.572 2.362 2.493 2.403 2.613 2.533 2.634 2.614 2.554 2.654 2.625 2.605 2.535 2.736 2.786 2.846 2.477 2.940 3.157 2.798 2.748 2.688 2.758 2.858 2.939 2.889 2.949 3.039 3.069 3.050 3.090 3.080 3.030 3.050 3.200 3.100 3.080 3.280 3.080 3.041 3.061 3.111 3.081 2.971 3.001 3.021 3.051 2.951 2.921 2.921 2.901 2.741 2.741 2.731 2.731 2.641 2.791 2.501 2.632 2.412 2.332 1.702 1.602 1.222 0.792 0.392 0.725 2.967
2.580 2.390 2.520 2.740 2.711 2.571 2.621 2.581 2.612 2.572 2.612 2.712 2.243 2.783 2.683 2.604 2.674 2.664 2.774 2.634 2.565 2.625 2.815 2.826 2.866 2.756 3.226 3.045 2.537 2.797 2.778 2.858 2.898 2.858 2.928 2.948 3.019 3.059 3.069 3.139 3.189 3.159 3.190 3.170 3.180 3.110 3.120 3.050 3.020 3.100 3.140 3.390 3.120 3.090 3.020 3.070 2.960 2.970 2.811 2.911 2.811 2.751 2.781 2.831 2.611 2.701 2.551 2.581 2.511 2.411 1.791 1.841 1.601 1.381 1.441 2.501 3.024
2.589 2.390 2.430 2.680 2.740 2.591 2.601 2.561 2.681 2.592 2.442 2.352 2.293 2.723 2.593 2.673 2.644 2.674 2.684 2.744 2.905 2.845 2.895 2.765 2.766 2.826 2.676 3.117 3.467 2.847 2.807 2.897 2.867 2.948 3.028 3.058 3.098 3.079 3.209 3.179 3.239 3.209 3.129 3.249 3.209 3.129 3.159 3.260 3.180 3.280 3.180 3.150 3.210 3.040 3.170 2.960 2.950 2.960 2.930 2.990 2.930 2.860 2.780 2.740 2.700 2.790 2.741 2.741 2.691 2.531 2.091 2.041 1.711 1.511 1.671 3.081 3.511
2.629 2.609 2.720 2.560 2.750 2.581 2.621 2.771 2.611 2.562 2.712 2.592 2.472 2.653 2.773 2.723 2.743 2.694 2.774 2.874 2.884 2.785 2.745 2.785 2.865 2.776 2.776 3.176 3.223 2.886 2.897 2.967 3.087 2.967 2.998 3.018 2.938 3.238 3.278 3.198 3.099 3.219 3.199 3.359 3.179 3.179 3.289 3.169 3.179 3.209 3.319 3.129 3.169 3.060 3.020 3.110 2.980 2.990 3.140 3.070 2.950 2.790 2.870 2.930 2.850 2.780 2.790 2.740 2.860 2.670 2.340 2.180 2.100 1.840 2.140 3.103 2.231
2.539 2.699 2.659 2.650 2.780 2.690 2.621 2.571 2.681 2.651 2.552 2.672 2.712 2.752 2.843 2.743 2.873 2.803 2.794 2.794 2.724 2.644 2.695 2.795 2.935 3.005 2.895 2.746 3.295 3.006 3.066 3.057 3.047 2.997 3.137 3.147 3.227 3.248 3.128 3.188 3.208 3.238 3.278 3.138 3.209 3.209 3.249 3.189 3.239 3.189 3.329 3.349 3.169 3.139 3.089 3.109 3.139 3.059 3.019 3.069 2.930 2.790 2.839 2.900 2.860 2.870 2.860 2.820 2.800 2.520 2.550 2.660 2.350 2.250 3.660 3.460 2.770
2.699 2.699 2.699 2.770 2.700 2.690 2.781 2.781 2.611 2.691 2.681 2.812 2.882 2.892 2.852 2.863 2.843 2.903 2.993 2.844 2.824 2.794 2.764 2.854 2.805 2.905 2.945 2.915 3.367 3.400 3.036 3.106 3.206 3.127 3.117 3.227 3.217 3.257 3.227 3.278 3.148 3.268 3.218 3.248 3.228 3.158 3.358 3.248 3.328 3.318 3.229 3.379 3.249 3.169 3.149 3.089 3.129 3.169 2.979 2.949 3.049 2.939 2.839 2.929 2.879 2.909 2.979 2.729 2.689 2.549 2.569 2.860 3.090 3.180 3.177 2.780 2.820
2.769 2.769 2.739 2.839 2.900 2.910 2.780 2.700 2.671 2.801 2.741 2.892 2.842 2.882 2.902 2.862 2.913 2.883 2.863 3.043 2.874 2.874 2.744 3.054 2.934 3.055 2.925 3.025 3.045 3.472 2.876 3.156 3.196 3.216 3.187 3.247 3.277 3.267 3.327 3.277 3.197 3.357 3.257 3.258 3.238 3.238 3.238 3.348 3.358 3.338 3.208 3.378 3.378 3.188 3.208 3.188 3.249 3.028 3.009 3.008 2.998 2.969 2.949 2.919 2.889 2.879 2.939 2.769 2.849 2.649 2.639 2.959 3.099 3.215 3.549 2.859 2.910
2.708 2.759 2.919 2.759 2.839 2.790 2.690 2.760 2.711 2.681 2.731 2.951 2.882 2.882 2.912 2.862 2.962 3.013 3.043 2.913 3.013 2.923 2.844 2.994 2.964 3.134 3.075 3.025 3.115 3.536 3.550 3.246 3.246 3.286 3.276 3.276 3.256 3.286 3.267 3.257 3.327 3.287 3.337 3.377 3.287 3.367 3.267 3.287 3.178 3.288 3.298 3.288 3.338 3.258 3.388 3.308 3.098 3.018 2.988 3.078 3.118 3.008 2.968 3.138 2.988 2.838 2.898 2.879 2.759 2.639 2.439 2.919 3.253 3.250 2.899 2.989 2.949
2.738 2.829 2.829 2.819 2.879 2.870 2.780 2.820 2.910 2.911 2.901 3.011 2.831 2.922 2.912 2.982 2.952 2.992 2.993 2.983 2.993 3.073 2.853 3.034 2.974 3.094 3.174 3.134 3.055 2.995 3.572 3.195 3.185 3.226 3.326 3.276 3.286 3.366 3.326 3.276 3.287 3.397 3.197 3.347 3.417 3.367 3.397 3.307 3.257 3.397 3.337 3.308 3.358 3.378 3.278 3.218 3.148 3.168 3.068 3.018 3.118 3.018 3.088 3.068 3.018 3.038 2.968 2.818 2.928 2.628 2.478 3.738 3.288 3.229 2.879 2.919 2.869
2.818 2.798 2.838 2.819 3.009 2.909 2.780 2.910 2.900 2.820 2.901 2.891 2.911 3.011 3.092 3.032 2.972 2.972 3.012 3.023 3.093 3.053 3.023 3.053 3.123 3.004 3.264 3.174 3.174 3.104 3.595 3.435 3.355 3.285 3.315 3.255 3.286 3.386 3.316 3.476 3.386 3.316 3.466 3.426 3.457 3.407 3.407 3.257 3.527 3.337 3.407 3.567 3.437 3.267 3.197 3.237 3.197 3.227 3.257 3.257 3.087 3.117 3.157 3.098 3.058 2.938 3.008 2.968 2.958 2.678 2.798 3.326 3.323 2.938 2.868 2.908 3.088
2.798 2.728 2.838 2.779 3.009 2.899 2.929 2.930 2.900 2.830 2.860 3.031 2.941 2.981 3.001 2.981 3.062 3.092 3.042 3.102 3.202 3.123 3.213 3.063 3.113 3.063 3.164 3.104 3.294 3.214 3.184 3.632 3.295 3.285 3.365 3.395 3.265 3.255 3.475 3.306 3.376 3.376 3.366 3.406 3.446 3.306 3.426 3.386 3.457 3.417 3.497 3.327 3.367 3.347 3.287 3.187 3.147 3.317 3.257 3.157 3.217 3.157 3.187 3.127 3.137 3.017 3.067 2.977 2.988 2.928 3.618 3.361 2.928 2.988 2.958 3.028 3.058
2.818 2.918 2.858 3.019 3.049 2.949 2.959 2.799 2.820 2.960 2.900 3.170 2.890 3.081 3.051 3.111 3.091 3.142 3.162 3.252 3.202 3.222 3.153 3.203 3.163 3.133 3.233 3.193 3.264 3.154 3.214 3.654 3.274 3.354 3.455 3.425 3.285 3.415 3.585 3.405 3.485 3.485 3.376 3.396 3.376 3.406 3.626 3.396 3.486 3.306 3.256 3.326 3.336 3.366 3.297 3.307 3.277 3.397 3.247 3.227 3.307 3.237 3.197 3.177 3.147 3.087 3.107 3.127 3.017 2.957 3.399 3.396 2.938 2.678 3.028 3.088 3.148
2.817 2.908 2.838 2.978 2.959 2.969 2.969 2.899 2.869 2.970 3.000 3.210 2.990 3.070 3.051 3.101 3.221 3.131 3.172 3.172 3.102 3.212 3.192 3.202 3.112 3.213 3.173 3.123 3.353 3.253 3.364 3.677 3.691 3.454 3.414 3.544 3.434 3.405 3.265 3.385 3.485 3.485 3.515 3.445 3.375 3.486 3.426 3.476 3.466 3.316 3.426 3.356 3.446 3.306 3.366 3.406 3.296 3.276 3.276 3.246 3.396 3.266 3.246 3.226 3.206 3.077 3.197 2.957 2.957 3.597 3.435 2.727 2.797 2.947 2.967 3.177 3.177
2.927 3.007 2.908 2.938 3.208 3.138 2.979 2.899 2.829 2.949 3.060 3.070 3.090 3.140 3.040 3.230 3.211 3.251 3.111 3.231 3.152 3.272 3.262 3.262 3.252 3.172 3.343 3.303 3.343 3.363 3.223 3.243 3.714 3.304 3.294 3.564 3.414 3.394 3.314 3.274 3.475 3.455 3.545 3.465 3.395 3.525 3.335 3.525 3.525 3.375 3.366 3.386 3.406 3.436 3.436 3.356 3.286 3.316 3.346 3.356 3.236 3.296 3.266 3.206 3.176 3.196 3.126 3.186 3.126 3.474 3.486 3.127 3.067 3.167 3.087 3.047 3.197
2.957 3.027 2.948 3.018 3.028 2.998 2.968 2.859 2.939 3.009 2.919 3.049 3.120 3.160 3.140 3.160 3.170 3.181 3.201 3.241 3.271 3.201 3.292 3.202 3.232 3.182 3.192 3.322 3.343 3.293 3.273 3.203 3.736 3.403 3.383 3.363 3.474 3.484 3.384 3.474 3.424 3.474 3.294 3.455 3.365 3.455 3.435 3.405 3.465 3.405 3.545 3.415 3.445 3.395 3.395 3.435 3.395 3.325 3.366 3.366 3.206 3.366 3.446 3.266 3.296 3.196 3.206 3.286 3.406 3.528 2.936 3.186 3.296 3.197 3.177 3.257 3.227
2.987 3.007 2.977 3.037 3.008 3.018 3.198 2.978 2.939 2.919 3.229 3.029 3.169 3.259 3.320 3.190 3.190 3.210 3.211 3.361 3.351 3.271 3.261 3.331 3.362 3.302 3.282 3.272 3.302 3.302 3.192 3.313 3.759 3.773 3.483 3.633 3.563 3.333 3.414 3.464 3.534 3.484 3.594 3.584 3.434 3.424 3.544 3.374 3.415 3.535 3.425 3.465 3.395 3.495 3.465 3.435 3.385 3.425 3.285 3.295 3.315 3.395 3.415 3.316 3.326 3.216 3.236 3.266 3.560 3.577 3.146 3.316 3.296 3.286 3.176 3.246 3.296
2.976 2.867 3.167 2.937 3.057 3.308 2.928 2.948 2.958 3.108 3.209 3.139 3.149 3.199 3.199 3.140 3.310 3.370 3.270 3.380 3.381 3.331 3.291 3.511 3.451 3.351 3.322 3.312 3.382 3.412 3.352 3.332 3.292 3.796 3.553 3.403 3.523 3.393 3.473 3.383 3.543 3.564 3.514 3.444 3.414 3.434 3.484 3.494 3.534 3.504 3.524 3.877 3.475 3.495 3.535 3.555 3.485 3.395 3.345 3.445 3.385 3.435 3.475 3.405 3.275 3.315 3.355 3.345 3.599 3.616 3.346 3.366 3.376 3.256 3.266 3.466 3.586
3.176 2.936 3.027 3.117 3.137 3.197 3.087 3.078 3.128 3.078 3.288 3.179 3.259 3.249 3.249 3.419 3.249 3.370 3.270 3.390 3.430 3.320 3.431 3.321 3.321 3.481 3.411 3.321 3.352 3.432 3.422 3.312 3.322 3.819 3.833 3.642 3.513 3.553 3.533 3.483 3.483 3.393 3.603 3.533 3.583 3.474 3.504 3.514 3.484 3.564 3.694 3.654 3.895 3.880 3.634 3.495 3.525 3.405 3.495 3.435 3.515 3.425 3.445 3.385 3.405 3.295 3.305 3.641 3.640 3.425 3.465 3.365 3.406 3.386 3.386 3.396 3.496
3.086 3.026 3.026 3.007 2.977 3.317 3.217 3.157 3.158 3.188 3.298 3.198 3.218 3.359 3.349 3.429 3.319 3.409 3.330 3.320 3.370 3.510 3.500 3.310 3.501 3.471 3.461 3.321 3.321 3.591 3.472 3.492 3.422 3.222 3.858 3.492 3.732 3.702 3.593 3.403 3.393 3.403 3.393 3.483 3.463 3.493 3.513 3.523 3.483 3.604 3.554 3.554 3.644 3.654 3.544 3.514 3.584 3.454 3.474 3.535 3.374 3.485 3.415 3.395 3.365 3.485 3.455 3.684 3.683 3.445 3.445 3.445 3.505 3.465 3.365 3.495 3.415
3.065 3.176 3.096 3.226 3.106 3.147 3.267 3.367 3.147 3.398 3.158 3.168 3.308 3.278 3.219 3.359 3.369 3.329 3.389 3.430 3.470 3.360 3.270 3.450 3.500 3.400 3.491 3.461 3.511 3.441 3.581 3.732 3.402 3.552 3.889 3.898 3.582 3.592 3.472 3.473 3.463 3.503 3.533 3.926 3.713 3.623 3.613 3.503 3.593 3.443 3.633 3.534 3.930 3.604 3.514 3.654 3.604 3.594 3.624 3.534 3.484 3.354 3.404 3.544 3.295 3.495 3.728 3.727 3.665 3.535 3.475 3.545 3.465 3.475 3.485 3.445 3.415
3.065 3.085 3.026 3.096 3.206 3.226 3.447 3.507 3.237 3.307 3.287 3.238 3.258 3.328 3.458 3.359 3.499 3.379 3.359 3.409 3.369 3.370 3.440 3.620 3.600 3.370 3.550 3.390 3.561 3.621 3.561 3.411 3.501 3.401 3.920 3.929 3.512 3.642 3.552 3.492 3.562 3.592 3.632 3.483 3.944 3.623 3.533 3.583 3.543 3.613 3.493 3.947 3.753 3.944 3.694 3.754 3.564 3.544 3.624 3.414 3.364 3.274 3.484 3.434 3.414 3.554 3.772 3.770 3.614 3.484 3.625 3.485 3.665 3.475 3.465 3.575 3.515
3.035 3.105 2.945 3.166 3.116 3.136 3.246 3.196 3.287 3.497 3.237 3.257 3.488 3.578 3.448 3.288 3.449 3.429 3.329 3.359 3.399 3.469 3.379 3.520 3.470 3.550 3.450 3.891 3.530 3.531 3.917 3.521 3.471 3.711 3.441 3.952 3.422 3.482 3.562 3.522 3.612 3.562 3.562 3.592 3.582 3.702 3.533 3.443 3.533 3.623 3.643 3.693 3.965 3.966 3.523 3.924 3.903 3.614 3.594 3.354 3.324 3.464 3.504 3.818 3.574 3.714 3.815 3.814 3.594 3.524 3.554 3.534 3.594 3.614 3.594 3.544 3.464
3.145 3.125 3.235 3.215 3.196 3.166 3.506 3.586 3.196 3.377 3.257 3.317 3.287 3.348 3.348 3.448 3.378 3.468 3.399 3.529 3.389 3.439 3.629 3.509 3.570 3.510 3.490 3.660 3.560 3.540 3.651 3.591 3.491 3.431 3.521 3.731 3.959 3.521 3.682 3.522 3.582 3.612 3.702 3.702 3.682 3.592 3.702 3.682 3.642 3.553 3.653 3.633 3.583 3.983 3.433 3.573 3.513 3.273 3.423 3.393 3.383 3.504 3.604 3.862 3.544 3.859 3.858 3.724 3.584 3.694 3.614 3.664 3.544 3.524 3.634 3.694 3.614
3.174 3.405 3.385 3.395 3.325 3.236 3.506 3.366 3.276 3.346 3.277 3.387 3.497 3.317 3.398 3.358 3.528 3.378 3.428 3.558 3.569 3.549 3.579 3.479 3.509 3.509 3.630 3.500 3.610 3.590 3.560 3.570 3.510 3.501 3.401 3.411 3.970 3.967 3.651 3.691 3.592 3.652 3.692 3.692 3.622 3.652 3.672 3.592 3.632 3.652 3.603 3.593 3.463 3.603 3.988 3.503 3.503 3.513 3.483 3.463 3.503 3.653 3.663 3.483 3.543 3.902 3.574 3.674 3.754 3.694 3.664 3.624 3.724 3.957 3.973 3.704 3.614
3.134 3.184 3.235 3.295 3.275 3.605 3.346 3.196 3.476 3.466 3.307 3.367 3.427 3.357 3.507 3.368 3.428 3.388 3.528 3.578 3.638 3.529 3.579 3.639 3.629 3.579 3.619 3.550 3.510 3.530 3.470 3.460 3.400 3.500 3.481 3.421 3.980 3.977 3.661 3.661 3.986 3.551 3.993 3.732 3.672 4.004 4.008 3.642 3.662 3.722 3.682 3.662 3.602 3.692 4.009 3.989 3.513 3.603 3.593 3.533 3.483 3.553 3.573 3.523 3.947 3.945 3.683 3.713 3.942 3.941 3.946 3.703 3.724 3.664 3.634 3.704 3.674
3.244 3.294 3.244 3.295 3.395 3.495 3.225 3.186 3.546 3.486 3.346 3.326 3.347 3.327 3.497 3.377 3.448 3.598 3.518 3.578 3.548 3.478 3.569 3.509 3.619 3.479 3.589 3.649 3.499 3.410 3.500 3.690 3.600 3.530 3.560 3.521 3.491 3.987 3.741 3.992 3.661 3.999 4.003 3.741 3.721 3.622 4.018 3.732 4.025 3.752 3.682 3.652 3.632 3.552 4.031 4.010 3.652 3.998 3.593 3.473 3.493 3.673 3.573 3.673 3.990 3.989 3.643 3.986 3.985 3.984 3.733 4.002 3.703 4.035 3.713 3.713 3.743
3.224 3.324 3.534 3.484 3.595 3.575 3.305 3.355 3.476 3.356 3.506 3.456 3.456 3.377 3.367 3.467 3.617 3.657 3.608 3.678 3.538 3.588 3.568 3.488 3.549 3.579 3.699 3.509 3.549 3.509 3.520 3.590 3.570 3.590 3.580 3.600 3.540 3.997 3.998 4.002 3.751 3.691 3.691 3.641 4.020 3.721 3.752 4.031 4.035 3.522 3.562 3.692 3.582 3.612 4.053 4.044 4.043 3.642 3.612 3.672 3.632 3.502 3.703 4.034 4.033 3.623 4.031 4.029 4.028 4.027 4.026 3.693 3.753 4.074 4.091 3.713 4.124
3.384 3.364 3.334 3.324 3.415 3.505 3.365 3.335 3.535 3.346 3.386 3.496 3.476 3.436 3.617 3.507 3.497 3.527 3.547 3.588 3.498 3.548 3.608 3.568 3.668 3.559 3.539 3.569 3.569 3.579 3.549 3.579 3.600 3.610 3.580 3.430 3.640 3.500 4.008 3.640 3.671 3.671 3.721 4.026 4.030 4.033 4.037 4.041 4.045 3.692 3.492 3.702 3.702 3.672 3.672 3.652 4.087 3.742 3.682 3.602 3.592 3.562 3.662 4.077 4.076 4.075 4.074 4.073 4.071 4.070 4.069 4.080 4.097 4.113 4.130 4.147 4.163
3.393 3.324 3.334 3.374 3.304 3.655 3.375 3.325 3.485 3.376 3.616 3.516 3.426 3.506 3.456 3.537 3.457 3.547 3.667 3.627 3.557 3.558 3.528 3.698 3.598 3.488 3.659 3.519 3.509 3.589 3.589 3.579 3.620 3.690 3.630 3.610 3.520 3.610 4.017 4.021 4.025 3.641 3.651 4.036 3.731 4.043 4.047 4.051 4.054 3.711 3.641 3.501 3.582 3.622 3.682 3.582 4.143 4.138 4.133 4.128 3.702 3.722 4.122 4.121 4.119 4.118 4.117 4.116 4.115 4.113 4.112 4.119 4.136 4.153 4.169 4.186 4.197
3.253 3.303 3.374 3.424 3.444 3.664 3.455 3.475 3.445 3.495 3.546 3.486 3.466 3.536 3.656 3.606 3.517 3.647 3.397 4.037 3.627 3.548 3.658 3.568 3.718 3.658 3.718 3.578 3.649 3.689 3.709 3.729 3.649 3.659 3.630 3.680 3.720 3.560 3.610 4.031 3.660 4.038 4.042 4.046 4.049 4.053 4.057 4.060 4.064 4.068 3.691 3.611 3.681 3.621 3.651 3.631 3.651 4.194 3.702 3.752 3.722 3.632 4.169 4.164 4.163 4.161 3.742 4.159 4.158 4.157 4.155 4.158 4.175 4.192 4.209 4.217 4.224
3.343 3.293 3.304 3.314 3.384 3.689 3.345 3.335 3.545 3.515 3.655 3.556 3.546 3.616 3.626 3.516 3.607 3.667 3.597 3.597 3.627 3.667 3.658 3.598 3.698 3.578 3.638 3.638 3.629 3.609 3.649 3.629 3.689 3.569 3.559 3.509 3.620 3.640 3.520 4.040 4.044 4.048 4.052 3.720 4.059 4.063 4.066 4.070 4.074 4.077 4.081 4.114 3.671 3.721 3.711 4.259 3.731 4.250 4.245 4.240 4.235 4.230 4.225 4.220 4.215 4.210 4.205 4.202 4.201 4.200 4.198 4.197 4.214 4.231 4.238 4.244 4.251
