includes/camargue/floodfiles/results/res-0014.wdfp
ncols         906
nrows         631
xllcorner     362177.146667
yllcorner     6534725.688020
cellsize      20.000000
NODATA_value  -9999.000000
[rows 544 to 577 of 631, columns 462 to 538 of 906]
2.563 2.591 2.620 2.649 2.678 2.708 2.738 2.769 2.799 2.829 2.860 2.890 2.920 2.951 2.981 3.011 3.042 3.061 3.021 2.983 2.944 2.906 2.868 2.829 2.791 2.753 2.715 2.676 2.638 2.600 2.561 2.593 2.629 2.664 2.699 2.734 2.770 2.805 2.840 2.875 2.910 2.943 2.971 2.999 3.020 3.025 3.030 3.033 3.022 3.011 2.999 2.988 2.977 2.966 2.954 2.943 2.932 2.921 2.932 2.955 2.979 3.003 3.026 3.050 3.074 3.097 3.121 3.145 3.168 3.189 3.210 3.230 3.252 3.274 3.295 3.317 3.339
2.557 2.586 2.615 2.643 2.672 2.702 2.733 2.763 2.793 2.824 2.854 2.884 2.914 2.945 2.975 3.005 3.059 3.093 3.046 2.998 2.957 2.919 2.881 2.842 2.804 2.766 2.727 2.689 2.651 2.612 2.574 2.604 2.639 2.675 2.710 2.745 2.780 2.816 2.851 2.886 2.914 2.942 2.969 2.997 3.018 3.023 3.028 3.032 3.037 3.036 3.025 3.014 3.002 2.991 2.980 2.969 2.958 2.946 2.959 2.982 3.006 3.030 3.053 3.077 3.101 3.124 3.148 3.169 3.190 3.210 3.231 3.252 3.274 3.295 3.317 3.339 3.360
2.552 2.581 2.609 2.638 2.667 2.697 2.727 2.757 2.788 2.818 2.848 2.878 2.909 2.939 2.979 3.033 3.087 3.126 3.078 3.030 2.982 2.935 2.893 2.855 2.817 2.778 2.740 2.702 2.664 2.625 2.587 2.615 2.650 2.685 2.721 2.756 2.791 2.826 2.857 2.885 2.912 2.940 2.968 2.995 3.016 3.021 3.025 3.030 3.035 3.040 3.045 3.039 3.028 3.017 3.005 2.994 2.983 2.972 2.985 3.009 3.033 3.056 3.080 3.104 3.127 3.149 3.170 3.190 3.211 3.232 3.253 3.274 3.295 3.317 3.339 3.360 3.382
2.546 2.575 2.604 2.632 2.661 2.691 2.721 2.751 2.782 2.812 2.843 2.873 2.903 2.954 3.008 3.062 3.116 3.158 3.111 3.063 3.015 2.967 2.919 2.871 2.829 2.791 2.753 2.715 2.676 2.638 2.600 2.626 2.661 2.696 2.731 2.767 2.800 2.827 2.855 2.883 2.911 2.938 2.966 2.994 3.014 3.018 3.023 3.028 3.033 3.038 3.043 3.048 3.052 3.042 3.031 3.020 3.009 2.997 3.012 3.036 3.059 3.083 3.107 3.129 3.150 3.170 3.191 3.212 3.233 3.254 3.274 3.295 3.317 3.339 3.360 3.382 3.403
2.541 2.570 2.598 2.627 2.656 2.685 2.715 2.746 2.776 2.806 2.837 2.874 2.928 2.982 3.036 3.090 3.144 3.191 3.143 3.095 3.047 3.000 2.952 2.904 2.856 2.808 2.766 2.727 2.689 2.651 2.613 2.637 2.672 2.707 2.742 2.770 2.798 2.826 2.853 2.881 2.909 2.937 2.964 2.992 3.012 3.016 3.021 3.026 3.031 3.036 3.041 3.045 3.050 3.055 3.056 3.045 3.034 3.023 3.039 3.063 3.086 3.109 3.130 3.150 3.171 3.192 3.213 3.234 3.255 3.275 3.296 3.317 3.339 3.360 3.382 3.404 3.425
2.535 2.564 2.593 2.621 2.650 2.679 2.710 2.740 2.770 2.801 2.849 2.903 2.957 3.011 3.065 3.119 3.173 3.223 3.175 3.128 3.080 3.032 2.984 2.936 2.889 2.841 2.793 2.745 2.702 2.664 2.625 2.647 2.683 2.713 2.741 2.769 2.796 2.824 2.852 2.879 2.907 2.935 2.963 2.990 3.009 3.014 3.019 3.024 3.029 3.034 3.038 3.043 3.048 3.053 3.058 3.063 3.060 3.048 3.066 3.089 3.110 3.130 3.151 3.172 3.193 3.214 3.234 3.255 3.276 3.297 3.318 3.339 3.360 3.382 3.404 3.425 3.447
2.539 2.559 2.587 2.616 2.645 2.674 2.704 2.734 2.769 2.823 2.877 2.931 2.985 3.039 3.093 3.147 3.201 3.255 3.208 3.160 3.112 3.065 3.017 2.969 2.921 2.873 2.825 2.778 2.730 2.682 2.638 2.656 2.684 2.712 2.739 2.767 2.795 2.822 2.850 2.878 2.906 2.933 2.961 2.988 3.007 3.012 3.017 3.022 3.027 3.031 3.036 3.041 3.046 3.051 3.056 3.061 3.066 3.070 3.090 3.111 3.131 3.152 3.173 3.194 3.215 3.235 3.256 3.277 3.298 3.319 3.339 3.360 3.382 3.404 3.425 3.447 3.468
2.553 2.572 2.592 2.611 2.639 2.668 2.698 2.744 2.798 2.852 2.906 2.960 3.014 3.068 3.122 3.175 3.229 3.283 3.240 3.193 3.145 3.097 3.049 3.001 2.954 2.906 2.858 2.810 2.762 2.714 2.686 2.672 2.682 2.710 2.738 2.765 2.793 2.821 2.848 2.876 2.904 2.931 2.959 2.987 3.005 3.010 3.015 3.020 3.025 3.029 3.034 3.039 3.044 3.049 3.054 3.059 3.087 3.124 3.129 3.132 3.153 3.174 3.194 3.215 3.236 3.257 3.278 3.299 3.319 3.340 3.361 3.382 3.404 3.425 3.447 3.469 3.490
2.567 2.586 2.605 2.625 2.644 2.664 2.718 2.772 2.826 2.880 2.934 2.988 3.042 3.096 3.150 3.204 3.258 3.312 3.273 3.225 3.177 3.129 3.082 3.034 2.986 2.938 2.890 2.843 2.806 2.779 2.753 2.739 2.729 2.718 2.736 2.764 2.791 2.819 2.847 2.874 2.902 2.930 2.957 2.985 3.003 3.008 3.013 3.018 3.022 3.027 3.032 3.037 3.042 3.047 3.067 3.105 3.143 3.181 3.184 3.184 3.185 3.195 3.216 3.237 3.258 3.279 3.299 3.320 3.341 3.362 3.383 3.404 3.425 3.447 3.469 3.490 3.512
2.580 2.600 2.619 2.639 2.664 2.690 2.745 2.800 2.854 2.908 2.962 3.016 3.070 3.124 3.178 3.232 3.286 3.340 3.305 3.258 3.210 3.162 3.114 3.066 3.018 2.971 2.925 2.899 2.873 2.846 2.820 2.806 2.796 2.785 2.775 2.764 2.790 2.817 2.845 2.873 2.900 2.928 2.956 2.984 3.001 3.006 3.011 3.015 3.020 3.025 3.030 3.035 3.048 3.086 3.124 3.162 3.199 3.237 3.238 3.239 3.240 3.241 3.241 3.259 3.279 3.300 3.321 3.342 3.363 3.383 3.404 3.425 3.447 3.469 3.490 3.512 3.534
2.594 2.614 2.639 2.664 2.690 2.716 2.771 2.826 2.882 2.937 2.991 3.045 3.099 3.153 3.207 3.261 3.315 3.369 3.338 3.290 3.242 3.194 3.147 3.099 3.051 3.019 2.992 2.966 2.939 2.913 2.887 2.873 2.863 2.852 2.842 2.831 2.821 2.816 2.843 2.871 2.899 2.927 2.954 2.982 2.999 3.004 3.009 3.013 3.018 3.023 3.029 3.067 3.105 3.142 3.180 3.218 3.256 3.293 3.293 3.294 3.295 3.295 3.296 3.297 3.301 3.322 3.343 3.364 3.384 3.405 3.426 3.447 3.469 3.490 3.512 3.534 3.555
2.613 2.639 2.664 2.690 2.715 2.742 2.797 2.853 2.908 2.963 3.018 3.073 3.127 3.181 3.235 3.289 3.343 3.397 3.370 3.323 3.275 3.227 3.179 3.138 3.112 3.086 3.059 3.033 3.006 2.980 2.954 2.940 2.930 2.919 2.909 2.898 2.888 2.877 2.867 2.869 2.897 2.925 2.953 2.980 2.997 3.002 3.006 3.011 3.016 3.048 3.085 3.123 3.161 3.199 3.237 3.274 3.312 3.347 3.348 3.349 3.350 3.350 3.351 3.352 3.353 3.353 3.364 3.385 3.406 3.427 3.448 3.469 3.490 3.512 3.534 3.555 3.576
2.639 2.664 2.690 2.715 2.740 2.768 2.824 2.879 2.934 2.989 3.044 3.099 3.155 3.210 3.264 3.318 3.372 3.426 3.403 3.355 3.307 3.259 3.232 3.205 3.179 3.153 3.126 3.100 3.073 3.047 3.021 3.007 2.997 2.986 2.976 2.965 2.955 2.944 2.934 2.924 2.913 2.923 2.951 2.978 2.995 2.999 3.004 3.028 3.066 3.104 3.142 3.180 3.217 3.255 3.293 3.331 3.369 3.402 3.403 3.404 3.405 3.405 3.406 3.407 3.408 3.408 3.409 3.410 3.428 3.448 3.469 3.490 3.512 3.534 3.555 3.574 3.592
2.664 2.690 2.715 2.740 2.766 2.795 2.850 2.905 2.960 3.015 3.070 3.126 3.181 3.236 3.291 3.346 3.400 3.454 3.435 3.388 3.352 3.325 3.299 3.272 3.246 3.220 3.193 3.167 3.140 3.114 3.088 3.074 3.064 3.053 3.043 3.032 3.022 3.011 3.001 2.991 2.980 2.970 2.959 2.977 2.992 3.009 3.047 3.085 3.123 3.160 3.198 3.236 3.274 3.312 3.349 3.387 3.425 3.457 3.458 3.459 3.459 3.460 3.461 3.462 3.462 3.463 3.464 3.465 3.465 3.470 3.491 3.512 3.534 3.553 3.571 3.590 3.609
2.690 2.715 2.740 2.766 2.791 2.821 2.876 2.931 2.986 3.041 3.097 3.152 3.207 3.262 3.317 3.372 3.427 3.482 3.471 3.445 3.419 3.392 3.366 3.339 3.313 3.286 3.260 3.234 3.207 3.181 3.155 3.141 3.131 3.120 3.110 3.099 3.089 3.079 3.068 3.058 3.047 3.037 3.026 3.020 3.029 3.066 3.103 3.141 3.179 3.217 3.255 3.292 3.330 3.368 3.406 3.444 3.482 3.512 3.513 3.514 3.514 3.515 3.516 3.517 3.517 3.518 3.519 3.519 3.520 3.521 3.522 3.532 3.550 3.569 3.588 3.606 3.625
2.715 2.740 2.766 2.791 2.816 2.847 2.902 2.957 3.012 3.068 3.123 3.178 3.233 3.288 3.343 3.399 3.454 3.514 3.528 3.512 3.486 3.459 3.433 3.406 3.380 3.353 3.327 3.301 3.274 3.248 3.222 3.208 3.198 3.187 3.177 3.166 3.156 3.146 3.135 3.125 3.114 3.104 3.125 3.151 3.158 3.152 3.160 3.198 3.235 3.273 3.311 3.349 3.387 3.424 3.462 3.500 3.538 3.567 3.568 3.569 3.569 3.570 3.571 3.572 3.572 3.573 3.574 3.574 3.575 3.606 3.662 3.637 3.572 3.585 3.604 3.622 3.641
2.740 2.766 2.791 2.817 2.842 2.873 2.928 2.983 3.039 3.094 3.149 3.204 3.259 3.314 3.370 3.428 3.489 3.550 3.563 3.554 3.545 3.526 3.500 3.473 3.447 3.420 3.394 3.368 3.341 3.315 3.288 3.275 3.265 3.254 3.244 3.233 3.223 3.212 3.202 3.192 3.203 3.229 3.255 3.281 3.287 3.281 3.276 3.270 3.292 3.330 3.367 3.405 3.443 3.481 3.519 3.557 3.594 3.622 3.623 3.623 3.624 3.625 3.626 3.626 3.627 3.628 3.629 3.652 3.708 3.763 3.819 3.787 3.722 3.658 3.620 3.639 3.657
2.766 2.791 2.817 2.842 2.867 2.899 2.954 3.010 3.065 3.120 3.175 3.230 3.285 3.342 3.403 3.464 3.525 3.586 3.599 3.590 3.580 3.571 3.562 3.540 3.514 3.487 3.461 3.435 3.408 3.382 3.355 3.342 3.332 3.321 3.311 3.300 3.290 3.280 3.282 3.308 3.334 3.360 3.385 3.411 3.416 3.411 3.405 3.399 3.393 3.388 3.424 3.462 3.499 3.537 3.575 3.613 3.651 3.677 3.678 3.678 3.679 3.680 3.681 3.681 3.682 3.697 3.753 3.809 3.865 3.920 3.976 3.937 3.872 3.808 3.743 3.679 3.674
2.791 2.817 2.842 2.867 2.893 2.925 2.981 3.036 3.091 3.146 3.201 3.257 3.318 3.378 3.439 3.500 3.561 3.622 3.634 3.625 3.616 3.606 3.597 3.588 3.578 3.554 3.528 3.502 3.475 3.449 3.422 3.409 3.399 3.388 3.378 3.367 3.361 3.386 3.412 3.438 3.464 3.490 3.516 3.541 3.546 3.540 3.534 3.528 3.523 3.517 3.511 3.518 3.556 3.594 3.632 3.669 3.707 3.732 3.732 3.733 3.734 3.735 3.735 3.742 3.798 3.854 3.910 3.966 4.022 4.077 4.133 4.087 4.022 3.958 3.893 3.829 3.765
2.826 2.842 2.867 2.893 2.918 2.952 3.007 3.062 3.117 3.172 3.232 3.293 3.354 3.415 3.476 3.537 3.598 3.658 3.670 3.661 3.651 3.642 3.633 3.623 3.614 3.605 3.595 3.569 3.542 3.516 3.489 3.476 3.466 3.455 3.445 3.465 3.491 3.517 3.543 3.568 3.594 3.620 3.646 3.672 3.675 3.669 3.663 3.658 3.652 3.646 3.640 3.635 3.629 3.650 3.688 3.726 3.764 3.787 3.787 3.788 3.789 3.790 3.843 3.899 3.955 4.011 4.067 4.123 4.179 4.234 4.290 4.237 4.172 4.108 4.044 3.979 3.915
2.873 2.884 2.896 2.918 2.944 2.978 3.033 3.088 3.146 3.207 3.268 3.329 3.390 3.451 3.512 3.573 3.634 3.695 3.705 3.696 3.687 3.677 3.668 3.659 3.650 3.640 3.631 3.622 3.609 3.583 3.556 3.543 3.533 3.544 3.569 3.595 3.621 3.647 3.673 3.699 3.725 3.750 3.776 3.802 3.804 3.798 3.793 3.787 3.781 3.775 3.770 3.764 3.758 3.753 3.747 3.782 3.820 3.841 3.842 3.843 3.888 3.944 4.000 4.056 4.112 4.168 4.224 4.280 4.336 4.391 4.447 4.387 4.322 4.258 4.193 4.129 4.065
2.919 2.931 2.942 2.953 2.969 3.004 3.060 3.121 3.182 3.243 3.304 3.365 3.426 3.487 3.548 3.609 3.670 3.731 3.741 3.732 3.722 3.713 3.704 3.694 3.685 3.676 3.666 3.657 3.648 3.639 3.623 3.622 3.648 3.674 3.700 3.726 3.751 3.777 3.803 3.829 3.855 3.881 3.906 3.932 3.933 3.927 3.922 3.916 3.910 3.905 3.899 3.893 3.888 3.882 3.876 3.871 3.877 3.896 3.934 3.989 4.045 4.101 4.157 4.213 4.269 4.325 4.381 4.437 4.493 4.548 4.601 4.537 4.472 4.408 4.344 4.279 4.215
2.966 2.977 2.989 3.000 3.015 3.048 3.096 3.157 3.218 3.279 3.340 3.401 3.462 3.523 3.584 3.645 3.706 3.767 3.776 3.767 3.758 3.748 3.739 3.730 3.721 3.711 3.702 3.693 3.683 3.676 3.703 3.745 3.778 3.804 3.830 3.856 3.882 3.908 3.933 3.959 3.985 4.011 4.037 4.062 4.062 4.057 4.051 4.045 4.040 4.034 4.028 4.022 4.017 4.011 4.005 4.000 4.003 4.036 4.091 4.146 4.202 4.258 4.314 4.370 4.426 4.482 4.538 4.594 4.649 4.705 4.751 4.687 4.622 4.558 4.494 4.429 4.365
3.012 3.024 3.047 3.087 3.127 3.158 3.176 3.195 3.255 3.316 3.376 3.437 3.498 3.559 3.620 3.681 3.742 3.803 3.812 3.802 3.793 3.784 3.775 3.765 3.756 3.747 3.737 3.728 3.747 3.773 3.799 3.842 3.887 3.932 3.960 3.986 4.012 4.038 4.064 4.089 4.115 4.141 4.167 4.193 4.191 4.186 4.180 4.174 4.169 4.163 4.157 4.152 4.146 4.140 4.141 4.153 4.166 4.201 4.252 4.303 4.359 4.415 4.471 4.527 4.583 4.639 4.695 4.751 4.806 4.862 4.901 4.837 4.772 4.708 4.644 4.579 4.515
3.079 3.119 3.159 3.199 3.239 3.268 3.287 3.305 3.324 3.352 3.413 3.474 3.535 3.595 3.656 3.717 3.778 3.839 3.847 3.838 3.829 3.819 3.810 3.801 3.791 3.782 3.791 3.817 3.843 3.870 3.896 3.939 3.984 4.029 4.075 4.116 4.142 4.168 4.194 4.220 4.246 4.271 4.297 4.323 4.321 4.315 4.309 4.304 4.298 4.292 4.287 4.281 4.280 4.292 4.304 4.316 4.328 4.366 4.417 4.468 4.519 4.572 4.628 4.684 4.740 4.796 4.852 4.908 4.963 5.019 5.051 4.987 4.922 4.858 4.794 4.729 4.665
3.191 3.231 3.271 3.311 3.351 3.379 3.397 3.416 3.434 3.452 3.471 3.510 3.571 3.632 3.693 3.754 3.814 3.875 3.883 3.873 3.864 3.855 3.846 3.836 3.835 3.861 3.887 3.914 3.940 3.966 3.993 4.036 4.081 4.127 4.172 4.217 4.262 4.298 4.324 4.350 4.376 4.402 4.427 4.453 4.450 4.444 4.438 4.433 4.427 4.421 4.418 4.430 4.442 4.454 4.466 4.478 4.490 4.530 4.581 4.632 4.684 4.735 4.786 4.841 4.897 4.953 5.009 5.065 5.120 5.176 5.201 5.137 5.073 5.008 4.944 4.879 4.815
3.303 3.343 3.383 3.423 3.463 3.489 3.508 3.526 3.544 3.563 3.581 3.599 3.618 3.668 3.729 3.790 3.851 3.912 3.918 3.909 3.900 3.890 3.881 3.905 3.931 3.958 3.984 4.010 4.037 4.063 4.089 4.133 4.179 4.224 4.269 4.314 4.359 4.404 4.450 4.480 4.506 4.532 4.558 4.584 4.579 4.573 4.568 4.562 4.556 4.568 4.580 4.592 4.604 4.616 4.628 4.640 4.652 4.695 4.746 4.797 4.848 4.899 4.950 5.001 5.054 5.110 5.166 5.222 5.277 5.333 5.351 5.287 5.223 5.158 5.094 5.029 4.965
3.415 3.455 3.495 3.535 3.575 3.600 3.618 3.636 3.655 3.673 3.692 3.710 3.728 3.746 3.765 3.826 3.887 3.948 3.954 3.944 3.935 3.949 3.975 4.002 4.028 4.054 4.081 4.107 4.133 4.160 4.186 4.230 4.276 4.321 4.366 4.411 4.456 4.501 4.547 4.592 4.636 4.662 4.688 4.714 4.708 4.703 4.697 4.706 4.718 4.730 4.742 4.754 4.766 4.778 4.790 4.802 4.814 4.860 4.911 4.962 5.013 5.064 5.115 5.166 5.217 5.268 5.323 5.379 5.434 5.490 5.501 5.437 5.372 5.308 5.244 5.188 5.145
3.527 3.567 3.607 3.647 3.687 3.710 3.729 3.747 3.765 3.784 3.802 3.820 3.839 3.857 3.875 3.894 3.923 3.984 3.989 3.993 4.019 4.046 4.072 4.098 4.125 4.151 4.177 4.204 4.230 4.257 4.283 4.328 4.373 4.418 4.463 4.508 4.553 4.599 4.644 4.689 4.734 4.779 4.818 4.843 4.837 4.844 4.856 4.868 4.880 4.892 4.904 4.916 4.928 4.940 4.952 4.964 4.976 5.024 5.075 5.126 5.177 5.228 5.279 5.330 5.382 5.433 5.484 5.535 5.591 5.647 5.651 5.587 5.523 5.465 5.422 5.380 5.337
3.639 3.679 3.719 3.759 3.799 3.821 3.839 3.857 3.876 3.894 3.912 3.931 3.949 3.967 3.986 4.004 4.022 4.044 4.063 4.090 4.116 4.142 4.169 4.195 4.221 4.248 4.274 4.300 4.327 4.353 4.380 4.425 4.470 4.515 4.560 4.605 4.651 4.696 4.741 4.786 4.831 4.876 4.922 4.968 4.994 5.006 5.018 5.030 5.042 5.054 5.066 5.078 5.090 5.102 5.115 5.127 5.139 5.189 5.240 5.291 5.342 5.393 5.444 5.495 5.546 5.597 5.648 5.699 5.750 5.804 5.801 5.742 5.700 5.657 5.614 5.571 5.529
3.751 3.791 3.831 3.871 3.911 3.931 3.949 3.968 3.986 4.004 4.023 4.041 4.060 4.078 4.096 4.115 4.165 4.231 4.227 4.203 4.213 4.239 4.265 4.292 4.318 4.344 4.371 4.397 4.424 4.450 4.477 4.522 4.567 4.612 4.657 4.703 4.748 4.793 4.838 4.883 4.928 4.974 5.021 5.068 5.119 5.168 5.180 5.192 5.204 5.216 5.228 5.241 5.253 5.265 5.277 5.289 5.302 5.353 5.404 5.455 5.507 5.558 5.609 5.660 5.711 5.762 5.813 5.864 5.915 5.961 5.977 5.934 5.891 5.849 5.806 5.763 5.721
3.863 3.903 3.943 3.983 4.023 4.042 4.060 4.078 4.097 4.115 4.133 4.152 4.170 4.188 4.221 4.287 4.353 4.418 4.417 4.392 4.368 4.343 4.362 4.388 4.415 4.441 4.468 4.494 4.520 4.547 4.574 4.619 4.664 4.709 4.754 4.800 4.845 4.890 4.935 4.981 5.027 5.074 5.121 5.169 5.220 5.271 5.321 5.355 5.367 5.379 5.391 5.403 5.415 5.427 5.439 5.451 5.467 5.518 5.569 5.620 5.671 5.722 5.773 5.824 5.875 5.926 5.977 6.023 6.048 6.072 6.088 6.100 6.083 6.041 5.998 5.955 5.912
3.974 4.015 4.055 4.095 4.134 4.152 4.170 4.189 4.207 4.225 4.244 4.262 4.280 4.342 4.408 4.474 4.540 4.605 4.606 4.581 4.557 4.532 4.508 4.485 4.511 4.538 4.564 4.591 4.617 4.643 4.671 4.716 4.761 4.806 4.852 4.897 4.942 4.987 5.034 5.081 5.128 5.174 5.221 5.269 5.320 5.371 5.422 5.473 5.524 5.541 5.553 5.565 5.577 5.589 5.601 5.613 5.632 5.683 5.734 5.785 5.836 5.887 5.938 5.989 6.040 6.086 6.111 6.135 6.160 6.184 6.199 6.210 6.221 6.232 6.190 6.147 6.104
4.086 4.126 4.166 4.206 4.244 4.262 4.281 4.299 4.317 4.336 4.354 4.398 4.464 4.530 4.595 4.661 4.727 4.792 4.795 4.771 4.746 4.722 4.697 4.673 4.648 4.635 4.661 4.687 4.714 4.740 4.768 4.813 4.858 4.903 4.949 4.994 5.041 5.087 5.134 5.181 5.228 5.275 5.321 5.369 5.420 5.471 5.522 5.573 5.624 5.675 5.715 5.727 5.739 5.751 5.763 5.775 5.796 5.847 5.898 5.949 6.000 6.051 6.102 6.149 6.173 6.198 6.222 6.247 6.271 6.296 6.309 6.320 6.332 6.343 6.354 6.339 6.296
