includes/camargue/floodfiles/results/res-0001.wdfp
ncols         906
nrows         631
xllcorner     362177.146667
yllcorner     6534725.688020
cellsize      20.000000
NODATA_value  -9999.000000
[rows 510 to 543 of 631, columns 0 to 76 of 906]
4.332 4.223 4.115 4.006 3.789 3.565 3.713 3.839 3.952 4.066 4.180 4.293 4.407 4.521 4.634 4.748 4.862 4.846 4.814 4.782 4.751 4.719 4.726 4.752 4.778 4.804 4.800 4.755 4.711 4.666 4.621 4.576 4.531 4.487 4.468 4.504 4.533 4.562 4.590 4.632 4.695 4.757 4.820 4.883 4.946 5.071 5.228 5.420 5.613 5.805 5.998 6.190 6.383 6.575 6.748 6.918 7.087 7.257 7.381 7.493 7.604 7.716 7.828 7.773 7.658 7.543 7.429 7.314 7.200 7.047 6.800 6.554 6.407 6.319 6.231 6.143 6.056
4.572 4.464 4.355 4.108 3.817 3.556 3.704 3.852 3.992 4.105 4.219 4.332 4.446 4.560 4.673 4.787 4.890 4.858 4.826 4.794 4.762 4.730 4.699 4.700 4.726 4.752 4.729 4.685 4.640 4.595 4.550 4.506 4.461 4.416 4.374 4.387 4.449 4.512 4.575 4.637 4.700 4.763 4.825 4.888 4.969 5.095 5.220 5.377 5.570 5.762 5.955 6.147 6.339 6.529 6.698 6.868 7.037 7.207 7.376 7.499 7.611 7.723 7.823 7.708 7.594 7.479 7.364 7.250 7.135 7.020 6.864 6.618 6.519 6.431 6.344 6.256 6.157
4.813 4.704 4.426 4.136 3.845 3.554 3.695 3.843 3.991 4.139 4.258 4.372 4.485 4.599 4.712 4.826 4.902 4.870 4.838 4.806 4.774 4.742 4.711 4.679 4.674 4.700 4.659 4.614 4.569 4.525 4.492 4.476 4.460 4.444 4.428 4.430 4.455 4.517 4.580 4.643 4.705 4.768 4.831 4.893 4.993 5.118 5.244 5.369 5.527 5.719 5.911 6.104 6.296 6.479 6.648 6.818 6.987 7.157 7.326 7.496 7.618 7.730 7.759 7.644 7.529 7.415 7.300 7.185 7.071 6.956 6.841 6.719 6.608 6.493 6.379 6.265 6.150
5.036 4.745 4.454 4.164 3.873 3.582 3.686 3.834 3.982 4.130 4.278 4.411 4.524 4.638 4.752 4.865 4.914 4.882 4.850 4.818 4.786 4.755 4.723 4.691 4.659 4.633 4.610 4.594 4.578 4.562 4.546 4.531 4.515 4.499 4.484 4.491 4.498 4.523 4.585 4.648 4.711 4.773 4.836 4.899 5.016 5.142 5.267 5.393 5.518 5.676 5.868 6.061 6.253 6.429 6.598 6.768 6.937 7.107 7.276 7.446 7.615 7.737 7.694 7.580 7.465 7.350 7.248 7.196 7.143 7.091 7.039 6.843 6.601 6.487 6.372 6.258 6.143
5.064 4.773 4.482 4.191 3.901 3.610 3.677 3.825 3.973 4.121 4.269 4.417 4.563 4.677 4.791 4.904 4.926 4.894 4.862 4.830 4.799 4.767 4.737 4.732 4.726 4.703 4.665 4.649 4.633 4.617 4.601 4.585 4.569 4.553 4.545 4.552 4.559 4.567 4.591 4.653 4.716 4.779 4.841 4.914 5.040 5.165 5.291 5.416 5.542 5.667 5.825 6.017 6.209 6.379 6.548 6.718 6.887 7.057 7.226 7.396 7.565 7.742 7.728 7.676 7.624 7.571 7.519 7.467 7.415 7.363 7.310 7.028 6.723 6.480 6.365 6.251 6.136
5.092 4.801 4.510 4.219 3.929 3.638 3.668 3.816 3.964 4.112 4.260 4.408 4.556 4.704 4.830 4.943 4.938 4.906 4.874 4.851 4.845 4.840 4.835 4.829 4.824 4.792 4.744 4.703 4.687 4.672 4.656 4.640 4.624 4.608 4.606 4.613 4.620 4.628 4.635 4.659 4.721 4.784 4.847 4.938 5.063 5.189 5.314 5.440 5.565 5.691 5.816 5.974 6.159 6.328 6.498 6.668 6.841 7.024 7.208 7.391 7.574 7.763 7.968 7.947 7.895 7.843 7.790 7.738 7.686 7.634 7.519 7.214 6.909 6.604 6.358 6.244 6.129
5.120 4.829 4.538 4.247 3.957 3.666 3.659 3.807 3.955 4.103 4.251 4.399 4.547 4.695 4.842 4.982 4.965 4.959 4.954 4.948 4.943 4.937 4.932 4.926 4.921 4.880 4.832 4.784 4.742 4.726 4.710 4.694 4.679 4.663 4.667 4.674 4.681 4.689 4.696 4.703 4.727 4.789 4.852 4.962 5.087 5.212 5.338 5.463 5.589 5.714 5.840 5.964 6.124 6.307 6.490 6.673 6.856 7.039 7.222 7.405 7.588 7.784 7.989 8.194 8.166 8.114 8.062 8.010 7.957 7.905 7.705 7.400 7.095 6.790 6.485 6.237 6.123
5.148 4.857 4.566 4.276 3.985 3.694 3.651 3.798 3.946 4.094 4.242 4.390 4.538 4.686 4.834 4.978 5.054 5.056 5.051 5.045 5.040 5.034 5.029 5.023 5.017 4.969 4.921 4.873 4.825 4.781 4.765 4.749 4.733 4.720 4.728 4.735 4.742 4.749 4.757 4.764 4.771 4.795 4.860 4.985 5.110 5.236 5.361 5.479 5.593 5.708 5.823 5.938 6.130 6.322 6.505 6.688 6.871 7.054 7.237 7.420 7.603 7.806 8.011 8.215 8.420 8.385 8.333 8.281 8.229 8.177 7.891 7.586 7.281 6.976 6.671 6.366 6.115
5.176 4.885 4.594 4.304 4.013 3.722 3.642 3.790 3.937 4.085 4.233 4.381 4.529 4.677 4.825 4.969 5.044 5.119 5.148 5.142 5.137 5.132 5.126 5.121 5.106 5.058 5.010 4.962 4.914 4.866 4.819 4.803 4.788 4.781 4.788 4.796 4.803 4.810 4.817 4.824 4.832 4.839 4.879 4.993 5.108 5.223 5.338 5.452 5.567 5.682 5.797 5.927 6.127 6.327 6.520 6.703 6.886 7.069 7.252 7.435 7.623 7.827 8.032 8.237 8.441 8.646 8.605 8.552 8.500 8.382 8.077 7.772 7.467 7.162 6.857 6.552 6.247
5.188 4.913 4.622 4.332 4.041 3.750 3.633 3.781 3.929 4.076 4.224 4.372 4.520 4.668 4.816 4.959 5.034 5.109 5.185 5.240 5.234 5.229 5.223 5.218 5.195 5.147 5.098 5.050 5.002 4.954 4.906 4.858 4.842 4.842 4.849 4.856 4.864 4.868 4.865 4.861 4.858 4.854 4.890 4.967 5.082 5.197 5.311 5.426 5.541 5.656 5.770 5.924 6.124 6.325 6.525 6.718 6.901 7.084 7.267 7.450 7.644 7.849 8.053 8.258 8.463 8.667 8.872 8.824 8.771 8.567 8.262 7.957 7.653 7.348 7.043 6.738 6.433
5.045 4.819 4.592 4.360 4.069 3.778 3.624 3.772 3.920 4.068 4.216 4.364 4.512 4.660 4.808 4.949 5.024 5.100 5.175 5.250 5.326 5.326 5.320 5.315 5.283 5.235 5.187 5.139 5.091 5.043 4.995 4.946 4.898 4.891 4.888 4.884 4.881 4.877 4.874 4.870 4.867 4.863 4.919 4.979 5.056 5.170 5.285 5.400 5.515 5.629 5.744 5.922 6.122 6.322 6.522 6.722 6.916 7.099 7.282 7.465 7.665 7.870 8.075 8.280 8.484 8.689 8.894 9.095 9.043 8.753 8.448 8.143 7.838 7.533 7.228 6.942 6.680
4.902 4.676 4.449 4.223 3.996 3.770 3.615 3.763 3.911 4.059 4.207 4.355 4.503 4.651 4.799 4.939 5.014 5.090 5.165 5.241 5.316 5.391 5.417 5.412 5.372 5.324 5.276 5.228 5.177 5.114 5.051 4.988 4.933 4.901 4.897 4.893 4.890 4.886 4.883 4.880 4.876 4.886 4.947 5.007 5.067 5.144 5.259 5.374 5.488 5.603 5.719 5.919 6.119 6.319 6.519 6.720 6.920 7.114 7.297 7.482 7.687 7.892 8.096 8.301 8.506 8.710 8.915 9.118 9.318 9.055 8.793 8.531 8.269 8.007 7.745 7.483 7.220
4.760 4.533 4.306 4.080 3.853 3.675 3.610 3.756 3.903 4.050 4.198 4.346 4.494 4.642 4.790 4.929 5.004 5.080 5.155 5.231 5.306 5.381 5.457 5.509 5.456 5.393 5.330 5.267 5.204 5.141 5.078 5.015 4.969 4.937 4.906 4.903 4.899 4.896 4.892 4.889 4.885 4.915 4.975 5.035 5.096 5.156 5.233 5.347 5.462 5.577 5.716 5.916 6.116 6.317 6.517 6.717 6.917 7.117 7.312 7.504 7.709 7.913 8.116 8.309 8.501 8.694 8.887 9.079 9.394 9.596 9.334 9.072 8.810 8.548 8.286 8.023 7.761
4.617 4.390 4.164 3.937 3.790 3.704 3.618 3.751 3.897 4.043 4.190 4.338 4.486 4.634 4.782 4.919 4.995 5.070 5.145 5.221 5.296 5.372 5.489 5.573 5.483 5.420 5.357 5.294 5.231 5.168 5.105 5.042 5.006 4.974 4.942 4.912 4.908 4.905 4.902 4.898 4.895 4.943 5.003 5.064 5.124 5.184 5.245 5.321 5.436 5.551 5.713 5.914 6.114 6.314 6.514 6.714 6.914 7.115 7.280 7.499 7.692 7.885 8.077 8.270 8.463 8.655 8.848 9.040 9.423 9.808 9.875 9.613 9.351 9.089 8.826 8.564 8.302
4.474 4.248 4.021 3.905 3.819 3.732 3.646 3.747 3.893 4.038 4.184 4.330 4.477 4.625 4.773 4.909 4.985 5.060 5.135 5.218 5.341 5.463 5.586 5.634 5.537 5.447 5.384 5.321 5.258 5.195 5.132 5.074 5.042 5.010 4.978 4.946 4.918 4.914 4.911 4.907 4.911 4.971 5.031 5.092 5.152 5.213 5.273 5.333 5.410 5.525 5.711 5.911 6.111 6.311 6.482 6.639 6.797 6.954 7.112 7.388 7.653 7.846 8.038 8.231 8.424 8.616 8.809 9.069 9.453 9.837 10.221 10.154 9.892 9.629 9.367 9.105 8.700
4.331 4.106 4.020 3.933 3.847 3.761 3.675 3.743 3.888 4.034 4.180 4.326 4.472 4.617 4.765 4.899 4.975 5.070 5.192 5.315 5.437 5.560 5.682 5.696 5.598 5.501 5.411 5.348 5.285 5.222 5.159 5.111 5.079 5.047 5.015 4.983 4.951 4.924 4.920 4.917 4.939 4.999 5.060 5.120 5.181 5.241 5.301 5.362 5.422 5.508 5.684 5.841 5.999 6.156 6.314 6.471 6.629 6.786 6.962 7.249 7.536 7.807 7.999 8.192 8.385 8.577 8.770 9.098 9.482 9.866 10.251 10.635 10.432 10.170 9.908 9.646 9.008
4.220 4.134 4.048 3.962 3.876 3.790 3.704 3.738 3.884 4.030 4.175 4.321 4.467 4.613 4.759 4.906 5.044 5.166 5.288 5.411 5.533 5.656 5.778 5.757 5.660 5.563 5.466 5.375 5.312 5.249 5.186 5.147 5.115 5.083 5.051 5.019 4.987 4.955 4.930 4.926 4.967 5.028 5.088 5.149 5.209 5.264 5.299 5.334 5.370 5.422 5.515 5.673 5.830 5.988 6.146 6.303 6.460 6.618 6.823 7.110 7.397 7.685 7.960 8.153 8.346 8.538 8.743 9.127 9.512 9.896 10.280 10.664 10.973 10.711 10.449 9.968 9.316
4.249 4.163 4.077 3.991 3.905 3.819 3.733 3.734 3.880 4.025 4.171 4.317 4.463 4.608 4.735 4.861 5.060 5.258 5.385 5.507 5.630 5.752 5.875 5.818 5.721 5.624 5.527 5.430 5.339 5.276 5.216 5.184 5.152 5.120 5.088 5.056 5.024 4.992 4.960 4.936 4.995 5.031 5.066 5.101 5.137 5.172 5.208 5.243 5.278 5.342 5.424 5.506 5.662 5.820 5.977 6.135 6.292 6.450 6.684 6.971 7.259 7.546 7.833 8.114 8.307 8.499 8.773 9.157 9.541 9.925 10.310 10.694 11.078 11.252 10.928 10.276 9.624
4.278 4.192 4.106 4.019 3.933 3.847 3.761 3.729 3.875 4.021 4.167 4.313 4.451 4.576 4.702 4.827 5.015 5.213 5.412 5.604 5.726 5.849 5.971 5.880 5.783 5.686 5.589 5.492 5.395 5.303 5.252 5.220 5.188 5.156 5.118 5.075 5.033 4.990 4.947 4.909 4.904 4.939 4.975 5.010 5.045 5.081 5.116 5.152 5.187 5.261 5.344 5.426 5.509 5.652 5.809 5.966 6.124 6.282 6.545 6.833 7.120 7.407 7.694 7.981 8.268 8.460 8.802 9.186 9.570 9.955 10.339 10.723 11.107 11.474 11.258 10.584 9.932
4.249 4.198 4.134 4.048 3.962 3.876 3.790 3.725 3.871 4.017 4.162 4.292 4.417 4.542 4.668 4.793 4.970 5.168 5.367 5.565 5.764 5.945 6.038 5.941 5.844 5.747 5.650 5.550 5.450 5.349 5.249 5.207 5.164 5.121 5.078 5.035 4.993 4.950 4.907 4.875 4.846 4.848 4.883 4.919 4.954 4.989 5.025 5.060 5.099 5.181 5.264 5.346 5.428 5.511 5.641 5.798 5.956 6.119 6.407 6.694 6.981 7.268 7.555 7.843 8.130 8.424 8.793 9.160 9.526 9.893 10.259 10.626 10.992 11.415 11.809 11.132 10.455
4.186 4.135 4.083 4.032 3.980 3.905 3.819 3.733 3.866 4.007 4.133 4.258 4.383 4.509 4.634 4.759 4.925 5.123 5.322 5.520 5.719 5.917 6.079 5.987 5.886 5.786 5.686 5.585 5.485 5.378 5.254 5.167 5.124 5.081 5.038 4.996 4.953 4.910 4.870 4.841 4.812 4.783 4.792 4.827 4.863 4.898 4.933 4.969 5.018 5.101 5.183 5.266 5.348 5.431 5.513 5.630 5.787 5.981 6.268 6.555 6.842 7.129 7.397 7.655 7.913 8.222 8.672 9.044 9.411 9.777 10.144 10.510 10.877 11.398 11.933 11.683 11.006
4.123 4.071 4.020 3.968 3.917 3.866 3.814 3.761 3.848 3.974 4.099 4.224 4.349 4.475 4.600 4.726 4.879 5.078 5.277 5.475 5.674 5.832 5.979 6.022 5.922 5.821 5.721 5.621 5.520 5.402 5.278 5.154 5.084 5.041 4.999 4.956 4.913 4.870 4.836 4.807 4.777 4.748 4.719 4.736 4.771 4.807 4.842 4.877 4.938 5.021 5.103 5.186 5.268 5.350 5.433 5.515 5.619 5.842 6.129 6.391 6.649 6.907 7.165 7.423 7.681 8.021 8.471 8.922 9.295 9.662 10.028 10.394 10.844 11.380 11.916 12.234 11.557
4.059 4.008 3.956 3.905 3.854 3.802 3.749 3.685 3.774 3.928 4.065 4.190 4.316 4.441 4.566 4.692 4.834 5.033 5.231 5.430 5.585 5.732 5.878 6.025 5.957 5.857 5.756 5.656 5.549 5.425 5.302 5.178 5.054 5.001 4.959 4.916 4.873 4.830 4.801 4.772 4.743 4.714 4.685 4.656 4.680 4.715 4.750 4.786 4.858 4.940 5.023 5.105 5.188 5.270 5.353 5.435 5.511 5.645 5.901 6.159 6.417 6.675 6.933 7.191 7.449 7.820 8.270 8.720 9.170 9.546 9.912 10.291 10.826 11.362 11.898 12.434 12.108
3.996 3.944 3.893 3.841 3.790 3.732 3.667 3.603 3.672 3.825 3.979 4.132 4.282 4.407 4.532 4.658 4.789 4.988 5.186 5.338 5.484 5.631 5.778 5.925 5.992 5.892 5.791 5.691 5.573 5.449 5.325 5.201 5.077 4.961 4.919 4.876 4.833 4.796 4.767 4.738 4.709 4.680 4.650 4.621 4.592 4.623 4.659 4.695 4.778 4.860 4.943 5.025 5.107 5.188 5.262 5.337 5.411 5.547 5.713 5.927 6.185 6.443 6.701 6.959 7.217 7.619 8.069 8.519 8.969 9.419 9.797 10.273 10.809 11.345 11.880 12.416 12.659
3.932 3.881 3.829 3.778 3.714 3.650 3.585 3.521 3.570 3.723 3.876 4.030 4.183 4.337 4.490 4.624 4.749 4.943 5.090 5.237 5.384 5.531 5.677 5.824 5.971 5.927 5.826 5.721 5.597 5.473 5.349 5.225 5.101 4.977 4.879 4.836 4.793 4.761 4.732 4.703 4.674 4.645 4.616 4.587 4.558 4.532 4.567 4.615 4.697 4.780 4.862 4.939 5.013 5.088 5.162 5.236 5.310 5.450 5.616 5.781 5.953 6.211 6.469 6.727 6.985 7.417 7.868 8.318 8.768 9.218 9.616 10.255 10.791 11.327 11.863 12.399 12.934
4.101 3.817 3.761 3.696 3.632 3.568 3.503 3.439 3.468 3.621 3.774 3.928 4.081 4.234 4.388 4.541 4.708 4.869 4.990 5.137 5.283 5.430 5.577 5.724 5.870 5.962 5.861 5.744 5.620 5.496 5.372 5.248 5.124 5.001 4.877 4.796 4.756 4.727 4.698 4.669 4.640 4.611 4.582 4.553 4.523 4.494 4.476 4.535 4.616 4.690 4.764 4.839 4.913 4.987 5.061 5.136 5.210 5.353 5.518 5.684 5.850 6.015 6.237 6.495 6.766 7.216 7.667 8.117 8.471 8.807 9.142 9.759 10.400 11.040 11.680 12.321 12.917
4.239 3.743 3.678 3.614 3.550 3.486 3.421 3.357 3.366 3.519 3.672 3.826 3.979 4.132 4.286 4.479 4.818 5.071 5.163 5.256 5.348 5.441 5.533 5.625 5.770 5.917 5.892 5.768 5.644 5.520 5.396 5.272 5.148 5.024 4.900 4.776 4.722 4.693 4.664 4.636 4.607 4.579 4.550 4.522 4.493 4.465 4.436 4.444 4.515 4.590 4.664 4.738 4.812 4.887 4.961 5.035 5.109 5.255 5.421 5.586 5.752 5.918 6.084 6.263 6.565 7.008 7.343 7.679 8.015 8.351 8.687 9.262 9.902 10.543 11.183 11.824 12.460
4.259 3.940 3.634 3.532 3.468 3.404 3.340 3.275 3.264 3.417 3.570 3.723 3.877 4.030 4.251 4.590 4.929 5.268 5.366 5.458 5.550 5.643 5.735 5.827 5.920 6.012 5.948 5.826 5.705 5.583 5.461 5.340 5.218 5.096 4.974 4.851 4.702 4.672 4.644 4.615 4.587 4.558 4.530 4.501 4.473 4.444 4.396 4.379 4.435 4.491 4.563 4.637 4.712 4.786 4.860 4.934 5.009 5.158 5.323 5.489 5.655 5.820 5.986 6.141 6.276 6.552 6.888 7.224 7.559 7.895 8.231 8.765 9.405 10.046 10.686 11.307 11.874
4.471 4.165 3.860 3.554 3.386 3.322 3.258 3.193 3.161 3.315 3.468 3.621 3.775 4.023 4.362 4.701 5.040 5.378 5.568 5.660 5.753 5.845 5.937 6.030 6.122 6.101 6.013 5.908 5.787 5.665 5.543 5.422 5.300 5.178 5.056 4.921 4.773 4.652 4.624 4.595 4.567 4.538 4.510 4.481 4.453 4.409 4.355 4.314 4.370 4.426 4.482 4.539 4.611 4.685 4.760 4.834 4.908 5.060 5.226 5.392 5.557 5.718 5.815 5.912 6.041 6.261 6.482 6.768 7.104 7.440 7.775 8.268 8.908 9.549 10.155 10.721 11.287
4.696 4.391 4.085 3.780 3.475 3.240 3.176 3.111 3.059 3.212 3.366 3.519 3.795 4.134 4.472 4.811 5.150 5.489 5.770 5.863 5.955 6.047 6.140 6.232 6.250 6.162 6.075 5.987 5.869 5.747 5.625 5.504 5.382 5.260 5.138 4.992 4.843 4.695 4.603 4.575 4.546 4.518 4.489 4.461 4.422 4.368 4.314 4.259 4.305 4.361 4.417 4.474 4.530 4.586 4.659 4.734 4.808 4.963 5.129 5.294 5.392 5.489 5.586 5.684 5.807 6.027 6.247 6.467 6.688 6.984 7.320 7.771 8.411 9.002 9.569 10.135 10.701
4.922 4.616 4.311 4.006 3.700 3.395 3.094 3.029 2.965 3.110 3.263 3.566 3.905 4.244 4.583 4.922 5.261 5.600 5.939 6.065 6.157 6.249 6.342 6.399 6.311 6.224 6.136 6.049 5.951 5.829 5.707 5.586 5.464 5.342 5.211 5.063 4.914 4.765 4.617 4.554 4.526 4.497 4.469 4.435 4.381 4.327 4.272 4.218 4.240 4.296 4.352 4.408 4.465 4.521 4.577 4.633 4.707 4.866 4.969 5.066 5.163 5.260 5.357 5.455 5.572 5.793 6.013 6.233 6.453 6.674 6.894 7.274 7.850 8.416 8.982 9.549 10.115
5.147 4.842 4.536 4.231 3.926 3.620 3.314 3.009 2.883 3.008 3.338 3.677 4.016 4.355 4.693 5.032 5.371 5.710 6.049 6.267 6.359 6.452 6.544 6.460 6.373 6.285 6.198 6.110 6.023 5.911 5.789 5.668 5.546 5.424 5.282 5.133 4.985 4.836 4.687 4.539 4.506 4.477 4.449 4.394 4.340 4.285 4.231 4.177 4.174 4.231 4.287 4.343 4.399 4.456 4.512 4.568 4.606 4.644 4.740 4.837 4.934 5.031 5.129 5.226 5.338 5.558 5.778 5.999 6.219 6.439 6.640 6.855 7.320 7.830 8.396 8.962 9.528
5.373 5.067 4.762 4.456 4.151 3.845 3.540 3.199 2.842 3.077 3.449 3.787 4.126 4.465 4.804 5.143 5.482 5.821 6.160 6.469 6.561 6.654 6.609 6.522 6.434 6.347 6.259 6.172 6.084 5.993 5.871 5.750 5.628 5.501 5.352 5.204 5.055 4.907 4.758 4.609 4.485 4.457 4.407 4.353 4.298 4.244 4.190 4.135 4.109 4.165 4.222 4.278 4.334 4.390 4.445 4.472 4.498 4.534 4.574 4.614 4.705 4.803 4.900 4.997 5.104 5.324 5.544 5.764 5.983 6.154 6.325 6.516 6.981 7.447 7.912 8.377 8.942
5.551 5.194 4.837 4.480 4.123 3.766 3.409 3.052 2.833 2.858 3.263 3.669 4.074 4.479 4.884 5.253 5.592 5.931 6.270 6.609 6.764 6.758 6.671 6.583 6.496 6.408 6.321 6.233 6.146 6.058 5.953 5.832 5.710 5.572 5.423 5.274 5.126 4.977 4.829 4.680 4.531 4.420 4.366 4.312 4.257 4.203 4.148 4.094 4.044 4.100 4.156 4.213 4.269 4.311 4.337 4.364 4.390 4.424 4.464 4.504 4.543 4.583 4.671 4.768 4.869 5.089 5.310 5.496 5.667 5.839 6.010 6.181 6.642 7.108 7.573 8.038 8.504
