includes/camargue/floodfiles/results/res-0009.wd
ncols         906
nrows         631
xllcorner     362177.146667
yllcorner     6534725.688020
cellsize      20.000000
NODATA_value  -9999.000000
[rows 374 to 407 of 631, columns 231 to 307 of 906]
0.000 0.000 0.000 0.000 0.000 0.000 0.000 0.000 0.000 0.000 0.000 0.000 0.000 0.000 0.000 0.000 0.000 0.000 0.000 0.000 0.000 0.000 0.000 0.000 0.000 0.000 0.000 0.000 0.146 0.000 0.000 0.244 0.144 0.274 0.105 0.105 0.115 0.065 0.000 0.305 1.175 0.805 0.000 2.435 0.000 0.117 0.597 0.587 0.837 0.000 0.767 0.767 0.567 0.848 0.768 0.298 0.468 0.288 0.318 0.388 0.000 0.180 0.430 0.000 0.810 0.000 1.230 1.230 0.340 0.270 0.280 0.230 0.030 0.820 0.500 0.000 0.770
0.000 0.000 0.000 0.000 0.000 0.000 0.000 0.000 0.000 0.000 0.000 0.000 0.000 0.000 0.000 0.000 0.000 0.000 0.000 0.000 0.000 0.000 0.000 0.000 0.000 0.000 0.000 0.396 0.456 0.046 0.000 0.000 0.644 0.554 0.494 0.494 0.744 0.384 0.294 0.455 0.775 0.000 0.585 0.225 0.000 1.937 0.000 0.697 0.000 0.176 0.000 0.000 0.497 0.000 0.358 0.003 0.338 0.328 0.538 0.048 0.270 0.250 0.000 0.980 0.720 0.920 1.090 1.090 0.250 0.270 0.350 0.400 0.950 0.190 0.590 0.250 0.420
0.000 0.000 0.000 0.000 0.000 0.000 0.000 0.000 0.000 0.000 0.000 0.000 0.000 0.000 0.000 0.000 0.000 0.000 0.000 0.000 0.000 0.000 0.000 0.000 0.000 1.091 1.231 0.000 0.025 0.246 0.546 0.034 0.194 0.404 0.534 0.534 0.394 0.494 0.614 0.484 0.000 0.453 0.000 0.000 1.136 0.000 0.386 0.496 0.706 0.976 1.016 1.016 0.867 1.687 0.298 0.448 0.000 0.000 0.168 0.010 0.310 0.000 0.880 1.180 0.000 1.080 0.000 0.000 0.339 0.479 0.479 0.000 0.880 0.870 0.840 0.004 0.840
0.000 0.000 0.000 0.000 0.000 0.000 0.000 0.000 0.000 0.000 0.000 0.000 0.000 0.000 0.000 0.000 0.000 0.000 0.000 0.000 0.000 0.000 0.000 0.000 0.000 0.000 0.831 1.321 1.421 0.000 0.000 0.262 0.362 0.000 0.484 0.484 0.514 0.374 0.002 0.323 2.493 1.463 0.833 0.186 1.396 1.456 0.556 1.056 0.000 0.996 0.886 0.886 0.000 1.577 0.058 0.518 1.328 0.268 0.000 0.229 0.069 0.249 1.130 0.000 1.109 0.000 0.399 0.399 0.709 0.559 0.609 0.459 0.000 0.740 0.970 0.940 0.370
0.000 0.000 0.000 0.000 0.000 0.000 0.000 0.000 0.000 0.000 0.000 0.000 0.000 0.000 0.000 0.000 0.000 0.000 0.000 0.000 0.000 0.000 0.000 0.000 0.381 0.071 0.501 0.000 0.811 1.071 1.341 0.271 0.042 1.122 0.024 0.024 0.000 0.000 1.913 0.213 0.000 0.453 0.044 0.536 0.306 0.906 1.066 1.106 1.766 1.696 0.996 0.996 0.000 0.000 0.408 0.000 0.968 0.358 0.259 0.219 0.000 0.609 0.004 1.179 0.929 0.369 0.539 0.539 0.479 0.679 0.449 0.709 0.379 0.110 0.000 0.910 0.910
0.000 0.000 0.000 0.000 0.000 0.000 0.000 0.000 0.000 0.000 0.000 0.000 0.000 0.000 0.000 0.000 0.000 0.000 0.000 0.000 0.000 0.000 0.000 0.000 0.381 0.071 0.500 0.000 0.811 1.071 1.341 0.271 0.041 1.122 0.024 0.025 0.000 0.000 1.913 0.212 0.000 0.452 0.043 0.536 0.306 0.906 1.066 1.106 1.766 1.696 0.996 0.996 0.000 0.000 0.408 0.000 0.968 0.358 0.259 0.219 0.000 0.609 0.004 1.179 0.929 0.369 0.539 0.539 0.479 0.679 0.449 0.709 0.379 0.110 0.000 0.910 0.910
0.000 0.000 0.000 0.000 0.000 0.000 0.000 0.000 0.000 0.000 0.000 0.000 0.000 0.000 0.000 0.000 0.000 0.000 0.000 0.000 0.000 0.000 0.000 0.481 0.221 0.000 0.540 0.000 0.661 0.000 0.501 1.121 1.751 0.061 0.000 0.000 1.001 2.541 0.000 0.201 0.691 0.751 1.121 0.000 0.136 0.516 0.000 1.346 1.296 0.000 1.936 1.936 0.786 0.316 0.000 0.000 0.000 0.869 0.269 0.029 0.929 1.009 1.109 1.159 0.000 0.399 0.489 0.489 0.459 0.749 0.749 0.589 0.669 0.000 0.149 0.000 0.000
0.000 0.000 0.000 0.000 0.000 0.000 0.000 0.000 0.000 0.000 0.000 0.000 0.000 0.000 0.000 0.000 0.000 0.000 0.000 0.000 0.000 0.000 0.460 0.000 0.000 0.140 0.670 0.080 0.012 0.000 0.021 0.000 0.051 1.581 1.781 1.781 0.521 1.731 0.000 0.961 0.651 0.461 0.561 1.032 0.424 0.375 0.525 0.000 1.336 1.176 0.136 0.136 0.216 0.876 1.016 0.000 0.514 0.000 0.649 0.459 0.000 0.000 0.969 0.000 0.209 0.439 0.599 0.599 0.599 0.629 0.799 0.769 0.469 0.529 0.509 0.279 0.249
0.000 0.000 0.000 0.000 0.000 0.000 0.000 0.000 0.000 0.000 0.000 0.000 0.000 0.000 0.000 0.000 0.000 0.000 0.000 0.000 0.000 0.001 0.190 0.520 0.740 0.770 0.720 0.600 0.000 0.002 0.810 0.700 0.970 0.000 0.851 0.851 0.000 0.561 0.361 0.761 0.631 1.241 0.431 0.111 0.000 1.055 1.085 0.000 0.206 0.336 1.316 1.316 1.156 0.000 0.000 0.084 0.854 0.000 0.539 0.339 1.019 0.959 1.399 0.189 0.539 0.509 0.539 0.539 0.619 0.929 0.729 0.769 0.799 0.769 0.659 0.789 0.509
0.000 0.000 0.000 0.000 0.000 0.000 0.000 0.000 0.000 0.000 0.000 0.000 0.000 0.000 0.000 0.000 0.000 0.000 0.000 0.000 0.000 0.000 0.890 0.680 0.470 0.250 0.550 0.520 0.760 0.860 0.060 0.360 0.020 2.581 0.000 0.000 0.191 1.081 0.351 0.541 0.591 0.941 0.000 0.311 0.311 0.000 1.025 1.005 0.256 0.276 0.000 0.000 0.746 0.365 0.000 0.000 0.874 0.514 0.000 0.459 0.989 0.019 1.129 1.729 0.549 0.599 0.919 0.919 0.859 0.859 0.689 0.769 0.499 0.769 0.839 0.639 0.409
0.000 0.000 0.000 0.000 0.000 0.000 0.000 0.000 0.000 0.000 0.000 0.000 0.000 0.000 0.000 0.000 0.000 0.000 0.000 0.000 0.580 0.000 0.000 0.230 0.430 0.590 0.490 0.080 0.000 0.340 0.710 0.920 0.950 0.000 0.760 0.760 0.060 0.951 0.911 0.691 0.681 0.371 0.650 0.000 0.320 0.390 0.000 0.000 1.206 1.186 1.636 1.636 1.006 0.455 1.095 0.105 0.000 0.008 0.989 0.569 0.199 0.339 0.209 0.929 0.899 0.519 0.899 0.899 0.879 0.869 0.749 0.349 0.619 0.729 0.689 0.809 0.769
0.000 0.000 0.000 0.000 0.000 0.000 0.000 0.000 0.000 0.000 0.000 0.000 0.000 0.000 0.000 0.000 0.000 0.000 0.890 0.890 0.490 0.350 1.400 0.610 0.430 0.630 0.370 0.760 0.250 0.330 0.020 0.240 1.900 0.000 0.370 0.370 0.830 0.480 0.560 0.541 0.361 0.440 0.660 0.360 0.790 0.061 0.362 0.352 0.055 0.000 0.526 0.526 0.000 0.994 0.000 0.000 0.267 0.527 0.000 0.699 0.329 0.489 0.000 1.159 0.000 0.849 0.879 0.879 0.899 0.889 0.489 0.389 0.559 0.619 0.759 0.809 0.799
0.000 0.000 0.000 0.000 0.000 0.000 0.000 0.000 0.000 0.000 0.000 0.000 0.000 0.000 0.000 0.000 0.000 0.000 1.140 1.140 0.050 0.850 0.120 0.520 0.560 0.670 0.690 0.440 0.350 0.970 0.000 2.420 0.000 0.670 0.770 0.770 0.400 0.760 0.790 0.870 0.000 0.670 0.670 0.210 0.850 0.000 0.692 0.000 0.045 0.004 0.000 0.000 0.000 1.024 0.000 0.057 0.857 0.037 0.547 0.000 0.259 0.119 0.359 1.289 0.000 0.539 0.949 0.949 0.979 0.299 0.579 0.559 0.649 0.799 0.739 0.669 0.859
0.000 0.000 0.000 0.000 0.000 0.000 0.000 0.000 0.000 0.000 0.000 0.000 0.000 0.000 0.000 0.000 0.000 0.567 0.000 0.000 0.000 0.005 0.000 0.310 0.600 0.660 0.790 0.600 0.840 0.670 1.960 0.380 0.240 0.570 0.430 0.430 0.620 0.710 0.320 0.640 1.050 0.460 0.470 0.300 0.620 0.090 0.031 0.031 0.000 0.156 0.000 0.000 0.000 1.024 0.000 0.767 0.377 0.837 0.717 0.128 0.449 0.279 0.599 1.349 0.020 0.239 0.569 0.569 0.869 0.699 0.719 0.529 0.659 0.449 0.649 0.709 0.649
0.000 0.000 0.000 0.000 0.000 0.000 0.000 0.000 0.000 0.000 0.000 0.000 0.000 0.000 0.000 0.000 0.727 0.807 0.907 0.907 0.527 0.707 0.000 0.690 0.700 0.550 0.250 0.840 0.570 0.610 0.410 0.000 0.000 0.450 0.830 0.830 0.370 0.490 0.340 0.510 0.510 0.590 0.450 0.680 0.380 0.000 0.320 0.460 0.000 0.096 0.000 0.000 0.000 0.994 0.000 0.937 0.767 0.297 0.000 0.000 0.000 0.289 0.969 1.099 0.000 0.309 0.099 0.099 0.619 0.409 0.779 0.299 0.329 0.459 0.349 0.389 0.369
0.000 0.000 0.000 0.000 0.000 0.000 0.000 0.000 0.000 0.000 0.000 0.000 0.000 0.000 0.000 0.000 0.000 0.000 0.000 0.000 0.307 0.010 0.522 0.000 0.100 0.410 0.240 0.670 0.020 0.000 0.310 1.760 0.040 0.280 0.890 0.890 0.270 0.440 0.640 0.410 0.200 0.510 0.450 0.550 0.820 0.080 0.100 0.031 0.131 0.000 0.000 0.000 0.604 1.024 0.000 0.897 0.857 0.137 0.077 0.058 0.168 0.000 0.829 1.569 0.089 0.229 0.000 0.000 0.109 0.269 0.229 0.229 0.319 0.239 0.419 0.000 0.000
0.000 0.000 0.000 0.000 0.000 0.000 0.000 0.000 0.000 0.000 0.000 0.000 0.000 0.177 1.157 1.187 1.167 1.167 1.217 1.217 0.757 1.047 0.000 0.280 0.030 0.350 1.340 1.510 1.430 1.450 1.510 2.290 1.690 1.930 0.780 0.780 0.390 0.320 0.220 0.290 0.710 0.960 0.850 0.410 0.130 0.170 0.490 0.000 0.000 0.526 0.000 0.000 0.814 1.074 0.116 0.917 0.857 0.087 0.000 0.108 0.178 0.000 1.029 1.759 0.159 0.159 0.139 0.139 0.289 0.279 0.429 0.229 0.003 1.169 0.939 0.799 0.929
0.000 0.000 0.000 0.000 0.000 0.000 0.000 0.000 0.000 0.000 0.000 0.000 0.000 1.387 0.997 0.277 0.000 0.000 0.147 0.147 0.657 0.457 1.417 0.000 0.000 1.460 1.390 1.050 0.160 0.130 1.420 1.490 0.290 0.000 0.240 0.240 0.560 0.430 0.960 0.520 0.210 0.790 0.350 0.370 0.800 0.670 0.480 0.000 0.000 0.015 0.224 0.224 0.924 0.684 0.000 0.757 0.847 0.897 0.847 0.000 0.000 0.029 1.049 0.309 0.409 0.000 0.000 0.000 0.509 0.179 0.000 0.000 0.939 0.929 1.059 0.769 1.069
0.000 0.000 0.000 0.000 0.000 0.000 0.000 0.000 0.000 0.000 0.000 0.000 0.000 0.737 1.047 0.807 0.307 0.287 0.067 0.067 0.677 1.337 0.087 0.068 0.889 0.820 0.700 0.330 0.730 1.340 1.210 0.003 0.190 0.000 0.220 0.220 0.270 0.680 0.910 0.290 0.690 0.470 0.000 0.980 0.470 0.030 0.650 0.240 0.490 0.400 0.000 0.000 0.844 0.007 0.206 0.447 0.227 0.000 0.000 0.303 0.000 0.000 1.178 0.000 0.609 0.319 0.000 0.000 0.000 1.189 0.969 1.059 0.959 1.049 0.000 1.519 0.089
0.000 0.000 0.000 0.000 0.000 0.000 0.000 0.000 0.000 0.000 0.000 0.000 0.000 0.000 0.000 0.317 0.717 1.007 0.107 0.107 0.197 1.417 1.437 1.207 0.358 1.489 0.000 0.000 0.149 0.269 0.348 0.348 0.000 1.030 0.650 0.650 0.670 0.720 0.800 0.400 1.020 0.000 0.810 0.680 0.170 0.560 0.000 0.410 0.500 0.000 0.124 0.124 0.914 0.000 0.846 0.136 0.477 0.927 0.000 0.000 1.188 0.958 1.398 0.000 0.000 0.809 0.029 0.029 0.929 0.789 0.639 0.000 0.000 0.739 1.669 0.000 0.289
0.000 0.000 0.000 0.000 0.000 0.000 0.000 0.000 0.000 0.002 0.000 0.002 0.000 0.227 1.087 0.667 1.027 1.227 1.327 1.327 0.017 1.407 1.417 1.367 1.387 0.066 0.311 0.271 0.000 0.000 0.384 0.000 0.070 1.180 0.280 0.280 0.000 0.420 0.940 0.290 0.004 0.980 0.890 0.000 0.430 0.000 0.360 0.350 0.380 0.000 0.874 0.874 0.954 0.000 0.265 0.115 0.000 1.087 1.117 1.297 0.000 0.000 1.118 0.000 0.998 0.000 0.479 0.479 0.000 0.929 1.129 1.839 1.729 0.000 0.299 0.000 0.000
0.000 0.000 0.000 0.000 0.000 0.000 0.000 0.000 0.000 0.000 0.000 0.000 0.000 0.227 1.087 0.667 1.027 1.227 1.327 1.327 0.017 1.407 1.417 1.367 1.387 0.066 0.311 0.271 0.000 0.000 0.381 0.000 0.070 1.180 0.280 0.280 0.000 0.420 0.940 0.290 0.004 0.980 0.890 0.000 0.430 0.000 0.360 0.350 0.380 0.000 0.874 0.874 0.954 0.000 0.264 0.114 0.000 1.087 1.117 1.297 0.000 0.000 1.118 0.000 0.998 0.000 0.479 0.479 0.000 0.929 1.129 1.839 0.000 0.000 0.000 0.000 0.000
0.000 0.000 0.000 0.000 0.000 0.000 0.000 0.000 0.057 0.447 0.157 0.177 0.417 0.217 0.000 0.197 0.507 0.487 0.387 0.387 1.447 0.197 0.317 0.327 0.277 0.000 0.000 0.191 0.968 0.968 1.048 0.000 0.000 0.510 0.560 0.560 0.720 0.630 0.520 0.260 1.030 1.160 0.000 0.492 0.000 0.410 0.460 0.430 0.460 0.000 0.884 0.884 0.964 0.054 0.894 0.454 0.274 0.486 0.000 0.947 1.047 0.308 1.008 1.258 1.018 0.798 0.368 0.369 1.759 1.259 0.000 0.000 0.000 0.000 0.000 0.000 0.000
0.000 0.000 0.000 0.000 0.000 0.000 0.000 0.000 0.817 0.287 0.000 0.000 0.000 0.000 0.697 1.087 1.127 1.007 0.637 0.636 0.000 0.000 0.000 0.126 0.325 0.463 1.583 0.251 0.798 1.108 0.998 1.868 0.000 0.790 0.390 0.390 0.720 0.470 0.830 0.540 0.010 0.550 0.509 0.000 0.120 0.380 0.700 0.050 0.000 0.434 0.384 0.384 1.044 0.934 0.764 0.334 0.364 0.184 0.354 0.000 1.047 0.878 0.788 0.588 0.878 1.548 0.068 0.000 0.000 0.000 0.000 0.000 0.000 0.000 0.000 0.000 0.000
0.000 0.000 0.000 0.000 0.000 0.000 0.341 0.000 0.000 0.000 0.000 1.801 0.000 0.000 1.137 1.037 1.377 1.287 0.256 0.254 0.404 0.542 0.641 0.000 0.000 0.593 0.000 0.252 0.000 1.058 0.938 0.368 0.000 0.000 0.000 0.000 0.530 0.000 0.749 0.629 0.719 0.629 0.799 0.000 0.389 0.000 0.160 0.470 0.630 0.000 0.763 0.763 0.853 0.783 0.284 0.324 0.584 0.644 0.007 0.247 0.737 0.207 0.000 1.158 1.208 0.888 0.000 0.000 0.000 0.000 0.000 0.000 0.000 0.000 0.000 0.000 0.000
0.000 0.000 0.000 0.000 1.011 0.000 0.081 0.000 0.587 0.727 0.587 0.000 0.817 0.000 0.000 0.000 0.000 1.927 0.000 0.000 0.000 1.441 0.871 0.501 0.000 0.623 0.773 0.323 0.000 0.978 0.998 0.128 1.772 2.282 0.342 0.342 0.000 0.599 0.809 0.459 0.029 0.000 0.429 0.299 0.249 0.218 0.000 0.089 0.000 0.063 0.813 0.813 0.923 1.003 1.123 0.583 0.644 0.024 0.453 0.000 0.086 0.256 0.437 0.467 0.818 1.518 0.000 0.000 0.000 0.000 0.000 0.000 0.000 0.000 0.000 0.000 0.000
0.000 0.000 0.000 0.000 0.791 0.471 0.351 0.000 0.000 0.397 0.517 1.217 0.287 0.467 0.367 0.377 0.447 0.000 0.173 0.173 0.123 0.295 0.000 0.401 0.000 0.000 0.323 0.123 0.000 1.028 0.898 0.698 0.000 0.232 0.074 0.075 0.097 0.898 0.000 0.178 0.778 0.448 0.308 0.000 0.000 1.158 0.288 0.518 0.738 0.000 0.783 0.783 0.783 0.823 0.963 0.913 0.363 0.723 0.753 0.404 0.284 0.694 0.026 0.407 0.000 1.158 0.000 0.000 0.000 0.000 0.000 0.000 0.000 0.000 0.000 0.000 0.000
0.000 0.000 0.000 0.000 0.000 0.531 0.031 0.000 0.000 0.000 0.000 0.000 0.147 0.487 0.377 0.557 0.597 0.018 0.030 0.031 0.330 0.361 0.000 0.000 0.000 0.000 0.000 0.543 0.000 0.948 0.848 0.000 0.857 0.000 0.477 0.477 0.000 0.457 0.617 1.197 0.417 0.267 0.000 1.017 0.977 0.648 0.000 0.738 0.698 0.000 0.823 0.823 0.353 1.133 0.643 0.803 0.903 0.383 0.423 0.000 0.744 0.784 0.385 0.746 0.000 0.868 0.000 0.000 0.000 0.000 0.000 0.000 0.000 0.000 0.000 0.000 0.000
0.000 0.000 0.111 0.111 0.000 0.561 0.000 0.043 0.000 0.000 0.000 0.000 0.287 0.207 0.517 0.697 0.000 0.000 0.509 0.509 0.459 0.370 0.520 0.140 0.390 0.581 0.000 1.783 0.000 0.957 0.937 0.037 0.967 0.000 2.477 2.477 0.717 0.867 1.387 0.067 0.000 0.207 0.027 0.317 1.097 0.638 0.678 0.718 0.000 0.792 0.883 0.883 1.063 1.083 1.183 0.473 0.893 0.933 0.303 0.504 0.704 0.754 0.000 0.096 0.001 0.000 0.000 0.000 0.000 0.000 0.000 0.000 0.000 0.000 0.000 0.000 0.000
0.000 0.000 0.000 0.000 0.401 0.301 0.000 0.001 0.122 0.052 0.000 0.000 0.287 0.217 0.557 0.587 0.437 0.000 0.185 0.185 0.107 0.469 0.450 0.470 0.440 0.621 0.212 0.000 0.491 0.807 0.847 0.817 0.907 0.000 0.000 0.000 0.637 1.407 1.147 0.377 1.497 0.607 0.287 0.457 1.367 0.000 0.508 0.688 0.809 0.790 0.000 0.000 1.253 0.000 1.213 1.103 0.000 1.603 0.983 0.594 0.714 0.094 0.000 0.000 2.152 0.000 0.000 0.000 0.000 0.000 0.000 0.000 0.000 0.000 0.000 0.000 0.000
0.000 0.170 0.591 0.591 0.401 0.000 0.000 0.000 0.122 0.022 0.000 0.366 0.297 0.367 0.517 0.767 0.868 0.868 0.319 0.320 0.185 0.389 0.159 0.000 0.200 0.741 0.563 1.556 1.666 0.000 0.727 0.987 1.307 0.000 0.000 0.000 0.977 1.467 1.287 0.297 1.147 1.067 1.157 0.000 1.127 1.117 0.907 0.068 0.429 0.820 0.000 0.000 1.333 0.000 0.000 0.643 1.103 1.093 0.933 0.233 0.193 0.443 1.793 2.457 0.000 0.000 0.000 0.000 0.000 0.000 0.000 0.000 0.000 0.000 0.000 0.000 0.000
0.266 0.408 0.251 0.251 0.522 0.902 0.035 0.272 1.222 1.492 0.000 0.226 0.326 0.586 0.597 0.557 0.778 0.978 1.128 1.128 0.015 0.177 0.348 0.308 0.439 0.550 0.193 0.366 0.476 0.000 0.000 0.000 0.000 2.176 0.000 0.000 0.957 0.506 1.136 0.377 0.737 1.377 0.737 1.167 1.037 1.197 0.757 1.107 0.438 0.000 1.298 1.298 0.000 0.608 0.000 0.000 0.000 0.993 1.973 0.273 0.293 2.103 0.000 0.000 0.000 0.000 0.000 0.000 0.000 0.000 0.000 0.000 0.000 0.000 0.000 0.000 0.000
0.425 0.177 0.491 0.491 1.182 0.202 0.513 0.000 0.641 1.432 1.492 1.482 0.000 0.736 0.707 0.697 0.437 0.858 1.128 1.128 0.689 0.384 0.887 0.738 0.688 0.719 0.000 0.426 0.506 0.000 2.026 2.136 2.586 1.776 0.166 0.166 0.436 0.926 1.426 0.267 0.497 0.577 0.787 1.307 0.187 1.047 0.887 0.967 0.138 1.278 1.348 1.348 1.188 0.648 0.848 1.478 0.868 0.212 1.083 1.443 2.444 0.000 0.000 0.000 0.000 0.000 0.000 0.000 0.000 0.000 0.000 0.000 0.000 0.000 0.000 0.000 0.000
0.715 0.435 0.127 0.129 0.692 1.523 1.423 1.473 0.454 0.000 0.551 1.463 1.374 1.314 0.002 0.427 0.747 0.218 0.458 0.459 0.669 0.144 0.657 0.878 0.508 0.739 0.520 0.000 0.000 0.000 0.000 2.061 0.356 2.516 1.026 1.026 1.066 1.526 0.966 0.316 0.207 0.847 1.307 1.137 0.397 0.000 1.087 1.117 0.000 0.848 0.000 0.000 0.068 0.958 0.998 0.000 0.958 0.222 0.353 2.437 0.000 0.000 0.000 0.000 0.000 0.000 0.000 0.000 0.000 0.000 0.000 0.000 0.000 0.000 0.000 0.000 0.000
