includes/camargue/floodfiles/results/res-0001.wdfp
ncols         906
nrows         631
xllcorner     362177.146667
yllcorner     6534725.688020
cellsize      20.000000
NODATA_value  -9999.000000
[rows 476 to 509 of 631, columns 154 to 230 of 906]
2.140 2.174 2.208 2.242 2.276 2.311 2.345 2.359 2.353 2.351 2.366 2.381 2.397 2.412 2.428 2.443 2.459 2.438 2.414 2.389 2.364 2.343 2.347 2.351 2.355 2.359 2.362 2.350 2.337 2.325 2.312 2.300 2.287 2.273 2.247 2.221 2.194 2.182 2.176 2.170 2.164 2.158 2.152 2.146 2.140 2.134 2.122 2.110 2.087 2.059 2.031 2.003 1.976 1.948 1.920 1.892 1.865 1.837 1.817 1.803 1.790 1.777 1.764 1.751 1.738 1.179 1.219 1.700 1.687 1.209 1.662 1.199 1.643 1.209 1.624 1.219 1.178
2.231 2.266 2.300 2.334 2.368 2.403 2.437 2.437 2.431 2.425 2.426 2.442 2.457 2.472 2.488 2.503 2.508 2.483 2.459 2.434 2.409 2.385 2.370 2.374 2.377 2.381 2.379 2.366 2.353 2.341 2.328 2.315 2.303 2.290 2.272 2.246 2.223 2.217 2.211 2.205 2.199 2.193 2.187 2.181 2.175 2.169 2.161 2.145 2.118 2.090 2.062 2.035 2.007 1.979 1.951 1.924 1.896 1.868 1.841 1.827 1.814 1.802 1.789 1.776 1.190 1.139 1.738 1.140 1.230 1.190 1.687 1.676 1.200 1.658 1.648 1.129 1.169
2.323 2.357 2.392 2.426 2.460 2.494 2.521 2.515 2.509 2.502 2.496 2.502 2.517 2.532 2.548 2.563 2.553 2.529 2.504 2.479 2.455 2.430 2.405 2.396 2.400 2.404 2.395 2.382 2.369 2.357 2.344 2.331 2.319 2.306 2.293 2.272 2.258 2.252 2.246 2.240 2.234 2.228 2.222 2.216 2.210 2.205 2.197 2.175 2.147 2.119 2.092 2.064 2.036 2.008 1.980 1.953 1.925 1.897 1.870 1.852 1.839 1.826 1.814 1.801 1.788 1.775 1.762 1.750 1.737 1.725 1.712 1.161 1.211 1.682 1.200 1.190 1.638
2.415 2.449 2.483 2.518 2.552 2.586 2.599 2.593 2.586 2.580 2.574 2.568 2.577 2.592 2.608 2.623 2.599 2.574 2.549 2.525 2.500 2.475 2.450 2.426 2.423 2.424 2.411 2.398 2.385 2.372 2.360 2.347 2.334 2.322 2.309 2.298 2.286 2.278 2.269 2.261 2.252 2.244 2.236 2.227 2.219 2.211 2.200 2.182 2.154 2.126 2.099 2.071 2.043 2.015 1.988 1.960 1.932 1.904 1.886 1.885 1.871 1.857 1.842 1.828 1.813 1.210 1.200 1.211 1.191 1.750 1.737 1.725 1.715 1.704 1.201 1.200 1.190
2.508 2.541 2.575 2.609 2.644 2.678 2.677 2.671 2.664 2.658 2.652 2.646 2.639 2.652 2.668 2.669 2.644 2.619 2.595 2.570 2.545 2.520 2.496 2.471 2.446 2.439 2.427 2.417 2.410 2.404 2.397 2.391 2.385 2.378 2.372 2.335 2.291 2.282 2.274 2.265 2.257 2.249 2.240 2.232 2.224 2.215 2.201 2.186 2.161 2.133 2.106 2.078 2.050 2.023 1.995 1.967 1.939 1.912 1.913 1.916 1.904 1.890 1.875 1.861 1.231 1.832 1.818 1.804 1.790 1.776 1.762 1.749 1.737 1.721 1.201 1.211 1.120
2.609 2.633 2.667 2.701 2.735 2.761 2.755 2.748 2.742 2.736 2.730 2.723 2.717 2.712 2.728 2.714 2.689 2.665 2.640 2.615 2.590 2.565 2.539 2.513 2.488 2.493 2.486 2.480 2.473 2.467 2.460 2.454 2.448 2.441 2.433 2.372 2.310 2.287 2.278 2.270 2.262 2.253 2.245 2.236 2.228 2.217 2.201 2.186 2.168 2.140 2.113 2.085 2.058 2.030 2.002 1.974 1.947 1.939 1.941 1.944 1.938 1.923 1.909 1.895 1.880 1.866 1.852 1.838 1.823 1.809 1.172 1.775 1.752 1.737 1.721 1.705 1.201
2.711 2.734 2.759 2.793 2.827 2.839 2.832 2.826 2.820 2.814 2.807 2.801 2.795 2.788 2.784 2.758 2.733 2.707 2.681 2.655 2.629 2.603 2.577 2.551 2.540 2.549 2.549 2.543 2.536 2.530 2.523 2.517 2.510 2.504 2.470 2.409 2.347 2.292 2.283 2.275 2.266 2.258 2.249 2.241 2.232 2.217 2.202 2.187 2.172 2.148 2.120 2.092 2.065 2.037 2.009 1.982 1.964 1.967 1.969 1.971 1.971 1.956 1.942 1.928 1.914 1.900 1.885 1.871 1.857 1.843 1.824 1.791 1.764 1.749 1.735 1.720 1.706
2.812 2.835 2.858 2.885 2.919 2.916 2.910 2.904 2.898 2.891 2.880 2.860 2.840 2.821 2.809 2.797 2.771 2.745 2.719 2.693 2.667 2.641 2.616 2.590 2.593 2.601 2.610 2.606 2.599 2.593 2.586 2.580 2.574 2.567 2.507 2.445 2.384 2.323 2.288 2.279 2.271 2.262 2.254 2.246 2.233 2.218 2.203 2.188 2.173 2.155 2.127 2.100 2.072 2.044 2.017 1.990 1.992 1.994 1.997 1.999 2.002 1.232 1.976 1.961 1.947 1.933 1.919 1.905 1.890 1.874 1.840 1.806 1.776 1.761 1.203 1.733 1.718
2.913 2.936 2.959 2.982 3.000 2.991 2.971 2.952 2.932 2.912 2.892 2.873 2.853 2.833 2.829 2.827 2.810 2.784 2.758 2.732 2.706 2.680 2.654 2.636 2.645 2.653 2.662 2.669 2.662 2.656 2.649 2.643 2.637 2.605 2.544 2.482 2.421 2.360 2.298 2.284 2.276 2.267 2.259 2.249 2.234 2.219 2.204 2.189 2.174 2.159 2.134 2.107 2.079 2.051 2.024 2.018 2.020 2.022 2.025 2.027 2.029 2.023 2.009 1.995 1.981 1.967 1.952 1.938 1.924 1.890 1.856 1.822 1.234 1.773 1.759 1.745 1.730
3.015 3.020 3.021 3.022 3.019 3.004 2.984 2.964 2.945 2.925 2.905 2.886 2.866 2.850 2.848 2.846 2.844 2.822 2.796 2.770 2.744 2.718 2.692 2.688 2.697 2.705 2.714 2.722 2.725 2.719 2.712 2.706 2.700 2.642 2.581 2.519 2.458 2.397 2.335 2.289 2.280 2.272 2.263 2.250 2.235 2.220 2.205 2.190 2.175 2.160 2.141 2.114 2.086 2.058 2.043 2.045 2.048 2.050 2.052 2.055 2.057 2.056 2.042 2.028 2.014 2.000 1.986 1.972 1.940 1.906 1.872 1.838 1.804 1.204 1.154 1.184 1.223
3.023 3.024 3.025 3.026 3.021 3.015 2.997 2.977 2.957 2.938 2.918 2.898 2.879 2.869 2.867 2.866 2.864 2.860 2.834 2.808 2.782 2.757 2.732 2.741 2.749 2.758 2.766 2.774 2.783 2.782 2.775 2.769 2.740 2.679 2.618 2.556 2.495 2.434 2.372 2.311 2.285 2.276 2.266 2.251 2.236 2.221 2.206 2.191 2.176 2.161 2.146 2.121 2.093 2.068 2.071 2.073 2.075 2.078 2.080 2.082 2.085 2.087 2.075 2.061 2.047 2.033 2.019 1.989 1.956 1.922 1.888 1.854 1.820 1.797 1.194 1.184 1.754
3.027 3.028 3.029 3.028 3.022 3.016 3.009 2.990 2.970 2.950 2.931 2.911 2.891 2.889 2.887 2.885 2.883 2.881 2.873 2.847 2.821 2.795 2.784 2.793 2.801 2.810 2.818 2.827 2.835 2.844 2.838 2.832 2.777 2.716 2.655 2.593 2.532 2.471 2.409 2.348 2.290 2.281 2.267 2.252 2.237 2.222 2.207 2.192 2.177 2.162 2.147 2.128 2.100 2.096 2.098 2.101 2.103 2.106 2.108 2.110 2.113 2.115 2.109 2.094 2.081 2.067 2.039 2.005 1.971 1.938 1.904 1.870 1.835 1.225 1.795 1.780 1.766
3.031 3.032 3.033 3.029 3.024 3.018 3.012 3.003 2.983 2.963 2.943 2.924 2.910 2.908 2.906 2.904 2.902 2.900 2.898 2.885 2.859 2.833 2.837 2.845 2.854 2.862 2.871 2.879 2.888 2.896 2.901 2.876 2.814 2.753 2.692 2.630 2.569 2.507 2.446 2.385 2.323 2.283 2.268 2.253 2.238 2.223 2.208 2.193 2.178 2.164 2.149 2.134 2.122 2.124 2.126 2.128 2.131 2.133 2.136 2.138 2.140 2.143 2.142 2.128 2.114 2.088 2.054 2.021 1.987 1.953 1.919 1.885 1.851 1.821 1.235 1.085 1.778
3.035 3.036 3.037 3.031 3.025 3.019 3.013 3.007 2.996 2.976 2.956 2.937 2.929 2.927 2.925 2.923 2.922 2.920 2.918 2.916 2.898 2.881 2.889 2.897 2.906 2.914 2.923 2.931 2.940 2.938 2.930 2.881 2.813 2.745 2.678 2.610 2.542 2.474 2.406 2.338 2.271 2.247 2.233 2.219 2.205 2.191 2.177 2.164 2.150 2.136 2.122 2.113 2.127 2.135 2.144 2.153 2.159 2.161 2.164 2.166 2.168 2.171 2.173 2.161 2.137 2.103 2.070 2.036 2.003 1.969 1.935 1.901 1.867 1.833 1.819 1.805 1.790
3.039 3.041 3.038 3.032 3.026 3.020 3.014 3.008 3.003 2.989 2.969 2.950 2.948 2.946 2.945 2.943 2.941 2.939 2.937 2.935 2.933 2.933 2.933 2.925 2.916 2.908 2.899 2.891 2.882 2.874 2.858 2.818 2.754 2.686 2.618 2.550 2.482 2.414 2.347 2.279 2.236 2.213 2.195 2.181 2.167 2.153 2.139 2.126 2.112 2.098 2.084 2.097 2.114 2.123 2.131 2.140 2.149 2.158 2.167 2.175 2.184 2.193 2.201 2.186 2.153 2.119 2.085 2.052 2.018 1.984 1.950 1.916 1.883 1.849 1.236 1.816 1.802
3.044 3.045 3.040 3.034 3.028 3.022 3.016 3.010 3.004 2.998 2.982 2.969 2.968 2.966 2.964 2.962 2.960 2.946 2.932 2.918 2.903 2.878 2.869 2.861 2.852 2.844 2.835 2.827 2.818 2.810 2.780 2.741 2.694 2.626 2.558 2.490 2.423 2.355 2.287 2.224 2.202 2.179 2.157 2.143 2.129 2.115 2.102 2.088 2.074 2.060 2.064 2.082 2.099 2.110 2.119 2.128 2.136 2.145 2.154 2.163 2.172 2.180 2.191 2.193 2.163 2.134 2.101 2.067 2.034 2.000 1.966 1.932 1.898 1.864 1.216 1.828 1.814
3.048 3.047 3.041 3.035 3.029 3.023 3.017 3.011 3.005 3.000 2.993 2.986 2.972 2.958 2.944 2.929 2.915 2.901 2.887 2.873 2.853 2.826 2.805 2.797 2.788 2.780 2.771 2.763 2.754 2.742 2.703 2.663 2.624 2.566 2.499 2.431 2.363 2.295 2.227 2.190 2.168 2.146 2.123 2.105 2.091 2.078 2.064 2.050 2.036 2.030 2.048 2.066 2.084 2.098 2.106 2.115 2.124 2.133 2.141 2.150 2.159 2.169 2.185 2.197 2.167 2.137 2.107 2.078 2.048 2.016 1.982 1.948 1.914 1.880 1.855 1.126 1.826
3.052 3.049 3.043 3.037 3.031 3.025 3.018 3.009 3.000 2.991 2.977 2.941 2.927 2.913 2.899 2.885 2.871 2.857 2.842 2.828 2.804 2.777 2.750 2.733 2.724 2.716 2.707 2.699 2.690 2.664 2.625 2.586 2.546 2.507 2.439 2.371 2.303 2.236 2.179 2.156 2.134 2.112 2.090 2.068 2.054 2.040 2.026 2.012 1.999 2.014 2.032 2.050 2.068 2.085 2.094 2.102 2.111 2.120 2.129 2.138 2.147 2.163 2.179 2.195 2.171 2.141 2.111 2.081 1.237 1.217 1.992 1.962 1.930 1.896 1.867 1.858 1.874
3.056 3.050 3.041 3.031 3.022 3.013 3.004 2.994 2.985 2.976 2.952 2.914 2.882 2.868 2.854 2.840 2.826 2.812 2.798 2.782 2.755 2.727 2.700 2.673 2.660 2.652 2.643 2.635 2.626 2.587 2.547 2.508 2.469 2.429 2.379 2.312 2.244 2.176 2.145 2.122 2.100 2.078 2.056 2.034 2.016 2.002 1.988 1.974 1.981 1.999 2.016 2.034 2.052 2.070 2.081 2.090 2.099 2.107 2.116 2.125 2.140 2.156 2.172 2.188 2.174 2.145 2.115 2.085 2.055 2.025 1.995 1.965 1.935 1.905 1.884 1.907 1.923
3.052 3.036 3.026 3.017 3.008 2.998 2.989 2.980 2.971 2.962 2.927 2.890 2.852 2.824 2.810 2.796 2.781 2.767 2.753 2.732 2.705 2.678 2.651 2.624 2.596 2.588 2.579 2.571 2.549 2.509 2.470 2.431 2.391 2.352 2.313 2.252 2.184 2.133 2.111 2.089 1.236 2.044 2.022 2.000 1.978 1.964 1.950 1.947 1.965 1.983 2.000 2.018 2.036 2.054 2.069 2.077 2.086 2.095 2.103 2.118 2.134 2.150 2.166 2.182 2.178 2.148 2.119 2.089 2.059 2.029 1.999 1.969 1.939 1.218 1.901 1.932 1.964
3.046 3.026 3.012 3.002 2.993 2.984 2.975 2.966 2.956 2.940 2.902 2.865 2.827 2.789 2.765 2.751 2.737 2.723 2.708 2.683 2.656 2.629 2.601 2.574 2.547 2.524 2.515 2.507 2.471 2.432 2.392 2.353 2.314 2.274 2.235 2.192 2.124 2.099 2.077 2.055 2.033 2.010 1.988 1.966 1.944 1.926 1.913 1.931 1.949 1.967 1.985 2.002 2.020 2.038 2.056 2.065 2.074 2.082 2.096 2.112 2.128 2.144 2.160 2.176 2.182 2.152 2.122 2.092 2.062 2.032 2.003 1.973 1.952 1.937 1.921 1.947 1.979
3.040 3.020 3.001 2.988 2.979 2.970 2.960 2.951 2.942 2.915 2.878 2.840 2.802 2.764 2.727 2.706 2.692 2.678 2.661 2.633 2.606 2.579 2.552 2.525 2.498 2.470 2.451 2.433 2.394 2.354 2.315 2.276 2.236 2.197 2.157 2.118 2.087 2.065 2.043 2.021 1.999 1.977 1.955 1.932 1.910 1.889 1.898 1.915 1.933 1.951 1.969 1.986 2.004 2.022 2.040 2.052 2.061 2.074 2.090 2.105 2.121 2.137 2.153 2.169 2.185 2.156 2.126 2.096 2.066 2.036 2.006 1.988 1.972 1.957 1.942 1.962 1.994
3.034 3.014 2.995 2.976 2.964 2.955 2.946 2.937 2.928 2.891 2.853 2.815 2.777 2.740 2.702 2.664 2.647 2.633 2.611 2.584 2.557 2.530 2.502 2.475 2.448 2.421 2.394 2.357 2.318 2.280 2.241 2.202 2.164 2.125 2.086 2.050 2.056 2.033 2.011 1.989 1.967 1.945 1.922 1.900 1.878 1.873 1.890 1.906 1.921 1.937 1.953 1.971 1.988 2.006 2.024 2.040 2.052 2.067 2.083 2.099 2.115 2.131 2.147 2.163 2.179 2.159 2.129 2.099 2.069 2.040 2.023 2.008 1.992 1.977 1.962 1.977 2.010
3.028 3.008 2.989 2.970 2.950 2.941 2.932 2.922 2.904 2.866 2.828 2.790 2.753 2.715 2.677 2.639 2.602 2.588 2.561 2.534 2.507 2.480 2.451 2.422 2.393 2.365 2.335 2.288 2.248 2.209 2.171 2.132 2.093 2.055 2.016 2.005 2.012 2.002 1.979 1.957 1.935 1.913 1.891 1.868 1.850 1.870 1.888 1.904 1.920 1.936 1.951 1.967 1.983 1.999 2.015 2.028 2.045 2.061 2.077 2.093 2.109 2.125 2.140 2.156 2.172 2.163 2.133 2.103 2.074 2.058 2.043 2.028 2.013 1.997 1.982 1.993 2.025
3.022 3.002 2.983 2.964 2.944 2.926 2.917 2.908 2.879 2.841 2.803 2.766 2.728 2.690 2.652 2.614 2.576 2.538 2.509 2.480 2.451 2.422 2.393 2.364 2.336 2.307 2.272 2.225 2.178 2.139 2.101 2.062 2.023 1.985 1.954 1.960 1.967 1.970 1.948 1.925 1.903 1.881 1.859 1.837 1.847 1.867 1.886 1.903 1.918 1.934 1.950 1.966 1.982 1.998 2.012 2.019 2.033 2.051 2.068 2.085 2.102 2.118 2.134 2.150 2.166 2.166 2.136 2.109 2.094 2.079 2.063 2.048 2.033 2.017 2.002 2.008 2.040
3.016 2.996 2.977 2.958 2.938 2.919 2.903 2.892 2.854 2.816 2.778 2.741 2.699 2.653 2.607 2.561 2.516 2.480 2.451 2.422 2.393 2.364 2.335 2.307 2.278 2.249 2.209 2.161 2.114 2.069 2.030 1.992 1.953 1.915 1.909 1.915 1.922 1.928 1.916 1.894 1.871 1.849 1.827 1.824 1.844 1.864 1.883 1.901 1.917 1.933 1.948 1.964 1.980 1.996 2.003 2.010 2.022 2.039 2.056 2.074 2.091 2.109 2.126 2.143 2.159 2.170 2.145 2.129 2.114 2.099 2.083 2.068 2.053 2.038 2.022 2.023 2.055
3.010 2.991 2.971 2.952 2.932 2.913 2.894 2.865 2.819 2.773 2.728 2.682 2.636 2.591 2.545 2.499 2.453 2.423 2.394 2.364 2.335 2.306 2.278 2.249 2.220 2.191 2.145 2.098 2.051 2.004 1.960 1.922 1.883 1.857 1.864 1.870 1.877 1.883 1.884 1.862 1.840 1.817 1.801 1.821 1.841 1.861 1.880 1.900 1.915 1.931 1.947 1.963 1.979 1.987 1.994 2.001 2.010 2.027 2.045 2.062 2.079 2.097 2.114 2.131 2.149 2.182 2.165 2.150 2.134 2.119 2.104 2.088 2.073 2.058 2.042 2.038 2.070
3.004 2.985 2.966 2.949 2.931 2.914 2.896 2.821 2.757 2.711 2.665 2.620 2.574 2.528 2.482 2.437 2.396 2.366 2.337 2.307 2.277 2.249 2.220 2.191 2.162 2.129 2.082 2.035 1.988 1.940 1.893 1.852 1.813 1.812 1.819 1.825 1.832 1.838 1.845 1.830 1.808 1.786 1.798 1.818 1.838 1.858 1.877 1.897 1.914 1.930 1.945 1.961 1.971 1.978 1.985 1.992 1.998 2.015 2.033 2.050 2.068 2.085 2.102 2.120 2.157 2.207 2.198 2.176 2.155 2.139 2.124 2.108 2.093 2.078 2.062 2.053 2.085
3.005 2.988 2.970 2.953 2.935 2.918 2.888 2.798 2.707 2.649 2.603 2.557 2.512 2.466 2.420 2.374 2.339 2.309 2.280 2.250 2.220 2.191 2.162 2.133 2.104 2.066 2.019 1.972 1.924 1.877 1.830 1.783 1.761 1.767 1.774 1.780 1.787 1.793 1.800 1.798 1.776 1.776 1.795 1.815 1.835 1.854 1.874 1.894 1.912 1.928 1.944 1.955 1.962 1.969 1.975 1.982 1.989 2.004 2.021 2.038 2.056 2.073 2.090 2.132 2.182 2.233 2.231 2.210 2.188 2.167 2.146 2.129 2.113 2.098 2.083 2.068 2.100
3.009 2.991 2.974 2.957 2.939 2.922 2.866 2.775 2.684 2.594 2.541 2.495 2.449 2.404 2.358 2.312 2.282 2.252 2.223 2.193 2.163 2.133 2.104 2.075 2.047 2.003 1.955 1.908 1.861 1.814 1.779 1.774 1.768 1.760 1.753 1.745 1.742 1.749 1.755 1.762 1.753 1.773 1.792 1.812 1.832 1.851 1.871 1.891 1.910 1.927 1.940 1.946 1.953 1.959 1.966 1.973 1.980 1.992 2.009 2.027 2.044 2.061 2.107 2.158 2.208 2.259 2.264 2.243 2.221 2.200 2.179 2.158 2.137 2.118 2.103 2.087 2.115
3.013 2.995 2.978 2.960 2.943 2.926 2.843 2.752 2.661 2.571 2.480 2.433 2.387 2.342 2.296 2.255 2.225 2.195 2.165 2.136 2.106 2.077 2.047 2.018 1.987 1.940 1.892 1.845 1.840 1.835 1.830 1.825 1.819 1.812 1.804 1.796 1.789 1.781 1.774 1.766 1.765 1.782 1.799 1.815 1.832 1.848 1.868 1.888 1.907 1.924 1.930 1.937 1.944 1.950 1.957 1.964 1.971 1.980 1.997 2.015 2.032 2.082 2.133 2.183 2.234 2.285 2.297 2.276 2.254 2.233 2.212 2.191 2.170 2.149 2.128 2.107 2.141
3.016 2.999 2.982 2.964 2.947 2.910 2.820 2.729 2.638 2.548 2.457 2.371 2.325 2.279 2.234 2.198 2.168 2.138 2.109 2.079 2.049 2.020 1.990 1.960 1.924 1.907 1.902 1.897 1.891 1.886 1.881 1.876 1.870 1.863 1.855 1.848 1.840 1.833 1.825 1.814 1.802 1.816 1.833 1.849 1.866 1.882 1.899 1.916 1.933 1.957 1.948 1.938 1.935 1.941 1.948 1.955 1.962 1.969 1.986 2.006 2.057 2.108 2.158 2.209 2.260 2.310 2.330 2.309 2.288 2.266 2.245 2.224 2.203 2.182 2.161 2.158 2.193
3.020 3.003 2.985 2.968 2.951 2.887 2.797 2.706 2.615 2.525 2.434 2.344 2.263 2.217 2.172 2.141 2.111 2.081 2.052 2.022 1.992 1.966 1.946 1.926 1.945 1.958 1.953 1.948 1.943 1.937 1.932 1.927 1.922 1.914 1.907 1.899 1.892 1.884 1.874 1.862 1.850 1.850 1.867 1.883 1.900 1.917 1.933 1.950 1.973 2.004 2.007 1.997 1.988 1.978 1.969 1.960 1.953 1.959 1.981 2.032 2.083 2.133 2.184 2.235 2.285 2.336 2.363 2.342 2.321 2.299 2.278 2.257 2.236 2.223 2.222 2.220 2.254
3.019 3.007 2.989 2.972 2.955 2.864 2.774 2.683 2.592 2.502 2.411 2.321 2.230 2.155 2.114 2.085 2.055 2.027 2.007 1.987 1.967 1.948 1.928 1.908 1.942 1.979 2.004 1.999 1.994 1.989 1.984 1.979 1.973 1.966 1.958 1.950 1.943 1.934 1.922 1.910 1.898 1.886 1.901 1.917 1.934 1.951 1.967 1.986 2.017 2.048 2.065 2.056 2.047 2.037 2.028 2.018 2.009 1.992 2.008 2.058 2.109 2.159 2.210 2.260 2.311 2.361 2.396 2.375 2.354 2.333 2.311 2.290 2.286 2.285 2.283 2.281 2.316
