includes/camargue/floodfiles/results/res-0003.wdfp
ncols         906
nrows         631
xllcorner     362177.146667
yllcorner     6534725.688020
cellsize      20.000000
NODATA_value  -9999.000000
[rows 374 to 407 of 631, columns 0 to 76 of 906]
9.295 8.917 8.680 8.444 8.207 7.971 7.734 7.174 6.429 5.684 4.209 4.595 4.119 4.019 3.909 3.559 2.919 1.779 1.549 1.884 1.884 0.130 0.108 0.000 0.000 0.000 0.000 0.000 0.000 0.000 0.000 0.000 0.000 0.000 0.000 0.000 0.000 0.000 0.000 0.000 0.000 0.000 0.000 0.000 0.000 0.000 0.000 0.000 0.000 0.000 0.000 0.000 0.000 0.000 0.000 0.000 0.000 0.000 0.000 0.000 0.000 0.000 0.000 0.000 0.000 0.000 0.000 0.000 0.000 0.000 0.000 0.000 0.000 0.000 0.000 0.000 0.000
10.190 9.592 9.355 9.119 8.882 8.646 8.257 7.512 6.768 6.023 4.039 4.149 4.099 4.009 3.899 3.549 3.019 1.859 1.769 1.049 0.385 0.011 0.389 0.000 0.000 0.000 0.000 0.000 0.000 0.000 0.000 0.000 0.000 0.000 0.000 0.000 0.000 0.000 0.000 0.000 0.000 0.000 0.000 0.000 0.000 0.000 0.000 0.000 0.000 0.000 0.000 0.000 0.000 0.000 0.000 0.000 0.000 0.000 0.000 0.000 0.000 0.000 0.000 0.000 0.000 0.000 0.000 0.000 0.000 0.000 0.000 0.000 0.000 0.000 0.000 0.000 0.000
11.085 10.476 10.030 9.794 9.557 9.321 8.595 7.851 7.106 6.361 4.139 3.899 3.909 3.959 3.899 3.649 3.079 1.829 1.639 1.399 0.385 0.000 0.000 0.000 0.000 0.000 0.000 0.000 0.000 0.000 0.000 0.000 0.000 0.000 0.000 0.000 0.000 0.000 0.000 0.000 0.000 0.000 0.000 0.000 0.000 0.000 0.000 0.000 0.000 0.000 0.000 0.000 0.000 0.000 0.000 0.000 0.000 0.000 0.000 0.000 0.000 0.000 0.000 0.000 0.000 0.000 0.000 0.000 0.000 0.000 0.000 0.000 0.000 0.000 0.000 0.000 0.000
11.981 11.371 10.762 10.469 10.232 9.679 8.934 8.189 7.445 3.989 3.989 4.009 3.959 3.879 3.819 3.669 3.139 1.969 1.789 1.499 0.385 0.385 0.000 0.441 0.000 0.000 0.000 0.000 0.000 0.000 0.000 0.000 0.000 0.000 0.000 0.000 0.000 0.000 0.000 0.000 0.000 0.000 0.000 0.000 0.000 0.000 0.000 0.000 0.000 0.000 0.000 0.000 0.000 0.000 0.000 0.000 0.000 0.000 0.000 0.000 0.000 0.000 0.000 0.000 0.000 0.000 0.000 0.000 0.000 0.000 0.000 0.000 0.000 0.000 0.000 0.000 0.000
12.876 12.267 11.657 11.144 10.762 10.017 9.273 8.528 7.783 7.038 4.209 4.119 4.139 4.119 4.139 3.829 3.069 2.129 2.019 1.599 1.129 0.385 0.000 0.401 0.451 0.000 0.000 0.000 0.000 0.000 0.000 0.000 0.000 0.000 0.000 0.000 0.000 0.000 0.000 0.000 0.000 0.000 0.000 0.000 0.000 0.000 0.000 0.000 0.000 0.000 0.000 0.000 0.000 0.000 0.000 0.000 0.000 0.000 0.000 0.000 0.000 0.000 0.000 0.000 0.000 0.000 0.000 0.000 0.000 0.000 0.000 0.000 0.000 0.000 0.000 0.000 0.000
13.401 12.847 12.292 11.738 11.187 10.408 9.629 8.866 8.122 7.377 6.632 5.887 4.049 4.219 4.049 4.009 3.589 2.629 2.219 1.839 1.309 0.385 0.000 0.300 0.000 0.000 0.000 0.000 0.000 0.000 0.000 0.000 0.000 0.000 0.000 0.000 0.000 0.000 0.000 0.000 0.000 0.000 0.000 0.000 0.000 0.000 0.000 0.000 0.000 0.000 0.000 0.000 0.000 0.000 0.000 0.000 0.000 0.000 0.000 0.000 0.000 0.000 0.000 0.000 0.000 0.000 0.000 0.000 0.000 0.000 0.000 0.000 0.000 0.000 0.000 0.000 0.000
13.433 12.879 12.324 12.116 12.030 11.251 10.472 9.693 8.914 8.135 7.356 6.577 5.798 4.219 4.149 4.159 4.069 3.429 2.519 2.159 1.699 0.385 0.385 0.329 0.389 0.000 0.000 0.000 0.000 0.000 0.000 0.000 0.000 0.000 0.000 0.000 0.000 0.000 0.000 0.000 0.000 0.000 0.000 0.000 0.000 0.000 0.000 0.000 0.000 0.000 0.000 0.000 0.000 0.000 0.000 0.000 0.000 0.000 0.000 0.000 0.000 0.000 0.000 0.000 0.000 0.000 0.000 0.000 0.000 0.000 0.000 0.000 0.000 0.000 0.000 0.000 0.000
13.466 12.911 12.526 12.520 12.515 12.094 11.315 10.536 9.757 8.978 8.199 7.420 6.640 5.833 5.061 4.541 4.021 3.919 3.229 2.659 2.259 1.299 0.385 0.498 0.419 0.000 0.000 0.000 0.000 0.000 0.000 0.000 0.000 0.000 0.000 0.000 0.000 0.000 0.000 0.000 0.000 0.000 0.000 0.000 0.000 0.000 0.000 0.000 0.000 0.000 0.000 0.000 0.000 0.000 0.000 0.000 0.000 0.000 0.000 0.000 0.000 0.000 0.000 0.000 0.000 0.000 0.000 0.000 0.000 0.000 0.000 0.000 0.000 0.000 0.000 0.000 0.000
13.498 12.943 12.930 12.925 12.920 12.915 12.159 11.380 10.601 9.822 9.043 8.263 7.465 6.658 5.852 5.206 4.686 4.166 3.979 3.189 2.748 1.989 0.384 0.384 0.568 0.000 0.000 0.000 0.000 0.000 0.000 0.000 0.000 0.000 0.000 0.000 0.000 0.000 0.000 0.000 0.000 0.000 0.000 0.000 0.000 0.000 0.000 0.000 0.000 0.000 0.000 0.000 0.000 0.000 0.000 0.000 0.000 0.000 0.000 0.000 0.000 0.000 0.000 0.000 0.000 0.000 0.000 0.000 0.000 0.000 0.000 0.000 0.000 0.000 0.000 0.000 0.000
13.530 13.340 13.335 13.330 13.324 13.319 13.002 12.223 11.444 10.665 9.886 9.096 8.290 7.483 6.676 5.871 5.351 4.831 4.108 3.839 3.139 2.879 1.878 0.384 0.385 0.385 0.000 0.000 0.000 0.000 0.000 0.000 0.000 0.000 0.000 0.000 0.000 0.000 0.000 0.000 0.000 0.000 0.000 0.000 0.000 0.000 0.000 0.000 0.000 0.000 0.000 0.000 0.000 0.000 0.000 0.000 0.000 0.000 0.000 0.000 0.000 0.000 0.000 0.000 0.000 0.000 0.000 0.000 0.000 0.000 0.000 0.000 0.000 0.000 0.000 0.000 0.000
13.750 13.745 13.739 13.734 13.729 13.724 13.719 13.067 12.287 11.508 10.728 9.921 9.114 8.308 7.501 6.694 6.016 5.496 4.976 3.999 3.698 3.298 2.908 1.578 0.579 0.000 0.000 0.000 0.000 0.000 0.000 0.000 0.000 0.000 0.000 0.000 0.000 0.000 0.000 0.000 0.000 0.000 0.000 0.000 0.000 0.000 0.000 0.000 0.000 0.000 0.000 0.000 0.000 0.000 0.000 0.000 0.000 0.000 0.000 0.000 0.000 0.000 0.000 0.000 0.000 0.000 0.000 0.000 0.000 0.000 0.000 0.000 0.000 0.000 0.000 0.000 0.000
14.155 14.149 14.144 14.139 14.134 14.128 14.123 13.910 13.131 12.352 11.552 10.746 9.939 9.133 8.326 7.519 6.713 6.161 5.641 4.139 3.968 3.778 3.108 2.228 1.228 0.148 0.000 0.000 0.000 0.000 0.000 0.000 0.000 0.000 0.000 0.000 0.000 0.000 0.000 0.000 0.000 0.000 0.000 0.000 0.000 0.000 0.000 0.000 0.000 0.000 0.000 0.000 0.000 0.000 0.000 0.000 0.000 0.000 0.000 0.000 0.000 0.000 0.000 0.000 0.000 0.000 0.000 0.000 0.000 0.000 0.000 0.000 0.000 0.000 0.000 0.000 0.000
14.559 14.554 14.549 14.544 14.538 14.533 14.528 14.523 13.974 13.184 12.377 11.570 10.764 9.957 9.151 8.344 7.537 6.826 6.306 5.774 4.088 4.018 3.528 3.098 1.658 0.878 1.200 0.000 0.000 0.000 0.000 0.000 0.000 0.000 0.000 0.000 0.000 0.000 0.000 0.000 0.000 0.000 0.000 0.000 0.000 0.000 0.000 0.000 0.000 0.000 0.000 0.000 0.000 0.000 0.000 0.000 0.000 0.000 0.000 0.000 0.000 0.000 0.000 0.000 0.000 0.000 0.000 0.000 0.000 0.000 0.000 0.000 0.000 0.000 0.000 0.000 0.000
14.429 14.497 14.565 14.633 14.702 14.770 14.838 14.906 14.816 14.009 13.202 12.395 11.589 10.782 9.975 9.169 8.362 7.555 6.971 6.278 5.513 4.058 3.598 3.288 2.168 1.228 1.200 0.000 0.000 0.000 0.000 0.000 0.000 0.000 0.000 0.000 0.000 0.000 0.000 0.000 0.000 0.000 0.000 0.000 0.000 0.000 0.000 0.000 0.000 0.000 0.000 0.000 0.000 0.000 0.000 0.000 0.000 0.000 0.000 0.000 0.000 0.000 0.000 0.000 0.000 0.000 0.000 0.000 0.000 0.000 0.000 0.000 0.000 0.000 0.000 0.000 0.000
13.795 13.863 13.932 14.000 14.068 14.136 14.204 14.273 14.644 14.416 13.650 12.885 12.119 11.354 10.589 9.823 9.058 8.293 7.559 6.782 6.017 5.252 3.848 3.528 3.048 1.658 1.200 0.000 0.000 0.000 0.000 0.000 0.000 0.000 0.000 0.000 0.000 0.000 0.000 0.000 0.000 0.000 0.000 0.000 0.000 0.000 0.000 0.000 0.000 0.000 0.000 0.000 0.000 0.000 0.000 0.000 0.000 0.000 0.000 0.000 0.000 0.000 0.000 0.000 0.000 0.000 0.000 0.000 0.000 0.000 0.000 0.000 0.000 0.000 0.000 0.000 0.000
13.162 13.230 13.298 13.366 13.434 13.502 13.571 13.818 14.282 14.746 13.990 13.225 12.459 11.694 10.929 10.163 9.398 8.646 8.108 7.426 6.643 5.859 5.076 3.958 3.408 2.558 0.000 0.000 0.000 0.519 0.001 0.000 0.000 0.000 0.000 0.000 0.000 0.000 0.000 0.000 0.000 0.000 0.000 0.000 0.000 0.000 0.000 0.000 0.000 0.000 0.000 0.000 0.000 0.000 0.000 0.000 0.000 0.000 0.000 0.000 0.000 0.000 0.000 0.000 0.000 0.000 0.000 0.000 0.000 0.000 0.000 0.000 0.000 0.000 0.000 0.000 0.000
12.489 12.596 12.664 12.733 12.801 12.869 12.991 13.455 13.919 14.383 14.331 13.565 12.800 12.034 11.269 10.504 9.738 9.143 8.606 8.068 7.293 6.510 5.726 4.943 4.138 3.338 2.008 0.373 0.373 0.374 0.000 0.000 0.000 0.000 0.000 0.000 0.000 0.000 0.000 0.000 0.000 0.000 0.000 0.000 0.000 0.000 0.000 0.000 0.000 0.000 0.000 0.000 0.000 0.000 0.000 0.000 0.000 0.000 0.000 0.000 0.000 0.000 0.000 0.000 0.000 0.000 0.000 0.000 0.000 0.000 0.000 0.000 0.000 0.000 0.000 0.000 0.000
11.720 11.963 12.031 12.099 12.167 12.235 12.629 13.093 13.556 14.020 14.483 13.905 13.140 12.374 11.609 10.844 10.178 9.640 9.103 8.566 7.944 7.160 6.377 5.593 4.809 4.026 3.328 2.568 2.368 0.372 0.373 0.183 0.182 0.000 0.000 0.000 0.000 0.000 0.000 0.000 0.000 0.000 0.000 0.000 0.000 0.000 0.000 0.000 0.000 0.000 0.000 0.000 0.000 0.000 0.000 0.000 0.000 0.000 0.000 0.000 0.000 0.000 0.000 0.000 0.000 0.000 0.000 0.000 0.000 0.000 0.000 0.000 0.000 0.000 0.000 0.000 0.000
10.951 11.255 11.397 11.465 11.533 11.802 12.266 12.730 13.194 13.658 14.121 14.244 13.480 12.714 11.949 11.213 10.675 10.138 9.600 9.063 8.525 7.810 7.027 6.243 5.460 4.676 4.095 4.057 3.687 3.267 2.997 2.367 0.183 0.182 0.182 0.000 0.000 0.000 0.000 0.000 0.000 0.000 0.000 0.000 0.000 0.000 0.000 0.000 0.000 0.000 0.000 0.000 0.000 0.000 0.000 0.000 0.000 0.000 0.000 0.000 0.000 0.000 0.000 0.000 0.000 0.000 0.000 0.000 0.000 0.000 0.000 0.000 0.000 0.000 0.000 0.000 0.000
10.181 10.486 10.764 10.832 10.976 11.440 11.904 12.367 12.831 13.295 13.759 14.223 13.820 13.054 12.289 11.710 11.172 10.635 10.097 9.560 9.022 8.461 7.677 6.894 6.110 5.421 5.029 4.637 4.245 3.853 3.967 3.587 2.967 2.357 0.183 0.182 0.179 0.000 0.000 0.000 0.000 0.000 0.000 0.000 0.000 0.000 0.000 0.000 0.000 0.000 0.000 0.000 0.000 0.000 0.000 0.000 0.000 0.000 0.000 0.000 0.000 0.000 0.000 0.000 0.000 0.000 0.000 0.000 0.000 0.000 0.000 0.000 0.000 0.000 0.000 0.000 0.000
9.412 9.716 10.021 10.198 10.614 11.077 11.541 12.005 12.469 12.932 13.396 13.860 14.160 13.394 12.745 12.207 11.670 11.132 10.595 10.057 9.520 8.982 8.328 7.544 6.761 6.354 5.962 5.570 5.179 4.787 4.395 4.003 4.067 3.517 2.827 2.227 0.181 0.180 0.000 0.000 0.000 0.000 0.000 0.000 0.000 0.004 0.000 0.000 0.000 0.000 0.000 0.000 0.019 0.005 0.000 0.000 0.000 0.000 0.000 0.000 0.000 0.000 0.000 0.000 0.000 0.000 0.000 0.000 0.000 0.000 0.000 0.000 0.000 0.000 0.000 0.000 0.000
9.001 9.275 9.549 9.801 10.255 10.718 11.181 11.644 12.107 12.570 13.034 13.497 13.961 13.779 13.242 12.704 12.167 11.629 11.092 10.554 10.017 9.479 8.942 8.195 7.680 7.288 6.896 6.504 6.112 5.720 5.328 4.937 4.545 4.153 3.867 3.317 2.687 0.182 0.181 0.000 0.000 0.000 0.000 0.003 0.002 0.025 0.007 0.000 0.000 0.000 0.000 0.000 0.154 0.084 0.000 0.000 0.000 0.000 0.000 0.000 0.000 0.000 0.000 0.000 0.000 0.000 0.000 0.000 0.000 0.000 0.000 0.000 0.000 0.000 0.000 0.000 0.000
8.808 9.083 9.349 9.582 9.903 10.366 10.829 11.292 11.755 12.218 12.681 13.144 13.607 13.847 13.346 12.844 12.342 11.840 11.338 10.836 10.335 9.833 9.331 8.987 8.600 8.214 7.828 7.438 7.046 6.654 6.262 5.870 5.478 5.087 4.695 3.817 3.477 2.757 0.182 0.182 0.000 0.000 0.000 0.020 0.004 0.099 0.232 0.000 0.000 0.000 0.000 0.000 0.443 0.367 0.023 0.089 0.003 0.017 0.000 0.000 0.000 0.000 0.000 0.000 0.000 0.000 0.000 0.000 0.000 0.000 0.000 0.000 0.000 0.000 0.000 0.000 0.000
8.616 8.891 9.130 9.363 9.596 10.015 10.477 10.940 11.403 11.866 12.329 12.792 13.102 13.338 13.219 12.717 12.215 11.713 11.212 10.710 10.208 9.706 9.253 9.534 9.378 8.991 8.605 8.219 7.832 7.446 7.060 6.674 6.287 5.901 5.529 4.894 3.757 3.367 2.797 0.182 0.181 0.000 0.000 0.061 0.188 0.205 0.368 0.210 0.000 0.000 0.010 0.002 0.615 0.403 0.413 0.244 0.070 0.143 0.005 0.000 0.000 0.000 0.000 0.000 0.000 0.000 0.000 0.000 0.000 0.000 0.000 0.000 0.000 0.000 0.000 0.000 0.000
8.424 8.678 8.911 9.144 9.377 9.663 10.126 10.589 11.052 11.515 11.977 12.344 12.580 12.817 13.053 12.590 12.088 11.586 11.085 10.583 10.081 9.579 9.642 9.923 10.155 9.769 9.382 8.996 8.610 8.223 7.837 7.451 7.065 6.699 6.340 5.676 4.909 4.217 3.376 2.896 0.182 0.177 0.154 0.312 0.266 0.167 0.125 0.402 0.089 0.000 0.035 0.008 0.687 0.659 0.586 0.339 0.396 0.666 0.059 0.011 0.000 0.000 0.000 0.000 0.000 0.000 0.000 0.000 0.000 0.000 0.000 0.000 0.000 0.000 0.000 0.000 0.000
8.226 8.459 8.692 8.925 9.158 9.391 9.774 10.237 10.700 11.163 11.586 11.822 12.059 12.295 12.531 12.463 11.961 11.460 10.958 10.456 9.954 9.751 10.032 10.313 10.594 10.546 10.159 9.773 9.387 9.000 8.614 8.228 7.869 7.511 7.152 6.457 5.690 4.924 4.216 3.376 3.006 1.566 0.170 0.259 0.242 0.322 0.406 0.173 0.067 0.125 0.074 0.080 0.721 0.776 0.676 0.505 0.563 0.427 0.252 0.104 0.016 0.000 0.000 0.000 0.000 0.029 0.000 0.003 0.000 0.000 0.000 0.000 0.000 0.000 0.000 0.000 0.036
8.007 8.240 8.473 8.706 8.939 9.172 9.422 9.885 10.348 10.811 11.065 11.301 11.537 11.774 12.010 12.246 11.835 11.333 10.831 10.329 9.859 10.140 10.421 10.702 10.984 11.265 10.937 10.550 10.164 9.778 9.398 9.039 8.681 8.322 7.964 7.238 6.472 5.705 4.939 3.926 3.496 3.006 1.386 1.045 0.283 0.271 0.220 0.192 0.268 0.154 0.124 0.047 0.222 0.826 0.836 0.816 0.655 0.494 0.623 0.422 0.442 0.300 0.020 0.000 0.017 0.299 0.007 0.055 0.000 0.000 0.000 0.000 0.000 0.000 0.073 0.110 0.330
7.788 8.021 8.254 8.487 8.720 8.953 9.186 9.533 9.996 10.307 10.543 10.779 11.016 11.252 11.488 11.725 11.708 11.206 10.704 10.202 10.249 10.530 10.811 11.092 11.373 11.654 11.714 11.327 10.941 10.568 10.209 9.851 9.492 9.134 8.776 8.019 7.253 6.486 5.720 4.954 3.986 3.416 2.196 1.945 0.875 0.294 0.286 0.145 0.259 0.262 0.120 0.135 0.175 0.871 0.900 0.850 0.780 0.799 0.418 0.531 0.473 0.475 0.190 0.389 0.280 0.371 0.449 0.177 0.010 0.295 0.203 0.020 0.046 0.000 0.137 0.170 0.443
7.569 7.802 8.035 8.268 8.501 8.734 8.967 9.200 9.549 9.786 10.022 10.258 10.494 10.731 10.967 11.203 11.440 11.079 10.577 10.357 10.638 10.919 11.201 11.482 11.763 12.044 12.325 12.105 11.738 11.380 11.021 10.663 10.304 9.946 9.567 8.800 8.034 7.268 6.501 5.735 4.968 3.146 3.225 3.036 2.605 1.305 0.295 0.284 0.266 0.266 0.046 0.046 0.043 0.989 0.728 0.837 0.928 0.646 0.632 0.542 0.503 0.500 0.473 0.481 0.290 0.539 0.354 0.412 0.415 0.319 0.398 0.360 0.180 0.040 0.389 0.467 0.662
7.449 7.679 7.908 8.137 8.367 8.596 8.826 9.021 9.041 9.273 9.505 9.737 9.973 10.209 10.445 10.682 10.918 10.952 10.466 10.747 11.028 11.309 11.590 11.871 12.141 12.331 12.520 12.714 12.550 12.191 11.833 11.474 11.116 10.757 10.348 9.581 8.815 8.049 7.282 6.516 5.750 4.979 4.155 3.625 3.155 2.655 1.574 0.290 0.282 0.245 0.230 0.053 0.030 1.065 1.065 0.885 0.976 0.685 0.622 0.683 0.746 0.441 0.710 0.459 0.364 0.547 0.719 0.328 0.378 0.463 1.312 1.689 0.460 0.697 0.684 0.302 0.695
7.347 7.576 7.806 8.035 8.264 8.494 8.723 8.695 8.572 8.776 9.008 9.240 9.472 9.704 9.936 10.169 10.401 10.633 10.819 11.009 11.199 11.389 11.579 11.769 11.959 12.148 12.338 12.533 12.730 12.927 12.645 12.286 11.928 11.569 11.129 10.363 9.596 8.830 8.063 7.288 6.464 5.640 4.817 4.321 3.735 3.285 3.055 0.169 0.293 0.291 0.188 0.000 0.000 0.987 0.992 0.983 1.003 0.715 0.679 0.581 0.563 0.511 0.657 0.558 0.593 1.451 0.241 0.163 0.251 0.094 0.111 0.052 0.143 0.439 0.727 0.567 0.784
7.244 7.474 7.703 7.932 8.162 8.391 8.491 8.369 8.246 8.280 8.512 8.744 8.976 9.208 9.440 9.672 9.907 10.195 10.550 10.827 11.017 11.207 11.397 11.586 11.776 11.966 12.156 12.353 12.550 12.747 12.944 13.098 12.739 12.381 11.910 11.144 10.377 9.597 8.773 7.950 7.126 6.302 5.478 5.027 4.587 3.665 3.335 3.294 2.454 0.301 0.300 0.000 0.000 0.519 0.983 1.053 0.987 0.860 1.250 0.517 1.168 0.228 0.028 0.102 0.159 0.539 0.522 0.681 0.859 0.342 0.121 0.229 0.554 0.485 0.402 0.120 1.004
7.375 7.371 7.601 7.830 8.060 8.288 8.165 8.042 7.920 7.797 8.015 8.247 8.479 8.711 8.944 9.201 9.490 9.778 10.140 10.511 10.835 11.024 11.214 11.404 11.594 11.784 11.975 12.172 12.369 12.566 12.763 12.960 13.157 13.192 12.691 11.906 11.082 10.258 9.435 8.611 7.787 6.964 6.172 5.732 5.292 3.875 3.574 3.614 3.434 2.904 0.303 0.303 0.000 0.000 1.435 0.400 0.027 0.000 0.600 0.413 0.360 0.348 0.600 1.262 0.736 0.707 0.634 0.255 0.878 0.983 0.708 0.797 0.490 0.532 0.680 0.721 0.842
7.566 7.366 7.498 7.728 7.957 7.962 7.839 7.716 7.594 7.471 7.519 7.751 7.983 8.215 8.495 8.784 9.073 9.361 9.730 10.101 10.472 10.842 11.032 11.222 11.412 11.602 11.795 11.992 12.188 12.386 12.582 12.779 12.976 13.146 13.181 12.567 11.744 10.920 10.096 9.273 8.449 7.625 6.877 6.437 5.997 5.557 4.164 4.014 3.444 3.514 2.894 0.303 0.297 0.000 1.158 1.317 1.282 1.188 1.125 0.292 0.502 0.843 0.504 0.146 1.361 1.192 0.215 0.255 0.518 0.862 0.923 0.903 1.150 1.308 0.619 0.667 0.766
