includes/camargue/floodfiles/results/res-0006.wd
ncols         906
nrows         631
xllcorner     362177.146667
yllcorner     6534725.688020
cellsize      20.000000
NODATA_value  -9999.000000
[rows 408 to 441 of 631, columns 0 to 76 of 906]
6.455 6.255 6.094 6.324 6.457 6.334 6.212 6.089 5.966 5.844 5.721 5.953 6.200 6.489 6.777 7.066 7.355 7.648 8.019 8.390 8.762 9.133 9.504 9.740 9.930 10.120 10.314 10.511 10.708 10.905 11.102 11.253 11.402 11.551 11.549 11.452 11.106 10.283 9.459 8.635 7.812 6.988 6.284 5.844 5.404 4.964 4.525 2.906 2.756 2.446 2.296 1.636 0.000 0.000 0.000 0.135 0.285 0.386 0.236 0.136 0.000 0.000 0.000 0.346 0.206 0.696 0.326 0.126 0.176 0.196 0.286 0.386 0.000 0.066 0.036 0.136 0.000
6.645 6.446 6.246 6.221 6.131 6.008 5.885 5.763 5.640 5.518 5.416 5.494 5.783 6.071 6.360 6.649 6.938 7.238 7.609 7.980 8.352 8.723 9.094 9.465 9.748 9.938 10.134 10.331 10.511 10.659 10.808 10.957 11.106 11.255 11.217 11.120 11.022 10.925 10.121 9.297 8.473 7.650 6.990 6.550 6.110 5.670 5.230 4.790 4.350 2.626 2.526 2.286 1.756 0.000 0.000 0.055 0.226 0.556 0.396 0.236 0.186 0.000 0.000 0.000 0.000 0.356 0.066 0.236 0.000 0.000 0.346 0.366 0.476 0.436 0.276 0.226 0.000
6.805 6.599 6.394 6.235 6.143 6.049 5.956 5.862 5.768 5.675 5.581 5.468 5.366 5.654 5.943 6.232 6.521 6.828 7.199 7.571 7.942 8.313 8.684 9.056 9.427 9.756 9.917 10.066 10.215 10.363 10.512 10.661 10.810 10.959 10.884 10.787 10.690 10.592 10.495 9.959 9.135 8.311 7.695 7.255 6.815 6.375 5.935 5.527 5.125 4.723 2.556 2.556 2.296 1.766 0.000 0.000 0.466 0.696 0.386 0.536 0.336 0.000 0.000 0.000 0.000 0.536 0.000 0.446 0.636 0.356 0.506 0.496 0.556 0.176 0.136 0.226 0.516
6.919 6.713 6.508 6.398 6.307 6.214 6.120 6.027 5.933 5.839 5.741 5.626 5.510 5.395 5.526 5.815 6.104 6.418 6.789 7.161 7.532 7.903 8.274 8.618 8.928 9.248 9.604 9.770 9.919 10.068 10.216 10.365 10.514 10.649 10.552 10.455 10.357 10.260 10.163 10.065 9.797 8.973 8.401 7.961 7.529 7.127 6.726 6.324 5.922 5.520 5.115 2.646 2.616 2.366 1.596 0.000 0.000 0.576 0.316 0.456 0.306 0.136 0.000 0.000 0.000 0.266 0.056 0.000 0.296 0.486 0.506 0.476 0.496 0.466 0.436 0.286 0.646
7.033 6.827 6.651 6.560 6.469 6.378 6.285 6.191 6.098 6.004 5.899 5.783 5.668 5.553 5.437 5.398 5.687 6.008 6.379 6.751 7.109 7.419 7.730 8.040 8.350 8.678 9.034 9.390 9.623 9.772 9.920 10.069 10.218 10.317 10.219 10.122 10.025 9.928 9.830 9.733 9.635 9.538 9.130 8.728 8.326 7.924 7.522 7.120 6.718 6.316 5.837 4.909 2.856 2.606 2.406 1.526 0.000 0.000 0.416 0.596 0.496 0.046 0.000 0.426 0.000 0.086 0.456 0.176 0.566 0.746 0.506 0.000 0.000 0.696 0.036 0.536 0.226
7.147 6.941 6.813 6.722 6.631 6.540 6.449 6.356 6.262 6.169 6.056 5.941 5.826 5.710 5.595 5.480 5.364 5.598 5.910 6.221 6.531 6.841 7.152 7.462 7.772 8.108 8.464 8.820 9.175 9.476 9.625 9.773 9.922 9.984 9.887 9.790 9.692 9.595 9.498 9.409 9.388 9.368 9.629 9.525 9.123 8.721 8.319 7.917 7.515 7.113 6.560 5.631 4.703 3.775 2.556 2.336 1.476 0.000 0.000 0.366 0.286 0.146 0.286 0.456 0.416 0.356 0.516 0.000 0.626 0.836 0.276 0.976 0.936 0.936 0.916 1.066 0.476
7.261 7.066 6.975 6.884 6.793 6.702 6.612 6.520 6.427 6.329 6.214 6.099 5.983 5.868 5.750 5.621 5.491 5.292 5.332 5.643 5.953 6.263 6.574 6.884 7.194 7.538 7.894 8.250 8.605 8.961 9.317 9.478 9.626 9.652 9.554 9.457 9.360 9.309 9.289 9.269 9.248 9.251 9.536 9.821 9.919 9.518 9.116 8.714 8.312 7.910 7.282 6.354 5.426 4.497 2.766 2.646 2.316 1.296 0.000 0.000 0.000 0.116 0.546 0.466 0.366 0.606 0.506 0.546 0.596 0.276 0.226 1.066 0.806 0.496 1.096 0.996 0.086
7.375 7.228 7.137 7.047 6.956 6.865 6.774 6.683 6.591 6.487 6.372 6.249 6.120 5.991 5.861 5.732 5.603 5.380 5.147 5.065 5.375 5.686 5.996 6.306 6.616 6.968 7.324 7.680 8.035 8.391 8.747 9.102 9.330 9.319 9.230 9.210 9.190 9.169 9.149 9.128 9.108 9.158 9.443 9.727 10.012 10.297 9.912 9.510 9.108 8.706 8.005 7.076 6.148 5.220 4.291 3.363 2.706 2.056 1.486 0.000 0.000 0.536 0.066 0.426 0.706 0.356 0.736 0.566 0.506 0.666 0.816 1.156 0.926 1.086 0.000 0.956 1.176
7.489 7.391 7.300 7.209 7.118 7.027 6.936 6.843 6.749 6.619 6.490 6.360 6.231 6.102 5.972 5.843 5.702 5.468 5.235 5.001 4.797 5.107 5.418 5.728 6.043 6.398 6.754 7.110 7.465 7.821 8.177 8.532 8.940 9.110 9.090 9.070 9.049 9.029 9.008 8.988 8.968 9.064 9.349 9.634 9.919 10.204 10.489 10.307 9.905 9.503 8.727 7.799 6.870 5.942 5.014 4.224 3.444 2.576 2.506 1.486 0.000 0.000 0.856 0.596 0.686 0.546 0.086 0.756 0.486 0.766 0.966 0.986 1.006 1.066 0.996 0.236 1.146
7.644 7.551 7.458 7.364 7.270 7.176 7.082 6.988 6.889 6.743 6.601 6.472 6.342 6.213 6.084 5.954 5.790 5.557 5.323 5.090 4.856 4.623 4.840 5.150 5.473 5.828 6.184 6.539 6.895 7.287 7.716 8.146 8.575 8.769 8.950 8.929 8.909 8.889 8.868 8.848 8.827 8.971 9.256 9.541 9.826 10.111 10.396 10.681 10.702 10.300 9.449 8.521 7.650 6.870 6.090 5.310 4.529 2.836 2.576 2.096 1.736 0.000 0.000 0.000 0.366 0.436 0.786 0.736 0.646 0.856 0.956 1.006 1.026 1.116 0.886 0.956 1.276
7.793 7.696 7.603 7.509 7.415 7.321 7.227 7.133 7.018 6.872 6.726 6.583 6.453 6.324 6.195 6.065 5.878 5.645 5.411 5.178 4.944 4.711 4.477 4.572 4.902 5.258 5.633 6.063 6.492 6.922 7.351 7.781 8.171 8.362 8.553 8.744 8.769 8.748 8.728 8.708 8.687 8.878 9.163 9.448 9.733 10.018 10.303 10.588 10.872 11.097 10.296 9.516 8.736 7.955 7.175 6.395 5.614 4.834 4.031 2.326 2.326 2.136 1.366 0.000 0.000 0.746 0.106 0.696 0.736 0.866 0.916 0.926 1.006 1.086 1.026 0.896 1.236
7.944 7.844 7.748 7.654 7.560 7.466 7.372 7.278 7.147 7.001 6.855 6.709 6.565 6.435 6.306 6.177 5.966 5.733 5.499 5.266 5.032 4.799 4.565 4.337 4.410 4.839 5.269 5.698 6.128 6.557 6.987 7.416 7.763 7.954 8.145 8.337 8.528 8.608 8.588 8.567 8.547 8.785 9.070 9.355 9.640 9.924 10.209 10.449 10.633 10.843 11.202 10.601 9.821 9.040 8.260 7.480 6.699 5.919 5.100 2.776 2.456 2.416 2.127 1.316 0.000 0.000 0.776 0.646 0.756 0.806 0.836 0.896 0.976 0.976 0.776 0.786 1.176
8.095 7.994 7.894 7.799 7.705 7.611 7.517 7.421 7.275 7.130 6.984 6.838 6.692 6.546 6.417 6.288 6.055 5.821 5.588 5.354 5.134 4.939 4.744 4.548 4.457 4.475 4.904 5.334 5.763 6.192 6.622 7.051 7.356 7.547 7.738 7.929 8.120 8.311 8.447 8.427 8.407 8.692 8.976 9.261 9.539 9.723 9.907 10.090 10.274 10.512 10.871 11.230 10.906 10.125 9.345 8.565 7.784 7.004 6.167 5.276 2.846 2.356 2.116 2.086 1.386 0.000 0.000 0.756 0.646 0.746 0.776 0.856 0.856 0.706 0.796 0.816 0.916
8.245 8.145 8.045 7.945 7.850 7.756 7.662 7.550 7.404 7.259 7.113 6.967 6.821 6.675 6.530 6.376 6.143 5.932 5.736 5.541 5.346 5.151 4.955 4.766 4.695 4.624 4.553 4.969 5.398 5.828 6.257 6.687 6.948 7.139 7.331 7.522 7.713 7.904 8.095 8.286 8.313 8.598 8.814 8.997 9.181 9.365 9.548 9.732 9.915 10.182 10.541 10.900 11.259 11.210 10.430 9.650 8.869 8.089 7.235 6.344 5.453 4.561 2.566 2.436 2.226 1.756 0.000 0.000 0.746 0.756 0.236 0.736 0.726 0.766 0.786 0.766 0.796
8.396 8.296 8.196 8.096 7.996 7.901 7.807 7.679 7.534 7.388 7.242 7.096 6.950 6.806 6.668 6.526 6.339 6.143 5.948 5.753 5.558 5.362 5.167 5.004 4.933 4.862 4.791 4.720 5.033 5.463 5.892 6.322 6.541 6.732 6.923 7.114 7.306 7.497 7.688 7.922 8.131 8.272 8.455 8.639 8.823 9.006 9.190 9.373 9.557 9.851 10.210 10.569 10.928 11.287 11.515 10.735 9.955 9.174 8.303 7.412 6.520 5.629 4.738 2.846 2.416 2.306 1.686 0.000 0.000 0.000 0.786 0.756 0.596 0.636 0.616 0.576 0.596
8.547 8.447 8.347 8.247 8.147 8.047 7.952 7.808 7.663 7.518 7.381 7.243 7.106 6.969 6.831 6.686 6.536 6.355 6.160 5.965 5.769 5.574 5.379 5.242 5.171 5.100 5.029 4.958 4.887 5.098 5.528 5.942 6.133 6.325 6.516 6.707 6.925 7.226 7.527 7.828 7.983 7.994 8.097 8.280 8.464 8.648 8.831 9.015 9.199 9.521 9.880 10.239 10.598 10.957 11.316 11.675 11.040 10.259 9.371 8.480 7.588 6.408 5.188 3.968 2.748 2.716 2.266 1.966 1.246 0.000 0.000 0.806 0.776 0.766 0.726 0.376 0.516
8.698 8.598 8.498 8.398 8.298 8.186 8.086 7.956 7.819 7.681 7.544 7.406 7.269 7.132 6.994 6.845 6.696 6.547 6.371 6.176 5.981 5.786 5.590 5.480 5.409 5.338 5.267 5.196 5.125 5.054 5.163 5.535 5.726 5.927 6.228 6.529 6.830 7.131 7.432 7.733 7.836 7.847 7.857 7.922 8.106 8.289 8.473 8.656 8.840 9.190 9.550 9.909 10.267 10.626 10.985 11.344 11.704 11.331 10.342 9.122 7.902 6.681 5.461 4.241 3.021 1.801 2.446 2.346 2.106 1.396 0.000 0.000 0.856 0.296 0.776 0.616 0.526
8.837 8.711 8.586 8.460 8.334 8.209 8.138 8.108 7.981 7.844 7.707 7.569 7.432 7.294 7.154 7.005 6.856 6.707 6.558 6.388 6.193 5.997 5.802 5.718 5.647 5.576 5.505 5.434 5.363 5.292 5.221 5.230 5.531 5.832 6.133 6.434 6.735 7.036 7.337 7.638 7.689 7.699 7.710 7.720 7.747 7.931 8.114 8.298 8.501 8.860 9.219 9.578 9.937 10.296 10.655 11.014 11.366 11.463 10.615 9.395 8.175 6.954 5.734 4.514 3.294 2.073 2.866 2.756 2.216 2.106 1.846 0.000 0.000 0.816 0.826 0.836 0.756
8.860 8.734 8.608 8.483 8.357 8.231 8.189 8.159 8.130 8.007 7.869 7.732 7.595 7.457 7.314 7.165 7.016 6.867 6.718 6.569 6.404 6.209 6.027 5.956 5.885 5.814 5.743 5.666 5.560 5.453 5.346 5.359 5.441 5.737 6.038 6.339 6.640 6.941 7.242 7.531 7.541 7.552 7.562 7.573 7.583 7.594 7.756 7.939 8.171 8.530 8.889 9.248 9.607 9.961 10.313 10.664 11.016 10.970 10.393 9.668 8.448 7.227 6.007 4.787 3.567 2.347 1.792 2.906 2.506 2.426 2.436 1.906 0.000 0.000 0.000 0.866 0.000
8.882 8.757 8.631 8.506 8.380 8.270 8.240 8.211 8.181 8.151 8.032 7.895 7.757 7.620 7.474 7.325 7.176 7.027 6.878 6.729 6.580 6.421 6.265 6.194 6.111 6.005 5.898 5.791 5.684 5.578 5.471 5.523 5.605 5.686 5.943 6.244 6.545 6.846 7.147 7.383 7.394 7.404 7.415 7.425 7.436 7.446 7.457 7.581 7.840 8.199 8.556 8.908 9.259 9.611 9.962 10.313 10.665 10.478 9.900 9.323 8.721 7.501 6.280 5.060 3.840 2.620 2.216 2.097 1.978 1.858 1.739 1.620 2.276 1.506 0.000 0.000 1.141
8.905 8.780 8.654 8.528 8.403 8.321 8.292 8.262 8.232 8.203 8.173 8.058 7.920 7.783 7.634 7.485 7.336 7.187 7.038 6.889 6.740 6.589 6.449 6.343 6.236 6.129 6.023 5.916 5.809 5.703 5.605 5.687 5.768 5.850 5.932 6.149 6.450 6.751 7.052 7.236 7.246 7.257 7.267 7.278 7.289 7.299 7.310 7.320 7.503 7.854 8.206 8.557 8.909 9.260 9.611 9.963 10.314 9.985 9.408 8.831 8.253 7.676 6.553 5.333 4.113 2.893 2.641 2.522 2.403 2.283 2.164 2.045 2.616 2.686 1.756 0.000 0.000
8.928 8.802 8.677 8.551 8.426 8.373 8.343 8.313 8.284 8.254 8.224 8.195 8.083 7.943 7.794 7.645 7.496 7.346 7.194 7.042 6.891 6.739 6.602 6.469 6.361 6.254 6.147 6.041 5.934 5.827 5.769 5.851 5.933 6.014 6.096 6.178 6.355 6.656 6.958 7.088 7.099 7.110 7.120 7.131 7.141 7.147 7.153 7.158 7.289 7.504 7.855 8.206 8.558 8.909 9.261 9.612 9.963 9.493 8.916 8.338 7.761 7.183 6.606 5.606 4.386 3.186 3.066 2.947 2.828 2.708 2.510 2.277 2.045 2.526 2.336 2.346 0.000
8.827 8.825 8.699 8.574 8.454 8.424 8.395 8.365 8.335 8.305 8.276 8.246 8.216 8.102 7.951 7.799 7.648 7.496 7.345 7.193 7.041 6.890 6.757 6.623 6.490 6.379 6.272 6.166 6.059 5.952 5.933 6.015 6.097 6.178 6.260 6.342 6.424 6.562 6.863 6.941 6.952 6.962 6.969 6.974 6.980 6.985 6.991 6.996 7.156 7.324 7.504 7.856 8.207 8.558 8.910 9.261 9.578 9.001 8.423 7.846 7.268 6.691 6.113 5.536 4.659 3.611 3.491 3.370 3.138 2.906 2.674 2.442 2.896 1.977 2.846 1.894 2.555
8.720 8.728 8.722 8.597 8.505 8.476 8.446 8.416 8.387 8.357 8.303 8.249 8.196 8.196 8.102 7.950 7.798 7.647 7.495 7.343 7.192 7.045 6.912 6.778 6.645 6.512 6.397 6.290 6.184 6.077 6.097 6.179 6.261 6.342 6.424 6.506 6.588 6.669 6.768 6.790 6.796 6.801 6.807 6.812 6.817 6.823 6.828 6.854 7.022 7.190 7.358 7.526 7.856 8.208 8.559 8.910 9.085 8.508 7.931 7.353 6.776 6.198 5.621 5.043 4.466 3.999 3.767 3.534 3.302 3.070 2.846 2.606 2.373 2.856 2.695 2.545 2.605
8.613 8.621 8.630 8.619 8.557 8.523 8.469 8.415 8.362 8.308 8.254 8.201 8.149 8.166 8.182 8.100 7.949 7.797 7.646 7.494 7.342 7.200 7.066 6.933 6.800 6.667 6.534 6.415 6.309 6.202 6.261 6.343 6.425 6.506 6.588 6.670 6.709 6.741 6.752 6.638 6.633 6.639 6.644 6.650 6.655 6.661 6.666 6.721 6.889 7.057 7.225 7.393 7.561 7.857 8.208 8.560 8.593 8.016 7.438 6.861 6.283 5.706 5.131 4.812 4.493 4.196 3.931 3.698 3.466 3.234 2.876 2.770 2.646 2.616 2.765 2.665 2.475
8.506 8.508 8.507 8.506 8.528 8.474 8.420 8.367 8.313 8.260 8.206 8.152 8.119 8.135 8.151 8.168 8.099 7.948 7.796 7.645 7.493 7.354 7.221 7.088 6.955 6.822 6.688 6.555 6.433 6.343 6.425 6.507 6.585 6.617 6.650 6.682 6.715 6.747 6.728 6.614 6.500 6.476 6.482 6.487 6.493 6.498 6.504 6.587 6.755 6.923 7.091 7.259 7.428 7.596 7.857 8.209 8.100 7.523 6.946 6.368 5.969 5.650 5.332 5.013 4.694 4.402 4.134 3.866 3.630 3.398 3.166 2.856 2.596 2.525 2.595 2.415 2.455
8.358 8.357 8.356 8.363 8.399 8.425 8.372 8.318 8.264 8.211 8.157 8.103 8.089 8.105 8.121 8.137 8.154 8.098 7.947 7.795 7.643 7.509 7.376 7.243 7.110 6.976 6.843 6.710 6.577 6.493 6.526 6.558 6.591 6.623 6.655 6.688 6.720 6.753 6.704 6.590 6.476 6.362 6.320 6.325 6.330 6.336 6.341 6.454 6.622 6.790 6.958 7.126 7.294 7.462 7.630 7.858 7.608 7.126 6.807 6.489 6.170 5.851 5.532 5.214 4.895 4.609 4.341 4.073 2.896 3.563 3.330 2.876 2.706 2.716 2.626 2.665 2.305
8.206 8.205 8.204 8.222 8.258 8.294 8.323 8.269 8.216 8.162 8.108 8.055 8.059 8.075 8.091 8.107 8.123 8.139 8.097 7.946 7.797 7.664 7.531 7.398 7.264 7.131 6.999 6.867 6.735 6.615 6.532 6.564 6.596 6.629 6.661 6.694 6.726 6.759 6.679 6.566 6.452 6.338 6.224 6.163 6.168 6.173 6.179 6.320 6.488 6.656 6.824 6.993 7.161 7.329 7.493 7.640 7.645 7.327 7.008 6.689 6.370 6.052 5.733 5.414 5.096 4.816 4.548 4.279 4.011 3.743 3.494 2.906 2.766 2.616 2.506 2.276 2.306
8.055 8.054 8.053 8.081 8.117 8.153 8.189 8.221 8.167 8.113 8.060 8.012 8.028 8.045 8.061 8.077 8.093 8.109 8.125 8.096 7.952 7.819 7.686 7.554 7.423 7.291 7.159 7.027 6.895 6.780 6.671 6.570 6.602 6.635 6.667 6.699 6.732 6.764 6.655 6.542 6.428 6.314 6.200 6.086 6.006 6.011 6.019 6.187 6.355 6.523 6.691 6.855 7.002 7.150 7.298 7.445 7.483 7.518 7.209 6.890 6.571 6.252 5.934 5.615 5.296 5.023 4.755 4.486 4.218 3.950 2.826 3.426 2.766 2.526 2.446 2.515 2.436
7.904 7.903 7.905 7.941 7.976 8.012 8.048 8.084 8.118 8.065 8.011 7.982 7.998 8.014 8.030 8.047 8.063 8.079 8.095 8.106 8.110 7.978 7.846 7.714 7.582 7.450 7.319 7.187 7.055 6.945 6.836 6.727 6.617 6.640 6.673 6.705 6.738 6.745 6.631 6.518 6.404 6.290 6.176 6.062 5.948 5.849 5.885 6.053 6.217 6.364 6.512 6.660 6.807 6.955 7.103 7.235 7.269 7.304 7.339 7.091 6.772 6.453 6.135 5.816 5.498 5.230 4.962 4.693 4.425 4.157 2.896 2.676 2.906 2.626 2.466 2.316 2.086
7.753 7.752 7.764 7.800 7.836 7.871 7.907 7.943 7.979 8.015 7.962 7.952 7.968 7.984 8.000 8.012 8.023 8.034 8.045 8.056 8.105 8.137 8.006 7.874 7.742 7.610 7.478 7.346 7.219 7.110 7.001 6.892 6.782 6.673 6.679 6.711 6.743 6.721 6.607 6.493 6.379 6.266 6.152 6.038 5.924 5.823 5.735 5.874 6.022 6.169 6.317 6.465 6.612 6.760 6.908 7.021 7.056 7.090 7.125 7.160 6.973 6.654 6.335 6.017 5.705 5.437 5.168 4.900 4.632 4.363 4.095 3.827 3.558 2.656 2.386 2.406 2.356
7.601 7.600 7.623 7.659 7.695 7.731 7.767 7.802 7.838 7.874 7.910 7.918 7.929 7.940 7.951 7.962 7.973 7.984 7.995 8.013 8.064 8.116 8.165 8.033 7.902 7.770 7.638 7.506 7.384 7.275 7.166 7.056 6.947 6.838 6.729 6.717 6.749 6.697 6.583 6.469 6.355 6.242 6.154 6.081 6.009 5.936 5.839 5.724 5.827 5.974 6.122 6.270 6.417 6.565 6.713 6.807 6.842 6.877 6.911 6.946 6.981 6.855 6.536 6.217 5.912 5.644 5.375 5.107 4.839 4.570 4.302 4.009 3.712 2.776 2.526 2.286 2.206
7.450 7.449 7.483 7.518 7.554 7.590 7.626 7.693 7.769 7.846 7.907 7.872 7.878 7.889 7.900 7.911 7.922 7.933 7.944 7.972 8.024 8.076 8.128 8.180 8.061 7.929 7.797 7.666 7.549 7.440 7.330 7.221 7.112 7.003 6.894 6.784 6.755 6.673 6.559 6.485 6.412 6.339 6.267 6.194 6.122 6.049 5.943 5.828 5.713 5.779 5.927 6.075 6.222 6.370 6.518 6.593 6.628 6.663 6.698 6.732 6.767 6.802 6.737 6.418 6.119 5.850 5.582 5.314 5.029 4.732 4.436 4.140 3.843 2.786 2.666 2.436 2.466
7.331 7.306 7.342 7.413 7.490 7.567 7.644 7.721 7.797 7.874 7.906 7.871 7.835 7.839 7.850 7.861 7.872 7.883 7.894 7.932 7.984 8.036 8.088 8.140 8.192 8.089 7.957 7.825 7.714 7.604 7.495 7.386 7.277 7.168 7.058 6.942 6.814 6.743 6.670 6.597 6.525 6.452 6.380 6.307 6.235 6.162 6.048 5.932 5.817 5.702 5.732 5.880 6.027 6.175 6.323 6.380 6.414 6.449 6.484 6.519 6.553 6.588 6.623 6.619 6.326 6.049 5.752 5.456 5.160 4.863 4.567 4.271 3.974 3.712 2.756 2.466 2.626
