includes/camargue/floodfiles/results/res-0009.wd
ncols         906
nrows         631
xllcorner     362177.146667
yllcorner     6534725.688020
cellsize      20.000000
NODATA_value  -9999.000000
[rows 306 to 339 of 631, columns 770 to 846 of 906]
0.000 0.000 0.000 0.000 0.000 0.218 0.778 0.308 0.000 0.238 0.007 0.007 0.135 0.045 0.065 0.055 0.000 0.168 0.000 0.000 0.098 0.000 0.000 0.421 0.591 0.681 0.421 0.620 0.120 0.284 0.313 0.000 0.062 0.102 0.000 0.000 0.347 0.757 0.847 0.777 0.767 0.957 0.767 0.467 0.000 0.017 0.316 0.536 0.796 0.796 0.406 0.606 0.376 0.206 0.000 0.996 0.856 0.756 0.886 1.326 1.186 1.296 1.216 1.146 1.226 1.356 1.326 1.256 1.306 1.286 1.376 1.016 1.126 0.846 0.496 0.556 1.116
0.000 0.003 0.000 0.000 0.000 0.298 0.198 0.268 0.628 0.658 0.158 0.012 0.075 0.125 0.115 0.000 0.013 0.098 0.000 0.128 0.328 0.000 0.202 0.152 0.462 0.411 0.511 0.156 0.564 0.543 0.573 0.333 0.102 0.152 0.000 0.197 0.497 0.727 0.907 0.887 0.937 0.897 0.997 0.837 0.187 1.926 0.976 0.846 0.376 0.146 0.096 0.376 0.406 0.566 0.596 1.016 0.856 1.236 1.246 1.246 1.176 1.216 1.406 1.386 1.316 1.326 1.996 1.366 1.426 1.916 1.366 1.676 1.716 1.976 1.936 1.606 0.926
0.158 0.478 0.718 0.288 0.000 0.488 0.248 0.028 0.347 0.457 0.048 0.000 0.025 0.105 0.000 0.000 0.268 0.398 0.248 0.338 0.218 0.187 0.113 0.272 0.512 0.271 0.150 0.184 0.185 0.533 0.613 0.632 0.662 0.602 0.311 0.001 0.427 0.787 0.827 0.877 0.957 1.047 0.997 0.857 0.667 0.367 0.976 1.316 1.206 1.346 2.116 1.416 1.256 1.266 1.176 1.136 1.206 1.446 1.316 1.296 1.376 1.566 1.506 1.426 1.746 1.396 1.386 1.526 1.276 1.346 1.016 1.166 1.146 0.466 0.606 0.696 0.726
0.438 0.118 0.658 0.588 0.728 0.268 0.000 0.000 0.487 0.427 0.357 0.000 0.155 0.000 0.298 0.318 0.368 0.468 0.498 0.208 0.248 0.000 0.163 0.173 0.712 0.000 0.000 0.002 0.163 0.583 0.643 0.502 0.362 0.371 0.208 0.206 0.428 0.967 0.957 0.927 0.897 0.917 1.027 1.067 0.727 0.957 0.637 0.017 1.586 0.906 1.246 1.436 1.606 1.456 1.446 1.546 1.376 1.526 1.426 1.256 1.706 1.696 1.666 1.996 1.356 1.066 0.896 0.986 0.696 1.086 1.196 1.386 1.216 1.256 0.000 0.000 0.456
0.648 0.418 0.438 0.618 0.598 0.818 0.508 0.518 0.407 0.297 0.226 0.309 0.000 0.128 0.618 0.538 0.588 0.458 0.578 0.318 0.308 0.000 0.494 0.374 0.363 0.000 0.000 0.063 0.223 0.663 0.533 0.382 0.232 0.351 0.287 0.336 0.319 0.657 0.807 0.967 0.817 1.037 0.937 0.687 0.857 0.937 0.567 0.637 0.236 1.116 1.366 1.286 1.766 2.116 1.606 1.376 1.516 1.446 1.466 1.276 1.596 1.406 1.916 0.986 1.276 0.836 1.186 1.086 1.096 0.656 1.446 0.766 1.126 1.646 1.386 1.376 1.286
0.038 0.004 0.000 0.558 0.188 0.288 0.348 0.778 0.397 0.347 0.000 0.254 0.090 0.198 0.198 0.698 0.488 0.438 0.248 0.278 0.358 0.507 0.255 0.334 0.065 0.000 0.000 0.233 0.783 0.473 0.682 0.602 0.522 0.531 0.488 0.185 0.528 0.577 0.917 0.757 0.997 0.907 0.977 0.857 0.807 0.717 0.757 0.747 0.626 0.696 0.216 1.236 1.536 1.546 2.186 1.506 1.246 1.686 1.196 1.236 1.546 1.756 0.866 1.186 0.906 0.886 1.066 1.326 1.326 1.416 1.226 0.746 1.226 1.456 1.316 1.996 1.456
0.000 0.754 0.000 0.000 0.000 0.518 0.448 0.358 0.000 0.206 0.120 0.301 0.149 0.208 0.408 0.388 0.528 0.458 0.428 0.608 0.428 0.178 0.047 0.000 0.148 0.002 0.094 0.213 0.223 0.613 0.392 0.442 0.362 0.451 0.135 0.309 0.678 0.527 0.807 0.797 0.677 0.747 0.567 0.717 0.647 0.807 0.707 0.677 0.426 0.476 1.136 0.696 1.066 1.446 1.466 1.496 1.656 1.576 1.466 1.576 1.656 0.796 0.786 0.136 0.000 0.136 0.246 0.216 0.306 0.706 1.016 1.176 1.476 1.056 1.156 1.086 0.656
0.144 0.944 0.001 0.000 0.000 0.000 0.108 0.000 0.002 0.000 0.007 0.309 0.198 0.368 0.588 0.538 0.158 0.388 0.168 0.528 0.108 0.000 0.021 0.128 0.578 0.000 0.066 0.155 0.125 0.104 0.312 0.142 0.202 0.000 0.027 0.588 0.000 1.107 0.547 0.377 0.757 1.107 0.467 1.157 0.937 0.877 0.667 0.407 0.756 1.036 0.856 0.716 1.436 1.346 0.546 0.786 0.996 1.096 0.726 0.556 0.836 0.346 1.156 0.886 1.186 1.086 0.896 1.166 1.286 1.246 1.326 1.256 1.356 0.886 1.636 1.166 1.056
0.304 1.004 0.424 0.000 0.000 0.000 0.000 0.000 0.000 0.000 0.000 0.438 0.358 0.478 0.098 0.478 0.448 0.238 0.338 0.258 0.168 0.031 0.252 0.022 0.000 0.557 0.857 0.617 0.597 0.637 0.000 0.000 0.000 0.001 0.797 0.887 0.517 0.687 0.717 0.927 0.977 1.057 0.777 0.927 0.977 0.767 0.207 0.776 1.106 1.526 0.936 1.486 1.656 1.036 0.636 1.156 1.056 1.016 0.966 0.536 0.716 0.286 0.000 0.000 0.396 0.000 0.000 0.000 0.216 0.016 0.046 0.002 0.236 0.866 0.426 0.406 0.126
0.008 0.494 0.294 0.000 0.000 0.194 0.184 0.314 0.624 0.774 0.065 0.647 0.658 0.538 0.488 0.518 0.188 0.478 0.678 0.448 0.048 0.000 0.000 0.000 0.015 0.230 0.000 0.000 0.000 0.000 0.443 0.000 0.417 0.407 0.967 0.397 0.697 0.737 0.467 0.557 0.877 0.837 0.657 1.407 0.617 0.327 0.247 0.146 0.726 0.596 0.716 0.056 0.236 0.536 0.236 0.756 1.236 0.906 1.156 1.306 1.316 1.266 1.326 1.236 1.336 1.336 1.176 1.296 1.316 1.236 1.276 1.386 1.586 1.156 0.656 0.636 0.456
0.271 0.142 0.000 0.000 0.000 0.002 0.002 0.113 0.503 0.654 0.624 0.356 0.537 0.478 0.368 0.318 0.488 0.458 0.000 0.048 0.000 0.000 0.000 0.000 0.113 0.222 0.016 0.000 0.000 0.163 0.523 0.053 0.527 0.607 0.547 0.547 0.707 0.497 0.397 0.927 1.127 1.057 0.777 0.747 0.000 0.000 0.486 1.236 1.466 1.016 1.146 0.626 0.496 0.456 0.376 0.546 0.306 0.686 0.826 0.666 0.836 0.696 0.546 0.476 0.686 0.666 0.506 0.776 0.656 0.646 0.596 0.696 0.466 0.876 0.496 0.306 0.806
0.081 0.271 0.000 0.001 0.000 0.173 0.133 0.723 0.523 0.323 0.844 1.234 0.000 0.658 0.528 0.388 0.408 0.278 0.000 0.000 0.000 0.000 0.002 0.133 0.153 0.273 0.233 0.383 0.363 0.253 0.563 0.000 0.557 0.557 0.757 0.767 0.607 0.887 0.977 0.747 1.027 1.017 0.937 1.037 0.000 0.456 1.286 0.846 0.726 0.406 0.486 0.356 0.356 0.536 0.496 0.506 0.386 0.396 0.436 0.786 0.676 0.416 0.886 1.306 1.516 1.546 1.636 1.756 1.806 1.736 1.746 1.676 1.516 0.856 0.766 0.626 0.816
0.000 0.501 0.361 0.000 0.246 0.000 0.403 0.683 0.853 0.633 0.523 0.283 0.000 0.028 0.418 0.368 0.050 0.081 0.162 0.292 0.412 0.000 0.000 0.000 0.074 0.513 0.333 0.363 0.643 0.603 0.034 0.000 0.297 0.747 0.757 0.947 0.907 1.107 0.397 1.227 1.107 0.977 1.067 0.107 0.456 0.546 0.000 1.286 0.836 1.086 1.246 1.166 0.686 0.666 0.746 0.956 0.776 0.686 0.816 0.696 0.636 0.606 0.736 0.726 0.666 0.706 0.906 1.266 1.256 1.566 1.646 1.596 1.486 0.576 1.576 1.036 0.656
0.281 0.541 0.321 0.007 0.002 0.247 0.102 0.232 0.005 0.000 0.863 0.443 0.000 0.185 0.116 0.428 0.060 0.402 0.322 0.092 0.192 0.162 0.000 0.011 0.364 0.304 0.224 0.103 0.433 0.000 0.000 0.013 0.557 0.557 0.727 0.577 1.147 0.667 1.087 0.867 1.057 1.117 1.157 0.517 0.000 0.000 0.216 0.436 0.516 0.536 0.566 0.000 0.336 0.626 0.456 1.066 0.836 0.976 0.656 0.686 0.646 0.536 0.656 0.486 0.596 1.136 1.416 1.256 1.376 1.256 0.876 1.526 1.186 0.576 1.326 0.946 0.856
0.181 0.005 0.000 0.211 0.005 0.295 0.296 0.122 0.264 0.000 0.019 0.250 0.638 0.143 0.365 0.007 0.000 0.142 0.000 0.023 0.132 0.000 0.002 0.275 0.195 0.135 0.000 0.000 0.071 0.000 0.005 0.197 0.587 0.617 0.597 0.707 0.697 0.737 0.967 1.207 0.737 0.717 0.867 0.000 0.000 0.000 0.000 0.002 0.000 0.000 0.000 0.000 0.000 0.176 0.000 0.000 0.966 0.676 0.526 0.826 0.536 0.956 0.646 0.726 0.456 0.376 0.566 1.066 1.746 1.636 0.946 1.606 0.086 0.846 1.136 0.676 0.876
0.191 0.301 0.000 0.221 0.421 0.512 0.143 0.403 0.663 0.463 0.293 0.017 0.997 0.024 0.075 0.000 0.000 0.000 0.003 0.000 0.000 0.087 0.196 0.325 0.565 0.075 0.000 0.005 0.498 0.658 0.108 0.517 0.507 0.487 0.467 0.607 0.057 0.447 0.527 0.827 0.827 0.517 0.917 0.077 0.000 0.000 0.000 0.000 0.218 0.188 0.088 0.000 0.000 0.000 0.000 0.000 0.000 0.000 0.476 0.216 0.000 0.586 0.366 0.096 0.576 0.426 0.266 0.606 0.996 1.226 0.936 0.556 0.746 0.676 0.816 0.616 0.916
0.411 0.151 0.351 0.361 1.001 0.361 0.401 0.342 0.014 0.233 0.133 0.000 0.436 0.000 0.010 0.000 0.000 0.000 0.215 0.000 0.000 0.187 0.337 0.000 0.001 0.000 0.000 0.088 0.508 0.288 0.367 0.837 0.717 0.347 0.337 0.477 0.000 0.467 0.347 0.657 1.007 0.887 0.887 0.257 0.058 0.388 0.618 0.578 0.618 1.078 1.038 0.878 0.318 0.888 0.000 0.000 0.000 0.000 0.000 0.000 0.000 0.000 0.000 0.000 0.000 0.000 0.000 0.000 0.000 0.366 0.286 0.666 0.956 0.606 0.696 0.886 0.806
0.641 0.571 0.861 0.721 0.651 0.621 0.481 0.401 0.531 0.042 0.343 0.000 0.291 0.021 0.001 0.185 0.000 0.314 0.000 0.000 0.000 0.358 0.000 0.000 0.000 0.000 0.000 0.238 0.828 0.428 0.517 0.747 0.627 0.507 0.387 0.557 0.407 0.827 0.467 0.447 0.917 0.867 0.000 0.668 0.598 0.728 0.448 0.378 0.418 0.478 0.728 0.608 0.718 0.488 0.388 0.668 0.000 0.000 0.000 0.000 0.000 0.000 0.000 0.000 0.000 0.000 0.000 0.000 0.000 0.000 0.000 0.000 0.000 0.076 0.000 0.000 0.000
1.041 0.000 0.461 0.691 0.511 0.000 0.501 0.000 0.501 0.181 0.162 0.000 0.221 0.101 0.033 0.000 0.000 0.001 0.006 0.038 0.088 0.288 0.118 0.002 0.001 0.001 0.108 0.478 0.448 0.288 0.437 0.777 0.637 0.507 0.377 0.537 0.367 0.947 0.367 0.257 0.747 0.747 0.308 0.618 0.618 0.538 0.748 0.548 0.838 0.000 0.758 0.528 0.788 0.788 0.548 0.628 0.288 0.358 0.000 0.000 0.038 0.000 0.000 0.000 0.000 0.000 0.000 0.000 0.000 0.000 0.000 0.000 0.000 0.000 0.000 0.000 0.000
0.831 0.881 1.101 0.711 0.261 0.571 0.861 0.591 0.561 0.561 0.263 0.280 0.306 0.000 0.000 0.000 0.000 0.000 0.000 0.078 0.408 0.398 0.000 0.000 0.034 0.000 0.298 0.228 0.000 0.327 0.347 0.677 0.567 0.467 0.377 0.417 0.507 0.667 0.637 0.327 0.727 0.667 0.448 0.658 0.918 0.688 0.428 0.568 0.378 0.138 0.658 0.288 0.608 0.318 0.538 0.458 0.498 0.588 0.308 0.000 0.418 0.508 0.000 0.000 0.000 0.000 0.000 0.000 0.000 0.000 0.000 0.000 0.000 0.000 0.000 0.000 0.000
0.531 0.000 0.861 0.731 0.311 0.801 0.811 0.061 0.651 0.111 0.621 0.035 0.004 0.342 0.162 0.000 0.000 0.000 0.000 0.000 0.198 0.009 0.004 0.004 0.000 0.000 0.038 0.718 0.458 0.000 0.287 0.567 0.787 0.697 0.467 0.487 0.437 0.537 0.757 0.827 0.777 0.337 0.678 0.788 0.528 0.798 0.868 0.438 0.058 0.000 0.468 0.518 0.178 0.248 0.278 0.538 0.004 0.378 0.058 0.003 0.005 0.018 0.028 0.000 0.000 0.000 0.000 0.000 0.000 0.000 0.000 0.000 0.000 0.000 0.000 0.000 0.000
0.771 0.891 0.831 0.071 0.021 0.891 0.601 0.000 0.451 0.000 0.681 0.032 0.000 0.007 0.000 0.000 0.000 0.000 0.000 0.000 0.000 0.000 0.000 0.000 0.000 0.000 0.000 0.002 0.002 0.000 0.087 0.547 0.537 0.537 0.627 0.647 0.687 0.697 0.577 0.947 0.997 0.357 0.738 0.000 0.118 0.158 0.338 0.188 0.000 0.029 0.408 0.418 0.538 0.088 0.448 0.448 0.038 0.000 0.000 0.000 0.000 0.000 0.000 0.000 0.000 0.000 0.000 0.000 0.000 0.000 0.000 0.000 0.000 0.000 0.000 0.000 0.000
0.151 0.711 0.881 0.901 1.121 0.991 0.511 0.621 0.661 0.431 0.721 0.211 0.000 0.000 0.000 0.211 0.000 0.000 0.000 0.000 0.004 0.451 0.451 0.000 0.000 0.023 0.841 0.961 0.981 0.432 0.235 1.377 0.000 0.447 1.057 0.527 0.707 1.007 0.797 0.247 0.437 0.457 0.001 0.063 0.000 0.000 0.048 0.000 0.014 0.001 0.108 0.000 0.000 0.000 0.000 0.000 0.000 0.000 0.000 0.000 0.000 0.000 0.000 0.000 0.000 0.000 0.000 0.000 0.004 0.000 0.127 0.000 0.000 0.000 0.000 0.000 0.000
0.000 0.121 0.841 0.141 0.891 0.921 0.841 0.631 0.511 0.451 0.731 0.041 0.000 0.000 0.000 0.000 0.740 0.000 0.000 0.580 0.431 0.971 1.121 1.091 1.071 1.211 1.181 1.431 1.401 0.822 0.295 0.987 1.777 0.707 0.797 1.547 0.057 0.447 0.617 0.337 0.427 0.277 0.000 0.000 0.000 0.000 0.000 0.000 0.000 0.000 0.000 0.000 0.000 0.000 0.000 0.000 0.000 0.178 0.268 0.068 0.208 0.228 0.208 0.328 0.368 0.228 0.098 0.000 0.067 0.085 0.067 0.292 1.002 1.442 0.422 1.532 1.432
0.980 1.010 1.030 0.280 0.011 1.021 0.371 0.631 0.131 1.241 0.671 0.310 0.000 0.000 0.130 0.730 0.820 1.050 1.180 0.900 0.661 0.811 1.031 1.001 1.051 1.151 1.241 1.031 0.401 1.062 0.000 0.847 1.317 0.887 0.997 1.097 0.907 0.757 0.447 0.287 0.037 0.247 0.068 0.098 0.000 0.000 0.000 0.000 0.000 0.000 0.000 0.118 0.000 0.388 1.298 0.598 1.068 1.118 1.158 0.938 0.438 0.958 0.808 0.998 1.188 0.808 0.938 1.018 0.398 1.068 0.017 0.202 0.492 0.000 0.712 0.322 0.602
0.790 0.870 0.840 0.660 0.880 0.260 0.580 0.370 0.180 0.160 0.070 1.020 1.070 1.120 1.080 1.170 0.980 1.050 0.960 0.000 0.701 0.311 1.101 1.131 1.101 0.641 0.531 0.771 0.000 0.116 0.997 1.077 0.977 0.967 1.017 1.007 0.887 0.677 0.417 0.000 0.000 0.000 0.000 0.000 0.000 0.000 0.000 0.208 0.618 1.208 0.698 1.088 1.168 1.048 0.318 0.218 0.778 1.018 0.838 1.078 1.018 0.478 0.458 0.658 0.538 0.378 0.158 0.028 0.358 0.000 0.043 0.362 0.602 1.662 1.042 0.702 0.642
0.950 0.340 0.110 0.020 0.630 0.450 0.670 0.420 1.270 0.910 1.180 1.010 1.160 1.130 1.110 1.230 1.090 1.160 1.150 0.000 0.611 0.661 1.031 0.481 0.761 0.811 0.000 0.000 0.947 0.987 1.167 0.947 0.887 1.057 0.817 0.837 0.767 0.397 0.000 0.000 0.000 0.000 0.000 0.000 0.168 0.518 0.768 0.988 0.918 0.418 0.298 0.000 0.000 0.000 0.000 0.000 0.000 0.000 0.000 0.000 0.000 0.000 0.000 0.000 0.158 0.688 0.408 0.578 0.438 0.348 0.000 0.532 0.612 1.432 0.772 0.822 0.612
0.430 0.450 1.010 0.890 1.060 1.200 0.850 1.210 1.190 1.030 1.100 1.090 1.130 1.140 1.240 1.390 1.160 1.100 0.870 0.850 0.601 0.641 0.661 0.411 0.000 0.000 0.597 0.967 0.977 0.957 0.987 0.997 1.027 0.927 0.737 0.001 0.000 0.000 0.000 0.000 0.000 0.000 0.188 0.838 0.978 0.978 0.428 0.000 0.000 0.000 0.000 0.000 0.000 0.000 0.000 0.000 0.000 0.000 0.000 0.000 0.000 0.000 0.000 0.000 0.000 0.000 0.000 0.000 0.000 0.097 0.030 0.192 0.000 0.000 0.772 0.862 0.412
0.850 1.330 0.240 0.560 1.280 1.100 1.150 1.200 1.120 1.300 1.190 1.310 1.130 1.170 1.190 1.140 1.170 0.830 1.090 0.990 0.000 0.441 0.491 0.402 0.000 0.517 0.737 0.857 1.057 0.917 0.957 0.977 1.057 0.687 0.147 0.048 0.000 0.000 0.277 0.000 0.552 0.352 0.000 0.000 0.000 0.000 0.000 0.000 0.000 0.000 0.000 0.000 0.000 0.000 0.000 0.000 0.000 0.000 0.000 0.000 0.000 0.000 0.000 0.000 0.000 0.000 0.000 0.000 0.000 0.000 0.000 0.442 1.882 0.592 0.472 0.782 0.042
1.270 1.420 1.010 1.210 1.330 1.100 1.210 1.180 1.180 1.260 1.040 1.140 1.170 1.180 1.170 1.160 1.470 0.230 0.770 0.130 0.000 0.000 0.002 0.375 0.137 0.587 0.787 0.977 1.027 0.947 0.957 0.837 0.937 0.297 0.000 0.000 0.000 0.000 0.087 0.000 0.000 0.000 0.000 0.000 0.000 0.000 0.000 0.000 0.000 0.000 0.000 0.000 0.000 0.092 0.000 0.032 0.000 0.000 0.000 0.000 0.000 0.000 0.000 0.000 0.032 0.000 0.000 0.000 0.000 0.000 0.000 0.000 0.232 0.000 0.000 1.062 0.005
1.170 1.300 1.180 1.210 1.140 1.320 0.770 1.140 1.280 1.350 1.360 1.110 1.190 1.390 1.160 0.600 1.220 0.980 0.000 0.000 0.001 0.000 0.012 0.857 0.627 0.967 0.797 0.907 0.897 0.777 0.917 0.647 0.000 0.000 0.000 0.000 0.495 0.000 0.002 0.000 0.000 0.000 0.000 0.000 0.000 0.122 0.000 0.000 0.000 0.000 0.002 0.000 0.000 0.000 0.000 0.000 0.000 0.004 0.000 0.082 0.000 0.000 0.000 0.002 0.000 0.000 0.000 0.000 0.000 0.000 0.000 0.000 0.000 0.000 0.000 0.000 0.000
1.060 1.110 1.220 1.020 1.150 1.130 1.160 1.130 1.190 1.340 1.190 1.300 1.160 1.260 1.080 1.020 1.220 0.180 0.000 0.000 0.519 0.000 0.000 0.000 0.827 0.737 0.557 0.427 0.757 0.707 0.000 0.000 0.000 0.417 0.347 0.000 0.002 0.000 0.000 0.000 0.000 0.000 0.000 0.000 0.062 0.000 0.000 0.000 0.000 0.000 0.000 0.000 0.044 0.000 0.000 0.000 0.000 0.002 0.003 0.000 0.000 0.117 0.000 0.035 0.094 0.001 0.000 0.000 0.001 0.000 0.021 0.000 0.000 0.212 0.000 0.000 0.000
1.170 1.140 1.090 1.080 1.220 1.020 1.280 1.260 1.230 1.320 1.210 0.060 1.060 1.150 1.170 1.230 1.260 1.390 0.450 0.000 0.038 0.000 0.369 0.000 0.767 0.577 0.001 0.000 0.158 0.000 0.000 0.747 0.447 0.000 0.002 0.000 0.000 0.000 0.001 0.001 0.000 0.000 0.000 0.000 0.000 0.000 0.000 0.043 0.001 0.033 0.000 0.000 0.002 0.040 0.009 0.000 0.000 0.074 0.066 0.038 0.174 0.287 0.220 0.116 0.184 0.159 0.014 0.005 0.000 0.000 0.000 0.000 0.000 0.000 0.000 0.000 0.000
1.230 1.100 1.090 1.420 1.210 1.200 1.180 1.320 1.100 1.170 1.180 1.320 1.090 1.110 1.130 1.210 1.270 1.120 0.780 0.000 0.673 0.000 0.005 1.017 0.737 0.557 0.000 0.000 0.208 0.468 0.188 0.000 0.002 0.000 0.000 0.000 0.000 0.000 0.000 0.000 0.000 0.001 0.000 0.092 0.000 0.000 0.000 0.000 0.002 0.001 0.000 0.000 0.000 0.000 0.015 0.013 0.072 0.111 0.063 0.269 0.126 0.012 0.000 0.000 0.358 0.137 0.113 0.001 0.012 0.000 0.000 0.000 0.000 0.000 0.000 0.000 0.000
