includes/camargue/floodfiles/results/res-0004.wd
ncols         906
nrows         631
xllcorner     362177.146667
yllcorner     6534725.688020
cellsize      20.000000
NODATA_value  -9999.000000
[rows 442 to 475 of 631, columns 539 to 615 of 906]
3.228 3.258 3.298 3.388 3.828 3.318 3.417 3.477 3.497 3.477 3.537 3.457 3.496 4.036 4.076 3.756 3.745 3.685 3.655 3.655 3.734 3.844 3.814 3.764 3.754 3.924 3.914 3.824 3.864 3.805 3.955 3.965 4.005 4.376 4.055 3.955 4.085 3.995 3.955 4.045 4.066 4.096 4.516 4.046 4.067 3.977 3.997 4.028 4.018 4.609 4.039 4.119 4.100 4.110 4.624 4.627 4.630 4.632 4.635 4.638 4.640 4.643 4.645 4.655 4.666 4.685 4.709 4.728 4.736 4.745 4.753 4.762 4.770 4.779 4.787 4.796 4.804
3.098 3.108 3.468 3.278 3.448 3.418 3.398 3.508 3.448 3.457 3.657 3.587 3.647 3.727 4.016 3.969 3.990 4.011 3.915 3.765 3.805 3.715 3.975 3.815 3.835 3.995 3.964 3.844 3.974 3.945 3.875 4.055 3.975 3.955 3.945 4.095 4.085 4.075 4.459 3.996 4.036 4.106 4.512 4.017 4.057 4.077 3.978 4.578 4.591 4.089 4.099 4.613 4.120 4.100 4.621 4.624 4.626 4.629 4.632 4.635 4.637 4.642 4.653 4.664 4.676 4.695 4.718 4.742 4.766 4.780 4.788 4.797 4.805 4.814 4.822 4.831 4.839
3.259 3.189 3.179 3.238 3.408 3.438 3.408 3.478 3.538 3.628 3.437 3.587 3.707 3.667 3.587 3.676 3.666 4.016 4.051 3.755 3.695 3.765 3.925 3.945 3.805 3.945 3.925 3.935 3.955 3.875 3.865 3.935 3.965 4.025 4.015 4.025 3.976 4.066 4.066 3.986 4.026 4.066 4.066 4.521 4.534 4.087 4.078 4.068 4.088 4.099 4.119 4.609 4.612 4.100 4.618 4.620 4.623 4.626 4.629 4.631 4.640 4.651 4.663 4.674 4.685 4.704 4.728 4.751 4.775 4.799 4.823 4.832 4.840 4.849 4.857 4.866 4.874
3.399 3.419 3.339 3.299 3.979 3.448 3.508 3.538 3.428 3.618 3.558 3.657 3.787 3.597 3.597 3.487 3.736 3.806 4.070 3.836 3.796 3.906 3.935 3.925 3.925 3.975 3.895 3.975 4.311 3.905 3.995 3.985 3.965 4.055 3.985 4.076 4.106 4.086 4.046 3.976 4.056 4.087 4.504 4.517 4.530 4.544 4.557 4.058 4.583 4.079 4.603 4.606 4.609 4.612 4.614 4.617 4.620 4.623 4.626 4.638 4.649 4.661 4.672 4.684 4.695 4.713 4.737 4.761 4.784 4.808 4.832 4.856 4.875 4.884 4.892 4.901 4.909
3.309 3.269 3.569 3.359 3.289 3.519 3.629 3.508 3.538 3.618 3.688 3.638 3.707 3.637 3.667 3.637 3.837 3.586 4.088 3.836 3.716 3.916 4.016 3.996 4.076 3.956 3.846 3.995 4.025 3.925 4.075 3.955 3.925 3.955 4.035 4.026 4.036 4.056 4.116 4.067 4.117 4.487 4.107 4.514 4.527 4.540 4.553 4.566 4.119 4.593 4.600 4.603 4.606 4.608 4.611 4.614 4.617 4.624 4.636 4.647 4.659 4.670 4.682 4.693 4.705 4.722 4.746 4.770 4.794 4.817 4.841 4.865 4.889 4.913 4.927 4.936 4.944
3.379 3.369 3.349 3.459 3.529 3.529 3.619 3.529 3.588 3.488 3.658 3.678 3.698 3.647 3.707 3.847 3.647 3.577 4.107 3.706 3.876 3.976 3.946 4.026 3.896 4.046 4.026 4.026 4.016 3.866 4.006 3.976 4.096 4.056 4.459 4.016 4.076 4.046 4.480 4.037 4.490 4.496 4.501 4.510 4.523 4.078 4.549 4.562 4.576 4.589 4.597 4.600 4.602 4.605 4.608 4.610 4.622 4.633 4.645 4.657 4.668 4.680 4.691 4.703 4.714 4.731 4.755 4.779 4.803 4.827 4.851 4.874 4.898 4.922 4.946 4.970 4.979
3.340 3.349 3.349 3.339 3.349 3.389 3.829 3.509 3.599 3.569 3.629 3.578 3.718 3.748 3.708 3.717 3.727 3.817 3.817 4.149 4.173 3.827 3.897 3.987 3.977 3.986 3.996 4.046 4.076 3.996 3.916 4.066 3.946 4.036 3.996 4.026 4.066 4.067 4.007 4.498 4.503 4.118 4.058 4.518 4.523 4.108 4.546 4.559 4.572 4.585 4.594 4.596 4.599 4.602 4.608 4.620 4.631 4.643 4.654 4.666 4.678 4.689 4.701 4.712 4.724 4.740 4.764 4.788 4.812 4.836 4.860 4.883 4.907 4.931 4.955 4.979 5.003
3.440 3.360 3.480 3.459 3.539 3.509 3.539 3.669 3.759 3.589 3.689 3.678 3.818 3.648 3.728 3.808 3.798 3.777 3.947 3.677 4.192 4.216 4.240 3.907 3.947 4.313 4.336 4.037 4.027 4.097 4.077 3.916 3.966 3.996 3.966 4.490 4.117 4.087 4.107 4.510 4.515 4.520 4.525 4.530 4.535 4.540 4.545 4.555 4.568 4.581 4.590 4.593 4.596 4.606 4.618 4.629 4.641 4.653 4.664 4.676 4.687 4.699 4.710 4.722 4.733 4.749 4.773 4.797 4.821 4.845 4.869 4.892 4.916 4.940 4.964 4.988 5.012
3.370 3.440 3.410 3.350 3.360 3.539 3.609 3.459 3.529 3.639 3.679 3.699 3.649 3.929 3.809 3.858 3.748 3.878 3.868 3.878 3.857 3.877 4.259 3.967 4.007 4.047 4.087 3.997 4.107 4.117 4.057 4.037 3.977 3.967 4.017 4.047 4.507 4.512 4.517 4.522 4.527 4.078 4.537 4.542 4.547 4.099 4.557 4.562 4.568 4.577 4.587 4.593 4.604 4.616 4.627 4.639 4.651 4.662 4.674 4.685 4.697 4.708 4.720 4.731 4.743 4.758 4.782 4.806 4.830 4.854 4.878 4.901 4.925 4.949 4.973 4.997 5.021
3.481 3.371 3.460 3.530 3.330 3.870 3.570 3.819 3.619 3.669 3.549 3.739 3.679 3.739 3.719 3.769 3.809 3.909 3.858 3.908 3.858 3.738 4.277 4.301 3.957 4.067 4.047 4.376 4.395 4.027 3.987 4.088 3.898 4.058 4.505 4.515 4.520 4.524 4.529 4.534 4.539 4.544 4.549 4.554 4.559 4.565 4.570 4.575 4.580 4.585 4.592 4.602 4.614 4.625 4.637 4.649 4.660 4.672 4.683 4.695 4.706 4.718 4.729 4.741 4.752 4.766 4.790 4.814 4.838 4.863 4.886 4.910 4.934 4.958 4.982 5.006 5.030
3.411 3.491 3.451 3.480 3.600 3.520 3.520 3.550 3.850 3.720 3.609 4.040 3.689 3.759 3.799 3.749 3.769 3.909 4.039 3.948 3.918 4.038 3.878 4.314 3.977 4.047 4.369 4.047 4.048 4.048 4.088 3.988 4.068 4.068 4.088 4.068 4.088 4.537 4.118 4.547 4.552 4.557 4.562 4.567 4.572 4.577 4.582 4.587 4.592 4.600 4.608 4.617 4.625 4.635 4.647 4.658 4.670 4.681 4.693 4.704 4.716 4.727 4.739 4.750 4.762 4.775 4.799 4.823 4.847 4.871 4.895 4.919 4.943 4.967 4.991 5.015 5.039
3.541 3.511 3.481 3.541 3.471 3.561 3.590 3.560 3.570 4.080 4.070 3.640 3.640 3.619 3.779 3.709 3.789 3.859 3.969 3.899 3.859 3.909 4.038 4.028 4.344 3.938 3.948 4.028 4.038 4.118 4.108 4.472 4.058 4.088 4.078 4.540 4.118 4.549 4.554 4.559 4.564 4.569 4.574 4.579 4.584 4.589 4.594 4.600 4.608 4.617 4.625 4.633 4.641 4.649 4.657 4.668 4.679 4.691 4.702 4.714 4.725 4.737 4.748 4.760 4.771 4.784 4.808 4.832 4.856 4.880 4.904 4.928 4.952 4.976 5.000 5.024 5.048
3.482 3.492 3.611 3.541 3.541 3.531 3.621 3.891 3.780 3.710 3.640 3.640 3.630 3.570 3.750 3.749 3.849 3.799 3.819 3.859 3.789 3.879 3.949 3.879 3.929 4.373 4.391 4.410 4.428 4.098 4.068 4.038 4.501 4.029 4.538 4.552 3.979 4.079 4.566 4.571 4.576 4.581 4.586 4.591 4.596 4.601 4.608 4.616 4.625 4.633 4.641 4.649 4.657 4.665 4.674 4.682 4.690 4.700 4.712 4.723 4.735 4.746 4.758 4.770 4.781 4.793 4.817 4.841 4.865 4.889 4.913 4.937 4.961 4.985 5.009 5.034 5.058
3.423 3.442 3.562 3.522 3.591 3.551 3.611 3.611 3.731 3.730 3.620 3.760 3.580 3.640 3.720 3.830 3.780 3.800 3.779 3.930 3.880 3.970 3.929 3.969 3.909 3.859 4.403 4.421 4.089 4.059 4.475 3.999 4.512 4.531 4.079 4.564 4.569 4.574 4.099 4.584 4.589 4.594 4.598 4.604 4.608 4.616 4.625 4.633 4.641 4.649 4.657 4.666 4.674 4.682 4.690 4.698 4.706 4.714 4.722 4.733 4.744 4.756 4.768 4.779 4.791 4.802 4.826 4.850 4.874 4.898 4.922 4.946 4.970 4.994 5.018 5.043 5.067
3.523 3.443 3.592 3.572 3.502 3.602 3.651 3.671 3.681 3.751 3.771 3.691 3.760 3.750 3.760 4.170 4.197 3.760 3.770 4.274 3.810 4.050 3.830 3.880 3.980 3.929 4.414 4.432 4.450 4.468 4.109 4.119 4.523 4.542 4.560 4.576 4.581 4.070 4.591 4.596 4.601 4.606 4.611 4.616 4.625 4.633 4.641 4.649 4.657 4.666 4.674 4.682 4.690 4.698 4.706 4.714 4.722 4.730 4.739 4.747 4.755 4.766 4.777 4.789 4.800 4.812 4.835 4.859 4.883 4.907 4.931 4.955 4.979 5.004 5.028 5.052 5.076
3.523 3.493 3.543 3.613 3.622 3.562 3.632 3.592 3.721 3.741 3.771 3.801 3.761 3.811 3.890 3.820 3.850 3.730 3.670 3.720 4.100 3.800 4.343 3.870 3.950 4.020 3.930 4.443 4.462 4.480 4.498 4.516 4.060 4.553 4.571 4.589 4.594 4.599 4.604 4.608 4.613 4.618 4.625 4.633 4.641 4.649 4.657 4.666 4.674 4.682 4.690 4.698 4.706 4.714 4.723 4.731 4.739 4.747 4.755 4.763 4.771 4.779 4.787 4.798 4.810 4.821 4.844 4.868 4.892 4.916 4.940 4.965 4.989 5.013 5.037 5.061 5.085
3.494 3.484 3.513 3.683 3.673 3.632 3.692 3.622 3.752 3.602 3.751 3.721 3.801 3.831 3.841 3.761 3.831 3.761 3.871 3.851 3.860 3.860 3.710 3.960 4.030 4.010 4.433 4.454 4.473 4.491 4.110 4.120 4.546 4.564 4.583 4.601 4.606 4.611 4.616 4.621 4.626 4.633 4.641 4.649 4.657 4.666 4.674 4.682 4.690 4.698 4.707 4.715 4.723 4.731 4.739 4.747 4.755 4.763 4.771 4.779 4.788 4.796 4.804 4.812 4.820 4.831 4.853 4.877 4.901 4.925 4.950 4.974 4.998 5.022 5.046 5.070 5.094
3.474 3.604 3.564 3.593 3.573 3.703 3.763 3.712 3.702 3.772 3.722 3.791 3.851 3.851 3.811 3.721 3.701 3.791 3.901 3.861 3.891 3.851 3.871 3.860 4.395 4.110 4.438 4.011 4.480 4.501 4.521 4.539 4.557 4.576 4.594 4.612 4.618 4.623 4.628 4.633 4.641 4.649 4.658 4.666 4.674 4.682 4.690 4.698 4.707 4.715 4.723 4.731 4.739 4.747 4.755 4.763 4.771 4.780 4.788 4.796 4.804 4.812 4.820 4.828 4.836 4.844 4.863 4.886 4.910 4.935 4.959 4.983 5.007 5.031 5.055 5.079 5.104
3.485 3.595 3.574 3.614 3.513 3.583 3.613 3.613 3.592 3.802 3.852 3.802 3.712 3.692 3.682 3.632 3.772 3.802 3.851 3.791 3.871 3.961 3.991 3.891 4.400 4.421 4.031 4.071 4.485 4.506 4.527 4.549 4.569 4.587 4.605 4.623 4.630 4.635 4.642 4.650 4.658 4.666 4.674 4.682 4.690 4.698 4.707 4.715 4.723 4.731 4.739 4.748 4.756 4.764 4.772 4.780 4.788 4.796 4.804 4.812 4.820 4.828 4.836 4.844 4.852 4.860 4.878 4.899 4.921 4.944 4.968 4.992 5.016 5.040 5.064 5.089 5.113
3.546 3.665 3.525 3.674 3.634 3.684 3.613 3.633 3.733 3.623 3.683 3.752 3.662 3.792 3.722 3.792 3.722 4.246 3.822 3.832 3.932 4.072 4.042 4.012 3.971 4.001 4.091 4.468 4.490 4.511 4.532 4.554 4.575 4.596 4.616 4.634 4.643 4.650 4.658 4.666 4.674 4.682 4.690 4.699 4.707 4.715 4.723 4.731 4.739 4.748 4.756 4.764 4.772 4.780 4.788 4.796 4.804 4.812 4.820 4.828 4.836 4.844 4.853 4.861 4.869 4.877 4.893 4.914 4.935 4.957 4.978 5.001 5.025 5.049 5.074 5.098 5.122
3.536 3.576 3.536 3.605 3.595 3.724 3.754 3.604 3.763 3.673 3.613 3.683 3.823 3.693 3.843 4.082 3.912 3.842 3.832 3.862 3.882 3.872 3.942 4.032 3.942 3.862 4.112 4.473 4.495 4.516 4.537 4.558 4.002 4.601 4.622 4.643 4.658 4.666 4.674 4.682 4.691 4.699 4.707 4.715 4.723 4.731 4.740 4.748 4.756 4.764 4.772 4.780 4.788 4.796 4.804 4.812 4.820 4.829 4.837 4.845 4.853 4.861 4.869 4.877 4.885 4.893 4.908 4.929 4.950 4.972 4.993 5.015 5.036 5.059 5.083 5.107 5.131
3.697 3.517 3.536 3.606 3.625 3.785 3.755 3.674 3.654 3.704 3.624 3.933 3.753 3.813 3.783 3.813 3.863 3.843 3.853 3.803 4.022 3.893 3.983 3.973 3.923 4.012 4.457 4.478 4.500 4.521 4.542 4.563 4.584 4.606 4.627 4.650 4.667 4.679 4.691 4.699 4.707 4.715 4.723 4.731 4.740 4.748 4.756 4.764 4.772 4.781 4.789 4.797 4.805 4.813 4.821 4.829 4.837 4.845 4.853 4.861 4.869 4.877 4.885 4.893 4.901 4.909 4.922 4.944 4.965 4.987 5.008 5.029 5.051 5.073 5.094 5.116 5.140
3.528 3.557 3.627 3.736 3.806 3.625 3.665 3.585 3.715 3.584 3.564 3.734 3.794 3.674 3.834 3.813 3.933 3.973 3.853 3.873 3.913 3.923 4.003 3.903 4.073 3.873 4.103 4.483 4.505 4.113 4.547 4.568 4.589 4.611 4.634 4.657 4.675 4.687 4.699 4.711 4.723 4.732 4.740 4.748 4.756 4.764 4.772 4.781 4.789 4.797 4.805 4.813 4.821 4.829 4.837 4.845 4.853 4.861 4.869 4.877 4.885 4.893 4.901 4.909 4.917 4.925 4.937 4.959 4.980 5.002 5.023 5.044 5.066 5.087 5.109 5.130 5.152
3.579 3.548 3.567 3.597 3.646 3.556 3.536 3.545 3.635 3.655 3.825 3.724 3.844 3.894 3.834 3.884 3.784 3.844 3.914 3.884 3.923 3.963 4.033 4.013 4.425 3.954 4.004 4.488 4.510 4.531 4.552 4.573 4.595 4.618 4.641 4.664 4.683 4.695 4.707 4.719 4.731 4.743 4.755 4.764 4.772 4.781 4.789 4.797 4.805 4.813 4.821 4.830 4.838 4.846 4.854 4.862 4.870 4.878 4.886 4.894 4.902 4.910 4.918 4.926 4.934 4.942 4.952 4.974 4.995 5.017 5.038 5.059 5.081 5.102 5.124 5.145 5.167
3.509 3.569 3.628 3.507 3.657 3.506 3.696 3.616 3.746 3.775 3.725 3.735 3.795 3.805 3.805 3.724 3.874 3.804 4.034 3.864 3.964 4.064 3.914 4.064 4.044 4.084 3.944 3.894 4.515 4.536 4.557 4.580 4.602 4.625 4.648 4.671 4.691 4.703 4.715 4.727 4.739 4.751 4.763 4.775 4.787 4.797 4.805 4.813 4.821 4.830 4.838 4.846 4.854 4.862 4.870 4.878 4.886 4.894 4.902 4.910 4.918 4.926 4.934 4.942 4.950 4.958 4.967 4.989 5.010 5.031 5.053 5.074 5.096 5.117 5.139 5.160 5.182
3.550 3.619 3.449 3.488 3.568 3.557 3.717 3.806 3.556 3.646 3.606 3.836 3.725 3.805 3.735 3.785 3.855 3.975 3.895 3.985 4.015 4.014 3.944 3.994 4.434 4.456 4.034 3.985 4.520 4.541 4.564 4.587 4.609 4.632 4.655 4.678 4.699 4.711 4.723 4.735 4.746 4.759 4.770 4.782 4.795 4.807 4.819 4.830 4.838 4.846 4.854 4.862 4.870 4.878 4.886 4.894 4.902 4.910 4.918 4.926 4.934 4.942 4.950 4.958 4.966 4.974 4.982 5.004 5.025 5.046 5.068 5.089 5.111 5.132 5.154 5.175 5.196
3.520 3.510 3.539 3.609 3.478 3.658 3.737 3.667 3.637 3.696 3.816 3.716 3.746 3.706 3.715 3.845 3.815 3.835 3.975 3.935 4.085 3.985 3.985 4.055 3.995 4.460 4.482 4.085 3.985 4.085 4.571 4.594 4.616 4.639 4.662 4.685 4.707 4.719 4.731 4.742 4.754 4.766 4.778 4.790 4.802 4.814 4.826 4.839 4.851 4.862 4.871 4.879 4.887 4.895 4.903 4.911 4.919 4.927 4.935 4.943 4.951 4.959 4.966 4.974 4.982 4.990 4.998 5.019 5.040 5.061 5.083 5.104 5.126 5.147 5.169 5.190 5.211
3.621 3.580 3.610 3.619 3.669 3.618 3.618 3.608 3.667 3.717 3.797 3.856 3.706 3.786 3.866 3.776 3.876 3.865 3.895 3.905 4.357 4.125 4.115 3.995 4.444 4.466 4.125 3.985 4.532 4.555 4.578 4.601 4.623 4.646 4.669 4.692 4.715 4.727 4.738 4.750 4.762 4.774 4.786 4.798 4.810 4.822 4.834 4.846 4.859 4.871 4.883 4.895 4.903 4.911 4.919 4.927 4.935 4.943 4.951 4.959 4.967 4.975 4.983 4.991 4.999 5.007 5.015 5.034 5.055 5.076 5.098 5.119 5.141 5.162 5.183 5.205 5.234
3.551 3.531 3.560 3.650 3.599 3.649 3.638 3.758 3.688 3.697 3.677 3.707 3.857 3.817 3.816 4.056 3.776 3.896 3.936 4.036 3.936 4.026 4.407 4.026 4.066 4.471 4.106 4.126 4.539 4.562 4.585 4.607 4.630 4.653 4.676 4.699 4.722 4.735 4.747 4.759 4.771 4.782 4.794 4.806 4.818 4.830 4.842 4.854 4.866 4.878 4.891 4.909 4.920 4.928 4.936 4.944 4.952 4.959 4.967 4.975 4.983 4.991 4.999 5.007 5.015 5.023 5.031 5.049 5.070 5.091 5.113 5.134 5.156 5.177 5.198 5.234 5.281
3.532 3.581 3.831 3.610 3.560 3.649 3.659 3.729 3.778 3.608 3.708 3.757 3.897 3.777 3.827 3.777 3.867 3.887 3.907 3.926 4.026 3.986 4.046 4.076 4.116 4.477 4.116 4.066 4.546 4.569 4.591 4.614 4.637 4.660 4.683 4.706 4.728 4.743 4.755 4.767 4.778 4.790 4.802 4.814 4.826 4.838 4.850 4.862 4.874 4.887 4.906 4.925 4.938 4.945 4.953 4.960 4.968 4.976 4.984 4.992 5.000 5.008 5.016 5.024 5.031 5.039 5.047 5.064 5.085 5.106 5.128 5.149 5.171 5.192 5.235 5.282 5.329
3.512 3.572 3.631 3.711 3.780 3.620 3.759 3.699 3.619 3.808 3.808 3.788 3.788 3.758 3.878 3.858 3.877 3.887 3.927 3.947 3.947 3.967 4.417 4.439 4.097 4.484 4.507 4.530 4.553 4.575 4.598 4.621 4.644 4.667 4.690 4.713 4.735 4.751 4.763 4.775 4.786 4.798 4.810 4.822 4.834 4.846 4.858 4.870 4.885 4.904 4.923 4.942 4.956 4.963 4.971 4.978 4.985 4.993 5.000 5.008 5.016 5.024 5.032 5.040 5.048 5.056 5.064 5.079 5.100 5.121 5.143 5.164 5.190 5.236 5.283 5.330 5.376
3.513 3.622 3.662 3.721 3.761 3.810 3.650 3.730 3.739 3.679 3.759 3.799 3.948 3.928 3.838 3.948 4.028 3.918 3.998 3.888 3.937 4.027 4.127 4.446 4.468 4.491 4.514 4.537 4.560 4.582 4.605 4.628 4.651 4.674 4.697 4.720 4.742 4.759 4.771 4.783 4.794 4.806 4.818 4.830 4.842 4.854 4.866 4.882 4.901 4.920 4.939 4.958 4.974 4.981 4.988 4.996 5.003 5.010 5.018 5.025 5.033 5.040 5.048 5.056 5.064 5.072 5.080 5.094 5.115 5.136 5.158 5.191 5.237 5.284 5.331 5.377 5.424
3.713 3.653 3.592 3.742 3.761 3.691 3.750 3.720 3.750 3.800 3.790 3.739 3.869 3.769 3.869 3.779 3.908 3.838 3.878 4.108 4.411 4.128 4.431 4.453 4.475 4.498 4.521 4.544 4.567 4.589 4.612 4.635 4.658 4.681 4.704 4.726 4.749 4.767 4.779 4.790 4.802 4.814 4.826 4.838 4.850 4.862 4.880 4.899 4.918 4.937 4.956 4.975 4.991 4.999 5.006 5.013 5.021 5.028 5.036 5.043 5.050 5.058 5.065 5.073 5.080 5.088 5.096 5.109 5.130 5.152 5.192 5.238 5.285 5.332 5.378 5.425 5.472
3.714 3.643 3.873 3.622 3.652 3.661 3.721 3.641 3.730 3.750 3.780 3.710 3.810 3.939 3.679 3.809 3.779 3.989 4.019 4.069 4.049 4.039 4.039 4.462 4.484 4.505 4.528 4.551 4.573 4.596 4.619 4.642 4.665 4.688 4.711 4.733 4.756 4.775 4.787 4.799 4.810 4.822 4.834 4.846 4.859 4.877 4.896 4.915 4.934 4.953 4.972 4.991 5.009 5.017 5.024 5.031 5.038 5.046 5.053 5.060 5.068 5.075 5.083 5.090 5.097 5.105 5.113 5.124 5.146 5.193 5.239 5.286 5.333 5.379 5.426 5.473 5.519
