includes/camargue/floodfiles/results/res-0005.wdfp
ncols         906
nrows         631
xllcorner     362177.146667
yllcorner     6534725.688020
cellsize      20.000000
NODATA_value  -9999.000000
[rows 544 to 577 of 631, columns 0 to 76 of 906]
7.551 7.194 6.838 6.481 6.125 5.769 5.413 5.057 5.058 4.948 5.201 5.607 6.013 6.419 6.825 7.230 7.636 8.042 8.447 8.852 9.068 8.981 8.893 8.806 8.806 8.631 8.544 8.456 8.369 8.281 8.194 8.075 7.953 7.804 7.656 7.507 7.359 7.209 7.014 6.820 6.820 6.503 6.465 6.427 6.382 6.328 6.275 6.221 6.167 6.204 6.260 6.317 6.347 6.373 6.400 6.426 6.427 6.485 6.525 6.565 6.605 6.645 6.686 6.726 6.809 7.011 7.183 7.354 7.526 7.697 7.868 8.040 8.943 8.943 9.408 9.874 10.339
7.404 7.047 6.690 6.334 5.978 5.621 5.265 5.059 5.060 4.959 4.982 5.388 5.794 6.200 6.606 7.012 7.417 7.823 8.228 8.649 9.175 9.088 8.991 8.894 8.894 8.700 8.605 8.518 8.430 8.343 8.256 8.157 8.023 7.875 7.718 7.523 7.328 7.133 6.938 6.743 6.744 6.418 6.380 6.342 6.304 6.265 6.227 6.179 6.125 6.138 6.185 6.212 6.238 6.265 6.292 6.318 6.318 6.375 6.415 6.455 6.495 6.535 6.575 6.615 6.663 6.723 6.868 7.039 7.211 7.382 7.553 7.725 8.604 8.604 9.069 9.535 10.000
7.256 6.900 6.543 6.187 5.830 5.474 5.121 5.070 5.071 4.970 4.920 5.169 5.575 5.981 6.387 6.793 7.199 7.604 8.009 8.527 9.052 9.212 9.115 9.018 9.018 8.823 8.727 8.629 8.532 8.435 8.338 8.241 8.031 7.836 7.641 7.446 7.251 7.056 6.861 6.666 6.667 6.333 6.295 6.256 6.218 6.180 6.142 6.104 6.065 6.054 6.077 6.104 6.130 6.157 6.184 6.210 6.210 6.265 6.305 6.345 6.385 6.425 6.466 6.516 6.565 6.624 6.686 6.748 6.895 7.067 7.238 7.410 8.265 8.265 8.730 9.185 9.509
7.116 6.752 6.396 6.039 5.683 5.327 5.132 5.081 5.082 4.981 4.931 4.950 5.356 5.763 6.168 6.574 6.980 7.385 7.879 8.404 8.930 9.335 9.238 9.141 9.141 8.947 8.850 8.753 8.656 8.559 8.462 8.242 8.010 7.773 7.564 7.369 7.174 6.979 6.785 6.590 6.590 6.247 6.209 6.171 6.133 6.095 6.057 6.025 6.029 6.030 6.023 6.015 6.022 6.049 6.075 6.102 6.102 6.155 6.195 6.235 6.275 6.319 6.368 6.418 6.467 6.525 6.587 6.649 6.711 6.773 6.923 7.095 7.926 7.926 8.291 8.614 8.938
7.084 6.605 6.248 5.892 5.536 5.193 5.143 5.092 5.093 4.992 4.942 4.891 5.138 5.544 5.950 6.355 6.761 7.231 7.757 8.282 8.808 9.333 9.361 9.264 9.264 9.070 8.973 8.876 8.779 8.682 8.461 8.240 8.011 7.773 7.536 7.298 7.098 6.903 6.708 6.513 6.514 6.162 6.124 6.086 6.048 6.009 5.995 5.999 6.003 6.006 5.998 5.991 5.984 5.976 5.969 5.994 5.994 6.047 6.085 6.125 6.172 6.221 6.270 6.320 6.369 6.425 6.487 6.549 6.611 6.673 6.735 6.797 7.396 7.396 7.720 8.043 8.367
7.052 6.526 6.101 5.745 5.388 5.204 5.154 5.104 5.104 5.003 4.953 4.902 4.919 5.325 5.731 6.137 6.583 7.109 7.634 8.160 8.685 9.211 9.484 9.387 9.387 9.193 9.096 8.999 8.902 8.681 8.460 8.238 8.011 7.774 7.536 7.299 7.062 6.826 6.632 6.437 6.437 6.077 6.039 6.000 5.962 5.965 5.969 5.973 5.976 5.980 5.974 5.967 5.959 5.952 5.944 5.937 5.937 5.939 5.976 6.025 6.074 6.123 6.173 6.222 6.271 6.326 6.388 6.450 6.512 6.574 6.634 6.688 6.825 6.825 7.149 7.472 7.796
7.020 6.495 5.969 5.597 5.266 5.215 5.165 5.115 5.116 5.014 4.963 4.913 4.863 5.106 5.512 5.935 6.461 6.986 7.512 8.037 8.563 9.088 9.607 9.510 9.510 9.316 9.219 9.122 8.901 8.679 8.458 8.236 8.012 7.774 7.537 7.300 7.062 6.825 6.588 6.360 6.361 5.991 5.953 5.932 5.935 5.939 5.943 5.947 5.950 5.954 5.950 5.942 5.935 5.928 5.920 5.913 5.913 5.900 5.912 5.941 5.976 6.025 6.075 6.124 6.173 6.226 6.288 6.350 6.410 6.465 6.519 6.573 6.691 6.691 6.750 6.901 7.225
6.989 6.463 5.937 5.450 5.277 5.227 5.176 5.126 5.127 5.025 4.974 4.924 4.874 4.887 5.293 5.812 6.338 6.864 7.389 7.915 8.440 8.966 9.491 9.633 9.633 9.439 9.342 9.121 8.899 8.677 8.455 8.234 8.012 7.775 7.538 7.300 7.063 6.826 6.589 6.352 6.352 5.906 5.902 5.906 5.909 5.913 5.917 5.920 5.924 5.928 5.925 5.918 5.911 5.903 5.896 5.888 5.889 5.884 5.885 5.914 5.944 5.973 6.002 6.031 6.075 6.127 6.187 6.241 6.296 6.350 6.404 6.459 6.576 6.576 6.636 6.695 6.755
7.019 6.497 5.976 5.484 5.335 5.280 5.226 5.171 5.172 5.062 5.008 4.953 4.899 4.844 5.164 5.690 6.216 6.741 7.267 7.792 8.318 8.843 9.369 9.757 9.757 9.562 9.341 9.119 8.897 8.675 8.453 8.232 8.010 7.776 7.538 7.301 7.064 6.826 6.589 6.352 6.353 5.900 5.885 5.879 5.883 5.887 5.890 5.894 5.898 5.901 5.901 5.894 5.886 5.879 5.872 5.870 5.870 5.868 5.868 5.888 5.917 5.946 5.976 6.005 6.034 6.047 6.072 6.126 6.181 6.235 6.289 6.344 6.462 6.462 6.522 6.581 6.640
7.146 6.624 6.103 5.736 5.454 5.397 5.342 5.288 5.289 5.179 5.124 5.070 5.015 4.970 5.038 5.564 6.091 6.617 7.143 7.670 8.196 8.721 9.246 9.772 9.772 9.561 9.339 9.117 8.895 8.673 8.451 8.229 8.008 7.776 7.539 7.302 7.064 6.827 6.590 6.365 6.366 5.927 5.883 5.876 5.870 5.863 5.864 5.868 5.871 5.875 5.877 5.869 5.862 5.856 5.855 5.854 5.854 5.852 5.851 5.862 5.891 5.920 5.949 5.978 6.006 6.001 5.996 6.012 6.066 6.120 6.175 6.229 6.348 6.348 6.407 6.467 6.526
7.272 6.751 6.270 5.988 5.706 5.513 5.459 5.404 5.405 5.295 5.240 5.186 5.131 5.102 5.074 5.438 5.965 6.491 7.017 7.543 8.069 8.596 9.122 9.648 9.648 9.559 9.337 9.115 8.893 8.671 8.449 8.228 8.006 7.777 7.540 7.302 7.065 6.830 6.611 6.392 6.392 5.953 5.882 5.875 5.868 5.861 5.854 5.847 5.845 5.849 5.852 5.845 5.840 5.839 5.839 5.838 5.838 5.836 5.835 5.835 5.865 5.894 5.923 5.952 5.961 5.956 5.951 5.946 5.951 6.006 6.060 6.115 6.234 6.234 6.293 6.352 6.412
7.399 6.878 6.522 6.240 5.959 5.677 5.575 5.520 5.521 5.411 5.357 5.302 5.263 5.234 5.206 5.312 5.838 6.365 6.891 7.417 7.943 8.469 8.995 9.598 9.598 9.754 9.461 9.167 8.891 8.669 8.447 8.225 8.004 7.778 7.540 7.303 7.075 6.856 6.637 6.418 6.419 5.980 5.881 5.874 5.867 5.860 5.853 5.846 5.839 5.832 5.826 5.825 5.824 5.823 5.823 5.822 5.822 5.820 5.819 5.818 5.838 5.867 5.897 5.920 5.915 5.911 5.906 5.901 5.896 5.891 5.945 6.001 6.119 6.119 6.179 6.235 6.292
7.399 6.878 6.522 6.240 5.959 5.677 5.575 5.520 5.521 5.411 5.357 5.302 5.263 5.234 5.206 5.311 5.838 6.365 6.891 7.417 7.943 8.469 8.995 9.598 9.598 9.754 9.461 9.167 8.891 8.669 8.447 8.225 8.003 7.777 7.540 7.303 7.075 6.856 6.637 6.418 6.419 5.980 5.881 5.874 5.867 5.860 5.853 5.846 5.839 5.832 5.826 5.825 5.824 5.823 5.823 5.822 5.822 5.820 5.819 5.818 5.838 5.867 5.897 5.920 5.915 5.911 5.906 5.901 5.896 5.891 5.945 6.001 6.119 6.119 6.179 6.235 6.292
7.526 7.057 6.774 6.492 6.211 5.929 5.691 5.637 5.638 5.528 5.473 5.424 5.395 5.366 5.338 5.309 5.712 6.238 6.765 7.291 7.817 8.343 8.934 9.554 9.554 9.973 9.680 9.386 9.093 8.800 8.506 8.223 8.001 7.778 7.541 7.321 7.102 6.883 6.664 6.445 6.445 6.006 5.880 5.873 5.866 5.859 5.852 5.845 5.838 5.830 5.816 5.811 5.809 5.807 5.806 5.806 5.806 5.804 5.803 5.802 5.812 5.841 5.870 5.875 5.870 5.865 5.860 5.856 5.851 5.846 5.841 5.886 6.001 6.002 6.058 6.115 6.172
7.653 7.309 7.027 6.745 6.463 6.181 5.900 5.753 5.754 5.644 5.589 5.556 5.527 5.499 5.470 5.442 5.585 6.112 6.638 7.165 7.691 8.270 8.890 9.510 9.510 10.192 9.899 9.605 9.312 9.019 8.725 8.432 8.139 7.761 7.567 7.348 7.128 6.909 6.690 6.471 6.472 6.033 5.879 5.872 5.865 5.858 5.851 5.844 5.833 5.819 5.805 5.798 5.796 5.794 5.792 5.790 5.790 5.788 5.787 5.786 5.785 5.815 5.834 5.829 5.825 5.820 5.815 5.810 5.805 5.801 5.797 5.795 5.881 5.881 5.938 5.995 6.051
8.095 7.813 7.531 7.249 6.967 6.685 6.404 6.122 6.123 5.878 5.849 5.821 5.792 5.764 5.735 5.706 5.678 5.859 6.386 6.941 7.561 8.182 8.802 9.422 9.422 10.631 10.337 10.044 9.750 9.457 9.163 8.691 8.145 7.598 7.309 7.164 7.018 6.872 6.727 6.524 6.525 6.086 5.876 5.869 5.862 5.853 5.839 5.825 5.811 5.797 5.783 5.772 5.770 5.768 5.766 5.764 5.765 5.760 5.758 5.756 5.754 5.749 5.745 5.741 5.736 5.732 5.728 5.724 5.720 5.716 5.712 5.711 5.711 5.712 5.712 5.754 5.810
8.348 8.065 7.783 7.501 7.219 6.938 6.656 6.374 6.375 6.010 5.982 5.953 5.925 5.896 5.867 5.839 5.810 5.781 6.277 6.897 7.517 8.138 8.758 9.378 9.378 10.618 10.556 10.263 9.969 9.676 9.156 8.610 8.063 7.517 7.170 7.024 6.878 6.733 6.587 6.441 6.442 6.113 5.894 5.868 5.856 5.842 5.828 5.813 5.799 5.785 5.771 5.759 5.757 5.755 5.754 5.752 5.752 5.748 5.745 5.743 5.707 5.689 5.700 5.698 5.694 5.690 5.686 5.681 5.677 5.673 5.669 5.669 5.669 5.670 5.670 5.670 5.690
8.426 8.137 7.848 7.558 7.269 6.980 6.691 6.402 6.403 6.054 6.030 6.007 5.983 5.959 5.936 5.912 5.888 5.864 6.225 6.852 7.473 8.094 8.714 9.334 9.334 10.574 10.775 10.482 10.168 9.622 9.075 8.529 7.982 7.436 7.030 6.884 6.739 6.593 6.447 6.302 6.302 6.010 5.879 5.858 5.844 5.830 5.816 5.802 5.788 5.774 5.760 5.747 5.745 5.743 5.741 5.739 5.739 5.735 5.714 5.679 5.644 5.626 5.637 5.648 5.651 5.647 5.643 5.639 5.635 5.631 5.626 5.627 5.627 5.628 5.628 5.628 5.629
8.413 8.123 7.834 7.545 7.256 6.967 6.678 6.389 6.390 6.116 6.058 6.034 6.010 5.987 5.963 5.939 5.915 5.984 6.155 6.782 7.408 8.035 8.661 9.287 9.287 10.530 10.994 10.633 10.087 9.540 8.994 8.447 7.901 7.354 6.890 6.745 6.599 6.453 6.307 6.162 6.162 5.919 5.857 5.833 5.826 5.819 5.805 5.791 5.777 5.763 5.749 5.735 5.732 5.730 5.728 5.726 5.726 5.685 5.650 5.615 5.580 5.563 5.574 5.585 5.596 5.605 5.600 5.596 5.592 5.588 5.584 5.585 5.586 5.586 5.586 5.587 5.587
8.371 8.110 7.821 7.531 7.242 6.953 6.664 6.375 6.376 6.183 6.103 6.062 6.038 6.014 5.990 5.967 6.001 6.104 6.207 6.713 7.339 7.965 8.592 9.218 9.218 10.470 10.945 10.552 10.006 9.459 8.913 8.366 7.820 7.273 6.751 6.605 6.459 6.313 6.168 6.022 6.023 5.897 5.835 5.805 5.799 5.792 5.785 5.778 5.766 5.752 5.737 5.723 5.719 5.717 5.715 5.692 5.692 5.622 5.587 5.551 5.516 5.499 5.510 5.522 5.533 5.544 5.555 5.554 5.550 5.545 5.542 5.543 5.544 5.544 5.544 5.545 5.535
8.239 8.096 7.807 7.518 7.229 6.940 6.651 6.411 6.412 6.251 6.170 6.090 6.065 6.042 6.018 6.019 6.122 6.225 6.327 6.643 7.270 7.896 8.522 9.148 9.148 10.255 10.479 10.245 9.800 9.356 8.831 8.285 7.738 7.192 6.646 6.465 6.319 6.174 6.062 6.000 6.000 5.875 5.813 5.778 5.771 5.764 5.758 5.751 5.744 5.737 5.726 5.712 5.706 5.699 5.663 5.628 5.629 5.558 5.523 5.488 5.453 5.436 5.447 5.458 5.470 5.481 5.492 5.503 5.507 5.503 5.500 5.501 5.502 5.502 5.480 5.456 5.432
8.108 8.002 7.794 7.504 7.215 6.926 6.637 6.479 6.480 6.318 6.238 6.158 6.093 6.069 6.045 6.140 6.242 6.345 6.448 6.574 7.200 7.827 8.453 9.079 9.079 9.789 10.013 9.927 9.482 9.038 8.594 8.149 7.657 7.111 6.564 6.325 6.180 6.103 6.040 5.978 5.978 5.853 5.791 5.750 5.744 5.737 5.730 5.723 5.716 5.710 5.703 5.696 5.670 5.635 5.600 5.565 5.565 5.494 5.459 5.424 5.389 5.373 5.384 5.395 5.406 5.418 5.429 5.440 5.451 5.460 5.458 5.448 5.400 5.400 5.376 5.352 5.329
7.977 7.871 7.765 7.491 7.202 6.913 6.627 6.546 6.547 6.386 6.306 6.225 6.145 6.096 6.157 6.260 6.363 6.466 6.568 6.671 7.131 7.757 8.383 8.875 8.875 9.322 9.546 9.609 9.164 8.720 8.276 7.831 7.387 6.943 6.483 6.205 6.143 6.081 6.018 5.956 5.956 5.831 5.769 5.723 5.716 5.709 5.703 5.696 5.689 5.682 5.671 5.643 5.611 5.573 5.536 5.501 5.501 5.431 5.396 5.360 5.325 5.310 5.321 5.332 5.343 5.354 5.366 5.377 5.388 5.403 5.379 5.345 5.297 5.297 5.273 5.249 5.225
7.846 7.740 7.634 7.477 7.188 6.899 6.694 6.614 6.615 6.453 6.373 6.293 6.219 6.198 6.284 6.381 6.483 6.586 6.689 6.791 7.061 7.688 8.184 8.408 8.408 8.856 9.080 9.291 8.847 8.402 7.958 7.514 7.069 6.625 6.319 6.171 6.121 6.059 5.996 5.934 5.935 5.809 5.747 5.695 5.689 5.682 5.675 5.668 5.661 5.639 5.612 5.585 5.553 5.515 5.477 5.439 5.439 5.367 5.332 5.297 5.262 5.247 5.258 5.269 5.280 5.291 5.302 5.318 5.334 5.351 5.324 5.268 5.194 5.194 5.170 5.146 5.122
7.714 7.608 7.502 7.396 7.175 6.886 6.762 6.682 6.683 6.521 6.481 6.452 6.423 6.394 6.469 6.556 6.642 6.728 6.815 6.912 7.014 7.494 7.718 7.942 7.942 8.390 8.614 8.838 8.529 8.085 7.640 7.196 6.843 6.557 6.272 6.122 6.072 6.023 5.973 5.912 5.913 5.787 5.725 5.668 5.661 5.654 5.648 5.636 5.608 5.581 5.553 5.526 5.495 5.457 5.419 5.381 5.381 5.304 5.268 5.233 5.198 5.183 5.195 5.206 5.217 5.233 5.249 5.266 5.282 5.298 5.270 5.213 5.100 5.100 5.067 5.043 5.019
7.583 7.477 7.371 7.265 7.159 6.910 6.830 6.771 6.772 6.713 6.684 6.656 6.627 6.598 6.655 6.741 6.828 6.914 7.000 7.086 7.231 7.346 7.356 7.476 7.476 7.923 8.147 8.371 8.211 7.767 7.367 7.081 6.795 6.510 6.224 6.073 6.024 5.974 5.924 5.874 5.875 5.766 5.703 5.641 5.634 5.627 5.604 5.577 5.550 5.522 5.495 5.467 5.437 5.399 5.360 5.322 5.323 5.246 5.208 5.170 5.134 5.120 5.131 5.148 5.164 5.181 5.197 5.214 5.230 5.246 5.216 5.159 5.046 5.046 4.989 4.940 4.916
7.496 7.384 7.272 7.160 7.048 7.032 7.004 6.975 6.975 6.917 6.888 6.860 6.831 6.802 6.841 6.927 7.013 7.099 7.186 7.342 7.604 7.816 7.826 7.836 7.836 7.856 7.866 7.905 7.893 7.605 7.319 7.033 6.748 6.462 6.176 6.025 5.975 5.925 5.875 5.826 5.826 5.726 5.677 5.619 5.600 5.573 5.545 5.518 5.491 5.463 5.436 5.409 5.378 5.340 5.302 5.264 5.265 5.188 5.150 5.112 5.074 5.064 5.079 5.096 5.112 5.129 5.145 5.161 5.178 5.194 5.161 5.105 4.991 4.992 4.935 4.878 4.822
7.441 7.329 7.217 7.106 7.097 7.162 7.168 7.174 7.175 7.121 7.092 7.064 7.035 7.006 7.026 7.113 7.199 7.285 7.453 7.715 7.978 8.240 8.296 8.306 8.306 8.325 8.335 8.345 7.943 7.558 7.272 6.986 6.700 6.414 6.129 5.976 5.926 5.877 5.827 5.777 5.778 5.678 5.628 5.588 5.548 5.514 5.487 5.460 5.432 5.405 5.378 5.350 5.320 5.282 5.244 5.206 5.207 5.130 5.092 5.075 5.064 5.054 5.045 5.043 5.060 5.076 5.093 5.109 5.126 5.142 5.107 5.050 4.937 4.937 4.881 4.824 4.767
7.441 7.329 7.217 7.106 7.097 7.162 7.168 7.175 7.175 7.121 7.092 7.064 7.035 7.006 7.026 7.112 7.199 7.285 7.452 7.715 7.977 8.240 8.296 8.305 8.305 8.325 8.335 8.345 7.943 7.558 7.272 6.986 6.700 6.414 6.129 5.976 5.926 5.877 5.827 5.777 5.778 5.678 5.628 5.588 5.548 5.514 5.487 5.460 5.432 5.405 5.378 5.350 5.321 5.283 5.244 5.206 5.207 5.130 5.092 5.075 5.064 5.054 5.045 5.044 5.060 5.077 5.093 5.109 5.126 5.142 5.107 5.051 4.937 4.938 4.881 4.824 4.768
7.387 7.275 7.163 7.128 7.208 7.288 7.297 7.303 7.304 7.316 7.296 7.267 7.238 7.210 7.212 7.298 7.384 7.563 7.826 8.088 8.351 8.613 8.765 8.775 8.775 8.795 8.805 8.574 8.093 7.612 7.224 6.938 6.652 6.367 6.081 5.927 5.877 5.828 5.778 5.728 5.729 5.629 5.593 5.557 5.518 5.477 5.436 5.401 5.374 5.346 5.319 5.292 5.262 5.224 5.187 5.149 5.149 5.086 5.076 5.065 5.055 5.045 5.035 5.026 5.017 5.024 5.041 5.057 5.074 5.090 5.053 4.996 4.883 4.883 4.827 4.772 4.744
7.332 7.221 7.160 7.240 7.319 7.399 7.426 7.432 7.433 7.444 7.451 7.457 7.443 7.414 7.397 7.484 7.674 7.936 8.199 8.461 8.724 8.986 9.235 9.245 9.245 9.264 9.205 8.724 8.243 7.761 7.280 6.890 6.605 6.319 6.033 5.879 5.829 5.779 5.729 5.680 5.680 5.599 5.562 5.526 5.487 5.447 5.406 5.365 5.324 5.288 5.260 5.233 5.205 5.167 5.129 5.098 5.098 5.077 5.066 5.056 5.045 5.035 5.026 5.017 5.008 4.998 4.989 5.005 5.022 5.038 4.999 4.942 4.830 4.830 4.803 4.775 4.748
7.223 7.303 7.382 7.462 7.542 7.621 7.683 7.690 7.690 7.702 7.708 7.714 7.720 7.727 7.748 8.002 8.348 8.683 8.945 9.208 9.470 9.732 9.995 10.184 10.184 9.986 9.505 9.023 8.542 8.061 7.580 7.099 6.618 6.224 5.938 5.781 5.732 5.682 5.646 5.609 5.610 5.537 5.500 5.464 5.427 5.386 5.345 5.304 5.264 5.223 5.182 5.141 5.101 5.099 5.089 5.078 5.079 5.057 5.047 5.036 5.026 5.016 5.007 4.998 4.988 4.979 4.970 4.961 4.952 4.942 4.919 4.892 4.837 4.837 4.810 4.782 4.755
7.334 7.414 7.494 7.573 7.653 7.733 7.812 7.818 7.819 7.831 7.837 7.843 7.849 7.873 7.898 8.067 8.414 8.760 9.107 9.453 9.800 10.106 10.368 10.630 10.630 10.136 9.654 9.173 8.692 8.211 7.729 7.248 6.767 6.286 5.890 5.733 5.688 5.651 5.615 5.579 5.579 5.506 5.469 5.433 5.397 5.356 5.315 5.274 5.233 5.193 5.151 5.108 5.069 5.071 5.074 5.069 5.069 5.048 5.038 5.027 5.016 5.007 4.997 4.988 4.979 4.970 4.961 4.951 4.934 4.916 4.904 4.893 4.840 4.841 4.813 4.786 4.758
7.445 7.525 7.605 7.685 7.764 7.844 7.924 7.947 7.948 7.959 7.966 7.973 7.999 8.024 8.049 8.132 8.479 8.825 9.172 9.518 9.865 10.211 10.558 10.904 10.904 10.290 9.809 9.327 8.846 8.365 7.883 7.402 6.921 6.439 5.958 5.693 5.657 5.620 5.584 5.548 5.548 5.475 5.439 5.402 5.366 5.326 5.285 5.244 5.203 5.160 5.117 5.075 5.036 5.039 5.042 5.044 5.044 5.039 5.028 5.018 5.007 4.997 4.988 4.979 4.970 4.960 4.945 4.926 4.908 4.890 4.878 4.867 4.844 4.844 4.817 4.789 4.762
