includes/camargue/floodfiles/results/res-0001.wdfp
ncols         906
nrows         631
xllcorner     362177.146667
yllcorner     6534725.688020
cellsize      20.000000
NODATA_value  -9999.000000
[rows 578 to 611 of 631, columns 539 to 615 of 906]
6.361 6.318 6.275 6.233 6.190 6.147 6.114 6.146 6.177 6.209 6.240 6.272 6.304 6.335 6.367 6.381 6.379 6.378 6.376 6.374 6.372 6.389 6.414 6.439 6.464 6.489 6.479 6.457 6.436 6.414 6.392 6.370 6.349 6.327 6.305 6.283 6.262 6.285 6.308 6.332 6.355 6.378 6.402 6.426 6.449 6.465 6.471 6.477 6.483 6.489 6.495 6.501 6.541 6.651 6.761 6.871 6.981 7.090 7.200 7.310 7.420 7.530 7.639 7.749 7.859 7.959 7.982 8.003 8.025 8.048 8.071 8.094 8.117 8.140 8.163 8.186 8.208
6.525 6.510 6.467 6.425 6.382 6.339 6.312 6.343 6.375 6.406 6.438 6.469 6.501 6.513 6.512 6.510 6.508 6.506 6.504 6.502 6.500 6.520 6.545 6.570 6.595 6.620 6.645 6.661 6.640 6.618 6.596 6.574 6.553 6.531 6.509 6.487 6.465 6.486 6.510 6.533 6.557 6.580 6.604 6.627 6.640 6.646 6.652 6.659 6.665 6.671 6.677 6.683 6.700 6.810 6.919 7.029 7.139 7.249 7.359 7.468 7.578 7.688 7.798 7.908 8.002 8.027 8.051 8.071 8.091 8.110 8.131 8.154 8.177 8.199 8.222 8.245 8.268
6.635 6.647 6.658 6.616 6.574 6.531 6.509 6.541 6.572 6.604 6.635 6.646 6.644 6.642 6.640 6.638 6.636 6.635 6.633 6.631 6.629 6.652 6.677 6.702 6.727 6.752 6.777 6.802 6.826 6.822 6.800 6.778 6.756 6.735 6.713 6.691 6.669 6.688 6.711 6.735 6.758 6.782 6.805 6.816 6.822 6.828 6.834 6.840 6.846 6.852 6.859 6.865 6.871 6.968 7.078 7.188 7.297 7.407 7.517 7.627 7.737 7.846 7.956 8.044 8.070 8.095 8.120 8.140 8.160 8.179 8.199 8.219 8.239 8.259 8.282 8.305 8.328
6.746 6.757 6.768 6.780 6.766 6.723 6.707 6.738 6.770 6.778 6.776 6.774 6.772 6.771 6.769 6.767 6.765 6.763 6.761 6.759 6.759 6.784 6.808 6.833 6.858 6.883 6.908 6.933 6.958 6.983 7.004 6.982 6.960 6.939 6.917 6.895 6.873 6.889 6.913 6.936 6.960 6.983 6.991 6.998 7.004 7.010 7.016 7.022 7.028 7.034 7.040 7.047 7.053 7.126 7.236 7.346 7.456 7.566 7.675 7.785 7.895 8.005 8.086 8.112 8.137 8.163 8.188 8.209 8.229 8.249 8.268 8.288 8.308 8.328 8.348 8.368 8.388
6.856 6.868 6.879 6.890 6.901 6.913 6.904 6.910 6.908 6.906 6.905 6.903 6.901 6.899 6.897 6.895 6.893 6.891 6.890 6.888 6.890 6.915 6.940 6.965 6.990 7.015 7.040 7.065 7.090 7.115 7.139 7.164 7.164 7.142 7.120 7.099 7.077 7.091 7.114 7.138 7.161 7.167 7.173 7.179 7.185 7.192 7.198 7.204 7.210 7.216 7.222 7.228 7.234 7.285 7.395 7.504 7.614 7.724 7.834 7.944 8.053 8.129 8.154 8.180 8.205 8.231 8.256 8.278 8.298 8.318 8.337 8.357 8.377 8.397 8.417 8.437 8.457
6.967 6.978 6.989 7.001 7.012 6.994 7.013 7.039 7.037 7.035 7.033 7.031 7.029 7.027 7.026 7.024 7.022 7.020 7.018 7.016 7.022 7.047 7.072 7.097 7.121 7.146 7.171 7.196 7.221 7.246 7.271 7.296 7.321 7.345 7.324 7.303 7.281 7.292 7.316 7.337 7.343 7.349 7.355 7.361 7.367 7.373 7.379 7.386 7.392 7.398 7.404 7.410 7.416 7.443 7.553 7.663 7.773 7.882 7.992 8.102 8.171 8.197 8.222 8.248 8.273 8.299 8.324 8.347 8.367 8.387 8.407 8.426 8.446 8.466 8.486 8.506 8.526
7.077 7.089 7.100 7.077 7.054 7.032 7.061 7.117 7.165 7.163 7.161 7.160 7.158 7.156 7.154 7.152 7.150 7.148 7.147 7.145 7.153 7.178 7.203 7.228 7.253 7.278 7.303 7.328 7.353 7.378 7.402 7.427 7.452 7.477 7.502 7.506 7.485 7.494 7.512 7.518 7.524 7.531 7.537 7.543 7.549 7.555 7.561 7.567 7.573 7.580 7.586 7.592 7.598 7.604 7.711 7.821 7.931 8.041 8.151 8.213 8.239 8.264 8.290 8.315 8.341 8.367 8.392 8.416 8.436 8.456 8.476 8.495 8.515 8.535 8.555 8.575 8.595
7.183 7.160 7.138 7.115 7.092 7.070 7.109 7.165 7.220 7.276 7.290 7.288 7.286 7.284 7.283 7.281 7.279 7.277 7.275 7.273 7.285 7.310 7.335 7.360 7.384 7.409 7.434 7.459 7.484 7.509 7.534 7.559 7.584 7.609 7.633 7.658 7.683 7.688 7.694 7.700 7.706 7.712 7.718 7.725 7.731 7.737 7.743 7.749 7.755 7.761 7.767 7.774 7.780 7.786 7.870 7.980 8.089 8.199 8.256 8.281 8.307 8.332 8.358 8.383 8.409 8.434 8.460 8.485 8.505 8.525 8.545 8.565 8.584 8.604 8.624 8.644 8.664
7.221 7.198 7.176 7.153 7.131 7.108 7.157 7.212 7.268 7.324 7.380 7.417 7.415 7.413 7.411 7.409 7.407 7.405 7.404 7.402 7.416 7.441 7.466 7.491 7.516 7.541 7.566 7.591 7.616 7.641 7.665 7.690 7.715 7.740 7.765 7.738 7.702 7.794 7.818 7.842 7.866 7.890 7.900 7.906 7.913 7.919 7.925 7.931 7.937 7.943 7.949 7.955 7.961 7.968 8.028 8.138 8.248 8.298 8.324 8.349 8.375 8.400 8.426 8.451 8.477 8.502 8.528 8.553 8.574 8.594 8.614 8.634 8.653 8.673 8.693 8.713 8.704
7.259 7.237 7.214 7.191 7.169 7.149 7.205 7.260 7.316 7.372 7.427 7.483 7.539 7.541 7.539 7.537 7.536 7.534 7.532 7.530 7.548 7.573 7.598 7.623 7.648 7.672 7.697 7.722 7.747 7.772 7.797 7.822 7.814 7.778 7.743 7.707 7.709 7.828 7.894 7.918 7.942 7.967 7.991 8.015 8.039 8.063 8.087 8.111 8.119 8.125 8.131 8.137 8.143 8.149 8.187 8.296 8.341 8.366 8.392 8.417 8.443 8.468 8.494 8.519 8.545 8.570 8.596 8.621 8.643 8.663 8.683 8.703 8.722 8.742 8.759 8.750 8.742
7.297 7.275 7.252 7.229 7.207 7.197 7.252 7.308 7.364 7.420 7.475 7.531 7.587 7.643 7.668 7.666 7.664 7.662 7.660 7.659 7.680 7.704 7.729 7.754 7.779 7.804 7.829 7.854 7.879 7.890 7.854 7.818 7.783 7.747 7.711 7.675 7.731 7.849 7.967 7.995 8.019 8.043 8.067 8.091 8.115 8.139 8.163 8.187 8.211 8.236 8.260 8.284 8.308 8.331 8.345 8.383 8.409 8.434 8.460 8.485 8.510 8.536 8.561 8.587 8.612 8.638 8.663 8.689 8.712 8.732 8.752 8.772 8.792 8.804 8.796 8.788 8.779
7.335 7.313 7.290 7.268 7.245 7.244 7.300 7.356 7.412 7.467 7.523 7.579 7.635 7.690 7.746 7.794 7.793 7.791 7.789 7.787 7.811 7.836 7.861 7.886 7.911 7.936 7.960 7.930 7.894 7.858 7.823 7.787 7.751 7.715 7.679 7.643 7.752 7.870 7.989 8.072 8.096 8.120 8.144 8.168 8.192 8.216 8.240 8.264 8.288 8.312 8.336 8.360 8.385 8.409 8.431 8.454 8.478 8.502 8.527 8.553 8.578 8.604 8.629 8.655 8.680 8.706 8.731 8.757 8.781 8.801 8.821 8.841 8.850 8.842 8.834 8.825 8.817
7.374 7.351 7.328 7.306 7.283 7.292 7.348 7.404 7.459 7.515 7.571 7.627 7.682 7.738 7.794 7.850 7.905 7.919 7.917 7.918 7.943 7.968 7.992 8.017 8.006 7.970 7.934 7.898 7.863 7.827 7.791 7.755 7.719 7.683 7.647 7.655 7.774 7.892 8.010 8.128 8.172 8.196 8.220 8.244 8.269 8.293 8.317 8.341 8.365 8.389 8.413 8.437 8.461 8.484 8.506 8.528 8.552 8.576 8.600 8.624 8.648 8.672 8.697 8.723 8.748 8.774 8.799 8.825 8.850 8.870 8.890 8.896 8.888 8.879 8.871 8.863 8.854
7.412 7.389 7.366 7.344 7.321 7.340 7.396 7.452 7.507 7.563 7.619 7.675 7.730 7.786 7.842 7.898 7.953 8.009 8.046 8.049 8.074 8.082 8.046 8.010 7.974 7.938 7.902 7.867 7.831 7.795 7.759 7.723 7.687 7.651 7.615 7.677 7.795 7.913 8.032 8.150 8.249 8.273 8.297 8.321 8.345 8.369 8.393 8.417 8.441 8.466 8.490 8.514 8.537 8.559 8.580 8.602 8.626 8.650 8.674 8.698 8.722 8.746 8.770 8.794 8.817 8.842 8.867 8.892 8.918 8.939 8.942 8.934 8.925 8.917 8.909 8.900 8.892
7.450 7.427 7.405 7.382 7.359 7.388 7.444 7.499 7.555 7.611 7.667 7.722 7.778 7.834 7.890 7.945 8.001 8.057 8.113 8.122 8.086 8.050 8.014 7.978 7.943 7.907 7.871 7.835 7.799 7.763 7.727 7.691 7.655 7.620 7.584 7.698 7.817 7.935 8.053 8.171 8.289 8.350 8.374 8.398 8.422 8.446 8.470 8.494 8.518 8.542 8.566 8.590 8.612 8.633 8.655 8.676 8.700 8.724 8.748 8.771 8.795 8.819 8.843 8.867 8.891 8.915 8.939 8.963 8.987 8.988 8.980 8.971 8.963 8.954 8.946 8.938 8.929
7.488 7.465 7.443 7.420 7.397 7.436 7.491 7.547 7.603 7.659 7.714 7.770 7.826 7.882 7.937 7.993 8.042 8.074 8.105 8.098 8.055 8.018 7.982 7.947 7.911 7.875 7.839 7.803 7.767 7.731 7.695 7.659 7.624 7.588 7.602 7.720 7.838 7.956 8.074 8.193 8.311 8.426 8.450 8.474 8.498 8.522 8.547 8.571 8.595 8.619 8.643 8.665 8.686 8.708 8.729 8.751 8.773 8.797 8.821 8.845 8.869 8.893 8.917 8.941 8.965 8.989 9.013 9.037 9.039 9.031 9.021 9.011 9.000 8.992 8.984 8.975 8.967
7.526 7.503 7.481 7.458 7.436 7.484 7.539 7.595 7.651 7.707 7.762 7.818 7.874 7.929 7.969 8.000 8.032 8.063 8.095 8.073 8.031 7.988 7.951 7.915 7.879 7.843 7.807 7.771 7.735 7.699 7.664 7.628 7.592 7.556 7.623 7.741 7.859 7.978 8.096 8.214 8.332 8.450 8.527 8.551 8.575 8.599 8.623 8.647 8.671 8.696 8.718 8.740 8.761 8.783 8.804 8.825 8.847 8.871 8.895 8.919 8.943 8.967 8.991 9.015 9.039 9.063 9.087 9.087 9.081 9.075 9.065 9.054 9.044 9.034 9.023 9.013 9.004
7.564 7.542 7.519 7.496 7.476 7.531 7.587 7.643 7.699 7.754 7.810 7.864 7.896 7.927 7.959 7.990 8.022 8.053 8.085 8.049 8.006 7.964 7.921 7.883 7.847 7.811 7.775 7.739 7.704 7.668 7.632 7.596 7.560 7.526 7.644 7.763 7.881 7.999 8.117 8.236 8.354 8.472 8.590 8.628 8.652 8.676 8.700 8.724 8.748 8.771 8.793 8.814 8.836 8.857 8.879 8.900 8.921 8.945 8.969 8.993 9.017 9.041 9.065 9.089 9.113 9.137 9.135 9.130 9.124 9.119 9.109 9.098 9.088 9.078 9.067 9.057 9.046
7.554 7.580 7.557 7.535 7.523 7.579 7.635 7.691 7.747 7.791 7.823 7.854 7.886 7.917 7.948 7.980 8.012 8.043 8.067 8.024 7.982 7.939 7.897 7.854 7.815 7.779 7.744 7.708 7.672 7.636 7.600 7.564 7.528 7.548 7.666 7.784 7.902 8.021 8.139 8.257 8.375 8.493 8.612 8.704 8.728 8.752 8.777 8.801 8.825 8.846 8.867 8.889 8.910 8.932 8.953 8.975 8.996 9.019 9.043 9.067 9.091 9.115 9.138 9.162 9.186 9.183 9.178 9.173 9.167 9.162 9.152 9.142 9.132 9.121 9.111 9.101 9.090
7.497 7.543 7.588 7.573 7.571 7.627 7.683 7.718 7.749 7.781 7.812 7.844 7.875 7.907 7.938 7.970 8.001 8.033 8.042 8.000 7.957 7.915 7.872 7.830 7.787 7.748 7.712 7.676 7.640 7.604 7.568 7.532 7.496 7.569 7.687 7.806 7.924 8.042 8.160 8.278 8.397 8.515 8.633 8.751 8.805 8.829 8.853 8.877 8.899 8.921 8.942 8.963 8.985 9.006 9.028 9.049 9.071 9.093 9.116 9.140 9.164 9.188 9.212 9.236 9.232 9.226 9.221 9.215 9.210 9.204 9.196 9.186 9.176 9.165 9.155 9.144 9.134
7.441 7.486 7.532 7.577 7.613 7.645 7.676 7.708 7.739 7.771 7.802 7.834 7.865 7.897 7.928 7.960 7.991 8.023 8.018 7.975 7.933 7.890 7.848 7.806 7.763 7.721 7.680 7.644 7.608 7.572 7.536 7.501 7.472 7.590 7.709 7.827 7.945 8.063 8.182 8.300 8.418 8.536 8.654 8.773 8.882 8.906 8.930 8.952 8.974 8.995 9.017 9.038 9.060 9.081 9.103 9.124 9.145 9.167 9.190 9.214 9.238 9.262 9.286 9.280 9.275 9.269 9.264 9.258 9.253 9.247 9.240 9.230 9.219 9.209 9.199 9.188 9.178
7.384 7.430 7.488 7.557 7.604 7.635 7.666 7.698 7.729 7.761 7.792 7.824 7.855 7.887 7.918 7.950 7.981 8.013 7.994 7.951 7.908 7.866 7.824 7.781 7.739 7.696 7.654 7.612 7.576 7.540 7.505 7.469 7.494 7.612 7.730 7.848 7.967 8.085 8.203 8.321 8.439 8.558 8.676 8.794 8.913 8.982 9.006 9.027 9.048 9.070 9.091 9.113 9.134 9.156 9.177 9.199 9.220 9.241 9.264 9.288 9.312 9.334 9.328 9.323 9.317 9.312 9.306 9.301 9.296 9.290 9.284 9.274 9.263 9.253 9.242 9.232 9.222
7.348 7.417 7.486 7.554 7.596 7.626 7.656 7.688 7.719 7.751 7.782 7.814 7.845 7.877 7.908 7.940 7.971 8.003 7.969 7.927 7.884 7.842 7.799 7.757 7.714 7.672 7.629 7.587 7.545 7.509 7.473 7.437 7.515 7.633 7.752 7.870 7.988 8.106 8.224 8.343 8.461 8.579 8.697 8.816 8.934 9.036 9.077 9.102 9.123 9.145 9.166 9.187 9.209 9.230 9.252 9.273 9.295 9.316 9.338 9.362 9.382 9.377 9.371 9.366 9.360 9.355 9.349 9.344 9.338 9.333 9.327 9.317 9.307 9.297 9.286 9.276 9.265
7.346 7.415 7.483 7.552 7.588 7.618 7.648 7.678 7.709 7.740 7.772 7.803 7.835 7.866 7.898 7.929 7.961 7.987 7.945 7.902 7.860 7.817 7.775 7.732 7.690 7.647 7.605 7.562 7.520 7.477 7.441 7.418 7.537 7.655 7.773 7.891 8.009 8.128 8.246 8.350 8.454 8.557 8.660 8.764 8.867 8.948 8.998 9.039 9.079 9.119 9.160 9.200 9.240 9.281 9.321 9.348 9.369 9.391 9.412 9.431 9.425 9.420 9.414 9.408 9.403 9.398 9.392 9.387 9.381 9.376 9.370 9.361 9.351 9.340 9.330 9.320 9.309
7.343 7.412 7.481 7.549 7.579 7.609 7.639 7.670 7.700 7.730 7.762 7.793 7.825 7.856 7.888 7.919 7.951 7.963 7.920 7.878 7.835 7.793 7.750 7.708 7.665 7.623 7.580 7.538 7.495 7.453 7.410 7.440 7.558 7.662 7.765 7.869 7.972 8.075 8.179 8.282 8.385 8.488 8.592 8.695 8.798 8.861 8.915 8.960 9.000 9.040 9.081 9.121 9.161 9.202 9.242 9.282 9.323 9.363 9.397 9.428 9.468 9.462 9.457 9.451 9.446 9.440 9.435 9.429 9.424 9.418 9.413 9.405 9.395 9.384 9.374 9.363 9.325
7.341 7.410 7.478 7.541 7.571 7.601 7.631 7.661 7.691 7.721 7.752 7.783 7.815 7.846 7.878 7.909 7.941 7.938 7.896 7.853 7.811 7.768 7.726 7.683 7.641 7.598 7.556 7.514 7.471 7.420 7.364 7.394 7.490 7.593 7.697 7.800 7.903 8.007 8.110 8.213 8.316 8.420 8.523 8.626 8.719 8.773 8.828 8.880 8.921 8.961 9.001 9.042 9.082 9.123 9.163 9.203 9.244 9.280 9.285 9.308 9.355 9.403 9.450 9.494 9.489 9.483 9.478 9.472 9.467 9.461 9.456 9.449 9.438 9.428 9.418 9.369 9.295
7.338 7.407 7.476 7.532 7.562 7.593 7.623 7.653 7.683 7.713 7.743 7.773 7.804 7.836 7.867 7.899 7.931 7.914 7.871 7.829 7.787 7.744 7.701 7.659 7.617 7.574 7.526 7.470 7.414 7.358 7.302 7.360 7.427 7.525 7.628 7.731 7.835 7.938 8.041 8.145 8.248 8.351 8.454 8.558 8.631 8.686 8.740 8.795 8.842 8.882 8.922 8.963 9.003 9.044 9.084 9.124 9.163 9.167 9.172 9.187 9.235 9.282 9.330 9.378 9.425 9.473 9.520 9.515 9.509 9.504 9.499 9.493 9.482 9.472 9.412 9.339 9.265
7.336 7.405 7.473 7.524 7.554 7.584 7.614 7.645 7.675 7.705 7.735 7.765 7.795 7.826 7.857 7.889 7.920 7.890 7.847 7.805 7.762 7.720 7.677 7.631 7.575 7.519 7.463 7.407 7.351 7.296 7.261 7.327 7.393 7.460 7.559 7.663 7.766 7.869 7.973 8.076 8.179 8.282 8.386 8.489 8.543 8.598 8.653 8.707 8.762 8.803 8.843 8.884 8.924 8.964 9.005 9.045 9.050 9.055 9.059 9.067 9.114 9.162 9.210 9.257 9.305 9.353 9.400 9.448 9.495 9.543 9.541 9.536 9.526 9.456 9.382 9.309 9.235
7.334 7.402 7.471 7.516 7.546 7.576 7.606 7.636 7.666 7.696 7.726 7.757 7.787 7.817 7.847 7.879 7.908 7.865 7.823 7.780 7.736 7.680 7.624 7.569 7.513 7.457 7.401 7.345 7.289 7.233 7.228 7.294 7.360 7.426 7.493 7.594 7.697 7.801 7.904 8.007 8.110 8.214 8.317 8.401 8.456 8.510 8.565 8.620 8.674 8.724 8.764 8.805 8.845 8.885 8.926 8.933 8.937 8.942 8.947 8.952 8.994 9.042 9.089 9.137 9.185 9.232 9.280 9.327 9.375 9.423 9.471 9.510 9.500 9.426 9.353 9.279 9.205
7.331 7.400 7.468 7.507 7.537 7.568 7.598 7.628 7.658 7.688 7.718 7.748 7.778 7.808 7.839 7.869 7.883 7.841 7.786 7.730 7.674 7.618 7.562 7.506 7.450 7.394 7.339 7.283 7.227 7.171 7.194 7.261 7.327 7.393 7.459 7.526 7.629 7.732 7.835 7.939 8.042 8.145 8.248 8.314 8.368 8.423 8.478 8.532 8.587 8.642 8.685 8.726 8.766 8.806 8.815 8.820 8.825 8.830 8.834 8.839 8.874 8.921 8.969 9.017 9.064 9.112 9.160 9.207 9.255 9.302 9.324 9.317 9.308 9.299 9.289 9.249 9.175
7.329 7.397 7.466 7.499 7.529 7.559 7.589 7.620 7.650 7.680 7.710 7.740 7.770 7.800 7.830 7.848 7.833 7.779 7.723 7.668 7.612 7.556 7.500 7.444 7.388 7.332 7.276 7.220 7.164 7.108 7.161 7.227 7.294 7.360 7.426 7.492 7.560 7.663 7.767 7.870 7.973 8.077 8.172 8.226 8.281 8.335 8.390 8.445 8.499 8.554 8.606 8.647 8.687 8.698 8.703 8.708 8.712 8.717 8.722 8.726 8.753 8.801 8.849 8.896 8.944 8.991 9.039 9.087 9.134 9.138 9.131 9.124 9.116 9.106 9.097 9.087 9.077
7.326 7.395 7.461 7.491 7.521 7.551 7.581 7.611 7.641 7.671 7.701 7.731 7.761 7.769 7.778 7.786 7.761 7.713 7.661 7.605 7.549 7.493 7.437 7.381 7.326 7.270 7.214 7.158 7.102 7.062 7.128 7.194 7.260 7.327 7.393 7.459 7.525 7.595 7.698 7.801 7.905 8.008 8.084 8.139 8.193 8.248 8.303 8.357 8.412 8.466 8.521 8.567 8.581 8.586 8.590 8.595 8.600 8.604 8.609 8.614 8.633 8.681 8.728 8.776 8.824 8.871 8.919 8.959 8.952 8.945 8.938 8.931 8.923 8.914 8.904 8.894 8.884
7.324 7.392 7.452 7.482 7.512 7.543 7.573 7.603 7.633 7.663 7.682 7.690 7.699 7.707 7.716 7.724 7.690 7.641 7.593 7.543 7.487 7.431 7.375 7.319 7.263 7.207 7.151 7.095 7.040 7.028 7.095 7.161 7.227 7.293 7.360 7.426 7.492 7.558 7.629 7.733 7.836 7.939 7.996 8.051 8.106 8.160 8.215 8.270 8.324 8.379 8.441 8.480 8.468 8.473 8.478 8.482 8.487 8.492 8.496 8.501 8.513 8.560 8.608 8.656 8.703 8.751 8.772 8.766 8.759 8.752 8.746 8.739 8.731 8.721 8.711 8.702 8.692
7.321 7.390 7.444 7.474 7.504 7.534 7.564 7.594 7.603 7.612 7.620 7.628 7.637 7.645 7.654 7.662 7.618 7.570 7.522 7.473 7.425 7.369 7.313 7.257 7.201 7.145 7.089 7.033 6.977 6.995 7.061 7.128 7.194 7.260 7.326 7.392 7.459 7.525 7.591 7.664 7.767 7.854 7.909 7.964 8.018 8.073 8.133 8.196 8.258 8.321 8.383 8.415 8.399 8.383 8.368 8.370 8.374 8.379 8.384 8.389 8.393 8.440 8.488 8.535 8.583 8.587 8.580 8.573 8.566 8.559 8.553 8.546 8.538 8.528 8.519 8.509 8.499
