includes/camargue/floodfiles/results/res-0001.wdfp
ncols         906
nrows         631
xllcorner     362177.146667
yllcorner     6534725.688020
cellsize      20.000000
NODATA_value  -9999.000000
[rows 442 to 475 of 631, columns 539 to 615 of 906]
0.000 0.009 0.084 0.205 0.663 0.162 0.269 0.333 0.356 0.340 0.404 0.327 0.369 0.911 0.953 0.635 0.627 0.568 0.540 0.541 0.623 0.735 0.706 0.658 0.649 0.820 0.811 0.723 0.764 0.705 0.856 0.867 0.908 1.281 0.960 0.862 0.993 0.904 0.866 0.958 0.979 1.011 1.432 0.963 0.984 0.895 0.917 0.948 0.939 1.530 0.962 1.043 1.024 1.036 1.551 1.554 1.558 1.561 1.565 1.568 1.571 1.574 1.577 1.587 1.599 1.619 1.643 1.662 1.671 1.681 1.690 1.699 1.708 1.717 1.726 1.735 1.744
0.000 0.000 0.275 0.102 0.290 0.266 0.250 0.365 0.308 0.322 0.525 0.458 0.521 0.602 0.894 0.849 0.872 0.895 0.801 0.653 0.694 0.606 0.868 0.709 0.730 0.892 0.863 0.744 0.875 0.846 0.777 0.959 0.880 0.861 0.852 1.004 0.995 0.986 1.372 0.909 0.951 1.022 1.429 0.935 0.976 0.997 0.898 1.500 1.513 1.012 1.023 1.538 1.046 1.027 1.549 1.552 1.555 1.558 1.562 1.565 1.568 1.573 1.585 1.597 1.609 1.628 1.652 1.677 1.701 1.716 1.725 1.734 1.743 1.752 1.761 1.770 1.779
0.003 0.000 0.000 0.072 0.255 0.289 0.263 0.337 0.400 0.494 0.307 0.460 0.582 0.543 0.465 0.557 0.549 0.901 0.937 0.644 0.586 0.658 0.819 0.840 0.702 0.843 0.824 0.835 0.856 0.778 0.769 0.840 0.871 0.933 0.924 0.935 0.887 0.978 0.979 0.901 0.943 0.984 0.986 1.442 1.455 1.009 1.000 0.991 1.012 1.023 1.045 1.536 1.539 1.028 1.546 1.549 1.552 1.555 1.559 1.562 1.571 1.583 1.594 1.606 1.618 1.637 1.662 1.686 1.710 1.735 1.759 1.769 1.778 1.787 1.796 1.805 1.814
0.186 0.215 0.159 0.134 0.827 0.302 0.366 0.399 0.292 0.486 0.429 0.531 0.663 0.474 0.476 0.368 0.620 0.692 0.957 0.725 0.687 0.799 0.830 0.822 0.823 0.874 0.795 0.877 1.214 0.809 0.900 0.892 0.873 0.964 0.896 0.987 1.018 1.000 0.961 0.893 0.974 1.006 1.425 1.439 1.453 1.467 1.480 0.982 1.508 1.005 1.530 1.533 1.537 1.540 1.543 1.546 1.549 1.553 1.557 1.569 1.581 1.592 1.604 1.616 1.628 1.646 1.671 1.695 1.720 1.744 1.769 1.793 1.813 1.822 1.831 1.840 1.849
0.102 0.076 0.398 0.198 0.138 0.375 0.488 0.371 0.404 0.487 0.560 0.512 0.584 0.516 0.548 0.520 0.721 0.473 0.977 0.726 0.608 0.810 0.912 0.893 0.974 0.855 0.747 0.898 0.929 0.830 0.982 0.863 0.834 0.866 0.947 0.939 0.950 0.971 1.033 0.985 1.036 1.408 1.028 1.436 1.449 1.463 1.477 1.491 1.045 1.520 1.527 1.531 1.534 1.537 1.540 1.543 1.547 1.555 1.567 1.578 1.590 1.602 1.614 1.626 1.638 1.656 1.680 1.705 1.729 1.753 1.778 1.802 1.827 1.851 1.866 1.875 1.884
0.191 0.192 0.183 0.304 0.382 0.386 0.480 0.393 0.456 0.358 0.531 0.553 0.575 0.527 0.589 0.731 0.532 0.464 0.997 0.598 0.770 0.871 0.843 0.924 0.795 0.947 0.928 0.929 0.920 0.772 0.913 0.884 1.006 0.967 1.372 0.930 0.992 0.963 1.398 0.956 1.411 1.417 1.423 1.433 1.446 1.002 1.475 1.488 1.502 1.516 1.525 1.528 1.531 1.534 1.538 1.541 1.553 1.565 1.576 1.588 1.600 1.612 1.624 1.636 1.648 1.665 1.689 1.714 1.738 1.763 1.787 1.811 1.836 1.860 1.885 1.909 1.919
0.158 0.178 0.187 0.186 0.203 0.248 0.692 0.374 0.467 0.440 0.502 0.454 0.596 0.628 0.590 0.602 0.614 0.706 0.708 1.042 1.067 0.723 0.794 0.885 0.877 0.888 0.899 0.951 0.982 0.903 0.824 0.976 0.857 0.949 0.910 0.942 0.983 0.985 0.926 1.419 1.424 1.040 0.981 1.441 1.447 1.033 1.471 1.485 1.499 1.513 1.522 1.525 1.528 1.532 1.539 1.551 1.563 1.575 1.586 1.598 1.610 1.622 1.634 1.646 1.658 1.674 1.699 1.723 1.747 1.772 1.796 1.821 1.845 1.869 1.894 1.918 1.943
0.265 0.194 0.323 0.309 0.396 0.371 0.404 0.536 0.628 0.461 0.563 0.555 0.697 0.529 0.611 0.693 0.685 0.667 0.839 0.571 1.087 1.113 1.139 0.807 0.848 1.216 1.240 0.942 0.933 1.005 0.986 0.827 0.879 0.910 0.882 1.407 1.035 1.006 1.028 1.432 1.437 1.443 1.449 1.454 1.460 1.466 1.472 1.482 1.496 1.509 1.519 1.522 1.526 1.537 1.549 1.561 1.573 1.585 1.596 1.608 1.620 1.632 1.644 1.656 1.668 1.683 1.708 1.732 1.757 1.781 1.806 1.830 1.854 1.879 1.903 1.927 1.952
0.202 0.279 0.255 0.201 0.217 0.403 0.475 0.328 0.400 0.512 0.554 0.576 0.528 0.811 0.693 0.744 0.636 0.769 0.760 0.772 0.753 0.775 1.158 0.868 0.909 0.951 0.992 0.903 1.015 1.026 0.967 0.949 0.890 0.882 0.934 0.965 1.427 1.433 1.439 1.445 1.450 1.002 1.462 1.467 1.473 1.025 1.485 1.490 1.496 1.506 1.517 1.523 1.535 1.547 1.559 1.571 1.583 1.595 1.606 1.618 1.630 1.642 1.654 1.666 1.678 1.693 1.717 1.742 1.766 1.790 1.815 1.839 1.864 1.888 1.912 1.937 1.961
0.317 0.212 0.309 0.383 0.189 0.735 0.437 0.690 0.492 0.543 0.425 0.618 0.560 0.622 0.604 0.656 0.698 0.800 0.751 0.803 0.754 0.636 1.177 1.203 0.861 0.972 0.954 1.284 1.303 0.937 0.899 1.000 0.812 0.974 1.422 1.434 1.440 1.446 1.452 1.457 1.463 1.469 1.475 1.480 1.486 1.492 1.497 1.503 1.508 1.514 1.522 1.533 1.545 1.557 1.569 1.581 1.593 1.605 1.616 1.628 1.640 1.652 1.664 1.676 1.688 1.702 1.726 1.751 1.775 1.800 1.824 1.848 1.873 1.897 1.921 1.946 1.970
0.251 0.337 0.301 0.336 0.462 0.385 0.388 0.421 0.723 0.595 0.486 0.919 0.570 0.643 0.685 0.637 0.659 0.801 0.932 0.844 0.815 0.937 0.779 1.217 0.882 0.953 1.276 0.956 0.958 0.959 1.000 0.902 0.984 0.985 1.007 0.988 1.009 1.459 1.041 1.471 1.476 1.482 1.488 1.493 1.499 1.504 1.510 1.516 1.521 1.530 1.539 1.547 1.556 1.567 1.579 1.591 1.603 1.615 1.626 1.638 1.650 1.662 1.674 1.686 1.698 1.711 1.736 1.760 1.784 1.809 1.833 1.858 1.882 1.906 1.931 1.955 1.979
0.383 0.358 0.334 0.398 0.333 0.427 0.460 0.432 0.444 0.956 0.947 0.519 0.521 0.504 0.667 0.598 0.680 0.751 0.863 0.794 0.756 0.808 0.940 0.931 1.249 0.845 0.857 0.938 0.949 1.031 1.022 1.387 0.975 1.007 0.998 1.460 1.040 1.472 1.478 1.484 1.489 1.495 1.500 1.506 1.512 1.517 1.523 1.529 1.538 1.547 1.556 1.564 1.573 1.581 1.590 1.601 1.613 1.625 1.636 1.648 1.660 1.672 1.684 1.696 1.708 1.721 1.745 1.769 1.794 1.818 1.842 1.867 1.891 1.915 1.940 1.964 1.989
0.325 0.340 0.466 0.400 0.404 0.398 0.491 0.764 0.655 0.587 0.519 0.521 0.513 0.455 0.638 0.639 0.741 0.692 0.714 0.756 0.688 0.780 0.851 0.783 0.835 1.282 1.302 1.322 1.341 1.012 0.984 0.955 1.420 0.948 1.459 1.473 0.901 1.002 1.491 1.497 1.502 1.508 1.513 1.519 1.524 1.530 1.537 1.546 1.555 1.564 1.572 1.581 1.589 1.598 1.607 1.615 1.624 1.635 1.646 1.658 1.670 1.682 1.694 1.706 1.717 1.730 1.754 1.779 1.803 1.827 1.852 1.876 1.900 1.925 1.949 1.974 1.998
0.267 0.293 0.418 0.382 0.455 0.419 0.482 0.484 0.606 0.608 0.500 0.642 0.465 0.527 0.609 0.721 0.672 0.693 0.675 0.827 0.779 0.871 0.833 0.875 0.817 0.769 1.314 1.334 1.003 0.974 1.392 0.917 1.432 1.451 1.001 1.487 1.492 1.498 1.025 1.510 1.515 1.521 1.526 1.532 1.537 1.546 1.554 1.563 1.572 1.580 1.589 1.598 1.606 1.615 1.623 1.632 1.640 1.649 1.657 1.668 1.680 1.692 1.704 1.716 1.727 1.739 1.764 1.788 1.812 1.837 1.861 1.885 1.910 1.934 1.959 1.983 2.008
0.369 0.295 0.450 0.434 0.367 0.471 0.523 0.545 0.558 0.630 0.652 0.574 0.646 0.638 0.650 1.062 1.090 0.655 0.666 1.172 0.710 0.952 0.734 0.786 0.888 0.840 1.326 1.346 1.366 1.385 1.026 1.038 1.444 1.463 1.483 1.500 1.505 0.995 1.517 1.522 1.528 1.533 1.539 1.545 1.554 1.562 1.571 1.580 1.589 1.597 1.606 1.614 1.623 1.631 1.640 1.649 1.657 1.665 1.674 1.682 1.691 1.702 1.714 1.726 1.737 1.749 1.773 1.797 1.821 1.846 1.870 1.895 1.919 1.944 1.968 1.993 2.017
0.371 0.347 0.402 0.476 0.489 0.432 0.504 0.466 0.599 0.621 0.653 0.685 0.647 0.699 0.781 0.713 0.744 0.626 0.568 0.620 1.002 0.704 1.249 0.778 0.860 0.932 0.843 1.358 1.378 1.397 1.416 1.436 0.980 1.475 1.494 1.512 1.518 1.524 1.530 1.535 1.541 1.546 1.553 1.562 1.571 1.579 1.588 1.597 1.605 1.614 1.623 1.631 1.640 1.648 1.657 1.665 1.674 1.682 1.691 1.699 1.707 1.716 1.724 1.735 1.747 1.759 1.782 1.806 1.831 1.855 1.880 1.904 1.929 1.953 1.978 2.002 2.026
0.344 0.339 0.374 0.548 0.540 0.503 0.565 0.498 0.630 0.482 0.634 0.606 0.689 0.720 0.732 0.654 0.726 0.658 0.771 0.752 0.764 0.765 0.617 0.870 0.941 0.923 1.347 1.369 1.389 1.409 1.029 1.040 1.468 1.487 1.506 1.525 1.531 1.537 1.542 1.548 1.553 1.561 1.570 1.579 1.587 1.596 1.605 1.614 1.622 1.631 1.639 1.648 1.656 1.665 1.673 1.682 1.690 1.699 1.707 1.716 1.724 1.733 1.741 1.749 1.758 1.769 1.791 1.816 1.840 1.865 1.889 1.914 1.938 1.963 1.987 2.011 2.036
0.327 0.463 0.426 0.459 0.441 0.575 0.636 0.589 0.581 0.654 0.606 0.678 0.740 0.741 0.703 0.615 0.598 0.690 0.802 0.763 0.795 0.757 0.779 0.771 1.308 1.024 1.352 0.927 1.398 1.420 1.441 1.460 1.479 1.498 1.518 1.537 1.544 1.549 1.555 1.561 1.570 1.578 1.587 1.596 1.604 1.613 1.622 1.630 1.639 1.648 1.656 1.665 1.673 1.682 1.690 1.699 1.707 1.716 1.724 1.732 1.741 1.749 1.758 1.766 1.774 1.783 1.801 1.825 1.850 1.874 1.899 1.923 1.948 1.972 1.996 2.021 2.045
0.340 0.454 0.437 0.480 0.383 0.456 0.488 0.490 0.472 0.685 0.737 0.689 0.601 0.583 0.575 0.527 0.670 0.701 0.753 0.695 0.777 0.869 0.900 0.802 1.313 1.335 0.946 0.988 1.403 1.426 1.448 1.470 1.491 1.510 1.529 1.548 1.556 1.562 1.569 1.578 1.586 1.595 1.604 1.612 1.621 1.630 1.638 1.647 1.656 1.664 1.673 1.681 1.690 1.698 1.707 1.715 1.724 1.732 1.741 1.749 1.757 1.766 1.774 1.783 1.791 1.799 1.817 1.838 1.860 1.884 1.908 1.933 1.957 1.981 2.006 2.030 2.055
0.402 0.525 0.389 0.542 0.505 0.557 0.489 0.511 0.614 0.506 0.568 0.640 0.553 0.685 0.617 0.689 0.621 1.147 0.724 0.736 0.838 0.980 0.951 0.923 0.885 0.916 1.008 1.387 1.409 1.431 1.453 1.475 1.497 1.520 1.541 1.560 1.569 1.577 1.586 1.594 1.603 1.612 1.621 1.629 1.638 1.646 1.655 1.664 1.672 1.681 1.690 1.698 1.707 1.715 1.723 1.732 1.740 1.749 1.757 1.766 1.774 1.782 1.791 1.799 1.807 1.816 1.832 1.854 1.875 1.897 1.919 1.942 1.967 1.991 2.015 2.040 2.064
0.394 0.437 0.400 0.473 0.466 0.598 0.630 0.482 0.645 0.557 0.500 0.573 0.715 0.587 0.739 0.981 0.813 0.744 0.736 0.767 0.789 0.781 0.853 0.944 0.856 0.777 1.029 1.392 1.414 1.436 1.459 1.481 0.925 1.525 1.547 1.569 1.585 1.594 1.603 1.611 1.620 1.629 1.637 1.646 1.655 1.663 1.672 1.680 1.689 1.698 1.706 1.715 1.723 1.732 1.740 1.749 1.757 1.765 1.774 1.782 1.790 1.799 1.807 1.816 1.824 1.832 1.847 1.869 1.891 1.912 1.934 1.956 1.978 2.000 2.025 2.049 2.074
0.556 0.379 0.402 0.475 0.497 0.659 0.631 0.554 0.537 0.589 0.512 0.825 0.647 0.709 0.681 0.712 0.764 0.745 0.757 0.709 0.931 0.802 0.894 0.885 0.837 0.929 1.375 1.398 1.420 1.442 1.464 1.486 1.509 1.530 1.553 1.576 1.594 1.606 1.619 1.628 1.637 1.645 1.654 1.663 1.671 1.680 1.689 1.697 1.706 1.714 1.723 1.732 1.740 1.748 1.757 1.765 1.774 1.782 1.790 1.799 1.807 1.815 1.824 1.832 1.840 1.849 1.862 1.884 1.906 1.928 1.949 1.971 1.993 2.015 2.036 2.059 2.083
0.389 0.421 0.494 0.606 0.678 0.500 0.542 0.466 0.599 0.471 0.454 0.627 0.688 0.570 0.732 0.714 0.835 0.877 0.759 0.781 0.822 0.834 0.915 0.817 0.989 0.790 1.021 1.403 1.425 1.035 1.470 1.492 1.514 1.537 1.560 1.584 1.602 1.615 1.627 1.640 1.653 1.662 1.671 1.679 1.688 1.697 1.705 1.714 1.722 1.731 1.740 1.748 1.757 1.765 1.773 1.782 1.790 1.799 1.807 1.815 1.824 1.832 1.840 1.848 1.857 1.865 1.877 1.899 1.921 1.943 1.964 1.986 2.008 2.030 2.051 2.073 2.095
0.441 0.413 0.436 0.468 0.520 0.433 0.416 0.429 0.521 0.544 0.716 0.618 0.740 0.792 0.733 0.785 0.687 0.749 0.820 0.792 0.834 0.875 0.947 0.928 1.341 0.871 0.922 1.408 1.431 1.453 1.475 1.497 1.520 1.544 1.567 1.591 1.610 1.623 1.636 1.648 1.661 1.673 1.686 1.696 1.705 1.713 1.722 1.731 1.739 1.748 1.756 1.765 1.773 1.782 1.790 1.798 1.807 1.815 1.823 1.832 1.840 1.848 1.857 1.865 1.873 1.882 1.893 1.914 1.936 1.958 1.980 2.001 2.023 2.045 2.067 2.088 2.110
0.373 0.435 0.497 0.380 0.533 0.386 0.580 0.501 0.634 0.666 0.617 0.630 0.691 0.703 0.705 0.627 0.779 0.710 0.942 0.774 0.875 0.977 0.828 0.980 0.961 1.002 0.863 0.815 1.436 1.458 1.480 1.504 1.528 1.551 1.575 1.598 1.619 1.631 1.644 1.656 1.669 1.681 1.694 1.707 1.719 1.730 1.739 1.747 1.756 1.764 1.773 1.782 1.790 1.798 1.807 1.815 1.823 1.832 1.840 1.848 1.857 1.865 1.873 1.881 1.890 1.898 1.908 1.930 1.951 1.973 1.995 2.017 2.038 2.060 2.082 2.103 2.125
0.415 0.487 0.321 0.364 0.446 0.439 0.602 0.693 0.446 0.538 0.500 0.732 0.623 0.705 0.636 0.689 0.760 0.882 0.804 0.895 0.927 0.928 0.860 0.911 1.353 1.375 0.955 0.906 1.442 1.464 1.488 1.511 1.535 1.558 1.582 1.605 1.627 1.639 1.652 1.665 1.677 1.690 1.702 1.715 1.727 1.740 1.752 1.764 1.773 1.781 1.790 1.798 1.807 1.815 1.823 1.832 1.840 1.848 1.856 1.865 1.873 1.881 1.890 1.898 1.906 1.914 1.923 1.945 1.966 1.988 2.010 2.032 2.054 2.075 2.097 2.119 2.140
0.389 0.382 0.415 0.488 0.360 0.542 0.624 0.555 0.528 0.590 0.712 0.613 0.645 0.607 0.618 0.750 0.722 0.743 0.885 0.847 0.998 0.900 0.901 0.972 0.914 1.381 1.403 1.007 0.908 1.009 1.495 1.519 1.542 1.566 1.589 1.613 1.635 1.648 1.660 1.673 1.685 1.698 1.710 1.723 1.735 1.748 1.760 1.773 1.786 1.798 1.806 1.815 1.823 1.832 1.840 1.848 1.856 1.865 1.873 1.881 1.890 1.898 1.906 1.914 1.923 1.931 1.939 1.960 1.982 2.003 2.025 2.047 2.069 2.090 2.112 2.134 2.155
0.493 0.456 0.489 0.501 0.553 0.505 0.506 0.498 0.560 0.612 0.693 0.755 0.607 0.689 0.770 0.682 0.783 0.775 0.807 0.818 1.272 1.041 1.032 0.914 1.364 1.386 1.047 0.908 1.456 1.480 1.503 1.526 1.550 1.573 1.596 1.620 1.643 1.656 1.668 1.681 1.693 1.706 1.718 1.731 1.744 1.756 1.769 1.781 1.794 1.806 1.819 1.831 1.840 1.848 1.856 1.865 1.873 1.881 1.889 1.898 1.906 1.914 1.923 1.931 1.939 1.947 1.956 1.975 1.997 2.019 2.040 2.062 2.084 2.106 2.127 2.149 2.178
0.427 0.409 0.442 0.533 0.485 0.537 0.529 0.651 0.582 0.593 0.575 0.607 0.759 0.720 0.722 0.963 0.685 0.807 0.848 0.950 0.851 0.942 1.325 0.945 0.986 1.392 1.028 1.049 1.463 1.487 1.510 1.534 1.557 1.580 1.604 1.627 1.650 1.664 1.677 1.689 1.702 1.714 1.727 1.739 1.752 1.764 1.777 1.789 1.802 1.814 1.827 1.845 1.857 1.865 1.873 1.881 1.889 1.898 1.906 1.914 1.923 1.931 1.939 1.947 1.956 1.964 1.972 1.990 2.012 2.034 2.056 2.077 2.099 2.121 2.142 2.179 2.226
0.411 0.463 0.715 0.496 0.448 0.540 0.551 0.622 0.674 0.506 0.608 0.659 0.801 0.682 0.734 0.685 0.777 0.798 0.820 0.841 0.943 0.904 0.965 0.997 1.038 1.400 1.040 0.990 1.471 1.494 1.518 1.541 1.564 1.588 1.611 1.634 1.658 1.672 1.685 1.697 1.710 1.722 1.735 1.747 1.760 1.772 1.785 1.797 1.810 1.823 1.842 1.862 1.875 1.883 1.890 1.898 1.906 1.914 1.923 1.931 1.939 1.947 1.956 1.964 1.972 1.980 1.989 2.005 2.027 2.049 2.071 2.092 2.114 2.136 2.179 2.226 2.273
0.394 0.456 0.518 0.599 0.671 0.512 0.653 0.595 0.516 0.708 0.710 0.691 0.692 0.664 0.785 0.767 0.788 0.800 0.841 0.863 0.864 0.886 1.337 1.360 1.019 1.407 1.431 1.455 1.478 1.501 1.525 1.548 1.571 1.595 1.618 1.641 1.665 1.681 1.693 1.706 1.718 1.731 1.743 1.755 1.768 1.780 1.793 1.805 1.820 1.840 1.859 1.878 1.893 1.900 1.908 1.916 1.924 1.931 1.939 1.947 1.956 1.964 1.972 1.980 1.989 1.997 2.005 2.021 2.042 2.064 2.086 2.107 2.133 2.180 2.227 2.274 2.321
0.398 0.509 0.550 0.612 0.653 0.704 0.545 0.627 0.639 0.580 0.661 0.703 0.854 0.835 0.747 0.858 0.940 0.831 0.913 0.804 0.856 0.947 1.048 1.368 1.391 1.415 1.438 1.462 1.485 1.509 1.532 1.555 1.579 1.602 1.625 1.649 1.672 1.689 1.701 1.714 1.726 1.739 1.751 1.764 1.776 1.788 1.801 1.817 1.837 1.856 1.875 1.895 1.911 1.918 1.926 1.934 1.941 1.949 1.957 1.965 1.972 1.980 1.989 1.997 2.005 2.013 2.022 2.036 2.057 2.079 2.101 2.134 2.181 2.228 2.275 2.322 2.369
0.601 0.542 0.483 0.634 0.655 0.586 0.648 0.619 0.650 0.702 0.693 0.644 0.776 0.677 0.778 0.690 0.821 0.753 0.795 1.026 1.330 1.048 1.352 1.375 1.399 1.422 1.445 1.469 1.492 1.516 1.539 1.563 1.586 1.609 1.633 1.656 1.679 1.697 1.709 1.722 1.734 1.747 1.759 1.772 1.784 1.797 1.815 1.834 1.853 1.873 1.892 1.911 1.928 1.936 1.944 1.952 1.959 1.967 1.975 1.982 1.990 1.998 2.005 2.013 2.022 2.030 2.038 2.051 2.073 2.094 2.135 2.181 2.229 2.275 2.322 2.369 2.416
0.603 0.534 0.766 0.516 0.547 0.559 0.620 0.541 0.633 0.654 0.685 0.616 0.718 0.849 0.591 0.722 0.694 0.905 0.936 0.987 0.968 0.960 0.961 1.385 1.407 1.429 1.453 1.476 1.500 1.523 1.546 1.570 1.593 1.616 1.640 1.663 1.686 1.705 1.718 1.730 1.743 1.755 1.767 1.780 1.793 1.812 1.831 1.850 1.870 1.889 1.908 1.928 1.946 1.954 1.962 1.969 1.977 1.985 1.992 2.000 2.008 2.015 2.023 2.031 2.039 2.046 2.054 2.066 2.088 2.135 2.182 2.229 2.276 2.323 2.370 2.417 2.464
