includes/camargue/floodfiles/results/res-0012.wdfp
ncols         906
nrows         631
xllcorner     362177.146667
yllcorner     6534725.688020
cellsize      20.000000
NODATA_value  -9999.000000
[rows 340 to 373 of 631, columns 693 to 769 of 906]
1.436 1.336 0.406 0.716 0.526 0.346 0.000 0.000 0.000 0.000 0.000 0.000 0.000 0.000 0.621 0.000 0.025 0.085 0.000 0.124 0.525 0.285 0.105 0.000 0.054 1.264 1.454 1.434 1.394 1.254 1.264 1.284 0.000 0.000 0.000 0.009 0.000 0.427 1.117 1.167 0.217 0.007 0.946 0.796 0.036 0.016 0.266 0.000 0.223 0.843 0.563 0.793 1.133 0.953 0.663 0.403 0.913 0.763 0.933 0.963 0.983 0.713 1.033 1.073 1.173 1.043 0.993 1.153 1.223 1.083 1.063 0.893 0.063 0.000 1.033 1.103 1.053
1.506 0.336 0.626 0.646 0.606 0.956 0.726 0.256 0.536 0.436 0.616 0.000 0.191 0.000 2.961 0.000 0.000 0.000 0.004 0.153 0.004 0.076 0.023 1.294 1.394 1.274 1.114 1.324 1.344 1.304 1.434 1.444 0.143 0.000 0.000 0.000 0.000 0.000 0.000 0.417 0.086 0.174 0.000 0.095 0.000 0.054 0.144 0.323 0.803 0.193 0.093 0.203 0.373 0.433 0.883 1.053 1.023 0.553 0.833 0.953 1.063 0.953 1.243 0.893 1.103 0.943 1.113 0.993 1.003 1.073 1.123 0.993 0.053 0.000 0.783 1.083 0.893
0.586 0.736 0.726 0.676 0.666 0.816 0.426 0.596 0.526 0.696 0.776 0.000 0.000 0.340 0.151 0.092 0.000 0.133 0.054 0.038 0.103 0.383 0.000 0.000 0.000 0.000 0.464 0.000 0.000 0.115 0.000 0.000 0.032 0.064 0.000 0.000 0.002 0.000 0.000 0.000 0.000 0.113 0.263 0.233 0.043 0.063 0.333 0.163 0.163 0.523 0.823 0.943 0.833 0.843 0.933 1.053 0.983 1.213 0.803 1.023 0.863 0.993 0.493 0.993 0.873 0.983 0.973 0.993 1.153 1.073 0.943 0.743 1.033 0.603 1.233 0.000 1.363
1.406 0.796 0.626 0.646 0.756 1.426 0.516 0.426 0.586 0.736 1.136 0.180 0.000 1.860 0.000 0.313 0.953 0.813 0.623 0.393 0.663 0.673 0.383 0.193 0.163 0.084 0.087 0.303 0.523 0.144 0.273 0.223 0.513 0.383 0.413 0.593 0.443 0.393 0.413 0.000 0.203 0.273 0.623 1.013 0.693 0.653 0.273 0.063 0.483 0.993 0.823 1.003 0.953 0.913 1.103 1.043 0.933 0.803 0.823 0.873 1.173 0.983 0.893 0.603 0.803 0.993 1.003 0.963 0.943 0.993 0.703 1.073 1.123 0.183 1.193 0.000 1.283
0.746 0.000 0.716 0.606 0.696 0.686 0.566 0.706 0.746 0.726 1.066 0.224 0.569 1.610 0.511 0.000 0.973 0.983 1.123 1.093 1.193 1.203 1.253 1.253 1.003 1.063 0.823 1.253 1.203 1.093 1.113 1.213 1.103 1.213 1.103 1.173 1.103 0.823 1.143 0.693 0.693 0.523 0.953 0.883 0.963 1.053 1.123 1.113 0.423 1.083 1.133 0.973 1.063 0.953 1.233 1.093 1.063 0.933 0.383 0.913 0.953 1.053 0.933 0.673 1.153 0.983 1.083 1.263 0.643 0.433 0.793 1.003 0.853 0.843 0.000 0.933 0.973
0.836 0.116 0.000 2.006 1.396 0.000 0.586 0.556 0.616 0.886 0.616 0.000 2.819 0.000 0.532 0.913 1.023 1.093 1.093 1.183 1.363 1.293 1.253 1.363 1.343 1.313 0.903 1.333 1.113 1.183 1.173 1.303 1.283 1.263 1.283 1.333 1.093 1.653 1.243 1.073 1.053 1.193 0.983 1.013 1.193 1.233 1.143 1.143 0.483 1.023 1.083 1.103 1.053 0.933 1.343 1.073 1.083 0.973 0.423 0.883 0.933 1.053 0.923 0.773 0.543 0.813 0.883 0.833 0.993 1.023 0.593 1.053 0.983 0.000 1.023 0.643 0.703
0.726 0.796 0.696 0.746 0.726 0.396 0.000 2.096 1.826 0.000 0.000 0.000 0.369 2.089 0.000 1.123 1.193 1.123 1.163 1.113 1.513 1.313 1.343 1.263 1.243 1.213 1.093 1.173 1.143 1.173 1.233 1.223 1.313 1.413 1.333 1.683 1.333 1.613 1.193 1.233 1.023 1.373 1.243 1.123 1.373 1.123 1.083 1.103 0.613 1.123 1.033 1.043 1.063 0.973 1.193 1.103 1.293 1.073 1.393 0.873 1.093 0.813 1.013 0.873 0.863 0.773 0.913 0.833 1.013 1.123 1.073 0.833 0.000 0.000 1.103 0.673 0.773
0.716 0.856 0.696 0.696 0.806 1.796 1.846 1.756 0.656 0.458 0.000 1.505 0.000 0.129 0.000 0.923 1.163 1.173 1.113 1.093 1.643 1.273 1.253 1.193 0.733 0.943 0.803 1.283 1.153 1.273 1.223 1.263 1.323 1.273 1.363 1.643 1.203 1.343 1.253 1.413 1.153 1.123 1.143 1.073 1.163 1.013 1.093 1.133 0.683 1.093 0.943 1.053 1.123 1.133 1.063 1.133 1.183 1.133 1.003 0.923 1.003 1.003 0.973 1.013 1.023 0.863 1.023 0.993 1.023 1.073 0.943 1.213 0.973 1.303 0.983 0.863 0.943
0.776 0.686 0.746 0.796 1.776 1.416 1.436 0.806 0.967 0.570 0.603 2.456 0.000 0.000 0.000 1.093 1.143 1.193 1.043 1.113 1.603 1.023 1.163 1.223 1.123 0.933 0.803 1.203 1.173 1.233 1.283 1.233 1.383 1.303 1.323 1.563 1.093 1.323 1.133 1.303 1.053 1.083 1.003 1.093 1.183 1.143 1.063 1.163 0.573 1.143 1.123 1.133 1.163 1.183 1.103 1.143 1.163 1.313 0.993 0.373 0.943 1.093 0.893 1.063 0.943 0.723 1.143 0.923 1.013 1.083 1.293 0.000 0.000 1.293 0.893 0.943 1.033
0.686 0.766 0.666 0.966 0.536 0.616 0.666 0.956 0.687 1.840 0.833 2.166 0.003 0.861 0.020 1.133 1.053 1.083 1.023 1.023 1.793 1.173 1.213 1.163 1.073 1.053 0.933 1.093 1.273 1.273 1.233 1.253 1.323 1.293 1.183 1.203 1.153 1.253 1.103 1.143 0.973 0.973 1.023 1.003 1.143 1.143 1.063 1.133 0.703 1.173 1.113 1.113 1.233 1.503 0.953 1.123 1.053 1.153 1.163 0.903 0.923 0.993 1.073 1.003 0.923 0.783 0.943 0.973 1.123 0.093 1.463 0.000 1.423 1.383 0.893 0.963 0.973
0.776 0.786 0.786 0.926 0.836 1.006 1.536 1.246 0.646 0.150 0.286 0.911 0.741 0.091 0.000 1.013 1.123 1.083 1.253 1.063 1.943 1.163 1.313 1.123 0.833 0.713 1.043 1.103 1.313 1.213 1.233 1.173 1.323 1.163 1.153 1.183 1.213 1.043 1.063 1.173 1.033 1.093 0.973 1.033 1.093 1.183 0.983 1.013 0.793 1.293 1.163 1.173 1.233 1.443 1.013 1.103 1.053 1.153 1.243 1.023 1.103 0.873 1.033 1.073 1.153 1.063 0.993 1.333 0.103 1.313 0.963 1.283 1.443 1.083 0.973 1.023 0.913
0.706 0.495 0.856 0.786 1.536 1.406 1.766 1.176 0.796 0.136 0.000 1.707 0.000 0.000 0.000 0.073 1.103 1.123 1.063 1.023 1.753 1.123 1.083 1.163 0.853 1.123 1.203 1.293 1.283 1.323 1.233 1.093 1.233 1.143 1.083 1.013 1.173 1.153 0.973 1.033 1.183 0.973 1.063 1.133 0.993 1.363 1.233 1.003 0.803 1.083 1.193 1.233 1.213 1.293 0.993 1.043 1.033 1.153 1.173 1.123 0.793 1.133 1.143 1.223 1.053 1.023 0.000 1.283 0.000 1.163 0.883 0.853 0.733 0.933 0.773 0.823 0.803
0.395 0.525 0.495 0.585 0.665 0.585 0.865 1.145 0.535 0.345 0.000 2.768 0.000 0.000 0.292 0.000 0.693 1.093 1.083 1.113 1.453 1.083 1.173 0.833 0.703 0.923 1.483 1.373 1.673 1.083 1.243 1.133 1.193 1.123 1.063 0.793 1.133 1.023 0.973 1.043 1.073 0.993 1.023 1.133 1.403 1.093 1.043 1.123 0.743 1.243 1.173 1.133 1.143 1.003 1.083 1.063 1.103 1.253 1.323 1.213 0.613 0.873 1.233 1.053 1.273 0.933 0.000 0.000 1.253 1.233 0.753 0.323 0.523 0.303 0.773 1.013 0.713
1.794 0.605 0.575 0.615 0.955 0.745 1.315 0.625 1.455 0.385 0.000 2.398 0.128 0.000 1.552 0.262 0.000 1.073 1.073 1.133 1.183 1.083 0.793 0.983 0.843 1.293 1.703 1.333 1.693 1.073 1.153 1.233 1.223 1.103 1.143 0.933 1.213 1.003 0.993 1.003 1.253 0.923 1.053 1.463 1.003 1.093 1.173 1.173 0.973 1.153 1.103 1.153 1.173 1.123 1.073 1.153 1.043 1.133 1.173 1.163 1.003 0.973 0.963 1.093 1.083 0.893 0.000 0.000 1.293 1.343 0.513 0.493 0.863 0.503 0.923 0.923 0.873
0.471 0.001 0.124 1.604 1.494 1.254 0.874 0.624 0.000 0.004 0.000 2.748 0.000 0.000 1.542 1.522 0.292 0.000 1.053 1.123 1.103 1.253 0.743 0.963 1.063 1.263 1.833 1.473 1.593 1.253 1.173 1.193 1.183 1.123 1.193 0.933 1.083 1.063 0.913 1.013 1.153 0.923 0.873 1.173 0.963 1.033 1.253 1.243 1.053 1.113 1.263 1.213 1.153 1.043 1.163 1.223 1.063 1.193 1.193 1.163 1.003 1.043 1.193 1.113 1.093 1.063 0.000 0.000 1.123 1.053 0.413 0.733 0.843 0.913 1.073 0.973 0.913
0.580 0.601 0.612 0.583 0.674 0.664 0.574 0.664 0.414 0.000 0.000 1.631 0.051 1.722 1.202 1.332 1.482 0.452 0.000 0.763 1.113 1.143 0.903 0.903 1.113 1.153 1.443 1.423 1.413 1.213 1.153 1.283 1.163 1.133 1.213 0.873 1.083 1.143 1.123 0.913 1.123 1.483 0.643 1.013 1.123 1.103 1.193 1.103 0.993 1.223 1.163 1.153 1.243 1.103 1.123 1.303 1.453 1.233 1.253 1.283 1.073 0.853 1.083 1.003 1.053 0.983 0.133 1.073 1.273 0.743 1.023 0.853 1.083 1.103 1.003 0.933 0.803
0.000 0.441 0.462 0.623 0.583 0.573 0.503 0.523 0.463 0.000 0.000 1.647 2.431 1.662 1.502 0.982 1.212 1.442 0.692 0.000 0.993 1.063 1.063 1.013 1.163 1.303 1.363 1.323 1.343 1.353 1.313 1.223 1.183 1.133 1.143 0.823 1.113 1.203 1.103 1.153 1.253 1.043 0.823 1.093 1.153 1.113 1.113 1.103 1.073 1.173 1.193 1.193 1.293 1.123 1.073 1.223 1.373 1.243 1.143 1.213 1.193 0.493 1.153 1.023 1.003 0.000 1.133 0.000 0.973 1.123 1.063 0.903 1.123 0.553 0.253 0.903 0.733
0.416 0.570 0.521 0.632 0.633 0.543 0.563 0.693 0.603 0.000 1.670 0.320 0.000 1.672 1.172 1.512 1.582 1.002 1.272 0.682 0.663 0.913 1.063 0.963 0.833 1.243 1.373 1.213 1.263 1.303 1.283 1.203 1.143 1.253 1.263 1.023 1.283 1.233 1.143 0.883 1.083 1.053 0.963 1.173 1.243 1.173 1.093 1.013 1.173 1.173 1.363 1.353 1.263 1.133 1.073 1.603 1.313 1.203 1.163 1.143 1.233 0.503 1.023 0.163 0.002 0.524 0.000 1.173 0.653 1.063 0.993 1.003 1.043 0.993 0.423 0.943 0.000
0.535 0.128 0.481 0.622 0.752 0.713 0.653 0.723 0.223 0.066 1.684 0.371 0.000 1.702 1.542 1.322 1.272 1.362 0.982 1.292 1.023 1.443 1.633 1.393 1.113 1.443 1.343 1.243 1.313 1.333 1.333 1.193 1.233 1.283 1.353 1.073 1.133 1.243 1.093 1.203 1.133 1.123 1.083 1.143 1.213 1.103 1.063 1.133 1.213 1.183 1.513 1.183 1.233 1.213 1.113 1.253 1.343 1.423 1.223 1.173 1.193 1.093 0.343 0.000 0.504 0.000 1.213 1.313 0.923 1.163 0.993 0.923 0.973 1.023 0.853 0.000 0.000
0.635 0.625 0.417 0.247 0.178 0.198 0.169 0.129 0.000 2.941 0.711 0.261 0.000 1.472 1.092 1.422 1.242 1.282 1.472 1.152 1.352 0.943 0.623 1.033 0.743 1.443 1.333 1.203 1.303 1.283 1.383 1.273 1.223 1.293 1.293 1.133 1.163 1.313 1.423 1.243 1.133 1.153 1.013 1.243 1.293 1.193 1.063 1.283 1.223 1.283 1.343 1.233 1.143 1.203 1.163 1.203 1.213 1.293 1.353 1.223 1.283 1.123 1.003 0.000 0.000 1.133 1.143 1.243 1.083 1.053 0.883 0.893 0.903 0.363 0.000 0.000 0.000
0.284 0.455 0.455 0.505 0.365 0.395 0.575 0.625 0.000 1.721 0.081 0.261 1.252 1.622 0.732 1.232 1.442 1.052 1.172 1.482 0.952 0.813 0.000 0.000 1.233 1.323 1.323 1.303 1.273 1.333 1.413 1.303 1.293 1.403 1.333 1.203 1.193 1.133 0.893 1.133 1.173 1.173 1.073 1.143 1.223 1.243 1.133 1.173 1.293 1.253 1.413 1.353 1.243 1.233 1.123 1.123 1.223 1.143 1.463 1.143 1.133 1.133 0.523 0.000 0.000 0.303 1.383 1.183 0.483 1.023 0.923 1.283 1.083 0.743 0.000 0.000 0.000
0.824 0.564 0.654 0.544 0.444 0.554 0.714 0.000 1.745 0.042 0.042 0.001 1.812 1.342 0.852 0.902 1.152 1.222 0.822 1.212 1.522 0.000 1.313 0.333 0.000 1.533 1.243 1.193 1.293 1.243 1.413 1.343 1.373 1.323 1.373 1.213 1.163 1.223 0.943 1.223 1.093 1.213 1.063 1.183 1.203 1.273 1.153 1.223 1.203 1.203 1.213 1.333 1.173 1.263 1.193 1.043 1.223 1.133 1.393 1.123 1.123 1.163 0.000 0.303 0.433 0.303 1.403 0.303 0.083 0.973 0.953 1.243 0.633 0.000 0.000 0.000 0.001
0.854 0.724 0.734 0.584 0.484 0.424 0.644 0.000 1.761 0.642 0.172 0.000 1.632 1.272 1.172 1.192 0.802 1.082 1.342 0.792 1.362 0.000 1.733 1.613 1.053 0.000 0.583 0.983 1.303 1.363 1.423 1.463 1.443 1.303 1.193 1.253 1.183 0.973 0.903 1.363 1.113 1.243 1.173 1.293 1.243 1.303 1.363 1.333 1.163 1.283 1.323 1.253 1.263 1.283 1.433 1.173 1.213 1.073 1.183 1.213 1.163 0.000 0.001 0.683 1.023 0.503 0.863 0.813 0.403 0.973 0.343 0.093 0.000 0.000 0.001 0.000 0.000
0.693 0.804 0.444 0.424 0.604 0.244 0.000 1.683 0.000 0.222 0.332 0.282 0.972 1.222 1.442 1.052 0.892 0.972 0.882 1.432 1.042 0.000 1.613 0.593 1.043 0.563 0.563 0.000 1.343 1.293 1.253 1.433 1.293 1.213 1.143 1.273 1.153 0.933 1.003 1.193 1.143 1.113 1.143 1.293 1.253 1.223 1.413 1.183 1.233 1.253 1.283 1.283 1.363 1.273 1.463 1.133 1.453 0.583 0.000 0.363 0.303 0.323 0.253 0.373 0.403 0.123 0.783 0.433 1.063 1.463 0.000 0.000 0.000 0.001 0.000 0.000 0.000
0.853 0.573 0.324 0.604 0.594 0.743 0.056 1.701 0.138 0.012 0.000 0.008 0.262 1.172 1.282 1.462 1.152 1.112 1.142 1.092 1.902 0.000 1.743 0.523 1.183 0.873 1.663 0.853 0.000 1.693 1.293 1.233 1.363 1.313 1.223 1.283 1.083 1.003 0.993 1.243 1.223 1.203 1.323 1.453 1.343 1.183 1.373 0.953 1.173 1.363 1.283 1.203 1.223 1.403 0.000 0.103 0.313 0.000 0.000 0.000 1.433 1.283 1.393 1.413 0.000 0.143 0.000 0.713 0.803 0.653 0.002 0.000 0.001 0.000 0.000 0.000 0.000
0.000 0.000 0.000 0.074 0.843 0.000 0.751 0.000 0.009 0.000 0.120 0.025 0.000 0.199 1.602 1.402 1.582 1.262 1.352 1.362 1.142 1.053 1.733 0.503 1.243 1.633 1.773 1.733 1.703 0.483 0.213 1.263 1.323 1.283 1.233 1.503 1.023 1.253 1.133 1.193 1.363 1.243 1.403 1.303 1.223 1.193 1.263 0.573 1.093 1.353 0.803 0.000 0.183 0.433 0.533 0.393 0.343 0.163 1.523 0.153 0.243 0.000 0.383 0.733 0.383 0.000 0.663 0.393 0.243 0.000 0.000 0.000 0.000 0.000 0.000 0.000 0.000
0.162 0.281 0.461 0.441 0.000 0.000 0.769 0.000 0.000 0.002 0.006 0.000 0.138 0.205 0.094 1.302 1.202 1.342 0.792 1.542 0.000 1.743 1.833 0.753 1.313 1.713 1.703 1.613 1.613 1.393 0.993 0.000 1.493 1.213 1.213 1.493 1.053 1.383 1.253 1.303 1.593 1.383 1.513 1.283 1.013 0.973 1.393 0.000 0.313 0.303 0.000 0.000 0.033 0.423 0.343 0.383 0.483 1.293 0.000 0.673 0.613 0.793 1.263 0.423 0.303 0.853 0.673 0.313 0.000 0.001 0.000 0.000 0.000 0.000 0.000 0.000 0.000
0.325 0.380 0.260 0.000 0.000 0.794 0.787 1.711 1.621 1.771 0.087 0.063 0.189 0.161 0.067 0.000 1.102 1.222 1.432 1.052 0.000 1.613 1.773 0.783 1.383 1.643 1.523 1.693 0.893 1.513 1.443 1.373 1.333 1.193 0.000 0.000 1.263 1.493 1.373 1.113 1.553 1.123 1.253 0.803 0.000 0.293 0.343 0.000 0.033 0.293 0.153 0.000 0.000 0.000 0.443 0.000 1.623 0.000 1.073 0.893 1.193 0.833 0.593 0.693 0.000 0.513 0.433 0.000 0.000 0.000 0.000 0.000 0.000 0.000 0.000 0.031 0.000
0.613 0.277 0.132 0.000 0.203 0.812 0.000 0.000 0.000 0.000 0.000 2.672 0.000 1.677 0.102 0.023 0.072 0.942 1.132 1.612 0.000 1.663 0.663 1.303 0.883 1.723 0.813 1.633 1.053 1.463 1.333 1.283 1.303 1.333 1.403 1.483 1.473 1.543 0.933 0.000 0.000 0.000 0.000 0.000 0.761 0.000 0.000 0.000 0.000 0.043 0.293 0.233 0.243 0.000 1.173 1.023 0.001 1.033 1.263 0.883 0.583 0.503 0.213 0.433 0.273 0.243 0.000 0.000 0.000 0.000 0.000 0.000 0.000 0.000 0.031 0.000 0.000
0.172 0.433 0.282 0.000 0.762 0.000 0.000 0.274 0.374 0.000 0.000 0.782 2.052 0.325 0.000 0.000 0.042 0.212 0.000 1.642 0.843 1.723 0.803 1.453 0.893 1.833 0.893 1.783 1.073 1.423 1.333 1.373 1.343 1.413 1.533 1.373 1.493 1.393 0.000 0.463 0.002 0.000 0.000 0.000 0.000 0.000 0.042 0.000 0.000 0.000 0.000 1.383 0.673 0.113 0.000 0.913 1.083 1.143 0.593 0.293 0.083 0.603 0.443 0.343 0.353 0.000 0.000 0.000 0.000 0.000 0.000 0.000 0.032 0.000 0.000 0.000 0.000
0.091 0.377 0.152 0.781 1.787 0.000 0.000 0.114 0.284 0.000 0.302 0.352 0.292 0.000 1.962 0.000 0.742 0.092 0.182 0.122 0.000 1.353 1.763 1.643 1.393 1.623 1.473 1.623 1.453 1.633 0.953 1.383 1.323 1.453 1.473 1.163 0.000 2.543 2.173 2.263 0.282 0.022 0.000 0.102 1.672 2.142 2.372 2.072 0.000 1.432 0.000 0.000 0.000 0.363 0.773 0.763 0.763 1.123 0.703 0.673 0.653 0.703 0.024 0.000 0.000 0.000 0.000 0.000 0.000 0.000 0.000 0.022 0.012 0.000 0.000 0.071 0.000
0.255 0.237 0.000 0.701 0.000 0.000 0.000 0.000 0.000 1.162 0.292 0.342 0.452 0.372 0.000 0.000 2.832 1.682 0.112 2.633 2.763 1.293 2.143 2.663 0.723 0.573 0.193 0.222 0.220 0.019 0.000 0.000 0.000 0.057 0.217 0.139 1.262 0.652 0.552 0.782 1.042 0.872 1.062 1.112 1.092 1.042 0.962 0.000 0.032 0.072 0.000 0.463 0.693 1.283 0.903 0.673 0.363 0.623 0.723 0.763 0.673 0.523 0.000 0.000 0.001 0.000 0.000 0.000 0.000 0.000 0.000 0.000 0.000 0.000 0.061 0.000 0.000
0.338 0.176 0.670 0.669 0.000 0.223 0.043 0.000 0.188 0.110 0.382 0.452 0.332 0.272 0.234 0.158 0.024 0.152 0.292 0.303 0.283 0.203 0.083 0.000 0.173 1.843 0.153 0.000 0.758 2.418 1.278 0.698 0.508 2.158 0.319 2.329 0.000 0.181 0.071 0.972 1.212 1.052 1.132 1.022 1.012 0.472 0.282 0.172 0.272 0.882 1.022 0.442 0.033 0.001 0.203 0.193 0.193 0.503 0.553 0.573 0.343 0.000 0.000 0.001 0.000 0.000 0.000 0.000 0.000 0.000 0.000 0.000 0.013 0.073 0.000 0.000 0.000
0.268 0.000 0.678 0.000 0.000 1.103 0.513 0.000 0.198 0.308 0.321 0.302 0.302 0.352 0.105 0.281 0.116 0.361 0.271 0.000 0.000 0.213 0.063 0.000 0.413 0.113 2.392 2.822 0.000 0.547 0.367 0.000 0.000 0.000 0.317 0.096 0.126 0.137 0.350 0.852 1.142 1.072 1.132 1.022 0.062 0.442 0.222 0.462 0.792 0.802 0.532 0.492 0.412 0.293 0.413 0.433 0.103 0.353 0.253 0.093 0.000 0.000 0.001 0.000 0.000 0.000 0.000 0.000 0.000 0.000 0.000 0.000 0.103 0.063 0.000 0.035 0.115
