includes/camargue/floodfiles/results/res-0011.wd
ncols         906
nrows         631
xllcorner     362177.146667
yllcorner     6534725.688020
cellsize      20.000000
NODATA_value  -9999.000000
[rows 374 to 407 of 631, columns 616 to 692 of 906]
0.000 0.000 0.000 0.000 0.000 0.000 0.000 0.000 0.000 0.000 0.000 0.000 0.021 0.000 0.011 0.000 0.051 0.000 0.000 0.000 0.000 0.061 0.000 0.000 0.000 0.011 0.000 0.248 0.088 0.138 0.088 0.000 0.005 0.029 0.000 0.014 0.000 0.003 0.005 0.004 0.007 0.000 0.002 0.108 0.023 0.052 0.179 0.061 0.028 0.270 0.062 0.085 0.085 0.106 0.076 0.028 0.030 0.038 0.050 0.050 0.027 0.000 0.051 0.000 0.000 0.000 0.052 0.000 0.000 0.000 0.000 0.669 0.000 0.011 0.000 0.001 0.000
0.031 0.000 0.011 0.000 0.302 0.000 0.000 0.000 0.000 0.000 0.000 0.000 0.000 0.000 0.000 0.000 0.000 0.001 0.000 0.000 0.000 0.000 0.000 0.000 0.000 0.014 0.017 0.012 0.258 0.048 0.048 0.000 0.031 0.020 0.060 0.004 0.003 0.003 0.006 0.000 0.006 0.009 0.007 0.015 0.043 0.000 0.074 0.047 0.296 0.111 0.095 0.037 0.037 0.141 0.000 0.043 0.047 0.077 0.036 0.031 0.002 0.000 0.000 0.000 0.000 0.013 0.000 0.000 0.000 0.000 0.000 0.000 0.000 0.000 0.000 0.001 0.000
0.000 0.001 0.000 0.000 0.000 0.000 0.000 0.017 0.000 0.000 0.000 0.000 0.000 0.081 0.000 0.000 0.000 0.000 0.000 0.000 0.000 0.000 0.000 0.000 0.000 0.000 0.017 0.000 0.000 0.000 0.107 0.008 0.004 0.008 0.015 0.011 0.011 0.001 0.003 0.123 0.002 0.013 0.024 0.032 0.069 0.157 0.069 0.101 0.177 0.028 0.010 0.094 0.096 0.117 0.000 0.044 0.075 0.006 0.047 0.021 0.003 0.000 0.051 0.111 0.000 0.043 0.000 0.000 0.000 0.000 0.000 0.000 0.000 0.000 0.000 0.000 0.000
0.000 0.000 0.000 0.000 0.000 0.017 0.017 0.087 0.057 0.000 0.000 0.000 0.000 0.000 0.000 0.021 0.000 0.000 0.000 0.000 0.000 0.000 0.000 0.000 0.055 0.000 0.011 0.136 0.000 0.000 0.000 0.004 0.008 0.072 0.014 0.015 0.029 0.038 0.009 0.011 0.002 0.000 0.005 0.113 0.047 0.046 0.259 0.083 0.052 0.045 0.081 0.070 0.012 0.048 0.068 0.107 0.046 0.035 0.055 0.035 0.000 0.000 0.000 0.000 0.000 0.093 0.000 0.051 0.000 0.000 0.000 0.000 0.000 0.000 0.000 0.000 0.418
0.000 0.000 0.000 0.043 0.013 0.000 0.017 0.000 0.006 0.000 0.041 0.141 0.000 0.132 0.032 0.000 0.011 0.000 0.091 0.000 0.000 0.000 0.025 0.035 0.075 0.000 0.206 0.017 0.000 0.000 0.000 0.004 0.040 0.000 0.009 0.007 0.006 0.017 0.008 0.013 0.049 0.033 0.080 0.068 0.081 0.046 0.071 0.028 0.012 0.043 0.083 0.335 0.073 0.082 0.056 0.124 0.038 0.050 0.000 0.024 0.000 0.000 0.002 0.052 0.000 0.001 0.000 0.000 0.000 0.000 0.000 0.000 0.000 0.000 0.000 0.000 0.414
0.000 0.000 0.000 0.000 0.043 0.000 0.000 0.000 0.075 0.001 0.000 0.000 0.000 0.072 0.000 0.000 0.000 0.000 0.000 0.000 0.115 0.055 0.105 0.000 0.000 0.051 0.000 0.012 0.269 0.000 0.000 0.004 0.002 0.002 0.014 0.021 0.045 0.012 0.042 0.024 0.093 0.063 0.011 0.131 0.095 0.031 0.060 0.147 0.064 0.166 0.081 0.074 0.135 0.029 0.180 0.009 0.016 0.027 0.000 0.033 0.000 0.000 0.000 0.000 0.000 0.013 0.000 0.001 0.000 0.000 0.000 0.000 0.000 0.000 0.000 0.339 0.837
0.021 0.000 0.061 0.000 0.053 0.000 0.003 0.154 0.002 0.000 0.121 0.000 0.000 0.000 0.000 0.000 0.000 0.000 0.001 0.085 0.095 0.000 0.000 0.000 0.000 0.000 0.000 0.013 0.018 0.000 0.000 0.003 0.050 0.001 0.000 0.000 0.000 0.054 0.100 0.027 0.000 0.067 0.055 0.236 0.052 0.045 0.148 0.038 0.048 0.077 0.172 0.031 0.078 0.018 0.011 0.042 0.008 0.019 0.158 0.088 0.000 0.000 0.000 0.033 0.000 0.000 0.000 0.000 0.061 0.000 0.000 0.000 0.000 0.000 0.000 0.292 0.000
0.000 0.001 0.000 0.000 0.083 0.001 0.001 0.000 0.035 0.002 0.000 0.000 0.000 0.000 0.001 0.000 0.031 0.000 0.001 0.002 0.000 0.000 0.000 0.000 0.031 0.101 0.000 0.000 0.018 0.000 0.014 0.004 0.003 0.000 0.001 0.000 0.028 0.050 0.000 0.012 0.038 0.068 0.109 0.006 0.056 0.058 0.096 0.032 0.072 0.034 0.170 0.183 0.046 0.022 0.011 0.037 0.065 0.027 0.032 0.088 0.000 0.000 0.000 0.001 0.000 0.001 0.000 0.000 0.000 0.000 0.000 0.000 0.000 0.000 0.794 0.598 0.008
0.001 0.000 0.000 0.000 0.001 0.000 0.003 0.004 0.000 0.002 0.000 0.000 0.002 0.012 0.000 0.001 0.000 0.024 0.114 0.001 0.000 0.000 0.000 0.000 0.000 0.000 0.021 0.000 0.023 0.024 0.000 0.003 0.021 0.000 0.000 0.008 0.009 0.044 0.007 0.042 0.000 0.073 0.029 0.050 0.044 0.002 0.185 0.064 0.138 0.127 0.052 0.201 0.071 0.018 0.012 0.007 0.046 0.091 0.000 0.000 0.051 0.000 0.000 0.013 0.000 0.014 0.084 0.000 0.000 0.000 0.000 0.000 0.155 0.253 0.268 0.000 0.041
0.013 0.013 0.000 0.006 0.066 0.076 0.001 0.000 0.000 0.065 0.002 0.005 0.000 0.001 0.002 0.000 0.001 0.001 0.000 0.134 0.000 0.000 0.000 0.061 0.000 0.000 0.000 0.000 0.000 0.068 0.000 0.002 0.005 0.004 0.000 0.010 0.042 0.033 0.090 0.040 0.000 0.139 0.038 0.040 0.028 0.028 0.042 0.152 0.164 0.143 0.020 0.190 0.187 0.013 0.034 0.035 0.118 0.000 0.000 0.000 0.000 0.000 0.000 0.000 0.000 0.000 0.044 0.000 0.081 0.000 0.000 0.016 0.156 0.278 0.625 0.013 0.076
0.000 0.001 0.094 0.000 0.003 0.000 0.000 0.000 0.000 0.000 0.000 0.060 0.000 0.000 0.003 0.000 0.002 0.026 0.056 0.001 0.023 0.000 0.000 0.000 0.000 0.042 0.000 0.000 0.000 0.131 0.145 0.002 0.005 0.024 0.012 0.015 0.010 0.035 0.019 0.011 0.076 0.043 0.082 0.114 0.024 0.088 0.036 0.070 0.000 0.073 0.081 0.079 0.130 0.048 0.181 0.102 0.000 0.000 0.000 0.000 0.032 0.000 0.000 0.073 0.000 0.000 0.001 0.000 0.000 0.000 0.000 0.000 0.276 0.279 0.022 0.135 0.102
0.000 0.005 0.004 0.000 0.002 0.000 0.000 0.000 0.017 0.018 0.009 0.120 0.000 0.000 0.000 0.001 0.000 0.005 0.004 0.000 0.000 0.022 0.000 0.000 0.000 0.000 0.004 0.000 0.000 0.000 0.168 0.000 0.000 0.000 0.032 0.009 0.015 0.090 0.049 0.009 0.022 0.128 0.000 0.063 0.123 0.078 0.109 0.061 0.011 0.157 0.099 0.077 0.131 0.152 0.064 0.010 0.000 0.000 0.000 0.000 0.032 0.000 0.000 0.001 0.000 0.023 0.001 0.000 0.000 0.000 0.000 0.723 0.287 0.245 0.007 0.056 0.008
0.023 0.001 0.006 0.000 0.057 0.000 0.000 0.004 0.004 0.000 0.009 0.000 0.000 0.014 0.094 0.034 0.000 0.000 0.003 0.001 0.001 0.000 0.000 0.000 0.011 0.000 0.094 0.003 0.001 0.000 0.191 0.015 0.000 0.000 0.013 0.000 0.013 0.110 0.028 0.166 0.075 0.026 0.164 0.125 0.156 0.110 0.110 0.004 0.238 0.078 0.154 0.317 0.188 0.027 0.000 0.030 0.000 0.000 0.003 0.003 0.000 0.000 0.002 0.001 0.000 0.000 0.001 0.000 0.000 0.000 0.000 0.299 0.308 0.000 0.000 0.019 0.078
0.002 0.000 0.004 0.000 0.057 0.000 0.004 0.008 0.002 0.000 0.000 0.000 0.000 0.000 0.002 0.000 0.000 0.001 0.001 0.001 0.008 0.000 0.061 0.000 0.000 0.000 0.000 0.000 0.034 0.000 0.000 0.032 0.000 0.000 0.010 0.015 0.000 0.000 0.128 0.000 0.053 0.053 0.054 0.099 0.142 0.005 0.122 0.084 0.165 0.145 0.235 0.066 0.107 0.083 0.018 0.000 0.000 0.042 0.001 0.000 0.000 0.000 0.003 0.000 0.001 0.000 0.001 0.000 0.000 0.000 0.523 0.282 0.000 0.031 0.000 0.018 0.033
0.001 0.016 0.002 0.067 0.097 0.000 0.006 0.000 0.000 0.000 0.000 0.102 0.000 0.013 0.001 0.014 0.000 0.002 0.002 0.058 0.007 0.019 0.000 0.002 0.000 0.000 0.041 0.000 0.002 0.000 0.000 0.042 0.000 0.000 0.068 0.038 0.000 0.062 0.238 0.058 0.139 0.139 0.047 0.074 0.057 0.087 0.313 0.086 0.180 0.021 0.000 0.052 0.063 0.096 0.016 0.012 0.000 0.122 0.000 0.000 0.044 0.001 0.001 0.000 0.000 0.000 0.002 0.022 0.000 0.000 0.292 0.302 0.000 0.000 0.000 0.013 0.043
0.000 0.002 0.000 0.027 0.004 0.003 0.005 0.000 0.000 0.000 0.000 0.142 0.000 0.001 0.000 0.001 0.045 0.000 0.003 0.001 0.000 0.005 0.000 0.000 0.000 0.041 0.000 0.000 0.056 0.000 0.000 0.060 0.072 0.015 0.022 0.158 0.050 0.038 0.000 0.038 0.138 0.138 0.168 0.101 0.045 0.157 0.106 0.156 0.148 0.011 0.101 0.040 0.127 0.015 0.032 0.071 0.001 0.000 0.000 0.000 0.134 0.003 0.002 0.001 0.001 0.000 0.074 0.000 0.000 0.415 0.271 0.000 0.000 0.000 0.000 0.040 0.039
0.000 0.028 0.000 0.000 0.210 0.140 0.004 0.000 0.000 0.000 0.000 0.001 0.001 0.002 0.000 0.055 0.035 0.075 0.000 0.002 0.000 0.024 0.013 0.013 0.004 0.000 0.046 0.006 0.046 0.066 0.000 0.000 0.091 0.000 0.000 0.178 0.025 0.015 0.000 0.000 0.124 0.104 0.197 0.117 0.056 0.190 0.009 0.201 0.201 0.040 0.029 0.046 0.066 0.087 0.087 0.011 0.000 0.001 0.023 0.033 0.000 0.002 0.000 0.000 0.000 0.002 0.000 0.000 0.000 0.279 0.305 0.000 0.000 0.000 0.000 0.000 0.033
0.000 0.048 0.000 0.019 0.030 0.000 0.000 0.000 0.000 0.061 0.000 0.000 0.000 0.002 0.000 0.000 0.000 0.002 0.001 0.001 0.000 0.000 0.040 0.000 0.000 0.000 0.000 0.026 0.046 0.000 0.000 0.000 0.112 0.000 0.000 0.000 0.036 0.049 0.003 0.097 0.058 0.108 0.000 0.095 0.016 0.106 0.082 0.068 0.128 0.049 0.178 0.049 0.086 0.031 0.027 0.038 0.002 0.001 0.043 0.043 0.000 0.002 0.037 0.000 0.001 0.000 0.000 0.006 0.123 0.266 0.000 0.000 0.001 0.000 0.000 0.031 0.019
0.006 0.028 0.000 0.039 0.005 0.003 0.183 0.000 0.000 0.000 0.033 0.000 0.000 0.064 0.124 0.000 0.000 0.001 0.000 0.007 0.002 0.001 0.003 0.004 0.019 0.000 0.000 0.000 0.002 0.000 0.000 0.000 0.134 0.147 0.005 0.165 0.095 0.000 0.023 0.085 0.154 0.105 0.215 0.206 0.057 0.051 0.163 0.017 0.047 0.126 0.030 0.054 0.014 0.058 0.032 0.020 0.000 0.033 0.000 0.000 0.000 0.001 0.006 0.000 0.013 0.000 0.001 0.000 0.240 0.265 0.000 0.000 0.000 0.000 0.000 0.008 0.016
0.000 0.000 0.141 0.000 0.003 0.124 0.000 0.000 0.000 0.000 0.013 0.000 0.000 0.002 0.002 0.000 0.000 0.043 0.000 0.025 0.025 0.003 0.002 0.169 0.109 0.004 0.000 0.000 0.003 0.004 0.000 0.000 0.000 0.170 0.003 0.000 0.049 0.000 0.028 0.002 0.161 0.181 0.130 0.059 0.027 0.040 0.079 0.073 0.109 0.073 0.068 0.407 0.016 0.038 0.065 0.085 0.010 0.000 0.000 0.013 0.000 0.019 0.059 0.001 0.000 0.000 0.013 0.001 0.254 0.283 0.005 0.005 0.004 0.000 0.000 0.081 0.201
0.126 0.000 0.000 0.000 0.003 0.011 0.000 0.000 0.000 0.000 0.093 0.000 0.012 0.001 0.000 0.068 0.000 0.043 0.000 0.035 0.075 0.000 0.073 0.000 0.000 0.021 0.000 0.000 0.000 0.003 0.000 0.000 0.000 0.193 0.206 0.035 0.020 0.062 0.062 0.067 0.088 0.005 0.210 0.131 0.177 0.055 0.077 0.082 0.046 0.101 0.223 0.180 0.413 0.397 0.152 0.014 0.026 0.000 0.027 0.003 0.089 0.008 0.029 0.000 0.021 0.000 0.000 0.206 0.224 0.051 0.072 0.001 0.005 0.000 0.000 0.008 0.111
0.036 0.000 0.000 0.000 0.000 0.116 0.010 0.000 0.000 0.000 0.103 0.001 0.000 0.017 0.005 0.078 0.000 0.083 0.002 0.000 0.013 0.153 0.143 0.000 0.013 0.007 0.001 0.000 0.000 0.127 0.003 0.003 0.000 0.000 0.232 0.000 0.224 0.195 0.092 0.000 0.000 0.003 0.000 0.057 0.035 0.049 0.068 0.078 0.033 0.139 0.082 0.076 0.157 0.167 0.058 0.020 0.080 0.000 0.002 0.029 0.000 0.068 0.000 0.000 0.000 0.000 0.000 0.224 0.226 0.032 0.032 0.018 0.058 0.015 0.000 0.073 0.015
0.009 0.096 0.012 0.133 0.005 0.002 0.038 0.138 0.000 0.094 0.000 0.000 0.032 0.000 0.000 0.005 0.004 0.001 0.030 0.070 0.110 0.002 0.000 0.000 0.010 0.000 0.031 0.000 0.011 0.000 0.081 0.231 0.000 0.000 0.263 0.271 0.058 0.077 0.000 0.000 0.000 0.003 0.028 0.432 0.219 0.130 0.126 0.033 0.110 0.000 0.158 0.048 0.431 0.106 0.018 0.149 0.099 0.089 0.119 0.029 0.000 0.000 0.000 0.111 0.000 0.000 0.212 0.225 0.180 0.061 0.020 0.087 0.008 0.018 0.029 0.010 0.004
0.006 0.006 0.000 0.000 0.008 0.010 0.218 0.278 0.003 0.004 0.000 0.000 0.000 0.000 0.104 0.003 0.110 0.000 0.000 0.050 0.007 0.002 0.002 0.124 0.104 0.000 0.091 0.000 0.061 0.121 0.061 0.000 0.031 0.000 0.294 0.302 0.000 0.127 0.028 0.000 0.017 0.053 0.094 0.000 0.448 0.125 0.038 0.090 0.048 0.105 0.007 0.443 0.249 0.439 0.189 0.249 0.059 0.039 0.119 0.000 0.000 0.000 0.000 0.000 0.000 0.013 0.238 0.239 0.103 0.004 0.107 0.010 0.114 0.007 0.003 0.051 0.004
0.000 0.006 0.000 0.001 0.000 0.000 0.009 0.000 0.003 0.160 0.000 0.000 0.134 0.224 0.094 0.000 0.060 0.040 0.000 0.000 0.006 0.041 0.000 0.023 0.000 0.044 0.000 0.391 0.031 0.031 0.417 0.021 0.000 0.241 0.000 0.325 0.000 0.000 0.019 0.000 0.054 0.013 0.015 0.047 0.061 0.189 0.021 0.000 0.023 0.113 0.133 0.187 0.461 0.461 0.019 0.420 0.399 0.109 0.089 0.000 0.000 0.000 0.000 0.251 0.005 0.139 0.258 0.261 0.060 0.002 0.023 0.006 0.041 0.056 0.026 0.008 0.000
0.004 0.002 0.003 0.000 0.000 0.000 0.179 0.259 0.000 0.040 0.000 0.000 0.000 0.000 0.000 0.071 0.000 0.080 0.003 0.005 0.000 0.003 0.087 0.007 0.065 0.004 0.000 0.161 0.061 0.041 0.151 0.091 0.000 0.000 0.000 0.070 0.166 0.000 0.059 0.000 0.013 0.018 0.099 0.104 0.099 0.040 0.108 0.089 0.055 0.026 0.139 0.120 0.077 0.478 0.000 0.069 0.009 0.000 0.000 0.000 0.000 0.000 0.036 0.294 0.000 0.257 0.280 0.151 0.020 0.040 0.015 0.058 0.000 0.000 0.017 0.033 0.000
0.003 0.126 0.106 0.116 0.046 0.000 0.179 0.039 0.000 0.004 0.000 0.033 0.143 0.000 0.024 0.000 0.102 0.000 0.002 0.007 0.014 0.007 0.036 0.000 0.002 0.001 0.086 0.000 0.111 0.091 0.061 0.071 0.011 0.001 0.000 0.000 0.169 0.164 0.012 0.045 0.005 0.039 0.078 0.078 0.020 0.039 0.057 0.000 0.037 0.061 0.056 0.053 0.000 0.044 0.114 0.000 0.000 0.000 0.000 0.000 0.000 0.086 0.096 0.000 0.000 0.245 0.000 0.057 0.054 0.018 0.009 0.006 0.047 0.283 0.300 0.031 0.000
0.000 0.000 0.000 0.012 0.000 0.136 0.009 0.000 0.042 0.032 0.000 0.013 0.073 0.001 0.134 0.000 0.001 0.000 0.002 0.020 0.081 0.000 0.036 0.096 0.086 0.036 0.076 0.010 0.008 0.030 0.000 0.000 0.000 0.000 0.000 0.000 0.177 0.173 0.005 0.007 0.334 0.000 0.352 0.092 0.023 0.324 0.327 0.001 0.024 0.087 0.069 0.061 0.000 0.034 0.123 0.097 0.000 0.000 0.000 0.000 0.000 0.000 0.005 0.000 0.204 0.223 0.000 0.027 0.074 0.064 0.071 0.010 0.042 0.000 0.000 0.023 0.002
0.001 0.002 0.000 0.004 0.003 0.023 0.000 0.000 0.112 0.052 0.000 0.000 0.000 0.000 0.124 0.000 0.000 0.031 0.000 0.017 0.000 0.000 0.024 0.000 0.076 0.000 0.046 0.106 0.000 0.000 0.000 0.113 0.023 0.000 0.000 0.000 0.000 0.176 0.002 0.167 0.007 0.358 0.362 0.097 0.045 0.000 0.337 0.020 0.148 0.071 0.055 0.036 0.016 0.000 0.134 0.112 0.000 0.348 0.000 0.000 0.000 0.102 0.001 0.000 0.222 0.240 0.000 0.059 0.064 0.062 0.003 0.284 0.007 0.014 0.003 0.013 0.005
0.000 0.001 0.063 0.012 0.115 0.095 0.000 0.000 0.042 0.000 0.051 0.000 0.000 0.000 0.000 0.000 0.051 0.091 0.040 0.110 0.000 0.042 0.022 0.000 0.004 0.035 0.156 0.000 0.000 0.000 0.000 0.013 0.000 0.000 0.000 0.021 0.000 0.179 0.173 0.177 0.031 0.034 0.034 0.000 0.107 0.000 0.029 0.121 0.129 0.000 0.000 0.064 0.000 0.000 0.151 0.137 0.113 0.000 0.000 0.061 0.021 0.000 0.001 0.145 0.173 0.000 0.049 0.056 0.057 0.054 0.039 0.000 0.003 0.012 0.013 0.002 0.049
0.055 0.035 0.001 0.000 0.000 0.015 0.000 0.000 0.102 0.000 0.000 0.000 0.000 0.000 0.111 0.001 0.000 0.000 0.000 0.014 0.000 0.001 0.058 0.009 0.093 0.010 0.000 0.002 0.001 0.001 0.000 0.001 0.001 0.001 0.000 0.000 0.101 0.000 0.170 0.000 0.002 0.007 0.022 0.098 0.103 0.100 0.104 0.112 0.118 0.000 0.000 0.072 0.071 0.033 0.015 0.000 0.116 0.000 0.000 0.000 0.000 0.000 0.000 0.135 0.134 0.097 0.078 0.068 0.061 0.053 0.040 0.026 0.018 0.015 0.015 0.022 0.045
0.065 0.000 0.000 0.000 0.000 0.096 0.000 0.000 0.052 0.000 0.073 0.000 0.000 0.000 0.000 0.001 0.000 0.000 0.072 0.032 0.000 0.003 0.000 0.119 0.016 0.000 0.036 0.000 0.000 0.001 0.000 0.000 0.001 0.053 0.001 0.000 0.000 0.000 0.167 0.157 0.161 0.000 0.000 0.100 0.000 0.099 0.102 0.106 0.110 0.000 0.000 0.000 0.000 0.000 0.025 0.000 0.136 0.105 0.100 0.095 0.000 0.000 0.092 0.112 0.111 0.103 0.100 0.080 0.067 0.056 0.043 0.032 0.025 0.021 0.019 0.026 0.036
0.000 0.000 0.000 0.000 0.000 0.106 0.002 0.025 0.004 0.003 0.003 0.000 0.000 0.000 0.114 0.064 0.000 0.054 0.000 0.439 0.028 0.000 0.047 0.000 0.097 0.036 0.096 0.000 0.013 0.053 0.073 0.093 0.013 0.023 0.002 0.053 0.093 0.000 0.000 0.150 0.000 0.101 0.102 0.103 0.092 0.095 0.098 0.099 0.097 0.087 0.000 0.000 0.011 0.000 0.000 0.000 0.000 0.110 0.000 0.000 0.000 0.000 0.097 0.098 0.098 0.097 0.000 0.069 0.064 0.056 0.045 0.035 0.030 0.026 0.026 0.029 0.032
0.000 0.000 0.000 0.000 0.000 0.131 0.000 0.000 0.022 0.001 0.056 0.001 0.002 0.074 0.084 0.000 0.014 0.074 0.002 0.000 0.024 0.057 0.047 0.000 0.077 0.000 0.007 0.003 0.000 0.000 0.013 0.000 0.050 0.000 0.000 0.000 0.000 0.021 0.000 0.140 0.119 0.113 0.112 0.000 0.087 0.090 0.094 0.097 0.088 0.076 0.048 0.050 0.000 0.000 0.000 0.528 0.000 0.121 0.078 0.053 0.047 0.058 0.085 0.089 0.086 0.081 0.060 0.059 0.058 0.053 0.045 0.035 0.032 0.032 0.029 0.029 0.030
