includes/camargue/floodfiles/results/res-0009.wd
ncols         906
nrows         631
xllcorner     362177.146667
yllcorner     6534725.688020
cellsize      20.000000
NODATA_value  -9999.000000
[rows 408 to 441 of 631, columns 0 to 76 of 906]
1.304 1.104 0.944 1.174 1.307 1.185 1.062 0.940 0.817 0.695 0.572 0.805 1.051 1.341 1.630 1.919 2.208 2.501 2.872 3.244 3.615 3.986 4.358 4.594 4.784 4.974 5.168 5.365 5.563 5.760 5.957 6.107 6.256 6.405 6.404 6.307 5.961 5.138 4.314 3.491 2.667 1.844 1.140 0.701 0.261 0.002 0.000 0.000 0.000 0.000 0.000 0.000 0.000 0.000 0.666 1.306 1.456 1.556 1.406 1.306 1.116 0.616 0.936 1.516 1.376 1.866 1.496 1.296 1.346 1.366 1.456 1.556 1.146 1.236 1.206 1.306 1.046
1.494 1.295 1.096 1.071 0.981 0.858 0.736 0.613 0.491 0.368 0.268 0.346 0.635 0.924 1.213 1.502 1.791 2.091 2.462 2.834 3.205 3.577 3.948 4.319 4.602 4.792 4.988 5.185 5.365 5.514 5.663 5.812 5.960 6.109 6.072 5.974 5.877 5.780 4.976 4.152 3.329 2.505 1.846 1.406 0.967 0.527 0.089 0.000 0.000 0.000 0.000 0.000 0.000 0.000 0.000 1.226 1.396 1.726 1.566 1.406 1.356 0.606 0.996 0.846 1.056 1.526 1.236 1.406 0.896 0.956 1.516 1.536 1.646 1.606 1.446 1.396 1.006
1.654 1.449 1.243 1.085 0.993 0.899 0.806 0.712 0.619 0.525 0.432 0.319 0.218 0.507 0.796 1.085 1.374 1.681 2.053 2.424 2.795 3.167 3.538 3.909 4.281 4.610 4.771 4.920 5.069 5.218 5.367 5.516 5.665 5.814 5.739 5.642 5.545 5.448 5.350 4.814 3.991 3.167 2.552 2.112 1.672 1.232 0.793 0.384 0.015 0.000 0.000 0.000 0.000 0.000 0.000 0.000 1.636 1.866 1.556 1.706 1.506 0.726 0.946 0.936 0.806 1.706 1.066 1.616 1.806 1.526 1.676 1.666 1.726 1.346 1.306 1.396 1.686
1.768 1.563 1.357 1.247 1.157 1.064 0.970 0.877 0.784 0.690 0.592 0.477 0.361 0.247 0.379 0.668 0.957 1.272 1.643 2.014 2.385 2.757 3.128 3.472 3.782 4.102 4.458 4.624 4.773 4.922 5.071 5.220 5.369 5.504 5.407 5.310 5.212 5.115 5.018 4.921 4.652 3.829 3.257 2.817 2.386 1.984 1.583 1.181 0.779 0.377 0.012 0.000 0.000 0.000 0.000 0.000 0.000 1.746 1.486 1.626 1.476 1.306 0.896 0.896 1.056 1.436 1.226 1.086 1.466 1.656 1.676 1.646 1.666 1.636 1.606 1.456 1.816
1.882 1.677 1.500 1.410 1.319 1.228 1.135 1.042 0.948 0.855 0.750 0.634 0.519 0.404 0.290 0.251 0.541 0.862 1.233 1.604 1.963 2.273 2.583 2.894 3.204 3.532 3.888 4.244 4.477 4.626 4.775 4.924 5.073 5.172 5.074 4.977 4.880 4.783 4.686 4.588 4.491 4.394 3.986 3.585 3.183 2.781 2.379 1.978 1.576 1.174 0.695 0.000 0.000 0.000 0.000 0.000 0.000 0.000 1.586 1.766 1.666 1.216 1.106 1.596 1.146 1.256 1.626 1.346 1.736 1.916 1.676 0.866 1.126 1.866 1.206 1.706 1.396
1.996 1.791 1.663 1.572 1.481 1.391 1.300 1.206 1.113 1.019 0.907 0.792 0.677 0.562 0.447 0.331 0.217 0.452 0.764 1.074 1.385 1.695 2.005 2.316 2.626 2.962 3.318 3.674 4.030 4.330 4.479 4.628 4.777 4.839 4.742 4.645 4.548 4.450 4.353 4.265 4.244 4.224 4.486 4.381 3.980 3.578 3.176 2.774 2.373 1.971 1.417 0.489 0.000 0.000 0.000 0.000 0.000 0.000 0.000 1.536 1.456 1.316 1.456 1.626 1.586 1.526 1.686 1.116 1.796 2.006 1.446 2.146 2.106 2.106 2.086 2.236 1.646
2.110 1.916 1.825 1.734 1.643 1.553 1.462 1.371 1.278 1.180 1.065 0.950 0.835 0.720 0.602 0.473 0.343 0.146 0.187 0.496 0.807 1.117 1.427 1.738 2.048 2.392 2.748 3.104 3.460 3.815 4.171 4.332 4.481 4.507 4.410 4.312 4.215 4.165 4.145 4.125 4.104 4.107 4.392 4.677 4.776 4.375 3.973 3.571 3.169 2.767 2.140 1.212 0.283 0.000 0.000 0.000 0.001 0.001 0.002 0.013 1.136 1.286 1.716 1.636 1.536 1.776 1.676 1.716 1.766 1.446 1.396 2.236 1.976 1.666 2.266 2.166 1.256
2.224 2.078 1.987 1.896 1.806 1.715 1.624 1.534 1.442 1.338 1.223 1.101 0.972 0.843 0.713 0.584 0.455 0.232 0.016 0.003 0.229 0.539 0.850 1.160 1.470 1.822 2.178 2.534 2.890 3.246 3.601 3.957 4.185 4.174 4.086 4.065 4.045 4.025 4.005 3.984 3.964 4.014 4.299 4.584 4.869 5.155 4.770 4.368 3.966 3.564 2.862 1.934 1.006 0.079 0.001 0.001 0.001 0.002 0.002 0.002 0.013 1.706 1.236 1.596 1.876 1.526 1.906 1.736 1.676 1.836 1.986 2.326 2.096 2.256 0.996 2.126 2.346
2.338 2.240 2.149 2.059 1.968 1.877 1.787 1.694 1.600 1.470 1.341 1.212 1.083 0.954 0.825 0.695 0.554 0.321 0.089 0.001 0.000 0.008 0.272 0.582 0.897 1.252 1.608 1.964 2.320 2.676 3.031 3.387 3.795 3.966 3.945 3.925 3.905 3.885 3.864 3.844 3.824 3.921 4.206 4.491 4.776 5.061 5.346 5.165 4.763 4.361 3.585 2.656 1.728 0.800 0.003 0.002 0.002 0.003 0.006 0.003 0.002 0.012 2.026 1.766 1.856 1.716 1.256 1.926 1.656 1.936 2.136 2.156 2.176 2.236 2.166 1.406 2.316
2.493 2.401 2.307 2.214 2.120 2.026 1.933 1.839 1.740 1.594 1.453 1.323 1.194 1.065 0.936 0.807 0.643 0.409 0.177 0.006 0.000 0.000 0.000 0.021 0.327 0.682 1.038 1.394 1.750 2.141 2.571 3.001 3.430 3.624 3.805 3.785 3.765 3.744 3.724 3.704 3.684 3.828 4.113 4.398 4.683 4.968 5.253 5.538 5.559 5.158 4.307 3.379 2.508 1.728 0.948 0.168 0.002 0.001 0.003 0.003 0.003 0.001 0.004 0.013 1.536 1.606 1.956 1.906 1.816 2.026 2.126 2.176 2.196 2.286 2.056 2.126 2.446
2.642 2.546 2.452 2.359 2.265 2.171 2.078 1.984 1.869 1.723 1.578 1.435 1.306 1.177 1.047 0.918 0.731 0.498 0.265 0.040 0.001 0.000 0.000 0.000 0.000 0.114 0.488 0.918 1.347 1.777 2.206 2.636 3.026 3.217 3.408 3.600 3.624 3.604 3.584 3.564 3.544 3.735 4.020 4.305 4.590 4.875 5.160 5.445 5.730 5.954 5.154 4.374 3.593 2.813 2.033 1.253 0.472 0.003 0.003 0.002 0.007 0.005 0.004 0.003 0.013 1.916 1.276 1.866 1.906 2.036 2.086 2.096 2.176 2.256 2.196 2.066 2.406
2.793 2.693 2.597 2.504 2.410 2.317 2.223 2.129 1.998 1.852 1.707 1.561 1.417 1.288 1.159 1.030 0.820 0.586 0.353 0.123 0.003 0.000 0.000 0.000 0.000 0.000 0.125 0.553 0.983 1.412 1.842 2.271 2.619 2.810 3.001 3.192 3.384 3.464 3.444 3.424 3.404 3.642 3.927 4.212 4.497 4.782 5.067 5.306 5.490 5.701 6.060 5.459 4.679 3.898 3.118 2.338 1.557 0.777 0.012 0.003 0.007 0.017 0.008 0.003 0.003 0.013 1.946 1.816 1.926 1.976 2.006 2.066 2.146 2.146 1.946 1.956 2.346
2.944 2.844 2.744 2.649 2.555 2.462 2.368 2.273 2.127 1.982 1.836 1.691 1.545 1.400 1.270 1.141 0.909 0.675 0.442 0.210 0.016 0.000 0.000 0.000 0.000 0.000 0.000 0.189 0.618 1.048 1.477 1.907 2.211 2.402 2.594 2.785 2.977 3.168 3.304 3.284 3.263 3.549 3.834 4.119 4.397 4.581 4.764 4.948 5.132 5.370 5.729 6.088 5.764 4.983 4.203 3.423 2.642 1.862 1.025 0.135 0.003 0.000 0.002 0.006 0.004 0.003 0.013 1.926 1.816 1.916 1.946 2.026 2.026 1.876 1.966 1.986 2.086
3.095 2.995 2.895 2.795 2.701 2.607 2.513 2.402 2.256 2.111 1.965 1.820 1.674 1.529 1.383 1.230 0.997 0.786 0.592 0.398 0.204 0.023 0.001 0.000 0.000 0.000 0.000 0.001 0.254 0.683 1.112 1.542 1.804 1.995 2.187 2.378 2.569 2.761 2.952 3.143 3.170 3.455 3.671 3.855 4.039 4.222 4.406 4.590 4.773 5.040 5.399 5.758 6.117 6.068 5.288 4.508 3.727 2.947 2.093 1.202 0.311 0.002 0.002 0.006 0.006 0.004 0.003 0.013 1.916 1.926 1.406 1.906 1.896 1.936 1.956 1.936 1.966
3.246 3.146 3.046 2.946 2.847 2.752 2.659 2.531 2.386 2.240 2.095 1.949 1.804 1.660 1.523 1.380 1.194 0.999 0.804 0.610 0.416 0.221 0.035 0.002 0.001 0.000 0.000 0.000 0.002 0.318 0.748 1.177 1.397 1.588 1.779 1.971 2.162 2.354 2.545 2.780 2.988 3.129 3.313 3.496 3.680 3.864 4.048 4.231 4.415 4.709 5.068 5.427 5.786 6.145 6.373 5.593 4.812 4.032 3.161 2.270 1.378 0.487 0.004 0.003 0.004 0.005 0.003 0.002 0.005 0.013 1.956 1.926 1.766 1.806 1.786 1.746 1.766
3.397 3.297 3.197 3.097 2.998 2.898 2.804 2.660 2.515 2.371 2.234 2.097 1.960 1.823 1.686 1.541 1.392 1.211 1.017 0.822 0.628 0.434 0.240 0.106 0.041 0.010 0.003 0.001 0.000 0.007 0.383 0.798 0.989 1.181 1.372 1.564 1.782 2.083 2.384 2.685 2.841 2.852 2.955 3.138 3.322 3.505 3.689 3.873 4.056 4.379 4.738 5.097 5.456 5.815 6.174 6.533 5.897 5.117 4.229 3.338 2.446 1.266 0.054 0.010 0.012 0.036 0.018 0.005 0.005 0.003 0.013 1.976 1.946 1.936 1.896 1.546 1.686
3.547 3.448 3.348 3.248 3.149 3.037 2.938 2.808 2.671 2.534 2.397 2.260 2.123 1.986 1.849 1.701 1.552 1.404 1.229 1.034 0.840 0.646 0.452 0.344 0.274 0.203 0.133 0.065 0.016 0.002 0.032 0.391 0.583 0.784 1.085 1.387 1.688 1.989 2.290 2.591 2.694 2.705 2.715 2.780 2.964 3.147 3.331 3.514 3.698 4.048 4.408 4.766 5.125 5.484 5.843 6.202 6.561 6.189 5.200 3.980 2.759 1.539 0.319 0.008 0.006 0.000 0.220 0.120 0.008 0.004 0.003 0.013 2.026 1.466 1.946 1.786 1.696
3.686 3.561 3.436 3.311 3.185 3.060 2.989 2.960 2.834 2.697 2.560 2.423 2.286 2.149 2.010 1.861 1.713 1.564 1.416 1.246 1.052 0.858 0.664 0.581 0.511 0.441 0.371 0.301 0.231 0.160 0.090 0.094 0.390 0.691 0.992 1.293 1.594 1.895 2.196 2.496 2.547 2.558 2.568 2.579 2.605 2.789 2.972 3.156 3.359 3.718 4.077 4.436 4.795 5.154 5.513 5.872 6.224 6.321 5.473 4.253 3.032 1.812 0.592 0.006 0.003 0.000 0.640 0.530 0.012 0.006 0.005 0.003 0.013 1.986 1.996 2.006 1.926
3.709 3.584 3.459 3.333 3.208 3.083 3.041 3.012 2.982 2.860 2.723 2.586 2.449 2.312 2.170 2.021 1.873 1.724 1.576 1.428 1.264 1.070 0.889 0.820 0.750 0.679 0.609 0.533 0.427 0.320 0.213 0.225 0.302 0.597 0.898 1.199 1.500 1.800 2.101 2.390 2.400 2.411 2.421 2.431 2.442 2.452 2.614 2.798 3.029 3.388 3.747 4.106 4.465 4.819 5.171 5.522 5.873 5.828 5.251 4.526 3.305 2.085 0.865 0.004 0.002 0.000 0.000 0.680 0.280 0.200 0.210 0.006 0.002 0.005 0.013 2.036 0.826
3.732 3.607 3.481 3.356 3.231 3.122 3.093 3.063 3.034 3.005 2.886 2.749 2.612 2.476 2.330 2.182 2.033 1.885 1.736 1.588 1.440 1.282 1.128 1.058 0.975 0.869 0.763 0.657 0.551 0.445 0.338 0.389 0.469 0.549 0.805 1.105 1.406 1.706 2.007 2.243 2.253 2.264 2.274 2.284 2.295 2.305 2.316 2.439 2.698 3.057 3.415 3.766 4.117 4.469 4.820 5.171 5.523 5.336 4.758 4.181 3.579 2.358 1.138 0.007 0.000 0.000 0.000 0.000 0.000 0.000 0.000 0.000 0.015 0.005 0.003 0.013 1.966
3.755 3.629 3.504 3.379 3.254 3.173 3.144 3.115 3.086 3.057 3.027 2.912 2.776 2.639 2.490 2.342 2.193 2.045 1.896 1.748 1.600 1.450 1.312 1.206 1.100 0.994 0.888 0.782 0.676 0.570 0.472 0.553 0.634 0.715 0.795 1.011 1.312 1.612 1.913 2.096 2.107 2.117 2.127 2.138 2.148 2.158 2.169 2.179 2.362 2.713 3.064 3.415 3.767 4.118 4.469 4.821 5.172 4.843 4.266 3.688 3.111 2.533 1.411 0.191 0.000 0.000 0.000 0.000 0.000 0.000 0.000 0.000 0.313 0.383 0.004 0.002 0.013
3.777 3.652 3.527 3.402 3.277 3.225 3.196 3.167 3.137 3.108 3.079 3.050 2.939 2.799 2.650 2.502 2.354 2.204 2.053 1.902 1.752 1.601 1.464 1.332 1.225 1.119 1.013 0.907 0.801 0.695 0.636 0.718 0.799 0.880 0.960 1.041 1.218 1.519 1.819 1.950 1.960 1.970 1.980 1.991 2.001 2.007 2.012 2.017 2.148 2.362 2.713 3.065 3.416 3.767 4.119 4.470 4.821 4.351 3.773 3.196 2.618 2.041 1.463 0.464 0.000 0.000 0.000 0.000 0.000 0.000 0.000 0.000 0.000 0.223 0.019 0.035 0.002
3.676 3.675 3.550 3.425 3.305 3.276 3.247 3.218 3.189 3.160 3.131 3.102 3.072 2.959 2.808 2.657 2.506 2.355 2.204 2.053 1.902 1.752 1.619 1.487 1.355 1.244 1.138 1.032 0.926 0.820 0.800 0.882 0.963 1.044 1.125 1.206 1.287 1.425 1.725 1.803 1.813 1.823 1.830 1.835 1.840 1.845 1.850 1.855 2.015 2.182 2.363 2.714 3.065 3.416 3.768 4.119 4.436 3.858 3.281 2.703 2.126 1.548 0.971 0.394 0.000 0.000 0.000 0.000 0.000 0.000 0.000 0.000 0.456 0.000 0.294 0.000 0.056
3.569 3.578 3.573 3.448 3.357 3.328 3.299 3.270 3.241 3.211 3.158 3.105 3.052 3.053 2.959 2.808 2.657 2.506 2.355 2.204 2.053 1.907 1.775 1.642 1.510 1.377 1.263 1.157 1.051 0.945 0.965 1.046 1.128 1.209 1.290 1.371 1.452 1.533 1.631 1.653 1.658 1.663 1.668 1.673 1.678 1.683 1.688 1.714 1.881 2.049 2.217 2.385 2.715 3.066 3.417 3.768 3.943 3.366 2.788 2.211 1.633 1.056 0.478 0.003 0.000 0.000 0.000 0.000 0.000 0.000 0.000 0.000 0.000 0.303 0.144 0.026 0.106
3.462 3.471 3.480 3.471 3.409 3.375 3.322 3.269 3.216 3.163 3.110 3.057 3.006 3.023 3.040 2.959 2.808 2.657 2.506 2.355 2.204 2.062 1.930 1.797 1.665 1.532 1.400 1.282 1.176 1.070 1.129 1.211 1.292 1.374 1.455 1.536 1.575 1.606 1.616 1.502 1.496 1.501 1.506 1.511 1.516 1.521 1.526 1.580 1.748 1.916 2.084 2.252 2.420 2.715 3.067 3.418 3.451 2.873 2.296 1.718 1.141 0.563 0.012 0.000 0.002 0.002 0.004 0.005 0.008 0.011 0.014 0.029 0.040 0.056 0.214 0.116 0.028
3.355 3.358 3.358 3.357 3.380 3.327 3.274 3.221 3.167 3.114 3.061 3.008 2.976 2.993 3.010 3.027 2.959 2.808 2.657 2.506 2.355 2.218 2.085 1.953 1.820 1.688 1.555 1.422 1.301 1.212 1.294 1.375 1.453 1.485 1.517 1.549 1.581 1.613 1.593 1.479 1.364 1.340 1.345 1.349 1.354 1.359 1.364 1.447 1.615 1.783 1.951 2.119 2.287 2.454 2.716 3.067 2.959 2.381 1.804 1.226 0.827 0.508 0.191 0.004 0.004 0.006 0.008 0.012 0.017 0.015 0.018 0.017 0.000 0.000 0.032 0.000 0.008
3.207 3.207 3.207 3.215 3.251 3.278 3.225 3.172 3.119 3.066 3.013 2.960 2.946 2.963 2.980 2.997 3.013 2.959 2.808 2.657 2.506 2.373 2.240 2.108 1.975 1.843 1.710 1.578 1.445 1.362 1.395 1.427 1.459 1.492 1.524 1.556 1.588 1.620 1.570 1.456 1.341 1.227 1.183 1.188 1.193 1.198 1.202 1.314 1.482 1.650 1.818 1.985 2.153 2.321 2.489 2.717 2.467 1.985 1.666 1.347 1.029 0.710 0.392 0.077 0.006 0.007 0.007 0.008 0.000 0.025 0.017 0.014 0.017 0.051 0.028 0.068 0.000
3.056 3.056 3.055 3.074 3.110 3.147 3.177 3.124 3.071 3.018 2.965 2.912 2.916 2.933 2.950 2.967 2.984 3.000 2.959 2.808 2.661 2.528 2.396 2.263 2.131 1.998 1.867 1.735 1.604 1.485 1.401 1.434 1.466 1.498 1.530 1.562 1.594 1.626 1.547 1.433 1.318 1.204 1.089 1.027 1.032 1.036 1.041 1.182 1.349 1.517 1.685 1.852 2.020 2.188 2.352 2.499 2.504 2.186 1.867 1.548 1.230 0.911 0.593 0.275 0.014 0.008 0.010 0.012 0.016 0.024 0.024 0.013 0.014 0.007 0.007 0.000 0.000
2.905 2.905 2.904 2.933 2.970 3.006 3.043 3.075 3.022 2.969 2.916 2.869 2.886 2.903 2.920 2.937 2.954 2.971 2.988 2.959 2.816 2.683 2.551 2.420 2.289 2.158 2.027 1.896 1.764 1.650 1.541 1.440 1.472 1.505 1.537 1.569 1.601 1.633 1.524 1.410 1.296 1.181 1.067 0.952 0.871 0.875 0.882 1.049 1.216 1.384 1.552 1.715 1.862 2.010 2.157 2.305 2.343 2.377 2.068 1.749 1.431 1.112 0.794 0.476 0.158 0.013 0.011 0.013 0.015 0.015 0.000 0.538 0.006 0.006 0.013 0.103 0.036
2.754 2.754 2.756 2.793 2.829 2.866 2.902 2.939 2.974 2.921 2.868 2.839 2.856 2.873 2.890 2.907 2.924 2.941 2.958 2.970 2.974 2.843 2.711 2.580 2.449 2.318 2.187 2.056 1.925 1.815 1.707 1.598 1.489 1.511 1.544 1.576 1.608 1.616 1.501 1.387 1.273 1.159 1.044 0.930 0.815 0.715 0.750 0.916 1.079 1.226 1.373 1.520 1.668 1.815 1.963 2.094 2.129 2.164 2.199 1.951 1.632 1.313 0.995 0.676 0.360 0.094 0.013 0.012 0.011 0.009 0.000 0.000 0.007 0.007 0.007 0.000 0.000
2.603 2.602 2.616 2.652 2.689 2.725 2.762 2.798 2.835 2.871 2.820 2.810 2.827 2.843 2.860 2.873 2.885 2.896 2.908 2.920 2.969 3.003 2.871 2.740 2.609 2.478 2.347 2.216 2.089 1.981 1.872 1.763 1.654 1.545 1.551 1.583 1.615 1.593 1.479 1.365 1.251 1.137 1.022 0.908 0.794 0.692 0.602 0.739 0.885 1.032 1.179 1.326 1.473 1.621 1.768 1.881 1.916 1.950 1.985 2.020 1.833 1.514 1.196 0.878 0.567 0.299 0.042 0.011 0.009 0.006 0.003 0.005 0.007 0.002 0.000 0.022 0.000
2.451 2.451 2.475 2.512 2.548 2.585 2.622 2.658 2.695 2.731 2.767 2.776 2.788 2.800 2.811 2.823 2.835 2.846 2.858 2.877 2.929 2.982 3.032 2.901 2.769 2.638 2.507 2.376 2.255 2.146 2.038 1.929 1.820 1.711 1.602 1.590 1.623 1.571 1.457 1.343 1.229 1.115 1.027 0.955 0.882 0.809 0.711 0.593 0.693 0.839 0.985 1.132 1.279 1.426 1.574 1.668 1.702 1.737 1.772 1.806 1.841 1.715 1.397 1.079 0.774 0.506 0.238 0.018 0.007 0.005 0.005 0.005 0.005 0.001 0.000 0.000 0.000
2.300 2.300 2.335 2.371 2.408 2.445 2.481 2.549 2.626 2.704 2.765 2.731 2.738 2.750 2.761 2.773 2.784 2.796 2.808 2.837 2.890 2.942 2.995 3.048 2.930 2.799 2.667 2.536 2.420 2.312 2.203 2.095 1.986 1.877 1.768 1.659 1.630 1.548 1.434 1.360 1.288 1.216 1.143 1.070 0.998 0.925 0.818 0.702 0.584 0.647 0.792 0.938 1.085 1.232 1.379 1.455 1.489 1.524 1.558 1.593 1.628 1.663 1.598 1.280 0.981 0.713 0.445 0.177 0.008 0.005 0.004 0.004 0.003 0.000 0.000 0.000 0.000
2.181 2.157 2.194 2.267 2.344 2.422 2.500 2.577 2.655 2.732 2.764 2.730 2.695 2.699 2.711 2.723 2.734 2.746 2.758 2.797 2.850 2.903 2.955 3.008 3.061 2.959 2.828 2.697 2.586 2.477 2.369 2.260 2.152 2.043 1.934 1.818 1.691 1.620 1.547 1.475 1.403 1.331 1.258 1.186 1.113 1.040 0.926 0.810 0.693 0.575 0.601 0.745 0.891 1.038 1.185 1.242 1.276 1.311 1.345 1.380 1.415 1.450 1.484 1.481 1.188 0.911 0.615 0.319 0.033 0.004 0.003 0.003 0.002 0.000 0.000 0.000 0.005
