includes/camargue/floodfiles/results/res-0005.wdfp
ncols         906
nrows         631
xllcorner     362177.146667
yllcorner     6534725.688020
cellsize      20.000000
NODATA_value  -9999.000000
[rows 476 to 509 of 631, columns 462 to 538 of 906]
0.000 0.000 0.000 0.000 0.000 0.000 0.000 0.000 0.000 0.000 0.000 0.000 0.000 0.000 0.162 1.252 2.162 2.242 2.382 2.332 2.262 2.282 2.302 2.322 2.342 2.392 2.442 2.462 2.442 2.502 2.502 2.582 2.452 2.482 2.672 2.481 2.351 2.541 2.411 2.642 2.482 2.372 2.442 2.343 2.413 2.304 2.304 2.185 1.826 1.748 2.149 2.320 2.311 2.341 2.241 2.442 2.442 2.542 2.373 2.443 2.553 2.644 2.644 2.534 2.534 2.695 2.535 2.675 2.445 2.675 2.665 2.596 2.586 2.686 2.716 2.846 2.816
0.000 0.000 0.000 0.000 0.000 0.000 0.000 0.000 0.000 0.000 0.000 0.000 0.000 1.932 1.932 2.402 2.352 2.342 2.342 2.352 2.452 2.362 2.382 2.542 2.592 2.482 2.532 2.522 2.482 2.472 2.472 2.452 2.512 2.482 2.491 2.671 2.591 2.521 3.071 2.672 2.532 2.342 2.493 2.463 2.433 2.213 2.214 2.394 2.015 1.757 1.969 2.140 2.320 2.301 2.341 2.381 2.392 2.512 2.472 2.513 2.643 2.623 2.624 2.474 2.634 2.644 2.514 2.625 2.665 2.695 2.705 2.765 2.676 2.656 2.826 3.016 2.806
0.000 0.000 0.000 0.000 0.000 0.000 0.000 0.000 0.000 0.000 0.000 1.832 2.392 2.362 2.362 2.432 2.372 2.452 2.502 2.532 2.562 2.612 2.602 2.522 2.502 2.482 2.612 2.582 2.632 2.722 2.722 2.632 2.632 2.672 2.642 2.641 2.871 2.701 3.202 2.642 2.542 2.622 2.613 2.573 2.453 2.333 2.334 2.354 2.215 1.716 1.598 1.929 2.130 2.330 2.381 2.291 2.391 2.422 2.482 2.552 2.513 2.533 2.533 2.593 2.654 2.594 2.734 2.674 2.665 2.755 2.635 2.735 2.755 2.866 2.856 2.826 2.926
0.000 0.000 0.000 0.000 0.000 0.000 0.000 0.000 0.000 1.432 2.251 2.472 2.342 2.312 2.312 2.462 2.562 2.522 2.592 2.632 2.652 2.592 2.572 2.562 2.562 2.652 2.612 2.642 2.692 2.582 2.582 2.722 2.632 2.792 2.752 2.772 2.772 2.752 2.672 2.722 2.692 2.572 2.463 2.543 2.593 2.413 2.414 2.454 2.204 1.805 1.757 1.708 1.619 2.120 2.250 2.301 2.411 2.401 2.482 2.502 2.462 2.603 2.603 2.633 2.623 2.694 2.814 2.624 2.664 2.784 2.725 2.725 2.895 2.755 2.795 2.865 2.916
0.000 0.000 0.000 0.000 0.000 0.000 0.000 0.000 1.881 2.441 2.481 2.431 2.401 2.561 2.561 2.591 2.531 2.672 2.672 2.592 2.622 2.582 2.662 2.652 2.662 2.712 2.702 2.762 2.672 2.732 2.732 2.772 2.692 2.802 2.792 2.712 3.202 2.832 2.742 2.652 2.732 2.682 2.673 2.613 2.593 2.513 2.514 2.344 2.354 1.875 1.706 1.637 1.808 1.809 1.860 2.270 2.331 2.481 2.411 2.482 2.802 2.632 2.633 2.563 2.633 2.693 2.714 2.614 2.784 2.784 2.824 2.735 2.755 2.825 2.865 3.015 2.945
0.000 0.000 0.000 0.000 0.000 0.000 1.311 2.291 2.321 2.471 2.461 2.461 2.461 2.641 2.641 2.651 2.741 2.751 2.561 2.601 2.601 2.662 2.702 2.632 2.742 2.702 2.882 2.742 2.682 2.822 2.822 2.902 2.752 2.712 2.672 3.242 2.892 2.812 2.822 2.652 2.812 2.662 2.673 2.723 2.533 2.523 2.523 2.564 2.394 1.985 1.755 1.596 1.727 2.218 2.099 2.039 2.320 2.351 2.531 2.601 2.482 2.552 2.552 2.582 2.513 2.593 2.793 2.743 2.724 2.844 3.004 2.834 2.954 3.045 3.035 2.855 2.965
0.000 0.000 0.000 0.000 0.640 1.670 2.281 2.421 2.481 2.561 2.541 2.581 2.621 2.691 2.691 2.741 2.601 2.671 2.611 2.711 2.581 2.751 2.671 2.651 2.791 2.782 2.812 2.722 2.882 2.762 2.762 2.742 2.712 2.852 2.662 2.902 2.822 2.892 2.842 2.762 2.802 2.912 2.753 2.773 2.793 2.663 2.663 2.354 2.254 2.094 2.085 2.176 1.946 1.997 2.148 2.319 2.009 2.360 2.461 2.371 2.471 2.522 2.522 2.632 2.642 2.843 2.743 2.793 2.833 2.844 2.814 2.974 2.904 2.894 3.095 2.965 2.925
0.000 0.000 0.000 1.180 2.210 2.440 2.391 2.531 2.591 2.631 2.581 2.611 2.741 2.861 2.861 2.731 2.771 2.641 2.711 2.701 2.711 2.731 2.891 2.771 2.811 2.791 2.992 2.802 2.832 2.852 2.852 2.902 2.742 2.762 3.192 2.972 2.922 2.752 2.912 2.732 2.822 2.802 2.873 2.723 2.793 2.713 2.713 2.634 2.374 2.304 2.045 2.025 1.926 2.067 2.148 2.358 2.379 2.079 2.360 2.500 2.521 2.541 2.542 2.652 2.702 2.832 2.783 2.973 2.803 2.813 2.944 2.844 2.974 3.004 3.014 3.014 2.974
0.000 0.250 1.530 2.450 2.450 2.360 2.501 2.641 2.571 2.641 2.791 2.711 2.591 2.671 2.671 2.801 2.681 2.721 2.761 2.761 2.751 2.771 2.821 2.871 2.931 2.781 3.001 2.892 2.972 2.932 2.932 2.962 2.922 2.882 3.232 2.962 2.852 2.852 2.832 2.772 2.862 2.792 2.833 2.673 2.833 2.833 2.833 2.764 2.594 2.614 2.495 2.425 2.246 2.216 2.097 2.298 2.278 2.379 2.059 2.430 2.450 2.561 2.561 2.712 2.802 2.672 2.732 2.803 2.913 2.753 2.943 2.954 2.984 2.964 2.984 3.034 3.054
0.710 1.970 2.450 2.320 2.450 2.390 2.600 2.711 2.581 2.681 2.761 2.771 2.731 2.801 2.801 2.721 2.821 2.801 2.741 2.871 2.861 2.931 2.721 2.891 2.921 2.931 2.891 2.881 2.942 3.022 3.022 2.982 2.892 2.892 3.012 2.922 2.792 2.882 2.882 2.932 2.912 2.843 2.903 2.813 2.873 2.863 2.863 2.864 2.794 2.724 2.575 2.665 2.485 2.586 2.376 2.187 2.418 2.538 2.388 2.059 2.380 2.561 2.561 2.631 2.692 2.712 2.792 2.762 3.043 2.793 2.863 2.963 2.974 3.024 2.994 3.134 3.014
2.360 2.380 2.390 2.480 2.580 2.640 2.650 2.550 2.701 2.851 2.671 2.861 2.721 2.751 2.751 2.821 2.911 2.981 2.831 2.951 2.941 2.991 2.871 2.911 2.951 2.881 3.051 2.951 2.902 3.032 3.032 2.932 2.962 2.942 3.112 2.882 2.972 2.952 3.052 2.932 2.872 2.943 2.923 2.843 2.993 2.843 2.843 2.994 3.054 2.804 2.735 2.725 2.825 2.676 2.646 2.497 2.697 2.737 2.718 2.478 1.969 2.480 2.481 2.531 2.671 2.752 2.722 2.782 2.862 2.743 2.913 2.903 2.983 2.983 3.034 3.124 3.094
2.490 2.430 2.650 2.690 2.650 2.740 2.760 2.660 2.730 2.710 2.711 2.791 2.851 2.881 2.881 2.821 2.951 2.861 2.851 2.791 2.901 2.971 2.961 2.981 2.951 2.911 2.951 3.081 2.992 3.012 3.012 3.082 2.932 2.952 3.132 3.022 3.042 2.942 2.912 3.002 3.102 3.033 2.963 2.913 2.863 2.993 2.993 2.774 2.734 2.784 2.814 2.815 2.805 2.856 2.826 2.836 2.807 2.777 2.748 2.698 2.578 2.439 2.440 2.591 2.581 2.581 2.622 2.772 2.802 2.822 2.823 3.013 3.123 2.973 3.063 3.123 3.204
2.450 2.590 2.630 2.700 2.740 2.750 2.880 2.790 2.720 2.840 2.770 2.961 2.791 2.911 2.911 3.001 2.981 2.891 2.911 3.001 2.981 2.951 2.991 3.031 3.001 3.011 3.031 3.011 3.071 3.022 3.022 3.092 3.092 3.092 3.022 3.042 3.112 3.092 2.952 2.892 2.982 3.033 2.963 2.963 2.953 2.913 2.913 2.794 2.834 2.844 2.824 2.865 2.765 2.765 2.756 2.846 2.766 2.757 2.707 2.818 2.778 2.089 2.089 2.480 2.551 2.701 2.601 2.692 2.772 2.972 3.042 3.003 2.953 3.033 3.103 3.163 3.183
2.600 2.630 2.690 2.760 2.680 2.820 2.820 2.770 2.860 2.820 2.770 2.930 2.970 2.901 2.901 2.921 2.981 2.931 3.031 2.871 3.001 3.051 3.041 3.031 3.071 3.061 3.081 3.041 3.021 3.062 3.062 3.062 3.052 3.062 2.992 3.042 3.142 3.042 3.132 3.042 3.133 3.083 3.093 2.863 2.843 2.903 2.903 2.914 2.924 2.854 2.814 2.905 2.875 2.865 2.856 2.836 2.956 2.847 2.797 2.797 2.888 2.418 2.419 2.119 2.500 2.531 2.621 2.661 2.742 2.862 2.992 3.132 3.283 3.143 3.233 3.283 3.061
2.740 2.750 2.810 2.820 2.730 2.790 2.820 2.840 2.910 2.800 2.920 2.940 2.940 2.990 2.991 2.991 3.011 3.021 3.091 3.001 3.121 3.191 3.061 3.051 3.111 3.001 3.101 3.111 2.991 3.081 3.082 3.082 3.102 3.022 3.202 3.212 3.132 3.132 3.112 3.022 3.163 3.193 2.943 2.983 2.833 2.883 2.883 2.944 2.974 2.924 2.854 2.995 3.075 2.835 2.835 2.756 2.906 2.896 2.787 2.617 2.717 2.648 2.648 2.698 2.159 2.400 2.531 2.611 2.611 2.892 2.872 3.052 3.122 3.103 3.223 3.253 3.103
2.740 2.760 2.780 2.660 2.870 2.910 2.800 2.820 2.940 2.880 2.960 2.940 2.980 3.170 3.171 3.001 3.171 3.001 3.031 3.071 3.101 3.121 3.081 3.031 3.121 3.051 3.111 3.111 3.051 3.071 3.072 3.072 3.202 3.202 3.102 3.232 3.162 3.172 3.457 3.092 3.102 3.043 2.973 2.953 3.023 2.963 2.963 3.033 2.954 2.924 2.964 2.934 2.975 2.885 2.945 2.905 2.886 2.846 2.776 2.787 2.707 2.877 2.878 2.638 2.768 2.239 2.410 2.491 2.631 2.632 2.862 2.972 3.012 3.182 3.142 3.273 3.283
2.740 2.760 2.780 2.660 2.870 2.910 2.800 2.820 2.940 2.880 2.960 2.940 2.980 3.170 3.170 3.001 3.171 3.001 3.031 3.071 3.101 3.121 3.081 3.031 3.121 3.051 3.111 3.111 3.051 3.071 3.072 3.072 3.202 3.202 3.102 3.232 3.162 3.172 3.457 3.092 3.102 3.043 2.973 2.953 3.023 2.963 2.963 3.033 2.954 2.924 2.964 2.934 2.975 2.885 2.945 2.905 2.886 2.846 2.776 2.787 2.707 2.877 2.877 2.638 2.768 2.239 2.410 2.490 2.631 2.631 2.862 2.972 3.012 3.182 3.142 3.272 3.282
2.880 2.830 2.750 2.930 2.900 2.890 2.910 2.960 2.950 3.040 3.030 3.010 2.960 3.110 3.110 3.051 3.211 3.201 3.051 3.071 3.041 3.041 3.041 3.131 3.211 3.211 3.081 3.101 3.141 3.261 3.261 3.172 3.222 3.112 3.497 3.192 3.212 3.192 3.488 3.152 3.132 2.963 2.993 3.053 3.123 3.053 3.053 3.063 2.994 3.134 3.024 3.014 3.064 2.895 2.955 3.005 2.825 2.916 2.856 2.826 2.757 2.747 2.747 2.697 2.828 2.648 2.239 1.869 2.440 2.681 2.341 2.482 2.732 3.132 2.801 3.142 3.172
3.010 2.970 2.920 3.000 2.980 2.980 3.030 3.120 2.990 3.070 3.000 3.050 3.170 2.980 2.980 3.071 3.261 3.131 3.171 3.111 3.141 3.211 3.101 3.201 3.121 3.231 3.141 3.527 3.201 3.181 3.181 3.262 3.552 3.242 3.563 3.192 3.022 3.182 2.992 3.052 3.142 3.073 3.083 3.073 3.033 3.223 3.223 3.153 3.174 3.084 3.104 3.084 3.084 3.045 3.015 2.925 2.875 2.996 2.846 2.896 2.946 2.987 2.987 2.777 2.727 2.588 2.688 2.558 2.259 2.010 1.861 2.081 2.332 2.692 3.122 3.192 3.262
2.980 2.920 2.950 3.090 3.010 3.030 3.040 3.140 2.970 3.130 3.070 3.050 3.100 3.130 3.130 3.150 3.121 3.241 3.131 3.131 3.161 3.191 3.251 3.281 3.251 3.201 3.221 3.564 3.111 3.191 3.191 3.251 3.585 3.590 3.282 3.212 3.232 3.142 3.132 3.192 3.172 3.102 3.253 3.173 3.083 3.233 3.233 3.153 3.134 3.134 3.154 3.134 3.114 3.124 2.985 3.065 3.025 3.105 2.956 2.996 2.946 2.866 2.867 2.837 2.877 2.707 2.718 2.628 2.538 2.049 2.020 1.991 2.381 2.841 2.972 3.062 3.282
3.060 3.080 3.010 3.040 3.110 3.110 3.050 3.170 3.060 3.110 3.220 3.170 3.120 3.562 3.562 3.250 3.150 3.171 3.181 3.241 3.581 3.181 3.587 3.221 3.201 3.271 3.251 3.600 3.251 3.608 3.608 3.271 3.282 3.623 3.162 3.182 3.112 3.242 3.232 3.202 3.102 3.272 3.193 3.213 3.123 3.183 3.183 3.183 3.094 3.164 3.194 2.994 3.054 3.024 3.105 3.035 3.105 3.125 2.975 3.036 2.946 2.846 2.846 2.937 2.867 3.017 2.877 2.518 2.388 1.849 1.990 2.070 2.281 3.131 3.041 3.071 3.211
3.060 3.030 3.150 3.140 3.040 3.100 3.130 3.240 3.230 3.130 3.210 3.190 3.160 3.240 3.240 3.160 3.180 3.230 3.611 3.615 3.618 3.231 3.271 3.626 3.151 3.141 3.634 3.637 3.639 3.241 3.241 3.131 3.651 3.242 3.212 3.162 3.102 3.650 3.212 3.222 3.262 3.620 3.193 3.273 3.193 3.143 3.143 3.263 3.153 3.254 3.224 3.234 3.124 3.244 3.094 3.065 3.095 3.205 3.115 3.075 3.066 3.006 3.006 2.906 3.007 3.007 2.787 2.627 2.478 1.818 1.999 2.150 2.490 3.031 3.081 3.201 3.005
3.090 3.020 3.040 3.110 3.235 3.160 3.110 3.150 3.130 3.030 3.220 3.625 3.180 3.635 3.635 3.240 3.641 3.230 3.648 3.270 3.241 3.658 3.660 3.663 3.665 3.668 3.241 3.673 3.676 3.681 3.681 3.241 3.687 3.232 3.694 3.212 3.689 3.282 3.674 3.252 3.262 3.654 3.183 3.233 3.183 3.620 3.620 3.243 3.273 3.254 3.593 3.134 3.164 3.234 3.174 3.234 3.135 3.105 3.065 3.025 2.895 3.146 3.146 3.136 3.036 2.997 3.067 2.787 2.497 2.018 1.969 2.220 2.800 3.080 3.251 2.935 3.011
3.090 3.110 3.120 3.256 3.200 3.100 3.200 3.260 3.260 3.654 3.280 3.170 3.665 3.240 3.240 3.120 3.270 3.681 3.684 3.688 3.180 3.231 3.697 3.699 3.702 3.705 3.707 3.710 3.712 3.271 3.271 3.720 3.211 3.726 3.728 3.727 3.721 3.714 3.707 3.272 3.694 3.687 3.233 3.243 3.253 3.263 3.263 3.646 3.283 3.633 3.626 3.234 3.164 3.264 3.274 3.204 3.670 3.635 3.235 3.175 3.285 3.105 3.106 3.136 3.036 2.926 3.047 2.867 2.507 2.178 2.158 2.399 3.130 3.210 2.935 3.009 3.083
3.179 3.160 3.240 3.270 3.250 3.150 3.629 3.260 3.659 3.250 3.250 3.210 3.701 3.708 3.708 3.711 3.714 3.718 3.721 3.130 3.260 3.270 3.733 3.736 3.738 3.741 3.744 3.261 3.281 3.261 3.261 3.261 3.759 3.758 3.282 3.757 3.754 3.747 3.282 3.733 3.727 3.272 3.713 3.706 3.700 3.686 3.686 3.679 3.672 3.213 3.660 3.254 3.676 3.244 3.692 3.244 3.708 3.245 3.645 3.275 3.500 3.355 3.356 3.076 3.016 2.896 3.176 2.947 2.657 2.327 2.238 2.579 2.869 3.200 3.090 3.230 3.157
3.249 3.229 3.200 3.270 3.562 3.650 3.664 3.200 3.240 3.240 3.697 3.708 3.210 3.742 3.742 3.747 3.751 3.754 3.757 3.250 3.764 3.767 3.770 3.772 3.261 3.778 3.780 3.783 3.785 3.786 3.786 3.785 3.784 3.783 3.782 3.782 3.782 3.780 3.773 3.767 3.760 3.753 3.746 3.263 3.733 3.719 3.719 3.712 3.706 3.699 3.698 3.706 3.714 3.722 3.730 3.738 3.264 3.754 3.726 3.654 3.245 3.245 3.245 3.235 3.186 3.196 2.966 3.136 2.777 2.497 2.638 2.609 2.769 3.289 3.160 3.190 3.280
3.259 3.179 3.199 3.279 3.668 3.230 3.230 3.260 3.693 3.250 3.712 3.724 3.250 3.758 3.758 3.769 3.781 3.791 3.794 3.797 3.800 3.804 3.806 3.809 3.280 3.814 3.815 3.814 3.813 3.811 3.811 3.810 3.809 3.808 3.807 3.807 3.807 3.807 3.807 3.800 3.793 3.786 3.779 3.773 3.766 3.752 3.752 3.745 3.739 3.732 3.736 3.744 3.284 3.761 3.769 3.777 3.785 3.793 3.801 3.736 3.664 3.519 3.519 3.115 3.205 3.136 3.246 3.086 2.867 2.617 2.538 2.678 2.629 3.169 3.249 3.200 3.170
3.259 3.517 3.605 3.678 3.239 3.691 3.697 3.703 3.710 3.717 3.728 3.740 3.751 3.774 3.774 3.785 3.796 3.808 3.819 3.830 3.837 3.840 3.843 3.280 3.842 3.841 3.840 3.839 3.838 3.836 3.836 3.835 3.834 3.833 3.833 3.833 3.242 3.833 3.833 3.833 3.826 3.819 3.813 3.806 3.799 3.785 3.785 3.779 3.772 3.767 3.775 3.783 3.791 3.799 3.807 3.815 3.823 3.831 3.839 3.818 3.745 3.601 3.601 3.531 3.465 3.216 3.333 3.266 2.946 2.667 2.507 2.648 2.618 3.229 3.159 3.199 2.999
3.239 3.627 3.689 3.695 3.279 3.708 3.714 3.720 3.727 3.733 3.744 3.755 3.767 3.789 3.789 3.801 3.812 3.823 3.835 3.846 3.858 3.870 3.869 3.868 3.867 3.866 3.865 3.864 3.863 3.861 3.861 3.860 3.859 3.858 3.858 3.858 3.858 3.858 3.858 3.858 3.859 3.852 3.846 3.839 3.832 3.818 3.818 3.812 3.805 3.805 3.813 3.821 3.829 3.837 3.845 3.853 3.862 3.870 3.878 3.886 3.827 3.686 3.686 3.620 3.553 3.487 3.421 3.226 3.066 2.797 2.607 2.638 3.238 3.231 3.089 3.209 3.189
3.648 3.699 3.706 3.279 3.718 3.725 3.731 3.737 3.743 3.750 3.760 3.260 3.782 3.805 3.805 3.816 3.828 3.839 3.851 3.862 3.874 3.886 3.894 3.893 3.892 3.891 3.890 3.889 3.888 3.886 3.886 3.885 3.884 3.883 3.883 3.883 3.883 3.884 3.884 3.884 3.884 3.884 3.879 3.872 3.865 3.851 3.852 3.845 3.838 3.844 3.852 3.860 3.868 3.876 3.884 3.892 3.900 3.908 3.916 3.924 3.909 3.774 3.774 3.708 3.642 3.575 3.275 3.443 3.126 2.996 2.807 2.757 2.888 3.258 3.248 3.249 3.526
3.710 3.716 3.249 3.729 3.735 3.741 3.748 3.754 3.760 3.767 3.775 3.787 3.798 3.821 3.821 3.832 3.844 3.855 3.866 3.878 3.891 3.903 3.915 3.918 3.917 3.916 3.915 3.914 3.913 3.911 3.911 3.910 3.909 3.909 3.909 3.909 3.909 3.909 3.909 3.909 3.909 3.909 3.909 3.905 3.898 3.885 3.885 3.878 3.874 3.882 3.890 3.898 3.906 3.914 3.922 3.930 3.938 3.946 3.954 3.962 3.965 3.862 3.862 3.796 3.730 3.664 3.597 3.531 3.226 3.196 2.857 3.027 3.304 3.378 3.452 3.526 3.229
3.727 3.733 3.739 3.746 3.752 3.758 3.765 3.771 3.777 3.783 3.791 3.802 3.814 3.836 3.836 3.848 3.859 3.871 3.882 3.895 3.907 3.920 3.932 3.943 3.942 3.941 3.940 3.939 3.938 3.936 3.936 3.935 3.934 3.934 3.934 3.934 3.934 3.934 3.934 3.934 3.935 3.935 3.935 3.935 3.931 3.918 3.918 3.911 3.912 3.920 3.928 3.936 3.944 3.953 3.961 3.969 3.976 3.983 3.989 3.996 3.995 3.918 3.918 3.879 3.818 3.752 3.686 3.620 3.276 3.487 3.186 3.017 3.378 3.452 3.526 3.600 3.674
3.727 3.733 3.739 3.746 3.752 3.758 3.765 3.771 3.777 3.783 3.791 3.802 3.814 3.836 3.836 3.848 3.859 3.871 3.882 3.895 3.907 3.919 3.932 3.943 3.942 3.941 3.940 3.939 3.938 3.936 3.936 3.935 3.934 3.934 3.934 3.934 3.934 3.934 3.934 3.934 3.935 3.935 3.935 3.935 3.931 3.918 3.918 3.911 3.912 3.920 3.928 3.936 3.944 3.952 3.961 3.969 3.976 3.982 3.989 3.996 3.995 3.918 3.918 3.879 3.818 3.752 3.686 3.619 3.276 3.487 3.186 3.017 3.378 3.452 3.526 3.600 3.673
3.743 3.750 3.756 3.762 3.769 3.775 3.781 3.788 3.794 3.800 3.807 3.818 3.829 3.852 3.852 3.863 3.875 3.887 3.899 3.911 3.924 3.936 3.948 3.961 3.967 3.966 3.965 3.964 3.963 3.961 3.961 3.960 3.959 3.959 3.959 3.959 3.959 3.960 3.960 3.960 3.960 3.960 3.960 3.960 3.960 3.951 3.951 3.944 3.951 3.959 3.967 3.975 3.983 3.990 3.997 4.003 4.010 4.017 4.024 4.031 4.025 3.948 3.948 3.909 3.870 3.832 3.774 3.708 3.266 3.576 3.509 3.207 3.452 3.526 3.600 3.674 3.747
