includes/camargue/floodfiles/results/res-0013.wdfp
ncols         906
nrows         631
xllcorner     362177.146667
yllcorner     6534725.688020
cellsize      20.000000
NODATA_value  -9999.000000
[rows 578 to 611 of 631, columns 385 to 461 of 906]
3.097 2.828 2.559 2.291 2.162 2.275 2.389 2.423 2.415 2.408 2.400 2.392 2.384 2.377 2.369 2.361 2.353 2.345 2.338 2.330 2.322 2.434 2.609 2.640 2.585 2.530 2.475 2.420 2.365 2.310 2.255 2.200 2.145 2.090 2.035 1.981 1.966 1.981 1.996 2.011 2.026 2.041 2.056 2.070 2.085 2.100 2.114 2.106 2.099 2.092 2.084 2.082 2.154 2.226 2.298 2.370 2.365 2.292 2.218 2.209 2.226 2.243 2.260 2.277 2.294 2.310 2.327 2.344 2.369 2.395 2.421 2.447 2.473 2.499 2.525 2.551 2.577
2.964 2.695 2.426 2.158 2.109 2.222 2.335 2.449 2.447 2.439 2.432 2.424 2.416 2.408 2.401 2.393 2.385 2.377 2.370 2.362 2.404 2.579 2.755 2.905 2.850 2.795 2.740 2.685 2.630 2.575 2.520 2.465 2.410 2.355 2.300 2.238 2.136 2.129 2.123 2.117 2.111 2.109 2.124 2.139 2.153 2.168 2.183 2.177 2.170 2.202 2.274 2.346 2.417 2.489 2.561 2.633 2.593 2.520 2.447 2.373 2.353 2.370 2.387 2.404 2.421 2.438 2.455 2.472 2.498 2.524 2.550 2.576 2.602 2.628 2.654 2.680 2.706
2.830 2.562 2.293 2.024 2.056 2.169 2.282 2.395 2.479 2.471 2.464 2.456 2.448 2.440 2.433 2.425 2.417 2.409 2.402 2.394 2.550 2.725 2.900 3.075 3.114 3.059 3.004 2.950 2.895 2.840 2.785 2.730 2.675 2.620 2.565 2.470 2.368 2.312 2.306 2.300 2.294 2.288 2.282 2.276 2.270 2.264 2.258 2.321 2.393 2.465 2.537 2.609 2.681 2.753 2.824 2.895 2.821 2.748 2.675 2.602 2.529 2.497 2.514 2.531 2.548 2.565 2.582 2.601 2.628 2.654 2.679 2.705 2.731 2.757 2.783 2.809 2.836
2.697 2.429 2.160 1.891 2.002 2.116 2.229 2.342 2.455 2.503 2.495 2.488 2.480 2.472 2.464 2.457 2.449 2.441 2.434 2.520 2.695 2.870 3.046 3.221 3.379 3.324 3.269 3.214 3.159 3.104 3.049 2.994 2.939 2.885 2.805 2.702 2.600 2.497 2.488 2.482 2.477 2.471 2.465 2.459 2.453 2.447 2.484 2.582 2.656 2.728 2.800 2.872 2.944 3.016 3.088 3.123 3.050 2.976 2.903 2.830 2.757 2.684 2.641 2.658 2.675 2.692 2.709 2.731 2.757 2.783 2.809 2.835 2.861 2.887 2.913 2.939 2.965
2.564 2.295 2.027 1.836 1.949 2.062 2.176 2.289 2.402 2.515 2.527 2.520 2.512 2.504 2.496 2.489 2.481 2.473 2.490 2.665 2.841 3.016 3.191 3.366 3.542 3.589 3.534 3.479 3.424 3.369 3.314 3.259 3.204 3.139 3.037 2.934 2.831 2.729 2.671 2.665 2.659 2.653 2.647 2.641 2.635 2.629 2.724 2.821 2.919 2.991 3.063 3.135 3.207 3.279 3.351 3.351 3.278 3.205 3.131 3.058 2.985 2.912 2.839 2.785 2.802 2.819 2.836 2.860 2.886 2.912 2.938 2.964 2.990 3.016 3.042 3.068 3.094
2.431 2.162 1.894 1.783 1.896 2.009 2.123 2.236 2.349 2.462 2.559 2.552 2.544 2.536 2.528 2.521 2.513 2.505 2.636 2.811 2.986 3.161 3.337 3.512 3.687 3.853 3.798 3.743 3.688 3.634 3.579 3.524 3.469 3.371 3.269 3.166 3.063 2.961 2.858 2.847 2.841 2.836 2.830 2.824 2.818 2.867 2.964 3.061 3.158 3.254 3.326 3.398 3.470 3.542 3.614 3.579 3.506 3.433 3.360 3.286 3.213 3.140 3.067 2.994 2.929 2.946 2.963 2.989 3.015 3.041 3.067 3.093 3.119 3.153 3.208 3.263 3.318
2.298 2.029 1.760 1.730 1.843 1.956 2.069 2.183 2.296 2.409 2.522 2.584 2.576 2.568 2.560 2.552 2.545 2.606 2.781 2.956 3.132 3.307 3.482 3.657 3.833 4.008 4.063 4.008 3.953 3.898 3.843 3.788 3.706 3.603 3.501 3.398 3.295 3.192 3.090 3.030 3.024 3.018 3.012 3.006 3.009 3.106 3.204 3.301 3.398 3.496 3.589 3.661 3.733 3.805 3.877 3.807 3.734 3.661 3.588 3.515 3.441 3.368 3.295 3.222 3.148 3.075 3.092 3.118 3.144 3.192 3.247 3.302 3.357 3.412 3.466 3.521 3.576
2.165 1.896 1.627 1.676 1.790 1.903 2.016 2.129 2.243 2.356 2.469 2.582 2.608 2.600 2.592 2.584 2.577 2.751 2.927 3.102 3.277 3.452 3.628 3.803 3.978 4.153 4.328 4.273 4.218 4.163 4.108 4.041 3.938 3.835 3.732 3.630 3.527 3.424 3.322 3.219 3.206 3.201 3.195 3.189 3.249 3.346 3.443 3.541 3.638 3.735 3.833 3.924 3.996 4.068 4.109 4.036 3.962 3.889 3.816 3.743 3.670 3.596 3.523 3.450 3.375 3.283 3.284 3.341 3.396 3.451 3.505 3.560 3.615 3.670 3.725 3.780 3.834
2.031 1.763 1.510 1.623 1.737 1.850 1.963 2.076 2.189 2.303 2.416 2.529 2.639 2.632 2.624 2.616 2.722 2.897 3.072 3.248 3.423 3.598 3.773 3.948 4.124 4.299 4.474 4.537 4.482 4.427 4.372 4.272 4.170 4.067 3.964 3.862 3.759 3.656 3.553 3.451 3.389 3.383 3.377 3.391 3.488 3.586 3.683 3.780 3.878 3.975 4.072 4.170 4.259 4.331 4.337 4.264 4.191 4.117 4.044 3.971 3.893 3.801 3.710 3.618 3.526 3.434 3.502 3.599 3.654 3.709 3.764 3.819 3.874 3.928 3.983 4.038 4.093
1.898 1.630 1.457 1.570 1.683 1.797 1.910 2.023 2.136 2.250 2.363 2.476 2.589 2.664 2.656 2.692 2.867 3.042 3.218 3.393 3.568 3.743 3.919 4.094 4.269 4.444 4.619 4.795 4.747 4.692 4.607 4.504 4.402 4.299 4.196 4.093 3.991 3.888 3.785 3.683 3.580 3.565 3.559 3.631 3.728 3.825 3.923 4.020 4.117 4.215 4.312 4.409 4.507 4.594 4.565 4.492 4.412 4.320 4.228 4.137 4.045 3.953 3.861 3.770 3.678 3.618 3.719 3.820 3.913 3.967 4.022 4.077 4.132 4.187 4.242 4.296 4.351
1.765 1.497 1.404 1.517 1.630 1.743 1.857 1.970 2.083 2.196 2.310 2.423 2.536 2.649 2.688 2.838 3.013 3.188 3.363 3.538 3.714 3.889 4.064 4.239 4.415 4.590 4.765 4.940 5.012 4.942 4.839 4.736 4.633 4.531 4.428 4.325 4.223 4.120 4.017 3.914 3.812 3.748 3.773 3.870 3.968 4.065 4.162 4.260 4.357 4.454 4.543 4.600 4.656 4.713 4.747 4.655 4.563 4.472 4.380 4.288 4.196 4.105 4.013 3.921 3.829 3.836 3.937 4.038 4.139 4.226 4.281 4.336 4.390 4.445 4.500 4.555 4.610
1.758 1.363 1.351 1.464 1.577 1.690 1.809 1.928 2.048 2.168 2.287 2.407 2.526 2.646 2.696 2.873 3.055 3.238 3.420 3.603 3.785 3.968 4.150 4.333 4.515 4.697 4.880 5.062 5.245 5.156 5.055 4.955 4.855 4.754 4.654 4.554 4.454 4.352 4.249 4.146 4.043 3.941 3.988 4.045 4.102 4.159 4.215 4.272 4.329 4.386 4.442 4.499 4.556 4.649 4.799 4.807 4.715 4.623 4.531 4.440 4.348 4.256 4.164 4.073 3.981 4.053 4.154 4.256 4.357 4.458 4.539 4.594 4.649 4.704 4.758 4.813 4.868
1.922 1.565 1.405 1.524 1.644 1.763 1.883 2.003 2.122 2.242 2.361 2.481 2.600 2.711 2.684 2.740 2.923 3.105 3.287 3.470 3.652 3.835 4.017 4.200 4.382 4.565 4.747 4.930 5.031 5.028 4.927 4.827 4.727 4.626 4.526 4.426 4.326 4.225 4.125 4.025 3.924 3.866 3.888 3.945 4.001 4.058 4.115 4.172 4.228 4.285 4.342 4.398 4.455 4.586 4.735 4.885 4.866 4.775 4.683 4.591 4.499 4.408 4.316 4.224 4.170 4.271 4.372 4.473 4.574 4.676 4.777 4.852 4.907 4.962 5.017 5.072 5.126
2.138 1.834 1.529 1.599 1.718 1.838 1.957 2.077 2.196 2.316 2.435 2.555 2.675 2.699 2.672 2.645 2.790 2.973 3.155 3.337 3.520 3.702 3.885 4.067 4.250 4.432 4.615 4.779 4.817 4.854 4.799 4.699 4.599 4.498 4.398 4.298 4.198 4.097 3.997 3.897 3.796 3.797 3.812 3.844 3.901 3.957 4.014 4.071 4.128 4.184 4.241 4.298 4.372 4.522 4.672 4.821 4.971 4.926 4.834 4.743 4.651 4.559 4.467 4.376 4.387 4.488 4.590 4.691 4.792 4.893 4.994 5.096 5.165 5.220 5.275 5.330 5.367
2.407 2.103 1.798 1.673 1.792 1.912 2.031 2.151 2.271 2.390 2.510 2.629 2.714 2.687 2.660 2.632 2.657 2.840 3.022 3.205 3.387 3.570 3.752 3.935 4.117 4.300 4.482 4.564 4.602 4.640 4.671 4.571 4.471 4.370 4.270 4.170 4.070 3.969 3.869 3.769 3.713 3.727 3.742 3.757 3.800 3.857 3.914 3.970 4.027 4.084 4.141 4.197 4.309 4.458 4.608 4.758 4.907 5.057 4.986 4.894 4.803 4.711 4.619 4.527 4.605 4.706 4.807 4.908 5.010 5.111 5.212 5.313 5.415 5.479 5.534 5.588 5.564
2.676 2.372 2.067 1.763 1.867 1.986 2.106 2.225 2.345 2.464 2.584 2.703 2.702 2.675 2.647 2.620 2.593 2.707 2.890 3.072 3.255 3.437 3.620 3.802 3.985 4.167 4.312 4.350 4.387 4.425 4.463 4.443 4.343 4.242 4.142 4.042 3.941 3.841 3.741 3.641 3.643 3.658 3.673 3.688 3.702 3.756 3.813 3.870 3.927 3.983 4.040 4.097 4.245 4.395 4.544 4.694 4.844 4.993 5.138 5.046 4.954 4.862 4.771 4.721 4.822 4.924 5.025 5.126 5.227 5.328 5.430 5.531 5.632 5.733 5.792 5.832 5.762
2.945 2.640 2.336 2.032 1.941 2.060 2.180 2.299 2.419 2.539 2.658 2.717 2.690 2.662 2.635 2.608 2.581 2.575 2.757 2.940 3.122 3.305 3.487 3.670 3.852 4.034 4.098 4.135 4.173 4.211 4.248 4.286 4.215 4.114 4.014 3.914 3.814 3.713 3.613 3.559 3.574 3.589 3.603 3.618 3.633 3.656 3.713 3.769 3.826 3.883 3.939 4.032 4.182 4.331 4.481 4.631 4.780 4.930 5.079 5.197 5.106 5.014 4.922 4.939 5.040 5.141 5.242 5.344 5.445 5.546 5.647 5.748 5.850 5.951 6.050 6.030 5.960
3.214 2.909 2.605 2.301 2.015 2.134 2.254 2.374 2.493 2.613 2.732 2.705 2.677 2.650 2.623 2.596 2.569 2.541 2.625 2.807 2.990 3.172 3.354 3.537 3.719 3.845 3.883 3.921 3.958 3.996 4.034 4.072 4.087 3.986 3.886 3.786 3.686 3.585 3.485 3.490 3.504 3.519 3.534 3.549 3.563 3.578 3.612 3.669 3.726 3.782 3.839 3.968 4.118 4.268 4.417 4.567 4.717 4.866 5.016 5.165 5.257 5.165 5.074 5.156 5.258 5.359 5.460 5.561 5.662 5.764 5.865 5.951 5.954 5.956 5.959 5.894 5.774
3.483 3.178 2.874 2.570 2.265 2.209 2.328 2.448 2.567 2.687 2.720 2.692 2.665 2.638 2.611 2.583 2.556 2.529 2.502 2.675 2.857 3.039 3.222 3.404 3.587 3.631 3.669 3.706 3.744 3.782 3.819 3.857 3.895 3.858 3.758 3.658 3.558 3.457 3.406 3.420 3.435 3.450 3.465 3.479 3.494 3.509 3.524 3.568 3.625 3.682 3.755 3.905 4.054 4.204 4.354 4.503 4.653 4.803 4.952 5.102 5.251 5.317 5.273 5.374 5.475 5.576 5.666 5.669 5.671 5.674 5.676 5.679 5.681 5.684 5.667 5.611 5.539
3.752 3.447 3.143 2.839 2.534 2.283 2.402 2.522 2.642 2.735 2.707 2.680 2.653 2.626 2.598 2.571 2.544 2.517 2.490 2.542 2.725 2.907 3.089 3.272 3.379 3.416 3.454 3.492 3.529 3.567 3.605 3.643 3.680 3.718 3.630 3.530 3.430 3.329 3.336 3.351 3.366 3.380 3.395 3.410 3.425 3.439 3.454 3.469 3.524 3.581 3.692 3.841 3.991 4.140 4.290 4.440 4.589 4.739 4.889 5.038 5.188 5.333 5.384 5.386 5.389 5.391 5.394 5.396 5.399 5.401 5.404 5.406 5.409 5.411 5.374 5.319 5.263
4.020 3.716 3.412 3.107 2.803 2.499 2.477 2.596 2.716 2.722 2.695 2.668 2.641 2.614 2.586 2.559 2.532 2.505 2.477 2.450 2.592 2.774 2.957 3.126 3.164 3.202 3.240 3.277 3.315 3.353 3.390 3.428 3.466 3.503 3.502 3.402 3.302 3.252 3.267 3.281 3.296 3.311 3.326 3.340 3.355 3.370 3.385 3.400 3.424 3.481 3.628 3.778 3.927 4.077 4.226 4.376 4.497 4.618 4.739 4.860 4.981 5.102 5.111 5.114 5.116 5.119 5.121 5.124 5.126 5.129 5.132 5.134 5.137 5.138 5.082 5.026 4.971
4.289 3.985 3.681 3.376 3.072 2.768 2.551 2.670 2.738 2.710 2.683 2.656 2.629 2.601 2.574 2.547 2.520 2.492 2.465 2.438 2.460 2.642 2.824 2.912 2.950 2.987 3.025 3.063 3.101 3.138 3.176 3.214 3.251 3.289 3.327 3.274 3.174 3.183 3.197 3.212 3.227 3.242 3.256 3.271 3.286 3.301 3.315 3.330 3.345 3.415 3.541 3.662 3.783 3.904 4.025 4.146 4.267 4.388 4.509 4.630 4.751 4.834 4.838 4.841 4.844 4.846 4.849 4.852 4.854 4.857 4.859 4.862 4.864 4.845 4.790 4.734 4.678
4.381 4.148 3.915 3.645 3.341 3.037 2.732 2.745 2.725 2.698 2.671 2.644 2.616 2.589 2.562 2.535 2.508 2.480 2.453 2.426 2.399 2.509 2.660 2.698 2.735 2.773 2.811 2.848 2.886 2.924 2.962 2.999 3.037 3.075 3.112 3.146 3.099 3.113 3.128 3.143 3.158 3.172 3.186 3.200 3.215 3.229 3.243 3.257 3.272 3.244 3.311 3.432 3.553 3.674 3.795 3.916 4.037 4.158 4.279 4.400 4.521 4.561 4.565 4.568 4.571 4.574 4.577 4.579 4.582 4.584 4.587 4.589 4.592 4.553 4.497 4.442 4.386
4.267 4.034 3.801 3.567 3.334 3.101 2.868 2.765 2.734 2.703 2.672 2.641 2.610 2.579 2.550 2.523 2.495 2.468 2.441 2.414 2.386 2.377 2.446 2.483 2.521 2.559 2.597 2.642 2.688 2.734 2.779 2.825 2.871 2.916 2.962 3.008 3.027 3.041 3.055 3.069 3.084 3.098 3.112 3.126 3.140 3.155 3.169 3.183 3.187 3.147 3.108 3.202 3.323 3.444 3.565 3.686 3.806 3.927 4.048 4.169 4.284 4.288 4.291 4.295 4.298 4.302 4.304 4.307 4.309 4.312 4.314 4.317 4.316 4.261 4.205 4.149 4.094
4.153 3.920 3.687 3.453 3.220 2.987 2.849 2.857 2.833 2.802 2.771 2.740 2.709 2.678 2.647 2.616 2.585 2.554 2.523 2.492 2.460 2.399 2.349 2.394 2.440 2.486 2.531 2.577 2.623 2.668 2.714 2.760 2.805 2.851 2.897 2.932 2.951 2.967 2.981 2.995 3.009 3.024 3.038 3.052 3.066 3.081 3.095 3.109 3.090 3.051 3.011 2.972 3.092 3.213 3.334 3.455 3.576 3.697 3.818 3.939 4.011 4.015 4.018 4.022 4.025 4.028 4.032 4.034 4.037 4.039 4.042 4.045 4.024 3.968 3.913 3.857 3.801
4.039 3.806 3.573 3.340 3.106 2.921 2.930 2.938 2.932 2.901 2.870 2.839 2.808 2.777 2.746 2.715 2.684 2.653 2.621 2.590 2.559 2.450 2.329 2.329 2.375 2.421 2.466 2.512 2.558 2.603 2.649 2.695 2.740 2.786 2.832 2.854 2.873 2.892 2.907 2.921 2.935 2.950 2.964 2.978 2.992 3.007 3.021 3.033 2.994 2.954 2.915 2.875 2.862 2.983 3.104 3.225 3.346 3.467 3.588 3.709 3.738 3.741 3.745 3.748 3.752 3.755 3.759 3.762 3.765 3.767 3.770 3.772 3.732 3.676 3.620 3.565 3.509
3.925 3.692 3.459 3.226 2.993 3.002 3.011 3.019 3.028 3.000 2.969 2.938 2.907 2.876 2.845 2.813 2.782 2.751 2.720 2.689 2.620 2.500 2.380 2.264 2.310 2.355 2.401 2.447 2.492 2.538 2.584 2.629 2.675 2.721 2.757 2.776 2.795 2.814 2.833 2.847 2.861 2.876 2.890 2.904 2.918 2.933 2.947 2.937 2.897 2.858 2.818 2.779 2.739 2.753 2.874 2.995 3.116 3.237 3.358 3.461 3.465 3.468 3.472 3.475 3.479 3.482 3.486 3.489 3.492 3.495 3.497 3.495 3.439 3.384 3.328 3.272 3.217
3.811 3.578 3.345 3.112 3.074 3.083 3.091 3.100 3.109 3.099 3.067 3.037 3.005 2.974 2.943 2.912 2.881 2.850 2.819 2.788 2.671 2.550 2.430 2.310 2.245 2.290 2.336 2.381 2.427 2.473 2.519 2.564 2.610 2.655 2.680 2.699 2.718 2.737 2.756 2.773 2.787 2.802 2.816 2.830 2.844 2.858 2.873 2.841 2.801 2.762 2.722 2.682 2.643 2.603 2.643 2.764 2.885 3.006 3.127 3.188 3.192 3.195 3.199 3.202 3.205 3.209 3.212 3.216 3.219 3.223 3.225 3.203 3.147 3.091 3.036 2.980 2.924
3.698 3.464 3.231 3.146 3.155 3.164 3.172 3.181 3.190 3.197 3.166 3.135 3.104 3.073 3.042 3.011 2.980 2.949 2.918 2.841 2.721 2.601 2.480 2.360 2.240 2.225 2.271 2.316 2.362 2.408 2.453 2.499 2.544 2.583 2.602 2.621 2.640 2.659 2.678 2.697 2.713 2.727 2.742 2.756 2.770 2.784 2.784 2.744 2.705 2.665 2.626 2.586 2.546 2.507 2.467 2.534 2.655 2.776 2.897 2.915 2.919 2.922 2.925 2.929 2.932 2.936 2.939 2.943 2.946 2.950 2.953 2.910 2.855 2.841 2.848 2.854 2.860
3.584 3.351 3.219 3.227 3.236 3.245 3.253 3.262 3.271 3.279 3.265 3.234 3.203 3.172 3.141 3.110 3.079 3.048 3.012 2.892 2.771 2.651 2.531 2.410 2.290 2.170 2.205 2.251 2.297 2.342 2.388 2.434 2.479 2.505 2.524 2.543 2.562 2.581 2.600 2.619 2.638 2.653 2.668 2.682 2.696 2.710 2.687 2.648 2.608 2.569 2.529 2.490 2.450 2.410 2.371 2.331 2.425 2.546 2.638 2.642 2.645 2.649 2.652 2.656 2.659 2.663 2.666 2.670 2.684 2.731 2.776 2.798 2.804 2.811 2.817 2.823 2.830
3.470 3.291 3.300 3.308 3.317 3.326 3.334 3.343 3.352 3.360 3.364 3.333 3.302 3.271 3.240 3.209 3.178 3.147 3.062 2.942 2.822 2.701 2.581 2.461 2.341 2.220 2.140 2.186 2.232 2.277 2.323 2.368 2.409 2.428 2.447 2.466 2.485 2.504 2.523 2.542 2.561 2.579 2.594 2.608 2.622 2.631 2.591 2.551 2.512 2.472 2.433 2.393 2.354 2.314 2.275 2.235 2.195 2.316 2.365 2.369 2.372 2.376 2.379 2.393 2.440 2.486 2.533 2.579 2.626 2.672 2.715 2.753 2.774 2.780 2.786 2.793 2.799
3.363 3.372 3.381 3.389 3.398 3.407 3.415 3.424 3.433 3.441 3.450 3.432 3.401 3.370 3.339 3.308 3.277 3.233 3.113 2.992 2.872 2.752 2.631 2.511 2.391 2.271 2.150 2.121 2.166 2.212 2.258 2.303 2.331 2.350 2.369 2.388 2.407 2.426 2.445 2.464 2.483 2.502 2.520 2.534 2.548 2.534 2.495 2.455 2.416 2.376 2.336 2.297 2.257 2.218 2.178 2.139 2.099 2.086 2.103 2.149 2.195 2.242 2.288 2.335 2.381 2.428 2.474 2.521 2.567 2.613 2.653 2.692 2.730 2.749 2.756 2.762 2.768
3.444 3.453 3.462 3.470 3.479 3.488 3.496 3.505 3.514 3.522 3.531 3.531 3.500 3.469 3.438 3.407 3.376 3.283 3.163 3.043 2.922 2.802 2.682 2.562 2.441 2.321 2.201 2.080 2.101 2.147 2.192 2.235 2.254 2.273 2.292 2.311 2.330 2.349 2.368 2.386 2.405 2.424 2.443 2.460 2.474 2.438 2.398 2.359 2.319 2.280 2.240 2.201 2.164 2.142 2.119 2.097 2.074 2.050 2.044 2.090 2.137 2.183 2.230 2.276 2.323 2.369 2.415 2.462 2.508 2.554 2.592 2.630 2.668 2.706 2.725 2.731 2.738
3.525 3.534 3.543 3.551 3.560 3.569 3.577 3.586 3.595 3.603 3.612 3.620 3.599 3.568 3.537 3.506 3.454 3.334 3.213 3.093 2.973 2.852 2.732 2.612 2.492 2.371 2.251 2.131 2.036 2.082 2.127 2.157 2.176 2.195 2.214 2.233 2.252 2.271 2.290 2.309 2.328 2.347 2.366 2.385 2.381 2.342 2.308 2.285 2.263 2.240 2.218 2.195 2.173 2.150 2.127 2.105 2.082 2.057 2.031 2.032 2.078 2.125 2.171 2.218 2.264 2.310 2.357 2.403 2.450 2.493 2.531 2.569 2.607 2.645 2.683 2.701 2.707
