includes/camargue/floodfiles/results/res-0002.wdfp
ncols         906
nrows         631
xllcorner     362177.146667
yllcorner     6534725.688020
cellsize      20.000000
NODATA_value  -9999.000000
[rows 442 to 475 of 631, columns 154 to 230 of 906]
0.000 0.000 0.000 0.000 0.000 0.000 0.000 0.000 0.000 0.000 0.000 0.000 0.000 0.000 0.000 0.000 0.000 0.000 0.000 0.000 0.000 0.000 0.000 0.000 0.000 0.000 0.000 0.000 0.000 0.000 0.000 0.000 0.000 0.000 0.000 0.000 0.000 0.000 0.000 0.000 0.000 0.000 0.000 0.000 0.000 0.000 0.000 0.000 0.000 0.000 0.000 0.000 2.263 2.243 2.443 1.286 1.268 2.543 2.463 1.213 1.195 1.202 2.654 2.404 2.464 2.404 2.474 2.334 2.354 2.335 2.245 2.325 2.325 2.165 2.235 2.195 2.166
0.000 0.000 0.000 0.000 0.000 0.000 0.000 0.000 0.000 0.000 0.000 0.000 0.000 0.000 0.000 0.000 0.000 0.000 0.000 0.000 0.000 0.000 0.000 0.000 0.000 0.000 0.000 0.000 0.000 0.000 0.000 0.000 0.000 0.000 0.000 0.000 0.000 0.000 0.000 0.000 0.000 0.000 0.000 0.000 0.000 0.000 0.000 0.000 0.000 0.000 0.000 0.000 0.000 2.443 2.432 1.481 1.463 2.643 2.703 1.409 1.391 2.533 2.673 2.474 2.384 2.344 2.274 2.284 2.344 2.244 2.245 2.235 2.315 2.295 2.195 2.285 2.226
0.000 0.000 0.000 0.000 0.000 0.000 0.000 0.000 0.000 0.000 0.000 0.000 0.000 0.000 0.000 0.000 0.000 0.000 0.000 0.000 0.000 0.000 0.000 0.000 0.000 0.000 0.000 0.000 0.000 0.000 0.000 0.000 0.000 0.000 0.000 0.000 0.000 0.000 0.000 0.000 0.000 0.000 0.000 0.000 0.000 0.000 0.000 0.000 0.000 0.000 0.000 0.000 0.000 2.402 2.332 1.676 1.658 1.640 1.622 1.604 1.594 2.503 2.353 2.483 2.394 2.334 2.384 2.324 2.334 2.264 2.245 2.324 2.285 2.275 2.105 2.195 2.166
0.000 0.000 0.000 0.000 0.000 0.000 0.000 0.000 0.000 0.000 0.000 0.000 0.000 0.000 0.000 0.000 0.000 0.000 0.000 0.000 0.000 0.000 0.000 0.000 0.000 0.000 0.000 0.000 0.000 0.000 0.000 0.000 0.000 0.000 0.000 0.000 0.000 0.000 0.000 0.000 0.000 0.000 0.000 0.000 0.000 0.000 0.000 0.000 0.000 0.000 0.000 0.000 0.000 2.652 2.422 1.871 1.853 1.835 1.817 1.799 2.503 2.453 2.443 2.393 2.363 2.473 2.374 2.344 2.324 2.314 2.244 2.175 2.135 2.305 2.315 2.255 2.195
0.000 0.000 0.000 0.000 0.000 0.000 0.000 0.000 0.000 0.000 0.000 0.000 0.000 0.000 0.000 0.000 0.000 0.000 0.000 0.000 0.000 0.000 0.000 0.000 0.000 0.000 0.000 0.000 0.000 0.000 0.000 0.000 0.000 0.000 0.000 0.000 0.000 0.000 0.000 0.000 0.000 0.000 0.000 0.000 0.000 0.000 0.000 0.000 0.000 0.000 0.000 0.000 0.000 2.512 2.452 2.066 2.048 2.030 2.012 1.994 2.573 2.503 2.473 2.433 2.473 2.463 2.364 2.424 2.374 2.354 2.304 2.354 2.235 2.345 2.155 2.225 2.255
0.000 0.000 0.000 0.000 0.000 0.000 0.000 0.000 0.000 0.000 0.000 0.000 0.000 0.000 0.000 0.000 0.000 0.000 0.000 0.000 0.000 0.000 0.000 0.000 0.000 0.000 0.000 0.000 0.000 0.000 0.000 0.000 0.000 0.000 0.000 0.000 0.000 0.000 0.000 0.000 0.000 0.000 0.000 0.000 0.000 0.000 0.000 0.000 0.000 0.000 0.000 0.000 2.721 2.721 2.691 2.261 2.243 2.225 2.207 2.191 2.642 2.353 2.523 2.423 2.383 2.433 2.353 2.394 2.404 2.364 2.264 2.404 2.275 2.235 2.295 2.325 2.255
0.000 0.000 0.000 0.000 0.000 0.000 0.000 0.000 0.000 0.000 0.000 0.000 0.000 0.000 0.000 0.000 0.000 0.000 0.000 0.000 0.000 0.000 0.000 0.000 0.000 0.000 0.000 0.000 0.000 0.000 0.000 0.000 0.000 0.000 0.000 0.000 0.000 0.000 0.000 0.000 0.000 0.000 0.000 0.000 0.000 0.000 0.000 0.000 0.000 0.000 0.000 0.000 2.444 2.492 2.474 2.456 2.438 2.421 2.402 2.572 2.402 2.562 2.513 2.513 2.363 2.373 2.603 2.623 2.374 2.374 2.284 2.304 2.154 2.235 2.245 2.025 2.275
0.000 0.000 0.000 0.000 0.000 0.000 0.000 0.000 0.000 0.000 0.000 0.000 0.000 0.000 0.000 0.000 0.000 0.000 0.000 0.000 0.000 0.000 0.000 0.000 0.000 0.000 0.000 0.000 0.942 1.252 0.000 0.000 0.000 0.000 0.000 0.000 0.000 0.000 0.000 0.000 0.000 0.000 0.000 0.000 0.000 0.000 0.000 0.000 0.000 0.000 0.000 2.629 2.720 2.627 2.669 2.651 2.633 2.616 2.598 2.602 2.532 2.542 2.483 2.453 2.513 2.453 2.483 2.573 2.444 2.434 2.304 2.364 2.284 2.254 2.115 2.315 2.255
0.000 0.000 0.000 0.000 0.000 0.000 0.000 0.000 0.000 0.000 0.000 0.000 0.000 0.000 0.000 0.000 0.000 0.000 0.000 0.000 0.000 0.000 0.000 0.000 0.000 0.000 1.592 1.742 2.062 2.162 2.012 2.082 1.952 1.982 2.172 2.182 2.222 2.343 2.183 2.343 2.523 2.343 2.443 2.284 2.264 2.305 2.286 2.216 2.317 2.337 2.488 2.660 2.710 2.760 2.810 2.847 2.829 2.811 2.793 2.652 2.542 2.512 2.512 2.602 2.562 2.343 2.493 2.333 2.493 2.384 2.424 2.344 2.374 2.324 2.384 2.395 2.225
0.000 0.000 0.000 0.000 0.000 0.000 0.000 0.000 0.000 0.000 0.000 0.000 0.000 0.000 0.000 0.000 0.000 0.000 0.000 0.000 0.000 0.000 0.000 0.000 0.000 1.662 2.062 1.912 2.192 2.192 2.042 2.202 2.132 2.302 2.412 2.352 2.382 2.512 2.572 2.703 2.583 2.553 2.614 2.544 1.780 2.715 2.340 2.592 2.627 2.517 2.743 2.793 2.843 2.893 2.943 2.993 3.024 3.006 2.994 2.681 2.661 2.572 2.572 2.552 2.442 2.393 2.573 2.433 2.393 2.434 2.554 2.434 2.314 2.094 2.374 2.365 2.275
0.000 0.000 0.000 0.000 0.000 0.000 0.000 0.000 0.000 0.000 0.000 0.000 0.000 0.000 0.000 0.000 0.000 0.000 0.000 0.000 0.000 0.000 0.000 0.000 2.272 2.142 2.312 2.292 2.282 2.002 2.022 2.182 2.072 2.392 2.462 2.522 2.542 2.713 0.754 2.653 2.703 2.673 1.434 2.694 1.994 2.274 2.715 2.646 2.537 2.617 2.876 2.927 2.976 3.027 3.077 3.126 3.176 3.201 2.711 2.671 2.701 2.551 2.522 2.572 2.472 2.532 2.453 2.413 2.423 2.353 2.343 2.284 2.354 2.364 2.424 2.405 2.385
0.000 0.000 0.000 0.000 0.000 0.000 0.000 1.801 1.901 1.651 1.181 0.000 0.000 0.000 0.000 0.000 0.000 1.741 2.081 2.391 2.322 2.382 2.402 2.482 2.282 2.622 2.302 2.462 2.322 2.422 2.172 2.192 2.332 2.312 2.422 0.932 1.002 1.083 1.166 2.603 2.593 2.553 1.648 1.928 2.208 2.488 2.646 2.586 2.909 2.960 3.010 3.060 3.110 3.160 3.210 3.260 3.310 3.343 2.701 2.671 2.661 2.641 3.107 2.522 2.432 2.512 2.443 2.323 2.343 2.323 2.333 2.313 2.314 2.374 2.354 2.325 2.405
0.000 0.000 0.000 0.000 2.201 2.521 2.441 2.391 2.431 2.381 2.241 0.043 2.151 2.321 2.402 2.322 2.391 2.401 2.451 2.382 2.502 2.432 2.522 2.532 2.682 2.522 2.522 2.462 2.432 2.382 2.342 2.552 2.502 2.652 2.692 2.532 2.623 2.633 1.578 1.661 1.743 1.826 1.908 2.142 2.422 2.702 2.943 2.993 3.043 3.093 3.143 3.193 3.243 3.293 3.317 3.322 3.326 2.710 3.309 2.681 2.581 2.631 2.492 2.462 3.009 2.502 2.422 2.423 2.353 2.323 2.403 2.313 2.354 2.344 2.414 2.514 2.335
0.000 0.000 2.561 2.621 2.541 2.661 2.551 2.401 2.471 2.561 2.521 2.511 2.541 2.601 2.421 2.421 2.521 2.381 2.461 2.592 2.572 2.502 2.622 2.542 2.602 2.612 2.652 2.582 2.542 2.532 2.492 2.472 2.612 2.662 2.573 2.583 1.826 1.908 2.703 2.073 2.684 2.644 2.320 2.403 2.636 2.916 3.076 3.126 3.177 3.227 3.277 3.291 3.296 3.300 3.305 3.309 3.314 3.307 3.287 2.661 2.591 2.511 2.541 2.431 2.592 2.582 2.452 2.372 2.443 2.493 2.353 2.373 2.384 2.364 2.404 2.304 2.424
2.632 2.571 2.631 2.611 2.671 2.621 2.541 2.651 2.591 2.621 2.591 1.788 2.602 1.659 2.521 2.522 2.551 2.491 2.521 2.571 2.461 2.542 2.502 2.682 2.632 2.652 2.512 2.662 2.552 2.602 2.622 1.883 1.948 2.663 2.713 2.155 2.238 2.320 2.402 2.485 2.568 2.650 2.732 2.815 2.898 3.130 3.210 3.260 3.265 3.270 3.274 3.279 3.283 3.288 3.292 3.297 3.301 3.285 2.650 2.621 3.227 2.591 2.601 2.621 2.532 2.462 2.612 2.362 2.532 2.513 2.423 2.413 2.294 2.314 2.224 2.404 2.374
1.460 2.612 2.661 2.551 2.681 2.631 2.651 2.368 2.671 2.681 2.097 2.681 1.917 2.652 2.672 2.662 2.622 2.672 2.672 2.661 2.621 2.652 2.592 2.612 2.702 2.712 2.682 2.035 2.542 2.161 2.712 2.287 2.353 2.419 2.485 2.703 2.703 2.732 2.815 2.897 2.980 3.062 3.144 3.227 3.253 3.243 3.244 3.248 3.253 3.257 3.262 3.266 3.271 3.275 3.280 3.284 3.283 3.264 3.244 2.670 2.521 2.711 2.691 2.591 2.682 2.612 2.552 2.582 2.572 2.483 2.373 2.433 2.463 2.494 2.404 2.434 2.354
2.662 2.079 2.488 2.631 2.641 2.687 2.677 2.587 2.497 2.406 2.316 2.225 2.671 2.175 2.224 2.661 2.551 2.621 2.642 2.682 2.712 2.264 2.197 2.672 2.253 2.316 2.379 2.442 2.505 2.568 2.631 2.694 2.758 2.823 2.897 2.980 3.062 3.144 3.227 3.302 3.294 3.285 3.277 3.269 3.261 3.247 3.231 3.236 3.240 3.245 3.249 3.254 3.258 3.263 3.267 3.271 3.262 3.242 3.223 3.203 2.680 3.164 2.641 2.581 2.651 2.582 2.552 2.652 2.492 2.503 2.473 2.383 2.433 2.404 2.254 2.404 2.394
1.880 2.592 2.672 2.749 2.775 2.802 2.829 2.806 2.715 2.625 2.535 2.444 2.384 2.433 2.482 2.701 2.580 2.628 2.677 2.692 2.694 2.626 2.558 2.598 2.661 2.724 2.786 2.849 2.912 2.975 3.038 3.101 3.164 3.228 3.309 3.344 3.335 3.326 3.318 3.310 3.301 3.293 3.285 3.277 3.267 3.251 3.234 3.223 3.228 3.232 3.237 3.241 3.246 3.250 3.255 3.259 3.241 3.221 3.201 2.680 3.162 3.143 2.591 2.681 3.038 2.642 2.482 2.482 2.512 2.513 2.473 2.483 2.473 2.463 2.394 2.414 2.444
2.090 2.499 2.837 2.864 2.891 2.917 2.944 2.970 2.934 2.844 2.753 2.663 2.642 2.691 2.740 2.789 2.837 2.886 2.935 2.984 3.033 2.988 2.942 3.005 3.068 3.131 3.194 3.256 3.319 3.382 3.388 3.387 3.386 3.375 3.360 3.351 3.343 3.334 3.326 3.318 3.309 3.301 3.293 3.284 3.272 3.255 3.238 3.221 3.215 3.220 3.224 3.229 3.233 3.237 3.242 3.239 3.219 3.200 3.180 3.161 3.141 3.122 2.591 2.551 2.691 2.991 2.612 2.672 2.532 2.453 2.463 2.373 2.503 2.483 2.444 2.504 2.444
2.299 2.709 2.953 2.979 3.006 3.033 3.059 3.086 3.112 3.063 2.972 2.882 2.900 2.949 2.998 3.046 3.095 3.144 3.193 3.242 3.291 3.340 3.349 3.412 3.427 3.426 3.425 3.424 3.423 3.422 3.420 3.419 3.418 3.398 3.371 3.359 3.351 3.342 3.334 3.325 3.317 3.309 3.301 3.292 3.276 3.259 3.242 3.225 3.208 3.207 3.212 3.216 3.220 3.225 3.229 3.217 3.198 3.178 3.159 3.139 3.120 2.671 3.081 2.661 3.042 2.661 2.462 2.452 2.342 2.483 2.493 2.613 2.463 2.493 2.504 2.474 2.474
2.510 2.918 3.068 3.095 3.121 3.148 3.174 3.201 3.228 3.254 3.191 3.109 3.158 3.207 3.256 3.304 3.353 3.402 3.448 3.451 3.454 3.457 3.462 3.461 3.459 3.458 3.457 3.456 3.455 3.454 3.453 3.452 3.446 3.420 3.393 3.367 3.358 3.350 3.342 3.333 3.325 3.317 3.308 3.297 3.280 3.263 3.246 3.229 3.212 3.195 3.199 3.204 3.208 3.212 3.215 3.196 3.176 3.157 3.137 3.118 3.098 2.670 2.691 2.721 2.701 2.581 2.522 2.502 2.402 2.452 2.383 2.483 2.633 2.443 2.454 2.484 2.494
2.720 3.129 3.183 3.210 3.236 3.263 3.290 3.316 3.343 3.370 3.396 3.367 3.416 3.459 3.462 3.465 3.468 3.471 3.475 3.478 3.481 3.484 3.489 3.493 3.492 3.491 3.490 3.489 3.487 3.486 3.485 3.484 3.468 3.442 3.415 3.389 3.366 3.358 3.350 3.341 3.333 3.324 3.316 3.301 3.284 2.716 3.250 3.233 3.216 3.199 3.187 2.688 3.195 3.200 3.194 3.174 3.155 3.135 3.116 3.096 3.077 3.057 3.038 2.641 2.581 2.671 2.692 2.392 2.512 2.652 2.543 2.333 2.323 2.563 2.554 2.454 2.504
2.930 3.272 3.299 3.325 3.352 3.378 3.405 3.432 3.458 3.470 3.474 3.480 3.483 3.486 3.489 3.492 3.495 3.498 3.501 3.504 3.507 3.512 3.517 3.522 3.524 3.523 3.522 3.521 3.520 3.519 3.518 3.516 3.490 3.464 3.437 3.411 3.385 3.366 3.357 3.349 3.340 3.332 3.322 3.305 3.288 3.271 3.254 3.237 3.220 3.203 3.186 3.179 3.183 3.187 2.719 3.153 3.134 3.114 3.094 3.075 3.056 3.036 2.691 2.681 2.977 2.621 2.541 2.642 2.552 2.632 2.473 2.463 2.353 2.553 2.474 2.474 2.454
3.140 3.387 3.414 3.440 3.467 3.478 3.481 3.485 3.488 3.491 3.495 3.502 3.509 3.512 3.515 3.518 3.521 3.524 3.527 3.531 3.534 3.539 3.544 3.549 3.554 3.556 3.554 3.553 3.552 3.551 3.550 3.538 3.512 3.486 3.460 3.433 3.407 3.381 3.365 3.357 3.348 3.340 3.326 3.309 3.292 3.275 3.258 3.241 3.224 3.207 3.190 3.173 3.170 3.171 3.151 3.132 3.112 3.092 3.073 3.054 3.034 3.015 2.690 2.641 2.681 2.951 2.601 2.652 2.722 2.622 2.453 2.403 2.663 2.433 2.483 2.454 2.354
3.444 3.486 3.489 3.493 3.496 3.499 3.502 3.506 3.509 3.512 3.517 3.525 3.532 3.539 3.542 3.545 3.548 3.551 3.554 3.557 3.561 3.566 3.571 3.576 3.581 3.586 3.587 3.586 3.585 3.584 3.583 3.560 3.534 3.508 3.482 3.456 3.429 3.403 3.377 3.365 3.356 3.347 3.330 3.313 3.296 3.279 3.262 3.245 3.228 3.211 3.194 3.177 2.658 3.149 3.130 2.669 3.098 3.084 3.071 3.057 3.043 3.030 3.016 2.661 2.601 2.671 2.651 2.572 2.592 2.552 2.503 2.483 2.643 2.453 2.523 2.383 2.514
3.491 3.505 3.511 3.514 3.517 3.520 3.523 3.527 3.530 3.533 3.539 3.547 3.555 3.563 3.568 3.572 3.574 3.577 3.580 3.584 3.588 3.593 3.598 3.603 3.608 3.614 3.619 3.618 3.617 3.616 3.609 3.582 3.556 3.530 3.504 3.478 3.451 3.425 3.399 3.373 3.364 3.351 3.334 3.318 3.301 3.283 3.266 3.249 3.233 3.221 3.210 3.198 3.186 3.163 3.149 3.135 3.122 3.108 3.094 3.081 2.700 2.660 3.039 2.691 2.691 2.999 2.471 2.602 2.652 2.612 2.512 2.642 2.593 2.583 2.563 2.573 2.504
3.501 3.516 3.531 3.535 3.538 3.541 3.544 3.548 3.551 3.554 3.562 3.569 3.577 3.585 3.593 3.598 3.601 3.604 3.607 3.610 3.615 3.620 3.626 3.631 3.636 3.641 3.646 3.651 3.650 3.648 3.631 3.605 3.578 3.552 3.526 3.500 3.474 3.447 3.421 3.395 3.372 3.356 3.343 3.331 3.319 3.308 3.296 3.284 3.272 2.718 3.249 3.237 3.217 3.190 3.173 3.159 3.145 3.132 3.118 3.104 3.090 2.700 3.063 3.049 3.036 2.601 3.010 2.721 2.692 2.692 2.592 2.643 2.593 2.583 2.603 2.613 2.453
3.512 3.527 3.542 3.556 3.559 3.562 3.565 3.569 3.572 3.576 3.584 3.592 3.600 3.608 3.616 3.624 3.627 3.631 3.634 3.637 3.642 3.647 3.653 3.658 3.663 3.668 3.674 3.679 3.682 3.679 3.653 3.627 3.601 3.574 3.548 3.522 3.496 3.471 3.445 3.419 3.402 3.394 3.382 3.370 3.358 3.347 3.335 3.323 3.311 3.300 2.678 3.275 3.248 3.220 3.196 3.182 3.169 3.155 3.142 2.640 3.114 3.100 2.700 3.073 3.059 3.047 3.034 2.721 2.682 2.632 2.562 2.622 2.643 2.573 2.543 2.603 2.563
3.523 3.538 3.553 3.568 3.580 3.583 3.586 3.590 3.593 3.599 3.606 3.614 3.622 3.630 3.638 3.646 3.654 3.657 3.660 3.665 3.670 3.675 3.680 3.685 3.690 3.696 3.701 3.706 3.711 3.701 3.676 3.650 3.625 3.599 3.573 3.548 3.522 3.496 3.471 3.445 3.437 3.432 3.421 3.409 3.397 3.386 3.374 3.362 3.350 3.339 3.327 3.306 3.279 3.251 3.224 3.206 3.192 3.179 2.700 2.640 3.138 3.124 3.110 3.096 3.083 3.071 2.701 3.046 3.033 2.642 2.722 2.602 2.653 2.543 2.633 2.593 2.959
3.534 3.549 3.564 3.579 3.594 3.604 3.607 3.611 3.614 3.621 3.629 3.637 3.645 3.653 3.661 3.668 3.676 3.684 3.687 3.692 3.697 3.702 3.707 3.712 3.717 3.721 3.725 3.730 3.734 3.724 3.701 3.676 3.650 3.625 3.599 3.573 3.548 3.522 3.496 3.478 3.472 3.467 3.460 3.448 3.437 3.425 3.413 3.401 3.390 3.378 3.364 3.337 3.310 3.282 3.255 3.230 3.216 3.203 3.189 3.175 3.161 3.148 3.134 3.120 3.108 3.095 3.083 3.070 2.611 2.672 3.037 2.652 2.572 2.483 2.632 2.583 2.593
3.545 3.560 3.575 3.590 3.605 3.620 3.628 3.632 3.636 3.644 3.651 3.659 3.667 3.675 3.683 3.691 3.699 3.707 3.714 3.718 3.722 3.726 3.731 3.735 3.739 3.744 3.748 3.753 3.752 3.740 3.727 3.701 3.676 3.650 3.625 3.599 3.573 3.548 3.522 3.513 3.507 3.502 3.496 3.487 3.476 3.464 3.452 3.440 3.429 3.417 3.395 3.368 3.340 3.313 3.286 3.258 2.709 3.226 3.212 3.199 3.185 3.171 3.157 3.145 3.132 3.119 2.671 2.621 3.082 2.631 3.060 3.051 2.632 3.033 2.663 2.563 2.713
3.556 3.571 3.586 3.601 3.616 3.631 3.646 3.653 3.658 3.666 3.674 3.682 3.690 3.704 3.720 3.735 3.751 3.767 3.751 3.741 3.745 3.749 3.753 3.758 3.762 3.767 3.771 3.775 3.768 3.755 3.743 3.727 3.701 3.676 3.650 3.625 3.599 3.573 3.553 3.548 3.542 3.537 3.531 3.526 3.515 3.503 3.491 3.479 3.468 3.453 3.426 3.399 3.371 3.344 3.316 3.289 3.263 3.250 3.236 3.222 3.209 3.195 3.181 3.169 3.156 3.144 2.721 3.119 2.701 2.701 2.711 2.712 3.065 2.682 2.662 2.722 2.713
3.567 3.582 3.597 3.612 3.627 3.642 3.656 3.671 3.686 3.701 3.717 3.733 3.749 3.764 3.780 3.795 3.811 3.820 3.796 3.772 3.768 3.772 3.776 3.781 3.785 3.789 3.794 3.796 3.783 3.771 3.759 3.747 3.727 3.701 3.676 3.650 3.624 3.599 3.588 3.583 3.577 3.572 3.566 3.561 3.554 3.542 3.531 3.519 3.507 3.484 3.457 3.429 3.402 3.375 3.347 3.320 3.293 3.273 3.260 3.246 3.232 2.680 3.206 3.193 2.680 3.168 3.156 2.721 3.131 3.118 3.107 2.672 3.089 2.552 3.070 3.061 2.623
3.578 3.593 3.608 3.623 3.654 3.688 3.723 3.751 3.746 3.761 3.777 3.793 3.808 3.824 3.840 3.855 3.871 3.866 3.841 3.817 3.793 3.795 3.799 3.803 3.808 3.812 3.817 3.812 3.799 3.787 3.775 3.763 3.750 3.727 3.701 3.676 3.650 3.628 3.623 3.618 3.612 3.607 3.601 3.596 3.591 3.581 3.569 3.558 3.543 3.515 3.488 3.461 3.433 3.406 3.378 3.351 3.323 3.297 3.283 3.269 3.255 3.242 2.720 3.218 3.205 3.192 3.180 3.167 3.155 2.651 3.130 3.121 2.642 2.642 3.094 3.084 2.702
