includes/camargue/floodfiles/results/res-0012.wdfp
ncols         906
nrows         631
xllcorner     362177.146667
yllcorner     6534725.688020
cellsize      20.000000
NODATA_value  -9999.000000
[rows 510 to 543 of 631, columns 616 to 692 of 906]
0.594 0.621 0.648 0.676 0.703 0.730 0.758 0.785 0.806 0.826 0.846 0.866 0.886 0.906 0.926 0.942 0.955 0.968 0.981 0.995 1.008 0.997 0.979 0.962 0.945 0.928 0.911 0.896 0.889 0.883 0.877 0.870 0.864 0.845 0.776 0.707 0.638 0.569 0.500 0.440 0.408 0.377 0.345 0.313 0.282 0.288 0.326 0.363 0.401 0.453 0.526 0.598 0.671 0.744 0.817 0.871 0.919 0.968 1.016 1.065 1.113 1.162 1.138 1.088 1.039 0.990 0.973 0.986 0.999 1.011 1.024 1.037 1.049 1.062 1.074 1.077 1.066
0.604 0.631 0.658 0.685 0.713 0.740 0.767 0.795 0.816 0.836 0.856 0.876 0.896 0.916 0.929 0.942 0.955 0.969 0.982 0.995 1.008 0.998 0.981 0.964 0.947 0.929 0.912 0.895 0.878 0.866 0.860 0.854 0.847 0.825 0.756 0.687 0.619 0.552 0.520 0.489 0.457 0.425 0.393 0.361 0.329 0.337 0.375 0.412 0.450 0.487 0.529 0.602 0.675 0.747 0.818 0.866 0.914 0.962 1.011 1.059 1.108 1.156 1.197 1.147 1.098 1.051 1.064 1.077 1.090 1.102 1.115 1.127 1.140 1.152 1.165 1.177 1.170
0.634 0.646 0.668 0.695 0.723 0.750 0.777 0.804 0.826 0.846 0.866 0.886 0.903 0.916 0.929 0.943 0.956 0.969 0.982 0.996 1.009 1.000 0.983 0.966 0.948 0.931 0.914 0.897 0.880 0.863 0.846 0.837 0.831 0.806 0.737 0.669 0.632 0.600 0.568 0.536 0.504 0.472 0.440 0.408 0.377 0.386 0.423 0.461 0.499 0.536 0.573 0.611 0.678 0.751 0.812 0.860 0.909 0.957 1.005 1.054 1.102 1.151 1.199 1.206 1.156 1.143 1.155 1.168 1.181 1.193 1.205 1.218 1.230 1.243 1.255 1.267 1.274
0.677 0.689 0.701 0.714 0.733 0.760 0.787 0.814 0.837 0.857 0.877 0.890 0.903 0.917 0.930 0.943 0.956 0.970 0.983 0.996 1.010 1.001 0.984 0.967 0.950 0.933 0.916 0.899 0.882 0.865 0.848 0.831 0.815 0.787 0.744 0.712 0.680 0.648 0.616 0.584 0.551 0.519 0.487 0.455 0.423 0.434 0.472 0.509 0.547 0.584 0.622 0.659 0.697 0.754 0.807 0.855 0.903 0.951 1.000 1.048 1.096 1.145 1.193 1.242 1.221 1.234 1.246 1.259 1.271 1.284 1.296 1.308 1.320 1.333 1.345 1.357 1.370
0.720 0.732 0.745 0.757 0.769 0.781 0.797 0.824 0.847 0.864 0.877 0.890 0.904 0.917 0.930 0.944 0.957 0.970 0.983 0.997 1.010 1.003 0.986 0.969 0.952 0.935 0.918 0.901 0.884 0.867 0.851 0.834 0.834 0.838 0.792 0.760 0.727 0.695 0.663 0.631 0.598 0.566 0.534 0.502 0.470 0.482 0.520 0.558 0.595 0.632 0.670 0.707 0.745 0.776 0.820 0.868 0.916 0.964 1.011 1.059 1.107 1.156 1.204 1.252 1.325 1.338 1.350 1.363 1.376 1.388 1.401 1.413 1.426 1.438 1.451 1.463 1.476
0.763 0.775 0.787 0.800 0.812 0.824 0.837 0.849 0.851 0.864 0.878 0.891 0.904 0.917 0.931 0.944 0.957 0.971 0.984 0.997 1.011 1.004 0.987 0.971 0.954 0.937 0.920 0.903 0.886 0.870 0.853 0.879 0.909 0.916 0.866 0.817 0.774 0.742 0.710 0.677 0.645 0.613 0.581 0.548 0.516 0.530 0.568 0.605 0.643 0.680 0.718 0.754 0.783 0.812 0.851 0.899 0.946 0.994 1.042 1.090 1.138 1.186 1.234 1.308 1.415 1.457 1.469 1.482 1.494 1.507 1.519 1.532 1.544 1.557 1.569 1.582 1.678
0.806 0.818 0.830 0.843 0.855 0.867 0.875 0.870 0.869 0.874 0.878 0.891 0.904 0.918 0.931 0.944 0.958 0.971 0.984 0.998 1.011 1.006 0.989 0.972 0.955 0.938 0.922 0.905 0.888 0.892 0.923 0.953 0.983 0.993 0.944 0.894 0.845 0.796 0.756 0.724 0.691 0.659 0.627 0.595 0.562 0.578 0.616 0.653 0.691 0.728 0.761 0.790 0.819 0.848 0.881 0.929 0.977 1.025 1.072 1.120 1.168 1.216 1.273 1.380 1.488 1.575 1.588 1.600 1.613 1.625 1.638 1.650 1.663 1.675 1.687 1.700 1.929
0.848 0.860 0.873 0.885 0.898 0.899 0.894 0.889 0.888 0.892 0.896 0.901 0.905 0.918 0.931 0.945 0.958 0.971 0.985 0.998 1.012 1.008 0.991 0.974 0.957 0.940 0.923 0.907 0.936 0.966 0.997 1.027 1.057 1.070 1.021 0.971 0.922 0.873 0.824 0.774 0.738 0.705 0.673 0.641 0.608 0.626 0.663 0.701 0.738 0.768 0.797 0.826 0.855 0.884 0.912 0.959 1.007 1.055 1.102 1.150 1.198 1.246 1.345 1.452 1.560 1.667 1.706 1.719 1.731 1.744 1.756 1.768 1.781 1.793 1.805 1.946 2.179
0.891 0.903 0.915 0.928 0.923 0.918 0.913 0.908 0.906 0.911 0.915 0.919 0.923 0.928 0.932 0.945 0.958 0.972 0.985 0.999 1.012 1.009 0.992 0.975 0.958 0.942 0.949 0.980 1.010 1.040 1.071 1.101 1.131 1.147 1.097 1.048 0.999 0.949 0.900 0.851 0.802 0.753 0.719 0.687 0.654 0.673 0.711 0.745 0.774 0.803 0.832 0.861 0.890 0.919 0.948 0.989 1.037 1.084 1.132 1.180 1.228 1.310 1.417 1.525 1.632 1.739 1.825 1.837 1.849 1.862 1.874 1.887 1.899 1.911 1.963 2.196 2.429
0.933 0.945 0.952 0.947 0.942 0.937 0.932 0.927 0.925 0.929 0.933 0.938 0.942 0.946 0.951 0.955 0.959 0.972 0.985 0.999 1.012 1.010 0.993 0.977 0.962 0.993 1.023 1.054 1.084 1.114 1.144 1.174 1.205 1.223 1.174 1.124 1.075 1.026 0.977 0.927 0.878 0.829 0.780 0.732 0.700 0.721 0.752 0.781 0.810 0.839 0.867 0.896 0.925 0.954 0.983 1.019 1.066 1.114 1.162 1.210 1.275 1.382 1.489 1.597 1.704 1.811 1.918 1.955 1.968 1.980 1.992 2.005 2.017 2.029 2.213 2.446 2.679
0.975 0.976 0.971 0.966 0.961 0.956 0.951 0.946 0.943 0.947 0.952 0.956 0.960 0.965 0.969 0.973 0.978 0.982 0.987 0.999 1.013 1.012 0.995 1.006 1.036 1.066 1.097 1.127 1.157 1.187 1.218 1.248 1.278 1.299 1.250 1.201 1.151 1.102 1.053 1.004 0.954 0.905 0.856 0.807 0.771 0.758 0.787 0.816 0.845 0.874 0.903 0.932 0.960 0.989 1.018 1.048 1.096 1.144 1.191 1.240 1.347 1.454 1.561 1.668 1.776 1.883 1.990 2.074 2.086 2.098 2.110 2.123 2.135 2.231 2.464 2.696 2.929
0.999 0.994 0.990 0.985 0.980 0.975 0.970 0.965 0.961 0.966 0.970 0.974 0.979 0.983 0.987 0.992 0.996 1.001 1.005 1.010 1.014 1.019 1.049 1.079 1.110 1.140 1.170 1.200 1.230 1.261 1.291 1.321 1.351 1.375 1.326 1.277 1.227 1.178 1.129 1.080 1.030 0.981 0.932 0.932 0.966 0.959 0.927 0.896 0.880 0.909 0.938 0.967 0.996 1.024 1.053 1.082 1.125 1.173 1.221 1.312 1.419 1.526 1.633 1.740 1.847 1.955 2.062 2.169 2.204 2.216 2.228 2.241 2.253 2.481 2.714 2.947 3.179
1.018 1.013 1.008 1.003 0.998 0.994 0.989 0.984 0.979 0.984 0.988 0.992 0.997 1.001 1.006 1.010 1.015 1.019 1.024 1.028 1.060 1.101 1.124 1.153 1.183 1.213 1.243 1.273 1.304 1.334 1.364 1.394 1.424 1.451 1.402 1.353 1.303 1.254 1.205 1.155 1.106 1.060 1.093 1.127 1.161 1.162 1.130 1.098 1.067 1.035 1.004 1.002 1.031 1.059 1.088 1.117 1.155 1.203 1.277 1.384 1.491 1.598 1.705 1.812 1.919 2.026 2.133 2.240 2.322 2.334 2.346 2.359 2.498 2.731 2.964 3.197 3.429
1.037 1.032 1.027 1.022 1.017 1.012 1.007 1.003 0.998 1.002 1.006 1.011 1.015 1.019 1.024 1.028 1.033 1.037 1.042 1.094 1.146 1.188 1.211 1.234 1.257 1.286 1.316 1.346 1.376 1.406 1.437 1.467 1.497 1.527 1.478 1.428 1.379 1.330 1.281 1.231 1.221 1.254 1.288 1.322 1.355 1.364 1.333 1.301 1.269 1.238 1.206 1.174 1.143 1.111 1.123 1.152 1.184 1.241 1.348 1.455 1.563 1.670 1.777 1.884 1.991 2.098 2.205 2.312 2.419 2.452 2.464 2.516 2.748 2.981 3.214 3.447 3.679
1.055 1.050 1.045 1.040 1.036 1.031 1.026 1.021 1.016 1.020 1.024 1.029 1.033 1.037 1.042 1.046 1.051 1.075 1.127 1.179 1.231 1.276 1.299 1.322 1.345 1.368 1.390 1.419 1.449 1.479 1.509 1.539 1.569 1.600 1.553 1.504 1.455 1.405 1.356 1.382 1.415 1.449 1.482 1.516 1.549 1.566 1.535 1.503 1.471 1.440 1.408 1.377 1.345 1.313 1.282 1.250 1.218 1.313 1.420 1.527 1.634 1.741 1.848 1.955 2.062 2.169 2.276 2.383 2.490 2.570 2.582 2.766 2.998 3.231 3.464 3.697 3.929
1.074 1.069 1.064 1.059 1.054 1.049 1.044 1.040 1.035 1.038 1.042 1.047 1.051 1.055 1.060 1.065 1.109 1.161 1.213 1.265 1.317 1.363 1.386 1.409 1.432 1.455 1.478 1.501 1.523 1.552 1.582 1.612 1.642 1.672 1.629 1.580 1.530 1.509 1.542 1.576 1.610 1.643 1.677 1.710 1.743 1.768 1.737 1.705 1.673 1.642 1.610 1.579 1.547 1.515 1.484 1.452 1.439 1.490 1.585 1.679 1.774 1.869 1.964 2.059 2.154 2.248 2.348 2.455 2.562 2.669 2.783 3.016 3.248 3.481 3.714 3.947 4.179
1.092 1.087 1.082 1.077 1.073 1.068 1.063 1.058 1.054 1.055 1.060 1.064 1.069 1.073 1.090 1.142 1.194 1.246 1.298 1.350 1.402 1.450 1.473 1.496 1.519 1.542 1.565 1.588 1.610 1.633 1.656 1.685 1.715 1.745 1.704 1.655 1.670 1.703 1.737 1.770 1.804 1.837 1.871 1.904 1.937 1.971 1.939 1.907 1.876 1.844 1.812 1.781 1.749 1.717 1.688 1.674 1.661 1.680 1.774 1.869 1.964 2.059 2.154 2.249 2.343 2.438 2.533 2.628 2.723 2.818 3.009 3.241 3.472 3.704 3.936 4.168 4.400
1.111 1.106 1.101 1.096 1.091 1.086 1.081 1.077 1.072 1.073 1.078 1.082 1.087 1.123 1.175 1.227 1.279 1.331 1.383 1.435 1.487 1.537 1.560 1.583 1.606 1.629 1.652 1.675 1.697 1.720 1.743 1.766 1.789 1.817 1.797 1.830 1.864 1.897 1.931 1.964 1.998 2.031 2.065 2.098 2.131 2.165 2.141 2.109 2.077 2.046 2.014 1.982 1.951 1.924 1.910 1.897 1.883 1.870 1.964 2.059 2.154 2.249 2.344 2.438 2.533 2.628 2.723 2.818 2.912 3.062 3.239 3.452 3.684 3.916 4.148 4.379 4.611
1.129 1.124 1.119 1.114 1.109 1.105 1.100 1.095 1.090 1.091 1.096 1.104 1.156 1.208 1.260 1.312 1.364 1.416 1.468 1.520 1.572 1.624 1.647 1.670 1.693 1.716 1.739 1.761 1.784 1.807 1.830 1.853 1.876 1.923 1.981 2.025 2.058 2.091 2.125 2.158 2.192 2.225 2.259 2.292 2.325 2.359 2.343 2.311 2.279 2.248 2.216 2.184 2.159 2.146 2.133 2.119 2.106 2.092 2.154 2.249 2.344 2.438 2.533 2.628 2.723 2.818 2.912 3.007 3.129 3.306 3.482 3.663 3.895 4.127 4.359 4.591 4.822
1.148 1.143 1.138 1.133 1.128 1.123 1.118 1.113 1.109 1.109 1.137 1.189 1.241 1.293 1.345 1.397 1.449 1.501 1.553 1.605 1.657 1.709 1.734 1.757 1.780 1.802 1.825 1.848 1.871 1.894 1.917 1.942 2.004 2.066 2.124 2.180 2.237 2.286 2.319 2.352 2.386 2.419 2.453 2.486 2.519 2.553 2.545 2.513 2.481 2.450 2.418 2.395 2.382 2.368 2.355 2.341 2.328 2.315 2.344 2.438 2.533 2.628 2.723 2.818 2.912 3.007 3.102 3.197 3.373 3.549 3.726 3.902 4.107 4.338 4.570 4.802 5.034
1.167 1.162 1.157 1.152 1.147 1.142 1.137 1.132 1.127 1.173 1.222 1.274 1.326 1.378 1.430 1.482 1.534 1.586 1.638 1.690 1.742 1.794 1.821 1.844 1.866 1.889 1.912 1.935 1.958 1.981 2.022 2.084 2.146 2.207 2.266 2.322 2.379 2.435 2.492 2.546 2.580 2.613 2.646 2.680 2.713 2.746 2.747 2.715 2.683 2.651 2.631 2.618 2.604 2.591 2.577 2.564 2.550 2.537 2.533 2.628 2.723 2.818 2.912 3.007 3.102 3.197 3.292 3.440 3.616 3.793 3.969 4.146 4.323 4.550 4.782 5.013 5.245
1.185 1.180 1.176 1.171 1.166 1.161 1.156 1.168 1.231 1.286 1.325 1.364 1.411 1.463 1.515 1.567 1.619 1.671 1.723 1.775 1.827 1.879 1.907 1.930 1.953 1.976 1.999 2.022 2.044 2.102 2.164 2.226 2.287 2.349 2.408 2.465 2.521 2.578 2.634 2.690 2.747 2.803 2.840 2.874 2.907 2.940 2.948 2.917 2.885 2.867 2.853 2.840 2.826 2.813 2.799 2.786 2.772 2.759 2.746 2.818 2.912 3.007 3.102 3.197 3.292 3.386 3.507 3.683 3.860 4.036 4.213 4.390 4.566 4.761 4.993 5.225 5.457
1.204 1.199 1.194 1.189 1.184 1.179 1.216 1.279 1.342 1.399 1.438 1.477 1.516 1.555 1.600 1.652 1.704 1.756 1.808 1.860 1.912 1.964 1.994 2.017 2.040 2.063 2.085 2.120 2.182 2.244 2.306 2.367 2.429 2.491 2.550 2.607 2.663 2.720 2.776 2.833 2.889 2.946 3.002 3.058 3.101 3.134 3.150 3.118 3.103 3.089 3.076 3.062 3.049 3.035 3.022 3.008 2.995 2.981 2.968 3.007 3.102 3.197 3.292 3.386 3.481 3.576 3.750 3.927 4.103 4.280 4.456 4.633 4.810 4.986 5.204 5.436 5.668
1.223 1.218 1.213 1.208 1.203 1.264 1.327 1.390 1.453 1.511 1.550 1.590 1.629 1.668 1.707 1.746 1.789 1.841 1.893 1.944 1.996 2.048 2.081 2.104 2.126 2.149 2.200 2.262 2.324 2.386 2.448 2.509 2.571 2.633 2.693 2.749 2.805 2.862 2.918 2.975 3.031 3.088 3.144 3.201 3.257 3.313 3.352 3.339 3.325 3.311 3.298 3.284 3.271 3.257 3.244 3.230 3.217 3.203 3.190 3.197 3.292 3.386 3.481 3.576 3.671 3.817 3.994 4.170 4.347 4.523 4.700 4.877 5.053 5.230 5.416 5.647 5.879
1.241 1.236 1.231 1.249 1.312 1.375 1.437 1.500 1.563 1.624 1.663 1.702 1.741 1.780 1.820 1.859 1.898 1.937 1.977 2.029 2.081 2.133 2.167 2.190 2.219 2.280 2.342 2.404 2.466 2.528 2.589 2.651 2.713 2.775 2.835 2.891 2.948 3.004 3.060 3.117 3.173 3.230 3.286 3.343 3.399 3.460 3.524 3.534 3.543 3.534 3.520 3.507 3.493 3.480 3.466 3.453 3.439 3.426 3.412 3.399 3.481 3.576 3.671 3.766 3.884 4.061 4.237 4.414 4.590 4.767 4.944 5.120 5.297 5.473 5.650 5.859 6.090
1.260 1.255 1.296 1.359 1.422 1.485 1.548 1.611 1.674 1.736 1.775 1.814 1.854 1.893 1.932 1.971 2.010 2.049 2.089 2.128 2.167 2.218 2.254 2.299 2.360 2.422 2.484 2.546 2.608 2.669 2.731 2.793 2.855 2.916 2.977 3.033 3.090 3.146 3.203 3.259 3.315 3.372 3.428 3.485 3.550 3.618 3.686 3.696 3.706 3.715 3.725 3.729 3.715 3.702 3.688 3.675 3.661 3.648 3.634 3.621 3.671 3.766 3.860 3.955 4.128 4.304 4.481 4.657 4.834 5.010 5.187 5.364 5.540 5.717 5.893 6.070 6.302
1.281 1.344 1.407 1.470 1.533 1.596 1.658 1.721 1.784 1.847 1.888 1.927 1.966 2.005 2.044 2.083 2.123 2.162 2.201 2.240 2.279 2.318 2.377 2.440 2.502 2.564 2.626 2.688 2.749 2.811 2.873 2.935 2.996 3.058 3.119 3.175 3.232 3.288 3.345 3.401 3.458 3.514 3.572 3.640 3.708 3.776 3.843 3.858 3.868 3.877 3.887 3.897 3.906 3.916 3.911 3.897 3.884 3.870 3.856 3.843 3.860 3.955 4.050 4.195 4.371 4.548 4.724 4.901 5.077 5.254 5.431 5.607 5.784 5.960 6.137 6.313 6.513
1.392 1.455 1.517 1.580 1.643 1.706 1.769 1.832 1.894 1.957 2.000 2.039 2.078 2.118 2.157 2.196 2.235 2.274 2.313 2.352 2.395 2.444 2.500 2.570 2.640 2.706 2.767 2.829 2.891 2.953 3.014 3.076 3.138 3.200 3.261 3.317 3.374 3.430 3.487 3.543 3.600 3.662 3.730 3.798 3.866 3.934 4.001 4.021 4.030 4.040 4.049 4.059 4.069 4.078 4.088 4.097 4.106 4.092 4.079 4.065 4.052 4.145 4.262 4.438 4.615 4.791 4.968 5.144 5.321 5.497 5.674 5.851 6.027 6.204 6.380 6.557 6.733
1.502 1.565 1.628 1.691 1.754 1.816 1.879 1.942 2.005 2.067 2.112 2.152 2.191 2.230 2.269 2.308 2.347 2.386 2.425 2.471 2.520 2.569 2.624 2.694 2.764 2.834 2.904 2.971 3.033 3.094 3.156 3.218 3.280 3.341 3.403 3.460 3.516 3.572 3.629 3.685 3.753 3.820 3.888 3.956 4.024 4.092 4.159 4.183 4.192 4.202 4.212 4.221 4.231 4.241 4.250 4.260 4.269 4.279 4.289 4.287 4.274 4.334 4.505 4.682 4.858 5.035 5.211 5.388 5.564 5.741 5.903 6.063 6.223 6.383 6.542 6.702 6.862
1.613 1.675 1.738 1.801 1.864 1.927 1.989 2.052 2.115 2.178 2.225 2.264 2.303 2.342 2.381 2.420 2.459 2.499 2.548 2.597 2.646 2.695 2.748 2.818 2.887 2.957 3.027 3.097 3.167 3.236 3.298 3.360 3.421 3.483 3.545 3.602 3.658 3.714 3.775 3.843 3.910 3.978 4.046 4.114 4.182 4.249 4.317 4.345 4.355 4.364 4.374 4.384 4.393 4.403 4.412 4.422 4.432 4.441 4.451 4.460 4.470 4.525 4.685 4.844 5.004 5.164 5.324 5.483 5.643 5.803 5.963 6.122 6.282 6.442 6.602 6.761 6.913
1.723 1.786 1.849 1.911 1.974 2.037 2.100 2.163 2.225 2.288 2.337 2.376 2.415 2.454 2.493 2.533 2.576 2.625 2.674 2.722 2.771 2.820 2.871 2.941 3.011 3.081 3.151 3.221 3.291 3.361 3.430 3.500 3.563 3.625 3.686 3.744 3.800 3.865 3.933 4.001 4.068 4.136 4.204 4.272 4.340 4.407 4.475 4.507 4.517 4.527 4.536 4.546 4.555 4.565 4.575 4.584 4.594 4.603 4.613 4.626 4.645 4.670 4.744 4.904 5.064 5.223 5.383 5.543 5.702 5.862 6.022 6.182 6.341 6.501 6.661 6.821 6.962
1.825 1.891 1.958 2.022 2.084 2.147 2.210 2.273 2.335 2.398 2.449 2.488 2.527 2.567 2.606 2.652 2.701 2.750 2.799 2.848 2.897 2.946 2.995 3.065 3.135 3.205 3.275 3.344 3.414 3.484 3.554 3.624 3.694 3.764 3.828 3.887 3.955 4.023 4.091 4.159 4.226 4.294 4.362 4.430 4.498 4.565 4.633 4.670 4.679 4.689 4.698 4.708 4.718 4.727 4.737 4.746 4.756 4.766 4.784 4.803 4.821 4.848 4.879 4.963 5.123 5.283 5.442 5.602 5.762 5.922 6.081 6.241 6.401 6.560 6.720 6.876 7.012
1.926 1.993 2.059 2.126 2.192 2.257 2.320 2.383 2.446 2.508 2.561 2.601 2.640 2.680 2.729 2.778 2.827 2.876 2.925 2.973 3.022 3.071 3.120 3.188 3.258 3.328 3.398 3.468 3.538 3.608 3.678 3.748 3.817 3.887 3.961 4.039 4.113 4.181 4.249 4.317 4.384 4.452 4.520 4.588 4.655 4.723 4.791 4.832 4.841 4.851 4.861 4.870 4.880 4.889 4.899 4.909 4.924 4.942 4.960 4.979 4.997 5.026 5.057 5.087 5.182 5.342 5.502 5.661 5.821 5.981 6.140 6.300 6.460 6.620 6.779 6.925 7.061
2.028 2.095 2.161 2.228 2.294 2.360 2.427 2.493 2.556 2.619 2.674 2.713 2.757 2.806 2.855 2.903 2.952 3.001 3.050 3.099 3.148 3.197 3.246 3.312 3.382 3.452 3.522 3.592 3.661 3.731 3.801 3.871 3.941 4.018 4.095 4.173 4.252 4.331 4.407 4.474 4.542 4.610 4.678 4.746 4.813 4.881 4.949 4.994 5.004 5.013 5.023 5.032 5.042 5.052 5.064 5.082 5.100 5.119 5.137 5.155 5.174 5.204 5.235 5.265 5.295 5.401 5.561 5.720 5.880 6.040 6.200 6.359 6.519 6.679 6.838 6.974 7.110
