includes/camargue/floodfiles/results/res-0003.wdfp
ncols         906
nrows         631
xllcorner     362177.146667
yllcorner     6534725.688020
cellsize      20.000000
NODATA_value  -9999.000000
[rows 510 to 543 of 631, columns 231 to 307 of 906]
4.480 4.526 4.618 4.619 4.672 4.727 4.782 4.837 4.892 4.929 4.941 4.952 4.963 4.975 4.986 5.019 5.052 5.086 5.151 5.152 5.184 5.215 5.246 5.277 5.308 5.339 5.361 5.382 5.404 5.426 5.448 5.469 5.424 5.368 5.256 5.256 5.201 5.145 5.089 5.067 5.052 5.038 5.023 4.997 4.953 4.910 4.866 4.844 4.845 4.846 4.846 4.847 4.847 4.848 4.834 4.798 4.761 4.725 4.688 4.652 4.616 4.624 4.643 4.662 4.681 4.700 4.661 4.662 4.511 4.436 4.361 4.286 4.211 4.168 4.167 4.166 4.164
4.602 4.648 4.740 4.741 4.787 4.834 4.880 4.929 4.984 5.024 5.035 5.055 5.088 5.121 5.154 5.187 5.220 5.253 5.319 5.319 5.351 5.382 5.413 5.444 5.475 5.506 5.537 5.568 5.599 5.622 5.644 5.665 5.615 5.559 5.470 5.470 5.456 5.441 5.426 5.411 5.397 5.382 5.367 5.340 5.296 5.253 5.210 5.166 5.123 5.079 5.047 5.048 5.048 5.049 5.040 5.004 4.967 4.931 4.924 4.943 4.962 4.981 5.000 5.019 5.038 5.057 5.032 5.033 4.882 4.807 4.732 4.657 4.582 4.507 4.432 4.357 4.282
4.663 4.709 4.801 4.802 4.848 4.895 4.941 4.987 5.034 5.072 5.105 5.138 5.172 5.205 5.238 5.271 5.304 5.337 5.402 5.403 5.435 5.466 5.497 5.528 5.559 5.590 5.621 5.652 5.683 5.713 5.742 5.763 5.710 5.672 5.642 5.643 5.628 5.613 5.598 5.583 5.569 5.554 5.539 5.512 5.468 5.425 5.381 5.338 5.294 5.251 5.207 5.208 5.149 5.149 5.144 5.107 5.071 5.083 5.102 5.121 5.140 5.159 5.178 5.197 5.216 5.235 5.218 5.219 5.068 4.993 4.918 4.843 4.768 4.693 4.618 4.543 4.468
4.724 4.771 4.862 4.863 4.910 4.956 5.002 5.049 5.127 5.184 5.189 5.222 5.255 5.289 5.322 5.355 5.388 5.421 5.486 5.487 5.519 5.550 5.581 5.612 5.643 5.674 5.705 5.736 5.766 5.797 5.828 5.862 5.859 5.844 5.814 5.815 5.800 5.785 5.770 5.756 5.741 5.726 5.711 5.683 5.640 5.596 5.553 5.509 5.466 5.423 5.379 5.380 5.292 5.250 5.247 5.224 5.243 5.262 5.281 5.300 5.319 5.338 5.357 5.376 5.395 5.414 5.404 5.404 5.254 5.179 5.104 5.029 4.954 4.879 4.804 4.729 4.654
4.785 4.832 4.924 4.925 4.971 5.017 5.086 5.171 5.257 5.311 5.316 5.322 5.339 5.372 5.405 5.439 5.472 5.505 5.570 5.571 5.603 5.634 5.665 5.696 5.727 5.758 5.789 5.819 5.850 5.883 5.922 5.961 5.994 6.016 5.986 5.987 5.972 5.957 5.943 5.928 5.913 5.898 5.884 5.855 5.811 5.768 5.724 5.681 5.638 5.594 5.551 5.551 5.464 5.420 5.365 5.402 5.421 5.440 5.459 5.478 5.497 5.516 5.535 5.554 5.573 5.592 5.590 5.590 5.440 5.364 5.289 5.215 5.139 5.064 4.989 4.914 4.839
4.846 4.893 4.985 4.986 5.045 5.130 5.216 5.302 5.388 5.438 5.443 5.449 5.454 5.459 5.489 5.522 5.556 5.589 5.654 5.655 5.687 5.718 5.749 5.780 5.811 5.842 5.872 5.903 5.943 5.982 6.022 6.060 6.093 6.126 6.158 6.159 6.144 6.129 6.115 6.100 6.085 6.070 6.056 6.026 5.983 5.940 5.896 5.853 5.809 5.766 5.722 5.723 5.625 5.560 5.497 5.541 5.586 5.619 5.638 5.657 5.676 5.695 5.714 5.733 5.752 5.771 5.775 5.776 5.625 5.550 5.475 5.400 5.325 5.250 5.175 5.100 5.025
4.908 4.954 5.088 5.089 5.175 5.261 5.347 5.433 5.518 5.565 5.570 5.576 5.581 5.586 5.592 5.606 5.639 5.673 5.738 5.739 5.771 5.802 5.833 5.864 5.894 5.925 5.964 6.003 6.042 6.082 6.121 6.160 6.192 6.225 6.290 6.291 6.316 6.302 6.287 6.272 6.257 6.243 6.228 6.198 6.155 6.111 6.068 6.024 5.981 5.937 5.889 5.890 5.759 5.693 5.628 5.673 5.717 5.762 5.807 5.835 5.854 5.873 5.892 5.911 5.930 5.949 5.961 5.962 5.811 5.736 5.661 5.586 5.511 5.436 5.361 5.286 5.201
4.969 5.048 5.219 5.220 5.306 5.391 5.477 5.563 5.649 5.692 5.697 5.703 5.708 5.713 5.719 5.724 5.729 5.756 5.822 5.823 5.855 5.885 5.916 5.947 5.984 6.024 6.063 6.103 6.142 6.181 6.221 6.259 6.292 6.325 6.389 6.390 6.423 6.455 6.459 6.444 6.429 6.415 6.400 6.370 6.326 6.283 6.239 6.196 6.152 6.088 6.023 6.024 5.892 5.827 5.761 5.804 5.849 5.893 5.938 5.983 6.027 6.052 6.070 6.089 6.108 6.127 6.146 6.147 5.997 5.922 5.847 5.772 5.697 5.622 5.536 5.449 5.363
5.093 5.179 5.349 5.350 5.436 5.522 5.608 5.694 5.779 5.819 5.824 5.829 5.835 5.840 5.846 5.851 5.856 5.862 5.906 5.906 5.938 5.969 6.005 6.045 6.084 6.124 6.163 6.202 6.242 6.281 6.320 6.358 6.391 6.424 6.489 6.489 6.522 6.555 6.587 6.616 6.602 6.587 6.572 6.541 6.498 6.454 6.411 6.353 6.287 6.222 6.156 6.157 6.026 5.960 5.895 5.935 5.980 6.024 6.069 6.114 6.158 6.203 6.248 6.268 6.287 6.306 6.325 6.325 6.183 6.108 6.033 5.957 5.871 5.784 5.698 5.611 5.524
5.223 5.309 5.480 5.481 5.567 5.652 5.738 5.824 5.910 5.946 5.951 5.956 5.962 5.967 5.972 5.978 5.983 5.989 5.999 5.999 6.026 6.065 6.105 6.144 6.184 6.223 6.263 6.302 6.341 6.381 6.420 6.458 6.491 6.523 6.588 6.589 6.621 6.654 6.687 6.720 6.752 6.759 6.744 6.713 6.669 6.617 6.552 6.486 6.421 6.356 6.290 6.291 6.159 6.094 6.028 6.066 6.111 6.156 6.200 6.245 6.290 6.334 6.379 6.424 6.465 6.484 6.503 6.504 6.368 6.293 6.206 6.119 6.033 5.946 5.860 5.773 5.686
5.413 5.444 5.610 5.611 5.697 5.783 5.869 5.954 6.040 6.072 6.078 6.083 6.089 6.094 6.099 6.105 6.110 6.116 6.121 6.122 6.138 6.165 6.204 6.244 6.283 6.323 6.362 6.402 6.441 6.480 6.520 6.557 6.590 6.623 6.687 6.688 6.721 6.754 6.786 6.819 6.852 6.884 6.916 6.882 6.816 6.751 6.685 6.620 6.555 6.489 6.424 6.424 6.293 6.227 6.162 6.197 6.242 6.287 6.331 6.376 6.421 6.465 6.510 6.555 6.599 6.644 6.682 6.682 6.541 6.455 6.368 6.281 6.195 6.108 6.021 5.935 5.848
5.624 5.655 5.741 5.742 5.827 5.913 5.999 6.085 6.171 6.199 6.205 6.210 6.215 6.221 6.226 6.232 6.236 6.239 6.243 6.243 6.261 6.284 6.308 6.343 6.383 6.422 6.462 6.501 6.540 6.580 6.619 6.657 6.689 6.722 6.787 6.788 6.820 6.853 6.886 6.918 6.951 6.984 6.990 6.985 6.950 6.884 6.819 6.754 6.688 6.623 6.557 6.558 6.426 6.361 6.296 6.328 6.373 6.418 6.462 6.507 6.552 6.597 6.641 6.686 6.731 6.775 6.751 6.751 6.703 6.616 6.530 6.443 6.357 6.270 6.183 6.097 6.010
5.835 5.865 5.926 5.926 5.958 6.044 6.130 6.215 6.301 6.326 6.332 6.337 6.342 6.348 6.352 6.355 6.357 6.360 6.364 6.365 6.383 6.407 6.431 6.455 6.482 6.522 6.561 6.601 6.640 6.679 6.719 6.756 6.789 6.822 6.886 6.887 6.920 6.952 6.985 7.018 7.027 7.032 7.038 7.032 7.020 7.008 6.953 6.887 6.822 6.756 6.691 6.691 6.560 6.495 6.429 6.459 6.504 6.549 6.594 6.638 6.683 6.728 6.772 6.817 6.820 6.787 6.754 6.755 6.783 6.778 6.692 6.605 6.519 6.432 6.345 6.259 6.172
6.046 6.076 6.136 6.137 6.168 6.198 6.260 6.346 6.432 6.453 6.459 6.464 6.469 6.471 6.473 6.476 6.478 6.481 6.485 6.486 6.506 6.530 6.553 6.577 6.601 6.625 6.661 6.700 6.740 6.779 6.818 6.856 6.888 6.921 6.986 6.986 7.019 7.052 7.064 7.070 7.075 7.080 7.086 7.079 7.067 7.055 7.043 7.021 6.955 6.890 6.824 6.825 6.694 6.628 6.563 6.591 6.635 6.680 6.725 6.769 6.814 6.859 6.890 6.857 6.824 6.791 6.758 6.758 6.785 6.808 6.830 6.767 6.681 6.594 6.507 6.421 6.334
6.046 6.076 6.136 6.137 6.168 6.198 6.260 6.346 6.432 6.453 6.459 6.464 6.469 6.471 6.474 6.476 6.478 6.481 6.485 6.486 6.506 6.530 6.554 6.577 6.601 6.625 6.661 6.700 6.740 6.779 6.819 6.856 6.888 6.921 6.986 6.986 7.019 7.052 7.064 7.070 7.075 7.081 7.086 7.080 7.067 7.055 7.043 7.021 6.955 6.890 6.825 6.825 6.694 6.628 6.563 6.591 6.635 6.680 6.725 6.770 6.814 6.859 6.890 6.857 6.824 6.791 6.758 6.759 6.785 6.808 6.830 6.767 6.681 6.594 6.507 6.421 6.334
6.257 6.287 6.347 6.348 6.378 6.409 6.439 6.476 6.562 6.580 6.585 6.587 6.590 6.592 6.595 6.597 6.600 6.602 6.606 6.607 6.628 6.652 6.676 6.700 6.724 6.748 6.772 6.800 6.839 6.879 6.918 6.955 6.988 7.020 7.085 7.086 7.101 7.107 7.112 7.118 7.123 7.128 7.134 7.127 7.115 7.103 7.091 7.078 7.066 7.024 6.958 6.959 6.827 6.762 6.696 6.722 6.767 6.811 6.856 6.901 6.945 6.926 6.893 6.860 6.827 6.795 6.761 6.762 6.788 6.810 6.833 6.855 6.843 6.756 6.670 6.583 6.496
6.467 6.498 6.558 6.559 6.589 6.620 6.650 6.680 6.710 6.703 6.706 6.708 6.711 6.713 6.716 6.718 6.721 6.723 6.727 6.728 6.751 6.775 6.799 6.822 6.846 6.870 6.894 6.918 6.942 6.978 7.018 7.054 7.087 7.120 7.143 7.144 7.149 7.155 7.160 7.165 7.171 7.176 7.181 7.174 7.162 7.150 7.138 7.126 7.114 7.102 7.090 7.090 6.961 6.895 6.830 6.853 6.898 6.942 6.987 6.996 6.963 6.930 6.897 6.864 6.831 6.798 6.765 6.766 6.790 6.812 6.835 6.858 6.880 6.903 6.831 6.745 6.658
6.889 6.919 6.979 6.980 7.008 7.032 7.056 7.080 7.099 7.052 7.005 6.957 6.953 6.955 6.958 6.960 6.963 6.965 6.971 6.972 6.996 7.019 7.043 7.067 7.091 7.115 7.139 7.163 7.187 7.211 7.255 7.234 7.223 7.228 7.238 7.239 7.245 7.250 7.255 7.261 7.266 7.271 7.277 7.269 7.257 7.245 7.233 7.221 7.208 7.196 7.184 7.185 7.160 7.148 7.097 7.115 7.102 7.069 7.036 7.003 6.970 6.937 6.904 6.871 6.838 6.805 6.772 6.773 6.794 6.817 6.840 6.862 6.885 6.907 6.930 6.952 6.975
7.100 7.130 7.180 7.181 7.205 7.229 7.253 7.277 7.290 7.243 7.196 7.148 7.101 7.076 7.079 7.081 7.084 7.086 7.093 7.094 7.118 7.142 7.166 7.190 7.214 7.238 7.262 7.285 7.335 7.416 7.497 7.462 7.345 7.276 7.286 7.287 7.292 7.298 7.303 7.308 7.314 7.319 7.325 7.316 7.304 7.292 7.280 7.268 7.256 7.244 7.232 7.232 7.207 7.195 7.219 7.138 7.105 7.072 7.039 7.006 6.973 6.940 6.908 6.875 6.842 6.809 6.776 6.776 6.797 6.819 6.842 6.865 6.887 6.910 6.932 6.955 6.984
7.306 7.330 7.377 7.378 7.402 7.426 7.450 7.474 7.481 7.434 7.387 7.339 7.292 7.245 7.200 7.203 7.205 7.208 7.216 7.217 7.240 7.264 7.288 7.312 7.336 7.360 7.414 7.495 7.577 7.658 7.739 7.690 7.574 7.457 7.334 7.335 7.340 7.345 7.351 7.356 7.362 7.367 7.373 7.364 7.352 7.340 7.327 7.315 7.303 7.291 7.279 7.280 7.274 7.341 7.408 7.322 7.182 7.076 7.043 7.010 6.977 6.944 6.911 6.878 6.845 6.812 6.779 6.780 6.799 6.822 6.845 6.867 6.890 6.912 6.935 6.986 7.063
7.503 7.527 7.574 7.575 7.599 7.623 7.647 7.671 7.672 7.625 7.578 7.530 7.483 7.436 7.389 7.342 7.326 7.329 7.338 7.339 7.363 7.387 7.411 7.435 7.493 7.574 7.656 7.737 7.819 7.900 7.981 7.919 7.802 7.685 7.450 7.451 7.388 7.393 7.399 7.404 7.409 7.415 7.420 7.411 7.399 7.387 7.375 7.363 7.351 7.339 7.330 7.331 7.463 7.530 7.597 7.512 7.373 7.233 7.093 7.014 6.981 6.948 6.915 6.882 6.849 6.816 6.783 6.784 6.802 6.824 6.847 6.869 6.892 6.915 6.987 7.064 7.141
7.700 7.724 7.771 7.772 7.796 7.820 7.844 7.868 7.863 7.816 7.769 7.722 7.674 7.627 7.580 7.533 7.485 7.450 7.461 7.462 7.485 7.509 7.572 7.654 7.735 7.816 7.898 7.979 8.060 8.142 8.223 8.147 8.030 7.914 7.679 7.680 7.563 7.446 7.446 7.452 7.457 7.463 7.468 7.459 7.446 7.434 7.422 7.410 7.398 7.452 7.519 7.520 7.652 7.719 7.786 7.703 7.563 7.423 7.284 7.144 7.004 6.951 6.918 6.885 6.852 6.819 6.786 6.787 6.804 6.827 6.849 6.872 6.912 6.989 7.065 7.142 7.219
7.897 7.921 7.968 7.969 7.993 8.017 8.041 8.065 8.054 8.007 7.960 7.913 7.865 7.818 7.771 7.724 7.676 7.629 7.583 7.584 7.651 7.733 7.814 7.895 7.977 8.058 8.140 8.221 8.302 8.384 8.465 8.376 8.259 8.142 7.907 7.908 7.791 7.674 7.557 7.500 7.505 7.511 7.516 7.506 7.494 7.482 7.470 7.508 7.574 7.641 7.708 7.709 7.841 7.908 7.975 7.893 7.753 7.614 7.474 7.334 7.195 7.055 6.922 6.889 6.856 6.823 6.790 6.791 6.806 6.829 6.852 6.913 6.990 7.067 7.144 7.221 7.297
8.104 8.118 8.165 8.166 8.190 8.214 8.238 8.262 8.245 8.198 8.151 8.104 8.057 8.009 7.962 7.915 7.868 7.821 7.826 7.827 7.893 7.975 8.056 8.137 8.219 8.300 8.381 8.463 8.544 8.625 8.707 8.604 8.487 8.370 8.136 8.137 8.020 7.903 7.786 7.669 7.553 7.558 7.564 7.553 7.541 7.563 7.630 7.697 7.763 7.830 7.897 7.898 8.030 8.097 8.164 8.084 7.944 7.804 7.664 7.525 7.385 7.245 7.106 6.966 6.859 6.827 6.794 6.794 6.809 6.838 6.915 6.991 7.068 7.145 7.222 7.299 7.376
8.319 8.331 8.362 8.363 8.387 8.411 8.435 8.459 8.437 8.389 8.342 8.295 8.248 8.200 8.153 8.118 8.105 8.093 8.106 8.107 8.159 8.216 8.298 8.379 8.461 8.542 8.623 8.705 8.786 8.867 8.949 8.833 8.716 8.599 8.364 8.365 8.248 8.131 8.014 7.897 7.781 7.664 7.612 7.619 7.685 7.752 7.819 7.886 7.952 8.019 8.086 8.087 8.219 8.286 8.353 8.274 8.134 7.995 7.855 7.715 7.575 7.436 7.296 7.156 7.017 6.877 6.797 6.798 6.839 6.916 6.993 7.070 7.147 7.223 7.300 7.377 7.454
8.534 8.546 8.569 8.569 8.584 8.608 8.633 8.657 8.628 8.580 8.533 8.486 8.439 8.415 8.402 8.390 8.377 8.365 8.386 8.387 8.440 8.492 8.544 8.621 8.703 8.784 8.865 8.947 9.028 9.109 9.178 9.061 8.944 8.827 8.593 8.594 8.477 8.360 8.243 8.126 8.009 7.886 7.727 7.808 7.874 7.941 8.008 8.075 8.142 8.208 8.275 8.276 8.408 8.475 8.542 8.464 8.325 8.185 8.045 7.905 7.766 7.626 7.486 7.347 7.207 7.067 6.928 6.928 6.917 6.994 7.071 7.148 7.225 7.302 7.378 7.455 7.532
8.749 8.761 8.784 8.785 8.796 8.808 8.830 8.854 8.819 8.771 8.724 8.712 8.699 8.687 8.675 8.662 8.650 8.637 8.666 8.667 8.720 8.772 8.825 8.877 8.944 9.026 9.107 9.188 9.270 9.351 9.407 9.290 9.173 9.056 8.821 8.822 8.705 8.588 8.471 8.347 8.188 8.029 7.876 7.964 8.053 8.130 8.197 8.264 8.331 8.397 8.464 8.465 8.598 8.664 8.731 8.655 8.515 8.375 8.236 8.096 7.956 7.816 7.677 7.537 7.397 7.267 7.144 7.145 7.089 7.113 7.149 7.226 7.303 7.380 7.457 7.533 7.610
8.964 8.976 8.999 9.000 9.011 9.023 9.035 9.051 9.021 9.009 8.997 8.984 8.972 8.959 8.947 8.934 8.922 8.910 8.946 8.947 9.000 9.052 9.105 9.157 9.210 9.268 9.349 9.430 9.512 9.593 9.635 9.518 9.401 9.284 9.050 9.051 8.934 8.809 8.650 8.491 8.332 8.173 8.033 8.121 8.209 8.297 8.385 8.453 8.520 8.586 8.653 8.654 8.787 8.853 8.920 8.845 8.706 8.566 8.426 8.286 8.147 8.007 7.867 7.729 7.607 7.484 7.361 7.362 7.292 7.316 7.340 7.364 7.388 7.458 7.535 7.611 7.688
9.179 9.191 9.214 9.215 9.226 9.238 9.200 9.150 9.294 9.281 9.269 9.256 9.244 9.231 9.219 9.207 9.194 9.182 9.227 9.227 9.280 9.332 9.385 9.437 9.490 9.542 9.595 9.672 9.754 9.835 9.864 9.747 9.630 9.513 9.269 9.270 9.111 8.952 8.794 8.635 8.476 8.317 8.189 8.277 8.365 8.454 8.542 8.630 8.709 8.775 8.842 8.843 8.976 9.042 9.109 9.036 8.896 8.756 8.616 8.477 8.337 8.197 8.069 7.946 7.823 7.701 7.578 7.579 7.495 7.519 7.543 7.567 7.591 7.615 7.639 7.690 7.766
9.394 9.406 9.425 9.426 9.366 9.305 9.244 9.227 9.376 9.526 9.541 9.528 9.516 9.504 9.491 9.479 9.466 9.454 9.507 9.508 9.560 9.612 9.665 9.717 9.770 9.822 9.875 9.927 9.995 10.077 10.092 9.975 9.858 9.732 9.413 9.414 9.255 9.096 8.938 8.779 8.620 8.461 8.346 8.434 8.522 8.610 8.698 8.786 8.874 8.962 9.031 9.032 9.165 9.231 9.298 9.226 9.086 8.947 8.807 8.667 8.532 8.409 8.286 8.163 8.040 7.918 7.795 7.795 7.698 7.722 7.746 7.770 7.794 7.818 7.842 7.866 7.890
9.394 9.406 9.425 9.426 9.366 9.305 9.244 9.227 9.376 9.526 9.541 9.529 9.516 9.504 9.491 9.479 9.466 9.454 9.507 9.508 9.560 9.613 9.665 9.718 9.770 9.822 9.875 9.927 9.996 10.077 10.092 9.975 9.858 9.732 9.413 9.414 9.255 9.096 8.938 8.779 8.620 8.461 8.346 8.434 8.522 8.610 8.698 8.786 8.874 8.962 9.031 9.032 9.165 9.231 9.298 9.226 9.087 8.947 8.807 8.667 8.532 8.409 8.286 8.164 8.041 7.918 7.795 7.796 7.698 7.722 7.746 7.770 7.794 7.818 7.842 7.866 7.890
9.609 9.591 9.469 9.470 9.409 9.349 9.288 9.304 9.453 9.603 9.752 9.801 9.788 9.776 9.764 9.751 9.739 9.726 9.787 9.788 9.840 9.893 9.945 9.998 10.050 10.103 10.155 10.207 10.260 10.319 10.321 10.193 10.034 9.876 9.557 9.558 9.399 9.240 9.082 8.923 8.764 8.605 8.502 8.590 8.679 8.767 8.855 8.943 9.031 9.119 9.207 9.207 9.354 9.421 9.487 9.417 9.277 9.137 8.997 8.872 8.749 8.626 8.503 8.381 8.258 8.135 8.012 8.013 7.901 7.925 7.949 7.973 7.997 8.021 8.045 8.069 8.093
9.696 9.635 9.513 9.514 9.453 9.392 9.332 9.380 9.530 9.679 9.829 9.978 10.061 10.048 10.036 10.023 10.011 9.999 10.067 10.068 10.120 10.173 10.225 10.278 10.330 10.383 10.435 10.488 10.540 10.491 10.461 10.337 10.178 10.019 9.701 9.702 9.543 9.384 9.225 9.067 8.908 8.749 8.659 8.747 8.835 8.923 9.011 9.099 9.187 9.275 9.363 9.364 9.539 9.610 9.676 9.607 9.467 9.335 9.212 9.089 8.966 8.843 8.720 8.597 8.475 8.352 8.229 8.230 8.104 8.128 8.152 8.176 8.200 8.224 8.248 8.272 8.296
9.783 9.723 9.600 9.601 9.541 9.480 9.419 9.534 9.683 9.833 9.982 10.131 10.281 10.430 10.579 10.568 10.555 10.543 10.627 10.628 10.680 10.733 10.785 10.838 10.761 10.607 10.453 10.298 10.144 9.990 10.015 10.115 10.215 10.307 9.989 9.989 9.831 9.672 9.513 9.354 9.195 9.037 8.972 9.060 9.148 9.236 9.324 9.412 9.500 9.588 9.676 9.677 9.852 9.940 9.906 9.933 9.891 9.768 9.645 9.523 9.400 9.277 9.154 9.031 8.908 8.785 8.663 8.663 8.510 8.534 8.558 8.582 8.606 8.630 8.654 8.678 8.702
