includes/camargue/floodfiles/results/res-0014.wd
ncols         906
nrows         631
xllcorner     362177.146667
yllcorner     6534725.688020
cellsize      20.000000
NODATA_value  -9999.000000
[rows 476 to 509 of 631, columns 308 to 384 of 906]
0.292 0.000 0.000 0.000 0.000 0.633 0.000 0.000 0.040 0.070 0.090 0.130 0.001 0.000 0.000 0.000 0.000 0.033 0.000 0.000 0.137 0.000 0.000 0.000 0.403 0.643 0.006 0.379 0.209 0.000 0.000 0.079 0.000 0.649 0.619 0.689 0.699 0.809 0.719 0.409 0.000 0.349 0.000 2.219 0.000 1.039 0.619 0.099 1.039 0.979 0.619 0.000 1.079 1.069 0.000 0.809 0.969 0.000 1.119 0.000 0.719 0.199 0.979 1.069 0.259 0.779 0.709 0.459 0.000 0.799 0.389 0.000 0.000 0.669 0.089 0.000 0.000
0.262 0.302 0.000 0.000 0.003 0.000 0.000 0.377 0.000 0.001 0.100 0.150 0.110 0.000 0.000 0.000 0.000 0.000 0.171 0.000 0.001 0.000 0.000 0.000 0.000 0.000 0.089 0.279 0.509 0.099 0.869 0.739 0.369 0.000 0.699 0.759 0.719 0.659 0.599 0.609 0.299 0.259 1.859 0.169 0.629 0.419 0.949 1.019 0.329 0.699 0.159 0.969 0.000 0.239 0.839 0.709 0.000 1.089 1.059 0.769 0.000 0.349 1.099 0.449 1.189 0.639 0.879 0.209 0.929 0.399 0.499 0.289 0.979 0.669 0.609 0.229 0.639
0.412 0.000 0.000 0.042 0.000 0.016 0.010 0.007 0.000 0.060 0.160 0.060 0.130 0.160 0.000 0.000 0.000 0.000 0.000 0.000 0.000 0.000 0.000 0.000 0.000 0.000 0.000 0.419 0.549 0.289 0.000 0.009 0.269 0.179 0.549 0.000 0.859 0.879 0.579 1.209 0.000 0.339 0.009 0.000 0.939 0.439 0.489 0.999 0.949 0.139 0.729 1.059 0.219 0.429 0.000 1.289 1.039 0.939 1.179 0.000 0.799 0.779 1.049 1.059 0.699 0.929 0.319 0.899 0.319 0.739 0.229 0.269 0.509 0.849 0.429 1.159 1.119
0.000 0.000 0.000 0.001 0.069 0.049 0.000 0.084 0.023 0.120 0.050 0.090 0.240 0.000 0.060 0.000 0.000 0.000 0.000 0.000 0.000 0.000 0.041 0.000 0.000 0.000 0.000 0.000 0.000 0.000 1.129 0.289 0.609 0.209 0.479 0.419 0.000 0.669 0.189 0.000 0.279 1.169 0.000 0.000 1.239 0.739 0.000 0.000 0.169 0.000 1.029 0.529 1.089 0.000 1.179 0.999 0.649 1.119 0.000 0.849 0.409 0.979 0.000 1.019 0.339 0.439 0.289 0.269 1.149 0.299 0.369 0.169 0.349 0.639 1.259 0.299 0.409
0.000 0.000 0.000 0.122 0.000 0.019 0.000 0.000 0.000 0.070 0.050 0.140 0.220 0.000 0.230 0.270 0.280 0.000 0.000 0.000 0.000 0.000 0.001 0.000 0.000 0.000 0.081 0.000 0.000 0.000 0.000 0.000 0.329 0.569 0.179 0.179 0.000 0.000 0.269 0.329 1.049 0.000 0.519 0.000 0.949 0.309 1.239 0.000 0.959 1.009 0.169 0.989 0.029 1.149 0.879 0.939 1.279 0.000 1.019 0.879 0.839 0.000 1.029 1.079 0.389 0.359 0.559 0.979 0.399 0.599 1.039 0.379 1.309 0.989 0.419 0.559 0.299
0.000 0.000 0.000 0.000 0.000 0.016 0.027 0.000 0.000 0.000 0.000 0.100 0.040 0.200 0.170 0.260 0.310 0.000 0.000 0.000 0.000 0.000 0.022 0.000 0.051 0.000 0.000 0.000 0.000 0.000 0.000 0.000 0.369 0.000 0.000 0.000 0.279 0.209 0.000 0.000 1.189 1.159 0.589 0.999 0.000 0.939 1.199 1.079 1.049 0.069 1.149 0.289 0.809 0.549 0.969 0.000 1.049 0.889 0.919 0.000 0.569 0.999 1.099 0.159 0.679 0.339 0.689 0.489 0.529 0.749 0.089 1.139 0.909 0.499 0.449 0.529 0.679
0.012 0.008 0.097 0.026 0.016 0.001 0.014 0.000 0.000 0.011 0.000 0.000 0.130 0.060 0.160 0.250 0.000 0.000 0.000 0.000 0.000 0.000 0.000 0.012 0.000 0.000 0.000 0.000 0.000 0.000 0.000 0.000 0.409 0.369 0.000 0.239 0.299 0.209 0.159 0.000 0.249 0.499 0.229 0.429 0.479 1.009 0.919 0.729 0.000 0.719 1.159 1.099 0.749 1.119 0.000 1.049 0.599 0.929 0.000 0.959 1.109 1.059 0.169 0.579 0.419 0.179 0.649 0.429 0.319 0.309 1.109 0.419 0.489 0.319 1.109 0.859 0.479
0.020 0.137 0.034 0.191 0.084 0.013 0.034 0.070 0.001 0.000 0.000 0.000 0.000 0.000 0.320 0.000 0.000 0.000 0.000 0.000 0.000 0.001 0.000 0.000 0.000 0.101 0.000 0.000 0.021 0.000 0.000 0.000 0.000 0.429 0.159 0.329 0.179 0.359 0.419 0.259 0.000 0.000 0.269 0.399 0.469 0.000 0.019 0.099 0.969 1.079 0.399 1.079 1.129 0.000 0.859 0.589 1.089 0.000 1.019 1.099 0.639 0.619 0.599 0.249 1.059 0.519 0.289 0.199 1.189 1.029 0.529 0.539 0.589 0.699 0.399 0.459 0.179
0.207 0.247 0.277 0.156 0.099 0.069 0.046 0.064 0.013 0.105 0.000 0.000 0.071 0.000 0.000 0.000 0.000 0.000 0.000 0.000 0.000 0.000 0.000 0.203 0.000 0.000 0.000 0.000 0.021 0.000 0.000 0.000 0.000 0.399 0.389 0.009 0.299 0.299 0.219 1.115 1.115 1.115 0.000 0.439 0.429 0.529 0.000 0.000 1.029 1.079 1.089 0.139 0.569 0.959 1.059 0.689 0.339 0.919 0.779 0.229 0.679 0.559 0.569 1.009 0.489 0.879 0.439 0.979 0.489 0.549 0.469 0.629 0.709 0.469 1.129 0.779 0.529
0.274 0.233 0.250 0.135 0.172 0.097 0.124 0.133 0.080 0.089 0.116 0.080 0.000 0.030 0.000 0.081 0.000 0.000 0.000 0.000 0.000 0.011 0.000 0.002 0.042 0.000 0.000 0.061 0.000 0.000 0.000 0.000 0.000 0.279 0.379 0.379 0.119 0.219 1.115 1.115 1.115 1.115 1.115 0.000 0.339 0.589 0.239 0.429 0.000 1.049 0.000 0.989 1.039 1.079 0.289 0.849 0.889 1.139 0.000 0.609 0.399 1.169 1.149 0.129 0.869 0.069 0.919 0.489 0.509 0.549 0.649 0.639 0.359 0.509 0.389 0.289 1.149
0.350 0.379 0.187 0.215 0.141 0.260 0.258 0.155 0.116 0.226 0.127 0.221 0.170 0.127 0.008 0.001 0.034 0.000 0.000 0.000 0.000 0.000 0.000 0.001 0.000 0.042 0.000 0.000 0.000 0.000 0.000 0.000 0.000 0.000 0.409 0.299 0.269 0.649 0.559 1.115 1.115 1.115 0.599 0.679 0.229 0.000 0.599 0.000 0.000 0.419 0.000 0.399 1.019 0.449 0.709 0.999 0.009 0.029 0.419 0.199 0.989 1.159 0.259 0.899 0.519 0.739 0.759 0.489 0.719 0.649 0.429 0.779 0.939 0.879 0.419 0.129 0.429
0.473 0.332 0.352 0.300 0.299 0.236 0.204 0.154 0.185 0.175 0.185 0.325 0.244 0.192 0.155 0.079 0.041 0.015 0.093 0.023 0.000 0.045 0.001 0.003 0.000 0.000 0.012 0.002 0.000 0.061 0.000 0.000 0.000 0.000 0.379 0.429 0.219 0.269 0.369 0.249 0.000 0.579 0.629 0.659 0.799 0.659 0.000 0.000 0.000 0.000 0.000 0.000 0.259 0.849 0.949 0.000 0.000 0.599 0.589 1.209 0.709 1.109 0.819 0.569 0.249 0.319 0.329 0.000 0.219 0.389 0.469 0.839 1.049 0.469 0.000 0.269 0.669
0.425 0.364 0.414 0.323 0.442 0.301 0.180 0.180 0.341 0.351 0.340 0.368 0.327 0.226 0.100 0.289 0.147 0.017 0.009 0.017 0.003 0.036 0.017 0.060 0.000 0.003 0.000 0.000 0.000 0.000 0.141 0.000 0.000 0.000 0.399 0.399 0.019 0.349 0.479 0.249 0.000 0.969 0.000 0.719 0.589 0.669 0.000 0.000 0.000 0.000 0.000 0.000 0.000 0.059 0.009 0.000 0.000 0.000 0.149 0.209 1.029 0.539 0.249 0.249 0.529 0.249 0.379 0.189 0.639 1.019 0.419 0.299 0.769 0.519 0.459 0.449 0.389
0.386 0.406 0.416 0.365 0.375 0.274 0.455 0.425 0.364 0.373 0.503 0.351 0.180 0.279 0.198 0.156 0.098 0.142 0.076 0.063 0.200 0.168 0.110 0.070 0.000 0.000 0.002 0.000 0.000 0.000 0.000 0.031 0.000 0.000 0.000 0.379 0.329 0.000 0.279 0.249 0.000 0.709 0.519 0.000 0.629 0.779 0.559 0.000 0.000 0.000 0.000 0.399 0.549 0.659 0.789 0.619 0.219 0.000 1.069 0.629 0.000 0.389 0.099 0.559 0.079 0.339 0.759 0.819 0.609 0.819 0.479 0.219 1.389 1.379 0.039 0.409 0.439
0.518 0.468 0.448 0.437 0.397 0.547 0.386 0.506 0.456 0.455 0.425 0.314 0.344 0.233 0.203 0.354 0.233 0.130 0.190 0.220 0.309 0.318 0.217 0.137 0.100 0.000 0.000 0.000 0.000 0.000 0.000 0.000 0.000 0.000 0.899 0.689 0.709 0.789 0.000 0.000 0.000 1.139 1.189 1.019 0.000 0.000 0.000 0.000 0.104 0.194 0.874 0.000 0.000 0.000 0.409 0.369 0.000 0.000 0.000 0.549 0.209 0.089 0.259 0.119 0.179 0.229 0.409 0.719 0.839 0.579 0.229 0.479 1.089 0.000 0.649 0.179 0.000
0.519 0.489 0.489 0.569 0.539 0.498 0.548 0.378 0.477 0.447 0.466 0.416 0.406 0.446 0.286 0.366 0.236 0.305 0.345 0.365 0.263 0.253 0.303 0.090 0.222 0.002 0.072 0.000 0.000 0.000 0.000 0.000 0.000 0.000 0.679 0.639 0.599 0.009 0.000 0.000 0.839 0.719 1.149 0.000 0.000 0.664 0.804 0.364 0.504 0.000 0.914 0.007 0.439 0.229 0.649 0.000 0.000 0.000 0.000 0.000 0.069 0.099 0.009 0.000 0.289 0.069 0.219 0.499 0.649 0.000 0.179 0.359 0.199 0.219 0.000 0.459 0.389
0.560 0.540 0.590 0.500 0.660 0.549 0.609 0.469 0.439 0.559 0.458 0.338 0.338 0.327 0.347 0.377 0.287 0.316 0.336 0.376 0.376 0.285 0.255 0.266 0.256 0.039 0.058 0.061 0.000 0.061 0.000 0.000 0.000 0.000 0.629 0.000 0.000 0.000 0.000 0.000 0.759 0.789 0.789 0.000 0.000 0.714 0.634 0.294 0.000 0.314 0.000 0.000 0.669 0.429 0.119 0.279 0.319 0.000 0.000 0.491 0.000 0.000 0.000 0.000 0.039 0.189 0.849 0.000 0.000 0.000 0.389 0.199 0.499 0.439 0.189 0.269 0.259
0.451 0.631 0.701 0.761 0.581 0.621 0.690 0.530 0.540 0.660 0.480 0.510 0.620 0.480 0.379 0.519 0.388 0.408 0.358 0.407 0.507 0.317 0.407 0.317 0.297 0.256 0.100 0.149 0.000 0.000 0.000 0.000 0.000 0.000 0.000 0.000 0.000 0.000 0.661 0.000 0.000 0.709 0.879 0.000 0.000 0.484 0.134 0.684 0.484 0.284 0.000 0.000 0.279 0.469 0.139 0.089 0.289 0.179 0.229 0.000 0.349 0.199 0.659 0.439 0.259 0.479 0.000 0.000 0.000 0.269 0.329 0.000 0.000 0.369 0.249 0.849 0.229
0.762 0.572 0.692 0.742 0.562 0.542 0.591 0.451 0.551 0.601 0.621 0.521 0.571 0.531 0.390 0.410 0.479 0.479 0.409 0.279 0.339 0.419 0.379 0.399 0.288 0.268 0.208 0.136 0.088 0.000 0.000 0.000 0.000 0.000 0.000 0.000 0.000 0.000 0.000 0.000 0.000 0.000 0.000 0.000 0.000 0.074 0.684 0.284 0.544 0.394 0.544 0.000 0.509 0.749 0.029 0.239 0.249 0.029 0.329 0.429 0.349 0.000 0.629 0.489 0.589 0.459 0.049 0.489 0.069 0.659 0.659 0.000 0.000 0.000 0.000 0.159 0.009
0.753 0.663 0.813 0.673 0.613 0.573 0.573 0.653 0.823 0.552 0.622 0.602 0.502 0.602 0.421 0.451 0.411 0.530 0.500 0.441 0.390 0.530 0.480 0.280 0.370 0.380 0.290 0.191 0.151 0.171 0.000 0.000 0.000 0.000 0.000 0.000 0.000 0.000 0.000 0.333 0.075 0.000 0.000 0.000 0.000 0.000 0.554 0.374 0.000 0.354 0.654 0.000 0.000 0.429 0.000 0.299 0.069 0.279 0.439 0.269 0.579 0.189 0.729 0.000 0.199 0.579 0.279 0.789 0.619 0.259 0.799 0.769 0.879 0.579 1.009 0.869 0.000
0.783 0.773 0.763 0.724 0.694 0.634 0.724 0.654 0.703 0.713 0.693 0.723 0.693 0.583 0.572 0.532 0.532 0.431 0.501 0.461 0.541 0.371 0.471 0.602 0.512 0.442 0.362 0.292 0.282 0.161 0.021 0.000 0.000 0.000 0.000 0.000 0.132 0.101 0.203 0.333 0.412 0.191 0.000 0.000 0.000 0.000 0.484 0.364 0.594 0.654 0.744 0.000 0.000 0.479 0.000 0.000 0.000 0.399 0.119 0.019 0.359 0.000 0.149 0.000 0.000 0.000 0.000 0.000 0.509 0.909 0.819 0.769 0.639 0.659 0.000 0.829 0.549
0.854 0.814 0.714 0.734 0.794 0.735 0.775 0.734 0.684 0.674 0.754 0.743 0.723 0.793 0.613 0.503 0.643 0.623 0.522 0.472 0.592 0.572 0.612 0.493 0.513 0.493 0.423 0.434 0.294 0.283 0.273 0.034 0.294 0.134 0.114 0.314 0.234 0.142 0.243 0.313 0.362 0.212 0.183 0.021 0.000 0.000 0.684 0.494 0.594 0.714 0.414 0.000 0.799 0.679 0.000 0.000 0.000 0.000 0.069 0.000 0.000 0.000 0.000 0.000 0.000 0.017 0.000 0.000 0.000 0.000 0.000 0.000 0.000 0.000 0.000 0.000 0.000
0.725 0.755 0.825 0.895 0.695 0.775 0.815 0.745 0.765 0.715 0.724 0.704 0.674 0.684 0.664 0.643 0.603 0.633 0.563 0.623 0.473 0.413 0.463 0.534 0.684 0.534 0.614 0.504 0.434 0.344 0.394 0.414 0.264 0.564 0.494 0.384 0.383 0.233 0.303 0.553 0.473 0.223 0.174 0.223 0.233 0.000 0.000 0.000 0.000 0.364 0.554 0.000 0.000 0.000 0.000 0.000 0.000 0.000 0.000 0.000 0.000 0.242 0.203 0.271 0.180 0.095 0.010 0.198 0.258 0.269 0.269 0.388 0.238 0.278 0.319 0.329 0.289
0.825 0.876 1.332 0.916 0.826 0.816 1.261 0.746 0.765 0.725 0.765 0.875 0.784 0.734 0.714 0.734 0.704 0.734 0.664 0.624 0.684 0.654 0.554 0.504 0.595 0.665 0.535 0.545 0.505 0.435 0.504 0.454 0.474 0.494 0.283 0.453 0.413 0.363 0.323 0.524 0.274 0.304 0.394 0.365 0.345 0.487 0.278 0.000 0.000 0.000 0.000 0.000 0.000 0.000 0.000 0.000 0.000 0.152 0.131 0.332 0.433 0.283 0.233 0.411 0.410 0.430 0.229 0.449 0.349 0.319 0.299 0.338 0.368 0.227 0.329 0.379 0.419
0.876 0.856 1.369 0.876 0.837 1.316 0.837 0.826 0.846 0.776 0.715 0.805 0.715 0.695 0.915 0.705 0.755 0.734 0.654 0.614 0.755 0.685 0.545 0.585 0.675 0.625 0.586 0.596 0.556 0.585 0.545 0.475 0.514 0.344 0.323 0.423 0.413 0.443 0.434 0.464 0.515 0.435 0.475 0.466 0.476 0.417 0.508 0.419 0.479 0.339 0.000 0.000 0.009 0.107 0.360 0.460 0.491 0.401 0.411 0.412 0.302 0.503 0.423 0.472 0.311 0.530 0.320 0.330 0.400 0.440 0.319 0.369 0.179 0.267 0.339 0.329 0.309
0.917 0.937 0.877 1.388 0.787 0.917 1.336 0.897 0.887 0.846 0.836 0.866 0.715 0.745 0.765 0.815 0.735 0.845 0.675 0.665 0.675 0.645 0.576 0.646 0.516 0.776 0.566 0.626 0.656 0.486 0.585 0.605 0.435 0.445 0.394 0.574 0.404 0.544 0.394 0.575 0.445 0.415 0.466 0.326 0.517 0.447 0.448 0.499 0.569 0.538 0.748 0.548 0.449 0.510 0.550 0.421 0.521 0.441 0.371 0.442 0.402 0.583 0.613 0.522 0.441 0.381 0.581 0.361 0.571 0.320 0.340 0.390 0.320 0.259 0.449 0.500 0.379
1.456 0.867 0.817 0.878 1.408 1.390 1.372 1.355 0.937 1.319 0.826 0.846 0.796 0.896 0.866 0.866 0.716 0.836 0.796 0.856 0.696 0.816 0.636 0.747 0.627 0.717 0.867 0.696 0.616 0.556 0.626 0.446 0.505 0.455 0.505 0.594 0.584 0.574 0.655 0.515 0.485 0.425 0.396 0.367 0.417 0.507 0.568 0.539 0.598 0.518 0.548 0.468 0.639 0.520 0.581 0.451 0.571 0.371 0.532 0.512 0.572 0.452 0.592 0.452 0.531 0.421 0.471 0.432 0.421 0.361 0.470 0.370 0.420 0.460 0.450 0.430 0.310
1.489 1.488 1.480 1.462 1.445 1.427 0.868 0.938 0.887 1.355 0.797 0.767 0.867 0.767 1.254 0.877 0.846 0.776 0.806 0.816 0.707 0.777 0.827 0.717 0.617 0.777 0.727 0.697 0.707 0.537 0.497 0.566 0.516 0.456 0.526 0.555 0.565 0.595 0.485 0.495 0.626 0.576 0.536 0.497 0.557 0.637 0.458 0.488 0.568 0.488 0.569 0.569 0.530 0.520 0.511 0.581 0.541 0.602 0.572 0.532 0.522 0.382 0.512 0.552 0.562 0.432 0.502 0.452 0.452 0.392 0.541 0.511 0.441 0.451 0.361 0.461 0.411
1.522 1.520 1.517 1.499 1.481 1.464 1.446 1.428 1.411 0.918 1.375 0.827 0.897 0.857 1.275 1.241 1.207 0.877 0.757 0.867 0.887 0.867 0.717 0.668 0.748 0.688 0.758 0.608 0.558 0.608 0.558 0.647 0.657 0.487 0.617 0.686 0.726 0.626 0.656 0.506 0.596 0.516 0.696 0.497 0.617 0.637 0.608 0.588 0.559 0.679 0.619 0.680 0.560 0.481 0.541 0.661 0.432 0.522 0.572 0.382 0.602 0.623 0.573 0.472 0.432 0.492 0.503 0.533 0.573 0.503 0.372 0.552 0.632 0.472 0.492 0.482 0.432
1.555 1.553 1.552 1.536 1.518 1.500 1.483 1.465 1.447 1.429 1.411 0.888 0.918 0.837 0.877 1.263 0.927 0.917 0.817 0.828 0.738 0.888 0.898 0.828 0.668 0.788 0.728 0.738 0.658 0.668 0.658 0.658 0.678 0.538 0.577 0.657 0.647 0.717 0.606 0.656 0.546 0.587 0.597 0.587 0.647 0.548 0.658 0.649 0.599 0.499 0.560 0.520 0.571 0.521 0.562 0.652 0.602 0.592 0.512 0.533 0.723 0.633 0.593 0.463 0.513 0.553 0.653 0.584 0.444 0.504 0.473 0.603 0.522 0.502 0.633 0.482 0.532
1.588 1.586 1.585 1.572 1.555 1.537 1.519 1.501 1.484 1.466 1.448 1.422 1.388 0.888 1.319 1.285 1.250 1.216 0.828 1.147 0.908 0.898 0.718 0.798 0.778 0.668 0.708 0.678 0.678 0.638 0.898 0.718 0.668 0.568 0.638 0.648 0.737 0.617 0.697 0.557 0.577 0.587 0.637 0.637 0.618 0.648 0.499 0.539 0.550 0.680 0.730 0.671 0.641 0.652 0.692 0.532 0.592 0.532 0.573 0.543 0.573 0.653 0.683 0.713 0.713 0.564 0.624 0.604 0.665 0.584 0.754 0.543 0.733 0.643 0.623 0.553 0.503
1.621 1.619 1.617 1.609 1.591 1.574 1.556 1.538 1.520 0.928 1.478 1.444 1.409 1.375 1.341 1.306 1.272 1.238 0.808 0.888 0.908 0.839 0.809 0.919 0.749 0.829 0.779 0.699 0.708 0.828 0.848 0.668 0.588 0.838 0.608 0.698 0.628 0.698 0.678 0.638 0.648 0.648 0.698 0.718 0.629 0.559 0.539 0.610 0.660 0.590 0.551 0.741 0.582 0.582 0.612 0.562 0.583 0.603 0.713 0.643 0.614 0.624 0.804 0.674 0.604 0.664 0.714 0.605 0.575 0.615 0.635 0.664 0.634 0.714 0.764 0.574 0.524
1.653 1.652 1.650 1.646 1.628 1.610 1.592 1.575 1.557 1.534 1.500 0.938 1.431 1.397 1.362 1.328 1.294 1.259 1.225 1.191 0.929 0.919 0.789 0.899 0.799 0.679 0.729 0.679 0.619 1.034 0.779 0.679 0.909 0.499 0.609 0.749 0.819 0.678 0.598 0.718 0.648 0.668 0.698 0.689 0.719 0.660 0.710 0.630 0.521 0.751 0.792 0.682 0.682 0.602 0.772 0.632 0.653 0.663 0.663 0.673 0.674 0.574 0.884 0.704 0.714 0.764 0.845 0.645 0.706 0.676 0.685 0.755 0.725 0.615 0.625 0.585 0.695
1.686 1.685 1.683 1.681 1.664 1.647 1.629 1.611 1.590 1.555 1.521 1.487 1.452 1.418 1.384 1.349 1.315 1.281 0.919 0.839 0.789 0.829 0.829 1.134 0.829 0.819 0.899 0.689 0.839 0.779 0.629 0.819 0.659 0.549 0.729 0.899 0.829 0.699 0.839 0.679 0.799 0.759 0.669 0.649 0.660 0.820 0.781 1.124 0.921 0.792 0.712 0.762 0.612 0.753 0.742 0.752 0.763 0.753 0.733 0.774 0.694 0.684 0.724 0.914 0.724 0.705 0.705 0.816 0.706 0.776 0.736 0.686 0.796 0.696 0.676 0.746 0.766
