includes/camargue/floodfiles/results/res-0012.wdfp
ncols         906
nrows         631
xllcorner     362177.146667
yllcorner     6534725.688020
cellsize      20.000000
NODATA_value  -9999.000000
[rows 408 to 441 of 631, columns 308 to 384 of 906]
0.635 0.305 0.445 0.000 0.495 0.000 0.000 0.000 0.325 0.615 0.385 0.000 0.369 0.000 0.968 0.000 1.008 0.648 0.848 0.000 0.034 0.114 0.000 0.000 0.202 0.000 0.065 0.183 0.184 1.525 1.715 0.000 0.000 0.372 0.000 0.000 0.012 0.382 0.192 0.292 0.602 0.492 0.000 0.000 0.260 0.340 0.260 0.100 0.000 0.000 0.000 0.000 0.000 0.000 0.000 0.000 0.000 0.000 0.000 0.000 0.000 0.000 0.000 0.000 0.000 0.000 0.000 0.000 0.000 0.000 1.093 1.183 1.143 1.023 0.973 0.863 0.393
0.485 0.475 0.000 0.585 0.605 0.000 1.122 1.022 0.000 0.605 0.095 0.000 0.198 0.000 0.768 0.000 0.948 0.000 0.001 0.964 0.154 0.000 0.545 0.003 0.731 1.111 0.180 0.181 0.000 1.795 0.105 0.000 0.000 0.000 0.061 0.000 0.362 0.522 0.662 0.862 0.862 1.282 0.192 0.381 0.221 0.000 0.440 0.000 0.000 0.000 0.000 0.000 0.000 0.000 0.000 0.000 0.000 0.000 0.000 0.000 0.000 0.000 0.000 0.000 0.000 0.000 0.000 0.000 0.623 0.000 1.113 0.000 1.313 0.863 0.663 0.000 0.643
0.000 0.000 0.003 0.185 0.155 0.365 0.000 1.112 0.112 0.000 0.000 0.307 0.268 0.000 1.028 0.003 0.268 0.898 0.000 0.000 0.000 0.548 0.000 0.751 0.671 0.001 0.180 0.000 2.105 1.975 1.295 0.705 0.085 0.000 1.221 0.000 1.272 1.012 0.362 0.252 0.462 0.682 0.372 0.262 0.000 0.002 0.400 0.060 0.000 0.000 0.000 0.000 0.000 0.000 0.000 0.000 0.000 0.000 0.000 0.000 0.000 0.000 0.000 0.000 0.000 0.002 0.193 0.813 0.693 0.833 0.000 0.923 1.253 0.733 0.000 0.000 0.000
0.000 0.000 0.334 0.000 0.605 0.405 0.575 0.000 0.000 0.047 0.237 0.377 0.157 0.608 1.108 0.958 0.000 0.238 0.768 0.098 0.648 0.028 0.881 0.611 0.561 0.178 0.180 0.405 1.595 0.000 0.395 0.000 0.000 1.321 0.000 0.952 1.242 0.852 1.202 0.622 0.432 1.572 0.542 0.392 0.432 0.000 0.220 0.550 0.000 0.000 0.000 0.000 0.000 0.000 0.000 0.000 0.000 0.000 0.000 0.000 0.000 0.000 0.000 0.000 0.000 0.095 0.000 0.793 0.383 0.483 1.013 1.273 1.083 1.403 0.243 0.162 0.392
0.044 0.174 0.000 0.505 0.695 0.505 0.605 0.565 0.685 0.000 0.207 0.163 0.163 0.828 0.000 0.000 0.000 0.328 0.000 0.000 0.000 0.000 0.321 0.631 0.177 0.178 0.244 1.265 1.565 0.000 0.000 0.000 0.000 1.271 0.000 1.032 1.012 1.102 1.192 0.632 0.392 0.152 0.542 0.452 0.482 0.612 0.050 0.270 0.000 0.000 0.000 0.000 0.000 0.000 0.000 0.000 0.000 0.000 0.000 0.000 0.000 0.000 0.000 0.000 0.000 0.003 0.000 0.093 0.563 1.423 1.323 1.313 0.973 0.000 0.000 0.572 0.412
0.224 0.294 0.134 0.704 0.002 0.495 0.000 0.575 0.765 0.585 0.162 0.163 0.163 0.968 0.000 0.000 0.000 0.000 0.000 0.000 0.000 0.511 0.541 0.441 0.177 0.142 0.000 2.045 0.000 0.000 0.000 0.000 0.883 0.000 0.942 1.292 0.842 0.852 1.002 0.712 0.932 0.372 0.962 0.382 0.512 0.532 0.000 0.041 0.201 0.051 0.000 0.000 0.000 0.000 0.000 0.000 0.000 0.000 0.000 0.000 0.000 0.000 0.000 0.000 0.000 0.314 0.664 0.000 0.000 1.363 1.273 0.863 0.000 0.000 0.822 0.642 0.222
0.144 0.000 0.774 0.584 0.000 0.000 0.033 0.000 0.000 0.415 0.162 0.162 0.527 0.147 0.000 0.000 0.005 0.159 0.069 0.003 0.320 0.561 0.391 0.177 0.177 0.000 2.093 0.002 2.013 0.000 0.000 0.443 0.723 0.000 0.452 1.192 0.772 0.882 0.762 0.972 0.792 0.762 0.732 0.312 0.412 0.752 0.000 0.000 0.131 0.004 0.088 0.098 0.000 0.000 0.000 0.000 0.000 0.000 0.000 0.000 0.000 0.000 0.000 0.000 0.122 0.000 0.000 0.053 0.113 0.273 0.000 0.302 0.362 0.000 0.282 0.382 1.292
0.160 0.614 0.514 0.000 0.353 0.273 0.353 0.503 0.000 0.245 0.162 0.162 0.000 0.407 0.317 0.000 0.000 0.000 0.239 0.249 0.390 0.380 0.176 0.177 0.000 1.896 0.000 0.629 0.000 0.000 0.000 0.013 0.000 0.622 0.822 0.722 0.792 0.662 0.512 1.152 0.692 0.672 0.582 0.642 0.572 0.962 0.202 0.252 0.000 0.154 0.000 0.188 0.001 0.000 0.000 0.000 0.000 0.000 0.000 0.000 0.000 0.000 0.000 0.000 0.000 0.000 0.000 0.000 0.283 0.363 0.000 0.542 0.392 0.312 0.202 0.232 0.452
0.159 0.159 0.142 0.000 0.000 0.000 0.000 0.031 0.491 0.000 0.162 0.162 0.162 0.162 0.507 0.427 0.000 0.000 0.328 0.259 0.299 0.176 0.176 0.000 2.140 0.005 0.029 0.129 0.000 0.000 1.152 1.132 0.000 0.022 1.352 0.992 1.042 0.532 0.782 1.092 1.072 1.102 1.162 1.082 0.982 1.442 0.112 0.092 0.052 0.002 0.000 0.000 0.000 0.000 0.000 0.000 0.000 0.000 0.000 0.000 0.000 0.000 0.000 0.091 0.000 0.000 0.000 0.000 0.143 0.000 0.962 0.512 0.013 0.492 0.422 0.122 0.252
0.158 0.156 0.155 0.000 0.494 0.504 0.026 0.651 0.491 0.461 0.000 0.161 0.605 0.162 0.163 0.000 0.000 0.507 0.358 0.608 0.175 0.175 0.017 0.890 1.270 1.010 0.000 0.000 0.381 0.000 1.102 0.482 0.000 0.000 0.000 1.622 0.112 0.512 1.052 0.862 1.072 0.702 0.792 0.512 0.692 0.132 0.000 0.062 0.052 0.023 0.064 0.002 0.000 0.000 0.000 0.000 0.000 0.000 0.000 0.000 0.000 0.000 0.000 0.000 0.000 0.000 0.000 0.000 0.172 0.672 0.442 0.402 0.192 0.352 0.962 0.422 0.182
0.000 0.153 0.150 0.143 0.334 0.000 0.461 0.461 0.671 0.331 0.000 0.161 1.505 0.000 0.165 0.013 0.315 0.386 0.173 0.174 0.174 0.000 1.590 0.960 0.000 0.360 0.000 0.000 0.000 1.252 1.052 0.000 0.361 0.000 0.792 1.162 0.212 1.242 0.612 1.052 0.852 1.122 1.042 0.702 0.632 0.512 0.062 0.072 0.022 0.134 0.134 0.000 0.000 0.000 0.000 0.092 0.000 0.003 0.002 0.000 0.000 0.000 0.000 0.106 0.017 0.087 0.000 0.000 0.352 0.000 0.292 0.342 1.312 1.112 1.202 1.052 0.252
0.000 0.000 0.146 0.141 0.138 0.131 0.381 0.321 0.391 0.571 0.026 0.160 0.875 0.000 0.166 0.272 0.324 0.171 0.173 0.808 0.968 0.548 0.000 0.000 0.502 0.000 0.000 1.202 0.312 1.152 0.452 0.000 0.000 0.732 0.332 0.000 1.212 0.000 0.982 0.262 0.252 0.652 0.782 0.542 0.512 0.432 0.362 0.362 0.182 0.000 0.074 0.000 0.000 0.000 0.000 0.000 0.000 0.000 0.225 0.075 0.000 0.001 0.000 0.136 0.166 0.000 0.162 0.802 0.000 0.092 0.302 1.192 0.562 0.492 0.732 0.312 0.000
0.143 0.000 0.000 0.139 0.137 0.130 0.127 0.401 0.361 0.381 0.000 0.159 0.159 0.000 0.166 0.167 0.167 0.169 0.000 2.278 2.238 0.000 0.000 0.092 0.722 0.000 0.721 0.000 0.312 0.722 0.000 0.822 1.002 0.000 0.482 0.592 0.000 0.482 0.972 0.512 0.112 0.482 0.512 0.632 0.442 0.232 0.242 0.000 0.152 0.052 0.000 0.000 0.000 0.000 0.045 0.025 0.005 0.000 0.000 0.001 0.033 0.000 0.326 0.146 0.000 0.002 0.000 0.000 0.000 0.342 0.342 0.712 0.562 0.932 0.542 0.532 0.000
0.273 0.000 0.000 0.000 0.000 0.126 0.125 0.125 0.510 0.010 0.000 0.521 0.157 0.000 0.166 0.165 0.655 0.019 2.239 0.000 0.000 1.012 0.242 0.000 0.402 0.642 0.000 0.142 0.612 0.000 0.000 0.000 0.722 1.002 0.000 0.000 0.972 0.652 0.000 0.005 0.192 0.912 0.012 0.000 0.412 0.312 0.112 0.072 0.132 0.000 0.000 0.000 0.000 0.000 0.000 0.000 0.000 0.000 0.000 0.002 0.063 0.043 0.043 0.000 0.052 0.162 0.000 0.262 0.052 0.000 0.582 0.332 0.452 0.902 0.962 0.892 0.000
0.000 0.000 0.000 0.000 0.000 0.124 0.122 0.121 0.121 0.295 0.000 0.390 0.157 0.162 0.003 0.000 2.134 2.394 0.000 1.341 0.000 0.000 0.000 0.000 0.000 0.382 0.472 0.392 0.512 0.000 0.000 0.000 0.000 0.412 0.542 1.122 0.242 0.000 0.000 0.000 0.172 0.292 0.000 0.202 0.182 0.032 0.162 0.000 0.072 0.005 0.126 0.000 0.000 0.000 0.000 0.000 0.000 0.033 0.043 0.000 0.153 0.153 0.103 0.423 0.000 1.042 0.000 0.000 0.622 0.562 0.000 0.292 0.342 0.272 0.162 0.000 0.532
0.000 0.000 0.171 0.000 0.352 0.000 0.113 0.114 0.114 0.027 0.488 0.147 0.156 0.564 0.000 2.394 2.374 0.013 0.258 0.000 0.000 0.000 0.555 0.545 0.375 0.021 0.142 0.332 0.000 0.000 0.001 0.188 0.258 0.056 0.076 0.000 0.000 0.000 0.000 0.014 0.000 0.212 0.272 0.132 0.132 0.112 0.000 0.000 0.000 0.056 0.000 0.000 0.000 0.000 0.000 0.000 0.000 0.000 0.000 0.001 0.073 0.000 0.622 0.000 0.000 0.752 0.000 1.272 0.892 0.602 0.032 0.000 0.842 0.832 0.892 0.882 0.000
0.000 0.000 0.000 0.000 0.532 0.722 0.097 0.104 0.108 0.115 0.121 0.135 0.000 0.514 1.664 2.104 0.000 0.000 0.528 0.011 0.215 0.235 0.395 0.435 0.000 0.122 0.452 0.000 0.042 0.000 0.000 0.098 0.068 0.000 0.057 0.005 0.000 0.102 0.000 1.052 0.452 0.000 0.082 0.192 0.292 0.032 0.000 0.000 0.000 0.000 0.001 0.102 0.000 0.000 0.000 0.000 0.000 0.000 0.000 0.063 0.053 0.062 0.342 0.232 0.682 0.222 1.332 1.402 0.000 0.742 0.732 0.632 0.632 0.000 0.000 0.872 0.882
0.581 0.000 0.511 0.301 0.392 0.000 0.090 0.092 0.177 0.000 0.418 0.000 0.019 0.071 2.254 0.000 0.000 0.000 0.598 0.000 0.000 0.605 0.695 0.000 0.415 0.000 0.000 0.000 0.000 0.000 0.000 0.000 0.029 0.144 0.154 0.144 0.000 0.000 0.000 0.132 0.192 0.162 0.252 0.001 0.000 0.000 0.000 0.000 0.000 0.000 0.051 0.000 0.000 0.000 0.000 0.000 0.000 0.000 0.000 0.000 0.043 0.102 0.762 0.112 0.102 0.000 0.000 0.013 1.163 0.000 0.000 0.752 0.832 0.892 1.432 0.000 0.000
0.401 0.501 0.441 0.271 0.000 0.591 0.541 0.084 0.324 0.000 1.088 0.285 1.174 2.104 0.000 0.000 0.000 0.258 0.568 0.000 0.505 0.885 0.000 0.405 0.355 0.000 0.000 0.014 0.164 0.002 0.000 0.204 0.000 0.554 0.414 0.314 0.294 0.174 0.154 0.000 0.122 0.000 0.000 0.003 0.000 0.000 0.000 0.000 0.000 0.000 0.000 0.000 0.000 0.000 0.000 0.000 0.000 0.000 0.000 0.000 0.000 0.000 0.692 0.000 0.562 0.023 0.000 0.932 0.000 0.000 0.762 0.732 0.000 0.872 0.000 0.682 1.172
0.321 0.111 0.000 0.461 0.461 0.491 0.611 0.079 0.090 0.003 0.000 0.684 2.474 2.174 0.000 0.000 0.198 0.398 0.000 0.000 0.735 0.000 0.475 0.585 0.605 0.455 0.000 0.000 0.000 0.156 0.015 0.104 0.104 0.284 0.394 0.184 0.024 0.000 0.164 0.002 0.112 0.000 0.000 0.000 0.000 0.000 0.000 0.000 0.000 0.000 0.000 0.000 0.000 0.000 0.000 0.000 0.000 0.000 0.022 0.000 0.000 0.132 0.000 0.713 0.000 0.000 0.782 0.292 0.152 0.782 0.672 0.000 0.112 1.042 0.942 0.702 0.542
0.000 0.519 0.000 0.591 0.430 0.000 0.000 0.075 0.000 0.175 0.000 0.094 2.144 0.000 1.621 0.000 0.000 0.000 0.000 0.015 0.000 0.635 0.805 0.615 0.645 0.485 0.000 0.152 0.072 0.000 0.094 0.044 0.184 0.204 0.144 0.164 0.064 0.084 0.000 0.004 0.000 0.000 0.000 0.000 0.000 0.000 0.000 0.000 0.000 0.000 0.000 0.000 0.000 0.000 0.000 0.000 0.000 0.000 0.012 0.122 0.000 0.000 0.000 0.002 0.792 0.502 0.792 0.642 0.622 0.962 0.000 0.242 0.792 0.142 0.932 0.382 1.192
0.000 0.249 0.000 0.089 0.359 0.519 0.859 0.069 0.000 0.175 0.000 0.574 2.204 0.000 0.000 0.375 0.085 0.000 0.000 0.685 0.645 0.735 0.795 0.735 0.295 0.000 0.000 0.000 0.000 0.000 0.025 0.154 0.334 0.204 0.184 0.314 0.114 0.054 0.000 0.000 0.000 0.000 0.000 0.000 0.000 0.000 0.000 0.000 0.000 0.000 0.000 0.000 0.000 0.000 0.000 0.000 0.000 0.001 0.000 0.000 0.000 0.051 0.000 0.000 0.000 0.562 1.172 0.682 1.422 0.912 0.582 0.000 0.932 0.942 0.152 0.352 0.000
0.000 0.096 0.456 0.336 0.467 0.148 0.066 0.069 0.000 0.000 0.000 2.334 0.504 0.000 0.325 0.255 0.765 0.275 0.000 0.000 0.655 0.655 0.645 0.515 0.435 0.065 0.000 0.043 0.000 0.028 0.177 0.000 0.000 0.144 0.254 0.194 0.000 0.084 0.000 0.000 0.000 0.000 0.000 0.000 0.000 0.000 0.000 0.000 0.000 0.000 0.000 0.000 0.000 0.000 0.000 0.000 0.000 0.000 0.000 0.000 0.000 0.000 0.262 0.132 0.000 0.622 0.000 1.042 1.432 0.000 0.332 0.872 0.972 0.000 1.122 0.662 0.092
0.545 0.645 0.436 0.506 0.656 0.064 0.067 0.264 0.214 0.434 1.494 2.514 0.000 0.000 0.055 0.000 1.415 0.000 0.195 0.175 0.000 0.255 0.695 0.505 0.125 0.000 0.001 0.001 0.199 0.089 0.000 0.000 0.094 0.144 0.094 0.134 0.000 0.000 0.000 0.000 0.000 0.000 0.000 0.000 0.000 0.000 0.000 0.000 0.000 0.000 0.000 0.000 0.000 0.000 0.000 0.000 0.000 0.000 0.000 0.000 0.000 0.000 0.000 0.000 0.132 1.032 1.442 1.312 0.392 1.082 0.292 0.972 0.122 0.882 1.262 0.000 0.001
0.545 0.525 0.635 0.546 0.061 0.064 0.182 0.000 0.064 1.004 2.404 0.304 0.000 0.000 0.000 0.685 0.895 0.000 0.000 0.035 0.335 0.465 0.495 0.195 0.415 0.000 0.000 0.179 0.089 0.000 0.000 0.000 0.000 0.094 0.124 0.054 0.000 0.000 0.000 0.000 0.000 0.000 0.000 0.000 0.000 0.000 0.000 0.000 0.000 0.000 0.000 0.000 0.000 0.000 0.000 0.000 0.000 0.000 0.000 0.000 0.000 0.046 0.036 0.000 0.882 0.000 1.212 0.442 0.542 0.000 0.962 0.612 1.212 1.322 0.000 0.892 0.612
0.505 0.565 1.155 0.053 0.047 0.047 0.422 0.000 0.543 2.154 1.494 0.000 0.033 0.353 0.243 0.000 0.000 0.000 1.085 1.225 0.000 0.925 1.385 0.000 0.055 0.000 0.000 0.000 0.000 0.000 0.000 0.000 0.000 0.000 0.000 0.000 0.000 0.000 0.000 0.000 0.000 0.000 0.000 0.000 0.000 0.000 0.000 0.000 0.000 0.000 0.000 0.000 0.000 0.000 0.000 0.000 0.000 0.000 0.000 0.000 0.000 0.056 0.136 0.000 0.000 0.672 1.162 0.422 0.000 0.922 0.752 1.292 1.072 0.252 0.352 0.462 0.982
0.265 0.725 0.049 0.025 0.046 0.000 0.463 2.443 2.453 0.000 0.000 0.000 0.313 0.000 0.000 0.715 0.365 0.025 0.215 0.425 1.165 0.855 0.000 0.095 0.000 0.000 0.000 0.000 0.000 0.202 0.000 0.042 0.000 0.000 0.000 0.000 0.022 0.000 0.000 0.000 0.000 0.000 0.000 0.000 0.000 0.000 0.000 0.000 0.000 0.000 0.000 0.000 0.000 0.000 0.000 0.000 0.000 0.000 0.000 0.000 0.071 0.000 0.036 0.176 0.000 0.352 0.562 0.000 1.082 0.862 0.000 1.242 0.512 0.092 0.942 0.472 1.012
0.415 0.048 0.021 0.919 0.379 0.048 2.423 2.053 0.000 0.000 0.183 0.453 0.000 0.000 0.215 0.255 0.375 0.175 0.145 0.265 0.205 0.205 0.225 0.295 0.004 0.108 0.000 0.001 0.002 0.001 0.000 0.000 0.081 0.000 0.121 0.000 0.000 0.000 0.000 0.000 0.000 0.000 0.000 0.000 0.000 0.000 0.000 0.000 0.000 0.000 0.000 0.000 0.000 0.000 0.000 0.000 0.000 0.000 0.000 0.000 0.000 0.000 0.000 0.002 0.492 0.802 0.042 0.222 0.952 0.262 1.392 1.352 0.312 0.802 0.722 0.872 1.042
0.048 0.021 0.506 0.000 1.106 1.666 0.000 0.000 0.000 0.000 0.133 0.043 0.000 0.000 0.745 0.155 0.255 0.065 0.000 0.006 0.205 0.225 0.125 0.000 0.003 0.038 0.098 0.001 0.000 0.000 0.042 0.000 0.000 0.000 0.000 0.000 0.000 0.000 0.000 0.000 0.000 0.000 0.000 0.000 0.000 0.000 0.000 0.000 0.000 0.000 0.000 0.000 0.000 0.000 0.000 0.000 0.000 0.000 0.000 0.000 0.000 0.000 0.000 0.093 0.000 0.862 0.000 0.812 0.182 1.432 1.332 0.000 0.752 0.000 0.000 0.882 0.392
0.026 0.037 1.386 1.396 1.516 0.000 0.322 0.000 0.082 0.143 0.153 0.363 0.000 0.010 0.475 0.095 0.285 0.045 0.000 0.006 0.115 0.105 0.000 0.000 0.188 0.000 0.002 0.000 0.000 0.000 0.000 0.000 0.000 0.000 0.000 0.000 0.000 0.000 0.000 0.000 0.000 0.000 0.000 0.000 0.000 0.000 0.000 0.000 0.000 0.000 0.000 0.000 0.000 0.000 0.000 0.000 0.000 0.000 0.000 0.000 0.000 0.701 0.000 0.000 0.082 0.000 0.612 0.912 0.192 1.202 0.292 1.022 0.942 0.902 0.702 0.802 1.522
0.012 0.208 1.586 1.896 0.000 0.000 0.000 0.000 0.450 0.000 0.000 0.183 0.021 0.295 0.006 0.255 0.055 0.055 0.000 0.006 0.000 0.000 0.000 0.178 0.007 0.005 0.000 0.000 0.000 0.000 0.000 0.000 0.000 0.000 0.000 0.000 0.000 0.000 0.000 0.000 0.000 0.000 0.000 0.000 0.000 0.000 0.000 0.000 0.000 0.000 0.000 0.000 0.000 0.000 0.000 0.000 0.000 0.000 0.232 0.912 0.182 0.000 0.000 0.312 0.522 0.762 0.912 0.312 1.042 1.492 0.992 0.842 1.032 1.042 0.812 0.982 0.502
1.527 1.797 0.000 0.019 0.000 0.197 0.187 0.317 0.089 0.000 0.263 0.303 0.143 0.006 0.006 0.000 0.000 0.000 0.000 0.000 0.000 0.000 0.000 0.001 0.000 0.003 0.000 0.000 0.000 0.000 0.000 0.000 0.000 0.000 0.000 0.000 0.000 0.000 0.000 0.000 0.000 0.000 0.000 0.000 0.000 0.000 0.000 0.000 0.000 0.000 0.000 0.000 0.000 0.000 0.000 0.000 0.000 0.000 0.000 0.022 0.000 0.000 0.000 0.702 0.322 0.752 0.652 1.232 1.262 0.642 0.872 0.752 0.882 0.622 0.852 0.582 0.742
1.246 0.000 0.000 0.552 0.012 1.357 0.757 0.017 0.000 0.263 0.293 0.000 0.000 0.000 0.000 0.000 0.000 0.000 0.000 0.000 0.000 0.000 0.000 0.106 0.000 0.003 0.017 0.003 0.000 0.000 0.000 0.000 0.000 0.000 0.000 0.000 0.000 0.000 0.000 0.000 0.000 0.000 0.000 0.000 0.000 0.000 0.000 0.000 0.000 0.000 0.000 0.000 0.000 0.000 0.000 0.000 0.000 0.000 0.000 0.000 0.000 0.000 0.000 0.092 0.662 0.742 0.000 1.202 1.032 0.322 0.382 0.452 0.912 1.472 0.000 1.142 1.752
0.000 0.000 0.632 0.132 0.013 0.003 0.000 0.000 0.343 0.273 0.000 0.000 0.003 0.012 0.000 0.000 0.000 0.000 0.000 0.000 0.000 0.000 0.000 0.016 0.007 0.000 0.000 0.002 0.000 0.001 0.000 0.000 0.000 0.000 0.000 0.000 0.000 0.000 0.000 0.000 0.000 0.000 0.000 0.000 0.000 0.000 0.000 0.000 0.000 0.000 0.000 0.000 0.000 0.000 0.000 0.000 0.000 0.000 0.000 0.000 0.000 0.000 0.062 0.372 1.062 0.142 1.422 1.402 0.000 0.822 1.122 0.882 0.442 0.682 1.152 1.112 1.672
