includes/camargue/floodfiles/results/res-0010.wdfp
ncols         906
nrows         631
xllcorner     362177.146667
yllcorner     6534725.688020
cellsize      20.000000
NODATA_value  -9999.000000
[rows 510 to 543 of 631, columns 693 to 769 of 906]
0.000 0.000 0.000 0.000 0.000 0.039 0.113 0.190 0.267 0.343 0.420 0.497 0.557 0.612 0.666 0.743 0.942 1.141 1.340 1.539 1.738 1.937 2.136 2.335 2.534 2.727 2.857 2.987 3.117 3.274 3.435 3.595 3.756 3.916 4.077 4.237 4.398 4.558 4.719 4.882 5.051 5.220 5.282 5.252 5.222 5.192 5.161 5.131 5.101 5.071 5.041 5.011 4.981 4.951 4.922 4.894 4.890 4.916 4.942 4.968 4.994 5.020 5.046 5.072 5.099 5.125 5.151 5.177 5.203 5.229 5.293 5.472 5.652 5.916 6.180 6.445 6.709
0.000 0.000 0.000 0.037 0.112 0.189 0.266 0.342 0.419 0.496 0.573 0.650 0.723 0.778 0.832 0.993 1.191 1.390 1.589 1.788 1.987 2.186 2.385 2.584 2.784 2.983 3.147 3.277 3.421 3.581 3.742 3.902 4.063 4.223 4.384 4.544 4.705 4.865 5.026 5.186 5.353 5.506 5.476 5.446 5.416 5.386 5.356 5.326 5.296 5.266 5.236 5.206 5.176 5.145 5.116 5.087 5.111 5.137 5.163 5.189 5.215 5.241 5.267 5.294 5.320 5.346 5.372 5.398 5.424 5.450 5.476 5.582 5.787 6.051 6.316 6.540 6.744
0.005 0.036 0.111 0.188 0.265 0.341 0.418 0.495 0.572 0.649 0.726 0.803 0.880 0.944 1.043 1.242 1.441 1.640 1.839 2.038 2.237 2.436 2.635 2.834 3.033 3.232 3.431 3.567 3.728 3.888 4.049 4.209 4.370 4.530 4.691 4.851 5.012 5.172 5.333 5.493 5.655 5.701 5.671 5.641 5.611 5.580 5.550 5.520 5.490 5.460 5.430 5.400 5.370 5.340 5.310 5.306 5.332 5.358 5.384 5.410 5.436 5.462 5.489 5.515 5.541 5.567 5.593 5.619 5.645 5.671 5.697 5.723 5.911 6.115 6.319 6.523 6.727
0.110 0.187 0.263 0.340 0.417 0.494 0.571 0.648 0.725 0.802 0.879 0.956 1.033 1.110 1.293 1.492 1.691 1.890 2.090 2.293 2.497 2.701 2.904 3.108 3.311 3.515 3.718 3.850 4.007 4.165 4.322 4.480 4.637 4.795 4.952 5.110 5.268 5.425 5.583 5.740 5.830 5.713 5.676 5.638 5.601 5.563 5.526 5.488 5.451 5.413 5.376 5.338 5.301 5.263 5.240 5.342 5.369 5.397 5.424 5.452 5.480 5.507 5.535 5.562 5.590 5.618 5.645 5.673 5.700 5.728 5.756 5.797 5.918 6.098 6.302 6.506 6.710
0.371 0.452 0.533 0.614 0.695 0.776 0.857 0.938 1.019 1.100 1.181 1.262 1.343 1.492 1.708 1.911 2.115 2.318 2.522 2.725 2.929 3.133 3.336 3.540 3.743 3.947 4.110 4.089 4.207 4.364 4.522 4.679 4.837 4.994 5.152 5.309 5.467 5.625 5.782 5.940 5.818 5.617 5.573 5.536 5.498 5.461 5.423 5.386 5.348 5.311 5.273 5.236 5.198 5.161 5.229 5.334 5.394 5.422 5.449 5.477 5.504 5.532 5.560 5.587 5.615 5.642 5.670 5.698 5.725 5.753 5.788 5.853 5.961 6.129 6.296 6.489 6.693
0.635 0.787 0.868 0.949 1.030 1.111 1.192 1.273 1.354 1.435 1.516 1.597 1.684 1.910 2.137 2.343 2.547 2.750 2.954 3.158 3.361 3.565 3.768 3.972 4.175 4.379 4.413 4.391 4.406 4.564 4.721 4.879 5.036 5.194 5.351 5.509 5.666 5.824 5.982 6.006 5.805 5.604 5.471 5.433 5.396 5.358 5.321 5.283 5.246 5.208 5.171 5.133 5.096 5.112 5.217 5.322 5.419 5.446 5.474 5.502 5.529 5.557 5.584 5.612 5.640 5.667 5.695 5.722 5.750 5.779 5.845 5.910 6.004 6.171 6.339 6.506 6.676
0.885 1.117 1.203 1.284 1.365 1.446 1.527 1.608 1.689 1.770 1.852 1.933 2.103 2.329 2.555 2.775 2.979 3.182 3.386 3.589 3.793 3.997 4.200 4.404 4.608 4.736 4.715 4.693 4.671 4.763 4.921 5.078 5.236 5.393 5.551 5.708 5.866 6.023 6.181 5.993 5.793 5.592 5.391 5.331 5.293 5.256 5.218 5.181 5.143 5.106 5.068 5.030 4.995 5.101 5.206 5.311 5.416 5.471 5.499 5.526 5.554 5.581 5.609 5.637 5.664 5.692 5.719 5.747 5.775 5.836 5.902 5.967 6.047 6.215 6.382 6.549 6.716
1.134 1.366 1.539 1.620 1.701 1.781 1.863 1.944 2.025 2.106 2.187 2.295 2.521 2.748 2.974 3.201 3.411 3.615 3.818 4.022 4.225 4.429 4.632 4.836 5.040 5.038 5.017 4.995 4.973 4.962 5.120 5.277 5.435 5.593 5.750 5.908 6.065 6.223 6.182 5.981 5.780 5.579 5.378 5.228 5.190 5.153 5.115 5.078 5.040 5.003 4.965 4.928 4.984 5.089 5.194 5.299 5.404 5.496 5.524 5.551 5.579 5.606 5.634 5.661 5.689 5.717 5.744 5.772 5.827 5.893 5.958 6.024 6.090 6.258 6.425 6.592 6.759
1.383 1.615 1.848 1.955 2.036 2.117 2.198 2.279 2.360 2.441 2.522 2.714 2.940 3.167 3.393 3.620 3.843 4.047 4.250 4.454 4.657 4.861 5.065 5.268 5.362 5.340 5.319 5.297 5.275 5.254 5.319 5.477 5.634 5.792 5.950 6.107 6.265 6.370 6.169 5.968 5.767 5.567 5.366 5.165 5.088 5.050 5.013 4.975 4.938 4.900 4.863 4.867 4.972 5.077 5.183 5.288 5.393 5.498 5.548 5.576 5.603 5.631 5.659 5.686 5.714 5.741 5.769 5.819 5.884 5.950 6.015 6.081 6.146 6.301 6.468 6.635 6.802
1.633 1.865 2.097 2.290 2.371 2.452 2.533 2.615 2.696 2.777 2.906 3.133 3.359 3.586 3.812 4.038 4.265 4.479 4.682 4.886 5.090 5.293 5.497 5.686 5.664 5.642 5.621 5.599 5.577 5.556 5.534 5.676 5.834 5.991 6.149 6.307 6.464 6.357 6.156 5.955 5.755 5.554 5.353 5.152 4.985 4.948 4.910 4.873 4.835 4.798 4.760 4.856 4.961 5.066 5.171 5.276 5.381 5.486 5.573 5.601 5.628 5.656 5.683 5.711 5.738 5.766 5.810 5.875 5.941 6.006 6.072 6.137 6.203 6.344 6.511 6.678 6.845
1.882 2.114 2.347 2.579 2.707 2.788 2.869 2.950 3.031 3.112 3.325 3.552 3.778 4.004 4.231 4.457 4.684 4.910 5.115 5.318 5.522 5.725 5.929 5.988 5.966 5.945 5.923 5.901 5.879 5.858 5.836 5.876 6.033 6.191 6.348 6.506 6.545 6.344 6.144 5.943 5.742 5.541 5.340 5.140 4.939 4.845 4.808 4.770 4.733 4.695 4.739 4.844 4.949 5.054 5.159 5.264 5.369 5.474 5.580 5.625 5.653 5.680 5.708 5.736 5.763 5.801 5.867 5.932 5.998 6.063 6.129 6.194 6.260 6.387 6.554 6.721 6.888
2.131 2.364 2.596 2.828 3.042 3.123 3.204 3.285 3.367 3.518 3.744 3.970 4.197 4.423 4.650 4.876 5.103 5.329 5.547 5.750 5.954 6.157 6.312 6.290 6.268 6.247 6.225 6.203 6.181 6.160 6.138 6.116 6.233 6.390 6.548 6.705 6.533 6.332 6.131 5.930 5.729 5.529 5.328 5.127 4.926 4.742 4.705 4.667 4.630 4.622 4.727 4.832 4.937 5.042 5.148 5.253 5.358 5.463 5.568 5.650 5.678 5.705 5.733 5.760 5.792 5.858 5.923 5.989 6.054 6.120 6.185 6.251 6.316 6.430 6.597 6.764 6.931
2.381 2.613 2.846 3.078 3.310 3.459 3.540 3.621 3.710 3.936 4.163 4.389 4.616 4.842 5.069 5.295 5.522 5.748 5.975 6.182 6.386 6.590 6.614 6.592 6.570 6.549 6.527 6.505 6.484 6.462 6.440 6.418 6.432 6.590 6.747 6.721 6.520 6.319 6.118 5.918 5.717 5.516 5.315 5.114 4.914 4.713 4.602 4.565 4.527 4.610 4.716 4.821 4.926 5.031 5.136 5.241 5.346 5.451 5.556 5.661 5.702 5.730 5.757 5.785 5.849 5.915 5.980 6.046 6.111 6.177 6.242 6.308 6.373 6.473 6.640 6.807 6.974
2.630 2.863 3.095 3.327 3.560 3.792 3.875 3.956 4.129 4.355 4.582 4.808 5.035 5.261 5.488 5.714 5.940 6.167 6.393 6.615 6.818 6.938 6.916 6.894 6.873 6.851 6.829 6.807 6.786 6.764 6.742 6.720 6.699 6.789 6.909 6.708 6.507 6.307 6.106 5.905 5.704 5.503 5.302 5.102 4.901 4.700 4.500 4.462 4.494 4.599 4.704 4.809 4.914 5.019 5.124 5.229 5.334 5.439 5.545 5.650 5.727 5.755 5.782 5.840 5.906 5.971 6.037 6.102 6.168 6.233 6.299 6.364 6.430 6.515 6.683 6.850 7.017
2.879 3.112 3.344 3.577 3.809 4.042 4.211 4.321 4.548 4.774 5.001 5.227 5.454 5.680 5.907 6.133 6.359 6.586 6.812 7.039 7.250 7.240 7.218 7.196 7.175 7.153 7.131 7.109 7.088 7.066 7.044 7.022 7.001 6.988 6.896 6.695 6.495 6.294 6.093 5.892 5.691 5.491 5.290 5.089 4.888 4.687 4.487 4.377 4.482 4.587 4.692 4.797 4.903 5.008 5.113 5.218 5.323 5.428 5.533 5.638 5.743 5.779 5.832 5.897 5.963 6.028 6.094 6.159 6.225 6.290 6.356 6.421 6.487 6.558 6.726 6.893 7.060
3.129 3.362 3.594 3.826 4.059 4.291 4.524 4.740 4.967 5.185 5.402 5.619 5.836 6.054 6.271 6.488 6.705 6.922 7.139 7.356 7.431 7.402 7.372 7.343 7.314 7.285 7.255 7.226 7.197 7.167 7.138 7.109 7.079 7.020 6.853 6.652 6.451 6.250 6.049 5.849 5.648 5.447 5.246 5.045 4.844 4.643 4.442 4.378 4.476 4.581 4.685 4.790 4.895 4.999 5.104 5.209 5.313 5.418 5.523 5.627 5.732 5.823 5.889 5.954 6.020 6.085 6.150 6.216 6.281 6.347 6.412 6.478 6.544 6.609 6.769 6.936 7.103
3.348 3.580 3.811 4.043 4.275 4.506 4.715 4.893 5.110 5.328 5.545 5.762 5.979 6.196 6.413 6.630 6.847 7.064 7.282 7.475 7.415 7.370 7.341 7.311 7.282 7.253 7.223 7.194 7.165 7.135 7.106 7.077 7.048 6.926 6.793 6.596 6.395 6.194 5.993 5.792 5.591 5.390 5.189 4.988 4.787 4.586 4.457 4.435 4.472 4.577 4.682 4.787 4.891 4.996 5.101 5.205 5.310 5.415 5.519 5.624 5.724 5.809 5.891 5.974 6.057 6.139 6.207 6.273 6.338 6.404 6.469 6.535 6.600 6.666 6.812 6.979 7.146
3.559 3.791 4.022 4.254 4.485 4.717 4.889 5.054 5.253 5.470 5.687 5.904 6.121 6.338 6.555 6.773 6.990 7.207 7.424 7.461 7.401 7.341 7.309 7.280 7.250 7.221 7.192 7.162 7.133 7.104 7.074 7.045 6.966 6.833 6.700 6.539 6.338 6.137 5.936 5.735 5.535 5.334 5.133 4.932 4.731 4.536 4.515 4.493 4.472 4.574 4.678 4.783 4.888 4.992 5.097 5.202 5.306 5.411 5.516 5.620 5.706 5.791 5.874 5.957 6.039 6.122 6.205 6.287 6.370 6.452 6.526 6.591 6.657 6.722 6.855 7.022 7.108
3.770 4.002 4.233 4.465 4.696 4.898 5.063 5.228 5.395 5.612 5.829 6.046 6.263 6.481 6.698 6.915 7.132 7.349 7.507 7.447 7.387 7.327 7.277 7.248 7.218 7.189 7.160 7.130 7.101 7.072 7.042 7.005 6.872 6.739 6.606 6.473 6.281 6.081 5.880 5.679 5.478 5.277 5.076 4.875 4.674 4.594 4.573 4.551 4.530 4.570 4.675 4.780 4.884 4.989 5.094 5.198 5.303 5.408 5.512 5.603 5.688 5.773 5.857 5.940 6.022 6.105 6.187 6.270 6.353 6.435 6.518 6.600 6.683 6.766 6.844 6.930 7.016
3.981 4.212 4.444 4.676 4.907 5.072 5.237 5.402 5.567 5.754 5.972 6.189 6.406 6.623 6.840 7.057 7.274 7.491 7.493 7.433 7.373 7.313 7.253 7.216 7.186 7.157 7.128 7.098 7.069 7.040 7.010 6.912 6.779 6.646 6.512 6.379 6.225 6.024 5.823 5.622 5.421 5.220 5.019 4.818 4.673 4.652 4.630 4.609 4.588 4.567 4.672 4.776 4.881 4.985 5.090 5.195 5.300 5.404 5.501 5.585 5.670 5.755 5.840 5.923 6.005 6.088 6.170 6.253 6.335 6.418 6.501 6.583 6.666 6.717 6.764 6.840 6.923
4.192 4.423 4.655 4.887 5.081 5.246 5.411 5.576 5.741 5.906 6.114 6.331 6.548 6.765 6.982 7.199 7.417 7.539 7.479 7.419 7.359 7.299 7.239 7.184 7.154 7.125 7.096 7.067 7.037 7.008 6.951 6.818 6.685 6.552 6.419 6.286 6.152 5.967 5.766 5.566 5.365 5.164 4.963 4.762 4.731 4.710 4.688 4.667 4.645 4.624 4.668 4.773 4.877 4.982 5.087 5.191 5.296 5.398 5.483 5.567 5.652 5.737 5.822 5.905 5.988 6.070 6.153 6.236 6.318 6.401 6.483 6.566 6.620 6.646 6.687 6.764 6.840
4.403 4.634 4.866 5.090 5.255 5.420 5.585 5.750 5.915 6.080 6.256 6.473 6.690 6.907 7.125 7.342 7.559 7.525 7.465 7.405 7.345 7.285 7.225 7.165 7.123 7.093 7.064 7.035 7.005 6.976 6.858 6.725 6.591 6.458 6.325 6.192 6.059 5.911 5.710 5.509 5.308 5.107 4.906 4.810 4.789 4.767 4.746 4.725 4.703 4.682 4.665 4.769 4.874 4.979 5.083 5.188 5.293 5.380 5.465 5.550 5.634 5.719 5.804 5.888 5.971 6.053 6.136 6.218 6.301 6.384 6.466 6.523 6.549 6.575 6.610 6.687 6.763
4.614 4.845 5.077 5.264 5.429 5.594 5.759 5.924 6.089 6.254 6.419 6.615 6.833 7.050 7.267 7.484 7.571 7.511 7.451 7.391 7.331 7.271 7.211 7.151 7.091 7.061 7.032 7.003 6.973 6.897 6.764 6.631 6.498 6.365 6.231 6.098 5.965 5.832 5.653 5.452 5.251 5.050 4.889 4.868 4.847 4.825 4.804 4.782 4.761 4.740 4.718 4.766 4.870 4.975 5.080 5.184 5.277 5.362 5.447 5.532 5.616 5.701 5.786 5.871 5.953 6.036 6.119 6.201 6.284 6.366 6.425 6.451 6.478 6.504 6.533 6.610 6.687
4.825 5.056 5.273 5.438 5.603 5.768 5.933 6.098 6.263 6.427 6.592 6.758 6.975 7.192 7.409 7.617 7.557 7.497 7.437 7.377 7.317 7.257 7.197 7.137 7.077 7.029 7.000 6.971 6.937 6.804 6.671 6.537 6.404 6.271 6.138 6.005 5.871 5.738 5.596 5.395 5.194 4.993 4.947 4.926 4.904 4.883 4.861 4.840 4.819 4.797 4.776 4.762 4.867 4.972 5.076 5.174 5.259 5.344 5.429 5.514 5.598 5.683 5.768 5.853 5.936 6.019 6.101 6.184 6.267 6.328 6.354 6.380 6.407 6.433 6.459 6.533 6.610
5.036 5.267 5.447 5.612 5.777 5.942 6.107 6.271 6.436 6.601 6.766 6.931 7.117 7.334 7.551 7.603 7.543 7.483 7.423 7.363 7.303 7.243 7.183 7.123 7.063 7.003 6.968 6.939 6.843 6.710 6.577 6.444 6.311 6.177 6.044 5.911 5.778 5.644 5.511 5.339 5.138 5.026 5.005 4.983 4.962 4.941 4.919 4.898 4.876 4.855 4.834 4.812 4.863 4.968 5.071 5.156 5.241 5.326 5.411 5.496 5.580 5.665 5.750 5.835 5.919 6.002 6.084 6.167 6.231 6.257 6.283 6.309 6.335 6.362 6.388 6.456 6.533
5.247 5.456 5.621 5.786 5.950 6.115 6.280 6.445 6.610 6.775 6.940 7.105 7.270 7.476 7.649 7.589 7.529 7.469 7.409 7.349 7.289 7.229 7.169 7.109 7.049 6.989 6.936 6.883 6.750 6.616 6.483 6.350 6.217 6.084 5.950 5.817 5.684 5.551 5.418 5.282 5.106 5.084 5.063 5.041 5.020 4.998 4.977 4.956 4.934 4.913 4.891 4.870 4.860 4.964 5.053 5.138 5.223 5.308 5.393 5.477 5.562 5.647 5.732 5.817 5.902 5.984 6.067 6.133 6.160 6.186 6.212 6.238 6.264 6.290 6.317 6.379 6.456
5.457 5.630 5.795 5.959 6.124 6.289 6.454 6.619 6.784 6.949 7.114 7.279 7.444 7.618 7.634 7.575 7.515 7.455 7.395 7.335 7.275 7.215 7.155 7.094 7.029 6.965 6.900 6.786 6.653 6.519 6.386 6.253 6.119 5.986 5.852 5.719 5.586 5.452 5.319 5.186 5.144 5.124 5.105 5.086 5.066 5.047 5.027 5.008 4.989 4.969 4.949 4.928 4.906 4.951 5.035 5.120 5.205 5.290 5.375 5.459 5.544 5.629 5.714 5.799 5.884 5.967 6.036 6.062 6.088 6.115 6.141 6.167 6.193 6.219 6.245 6.302 6.379
5.639 5.803 5.968 6.133 6.298 6.457 6.612 6.767 6.923 7.078 7.233 7.389 7.544 7.630 7.545 7.480 7.416 7.351 7.286 7.222 7.157 7.092 7.027 6.963 6.898 6.833 6.761 6.671 6.537 6.404 6.271 6.137 6.004 5.871 5.737 5.604 5.470 5.337 5.204 5.120 5.115 5.096 5.077 5.057 5.038 5.018 4.999 4.980 4.960 4.941 4.921 4.902 4.893 4.937 5.022 5.106 5.191 5.275 5.359 5.444 5.528 5.613 5.697 5.781 5.866 5.939 5.965 5.991 6.017 6.043 6.070 6.096 6.122 6.148 6.174 6.226 6.302
5.715 5.871 6.026 6.181 6.337 6.492 6.647 6.803 6.958 7.113 7.269 7.424 7.579 7.528 7.416 7.349 7.284 7.219 7.155 7.090 7.025 6.960 6.896 6.831 6.766 6.702 6.618 6.533 6.422 6.289 6.156 6.022 5.889 5.755 5.622 5.489 5.355 5.222 5.089 5.084 5.079 5.068 5.048 5.029 5.009 4.990 4.971 4.951 4.932 4.912 4.893 4.874 4.903 4.941 5.009 5.094 5.178 5.262 5.347 5.431 5.516 5.600 5.684 5.769 5.853 5.913 5.942 5.959 5.977 5.995 6.012 6.030 6.051 6.077 6.103 6.149 6.225
5.761 5.906 6.061 6.217 6.372 6.527 6.682 6.838 6.993 7.149 7.304 7.459 7.540 7.427 7.314 7.217 7.153 7.088 7.023 6.958 6.894 6.829 6.764 6.699 6.635 6.559 6.475 6.390 6.306 6.174 6.040 5.907 5.774 5.640 5.507 5.373 5.240 5.107 5.054 5.049 5.043 5.038 5.020 5.001 4.981 4.962 4.942 4.923 4.903 4.884 4.865 4.874 4.913 4.951 4.997 5.081 5.165 5.250 5.334 5.419 5.503 5.587 5.672 5.756 5.825 5.882 5.929 5.947 5.965 5.982 6.000 6.017 6.035 6.053 6.070 6.082 6.147
5.810 5.946 6.096 6.252 6.407 6.562 6.718 6.873 7.028 7.184 7.339 7.495 7.437 7.325 7.212 7.100 7.021 6.956 6.892 6.827 6.762 6.697 6.633 6.568 6.501 6.416 6.332 6.248 6.163 6.059 5.925 5.792 5.658 5.525 5.392 5.258 5.125 5.023 5.018 5.013 5.008 5.002 4.992 4.972 4.953 4.933 4.914 4.894 4.875 4.855 4.846 4.884 4.922 4.961 4.999 5.068 5.153 5.237 5.322 5.406 5.490 5.575 5.659 5.737 5.794 5.851 5.908 5.935 5.952 5.970 5.987 6.005 6.023 6.040 6.056 6.064 6.072
5.859 5.995 6.132 6.287 6.442 6.598 6.753 6.908 7.064 7.219 7.374 7.448 7.335 7.223 7.111 6.998 6.890 6.825 6.760 6.695 6.631 6.566 6.501 6.436 6.358 6.274 6.189 6.105 6.020 5.936 5.810 5.676 5.543 5.410 5.276 5.143 5.009 4.987 4.982 4.977 4.972 4.967 4.961 4.944 4.924 4.905 4.885 4.866 4.846 4.827 4.855 4.893 4.932 4.970 5.008 5.056 5.140 5.225 5.309 5.393 5.478 5.562 5.647 5.706 5.762 5.820 5.876 5.922 5.940 5.957 5.975 5.993 6.010 6.028 6.038 6.046 6.055
5.908 6.044 6.180 6.322 6.478 6.633 6.788 6.944 7.099 7.254 7.410 7.346 7.234 7.121 7.009 6.896 6.784 6.693 6.629 6.564 6.499 6.434 6.369 6.300 6.215 6.131 6.046 5.962 5.877 5.793 5.695 5.561 5.428 5.294 5.161 5.028 4.956 4.951 4.946 4.941 4.936 4.931 4.925 4.915 4.896 4.876 4.857 4.837 4.818 4.826 4.865 4.903 4.941 4.980 5.018 5.056 5.128 5.212 5.296 5.381 5.465 5.550 5.617 5.674 5.731 5.788 5.845 5.902 5.927 5.945 5.963 5.980 5.998 6.013 6.021 6.029 6.037
5.956 6.093 6.229 6.365 6.513 6.668 6.823 6.979 7.134 7.289 7.357 7.244 7.132 7.019 6.907 6.794 6.682 6.569 6.497 6.432 6.367 6.303 6.238 6.157 6.072 5.988 5.903 5.819 5.734 5.650 5.565 5.446 5.312 5.179 5.046 4.925 4.920 4.915 4.910 4.905 4.900 4.895 4.890 4.884 4.867 4.848 4.828 4.809 4.798 4.836 4.874 4.913 4.951 4.989 5.028 5.066 5.115 5.199 5.284 5.368 5.453 5.529 5.586 5.643 5.700 5.757 5.814 5.871 5.915 5.933 5.950 5.968 5.985 5.995 6.003 6.011 6.019
