includes/camargue/floodfiles/results/res-0005.wdfp
ncols         906
nrows         631
xllcorner     362177.146667
yllcorner     6534725.688020
cellsize      20.000000
NODATA_value  -9999.000000
[rows 578 to 611 of 631, columns 77 to 153 of 906]
4.626 4.605 4.596 4.587 4.560 4.533 4.507 4.480 4.453 4.415 4.367 4.319 4.272 4.225 4.188 4.152 4.117 4.082 4.047 4.023 4.022 4.021 4.021 4.016 4.010 4.004 3.999 3.993 3.987 3.982 3.979 3.980 3.981 3.982 3.983 3.984 3.985 3.986 3.952 3.915 3.886 3.874 3.861 3.849 3.837 3.824 3.812 3.799 3.787 3.775 3.759 3.754 3.752 3.751 3.749 3.748 3.746 3.745 3.743 3.742 3.738 3.731 3.723 3.717 3.728 3.739 3.749 3.760 3.771 3.781 3.813 3.852 3.890 3.929 3.967 3.996 3.997
4.629 4.607 4.591 4.564 4.537 4.511 4.484 4.457 4.431 4.401 4.354 4.306 4.259 4.215 4.180 4.144 4.109 4.074 4.039 4.004 3.981 3.981 3.979 3.974 3.968 3.962 3.957 3.952 3.952 3.953 3.952 3.951 3.949 3.950 3.951 3.952 3.953 3.954 3.942 3.905 3.886 3.874 3.861 3.849 3.837 3.824 3.809 3.793 3.778 3.762 3.748 3.737 3.731 3.730 3.728 3.727 3.725 3.724 3.722 3.721 3.715 3.708 3.701 3.693 3.689 3.700 3.710 3.721 3.732 3.747 3.785 3.824 3.863 3.901 3.940 3.978 3.990
4.609 4.593 4.568 4.542 4.515 4.488 4.462 4.435 4.408 4.382 4.341 4.293 4.246 4.207 4.172 4.137 4.101 4.066 4.031 3.996 3.961 3.940 3.937 3.931 3.928 3.929 3.929 3.930 3.930 3.931 3.930 3.929 3.927 3.926 3.924 3.923 3.921 3.922 3.923 3.898 3.886 3.874 3.858 3.843 3.827 3.812 3.796 3.781 3.765 3.750 3.736 3.726 3.715 3.709 3.707 3.706 3.704 3.703 3.701 3.700 3.693 3.685 3.678 3.670 3.663 3.661 3.671 3.682 3.693 3.719 3.758 3.796 3.835 3.874 3.912 3.951 3.984
4.579 4.564 4.540 4.515 4.491 4.466 4.439 4.412 4.386 4.359 4.327 4.280 4.234 4.199 4.164 4.129 4.094 4.058 4.023 3.988 3.953 3.921 3.905 3.905 3.906 3.907 3.907 3.908 3.908 3.909 3.908 3.907 3.905 3.904 3.902 3.901 3.899 3.898 3.896 3.892 3.877 3.862 3.846 3.831 3.815 3.800 3.784 3.768 3.753 3.738 3.725 3.714 3.703 3.693 3.686 3.685 3.683 3.681 3.680 3.677 3.670 3.662 3.655 3.647 3.640 3.633 3.632 3.643 3.654 3.692 3.730 3.769 3.807 3.846 3.884 3.923 3.962
4.549 4.535 4.510 4.486 4.462 4.438 4.414 4.389 4.363 4.336 4.310 4.267 4.227 4.191 4.156 4.121 4.086 4.054 4.023 3.991 3.960 3.929 3.906 3.884 3.884 3.885 3.885 3.886 3.887 3.887 3.886 3.885 3.883 3.882 3.880 3.879 3.877 3.878 3.879 3.874 3.863 3.849 3.834 3.818 3.803 3.787 3.772 3.756 3.741 3.725 3.714 3.703 3.692 3.681 3.671 3.664 3.662 3.661 3.659 3.654 3.647 3.640 3.632 3.625 3.617 3.610 3.603 3.604 3.625 3.664 3.702 3.741 3.780 3.818 3.857 3.895 3.934
4.519 4.506 4.481 4.457 4.433 4.408 4.384 4.360 4.336 4.312 4.287 4.254 4.219 4.187 4.156 4.125 4.093 4.062 4.031 3.999 3.968 3.938 3.916 3.894 3.872 3.863 3.863 3.864 3.864 3.865 3.864 3.863 3.861 3.860 3.858 3.858 3.859 3.861 3.862 3.857 3.846 3.835 3.821 3.806 3.790 3.775 3.759 3.744 3.728 3.713 3.702 3.692 3.681 3.670 3.659 3.649 3.641 3.640 3.638 3.632 3.624 3.617 3.609 3.602 3.595 3.587 3.580 3.572 3.594 3.631 3.669 3.706 3.743 3.780 3.817 3.855 3.892
4.489 4.476 4.452 4.428 4.404 4.379 4.355 4.331 4.307 4.282 4.261 4.247 4.227 4.195 4.164 4.133 4.101 4.070 4.039 4.007 3.976 3.947 3.925 3.903 3.881 3.859 3.841 3.842 3.843 3.843 3.842 3.841 3.839 3.838 3.839 3.841 3.842 3.844 3.845 3.839 3.828 3.817 3.806 3.794 3.778 3.763 3.747 3.731 3.716 3.702 3.691 3.680 3.669 3.659 3.648 3.637 3.626 3.618 3.616 3.609 3.601 3.594 3.587 3.579 3.572 3.565 3.557 3.552 3.551 3.587 3.624 3.662 3.699 3.736 3.773 3.811 3.848
4.459 4.446 4.423 4.399 4.374 4.350 4.326 4.302 4.277 4.262 4.249 4.234 4.219 4.203 4.172 4.141 4.109 4.078 4.047 4.016 3.984 3.957 3.935 3.913 3.891 3.869 3.847 3.824 3.821 3.821 3.820 3.819 3.819 3.821 3.822 3.824 3.825 3.827 3.828 3.821 3.810 3.799 3.788 3.777 3.766 3.750 3.735 3.719 3.704 3.691 3.680 3.669 3.658 3.647 3.637 3.626 3.615 3.604 3.594 3.586 3.579 3.572 3.564 3.557 3.550 3.543 3.535 3.532 3.531 3.543 3.580 3.617 3.655 3.692 3.729 3.766 3.796
4.429 4.416 4.394 4.370 4.345 4.321 4.297 4.278 4.264 4.250 4.236 4.222 4.206 4.191 4.175 4.149 4.117 4.086 4.055 4.024 3.992 3.966 3.944 3.922 3.900 3.878 3.856 3.834 3.812 3.799 3.799 3.800 3.802 3.804 3.805 3.807 3.808 3.810 3.811 3.803 3.792 3.781 3.770 3.759 3.748 3.737 3.722 3.707 3.691 3.679 3.668 3.658 3.647 3.636 3.625 3.616 3.608 3.599 3.584 3.564 3.557 3.550 3.542 3.535 3.528 3.520 3.514 3.513 3.512 3.511 3.536 3.573 3.611 3.648 3.685 3.722 3.736
4.399 4.386 4.365 4.340 4.316 4.293 4.279 4.265 4.252 4.238 4.224 4.210 4.194 4.178 4.163 4.147 4.125 4.094 4.063 4.032 4.000 3.976 3.954 3.932 3.910 3.887 3.865 3.843 3.818 3.786 3.782 3.783 3.785 3.786 3.788 3.790 3.791 3.793 3.794 3.785 3.774 3.763 3.752 3.741 3.730 3.719 3.708 3.695 3.679 3.668 3.657 3.646 3.637 3.629 3.620 3.612 3.603 3.595 3.577 3.555 3.535 3.527 3.520 3.513 3.505 3.498 3.494 3.493 3.492 3.491 3.492 3.529 3.567 3.604 3.641 3.678 3.677
4.370 4.356 4.336 4.311 4.294 4.281 4.267 4.253 4.239 4.225 4.212 4.197 4.182 4.166 4.150 4.135 4.119 4.102 4.071 4.040 4.008 3.985 3.963 3.941 3.919 3.897 3.867 3.835 3.804 3.773 3.771 3.768 3.768 3.770 3.771 3.773 3.774 3.776 3.777 3.767 3.756 3.745 3.734 3.723 3.712 3.701 3.691 3.680 3.667 3.658 3.650 3.641 3.633 3.624 3.616 3.607 3.599 3.590 3.571 3.549 3.527 3.505 3.498 3.491 3.483 3.476 3.475 3.474 3.473 3.472 3.471 3.485 3.522 3.560 3.597 3.618 3.617
4.340 4.326 4.310 4.296 4.282 4.268 4.254 4.241 4.227 4.213 4.199 4.185 4.169 4.153 4.138 4.122 4.107 4.091 4.075 4.048 4.017 3.995 3.973 3.948 3.916 3.885 3.853 3.821 3.790 3.762 3.760 3.757 3.755 3.753 3.754 3.756 3.757 3.759 3.760 3.749 3.738 3.727 3.716 3.705 3.695 3.684 3.673 3.666 3.659 3.654 3.645 3.637 3.628 3.620 3.611 3.603 3.594 3.586 3.564 3.542 3.520 3.498 3.477 3.468 3.461 3.456 3.455 3.454 3.453 3.452 3.451 3.450 3.478 3.516 3.553 3.559 3.558
4.312 4.297 4.289 4.284 4.270 4.256 4.242 4.228 4.215 4.201 4.187 4.172 4.157 4.141 4.125 4.110 4.094 4.078 4.063 4.047 4.026 3.997 3.965 3.934 3.902 3.871 3.839 3.807 3.776 3.751 3.749 3.747 3.744 3.742 3.739 3.739 3.740 3.742 3.743 3.732 3.721 3.710 3.699 3.688 3.679 3.671 3.664 3.656 3.650 3.645 3.640 3.632 3.624 3.615 3.607 3.598 3.590 3.580 3.558 3.536 3.514 3.492 3.470 3.448 3.439 3.437 3.436 3.435 3.434 3.433 3.432 3.431 3.434 3.472 3.501 3.499 3.498
4.282 4.267 4.259 4.255 4.251 4.244 4.230 4.216 4.202 4.189 4.175 4.160 4.144 4.129 4.113 4.097 4.082 4.066 4.051 4.034 4.013 3.983 3.951 3.920 3.888 3.857 3.825 3.793 3.762 3.740 3.738 3.736 3.733 3.731 3.728 3.726 3.723 3.725 3.725 3.714 3.703 3.692 3.685 3.677 3.669 3.662 3.654 3.647 3.641 3.636 3.631 3.626 3.619 3.610 3.602 3.594 3.585 3.573 3.551 3.529 3.507 3.485 3.463 3.441 3.422 3.420 3.417 3.415 3.414 3.414 3.412 3.412 3.411 3.427 3.441 3.439 3.450
4.252 4.237 4.229 4.225 4.221 4.218 4.214 4.204 4.190 4.176 4.162 4.148 4.132 4.116 4.101 4.085 4.069 4.052 4.036 4.019 3.997 3.967 3.937 3.906 3.874 3.843 3.811 3.779 3.748 3.729 3.727 3.724 3.722 3.720 3.717 3.715 3.712 3.710 3.707 3.698 3.690 3.683 3.675 3.668 3.660 3.653 3.645 3.638 3.632 3.627 3.622 3.617 3.612 3.606 3.597 3.589 3.581 3.566 3.544 3.523 3.501 3.479 3.458 3.437 3.416 3.412 3.410 3.407 3.405 3.402 3.400 3.397 3.395 3.391 3.400 3.412 3.424
4.222 4.207 4.199 4.195 4.191 4.188 4.184 4.181 4.177 4.164 4.150 4.135 4.120 4.104 4.088 4.071 4.054 4.038 4.021 4.004 3.981 3.951 3.921 3.891 3.860 3.829 3.797 3.765 3.734 3.718 3.716 3.713 3.711 3.709 3.706 3.704 3.701 3.696 3.692 3.689 3.681 3.673 3.666 3.658 3.651 3.643 3.636 3.628 3.622 3.618 3.613 3.608 3.602 3.598 3.592 3.584 3.576 3.560 3.538 3.516 3.495 3.474 3.453 3.432 3.412 3.405 3.403 3.400 3.398 3.395 3.393 3.390 3.386 3.373 3.378 3.388 3.399
4.192 4.177 4.169 4.165 4.161 4.158 4.154 4.150 4.147 4.143 4.138 4.123 4.106 4.090 4.073 4.056 4.040 4.023 4.006 3.990 3.965 3.935 3.905 3.875 3.845 3.815 3.783 3.751 3.720 3.707 3.705 3.702 3.700 3.698 3.694 3.689 3.684 3.678 3.675 3.673 3.671 3.664 3.657 3.649 3.641 3.634 3.626 3.619 3.613 3.608 3.603 3.598 3.593 3.589 3.583 3.578 3.571 3.553 3.532 3.511 3.490 3.470 3.449 3.428 3.407 3.398 3.395 3.393 3.391 3.388 3.386 3.381 3.368 3.355 3.356 3.366 3.376
4.162 4.147 4.138 4.135 4.131 4.128 4.124 4.120 4.117 4.113 4.122 4.112 4.092 4.075 4.058 4.042 4.025 4.008 3.992 3.975 3.950 3.919 3.889 3.859 3.829 3.799 3.769 3.738 3.706 3.696 3.694 3.692 3.687 3.682 3.676 3.671 3.666 3.661 3.658 3.656 3.654 3.653 3.647 3.640 3.632 3.624 3.617 3.609 3.604 3.599 3.594 3.589 3.584 3.579 3.574 3.569 3.564 3.549 3.528 3.507 3.486 3.465 3.444 3.424 3.403 3.391 3.388 3.386 3.383 3.381 3.375 3.363 3.350 3.337 3.334 3.344 3.355
4.132 4.117 4.108 4.105 4.101 4.098 4.094 4.090 4.097 4.109 4.122 4.111 4.085 4.060 4.044 4.027 4.010 3.994 3.977 3.960 3.934 3.903 3.873 3.843 3.813 3.783 3.753 3.723 3.692 3.685 3.680 3.674 3.669 3.664 3.659 3.654 3.648 3.643 3.641 3.639 3.637 3.636 3.634 3.630 3.623 3.615 3.608 3.600 3.595 3.590 3.585 3.580 3.575 3.570 3.565 3.560 3.555 3.539 3.521 3.503 3.482 3.461 3.440 3.419 3.399 3.384 3.381 3.379 3.376 3.370 3.357 3.345 3.332 3.319 3.312 3.323 3.333
4.102 4.087 4.078 4.075 4.071 4.067 4.072 4.084 4.097 4.109 4.121 4.109 4.084 4.058 4.032 4.012 3.996 3.979 3.962 3.945 3.918 3.888 3.857 3.827 3.797 3.767 3.737 3.708 3.680 3.667 3.662 3.657 3.652 3.646 3.641 3.636 3.631 3.626 3.623 3.622 3.620 3.619 3.617 3.615 3.613 3.606 3.598 3.591 3.586 3.581 3.576 3.571 3.566 3.561 3.556 3.551 3.546 3.530 3.512 3.494 3.475 3.457 3.436 3.415 3.394 3.376 3.374 3.371 3.365 3.352 3.339 3.327 3.314 3.301 3.291 3.301 3.311
4.072 4.058 4.048 4.045 4.047 4.059 4.072 4.084 4.096 4.109 4.121 4.108 4.082 4.057 4.031 4.005 3.981 3.964 3.947 3.931 3.902 3.872 3.841 3.811 3.781 3.753 3.725 3.698 3.672 3.659 3.646 3.639 3.634 3.629 3.624 3.618 3.613 3.608 3.606 3.605 3.603 3.602 3.600 3.598 3.597 3.595 3.589 3.582 3.577 3.572 3.567 3.562 3.557 3.552 3.547 3.542 3.537 3.521 3.503 3.485 3.466 3.448 3.430 3.410 3.389 3.369 3.366 3.360 3.347 3.334 3.321 3.308 3.296 3.283 3.270 3.279 3.289
4.069 4.034 4.022 4.034 4.047 4.059 4.071 4.084 4.096 4.109 4.121 4.106 4.081 4.055 4.029 4.004 3.978 3.952 3.933 3.916 3.886 3.856 3.827 3.799 3.771 3.743 3.715 3.687 3.663 3.651 3.638 3.625 3.617 3.611 3.606 3.601 3.596 3.591 3.589 3.588 3.586 3.584 3.583 3.581 3.580 3.578 3.576 3.573 3.568 3.563 3.558 3.553 3.548 3.543 3.538 3.533 3.528 3.512 3.494 3.475 3.457 3.439 3.420 3.402 3.384 3.364 3.355 3.342 3.329 3.316 3.303 3.290 3.278 3.265 3.252 3.257 3.268
4.076 4.025 4.010 4.034 4.046 4.059 4.071 4.083 4.096 4.108 4.121 4.105 4.079 4.054 4.028 4.002 3.977 3.951 3.926 3.900 3.872 3.844 3.816 3.788 3.760 3.732 3.704 3.676 3.655 3.643 3.630 3.617 3.605 3.594 3.589 3.583 3.578 3.574 3.572 3.571 3.569 3.567 3.566 3.564 3.563 3.555 3.548 3.549 3.559 3.554 3.549 3.544 3.539 3.534 3.529 3.524 3.519 3.503 3.484 3.466 3.448 3.429 3.411 3.393 3.375 3.359 3.342 3.324 3.311 3.298 3.285 3.272 3.260 3.247 3.234 3.235 3.246
4.056 4.005 3.990 4.014 4.038 4.059 4.071 4.083 4.096 4.108 4.120 4.103 4.078 4.052 4.027 4.001 3.975 3.949 3.920 3.891 3.862 3.834 3.806 3.778 3.750 3.722 3.694 3.666 3.647 3.634 3.622 3.609 3.596 3.584 3.571 3.566 3.561 3.557 3.555 3.554 3.552 3.550 3.545 3.537 3.530 3.522 3.514 3.518 3.527 3.537 3.540 3.535 3.530 3.525 3.520 3.515 3.510 3.494 3.475 3.457 3.438 3.420 3.402 3.385 3.369 3.354 3.337 3.320 3.302 3.285 3.267 3.254 3.242 3.229 3.216 3.214 3.224
4.036 3.986 3.970 3.994 4.018 4.042 4.066 4.083 4.095 4.108 4.120 4.102 4.076 4.051 4.025 3.999 3.970 3.941 3.912 3.883 3.853 3.824 3.795 3.767 3.739 3.711 3.683 3.655 3.639 3.626 3.613 3.601 3.588 3.575 3.563 3.550 3.543 3.540 3.538 3.535 3.527 3.520 3.512 3.504 3.496 3.489 3.481 3.487 3.496 3.505 3.515 3.524 3.521 3.516 3.511 3.506 3.501 3.485 3.466 3.448 3.429 3.411 3.396 3.380 3.365 3.349 3.333 3.316 3.298 3.281 3.263 3.245 3.228 3.211 3.198 3.192 3.197
4.016 3.966 3.949 3.974 3.998 4.022 4.046 4.070 4.095 4.107 4.120 4.101 4.075 4.048 4.019 3.990 3.961 3.933 3.904 3.874 3.845 3.816 3.786 3.757 3.729 3.701 3.673 3.645 3.630 3.618 3.605 3.592 3.580 3.567 3.554 3.542 3.529 3.517 3.510 3.502 3.494 3.486 3.479 3.471 3.463 3.456 3.448 3.455 3.465 3.474 3.484 3.493 3.503 3.507 3.502 3.497 3.492 3.475 3.457 3.439 3.422 3.406 3.391 3.375 3.360 3.345 3.329 3.312 3.294 3.276 3.259 3.241 3.224 3.206 3.188 3.178 3.161
3.996 3.946 3.929 3.953 3.978 4.002 4.026 4.050 4.074 4.099 4.120 4.098 4.069 4.040 4.011 3.982 3.953 3.924 3.895 3.866 3.836 3.807 3.778 3.748 3.719 3.691 3.663 3.635 3.622 3.609 3.597 3.584 3.571 3.559 3.547 3.536 3.524 3.495 3.476 3.469 3.461 3.453 3.445 3.438 3.430 3.423 3.415 3.424 3.434 3.443 3.453 3.462 3.472 3.481 3.491 3.488 3.483 3.466 3.448 3.432 3.417 3.402 3.386 3.371 3.356 3.340 3.325 3.307 3.290 3.272 3.255 3.237 3.219 3.202 3.191 3.191 3.174
3.977 3.926 3.909 3.933 3.957 3.982 4.006 4.030 4.054 4.078 4.101 4.086 4.061 4.032 4.003 3.974 3.944 3.915 3.887 3.857 3.828 3.798 3.769 3.739 3.710 3.681 3.652 3.626 3.614 3.601 3.589 3.577 3.566 3.554 3.543 3.531 3.515 3.485 3.456 3.435 3.428 3.420 3.412 3.405 3.397 3.389 3.383 3.393 3.402 3.412 3.421 3.431 3.440 3.450 3.459 3.469 3.474 3.459 3.443 3.428 3.412 3.397 3.382 3.366 3.351 3.336 3.320 3.303 3.286 3.268 3.250 3.233 3.215 3.203 3.203 3.202 3.191
3.957 3.906 3.889 3.913 3.937 3.961 3.986 4.010 4.032 4.055 4.078 4.063 4.044 4.023 3.994 3.965 3.936 3.907 3.878 3.849 3.819 3.790 3.760 3.731 3.702 3.672 3.643 3.619 3.608 3.596 3.584 3.573 3.561 3.549 3.538 3.526 3.505 3.475 3.446 3.417 3.395 3.387 3.379 3.371 3.364 3.356 3.352 3.362 3.371 3.380 3.390 3.400 3.409 3.419 3.428 3.440 3.458 3.451 3.438 3.423 3.408 3.392 3.377 3.362 3.346 3.331 3.316 3.299 3.281 3.264 3.246 3.229 3.215 3.215 3.214 3.213 3.208
3.937 3.886 3.868 3.893 3.917 3.941 3.964 3.987 4.010 4.032 4.055 4.040 4.020 4.001 3.981 3.957 3.928 3.899 3.870 3.840 3.811 3.781 3.752 3.723 3.693 3.669 3.645 3.622 3.603 3.591 3.579 3.568 3.556 3.544 3.533 3.521 3.495 3.466 3.436 3.407 3.377 3.354 3.346 3.338 3.331 3.323 3.321 3.330 3.340 3.349 3.359 3.368 3.378 3.389 3.407 3.425 3.442 3.435 3.426 3.416 3.403 3.388 3.373 3.357 3.342 3.327 3.311 3.295 3.277 3.259 3.242 3.227 3.227 3.226 3.225 3.224 3.224
3.916 3.867 3.848 3.872 3.895 3.918 3.941 3.964 3.987 4.010 4.032 4.017 3.997 3.977 3.958 3.938 3.918 3.890 3.861 3.832 3.802 3.773 3.746 3.722 3.697 3.673 3.648 3.626 3.606 3.586 3.575 3.563 3.551 3.540 3.528 3.515 3.485 3.456 3.426 3.397 3.368 3.338 3.313 3.305 3.298 3.290 3.290 3.299 3.309 3.318 3.328 3.337 3.355 3.373 3.391 3.409 3.427 3.420 3.410 3.400 3.391 3.381 3.368 3.353 3.337 3.322 3.307 3.290 3.273 3.255 3.239 3.239 3.238 3.237 3.236 3.236 3.235
3.855 3.828 3.827 3.850 3.872 3.895 3.918 3.941 3.964 3.987 4.009 3.994 3.974 3.954 3.935 3.915 3.895 3.875 3.853 3.824 3.799 3.774 3.750 3.725 3.701 3.676 3.652 3.631 3.610 3.589 3.570 3.558 3.547 3.535 3.523 3.505 3.476 3.446 3.417 3.387 3.358 3.329 3.299 3.272 3.265 3.257 3.258 3.268 3.277 3.287 3.303 3.321 3.339 3.357 3.375 3.393 3.411 3.404 3.394 3.385 3.375 3.366 3.356 3.347 3.333 3.317 3.302 3.286 3.269 3.251 3.250 3.250 3.249 3.248 3.248 3.247 3.246
3.807 3.806 3.813 3.830 3.850 3.872 3.895 3.918 3.941 3.964 3.987 3.971 3.951 3.931 3.912 3.892 3.872 3.852 3.840 3.825 3.802 3.778 3.753 3.729 3.704 3.680 3.656 3.635 3.614 3.593 3.572 3.553 3.542 3.530 3.518 3.495 3.466 3.436 3.407 3.378 3.348 3.319 3.289 3.260 3.231 3.224 3.227 3.237 3.252 3.270 3.287 3.305 3.323 3.341 3.359 3.377 3.395 3.388 3.379 3.369 3.360 3.350 3.340 3.331 3.322 3.312 3.297 3.282 3.264 3.262 3.262 3.261 3.260 3.259 3.259 3.258 3.257
3.794 3.794 3.800 3.817 3.834 3.851 3.872 3.895 3.918 3.941 3.964 3.948 3.928 3.908 3.888 3.869 3.855 3.843 3.831 3.816 3.800 3.782 3.757 3.732 3.708 3.684 3.660 3.639 3.618 3.598 3.577 3.556 3.537 3.525 3.514 3.485 3.456 3.427 3.397 3.368 3.338 3.309 3.280 3.250 3.221 3.192 3.200 3.218 3.236 3.254 3.272 3.290 3.307 3.325 3.343 3.361 3.379 3.373 3.363 3.354 3.344 3.334 3.325 3.315 3.306 3.296 3.287 3.277 3.274 3.274 3.273 3.272 3.271 3.271 3.270 3.269 3.269
