includes/camargue/floodfiles/results/res-0011.wdfp
ncols         906
nrows         631
xllcorner     362177.146667
yllcorner     6534725.688020
cellsize      20.000000
NODATA_value  -9999.000000
[rows 510 to 543 of 631, columns 770 to 846 of 906]
7.599 7.803 8.008 8.212 8.417 8.621 8.825 9.030 9.234 9.437 9.634 9.566 9.497 9.429 9.362 9.293 9.231 9.192 9.151 9.111 9.071 9.032 8.992 8.951 8.927 8.907 8.887 8.866 8.846 8.826 8.806 8.786 8.765 8.745 8.725 8.705 8.684 8.720 8.795 8.871 8.947 9.022 9.097 9.172 9.248 9.324 9.399 9.475 9.550 9.625 9.676 9.673 9.669 9.667 9.664 9.660 9.657 9.653 9.650 9.648 9.648 9.647 9.646 9.644 9.643 9.646 9.654 9.662 9.669 9.678 9.670 9.661 9.652 9.642 9.633 9.624 9.614
7.581 7.786 7.990 8.194 8.399 8.603 8.807 9.012 9.216 9.420 9.576 9.507 9.439 9.372 9.303 9.235 9.167 9.099 9.058 9.018 8.979 8.939 8.899 8.858 8.839 8.818 8.798 8.777 8.757 8.737 8.717 8.696 8.676 8.657 8.641 8.642 8.643 8.709 8.786 8.862 8.938 9.013 9.088 9.164 9.239 9.315 9.391 9.466 9.541 9.616 9.653 9.650 9.647 9.643 9.640 9.637 9.633 9.630 9.627 9.624 9.621 9.620 9.619 9.618 9.617 9.619 9.626 9.635 9.643 9.636 9.627 9.617 9.608 9.599 9.589 9.580 9.571
7.564 7.768 7.973 8.178 8.382 8.586 8.790 8.994 9.198 9.403 9.517 9.449 9.382 9.313 9.245 9.177 9.109 9.041 8.972 8.925 8.886 8.846 8.806 8.769 8.750 8.729 8.709 8.688 8.669 8.648 8.628 8.607 8.608 8.610 8.611 8.612 8.617 8.696 8.776 8.854 8.929 9.004 9.080 9.155 9.231 9.306 9.382 9.457 9.532 9.608 9.630 9.627 9.623 9.620 9.617 9.613 9.610 9.606 9.604 9.601 9.597 9.594 9.592 9.591 9.590 9.591 9.600 9.607 9.601 9.592 9.583 9.573 9.564 9.555 9.545 9.537 9.528
7.547 7.751 7.955 8.160 8.364 8.569 8.773 8.977 9.181 9.386 9.459 9.391 9.323 9.255 9.186 9.119 9.051 8.982 8.914 8.847 8.793 8.753 8.713 8.681 8.661 8.640 8.620 8.600 8.580 8.575 8.576 8.577 8.579 8.579 8.580 8.581 8.604 8.684 8.763 8.842 8.920 8.995 9.071 9.147 9.222 9.298 9.373 9.448 9.523 9.600 9.607 9.603 9.600 9.596 9.593 9.590 9.586 9.584 9.581 9.577 9.574 9.571 9.567 9.564 9.563 9.565 9.572 9.567 9.558 9.548 9.539 9.530 9.520 9.512 9.503 9.493 9.484
7.529 7.734 7.938 8.142 8.346 8.551 8.755 8.959 9.164 9.368 9.401 9.333 9.265 9.196 9.128 9.061 8.992 8.924 8.857 8.788 8.720 8.660 8.621 8.592 8.571 8.551 8.541 8.543 8.544 8.545 8.546 8.546 8.548 8.549 8.550 8.551 8.591 8.671 8.750 8.829 8.908 8.987 9.063 9.138 9.213 9.289 9.364 9.439 9.516 9.586 9.583 9.580 9.576 9.573 9.570 9.566 9.564 9.560 9.557 9.554 9.550 9.547 9.544 9.540 9.538 9.537 9.533 9.523 9.514 9.505 9.495 9.486 9.478 9.468 9.459 9.450 9.440
7.512 7.716 7.921 8.125 8.330 8.534 8.738 8.943 9.147 9.351 9.342 9.275 9.206 9.138 9.071 9.002 8.934 8.865 8.798 8.730 8.661 8.593 8.528 8.509 8.509 8.510 8.512 8.513 8.514 8.514 8.515 8.517 8.518 8.519 8.519 8.520 8.579 8.658 8.737 8.816 8.895 8.975 9.054 9.129 9.205 9.280 9.355 9.432 9.507 9.563 9.560 9.556 9.553 9.549 9.546 9.544 9.540 9.537 9.534 9.530 9.527 9.524 9.520 9.518 9.507 9.499 9.492 9.482 9.472 9.462 9.452 9.443 9.434 9.425 9.415 9.406 9.397
7.515 7.699 7.903 8.108 8.312 8.516 8.720 8.925 9.129 9.333 9.285 9.216 9.148 9.081 9.012 8.944 8.875 8.808 8.740 8.671 8.603 8.548 8.494 8.479 8.479 8.480 8.482 8.482 8.483 8.484 8.486 8.487 8.487 8.488 8.489 8.491 8.566 8.645 8.724 8.803 8.883 8.962 9.041 9.120 9.196 9.271 9.347 9.423 9.498 9.539 9.536 9.533 9.529 9.527 9.524 9.520 9.517 9.513 9.510 9.507 9.503 9.494 9.482 9.471 9.460 9.456 9.453 9.443 9.434 9.424 9.415 9.405 9.395 9.385 9.375 9.365 9.356
7.558 7.726 7.893 8.090 8.295 8.499 8.704 8.908 9.112 9.295 9.226 9.158 9.089 9.022 8.954 8.885 8.817 8.750 8.685 8.632 8.579 8.526 8.480 8.466 8.452 8.450 8.451 8.452 8.453 8.453 8.455 8.456 8.457 8.458 8.459 8.474 8.553 8.632 8.711 8.790 8.870 8.949 9.028 9.107 9.186 9.263 9.339 9.414 9.489 9.516 9.513 9.509 9.507 9.503 9.500 9.497 9.493 9.490 9.479 9.468 9.458 9.447 9.436 9.425 9.414 9.413 9.411 9.405 9.395 9.386 9.377 9.367 9.357 9.347 9.337 9.327 9.317
7.601 7.769 7.936 8.103 8.277 8.481 8.686 8.890 9.094 9.236 9.168 9.099 9.032 8.964 8.895 8.827 8.771 8.718 8.664 8.611 8.558 8.505 8.466 8.452 8.439 8.425 8.421 8.421 8.422 8.424 8.425 8.426 8.426 8.427 8.429 8.461 8.540 8.619 8.698 8.778 8.857 8.936 9.015 9.094 9.173 9.253 9.330 9.405 9.480 9.492 9.489 9.487 9.483 9.480 9.476 9.465 9.454 9.443 9.432 9.422 9.411 9.400 9.389 9.378 9.371 9.370 9.368 9.367 9.358 9.348 9.338 9.328 9.319 9.309 9.299 9.289 9.279
7.644 7.811 7.979 8.146 8.313 8.481 8.669 8.873 9.078 9.178 9.109 9.041 8.974 8.909 8.855 8.803 8.750 8.696 8.643 8.589 8.537 8.484 8.453 8.439 8.426 8.412 8.398 8.391 8.392 8.394 8.394 8.395 8.396 8.398 8.399 8.448 8.527 8.606 8.686 8.765 8.844 8.923 9.002 9.081 9.161 9.240 9.319 9.396 9.472 9.469 9.467 9.462 9.451 9.440 9.429 9.418 9.407 9.396 9.386 9.375 9.364 9.353 9.342 9.331 9.328 9.327 9.325 9.325 9.320 9.310 9.300 9.290 9.280 9.270 9.261 9.251 9.242
7.686 7.854 8.021 8.189 8.356 8.524 8.691 8.858 9.060 9.119 9.051 8.994 8.941 8.888 8.834 8.782 8.728 8.675 8.621 8.569 8.516 8.462 8.439 8.425 8.412 8.398 8.384 8.370 8.362 8.363 8.364 8.365 8.366 8.367 8.368 8.435 8.514 8.593 8.673 8.752 8.831 8.910 8.989 9.069 9.148 9.226 9.305 9.384 9.448 9.438 9.427 9.416 9.405 9.393 9.382 9.371 9.360 9.350 9.339 9.328 9.317 9.306 9.295 9.286 9.285 9.283 9.283 9.281 9.280 9.272 9.262 9.252 9.242 9.232 9.222 9.213 9.204
7.729 7.897 8.064 8.231 8.399 8.567 8.734 8.902 9.067 9.079 9.026 8.973 8.920 8.866 8.814 8.760 8.707 8.654 8.601 8.548 8.494 8.441 8.425 8.412 8.399 8.385 8.371 8.357 8.344 8.333 8.333 8.334 8.336 8.337 8.343 8.422 8.501 8.581 8.660 8.739 8.818 8.897 8.977 9.055 9.134 9.214 9.296 9.378 9.410 9.391 9.380 9.369 9.358 9.347 9.336 9.325 9.315 9.303 9.292 9.281 9.270 9.259 9.248 9.243 9.242 9.241 9.240 9.238 9.237 9.233 9.224 9.214 9.204 9.194 9.185 9.175 9.165
7.772 7.939 8.107 8.274 8.442 8.609 8.777 8.889 8.974 9.001 9.005 8.952 8.898 8.845 8.792 8.739 8.686 8.632 8.580 8.526 8.473 8.426 8.413 8.399 8.385 8.371 8.357 8.344 8.330 8.316 8.303 8.304 8.306 8.306 8.330 8.409 8.489 8.568 8.647 8.726 8.805 8.883 8.965 9.046 9.128 9.210 9.292 9.374 9.376 9.352 9.333 9.322 9.311 9.300 9.289 9.279 9.268 9.257 9.246 9.235 9.224 9.212 9.202 9.200 9.200 9.198 9.196 9.195 9.193 9.192 9.185 9.175 9.166 9.156 9.147 9.137 9.127
7.815 7.982 8.149 8.318 8.485 8.624 8.710 8.796 8.882 8.901 8.909 8.917 8.877 8.825 8.771 8.718 8.664 8.612 8.559 8.505 8.452 8.412 8.399 8.385 8.371 8.357 8.344 8.331 8.317 8.303 8.289 8.276 8.275 8.276 8.317 8.396 8.476 8.555 8.633 8.714 8.796 8.879 8.961 9.043 9.125 9.207 9.288 9.365 9.341 9.317 9.294 9.275 9.264 9.253 9.243 9.232 9.221 9.210 9.199 9.188 9.177 9.166 9.158 9.158 9.156 9.155 9.153 9.152 9.150 9.149 9.147 9.137 9.127 9.118 9.109 9.099 9.089
7.857 8.025 8.192 8.360 8.445 8.532 8.618 8.703 8.789 8.801 8.809 8.817 8.826 8.803 8.750 8.696 8.643 8.591 8.537 8.484 8.430 8.400 8.386 8.372 8.358 8.344 8.331 8.317 8.303 8.289 8.275 8.262 8.249 8.245 8.304 8.383 8.464 8.546 8.628 8.710 8.792 8.875 8.957 9.039 9.121 9.203 9.285 9.330 9.306 9.282 9.259 9.235 9.217 9.207 9.196 9.185 9.174 9.163 9.152 9.141 9.130 9.119 9.115 9.115 9.113 9.112 9.110 9.109 9.107 9.106 9.104 9.099 9.090 9.080 9.070 9.060 9.051
7.900 8.068 8.181 8.267 8.352 8.439 8.525 8.610 8.693 8.701 8.709 8.717 8.726 8.734 8.729 8.675 8.623 8.569 8.516 8.462 8.410 8.386 8.372 8.358 8.344 8.330 8.317 8.303 8.290 8.276 8.263 8.249 8.235 8.233 8.296 8.379 8.460 8.542 8.624 8.706 8.789 8.871 8.953 9.035 9.117 9.199 9.282 9.295 9.271 9.247 9.224 9.200 9.176 9.160 9.149 9.138 9.127 9.116 9.105 9.094 9.083 9.073 9.073 9.071 9.070 9.068 9.067 9.065 9.064 9.062 9.061 9.059 9.052 9.042 9.032 9.022 9.012
7.916 8.002 8.088 8.174 8.261 8.346 8.432 8.518 8.593 8.601 8.609 8.618 8.626 8.634 8.642 8.651 8.601 8.548 8.495 8.441 8.389 8.372 8.358 8.345 8.331 8.318 8.304 8.290 8.276 8.262 8.260 8.263 8.266 8.277 8.310 8.375 8.457 8.539 8.621 8.702 8.785 8.867 8.949 9.031 9.113 9.195 9.278 9.260 9.236 9.212 9.189 9.165 9.142 9.118 9.102 9.091 9.080 9.069 9.058 9.047 9.036 9.031 9.030 9.028 9.027 9.025 9.024 9.022 9.021 9.019 9.018 9.017 9.014 9.004 8.994 8.984 8.974
7.824 7.910 7.996 8.082 8.168 8.254 8.339 8.426 8.492 8.500 8.508 8.517 8.525 8.533 8.541 8.550 8.558 8.527 8.473 8.421 8.373 8.359 8.345 8.331 8.317 8.304 8.290 8.286 8.290 8.293 8.297 8.300 8.303 8.322 8.355 8.390 8.453 8.535 8.617 8.699 8.782 8.864 8.945 9.027 9.109 9.192 9.249 9.225 9.201 9.177 9.154 9.130 9.107 9.083 9.060 9.044 9.033 9.022 9.011 9.000 8.990 8.988 8.987 8.985 8.984 8.982 8.981 8.979 8.977 8.976 8.974 8.974 8.972 8.965 8.956 8.946 8.961
7.731 7.817 7.903 7.989 8.075 8.161 8.246 8.333 8.392 8.400 8.409 8.417 8.425 8.433 8.442 8.450 8.458 8.466 8.452 8.399 8.359 8.345 8.331 8.317 8.314 8.317 8.320 8.323 8.326 8.331 8.334 8.337 8.340 8.367 8.401 8.435 8.468 8.531 8.613 8.696 8.778 8.860 8.942 9.024 9.106 9.188 9.214 9.190 9.166 9.142 9.119 9.096 9.072 9.048 9.025 9.001 8.987 8.976 8.965 8.953 8.946 8.945 8.943 8.942 8.940 8.939 8.937 8.936 8.934 8.933 8.932 8.931 8.929 8.927 8.917 8.907 8.973
7.638 7.724 7.810 7.896 7.982 8.068 8.155 8.240 8.292 8.300 8.309 8.317 8.325 8.333 8.342 8.350 8.358 8.366 8.375 8.378 8.345 8.340 8.343 8.347 8.351 8.354 8.357 8.360 8.363 8.367 8.371 8.374 8.378 8.412 8.446 8.480 8.513 8.547 8.609 8.692 8.774 8.856 8.938 9.020 9.103 9.185 9.179 9.155 9.131 9.108 9.084 9.061 9.037 9.013 8.990 8.966 8.942 8.929 8.918 8.908 8.903 8.902 8.900 8.899 8.897 8.896 8.894 8.893 8.891 8.890 8.889 8.888 8.886 8.885 8.879 8.916 8.985
7.546 7.632 7.718 7.804 7.890 7.975 8.062 8.147 8.192 8.201 8.209 8.217 8.225 8.234 8.242 8.250 8.258 8.266 8.280 8.314 8.370 8.377 8.380 8.384 8.387 8.391 8.394 8.397 8.401 8.404 8.408 8.411 8.423 8.458 8.491 8.525 8.558 8.592 8.626 8.688 8.770 8.852 8.934 9.016 9.099 9.168 9.144 9.120 9.096 9.073 9.050 9.026 9.002 8.978 8.955 8.931 8.907 8.883 8.871 8.862 8.860 8.859 8.857 8.855 8.854 8.852 8.851 8.849 8.848 8.847 8.846 8.844 8.854 8.869 8.893 8.958 9.024
7.469 7.545 7.625 7.711 7.797 7.883 7.969 8.055 8.092 8.100 8.108 8.117 8.125 8.133 8.141 8.149 8.178 8.212 8.246 8.279 8.342 8.406 8.418 8.421 8.424 8.427 8.431 8.434 8.438 8.441 8.444 8.448 8.468 8.503 8.536 8.570 8.603 8.637 8.672 8.705 8.766 8.848 8.930 9.012 9.095 9.133 9.109 9.085 9.061 9.038 9.015 8.991 8.967 8.943 8.920 8.896 8.872 8.848 8.825 8.818 8.817 8.815 8.814 8.829 8.843 8.858 8.872 8.887 8.901 8.917 8.932 8.946 8.961 8.975 9.023 9.087 9.153
7.392 7.468 7.545 7.622 7.704 7.790 7.876 7.962 7.992 8.000 8.008 8.017 8.025 8.043 8.076 8.110 8.143 8.178 8.211 8.252 8.315 8.380 8.444 8.458 8.461 8.464 8.468 8.472 8.475 8.478 8.481 8.484 8.513 8.548 8.581 8.615 8.648 8.682 8.717 8.750 8.784 8.844 8.926 9.009 9.091 9.098 9.074 9.050 9.026 9.003 8.980 8.956 8.932 8.908 8.885 8.861 8.840 8.835 8.831 8.877 8.891 8.906 8.920 8.935 8.950 8.964 8.979 8.993 9.009 9.023 9.038 9.052 9.067 9.090 9.154 9.217 9.282
7.314 7.391 7.468 7.545 7.622 7.698 7.783 7.869 7.892 7.900 7.908 7.941 7.974 8.008 8.042 8.075 8.109 8.143 8.176 8.224 8.288 8.353 8.416 8.480 8.498 8.501 8.504 8.509 8.512 8.515 8.518 8.525 8.559 8.593 8.626 8.660 8.693 8.728 8.762 8.795 8.829 8.862 8.923 9.005 9.087 9.063 9.039 9.015 8.991 8.969 8.945 8.921 8.904 8.899 8.893 8.888 8.883 8.878 8.888 8.954 8.998 9.012 9.027 9.041 9.056 9.070 9.085 9.101 9.115 9.130 9.144 9.159 9.173 9.221 9.284 9.348 9.413
7.237 7.314 7.391 7.468 7.545 7.621 7.698 7.777 7.805 7.839 7.873 7.906 7.940 7.974 8.007 8.041 8.075 8.108 8.142 8.197 8.261 8.325 8.389 8.453 8.517 8.538 8.542 8.545 8.549 8.552 8.555 8.570 8.604 8.638 8.671 8.705 8.739 8.773 8.807 8.840 8.874 8.907 8.941 9.002 9.052 9.028 9.004 8.980 8.967 8.963 8.957 8.952 8.947 8.941 8.936 8.930 8.925 8.921 8.957 9.023 9.088 9.118 9.133 9.148 9.162 9.177 9.191 9.207 9.221 9.236 9.250 9.265 9.288 9.352 9.415 9.478 9.543
7.160 7.237 7.314 7.391 7.468 7.544 7.621 7.697 7.771 7.804 7.838 7.872 7.906 7.939 7.973 8.007 8.040 8.074 8.108 8.170 8.235 8.298 8.362 8.426 8.489 8.554 8.579 8.582 8.586 8.589 8.592 8.616 8.649 8.683 8.716 8.750 8.784 8.818 8.852 8.885 8.919 8.952 8.987 9.020 9.031 9.025 9.020 9.015 9.009 9.005 9.000 8.994 8.989 8.984 8.978 8.973 8.967 8.963 9.026 9.091 9.157 9.223 9.239 9.254 9.268 9.283 9.299 9.313 9.328 9.342 9.357 9.371 9.419 9.482 9.545 9.610 9.673
7.083 7.160 7.237 7.314 7.390 7.466 7.542 7.618 7.692 7.766 7.804 7.837 7.871 7.905 7.939 7.972 8.006 8.040 8.079 8.143 8.207 8.271 8.335 8.398 8.462 8.527 8.591 8.619 8.622 8.626 8.630 8.661 8.694 8.728 8.761 8.795 8.830 8.863 8.897 8.930 8.955 8.971 8.987 9.003 9.054 9.068 9.062 9.057 9.052 9.047 9.042 9.037 9.031 9.026 9.021 9.015 9.011 9.029 9.095 9.160 9.226 9.291 9.346 9.360 9.375 9.390 9.405 9.419 9.434 9.448 9.463 9.486 9.549 9.613 9.677 9.740 9.804
7.006 7.083 7.159 7.235 7.312 7.388 7.464 7.539 7.613 7.687 7.762 7.803 7.837 7.870 7.904 7.938 7.971 8.005 8.052 8.116 8.180 8.244 8.308 8.371 8.436 8.500 8.563 8.627 8.659 8.662 8.672 8.706 8.739 8.773 8.806 8.840 8.872 8.887 8.903 8.918 8.934 8.949 8.966 8.991 9.045 9.098 9.105 9.099 9.095 9.090 9.084 9.079 9.074 9.068 9.063 9.058 9.053 9.098 9.163 9.229 9.295 9.360 9.426 9.466 9.481 9.497 9.511 9.526 9.540 9.555 9.569 9.616 9.680 9.744 9.807 9.871 9.934
6.928 7.005 7.081 7.157 7.233 7.309 7.386 7.460 7.534 7.609 7.683 7.757 7.802 7.836 7.870 7.903 7.937 7.971 8.025 8.089 8.153 8.217 8.280 8.344 8.409 8.472 8.536 8.600 8.663 8.700 8.717 8.751 8.784 8.802 8.818 8.834 8.850 8.866 8.881 8.897 8.912 8.929 8.944 8.982 9.036 9.089 9.142 9.142 9.137 9.132 9.127 9.121 9.116 9.111 9.105 9.101 9.101 9.167 9.232 9.298 9.363 9.429 9.494 9.560 9.588 9.603 9.617 9.632 9.647 9.661 9.683 9.747 9.811 9.875 9.938 10.001 10.065
6.850 6.926 7.002 7.079 7.155 7.231 7.307 7.381 7.456 7.530 7.604 7.678 7.753 7.801 7.835 7.869 7.902 7.936 7.998 8.062 8.126 8.189 8.253 8.318 8.382 8.445 8.509 8.573 8.636 8.697 8.734 8.750 8.765 8.781 8.796 8.813 8.828 8.844 8.859 8.875 8.890 8.907 8.922 8.973 9.027 9.080 9.133 9.184 9.180 9.174 9.169 9.164 9.158 9.153 9.148 9.143 9.170 9.235 9.301 9.367 9.432 9.498 9.563 9.630 9.695 9.709 9.724 9.738 9.753 9.767 9.814 9.878 9.942 10.005 10.068 10.132 10.195
6.772 6.848 6.924 7.000 7.077 7.153 7.228 7.303 7.377 7.451 7.525 7.600 7.674 7.748 7.801 7.834 7.868 7.907 7.971 8.035 8.099 8.162 8.226 8.291 8.354 8.418 8.473 8.529 8.585 8.640 8.694 8.728 8.744 8.759 8.776 8.791 8.807 8.822 8.838 8.853 8.870 8.885 8.911 8.964 9.018 9.071 9.124 9.178 9.222 9.217 9.211 9.206 9.201 9.195 9.190 9.186 9.239 9.304 9.370 9.435 9.501 9.567 9.632 9.699 9.764 9.815 9.830 9.845 9.859 9.881 9.944 10.009 10.072 10.136 10.199 10.262 10.326
6.693 6.770 6.846 6.922 6.998 7.074 7.149 7.224 7.298 7.372 7.446 7.521 7.595 7.669 7.743 7.800 7.834 7.880 7.944 8.008 8.071 8.135 8.196 8.251 8.306 8.361 8.417 8.473 8.528 8.583 8.637 8.691 8.722 8.738 8.754 8.770 8.785 8.801 8.816 8.832 8.848 8.864 8.902 8.955 9.009 9.062 9.115 9.169 9.223 9.259 9.254 9.248 9.243 9.238 9.233 9.242 9.307 9.373 9.439 9.504 9.570 9.635 9.702 9.767 9.833 9.899 9.936 9.951 9.965 10.012 10.076 10.139 10.203 10.266 10.329 10.393 10.457
6.672 6.691 6.767 6.844 6.920 6.996 7.071 7.145 7.219 7.293 7.368 7.442 7.516 7.590 7.665 7.739 7.799 7.853 7.917 7.972 8.028 8.083 8.139 8.194 8.250 8.305 8.360 8.417 8.472 8.526 8.580 8.634 8.687 8.717 8.732 8.748 8.763 8.779 8.794 8.810 8.826 8.842 8.893 8.946 9.000 9.053 9.107 9.160 9.214 9.267 9.296 9.291 9.285 9.280 9.276 9.311 9.376 9.442 9.507 9.573 9.639 9.705 9.771 9.836 9.902 9.967 10.033 10.057 10.079 10.143 10.207 10.270 10.333 10.397 10.460 10.524 10.588
6.654 6.662 6.689 6.765 6.841 6.917 6.992 7.066 7.140 7.215 7.289 7.363 7.437 7.512 7.586 7.660 7.733 7.805 7.860 7.916 7.971 8.027 8.082 8.138 8.193 8.248 8.304 8.360 8.415 8.469 8.523 8.577 8.630 8.685 8.711 8.726 8.742 8.757 8.773 8.789 8.805 8.831 8.884 8.937 8.990 9.044 9.098 9.151 9.205 9.258 9.311 9.333 9.328 9.323 9.318 9.379 9.445 9.511 9.576 9.642 9.707 9.774 9.840 9.905 9.971 10.036 10.102 10.163 10.210 10.274 10.337 10.400 10.464 10.527 10.590 10.655 10.718
