includes/camargue/floodfiles/results/res-0013.wdfp
ncols         906
nrows         631
xllcorner     362177.146667
yllcorner     6534725.688020
cellsize      20.000000
NODATA_value  -9999.000000
[rows 442 to 475 of 631, columns 231 to 307 of 906]
0.000 0.008 0.087 0.058 0.114 0.027 0.045 0.092 0.000 0.000 0.000 0.041 0.002 0.000 0.005 0.000 0.025 0.000 0.000 0.133 0.133 0.000 0.192 0.072 0.000 0.055 0.205 0.000 0.292 0.000 0.514 0.294 0.005 0.000 0.000 0.000 0.210 0.000 0.167 0.000 0.082 0.802 0.882 0.000 0.000 0.000 0.503 0.473 0.433 0.283 0.433 0.793 0.803 0.743 0.633 0.583 0.000 0.000 0.733 0.333 0.000 0.000 0.000 0.000 0.065 0.065 0.065 0.065 0.064 0.062 0.058 0.055 0.053 0.000 0.131 1.357 0.000
0.021 0.086 0.031 0.059 0.046 0.069 0.104 0.036 0.000 0.000 0.000 0.031 0.009 0.009 0.005 0.901 0.024 0.024 0.000 0.000 0.000 0.032 0.032 0.003 0.000 0.185 0.315 0.000 0.112 0.000 0.000 0.384 0.000 0.059 0.000 0.340 0.200 0.069 0.551 0.000 0.000 0.052 0.000 0.000 1.590 0.000 0.533 0.443 0.163 0.313 0.323 0.523 0.433 0.000 0.000 0.000 0.000 0.000 0.000 0.463 0.000 0.323 0.663 0.000 0.479 0.065 0.065 0.065 0.064 0.062 0.057 0.048 0.034 0.000 1.187 0.000 0.000
0.045 0.144 0.029 0.029 0.155 0.089 0.005 0.011 0.000 0.000 0.000 0.000 0.000 0.000 0.000 0.024 0.024 0.024 0.001 0.006 0.000 0.032 0.000 0.000 0.015 0.415 0.000 0.151 0.000 0.000 0.202 0.000 0.000 0.159 0.189 0.349 0.200 0.000 0.411 0.371 0.000 0.153 0.243 0.000 0.000 0.000 0.233 0.463 0.273 0.183 0.000 0.000 0.603 0.000 0.000 0.000 0.000 0.000 0.623 0.000 0.013 0.073 0.002 0.519 0.059 0.299 0.599 0.065 0.064 0.062 0.055 0.036 1.063 0.024 0.663 0.000 0.002
0.111 0.024 0.040 0.054 0.050 0.183 0.006 0.001 0.000 0.000 0.001 0.587 0.077 0.000 0.018 0.021 0.023 0.000 0.000 0.007 0.008 0.010 0.000 0.000 0.075 0.165 0.000 0.371 0.000 0.000 0.012 0.000 0.000 0.239 0.389 0.269 0.499 0.089 0.000 0.048 0.000 0.005 0.153 0.000 0.000 0.513 0.553 0.533 0.000 0.000 0.471 0.000 0.000 0.393 0.000 0.000 0.171 0.000 0.713 0.000 0.000 0.023 0.000 0.000 0.000 0.619 0.839 0.839 0.629 0.119 0.000 0.038 0.000 0.451 0.771 0.000 0.002
0.061 0.019 0.022 0.144 0.057 0.027 0.005 0.005 0.000 0.000 0.000 0.000 0.000 0.003 0.014 0.016 0.000 0.042 0.912 0.000 0.005 0.010 0.011 0.045 0.125 0.000 0.220 0.000 0.070 0.071 0.000 0.000 0.073 0.169 0.409 0.000 0.047 0.022 0.053 0.099 0.000 0.000 0.000 0.000 0.000 0.713 0.623 0.533 0.000 0.533 0.000 0.443 0.000 0.153 0.000 0.000 0.000 0.000 0.823 0.000 0.000 0.000 0.000 0.069 0.439 0.109 0.000 0.189 0.000 0.000 0.070 0.039 0.015 1.058 0.000 0.000 0.255
0.019 0.011 0.057 0.045 0.031 0.035 0.034 0.002 0.015 0.000 0.162 0.001 0.000 0.011 0.005 0.013 0.000 0.000 0.000 0.004 0.004 0.000 0.005 0.007 0.012 0.000 0.040 0.056 0.068 0.072 0.080 0.000 0.164 0.000 0.000 0.264 0.155 0.013 0.000 0.012 0.633 0.603 0.853 0.000 0.000 0.563 0.753 0.473 0.413 0.233 0.263 0.673 0.000 0.033 0.063 0.000 0.021 0.000 0.093 0.000 0.000 0.023 0.000 0.000 0.269 0.033 0.067 0.000 0.000 0.119 0.559 0.000 0.718 0.615 0.000 0.205 0.085
0.096 0.043 0.053 0.113 0.060 0.052 0.017 0.027 0.002 0.000 0.001 0.000 0.000 0.677 0.000 0.000 0.000 0.000 0.002 0.001 0.007 0.000 0.012 0.153 0.011 0.027 0.039 0.045 0.000 0.000 0.085 0.090 0.094 0.064 0.064 0.204 0.000 0.073 0.183 0.043 0.373 0.663 0.913 0.000 0.000 0.000 0.533 0.423 0.533 0.000 0.533 0.000 0.112 0.202 0.000 0.000 0.000 0.000 0.000 1.413 0.000 0.253 0.753 0.000 0.000 0.016 0.027 0.189 0.000 0.279 0.289 0.000 0.598 0.000 0.000 0.000 0.000
0.323 0.044 0.040 0.100 0.010 0.091 0.000 0.000 0.000 0.000 0.000 0.000 0.348 0.007 0.002 0.014 0.132 0.014 0.012 0.000 0.050 0.020 0.000 0.049 0.022 0.050 0.600 0.041 0.009 0.084 0.146 0.090 0.093 0.573 0.453 0.483 0.623 0.613 0.583 0.383 0.613 0.823 0.953 0.000 0.560 0.000 0.303 0.603 0.173 0.263 0.553 0.059 0.222 0.000 0.632 0.001 0.000 0.333 0.000 0.053 1.583 1.653 0.523 0.053 0.000 0.099 0.149 0.119 0.060 0.390 0.000 0.000 0.997 0.000 0.297 0.367 0.000
0.065 0.100 0.110 0.141 0.013 0.004 0.005 0.000 0.000 0.033 0.000 0.025 0.010 0.009 0.007 0.003 0.000 0.011 0.091 0.027 0.110 0.110 0.083 0.121 0.023 0.000 0.020 0.000 0.141 0.122 0.145 0.090 0.643 0.603 0.663 0.203 0.543 0.543 0.543 0.443 0.623 0.793 0.883 0.000 0.410 0.000 0.000 0.213 0.015 0.563 0.000 0.202 0.242 0.302 0.212 0.000 0.000 0.133 0.313 0.403 0.223 1.383 0.083 0.000 0.512 0.000 0.000 0.000 0.210 0.550 0.000 1.093 0.570 0.000 0.307 0.097 0.137
0.021 0.071 0.071 0.090 0.198 0.002 0.029 0.000 0.002 0.000 0.165 0.005 0.014 0.003 0.005 0.000 0.000 0.000 0.000 0.160 0.300 0.270 0.270 0.000 0.000 0.001 0.000 0.260 0.220 0.170 0.055 0.091 0.673 0.643 0.683 0.583 0.593 0.553 0.513 0.473 0.613 0.773 1.023 0.000 0.000 0.000 0.738 0.000 0.378 0.000 0.293 0.162 0.000 0.000 0.013 0.000 0.073 0.533 0.133 1.263 0.373 0.303 0.000 0.172 0.000 0.000 0.053 0.000 0.971 0.061 0.000 0.554 0.000 0.000 0.000 0.727 0.587
0.087 0.198 0.120 0.091 0.061 0.068 0.003 0.000 0.000 0.055 0.065 0.002 0.040 0.005 0.003 0.000 0.000 0.127 0.000 0.000 0.230 0.149 0.150 0.003 0.000 0.001 0.002 0.409 0.289 0.170 0.016 0.091 0.663 0.693 0.643 0.653 0.473 0.593 0.573 0.443 0.533 0.000 0.000 0.000 0.000 0.000 0.488 0.288 0.368 0.000 0.153 0.033 0.000 0.143 0.363 0.623 0.093 0.043 1.333 1.003 1.043 0.143 0.000 0.752 0.000 0.173 0.473 0.022 0.431 0.811 0.000 1.008 0.004 0.000 0.000 0.207 0.597
0.134 0.054 0.037 0.317 0.327 0.307 0.186 0.074 0.094 0.010 0.025 0.018 0.118 0.078 0.038 0.000 0.000 0.000 0.001 0.347 0.000 0.032 0.000 0.005 0.033 0.002 0.006 0.000 0.038 0.000 0.038 0.000 0.000 0.000 0.000 0.000 0.000 0.000 0.000 0.000 0.000 0.000 0.000 0.000 0.000 0.000 0.000 0.138 0.000 0.173 0.183 0.213 0.000 0.143 0.233 0.153 0.363 0.733 0.533 0.643 0.873 0.000 0.000 0.572 0.000 0.443 0.000 0.232 0.222 0.000 0.000 0.526 0.000 0.097 0.097 0.127 0.617
0.000 0.035 0.056 0.116 0.025 0.126 0.000 0.071 0.000 0.310 0.014 0.000 0.001 0.001 0.058 0.006 0.014 0.001 0.000 0.001 0.008 0.033 0.703 0.583 0.483 0.693 0.813 0.019 0.027 0.008 0.009 0.026 0.000 0.000 0.000 0.000 0.000 0.102 0.000 0.000 0.000 0.000 0.000 0.214 0.000 0.000 0.000 0.000 0.000 0.173 0.000 0.383 0.005 0.000 0.123 1.103 1.293 0.493 0.423 0.463 0.183 0.000 0.363 0.000 0.253 0.563 0.000 0.632 0.652 0.000 0.528 0.511 0.000 0.000 0.000 0.000 0.907
0.024 0.008 0.009 0.037 0.045 0.046 0.000 0.055 0.340 0.130 0.007 0.024 0.000 0.000 0.000 0.123 0.184 0.072 0.169 0.092 0.124 0.006 0.004 0.004 0.004 0.004 0.004 0.003 0.043 0.039 0.022 0.011 0.004 0.011 0.071 0.000 0.000 0.092 0.000 0.000 0.061 0.000 0.000 0.454 0.000 0.000 0.000 0.000 0.000 0.213 0.613 0.393 0.413 0.613 1.143 1.033 0.323 0.233 0.463 0.563 0.000 0.000 0.173 0.000 0.253 0.673 0.202 0.672 0.382 0.000 0.501 0.807 0.000 0.000 2.257 0.647 0.957
0.002 0.003 0.008 0.085 0.105 0.065 0.035 0.030 0.007 0.039 0.044 0.424 0.029 0.352 0.162 0.035 0.012 0.000 0.000 0.082 0.039 0.246 0.147 0.528 0.149 0.087 0.089 0.013 0.016 0.070 0.008 0.006 0.125 0.185 0.000 0.093 0.000 0.062 0.072 0.000 0.000 0.000 0.074 0.164 0.000 0.000 0.000 0.041 0.000 0.000 0.000 0.000 0.000 0.013 0.413 0.613 0.403 0.473 0.713 0.873 0.000 0.093 0.813 0.000 0.423 0.000 0.662 0.742 0.000 0.000 0.493 0.906 0.636 0.023 0.017 0.177 0.687
0.083 0.016 0.019 0.134 0.017 0.041 0.017 0.000 0.131 0.411 0.251 0.063 0.000 0.192 0.003 0.000 0.031 0.010 0.072 0.112 0.002 0.005 0.107 0.000 0.000 0.023 0.016 0.042 0.029 0.027 0.075 0.006 0.034 0.000 0.001 0.113 0.003 0.000 0.000 0.000 0.000 0.000 0.024 0.374 0.074 0.000 0.000 0.000 0.000 0.000 0.423 0.363 0.643 1.423 0.543 0.433 1.473 0.113 0.373 0.243 0.123 0.383 0.213 0.273 0.633 0.000 0.832 0.382 0.000 0.318 0.908 0.259 0.000 0.000 0.237 0.000 0.897
0.000 0.008 0.108 0.000 0.030 0.044 0.007 0.047 0.000 0.120 0.021 0.063 0.105 0.090 0.390 0.118 0.441 0.004 0.000 0.009 0.009 0.000 0.000 0.000 0.000 0.000 0.000 0.032 0.097 0.043 0.040 0.000 0.018 0.010 0.133 0.000 0.000 0.001 0.000 0.071 0.000 0.000 0.064 0.404 0.000 0.000 0.000 0.000 0.000 0.000 1.173 0.000 0.053 0.623 0.553 0.273 0.643 0.000 0.000 0.193 0.563 0.004 0.353 0.813 0.000 0.492 0.642 0.000 0.000 0.000 1.026 1.107 0.000 0.000 0.000 0.097 0.747
0.000 0.021 0.012 0.150 0.062 0.154 0.007 0.000 0.198 0.188 0.078 0.051 0.072 0.017 0.150 0.031 0.131 0.152 0.172 0.362 0.011 0.000 0.000 0.000 0.000 0.000 0.000 0.072 0.054 0.048 0.000 0.000 0.000 0.003 0.153 0.063 0.063 0.000 0.000 0.000 0.021 0.000 0.024 0.000 0.051 0.051 0.000 0.000 0.000 0.000 0.000 0.000 0.000 1.143 0.343 0.153 0.573 0.253 0.243 0.583 0.673 0.703 0.693 0.393 0.000 0.322 0.000 0.000 0.000 0.985 1.145 0.000 0.000 0.000 1.097 0.587 0.000
0.012 0.010 0.183 0.043 0.089 0.049 0.139 0.000 0.033 0.075 0.076 0.090 0.091 0.061 0.034 0.000 0.032 0.052 0.062 0.062 0.000 0.000 0.049 0.010 0.170 0.000 0.154 0.026 0.000 0.000 0.000 0.002 0.000 0.224 0.000 0.022 0.083 0.000 0.000 0.001 0.001 0.001 0.564 0.044 0.000 0.000 0.000 0.000 0.000 0.000 0.000 0.000 0.000 0.000 0.183 0.103 0.443 0.703 0.533 0.553 0.593 0.653 0.063 0.633 0.773 0.000 0.000 0.101 0.000 0.459 1.055 0.000 0.000 0.000 0.000 0.597 0.417
0.176 0.057 0.044 0.031 0.000 0.067 0.058 0.069 0.031 0.197 0.044 0.004 0.000 0.101 0.071 0.000 0.052 0.062 0.006 0.012 0.057 0.208 0.019 0.003 0.000 0.000 0.036 0.013 0.000 0.000 0.000 0.000 0.102 0.013 0.000 0.016 0.008 0.000 0.000 0.015 0.000 0.000 0.000 0.000 0.023 0.000 0.000 0.000 0.000 0.081 0.000 0.000 0.000 0.000 0.000 0.000 0.293 0.523 0.683 0.643 0.283 0.353 0.303 0.513 0.000 0.000 0.000 0.000 0.000 0.449 1.135 0.000 0.000 0.357 0.717 0.247 0.467
0.246 0.116 0.157 0.147 0.045 0.053 0.067 0.078 0.028 0.000 0.063 0.003 0.000 0.019 0.000 0.000 0.000 0.000 0.000 0.037 0.117 0.000 0.044 0.114 0.064 0.036 0.037 0.043 0.000 0.000 0.000 0.000 0.082 0.000 0.048 0.009 0.004 0.002 0.047 0.005 0.369 0.079 0.000 0.193 0.143 0.153 0.073 0.000 0.000 0.000 0.000 0.061 0.000 0.422 0.000 0.000 0.000 0.623 0.613 0.000 0.000 0.000 0.000 0.000 0.000 0.000 0.000 0.000 0.402 0.424 0.000 0.000 0.000 0.000 0.177 0.000 0.000
0.216 0.106 0.106 0.136 0.037 0.009 0.000 0.043 0.115 0.083 0.046 0.029 0.000 0.020 0.057 0.000 0.161 0.000 0.000 0.027 0.000 0.000 0.074 0.000 0.074 0.000 0.161 0.101 0.063 0.000 0.000 0.000 0.009 0.000 0.014 0.099 0.006 0.037 0.000 0.000 0.005 0.000 0.000 0.103 0.000 0.083 0.103 0.053 0.000 0.035 0.105 0.000 0.000 0.000 0.012 0.002 0.000 0.000 0.000 0.000 0.000 0.000 0.000 0.000 0.000 0.002 0.633 0.331 0.368 0.000 0.000 0.125 0.325 0.001 0.001 0.000 0.000
0.000 0.156 0.146 0.052 0.047 0.000 0.000 0.000 0.009 0.145 0.014 0.100 0.038 0.163 0.011 0.021 0.000 0.000 0.001 0.000 0.001 0.000 0.000 0.032 0.002 0.112 0.000 0.000 0.131 0.148 0.002 0.002 0.004 0.001 0.014 0.001 0.065 0.000 0.000 0.190 0.111 0.012 0.082 0.002 0.093 0.173 0.073 0.000 0.000 0.000 0.075 0.365 0.035 0.000 0.000 0.000 0.000 0.000 0.000 0.000 0.000 0.000 0.001 0.000 0.462 0.098 0.176 0.000 0.000 0.000 0.000 0.000 1.025 0.000 0.000 0.577 0.017
0.000 0.000 0.000 0.025 0.042 0.061 0.051 0.032 0.007 0.143 0.070 0.088 0.000 0.015 0.008 0.000 0.032 0.000 0.000 0.000 0.000 0.000 0.072 0.000 0.051 0.000 0.038 0.058 0.080 0.047 0.210 0.055 0.000 0.002 0.035 0.001 0.000 0.031 0.000 0.121 0.000 0.022 0.000 0.000 0.000 0.013 0.023 0.033 0.000 0.042 0.000 0.000 0.015 0.385 0.000 0.000 0.011 0.000 0.000 0.000 0.000 0.000 0.166 0.060 0.070 0.060 0.081 0.000 0.000 0.061 0.001 0.001 0.625 0.785 0.000 0.000 0.337
0.000 0.000 0.000 0.173 0.096 0.077 0.121 0.162 0.142 0.039 0.010 0.052 0.004 0.000 0.019 0.001 0.062 0.000 0.000 0.000 0.008 0.006 0.022 0.023 0.010 0.004 0.004 0.097 0.000 0.132 0.044 0.175 0.000 0.047 0.017 0.015 0.000 0.000 0.001 0.020 0.000 0.000 0.001 0.031 0.141 0.000 0.000 0.000 0.002 0.002 0.000 0.000 0.005 0.005 0.495 0.000 0.000 0.000 0.000 0.000 0.203 0.791 0.590 0.403 0.254 0.141 0.095 0.000 0.000 0.000 0.492 0.000 1.135 0.000 0.000 0.000 0.000
0.027 0.000 0.051 0.222 0.000 0.112 0.007 0.112 0.000 0.000 0.034 0.068 0.000 0.000 0.000 0.082 0.072 0.000 0.062 0.000 0.010 0.042 0.000 0.000 0.090 0.000 0.014 0.010 0.032 0.024 0.006 0.001 0.388 0.004 0.000 0.017 0.023 0.000 0.198 0.003 0.013 0.000 0.000 0.000 0.000 0.011 0.000 0.000 0.111 0.021 0.000 0.000 0.002 0.000 0.000 0.371 0.000 0.000 1.128 1.222 1.316 1.218 1.017 0.159 0.000 0.000 0.000 0.000 0.001 0.000 0.062 0.000 0.000 0.000 0.000 0.011 0.000
0.003 0.098 0.038 0.222 0.011 0.029 0.074 0.000 0.000 0.000 0.114 0.086 0.076 0.026 0.000 0.000 0.000 0.000 0.000 0.006 0.113 0.000 0.000 0.000 0.070 0.000 0.031 0.020 0.076 0.034 0.125 0.042 0.000 0.002 0.035 0.000 0.040 0.148 0.239 0.004 0.000 0.000 0.012 0.042 0.042 0.000 0.000 0.000 0.000 0.000 0.000 0.000 0.001 0.000 0.000 0.000 0.986 1.080 1.174 1.269 1.363 1.430 0.000 0.000 0.000 0.000 0.000 0.001 0.001 0.000 0.082 0.000 0.000 0.000 0.051 0.000 0.757
0.002 0.000 0.149 0.020 0.120 0.079 0.047 0.025 0.010 0.000 0.078 0.039 0.000 0.000 0.000 0.021 0.000 0.000 0.000 0.017 0.000 0.000 0.012 0.000 0.000 0.000 0.021 0.000 0.016 0.000 0.053 0.022 0.017 0.067 0.002 0.044 0.000 0.000 0.018 0.000 0.031 0.000 0.000 0.000 0.122 0.000 0.000 0.000 0.000 0.000 0.000 0.000 0.654 0.748 0.843 0.938 1.032 1.127 1.221 0.000 0.000 0.000 0.000 0.000 0.000 0.000 0.001 1.986 0.566 0.496 0.000 0.000 0.000 0.000 0.000 0.597 0.137
0.012 0.024 0.017 0.029 0.006 0.000 0.329 0.334 0.117 0.016 0.058 0.097 0.003 0.000 0.041 0.000 0.000 0.101 0.000 0.073 0.000 0.000 0.032 0.000 0.000 0.084 0.054 0.001 0.002 0.001 0.000 0.048 0.012 0.032 0.000 0.001 0.000 0.000 0.260 0.029 0.000 0.000 0.000 0.000 0.000 0.000 0.001 0.000 0.000 0.149 0.510 0.605 0.700 0.795 0.889 0.132 0.213 0.000 0.000 0.000 0.000 0.000 0.000 0.000 0.000 0.001 1.986 2.246 1.916 0.716 0.000 0.031 0.000 0.000 0.607 0.247 0.000
0.332 0.000 0.011 0.351 0.000 0.000 0.358 0.365 0.369 0.000 0.063 0.030 0.046 0.000 0.000 0.111 0.366 0.000 0.000 0.004 0.031 0.000 0.032 0.102 0.122 0.000 0.037 0.002 0.000 0.002 0.000 0.000 0.018 0.011 0.014 0.254 0.006 0.283 0.000 0.037 0.000 0.000 0.000 0.001 0.000 0.000 0.157 0.263 0.362 0.459 0.557 0.652 0.747 0.041 0.000 0.000 0.000 0.022 0.000 0.000 0.000 0.061 0.000 0.000 0.001 1.596 2.166 2.086 1.516 0.436 0.000 0.161 0.000 0.057 0.337 0.000 0.000
0.355 0.015 0.056 0.098 0.060 0.050 0.370 0.106 0.085 0.004 0.000 0.031 0.071 0.000 0.000 0.001 0.001 0.000 0.012 0.013 0.006 0.001 0.000 0.000 0.000 0.000 0.026 0.004 0.000 0.065 0.000 0.000 0.278 0.265 0.252 0.000 0.006 0.022 0.062 0.062 0.000 0.000 0.000 0.000 0.136 0.145 0.188 0.309 0.409 0.505 0.079 0.181 0.000 0.000 0.001 0.000 0.022 0.000 0.032 0.001 0.000 0.000 0.000 0.000 0.826 1.956 1.996 1.786 0.956 0.000 0.000 0.000 0.447 0.317 0.000 0.000 0.000
0.379 0.044 0.087 0.000 0.110 0.000 0.037 0.005 0.079 0.096 0.065 0.432 0.050 0.000 0.042 0.012 0.000 0.030 0.010 0.035 0.000 0.000 0.000 0.031 0.000 0.000 0.046 0.002 0.000 0.003 0.000 0.000 0.321 0.308 0.089 0.000 0.019 0.009 0.000 0.004 0.000 0.000 0.000 0.143 0.149 0.155 0.109 0.035 0.073 0.000 0.000 0.002 0.000 0.000 0.000 0.082 0.001 0.000 0.000 0.000 0.000 0.000 0.000 0.000 1.296 0.736 1.716 1.336 0.000 0.000 0.000 0.627 0.407 0.000 0.000 0.000 0.000
0.059 0.406 0.390 0.017 0.024 0.054 0.000 0.077 0.054 0.075 0.000 0.013 0.030 0.010 0.000 0.000 0.075 0.000 0.000 0.055 0.015 0.000 0.001 0.000 0.032 0.000 0.022 0.072 0.001 0.000 0.000 0.000 0.009 0.350 0.337 0.324 0.024 0.013 0.000 0.000 0.000 0.000 0.156 0.164 0.168 0.172 0.000 0.002 0.053 0.013 0.000 0.024 0.002 0.023 0.001 0.000 0.000 0.000 0.000 0.000 0.000 0.000 0.000 0.000 1.246 1.336 0.546 0.000 0.000 0.137 0.767 0.448 0.000 0.000 0.231 0.000 0.000
0.005 0.000 0.000 0.067 0.010 0.000 0.038 0.050 0.010 0.027 0.088 0.004 0.086 0.000 0.091 0.103 0.107 0.111 0.002 0.004 0.001 0.000 0.000 0.000 0.000 0.005 0.004 0.015 0.035 0.000 0.000 0.157 0.000 0.096 0.000 0.367 0.000 0.022 0.000 0.000 0.000 0.168 0.175 0.195 0.193 0.000 0.124 0.004 0.000 0.000 0.001 0.000 0.063 0.000 0.000 0.000 0.000 0.000 0.000 0.000 0.000 0.000 0.000 0.000 1.396 0.986 0.000 0.021 0.000 0.728 0.527 0.000 0.000 0.271 0.000 0.000 0.463
