includes/camargue/floodfiles/results/res-0006.wd
ncols         906
nrows         631
xllcorner     362177.146667
yllcorner     6534725.688020
cellsize      20.000000
NODATA_value  -9999.000000
[rows 510 to 543 of 631, columns 770 to 846 of 906]
12.810 13.014 13.218 13.423 13.627 13.831 14.035 14.239 14.443 14.646 14.842 14.774 14.705 14.637 14.569 14.500 14.438 14.398 14.357 14.317 14.277 14.237 14.197 14.156 14.132 14.111 14.091 14.070 14.050 14.029 14.009 13.989 13.968 13.948 13.927 13.907 13.886 13.922 13.997 14.072 14.148 14.223 14.298 14.373 14.449 14.524 14.599 14.675 14.750 14.825 14.876 14.873 14.869 14.866 14.863 14.859 14.856 14.852 14.849 14.847 14.846 14.845 14.844 14.842 14.841 14.844 14.852 14.860 14.867 14.875 14.867 14.859 14.850 14.840 14.831 14.822 14.812
12.794 12.998 13.202 13.405 13.609 13.813 14.017 14.221 14.425 14.629 14.784 14.715 14.647 14.579 14.510 14.442 14.374 14.305 14.264 14.224 14.184 14.144 14.104 14.063 14.043 14.022 14.003 13.982 13.962 13.941 13.921 13.900 13.880 13.860 13.844 13.845 13.846 13.912 13.989 14.064 14.140 14.215 14.290 14.366 14.441 14.516 14.592 14.667 14.742 14.817 14.854 14.850 14.847 14.843 14.840 14.837 14.833 14.830 14.827 14.823 14.820 14.819 14.818 14.817 14.816 14.818 14.825 14.833 14.841 14.834 14.825 14.815 14.806 14.797 14.787 14.778 14.770
12.777 12.981 13.185 13.389 13.593 13.797 14.000 14.204 14.408 14.612 14.726 14.658 14.590 14.521 14.453 14.385 14.316 14.248 14.179 14.132 14.092 14.052 14.012 13.975 13.955 13.934 13.914 13.893 13.873 13.852 13.832 13.811 13.812 13.813 13.814 13.815 13.820 13.899 13.978 14.056 14.131 14.206 14.282 14.358 14.433 14.508 14.584 14.659 14.734 14.810 14.831 14.828 14.824 14.821 14.818 14.814 14.811 14.807 14.804 14.801 14.797 14.794 14.792 14.791 14.790 14.791 14.799 14.806 14.800 14.791 14.782 14.772 14.763 14.754 14.744 14.735 14.726
12.760 12.964 13.168 13.372 13.576 13.780 13.984 14.188 14.392 14.596 14.669 14.601 14.532 14.464 14.395 14.327 14.259 14.190 14.122 14.054 14.000 13.960 13.920 13.887 13.867 13.846 13.826 13.805 13.785 13.780 13.781 13.782 13.783 13.783 13.784 13.785 13.808 13.887 13.966 14.045 14.123 14.198 14.274 14.349 14.424 14.500 14.575 14.650 14.725 14.801 14.808 14.804 14.801 14.797 14.794 14.792 14.788 14.785 14.782 14.778 14.775 14.772 14.768 14.765 14.764 14.765 14.772 14.767 14.758 14.748 14.739 14.730 14.720 14.711 14.702 14.692 14.683
12.744 12.947 13.151 13.355 13.559 13.763 13.967 14.171 14.375 14.579 14.612 14.543 14.475 14.406 14.338 14.270 14.201 14.133 14.065 13.996 13.928 13.868 13.828 13.799 13.778 13.758 13.748 13.749 13.750 13.751 13.752 13.752 13.753 13.754 13.755 13.756 13.796 13.875 13.954 14.033 14.112 14.191 14.266 14.341 14.416 14.492 14.567 14.642 14.718 14.788 14.785 14.782 14.778 14.775 14.772 14.768 14.765 14.761 14.758 14.755 14.751 14.749 14.746 14.742 14.739 14.738 14.734 14.724 14.715 14.706 14.696 14.687 14.678 14.668 14.659 14.650 14.640
12.727 12.931 13.135 13.339 13.543 13.747 13.951 14.155 14.359 14.563 14.554 14.486 14.417 14.349 14.281 14.212 14.144 14.075 14.007 13.939 13.870 13.802 13.736 13.717 13.717 13.718 13.719 13.720 13.721 13.721 13.722 13.723 13.724 13.725 13.725 13.726 13.784 13.863 13.942 14.021 14.100 14.179 14.258 14.333 14.409 14.484 14.559 14.635 14.710 14.766 14.763 14.759 14.756 14.752 14.749 14.746 14.742 14.739 14.736 14.732 14.729 14.726 14.722 14.719 14.708 14.700 14.693 14.683 14.674 14.664 14.654 14.644 14.635 14.626 14.616 14.607 14.598
12.731 12.914 13.118 13.322 13.526 13.730 13.934 14.138 14.342 14.546 14.497 14.428 14.360 14.292 14.223 14.155 14.086 14.018 13.950 13.881 13.813 13.757 13.703 13.688 13.688 13.689 13.690 13.690 13.691 13.692 13.693 13.694 13.694 13.695 13.696 13.697 13.772 13.851 13.930 14.009 14.088 14.167 14.246 14.325 14.401 14.476 14.551 14.627 14.702 14.743 14.740 14.737 14.733 14.730 14.727 14.723 14.720 14.716 14.713 14.710 14.706 14.696 14.684 14.673 14.662 14.658 14.655 14.645 14.636 14.626 14.616 14.606 14.596 14.586 14.577 14.567 14.558
12.774 12.941 13.108 13.305 13.509 13.713 13.917 14.121 14.325 14.507 14.438 14.370 14.301 14.233 14.165 14.096 14.028 13.960 13.895 13.842 13.789 13.735 13.689 13.675 13.661 13.658 13.659 13.660 13.661 13.661 13.662 13.663 13.664 13.665 13.665 13.681 13.760 13.839 13.918 13.997 14.076 14.155 14.234 14.313 14.392 14.468 14.544 14.619 14.694 14.721 14.718 14.714 14.711 14.707 14.704 14.701 14.697 14.694 14.683 14.672 14.661 14.650 14.639 14.628 14.617 14.616 14.614 14.608 14.598 14.588 14.579 14.569 14.559 14.549 14.539 14.529 14.519
12.818 12.985 13.152 13.319 13.492 13.696 13.900 14.104 14.308 14.449 14.381 14.312 14.244 14.176 14.107 14.039 13.982 13.929 13.875 13.822 13.768 13.715 13.676 13.662 13.648 13.634 13.630 13.630 13.631 13.632 13.633 13.634 13.634 13.635 13.636 13.668 13.747 13.826 13.905 13.984 14.063 14.142 14.221 14.300 14.379 14.458 14.535 14.610 14.685 14.697 14.694 14.691 14.687 14.685 14.681 14.670 14.659 14.648 14.637 14.626 14.615 14.604 14.593 14.582 14.575 14.574 14.572 14.571 14.561 14.551 14.541 14.531 14.522 14.512 14.502 14.492 14.482
12.861 13.028 13.195 13.362 13.529 13.696 13.884 14.088 14.292 14.392 14.323 14.255 14.187 14.122 14.068 14.015 13.962 13.908 13.855 13.801 13.748 13.695 13.664 13.650 13.636 13.622 13.608 13.601 13.602 13.603 13.603 13.604 13.605 13.606 13.607 13.656 13.735 13.814 13.893 13.972 14.051 14.130 14.209 14.288 14.367 14.446 14.525 14.602 14.678 14.675 14.672 14.667 14.656 14.645 14.634 14.623 14.612 14.601 14.590 14.579 14.569 14.558 14.547 14.536 14.533 14.532 14.530 14.529 14.524 14.514 14.504 14.494 14.484 14.474 14.465 14.455 14.445
12.904 13.072 13.239 13.406 13.573 13.740 13.907 14.074 14.275 14.334 14.266 14.208 14.155 14.102 14.048 13.995 13.941 13.888 13.834 13.781 13.728 13.674 13.651 13.637 13.623 13.609 13.595 13.581 13.572 13.573 13.574 13.575 13.576 13.576 13.577 13.644 13.723 13.802 13.881 13.960 14.039 14.118 14.197 14.276 14.355 14.433 14.512 14.591 14.655 14.644 14.633 14.622 14.611 14.599 14.588 14.577 14.566 14.555 14.544 14.533 14.522 14.511 14.500 14.491 14.490 14.488 14.487 14.486 14.485 14.477 14.467 14.457 14.447 14.437 14.427 14.417 14.408
12.948 13.115 13.282 13.449 13.616 13.784 13.951 14.118 14.283 14.295 14.241 14.188 14.135 14.081 14.028 13.974 13.921 13.868 13.814 13.761 13.707 13.654 13.638 13.624 13.611 13.597 13.583 13.569 13.555 13.544 13.544 13.545 13.546 13.547 13.553 13.632 13.711 13.790 13.869 13.948 14.027 14.106 14.185 14.263 14.342 14.422 14.504 14.586 14.618 14.598 14.587 14.576 14.565 14.554 14.543 14.532 14.521 14.509 14.498 14.487 14.476 14.465 14.454 14.449 14.448 14.446 14.445 14.443 14.442 14.438 14.429 14.419 14.409 14.400 14.390 14.380 14.370
12.991 13.158 13.325 13.493 13.660 13.827 13.993 14.105 14.190 14.217 14.220 14.167 14.113 14.060 14.006 13.953 13.900 13.846 13.793 13.739 13.686 13.639 13.625 13.611 13.597 13.583 13.569 13.555 13.541 13.528 13.515 13.516 13.517 13.517 13.541 13.620 13.699 13.778 13.857 13.936 14.015 14.093 14.174 14.255 14.337 14.419 14.501 14.583 14.584 14.560 14.541 14.530 14.519 14.508 14.497 14.486 14.475 14.464 14.453 14.442 14.431 14.419 14.409 14.407 14.406 14.404 14.402 14.401 14.399 14.398 14.391 14.381 14.372 14.362 14.352 14.342 14.332
13.035 13.202 13.368 13.536 13.703 13.842 13.927 14.013 14.099 14.117 14.125 14.133 14.093 14.040 13.986 13.933 13.879 13.826 13.773 13.719 13.666 13.626 13.612 13.598 13.584 13.570 13.557 13.543 13.529 13.515 13.501 13.487 13.486 13.487 13.528 13.607 13.686 13.765 13.843 13.924 14.006 14.088 14.170 14.252 14.334 14.416 14.497 14.573 14.549 14.525 14.503 14.484 14.473 14.462 14.451 14.440 14.429 14.418 14.407 14.396 14.385 14.374 14.366 14.365 14.363 14.362 14.360 14.359 14.357 14.356 14.354 14.344 14.334 14.324 14.315 14.305 14.295
13.078 13.245 13.412 13.579 13.664 13.750 13.836 13.921 14.007 14.018 14.026 14.034 14.042 14.019 13.966 13.912 13.859 13.806 13.752 13.699 13.645 13.614 13.600 13.586 13.572 13.558 13.544 13.530 13.516 13.502 13.488 13.474 13.461 13.457 13.516 13.595 13.675 13.757 13.839 13.921 14.003 14.085 14.167 14.249 14.331 14.413 14.495 14.539 14.515 14.491 14.468 14.444 14.426 14.415 14.404 14.393 14.382 14.371 14.360 14.349 14.339 14.328 14.324 14.323 14.321 14.320 14.318 14.317 14.315 14.314 14.312 14.307 14.297 14.287 14.277 14.267 14.258
13.121 13.289 13.401 13.487 13.572 13.658 13.744 13.829 13.911 13.919 13.927 13.935 13.943 13.951 13.946 13.892 13.839 13.785 13.732 13.678 13.625 13.601 13.587 13.573 13.559 13.545 13.531 13.517 13.504 13.490 13.476 13.462 13.448 13.446 13.509 13.591 13.672 13.754 13.836 13.918 14.000 14.082 14.164 14.246 14.328 14.410 14.492 14.505 14.481 14.457 14.434 14.410 14.386 14.369 14.358 14.347 14.336 14.325 14.314 14.303 14.292 14.282 14.281 14.279 14.278 14.276 14.276 14.274 14.273 14.271 14.270 14.268 14.260 14.250 14.240 14.230 14.220
13.138 13.224 13.309 13.395 13.481 13.566 13.652 13.738 13.812 13.820 13.828 13.836 13.844 13.852 13.860 13.868 13.818 13.765 13.712 13.658 13.605 13.588 13.574 13.561 13.547 13.533 13.519 13.505 13.491 13.477 13.474 13.477 13.480 13.491 13.524 13.588 13.670 13.752 13.834 13.915 13.997 14.079 14.161 14.243 14.325 14.407 14.489 14.471 14.447 14.423 14.400 14.376 14.352 14.328 14.312 14.301 14.290 14.279 14.268 14.257 14.246 14.240 14.239 14.237 14.236 14.234 14.233 14.231 14.230 14.228 14.227 14.226 14.223 14.213 14.203 14.193 14.183
13.046 13.132 13.217 13.303 13.389 13.475 13.560 13.646 13.712 13.719 13.727 13.735 13.743 13.751 13.759 13.767 13.775 13.744 13.690 13.637 13.589 13.575 13.561 13.547 13.533 13.519 13.505 13.501 13.505 13.509 13.512 13.515 13.518 13.537 13.570 13.604 13.667 13.749 13.831 13.913 13.995 14.077 14.158 14.240 14.322 14.404 14.461 14.437 14.413 14.389 14.366 14.342 14.318 14.294 14.271 14.255 14.244 14.233 14.222 14.211 14.200 14.198 14.197 14.195 14.194 14.192 14.191 14.189 14.187 14.186 14.184 14.183 14.181 14.174 14.165 14.155 14.170
12.954 13.040 13.125 13.211 13.297 13.382 13.467 13.553 13.612 13.620 13.628 13.636 13.644 13.652 13.660 13.668 13.676 13.684 13.670 13.616 13.576 13.562 13.548 13.534 13.530 13.533 13.536 13.539 13.542 13.546 13.549 13.552 13.555 13.582 13.615 13.649 13.682 13.745 13.827 13.909 13.991 14.073 14.155 14.237 14.319 14.400 14.426 14.402 14.378 14.354 14.332 14.308 14.284 14.260 14.237 14.213 14.199 14.188 14.177 14.165 14.157 14.156 14.154 14.153 14.151 14.150 14.148 14.147 14.145 14.144 14.142 14.141 14.139 14.137 14.127 14.117 14.183
12.862 12.948 13.033 13.119 13.205 13.290 13.376 13.461 13.513 13.521 13.529 13.537 13.545 13.553 13.561 13.569 13.577 13.585 13.593 13.596 13.563 13.558 13.561 13.564 13.568 13.571 13.574 13.577 13.580 13.583 13.587 13.590 13.594 13.628 13.661 13.695 13.728 13.762 13.824 13.906 13.988 14.070 14.152 14.234 14.316 14.398 14.392 14.368 14.344 14.321 14.297 14.273 14.249 14.225 14.202 14.178 14.154 14.142 14.131 14.120 14.115 14.114 14.112 14.111 14.109 14.108 14.106 14.105 14.103 14.102 14.100 14.099 14.097 14.096 14.090 14.127 14.196
12.770 12.856 12.941 13.027 13.113 13.198 13.284 13.369 13.414 13.422 13.430 13.438 13.446 13.454 13.462 13.470 13.478 13.486 13.499 13.533 13.589 13.596 13.599 13.602 13.605 13.609 13.612 13.615 13.618 13.621 13.625 13.628 13.640 13.674 13.707 13.741 13.774 13.808 13.842 13.903 13.985 14.067 14.149 14.231 14.313 14.382 14.358 14.334 14.310 14.287 14.263 14.239 14.215 14.191 14.168 14.144 14.120 14.096 14.084 14.074 14.072 14.071 14.069 14.067 14.066 14.064 14.064 14.062 14.061 14.059 14.058 14.056 14.066 14.081 14.105 14.170 14.236
12.694 12.770 12.849 12.935 13.021 13.106 13.192 13.277 13.314 13.322 13.330 13.338 13.346 13.354 13.362 13.370 13.399 13.432 13.466 13.499 13.562 13.626 13.637 13.640 13.643 13.646 13.650 13.653 13.656 13.659 13.662 13.666 13.686 13.720 13.753 13.787 13.820 13.854 13.888 13.921 13.982 14.064 14.146 14.228 14.310 14.348 14.324 14.300 14.276 14.253 14.229 14.205 14.181 14.157 14.134 14.110 14.086 14.062 14.038 14.031 14.030 14.028 14.027 14.042 14.056 14.071 14.085 14.100 14.114 14.129 14.144 14.158 14.174 14.188 14.236 14.300 14.366
12.617 12.694 12.770 12.847 12.929 13.014 13.100 13.185 13.215 13.223 13.231 13.239 13.247 13.264 13.298 13.331 13.364 13.398 13.431 13.472 13.535 13.599 13.663 13.677 13.680 13.683 13.687 13.690 13.693 13.697 13.700 13.703 13.732 13.766 13.799 13.833 13.866 13.900 13.934 13.967 14.001 14.061 14.143 14.225 14.307 14.314 14.290 14.266 14.242 14.219 14.195 14.171 14.147 14.123 14.100 14.076 14.055 14.050 14.045 14.091 14.105 14.120 14.134 14.149 14.164 14.178 14.193 14.207 14.222 14.236 14.251 14.265 14.280 14.303 14.367 14.430 14.495
12.541 12.617 12.694 12.770 12.847 12.923 13.008 13.093 13.115 13.123 13.131 13.163 13.197 13.230 13.264 13.297 13.331 13.364 13.397 13.445 13.509 13.573 13.636 13.700 13.718 13.721 13.724 13.728 13.731 13.734 13.737 13.744 13.777 13.811 13.844 13.878 13.911 13.945 13.979 14.012 14.046 14.079 14.140 14.221 14.303 14.279 14.255 14.231 14.207 14.185 14.161 14.137 14.120 14.115 14.109 14.104 14.099 14.093 14.103 14.169 14.213 14.227 14.242 14.256 14.271 14.285 14.300 14.315 14.329 14.344 14.358 14.373 14.387 14.435 14.498 14.562 14.626
12.465 12.541 12.617 12.694 12.770 12.847 12.923 13.001 13.029 13.063 13.096 13.130 13.163 13.197 13.230 13.264 13.297 13.330 13.364 13.419 13.483 13.546 13.610 13.674 13.738 13.759 13.762 13.765 13.769 13.772 13.775 13.790 13.823 13.857 13.890 13.924 13.958 13.991 14.025 14.058 14.092 14.125 14.159 14.219 14.269 14.245 14.221 14.197 14.184 14.179 14.173 14.168 14.163 14.157 14.152 14.146 14.141 14.136 14.173 14.239 14.304 14.334 14.349 14.364 14.378 14.393 14.407 14.422 14.436 14.451 14.465 14.480 14.503 14.567 14.630 14.693 14.757
12.388 12.465 12.541 12.617 12.694 12.770 12.846 12.922 12.996 13.029 13.063 13.096 13.130 13.163 13.196 13.230 13.263 13.297 13.330 13.393 13.457 13.520 13.584 13.648 13.711 13.775 13.800 13.803 13.807 13.810 13.813 13.836 13.869 13.903 13.936 13.970 14.004 14.037 14.071 14.104 14.138 14.171 14.205 14.238 14.249 14.243 14.238 14.233 14.227 14.222 14.217 14.211 14.206 14.201 14.195 14.190 14.184 14.179 14.242 14.307 14.373 14.439 14.455 14.470 14.484 14.500 14.515 14.529 14.544 14.558 14.573 14.587 14.635 14.698 14.761 14.825 14.888
12.312 12.388 12.465 12.541 12.617 12.693 12.769 12.844 12.918 12.992 13.029 13.062 13.096 13.129 13.163 13.196 13.230 13.263 13.303 13.367 13.430 13.494 13.558 13.621 13.685 13.749 13.813 13.841 13.844 13.848 13.851 13.882 13.915 13.949 13.982 14.016 14.050 14.083 14.117 14.150 14.175 14.191 14.206 14.222 14.273 14.287 14.281 14.276 14.271 14.265 14.260 14.255 14.249 14.244 14.239 14.233 14.228 14.246 14.312 14.377 14.443 14.508 14.563 14.577 14.592 14.606 14.621 14.635 14.650 14.664 14.679 14.702 14.766 14.830 14.893 14.956 15.020
12.235 12.312 12.388 12.464 12.539 12.615 12.691 12.766 12.840 12.914 12.988 13.029 13.062 13.096 13.129 13.162 13.196 13.229 13.276 13.340 13.403 13.467 13.531 13.594 13.658 13.722 13.785 13.849 13.881 13.884 13.893 13.927 13.960 13.994 14.027 14.061 14.092 14.107 14.124 14.139 14.155 14.170 14.186 14.211 14.265 14.318 14.325 14.319 14.314 14.309 14.303 14.298 14.293 14.287 14.282 14.277 14.271 14.316 14.381 14.447 14.513 14.578 14.644 14.684 14.699 14.714 14.728 14.743 14.757 14.772 14.786 14.833 14.897 14.960 15.023 15.087 15.150
12.158 12.234 12.310 12.386 12.462 12.538 12.614 12.688 12.762 12.836 12.910 12.984 13.028 13.062 13.095 13.129 13.162 13.196 13.250 13.313 13.377 13.441 13.504 13.568 13.632 13.695 13.759 13.823 13.886 13.922 13.939 13.973 14.006 14.024 14.040 14.055 14.071 14.087 14.102 14.118 14.133 14.149 14.164 14.202 14.256 14.309 14.362 14.362 14.356 14.351 14.346 14.341 14.336 14.331 14.325 14.320 14.320 14.386 14.451 14.517 14.582 14.648 14.713 14.779 14.806 14.821 14.835 14.850 14.865 14.879 14.901 14.965 15.028 15.092 15.155 15.218 15.282
12.081 12.156 12.232 12.308 12.384 12.460 12.536 12.610 12.684 12.758 12.832 12.905 12.979 13.028 13.062 13.095 13.128 13.162 13.223 13.287 13.351 13.414 13.478 13.542 13.606 13.669 13.733 13.797 13.860 13.920 13.957 13.973 13.988 14.004 14.019 14.035 14.050 14.066 14.081 14.097 14.112 14.128 14.143 14.194 14.248 14.301 14.354 14.405 14.400 14.394 14.389 14.384 14.378 14.373 14.368 14.362 14.389 14.454 14.520 14.587 14.652 14.718 14.783 14.849 14.914 14.928 14.943 14.957 14.972 14.986 15.033 15.096 15.160 15.223 15.286 15.350 15.413
12.003 12.079 12.155 12.231 12.307 12.382 12.458 12.532 12.606 12.680 12.754 12.827 12.901 12.975 13.028 13.061 13.095 13.133 13.197 13.261 13.324 13.388 13.452 13.516 13.579 13.643 13.698 13.754 13.809 13.864 13.918 13.952 13.968 13.983 13.999 14.014 14.030 14.045 14.061 14.076 14.092 14.107 14.133 14.186 14.240 14.293 14.346 14.399 14.443 14.438 14.432 14.427 14.422 14.416 14.411 14.406 14.459 14.524 14.590 14.655 14.721 14.787 14.852 14.918 14.984 15.035 15.050 15.065 15.079 15.101 15.164 15.228 15.291 15.355 15.418 15.481 15.545
11.925 12.001 12.077 12.153 12.229 12.305 12.380 12.453 12.527 12.601 12.675 12.749 12.823 12.897 12.971 13.028 13.061 13.107 13.171 13.234 13.298 13.362 13.422 13.477 13.532 13.587 13.643 13.698 13.753 13.808 13.862 13.916 13.947 13.962 13.978 13.994 14.009 14.025 14.040 14.056 14.071 14.087 14.125 14.178 14.232 14.285 14.338 14.391 14.445 14.481 14.476 14.470 14.465 14.460 14.454 14.463 14.528 14.594 14.660 14.725 14.791 14.856 14.922 14.987 15.053 15.119 15.156 15.171 15.185 15.232 15.295 15.359 15.423 15.486 15.549 15.613 15.676
11.905 11.924 11.999 12.075 12.151 12.227 12.301 12.375 12.449 12.523 12.597 12.671 12.745 12.819 12.893 12.967 13.027 13.080 13.144 13.200 13.255 13.310 13.365 13.420 13.476 13.531 13.586 13.642 13.697 13.751 13.805 13.859 13.912 13.941 13.956 13.972 13.988 14.004 14.018 14.034 14.049 14.066 14.117 14.170 14.224 14.277 14.330 14.383 14.437 14.490 14.519 14.514 14.508 14.503 14.498 14.533 14.598 14.664 14.729 14.795 14.861 14.926 14.992 15.057 15.123 15.188 15.254 15.278 15.300 15.363 15.427 15.490 15.553 15.617 15.680 15.743 15.808
11.888 11.896 11.922 11.998 12.074 12.149 12.223 12.297 12.371 12.445 12.519 12.593 12.667 12.741 12.815 12.889 12.962 13.033 13.089 13.144 13.199 13.254 13.310 13.365 13.420 13.475 13.531 13.586 13.641 13.695 13.749 13.803 13.856 13.910 13.936 13.951 13.967 13.982 13.998 14.013 14.029 14.055 14.108 14.161 14.214 14.268 14.321 14.374 14.428 14.481 14.534 14.557 14.552 14.546 14.541 14.602 14.668 14.734 14.799 14.865 14.930 14.996 15.062 15.127 15.193 15.258 15.324 15.385 15.431 15.495 15.558 15.621 15.685 15.748 15.811 15.875 15.938
