includes/camargue/floodfiles/results/res-0004.wd
ncols         906
nrows         631
xllcorner     362177.146667
yllcorner     6534725.688020
cellsize      20.000000
NODATA_value  -9999.000000
[rows 340 to 373 of 631, columns 693 to 769 of 906]
2.304 2.204 1.274 1.585 1.395 1.215 0.845 0.395 0.466 0.616 0.406 0.197 0.307 0.032 1.471 0.662 0.852 0.913 0.814 0.954 1.355 1.115 0.935 0.426 0.886 2.096 2.287 2.267 2.227 2.088 2.098 2.118 0.689 0.719 0.720 0.860 0.731 1.281 1.971 2.021 1.072 0.862 1.803 1.653 0.893 0.873 1.124 0.814 1.084 1.705 1.425 1.655 1.995 1.816 1.526 1.266 1.777 1.627 1.797 1.828 1.848 1.578 1.898 1.939 2.039 1.909 1.859 2.020 2.090 1.950 1.930 1.760 0.930 0.590 1.899 1.969 1.920
2.374 1.204 1.494 1.514 1.474 1.825 1.595 1.125 1.405 1.306 1.486 0.456 0.727 0.539 3.810 0.411 0.782 0.773 0.833 0.984 0.834 0.914 0.855 2.125 2.226 2.106 1.947 2.157 2.177 2.137 2.268 2.278 0.978 0.789 0.559 0.780 0.410 0.581 0.721 1.271 0.942 1.032 0.733 0.953 0.783 0.913 1.004 1.184 1.664 1.055 0.955 1.065 1.235 1.296 1.746 1.916 1.887 1.417 1.697 1.817 1.928 1.818 2.108 1.758 1.969 1.809 1.979 1.859 1.870 1.940 1.990 1.860 0.920 0.510 1.649 1.949 1.759
1.454 1.604 1.594 1.544 1.534 1.684 1.295 1.465 1.395 1.565 1.646 0.636 0.527 1.189 1.000 0.941 0.632 0.982 0.903 0.883 0.954 1.234 0.805 0.715 0.795 0.656 1.296 0.767 0.627 0.957 0.637 0.568 0.878 0.919 0.829 0.429 0.840 0.450 0.661 0.591 0.531 0.972 1.122 1.093 0.903 0.923 1.194 1.024 1.024 1.385 1.685 1.805 1.695 1.706 1.796 1.916 1.847 2.077 1.667 1.887 1.728 1.858 1.358 1.858 1.739 1.849 1.839 1.859 2.019 1.940 1.810 1.610 1.900 1.470 2.100 0.689 2.229
2.273 1.664 1.494 1.514 1.624 2.294 1.385 1.295 1.455 1.605 2.006 1.046 0.377 2.708 0.389 1.161 1.802 1.662 1.473 1.243 1.514 1.524 1.234 1.045 1.015 0.936 0.936 1.156 1.377 0.997 1.127 1.078 1.368 1.238 1.269 1.449 1.299 1.250 1.270 0.721 1.061 1.132 1.482 1.872 1.553 1.513 1.133 0.924 1.344 1.854 1.685 1.865 1.815 1.776 1.966 1.906 1.796 1.667 1.687 1.737 2.037 1.848 1.758 1.468 1.668 1.859 1.869 1.829 1.809 1.860 1.570 1.940 1.990 1.050 2.060 0.580 2.149
1.613 0.223 1.584 1.474 1.564 1.554 1.435 1.575 1.615 1.595 1.936 1.086 1.417 2.458 1.359 0.042 1.822 1.832 1.973 1.943 2.044 2.054 2.104 2.105 1.855 1.915 1.676 2.106 2.056 1.947 1.967 2.067 1.958 2.068 1.958 2.029 1.959 1.680 2.000 1.550 1.551 1.381 1.812 1.742 1.822 1.913 1.983 1.973 1.284 1.944 1.994 1.835 1.925 1.815 2.096 1.956 1.926 1.797 1.247 1.777 1.817 1.918 1.798 1.538 2.018 1.849 1.949 2.129 1.509 1.300 1.660 1.870 1.720 1.710 0.780 1.800 1.840
1.703 0.983 0.004 2.874 2.264 0.045 1.455 1.425 1.485 1.755 1.486 0.366 3.667 0.278 1.380 1.761 1.872 1.942 1.943 2.033 2.213 2.144 2.104 2.215 2.195 2.165 1.756 2.186 1.966 2.037 2.027 2.157 2.138 2.118 2.138 2.189 1.949 2.509 2.100 1.930 1.911 2.051 1.841 1.872 2.052 2.093 2.003 2.003 1.344 1.884 1.944 1.965 1.915 1.795 2.205 1.936 1.946 1.836 1.287 1.747 1.797 1.917 1.788 1.638 1.408 1.679 1.749 1.699 1.859 1.890 1.460 1.920 1.850 0.720 1.890 1.510 1.570
1.593 1.663 1.563 1.614 1.594 1.264 0.016 2.965 2.695 0.186 0.366 0.517 1.217 2.938 0.470 1.972 2.042 1.972 2.013 1.963 2.364 2.164 2.194 2.114 2.095 2.065 1.946 2.026 1.996 2.027 2.087 2.077 2.168 2.268 2.188 2.539 2.189 2.469 2.050 2.090 1.880 2.231 2.101 1.982 2.232 1.982 1.943 1.963 1.473 1.984 1.894 1.904 1.925 1.835 2.055 1.966 2.156 1.936 2.257 1.737 1.957 1.677 1.878 1.738 1.728 1.638 1.779 1.699 1.879 1.989 1.940 1.700 0.800 0.840 1.970 1.540 1.640
1.583 1.723 1.563 1.564 1.674 2.665 2.715 2.625 1.525 1.326 0.416 2.366 0.577 0.978 0.310 1.772 2.012 2.023 1.963 1.943 2.494 2.124 2.104 2.044 1.585 1.795 1.656 2.136 2.006 2.127 2.077 2.117 2.177 2.128 2.218 2.498 2.059 2.199 2.110 2.270 2.010 1.981 2.001 1.931 2.022 1.872 1.952 1.993 1.543 1.953 1.804 1.914 1.984 1.995 1.925 1.995 2.046 1.996 1.866 1.787 1.867 1.867 1.837 1.878 1.888 1.728 1.889 1.859 1.889 1.939 1.810 2.080 1.840 2.170 1.850 1.730 1.810
1.643 1.553 1.613 1.664 2.644 2.285 2.305 1.675 1.836 1.436 1.467 3.317 0.768 0.698 0.260 1.942 1.992 2.043 1.893 1.963 2.454 1.874 2.014 2.074 1.975 1.785 1.655 2.056 2.026 2.086 2.137 2.087 2.237 2.158 2.178 2.418 1.949 2.179 1.989 2.160 1.910 1.940 1.861 1.951 2.041 2.002 1.922 2.022 1.433 2.003 1.984 1.994 2.024 2.044 1.965 2.005 2.025 2.176 1.856 1.236 1.807 1.957 1.757 1.928 1.808 1.588 2.008 1.789 1.879 1.949 2.159 0.630 0.750 2.160 1.760 1.810 1.900
1.553 1.633 1.534 1.834 1.404 1.485 1.535 1.825 1.556 2.706 1.697 3.027 0.858 1.719 0.871 1.982 1.903 1.933 1.873 1.873 2.644 2.024 2.064 2.014 1.925 1.905 1.785 1.946 2.126 2.126 2.087 2.107 2.177 2.148 2.038 2.058 2.009 2.109 1.959 2.000 1.830 1.830 1.881 1.861 2.001 2.002 1.922 1.992 1.563 2.033 1.973 1.974 2.094 2.364 1.815 1.985 1.915 2.016 2.026 1.766 1.787 1.857 1.937 1.868 1.788 1.648 1.808 1.839 1.989 0.959 2.329 0.780 2.290 2.250 1.760 1.830 1.840
1.643 1.653 1.654 1.794 1.705 1.875 2.405 2.115 1.516 1.016 1.147 1.768 1.598 0.949 0.341 1.863 1.973 1.933 2.103 1.914 2.794 2.014 2.164 1.974 1.685 1.565 1.895 1.956 2.166 2.066 2.087 2.027 2.177 2.017 2.008 2.038 2.068 1.899 1.919 2.030 1.890 1.950 1.830 1.891 1.951 2.041 1.842 1.872 1.652 2.153 2.023 2.033 2.094 2.304 1.874 1.965 1.915 2.015 2.106 1.886 1.966 1.737 1.897 1.937 2.018 1.928 1.858 2.198 0.969 2.179 1.829 2.150 2.310 1.950 1.840 1.890 1.780
1.573 1.364 1.724 1.654 2.405 2.275 2.635 2.046 1.666 1.007 0.747 2.558 0.779 0.480 0.451 0.923 1.953 1.973 1.913 1.874 2.604 1.974 1.934 2.014 1.705 1.975 2.055 2.146 2.136 2.176 2.087 1.947 2.087 1.997 1.938 1.868 2.028 2.009 1.829 1.889 2.040 1.830 1.920 1.991 1.851 2.221 2.092 1.862 1.662 1.943 2.053 2.093 2.074 2.154 1.854 1.905 1.895 2.015 2.036 1.986 1.656 1.997 2.007 2.087 1.918 1.888 0.738 2.148 0.559 2.029 1.749 1.720 1.600 1.800 1.640 1.690 1.670
1.264 1.394 1.364 1.455 1.535 1.455 1.735 2.016 1.406 1.217 0.488 3.619 0.539 0.450 1.140 0.002 1.543 1.943 1.934 1.964 2.304 1.934 2.024 1.685 1.555 1.775 2.335 2.226 2.526 1.936 2.097 1.987 2.047 1.977 1.918 1.648 1.988 1.879 1.829 1.899 1.930 1.850 1.880 1.990 2.261 1.951 1.901 1.982 1.602 2.102 2.033 1.993 2.003 1.864 1.944 1.924 1.965 2.115 2.185 2.076 1.476 1.736 2.097 1.917 2.137 1.798 0.778 0.258 2.119 2.099 1.619 1.189 1.390 1.170 1.640 1.880 1.580
2.664 1.474 1.445 1.485 1.825 1.615 2.186 1.496 2.326 1.257 0.318 3.249 0.980 0.370 2.401 1.111 0.000 1.924 1.924 1.984 2.034 1.934 1.644 1.835 1.695 2.145 2.555 2.186 2.546 1.926 2.007 2.087 2.077 1.957 1.998 1.788 2.068 1.859 1.849 1.859 2.109 1.780 1.910 2.320 1.861 1.951 2.031 2.032 1.832 2.012 1.963 2.013 2.033 1.984 1.934 2.014 1.905 1.995 2.035 2.026 1.866 1.836 1.827 1.957 1.947 1.757 0.838 0.528 2.159 2.209 1.379 1.359 1.730 1.370 1.790 1.790 1.740
1.345 0.865 0.995 2.475 2.366 2.126 1.746 1.496 0.427 0.867 0.349 3.600 0.810 0.471 2.391 2.371 1.142 0.000 1.904 1.974 1.954 2.104 1.594 1.815 1.915 2.115 2.685 2.326 2.446 2.106 2.027 2.047 2.037 1.977 2.048 1.788 1.938 1.918 1.769 1.869 2.009 1.780 1.730 2.030 1.821 1.891 2.111 2.101 1.912 1.972 2.122 2.073 2.013 1.903 2.024 2.084 1.924 2.055 2.055 2.025 1.866 1.906 2.056 1.977 1.957 1.927 0.678 0.818 1.989 1.919 1.279 1.599 1.710 1.780 1.940 1.840 1.780
1.455 1.476 1.486 1.456 1.546 1.536 1.446 1.537 1.287 0.518 0.369 2.482 0.901 2.571 2.051 2.182 2.332 1.302 0.000 1.614 1.964 1.994 1.754 1.755 1.965 2.005 2.296 2.276 2.266 2.066 2.007 2.137 2.017 1.987 2.068 1.728 1.938 1.998 1.979 1.769 1.979 2.339 1.500 1.870 1.980 1.961 2.051 1.961 1.852 2.082 2.022 2.013 2.103 1.963 1.984 2.164 2.314 2.095 2.115 2.145 1.936 1.716 1.946 1.867 1.917 1.847 0.998 1.938 2.139 1.609 1.889 1.719 1.949 1.970 1.870 1.800 1.670
0.496 1.316 1.336 1.496 1.456 1.447 1.377 1.397 1.337 0.479 0.510 2.497 3.281 2.511 2.351 1.832 2.062 2.292 1.543 0.364 1.844 1.914 1.914 1.865 2.015 2.155 2.216 2.176 2.196 2.206 2.167 2.077 2.037 1.987 1.998 1.678 1.968 2.058 1.959 2.009 2.109 1.899 1.680 1.950 2.010 1.971 1.971 1.961 1.932 2.032 2.052 2.053 2.153 1.983 1.933 2.084 2.234 2.104 2.005 2.075 2.055 1.356 2.016 1.886 1.867 0.787 1.998 0.538 1.839 1.989 1.929 1.769 1.989 1.419 1.120 1.770 1.600
1.296 1.446 1.397 1.507 1.507 1.417 1.437 1.567 1.478 0.189 2.519 1.171 0.751 2.521 2.022 2.362 2.432 1.853 2.123 1.533 1.514 1.764 1.914 1.815 1.685 2.095 2.226 2.066 2.116 2.156 2.137 2.057 1.997 2.107 2.118 1.878 2.138 2.088 1.999 1.739 1.939 1.909 1.820 2.030 2.100 2.030 1.951 1.871 2.031 2.032 2.222 2.212 2.123 1.993 1.933 2.464 2.174 2.064 2.025 2.005 2.095 1.366 1.886 1.026 0.847 1.367 0.578 2.039 1.519 1.929 1.859 1.869 1.909 1.859 1.290 1.810 0.351
1.417 1.007 1.357 1.497 1.627 1.587 1.528 1.598 1.098 0.920 2.534 1.221 0.321 2.552 2.392 2.172 2.122 2.213 1.833 2.143 1.874 2.294 2.484 2.245 1.965 2.295 2.196 2.096 2.166 2.186 2.187 2.047 2.087 2.137 2.208 1.928 1.988 2.098 1.948 2.059 1.989 1.979 1.939 2.000 2.070 1.960 1.921 1.991 2.071 2.042 2.372 2.042 2.093 2.073 1.973 2.113 2.204 2.284 2.084 2.035 2.055 1.955 1.206 0.716 1.347 0.628 2.079 2.179 1.789 2.029 1.859 1.789 1.839 1.889 1.719 0.460 0.095
1.517 1.507 1.298 1.128 1.058 1.078 1.048 1.008 0.021 3.790 1.561 1.111 0.301 2.322 1.942 2.272 2.093 2.133 2.323 2.003 2.204 1.794 1.474 1.885 1.595 2.295 2.186 2.056 2.156 2.137 2.237 2.127 2.077 2.147 2.148 1.988 2.018 2.168 2.278 2.099 1.989 2.009 1.869 2.100 2.150 2.050 1.920 2.141 2.081 2.141 2.202 2.092 2.002 2.063 2.023 2.063 2.074 2.154 2.214 2.085 2.145 1.985 1.865 0.416 0.327 1.999 2.009 2.109 1.949 1.919 1.749 1.759 1.769 1.229 0.819 0.220 0.064
1.168 1.338 1.338 1.388 1.248 1.278 1.458 1.509 0.820 2.571 0.931 1.111 2.102 2.472 1.582 2.082 2.293 1.903 2.023 2.334 1.804 1.664 0.714 0.325 2.085 2.176 2.176 2.156 2.126 2.187 2.267 2.157 2.147 2.257 2.188 2.058 2.048 1.988 1.748 1.989 2.029 2.029 1.929 2.000 2.080 2.100 1.990 2.031 2.151 2.111 2.272 2.212 2.102 2.093 1.983 1.983 2.084 2.004 2.324 2.004 1.995 1.995 1.385 0.247 0.578 1.169 2.249 2.049 1.349 1.889 1.789 2.149 1.949 1.609 0.499 0.017 0.000
1.708 1.448 1.538 1.428 1.328 1.439 1.599 0.004 2.594 0.891 0.891 0.842 2.662 2.192 1.702 1.753 2.003 2.073 1.673 2.064 2.374 0.544 2.165 1.185 0.386 2.386 2.096 2.046 2.146 2.097 2.267 2.197 2.227 2.177 2.228 2.068 2.018 2.078 1.798 2.079 1.949 2.069 1.919 2.039 2.060 2.130 2.010 2.081 2.061 2.061 2.071 2.192 2.032 2.122 2.053 1.903 2.083 1.994 2.254 1.984 1.985 2.025 0.326 1.168 1.298 1.169 2.269 1.169 0.949 1.839 1.819 2.109 1.499 0.489 0.002 0.000 0.291
1.739 1.609 1.619 1.469 1.369 1.309 1.529 0.301 2.610 1.491 1.021 0.672 2.482 2.122 2.023 2.043 1.653 1.933 2.194 1.644 2.214 0.000 2.586 2.466 1.906 0.616 1.436 1.836 2.157 2.217 2.277 2.317 2.297 2.157 2.048 2.108 2.038 1.828 1.758 2.219 1.969 2.099 2.029 2.149 2.100 2.160 2.220 2.190 2.021 2.141 2.181 2.112 2.122 2.142 2.293 2.033 2.073 1.934 2.044 2.074 2.025 0.415 0.837 1.548 1.888 1.369 1.729 1.679 1.269 1.839 1.209 0.959 0.479 0.000 0.293 0.293 0.292
1.579 1.689 1.329 1.309 1.489 1.129 0.011 2.637 0.741 1.071 1.182 1.132 1.822 2.072 2.293 1.903 1.743 1.824 1.734 2.284 1.894 0.085 2.466 1.446 1.896 1.416 1.417 0.617 2.197 2.147 2.107 2.287 2.147 2.068 1.998 2.128 2.008 1.788 1.858 2.049 1.999 1.969 1.999 2.149 2.110 2.080 2.270 2.040 2.091 2.111 2.141 2.142 2.222 2.132 2.323 1.993 2.313 1.443 0.414 1.225 1.165 1.186 1.116 1.237 1.268 0.989 1.649 1.299 1.929 2.329 0.719 0.739 0.000 0.294 0.293 2.495 3.214
1.739 1.459 1.210 1.490 1.480 1.630 1.011 2.655 1.092 0.872 0.632 0.862 1.112 2.023 2.133 2.313 2.004 1.964 1.994 1.944 2.755 0.645 2.596 1.376 2.036 1.726 2.517 1.707 0.797 2.547 2.147 2.087 2.217 2.168 2.078 2.138 1.938 1.858 1.848 2.099 2.079 2.059 2.179 2.309 2.199 2.040 2.230 1.810 2.031 2.221 2.141 2.062 2.082 2.262 0.733 0.963 1.173 0.723 0.008 0.325 2.296 2.146 2.256 2.276 0.288 1.009 0.589 1.579 1.669 1.519 0.820 0.000 0.295 0.294 2.706 3.285 3.375
0.231 0.231 0.681 0.971 1.730 0.081 2.682 0.682 0.962 0.772 1.123 1.023 0.773 1.053 2.453 2.253 2.434 2.114 2.204 2.215 1.995 1.905 2.586 1.356 2.096 2.487 2.627 2.587 2.557 1.337 1.067 2.117 2.177 2.138 2.088 2.358 1.878 2.108 1.988 2.049 2.219 2.099 2.259 2.159 2.079 2.050 2.120 1.430 1.950 2.211 1.661 0.692 1.042 1.292 1.393 1.253 1.203 1.024 2.385 1.015 1.105 0.031 1.246 1.597 1.247 0.578 1.528 1.259 1.109 0.137 0.299 0.296 0.295 2.917 3.206 3.416 3.495
1.112 1.242 1.422 1.402 0.632 0.703 2.701 0.843 0.943 1.053 1.023 0.833 1.013 1.073 0.954 2.154 2.054 2.194 1.644 2.395 0.735 2.596 2.686 1.606 2.166 2.567 2.557 2.467 2.467 2.247 1.847 0.627 2.348 2.068 2.068 2.348 1.908 2.238 2.108 2.159 2.449 2.239 2.369 2.139 1.869 1.830 2.250 0.760 1.170 1.160 0.351 0.291 0.892 1.282 1.203 1.243 1.343 2.154 0.605 1.535 1.476 1.656 2.126 1.287 1.167 1.718 1.538 1.179 0.000 0.298 0.297 1.949 3.018 3.307 3.457 3.486 3.626
1.282 1.342 1.222 0.742 0.253 2.728 2.719 3.643 3.553 3.703 1.753 0.993 1.074 1.044 0.944 0.794 1.954 2.074 2.285 1.905 0.001 2.466 2.626 1.636 2.237 2.497 2.377 2.547 1.747 2.368 2.298 2.228 2.188 2.048 0.828 0.678 2.118 2.348 2.229 1.969 2.409 1.979 2.109 1.659 0.529 1.150 1.200 0.690 0.890 1.150 1.010 0.611 0.132 0.483 1.303 0.543 2.484 0.021 1.935 1.755 2.056 1.696 1.456 1.557 0.597 1.378 1.298 0.579 0.300 0.298 2.150 3.099 3.329 3.388 3.377 3.607 3.576
1.573 1.253 1.113 0.763 2.174 2.746 1.093 0.754 1.294 1.354 0.804 3.574 0.874 2.574 0.994 0.884 0.925 1.795 1.985 2.465 0.366 2.516 1.516 2.157 1.737 2.577 1.667 2.488 1.908 2.318 2.188 2.138 2.158 2.188 2.259 2.339 2.329 2.399 1.789 0.659 0.779 0.479 0.529 0.719 1.479 0.550 0.700 0.470 0.700 0.900 1.150 1.091 1.101 0.323 2.034 1.884 0.844 1.895 2.125 1.746 1.446 1.366 1.076 1.297 1.137 1.108 0.689 0.304 0.300 2.251 3.170 3.340 3.409 3.408 3.598 3.517 3.586
1.153 1.463 1.324 0.354 2.798 1.274 0.244 1.564 1.664 0.924 0.464 1.684 2.955 1.224 0.785 0.835 0.895 1.065 0.245 2.496 1.696 2.576 1.657 2.307 1.747 2.687 1.748 2.638 1.928 2.278 2.188 2.228 2.199 2.269 2.389 2.229 2.349 2.249 0.279 1.319 0.849 0.590 0.269 0.010 0.630 0.170 0.900 0.620 0.290 0.400 0.291 2.241 1.531 0.972 0.020 1.774 1.945 2.005 1.455 1.156 0.946 1.466 1.306 1.207 1.217 0.578 0.304 0.302 2.602 3.172 3.311 3.330 3.609 3.389 3.568 3.637 3.617
1.094 1.424 1.264 2.819 3.825 0.675 0.845 1.405 1.575 0.835 1.205 1.255 1.195 0.805 2.795 0.795 1.595 0.945 1.036 0.976 0.346 2.207 2.617 2.497 2.248 2.478 2.328 2.478 2.308 2.489 1.809 2.239 2.179 2.309 2.329 2.019 0.670 3.400 3.030 3.120 1.140 0.880 0.640 0.960 2.530 3.000 3.230 2.930 0.570 2.290 0.780 0.162 0.113 1.223 1.634 1.624 1.625 1.985 1.565 1.536 1.516 1.566 0.886 0.637 0.000 0.303 0.302 2.763 3.353 3.332 3.511 3.600 3.590 3.569 3.588 3.748 3.677
1.295 1.295 0.285 2.751 1.326 0.936 0.656 1.136 0.656 2.066 1.196 1.245 1.356 1.276 0.836 0.776 3.686 2.536 0.966 3.486 3.616 2.147 2.997 3.517 1.578 1.429 1.049 1.079 1.079 0.880 0.540 0.350 0.530 0.920 1.080 1.000 2.120 1.510 1.410 1.640 1.901 1.730 1.920 1.970 1.950 1.900 1.820 0.580 0.890 0.930 0.601 1.322 1.553 2.143 1.764 1.534 1.225 1.485 1.586 1.626 1.536 1.386 0.177 0.000 1.009 1.008 2.924 3.254 3.423 3.592 3.632 3.571 3.580 3.639 3.699 3.618 3.577
1.385 1.305 2.747 2.732 0.866 1.207 1.027 0.747 1.097 1.016 1.286 1.356 1.236 1.176 1.136 1.056 0.886 1.006 1.146 1.156 1.137 1.057 0.938 0.609 1.029 2.699 1.010 0.820 1.631 3.291 2.151 1.571 1.381 3.031 1.191 3.201 0.081 1.041 0.931 1.831 2.071 1.911 1.990 1.880 1.870 1.330 1.140 1.030 1.130 1.741 1.881 1.302 0.892 0.843 1.064 1.054 1.055 1.365 1.416 1.436 1.206 0.000 0.000 1.010 1.009 3.126 3.285 3.384 3.353 3.522 3.652 3.671 3.730 3.790 3.639 3.608 3.737
1.316 0.356 2.805 1.207 0.567 2.087 1.497 0.877 1.107 1.217 1.227 1.207 1.207 1.257 1.007 1.177 0.987 1.216 1.126 0.826 0.627 1.068 0.918 0.570 1.270 0.971 3.251 3.681 0.582 1.422 1.242 0.633 0.763 0.293 1.192 0.973 1.003 1.002 1.212 1.711 2.001 1.931 1.991 1.880 0.920 1.300 1.080 1.320 1.651 1.661 1.391 1.352 1.272 1.153 1.274 1.294 0.965 1.216 1.116 0.956 0.408 0.000 1.011 1.010 3.337 3.306 3.425 3.484 3.544 3.563 3.632 3.601 3.821 3.780 3.709 3.788 3.868
