includes/camargue/floodfiles/results/res-0010.wd
ncols         906
nrows         631
xllcorner     362177.146667
yllcorner     6534725.688020
cellsize      20.000000
NODATA_value  -9999.000000
[rows 578 to 611 of 631, columns 462 to 538 of 906]
0.082 0.122 0.161 0.201 0.237 0.254 0.272 0.290 0.308 0.333 0.398 0.464 0.529 0.594 0.660 0.725 0.790 0.856 0.860 0.836 0.811 0.786 0.761 0.736 0.711 0.686 0.661 0.656 0.681 0.707 0.735 0.780 0.824 0.869 0.915 0.962 1.008 1.054 1.101 1.147 1.193 1.240 1.286 1.334 1.385 1.435 1.486 1.537 1.587 1.638 1.689 1.739 1.763 1.775 1.787 1.799 1.822 1.873 1.923 1.975 2.025 2.072 2.097 2.121 2.146 2.170 2.194 2.219 2.243 2.268 2.280 2.292 2.303 2.315 2.326 2.337 2.349
0.206 0.234 0.273 0.312 0.346 0.365 0.382 0.400 0.455 0.520 0.585 0.650 0.716 0.781 0.846 0.912 0.977 1.043 1.050 1.025 1.000 0.975 0.950 0.925 0.900 0.875 0.850 0.825 0.800 0.804 0.832 0.877 0.923 0.969 1.015 1.062 1.108 1.154 1.201 1.247 1.293 1.340 1.386 1.435 1.485 1.536 1.586 1.637 1.687 1.738 1.789 1.839 1.890 1.937 1.949 1.961 1.986 2.037 2.088 2.135 2.160 2.184 2.208 2.233 2.257 2.282 2.306 2.330 2.355 2.379 2.391 2.402 2.413 2.425 2.436 2.448 2.459
0.335 0.360 0.386 0.424 0.457 0.475 0.511 0.576 0.642 0.707 0.772 0.838 0.903 0.968 1.033 1.099 1.164 1.230 1.239 1.214 1.189 1.164 1.139 1.114 1.089 1.064 1.039 1.014 0.989 0.964 0.927 0.976 1.023 1.069 1.115 1.161 1.208 1.254 1.301 1.347 1.393 1.440 1.486 1.535 1.585 1.636 1.687 1.737 1.788 1.838 1.889 1.940 1.990 2.041 2.092 2.123 2.151 2.198 2.222 2.247 2.271 2.295 2.320 2.344 2.369 2.393 2.417 2.442 2.466 2.490 2.501 2.513 2.524 2.535 2.547 2.558 2.569
0.464 0.489 0.515 0.540 0.568 0.633 0.698 0.763 0.829 0.894 0.959 1.024 1.090 1.155 1.220 1.286 1.351 1.417 1.428 1.403 1.378 1.353 1.329 1.304 1.279 1.254 1.229 1.204 1.157 1.064 1.002 1.064 1.123 1.169 1.215 1.261 1.308 1.354 1.401 1.447 1.493 1.540 1.586 1.635 1.686 1.736 1.787 1.837 1.888 1.939 1.989 2.040 2.091 2.141 2.192 2.238 2.283 2.310 2.334 2.358 2.383 2.407 2.431 2.456 2.480 2.504 2.529 2.553 2.578 2.600 2.611 2.623 2.634 2.646 2.657 2.668 2.680
0.593 0.641 0.696 0.750 0.725 0.810 0.885 0.950 1.016 1.081 1.146 1.211 1.277 1.342 1.407 1.473 1.538 1.603 1.617 1.592 1.567 1.543 1.518 1.493 1.468 1.443 1.411 1.318 1.225 1.132 1.078 1.139 1.201 1.262 1.315 1.362 1.408 1.454 1.501 1.547 1.593 1.640 1.686 1.735 1.786 1.836 1.887 1.938 1.988 2.039 2.090 2.140 2.191 2.236 2.250 2.264 2.315 2.392 2.445 2.470 2.494 2.518 2.543 2.567 2.592 2.616 2.640 2.665 2.689 2.710 2.722 2.733 2.744 2.756 2.767 2.779 2.790
0.845 0.899 0.954 0.976 0.906 0.947 1.032 1.116 1.201 1.268 1.333 1.399 1.464 1.529 1.595 1.660 1.725 1.791 1.806 1.782 1.757 1.732 1.707 1.682 1.657 1.572 1.479 1.386 1.293 1.200 1.154 1.215 1.276 1.338 1.400 1.461 1.508 1.554 1.601 1.647 1.694 1.740 1.786 1.836 1.886 1.937 1.987 2.038 2.088 2.139 2.190 2.235 2.249 2.263 2.277 2.291 2.347 2.425 2.502 2.580 2.606 2.630 2.654 2.679 2.703 2.727 2.752 2.776 2.801 2.821 2.832 2.843 2.855 2.866 2.878 2.889 2.900
1.104 1.158 1.212 1.174 1.104 1.085 1.169 1.254 1.338 1.423 1.508 1.586 1.651 1.716 1.781 1.847 1.912 1.978 1.996 1.971 1.946 1.921 1.896 1.826 1.734 1.640 1.548 1.454 1.361 1.268 1.229 1.291 1.352 1.414 1.475 1.537 1.598 1.654 1.701 1.747 1.794 1.840 1.886 1.936 1.986 2.037 2.087 2.138 2.189 2.233 2.247 2.261 2.275 2.289 2.303 2.317 2.379 2.457 2.534 2.612 2.690 2.741 2.766 2.790 2.815 2.839 2.863 2.888 2.912 2.931 2.942 2.954 2.965 2.976 2.988 2.999 3.011
1.362 1.416 1.442 1.372 1.302 1.232 1.307 1.391 1.476 1.561 1.645 1.730 1.815 1.899 1.968 2.034 2.099 2.165 2.185 2.160 2.135 2.081 1.988 1.895 1.802 1.709 1.616 1.523 1.429 1.336 1.305 1.366 1.427 1.489 1.551 1.612 1.674 1.735 1.797 1.847 1.893 1.940 1.986 2.036 2.086 2.137 2.188 2.232 2.246 2.260 2.274 2.287 2.301 2.315 2.329 2.343 2.412 2.489 2.567 2.644 2.722 2.800 2.877 2.902 2.926 2.950 2.975 2.999 3.024 3.041 3.053 3.064 3.075 3.087 3.098 3.109 3.121
1.620 1.675 1.640 1.570 1.500 1.429 1.444 1.529 1.613 1.698 1.783 1.867 1.952 2.037 2.121 2.206 2.286 2.352 2.374 2.334 2.242 2.149 2.056 1.963 1.870 1.777 1.684 1.591 1.498 1.404 1.380 1.442 1.503 1.564 1.626 1.687 1.749 1.811 1.872 1.934 1.993 2.040 2.086 2.136 2.187 2.231 2.244 2.258 2.272 2.286 2.300 2.314 2.328 2.341 2.356 2.370 2.444 2.521 2.599 2.676 2.754 2.832 2.909 2.987 3.037 3.062 3.086 3.111 3.135 3.152 3.163 3.174 3.186 3.197 3.208 3.210 3.188
1.879 1.908 1.838 1.768 1.698 1.627 1.582 1.666 1.751 1.835 1.920 2.005 2.089 2.174 2.259 2.343 2.428 2.513 2.490 2.403 2.310 2.217 2.124 2.031 1.938 1.845 1.752 1.658 1.566 1.472 1.456 1.517 1.578 1.640 1.702 1.763 1.825 1.886 1.948 2.009 2.071 2.132 2.186 2.229 2.243 2.257 2.271 2.285 2.298 2.312 2.326 2.340 2.354 2.368 2.382 2.398 2.476 2.553 2.631 2.709 2.786 2.864 2.941 3.019 3.097 3.173 3.198 3.222 3.247 3.262 3.273 3.284 3.296 3.293 3.271 3.248 3.226
2.137 2.106 2.036 1.965 1.895 1.825 1.755 1.804 1.888 1.973 2.057 2.142 2.227 2.311 2.396 2.481 2.505 2.427 2.391 2.399 2.378 2.285 2.192 2.099 2.006 1.913 1.820 1.727 1.634 1.540 1.531 1.592 1.654 1.716 1.777 1.838 1.900 1.962 2.023 2.085 2.146 2.197 2.210 2.255 2.269 2.283 2.297 2.311 2.325 2.338 2.352 2.366 2.380 2.394 2.408 2.430 2.508 2.585 2.663 2.741 2.818 2.896 2.974 3.051 3.129 3.207 3.284 3.334 3.358 3.372 3.383 3.376 3.353 3.331 3.308 3.286 3.263
2.374 2.304 2.234 2.163 2.093 2.023 1.953 1.941 2.026 2.110 2.195 2.279 2.364 2.449 2.533 2.482 2.403 2.325 2.291 2.299 2.307 2.315 2.260 2.167 2.074 1.981 1.888 1.795 1.702 1.608 1.607 1.668 1.729 1.791 1.852 1.914 1.975 2.037 2.099 2.148 2.160 2.173 2.188 2.234 2.280 2.309 2.323 2.337 2.351 2.365 2.379 2.393 2.406 2.420 2.434 2.462 2.540 2.618 2.695 2.773 2.850 2.928 3.006 3.083 3.161 3.239 3.316 3.394 3.469 3.459 3.436 3.414 3.391 3.369 3.346 3.324 3.301
2.572 2.502 2.431 2.361 2.291 2.221 2.151 2.081 2.163 2.248 2.332 2.417 2.501 2.537 2.458 2.380 2.302 2.223 2.192 2.200 2.208 2.216 2.223 2.231 2.142 2.049 1.956 1.863 1.770 1.676 1.682 1.743 1.805 1.866 1.928 1.989 2.051 2.099 2.111 2.124 2.136 2.148 2.167 2.213 2.258 2.304 2.349 2.363 2.377 2.391 2.405 2.419 2.433 2.447 2.461 2.494 2.572 2.650 2.727 2.805 2.883 2.960 3.038 3.115 3.193 3.271 3.349 3.391 3.427 3.473 3.474 3.452 3.429 3.406 3.384 3.361 3.339
2.769 2.699 2.629 2.559 2.489 2.419 2.349 2.279 2.300 2.385 2.470 2.554 2.513 2.435 2.356 2.278 2.200 2.121 2.092 2.100 2.108 2.116 2.124 2.132 2.140 2.116 2.023 1.930 1.837 1.744 1.757 1.819 1.880 1.942 2.003 2.049 2.062 2.074 2.087 2.099 2.112 2.124 2.146 2.191 2.237 2.283 2.329 2.375 2.403 2.417 2.431 2.445 2.459 2.473 2.487 2.527 2.604 2.682 2.759 2.837 2.915 2.992 3.070 3.148 3.225 3.261 3.297 3.333 3.371 3.416 3.461 3.489 3.467 3.444 3.422 3.399 3.377
2.967 2.897 2.827 2.757 2.687 2.617 2.547 2.477 2.438 2.522 2.569 2.490 2.412 2.333 2.255 2.176 2.098 2.019 1.993 2.000 2.008 2.016 2.024 2.032 2.040 2.048 2.056 1.998 1.905 1.812 1.833 1.894 1.956 2.000 2.012 2.025 2.037 2.050 2.062 2.075 2.087 2.100 2.124 2.170 2.216 2.262 2.308 2.354 2.400 2.443 2.457 2.471 2.485 2.499 2.513 2.559 2.636 2.714 2.791 2.869 2.947 3.024 3.095 3.131 3.167 3.203 3.239 3.275 3.314 3.359 3.404 3.450 3.495 3.482 3.459 3.437 3.414
3.165 3.095 3.025 2.955 2.885 2.815 2.745 2.674 2.604 2.545 2.467 2.388 2.310 2.231 2.153 2.074 1.996 1.917 1.893 1.901 1.909 1.917 1.925 1.933 1.940 1.948 1.956 1.964 1.972 1.880 1.908 1.951 1.963 1.976 1.988 2.001 2.013 2.025 2.038 2.050 2.063 2.075 2.103 2.149 2.195 2.241 2.287 2.333 2.378 2.424 2.470 2.497 2.511 2.525 2.539 2.591 2.668 2.746 2.823 2.901 2.965 3.001 3.037 3.073 3.109 3.145 3.181 3.217 3.257 3.302 3.347 3.393 3.438 3.483 3.497 3.475 3.452
3.363 3.244 3.124 3.004 2.884 2.764 2.644 2.524 2.408 2.403 2.365 2.286 2.208 2.129 2.050 1.972 1.894 1.815 1.793 1.801 1.809 1.817 1.825 1.833 1.841 1.849 1.857 1.864 1.872 1.892 1.914 1.926 1.939 1.951 1.964 1.976 1.989 2.001 2.013 2.026 2.038 2.051 2.082 2.128 2.174 2.219 2.265 2.311 2.357 2.403 2.449 2.495 2.538 2.551 2.565 2.623 2.700 2.778 2.835 2.871 2.907 2.943 2.979 3.015 3.051 3.087 3.123 3.159 3.200 3.245 3.290 3.336 3.381 3.427 3.472 3.512 3.490
3.128 3.008 2.888 2.768 2.648 2.528 2.408 2.288 2.202 2.197 2.192 2.184 2.106 2.027 1.948 1.870 1.792 1.713 1.694 1.702 1.709 1.717 1.725 1.733 1.741 1.749 1.757 1.779 1.813 1.847 1.874 1.901 1.914 1.927 1.939 1.952 1.964 1.977 1.989 2.001 2.014 2.026 2.061 2.106 2.152 2.198 2.244 2.290 2.336 2.382 2.428 2.474 2.520 2.566 2.592 2.655 2.705 2.741 2.777 2.813 2.849 2.885 2.921 2.957 2.993 3.029 3.065 3.101 3.143 3.188 3.234 3.279 3.324 3.370 3.415 3.460 3.506
2.892 2.772 2.652 2.532 2.412 2.292 2.172 2.052 1.996 1.991 1.986 1.981 1.977 1.925 1.846 1.768 1.689 1.611 1.594 1.602 1.610 1.617 1.625 1.633 1.641 1.666 1.700 1.734 1.768 1.802 1.829 1.855 1.882 1.902 1.915 1.927 1.940 1.952 1.965 1.977 1.989 2.002 2.039 2.085 2.131 2.177 2.223 2.269 2.315 2.360 2.406 2.452 2.498 2.544 2.571 2.611 2.647 2.683 2.719 2.755 2.791 2.827 2.863 2.899 2.935 2.971 3.007 3.043 3.086 3.131 3.177 3.222 3.267 3.313 3.358 3.403 3.449
2.656 2.536 2.416 2.296 2.176 2.056 1.936 1.816 1.790 1.785 1.780 1.775 1.770 1.765 1.744 1.666 1.587 1.509 1.494 1.502 1.510 1.518 1.525 1.553 1.587 1.621 1.655 1.689 1.723 1.756 1.783 1.810 1.837 1.864 1.890 1.903 1.915 1.927 1.940 1.952 1.965 1.977 2.018 2.064 2.110 2.156 2.202 2.247 2.293 2.339 2.385 2.430 2.454 2.477 2.500 2.544 2.588 2.625 2.661 2.697 2.733 2.769 2.805 2.841 2.877 2.913 2.949 2.985 3.029 3.075 3.120 3.165 3.210 3.256 3.301 3.346 3.392
2.387 2.300 2.180 2.060 1.940 1.820 1.700 1.588 1.583 1.578 1.573 1.569 1.564 1.559 1.554 1.549 1.485 1.406 1.394 1.402 1.410 1.440 1.474 1.508 1.542 1.576 1.610 1.644 1.678 1.711 1.737 1.764 1.791 1.818 1.845 1.872 1.890 1.903 1.915 1.928 1.940 1.953 1.997 2.043 2.088 2.134 2.180 2.226 2.272 2.313 2.336 2.359 2.382 2.405 2.431 2.475 2.519 2.562 2.603 2.639 2.675 2.711 2.747 2.783 2.819 2.855 2.891 2.927 2.972 3.018 3.063 3.108 3.153 3.199 3.244 3.289 3.335
2.095 2.039 1.944 1.824 1.704 1.584 1.464 1.382 1.377 1.372 1.367 1.362 1.357 1.352 1.347 1.343 1.338 1.304 1.294 1.327 1.361 1.395 1.429 1.463 1.497 1.531 1.565 1.600 1.634 1.665 1.692 1.719 1.746 1.773 1.800 1.827 1.854 1.878 1.891 1.903 1.916 1.929 1.975 2.021 2.067 2.113 2.159 2.195 2.218 2.241 2.264 2.287 2.310 2.333 2.362 2.406 2.450 2.493 2.537 2.581 2.617 2.653 2.689 2.725 2.761 2.797 2.833 2.870 2.915 2.960 3.006 3.051 3.096 3.142 3.187 3.232 3.278
1.803 1.746 1.690 1.589 1.468 1.348 1.228 1.175 1.170 1.165 1.160 1.155 1.150 1.146 1.141 1.136 1.163 1.229 1.248 1.282 1.316 1.350 1.384 1.418 1.452 1.486 1.521 1.555 1.589 1.619 1.646 1.673 1.700 1.727 1.754 1.781 1.808 1.835 1.862 1.879 1.891 1.908 1.954 2.000 2.046 2.077 2.100 2.123 2.146 2.169 2.192 2.216 2.239 2.262 2.293 2.337 2.380 2.424 2.468 2.512 2.556 2.595 2.631 2.667 2.703 2.739 2.775 2.813 2.858 2.904 2.949 2.994 3.039 3.085 3.130 3.176 3.221
1.510 1.454 1.398 1.341 1.232 1.112 0.992 0.969 0.964 0.958 0.953 0.948 0.943 0.956 1.023 1.089 1.155 1.217 1.230 1.243 1.271 1.305 1.339 1.373 1.407 1.441 1.476 1.510 1.544 1.574 1.601 1.628 1.655 1.682 1.708 1.735 1.762 1.789 1.816 1.843 1.867 1.887 1.932 1.959 1.982 2.005 2.028 2.051 2.074 2.098 2.121 2.144 2.167 2.190 2.224 2.267 2.311 2.355 2.399 2.443 2.487 2.531 2.573 2.609 2.645 2.681 2.717 2.756 2.801 2.847 2.892 2.937 2.982 3.028 3.078 3.146 3.215
1.218 1.162 1.105 1.049 0.992 0.876 0.768 0.762 0.757 0.751 0.750 0.816 0.882 0.948 1.015 1.081 1.148 1.200 1.213 1.226 1.239 1.260 1.294 1.328 1.362 1.397 1.431 1.465 1.499 1.528 1.555 1.582 1.609 1.636 1.663 1.690 1.717 1.744 1.771 1.798 1.825 1.846 1.865 1.888 1.911 1.934 1.957 1.980 2.003 2.026 2.049 2.072 2.095 2.118 2.154 2.198 2.242 2.286 2.330 2.374 2.418 2.462 2.506 2.550 2.587 2.623 2.659 2.699 2.744 2.790 2.835 2.880 2.937 3.006 3.075 3.143 3.212
0.926 0.869 0.813 0.756 0.699 0.639 0.560 0.555 0.610 0.676 0.742 0.808 0.874 0.941 1.007 1.073 1.140 1.183 1.196 1.209 1.222 1.236 1.249 1.283 1.317 1.352 1.386 1.420 1.454 1.482 1.509 1.536 1.563 1.590 1.617 1.644 1.671 1.698 1.727 1.757 1.788 1.804 1.805 1.816 1.839 1.862 1.885 1.908 1.931 1.954 1.977 2.000 2.023 2.047 2.085 2.129 2.173 2.217 2.261 2.305 2.349 2.393 2.436 2.480 2.524 2.564 2.601 2.642 2.687 2.732 2.797 2.866 2.934 3.003 3.072 3.140 3.209
0.633 0.577 0.520 0.463 0.421 0.425 0.471 0.536 0.602 0.668 0.734 0.800 0.866 0.933 0.999 1.066 1.132 1.166 1.179 1.193 1.206 1.219 1.232 1.245 1.272 1.307 1.341 1.375 1.409 1.437 1.464 1.491 1.517 1.544 1.571 1.598 1.628 1.659 1.689 1.720 1.750 1.762 1.763 1.764 1.767 1.790 1.813 1.836 1.859 1.882 1.905 1.929 1.952 1.975 2.016 2.060 2.104 2.148 2.192 2.236 2.279 2.323 2.367 2.411 2.455 2.499 2.542 2.588 2.657 2.725 2.794 2.863 2.931 3.000 3.068 3.137 3.206
0.369 0.374 0.379 0.384 0.388 0.393 0.456 0.527 0.593 0.659 0.726 0.792 0.858 0.925 0.991 1.058 1.124 1.149 1.162 1.175 1.189 1.202 1.215 1.228 1.241 1.262 1.296 1.330 1.364 1.391 1.418 1.445 1.472 1.499 1.529 1.560 1.590 1.621 1.652 1.682 1.713 1.721 1.722 1.722 1.723 1.724 1.741 1.764 1.788 1.811 1.834 1.857 1.880 1.903 1.947 1.991 2.035 2.078 2.122 2.166 2.210 2.254 2.298 2.342 2.386 2.441 2.510 2.583 2.654 2.722 2.791 2.859 2.928 2.997 3.065 3.134 3.203
0.338 0.342 0.347 0.352 0.356 0.371 0.441 0.513 0.584 0.651 0.718 0.784 0.850 0.917 0.983 1.050 1.117 1.132 1.145 1.158 1.172 1.185 1.198 1.211 1.224 1.238 1.251 1.285 1.318 1.345 1.372 1.400 1.431 1.461 1.492 1.522 1.553 1.583 1.614 1.644 1.675 1.679 1.680 1.681 1.682 1.682 1.683 1.693 1.716 1.739 1.762 1.785 1.808 1.834 1.878 1.921 1.965 2.009 2.053 2.097 2.141 2.185 2.229 2.293 2.361 2.429 2.498 2.572 2.647 2.719 2.788 2.856 2.925 2.994 3.062 3.131 3.200
0.306 0.311 0.315 0.320 0.324 0.356 0.426 0.498 0.570 0.641 0.709 0.776 0.842 0.909 0.975 1.042 1.102 1.115 1.128 1.141 1.155 1.168 1.181 1.194 1.207 1.221 1.234 1.247 1.272 1.302 1.332 1.363 1.393 1.424 1.454 1.485 1.515 1.546 1.576 1.607 1.637 1.637 1.638 1.639 1.640 1.641 1.642 1.643 1.644 1.667 1.690 1.713 1.736 1.764 1.808 1.852 1.896 1.940 1.984 2.028 2.075 2.143 2.212 2.280 2.349 2.417 2.486 2.561 2.636 2.711 2.785 2.853 2.922 2.991 3.059 3.128 3.197
0.275 0.279 0.284 0.287 0.291 0.341 0.412 0.483 0.555 0.627 0.699 0.768 0.834 0.901 0.967 1.034 1.085 1.098 1.111 1.124 1.138 1.151 1.164 1.177 1.190 1.204 1.217 1.228 1.242 1.264 1.294 1.325 1.355 1.386 1.417 1.447 1.478 1.508 1.539 1.569 1.595 1.596 1.596 1.597 1.598 1.599 1.600 1.601 1.602 1.603 1.618 1.641 1.664 1.695 1.739 1.783 1.827 1.871 1.926 1.995 2.063 2.131 2.200 2.268 2.337 2.405 2.475 2.550 2.625 2.699 2.774 2.849 2.919 2.987 3.056 3.125 3.193
0.243 0.248 0.252 0.255 0.259 0.326 0.397 0.468 0.540 0.612 0.684 0.756 0.826 0.893 0.959 1.026 1.067 1.081 1.094 1.107 1.121 1.134 1.147 1.160 1.172 1.183 1.195 1.206 1.221 1.239 1.257 1.287 1.318 1.348 1.379 1.410 1.440 1.471 1.501 1.532 1.553 1.554 1.555 1.556 1.557 1.557 1.558 1.559 1.560 1.561 1.562 1.569 1.592 1.626 1.669 1.713 1.777 1.846 1.914 1.982 2.051 2.119 2.188 2.256 2.324 2.393 2.464 2.539 2.613 2.688 2.763 2.838 2.912 2.984 3.053 3.122 3.190
0.212 0.216 0.220 0.223 0.241 0.311 0.382 0.454 0.526 0.598 0.670 0.742 0.814 0.885 0.951 1.018 1.050 1.064 1.077 1.090 1.103 1.116 1.127 1.139 1.150 1.162 1.173 1.185 1.201 1.218 1.236 1.253 1.280 1.311 1.341 1.372 1.402 1.433 1.464 1.494 1.511 1.512 1.513 1.514 1.515 1.516 1.516 1.517 1.518 1.519 1.520 1.521 1.522 1.560 1.628 1.697 1.765 1.834 1.902 1.970 2.039 2.107 2.175 2.244 2.312 2.381 2.453 2.527 2.602 2.677 2.752 2.826 2.901 2.976 3.050 3.119 3.187
0.180 0.184 0.187 0.190 0.226 0.295 0.367 0.439 0.511 0.583 0.655 0.728 0.800 0.872 0.943 1.010 1.033 1.046 1.059 1.071 1.082 1.094 1.106 1.117 1.129 1.140 1.152 1.163 1.180 1.198 1.215 1.232 1.250 1.273 1.304 1.334 1.365 1.395 1.426 1.456 1.470 1.470 1.471 1.472 1.473 1.474 1.475 1.475 1.476 1.477 1.478 1.502 1.542 1.567 1.616 1.684 1.753 1.821 1.890 1.958 2.026 2.095 2.163 2.232 2.300 2.368 2.441 2.516 2.591 2.666 2.740 2.815 2.890 2.965 3.039 3.114 3.184
