includes/camargue/floodfiles/results/res-0004.wd
ncols         906
nrows         631
xllcorner     362177.146667
yllcorner     6534725.688020
cellsize      20.000000
NODATA_value  -9999.000000
[rows 510 to 543 of 631, columns 308 to 384 of 906]
4.420 4.418 4.417 4.415 4.402 4.385 4.367 4.348 4.313 4.279 4.245 4.210 4.176 4.141 4.107 4.073 3.610 4.004 3.601 3.631 3.560 3.561 3.531 3.850 3.591 3.520 3.500 3.490 3.400 3.491 3.361 3.491 3.501 3.371 3.470 3.450 3.480 3.410 3.419 3.489 3.549 3.459 3.338 3.338 3.508 3.368 3.597 3.417 3.537 3.507 3.517 3.387 3.446 3.486 3.496 3.336 3.486 3.446 3.516 3.466 3.426 3.555 3.405 3.555 3.485 3.435 3.555 3.475 3.475 3.525 3.525 3.485 3.535 3.485 3.445 3.495 3.365
4.452 4.451 4.449 4.447 4.439 4.421 4.403 4.369 4.334 4.300 4.266 4.231 4.197 4.163 4.128 4.094 4.059 4.025 3.500 3.410 3.430 3.620 3.520 3.530 3.600 3.590 3.610 3.450 3.640 3.521 3.581 3.531 3.340 3.490 3.620 3.600 3.400 3.380 3.239 3.399 3.529 3.538 3.418 3.518 3.447 3.527 3.397 3.517 3.477 3.447 3.466 3.436 3.516 3.476 3.456 3.456 3.446 3.466 3.446 3.555 3.595 3.505 3.851 3.605 3.575 3.525 3.555 3.555 3.504 3.554 3.444 3.464 3.424 3.584 3.444 3.454 3.394
4.616 4.541 4.481 4.480 4.475 4.457 4.424 4.390 4.355 4.321 4.287 4.252 4.218 4.184 4.149 4.115 4.081 4.046 3.550 3.560 3.420 3.480 3.380 3.470 3.540 3.500 3.350 3.490 3.600 3.480 3.620 3.430 3.370 3.600 3.510 3.460 3.379 3.589 3.569 3.559 3.518 3.508 3.508 3.568 3.517 3.437 3.407 3.597 3.586 3.466 3.426 3.486 3.476 3.546 3.576 3.486 3.456 3.966 3.535 3.605 3.515 3.975 3.615 3.980 3.982 3.554 3.544 3.634 3.604 3.624 3.574 3.494 3.444 3.534 3.504 3.474 3.424
4.801 4.726 4.650 4.575 4.510 4.480 4.445 4.411 4.377 4.342 4.308 4.273 4.239 4.205 4.170 4.136 4.102 3.610 3.550 3.430 3.490 3.460 3.470 3.420 3.600 3.430 3.560 3.550 3.520 3.480 3.410 3.580 3.520 3.520 3.490 3.570 3.489 3.509 3.459 3.428 3.935 3.518 3.627 3.547 3.557 3.948 3.486 3.616 3.969 3.556 3.516 3.506 3.446 3.996 3.596 3.635 3.605 4.005 3.625 3.605 3.605 3.605 3.634 3.634 4.022 4.022 3.574 4.010 3.534 3.995 3.988 3.633 3.633 3.968 3.493 3.543 3.603
4.987 4.911 4.835 4.751 4.657 4.568 4.520 4.471 4.422 4.374 4.329 4.294 4.260 4.226 4.192 4.157 4.123 4.088 3.539 3.599 3.600 3.620 3.460 3.480 3.470 3.550 3.460 3.610 3.450 3.610 3.490 3.930 3.599 3.941 3.639 3.559 3.479 3.339 3.618 3.458 3.488 3.457 3.577 3.487 3.467 3.985 3.576 3.999 3.546 3.596 3.536 3.576 3.545 3.585 3.625 4.040 3.625 4.045 3.615 3.565 4.052 4.054 4.056 3.624 3.624 4.057 3.614 4.046 3.603 4.029 3.593 3.623 4.005 3.593 3.583 3.985 3.603
5.172 5.087 5.000 4.912 4.808 4.687 4.631 4.582 4.534 4.485 4.437 4.388 4.339 4.291 4.242 4.194 4.145 4.109 4.075 4.041 3.539 3.509 3.549 3.529 3.389 3.399 3.449 3.589 3.630 3.580 3.629 3.499 3.619 3.973 3.529 3.619 3.538 3.388 3.598 3.528 3.627 3.557 3.467 4.009 4.015 3.536 3.616 4.037 4.045 4.052 4.059 3.565 3.585 3.625 4.077 3.605 4.082 3.635 4.086 3.604 4.091 4.093 4.096 4.097 4.094 4.091 4.088 4.081 4.073 4.065 4.057 3.563 3.623 4.032 3.612 4.015 3.602
5.335 5.248 5.161 5.074 4.959 4.838 4.743 4.694 4.645 4.597 4.548 4.500 4.451 4.403 4.354 4.305 4.257 4.208 4.160 4.111 3.569 4.014 3.449 3.419 3.499 3.439 3.629 3.619 3.579 3.619 3.990 3.639 3.539 4.006 3.509 3.588 3.518 4.026 3.558 4.032 3.597 3.597 4.040 3.596 3.546 4.060 4.068 4.075 4.082 4.090 4.097 3.625 4.111 4.114 4.116 4.119 4.121 3.614 4.126 4.128 4.130 4.133 4.134 4.131 4.128 4.125 4.122 4.117 4.109 3.633 4.092 4.084 4.076 4.068 4.059 4.051 4.043
5.497 5.409 5.322 5.231 5.110 4.989 4.867 4.806 4.757 4.708 4.660 4.611 4.563 4.514 4.466 4.417 4.368 4.320 4.271 4.223 4.174 3.619 3.619 3.419 3.439 3.469 3.619 4.006 3.579 4.017 4.022 3.578 4.032 3.498 3.558 4.048 4.053 4.058 4.063 4.065 4.068 4.070 3.596 4.083 3.565 3.585 4.106 3.585 4.120 3.635 4.135 4.142 4.150 4.153 4.156 4.158 4.160 4.163 4.165 4.168 4.170 4.171 4.168 4.165 4.162 4.159 4.156 4.153 4.144 4.136 4.128 4.119 4.111 4.103 4.095 4.087 4.078
5.658 5.571 5.483 5.382 5.261 5.140 5.018 4.917 4.869 4.820 4.771 4.723 4.674 4.626 4.577 4.529 4.480 4.431 4.383 4.334 4.286 3.628 3.538 3.528 3.578 3.548 3.598 3.518 3.459 3.479 3.508 4.060 3.578 4.070 3.598 3.618 4.086 4.091 3.637 3.537 4.101 4.107 4.114 3.625 3.595 4.136 3.595 4.150 4.158 4.165 4.173 4.180 4.188 4.193 4.195 4.197 4.200 4.202 4.205 4.207 4.208 4.205 4.202 4.199 4.197 4.194 4.191 4.188 4.180 4.171 4.163 4.155 4.147 4.139 4.130 4.122 4.114
5.819 5.732 5.645 5.533 5.412 5.290 5.169 5.048 4.980 4.932 4.883 4.834 4.786 4.737 4.689 4.640 4.592 4.543 4.495 4.446 4.397 4.314 4.231 3.528 3.578 3.468 3.558 3.628 3.558 3.538 4.114 4.114 4.114 4.114 4.115 4.115 4.118 4.123 4.128 3.586 4.137 3.555 4.152 4.159 4.166 4.174 4.181 4.188 4.196 4.203 4.211 4.218 4.225 4.232 4.234 4.237 4.239 4.242 4.244 4.245 4.242 4.239 4.236 4.234 4.231 4.228 4.225 4.222 4.215 4.207 4.199 4.191 4.183 4.174 4.166 4.158 4.149
5.981 5.893 5.805 5.684 5.562 5.441 5.320 5.199 5.092 5.043 4.995 4.946 4.897 4.849 4.800 4.752 4.703 4.655 4.606 4.558 4.482 4.399 4.316 3.547 3.517 3.557 3.597 3.537 4.167 4.167 4.168 4.168 4.168 4.168 3.637 4.169 4.169 4.169 4.169 4.167 4.175 4.182 4.190 4.197 4.204 4.211 4.219 4.226 4.234 4.241 4.248 4.256 4.263 4.271 4.274 4.276 4.278 4.281 4.282 4.279 4.276 4.274 4.271 4.268 4.265 4.262 4.259 4.256 4.251 4.243 4.234 4.226 4.218 4.210 4.201 4.193 4.185
6.142 6.055 5.956 5.834 5.713 5.592 5.471 5.350 5.229 5.155 5.106 5.058 5.009 4.960 4.912 4.863 4.815 4.766 4.718 4.650 4.567 4.484 4.401 4.318 4.234 3.617 3.427 4.220 4.221 4.221 4.222 4.222 4.222 3.607 4.223 4.223 4.223 3.636 4.215 4.200 4.208 4.217 4.225 3.634 4.242 4.249 4.257 4.264 4.271 4.279 4.286 4.294 4.301 4.309 4.313 4.316 4.318 4.319 4.316 4.314 4.311 4.308 4.305 4.302 4.299 4.296 4.293 4.291 4.286 4.278 4.270 4.262 4.253 4.245 4.237 4.229 4.220
6.303 6.216 6.107 5.985 5.864 5.743 5.622 5.501 5.379 5.266 5.218 5.169 5.120 5.072 5.023 4.975 4.926 4.878 4.819 4.735 4.652 4.569 4.486 4.403 4.319 3.606 4.274 4.274 4.275 4.275 4.275 4.276 3.567 4.276 4.276 4.277 4.277 4.271 4.255 4.240 4.241 4.249 4.258 4.266 4.275 4.283 4.292 4.301 4.309 4.317 4.324 4.332 4.339 4.346 4.353 4.355 4.356 4.354 4.351 4.348 4.345 4.342 4.339 4.336 4.333 4.331 4.328 4.325 4.322 4.314 4.305 4.297 4.289 4.281 4.273 4.264 4.257
6.465 6.377 6.257 6.136 6.015 5.894 5.773 5.652 5.530 5.409 5.329 5.281 5.232 5.184 5.135 5.086 5.038 4.987 4.904 4.821 4.737 4.654 4.571 4.488 4.405 4.327 4.328 4.328 4.329 4.329 4.329 4.330 4.330 4.330 4.330 4.330 4.326 4.311 4.296 4.281 4.273 4.282 4.290 4.299 4.308 4.316 4.325 4.333 4.342 4.351 4.360 4.368 4.377 4.384 4.392 4.393 4.391 4.388 4.385 4.382 4.379 4.376 4.373 4.370 4.368 4.365 4.362 4.359 4.356 4.349 4.341 4.333 4.325 4.316 4.308 4.301 4.295
6.626 6.529 6.408 6.287 6.166 6.045 5.924 5.802 5.681 5.560 5.441 5.392 5.344 5.295 5.246 5.198 5.149 5.072 4.989 4.906 4.822 4.739 4.656 4.573 4.490 4.406 4.382 4.382 4.383 4.383 4.383 4.384 4.384 4.384 4.384 4.382 4.367 4.352 4.337 4.322 4.306 4.315 4.323 4.332 4.340 4.349 4.357 4.366 4.375 4.384 4.392 4.401 4.410 4.419 4.426 4.425 4.425 4.422 4.419 4.416 4.413 4.410 4.407 4.405 4.402 4.399 4.396 4.393 4.390 4.385 4.377 4.368 4.360 4.352 4.345 4.339 4.333
6.787 6.680 6.559 6.438 6.317 6.196 6.075 5.953 5.832 5.711 5.590 5.504 5.455 5.406 5.358 5.309 5.240 5.157 5.074 4.991 4.907 4.824 4.741 4.658 4.575 4.491 4.435 4.436 4.436 4.437 4.437 4.437 4.438 4.438 4.438 4.423 4.408 4.392 4.377 4.362 4.347 4.347 4.356 4.364 4.373 4.382 4.390 4.399 4.408 4.416 4.425 4.434 4.443 4.450 4.447 4.445 4.446 4.447 4.448 4.448 4.448 4.445 4.442 4.439 4.436 4.433 4.430 4.428 4.425 4.421 4.412 4.404 4.396 4.389 4.383 4.377 4.371
6.948 6.831 6.710 6.589 6.468 6.347 6.225 6.104 5.983 5.862 5.740 5.619 5.567 5.518 5.469 5.408 5.325 5.242 5.159 5.076 4.992 4.909 4.826 4.743 4.660 4.576 4.493 4.490 4.490 4.491 4.491 4.491 4.492 4.492 4.478 4.463 4.448 4.433 4.418 4.403 3.603 4.380 4.388 4.397 4.406 4.414 4.423 4.431 4.440 4.449 4.458 4.466 4.475 4.472 4.468 4.465 4.465 4.466 4.467 4.468 4.469 4.470 4.471 4.472 4.470 4.468 4.465 4.462 4.459 4.456 4.448 4.440 4.434 4.427 4.421 4.415 4.409
7.103 6.982 6.861 6.740 6.619 6.497 6.376 6.255 6.134 6.013 5.891 5.770 5.678 5.629 5.576 5.493 5.410 5.327 5.244 5.161 5.078 4.994 4.911 4.828 4.745 4.661 4.578 4.544 4.544 4.544 4.545 4.545 4.545 4.534 4.519 4.504 4.489 4.473 4.458 4.443 4.428 4.413 4.421 4.430 4.438 4.447 4.456 4.464 4.473 4.482 4.490 4.499 4.497 4.493 4.489 4.485 4.485 4.486 4.487 4.488 4.489 4.490 4.491 4.492 4.493 4.494 4.495 4.496 4.493 4.490 4.484 4.477 4.471 4.465 4.459 4.453 4.446
7.241 7.123 7.004 6.885 6.766 6.648 6.527 6.406 6.285 6.163 6.042 5.921 5.800 5.741 5.661 5.578 5.495 5.412 5.329 5.246 5.163 5.079 4.996 4.913 4.830 4.747 4.663 4.597 4.598 4.598 4.599 4.599 4.589 4.574 4.559 4.544 4.529 4.514 4.499 4.484 4.469 4.453 4.454 4.462 4.471 4.480 4.488 4.497 4.506 4.514 4.523 4.521 4.518 4.514 4.510 4.507 4.505 4.506 4.507 4.508 4.509 4.510 4.511 4.512 4.513 4.514 4.515 4.516 4.517 4.518 4.518 4.515 4.509 4.503 4.497 4.490 4.484
7.353 7.250 7.131 7.012 6.894 6.775 6.656 6.537 6.418 6.299 6.181 6.062 5.943 5.823 5.746 5.663 5.580 5.497 5.414 5.331 5.248 5.164 5.081 4.998 4.915 4.832 4.748 4.665 4.652 4.652 4.652 4.645 4.630 4.615 4.600 4.585 4.570 4.555 4.539 4.524 4.509 4.494 4.486 4.495 4.504 4.512 4.521 4.530 4.538 4.547 4.546 4.542 4.539 4.535 4.531 4.528 4.525 4.526 4.527 4.528 4.529 4.530 4.531 4.532 4.533 4.534 4.535 4.536 4.537 4.538 4.539 4.538 4.537 4.537 4.534 4.528 4.522
7.430 7.377 7.258 7.139 7.021 6.902 6.783 6.664 6.545 6.426 6.308 6.189 6.043 5.870 5.794 5.718 5.642 5.566 5.490 5.414 5.333 5.249 5.166 5.083 5.000 4.917 4.833 4.750 4.706 4.706 4.700 4.685 4.671 4.656 4.640 4.625 4.610 4.595 4.580 4.565 4.550 4.535 4.520 4.528 4.537 4.545 4.554 4.563 4.571 4.571 4.567 4.564 4.560 4.556 4.553 4.549 4.545 4.546 4.546 4.547 4.548 4.549 4.550 4.551 4.552 4.553 4.555 4.556 4.557 4.558 4.559 4.559 4.558 4.557 4.556 4.556 4.555
7.508 7.504 7.385 7.266 7.148 7.029 6.910 6.791 6.672 6.554 6.435 6.298 6.125 5.952 5.841 5.765 5.689 5.612 5.536 5.461 5.385 5.309 5.233 5.157 5.080 5.002 4.919 4.835 4.759 4.756 4.741 4.726 4.711 4.696 4.681 4.666 4.651 4.636 4.621 4.606 4.590 4.575 4.560 4.560 4.569 4.578 4.587 4.595 4.596 4.592 4.589 4.585 4.581 4.578 4.574 4.570 4.566 4.565 4.566 4.567 4.568 4.569 4.570 4.571 4.572 4.573 4.574 4.576 4.577 4.578 4.579 4.579 4.578 4.578 4.577 4.576 4.575
7.585 7.631 7.512 7.394 7.275 7.156 7.037 6.918 6.800 6.681 6.553 6.380 6.207 6.034 5.887 5.812 5.735 5.659 5.583 5.507 5.431 5.356 5.280 5.203 5.127 5.051 4.975 4.899 4.845 4.834 4.781 4.766 4.751 4.737 4.722 4.706 4.691 4.676 4.661 4.646 4.631 4.616 4.601 4.593 4.602 4.611 4.619 4.621 4.617 4.613 4.610 4.606 4.602 4.599 4.595 4.591 4.588 4.585 4.586 4.587 4.588 4.589 4.590 4.591 4.592 4.593 4.594 4.596 4.597 4.598 4.599 4.600 4.599 4.598 4.597 4.597 4.596
7.663 7.739 7.639 7.521 7.402 7.283 7.164 7.045 6.927 6.808 6.635 6.462 6.289 6.116 5.943 5.858 5.782 5.706 5.630 5.554 5.478 5.402 5.326 5.250 5.174 5.098 5.022 4.946 5.054 5.113 5.048 4.983 4.919 4.854 4.789 4.747 4.732 4.717 4.702 4.687 4.672 4.657 4.642 4.627 4.634 4.643 4.645 4.642 4.638 4.634 4.631 4.627 4.623 4.620 4.616 4.613 4.609 4.605 4.606 4.607 4.608 4.609 4.610 4.611 4.612 4.613 4.614 4.616 4.617 4.618 4.619 4.620 4.619 4.619 4.618 4.617 4.617
7.740 7.817 7.767 7.648 7.529 7.410 7.291 7.172 7.054 6.891 6.718 6.545 6.372 6.199 6.026 5.905 5.829 5.753 5.677 5.601 5.525 5.449 5.373 5.297 5.221 5.145 5.069 5.142 5.263 5.385 5.327 5.263 5.198 5.133 5.068 5.003 4.938 4.873 4.808 4.743 4.712 4.697 4.682 4.667 4.667 4.670 4.667 4.663 4.659 4.656 4.652 4.648 4.645 4.641 4.637 4.634 4.630 4.626 4.626 4.627 4.628 4.629 4.630 4.631 4.632 4.633 4.635 4.636 4.637 4.638 4.639 4.640 4.640 4.639 4.638 4.638 4.637
7.818 7.894 7.894 7.775 7.656 7.537 7.418 7.300 7.146 6.973 6.800 6.627 6.454 6.281 6.108 5.952 5.876 5.800 5.724 5.648 5.572 5.496 5.420 5.344 5.268 5.192 5.229 5.351 5.472 5.594 5.606 5.542 5.477 5.412 5.347 5.282 5.217 5.152 5.087 5.022 4.957 4.893 4.828 4.763 4.695 4.691 4.688 4.684 4.681 4.677 4.673 4.670 4.666 4.662 4.659 4.655 4.651 4.647 4.645 4.646 4.647 4.649 4.650 4.651 4.652 4.654 4.655 4.656 4.657 4.658 4.660 4.661 4.661 4.660 4.659 4.658 4.658
7.896 7.972 8.021 7.902 7.783 7.664 7.546 7.401 7.228 7.055 6.882 6.709 6.536 6.363 6.190 6.017 5.923 5.847 5.771 5.695 5.619 5.543 5.467 5.391 5.315 5.316 5.438 5.559 5.681 5.803 5.885 5.821 5.756 5.691 5.626 5.561 5.496 5.431 5.366 5.302 5.237 5.172 5.107 5.003 4.766 4.740 4.728 4.716 4.703 4.698 4.694 4.691 4.687 4.683 4.680 4.676 4.672 4.669 4.665 4.666 4.667 4.668 4.670 4.671 4.672 4.674 4.675 4.676 4.678 4.679 4.680 4.681 4.681 4.680 4.680 4.679 4.678
7.973 8.049 8.126 8.029 7.910 7.792 7.656 7.484 7.311 7.138 6.964 6.791 6.619 6.446 6.273 6.100 5.970 5.894 5.818 5.742 5.666 5.590 5.514 5.438 5.404 5.525 5.647 5.768 5.890 6.012 6.133 6.100 6.035 5.970 5.905 5.841 5.776 5.711 5.646 5.581 5.516 5.451 5.374 5.137 4.900 4.796 4.784 4.772 4.760 4.748 4.736 4.723 4.711 4.705 4.701 4.697 4.693 4.690 4.686 4.686 4.687 4.689 4.690 4.691 4.693 4.694 4.695 4.696 4.698 4.699 4.700 4.701 4.702 4.701 4.700 4.700 4.699
8.051 8.127 8.203 8.156 8.037 7.912 7.739 7.566 7.393 7.220 7.047 6.874 6.701 6.528 6.355 6.182 6.017 5.941 5.865 5.789 5.713 5.637 5.561 5.491 5.613 5.734 5.856 5.977 6.099 6.221 6.342 6.379 6.314 6.250 6.185 6.120 6.055 5.990 5.925 5.860 5.795 5.730 5.509 5.272 5.035 4.853 4.841 4.829 4.817 4.805 4.792 4.780 4.768 4.756 4.743 4.731 4.719 4.711 4.708 4.706 4.707 4.709 4.710 4.711 4.713 4.714 4.715 4.717 4.718 4.719 4.720 4.721 4.722 4.722 4.721 4.720 4.720
8.129 8.205 8.281 8.283 8.165 7.994 7.821 7.648 7.475 7.302 7.129 6.956 6.783 6.610 6.437 6.264 6.091 5.988 5.912 5.836 5.760 5.684 5.608 5.700 5.822 5.943 6.065 6.186 6.308 6.430 6.551 6.658 6.594 6.529 6.464 6.399 6.334 6.269 6.204 6.139 6.074 5.881 5.644 5.407 5.170 4.933 4.898 4.885 4.873 4.861 4.849 4.837 4.825 4.812 4.800 4.788 4.776 4.764 4.752 4.736 4.730 4.729 4.730 4.732 4.733 4.734 4.735 4.737 4.738 4.739 4.740 4.741 4.742 4.742 4.742 4.741 4.740
8.323 8.347 8.370 8.411 8.249 8.076 7.903 7.730 7.557 7.384 7.211 7.038 6.866 6.693 6.520 6.347 6.174 6.035 5.959 5.883 5.807 5.731 5.787 5.909 6.031 6.152 6.274 6.395 6.517 6.639 6.760 6.882 6.873 6.808 6.743 6.678 6.613 6.548 6.483 6.418 6.252 6.015 5.778 5.541 5.304 5.067 4.954 4.942 4.930 4.918 4.906 4.893 4.881 4.869 4.857 4.845 4.833 4.821 4.803 4.782 4.775 4.769 4.763 4.758 4.753 4.754 4.756 4.757 4.758 4.759 4.760 4.761 4.762 4.763 4.762 4.761 4.761
8.526 8.549 8.572 8.485 8.325 8.155 7.986 7.813 7.640 7.467 7.294 7.121 6.948 6.775 6.602 6.429 6.256 6.083 6.006 5.930 5.854 5.875 5.996 6.118 6.240 6.361 6.483 6.604 6.726 6.848 6.969 7.091 7.152 7.087 7.022 6.957 6.892 6.828 6.763 6.624 6.387 6.150 5.913 5.676 5.439 5.202 5.011 4.999 4.987 4.974 4.962 4.950 4.938 4.926 4.914 4.902 4.890 4.872 4.851 4.830 4.819 4.813 4.808 4.802 4.797 4.791 4.785 4.779 4.778 4.779 4.780 4.782 4.783 4.784 4.783 4.782 4.780
8.728 8.732 8.634 8.535 8.391 8.222 8.053 7.884 7.714 7.545 7.376 7.203 7.030 6.857 6.684 6.511 6.339 6.166 6.053 5.977 5.962 6.084 6.206 6.327 6.449 6.570 6.692 6.814 6.935 7.057 7.178 7.300 7.422 7.366 7.301 7.236 7.172 7.107 6.996 6.759 6.522 6.285 6.048 5.811 5.574 5.337 5.100 5.056 5.043 5.031 5.019 5.007 4.995 4.983 4.970 4.958 4.941 4.921 4.900 4.879 4.864 4.858 4.852 4.847 4.841 4.835 4.830 4.824 4.818 4.812 4.807 4.802 4.803 4.804 4.803 4.801 4.799
8.881 8.782 8.684 8.585 8.457 8.288 8.119 7.950 7.781 7.611 7.443 7.273 7.104 6.935 6.766 6.594 6.421 6.248 6.100 6.050 6.171 6.293 6.415 6.536 6.658 6.779 6.901 7.023 7.144 7.266 7.388 7.509 7.631 7.645 7.581 7.516 7.451 7.367 7.130 6.893 6.656 6.419 6.182 5.945 5.708 5.471 5.234 5.112 5.100 5.088 5.076 5.064 5.051 5.039 5.027 5.011 4.990 4.969 4.949 4.928 4.908 4.902 4.897 4.891 4.885 4.880 4.874 4.868 4.863 4.857 4.851 4.845 4.839 4.834 4.827 4.820 4.818
