includes/camargue/floodfiles/results/res-0010.wd
ncols         906
nrows         631
xllcorner     362177.146667
yllcorner     6534725.688020
cellsize      20.000000
NODATA_value  -9999.000000
[rows 306 to 339 of 631, columns 308 to 384 of 906]
0.000 0.000 0.000 0.000 0.000 0.000 0.000 0.000 0.000 0.000 0.000 0.000 0.000 0.000 0.000 0.000 0.000 0.000 0.000 0.000 0.000 0.784 0.464 0.000 0.000 0.000 0.000 0.000 0.770 0.840 0.000 1.100 0.710 0.000 0.000 0.802 0.752 0.000 0.000 0.495 0.000 0.235 0.000 0.894 0.173 0.533 0.000 0.000 0.452 0.003 1.142 0.000 0.312 0.000 0.000 0.000 0.000 0.000 0.000 0.000 0.222 0.272 0.000 0.002 0.000 0.000 0.411 0.000 0.411 0.071 0.681 0.000 1.130 1.100 0.000 0.130 0.060
0.000 0.000 0.000 0.000 0.000 0.000 0.000 0.000 0.000 0.000 0.000 0.000 0.000 0.000 0.000 0.000 0.000 0.000 0.209 0.189 0.000 0.001 0.000 0.000 0.000 0.000 0.000 0.000 0.820 0.870 0.790 1.150 1.170 0.410 0.000 0.332 0.472 0.962 0.532 0.000 0.000 0.135 0.000 0.864 0.000 0.733 0.000 0.000 0.482 0.000 0.762 0.412 0.792 0.142 0.612 0.352 0.682 0.000 0.392 0.612 0.762 0.812 0.972 1.122 0.462 0.051 0.131 0.000 0.381 0.000 0.000 1.110 0.560 0.970 0.030 0.420 0.000
0.000 0.000 0.000 0.000 0.000 0.000 0.000 0.000 0.000 0.000 0.000 0.000 0.000 0.000 0.000 0.000 0.000 0.000 0.000 0.299 0.000 0.585 0.015 0.572 0.412 0.000 0.000 0.000 0.000 0.700 0.670 0.000 1.020 0.000 0.412 0.442 0.000 0.052 0.412 0.000 0.000 0.000 1.334 0.944 0.344 0.653 0.772 0.512 0.542 0.000 0.072 0.000 0.000 0.000 0.000 0.092 0.622 0.832 0.000 0.982 0.000 0.422 0.000 0.482 1.042 0.041 0.000 0.000 0.191 0.000 0.480 1.200 0.510 1.220 0.000 0.330 0.000
0.000 0.000 0.000 0.000 0.000 0.000 0.000 0.000 0.000 0.000 0.000 0.000 0.000 0.000 0.000 0.000 0.000 0.229 0.000 0.459 0.369 0.000 0.000 0.272 0.562 0.402 0.000 0.000 0.000 0.800 0.880 0.850 0.000 0.000 0.502 0.262 1.112 0.242 0.000 0.000 0.000 0.000 1.134 0.000 0.174 0.000 1.032 0.932 0.832 0.922 0.000 0.000 0.792 0.532 0.082 0.952 0.862 0.762 0.000 1.002 0.000 0.832 0.272 0.000 0.000 0.391 0.461 0.251 0.251 0.000 0.700 0.140 0.990 0.170 0.000 0.620 0.660
0.000 0.000 0.000 0.000 0.000 0.000 0.000 0.000 0.000 0.000 0.000 0.000 0.000 0.000 0.000 0.000 0.000 0.219 0.319 0.009 0.499 0.000 0.000 0.000 0.532 0.542 0.572 0.000 0.000 0.000 0.860 0.640 0.000 0.382 0.472 0.000 0.262 0.192 0.000 0.000 0.241 0.000 0.824 0.295 0.135 0.015 0.000 0.000 0.532 0.852 0.932 0.212 0.000 0.000 0.782 0.132 1.182 0.452 0.000 0.732 0.212 0.000 0.000 0.731 0.381 0.281 0.291 0.401 0.160 0.840 0.910 0.000 0.530 1.030 0.730 0.710 0.590
0.000 0.000 0.000 0.000 0.000 0.000 0.000 0.000 0.000 0.000 0.000 0.000 0.000 0.000 0.000 0.000 0.000 0.129 0.219 0.199 0.279 0.000 0.000 0.582 0.252 0.402 0.172 0.512 0.000 0.080 0.610 0.150 0.000 0.722 0.452 0.601 0.000 0.502 0.000 0.410 0.000 0.900 0.246 0.645 0.645 0.325 0.115 0.423 0.242 0.762 0.942 0.832 0.322 0.000 0.000 0.000 0.912 0.202 0.000 0.752 0.642 1.282 0.000 0.971 0.451 0.581 0.441 0.000 1.280 1.130 0.000 0.830 0.910 0.850 0.790 0.420 0.560
0.000 0.000 0.000 0.000 0.000 0.000 0.000 0.000 0.000 0.000 0.000 0.000 0.000 0.000 0.169 0.269 0.379 0.229 0.049 0.149 0.299 0.000 0.000 0.000 0.172 0.332 0.572 0.004 0.292 0.000 0.000 0.938 0.000 0.582 0.000 0.801 0.551 0.000 0.700 0.900 0.000 0.740 0.000 0.000 0.000 0.126 0.255 0.063 0.472 0.452 0.802 0.752 1.132 0.000 0.000 0.000 0.000 0.632 0.742 0.312 0.652 0.752 0.000 0.901 0.000 0.491 1.181 0.811 0.000 0.000 0.680 0.760 0.710 0.360 0.690 0.520 0.600
0.000 0.000 0.000 0.000 0.000 0.000 0.000 0.000 0.000 0.000 0.000 0.000 0.000 0.099 0.000 0.289 0.499 0.289 0.049 0.000 0.000 0.000 0.000 0.000 0.000 0.000 0.532 0.582 0.352 0.000 0.785 0.125 0.892 0.472 0.000 0.000 0.401 0.000 0.780 0.730 1.170 0.910 0.820 0.320 0.010 0.677 0.106 0.044 0.492 0.000 0.092 0.722 1.062 0.392 0.892 0.802 0.742 0.802 0.792 0.792 0.292 0.262 0.421 1.011 0.000 0.931 0.341 0.651 0.961 1.030 0.800 0.610 0.140 0.000 0.700 0.430 0.440
0.000 0.000 0.000 0.000 0.000 0.000 0.000 0.000 0.000 0.000 0.000 0.000 0.000 0.209 0.209 0.259 0.309 0.029 0.179 0.229 0.003 0.000 0.000 0.000 0.000 0.000 0.472 0.482 0.000 1.042 0.000 0.000 0.472 0.512 0.382 0.000 0.690 1.000 0.710 0.000 1.100 0.000 0.410 0.660 0.800 0.150 0.000 0.000 0.143 0.243 0.000 0.000 1.212 1.132 0.852 0.572 0.762 0.702 0.752 0.582 0.972 1.002 0.311 0.971 0.891 0.831 0.511 0.251 0.501 0.000 0.830 0.470 0.780 0.000 0.700 0.000 0.000
0.000 0.000 0.000 0.000 0.000 0.000 0.000 0.000 0.000 0.000 0.000 0.000 0.000 0.109 0.000 0.189 0.479 0.019 0.309 0.000 0.101 0.000 0.000 0.000 0.000 0.000 0.082 0.152 0.192 0.382 0.672 0.602 0.602 0.000 0.000 0.691 0.003 0.900 0.650 0.000 0.920 0.190 0.100 0.700 0.030 0.630 0.470 0.340 0.079 0.000 0.363 0.622 0.532 0.182 0.512 0.512 0.572 0.382 0.002 0.000 0.000 0.000 0.721 0.000 0.861 0.851 0.651 0.971 0.501 0.990 0.420 0.410 0.000 0.000 0.940 0.000 0.000
0.000 0.000 0.000 0.000 0.000 0.000 0.000 0.000 0.000 0.000 0.000 0.000 0.000 0.000 0.119 0.409 0.000 0.189 0.000 0.000 0.000 0.000 0.000 0.000 0.000 0.382 0.462 0.462 0.542 0.522 0.192 0.712 0.812 0.512 0.592 0.341 0.041 1.000 0.260 1.190 0.680 0.760 0.510 0.460 0.590 0.570 0.650 0.800 0.760 0.187 0.663 0.000 0.282 0.000 0.492 0.242 0.272 0.631 0.661 0.021 0.721 0.021 0.981 0.000 0.671 0.321 0.661 0.881 0.011 0.230 0.900 0.860 0.880 0.000 0.840 0.000 0.000
0.000 0.000 0.000 0.000 0.000 0.000 0.000 0.000 0.000 0.000 0.000 0.000 0.000 0.000 0.000 0.379 0.000 0.000 0.000 0.000 0.000 0.000 0.000 0.000 0.000 0.000 0.392 0.000 0.232 0.442 0.332 0.000 0.702 0.442 0.000 0.441 0.630 0.910 0.000 1.200 0.090 0.430 0.530 0.310 0.910 0.420 0.450 0.660 0.420 0.000 0.000 0.192 0.422 0.502 0.000 0.632 0.000 0.801 0.821 0.901 0.511 0.851 1.001 0.000 0.831 0.000 0.931 0.911 0.000 0.410 0.000 0.220 0.230 0.510 0.580 0.690 0.650
0.000 0.000 0.000 0.000 0.000 0.000 0.000 0.000 0.000 0.000 0.000 0.000 0.000 0.000 0.000 0.002 0.183 0.000 0.000 0.000 0.000 0.000 0.000 0.000 0.000 0.392 0.452 0.000 0.932 0.222 0.000 0.502 0.662 0.612 0.562 0.000 0.000 0.430 0.880 1.160 1.070 0.520 0.530 0.580 0.770 0.660 0.680 0.840 0.530 0.420 0.000 0.000 0.000 0.542 0.512 0.000 0.221 0.161 0.171 0.481 0.501 0.911 0.951 0.661 0.661 0.000 0.881 0.721 0.000 0.000 0.180 0.550 0.800 0.560 0.540 0.670 0.000
0.000 0.000 0.000 0.000 0.000 0.000 0.000 0.000 0.000 0.000 0.000 0.000 0.000 0.000 0.004 0.354 0.000 0.242 0.000 0.000 0.000 0.000 0.000 0.082 0.412 0.462 0.422 0.000 0.352 0.000 0.742 0.712 0.642 0.672 0.502 0.021 0.250 0.320 0.230 0.180 0.250 0.540 0.580 0.690 0.790 0.650 0.780 0.880 0.610 0.670 0.870 0.000 0.000 0.000 0.582 0.562 0.000 0.701 0.671 0.591 0.781 0.961 1.121 0.641 0.151 0.000 0.831 0.771 0.000 0.301 1.071 0.000 0.000 0.120 0.000 0.650 0.430
0.000 0.000 0.000 0.000 0.000 0.000 0.000 0.000 0.000 0.000 0.003 0.000 0.000 0.000 0.000 0.214 0.394 0.000 0.000 0.000 0.000 0.000 0.000 0.372 0.542 0.622 0.272 0.792 0.372 0.822 1.202 0.572 0.122 0.462 0.442 0.201 0.151 0.004 0.000 0.060 0.000 0.400 0.610 0.640 0.660 0.630 0.660 0.710 0.580 0.770 0.640 0.460 0.000 0.540 0.000 0.402 0.542 0.000 0.781 0.181 0.421 0.791 0.341 0.721 0.341 0.631 0.851 0.591 0.611 0.401 0.911 0.030 0.380 0.460 0.000 0.250 0.000
0.000 0.000 0.000 0.000 0.000 0.000 0.000 0.000 0.000 0.000 0.001 0.007 0.180 0.170 0.000 0.000 0.000 0.000 0.000 0.000 0.000 0.150 0.360 0.007 0.222 0.652 0.222 0.000 0.562 1.052 0.272 0.592 0.272 0.492 0.322 0.431 0.000 0.381 0.351 0.471 0.380 0.340 0.560 0.580 0.560 0.630 0.600 0.680 0.560 0.670 0.690 0.630 0.420 0.080 0.590 0.000 0.762 0.742 0.000 0.911 0.000 0.401 0.281 0.351 0.000 0.881 0.821 0.000 0.601 0.761 0.000 0.000 0.210 0.000 0.050 0.170 0.310
0.000 0.000 0.000 0.000 0.000 0.000 0.000 0.000 0.000 0.084 0.124 0.000 0.090 0.220 0.440 0.350 0.000 0.000 0.000 0.000 0.000 0.000 0.000 0.452 0.542 0.662 0.542 0.542 0.562 0.182 0.452 0.442 0.152 0.562 0.092 0.611 0.521 0.491 0.000 0.000 0.000 0.120 0.440 0.490 0.500 0.570 0.540 0.600 0.530 0.640 0.760 0.680 0.480 0.320 0.170 0.750 0.000 0.812 0.542 0.000 0.000 0.751 0.691 0.751 0.361 0.911 0.851 0.000 0.000 0.611 0.631 0.371 0.630 0.590 0.900 0.640 0.000
0.000 0.000 0.000 0.000 0.000 0.000 0.000 0.000 0.000 0.000 0.002 0.011 0.000 0.240 0.100 0.120 0.410 0.150 0.000 0.000 0.000 0.000 0.027 0.502 0.982 0.000 0.000 0.552 0.642 0.592 0.602 0.502 0.282 0.512 0.332 0.601 0.531 0.551 0.171 0.561 0.531 0.511 0.330 0.000 0.410 0.520 0.520 0.520 0.500 0.600 0.670 0.660 0.510 0.600 0.220 0.000 0.872 0.172 0.652 0.082 0.082 0.000 0.611 0.931 0.000 0.781 0.261 0.000 0.000 0.511 0.101 0.000 0.890 0.810 0.860 0.580 0.700
0.000 0.000 0.000 0.000 0.000 0.000 0.000 0.000 0.225 0.135 0.001 0.220 0.250 0.300 0.150 0.160 0.250 0.170 0.010 0.360 0.000 0.000 0.059 0.000 0.353 0.644 0.153 0.732 0.462 0.602 0.532 0.000 0.352 0.552 0.042 1.041 0.000 0.000 0.351 0.541 0.481 0.421 0.530 0.530 0.480 0.520 0.000 0.460 0.480 0.520 0.610 0.400 0.160 0.440 0.620 0.000 0.000 0.612 0.000 0.322 0.842 0.000 0.661 0.591 0.000 0.000 0.341 0.000 0.000 0.091 0.821 0.000 0.850 0.000 0.920 0.860 0.410
0.000 0.000 0.000 0.000 0.000 0.000 0.000 0.000 0.000 0.000 0.000 0.000 0.760 0.210 0.170 0.190 0.290 0.200 0.320 0.160 0.000 0.559 0.389 0.209 0.074 0.654 0.000 1.392 0.672 0.082 0.562 0.562 0.022 0.592 0.501 0.631 1.001 1.021 1.091 0.991 0.000 0.000 0.440 0.560 0.550 0.520 0.520 0.480 0.490 0.280 0.610 0.440 0.430 0.150 0.000 0.682 0.000 0.812 0.652 0.442 0.000 0.981 0.761 0.811 0.000 0.000 0.801 0.621 0.141 0.821 0.021 0.870 0.780 0.190 0.380 0.200 0.120
0.000 0.000 0.000 0.000 0.000 0.000 0.000 0.000 0.000 0.000 0.007 0.220 0.730 0.630 0.550 0.290 0.180 0.020 0.770 0.730 0.000 0.659 0.599 0.000 1.024 0.824 1.284 0.000 0.642 0.502 0.582 0.302 0.492 0.522 0.162 0.131 0.751 0.851 0.881 0.821 0.781 0.931 1.050 0.000 0.000 0.000 0.570 0.540 0.440 0.320 0.560 0.040 0.420 0.680 0.000 0.000 0.492 0.262 0.003 0.000 0.801 0.871 0.381 0.000 0.041 0.441 1.251 0.111 0.181 0.071 0.780 0.900 0.000 0.540 0.900 0.780 0.000
0.000 0.000 0.000 0.000 0.000 0.000 0.000 0.000 0.000 0.000 0.000 0.000 0.530 0.410 0.640 0.670 0.620 0.090 0.720 0.700 0.239 0.000 0.619 0.187 0.194 0.284 0.000 0.673 0.353 0.352 0.000 0.442 0.000 0.532 0.542 0.261 0.361 0.351 0.000 0.000 0.631 0.741 0.820 0.550 0.570 0.590 0.440 0.000 0.559 0.559 0.050 0.190 0.450 0.000 0.000 0.000 0.232 0.000 0.291 0.841 0.681 0.000 0.571 0.181 0.000 0.821 0.461 0.921 0.271 0.720 0.750 0.000 0.000 0.000 0.390 0.000 0.710
0.000 0.000 0.000 0.000 0.000 0.000 0.000 0.000 0.013 0.000 0.000 0.000 0.310 0.300 0.470 0.600 0.180 0.140 0.850 0.740 0.239 0.669 0.909 0.058 0.194 0.474 0.604 0.683 0.423 0.000 0.712 0.302 0.482 0.602 0.552 0.000 0.541 0.541 0.741 0.000 0.871 0.000 0.000 0.000 0.600 0.570 0.600 0.109 0.558 0.069 0.750 0.330 0.090 0.000 0.000 0.432 0.342 0.000 0.671 0.581 0.000 0.121 0.091 0.041 0.141 0.000 0.151 0.000 0.901 0.861 0.340 0.730 0.000 0.000 0.000 0.730 0.800
0.000 0.000 0.000 0.000 0.000 0.000 0.000 0.000 0.000 0.000 0.009 0.000 0.009 0.360 0.310 0.330 0.380 0.000 0.910 0.810 0.029 0.329 0.199 0.239 0.000 0.425 0.444 0.000 0.523 0.483 0.212 0.982 0.342 0.782 0.000 0.331 0.291 0.301 0.000 1.031 1.161 0.451 0.160 0.590 0.640 0.630 0.329 0.568 0.698 0.848 0.000 0.000 0.460 0.690 0.000 0.581 0.000 0.021 0.000 0.461 0.201 0.331 0.000 0.000 0.231 1.131 1.261 0.571 0.481 0.581 0.121 0.000 0.000 0.000 0.000 0.820 0.590
0.000 0.000 0.000 0.000 0.000 0.000 0.000 0.000 0.000 0.000 0.018 0.130 0.013 0.000 0.000 0.080 0.270 0.000 0.940 0.630 0.509 0.379 0.000 0.669 0.198 0.387 0.000 0.589 0.000 0.563 0.392 0.000 0.472 0.082 0.811 0.801 0.461 0.641 0.091 0.801 0.000 0.490 0.710 0.000 0.880 0.650 0.399 0.738 0.728 0.807 0.537 0.197 0.000 0.000 0.231 0.451 0.000 0.241 0.821 0.911 0.541 0.451 0.211 0.041 1.001 0.661 0.801 0.000 0.051 0.671 0.661 0.740 0.000 0.000 0.830 0.930 0.120
0.000 0.000 0.000 0.000 0.000 0.000 0.082 0.000 0.000 0.168 0.258 0.000 0.153 0.000 0.000 0.090 0.590 0.000 0.880 0.000 0.449 0.239 0.189 0.289 0.089 0.449 0.859 0.569 0.489 0.066 0.352 0.522 0.232 0.621 0.591 0.000 0.761 0.000 1.071 0.291 0.000 0.720 0.190 0.540 0.660 0.000 0.148 0.728 0.658 0.677 0.657 0.457 0.366 0.000 0.371 0.000 0.070 0.000 0.000 0.000 0.151 0.000 0.121 0.291 0.971 0.000 0.121 0.031 0.031 0.581 0.000 1.010 0.580 0.800 0.900 0.950 0.370
0.000 0.000 0.000 0.000 0.000 0.000 0.000 0.000 0.000 0.000 0.049 0.179 0.000 0.000 0.000 0.530 0.280 0.680 0.700 0.000 0.439 0.359 0.379 0.149 0.319 0.519 0.519 0.059 0.629 0.639 0.000 0.592 0.152 0.000 0.671 0.721 0.641 1.111 0.711 0.000 0.700 0.760 0.000 0.660 0.000 0.000 0.138 0.228 0.247 0.557 0.587 0.836 0.204 0.192 0.541 0.000 0.520 0.070 0.130 0.000 0.011 0.000 0.021 0.071 0.561 0.941 0.141 0.151 0.251 0.000 0.000 0.020 0.420 0.350 0.980 0.200 0.000
0.001 0.000 0.000 0.000 0.000 0.000 0.000 0.045 0.075 0.000 0.209 0.299 0.000 0.000 0.000 0.070 0.490 0.360 0.320 0.330 0.110 0.259 0.389 0.259 0.329 0.419 0.249 0.689 0.519 0.649 0.579 0.000 0.019 0.539 0.134 0.671 0.000 0.711 0.000 0.000 0.750 0.000 0.170 0.710 0.000 0.000 0.000 0.007 0.000 0.366 0.516 0.586 0.242 0.301 0.511 0.071 0.000 0.320 0.640 0.150 0.000 0.000 0.841 1.751 1.101 0.000 0.201 0.000 0.000 0.000 0.480 0.660 0.750 0.430 0.490 0.000 0.155
0.001 0.023 0.000 0.000 0.000 0.000 0.000 0.075 0.003 0.002 0.119 0.119 0.000 0.236 0.096 0.000 0.860 0.850 0.170 0.580 0.920 0.000 0.679 0.549 0.879 1.179 0.309 0.229 0.659 0.000 0.569 0.499 0.449 0.459 0.068 0.009 0.640 0.000 0.060 0.660 0.650 0.000 0.430 0.000 0.051 0.291 0.000 0.139 0.203 0.304 0.193 0.004 0.509 0.519 0.000 0.000 0.460 0.000 0.011 0.180 0.000 0.341 0.000 1.051 0.981 0.251 0.161 0.000 0.000 0.520 0.060 0.620 0.220 0.790 0.400 0.550 0.063
0.000 0.000 0.000 0.000 0.027 0.000 0.000 0.000 0.000 0.000 0.002 0.149 0.000 0.036 0.000 0.000 0.000 0.230 0.030 0.660 0.370 0.000 0.030 0.569 0.000 0.040 0.790 0.000 0.800 0.760 0.000 0.349 0.099 0.230 0.260 0.160 0.650 0.000 0.000 0.950 0.000 0.280 0.170 0.000 0.241 0.000 0.000 0.226 0.000 0.127 0.456 0.416 0.198 0.478 0.000 0.700 0.770 0.440 0.890 0.490 0.130 0.000 1.161 0.801 0.000 0.000 0.000 0.014 0.194 0.000 0.360 0.450 0.530 0.980 0.890 0.040 0.000
0.000 0.062 0.000 0.003 0.127 0.097 0.008 0.000 0.000 0.000 0.350 0.000 0.000 0.003 0.011 0.240 0.750 0.660 0.820 0.000 0.670 0.970 0.650 0.500 0.011 0.000 0.680 0.320 0.780 0.590 0.610 0.060 0.470 0.500 0.290 0.650 0.240 0.002 0.661 0.131 0.000 0.290 0.000 0.111 0.231 0.151 0.000 0.184 0.264 0.424 0.384 0.224 0.096 0.447 0.547 0.000 0.000 0.000 0.000 0.370 0.220 0.110 0.000 0.000 0.029 0.329 0.629 0.002 0.000 0.110 0.780 0.000 1.040 0.920 0.370 0.000 0.000
0.000 0.000 0.000 0.397 0.127 0.237 0.187 0.000 0.000 0.030 0.510 0.000 0.000 0.000 1.000 0.490 0.510 0.440 0.020 1.080 0.000 0.510 1.090 0.070 1.180 0.100 0.600 0.140 0.000 0.780 0.190 0.760 0.530 0.420 0.960 0.550 0.000 0.911 0.621 0.000 0.131 0.171 0.521 0.381 0.000 0.281 0.000 0.233 0.173 0.223 0.434 0.343 0.314 0.204 0.116 0.000 1.010 0.970 0.290 0.230 0.000 0.000 0.000 0.000 0.259 0.149 0.000 0.000 0.470 0.740 0.000 0.290 0.980 0.090 0.150 0.000 0.000
0.000 0.134 0.000 0.057 0.207 0.107 0.167 0.247 0.000 0.000 0.530 0.000 0.000 0.000 0.520 0.000 0.000 0.000 0.510 0.530 0.000 0.880 0.410 0.240 0.390 0.230 0.770 0.000 0.100 0.730 0.000 0.750 0.180 0.350 0.000 1.220 0.000 0.561 0.000 0.431 0.401 0.000 0.041 0.191 0.191 0.181 0.000 0.191 0.070 0.419 0.000 0.451 0.000 0.249 0.000 0.241 0.360 0.240 0.400 0.000 0.000 1.279 1.239 0.979 0.259 0.449 0.349 0.000 1.020 1.040 0.030 0.910 0.000 0.810 0.770 0.000 0.305
0.134 0.314 0.304 0.514 0.000 0.197 0.137 0.097 0.117 0.000 0.470 0.000 0.000 0.000 0.130 0.880 0.780 0.720 0.000 0.780 0.000 1.160 0.000 0.030 0.370 0.200 0.730 0.630 0.610 0.350 0.140 0.540 0.000 0.020 0.090 0.210 0.000 0.039 0.000 0.000 0.241 0.171 0.241 0.000 0.000 0.000 0.000 0.199 0.558 0.388 0.328 0.308 0.287 0.205 0.451 0.591 0.090 0.650 0.043 0.571 0.330 0.989 0.989 0.049 0.589 0.079 0.000 0.920 0.880 0.000 0.018 0.000 0.201 0.051 0.000 0.155 0.745
