includes/camargue/floodfiles/results/res-0003.wdfp
ncols         906
nrows         631
xllcorner     362177.146667
yllcorner     6534725.688020
cellsize      20.000000
NODATA_value  -9999.000000
[rows 442 to 475 of 631, columns 154 to 230 of 906]
0.000 0.000 0.000 0.000 0.000 0.000 0.000 0.000 0.000 0.000 0.000 0.000 0.000 0.000 0.000 0.000 0.000 0.000 0.000 0.000 0.000 0.000 0.000 0.000 0.000 0.000 0.000 0.000 0.000 0.000 0.000 0.000 0.000 0.000 0.000 0.000 0.000 0.000 0.000 0.000 0.000 0.000 0.000 0.000 0.000 0.000 0.000 0.000 0.000 0.000 0.000 0.006 3.749 3.729 3.929 2.772 2.753 4.028 3.948 2.698 2.680 2.686 4.137 3.887 3.947 3.887 3.956 3.816 3.836 3.815 3.725 3.805 3.804 3.644 3.714 3.674 3.643
0.000 0.000 0.000 0.000 0.000 0.000 0.000 0.000 0.000 0.000 0.000 0.000 0.000 0.000 0.000 0.000 0.000 0.000 0.000 0.000 0.000 0.000 0.000 0.000 0.000 0.000 0.000 0.000 0.000 0.000 0.000 0.000 0.000 0.000 0.000 0.000 0.000 0.000 0.000 0.000 0.000 0.000 0.000 0.000 0.000 0.000 0.000 0.000 0.000 0.000 0.000 0.000 0.012 3.929 3.919 2.967 2.949 4.129 4.188 2.894 2.876 4.018 4.158 3.958 3.867 3.827 3.756 3.766 3.826 3.726 3.725 3.715 3.795 3.775 3.674 3.764 3.704
0.000 0.000 0.000 0.000 0.000 0.000 0.000 0.000 0.000 0.000 0.000 0.000 0.000 0.000 0.000 0.000 0.000 0.000 0.000 0.000 0.000 0.000 0.000 0.000 0.000 0.000 0.000 0.000 0.000 0.000 0.000 0.000 0.000 0.000 0.000 0.000 0.000 0.000 0.000 0.000 0.000 0.000 0.000 0.000 0.000 0.000 0.000 0.000 0.000 0.000 0.000 0.000 0.008 3.889 3.819 3.163 3.144 3.126 3.108 3.090 3.079 3.988 3.838 3.968 3.877 3.817 3.867 3.807 3.816 3.746 3.726 3.806 3.765 3.755 3.585 3.675 3.645
0.000 0.000 0.000 0.000 0.000 0.000 0.000 0.000 0.000 0.000 0.000 0.000 0.000 0.000 0.000 0.000 0.000 0.000 0.000 0.000 0.000 0.000 0.000 0.000 0.000 0.000 0.000 0.000 0.000 0.000 0.000 0.000 0.000 0.000 0.000 0.000 0.000 0.000 0.000 0.000 0.000 0.000 0.000 0.000 0.000 0.000 0.000 0.000 0.000 0.000 0.000 0.001 0.009 4.139 3.909 3.358 3.340 3.322 3.304 3.285 3.989 3.938 3.928 3.878 3.848 3.957 3.857 3.827 3.807 3.796 3.726 3.656 3.616 3.786 3.795 3.735 3.675
0.000 0.000 0.000 0.000 0.000 0.000 0.000 0.000 0.000 0.000 0.000 0.000 0.000 0.000 0.000 0.000 0.000 0.000 0.000 0.000 0.000 0.000 0.000 0.000 0.000 0.000 0.000 0.000 0.000 0.000 0.000 0.000 0.000 0.000 0.000 0.000 0.000 0.000 0.000 0.000 0.000 0.000 0.000 0.000 0.000 0.000 0.000 0.000 0.000 0.000 0.000 0.001 0.024 4.000 3.940 3.554 3.536 3.518 3.499 3.481 4.059 3.989 3.958 3.918 3.958 3.948 3.847 3.907 3.857 3.837 3.787 3.836 3.716 3.826 3.636 3.706 3.736
0.000 0.000 0.000 0.000 0.000 0.000 0.000 0.000 0.000 0.000 0.000 0.000 0.000 0.000 0.000 0.000 0.000 0.000 0.000 0.000 0.000 0.000 0.000 0.000 0.000 0.000 0.000 0.000 0.002 0.002 0.000 0.000 0.000 0.000 0.000 0.000 0.000 0.000 0.000 0.000 0.000 0.000 0.000 0.000 0.000 0.000 0.000 0.000 0.000 0.000 0.002 0.009 4.210 4.210 4.180 3.750 3.732 3.713 3.695 3.679 4.129 3.839 4.009 3.908 3.868 3.918 3.838 3.878 3.887 3.847 3.747 3.887 3.757 3.716 3.776 3.806 3.736
0.000 0.000 0.000 0.000 0.000 0.000 0.000 0.000 0.000 0.000 0.000 0.000 0.000 0.000 0.000 0.000 0.000 0.000 0.000 0.000 0.000 0.000 0.000 0.000 0.000 0.000 0.001 0.000 0.008 0.008 0.000 0.003 0.003 0.003 0.003 0.003 0.003 0.003 0.003 0.004 0.003 0.003 0.003 0.003 0.003 0.003 0.002 0.003 0.003 0.003 0.003 0.025 3.934 3.982 3.964 3.945 3.927 3.909 3.891 4.060 3.890 4.049 3.999 3.999 3.849 3.858 4.088 4.108 3.858 3.857 3.767 3.787 3.637 3.717 3.727 3.506 3.756
0.000 0.000 0.000 0.000 0.000 0.000 0.000 0.000 0.000 0.000 0.000 0.000 0.000 0.000 0.000 0.000 0.000 0.000 0.000 0.000 0.000 0.000 0.000 0.000 0.000 0.000 0.009 0.020 2.445 2.755 0.020 0.010 0.010 0.010 0.010 0.010 0.010 0.010 0.010 0.009 0.009 0.009 0.009 0.009 0.009 0.009 0.010 0.009 0.009 0.010 0.026 4.121 4.211 4.118 4.160 4.141 4.123 4.105 4.086 4.090 4.020 4.029 3.969 3.939 3.999 3.939 3.968 4.058 3.928 3.918 3.788 3.847 3.767 3.737 3.597 3.797 3.737
0.000 0.000 0.000 0.000 0.000 0.000 0.000 0.000 0.000 0.000 0.000 0.000 0.000 0.000 0.000 0.000 0.000 0.000 0.000 0.000 0.000 0.000 0.000 0.000 0.001 0.018 3.095 3.245 3.565 3.665 3.515 3.585 3.455 3.485 3.675 3.685 3.725 3.845 3.684 3.844 4.024 3.844 3.944 3.784 3.764 3.803 3.783 3.713 3.813 3.832 3.982 4.153 4.202 4.251 4.301 4.337 4.319 4.300 4.282 4.140 4.030 4.000 4.000 4.089 4.049 3.829 3.979 3.819 3.978 3.868 3.908 3.828 3.858 3.808 3.867 3.877 3.707
0.000 0.000 0.000 0.000 0.000 0.000 0.000 0.000 0.000 0.000 0.000 0.000 0.000 0.000 0.000 0.000 0.000 0.002 0.002 0.003 0.004 0.003 0.003 0.001 0.020 3.166 3.565 3.415 3.695 3.695 3.545 3.705 3.635 3.805 3.915 3.855 3.885 4.015 4.074 4.204 4.084 4.054 4.114 4.044 3.279 4.213 3.837 4.089 4.123 4.012 4.237 4.286 4.336 4.385 4.435 4.484 4.514 4.496 4.484 4.171 4.150 4.060 4.060 4.040 3.929 3.879 4.059 3.919 3.879 3.918 4.038 3.918 3.798 3.578 3.858 3.848 3.758
0.000 0.000 0.000 0.000 0.000 0.000 0.000 0.006 0.006 0.014 0.010 0.000 0.003 0.004 0.004 0.003 0.000 0.008 0.008 0.011 0.010 0.010 0.011 0.023 3.776 3.646 3.816 3.795 3.785 3.505 3.525 3.685 3.575 3.895 3.965 4.025 4.045 4.215 2.256 4.154 4.204 4.174 2.935 4.194 3.493 3.772 4.213 4.143 4.033 4.113 4.371 4.420 4.469 4.519 4.568 4.618 4.667 4.692 4.201 4.161 4.191 4.040 4.010 4.060 3.960 4.019 3.939 3.899 3.909 3.839 3.829 3.769 3.838 3.848 3.908 3.888 3.868
0.000 0.000 0.000 0.000 0.000 0.000 0.000 3.307 3.407 3.157 2.687 0.022 0.012 0.011 0.011 0.011 0.021 3.246 3.586 3.896 3.826 3.886 3.906 3.986 3.786 4.126 3.806 3.965 3.825 3.925 3.675 3.695 3.835 3.815 3.925 2.435 2.504 2.586 2.668 4.105 4.094 4.054 3.149 3.428 3.707 3.986 4.143 4.083 4.406 4.455 4.504 4.554 4.603 4.653 4.702 4.752 4.801 4.834 4.191 4.161 4.151 4.131 4.596 4.010 3.920 4.000 3.930 3.809 3.829 3.809 3.819 3.799 3.799 3.859 3.839 3.808 3.888
0.000 0.000 0.000 0.000 3.707 4.027 3.948 3.897 3.937 3.887 3.747 1.557 3.657 3.827 3.907 3.826 3.896 3.906 3.956 3.886 4.006 3.936 4.026 4.036 4.186 4.026 4.026 3.966 3.935 3.886 3.845 4.055 4.005 4.155 4.195 4.035 4.125 4.135 3.080 3.162 3.244 3.326 3.408 3.642 3.921 4.200 4.440 4.490 4.539 4.588 4.638 4.687 4.737 4.786 4.810 4.814 4.818 4.202 4.799 4.171 4.071 4.121 3.981 3.951 4.497 3.990 3.910 3.910 3.840 3.809 3.889 3.799 3.839 3.829 3.899 3.999 3.819
0.000 0.000 4.067 4.127 4.048 4.168 4.058 3.907 3.977 4.067 4.027 4.017 4.047 4.107 3.927 3.927 4.027 3.887 3.967 4.097 4.076 4.006 4.126 4.046 4.106 4.116 4.156 4.086 4.046 4.036 3.996 3.976 4.115 4.165 4.075 4.085 3.328 3.410 4.205 3.574 4.185 4.144 3.820 3.902 4.135 4.414 4.574 4.623 4.673 4.722 4.772 4.786 4.789 4.794 4.798 4.802 4.806 4.798 4.778 4.152 4.081 4.001 4.031 3.921 4.080 4.070 3.940 3.860 3.930 3.980 3.840 3.859 3.869 3.849 3.889 3.789 3.909
4.138 4.077 4.137 4.118 4.178 4.128 4.047 4.157 4.097 4.127 4.097 3.294 4.107 3.165 4.027 4.027 4.057 3.997 4.027 4.077 3.966 4.046 4.006 4.186 4.136 4.156 4.016 4.166 4.056 4.106 4.126 3.386 3.452 4.166 4.216 3.658 3.740 3.822 3.904 3.986 4.068 4.150 4.232 4.314 4.396 4.628 4.707 4.757 4.761 4.765 4.769 4.773 4.777 4.781 4.785 4.789 4.793 4.777 4.142 4.112 4.718 4.081 4.091 4.111 4.021 3.951 4.100 3.850 4.020 4.000 3.910 3.900 3.780 3.800 3.709 3.889 3.860
2.966 4.117 4.168 4.057 4.187 4.137 4.157 3.874 4.177 4.187 3.603 4.187 3.422 4.157 4.177 4.167 4.127 4.177 4.177 4.167 4.127 4.156 4.096 4.116 4.206 4.216 4.186 3.539 4.046 3.664 4.216 3.790 3.856 3.922 3.988 4.205 4.205 4.234 4.316 4.398 4.480 4.562 4.644 4.726 4.751 4.741 4.741 4.745 4.749 4.753 4.757 4.761 4.765 4.769 4.773 4.777 4.776 4.756 4.736 4.162 4.012 4.202 4.181 4.081 4.171 4.101 4.041 4.071 4.061 3.970 3.860 3.920 3.950 3.980 3.890 3.920 3.840
4.168 3.585 3.994 4.138 4.148 4.193 4.184 4.093 4.003 3.912 3.822 3.731 4.177 3.681 3.730 4.167 4.057 4.127 4.147 4.187 4.217 3.769 3.701 4.176 3.758 3.821 3.883 3.946 4.009 4.071 4.134 4.197 4.261 4.326 4.400 4.482 4.564 4.646 4.728 4.803 4.794 4.786 4.777 4.768 4.759 4.745 4.729 4.733 4.737 4.741 4.745 4.749 4.753 4.757 4.761 4.765 4.755 4.735 4.715 4.695 4.172 4.656 4.132 4.072 4.141 4.071 4.041 4.141 3.981 3.991 3.961 3.871 3.920 3.890 3.740 3.890 3.880
3.386 4.098 4.178 4.255 4.282 4.308 4.335 4.312 4.221 4.131 4.040 3.950 3.890 3.939 3.988 4.207 4.085 4.134 4.183 4.197 4.199 4.131 4.063 4.103 4.165 4.228 4.291 4.353 4.416 4.479 4.542 4.604 4.667 4.731 4.812 4.846 4.837 4.828 4.820 4.811 4.802 4.794 4.785 4.776 4.766 4.749 4.732 4.720 4.724 4.728 4.732 4.736 4.740 4.744 4.748 4.752 4.734 4.714 4.694 4.172 4.654 4.634 4.082 4.172 4.528 4.132 3.971 3.971 4.001 4.001 3.961 3.971 3.961 3.951 3.881 3.901 3.930
3.596 4.005 4.343 4.370 4.397 4.423 4.450 4.476 4.440 4.350 4.259 4.169 4.148 4.197 4.246 4.294 4.343 4.392 4.440 4.489 4.538 4.493 4.447 4.510 4.572 4.635 4.698 4.761 4.823 4.886 4.892 4.890 4.889 4.878 4.862 4.854 4.845 4.836 4.827 4.819 4.810 4.801 4.793 4.784 4.771 4.753 4.736 4.718 4.712 4.716 4.720 4.724 4.728 4.732 4.736 4.732 4.713 4.693 4.673 4.653 4.633 4.613 4.082 4.042 4.182 4.482 4.102 4.162 4.022 3.941 3.951 3.861 3.991 3.971 3.931 3.991 3.931
3.805 4.215 4.459 4.485 4.512 4.538 4.565 4.592 4.618 4.568 4.478 4.387 4.406 4.454 4.503 4.552 4.601 4.650 4.698 4.747 4.796 4.845 4.854 4.917 4.932 4.931 4.929 4.928 4.927 4.925 4.924 4.923 4.921 4.900 4.874 4.861 4.853 4.844 4.835 4.827 4.818 4.809 4.800 4.792 4.775 4.757 4.740 4.722 4.705 4.704 4.708 4.712 4.716 4.720 4.724 4.711 4.691 4.672 4.652 4.632 4.612 4.163 4.572 4.152 4.533 4.152 3.952 3.942 3.832 3.972 3.982 4.102 3.952 3.981 3.991 3.961 3.961
4.015 4.425 4.574 4.600 4.627 4.654 4.680 4.707 4.733 4.760 4.696 4.615 4.663 4.712 4.761 4.810 4.859 4.908 4.954 4.957 4.960 4.963 4.967 4.966 4.964 4.963 4.962 4.960 4.959 4.958 4.956 4.955 4.949 4.922 4.896 4.870 4.861 4.852 4.843 4.835 4.826 4.817 4.808 4.796 4.779 4.761 4.744 4.727 4.709 4.692 4.695 4.699 4.704 4.708 4.710 4.690 4.670 4.651 4.631 4.611 4.591 4.163 4.183 4.213 4.193 4.073 4.012 3.992 3.892 3.942 3.872 3.972 4.122 3.932 3.942 3.972 3.982
4.225 4.634 4.689 4.716 4.742 4.769 4.795 4.822 4.849 4.875 4.902 4.873 4.921 4.965 4.968 4.971 4.974 4.977 4.980 4.983 4.986 4.990 4.995 4.998 4.997 4.995 4.994 4.993 4.992 4.990 4.989 4.988 4.971 4.944 4.918 4.892 4.868 4.860 4.851 4.842 4.834 4.825 4.816 4.800 4.783 4.215 4.748 4.731 4.713 4.696 4.683 4.184 4.691 4.695 4.689 4.669 4.649 4.629 4.610 4.590 4.570 4.550 4.530 4.133 4.073 4.163 4.183 3.883 4.003 4.143 4.032 3.822 3.812 4.052 4.042 3.942 3.992
4.435 4.778 4.804 4.831 4.857 4.884 4.911 4.937 4.964 4.976 4.979 4.985 4.988 4.991 4.994 4.997 5.001 5.004 5.007 5.010 5.013 5.017 5.022 5.027 5.029 5.028 5.026 5.025 5.024 5.023 5.021 5.020 4.993 4.967 4.940 4.914 4.887 4.868 4.859 4.850 4.841 4.833 4.822 4.805 4.787 4.770 4.752 4.735 4.718 4.700 4.683 4.675 4.679 4.683 4.214 4.648 4.628 4.608 4.589 4.569 4.549 4.529 4.183 4.173 4.470 4.113 4.033 4.133 4.043 4.123 3.963 3.953 3.843 4.043 3.962 3.962 3.942
4.645 4.893 4.919 4.946 4.973 4.984 4.987 4.990 4.993 4.997 5.000 5.008 5.015 5.018 5.021 5.024 5.027 5.030 5.033 5.036 5.039 5.044 5.049 5.054 5.059 5.060 5.059 5.058 5.056 5.055 5.054 5.042 5.015 4.989 4.962 4.936 4.909 4.883 4.867 4.858 4.849 4.841 4.826 4.809 4.791 4.774 4.757 4.739 4.722 4.705 4.687 4.670 4.667 4.667 4.647 4.627 4.607 4.587 4.567 4.548 4.528 4.508 4.184 4.133 4.173 4.444 4.093 4.143 4.213 4.113 3.943 3.893 4.153 3.923 3.973 3.943 3.843
4.950 4.992 4.995 4.998 5.002 5.005 5.008 5.011 5.015 5.018 5.022 5.030 5.038 5.044 5.047 5.050 5.054 5.057 5.060 5.063 5.066 5.071 5.076 5.081 5.086 5.091 5.091 5.090 5.089 5.088 5.086 5.064 5.037 5.011 4.984 4.958 4.931 4.905 4.879 4.866 4.857 4.848 4.830 4.813 4.796 4.778 4.761 4.743 4.726 4.709 4.691 4.674 4.155 4.646 4.626 4.164 4.593 4.579 4.565 4.551 4.537 4.523 4.509 4.154 4.094 4.164 4.144 4.064 4.084 4.043 3.993 3.973 4.133 3.943 4.013 3.873 4.003
4.996 5.010 5.016 5.019 5.023 5.026 5.029 5.032 5.035 5.039 5.045 5.052 5.060 5.068 5.074 5.077 5.080 5.083 5.086 5.089 5.093 5.098 5.103 5.108 5.113 5.118 5.124 5.123 5.121 5.120 5.112 5.086 5.059 5.033 5.006 4.980 4.954 4.927 4.901 4.874 4.865 4.852 4.834 4.817 4.800 4.782 4.765 4.748 4.731 4.719 4.707 4.695 4.683 4.659 4.645 4.631 4.617 4.603 4.589 4.575 4.194 4.154 4.533 4.184 4.184 4.491 3.964 4.094 4.144 4.104 4.004 4.134 4.084 4.074 4.053 4.063 3.993
5.006 5.021 5.036 5.040 5.043 5.047 5.050 5.053 5.056 5.060 5.067 5.075 5.083 5.091 5.099 5.103 5.106 5.109 5.112 5.116 5.121 5.126 5.131 5.136 5.141 5.146 5.151 5.155 5.154 5.152 5.134 5.108 5.081 5.055 5.028 5.002 4.976 4.949 4.923 4.896 4.873 4.856 4.843 4.831 4.818 4.807 4.795 4.782 4.770 4.216 4.746 4.734 4.714 4.686 4.669 4.655 4.641 4.627 4.613 4.599 4.585 4.195 4.557 4.543 4.529 4.094 4.503 4.214 4.184 4.184 4.084 4.134 4.084 4.074 4.094 4.104 3.944
5.017 5.032 5.047 5.061 5.064 5.068 5.071 5.074 5.077 5.082 5.089 5.097 5.105 5.113 5.121 5.129 5.133 5.136 5.139 5.143 5.148 5.153 5.158 5.163 5.168 5.173 5.178 5.183 5.186 5.183 5.156 5.130 5.104 5.077 5.051 5.024 4.998 4.972 4.947 4.921 4.903 4.894 4.882 4.870 4.858 4.846 4.834 4.821 4.810 4.798 4.176 4.772 4.745 4.717 4.693 4.679 4.665 4.651 4.637 4.135 4.609 4.595 4.195 4.567 4.553 4.540 4.528 4.214 4.174 4.124 4.054 4.114 4.134 4.064 4.034 4.094 4.054
5.028 5.043 5.058 5.073 5.085 5.088 5.092 5.095 5.098 5.104 5.112 5.120 5.128 5.136 5.143 5.151 5.159 5.162 5.166 5.170 5.175 5.180 5.185 5.190 5.195 5.200 5.205 5.210 5.215 5.205 5.179 5.153 5.128 5.102 5.076 5.050 5.024 4.998 4.972 4.946 4.938 4.932 4.921 4.909 4.897 4.885 4.873 4.861 4.849 4.837 4.825 4.803 4.776 4.748 4.721 4.703 4.689 4.675 4.195 4.135 4.633 4.619 4.605 4.591 4.578 4.565 4.195 4.539 4.527 4.134 4.214 4.094 4.144 4.034 4.124 4.084 4.450
5.039 5.054 5.069 5.084 5.099 5.109 5.113 5.116 5.119 5.126 5.134 5.142 5.150 5.158 5.166 5.174 5.182 5.189 5.192 5.197 5.202 5.207 5.212 5.217 5.221 5.226 5.230 5.234 5.238 5.228 5.205 5.179 5.153 5.127 5.101 5.076 5.050 5.024 4.998 4.979 4.973 4.967 4.960 4.948 4.936 4.924 4.912 4.900 4.888 4.876 4.862 4.835 4.807 4.779 4.752 4.727 4.712 4.699 4.685 4.671 4.657 4.643 4.629 4.615 4.602 4.589 4.577 4.564 4.105 4.165 4.529 4.145 4.064 3.974 4.125 4.074 4.084
5.050 5.065 5.080 5.095 5.110 5.125 5.134 5.137 5.141 5.149 5.157 5.164 5.173 5.180 5.188 5.196 5.204 5.212 5.219 5.223 5.227 5.231 5.235 5.240 5.244 5.248 5.253 5.257 5.256 5.243 5.231 5.205 5.179 5.153 5.127 5.101 5.075 5.049 5.023 5.014 5.008 5.002 4.996 4.987 4.975 4.963 4.951 4.939 4.927 4.915 4.893 4.866 4.838 4.810 4.783 4.755 4.206 4.723 4.709 4.695 4.681 4.667 4.653 4.640 4.627 4.614 4.165 4.115 4.576 4.125 4.553 4.544 4.125 4.525 4.155 4.054 4.204
5.061 5.076 5.091 5.106 5.121 5.136 5.151 5.158 5.163 5.171 5.179 5.187 5.195 5.209 5.225 5.240 5.256 5.272 5.256 5.245 5.250 5.254 5.258 5.262 5.267 5.271 5.275 5.279 5.271 5.259 5.247 5.230 5.204 5.178 5.152 5.127 5.101 5.075 5.054 5.049 5.043 5.037 5.032 5.026 5.014 5.002 4.990 4.978 4.966 4.952 4.924 4.897 4.869 4.841 4.814 4.786 4.760 4.746 4.732 4.718 4.704 4.690 4.677 4.664 4.651 4.639 4.215 4.613 4.195 4.195 4.205 4.205 4.558 4.175 4.155 4.215 4.205
5.071 5.086 5.102 5.117 5.132 5.147 5.162 5.177 5.191 5.207 5.222 5.238 5.254 5.269 5.285 5.300 5.316 5.325 5.301 5.277 5.272 5.277 5.281 5.285 5.289 5.294 5.298 5.300 5.287 5.275 5.262 5.250 5.230 5.204 5.178 5.152 5.126 5.100 5.089 5.084 5.078 5.072 5.067 5.061 5.053 5.041 5.029 5.017 5.005 4.983 4.955 4.928 4.900 4.873 4.845 4.817 4.790 4.770 4.756 4.742 4.728 4.176 4.702 4.689 4.176 4.663 4.651 4.215 4.625 4.612 4.601 4.165 4.582 4.045 4.563 4.554 4.115
5.082 5.097 5.113 5.128 5.159 5.193 5.228 5.256 5.251 5.266 5.282 5.298 5.313 5.329 5.345 5.360 5.376 5.370 5.346 5.322 5.297 5.299 5.303 5.308 5.312 5.316 5.321 5.316 5.303 5.291 5.278 5.266 5.253 5.230 5.204 5.178 5.152 5.130 5.125 5.119 5.113 5.107 5.102 5.096 5.090 5.081 5.069 5.056 5.041 5.014 4.986 4.959 4.931 4.904 4.876 4.848 4.821 4.794 4.780 4.766 4.752 4.739 4.216 4.713 4.701 4.688 4.675 4.662 4.650 4.146 4.624 4.615 4.135 4.135 4.587 4.578 4.195
