includes/camargue/floodfiles/results/res-0007.wd
ncols         906
nrows         631
xllcorner     362177.146667
yllcorner     6534725.688020
cellsize      20.000000
NODATA_value  -9999.000000
[rows 578 to 611 of 631, columns 308 to 384 of 906]
5.715 5.675 5.635 5.595 5.555 5.515 5.475 5.506 5.560 5.614 5.669 5.751 5.964 6.178 6.391 6.605 6.819 7.032 7.246 7.291 7.304 7.317 7.330 7.342 7.355 7.368 7.381 7.394 7.301 7.183 7.064 6.946 6.827 6.673 6.513 6.353 6.193 6.033 5.874 5.714 5.554 5.394 5.234 5.074 4.914 4.754 4.594 4.434 4.284 4.188 4.135 4.345 4.554 4.763 4.912 5.004 5.097 5.190 5.283 5.376 5.469 5.562 5.655 5.748 5.841 5.934 6.004 5.957 5.911 5.864 5.817 5.771 5.724 5.678 5.631 5.584 5.532
5.675 5.635 5.595 5.556 5.516 5.476 5.436 5.430 5.484 5.539 5.593 5.792 6.006 6.219 6.433 6.646 6.860 7.073 7.287 7.407 7.420 7.433 7.446 7.459 7.472 7.485 7.497 7.410 7.292 7.173 7.055 6.936 6.818 6.675 6.515 6.355 6.195 6.036 5.876 5.716 5.556 5.396 5.236 5.076 4.916 4.756 4.597 4.438 4.342 4.247 4.152 4.320 4.530 4.739 4.949 5.158 5.347 5.440 5.533 5.626 5.719 5.812 5.905 5.997 6.090 6.183 6.265 6.218 6.172 6.125 6.078 6.032 5.985 5.939 5.892 5.668 5.399
5.636 5.596 5.556 5.516 5.476 5.436 5.396 5.356 5.409 5.463 5.620 5.833 6.047 6.260 6.474 6.687 6.901 7.115 7.328 7.523 7.536 7.549 7.562 7.575 7.588 7.601 7.519 7.401 7.282 7.164 7.045 6.927 6.808 6.677 6.517 6.358 6.198 6.038 5.878 5.718 5.558 5.398 5.238 5.078 4.919 4.759 4.599 4.497 4.401 4.306 4.211 4.296 4.506 4.715 4.925 5.134 5.344 5.553 5.763 5.875 5.968 6.061 6.154 6.247 6.340 6.433 6.526 6.479 6.433 6.386 6.339 6.293 6.246 6.073 5.804 5.535 5.266
5.595 5.556 5.516 5.477 5.437 5.397 5.357 5.317 5.333 5.447 5.661 5.874 6.088 6.302 6.515 6.729 6.942 7.156 7.370 7.583 7.652 7.665 7.678 7.691 7.704 7.628 7.510 7.391 7.273 7.154 7.036 6.917 6.799 6.679 6.520 6.360 6.200 6.040 5.880 5.720 5.560 5.401 5.241 5.081 4.921 4.761 4.651 4.556 4.460 4.365 4.269 4.272 4.482 4.691 4.900 5.110 5.319 5.529 5.738 5.948 6.157 6.310 6.403 6.496 6.589 6.682 6.775 6.740 6.694 6.647 6.601 6.477 6.208 5.940 5.671 5.402 5.133
5.553 5.514 5.474 5.435 5.396 5.356 5.317 5.277 5.275 5.489 5.702 5.916 6.129 6.343 6.557 6.770 6.984 7.197 7.411 7.624 7.769 7.782 7.794 7.807 7.737 7.619 7.500 7.382 7.263 7.145 7.026 6.908 6.789 6.671 6.522 6.362 6.202 6.042 5.882 5.723 5.563 5.403 5.243 5.083 4.923 4.805 4.710 4.615 4.519 4.424 4.328 4.248 4.457 4.667 4.876 5.086 5.295 5.505 5.714 5.924 6.133 6.343 6.552 6.746 6.838 6.931 7.024 7.001 6.955 6.882 6.613 6.344 6.075 5.807 5.538 5.269 5.000
5.511 5.472 5.432 5.393 5.354 5.314 5.275 5.235 5.235 5.429 5.675 5.920 6.165 6.384 6.598 6.811 7.025 7.239 7.452 7.666 7.879 7.898 7.911 7.846 7.727 7.609 7.491 7.372 7.254 7.135 7.017 6.898 6.780 6.661 6.524 6.364 6.204 6.044 5.885 5.725 5.565 5.405 5.245 5.085 4.960 4.864 4.769 4.674 4.578 4.483 4.387 4.292 4.433 4.643 4.852 5.062 5.271 5.481 5.690 5.900 6.109 6.319 6.528 6.738 6.947 7.157 7.274 7.262 7.018 6.749 6.480 6.211 5.942 5.673 5.405 5.136 4.867
5.469 5.430 5.391 5.351 5.312 5.272 5.233 5.217 5.226 5.320 5.565 5.810 6.056 6.301 6.546 6.791 7.037 7.280 7.494 7.707 7.921 8.014 7.955 7.836 7.718 7.599 7.481 7.362 7.244 7.126 7.007 6.889 6.770 6.652 6.526 6.366 6.207 6.047 5.887 5.727 5.567 5.407 5.247 5.114 5.018 4.923 4.828 4.732 4.637 4.542 4.446 4.351 4.409 4.619 4.828 5.038 5.247 5.457 5.666 5.876 6.085 6.295 6.504 6.714 6.923 7.133 7.354 7.213 6.885 6.616 6.347 6.078 5.809 5.540 5.271 5.003 4.734
5.427 5.388 5.349 5.309 5.270 5.230 5.199 5.208 5.218 5.227 5.455 5.701 5.946 6.191 6.437 6.682 6.927 7.173 7.418 7.663 7.908 8.048 7.945 7.827 7.708 7.590 7.471 7.353 7.234 7.116 6.997 6.879 6.761 6.642 6.524 6.369 6.209 6.049 5.889 5.729 5.569 5.409 5.268 5.173 5.077 4.982 4.887 4.791 4.696 4.601 4.505 4.410 4.385 4.595 4.804 5.013 5.223 5.432 5.642 5.851 6.061 6.270 6.480 6.690 6.899 7.125 7.374 7.377 6.966 6.555 6.214 5.945 5.676 5.407 5.138 4.869 4.601
5.386 5.346 5.307 5.267 5.228 5.189 5.190 5.200 5.209 5.218 5.346 5.591 5.836 6.082 6.327 6.572 6.818 7.063 7.308 7.553 7.721 7.821 7.798 7.776 7.699 7.580 7.462 7.343 7.225 7.106 6.988 6.869 6.751 6.633 6.514 6.371 6.211 6.051 5.891 5.731 5.572 5.422 5.327 5.232 5.136 5.041 4.946 4.850 4.755 4.659 4.564 4.469 4.373 4.570 4.780 4.989 5.199 5.408 5.618 5.827 6.037 6.246 6.456 6.665 6.895 7.144 7.393 7.542 7.131 6.720 6.309 5.898 5.543 5.274 5.005 4.736 4.468
5.344 5.304 5.265 5.225 5.186 5.173 5.182 5.191 5.200 5.210 5.236 5.481 5.727 5.972 6.217 6.463 6.708 6.953 7.199 7.347 7.483 7.594 7.572 7.549 7.526 7.504 7.452 7.334 7.215 7.097 6.978 6.860 6.741 6.623 6.504 6.373 6.213 6.053 5.893 5.734 5.576 5.481 5.386 5.290 5.195 5.100 5.004 4.909 4.814 4.718 4.623 4.528 4.432 4.546 4.756 4.965 5.175 5.384 5.594 5.803 6.013 6.222 6.432 6.666 6.915 7.164 7.413 7.661 7.296 6.885 6.473 6.062 5.651 5.240 4.872 4.603 4.335
5.302 5.262 5.223 5.184 5.155 5.164 5.173 5.183 5.192 5.201 5.210 5.372 5.617 5.862 6.108 6.353 6.598 6.839 6.974 7.110 7.246 7.368 7.345 7.322 7.300 7.277 7.254 7.232 7.206 7.087 6.969 6.850 6.732 6.613 6.495 6.375 6.215 6.056 5.896 5.736 5.635 5.540 5.445 5.349 5.254 5.159 5.063 4.968 4.873 4.777 4.682 4.586 4.491 4.522 4.732 4.941 5.151 5.360 5.570 5.779 5.989 6.198 6.437 6.686 6.934 7.183 7.432 7.681 7.460 7.049 6.638 6.227 5.816 5.405 4.994 4.583 4.201
5.260 5.220 5.181 5.142 5.146 5.155 5.165 5.174 5.183 5.192 5.202 5.262 5.507 5.753 5.998 6.243 6.465 6.601 6.737 6.873 7.008 7.141 7.118 7.096 7.073 7.050 7.028 7.005 6.982 6.960 6.937 6.841 6.722 6.604 6.485 6.367 6.218 6.058 5.898 5.789 5.694 5.599 5.504 5.408 5.313 5.218 5.122 5.027 4.932 4.836 4.741 4.645 4.550 4.498 4.708 4.917 5.127 5.336 5.546 5.755 5.965 6.207 6.456 6.705 6.954 7.203 7.452 7.700 7.625 7.214 6.803 6.392 5.981 5.570 5.158 4.747 4.336
5.218 5.179 5.139 5.128 5.137 5.147 5.156 5.165 5.175 5.184 5.193 5.202 5.398 5.643 5.888 6.092 6.228 6.364 6.500 6.635 6.771 6.907 6.891 6.869 6.846 6.824 6.801 6.778 6.756 6.733 6.710 6.688 6.665 6.594 6.476 6.357 6.220 6.060 5.944 5.848 5.753 5.658 5.562 5.467 5.372 5.276 5.181 5.086 4.991 4.895 4.800 4.704 4.609 4.514 4.684 4.893 5.103 5.312 5.522 5.731 5.978 6.227 6.476 6.724 6.973 7.222 7.471 7.720 7.790 7.378 6.967 6.556 6.145 5.734 5.323 4.912 4.501
5.176 5.137 5.110 5.119 5.129 5.138 5.147 5.157 5.166 5.175 5.184 5.194 5.288 5.533 5.719 5.855 5.991 6.127 6.262 6.398 6.534 6.669 6.665 6.642 6.619 6.597 6.574 6.552 6.529 6.506 6.484 6.461 6.438 6.416 6.393 6.348 6.222 6.098 6.003 5.907 5.812 5.717 5.621 5.526 5.431 5.335 5.240 5.145 5.049 4.954 4.859 4.763 4.668 4.573 4.659 4.869 5.078 5.288 5.500 5.749 5.997 6.246 6.495 6.744 6.993 7.242 7.490 7.739 7.954 7.543 7.132 6.721 6.310 5.899 5.488 5.077 4.666
5.134 5.095 5.101 5.111 5.120 5.129 5.139 5.148 5.157 5.166 5.176 5.185 5.194 5.346 5.482 5.618 5.753 5.889 6.025 6.161 6.296 6.432 6.438 6.415 6.393 6.370 6.347 6.325 6.302 6.279 6.257 6.234 6.212 6.189 6.166 6.155 6.239 6.197 6.082 5.967 5.871 5.776 5.680 5.585 5.490 5.394 5.299 5.204 5.108 5.013 4.918 4.822 4.727 4.631 4.635 4.845 5.054 5.270 5.519 5.768 6.017 6.266 6.514 6.763 7.012 7.261 7.510 7.759 8.008 7.708 7.297 6.886 6.475 6.063 5.652 5.241 4.879
5.092 5.083 5.093 5.102 5.111 5.121 5.130 5.140 5.151 5.161 5.171 5.182 5.192 5.193 5.244 5.380 5.516 5.652 5.787 5.923 6.059 6.195 6.211 6.189 6.166 6.143 6.121 6.098 6.075 6.053 6.030 6.007 5.985 6.005 6.064 6.123 6.256 6.383 6.269 6.154 6.040 5.925 5.811 5.696 5.581 5.467 5.358 5.263 5.167 5.072 4.977 4.881 4.786 4.691 4.611 4.821 5.041 5.290 5.539 5.788 6.036 6.285 6.534 6.783 7.032 7.281 7.529 7.778 8.027 7.872 7.461 7.050 6.639 6.228 5.817 5.453 5.148
5.064 5.077 5.087 5.098 5.108 5.118 5.129 5.139 5.149 5.160 5.170 5.180 5.190 5.190 5.190 5.191 5.279 5.414 5.550 5.686 5.821 5.957 5.985 5.962 5.939 5.917 5.894 5.871 5.849 5.826 5.803 5.855 5.914 5.974 6.033 6.092 6.274 6.462 6.456 6.341 6.227 6.112 5.998 5.883 5.768 5.654 5.539 5.425 5.310 5.195 5.081 4.966 4.852 4.749 4.654 4.812 5.061 5.309 5.558 5.807 6.056 6.305 6.553 6.802 7.051 7.300 7.549 7.798 8.047 8.037 7.626 7.215 6.804 6.393 6.026 5.721 5.417
5.000 5.060 5.086 5.097 5.107 5.117 5.128 5.138 5.148 5.159 5.169 5.179 5.187 5.187 5.188 5.188 5.189 5.189 5.313 5.448 5.584 5.720 5.758 5.735 5.712 5.690 5.667 5.645 5.646 5.705 5.765 5.824 5.883 5.942 6.001 6.102 6.291 6.480 6.643 6.528 6.414 6.299 6.185 6.070 5.955 5.841 5.726 5.612 5.497 5.383 5.268 5.153 5.039 4.924 4.771 4.740 5.032 5.325 5.578 5.826 6.075 6.324 6.573 6.822 7.071 7.319 7.568 7.817 8.066 8.202 7.791 7.380 6.968 6.600 6.295 5.990 5.686
4.936 4.996 5.056 5.095 5.106 5.116 5.126 5.137 5.147 5.157 5.168 5.178 5.184 5.185 5.185 5.186 5.186 5.187 5.187 5.211 5.347 5.482 5.531 5.509 5.486 5.463 5.497 5.556 5.615 5.674 5.733 5.793 5.852 5.911 5.970 6.119 6.308 6.497 6.686 6.715 6.601 6.486 6.372 6.257 6.142 6.028 5.913 5.799 5.684 5.570 5.455 5.340 5.226 5.111 4.834 4.587 4.879 5.172 5.464 5.757 6.049 6.342 6.592 6.841 7.090 7.339 7.588 7.837 8.085 8.334 7.955 7.544 7.173 6.869 6.564 6.259 5.955
4.872 4.932 4.992 5.052 5.104 5.115 5.125 5.135 5.146 5.156 5.166 5.177 5.182 5.182 5.183 5.183 5.184 5.184 5.184 5.185 5.185 5.245 5.304 5.288 5.347 5.406 5.465 5.525 5.584 5.643 5.702 5.761 5.820 5.880 5.948 6.136 6.325 6.514 6.703 6.892 6.788 6.673 6.559 6.444 6.329 6.215 6.100 5.986 5.871 5.757 5.642 5.527 5.413 5.176 4.897 4.619 4.726 5.019 5.311 5.603 5.896 6.189 6.481 6.774 7.066 7.358 7.607 7.856 8.105 8.354 8.120 7.746 7.442 7.137 6.833 6.528 6.224
4.808 4.868 4.928 4.987 5.047 5.107 5.124 5.134 5.144 5.155 5.165 5.175 5.179 5.180 5.180 5.181 5.181 5.182 5.182 5.182 5.183 5.190 5.197 5.256 5.316 5.375 5.434 5.493 5.552 5.612 5.671 5.730 5.789 5.848 5.965 6.154 6.342 6.531 6.720 6.909 6.975 6.860 6.746 6.631 6.517 6.402 6.287 6.173 6.058 5.944 5.829 5.715 5.517 5.239 4.960 4.682 4.573 4.865 5.158 5.450 5.743 6.035 6.328 6.621 6.913 7.206 7.498 7.791 8.084 8.373 8.320 8.015 7.711 7.406 7.102 6.797 6.493
4.743 4.803 4.863 4.923 4.983 5.043 5.103 5.133 5.143 5.154 5.164 5.174 5.177 5.177 5.178 5.178 5.179 5.179 5.179 5.191 5.210 5.229 5.228 5.225 5.284 5.344 5.403 5.462 5.521 5.580 5.639 5.699 5.758 5.817 5.982 6.171 6.360 6.548 6.737 6.926 7.115 7.047 6.933 6.818 6.704 6.589 6.474 6.360 6.245 6.131 6.016 5.859 5.580 5.302 5.023 4.745 4.466 4.712 5.005 5.297 5.590 5.882 6.175 6.467 6.760 7.053 7.345 7.638 7.930 8.196 8.297 8.063 7.830 7.597 7.363 7.066 6.762
4.679 4.739 4.799 4.859 4.919 4.979 5.039 5.099 5.142 5.152 5.163 5.173 5.174 5.175 5.175 5.176 5.176 5.192 5.211 5.230 5.249 5.268 5.261 5.252 5.253 5.312 5.371 5.431 5.490 5.549 5.608 5.667 5.727 5.810 5.999 6.188 6.377 6.566 6.755 6.943 7.132 7.234 7.120 7.005 6.891 6.776 6.661 6.547 6.432 6.318 6.200 5.922 5.643 5.365 5.087 4.808 4.529 4.559 4.852 5.144 5.437 5.729 6.022 6.314 6.607 6.899 7.192 7.485 7.769 7.933 8.097 7.949 7.716 7.483 7.249 7.016 6.782
4.615 4.675 4.735 4.795 4.855 4.915 4.975 5.034 5.094 5.151 5.161 5.171 5.172 5.172 5.173 5.192 5.211 5.231 5.250 5.269 5.288 5.304 5.295 5.286 5.277 5.281 5.340 5.399 5.458 5.518 5.577 5.636 5.695 5.827 6.016 6.205 6.394 6.583 6.772 6.961 7.149 7.338 7.307 7.192 7.078 6.963 6.848 6.734 6.619 6.505 6.263 5.985 5.707 5.428 5.150 4.871 4.593 4.406 4.698 4.991 5.283 5.576 5.869 6.161 6.454 6.746 7.039 7.331 7.506 7.670 7.833 7.836 7.602 7.369 7.135 6.902 6.668
4.551 4.611 4.671 4.730 4.790 4.850 4.910 4.970 5.030 5.090 5.150 5.169 5.174 5.193 5.212 5.231 5.250 5.270 5.289 5.308 5.327 5.337 5.328 5.319 5.310 5.301 5.309 5.368 5.427 5.486 5.546 5.605 5.664 5.845 6.034 6.222 6.411 6.600 6.789 6.978 7.167 7.356 7.494 7.379 7.265 7.150 7.035 6.921 6.806 6.605 6.327 6.048 5.770 5.491 5.213 4.934 4.656 4.377 4.545 4.838 5.130 5.423 5.715 6.008 6.300 6.593 6.886 7.079 7.243 7.406 7.570 7.722 7.488 7.255 7.021 6.788 6.555
4.486 4.546 4.606 4.666 4.726 4.786 4.846 4.906 4.966 5.026 5.086 5.152 5.213 5.232 5.251 5.270 5.289 5.309 5.328 5.347 5.366 5.370 5.361 5.352 5.343 5.334 5.325 5.337 5.396 5.455 5.514 5.573 5.673 5.862 6.051 6.240 6.428 6.617 6.806 6.995 7.184 7.373 7.562 7.566 7.452 7.337 7.223 7.108 6.947 6.668 6.390 6.111 5.833 5.554 5.276 4.997 4.719 4.440 4.392 4.685 4.977 5.270 5.562 5.855 6.147 6.440 6.652 6.816 6.980 7.143 7.307 7.470 7.374 7.141 6.907 6.674 6.441
4.422 4.482 4.542 4.602 4.662 4.722 4.782 4.842 4.902 4.964 5.026 5.091 5.171 5.251 5.290 5.309 5.328 5.347 5.367 5.386 5.405 5.404 5.395 5.386 5.377 5.368 5.359 5.350 5.364 5.424 5.483 5.542 5.690 5.879 6.068 6.257 6.446 6.634 6.823 7.012 7.201 7.390 7.579 7.753 7.639 7.524 7.410 7.288 7.010 6.731 6.453 6.174 5.896 5.617 5.339 5.061 4.782 4.504 4.239 4.532 4.824 5.117 5.409 5.702 5.994 6.225 6.389 6.553 6.716 6.880 7.044 7.207 7.260 7.027 6.794 6.560 6.327
4.358 4.418 4.478 4.538 4.598 4.658 4.718 4.779 4.841 4.904 4.967 5.030 5.110 5.190 5.270 5.348 5.367 5.386 5.406 5.425 5.444 5.437 5.428 5.419 5.410 5.401 5.392 5.383 5.374 5.392 5.451 5.518 5.707 5.896 6.085 6.274 6.463 6.652 6.840 7.029 7.218 7.407 7.596 7.785 7.826 7.711 7.597 7.351 7.073 6.794 6.516 6.237 5.959 5.681 5.402 5.124 4.845 4.567 4.288 4.378 4.671 4.963 5.256 5.549 5.798 5.962 6.126 6.289 6.453 6.617 6.780 6.944 7.108 6.913 6.680 6.446 6.213
4.294 4.354 4.413 4.473 4.533 4.594 4.656 4.719 4.782 4.844 4.907 4.969 5.049 5.129 5.209 5.289 5.369 5.425 5.444 5.464 5.479 5.470 5.461 5.452 5.443 5.434 5.425 5.416 5.407 5.398 5.420 5.536 5.724 5.913 6.102 6.291 6.480 6.669 6.858 7.047 7.236 7.424 7.613 7.802 7.991 7.898 7.693 7.414 7.136 6.857 6.579 6.301 6.022 5.744 5.465 5.187 4.908 4.630 4.351 4.225 4.518 4.810 5.103 5.371 5.535 5.699 5.862 6.026 6.190 6.353 6.517 6.681 6.844 6.799 6.566 6.332 6.099
4.229 4.289 4.349 4.409 4.471 4.534 4.597 4.659 4.722 4.784 4.847 4.909 4.988 5.068 5.148 5.228 5.308 5.388 5.468 5.502 5.513 5.504 5.495 5.486 5.477 5.468 5.459 5.450 5.440 5.425 5.411 5.530 5.721 5.911 6.102 6.293 6.484 6.675 6.866 7.057 7.248 7.439 7.630 7.819 8.008 8.034 7.756 7.477 7.199 6.921 6.642 6.364 6.085 5.807 5.528 5.250 4.971 4.693 4.414 4.136 4.365 4.657 4.945 5.108 5.272 5.436 5.599 5.763 5.926 6.090 6.254 6.417 6.581 6.685 6.452 6.218 5.985
4.165 4.225 4.286 4.349 4.412 4.474 4.537 4.599 4.662 4.724 4.787 4.850 4.927 5.007 5.087 5.167 5.247 5.327 5.406 5.486 5.530 5.515 5.501 5.486 5.472 5.457 5.443 5.428 5.414 5.399 5.401 5.438 5.629 5.820 6.011 6.202 6.393 6.584 6.775 6.966 7.157 7.348 7.539 7.730 7.921 8.174 7.919 7.621 7.323 7.025 6.727 6.429 6.148 5.870 5.591 5.313 5.035 4.756 4.478 4.199 4.212 4.504 4.681 4.845 5.009 5.172 5.336 5.499 5.663 5.827 5.990 6.154 6.318 6.481 6.338 6.105 5.871
4.109 4.164 4.226 4.289 4.352 4.414 4.477 4.539 4.602 4.665 4.727 4.790 4.866 4.946 5.026 5.106 5.186 5.266 5.346 5.424 5.502 5.490 5.475 5.461 5.446 5.432 5.417 5.403 5.388 5.378 5.397 5.415 5.538 5.729 5.920 6.111 6.302 6.493 6.684 6.875 7.066 7.257 7.448 7.639 7.871 8.126 8.115 7.817 7.519 7.221 6.923 6.625 6.327 6.029 5.731 5.433 5.135 4.837 4.541 4.262 4.058 4.254 4.418 4.582 4.745 4.909 5.073 5.236 5.400 5.563 5.727 5.891 6.055 6.218 6.224 5.991 5.757
4.096 4.135 4.174 4.229 4.292 4.354 4.417 4.480 4.542 4.605 4.667 4.730 4.805 4.885 4.965 5.045 5.125 5.204 5.283 5.361 5.439 5.464 5.449 5.435 5.420 5.406 5.391 5.377 5.362 5.373 5.392 5.411 5.447 5.638 5.829 6.020 6.211 6.402 6.593 6.784 6.975 7.166 7.357 7.569 7.823 8.077 8.312 8.013 7.716 7.417 7.119 6.821 6.523 6.225 5.927 5.629 5.331 5.033 4.735 4.437 4.201 4.214 4.303 4.391 4.482 4.646 4.809 4.973 5.137 5.300 5.464 5.628 5.791 5.955 6.110 5.877 5.643
4.084 4.121 4.161 4.201 4.241 4.294 4.357 4.420 4.482 4.545 4.607 4.670 4.744 4.824 4.904 4.984 5.063 5.141 5.219 5.298 5.376 5.438 5.424 5.409 5.395 5.380 5.366 5.351 5.350 5.369 5.387 5.406 5.425 5.547 5.738 5.929 6.120 6.311 6.502 6.693 6.884 7.075 7.266 7.520 7.774 8.029 8.283 8.210 7.912 7.613 7.315 7.017 6.719 6.421 6.123 5.825 5.527 5.229 4.931 4.668 4.485 4.384 4.472 4.561 4.650 4.739 4.827 4.916 5.005 5.093 5.201 5.364 5.528 5.692 5.855 5.763 5.684
