includes/camargue/floodfiles/results/res-0002.wd
ncols         906
nrows         631
xllcorner     362177.146667
yllcorner     6534725.688020
cellsize      20.000000
NODATA_value  -9999.000000
[rows 544 to 577 of 631, columns 77 to 153 of 906]
10.458 10.924 11.283 11.680 11.847 12.014 12.180 12.347 12.513 12.680 12.847 12.998 12.317 11.635 10.954 10.372 10.149 9.926 9.703 9.480 9.257 9.034 8.843 8.762 8.681 8.597 8.428 8.259 8.091 7.922 7.753 7.666 7.708 7.730 7.743 7.756 7.769 7.781 7.836 7.932 8.028 8.124 8.353 8.628 8.904 9.180 9.449 9.694 9.939 10.184 10.429 10.674 10.585 10.357 10.129 9.998 10.048 10.097 10.146 10.196 10.245 10.295 10.344 10.098 9.833 9.412 8.991 8.570 8.150 7.729 7.308 6.925 6.554 6.734 7.016 7.327 7.638
10.057 10.381 10.708 11.116 11.524 11.932 12.215 12.382 12.548 12.715 12.882 13.048 12.645 11.963 11.282 11.016 10.793 10.570 10.347 10.124 9.901 9.678 9.455 9.313 9.232 9.104 8.935 8.766 8.598 8.429 8.260 8.091 8.071 8.083 8.096 8.109 8.122 8.135 8.157 8.253 8.348 8.543 8.819 9.095 9.371 9.646 9.922 10.173 10.418 10.663 10.908 10.916 10.687 10.459 10.231 10.003 10.037 10.086 10.136 10.185 10.234 10.284 10.089 9.829 9.570 9.203 8.782 8.362 7.941 7.520 7.099 6.679 6.406 6.559 6.870 7.180 7.492
9.486 9.810 10.133 10.541 10.949 11.356 11.764 12.172 12.580 12.750 12.917 13.084 12.973 12.292 11.883 11.660 11.437 11.214 10.991 10.768 10.545 10.322 10.099 9.876 9.780 9.611 9.442 9.274 9.128 9.005 8.882 8.759 8.657 8.570 8.483 8.462 8.475 8.488 8.501 8.573 8.734 9.010 9.286 9.561 9.837 10.113 10.388 10.653 10.898 11.143 11.246 11.018 10.790 10.562 10.334 10.106 10.026 10.076 10.125 10.174 10.224 10.080 9.820 9.561 9.301 8.995 8.574 8.153 7.732 7.312 6.891 6.511 6.497 6.484 6.724 7.034 7.345
8.915 9.239 9.562 9.965 10.373 10.781 11.189 11.597 12.005 12.413 12.820 13.119 13.285 12.750 12.527 12.304 12.081 11.858 11.635 11.412 11.189 10.943 10.667 10.390 10.364 10.242 10.119 9.996 9.873 9.750 9.627 9.504 9.402 9.315 9.227 9.140 9.053 8.965 8.878 8.925 9.201 9.476 9.752 10.028 10.303 10.579 10.855 11.130 11.377 11.577 11.349 11.121 10.893 10.665 10.437 10.209 10.015 10.065 10.114 10.164 10.071 9.811 9.551 9.292 9.032 8.772 8.365 7.944 7.524 7.103 6.682 6.603 6.589 6.575 6.577 6.888 7.199
8.344 8.668 8.991 9.390 9.798 10.206 10.614 11.022 11.429 11.837 12.245 12.653 13.045 13.140 12.863 12.587 12.311 12.034 11.758 11.482 11.205 10.929 10.653 10.376 10.644 10.986 10.863 10.741 10.618 10.495 10.372 10.249 10.147 10.059 9.972 9.885 9.797 9.710 9.576 9.276 9.544 9.847 10.151 10.454 10.757 11.045 11.321 11.597 11.857 11.680 11.452 11.224 10.996 10.768 10.539 10.311 10.083 10.054 10.103 10.062 9.802 9.542 9.283 9.023 8.763 8.504 8.156 7.736 7.315 6.895 6.708 6.694 6.680 6.667 6.653 6.742 7.053
7.773 8.096 8.420 8.815 9.223 9.631 10.038 10.446 10.854 11.262 11.655 12.022 12.388 12.761 12.850 12.573 12.297 12.020 11.744 11.468 11.191 10.915 10.639 10.486 10.848 11.210 11.572 11.485 11.362 11.240 11.117 10.994 10.891 10.804 10.717 10.629 10.542 10.390 10.090 9.790 9.830 10.133 10.436 10.739 11.043 11.346 11.650 11.953 11.885 11.700 11.514 11.326 11.098 10.870 10.642 10.414 10.186 10.043 10.053 9.793 9.533 9.274 9.014 8.754 8.495 8.235 7.948 7.527 7.106 6.814 6.800 6.786 6.772 6.758 6.744 6.731 6.907
7.202 7.525 7.849 8.240 8.647 9.055 9.463 9.871 10.265 10.632 10.998 11.365 11.732 12.105 12.478 12.559 12.283 12.006 11.730 11.454 11.177 10.901 10.625 10.690 11.052 11.414 11.776 12.139 12.107 11.984 11.862 11.739 11.636 11.549 11.461 11.374 11.204 10.904 10.604 10.304 10.115 10.418 10.722 11.025 11.328 11.632 11.935 11.934 11.720 11.527 11.341 11.156 10.971 10.785 10.600 10.414 10.228 10.043 9.784 9.524 9.265 9.005 8.745 8.485 8.226 7.966 7.706 7.318 6.919 6.905 6.892 6.878 6.863 6.850 6.836 6.822 6.808
6.631 6.954 7.278 7.664 8.072 8.480 8.876 9.242 9.609 9.975 10.342 10.708 11.077 11.449 11.822 12.195 12.269 11.992 11.716 11.440 11.163 10.887 10.611 10.894 11.256 11.618 11.980 12.343 12.705 12.729 12.607 12.484 12.381 12.293 12.206 12.018 11.718 11.418 11.118 10.818 10.517 10.704 11.007 11.310 11.614 11.917 11.986 11.772 11.558 11.354 11.169 10.983 10.798 10.612 10.427 10.241 10.056 9.649 9.325 9.101 8.876 8.652 8.428 8.203 7.957 7.697 7.438 7.110 7.011 6.997 6.983 6.969 6.955 6.941 6.927 6.914 6.900
6.353 6.412 6.707 7.089 7.486 7.852 8.219 8.585 8.952 9.318 9.685 10.051 10.421 10.794 11.167 11.540 11.913 11.979 11.702 11.426 11.150 10.873 10.735 11.098 11.460 11.822 12.185 12.547 12.909 13.271 13.352 13.229 13.126 13.038 12.832 12.532 12.232 11.932 11.632 11.331 11.031 10.989 11.293 11.596 11.899 12.037 11.824 11.610 11.396 11.182 10.996 10.811 10.625 10.440 10.254 10.069 9.695 9.246 8.845 8.620 8.396 8.172 7.947 7.723 7.498 7.274 7.050 6.989 7.003 7.017 7.032 7.046 7.047 7.033 7.019 7.005 6.991
6.239 6.298 6.356 6.463 6.829 7.196 7.562 7.929 8.295 8.662 9.028 9.394 9.765 10.138 10.511 10.884 11.257 11.630 11.688 11.412 11.136 10.859 10.939 11.302 11.664 12.026 12.389 12.751 13.113 13.475 13.838 13.974 13.870 13.647 13.347 13.047 12.746 12.446 12.146 11.845 11.545 11.275 11.578 11.881 12.089 11.875 11.662 11.448 11.234 11.020 10.824 10.638 10.453 10.267 10.082 9.740 9.292 8.843 8.394 8.140 7.916 7.691 7.467 7.242 7.018 6.794 6.708 6.762 6.786 6.801 6.815 6.829 6.843 6.857 6.871 6.885 6.899
6.123 6.179 6.236 6.236 6.222 6.539 6.906 7.272 7.638 8.005 8.371 8.738 9.109 9.482 9.855 10.228 10.601 10.974 11.347 11.398 11.121 10.845 11.144 11.506 11.868 12.230 12.593 12.955 13.317 13.679 14.042 14.312 14.312 14.161 13.861 13.561 13.259 12.959 12.660 12.359 12.059 11.759 11.864 12.141 11.927 11.713 11.500 11.286 11.072 10.858 10.651 10.466 10.280 10.094 9.786 9.338 8.889 8.440 7.992 7.659 7.435 7.211 6.986 6.762 6.538 6.423 6.477 6.531 6.570 6.584 6.598 6.612 6.626 6.640 6.654 6.668 6.682
6.002 6.059 6.115 6.108 6.094 6.080 6.249 6.615 6.982 7.348 7.715 8.081 8.454 8.827 9.200 9.573 9.946 10.319 10.691 11.064 11.108 10.985 11.347 11.710 12.072 12.434 12.661 12.804 12.946 13.089 13.232 13.362 13.224 13.141 13.070 12.999 12.927 12.857 12.786 12.715 12.573 12.273 12.149 11.979 11.765 11.551 11.337 11.124 10.910 10.696 10.482 10.293 10.107 9.832 9.383 8.935 8.486 8.038 7.589 7.179 6.955 6.730 6.506 6.282 6.139 6.193 6.247 6.301 6.353 6.367 6.381 6.395 6.409 6.423 6.437 6.451 6.461
5.882 5.938 5.993 5.979 5.966 5.952 5.939 5.959 6.325 6.691 7.058 7.425 7.798 8.171 8.544 8.917 9.290 9.663 10.036 10.409 10.782 11.011 11.153 11.296 11.439 11.581 11.724 11.867 12.009 12.152 12.295 12.303 12.165 12.041 11.970 11.899 11.828 11.757 11.686 11.615 11.544 11.473 11.507 11.461 11.391 11.320 11.175 10.961 10.748 10.534 10.320 10.120 9.877 9.429 8.980 8.532 8.083 7.635 7.186 6.738 6.474 6.250 6.026 5.855 5.909 5.963 6.017 6.071 6.125 6.150 6.164 6.178 6.192 6.206 6.220 6.231 6.227
5.761 5.818 5.865 5.851 5.838 5.824 5.810 5.797 5.783 6.035 6.401 6.770 7.142 7.515 7.888 8.261 8.634 9.018 9.408 9.797 10.187 10.158 10.216 10.359 10.501 10.644 10.787 10.929 11.072 11.214 11.357 11.245 11.106 10.968 10.870 10.799 10.728 10.657 10.586 10.515 10.445 10.419 10.514 10.545 10.475 10.405 10.334 10.264 10.194 10.124 10.054 9.923 9.475 9.026 8.577 8.129 7.681 7.232 6.783 6.335 5.994 5.769 5.570 5.625 5.679 5.732 5.786 5.841 5.895 5.933 5.947 5.961 5.975 5.989 6.001 5.997 5.993
5.640 5.697 5.737 5.723 5.709 5.696 5.682 5.669 5.655 5.642 5.744 6.114 6.487 6.868 7.258 7.648 8.038 8.428 8.817 9.207 9.509 9.424 9.339 9.421 9.564 9.707 9.849 9.992 10.134 10.277 10.324 10.186 10.048 9.909 9.771 9.699 9.628 9.557 9.487 9.416 9.345 9.427 9.522 9.617 9.560 9.489 9.419 9.349 9.279 9.208 9.179 9.419 9.053 8.610 8.166 7.723 7.278 6.829 6.381 5.932 5.513 5.289 5.340 5.394 5.448 5.502 5.556 5.610 5.664 5.716 5.730 5.744 5.758 5.771 5.767 5.763 5.759
5.520 5.576 5.608 5.595 5.581 5.568 5.554 5.540 5.527 5.513 5.506 5.498 5.888 6.278 6.668 7.058 7.447 7.837 8.227 8.617 8.775 8.690 8.605 8.520 8.627 8.769 8.912 9.055 9.197 9.340 9.266 9.127 8.989 8.851 8.713 8.599 8.529 8.458 8.387 8.316 8.340 8.435 8.529 8.624 8.644 8.574 8.504 8.433 8.363 8.347 8.587 8.826 8.625 8.181 7.738 7.295 6.851 6.408 5.964 5.521 5.078 5.056 5.110 5.164 5.218 5.272 5.326 5.380 5.434 5.488 5.513 5.527 5.540 5.537 5.533 5.529 5.526
5.399 5.456 5.480 5.466 5.453 5.439 5.426 5.416 5.410 5.404 5.398 5.348 5.298 5.688 6.078 6.467 6.857 7.247 7.637 8.027 8.041 7.956 7.871 7.787 7.702 7.832 7.975 8.117 8.260 8.345 8.207 8.069 7.930 7.792 7.654 7.516 7.429 7.358 7.287 7.252 7.347 7.442 7.537 7.632 7.727 7.658 7.588 7.518 7.516 7.755 7.995 8.234 8.197 7.753 7.310 6.867 6.423 5.980 5.536 5.093 5.056 5.108 5.093 5.078 5.063 5.048 5.096 5.150 5.204 5.258 5.296 5.310 5.307 5.303 5.299 5.296 5.292
5.282 5.335 5.352 5.338 5.326 5.320 5.314 5.308 5.302 5.296 5.287 5.230 5.172 5.114 5.488 5.877 6.267 6.657 7.047 7.392 7.307 7.222 7.137 7.053 6.968 6.895 7.037 7.180 7.323 7.287 7.149 7.010 6.872 6.734 6.595 6.457 6.329 6.258 6.187 6.260 6.355 6.450 6.545 6.639 6.734 6.743 6.672 6.684 6.923 7.163 7.402 7.642 7.769 7.325 6.882 6.439 5.995 5.552 5.108 4.995 5.096 5.191 5.176 5.161 5.146 5.132 5.117 5.102 5.087 5.072 5.079 5.077 5.073 5.069 5.066 5.062 5.058
5.240 5.240 5.230 5.224 5.218 5.212 5.207 5.200 5.194 5.188 5.169 5.112 5.054 4.996 4.938 5.287 5.677 6.067 6.457 6.658 6.573 6.488 6.404 6.319 6.234 6.149 6.100 6.243 6.367 6.228 6.090 5.952 5.813 5.675 5.537 5.399 5.260 5.158 5.173 5.267 5.362 5.457 5.552 5.647 5.742 5.827 5.852 6.092 6.331 6.571 6.810 7.050 7.289 6.897 6.454 6.010 5.567 5.124 4.934 5.035 5.137 5.239 5.260 5.245 5.230 5.215 5.200 5.185 5.170 5.137 4.974 4.921 4.881 4.840 4.832 4.828 4.825
5.163 5.139 5.126 5.116 5.111 5.105 5.099 5.093 5.087 5.080 5.051 4.993 4.936 4.878 4.820 4.762 5.087 5.476 5.866 5.924 5.839 5.755 5.670 5.585 5.500 5.415 5.330 5.305 5.308 5.170 5.031 4.893 4.755 4.617 4.478 4.374 4.314 4.256 4.364 4.490 4.615 4.741 4.867 4.993 5.118 5.244 5.278 5.500 5.739 5.978 6.218 6.457 6.697 6.469 6.026 5.582 5.139 4.873 4.974 5.076 5.178 5.280 5.343 5.328 5.313 5.298 5.283 5.268 5.209 5.046 4.883 4.813 4.773 4.732 4.691 4.651 4.610
5.060 5.036 5.024 5.013 5.003 4.997 4.991 4.985 4.979 4.973 4.933 4.875 4.817 4.759 4.702 4.644 4.586 4.886 5.275 5.190 5.106 5.021 4.936 4.851 4.766 4.692 4.726 4.759 4.729 4.670 4.610 4.550 4.490 4.430 4.370 4.310 4.250 4.201 4.177 4.303 4.429 4.554 4.680 4.806 4.932 5.032 5.063 5.095 5.147 5.386 5.626 5.865 6.105 6.041 5.598 5.155 4.811 4.913 5.015 5.117 5.219 5.320 5.422 5.411 5.396 5.381 5.366 5.281 5.118 4.956 4.793 4.706 4.665 4.624 4.583 4.543 4.502
4.957 4.933 4.922 4.911 4.901 4.890 4.883 4.877 4.871 4.865 4.815 4.757 4.699 4.641 4.584 4.526 4.468 4.410 4.541 4.456 4.444 4.478 4.512 4.546 4.580 4.614 4.648 4.667 4.651 4.606 4.546 4.486 4.426 4.366 4.306 4.247 4.187 4.146 4.105 4.116 4.242 4.368 4.493 4.619 4.745 4.817 4.849 4.880 4.911 4.942 5.033 5.273 5.512 5.613 5.170 4.751 4.852 4.954 5.056 5.157 5.259 5.361 5.463 5.495 5.480 5.465 5.353 5.190 5.028 4.865 4.702 4.598 4.557 4.516 4.476 4.435 4.394
4.853 4.831 4.820 4.809 4.799 4.788 4.778 4.769 4.763 4.754 4.696 4.639 4.581 4.523 4.465 4.409 4.366 4.324 4.306 4.332 4.366 4.400 4.434 4.468 4.502 4.536 4.570 4.570 4.554 4.538 4.483 4.423 4.363 4.303 4.243 4.183 4.132 4.091 4.049 4.008 4.055 4.181 4.307 4.432 4.558 4.603 4.634 4.665 4.696 4.728 4.759 4.790 4.920 5.160 4.742 4.791 4.893 4.995 5.097 5.198 5.300 5.402 5.504 5.578 5.563 5.425 5.262 5.099 4.937 4.774 4.611 4.490 4.449 4.408 4.368 4.327 4.286
4.750 4.729 4.718 4.707 4.697 4.686 4.676 4.665 4.655 4.636 4.578 4.521 4.478 4.436 4.393 4.351 4.308 4.266 4.261 4.259 4.288 4.322 4.356 4.390 4.424 4.458 4.488 4.473 4.457 4.441 4.419 4.359 4.299 4.239 4.179 4.119 4.077 4.035 3.994 3.953 3.911 3.994 4.120 4.245 4.357 4.388 4.419 4.450 4.482 4.513 4.544 4.575 4.607 4.638 4.719 4.820 4.920 5.021 5.121 5.222 5.322 5.422 5.523 5.623 5.497 5.334 5.171 5.009 4.846 4.683 4.521 4.382 4.341 4.300 4.260 4.219 4.178
4.647 4.627 4.616 4.606 4.595 4.584 4.574 4.563 4.563 4.547 4.505 4.462 4.420 4.378 4.335 4.293 4.250 4.217 4.216 4.214 4.212 4.244 4.278 4.313 4.346 4.380 4.391 4.376 4.360 4.344 4.328 4.295 4.236 4.176 4.116 4.063 4.022 3.980 3.939 3.898 3.856 3.815 3.933 4.059 4.143 4.174 4.205 4.236 4.267 4.298 4.329 4.400 4.474 4.544 4.521 4.600 4.700 4.801 4.902 5.002 5.102 5.203 5.303 5.367 5.317 5.243 5.081 4.918 4.755 4.593 4.430 4.274 4.233 4.193 4.152 4.111 4.070
4.543 4.525 4.514 4.504 4.493 4.483 4.498 4.513 4.528 4.499 4.447 4.405 4.362 4.320 4.277 4.235 4.193 4.172 4.170 4.169 4.167 4.167 4.201 4.235 4.268 4.302 4.294 4.278 4.263 4.247 4.231 4.215 4.172 4.112 4.052 4.008 3.966 3.925 3.884 3.842 3.801 3.760 3.746 3.872 3.928 3.959 3.990 4.023 4.096 4.169 4.243 4.316 4.390 4.431 4.408 4.385 4.481 4.581 4.682 4.782 4.883 4.983 5.084 5.100 5.050 5.000 4.950 4.827 4.665 4.502 4.339 4.176 4.125 4.085 4.044 4.003 4.011
4.440 4.423 4.412 4.418 4.433 4.448 4.463 4.479 4.494 4.451 4.399 4.347 4.304 4.262 4.220 4.177 4.135 4.127 4.125 4.124 4.122 4.120 4.123 4.157 4.191 4.213 4.197 4.181 4.165 4.150 4.134 4.118 4.102 4.049 3.994 3.952 3.911 3.870 3.828 3.787 3.746 3.705 3.663 3.682 3.719 3.792 3.865 3.939 4.012 4.085 4.159 4.232 4.306 4.319 4.296 4.273 4.261 4.362 4.462 4.562 4.663 4.764 4.864 4.834 4.784 4.733 4.683 4.633 4.574 4.411 4.248 4.086 4.018 3.977 3.938 3.946 3.955
4.364 4.353 4.368 4.383 4.398 4.414 4.429 4.444 4.454 4.402 4.350 4.298 4.246 4.204 4.162 4.119 4.083 4.082 4.080 4.079 4.077 4.075 4.073 4.079 4.113 4.116 4.100 4.084 4.068 4.052 4.037 4.021 4.005 3.985 3.939 3.897 3.856 3.818 3.781 3.745 3.708 3.671 3.634 3.607 3.635 3.708 3.781 3.855 3.928 4.001 4.075 4.149 4.222 4.207 4.184 4.160 4.137 4.142 4.242 4.343 4.443 4.544 4.617 4.567 4.517 4.467 4.416 4.366 4.316 4.265 4.158 3.995 3.910 3.873 3.881 3.889 3.898
4.368 4.350 4.342 4.349 4.364 4.379 4.394 4.409 4.406 4.354 4.302 4.250 4.197 4.146 4.104 4.061 4.038 4.037 4.035 4.033 4.032 4.030 4.028 4.027 4.035 4.019 4.003 3.992 3.982 3.972 3.962 3.952 3.942 3.935 3.919 3.882 3.845 3.808 3.771 3.735 3.698 3.662 3.625 3.608 3.595 3.624 3.697 3.771 3.844 3.918 3.991 4.065 4.118 4.095 4.071 4.048 4.025 4.002 4.023 4.123 4.224 4.324 4.351 4.301 4.250 4.200 4.150 4.100 4.049 3.999 3.949 3.898 3.808 3.816 3.824 3.833 3.841
4.371 4.353 4.344 4.336 4.330 4.345 4.360 4.375 4.358 4.305 4.253 4.201 4.149 4.097 4.046 4.004 3.993 3.991 3.990 3.988 3.986 3.986 3.985 3.984 3.982 3.974 3.964 3.954 3.944 3.934 3.924 3.914 3.904 3.903 3.904 3.872 3.835 3.798 3.762 3.725 3.688 3.652 3.620 3.608 3.595 3.582 3.613 3.687 3.760 3.834 3.907 3.980 4.005 3.982 3.959 3.936 3.913 3.890 3.867 3.904 4.004 4.105 4.084 4.034 3.984 3.934 3.883 3.833 3.783 3.733 3.743 3.754 3.782 3.783 3.784 3.785 3.785
4.374 4.356 4.347 4.338 4.330 4.321 4.325 4.341 4.309 4.257 4.205 4.153 4.101 4.049 3.996 3.950 3.949 3.948 3.947 3.946 3.946 3.945 3.944 3.944 3.940 3.934 3.926 3.916 3.906 3.896 3.886 3.876 3.870 3.871 3.871 3.862 3.825 3.788 3.752 3.715 3.678 3.641 3.620 3.608 3.596 3.583 3.570 3.603 3.676 3.750 3.823 3.896 3.893 3.870 3.847 3.824 3.801 3.778 3.755 3.731 3.785 3.868 3.818 3.768 3.717 3.667 3.662 3.672 3.683 3.694 3.705 3.719 3.757 3.777 3.778 3.778 3.779
4.377 4.358 4.350 4.341 4.332 4.323 4.315 4.306 4.263 4.215 4.168 4.120 4.073 4.025 3.978 3.937 3.908 3.907 3.907 3.906 3.905 3.905 3.904 3.903 3.898 3.892 3.886 3.878 3.867 3.857 3.847 3.837 3.838 3.839 3.840 3.841 3.815 3.778 3.742 3.705 3.668 3.633 3.621 3.608 3.596 3.583 3.571 3.558 3.592 3.665 3.739 3.804 3.781 3.758 3.735 3.712 3.688 3.665 3.642 3.619 3.596 3.602 3.581 3.591 3.602 3.612 3.623 3.634 3.644 3.655 3.666 3.692 3.730 3.769 3.771 3.772 3.773
4.381 4.361 4.353 4.344 4.335 4.326 4.313 4.287 4.250 4.203 4.155 4.107 4.060 4.012 3.965 3.929 3.894 3.867 3.866 3.865 3.864 3.864 3.863 3.861 3.856 3.850 3.844 3.838 3.829 3.819 3.809 3.805 3.806 3.807 3.808 3.809 3.805 3.768 3.732 3.695 3.658 3.634 3.621 3.608 3.596 3.583 3.571 3.558 3.546 3.582 3.655 3.692 3.668 3.645 3.622 3.599 3.576 3.553 3.543 3.541 3.540 3.534 3.542 3.552 3.563 3.574 3.585 3.595 3.606 3.616 3.627 3.664 3.703 3.741 3.765 3.766 3.767
4.385 4.364 4.355 4.347 4.338 4.318 4.291 4.264 4.237 4.189 4.142 4.094 4.047 3.999 3.957 3.921 3.886 3.851 3.826 3.825 3.824 3.823 3.823 3.819 3.814 3.808 3.802 3.796 3.790 3.781 3.772 3.773 3.774 3.775 3.776 3.777 3.778 3.759 3.722 3.685 3.648 3.634 3.621 3.609 3.596 3.584 3.571 3.558 3.546 3.534 3.571 3.579 3.556 3.533 3.528 3.527 3.525 3.524 3.522 3.521 3.519 3.511 3.504 3.514 3.525 3.535 3.546 3.556 3.567 3.578 3.598 3.637 3.675 3.714 3.753 3.760 3.760
