includes/camargue/floodfiles/results/res-0003.wdfp
ncols         906
nrows         631
xllcorner     362177.146667
yllcorner     6534725.688020
cellsize      20.000000
NODATA_value  -9999.000000
[rows 510 to 543 of 631, columns 693 to 769 of 906]
6.296 6.284 6.315 6.392 6.469 6.546 6.623 6.701 6.778 6.855 6.932 7.009 7.070 7.124 7.179 7.256 7.455 7.654 7.853 8.052 8.250 8.449 8.648 8.847 9.046 9.240 9.369 9.499 9.628 9.786 9.946 10.106 10.267 10.427 10.587 10.747 10.908 11.068 11.228 11.391 11.560 11.729 11.790 11.760 11.729 11.699 11.669 11.638 11.608 11.578 11.547 11.517 11.487 11.456 11.427 11.399 11.395 11.420 11.446 11.472 11.498 11.524 11.550 11.575 11.601 11.627 11.653 11.679 11.704 11.730 11.794 11.973 12.153 12.417 12.681 12.945 13.209
6.399 6.392 6.469 6.546 6.623 6.701 6.778 6.855 6.932 7.009 7.086 7.163 7.237 7.291 7.346 7.506 7.705 7.904 8.103 8.302 8.501 8.700 8.899 9.098 9.297 9.496 9.660 9.789 9.933 10.093 10.254 10.414 10.574 10.735 10.895 11.055 11.215 11.376 11.536 11.696 11.862 12.015 11.985 11.955 11.924 11.894 11.864 11.833 11.803 11.773 11.742 11.712 11.682 11.651 11.621 11.593 11.616 11.642 11.668 11.694 11.720 11.745 11.771 11.797 11.823 11.849 11.874 11.900 11.926 11.952 11.978 12.083 12.288 12.552 12.816 13.041 13.245
6.502 6.546 6.623 6.701 6.778 6.855 6.932 7.009 7.086 7.163 7.240 7.317 7.395 7.458 7.558 7.757 7.956 8.155 8.354 8.553 8.752 8.950 9.149 9.348 9.547 9.746 9.945 10.081 10.241 10.401 10.561 10.722 10.882 11.042 11.202 11.363 11.523 11.683 11.844 12.004 12.165 12.211 12.180 12.150 12.120 12.089 12.059 12.029 11.998 11.968 11.937 11.907 11.877 11.846 11.816 11.812 11.838 11.864 11.890 11.916 11.941 11.967 11.993 12.019 12.045 12.070 12.096 12.122 12.148 12.174 12.199 12.225 12.413 12.617 12.821 13.024 13.228
6.623 6.701 6.778 6.855 6.932 7.009 7.086 7.163 7.240 7.318 7.395 7.472 7.549 7.625 7.808 8.007 8.206 8.405 8.605 8.809 9.012 9.216 9.419 9.622 9.826 10.029 10.233 10.364 10.521 10.678 10.835 10.993 11.150 11.307 11.465 11.622 11.779 11.936 12.094 12.251 12.341 12.223 12.186 12.148 12.110 12.072 12.035 11.997 11.959 11.921 11.883 11.846 11.808 11.770 11.747 11.848 11.875 11.903 11.930 11.958 11.985 12.012 12.040 12.067 12.095 12.122 12.149 12.177 12.204 12.232 12.259 12.300 12.421 12.600 12.804 13.008 13.212
6.886 6.967 7.049 7.130 7.211 7.292 7.373 7.454 7.535 7.616 7.697 7.778 7.860 8.008 8.224 8.428 8.631 8.834 9.038 9.241 9.445 9.648 9.852 10.055 10.259 10.462 10.625 10.603 10.721 10.878 11.036 11.193 11.350 11.507 11.665 11.822 11.979 12.137 12.294 12.451 12.329 12.128 12.084 12.046 12.008 11.970 11.933 11.895 11.857 11.819 11.782 11.744 11.706 11.668 11.736 11.841 11.901 11.928 11.956 11.983 12.010 12.038 12.065 12.093 12.120 12.147 12.175 12.202 12.229 12.257 12.292 12.357 12.465 12.632 12.799 12.992 13.196
7.151 7.304 7.385 7.466 7.547 7.628 7.709 7.790 7.871 7.952 8.034 8.115 8.201 8.428 8.654 8.860 9.064 9.267 9.471 9.674 9.878 10.081 10.284 10.488 10.691 10.895 10.928 10.906 10.921 11.078 11.235 11.393 11.550 11.707 11.865 12.022 12.179 12.337 12.494 12.518 12.317 12.116 11.982 11.944 11.906 11.868 11.831 11.793 11.755 11.717 11.679 11.642 11.604 11.620 11.725 11.830 11.926 11.954 11.981 12.008 12.036 12.063 12.091 12.118 12.145 12.173 12.200 12.227 12.255 12.284 12.349 12.415 12.508 12.675 12.842 13.010 13.179
7.402 7.634 7.721 7.802 7.883 7.964 8.045 8.126 8.208 8.289 8.370 8.451 8.621 8.847 9.073 9.293 9.497 9.700 9.904 10.107 10.310 10.514 10.717 10.921 11.124 11.253 11.231 11.209 11.187 11.278 11.436 11.593 11.750 11.907 12.065 12.222 12.379 12.537 12.694 12.506 12.305 12.104 11.903 11.842 11.804 11.766 11.729 11.691 11.653 11.615 11.578 11.540 11.504 11.609 11.714 11.819 11.924 11.979 12.006 12.034 12.061 12.088 12.116 12.143 12.171 12.198 12.225 12.253 12.280 12.341 12.407 12.472 12.552 12.719 12.886 13.053 13.220
7.652 7.884 8.057 8.138 8.219 8.300 8.382 8.463 8.544 8.625 8.706 8.814 9.040 9.267 9.493 9.719 9.929 10.133 10.336 10.540 10.743 10.947 11.150 11.353 11.557 11.555 11.533 11.511 11.489 11.478 11.636 11.793 11.950 12.107 12.265 12.422 12.579 12.737 12.695 12.494 12.293 12.092 11.891 11.740 11.702 11.664 11.627 11.589 11.551 11.513 11.476 11.438 11.493 11.598 11.703 11.808 11.913 12.004 12.032 12.059 12.087 12.114 12.141 12.169 12.196 12.224 12.251 12.278 12.334 12.399 12.464 12.530 12.596 12.763 12.930 13.097 13.264
7.902 8.135 8.367 8.474 8.555 8.637 8.718 8.799 8.880 8.961 9.042 9.234 9.460 9.686 9.912 10.139 10.362 10.566 10.769 10.973 11.176 11.379 11.583 11.786 11.880 11.858 11.836 11.814 11.792 11.770 11.836 11.993 12.150 12.308 12.465 12.622 12.779 12.884 12.683 12.482 12.281 12.080 11.879 11.678 11.600 11.562 11.525 11.487 11.449 11.411 11.374 11.378 11.483 11.587 11.692 11.797 11.902 12.007 12.057 12.085 12.112 12.139 12.167 12.194 12.222 12.249 12.276 12.326 12.391 12.456 12.522 12.587 12.652 12.807 12.974 13.141 13.308
8.152 8.385 8.617 8.810 8.892 8.973 9.054 9.135 9.216 9.297 9.427 9.653 9.879 10.106 10.332 10.558 10.785 10.998 11.202 11.405 11.609 11.812 12.016 12.205 12.183 12.161 12.139 12.117 12.095 12.073 12.051 12.193 12.350 12.508 12.665 12.822 12.979 12.872 12.671 12.470 12.269 12.068 11.867 11.666 11.498 11.460 11.423 11.385 11.347 11.309 11.272 11.367 11.472 11.576 11.681 11.786 11.891 11.996 12.083 12.110 12.137 12.165 12.192 12.219 12.247 12.274 12.318 12.383 12.449 12.514 12.579 12.645 12.710 12.850 13.017 13.184 13.352
8.403 8.635 8.868 9.100 9.228 9.309 9.390 9.471 9.552 9.633 9.846 10.073 10.299 10.525 10.752 10.978 11.204 11.430 11.635 11.838 12.042 12.245 12.448 12.507 12.485 12.463 12.441 12.419 12.397 12.375 12.354 12.393 12.550 12.708 12.865 13.022 13.061 12.860 12.659 12.458 12.257 12.056 11.855 11.654 11.453 11.359 11.321 11.283 11.245 11.207 11.251 11.356 11.461 11.566 11.670 11.775 11.880 11.985 12.090 12.135 12.163 12.190 12.217 12.245 12.272 12.310 12.375 12.441 12.506 12.571 12.637 12.702 12.767 12.894 13.061 13.228 13.395
8.653 8.885 9.118 9.350 9.564 9.645 9.726 9.807 9.888 10.039 10.266 10.492 10.718 10.945 11.171 11.397 11.624 11.850 12.067 12.271 12.474 12.678 12.832 12.810 12.788 12.766 12.744 12.722 12.700 12.678 12.656 12.634 12.750 12.908 13.065 13.222 13.049 12.848 12.647 12.446 12.245 12.044 11.843 11.642 11.441 11.257 11.219 11.181 11.143 11.135 11.240 11.345 11.450 11.554 11.659 11.764 11.869 11.974 12.079 12.161 12.188 12.216 12.243 12.270 12.302 12.368 12.433 12.498 12.564 12.629 12.694 12.760 12.825 12.938 13.105 13.272 13.439
8.903 9.136 9.368 9.600 9.833 9.981 10.062 10.143 10.233 10.459 10.685 10.912 11.138 11.364 11.591 11.817 12.043 12.270 12.496 12.704 12.907 13.110 13.135 13.113 13.091 13.069 13.047 13.025 13.003 12.981 12.959 12.937 12.950 13.108 13.265 13.238 13.037 12.836 12.635 12.434 12.233 12.032 11.831 11.630 11.429 11.228 11.117 11.079 11.041 11.124 11.229 11.334 11.439 11.544 11.648 11.753 11.858 11.963 12.068 12.173 12.214 12.241 12.268 12.296 12.360 12.425 12.491 12.556 12.621 12.686 12.752 12.817 12.882 12.982 13.149 13.316 13.483
9.153 9.386 9.618 9.851 10.083 10.316 10.398 10.480 10.652 10.878 11.105 11.331 11.557 11.784 12.010 12.236 12.463 12.689 12.915 13.136 13.340 13.459 13.437 13.415 13.393 13.371 13.349 13.327 13.306 13.284 13.262 13.240 13.218 13.308 13.427 13.226 13.025 12.824 12.623 12.422 12.221 12.020 11.819 11.618 11.417 11.216 11.015 10.977 11.008 11.113 11.218 11.323 11.428 11.533 11.637 11.742 11.847 11.952 12.057 12.162 12.239 12.266 12.294 12.352 12.417 12.483 12.548 12.613 12.679 12.744 12.809 12.875 12.940 13.025 13.192 13.360 13.527
9.404 9.636 9.868 10.101 10.333 10.566 10.735 10.845 11.071 11.298 11.524 11.751 11.977 12.203 12.430 12.656 12.882 13.108 13.335 13.561 13.772 13.762 13.740 13.718 13.696 13.674 13.652 13.630 13.608 13.586 13.564 13.542 13.520 13.508 13.415 13.214 13.013 12.812 12.611 12.410 12.209 12.008 11.807 11.606 11.405 11.203 11.002 10.892 10.997 11.102 11.207 11.312 11.417 11.522 11.626 11.731 11.836 11.941 12.046 12.151 12.256 12.292 12.344 12.410 12.475 12.540 12.606 12.671 12.736 12.801 12.867 12.932 12.997 13.069 13.236 13.403 13.570
9.654 9.886 10.119 10.351 10.584 10.816 11.048 11.265 11.491 11.709 11.926 12.143 12.360 12.577 12.794 13.011 13.228 13.445 13.662 13.879 13.954 13.924 13.895 13.865 13.836 13.806 13.777 13.747 13.718 13.688 13.659 13.629 13.600 13.540 13.373 13.172 12.970 12.769 12.568 12.367 12.166 11.965 11.763 11.562 11.361 11.160 10.959 10.894 10.992 11.096 11.201 11.305 11.410 11.514 11.619 11.723 11.828 11.932 12.037 12.141 12.246 12.336 12.402 12.467 12.532 12.598 12.663 12.728 12.794 12.859 12.924 12.990 13.055 13.120 13.280 13.447 13.614
9.874 10.105 10.337 10.568 10.800 11.031 11.240 11.418 11.635 11.852 12.069 12.286 12.503 12.720 12.937 13.154 13.371 13.588 13.805 13.998 13.938 13.893 13.864 13.834 13.804 13.775 13.745 13.716 13.686 13.657 13.627 13.598 13.568 13.447 13.314 13.116 12.915 12.713 12.512 12.311 12.110 11.909 11.707 11.506 11.305 11.104 10.974 10.953 10.989 11.094 11.198 11.303 11.407 11.511 11.616 11.720 11.825 11.929 12.034 12.138 12.238 12.323 12.405 12.488 12.570 12.652 12.721 12.786 12.851 12.916 12.982 13.047 13.112 13.178 13.324 13.491 13.658
10.085 10.317 10.548 10.780 11.011 11.243 11.415 11.580 11.778 11.995 12.212 12.429 12.646 12.863 13.080 13.297 13.514 13.731 13.948 13.985 13.925 13.864 13.832 13.803 13.773 13.744 13.714 13.685 13.655 13.626 13.596 13.567 13.487 13.354 13.221 13.060 12.859 12.657 12.456 12.255 12.054 11.853 11.652 11.450 11.249 11.054 11.033 11.011 10.989 11.091 11.195 11.300 11.404 11.509 11.613 11.718 11.822 11.927 12.031 12.136 12.221 12.306 12.389 12.471 12.554 12.636 12.719 12.801 12.883 12.966 13.039 13.105 13.170 13.235 13.367 13.534 13.621
10.297 10.528 10.760 10.991 11.223 11.425 11.590 11.754 11.921 12.138 12.355 12.572 12.789 13.006 13.223 13.440 13.657 13.874 14.032 13.972 13.911 13.851 13.801 13.771 13.742 13.712 13.683 13.653 13.624 13.594 13.565 13.528 13.394 13.261 13.128 12.994 12.803 12.601 12.400 12.199 11.998 11.797 11.596 11.394 11.193 11.113 11.091 11.070 11.048 11.088 11.193 11.297 11.402 11.506 11.611 11.715 11.820 11.924 12.029 12.119 12.204 12.289 12.372 12.455 12.537 12.620 12.702 12.785 12.867 12.949 13.032 13.114 13.197 13.279 13.358 13.443 13.529
10.508 10.740 10.971 11.203 11.434 11.599 11.764 11.929 12.094 12.281 12.498 12.715 12.932 13.149 13.366 13.583 13.800 14.017 14.019 13.958 13.898 13.838 13.778 13.740 13.711 13.681 13.652 13.622 13.593 13.563 13.534 13.435 13.301 13.168 13.035 12.901 12.747 12.546 12.344 12.143 11.942 11.741 11.540 11.338 11.193 11.171 11.150 11.128 11.107 11.086 11.190 11.294 11.399 11.503 11.608 11.712 11.817 11.921 12.018 12.102 12.187 12.271 12.356 12.438 12.521 12.603 12.686 12.768 12.851 12.933 13.016 13.098 13.180 13.231 13.278 13.355 13.437
10.720 10.952 11.183 11.415 11.609 11.774 11.939 12.104 12.268 12.433 12.641 12.858 13.075 13.292 13.509 13.726 13.943 14.065 14.005 13.945 13.884 13.824 13.764 13.709 13.679 13.650 13.620 13.591 13.561 13.532 13.475 13.342 13.209 13.075 12.942 12.808 12.675 12.490 12.288 12.087 11.886 11.685 11.484 11.283 11.252 11.230 11.208 11.187 11.165 11.144 11.187 11.292 11.396 11.501 11.605 11.710 11.814 11.916 12.000 12.085 12.170 12.254 12.339 12.422 12.505 12.587 12.669 12.752 12.834 12.917 12.999 13.082 13.135 13.161 13.202 13.278 13.355
10.932 11.163 11.395 11.619 11.784 11.948 12.113 12.278 12.443 12.608 12.784 13.001 13.218 13.435 13.652 13.869 14.086 14.052 13.991 13.931 13.871 13.811 13.751 13.691 13.648 13.619 13.589 13.560 13.530 13.501 13.382 13.249 13.115 12.982 12.849 12.715 12.582 12.434 12.233 12.031 11.830 11.629 11.428 11.332 11.310 11.289 11.267 11.245 11.224 11.202 11.185 11.289 11.394 11.498 11.603 11.707 11.811 11.899 11.983 12.068 12.152 12.237 12.322 12.406 12.488 12.571 12.653 12.735 12.818 12.900 12.983 13.039 13.065 13.091 13.126 13.202 13.279
11.143 11.375 11.606 11.793 11.958 12.123 12.288 12.453 12.617 12.782 12.947 13.144 13.361 13.578 13.795 14.012 14.098 14.038 13.978 13.918 13.858 13.798 13.737 13.677 13.617 13.587 13.558 13.528 13.499 13.423 13.289 13.156 13.023 12.889 12.756 12.622 12.489 12.356 12.177 11.975 11.774 11.573 11.412 11.390 11.369 11.347 11.326 11.304 11.282 11.261 11.239 11.286 11.391 11.495 11.600 11.704 11.797 11.881 11.966 12.051 12.135 12.220 12.305 12.389 12.472 12.554 12.637 12.719 12.801 12.884 12.942 12.969 12.995 13.021 13.050 13.126 13.203
11.355 11.586 11.803 11.968 12.133 12.297 12.462 12.627 12.792 12.957 13.122 13.287 13.504 13.721 13.938 14.145 14.085 14.025 13.965 13.905 13.844 13.784 13.724 13.664 13.604 13.556 13.527 13.497 13.463 13.330 13.196 13.063 12.930 12.796 12.663 12.529 12.396 12.263 12.121 11.919 11.718 11.517 11.471 11.449 11.427 11.406 11.384 11.363 11.341 11.319 11.298 11.284 11.388 11.493 11.597 11.695 11.780 11.864 11.949 12.034 12.118 12.203 12.287 12.372 12.455 12.538 12.620 12.703 12.785 12.846 12.872 12.898 12.924 12.950 12.976 13.050 13.127
11.567 11.798 11.977 12.142 12.307 12.472 12.637 12.802 12.967 13.131 13.296 13.461 13.647 13.864 14.081 14.132 14.072 14.011 13.951 13.891 13.831 13.771 13.711 13.650 13.590 13.530 13.495 13.466 13.370 13.237 13.103 12.970 12.837 12.703 12.570 12.436 12.303 12.170 12.036 11.864 11.662 11.551 11.529 11.508 11.486 11.464 11.443 11.421 11.400 11.378 11.356 11.335 11.386 11.490 11.593 11.678 11.763 11.847 11.932 12.016 12.101 12.186 12.270 12.355 12.439 12.521 12.604 12.686 12.750 12.776 12.802 12.828 12.854 12.880 12.906 12.974 13.051
11.778 11.987 12.152 12.317 12.482 12.647 12.811 12.976 13.141 13.306 13.471 13.635 13.800 14.006 14.179 14.119 14.059 13.998 13.938 13.878 13.818 13.757 13.697 13.637 13.577 13.517 13.464 13.410 13.277 13.144 13.010 12.877 12.744 12.610 12.477 12.344 12.210 12.077 11.943 11.808 11.631 11.609 11.588 11.566 11.545 11.523 11.501 11.480 11.458 11.437 11.415 11.393 11.383 11.487 11.576 11.661 11.745 11.830 11.915 11.999 12.084 12.169 12.253 12.338 12.422 12.505 12.587 12.654 12.680 12.706 12.732 12.758 12.784 12.810 12.836 12.898 12.975
11.990 12.162 12.327 12.491 12.656 12.821 12.986 13.151 13.316 13.480 13.645 13.810 13.975 14.149 14.165 14.105 14.045 13.985 13.924 13.864 13.804 13.744 13.684 13.623 13.558 13.493 13.428 13.314 13.181 13.047 12.914 12.780 12.647 12.513 12.380 12.246 12.113 11.979 11.845 11.712 11.670 11.650 11.631 11.611 11.592 11.572 11.553 11.533 11.513 11.494 11.474 11.452 11.430 11.474 11.559 11.644 11.728 11.813 11.897 11.982 12.067 12.151 12.236 12.321 12.405 12.489 12.557 12.583 12.609 12.635 12.661 12.687 12.713 12.739 12.765 12.822 12.899
12.171 12.336 12.501 12.666 12.831 12.989 13.144 13.299 13.455 13.610 13.765 13.920 14.075 14.161 14.076 14.011 13.947 13.882 13.817 13.752 13.687 13.622 13.557 13.492 13.427 13.363 13.290 13.200 13.066 12.933 12.799 12.666 12.532 12.399 12.265 12.132 11.998 11.865 11.731 11.647 11.642 11.623 11.603 11.584 11.564 11.545 11.525 11.505 11.486 11.466 11.447 11.427 11.418 11.462 11.546 11.631 11.715 11.799 11.883 11.967 12.051 12.136 12.220 12.304 12.388 12.461 12.487 12.513 12.539 12.565 12.591 12.617 12.643 12.669 12.695 12.746 12.823
12.249 12.404 12.559 12.715 12.870 13.025 13.180 13.335 13.491 13.646 13.801 13.956 14.111 14.060 13.948 13.880 13.816 13.751 13.686 13.621 13.556 13.491 13.426 13.361 13.297 13.232 13.148 13.063 12.952 12.818 12.685 12.551 12.418 12.284 12.151 12.017 11.884 11.750 11.618 11.612 11.607 11.595 11.576 11.556 11.537 11.517 11.498 11.478 11.458 11.439 11.419 11.400 11.429 11.467 11.535 11.619 11.703 11.787 11.871 11.956 12.040 12.124 12.208 12.293 12.377 12.437 12.465 12.482 12.500 12.517 12.535 12.552 12.573 12.599 12.625 12.670 12.747
12.295 12.440 12.595 12.750 12.906 13.061 13.216 13.371 13.527 13.682 13.837 13.992 14.072 13.959 13.847 13.750 13.685 13.620 13.555 13.490 13.425 13.360 13.296 13.231 13.166 13.090 13.006 12.921 12.836 12.704 12.571 12.437 12.303 12.170 12.036 11.903 11.769 11.636 11.583 11.577 11.572 11.567 11.548 11.529 11.509 11.490 11.470 11.450 11.431 11.411 11.392 11.401 11.439 11.477 11.523 11.607 11.691 11.776 11.860 11.944 12.028 12.112 12.197 12.281 12.350 12.406 12.453 12.471 12.488 12.506 12.523 12.541 12.558 12.575 12.593 12.604 12.669
12.345 12.481 12.631 12.786 12.942 13.097 13.252 13.407 13.563 13.718 13.873 14.029 13.971 13.858 13.746 13.633 13.554 13.489 13.424 13.359 13.294 13.230 13.165 13.100 13.033 12.948 12.864 12.779 12.694 12.590 12.456 12.323 12.189 12.055 11.922 11.788 11.655 11.553 11.548 11.542 11.537 11.532 11.521 11.501 11.482 11.462 11.443 11.423 11.403 11.384 11.374 11.412 11.450 11.488 11.526 11.596 11.680 11.764 11.848 11.932 12.017 12.101 12.185 12.262 12.319 12.376 12.433 12.459 12.477 12.494 12.512 12.529 12.547 12.564 12.580 12.588 12.596
12.394 12.530 12.667 12.822 12.978 13.133 13.288 13.443 13.598 13.754 13.909 13.982 13.870 13.757 13.644 13.532 13.423 13.358 13.293 13.229 13.164 13.099 13.034 12.969 12.891 12.806 12.721 12.637 12.552 12.467 12.342 12.208 12.075 11.941 11.808 11.674 11.540 11.518 11.513 11.507 11.502 11.497 11.492 11.474 11.454 11.435 11.415 11.395 11.376 11.356 11.384 11.422 11.460 11.499 11.537 11.584 11.668 11.752 11.836 11.921 12.005 12.089 12.173 12.232 12.289 12.346 12.402 12.448 12.465 12.483 12.500 12.518 12.535 12.553 12.563 12.571 12.579
12.444 12.580 12.716 12.858 13.014 13.169 13.324 13.479 13.634 13.790 13.945 13.881 13.769 13.656 13.543 13.431 13.318 13.227 13.163 13.098 13.033 12.968 12.903 12.833 12.749 12.664 12.579 12.495 12.410 12.325 12.227 12.094 11.960 11.827 11.693 11.560 11.488 11.483 11.478 11.472 11.467 11.462 11.457 11.446 11.427 11.407 11.388 11.368 11.348 11.357 11.395 11.433 11.471 11.509 11.547 11.585 11.656 11.741 11.825 11.909 11.993 12.077 12.145 12.202 12.258 12.315 12.372 12.429 12.454 12.471 12.489 12.506 12.524 12.538 12.546 12.554 12.562
12.494 12.630 12.766 12.901 13.049 13.205 13.360 13.515 13.670 13.825 13.893 13.780 13.667 13.555 13.442 13.330 13.217 13.104 13.032 12.967 12.902 12.837 12.772 12.691 12.606 12.522 12.437 12.353 12.268 12.183 12.099 11.979 11.846 11.712 11.579 11.458 11.453 11.448 11.443 11.437 11.432 11.427 11.422 11.416 11.399 11.380 11.360 11.340 11.329 11.367 11.405 11.443 11.481 11.520 11.558 11.596 11.645 11.729 11.813 11.897 11.982 12.058 12.114 12.171 12.228 12.285 12.342 12.398 12.442 12.460 12.477 12.495 12.512 12.522 12.530 12.538 12.546
