includes/camargue/floodfiles/results/res-0006.wd
ncols         906
nrows         631
xllcorner     362177.146667
yllcorner     6534725.688020
cellsize      20.000000
NODATA_value  -9999.000000
[rows 544 to 577 of 631, columns 308 to 384 of 906]
8.819 8.720 8.622 8.523 8.411 8.242 8.074 7.905 7.736 7.567 7.398 7.229 7.060 6.891 6.722 6.553 6.384 6.215 6.047 6.149 6.271 6.393 6.514 6.636 6.757 6.879 7.001 7.122 7.244 7.365 7.487 7.609 7.730 7.815 7.750 7.685 7.621 7.392 7.155 6.919 6.682 6.445 6.208 5.971 5.734 5.497 5.260 5.060 5.048 5.036 5.024 5.011 4.999 4.987 4.971 4.951 4.930 4.909 4.888 4.867 4.847 4.838 4.833 4.827 4.822 4.816 4.810 4.805 4.799 4.794 4.788 4.783 4.777 4.778 4.775 4.763 4.750
8.869 8.770 8.672 8.574 8.475 8.309 8.140 7.971 7.802 7.633 7.464 7.295 7.126 6.958 6.789 6.620 6.451 6.282 6.100 6.090 6.263 6.437 6.611 6.785 6.959 7.088 7.210 7.332 7.453 7.575 7.696 7.818 7.940 8.061 8.030 7.965 7.764 7.527 7.290 7.054 6.817 6.580 6.343 6.106 5.869 5.632 5.395 5.158 5.105 5.093 5.081 5.069 5.056 5.041 5.020 5.000 4.979 4.958 4.937 4.916 4.896 4.883 4.877 4.872 4.866 4.861 4.855 4.850 4.844 4.838 4.833 4.827 4.828 4.830 4.830 4.818 4.806
8.919 8.821 8.722 8.624 8.525 8.375 8.206 8.037 7.868 7.700 7.531 7.362 7.193 7.024 6.855 6.686 6.517 6.338 6.153 5.996 6.170 6.344 6.518 6.692 6.866 7.040 7.214 7.388 7.562 7.736 7.906 8.027 8.149 8.271 8.309 8.136 7.899 7.662 7.425 7.188 6.952 6.715 6.478 6.241 6.004 5.767 5.530 5.293 5.162 5.150 5.138 5.126 5.111 5.090 5.069 5.049 5.028 5.007 4.986 4.965 4.945 4.928 4.922 4.917 4.911 4.905 4.900 4.894 4.889 4.883 4.878 4.879 4.880 4.881 4.882 4.873 4.861
8.969 8.871 8.772 8.674 8.576 8.442 8.273 8.104 7.935 7.766 7.597 7.428 7.259 7.090 6.921 6.753 6.576 6.390 6.205 6.020 6.076 6.251 6.424 6.598 6.772 6.946 7.120 7.294 7.468 7.642 7.816 7.990 8.164 8.338 8.479 8.259 8.034 7.797 7.560 7.323 7.087 6.850 6.613 6.376 6.139 5.902 5.665 5.428 5.219 5.207 5.195 5.181 5.160 5.139 5.118 5.098 5.077 5.056 5.035 5.014 4.994 4.973 4.967 4.961 4.956 4.950 4.945 4.939 4.934 4.929 4.930 4.931 4.932 4.933 4.934 4.928 4.916
9.019 8.921 8.822 8.724 8.626 8.508 8.339 8.170 8.001 7.832 7.663 7.495 7.326 7.157 6.988 6.814 6.628 6.443 6.258 6.073 5.983 6.157 6.331 6.505 6.679 6.853 7.027 7.201 7.375 7.549 7.723 7.896 8.070 8.237 8.379 8.296 8.076 7.857 7.637 7.417 7.198 6.978 6.748 6.511 6.274 6.037 5.800 5.563 5.326 5.264 5.251 5.230 5.209 5.188 5.167 5.146 5.126 5.105 5.084 5.063 5.043 5.022 5.012 5.006 5.001 4.995 4.989 4.984 4.979 4.980 4.981 4.982 4.984 4.985 4.986 4.983 4.971
9.069 8.971 8.873 8.774 8.676 8.575 8.406 8.237 8.068 7.899 7.730 7.561 7.392 7.223 7.051 6.866 6.681 6.496 6.310 6.125 5.940 6.064 6.238 6.411 6.585 6.759 6.933 7.107 7.281 7.455 7.629 7.803 7.977 8.119 8.260 8.333 8.113 7.894 7.674 7.454 7.235 7.015 6.795 6.576 6.356 6.136 5.917 5.697 5.461 5.320 5.299 5.279 5.258 5.237 5.216 5.195 5.175 5.154 5.133 5.112 5.092 5.071 5.056 5.051 5.045 5.040 5.034 5.030 5.031 5.032 5.033 5.034 5.035 5.037 5.038 5.038 5.026
9.120 9.021 8.923 8.824 8.726 8.628 8.472 8.303 8.134 7.965 7.796 7.627 7.458 7.289 7.104 6.919 6.734 6.548 6.363 6.178 5.992 5.970 6.144 6.318 6.492 6.666 6.840 7.014 7.188 7.362 7.536 7.709 7.859 8.000 8.141 8.283 8.150 7.931 7.711 7.491 7.272 7.052 6.832 6.613 6.393 6.173 5.954 5.734 5.514 5.368 5.348 5.327 5.307 5.286 5.265 5.245 5.224 5.203 5.182 5.161 5.141 5.120 5.101 5.096 5.090 5.084 5.080 5.082 5.083 5.084 5.085 5.086 5.087 5.088 5.089 5.090 5.081
9.170 9.071 8.973 8.875 8.776 8.678 8.538 8.369 8.201 8.032 7.863 7.694 7.525 7.342 7.157 6.971 6.786 6.601 6.416 6.230 6.045 5.877 6.051 6.225 6.398 6.572 6.746 6.920 7.094 7.268 7.442 7.599 7.740 7.881 8.023 8.164 8.187 7.967 7.748 7.528 7.308 7.089 6.869 6.649 6.430 6.210 5.990 5.771 5.595 5.451 5.394 5.374 5.354 5.334 5.313 5.293 5.273 5.252 5.231 5.210 5.190 5.169 5.148 5.140 5.135 5.131 5.132 5.133 5.134 5.136 5.137 5.138 5.139 5.140 5.141 5.142 5.136
9.220 9.122 9.023 8.925 8.826 8.728 8.605 8.436 8.267 8.098 7.929 7.760 7.580 7.395 7.209 7.024 6.839 6.653 6.468 6.283 6.098 5.912 5.957 6.131 6.305 6.479 6.653 6.827 7.001 7.175 7.339 7.480 7.621 7.763 7.904 8.045 8.187 8.004 7.785 7.565 7.345 7.126 6.906 6.686 6.467 6.247 6.027 5.831 5.687 5.543 5.440 5.420 5.400 5.380 5.360 5.340 5.320 5.300 5.279 5.259 5.239 5.218 5.197 5.185 5.182 5.183 5.184 5.185 5.186 5.187 5.188 5.190 5.191 5.192 5.193 5.194 5.191
9.270 9.172 9.073 8.975 8.877 8.778 8.671 8.502 8.333 8.164 7.996 7.818 7.632 7.447 7.262 7.077 6.891 6.706 6.521 6.336 6.150 5.965 5.863 6.037 6.211 6.385 6.559 6.733 6.907 7.079 7.220 7.361 7.503 7.644 7.785 7.927 8.068 8.041 7.822 7.602 7.382 7.163 6.943 6.723 6.503 6.284 6.067 5.923 5.779 5.635 5.491 5.467 5.446 5.426 5.406 5.386 5.366 5.346 5.326 5.306 5.286 5.266 5.245 5.232 5.233 5.234 5.236 5.237 5.238 5.239 5.240 5.241 5.242 5.243 5.245 5.246 5.247
9.320 9.222 9.123 9.025 8.927 8.828 8.730 8.569 8.400 8.231 8.056 7.870 7.685 7.500 7.315 7.129 6.944 6.759 6.573 6.388 6.203 6.018 5.832 5.944 6.118 6.292 6.466 6.640 6.814 6.960 7.101 7.243 7.384 7.525 7.667 7.808 7.950 8.078 7.858 7.639 7.419 7.199 6.980 6.760 6.540 6.321 6.159 6.015 5.871 5.726 5.582 5.513 5.493 5.473 5.453 5.433 5.413 5.392 5.372 5.352 5.332 5.312 5.269 5.217 5.243 5.268 5.287 5.288 5.290 5.291 5.292 5.293 5.294 5.295 5.296 5.297 5.298
9.142 9.156 9.171 9.075 8.977 8.878 8.780 8.635 8.466 8.294 8.108 7.923 7.738 7.552 7.367 7.182 6.997 6.811 6.626 6.441 6.256 6.070 5.885 5.851 6.025 6.198 6.372 6.546 6.700 6.841 6.983 7.124 7.265 7.407 7.548 7.690 7.831 7.972 7.895 7.676 7.456 7.236 7.017 6.797 6.577 6.395 6.251 6.107 5.963 5.818 5.674 5.560 5.539 5.519 5.499 5.479 5.459 5.439 5.419 5.399 5.378 5.330 5.263 5.196 5.222 5.247 5.273 5.299 5.325 5.342 5.344 5.345 5.346 5.347 5.348 5.349 5.350
8.951 8.966 8.980 8.995 9.009 8.929 8.830 8.702 8.532 8.346 8.161 7.976 7.790 7.605 7.420 7.234 7.049 6.864 6.679 6.493 6.308 6.123 5.938 5.757 5.931 6.105 6.279 6.440 6.581 6.723 6.864 7.005 7.147 7.288 7.430 7.571 7.712 7.854 7.932 7.712 7.493 7.273 7.053 6.834 6.631 6.487 6.343 6.199 6.054 5.910 5.766 5.622 5.586 5.566 5.546 5.525 5.505 5.485 5.465 5.445 5.391 5.324 5.256 5.189 5.201 5.227 5.252 5.278 5.304 5.330 5.356 5.381 5.397 5.399 5.400 5.401 5.402
8.760 8.775 8.789 8.804 8.819 8.833 8.848 8.768 8.584 8.399 8.214 8.028 7.843 7.658 7.472 7.287 7.102 6.917 6.731 6.546 6.361 6.175 5.990 5.805 5.837 6.011 6.180 6.321 6.463 6.604 6.745 6.887 7.028 7.170 7.311 7.452 7.594 7.735 7.876 7.749 7.530 7.310 7.090 6.871 6.723 6.579 6.435 6.290 6.146 6.002 5.858 5.714 5.632 5.612 5.592 5.572 5.552 5.532 5.512 5.452 5.385 5.318 5.250 5.183 5.180 5.206 5.232 5.257 5.283 5.309 5.335 5.361 5.386 5.412 5.438 5.453 5.454
8.570 8.584 8.599 8.613 8.628 8.642 8.684 8.752 8.643 8.456 8.270 8.084 7.898 7.711 7.525 7.340 7.154 6.969 6.784 6.599 6.413 6.228 6.043 5.857 5.744 5.918 6.061 6.203 6.344 6.485 6.627 6.768 6.910 7.051 7.192 7.334 7.475 7.616 7.758 7.786 7.566 7.347 7.127 6.959 6.815 6.671 6.526 6.382 6.238 6.094 5.950 5.806 5.679 5.658 5.638 5.618 5.598 5.578 5.513 5.446 5.379 5.311 5.244 5.176 5.159 5.185 5.211 5.237 5.262 5.288 5.314 5.340 5.365 5.391 5.417 5.443 5.469
8.379 8.394 8.408 8.423 8.452 8.526 8.600 8.663 8.705 8.519 8.332 8.146 7.960 7.774 7.587 7.401 7.215 7.028 6.842 6.656 6.470 6.283 6.097 5.911 5.725 5.801 5.943 6.084 6.225 6.367 6.508 6.650 6.791 6.932 7.074 7.215 7.356 7.498 7.639 7.781 7.603 7.384 7.195 7.051 6.907 6.762 6.618 6.474 6.330 6.186 6.042 5.898 5.754 5.705 5.685 5.665 5.642 5.574 5.507 5.440 5.372 5.305 5.237 5.170 5.138 5.164 5.190 5.216 5.241 5.267 5.293 5.319 5.345 5.370 5.396 5.422 5.452
8.188 8.203 8.220 8.294 8.368 8.442 8.516 8.575 8.630 8.581 8.395 8.209 8.022 7.836 7.650 7.463 7.277 7.091 6.904 6.718 6.532 6.346 6.159 5.973 5.863 5.900 6.007 6.114 6.222 6.329 6.436 6.543 6.672 6.814 6.955 7.096 7.238 7.379 7.521 7.662 7.640 7.431 7.287 7.143 6.999 6.854 6.710 6.566 6.422 6.278 6.134 5.990 5.846 5.751 5.731 5.703 5.635 5.568 5.500 5.433 5.366 5.298 5.231 5.163 5.117 5.143 5.169 5.195 5.221 5.246 5.272 5.298 5.324 5.350 5.375 5.413 5.473
7.998 8.063 8.137 8.211 8.284 8.358 8.432 8.487 8.541 8.596 8.457 8.271 8.085 7.898 7.712 7.526 7.339 7.153 6.967 6.780 6.594 6.408 6.222 6.055 6.055 6.055 6.150 6.258 6.365 6.472 6.579 6.686 6.793 6.901 7.008 7.115 7.222 7.329 7.436 7.543 7.677 7.523 7.379 7.234 7.090 6.946 6.802 6.658 6.514 6.370 6.226 6.082 5.937 5.798 5.764 5.696 5.629 5.561 5.494 5.427 5.359 5.292 5.224 5.157 5.097 5.122 5.148 5.174 5.200 5.226 5.251 5.277 5.303 5.329 5.375 5.434 5.494
7.905 7.979 8.053 8.127 8.201 8.274 8.343 8.398 8.453 8.508 8.520 8.333 8.147 7.961 7.774 7.588 7.402 7.215 7.029 6.843 6.656 6.470 6.284 6.246 6.246 6.246 6.294 6.401 6.508 6.615 6.722 6.829 6.937 7.044 7.151 7.258 7.365 7.472 7.580 7.687 7.645 7.496 7.356 7.216 7.076 6.936 6.795 6.655 6.515 6.375 6.234 6.094 5.954 5.814 5.756 5.690 5.622 5.555 5.488 5.420 5.353 5.285 5.218 5.151 5.083 5.101 5.127 5.153 5.179 5.205 5.231 5.256 5.282 5.336 5.395 5.455 5.514
7.821 7.895 7.969 8.043 8.117 8.191 8.255 8.310 8.364 8.419 8.474 8.396 8.209 8.023 7.837 7.650 7.464 7.278 7.091 6.905 6.719 6.533 6.438 6.438 6.438 6.438 6.438 6.544 6.651 6.758 6.865 6.973 7.080 7.187 7.294 7.401 7.508 7.616 7.723 7.759 7.604 7.450 7.307 7.167 7.027 6.886 6.746 6.606 6.466 6.326 6.185 6.045 5.905 5.785 5.729 5.673 5.616 5.549 5.481 5.414 5.346 5.279 5.212 5.144 5.077 5.081 5.107 5.132 5.158 5.184 5.210 5.237 5.297 5.356 5.416 5.475 5.535
7.737 7.811 7.885 7.959 8.033 8.107 8.166 8.221 8.276 8.331 8.386 8.440 8.272 8.085 7.899 7.713 7.526 7.340 7.154 6.968 6.781 6.630 6.630 6.630 6.630 6.630 6.630 6.687 6.794 6.902 7.009 7.116 7.223 7.330 7.437 7.544 7.652 7.759 7.866 7.719 7.564 7.410 7.258 7.118 6.977 6.837 6.697 6.557 6.417 6.276 6.136 5.996 5.856 5.757 5.701 5.645 5.589 5.533 5.475 5.407 5.340 5.272 5.205 5.138 5.070 5.060 5.086 5.111 5.137 5.163 5.198 5.258 5.317 5.377 5.436 5.496 5.555
7.653 7.727 7.801 7.875 7.949 8.023 8.078 8.133 8.188 8.242 8.297 8.352 8.334 8.148 7.962 7.775 7.589 7.402 7.216 7.030 6.844 6.821 6.821 6.821 6.821 6.821 6.821 6.830 6.938 7.045 7.152 7.259 7.366 7.473 7.581 7.688 7.795 7.902 7.833 7.678 7.524 7.369 7.215 7.068 6.928 6.788 6.648 6.508 6.367 6.227 6.087 5.947 5.807 5.729 5.673 5.617 5.561 5.505 5.449 5.393 5.334 5.266 5.199 5.131 5.064 5.039 5.065 5.091 5.116 5.159 5.219 5.278 5.338 5.397 5.457 5.516 5.576
7.569 7.643 7.717 7.791 7.865 7.935 7.990 8.044 8.099 8.154 8.209 8.264 8.318 8.210 8.024 7.838 7.651 7.465 7.279 7.092 7.013 7.013 7.013 7.013 7.013 7.013 7.013 7.013 7.081 7.188 7.295 7.402 7.509 7.616 7.724 7.831 7.938 7.947 7.793 7.638 7.484 7.329 7.174 7.020 6.879 6.739 6.599 6.459 6.318 6.178 6.038 5.898 5.758 5.701 5.645 5.590 5.534 5.477 5.421 5.365 5.309 5.254 5.192 5.125 5.058 5.018 5.044 5.070 5.120 5.180 5.239 5.299 5.358 5.418 5.478 5.537 5.597
7.485 7.559 7.633 7.707 7.781 7.846 7.901 7.956 8.011 8.066 8.120 8.175 8.230 8.272 8.086 7.900 7.714 7.527 7.341 7.205 7.205 7.205 7.205 7.205 7.205 7.205 7.205 7.205 7.224 7.331 7.438 7.545 7.653 7.760 7.867 7.974 8.061 7.907 7.752 7.598 7.443 7.289 7.134 6.980 6.830 6.690 6.549 6.409 6.269 6.129 5.989 5.849 5.730 5.674 5.618 5.562 5.506 5.450 5.394 5.338 5.282 5.226 5.170 5.114 5.051 4.997 5.023 5.081 5.141 5.200 5.260 5.319 5.379 5.439 5.498 5.558 5.617
7.402 7.476 7.549 7.623 7.697 7.758 7.813 7.868 7.922 7.977 8.032 8.087 8.141 8.196 8.149 7.962 7.776 7.590 7.403 7.397 7.397 7.397 7.397 7.397 7.397 7.396 7.396 7.397 7.397 7.474 7.581 7.689 7.796 7.903 8.010 8.117 8.021 7.867 7.712 7.558 7.403 7.248 7.094 6.939 6.785 6.641 6.500 6.360 6.220 6.080 5.940 5.799 5.702 5.646 5.590 5.534 5.478 5.422 5.366 5.310 5.254 5.198 5.142 5.086 5.030 5.017 5.042 5.102 5.161 5.221 5.281 5.340 5.400 5.459 5.519 5.578 5.638
7.318 7.392 7.465 7.539 7.613 7.670 7.724 7.779 7.834 7.889 7.944 7.998 8.053 8.108 8.163 8.025 7.838 7.652 7.588 7.588 7.588 7.588 7.588 7.588 7.588 7.588 7.588 7.588 7.588 7.618 7.725 7.832 7.939 8.046 8.153 8.135 7.981 7.826 7.672 7.517 7.363 7.208 7.054 6.899 6.745 6.591 6.451 6.311 6.171 6.031 5.890 5.750 5.674 5.618 5.562 5.506 5.450 5.394 5.338 5.283 5.227 5.171 5.115 5.079 5.173 5.266 5.231 5.185 5.182 5.242 5.301 5.361 5.420 5.480 5.539 5.599 5.658
7.319 7.338 7.382 7.456 7.526 7.581 7.636 7.691 7.745 7.800 7.855 7.910 7.965 8.019 8.074 8.087 7.901 7.780 7.780 7.780 7.780 7.780 7.780 7.780 7.780 7.780 7.780 7.780 7.780 7.780 7.868 7.975 8.082 8.189 8.250 8.095 7.941 7.786 7.631 7.477 7.322 7.168 7.013 6.859 6.704 6.550 6.402 6.262 6.122 5.981 5.841 5.703 5.647 5.591 5.535 5.479 5.423 5.367 5.311 5.255 5.199 5.143 5.235 5.329 5.422 5.515 5.492 5.446 5.399 5.353 5.322 5.381 5.441 5.500 5.560 5.619 5.679
7.340 7.359 7.378 7.397 7.438 7.493 7.547 7.602 7.657 7.712 7.767 7.821 7.876 7.931 7.986 8.041 7.972 7.972 7.972 7.972 7.972 7.972 7.972 7.972 7.972 7.972 7.971 7.971 7.971 7.971 8.011 8.118 8.225 8.333 8.209 8.055 7.900 7.746 7.591 7.437 7.282 7.128 6.973 6.819 6.664 6.509 6.355 6.213 6.073 5.932 5.792 5.675 5.619 5.563 5.507 5.451 5.395 5.339 5.283 5.227 5.298 5.391 5.485 5.578 5.671 5.764 5.753 5.707 5.660 5.614 5.568 5.521 5.475 5.521 5.580 5.640 5.699
7.361 7.380 7.399 7.396 7.361 7.416 7.470 7.525 7.579 7.633 7.688 7.742 7.797 7.851 7.906 7.960 8.121 8.134 8.147 8.160 8.163 8.163 8.163 8.163 8.163 8.163 8.163 8.163 8.163 8.163 8.163 8.261 8.369 8.324 8.169 8.015 7.860 7.705 7.551 7.396 7.242 7.087 6.933 6.778 6.624 6.469 6.315 6.164 6.023 5.883 5.743 5.647 5.591 5.535 5.479 5.423 5.367 5.311 5.361 5.454 5.547 5.641 5.734 5.827 5.920 6.014 6.014 5.968 5.921 5.875 5.829 5.782 5.736 5.689 5.643 5.660 5.720
7.382 7.401 7.396 7.356 7.316 7.340 7.394 7.449 7.503 7.558 7.612 7.667 7.721 7.776 7.830 7.964 8.178 8.250 8.263 8.276 8.289 8.302 8.315 8.328 8.341 8.354 8.355 8.355 8.355 8.355 8.355 8.405 8.438 8.283 8.129 7.974 7.820 7.665 7.511 7.356 7.202 7.047 6.893 6.738 6.583 6.429 6.274 6.120 5.974 5.834 5.694 5.620 5.564 5.508 5.452 5.396 5.424 5.517 5.610 5.704 5.797 5.890 5.983 6.076 6.170 6.263 6.275 6.229 6.182 6.136 6.089 6.043 5.997 5.950 5.904 5.858 5.811
7.403 7.396 7.357 7.317 7.277 7.264 7.319 7.373 7.428 7.482 7.536 7.591 7.645 7.700 7.792 8.005 8.219 8.366 8.379 8.392 8.405 8.418 8.431 8.444 8.457 8.470 8.483 8.496 8.509 8.522 8.535 8.548 8.398 8.243 8.089 7.934 7.780 7.625 7.470 7.316 7.161 7.007 6.852 6.698 6.543 6.389 6.234 6.080 5.925 5.785 5.648 5.592 5.536 5.480 5.487 5.580 5.673 5.766 5.860 5.953 6.046 6.139 6.233 6.326 6.419 6.512 6.536 6.489 6.443 6.397 6.350 6.304 6.258 6.211 6.165 6.119 6.072
7.397 7.357 7.317 7.277 7.238 7.198 7.243 7.297 7.352 7.406 7.461 7.515 7.570 7.624 7.833 8.047 8.260 8.474 8.495 8.508 8.521 8.534 8.547 8.560 8.573 8.586 8.600 8.613 8.626 8.639 8.652 8.542 8.394 8.234 8.074 7.915 7.755 7.595 7.435 7.276 7.121 6.967 6.812 6.657 6.503 6.348 6.194 6.039 5.885 5.736 5.620 5.564 5.550 5.643 5.736 5.829 5.922 6.016 6.109 6.202 6.295 6.389 6.482 6.575 6.668 6.761 6.797 6.750 6.704 6.658 6.611 6.565 6.519 6.472 6.426 6.380 6.333
7.357 7.318 7.278 7.238 7.198 7.158 7.167 7.222 7.276 7.331 7.385 7.439 7.494 7.660 7.874 8.088 8.302 8.515 8.611 8.624 8.637 8.650 8.664 8.677 8.690 8.703 8.716 8.729 8.742 8.755 8.651 8.533 8.396 8.236 8.076 7.917 7.757 7.597 7.438 7.278 7.118 6.958 6.799 6.639 6.479 6.320 6.160 6.000 5.844 5.690 5.612 5.706 5.799 5.892 5.985 6.079 6.172 6.265 6.358 6.451 6.545 6.638 6.731 6.824 6.918 7.011 7.058 7.011 6.965 6.919 6.872 6.826 6.780 6.733 6.687 6.641 6.594
7.318 7.278 7.238 7.198 7.159 7.119 7.091 7.146 7.200 7.255 7.309 7.364 7.488 7.702 7.915 8.129 8.343 8.557 8.728 8.741 8.754 8.767 8.780 8.793 8.806 8.819 8.832 8.845 8.858 8.760 8.641 8.523 8.398 8.238 8.079 7.919 7.759 7.599 7.440 7.280 7.120 6.961 6.801 6.641 6.482 6.322 6.162 6.002 5.843 5.700 5.730 5.940 6.048 6.141 6.235 6.328 6.421 6.514 6.607 6.701 6.794 6.887 6.980 7.074 7.167 7.260 7.319 7.272 7.226 7.180 7.133 7.087 7.041 6.994 6.948 6.901 6.855
