includes/camargue/floodfiles/results/res-0014.wd
ncols         906
nrows         631
xllcorner     362177.146667
yllcorner     6534725.688020
cellsize      20.000000
NODATA_value  -9999.000000
[rows 544 to 577 of 631, columns 308 to 384 of 906]
6.856 6.758 6.659 6.561 6.449 6.280 6.111 5.942 5.773 5.604 5.436 5.267 5.098 4.929 4.760 4.591 4.422 4.253 4.084 4.187 4.309 4.431 4.552 4.674 4.796 4.917 5.039 5.161 5.282 5.404 5.526 5.647 5.769 5.854 5.789 5.724 5.660 5.431 5.195 4.958 4.721 4.484 4.247 4.010 3.773 3.537 3.300 3.100 3.088 3.076 3.064 3.052 3.039 3.027 3.012 2.991 2.970 2.950 2.929 2.908 2.887 2.879 2.873 2.868 2.862 2.857 2.851 2.846 2.840 2.835 2.829 2.824 2.818 2.819 2.816 2.804 2.791
6.906 6.808 6.710 6.611 6.513 6.346 6.178 6.009 5.840 5.671 5.502 5.333 5.164 4.995 4.826 4.657 4.489 4.320 4.138 4.127 4.301 4.475 4.650 4.824 4.998 5.127 5.248 5.370 5.492 5.613 5.735 5.857 5.978 6.100 6.069 6.004 5.803 5.566 5.330 5.093 4.856 4.619 4.382 4.145 3.908 3.672 3.435 3.198 3.145 3.133 3.121 3.109 3.096 3.081 3.061 3.040 3.019 2.999 2.978 2.957 2.936 2.924 2.918 2.913 2.907 2.902 2.896 2.891 2.885 2.879 2.874 2.868 2.869 2.871 2.871 2.859 2.847
6.957 6.858 6.760 6.661 6.563 6.413 6.244 6.075 5.906 5.737 5.568 5.400 5.231 5.062 4.893 4.724 4.555 4.376 4.191 4.034 4.208 4.382 4.556 4.730 4.904 5.078 5.252 5.426 5.600 5.774 5.945 6.066 6.188 6.310 6.348 6.175 5.938 5.701 5.465 5.228 4.991 4.754 4.517 4.280 4.043 3.807 3.570 3.333 3.202 3.190 3.178 3.166 3.151 3.130 3.110 3.089 3.068 3.048 3.027 3.006 2.985 2.968 2.963 2.957 2.952 2.946 2.941 2.935 2.930 2.924 2.919 2.920 2.921 2.922 2.923 2.914 2.902
7.007 6.908 6.810 6.712 6.613 6.479 6.311 6.142 5.973 5.804 5.635 5.466 5.297 5.128 4.959 4.790 4.614 4.428 4.243 4.058 4.115 4.289 4.463 4.637 4.811 4.985 5.159 5.333 5.507 5.681 5.855 6.029 6.203 6.377 6.518 6.298 6.073 5.837 5.600 5.363 5.126 4.889 4.652 4.415 4.179 3.942 3.705 3.468 3.259 3.247 3.235 3.221 3.200 3.179 3.159 3.138 3.117 3.097 3.076 3.055 3.034 3.014 3.008 3.002 2.997 2.991 2.986 2.980 2.975 2.970 2.971 2.972 2.973 2.974 2.975 2.969 2.957
7.057 6.959 6.860 6.762 6.664 6.546 6.377 6.208 6.039 5.870 5.701 5.532 5.364 5.195 5.026 4.852 4.666 4.481 4.296 4.111 4.021 4.195 4.369 4.543 4.717 4.891 5.065 5.239 5.413 5.587 5.761 5.935 6.109 6.276 6.418 6.335 6.116 5.896 5.677 5.457 5.237 5.018 4.787 4.550 4.314 4.077 3.840 3.603 3.366 3.304 3.291 3.270 3.249 3.228 3.208 3.187 3.166 3.146 3.125 3.104 3.083 3.063 3.053 3.047 3.042 3.036 3.030 3.025 3.020 3.021 3.022 3.024 3.025 3.026 3.027 3.024 3.012
7.107 7.009 6.910 6.812 6.714 6.612 6.444 6.275 6.106 5.937 5.768 5.599 5.430 5.261 5.089 4.904 4.719 4.534 4.349 4.163 3.978 4.102 4.276 4.450 4.624 4.798 4.972 5.146 5.320 5.494 5.668 5.842 6.016 6.158 6.299 6.372 6.153 5.933 5.713 5.494 5.274 5.055 4.835 4.615 4.396 4.176 3.957 3.737 3.501 3.360 3.340 3.319 3.298 3.277 3.257 3.236 3.215 3.195 3.174 3.153 3.132 3.112 3.097 3.092 3.086 3.081 3.075 3.071 3.072 3.073 3.074 3.075 3.076 3.078 3.079 3.079 3.067
7.157 7.059 6.961 6.862 6.764 6.666 6.510 6.341 6.172 6.003 5.834 5.665 5.496 5.327 5.142 4.957 4.772 4.586 4.401 4.216 4.031 4.008 4.182 4.356 4.530 4.704 4.878 5.052 5.227 5.400 5.574 5.748 5.898 6.039 6.180 6.322 6.190 5.970 5.750 5.531 5.311 5.092 4.872 4.652 4.433 4.213 3.994 3.774 3.554 3.408 3.388 3.368 3.347 3.326 3.306 3.285 3.264 3.244 3.223 3.202 3.181 3.161 3.142 3.137 3.131 3.126 3.122 3.123 3.124 3.125 3.126 3.127 3.128 3.129 3.130 3.131 3.122
7.208 7.109 7.011 6.913 6.814 6.716 6.576 6.408 6.239 6.070 5.901 5.732 5.563 5.380 5.195 5.010 4.824 4.639 4.454 4.269 4.083 3.915 4.089 4.263 4.437 4.611 4.785 4.959 5.133 5.307 5.481 5.638 5.779 5.920 6.062 6.203 6.226 6.007 5.787 5.568 5.348 5.129 4.909 4.689 4.470 4.250 4.031 3.811 3.635 3.491 3.434 3.414 3.394 3.374 3.354 3.334 3.313 3.293 3.272 3.251 3.230 3.210 3.189 3.181 3.176 3.172 3.173 3.174 3.176 3.177 3.178 3.179 3.180 3.181 3.182 3.183 3.177
7.258 7.159 7.061 6.963 6.864 6.766 6.643 6.474 6.305 6.136 5.967 5.798 5.618 5.433 5.247 5.062 4.877 4.692 4.507 4.321 4.136 3.951 3.996 4.170 4.344 4.518 4.692 4.866 5.040 5.214 5.378 5.519 5.661 5.802 5.943 6.085 6.226 6.044 5.824 5.605 5.385 5.165 4.946 4.726 4.507 4.287 4.067 3.871 3.727 3.583 3.481 3.461 3.441 3.421 3.400 3.380 3.360 3.340 3.320 3.300 3.279 3.259 3.238 3.226 3.223 3.224 3.225 3.226 3.227 3.228 3.229 3.231 3.232 3.233 3.234 3.235 3.232
7.308 7.210 7.111 7.013 6.915 6.816 6.709 6.540 6.372 6.203 6.034 5.856 5.671 5.485 5.300 5.115 4.930 4.745 4.559 4.374 4.189 4.004 3.902 4.076 4.250 4.424 4.598 4.772 4.946 5.118 5.259 5.400 5.542 5.683 5.825 5.966 6.108 6.081 5.861 5.642 5.422 5.202 4.983 4.763 4.544 4.324 4.107 3.963 3.819 3.675 3.531 3.507 3.487 3.467 3.447 3.427 3.407 3.387 3.367 3.347 3.327 3.307 3.286 3.273 3.275 3.276 3.277 3.278 3.279 3.280 3.281 3.282 3.283 3.285 3.286 3.287 3.288
7.358 7.260 7.161 7.063 6.965 6.866 6.768 6.607 6.438 6.269 6.094 5.909 5.723 5.538 5.353 5.168 4.982 4.797 4.612 4.427 4.242 4.056 3.871 3.983 4.157 4.331 4.505 4.679 4.853 4.999 5.140 5.282 5.423 5.565 5.706 5.848 5.989 6.118 5.898 5.678 5.459 5.239 5.020 4.800 4.580 4.361 4.199 4.055 3.911 3.767 3.623 3.554 3.533 3.513 3.493 3.473 3.453 3.433 3.413 3.393 3.373 3.353 3.310 3.258 3.284 3.310 3.329 3.330 3.331 3.332 3.333 3.334 3.335 3.336 3.337 3.339 3.340
7.180 7.194 7.209 7.113 7.015 6.917 6.818 6.673 6.504 6.332 6.147 5.961 5.776 5.591 5.406 5.220 5.035 4.850 4.665 4.479 4.294 4.109 3.924 3.889 4.063 4.237 4.411 4.585 4.739 4.880 5.022 5.163 5.305 5.446 5.588 5.729 5.871 6.012 5.935 5.715 5.496 5.276 5.057 4.837 4.617 4.435 4.291 4.147 4.003 3.859 3.715 3.600 3.580 3.560 3.540 3.520 3.500 3.480 3.460 3.439 3.419 3.371 3.304 3.237 3.263 3.289 3.314 3.340 3.366 3.384 3.385 3.386 3.387 3.388 3.389 3.390 3.391
6.989 7.004 7.018 7.033 7.047 6.967 6.869 6.740 6.570 6.385 6.199 6.014 5.829 5.644 5.458 5.273 5.088 4.903 4.717 4.532 4.347 4.162 3.976 3.796 3.970 4.144 4.318 4.479 4.621 4.762 4.903 5.045 5.186 5.328 5.469 5.611 5.752 5.893 5.972 5.752 5.533 5.313 5.093 4.874 4.671 4.527 4.383 4.239 4.095 3.951 3.807 3.663 3.626 3.606 3.586 3.566 3.546 3.526 3.506 3.486 3.432 3.365 3.297 3.230 3.242 3.268 3.294 3.320 3.345 3.371 3.397 3.423 3.439 3.440 3.441 3.442 3.443
6.799 6.813 6.828 6.842 6.857 6.871 6.886 6.806 6.622 6.437 6.252 6.067 5.881 5.696 5.511 5.326 5.140 4.955 4.770 4.585 4.400 4.214 4.029 3.844 3.876 4.050 4.219 4.361 4.502 4.643 4.785 4.926 5.068 5.209 5.351 5.492 5.633 5.775 5.916 5.789 5.570 5.350 5.130 4.911 4.763 4.619 4.475 4.331 4.187 4.043 3.899 3.755 3.673 3.653 3.633 3.613 3.593 3.573 3.552 3.493 3.426 3.359 3.291 3.224 3.221 3.247 3.273 3.299 3.325 3.350 3.376 3.402 3.428 3.453 3.479 3.494 3.495
6.608 6.622 6.637 6.652 6.666 6.681 6.722 6.790 6.681 6.495 6.309 6.122 5.936 5.750 5.564 5.378 5.193 5.008 4.823 4.637 4.452 4.267 4.082 3.896 3.783 3.957 4.101 4.242 4.383 4.525 4.666 4.808 4.949 5.091 5.232 5.373 5.515 5.656 5.798 5.826 5.607 5.387 5.167 4.999 4.855 4.711 4.567 4.423 4.279 4.135 3.991 3.846 3.719 3.699 3.679 3.659 3.639 3.619 3.554 3.487 3.420 3.352 3.285 3.217 3.200 3.226 3.252 3.278 3.304 3.330 3.355 3.381 3.407 3.433 3.459 3.484 3.510
6.417 6.432 6.446 6.461 6.491 6.564 6.638 6.702 6.744 6.557 6.371 6.185 5.999 5.812 5.626 5.440 5.254 5.067 4.881 4.695 4.509 4.322 4.136 3.950 3.764 3.841 3.982 4.123 4.265 4.406 4.548 4.689 4.831 4.972 5.113 5.255 5.396 5.538 5.679 5.821 5.644 5.424 5.235 5.091 4.947 4.803 4.659 4.515 4.371 4.227 4.083 3.938 3.794 3.746 3.726 3.706 3.683 3.615 3.548 3.481 3.413 3.346 3.278 3.211 3.180 3.206 3.231 3.257 3.283 3.309 3.335 3.360 3.386 3.412 3.438 3.463 3.494
6.227 6.241 6.259 6.333 6.407 6.481 6.555 6.613 6.668 6.620 6.434 6.247 6.061 5.875 5.688 5.502 5.316 5.130 4.943 4.757 4.571 4.385 4.198 4.012 3.902 3.939 4.047 4.154 4.261 4.368 4.476 4.583 4.712 4.853 4.995 5.136 5.278 5.419 5.561 5.702 5.680 5.471 5.327 5.183 5.039 4.895 4.751 4.607 4.463 4.319 4.174 4.030 3.886 3.792 3.772 3.744 3.676 3.609 3.542 3.474 3.407 3.339 3.272 3.205 3.159 3.185 3.211 3.236 3.262 3.288 3.314 3.340 3.365 3.391 3.417 3.455 3.514
6.036 6.101 6.175 6.249 6.323 6.397 6.470 6.525 6.580 6.635 6.496 6.310 6.123 5.937 5.751 5.565 5.378 5.192 5.006 4.820 4.633 4.447 4.261 4.094 4.094 4.094 4.190 4.297 4.404 4.512 4.619 4.726 4.833 4.941 5.048 5.155 5.262 5.369 5.477 5.584 5.717 5.563 5.419 5.275 5.131 4.987 4.843 4.699 4.555 4.411 4.266 4.122 3.978 3.839 3.805 3.737 3.670 3.603 3.535 3.468 3.401 3.333 3.266 3.198 3.138 3.164 3.190 3.216 3.241 3.267 3.293 3.319 3.345 3.370 3.416 3.475 3.535
5.943 6.017 6.091 6.165 6.239 6.313 6.382 6.437 6.492 6.546 6.558 6.372 6.186 6.000 5.813 5.627 5.441 5.255 5.068 4.882 4.696 4.510 4.323 4.286 4.286 4.286 4.333 4.441 4.548 4.655 4.762 4.869 4.977 5.084 5.191 5.298 5.405 5.513 5.620 5.727 5.685 5.537 5.397 5.256 5.116 4.976 4.836 4.696 4.556 4.416 4.275 4.135 3.995 3.855 3.797 3.731 3.664 3.596 3.529 3.462 3.394 3.327 3.259 3.192 3.125 3.143 3.169 3.195 3.221 3.246 3.272 3.298 3.324 3.377 3.437 3.496 3.556
5.859 5.933 6.007 6.081 6.155 6.229 6.294 6.348 6.403 6.458 6.513 6.435 6.248 6.062 5.876 5.690 5.503 5.317 5.131 4.944 4.758 4.572 4.478 4.478 4.478 4.478 4.478 4.584 4.691 4.798 4.906 5.013 5.120 5.227 5.334 5.442 5.549 5.656 5.763 5.800 5.645 5.490 5.348 5.207 5.067 4.927 4.787 4.647 4.507 4.366 4.226 4.086 3.946 3.826 3.770 3.714 3.657 3.590 3.523 3.455 3.388 3.320 3.253 3.186 3.118 3.122 3.148 3.174 3.200 3.226 3.251 3.279 3.338 3.398 3.457 3.517 3.576
5.776 5.850 5.924 5.997 6.071 6.145 6.205 6.260 6.315 6.370 6.425 6.480 6.311 6.124 5.938 5.752 5.566 5.379 5.193 5.007 4.821 4.669 4.669 4.670 4.670 4.670 4.670 4.727 4.834 4.942 5.049 5.156 5.263 5.370 5.478 5.585 5.692 5.799 5.907 5.759 5.605 5.450 5.299 5.158 5.018 4.878 4.738 4.598 4.458 4.317 4.177 4.037 3.897 3.798 3.742 3.686 3.630 3.574 3.516 3.449 3.382 3.314 3.247 3.179 3.112 3.101 3.127 3.153 3.179 3.205 3.240 3.299 3.359 3.418 3.478 3.537 3.597
5.692 5.766 5.840 5.914 5.988 6.062 6.117 6.172 6.227 6.281 6.336 6.391 6.373 6.187 6.001 5.814 5.628 5.442 5.256 5.069 4.883 4.861 4.861 4.861 4.861 4.861 4.861 4.871 4.978 5.085 5.192 5.299 5.407 5.514 5.621 5.728 5.835 5.943 5.874 5.719 5.565 5.410 5.256 5.109 4.969 4.829 4.689 4.549 4.409 4.268 4.128 3.988 3.848 3.770 3.715 3.659 3.603 3.547 3.491 3.435 3.375 3.308 3.240 3.173 3.106 3.081 3.107 3.132 3.158 3.201 3.261 3.320 3.380 3.439 3.499 3.558 3.618
5.608 5.682 5.756 5.830 5.904 5.974 6.028 6.083 6.138 6.193 6.248 6.303 6.358 6.249 6.063 5.877 5.691 5.504 5.318 5.132 5.053 5.053 5.053 5.053 5.053 5.053 5.053 5.053 5.121 5.228 5.336 5.443 5.550 5.657 5.764 5.871 5.979 5.988 5.833 5.679 5.524 5.370 5.215 5.061 4.920 4.780 4.640 4.500 4.359 4.219 4.079 3.939 3.799 3.743 3.687 3.631 3.575 3.519 3.463 3.407 3.351 3.295 3.234 3.167 3.099 3.060 3.086 3.112 3.162 3.222 3.281 3.341 3.400 3.460 3.519 3.579 3.638
5.524 5.598 5.672 5.746 5.820 5.885 5.940 5.995 6.050 6.105 6.160 6.214 6.269 6.312 6.126 5.939 5.753 5.567 5.381 5.245 5.245 5.245 5.245 5.245 5.245 5.245 5.245 5.245 5.264 5.372 5.479 5.586 5.693 5.800 5.908 6.015 6.102 5.948 5.793 5.639 5.484 5.330 5.175 5.021 4.871 4.731 4.591 4.451 4.310 4.170 4.030 3.890 3.771 3.715 3.659 3.603 3.548 3.492 3.436 3.380 3.324 3.268 3.212 3.156 3.093 3.039 3.065 3.123 3.183 3.242 3.302 3.361 3.421 3.481 3.540 3.600 3.659
5.440 5.514 5.588 5.662 5.736 5.797 5.852 5.907 5.961 6.016 6.071 6.126 6.181 6.236 6.188 6.002 5.816 5.629 5.443 5.436 5.436 5.437 5.437 5.437 5.437 5.437 5.437 5.437 5.437 5.515 5.622 5.729 5.836 5.944 6.051 6.158 6.062 5.908 5.753 5.599 5.444 5.290 5.135 4.981 4.826 4.682 4.542 4.402 4.261 4.121 3.981 3.841 3.744 3.688 3.632 3.576 3.520 3.464 3.408 3.352 3.296 3.240 3.184 3.128 3.072 3.059 3.084 3.144 3.204 3.263 3.323 3.382 3.442 3.501 3.561 3.620 3.680
5.357 5.431 5.504 5.578 5.652 5.709 5.763 5.818 5.873 5.928 5.983 6.038 6.092 6.147 6.202 6.064 5.878 5.692 5.628 5.628 5.628 5.628 5.628 5.628 5.629 5.629 5.629 5.629 5.629 5.658 5.765 5.873 5.980 6.087 6.194 6.176 6.022 5.867 5.713 5.558 5.404 5.249 5.095 4.940 4.786 4.633 4.493 4.353 4.212 4.072 3.932 3.792 3.716 3.660 3.604 3.548 3.492 3.436 3.381 3.325 3.269 3.213 3.157 3.122 3.215 3.308 3.273 3.227 3.224 3.284 3.343 3.403 3.462 3.522 3.581 3.641 3.700
5.358 5.377 5.421 5.495 5.565 5.620 5.675 5.730 5.785 5.840 5.894 5.949 6.004 6.059 6.114 6.127 5.940 5.820 5.820 5.820 5.820 5.820 5.820 5.820 5.820 5.820 5.820 5.820 5.820 5.820 5.909 6.016 6.123 6.230 6.291 6.136 5.982 5.827 5.673 5.518 5.364 5.209 5.055 4.900 4.746 4.591 4.444 4.303 4.163 4.023 3.883 3.744 3.689 3.633 3.577 3.521 3.465 3.409 3.353 3.297 3.241 3.185 3.278 3.371 3.464 3.558 3.534 3.488 3.442 3.395 3.364 3.424 3.483 3.543 3.602 3.662 3.721
5.379 5.398 5.417 5.436 5.477 5.532 5.587 5.642 5.696 5.751 5.806 5.861 5.916 5.971 6.026 6.080 6.012 6.012 6.012 6.012 6.012 6.012 6.012 6.012 6.012 6.012 6.012 6.012 6.012 6.012 6.052 6.159 6.266 6.374 6.251 6.096 5.942 5.787 5.633 5.478 5.323 5.169 5.014 4.860 4.706 4.551 4.397 4.254 4.114 3.974 3.834 3.717 3.661 3.605 3.549 3.493 3.437 3.381 3.325 3.270 3.341 3.434 3.527 3.620 3.714 3.807 3.796 3.749 3.703 3.656 3.610 3.564 3.517 3.563 3.623 3.682 3.742
5.400 5.419 5.438 5.435 5.400 5.455 5.509 5.564 5.618 5.673 5.728 5.782 5.837 5.891 5.946 6.000 6.161 6.174 6.187 6.200 6.204 6.204 6.204 6.204 6.204 6.204 6.204 6.204 6.204 6.204 6.204 6.303 6.410 6.365 6.210 6.056 5.901 5.747 5.592 5.438 5.283 5.129 4.974 4.820 4.665 4.511 4.356 4.205 4.065 3.925 3.785 3.689 3.633 3.577 3.522 3.466 3.410 3.354 3.404 3.497 3.590 3.683 3.777 3.870 3.963 4.056 4.057 4.010 3.964 3.917 3.871 3.825 3.778 3.732 3.686 3.703 3.763
5.421 5.440 5.435 5.395 5.356 5.379 5.434 5.488 5.543 5.597 5.652 5.706 5.761 5.816 5.870 6.004 6.218 6.290 6.303 6.316 6.329 6.343 6.356 6.369 6.382 6.395 6.396 6.396 6.396 6.396 6.396 6.446 6.479 6.325 6.170 6.016 5.861 5.707 5.552 5.398 5.243 5.089 4.934 4.780 4.625 4.471 4.316 4.162 4.016 3.876 3.736 3.662 3.606 3.550 3.494 3.438 3.466 3.560 3.653 3.746 3.840 3.933 4.026 4.119 4.212 4.306 4.318 4.271 4.225 4.178 4.132 4.086 4.039 3.993 3.947 3.900 3.854
5.442 5.436 5.396 5.356 5.316 5.304 5.358 5.413 5.467 5.522 5.576 5.631 5.685 5.740 5.832 6.046 6.259 6.406 6.420 6.433 6.446 6.459 6.472 6.485 6.498 6.511 6.524 6.537 6.550 6.564 6.577 6.589 6.439 6.285 6.130 5.976 5.821 5.666 5.512 5.357 5.203 5.049 4.894 4.740 4.585 4.431 4.276 4.122 3.967 3.827 3.690 3.634 3.578 3.523 3.529 3.623 3.716 3.809 3.903 3.996 4.089 4.182 4.275 4.369 4.462 4.555 4.579 4.532 4.486 4.440 4.393 4.347 4.300 4.254 4.208 4.161 4.115
5.436 5.396 5.357 5.317 5.277 5.237 5.283 5.337 5.392 5.446 5.501 5.555 5.610 5.664 5.873 6.087 6.301 6.515 6.536 6.549 6.562 6.575 6.588 6.601 6.614 6.627 6.641 6.654 6.667 6.680 6.693 6.583 6.435 6.275 6.116 5.956 5.796 5.637 5.477 5.318 5.163 5.008 4.854 4.699 4.545 4.390 4.236 4.082 3.927 3.778 3.663 3.607 3.592 3.686 3.779 3.872 3.965 4.059 4.152 4.245 4.338 4.432 4.525 4.618 4.711 4.804 4.840 4.793 4.747 4.701 4.654 4.608 4.561 4.515 4.469 4.422 4.376
5.397 5.357 5.317 5.277 5.238 5.198 5.207 5.261 5.316 5.371 5.425 5.480 5.534 5.701 5.915 6.128 6.342 6.556 6.652 6.665 6.678 6.691 6.704 6.718 6.731 6.744 6.757 6.770 6.783 6.796 6.692 6.574 6.437 6.278 6.118 5.958 5.799 5.639 5.479 5.320 5.160 5.000 4.841 4.681 4.522 4.362 4.202 4.043 3.887 3.732 3.655 3.748 3.842 3.935 4.028 4.122 4.215 4.308 4.401 4.494 4.588 4.681 4.774 4.867 4.961 5.054 5.101 5.054 5.008 4.962 4.915 4.869 4.823 4.776 4.730 4.683 4.637
5.357 5.318 5.278 5.238 5.198 5.159 5.131 5.186 5.240 5.295 5.349 5.404 5.528 5.742 5.956 6.170 6.384 6.597 6.768 6.781 6.794 6.808 6.821 6.834 6.847 6.860 6.873 6.886 6.899 6.801 6.683 6.564 6.440 6.280 6.120 5.961 5.801 5.641 5.482 5.322 5.162 5.003 4.843 4.683 4.524 4.364 4.205 4.045 3.885 3.743 3.773 3.983 4.091 4.184 4.278 4.371 4.464 4.557 4.651 4.744 4.837 4.930 5.024 5.117 5.210 5.303 5.362 5.315 5.269 5.223 5.176 5.130 5.083 5.037 4.991 4.944 4.898
