includes/camargue/floodfiles/results/res-0005.wdfp
ncols         906
nrows         631
xllcorner     362177.146667
yllcorner     6534725.688020
cellsize      20.000000
NODATA_value  -9999.000000
[rows 544 to 577 of 631, columns 770 to 846 of 906]
11.692 11.700 11.708 11.742 11.818 11.893 11.967 12.041 12.115 12.189 12.263 12.337 12.411 12.484 12.558 12.631 12.706 12.786 12.856 12.911 12.966 13.022 13.077 13.132 13.188 13.243 13.298 13.354 13.408 13.462 13.516 13.570 13.623 13.677 13.731 13.754 13.770 13.786 13.801 13.817 13.832 13.871 13.924 13.977 14.030 14.084 14.137 14.190 14.244 14.297 14.350 14.403 14.418 14.413 14.430 14.495 14.561 14.626 14.692 14.758 14.823 14.889 14.954 15.020 15.091 15.169 15.247 15.318 15.306 15.365 15.424 15.482 15.541 15.600 15.658 15.717 15.775
11.675 11.683 11.691 11.699 11.740 11.815 11.889 11.963 12.037 12.110 12.184 12.257 12.331 12.404 12.478 12.551 12.628 12.708 12.787 12.855 12.911 12.966 13.021 13.077 13.132 13.187 13.243 13.298 13.352 13.406 13.460 13.514 13.567 13.621 13.675 13.728 13.748 13.764 13.779 13.796 13.812 13.863 13.916 13.969 14.022 14.076 14.129 14.182 14.235 14.289 14.342 14.395 14.449 14.456 14.500 14.565 14.631 14.696 14.763 14.841 14.919 14.996 15.074 15.152 15.230 15.308 15.385 15.410 15.358 15.380 15.438 15.497 15.556 15.614 15.673 15.732 15.790
11.658 11.666 11.674 11.681 11.687 11.736 11.810 11.883 11.957 12.030 12.104 12.177 12.251 12.324 12.398 12.471 12.550 12.630 12.709 12.788 12.855 12.910 12.966 13.021 13.076 13.132 13.187 13.243 13.296 13.350 13.404 13.458 13.511 13.565 13.619 13.672 13.726 13.743 13.759 13.774 13.800 13.854 13.907 13.960 14.013 14.067 14.120 14.174 14.227 14.281 14.334 14.387 14.441 14.513 14.590 14.668 14.746 14.824 14.902 14.980 15.057 15.135 15.213 15.291 15.369 15.446 15.524 15.502 15.450 15.399 15.453 15.512 15.571 15.629 15.688 15.746 15.805
11.631 11.638 11.644 11.650 11.658 11.672 11.729 11.803 11.877 11.950 12.024 12.097 12.171 12.244 12.318 12.393 12.472 12.552 12.631 12.710 12.790 12.855 12.910 12.965 13.021 13.076 13.131 13.187 13.240 13.294 13.348 13.402 13.455 13.509 13.563 13.616 13.670 13.723 13.738 13.754 13.792 13.845 13.899 13.952 14.005 14.059 14.112 14.165 14.228 14.315 14.403 14.491 14.579 14.658 14.728 14.806 14.884 14.963 15.041 15.118 15.196 15.274 15.352 15.430 15.507 15.585 15.645 15.594 15.542 15.491 15.468 15.527 15.585 15.644 15.703 15.761 15.820
11.600 11.606 11.612 11.618 11.630 11.643 11.657 11.723 11.797 11.870 11.944 12.017 12.091 12.164 12.238 12.315 12.394 12.474 12.553 12.632 12.712 12.791 12.854 12.910 12.965 13.020 13.076 13.130 13.184 13.238 13.292 13.346 13.399 13.453 13.507 13.560 13.614 13.668 13.718 13.733 13.784 13.837 13.891 13.944 14.029 14.117 14.205 14.293 14.381 14.468 14.556 14.644 14.732 14.805 14.874 14.945 15.023 15.100 15.178 15.256 15.334 15.412 15.490 15.567 15.645 15.723 15.736 15.685 15.633 15.582 15.530 15.540 15.599 15.658 15.716 15.775 15.834
11.569 11.575 11.581 11.588 11.602 11.615 11.629 11.643 11.716 11.790 11.864 11.937 12.011 12.084 12.158 12.237 12.316 12.396 12.475 12.554 12.634 12.713 12.792 12.854 12.909 12.965 13.020 13.074 13.128 13.181 13.235 13.290 13.343 13.397 13.451 13.504 13.558 13.612 13.666 13.744 13.831 13.919 14.007 14.095 14.183 14.270 14.358 14.446 14.534 14.622 14.709 14.797 14.882 14.951 15.020 15.089 15.161 15.239 15.317 15.395 15.473 15.551 15.628 15.706 15.784 15.862 15.828 15.777 15.725 15.674 15.622 15.571 15.614 15.672 15.731 15.790 15.848
11.537 11.543 11.550 11.560 11.573 11.587 11.600 11.614 11.637 11.710 11.784 11.857 11.931 12.004 12.079 12.159 12.238 12.317 12.397 12.476 12.556 12.635 12.714 12.793 12.854 12.909 12.964 13.018 13.072 13.125 13.179 13.233 13.286 13.340 13.395 13.498 13.600 13.702 13.804 13.897 13.984 14.072 14.160 14.248 14.336 14.423 14.511 14.599 14.687 14.775 14.862 14.950 15.028 15.097 15.166 15.235 15.304 15.378 15.456 15.534 15.612 15.689 15.767 15.845 15.923 15.971 15.920 15.868 15.817 15.766 15.714 15.663 15.629 15.687 15.746 15.804 15.863
11.506 11.512 11.518 11.532 11.545 11.559 11.572 11.586 11.599 11.630 11.703 11.777 11.851 11.924 12.001 12.081 12.160 12.239 12.319 12.398 12.477 12.557 12.636 12.715 12.795 12.853 12.908 12.962 13.015 13.069 13.146 13.248 13.350 13.452 13.554 13.656 13.758 13.860 13.961 14.049 14.136 14.225 14.313 14.401 14.489 14.576 14.664 14.752 14.840 14.928 15.015 15.103 15.174 15.243 15.312 15.381 15.450 15.519 15.595 15.672 15.750 15.828 15.906 15.984 16.062 16.063 16.012 15.960 15.909 15.858 15.806 15.755 15.703 15.702 15.761 15.819 15.872
11.475 11.481 11.490 11.503 11.517 11.531 11.544 11.558 11.571 11.584 11.624 11.697 11.771 11.844 11.923 12.003 12.082 12.161 12.241 12.320 12.399 12.479 12.558 12.637 12.717 12.796 12.896 12.998 13.100 13.202 13.304 13.406 13.508 13.610 13.712 13.814 13.916 14.018 14.114 14.202 14.290 14.377 14.465 14.553 14.641 14.728 14.816 14.904 14.993 15.081 15.168 15.251 15.320 15.389 15.458 15.527 15.596 15.666 15.735 15.811 15.889 15.967 16.045 16.123 16.200 16.155 16.104 16.052 16.001 15.949 15.898 15.847 15.795 15.744 15.775 15.834 15.864
11.443 11.449 11.462 11.475 11.489 11.502 11.516 11.529 11.543 11.556 11.570 11.617 11.690 11.766 11.845 11.924 12.004 12.083 12.163 12.242 12.321 12.417 12.531 12.645 12.759 12.890 13.055 13.157 13.259 13.361 13.463 13.565 13.667 13.769 13.871 13.973 14.075 14.177 14.267 14.355 14.443 14.530 14.618 14.706 14.794 14.882 14.969 15.057 15.145 15.233 15.321 15.396 15.466 15.535 15.604 15.673 15.742 15.812 15.881 15.950 16.028 16.106 16.184 16.261 16.299 16.247 16.196 16.144 16.093 16.041 15.990 15.939 15.887 15.836 15.790 15.832 15.855
11.412 11.420 11.433 11.447 11.460 11.474 11.488 11.501 11.514 11.528 11.542 11.555 11.611 11.688 11.767 11.846 11.926 12.040 12.154 12.268 12.382 12.496 12.610 12.724 12.838 12.991 13.161 13.315 13.417 13.519 13.621 13.723 13.825 13.927 14.029 14.131 14.233 14.333 14.420 14.508 14.596 14.684 14.771 14.859 14.947 15.035 15.122 15.210 15.298 15.386 15.473 15.542 15.611 15.680 15.749 15.818 15.888 15.957 16.026 16.096 16.167 16.245 16.322 16.400 16.390 16.339 16.288 16.236 16.185 16.133 16.082 16.030 15.979 15.907 15.828 15.825 15.848
11.381 11.392 11.405 11.419 11.432 11.446 11.459 11.473 11.486 11.500 11.513 11.527 11.554 11.663 11.777 11.891 12.005 12.119 12.233 12.347 12.462 12.576 12.690 12.804 12.922 13.092 13.262 13.431 13.575 13.677 13.780 13.882 13.984 14.086 14.188 14.290 14.392 14.486 14.574 14.661 14.749 14.837 14.924 15.012 15.100 15.188 15.275 15.363 15.451 15.539 15.619 15.688 15.757 15.826 15.895 15.965 16.034 16.103 16.172 16.241 16.310 16.382 16.460 16.533 16.481 16.430 16.379 16.327 16.276 16.220 16.140 16.060 15.981 15.901 15.821 15.820 15.842
11.350 11.363 11.377 11.390 11.404 11.417 11.431 11.466 11.501 11.536 11.571 11.606 11.660 11.742 11.856 11.970 12.085 12.199 12.313 12.427 12.541 12.655 12.769 12.883 13.023 13.193 13.363 13.532 13.702 13.835 13.937 14.039 14.141 14.244 14.346 14.448 14.550 14.639 14.727 14.814 14.902 14.990 15.078 15.165 15.253 15.341 15.428 15.516 15.604 15.692 15.765 15.834 15.903 15.972 16.042 16.111 16.180 16.249 16.318 16.387 16.456 16.525 16.599 16.625 16.573 16.522 16.453 16.374 16.294 16.214 16.135 16.055 15.975 15.896 15.816 15.815 15.837
11.322 11.344 11.379 11.414 11.449 11.483 11.518 11.553 11.588 11.623 11.658 11.693 11.766 11.848 11.936 12.050 12.164 12.278 12.392 12.506 12.621 12.735 12.849 12.963 13.124 13.294 13.464 13.633 13.803 13.973 14.096 14.198 14.300 14.402 14.504 14.606 14.704 14.792 14.880 14.968 15.055 15.143 15.231 15.318 15.406 15.494 15.582 15.669 15.757 15.842 15.911 15.980 16.049 16.118 16.188 16.257 16.326 16.395 16.464 16.533 16.602 16.672 16.735 16.687 16.607 16.528 16.448 16.368 16.289 16.209 16.129 16.050 15.970 15.890 15.810 15.810 15.833
11.396 11.431 11.466 11.501 11.536 11.570 11.605 11.640 11.675 11.710 11.745 11.789 11.872 11.954 12.037 12.129 12.244 12.358 12.472 12.586 12.700 12.814 12.928 13.055 13.225 13.395 13.565 13.734 13.904 14.074 14.244 14.356 14.458 14.560 14.662 14.764 14.856 14.944 15.032 15.120 15.207 15.295 15.383 15.470 15.558 15.647 15.735 15.822 15.910 15.988 16.057 16.126 16.195 16.265 16.334 16.403 16.472 16.531 16.572 16.614 16.655 16.697 16.726 16.671 16.602 16.522 16.443 16.363 16.283 16.204 16.124 16.044 15.964 15.885 15.805 15.805 15.828
11.433 11.518 11.553 11.588 11.623 11.658 11.692 11.727 11.762 11.797 11.832 11.895 11.978 12.060 12.143 12.225 12.323 12.437 12.551 12.665 12.779 12.894 13.008 13.155 13.326 13.496 13.666 13.835 14.005 14.175 14.345 14.515 14.617 14.719 14.821 14.922 15.010 15.097 15.185 15.273 15.360 15.448 15.536 15.624 15.711 15.799 15.887 15.974 16.062 16.133 16.203 16.272 16.326 16.368 16.409 16.451 16.493 16.534 16.576 16.617 16.659 16.701 16.694 16.639 16.584 16.517 16.437 16.358 16.278 16.198 16.118 16.039 15.959 15.879 15.800 15.800 15.823
11.470 11.568 11.640 11.675 11.710 11.744 11.779 11.814 11.849 11.884 11.919 12.001 12.084 12.166 12.249 12.331 12.414 12.517 12.631 12.745 12.859 12.973 13.087 13.256 13.426 13.596 13.767 13.936 14.106 14.276 14.446 14.616 14.775 14.877 14.979 15.075 15.163 15.250 15.338 15.426 15.514 15.601 15.689 15.777 15.864 15.952 16.040 16.118 16.167 16.204 16.245 16.287 16.329 16.370 16.412 16.455 16.496 16.538 16.579 16.621 16.663 16.704 16.662 16.607 16.552 16.497 16.432 16.352 16.272 16.193 16.113 16.033 15.954 15.874 15.794 15.795 15.818
11.506 11.605 11.703 11.762 11.797 11.832 11.866 11.901 11.936 11.971 12.025 12.107 12.190 12.272 12.355 12.437 12.520 12.602 12.710 12.824 12.938 13.053 13.187 13.357 13.527 13.697 13.867 14.036 14.207 14.377 14.547 14.717 14.887 15.036 15.138 15.228 15.316 15.404 15.491 15.579 15.667 15.750 15.827 15.904 15.981 16.058 16.135 16.212 16.220 16.207 16.249 16.291 16.332 16.374 16.415 16.457 16.499 16.540 16.582 16.625 16.666 16.685 16.630 16.575 16.520 16.465 16.410 16.347 16.267 16.187 16.108 16.028 15.948 15.869 15.789 15.791 15.813
11.543 11.641 11.740 11.838 11.884 11.919 11.954 11.988 12.023 12.058 12.131 12.213 12.296 12.378 12.461 12.543 12.626 12.708 12.791 12.904 13.018 13.132 13.288 13.458 13.628 13.798 13.968 14.137 14.307 14.477 14.647 14.818 14.988 15.158 15.294 15.381 15.458 15.535 15.613 15.690 15.767 15.844 15.921 15.998 16.075 16.152 16.229 16.292 16.273 16.254 16.253 16.294 16.336 16.377 16.419 16.461 16.502 16.544 16.586 16.627 16.669 16.652 16.597 16.542 16.487 16.432 16.377 16.322 16.261 16.181 16.102 16.023 15.943 15.863 15.783 15.786 15.808
11.579 11.678 11.776 11.875 11.971 12.006 12.040 12.075 12.110 12.154 12.237 12.319 12.402 12.484 12.567 12.649 12.732 12.814 12.897 12.983 13.097 13.219 13.389 13.559 13.729 13.899 14.069 14.238 14.408 14.578 14.767 14.968 15.169 15.370 15.432 15.475 15.552 15.629 15.707 15.784 15.861 15.938 16.015 16.092 16.169 16.246 16.323 16.346 16.326 16.307 16.287 16.298 16.339 16.381 16.423 16.464 16.506 16.548 16.589 16.631 16.673 16.620 16.565 16.510 16.455 16.400 16.345 16.290 16.235 16.176 16.096 16.016 15.936 15.857 15.777 15.780 15.803
11.616 11.714 11.812 11.911 12.009 12.093 12.128 12.163 12.197 12.260 12.343 12.425 12.508 12.590 12.673 12.755 12.838 12.920 13.003 13.085 13.177 13.320 13.490 13.660 13.837 14.038 14.239 14.440 14.641 14.842 15.043 15.244 15.445 15.637 15.608 15.579 15.645 15.723 15.800 15.878 15.955 16.032 16.109 16.186 16.263 16.340 16.417 16.399 16.379 16.360 16.340 16.321 16.343 16.385 16.426 16.468 16.510 16.551 16.593 16.635 16.643 16.588 16.533 16.478 16.423 16.368 16.313 16.258 16.203 16.148 16.090 16.011 15.931 15.851 15.772 15.775 15.798
11.652 11.750 11.849 11.947 12.046 12.144 12.215 12.250 12.284 12.366 12.449 12.531 12.614 12.696 12.779 12.861 12.944 13.026 13.109 13.219 13.339 13.510 13.711 13.912 14.113 14.314 14.515 14.716 14.917 15.118 15.319 15.520 15.721 15.813 15.784 15.755 15.739 15.816 15.893 15.971 16.048 16.125 16.202 16.279 16.357 16.434 16.471 16.452 16.432 16.413 16.393 16.374 16.355 16.388 16.430 16.472 16.513 16.555 16.596 16.638 16.611 16.556 16.501 16.446 16.391 16.336 16.281 16.226 16.171 16.116 16.061 16.005 15.926 15.846 15.766 15.770 15.793
11.688 11.787 11.885 11.984 12.082 12.181 12.279 12.337 12.390 12.472 12.555 12.637 12.720 12.807 12.927 13.047 13.168 13.288 13.409 13.529 13.658 13.802 13.986 14.188 14.389 14.590 14.791 14.992 15.193 15.394 15.596 15.797 15.998 15.989 15.960 15.931 15.902 15.910 15.987 16.064 16.142 16.219 16.296 16.373 16.450 16.527 16.523 16.504 16.484 16.465 16.446 16.427 16.408 16.392 16.434 16.475 16.517 16.558 16.600 16.634 16.579 16.524 16.469 16.414 16.359 16.304 16.249 16.194 16.139 16.084 16.029 15.974 15.919 15.840 15.761 15.766 15.788
11.725 11.823 11.922 12.020 12.119 12.217 12.316 12.414 12.514 12.635 12.755 12.875 12.996 13.116 13.237 13.357 13.478 13.598 13.718 13.839 13.978 14.122 14.267 14.463 14.664 14.866 15.068 15.269 15.470 15.671 15.872 16.073 16.194 16.165 16.136 16.107 16.078 16.048 16.081 16.158 16.236 16.313 16.390 16.467 16.544 16.596 16.576 16.557 16.537 16.518 16.499 16.479 16.460 16.441 16.437 16.479 16.520 16.562 16.604 16.602 16.547 16.492 16.437 16.382 16.327 16.272 16.217 16.162 16.107 16.052 15.998 15.943 15.888 15.833 15.755 15.761 15.726
11.761 11.860 11.958 12.060 12.206 12.353 12.500 12.650 12.824 12.944 13.065 13.185 13.306 13.426 13.547 13.667 13.787 13.908 14.028 14.153 14.298 14.442 14.587 14.740 14.941 15.142 15.343 15.544 15.746 15.947 16.148 16.349 16.370 16.341 16.312 16.283 16.254 16.224 16.195 16.252 16.329 16.407 16.484 16.561 16.638 16.649 16.629 16.610 16.590 16.571 16.552 16.532 16.513 16.493 16.474 16.481 16.523 16.565 16.606 16.569 16.514 16.459 16.405 16.350 16.295 16.240 16.185 16.130 16.076 16.021 15.966 15.911 15.856 15.801 15.746 15.697 15.649
11.874 12.021 12.167 12.314 12.461 12.607 12.754 12.915 13.090 13.254 13.375 13.495 13.616 13.736 13.857 13.977 14.097 14.218 14.338 14.473 14.618 14.762 14.907 15.051 15.217 15.418 15.619 15.820 16.021 16.222 16.424 16.575 16.546 16.517 16.488 16.459 16.430 16.400 16.371 16.346 16.423 16.501 16.578 16.655 16.721 16.702 16.682 16.663 16.643 16.624 16.605 16.585 16.566 16.546 16.527 16.508 16.527 16.568 16.592 16.537 16.482 16.427 16.372 16.317 16.262 16.207 16.153 16.098 16.043 15.980 15.907 15.834 15.760 15.687 15.625 15.583 15.541
12.128 12.275 12.422 12.568 12.715 12.862 13.008 13.180 13.355 13.530 13.684 13.804 13.926 14.046 14.166 14.287 14.407 14.528 14.649 14.794 14.938 15.083 15.227 15.372 15.516 15.694 15.895 16.096 16.297 16.498 16.700 16.750 16.721 16.692 16.664 16.635 16.606 16.576 16.547 16.518 16.517 16.594 16.672 16.749 16.774 16.755 16.735 16.716 16.697 16.677 16.658 16.638 16.619 16.599 16.580 16.561 16.541 16.572 16.560 16.505 16.450 16.395 16.340 16.286 16.212 16.139 16.066 15.992 15.919 15.845 15.772 15.698 15.625 15.551 15.506 15.463 15.422
12.383 12.529 12.676 12.823 12.969 13.116 13.270 13.445 13.620 13.794 13.969 14.114 14.234 14.355 14.475 14.597 14.717 14.837 14.969 15.114 15.258 15.403 15.547 15.692 15.836 15.981 16.171 16.373 16.574 16.775 16.956 16.926 16.897 16.868 16.839 16.810 16.781 16.752 16.723 16.694 16.665 16.688 16.766 16.843 16.827 16.808 16.788 16.769 16.750 16.730 16.711 16.691 16.672 16.653 16.633 16.614 16.594 16.575 16.519 16.445 16.372 16.299 16.225 16.152 16.078 16.005 15.931 15.858 15.784 15.711 15.638 15.564 15.491 15.431 15.388 15.345 15.303
12.637 12.784 12.930 13.077 13.224 13.370 13.535 13.709 13.884 14.059 14.234 14.409 14.544 14.665 14.785 14.906 15.026 15.147 15.289 15.434 15.578 15.723 15.867 16.012 16.156 16.301 16.448 16.649 16.850 17.051 17.132 17.102 17.073 17.044 17.015 16.986 16.956 16.927 16.898 16.870 16.841 16.812 16.859 16.900 16.880 16.861 16.842 16.822 16.803 16.783 16.764 16.729 16.688 16.646 16.604 16.562 16.521 16.463 16.385 16.311 16.238 16.164 16.091 16.017 15.944 15.871 15.797 15.724 15.650 15.577 15.503 15.430 15.356 15.313 15.270 15.227 15.184
12.891 13.038 13.185 13.332 13.478 13.625 13.799 13.974 14.149 14.324 14.499 14.674 14.849 14.975 15.095 15.215 15.336 15.464 15.609 15.753 15.899 16.043 16.188 16.332 16.477 16.621 16.765 16.925 17.126 17.327 17.308 17.278 17.249 17.220 17.191 17.162 17.132 17.103 17.074 17.045 17.016 16.987 16.957 16.952 16.912 16.870 16.828 16.787 16.745 16.703 16.661 16.620 16.578 16.536 16.494 16.453 16.411 16.334 16.253 16.177 16.104 16.030 15.957 15.883 15.810 15.736 15.663 15.589 15.516 15.442 15.369 15.296 15.238 15.195 15.152 15.110 15.067
13.146 13.292 13.438 13.585 13.733 13.889 14.064 14.239 14.414 14.589 14.764 14.939 15.114 15.284 15.405 15.525 15.646 15.784 15.929 16.073 16.218 16.362 16.507 16.652 16.797 16.941 17.086 17.230 17.402 17.513 17.484 17.454 17.425 17.396 17.367 17.338 17.287 17.228 17.170 17.111 17.052 16.993 16.923 16.843 16.801 16.759 16.718 16.676 16.635 16.593 16.552 16.510 16.468 16.426 16.385 16.343 16.285 16.204 16.124 16.043 15.969 15.896 15.822 15.749 15.675 15.602 15.529 15.455 15.382 15.308 15.235 15.163 15.120 15.078 15.035 14.992 14.949
13.400 13.546 13.693 13.839 13.986 14.154 14.329 14.504 14.679 14.854 15.029 15.204 15.379 15.554 15.715 15.835 15.960 16.104 16.249 16.393 16.538 16.682 16.827 16.971 17.116 17.261 17.406 17.550 17.680 17.643 17.584 17.525 17.467 17.408 17.349 17.290 17.231 17.172 17.113 17.054 16.995 16.936 16.849 16.755 16.691 16.650 16.608 16.566 16.524 16.483 16.441 16.399 16.357 16.316 16.274 16.232 16.155 16.074 15.993 15.913 15.834 15.761 15.688 15.615 15.541 15.468 15.394 15.321 15.247 15.174 15.101 15.046 15.003 14.960 14.917 14.874 14.831
13.654 13.801 13.947 14.094 14.243 14.418 14.593 14.768 14.944 15.119 15.294 15.469 15.644 15.819 15.993 16.145 16.280 16.424 16.569 16.713 16.858 16.973 17.088 17.202 17.317 17.431 17.547 17.661 17.699 17.587 17.528 17.469 17.410 17.351 17.292 17.233 17.174 17.116 17.057 16.998 16.939 16.869 16.775 16.681 16.587 16.540 16.498 16.456 16.414 16.373 16.331 16.289 16.247 16.206 16.164 16.106 16.025 15.945 15.864 15.783 15.702 15.626 15.553 15.479 15.406 15.333 15.259 15.186 15.112 15.040 14.971 14.928 14.885 14.842 14.799 14.756 14.713
13.925 14.056 14.202 14.348 14.508 14.683 14.858 15.033 15.208 15.383 15.558 15.734 15.909 16.083 16.257 16.422 16.497 16.611 16.726 16.840 16.955 17.069 17.184 17.298 17.413 17.527 17.641 17.756 17.680 17.566 17.471 17.413 17.354 17.295 17.236 17.177 17.118 17.059 17.000 16.941 16.882 16.795 16.701 16.607 16.513 16.430 16.388 16.346 16.305 16.263 16.221 16.179 16.138 16.096 16.054 15.977 15.896 15.815 15.735 15.654 15.573 15.492 15.419 15.345 15.272 15.198 15.125 15.051 14.978 14.904 14.852 14.809 14.766 14.723 14.680 14.637 14.594
