includes/camargue/floodfiles/results/res-0003.wdfp
ncols         906
nrows         631
xllcorner     362177.146667
yllcorner     6534725.688020
cellsize      20.000000
NODATA_value  -9999.000000
[rows 408 to 441 of 631, columns 0 to 76 of 906]
6.748 6.548 6.387 6.616 6.748 6.625 6.502 6.379 6.379 6.133 6.010 6.242 6.488 6.777 7.065 7.353 7.642 7.935 8.306 8.677 9.048 9.419 9.790 10.025 10.025 10.405 10.599 10.796 10.992 11.189 11.386 11.537 11.685 11.834 11.832 11.735 11.389 10.565 9.741 8.918 8.917 7.270 6.566 6.126 5.686 5.246 4.806 3.187 3.037 2.727 2.577 1.917 0.000 0.000 0.000 0.000 0.000 0.000 0.000 0.000 0.000 0.000 0.000 0.000 0.000 0.000 0.000 0.000 0.000 0.000 0.000 0.000 0.000 0.000 0.000 0.000 0.000
6.939 6.739 6.538 6.513 6.422 6.299 6.176 6.053 6.053 5.807 5.705 5.782 6.071 6.359 6.648 6.936 7.225 7.525 7.896 8.266 8.637 9.008 9.379 9.750 9.750 10.222 10.418 10.615 10.795 10.943 11.092 11.240 11.389 11.538 11.500 11.402 11.305 11.207 10.403 9.579 9.579 7.932 7.271 6.831 6.391 5.951 5.511 5.071 4.631 2.907 2.807 2.566 2.036 0.000 0.000 0.000 0.000 0.000 0.000 0.000 0.000 0.000 0.000 0.000 0.000 0.000 0.000 0.000 0.000 0.000 0.000 0.000 0.000 0.000 0.000 0.000 0.000
7.098 6.892 6.686 6.527 6.434 6.340 6.246 6.152 6.152 5.964 5.870 5.757 5.654 5.942 6.231 6.519 6.808 7.114 7.485 7.856 8.227 8.598 8.969 9.340 9.340 10.040 10.201 10.350 10.498 10.647 10.796 10.944 11.093 11.242 11.167 11.070 10.972 10.875 10.777 10.241 10.240 8.593 7.977 7.537 7.096 6.656 6.216 5.807 5.405 5.003 2.836 2.836 2.576 2.046 0.000 0.000 0.000 0.000 0.000 0.000 0.000 0.000 0.000 0.000 0.000 0.000 0.000 0.000 0.000 0.000 0.000 0.000 0.000 0.000 0.000 0.000 0.000
7.098 6.892 6.686 6.527 6.434 6.340 6.246 6.152 6.152 5.964 5.870 5.756 5.654 5.942 6.230 6.519 6.807 7.114 7.485 7.856 8.227 8.598 8.969 9.340 9.340 10.040 10.201 10.350 10.498 10.647 10.795 10.944 11.093 11.242 11.167 11.069 10.972 10.875 10.777 10.240 10.240 8.593 7.977 7.536 7.096 6.656 6.216 5.807 5.405 5.003 2.836 2.836 2.576 2.046 0.000 0.000 0.000 0.000 0.000 0.000 0.000 0.000 0.000 0.000 0.000 0.000 0.000 0.000 0.000 0.000 0.000 0.000 0.000 0.000 0.000 0.000 0.000
7.212 7.006 6.800 6.690 6.598 6.505 6.410 6.316 6.316 6.128 6.030 5.914 5.798 5.682 5.813 6.102 6.390 6.704 7.075 7.446 7.817 8.188 8.559 8.902 8.902 9.532 9.888 10.053 10.202 10.351 10.499 10.648 10.797 10.932 10.834 10.737 10.639 10.542 10.444 10.347 10.347 9.254 8.682 8.242 7.810 7.408 7.006 6.604 6.202 5.800 5.395 2.926 2.896 2.646 1.875 0.000 0.000 0.000 0.000 0.000 0.000 0.000 0.000 0.000 0.000 0.000 0.000 0.000 0.000 0.000 0.000 0.000 0.000 0.000 0.000 0.000 0.000
7.326 7.120 6.943 6.852 6.760 6.669 6.575 6.481 6.480 6.293 6.187 6.071 5.955 5.840 5.724 5.684 5.973 6.294 6.665 7.036 7.394 7.704 8.014 8.324 8.324 8.962 9.317 9.673 9.906 10.055 10.203 10.352 10.501 10.599 10.502 10.404 10.307 10.209 10.112 10.014 10.014 9.819 9.411 9.009 8.606 8.204 7.802 7.400 6.998 6.596 6.117 5.189 3.136 2.885 2.685 1.805 1.805 0.000 0.000 0.000 0.000 0.000 0.000 0.000 0.000 0.000 0.000 0.000 0.000 0.000 0.000 0.000 0.000 0.000 0.000 0.000 0.000
7.554 7.359 7.268 7.176 7.084 6.993 6.902 6.810 6.809 6.618 6.502 6.386 6.271 6.155 6.037 5.907 5.777 5.577 5.617 5.928 6.238 6.548 6.858 7.168 7.168 7.822 8.177 8.533 8.888 9.244 9.599 9.760 9.909 9.934 9.836 9.739 9.641 9.591 9.570 9.550 9.549 9.532 9.816 10.101 10.200 9.797 9.395 8.993 8.591 8.189 7.562 6.633 5.705 4.776 3.045 2.925 2.925 1.575 0.000 0.000 0.000 0.000 0.000 0.000 0.000 0.000 0.000 0.000 0.000 0.000 0.000 0.000 0.000 0.000 0.000 0.000 0.000
7.668 7.521 7.430 7.338 7.247 7.155 7.064 6.972 6.972 6.775 6.660 6.537 6.407 6.277 6.147 6.018 5.888 5.665 5.431 5.349 5.659 5.969 6.280 6.590 6.589 7.251 7.607 7.962 8.318 8.673 9.029 9.384 9.612 9.601 9.512 9.491 9.471 9.450 9.430 9.409 9.409 9.438 9.723 10.008 10.292 10.577 10.192 9.790 9.388 8.986 8.284 7.355 6.427 5.498 4.570 3.642 3.642 2.335 1.765 0.000 0.000 0.000 0.000 0.000 0.000 0.000 0.000 0.000 0.000 0.000 0.000 0.000 0.000 0.000 0.000 0.000 0.000
7.782 7.683 7.592 7.500 7.409 7.317 7.226 7.132 7.132 6.907 6.778 6.648 6.518 6.388 6.258 6.129 5.987 5.753 5.519 5.286 5.081 5.391 5.701 6.011 6.011 6.681 7.037 7.392 7.748 8.103 8.458 8.814 9.221 9.392 9.371 9.351 9.330 9.310 9.289 9.269 9.268 9.345 9.629 9.914 10.199 10.484 10.769 10.586 10.184 9.782 9.006 8.078 7.149 6.221 5.292 4.503 4.503 2.855 2.785 1.764 0.000 0.000 0.000 0.000 0.000 0.000 0.000 0.000 0.000 0.000 0.000 0.000 0.000 0.000 0.000 0.000 0.000
7.937 7.844 7.750 7.655 7.561 7.466 7.372 7.277 7.277 7.031 6.888 6.759 6.629 6.499 6.369 6.239 6.075 5.841 5.607 5.373 5.140 4.906 5.123 5.433 5.433 6.111 6.466 6.822 7.177 7.568 7.998 8.427 8.856 9.050 9.231 9.210 9.190 9.169 9.149 9.128 9.128 9.251 9.536 9.821 10.106 10.390 10.675 10.960 10.981 10.579 9.728 8.800 7.929 7.149 6.368 5.588 5.588 3.114 2.854 2.374 2.014 0.000 0.000 0.000 0.000 0.000 0.000 0.000 0.000 0.000 0.000 0.000 0.000 0.000 0.000 0.000 0.000
8.086 7.989 7.895 7.800 7.706 7.611 7.516 7.422 7.421 7.159 7.013 6.869 6.739 6.610 6.480 6.350 6.163 5.929 5.695 5.461 5.227 4.993 4.760 4.855 4.854 5.540 5.915 6.345 6.774 7.203 7.633 8.062 8.452 8.643 8.834 9.025 9.049 9.029 9.008 8.988 8.987 9.158 9.443 9.727 10.012 10.297 10.582 10.867 11.151 11.375 10.575 9.795 9.014 8.234 7.453 6.673 6.673 5.112 4.309 2.604 2.604 2.414 1.644 0.000 0.000 0.000 0.000 0.000 0.000 0.000 0.000 0.000 0.000 0.000 0.000 0.000 0.000
8.237 8.136 8.039 7.945 7.850 7.756 7.661 7.567 7.566 7.288 7.142 6.995 6.850 6.721 6.591 6.461 6.250 6.016 5.783 5.549 5.315 5.081 4.847 4.618 4.618 5.121 5.550 5.979 6.409 6.838 7.267 7.697 8.044 8.235 8.426 8.617 8.808 8.888 8.868 8.847 8.847 9.064 9.349 9.634 9.919 10.203 10.488 10.728 10.911 11.121 11.480 10.879 10.099 9.319 8.538 7.758 7.758 6.197 5.377 3.054 2.734 2.694 2.404 1.594 0.000 0.000 0.000 0.000 0.000 0.000 0.000 0.000 0.000 0.000 0.000 0.000 0.000
8.388 8.287 8.186 8.090 7.995 7.901 7.806 7.710 7.709 7.417 7.270 7.124 6.977 6.831 6.701 6.572 6.338 6.104 5.870 5.636 5.416 5.221 5.025 4.830 4.829 4.755 5.185 5.614 6.043 6.473 6.902 7.332 7.636 7.827 8.018 8.209 8.400 8.591 8.727 8.706 8.706 8.971 9.256 9.540 9.818 10.002 10.186 10.369 10.553 10.791 11.150 11.509 11.184 10.403 9.623 8.843 8.843 7.282 6.445 5.554 3.124 2.634 2.394 2.364 1.664 0.000 0.000 0.000 0.000 0.000 0.000 0.000 0.000 0.000 0.000 0.000 0.000
8.539 8.438 8.337 8.236 8.140 8.045 7.951 7.838 7.838 7.545 7.399 7.252 7.106 6.960 6.813 6.660 6.426 6.214 6.019 5.823 5.627 5.432 5.236 5.046 5.046 4.904 4.833 5.249 5.678 6.108 6.537 6.966 7.228 7.419 7.610 7.801 7.992 8.183 8.374 8.566 8.565 8.877 9.093 9.276 9.460 9.643 9.827 10.010 10.194 10.460 10.819 11.178 11.537 11.488 10.708 9.928 9.927 8.367 7.513 6.621 5.730 4.839 2.844 2.714 2.504 2.034 0.000 0.000 0.000 0.000 0.000 0.000 0.000 0.000 0.000 0.000 0.000
8.689 8.589 8.488 8.387 8.286 8.190 8.096 7.967 7.966 7.674 7.527 7.381 7.234 7.090 6.952 6.808 6.621 6.425 6.230 6.034 5.838 5.643 5.447 5.284 5.284 5.141 5.070 4.999 5.313 5.742 6.172 6.601 6.820 7.011 7.202 7.393 7.585 7.776 7.967 8.201 8.201 8.550 8.734 8.917 9.101 9.285 9.468 9.652 9.835 10.130 10.489 10.847 11.206 11.565 11.793 11.012 11.012 9.452 8.581 7.689 6.798 5.906 5.015 3.124 2.694 2.584 1.964 0.000 0.000 0.000 0.000 0.000 0.000 0.000 0.000 0.000 0.000
8.840 8.739 8.638 8.537 8.436 8.335 8.240 8.095 8.095 7.804 7.666 7.528 7.390 7.252 7.114 6.968 6.818 6.636 6.441 6.245 6.050 5.854 5.658 5.521 5.521 5.379 5.308 5.237 5.166 5.377 5.806 6.221 6.412 6.603 6.794 6.986 7.203 7.504 7.805 8.106 8.106 8.272 8.375 8.559 8.742 8.926 9.109 9.293 9.477 9.799 10.158 10.517 10.876 11.235 11.594 11.953 11.952 10.537 9.649 8.757 7.866 6.686 5.465 4.245 3.025 2.994 2.543 2.243 1.523 0.000 0.000 0.000 0.000 0.000 0.000 0.000 0.000
8.991 8.890 8.789 8.688 8.587 8.474 8.374 8.243 8.242 7.966 7.828 7.690 7.552 7.414 7.276 7.127 6.978 6.828 6.652 6.456 6.261 6.065 5.869 5.759 5.759 5.616 5.545 5.474 5.403 5.332 5.441 5.813 6.004 6.205 6.506 6.807 7.108 7.409 7.710 8.011 8.011 8.124 8.135 8.200 8.383 8.567 8.751 8.934 9.118 9.468 9.827 10.186 10.545 10.904 11.263 11.622 11.622 11.608 10.619 9.399 8.179 6.959 5.738 4.518 3.298 2.078 2.723 2.623 2.383 1.673 0.000 0.000 0.000 0.000 0.000 0.000 0.000
9.130 9.003 8.876 8.750 8.623 8.497 8.425 8.394 8.393 8.129 7.991 7.852 7.714 7.576 7.436 7.286 7.137 6.987 6.838 6.667 6.472 6.276 6.080 5.996 5.996 5.854 5.783 5.712 5.641 5.570 5.499 5.507 5.808 6.109 6.410 6.711 7.012 7.313 7.614 7.915 7.915 7.977 7.987 7.998 8.025 8.208 8.392 8.576 8.779 9.138 9.497 9.855 10.214 10.573 10.932 11.291 11.291 11.740 10.892 9.672 8.452 7.232 6.011 4.791 3.571 2.351 3.143 3.033 2.493 2.383 2.123 0.000 0.000 0.000 0.000 0.000 0.000
9.153 9.026 8.899 8.772 8.646 8.519 8.476 8.445 8.444 8.291 8.153 8.015 7.877 7.739 7.595 7.445 7.296 7.146 6.997 6.848 6.683 6.487 6.305 6.234 6.234 6.091 6.020 5.943 5.837 5.730 5.623 5.636 5.718 6.014 6.315 6.616 6.917 7.218 7.519 7.808 7.808 7.829 7.840 7.850 7.861 7.871 8.033 8.217 8.448 8.807 9.166 9.525 9.884 10.239 10.590 10.941 10.941 11.247 10.670 9.945 8.725 7.505 6.284 5.064 3.844 2.624 2.069 3.183 2.783 2.703 2.713 2.183 0.000 0.000 0.000 0.000 0.000
9.152 9.026 8.899 8.772 8.645 8.519 8.475 8.444 8.444 8.290 8.152 8.014 7.876 7.738 7.594 7.445 7.295 7.146 6.996 6.847 6.682 6.487 6.304 6.233 6.233 6.091 6.020 5.943 5.836 5.729 5.623 5.635 5.717 6.013 6.314 6.615 6.916 7.218 7.519 7.807 7.807 7.829 7.839 7.850 7.860 7.871 8.033 8.217 8.448 8.807 9.166 9.525 9.884 10.239 10.590 10.941 10.941 11.247 10.670 9.945 8.725 7.505 6.284 5.064 3.844 2.624 2.069 3.183 2.783 2.703 2.713 2.183 0.000 0.000 0.000 0.000 0.000
9.175 9.048 8.921 8.794 8.668 8.557 8.526 8.495 8.494 8.434 8.314 8.176 8.038 7.900 7.753 7.604 7.454 7.305 7.155 7.006 6.857 6.698 6.542 6.470 6.470 6.280 6.173 6.067 5.960 5.853 5.747 5.799 5.880 5.962 6.219 6.520 6.821 7.122 7.423 7.660 7.660 7.681 7.691 7.702 7.713 7.723 7.734 7.858 8.117 8.476 8.833 9.185 9.536 9.888 10.239 10.590 10.590 10.755 10.177 9.600 8.998 7.777 6.557 5.337 4.117 2.897 2.493 2.374 2.255 2.135 2.016 1.897 1.782 1.782 0.000 0.000 0.000
9.198 9.071 8.944 8.817 8.690 8.607 8.577 8.546 8.545 8.485 8.454 8.338 8.200 8.062 7.912 7.763 7.613 7.464 7.314 7.165 7.016 6.865 6.725 6.618 6.618 6.404 6.298 6.191 6.084 5.977 5.880 5.962 6.044 6.125 6.207 6.425 6.726 7.027 7.328 7.512 7.512 7.533 7.544 7.554 7.565 7.575 7.586 7.597 7.779 8.131 8.482 8.834 9.185 9.537 9.888 10.239 10.239 10.262 9.685 9.107 8.530 7.952 6.830 5.610 4.390 3.169 2.918 2.799 2.680 2.560 2.441 2.322 2.963 2.962 2.033 0.000 0.000
9.119 9.116 8.989 8.862 8.740 8.710 8.679 8.648 8.647 8.587 8.556 8.526 8.496 8.381 8.229 8.077 7.925 7.773 7.621 7.469 7.317 7.165 7.032 6.898 6.898 6.654 6.547 6.440 6.333 6.226 6.207 6.289 6.371 6.453 6.535 6.617 6.699 6.837 7.138 7.217 7.217 7.238 7.245 7.250 7.256 7.261 7.267 7.272 7.432 7.600 7.781 8.132 8.483 8.835 9.186 9.538 9.538 9.277 8.700 8.122 7.545 6.967 6.390 5.812 4.936 3.887 3.768 3.647 3.415 3.183 2.950 2.718 2.254 2.254 3.123 2.171 2.833
9.012 9.019 9.011 8.884 8.791 8.760 8.729 8.699 8.698 8.637 8.583 8.528 8.474 8.473 8.379 8.226 8.074 7.922 7.770 7.618 7.466 7.319 7.186 7.052 7.052 6.786 6.671 6.564 6.457 6.351 6.371 6.452 6.534 6.616 6.698 6.780 6.862 6.944 7.043 7.065 7.065 7.076 7.082 7.087 7.093 7.098 7.104 7.130 7.298 7.466 7.634 7.803 8.132 8.484 8.835 9.187 9.187 8.784 8.207 7.630 7.052 6.475 5.897 5.320 4.742 4.275 4.043 3.811 3.579 3.347 3.122 2.882 3.133 3.133 2.973 2.823 2.883
8.905 8.911 8.918 8.906 8.842 8.807 8.752 8.697 8.696 8.588 8.533 8.479 8.427 8.442 8.458 8.376 8.224 8.072 7.920 7.768 7.616 7.473 7.340 7.206 7.206 6.940 6.806 6.688 6.581 6.475 6.534 6.616 6.698 6.780 6.861 6.943 6.983 7.015 7.026 6.912 6.912 6.913 6.919 6.925 6.930 6.936 6.941 6.996 7.164 7.332 7.501 7.669 7.837 8.133 8.484 8.836 8.836 8.292 7.714 7.137 6.559 5.982 5.407 5.089 4.770 4.472 4.207 3.975 3.743 3.511 3.152 3.046 2.893 2.893 3.043 2.943 2.753
8.797 8.798 8.795 8.792 8.812 8.757 8.702 8.647 8.646 8.538 8.484 8.429 8.395 8.411 8.427 8.442 8.374 8.222 8.070 7.918 7.766 7.627 7.494 7.360 7.360 7.094 6.961 6.827 6.706 6.616 6.697 6.779 6.857 6.890 6.923 6.955 6.988 7.020 7.001 6.888 6.888 6.751 6.756 6.762 6.767 6.773 6.778 6.862 7.030 7.199 7.367 7.535 7.703 7.871 8.133 8.485 8.485 7.799 7.222 6.644 6.245 5.926 5.608 5.289 4.970 4.679 4.410 4.142 3.907 3.675 3.443 3.133 2.803 2.803 2.873 2.693 2.733
8.649 8.646 8.643 8.648 8.682 8.707 8.652 8.598 8.597 8.488 8.434 8.379 8.364 8.380 8.395 8.411 8.427 8.371 8.219 8.067 7.915 7.781 7.648 7.514 7.514 7.248 7.115 6.981 6.848 6.765 6.798 6.830 6.863 6.895 6.928 6.960 6.993 7.026 6.977 6.863 6.863 6.636 6.593 6.599 6.604 6.610 6.616 6.728 6.896 7.065 7.233 7.401 7.569 7.738 7.906 8.134 8.134 7.402 7.083 6.764 6.446 6.127 5.808 5.490 5.171 4.885 4.617 4.349 3.172 3.839 3.607 3.152 2.992 2.992 2.903 2.943 2.583
8.498 8.494 8.491 8.506 8.540 8.575 8.603 8.548 8.547 8.438 8.384 8.329 8.333 8.348 8.364 8.380 8.395 8.411 8.369 8.217 8.069 7.935 7.802 7.668 7.668 7.402 7.270 7.138 7.006 6.886 6.803 6.835 6.868 6.900 6.933 6.966 6.998 7.031 6.952 6.838 6.839 6.611 6.497 6.436 6.442 6.447 6.453 6.594 6.763 6.931 7.099 7.267 7.436 7.604 7.768 7.916 7.916 7.602 7.283 6.965 6.646 6.327 6.009 5.690 5.371 5.092 4.824 4.556 4.287 4.019 3.771 3.182 2.893 2.893 2.783 2.553 2.583
8.346 8.342 8.338 8.365 8.398 8.433 8.467 8.498 8.497 8.388 8.334 8.286 8.301 8.317 8.333 8.348 8.364 8.380 8.396 8.366 8.222 8.089 7.956 7.824 7.824 7.561 7.429 7.297 7.165 7.051 6.942 6.840 6.873 6.906 6.938 6.971 7.003 7.036 6.927 6.814 6.814 6.586 6.473 6.359 6.279 6.284 6.292 6.460 6.629 6.797 6.965 7.129 7.277 7.425 7.572 7.720 7.720 7.793 7.484 7.165 6.846 6.528 6.209 5.891 5.572 5.299 5.031 4.762 4.494 4.226 3.102 3.703 2.802 2.802 2.723 2.793 2.713
8.194 8.190 8.189 8.222 8.256 8.290 8.325 8.359 8.358 8.338 8.284 8.254 8.269 8.285 8.301 8.317 8.333 8.349 8.365 8.376 8.379 8.247 8.115 7.983 7.983 7.719 7.588 7.456 7.324 7.215 7.106 6.997 6.887 6.911 6.943 6.976 7.009 7.016 6.903 6.789 6.789 6.562 6.448 6.334 6.221 6.122 6.158 6.326 6.490 6.638 6.786 6.934 7.082 7.229 7.377 7.509 7.509 7.579 7.614 7.366 7.047 6.728 6.410 6.091 5.774 5.506 5.237 4.969 4.701 4.433 3.172 2.952 2.902 2.903 2.743 2.593 2.363
8.042 8.037 8.047 8.080 8.113 8.148 8.182 8.216 8.216 8.286 8.233 8.222 8.238 8.254 8.269 8.281 8.292 8.303 8.313 8.324 8.373 8.405 8.274 8.142 8.142 7.878 7.746 7.615 7.488 7.379 7.270 7.161 7.052 6.943 6.948 6.981 7.014 6.992 6.878 6.764 6.765 6.537 6.423 6.310 6.196 6.096 6.008 6.147 6.295 6.443 6.590 6.738 6.886 7.034 7.182 7.295 7.295 7.365 7.400 7.435 7.248 6.929 6.610 6.292 5.980 5.712 5.444 5.176 4.908 4.639 4.371 4.103 2.932 2.932 2.663 2.683 2.633
7.890 7.884 7.904 7.937 7.970 8.004 8.039 8.074 8.073 8.144 8.179 8.186 8.197 8.208 8.218 8.229 8.240 8.251 8.262 8.280 8.331 8.383 8.432 8.301 8.301 8.037 7.905 7.774 7.652 7.543 7.434 7.325 7.216 7.107 6.998 6.986 7.019 6.967 6.853 6.740 6.740 6.512 6.425 6.353 6.281 6.208 6.111 5.996 6.099 6.247 6.395 6.543 6.691 6.839 6.986 7.081 7.081 7.151 7.186 7.221 7.256 7.130 6.811 6.492 6.187 5.919 5.651 5.383 5.114 4.846 4.578 4.285 3.052 3.052 2.802 2.563 2.483
7.737 7.731 7.760 7.793 7.827 7.861 7.895 7.961 7.960 8.114 8.174 8.139 8.145 8.156 8.166 8.177 8.188 8.199 8.210 8.238 8.290 8.342 8.394 8.446 8.446 8.196 8.064 7.933 7.816 7.707 7.598 7.489 7.380 7.271 7.162 7.053 7.024 6.942 6.829 6.754 6.755 6.610 6.538 6.465 6.393 6.321 6.215 6.100 5.985 6.052 6.200 6.348 6.495 6.643 6.791 6.867 6.867 6.937 6.972 7.007 7.042 7.076 7.011 6.693 6.394 6.126 5.857 5.589 5.304 5.008 4.712 4.416 3.062 3.062 2.943 2.713 2.743
7.615 7.584 7.615 7.684 7.759 7.834 7.910 7.986 7.986 8.139 8.170 8.135 8.100 8.103 8.114 8.125 8.136 8.147 8.158 8.197 8.249 8.301 8.353 8.405 8.405 8.355 8.223 8.091 7.980 7.871 7.762 7.653 7.544 7.435 7.326 7.210 7.083 7.011 6.939 6.867 6.867 6.722 6.650 6.578 6.505 6.433 6.319 6.204 6.089 5.974 6.004 6.152 6.300 6.448 6.596 6.653 6.653 6.723 6.758 6.793 6.828 6.862 6.897 6.893 6.601 6.324 6.028 5.731 5.435 5.139 4.843 4.547 3.988 3.988 3.033 2.742 2.903
