includes/camargue/floodfiles/results/res-0006.wd
ncols         906
nrows         631
xllcorner     362177.146667
yllcorner     6534725.688020
cellsize      20.000000
NODATA_value  -9999.000000
[rows 340 to 373 of 631, columns 693 to 769 of 906]
2.014 1.914 0.983 1.293 1.103 0.923 0.554 0.110 0.181 0.331 0.121 0.000 0.029 0.000 1.172 0.364 0.553 0.614 0.514 0.654 1.054 0.814 0.634 0.123 0.583 1.793 1.983 1.963 1.923 1.783 1.793 1.813 0.382 0.412 0.412 0.552 0.421 0.971 1.661 1.711 0.761 0.551 1.490 1.340 0.580 0.560 0.810 0.500 0.769 1.389 1.109 1.339 1.679 1.499 1.209 0.949 1.459 1.309 1.479 1.509 1.529 1.259 1.579 1.619 1.719 1.589 1.539 1.699 1.769 1.629 1.609 1.439 0.608 0.268 1.578 1.648 1.598
2.084 0.913 1.203 1.223 1.183 1.533 1.303 0.832 1.112 1.012 1.192 0.162 0.432 0.242 3.512 0.113 0.483 0.473 0.533 0.683 0.533 0.613 0.553 1.823 1.923 1.803 1.643 1.853 1.873 1.833 1.963 1.973 0.672 0.482 0.252 0.472 0.101 0.271 0.411 0.961 0.631 0.720 0.420 0.640 0.470 0.600 0.690 0.869 1.349 0.739 0.639 0.749 0.919 0.979 1.429 1.599 1.569 1.099 1.379 1.499 1.609 1.499 1.789 1.439 1.649 1.489 1.659 1.539 1.549 1.619 1.669 1.539 0.598 0.188 1.328 1.628 1.438
1.163 1.313 1.303 1.253 1.243 1.393 1.002 1.172 1.102 1.272 1.352 0.342 0.232 0.892 0.702 0.642 0.332 0.682 0.602 0.582 0.652 0.931 0.502 0.412 0.492 0.352 0.992 0.462 0.322 0.652 0.332 0.261 0.571 0.611 0.521 0.121 0.530 0.140 0.350 0.280 0.220 0.660 0.810 0.780 0.590 0.610 0.879 0.709 0.709 1.069 1.369 1.489 1.379 1.389 1.479 1.599 1.529 1.759 1.349 1.569 1.409 1.539 1.039 1.539 1.419 1.529 1.519 1.539 1.699 1.619 1.489 1.289 1.579 1.148 1.778 0.368 1.908
1.983 1.373 1.203 1.223 1.333 2.003 1.092 1.002 1.162 1.312 1.712 0.752 0.082 2.412 0.092 0.861 1.501 1.361 1.171 0.941 1.211 1.221 0.931 0.741 0.711 0.631 0.631 0.851 1.071 0.691 0.821 0.770 1.060 0.930 0.960 1.140 0.990 0.940 0.960 0.410 0.750 0.820 1.170 1.560 1.239 1.199 0.819 0.609 1.029 1.539 1.369 1.549 1.499 1.459 1.649 1.589 1.479 1.349 1.369 1.419 1.719 1.529 1.439 1.149 1.349 1.539 1.549 1.509 1.489 1.539 1.249 1.619 1.669 0.728 1.738 0.258 1.828
1.323 0.000 1.293 1.183 1.273 1.262 1.142 1.282 1.322 1.302 1.642 0.792 1.122 2.162 1.062 0.000 1.521 1.531 1.671 1.641 1.741 1.751 1.801 1.801 1.551 1.611 1.371 1.801 1.751 1.641 1.660 1.760 1.650 1.760 1.650 1.720 1.650 1.370 1.690 1.240 1.240 1.070 1.500 1.430 1.510 1.599 1.669 1.659 0.969 1.629 1.679 1.519 1.609 1.499 1.779 1.639 1.609 1.479 0.929 1.459 1.499 1.599 1.479 1.219 1.699 1.529 1.629 1.809 1.189 0.979 1.339 1.549 1.399 1.389 0.458 1.478 1.518
1.412 0.692 0.000 2.582 1.972 0.000 1.162 1.132 1.192 1.462 1.192 0.072 3.372 0.003 1.082 1.462 1.571 1.641 1.641 1.731 1.911 1.841 1.801 1.911 1.891 1.861 1.451 1.881 1.661 1.731 1.721 1.850 1.830 1.810 1.830 1.880 1.640 2.200 1.790 1.620 1.600 1.740 1.530 1.560 1.740 1.780 1.689 1.689 1.029 1.569 1.629 1.649 1.599 1.479 1.889 1.619 1.629 1.519 0.969 1.429 1.479 1.599 1.469 1.319 1.089 1.359 1.429 1.379 1.539 1.569 1.139 1.599 1.529 0.398 1.568 1.188 1.248
1.302 1.372 1.272 1.322 1.301 0.971 0.000 2.671 2.401 0.000 0.071 0.221 0.922 2.642 0.172 1.671 1.741 1.671 1.711 1.661 2.061 1.861 1.891 1.811 1.791 1.761 1.641 1.721 1.691 1.721 1.781 1.770 1.860 1.960 1.880 2.230 1.880 2.160 1.740 1.780 1.570 1.920 1.790 1.670 1.920 1.670 1.629 1.649 1.159 1.669 1.579 1.589 1.609 1.519 1.739 1.649 1.839 1.619 1.939 1.419 1.639 1.359 1.559 1.419 1.409 1.319 1.459 1.379 1.559 1.669 1.619 1.379 0.479 0.519 1.648 1.218 1.318
1.292 1.432 1.272 1.271 1.381 2.371 2.421 2.331 1.231 1.031 0.121 2.069 0.281 0.682 0.016 1.471 1.711 1.721 1.661 1.641 2.191 1.821 1.801 1.741 1.281 1.491 1.351 1.831 1.701 1.821 1.771 1.811 1.870 1.820 1.910 2.190 1.750 1.890 1.800 1.960 1.700 1.670 1.690 1.620 1.710 1.560 1.640 1.679 1.229 1.639 1.489 1.599 1.669 1.679 1.609 1.679 1.729 1.679 1.549 1.469 1.549 1.549 1.519 1.559 1.569 1.409 1.569 1.539 1.569 1.619 1.489 1.759 1.519 1.849 1.528 1.408 1.488
1.352 1.262 1.321 1.371 2.351 1.991 2.011 1.381 1.541 1.141 1.171 3.020 0.470 0.401 0.001 1.641 1.691 1.741 1.591 1.661 2.151 1.571 1.711 1.771 1.671 1.481 1.351 1.751 1.721 1.781 1.831 1.781 1.931 1.850 1.870 2.110 1.640 1.870 1.680 1.850 1.600 1.630 1.550 1.640 1.730 1.690 1.610 1.710 1.119 1.689 1.669 1.679 1.709 1.729 1.649 1.689 1.709 1.859 1.539 0.919 1.489 1.639 1.439 1.609 1.489 1.269 1.689 1.469 1.559 1.629 1.839 0.309 0.429 1.839 1.439 1.488 1.578
1.262 1.341 1.241 1.541 1.111 1.191 1.241 1.531 1.261 2.411 1.401 2.731 0.560 1.421 0.571 1.682 1.601 1.631 1.571 1.571 2.341 1.721 1.761 1.711 1.621 1.601 1.481 1.641 1.821 1.821 1.781 1.801 1.871 1.840 1.730 1.750 1.700 1.800 1.650 1.690 1.520 1.520 1.570 1.550 1.690 1.690 1.610 1.680 1.250 1.719 1.659 1.659 1.779 2.049 1.499 1.669 1.599 1.699 1.709 1.449 1.469 1.539 1.619 1.549 1.469 1.329 1.489 1.519 1.669 0.639 2.009 0.459 1.969 1.929 1.439 1.509 1.518
1.352 1.361 1.361 1.501 1.411 1.581 2.111 1.821 1.221 0.721 0.851 1.471 1.300 0.651 0.041 1.561 1.671 1.631 1.801 1.611 2.491 1.711 1.861 1.671 1.381 1.261 1.591 1.651 1.861 1.761 1.781 1.721 1.871 1.711 1.700 1.730 1.760 1.590 1.610 1.720 1.580 1.640 1.520 1.580 1.640 1.730 1.530 1.560 1.340 1.839 1.709 1.719 1.779 1.989 1.559 1.649 1.599 1.699 1.789 1.569 1.649 1.419 1.579 1.619 1.699 1.609 1.539 1.879 0.649 1.859 1.509 1.829 1.989 1.629 1.519 1.569 1.459
1.281 1.071 1.431 1.361 2.111 1.981 2.341 1.751 1.371 0.710 0.451 2.261 0.480 0.181 0.151 0.622 1.651 1.671 1.611 1.571 2.301 1.671 1.631 1.711 1.401 1.671 1.751 1.841 1.831 1.871 1.781 1.641 1.781 1.691 1.631 1.560 1.720 1.700 1.520 1.580 1.730 1.520 1.610 1.680 1.540 1.910 1.780 1.550 1.350 1.630 1.739 1.779 1.759 1.839 1.539 1.589 1.579 1.699 1.719 1.669 1.339 1.679 1.689 1.769 1.599 1.569 0.419 1.829 0.239 1.709 1.429 1.399 1.279 1.479 1.319 1.369 1.349
0.971 1.101 1.071 1.161 1.241 1.161 1.441 1.721 1.110 0.920 0.191 3.321 0.241 0.151 0.841 0.000 1.241 1.641 1.631 1.661 2.001 1.631 1.721 1.381 1.251 1.471 2.031 1.921 2.221 1.631 1.791 1.681 1.741 1.671 1.611 1.340 1.680 1.570 1.520 1.590 1.620 1.540 1.570 1.680 1.950 1.640 1.590 1.670 1.290 1.790 1.719 1.679 1.689 1.549 1.629 1.609 1.649 1.799 1.869 1.759 1.159 1.419 1.779 1.599 1.819 1.479 0.459 0.000 1.799 1.779 1.299 0.869 1.069 0.849 1.319 1.559 1.259
2.370 1.181 1.150 1.190 1.530 1.320 1.890 1.200 2.030 0.960 0.021 2.951 0.681 0.071 2.101 0.811 0.000 1.621 1.621 1.681 1.731 1.631 1.341 1.531 1.391 1.841 2.251 1.881 2.241 1.621 1.701 1.781 1.771 1.651 1.691 1.481 1.760 1.550 1.540 1.550 1.800 1.470 1.600 2.010 1.550 1.640 1.720 1.720 1.520 1.700 1.650 1.699 1.719 1.669 1.619 1.699 1.589 1.679 1.719 1.709 1.549 1.519 1.509 1.639 1.629 1.439 0.519 0.209 1.839 1.889 1.059 1.039 1.409 1.049 1.469 1.469 1.419
1.049 0.569 0.700 2.180 2.070 1.830 1.450 1.200 0.130 0.570 0.051 3.301 0.511 0.171 2.091 2.071 0.841 0.000 1.601 1.671 1.652 1.802 1.291 1.511 1.611 1.811 2.381 2.021 2.141 1.801 1.721 1.741 1.731 1.671 1.741 1.481 1.631 1.610 1.460 1.560 1.700 1.470 1.420 1.720 1.510 1.580 1.800 1.790 1.600 1.660 1.810 1.760 1.699 1.589 1.709 1.769 1.609 1.739 1.739 1.709 1.549 1.589 1.739 1.659 1.639 1.609 0.359 0.499 1.669 1.599 0.959 1.279 1.389 1.459 1.619 1.519 1.459
1.158 1.178 1.189 1.159 1.249 1.239 1.149 1.239 0.989 0.220 0.070 2.183 0.601 2.271 1.751 1.881 2.031 1.001 0.000 1.312 1.662 1.692 1.452 1.451 1.661 1.701 1.991 1.971 1.961 1.761 1.701 1.831 1.711 1.681 1.761 1.421 1.631 1.690 1.670 1.460 1.670 2.030 1.190 1.560 1.670 1.650 1.740 1.650 1.540 1.770 1.710 1.700 1.789 1.649 1.669 1.849 1.999 1.779 1.799 1.829 1.619 1.399 1.629 1.549 1.599 1.529 0.679 1.619 1.819 1.289 1.569 1.399 1.629 1.649 1.549 1.479 1.349
0.197 1.018 1.038 1.199 1.159 1.149 1.079 1.099 1.039 0.180 0.210 2.197 2.981 2.211 2.051 1.531 1.761 1.991 1.240 0.061 1.542 1.612 1.612 1.561 1.711 1.851 1.911 1.871 1.891 1.901 1.861 1.771 1.731 1.681 1.691 1.371 1.661 1.751 1.650 1.700 1.800 1.590 1.370 1.640 1.700 1.660 1.660 1.650 1.620 1.720 1.740 1.740 1.840 1.669 1.619 1.769 1.919 1.789 1.689 1.759 1.739 1.039 1.699 1.569 1.549 0.469 1.679 0.219 1.519 1.669 1.609 1.449 1.669 1.099 0.799 1.449 1.279
0.997 1.148 1.098 1.208 1.208 1.118 1.138 1.268 1.179 0.000 2.219 0.870 0.451 2.221 1.721 2.061 2.131 1.550 1.820 1.231 1.211 1.462 1.612 1.512 1.381 1.791 1.921 1.761 1.811 1.851 1.831 1.751 1.691 1.801 1.811 1.571 1.831 1.781 1.690 1.430 1.630 1.600 1.510 1.720 1.790 1.720 1.640 1.560 1.720 1.720 1.910 1.900 1.810 1.679 1.619 2.149 1.859 1.749 1.709 1.689 1.779 1.049 1.569 0.709 0.529 1.049 0.259 1.719 1.199 1.609 1.539 1.549 1.589 1.539 0.969 1.489 0.043
1.116 0.707 1.058 1.198 1.328 1.288 1.228 1.298 0.798 0.620 2.233 0.920 0.022 2.251 2.091 1.871 1.821 1.910 1.530 1.841 1.571 1.991 2.182 1.942 1.662 1.991 1.891 1.791 1.861 1.881 1.881 1.741 1.781 1.831 1.901 1.621 1.681 1.791 1.641 1.750 1.680 1.670 1.630 1.690 1.760 1.650 1.610 1.680 1.760 1.730 2.060 1.730 1.780 1.759 1.659 1.799 1.889 1.969 1.769 1.719 1.739 1.639 0.889 0.399 1.029 0.309 1.759 1.859 1.469 1.709 1.539 1.469 1.519 1.569 1.399 0.139 0.000
1.216 1.206 0.997 0.827 0.757 0.777 0.747 0.707 0.000 3.490 1.260 0.810 0.008 2.021 1.641 1.971 1.791 1.831 2.020 1.701 1.901 1.491 1.172 1.582 1.292 1.991 1.881 1.751 1.851 1.831 1.931 1.821 1.771 1.841 1.841 1.681 1.711 1.861 1.971 1.791 1.680 1.700 1.560 1.790 1.840 1.740 1.610 1.830 1.770 1.830 1.890 1.780 1.690 1.750 1.709 1.749 1.759 1.839 1.899 1.769 1.829 1.669 1.549 0.099 0.014 1.679 1.689 1.789 1.629 1.599 1.429 1.439 1.449 0.909 0.499 0.003 0.000
0.866 1.036 1.036 1.086 0.946 0.976 1.156 1.207 0.519 2.270 0.630 0.810 1.801 2.171 1.281 1.781 1.991 1.601 1.721 2.031 1.501 1.361 0.411 0.022 1.782 1.872 1.871 1.851 1.821 1.881 1.961 1.851 1.841 1.951 1.881 1.751 1.741 1.681 1.441 1.681 1.720 1.720 1.620 1.690 1.770 1.790 1.680 1.720 1.840 1.800 1.960 1.900 1.790 1.780 1.669 1.669 1.769 1.689 2.009 1.689 1.679 1.679 1.069 0.000 0.259 0.849 1.929 1.729 1.029 1.569 1.469 1.829 1.629 1.289 0.179 0.000 0.000
1.405 1.145 1.236 1.126 1.026 1.136 1.296 0.000 2.292 0.589 0.590 0.540 2.361 1.891 1.401 1.451 1.701 1.771 1.371 1.761 2.071 0.241 1.860 0.880 0.081 2.082 1.792 1.742 1.841 1.791 1.961 1.891 1.921 1.871 1.921 1.761 1.711 1.771 1.491 1.771 1.641 1.760 1.610 1.730 1.750 1.820 1.700 1.770 1.750 1.750 1.760 1.880 1.720 1.810 1.739 1.589 1.769 1.679 1.939 1.669 1.669 1.709 0.016 0.849 0.979 0.849 1.949 0.849 0.629 1.519 1.499 1.789 1.179 0.169 0.000 0.000 0.013
1.435 1.305 1.315 1.165 1.065 1.006 1.226 0.006 2.308 1.189 0.719 0.370 2.181 1.821 1.721 1.741 1.351 1.631 1.891 1.341 1.911 0.000 2.281 2.161 1.601 0.311 1.132 1.532 1.852 1.911 1.971 2.011 1.991 1.851 1.741 1.801 1.731 1.521 1.451 1.911 1.661 1.791 1.720 1.840 1.790 1.850 1.910 1.880 1.710 1.830 1.870 1.800 1.810 1.830 1.980 1.719 1.759 1.619 1.729 1.759 1.709 0.099 0.519 1.229 1.569 1.049 1.409 1.359 0.949 1.519 0.889 0.639 0.159 0.000 0.014 0.010 0.007
1.275 1.385 1.025 1.005 1.185 0.825 0.000 2.329 0.436 0.768 0.879 0.830 1.521 1.771 1.991 1.601 1.441 1.521 1.431 1.981 1.591 0.000 2.161 1.141 1.591 1.111 1.111 0.311 1.892 1.842 1.801 1.981 1.841 1.761 1.691 1.821 1.701 1.481 1.551 1.741 1.691 1.661 1.691 1.840 1.800 1.770 1.960 1.730 1.780 1.800 1.830 1.830 1.910 1.820 2.010 1.679 1.999 1.129 0.099 0.909 0.849 0.869 0.799 0.919 0.949 0.669 1.329 0.979 1.609 2.009 0.399 0.419 0.000 0.014 0.010 2.165 2.885
1.435 1.155 0.905 1.185 1.175 1.325 0.703 2.347 0.784 0.565 0.327 0.559 0.811 1.721 1.831 2.011 1.701 1.661 1.691 1.641 2.451 0.341 2.291 1.071 1.731 1.421 2.211 1.401 0.491 2.242 1.842 1.781 1.911 1.861 1.771 1.831 1.631 1.551 1.541 1.791 1.771 1.751 1.871 2.000 1.890 1.730 1.920 1.500 1.720 1.910 1.830 1.750 1.770 1.950 0.420 0.649 0.859 0.409 0.000 0.020 1.979 1.829 1.939 1.959 0.005 0.689 0.269 1.259 1.349 1.199 0.499 0.000 0.014 0.010 2.375 2.955 3.045
0.000 0.000 0.373 0.663 1.424 0.000 2.369 0.371 0.652 0.463 0.814 0.715 0.468 0.750 2.151 1.951 2.131 1.811 1.901 1.911 1.691 1.601 2.281 1.051 1.791 2.181 2.321 2.281 2.251 1.031 0.761 1.811 1.871 1.831 1.781 2.051 1.571 1.801 1.681 1.741 1.911 1.791 1.951 1.851 1.770 1.740 1.810 1.120 1.640 1.900 1.350 0.380 0.730 0.980 1.080 0.939 0.889 0.709 2.069 0.699 0.789 0.000 0.929 1.279 0.929 0.259 1.209 0.939 0.789 0.000 0.013 0.012 0.010 2.585 2.875 3.085 3.165
0.799 0.929 1.109 1.089 0.320 0.390 2.388 0.530 0.631 0.741 0.712 0.524 0.707 0.768 0.650 1.851 1.751 1.891 1.341 2.091 0.431 2.291 2.381 1.301 1.861 2.261 2.251 2.161 2.161 1.941 1.541 0.321 2.041 1.761 1.761 2.041 1.601 1.931 1.801 1.851 2.141 1.931 2.061 1.831 1.561 1.520 1.940 0.450 0.860 0.850 0.040 0.003 0.580 0.970 0.889 0.929 1.029 1.839 0.289 1.219 1.159 1.339 1.809 0.969 0.849 1.399 1.219 0.859 0.000 0.016 0.011 1.615 2.685 2.975 3.125 3.155 3.295
0.968 1.028 0.908 0.428 0.000 2.413 2.406 3.330 3.239 3.389 1.440 0.683 0.766 0.737 0.638 0.490 1.651 1.771 1.981 1.601 0.000 2.161 2.321 1.331 1.931 2.191 2.071 2.241 1.441 2.061 1.991 1.921 1.881 1.741 0.521 0.371 1.811 2.041 1.921 1.661 2.101 1.671 1.801 1.351 0.221 0.840 0.890 0.380 0.580 0.840 0.700 0.300 0.000 0.170 0.989 0.229 2.169 0.000 1.619 1.439 1.739 1.379 1.139 1.239 0.279 1.059 0.979 0.259 0.013 0.011 1.815 2.765 2.995 3.055 3.045 3.275 3.245
1.258 0.937 0.797 0.448 1.857 2.431 0.779 0.439 0.979 1.039 0.490 3.263 0.564 2.266 0.687 0.579 0.620 1.491 1.681 2.161 0.061 2.211 1.211 1.851 1.431 2.271 1.361 2.181 1.601 2.011 1.881 1.831 1.851 1.881 1.951 2.031 2.021 2.091 1.481 0.351 0.470 0.170 0.221 0.411 1.170 0.240 0.390 0.160 0.390 0.590 0.840 0.780 0.790 0.018 1.720 1.570 0.529 1.579 1.809 1.429 1.129 1.049 0.759 0.979 0.819 0.789 0.369 0.011 0.010 1.915 2.835 3.005 3.075 3.075 3.265 3.185 3.255
0.837 1.147 1.007 0.036 2.480 0.957 0.000 1.249 1.349 0.610 0.151 1.373 2.643 0.915 0.476 0.528 0.590 0.760 0.000 2.191 1.391 2.271 1.351 2.001 1.441 2.381 1.441 2.331 1.621 1.971 1.881 1.921 1.891 1.961 2.081 1.921 2.041 1.941 0.002 1.010 0.540 0.279 0.002 0.000 0.320 0.000 0.589 0.309 0.003 0.090 0.006 1.930 1.220 0.660 0.000 1.460 1.630 1.690 1.139 0.839 0.629 1.149 0.989 0.889 0.899 0.259 0.011 0.010 2.265 2.835 2.975 2.995 3.275 3.055 3.235 3.305 3.285
0.776 1.106 0.946 2.499 3.505 0.356 0.528 1.089 1.259 0.520 0.891 0.942 0.882 0.494 2.486 0.488 1.290 0.640 0.730 0.671 0.041 1.901 2.311 2.191 1.941 2.171 2.021 2.171 2.001 2.181 1.501 1.931 1.871 2.001 2.021 1.711 0.360 3.090 2.720 2.810 0.829 0.569 0.329 0.649 2.219 2.689 2.918 2.618 0.259 1.979 0.469 0.000 0.000 0.910 1.320 1.310 1.310 1.670 1.250 1.219 1.199 1.249 0.569 0.319 0.000 0.010 0.009 2.425 3.015 2.995 3.175 3.265 3.255 3.235 3.254 3.415 3.345
0.976 0.976 0.000 2.429 1.004 0.614 0.336 0.819 0.339 1.750 0.881 0.932 1.042 0.963 0.525 0.467 3.380 2.230 0.660 3.181 3.311 1.841 2.691 3.211 1.271 1.120 0.740 0.770 0.769 0.569 0.229 0.039 0.219 0.609 0.769 0.689 1.809 1.199 1.099 1.329 1.589 1.419 1.609 1.659 1.639 1.589 1.509 0.269 0.579 0.619 0.289 1.009 1.239 1.830 1.450 1.220 0.910 1.170 1.270 1.310 1.219 1.069 0.001 0.000 0.667 0.667 2.585 2.915 3.085 3.255 3.294 3.234 3.245 3.305 3.364 3.284 3.244
1.065 0.985 2.423 2.408 0.543 0.883 0.703 0.425 0.776 0.698 0.970 1.041 0.922 0.863 0.824 0.746 0.579 0.700 0.840 0.851 0.831 0.751 0.631 0.300 0.719 2.389 0.698 0.507 1.316 2.975 1.835 1.255 1.065 2.716 0.876 2.886 0.000 0.728 0.619 1.519 1.759 1.599 1.679 1.569 1.559 1.019 0.829 0.719 0.819 1.429 1.569 0.989 0.579 0.529 0.750 0.740 0.740 1.050 1.100 1.120 0.890 0.000 0.000 0.667 0.667 2.785 2.945 3.045 3.014 3.185 3.315 3.335 3.394 3.454 3.304 3.274 3.404
0.995 0.032 2.479 0.881 0.241 1.762 1.172 0.553 0.785 0.897 0.910 0.891 0.892 0.943 0.694 0.866 0.678 0.910 0.820 0.521 0.321 0.761 0.611 0.259 0.957 0.656 2.935 3.365 0.264 1.104 0.924 0.313 0.443 0.002 0.873 0.653 0.683 0.686 0.898 1.399 1.689 1.619 1.679 1.569 0.609 0.989 0.769 1.009 1.339 1.349 1.079 1.039 0.959 0.839 0.960 0.980 0.650 0.900 0.800 0.640 0.087 0.000 0.667 0.667 2.995 2.965 3.085 3.145 3.204 3.225 3.294 3.264 3.484 3.444 3.374 3.454 3.534
