includes/camargue/floodfiles/results/res-0013.wdfp
ncols         906
nrows         631
xllcorner     362177.146667
yllcorner     6534725.688020
cellsize      20.000000
NODATA_value  -9999.000000
[rows 544 to 577 of 631, columns 770 to 846 of 906]
7.920 7.928 7.936 7.970 8.046 8.121 8.195 8.269 8.343 8.417 8.491 8.565 8.639 8.712 8.786 8.859 8.934 9.014 9.084 9.139 9.194 9.250 9.305 9.360 9.416 9.471 9.526 9.582 9.636 9.690 9.744 9.798 9.851 9.905 9.959 9.982 9.998 10.014 10.029 10.045 10.060 10.099 10.152 10.205 10.258 10.312 10.365 10.418 10.472 10.525 10.578 10.631 10.646 10.641 10.658 10.723 10.789 10.854 10.920 10.986 11.051 11.117 11.182 11.249 11.320 11.398 11.476 11.547 11.535 11.594 11.653 11.711 11.770 11.829 11.887 11.946 12.004
7.903 7.911 7.919 7.927 7.968 8.043 8.117 8.191 8.265 8.338 8.412 8.485 8.559 8.632 8.706 8.779 8.857 8.936 9.015 9.083 9.139 9.194 9.249 9.305 9.360 9.415 9.471 9.526 9.580 9.634 9.688 9.742 9.795 9.849 9.903 9.956 9.976 9.993 10.008 10.024 10.040 10.091 10.144 10.197 10.250 10.304 10.357 10.410 10.463 10.517 10.570 10.623 10.677 10.684 10.728 10.793 10.859 10.924 10.991 11.069 11.147 11.224 11.302 11.380 11.458 11.537 11.614 11.639 11.587 11.609 11.667 11.726 11.785 11.843 11.902 11.961 12.019
7.886 7.894 7.902 7.909 7.915 7.964 8.038 8.111 8.185 8.258 8.332 8.405 8.479 8.552 8.626 8.700 8.779 8.858 8.937 9.017 9.083 9.139 9.194 9.249 9.305 9.360 9.415 9.471 9.524 9.578 9.632 9.686 9.739 9.793 9.847 9.900 9.954 9.971 9.988 10.003 10.029 10.083 10.136 10.189 10.242 10.296 10.349 10.402 10.455 10.509 10.562 10.615 10.669 10.741 10.818 10.896 10.974 11.052 11.130 11.208 11.285 11.363 11.441 11.519 11.597 11.674 11.753 11.731 11.679 11.628 11.682 11.741 11.800 11.858 11.917 11.975 12.034
7.860 7.866 7.872 7.878 7.887 7.900 7.958 8.031 8.105 8.178 8.252 8.326 8.399 8.473 8.546 8.621 8.701 8.780 8.859 8.939 9.018 9.083 9.138 9.194 9.249 9.304 9.360 9.415 9.468 9.522 9.576 9.630 9.683 9.737 9.791 9.844 9.898 9.951 9.966 9.983 10.021 10.074 10.128 10.181 10.234 10.288 10.341 10.394 10.457 10.544 10.632 10.720 10.808 10.887 10.957 11.035 11.113 11.191 11.269 11.346 11.424 11.502 11.580 11.658 11.735 11.813 11.873 11.822 11.771 11.720 11.697 11.756 11.814 11.873 11.932 11.990 12.049
7.828 7.835 7.841 7.847 7.858 7.872 7.885 7.952 8.025 8.099 8.172 8.246 8.319 8.393 8.466 8.543 8.623 8.702 8.781 8.861 8.940 9.019 9.083 9.138 9.194 9.249 9.304 9.359 9.412 9.466 9.520 9.574 9.627 9.681 9.735 9.788 9.842 9.896 9.946 9.961 10.013 10.066 10.120 10.173 10.258 10.346 10.434 10.522 10.610 10.697 10.785 10.873 10.961 11.034 11.103 11.174 11.252 11.329 11.407 11.485 11.563 11.641 11.719 11.796 11.874 11.952 11.965 11.914 11.862 11.811 11.760 11.770 11.829 11.888 11.946 12.005 12.064
7.797 7.803 7.809 7.817 7.830 7.844 7.857 7.872 7.945 8.019 8.092 8.166 8.239 8.313 8.386 8.465 8.545 8.624 8.703 8.783 8.862 8.942 9.021 9.083 9.138 9.193 9.249 9.303 9.356 9.410 9.464 9.518 9.571 9.625 9.679 9.732 9.786 9.840 9.894 9.972 10.059 10.147 10.236 10.324 10.412 10.499 10.587 10.675 10.763 10.851 10.938 11.026 11.111 11.180 11.249 11.318 11.390 11.468 11.546 11.624 11.702 11.780 11.857 11.935 12.013 12.091 12.057 12.006 11.954 11.903 11.851 11.801 11.844 11.902 11.961 12.020 12.078
7.766 7.772 7.778 7.789 7.802 7.816 7.829 7.843 7.865 7.939 8.012 8.086 8.159 8.233 8.308 8.388 8.467 8.546 8.626 8.705 8.784 8.864 8.943 9.022 9.082 9.138 9.193 9.247 9.300 9.354 9.408 9.462 9.515 9.569 9.624 9.726 9.828 9.930 10.032 10.125 10.212 10.300 10.388 10.477 10.565 10.652 10.740 10.828 10.916 11.004 11.091 11.179 11.257 11.326 11.395 11.464 11.533 11.607 11.685 11.763 11.841 11.918 11.996 12.074 12.152 12.200 12.149 12.097 12.046 11.995 11.943 11.892 11.858 11.917 11.976 12.034 12.093
7.735 7.741 7.747 7.761 7.774 7.788 7.801 7.815 7.828 7.859 7.932 8.006 8.080 8.153 8.230 8.310 8.389 8.468 8.548 8.627 8.706 8.786 8.865 8.944 9.024 9.082 9.137 9.190 9.244 9.298 9.375 9.477 9.579 9.681 9.783 9.885 9.987 10.089 10.190 10.278 10.365 10.453 10.541 10.629 10.718 10.805 10.893 10.981 11.069 11.157 11.244 11.332 11.403 11.472 11.541 11.610 11.679 11.748 11.824 11.901 11.979 12.057 12.135 12.213 12.291 12.292 12.241 12.189 12.138 12.087 12.035 11.984 11.932 11.931 11.991 12.049 12.102
7.704 7.710 7.719 7.732 7.746 7.759 7.773 7.787 7.800 7.814 7.853 7.926 8.000 8.073 8.152 8.232 8.311 8.390 8.470 8.549 8.628 8.708 8.787 8.866 8.946 9.025 9.125 9.227 9.329 9.431 9.533 9.635 9.737 9.839 9.941 10.043 10.145 10.247 10.343 10.431 10.519 10.606 10.694 10.782 10.870 10.958 11.046 11.134 11.222 11.310 11.397 11.480 11.549 11.618 11.687 11.756 11.825 11.895 11.964 12.040 12.118 12.196 12.274 12.352 12.429 12.384 12.333 12.281 12.230 12.178 12.127 12.076 12.024 11.973 12.004 12.063 12.094
7.672 7.678 7.691 7.704 7.718 7.731 7.745 7.758 7.772 7.785 7.799 7.846 7.920 7.995 8.074 8.154 8.233 8.312 8.392 8.471 8.550 8.646 8.760 8.874 8.988 9.119 9.284 9.386 9.488 9.590 9.692 9.794 9.896 9.998 10.100 10.202 10.304 10.406 10.496 10.584 10.672 10.759 10.847 10.935 11.023 11.111 11.198 11.287 11.375 11.463 11.551 11.626 11.695 11.764 11.833 11.902 11.971 12.041 12.110 12.179 12.257 12.335 12.413 12.490 12.528 12.476 12.425 12.373 12.322 12.270 12.219 12.168 12.116 12.065 12.019 12.061 12.084
7.641 7.649 7.663 7.676 7.690 7.703 7.717 7.730 7.744 7.757 7.771 7.784 7.840 7.917 7.996 8.076 8.155 8.269 8.383 8.497 8.611 8.725 8.839 8.954 9.068 9.220 9.390 9.544 9.646 9.748 9.850 9.952 10.054 10.156 10.258 10.360 10.462 10.562 10.649 10.737 10.825 10.913 11.000 11.088 11.176 11.264 11.351 11.439 11.528 11.616 11.703 11.772 11.841 11.910 11.979 12.048 12.118 12.187 12.256 12.325 12.396 12.474 12.551 12.629 12.619 12.568 12.517 12.465 12.414 12.362 12.311 12.259 12.208 12.136 12.057 12.054 12.077
7.610 7.621 7.635 7.648 7.662 7.675 7.689 7.702 7.716 7.729 7.743 7.756 7.783 7.892 8.006 8.120 8.234 8.349 8.463 8.577 8.691 8.805 8.919 9.033 9.151 9.321 9.492 9.661 9.805 9.907 10.009 10.111 10.213 10.315 10.417 10.519 10.621 10.715 10.803 10.890 10.978 11.066 11.153 11.241 11.329 11.417 11.504 11.592 11.680 11.768 11.849 11.918 11.987 12.056 12.125 12.195 12.264 12.333 12.402 12.471 12.540 12.612 12.690 12.763 12.711 12.660 12.609 12.557 12.506 12.450 12.370 12.290 12.211 12.131 12.051 12.050 12.072
7.579 7.593 7.606 7.620 7.633 7.647 7.661 7.696 7.731 7.766 7.801 7.836 7.889 7.972 8.086 8.200 8.314 8.428 8.542 8.656 8.771 8.885 8.999 9.113 9.252 9.423 9.593 9.762 9.932 10.065 10.167 10.269 10.371 10.473 10.575 10.677 10.779 10.868 10.956 11.043 11.131 11.219 11.307 11.394 11.482 11.570 11.657 11.745 11.833 11.921 11.994 12.064 12.133 12.202 12.272 12.341 12.410 12.479 12.548 12.617 12.686 12.755 12.829 12.855 12.803 12.752 12.683 12.604 12.524 12.444 12.365 12.285 12.205 12.126 12.046 12.045 12.067
7.551 7.573 7.608 7.643 7.678 7.713 7.748 7.783 7.818 7.853 7.888 7.923 7.995 8.078 8.165 8.280 8.394 8.508 8.622 8.736 8.850 8.964 9.078 9.192 9.353 9.524 9.694 9.863 10.033 10.203 10.326 10.428 10.530 10.632 10.734 10.836 10.933 11.021 11.109 11.197 11.284 11.372 11.460 11.547 11.635 11.723 11.811 11.898 11.986 12.071 12.140 12.209 12.279 12.348 12.418 12.487 12.556 12.625 12.694 12.763 12.832 12.902 12.965 12.917 12.837 12.758 12.678 12.598 12.519 12.439 12.359 12.280 12.200 12.120 12.040 12.040 12.063
7.626 7.661 7.696 7.730 7.765 7.800 7.835 7.870 7.905 7.940 7.975 8.019 8.102 8.184 8.267 8.359 8.473 8.587 8.702 8.816 8.930 9.044 9.158 9.284 9.454 9.625 9.795 9.964 10.134 10.304 10.474 10.586 10.688 10.790 10.892 10.994 11.086 11.174 11.262 11.350 11.437 11.525 11.613 11.700 11.788 11.876 11.964 12.051 12.139 12.217 12.286 12.355 12.424 12.495 12.564 12.633 12.702 12.761 12.802 12.844 12.885 12.927 12.956 12.901 12.832 12.752 12.673 12.593 12.513 12.434 12.354 12.274 12.194 12.115 12.035 12.035 12.058
7.663 7.748 7.783 7.818 7.853 7.887 7.922 7.957 7.992 8.027 8.062 8.125 8.208 8.290 8.373 8.455 8.553 8.667 8.781 8.895 9.009 9.123 9.237 9.385 9.555 9.725 9.896 10.065 10.235 10.405 10.575 10.745 10.847 10.949 11.051 11.152 11.240 11.327 11.415 11.503 11.590 11.678 11.766 11.854 11.941 12.029 12.117 12.204 12.292 12.363 12.432 12.501 12.555 12.597 12.638 12.681 12.723 12.764 12.806 12.847 12.889 12.931 12.924 12.869 12.814 12.747 12.667 12.588 12.508 12.428 12.348 12.269 12.189 12.109 12.030 12.030 12.053
7.700 7.798 7.870 7.905 7.940 7.975 8.009 8.044 8.079 8.114 8.149 8.231 8.314 8.396 8.479 8.561 8.644 8.747 8.861 8.975 9.089 9.203 9.317 9.486 9.656 9.826 9.996 10.166 10.336 10.506 10.676 10.846 11.005 11.107 11.209 11.305 11.393 11.480 11.568 11.656 11.744 11.831 11.919 12.007 12.094 12.182 12.270 12.348 12.397 12.434 12.475 12.517 12.559 12.600 12.642 12.684 12.725 12.768 12.809 12.851 12.893 12.934 12.892 12.837 12.782 12.727 12.662 12.582 12.502 12.423 12.343 12.263 12.184 12.104 12.024 12.025 12.048
7.736 7.835 7.933 7.992 8.027 8.062 8.097 8.132 8.166 8.201 8.255 8.337 8.420 8.502 8.585 8.667 8.750 8.832 8.940 9.054 9.168 9.283 9.417 9.587 9.757 9.927 10.097 10.266 10.437 10.607 10.777 10.947 11.117 11.266 11.368 11.458 11.546 11.634 11.721 11.809 11.897 11.980 12.057 12.134 12.211 12.288 12.365 12.442 12.450 12.437 12.479 12.521 12.562 12.604 12.645 12.687 12.729 12.770 12.813 12.855 12.896 12.915 12.860 12.805 12.750 12.695 12.640 12.577 12.497 12.417 12.338 12.258 12.178 12.099 12.019 12.021 12.043
7.773 7.871 7.970 8.068 8.114 8.149 8.184 8.219 8.254 8.289 8.361 8.443 8.526 8.608 8.691 8.774 8.856 8.939 9.021 9.134 9.248 9.362 9.518 9.688 9.858 10.028 10.198 10.367 10.537 10.708 10.878 11.048 11.218 11.388 11.524 11.611 11.688 11.765 11.843 11.920 11.997 12.074 12.151 12.228 12.305 12.382 12.459 12.522 12.503 12.484 12.483 12.524 12.566 12.607 12.649 12.691 12.732 12.774 12.816 12.857 12.900 12.883 12.828 12.773 12.718 12.663 12.608 12.553 12.492 12.412 12.332 12.253 12.173 12.093 12.013 12.016 12.038
7.809 7.908 8.006 8.105 8.201 8.236 8.271 8.306 8.341 8.385 8.467 8.550 8.632 8.715 8.797 8.880 8.962 9.045 9.127 9.214 9.328 9.449 9.619 9.789 9.959 10.129 10.299 10.468 10.638 10.808 10.997 11.199 11.400 11.601 11.663 11.705 11.782 11.859 11.937 12.014 12.091 12.168 12.245 12.322 12.399 12.476 12.553 12.576 12.556 12.537 12.517 12.528 12.569 12.611 12.653 12.694 12.736 12.778 12.819 12.861 12.903 12.850 12.796 12.741 12.686 12.631 12.576 12.521 12.466 12.407 12.327 12.247 12.167 12.088 12.008 12.011 12.034
7.846 7.944 8.043 8.141 8.240 8.323 8.358 8.393 8.428 8.491 8.573 8.656 8.738 8.821 8.903 8.986 9.068 9.151 9.233 9.316 9.407 9.550 9.720 9.890 10.067 10.268 10.469 10.670 10.871 11.072 11.273 11.474 11.675 11.868 11.839 11.810 11.876 11.953 12.030 12.108 12.185 12.262 12.339 12.416 12.493 12.570 12.647 12.629 12.609 12.590 12.570 12.551 12.573 12.615 12.656 12.698 12.740 12.781 12.823 12.865 12.873 12.818 12.763 12.709 12.654 12.599 12.544 12.489 12.434 12.379 12.321 12.242 12.162 12.082 12.003 12.006 12.029
7.883 7.981 8.080 8.178 8.277 8.375 8.445 8.480 8.515 8.597 8.679 8.762 8.844 8.927 9.009 9.092 9.174 9.257 9.339 9.450 9.570 9.740 9.941 10.142 10.343 10.544 10.745 10.946 11.147 11.348 11.549 11.750 11.951 12.043 12.015 11.986 11.970 12.047 12.124 12.202 12.279 12.356 12.433 12.510 12.587 12.664 12.701 12.682 12.662 12.643 12.623 12.604 12.585 12.618 12.660 12.702 12.743 12.785 12.826 12.868 12.841 12.786 12.731 12.676 12.621 12.567 12.512 12.457 12.402 12.347 12.292 12.236 12.157 12.077 11.997 12.001 12.024
7.919 8.018 8.116 8.215 8.313 8.412 8.510 8.567 8.620 8.703 8.785 8.868 8.950 9.037 9.158 9.278 9.399 9.519 9.640 9.760 9.889 10.033 10.217 10.418 10.619 10.820 11.021 11.222 11.423 11.624 11.826 12.027 12.228 12.219 12.190 12.162 12.133 12.141 12.218 12.295 12.373 12.450 12.527 12.604 12.681 12.758 12.754 12.735 12.715 12.696 12.676 12.657 12.638 12.622 12.664 12.705 12.747 12.788 12.830 12.864 12.809 12.754 12.699 12.644 12.589 12.534 12.479 12.425 12.370 12.315 12.260 12.205 12.150 12.071 11.992 11.997 12.019
7.956 8.054 8.153 8.251 8.350 8.448 8.547 8.645 8.745 8.865 8.986 9.106 9.227 9.347 9.468 9.588 9.709 9.829 9.949 10.070 10.209 10.353 10.498 10.694 10.895 11.096 11.298 11.499 11.700 11.901 12.102 12.303 12.424 12.395 12.366 12.337 12.309 12.279 12.312 12.389 12.467 12.544 12.621 12.698 12.775 12.827 12.807 12.788 12.768 12.749 12.730 12.710 12.691 12.671 12.667 12.709 12.750 12.792 12.834 12.832 12.777 12.722 12.667 12.612 12.557 12.502 12.447 12.392 12.337 12.283 12.229 12.174 12.119 12.064 11.986 11.992 11.957
7.992 8.091 8.189 8.291 8.437 8.584 8.730 8.881 9.055 9.175 9.296 9.415 9.537 9.657 9.778 9.898 10.018 10.139 10.259 10.384 10.529 10.673 10.818 10.971 11.172 11.373 11.574 11.775 11.976 12.177 12.378 12.579 12.600 12.571 12.542 12.513 12.484 12.454 12.426 12.483 12.560 12.638 12.715 12.792 12.869 12.880 12.860 12.841 12.821 12.802 12.783 12.763 12.744 12.724 12.705 12.712 12.754 12.796 12.837 12.800 12.745 12.690 12.635 12.580 12.525 12.470 12.415 12.360 12.306 12.251 12.196 12.141 12.087 12.032 11.977 11.928 11.880
8.105 8.252 8.398 8.545 8.692 8.838 8.985 9.146 9.321 9.485 9.605 9.725 9.846 9.967 10.088 10.208 10.328 10.449 10.569 10.704 10.849 10.993 11.138 11.282 11.448 11.649 11.850 12.051 12.252 12.453 12.654 12.805 12.776 12.747 12.718 12.689 12.660 12.630 12.601 12.577 12.654 12.732 12.809 12.886 12.952 12.933 12.913 12.894 12.874 12.855 12.836 12.816 12.797 12.777 12.758 12.739 12.758 12.799 12.823 12.768 12.713 12.658 12.603 12.548 12.493 12.438 12.384 12.329 12.274 12.210 12.137 12.064 11.990 11.917 11.856 11.814 11.772
8.360 8.506 8.653 8.799 8.946 9.093 9.239 9.411 9.586 9.761 9.915 10.035 10.156 10.276 10.397 10.518 10.638 10.759 10.880 11.025 11.169 11.314 11.458 11.603 11.747 11.925 12.126 12.327 12.528 12.729 12.931 12.981 12.952 12.923 12.894 12.865 12.836 12.806 12.777 12.748 12.747 12.825 12.903 12.980 13.005 12.986 12.966 12.947 12.928 12.908 12.889 12.869 12.850 12.830 12.811 12.792 12.772 12.803 12.791 12.736 12.681 12.626 12.571 12.517 12.443 12.370 12.297 12.223 12.150 12.076 12.003 11.929 11.856 11.782 11.737 11.694 11.653
8.614 8.761 8.907 9.054 9.200 9.347 9.501 9.676 9.851 10.025 10.200 10.345 10.465 10.586 10.706 10.828 10.948 11.068 11.200 11.345 11.489 11.634 11.778 11.923 12.067 12.212 12.402 12.604 12.805 13.006 13.187 13.157 13.128 13.099 13.070 13.041 13.012 12.982 12.953 12.924 12.895 12.918 12.997 13.074 13.058 13.039 13.019 13.000 12.981 12.961 12.942 12.922 12.903 12.884 12.864 12.845 12.825 12.806 12.750 12.676 12.603 12.530 12.456 12.383 12.309 12.236 12.162 12.089 12.015 11.942 11.869 11.795 11.722 11.662 11.619 11.576 11.534
8.868 9.015 9.162 9.308 9.455 9.601 9.766 9.940 10.115 10.290 10.465 10.640 10.775 10.896 11.016 11.137 11.258 11.378 11.520 11.665 11.809 11.954 12.098 12.243 12.387 12.532 12.679 12.880 13.081 13.282 13.363 13.333 13.304 13.275 13.246 13.217 13.187 13.158 13.129 13.100 13.071 13.042 13.089 13.130 13.111 13.092 13.073 13.053 13.034 13.014 12.995 12.960 12.919 12.877 12.835 12.793 12.752 12.694 12.616 12.542 12.469 12.395 12.322 12.248 12.175 12.102 12.028 11.955 11.881 11.808 11.734 11.661 11.587 11.544 11.501 11.458 11.415
9.123 9.269 9.416 9.563 9.709 9.856 10.030 10.205 10.380 10.555 10.730 10.905 11.080 11.206 11.326 11.446 11.567 11.696 11.841 11.985 12.130 12.274 12.419 12.563 12.708 12.852 12.996 13.156 13.357 13.558 13.539 13.509 13.480 13.451 13.422 13.393 13.363 13.334 13.305 13.276 13.247 13.218 13.188 13.183 13.142 13.100 13.059 13.018 12.976 12.934 12.892 12.851 12.809 12.767 12.725 12.684 12.642 12.565 12.484 12.408 12.335 12.261 12.188 12.114 12.041 11.967 11.894 11.820 11.747 11.673 11.600 11.527 11.469 11.426 11.383 11.341 11.298
9.377 9.524 9.670 9.817 9.964 10.120 10.295 10.470 10.645 10.820 10.995 11.170 11.345 11.515 11.636 11.756 11.877 12.015 12.161 12.305 12.450 12.594 12.739 12.883 13.028 13.172 13.317 13.461 13.633 13.744 13.715 13.685 13.656 13.627 13.598 13.569 13.518 13.459 13.401 13.342 13.283 13.224 13.154 13.074 13.032 12.990 12.949 12.908 12.866 12.824 12.783 12.741 12.699 12.657 12.616 12.574 12.516 12.435 12.355 12.274 12.200 12.127 12.053 11.980 11.906 11.833 11.760 11.686 11.613 11.539 11.466 11.394 11.351 11.309 11.266 11.223 11.180
9.632 9.778 9.925 10.071 10.218 10.385 10.560 10.735 10.910 11.085 11.260 11.435 11.610 11.785 11.946 12.066 12.191 12.335 12.480 12.625 12.770 12.914 13.059 13.203 13.348 13.492 13.637 13.781 13.911 13.874 13.815 13.756 13.698 13.639 13.580 13.521 13.462 13.403 13.344 13.285 13.226 13.167 13.080 12.986 12.922 12.881 12.839 12.797 12.755 12.715 12.673 12.631 12.589 12.548 12.506 12.464 12.387 12.306 12.225 12.145 12.066 11.993 11.919 11.846 11.772 11.699 11.625 11.552 11.478 11.405 11.332 11.277 11.234 11.191 11.148 11.105 11.062
9.886 10.033 10.179 10.326 10.475 10.650 10.825 11.000 11.175 11.350 11.525 11.700 11.875 12.050 12.224 12.376 12.511 12.655 12.800 12.944 13.090 13.205 13.320 13.434 13.549 13.663 13.778 13.892 13.930 13.818 13.759 13.700 13.641 13.582 13.523 13.464 13.405 13.347 13.288 13.229 13.170 13.100 13.006 12.912 12.818 12.771 12.729 12.687 12.645 12.604 12.562 12.521 12.479 12.438 12.396 12.338 12.257 12.177 12.096 12.015 11.934 11.858 11.785 11.711 11.638 11.565 11.491 11.418 11.344 11.271 11.202 11.159 11.116 11.073 11.030 10.987 10.944
10.157 10.288 10.434 10.580 10.740 10.915 11.090 11.265 11.440 11.615 11.790 11.965 12.140 12.314 12.488 12.653 12.728 12.842 12.957 13.071 13.186 13.301 13.416 13.530 13.645 13.759 13.873 13.988 13.912 13.797 13.702 13.644 13.585 13.526 13.467 13.408 13.349 13.290 13.231 13.172 13.113 13.026 12.932 12.838 12.744 12.661 12.619 12.577 12.536 12.494 12.452 12.410 12.369 12.328 12.286 12.209 12.128 12.047 11.967 11.886 11.805 11.724 11.651 11.577 11.504 11.430 11.357 11.283 11.210 11.136 11.084 11.041 10.998 10.955 10.912 10.869 10.826
