includes/camargue/floodfiles/results/res-0003.wdfp
ncols         906
nrows         631
xllcorner     362177.146667
yllcorner     6534725.688020
cellsize      20.000000
NODATA_value  -9999.000000
[rows 442 to 475 of 631, columns 693 to 769 of 906]
5.101 5.127 5.120 5.108 5.096 5.083 5.055 5.025 4.995 4.964 4.934 4.903 4.873 4.843 4.812 4.782 4.751 4.761 4.781 4.792 4.800 4.807 4.814 4.822 4.829 4.836 4.844 4.851 4.858 4.866 4.865 4.860 4.854 4.848 4.842 4.836 4.830 4.824 4.818 4.811 4.805 4.799 4.793 4.806 4.824 4.841 4.858 4.876 4.893 4.930 4.974 5.018 5.062 5.105 5.149 5.193 5.237 5.283 5.328 5.373 5.418 5.464 5.509 5.554 5.599 5.645 5.690 5.735 5.780 5.824 5.868 5.912 5.959 6.007 6.056 6.104 6.152
5.115 5.118 5.106 5.093 5.081 5.069 5.049 5.019 4.988 4.958 4.928 4.897 4.867 4.836 4.806 4.776 4.769 4.789 4.810 4.828 4.836 4.843 4.851 4.858 4.865 4.872 4.880 4.887 4.894 4.899 4.894 4.889 4.884 4.879 4.872 4.866 4.860 4.854 4.848 4.842 4.836 4.829 4.828 4.846 4.863 4.880 4.898 4.915 4.932 4.950 4.990 5.034 5.077 5.121 5.165 5.209 5.253 5.299 5.344 5.389 5.434 5.480 5.525 5.570 5.616 5.661 5.706 5.751 5.797 5.841 5.886 5.930 5.977 6.025 6.074 6.122 6.181
5.116 5.104 5.091 5.079 5.067 5.055 5.043 5.013 4.982 4.952 4.921 4.891 4.861 4.830 4.800 4.777 4.798 4.818 4.839 4.859 4.872 4.879 4.886 4.894 4.901 4.908 4.916 4.923 4.930 4.929 4.924 4.919 4.914 4.908 4.903 4.897 4.890 4.884 4.878 4.872 4.866 4.860 4.867 4.885 4.902 4.920 4.937 4.954 4.972 4.989 5.006 5.049 5.093 5.137 5.181 5.224 5.269 5.315 5.360 5.405 5.451 5.496 5.541 5.586 5.632 5.677 5.722 5.768 5.813 5.858 5.903 5.947 5.995 6.043 6.101 6.164 6.226
5.101 5.089 5.077 5.065 5.053 5.041 5.029 5.006 4.976 4.946 4.915 4.885 4.854 4.824 4.793 4.806 4.827 4.847 4.868 4.888 4.908 4.915 4.922 4.930 4.937 4.944 4.952 4.959 4.964 4.959 4.953 4.948 4.943 4.938 4.933 4.927 4.921 4.915 4.908 4.902 4.896 4.890 4.906 4.924 4.941 4.959 4.976 4.994 5.011 5.028 5.046 5.065 5.109 5.152 5.196 5.240 5.286 5.331 5.376 5.421 5.467 5.512 5.557 5.602 5.648 5.693 5.738 5.784 5.829 5.874 5.920 5.965 6.021 6.083 6.146 6.208 6.270
5.087 5.075 5.063 5.051 5.039 5.027 5.015 5.000 4.970 4.939 4.909 4.879 4.848 4.818 4.815 4.835 4.856 4.876 4.897 4.917 4.938 4.951 4.959 4.966 4.973 4.980 4.988 4.995 4.994 4.988 4.983 4.978 4.973 4.968 4.962 4.957 4.951 4.945 4.939 4.933 4.926 4.928 4.946 4.963 4.981 4.998 5.015 5.033 5.050 5.068 5.085 5.102 5.124 5.168 5.212 5.256 5.302 5.347 5.392 5.437 5.483 5.528 5.573 5.619 5.664 5.709 5.754 5.800 5.848 5.896 5.943 6.010 6.066 6.128 6.190 6.252 6.315
5.073 5.061 5.049 5.037 5.025 5.013 5.000 4.988 4.964 4.933 4.903 4.872 4.842 4.823 4.844 4.864 4.885 4.905 4.926 4.946 4.967 4.987 4.995 5.002 5.009 5.016 5.024 5.028 5.023 5.018 5.013 5.008 5.002 4.997 4.992 4.987 4.981 4.975 4.969 4.963 4.957 4.967 4.985 5.002 5.020 5.037 5.055 5.072 5.089 5.107 5.124 5.142 5.159 5.184 5.228 5.273 5.318 5.363 5.408 5.454 5.499 5.544 5.591 5.639 5.687 5.735 5.783 5.831 5.879 5.926 5.978 6.061 6.125 6.181 6.236 6.297 6.359
5.059 5.047 5.035 5.023 5.010 4.998 4.986 4.974 4.958 4.927 4.897 4.866 4.836 4.852 4.873 4.893 4.914 4.934 4.955 4.975 4.996 5.016 5.031 5.038 5.045 5.052 5.060 5.058 5.053 5.048 5.043 5.037 5.032 5.027 5.022 5.017 5.011 5.006 4.999 4.993 4.989 5.007 5.024 5.042 5.059 5.076 5.094 5.111 5.129 5.146 5.163 5.181 5.198 5.216 5.244 5.289 5.336 5.384 5.431 5.479 5.527 5.575 5.622 5.670 5.718 5.766 5.814 5.862 5.909 5.957 6.029 6.112 6.184 6.239 6.295 6.350 6.406
5.045 5.033 5.020 5.008 4.996 4.984 4.972 4.960 4.948 4.921 4.890 4.860 4.861 4.881 4.902 4.922 4.943 4.963 4.984 5.004 5.025 5.045 5.066 5.074 5.081 5.088 5.093 5.087 5.082 5.077 5.072 5.067 5.062 5.057 5.051 5.046 5.041 5.036 5.030 5.024 5.028 5.046 5.063 5.081 5.098 5.115 5.133 5.150 5.168 5.185 5.203 5.220 5.237 5.255 5.278 5.319 5.367 5.414 5.462 5.510 5.558 5.606 5.653 5.701 5.749 5.797 5.845 5.893 5.940 5.996 6.079 6.162 6.243 6.298 6.353 6.409 6.464
5.031 5.018 5.006 4.994 4.982 4.970 4.958 4.946 4.934 4.915 4.884 4.869 4.890 4.910 4.931 4.951 4.971 4.992 5.012 5.033 5.054 5.074 5.094 5.110 5.117 5.125 5.122 5.117 5.112 5.107 5.102 5.096 5.091 5.086 5.081 5.076 5.071 5.065 5.060 5.054 5.068 5.085 5.103 5.120 5.137 5.155 5.172 5.190 5.207 5.225 5.242 5.260 5.277 5.294 5.323 5.353 5.398 5.445 5.493 5.541 5.589 5.636 5.684 5.732 5.780 5.828 5.875 5.923 5.971 6.047 6.130 6.213 6.296 6.357 6.412 6.468 6.523
5.016 5.004 4.992 4.980 4.968 4.956 4.944 4.932 4.919 4.907 4.878 4.898 4.918 4.939 4.959 4.980 5.000 5.021 5.041 5.062 5.083 5.103 5.123 5.144 5.153 5.157 5.152 5.147 5.142 5.137 5.131 5.126 5.121 5.116 5.111 5.105 5.100 5.095 5.090 5.089 5.107 5.124 5.142 5.159 5.177 5.194 5.212 5.229 5.247 5.264 5.282 5.299 5.316 5.337 5.367 5.397 5.428 5.476 5.524 5.572 5.620 5.667 5.715 5.763 5.811 5.859 5.906 5.954 6.014 6.097 6.181 6.264 6.347 6.415 6.471 6.526 6.582
5.028 5.014 4.999 4.985 4.970 4.956 4.942 4.927 4.913 4.898 4.899 4.922 4.945 4.968 4.988 5.009 5.029 5.050 5.070 5.091 5.111 5.132 5.152 5.173 5.189 5.187 5.182 5.176 5.171 5.166 5.158 5.149 5.139 5.130 5.121 5.111 5.102 5.092 5.083 5.115 5.146 5.164 5.181 5.199 5.216 5.234 5.251 5.269 5.286 5.304 5.321 5.338 5.356 5.382 5.412 5.442 5.471 5.507 5.555 5.603 5.650 5.698 5.746 5.794 5.842 5.889 5.937 5.985 6.065 6.148 6.231 6.314 6.398 6.474 6.529 6.585 6.640
5.040 5.026 5.012 4.997 4.983 4.968 4.954 4.940 4.925 4.906 4.879 4.902 4.924 4.947 4.970 4.992 5.015 5.038 5.060 5.083 5.106 5.128 5.151 5.174 5.191 5.187 5.177 5.168 5.159 5.149 5.140 5.131 5.121 5.112 5.103 5.093 5.084 5.074 5.070 5.124 5.179 5.203 5.221 5.238 5.256 5.273 5.291 5.308 5.326 5.343 5.360 5.378 5.396 5.426 5.456 5.486 5.516 5.546 5.586 5.634 5.681 5.729 5.777 5.825 5.872 5.920 5.968 6.032 6.116 6.199 6.282 6.365 6.448 6.531 6.588 6.644 6.699
5.053 5.038 5.024 5.009 4.995 4.981 4.966 4.952 4.936 4.910 4.883 4.881 4.904 4.927 4.949 4.972 4.995 5.017 5.040 5.063 5.085 5.108 5.131 5.153 5.162 5.169 5.159 5.150 5.141 5.131 5.122 5.112 5.103 5.094 5.084 5.075 5.066 5.056 5.080 5.134 5.188 5.242 5.260 5.278 5.295 5.313 5.330 5.347 5.365 5.382 5.400 5.417 5.441 5.471 5.500 5.530 5.560 5.590 5.620 5.664 5.712 5.760 5.808 5.856 5.903 5.951 6.000 6.083 6.166 6.249 6.333 6.416 6.499 6.582 6.647 6.702 6.758
5.065 5.050 5.036 5.022 5.007 4.993 4.979 4.964 4.940 4.913 4.886 4.861 4.884 4.906 4.929 4.952 4.974 4.997 5.020 5.042 5.065 5.088 5.110 5.124 5.133 5.143 5.141 5.132 5.123 5.113 5.104 5.094 5.085 5.076 5.066 5.057 5.047 5.038 5.089 5.143 5.198 5.252 5.300 5.317 5.334 5.352 5.369 5.387 5.404 5.422 5.439 5.457 5.485 5.515 5.545 5.575 5.605 5.635 5.665 5.695 5.743 5.791 5.839 5.886 5.934 5.982 6.050 6.134 6.217 6.300 6.383 6.466 6.549 6.633 6.706 6.761 6.817
5.077 5.063 5.048 5.034 5.020 5.005 4.991 4.971 4.944 4.917 4.890 4.863 4.863 4.886 4.909 4.931 4.954 4.977 4.999 5.022 5.045 5.067 5.086 5.095 5.104 5.114 5.123 5.114 5.104 5.095 5.086 5.076 5.067 5.057 5.048 5.039 5.029 5.045 5.099 5.153 5.207 5.261 5.315 5.356 5.374 5.391 5.409 5.426 5.444 5.461 5.479 5.500 5.530 5.560 5.589 5.619 5.649 5.679 5.709 5.739 5.774 5.822 5.870 5.917 5.965 6.018 6.101 6.184 6.268 6.351 6.434 6.517 6.600 6.683 6.764 6.820 6.875
5.089 5.075 5.061 5.046 5.032 5.018 5.001 4.974 4.947 4.921 4.894 4.867 4.843 4.866 4.888 4.911 4.934 4.956 4.979 5.002 5.024 5.047 5.057 5.066 5.076 5.085 5.095 5.096 5.086 5.077 5.067 5.058 5.049 5.039 5.030 5.021 5.011 5.054 5.108 5.163 5.217 5.271 5.325 5.379 5.413 5.431 5.448 5.466 5.483 5.501 5.518 5.544 5.574 5.604 5.634 5.664 5.694 5.724 5.754 5.783 5.813 5.853 5.901 5.948 5.996 6.069 6.152 6.235 6.318 6.401 6.484 6.568 6.651 6.734 6.817 6.879 6.934
5.102 5.087 5.073 5.059 5.044 5.030 5.005 4.978 4.951 4.924 4.897 4.870 4.844 4.845 4.868 4.891 4.913 4.936 4.959 4.981 5.004 5.018 5.028 5.037 5.047 5.056 5.066 5.075 5.068 5.059 5.049 5.040 5.031 5.021 5.012 5.002 5.010 5.064 5.118 5.172 5.226 5.280 5.335 5.389 5.443 5.470 5.488 5.505 5.523 5.540 5.559 5.589 5.619 5.648 5.678 5.708 5.738 5.768 5.798 5.828 5.858 5.888 5.931 5.979 6.036 6.119 6.203 6.286 6.369 6.452 6.535 6.618 6.701 6.785 6.868 6.937 6.993
5.114 5.100 5.085 5.071 5.057 5.035 5.008 4.982 4.955 4.928 4.901 4.874 4.847 4.825 4.847 4.870 4.893 4.916 4.938 4.961 4.980 4.989 4.999 5.008 5.018 5.027 5.037 5.046 5.050 5.041 5.031 5.022 5.012 5.003 4.994 4.984 5.019 5.073 5.128 5.182 5.236 5.290 5.344 5.398 5.452 5.506 5.527 5.545 5.562 5.580 5.603 5.633 5.663 5.693 5.723 5.753 5.783 5.813 5.842 5.872 5.902 5.932 5.962 6.010 6.087 6.170 6.253 6.336 6.419 6.503 6.586 6.669 6.752 6.835 6.918 7.000 7.076
5.126 5.112 5.098 5.083 5.066 5.039 5.012 4.985 4.958 4.931 4.905 4.878 4.851 4.824 4.827 4.850 4.873 4.895 4.918 4.940 4.951 4.960 4.970 4.979 4.989 4.998 5.008 5.017 5.027 5.023 5.013 5.004 4.994 4.985 4.975 4.975 5.029 5.083 5.137 5.191 5.245 5.300 5.354 5.408 5.462 5.516 5.567 5.584 5.602 5.619 5.648 5.677 5.707 5.737 5.767 5.797 5.827 5.857 5.887 5.917 5.947 5.977 6.006 6.055 6.139 6.222 6.306 6.389 6.473 6.556 6.640 6.723 6.807 6.890 6.974 7.067 7.169
5.139 5.124 5.110 5.096 5.069 5.043 5.016 4.989 4.962 4.935 4.908 4.881 4.855 4.828 4.807 4.829 4.852 4.875 4.897 4.912 4.922 4.931 4.941 4.950 4.960 4.969 4.979 4.988 4.998 5.004 4.995 4.986 4.976 4.967 4.957 4.984 5.038 5.093 5.147 5.201 5.255 5.309 5.363 5.417 5.471 5.526 5.580 5.624 5.641 5.662 5.692 5.722 5.752 5.782 5.811 5.842 5.871 5.901 5.930 5.959 5.988 6.017 6.046 6.113 6.194 6.278 6.362 6.445 6.529 6.612 6.696 6.779 6.863 6.946 7.030 7.129 7.232
5.152 5.137 5.122 5.100 5.073 5.046 5.019 4.993 4.966 4.939 4.912 4.885 4.858 4.832 4.805 4.809 4.832 4.854 4.874 4.884 4.893 4.902 4.912 4.922 4.931 4.940 4.950 4.959 4.969 4.978 4.977 4.967 4.958 4.949 4.940 4.994 5.048 5.102 5.156 5.210 5.265 5.319 5.373 5.427 5.481 5.535 5.589 5.643 5.680 5.706 5.736 5.766 5.796 5.825 5.854 5.883 5.912 5.941 5.970 5.999 6.028 6.057 6.093 6.172 6.252 6.334 6.418 6.501 6.585 6.668 6.752 6.835 6.919 7.002 7.089 7.191 7.294
5.174 5.149 5.130 5.104 5.077 5.050 5.023 4.996 4.969 4.942 4.916 4.889 4.862 4.835 4.808 4.789 4.811 4.834 4.845 4.855 4.864 4.874 4.883 4.893 4.902 4.912 4.921 4.930 4.940 4.949 4.959 4.949 4.940 4.931 4.949 5.003 5.058 5.112 5.166 5.220 5.274 5.328 5.382 5.437 5.491 5.545 5.599 5.655 5.713 5.748 5.777 5.806 5.835 5.864 5.893 5.922 5.951 5.980 6.009 6.038 6.067 6.096 6.152 6.231 6.311 6.390 6.473 6.557 6.641 6.724 6.808 6.891 6.975 7.058 7.151 7.253 7.356
5.195 5.161 5.134 5.107 5.080 5.054 5.027 5.000 4.973 4.946 4.919 4.892 4.866 4.839 4.812 4.785 4.791 4.807 4.816 4.826 4.835 4.845 4.854 4.864 4.873 4.883 4.892 4.902 4.911 4.920 4.930 4.931 4.922 4.912 4.959 5.013 5.067 5.121 5.175 5.229 5.284 5.338 5.392 5.449 5.508 5.567 5.626 5.685 5.739 5.784 5.817 5.846 5.875 5.904 5.933 5.962 5.991 6.020 6.049 6.078 6.107 6.136 6.211 6.290 6.370 6.449 6.529 6.613 6.696 6.780 6.863 6.947 7.031 7.114 7.213 7.315 7.418
5.194 5.169 5.144 5.117 5.090 5.062 5.035 5.008 4.980 4.953 4.926 4.898 4.871 4.844 4.816 4.789 4.768 4.778 4.787 4.797 4.806 4.816 4.825 4.835 4.844 4.854 4.863 4.873 4.882 4.892 4.901 4.910 4.904 4.914 4.968 5.022 5.077 5.131 5.185 5.242 5.301 5.361 5.420 5.479 5.538 5.597 5.656 5.715 5.764 5.810 5.855 5.885 5.914 5.943 5.972 6.001 6.030 6.059 6.088 6.117 6.146 6.190 6.270 6.349 6.429 6.508 6.588 6.669 6.752 6.836 6.919 7.003 7.087 7.173 7.275 7.377 7.480
5.198 5.177 5.155 5.128 5.101 5.073 5.046 5.018 4.991 4.964 4.937 4.909 4.882 4.855 4.827 4.800 4.786 4.788 4.793 4.798 4.804 4.809 4.814 4.820 4.825 4.830 4.836 4.844 4.853 4.862 4.872 4.881 4.885 4.924 4.978 5.036 5.095 5.154 5.213 5.272 5.331 5.391 5.450 5.509 5.568 5.627 5.686 5.745 5.790 5.835 5.880 5.925 5.954 5.983 6.012 6.041 6.070 6.099 6.128 6.157 6.186 6.249 6.329 6.408 6.488 6.567 6.647 6.726 6.808 6.892 6.976 7.059 7.143 7.235 7.337 7.439 7.542
5.206 5.185 5.164 5.139 5.111 5.084 5.057 5.029 5.002 4.975 4.947 4.920 4.893 4.865 4.838 4.820 4.809 4.802 4.808 4.813 4.819 4.824 4.829 4.835 4.840 4.845 4.851 4.856 4.861 4.866 4.872 4.877 4.885 4.948 5.007 5.066 5.125 5.184 5.243 5.302 5.362 5.421 5.480 5.539 5.598 5.657 5.716 5.770 5.816 5.861 5.906 5.951 5.993 6.022 6.051 6.080 6.109 6.138 6.167 6.196 6.229 6.308 6.388 6.467 6.547 6.626 6.706 6.785 6.865 6.948 7.031 7.115 7.199 7.297 7.399 7.502 7.604
5.214 5.193 5.171 5.150 5.122 5.095 5.068 5.040 5.013 4.986 4.958 4.931 4.904 4.876 4.854 4.842 4.830 4.819 4.823 4.828 4.833 4.839 4.844 4.849 4.855 4.860 4.865 4.871 4.876 4.881 4.887 4.894 4.905 4.970 5.037 5.096 5.155 5.214 5.273 5.332 5.392 5.451 5.510 5.569 5.628 5.687 5.746 5.796 5.841 5.886 5.931 5.977 6.022 6.062 6.091 6.120 6.149 6.177 6.206 6.235 6.288 6.367 6.447 6.526 6.606 6.685 6.765 6.844 6.924 7.004 7.087 7.171 7.257 7.359 7.461 7.564 7.666
5.222 5.200 5.179 5.158 5.133 5.106 5.078 5.051 5.024 4.996 4.969 4.942 4.914 4.887 4.876 4.864 4.853 4.841 4.838 4.843 4.848 4.854 4.859 4.864 4.870 4.875 4.880 4.886 4.891 4.896 4.903 4.914 4.925 4.988 5.057 5.126 5.185 5.244 5.303 5.362 5.422 5.481 5.540 5.599 5.658 5.717 5.776 5.822 5.867 5.912 5.957 6.002 6.047 6.092 6.130 6.159 6.188 6.217 6.246 6.275 6.347 6.426 6.506 6.585 6.665 6.744 6.824 6.903 6.983 7.063 7.143 7.227 7.319 7.421 7.523 7.626 7.728
5.229 5.208 5.187 5.166 5.144 5.117 5.089 5.062 5.035 5.007 4.980 4.953 4.925 4.909 4.898 4.886 4.875 4.863 4.852 4.858 4.863 4.869 4.874 4.879 4.884 4.890 4.895 4.900 4.906 4.912 4.923 4.934 4.945 5.006 5.075 5.145 5.214 5.274 5.333 5.392 5.452 5.511 5.570 5.629 5.688 5.747 5.802 5.847 5.892 5.937 5.983 6.028 6.073 6.118 6.163 6.199 6.228 6.256 6.285 6.326 6.406 6.485 6.565 6.644 6.724 6.803 6.883 6.962 7.042 7.122 7.201 7.283 7.381 7.483 7.594 7.706 7.818
5.237 5.216 5.195 5.174 5.153 5.127 5.100 5.073 5.045 5.018 4.991 4.964 4.943 4.931 4.920 4.908 4.896 4.885 4.873 4.873 4.878 4.883 4.889 4.894 4.899 4.905 4.910 4.915 4.921 4.932 4.943 4.954 4.965 5.023 5.093 5.162 5.232 5.302 5.363 5.422 5.482 5.541 5.600 5.659 5.718 5.777 5.827 5.873 5.918 5.963 6.008 6.053 6.098 6.143 6.189 6.234 6.267 6.296 6.325 6.385 6.465 6.544 6.624 6.703 6.783 6.862 6.942 7.022 7.101 7.181 7.265 7.353 7.464 7.576 7.688 7.800 7.913
5.245 5.224 5.203 5.182 5.161 5.138 5.111 5.084 5.056 5.029 5.002 4.976 4.965 4.953 4.942 4.930 4.919 4.907 4.895 4.888 4.893 4.898 4.904 4.909 4.914 4.919 4.925 4.931 4.942 4.952 4.964 4.975 4.986 5.041 5.111 5.180 5.250 5.319 5.389 5.452 5.512 5.571 5.630 5.689 5.748 5.807 5.853 5.898 5.943 5.988 6.034 6.079 6.124 6.169 6.214 6.259 6.304 6.335 6.365 6.444 6.524 6.603 6.683 6.762 6.842 6.925 7.011 7.097 7.183 7.269 7.356 7.451 7.559 7.670 7.782 7.895 8.007
5.253 5.232 5.211 5.190 5.169 5.147 5.122 5.094 5.067 5.040 5.013 4.999 4.987 4.975 4.964 4.952 4.941 4.929 4.917 4.906 4.908 4.913 4.918 4.924 4.929 4.934 4.940 4.951 4.962 4.973 4.984 4.995 5.006 5.059 5.128 5.198 5.267 5.337 5.407 5.476 5.541 5.601 5.660 5.719 5.778 5.833 5.879 5.924 5.969 6.014 6.059 6.104 6.149 6.194 6.240 6.285 6.330 6.375 6.424 6.503 6.585 6.671 6.757 6.843 6.929 7.016 7.102 7.188 7.274 7.361 7.447 7.549 7.657 7.765 7.876 7.989 8.101
5.261 5.240 5.219 5.197 5.176 5.155 5.133 5.105 5.078 5.051 5.032 5.021 5.009 4.997 4.986 4.974 4.963 4.951 4.939 4.928 4.923 4.928 4.933 4.939 4.944 4.949 4.960 4.971 4.982 4.993 5.004 5.015 5.026 5.077 5.146 5.216 5.285 5.355 5.424 5.494 5.563 5.631 5.690 5.749 5.808 5.859 5.904 5.949 5.994 6.040 6.085 6.130 6.175 6.220 6.265 6.310 6.360 6.410 6.503 6.590 6.676 6.762 6.848 6.934 7.021 7.107 7.193 7.279 7.366 7.452 7.540 7.648 7.756 7.864 7.972 8.083 8.195
5.269 5.248 5.227 5.205 5.184 5.163 5.142 5.116 5.089 5.066 5.054 5.042 5.031 5.019 5.008 4.996 4.985 4.973 4.961 4.950 4.938 4.943 4.948 4.953 4.959 4.969 4.980 4.991 5.002 5.013 5.024 5.035 5.046 5.094 5.164 5.233 5.303 5.372 5.442 5.512 5.581 5.651 5.720 5.779 5.838 5.885 5.930 5.975 6.020 6.065 6.110 6.158 6.209 6.259 6.309 6.359 6.409 6.467 6.577 6.681 6.767 6.853 6.939 7.026 7.112 7.198 7.284 7.370 7.457 7.543 7.638 7.746 7.854 7.962 8.070 8.178 8.289
