includes/camargue/floodfiles/results/res-0005.wdfp
ncols         906
nrows         631
xllcorner     362177.146667
yllcorner     6534725.688020
cellsize      20.000000
NODATA_value  -9999.000000
[rows 578 to 611 of 631, columns 539 to 615 of 906]
8.230 8.187 8.144 8.102 8.059 8.016 7.983 8.014 8.046 8.077 8.109 8.140 8.172 8.203 8.235 8.249 8.247 8.245 8.243 8.242 8.240 8.257 8.281 8.306 8.331 8.356 8.346 8.325 8.303 8.281 8.259 8.237 8.215 8.194 8.172 8.150 8.128 8.151 8.175 8.198 8.222 8.245 8.268 8.292 8.315 8.331 8.337 8.343 8.349 8.355 8.361 8.367 8.408 8.517 8.627 8.737 8.847 8.957 9.066 9.176 9.286 9.396 9.505 9.615 9.725 9.825 9.847 9.868 9.891 9.914 9.937 9.959 9.982 10.005 10.028 10.051 10.073
8.394 8.379 8.336 8.293 8.251 8.208 8.180 8.212 8.243 8.275 8.306 8.338 8.369 8.382 8.380 8.378 8.376 8.374 8.372 8.370 8.368 8.388 8.413 8.438 8.462 8.487 8.512 8.528 8.506 8.485 8.463 8.441 8.419 8.397 8.375 8.354 8.332 8.353 8.376 8.400 8.423 8.446 8.470 8.493 8.506 8.512 8.518 8.525 8.531 8.537 8.543 8.549 8.566 8.676 8.786 8.895 9.005 9.115 9.225 9.334 9.444 9.554 9.664 9.773 9.867 9.893 9.916 9.936 9.956 9.976 9.996 10.019 10.042 10.065 10.087 10.110 10.133
8.504 8.515 8.527 8.485 8.442 8.400 8.378 8.409 8.441 8.472 8.504 8.514 8.512 8.510 8.508 8.506 8.504 8.502 8.500 8.498 8.496 8.519 8.544 8.569 8.594 8.619 8.643 8.668 8.693 8.688 8.666 8.645 8.623 8.601 8.579 8.557 8.536 8.554 8.578 8.601 8.624 8.648 8.671 8.682 8.688 8.694 8.700 8.706 8.712 8.718 8.724 8.731 8.737 8.834 8.944 9.053 9.163 9.273 9.383 9.493 9.602 9.712 9.822 9.910 9.935 9.961 9.985 10.005 10.025 10.045 10.064 10.084 10.104 10.124 10.147 10.170 10.193
8.614 8.626 8.637 8.648 8.634 8.591 8.575 8.606 8.638 8.646 8.644 8.642 8.640 8.638 8.636 8.634 8.632 8.630 8.629 8.627 8.626 8.651 8.676 8.700 8.725 8.750 8.775 8.800 8.825 8.849 8.870 8.848 8.827 8.805 8.783 8.761 8.739 8.755 8.779 8.802 8.826 8.849 8.857 8.863 8.870 8.876 8.882 8.888 8.894 8.900 8.906 8.912 8.918 8.992 9.102 9.212 9.321 9.431 9.541 9.651 9.761 9.870 9.952 9.977 10.003 10.028 10.054 10.074 10.094 10.114 10.133 10.153 10.173 10.193 10.213 10.232 10.252
8.725 8.736 8.747 8.759 8.770 8.781 8.772 8.778 8.776 8.774 8.773 8.771 8.769 8.767 8.765 8.763 8.761 8.759 8.757 8.755 8.757 8.782 8.807 8.832 8.857 8.882 8.906 8.931 8.956 8.981 9.006 9.030 9.030 9.009 8.987 8.965 8.943 8.957 8.980 9.004 9.027 9.033 9.039 9.045 9.051 9.057 9.063 9.069 9.076 9.082 9.088 9.094 9.100 9.150 9.260 9.370 9.480 9.589 9.699 9.809 9.919 9.994 10.020 10.045 10.070 10.096 10.121 10.143 10.163 10.182 10.202 10.222 10.242 10.262 10.281 10.301 10.321
8.835 8.847 8.858 8.869 8.880 8.862 8.881 8.907 8.905 8.903 8.901 8.899 8.897 8.895 8.893 8.891 8.889 8.887 8.885 8.883 8.889 8.914 8.938 8.963 8.988 9.013 9.038 9.063 9.088 9.112 9.137 9.162 9.187 9.212 9.190 9.169 9.147 9.158 9.182 9.202 9.208 9.215 9.221 9.227 9.233 9.239 9.245 9.251 9.257 9.263 9.269 9.275 9.282 9.308 9.418 9.528 9.638 9.748 9.857 9.967 10.036 10.062 10.087 10.113 10.138 10.164 10.189 10.212 10.232 10.251 10.271 10.291 10.311 10.331 10.350 10.370 10.390
8.946 8.957 8.968 8.945 8.922 8.900 8.929 8.985 9.033 9.031 9.029 9.027 9.025 9.023 9.021 9.019 9.017 9.015 9.014 9.012 9.020 9.045 9.070 9.095 9.120 9.144 9.169 9.194 9.219 9.244 9.268 9.293 9.318 9.343 9.368 9.372 9.350 9.359 9.378 9.384 9.390 9.396 9.402 9.408 9.414 9.420 9.427 9.433 9.439 9.445 9.451 9.457 9.463 9.469 9.576 9.686 9.796 9.906 10.016 10.079 10.104 10.130 10.155 10.180 10.206 10.231 10.257 10.281 10.301 10.320 10.340 10.360 10.380 10.400 10.419 10.439 10.459
9.051 9.028 9.006 8.983 8.960 8.938 8.977 9.032 9.088 9.144 9.157 9.155 9.154 9.152 9.150 9.148 9.146 9.144 9.142 9.140 9.152 9.176 9.201 9.226 9.251 9.276 9.301 9.325 9.350 9.375 9.400 9.425 9.450 9.474 9.499 9.524 9.549 9.554 9.560 9.566 9.572 9.578 9.584 9.590 9.596 9.602 9.608 9.614 9.620 9.626 9.633 9.639 9.645 9.651 9.735 9.845 9.954 10.064 10.121 10.146 10.172 10.197 10.223 10.248 10.274 10.299 10.325 10.350 10.369 10.389 10.409 10.429 10.449 10.468 10.488 10.508 10.528
9.089 9.066 9.044 9.021 8.998 8.976 9.024 9.080 9.136 9.191 9.247 9.284 9.282 9.280 9.278 9.276 9.274 9.272 9.270 9.268 9.283 9.308 9.333 9.357 9.382 9.407 9.432 9.457 9.482 9.506 9.531 9.556 9.581 9.606 9.631 9.604 9.568 9.659 9.683 9.707 9.731 9.755 9.765 9.772 9.778 9.784 9.790 9.796 9.802 9.808 9.814 9.820 9.826 9.832 9.893 10.003 10.113 10.163 10.189 10.214 10.239 10.265 10.290 10.316 10.341 10.367 10.392 10.418 10.438 10.458 10.478 10.498 10.518 10.537 10.557 10.577 10.568
9.127 9.104 9.082 9.059 9.036 9.016 9.072 9.128 9.183 9.239 9.295 9.350 9.406 9.408 9.406 9.404 9.402 9.400 9.399 9.397 9.414 9.439 9.464 9.489 9.514 9.539 9.563 9.588 9.613 9.638 9.663 9.688 9.680 9.644 9.608 9.572 9.575 9.693 9.760 9.784 9.808 9.832 9.856 9.880 9.904 9.928 9.952 9.976 9.984 9.990 9.996 10.002 10.008 10.014 10.051 10.161 10.205 10.231 10.256 10.282 10.307 10.333 10.358 10.384 10.409 10.434 10.460 10.485 10.507 10.527 10.547 10.567 10.587 10.606 10.623 10.614 10.606
9.165 9.142 9.120 9.097 9.074 9.064 9.120 9.175 9.231 9.287 9.342 9.398 9.454 9.509 9.535 9.533 9.531 9.529 9.527 9.525 9.546 9.571 9.596 9.620 9.645 9.670 9.695 9.720 9.745 9.756 9.720 9.684 9.648 9.612 9.576 9.540 9.596 9.714 9.833 9.860 9.884 9.908 9.932 9.956 9.980 10.004 10.028 10.052 10.076 10.100 10.124 10.148 10.172 10.196 10.209 10.247 10.273 10.298 10.324 10.349 10.375 10.400 10.426 10.451 10.477 10.502 10.528 10.553 10.576 10.596 10.616 10.636 10.655 10.668 10.660 10.651 10.643
9.203 9.180 9.158 9.135 9.112 9.112 9.167 9.223 9.279 9.334 9.390 9.446 9.501 9.557 9.613 9.661 9.659 9.657 9.655 9.653 9.677 9.702 9.727 9.752 9.777 9.801 9.826 9.796 9.760 9.724 9.688 9.652 9.616 9.580 9.544 9.508 9.617 9.736 9.854 9.937 9.961 9.985 10.009 10.033 10.057 10.081 10.105 10.129 10.153 10.177 10.201 10.225 10.249 10.273 10.295 10.319 10.343 10.367 10.392 10.417 10.443 10.468 10.494 10.519 10.545 10.570 10.595 10.621 10.645 10.665 10.685 10.705 10.714 10.706 10.697 10.689 10.680
9.241 9.218 9.196 9.173 9.150 9.159 9.215 9.271 9.326 9.382 9.438 9.493 9.549 9.605 9.660 9.716 9.772 9.785 9.784 9.784 9.809 9.834 9.858 9.883 9.872 9.836 9.800 9.764 9.728 9.692 9.656 9.620 9.584 9.548 9.512 9.521 9.639 9.757 9.875 9.993 10.037 10.061 10.085 10.109 10.133 10.157 10.181 10.205 10.229 10.253 10.277 10.301 10.325 10.348 10.370 10.392 10.416 10.440 10.464 10.488 10.512 10.536 10.561 10.587 10.612 10.638 10.663 10.689 10.714 10.734 10.754 10.760 10.752 10.743 10.735 10.726 10.718
9.279 9.256 9.234 9.211 9.188 9.207 9.263 9.318 9.374 9.430 9.485 9.541 9.597 9.652 9.708 9.764 9.820 9.875 9.912 9.915 9.940 9.948 9.912 9.876 9.840 9.804 9.768 9.732 9.696 9.660 9.624 9.588 9.552 9.516 9.480 9.542 9.660 9.778 9.896 10.015 10.114 10.138 10.162 10.186 10.210 10.234 10.258 10.282 10.306 10.330 10.354 10.378 10.401 10.423 10.444 10.466 10.490 10.514 10.538 10.562 10.586 10.610 10.634 10.658 10.681 10.705 10.731 10.756 10.782 10.803 10.806 10.797 10.789 10.781 10.772 10.764 10.755
9.317 9.294 9.272 9.249 9.226 9.255 9.310 9.366 9.422 9.477 9.533 9.589 9.644 9.700 9.756 9.812 9.867 9.923 9.979 9.988 9.952 9.916 9.880 9.844 9.808 9.772 9.736 9.700 9.664 9.628 9.592 9.556 9.520 9.484 9.448 9.563 9.681 9.799 9.918 10.036 10.154 10.214 10.238 10.262 10.286 10.310 10.334 10.358 10.382 10.406 10.430 10.454 10.476 10.497 10.519 10.540 10.564 10.587 10.612 10.635 10.659 10.683 10.707 10.731 10.755 10.779 10.803 10.827 10.851 10.852 10.843 10.835 10.826 10.818 10.810 10.801 10.793
9.355 9.332 9.310 9.287 9.264 9.302 9.358 9.414 9.469 9.525 9.581 9.636 9.692 9.748 9.803 9.859 9.908 9.939 9.971 9.963 9.921 9.884 9.848 9.812 9.776 9.740 9.704 9.668 9.632 9.596 9.560 9.524 9.488 9.452 9.466 9.585 9.703 9.821 9.939 10.057 10.175 10.291 10.315 10.339 10.363 10.387 10.411 10.435 10.459 10.483 10.507 10.529 10.550 10.572 10.593 10.615 10.637 10.661 10.685 10.709 10.733 10.757 10.781 10.805 10.829 10.853 10.877 10.901 10.902 10.895 10.885 10.874 10.864 10.855 10.847 10.839 10.830
9.393 9.370 9.347 9.325 9.302 9.350 9.406 9.461 9.517 9.573 9.628 9.684 9.740 9.795 9.835 9.866 9.898 9.929 9.961 9.939 9.896 9.854 9.816 9.780 9.744 9.708 9.672 9.636 9.600 9.564 9.528 9.492 9.456 9.421 9.488 9.606 9.724 9.842 9.960 10.078 10.197 10.315 10.391 10.415 10.439 10.463 10.487 10.511 10.535 10.559 10.582 10.603 10.625 10.646 10.668 10.689 10.711 10.735 10.759 10.783 10.807 10.831 10.855 10.879 10.902 10.926 10.950 10.951 10.945 10.939 10.928 10.918 10.908 10.897 10.887 10.876 10.868
9.431 9.408 9.385 9.363 9.342 9.398 9.453 9.509 9.565 9.621 9.676 9.730 9.762 9.793 9.824 9.856 9.887 9.919 9.950 9.914 9.872 9.829 9.786 9.748 9.712 9.676 9.640 9.604 9.568 9.532 9.496 9.460 9.425 9.391 9.509 9.627 9.745 9.863 9.982 10.100 10.218 10.336 10.454 10.492 10.516 10.540 10.564 10.588 10.612 10.635 10.657 10.678 10.699 10.721 10.742 10.764 10.785 10.809 10.832 10.856 10.880 10.904 10.928 10.952 10.976 11.000 10.999 10.993 10.988 10.982 10.972 10.962 10.951 10.941 10.931 10.920 10.910
9.420 9.446 9.423 9.401 9.390 9.445 9.501 9.557 9.613 9.657 9.689 9.720 9.751 9.783 9.814 9.846 9.877 9.908 9.932 9.890 9.847 9.804 9.762 9.719 9.680 9.644 9.608 9.572 9.536 9.500 9.465 9.428 9.393 9.412 9.530 9.648 9.767 9.885 10.003 10.121 10.239 10.357 10.476 10.568 10.592 10.616 10.640 10.664 10.688 10.710 10.731 10.753 10.774 10.795 10.817 10.838 10.860 10.882 10.906 10.930 10.954 10.978 11.002 11.026 11.050 11.047 11.042 11.036 11.031 11.025 11.016 11.006 10.995 10.985 10.974 10.964 10.953
9.364 9.409 9.454 9.439 9.437 9.493 9.549 9.584 9.615 9.647 9.678 9.710 9.741 9.772 9.804 9.835 9.867 9.898 9.908 9.865 9.822 9.780 9.737 9.695 9.652 9.612 9.576 9.540 9.504 9.469 9.433 9.397 9.361 9.433 9.552 9.670 9.788 9.906 10.024 10.142 10.261 10.379 10.497 10.615 10.669 10.693 10.717 10.741 10.763 10.784 10.806 10.827 10.848 10.870 10.891 10.913 10.934 10.956 10.980 11.004 11.028 11.052 11.076 11.100 11.095 11.090 11.084 11.079 11.073 11.068 11.060 11.049 11.039 11.028 11.018 11.008 10.997
9.307 9.352 9.398 9.443 9.479 9.511 9.542 9.574 9.605 9.636 9.668 9.699 9.731 9.762 9.794 9.825 9.857 9.888 9.883 9.840 9.798 9.755 9.713 9.670 9.628 9.585 9.545 9.509 9.473 9.437 9.401 9.365 9.336 9.455 9.573 9.691 9.809 9.927 10.046 10.164 10.282 10.400 10.518 10.637 10.745 10.769 10.793 10.816 10.837 10.859 10.880 10.902 10.923 10.944 10.966 10.987 11.009 11.030 11.054 11.078 11.101 11.125 11.149 11.143 11.138 11.133 11.127 11.122 11.116 11.111 11.104 11.093 11.083 11.072 11.062 11.051 11.041
9.250 9.296 9.354 9.423 9.470 9.500 9.532 9.563 9.595 9.626 9.658 9.689 9.720 9.752 9.783 9.815 9.846 9.878 9.859 9.816 9.773 9.731 9.688 9.646 9.603 9.561 9.518 9.477 9.441 9.405 9.369 9.333 9.358 9.476 9.594 9.712 9.831 9.949 10.067 10.185 10.303 10.421 10.540 10.658 10.776 10.846 10.869 10.890 10.912 10.933 10.955 10.976 10.998 11.019 11.040 11.062 11.083 11.105 11.127 11.151 11.175 11.197 11.192 11.186 11.181 11.175 11.170 11.164 11.159 11.153 11.147 11.137 11.126 11.116 11.106 11.095 11.085
9.214 9.283 9.351 9.420 9.462 9.492 9.522 9.553 9.584 9.616 9.647 9.679 9.710 9.742 9.773 9.805 9.836 9.868 9.834 9.791 9.749 9.706 9.664 9.621 9.579 9.536 9.493 9.451 9.409 9.373 9.337 9.301 9.379 9.497 9.616 9.734 9.852 9.970 10.088 10.207 10.325 10.443 10.561 10.679 10.797 10.899 10.941 10.965 10.986 11.008 11.029 11.051 11.072 11.093 11.115 11.136 11.158 11.179 11.201 11.225 11.245 11.240 11.234 11.229 11.224 11.218 11.213 11.207 11.202 11.196 11.191 11.181 11.170 11.160 11.149 11.139 11.129
9.211 9.280 9.349 9.417 9.453 9.483 9.513 9.543 9.574 9.606 9.637 9.668 9.700 9.731 9.763 9.794 9.826 9.852 9.809 9.767 9.724 9.682 9.639 9.597 9.554 9.511 9.469 9.426 9.384 9.342 9.305 9.282 9.400 9.519 9.637 9.755 9.873 9.991 10.110 10.214 10.317 10.421 10.524 10.627 10.731 10.812 10.862 10.902 10.942 10.983 11.023 11.063 11.104 11.144 11.184 11.211 11.232 11.254 11.275 11.294 11.288 11.283 11.277 11.272 11.266 11.261 11.255 11.250 11.244 11.239 11.233 11.224 11.214 11.204 11.193 11.183 11.172
9.209 9.277 9.346 9.414 9.444 9.475 9.505 9.535 9.565 9.595 9.627 9.658 9.690 9.721 9.753 9.784 9.815 9.827 9.785 9.742 9.700 9.657 9.615 9.572 9.529 9.487 9.444 9.402 9.360 9.317 9.274 9.304 9.422 9.526 9.629 9.733 9.836 9.939 10.042 10.146 10.249 10.352 10.455 10.559 10.662 10.724 10.779 10.823 10.863 10.903 10.944 10.984 11.024 11.065 11.105 11.145 11.186 11.226 11.260 11.291 11.331 11.325 11.320 11.314 11.309 11.304 11.298 11.293 11.287 11.282 11.276 11.268 11.258 11.247 11.237 11.226 11.188
9.206 9.275 9.343 9.406 9.436 9.466 9.496 9.526 9.556 9.586 9.616 9.648 9.679 9.711 9.742 9.774 9.805 9.803 9.760 9.718 9.675 9.633 9.590 9.548 9.505 9.462 9.420 9.377 9.335 9.284 9.228 9.258 9.354 9.457 9.560 9.664 9.767 9.870 9.973 10.077 10.180 10.283 10.386 10.490 10.582 10.636 10.691 10.744 10.784 10.824 10.865 10.905 10.945 10.985 11.026 11.066 11.106 11.143 11.148 11.170 11.218 11.266 11.313 11.357 11.352 11.346 11.341 11.335 11.330 11.324 11.319 11.312 11.301 11.291 11.281 11.232 11.158
9.204 9.272 9.341 9.397 9.427 9.458 9.488 9.518 9.548 9.578 9.608 9.638 9.669 9.701 9.732 9.764 9.795 9.778 9.736 9.693 9.651 9.608 9.566 9.523 9.480 9.438 9.390 9.334 9.278 9.222 9.166 9.224 9.290 9.388 9.492 9.595 9.698 9.801 9.905 10.008 10.111 10.214 10.318 10.421 10.494 10.549 10.603 10.658 10.705 10.745 10.785 10.826 10.866 10.906 10.947 10.987 11.025 11.030 11.035 11.050 11.098 11.145 11.193 11.241 11.288 11.336 11.384 11.378 11.373 11.367 11.362 11.356 11.345 11.335 11.275 11.202 11.128
9.201 9.270 9.338 9.389 9.419 9.449 9.479 9.509 9.539 9.569 9.599 9.629 9.659 9.690 9.722 9.753 9.785 9.754 9.711 9.669 9.626 9.584 9.541 9.495 9.439 9.383 9.327 9.271 9.215 9.159 9.125 9.191 9.257 9.323 9.423 9.526 9.629 9.733 9.836 9.939 10.042 10.146 10.249 10.352 10.406 10.461 10.516 10.570 10.625 10.666 10.706 10.747 10.787 10.827 10.867 10.908 10.913 10.917 10.922 10.930 10.977 11.025 11.073 11.120 11.168 11.216 11.263 11.311 11.358 11.406 11.404 11.399 11.389 11.319 11.245 11.172 11.098
9.198 9.267 9.335 9.380 9.411 9.441 9.471 9.501 9.531 9.561 9.591 9.621 9.651 9.681 9.712 9.743 9.772 9.729 9.687 9.644 9.600 9.544 9.488 9.432 9.376 9.320 9.265 9.209 9.153 9.097 9.091 9.157 9.223 9.290 9.356 9.457 9.561 9.664 9.767 9.871 9.974 10.077 10.180 10.264 10.319 10.373 10.428 10.483 10.537 10.587 10.627 10.667 10.708 10.748 10.788 10.795 10.800 10.805 10.810 10.814 10.857 10.905 10.952 11.000 11.047 11.095 11.143 11.190 11.238 11.286 11.333 11.373 11.363 11.289 11.215 11.141 11.068
9.196 9.264 9.333 9.372 9.402 9.432 9.462 9.492 9.522 9.552 9.582 9.612 9.643 9.673 9.703 9.733 9.747 9.705 9.650 9.594 9.538 9.482 9.426 9.370 9.314 9.258 9.202 9.146 9.090 9.034 9.058 9.124 9.190 9.256 9.323 9.389 9.492 9.595 9.698 9.802 9.905 10.008 10.111 10.177 10.231 10.286 10.340 10.395 10.450 10.504 10.548 10.588 10.628 10.669 10.678 10.683 10.687 10.692 10.697 10.702 10.736 10.784 10.832 10.879 10.927 10.975 11.022 11.070 11.118 11.165 11.187 11.180 11.171 11.161 11.152 11.111 11.038
9.193 9.262 9.330 9.363 9.394 9.424 9.454 9.484 9.514 9.544 9.574 9.604 9.634 9.664 9.694 9.712 9.697 9.643 9.587 9.531 9.475 9.419 9.363 9.307 9.251 9.196 9.140 9.084 9.028 8.972 9.024 9.090 9.157 9.223 9.289 9.355 9.423 9.527 9.630 9.733 9.836 9.939 10.034 10.089 10.143 10.198 10.253 10.307 10.362 10.417 10.469 10.509 10.549 10.561 10.565 10.570 10.575 10.579 10.584 10.589 10.616 10.664 10.711 10.759 10.807 10.854 10.902 10.950 10.997 11.001 10.994 10.987 10.979 10.969 10.959 10.949 10.940
9.190 9.259 9.325 9.355 9.385 9.415 9.445 9.475 9.505 9.535 9.565 9.595 9.624 9.633 9.641 9.650 9.625 9.577 9.525 9.469 9.413 9.357 9.301 9.245 9.189 9.133 9.077 9.021 8.965 8.925 8.991 9.057 9.123 9.190 9.256 9.322 9.388 9.458 9.561 9.664 9.767 9.871 9.947 10.001 10.056 10.110 10.165 10.220 10.274 10.329 10.383 10.430 10.443 10.448 10.453 10.457 10.462 10.467 10.472 10.476 10.496 10.543 10.591 10.639 10.686 10.734 10.782 10.821 10.814 10.808 10.801 10.794 10.786 10.776 10.766 10.757 10.747
9.188 9.256 9.316 9.346 9.376 9.407 9.437 9.467 9.497 9.527 9.546 9.554 9.562 9.571 9.579 9.588 9.553 9.505 9.457 9.406 9.350 9.294 9.238 9.182 9.126 9.070 9.015 8.959 8.903 8.891 8.958 9.024 9.090 9.156 9.222 9.289 9.355 9.421 9.492 9.595 9.699 9.802 9.859 9.914 9.968 10.023 10.077 10.132 10.187 10.241 10.304 10.342 10.330 10.335 10.340 10.345 10.349 10.354 10.359 10.364 10.375 10.423 10.470 10.518 10.566 10.613 10.635 10.628 10.622 10.615 10.608 10.601 10.593 10.584 10.574 10.564 10.554
9.185 9.254 9.308 9.338 9.368 9.398 9.428 9.458 9.467 9.475 9.484 9.492 9.500 9.509 9.517 9.526 9.481 9.433 9.385 9.337 9.288 9.232 9.176 9.120 9.064 9.008 8.952 8.896 8.840 8.858 8.924 8.990 9.057 9.123 9.189 9.255 9.322 9.388 9.454 9.527 9.630 9.717 9.771 9.826 9.881 9.935 9.996 10.058 10.121 10.183 10.245 10.277 10.261 10.246 10.230 10.232 10.237 10.241 10.246 10.251 10.256 10.302 10.350 10.398 10.445 10.449 10.442 10.435 10.429 10.422 10.415 10.408 10.401 10.391 10.381 10.371 10.362
