includes/camargue/floodfiles/results/res-0005.wdfp
ncols         906
nrows         631
xllcorner     362177.146667
yllcorner     6534725.688020
cellsize      20.000000
NODATA_value  -9999.000000
[rows 442 to 475 of 631, columns 231 to 307 of 906]
2.436 2.456 2.526 2.486 2.526 2.106 1.606 1.342 0.750 0.932 0.942 1.052 0.973 0.953 1.023 0.853 1.347 0.853 0.725 0.859 0.860 0.000 1.041 0.922 0.037 0.905 1.057 0.799 1.090 0.672 1.254 1.034 0.744 0.000 0.045 0.118 0.937 0.019 0.836 0.346 0.758 1.478 1.559 0.121 0.122 0.125 1.185 1.155 1.115 0.966 1.116 1.476 1.486 1.426 1.316 1.266 0.167 0.427 1.417 1.017 0.587 0.108 0.309 0.039 0.754 0.754 0.754 0.753 0.753 0.753 0.753 0.752 0.752 0.646 1.543 2.677 0.000
2.595 2.645 2.485 2.495 2.455 2.436 2.386 1.341 0.988 0.899 0.950 1.041 1.021 1.031 1.041 2.221 1.346 1.346 0.852 0.563 0.000 0.876 0.879 0.851 0.671 1.033 1.165 0.000 0.909 0.690 0.281 1.124 0.614 0.784 0.324 1.066 0.927 0.743 1.210 0.000 0.118 0.718 0.000 0.121 1.711 0.125 1.215 1.125 0.846 0.996 1.006 1.206 1.116 0.256 0.206 0.656 0.000 0.088 0.098 1.147 0.248 0.908 1.248 0.298 1.168 0.754 0.754 0.753 0.753 0.753 0.752 0.751 0.751 0.009 3.180 0.623 0.000
2.625 2.705 2.525 2.485 2.605 2.535 1.995 1.340 1.156 0.797 0.908 0.858 0.938 0.979 0.829 1.344 1.344 1.345 0.851 0.851 0.761 0.873 0.615 0.000 0.859 1.260 0.000 0.872 0.724 0.355 0.785 0.052 0.000 0.883 0.914 1.075 0.925 0.261 1.068 1.028 0.610 0.807 0.896 0.116 0.122 0.126 0.916 1.146 0.956 0.866 0.516 0.446 1.286 0.406 0.000 0.000 0.000 0.309 1.039 0.099 0.598 0.658 0.588 1.208 0.748 0.988 1.288 0.753 0.753 0.753 0.752 0.750 2.042 1.059 2.658 0.273 0.688
2.725 2.585 2.574 2.575 2.525 2.645 2.375 1.339 1.339 1.339 1.339 1.926 1.416 0.987 1.341 1.342 1.343 0.659 0.610 0.850 0.850 0.851 0.322 0.693 0.916 1.008 0.159 1.091 0.692 0.502 0.594 0.456 0.599 0.962 1.113 0.994 1.225 0.816 0.422 0.714 0.587 0.655 0.806 0.116 0.122 1.196 1.236 1.216 0.316 0.586 1.056 0.047 0.277 1.057 0.417 0.238 0.408 0.139 1.129 0.169 0.258 0.608 0.558 0.458 0.488 1.308 1.528 1.527 1.317 0.807 0.056 0.749 0.139 2.456 2.767 0.000 0.618
2.684 2.594 2.574 2.694 2.594 2.514 2.474 2.474 2.424 2.384 1.339 1.339 1.339 1.339 1.340 1.341 0.957 0.997 1.868 0.808 0.849 0.849 0.849 0.881 0.962 0.165 1.026 0.718 0.859 0.860 0.583 0.495 0.809 0.892 1.133 0.543 0.784 0.735 0.747 0.788 0.559 0.004 0.026 0.116 0.122 1.396 1.306 1.216 0.296 1.216 0.000 1.127 0.627 0.817 0.000 0.000 0.099 0.209 1.239 0.069 0.368 0.488 0.618 0.758 1.128 0.798 0.398 0.878 0.657 0.487 0.751 0.747 0.893 3.073 0.258 0.428 0.868
2.654 2.624 2.674 2.624 2.594 2.604 2.604 2.494 2.554 2.384 2.554 2.354 2.224 2.304 1.339 1.340 0.936 0.886 0.807 0.947 0.938 0.728 0.849 0.849 0.850 0.742 0.844 0.856 0.858 0.860 0.861 0.684 0.927 0.400 0.581 1.042 0.933 0.754 0.485 0.715 1.414 1.384 1.634 0.109 0.121 1.246 1.436 1.156 1.096 0.916 0.947 1.357 0.177 0.698 0.728 0.000 0.120 0.000 0.509 0.329 0.239 0.688 0.528 0.648 0.958 0.718 0.748 0.638 0.547 0.787 1.227 0.000 2.739 2.632 0.002 0.818 0.698
2.763 2.703 2.703 2.763 2.683 2.663 2.593 2.603 2.544 2.394 2.394 2.354 2.374 3.074 1.338 0.754 0.925 1.045 1.045 0.956 1.036 0.637 1.018 1.168 0.849 0.851 0.852 0.854 0.567 0.599 0.861 0.864 0.866 0.838 0.840 0.981 0.302 0.853 0.963 0.824 1.154 1.444 1.694 0.107 0.120 0.126 1.216 1.106 1.216 0.000 1.217 0.000 0.778 0.868 0.348 0.000 0.000 0.309 0.419 2.079 0.609 0.919 1.418 0.648 0.658 0.688 0.698 0.858 0.298 0.947 0.957 0.000 2.621 0.848 0.270 0.000 0.608
2.993 2.713 2.703 2.763 2.633 2.703 2.573 2.543 2.503 2.523 2.433 2.423 2.873 2.413 1.337 1.337 1.443 1.174 1.094 1.025 1.105 1.075 0.966 1.067 0.878 0.880 1.421 0.853 0.785 0.857 0.920 0.863 0.866 1.348 1.229 1.261 1.401 1.392 1.363 1.163 1.393 1.604 1.734 0.106 0.679 0.125 0.986 1.286 0.857 0.947 1.237 0.728 0.888 0.198 1.299 0.649 0.419 0.999 0.529 0.719 2.249 2.319 1.188 0.718 0.528 0.768 0.818 0.788 0.728 1.058 0.000 0.000 3.022 0.000 0.661 0.732 0.119
2.743 2.783 2.793 2.823 2.693 2.623 2.653 2.563 2.523 2.613 2.453 2.593 2.543 2.473 2.413 1.337 0.963 1.093 1.164 1.084 1.164 1.165 1.135 1.165 0.976 0.738 0.839 0.631 0.913 0.895 0.919 0.863 1.417 1.378 1.439 0.980 1.321 1.322 1.322 1.223 1.403 1.573 1.664 0.106 0.529 0.126 0.128 0.897 0.697 1.247 0.000 0.868 0.908 0.969 0.879 0.499 0.479 0.799 0.979 1.069 0.889 2.049 0.749 0.488 1.038 0.198 0.238 0.398 0.878 1.218 0.000 3.124 2.597 0.005 0.672 0.462 0.502
2.712 2.763 2.763 2.783 2.893 2.653 2.693 2.643 2.643 2.583 2.853 2.582 2.602 2.472 2.452 1.336 1.302 0.862 1.013 1.213 1.353 1.324 1.324 1.004 0.875 0.836 0.767 1.029 0.990 0.943 0.827 0.862 1.447 1.418 1.459 1.360 1.371 1.332 1.292 1.253 1.393 1.553 1.803 0.000 0.124 0.126 1.417 0.527 1.057 0.567 0.959 0.829 0.000 0.359 0.679 0.479 0.739 1.199 0.799 1.929 1.039 0.969 0.449 0.659 0.079 0.288 0.718 0.398 1.638 0.728 0.000 2.588 0.522 0.513 0.200 1.092 0.952
2.802 2.902 2.822 2.792 2.762 2.772 2.672 2.642 2.622 2.742 2.752 2.602 2.672 2.612 2.532 1.336 1.336 1.461 0.922 1.042 1.282 1.202 1.203 1.062 0.843 0.823 0.774 1.177 1.058 0.940 0.793 0.862 1.437 1.468 1.419 1.430 1.251 1.372 1.352 1.223 1.313 0.000 0.000 0.000 0.000 0.000 1.167 0.967 1.047 0.238 0.819 0.699 0.439 0.809 1.029 1.289 0.759 0.709 1.999 1.669 1.709 0.809 0.229 1.239 0.000 0.838 1.138 0.688 1.098 1.478 0.000 3.047 2.017 0.006 0.291 0.572 0.962
2.852 2.762 2.742 3.022 3.032 3.012 2.892 2.782 2.802 2.702 2.712 2.662 2.752 2.712 2.671 2.611 1.335 1.335 1.335 1.681 0.791 1.111 0.801 1.300 1.350 1.280 1.290 0.591 0.842 0.632 1.334 0.000 0.000 0.000 0.000 0.000 0.000 0.000 0.000 0.000 0.000 0.000 0.000 2.454 2.284 0.000 0.000 0.817 0.138 0.839 0.849 0.879 0.429 0.809 0.899 0.819 1.029 1.399 1.199 1.309 1.539 0.569 0.469 1.059 0.000 1.109 0.388 0.898 0.888 0.000 0.000 2.568 0.208 0.457 0.460 0.492 0.982
2.672 2.742 2.762 2.822 2.732 2.832 2.682 2.782 2.542 3.032 2.711 2.611 2.631 2.631 2.691 2.641 2.650 2.620 1.334 1.334 1.334 1.334 2.020 1.899 1.799 2.009 2.128 1.332 1.331 1.331 1.331 2.316 2.265 2.345 2.255 2.285 2.365 2.504 2.294 2.314 2.334 2.364 2.374 2.714 2.314 2.224 0.000 0.000 0.000 0.839 0.329 1.049 0.669 0.629 0.789 1.769 1.959 1.159 1.089 1.129 0.849 0.219 1.029 0.002 0.919 1.229 0.329 1.299 1.319 0.000 2.576 2.557 0.181 0.089 0.250 0.271 1.271
2.782 2.722 2.722 2.752 2.762 2.762 2.711 2.771 3.061 2.851 2.721 2.761 2.521 2.641 2.600 2.760 2.820 2.700 2.789 2.709 2.739 1.333 1.333 1.333 1.332 1.332 1.331 1.331 2.356 2.386 2.366 2.325 2.355 2.445 2.505 2.425 2.385 2.495 2.384 2.314 2.474 2.394 2.464 2.954 2.354 2.214 2.114 1.334 0.000 0.879 1.279 1.059 1.079 1.279 1.809 1.699 0.989 0.899 1.129 1.229 0.509 0.012 0.839 0.000 0.919 1.339 0.869 1.339 1.049 0.000 2.549 2.855 0.346 0.265 2.618 1.010 1.321
2.751 2.721 2.731 2.811 2.831 2.791 2.761 2.751 2.731 2.771 2.781 3.161 2.761 3.081 2.890 2.690 2.660 2.610 2.589 2.699 2.639 2.828 2.728 3.108 2.728 2.657 2.657 2.446 2.376 2.476 2.376 2.375 2.565 2.625 2.405 2.605 2.394 2.464 2.474 2.374 2.414 2.444 2.574 2.664 2.384 2.234 2.044 2.084 0.000 0.139 0.349 0.379 0.389 0.679 1.079 1.279 1.069 1.139 1.379 1.539 0.379 0.759 1.479 0.559 1.089 0.459 1.329 1.409 0.000 0.000 2.542 2.953 2.684 1.655 0.391 0.539 1.051
2.861 2.781 2.761 2.861 2.751 2.781 2.751 2.701 2.871 3.151 2.991 2.800 2.710 2.920 2.730 2.640 2.749 2.639 2.689 2.729 2.599 2.588 2.688 2.488 2.477 2.557 2.497 2.506 2.476 2.456 2.515 2.435 2.475 2.405 2.515 2.625 2.515 2.405 2.394 2.515 2.545 2.494 2.524 2.874 2.574 2.364 2.324 1.574 0.000 0.160 1.089 1.029 1.309 2.089 1.209 1.099 2.139 0.779 1.039 0.909 0.789 1.049 0.879 0.939 1.299 0.529 1.499 1.049 0.000 2.370 2.961 2.311 0.423 0.241 0.610 0.000 1.261
2.711 2.781 2.891 2.701 2.821 2.831 2.751 2.791 2.680 2.860 2.760 2.800 2.840 2.820 3.120 2.847 3.169 2.649 2.579 2.639 2.668 2.547 2.468 2.457 2.387 2.417 2.376 2.496 2.556 2.496 2.486 2.415 2.465 2.475 2.695 2.455 2.465 2.495 2.545 2.675 2.594 2.484 2.564 2.904 2.424 2.374 2.174 1.164 0.000 0.060 1.839 0.549 0.719 1.289 1.219 0.939 1.309 0.629 0.619 0.859 1.229 0.669 1.019 1.479 0.659 1.159 1.309 0.000 0.000 1.709 3.079 3.160 0.402 0.052 0.249 0.461 1.111
2.781 2.841 2.811 2.971 2.881 2.971 2.811 2.700 2.940 2.930 2.820 2.790 2.810 2.750 2.880 2.759 2.859 2.879 2.899 3.088 2.711 2.662 2.614 2.647 2.547 2.577 2.396 2.546 2.516 2.505 2.395 2.355 2.445 2.475 2.715 2.625 2.625 2.535 2.555 2.605 2.624 2.465 2.524 2.424 2.584 2.584 2.034 1.374 0.000 0.000 0.000 0.000 0.000 1.809 1.009 0.819 1.239 0.919 0.909 1.249 1.339 1.369 1.359 1.059 0.639 0.989 0.000 0.000 0.463 3.036 3.196 0.000 0.000 0.000 1.461 0.951 0.000
2.860 2.840 3.020 2.870 2.910 2.870 2.960 2.700 2.780 2.820 2.820 2.830 2.830 2.799 2.769 2.699 2.759 2.779 2.788 2.788 2.638 2.638 2.727 2.687 2.847 2.583 2.756 2.526 2.456 2.445 2.405 2.575 2.575 2.805 2.495 2.585 2.645 2.515 2.505 2.655 2.604 2.504 3.064 2.544 2.454 2.534 2.034 2.014 1.754 1.934 2.174 1.844 0.000 0.000 0.849 0.769 1.109 1.369 1.199 1.219 1.259 1.319 0.729 1.299 1.439 0.000 0.000 0.755 0.609 2.509 3.104 0.000 0.000 0.000 0.201 0.961 0.781
3.030 2.910 2.890 2.870 2.770 2.890 2.880 2.890 2.800 2.950 2.800 2.750 2.719 2.839 2.809 2.649 2.779 2.789 2.708 2.708 2.748 2.898 2.697 2.677 2.657 2.537 2.651 2.556 2.456 2.535 2.505 2.495 2.685 2.595 2.565 2.585 2.575 2.555 2.595 2.695 2.545 2.615 2.464 2.494 2.634 2.574 2.544 2.534 2.504 2.584 2.334 2.294 2.225 0.000 0.000 0.000 0.959 1.189 1.349 1.309 0.949 1.019 0.969 1.179 0.000 0.000 0.857 0.652 1.477 2.500 3.183 0.000 0.000 0.721 1.081 0.611 0.831
3.100 2.970 3.010 3.000 2.890 2.880 2.890 2.900 2.840 2.720 2.869 2.789 2.729 2.769 2.659 2.679 2.699 2.668 2.628 2.728 2.808 2.668 2.717 2.787 2.737 2.706 2.706 2.718 2.636 2.625 2.465 2.495 2.665 2.515 2.665 2.595 2.585 2.595 2.725 2.685 3.065 2.775 2.604 2.804 2.754 2.764 2.684 2.604 2.504 2.484 2.484 2.544 2.474 2.894 1.704 0.000 0.000 1.289 1.279 0.000 0.000 0.000 0.000 0.000 0.000 1.222 1.475 1.798 2.486 2.491 0.000 0.000 0.000 0.000 0.541 0.161 0.151
3.069 2.960 2.960 2.990 2.890 2.840 2.630 2.869 2.949 2.919 2.869 2.859 2.739 2.829 2.869 2.689 2.918 2.658 2.648 2.718 2.618 2.637 2.747 2.557 2.747 2.596 2.846 2.786 2.756 2.565 2.635 2.565 2.595 2.585 2.635 2.715 2.615 2.645 2.585 2.615 2.705 2.625 2.575 2.714 2.574 2.695 2.714 2.664 2.464 2.614 2.684 2.434 2.494 2.085 2.095 2.085 0.000 0.000 0.000 0.000 0.535 0.000 0.000 0.857 1.588 2.190 2.822 2.474 2.477 0.000 0.000 0.168 0.368 0.031 0.161 0.000 0.000
2.819 3.009 3.000 2.909 2.909 2.739 2.729 2.709 2.849 2.989 2.849 2.949 2.879 2.999 2.829 2.839 2.758 2.568 2.728 2.668 2.667 2.647 2.637 2.707 2.677 2.786 2.666 2.636 2.835 2.853 2.695 2.645 2.595 2.605 2.685 2.615 2.675 2.605 2.575 2.914 2.835 2.735 2.805 2.615 2.704 2.784 2.684 2.604 2.524 2.484 2.654 2.944 2.614 1.695 1.865 1.545 1.565 1.166 0.365 0.925 1.045 0.635 2.906 1.897 3.027 2.458 2.459 0.000 0.000 0.000 0.000 0.000 1.068 0.000 0.000 0.651 0.091
2.849 2.849 2.829 2.899 2.929 2.959 2.949 2.929 2.859 2.989 2.919 2.939 2.659 2.849 2.828 2.728 2.808 2.708 2.728 2.658 2.617 2.687 2.857 2.667 2.826 2.656 2.746 2.766 2.785 2.755 2.920 2.765 2.595 2.695 2.755 2.715 2.585 2.705 2.675 2.845 2.635 2.745 2.655 2.585 2.505 2.625 2.635 2.644 2.544 2.644 2.564 2.575 2.594 2.965 1.785 1.595 1.605 1.325 0.735 0.038 1.165 2.036 3.104 2.903 2.702 2.501 2.452 0.000 0.000 0.079 0.018 0.025 0.668 0.828 0.000 0.000 0.411
2.889 2.859 2.879 3.079 2.999 2.979 3.019 3.058 3.039 2.899 2.869 2.919 2.869 2.799 2.839 2.778 2.838 2.648 2.748 2.708 2.817 2.797 2.807 2.807 2.786 2.756 2.716 2.806 2.625 2.845 2.755 2.885 2.665 2.775 2.745 2.775 2.665 2.595 2.725 2.745 2.725 2.615 2.645 2.675 2.785 2.565 2.585 2.564 2.604 2.604 2.544 2.515 2.584 2.585 3.075 1.675 1.525 1.275 1.345 2.135 3.145 3.733 3.532 3.331 3.130 2.929 2.727 2.526 0.000 0.000 0.513 0.000 1.178 0.000 0.000 0.000 0.000
2.969 2.909 2.959 3.129 2.769 3.018 2.908 3.008 2.888 2.788 2.948 2.978 2.818 2.788 2.638 2.858 2.848 2.638 2.858 2.797 2.827 2.857 2.747 2.496 2.866 2.736 2.796 2.735 2.785 2.755 2.725 2.715 3.118 2.735 2.725 2.825 2.865 2.775 3.055 2.735 2.745 2.645 2.575 2.615 2.575 2.695 2.595 2.604 2.714 2.624 2.564 2.425 2.585 2.554 2.555 2.965 2.385 2.795 4.070 4.164 4.259 4.161 3.960 3.096 2.216 1.877 0.997 0.000 0.001 0.000 0.083 0.000 0.000 0.000 0.000 0.000 0.000
2.918 3.008 2.948 3.128 2.928 2.958 3.048 2.838 2.958 2.828 3.038 3.008 2.998 2.948 2.798 2.678 2.648 2.828 2.637 2.847 2.947 2.807 2.677 2.736 2.846 2.726 2.846 2.795 2.845 2.805 2.925 2.845 2.695 2.755 2.865 2.685 2.895 3.005 3.096 2.815 2.705 2.625 2.725 2.755 2.754 2.684 2.675 2.655 2.504 2.604 2.634 2.214 2.644 2.604 2.595 2.595 3.927 4.022 4.117 4.211 4.306 4.373 2.346 2.136 1.416 0.696 0.000 0.000 0.000 0.000 0.103 0.000 0.000 0.000 0.000 0.000 0.000
2.948 2.908 3.078 2.948 3.088 3.048 3.028 3.018 3.008 2.918 3.008 2.968 2.838 2.808 2.858 2.958 2.867 2.857 2.907 2.977 2.817 2.887 2.936 2.736 2.666 2.686 2.855 2.715 2.785 2.725 2.855 2.835 2.875 2.985 2.835 2.914 2.844 2.794 2.885 2.714 2.785 2.704 2.714 2.684 2.834 2.675 2.764 2.734 2.234 2.284 2.714 2.474 3.597 3.691 3.785 3.880 3.974 4.069 4.163 2.625 2.365 2.166 1.836 1.706 1.026 0.010 0.026 1.314 0.000 0.000 0.000 0.000 0.000 0.000 0.000 0.000 0.000
3.018 3.018 2.968 3.018 2.978 2.948 3.350 3.355 3.138 2.968 2.998 3.038 2.948 2.808 2.988 2.937 2.977 3.077 2.887 3.037 2.866 2.916 2.956 2.686 2.846 2.996 2.965 2.815 2.775 2.785 2.785 2.895 2.875 2.955 2.795 2.874 2.854 2.844 3.180 2.954 2.754 2.695 2.755 2.814 2.704 2.825 2.944 2.685 2.664 3.094 3.454 3.549 3.643 3.738 3.832 3.075 3.155 2.585 2.575 2.305 2.146 2.166 1.936 1.726 0.010 0.022 1.314 1.574 1.244 0.044 0.000 0.000 0.000 0.000 0.000 0.000 0.000
3.417 2.897 3.007 3.389 2.948 2.968 3.379 3.386 3.390 2.917 3.007 2.987 3.057 2.897 2.947 3.167 3.422 2.927 2.897 2.977 3.076 2.926 2.956 3.026 3.046 2.805 2.955 2.905 2.785 2.885 2.825 2.845 3.004 2.954 3.024 3.262 2.964 3.235 2.904 2.974 2.764 2.824 2.774 2.864 2.784 2.904 3.124 3.218 3.313 3.407 3.501 3.596 3.690 2.985 2.855 2.585 2.545 2.605 2.515 2.385 2.336 2.396 2.096 0.000 0.026 0.924 1.494 1.414 0.844 0.000 0.000 0.000 0.000 0.000 0.000 0.000 0.000
3.440 3.077 3.107 3.137 3.097 3.077 3.391 3.127 3.107 3.027 2.907 3.047 3.097 2.917 3.077 3.057 3.057 3.027 3.097 3.096 3.056 3.006 2.926 2.906 2.705 2.835 2.955 2.935 2.845 2.995 2.904 2.964 3.344 3.331 3.317 2.944 2.964 2.974 3.004 3.004 2.824 2.874 2.824 2.914 3.188 3.175 3.171 3.265 3.359 3.454 3.024 3.124 2.764 2.694 2.794 2.645 2.665 2.545 2.575 2.525 2.425 1.996 0.986 0.000 0.154 1.284 1.324 1.114 0.284 0.000 0.000 0.000 0.000 0.000 0.000 0.000 0.000
3.464 3.117 3.157 3.017 3.147 3.007 3.057 3.027 3.107 3.127 3.097 3.464 3.087 2.927 3.137 3.107 3.047 3.117 3.096 3.126 3.046 2.956 2.946 2.996 2.965 2.815 3.015 2.945 2.925 2.934 2.854 2.944 3.386 3.373 3.154 2.934 3.054 2.974 2.914 2.944 2.854 2.914 2.984 3.243 3.230 3.217 3.114 2.994 3.024 2.904 2.834 2.904 2.744 2.644 2.674 2.755 2.645 2.455 2.445 2.496 2.366 2.246 1.466 0.000 0.624 0.064 1.044 0.664 0.000 0.000 0.000 0.000 0.000 0.000 0.000 0.000 0.000
3.137 3.478 3.462 3.066 3.067 3.097 3.017 3.117 3.087 3.107 2.917 3.057 3.117 3.097 3.087 3.097 3.516 3.076 3.056 3.146 3.106 3.016 3.085 2.835 3.075 2.985 3.005 3.105 3.004 2.944 3.014 3.054 3.074 3.416 3.403 3.390 3.074 3.054 3.004 2.914 2.904 2.844 3.298 3.285 3.272 3.259 2.654 2.934 3.004 2.964 2.804 2.924 2.884 2.904 2.754 2.624 2.545 2.525 2.335 2.396 2.356 2.216 1.606 0.000 0.574 0.664 0.000 0.000 0.000 0.000 0.000 0.000 0.000 0.000 0.000 0.000 0.000
3.086 3.026 3.036 3.116 3.056 3.006 3.086 3.096 3.046 3.067 3.146 3.057 3.504 2.927 3.530 3.543 3.547 3.551 3.136 3.106 3.096 3.105 3.095 3.055 3.045 3.075 2.995 3.065 3.134 3.094 3.064 3.480 3.044 3.164 3.054 3.432 3.044 3.064 2.944 2.894 2.924 3.353 3.340 3.328 3.315 2.874 3.054 2.934 2.734 2.774 2.804 2.764 2.944 2.824 2.694 2.634 2.485 2.355 2.266 2.286 2.216 2.116 1.206 0.000 0.724 0.314 0.000 0.000 0.000 0.000 0.000 0.000 0.000 0.000 0.000 0.000 0.488
