includes/camargue/floodfiles/results/res-0011.wd
ncols         906
nrows         631
xllcorner     362177.146667
yllcorner     6534725.688020
cellsize      20.000000
NODATA_value  -9999.000000
[rows 578 to 611 of 631, columns 770 to 846 of 906]
8.913 9.045 9.176 9.320 9.491 9.666 9.841 10.016 10.190 10.363 10.537 10.711 10.884 11.057 11.232 11.315 11.319 11.428 11.543 11.657 11.773 11.887 12.001 12.116 12.231 12.346 12.460 12.500 12.385 12.271 12.157 12.080 12.021 11.963 11.904 11.845 11.787 11.729 11.670 11.611 11.542 11.448 11.354 11.260 11.167 11.073 11.006 10.965 10.924 10.882 10.840 10.799 10.758 10.716 10.658 10.578 10.497 10.417 10.336 10.256 10.175 10.094 10.016 9.943 9.869 9.796 9.723 9.650 9.577 9.510 9.467 9.424 9.381 9.338 9.296 9.253 9.210
9.185 9.316 9.450 9.585 9.750 9.923 10.096 10.271 10.444 10.617 10.791 10.965 11.138 11.312 11.485 11.488 11.492 11.523 11.637 11.752 11.867 11.982 12.096 12.212 12.326 12.441 12.556 12.480 12.366 12.252 12.138 12.023 11.964 11.906 11.847 11.788 11.730 11.671 11.612 11.553 11.467 11.373 11.279 11.186 11.092 10.998 10.904 10.855 10.813 10.771 10.729 10.688 10.647 10.605 10.528 10.447 10.367 10.287 10.206 10.125 10.044 9.965 9.884 9.808 9.734 9.661 9.587 9.515 9.441 9.391 9.348 9.305 9.262 9.219 9.177 9.134 9.092
9.472 9.611 9.750 9.878 10.004 10.177 10.351 10.524 10.698 10.872 11.045 11.219 11.393 11.566 11.657 11.662 11.665 11.668 11.732 11.848 11.962 12.077 12.192 12.306 12.421 12.536 12.575 12.461 12.346 12.233 12.118 12.004 11.907 11.848 11.789 11.731 11.673 11.614 11.555 11.486 11.392 11.298 11.204 11.111 11.017 10.923 10.829 10.744 10.702 10.660 10.619 10.578 10.536 10.478 10.398 10.317 10.237 10.156 10.076 9.995 9.914 9.834 9.754 9.673 9.599 9.526 9.452 9.380 9.315 9.272 9.229 9.186 9.143 9.100 9.059 9.016 8.973
9.772 9.911 10.049 10.171 10.293 10.432 10.605 10.778 10.953 11.126 11.299 11.474 11.647 11.820 11.830 11.834 11.838 11.841 11.845 11.942 12.057 12.172 12.287 12.401 12.517 12.631 12.556 12.441 12.328 12.213 12.099 11.985 11.871 11.791 11.732 11.674 11.615 11.556 11.497 11.411 11.317 11.223 11.130 11.036 10.942 10.847 10.753 10.660 10.591 10.550 10.508 10.467 10.425 10.348 10.267 10.187 10.107 10.026 9.945 9.865 9.784 9.704 9.623 9.542 9.464 9.390 9.317 9.244 9.196 9.153 9.110 9.067 9.025 8.982 8.940 8.897 8.854
10.072 10.212 10.342 10.464 10.586 10.708 10.859 11.032 11.207 11.380 11.553 11.727 11.901 11.999 12.004 12.007 12.010 12.015 12.018 12.037 12.153 12.267 12.382 12.497 12.611 12.651 12.536 12.423 12.308 12.194 12.079 11.966 11.851 11.737 11.676 11.617 11.558 11.499 11.430 11.335 11.241 11.147 11.054 10.960 10.866 10.772 10.679 10.585 10.491 10.439 10.397 10.356 10.299 10.218 10.137 10.056 9.976 9.896 9.815 9.734 9.653 9.574 9.493 9.412 9.331 9.255 9.182 9.119 9.077 9.034 8.992 8.949 8.906 8.863 8.821 8.778 8.735
10.373 10.512 10.635 10.756 10.879 11.001 11.123 11.287 11.461 11.634 11.808 11.981 12.155 12.173 12.176 12.179 12.184 12.187 12.190 12.195 12.247 12.362 12.476 12.592 12.706 12.631 12.518 12.403 12.289 12.174 12.061 11.946 11.832 11.719 11.618 11.559 11.500 11.442 11.354 11.260 11.166 11.073 10.979 10.885 10.791 10.697 10.604 10.510 10.416 10.328 10.286 10.245 10.168 10.087 10.007 9.927 9.846 9.765 9.685 9.604 9.523 9.443 9.363 9.282 9.201 9.120 9.046 9.000 8.959 8.916 8.873 8.830 8.787 8.744 8.701 8.659 8.616
10.673 10.806 10.927 11.050 11.172 11.293 11.416 11.541 11.714 11.889 12.062 12.235 12.342 12.345 12.349 12.353 12.356 12.360 12.364 12.367 12.371 12.457 12.572 12.687 12.727 12.613 12.499 12.384 12.270 12.156 12.042 11.927 11.813 11.699 11.585 11.502 11.443 11.373 11.279 11.185 11.091 10.998 10.904 10.810 10.716 10.623 10.529 10.435 10.341 10.247 10.176 10.119 10.038 9.957 9.876 9.797 9.716 9.635 9.554 9.474 9.393 9.313 9.232 9.151 9.070 8.987 8.931 8.887 8.845 8.802 8.759 8.716 8.672 8.629 8.586 8.543 8.501
10.973 11.098 11.221 11.343 11.464 11.587 11.709 11.831 11.969 12.143 12.316 12.490 12.515 12.518 12.522 12.526 12.529 12.533 12.537 12.540 12.543 12.552 12.667 12.781 12.708 12.594 12.479 12.365 12.251 12.137 12.022 11.908 11.794 11.680 11.565 11.451 11.386 11.298 11.204 11.110 11.017 10.923 10.829 10.735 10.641 10.548 10.454 10.360 10.266 10.164 10.061 9.983 9.901 9.818 9.736 9.654 9.572 9.489 9.407 9.324 9.242 9.160 9.078 8.996 8.913 8.834 8.840 8.809 8.766 8.723 8.680 8.637 8.594 8.551 8.507 8.464 8.421
11.270 11.392 11.513 11.635 11.758 11.880 12.001 12.124 12.246 12.397 12.571 12.684 12.687 12.692 12.695 12.698 12.703 12.706 12.709 12.713 12.717 12.720 12.762 12.803 12.689 12.574 12.460 12.346 12.232 12.117 12.003 11.889 11.775 11.660 11.546 11.416 11.298 11.194 11.090 10.987 10.884 10.780 10.676 10.572 10.468 10.365 10.261 10.157 10.053 9.949 9.877 9.827 9.744 9.662 9.579 9.498 9.416 9.333 9.251 9.168 9.086 9.003 8.922 8.839 8.757 8.730 8.735 8.730 8.687 8.645 8.601 8.558 8.515 8.472 8.429 8.385 8.342
11.563 11.684 11.806 11.929 12.051 12.172 12.295 12.417 12.538 12.661 12.825 12.857 12.861 12.864 12.868 12.872 12.875 12.879 12.882 12.886 12.890 12.871 12.844 12.730 12.597 12.463 12.331 12.198 12.064 11.931 11.799 11.665 11.532 11.399 11.266 11.133 11.067 10.980 10.876 10.773 10.669 10.565 10.461 10.357 10.254 10.150 10.046 9.942 9.839 9.739 9.697 9.654 9.588 9.506 9.423 9.342 9.259 9.177 9.094 9.012 8.929 8.847 8.765 8.683 8.621 8.626 8.631 8.636 8.608 8.565 8.523 8.480 8.436 8.393 8.350 8.307 8.264
11.855 11.977 12.100 12.221 12.343 12.466 12.588 12.709 12.814 12.900 12.937 12.911 12.884 12.856 12.830 12.803 12.775 12.748 12.722 12.694 12.667 12.640 12.573 12.448 12.314 12.182 12.048 11.915 11.782 11.649 11.516 11.383 11.249 11.117 10.984 10.887 10.827 10.765 10.662 10.558 10.454 10.350 10.246 10.142 10.040 9.936 9.832 9.728 9.624 9.561 9.518 9.475 9.432 9.349 9.267 9.184 9.103 9.020 8.938 8.855 8.773 8.690 8.608 8.526 8.516 8.522 8.527 8.532 8.530 8.486 8.443 8.401 8.358 8.315 8.271 8.228 8.185
12.011 12.098 12.184 12.271 12.358 12.444 12.531 12.618 12.704 12.791 12.731 12.680 12.652 12.626 12.599 12.571 12.544 12.518 12.490 12.463 12.437 12.409 12.285 12.160 12.033 11.899 11.766 11.632 11.500 11.367 11.233 11.100 10.968 10.834 10.707 10.647 10.586 10.526 10.447 10.343 10.240 10.136 10.032 9.929 9.825 9.721 9.617 9.513 9.424 9.382 9.339 9.295 9.252 9.193 9.110 9.028 8.946 8.864 8.781 8.699 8.616 8.534 8.451 8.406 8.412 8.417 8.423 8.428 8.433 8.408 8.365 8.321 8.279 8.236 8.193 8.150 8.106
11.902 11.989 12.076 12.162 12.249 12.335 12.422 12.509 12.595 12.605 12.529 12.453 12.422 12.395 12.367 12.340 12.314 12.286 12.259 12.233 12.205 12.121 11.997 11.873 11.749 11.617 11.483 11.351 11.218 11.084 10.951 10.817 10.685 10.552 10.467 10.406 10.346 10.286 10.225 10.129 10.025 9.921 9.817 9.714 9.610 9.506 9.402 9.298 9.244 9.202 9.159 9.116 9.073 9.030 8.954 8.871 8.790 8.707 8.625 8.542 8.460 8.378 8.296 8.301 8.307 8.313 8.318 8.324 8.329 8.329 8.286 8.243 8.200 8.156 8.114 8.071 8.028
11.793 11.880 11.967 12.053 12.139 12.227 12.313 12.400 12.478 12.402 12.326 12.252 12.191 12.163 12.136 12.110 12.082 12.055 12.029 12.001 11.958 11.833 11.710 11.585 11.461 11.334 11.202 11.068 10.935 10.802 10.668 10.536 10.402 10.287 10.226 10.166 10.106 10.046 9.985 9.914 9.810 9.706 9.603 9.499 9.395 9.292 9.188 9.108 9.065 9.023 8.980 8.937 8.894 8.851 8.797 8.715 8.633 8.551 8.469 8.386 8.304 8.221 8.192 8.197 8.202 8.208 8.214 8.219 8.225 8.230 8.207 8.164 8.121 8.078 8.034 7.991 7.949
11.724 11.771 11.857 11.944 12.031 12.118 12.204 12.291 12.275 12.200 12.125 12.049 11.974 11.932 11.906 11.878 11.851 11.824 11.797 11.770 11.670 11.546 11.422 11.297 11.173 11.049 10.919 10.786 10.652 10.519 10.387 10.253 10.120 10.046 9.986 9.926 9.866 9.805 9.744 9.684 9.595 9.492 9.389 9.285 9.181 9.077 8.973 8.929 8.885 8.843 8.800 8.757 8.714 8.671 8.628 8.559 8.476 8.394 8.312 8.230 8.147 8.082 8.088 8.093 8.098 8.104 8.109 8.115 8.120 8.126 8.129 8.085 8.042 7.999 7.956 7.913 7.870
11.663 11.669 11.749 11.836 11.922 12.008 12.096 12.149 12.073 11.997 11.923 11.847 11.771 11.702 11.675 11.647 11.620 11.593 11.566 11.506 11.382 11.258 11.134 11.009 10.885 10.762 10.636 10.503 10.370 10.236 10.104 9.971 9.866 9.806 9.745 9.686 9.625 9.565 9.504 9.443 9.381 9.277 9.174 9.070 8.966 8.862 8.792 8.749 8.706 8.663 8.621 8.578 8.535 8.492 8.449 8.402 8.320 8.237 8.155 8.073 7.991 7.978 7.983 7.989 7.994 7.999 8.005 8.010 8.015 8.021 8.027 8.007 7.964 7.920 7.877 7.834 7.792
11.602 11.609 11.640 11.726 11.813 11.900 11.986 11.946 11.870 11.796 11.720 11.644 11.570 11.494 11.443 11.416 11.390 11.362 11.335 11.218 11.095 10.970 10.846 10.722 10.598 10.474 10.349 10.220 10.087 9.955 9.821 9.688 9.626 9.565 9.505 9.445 9.385 9.324 9.264 9.203 9.142 9.062 8.959 8.855 8.751 8.656 8.613 8.570 8.527 8.484 8.441 8.398 8.355 8.312 8.269 8.226 8.163 8.081 7.998 7.916 7.868 7.873 7.879 7.884 7.890 7.895 7.900 7.906 7.911 7.916 7.921 7.928 7.885 7.841 7.798 7.755 7.743
11.542 11.548 11.554 11.617 11.705 11.791 11.819 11.745 11.669 11.593 11.518 11.443 11.367 11.291 11.216 11.186 11.158 11.131 11.055 10.931 10.807 10.682 10.558 10.435 10.310 10.186 10.061 9.937 9.805 9.672 9.539 9.446 9.385 9.325 9.265 9.205 9.144 9.084 9.023 8.962 8.902 8.841 8.744 8.641 8.537 8.476 8.433 8.390 8.347 8.304 8.261 8.219 8.176 8.133 8.090 8.047 8.004 7.924 7.842 7.760 7.764 7.769 7.774 7.780 7.785 7.791 7.796 7.801 7.807 7.812 7.817 7.823 7.806 7.763 7.719 7.691 7.695
11.481 11.487 11.493 11.509 11.595 11.682 11.618 11.542 11.467 11.391 11.316 11.240 11.165 11.089 11.014 10.954 10.927 10.891 10.768 10.643 10.519 10.394 10.270 10.147 10.022 9.898 9.773 9.649 9.523 9.389 9.266 9.205 9.145 9.084 9.025 8.964 8.904 8.843 8.783 8.722 8.661 8.601 8.530 8.426 8.340 8.297 8.254 8.211 8.168 8.125 8.082 8.039 7.997 7.953 7.910 7.867 7.824 7.768 7.686 7.654 7.659 7.665 7.670 7.675 7.681 7.686 7.691 7.697 7.702 7.707 7.713 7.718 7.724 7.684 7.641 7.643 7.646
11.420 11.426 11.432 11.438 11.486 11.491 11.415 11.340 11.264 11.189 11.114 11.038 10.962 10.887 10.812 10.736 10.696 10.603 10.480 10.355 10.231 10.107 9.983 9.859 9.734 9.610 9.486 9.361 9.238 9.107 9.026 8.965 8.904 8.844 8.784 8.724 8.663 8.603 8.542 8.482 8.421 8.360 8.301 8.211 8.161 8.118 8.075 8.031 7.988 7.945 7.902 7.860 7.817 7.774 7.731 7.688 7.645 7.602 7.544 7.549 7.555 7.560 7.566 7.571 7.576 7.582 7.587 7.592 7.598 7.603 7.608 7.614 7.619 7.605 7.591 7.594 7.598
11.341 11.346 11.351 11.355 11.353 11.277 11.202 11.126 11.052 10.976 10.901 10.825 10.750 10.675 10.600 10.525 10.446 10.323 10.199 10.075 9.950 9.826 9.703 9.579 9.454 9.330 9.206 9.083 8.958 8.859 8.800 8.740 8.681 8.622 8.564 8.505 8.446 8.386 8.327 8.268 8.209 8.150 8.092 8.057 8.015 7.974 7.932 7.890 7.848 7.806 7.765 7.723 7.681 7.639 7.598 7.556 7.514 7.472 7.482 7.486 7.491 7.495 7.499 7.504 7.508 7.512 7.517 7.521 7.526 7.530 7.534 7.539 7.543 7.548 7.551 7.553 7.555
11.108 11.113 11.117 11.123 11.064 10.988 10.912 10.837 10.762 10.687 10.611 10.536 10.461 10.386 10.310 10.235 10.198 10.102 9.978 9.854 9.730 9.606 9.482 9.358 9.234 9.109 8.985 8.862 8.738 8.707 8.659 8.599 8.540 8.481 8.423 8.364 8.305 8.245 8.186 8.127 8.068 8.009 7.958 7.960 7.936 7.894 7.852 7.810 7.769 7.727 7.685 7.643 7.602 7.560 7.518 7.476 7.435 7.424 7.453 7.465 7.470 7.474 7.478 7.483 7.487 7.492 7.496 7.500 7.505 7.509 7.513 7.518 7.522 7.529 7.534 7.536 7.538
10.875 10.879 10.885 10.851 10.774 10.698 10.622 10.548 10.473 10.397 10.322 10.247 10.172 10.096 10.021 9.971 9.935 9.882 9.757 9.633 9.509 9.386 9.261 9.137 9.013 8.889 8.764 8.641 8.581 8.551 8.518 8.458 8.399 8.340 8.281 8.223 8.164 8.104 8.045 7.986 7.927 7.868 7.856 7.857 7.856 7.814 7.773 7.731 7.689 7.647 7.606 7.564 7.522 7.480 7.439 7.397 7.362 7.391 7.420 7.444 7.449 7.453 7.457 7.462 7.466 7.471 7.475 7.479 7.484 7.488 7.492 7.497 7.503 7.510 7.516 7.519 7.521
10.642 10.647 10.638 10.562 10.485 10.409 10.334 10.258 10.183 10.107 10.033 9.957 9.882 9.807 9.746 9.710 9.673 9.636 9.537 9.412 9.288 9.165 9.041 8.916 8.792 8.668 8.544 8.455 8.425 8.395 8.365 8.317 8.258 8.199 8.140 8.082 8.023 7.963 7.904 7.845 7.786 7.753 7.754 7.755 7.756 7.735 7.693 7.651 7.610 7.568 7.526 7.484 7.443 7.401 7.359 7.317 7.328 7.357 7.386 7.416 7.428 7.432 7.437 7.441 7.445 7.450 7.454 7.458 7.463 7.467 7.472 7.477 7.483 7.490 7.497 7.502 7.504
10.409 10.414 10.349 10.273 10.196 10.121 10.044 9.969 9.893 9.818 9.743 9.668 9.592 9.521 9.483 9.447 9.410 9.373 9.316 9.192 9.069 8.944 8.820 8.696 8.572 8.447 8.327 8.298 8.269 8.239 8.209 8.176 8.117 8.058 7.999 7.940 7.882 7.822 7.763 7.704 7.650 7.651 7.652 7.653 7.654 7.655 7.614 7.572 7.530 7.488 7.447 7.405 7.363 7.321 7.279 7.265 7.295 7.324 7.353 7.382 7.407 7.411 7.416 7.420 7.424 7.429 7.433 7.438 7.442 7.446 7.451 7.457 7.464 7.471 7.478 7.484 7.487
10.176 10.136 10.060 9.983 9.908 9.831 9.755 9.679 9.604 9.529 9.454 9.378 9.303 9.258 9.222 9.185 9.148 9.110 9.073 8.971 8.848 8.724 8.599 8.475 8.351 8.227 8.171 8.141 8.113 8.083 8.053 8.024 7.976 7.917 7.858 7.799 7.740 7.681 7.622 7.563 7.548 7.549 7.550 7.551 7.552 7.553 7.534 7.492 7.451 7.409 7.367 7.325 7.283 7.242 7.203 7.232 7.261 7.290 7.319 7.349 7.378 7.390 7.395 7.399 7.404 7.408 7.412 7.417 7.421 7.425 7.431 7.438 7.445 7.452 7.458 7.465 7.469
9.924 9.847 9.771 9.695 9.619 9.542 9.466 9.389 9.315 9.240 9.164 9.089 9.033 8.996 8.959 8.922 8.885 8.848 8.811 8.750 8.627 8.503 8.379 8.254 8.130 8.045 8.015 7.985 7.957 7.927 7.897 7.868 7.835 7.776 7.717 7.658 7.599 7.540 7.481 7.446 7.446 7.447 7.448 7.449 7.450 7.451 7.452 7.413 7.371 7.329 7.287 7.246 7.204 7.162 7.169 7.198 7.228 7.257 7.286 7.315 7.344 7.369 7.374 7.378 7.383 7.387 7.391 7.396 7.400 7.405 7.412 7.419 7.425 7.432 7.439 7.446 7.452
9.635 9.558 9.483 9.406 9.330 9.253 9.177 9.100 9.025 8.950 8.874 8.807 8.770 8.734 8.697 8.660 8.622 8.585 8.548 8.511 8.406 8.282 8.158 8.034 7.918 7.889 7.859 7.830 7.800 7.770 7.741 7.711 7.682 7.635 7.576 7.517 7.458 7.399 7.343 7.344 7.344 7.345 7.346 7.347 7.348 7.349 7.350 7.333 7.292 7.250 7.208 7.166 7.124 7.107 7.136 7.165 7.194 7.223 7.252 7.282 7.311 7.340 7.353 7.357 7.362 7.366 7.370 7.375 7.379 7.386 7.392 7.399 7.406 7.413 7.420 7.426 7.433
9.345 9.270 9.193 9.117 9.040 8.964 8.888 8.812 8.736 8.660 8.585 8.545 8.508 8.471 8.434 8.397 8.360 8.323 8.286 8.248 8.185 8.061 7.937 7.813 7.762 7.733 7.703 7.673 7.644 7.614 7.585 7.555 7.525 7.494 7.435 7.376 7.317 7.257 7.241 7.242 7.242 7.243 7.244 7.245 7.246 7.247 7.248 7.249 7.212 7.170 7.128 7.087 7.045 7.073 7.102 7.131 7.161 7.190 7.219 7.248 7.277 7.306 7.332 7.336 7.341 7.345 7.349 7.354 7.360 7.366 7.373 7.380 7.387 7.393 7.400 7.407 7.414
9.059 8.981 8.904 8.828 8.751 8.675 8.598 8.523 8.446 8.371 8.319 8.282 8.245 8.209 8.172 8.135 8.097 8.060 8.023 7.986 7.949 7.840 7.716 7.636 7.606 7.576 7.547 7.517 7.488 7.458 7.428 7.399 7.369 7.340 7.293 7.234 7.175 7.138 7.139 7.139 7.140 7.141 7.142 7.143 7.144 7.145 7.146 7.147 7.132 7.091 7.049 7.007 7.010 7.040 7.069 7.098 7.127 7.156 7.185 7.215 7.244 7.273 7.302 7.315 7.320 7.324 7.328 7.333 7.340 7.347 7.354 7.361 7.367 7.374 7.381 7.388 7.394
8.893 8.804 8.715 8.626 8.537 8.448 8.360 8.271 8.182 8.108 8.058 8.020 7.982 7.946 7.909 7.872 7.835 7.798 7.761 7.724 7.686 7.619 7.509 7.479 7.450 7.420 7.391 7.361 7.331 7.302 7.272 7.243 7.213 7.183 7.152 7.093 7.035 7.036 7.036 7.037 7.038 7.039 7.040 7.041 7.042 7.043 7.044 7.045 7.046 7.011 6.969 6.948 6.977 7.006 7.035 7.064 7.094 7.123 7.152 7.181 7.210 7.239 7.268 7.294 7.299 7.303 7.307 7.314 7.321 7.328 7.334 7.341 7.348 7.355 7.361 7.368 7.375
8.727 8.638 8.549 8.460 8.371 8.282 8.194 8.105 8.029 7.988 7.938 7.888 7.838 7.787 7.737 7.687 7.636 7.586 7.536 7.485 7.435 7.387 7.353 7.323 7.294 7.264 7.234 7.205 7.175 7.145 7.116 7.086 7.057 7.027 6.997 6.952 6.933 6.933 6.934 6.935 6.936 6.937 6.938 6.939 6.940 6.941 6.942 6.943 6.943 6.931 6.889 6.914 6.943 6.972 7.002 7.031 7.060 7.089 7.118 7.147 7.177 7.206 7.235 7.264 7.278 7.282 7.288 7.295 7.302 7.308 7.315 7.322 7.329 7.335 7.342 7.349 7.356
8.561 8.472 8.383 8.294 8.205 8.116 8.028 7.949 7.907 7.865 7.819 7.769 7.718 7.668 7.618 7.567 7.517 7.466 7.416 7.366 7.315 7.296 7.279 7.244 7.210 7.176 7.141 7.107 7.073 7.038 7.004 6.970 6.936 6.901 6.867 6.849 6.848 6.846 6.845 6.844 6.842 6.841 6.839 6.838 6.838 6.839 6.840 6.840 6.841 6.842 6.852 6.881 6.910 6.939 6.968 6.997 7.026 7.056 7.085 7.114 7.143 7.172 7.201 7.230 7.257 7.262 7.269 7.275 7.282 7.289 7.296 7.302 7.309 7.316 7.323 7.329 7.336
8.394 8.305 8.216 8.127 8.038 7.949 7.868 7.826 7.784 7.743 7.699 7.649 7.599 7.548 7.498 7.448 7.397 7.347 7.296 7.246 7.219 7.216 7.211 7.177 7.142 7.108 7.074 7.039 7.005 6.971 6.936 6.902 6.868 6.833 6.803 6.820 6.827 6.826 6.824 6.823 6.821 6.820 6.819 6.817 6.816 6.814 6.813 6.812 6.810 6.813 6.832 6.860 6.889 6.918 6.946 6.975 7.003 7.032 7.060 7.089 7.117 7.146 7.174 7.203 7.232 7.249 7.254 7.260 7.265 7.270 7.276 7.283 7.290 7.296 7.303 7.310 7.317
