includes/camargue/floodfiles/results/res-0014.wd
ncols         906
nrows         631
xllcorner     362177.146667
yllcorner     6534725.688020
cellsize      20.000000
NODATA_value  -9999.000000
[rows 510 to 543 of 631, columns 231 to 307 of 906]
2.114 2.159 2.205 2.250 2.296 2.342 2.397 2.451 2.505 2.543 2.553 2.564 2.575 2.600 2.633 2.665 2.697 2.729 2.762 2.794 2.826 2.856 2.886 2.916 2.946 2.976 3.007 3.033 3.054 3.076 3.097 3.118 3.069 3.013 2.956 2.900 2.844 2.816 2.800 2.785 2.770 2.754 2.739 2.712 2.667 2.623 2.579 2.535 2.491 2.485 2.485 2.485 2.485 2.485 2.474 2.437 2.400 2.363 2.326 2.298 2.316 2.335 2.353 2.371 2.390 2.408 2.375 2.300 2.224 2.149 2.073 1.998 1.922 1.847 1.771 1.722 1.721
2.175 2.221 2.266 2.312 2.357 2.403 2.448 2.497 2.551 2.590 2.601 2.620 2.652 2.684 2.717 2.749 2.781 2.813 2.846 2.878 2.909 2.940 2.970 3.000 3.030 3.060 3.091 3.121 3.151 3.174 3.195 3.216 3.165 3.109 3.052 3.019 3.003 2.988 2.973 2.957 2.942 2.927 2.911 2.883 2.839 2.795 2.751 2.707 2.663 2.619 2.586 2.586 2.586 2.586 2.577 2.540 2.503 2.466 2.458 2.476 2.495 2.513 2.532 2.550 2.568 2.587 2.561 2.486 2.410 2.335 2.259 2.184 2.108 2.033 1.957 1.882 1.806
2.236 2.282 2.328 2.373 2.419 2.464 2.510 2.555 2.601 2.639 2.671 2.703 2.736 2.768 2.800 2.833 2.865 2.897 2.930 2.962 2.993 3.024 3.054 3.084 3.114 3.144 3.175 3.205 3.235 3.265 3.293 3.314 3.261 3.222 3.206 3.191 3.176 3.160 3.145 3.129 3.114 3.099 3.083 3.055 3.011 2.967 2.923 2.879 2.835 2.790 2.746 2.702 2.686 2.686 2.680 2.643 2.606 2.618 2.636 2.655 2.673 2.692 2.710 2.728 2.747 2.765 2.747 2.672 2.596 2.520 2.445 2.369 2.294 2.218 2.143 2.067 1.992
2.298 2.343 2.389 2.434 2.480 2.526 2.571 2.617 2.694 2.750 2.755 2.787 2.820 2.852 2.884 2.917 2.949 2.981 3.014 3.046 3.077 3.108 3.138 3.168 3.198 3.228 3.258 3.289 3.319 3.349 3.380 3.412 3.409 3.394 3.378 3.363 3.348 3.332 3.317 3.302 3.286 3.271 3.256 3.227 3.183 3.138 3.094 3.050 3.006 2.962 2.918 2.874 2.830 2.787 2.783 2.760 2.778 2.797 2.815 2.833 2.852 2.870 2.888 2.907 2.925 2.943 2.933 2.857 2.782 2.706 2.631 2.555 2.480 2.404 2.329 2.253 2.178
2.359 2.405 2.450 2.496 2.541 2.587 2.655 2.740 2.825 2.878 2.882 2.887 2.904 2.936 2.968 3.001 3.033 3.065 3.098 3.130 3.161 3.191 3.222 3.252 3.282 3.312 3.342 3.373 3.403 3.434 3.473 3.512 3.544 3.566 3.551 3.535 3.520 3.505 3.489 3.474 3.458 3.443 3.428 3.398 3.354 3.310 3.266 3.222 3.178 3.134 3.090 3.046 3.002 2.958 2.902 2.938 2.957 2.975 2.993 3.012 3.030 3.049 3.067 3.085 3.104 3.122 3.119 3.043 2.968 2.892 2.817 2.741 2.666 2.590 2.515 2.439 2.363
2.420 2.466 2.512 2.557 2.615 2.700 2.785 2.870 2.955 3.005 3.009 3.014 3.018 3.023 3.052 3.085 3.117 3.149 3.182 3.214 3.245 3.275 3.306 3.336 3.366 3.396 3.426 3.457 3.495 3.534 3.573 3.611 3.643 3.675 3.708 3.707 3.692 3.677 3.661 3.646 3.631 3.615 3.600 3.570 3.526 3.482 3.438 3.394 3.350 3.305 3.261 3.217 3.163 3.097 3.033 3.077 3.122 3.154 3.172 3.190 3.209 3.227 3.245 3.264 3.282 3.300 3.304 3.229 3.153 3.078 3.002 2.927 2.851 2.776 2.700 2.625 2.549
2.482 2.527 2.576 2.661 2.746 2.831 2.916 3.001 3.086 3.132 3.136 3.141 3.145 3.150 3.155 3.169 3.201 3.233 3.265 3.298 3.329 3.359 3.389 3.420 3.450 3.480 3.518 3.556 3.595 3.634 3.673 3.711 3.743 3.775 3.807 3.839 3.864 3.849 3.834 3.818 3.803 3.787 3.772 3.742 3.698 3.653 3.609 3.565 3.521 3.477 3.429 3.363 3.296 3.231 3.164 3.209 3.253 3.297 3.341 3.369 3.387 3.405 3.424 3.442 3.460 3.479 3.490 3.415 3.339 3.264 3.188 3.113 3.037 2.962 2.886 2.810 2.725
2.543 2.621 2.706 2.791 2.876 2.961 3.046 3.132 3.217 3.259 3.263 3.268 3.272 3.277 3.282 3.286 3.291 3.317 3.349 3.382 3.413 3.443 3.473 3.503 3.540 3.579 3.617 3.656 3.695 3.733 3.772 3.810 3.842 3.874 3.906 3.938 3.971 4.003 4.006 3.990 3.975 3.960 3.944 3.913 3.869 3.825 3.781 3.737 3.693 3.628 3.562 3.496 3.430 3.364 3.298 3.340 3.384 3.428 3.472 3.516 3.560 3.584 3.602 3.620 3.639 3.657 3.676 3.601 3.525 3.449 3.374 3.298 3.223 3.147 3.061 2.974 2.886
2.667 2.752 2.837 2.922 3.007 3.092 3.177 3.262 3.347 3.386 3.390 3.395 3.399 3.404 3.409 3.413 3.418 3.423 3.433 3.466 3.497 3.527 3.562 3.601 3.640 3.678 3.717 3.756 3.794 3.833 3.872 3.909 3.942 3.974 4.006 4.038 4.070 4.102 4.134 4.162 4.147 4.132 4.116 4.085 4.041 3.997 3.953 3.894 3.828 3.762 3.696 3.630 3.564 3.498 3.432 3.471 3.515 3.559 3.603 3.647 3.691 3.735 3.779 3.799 3.817 3.836 3.854 3.786 3.711 3.635 3.560 3.484 3.397 3.310 3.223 3.136 3.048
2.798 2.883 2.968 3.053 3.138 3.223 3.308 3.393 3.478 3.513 3.517 3.522 3.526 3.531 3.536 3.540 3.545 3.550 3.554 3.559 3.584 3.623 3.662 3.700 3.739 3.778 3.817 3.855 3.894 3.933 3.972 4.009 4.041 4.073 4.105 4.137 4.169 4.201 4.234 4.266 4.298 4.304 4.288 4.256 4.212 4.159 4.093 4.027 3.961 3.895 3.829 3.763 3.697 3.631 3.565 3.602 3.646 3.690 3.734 3.778 3.822 3.867 3.911 3.955 3.996 4.014 4.032 3.972 3.896 3.820 3.733 3.646 3.559 3.472 3.385 3.297 3.210
2.988 3.018 3.098 3.183 3.268 3.353 3.438 3.523 3.608 3.640 3.644 3.649 3.653 3.658 3.663 3.667 3.672 3.677 3.680 3.682 3.697 3.723 3.761 3.800 3.839 3.878 3.916 3.955 3.994 4.033 4.071 4.108 4.140 4.173 4.205 4.237 4.269 4.301 4.333 4.365 4.397 4.429 4.460 4.425 4.359 4.293 4.227 4.161 4.095 4.029 3.963 3.897 3.831 3.765 3.699 3.733 3.777 3.821 3.865 3.909 3.953 3.998 4.042 4.086 4.130 4.174 4.211 4.156 4.069 3.982 3.895 3.808 3.721 3.634 3.546 3.459 3.372
3.199 3.228 3.258 3.314 3.399 3.484 3.569 3.654 3.739 3.766 3.771 3.776 3.780 3.785 3.790 3.794 3.798 3.800 3.801 3.803 3.819 3.842 3.866 3.900 3.939 3.977 4.016 4.055 4.093 4.132 4.171 4.208 4.240 4.272 4.304 4.336 4.368 4.400 4.432 4.464 4.496 4.528 4.534 4.528 4.493 4.427 4.360 4.294 4.228 4.162 4.096 4.030 3.964 3.898 3.832 3.864 3.908 3.952 3.996 4.040 4.085 4.129 4.173 4.217 4.261 4.305 4.280 4.286 4.231 4.144 4.057 3.970 3.883 3.795 3.708 3.621 3.534
3.410 3.439 3.469 3.499 3.529 3.614 3.699 3.784 3.869 3.893 3.898 3.903 3.907 3.912 3.916 3.917 3.919 3.921 3.922 3.924 3.942 3.965 3.988 4.011 4.038 4.077 4.116 4.154 4.193 4.232 4.271 4.307 4.339 4.371 4.403 4.435 4.468 4.500 4.532 4.564 4.572 4.577 4.582 4.575 4.563 4.550 4.494 4.428 4.362 4.296 4.230 4.164 4.098 4.032 3.966 3.995 4.039 4.083 4.128 4.172 4.216 4.260 4.304 4.348 4.350 4.317 4.283 4.288 4.310 4.306 4.219 4.132 4.044 3.957 3.870 3.783 3.696
3.621 3.650 3.680 3.709 3.739 3.769 3.830 3.915 4.000 4.020 4.025 4.030 4.033 4.035 4.037 4.039 4.040 4.042 4.044 4.045 4.064 4.088 4.111 4.134 4.157 4.180 4.215 4.254 4.293 4.331 4.370 4.407 4.439 4.471 4.503 4.535 4.567 4.599 4.611 4.615 4.620 4.625 4.630 4.623 4.610 4.597 4.584 4.561 4.495 4.429 4.363 4.297 4.231 4.165 4.099 4.126 4.170 4.215 4.259 4.303 4.347 4.391 4.421 4.387 4.354 4.320 4.287 4.291 4.313 4.335 4.357 4.293 4.206 4.119 4.032 3.945 3.858
3.831 3.861 3.891 3.920 3.950 3.979 4.009 4.045 4.130 4.147 4.151 4.153 4.155 4.156 4.158 4.160 4.161 4.163 4.165 4.166 4.187 4.210 4.233 4.256 4.280 4.303 4.326 4.354 4.392 4.431 4.470 4.506 4.538 4.570 4.602 4.634 4.649 4.654 4.658 4.663 4.668 4.673 4.677 4.670 4.657 4.644 4.632 4.619 4.606 4.563 4.497 4.431 4.365 4.299 4.233 4.257 4.302 4.346 4.390 4.434 4.478 4.458 4.425 4.391 4.357 4.324 4.290 4.293 4.315 4.337 4.359 4.381 4.368 4.281 4.194 4.107 4.019
4.042 4.072 4.102 4.131 4.161 4.190 4.220 4.249 4.278 4.271 4.272 4.274 4.276 4.278 4.279 4.281 4.283 4.284 4.286 4.288 4.309 4.333 4.356 4.379 4.402 4.425 4.448 4.472 4.495 4.531 4.570 4.605 4.637 4.669 4.687 4.692 4.697 4.702 4.706 4.711 4.716 4.720 4.725 4.717 4.705 4.692 4.679 4.666 4.654 4.641 4.628 4.564 4.498 4.432 4.366 4.389 4.433 4.477 4.521 4.529 4.495 4.462 4.428 4.394 4.361 4.327 4.294 4.295 4.317 4.339 4.361 4.383 4.405 4.427 4.356 4.268 4.181
4.253 4.283 4.312 4.342 4.372 4.401 4.429 4.452 4.475 4.428 4.394 4.395 4.397 4.399 4.400 4.402 4.404 4.405 4.407 4.409 4.432 4.455 4.478 4.502 4.525 4.548 4.571 4.594 4.617 4.641 4.669 4.705 4.726 4.731 4.735 4.740 4.745 4.749 4.754 4.759 4.763 4.768 4.773 4.765 4.752 4.739 4.726 4.714 4.701 4.688 4.676 4.663 4.632 4.566 4.500 4.520 4.564 4.600 4.566 4.532 4.499 4.465 4.431 4.398 4.364 4.331 4.297 4.297 4.320 4.342 4.364 4.386 4.408 4.430 4.452 4.430 4.343
4.464 4.494 4.523 4.553 4.579 4.603 4.626 4.649 4.668 4.620 4.571 4.523 4.518 4.520 4.522 4.523 4.525 4.527 4.528 4.531 4.555 4.578 4.601 4.624 4.647 4.670 4.694 4.717 4.740 4.763 4.807 4.785 4.774 4.778 4.783 4.788 4.792 4.797 4.802 4.806 4.811 4.816 4.821 4.812 4.799 4.787 4.774 4.761 4.748 4.736 4.723 4.710 4.697 4.685 4.633 4.651 4.637 4.603 4.569 4.536 4.502 4.469 4.435 4.401 4.368 4.334 4.301 4.300 4.322 4.344 4.366 4.388 4.410 4.432 4.454 4.476 4.498
4.675 4.704 4.730 4.753 4.777 4.800 4.823 4.846 4.859 4.811 4.763 4.715 4.666 4.641 4.643 4.644 4.646 4.648 4.650 4.654 4.677 4.700 4.723 4.747 4.770 4.793 4.816 4.839 4.888 4.969 5.049 5.013 4.896 4.826 4.831 4.835 4.840 4.845 4.850 4.854 4.859 4.864 4.868 4.859 4.847 4.834 4.821 4.808 4.796 4.783 4.770 4.757 4.745 4.732 4.755 4.674 4.640 4.607 4.573 4.539 4.506 4.472 4.438 4.405 4.371 4.338 4.304 4.302 4.324 4.346 4.368 4.390 4.412 4.434 4.456 4.478 4.507
4.881 4.904 4.927 4.951 4.974 4.997 5.020 5.043 5.050 5.002 4.954 4.906 4.858 4.810 4.764 4.766 4.767 4.769 4.771 4.776 4.800 4.823 4.846 4.869 4.892 4.915 4.969 5.049 5.130 5.210 5.291 5.242 5.124 5.006 4.889 4.883 4.888 4.893 4.897 4.902 4.907 4.911 4.916 4.907 4.894 4.881 4.868 4.856 4.843 4.830 4.818 4.805 4.811 4.877 4.944 4.857 4.717 4.610 4.576 4.543 4.509 4.475 4.442 4.408 4.375 4.341 4.308 4.304 4.326 4.348 4.370 4.392 4.414 4.436 4.458 4.509 4.585
5.078 5.101 5.124 5.148 5.171 5.194 5.217 5.240 5.241 5.193 5.145 5.097 5.049 5.001 4.953 4.905 4.888 4.890 4.892 4.899 4.922 4.945 4.969 4.992 5.049 5.130 5.210 5.291 5.372 5.452 5.533 5.470 5.353 5.235 5.117 5.000 4.936 4.940 4.945 4.950 4.954 4.959 4.964 4.954 4.941 4.929 4.916 4.903 4.890 4.878 4.868 4.934 5.000 5.066 5.133 5.048 4.907 4.767 4.627 4.546 4.513 4.479 4.445 4.412 4.378 4.345 4.311 4.307 4.329 4.351 4.373 4.395 4.417 4.439 4.511 4.587 4.663
5.275 5.298 5.322 5.345 5.368 5.391 5.414 5.438 5.432 5.384 5.336 5.288 5.240 5.192 5.144 5.096 5.048 5.011 5.013 5.021 5.045 5.068 5.130 5.211 5.291 5.372 5.452 5.533 5.614 5.694 5.775 5.699 5.581 5.463 5.346 5.228 5.111 4.993 4.993 4.998 5.002 5.007 5.012 5.001 4.989 4.976 4.963 4.950 4.938 4.991 5.057 5.123 5.189 5.255 5.321 5.238 5.098 4.957 4.817 4.677 4.536 4.483 4.449 4.415 4.382 4.348 4.315 4.309 4.331 4.353 4.375 4.397 4.436 4.513 4.589 4.665 4.741
5.472 5.496 5.519 5.542 5.565 5.588 5.611 5.635 5.623 5.575 5.527 5.479 5.431 5.383 5.335 5.287 5.239 5.191 5.143 5.144 5.210 5.291 5.372 5.452 5.533 5.614 5.694 5.775 5.856 5.936 6.017 5.927 5.809 5.692 5.574 5.457 5.339 5.221 5.104 5.045 5.050 5.055 5.059 5.049 5.036 5.023 5.010 5.048 5.114 5.180 5.246 5.312 5.378 5.444 5.510 5.428 5.288 5.148 5.007 4.867 4.726 4.586 4.452 4.419 4.385 4.352 4.318 4.311 4.333 4.355 4.377 4.438 4.515 4.591 4.667 4.743 4.820
5.679 5.693 5.716 5.739 5.762 5.785 5.809 5.832 5.814 5.766 5.718 5.670 5.622 5.574 5.526 5.478 5.430 5.382 5.369 5.387 5.452 5.533 5.614 5.694 5.775 5.855 5.936 6.017 6.097 6.178 6.259 6.155 6.038 5.920 5.803 5.685 5.567 5.450 5.332 5.215 5.098 5.102 5.107 5.096 5.083 5.104 5.171 5.237 5.303 5.369 5.435 5.501 5.567 5.633 5.699 5.619 5.478 5.338 5.198 5.057 4.917 4.776 4.636 4.496 4.389 4.355 4.321 4.313 4.335 4.364 4.440 4.516 4.593 4.669 4.745 4.821 4.898
5.894 5.905 5.916 5.936 5.959 5.983 6.006 6.029 6.005 5.957 5.909 5.861 5.813 5.765 5.717 5.681 5.668 5.654 5.641 5.667 5.719 5.775 5.855 5.936 6.017 6.097 6.178 6.259 6.339 6.420 6.500 6.384 6.266 6.149 6.031 5.913 5.796 5.678 5.561 5.443 5.325 5.208 5.155 5.161 5.227 5.293 5.359 5.426 5.492 5.558 5.624 5.690 5.756 5.822 5.888 5.809 5.669 5.528 5.388 5.247 5.107 4.967 4.826 4.686 4.546 4.405 4.325 4.316 4.366 4.442 4.518 4.594 4.671 4.747 4.823 4.900 4.976
6.109 6.120 6.131 6.142 6.157 6.180 6.203 6.226 6.196 6.148 6.100 6.052 6.004 5.979 5.966 5.953 5.940 5.927 5.913 5.947 5.999 6.050 6.102 6.178 6.259 6.339 6.420 6.500 6.581 6.662 6.730 6.612 6.495 6.377 6.259 6.142 6.024 5.907 5.789 5.671 5.554 5.430 5.270 5.350 5.416 5.482 5.548 5.615 5.681 5.747 5.813 5.879 5.945 6.011 6.077 5.999 5.859 5.719 5.578 5.438 5.297 5.157 5.017 4.876 4.736 4.596 4.455 4.389 4.444 4.520 4.596 4.673 4.749 4.825 4.901 4.978 5.054
6.325 6.335 6.346 6.357 6.368 6.379 6.400 6.423 6.387 6.339 6.291 6.278 6.265 6.252 6.238 6.225 6.212 6.199 6.186 6.227 6.279 6.330 6.382 6.434 6.500 6.581 6.662 6.742 6.823 6.904 6.958 6.841 6.723 6.605 6.488 6.370 6.253 6.135 6.017 5.893 5.733 5.573 5.420 5.507 5.594 5.671 5.737 5.803 5.870 5.936 6.002 6.068 6.134 6.200 6.266 6.190 6.049 5.909 5.768 5.628 5.488 5.347 5.207 5.067 4.926 4.795 4.672 4.592 4.615 4.638 4.674 4.751 4.827 4.903 4.979 5.056 5.132
6.540 6.551 6.562 6.573 6.584 6.594 6.605 6.620 6.590 6.577 6.564 6.550 6.537 6.524 6.511 6.497 6.484 6.471 6.458 6.507 6.559 6.611 6.662 6.714 6.766 6.823 6.903 6.984 7.065 7.145 7.187 7.069 6.952 6.834 6.716 6.599 6.481 6.355 6.196 6.036 5.877 5.717 5.576 5.663 5.751 5.838 5.925 5.992 6.058 6.125 6.191 6.257 6.323 6.389 6.455 6.380 6.240 6.099 5.959 5.818 5.678 5.538 5.397 5.259 5.135 5.012 4.888 4.794 4.818 4.841 4.865 4.888 4.912 4.981 5.057 5.134 5.210
6.755 6.766 6.777 6.788 6.799 6.810 6.771 6.720 6.862 6.849 6.836 6.823 6.809 6.796 6.783 6.770 6.756 6.743 6.735 6.787 6.839 6.891 6.942 6.994 7.046 7.097 7.149 7.226 7.307 7.387 7.415 7.298 7.180 7.062 6.945 6.818 6.659 6.499 6.340 6.180 6.021 5.861 5.732 5.820 5.907 5.994 6.082 6.169 6.247 6.314 6.380 6.446 6.512 6.578 6.644 6.570 6.430 6.289 6.149 6.009 5.868 5.728 5.599 5.476 5.352 5.229 5.105 4.997 5.021 5.044 5.068 5.091 5.115 5.138 5.162 5.212 5.288
6.970 6.981 6.992 6.999 6.938 6.876 6.814 6.797 6.945 7.094 7.108 7.095 7.081 7.068 7.055 7.042 7.029 7.015 7.016 7.067 7.119 7.171 7.222 7.274 7.326 7.378 7.429 7.481 7.548 7.629 7.644 7.526 7.408 7.281 7.122 6.962 6.802 6.643 6.483 6.324 6.164 6.005 5.889 5.976 6.063 6.151 6.238 6.325 6.413 6.500 6.568 6.635 6.701 6.767 6.833 6.760 6.620 6.480 6.339 6.199 6.063 5.940 5.816 5.693 5.569 5.446 5.322 5.200 5.224 5.247 5.271 5.294 5.317 5.341 5.364 5.388 5.411
7.185 7.166 7.105 7.043 6.981 6.920 6.858 6.873 7.022 7.170 7.319 7.367 7.354 7.340 7.327 7.314 7.301 7.287 7.296 7.347 7.399 7.451 7.502 7.554 7.606 7.658 7.709 7.761 7.813 7.871 7.872 7.744 7.584 7.425 7.265 7.106 6.946 6.787 6.627 6.468 6.308 6.149 6.045 6.132 6.220 6.307 6.394 6.482 6.569 6.656 6.744 6.824 6.890 6.956 7.022 6.951 6.810 6.670 6.530 6.403 6.280 6.156 6.033 5.909 5.786 5.662 5.539 5.415 5.427 5.450 5.473 5.497 5.520 5.544 5.567 5.591 5.614
7.272 7.210 7.149 7.087 7.025 6.964 6.902 6.950 7.098 7.247 7.395 7.544 7.626 7.613 7.599 7.586 7.573 7.560 7.576 7.627 7.679 7.731 7.782 7.834 7.886 7.938 7.989 8.041 8.093 8.043 8.012 7.888 7.728 7.569 7.409 7.250 7.090 6.930 6.771 6.611 6.452 6.292 6.201 6.289 6.376 6.463 6.551 6.638 6.725 6.813 6.900 6.988 7.075 7.145 7.211 7.141 7.001 6.867 6.744 6.620 6.497 6.373 6.250 6.126 6.003 5.879 5.756 5.632 5.629 5.653 5.676 5.700 5.723 5.747 5.770 5.794 5.817
7.316 7.254 7.192 7.131 7.069 7.008 6.946 7.027 7.175 7.324 7.472 7.621 7.769 7.885 7.872 7.858 7.845 7.832 7.856 7.907 7.959 8.011 8.063 8.114 8.166 8.218 8.258 8.103 7.948 7.793 7.789 7.889 7.872 7.712 7.553 7.393 7.234 7.074 6.915 6.755 6.596 6.436 6.358 6.445 6.532 6.620 6.707 6.794 6.882 6.969 7.056 7.144 7.231 7.319 7.400 7.331 7.207 7.084 6.960 6.837 6.714 6.590 6.467 6.343 6.220 6.096 5.973 5.849 5.832 5.856 5.879 5.903 5.926 5.950 5.973 5.996 6.020
7.359 7.298 7.236 7.175 7.113 7.051 6.990 7.103 7.252 7.400 7.549 7.697 7.846 7.994 8.143 8.131 8.117 8.104 8.136 8.188 8.239 8.291 8.343 8.394 8.317 8.162 8.007 7.852 7.697 7.542 7.566 7.666 7.765 7.856 7.697 7.537 7.377 7.218 7.058 6.899 6.739 6.580 6.514 6.601 6.689 6.776 6.863 6.951 7.038 7.125 7.213 7.300 7.388 7.475 7.441 7.467 7.424 7.301 7.177 7.054 6.930 6.807 6.683 6.560 6.436 6.313 6.189 6.066 6.035 6.059 6.082 6.106 6.129 6.152 6.176 6.199 6.223
