includes/camargue/floodfiles/results/res-0013.wdfp
ncols         906
nrows         631
xllcorner     362177.146667
yllcorner     6534725.688020
cellsize      20.000000
NODATA_value  -9999.000000
[rows 442 to 475 of 631, columns 0 to 76 of 906]
4.179 4.163 4.229 4.306 4.382 4.459 4.536 4.612 4.689 4.766 4.768 4.732 4.697 4.662 4.662 4.673 4.684 4.695 4.706 4.754 4.806 4.858 4.910 4.962 5.013 5.065 4.978 4.849 4.740 4.630 4.521 4.412 4.285 4.157 4.029 3.901 3.786 3.715 3.643 3.571 3.498 3.426 3.353 3.280 3.208 3.127 3.012 2.896 2.781 2.666 2.551 2.544 2.692 2.840 2.987 3.026 3.060 3.095 3.130 3.164 3.199 3.234 3.278 3.352 3.319 3.040 2.743 2.447 2.151 1.854 1.558 1.261 0.965 0.711 0.531 0.000 0.000
4.203 4.220 4.268 4.334 4.410 4.487 4.563 4.640 4.717 4.793 4.766 4.731 4.696 4.660 4.625 4.623 4.634 4.644 4.662 4.714 4.766 4.818 4.870 4.922 4.973 5.025 5.077 5.014 4.895 4.767 4.639 4.511 4.383 4.255 4.127 3.999 3.898 3.826 3.755 3.684 3.611 3.538 3.466 3.393 3.321 3.231 3.116 3.001 2.885 2.770 2.655 2.539 2.497 2.644 2.777 2.812 2.846 2.881 2.916 2.963 3.038 3.113 3.187 3.262 3.206 3.112 2.874 2.578 2.281 1.985 1.689 1.392 1.096 0.850 0.670 0.490 0.000
4.229 4.277 4.326 4.374 4.438 4.515 4.591 4.668 4.745 4.800 4.765 4.730 4.694 4.659 4.623 4.588 4.583 4.594 4.622 4.674 4.726 4.778 4.830 4.881 4.923 4.941 4.960 5.027 4.993 4.865 4.737 4.609 4.481 4.354 4.226 4.098 4.009 3.938 3.866 3.795 3.724 3.651 3.579 3.506 3.433 3.335 3.220 3.105 2.989 2.874 2.759 2.644 2.528 2.449 2.563 2.598 2.649 2.724 2.798 2.873 2.948 3.022 3.097 3.172 3.093 2.999 2.904 2.709 2.412 2.116 1.820 1.523 1.226 0.990 0.809 0.629 0.449
4.287 4.335 4.383 4.432 4.480 4.543 4.619 4.696 4.772 4.799 4.763 4.728 4.693 4.657 4.622 4.587 4.551 4.544 4.582 4.634 4.682 4.700 4.718 4.736 4.755 4.773 4.791 4.879 4.979 4.963 4.835 4.708 4.580 4.452 4.324 4.196 4.120 4.049 3.978 3.907 3.835 3.764 3.691 3.619 3.546 3.439 3.324 3.209 3.094 2.978 2.863 2.748 2.632 2.529 2.410 2.484 2.559 2.634 2.708 2.783 2.857 2.932 3.007 3.073 2.979 2.885 2.791 2.697 2.543 2.247 1.950 1.654 1.357 1.129 0.949 0.768 0.588
4.344 4.392 4.441 4.489 4.537 4.586 4.647 4.724 4.800 4.797 4.762 4.727 4.691 4.656 4.620 4.585 4.550 4.522 4.477 4.495 4.513 4.532 4.550 4.568 4.586 4.604 4.630 4.731 4.831 4.932 4.934 4.806 4.678 4.550 4.422 4.303 4.232 4.160 4.089 4.018 3.947 3.875 3.804 3.732 3.659 3.544 3.428 3.313 3.198 3.086 2.988 2.891 2.793 2.696 2.567 2.423 2.469 2.543 2.618 2.692 2.767 2.842 2.916 2.960 2.866 2.772 2.678 2.583 2.489 2.377 2.081 1.785 1.488 1.269 1.088 0.908 0.727
4.401 4.450 4.498 4.546 4.595 4.643 4.691 4.751 4.828 4.796 4.760 4.725 4.690 4.661 4.633 4.606 4.578 4.529 4.389 4.326 4.345 4.363 4.381 4.399 4.417 4.435 4.482 4.582 4.683 4.784 4.885 4.904 4.776 4.648 4.520 4.414 4.343 4.272 4.200 4.129 4.058 3.987 3.916 3.844 3.763 3.648 3.545 3.447 3.350 3.252 3.155 3.057 2.960 2.862 2.724 2.580 2.437 2.453 2.528 2.602 2.677 2.751 2.826 2.846 2.752 2.658 2.564 2.470 2.376 2.281 2.187 1.915 1.619 1.408 1.228 1.047 0.867
4.459 4.507 4.555 4.604 4.652 4.700 4.749 4.797 4.829 4.801 4.773 4.745 4.717 4.689 4.662 4.634 4.606 4.528 4.388 4.248 4.176 4.194 4.212 4.230 4.248 4.266 4.333 4.434 4.535 4.636 4.737 4.838 4.875 4.747 4.619 4.525 4.454 4.383 4.312 4.241 4.169 4.098 4.033 3.980 3.907 3.809 3.711 3.614 3.516 3.419 3.321 3.224 3.126 3.024 2.881 2.738 2.594 2.451 2.437 2.512 2.586 2.661 2.736 2.733 2.639 2.545 2.451 2.356 2.262 2.168 2.074 1.979 1.749 1.548 1.367 1.169 0.958
4.516 4.564 4.613 4.661 4.709 4.741 4.765 4.789 4.817 4.829 4.801 4.773 4.745 4.717 4.690 4.662 4.634 4.527 4.387 4.247 4.107 4.025 4.043 4.061 4.080 4.098 4.185 4.286 4.387 4.488 4.589 4.689 4.790 4.845 4.717 4.637 4.566 4.494 4.425 4.372 4.319 4.266 4.213 4.160 4.076 3.976 3.878 3.781 3.683 3.585 3.488 3.391 3.293 3.181 3.038 2.895 2.751 2.608 2.465 2.421 2.496 2.571 2.645 2.620 2.525 2.431 2.337 2.243 2.149 2.054 1.960 1.866 1.820 1.625 1.414 1.203 0.992
4.574 4.609 4.633 4.657 4.681 4.706 4.730 4.754 4.783 4.813 4.829 4.801 4.773 4.745 4.718 4.690 4.662 4.526 4.386 4.246 4.106 3.965 3.874 3.893 3.911 3.936 4.037 4.138 4.239 4.339 4.440 4.541 4.642 4.743 4.819 4.765 4.712 4.659 4.606 4.553 4.500 4.447 4.393 4.340 4.245 4.145 4.046 3.947 3.850 3.752 3.655 3.557 3.460 3.339 3.195 3.052 2.909 2.765 2.622 2.479 2.406 2.480 2.555 2.506 2.412 2.318 2.223 2.129 2.035 1.990 1.951 1.913 1.875 1.669 1.447 1.236 1.025
4.550 4.574 4.598 4.622 4.646 4.670 4.694 4.719 4.749 4.780 4.810 4.829 4.801 4.773 4.746 4.718 4.666 4.525 4.385 4.245 4.104 3.964 3.824 3.724 3.742 3.788 3.889 3.990 4.090 4.191 4.292 4.418 4.547 4.676 4.812 4.945 4.892 4.839 4.786 4.733 4.680 4.627 4.574 4.513 4.414 4.314 4.214 4.115 4.016 3.919 3.821 3.724 3.626 3.496 3.352 3.209 3.066 2.922 2.779 2.636 2.492 2.390 2.465 2.393 2.299 2.204 2.160 2.121 2.083 2.045 2.007 1.969 1.931 1.718 1.495 1.272 1.059
4.515 4.539 4.563 4.587 4.611 4.635 4.659 4.685 4.715 4.746 4.777 4.807 4.829 4.801 4.774 4.746 4.664 4.524 4.384 4.244 4.103 3.963 3.823 3.682 3.573 3.639 3.740 3.865 3.995 4.124 4.253 4.382 4.512 4.641 4.780 4.927 5.072 5.019 4.966 4.913 4.860 4.807 4.754 4.682 4.583 4.483 4.383 4.284 4.184 4.085 3.988 3.890 3.793 3.653 3.509 3.366 3.223 3.079 2.936 2.793 2.649 2.506 2.374 2.329 2.291 2.253 2.215 2.177 2.139 2.101 2.063 2.024 1.986 1.768 1.545 1.321 1.098
4.510 4.504 4.528 4.552 4.576 4.600 4.624 4.651 4.682 4.712 4.743 4.774 4.804 4.830 4.802 4.774 4.663 4.523 4.383 4.242 4.102 3.962 3.822 3.688 3.556 3.571 3.701 3.830 3.959 4.088 4.217 4.347 4.476 4.605 4.749 4.896 5.043 5.190 5.146 5.093 5.040 4.987 4.934 4.851 4.752 4.652 4.552 4.453 4.353 4.253 4.154 4.057 3.953 3.810 3.666 3.523 3.380 3.236 3.093 2.930 2.763 2.595 2.452 2.388 2.347 2.309 2.271 2.233 2.194 2.156 2.118 2.080 2.040 1.817 1.594 1.371 1.148
4.510 4.501 4.493 4.517 4.541 4.565 4.589 4.618 4.648 4.679 4.709 4.740 4.770 4.801 4.830 4.802 4.662 4.522 4.382 4.249 4.117 3.984 3.852 3.720 3.605 3.629 3.665 3.794 3.923 4.053 4.182 4.311 4.440 4.571 4.718 4.865 5.012 5.159 5.306 5.273 5.220 5.167 5.114 5.020 4.921 4.821 4.721 4.622 4.522 4.422 4.323 4.223 4.110 3.967 3.823 3.662 3.494 3.327 3.160 2.992 2.825 2.657 2.538 2.474 2.410 2.364 2.326 2.288 2.250 2.212 2.174 2.135 2.090 1.867 1.643 1.420 1.197
4.510 4.502 4.493 4.485 4.506 4.530 4.554 4.584 4.615 4.645 4.676 4.706 4.737 4.768 4.799 4.809 4.678 4.545 4.413 4.281 4.148 4.016 3.884 3.751 3.679 3.703 3.727 3.758 3.888 4.017 4.146 4.275 4.405 4.540 4.687 4.834 4.981 5.128 5.275 5.422 5.400 5.347 5.289 5.189 5.090 4.990 4.890 4.791 4.691 4.591 4.492 4.367 4.226 4.059 3.891 3.724 3.556 3.389 3.221 3.054 2.886 2.719 2.624 2.560 2.496 2.432 2.382 2.344 2.305 2.267 2.229 2.191 2.139 1.916 1.693 1.470 1.246
4.510 4.502 4.493 4.485 4.477 4.494 4.520 4.551 4.581 4.612 4.642 4.690 4.738 4.786 4.834 4.805 4.707 4.577 4.444 4.312 4.180 4.047 3.915 3.783 3.752 3.776 3.801 3.825 3.852 3.981 4.110 4.240 4.369 4.509 4.656 4.803 4.950 5.097 5.244 5.391 5.538 5.528 5.458 5.358 5.259 5.159 5.059 4.929 4.798 4.666 4.535 4.404 4.265 4.121 3.953 3.786 3.618 3.451 3.283 3.116 2.948 2.781 2.710 2.646 2.582 2.518 2.454 2.399 2.361 2.323 2.285 2.246 2.188 1.965 1.742 1.519 1.296
4.510 4.502 4.494 4.485 4.477 4.469 4.487 4.534 4.582 4.630 4.677 4.725 4.773 4.821 4.869 4.801 4.703 4.605 4.476 4.344 4.211 4.079 3.947 3.814 3.826 3.850 3.874 3.898 3.923 3.947 4.075 4.204 4.333 4.478 4.625 4.772 4.919 5.066 5.213 5.360 5.507 5.654 5.622 5.491 5.359 5.228 5.097 4.966 4.834 4.703 4.572 4.440 4.299 4.158 4.015 3.847 3.680 3.512 3.345 3.177 3.010 2.860 2.796 2.732 2.668 2.604 2.540 2.475 2.416 2.378 2.340 2.302 2.238 2.015 1.791 1.568 1.345
4.510 4.502 4.494 4.491 4.496 4.501 4.527 4.569 4.617 4.665 4.713 4.760 4.808 4.856 4.895 4.797 4.699 4.601 4.503 4.375 4.243 4.111 3.978 3.875 3.899 3.924 3.948 3.972 3.996 4.020 4.045 4.168 4.300 4.447 4.594 4.741 4.888 5.035 5.187 5.346 5.504 5.663 5.636 5.527 5.396 5.265 5.133 5.002 4.871 4.740 4.608 4.474 4.333 4.192 4.051 3.909 3.742 3.574 3.407 3.239 3.072 2.946 2.882 2.818 2.754 2.690 2.626 2.562 2.497 2.434 2.396 2.357 2.287 2.064 1.841 1.618 1.422
4.521 4.525 4.530 4.535 4.540 4.545 4.578 4.611 4.652 4.700 4.748 4.795 4.843 4.891 4.891 4.793 4.695 4.597 4.499 4.401 4.274 4.142 4.010 3.949 3.973 3.997 4.021 4.046 4.070 4.094 4.118 4.142 4.269 4.416 4.571 4.730 4.888 5.047 5.206 5.364 5.523 5.651 5.596 5.540 5.433 5.301 5.170 5.039 4.908 4.776 4.645 4.508 4.367 4.226 4.085 3.945 3.804 3.636 3.469 3.301 3.133 3.032 2.968 2.904 2.840 2.776 2.712 2.648 2.583 2.519 2.455 2.413 2.336 2.113 1.900 1.708 1.517
4.565 4.570 4.575 4.579 4.584 4.596 4.629 4.661 4.694 4.735 4.783 4.831 4.878 4.926 4.887 4.789 4.691 4.593 4.495 4.397 4.299 4.174 4.041 4.022 4.046 4.071 4.095 4.119 4.143 4.162 4.141 4.120 4.265 4.431 4.590 4.748 4.907 5.065 5.224 5.382 5.541 5.610 5.555 5.499 5.444 5.338 5.207 5.075 4.944 4.813 4.682 4.542 4.401 4.260 4.119 3.979 3.838 3.697 3.531 3.363 3.195 3.118 3.054 2.990 2.926 2.862 2.798 2.734 2.670 2.605 2.541 2.477 2.386 2.186 1.995 1.804 1.612
4.609 4.614 4.619 4.624 4.629 4.647 4.680 4.712 4.745 4.778 4.818 4.866 4.913 4.961 4.883 4.785 4.687 4.589 4.491 4.393 4.295 4.198 4.073 4.096 4.120 4.122 4.101 4.080 4.059 4.038 4.017 3.996 4.211 4.440 4.608 4.766 4.925 5.083 5.242 5.400 5.559 5.569 5.514 5.458 5.403 5.348 5.243 5.112 4.981 4.849 4.716 4.576 4.435 4.294 4.153 4.013 3.872 3.731 3.590 3.425 3.269 3.204 3.140 3.076 3.012 2.948 2.884 2.820 2.756 2.688 2.620 2.552 2.741 2.494 2.164 1.899 1.708
4.653 4.658 4.663 4.668 4.673 4.697 4.730 4.763 4.796 4.829 4.862 4.901 4.949 4.976 4.879 4.781 4.683 4.585 4.487 4.389 4.291 4.207 4.099 4.039 4.018 3.997 3.976 3.955 3.934 3.914 3.893 3.928 4.158 4.387 4.616 4.784 4.943 5.102 5.260 5.419 5.577 5.528 5.473 5.418 5.362 5.307 5.251 5.148 5.017 4.886 4.750 4.610 4.469 4.328 4.187 4.047 3.906 3.765 3.624 3.483 3.355 3.291 3.227 3.159 3.091 3.023 2.955 2.887 2.820 2.752 2.684 2.620 3.022 3.197 2.866 2.535 2.204
4.697 4.702 4.707 4.712 4.717 4.748 4.781 4.814 4.847 4.880 4.913 4.945 4.984 4.973 4.875 4.777 4.684 4.602 4.519 4.437 4.354 4.272 4.135 3.954 3.894 3.873 3.852 3.831 3.810 3.789 3.768 3.875 4.104 4.333 4.563 4.792 4.961 5.120 5.278 5.437 5.543 5.487 5.432 5.377 5.321 5.266 5.210 5.155 5.053 4.922 4.784 4.644 4.503 4.362 4.221 4.080 3.940 3.806 3.680 3.554 3.430 3.358 3.291 3.223 3.155 3.087 3.019 2.951 2.884 2.816 2.748 2.901 3.303 3.706 3.569 3.238 2.907
4.552 4.716 4.751 4.756 4.766 4.799 4.832 4.865 4.898 4.931 4.963 4.996 5.022 4.996 4.914 4.831 4.749 4.666 4.584 4.502 4.419 4.337 4.171 3.990 3.809 3.748 3.728 3.707 3.686 3.665 3.644 3.821 4.051 4.280 4.509 4.739 4.968 5.138 5.296 5.455 5.502 5.447 5.391 5.336 5.280 5.225 5.169 5.114 5.059 4.959 4.818 4.678 4.546 4.420 4.295 4.169 4.044 3.918 3.792 3.667 3.543 3.422 3.355 3.287 3.219 3.151 3.083 3.015 2.948 2.880 2.812 3.182 3.585 3.987 4.272 3.941 3.610
4.407 4.570 4.734 4.800 4.817 4.850 4.883 4.915 4.938 4.961 4.984 5.007 5.030 5.017 4.979 4.896 4.814 4.731 4.649 4.566 4.484 4.388 4.207 4.026 3.845 3.664 3.603 3.582 3.561 3.540 3.539 3.768 3.997 4.226 4.456 4.685 4.914 5.144 5.315 5.473 5.461 5.406 5.350 5.295 5.239 5.184 5.128 5.092 5.068 5.025 4.909 4.784 4.658 4.533 4.407 4.282 4.156 4.031 3.905 3.780 3.657 3.533 3.419 3.351 3.283 3.215 3.147 3.079 3.012 2.944 3.061 3.463 3.866 4.268 4.671 4.644 4.313
4.262 4.425 4.589 4.753 4.854 4.877 4.900 4.923 4.946 4.970 4.993 5.016 5.028 5.014 4.999 4.961 4.878 4.796 4.714 4.631 4.549 4.424 4.243 4.062 3.881 3.700 3.519 3.458 3.437 3.416 3.485 3.714 3.944 4.173 4.402 4.632 4.861 5.090 5.320 5.476 5.420 5.365 5.323 5.300 5.276 5.252 5.228 5.204 5.181 5.114 5.013 4.896 4.771 4.645 4.520 4.394 4.269 4.143 4.018 3.893 3.770 3.646 3.523 3.415 3.347 3.279 3.211 3.143 3.076 3.007 3.342 3.744 4.147 4.549 4.952 5.347 5.016
4.117 4.281 4.445 4.609 4.785 4.885 4.908 4.932 4.955 4.978 5.001 5.024 5.026 5.011 4.997 4.982 4.943 4.861 4.778 4.696 4.613 4.460 4.279 4.098 3.917 3.736 3.555 3.374 3.313 3.292 3.432 3.661 3.890 4.120 4.349 4.578 4.808 5.033 5.248 5.463 5.484 5.460 5.436 5.413 5.389 5.365 5.341 5.317 5.294 5.203 5.102 5.001 4.883 4.758 4.632 4.507 4.381 4.256 4.130 4.007 3.883 3.759 3.636 3.512 3.411 3.343 3.275 3.207 3.139 3.220 3.623 4.025 4.428 4.831 5.233 5.636 5.719
3.973 4.137 4.301 4.469 4.645 4.821 4.917 4.940 4.963 4.986 5.009 5.033 5.023 5.008 4.994 4.980 4.965 4.925 4.843 4.760 4.677 4.496 4.315 4.134 3.953 3.772 3.591 3.410 3.229 3.167 3.378 3.608 3.836 4.051 4.265 4.480 4.695 4.909 5.124 5.340 5.558 5.573 5.549 5.525 5.502 5.478 5.454 5.430 5.393 5.292 5.191 5.090 4.989 4.871 4.745 4.619 4.494 4.368 4.243 4.120 3.996 3.873 3.749 3.626 3.502 3.407 3.339 3.271 3.203 3.501 3.904 4.307 4.709 5.112 5.514 5.917 6.320
3.829 3.993 4.156 4.328 4.504 4.681 4.857 4.948 4.971 4.994 5.018 5.034 5.020 5.005 4.991 4.977 4.962 4.948 4.908 4.825 4.713 4.532 4.351 4.170 3.989 3.808 3.627 3.446 3.287 3.145 3.283 3.498 3.712 3.927 4.142 4.356 4.571 4.786 5.001 5.218 5.435 5.652 5.662 5.638 5.615 5.591 5.567 5.543 5.482 5.381 5.280 5.180 5.078 4.977 4.858 4.732 4.606 4.481 4.357 4.233 4.109 3.986 3.862 3.739 3.615 3.492 3.403 3.335 3.380 3.782 4.185 4.588 4.990 5.393 5.795 6.198 6.601
3.685 3.848 4.012 4.188 4.364 4.540 4.717 4.893 4.979 5.003 5.026 5.031 5.017 5.003 4.988 4.974 4.959 4.945 4.931 4.890 4.749 4.568 4.387 4.225 4.069 3.912 3.756 3.600 3.444 3.322 3.229 3.374 3.589 3.804 4.018 4.233 4.448 4.662 4.878 5.095 5.312 5.529 5.746 5.751 5.728 5.704 5.680 5.656 5.572 5.471 5.370 5.269 5.168 5.067 4.966 4.845 4.719 4.594 4.470 4.346 4.223 4.099 3.976 3.852 3.728 3.605 3.481 3.399 3.661 4.064 4.466 4.869 5.271 5.674 6.077 6.479 6.882
3.541 3.704 3.872 4.048 4.224 4.400 4.576 4.753 4.929 5.011 5.034 5.028 5.014 5.000 4.985 4.971 4.956 4.942 4.931 4.922 4.850 4.694 4.538 4.382 4.226 4.069 3.913 3.757 3.601 3.498 3.406 3.314 3.465 3.680 3.895 4.109 4.324 4.539 4.755 4.972 5.189 5.406 5.624 5.841 5.841 5.817 5.793 5.762 5.661 5.560 5.459 5.358 5.257 5.156 5.055 4.954 4.832 4.707 4.583 4.460 4.336 4.213 4.089 3.965 3.842 3.718 3.591 3.494 3.863 4.269 4.674 5.080 5.485 5.891 6.296 6.702 7.107
3.397 3.561 3.732 3.908 4.084 4.260 4.436 4.613 4.789 4.965 5.040 5.025 5.011 5.001 4.991 4.982 4.973 4.963 4.954 4.944 4.929 4.851 4.695 4.539 4.383 4.226 4.070 3.914 3.767 3.675 3.582 3.490 3.398 3.556 3.771 3.986 4.200 4.415 4.632 4.849 5.066 5.284 5.501 5.718 5.935 5.930 5.906 5.851 5.750 5.649 5.548 5.447 5.346 5.245 5.144 5.043 4.942 4.820 4.695 4.567 4.440 4.312 4.185 4.057 3.929 3.802 3.674 3.659 3.775 4.181 4.586 4.992 5.397 5.803 6.208 6.614 7.019
3.253 3.417 3.592 3.768 3.944 4.120 4.297 4.473 4.651 4.829 5.001 5.042 5.033 5.024 5.014 5.005 4.995 4.986 4.977 4.965 4.950 4.935 4.852 4.696 4.539 4.383 4.227 4.071 3.943 3.851 3.759 3.667 3.575 3.482 3.647 3.862 4.077 4.292 4.509 4.726 4.944 5.161 5.378 5.595 5.812 6.029 6.019 5.940 5.839 5.738 5.637 5.536 5.434 5.330 5.227 5.124 5.020 4.905 4.777 4.650 4.522 4.395 4.267 4.139 4.012 3.884 3.757 3.823 3.896 4.093 4.498 4.904 5.309 5.715 6.120 6.526 6.932
3.188 3.277 3.455 3.633 3.810 3.988 4.166 4.343 4.521 4.699 4.865 5.026 5.056 5.046 5.037 5.028 5.018 5.009 4.999 4.986 4.971 4.956 4.941 4.853 4.696 4.540 4.384 4.228 4.120 4.028 3.936 3.843 3.751 3.659 3.567 3.739 3.953 4.169 4.386 4.603 4.821 5.038 5.255 5.472 5.689 5.906 6.125 6.026 5.923 5.819 5.716 5.613 5.509 5.406 5.303 5.199 5.092 4.977 4.860 4.732 4.605 4.477 4.350 4.222 4.094 3.967 3.915 3.988 4.060 4.133 4.411 4.816 5.222 5.627 6.033 6.438 6.819
3.112 3.194 3.325 3.503 3.681 3.858 4.036 4.214 4.392 4.568 4.729 4.891 5.052 5.069 5.060 5.050 5.041 5.032 5.021 5.007 4.992 4.977 4.962 4.948 4.853 4.697 4.541 4.389 4.297 4.204 4.112 4.020 3.928 3.836 3.743 3.651 3.830 4.046 4.263 4.481 4.698 4.927 5.169 5.411 5.653 5.895 6.067 6.102 5.998 5.895 5.792 5.688 5.585 5.482 5.378 5.275 5.163 5.048 4.933 4.815 4.687 4.560 4.432 4.305 4.177 4.049 4.080 4.153 4.225 4.297 4.370 4.728 5.134 5.539 5.945 6.350 6.304
