includes/camargue/floodfiles/results/res-0009.wd
ncols         906
nrows         631
xllcorner     362177.146667
yllcorner     6534725.688020
cellsize      20.000000
NODATA_value  -9999.000000
[rows 306 to 339 of 631, columns 693 to 769 of 906]
1.570 1.260 0.820 0.620 0.650 0.077 0.924 0.994 0.000 0.633 0.873 0.763 0.733 0.652 0.832 0.512 0.000 0.842 1.142 0.912 0.952 0.812 0.612 0.481 0.271 0.351 0.761 0.971 0.090 0.710 0.880 0.440 1.200 1.430 0.680 0.650 0.610 0.730 0.000 0.910 0.000 0.000 0.681 0.781 0.000 0.422 1.152 0.372 0.482 0.512 0.492 0.412 0.622 0.492 0.312 0.832 0.000 1.801 0.531 0.711 0.961 1.161 0.000 0.911 0.981 0.671 1.071 0.241 0.581 0.481 0.081 0.491 0.281 0.322 0.048 0.604 0.564
0.640 0.520 0.640 0.740 1.590 0.177 0.974 1.014 0.054 0.553 0.000 0.000 0.000 0.732 0.842 0.832 0.802 0.962 0.242 0.342 0.892 0.592 0.321 0.601 1.031 1.071 0.591 0.491 1.021 0.000 1.020 1.310 0.660 0.720 0.760 0.870 0.780 0.000 0.710 0.750 0.270 1.820 0.000 0.122 1.002 0.482 1.292 0.232 0.802 1.132 0.462 0.372 0.482 0.642 0.402 0.000 1.101 0.005 0.731 0.591 0.981 0.491 0.361 0.701 1.061 0.000 0.781 0.671 0.331 0.371 0.351 0.191 0.481 0.074 0.171 0.000 0.254
1.980 2.030 2.020 2.170 0.770 0.247 1.144 1.044 0.244 0.723 0.883 0.923 0.813 0.883 0.312 0.202 0.202 0.832 0.592 0.642 0.602 0.742 0.771 1.191 0.131 0.221 0.681 0.361 0.751 0.000 0.770 1.070 0.650 0.760 0.530 1.310 0.340 0.000 0.720 0.000 0.420 0.350 0.000 0.373 1.133 0.682 0.582 0.422 1.222 0.972 0.392 0.442 0.752 0.482 0.142 0.261 0.971 0.321 0.221 0.221 0.391 0.241 0.601 0.841 1.021 0.931 0.781 0.721 0.000 0.511 0.591 0.000 0.043 0.000 0.000 0.001 0.076
0.710 1.830 1.750 0.660 2.029 0.437 0.954 0.954 0.794 0.784 0.913 0.103 0.203 0.462 0.912 0.312 0.382 0.502 0.602 0.292 0.892 1.062 0.005 0.591 0.721 0.631 0.841 0.791 0.811 0.000 0.740 0.710 0.480 0.090 0.000 0.710 0.000 0.487 0.000 0.557 0.038 0.000 0.000 0.353 1.093 1.133 1.172 0.522 1.122 0.492 0.782 0.762 1.142 0.812 0.000 1.241 0.521 0.621 0.571 0.911 0.961 0.991 0.941 0.181 0.861 1.141 0.000 0.791 0.601 0.421 0.641 0.141 0.000 0.000 0.000 0.000 0.408
0.990 1.150 1.710 0.259 0.627 1.406 0.585 0.974 0.824 0.124 0.000 0.000 0.000 0.000 0.712 0.472 0.000 0.712 0.982 0.852 0.802 0.781 0.681 0.641 0.931 0.831 0.781 0.691 0.651 0.000 0.268 0.068 0.000 0.000 0.909 0.223 0.773 0.005 0.000 0.567 0.003 0.416 1.084 0.253 1.143 0.613 0.742 1.302 0.852 0.262 1.302 0.512 0.112 0.000 1.831 0.481 0.471 0.181 1.011 1.061 1.031 0.721 0.611 0.411 0.981 1.151 0.000 0.751 0.901 0.191 0.631 0.081 0.000 0.000 0.002 0.000 0.518
0.940 0.930 1.430 0.000 1.137 0.876 0.185 0.924 1.054 0.000 0.000 0.000 0.000 0.000 0.742 1.002 0.932 0.982 0.612 0.952 1.062 0.511 0.981 0.801 0.821 0.541 0.821 0.861 0.631 0.153 0.766 0.276 0.000 1.658 0.488 0.979 0.121 0.000 0.303 0.136 0.239 0.478 1.734 1.193 1.173 1.003 0.882 1.052 0.752 0.332 0.942 0.382 0.802 1.982 0.132 0.651 0.921 1.031 1.171 0.921 1.091 0.981 0.981 0.511 0.000 0.971 1.171 0.791 0.721 0.181 0.541 0.191 0.000 0.000 0.258 0.128 0.698
0.810 1.130 1.500 0.380 0.208 0.526 0.624 1.064 0.854 0.001 0.000 0.842 1.042 1.012 1.032 0.872 0.702 0.672 0.922 1.222 0.062 0.481 0.721 0.581 0.781 0.851 0.811 0.671 0.801 0.203 0.505 0.655 0.113 1.148 1.288 0.398 0.000 0.656 0.313 0.331 0.104 0.368 0.251 0.018 0.383 0.253 0.432 0.562 0.832 0.422 1.252 0.042 1.212 0.032 0.831 0.351 0.921 0.981 0.041 0.281 0.291 1.021 0.601 0.821 0.251 1.051 1.171 0.000 0.921 0.561 0.321 0.003 0.001 0.000 0.000 0.278 0.000
0.730 1.360 1.760 1.340 1.320 0.207 0.734 0.914 0.954 0.803 0.803 0.952 0.862 1.052 0.792 0.642 0.882 1.322 0.892 0.832 0.022 0.005 0.821 0.781 0.881 0.851 0.701 0.791 0.641 0.142 0.684 0.000 0.169 0.508 0.858 0.000 0.418 0.517 0.154 0.341 0.006 0.733 0.000 0.000 0.123 0.033 0.292 0.522 1.242 0.232 0.122 0.000 1.782 0.262 0.511 1.081 1.021 0.391 1.191 0.841 1.101 0.911 0.881 1.031 0.871 0.901 1.021 0.251 0.901 0.691 0.501 0.011 0.000 0.000 0.000 0.000 0.214
0.620 1.540 1.540 1.500 1.320 0.167 0.434 0.000 0.973 1.183 0.923 0.993 0.732 0.892 0.792 1.342 1.262 1.012 0.912 0.491 0.710 0.550 0.390 0.561 0.741 0.721 0.841 0.871 0.072 0.095 0.593 0.520 0.000 0.177 0.546 0.443 0.371 0.108 0.514 0.028 0.609 0.656 0.000 0.000 0.023 0.272 0.312 0.772 1.322 0.932 1.322 2.212 0.042 0.662 0.561 0.431 0.000 0.601 0.331 0.701 0.571 0.841 0.921 0.961 0.951 0.361 0.361 0.521 0.161 0.731 0.481 0.501 0.019 0.000 0.000 0.000 0.000
0.610 1.340 0.050 1.460 1.380 0.005 0.000 0.000 0.953 0.743 0.333 1.052 0.582 0.952 1.102 0.712 0.872 0.732 0.000 0.680 0.610 0.149 0.719 0.410 0.861 0.861 0.000 0.000 0.314 0.594 0.000 0.426 0.435 0.000 0.125 0.522 0.351 0.850 0.244 0.836 0.410 0.000 1.332 0.000 0.942 0.172 0.222 0.862 0.652 0.332 0.452 0.282 1.022 0.532 0.000 0.211 0.311 0.701 1.061 1.071 0.811 1.101 0.871 0.861 0.291 0.061 0.111 0.000 0.371 0.211 0.181 0.000 0.001 0.000 0.000 0.000 0.441
0.840 1.150 0.000 1.500 1.400 0.000 0.174 0.514 1.053 0.973 0.000 0.592 0.942 0.602 1.242 0.772 0.902 0.000 0.820 0.670 0.629 0.479 0.799 1.489 0.000 0.000 0.000 0.000 0.584 0.994 0.864 0.534 0.374 0.473 0.000 0.262 0.721 0.371 0.124 1.166 0.245 0.000 0.000 0.293 1.442 0.272 0.472 0.862 0.232 0.532 2.042 0.000 0.372 0.771 0.701 0.491 0.000 0.241 0.071 0.981 0.731 1.011 0.601 0.391 0.431 0.301 0.000 0.251 0.000 0.000 0.261 0.291 0.561 0.531 0.521 0.971 0.381
0.260 0.960 0.000 1.310 1.350 0.000 0.445 0.654 0.793 1.303 0.000 0.352 0.732 1.302 0.662 0.862 0.000 0.641 0.790 0.019 0.767 0.427 0.687 0.000 0.576 0.476 0.000 0.000 0.564 0.644 0.714 0.713 0.563 0.303 0.621 0.183 0.431 0.551 0.009 0.696 1.196 0.000 0.000 0.933 0.362 0.552 0.532 0.492 0.372 0.000 0.672 0.732 0.342 0.171 0.491 0.761 0.971 0.941 0.000 0.000 0.151 0.631 0.651 0.371 0.501 0.261 0.181 0.211 0.491 0.000 0.000 0.521 0.591 0.251 0.461 0.931 0.000
1.970 1.010 0.000 1.300 1.380 0.158 0.666 0.274 0.793 1.813 0.303 0.662 0.512 1.062 0.862 0.542 0.582 0.781 0.000 0.776 0.846 0.716 0.696 0.000 0.887 0.466 0.445 0.201 0.000 0.494 0.724 0.563 0.763 0.823 0.041 0.713 0.421 0.250 0.829 0.286 0.035 0.903 0.863 0.473 0.433 0.382 0.842 0.162 0.272 1.972 0.272 0.562 0.811 0.651 0.911 0.101 0.821 0.481 0.591 0.711 0.000 0.041 0.881 0.341 0.511 0.341 0.000 0.000 0.371 0.681 1.031 0.361 0.391 0.221 0.601 0.361 0.321
2.060 0.710 0.000 1.330 0.680 0.308 0.666 0.495 0.883 0.483 1.183 0.292 0.352 0.342 0.862 0.122 0.852 0.000 0.885 0.586 0.796 0.615 0.815 0.691 1.487 0.365 0.313 0.707 0.586 0.534 0.000 0.593 0.913 0.822 0.641 0.336 0.581 1.010 0.659 0.518 0.000 0.084 0.353 0.753 0.362 0.752 0.472 0.142 2.022 0.000 0.652 0.722 1.151 0.631 0.721 0.661 0.731 0.191 0.491 0.841 0.941 0.851 0.101 0.231 1.071 0.301 1.211 0.331 1.151 0.191 0.461 0.961 0.241 0.451 0.471 0.941 0.411
2.110 0.730 0.030 1.230 0.030 1.458 1.858 0.175 0.803 0.523 0.813 0.000 0.542 0.342 0.282 0.892 0.000 0.895 0.625 0.755 0.635 0.625 0.575 0.112 0.766 0.635 0.000 0.004 0.265 0.874 0.563 0.322 0.000 0.000 0.750 1.000 0.000 0.268 0.809 0.060 1.925 0.735 0.524 0.000 0.692 0.362 0.000 2.202 0.072 0.772 0.662 0.702 0.791 0.871 0.641 0.591 0.941 0.431 0.941 0.221 0.821 0.831 0.691 0.741 0.121 0.291 1.031 0.401 1.161 1.271 0.371 0.761 0.571 0.541 0.341 0.691 0.531
2.010 1.080 0.500 0.900 0.169 1.308 0.348 0.000 0.773 0.843 0.793 0.000 0.151 0.551 0.461 0.060 0.167 0.555 0.785 0.765 0.565 0.735 0.725 0.644 0.346 0.862 0.851 0.831 0.195 0.204 0.373 0.310 0.768 0.788 0.001 0.000 0.704 0.804 0.000 0.007 0.496 0.125 0.394 0.314 0.252 0.442 2.022 1.052 0.602 0.000 0.000 0.000 0.000 0.000 0.701 0.421 0.941 0.461 0.991 0.491 0.831 0.391 0.641 0.831 0.871 0.821 0.221 0.041 1.071 1.031 1.101 1.101 0.004 0.191 0.901 1.141 0.000
2.020 1.130 0.460 1.390 0.509 0.689 0.408 0.000 0.773 1.063 0.903 0.000 0.301 0.201 0.280 0.309 0.228 0.146 0.595 0.485 0.715 0.895 0.655 0.634 0.316 0.502 0.471 0.549 0.725 0.974 0.072 0.003 0.279 1.107 0.654 1.004 1.044 0.234 0.674 0.000 0.309 0.000 0.000 0.000 0.702 1.122 0.282 0.312 0.682 0.752 0.582 0.561 0.461 0.511 0.551 0.341 0.041 0.191 0.601 1.091 1.471 1.701 1.781 0.000 0.781 0.801 0.841 0.651 0.741 0.851 0.691 0.431 0.000 0.000 0.671 0.841 0.004
2.140 1.240 0.720 0.750 1.329 1.659 0.228 0.643 0.753 0.763 0.733 0.462 0.281 0.350 0.290 0.219 0.198 0.086 0.406 0.935 0.605 0.695 0.665 0.000 0.872 0.632 0.570 0.000 0.311 0.471 0.805 0.824 0.763 0.277 0.443 0.742 0.000 1.864 0.000 1.012 2.032 1.612 1.152 0.000 1.862 0.422 0.282 0.272 0.472 0.652 0.682 0.611 0.661 0.741 0.371 0.501 0.381 0.591 0.791 0.371 0.931 0.701 0.511 0.151 1.541 0.000 0.611 0.751 1.101 0.271 0.911 1.321 1.411 1.371 0.671 0.211 0.000
1.920 1.180 0.500 0.270 1.449 0.179 0.001 0.572 0.602 0.843 0.683 0.000 0.000 0.440 0.440 0.268 0.287 0.346 0.656 0.236 0.365 0.475 0.385 0.195 0.000 0.074 0.413 0.601 0.870 0.004 0.336 0.704 0.913 0.417 0.450 0.352 2.149 0.000 0.993 0.963 0.362 0.000 0.000 1.812 0.442 0.642 0.622 0.452 0.632 0.862 0.981 0.881 1.141 1.461 0.601 0.561 0.351 0.681 0.941 0.851 0.881 0.711 0.901 0.641 1.261 0.681 1.301 0.000 0.521 0.131 0.901 0.571 0.000 0.741 1.271 1.131 0.891
1.480 1.090 0.340 0.420 0.819 0.019 0.902 0.792 0.732 0.672 0.832 0.000 0.000 0.000 0.000 0.367 0.587 0.846 0.346 0.256 0.375 0.027 0.000 0.000 0.052 0.580 0.900 0.350 0.740 0.770 0.880 0.107 0.503 0.000 0.113 1.979 1.879 1.629 0.764 0.321 0.299 1.114 0.473 0.392 0.982 0.922 1.112 1.012 0.982 0.592 0.971 1.061 0.691 1.111 1.351 0.761 1.011 1.231 0.761 1.071 0.751 0.941 0.801 1.111 1.281 1.351 1.281 0.231 1.051 0.191 0.541 0.351 1.181 1.061 0.411 0.000 0.441
1.280 0.900 1.040 0.540 0.040 1.750 0.000 0.671 0.322 0.432 0.007 0.000 0.000 0.073 0.063 0.000 0.000 0.696 0.986 0.000 0.000 1.271 1.961 0.491 1.921 0.012 1.160 1.130 0.410 0.680 0.800 0.700 0.000 1.909 0.609 1.159 1.229 0.157 0.430 0.999 0.227 0.174 0.543 0.892 0.022 0.882 1.552 1.022 1.022 0.572 0.081 0.121 0.881 0.851 1.411 0.551 0.541 0.531 0.601 1.041 1.071 0.781 1.231 1.311 1.171 1.511 1.551 1.501 1.341 1.541 1.161 0.571 0.771 0.981 1.001 0.991 0.801
0.000 0.000 0.000 2.750 0.000 0.000 0.616 1.649 0.000 0.000 0.000 0.000 0.212 0.002 0.000 0.000 0.000 0.000 0.000 0.000 0.000 2.381 0.000 0.531 0.351 1.121 0.000 1.150 1.140 0.130 0.390 0.000 2.262 0.000 1.139 0.398 0.037 0.042 0.456 0.316 0.814 0.663 0.333 1.262 1.192 1.412 0.392 0.142 0.752 1.022 0.941 0.791 0.561 0.000 0.641 1.141 0.661 1.051 1.371 0.601 0.931 1.261 0.671 1.431 0.861 1.061 1.051 0.371 0.561 1.691 1.261 0.891 0.461 0.031 0.211 0.711 0.951
0.000 0.000 2.290 0.000 0.340 0.000 0.973 0.000 0.701 2.901 0.981 0.000 0.000 0.326 3.046 0.000 0.000 0.000 0.510 2.130 2.030 0.030 0.300 0.320 0.221 1.131 0.000 0.000 1.210 1.050 0.000 2.245 0.000 1.045 0.217 0.447 0.857 0.157 0.944 0.654 0.304 1.173 0.863 0.432 0.000 0.322 1.282 1.042 0.712 0.000 0.161 1.081 1.041 1.221 0.371 0.991 0.571 0.721 0.731 0.801 1.261 0.551 1.361 0.391 1.421 0.911 0.000 0.530 0.291 0.471 0.971 0.791 0.921 0.951 0.741 0.851 0.241
0.000 0.000 2.180 0.510 0.600 0.291 0.872 0.571 1.041 0.671 0.331 0.081 0.571 0.001 0.000 0.000 3.140 2.560 0.000 0.000 0.200 0.150 0.300 0.520 0.330 0.002 1.821 0.000 0.000 0.149 2.065 0.255 0.525 1.335 0.395 0.186 0.002 0.324 0.364 0.664 0.673 0.213 0.193 0.812 0.832 0.772 0.000 0.000 1.322 1.232 0.881 0.000 0.000 1.201 0.691 0.961 1.201 0.601 0.781 0.541 0.821 1.251 0.501 0.621 1.231 0.000 1.050 1.140 1.190 1.010 0.821 0.851 0.751 0.801 0.851 0.841 0.191
0.000 0.029 0.000 0.530 0.370 0.081 0.611 0.000 0.871 0.121 0.541 0.211 0.261 0.501 0.711 0.000 2.530 0.000 0.520 0.550 0.320 0.390 0.440 0.510 0.270 0.381 1.281 0.000 0.334 1.745 0.765 0.365 1.195 0.375 0.335 0.007 0.183 0.353 0.583 0.603 1.263 0.363 0.642 0.752 0.000 0.942 1.032 0.462 0.112 0.000 0.491 0.971 0.821 0.701 0.681 1.061 0.531 0.811 1.151 1.291 1.331 0.951 0.391 1.221 0.000 1.030 1.000 1.150 0.220 0.460 0.701 0.771 0.671 0.741 0.431 0.761 0.931
0.499 2.139 0.199 0.450 0.690 1.030 0.701 0.781 0.791 0.000 0.371 0.211 0.321 0.391 0.561 0.000 2.690 0.350 0.170 0.230 0.130 0.480 0.160 0.470 0.310 0.421 0.451 2.471 0.282 0.000 0.184 1.544 0.344 0.194 0.075 0.000 0.463 0.813 0.273 0.243 1.223 0.493 0.232 0.652 0.752 0.432 0.262 0.082 1.031 0.961 0.941 0.000 0.000 0.921 0.391 1.131 0.591 0.931 0.741 0.571 1.331 0.431 1.051 0.005 1.220 1.180 1.020 0.000 0.160 0.080 0.060 0.640 0.710 0.000 0.200 0.070 0.120
0.879 1.599 0.269 0.460 0.360 0.720 0.000 0.711 1.021 0.291 0.191 0.501 0.481 0.541 0.401 0.000 2.170 0.410 0.500 0.630 0.500 0.330 0.340 0.430 0.370 0.330 0.131 0.201 0.432 0.962 1.192 0.343 0.494 0.504 0.000 0.463 0.973 0.143 0.193 1.323 0.143 1.063 0.272 1.282 0.672 0.422 0.531 0.801 0.251 0.121 1.121 1.061 0.791 0.101 0.551 0.891 0.441 1.011 1.301 0.771 0.641 1.021 0.000 0.990 1.190 1.210 0.000 0.860 1.340 0.590 0.910 1.110 0.120 0.880 0.750 1.040 0.380
0.000 0.002 0.079 1.500 0.070 0.520 0.000 0.721 0.881 0.451 0.631 0.581 0.401 0.601 0.271 0.000 3.010 0.660 0.740 0.680 0.760 0.440 0.280 0.450 0.400 0.390 0.021 0.000 0.000 0.222 0.422 0.512 0.213 0.000 0.000 0.993 0.883 0.163 0.583 0.453 0.713 1.053 0.232 0.202 0.312 0.552 0.381 0.431 0.641 0.371 0.751 0.481 0.391 1.041 0.301 0.681 0.711 1.681 0.721 1.031 1.110 0.210 1.220 1.140 1.240 0.000 1.080 1.160 1.060 1.240 1.210 0.820 1.020 1.150 1.220 1.130 1.010
1.278 0.004 0.169 1.510 0.780 0.510 0.340 0.700 0.321 0.561 0.681 0.431 0.671 0.421 0.171 0.000 2.800 0.890 0.750 0.640 0.830 0.440 0.260 0.210 0.300 0.410 0.280 0.491 0.441 0.771 0.601 0.711 0.000 0.333 0.893 1.063 0.423 0.543 0.903 0.453 0.000 1.492 0.082 0.352 0.152 0.142 0.961 1.541 0.961 0.171 0.171 0.501 0.751 0.651 0.500 0.350 0.620 0.560 0.600 0.340 0.850 1.250 1.120 0.910 0.900 0.980 1.350 1.040 1.210 1.070 0.420 0.000 1.050 1.150 1.190 1.260 1.280
1.578 1.628 1.448 0.130 1.020 0.370 0.460 0.780 0.000 0.551 0.481 0.521 1.181 0.311 0.011 0.000 2.630 0.410 0.740 0.450 0.650 0.230 0.470 0.250 0.350 0.390 0.280 0.571 1.341 0.661 0.241 0.121 0.000 0.893 1.103 1.063 0.203 1.063 1.113 0.333 1.312 1.342 1.492 0.422 0.482 1.192 0.061 0.711 1.331 0.871 0.291 0.861 0.341 0.000 0.720 0.620 0.750 0.340 0.500 1.270 1.240 1.110 0.000 0.830 0.960 1.210 0.910 1.020 1.060 1.330 1.100 0.060 1.260 1.160 1.220 1.200 1.270
1.618 0.196 1.708 0.000 0.860 0.000 0.650 0.720 0.700 0.460 0.480 0.450 0.420 0.700 0.100 0.000 2.420 0.000 0.810 0.580 0.680 0.240 0.660 0.490 1.300 0.650 0.530 0.210 0.280 0.000 0.349 0.000 0.063 1.003 0.943 0.243 1.243 1.283 1.323 0.113 1.322 0.392 1.102 0.202 1.132 0.402 1.211 0.121 1.121 1.461 0.931 0.271 0.960 1.040 0.080 0.520 0.780 0.590 1.340 1.280 1.400 0.000 0.710 0.920 1.000 1.060 1.120 1.100 1.160 1.240 1.230 0.620 0.000 1.150 1.220 1.440 1.180
0.000 0.204 1.648 0.889 0.639 0.149 0.730 0.050 0.400 0.740 0.770 0.460 0.390 0.450 0.180 0.000 0.320 0.000 0.840 0.710 0.800 0.800 0.470 0.760 1.010 0.800 0.000 0.129 1.378 1.288 1.148 0.838 0.000 0.973 0.933 0.183 1.343 1.523 0.313 1.132 0.462 1.422 0.392 0.792 1.192 0.352 0.501 1.221 0.071 1.241 0.320 0.680 0.230 0.170 0.200 1.310 1.000 0.940 0.810 1.260 0.000 0.660 0.970 1.170 1.230 1.100 1.130 1.150 1.240 1.270 1.230 1.250 1.370 1.120 1.050 1.160 1.190
0.000 1.417 0.000 1.049 0.939 0.899 1.179 0.100 0.680 0.390 0.410 0.530 0.690 0.580 0.000 2.595 0.000 0.840 0.890 0.900 0.790 0.590 0.710 0.880 0.560 0.319 0.668 1.438 1.608 1.348 1.318 1.268 0.000 0.353 0.313 1.413 1.333 1.173 0.393 1.222 0.892 1.052 0.162 1.372 1.162 1.112 0.311 0.461 1.661 1.561 0.710 1.060 0.520 0.960 0.830 0.970 1.250 0.940 0.560 0.990 0.110 0.840 1.210 1.080 1.040 1.150 1.240 1.110 1.190 1.320 1.370 1.290 0.530 1.060 0.740 1.200 1.230
0.514 0.645 0.185 0.016 0.000 0.040 0.064 0.539 0.130 0.420 0.540 0.600 0.230 0.670 0.000 0.885 0.000 0.450 0.470 0.180 0.880 0.460 0.670 0.500 0.109 0.159 1.688 1.618 1.548 1.368 1.318 1.418 0.004 0.000 0.203 0.273 0.533 0.183 0.612 0.432 1.072 0.442 0.282 0.482 0.542 1.382 0.511 0.181 0.190 0.290 0.260 0.680 0.860 0.730 1.010 1.060 0.930 0.950 0.760 1.010 0.640 0.800 1.170 1.140 1.050 1.330 1.200 1.200 1.190 1.190 1.200 1.110 0.170 1.010 1.120 1.200 1.160
