includes/camargue/floodfiles/results/res-0007.wd
ncols         906
nrows         631
xllcorner     362177.146667
yllcorner     6534725.688020
cellsize      20.000000
NODATA_value  -9999.000000
[rows 510 to 543 of 631, columns 693 to 769 of 906]
3.763 3.751 3.782 3.859 3.936 4.014 4.091 4.168 4.245 4.322 4.399 4.476 4.537 4.591 4.646 4.723 4.922 5.121 5.320 5.519 5.718 5.917 6.115 6.314 6.513 6.707 6.836 6.966 7.095 7.252 7.413 7.573 7.733 7.893 8.054 8.214 8.374 8.534 8.694 8.857 9.026 9.195 9.256 9.226 9.195 9.165 9.135 9.104 9.074 9.043 9.013 8.983 8.952 8.922 8.893 8.864 8.860 8.886 8.912 8.938 8.963 8.989 9.015 9.040 9.066 9.092 9.118 9.143 9.169 9.195 9.258 9.438 9.617 9.881 10.145 10.409 10.673
3.867 3.860 3.937 4.014 4.091 4.169 4.246 4.323 4.400 4.477 4.554 4.631 4.705 4.759 4.814 4.974 5.173 5.372 5.571 5.770 5.969 6.168 6.366 6.565 6.764 6.963 7.127 7.257 7.401 7.561 7.721 7.881 8.041 8.202 8.362 8.522 8.682 8.842 9.003 9.163 9.329 9.482 9.452 9.421 9.391 9.360 9.330 9.300 9.269 9.239 9.209 9.178 9.148 9.118 9.087 9.059 9.082 9.108 9.134 9.160 9.186 9.211 9.237 9.263 9.288 9.314 9.340 9.366 9.391 9.417 9.443 9.548 9.753 10.017 10.281 10.505 10.709
3.971 4.015 4.092 4.169 4.246 4.323 4.401 4.478 4.555 4.632 4.709 4.786 4.863 4.927 5.026 5.225 5.424 5.623 5.822 6.021 6.220 6.419 6.618 6.816 7.015 7.214 7.413 7.549 7.709 7.869 8.029 8.189 8.350 8.510 8.670 8.830 8.990 9.151 9.311 9.471 9.632 9.678 9.647 9.617 9.586 9.556 9.526 9.495 9.465 9.435 9.404 9.374 9.343 9.313 9.283 9.279 9.305 9.330 9.356 9.382 9.408 9.433 9.459 9.485 9.511 9.536 9.562 9.588 9.613 9.639 9.665 9.691 9.878 10.082 10.286 10.490 10.693
4.093 4.170 4.247 4.324 4.401 4.478 4.555 4.633 4.710 4.787 4.864 4.941 5.018 5.095 5.277 5.476 5.675 5.874 6.074 6.278 6.481 6.684 6.888 7.091 7.295 7.498 7.701 7.832 7.989 8.147 8.304 8.461 8.618 8.776 8.933 9.090 9.247 9.404 9.562 9.719 9.809 9.691 9.653 9.615 9.578 9.540 9.502 9.464 9.426 9.388 9.351 9.313 9.275 9.237 9.214 9.315 9.342 9.370 9.397 9.425 9.452 9.479 9.506 9.534 9.561 9.588 9.616 9.643 9.670 9.698 9.725 9.766 9.887 10.066 10.270 10.474 10.677
4.356 4.437 4.518 4.600 4.681 4.762 4.843 4.924 5.005 5.086 5.167 5.248 5.329 5.478 5.694 5.897 6.101 6.304 6.508 6.711 6.914 7.118 7.321 7.525 7.728 7.931 8.094 8.072 8.190 8.347 8.504 8.662 8.819 8.976 9.133 9.290 9.448 9.605 9.762 9.919 9.797 9.596 9.552 9.514 9.476 9.438 9.400 9.363 9.325 9.287 9.249 9.211 9.174 9.136 9.204 9.309 9.368 9.396 9.423 9.450 9.478 9.505 9.532 9.560 9.587 9.614 9.641 9.669 9.696 9.723 9.758 9.824 9.931 10.098 10.265 10.458 10.662
4.622 4.774 4.855 4.936 5.018 5.099 5.180 5.261 5.342 5.423 5.504 5.585 5.672 5.898 6.124 6.331 6.534 6.738 6.941 7.144 7.348 7.551 7.754 7.958 8.161 8.365 8.398 8.376 8.391 8.548 8.705 8.862 9.019 9.177 9.334 9.491 9.648 9.805 9.963 9.987 9.786 9.585 9.450 9.412 9.375 9.337 9.299 9.261 9.223 9.185 9.148 9.110 9.072 9.088 9.193 9.298 9.394 9.422 9.449 9.476 9.504 9.531 9.558 9.586 9.613 9.640 9.667 9.695 9.722 9.751 9.816 9.882 9.975 10.142 10.309 10.476 10.646
4.873 5.105 5.192 5.273 5.354 5.436 5.517 5.598 5.679 5.760 5.841 5.922 6.092 6.318 6.544 6.764 6.967 7.171 7.374 7.578 7.781 7.984 8.188 8.391 8.595 8.723 8.701 8.679 8.657 8.748 8.906 9.063 9.220 9.377 9.534 9.692 9.849 10.006 10.163 9.975 9.774 9.573 9.372 9.311 9.273 9.235 9.197 9.160 9.122 9.084 9.046 9.008 8.973 9.078 9.183 9.288 9.392 9.448 9.475 9.502 9.529 9.557 9.584 9.611 9.639 9.666 9.693 9.721 9.748 9.809 9.874 9.940 10.019 10.186 10.353 10.520 10.687
5.124 5.356 5.529 5.610 5.691 5.772 5.853 5.934 6.015 6.097 6.178 6.286 6.512 6.738 6.964 7.191 7.401 7.604 7.808 8.011 8.214 8.418 8.621 8.824 9.028 9.026 9.004 8.982 8.960 8.949 9.106 9.263 9.420 9.578 9.735 9.892 10.049 10.207 10.165 9.964 9.763 9.562 9.360 9.209 9.172 9.134 9.096 9.058 9.020 8.983 8.945 8.907 8.963 9.067 9.172 9.277 9.382 9.473 9.501 9.528 9.555 9.583 9.610 9.637 9.665 9.692 9.719 9.747 9.802 9.867 9.932 9.997 10.064 10.231 10.398 10.565 10.732
5.375 5.607 5.839 5.947 6.028 6.109 6.190 6.271 6.352 6.433 6.514 6.706 6.932 7.158 7.385 7.611 7.834 8.038 8.241 8.444 8.648 8.851 9.054 9.258 9.351 9.329 9.307 9.285 9.263 9.241 9.307 9.464 9.621 9.778 9.935 10.093 10.250 10.355 10.153 9.952 9.751 9.550 9.349 9.148 9.070 9.032 8.995 8.957 8.919 8.881 8.843 8.847 8.952 9.057 9.162 9.267 9.372 9.476 9.527 9.554 9.581 9.609 9.636 9.663 9.691 9.718 9.745 9.794 9.860 9.925 9.990 10.056 10.121 10.275 10.442 10.609 10.776
5.625 5.858 6.090 6.284 6.365 6.446 6.527 6.608 6.689 6.770 6.899 7.126 7.352 7.578 7.805 8.031 8.257 8.471 8.674 8.878 9.081 9.284 9.488 9.676 9.654 9.632 9.610 9.588 9.566 9.544 9.522 9.664 9.821 9.979 10.136 10.293 10.450 10.343 10.142 9.941 9.740 9.538 9.337 9.136 8.969 8.931 8.893 8.855 8.817 8.780 8.742 8.837 8.942 9.047 9.151 9.256 9.361 9.466 9.553 9.580 9.607 9.635 9.662 9.689 9.716 9.744 9.787 9.853 9.918 9.983 10.048 10.113 10.179 10.319 10.486 10.653 10.820
5.876 6.109 6.341 6.574 6.701 6.782 6.864 6.945 7.026 7.107 7.319 7.546 7.772 7.998 8.225 8.451 8.677 8.903 9.107 9.311 9.514 9.717 9.921 9.980 9.958 9.936 9.914 9.892 9.869 9.847 9.825 9.865 10.022 10.179 10.336 10.494 10.533 10.331 10.130 9.929 9.728 9.527 9.326 9.125 8.924 8.829 8.792 8.754 8.716 8.678 8.722 8.826 8.931 9.036 9.141 9.246 9.351 9.455 9.560 9.606 9.633 9.660 9.688 9.715 9.742 9.780 9.845 9.910 9.976 10.041 10.106 10.172 10.237 10.363 10.530 10.697 10.864
6.127 6.360 6.592 6.824 7.038 7.119 7.200 7.281 7.362 7.513 7.740 7.966 8.192 8.418 8.645 8.871 9.097 9.323 9.541 9.744 9.947 10.151 10.305 10.283 10.261 10.239 10.217 10.195 10.173 10.151 10.129 10.106 10.223 10.380 10.537 10.694 10.521 10.320 10.119 9.918 9.717 9.515 9.314 9.113 8.912 8.728 8.690 8.652 8.614 8.606 8.711 8.816 8.921 9.026 9.130 9.235 9.340 9.445 9.550 9.632 9.659 9.686 9.714 9.741 9.773 9.838 9.903 9.969 10.034 10.099 10.164 10.229 10.295 10.408 10.575 10.742 10.909
6.378 6.610 6.843 7.075 7.308 7.456 7.537 7.618 7.707 7.933 8.160 8.386 8.612 8.838 9.065 9.291 9.517 9.743 9.970 10.177 10.381 10.584 10.608 10.586 10.564 10.542 10.520 10.498 10.476 10.454 10.432 10.410 10.423 10.580 10.737 10.711 10.509 10.308 10.107 9.906 9.705 9.504 9.303 9.102 8.900 8.699 8.588 8.551 8.513 8.596 8.701 8.806 8.910 9.015 9.120 9.225 9.330 9.434 9.539 9.644 9.685 9.712 9.740 9.767 9.831 9.896 9.961 10.027 10.092 10.157 10.222 10.288 10.353 10.452 10.619 10.786 10.953
6.629 6.861 7.093 7.326 7.558 7.791 7.874 7.955 8.127 8.353 8.580 8.806 9.032 9.258 9.485 9.711 9.937 10.163 10.390 10.610 10.814 10.933 10.911 10.889 10.867 10.845 10.823 10.801 10.779 10.757 10.735 10.713 10.691 10.781 10.900 10.699 10.498 10.297 10.096 9.894 9.693 9.492 9.291 9.090 8.889 8.688 8.487 8.449 8.480 8.585 8.690 8.795 8.900 9.005 9.110 9.214 9.319 9.424 9.529 9.634 9.711 9.738 9.765 9.824 9.889 9.954 10.019 10.085 10.150 10.215 10.280 10.346 10.411 10.496 10.663 10.830 10.997
6.879 7.112 7.344 7.577 7.809 8.041 8.210 8.321 8.547 8.773 9.000 9.226 9.452 9.678 9.905 10.131 10.357 10.583 10.809 11.036 11.247 11.236 11.214 11.192 11.170 11.148 11.126 11.104 11.082 11.060 11.038 11.016 10.994 10.981 10.889 10.687 10.486 10.285 10.084 9.883 9.682 9.481 9.280 9.078 8.877 8.676 8.475 8.365 8.470 8.575 8.680 8.785 8.889 8.994 9.099 9.204 9.309 9.414 9.518 9.623 9.728 9.764 9.816 9.882 9.947 10.012 10.077 10.143 10.208 10.273 10.338 10.404 10.469 10.540 10.707 10.874 11.041
7.130 7.363 7.595 7.827 8.060 8.292 8.524 8.741 8.967 9.185 9.402 9.619 9.836 10.053 10.270 10.487 10.704 10.921 11.137 11.354 11.429 11.399 11.369 11.340 11.310 11.281 11.251 11.222 11.192 11.162 11.133 11.103 11.073 11.014 10.847 10.645 10.444 10.243 10.042 9.840 9.639 9.438 9.237 9.036 8.834 8.633 8.432 8.367 8.465 8.570 8.674 8.778 8.883 8.987 9.092 9.196 9.301 9.405 9.509 9.614 9.718 9.809 9.874 9.940 10.005 10.070 10.135 10.201 10.266 10.331 10.396 10.462 10.527 10.592 10.752 10.919 11.086
7.351 7.582 7.814 8.045 8.276 8.508 8.717 8.895 9.112 9.329 9.546 9.763 9.979 10.196 10.413 10.630 10.847 11.064 11.281 11.474 11.413 11.368 11.339 11.309 11.279 11.250 11.220 11.191 11.161 11.131 11.102 11.072 11.043 10.921 10.788 10.590 10.389 10.187 9.986 9.785 9.584 9.383 9.181 8.980 8.779 8.578 8.448 8.426 8.463 8.567 8.672 8.776 8.881 8.985 9.090 9.194 9.298 9.403 9.507 9.612 9.712 9.796 9.878 9.961 10.043 10.125 10.193 10.259 10.324 10.389 10.454 10.520 10.585 10.650 10.796 10.963 11.130
7.563 7.794 8.026 8.257 8.489 8.720 8.892 9.057 9.255 9.472 9.689 9.906 10.123 10.340 10.557 10.773 10.990 11.207 11.424 11.461 11.400 11.340 11.308 11.278 11.249 11.219 11.189 11.160 11.130 11.101 11.071 11.041 10.962 10.829 10.695 10.534 10.333 10.132 9.931 9.729 9.528 9.327 9.126 8.925 8.723 8.529 8.507 8.485 8.464 8.565 8.670 8.774 8.878 8.983 9.087 9.192 9.296 9.401 9.505 9.609 9.695 9.779 9.862 9.945 10.027 10.110 10.192 10.274 10.357 10.439 10.512 10.578 10.643 10.708 10.840 11.007 11.093
7.775 8.006 8.238 8.469 8.701 8.902 9.067 9.232 9.399 9.616 9.832 10.049 10.266 10.483 10.700 10.917 11.134 11.351 11.508 11.448 11.387 11.327 11.277 11.247 11.218 11.188 11.159 11.129 11.099 11.070 11.040 11.003 10.870 10.736 10.603 10.469 10.278 10.076 9.875 9.674 9.473 9.272 9.070 8.869 8.668 8.588 8.566 8.544 8.523 8.563 8.667 8.772 8.876 8.981 9.085 9.190 9.294 9.398 9.503 9.594 9.678 9.763 9.847 9.929 10.011 10.094 10.176 10.258 10.341 10.423 10.505 10.588 10.670 10.753 10.831 10.917 11.002
7.987 8.218 8.450 8.681 8.913 9.077 9.242 9.407 9.572 9.759 9.976 10.193 10.410 10.626 10.843 11.060 11.277 11.494 11.496 11.435 11.375 11.314 11.254 11.217 11.187 11.157 11.128 11.098 11.069 11.039 11.009 10.910 10.777 10.644 10.510 10.377 10.222 10.021 9.820 9.619 9.417 9.216 9.015 8.814 8.668 8.647 8.625 8.603 8.582 8.561 8.665 8.770 8.874 8.978 9.083 9.187 9.292 9.396 9.492 9.577 9.662 9.746 9.831 9.913 9.995 10.078 10.160 10.242 10.325 10.407 10.490 10.572 10.654 10.705 10.752 10.828 10.911
8.199 8.431 8.662 8.893 9.088 9.252 9.417 9.582 9.747 9.911 10.119 10.336 10.553 10.770 10.987 11.204 11.420 11.542 11.482 11.422 11.362 11.301 11.241 11.186 11.156 11.127 11.097 11.067 11.038 11.008 10.951 10.818 10.685 10.551 10.418 10.284 10.151 9.965 9.764 9.563 9.362 9.161 8.959 8.758 8.727 8.706 8.684 8.662 8.641 8.619 8.663 8.767 8.872 8.976 9.081 9.185 9.290 9.391 9.476 9.560 9.645 9.730 9.814 9.897 9.980 10.062 10.144 10.227 10.309 10.391 10.474 10.556 10.610 10.635 10.676 10.753 10.829
8.411 8.643 8.874 9.098 9.263 9.428 9.592 9.757 9.922 10.086 10.263 10.479 10.696 10.913 11.130 11.347 11.564 11.530 11.469 11.409 11.349 11.288 11.228 11.168 11.125 11.096 11.066 11.036 11.007 10.977 10.859 10.725 10.592 10.459 10.325 10.192 10.058 9.910 9.709 9.508 9.306 9.105 8.904 8.808 8.786 8.765 8.743 8.722 8.700 8.678 8.661 8.765 8.870 8.974 9.078 9.183 9.287 9.374 9.459 9.544 9.628 9.713 9.797 9.881 9.964 10.046 10.128 10.211 10.293 10.376 10.458 10.514 10.540 10.566 10.601 10.677 10.754
8.623 8.855 9.086 9.273 9.438 9.603 9.767 9.932 10.097 10.262 10.426 10.623 10.840 11.057 11.273 11.490 11.577 11.517 11.456 11.396 11.336 11.275 11.215 11.155 11.095 11.065 11.035 11.006 10.976 10.900 10.766 10.633 10.499 10.366 10.233 10.099 9.966 9.832 9.653 9.452 9.251 9.050 8.889 8.867 8.845 8.824 8.802 8.781 8.759 8.737 8.716 8.763 8.867 8.972 9.076 9.181 9.273 9.358 9.442 9.527 9.612 9.696 9.781 9.865 9.948 10.030 10.113 10.195 10.277 10.360 10.418 10.444 10.470 10.496 10.525 10.602 10.678
8.835 9.067 9.283 9.448 9.613 9.778 9.942 10.107 10.272 10.436 10.601 10.766 10.983 11.200 11.417 11.624 11.564 11.504 11.443 11.383 11.323 11.263 11.202 11.142 11.082 11.034 11.004 10.975 10.941 10.807 10.674 10.540 10.407 10.274 10.140 10.007 9.873 9.740 9.598 9.397 9.195 8.994 8.948 8.926 8.905 8.883 8.861 8.840 8.818 8.796 8.775 8.761 8.865 8.970 9.074 9.172 9.257 9.341 9.426 9.510 9.595 9.679 9.764 9.849 9.932 10.014 10.097 10.179 10.261 10.322 10.348 10.374 10.400 10.426 10.452 10.526 10.603
9.048 9.279 9.458 9.623 9.788 9.953 10.117 10.282 10.447 10.611 10.776 10.941 11.126 11.343 11.560 11.611 11.551 11.491 11.430 11.370 11.310 11.250 11.189 11.129 11.069 11.008 10.974 10.944 10.848 10.715 10.581 10.448 10.314 10.181 10.048 9.914 9.781 9.647 9.514 9.341 9.140 9.028 9.007 8.985 8.964 8.942 8.920 8.899 8.877 8.855 8.834 8.812 8.863 8.968 9.071 9.155 9.240 9.324 9.409 9.494 9.578 9.663 9.747 9.832 9.916 9.998 10.081 10.163 10.227 10.253 10.279 10.305 10.331 10.357 10.382 10.451 10.527
9.260 9.469 9.633 9.798 9.963 10.128 10.292 10.457 10.622 10.786 10.951 11.116 11.281 11.487 11.659 11.599 11.539 11.478 11.417 11.357 11.297 11.237 11.176 11.116 11.056 10.995 10.943 10.889 10.756 10.622 10.489 10.355 10.222 10.089 9.955 9.822 9.688 9.555 9.422 9.286 9.109 9.087 9.066 9.044 9.023 9.001 8.979 8.958 8.936 8.914 8.893 8.871 8.861 8.965 9.054 9.139 9.223 9.308 9.392 9.477 9.562 9.646 9.731 9.815 9.900 9.982 10.065 10.131 10.157 10.183 10.209 10.235 10.261 10.287 10.313 10.375 10.452
9.472 9.644 9.809 9.973 10.138 10.303 10.467 10.632 10.797 10.961 11.126 11.291 11.456 11.630 11.645 11.585 11.525 11.465 11.404 11.344 11.284 11.224 11.163 11.103 11.038 10.973 10.908 10.794 10.660 10.526 10.393 10.259 10.126 9.992 9.858 9.725 9.591 9.458 9.324 9.191 9.149 9.129 9.109 9.090 9.070 9.051 9.031 9.011 8.992 8.972 8.952 8.930 8.909 8.953 9.037 9.122 9.207 9.291 9.376 9.460 9.545 9.630 9.714 9.799 9.883 9.967 10.035 10.061 10.087 10.113 10.139 10.165 10.191 10.217 10.243 10.300 10.376
9.654 9.819 9.984 10.148 10.313 10.471 10.626 10.781 10.936 11.092 11.247 11.402 11.556 11.642 11.557 11.492 11.427 11.362 11.297 11.232 11.167 11.102 11.037 10.972 10.907 10.842 10.770 10.680 10.546 10.412 10.279 10.145 10.012 9.878 9.745 9.611 9.477 9.344 9.210 9.127 9.121 9.102 9.082 9.063 9.043 9.024 9.004 8.984 8.965 8.945 8.926 8.906 8.897 8.941 9.025 9.109 9.194 9.278 9.362 9.446 9.530 9.614 9.699 9.783 9.867 9.940 9.966 9.991 10.017 10.043 10.069 10.095 10.121 10.147 10.173 10.224 10.301
9.732 9.887 10.042 10.197 10.352 10.508 10.663 10.818 10.973 11.128 11.283 11.438 11.593 11.542 11.429 11.362 11.297 11.232 11.167 11.102 11.037 10.972 10.907 10.842 10.777 10.712 10.628 10.543 10.432 10.299 10.165 10.031 9.898 9.764 9.631 9.497 9.363 9.230 9.097 9.092 9.087 9.075 9.055 9.036 9.016 8.997 8.977 8.957 8.938 8.918 8.899 8.879 8.908 8.946 9.014 9.098 9.182 9.267 9.351 9.435 9.519 9.603 9.688 9.772 9.856 9.916 9.944 9.961 9.979 9.996 10.013 10.031 10.051 10.077 10.103 10.149 10.225
9.779 9.924 10.079 10.234 10.389 10.544 10.699 10.854 11.009 11.164 11.319 11.475 11.555 11.441 11.329 11.231 11.167 11.102 11.037 10.972 10.907 10.842 10.777 10.712 10.647 10.571 10.486 10.402 10.317 10.185 10.051 9.917 9.784 9.650 9.517 9.383 9.249 9.116 9.063 9.058 9.052 9.047 9.028 9.009 8.989 8.970 8.950 8.930 8.911 8.891 8.872 8.881 8.919 8.957 9.003 9.087 9.171 9.255 9.340 9.424 9.508 9.592 9.676 9.761 9.829 9.886 9.933 9.950 9.968 9.985 10.002 10.020 10.037 10.055 10.072 10.083 10.148
9.829 9.965 10.115 10.270 10.425 10.580 10.736 10.891 11.046 11.201 11.356 11.511 11.454 11.341 11.228 11.115 11.036 10.971 10.906 10.841 10.776 10.711 10.646 10.581 10.514 10.429 10.345 10.260 10.175 10.071 9.937 9.803 9.670 9.536 9.403 9.269 9.136 9.034 9.028 9.023 9.018 9.012 9.001 8.982 8.962 8.943 8.923 8.903 8.884 8.864 8.854 8.892 8.930 8.968 9.007 9.076 9.160 9.244 9.328 9.413 9.497 9.581 9.665 9.743 9.799 9.856 9.913 9.939 9.957 9.974 9.991 10.009 10.026 10.044 10.059 10.067 10.075
9.879 10.015 10.152 10.307 10.462 10.617 10.772 10.927 11.082 11.237 11.392 11.466 11.353 11.240 11.127 11.015 10.906 10.841 10.776 10.711 10.646 10.581 10.516 10.451 10.373 10.288 10.203 10.118 10.034 9.949 9.823 9.690 9.556 9.422 9.289 9.155 9.022 8.999 8.994 8.988 8.983 8.978 8.973 8.955 8.935 8.916 8.896 8.876 8.857 8.837 8.865 8.903 8.941 8.979 9.018 9.065 9.149 9.233 9.317 9.402 9.486 9.570 9.654 9.713 9.769 9.826 9.883 9.928 9.946 9.963 9.981 9.998 10.015 10.033 10.043 10.051 10.059
9.929 10.065 10.201 10.343 10.498 10.653 10.808 10.963 11.119 11.274 11.429 11.365 11.252 11.139 11.027 10.914 10.801 10.711 10.646 10.581 10.516 10.451 10.386 10.316 10.231 10.146 10.062 9.977 9.892 9.808 9.709 9.576 9.442 9.308 9.175 9.041 8.970 8.965 8.959 8.954 8.949 8.943 8.938 8.928 8.908 8.888 8.869 8.849 8.830 8.838 8.876 8.914 8.952 8.990 9.029 9.067 9.138 9.222 9.306 9.390 9.475 9.559 9.626 9.683 9.740 9.796 9.853 9.910 9.935 9.952 9.970 9.987 10.005 10.019 10.027 10.035 10.043
9.979 10.115 10.251 10.387 10.535 10.690 10.845 11.000 11.155 11.310 11.377 11.264 11.152 11.039 10.926 10.813 10.701 10.588 10.515 10.450 10.385 10.320 10.255 10.174 10.089 10.005 9.920 9.835 9.751 9.666 9.581 9.462 9.328 9.195 9.061 8.941 8.935 8.930 8.925 8.919 8.914 8.909 8.904 8.898 8.881 8.862 8.842 8.822 8.811 8.849 8.887 8.925 8.963 9.001 9.040 9.078 9.127 9.211 9.295 9.379 9.463 9.540 9.596 9.653 9.710 9.767 9.823 9.880 9.924 9.941 9.959 9.976 9.994 10.003 10.011 10.019 10.027
