includes/camargue/floodfiles/results/res-0010.wdfp
ncols         906
nrows         631
xllcorner     362177.146667
yllcorner     6534725.688020
cellsize      20.000000
NODATA_value  -9999.000000
[rows 510 to 543 of 631, columns 462 to 538 of 906]
0.005 0.007 0.008 0.007 0.006 0.005 0.004 0.004 0.003 0.002 0.002 0.002 0.002 0.002 0.003 0.003 0.004 0.004 0.005 0.005 0.006 0.008 0.010 0.014 0.019 0.022 0.018 0.015 0.013 0.011 0.009 0.007 0.006 0.005 0.005 0.005 0.005 0.005 0.005 0.005 0.005 0.005 0.005 0.005 0.004 0.004 0.002 0.002 0.001 0.002 0.002 0.003 0.004 0.004 0.004 0.004 0.004 0.004 0.004 0.008 0.002 0.000 0.000 0.000 0.000 0.000 0.000 0.000 0.000 0.000 0.000 0.000 0.000 0.000 0.000 0.000 0.001
0.005 0.006 0.007 0.007 0.007 0.006 0.005 0.004 0.004 0.003 0.002 0.002 0.002 0.002 0.003 0.003 0.003 0.004 0.005 0.005 0.006 0.007 0.010 0.013 0.017 0.021 0.021 0.018 0.015 0.012 0.010 0.008 0.007 0.006 0.005 0.005 0.005 0.005 0.005 0.005 0.005 0.005 0.005 0.005 0.004 0.004 0.003 0.002 0.002 0.002 0.002 0.003 0.003 0.004 0.004 0.004 0.004 0.004 0.005 0.009 0.002 0.000 0.000 0.000 0.000 0.000 0.000 0.000 0.000 0.000 0.000 0.000 0.000 0.000 0.000 0.001 0.001
0.005 0.006 0.007 0.007 0.007 0.006 0.006 0.005 0.004 0.004 0.003 0.003 0.003 0.003 0.003 0.003 0.004 0.004 0.005 0.005 0.006 0.007 0.009 0.012 0.015 0.019 0.024 0.020 0.017 0.014 0.011 0.009 0.008 0.007 0.006 0.006 0.005 0.005 0.005 0.005 0.005 0.005 0.005 0.005 0.005 0.004 0.003 0.002 0.002 0.002 0.003 0.003 0.003 0.004 0.004 0.004 0.004 0.004 0.005 0.010 0.001 0.000 0.000 0.000 0.000 0.000 0.000 0.000 0.000 0.000 0.000 0.000 0.000 0.000 0.000 0.000 0.001
0.005 0.006 0.007 0.007 0.007 0.007 0.006 0.005 0.005 0.004 0.004 0.003 0.003 0.003 0.003 0.003 0.004 0.004 0.004 0.005 0.006 0.007 0.008 0.011 0.014 0.018 0.022 0.023 0.019 0.015 0.012 0.010 0.009 0.007 0.007 0.006 0.006 0.006 0.005 0.005 0.005 0.005 0.005 0.005 0.005 0.004 0.003 0.003 0.003 0.003 0.003 0.003 0.004 0.004 0.004 0.004 0.004 0.005 0.006 0.011 0.001 0.000 0.000 0.000 0.000 0.000 0.000 0.000 0.000 0.000 0.000 0.000 0.000 0.000 0.000 0.000 0.000
0.005 0.006 0.006 0.007 0.007 0.007 0.006 0.006 0.005 0.005 0.004 0.003 0.003 0.003 0.003 0.003 0.004 0.004 0.004 0.005 0.006 0.006 0.008 0.010 0.013 0.016 0.020 0.024 0.022 0.018 0.014 0.012 0.010 0.008 0.007 0.007 0.006 0.006 0.006 0.006 0.006 0.006 0.005 0.005 0.005 0.004 0.003 0.003 0.003 0.003 0.003 0.003 0.004 0.004 0.004 0.004 0.005 0.005 0.006 0.012 0.000 0.000 0.000 0.000 0.000 0.000 0.000 0.000 0.000 0.000 0.000 0.000 0.000 0.000 0.000 0.000 0.000
0.005 0.005 0.006 0.007 0.007 0.007 0.007 0.006 0.006 0.005 0.005 0.004 0.003 0.003 0.003 0.004 0.004 0.004 0.004 0.005 0.005 0.006 0.007 0.009 0.011 0.014 0.018 0.022 0.025 0.020 0.016 0.013 0.011 0.009 0.008 0.007 0.007 0.006 0.006 0.006 0.006 0.006 0.006 0.005 0.005 0.004 0.003 0.003 0.003 0.003 0.003 0.003 0.004 0.004 0.005 0.005 0.005 0.005 0.007 0.013 0.000 0.000 0.000 0.000 0.000 0.000 0.000 0.000 0.000 0.000 0.000 0.000 0.000 0.000 0.000 0.000 0.000
0.004 0.005 0.006 0.007 0.007 0.007 0.007 0.007 0.006 0.006 0.005 0.004 0.004 0.004 0.004 0.004 0.004 0.004 0.004 0.005 0.005 0.006 0.007 0.008 0.010 0.013 0.016 0.020 0.024 0.024 0.020 0.016 0.013 0.011 0.009 0.008 0.007 0.007 0.007 0.006 0.006 0.006 0.006 0.006 0.005 0.004 0.003 0.003 0.003 0.003 0.003 0.003 0.004 0.004 0.005 0.005 0.005 0.006 0.009 0.012 0.000 0.000 0.000 0.000 0.000 0.000 0.000 0.000 0.000 0.000 0.000 0.000 0.000 0.000 0.000 0.000 0.000
0.004 0.005 0.006 0.007 0.007 0.007 0.007 0.007 0.007 0.006 0.006 0.005 0.004 0.004 0.004 0.004 0.004 0.004 0.005 0.005 0.005 0.006 0.007 0.008 0.010 0.012 0.015 0.019 0.024 0.025 0.025 0.020 0.017 0.013 0.011 0.009 0.008 0.008 0.007 0.007 0.007 0.006 0.006 0.006 0.005 0.004 0.004 0.004 0.004 0.004 0.004 0.004 0.004 0.004 0.005 0.005 0.006 0.007 0.012 0.011 0.000 0.000 0.000 0.000 0.000 0.000 0.000 0.000 0.000 0.000 0.000 0.000 0.000 0.000 0.000 0.000 0.000
0.004 0.005 0.006 0.007 0.007 0.007 0.007 0.007 0.007 0.007 0.006 0.006 0.005 0.004 0.004 0.004 0.004 0.005 0.005 0.005 0.005 0.006 0.007 0.008 0.009 0.011 0.015 0.021 0.023 0.023 0.024 0.025 0.022 0.018 0.014 0.012 0.010 0.009 0.008 0.007 0.007 0.007 0.006 0.006 0.006 0.004 0.004 0.004 0.004 0.004 0.004 0.004 0.004 0.004 0.005 0.005 0.006 0.007 0.014 0.009 0.000 0.000 0.000 0.000 0.000 0.000 0.000 0.000 0.000 0.000 0.000 0.000 0.000 0.000 0.000 0.000 0.000
0.004 0.005 0.006 0.007 0.007 0.007 0.007 0.007 0.007 0.007 0.007 0.006 0.005 0.005 0.005 0.005 0.005 0.005 0.005 0.005 0.005 0.006 0.007 0.007 0.009 0.012 0.017 0.020 0.021 0.021 0.023 0.024 0.025 0.025 0.020 0.016 0.013 0.010 0.009 0.008 0.008 0.007 0.007 0.006 0.006 0.004 0.004 0.004 0.004 0.004 0.004 0.004 0.004 0.004 0.005 0.005 0.006 0.008 0.013 0.016 0.004 0.000 0.000 0.000 0.000 0.000 0.000 0.000 0.000 0.000 0.000 0.000 0.000 0.000 0.000 0.000 0.000
0.004 0.005 0.006 0.006 0.007 0.007 0.008 0.008 0.008 0.007 0.007 0.007 0.006 0.005 0.005 0.005 0.005 0.005 0.005 0.005 0.006 0.006 0.007 0.007 0.010 0.014 0.017 0.019 0.020 0.019 0.021 0.023 0.024 0.025 0.025 0.022 0.018 0.014 0.011 0.010 0.009 0.008 0.007 0.007 0.006 0.004 0.004 0.004 0.004 0.004 0.004 0.004 0.004 0.005 0.005 0.006 0.007 0.009 0.011 0.013 0.012 0.010 0.001 0.000 0.000 0.000 0.000 0.000 0.000 0.000 0.000 0.000 0.000 0.000 0.000 0.000 0.000
0.004 0.005 0.006 0.006 0.007 0.007 0.008 0.008 0.008 0.008 0.007 0.007 0.006 0.005 0.005 0.005 0.005 0.005 0.005 0.006 0.006 0.006 0.007 0.008 0.012 0.014 0.016 0.018 0.018 0.018 0.020 0.022 0.023 0.024 0.024 0.024 0.025 0.020 0.016 0.013 0.010 0.009 0.008 0.007 0.006 0.004 0.004 0.004 0.004 0.004 0.005 0.005 0.005 0.005 0.006 0.007 0.008 0.009 0.009 0.010 0.011 0.012 0.011 0.007 0.000 0.000 0.000 0.000 0.000 0.000 0.000 0.000 0.000 0.000 0.000 0.000 0.000
0.004 0.005 0.006 0.006 0.007 0.007 0.008 0.008 0.008 0.008 0.008 0.007 0.007 0.006 0.006 0.006 0.006 0.006 0.006 0.006 0.006 0.006 0.008 0.010 0.012 0.014 0.015 0.017 0.018 0.017 0.019 0.020 0.022 0.023 0.024 0.024 0.025 0.024 0.023 0.018 0.014 0.011 0.009 0.008 0.006 0.005 0.005 0.005 0.005 0.005 0.005 0.005 0.006 0.007 0.007 0.007 0.008 0.008 0.007 0.008 0.009 0.010 0.011 0.011 0.013 0.002 0.000 0.000 0.000 0.000 0.000 0.000 0.000 0.000 0.000 0.000 0.000
0.004 0.005 0.006 0.006 0.007 0.007 0.008 0.008 0.008 0.008 0.008 0.008 0.007 0.006 0.006 0.006 0.006 0.006 0.006 0.006 0.006 0.008 0.009 0.010 0.012 0.013 0.015 0.016 0.017 0.016 0.018 0.019 0.021 0.022 0.023 0.024 0.024 0.024 0.025 0.024 0.021 0.016 0.013 0.010 0.007 0.005 0.005 0.005 0.005 0.005 0.006 0.007 0.007 0.007 0.007 0.008 0.008 0.008 0.007 0.007 0.008 0.009 0.010 0.010 0.012 0.010 0.010 0.000 0.000 0.000 0.000 0.000 0.000 0.000 0.000 0.000 0.000
0.005 0.005 0.006 0.006 0.007 0.007 0.008 0.008 0.008 0.008 0.008 0.008 0.008 0.007 0.006 0.006 0.006 0.006 0.006 0.007 0.008 0.009 0.010 0.011 0.012 0.013 0.015 0.016 0.016 0.015 0.017 0.018 0.020 0.021 0.022 0.023 0.024 0.024 0.025 0.025 0.024 0.024 0.019 0.014 0.009 0.007 0.006 0.006 0.007 0.007 0.007 0.007 0.007 0.008 0.008 0.008 0.008 0.008 0.006 0.006 0.007 0.008 0.009 0.010 0.011 0.011 0.011 0.010 0.007 0.000 0.000 0.000 0.000 0.000 0.000 0.000 0.000
0.007 0.006 0.006 0.006 0.007 0.007 0.008 0.008 0.008 0.009 0.009 0.008 0.008 0.007 0.006 0.006 0.007 0.007 0.007 0.009 0.009 0.009 0.010 0.011 0.012 0.013 0.014 0.015 0.016 0.015 0.016 0.017 0.019 0.020 0.022 0.023 0.023 0.024 0.024 0.025 0.025 0.024 0.024 0.020 0.014 0.011 0.010 0.010 0.009 0.008 0.008 0.008 0.008 0.008 0.008 0.008 0.009 0.008 0.006 0.006 0.007 0.008 0.008 0.009 0.010 0.010 0.011 0.011 0.011 0.012 0.004 0.000 0.000 0.000 0.000 0.000 0.001
0.009 0.007 0.006 0.005 0.006 0.006 0.007 0.008 0.008 0.008 0.009 0.009 0.008 0.008 0.007 0.007 0.007 0.007 0.009 0.009 0.009 0.010 0.010 0.011 0.012 0.013 0.014 0.015 0.015 0.015 0.015 0.017 0.018 0.020 0.021 0.022 0.023 0.024 0.024 0.024 0.024 0.024 0.023 0.021 0.018 0.014 0.012 0.011 0.010 0.009 0.009 0.009 0.009 0.009 0.009 0.009 0.009 0.008 0.006 0.006 0.006 0.007 0.008 0.009 0.009 0.010 0.010 0.011 0.011 0.012 0.010 0.009 0.005 0.002 0.000 0.001 0.002
0.012 0.009 0.007 0.006 0.006 0.006 0.007 0.007 0.007 0.007 0.008 0.008 0.008 0.008 0.007 0.007 0.007 0.009 0.009 0.009 0.010 0.010 0.011 0.011 0.012 0.013 0.014 0.015 0.015 0.014 0.015 0.016 0.017 0.019 0.020 0.021 0.022 0.023 0.024 0.024 0.023 0.022 0.020 0.018 0.022 0.017 0.010 0.010 0.010 0.010 0.009 0.009 0.009 0.009 0.009 0.009 0.009 0.009 0.006 0.006 0.006 0.007 0.007 0.008 0.009 0.009 0.010 0.010 0.011 0.011 0.011 0.012 0.012 0.010 0.002 0.002 0.003
0.013 0.011 0.009 0.007 0.006 0.007 0.007 0.007 0.007 0.007 0.007 0.007 0.007 0.007 0.007 0.007 0.008 0.009 0.009 0.010 0.010 0.010 0.011 0.012 0.013 0.013 0.014 0.015 0.015 0.014 0.014 0.016 0.017 0.018 0.019 0.021 0.022 0.022 0.023 0.022 0.021 0.018 0.019 0.019 0.026 0.021 0.013 0.008 0.007 0.009 0.009 0.009 0.010 0.010 0.010 0.010 0.010 0.009 0.006 0.006 0.006 0.007 0.007 0.008 0.008 0.009 0.010 0.010 0.011 0.011 0.011 0.012 0.013 0.013 0.012 0.008 0.004
0.012 0.013 0.010 0.008 0.007 0.007 0.007 0.007 0.007 0.007 0.008 0.008 0.007 0.007 0.006 0.007 0.005 0.007 0.008 0.009 0.010 0.010 0.011 0.012 0.013 0.013 0.014 0.015 0.015 0.014 0.014 0.015 0.016 0.018 0.019 0.020 0.021 0.021 0.020 0.018 0.018 0.018 0.019 0.020 0.030 0.024 0.016 0.009 0.007 0.005 0.007 0.009 0.009 0.010 0.010 0.010 0.010 0.009 0.006 0.006 0.006 0.007 0.007 0.008 0.008 0.009 0.009 0.010 0.010 0.011 0.011 0.012 0.014 0.013 0.013 0.012 0.014
0.011 0.015 0.012 0.010 0.008 0.007 0.007 0.007 0.007 0.008 0.008 0.008 0.007 0.007 0.006 0.010 0.005 0.005 0.004 0.006 0.008 0.009 0.010 0.011 0.012 0.013 0.014 0.015 0.015 0.014 0.014 0.015 0.016 0.017 0.018 0.019 0.019 0.017 0.017 0.017 0.018 0.018 0.019 0.021 0.033 0.027 0.018 0.011 0.007 0.006 0.006 0.006 0.008 0.009 0.010 0.010 0.010 0.009 0.006 0.006 0.007 0.007 0.007 0.007 0.008 0.008 0.009 0.010 0.010 0.011 0.011 0.013 0.014 0.014 0.014 0.013 0.014
0.010 0.016 0.014 0.011 0.009 0.008 0.008 0.008 0.008 0.008 0.008 0.008 0.007 0.007 0.007 0.012 0.006 0.005 0.005 0.006 0.006 0.005 0.008 0.010 0.011 0.012 0.013 0.014 0.014 0.013 0.013 0.014 0.015 0.016 0.016 0.016 0.015 0.016 0.016 0.017 0.018 0.018 0.019 0.022 0.036 0.029 0.021 0.013 0.008 0.006 0.006 0.006 0.006 0.006 0.009 0.009 0.010 0.009 0.006 0.006 0.007 0.007 0.007 0.008 0.008 0.008 0.009 0.009 0.010 0.010 0.011 0.012 0.014 0.014 0.014 0.014 0.015
0.009 0.015 0.016 0.013 0.011 0.009 0.008 0.008 0.008 0.008 0.008 0.007 0.007 0.007 0.007 0.013 0.008 0.006 0.006 0.006 0.006 0.006 0.007 0.006 0.007 0.010 0.012 0.013 0.013 0.013 0.012 0.013 0.014 0.014 0.013 0.013 0.014 0.015 0.016 0.017 0.017 0.018 0.019 0.023 0.038 0.031 0.023 0.015 0.009 0.007 0.006 0.006 0.006 0.006 0.005 0.008 0.009 0.008 0.006 0.006 0.007 0.007 0.007 0.008 0.008 0.008 0.009 0.009 0.010 0.010 0.011 0.012 0.014 0.014 0.014 0.014 0.015
0.009 0.013 0.017 0.014 0.012 0.010 0.009 0.009 0.008 0.008 0.007 0.007 0.007 0.007 0.008 0.014 0.010 0.006 0.006 0.006 0.006 0.006 0.007 0.007 0.007 0.007 0.007 0.009 0.011 0.011 0.011 0.012 0.011 0.011 0.012 0.013 0.014 0.015 0.015 0.016 0.017 0.018 0.019 0.024 0.041 0.033 0.025 0.017 0.010 0.007 0.007 0.006 0.006 0.006 0.006 0.006 0.006 0.006 0.005 0.006 0.006 0.007 0.007 0.007 0.008 0.008 0.009 0.009 0.009 0.010 0.010 0.012 0.014 0.014 0.014 0.015 0.015
0.008 0.011 0.018 0.016 0.013 0.011 0.010 0.009 0.008 0.007 0.007 0.007 0.007 0.007 0.008 0.014 0.013 0.007 0.006 0.006 0.007 0.007 0.007 0.007 0.007 0.007 0.007 0.008 0.007 0.007 0.008 0.009 0.010 0.011 0.012 0.013 0.013 0.014 0.015 0.016 0.017 0.017 0.019 0.025 0.043 0.035 0.027 0.019 0.011 0.008 0.007 0.007 0.006 0.006 0.006 0.006 0.005 0.004 0.004 0.005 0.006 0.006 0.007 0.007 0.008 0.008 0.008 0.009 0.009 0.010 0.010 0.012 0.014 0.014 0.015 0.015 0.015
0.007 0.010 0.017 0.017 0.015 0.013 0.011 0.009 0.008 0.008 0.007 0.007 0.007 0.007 0.009 0.014 0.015 0.007 0.007 0.007 0.007 0.007 0.007 0.007 0.008 0.008 0.008 0.008 0.007 0.007 0.004 0.008 0.009 0.010 0.011 0.012 0.013 0.014 0.015 0.016 0.016 0.017 0.019 0.027 0.045 0.036 0.028 0.020 0.013 0.008 0.007 0.007 0.007 0.006 0.006 0.006 0.005 0.003 0.002 0.003 0.004 0.005 0.006 0.007 0.007 0.008 0.008 0.009 0.009 0.009 0.010 0.012 0.013 0.014 0.014 0.015 0.015
0.007 0.009 0.015 0.019 0.016 0.014 0.011 0.009 0.009 0.008 0.008 0.008 0.008 0.008 0.009 0.014 0.018 0.008 0.007 0.007 0.007 0.007 0.008 0.008 0.008 0.008 0.008 0.009 0.008 0.005 0.002 0.006 0.009 0.011 0.011 0.012 0.013 0.014 0.014 0.015 0.016 0.017 0.019 0.028 0.046 0.038 0.030 0.022 0.014 0.009 0.008 0.007 0.007 0.007 0.006 0.006 0.004 0.002 0.002 0.003 0.003 0.004 0.005 0.006 0.007 0.007 0.008 0.008 0.009 0.009 0.010 0.012 0.013 0.014 0.014 0.015 0.015
0.007 0.008 0.013 0.020 0.017 0.014 0.012 0.010 0.009 0.009 0.008 0.008 0.008 0.008 0.009 0.014 0.020 0.009 0.007 0.007 0.008 0.008 0.008 0.008 0.009 0.009 0.011 0.009 0.006 0.003 0.001 0.003 0.006 0.009 0.012 0.013 0.013 0.014 0.014 0.015 0.016 0.017 0.019 0.030 0.048 0.040 0.032 0.024 0.016 0.010 0.008 0.007 0.007 0.007 0.006 0.005 0.004 0.002 0.002 0.002 0.003 0.004 0.004 0.005 0.006 0.006 0.007 0.008 0.008 0.009 0.010 0.012 0.013 0.014 0.014 0.015 0.015
0.008 0.009 0.012 0.021 0.018 0.016 0.014 0.012 0.011 0.010 0.009 0.009 0.008 0.008 0.009 0.014 0.022 0.011 0.008 0.008 0.008 0.008 0.009 0.010 0.011 0.013 0.009 0.006 0.004 0.002 0.001 0.002 0.004 0.006 0.009 0.012 0.015 0.015 0.015 0.015 0.016 0.017 0.020 0.031 0.049 0.041 0.033 0.026 0.018 0.011 0.009 0.008 0.007 0.007 0.006 0.004 0.003 0.001 0.001 0.002 0.003 0.003 0.004 0.004 0.004 0.005 0.006 0.007 0.008 0.008 0.009 0.011 0.013 0.013 0.014 0.015 0.015
0.007 0.009 0.012 0.023 0.029 0.025 0.021 0.017 0.014 0.012 0.010 0.009 0.009 0.009 0.010 0.014 0.023 0.014 0.009 0.008 0.009 0.009 0.011 0.013 0.013 0.010 0.007 0.005 0.003 0.001 0.000 0.001 0.003 0.005 0.007 0.009 0.012 0.014 0.017 0.017 0.017 0.017 0.021 0.034 0.052 0.044 0.036 0.028 0.020 0.013 0.010 0.008 0.007 0.006 0.005 0.004 0.002 0.001 0.001 0.002 0.002 0.003 0.004 0.004 0.004 0.005 0.005 0.006 0.007 0.008 0.008 0.011 0.012 0.013 0.013 0.014 0.014
0.006 0.008 0.013 0.018 0.024 0.030 0.035 0.033 0.027 0.021 0.016 0.013 0.011 0.010 0.011 0.015 0.024 0.017 0.010 0.009 0.010 0.012 0.015 0.013 0.010 0.007 0.005 0.003 0.002 0.001 0.000 0.000 0.002 0.003 0.005 0.007 0.009 0.012 0.014 0.017 0.020 0.020 0.024 0.039 0.056 0.048 0.040 0.033 0.023 0.014 0.010 0.008 0.007 0.006 0.005 0.003 0.002 0.000 0.000 0.001 0.002 0.003 0.003 0.004 0.004 0.005 0.005 0.005 0.005 0.006 0.008 0.010 0.011 0.012 0.012 0.012 0.013
0.005 0.009 0.010 0.012 0.016 0.020 0.025 0.031 0.036 0.040 0.035 0.027 0.021 0.016 0.014 0.017 0.025 0.022 0.012 0.012 0.015 0.016 0.013 0.010 0.008 0.005 0.004 0.002 0.001 0.000 0.000 0.000 0.001 0.002 0.004 0.005 0.007 0.009 0.012 0.014 0.017 0.022 0.031 0.050 0.066 0.058 0.050 0.039 0.028 0.017 0.011 0.008 0.007 0.006 0.004 0.003 0.002 0.000 0.000 0.001 0.002 0.002 0.003 0.004 0.004 0.004 0.005 0.005 0.005 0.005 0.006 0.009 0.010 0.010 0.011 0.012 0.013
0.007 0.006 0.006 0.007 0.009 0.013 0.017 0.022 0.026 0.031 0.036 0.041 0.043 0.036 0.029 0.026 0.031 0.029 0.019 0.018 0.016 0.013 0.010 0.008 0.006 0.004 0.003 0.002 0.001 0.000 0.000 0.000 0.001 0.002 0.003 0.004 0.005 0.007 0.009 0.012 0.015 0.019 0.034 0.064 0.085 0.073 0.062 0.050 0.037 0.026 0.015 0.009 0.007 0.005 0.004 0.003 0.001 0.000 0.001 0.001 0.002 0.002 0.003 0.003 0.004 0.004 0.005 0.005 0.005 0.005 0.006 0.007 0.008 0.009 0.011 0.011 0.012
0.004 0.004 0.004 0.005 0.005 0.007 0.009 0.013 0.018 0.022 0.027 0.031 0.036 0.041 0.046 0.048 0.048 0.047 0.032 0.017 0.013 0.010 0.008 0.006 0.004 0.003 0.002 0.001 0.000 0.000 0.000 0.000 0.000 0.001 0.002 0.003 0.004 0.006 0.007 0.010 0.012 0.018 0.037 0.065 0.085 0.089 0.079 0.066 0.053 0.040 0.027 0.016 0.008 0.005 0.004 0.002 0.001 0.000 0.000 0.001 0.001 0.002 0.003 0.003 0.004 0.004 0.005 0.005 0.005 0.006 0.006 0.007 0.008 0.009 0.010 0.011 0.012
