includes/camargue/floodfiles/results/res-0014.wd
ncols         906
nrows         631
xllcorner     362177.146667
yllcorner     6534725.688020
cellsize      20.000000
NODATA_value  -9999.000000
[rows 476 to 509 of 631, columns 693 to 769 of 906]
3.027 3.006 2.985 2.964 2.943 2.922 2.901 2.876 2.876 2.826 2.814 2.803 2.792 2.780 2.769 2.758 2.747 2.735 2.724 2.713 2.702 2.707 2.712 2.718 2.718 2.734 2.745 2.757 2.768 2.780 2.791 2.802 2.813 2.862 2.932 3.002 3.071 3.141 3.211 3.281 3.281 3.420 3.490 3.549 3.608 3.655 3.700 3.746 3.791 3.836 3.882 3.930 3.981 4.031 4.081 4.132 4.240 4.240 4.351 4.454 4.541 4.627 4.713 4.800 4.886 4.972 5.059 5.145 5.231 5.318 5.413 5.521 5.737 5.737 5.845 5.953 6.064
3.035 3.014 2.993 2.972 2.951 2.930 2.909 2.887 2.887 2.848 2.836 2.825 2.814 2.802 2.791 2.780 2.769 2.757 2.746 2.735 2.723 2.721 2.727 2.733 2.733 2.754 2.766 2.777 2.788 2.800 2.811 2.822 2.833 2.880 2.949 3.019 3.089 3.159 3.229 3.298 3.299 3.438 3.508 3.578 3.635 3.681 3.727 3.778 3.828 3.878 3.929 3.979 4.029 4.080 4.130 4.180 4.310 4.311 4.421 4.532 4.632 4.718 4.804 4.891 4.977 5.063 5.150 5.236 5.322 5.409 5.511 5.619 5.835 5.835 5.943 6.051 6.159
3.047 3.026 3.006 2.985 2.964 2.943 2.922 2.894 2.894 2.851 2.843 2.835 2.827 2.819 2.811 2.803 2.795 2.787 2.779 2.771 2.763 2.755 2.760 2.772 2.772 2.794 2.806 2.817 2.828 2.840 2.851 2.862 2.874 2.915 2.985 3.054 3.124 3.194 3.264 3.338 3.338 3.511 3.598 3.684 3.731 3.774 3.825 3.875 3.925 3.976 4.026 4.076 4.127 4.177 4.227 4.278 4.451 4.451 4.562 4.672 4.783 4.893 4.986 5.072 5.159 5.245 5.332 5.418 5.504 5.599 5.707 5.815 6.031 6.031 6.139 6.247 6.355
3.052 3.032 3.011 2.990 2.969 2.948 2.928 2.884 2.884 2.822 2.814 2.806 2.798 2.790 2.782 2.774 2.766 2.758 2.750 2.742 2.734 2.760 2.824 2.826 2.827 2.832 2.835 2.838 2.849 2.860 2.871 2.882 2.894 2.932 3.002 3.072 3.149 3.235 3.322 3.409 3.409 3.582 3.668 3.744 3.787 3.829 3.873 3.924 3.974 4.024 4.075 4.125 4.175 4.226 4.276 4.326 4.522 4.522 4.632 4.743 4.853 4.964 5.074 5.163 5.250 5.336 5.422 5.509 5.595 5.697 5.805 5.913 6.129 6.129 6.237 6.345 6.453
3.058 3.037 3.016 2.995 2.974 2.954 2.919 2.873 2.874 2.793 2.785 2.777 2.769 2.761 2.753 2.745 2.737 2.729 2.721 2.713 2.710 2.793 2.876 2.895 2.896 2.901 2.904 2.907 2.909 2.912 2.915 2.918 2.920 2.959 3.046 3.133 3.219 3.306 3.393 3.479 3.479 3.652 3.739 3.799 3.842 3.885 3.927 3.972 4.023 4.073 4.123 4.174 4.224 4.274 4.325 4.375 4.592 4.592 4.703 4.813 4.924 5.034 5.145 5.254 5.341 5.427 5.513 5.600 5.687 5.795 5.903 6.011 6.227 6.227 6.335 6.443 6.551
3.063 3.042 3.021 3.001 2.980 2.954 2.909 2.863 2.864 2.773 2.756 2.748 2.740 2.732 2.724 2.716 2.708 2.700 2.692 2.684 2.743 2.826 2.909 2.964 2.965 2.970 2.973 2.976 2.978 2.981 2.984 2.987 2.992 3.042 3.117 3.203 3.290 3.377 3.463 3.550 3.550 3.723 3.810 3.855 3.897 3.940 3.982 4.025 4.071 4.122 4.172 4.222 4.273 4.323 4.373 4.442 4.662 4.663 4.773 4.884 4.994 5.105 5.215 5.326 5.432 5.518 5.604 5.691 5.785 5.893 6.001 6.109 6.325 6.325 6.433 6.541 6.649
3.068 3.047 3.027 3.006 2.985 2.944 2.899 2.853 2.854 2.763 2.728 2.719 2.711 2.703 2.695 2.687 2.679 2.671 2.663 2.693 2.776 2.859 2.942 3.025 3.025 3.039 3.042 3.045 3.047 3.050 3.053 3.055 3.090 3.140 3.190 3.274 3.361 3.447 3.534 3.621 3.621 3.794 3.867 3.910 3.952 3.995 4.038 4.080 4.123 4.170 4.221 4.271 4.321 4.372 4.422 4.512 4.733 4.733 4.844 4.954 5.065 5.175 5.286 5.396 5.506 5.609 5.695 5.781 5.883 5.991 6.099 6.207 6.423 6.423 6.531 6.639 6.756
3.073 3.053 3.032 3.011 2.979 2.934 2.889 2.843 2.843 2.753 2.707 2.691 2.683 2.675 2.667 2.659 2.651 2.643 2.643 2.726 2.809 2.891 2.974 3.057 3.058 3.108 3.111 3.113 3.116 3.119 3.122 3.137 3.187 3.237 3.288 3.345 3.432 3.518 3.605 3.691 3.691 3.864 3.923 3.965 4.008 4.050 4.093 4.135 4.178 4.220 4.269 4.320 4.370 4.420 4.472 4.583 4.803 4.804 4.914 5.025 5.135 5.245 5.356 5.466 5.577 5.687 5.786 5.873 5.981 6.089 6.197 6.305 6.540 6.540 6.660 6.779 6.899
3.079 3.058 3.037 3.015 2.969 2.924 2.878 2.833 2.833 2.742 2.697 2.662 2.654 2.646 2.638 2.630 2.622 2.614 2.675 2.758 2.841 2.924 3.007 3.090 3.090 3.177 3.180 3.182 3.185 3.188 3.190 3.235 3.285 3.335 3.385 3.435 3.502 3.589 3.675 3.762 3.762 3.935 3.978 4.020 4.063 4.106 4.148 4.191 4.233 4.276 4.318 4.368 4.419 4.469 4.542 4.653 4.874 4.874 4.984 5.095 5.205 5.316 5.426 5.537 5.647 5.758 5.868 5.971 6.084 6.203 6.323 6.443 6.683 6.683 6.802 6.922 7.042
3.084 3.063 3.042 3.004 2.959 2.914 2.868 2.823 2.823 2.732 2.687 2.642 2.625 2.617 2.609 2.601 2.593 2.625 2.708 2.791 2.874 2.957 3.040 3.123 3.123 3.246 3.248 3.251 3.254 3.257 3.282 3.332 3.382 3.433 3.483 3.533 3.583 3.660 3.746 3.833 3.833 3.991 4.033 4.076 4.118 4.161 4.203 4.246 4.288 4.331 4.373 4.417 4.467 4.517 4.613 4.723 4.944 4.944 5.055 5.165 5.276 5.386 5.497 5.607 5.717 5.827 5.937 6.093 6.226 6.346 6.466 6.586 6.825 6.825 6.945 7.065 7.185
3.089 3.068 3.040 2.994 2.949 2.904 2.858 2.813 2.813 2.722 2.677 2.632 2.596 2.588 2.580 2.572 2.575 2.658 2.741 2.824 2.907 2.990 3.073 3.156 3.156 3.315 3.317 3.320 3.323 3.329 3.380 3.430 3.480 3.530 3.580 3.631 3.681 3.731 3.817 3.903 3.903 4.046 4.088 4.131 4.173 4.216 4.258 4.301 4.344 4.386 4.429 4.471 4.516 4.573 4.683 4.794 5.015 5.015 5.125 5.235 5.345 5.455 5.566 5.676 5.786 5.896 6.010 6.186 6.361 6.489 6.609 6.728 6.968 6.968 7.088 7.208 7.327
3.094 3.074 3.030 2.984 2.939 2.893 2.848 2.803 2.803 2.712 2.667 2.622 2.576 2.559 2.551 2.543 2.608 2.691 2.774 2.857 2.940 3.023 3.106 3.188 3.189 3.354 3.386 3.389 3.392 3.427 3.477 3.527 3.578 3.628 3.678 3.728 3.778 3.828 3.887 3.974 3.974 4.101 4.144 4.186 4.229 4.271 4.314 4.356 4.399 4.441 4.484 4.526 4.569 4.643 4.753 4.863 5.083 5.084 5.194 5.304 5.414 5.524 5.634 5.744 5.855 5.965 6.102 6.278 6.454 6.630 6.751 6.871 7.111 7.111 7.231 7.350 7.470
3.100 3.065 3.019 2.974 2.929 2.883 2.838 2.793 2.793 2.702 2.657 2.612 2.566 2.531 2.523 2.558 2.641 2.724 2.807 2.890 2.972 3.055 3.138 3.221 3.221 3.387 3.455 3.458 3.474 3.524 3.575 3.625 3.675 3.725 3.775 3.826 3.876 3.926 3.976 4.045 4.045 4.156 4.199 4.241 4.284 4.326 4.373 4.440 4.508 4.576 4.644 4.712 4.780 4.758 4.822 4.932 5.152 5.152 5.262 5.373 5.483 5.593 5.703 5.813 5.923 6.033 6.195 6.371 6.547 6.723 6.894 7.014 7.253 7.254 7.373 7.493 7.613
3.100 3.055 3.009 2.964 2.919 2.873 2.828 2.783 2.783 2.692 2.647 2.601 2.556 2.511 2.508 2.591 2.674 2.756 2.839 2.922 3.005 3.088 3.171 3.254 3.254 3.420 3.502 3.527 3.572 3.622 3.672 3.723 3.773 3.823 3.873 3.923 3.973 4.023 4.074 4.124 4.124 4.252 4.320 4.388 4.456 4.524 4.592 4.660 4.728 4.796 4.864 4.932 4.965 4.935 4.905 5.001 5.221 5.221 5.331 5.441 5.551 5.661 5.772 5.882 5.992 6.112 6.288 6.464 6.639 6.815 6.991 7.157 7.396 7.396 7.516 7.636 7.756
3.091 3.045 3.000 2.955 2.909 2.864 2.819 2.773 2.774 2.683 2.637 2.592 2.547 2.502 2.541 2.624 2.707 2.790 2.873 2.955 3.038 3.121 3.204 3.287 3.287 3.453 3.535 3.620 3.670 3.721 3.771 3.822 3.872 3.923 3.973 4.023 4.074 4.124 4.174 4.252 4.252 4.472 4.540 4.608 4.676 4.744 4.812 4.880 4.948 5.016 5.083 5.151 5.142 5.112 5.082 5.069 5.289 5.289 5.400 5.510 5.620 5.730 5.840 5.950 6.061 6.204 6.380 6.556 6.732 6.908 7.084 7.260 7.539 7.539 7.659 7.779 7.898
3.068 3.037 2.991 2.946 2.901 2.855 2.810 2.765 2.765 2.674 2.629 2.583 2.538 2.531 2.584 2.658 2.741 2.824 2.907 2.989 3.072 3.155 3.238 3.321 3.321 3.486 3.573 3.696 3.772 3.822 3.872 3.923 3.973 4.024 4.074 4.124 4.175 4.225 4.275 4.408 4.408 4.692 4.760 4.828 4.896 4.964 5.031 5.099 5.167 5.235 5.303 5.349 5.319 5.289 5.258 5.228 5.358 5.358 5.468 5.579 5.689 5.799 5.909 6.019 6.129 6.297 6.473 6.649 6.825 7.001 7.177 7.353 7.682 7.682 7.802 7.921 8.041
3.069 3.037 2.992 2.946 2.901 2.855 2.810 2.765 2.765 2.674 2.629 2.584 2.538 2.531 2.584 2.658 2.741 2.824 2.907 2.990 3.072 3.155 3.238 3.321 3.321 3.486 3.573 3.696 3.772 3.822 3.873 3.923 3.973 4.024 4.074 4.124 4.175 4.225 4.275 4.408 4.408 4.692 4.760 4.828 4.896 4.964 5.031 5.099 5.167 5.235 5.303 5.349 5.319 5.288 5.258 5.228 5.358 5.358 5.468 5.579 5.689 5.799 5.909 6.019 6.129 6.297 6.473 6.649 6.825 7.001 7.177 7.353 7.682 7.682 7.802 7.921 8.041
3.043 3.028 2.983 2.938 2.892 2.847 2.801 2.756 2.757 2.666 2.620 2.575 2.530 2.581 2.634 2.692 2.775 2.858 2.941 3.023 3.106 3.189 3.272 3.355 3.355 3.520 3.631 3.754 3.873 3.923 3.974 4.024 4.074 4.125 4.175 4.226 4.276 4.326 4.405 4.564 4.564 4.883 4.979 5.047 5.115 5.183 5.251 5.319 5.387 5.455 5.523 5.526 5.495 5.465 5.435 5.405 5.427 5.427 5.537 5.647 5.757 5.867 5.978 6.088 6.214 6.390 6.566 6.742 6.918 7.093 7.269 7.445 7.797 7.797 7.944 8.064 8.184
2.991 2.976 2.960 2.920 2.875 2.829 2.784 2.739 2.739 2.648 2.603 2.574 2.628 2.681 2.734 2.788 2.843 2.925 3.008 3.091 3.174 3.257 3.340 3.422 3.423 3.622 3.746 3.869 3.993 4.116 4.176 4.226 4.277 4.327 4.377 4.428 4.478 4.558 4.718 4.877 4.877 5.195 5.355 5.487 5.555 5.623 5.690 5.758 5.826 5.894 5.909 5.879 5.849 5.819 5.788 5.758 5.697 5.697 5.674 5.784 5.895 6.005 6.115 6.225 6.399 6.575 6.751 6.927 7.103 7.279 7.455 7.631 7.982 7.983 8.158 8.334 8.469
2.965 2.950 2.935 2.911 2.866 2.821 2.775 2.730 2.730 2.639 2.594 2.624 2.678 2.731 2.784 2.838 2.891 2.959 3.042 3.125 3.208 3.291 3.373 3.456 3.456 3.680 3.804 3.927 4.051 4.174 4.277 4.327 4.378 4.428 4.478 4.529 4.579 4.715 4.874 5.033 5.033 5.352 5.511 5.670 5.774 5.842 5.910 5.978 6.046 6.114 6.086 6.056 6.026 5.995 5.965 5.935 5.874 5.874 5.844 5.853 5.963 6.073 6.184 6.316 6.492 6.668 6.844 7.020 7.196 7.372 7.547 7.723 8.075 8.075 8.251 8.427 8.603
2.939 2.924 2.909 2.894 2.857 2.812 2.767 2.721 2.721 2.631 2.621 2.674 2.728 2.781 2.834 2.888 2.941 2.994 3.076 3.159 3.242 3.324 3.407 3.491 3.491 3.738 3.861 3.985 4.108 4.232 4.355 4.428 4.479 4.529 4.580 4.630 4.711 4.871 5.030 5.189 5.189 5.508 5.667 5.827 5.986 6.062 6.130 6.198 6.265 6.293 6.263 6.233 6.202 6.172 6.142 6.111 6.051 6.051 6.020 5.990 6.032 6.142 6.252 6.408 6.584 6.760 6.936 7.112 7.288 7.464 7.640 7.816 8.168 8.168 8.347 8.526 8.706
2.913 2.898 2.883 2.868 2.849 2.803 2.758 2.713 2.713 2.622 2.671 2.724 2.778 2.831 2.884 2.938 2.991 3.044 3.110 3.193 3.276 3.358 3.441 3.549 3.549 3.796 3.919 4.043 4.166 4.290 4.413 4.530 4.580 4.630 4.681 4.731 4.868 5.027 5.186 5.346 5.346 5.664 5.824 5.983 6.142 6.281 6.349 6.417 6.485 6.470 6.440 6.409 6.379 6.349 6.318 6.288 6.227 6.227 6.197 6.167 6.136 6.211 6.325 6.501 6.677 6.853 7.029 7.205 7.381 7.559 7.738 7.918 8.277 8.277 8.457 8.636 8.821
2.888 2.872 2.857 2.842 2.827 2.795 2.749 2.704 2.704 2.668 2.721 2.774 2.828 2.881 2.934 2.987 3.041 3.094 3.147 3.227 3.309 3.392 3.483 3.606 3.606 3.853 3.977 4.100 4.224 4.347 4.471 4.594 4.681 4.731 4.782 4.865 5.024 5.183 5.343 5.502 5.502 5.821 5.980 6.139 6.298 6.458 6.569 6.637 6.677 6.647 6.616 6.586 6.556 6.525 6.495 6.465 6.404 6.404 6.374 6.343 6.313 6.283 6.418 6.594 6.771 6.951 7.130 7.310 7.489 7.669 7.848 8.028 8.387 8.387 8.567 8.746 8.957
2.862 2.847 2.831 2.816 2.801 2.786 2.741 2.695 2.696 2.718 2.771 2.825 2.878 2.931 2.984 3.037 3.091 3.144 3.197 3.260 3.343 3.426 3.541 3.664 3.664 3.911 4.035 4.158 4.282 4.405 4.528 4.652 4.775 4.832 4.883 5.021 5.180 5.340 5.499 5.658 5.658 5.977 6.136 6.295 6.455 6.614 6.773 6.856 6.854 6.823 6.793 6.763 6.732 6.702 6.672 6.641 6.582 6.582 6.553 6.525 6.496 6.468 6.522 6.701 6.881 7.061 7.240 7.420 7.599 7.779 7.959 8.138 8.497 8.497 8.677 8.856 9.092
2.836 2.821 2.806 2.790 2.775 2.760 2.732 2.687 2.687 2.768 2.821 2.875 2.928 2.981 3.034 3.087 3.141 3.194 3.247 3.300 3.377 3.475 3.598 3.722 3.722 3.969 4.092 4.216 4.339 4.463 4.586 4.710 4.833 4.933 5.018 5.177 5.337 5.496 5.655 5.814 5.815 6.133 6.292 6.452 6.611 6.770 6.929 7.061 7.033 7.004 6.976 6.947 6.918 6.890 6.861 6.833 6.776 6.776 6.747 6.719 6.690 6.682 6.708 6.811 6.991 7.171 7.350 7.530 7.709 7.889 8.069 8.248 8.607 8.607 8.787 8.966 9.228
2.810 2.795 2.780 2.765 2.749 2.734 2.719 2.712 2.712 2.818 2.871 2.925 2.978 3.031 3.084 3.137 3.191 3.244 3.297 3.350 3.411 3.533 3.656 3.780 3.780 4.027 4.150 4.273 4.397 4.520 4.645 4.775 4.904 5.034 5.195 5.365 5.534 5.703 5.872 6.041 6.041 6.380 6.549 6.718 6.887 7.057 7.226 7.256 7.227 7.198 7.169 7.141 7.112 7.084 7.055 7.027 6.969 6.970 6.941 6.912 6.884 6.904 6.930 6.956 7.101 7.281 7.460 7.640 7.819 7.999 8.179 8.358 8.717 8.717 8.897 9.099 9.364
2.833 2.822 2.810 2.798 2.787 2.775 2.763 2.827 2.828 2.937 2.992 3.046 3.101 3.156 3.211 3.265 3.320 3.375 3.429 3.484 3.616 3.767 3.897 4.027 4.027 4.286 4.416 4.546 4.675 4.805 4.935 5.065 5.194 5.336 5.498 5.667 5.836 6.005 6.174 6.344 6.344 6.682 6.851 7.020 7.190 7.359 7.481 7.451 7.421 7.392 7.363 7.335 7.306 7.278 7.249 7.220 7.163 7.163 7.135 7.106 7.099 7.125 7.151 7.177 7.211 7.391 7.570 7.750 7.929 8.109 8.289 8.468 8.827 8.827 9.007 9.235 9.499
2.937 2.925 2.913 2.902 2.890 2.878 2.911 2.988 2.988 3.104 3.159 3.213 3.268 3.323 3.377 3.432 3.487 3.542 3.596 3.667 3.866 4.057 4.187 4.317 4.317 4.576 4.706 4.836 4.966 5.095 5.225 5.355 5.485 5.644 5.804 5.969 6.138 6.307 6.477 6.646 6.646 6.984 7.153 7.323 7.492 7.661 7.676 7.646 7.615 7.586 7.557 7.528 7.500 7.471 7.443 7.414 7.357 7.357 7.329 7.300 7.321 7.347 7.373 7.399 7.425 7.501 7.680 7.860 8.039 8.219 8.399 8.578 8.937 8.937 9.117 9.371 9.635
3.040 3.028 3.017 3.005 2.993 2.987 3.065 3.142 3.142 3.271 3.326 3.380 3.435 3.490 3.544 3.599 3.654 3.708 3.763 3.917 4.116 4.316 4.477 4.607 4.607 4.867 4.996 5.126 5.256 5.386 5.515 5.645 5.791 5.951 6.111 6.272 6.440 6.610 6.779 6.948 6.948 7.286 7.456 7.625 7.794 7.901 7.871 7.840 7.810 7.780 7.751 7.722 7.694 7.665 7.637 7.608 7.551 7.551 7.522 7.516 7.542 7.568 7.594 7.620 7.646 7.672 7.790 7.970 8.149 8.329 8.509 8.688 9.047 9.047 9.242 9.506 9.770
3.144 3.132 3.120 3.109 3.097 3.142 3.219 3.296 3.296 3.438 3.492 3.547 3.602 3.657 3.711 3.766 3.821 3.875 3.969 4.168 4.367 4.566 4.765 4.897 4.897 5.157 5.286 5.416 5.546 5.676 5.805 5.938 6.098 6.259 6.419 6.579 6.742 6.912 7.081 7.250 7.250 7.588 7.758 7.927 8.096 8.096 8.065 8.035 8.005 7.975 7.945 7.916 7.888 7.859 7.831 7.802 7.745 7.745 7.716 7.738 7.764 7.790 7.816 7.842 7.868 7.894 7.920 8.080 8.259 8.439 8.619 8.798 9.157 9.157 9.378 9.642 9.906
3.247 3.235 3.224 3.212 3.218 3.296 3.373 3.450 3.451 3.605 3.659 3.714 3.769 3.823 3.878 3.933 3.987 4.042 4.219 4.418 4.617 4.816 5.015 5.187 5.188 5.447 5.577 5.706 5.836 5.966 6.096 6.245 6.406 6.566 6.726 6.887 7.047 7.214 7.383 7.552 7.552 7.891 8.060 8.229 8.321 8.291 8.260 8.230 8.200 8.170 8.140 8.110 8.082 8.053 8.024 7.996 7.939 7.939 7.933 7.959 7.985 8.011 8.037 8.063 8.089 8.115 8.141 8.190 8.369 8.549 8.729 8.908 9.267 9.267 9.514 9.778 10.042
3.350 3.339 3.327 3.315 3.373 3.450 3.527 3.604 3.605 3.759 3.826 3.881 3.936 3.990 4.045 4.100 4.154 4.270 4.469 4.668 4.867 5.066 5.265 5.464 5.465 5.737 5.867 5.997 6.126 6.256 6.392 6.553 6.713 6.873 7.034 7.194 7.355 7.516 7.685 7.854 7.854 8.193 8.362 8.531 8.516 8.485 8.455 8.425 8.395 8.365 8.335 8.304 8.275 8.247 8.218 8.190 8.132 8.133 8.155 8.181 8.207 8.233 8.259 8.285 8.311 8.337 8.363 8.388 8.480 8.659 8.839 9.018 9.385 9.385 9.649 9.913 10.177
3.351 3.339 3.327 3.316 3.373 3.450 3.527 3.605 3.605 3.759 3.826 3.881 3.936 3.990 4.045 4.100 4.154 4.270 4.469 4.668 4.867 5.066 5.265 5.464 5.465 5.737 5.867 5.997 6.126 6.256 6.392 6.553 6.713 6.873 7.034 7.194 7.355 7.516 7.685 7.854 7.854 8.193 8.362 8.531 8.516 8.485 8.455 8.425 8.395 8.365 8.335 8.304 8.275 8.247 8.218 8.190 8.132 8.133 8.155 8.181 8.207 8.233 8.259 8.285 8.311 8.337 8.363 8.388 8.479 8.659 8.839 9.018 9.385 9.385 9.649 9.913 10.177
3.454 3.442 3.431 3.449 3.527 3.604 3.681 3.759 3.759 3.913 3.990 4.048 4.102 4.157 4.212 4.266 4.321 4.520 4.719 4.918 5.117 5.316 5.516 5.715 5.715 6.027 6.157 6.287 6.417 6.546 6.700 6.860 7.021 7.181 7.341 7.502 7.662 7.823 7.987 8.157 8.157 8.495 8.664 8.741 8.710 8.680 8.650 8.620 8.590 8.560 8.529 8.499 8.469 8.441 8.412 8.384 8.350 8.350 8.376 8.402 8.428 8.454 8.480 8.506 8.532 8.558 8.584 8.610 8.636 8.769 8.949 9.128 9.521 9.521 9.785 10.049 10.313
