includes/camargue/floodfiles/results/res-0002.wd
ncols         906
nrows         631
xllcorner     362177.146667
yllcorner     6534725.688020
cellsize      20.000000
NODATA_value  -9999.000000
[rows 476 to 509 of 631, columns 231 to 307 of 906]
2.820 2.800 2.780 3.221 2.830 2.790 2.850 2.839 2.669 2.759 2.839 2.759 3.259 3.272 3.285 3.298 3.311 3.324 2.889 3.325 3.317 3.313 3.308 2.809 2.849 2.869 2.759 2.909 2.869 3.277 2.839 3.268 2.869 2.879 2.859 2.819 2.789 2.809 2.799 2.669 2.729 3.141 3.128 2.899 2.709 2.749 2.539 2.629 2.619 2.399 2.419 2.579 2.569 2.469 2.439 2.269 0.000 0.000 0.000 0.000 0.000 0.000 0.000 0.000 0.000 0.000 0.000 0.000 0.000 0.000 0.000 0.000 0.000 0.000 0.000 0.000 0.000
3.286 2.750 2.820 2.790 2.870 2.790 2.880 2.860 3.220 3.233 2.850 3.259 3.272 3.284 2.869 3.310 3.323 3.337 3.349 2.869 3.360 2.909 2.869 3.346 2.909 2.899 3.333 2.729 2.839 3.320 2.769 3.310 2.779 2.739 3.276 2.789 2.899 2.769 2.819 2.649 3.197 3.184 3.171 2.739 2.669 2.609 2.479 2.549 2.479 2.559 2.469 2.509 2.599 2.479 2.519 2.429 0.000 0.000 0.000 0.000 0.000 0.000 0.000 0.000 0.000 0.000 0.000 0.000 0.000 0.000 0.000 0.000 0.000 0.000 0.000 0.000 0.000
3.303 2.790 2.800 2.740 2.820 2.850 2.860 2.830 3.232 2.760 2.810 2.720 3.284 3.297 3.310 3.323 3.336 2.900 2.849 2.879 3.368 3.398 3.394 3.389 3.385 3.380 2.840 2.870 3.367 3.362 2.900 3.353 2.869 2.829 2.839 2.899 2.740 2.680 2.820 2.820 3.240 3.227 3.214 2.670 2.639 2.669 2.679 2.600 2.610 2.670 2.540 2.530 2.480 2.520 2.310 2.350 0.000 0.000 0.000 0.000 0.000 0.000 0.000 0.000 0.000 0.000 0.000 0.000 0.000 0.000 0.000 0.000 0.000 0.000 0.000 0.000 0.000
2.911 2.801 2.851 3.271 2.781 2.761 2.861 2.831 2.821 2.800 2.760 2.780 2.800 2.810 3.322 2.890 3.334 3.322 3.311 3.313 3.345 3.377 3.409 3.432 3.427 3.423 3.418 3.414 3.409 3.405 3.401 3.396 3.388 2.850 3.362 2.850 2.740 3.323 3.310 3.297 3.283 2.890 2.850 2.830 2.630 2.720 2.680 2.640 2.560 2.560 2.550 2.480 2.460 2.470 2.390 2.341 0.941 0.000 0.000 0.000 0.000 0.000 0.000 0.000 0.000 0.000 0.000 0.000 0.000 0.000 0.000 0.000 0.000 0.000 0.000 0.000 0.000
2.701 2.821 2.741 2.781 2.781 2.801 2.801 2.811 2.811 2.861 2.781 2.761 2.690 2.830 2.840 2.820 2.870 2.900 3.291 3.291 3.322 3.354 3.386 3.417 3.449 3.466 2.880 3.457 3.452 3.448 2.900 3.439 3.431 3.418 2.900 2.800 3.379 3.366 3.353 3.337 3.304 2.690 2.640 2.770 2.760 2.640 2.630 2.820 2.511 2.471 2.561 2.541 2.521 2.391 2.371 2.391 2.241 0.000 0.000 0.000 0.000 0.000 0.000 0.000 0.000 0.000 0.000 0.000 0.000 0.000 0.000 0.000 0.000 0.000 0.000 0.000 0.000
2.831 2.851 3.321 2.791 2.801 2.771 2.891 2.851 2.771 2.811 2.751 2.751 2.661 2.731 2.681 2.871 2.650 2.660 2.770 3.268 3.300 3.331 3.363 3.394 3.426 3.458 3.489 3.499 3.495 3.490 3.486 3.481 3.474 3.461 2.860 3.435 3.422 2.870 3.377 3.344 3.311 2.850 2.721 2.661 2.721 2.681 2.621 2.661 2.691 2.531 2.511 2.541 2.411 2.482 2.382 2.481 2.411 0.000 0.000 0.000 0.000 0.000 0.000 0.000 0.000 0.000 0.000 0.000 0.000 0.000 0.000 0.000 0.000 0.000 1.033 1.213 1.754
2.802 3.353 2.772 2.872 2.782 2.822 2.852 2.772 2.852 2.692 2.861 2.711 2.821 2.701 2.721 2.681 2.781 2.621 2.781 2.901 3.277 3.308 3.340 3.371 3.403 2.910 3.466 3.498 3.530 3.533 3.529 3.524 2.791 2.891 3.491 2.911 3.450 3.417 3.384 3.351 3.318 2.841 2.781 2.781 2.821 2.611 2.671 2.661 2.612 2.642 2.622 2.442 2.482 2.402 2.392 2.482 2.312 0.000 0.000 0.000 0.000 0.000 0.000 0.000 0.000 0.000 0.000 0.000 0.000 0.000 0.000 0.000 0.000 1.143 1.193 1.553 1.824
3.384 2.882 2.732 2.892 2.882 2.872 2.842 2.872 2.712 2.822 2.662 2.812 3.300 2.602 2.811 2.651 2.781 2.571 2.741 2.771 3.254 2.871 3.317 2.851 2.911 2.891 3.443 3.475 3.507 3.538 3.570 3.567 3.560 3.547 3.523 3.490 3.457 3.424 3.391 3.358 3.326 2.911 3.260 2.652 2.792 2.672 2.662 2.592 2.582 2.512 2.542 2.613 2.483 2.473 2.413 2.343 2.453 0.000 0.000 0.000 0.000 0.000 0.000 0.000 0.000 1.560 1.400 1.241 1.341 1.421 1.992 2.052 1.982 1.202 1.433 1.993 2.064
2.902 3.381 2.772 2.782 2.852 3.323 2.832 2.893 2.832 2.842 2.692 2.602 2.692 2.612 2.572 2.612 2.632 2.822 2.632 2.702 3.231 3.263 2.891 3.326 3.357 2.901 2.861 3.452 3.484 3.515 3.547 2.911 3.596 3.563 3.530 3.497 3.464 3.432 3.399 3.366 3.333 2.822 2.702 2.902 2.762 2.712 2.632 2.582 2.653 2.633 2.633 2.533 2.443 2.413 2.474 2.414 2.424 0.000 0.000 0.000 0.000 0.000 0.000 0.000 1.830 2.220 2.040 1.761 1.921 2.141 2.351 2.371 2.002 1.752 2.032 2.053 2.303
3.407 2.862 2.752 2.852 3.351 2.863 3.322 3.307 2.783 2.913 2.753 2.683 2.733 2.692 2.662 2.722 2.652 2.692 2.752 2.682 3.208 3.240 3.271 3.303 3.334 2.901 3.398 2.851 3.461 3.493 3.524 3.587 2.851 3.574 3.537 3.504 3.472 3.439 3.406 3.373 3.340 2.762 2.792 2.742 3.209 2.722 2.682 2.743 2.683 2.713 2.574 2.674 2.634 2.494 2.434 2.494 2.425 2.426 0.000 0.000 0.000 0.000 0.000 1.960 2.160 2.301 2.110 2.061 2.261 2.501 2.522 2.362 1.992 2.292 2.172 2.383 1.923
3.419 3.405 2.883 2.783 2.873 2.843 3.334 3.344 3.304 2.793 2.743 2.733 2.763 2.683 2.673 2.783 2.612 2.652 2.652 2.672 3.185 3.217 3.248 3.280 3.312 3.343 3.375 3.406 2.701 2.761 3.552 3.616 3.647 2.892 3.554 3.512 3.479 3.446 3.413 2.832 3.347 2.722 3.282 3.249 3.216 2.813 2.833 2.783 2.704 2.664 2.684 2.564 2.544 2.525 2.505 2.525 2.496 2.536 2.297 0.000 0.000 0.000 2.349 2.360 2.260 2.521 2.251 2.501 2.561 2.461 2.471 2.531 2.522 2.312 2.372 2.263 2.133
3.431 2.853 3.403 2.863 2.863 3.360 2.873 2.873 2.843 2.793 3.259 2.763 2.753 2.643 2.693 2.663 2.573 2.613 2.543 2.733 3.162 3.194 3.225 3.257 3.289 2.912 3.352 3.389 3.453 3.517 3.581 3.645 2.862 2.842 3.580 3.534 3.487 3.453 2.882 3.387 2.842 3.322 2.903 3.256 2.713 2.894 2.834 2.794 2.834 2.644 2.794 2.655 2.575 2.535 2.715 2.606 2.636 2.547 2.467 1.978 0.000 2.460 2.690 2.470 2.630 2.320 2.560 2.671 2.501 2.681 2.561 2.491 2.502 2.582 2.422 2.342 2.443
3.443 3.429 3.414 3.400 2.773 3.408 2.784 3.441 2.854 2.834 2.904 2.803 2.723 2.733 2.663 2.763 2.653 2.573 2.553 2.653 3.140 3.171 2.873 2.792 3.266 2.822 3.354 3.418 3.482 3.546 3.610 3.674 3.701 2.902 2.902 3.561 3.514 3.467 3.427 2.773 3.362 2.793 2.883 2.913 3.231 2.744 2.744 2.854 2.805 2.775 2.765 2.645 2.705 2.656 2.576 2.746 2.675 2.497 2.197 2.308 2.299 2.619 2.739 2.670 2.740 2.660 2.751 2.661 2.581 2.611 2.561 2.531 2.492 2.462 2.292 2.462 2.573
3.454 2.894 2.893 3.424 2.823 3.457 2.914 3.490 2.764 2.844 2.764 2.754 2.694 2.583 2.733 2.624 2.723 2.553 2.593 2.573 2.883 3.148 2.793 2.853 3.255 3.319 3.383 3.447 3.511 3.575 3.639 3.703 3.728 2.902 3.634 3.587 3.541 3.494 3.447 2.843 3.369 2.833 3.303 2.844 2.654 2.754 2.874 2.754 2.745 2.795 2.845 2.785 2.856 2.766 2.846 2.728 2.677 2.327 2.138 2.398 2.919 2.679 2.920 2.810 2.810 2.820 2.810 2.650 2.541 2.601 2.581 2.511 2.551 2.262 2.692 2.582 2.513
3.466 3.452 2.854 2.884 3.489 3.506 3.522 2.824 2.874 2.884 3.424 2.674 2.674 2.814 2.654 2.534 2.644 2.704 2.574 2.604 2.843 3.126 3.157 2.783 3.285 2.823 2.843 3.477 3.540 3.604 3.668 3.732 3.755 2.913 3.661 3.614 3.567 3.521 3.474 2.913 3.380 2.814 2.914 2.904 2.664 2.864 2.745 2.775 2.855 2.865 2.866 2.806 2.874 2.866 2.780 2.717 2.517 2.168 2.408 2.869 2.889 2.610 2.850 2.810 2.830 2.810 2.710 2.631 2.731 2.701 2.601 2.571 2.632 2.512 2.542 2.522 2.513
3.478 3.488 3.504 3.521 3.538 3.554 3.571 3.587 3.577 3.528 2.744 2.724 2.754 2.904 2.764 2.764 2.654 2.704 2.734 2.644 2.824 2.864 3.186 3.250 3.314 3.377 2.833 3.506 3.570 3.634 3.698 3.762 3.781 3.735 3.688 3.641 3.594 3.547 3.501 3.454 3.407 2.744 3.318 2.844 2.854 2.785 2.865 3.114 2.865 3.021 2.876 2.931 2.901 2.870 2.839 2.737 2.618 2.798 2.888 2.688 2.661 2.667 2.829 2.830 2.610 2.700 2.630 2.711 2.641 2.581 2.661 2.671 2.552 2.642 2.612 2.722 2.563
3.520 2.864 2.894 3.570 3.586 2.894 2.875 3.636 3.632 2.804 2.825 2.744 2.795 2.745 2.685 2.755 3.236 2.654 2.814 3.091 2.894 2.874 3.215 3.279 2.854 2.873 2.834 2.894 3.599 2.893 2.913 3.791 3.808 3.762 3.715 3.668 3.621 3.574 3.527 3.481 2.914 3.387 3.341 2.835 2.915 2.805 2.905 3.126 3.095 3.064 3.033 3.002 2.972 2.917 2.807 2.707 2.918 2.818 2.787 2.760 2.734 2.919 2.744 2.770 2.690 2.720 2.670 2.720 2.711 2.631 2.651 2.541 2.622 2.632 2.642 2.592 2.713
3.569 3.585 3.602 2.914 3.635 3.652 3.668 3.685 3.687 2.795 2.855 2.785 2.605 3.440 3.390 2.645 2.895 3.241 2.905 2.705 3.192 2.854 3.244 3.308 2.874 2.894 2.784 3.564 3.628 3.692 2.873 3.820 3.835 3.788 3.742 3.695 3.648 3.601 3.554 3.508 2.914 3.414 2.865 2.855 3.285 2.905 3.228 3.197 3.166 3.135 3.104 3.073 3.043 3.012 2.877 2.848 2.919 2.889 2.860 2.833 2.806 2.909 2.850 2.680 2.750 2.700 2.661 2.631 2.701 2.801 2.571 2.611 2.902 2.632 2.682 2.562 2.713
3.617 3.634 3.651 3.667 3.684 3.700 3.717 3.734 3.742 2.865 3.643 3.593 2.915 3.494 2.895 2.865 2.915 2.805 2.565 2.855 3.291 3.313 3.334 3.356 3.401 2.814 2.794 2.874 2.804 3.721 3.785 3.849 3.862 3.815 3.768 3.721 3.675 3.628 3.581 2.904 3.488 3.441 3.406 3.375 3.345 3.325 3.299 3.268 3.237 3.206 3.175 3.144 3.114 3.083 2.887 3.021 2.990 2.960 2.933 2.829 2.879 2.829 2.770 2.900 2.770 2.720 2.670 2.721 2.721 2.691 2.681 2.641 2.702 2.602 2.742 2.612 2.633
3.666 3.683 3.699 3.716 3.733 3.749 3.766 3.782 3.797 3.747 3.698 3.648 2.895 3.549 3.499 3.468 2.835 2.835 2.895 2.845 2.865 3.412 2.895 2.875 3.476 3.498 3.558 2.904 3.686 3.750 3.814 3.878 3.889 3.842 3.795 3.748 3.701 3.655 3.608 3.561 2.895 3.495 3.464 3.434 3.405 3.385 3.365 3.339 3.308 3.277 3.246 3.215 2.637 3.153 3.123 3.092 3.061 3.033 2.918 2.919 2.869 2.809 2.790 2.760 2.720 2.760 2.780 2.751 2.801 2.741 2.761 2.891 2.792 2.782 2.722 2.732 2.793
3.688 3.720 3.748 3.765 3.781 3.798 3.815 3.831 3.848 3.802 3.753 3.703 3.653 3.606 3.587 2.786 2.895 3.528 3.509 3.490 3.489 3.510 3.532 2.885 3.575 3.597 3.618 3.651 3.715 3.779 3.843 3.908 3.916 3.869 3.822 3.775 3.728 3.682 3.647 3.616 3.585 3.554 3.523 3.493 3.465 3.445 3.425 3.404 3.379 3.348 3.317 3.286 2.917 3.224 3.194 3.163 3.132 3.105 3.078 2.889 2.899 2.729 2.899 2.780 2.770 2.780 2.780 3.073 2.561 2.771 2.811 3.154 2.902 2.792 3.215 2.882 2.782
3.703 3.735 3.768 3.800 3.830 3.847 3.863 3.880 3.896 3.857 3.807 3.758 3.725 3.705 3.686 3.667 3.647 3.628 3.609 3.589 3.588 3.609 3.631 3.652 2.895 3.695 3.717 3.738 3.760 3.809 3.873 3.937 3.942 3.896 3.849 3.802 3.768 3.737 3.706 3.675 3.644 3.613 3.582 3.551 3.525 3.505 3.484 3.464 3.444 3.419 3.388 3.357 3.326 3.295 3.264 3.233 3.205 2.918 2.829 2.879 2.909 3.070 2.819 2.910 2.780 2.790 2.840 2.560 2.781 2.801 2.841 3.211 3.231 3.252 3.272 2.912 2.812
3.718 3.750 3.783 3.815 3.848 3.880 3.912 3.928 3.945 3.911 3.863 3.844 3.824 3.805 3.786 3.766 3.747 3.727 3.708 3.689 3.686 3.708 3.730 3.751 3.773 3.794 3.816 3.837 3.859 3.880 3.902 3.966 3.969 3.922 3.888 3.857 3.826 3.795 3.765 3.734 3.703 3.672 3.641 3.610 3.585 3.564 3.544 3.524 3.504 3.484 3.459 3.428 3.397 3.366 3.335 3.305 3.278 2.838 2.888 2.859 2.879 3.143 2.899 2.760 2.910 2.820 2.820 2.770 2.881 2.871 2.841 2.901 2.882 2.912 3.316 2.782 2.822
3.733 3.765 3.798 3.830 3.862 3.895 3.927 3.959 3.992 3.982 3.962 3.943 3.924 3.904 3.885 3.866 3.846 3.827 3.808 3.788 3.785 3.807 3.828 3.850 3.871 3.893 3.914 3.936 3.957 3.979 4.001 4.022 4.009 3.978 3.947 3.916 3.885 3.854 3.824 3.793 3.762 3.731 3.700 3.669 3.645 3.624 3.604 3.584 3.564 3.544 3.523 3.499 3.468 3.437 3.406 3.378 3.351 3.324 3.297 3.269 3.242 2.849 2.879 2.900 2.920 2.840 3.224 3.244 2.821 3.284 2.881 3.325 3.345 2.902 2.762 2.872 2.812
3.748 3.780 3.813 3.845 3.877 3.910 3.942 3.974 4.027 4.054 4.062 4.042 4.023 4.004 3.984 3.965 3.946 3.926 3.907 3.888 3.884 3.906 3.927 3.949 3.970 3.992 4.013 4.035 4.056 4.078 4.099 4.121 4.095 4.039 4.006 3.975 3.944 3.913 3.882 3.852 3.821 3.789 3.759 3.728 3.704 3.684 3.664 3.644 2.857 3.603 3.583 3.563 3.539 3.508 3.478 3.450 3.423 3.396 3.369 2.919 2.909 2.899 2.819 2.810 3.240 2.740 3.280 3.301 2.921 3.341 3.362 3.382 3.384 3.382 3.381 3.379 2.882
3.763 3.795 3.828 3.860 3.892 3.925 3.965 4.019 4.073 4.101 4.111 4.122 4.122 4.103 4.084 4.064 4.045 4.026 4.006 3.987 3.983 4.004 4.026 4.047 4.069 4.090 4.112 4.133 4.155 4.176 4.197 4.219 4.191 4.135 4.078 4.034 4.003 3.972 3.941 3.911 3.880 3.849 3.818 3.787 3.764 3.744 3.724 3.704 3.683 3.663 3.643 3.623 3.603 3.578 3.550 3.523 3.496 3.469 3.442 3.415 3.388 3.361 3.334 2.920 2.810 2.900 3.337 3.357 2.911 3.398 3.418 3.417 3.416 3.415 3.413 3.412 3.410
3.778 3.810 3.843 3.875 3.907 3.957 4.011 4.065 4.119 4.148 4.159 4.169 4.180 4.190 4.183 4.164 4.145 4.125 4.106 4.087 4.082 4.103 4.125 4.146 4.168 4.189 4.211 4.232 4.253 4.274 4.295 4.317 4.287 4.230 4.174 4.118 4.062 4.031 4.000 3.969 3.939 3.908 3.876 3.846 3.824 3.804 3.784 3.763 3.743 3.723 3.703 3.683 3.665 3.665 3.631 3.596 3.569 3.542 3.515 3.487 3.460 3.433 2.849 3.379 2.889 3.374 3.394 3.414 3.435 2.911 3.451 3.450 3.449 3.447 3.446 3.444 3.443
3.793 3.825 3.858 3.895 3.949 4.003 4.057 4.111 4.165 4.195 4.206 4.216 4.227 4.238 4.248 4.259 4.244 4.225 4.206 4.186 4.180 4.202 4.223 4.245 4.267 4.288 4.309 4.330 4.351 4.372 4.393 4.415 4.382 4.326 4.270 4.213 4.157 4.101 4.059 4.028 3.997 3.966 3.935 3.904 3.884 3.864 3.844 3.823 3.803 3.783 3.765 3.765 3.765 3.765 3.734 3.697 3.660 3.623 3.587 2.899 3.533 3.506 2.869 2.899 3.425 3.431 3.451 3.471 3.487 3.485 3.484 3.482 3.481 3.480 3.478 3.477 3.475
3.808 3.840 3.887 3.941 3.995 4.049 4.103 4.157 4.211 4.242 4.253 4.263 4.274 4.285 4.296 4.306 4.317 4.324 4.305 4.286 4.279 4.301 4.322 4.343 4.365 4.385 4.407 4.428 4.449 4.470 4.491 4.512 4.478 4.422 4.365 4.309 4.252 4.196 4.140 4.087 4.056 4.025 3.994 3.964 3.944 3.924 3.903 3.883 3.866 3.865 3.865 3.865 3.865 3.865 3.837 3.800 3.763 3.726 3.689 3.652 2.909 2.899 2.619 3.524 3.497 3.488 3.508 3.521 3.519 3.518 3.516 3.515 3.514 3.512 3.511 3.509 3.508
3.824 3.878 3.933 3.987 4.041 4.095 4.149 4.203 4.257 4.290 4.300 4.311 4.321 4.332 4.343 4.353 4.364 4.374 4.385 4.385 4.378 4.399 4.420 4.441 4.462 4.483 4.505 4.526 4.547 4.568 4.589 4.610 4.573 4.517 4.461 4.405 4.348 4.292 4.236 4.179 4.123 4.084 4.053 4.024 4.004 3.984 3.966 3.966 3.966 3.966 3.966 3.966 3.966 3.965 3.940 3.903 3.866 3.829 3.792 3.755 3.718 2.869 3.643 3.606 3.570 3.545 3.555 3.553 3.552 3.550 3.549 3.548 3.546 3.545 3.543 3.542 3.541
3.870 3.925 3.979 4.033 4.087 4.141 4.195 4.249 4.303 4.337 4.347 4.358 4.368 4.379 4.390 4.400 4.411 4.421 4.432 4.442 4.473 4.497 4.518 4.539 4.561 4.582 4.603 4.624 4.645 4.666 4.687 4.708 4.669 4.613 4.556 4.500 4.444 4.387 4.331 4.275 4.218 4.162 4.112 4.084 4.067 4.067 4.066 4.066 4.066 4.066 4.066 4.066 4.066 4.066 4.043 4.006 3.969 3.932 3.895 3.858 3.821 3.784 3.746 3.709 3.672 3.676 3.614 3.586 3.584 3.583 3.582 3.580 3.579 3.577 3.576 3.574 3.573
3.916 3.971 4.025 4.079 4.133 4.187 4.241 4.295 4.349 4.384 4.394 4.405 4.416 4.426 4.437 4.448 4.458 4.469 4.493 4.525 4.557 4.587 4.616 4.637 4.658 4.680 4.701 4.722 4.743 4.764 4.785 4.806 4.765 4.708 4.652 4.596 4.539 4.483 4.427 4.370 4.314 4.258 4.205 4.179 4.167 4.167 4.167 4.167 4.166 4.166 4.166 4.166 4.166 4.166 4.146 4.109 4.072 4.035 3.998 3.961 3.924 3.887 3.849 3.818 3.836 3.855 3.800 3.725 3.649 3.616 3.614 3.613 3.611 3.610 3.608 3.607 3.606
3.974 4.020 4.071 4.125 4.179 4.233 4.287 4.341 4.395 4.431 4.441 4.452 4.463 4.473 4.484 4.495 4.512 4.544 4.577 4.609 4.640 4.671 4.701 4.731 4.756 4.777 4.799 4.820 4.841 4.862 4.883 4.904 4.860 4.804 4.748 4.691 4.635 4.579 4.522 4.466 4.410 4.393 4.377 4.351 4.307 4.267 4.267 4.267 4.267 4.267 4.266 4.266 4.266 4.266 4.249 4.212 4.175 4.138 4.101 4.064 4.027 3.989 3.977 3.996 4.014 4.033 3.985 3.910 3.835 3.759 3.684 3.645 3.644 3.642 3.641 3.640 3.638
4.036 4.081 4.127 4.172 4.225 4.279 4.333 4.387 4.441 4.478 4.489 4.499 4.510 4.520 4.531 4.563 4.596 4.628 4.660 4.693 4.724 4.754 4.785 4.815 4.845 4.875 4.896 4.918 4.939 4.960 4.981 5.002 4.956 4.899 4.843 4.787 4.730 4.674 4.618 4.595 4.580 4.565 4.549 4.522 4.478 4.434 4.390 4.367 4.367 4.367 4.367 4.367 4.367 4.367 4.352 4.315 4.278 4.241 4.204 4.166 4.129 4.137 4.156 4.174 4.193 4.211 4.171 4.096 4.020 3.945 3.869 3.794 3.719 3.675 3.673 3.672 3.670
