includes/camargue/floodfiles/results/res-0008.wdfp
ncols         906
nrows         631
xllcorner     362177.146667
yllcorner     6534725.688020
cellsize      20.000000
NODATA_value  -9999.000000
[rows 408 to 441 of 631, columns 0 to 76 of 906]
3.316 3.117 2.956 3.186 3.319 3.197 3.074 2.952 2.829 2.707 2.585 2.817 3.063 3.352 3.641 3.930 4.219 4.513 4.884 5.256 5.627 5.998 6.370 6.606 6.796 6.986 7.180 7.377 7.575 7.772 7.969 8.120 8.269 8.418 8.416 8.319 7.973 7.150 6.326 5.503 4.679 3.856 3.153 2.713 2.273 1.833 1.393 0.001 0.000 0.000 0.000 0.000 0.000 0.000 0.670 1.310 1.460 1.560 1.410 1.310 1.120 0.620 0.940 1.520 1.380 1.870 1.500 1.300 1.350 1.370 1.460 1.560 1.150 1.240 1.210 1.310 1.050
3.507 3.307 3.108 3.083 2.993 2.871 2.748 2.626 2.503 2.381 2.280 2.357 2.646 2.935 3.224 3.513 3.802 4.103 4.474 4.846 5.217 5.588 5.960 6.331 6.614 6.804 7.000 7.197 7.377 7.526 7.675 7.824 7.973 8.122 8.084 7.987 7.890 7.792 6.988 6.165 5.341 4.518 3.858 3.418 2.979 2.539 2.099 1.659 1.219 0.000 0.000 0.000 0.000 0.000 0.000 1.230 1.400 1.730 1.570 1.410 1.360 0.610 1.000 0.850 1.060 1.530 1.240 1.410 0.900 0.960 1.520 1.540 1.650 1.610 1.450 1.400 1.010
3.667 3.461 3.256 3.098 3.005 2.912 2.818 2.725 2.631 2.538 2.444 2.331 2.229 2.518 2.807 3.096 3.385 3.693 4.064 4.436 4.807 5.178 5.550 5.921 6.293 6.622 6.783 6.932 7.081 7.230 7.379 7.528 7.677 7.826 7.752 7.654 7.557 7.460 7.363 6.826 6.003 5.179 4.564 4.124 3.684 3.244 2.805 2.396 1.994 1.592 0.000 0.000 0.000 0.000 0.000 0.000 1.640 1.870 1.560 1.710 1.510 0.730 0.950 0.940 0.810 1.710 1.070 1.620 1.810 1.530 1.680 1.670 1.730 1.350 1.310 1.400 1.690
3.781 3.575 3.370 3.260 3.169 3.076 2.983 2.889 2.796 2.702 2.604 2.489 2.374 2.259 2.390 2.679 2.968 3.283 3.654 4.026 4.397 4.769 5.140 5.484 5.794 6.114 6.470 6.636 6.785 6.934 7.083 7.232 7.381 7.516 7.419 7.322 7.225 7.128 7.030 6.933 6.665 5.841 5.269 4.829 4.398 3.996 3.595 3.193 2.791 2.389 1.984 0.000 0.000 0.000 0.000 0.000 0.000 1.750 1.490 1.630 1.480 1.310 0.900 0.900 1.060 1.440 1.230 1.090 1.470 1.660 1.680 1.650 1.670 1.640 1.610 1.460 1.820
3.895 3.689 3.513 3.422 3.331 3.240 3.147 3.054 2.960 2.867 2.762 2.647 2.532 2.416 2.301 2.262 2.551 2.873 3.244 3.616 3.974 4.285 4.595 4.906 5.216 5.544 5.900 6.256 6.490 6.638 6.787 6.936 7.085 7.184 7.087 6.990 6.892 6.795 6.698 6.601 6.504 6.406 5.998 5.597 5.195 4.793 4.391 3.990 3.588 3.186 2.707 1.779 0.000 0.000 0.000 0.000 0.000 0.000 1.590 1.770 1.670 1.220 1.110 1.600 1.150 1.260 1.630 1.350 1.740 1.920 1.680 0.870 1.130 1.870 1.210 1.710 1.400
4.009 3.803 3.675 3.584 3.493 3.403 3.312 3.218 3.125 3.032 2.920 2.804 2.689 2.574 2.459 2.344 2.229 2.463 2.775 3.086 3.396 3.707 4.018 4.328 4.638 4.975 5.330 5.686 6.042 6.343 6.492 6.641 6.789 6.852 6.754 6.657 6.560 6.463 6.366 6.277 6.257 6.237 6.498 6.393 5.992 5.590 5.188 4.786 4.384 3.983 3.429 2.501 1.573 0.645 0.000 0.000 0.000 0.000 0.000 1.540 1.460 1.320 1.460 1.630 1.590 1.530 1.690 1.120 1.800 2.010 1.450 2.150 2.110 2.110 2.090 2.240 1.650
4.123 3.928 3.837 3.747 3.656 3.565 3.474 3.383 3.290 3.192 3.077 2.962 2.847 2.732 2.614 2.485 2.356 2.157 2.197 2.508 2.819 3.129 3.440 3.750 4.061 4.405 4.761 5.116 5.472 5.828 6.184 6.345 6.494 6.519 6.422 6.325 6.228 6.177 6.157 6.137 6.117 6.119 6.404 6.689 6.788 6.387 5.985 5.583 5.181 4.779 4.152 3.223 2.295 1.367 0.001 0.001 0.001 0.002 0.002 0.016 1.140 1.290 1.720 1.640 1.540 1.780 1.680 1.720 1.770 1.450 1.400 2.240 1.980 1.670 2.270 2.170 1.260
4.237 4.090 4.000 3.909 3.818 3.727 3.636 3.546 3.454 3.350 3.235 3.113 2.983 2.854 2.725 2.596 2.467 2.245 2.011 1.930 2.241 2.551 2.862 3.172 3.483 3.835 4.191 4.546 4.902 5.258 5.614 5.970 6.198 6.187 6.098 6.078 6.057 6.037 6.017 5.997 5.976 6.026 6.311 6.596 6.881 7.166 6.781 6.380 5.978 5.576 4.874 3.946 3.018 2.089 1.161 0.233 0.002 0.002 0.003 0.003 0.016 1.710 1.240 1.600 1.880 1.530 1.910 1.740 1.680 1.840 1.990 2.330 2.100 2.260 1.000 2.130 2.350
4.351 4.253 4.162 4.071 3.980 3.889 3.799 3.706 3.612 3.482 3.353 3.224 3.095 2.966 2.836 2.707 2.566 2.333 2.100 1.866 1.663 1.973 2.284 2.594 2.909 3.265 3.621 3.977 4.332 4.688 5.044 5.400 5.807 5.978 5.958 5.938 5.917 5.897 5.877 5.857 5.836 5.933 6.218 6.503 6.788 7.073 7.358 7.176 6.775 6.373 5.597 4.668 3.740 2.812 1.884 1.095 0.315 0.004 0.007 0.004 0.003 0.015 2.030 1.770 1.860 1.720 1.260 1.930 1.660 1.940 2.140 2.160 2.180 2.240 2.170 1.410 2.320
4.506 4.413 4.320 4.226 4.132 4.038 3.945 3.851 3.752 3.606 3.464 3.335 3.206 3.077 2.948 2.818 2.654 2.421 2.188 1.955 1.721 1.488 1.706 2.017 2.339 2.695 3.051 3.407 3.762 4.154 4.584 5.013 5.443 5.637 5.818 5.797 5.777 5.757 5.737 5.716 5.696 5.840 6.125 6.410 6.695 6.980 7.265 7.550 7.571 7.169 6.319 5.391 4.520 3.740 2.960 2.180 1.400 0.004 0.004 0.004 0.004 0.002 0.005 0.016 1.540 1.610 1.960 1.910 1.820 2.030 2.130 2.180 2.200 2.290 2.060 2.130 2.450
4.654 4.558 4.465 4.371 4.277 4.183 4.090 3.996 3.881 3.735 3.589 3.446 3.317 3.188 3.059 2.930 2.743 2.509 2.276 2.043 1.809 1.576 1.343 1.439 1.769 2.125 2.501 2.930 3.360 3.789 4.219 4.649 5.038 5.230 5.421 5.612 5.637 5.617 5.596 5.576 5.556 5.747 6.032 6.317 6.602 6.887 7.172 7.457 7.742 7.966 7.166 6.386 5.605 4.825 4.045 3.265 2.485 1.704 0.902 0.003 0.009 0.006 0.006 0.003 0.016 1.920 1.280 1.870 1.910 2.040 2.090 2.100 2.180 2.260 2.200 2.070 2.410
4.805 4.705 4.610 4.516 4.422 4.329 4.235 4.141 4.010 3.864 3.718 3.573 3.428 3.299 3.170 3.041 2.831 2.597 2.364 2.131 1.898 1.664 1.431 1.203 1.277 1.706 2.136 2.566 2.995 3.425 3.854 4.284 4.631 4.822 5.014 5.205 5.396 5.476 5.456 5.436 5.416 5.654 5.939 6.224 6.509 6.794 7.079 7.318 7.502 7.712 8.072 7.471 6.691 5.910 5.130 4.350 3.570 2.789 1.970 0.007 0.010 0.022 0.011 0.005 0.004 0.016 1.950 1.820 1.930 1.980 2.010 2.070 2.150 2.150 1.950 1.960 2.350
4.956 4.856 4.756 4.661 4.567 4.474 4.380 4.284 4.139 3.993 3.847 3.702 3.556 3.410 3.281 3.152 2.919 2.686 2.452 2.219 1.999 1.804 1.610 1.415 1.323 1.342 1.771 2.201 2.631 3.060 3.490 3.919 4.224 4.415 4.606 4.798 4.989 5.180 5.316 5.296 5.275 5.561 5.846 6.131 6.409 6.593 6.776 6.960 7.144 7.382 7.741 8.100 7.776 6.995 6.215 5.435 4.655 3.874 3.038 2.146 0.007 0.001 0.002 0.008 0.005 0.003 0.016 1.930 1.820 1.920 1.950 2.030 2.030 1.880 1.970 1.990 2.090
5.107 5.007 4.907 4.807 4.712 4.619 4.525 4.413 4.268 4.122 3.976 3.831 3.685 3.539 3.394 3.241 3.007 2.796 2.601 2.406 2.211 2.016 1.821 1.632 1.561 1.491 1.420 1.836 2.266 2.696 3.125 3.555 3.816 4.008 4.199 4.390 4.581 4.773 4.964 5.155 5.182 5.467 5.683 5.867 6.050 6.234 6.418 6.601 6.785 7.052 7.411 7.770 8.129 8.080 7.300 6.520 5.740 4.959 4.106 3.214 2.323 1.431 0.004 0.008 0.007 0.005 0.003 0.016 1.920 1.930 1.410 1.910 1.900 1.940 1.960 1.940 1.970
5.258 5.158 5.058 4.958 4.858 4.764 4.670 4.542 4.397 4.251 4.105 3.960 3.814 3.670 3.533 3.390 3.203 3.008 2.813 2.618 2.423 2.228 2.033 1.870 1.799 1.729 1.658 1.587 1.901 2.331 2.760 3.190 3.409 3.600 3.792 3.983 4.174 4.365 4.557 4.791 5.000 5.141 5.325 5.508 5.692 5.876 6.059 6.243 6.427 6.721 7.080 7.439 7.798 8.158 8.385 7.605 6.825 6.044 5.174 4.282 3.391 2.499 1.608 0.007 0.005 0.007 0.004 0.002 0.006 0.017 1.960 1.930 1.770 1.810 1.790 1.750 1.770
5.409 5.309 5.209 5.109 5.009 4.909 4.815 4.671 4.526 4.382 4.244 4.107 3.970 3.833 3.695 3.550 3.401 3.220 3.025 2.830 2.635 2.440 2.245 2.108 2.038 1.967 1.896 1.826 1.755 1.966 2.396 2.811 3.002 3.193 3.384 3.576 3.793 4.095 4.396 4.697 4.853 4.863 4.966 5.150 5.334 5.517 5.701 5.885 6.068 6.391 6.750 7.109 7.468 7.827 8.186 8.545 7.910 7.129 6.242 5.350 4.459 3.278 2.058 0.838 0.020 0.048 0.025 0.007 0.007 0.004 0.016 1.980 1.950 1.940 1.900 1.550 1.690
5.560 5.460 5.360 5.260 5.160 5.049 4.949 4.819 4.682 4.545 4.407 4.270 4.133 3.996 3.858 3.710 3.561 3.412 3.237 3.042 2.847 2.652 2.457 2.347 2.276 2.205 2.134 2.064 1.993 1.922 2.031 2.403 2.595 2.795 3.096 3.398 3.699 4.000 4.301 4.602 4.705 4.716 4.727 4.792 4.975 5.159 5.343 5.526 5.710 6.060 6.420 6.779 7.138 7.497 7.856 8.215 8.574 8.201 7.212 5.992 4.772 3.552 2.331 1.111 0.018 0.000 0.231 0.131 0.011 0.005 0.003 0.016 2.030 1.470 1.950 1.790 1.700
5.699 5.573 5.448 5.322 5.197 5.071 5.001 4.971 4.845 4.707 4.570 4.433 4.296 4.158 4.019 3.870 3.721 3.572 3.423 3.253 3.058 2.863 2.668 2.585 2.514 2.443 2.373 2.302 2.231 2.160 2.090 2.098 2.400 2.701 3.002 3.303 3.604 3.905 4.206 4.507 4.558 4.569 4.579 4.590 4.617 4.800 4.984 5.168 5.371 5.730 6.089 6.448 6.807 7.166 7.525 7.884 8.237 8.333 7.485 6.265 5.045 3.825 2.604 1.384 0.165 0.000 0.651 0.541 0.017 0.008 0.006 0.003 0.016 1.990 2.000 2.010 1.930
5.721 5.596 5.471 5.345 5.220 5.094 5.052 5.022 4.993 4.870 4.733 4.596 4.459 4.321 4.179 4.030 3.881 3.732 3.583 3.434 3.270 3.075 2.894 2.823 2.752 2.682 2.611 2.534 2.428 2.321 2.215 2.227 2.309 2.606 2.907 3.208 3.509 3.810 4.112 4.400 4.411 4.421 4.432 4.443 4.453 4.464 4.626 4.810 5.041 5.400 5.759 6.118 6.477 6.832 7.183 7.535 7.886 7.841 7.263 6.538 5.318 4.098 2.878 1.657 0.437 0.000 0.000 0.691 0.291 0.212 0.222 0.008 0.002 0.006 0.016 2.040 0.830
5.744 5.619 5.493 5.368 5.243 5.133 5.103 5.074 5.044 5.015 4.896 4.759 4.622 4.484 4.338 4.190 4.041 3.892 3.743 3.594 3.445 3.287 3.132 3.061 2.978 2.872 2.765 2.659 2.552 2.446 2.340 2.392 2.474 2.555 2.812 3.114 3.415 3.716 4.017 4.253 4.263 4.274 4.285 4.295 4.306 4.317 4.327 4.451 4.710 5.069 5.427 5.778 6.130 6.481 6.832 7.184 7.535 7.348 6.771 6.193 5.591 4.371 3.151 1.930 0.710 0.000 0.000 0.000 0.000 0.000 0.000 0.000 0.020 0.007 0.003 0.016 1.970
5.767 5.642 5.516 5.391 5.265 5.184 5.155 5.125 5.096 5.066 5.037 4.922 4.784 4.647 4.498 4.350 4.201 4.052 3.903 3.754 3.605 3.455 3.316 3.209 3.103 2.997 2.890 2.784 2.677 2.571 2.474 2.556 2.638 2.720 2.801 3.019 3.320 3.621 3.922 4.106 4.116 4.127 4.137 4.148 4.159 4.169 4.180 4.191 4.373 4.725 5.076 5.428 5.779 6.130 6.482 6.833 7.185 6.856 6.279 5.701 5.124 4.546 3.424 2.203 0.983 0.001 0.000 0.000 0.000 0.000 0.000 0.000 0.322 0.392 0.005 0.003 0.016
5.790 5.664 5.539 5.414 5.288 5.236 5.206 5.177 5.147 5.118 5.088 5.059 4.947 4.807 4.658 4.509 4.361 4.211 4.060 3.908 3.757 3.606 3.468 3.336 3.228 3.121 3.015 2.909 2.802 2.696 2.638 2.720 2.802 2.884 2.966 3.047 3.225 3.526 3.827 3.958 3.969 3.980 3.990 4.001 4.011 4.018 4.023 4.029 4.160 4.374 4.726 5.077 5.428 5.780 6.131 6.483 6.834 6.363 5.786 5.209 4.631 4.054 3.476 2.477 1.256 0.061 0.008 0.002 0.000 0.000 0.000 0.000 0.000 0.232 0.025 0.042 0.003
5.689 5.687 5.562 5.436 5.317 5.287 5.258 5.228 5.199 5.169 5.140 5.110 5.081 4.967 4.816 4.664 4.513 4.362 4.210 4.059 3.907 3.756 3.623 3.490 3.357 3.246 3.140 3.034 2.927 2.821 2.802 2.884 2.966 3.048 3.130 3.211 3.293 3.432 3.733 3.811 3.822 3.832 3.839 3.845 3.850 3.856 3.861 3.867 4.026 4.194 4.375 4.726 5.078 5.429 5.780 6.132 6.449 5.871 5.294 4.716 4.139 3.561 2.984 2.406 1.529 0.482 0.363 0.243 0.028 0.002 0.001 0.001 0.459 0.000 0.317 0.000 0.075
5.582 5.590 5.585 5.459 5.368 5.339 5.309 5.280 5.250 5.221 5.167 5.114 5.060 5.060 4.966 4.815 4.664 4.512 4.361 4.209 4.058 3.911 3.778 3.645 3.512 3.379 3.265 3.159 3.052 2.946 2.966 3.048 3.130 3.212 3.294 3.376 3.457 3.539 3.638 3.660 3.666 3.671 3.677 3.682 3.688 3.693 3.699 3.725 3.893 4.061 4.229 4.397 4.727 5.078 5.430 5.781 5.956 5.379 4.801 4.224 3.646 3.069 2.491 1.914 1.336 0.870 0.638 0.407 0.175 0.009 0.002 0.000 0.000 0.325 0.166 0.042 0.124
5.475 5.483 5.492 5.482 5.419 5.386 5.332 5.279 5.225 5.172 5.118 5.065 5.014 5.030 5.047 4.966 4.814 4.663 4.512 4.360 4.209 4.066 3.933 3.800 3.667 3.534 3.401 3.283 3.177 3.071 3.130 3.212 3.294 3.376 3.458 3.540 3.579 3.611 3.622 3.508 3.504 3.509 3.515 3.520 3.526 3.531 3.537 3.591 3.759 3.928 4.096 4.264 4.432 4.728 5.079 5.431 5.464 4.886 4.309 3.731 3.154 2.577 2.002 1.683 1.364 1.067 0.803 0.571 0.339 0.111 0.022 0.040 0.057 0.077 0.236 0.140 0.042
5.368 5.370 5.369 5.368 5.390 5.337 5.284 5.230 5.177 5.123 5.070 5.016 4.984 5.000 5.017 5.033 4.965 4.813 4.662 4.511 4.359 4.221 4.088 3.955 3.822 3.689 3.556 3.423 3.302 3.212 3.294 3.376 3.454 3.487 3.520 3.552 3.585 3.617 3.598 3.484 3.370 3.347 3.352 3.358 3.363 3.369 3.374 3.458 3.626 3.794 3.962 4.131 4.299 4.467 4.729 5.080 4.972 4.394 3.817 3.239 2.840 2.522 2.203 1.884 1.566 1.274 1.006 0.738 0.503 0.273 0.062 0.026 0.002 0.000 0.052 0.000 0.023
5.219 5.219 5.218 5.226 5.262 5.288 5.235 5.182 5.128 5.075 5.021 4.968 4.953 4.970 4.986 5.003 5.019 4.964 4.813 4.661 4.510 4.376 4.243 4.110 3.977 3.844 3.711 3.578 3.445 3.362 3.395 3.428 3.460 3.493 3.525 3.558 3.591 3.623 3.574 3.460 3.346 3.233 3.190 3.196 3.201 3.207 3.212 3.325 3.493 3.661 3.829 3.997 4.165 4.333 4.502 4.729 4.479 3.997 3.679 3.360 3.041 2.723 2.404 2.085 1.767 1.481 1.213 0.945 0.000 0.437 0.206 0.026 0.030 0.073 0.049 0.089 0.000
5.068 5.068 5.067 5.085 5.121 5.157 5.186 5.133 5.080 5.026 4.973 4.919 4.923 4.940 4.956 4.973 4.989 5.005 4.963 4.812 4.664 4.531 4.398 4.265 4.132 3.999 3.867 3.736 3.604 3.484 3.401 3.433 3.466 3.499 3.531 3.564 3.596 3.629 3.550 3.436 3.322 3.209 3.095 3.033 3.039 3.044 3.050 3.191 3.359 3.528 3.696 3.864 4.032 4.200 4.364 4.512 4.517 4.198 3.879 3.561 3.242 2.924 2.605 2.286 1.968 1.689 1.420 1.152 0.885 0.617 0.369 0.032 0.025 0.013 0.014 0.000 0.000
4.917 4.916 4.915 4.944 4.980 5.016 5.052 5.084 5.031 4.977 4.924 4.877 4.893 4.910 4.926 4.942 4.959 4.975 4.992 4.963 4.819 4.686 4.554 4.422 4.290 4.159 4.027 3.896 3.764 3.649 3.540 3.439 3.472 3.505 3.537 3.570 3.602 3.635 3.526 3.412 3.299 3.185 3.071 2.957 2.877 2.882 2.890 3.058 3.226 3.394 3.562 3.726 3.874 4.021 4.169 4.317 4.355 4.389 4.080 3.762 3.443 3.124 2.806 2.487 2.169 1.896 1.628 1.359 1.091 0.823 0.000 0.558 0.013 0.011 0.023 0.124 0.062
4.766 4.765 4.767 4.803 4.839 4.876 4.912 4.948 4.982 4.929 4.875 4.847 4.863 4.879 4.896 4.912 4.929 4.945 4.962 4.973 4.977 4.845 4.713 4.582 4.450 4.319 4.187 4.055 3.924 3.814 3.705 3.596 3.487 3.510 3.543 3.576 3.608 3.616 3.502 3.388 3.275 3.161 3.047 2.933 2.820 2.720 2.757 2.925 3.088 3.236 3.384 3.531 3.679 3.827 3.974 4.106 4.141 4.176 4.211 3.963 3.644 3.325 3.007 2.688 2.371 2.103 1.834 1.566 1.298 1.030 0.001 0.000 0.020 0.013 0.014 0.000 0.000
4.615 4.614 4.627 4.663 4.699 4.735 4.771 4.807 4.843 4.879 4.827 4.816 4.833 4.849 4.866 4.878 4.889 4.900 4.911 4.923 4.972 5.005 4.873 4.742 4.610 4.478 4.347 4.215 4.088 3.979 3.870 3.761 3.652 3.543 3.549 3.582 3.614 3.592 3.478 3.364 3.251 3.137 3.023 2.909 2.796 2.695 2.607 2.746 2.894 3.041 3.189 3.337 3.484 3.632 3.780 3.893 3.928 3.962 3.997 4.032 3.845 3.526 3.208 2.889 2.578 2.310 2.041 1.773 1.505 1.237 0.969 0.701 0.433 0.005 0.002 0.027 0.002
4.463 4.463 4.486 4.522 4.558 4.594 4.630 4.666 4.702 4.738 4.774 4.783 4.794 4.805 4.816 4.828 4.839 4.850 4.861 4.879 4.932 4.984 5.033 4.901 4.770 4.638 4.507 4.375 4.253 4.144 4.035 3.926 3.817 3.708 3.599 3.587 3.620 3.568 3.454 3.341 3.227 3.113 3.026 2.953 2.881 2.808 2.711 2.596 2.699 2.846 2.994 3.142 3.289 3.437 3.585 3.679 3.714 3.749 3.784 3.818 3.853 3.727 3.409 3.090 2.785 2.517 2.249 1.980 1.712 1.444 1.176 0.882 0.586 0.004 0.001 0.000 0.000
4.312 4.311 4.345 4.381 4.417 4.453 4.489 4.557 4.634 4.711 4.772 4.737 4.744 4.755 4.766 4.777 4.789 4.800 4.811 4.839 4.892 4.944 4.996 5.048 4.930 4.798 4.666 4.535 4.418 4.309 4.200 4.091 3.982 3.873 3.764 3.655 3.626 3.544 3.430 3.356 3.284 3.211 3.139 3.066 2.994 2.921 2.816 2.700 2.585 2.652 2.799 2.947 3.095 3.242 3.390 3.466 3.501 3.535 3.570 3.605 3.640 3.674 3.610 3.291 2.992 2.724 2.455 2.187 1.902 1.606 1.309 1.013 0.717 0.002 0.001 0.000 0.002
4.193 4.168 4.204 4.276 4.353 4.430 4.508 4.585 4.662 4.739 4.771 4.736 4.701 4.705 4.716 4.727 4.738 4.749 4.761 4.799 4.852 4.904 4.956 5.008 5.060 4.958 4.826 4.695 4.583 4.474 4.365 4.256 4.147 4.038 3.929 3.813 3.686 3.614 3.542 3.469 3.397 3.324 3.252 3.179 3.107 3.035 2.920 2.805 2.690 2.574 2.605 2.752 2.900 3.048 3.195 3.252 3.287 3.322 3.357 3.391 3.426 3.461 3.496 3.492 3.199 2.922 2.626 2.330 2.033 1.737 1.441 1.144 0.848 0.586 0.000 0.000 0.019
