includes/camargue/floodfiles/results/res-0003.wdfp
ncols         906
nrows         631
xllcorner     362177.146667
yllcorner     6534725.688020
cellsize      20.000000
NODATA_value  -9999.000000
[rows 442 to 475 of 631, columns 539 to 615 of 906]
2.707 2.737 2.777 2.867 3.307 2.797 2.897 2.957 2.977 2.957 3.017 2.937 2.977 3.517 3.557 3.237 3.228 3.168 3.138 3.138 3.218 3.328 3.297 3.247 3.237 3.407 3.397 3.307 3.347 3.287 3.437 3.447 3.486 3.858 3.536 3.435 3.565 3.475 3.435 3.524 3.544 3.574 3.993 3.524 3.544 3.453 3.473 3.503 3.493 4.083 3.513 3.593 3.573 3.582 4.096 4.099 4.101 4.103 4.106 4.108 4.110 4.113 4.115 4.124 4.135 4.154 4.178 4.196 4.205 4.213 4.221 4.230 4.238 4.246 4.254 4.263 4.271
2.577 2.587 2.947 2.757 2.927 2.897 2.877 2.987 2.927 2.937 3.137 3.067 3.127 3.207 3.497 3.451 3.472 3.493 3.398 3.248 3.288 3.198 3.458 3.298 3.317 3.477 3.447 3.327 3.457 3.427 3.357 3.537 3.456 3.436 3.426 3.576 3.565 3.555 3.939 3.474 3.514 3.584 3.989 3.494 3.534 3.553 3.453 4.053 4.066 3.563 3.573 4.086 3.593 3.572 4.093 4.095 4.097 4.100 4.102 4.105 4.107 4.111 4.122 4.133 4.144 4.163 4.187 4.210 4.234 4.248 4.256 4.264 4.273 4.281 4.289 4.297 4.306
2.737 2.667 2.657 2.717 2.887 2.917 2.887 2.957 3.017 3.107 2.917 3.067 3.187 3.147 3.068 3.158 3.148 3.498 3.533 3.238 3.178 3.248 3.408 3.428 3.287 3.427 3.407 3.417 3.437 3.357 3.347 3.417 3.447 3.506 3.496 3.506 3.455 3.545 3.545 3.465 3.504 3.544 3.544 3.998 4.011 3.563 3.553 3.543 3.563 3.573 3.593 4.083 4.085 3.573 4.090 4.092 4.094 4.097 4.099 4.101 4.109 4.121 4.132 4.143 4.154 4.172 4.195 4.219 4.243 4.267 4.290 4.299 4.307 4.316 4.324 4.332 4.340
2.877 2.897 2.817 2.777 3.458 2.928 2.988 3.018 2.908 3.098 3.038 3.138 3.268 3.078 3.078 2.968 3.218 3.288 3.551 3.318 3.278 3.388 3.418 3.408 3.407 3.457 3.377 3.457 3.794 3.387 3.477 3.467 3.447 3.536 3.466 3.556 3.586 3.565 3.525 3.455 3.535 3.564 3.982 3.994 4.007 4.020 4.032 3.533 4.058 3.553 4.077 4.080 4.082 4.084 4.086 4.089 4.091 4.093 4.097 4.108 4.119 4.130 4.141 4.152 4.163 4.181 4.204 4.228 4.252 4.275 4.299 4.323 4.342 4.350 4.359 4.367 4.375
2.788 2.748 3.048 2.838 2.768 2.998 3.108 2.988 3.018 3.098 3.168 3.118 3.188 3.118 3.148 3.118 3.318 3.068 3.570 3.318 3.198 3.398 3.498 3.478 3.557 3.437 3.327 3.477 3.507 3.407 3.557 3.437 3.407 3.436 3.516 3.506 3.516 3.535 3.595 3.545 3.595 3.965 3.584 3.990 4.003 4.016 4.028 4.041 3.593 4.067 4.074 4.076 4.078 4.081 4.083 4.085 4.088 4.095 4.106 4.117 4.128 4.140 4.151 4.162 4.173 4.190 4.213 4.237 4.261 4.284 4.308 4.332 4.355 4.379 4.393 4.401 4.410
2.858 2.848 2.828 2.938 3.008 3.008 3.098 3.008 3.068 2.968 3.138 3.158 3.178 3.128 3.188 3.328 3.128 3.058 3.589 3.188 3.358 3.458 3.428 3.508 3.378 3.528 3.507 3.507 3.497 3.347 3.487 3.457 3.577 3.536 3.940 3.496 3.556 3.525 3.959 3.515 3.968 3.973 3.978 3.986 3.999 3.554 4.024 4.037 4.050 4.063 4.071 4.073 4.075 4.077 4.080 4.082 4.093 4.104 4.115 4.126 4.138 4.149 4.160 4.171 4.182 4.198 4.222 4.246 4.269 4.293 4.317 4.341 4.364 4.388 4.411 4.435 4.444
2.818 2.828 2.828 2.818 2.828 2.868 3.308 2.988 3.078 3.048 3.108 3.058 3.198 3.228 3.188 3.198 3.208 3.298 3.298 3.630 3.654 3.308 3.378 3.468 3.458 3.468 3.478 3.527 3.557 3.477 3.397 3.547 3.427 3.516 3.476 3.506 3.546 3.546 3.485 3.976 3.980 3.595 3.535 3.994 3.999 3.584 4.021 4.033 4.046 4.059 4.067 4.069 4.072 4.074 4.080 4.091 4.102 4.114 4.125 4.136 4.147 4.158 4.169 4.181 4.192 4.207 4.231 4.255 4.278 4.302 4.326 4.349 4.373 4.397 4.420 4.444 4.467
2.918 2.838 2.958 2.938 3.018 2.988 3.018 3.148 3.238 3.068 3.168 3.158 3.298 3.128 3.208 3.288 3.278 3.258 3.428 3.158 3.672 3.697 3.721 3.388 3.428 3.794 3.817 3.518 3.507 3.577 3.557 3.397 3.447 3.476 3.446 3.969 3.596 3.566 3.586 3.988 3.993 3.997 4.002 4.006 4.011 4.016 4.020 4.030 4.042 4.055 4.064 4.066 4.069 4.078 4.090 4.101 4.112 4.123 4.134 4.145 4.156 4.168 4.179 4.190 4.201 4.216 4.240 4.263 4.287 4.311 4.335 4.358 4.382 4.405 4.429 4.453 4.476
2.849 2.919 2.888 2.828 2.838 3.018 3.088 2.938 3.009 3.119 3.158 3.178 3.128 3.408 3.288 3.338 3.228 3.358 3.348 3.358 3.338 3.358 3.739 3.448 3.488 3.528 3.568 3.477 3.587 3.597 3.537 3.517 3.457 3.447 3.496 3.526 3.986 3.991 3.995 4.000 4.005 3.555 4.014 4.019 4.023 3.574 4.032 4.037 4.042 4.051 4.061 4.066 4.077 4.088 4.099 4.110 4.121 4.133 4.144 4.155 4.166 4.177 4.188 4.199 4.211 4.225 4.249 4.272 4.296 4.320 4.343 4.367 4.391 4.414 4.438 4.461 4.485
2.959 2.849 2.939 3.008 2.808 3.348 3.048 3.299 3.099 3.149 3.029 3.219 3.159 3.219 3.199 3.249 3.288 3.388 3.338 3.388 3.338 3.218 3.758 3.782 3.438 3.548 3.528 3.857 3.875 3.507 3.467 3.567 3.377 3.537 3.984 3.994 3.998 4.003 4.008 4.012 4.017 4.021 4.026 4.031 4.035 4.040 4.045 4.049 4.054 4.059 4.066 4.075 4.087 4.098 4.109 4.120 4.131 4.142 4.153 4.164 4.175 4.186 4.198 4.209 4.220 4.234 4.257 4.281 4.305 4.328 4.352 4.376 4.400 4.423 4.447 4.470 4.494
2.889 2.969 2.929 2.959 3.079 2.999 2.999 3.029 3.329 3.199 3.089 3.520 3.169 3.239 3.279 3.229 3.249 3.388 3.518 3.428 3.398 3.518 3.358 3.795 3.458 3.528 3.849 3.528 3.528 3.527 3.567 3.467 3.547 3.547 3.567 3.547 3.567 4.015 3.596 4.024 4.029 4.034 4.038 4.043 4.048 4.052 4.057 4.061 4.066 4.074 4.082 4.089 4.097 4.107 4.118 4.129 4.140 4.152 4.163 4.174 4.185 4.196 4.207 4.218 4.230 4.243 4.266 4.290 4.314 4.337 4.361 4.385 4.408 4.432 4.456 4.479 4.503
3.019 2.989 2.959 3.019 2.949 3.039 3.069 3.039 3.049 3.559 3.549 3.119 3.119 3.099 3.259 3.189 3.269 3.338 3.448 3.378 3.338 3.388 3.518 3.508 3.824 3.418 3.428 3.508 3.518 3.598 3.588 3.951 3.537 3.567 3.557 4.018 3.597 4.027 4.032 4.037 4.041 4.046 4.050 4.055 4.060 4.064 4.069 4.075 4.082 4.090 4.098 4.106 4.113 4.121 4.129 4.139 4.150 4.161 4.172 4.183 4.194 4.206 4.217 4.228 4.239 4.251 4.275 4.299 4.323 4.346 4.370 4.394 4.417 4.441 4.465 4.488 4.512
2.959 2.969 3.089 3.019 3.019 3.009 3.099 3.369 3.259 3.189 3.119 3.119 3.109 3.049 3.229 3.229 3.329 3.278 3.298 3.338 3.268 3.359 3.428 3.358 3.408 3.853 3.871 3.889 3.907 3.578 3.548 3.518 3.980 3.507 4.016 4.030 3.457 3.557 4.044 4.049 4.053 4.058 4.063 4.067 4.072 4.076 4.083 4.091 4.099 4.106 4.114 4.122 4.130 4.137 4.145 4.153 4.160 4.171 4.182 4.193 4.204 4.215 4.226 4.237 4.249 4.260 4.284 4.308 4.331 4.355 4.379 4.402 4.426 4.450 4.474 4.498 4.521
2.899 2.919 3.039 2.999 3.069 3.029 3.089 3.089 3.209 3.209 3.099 3.239 3.059 3.119 3.199 3.309 3.259 3.279 3.259 3.409 3.359 3.449 3.409 3.449 3.389 3.338 3.882 3.900 3.568 3.538 3.955 3.478 3.991 4.009 3.557 4.042 4.047 4.051 3.577 4.061 4.065 4.070 4.075 4.079 4.084 4.091 4.099 4.107 4.115 4.123 4.130 4.138 4.146 4.154 4.161 4.169 4.177 4.184 4.192 4.202 4.213 4.225 4.236 4.247 4.258 4.269 4.293 4.317 4.340 4.364 4.388 4.411 4.435 4.459 4.483 4.507 4.531
2.999 2.919 3.069 3.049 2.979 3.079 3.129 3.149 3.159 3.229 3.249 3.169 3.239 3.229 3.239 3.649 3.676 3.239 3.249 3.753 3.289 3.529 3.309 3.359 3.459 3.409 3.893 3.911 3.929 3.948 3.588 3.598 4.002 4.020 4.038 4.054 4.059 3.547 4.068 4.073 4.077 4.082 4.087 4.092 4.100 4.108 4.115 4.123 4.131 4.139 4.147 4.154 4.162 4.170 4.178 4.185 4.193 4.201 4.208 4.216 4.224 4.234 4.245 4.256 4.268 4.279 4.302 4.325 4.349 4.373 4.397 4.421 4.444 4.468 4.492 4.516 4.540
2.999 2.970 3.019 3.089 3.099 3.039 3.109 3.069 3.199 3.219 3.249 3.279 3.239 3.289 3.369 3.299 3.329 3.209 3.149 3.199 3.579 3.279 3.823 3.349 3.429 3.499 3.409 3.922 3.940 3.959 3.977 3.995 3.538 4.031 4.049 4.066 4.071 4.076 4.080 4.085 4.090 4.094 4.100 4.108 4.116 4.124 4.132 4.139 4.147 4.155 4.163 4.171 4.178 4.186 4.194 4.201 4.209 4.217 4.225 4.232 4.240 4.248 4.256 4.266 4.277 4.288 4.311 4.334 4.358 4.382 4.406 4.430 4.454 4.477 4.501 4.525 4.549
2.970 2.960 2.989 3.159 3.149 3.109 3.169 3.099 3.229 3.079 3.229 3.199 3.279 3.309 3.319 3.239 3.309 3.239 3.349 3.329 3.339 3.339 3.189 3.439 3.509 3.489 3.912 3.933 3.951 3.969 3.588 3.598 4.024 4.042 4.060 4.078 4.083 4.088 4.092 4.097 4.102 4.109 4.117 4.124 4.132 4.140 4.148 4.156 4.163 4.171 4.179 4.187 4.195 4.202 4.210 4.218 4.225 4.233 4.241 4.249 4.256 4.264 4.272 4.279 4.287 4.298 4.320 4.343 4.367 4.391 4.415 4.439 4.463 4.487 4.510 4.534 4.558
2.950 3.080 3.040 3.070 3.050 3.180 3.240 3.190 3.180 3.250 3.200 3.270 3.330 3.330 3.290 3.200 3.180 3.270 3.380 3.340 3.370 3.329 3.349 3.339 3.874 3.589 3.916 3.489 3.958 3.979 3.998 4.017 4.035 4.053 4.071 4.089 4.095 4.100 4.104 4.109 4.117 4.125 4.133 4.141 4.148 4.156 4.164 4.172 4.180 4.188 4.195 4.203 4.211 4.218 4.226 4.234 4.242 4.249 4.257 4.265 4.273 4.280 4.288 4.296 4.303 4.311 4.329 4.352 4.376 4.400 4.424 4.448 4.472 4.496 4.519 4.543 4.567
2.960 3.070 3.050 3.090 2.990 3.060 3.090 3.090 3.070 3.280 3.330 3.280 3.190 3.170 3.160 3.110 3.250 3.280 3.330 3.270 3.350 3.440 3.469 3.369 3.878 3.899 3.509 3.549 3.963 3.984 4.005 4.026 4.046 4.064 4.082 4.100 4.107 4.112 4.118 4.126 4.133 4.141 4.149 4.157 4.165 4.172 4.180 4.188 4.196 4.204 4.212 4.219 4.227 4.235 4.242 4.250 4.258 4.266 4.273 4.281 4.289 4.296 4.304 4.312 4.320 4.327 4.344 4.365 4.386 4.409 4.433 4.457 4.481 4.505 4.529 4.552 4.576
3.020 3.140 3.000 3.150 3.110 3.160 3.090 3.110 3.210 3.100 3.160 3.230 3.140 3.270 3.200 3.270 3.200 3.724 3.300 3.310 3.410 3.550 3.519 3.489 3.449 3.479 3.569 3.946 3.967 3.989 4.010 4.031 4.052 4.073 4.093 4.111 4.119 4.126 4.134 4.142 4.149 4.157 4.165 4.173 4.181 4.189 4.196 4.204 4.212 4.220 4.228 4.236 4.243 4.251 4.259 4.266 4.274 4.282 4.289 4.297 4.305 4.313 4.320 4.328 4.336 4.343 4.359 4.380 4.401 4.422 4.444 4.466 4.490 4.514 4.538 4.562 4.585
3.010 3.050 3.010 3.080 3.070 3.200 3.230 3.081 3.240 3.150 3.090 3.160 3.300 3.170 3.320 3.560 3.390 3.320 3.310 3.340 3.360 3.350 3.419 3.509 3.419 3.339 3.589 3.951 3.972 3.993 4.014 4.035 3.479 4.077 4.098 4.119 4.135 4.142 4.150 4.158 4.166 4.173 4.181 4.189 4.197 4.205 4.213 4.221 4.228 4.236 4.244 4.252 4.260 4.267 4.275 4.283 4.290 4.298 4.306 4.313 4.321 4.329 4.336 4.344 4.352 4.359 4.374 4.395 4.416 4.437 4.459 4.480 4.501 4.523 4.547 4.571 4.595
3.170 2.990 3.010 3.080 3.100 3.260 3.230 3.150 3.130 3.180 3.100 3.410 3.230 3.290 3.260 3.290 3.340 3.320 3.330 3.280 3.500 3.370 3.460 3.450 3.400 3.489 3.934 3.955 3.977 3.998 4.019 4.040 4.061 4.082 4.103 4.126 4.143 4.154 4.166 4.174 4.182 4.190 4.198 4.205 4.213 4.221 4.229 4.237 4.245 4.252 4.260 4.268 4.276 4.283 4.291 4.299 4.307 4.314 4.322 4.330 4.337 4.345 4.353 4.360 4.368 4.376 4.389 4.410 4.431 4.452 4.473 4.495 4.516 4.537 4.558 4.580 4.604
3.000 3.030 3.100 3.210 3.280 3.100 3.140 3.060 3.190 3.060 3.040 3.210 3.270 3.150 3.310 3.290 3.410 3.450 3.330 3.350 3.390 3.400 3.480 3.380 3.550 3.350 3.580 3.960 3.981 3.589 4.023 4.044 4.065 4.087 4.110 4.133 4.150 4.162 4.174 4.185 4.197 4.206 4.214 4.222 4.229 4.237 4.245 4.253 4.261 4.269 4.277 4.284 4.292 4.300 4.307 4.315 4.323 4.331 4.338 4.346 4.353 4.361 4.369 4.376 4.384 4.392 4.404 4.425 4.446 4.467 4.488 4.509 4.531 4.552 4.573 4.594 4.615
3.051 3.021 3.041 3.071 3.120 3.031 3.011 3.020 3.110 3.131 3.300 3.200 3.320 3.370 3.310 3.360 3.260 3.320 3.390 3.360 3.400 3.440 3.510 3.490 3.901 3.430 3.480 3.964 3.986 4.007 4.028 4.049 4.071 4.094 4.116 4.139 4.158 4.169 4.181 4.193 4.205 4.217 4.228 4.238 4.246 4.253 4.261 4.269 4.277 4.285 4.293 4.301 4.308 4.316 4.324 4.331 4.339 4.347 4.354 4.362 4.370 4.377 4.385 4.393 4.400 4.408 4.418 4.440 4.461 4.482 4.503 4.524 4.546 4.567 4.588 4.609 4.630
2.981 3.041 3.101 2.981 3.131 2.981 3.171 3.091 3.221 3.251 3.201 3.211 3.271 3.281 3.281 3.200 3.350 3.281 3.511 3.340 3.440 3.540 3.390 3.540 3.520 3.560 3.420 3.370 3.990 4.011 4.032 4.055 4.078 4.100 4.123 4.145 4.165 4.177 4.189 4.201 4.212 4.224 4.236 4.248 4.259 4.270 4.277 4.285 4.293 4.301 4.309 4.317 4.324 4.332 4.340 4.348 4.355 4.363 4.371 4.378 4.386 4.394 4.401 4.409 4.417 4.424 4.433 4.455 4.476 4.497 4.518 4.539 4.561 4.582 4.603 4.624 4.645
3.021 3.091 2.921 2.961 3.041 3.031 3.191 3.281 3.031 3.121 3.081 3.311 3.201 3.281 3.211 3.261 3.331 3.451 3.371 3.460 3.490 3.490 3.420 3.470 3.910 3.931 3.510 3.460 3.995 4.016 4.039 4.061 4.084 4.107 4.129 4.152 4.173 4.184 4.196 4.208 4.220 4.232 4.243 4.255 4.267 4.279 4.291 4.302 4.309 4.317 4.325 4.333 4.341 4.348 4.356 4.364 4.372 4.379 4.387 4.394 4.402 4.410 4.417 4.425 4.433 4.440 4.448 4.469 4.491 4.512 4.533 4.554 4.576 4.597 4.618 4.639 4.660
2.991 2.981 3.011 3.081 2.951 3.131 3.211 3.141 3.111 3.171 3.291 3.191 3.221 3.181 3.191 3.321 3.291 3.311 3.451 3.410 3.560 3.460 3.460 3.530 3.470 3.936 3.957 3.560 3.460 3.560 4.045 4.068 4.091 4.113 4.136 4.159 4.180 4.192 4.204 4.216 4.228 4.239 4.251 4.263 4.275 4.286 4.298 4.310 4.322 4.334 4.341 4.349 4.357 4.365 4.372 4.380 4.388 4.395 4.403 4.411 4.418 4.426 4.434 4.441 4.449 4.457 4.464 4.484 4.505 4.527 4.548 4.569 4.590 4.612 4.633 4.654 4.675
3.092 3.051 3.081 3.091 3.141 3.091 3.091 3.081 3.141 3.191 3.271 3.331 3.181 3.261 3.341 3.251 3.351 3.341 3.371 3.381 3.832 3.601 3.590 3.470 3.919 3.940 3.600 3.460 4.006 4.029 4.052 4.075 4.097 4.120 4.142 4.165 4.188 4.200 4.211 4.223 4.235 4.247 4.259 4.270 4.282 4.294 4.306 4.318 4.330 4.341 4.353 4.365 4.373 4.381 4.388 4.396 4.404 4.411 4.419 4.427 4.435 4.442 4.450 4.458 4.465 4.473 4.481 4.499 4.520 4.542 4.563 4.584 4.605 4.627 4.648 4.669 4.698
3.022 3.002 3.031 3.121 3.071 3.121 3.111 3.231 3.161 3.171 3.151 3.181 3.331 3.291 3.291 3.531 3.251 3.371 3.411 3.511 3.411 3.501 3.882 3.500 3.540 3.945 3.580 3.600 4.013 4.036 4.058 4.081 4.104 4.126 4.149 4.172 4.194 4.207 4.219 4.231 4.243 4.254 4.266 4.278 4.290 4.302 4.314 4.325 4.337 4.349 4.361 4.379 4.390 4.397 4.405 4.412 4.420 4.428 4.435 4.443 4.451 4.458 4.466 4.474 4.482 4.489 4.497 4.514 4.535 4.557 4.578 4.599 4.620 4.642 4.663 4.699 4.745
3.002 3.052 3.302 3.081 3.031 3.121 3.131 3.201 3.251 3.081 3.181 3.231 3.371 3.251 3.301 3.251 3.341 3.361 3.381 3.401 3.501 3.461 3.521 3.551 3.591 3.952 3.590 3.540 4.020 4.042 4.065 4.088 4.110 4.133 4.156 4.178 4.201 4.215 4.227 4.239 4.250 4.262 4.274 4.286 4.298 4.309 4.321 4.333 4.345 4.358 4.376 4.395 4.408 4.415 4.422 4.429 4.436 4.444 4.452 4.459 4.467 4.475 4.482 4.490 4.498 4.505 4.513 4.529 4.550 4.572 4.593 4.614 4.635 4.657 4.700 4.746 4.793
2.982 3.042 3.102 3.182 3.252 3.092 3.232 3.171 3.091 3.281 3.281 3.261 3.261 3.231 3.351 3.331 3.351 3.361 3.401 3.421 3.421 3.441 3.891 3.913 3.571 3.958 3.981 4.003 4.026 4.049 4.072 4.094 4.117 4.140 4.162 4.185 4.207 4.223 4.234 4.246 4.258 4.270 4.282 4.293 4.305 4.317 4.329 4.341 4.355 4.374 4.392 4.411 4.425 4.432 4.439 4.447 4.454 4.461 4.468 4.476 4.483 4.491 4.499 4.506 4.514 4.522 4.529 4.544 4.565 4.587 4.608 4.629 4.655 4.701 4.748 4.794 4.840
2.982 3.092 3.132 3.192 3.232 3.282 3.122 3.202 3.212 3.152 3.232 3.272 3.422 3.401 3.311 3.421 3.501 3.391 3.471 3.361 3.411 3.501 3.601 3.919 3.942 3.965 3.987 4.010 4.033 4.055 4.078 4.101 4.124 4.146 4.169 4.192 4.214 4.230 4.242 4.254 4.266 4.278 4.289 4.301 4.313 4.325 4.337 4.353 4.371 4.390 4.409 4.427 4.443 4.450 4.457 4.464 4.471 4.478 4.485 4.493 4.500 4.507 4.515 4.523 4.530 4.538 4.546 4.559 4.580 4.602 4.623 4.655 4.702 4.749 4.795 4.842 4.888
3.182 3.122 3.062 3.212 3.232 3.162 3.222 3.192 3.222 3.272 3.262 3.212 3.342 3.242 3.342 3.252 3.382 3.312 3.351 3.581 3.884 3.601 3.904 3.926 3.948 3.971 3.994 4.017 4.039 4.062 4.085 4.107 4.130 4.153 4.175 4.198 4.221 4.238 4.250 4.261 4.273 4.285 4.297 4.309 4.321 4.333 4.350 4.369 4.387 4.406 4.425 4.444 4.460 4.467 4.474 4.482 4.489 4.496 4.503 4.510 4.517 4.524 4.532 4.539 4.547 4.554 4.562 4.574 4.595 4.617 4.657 4.703 4.750 4.796 4.843 4.889 4.936
3.183 3.112 3.342 3.093 3.123 3.132 3.192 3.112 3.202 3.222 3.252 3.182 3.282 3.412 3.152 3.282 3.252 3.462 3.491 3.541 3.521 3.511 3.511 3.934 3.956 3.978 4.000 4.023 4.046 4.068 4.091 4.114 4.137 4.159 4.182 4.205 4.227 4.245 4.257 4.269 4.281 4.293 4.305 4.317 4.329 4.347 4.366 4.385 4.404 4.422 4.441 4.460 4.478 4.485 4.492 4.499 4.506 4.513 4.521 4.528 4.535 4.542 4.549 4.556 4.563 4.571 4.578 4.589 4.611 4.658 4.704 4.751 4.797 4.844 4.890 4.937 4.983
