includes/camargue/floodfiles/results/res-0008.wd
ncols         906
nrows         631
xllcorner     362177.146667
yllcorner     6534725.688020
cellsize      20.000000
NODATA_value  -9999.000000
[rows 510 to 543 of 631, columns 77 to 153 of 906]
4.880 4.792 4.704 4.617 4.545 4.472 4.399 4.326 4.253 4.180 4.108 4.035 3.890 3.723 3.520 3.318 3.116 2.915 2.713 2.512 2.311 2.323 2.364 2.384 2.397 2.410 2.423 2.435 2.448 2.460 2.473 2.370 2.218 2.178 2.169 2.160 2.151 2.142 2.133 2.124 2.115 2.105 2.084 2.062 2.009 1.948 1.887 1.826 1.765 1.704 1.642 1.581 1.599 1.618 1.636 1.653 1.669 1.686 1.702 1.718 1.734 1.749 1.755 1.761 1.766 1.772 1.778 1.781 1.783 1.786 1.788 1.790 1.790 1.789 1.789 1.788 1.788
4.955 4.841 4.727 4.615 4.519 4.443 4.370 4.297 4.224 4.151 4.078 3.980 3.819 3.657 3.476 3.273 3.072 2.870 2.668 2.467 2.391 2.433 2.474 2.510 2.523 2.536 2.548 2.561 2.573 2.586 2.534 2.381 2.229 2.109 2.100 2.091 2.082 2.074 2.065 2.056 2.047 2.030 2.008 1.986 1.962 1.901 1.840 1.779 1.718 1.657 1.596 1.573 1.591 1.609 1.627 1.646 1.663 1.679 1.695 1.711 1.727 1.737 1.743 1.749 1.755 1.760 1.766 1.772 1.774 1.777 1.779 1.780 1.779 1.779 1.778 1.778 1.777
4.949 4.834 4.720 4.612 4.515 4.419 4.341 4.268 4.195 4.122 4.049 3.909 3.748 3.586 3.424 3.229 3.027 2.825 2.623 2.460 2.501 2.543 2.584 2.625 2.649 2.661 2.674 2.686 2.699 2.698 2.545 2.393 2.240 2.088 2.031 2.023 2.014 2.005 1.996 1.987 1.977 1.955 1.933 1.911 1.889 1.855 1.794 1.733 1.672 1.611 1.550 1.564 1.583 1.601 1.619 1.637 1.655 1.672 1.688 1.704 1.720 1.726 1.732 1.737 1.743 1.749 1.755 1.760 1.765 1.767 1.770 1.769 1.769 1.768 1.768 1.767 1.767
4.942 4.828 4.713 4.608 4.512 4.416 4.319 4.238 4.165 4.092 4.000 3.838 3.677 3.515 3.353 3.184 2.982 2.780 2.579 2.570 2.612 2.653 2.694 2.735 2.774 2.787 2.799 2.812 2.825 2.710 2.557 2.404 2.252 2.100 1.963 1.954 1.945 1.936 1.927 1.919 1.901 1.879 1.857 1.835 1.813 1.792 1.747 1.686 1.625 1.564 1.538 1.556 1.575 1.593 1.611 1.629 1.647 1.665 1.681 1.697 1.708 1.714 1.720 1.726 1.731 1.737 1.743 1.749 1.754 1.758 1.759 1.759 1.758 1.758 1.757 1.770 1.797
4.935 4.821 4.706 4.605 4.509 4.412 4.316 4.220 4.136 4.063 3.929 3.767 3.606 3.444 3.282 3.121 2.937 2.735 2.639 2.680 2.722 2.763 2.804 2.845 2.886 2.913 2.925 2.938 2.874 2.721 2.568 2.416 2.264 2.111 1.959 1.885 1.876 1.868 1.859 1.848 1.826 1.804 1.782 1.760 1.738 1.716 1.694 1.640 1.579 1.518 1.530 1.548 1.566 1.585 1.603 1.621 1.639 1.657 1.674 1.690 1.697 1.702 1.708 1.714 1.720 1.725 1.731 1.737 1.743 1.754 1.785 1.812 1.840 1.867 1.895 1.922 1.950
4.929 4.814 4.700 4.601 4.505 4.409 4.313 4.216 4.120 4.020 3.858 3.696 3.535 3.373 3.211 3.050 2.889 2.708 2.749 2.791 2.832 2.873 2.914 2.955 2.996 3.037 3.051 3.038 2.885 2.733 2.580 2.427 2.275 2.123 1.970 1.818 1.808 1.799 1.790 1.772 1.750 1.728 1.706 1.685 1.663 1.641 1.619 1.593 1.533 1.503 1.522 1.540 1.558 1.576 1.594 1.612 1.630 1.649 1.667 1.679 1.685 1.696 1.714 1.733 1.752 1.770 1.789 1.807 1.826 1.862 1.936 1.965 1.992 2.020 2.047 2.075 2.102
4.922 4.808 4.694 4.598 4.502 4.406 4.309 4.213 4.124 4.040 3.874 3.705 3.536 3.367 3.198 3.029 2.861 2.721 2.789 2.856 2.924 2.983 3.024 3.065 3.106 3.147 3.176 3.049 2.897 2.744 2.592 2.439 2.287 2.134 1.982 1.830 1.739 1.730 1.718 1.697 1.675 1.653 1.631 1.609 1.587 1.565 1.544 1.522 1.486 1.495 1.513 1.532 1.555 1.585 1.615 1.646 1.676 1.706 1.736 1.750 1.768 1.787 1.805 1.824 1.842 1.861 1.880 1.898 1.917 1.978 2.052 2.118 2.145 2.173 2.200 2.228 2.255
4.915 4.801 4.691 4.595 4.499 4.402 4.310 4.226 4.141 4.056 3.919 3.750 3.581 3.412 3.243 3.074 2.835 2.551 2.573 2.641 2.709 2.777 2.845 2.913 2.980 3.048 3.094 2.983 2.858 2.734 2.603 2.451 2.298 2.146 1.993 1.841 1.689 1.662 1.643 1.621 1.599 1.577 1.556 1.534 1.510 1.480 1.450 1.420 1.469 1.571 1.601 1.631 1.662 1.692 1.722 1.753 1.783 1.813 1.836 1.847 1.859 1.878 1.896 1.915 1.933 1.952 1.971 1.989 2.019 2.093 2.168 2.243 2.298 2.325 2.353 2.380 2.408
4.909 4.794 4.688 4.592 4.496 4.411 4.327 4.242 4.158 4.073 3.964 3.794 3.625 3.457 3.288 3.068 2.783 2.500 2.358 2.426 2.494 2.562 2.630 2.698 2.765 2.818 2.849 2.800 2.676 2.551 2.427 2.303 2.179 2.055 1.931 1.807 1.684 1.588 1.558 1.528 1.498 1.468 1.438 1.408 1.379 1.349 1.319 1.289 1.442 1.652 1.708 1.738 1.769 1.799 1.829 1.859 1.890 1.920 1.933 1.944 1.954 1.968 1.987 2.006 2.024 2.043 2.061 2.080 2.135 2.209 2.284 2.358 2.433 2.478 2.506 2.533 2.561
5.043 4.788 4.684 4.597 4.513 4.428 4.343 4.259 4.174 4.090 4.005 3.839 3.670 3.501 3.301 3.016 2.732 2.448 2.165 2.211 2.279 2.347 2.415 2.483 2.542 2.573 2.604 2.617 2.492 2.368 2.244 2.120 1.996 1.872 1.748 1.624 1.530 1.477 1.427 1.397 1.367 1.337 1.307 1.277 1.247 1.218 1.188 1.205 1.415 1.625 1.815 1.845 1.876 1.906 1.936 1.966 1.997 2.020 2.030 2.041 2.051 2.061 2.078 2.097 2.115 2.134 2.152 2.176 2.250 2.325 2.400 2.474 2.549 2.623 2.659 2.686 2.714
5.333 5.071 4.712 4.614 4.529 4.445 4.360 4.275 4.191 4.106 4.022 3.884 3.715 3.534 3.249 2.965 2.681 2.397 2.113 1.996 2.064 2.132 2.200 2.266 2.297 2.328 2.359 2.390 2.310 2.185 2.061 1.937 1.813 1.689 1.565 1.480 1.428 1.375 1.317 1.266 1.236 1.206 1.176 1.146 1.116 1.087 1.057 1.178 1.388 1.598 1.808 1.952 1.983 2.013 2.043 2.073 2.103 2.117 2.127 2.138 2.148 2.158 2.169 2.187 2.206 2.225 2.243 2.292 2.366 2.441 2.515 2.590 2.665 2.739 2.812 2.839 2.867
5.874 5.389 4.779 4.681 4.583 4.485 4.387 4.292 4.208 4.123 4.038 3.929 3.760 3.482 3.198 2.914 2.629 2.345 2.062 1.781 1.849 1.917 1.985 2.021 2.052 2.083 2.114 2.145 2.127 2.002 1.878 1.754 1.630 1.506 1.429 1.378 1.326 1.273 1.215 1.157 1.105 1.075 1.045 1.015 0.985 0.956 0.941 1.151 1.361 1.571 1.780 1.990 2.089 2.120 2.150 2.180 2.204 2.214 2.224 2.235 2.245 2.255 2.265 2.278 2.297 2.316 2.334 2.407 2.482 2.557 2.631 2.706 2.781 2.855 2.930 2.992 3.019
6.349 5.697 5.045 4.748 4.650 4.552 4.454 4.356 4.258 4.160 4.062 3.970 3.716 3.431 3.147 2.862 2.578 2.294 2.010 1.727 1.634 1.702 1.745 1.776 1.808 1.839 1.870 1.901 1.931 1.820 1.695 1.571 1.447 1.379 1.328 1.276 1.225 1.171 1.113 1.055 0.997 0.944 0.914 0.884 0.855 0.825 0.914 1.124 1.334 1.543 1.753 1.962 2.172 2.227 2.257 2.287 2.301 2.311 2.321 2.332 2.342 2.352 2.362 2.372 2.388 2.406 2.449 2.523 2.598 2.673 2.747 2.822 2.896 2.971 3.046 3.120 3.172
6.657 6.006 5.354 4.815 4.717 4.619 4.521 4.423 4.325 4.227 4.129 3.990 3.751 3.449 3.147 2.845 2.543 2.243 1.959 1.675 1.419 1.469 1.500 1.532 1.563 1.594 1.625 1.656 1.687 1.637 1.513 1.389 1.329 1.277 1.226 1.175 1.123 1.069 1.011 0.953 0.895 0.837 0.783 0.753 0.724 0.694 0.887 1.097 1.306 1.516 1.726 1.935 2.145 2.333 2.364 2.388 2.398 2.408 2.418 2.429 2.439 2.449 2.459 2.469 2.479 2.497 2.565 2.639 2.714 2.788 2.863 2.938 3.015 3.134 3.252 3.371 3.496
6.965 6.314 5.662 5.010 4.784 4.686 4.588 4.490 4.392 4.294 4.163 4.001 3.822 3.520 3.217 2.916 2.614 2.312 2.010 1.709 1.427 1.336 1.329 1.323 1.319 1.350 1.381 1.412 1.443 1.454 1.331 1.279 1.228 1.176 1.125 1.073 1.022 0.968 0.909 0.851 0.793 0.735 0.677 0.623 0.593 0.649 0.860 1.069 1.279 1.489 1.698 1.908 2.117 2.327 2.470 2.485 2.495 2.505 2.515 2.526 2.536 2.546 2.556 2.566 2.584 2.647 2.766 2.885 3.004 3.123 3.242 3.361 3.479 3.598 3.717 3.836 3.970
7.274 6.622 5.970 5.318 4.851 4.754 4.655 4.557 4.459 4.336 4.175 4.013 3.851 3.590 3.288 2.986 2.684 2.383 2.081 1.787 1.553 1.361 1.355 1.348 1.342 1.335 1.329 1.322 1.315 1.309 1.240 1.178 1.127 1.075 1.024 0.972 0.921 0.866 0.808 0.750 0.692 0.634 0.576 0.518 0.463 0.622 0.832 1.043 1.274 1.505 1.736 1.966 2.197 2.427 2.626 2.678 2.697 2.716 2.735 2.754 2.773 2.792 2.811 2.829 2.848 3.062 3.231 3.350 3.469 3.588 3.707 3.825 3.944 4.063 4.182 4.302 4.444
7.582 6.930 6.278 5.626 4.975 4.821 4.723 4.625 4.509 4.348 4.186 4.024 3.863 3.661 3.359 3.057 2.755 2.453 2.152 1.912 1.678 1.444 1.380 1.374 1.367 1.361 1.354 1.347 1.341 1.359 1.338 1.235 1.131 1.028 0.925 0.872 0.820 0.766 0.708 0.650 0.600 0.618 0.635 0.653 0.694 0.841 1.072 1.303 1.534 1.765 1.996 2.226 2.457 2.688 2.826 2.942 2.961 2.980 2.999 3.018 3.037 3.056 3.075 3.094 3.216 3.451 3.686 3.815 3.934 4.053 4.171 4.290 4.409 4.528 4.647 4.776 4.918
7.890 7.238 6.586 5.935 5.283 4.888 4.790 4.682 4.521 4.359 4.198 4.036 3.874 3.713 3.430 3.128 2.826 2.524 2.272 2.038 1.803 1.570 1.406 1.399 1.393 1.386 1.380 1.373 1.386 1.408 1.429 1.333 1.229 1.126 1.023 0.921 0.818 0.851 0.869 0.887 0.904 0.922 0.939 0.957 1.040 1.143 1.332 1.563 1.794 2.025 2.256 2.486 2.717 2.902 3.025 3.149 3.225 3.244 3.263 3.282 3.301 3.320 3.339 3.370 3.605 3.840 4.075 4.280 4.398 4.517 4.636 4.755 4.874 4.993 5.112 5.250 5.392
8.198 7.546 6.895 6.243 5.591 4.955 4.855 4.694 4.532 4.371 4.209 4.048 3.886 3.724 3.501 3.199 2.897 2.632 2.397 2.163 1.929 1.695 1.461 1.425 1.418 1.412 1.405 1.413 1.435 1.457 1.478 1.430 1.327 1.224 1.121 1.019 1.026 1.127 1.173 1.191 1.208 1.225 1.243 1.283 1.386 1.489 1.593 1.823 2.054 2.285 2.516 2.746 2.977 3.102 3.225 3.348 3.472 3.509 3.527 3.546 3.565 3.584 3.603 3.759 3.994 4.229 4.464 4.699 4.863 4.982 5.101 5.220 5.339 5.458 5.582 5.724 5.866
8.697 8.020 7.343 6.666 5.990 5.313 4.940 4.705 4.544 4.382 4.221 4.059 3.897 3.736 3.572 3.270 2.992 2.757 2.523 2.289 2.054 1.820 1.586 1.450 1.444 1.438 1.441 1.462 1.484 1.506 1.527 1.528 1.425 1.322 1.219 1.177 1.278 1.379 1.477 1.494 1.511 1.529 1.546 1.629 1.732 1.835 1.937 2.083 2.314 2.545 2.776 3.007 3.178 3.301 3.425 3.548 3.671 3.773 3.792 3.811 3.830 3.849 3.913 4.148 4.383 4.618 4.853 5.088 5.323 5.447 5.566 5.685 5.804 5.923 6.056 6.198 6.339
9.248 8.571 7.894 7.218 6.541 6.006 5.567 5.301 5.034 4.767 4.500 4.234 3.967 3.747 3.586 3.352 3.118 2.883 2.648 2.414 2.180 1.946 1.712 1.478 1.469 1.467 1.489 1.511 1.533 1.554 1.576 1.598 1.522 1.420 1.328 1.429 1.530 1.631 1.731 1.797 1.815 1.832 1.872 1.975 2.077 2.180 2.283 2.386 2.574 2.805 3.036 3.254 3.377 3.501 3.624 3.747 3.871 3.994 4.056 4.075 4.094 4.113 4.302 4.537 4.772 5.007 5.242 5.477 5.712 5.912 6.031 6.150 6.269 6.388 6.530 6.672 6.813
9.799 9.122 8.446 7.769 7.204 6.719 6.235 5.928 5.662 5.395 5.128 4.862 4.595 4.328 4.061 3.455 3.225 2.995 2.765 2.535 2.305 2.071 1.837 1.604 1.495 1.516 1.538 1.560 1.582 1.603 1.625 1.646 1.620 1.517 1.581 1.682 1.782 1.883 1.983 2.084 2.118 2.136 2.217 2.320 2.423 2.526 2.629 2.732 2.835 3.065 3.296 3.454 3.577 3.700 3.824 3.947 4.070 4.194 4.317 4.339 4.358 4.456 4.691 4.926 5.161 5.396 5.631 5.866 6.101 6.336 6.496 6.615 6.734 6.862 7.004 7.146 7.287
10.350 9.674 8.997 8.401 7.917 7.433 6.948 6.556 6.289 6.023 5.756 5.489 5.223 4.956 4.351 3.675 3.312 3.082 2.852 2.622 2.393 2.163 1.934 1.705 1.599 1.609 1.619 1.629 1.639 1.652 1.674 1.695 1.717 1.732 1.833 1.934 2.034 2.135 2.235 2.336 2.422 2.460 2.563 2.666 2.769 2.872 2.975 3.078 3.181 3.325 3.530 3.653 3.777 3.900 4.023 4.147 4.270 4.393 4.517 4.603 4.622 4.845 5.080 5.315 5.550 5.785 6.020 6.255 6.490 6.725 6.960 7.080 7.198 7.336 7.478 7.619 7.761
10.901 10.225 9.599 9.115 8.630 8.146 7.662 7.184 6.917 6.651 6.384 6.117 5.850 5.316 4.640 3.964 3.399 3.169 2.939 2.709 2.480 2.250 2.021 1.865 1.794 1.770 1.779 1.789 1.799 1.809 1.819 1.828 1.851 1.932 2.038 2.144 2.249 2.355 2.461 2.566 2.672 2.777 2.881 2.985 3.089 3.193 3.297 3.400 3.504 3.608 3.745 3.864 3.983 4.101 4.223 4.346 4.470 4.593 4.716 4.840 4.999 5.234 5.469 5.704 5.939 6.174 6.409 6.644 6.879 7.114 7.349 7.544 7.668 7.810 7.952 8.093 8.118
11.453 10.796 10.312 9.828 9.343 8.859 8.375 7.891 7.545 7.278 7.012 6.745 6.281 5.605 4.929 4.253 3.578 3.256 3.026 2.796 2.567 2.337 2.137 2.066 1.996 1.930 1.940 1.949 1.959 1.969 1.979 1.988 2.041 2.096 2.201 2.307 2.413 2.518 2.624 2.730 2.838 2.949 3.053 3.157 3.260 3.364 3.468 3.572 3.676 3.859 4.098 4.217 4.336 4.455 4.574 4.693 4.811 4.930 5.049 5.145 5.222 5.473 5.725 5.976 6.228 6.479 6.730 6.982 7.233 7.484 7.736 7.973 8.090 8.057 8.023 7.990 7.957
12.004 11.509 11.025 10.541 10.057 9.572 9.088 8.604 8.173 7.906 7.639 7.246 6.570 5.894 5.218 4.542 3.867 3.343 3.113 2.883 2.654 2.425 2.338 2.267 2.197 2.126 2.100 2.109 2.119 2.129 2.139 2.178 2.231 2.284 2.365 2.470 2.576 2.682 2.787 2.894 3.005 3.117 3.224 3.328 3.432 3.536 3.640 3.743 3.875 4.138 4.402 4.571 4.690 4.808 4.927 5.046 5.165 5.284 5.402 5.422 5.437 5.649 5.900 6.151 6.403 6.654 6.905 7.157 7.408 7.659 7.911 7.849 7.803 7.895 7.862 7.828 7.795
11.946 11.730 11.511 11.255 10.770 10.286 9.801 9.317 8.833 8.534 8.211 7.535 6.859 6.183 5.507 4.832 4.156 3.480 3.200 2.971 2.741 2.610 2.540 2.469 2.398 2.327 2.260 2.269 2.279 2.289 2.316 2.368 2.421 2.474 2.528 2.634 2.739 2.845 2.951 3.061 3.173 3.285 3.396 3.500 3.603 3.707 3.811 3.915 4.154 4.418 4.682 4.924 5.043 5.162 5.281 5.400 5.518 5.637 5.685 5.699 5.714 5.824 6.075 6.326 6.578 6.829 7.081 7.332 7.583 7.835 7.797 7.426 7.342 7.543 7.700 7.666 7.633
11.360 11.340 11.121 10.901 10.682 10.463 10.243 10.024 9.546 9.161 8.500 7.824 7.148 6.472 5.796 5.121 4.445 3.770 3.287 3.058 2.883 2.812 2.741 2.670 2.599 2.528 2.457 2.430 2.439 2.453 2.506 2.559 2.611 2.664 2.716 2.797 2.903 3.008 3.117 3.229 3.341 3.452 3.564 3.671 3.775 3.879 3.983 4.170 4.434 4.698 4.962 5.225 5.396 5.515 5.634 5.753 5.872 5.948 5.962 5.977 5.992 6.006 6.250 6.502 6.753 7.004 7.256 7.507 7.759 7.745 7.373 7.002 6.880 7.081 7.282 7.483 7.471
10.775 10.949 10.730 10.511 10.291 10.072 9.853 9.634 9.414 9.486 8.805 8.124 7.442 6.761 6.086 5.410 4.734 4.059 3.383 3.155 3.084 3.013 2.942 2.871 2.800 2.729 2.658 2.589 2.599 2.643 2.696 2.749 2.801 2.854 2.906 2.961 3.066 3.173 3.285 3.397 3.508 3.620 3.731 3.843 3.946 4.050 4.186 4.450 4.714 4.977 5.241 5.505 5.750 5.869 5.988 6.106 6.211 6.225 6.240 6.254 6.269 6.284 6.425 6.677 6.928 7.180 7.431 7.682 7.692 7.321 6.950 6.579 6.418 6.619 6.820 7.021 7.222
10.188 10.559 10.339 10.120 9.901 9.682 9.462 9.266 9.433 9.600 9.134 8.452 7.771 7.089 6.408 5.727 5.046 4.364 3.683 3.428 3.347 3.267 3.187 3.106 3.026 2.946 2.865 2.787 2.781 2.833 2.886 2.939 2.991 3.044 3.097 3.149 3.230 3.341 3.453 3.564 3.676 3.787 3.899 4.010 4.118 4.222 4.465 4.729 4.993 5.257 5.521 5.785 6.048 6.222 6.341 6.460 6.488 6.503 6.517 6.532 6.547 6.561 6.601 6.852 7.103 7.355 7.606 7.640 7.269 6.898 6.527 6.156 5.956 6.157 6.358 6.559 6.760
9.602 10.168 9.949 9.730 9.510 9.291 9.135 9.302 9.469 9.635 9.462 8.781 8.100 7.418 6.737 6.056 5.374 4.693 4.226 4.004 3.899 3.819 3.738 3.658 3.577 3.497 3.417 3.335 3.167 3.189 3.231 3.273 3.315 3.357 3.399 3.441 3.470 3.567 3.663 3.759 3.855 3.955 4.066 4.178 4.289 4.481 4.745 5.009 5.273 5.537 5.800 6.064 6.328 6.576 6.695 6.751 6.765 6.780 6.795 6.809 6.824 6.839 6.853 7.027 7.279 7.530 7.588 7.216 6.845 6.474 6.103 5.732 5.494 5.695 5.896 6.097 6.298
9.016 9.583 9.559 9.339 9.120 9.003 9.170 9.337 9.504 9.671 9.791 9.109 8.428 7.747 7.065 6.384 5.703 5.093 4.870 4.648 4.451 4.371 4.290 4.210 4.129 4.049 3.968 3.842 3.674 3.564 3.606 3.648 3.690 3.732 3.773 3.804 3.817 3.887 3.983 4.080 4.176 4.272 4.368 4.464 4.616 4.877 5.122 5.367 5.612 5.857 6.102 6.347 6.608 6.871 7.014 7.028 7.043 7.058 7.072 7.087 7.101 7.116 7.131 7.202 7.454 7.535 7.164 6.793 6.422 6.051 5.680 5.309 5.033 5.234 5.435 5.635 5.836
8.431 8.997 9.168 8.949 8.872 9.039 9.206 9.372 9.539 9.706 9.873 9.438 8.757 8.076 7.394 6.713 6.032 5.737 5.515 5.292 5.070 4.922 4.842 4.761 4.681 4.600 4.517 4.349 4.181 4.013 3.980 4.022 4.064 4.106 4.144 4.157 4.170 4.208 4.304 4.400 4.496 4.592 4.688 4.807 5.083 5.356 5.601 5.846 6.091 6.337 6.582 6.827 7.072 7.264 7.083 7.132 7.182 7.232 7.281 7.331 7.379 7.394 7.408 7.423 7.483 7.112 6.741 6.370 5.999 5.627 5.256 4.885 4.571 4.772 4.973 5.174 5.375
7.892 8.411 8.778 8.740 8.907 9.074 9.241 9.408 9.575 9.742 9.908 9.767 9.085 8.404 7.723 7.042 6.604 6.381 6.159 5.936 5.714 5.491 5.393 5.313 5.232 5.152 5.025 4.856 4.688 4.520 4.355 4.397 4.439 4.481 4.497 4.510 4.523 4.537 4.625 4.721 4.817 4.913 5.009 5.273 5.549 5.825 6.081 6.326 6.571 6.816 7.061 7.306 7.551 7.366 7.138 7.122 7.171 7.221 7.270 7.320 7.369 7.419 7.468 7.480 7.155 6.734 6.317 5.946 5.575 5.204 4.833 4.462 4.109 4.310 4.511 4.712 4.913
