includes/camargue/floodfiles/results/res-0006.wd
ncols         906
nrows         631
xllcorner     362177.146667
yllcorner     6534725.688020
cellsize      20.000000
NODATA_value  -9999.000000
[rows 374 to 407 of 631, columns 231 to 307 of 906]
0.000 0.000 0.000 0.000 0.000 0.000 0.000 0.000 0.000 0.000 0.000 0.000 0.000 0.000 0.000 0.000 0.000 0.000 0.000 0.000 0.000 0.000 0.000 0.000 0.000 0.002 0.014 0.067 0.406 0.000 0.000 0.511 0.411 0.541 0.721 0.372 0.382 0.332 0.052 0.572 1.443 1.073 0.000 2.704 0.000 0.387 0.867 0.856 1.107 0.000 1.037 1.247 0.837 1.117 1.037 0.567 0.738 0.558 0.588 0.658 0.003 0.448 0.698 0.000 1.077 0.000 1.497 1.287 0.606 0.537 0.547 0.497 0.297 1.087 0.767 0.000 1.037
0.000 0.000 0.000 0.000 0.000 0.000 0.000 0.000 0.000 0.000 0.000 0.000 0.000 0.000 0.000 0.000 0.000 0.000 0.000 0.000 0.000 0.000 0.000 0.000 0.000 0.000 0.003 0.656 0.716 0.307 0.001 0.241 0.911 0.821 0.841 0.761 1.011 0.651 0.562 0.722 1.042 0.053 0.854 0.494 0.104 2.206 0.096 0.965 0.205 0.444 0.003 0.186 0.766 0.006 0.627 0.267 0.608 0.598 0.808 0.318 0.538 0.518 0.000 1.247 0.987 1.187 1.356 0.436 0.516 0.536 0.616 0.667 1.217 0.457 0.857 0.517 0.687
0.000 0.000 0.000 0.000 0.000 0.000 0.000 0.000 0.000 0.000 0.000 0.000 0.000 0.000 0.000 0.000 0.000 0.000 0.000 0.000 0.000 0.000 0.000 0.000 0.000 1.355 1.495 0.146 0.286 0.507 0.807 0.298 0.460 0.671 0.861 0.801 0.661 0.761 0.881 0.751 0.000 0.720 0.042 0.000 1.402 0.093 0.653 0.764 0.974 1.244 1.284 1.384 1.135 1.955 0.566 0.716 0.000 0.000 0.437 0.277 0.577 0.000 1.147 1.447 0.002 1.347 0.000 0.636 0.606 0.746 0.746 0.117 1.147 1.137 1.107 0.267 1.107
0.000 0.000 0.000 0.000 0.000 0.000 0.000 0.000 0.000 0.000 0.000 0.000 0.000 0.000 0.000 0.000 0.000 0.000 0.000 0.000 0.000 0.000 0.000 0.000 0.155 0.195 1.095 1.585 1.685 0.176 0.176 0.527 0.628 0.000 0.981 0.751 0.781 0.641 0.261 0.590 2.760 1.730 1.100 0.451 1.662 1.722 0.823 1.323 0.163 1.263 1.153 1.434 0.095 1.845 0.326 0.786 1.596 0.536 0.227 0.497 0.337 0.516 1.397 0.000 1.376 0.006 0.666 0.836 0.976 0.826 0.876 0.726 0.000 1.007 1.237 1.207 0.637
0.000 0.000 0.000 0.000 0.000 0.000 0.000 0.000 0.000 0.000 0.000 0.000 0.000 0.000 0.000 0.000 0.000 0.000 0.000 0.000 0.000 0.000 0.000 0.000 0.644 0.334 0.765 0.045 1.075 1.336 1.606 0.536 0.306 1.386 0.004 0.290 0.000 0.002 2.179 0.479 0.000 0.719 0.310 0.801 0.572 1.172 1.333 1.373 2.033 1.963 1.263 0.563 0.000 0.000 0.676 0.000 1.236 0.626 0.526 0.486 0.000 0.876 0.266 1.446 1.196 0.636 0.806 0.846 0.746 0.946 0.716 0.976 0.646 0.376 0.000 1.177 1.177
0.000 0.000 0.000 0.000 0.000 0.000 0.000 0.000 0.000 0.000 0.000 0.000 0.000 0.000 0.000 0.000 0.000 0.000 0.000 0.000 0.000 0.000 0.000 0.744 0.484 0.234 0.804 0.124 0.925 0.002 0.766 1.386 2.016 0.326 1.186 0.236 1.266 2.806 0.157 0.468 0.958 1.018 1.388 0.120 0.401 0.781 0.172 1.613 1.563 0.000 2.203 0.015 1.052 0.582 0.000 0.912 0.000 1.136 0.536 0.296 1.196 1.276 1.376 1.426 0.006 0.666 0.756 0.806 0.726 1.016 1.016 0.856 0.936 0.186 0.416 0.236 0.066
0.000 0.000 0.000 0.000 0.000 0.000 0.000 0.000 0.000 0.000 0.000 0.000 0.000 0.000 0.000 0.000 0.000 0.000 0.000 0.000 0.000 0.000 0.723 0.233 0.134 0.404 0.934 0.344 0.274 0.234 0.284 0.000 0.316 1.846 2.016 2.046 0.786 1.996 0.156 1.227 0.917 0.727 0.828 1.298 0.690 0.640 0.790 0.000 1.603 1.442 0.402 1.662 0.482 1.142 1.282 0.000 1.013 0.000 0.916 0.726 0.010 0.046 1.236 0.000 0.476 0.706 0.866 0.676 0.866 0.896 1.066 1.036 0.736 0.796 0.776 0.546 0.516
0.000 0.000 0.000 0.000 0.000 0.000 0.000 0.000 0.000 0.000 0.000 0.000 0.000 0.000 0.000 0.000 0.000 0.000 0.000 0.000 0.000 0.073 1.123 0.383 0.843 0.523 0.543 0.803 0.453 0.413 0.283 0.443 0.115 0.646 2.076 0.106 0.536 1.426 1.556 0.816 0.406 1.556 0.377 0.548 1.340 1.180 0.001 0.719 0.004 1.582 1.522 0.072 0.381 1.112 0.532 1.192 0.000 0.806 0.256 0.636 0.516 1.456 0.156 0.876 0.716 0.696 0.916 1.096 0.966 1.006 1.016 0.846 0.796 0.726 0.666 0.536 0.386
0.000 0.000 0.000 0.000 0.000 0.000 0.000 0.000 0.000 0.000 0.000 0.000 0.000 0.000 0.000 0.000 0.000 0.000 0.000 0.000 0.002 0.223 0.453 0.783 1.003 1.033 0.983 0.863 0.193 0.253 1.073 0.963 1.233 0.000 1.526 1.116 0.010 0.825 0.625 1.025 0.895 1.506 0.696 0.376 0.000 1.320 1.350 0.000 0.471 0.601 1.582 0.471 1.420 0.240 0.000 0.322 1.093 0.000 0.806 0.606 1.286 1.226 1.666 0.456 0.806 0.776 0.806 1.126 0.886 1.196 0.996 1.036 1.066 1.036 0.926 1.056 0.776
0.000 0.000 0.000 0.000 0.000 0.000 0.000 0.000 0.000 0.000 0.000 0.000 0.000 0.000 0.000 0.000 0.000 0.000 0.000 0.000 0.000 0.203 1.153 0.943 0.733 0.513 0.813 0.783 1.023 1.123 0.323 0.623 0.283 2.843 0.000 0.002 0.455 1.345 0.615 0.805 0.855 1.205 0.000 0.575 0.574 0.000 1.290 1.270 0.520 0.540 0.200 1.200 1.010 0.630 0.110 0.000 1.113 0.753 0.185 0.725 1.256 0.286 1.396 1.996 0.816 0.866 1.186 1.146 1.126 1.126 0.956 1.036 0.766 1.036 1.106 0.906 0.676
0.000 0.000 0.000 0.000 0.000 0.000 0.000 0.000 0.000 0.000 0.000 0.000 0.000 0.000 0.000 0.000 0.000 0.000 0.000 0.007 0.842 0.000 0.024 0.493 0.693 0.853 0.753 0.343 0.103 0.603 0.973 1.183 1.213 0.003 0.163 1.023 0.324 1.214 1.174 0.955 0.945 0.634 0.914 0.214 0.584 0.654 0.000 0.049 1.469 1.449 1.899 0.230 1.270 0.720 1.360 0.370 0.002 0.253 1.255 0.835 0.465 0.605 0.475 1.195 1.166 0.786 1.166 1.156 1.146 1.136 1.016 0.616 0.886 0.996 0.956 1.076 1.036
0.000 0.000 0.000 0.000 0.000 0.000 0.000 0.000 0.000 0.000 0.000 0.000 0.000 0.000 0.000 0.000 0.000 0.224 0.000 1.152 0.752 0.612 1.662 0.872 0.692 0.892 0.632 1.022 0.512 0.592 0.283 0.503 2.163 0.103 0.793 0.633 1.093 0.744 0.824 0.804 0.624 0.704 0.924 0.624 1.054 0.324 0.625 0.615 0.317 0.198 0.789 0.989 0.000 1.259 0.149 0.230 0.530 0.790 0.044 0.965 0.595 0.755 0.000 1.425 0.006 1.116 1.146 1.166 1.166 1.156 0.756 0.656 0.826 0.886 1.026 1.076 1.066
0.000 0.000 0.000 0.000 0.000 0.000 0.000 0.000 0.000 0.000 0.000 0.000 0.000 0.000 0.000 0.000 0.354 0.001 0.211 1.402 0.312 1.112 0.382 0.782 0.822 0.932 0.952 0.702 0.612 1.232 0.000 2.683 0.000 0.933 0.483 1.033 0.663 1.023 1.054 1.134 0.000 0.934 0.934 0.474 1.114 0.000 0.955 0.115 0.307 0.227 0.000 1.028 0.000 1.288 0.000 0.319 1.120 0.300 0.810 0.000 0.525 0.385 0.625 1.555 0.000 0.806 1.216 1.216 1.246 0.566 0.846 0.826 0.916 1.066 1.006 0.936 1.126
0.000 0.000 0.000 0.000 0.000 0.000 0.000 0.000 0.000 0.000 0.000 0.000 0.000 0.000 0.000 0.000 0.000 0.829 0.190 0.008 0.042 0.261 0.052 0.572 0.862 0.922 1.052 0.862 1.102 0.932 2.222 0.642 0.502 0.833 0.813 0.693 0.883 0.973 0.583 0.903 1.313 0.723 0.733 0.563 0.884 0.354 0.294 0.294 0.216 0.376 0.000 1.118 0.000 1.288 0.001 1.029 0.639 1.100 0.980 0.392 0.714 0.544 0.865 1.615 0.285 0.506 0.836 1.116 1.136 0.966 0.986 0.796 0.926 0.716 0.916 0.976 0.916
0.000 0.000 0.000 0.000 0.000 0.000 0.000 0.000 0.000 0.000 0.000 0.000 0.000 0.000 0.000 0.000 0.989 1.069 1.169 1.169 0.789 0.969 0.111 0.952 0.962 0.812 0.512 1.102 0.832 0.872 0.672 0.000 0.222 0.712 0.692 1.092 0.633 0.753 0.603 0.773 0.773 0.853 0.713 0.943 0.643 0.233 0.584 0.724 0.005 0.316 0.000 1.048 0.000 1.258 0.039 1.199 1.029 0.559 0.240 0.122 0.183 0.554 1.234 1.364 0.085 0.576 0.366 0.296 0.886 0.676 1.046 0.566 0.596 0.726 0.616 0.656 0.636
0.000 0.000 0.000 0.000 0.000 0.000 0.000 0.000 0.000 0.000 0.000 0.000 0.000 0.000 0.000 0.030 0.199 0.000 0.089 0.004 0.569 0.269 0.780 0.211 0.362 0.672 0.502 0.932 0.282 0.212 0.572 2.021 0.302 0.542 1.272 1.152 0.532 0.703 0.903 0.673 0.463 0.773 0.713 0.813 1.083 0.343 0.363 0.294 0.394 0.174 0.000 0.958 0.868 1.288 0.138 1.159 1.119 0.399 0.340 0.321 0.432 0.000 1.094 1.834 0.355 0.495 0.086 0.756 0.376 0.536 0.496 0.496 0.586 0.506 0.686 0.196 0.036
0.000 0.000 0.000 0.000 0.000 0.000 0.000 0.000 0.000 0.000 0.000 0.000 0.000 0.438 1.418 1.448 1.428 1.428 0.168 1.479 1.019 1.309 0.070 0.541 0.291 0.611 1.601 1.771 1.691 1.711 1.771 2.551 1.951 2.191 0.622 1.042 0.652 0.582 0.482 0.552 0.972 1.222 1.113 0.673 0.393 0.433 0.753 0.054 0.000 0.784 0.000 1.078 1.078 1.338 0.378 1.179 1.119 0.349 0.000 0.371 0.442 0.114 1.294 2.024 0.424 0.425 0.405 0.475 0.555 0.546 0.696 0.496 0.265 1.435 1.205 1.065 1.195
0.000 0.000 0.000 0.000 0.000 0.000 0.000 0.000 0.000 0.000 0.000 0.000 0.000 1.648 1.258 0.538 0.000 0.000 0.468 0.409 0.919 0.719 1.679 0.160 0.161 1.721 1.651 1.311 0.421 0.391 1.681 1.751 0.551 0.051 0.581 0.501 0.821 0.691 1.221 0.782 0.472 1.052 0.612 0.632 1.062 0.932 0.742 0.000 0.223 0.274 0.486 0.787 1.187 0.948 0.248 1.019 1.109 1.159 1.109 0.000 0.034 0.294 1.314 0.574 0.674 0.000 0.155 0.625 0.775 0.445 0.001 0.135 1.205 1.195 1.325 1.035 1.335
0.000 0.000 0.000 0.000 0.000 0.000 0.000 0.000 0.000 0.000 0.043 0.000 0.000 0.998 1.308 1.068 0.568 0.548 1.038 0.328 0.939 1.599 0.349 0.329 1.151 1.081 0.961 0.591 0.991 1.601 1.471 0.261 0.451 0.000 0.911 0.481 0.531 0.941 1.171 0.551 0.952 0.732 0.182 1.242 0.732 0.292 0.912 0.502 0.753 0.663 0.224 0.000 1.106 0.267 0.468 0.709 0.489 0.000 0.119 1.319 0.000 0.093 1.443 0.000 0.874 0.584 0.214 0.394 0.105 1.454 1.235 1.325 1.225 1.315 0.002 1.785 0.355
0.000 0.000 0.000 0.000 0.000 0.000 0.000 0.000 0.000 0.000 0.000 0.000 0.000 0.168 0.068 0.578 0.978 1.268 0.498 0.368 0.459 1.679 1.699 1.469 0.620 1.750 0.240 0.130 0.411 0.531 0.610 0.610 0.000 1.290 0.870 0.910 0.931 0.981 1.061 0.661 1.281 0.000 1.071 0.942 0.432 0.822 0.000 0.672 0.762 0.000 0.383 0.000 1.175 0.000 1.107 0.397 0.738 1.188 0.000 0.000 1.453 1.223 1.663 0.213 0.123 1.074 0.294 0.694 1.194 1.054 0.904 0.002 0.000 1.005 1.935 0.000 0.555
0.000 0.000 0.000 0.000 0.000 0.000 0.000 0.000 0.000 0.178 0.000 0.098 0.020 0.488 1.348 0.928 1.288 1.488 0.378 1.588 0.278 1.669 1.679 1.629 1.649 0.329 0.577 0.537 0.000 0.167 0.646 0.000 0.330 1.440 0.950 0.540 0.002 0.680 1.200 0.550 0.260 1.240 1.150 0.000 0.692 0.000 0.622 0.612 0.642 0.000 1.133 0.000 1.215 0.000 0.525 0.375 0.067 1.348 1.379 1.559 0.000 0.172 1.382 0.000 1.261 0.222 0.743 0.813 0.000 1.194 1.394 2.104 1.994 0.204 0.565 0.549 0.550
0.000 0.000 0.000 0.000 0.000 0.000 0.000 0.000 0.318 0.708 0.418 0.438 0.678 0.478 0.088 0.458 0.768 0.748 0.748 0.648 1.708 0.458 0.578 0.588 0.538 0.238 0.018 0.455 1.233 1.233 1.313 0.113 0.000 0.769 0.749 0.819 0.979 0.889 0.780 0.520 1.290 1.420 0.170 0.660 0.000 0.672 0.722 0.692 0.722 0.242 1.143 0.000 1.224 0.314 1.154 0.714 0.534 0.746 0.000 1.210 1.310 0.571 1.271 1.521 1.281 1.061 0.633 0.773 2.024 1.524 0.000 0.000 0.549 0.549 0.549 0.549 0.505
0.000 0.000 0.000 0.000 0.000 0.002 0.193 0.039 1.078 0.548 0.001 0.003 0.000 0.138 0.958 1.348 1.388 1.268 0.548 0.897 0.127 0.207 0.226 0.386 0.586 0.725 1.845 0.515 1.063 1.373 1.263 2.133 0.097 1.049 0.939 0.649 0.979 0.729 1.089 0.799 0.269 0.808 0.768 0.039 0.380 0.642 0.962 0.312 0.000 0.692 0.643 1.333 1.303 1.193 1.023 0.593 0.624 0.444 0.614 0.000 1.310 1.140 1.051 0.851 1.141 1.811 0.332 0.763 0.000 0.133 0.548 0.548 0.548 0.644 0.434 0.514 0.454
0.000 0.000 0.000 0.000 0.000 0.625 0.000 0.000 0.000 0.000 0.000 0.340 0.089 0.208 1.528 1.648 1.558 0.938 0.607 0.777 0.956 0.665 0.785 0.745 0.795 0.845 0.000 0.765 0.113 1.203 1.273 2.253 0.000 0.769 0.848 0.649 0.689 0.949 0.298 0.627 0.597 0.517 0.827 0.857 0.887 0.000 0.000 0.362 0.912 1.292 1.422 1.083 0.893 1.113 1.063 0.633 1.003 0.304 0.554 0.984 0.029 1.190 1.221 1.191 0.371 0.851 1.851 0.547 0.547 0.547 0.548 0.863 0.703 0.914 0.694 0.534 0.454
0.000 0.000 0.000 0.000 0.025 0.000 0.594 0.000 0.004 0.000 0.000 1.770 0.000 0.029 1.398 1.298 1.638 1.548 0.687 0.517 0.675 0.814 0.914 0.000 0.000 0.855 0.000 0.515 0.000 1.322 1.202 0.632 0.142 0.000 0.865 0.236 0.788 0.237 1.006 0.886 0.977 0.887 1.057 0.000 0.647 0.137 0.420 0.731 0.892 0.000 1.022 0.892 1.112 1.042 0.543 0.583 0.843 0.903 0.264 0.504 0.995 0.467 0.007 1.420 1.470 1.150 0.546 0.546 0.742 0.602 1.193 1.193 1.213 1.314 1.244 1.274 0.844
0.000 0.000 0.000 0.000 1.264 0.000 0.334 0.000 0.831 0.971 0.831 0.000 1.061 0.000 0.000 0.000 0.000 2.188 0.000 0.000 0.199 1.712 1.143 0.773 0.000 0.885 1.035 0.585 0.000 1.242 1.262 0.392 2.032 2.542 1.122 0.602 0.064 0.854 1.065 0.715 0.285 0.000 0.686 0.556 0.506 0.474 0.216 0.346 0.000 0.322 1.072 0.612 1.182 1.262 1.382 0.842 0.902 0.283 0.713 0.244 0.345 0.516 0.698 0.729 1.080 1.780 0.546 0.921 0.612 0.762 0.433 0.503 0.613 0.404 0.504 0.694 0.644
0.000 0.000 0.000 0.000 1.044 0.724 0.604 0.000 0.000 0.641 0.761 1.461 0.531 0.711 0.611 0.621 0.691 0.050 0.413 0.425 0.379 0.555 0.000 0.673 0.133 0.085 0.585 0.385 0.000 1.292 1.162 0.962 0.000 0.491 1.491 0.331 0.352 1.152 0.000 0.432 1.032 0.702 0.564 0.194 0.000 1.412 0.542 0.772 0.992 0.000 1.042 1.072 1.042 1.082 1.222 1.172 0.622 0.982 1.013 0.663 0.544 0.954 0.287 0.668 0.000 1.420 0.545 0.351 0.131 0.602 0.322 0.663 0.743 0.000 0.824 0.694 0.924
0.000 0.002 0.000 0.235 0.000 0.784 0.284 0.000 0.000 0.001 0.111 0.071 0.391 0.731 0.621 0.801 0.841 0.266 0.621 0.283 0.585 0.616 0.000 0.000 0.000 0.000 0.000 0.803 0.000 1.211 1.111 0.003 1.120 0.002 2.220 0.730 0.000 0.710 0.870 1.450 0.671 0.521 0.000 1.271 1.231 0.901 0.000 0.992 0.952 0.000 1.081 1.122 0.612 1.392 0.902 1.062 1.162 0.642 0.682 0.000 1.004 1.044 0.646 1.007 0.188 1.130 0.545 0.720 0.590 0.811 0.591 1.122 0.873 0.763 0.823 0.464 0.834
0.000 0.000 0.031 1.265 0.000 0.814 0.000 0.218 0.098 0.006 0.033 0.191 0.531 0.451 0.761 0.941 0.000 0.229 0.661 0.762 0.712 0.622 0.772 0.392 0.642 0.832 0.142 2.043 0.000 1.220 1.200 0.300 1.230 0.000 2.420 2.730 0.969 1.119 1.639 0.319 0.199 0.460 0.280 0.570 1.350 0.891 0.931 0.972 0.001 1.047 1.139 0.000 1.321 1.342 1.442 0.732 1.152 1.192 0.562 0.763 0.963 1.014 0.001 0.357 0.178 0.543 0.544 0.359 0.770 0.631 0.591 0.562 0.002 0.483 0.813 0.000 1.514
0.041 0.000 0.623 0.000 0.654 0.554 0.056 0.178 0.368 0.298 0.004 0.181 0.531 0.461 0.801 0.831 0.681 0.000 0.620 0.440 0.361 0.722 0.702 0.722 0.692 0.872 0.464 0.030 0.749 1.069 1.110 1.080 1.170 0.000 2.389 0.030 0.888 1.658 1.398 0.628 1.748 0.858 0.539 0.710 1.620 0.000 0.761 0.942 1.063 1.044 0.089 0.890 1.510 0.000 1.472 1.362 0.162 1.862 1.242 0.853 0.973 0.353 0.103 0.000 2.326 0.542 0.717 0.558 0.709 0.490 0.831 0.000 0.652 0.582 0.000 0.693 0.513
0.181 0.422 0.563 0.843 0.654 0.214 0.125 0.000 0.368 0.268 0.000 0.610 0.540 0.610 0.761 1.011 1.111 1.111 0.376 0.578 0.439 0.640 0.410 0.171 0.451 0.992 0.814 1.808 1.918 0.000 0.990 1.250 1.570 0.021 2.800 0.000 1.228 1.718 1.538 0.548 1.398 1.318 1.408 0.179 1.380 1.370 1.160 0.321 0.683 1.074 0.000 1.620 1.590 0.000 0.000 0.902 1.362 1.352 1.192 0.492 0.452 0.703 2.053 2.716 0.539 0.540 0.827 0.568 0.879 0.680 0.641 0.812 0.872 0.842 1.423 1.093 0.613
0.520 0.661 0.332 0.503 0.774 1.154 0.285 0.518 1.468 1.738 0.179 0.470 0.570 0.830 0.840 0.801 1.021 1.221 0.016 1.387 0.268 0.428 0.598 0.558 0.689 0.800 0.444 0.618 0.728 0.059 0.000 0.000 0.000 2.424 0.585 0.000 1.207 0.757 1.387 0.628 0.988 1.628 0.988 1.419 1.290 1.450 1.010 1.360 0.692 0.000 1.559 1.619 0.000 0.864 0.000 0.208 0.000 1.252 2.232 0.532 0.552 2.362 0.537 0.538 0.539 0.865 0.705 0.487 0.898 0.003 0.122 1.292 0.622 0.312 1.353 1.333 0.000
0.680 0.431 0.442 0.743 1.434 0.454 0.765 0.000 0.888 1.678 1.738 1.728 0.130 0.980 0.950 0.940 0.681 1.101 0.062 1.387 0.947 0.637 1.137 0.988 0.938 0.968 0.000 0.678 0.758 0.000 2.274 2.384 2.834 2.024 0.554 0.414 0.686 1.176 1.676 0.517 0.748 0.828 1.038 1.558 0.439 1.300 1.140 1.220 0.392 1.538 1.608 0.000 1.444 0.904 1.104 1.734 1.125 0.469 1.341 1.701 2.702 0.537 0.537 0.842 0.913 0.644 0.885 0.446 0.537 0.000 1.382 1.062 0.000 1.413 1.323 0.000 0.463
0.970 0.690 0.491 0.382 0.944 1.775 1.675 1.725 0.706 0.000 0.798 1.709 1.619 1.559 0.240 0.670 0.991 0.461 0.023 0.716 0.926 0.396 0.907 1.127 0.758 0.988 0.768 0.171 0.162 0.172 0.095 2.308 0.604 2.764 1.884 1.274 1.314 1.775 1.215 0.566 0.457 1.098 1.558 1.388 0.648 0.001 1.340 1.370 0.232 1.107 0.000 0.163 0.323 1.214 1.254 0.000 1.215 0.479 0.610 2.695 0.041 0.536 0.882 0.852 0.822 1.024 0.994 0.994 0.148 1.332 1.352 1.432 0.000 1.253 0.833 1.073 1.043
