includes/camargue/floodfiles/results/res-0011.wd
ncols         906
nrows         631
xllcorner     362177.146667
yllcorner     6534725.688020
cellsize      20.000000
NODATA_value  -9999.000000
[rows 510 to 543 of 631, columns 770 to 846 of 906]
7.007 7.211 7.416 7.621 7.825 8.030 8.234 8.439 8.643 8.846 9.043 8.975 8.907 8.839 8.772 8.703 8.641 8.602 8.561 8.522 8.482 8.443 8.403 8.362 8.339 8.318 8.298 8.278 8.258 8.238 8.218 8.198 8.178 8.158 8.137 8.117 8.097 8.133 8.208 8.283 8.360 8.435 8.510 8.585 8.662 8.737 8.812 8.888 8.963 9.039 9.090 9.087 9.083 9.080 9.078 9.074 9.071 9.067 9.064 9.063 9.062 9.061 9.060 9.058 9.058 9.061 9.069 9.077 9.084 9.092 9.085 9.076 9.067 9.057 9.048 9.039 9.030
6.989 7.194 7.399 7.603 7.807 8.012 8.216 8.421 8.625 8.830 8.985 8.916 8.849 8.781 8.713 8.645 8.578 8.509 8.468 8.429 8.389 8.350 8.310 8.269 8.250 8.229 8.210 8.189 8.169 8.149 8.129 8.108 8.089 8.069 8.053 8.054 8.056 8.122 8.199 8.275 8.351 8.426 8.501 8.577 8.653 8.728 8.804 8.879 8.954 9.030 9.067 9.063 9.060 9.056 9.054 9.051 9.047 9.044 9.041 9.038 9.035 9.034 9.033 9.032 9.032 9.034 9.041 9.049 9.057 9.051 9.042 9.032 9.023 9.014 9.004 8.996 8.987
6.972 7.177 7.381 7.586 7.790 7.995 8.198 8.403 8.607 8.812 8.926 8.859 8.791 8.722 8.655 8.587 8.519 8.451 8.382 8.336 8.296 8.257 8.217 8.181 8.161 8.140 8.121 8.100 8.080 8.060 8.040 8.019 8.021 8.022 8.023 8.025 8.030 8.109 8.188 8.267 8.342 8.417 8.493 8.568 8.644 8.719 8.795 8.870 8.945 9.022 9.043 9.040 9.036 9.033 9.031 9.027 9.024 9.020 9.017 9.015 9.011 9.008 9.006 9.005 9.005 9.006 9.014 9.021 9.015 9.007 8.998 8.988 8.979 8.970 8.960 8.952 8.943
6.955 7.159 7.364 7.568 7.773 7.977 8.182 8.386 8.591 8.795 8.868 8.801 8.732 8.665 8.596 8.528 8.461 8.392 8.325 8.257 8.203 8.164 8.124 8.092 8.072 8.051 8.032 8.011 7.991 7.987 7.988 7.989 7.991 7.991 7.992 7.994 8.017 8.096 8.175 8.255 8.333 8.408 8.484 8.559 8.635 8.711 8.786 8.861 8.936 9.013 9.020 9.016 9.013 9.009 9.007 9.004 9.000 8.997 8.995 8.991 8.988 8.985 8.981 8.979 8.978 8.979 8.986 8.981 8.972 8.963 8.954 8.945 8.935 8.926 8.918 8.908 8.899
6.937 7.142 7.346 7.550 7.755 7.959 8.164 8.368 8.573 8.777 8.810 8.742 8.674 8.606 8.538 8.470 8.402 8.334 8.267 8.198 8.131 8.071 8.031 8.003 7.982 7.962 7.953 7.954 7.955 7.957 7.958 7.958 7.960 7.961 7.962 7.964 8.004 8.083 8.162 8.242 8.321 8.400 8.475 8.550 8.626 8.702 8.777 8.852 8.929 8.999 8.996 8.993 8.989 8.987 8.984 8.980 8.977 8.973 8.971 8.968 8.964 8.961 8.958 8.955 8.952 8.951 8.947 8.937 8.929 8.920 8.910 8.901 8.892 8.882 8.874 8.865 8.855
6.920 7.124 7.329 7.533 7.738 7.942 8.147 8.351 8.556 8.760 8.752 8.684 8.615 8.548 8.480 8.412 8.344 8.275 8.208 8.140 8.072 8.004 7.938 7.920 7.920 7.921 7.923 7.924 7.926 7.926 7.927 7.929 7.930 7.931 7.931 7.933 7.991 8.070 8.149 8.229 8.308 8.387 8.466 8.542 8.618 8.693 8.768 8.844 8.920 8.976 8.973 8.969 8.966 8.963 8.960 8.957 8.953 8.950 8.948 8.944 8.941 8.938 8.934 8.932 8.921 8.913 8.906 8.896 8.887 8.877 8.867 8.857 8.848 8.840 8.830 8.821 8.812
6.923 7.107 7.311 7.516 7.720 7.925 8.129 8.333 8.538 8.742 8.694 8.625 8.558 8.490 8.421 8.354 8.285 8.218 8.150 8.081 8.014 7.958 7.904 7.890 7.890 7.892 7.893 7.893 7.895 7.896 7.897 7.899 7.899 7.900 7.901 7.903 7.978 8.057 8.136 8.216 8.295 8.374 8.453 8.533 8.609 8.684 8.759 8.835 8.911 8.952 8.949 8.946 8.942 8.940 8.937 8.933 8.930 8.926 8.924 8.921 8.917 8.907 8.896 8.885 8.874 8.870 8.867 8.857 8.849 8.839 8.829 8.819 8.809 8.800 8.790 8.780 8.771
6.966 7.134 7.301 7.499 7.703 7.908 8.112 8.317 8.521 8.703 8.635 8.567 8.499 8.431 8.364 8.295 8.227 8.160 8.095 8.042 7.990 7.936 7.891 7.877 7.863 7.861 7.862 7.863 7.865 7.865 7.866 7.868 7.869 7.870 7.870 7.886 7.965 8.044 8.123 8.203 8.282 8.361 8.440 8.520 8.599 8.675 8.751 8.826 8.902 8.929 8.926 8.922 8.919 8.916 8.913 8.910 8.906 8.904 8.893 8.882 8.871 8.860 8.850 8.839 8.828 8.827 8.825 8.820 8.810 8.800 8.791 8.781 8.771 8.762 8.752 8.742 8.732
7.009 7.176 7.344 7.512 7.685 7.890 8.094 8.299 8.503 8.645 8.577 8.508 8.441 8.373 8.305 8.237 8.180 8.128 8.074 8.021 7.968 7.915 7.877 7.863 7.849 7.836 7.832 7.832 7.834 7.835 7.836 7.838 7.838 7.839 7.840 7.873 7.952 8.031 8.110 8.190 8.269 8.348 8.427 8.507 8.586 8.665 8.742 8.818 8.893 8.905 8.902 8.899 8.896 8.893 8.889 8.878 8.867 8.857 8.846 8.835 8.824 8.813 8.803 8.792 8.785 8.784 8.782 8.782 8.772 8.762 8.752 8.742 8.733 8.724 8.714 8.704 8.694
7.051 7.219 7.387 7.554 7.721 7.889 8.077 8.282 8.486 8.587 8.518 8.451 8.383 8.318 8.265 8.212 8.159 8.106 8.053 8.000 7.947 7.894 7.864 7.850 7.836 7.823 7.809 7.802 7.804 7.805 7.805 7.807 7.808 7.809 7.810 7.860 7.939 8.018 8.098 8.177 8.256 8.335 8.414 8.494 8.573 8.652 8.731 8.809 8.885 8.882 8.879 8.874 8.864 8.853 8.842 8.831 8.820 8.810 8.799 8.788 8.777 8.766 8.756 8.745 8.742 8.741 8.739 8.739 8.734 8.724 8.714 8.704 8.695 8.685 8.676 8.666 8.656
7.094 7.262 7.429 7.597 7.765 7.932 8.100 8.267 8.468 8.528 8.460 8.403 8.350 8.297 8.244 8.191 8.138 8.085 8.031 7.979 7.926 7.872 7.850 7.836 7.822 7.809 7.795 7.781 7.773 7.774 7.775 7.777 7.778 7.778 7.780 7.847 7.926 8.005 8.085 8.164 8.243 8.322 8.401 8.481 8.560 8.638 8.717 8.797 8.861 8.850 8.839 8.828 8.818 8.806 8.795 8.784 8.773 8.763 8.752 8.741 8.730 8.720 8.709 8.700 8.699 8.697 8.697 8.695 8.694 8.686 8.676 8.666 8.657 8.647 8.637 8.627 8.618
7.137 7.304 7.472 7.639 7.807 7.975 8.143 8.310 8.476 8.488 8.434 8.382 8.329 8.276 8.223 8.169 8.117 8.064 8.010 7.958 7.904 7.851 7.836 7.822 7.809 7.796 7.782 7.768 7.755 7.744 7.744 7.746 7.747 7.748 7.755 7.834 7.913 7.992 8.072 8.151 8.230 8.309 8.388 8.467 8.546 8.626 8.708 8.791 8.823 8.803 8.792 8.781 8.771 8.760 8.749 8.738 8.728 8.716 8.705 8.694 8.683 8.673 8.662 8.657 8.656 8.654 8.654 8.652 8.651 8.647 8.638 8.628 8.619 8.609 8.599 8.589 8.579
7.179 7.347 7.515 7.682 7.850 8.017 8.185 8.297 8.383 8.410 8.414 8.361 8.307 8.255 8.201 8.148 8.096 8.042 7.990 7.936 7.883 7.837 7.823 7.809 7.796 7.782 7.768 7.754 7.741 7.727 7.714 7.716 7.717 7.717 7.742 7.821 7.900 7.979 8.059 8.138 8.217 8.295 8.376 8.458 8.540 8.622 8.704 8.787 8.788 8.764 8.745 8.734 8.724 8.713 8.702 8.691 8.681 8.670 8.659 8.648 8.637 8.626 8.616 8.614 8.613 8.611 8.610 8.609 8.607 8.606 8.599 8.589 8.581 8.571 8.561 8.551 8.541
7.222 7.390 7.557 7.726 7.893 8.032 8.118 8.204 8.291 8.309 8.318 8.326 8.286 8.234 8.180 8.128 8.074 8.021 7.969 7.915 7.862 7.823 7.809 7.795 7.782 7.768 7.755 7.742 7.728 7.714 7.700 7.687 7.686 7.687 7.729 7.808 7.887 7.966 8.045 8.126 8.208 8.290 8.372 8.455 8.537 8.619 8.700 8.777 8.753 8.729 8.706 8.688 8.677 8.666 8.655 8.644 8.634 8.623 8.612 8.601 8.590 8.580 8.572 8.571 8.569 8.568 8.567 8.566 8.564 8.563 8.561 8.551 8.542 8.532 8.523 8.513 8.503
7.265 7.433 7.600 7.768 7.853 7.940 8.026 8.111 8.198 8.209 8.218 8.226 8.235 8.212 8.159 8.106 8.053 8.000 7.947 7.894 7.840 7.810 7.796 7.782 7.769 7.755 7.741 7.728 7.714 7.700 7.686 7.673 7.660 7.656 7.716 7.795 7.875 7.957 8.040 8.122 8.204 8.286 8.369 8.451 8.533 8.615 8.697 8.742 8.718 8.694 8.671 8.648 8.630 8.619 8.608 8.597 8.587 8.576 8.565 8.554 8.543 8.533 8.529 8.528 8.526 8.525 8.524 8.523 8.521 8.520 8.518 8.513 8.504 8.494 8.484 8.474 8.465
7.308 7.475 7.588 7.675 7.760 7.847 7.933 8.019 8.101 8.109 8.118 8.126 8.135 8.143 8.138 8.085 8.032 7.978 7.926 7.872 7.819 7.796 7.782 7.768 7.755 7.741 7.727 7.714 7.701 7.687 7.674 7.660 7.646 7.644 7.708 7.790 7.871 7.953 8.036 8.118 8.200 8.282 8.365 8.447 8.529 8.611 8.693 8.707 8.683 8.659 8.636 8.613 8.589 8.572 8.561 8.550 8.540 8.529 8.518 8.507 8.496 8.487 8.486 8.484 8.483 8.481 8.481 8.479 8.478 8.476 8.475 8.473 8.466 8.456 8.446 8.436 8.426
7.323 7.410 7.496 7.582 7.668 7.754 7.840 7.927 8.001 8.010 8.018 8.026 8.035 8.043 8.051 8.060 8.010 7.958 7.905 7.851 7.798 7.782 7.768 7.755 7.742 7.728 7.714 7.701 7.687 7.673 7.671 7.674 7.677 7.688 7.722 7.786 7.868 7.950 8.033 8.114 8.196 8.278 8.361 8.443 8.525 8.607 8.689 8.672 8.648 8.624 8.601 8.578 8.554 8.530 8.514 8.503 8.493 8.482 8.471 8.460 8.449 8.444 8.443 8.441 8.440 8.438 8.438 8.436 8.435 8.433 8.432 8.430 8.428 8.418 8.408 8.398 8.388
7.231 7.317 7.403 7.489 7.575 7.662 7.747 7.834 7.900 7.909 7.917 7.925 7.934 7.942 7.951 7.959 7.967 7.937 7.883 7.830 7.783 7.769 7.755 7.741 7.728 7.714 7.700 7.697 7.701 7.704 7.708 7.711 7.714 7.733 7.767 7.801 7.864 7.946 8.029 8.111 8.193 8.275 8.356 8.439 8.521 8.603 8.660 8.637 8.613 8.589 8.566 8.542 8.519 8.495 8.472 8.456 8.446 8.435 8.424 8.413 8.402 8.401 8.400 8.398 8.397 8.395 8.395 8.393 8.391 8.390 8.388 8.387 8.386 8.379 8.370 8.360 8.375
7.138 7.224 7.310 7.397 7.483 7.569 7.654 7.741 7.800 7.809 7.817 7.826 7.834 7.842 7.851 7.859 7.867 7.876 7.862 7.808 7.769 7.755 7.741 7.728 7.724 7.727 7.730 7.734 7.737 7.741 7.745 7.748 7.751 7.778 7.812 7.846 7.879 7.942 8.025 8.107 8.189 8.271 8.353 8.436 8.518 8.599 8.625 8.602 8.578 8.554 8.531 8.507 8.484 8.460 8.437 8.413 8.400 8.389 8.378 8.366 8.358 8.358 8.356 8.355 8.353 8.352 8.351 8.350 8.348 8.347 8.345 8.344 8.343 8.341 8.331 8.321 8.387
7.045 7.132 7.218 7.304 7.390 7.476 7.563 7.648 7.700 7.709 7.717 7.726 7.734 7.742 7.751 7.759 7.767 7.776 7.784 7.787 7.755 7.750 7.753 7.757 7.761 7.764 7.767 7.771 7.774 7.777 7.781 7.785 7.789 7.823 7.857 7.891 7.924 7.958 8.021 8.103 8.185 8.267 8.349 8.432 8.514 8.596 8.590 8.567 8.543 8.520 8.496 8.472 8.449 8.425 8.402 8.378 8.354 8.342 8.331 8.320 8.315 8.315 8.313 8.312 8.310 8.309 8.307 8.307 8.305 8.304 8.302 8.301 8.300 8.299 8.293 8.330 8.399
6.953 7.039 7.125 7.211 7.297 7.383 7.469 7.555 7.601 7.609 7.617 7.626 7.634 7.642 7.651 7.659 7.667 7.676 7.689 7.723 7.780 7.787 7.790 7.794 7.797 7.801 7.804 7.808 7.811 7.814 7.818 7.822 7.834 7.868 7.902 7.936 7.969 8.003 8.038 8.099 8.181 8.263 8.345 8.428 8.510 8.579 8.555 8.532 8.508 8.485 8.461 8.437 8.414 8.390 8.367 8.343 8.319 8.296 8.284 8.274 8.272 8.271 8.270 8.268 8.267 8.265 8.264 8.263 8.262 8.260 8.259 8.257 8.267 8.283 8.307 8.372 8.438
6.876 6.953 7.032 7.118 7.205 7.291 7.377 7.463 7.500 7.508 7.517 7.525 7.534 7.541 7.550 7.558 7.587 7.621 7.655 7.688 7.752 7.816 7.827 7.831 7.834 7.837 7.841 7.845 7.848 7.851 7.854 7.859 7.879 7.913 7.946 7.981 8.014 8.048 8.082 8.116 8.177 8.259 8.341 8.424 8.506 8.544 8.520 8.496 8.473 8.450 8.426 8.402 8.379 8.355 8.332 8.308 8.284 8.261 8.237 8.230 8.229 8.227 8.227 8.242 8.256 8.271 8.285 8.301 8.315 8.330 8.345 8.359 8.374 8.389 8.437 8.501 8.567
6.799 6.876 6.952 7.029 7.112 7.198 7.284 7.370 7.400 7.408 7.417 7.425 7.433 7.451 7.485 7.519 7.552 7.587 7.620 7.661 7.725 7.789 7.853 7.868 7.871 7.874 7.878 7.882 7.885 7.888 7.891 7.895 7.924 7.958 7.991 8.026 8.059 8.093 8.127 8.161 8.195 8.255 8.337 8.420 8.502 8.509 8.485 8.461 8.438 8.415 8.391 8.367 8.343 8.320 8.297 8.273 8.252 8.247 8.243 8.289 8.303 8.318 8.332 8.348 8.363 8.377 8.392 8.406 8.422 8.436 8.451 8.465 8.480 8.504 8.568 8.631 8.696
6.722 6.799 6.875 6.952 7.029 7.106 7.191 7.277 7.300 7.308 7.316 7.349 7.383 7.417 7.450 7.484 7.518 7.552 7.585 7.633 7.698 7.762 7.825 7.890 7.908 7.911 7.914 7.919 7.922 7.925 7.928 7.936 7.969 8.003 8.036 8.071 8.104 8.138 8.172 8.206 8.240 8.273 8.334 8.415 8.498 8.474 8.450 8.426 8.403 8.380 8.356 8.332 8.315 8.311 8.305 8.300 8.295 8.289 8.300 8.366 8.410 8.424 8.439 8.454 8.469 8.483 8.498 8.513 8.528 8.543 8.557 8.572 8.586 8.635 8.698 8.762 8.826
6.644 6.721 6.798 6.875 6.952 7.029 7.106 7.185 7.213 7.247 7.281 7.315 7.348 7.382 7.416 7.450 7.484 7.517 7.551 7.606 7.671 7.734 7.798 7.863 7.927 7.948 7.951 7.955 7.959 7.962 7.965 7.981 8.014 8.048 8.081 8.116 8.150 8.183 8.217 8.251 8.285 8.318 8.352 8.412 8.463 8.439 8.415 8.391 8.378 8.374 8.368 8.363 8.358 8.353 8.348 8.342 8.337 8.332 8.368 8.435 8.500 8.530 8.545 8.561 8.575 8.590 8.604 8.619 8.634 8.649 8.663 8.678 8.701 8.766 8.829 8.892 8.956
6.567 6.644 6.721 6.798 6.875 6.952 7.028 7.104 7.179 7.212 7.246 7.280 7.314 7.348 7.381 7.415 7.449 7.483 7.517 7.579 7.644 7.707 7.771 7.836 7.899 7.963 7.988 7.992 7.996 7.999 8.002 8.026 8.059 8.093 8.126 8.161 8.195 8.228 8.262 8.295 8.330 8.363 8.397 8.430 8.442 8.436 8.431 8.426 8.420 8.416 8.411 8.405 8.400 8.395 8.390 8.385 8.379 8.374 8.437 8.503 8.569 8.635 8.651 8.666 8.681 8.696 8.711 8.725 8.740 8.755 8.770 8.784 8.832 8.895 8.959 9.023 9.086
6.490 6.567 6.644 6.721 6.797 6.874 6.950 7.026 7.100 7.174 7.212 7.246 7.279 7.313 7.347 7.381 7.415 7.448 7.488 7.552 7.616 7.680 7.744 7.808 7.872 7.936 8.000 8.029 8.032 8.036 8.039 8.071 8.104 8.138 8.171 8.205 8.240 8.273 8.307 8.340 8.366 8.382 8.397 8.413 8.465 8.479 8.473 8.468 8.463 8.458 8.453 8.448 8.442 8.437 8.433 8.427 8.422 8.440 8.506 8.572 8.638 8.703 8.758 8.772 8.788 8.802 8.817 8.831 8.846 8.861 8.876 8.899 8.962 9.026 9.090 9.153 9.217
6.413 6.490 6.566 6.643 6.719 6.795 6.872 6.947 7.021 7.095 7.170 7.211 7.245 7.279 7.312 7.346 7.380 7.414 7.461 7.525 7.589 7.653 7.717 7.781 7.845 7.909 7.972 8.037 8.069 8.072 8.081 8.115 8.149 8.183 8.216 8.250 8.282 8.297 8.313 8.328 8.345 8.360 8.376 8.401 8.455 8.509 8.516 8.510 8.505 8.500 8.495 8.490 8.485 8.479 8.475 8.470 8.464 8.509 8.574 8.641 8.707 8.772 8.838 8.878 8.894 8.909 8.923 8.938 8.952 8.968 8.982 9.029 9.093 9.157 9.220 9.284 9.347
6.335 6.412 6.488 6.564 6.641 6.717 6.793 6.868 6.942 7.017 7.091 7.165 7.210 7.244 7.278 7.312 7.346 7.379 7.434 7.498 7.562 7.626 7.689 7.753 7.818 7.881 7.945 8.010 8.073 8.109 8.126 8.160 8.194 8.212 8.228 8.243 8.260 8.276 8.291 8.307 8.323 8.339 8.354 8.392 8.446 8.500 8.553 8.553 8.547 8.542 8.538 8.532 8.527 8.522 8.516 8.512 8.512 8.578 8.643 8.709 8.775 8.841 8.906 8.972 9.000 9.015 9.029 9.044 9.059 9.074 9.096 9.160 9.223 9.288 9.351 9.414 9.478
6.257 6.333 6.410 6.486 6.562 6.639 6.715 6.789 6.863 6.938 7.012 7.086 7.161 7.210 7.243 7.277 7.311 7.345 7.407 7.470 7.535 7.598 7.662 7.726 7.791 7.854 7.918 7.982 8.046 8.106 8.143 8.159 8.175 8.191 8.206 8.222 8.238 8.254 8.269 8.285 8.300 8.317 8.332 8.383 8.437 8.491 8.544 8.595 8.590 8.584 8.580 8.575 8.569 8.564 8.559 8.554 8.581 8.646 8.712 8.778 8.844 8.910 8.975 9.041 9.106 9.121 9.136 9.150 9.165 9.180 9.227 9.290 9.354 9.418 9.481 9.545 9.608
6.178 6.255 6.331 6.408 6.484 6.560 6.636 6.710 6.785 6.859 6.933 7.008 7.082 7.156 7.209 7.243 7.276 7.315 7.379 7.443 7.507 7.571 7.635 7.699 7.763 7.827 7.882 7.938 7.994 8.049 8.103 8.137 8.154 8.169 8.185 8.200 8.217 8.232 8.248 8.263 8.279 8.295 8.321 8.374 8.428 8.482 8.535 8.588 8.632 8.627 8.622 8.617 8.612 8.606 8.601 8.597 8.650 8.715 8.781 8.846 8.913 8.979 9.044 9.110 9.175 9.227 9.242 9.257 9.271 9.294 9.357 9.421 9.484 9.549 9.612 9.675 9.739
6.100 6.176 6.253 6.329 6.405 6.482 6.557 6.631 6.706 6.780 6.854 6.929 7.003 7.077 7.152 7.208 7.242 7.288 7.352 7.416 7.480 7.544 7.604 7.659 7.715 7.770 7.826 7.881 7.937 7.992 8.046 8.100 8.132 8.147 8.163 8.179 8.194 8.211 8.226 8.242 8.257 8.274 8.312 8.365 8.419 8.473 8.526 8.579 8.633 8.669 8.665 8.659 8.654 8.649 8.643 8.653 8.718 8.784 8.850 8.915 8.982 9.047 9.113 9.178 9.244 9.311 9.348 9.363 9.377 9.425 9.488 9.551 9.615 9.679 9.742 9.806 9.869
6.078 6.098 6.174 6.251 6.327 6.403 6.478 6.552 6.627 6.701 6.776 6.850 6.924 6.998 7.073 7.147 7.207 7.261 7.325 7.381 7.436 7.492 7.547 7.602 7.659 7.714 7.769 7.825 7.881 7.935 7.989 8.043 8.097 8.126 8.141 8.157 8.172 8.189 8.204 8.220 8.235 8.252 8.303 8.356 8.410 8.463 8.517 8.570 8.624 8.677 8.706 8.702 8.696 8.691 8.686 8.721 8.787 8.853 8.918 8.984 9.051 9.116 9.182 9.247 9.313 9.379 9.445 9.469 9.491 9.555 9.619 9.682 9.745 9.810 9.873 9.936 10.000
6.061 6.069 6.096 6.172 6.249 6.325 6.399 6.474 6.548 6.622 6.697 6.771 6.845 6.920 6.994 7.068 7.142 7.213 7.268 7.324 7.380 7.435 7.491 7.546 7.602 7.657 7.713 7.768 7.824 7.878 7.932 7.986 8.039 8.094 8.120 8.135 8.151 8.167 8.183 8.198 8.214 8.241 8.294 8.347 8.400 8.454 8.508 8.561 8.615 8.668 8.721 8.744 8.739 8.733 8.728 8.789 8.856 8.922 8.987 9.053 9.119 9.185 9.251 9.316 9.383 9.448 9.514 9.575 9.621 9.686 9.749 9.812 9.876 9.940 10.003 10.067 10.130
