includes/camargue/floodfiles/results/res-0013.wdfp
ncols         906
nrows         631
xllcorner     362177.146667
yllcorner     6534725.688020
cellsize      20.000000
NODATA_value  -9999.000000
[rows 408 to 441 of 631, columns 231 to 307 of 906]
0.257 0.167 0.497 0.897 0.000 0.000 0.627 1.177 1.217 1.207 0.337 0.000 0.437 1.137 1.137 1.187 0.000 0.000 0.721 0.000 0.546 0.106 0.405 0.725 0.415 0.454 1.012 0.791 0.000 0.000 1.972 0.000 0.000 1.272 0.292 1.132 1.522 0.164 1.108 0.006 0.000 1.156 1.046 0.002 0.000 0.826 0.736 0.000 1.083 0.044 0.000 0.039 0.093 0.203 1.225 0.167 0.198 0.000 1.896 0.116 0.060 0.060 0.438 0.126 0.356 0.001 0.000 0.224 0.000 0.828 0.858 0.000 0.948 0.768 0.000 0.002 0.000
0.427 0.697 0.117 0.037 0.000 0.000 0.000 0.000 0.547 1.297 1.217 1.177 0.000 0.000 0.467 1.187 1.157 1.267 0.000 0.066 0.676 0.000 0.476 0.346 0.000 0.134 0.000 0.740 0.000 1.829 0.000 0.000 0.000 1.812 0.391 0.000 0.669 0.529 0.000 0.462 0.008 0.366 1.186 0.816 0.776 0.866 0.526 0.000 0.863 0.543 0.843 0.813 0.000 1.095 0.000 0.000 0.264 0.000 2.208 0.058 0.056 0.578 0.161 0.161 0.411 0.411 0.731 0.000 0.838 0.758 0.000 0.778 0.888 0.000 0.000 0.000 0.708
0.347 0.837 0.947 0.000 0.167 0.187 0.000 0.487 1.087 0.000 0.077 1.187 1.207 1.237 0.337 0.000 0.957 1.207 0.000 0.827 0.000 0.726 0.536 0.616 0.000 0.000 0.000 1.675 1.694 0.000 1.453 1.073 0.001 0.000 1.168 0.528 0.678 0.355 1.072 0.572 0.000 0.165 0.486 0.716 0.746 0.706 0.000 0.000 0.413 0.773 0.493 0.753 0.484 0.855 0.865 0.203 0.467 0.000 0.816 0.053 0.053 0.588 0.608 0.609 0.639 0.000 0.341 0.000 0.938 0.978 0.000 0.918 0.808 0.168 0.398 0.458 0.538
0.787 0.947 0.777 1.137 0.000 0.647 0.267 1.047 0.000 0.097 1.117 0.477 0.000 1.227 1.237 1.257 0.000 0.000 0.997 0.827 0.657 0.847 0.106 0.216 0.000 0.000 1.651 1.670 0.000 0.032 0.000 0.000 0.898 0.678 0.508 0.058 0.586 0.402 0.572 0.242 0.047 0.219 0.214 0.955 0.003 0.000 0.801 0.721 0.681 0.082 0.000 0.503 0.794 0.384 0.000 0.778 1.888 1.678 0.000 0.103 0.046 0.628 0.628 0.638 0.000 0.463 0.000 0.798 0.998 0.000 0.698 0.848 0.000 0.000 0.000 0.458 0.000
0.887 0.887 0.737 0.947 1.007 0.317 0.217 0.000 0.177 0.277 0.517 0.497 0.697 0.008 0.000 1.387 0.887 1.087 0.677 0.000 0.737 0.847 0.000 0.246 0.000 0.000 1.647 0.000 0.000 0.000 1.082 0.632 0.006 0.577 0.337 0.000 0.000 0.455 0.159 0.156 0.000 0.175 0.844 0.575 0.000 0.359 0.791 0.761 0.731 0.821 0.832 0.822 0.072 0.000 0.632 0.352 0.000 2.133 2.018 0.182 0.043 0.326 0.456 0.038 0.000 0.403 0.000 0.438 0.418 0.000 0.878 0.418 0.000 0.157 0.657 0.508 0.036
0.061 1.007 1.007 0.000 1.037 0.807 0.857 0.000 0.000 0.117 0.507 0.067 0.000 0.000 0.567 0.057 0.477 0.697 0.717 0.817 0.937 0.147 0.000 0.000 0.000 1.530 0.205 0.000 0.669 0.769 0.121 0.812 0.682 0.000 0.119 0.795 0.497 0.661 0.541 0.017 0.000 0.552 0.000 0.000 0.000 1.427 0.350 0.000 0.101 0.771 0.742 0.702 0.742 0.752 0.000 0.526 2.134 0.000 0.208 0.000 0.044 0.324 0.624 0.000 0.008 0.513 0.403 0.000 0.000 0.598 0.878 0.648 0.167 0.000 0.587 0.000 0.000
0.061 0.987 0.887 0.697 0.000 0.887 0.887 0.937 0.000 1.047 0.987 0.000 0.047 0.407 0.617 0.337 0.727 0.017 0.467 1.087 0.000 0.000 2.047 0.198 1.489 0.358 0.000 1.018 0.689 0.669 0.400 0.000 0.752 1.033 0.923 1.064 0.587 0.750 0.380 0.150 0.000 1.854 1.874 1.878 1.521 0.368 1.140 1.900 1.922 1.561 0.000 0.132 0.832 0.842 0.000 0.210 2.129 0.105 0.000 0.034 0.037 0.185 0.275 0.000 0.513 0.000 0.623 0.000 0.941 0.000 0.000 0.757 0.837 0.797 0.447 0.000 0.171
0.062 0.857 1.067 0.787 0.257 0.000 1.117 1.097 1.067 1.097 0.997 0.567 0.000 0.277 0.817 0.000 0.257 0.000 0.000 0.000 0.000 0.000 0.176 1.465 0.618 0.000 0.138 0.508 0.000 0.039 0.900 0.851 0.942 0.963 1.033 0.974 0.000 0.000 0.090 0.000 0.935 1.849 0.000 0.000 0.000 0.252 0.218 0.138 0.000 1.491 0.250 0.000 0.285 0.165 0.000 1.041 0.000 0.371 1.526 1.526 0.542 0.215 0.635 0.000 0.423 0.000 0.000 0.001 0.000 0.884 0.474 0.000 0.000 0.737 0.657 0.171 0.171
0.062 0.061 0.207 0.687 0.077 0.000 0.507 0.927 1.027 0.957 0.000 0.447 0.157 0.697 0.000 0.000 0.000 0.000 0.000 0.000 0.000 0.096 1.433 0.000 0.917 0.717 0.407 0.677 0.677 0.978 0.880 0.971 1.111 0.000 0.000 0.000 0.000 0.000 0.000 1.797 1.816 0.000 0.004 0.042 0.312 0.000 0.198 0.228 0.000 0.000 1.971 0.201 0.193 0.320 0.000 2.123 2.421 1.526 1.526 0.642 0.572 0.243 0.584 0.000 0.483 0.000 0.000 0.000 0.000 0.764 0.000 0.687 0.737 0.637 0.000 0.945 0.171
0.062 0.061 0.557 0.597 0.027 0.087 0.257 1.027 0.047 0.877 0.000 0.967 0.008 0.000 0.000 0.000 0.000 0.000 0.826 2.086 2.136 1.336 0.000 0.897 0.817 0.737 0.757 0.767 0.747 0.957 0.317 0.000 0.004 0.000 0.751 0.000 1.706 1.726 1.746 0.686 0.011 0.025 0.027 0.027 0.027 0.027 0.000 0.000 0.272 0.000 1.971 1.105 0.000 0.000 0.424 2.123 0.026 1.526 0.612 0.602 0.642 0.513 0.583 0.453 0.403 0.000 0.079 0.000 0.221 0.134 0.298 0.000 0.637 0.797 0.000 1.055 0.000
0.337 0.277 0.357 0.487 0.407 0.117 0.547 0.887 0.107 0.717 0.457 1.247 0.000 0.076 0.096 0.000 0.000 2.256 0.000 0.000 1.313 0.000 0.467 0.937 0.677 0.475 0.000 0.000 0.505 0.445 0.495 1.035 0.000 0.000 0.000 1.682 1.701 0.000 0.812 0.008 0.021 0.622 0.482 0.672 0.672 0.027 0.027 0.027 0.462 0.000 0.000 1.999 2.026 1.166 2.081 0.025 0.026 0.352 0.612 0.652 0.482 0.000 0.193 0.533 0.584 0.594 0.019 0.381 0.393 0.000 0.381 0.228 0.084 0.737 0.136 0.835 0.000
0.447 0.207 0.467 0.407 0.377 0.437 0.000 0.057 0.757 0.937 0.000 1.937 0.000 0.000 0.004 0.596 1.556 0.176 0.008 2.106 0.756 0.000 0.000 0.000 0.056 0.556 0.486 1.514 1.536 1.557 1.577 1.597 1.617 1.637 1.657 1.676 0.012 0.472 0.432 0.014 0.024 0.332 0.252 0.252 0.202 0.372 0.692 0.027 0.027 0.027 0.024 0.536 1.836 0.366 0.021 0.026 0.622 0.672 0.612 0.592 0.422 0.602 0.433 0.603 0.204 0.774 0.176 0.299 0.000 0.000 0.000 0.362 0.543 0.265 0.835 0.505 0.195
0.061 0.227 0.287 0.000 0.000 0.021 0.000 0.977 0.327 0.000 0.014 1.687 0.014 0.124 0.000 0.000 0.000 0.186 0.000 1.285 0.000 0.000 0.000 0.000 1.046 1.464 1.486 1.416 0.008 0.012 0.011 0.010 0.008 0.004 0.008 0.008 0.010 0.000 0.016 0.023 0.402 0.352 0.000 0.702 0.682 0.812 0.562 0.752 0.872 0.552 0.026 0.024 0.024 0.024 0.025 0.422 0.812 0.772 0.242 0.512 0.532 0.462 0.123 0.403 0.084 0.384 0.286 0.407 0.008 0.178 0.000 0.000 0.000 0.075 0.605 0.000 0.000
0.060 0.061 0.000 0.000 0.041 0.024 0.394 0.000 0.000 0.254 0.344 0.002 1.154 0.104 0.000 0.343 0.000 0.000 0.800 1.280 1.307 1.334 1.360 1.385 1.410 0.008 0.013 0.015 0.022 0.782 0.024 0.022 0.353 0.000 0.153 0.463 0.022 0.025 0.025 0.472 0.012 0.292 0.232 0.252 0.692 0.632 0.342 0.582 0.292 0.462 0.592 0.402 0.027 0.027 0.242 0.462 0.652 0.702 0.182 0.000 0.000 0.613 0.743 0.713 0.000 0.000 0.536 0.000 0.246 0.000 0.000 0.678 0.408 0.000 0.000 0.343 0.193
0.058 0.000 0.000 0.000 0.024 0.000 0.000 0.000 0.000 0.000 0.037 1.123 0.293 1.283 0.643 0.083 0.425 0.000 1.835 1.110 0.007 0.012 0.012 0.013 0.015 0.022 0.502 0.892 0.802 0.642 0.112 0.062 0.000 0.113 0.413 0.008 0.026 0.026 0.192 0.232 0.412 0.202 0.352 0.042 0.412 0.272 0.672 0.702 0.302 0.762 0.000 0.000 0.622 0.312 0.332 0.572 0.462 0.332 0.232 0.733 0.533 0.013 0.733 0.633 0.513 0.763 0.000 0.000 0.456 0.000 0.678 0.528 0.000 0.461 0.000 0.000 0.000
0.018 0.003 0.006 0.010 0.105 0.000 0.336 0.000 0.000 0.000 0.000 0.000 0.000 0.263 0.613 0.000 0.545 0.775 1.232 0.007 0.021 1.142 0.692 1.002 1.072 0.802 0.942 1.122 0.000 0.000 0.192 0.000 0.363 0.313 0.073 0.000 0.392 0.422 0.332 0.402 0.132 0.322 0.332 0.372 0.112 0.492 0.000 0.000 0.512 0.000 0.000 0.000 0.562 0.372 0.522 0.162 0.302 0.042 0.502 0.000 0.843 0.933 0.913 0.223 0.000 0.663 0.000 0.000 0.027 0.548 0.438 0.000 0.232 0.000 0.000 0.463 0.213
0.054 0.044 0.000 0.357 0.104 0.235 0.156 0.000 0.085 0.145 0.000 0.841 0.000 0.000 2.243 0.000 0.335 0.000 1.217 0.012 1.072 0.442 0.832 0.872 0.000 0.672 0.212 0.000 0.592 0.582 1.232 1.102 0.000 0.000 0.000 0.000 0.000 0.362 0.302 0.392 0.382 0.092 0.482 0.262 0.402 0.000 0.000 0.462 0.000 0.000 0.000 0.252 0.212 0.272 0.602 0.000 0.482 0.000 0.162 0.004 0.000 0.000 0.000 0.002 0.000 0.603 0.000 0.228 0.528 0.198 0.000 0.062 0.292 0.000 0.000 0.002 0.000
0.174 0.000 0.534 0.074 0.000 0.000 0.576 0.136 0.000 0.515 0.305 0.000 0.000 0.000 0.000 1.261 0.000 1.442 1.201 0.013 1.052 1.002 0.292 0.362 0.842 0.242 0.202 0.912 0.952 0.992 1.032 0.952 0.862 0.932 0.000 0.242 0.372 0.502 0.352 0.004 0.152 0.112 0.482 0.312 0.000 0.412 0.402 0.000 0.000 0.000 0.582 0.072 0.342 0.000 0.502 0.532 0.000 0.000 0.482 0.000 0.000 0.000 0.154 0.424 0.000 0.843 0.000 0.000 0.488 0.000 0.000 0.342 0.000 0.000 0.000 0.014 0.000
0.000 0.000 0.000 0.078 0.000 0.000 0.486 0.036 0.205 0.058 1.705 2.196 1.039 1.062 1.085 1.107 1.595 1.154 0.005 0.018 0.992 0.112 0.272 1.122 0.142 0.832 0.262 0.782 0.992 0.752 0.492 1.142 1.052 1.042 1.002 0.252 0.252 0.462 0.482 0.102 0.372 0.572 0.592 0.000 0.382 0.402 0.000 0.000 0.000 0.000 0.000 1.012 0.782 0.962 0.000 0.552 0.562 0.112 0.342 0.172 0.252 0.182 0.000 0.000 0.513 0.643 0.353 0.353 0.000 0.871 0.000 0.000 0.000 0.000 0.000 0.054 0.000
0.012 0.003 0.002 0.104 0.375 0.000 0.236 0.266 0.000 0.957 0.988 1.011 2.120 1.057 1.080 1.103 1.126 1.147 0.005 0.018 0.462 0.192 0.892 1.042 1.112 0.000 1.012 0.992 0.512 0.582 0.752 0.952 1.152 1.092 1.072 0.602 0.312 0.402 0.832 0.082 0.512 0.000 0.342 0.462 0.302 0.000 0.000 0.000 0.042 0.642 0.352 1.092 0.392 0.162 0.262 0.000 0.092 0.000 0.000 0.000 0.082 0.062 0.000 0.000 0.853 0.683 0.303 0.000 0.441 0.000 0.466 0.000 0.232 0.232 0.000 0.000 0.351
0.003 1.906 0.196 0.000 0.142 0.000 0.000 0.366 0.912 0.940 0.412 0.277 0.000 0.044 0.088 0.881 0.152 0.063 1.183 0.012 0.312 0.862 0.772 0.682 1.092 0.882 0.802 0.000 0.782 0.692 0.502 0.342 1.192 1.102 0.432 0.682 0.332 0.922 0.752 0.792 0.092 0.462 0.512 0.342 0.000 0.000 0.581 0.000 0.632 0.582 0.352 0.152 0.000 0.000 0.000 0.000 0.000 0.000 0.074 0.000 0.000 0.000 0.533 0.000 0.643 0.000 0.043 0.043 0.000 0.000 0.216 0.286 0.000 0.001 0.185 0.046 0.057
0.376 0.532 0.000 0.000 0.138 0.000 0.630 0.863 0.902 0.721 0.160 0.205 0.168 0.163 0.276 0.771 1.421 0.000 1.358 0.007 0.021 1.052 1.052 0.682 1.082 0.902 0.762 0.382 0.312 0.562 0.652 0.722 0.252 0.662 0.352 0.000 0.432 0.592 0.772 0.922 0.032 0.292 0.202 0.000 0.000 0.892 0.000 0.212 0.602 0.072 0.062 0.000 0.723 0.000 0.000 0.000 0.000 0.000 0.003 0.000 0.000 0.053 0.723 0.000 0.863 0.000 0.173 0.000 0.136 0.056 0.226 0.306 0.000 0.125 0.455 0.000 0.335
0.062 0.079 1.749 0.200 1.934 0.755 0.813 0.847 0.091 0.102 0.420 0.203 0.087 0.778 0.106 0.099 0.000 0.378 1.174 1.888 0.007 0.013 0.015 0.023 0.272 1.022 1.042 0.792 0.332 0.212 0.732 0.672 0.732 0.552 0.482 0.422 0.702 0.702 0.922 0.672 0.062 0.082 0.102 0.692 0.632 0.392 0.000 0.693 0.000 0.573 0.053 0.000 1.073 0.153 0.000 0.000 0.000 0.000 0.160 0.190 0.000 0.000 0.493 0.000 0.733 0.000 0.000 0.000 0.696 0.000 0.000 0.002 0.135 0.000 0.235 0.085 0.155
0.091 0.208 0.606 0.643 0.709 0.741 0.115 0.000 0.000 1.240 0.000 0.173 0.000 0.297 0.707 0.095 0.008 0.008 0.014 0.018 0.027 0.033 0.037 0.013 0.122 0.082 0.000 0.562 0.662 0.000 0.532 0.652 0.622 0.782 0.392 0.462 0.452 0.452 0.000 0.282 0.322 0.092 0.172 0.222 0.102 0.000 0.643 0.443 0.513 0.093 0.553 0.093 0.863 0.000 0.273 0.173 0.000 0.000 0.030 0.420 0.050 0.000 0.083 0.153 0.563 0.000 0.000 0.000 0.000 0.701 0.000 0.000 0.225 0.455 0.415 0.035 0.645
0.458 0.520 0.589 1.870 0.083 0.176 1.410 0.264 0.027 0.063 0.000 0.000 0.000 0.276 0.224 0.006 0.016 0.000 0.904 0.914 0.584 0.564 0.584 0.006 0.000 0.142 0.242 0.000 0.382 0.542 0.292 0.942 0.562 0.392 0.732 0.312 0.322 0.332 0.342 0.762 0.000 0.232 0.332 0.772 0.822 0.572 0.000 0.172 0.000 0.092 0.000 0.000 0.083 0.000 0.053 0.193 0.000 0.000 0.001 0.040 0.290 0.000 0.000 0.773 0.113 0.000 0.000 0.000 0.000 0.000 0.015 0.535 0.405 0.205 0.365 0.645 0.595
0.452 0.508 0.311 0.649 0.062 0.035 0.000 0.263 0.000 0.015 0.041 0.220 0.931 0.035 0.127 0.011 0.744 0.414 0.144 0.000 0.514 0.364 0.254 0.354 0.000 0.062 0.282 0.002 0.000 0.572 0.342 0.632 0.602 0.722 0.412 0.342 0.512 0.602 0.612 0.712 0.102 0.152 0.662 0.512 0.912 0.582 0.362 0.652 0.482 0.462 0.252 0.000 0.000 0.000 0.153 0.113 0.000 0.143 0.333 0.000 0.004 0.000 0.000 0.683 0.123 0.000 0.142 0.882 0.000 0.000 0.135 0.000 0.000 0.345 0.445 0.625 0.565
0.000 0.000 0.042 0.999 0.077 0.054 0.000 0.263 0.029 0.053 0.037 0.139 0.261 0.177 0.252 0.013 0.804 0.744 0.284 0.854 0.934 0.000 0.000 0.000 0.414 0.000 0.072 0.000 0.102 0.202 0.000 0.392 0.122 0.000 0.602 0.292 0.462 0.642 0.862 0.332 0.982 0.782 0.852 1.032 0.272 0.000 0.122 0.242 0.792 1.092 1.012 0.000 0.253 0.583 0.173 0.153 0.000 0.000 0.033 0.000 0.323 0.000 0.000 0.693 0.000 0.000 0.000 0.812 0.000 0.000 0.000 0.474 0.000 0.475 0.545 0.605 0.305
0.004 0.001 0.002 0.033 0.018 0.053 0.000 0.263 0.000 0.120 0.172 0.175 0.167 0.270 0.007 0.020 0.684 0.864 0.000 0.694 0.884 0.834 0.000 0.524 0.534 0.614 0.000 0.232 0.322 0.232 0.072 0.000 0.162 0.002 0.000 0.000 0.832 0.852 0.862 0.052 0.672 0.602 0.362 0.372 0.000 0.000 0.000 0.000 0.672 0.612 0.682 0.000 0.413 0.733 0.053 0.213 0.000 0.000 0.000 0.000 0.393 0.000 0.000 0.763 0.000 0.000 0.000 0.442 0.392 0.000 0.054 0.414 0.824 0.524 0.304 0.625 0.064
0.000 0.000 0.000 0.003 0.000 0.000 0.000 0.263 0.102 0.208 0.200 0.342 0.204 0.158 0.011 0.824 0.894 0.714 0.104 0.144 0.000 0.764 0.624 0.000 0.564 0.474 0.000 0.000 0.172 0.172 0.122 0.000 0.000 0.023 0.000 0.000 0.000 0.772 0.802 0.822 0.812 0.772 1.112 0.752 0.682 0.732 0.662 0.732 0.622 0.662 0.652 0.000 0.193 0.213 0.000 0.103 0.143 0.303 0.203 0.000 0.413 0.063 0.523 0.703 0.000 0.000 0.000 0.262 0.252 0.000 0.504 0.000 0.584 0.314 0.434 0.464 0.122
0.000 0.000 0.004 0.003 0.034 0.000 0.000 0.262 0.242 0.246 0.248 0.212 0.333 0.004 0.016 0.734 0.874 0.000 0.000 0.000 0.000 0.104 0.000 0.461 0.000 0.354 0.374 0.404 0.000 0.000 0.082 0.302 0.112 0.000 0.000 0.000 0.001 0.000 0.842 0.892 0.872 0.852 0.832 0.252 0.000 0.000 0.000 0.000 0.000 0.000 0.000 0.000 0.593 0.753 0.000 0.173 0.203 0.183 0.001 0.000 0.473 0.363 0.000 0.823 0.000 0.000 0.000 0.000 0.008 0.584 0.284 0.634 0.254 0.000 0.604 0.664 0.048
0.000 0.000 0.000 0.000 0.000 0.182 0.000 0.256 0.191 0.286 0.397 0.000 0.001 0.004 0.000 0.214 0.304 0.002 0.001 0.482 0.000 0.064 0.114 0.000 0.251 0.000 0.184 0.414 0.000 0.024 0.000 0.262 0.152 0.002 0.234 0.000 0.102 0.562 0.942 0.892 0.852 0.802 0.782 0.782 0.323 0.653 0.723 0.643 0.803 0.853 0.793 0.573 0.613 0.793 0.000 0.153 0.293 0.113 0.233 0.000 0.263 0.413 0.000 0.203 0.000 0.011 0.000 0.000 0.000 0.274 0.000 0.804 0.594 0.654 0.164 0.049 0.025
0.000 0.000 0.000 0.000 0.000 0.000 0.000 0.236 0.000 0.000 0.217 0.000 0.312 0.000 0.437 0.003 0.000 0.000 0.122 0.000 0.114 0.114 0.005 0.000 0.000 0.054 0.074 0.364 0.284 0.214 0.254 0.000 0.000 0.234 0.284 0.294 0.000 0.812 0.832 0.812 0.772 0.762 0.842 0.782 0.004 0.753 0.553 0.483 0.623 0.773 0.673 0.483 0.743 0.823 0.000 0.143 0.233 0.000 0.203 0.000 0.000 0.453 0.000 0.703 0.000 0.289 0.269 0.000 0.000 0.364 0.634 0.634 0.000 0.484 0.056 0.030 0.367
0.003 0.000 0.000 0.000 0.000 0.000 0.000 0.210 0.000 0.000 0.000 0.000 0.002 0.004 0.327 0.000 0.123 0.123 0.000 0.000 0.000 0.044 0.000 0.000 0.000 0.005 0.000 0.009 0.384 0.304 0.354 0.334 0.000 0.000 0.084 0.000 0.000 0.152 0.672 0.732 0.742 0.832 0.802 0.892 0.802 0.000 0.583 0.000 0.000 0.283 0.533 0.000 0.163 0.823 0.823 0.313 0.373 0.000 0.083 0.203 0.000 0.393 0.023 0.103 0.000 0.599 0.109 0.000 0.000 0.284 0.594 0.084 0.059 0.059 0.058 0.000 1.756
0.000 0.000 0.000 0.000 0.000 0.000 0.000 0.171 0.000 0.052 0.000 0.000 0.004 0.001 0.002 0.001 0.000 0.000 0.000 0.363 0.000 0.000 0.012 0.122 0.022 0.000 0.086 0.013 0.000 0.334 0.194 0.304 0.000 0.000 0.394 0.000 0.000 0.182 0.312 0.462 0.822 0.812 0.822 0.502 0.512 0.153 0.393 0.553 0.563 0.000 0.313 0.613 0.363 0.843 0.543 0.283 0.063 0.103 0.413 0.000 0.000 0.383 0.403 0.303 0.066 0.065 0.409 0.189 0.609 0.000 0.234 0.143 0.058 0.713 0.000 1.826 1.506
