includes/camargue/floodfiles/results/res-0008.wd
ncols         906
nrows         631
xllcorner     362177.146667
yllcorner     6534725.688020
cellsize      20.000000
NODATA_value  -9999.000000
[rows 510 to 543 of 631, columns 462 to 538 of 906]
0.532 0.538 0.544 0.550 0.556 0.562 0.568 0.574 0.580 0.587 0.593 0.602 0.613 0.624 0.635 0.647 0.659 0.671 0.683 0.696 0.708 0.720 0.732 0.744 0.756 0.766 0.764 0.763 0.762 0.760 0.759 0.758 0.758 0.757 0.757 0.757 0.757 0.756 0.756 0.756 0.756 0.756 0.755 0.755 0.755 0.755 0.755 0.761 0.767 0.774 0.780 0.787 0.794 0.800 0.807 0.814 0.820 0.827 0.834 0.841 0.826 0.787 0.748 0.709 0.670 0.632 0.593 0.554 0.515 0.477 0.425 0.011 0.343 0.417 0.468 0.509 0.551
0.549 0.554 0.560 0.566 0.573 0.579 0.585 0.591 0.597 0.603 0.609 0.617 0.628 0.640 0.651 0.663 0.675 0.688 0.700 0.712 0.724 0.736 0.748 0.760 0.772 0.785 0.789 0.788 0.786 0.785 0.784 0.783 0.783 0.782 0.782 0.782 0.782 0.781 0.781 0.781 0.781 0.781 0.780 0.780 0.780 0.780 0.780 0.788 0.800 0.808 0.815 0.821 0.828 0.835 0.841 0.848 0.855 0.861 0.868 0.875 0.855 0.816 0.778 0.739 0.700 0.661 0.622 0.584 0.545 0.507 0.468 0.430 0.411 0.453 0.494 0.536 0.577
0.569 0.574 0.579 0.585 0.590 0.595 0.601 0.607 0.613 0.620 0.626 0.633 0.644 0.655 0.667 0.680 0.692 0.704 0.716 0.728 0.740 0.752 0.764 0.777 0.789 0.801 0.813 0.812 0.811 0.810 0.808 0.808 0.807 0.807 0.807 0.807 0.807 0.806 0.806 0.806 0.806 0.806 0.806 0.806 0.806 0.806 0.806 0.816 0.828 0.839 0.849 0.856 0.862 0.869 0.876 0.882 0.889 0.896 0.903 0.909 0.885 0.846 0.807 0.768 0.730 0.691 0.652 0.613 0.575 0.536 0.497 0.001 0.482 0.495 0.520 0.562 0.604
0.589 0.594 0.599 0.605 0.610 0.615 0.620 0.625 0.631 0.636 0.642 0.648 0.659 0.672 0.684 0.696 0.708 0.720 0.732 0.744 0.756 0.769 0.781 0.793 0.805 0.817 0.829 0.837 0.836 0.834 0.833 0.833 0.832 0.832 0.832 0.832 0.832 0.831 0.831 0.831 0.831 0.831 0.832 0.832 0.832 0.832 0.832 0.843 0.855 0.867 0.879 0.890 0.897 0.903 0.910 0.917 0.923 0.930 0.937 0.944 0.915 0.876 0.837 0.798 0.759 0.720 0.681 0.643 0.604 0.580 0.573 0.002 0.563 0.576 0.589 0.601 0.630
0.609 0.614 0.619 0.624 0.630 0.635 0.640 0.645 0.650 0.656 0.661 0.666 0.676 0.688 0.700 0.712 0.724 0.736 0.748 0.760 0.773 0.785 0.797 0.809 0.821 0.833 0.845 0.857 0.860 0.859 0.858 0.858 0.857 0.857 0.857 0.857 0.857 0.857 0.857 0.857 0.857 0.857 0.857 0.857 0.857 0.858 0.859 0.871 0.882 0.894 0.906 0.918 0.930 0.938 0.944 0.951 0.958 0.964 0.971 0.978 0.944 0.905 0.866 0.827 0.788 0.750 0.711 0.678 0.670 0.662 0.654 0.646 0.644 0.657 0.670 0.682 0.695
0.629 0.634 0.639 0.644 0.650 0.655 0.660 0.665 0.670 0.675 0.681 0.687 0.695 0.707 0.719 0.730 0.742 0.754 0.765 0.777 0.789 0.801 0.813 0.825 0.837 0.849 0.861 0.873 0.885 0.883 0.883 0.882 0.882 0.882 0.882 0.882 0.882 0.883 0.883 0.883 0.883 0.883 0.883 0.883 0.883 0.883 0.886 0.898 0.910 0.922 0.933 0.945 0.957 0.969 0.978 0.985 0.992 0.999 1.005 1.012 0.974 0.935 0.896 0.857 0.818 0.779 0.767 0.759 0.751 0.743 0.736 0.728 0.726 0.739 0.751 0.764 0.777
0.648 0.654 0.659 0.664 0.669 0.675 0.680 0.685 0.690 0.695 0.701 0.707 0.714 0.726 0.738 0.749 0.761 0.773 0.784 0.796 0.808 0.819 0.831 0.842 0.854 0.866 0.877 0.890 0.902 0.908 0.908 0.908 0.908 0.908 0.908 0.908 0.908 0.908 0.908 0.908 0.908 0.909 0.909 0.909 0.909 0.909 0.914 0.925 0.937 0.949 0.961 0.973 0.984 0.996 1.008 1.019 1.026 1.033 1.039 1.042 1.003 0.964 0.925 0.886 0.865 0.857 0.849 0.841 0.833 0.825 0.817 0.810 0.808 0.820 0.833 0.846 0.858
0.668 0.673 0.679 0.684 0.689 0.694 0.699 0.705 0.710 0.716 0.722 0.727 0.733 0.745 0.757 0.768 0.780 0.792 0.803 0.815 0.827 0.838 0.850 0.861 0.873 0.885 0.896 0.908 0.920 0.926 0.933 0.933 0.933 0.933 0.934 0.934 0.934 0.934 0.934 0.934 0.934 0.934 0.934 0.934 0.935 0.935 0.941 0.953 0.964 0.976 0.988 1.000 1.012 1.024 1.035 1.047 1.059 1.067 1.073 1.072 1.033 0.993 0.963 0.955 0.946 0.938 0.930 0.923 0.915 0.907 0.899 0.891 0.890 0.902 0.915 0.927 0.940
0.688 0.693 0.698 0.704 0.709 0.714 0.719 0.725 0.730 0.736 0.742 0.748 0.754 0.764 0.776 0.787 0.799 0.810 0.822 0.834 0.845 0.857 0.869 0.880 0.892 0.904 0.915 0.927 0.932 0.936 0.946 0.956 0.959 0.959 0.959 0.959 0.959 0.960 0.960 0.960 0.960 0.960 0.960 0.960 0.960 0.960 0.968 0.980 0.992 1.004 1.015 1.027 1.039 1.051 1.063 1.075 1.087 1.098 1.108 1.101 1.062 1.053 1.044 1.036 1.028 1.020 1.012 1.004 0.996 0.989 0.981 0.973 0.972 0.984 0.997 1.009 1.022
0.708 0.713 0.718 0.723 0.729 0.734 0.739 0.745 0.751 0.757 0.762 0.768 0.774 0.783 0.794 0.806 0.818 0.829 0.841 0.853 0.864 0.876 0.888 0.899 0.911 0.923 0.934 0.938 0.941 0.945 0.955 0.965 0.976 0.985 0.985 0.985 0.985 0.985 0.985 0.985 0.985 0.986 0.986 0.986 0.986 0.986 0.995 1.007 1.019 1.031 1.043 1.055 1.066 1.078 1.090 1.102 1.114 1.126 1.137 1.151 1.143 1.134 1.126 1.118 1.110 1.102 1.094 1.086 1.078 1.070 1.062 1.055 1.054 1.066 1.079 1.091 1.104
0.728 0.733 0.738 0.743 0.748 0.754 0.760 0.765 0.771 0.777 0.783 0.789 0.794 0.802 0.813 0.825 0.837 0.848 0.860 0.872 0.883 0.895 0.907 0.918 0.930 0.940 0.944 0.947 0.951 0.955 0.965 0.975 0.985 0.995 1.005 1.011 1.011 1.011 1.011 1.011 1.011 1.011 1.011 1.011 1.011 1.012 1.023 1.035 1.046 1.058 1.070 1.082 1.094 1.106 1.117 1.129 1.141 1.147 1.151 1.168 1.200 1.216 1.208 1.200 1.192 1.184 1.176 1.168 1.160 1.152 1.144 1.137 1.136 1.148 1.161 1.173 1.186
0.747 0.753 0.758 0.763 0.768 0.774 0.780 0.786 0.792 0.797 0.803 0.809 0.815 0.821 0.832 0.844 0.856 0.867 0.879 0.891 0.902 0.914 0.926 0.937 0.946 0.950 0.954 0.957 0.961 0.965 0.974 0.984 0.994 1.005 1.015 1.025 1.035 1.036 1.037 1.037 1.037 1.037 1.037 1.037 1.037 1.038 1.050 1.062 1.074 1.086 1.097 1.109 1.121 1.133 1.145 1.151 1.155 1.159 1.163 1.181 1.214 1.246 1.279 1.282 1.274 1.266 1.258 1.250 1.242 1.234 1.226 1.218 1.218 1.230 1.243 1.255 1.268
0.767 0.772 0.777 0.783 0.789 0.795 0.800 0.806 0.812 0.818 0.823 0.829 0.835 0.841 0.851 0.863 0.874 0.886 0.898 0.909 0.921 0.933 0.944 0.952 0.956 0.960 0.963 0.967 0.971 0.974 0.984 0.994 1.004 1.014 1.024 1.034 1.044 1.055 1.062 1.062 1.062 1.062 1.063 1.063 1.063 1.065 1.077 1.089 1.101 1.113 1.125 1.136 1.148 1.155 1.159 1.162 1.166 1.170 1.174 1.194 1.227 1.259 1.292 1.324 1.356 1.348 1.340 1.332 1.324 1.316 1.308 1.300 1.300 1.313 1.325 1.338 1.350
0.787 0.792 0.798 0.803 0.809 0.815 0.821 0.826 0.832 0.838 0.844 0.849 0.855 0.861 0.870 0.882 0.893 0.905 0.917 0.928 0.940 0.952 0.958 0.962 0.966 0.969 0.973 0.977 0.980 0.984 0.993 1.003 1.013 1.023 1.034 1.044 1.054 1.064 1.074 1.084 1.088 1.088 1.088 1.088 1.088 1.093 1.105 1.116 1.128 1.140 1.152 1.158 1.162 1.166 1.170 1.174 1.178 1.182 1.186 1.207 1.240 1.272 1.305 1.338 1.370 1.403 1.422 1.414 1.406 1.398 1.390 1.382 1.382 1.395 1.407 1.420 1.432
0.806 0.812 0.818 0.824 0.829 0.835 0.841 0.847 0.852 0.858 0.864 0.870 0.875 0.881 0.889 0.900 0.912 0.924 0.935 0.947 0.959 0.964 0.968 0.972 0.975 0.979 0.983 0.986 0.990 0.994 1.002 1.013 1.023 1.033 1.043 1.053 1.063 1.073 1.084 1.094 1.104 1.114 1.114 1.114 1.114 1.120 1.132 1.144 1.156 1.162 1.166 1.170 1.173 1.177 1.181 1.185 1.189 1.193 1.197 1.220 1.253 1.286 1.318 1.351 1.383 1.416 1.448 1.481 1.488 1.480 1.472 1.464 1.465 1.477 1.490 1.502 1.507
0.827 0.832 0.838 0.844 0.850 0.855 0.861 0.867 0.873 0.878 0.884 0.890 0.896 0.901 0.907 0.919 0.931 0.942 0.954 0.966 0.970 0.974 0.978 0.981 0.985 0.989 0.992 0.996 1.000 1.003 1.012 1.022 1.032 1.042 1.052 1.063 1.073 1.083 1.093 1.103 1.113 1.123 1.134 1.139 1.139 1.147 1.159 1.165 1.169 1.173 1.177 1.181 1.185 1.189 1.193 1.197 1.201 1.205 1.209 1.234 1.266 1.299 1.331 1.364 1.396 1.429 1.462 1.494 1.527 1.559 1.554 1.546 1.547 1.560 1.571 1.565 1.559
0.861 0.863 0.865 0.866 0.870 0.875 0.881 0.887 0.893 0.898 0.904 0.910 0.916 0.922 0.927 0.938 0.950 0.961 0.973 0.976 0.980 0.984 0.987 0.991 0.995 0.998 1.002 1.006 1.009 1.013 1.021 1.031 1.041 1.051 1.062 1.072 1.082 1.092 1.102 1.112 1.123 1.133 1.143 1.153 1.163 1.168 1.172 1.176 1.180 1.184 1.188 1.192 1.196 1.200 1.204 1.208 1.212 1.216 1.220 1.247 1.279 1.312 1.344 1.377 1.409 1.442 1.475 1.507 1.540 1.573 1.605 1.629 1.630 1.629 1.623 1.616 1.610
0.898 0.899 0.901 0.903 0.905 0.906 0.908 0.910 0.913 0.919 0.924 0.930 0.936 0.942 0.947 0.957 0.968 0.979 0.982 0.986 0.990 0.993 0.997 1.001 1.004 1.008 1.012 1.015 1.019 1.023 1.030 1.040 1.051 1.061 1.071 1.081 1.091 1.101 1.112 1.122 1.132 1.142 1.152 1.168 1.192 1.189 1.184 1.188 1.192 1.196 1.200 1.204 1.208 1.212 1.216 1.220 1.224 1.227 1.231 1.260 1.292 1.325 1.357 1.390 1.423 1.455 1.488 1.521 1.553 1.586 1.618 1.651 1.676 1.680 1.674 1.667 1.661
0.929 0.936 0.938 0.939 0.941 0.943 0.945 0.946 0.948 0.950 0.952 0.954 0.956 0.962 0.968 0.975 0.984 0.988 0.992 0.995 0.999 1.003 1.007 1.010 1.014 1.018 1.021 1.025 1.029 1.032 1.040 1.050 1.060 1.070 1.080 1.090 1.101 1.111 1.121 1.131 1.141 1.153 1.176 1.200 1.223 1.220 1.212 1.204 1.203 1.207 1.211 1.215 1.219 1.223 1.227 1.231 1.235 1.239 1.243 1.273 1.305 1.338 1.371 1.403 1.436 1.468 1.501 1.534 1.566 1.599 1.631 1.663 1.687 1.704 1.720 1.719 1.712
0.955 0.972 0.974 0.976 0.977 0.979 0.981 0.983 0.985 0.986 0.988 0.990 0.992 0.994 0.996 0.999 0.994 0.998 1.001 1.005 1.009 1.012 1.016 1.020 1.023 1.027 1.031 1.035 1.038 1.042 1.049 1.059 1.069 1.079 1.090 1.100 1.110 1.120 1.130 1.140 1.161 1.184 1.208 1.231 1.255 1.251 1.243 1.235 1.227 1.219 1.222 1.226 1.230 1.234 1.238 1.242 1.246 1.250 1.254 1.286 1.318 1.351 1.384 1.416 1.449 1.482 1.514 1.547 1.579 1.611 1.643 1.675 1.698 1.715 1.732 1.748 1.763
0.981 1.009 1.011 1.012 1.014 1.016 1.017 1.019 1.021 1.023 1.025 1.026 1.028 1.030 1.037 1.048 1.036 1.024 1.013 1.014 1.018 1.022 1.026 1.029 1.033 1.037 1.040 1.044 1.048 1.051 1.058 1.068 1.078 1.089 1.099 1.109 1.119 1.129 1.146 1.169 1.193 1.216 1.239 1.263 1.286 1.282 1.274 1.266 1.258 1.250 1.242 1.238 1.242 1.246 1.250 1.254 1.258 1.262 1.266 1.299 1.331 1.364 1.397 1.429 1.462 1.495 1.527 1.559 1.591 1.623 1.655 1.687 1.710 1.726 1.743 1.760 1.776
1.007 1.044 1.047 1.049 1.050 1.052 1.054 1.056 1.058 1.059 1.061 1.063 1.065 1.073 1.084 1.094 1.086 1.074 1.062 1.050 1.038 1.031 1.035 1.039 1.043 1.046 1.050 1.054 1.057 1.061 1.067 1.077 1.088 1.098 1.108 1.118 1.130 1.154 1.177 1.201 1.224 1.247 1.271 1.294 1.318 1.312 1.304 1.296 1.289 1.281 1.273 1.265 1.257 1.257 1.261 1.265 1.269 1.273 1.279 1.312 1.345 1.377 1.410 1.442 1.475 1.507 1.539 1.571 1.603 1.634 1.666 1.698 1.721 1.738 1.754 1.771 1.788
1.033 1.071 1.084 1.085 1.087 1.089 1.090 1.092 1.094 1.096 1.098 1.099 1.109 1.119 1.130 1.141 1.135 1.123 1.111 1.099 1.087 1.075 1.063 1.051 1.052 1.056 1.059 1.063 1.067 1.070 1.076 1.087 1.097 1.107 1.117 1.139 1.162 1.185 1.209 1.232 1.255 1.279 1.302 1.326 1.349 1.343 1.335 1.327 1.319 1.311 1.304 1.296 1.288 1.280 1.272 1.276 1.280 1.284 1.292 1.325 1.358 1.390 1.423 1.455 1.487 1.519 1.550 1.582 1.614 1.646 1.678 1.710 1.733 1.749 1.766 1.782 1.799
1.060 1.097 1.120 1.122 1.123 1.125 1.127 1.129 1.130 1.132 1.134 1.145 1.155 1.166 1.177 1.187 1.184 1.172 1.160 1.148 1.136 1.124 1.112 1.101 1.089 1.077 1.069 1.073 1.076 1.080 1.086 1.096 1.106 1.123 1.147 1.170 1.193 1.217 1.240 1.264 1.287 1.310 1.334 1.357 1.381 1.373 1.366 1.358 1.350 1.342 1.334 1.326 1.319 1.311 1.303 1.295 1.291 1.296 1.305 1.338 1.371 1.403 1.434 1.466 1.498 1.530 1.562 1.594 1.626 1.658 1.690 1.722 1.744 1.760 1.777 1.794 1.810
1.086 1.123 1.157 1.158 1.160 1.162 1.164 1.165 1.167 1.170 1.181 1.191 1.202 1.212 1.223 1.234 1.233 1.222 1.210 1.198 1.186 1.174 1.162 1.150 1.138 1.126 1.114 1.102 1.090 1.090 1.095 1.108 1.131 1.155 1.178 1.201 1.225 1.248 1.272 1.295 1.319 1.342 1.365 1.389 1.412 1.404 1.396 1.389 1.381 1.373 1.365 1.357 1.349 1.341 1.334 1.326 1.318 1.310 1.318 1.350 1.382 1.414 1.446 1.478 1.510 1.542 1.574 1.606 1.638 1.670 1.702 1.734 1.755 1.772 1.788 1.805 1.822
1.112 1.149 1.186 1.195 1.197 1.198 1.200 1.202 1.206 1.217 1.227 1.238 1.248 1.259 1.269 1.280 1.283 1.271 1.259 1.247 1.235 1.223 1.211 1.199 1.187 1.175 1.163 1.151 1.139 1.127 1.110 1.139 1.163 1.186 1.210 1.233 1.256 1.280 1.303 1.327 1.350 1.374 1.397 1.420 1.443 1.435 1.427 1.419 1.411 1.403 1.396 1.388 1.380 1.372 1.364 1.356 1.348 1.339 1.338 1.362 1.394 1.426 1.458 1.490 1.522 1.554 1.586 1.618 1.650 1.682 1.714 1.746 1.766 1.783 1.800 1.816 1.833
1.138 1.175 1.212 1.232 1.233 1.235 1.237 1.242 1.253 1.263 1.274 1.284 1.295 1.305 1.316 1.327 1.332 1.320 1.308 1.296 1.284 1.272 1.260 1.249 1.237 1.225 1.213 1.201 1.183 1.145 1.120 1.155 1.190 1.218 1.241 1.265 1.288 1.311 1.335 1.358 1.382 1.405 1.429 1.452 1.473 1.466 1.458 1.450 1.442 1.434 1.426 1.418 1.411 1.403 1.395 1.386 1.375 1.363 1.364 1.388 1.411 1.438 1.470 1.502 1.534 1.566 1.598 1.630 1.662 1.694 1.726 1.757 1.778 1.794 1.811 1.828 1.844
1.165 1.202 1.239 1.268 1.270 1.272 1.278 1.289 1.299 1.310 1.320 1.331 1.341 1.352 1.363 1.373 1.382 1.370 1.358 1.346 1.334 1.322 1.310 1.298 1.286 1.274 1.262 1.234 1.195 1.157 1.130 1.165 1.200 1.235 1.270 1.296 1.320 1.343 1.366 1.390 1.413 1.437 1.460 1.484 1.504 1.496 1.488 1.481 1.473 1.465 1.457 1.449 1.441 1.433 1.422 1.411 1.399 1.388 1.390 1.413 1.437 1.460 1.484 1.513 1.545 1.577 1.609 1.641 1.673 1.705 1.737 1.769 1.789 1.805 1.822 1.839 1.855
1.191 1.228 1.265 1.302 1.307 1.314 1.325 1.335 1.346 1.356 1.367 1.378 1.388 1.399 1.409 1.420 1.431 1.419 1.407 1.395 1.383 1.371 1.359 1.347 1.336 1.323 1.284 1.246 1.208 1.169 1.140 1.175 1.210 1.245 1.280 1.315 1.350 1.375 1.398 1.422 1.445 1.468 1.492 1.515 1.535 1.527 1.519 1.511 1.503 1.496 1.488 1.480 1.469 1.458 1.446 1.435 1.424 1.413 1.416 1.439 1.463 1.486 1.510 1.534 1.557 1.589 1.621 1.653 1.685 1.717 1.749 1.781 1.800 1.817 1.833 1.850 1.867
1.204 1.244 1.284 1.324 1.351 1.361 1.372 1.382 1.393 1.403 1.414 1.424 1.435 1.445 1.456 1.467 1.477 1.469 1.457 1.445 1.433 1.421 1.409 1.397 1.373 1.335 1.296 1.258 1.220 1.181 1.150 1.185 1.220 1.255 1.290 1.325 1.360 1.395 1.430 1.453 1.477 1.500 1.523 1.547 1.566 1.558 1.550 1.542 1.534 1.526 1.516 1.505 1.494 1.482 1.471 1.460 1.448 1.437 1.442 1.465 1.489 1.512 1.536 1.559 1.583 1.607 1.633 1.665 1.697 1.729 1.761 1.793 1.811 1.828 1.845 1.861 1.878
1.210 1.250 1.291 1.320 1.349 1.379 1.409 1.429 1.439 1.450 1.460 1.471 1.481 1.492 1.503 1.513 1.524 1.518 1.506 1.494 1.482 1.470 1.458 1.424 1.385 1.347 1.308 1.270 1.232 1.193 1.160 1.195 1.230 1.265 1.300 1.335 1.370 1.406 1.441 1.476 1.508 1.532 1.555 1.579 1.596 1.588 1.581 1.573 1.563 1.552 1.541 1.530 1.518 1.507 1.496 1.484 1.473 1.462 1.468 1.491 1.515 1.538 1.562 1.585 1.609 1.632 1.656 1.680 1.709 1.741 1.773 1.805 1.823 1.839 1.856 1.874 1.895
1.217 1.257 1.286 1.314 1.343 1.373 1.403 1.433 1.463 1.493 1.507 1.518 1.528 1.539 1.549 1.560 1.570 1.568 1.556 1.544 1.532 1.512 1.474 1.436 1.397 1.359 1.321 1.282 1.244 1.205 1.170 1.205 1.240 1.275 1.310 1.345 1.380 1.416 1.451 1.486 1.521 1.556 1.587 1.610 1.627 1.619 1.611 1.599 1.588 1.577 1.566 1.554 1.543 1.532 1.520 1.509 1.498 1.486 1.493 1.517 1.540 1.564 1.588 1.611 1.635 1.658 1.682 1.705 1.729 1.753 1.784 1.816 1.834 1.850 1.872 1.894 1.916
1.223 1.251 1.280 1.308 1.337 1.367 1.397 1.427 1.457 1.487 1.517 1.547 1.575 1.585 1.596 1.606 1.617 1.617 1.605 1.593 1.563 1.524 1.486 1.448 1.409 1.371 1.333 1.294 1.256 1.217 1.180 1.215 1.250 1.285 1.320 1.355 1.390 1.426 1.461 1.496 1.531 1.566 1.601 1.636 1.658 1.647 1.635 1.624 1.613 1.601 1.590 1.579 1.568 1.556 1.545 1.534 1.522 1.511 1.519 1.543 1.566 1.590 1.613 1.637 1.661 1.684 1.708 1.731 1.755 1.778 1.802 1.828 1.849 1.870 1.892 1.914 1.936
1.217 1.245 1.273 1.302 1.330 1.360 1.390 1.420 1.450 1.480 1.510 1.540 1.571 1.601 1.631 1.653 1.664 1.667 1.652 1.613 1.575 1.537 1.498 1.460 1.421 1.383 1.345 1.306 1.268 1.229 1.191 1.225 1.260 1.295 1.330 1.365 1.400 1.436 1.471 1.506 1.541 1.576 1.611 1.642 1.663 1.668 1.660 1.649 1.637 1.626 1.615 1.603 1.592 1.581 1.570 1.558 1.547 1.536 1.545 1.569 1.592 1.616 1.639 1.663 1.687 1.710 1.734 1.757 1.781 1.804 1.827 1.847 1.869 1.891 1.913 1.935 1.956
