includes/camargue/floodfiles/results/res-0010.wdfp
ncols         906
nrows         631
xllcorner     362177.146667
yllcorner     6534725.688020
cellsize      20.000000
NODATA_value  -9999.000000
[rows 442 to 475 of 631, columns 770 to 846 of 906]
0.008 0.008 0.008 0.008 0.008 0.009 0.010 0.026 0.071 0.129 0.185 0.240 0.295 0.350 0.405 0.460 0.516 0.571 0.621 0.671 0.722 0.773 0.824 0.875 0.927 0.980 1.032 1.084 1.136 1.188 1.241 1.303 1.380 1.457 1.533 1.610 1.686 1.780 1.895 2.010 2.126 2.241 2.342 2.434 2.526 2.618 2.710 2.802 2.894 2.986 3.079 3.171 3.258 3.343 3.428 3.513 3.598 3.683 3.768 3.884 4.075 4.266 4.457 4.649 4.840 5.031 5.222 5.464 5.719 5.973 6.228 6.482 6.737 6.992 7.245 7.500 7.755
0.008 0.008 0.008 0.008 0.009 0.009 0.018 0.055 0.111 0.171 0.227 0.282 0.337 0.392 0.447 0.503 0.558 0.614 0.669 0.721 0.772 0.823 0.874 0.926 0.978 1.030 1.083 1.135 1.187 1.253 1.330 1.407 1.483 1.560 1.637 1.713 1.790 1.888 2.003 2.119 2.234 2.349 2.464 2.577 2.670 2.762 2.854 2.946 3.038 3.130 3.222 3.314 3.402 3.487 3.572 3.657 3.742 3.828 3.942 4.133 4.324 4.515 4.706 4.897 5.088 5.279 5.470 5.692 5.947 6.201 6.456 6.710 6.965 7.219 7.474 7.728 7.955
0.008 0.008 0.008 0.008 0.009 0.013 0.040 0.094 0.153 0.214 0.269 0.324 0.379 0.434 0.490 0.545 0.601 0.656 0.712 0.768 0.823 0.874 0.925 0.977 1.029 1.081 1.133 1.203 1.280 1.356 1.433 1.510 1.587 1.663 1.740 1.817 1.893 1.997 2.112 2.227 2.343 2.458 2.573 2.689 2.804 2.905 2.997 3.089 3.181 3.274 3.366 3.458 3.546 3.631 3.716 3.801 3.887 3.999 4.190 4.381 4.573 4.764 4.955 5.146 5.337 5.528 5.719 5.921 6.175 6.430 6.684 6.939 7.193 7.448 7.702 7.941 8.126
0.008 0.008 0.008 0.009 0.011 0.028 0.077 0.135 0.195 0.256 0.311 0.366 0.421 0.476 0.532 0.588 0.643 0.699 0.755 0.811 0.867 0.924 0.976 1.028 1.080 1.153 1.230 1.306 1.383 1.460 1.537 1.613 1.690 1.767 1.844 1.920 1.997 2.105 2.220 2.336 2.451 2.566 2.682 2.797 2.912 3.028 3.141 3.233 3.325 3.417 3.509 3.601 3.690 3.775 3.860 3.946 4.057 4.248 4.439 4.630 4.821 5.012 5.203 5.395 5.586 5.777 5.968 6.159 6.404 6.658 6.913 7.167 7.422 7.676 7.928 8.113 8.298
0.008 0.008 0.009 0.009 0.019 0.060 0.117 0.177 0.237 0.297 0.352 0.408 0.463 0.519 0.574 0.630 0.685 0.741 0.798 0.854 0.910 0.967 1.023 1.103 1.180 1.256 1.333 1.410 1.487 1.564 1.640 1.717 1.794 1.870 1.947 2.024 2.101 2.213 2.329 2.444 2.560 2.675 2.790 2.906 3.021 3.136 3.252 3.367 3.469 3.561 3.653 3.745 3.834 3.920 4.005 4.114 4.305 4.496 4.688 4.879 5.070 5.261 5.452 5.643 5.834 6.025 6.216 6.408 6.632 6.886 7.141 7.395 7.650 7.905 8.099 8.284 8.469
0.008 0.008 0.009 0.013 0.044 0.100 0.159 0.219 0.279 0.339 0.394 0.450 0.505 0.561 0.616 0.672 0.728 0.784 0.840 0.897 0.956 1.042 1.129 1.207 1.283 1.360 1.437 1.513 1.590 1.667 1.744 1.820 1.897 1.974 2.051 2.127 2.207 2.322 2.437 2.553 2.668 2.783 2.899 3.014 3.130 3.245 3.360 3.476 3.591 3.704 3.796 3.889 3.979 4.064 4.172 4.363 4.554 4.745 4.936 5.127 5.319 5.510 5.701 5.892 6.083 6.274 6.465 6.656 6.860 7.115 7.369 7.624 7.879 8.086 8.270 8.455 8.640
0.007 0.008 0.010 0.030 0.081 0.141 0.201 0.261 0.321 0.381 0.436 0.492 0.547 0.603 0.659 0.714 0.771 0.827 0.888 0.975 1.062 1.149 1.236 1.313 1.388 1.464 1.540 1.617 1.694 1.771 1.847 1.924 2.000 2.077 2.154 2.231 2.315 2.430 2.546 2.661 2.777 2.892 3.008 3.123 3.238 3.354 3.469 3.584 3.700 3.815 3.931 4.032 4.123 4.229 4.420 4.611 4.802 4.994 5.185 5.376 5.567 5.758 5.949 6.140 6.331 6.523 6.714 6.905 7.096 7.343 7.598 7.853 8.073 8.257 8.442 8.627 8.812
0.007 0.008 0.019 0.063 0.122 0.182 0.242 0.303 0.363 0.423 0.478 0.534 0.589 0.645 0.701 0.757 0.821 0.908 0.994 1.081 1.169 1.256 1.342 1.418 1.493 1.569 1.644 1.720 1.797 1.874 1.951 2.027 2.104 2.181 2.258 2.335 2.424 2.539 2.654 2.770 2.885 3.001 3.116 3.232 3.347 3.462 3.578 3.693 3.808 3.924 4.039 4.155 4.286 4.478 4.669 4.860 5.051 5.242 5.433 5.625 5.816 6.007 6.198 6.389 6.580 6.771 6.963 7.154 7.345 7.572 7.826 8.058 8.243 8.428 8.613 8.798 8.983
0.008 0.018 0.054 0.105 0.163 0.223 0.284 0.345 0.406 0.465 0.520 0.576 0.631 0.687 0.754 0.840 0.927 1.014 1.101 1.188 1.275 1.362 1.447 1.523 1.598 1.674 1.749 1.825 1.901 1.978 2.054 2.131 2.208 2.285 2.361 2.438 2.532 2.647 2.763 2.878 2.994 3.109 3.225 3.340 3.456 3.571 3.686 3.802 3.917 4.032 4.210 4.393 4.549 4.710 4.903 5.096 5.289 5.483 5.676 5.869 6.063 6.255 6.447 6.638 6.829 7.020 7.212 7.403 7.594 7.799 8.045 8.230 8.415 8.600 8.785 8.970 9.155
0.018 0.055 0.107 0.160 0.214 0.268 0.326 0.387 0.448 0.506 0.562 0.618 0.686 0.773 0.860 0.947 1.034 1.121 1.208 1.295 1.382 1.469 1.552 1.628 1.703 1.779 1.855 1.930 2.006 2.081 2.158 2.235 2.311 2.388 2.465 2.542 2.641 2.756 2.872 2.987 3.102 3.218 3.333 3.449 3.564 3.680 3.795 3.949 4.132 4.316 4.499 4.682 4.819 4.946 5.133 5.326 5.520 5.713 5.906 6.099 6.293 6.486 6.680 6.873 7.066 7.260 7.453 7.646 7.839 8.033 8.216 8.401 8.587 8.772 8.957 9.142 9.327
0.057 0.109 0.162 0.216 0.270 0.324 0.378 0.432 0.490 0.548 0.620 0.706 0.793 0.879 0.966 1.053 1.140 1.227 1.314 1.401 1.488 1.575 1.657 1.733 1.808 1.884 1.960 2.035 2.111 2.186 2.262 2.338 2.415 2.492 2.569 2.645 2.749 2.865 2.980 3.096 3.211 3.327 3.442 3.557 3.688 3.871 4.055 4.238 4.421 4.605 4.788 4.963 5.090 5.217 5.363 5.556 5.750 5.943 6.136 6.330 6.523 6.716 6.910 7.104 7.296 7.489 7.683 7.876 8.070 8.187 8.306 8.502 8.697 8.893 9.089 9.284 9.480
0.110 0.164 0.217 0.271 0.326 0.380 0.435 0.489 0.551 0.638 0.725 0.812 0.899 0.986 1.073 1.160 1.247 1.334 1.421 1.508 1.595 1.682 1.762 1.838 1.914 1.989 2.065 2.140 2.216 2.292 2.367 2.443 2.519 2.595 2.672 2.749 2.858 2.973 3.089 3.204 3.320 3.435 3.610 3.794 3.977 4.161 4.344 4.527 4.711 4.894 5.078 5.234 5.361 5.488 5.615 5.787 5.980 6.173 6.367 6.560 6.753 6.946 7.140 7.333 7.526 7.720 7.913 8.107 8.275 8.334 8.393 8.584 8.780 8.974 9.170 9.366 9.562
0.166 0.219 0.273 0.328 0.382 0.437 0.491 0.566 0.642 0.731 0.827 0.918 1.005 1.092 1.179 1.266 1.353 1.440 1.528 1.615 1.702 1.789 1.868 1.943 2.019 2.094 2.170 2.246 2.321 2.397 2.472 2.548 2.624 2.699 2.776 2.853 2.966 3.082 3.197 3.349 3.533 3.716 3.900 4.083 4.267 4.450 4.633 4.817 5.000 5.184 5.367 5.505 5.632 5.759 5.886 6.017 6.210 6.403 6.597 6.790 6.983 7.177 7.370 7.564 7.757 7.950 8.144 8.337 8.422 8.481 8.539 8.665 8.861 9.057 9.252 9.448 9.644
0.221 0.275 0.330 0.384 0.439 0.507 0.582 0.658 0.733 0.825 0.921 1.017 1.112 1.199 1.286 1.373 1.460 1.547 1.634 1.721 1.808 1.896 1.973 2.048 2.124 2.200 2.275 2.351 2.426 2.502 2.578 2.653 2.729 2.805 2.880 2.959 3.088 3.271 3.455 3.638 3.822 4.005 4.189 4.372 4.556 4.739 4.923 5.106 5.290 5.473 5.648 5.775 5.902 6.029 6.156 6.283 6.440 6.634 6.827 7.020 7.214 7.407 7.601 7.794 7.988 8.181 8.373 8.509 8.568 8.627 8.686 8.747 8.943 9.139 9.335 9.530 9.726
0.277 0.332 0.386 0.447 0.522 0.598 0.673 0.749 0.825 0.919 1.015 1.111 1.207 1.303 1.393 1.480 1.567 1.654 1.741 1.828 1.915 2.002 2.078 2.154 2.229 2.305 2.380 2.456 2.532 2.607 2.683 2.759 2.834 2.910 3.038 3.194 3.377 3.561 3.744 3.928 4.111 4.295 4.478 4.662 4.845 5.029 5.212 5.396 5.579 5.763 5.919 6.046 6.173 6.300 6.427 6.554 6.681 6.864 7.058 7.251 7.444 7.638 7.831 8.024 8.217 8.410 8.597 8.656 8.715 8.774 8.833 8.891 9.025 9.221 9.417 9.613 9.808
0.334 0.388 0.462 0.538 0.613 0.689 0.765 0.841 0.917 1.013 1.109 1.205 1.301 1.398 1.494 1.586 1.673 1.761 1.848 1.935 2.022 2.108 2.183 2.259 2.334 2.410 2.486 2.561 2.637 2.713 2.788 2.881 3.028 3.174 3.321 3.485 3.667 3.850 4.034 4.217 4.401 4.584 4.767 4.951 5.134 5.318 5.501 5.685 5.868 6.052 6.190 6.317 6.444 6.571 6.698 6.825 6.951 7.094 7.287 7.480 7.674 7.867 8.061 8.254 8.448 8.641 8.744 8.803 8.862 8.921 8.979 9.038 9.107 9.303 9.498 9.694 9.889
0.402 0.477 0.553 0.629 0.705 0.781 0.857 0.933 1.011 1.107 1.203 1.299 1.396 1.492 1.588 1.684 1.780 1.867 1.955 2.042 2.129 2.213 2.288 2.364 2.440 2.515 2.591 2.667 2.742 2.870 3.017 3.163 3.310 3.457 3.604 3.775 3.957 4.140 4.323 4.506 4.690 4.873 5.057 5.240 5.424 5.607 5.791 5.974 6.158 6.334 6.461 6.588 6.715 6.842 6.968 7.096 7.223 7.350 7.518 7.711 7.904 8.098 8.291 8.485 8.678 8.833 8.891 8.950 9.009 9.068 9.125 9.184 9.243 9.384 9.580 9.776 9.972
0.493 0.569 0.645 0.721 0.797 0.873 0.949 1.025 1.105 1.201 1.298 1.394 1.490 1.586 1.682 1.779 1.875 1.971 2.061 2.148 2.236 2.318 2.394 2.469 2.545 2.620 2.713 2.860 3.006 3.153 3.299 3.446 3.593 3.739 3.886 4.065 4.248 4.430 4.613 4.796 4.979 5.163 5.346 5.530 5.713 5.897 6.080 6.264 6.447 6.604 6.731 6.858 6.986 7.113 7.240 7.367 7.494 7.621 7.748 7.942 8.135 8.328 8.522 8.715 8.909 8.978 9.037 9.096 9.155 9.214 9.272 9.331 9.390 9.467 9.662 9.858 10.054
0.584 0.660 0.736 0.812 0.888 0.964 1.041 1.117 1.199 1.296 1.392 1.488 1.584 1.680 1.777 1.873 1.969 2.066 2.162 2.255 2.342 2.423 2.499 2.574 2.702 2.849 2.995 3.142 3.289 3.435 3.582 3.729 3.875 4.022 4.173 4.355 4.538 4.721 4.903 5.086 5.268 5.452 5.636 5.819 6.003 6.186 6.370 6.553 6.737 6.875 7.003 7.130 7.257 7.384 7.511 7.638 7.765 7.892 8.019 8.172 8.364 8.558 8.751 8.945 9.067 9.125 9.184 9.243 9.302 9.361 9.419 9.478 9.537 9.596 9.744 9.940 10.136
0.671 0.752 0.828 0.904 0.980 1.056 1.132 1.208 1.294 1.390 1.486 1.582 1.679 1.775 1.871 1.967 2.063 2.160 2.256 2.352 2.449 2.545 2.691 2.838 2.985 3.131 3.278 3.425 3.571 3.718 3.865 4.011 4.158 4.305 4.463 4.646 4.828 5.011 5.193 5.376 5.559 5.741 5.925 6.109 6.292 6.476 6.659 6.843 7.019 7.146 7.273 7.400 7.527 7.654 7.781 7.908 8.035 8.162 8.289 8.416 8.595 8.788 8.982 9.155 9.214 9.272 9.331 9.390 9.449 9.508 9.566 9.625 9.684 9.743 9.826 10.021 10.217
0.732 0.834 0.920 0.996 1.072 1.148 1.224 1.300 1.388 1.484 1.580 1.677 1.773 1.869 1.965 2.062 2.158 2.254 2.350 2.477 2.617 2.813 2.974 3.120 3.267 3.414 3.561 3.707 3.854 4.001 4.147 4.294 4.441 4.587 4.754 4.936 5.119 5.301 5.484 5.666 5.849 6.032 6.214 6.398 6.581 6.765 6.949 7.132 7.290 7.417 7.544 7.671 7.798 7.925 8.052 8.179 8.306 8.433 8.560 8.687 8.825 9.019 9.212 9.302 9.361 9.419 9.478 9.537 9.596 9.653 9.712 9.771 9.830 9.889 9.947 10.104 10.299
0.793 0.895 0.997 1.088 1.164 1.240 1.316 1.392 1.482 1.578 1.675 1.771 1.867 1.963 2.060 2.156 2.258 2.398 2.538 2.678 2.821 3.027 3.233 3.403 3.550 3.696 3.843 3.990 4.136 4.283 4.430 4.577 4.723 4.870 5.044 5.227 5.409 5.592 5.774 5.957 6.139 6.322 6.505 6.687 6.871 7.055 7.238 7.422 7.561 7.688 7.815 7.942 8.069 8.196 8.323 8.450 8.577 8.704 8.831 8.958 9.085 9.249 9.390 9.449 9.506 9.565 9.624 9.683 9.742 9.800 9.859 9.918 9.977 10.036 10.094 10.186 10.382
0.854 0.956 1.058 1.160 1.256 1.332 1.408 1.485 1.576 1.673 1.769 1.865 1.962 2.058 2.179 2.319 2.459 2.599 2.739 2.879 3.035 3.240 3.446 3.652 3.832 3.979 4.126 4.272 4.419 4.566 4.712 4.859 5.006 5.153 5.334 5.517 5.699 5.882 6.065 6.247 6.430 6.612 6.795 6.977 7.160 7.344 7.527 7.704 7.831 7.958 8.085 8.212 8.339 8.466 8.593 8.720 8.847 8.974 9.102 9.229 9.356 9.470 9.531 9.594 9.653 9.712 9.771 9.830 9.889 9.947 10.006 10.065 10.124 10.183 10.241 10.300 10.397
0.914 1.016 1.118 1.221 1.323 1.424 1.500 1.577 1.671 1.767 1.863 1.961 2.101 2.240 2.380 2.520 2.660 2.800 2.940 3.080 3.248 3.454 3.660 3.866 4.072 4.262 4.408 4.555 4.702 4.848 4.995 5.142 5.289 5.442 5.625 5.807 5.990 6.172 6.355 6.538 6.720 6.903 7.086 7.268 7.451 7.633 7.817 7.975 8.102 8.229 8.356 8.483 8.610 8.737 8.864 8.958 9.049 9.140 9.231 9.322 9.414 9.473 9.507 9.571 9.634 9.698 9.761 9.825 9.888 9.952 10.016 10.079 10.143 10.206 10.270 10.332 10.341
0.975 1.077 1.179 1.281 1.384 1.486 1.588 1.669 1.765 1.882 2.022 2.162 2.301 2.441 2.581 2.721 2.861 3.001 3.141 3.281 3.462 3.668 3.874 4.080 4.286 4.492 4.691 4.838 4.984 5.131 5.278 5.425 5.571 5.732 5.915 6.098 6.280 6.463 6.646 6.828 7.011 7.194 7.376 7.559 7.742 7.924 8.107 8.246 8.354 8.446 8.537 8.628 8.719 8.810 8.901 8.993 9.084 9.175 9.266 9.357 9.448 9.477 9.495 9.547 9.611 9.674 9.738 9.800 9.864 9.927 9.991 10.054 10.118 10.182 10.245 10.273 10.279
1.036 1.138 1.240 1.342 1.445 1.547 1.651 1.777 1.943 2.083 2.223 2.362 2.502 2.642 2.782 2.922 3.062 3.202 3.342 3.482 3.676 3.882 4.088 4.294 4.500 4.706 4.912 5.118 5.267 5.414 5.561 5.707 5.854 6.023 6.205 6.388 6.571 6.753 6.936 7.118 7.301 7.484 7.666 7.849 8.005 8.112 8.216 8.297 8.388 8.479 8.570 8.662 8.753 8.844 8.935 9.026 9.117 9.209 9.300 9.391 9.461 9.479 9.497 9.522 9.586 9.650 9.713 9.777 9.840 9.904 9.967 10.031 10.094 10.158 10.207 10.214 10.221
1.097 1.199 1.301 1.408 1.520 1.632 1.744 1.895 2.108 2.284 2.424 2.564 2.703 2.843 2.983 3.123 3.263 3.403 3.543 3.683 3.889 4.095 4.301 4.507 4.713 4.919 5.125 5.331 5.538 5.697 5.843 5.990 6.137 6.313 6.496 6.678 6.861 7.044 7.227 7.409 7.592 7.739 7.846 7.952 8.058 8.164 8.261 8.340 8.423 8.514 8.605 8.696 8.788 8.879 8.970 9.061 9.152 9.243 9.334 9.426 9.465 9.483 9.500 9.518 9.562 9.626 9.689 9.753 9.817 9.880 9.944 10.007 10.071 10.134 10.149 10.155 10.162
1.164 1.276 1.389 1.501 1.613 1.725 1.837 2.012 2.226 2.439 2.624 2.764 2.904 3.044 3.184 3.324 3.464 3.604 3.744 3.897 4.103 4.309 4.515 4.721 4.927 5.133 5.339 5.545 5.751 5.957 6.126 6.273 6.421 6.604 6.786 6.969 7.151 7.334 7.472 7.579 7.685 7.791 7.898 8.005 8.111 8.217 8.307 8.385 8.464 8.549 8.640 8.731 8.822 8.913 9.005 9.096 9.187 9.278 9.369 9.451 9.468 9.486 9.504 9.522 9.539 9.602 9.666 9.729 9.793 9.856 9.920 9.984 10.046 10.082 10.089 10.095 10.102
1.257 1.369 1.482 1.594 1.706 1.818 1.931 2.130 2.343 2.557 2.770 2.965 3.105 3.245 3.385 3.525 3.665 3.805 3.945 4.111 4.317 4.523 4.729 4.935 5.141 5.347 5.553 5.759 5.965 6.171 6.377 6.556 6.711 6.894 7.077 7.206 7.313 7.419 7.525 7.631 7.738 7.844 7.950 8.056 8.162 8.269 8.351 8.429 8.508 8.587 8.674 8.765 8.856 8.948 9.039 9.130 9.221 9.312 9.403 9.453 9.471 9.489 9.506 9.524 9.542 9.578 9.641 9.705 9.768 9.832 9.895 9.959 10.017 10.023 10.030 10.036 10.043
1.351 1.463 1.575 1.687 1.799 1.912 2.034 2.247 2.461 2.674 2.888 3.102 3.306 3.446 3.586 3.726 3.866 4.006 4.146 4.324 4.531 4.737 4.943 5.149 5.355 5.561 5.767 5.973 6.179 6.385 6.591 6.797 6.939 7.046 7.152 7.258 7.364 7.472 7.578 7.684 7.790 7.896 8.003 8.109 8.215 8.317 8.396 8.475 8.553 8.632 8.711 8.800 8.891 8.982 9.073 9.164 9.255 9.346 9.438 9.457 9.474 9.492 9.510 9.528 9.545 9.563 9.618 9.681 9.745 9.808 9.872 9.935 9.958 9.964 9.971 9.977 9.984
1.444 1.556 1.668 1.780 1.893 2.005 2.151 2.365 2.579 2.792 3.006 3.219 3.433 3.646 3.787 3.927 4.067 4.207 4.347 4.538 4.744 4.950 5.156 5.362 5.568 5.774 5.981 6.187 6.393 6.585 6.765 6.946 7.035 7.098 7.204 7.311 7.417 7.523 7.629 7.736 7.842 7.948 8.054 8.161 8.268 8.362 8.441 8.520 8.599 8.677 8.756 8.835 8.925 9.017 9.108 9.199 9.290 9.381 9.442 9.460 9.478 9.496 9.513 9.531 9.549 9.567 9.594 9.658 9.721 9.785 9.848 9.892 9.899 9.905 9.912 9.919 9.924
1.537 1.649 1.761 1.874 1.986 2.098 2.269 2.483 2.696 2.910 3.123 3.337 3.550 3.764 3.978 4.128 4.268 4.408 4.548 4.752 4.958 5.164 5.370 5.576 5.782 5.988 6.186 6.366 6.547 6.728 6.909 7.090 7.150 7.198 7.257 7.363 7.470 7.576 7.682 7.788 7.895 8.001 8.107 8.213 8.320 8.407 8.485 8.564 8.643 8.722 8.800 8.879 8.959 9.050 9.142 9.233 9.324 9.415 9.445 9.463 9.480 9.498 9.516 9.534 9.551 9.569 9.587 9.633 9.696 9.760 9.824 9.832 9.839 9.845 9.852 9.859 9.865
1.630 1.742 1.855 1.967 2.079 2.191 2.386 2.600 2.814 3.027 3.241 3.455 3.668 3.882 4.095 4.309 4.469 4.609 4.760 4.966 5.172 5.378 5.584 5.787 5.967 6.148 6.329 6.510 6.691 6.872 7.053 7.216 7.263 7.311 7.359 7.415 7.521 7.628 7.734 7.841 7.947 8.054 8.160 8.266 8.372 8.452 8.531 8.609 8.688 8.767 8.845 8.924 9.003 9.085 9.176 9.267 9.359 9.431 9.448 9.466 9.484 9.502 9.519 9.537 9.555 9.573 9.590 9.609 9.673 9.736 9.767 9.773 9.780 9.787 9.793 9.800 9.806
1.723 1.836 1.948 2.060 2.172 2.290 2.504 2.718 2.931 3.145 3.359 3.572 3.786 3.999 4.213 4.427 4.640 4.810 4.973 5.179 5.385 5.568 5.749 5.930 6.111 6.292 6.473 6.654 6.835 7.016 7.197 7.330 7.378 7.426 7.473 7.521 7.574 7.680 7.787 7.893 7.999 8.105 8.211 8.318 8.417 8.497 8.576 8.655 8.733 8.812 8.891 8.969 9.048 9.127 9.211 9.302 9.393 9.434 9.452 9.470 9.487 9.505 9.523 9.541 9.558 9.576 9.594 9.612 9.649 9.701 9.708 9.715 9.721 9.728 9.734 9.741 9.747
