includes/camargue/floodfiles/results/res-0004.wd
ncols         906
nrows         631
xllcorner     362177.146667
yllcorner     6534725.688020
cellsize      20.000000
NODATA_value  -9999.000000
[rows 578 to 611 of 631, columns 308 to 384 of 906]
7.970 7.930 7.890 7.850 7.810 7.770 7.730 7.761 7.815 7.869 7.924 8.005 8.219 8.432 8.646 8.859 9.073 9.286 9.500 9.545 9.558 9.570 9.583 9.596 9.609 9.622 9.635 9.648 9.555 9.436 9.318 9.199 9.081 8.926 8.766 8.607 8.447 8.287 8.127 7.967 7.807 7.647 7.488 7.328 7.168 7.008 6.848 6.689 6.538 6.443 6.390 6.599 6.809 7.019 7.167 7.260 7.353 7.446 7.540 7.633 7.726 7.819 7.912 8.005 8.098 8.191 8.261 8.215 8.168 8.122 8.075 8.029 7.982 7.936 7.889 7.842 7.791
7.930 7.890 7.851 7.811 7.771 7.731 7.691 7.685 7.739 7.793 7.848 8.047 8.260 8.473 8.687 8.900 9.114 9.327 9.541 9.661 9.674 9.687 9.699 9.712 9.725 9.738 9.751 9.664 9.545 9.427 9.308 9.190 9.071 8.928 8.769 8.609 8.449 8.289 8.129 7.969 7.809 7.650 7.490 7.330 7.170 7.010 6.851 6.692 6.597 6.502 6.406 6.575 6.785 6.994 7.204 7.414 7.603 7.696 7.789 7.882 7.975 8.068 8.161 8.254 8.347 8.440 8.522 8.475 8.429 8.382 8.336 8.289 8.243 8.196 8.150 7.926 7.657
7.891 7.851 7.811 7.771 7.731 7.691 7.651 7.611 7.663 7.717 7.874 8.088 8.301 8.515 8.728 8.942 9.155 9.368 9.582 9.777 9.790 9.803 9.815 9.828 9.841 9.854 9.773 9.654 9.535 9.417 9.299 9.180 9.062 8.931 8.771 8.611 8.451 8.291 8.131 7.971 7.811 7.652 7.492 7.332 7.172 7.012 6.853 6.751 6.656 6.560 6.465 6.551 6.760 6.970 7.180 7.389 7.599 7.809 8.019 8.131 8.224 8.317 8.410 8.503 8.597 8.690 8.783 8.736 8.690 8.643 8.597 8.550 8.504 8.330 8.062 7.793 7.524
7.849 7.810 7.771 7.731 7.691 7.651 7.611 7.571 7.587 7.701 7.915 8.129 8.342 8.556 8.769 8.983 9.196 9.410 9.623 9.837 9.906 9.919 9.931 9.944 9.957 9.881 9.763 9.644 9.526 9.407 9.289 9.170 9.052 8.933 8.773 8.613 8.453 8.293 8.133 7.973 7.814 7.654 7.494 7.334 7.174 7.015 6.905 6.810 6.714 6.619 6.524 6.527 6.736 6.946 7.156 7.365 7.575 7.785 7.994 8.204 8.413 8.566 8.660 8.753 8.846 8.939 9.032 8.997 8.951 8.904 8.858 8.735 8.466 8.197 7.928 7.659 7.391
7.807 7.768 7.729 7.689 7.650 7.610 7.571 7.531 7.529 7.742 7.956 8.170 8.383 8.597 8.810 9.024 9.237 9.450 9.664 9.878 10.022 10.035 10.047 10.060 9.990 9.872 9.753 9.635 9.516 9.398 9.279 9.161 9.042 8.924 8.775 8.615 8.455 8.295 8.135 7.976 7.816 7.656 7.496 7.336 7.177 7.059 6.964 6.868 6.773 6.678 6.583 6.502 6.712 6.922 7.131 7.341 7.551 7.760 7.970 8.180 8.389 8.599 8.808 9.002 9.095 9.188 9.281 9.258 9.212 9.139 8.870 8.601 8.333 8.064 7.795 7.526 7.257
7.765 7.726 7.686 7.647 7.608 7.568 7.529 7.489 7.489 7.683 7.928 8.173 8.419 8.638 8.851 9.065 9.278 9.492 9.705 9.919 10.132 10.151 10.163 10.099 9.980 9.862 9.743 9.625 9.506 9.388 9.269 9.151 9.032 8.914 8.777 8.617 8.457 8.297 8.137 7.978 7.818 7.658 7.498 7.338 7.213 7.118 7.022 6.927 6.832 6.737 6.641 6.546 6.688 6.897 7.107 7.317 7.526 7.736 7.946 8.155 8.365 8.575 8.784 8.994 9.203 9.413 9.530 9.519 9.274 9.006 8.737 8.468 8.199 7.931 7.662 7.393 7.124
7.723 7.684 7.644 7.605 7.565 7.526 7.486 7.470 7.480 7.573 7.818 8.063 8.309 8.554 8.799 9.044 9.290 9.533 9.746 9.960 10.173 10.267 10.207 10.089 9.971 9.852 9.734 9.615 9.497 9.378 9.260 9.141 9.023 8.904 8.779 8.619 8.459 8.299 8.140 7.980 7.820 7.660 7.500 7.367 7.272 7.176 7.081 6.986 6.891 6.795 6.700 6.605 6.664 6.873 7.083 7.292 7.502 7.712 7.921 8.131 8.341 8.550 8.760 8.970 9.179 9.389 9.611 9.469 9.141 8.872 8.603 8.335 8.066 7.797 7.528 7.260 6.991
7.681 7.642 7.602 7.563 7.523 7.484 7.452 7.462 7.471 7.480 7.708 7.954 8.199 8.444 8.689 8.935 9.180 9.425 9.670 9.915 10.161 10.300 10.198 10.079 9.961 9.842 9.724 9.605 9.487 9.368 9.250 9.131 9.013 8.895 8.776 8.621 8.461 8.301 8.142 7.982 7.822 7.662 7.521 7.426 7.330 7.235 7.140 7.045 6.949 6.854 6.759 6.664 6.639 6.849 7.059 7.268 7.478 7.688 7.897 8.107 8.317 8.526 8.736 8.945 9.155 9.381 9.630 9.634 9.223 8.812 8.470 8.201 7.933 7.664 7.395 7.126 6.857
7.639 7.599 7.560 7.521 7.481 7.442 7.443 7.453 7.462 7.471 7.598 7.844 8.089 8.334 8.579 8.825 9.070 9.315 9.560 9.806 9.973 10.073 10.050 10.028 9.951 9.833 9.714 9.596 9.477 9.359 9.240 9.122 9.003 8.885 8.766 8.623 8.463 8.304 8.144 7.984 7.824 7.675 7.579 7.484 7.389 7.294 7.199 7.103 7.008 6.913 6.818 6.722 6.627 6.825 7.034 7.244 7.454 7.663 7.873 8.083 8.292 8.502 8.712 8.921 9.151 9.400 9.649 9.798 9.387 8.976 8.565 8.154 7.799 7.530 7.262 6.993 6.724
7.597 7.557 7.518 7.478 7.439 7.425 7.435 7.444 7.453 7.462 7.489 7.734 7.979 8.224 8.469 8.715 8.960 9.205 9.451 9.599 9.735 9.846 9.823 9.801 9.778 9.756 9.704 9.586 9.467 9.349 9.231 9.112 8.994 8.875 8.757 8.625 8.465 8.306 8.146 7.986 7.829 7.734 7.638 7.543 7.448 7.353 7.257 7.162 7.067 6.972 6.876 6.781 6.686 6.800 7.010 7.220 7.429 7.639 7.849 8.058 8.268 8.478 8.687 8.922 9.170 9.419 9.668 9.917 9.551 9.140 8.729 8.318 7.907 7.496 7.128 6.860 6.591
7.554 7.515 7.476 7.436 7.407 7.416 7.426 7.435 7.444 7.453 7.463 7.624 7.869 8.114 8.360 8.605 8.850 9.090 9.226 9.362 9.497 9.619 9.597 9.574 9.551 9.529 9.506 9.484 9.458 9.339 9.221 9.102 8.984 8.865 8.747 8.627 8.468 8.308 8.148 7.988 7.887 7.792 7.697 7.602 7.507 7.411 7.316 7.221 7.125 7.030 6.935 6.840 6.745 6.776 6.986 7.195 7.405 7.615 7.824 8.034 8.244 8.453 8.692 8.941 9.190 9.439 9.688 9.937 9.716 9.305 8.894 8.483 8.072 7.661 7.250 6.839 6.457
7.512 7.473 7.433 7.394 7.398 7.408 7.417 7.426 7.435 7.444 7.454 7.514 7.759 8.004 8.250 8.495 8.717 8.853 8.989 9.124 9.260 9.392 9.370 9.347 9.324 9.302 9.279 9.257 9.234 9.211 9.189 9.093 8.974 8.856 8.737 8.619 8.470 8.310 8.150 8.042 7.946 7.851 7.756 7.660 7.565 7.470 7.375 7.279 7.184 7.089 6.994 6.899 6.803 6.752 6.962 7.171 7.381 7.591 7.800 8.010 8.219 8.462 8.711 8.960 9.209 9.458 9.707 9.956 9.880 9.469 9.058 8.647 8.236 7.825 7.414 7.003 6.592
7.470 7.431 7.391 7.380 7.389 7.399 7.408 7.417 7.426 7.436 7.445 7.454 7.649 7.895 8.140 8.344 8.479 8.615 8.751 8.887 9.022 9.158 9.143 9.120 9.098 9.075 9.052 9.030 9.007 8.985 8.962 8.939 8.917 8.846 8.728 8.609 8.472 8.312 8.196 8.100 8.005 7.910 7.814 7.719 7.624 7.529 7.433 7.338 7.243 7.148 7.053 6.957 6.862 6.767 6.937 7.147 7.357 7.566 7.776 7.986 8.232 8.481 8.730 8.979 9.228 9.477 9.726 9.975 10.045 9.634 9.223 8.812 8.401 7.990 7.579 7.168 6.757
7.428 7.389 7.362 7.371 7.380 7.390 7.399 7.408 7.417 7.427 7.436 7.445 7.539 7.785 7.970 8.106 8.242 8.377 8.513 8.649 8.785 8.920 8.916 8.893 8.871 8.848 8.825 8.803 8.780 8.758 8.735 8.713 8.690 8.667 8.645 8.599 8.474 8.350 8.254 8.159 8.064 7.968 7.873 7.778 7.683 7.587 7.492 7.397 7.302 7.206 7.111 7.016 6.921 6.826 6.913 7.123 7.332 7.542 7.754 8.003 8.252 8.501 8.750 8.998 9.247 9.496 9.745 9.994 10.209 9.798 9.387 8.976 8.565 8.154 7.743 7.332 6.921
7.386 7.346 7.353 7.362 7.371 7.381 7.390 7.399 7.408 7.418 7.427 7.436 7.445 7.597 7.733 7.868 8.004 8.140 8.276 8.411 8.547 8.683 8.689 8.666 8.644 8.621 8.599 8.576 8.553 8.531 8.508 8.486 8.463 8.440 8.418 8.406 8.491 8.448 8.334 8.219 8.122 8.027 7.932 7.837 7.741 7.646 7.551 7.456 7.360 7.265 7.170 7.075 6.980 6.885 6.889 7.098 7.308 7.524 7.773 8.022 8.271 8.520 8.769 9.018 9.267 9.516 9.765 10.013 10.262 9.962 9.551 9.140 8.729 8.318 7.907 7.496 7.134
7.344 7.335 7.344 7.353 7.363 7.372 7.381 7.392 7.402 7.412 7.422 7.432 7.443 7.443 7.495 7.631 7.767 7.902 8.038 8.174 8.309 8.445 8.462 8.439 8.417 8.394 8.372 8.349 8.326 8.304 8.281 8.259 8.236 8.256 8.315 8.375 8.508 8.635 8.520 8.406 8.291 8.177 8.062 7.948 7.833 7.718 7.609 7.514 7.419 7.324 7.229 7.134 7.038 6.943 6.864 7.074 7.294 7.543 7.792 8.041 8.290 8.539 8.788 9.037 9.286 9.535 9.784 10.033 10.282 10.127 9.716 9.305 8.894 8.483 8.072 7.707 7.403
7.316 7.328 7.339 7.349 7.359 7.369 7.380 7.390 7.400 7.411 7.421 7.431 7.440 7.440 7.441 7.441 7.529 7.665 7.800 7.936 8.072 8.208 8.235 8.213 8.190 8.167 8.145 8.122 8.100 8.077 8.054 8.106 8.165 8.225 8.284 8.343 8.525 8.714 8.707 8.593 8.478 8.363 8.249 8.134 8.020 7.905 7.791 7.676 7.562 7.447 7.333 7.218 7.104 7.002 6.907 7.065 7.314 7.562 7.811 8.060 8.309 8.558 8.807 9.056 9.305 9.554 9.803 10.052 10.301 10.291 9.880 9.469 9.058 8.647 8.281 7.976 7.671
7.251 7.311 7.337 7.347 7.358 7.368 7.378 7.389 7.399 7.409 7.419 7.430 7.437 7.438 7.438 7.438 7.439 7.439 7.563 7.699 7.834 7.970 8.008 7.986 7.963 7.940 7.918 7.895 7.897 7.956 8.015 8.075 8.134 8.193 8.252 8.353 8.542 8.731 8.894 8.779 8.665 8.550 8.436 8.321 8.207 8.092 7.978 7.863 7.749 7.634 7.520 7.405 7.291 7.176 7.023 6.992 7.285 7.578 7.831 8.079 8.328 8.577 8.826 9.075 9.324 9.573 9.822 10.071 10.320 10.456 10.045 9.634 9.223 8.854 8.549 8.245 7.940
7.187 7.247 7.307 7.346 7.356 7.366 7.377 7.387 7.397 7.408 7.418 7.428 7.435 7.435 7.435 7.436 7.436 7.437 7.437 7.461 7.597 7.732 7.781 7.759 7.736 7.713 7.747 7.806 7.866 7.925 7.984 8.043 8.102 8.162 8.221 8.370 8.559 8.748 8.937 8.966 8.852 8.737 8.623 8.508 8.393 8.279 8.164 8.050 7.935 7.821 7.707 7.592 7.477 7.363 7.086 6.839 7.132 7.424 7.717 8.009 8.302 8.595 8.846 9.095 9.343 9.592 9.841 10.090 10.339 10.588 10.209 9.798 9.427 9.122 8.818 8.513 8.209
7.122 7.182 7.242 7.302 7.355 7.365 7.375 7.386 7.396 7.406 7.416 7.427 7.432 7.432 7.433 7.433 7.433 7.434 7.434 7.435 7.435 7.495 7.554 7.538 7.597 7.656 7.715 7.775 7.834 7.893 7.952 8.012 8.071 8.130 8.198 8.387 8.576 8.765 8.954 9.142 9.038 8.924 8.809 8.695 8.580 8.466 8.351 8.237 8.122 8.008 7.893 7.779 7.664 7.427 7.149 6.871 6.978 7.271 7.563 7.856 8.149 8.442 8.734 9.027 9.319 9.611 9.860 10.109 10.358 10.607 10.373 10.000 9.696 9.391 9.087 8.782 8.478
7.058 7.118 7.177 7.237 7.297 7.357 7.374 7.384 7.394 7.405 7.415 7.425 7.429 7.429 7.430 7.430 7.431 7.431 7.432 7.432 7.432 7.440 7.447 7.506 7.565 7.625 7.684 7.743 7.802 7.862 7.921 7.980 8.039 8.098 8.215 8.404 8.593 8.782 8.971 9.160 9.225 9.111 8.996 8.882 8.767 8.653 8.538 8.424 8.309 8.195 8.080 7.966 7.768 7.490 7.212 6.933 6.825 7.117 7.410 7.703 7.995 8.288 8.581 8.873 9.166 9.459 9.751 10.044 10.337 10.627 10.573 10.269 9.964 9.660 9.355 9.051 8.746
6.993 7.053 7.113 7.173 7.233 7.293 7.353 7.383 7.393 7.403 7.413 7.424 7.426 7.427 7.427 7.428 7.428 7.428 7.429 7.440 7.460 7.479 7.477 7.475 7.534 7.593 7.652 7.712 7.771 7.830 7.889 7.949 8.008 8.067 8.232 8.421 8.610 8.799 8.988 9.176 9.365 9.298 9.183 9.069 8.954 8.840 8.725 8.610 8.496 8.382 8.267 8.110 7.831 7.553 7.275 6.996 6.718 6.964 7.257 7.549 7.842 8.135 8.427 8.720 9.013 9.305 9.598 9.891 10.183 10.449 10.550 10.317 10.083 9.850 9.616 9.319 9.015
6.929 6.988 7.048 7.108 7.168 7.228 7.288 7.348 7.391 7.402 7.412 7.422 7.424 7.424 7.424 7.425 7.425 7.441 7.460 7.479 7.498 7.517 7.511 7.502 7.502 7.561 7.621 7.680 7.739 7.798 7.858 7.917 7.976 8.060 8.249 8.438 8.627 8.816 9.005 9.193 9.382 9.484 9.370 9.255 9.141 9.026 8.912 8.797 8.683 8.568 8.451 8.173 7.894 7.616 7.338 7.059 6.781 6.811 7.103 7.396 7.689 7.981 8.274 8.567 8.859 9.152 9.445 9.737 10.022 10.186 10.350 10.202 9.969 9.736 9.502 9.269 9.035
6.864 6.924 6.984 7.044 7.104 7.164 7.224 7.284 7.344 7.400 7.410 7.420 7.421 7.421 7.422 7.441 7.461 7.480 7.499 7.518 7.537 7.553 7.544 7.535 7.526 7.530 7.589 7.648 7.708 7.767 7.826 7.885 7.945 8.077 8.266 8.455 8.644 8.833 9.022 9.210 9.399 9.588 9.557 9.442 9.328 9.213 9.099 8.984 8.870 8.755 8.514 8.236 7.957 7.679 7.401 7.122 6.844 6.657 6.950 7.243 7.535 7.828 8.121 8.413 8.706 8.999 9.291 9.584 9.759 9.922 10.086 10.088 9.855 9.621 9.388 9.155 8.921
6.799 6.859 6.919 6.979 7.039 7.099 7.159 7.219 7.279 7.339 7.399 7.418 7.422 7.442 7.461 7.480 7.499 7.518 7.538 7.557 7.576 7.586 7.577 7.568 7.559 7.550 7.558 7.617 7.676 7.735 7.795 7.854 7.913 8.094 8.283 8.472 8.661 8.850 9.039 9.227 9.416 9.605 9.743 9.629 9.514 9.400 9.285 9.171 9.057 8.855 8.577 8.299 8.020 7.742 7.463 7.185 6.907 6.628 6.796 7.089 7.382 7.674 7.967 8.260 8.552 8.845 9.138 9.331 9.495 9.659 9.822 9.974 9.741 9.507 9.274 9.040 8.807
6.735 6.795 6.855 6.915 6.975 7.035 7.095 7.155 7.215 7.275 7.335 7.401 7.461 7.480 7.500 7.519 7.538 7.557 7.576 7.595 7.615 7.619 7.610 7.601 7.592 7.583 7.574 7.585 7.645 7.704 7.763 7.822 7.922 8.111 8.300 8.489 8.678 8.867 9.056 9.244 9.433 9.622 9.811 9.816 9.701 9.587 9.472 9.358 9.196 8.918 8.640 8.361 8.083 7.805 7.526 7.248 6.970 6.691 6.643 6.936 7.229 7.521 7.814 8.106 8.399 8.692 8.904 9.068 9.231 9.395 9.559 9.722 9.626 9.393 9.160 8.926 8.693
6.670 6.730 6.790 6.850 6.910 6.970 7.030 7.090 7.150 7.212 7.275 7.340 7.420 7.500 7.538 7.558 7.577 7.596 7.615 7.634 7.653 7.652 7.643 7.634 7.625 7.616 7.607 7.598 7.613 7.672 7.731 7.791 7.939 8.128 8.317 8.506 8.695 8.883 9.072 9.261 9.450 9.639 9.828 10.002 9.888 9.774 9.659 9.538 9.259 8.981 8.703 8.424 8.146 7.868 7.589 7.311 7.032 6.754 6.490 6.782 7.075 7.368 7.660 7.953 8.246 8.477 8.640 8.804 8.968 9.131 9.295 9.459 9.512 9.279 9.045 8.812 8.579
6.606 6.666 6.726 6.786 6.846 6.906 6.966 7.027 7.090 7.152 7.215 7.278 7.358 7.438 7.518 7.596 7.615 7.635 7.654 7.673 7.692 7.685 7.676 7.667 7.658 7.649 7.640 7.631 7.622 7.641 7.700 7.767 7.956 8.145 8.334 8.523 8.712 8.901 9.089 9.278 9.467 9.656 9.845 10.034 10.075 9.960 9.846 9.601 9.322 9.044 8.766 8.487 8.209 7.931 7.652 7.374 7.095 6.817 6.539 6.629 6.922 7.214 7.507 7.800 8.050 8.213 8.377 8.541 8.704 8.868 9.032 9.195 9.359 9.165 8.931 8.698 8.465
6.541 6.601 6.661 6.721 6.781 6.842 6.904 6.967 7.030 7.092 7.155 7.217 7.297 7.377 7.457 7.537 7.617 7.673 7.692 7.712 7.727 7.718 7.709 7.700 7.691 7.682 7.673 7.664 7.655 7.646 7.668 7.784 7.973 8.162 8.351 8.540 8.729 8.917 9.106 9.295 9.484 9.673 9.862 10.051 10.240 10.147 9.942 9.663 9.385 9.107 8.828 8.550 8.272 7.993 7.715 7.437 7.158 6.880 6.602 6.476 6.768 7.061 7.353 7.622 7.786 7.950 8.113 8.277 8.441 8.604 8.768 8.932 9.095 9.050 8.817 8.584 8.350
6.477 6.537 6.597 6.657 6.719 6.782 6.844 6.907 6.969 7.032 7.095 7.157 7.236 7.316 7.396 7.476 7.556 7.635 7.715 7.750 7.761 7.751 7.742 7.733 7.725 7.716 7.707 7.698 7.688 7.673 7.659 7.778 7.969 8.160 8.351 8.542 8.733 8.924 9.115 9.306 9.497 9.687 9.879 10.068 10.257 10.283 10.005 9.726 9.448 9.170 8.891 8.613 8.335 8.056 7.778 7.499 7.221 6.943 6.664 6.386 6.615 6.907 7.195 7.359 7.523 7.686 7.850 8.014 8.177 8.341 8.505 8.668 8.832 8.936 8.703 8.470 8.236
6.413 6.472 6.534 6.596 6.659 6.721 6.784 6.847 6.909 6.972 7.035 7.097 7.175 7.254 7.334 7.414 7.494 7.574 7.654 7.734 7.778 7.763 7.748 7.734 7.720 7.705 7.691 7.676 7.662 7.647 7.649 7.687 7.878 8.069 8.260 8.450 8.641 8.832 9.023 9.214 9.405 9.596 9.787 9.978 10.169 10.423 10.168 9.870 9.572 9.274 8.976 8.678 8.397 8.119 7.841 7.562 7.284 7.006 6.727 6.449 6.461 6.754 6.932 7.095 7.259 7.423 7.586 7.750 7.914 8.077 8.241 8.405 8.568 8.732 8.589 8.355 8.122
6.356 6.411 6.474 6.536 6.599 6.661 6.724 6.787 6.849 6.912 6.975 7.037 7.113 7.193 7.273 7.353 7.433 7.513 7.593 7.671 7.749 7.737 7.723 7.708 7.694 7.679 7.665 7.650 7.636 7.626 7.645 7.663 7.786 7.977 8.168 8.359 8.550 8.741 8.932 9.123 9.314 9.505 9.696 9.887 10.120 10.374 10.364 10.066 9.768 9.470 9.172 8.874 8.576 8.278 7.980 7.682 7.384 7.086 6.790 6.512 6.308 6.504 6.668 6.832 6.995 7.159 7.323 7.486 7.650 7.814 7.978 8.141 8.305 8.469 8.475 8.241 8.008
6.343 6.382 6.422 6.476 6.539 6.601 6.664 6.727 6.789 6.852 6.914 6.977 7.052 7.132 7.212 7.292 7.372 7.452 7.530 7.608 7.686 7.711 7.697 7.682 7.668 7.653 7.639 7.624 7.610 7.621 7.640 7.658 7.695 7.886 8.077 8.268 8.459 8.650 8.841 9.032 9.223 9.414 9.605 9.817 10.071 10.325 10.560 10.262 9.964 9.666 9.368 9.070 8.772 8.474 8.176 7.878 7.580 7.282 6.984 6.686 6.450 6.463 6.552 6.641 6.732 6.895 7.059 7.223 7.387 7.550 7.714 7.878 8.041 8.205 8.360 8.127 7.894
6.331 6.368 6.408 6.448 6.488 6.541 6.604 6.666 6.729 6.792 6.854 6.917 6.991 7.071 7.151 7.231 7.310 7.388 7.466 7.545 7.623 7.685 7.671 7.656 7.642 7.627 7.613 7.599 7.597 7.616 7.635 7.654 7.672 7.795 7.986 8.177 8.368 8.559 8.749 8.941 9.132 9.323 9.514 9.768 10.022 10.277 10.531 10.458 10.160 9.862 9.564 9.266 8.968 8.670 8.372 8.074 7.776 7.478 7.180 6.917 6.734 6.633 6.722 6.810 6.899 6.988 7.077 7.166 7.254 7.343 7.450 7.614 7.778 7.942 8.105 8.013 7.934
