includes/camargue/floodfiles/results/res-0002.wdfp
ncols         906
nrows         631
xllcorner     362177.146667
yllcorner     6534725.688020
cellsize      20.000000
NODATA_value  -9999.000000
[rows 544 to 577 of 631, columns 770 to 846 of 906]
11.242 11.250 11.258 11.292 11.368 11.444 11.518 11.592 11.666 11.740 11.814 11.888 11.961 12.035 12.108 12.182 12.257 12.336 12.406 12.461 12.517 12.572 12.627 12.683 12.738 12.793 12.848 12.904 12.958 13.012 13.066 13.120 13.173 13.227 13.281 13.305 13.320 13.336 13.351 13.367 13.382 13.421 13.474 13.527 13.580 13.634 13.687 13.740 13.794 13.847 13.900 13.953 13.968 13.963 13.980 14.045 14.111 14.176 14.242 14.308 14.373 14.439 14.504 14.570 14.641 14.719 14.797 14.868 14.856 14.915 14.974 15.032 15.091 15.150 15.208 15.267 15.325
11.226 11.234 11.242 11.250 11.291 11.366 11.440 11.514 11.587 11.661 11.734 11.808 11.881 11.955 12.028 12.102 12.179 12.258 12.338 12.406 12.461 12.517 12.572 12.627 12.682 12.737 12.793 12.848 12.902 12.956 13.010 13.064 13.117 13.172 13.226 13.279 13.299 13.315 13.330 13.346 13.362 13.413 13.466 13.519 13.572 13.626 13.679 13.732 13.785 13.839 13.892 13.945 13.999 14.006 14.050 14.115 14.181 14.246 14.313 14.391 14.469 14.546 14.624 14.702 14.780 14.858 14.935 14.960 14.908 14.930 14.988 15.047 15.106 15.164 15.223 15.282 15.340
11.209 11.217 11.225 11.232 11.238 11.287 11.361 11.434 11.508 11.581 11.655 11.728 11.802 11.875 11.949 12.022 12.101 12.180 12.260 12.339 12.406 12.461 12.516 12.572 12.627 12.682 12.737 12.793 12.846 12.900 12.955 13.009 13.062 13.116 13.170 13.223 13.277 13.294 13.310 13.325 13.351 13.405 13.458 13.511 13.564 13.618 13.671 13.724 13.777 13.831 13.884 13.937 13.991 14.063 14.140 14.218 14.296 14.374 14.452 14.530 14.607 14.685 14.763 14.841 14.919 14.996 15.074 15.052 15.000 14.949 15.003 15.062 15.121 15.179 15.238 15.296 15.355
11.183 11.189 11.195 11.201 11.209 11.223 11.281 11.354 11.428 11.501 11.575 11.648 11.722 11.795 11.869 11.944 12.023 12.103 12.182 12.261 12.341 12.406 12.461 12.516 12.572 12.627 12.682 12.738 12.791 12.845 12.899 12.953 13.006 13.060 13.114 13.167 13.221 13.274 13.289 13.305 13.343 13.396 13.450 13.503 13.556 13.610 13.663 13.716 13.779 13.866 13.954 14.042 14.130 14.209 14.279 14.357 14.435 14.513 14.591 14.668 14.746 14.824 14.902 14.980 15.057 15.135 15.195 15.144 15.092 15.041 15.018 15.077 15.135 15.194 15.253 15.311 15.370
11.151 11.158 11.164 11.170 11.181 11.195 11.208 11.274 11.348 11.422 11.495 11.569 11.642 11.715 11.789 11.866 11.945 12.025 12.104 12.183 12.263 12.342 12.406 12.461 12.516 12.572 12.627 12.681 12.735 12.789 12.843 12.897 12.950 13.004 13.058 13.111 13.165 13.219 13.269 13.284 13.335 13.388 13.442 13.495 13.580 13.668 13.756 13.844 13.932 14.019 14.107 14.195 14.283 14.356 14.425 14.496 14.574 14.651 14.729 14.807 14.885 14.963 15.041 15.118 15.196 15.274 15.287 15.236 15.184 15.133 15.081 15.091 15.150 15.209 15.267 15.326 15.385
11.120 11.126 11.133 11.140 11.153 11.167 11.180 11.195 11.268 11.342 11.415 11.489 11.562 11.636 11.709 11.788 11.868 11.947 12.026 12.106 12.185 12.264 12.344 12.405 12.461 12.516 12.571 12.625 12.679 12.733 12.787 12.841 12.894 12.948 13.002 13.055 13.109 13.163 13.217 13.295 13.382 13.470 13.558 13.646 13.734 13.821 13.909 13.997 14.085 14.173 14.260 14.348 14.433 14.502 14.571 14.640 14.712 14.790 14.868 14.946 15.024 15.102 15.179 15.257 15.335 15.413 15.379 15.328 15.276 15.225 15.173 15.122 15.165 15.223 15.282 15.341 15.399
11.089 11.095 11.101 11.112 11.125 11.139 11.152 11.166 11.189 11.262 11.335 11.409 11.482 11.556 11.631 11.711 11.790 11.869 11.949 12.028 12.107 12.187 12.266 12.345 12.405 12.461 12.516 12.569 12.623 12.677 12.731 12.785 12.838 12.892 12.947 13.049 13.151 13.253 13.355 13.448 13.535 13.623 13.711 13.799 13.887 13.974 14.062 14.150 14.238 14.326 14.413 14.501 14.579 14.648 14.717 14.786 14.855 14.929 15.007 15.085 15.163 15.240 15.318 15.396 15.474 15.522 15.471 15.419 15.368 15.317 15.265 15.214 15.180 15.238 15.297 15.355 15.414
11.058 11.064 11.070 11.084 11.097 11.111 11.124 11.138 11.152 11.182 11.256 11.329 11.403 11.476 11.553 11.633 11.712 11.791 11.871 11.950 12.029 12.109 12.188 12.267 12.347 12.405 12.460 12.513 12.567 12.621 12.698 12.800 12.902 13.004 13.106 13.208 13.310 13.412 13.513 13.601 13.688 13.776 13.864 13.952 14.040 14.127 14.215 14.303 14.391 14.479 14.566 14.654 14.725 14.794 14.863 14.932 15.001 15.070 15.146 15.223 15.301 15.379 15.457 15.535 15.613 15.614 15.563 15.511 15.460 15.409 15.357 15.306 15.254 15.253 15.312 15.370 15.423
11.027 11.033 11.042 11.056 11.069 11.083 11.096 11.110 11.124 11.137 11.176 11.249 11.323 11.397 11.476 11.555 11.634 11.714 11.793 11.872 11.952 12.031 12.110 12.190 12.269 12.348 12.448 12.550 12.652 12.754 12.856 12.958 13.060 13.162 13.264 13.366 13.468 13.570 13.666 13.754 13.842 13.929 14.017 14.105 14.193 14.280 14.368 14.456 14.544 14.632 14.719 14.802 14.871 14.940 15.009 15.078 15.147 15.217 15.286 15.362 15.440 15.518 15.596 15.674 15.751 15.706 15.655 15.603 15.552 15.500 15.449 15.398 15.346 15.296 15.327 15.386 15.416
10.996 11.002 11.014 11.028 11.041 11.055 11.069 11.082 11.096 11.109 11.123 11.170 11.243 11.319 11.398 11.477 11.557 11.636 11.715 11.794 11.874 11.969 12.083 12.197 12.311 12.443 12.607 12.709 12.811 12.913 13.015 13.117 13.219 13.321 13.423 13.525 13.627 13.729 13.819 13.907 13.995 14.082 14.170 14.258 14.346 14.434 14.521 14.609 14.697 14.785 14.873 14.948 15.017 15.086 15.155 15.224 15.293 15.363 15.432 15.501 15.579 15.657 15.735 15.812 15.850 15.798 15.747 15.696 15.645 15.593 15.542 15.491 15.439 15.388 15.342 15.384 15.407
10.965 10.973 10.986 11.000 11.013 11.027 11.041 11.054 11.068 11.081 11.095 11.108 11.163 11.241 11.320 11.399 11.479 11.593 11.707 11.821 11.935 12.049 12.163 12.277 12.391 12.544 12.714 12.867 12.969 13.071 13.173 13.275 13.377 13.479 13.581 13.683 13.785 13.885 13.972 14.060 14.148 14.236 14.323 14.411 14.499 14.587 14.674 14.762 14.850 14.938 15.025 15.094 15.163 15.232 15.301 15.370 15.440 15.509 15.578 15.647 15.718 15.796 15.873 15.952 15.942 15.891 15.840 15.788 15.737 15.685 15.634 15.582 15.531 15.459 15.380 15.377 15.400
10.934 10.945 10.958 10.972 10.985 10.999 11.013 11.026 11.040 11.053 11.067 11.080 11.107 11.216 11.330 11.444 11.558 11.672 11.786 11.900 12.014 12.129 12.243 12.357 12.475 12.645 12.815 12.984 13.128 13.230 13.332 13.434 13.536 13.638 13.740 13.842 13.944 14.038 14.126 14.213 14.301 14.389 14.476 14.564 14.652 14.740 14.827 14.915 15.003 15.092 15.172 15.241 15.310 15.379 15.448 15.518 15.587 15.656 15.725 15.794 15.863 15.935 16.013 16.086 16.034 15.983 15.932 15.880 15.829 15.773 15.693 15.613 15.534 15.454 15.374 15.373 15.395
10.904 10.917 10.930 10.944 10.957 10.971 10.985 11.020 11.055 11.090 11.125 11.160 11.213 11.296 11.410 11.524 11.638 11.752 11.866 11.980 12.094 12.208 12.322 12.436 12.576 12.746 12.916 13.085 13.255 13.388 13.490 13.592 13.694 13.796 13.898 14.000 14.102 14.191 14.279 14.366 14.454 14.542 14.630 14.718 14.806 14.894 14.981 15.069 15.157 15.245 15.318 15.387 15.456 15.525 15.595 15.664 15.733 15.802 15.871 15.940 16.009 16.078 16.152 16.178 16.126 16.075 16.006 15.927 15.847 15.767 15.688 15.608 15.528 15.449 15.369 15.368 15.390
10.876 10.898 10.933 10.968 11.002 11.037 11.072 11.107 11.142 11.177 11.212 11.247 11.319 11.402 11.490 11.604 11.718 11.832 11.946 12.060 12.174 12.288 12.402 12.516 12.677 12.847 13.017 13.186 13.356 13.526 13.649 13.751 13.853 13.955 14.057 14.159 14.256 14.344 14.432 14.521 14.608 14.696 14.784 14.871 14.959 15.047 15.135 15.222 15.310 15.395 15.464 15.533 15.602 15.671 15.741 15.810 15.879 15.948 16.017 16.086 16.155 16.225 16.288 16.240 16.160 16.081 16.001 15.921 15.842 15.762 15.682 15.603 15.523 15.443 15.363 15.363 15.386
10.950 10.985 11.020 11.055 11.090 11.125 11.160 11.194 11.229 11.264 11.299 11.343 11.426 11.508 11.591 11.683 11.797 11.912 12.026 12.140 12.254 12.368 12.482 12.608 12.778 12.948 13.118 13.287 13.457 13.627 13.797 13.909 14.011 14.113 14.215 14.317 14.410 14.498 14.586 14.674 14.761 14.849 14.937 15.024 15.112 15.200 15.288 15.375 15.463 15.541 15.610 15.679 15.748 15.818 15.887 15.956 16.025 16.084 16.125 16.167 16.208 16.250 16.279 16.224 16.155 16.075 15.996 15.916 15.836 15.757 15.677 15.597 15.517 15.438 15.358 15.358 15.381
10.988 11.072 11.107 11.142 11.177 11.212 11.247 11.282 11.317 11.352 11.386 11.450 11.532 11.615 11.697 11.779 11.877 11.991 12.105 12.219 12.333 12.448 12.562 12.709 12.879 13.049 13.219 13.388 13.558 13.728 13.899 14.069 14.171 14.273 14.375 14.476 14.564 14.651 14.739 14.827 14.914 15.002 15.090 15.178 15.265 15.353 15.441 15.528 15.616 15.687 15.756 15.825 15.879 15.921 15.962 16.004 16.046 16.087 16.129 16.170 16.212 16.254 16.247 16.192 16.137 16.070 15.990 15.911 15.831 15.751 15.671 15.592 15.512 15.432 15.353 15.353 15.376
11.024 11.123 11.194 11.229 11.264 11.299 11.334 11.369 11.404 11.439 11.474 11.556 11.638 11.721 11.803 11.886 11.968 12.071 12.185 12.299 12.413 12.527 12.641 12.811 12.981 13.151 13.321 13.490 13.660 13.830 14.000 14.170 14.329 14.431 14.533 14.629 14.717 14.804 14.892 14.980 15.068 15.155 15.243 15.331 15.418 15.506 15.594 15.672 15.721 15.758 15.799 15.841 15.883 15.924 15.966 16.008 16.049 16.091 16.132 16.174 16.216 16.257 16.215 16.160 16.105 16.050 15.985 15.905 15.825 15.746 15.666 15.586 15.507 15.427 15.347 15.348 15.371
11.061 11.160 11.258 11.317 11.351 11.386 11.421 11.456 11.491 11.526 11.579 11.662 11.744 11.827 11.909 11.992 12.074 12.157 12.265 12.379 12.493 12.607 12.742 12.912 13.082 13.252 13.422 13.591 13.761 13.931 14.101 14.271 14.441 14.590 14.692 14.782 14.870 14.958 15.045 15.133 15.221 15.304 15.381 15.458 15.535 15.612 15.689 15.766 15.774 15.761 15.803 15.845 15.886 15.928 15.969 16.011 16.053 16.094 16.136 16.178 16.219 16.238 16.183 16.128 16.073 16.018 15.963 15.900 15.820 15.740 15.661 15.581 15.501 15.422 15.342 15.344 15.366
11.098 11.196 11.295 11.393 11.439 11.474 11.509 11.543 11.578 11.613 11.686 11.768 11.851 11.933 12.016 12.098 12.181 12.263 12.346 12.459 12.573 12.687 12.843 13.013 13.183 13.353 13.523 13.692 13.862 14.032 14.202 14.372 14.542 14.712 14.848 14.935 15.012 15.089 15.167 15.244 15.321 15.398 15.475 15.552 15.629 15.706 15.783 15.846 15.827 15.808 15.807 15.848 15.890 15.931 15.973 16.015 16.056 16.098 16.140 16.181 16.223 16.206 16.151 16.096 16.041 15.986 15.931 15.876 15.815 15.735 15.655 15.576 15.496 15.416 15.336 15.339 15.361
11.135 11.233 11.331 11.430 11.526 11.561 11.596 11.631 11.666 11.709 11.792 11.874 11.957 12.039 12.122 12.204 12.287 12.369 12.452 12.538 12.652 12.774 12.944 13.114 13.284 13.454 13.624 13.793 13.963 14.133 14.322 14.523 14.724 14.925 14.987 15.029 15.106 15.183 15.261 15.338 15.415 15.492 15.569 15.646 15.723 15.800 15.877 15.900 15.880 15.861 15.841 15.852 15.893 15.935 15.977 16.018 16.060 16.102 16.143 16.185 16.227 16.174 16.119 16.064 16.009 15.954 15.899 15.844 15.789 15.730 15.650 15.570 15.490 15.411 15.331 15.334 15.357
11.171 11.270 11.368 11.467 11.565 11.648 11.683 11.718 11.753 11.816 11.898 11.981 12.063 12.146 12.228 12.311 12.393 12.476 12.558 12.641 12.732 12.875 13.045 13.215 13.392 13.593 13.794 13.995 14.196 14.397 14.598 14.799 15.000 15.192 15.163 15.134 15.200 15.277 15.354 15.432 15.509 15.586 15.663 15.740 15.817 15.894 15.971 15.953 15.933 15.914 15.894 15.875 15.897 15.939 15.980 16.022 16.064 16.105 16.147 16.189 16.197 16.142 16.087 16.032 15.977 15.922 15.867 15.812 15.757 15.702 15.644 15.565 15.485 15.405 15.326 15.329 15.352
11.208 11.306 11.405 11.503 11.602 11.700 11.770 11.805 11.840 11.922 12.004 12.087 12.169 12.252 12.334 12.417 12.499 12.582 12.664 12.775 12.895 13.065 13.266 13.467 13.668 13.869 14.070 14.271 14.472 14.673 14.874 15.075 15.276 15.368 15.339 15.310 15.294 15.371 15.448 15.526 15.603 15.680 15.757 15.834 15.911 15.988 16.025 16.006 15.986 15.967 15.947 15.928 15.909 15.942 15.984 16.026 16.067 16.109 16.150 16.192 16.165 16.110 16.055 16.000 15.945 15.890 15.835 15.780 15.725 15.670 15.615 15.559 15.480 15.400 15.320 15.324 15.347
11.245 11.343 11.441 11.540 11.638 11.737 11.835 11.893 11.946 12.028 12.111 12.193 12.276 12.362 12.483 12.603 12.724 12.844 12.965 13.085 13.214 13.358 13.542 13.743 13.944 14.145 14.346 14.547 14.748 14.949 15.151 15.352 15.553 15.544 15.515 15.486 15.457 15.465 15.542 15.619 15.697 15.774 15.851 15.928 16.005 16.082 16.078 16.059 16.039 16.020 16.000 15.981 15.962 15.946 15.988 16.029 16.071 16.112 16.154 16.188 16.133 16.078 16.023 15.968 15.913 15.858 15.803 15.748 15.693 15.638 15.583 15.528 15.473 15.394 15.315 15.320 15.342
11.281 11.380 11.478 11.577 11.675 11.774 11.872 11.970 12.070 12.191 12.311 12.432 12.552 12.672 12.793 12.913 13.034 13.154 13.274 13.395 13.534 13.678 13.823 14.019 14.220 14.421 14.623 14.824 15.025 15.226 15.427 15.628 15.749 15.720 15.691 15.662 15.633 15.603 15.636 15.713 15.791 15.868 15.945 16.022 16.099 16.151 16.131 16.112 16.092 16.073 16.054 16.034 16.015 15.995 15.991 16.033 16.074 16.116 16.158 16.156 16.101 16.046 15.991 15.936 15.881 15.826 15.771 15.716 15.661 15.606 15.552 15.497 15.442 15.387 15.310 15.316 15.281
11.318 11.416 11.515 11.616 11.763 11.909 12.056 12.207 12.380 12.501 12.621 12.741 12.862 12.982 13.103 13.223 13.343 13.464 13.584 13.709 13.854 13.998 14.143 14.296 14.497 14.698 14.899 15.100 15.301 15.502 15.703 15.904 15.925 15.896 15.867 15.838 15.809 15.779 15.750 15.807 15.884 15.962 16.039 16.116 16.193 16.204 16.184 16.165 16.145 16.126 16.107 16.087 16.068 16.048 16.029 16.036 16.078 16.120 16.161 16.124 16.069 16.014 15.959 15.904 15.849 15.794 15.739 15.684 15.631 15.576 15.521 15.466 15.411 15.356 15.301 15.252 15.204
11.431 11.578 11.724 11.871 12.017 12.164 12.310 12.472 12.647 12.811 12.931 13.051 13.172 13.292 13.413 13.533 13.653 13.774 13.894 14.029 14.174 14.318 14.463 14.607 14.773 14.974 15.175 15.376 15.577 15.778 15.979 16.130 16.101 16.072 16.043 16.014 15.985 15.955 15.926 15.901 15.978 16.056 16.133 16.210 16.276 16.257 16.237 16.218 16.198 16.179 16.160 16.140 16.121 16.101 16.082 16.063 16.082 16.123 16.147 16.092 16.037 15.982 15.927 15.873 15.818 15.763 15.709 15.654 15.599 15.535 15.462 15.389 15.315 15.242 15.180 15.138 15.096
11.686 11.832 11.979 12.125 12.272 12.418 12.565 12.737 12.912 13.087 13.241 13.361 13.482 13.602 13.722 13.843 13.963 14.084 14.205 14.350 14.494 14.639 14.783 14.928 15.072 15.250 15.451 15.652 15.853 16.054 16.256 16.306 16.277 16.248 16.219 16.190 16.161 16.131 16.102 16.073 16.072 16.149 16.227 16.304 16.329 16.310 16.290 16.271 16.252 16.232 16.213 16.193 16.174 16.154 16.135 16.116 16.096 16.128 16.116 16.061 16.006 15.951 15.896 15.842 15.768 15.695 15.622 15.548 15.475 15.401 15.328 15.254 15.181 15.107 15.062 15.019 14.978
11.940 12.087 12.233 12.380 12.526 12.673 12.827 13.002 13.177 13.351 13.526 13.671 13.791 13.912 14.032 14.153 14.273 14.393 14.525 14.670 14.814 14.959 15.103 15.248 15.392 15.537 15.727 15.929 16.130 16.331 16.512 16.482 16.453 16.424 16.395 16.366 16.337 16.307 16.278 16.249 16.220 16.243 16.321 16.398 16.382 16.363 16.343 16.324 16.305 16.285 16.267 16.247 16.228 16.209 16.189 16.170 16.150 16.131 16.075 16.001 15.928 15.855 15.781 15.708 15.634 15.561 15.487 15.414 15.340 15.267 15.194 15.120 15.047 14.987 14.944 14.901 14.859
12.195 12.341 12.488 12.634 12.781 12.927 13.092 13.266 13.441 13.616 13.791 13.966 14.101 14.222 14.342 14.463 14.583 14.703 14.845 14.990 15.134 15.279 15.423 15.568 15.712 15.857 16.004 16.205 16.406 16.607 16.688 16.658 16.629 16.600 16.571 16.542 16.512 16.483 16.454 16.425 16.396 16.367 16.415 16.456 16.436 16.417 16.398 16.378 16.359 16.339 16.320 16.285 16.244 16.202 16.160 16.118 16.077 16.019 15.941 15.867 15.794 15.720 15.647 15.573 15.500 15.427 15.353 15.280 15.206 15.133 15.059 14.986 14.912 14.869 14.826 14.783 14.740
12.449 12.596 12.742 12.889 13.035 13.182 13.356 13.531 13.706 13.881 14.056 14.231 14.406 14.532 14.652 14.773 14.894 15.022 15.167 15.311 15.456 15.600 15.745 15.889 16.034 16.178 16.322 16.482 16.683 16.884 16.865 16.835 16.806 16.777 16.748 16.719 16.689 16.660 16.631 16.602 16.573 16.544 16.514 16.509 16.468 16.426 16.384 16.343 16.301 16.259 16.217 16.176 16.134 16.092 16.050 16.009 15.967 15.890 15.809 15.733 15.660 15.586 15.513 15.439 15.366 15.292 15.219 15.145 15.072 14.998 14.925 14.852 14.794 14.751 14.708 14.666 14.623
12.704 12.850 12.996 13.143 13.290 13.446 13.621 13.796 13.971 14.146 14.322 14.497 14.672 14.842 14.963 15.083 15.204 15.342 15.487 15.631 15.776 15.920 16.065 16.209 16.354 16.498 16.643 16.787 16.959 17.070 17.041 17.011 16.982 16.953 16.924 16.895 16.844 16.785 16.727 16.668 16.609 16.550 16.480 16.400 16.358 16.316 16.275 16.233 16.191 16.149 16.108 16.066 16.024 15.982 15.941 15.899 15.841 15.760 15.680 15.599 15.525 15.452 15.378 15.305 15.231 15.158 15.085 15.011 14.938 14.864 14.791 14.719 14.676 14.634 14.591 14.548 14.505
12.958 13.104 13.251 13.397 13.544 13.712 13.887 14.062 14.237 14.412 14.587 14.762 14.937 15.112 15.273 15.393 15.518 15.662 15.807 15.951 16.096 16.240 16.385 16.529 16.674 16.818 16.963 17.107 17.237 17.200 17.141 17.082 17.024 16.965 16.906 16.847 16.788 16.729 16.670 16.611 16.552 16.493 16.406 16.312 16.248 16.207 16.165 16.123 16.081 16.040 15.998 15.956 15.914 15.873 15.831 15.789 15.712 15.631 15.550 15.470 15.391 15.318 15.244 15.171 15.097 15.024 14.950 14.877 14.803 14.730 14.657 14.602 14.559 14.516 14.473 14.430 14.387
13.213 13.360 13.506 13.653 13.802 13.977 14.152 14.327 14.502 14.677 14.852 15.027 15.202 15.377 15.551 15.703 15.838 15.982 16.127 16.271 16.416 16.531 16.646 16.760 16.875 16.989 17.104 17.218 17.256 17.144 17.085 17.026 16.967 16.908 16.849 16.790 16.731 16.673 16.614 16.555 16.496 16.426 16.332 16.238 16.144 16.097 16.055 16.013 15.971 15.930 15.888 15.846 15.804 15.763 15.721 15.663 15.582 15.502 15.421 15.340 15.259 15.183 15.110 15.036 14.963 14.890 14.816 14.743 14.669 14.596 14.527 14.484 14.441 14.398 14.355 14.312 14.269
13.484 13.615 13.761 13.907 14.067 14.242 14.417 14.592 14.767 14.942 15.117 15.292 15.467 15.641 15.815 15.980 16.055 16.169 16.284 16.398 16.513 16.627 16.742 16.856 16.971 17.085 17.199 17.314 17.238 17.123 17.028 16.970 16.911 16.852 16.793 16.734 16.675 16.616 16.557 16.498 16.439 16.352 16.258 16.164 16.070 15.987 15.945 15.903 15.862 15.820 15.778 15.736 15.695 15.653 15.611 15.534 15.453 15.372 15.292 15.211 15.130 15.049 14.976 14.902 14.829 14.755 14.682 14.608 14.535 14.461 14.409 14.366 14.323 14.280 14.237 14.194 14.151
