includes/camargue/floodfiles/results/res-0005.wdfp
ncols         906
nrows         631
xllcorner     362177.146667
yllcorner     6534725.688020
cellsize      20.000000
NODATA_value  -9999.000000
[rows 510 to 543 of 631, columns 616 to 692 of 906]
5.429 5.456 5.483 5.510 5.538 5.565 5.592 5.620 5.640 5.660 5.680 5.700 5.720 5.740 5.760 5.776 5.789 5.802 5.815 5.828 5.841 5.830 5.813 5.795 5.778 5.761 5.743 5.728 5.722 5.715 5.709 5.702 5.696 5.677 5.607 5.538 5.469 5.399 5.330 5.269 5.236 5.203 5.170 5.137 5.104 5.109 5.146 5.183 5.220 5.271 5.343 5.416 5.488 5.560 5.632 5.686 5.733 5.781 5.828 5.876 5.923 5.971 5.946 5.895 5.844 5.793 5.775 5.786 5.798 5.809 5.821 5.832 5.844 5.855 5.866 5.868 5.856
5.437 5.464 5.491 5.518 5.546 5.573 5.600 5.627 5.649 5.669 5.688 5.708 5.728 5.748 5.761 5.774 5.787 5.800 5.813 5.827 5.840 5.829 5.812 5.795 5.777 5.760 5.743 5.725 5.708 5.696 5.689 5.683 5.677 5.654 5.585 5.515 5.446 5.379 5.346 5.313 5.280 5.247 5.214 5.181 5.149 5.155 5.192 5.229 5.266 5.303 5.344 5.416 5.488 5.560 5.630 5.678 5.725 5.773 5.820 5.868 5.915 5.963 6.002 5.952 5.901 5.853 5.864 5.876 5.887 5.899 5.910 5.922 5.933 5.945 5.956 5.967 5.959
5.464 5.477 5.499 5.526 5.553 5.581 5.608 5.635 5.657 5.677 5.697 5.717 5.733 5.746 5.759 5.772 5.786 5.799 5.812 5.825 5.838 5.829 5.811 5.794 5.777 5.759 5.742 5.725 5.707 5.690 5.673 5.663 5.657 5.632 5.562 5.493 5.456 5.423 5.390 5.357 5.324 5.291 5.259 5.226 5.193 5.201 5.238 5.275 5.312 5.349 5.385 5.422 5.489 5.561 5.622 5.670 5.717 5.765 5.812 5.860 5.907 5.955 6.002 6.008 5.957 5.942 5.954 5.965 5.977 5.988 6.000 6.011 6.023 6.034 6.046 6.057 6.062
5.505 5.518 5.530 5.542 5.561 5.588 5.616 5.643 5.665 5.685 5.705 5.718 5.731 5.745 5.758 5.771 5.784 5.797 5.810 5.823 5.836 5.828 5.811 5.793 5.776 5.759 5.741 5.724 5.707 5.690 5.672 5.655 5.638 5.609 5.566 5.533 5.500 5.468 5.435 5.402 5.369 5.336 5.303 5.270 5.237 5.247 5.284 5.321 5.358 5.395 5.431 5.468 5.505 5.562 5.614 5.662 5.709 5.757 5.804 5.852 5.899 5.947 5.994 6.042 6.021 6.032 6.043 6.055 6.066 6.078 6.089 6.101 6.112 6.124 6.135 6.146 6.158
5.547 5.559 5.571 5.583 5.596 5.608 5.624 5.651 5.674 5.691 5.704 5.717 5.730 5.743 5.756 5.769 5.782 5.796 5.809 5.822 5.835 5.827 5.810 5.793 5.775 5.758 5.741 5.724 5.706 5.689 5.672 5.654 5.654 5.657 5.610 5.578 5.545 5.512 5.479 5.446 5.413 5.380 5.347 5.314 5.281 5.293 5.330 5.367 5.404 5.440 5.477 5.514 5.551 5.582 5.625 5.673 5.720 5.767 5.814 5.861 5.909 5.956 6.003 6.050 6.123 6.134 6.146 6.158 6.170 6.181 6.193 6.205 6.217 6.228 6.240 6.252 6.264
5.588 5.600 5.612 5.624 5.637 5.649 5.661 5.674 5.676 5.689 5.702 5.715 5.728 5.742 5.755 5.768 5.781 5.794 5.807 5.820 5.833 5.827 5.810 5.792 5.775 5.757 5.740 5.723 5.706 5.688 5.671 5.696 5.726 5.732 5.682 5.632 5.589 5.556 5.523 5.490 5.457 5.424 5.391 5.359 5.326 5.339 5.376 5.413 5.450 5.486 5.523 5.559 5.588 5.616 5.654 5.701 5.749 5.796 5.843 5.890 5.937 5.985 6.032 6.105 6.211 6.252 6.264 6.276 6.287 6.299 6.311 6.323 6.335 6.346 6.358 6.370 6.466
5.629 5.641 5.653 5.666 5.678 5.690 5.698 5.693 5.692 5.696 5.701 5.714 5.727 5.740 5.753 5.766 5.779 5.792 5.805 5.819 5.832 5.826 5.809 5.792 5.774 5.757 5.740 5.722 5.705 5.708 5.738 5.768 5.798 5.807 5.757 5.707 5.657 5.608 5.567 5.535 5.501 5.469 5.436 5.403 5.370 5.385 5.422 5.459 5.496 5.532 5.565 5.593 5.622 5.650 5.683 5.730 5.777 5.824 5.872 5.919 5.966 6.013 6.069 6.176 6.283 6.370 6.382 6.393 6.405 6.417 6.429 6.441 6.452 6.464 6.476 6.488 6.716
5.670 5.682 5.694 5.707 5.719 5.721 5.716 5.711 5.709 5.713 5.717 5.721 5.725 5.738 5.751 5.764 5.778 5.791 5.804 5.817 5.830 5.826 5.808 5.791 5.774 5.756 5.739 5.722 5.750 5.780 5.810 5.840 5.869 5.882 5.832 5.782 5.732 5.683 5.633 5.583 5.546 5.513 5.480 5.447 5.414 5.431 5.468 5.505 5.542 5.571 5.599 5.627 5.656 5.684 5.713 5.759 5.806 5.853 5.900 5.947 5.995 6.042 6.140 6.247 6.354 6.460 6.499 6.511 6.523 6.535 6.546 6.558 6.570 6.582 6.594 6.733 6.966
5.711 5.723 5.735 5.748 5.743 5.738 5.733 5.728 5.726 5.730 5.734 5.738 5.742 5.746 5.750 5.763 5.776 5.789 5.802 5.816 5.829 5.825 5.808 5.790 5.773 5.756 5.763 5.793 5.822 5.852 5.882 5.911 5.941 5.956 5.907 5.857 5.807 5.757 5.708 5.658 5.608 5.559 5.524 5.492 5.459 5.477 5.514 5.548 5.576 5.605 5.633 5.662 5.690 5.718 5.747 5.787 5.835 5.882 5.929 5.976 6.023 6.105 6.212 6.318 6.425 6.532 6.617 6.629 6.641 6.653 6.664 6.676 6.688 6.700 6.751 6.983 7.216
5.752 5.764 5.771 5.766 5.761 5.756 5.751 5.746 5.743 5.747 5.751 5.755 5.759 5.763 5.767 5.771 5.775 5.788 5.801 5.814 5.827 5.825 5.807 5.790 5.775 5.805 5.835 5.864 5.894 5.924 5.954 5.983 6.013 6.031 5.981 5.932 5.882 5.832 5.783 5.733 5.683 5.633 5.584 5.536 5.503 5.523 5.554 5.582 5.610 5.639 5.667 5.696 5.724 5.753 5.781 5.816 5.863 5.910 5.958 6.005 6.070 6.176 6.283 6.390 6.496 6.603 6.710 6.747 6.758 6.770 6.782 6.794 6.806 6.817 7.001 7.233 7.466
5.793 5.793 5.788 5.783 5.778 5.773 5.768 5.763 5.760 5.764 5.768 5.772 5.776 5.780 5.784 5.788 5.792 5.796 5.800 5.813 5.826 5.824 5.807 5.817 5.847 5.877 5.906 5.936 5.966 5.996 6.025 6.055 6.085 6.106 6.056 6.007 5.957 5.907 5.857 5.808 5.758 5.708 5.659 5.609 5.573 5.559 5.588 5.616 5.645 5.673 5.702 5.730 5.758 5.787 5.815 5.845 5.892 5.939 5.986 6.034 6.141 6.248 6.354 6.461 6.568 6.674 6.781 6.864 6.876 6.888 6.900 6.911 6.923 7.019 7.251 7.483 7.716
5.816 5.811 5.806 5.801 5.796 5.791 5.786 5.781 5.776 5.781 5.785 5.789 5.793 5.797 5.801 5.805 5.809 5.813 5.817 5.821 5.825 5.830 5.859 5.889 5.919 5.948 5.978 6.008 6.038 6.067 6.097 6.127 6.157 6.181 6.131 6.081 6.032 5.982 5.932 5.882 5.833 5.783 5.733 5.733 5.766 5.759 5.727 5.695 5.679 5.707 5.736 5.764 5.793 5.821 5.849 5.878 5.921 5.968 6.015 6.106 6.212 6.319 6.426 6.532 6.639 6.746 6.852 6.959 6.994 7.006 7.017 7.029 7.041 7.269 7.501 7.733 7.966
5.833 5.829 5.824 5.818 5.813 5.808 5.803 5.798 5.793 5.797 5.802 5.806 5.810 5.814 5.818 5.822 5.826 5.830 5.834 5.838 5.870 5.910 5.932 5.961 5.991 6.020 6.050 6.080 6.110 6.139 6.169 6.199 6.229 6.256 6.206 6.156 6.106 6.057 6.007 5.957 5.908 5.861 5.894 5.927 5.960 5.961 5.929 5.897 5.865 5.833 5.801 5.798 5.827 5.855 5.884 5.912 5.949 5.997 6.070 6.177 6.284 6.390 6.497 6.604 6.710 6.817 6.923 7.030 7.112 7.124 7.135 7.147 7.286 7.518 7.751 7.983 8.216
5.851 5.846 5.841 5.836 5.831 5.826 5.821 5.816 5.811 5.814 5.818 5.822 5.827 5.831 5.835 5.839 5.843 5.847 5.851 5.902 5.954 5.996 6.019 6.041 6.064 6.092 6.122 6.152 6.181 6.211 6.241 6.271 6.300 6.330 6.281 6.231 6.181 6.132 6.082 6.032 6.021 6.054 6.087 6.120 6.154 6.162 6.130 6.098 6.066 6.034 6.002 5.970 5.938 5.906 5.918 5.946 5.978 6.035 6.141 6.248 6.355 6.461 6.568 6.675 6.782 6.888 6.995 7.102 7.208 7.241 7.253 7.304 7.536 7.768 8.001 8.233 8.466
5.869 5.864 5.859 5.853 5.848 5.843 5.838 5.833 5.828 5.831 5.835 5.839 5.843 5.848 5.852 5.856 5.860 5.883 5.935 5.987 6.038 6.082 6.105 6.128 6.150 6.173 6.195 6.223 6.253 6.283 6.313 6.343 6.372 6.402 6.356 6.306 6.256 6.206 6.157 6.182 6.215 6.248 6.281 6.314 6.347 6.364 6.332 6.300 6.268 6.236 6.204 6.172 6.140 6.108 6.076 6.044 6.012 6.106 6.213 6.319 6.426 6.533 6.639 6.746 6.853 6.959 7.066 7.173 7.279 7.359 7.371 7.554 7.786 8.019 8.251 8.483 8.716
5.886 5.881 5.876 5.871 5.866 5.861 5.856 5.851 5.846 5.848 5.852 5.856 5.860 5.864 5.869 5.873 5.916 5.968 6.020 6.071 6.123 6.169 6.191 6.214 6.236 6.259 6.282 6.304 6.327 6.355 6.385 6.414 6.444 6.474 6.430 6.381 6.331 6.309 6.342 6.375 6.408 6.442 6.475 6.508 6.541 6.565 6.534 6.502 6.470 6.438 6.406 6.373 6.342 6.309 6.278 6.246 6.232 6.282 6.377 6.471 6.566 6.660 6.755 6.849 6.944 7.038 7.137 7.244 7.351 7.457 7.571 7.804 8.036 8.269 8.501 8.733 8.966
5.904 5.899 5.894 5.889 5.883 5.878 5.873 5.868 5.863 5.865 5.869 5.873 5.877 5.881 5.897 5.949 6.001 6.052 6.104 6.156 6.207 6.255 6.278 6.300 6.323 6.345 6.368 6.390 6.413 6.436 6.458 6.486 6.516 6.546 6.505 6.455 6.470 6.503 6.536 6.569 6.602 6.635 6.668 6.701 6.734 6.767 6.735 6.703 6.671 6.639 6.607 6.575 6.543 6.511 6.481 6.468 6.454 6.472 6.566 6.661 6.755 6.850 6.945 7.039 7.133 7.228 7.323 7.417 7.512 7.607 7.797 8.029 8.260 8.492 8.723 8.955 9.186
5.922 5.916 5.911 5.906 5.901 5.896 5.891 5.886 5.881 5.882 5.886 5.890 5.894 5.930 5.982 6.033 6.085 6.137 6.188 6.240 6.292 6.341 6.364 6.386 6.409 6.432 6.454 6.477 6.499 6.522 6.545 6.567 6.590 6.617 6.597 6.630 6.663 6.696 6.729 6.763 6.796 6.829 6.862 6.895 6.928 6.961 6.937 6.905 6.873 6.841 6.809 6.777 6.745 6.717 6.704 6.690 6.676 6.662 6.756 6.850 6.945 7.040 7.134 7.229 7.323 7.418 7.512 7.607 7.701 7.851 8.027 8.240 8.472 8.703 8.935 9.166 9.398
5.940 5.934 5.929 5.924 5.919 5.914 5.908 5.903 5.898 5.899 5.903 5.911 5.963 6.014 6.066 6.118 6.169 6.221 6.273 6.324 6.376 6.428 6.450 6.473 6.495 6.518 6.541 6.563 6.586 6.608 6.631 6.653 6.676 6.723 6.781 6.824 6.857 6.890 6.923 6.956 6.989 7.022 7.055 7.089 7.122 7.155 7.138 7.107 7.075 7.043 7.011 6.978 6.953 6.940 6.926 6.912 6.898 6.884 6.946 7.040 7.135 7.229 7.324 7.418 7.513 7.607 7.702 7.796 7.918 8.094 8.270 8.451 8.683 8.914 9.146 9.377 9.609
5.957 5.952 5.947 5.942 5.937 5.931 5.926 5.921 5.916 5.916 5.944 5.995 6.047 6.099 6.150 6.202 6.254 6.305 6.357 6.409 6.460 6.512 6.537 6.559 6.582 6.604 6.627 6.649 6.672 6.695 6.717 6.742 6.803 6.865 6.923 6.979 7.035 7.084 7.117 7.150 7.183 7.216 7.249 7.282 7.315 7.348 7.340 7.308 7.276 7.244 7.212 7.189 7.175 7.162 7.148 7.134 7.120 7.106 7.135 7.230 7.324 7.419 7.513 7.608 7.702 7.797 7.891 7.986 8.161 8.338 8.514 8.690 8.894 9.126 9.357 9.589 9.820
5.975 5.970 5.965 5.960 5.955 5.949 5.944 5.939 5.934 5.979 6.028 6.080 6.132 6.183 6.235 6.287 6.338 6.390 6.442 6.493 6.545 6.596 6.623 6.645 6.668 6.691 6.713 6.736 6.758 6.781 6.822 6.883 6.945 7.006 7.064 7.121 7.177 7.233 7.289 7.344 7.377 7.410 7.443 7.476 7.509 7.542 7.542 7.510 7.478 7.446 7.425 7.411 7.398 7.384 7.370 7.356 7.342 7.329 7.325 7.419 7.514 7.608 7.703 7.797 7.892 7.986 8.081 8.229 8.405 8.581 8.758 8.934 9.110 9.337 9.569 9.800 10.032
5.993 5.988 5.983 5.978 5.973 5.967 5.962 5.974 6.037 6.091 6.130 6.169 6.216 6.267 6.319 6.371 6.423 6.474 6.526 6.577 6.629 6.681 6.709 6.732 6.754 6.777 6.799 6.822 6.844 6.902 6.963 7.025 7.086 7.148 7.207 7.263 7.319 7.375 7.431 7.488 7.544 7.600 7.637 7.670 7.703 7.736 7.744 7.712 7.680 7.661 7.647 7.634 7.620 7.606 7.592 7.578 7.565 7.551 7.537 7.609 7.703 7.798 7.892 7.987 8.081 8.176 8.296 8.472 8.649 8.825 9.001 9.178 9.354 9.549 9.780 10.012 10.243
6.011 6.006 6.001 5.996 5.991 5.985 6.022 6.084 6.147 6.203 6.242 6.281 6.320 6.359 6.404 6.455 6.507 6.559 6.610 6.662 6.714 6.765 6.796 6.818 6.841 6.863 6.886 6.920 6.982 7.043 7.105 7.166 7.228 7.290 7.349 7.405 7.461 7.517 7.573 7.630 7.686 7.742 7.798 7.854 7.896 7.929 7.945 7.913 7.897 7.883 7.870 7.856 7.842 7.828 7.814 7.801 7.787 7.773 7.759 7.798 7.893 7.987 8.082 8.176 8.271 8.365 8.540 8.716 8.892 9.068 9.245 9.421 9.597 9.774 9.992 10.223 10.455
6.029 6.024 6.019 6.014 6.008 6.069 6.132 6.194 6.257 6.315 6.354 6.393 6.432 6.471 6.510 6.549 6.591 6.643 6.695 6.746 6.798 6.850 6.882 6.904 6.927 6.949 7.000 7.062 7.123 7.185 7.247 7.308 7.370 7.431 7.491 7.547 7.603 7.659 7.715 7.771 7.828 7.884 7.940 7.996 8.052 8.109 8.147 8.133 8.119 8.106 8.092 8.078 8.064 8.050 8.037 8.023 8.009 7.995 7.981 7.988 8.083 8.177 8.272 8.366 8.461 8.607 8.783 8.959 9.136 9.312 9.488 9.665 9.841 10.017 10.203 10.435 10.666
6.047 6.042 6.037 6.054 6.117 6.179 6.242 6.304 6.367 6.427 6.466 6.505 6.544 6.583 6.622 6.661 6.700 6.739 6.779 6.831 6.882 6.934 6.968 6.991 7.019 7.080 7.142 7.203 7.265 7.327 7.388 7.450 7.511 7.573 7.633 7.689 7.745 7.801 7.857 7.913 7.970 8.026 8.082 8.138 8.194 8.255 8.319 8.328 8.338 8.328 8.314 8.300 8.286 8.272 8.259 8.245 8.231 8.217 8.204 8.190 8.272 8.367 8.461 8.556 8.674 8.850 9.027 9.203 9.379 9.556 9.732 9.908 10.085 10.261 10.437 10.646 10.878
6.065 6.060 6.101 6.164 6.227 6.289 6.352 6.415 6.477 6.539 6.578 6.617 6.656 6.695 6.734 6.773 6.812 6.851 6.890 6.929 6.968 7.018 7.054 7.099 7.160 7.222 7.284 7.345 7.407 7.468 7.530 7.591 7.653 7.714 7.774 7.831 7.887 7.943 7.999 8.055 8.112 8.168 8.224 8.280 8.345 8.413 8.480 8.490 8.500 8.509 8.519 8.522 8.509 8.495 8.481 8.467 8.453 8.440 8.426 8.412 8.462 8.556 8.651 8.745 8.918 9.094 9.270 9.447 9.623 9.799 9.976 10.152 10.328 10.505 10.681 10.857 11.089
6.086 6.149 6.211 6.274 6.337 6.399 6.462 6.525 6.587 6.650 6.691 6.729 6.768 6.807 6.846 6.885 6.924 6.963 7.002 7.041 7.080 7.119 7.177 7.240 7.302 7.364 7.425 7.487 7.548 7.610 7.671 7.733 7.794 7.856 7.917 7.973 8.029 8.085 8.141 8.197 8.254 8.310 8.368 8.435 8.503 8.571 8.638 8.653 8.662 8.672 8.681 8.690 8.699 8.709 8.703 8.689 8.676 8.662 8.648 8.634 8.651 8.746 8.840 8.985 9.161 9.338 9.514 9.690 9.866 10.043 10.219 10.395 10.572 10.748 10.924 11.101 11.300
6.196 6.259 6.321 6.384 6.447 6.509 6.572 6.635 6.697 6.760 6.803 6.841 6.880 6.919 6.958 6.997 7.036 7.075 7.114 7.153 7.195 7.244 7.300 7.370 7.440 7.505 7.567 7.628 7.690 7.751 7.813 7.874 7.936 7.997 8.058 8.115 8.171 8.227 8.283 8.339 8.396 8.458 8.526 8.593 8.661 8.728 8.796 8.815 8.824 8.834 8.843 8.852 8.862 8.871 8.880 8.890 8.898 8.884 8.870 8.856 8.842 8.935 9.052 9.228 9.405 9.581 9.757 9.934 10.110 10.286 10.463 10.639 10.815 10.992 11.168 11.344 11.521
6.306 6.369 6.431 6.494 6.557 6.619 6.682 6.745 6.807 6.870 6.915 6.954 6.993 7.032 7.070 7.109 7.148 7.187 7.226 7.272 7.320 7.369 7.424 7.494 7.563 7.633 7.703 7.770 7.831 7.893 7.954 8.016 8.077 8.139 8.200 8.257 8.313 8.369 8.425 8.481 8.548 8.616 8.684 8.751 8.819 8.886 8.954 8.977 8.987 8.996 9.005 9.015 9.024 9.033 9.043 9.052 9.061 9.071 9.080 9.078 9.065 9.125 9.296 9.472 9.648 9.825 10.001 10.177 10.354 10.530 10.692 10.852 11.011 11.171 11.330 11.490 11.649
6.416 6.479 6.541 6.604 6.667 6.729 6.792 6.855 6.917 6.980 7.027 7.066 7.105 7.144 7.182 7.221 7.260 7.300 7.348 7.397 7.446 7.495 7.547 7.617 7.687 7.756 7.826 7.896 7.966 8.034 8.096 8.157 8.219 8.281 8.342 8.399 8.455 8.511 8.571 8.639 8.706 8.774 8.841 8.909 8.977 9.044 9.112 9.139 9.149 9.158 9.167 9.177 9.186 9.196 9.205 9.214 9.224 9.233 9.242 9.252 9.261 9.316 9.475 9.635 9.794 9.954 10.113 10.273 10.433 10.592 10.752 10.911 11.071 11.230 11.390 11.549 11.701
6.526 6.589 6.651 6.714 6.777 6.839 6.902 6.965 7.027 7.090 7.139 7.178 7.217 7.256 7.295 7.334 7.376 7.425 7.474 7.523 7.571 7.620 7.671 7.741 7.810 7.880 7.950 8.019 8.089 8.159 8.228 8.298 8.361 8.422 8.484 8.541 8.597 8.662 8.729 8.797 8.864 8.932 8.999 9.067 9.135 9.202 9.270 9.302 9.311 9.320 9.330 9.339 9.348 9.358 9.367 9.377 9.386 9.395 9.405 9.418 9.436 9.461 9.535 9.694 9.854 10.013 10.173 10.332 10.492 10.651 10.811 10.970 11.130 11.289 11.449 11.609 11.750
6.628 6.694 6.760 6.824 6.887 6.949 7.012 7.075 7.137 7.200 7.251 7.290 7.329 7.368 7.407 7.453 7.502 7.550 7.599 7.648 7.697 7.745 7.794 7.864 7.934 8.004 8.073 8.143 8.213 8.282 8.352 8.422 8.491 8.561 8.625 8.684 8.752 8.819 8.887 8.955 9.022 9.090 9.157 9.225 9.292 9.360 9.428 9.464 9.473 9.483 9.492 9.501 9.511 9.520 9.530 9.539 9.548 9.558 9.576 9.594 9.612 9.639 9.669 9.754 9.913 10.073 10.232 10.392 10.551 10.711 10.870 11.030 11.189 11.349 11.508 11.664 11.800
6.729 6.795 6.862 6.928 6.994 7.059 7.122 7.185 7.247 7.310 7.363 7.402 7.441 7.481 7.530 7.578 7.627 7.676 7.725 7.773 7.822 7.871 7.919 7.988 8.057 8.127 8.197 8.266 8.336 8.406 8.475 8.545 8.615 8.684 8.758 8.836 8.910 8.977 9.045 9.112 9.180 9.247 9.315 9.383 9.450 9.518 9.585 9.626 9.635 9.645 9.654 9.664 9.673 9.682 9.692 9.701 9.716 9.734 9.752 9.770 9.788 9.817 9.847 9.877 9.972 10.132 10.292 10.451 10.611 10.770 10.930 11.089 11.249 11.408 11.568 11.713 11.849
6.830 6.897 6.963 7.030 7.096 7.162 7.229 7.295 7.357 7.420 7.475 7.514 7.558 7.606 7.655 7.704 7.753 7.801 7.850 7.899 7.947 7.996 8.045 8.111 8.181 8.251 8.320 8.390 8.460 8.529 8.599 8.669 8.738 8.815 8.892 8.970 9.048 9.127 9.203 9.270 9.338 9.405 9.473 9.541 9.608 9.676 9.743 9.788 9.798 9.807 9.817 9.826 9.835 9.845 9.856 9.874 9.893 9.911 9.928 9.946 9.965 9.995 10.025 10.055 10.086 10.191 10.351 10.510 10.670 10.829 10.989 11.148 11.308 11.468 11.626 11.762 11.898
