includes/camargue/floodfiles/results/res-0013.wdfp
ncols         906
nrows         631
xllcorner     362177.146667
yllcorner     6534725.688020
cellsize      20.000000
NODATA_value  -9999.000000
[rows 544 to 577 of 631, columns 462 to 538 of 906]
0.525 0.555 0.585 0.615 0.645 0.676 0.707 0.738 0.769 0.800 0.831 0.862 0.893 0.924 0.955 0.986 1.016 1.036 0.996 0.958 0.920 0.882 0.844 0.806 0.768 0.730 0.692 0.654 0.616 0.578 0.540 0.573 0.609 0.645 0.680 0.716 0.752 0.787 0.823 0.859 0.894 0.928 0.956 0.984 1.006 1.011 1.016 1.020 1.009 0.999 0.988 0.977 0.966 0.955 0.945 0.934 0.923 0.913 0.924 0.948 0.972 0.996 1.020 1.044 1.068 1.092 1.116 1.140 1.163 1.184 1.205 1.226 1.248 1.270 1.292 1.314 1.336
0.521 0.551 0.581 0.611 0.641 0.672 0.703 0.734 0.765 0.796 0.827 0.858 0.889 0.920 0.951 0.982 1.035 1.070 1.023 0.975 0.934 0.896 0.858 0.820 0.782 0.744 0.706 0.668 0.630 0.592 0.555 0.585 0.621 0.657 0.692 0.728 0.764 0.800 0.835 0.871 0.899 0.927 0.955 0.983 1.005 1.010 1.015 1.020 1.026 1.025 1.014 1.004 0.993 0.982 0.971 0.960 0.950 0.939 0.952 0.976 1.000 1.024 1.048 1.072 1.096 1.120 1.144 1.165 1.186 1.207 1.228 1.249 1.271 1.293 1.315 1.336 1.358
0.517 0.547 0.577 0.607 0.637 0.668 0.699 0.730 0.761 0.792 0.823 0.854 0.885 0.916 0.957 1.011 1.065 1.104 1.057 1.009 0.961 0.914 0.873 0.835 0.797 0.759 0.721 0.683 0.645 0.607 0.569 0.598 0.633 0.669 0.705 0.740 0.776 0.812 0.843 0.871 0.899 0.927 0.955 0.983 1.004 1.009 1.014 1.019 1.025 1.030 1.035 1.030 1.019 1.009 0.998 0.987 0.976 0.965 0.979 1.004 1.028 1.052 1.076 1.100 1.123 1.145 1.166 1.187 1.208 1.229 1.250 1.271 1.293 1.315 1.337 1.359 1.381
0.514 0.544 0.573 0.603 0.633 0.664 0.695 0.726 0.757 0.788 0.819 0.850 0.881 0.932 0.987 1.041 1.096 1.138 1.091 1.043 0.996 0.948 0.900 0.853 0.811 0.773 0.735 0.697 0.659 0.621 0.583 0.610 0.646 0.681 0.717 0.752 0.786 0.814 0.842 0.870 0.898 0.926 0.954 0.982 1.003 1.008 1.013 1.018 1.024 1.029 1.034 1.040 1.045 1.035 1.024 1.013 1.003 0.992 1.007 1.031 1.055 1.079 1.103 1.125 1.147 1.167 1.189 1.210 1.231 1.252 1.273 1.294 1.316 1.337 1.359 1.381 1.403
0.510 0.540 0.570 0.599 0.629 0.660 0.691 0.722 0.753 0.784 0.815 0.854 0.908 0.963 1.017 1.071 1.126 1.172 1.125 1.077 1.030 0.982 0.935 0.887 0.839 0.792 0.749 0.711 0.673 0.636 0.598 0.622 0.658 0.693 0.729 0.757 0.786 0.814 0.842 0.870 0.898 0.926 0.954 0.982 1.002 1.007 1.012 1.017 1.023 1.028 1.033 1.039 1.044 1.049 1.051 1.040 1.029 1.018 1.035 1.059 1.083 1.106 1.127 1.148 1.169 1.190 1.211 1.232 1.253 1.274 1.295 1.316 1.338 1.360 1.382 1.403 1.425
0.506 0.536 0.566 0.596 0.625 0.656 0.687 0.718 0.749 0.780 0.829 0.884 0.938 0.993 1.047 1.101 1.156 1.207 1.159 1.111 1.064 1.016 0.969 0.921 0.873 0.826 0.778 0.731 0.688 0.650 0.612 0.634 0.670 0.701 0.729 0.757 0.785 0.813 0.841 0.869 0.897 0.925 0.953 0.981 1.001 1.006 1.011 1.016 1.022 1.027 1.032 1.037 1.043 1.048 1.053 1.059 1.056 1.045 1.063 1.086 1.107 1.128 1.149 1.170 1.191 1.212 1.233 1.254 1.275 1.296 1.317 1.338 1.360 1.382 1.404 1.426 1.447
0.513 0.533 0.563 0.592 0.622 0.652 0.683 0.714 0.750 0.805 0.859 0.914 0.968 1.023 1.077 1.131 1.186 1.240 1.193 1.146 1.098 1.050 1.003 0.955 0.908 0.860 0.812 0.765 0.717 0.670 0.626 0.645 0.673 0.701 0.729 0.757 0.785 0.813 0.841 0.869 0.897 0.925 0.953 0.981 1.000 1.005 1.010 1.015 1.021 1.026 1.031 1.036 1.042 1.047 1.052 1.057 1.063 1.068 1.088 1.109 1.130 1.151 1.172 1.193 1.214 1.235 1.256 1.277 1.298 1.319 1.340 1.361 1.382 1.404 1.426 1.448 1.470
0.528 0.549 0.569 0.590 0.618 0.648 0.679 0.726 0.780 0.835 0.890 0.944 0.998 1.053 1.107 1.161 1.216 1.270 1.227 1.180 1.132 1.084 1.037 0.989 0.942 0.894 0.847 0.799 0.752 0.704 0.676 0.662 0.673 0.701 0.729 0.757 0.784 0.812 0.840 0.868 0.896 0.924 0.952 0.980 0.999 1.004 1.009 1.014 1.020 1.025 1.030 1.035 1.041 1.046 1.051 1.056 1.085 1.123 1.128 1.131 1.152 1.173 1.194 1.215 1.236 1.257 1.278 1.299 1.320 1.341 1.362 1.383 1.405 1.427 1.448 1.470 1.492
0.544 0.565 0.585 0.605 0.626 0.647 0.701 0.756 0.811 0.865 0.920 0.974 1.028 1.083 1.137 1.191 1.246 1.300 1.261 1.213 1.166 1.118 1.071 1.023 0.976 0.928 0.881 0.833 0.797 0.771 0.744 0.731 0.721 0.710 0.728 0.756 0.784 0.812 0.840 0.868 0.896 0.924 0.952 0.980 0.998 1.003 1.008 1.013 1.019 1.024 1.029 1.034 1.040 1.045 1.066 1.104 1.142 1.180 1.183 1.184 1.185 1.196 1.217 1.238 1.259 1.280 1.300 1.321 1.342 1.363 1.384 1.405 1.427 1.449 1.471 1.492 1.514
0.560 0.581 0.601 0.621 0.648 0.674 0.730 0.786 0.841 0.895 0.950 1.004 1.058 1.113 1.167 1.221 1.275 1.330 1.295 1.248 1.200 1.152 1.105 1.057 1.010 0.962 0.917 0.891 0.865 0.839 0.813 0.799 0.789 0.779 0.769 0.758 0.784 0.812 0.840 0.868 0.896 0.923 0.951 0.979 0.997 1.002 1.007 1.013 1.018 1.023 1.028 1.033 1.047 1.085 1.123 1.162 1.200 1.238 1.239 1.240 1.241 1.242 1.243 1.260 1.281 1.302 1.323 1.344 1.365 1.385 1.406 1.428 1.449 1.471 1.493 1.515 1.536
0.576 0.596 0.623 0.649 0.675 0.702 0.758 0.814 0.870 0.925 0.980 1.034 1.088 1.143 1.197 1.251 1.305 1.359 1.329 1.281 1.234 1.186 1.139 1.091 1.044 1.012 0.986 0.960 0.933 0.907 0.881 0.868 0.858 0.847 0.837 0.827 0.816 0.812 0.839 0.867 0.895 0.923 0.951 0.979 0.996 1.001 1.006 1.012 1.017 1.022 1.028 1.066 1.105 1.143 1.181 1.219 1.257 1.294 1.295 1.296 1.297 1.297 1.298 1.299 1.303 1.324 1.345 1.366 1.387 1.408 1.429 1.450 1.472 1.493 1.515 1.537 1.559
0.597 0.624 0.650 0.676 0.702 0.730 0.786 0.842 0.897 0.953 1.008 1.064 1.118 1.172 1.227 1.281 1.335 1.389 1.363 1.315 1.268 1.220 1.173 1.132 1.106 1.080 1.054 1.028 1.002 0.976 0.950 0.936 0.926 0.916 0.905 0.895 0.885 0.875 0.864 0.867 0.895 0.923 0.951 0.978 0.995 1.000 1.005 1.011 1.016 1.048 1.086 1.124 1.162 1.200 1.238 1.276 1.314 1.350 1.351 1.351 1.352 1.353 1.354 1.355 1.356 1.356 1.367 1.388 1.409 1.430 1.451 1.472 1.494 1.516 1.537 1.559 1.580
0.625 0.651 0.677 0.703 0.729 0.758 0.813 0.869 0.925 0.980 1.036 1.091 1.147 1.202 1.256 1.310 1.365 1.419 1.397 1.349 1.301 1.254 1.227 1.200 1.174 1.148 1.122 1.096 1.070 1.044 1.018 1.004 0.994 0.984 0.974 0.963 0.953 0.943 0.933 0.922 0.912 0.922 0.950 0.978 0.994 0.999 1.005 1.029 1.067 1.105 1.143 1.181 1.219 1.258 1.296 1.333 1.372 1.405 1.406 1.407 1.408 1.409 1.410 1.410 1.411 1.412 1.413 1.413 1.431 1.452 1.473 1.494 1.516 1.538 1.559 1.578 1.597
0.652 0.678 0.704 0.730 0.756 0.785 0.841 0.896 0.952 1.008 1.063 1.119 1.174 1.230 1.285 1.340 1.394 1.448 1.430 1.383 1.347 1.321 1.295 1.269 1.242 1.216 1.190 1.164 1.138 1.112 1.086 1.072 1.062 1.052 1.042 1.031 1.021 1.011 1.001 0.990 0.980 0.970 0.960 0.978 0.993 1.010 1.048 1.087 1.125 1.163 1.201 1.239 1.277 1.315 1.353 1.391 1.429 1.461 1.462 1.463 1.463 1.464 1.465 1.466 1.467 1.467 1.468 1.469 1.470 1.474 1.495 1.517 1.538 1.557 1.576 1.595 1.614
0.679 0.705 0.731 0.757 0.783 0.813 0.868 0.924 0.979 1.035 1.090 1.146 1.201 1.257 1.312 1.368 1.423 1.478 1.467 1.441 1.415 1.389 1.363 1.337 1.310 1.284 1.258 1.232 1.206 1.180 1.154 1.140 1.130 1.120 1.110 1.100 1.089 1.079 1.069 1.059 1.048 1.038 1.028 1.022 1.031 1.068 1.106 1.144 1.182 1.220 1.258 1.296 1.334 1.372 1.410 1.448 1.486 1.516 1.517 1.518 1.519 1.520 1.521 1.521 1.522 1.523 1.524 1.524 1.525 1.526 1.527 1.537 1.556 1.574 1.593 1.612 1.631
0.706 0.732 0.758 0.784 0.809 0.840 0.896 0.951 1.007 1.062 1.118 1.173 1.229 1.284 1.339 1.395 1.450 1.511 1.525 1.509 1.483 1.457 1.431 1.404 1.378 1.352 1.326 1.300 1.274 1.248 1.221 1.208 1.198 1.188 1.178 1.167 1.157 1.147 1.137 1.127 1.116 1.106 1.127 1.153 1.161 1.155 1.163 1.201 1.239 1.277 1.315 1.353 1.391 1.429 1.467 1.505 1.543 1.572 1.573 1.574 1.574 1.575 1.576 1.577 1.578 1.578 1.579 1.580 1.581 1.612 1.668 1.643 1.578 1.591 1.610 1.629 1.647
0.733 0.759 0.784 0.810 0.836 0.867 0.923 0.979 1.034 1.090 1.145 1.200 1.256 1.311 1.367 1.425 1.486 1.548 1.561 1.552 1.543 1.525 1.498 1.472 1.446 1.420 1.394 1.368 1.341 1.315 1.289 1.276 1.266 1.256 1.245 1.235 1.225 1.215 1.205 1.194 1.206 1.233 1.258 1.285 1.291 1.285 1.280 1.274 1.296 1.334 1.372 1.410 1.448 1.486 1.524 1.562 1.600 1.627 1.628 1.629 1.630 1.631 1.631 1.632 1.633 1.634 1.635 1.658 1.714 1.770 1.826 1.793 1.729 1.664 1.627 1.645 1.664
0.760 0.785 0.811 0.837 0.863 0.895 0.950 1.006 1.061 1.117 1.172 1.227 1.283 1.340 1.401 1.462 1.524 1.585 1.598 1.589 1.579 1.570 1.561 1.540 1.514 1.488 1.462 1.435 1.409 1.383 1.357 1.344 1.333 1.323 1.313 1.303 1.293 1.283 1.285 1.311 1.337 1.363 1.389 1.416 1.421 1.415 1.410 1.404 1.398 1.393 1.429 1.467 1.505 1.543 1.581 1.619 1.657 1.683 1.684 1.684 1.685 1.686 1.687 1.688 1.688 1.703 1.759 1.815 1.871 1.927 1.983 1.944 1.879 1.815 1.751 1.686 1.681
0.786 0.812 0.838 0.863 0.889 0.922 0.978 1.033 1.088 1.144 1.199 1.255 1.316 1.377 1.438 1.499 1.561 1.622 1.634 1.625 1.616 1.607 1.597 1.588 1.579 1.555 1.529 1.503 1.477 1.451 1.425 1.411 1.401 1.391 1.381 1.371 1.364 1.390 1.416 1.442 1.468 1.494 1.520 1.546 1.551 1.545 1.539 1.534 1.528 1.523 1.517 1.524 1.562 1.600 1.638 1.676 1.714 1.738 1.739 1.740 1.740 1.741 1.742 1.749 1.805 1.861 1.917 1.973 2.029 2.085 2.140 2.094 2.030 1.965 1.901 1.837 1.772
0.823 0.838 0.864 0.890 0.915 0.949 1.005 1.060 1.115 1.171 1.231 1.292 1.353 1.414 1.475 1.536 1.598 1.659 1.670 1.661 1.652 1.643 1.634 1.625 1.615 1.606 1.597 1.571 1.544 1.518 1.492 1.479 1.469 1.459 1.448 1.469 1.495 1.521 1.547 1.573 1.599 1.625 1.651 1.677 1.680 1.675 1.669 1.664 1.658 1.652 1.647 1.641 1.636 1.657 1.695 1.733 1.770 1.793 1.794 1.795 1.796 1.797 1.850 1.906 1.962 2.018 2.074 2.130 2.186 2.242 2.298 2.245 2.180 2.116 2.051 1.987 1.923
0.870 0.882 0.893 0.916 0.942 0.976 1.032 1.087 1.145 1.207 1.268 1.329 1.390 1.451 1.512 1.573 1.634 1.695 1.706 1.697 1.688 1.679 1.670 1.661 1.652 1.642 1.633 1.624 1.612 1.586 1.560 1.547 1.536 1.548 1.574 1.600 1.626 1.652 1.678 1.704 1.730 1.756 1.782 1.808 1.810 1.804 1.799 1.793 1.788 1.782 1.776 1.771 1.765 1.760 1.754 1.789 1.827 1.849 1.849 1.850 1.896 1.952 2.008 2.064 2.120 2.176 2.231 2.287 2.343 2.399 2.455 2.395 2.330 2.266 2.202 2.137 2.073
0.918 0.929 0.941 0.952 0.968 1.003 1.060 1.121 1.182 1.243 1.305 1.366 1.427 1.488 1.549 1.610 1.671 1.732 1.743 1.733 1.724 1.715 1.706 1.697 1.688 1.678 1.669 1.660 1.651 1.642 1.627 1.626 1.652 1.678 1.704 1.731 1.757 1.783 1.809 1.835 1.861 1.886 1.913 1.938 1.939 1.934 1.928 1.923 1.917 1.912 1.906 1.900 1.895 1.889 1.884 1.878 1.884 1.904 1.941 1.997 2.053 2.109 2.165 2.221 2.277 2.333 2.389 2.445 2.501 2.556 2.610 2.545 2.481 2.416 2.352 2.288 2.223
0.965 0.977 0.988 1.000 1.016 1.048 1.097 1.158 1.219 1.280 1.342 1.403 1.464 1.525 1.586 1.647 1.708 1.769 1.779 1.769 1.760 1.751 1.742 1.733 1.724 1.715 1.705 1.696 1.687 1.680 1.707 1.749 1.783 1.809 1.835 1.861 1.887 1.913 1.939 1.965 1.991 2.017 2.043 2.069 2.069 2.063 2.058 2.052 2.047 2.041 2.035 2.030 2.024 2.019 2.013 2.007 2.011 2.044 2.098 2.154 2.210 2.266 2.322 2.378 2.434 2.490 2.546 2.602 2.658 2.714 2.760 2.695 2.631 2.567 2.502 2.438 2.374
1.013 1.024 1.048 1.088 1.128 1.159 1.178 1.196 1.256 1.317 1.378 1.439 1.500 1.562 1.623 1.684 1.745 1.806 1.815 1.805 1.796 1.787 1.778 1.769 1.760 1.751 1.741 1.732 1.751 1.777 1.804 1.847 1.892 1.938 1.966 1.992 2.018 2.044 2.070 2.096 2.122 2.148 2.174 2.200 2.198 2.193 2.187 2.182 2.176 2.170 2.165 2.159 2.154 2.148 2.149 2.161 2.174 2.209 2.260 2.312 2.368 2.424 2.479 2.535 2.591 2.647 2.703 2.759 2.815 2.871 2.910 2.846 2.781 2.717 2.653 2.588 2.524
1.080 1.120 1.161 1.201 1.241 1.270 1.289 1.307 1.326 1.354 1.415 1.476 1.537 1.598 1.659 1.720 1.781 1.843 1.851 1.842 1.832 1.823 1.814 1.805 1.796 1.786 1.795 1.821 1.848 1.875 1.901 1.944 1.990 2.035 2.080 2.122 2.148 2.174 2.200 2.226 2.252 2.278 2.304 2.330 2.328 2.322 2.317 2.311 2.305 2.300 2.294 2.289 2.287 2.300 2.312 2.324 2.336 2.374 2.425 2.476 2.527 2.581 2.637 2.693 2.749 2.804 2.860 2.916 2.972 3.028 3.060 2.996 2.931 2.867 2.803 2.738 2.674
1.193 1.233 1.273 1.314 1.354 1.382 1.400 1.418 1.437 1.455 1.474 1.513 1.574 1.635 1.696 1.757 1.818 1.879 1.887 1.877 1.868 1.859 1.850 1.841 1.839 1.866 1.892 1.919 1.945 1.972 1.998 2.042 2.087 2.133 2.178 2.223 2.268 2.305 2.331 2.357 2.383 2.409 2.435 2.461 2.457 2.452 2.446 2.440 2.435 2.429 2.426 2.438 2.450 2.462 2.474 2.486 2.498 2.539 2.590 2.641 2.692 2.743 2.794 2.850 2.906 2.962 3.017 3.073 3.129 3.185 3.210 3.146 3.082 3.017 2.953 2.889 2.824
1.306 1.346 1.386 1.426 1.466 1.493 1.511 1.529 1.548 1.566 1.585 1.603 1.622 1.672 1.733 1.794 1.855 1.916 1.923 1.913 1.904 1.895 1.886 1.910 1.936 1.963 1.989 2.016 2.042 2.069 2.095 2.139 2.185 2.230 2.275 2.321 2.366 2.411 2.456 2.487 2.513 2.539 2.565 2.591 2.587 2.581 2.576 2.570 2.564 2.576 2.588 2.600 2.612 2.624 2.637 2.649 2.661 2.704 2.755 2.806 2.857 2.908 2.959 3.010 3.063 3.119 3.175 3.231 3.286 3.342 3.360 3.296 3.232 3.167 3.103 3.039 2.974
1.418 1.458 1.498 1.538 1.579 1.603 1.622 1.640 1.659 1.677 1.696 1.714 1.732 1.751 1.769 1.830 1.891 1.952 1.958 1.949 1.940 1.954 1.980 2.007 2.033 2.060 2.086 2.113 2.139 2.166 2.192 2.237 2.282 2.327 2.373 2.418 2.463 2.509 2.554 2.599 2.644 2.670 2.696 2.722 2.716 2.710 2.705 2.714 2.726 2.738 2.750 2.763 2.775 2.787 2.799 2.811 2.823 2.868 2.919 2.971 3.022 3.073 3.124 3.175 3.226 3.277 3.332 3.388 3.444 3.499 3.511 3.446 3.382 3.318 3.253 3.197 3.155
1.530 1.571 1.611 1.651 1.691 1.714 1.733 1.751 1.770 1.788 1.806 1.825 1.843 1.862 1.880 1.899 1.928 1.989 1.994 1.998 2.025 2.051 2.078 2.104 2.130 2.157 2.183 2.210 2.236 2.263 2.289 2.334 2.379 2.425 2.470 2.515 2.561 2.606 2.651 2.696 2.742 2.787 2.826 2.851 2.845 2.852 2.864 2.876 2.888 2.901 2.913 2.925 2.937 2.949 2.961 2.973 2.985 3.033 3.084 3.135 3.186 3.238 3.289 3.340 3.391 3.442 3.493 3.545 3.601 3.657 3.661 3.596 3.532 3.475 3.432 3.389 3.347
1.643 1.683 1.723 1.763 1.803 1.825 1.844 1.862 1.880 1.899 1.917 1.936 1.954 1.973 1.991 2.009 2.028 2.049 2.069 2.095 2.122 2.148 2.175 2.201 2.227 2.254 2.280 2.307 2.333 2.360 2.386 2.431 2.477 2.522 2.567 2.613 2.658 2.703 2.748 2.794 2.839 2.884 2.929 2.976 3.002 3.014 3.027 3.039 3.051 3.063 3.075 3.087 3.099 3.111 3.124 3.136 3.148 3.198 3.249 3.300 3.351 3.402 3.453 3.504 3.555 3.607 3.658 3.709 3.760 3.814 3.811 3.752 3.709 3.667 3.624 3.581 3.539
1.755 1.795 1.835 1.875 1.916 1.936 1.954 1.973 1.991 2.010 2.028 2.047 2.065 2.083 2.102 2.120 2.171 2.237 2.233 2.209 2.219 2.245 2.272 2.298 2.324 2.351 2.377 2.404 2.430 2.457 2.484 2.529 2.574 2.619 2.665 2.710 2.755 2.801 2.846 2.891 2.936 2.982 3.029 3.077 3.128 3.177 3.189 3.201 3.213 3.225 3.237 3.250 3.262 3.274 3.286 3.298 3.312 3.363 3.414 3.465 3.516 3.567 3.618 3.669 3.720 3.771 3.822 3.873 3.925 3.970 3.986 3.944 3.901 3.859 3.816 3.773 3.731
1.867 1.907 1.948 1.988 2.028 2.047 2.065 2.084 2.102 2.120 2.139 2.157 2.176 2.194 2.227 2.293 2.359 2.424 2.423 2.398 2.374 2.349 2.369 2.395 2.421 2.448 2.474 2.501 2.527 2.554 2.581 2.626 2.671 2.717 2.762 2.807 2.852 2.898 2.943 2.989 3.036 3.082 3.129 3.177 3.228 3.279 3.330 3.363 3.375 3.388 3.400 3.412 3.424 3.436 3.448 3.460 3.476 3.527 3.578 3.630 3.681 3.732 3.783 3.834 3.885 3.936 3.987 4.033 4.058 4.082 4.098 4.109 4.093 4.050 4.008 3.965 3.923
1.979 2.020 2.060 2.100 2.139 2.157 2.176 2.194 2.213 2.231 2.250 2.268 2.286 2.348 2.414 2.480 2.546 2.612 2.612 2.588 2.563 2.539 2.515 2.492 2.518 2.545 2.571 2.598 2.624 2.651 2.678 2.723 2.769 2.814 2.859 2.904 2.950 2.995 3.042 3.089 3.136 3.183 3.230 3.278 3.329 3.380 3.431 3.482 3.533 3.550 3.562 3.574 3.586 3.598 3.610 3.622 3.641 3.692 3.743 3.794 3.845 3.896 3.947 3.999 4.050 4.096 4.120 4.145 4.169 4.194 4.209 4.220 4.231 4.242 4.200 4.157 4.114
2.092 2.132 2.172 2.212 2.250 2.268 2.287 2.305 2.323 2.342 2.360 2.404 2.470 2.536 2.602 2.668 2.733 2.799 2.802 2.778 2.753 2.729 2.704 2.680 2.655 2.642 2.668 2.695 2.721 2.747 2.776 2.821 2.866 2.911 2.957 3.002 3.049 3.096 3.142 3.189 3.236 3.283 3.330 3.378 3.429 3.480 3.531 3.582 3.633 3.684 3.724 3.736 3.748 3.761 3.773 3.785 3.806 3.857 3.908 3.959 4.010 4.061 4.112 4.159 4.183 4.208 4.232 4.257 4.281 4.306 4.319 4.331 4.342 4.353 4.365 4.349 4.306
