includes/camargue/floodfiles/results/res-0010.wdfp
ncols         906
nrows         631
xllcorner     362177.146667
yllcorner     6534725.688020
cellsize      20.000000
NODATA_value  -9999.000000
[rows 340 to 373 of 631, columns 308 to 384 of 906]
0.322 0.062 0.182 0.052 0.000 0.403 0.000 0.263 0.223 0.000 0.264 0.004 0.113 0.073 0.083 0.343 0.433 1.193 1.173 1.393 0.873 0.943 0.333 0.633 0.553 1.043 0.893 0.423 0.924 0.714 0.884 0.834 0.164 1.154 0.964 1.214 0.294 0.584 0.834 0.744 0.000 0.284 0.024 0.484 0.084 0.244 0.000 0.415 0.815 0.655 0.585 0.635 0.615 0.645 0.445 0.975 1.045 0.425 1.095 1.075 0.005 1.165 0.065 0.585 0.525 0.505 0.815 0.000 0.000 1.265 0.255 0.465 0.000 0.000 1.055 1.175 1.145
0.352 0.042 0.001 0.000 0.000 0.133 0.313 0.000 0.000 0.603 0.000 0.133 0.793 0.643 0.483 0.293 0.773 0.573 0.023 0.173 1.443 1.333 0.773 0.843 0.963 0.743 0.903 0.713 0.844 0.344 0.474 0.884 1.004 1.124 0.994 0.154 0.000 0.944 0.000 0.000 0.694 0.044 0.084 0.324 0.000 0.665 0.405 0.565 0.555 0.505 0.515 0.475 0.375 0.905 0.785 0.875 0.765 0.665 0.775 0.835 1.435 0.965 0.105 0.755 0.645 0.835 0.755 0.665 1.265 0.825 1.485 0.000 0.000 1.125 1.105 1.015 0.545
0.492 0.232 0.392 0.182 0.013 0.083 0.343 0.343 0.053 0.213 0.000 0.000 0.000 0.573 0.000 0.693 0.913 0.653 1.073 0.000 1.473 1.233 0.943 0.323 0.093 0.983 0.553 0.303 0.764 1.104 0.964 0.744 0.134 1.034 0.354 0.000 1.134 0.904 0.884 0.614 0.354 0.000 0.384 0.914 0.044 0.805 0.755 0.585 0.435 0.555 0.585 0.885 0.865 1.005 0.975 0.945 0.715 0.495 0.625 0.215 1.165 0.115 0.385 0.675 0.785 0.615 0.745 0.025 1.515 1.495 0.000 0.000 0.965 1.125 1.055 0.000 1.105
0.372 0.132 0.382 0.122 0.023 0.303 0.183 0.233 0.153 0.203 0.513 0.000 0.000 0.000 0.000 0.000 0.742 0.213 0.443 0.000 1.543 0.000 0.533 0.653 0.853 0.263 0.803 0.000 0.843 0.344 0.964 1.004 1.134 1.124 0.044 0.000 1.224 1.304 0.000 0.694 0.084 0.914 0.694 0.784 0.000 0.715 0.335 0.155 0.275 0.175 0.325 0.595 0.985 1.025 0.755 0.715 0.755 0.000 0.755 0.875 0.775 0.135 0.545 0.195 0.695 0.625 0.175 1.505 1.525 0.000 1.675 1.015 0.925 1.005 0.005 0.245 1.105
0.162 0.000 0.062 0.000 0.023 0.034 0.323 0.323 0.123 0.123 0.243 0.000 1.422 0.852 0.000 0.000 0.501 0.000 0.193 1.423 1.533 0.000 0.000 1.043 0.000 0.173 0.233 0.183 0.893 0.000 0.944 0.594 0.464 1.194 0.000 1.234 1.274 0.434 0.584 0.734 0.000 0.014 0.834 0.954 0.000 0.355 0.215 0.245 0.175 0.135 0.315 0.215 0.645 0.555 0.565 0.905 0.035 0.705 0.000 1.185 0.485 1.145 0.805 0.005 0.755 0.805 0.455 0.000 0.005 1.155 0.755 0.975 0.315 0.000 0.316 0.000 0.505
0.007 0.000 0.082 0.000 0.000 0.014 0.000 0.143 0.083 0.413 0.523 0.000 0.062 0.242 0.000 0.408 0.710 0.000 0.000 0.561 0.000 0.353 1.113 1.143 1.253 1.183 0.000 0.613 0.753 0.000 0.964 0.000 0.000 0.000 0.344 1.234 1.284 0.000 0.604 0.724 0.894 0.494 0.634 0.654 0.144 0.114 0.165 0.345 0.305 0.305 0.235 0.205 0.355 0.455 0.095 0.355 0.535 0.745 0.000 1.205 0.000 1.015 1.305 0.425 0.745 1.845 0.155 1.585 1.285 0.765 1.075 0.000 0.000 1.255 0.000 0.765 0.705
0.089 0.000 0.000 0.000 0.061 0.000 0.123 0.063 0.393 0.213 0.603 0.000 0.912 0.872 0.942 0.385 0.000 0.000 0.838 0.538 0.000 0.000 0.223 0.000 0.000 1.503 1.143 0.883 0.000 0.004 0.804 0.004 1.124 0.000 1.224 1.274 0.000 0.664 0.724 0.000 0.814 0.704 0.000 0.000 0.004 0.094 0.000 0.165 0.125 0.145 0.205 0.315 0.395 0.545 0.845 0.155 0.765 0.795 1.315 0.915 0.185 0.715 0.505 1.045 0.625 0.815 0.375 1.315 1.055 0.685 0.000 0.125 1.265 0.255 0.395 0.635 0.945
0.010 0.000 0.000 0.000 0.000 0.000 0.000 0.173 0.213 0.503 0.713 0.000 0.831 0.000 0.000 0.000 0.699 0.929 0.000 0.303 0.980 0.520 0.591 0.000 0.000 0.000 0.000 0.783 0.933 0.963 1.154 0.514 0.834 1.234 1.144 1.284 0.000 0.634 0.634 0.764 0.234 0.774 0.000 0.034 0.324 0.074 0.124 0.000 0.000 0.035 0.000 0.295 0.325 0.525 0.255 0.505 0.345 0.000 1.445 0.415 0.325 1.465 1.265 1.425 0.885 0.525 0.105 1.075 0.000 0.585 0.475 0.455 0.425 0.515 0.000 0.775 0.785
0.000 0.000 0.000 0.000 0.000 0.000 0.053 0.063 0.213 0.483 0.343 0.000 0.861 0.641 0.020 0.719 0.000 0.609 0.399 1.069 0.939 0.000 0.000 0.687 0.817 0.000 0.703 0.733 0.000 0.000 1.074 0.000 0.000 1.184 1.294 0.000 0.654 0.674 0.000 0.924 0.000 0.734 0.694 0.294 0.304 0.154 0.000 0.000 0.052 0.000 0.075 0.155 0.465 0.105 0.000 0.865 0.915 0.555 1.275 0.000 0.485 0.745 0.045 1.505 0.815 0.000 0.535 1.415 0.515 1.165 0.555 0.575 0.345 0.885 0.000 0.655 0.755
0.000 0.001 0.000 0.000 0.000 0.000 0.000 0.073 0.213 0.423 0.000 0.822 0.000 0.550 0.939 0.729 0.000 0.000 0.238 0.988 0.218 0.000 0.000 0.827 0.000 0.000 0.000 0.000 0.484 0.154 0.274 1.144 1.184 1.244 1.244 0.000 0.564 0.000 0.894 0.874 0.000 0.914 0.154 0.000 0.094 0.114 0.000 0.000 0.072 0.000 0.000 0.085 0.545 0.000 0.295 0.035 0.415 1.075 0.995 1.585 0.025 1.785 0.935 0.365 0.000 0.805 0.275 0.175 0.465 1.555 0.125 0.225 1.275 1.015 0.905 0.725 0.875
0.001 0.000 0.061 0.000 0.000 0.000 0.063 0.193 0.223 0.143 0.013 0.832 0.000 0.919 0.909 0.619 0.000 0.898 0.818 0.958 0.968 0.828 0.928 0.667 0.000 0.617 0.927 0.000 0.000 0.000 1.014 0.000 1.174 1.234 0.000 0.424 0.704 0.000 0.004 0.124 0.864 0.974 0.001 0.023 0.000 0.000 0.000 0.000 0.000 0.215 0.205 0.325 0.000 0.000 1.035 0.945 1.155 1.105 0.000 1.495 1.325 0.000 0.335 0.235 0.825 0.965 0.655 0.835 0.885 0.595 0.555 0.665 0.000 0.725 0.865 0.825 0.915
0.066 0.001 0.000 0.000 0.000 0.000 0.000 0.353 0.273 0.012 0.053 0.762 0.000 0.839 0.000 0.071 0.867 0.077 0.608 0.968 0.978 0.000 0.000 0.667 0.897 0.847 0.000 0.157 0.000 0.000 0.000 1.124 1.234 1.184 0.000 0.234 0.000 0.514 0.864 0.000 0.064 0.034 0.234 0.000 0.092 0.000 0.000 0.000 0.000 0.235 0.285 0.465 0.515 1.085 1.235 1.425 0.825 0.000 0.955 0.185 1.865 1.085 0.000 0.745 0.805 0.835 0.995 0.575 0.475 0.975 0.915 0.725 1.035 0.865 0.825 1.315 0.945
0.005 0.000 0.000 0.000 0.000 0.112 0.000 0.103 0.003 0.013 0.532 0.632 0.000 0.819 0.719 0.210 0.697 0.647 0.527 0.000 0.847 0.907 0.727 0.747 0.000 0.597 1.047 0.377 1.127 0.000 0.094 1.104 1.254 0.000 0.794 0.664 0.000 0.514 0.224 0.844 0.744 0.000 0.000 0.000 0.072 0.000 0.000 0.000 0.035 0.325 0.225 0.495 0.000 0.925 1.045 0.305 0.000 0.295 0.475 0.755 0.805 0.000 0.805 0.765 0.855 0.915 0.865 0.685 0.845 1.005 0.975 0.825 0.975 0.965 0.595 0.865 0.895
0.000 0.000 0.000 0.000 0.000 0.000 0.000 0.000 0.186 0.000 0.262 0.552 0.292 0.047 0.057 0.947 0.497 0.516 0.546 0.285 0.405 0.000 0.000 0.957 0.987 0.997 0.317 1.457 0.094 0.530 0.000 0.804 0.214 0.054 0.594 0.000 0.454 0.344 0.974 0.194 0.000 0.224 0.000 0.000 0.000 0.000 0.000 0.000 0.005 0.405 0.575 0.235 1.045 1.115 0.000 0.000 0.975 1.265 0.675 0.715 0.335 0.875 0.945 0.865 0.745 0.655 0.715 0.355 0.755 0.425 0.705 1.005 0.805 0.815 0.855 0.755 0.755
0.000 0.000 0.000 0.000 0.000 0.000 0.000 0.032 0.000 0.000 0.692 0.732 0.262 0.000 0.902 0.000 0.306 0.456 0.466 0.394 0.703 0.923 0.000 0.000 0.000 0.667 1.047 1.497 0.103 0.960 0.500 0.000 0.000 0.834 0.724 0.204 0.234 0.904 0.394 0.354 0.254 0.254 0.134 0.000 0.000 0.000 0.000 0.000 0.095 0.105 0.445 0.000 0.635 1.135 0.295 1.405 1.475 0.785 1.505 0.575 0.605 0.805 0.595 0.585 0.785 0.215 0.545 0.335 0.625 0.965 0.415 0.825 0.915 0.875 0.765 0.885 0.965
0.053 0.000 0.000 0.000 0.000 0.022 0.132 0.222 0.042 0.052 0.782 0.742 0.982 0.582 0.652 0.051 0.666 1.256 0.073 0.911 0.082 0.832 0.000 0.420 0.330 0.141 0.000 0.000 0.889 0.309 1.129 0.649 0.000 0.564 0.000 0.000 0.000 0.003 0.424 0.224 0.000 0.204 0.104 0.000 0.000 0.000 0.000 0.000 0.065 0.425 0.375 0.255 1.035 0.315 1.445 0.325 0.175 1.485 0.915 0.000 0.855 0.685 0.645 0.645 0.185 0.625 0.305 0.595 0.825 0.735 0.785 0.625 0.825 0.855 0.825 0.925 0.845
0.000 0.133 0.000 0.156 0.000 0.122 0.142 0.242 0.362 0.732 0.892 0.522 0.642 0.102 0.172 0.912 0.070 0.000 0.469 0.470 0.341 0.862 0.000 0.540 0.720 0.840 1.400 0.239 0.879 0.899 0.219 0.749 0.779 0.000 0.388 0.578 0.728 0.568 0.000 0.154 0.134 0.244 0.000 0.006 0.000 0.064 0.000 0.000 0.115 0.000 0.045 1.315 1.215 0.000 0.365 0.545 1.095 0.555 0.505 0.665 1.045 0.955 0.785 0.535 0.125 0.515 0.655 0.785 0.895 0.925 0.975 0.585 0.495 0.875 0.945 0.915 0.555
0.146 0.002 0.076 0.106 0.000 0.112 0.102 0.282 0.412 0.922 0.642 0.000 0.512 0.542 1.002 1.042 0.842 0.004 0.628 0.570 0.580 0.451 0.030 0.239 0.000 0.439 0.000 0.039 0.689 0.589 0.829 0.369 0.869 1.059 0.000 0.158 0.628 0.718 0.548 0.000 0.000 0.003 0.076 0.036 0.002 0.174 0.000 0.000 0.000 0.505 0.000 1.065 0.885 1.425 1.595 1.695 1.135 1.225 0.355 0.885 1.185 0.675 0.855 0.575 0.085 0.575 0.535 0.825 0.845 0.885 0.745 0.535 0.565 0.165 0.845 0.605 0.305
0.186 0.216 0.236 0.316 0.000 0.000 0.000 0.072 0.742 0.572 0.712 0.000 0.000 0.082 1.112 0.402 0.952 0.392 0.395 0.000 0.000 0.711 0.100 0.269 0.319 0.929 0.319 0.000 0.919 0.839 0.509 0.839 0.779 0.729 0.399 0.000 0.001 0.338 0.488 0.000 0.184 0.002 0.000 0.000 0.000 0.054 0.000 0.000 0.455 0.145 1.145 1.355 0.205 1.155 0.415 1.355 0.965 0.000 0.875 0.955 0.705 0.935 1.435 0.565 0.575 0.665 0.795 0.625 0.715 0.815 0.775 0.505 0.475 0.755 0.775 0.545 0.215
0.446 0.336 0.000 0.000 0.000 0.004 0.000 0.302 0.572 0.362 0.982 0.062 0.000 1.162 1.172 0.972 0.000 0.961 0.761 0.000 0.428 0.000 1.339 1.089 0.000 0.979 0.269 0.299 0.359 0.799 0.859 0.749 0.829 0.239 0.001 0.000 0.172 0.000 0.000 0.000 0.144 0.034 0.000 0.000 0.000 0.064 0.000 0.115 0.185 0.435 1.135 1.095 0.295 1.165 1.345 1.505 1.285 1.285 0.935 0.755 0.785 0.755 0.845 0.575 0.775 0.695 0.535 0.575 0.605 0.745 0.735 0.745 0.705 0.685 0.485 0.315 0.215
0.000 0.000 0.087 0.000 0.297 0.597 0.287 0.000 0.042 0.652 0.562 0.062 0.000 0.872 0.261 0.411 1.161 1.041 0.270 1.048 1.768 0.119 0.178 0.179 1.039 0.929 0.859 0.809 0.099 0.349 0.929 0.609 0.029 0.000 0.000 0.052 0.000 0.000 0.113 0.503 0.002 0.000 0.000 0.000 0.000 0.000 0.000 0.215 0.295 0.205 1.395 0.355 0.515 0.545 0.785 0.955 0.000 0.985 0.895 0.845 0.715 0.615 0.695 0.705 0.765 0.765 0.585 0.455 0.815 0.715 0.755 0.585 0.845 0.875 0.405 0.505 0.445
0.207 0.257 0.057 0.637 0.597 0.327 0.037 0.001 0.492 0.262 0.000 0.000 1.159 0.020 0.490 0.950 0.330 2.060 0.459 0.418 1.088 0.000 0.908 0.369 0.679 0.039 0.939 0.829 0.939 0.299 0.589 0.689 0.889 0.000 0.000 0.000 0.000 0.000 0.000 0.153 0.000 0.000 0.000 0.000 0.000 0.000 0.000 0.225 0.615 0.375 1.315 0.055 0.805 0.975 0.685 0.905 0.000 1.015 0.795 0.905 0.675 0.685 0.775 0.665 0.745 0.805 0.815 0.555 0.645 0.725 0.805 0.825 0.845 0.665 0.415 0.665 0.335
0.127 0.407 0.297 0.117 0.347 0.257 0.187 0.000 0.462 0.112 0.000 0.339 0.239 0.560 0.400 1.040 0.440 1.070 0.297 0.566 0.207 0.184 0.698 0.189 0.459 0.659 0.729 0.999 0.699 0.979 0.559 0.709 0.679 0.519 0.000 0.000 0.000 0.620 0.000 0.000 0.000 0.000 0.000 0.000 0.000 0.000 0.000 0.485 0.365 0.865 1.265 0.000 0.765 0.705 1.215 0.000 1.315 0.915 0.695 0.745 0.775 0.685 0.815 0.735 0.765 0.775 0.955 0.725 0.845 0.745 0.745 0.695 0.645 0.335 0.735 0.705 0.645
0.000 0.157 0.277 0.008 0.000 0.107 0.000 0.001 0.000 0.000 0.172 0.539 0.429 1.200 0.920 0.250 0.630 0.000 0.470 0.783 0.424 0.150 0.000 0.000 0.000 0.739 0.709 0.949 1.009 0.129 0.969 0.689 0.959 0.000 0.000 0.190 0.270 0.190 0.000 0.000 0.000 0.000 0.021 0.000 0.000 0.000 0.885 0.635 0.000 1.115 0.000 0.685 0.625 0.565 1.145 1.195 0.995 0.945 0.645 0.785 0.655 1.215 0.645 0.825 0.795 0.825 0.785 0.745 0.755 0.455 1.275 0.825 0.605 0.685 0.435 0.715 0.525
0.597 0.937 0.307 0.017 0.207 0.127 0.237 0.527 0.000 0.000 0.459 0.000 0.000 0.570 0.000 0.000 0.000 0.674 0.621 0.287 0.000 0.130 0.000 0.030 0.080 0.000 0.409 0.239 0.979 0.929 0.159 0.949 0.959 0.000 0.100 0.240 0.180 0.050 0.150 0.000 0.000 0.000 0.000 0.111 0.041 0.000 0.605 0.575 1.105 1.155 0.025 0.755 0.705 0.695 0.505 0.000 0.975 0.825 0.745 0.675 0.845 0.905 1.125 0.965 0.925 0.795 0.815 0.795 0.505 0.755 0.705 0.745 1.145 0.785 0.725 0.475 0.365
1.057 0.000 0.187 0.467 0.227 0.097 0.667 0.677 0.047 0.000 0.548 0.297 1.757 0.000 0.000 0.680 0.602 0.469 0.000 0.018 0.000 0.310 0.000 0.000 0.180 0.780 0.000 0.709 0.000 0.439 0.969 0.000 0.000 0.159 0.080 0.160 0.000 0.000 0.000 0.012 0.000 0.000 0.000 0.181 0.000 1.175 0.745 0.055 1.095 0.045 0.225 0.315 1.585 1.505 0.835 0.895 0.865 0.765 0.695 0.655 0.775 0.905 1.025 0.915 1.055 0.835 0.765 0.955 0.635 0.675 0.685 0.505 0.625 0.355 0.445 0.285 0.545
0.026 0.000 0.077 0.003 0.000 0.000 0.427 0.000 0.000 0.461 0.116 1.366 0.048 0.138 0.297 0.527 0.620 0.000 0.000 0.000 0.110 0.800 0.110 0.310 0.610 0.000 0.809 0.759 0.739 0.049 1.009 0.779 0.309 0.219 0.059 0.000 0.002 0.000 0.000 0.000 0.000 0.000 0.112 0.000 0.000 0.475 0.525 0.545 1.105 0.000 1.005 1.295 0.805 0.205 0.515 0.705 0.755 0.355 0.335 0.535 0.685 0.715 0.985 0.755 0.955 0.755 0.855 0.415 0.875 0.705 0.495 0.625 0.525 0.545 0.475 0.365 0.415
0.000 0.000 0.000 0.000 0.000 0.000 0.087 0.000 0.557 0.219 1.971 0.000 0.573 0.015 0.489 0.247 0.000 0.000 0.000 0.331 0.000 0.100 0.000 0.000 0.000 0.509 0.829 0.839 0.000 0.000 0.249 0.169 0.089 0.179 0.039 0.000 0.000 0.000 0.000 0.000 0.000 0.000 0.000 0.000 0.000 0.995 0.155 1.015 0.915 0.095 0.295 0.095 0.000 0.000 0.995 0.645 0.525 0.625 0.535 0.415 0.725 0.815 0.775 0.785 0.955 0.755 0.995 0.925 0.895 0.605 0.415 0.865 0.425 0.705 0.375 0.385 0.265
0.000 0.721 0.000 0.092 0.000 0.002 0.277 0.000 0.707 0.238 0.006 0.637 0.000 0.026 0.355 0.000 0.000 0.000 0.000 0.000 0.252 0.000 0.000 0.072 0.000 0.789 0.709 0.000 0.629 0.399 0.659 0.000 0.000 0.000 0.000 0.000 0.000 0.000 0.000 0.021 0.000 0.000 0.000 0.326 0.666 0.000 1.025 0.575 0.095 1.285 1.355 0.985 1.225 0.655 1.025 0.595 0.755 0.605 0.695 0.595 0.455 0.865 0.435 0.625 0.545 0.715 0.975 1.005 0.735 0.275 0.625 0.575 0.595 0.405 0.585 0.465 0.000
1.091 0.871 0.000 0.001 0.000 0.000 0.000 0.000 0.627 0.000 0.347 0.000 0.952 0.000 0.677 0.000 0.094 0.000 0.000 0.000 0.000 0.485 0.695 0.000 0.679 0.829 0.599 0.569 0.609 0.000 0.000 0.012 0.000 0.000 0.000 0.000 0.000 0.000 0.000 0.000 0.000 0.000 0.206 0.346 0.786 0.706 0.000 0.000 0.095 0.175 0.085 0.000 0.000 1.005 0.965 0.995 0.905 0.755 0.615 0.705 0.905 0.905 0.435 0.485 0.455 0.755 0.885 0.845 0.725 0.775 0.625 0.485 0.315 0.255 0.235 0.000 0.000
0.221 0.000 0.000 0.000 0.000 0.182 0.000 0.000 0.466 0.216 0.000 0.031 0.472 0.404 0.525 0.000 0.794 0.074 0.000 0.021 0.000 0.015 0.000 0.799 0.779 0.799 0.000 0.081 0.000 0.000 0.325 0.000 0.000 0.000 0.000 0.000 0.000 0.000 0.000 0.000 0.000 0.000 0.296 0.636 0.156 0.666 0.000 0.000 0.000 1.075 0.045 0.125 0.885 0.825 0.725 0.805 0.765 0.885 0.675 0.885 0.735 0.715 0.675 0.545 0.435 0.665 0.785 0.645 0.575 0.365 0.565 0.325 0.205 0.075 0.000 0.000 0.000
0.391 0.000 0.118 0.020 0.003 0.000 0.000 0.226 0.456 1.496 0.000 0.767 0.460 0.601 0.282 0.864 0.000 0.634 0.000 0.000 0.000 0.155 0.001 0.519 0.809 0.000 0.000 0.413 0.613 0.002 0.145 0.000 0.000 0.000 0.000 0.000 0.161 0.000 0.000 0.000 0.000 0.000 0.366 1.206 1.006 1.056 0.236 0.000 0.074 0.000 1.235 1.405 0.955 0.865 0.825 0.825 0.765 0.785 0.725 0.665 0.785 0.715 0.735 0.735 0.585 0.535 0.635 0.725 0.705 0.575 0.425 0.265 0.000 0.000 0.000 0.000 0.000
0.000 0.857 0.057 0.000 0.975 0.000 0.000 0.346 0.396 1.796 0.000 0.616 0.187 0.419 0.000 1.014 0.794 1.184 0.000 0.000 0.000 0.000 0.649 0.609 0.769 0.000 0.000 0.000 0.333 0.193 0.000 0.022 0.000 0.000 0.000 0.000 0.000 0.000 0.013 0.002 0.000 0.000 0.526 0.066 1.076 0.166 0.946 0.000 0.000 0.965 1.235 0.075 0.945 0.935 0.945 1.015 0.835 0.645 0.635 0.825 0.765 0.745 0.735 0.595 0.565 0.765 0.345 0.265 0.455 0.685 0.135 0.000 0.000 0.000 0.000 0.000 0.000
0.236 0.000 0.796 0.000 0.000 0.257 0.000 0.000 0.097 0.000 0.453 0.524 0.554 0.275 0.793 1.053 0.000 0.623 0.000 0.600 0.840 0.000 0.010 0.679 0.000 0.102 0.000 0.002 0.113 0.043 0.083 0.000 0.000 0.000 0.000 0.021 0.000 0.182 0.000 0.000 0.001 0.146 0.236 0.626 0.456 0.696 1.576 0.000 0.000 1.025 0.535 0.000 1.075 0.885 0.885 0.875 0.855 0.705 0.605 0.735 0.605 0.635 0.825 0.745 0.555 0.655 0.605 0.415 0.045 0.025 0.000 0.000 0.000 0.000 0.000 0.000 0.000
