includes/camargue/floodfiles/results/res-0007.wd
ncols         906
nrows         631
xllcorner     362177.146667
yllcorner     6534725.688020
cellsize      20.000000
NODATA_value  -9999.000000
[rows 510 to 543 of 631, columns 154 to 230 of 906]
3.282 3.282 3.267 3.250 3.206 3.116 3.025 2.935 2.845 2.754 2.664 2.574 2.483 2.395 2.346 2.326 2.306 2.286 2.266 2.246 2.227 2.207 2.187 2.179 2.216 2.253 2.290 2.327 2.323 2.318 2.313 2.308 2.303 2.295 2.288 2.280 2.272 2.260 2.248 2.236 2.224 2.212 2.213 2.230 2.246 2.263 2.280 2.307 2.338 2.369 2.400 2.393 2.383 2.374 2.365 2.355 2.335 2.303 2.314 2.364 2.413 2.463 2.514 2.565 2.615 2.666 2.708 2.687 2.666 2.645 2.631 2.629 2.628 2.626 2.625 2.623 2.657
3.272 3.272 3.271 3.254 3.183 3.093 3.002 2.912 2.822 2.737 2.651 2.566 2.481 2.396 2.343 2.307 2.287 2.267 2.247 2.228 2.208 2.188 2.168 2.175 2.212 2.249 2.286 2.323 2.360 2.369 2.364 2.359 2.354 2.346 2.339 2.331 2.319 2.307 2.295 2.283 2.271 2.259 2.247 2.263 2.280 2.297 2.319 2.350 2.381 2.412 2.443 2.451 2.442 2.433 2.423 2.400 2.368 2.337 2.341 2.391 2.441 2.491 2.540 2.590 2.641 2.692 2.741 2.720 2.699 2.694 2.692 2.691 2.689 2.688 2.686 2.685 2.719
3.262 3.262 3.261 3.250 3.164 3.078 2.993 2.908 2.823 2.737 2.652 2.567 2.482 2.407 2.355 2.303 2.268 2.249 2.229 2.209 2.189 2.169 2.149 2.171 2.208 2.245 2.282 2.319 2.356 2.393 2.415 2.409 2.404 2.397 2.390 2.378 2.366 2.354 2.342 2.331 2.319 2.307 2.295 2.297 2.314 2.331 2.362 2.393 2.424 2.455 2.486 2.510 2.501 2.491 2.465 2.433 2.402 2.370 2.369 2.419 2.468 2.518 2.568 2.618 2.667 2.717 2.768 2.759 2.757 2.755 2.754 2.752 2.751 2.749 2.747 2.746 2.780
3.322 3.349 3.377 3.308 3.164 3.079 2.994 2.909 2.823 2.738 2.653 2.568 2.483 2.419 2.367 2.315 2.264 2.230 2.210 2.190 2.170 2.150 2.130 2.167 2.204 2.241 2.278 2.315 2.352 2.389 2.426 2.460 2.455 2.449 2.438 2.426 2.414 2.402 2.390 2.378 2.366 2.354 2.342 2.331 2.348 2.374 2.405 2.436 2.467 2.498 2.529 2.560 2.559 2.530 2.498 2.467 2.435 2.403 2.396 2.446 2.496 2.545 2.595 2.645 2.695 2.745 2.827 2.822 2.818 2.817 2.815 2.814 2.812 2.810 2.809 2.807 2.841
3.475 3.502 3.530 3.386 3.213 3.080 2.995 2.909 2.824 2.739 2.654 2.569 2.483 2.431 2.379 2.327 2.276 2.224 2.191 2.171 2.151 2.132 2.126 2.163 2.200 2.237 2.274 2.311 2.348 2.385 2.422 2.459 2.496 2.497 2.485 2.473 2.461 2.449 2.437 2.425 2.413 2.402 2.390 2.378 2.387 2.417 2.449 2.481 2.514 2.547 2.580 2.612 2.597 2.563 2.532 2.500 2.468 2.437 2.424 2.474 2.523 2.573 2.623 2.672 2.737 2.827 2.918 2.910 2.892 2.878 2.877 2.875 2.873 2.872 2.870 2.869 2.902
3.628 3.656 3.636 3.463 3.291 3.118 2.995 2.910 2.825 2.740 2.655 2.569 2.495 2.443 2.391 2.339 2.288 2.236 2.184 2.152 2.133 2.113 2.122 2.159 2.196 2.233 2.270 2.307 2.344 2.381 2.498 2.660 2.823 2.665 2.646 2.633 2.620 2.607 2.595 2.582 2.569 2.557 2.544 2.531 2.475 2.485 2.518 2.551 2.583 2.616 2.649 2.682 2.649 2.606 2.565 2.533 2.502 2.470 2.451 2.501 2.551 2.600 2.650 2.738 2.828 2.918 3.008 2.998 2.980 2.962 2.943 2.936 2.935 2.933 2.932 2.930 2.963
3.781 3.809 3.713 3.540 3.368 3.196 3.023 2.911 2.826 2.741 2.655 2.570 2.507 2.455 2.403 2.351 2.300 2.248 2.196 2.144 2.114 2.094 2.118 2.155 2.192 2.229 2.266 2.426 2.588 2.751 2.914 3.077 3.144 2.964 2.820 2.807 2.795 2.782 2.769 2.757 2.744 2.731 2.718 2.694 2.628 2.561 2.587 2.620 2.653 2.685 2.718 2.746 2.702 2.659 2.615 2.572 2.535 2.503 2.479 2.529 2.578 2.648 2.738 2.829 2.919 3.009 3.099 3.086 3.068 3.050 3.031 3.013 2.996 2.994 2.993 2.991 3.024
3.935 3.962 3.790 3.618 3.445 3.273 3.101 2.928 2.827 2.741 2.656 2.571 2.519 2.467 2.415 2.363 2.312 2.260 2.208 2.156 2.104 2.077 2.114 2.191 2.354 2.516 2.679 2.842 3.005 3.168 3.330 3.493 3.442 3.262 3.081 2.982 2.969 2.956 2.944 2.931 2.918 2.905 2.893 2.847 2.781 2.714 2.657 2.689 2.722 2.755 2.787 2.798 2.755 2.711 2.668 2.625 2.581 2.538 2.506 2.559 2.649 2.739 2.829 2.919 3.009 3.099 3.189 3.174 3.156 3.138 3.120 3.101 3.083 3.065 3.054 3.053 3.085
4.088 4.040 3.868 3.695 3.523 3.350 3.178 3.005 2.833 2.742 2.657 2.582 2.531 2.479 2.427 2.375 2.323 2.272 2.220 2.170 2.174 2.260 2.445 2.607 2.770 2.933 3.096 3.258 3.421 3.584 3.747 3.910 3.741 3.560 3.380 3.199 3.144 3.131 3.118 3.105 3.093 3.080 3.067 3.000 2.933 2.867 2.800 2.759 2.791 2.824 2.857 2.851 2.808 2.764 2.721 2.677 2.634 2.590 2.584 2.650 2.740 2.830 2.920 3.010 3.100 3.190 3.280 3.263 3.244 3.226 3.208 3.190 3.171 3.153 3.135 3.117 3.169
4.241 4.117 3.945 3.772 3.600 3.428 3.255 3.083 2.910 2.743 2.658 2.594 2.543 2.491 2.439 2.399 2.403 2.408 2.412 2.417 2.421 2.590 2.847 3.024 3.186 3.349 3.512 3.675 3.838 4.000 4.163 4.220 4.039 3.858 3.678 3.498 3.318 3.305 3.292 3.280 3.267 3.254 3.219 3.153 3.086 3.019 2.953 2.886 2.861 2.893 2.926 2.904 2.860 2.817 2.773 2.730 2.727 2.727 2.729 2.784 2.839 2.921 3.011 3.101 3.191 3.281 3.369 3.351 3.333 3.314 3.296 3.278 3.260 3.241 3.261 3.303 3.334
4.367 4.195 4.022 3.850 3.677 3.505 3.333 3.160 2.988 2.815 2.658 2.628 2.632 2.637 2.641 2.646 2.650 2.655 2.659 2.664 2.668 2.920 3.177 3.433 3.603 3.765 3.928 4.091 4.254 4.417 4.580 4.518 4.337 4.157 3.976 3.796 3.615 3.480 3.467 3.454 3.442 3.429 3.372 3.305 3.239 3.172 3.105 3.039 2.972 2.963 2.995 2.956 2.913 2.871 2.871 2.870 2.870 2.869 2.874 2.929 2.984 3.040 3.101 3.191 3.281 3.372 3.457 3.439 3.421 3.403 3.384 3.366 3.390 3.431 3.473 3.515 3.545
4.444 4.272 4.099 3.927 3.755 3.582 3.412 3.361 3.309 3.258 3.116 2.875 2.879 2.884 2.889 2.893 2.897 2.902 2.907 2.911 2.993 3.250 3.507 3.763 4.019 4.182 4.345 4.507 4.670 4.833 4.996 4.816 4.636 4.455 4.275 4.094 3.914 3.733 3.641 3.629 3.616 3.591 3.525 3.458 3.391 3.325 3.258 3.191 3.125 3.058 3.053 3.015 3.014 3.014 3.013 3.013 3.012 3.012 3.019 3.074 3.129 3.185 3.240 3.295 3.372 3.462 3.546 3.527 3.509 3.491 3.519 3.560 3.602 3.644 3.686 3.726 3.756
4.521 4.349 4.266 4.215 4.163 4.112 4.060 4.009 3.958 3.906 3.672 3.343 3.127 3.131 3.136 3.140 3.145 3.149 3.154 3.158 3.323 3.580 3.837 4.093 4.350 4.598 4.761 4.924 5.087 5.249 5.295 5.114 4.934 4.753 4.573 4.392 4.212 4.032 3.851 3.803 3.790 3.744 3.677 3.611 3.544 3.477 3.411 3.344 3.283 3.243 3.189 3.157 3.157 3.156 3.156 3.155 3.155 3.154 3.163 3.219 3.274 3.330 3.385 3.440 3.496 3.553 3.634 3.616 3.648 3.689 3.731 3.773 3.814 3.856 3.898 3.937 3.967
5.017 4.966 4.915 4.863 4.812 4.760 4.709 4.657 4.606 4.554 4.227 3.898 3.570 3.378 3.383 3.387 3.392 3.396 3.401 3.405 3.653 3.910 4.167 4.423 4.680 4.937 5.177 5.340 5.503 5.666 5.593 5.413 5.232 5.052 4.871 4.691 4.510 4.330 4.149 3.977 3.963 3.896 3.830 3.763 3.711 3.671 3.631 3.591 3.551 3.511 3.451 3.369 3.299 3.299 3.298 3.298 3.297 3.297 3.308 3.364 3.419 3.475 3.530 3.585 3.641 3.696 3.773 3.818 3.860 3.902 3.943 3.985 4.027 4.068 4.110 4.148 4.177
5.613 5.614 5.563 5.511 5.460 5.408 5.357 5.306 5.254 5.111 4.782 4.454 4.125 3.796 3.630 3.634 3.639 3.643 3.648 3.727 3.983 4.240 4.497 4.753 5.010 5.267 5.523 5.756 5.919 6.072 5.891 5.711 5.530 5.350 5.169 4.989 4.808 4.628 4.448 4.267 4.138 4.098 4.058 4.018 3.978 3.938 3.898 3.858 3.818 3.778 3.713 3.631 3.550 3.468 3.440 3.440 3.439 3.439 3.453 3.509 3.564 3.619 3.675 3.730 3.810 3.898 3.974 4.027 4.072 4.114 4.156 4.197 4.239 4.281 4.322 4.358 4.388
6.087 6.229 6.211 6.160 6.108 6.057 6.005 5.954 5.902 5.666 5.338 5.009 4.680 4.352 4.023 3.881 3.886 3.890 3.895 4.056 4.313 4.570 4.827 5.083 5.340 5.597 5.853 6.110 6.335 6.370 6.189 6.009 5.828 5.648 5.467 5.287 5.106 4.925 4.744 4.564 4.445 4.365 4.325 4.285 4.245 4.205 4.165 4.125 4.085 4.045 3.974 3.893 3.811 3.730 3.648 3.582 3.582 3.581 3.598 3.654 3.709 3.764 3.843 3.930 4.017 4.104 4.175 4.228 4.281 4.326 4.368 4.410 4.451 4.493 4.535 4.569 4.599
6.561 6.703 6.844 6.808 6.757 6.705 6.654 6.602 6.550 6.221 5.893 5.564 5.235 4.907 4.578 4.249 4.133 4.137 4.142 4.386 4.643 4.900 5.157 5.413 5.670 5.927 6.183 6.440 6.671 6.668 6.487 6.306 6.125 5.945 5.764 5.583 5.402 5.222 5.041 4.875 4.771 4.668 4.592 4.552 4.512 4.472 4.433 4.393 4.353 4.313 4.236 4.154 4.073 3.991 3.910 3.828 3.747 3.724 3.743 3.798 3.875 3.962 4.049 4.136 4.223 4.310 4.376 4.428 4.481 4.534 4.580 4.622 4.664 4.705 4.747 4.780 4.809
7.035 7.177 7.318 7.456 7.405 7.354 7.302 7.251 7.105 6.777 6.448 6.119 5.791 5.462 5.133 4.805 4.476 4.384 4.460 4.716 4.973 5.230 5.486 5.730 5.953 6.175 6.398 6.620 6.826 6.878 6.783 6.603 6.422 6.241 6.060 5.880 5.699 5.518 5.338 5.200 5.097 4.994 4.890 4.820 4.780 4.740 4.700 4.660 4.620 4.579 4.497 4.416 4.334 4.253 4.171 4.090 4.008 3.927 3.907 3.994 4.081 4.168 4.255 4.342 4.429 4.516 4.576 4.629 4.682 4.735 4.788 4.834 4.876 4.918 4.959 4.991 5.020
7.509 7.650 7.792 7.934 8.053 8.002 7.950 7.899 7.661 7.332 7.003 6.675 6.346 6.017 5.689 5.360 5.031 4.702 4.789 5.012 5.234 5.456 5.679 5.901 6.124 6.346 6.569 6.791 6.933 6.985 7.037 6.899 6.719 6.538 6.357 6.176 5.996 5.815 5.634 5.526 5.423 5.320 5.216 5.113 5.047 5.007 4.967 4.927 4.887 4.841 4.759 4.678 4.596 4.515 4.433 4.351 4.270 4.189 4.140 4.212 4.287 4.374 4.461 4.548 4.635 4.722 4.777 4.830 4.883 4.936 4.989 5.042 5.088 5.130 5.172 5.201 5.231
7.983 8.124 8.266 8.408 8.550 8.650 8.599 8.544 8.216 7.887 7.558 7.230 6.901 6.572 6.224 5.808 5.393 4.977 4.981 5.183 5.405 5.628 5.850 6.072 6.295 6.517 6.740 6.962 7.041 7.093 7.145 7.196 7.015 6.834 6.654 6.473 6.292 6.112 5.955 5.852 5.749 5.645 5.542 5.439 5.335 5.274 5.234 5.194 5.154 5.102 5.021 4.939 4.858 4.776 4.695 4.613 4.533 4.452 4.376 4.448 4.520 4.592 4.667 4.754 4.841 4.925 4.978 5.031 5.084 5.137 5.189 5.243 5.295 5.342 5.382 5.412 5.442
8.457 8.598 8.740 8.882 9.024 9.165 9.247 9.100 8.771 8.442 8.081 7.665 7.250 6.834 6.418 6.003 5.587 5.288 5.320 5.354 5.576 5.799 6.021 6.243 6.466 6.688 6.911 7.097 7.149 7.200 7.253 7.305 7.312 7.131 6.950 6.770 6.589 6.408 6.281 6.178 6.075 5.971 5.868 5.765 5.661 5.558 5.501 5.461 5.421 5.364 5.282 5.201 5.119 5.038 4.957 4.876 4.795 4.715 4.634 4.685 4.756 4.828 4.900 4.971 5.047 5.126 5.178 5.231 5.284 5.337 5.390 5.443 5.496 5.549 5.593 5.617 5.640
8.931 9.072 9.214 9.356 9.498 9.639 9.710 9.522 9.107 8.691 8.275 7.860 7.444 7.028 6.613 6.197 5.781 5.627 5.660 5.693 5.747 5.970 6.192 6.414 6.637 6.859 7.082 7.204 7.256 7.308 7.360 7.412 7.464 7.428 7.247 7.066 6.885 6.710 6.607 6.504 6.400 6.297 6.194 6.090 5.987 5.884 5.780 5.729 5.689 5.625 5.544 5.462 5.381 5.300 5.220 5.139 5.058 4.977 4.896 4.921 4.993 5.064 5.136 5.208 5.279 5.377 5.432 5.488 5.543 5.599 5.655 5.710 5.766 5.812 5.801 5.814 5.837
9.404 9.546 9.681 9.648 9.615 9.581 9.548 9.493 9.301 8.885 8.470 8.054 7.638 7.223 6.807 6.391 5.976 5.967 6.000 6.032 6.065 6.141 6.363 6.585 6.808 7.030 7.253 7.312 7.364 7.416 7.468 7.520 7.572 7.624 7.543 7.363 7.182 7.036 6.933 6.830 6.726 6.623 6.520 6.416 6.313 6.210 6.106 6.003 5.956 5.887 5.805 5.725 5.644 5.563 5.482 5.401 5.321 5.240 5.159 5.157 5.229 5.301 5.372 5.444 5.546 5.655 5.726 5.782 5.837 5.893 5.948 6.004 6.047 6.027 6.016 6.027 6.039
9.586 9.553 9.520 9.486 9.453 9.419 9.382 9.326 9.269 9.080 8.664 8.248 7.833 7.417 7.001 6.586 6.274 6.307 6.339 6.372 6.405 6.437 6.534 6.756 6.979 7.201 7.367 7.419 7.471 7.523 7.575 7.627 7.679 7.731 7.783 7.659 7.479 7.362 7.259 7.155 7.052 6.949 6.845 6.742 6.639 6.535 6.432 6.329 6.225 6.149 6.068 5.987 5.906 5.826 5.745 5.664 5.583 5.503 5.422 5.394 5.465 5.537 5.609 5.711 5.819 5.928 6.020 6.075 6.131 6.186 6.242 6.282 6.262 6.243 6.231 6.242 6.253
9.425 9.391 9.358 9.325 9.291 9.258 9.215 9.158 9.102 9.045 8.858 8.443 8.027 7.611 7.196 6.780 6.614 6.646 6.679 6.712 6.744 6.777 6.810 6.928 7.150 7.372 7.475 7.527 7.579 7.631 7.683 7.735 7.787 7.839 7.891 7.943 7.791 7.688 7.585 7.481 7.378 7.266 7.127 6.987 6.848 6.709 6.570 6.431 6.329 6.294 6.261 6.227 6.169 6.088 6.008 5.927 5.846 5.765 5.685 5.630 5.702 5.773 5.875 5.983 6.092 6.201 6.309 6.369 6.425 6.480 6.517 6.497 6.478 6.458 6.446 6.457 6.468
9.263 9.230 9.196 9.163 9.129 9.096 9.047 8.991 8.934 8.878 8.821 8.637 8.221 7.806 7.390 6.974 6.953 6.986 7.019 7.051 7.084 7.117 7.149 7.182 7.321 7.530 7.582 7.634 7.686 7.738 7.790 7.842 7.895 7.943 7.973 8.002 7.988 7.849 7.709 7.570 7.431 7.292 7.153 7.014 6.875 6.736 6.597 6.458 6.414 6.379 6.345 6.312 6.278 6.244 6.210 6.176 6.109 6.028 5.947 5.867 5.938 6.039 6.148 6.256 6.365 6.473 6.582 6.663 6.718 6.752 6.732 6.713 6.693 6.673 6.661 6.672 6.683
9.101 9.068 9.034 9.001 8.968 8.934 8.880 8.823 8.767 8.710 8.654 8.597 8.416 8.000 7.584 7.260 7.293 7.326 7.358 7.391 7.424 7.456 7.489 7.522 7.554 7.638 7.684 7.714 7.743 7.772 7.802 7.831 7.861 7.891 7.920 7.947 7.947 7.875 7.736 7.597 7.458 7.319 7.180 7.041 6.902 6.763 6.624 6.535 6.500 6.465 6.430 6.396 6.363 6.329 6.295 6.261 6.228 6.194 6.160 6.126 6.204 6.312 6.421 6.529 6.638 6.746 6.855 6.956 6.987 6.967 6.948 6.928 6.908 6.888 6.876 6.887 6.898
8.939 8.906 8.873 8.839 8.806 8.768 8.712 8.656 8.599 8.543 8.486 8.429 8.373 8.194 7.778 7.600 7.633 7.665 7.698 7.731 7.763 7.785 7.794 7.803 7.811 7.628 7.631 7.661 7.690 7.720 7.749 7.779 7.808 7.838 7.867 7.880 7.881 7.882 7.763 7.624 7.485 7.346 7.207 7.068 6.929 6.790 6.655 6.620 6.585 6.550 6.515 6.481 6.447 6.414 6.380 6.346 6.312 6.279 6.245 6.261 6.346 6.464 6.582 6.700 6.818 6.936 7.054 7.168 7.202 7.183 7.163 7.143 7.123 7.103 7.091 7.102 7.113
8.778 8.744 8.711 8.677 8.644 8.601 8.545 8.488 8.431 8.375 8.318 8.262 8.205 8.149 7.973 7.940 7.967 7.975 7.984 7.993 8.002 8.010 8.019 8.028 7.983 7.764 7.579 7.608 7.637 7.667 7.697 7.726 7.755 7.785 7.813 7.814 7.815 7.815 7.790 7.651 7.512 7.373 7.234 7.095 6.955 6.816 6.740 6.705 6.670 6.635 6.600 6.566 6.532 6.499 6.465 6.431 6.397 6.363 6.344 6.417 6.490 6.593 6.711 6.829 6.948 7.066 7.184 7.276 7.337 7.398 7.378 7.358 7.338 7.318 7.306 7.317 7.328
8.462 8.583 8.549 8.516 8.482 8.433 8.377 8.320 8.264 8.207 8.151 8.094 8.042 8.014 8.025 8.183 8.192 8.201 8.209 8.218 8.227 8.236 8.244 8.253 8.119 7.899 7.679 7.555 7.585 7.614 7.644 7.673 7.703 7.732 7.747 7.747 7.748 7.749 7.750 7.678 7.538 7.399 7.260 7.121 6.982 6.861 6.826 6.791 6.756 6.721 6.686 6.651 6.617 6.583 6.550 6.516 6.482 6.448 6.500 6.573 6.646 6.723 6.841 6.959 7.077 7.195 7.313 7.384 7.445 7.507 7.568 7.573 7.553 7.534 7.521 7.532 7.543
8.001 8.202 8.387 8.354 8.321 8.266 8.209 8.153 8.096 8.055 8.028 8.000 7.973 7.945 8.029 8.274 8.417 8.426 8.435 8.443 8.452 8.461 8.470 8.474 8.254 8.034 7.815 7.595 7.532 7.562 7.591 7.621 7.650 7.680 7.680 7.681 7.682 7.682 7.683 7.684 7.565 7.426 7.287 7.148 7.009 6.946 6.911 6.876 6.841 6.806 6.771 6.736 6.702 6.668 6.634 6.601 6.567 6.583 6.657 6.730 6.803 6.876 6.970 7.089 7.207 7.325 7.431 7.493 7.554 7.615 7.676 7.737 7.769 7.749 7.736 7.747 7.758
7.539 7.740 7.941 8.142 8.155 8.098 8.068 8.041 8.014 7.986 7.958 7.931 7.903 7.876 8.032 8.278 8.523 8.651 8.660 8.669 8.677 8.686 8.695 8.609 8.389 8.170 7.950 7.730 7.511 7.509 7.538 7.568 7.597 7.613 7.614 7.615 7.615 7.616 7.617 7.617 7.592 7.453 7.314 7.175 7.066 7.031 6.996 6.961 6.926 6.891 6.856 6.821 6.787 6.753 6.719 6.685 6.666 6.739 6.813 6.886 6.959 7.032 7.105 7.218 7.336 7.454 7.540 7.601 7.662 7.723 7.784 7.845 7.906 7.964 7.951 7.962 7.918
7.077 7.278 7.479 7.789 8.006 8.027 7.999 7.972 7.944 7.917 7.889 7.862 7.834 7.807 8.036 8.281 8.527 8.772 8.885 8.894 8.903 8.911 8.920 8.744 8.525 8.305 8.085 7.866 7.646 7.456 7.486 7.515 7.545 7.547 7.547 7.548 7.549 7.549 7.550 7.551 7.552 7.480 7.341 7.202 7.152 7.117 7.082 7.047 7.012 6.977 6.942 6.907 6.872 6.838 6.804 6.770 6.823 6.896 6.969 7.042 7.115 7.188 7.261 7.348 7.466 7.584 7.648 7.709 7.770 7.831 7.892 7.953 8.015 8.039 8.056 8.023 7.961
6.710 7.021 7.332 7.643 7.806 7.892 7.930 7.903 7.875 7.848 7.820 7.793 7.765 7.794 8.039 8.285 8.530 8.776 9.021 9.119 9.128 9.137 9.099 8.879 8.660 8.440 8.221 8.001 7.782 7.562 7.433 7.462 7.480 7.480 7.481 7.482 7.482 7.483 7.484 7.484 7.485 7.486 7.367 7.272 7.237 7.202 7.167 7.132 7.097 7.062 7.027 6.992 6.957 6.923 6.889 6.906 6.979 7.052 7.125 7.198 7.271 7.344 7.417 7.490 7.595 7.695 7.756 7.817 7.878 7.939 7.935 7.926 7.917 7.908 7.943 8.019 8.005
