includes/camargue/floodfiles/results/res-0014.wdfp
ncols         906
nrows         631
xllcorner     362177.146667
yllcorner     6534725.688020
cellsize      20.000000
NODATA_value  -9999.000000
[rows 442 to 475 of 631, columns 539 to 615 of 906]
0.402 0.435 0.477 0.569 1.011 0.502 0.604 0.665 0.686 0.667 0.727 0.648 0.689 1.230 1.270 0.951 0.942 0.883 0.853 0.854 0.934 1.045 1.016 0.966 0.957 1.127 1.118 1.028 1.069 1.009 1.160 1.170 1.210 1.582 1.261 1.161 1.292 1.202 1.163 1.253 1.274 1.305 1.725 1.256 1.276 1.186 1.207 1.237 1.228 1.818 1.249 1.329 1.310 1.320 1.834 1.837 1.840 1.843 1.845 1.848 1.850 1.853 1.855 1.865 1.876 1.896 1.920 1.938 1.947 1.956 1.964 1.973 1.981 1.990 1.998 2.007 2.015
0.274 0.286 0.648 0.460 0.632 0.603 0.584 0.695 0.636 0.647 0.848 0.779 0.840 0.920 1.211 1.165 1.187 1.209 1.114 0.965 1.005 0.916 1.177 1.017 1.038 1.198 1.169 1.049 1.180 1.150 1.080 1.261 1.181 1.161 1.152 1.302 1.293 1.283 1.667 1.204 1.245 1.315 1.721 1.227 1.267 1.287 1.188 1.788 1.801 1.299 1.309 1.823 1.330 1.311 1.831 1.834 1.837 1.839 1.842 1.845 1.847 1.852 1.863 1.874 1.886 1.905 1.929 1.953 1.977 1.990 1.999 2.008 2.016 2.025 2.033 2.042 2.050
0.435 0.367 0.358 0.420 0.592 0.623 0.595 0.666 0.727 0.818 0.629 0.780 0.900 0.861 0.782 0.872 0.863 1.214 1.250 0.955 0.896 0.967 1.127 1.148 1.008 1.149 1.129 1.140 1.160 1.081 1.071 1.141 1.172 1.232 1.223 1.233 1.184 1.274 1.274 1.195 1.236 1.276 1.277 1.732 1.745 1.298 1.289 1.279 1.299 1.310 1.330 1.820 1.823 1.311 1.828 1.831 1.834 1.836 1.839 1.842 1.850 1.861 1.873 1.884 1.896 1.914 1.938 1.962 1.986 2.010 2.034 2.043 2.051 2.060 2.068 2.077 2.085
0.576 0.597 0.519 0.481 1.163 0.634 0.695 0.726 0.618 0.809 0.750 0.850 0.981 0.792 0.792 0.683 0.934 1.005 1.269 1.036 0.997 1.108 1.138 1.129 1.129 1.180 1.100 1.181 1.517 1.111 1.202 1.192 1.173 1.263 1.194 1.284 1.314 1.295 1.255 1.186 1.267 1.297 1.715 1.729 1.742 1.755 1.768 1.270 1.795 1.290 1.815 1.817 1.820 1.823 1.825 1.828 1.831 1.833 1.837 1.848 1.859 1.871 1.882 1.894 1.905 1.923 1.947 1.971 1.995 2.019 2.043 2.067 2.086 2.095 2.103 2.112 2.120
0.487 0.448 0.750 0.541 0.473 0.705 0.816 0.697 0.728 0.809 0.880 0.831 0.902 0.832 0.863 0.834 1.035 0.785 1.289 1.037 0.918 1.118 1.219 1.199 1.280 1.160 1.051 1.201 1.232 1.132 1.282 1.163 1.133 1.164 1.244 1.235 1.245 1.266 1.326 1.277 1.328 1.699 1.319 1.725 1.738 1.752 1.765 1.778 1.331 1.805 1.812 1.814 1.817 1.820 1.822 1.825 1.827 1.835 1.846 1.858 1.869 1.881 1.892 1.904 1.915 1.932 1.956 1.980 2.004 2.028 2.052 2.076 2.100 2.123 2.138 2.147 2.155
0.558 0.549 0.530 0.642 0.714 0.715 0.806 0.717 0.779 0.680 0.851 0.872 0.892 0.843 0.904 1.045 0.846 0.776 1.308 0.908 1.079 1.179 1.150 1.230 1.101 1.251 1.232 1.232 1.222 1.073 1.213 1.184 1.304 1.265 1.669 1.226 1.286 1.257 1.691 1.248 1.702 1.707 1.712 1.722 1.735 1.290 1.762 1.775 1.788 1.801 1.809 1.811 1.814 1.817 1.819 1.822 1.833 1.845 1.856 1.867 1.879 1.890 1.902 1.913 1.925 1.941 1.965 1.989 2.013 2.037 2.061 2.085 2.109 2.133 2.156 2.180 2.190
0.518 0.530 0.531 0.523 0.534 0.576 1.017 0.698 0.789 0.760 0.821 0.772 0.913 0.944 0.905 0.916 0.927 1.017 1.018 1.351 1.376 1.030 1.100 1.191 1.181 1.192 1.202 1.253 1.283 1.204 1.124 1.275 1.155 1.246 1.206 1.237 1.277 1.278 1.218 1.710 1.715 1.330 1.270 1.730 1.735 1.321 1.758 1.771 1.784 1.797 1.806 1.808 1.811 1.814 1.820 1.831 1.843 1.854 1.866 1.877 1.889 1.900 1.911 1.923 1.934 1.950 1.974 1.998 2.022 2.046 2.070 2.094 2.118 2.142 2.166 2.189 2.213
0.619 0.541 0.662 0.644 0.725 0.697 0.728 0.859 0.950 0.781 0.882 0.873 1.014 0.845 0.926 1.007 0.997 0.978 1.149 0.879 1.395 1.420 1.444 1.112 1.152 1.519 1.542 1.243 1.234 1.305 1.285 1.125 1.176 1.206 1.177 1.701 1.328 1.299 1.319 1.722 1.727 1.732 1.738 1.743 1.748 1.753 1.758 1.768 1.781 1.794 1.803 1.805 1.808 1.818 1.830 1.841 1.853 1.864 1.875 1.887 1.898 1.910 1.921 1.933 1.944 1.959 1.983 2.007 2.031 2.055 2.079 2.103 2.127 2.151 2.175 2.198 2.222
0.550 0.622 0.593 0.535 0.546 0.728 0.799 0.650 0.721 0.832 0.873 0.894 0.845 1.126 1.007 1.057 0.948 1.079 1.069 1.080 1.061 1.081 1.463 1.172 1.213 1.253 1.294 1.204 1.315 1.325 1.266 1.246 1.187 1.177 1.228 1.259 1.719 1.724 1.730 1.735 1.740 1.291 1.750 1.755 1.760 1.312 1.770 1.775 1.780 1.790 1.800 1.805 1.817 1.828 1.839 1.851 1.862 1.874 1.885 1.897 1.908 1.919 1.931 1.942 1.954 1.968 1.992 2.016 2.040 2.064 2.088 2.112 2.136 2.160 2.184 2.208 2.231
0.661 0.553 0.644 0.716 0.517 1.059 0.760 1.011 0.812 0.862 0.743 0.935 0.876 0.937 0.917 0.968 1.009 1.110 1.060 1.111 1.061 0.942 1.482 1.507 1.164 1.274 1.255 1.584 1.603 1.236 1.197 1.297 1.108 1.268 1.716 1.727 1.732 1.737 1.742 1.747 1.752 1.758 1.763 1.768 1.773 1.778 1.783 1.788 1.793 1.798 1.805 1.815 1.826 1.838 1.849 1.861 1.872 1.883 1.895 1.906 1.918 1.929 1.941 1.952 1.963 1.977 2.001 2.025 2.049 2.073 2.097 2.121 2.145 2.169 2.193 2.217 2.240
0.592 0.674 0.635 0.667 0.788 0.709 0.710 0.741 1.042 0.913 0.804 1.236 0.886 0.957 0.998 0.949 0.970 1.110 1.241 1.151 1.122 1.243 1.083 1.520 1.184 1.255 1.577 1.256 1.257 1.257 1.298 1.198 1.279 1.279 1.300 1.280 1.300 1.749 1.331 1.760 1.765 1.770 1.775 1.780 1.785 1.790 1.795 1.800 1.805 1.813 1.821 1.829 1.837 1.847 1.859 1.870 1.882 1.893 1.905 1.916 1.927 1.939 1.950 1.962 1.973 1.986 2.010 2.034 2.058 2.082 2.106 2.130 2.154 2.178 2.202 2.226 2.250
0.723 0.695 0.666 0.728 0.659 0.750 0.781 0.752 0.763 1.274 1.265 0.836 0.837 0.818 0.979 0.910 0.990 1.061 1.172 1.102 1.063 1.113 1.244 1.234 1.551 1.146 1.157 1.237 1.248 1.328 1.318 1.683 1.270 1.300 1.290 1.752 1.331 1.762 1.767 1.772 1.777 1.782 1.788 1.793 1.798 1.803 1.808 1.814 1.822 1.830 1.838 1.846 1.854 1.862 1.870 1.880 1.891 1.903 1.914 1.926 1.937 1.949 1.960 1.971 1.983 1.995 2.019 2.043 2.067 2.091 2.115 2.139 2.163 2.187 2.211 2.235 2.259
0.664 0.675 0.797 0.728 0.730 0.721 0.812 1.083 0.974 0.905 0.835 0.837 0.828 0.769 0.950 0.951 1.051 1.002 1.022 1.063 0.994 1.084 1.155 1.085 1.136 1.582 1.601 1.620 1.638 1.309 1.279 1.250 1.713 1.241 1.751 1.764 1.192 1.292 1.780 1.785 1.790 1.795 1.800 1.805 1.810 1.815 1.822 1.830 1.838 1.846 1.854 1.862 1.870 1.878 1.886 1.894 1.902 1.913 1.924 1.935 1.947 1.958 1.970 1.981 1.993 2.005 2.028 2.052 2.076 2.100 2.124 2.148 2.172 2.196 2.220 2.244 2.268
0.605 0.626 0.748 0.709 0.780 0.742 0.803 0.804 0.925 0.925 0.816 0.958 0.779 0.840 0.921 1.031 0.982 1.002 0.983 1.134 1.084 1.175 1.136 1.176 1.117 1.068 1.612 1.631 1.299 1.270 1.687 1.211 1.725 1.743 1.292 1.777 1.782 1.787 1.313 1.797 1.802 1.807 1.813 1.818 1.823 1.830 1.838 1.847 1.855 1.863 1.871 1.879 1.887 1.895 1.903 1.911 1.919 1.927 1.935 1.945 1.957 1.968 1.979 1.991 2.002 2.014 2.038 2.061 2.085 2.109 2.133 2.157 2.181 2.205 2.229 2.253 2.278
0.706 0.627 0.779 0.760 0.691 0.792 0.843 0.864 0.875 0.946 0.967 0.888 0.960 0.951 0.961 1.373 1.399 0.963 0.974 1.478 1.015 1.256 1.036 1.087 1.188 1.139 1.624 1.643 1.662 1.680 1.321 1.331 1.736 1.755 1.773 1.790 1.795 1.283 1.805 1.810 1.815 1.820 1.825 1.831 1.839 1.847 1.855 1.863 1.871 1.879 1.887 1.895 1.903 1.911 1.919 1.927 1.935 1.943 1.951 1.959 1.967 1.978 1.989 2.001 2.012 2.023 2.047 2.071 2.094 2.118 2.142 2.166 2.191 2.215 2.239 2.263 2.287
0.707 0.678 0.730 0.801 0.812 0.753 0.824 0.785 0.916 0.937 0.968 0.999 0.960 1.011 1.092 1.023 1.053 0.934 0.875 0.925 1.306 1.006 1.551 1.078 1.159 1.229 1.140 1.654 1.673 1.692 1.710 1.729 1.273 1.766 1.785 1.802 1.807 1.812 1.817 1.822 1.827 1.832 1.839 1.847 1.855 1.863 1.871 1.880 1.888 1.896 1.904 1.912 1.920 1.928 1.936 1.944 1.952 1.960 1.968 1.976 1.984 1.992 2.000 2.010 2.022 2.033 2.056 2.080 2.104 2.128 2.152 2.176 2.200 2.224 2.248 2.272 2.296
0.678 0.669 0.700 0.871 0.862 0.824 0.885 0.816 0.947 0.798 0.949 0.920 1.001 1.032 1.042 0.963 1.034 0.965 1.076 1.056 1.067 1.067 0.918 1.169 1.240 1.220 1.644 1.665 1.684 1.703 1.322 1.333 1.759 1.778 1.796 1.815 1.820 1.825 1.830 1.835 1.840 1.847 1.856 1.864 1.872 1.880 1.888 1.896 1.904 1.912 1.920 1.928 1.936 1.944 1.952 1.960 1.968 1.976 1.984 1.992 2.000 2.008 2.016 2.024 2.032 2.043 2.065 2.089 2.113 2.137 2.161 2.185 2.209 2.233 2.257 2.281 2.305
0.659 0.790 0.751 0.782 0.763 0.894 0.955 0.907 0.898 0.969 0.920 0.991 1.052 1.052 1.013 0.924 0.905 0.995 1.106 1.067 1.097 1.058 1.079 1.070 1.605 1.321 1.648 1.222 1.692 1.714 1.733 1.752 1.770 1.789 1.807 1.826 1.832 1.837 1.842 1.848 1.856 1.864 1.872 1.880 1.888 1.896 1.905 1.913 1.921 1.929 1.937 1.945 1.953 1.961 1.969 1.977 1.985 1.993 2.001 2.009 2.017 2.025 2.032 2.040 2.048 2.056 2.075 2.098 2.122 2.146 2.170 2.194 2.218 2.243 2.267 2.291 2.315
0.670 0.781 0.762 0.803 0.704 0.775 0.806 0.807 0.789 1.000 1.051 1.001 0.912 0.893 0.884 0.835 0.976 1.006 1.057 0.997 1.078 1.169 1.200 1.100 1.610 1.632 1.242 1.283 1.697 1.719 1.740 1.762 1.782 1.800 1.819 1.837 1.845 1.850 1.856 1.864 1.872 1.880 1.889 1.897 1.905 1.913 1.921 1.929 1.937 1.945 1.953 1.961 1.969 1.977 1.985 1.993 2.001 2.009 2.017 2.025 2.033 2.041 2.049 2.057 2.065 2.073 2.090 2.111 2.132 2.155 2.180 2.204 2.228 2.252 2.276 2.300 2.324
0.731 0.852 0.713 0.864 0.825 0.876 0.807 0.828 0.930 0.821 0.882 0.952 0.863 0.994 0.925 0.996 0.926 1.451 1.028 1.038 1.139 1.280 1.250 1.221 1.181 1.212 1.303 1.681 1.702 1.724 1.745 1.766 1.788 1.809 1.830 1.848 1.857 1.864 1.872 1.881 1.889 1.897 1.905 1.913 1.921 1.929 1.937 1.946 1.954 1.962 1.970 1.978 1.986 1.994 2.002 2.010 2.018 2.026 2.034 2.042 2.050 2.057 2.065 2.073 2.081 2.089 2.105 2.126 2.147 2.169 2.190 2.213 2.237 2.261 2.285 2.309 2.333
0.722 0.763 0.724 0.795 0.786 0.917 0.948 0.799 0.960 0.871 0.812 0.884 1.024 0.895 1.046 1.287 1.117 1.048 1.038 1.069 1.090 1.080 1.151 1.241 1.152 1.073 1.324 1.686 1.707 1.729 1.750 1.771 1.215 1.814 1.836 1.857 1.873 1.881 1.889 1.897 1.905 1.913 1.921 1.930 1.938 1.946 1.954 1.962 1.970 1.978 1.986 1.994 2.002 2.010 2.018 2.026 2.034 2.042 2.050 2.058 2.066 2.074 2.082 2.090 2.097 2.105 2.120 2.141 2.162 2.184 2.205 2.227 2.248 2.270 2.294 2.318 2.343
0.882 0.704 0.725 0.796 0.817 0.978 0.949 0.870 0.851 0.902 0.823 1.134 0.955 1.016 0.987 1.017 1.068 1.048 1.059 1.010 1.230 1.101 1.192 1.182 1.133 1.223 1.669 1.691 1.712 1.733 1.755 1.776 1.798 1.819 1.841 1.864 1.881 1.893 1.905 1.913 1.922 1.930 1.938 1.946 1.954 1.962 1.970 1.978 1.986 1.994 2.003 2.011 2.019 2.027 2.034 2.042 2.050 2.058 2.066 2.074 2.082 2.090 2.098 2.106 2.114 2.122 2.135 2.156 2.178 2.199 2.220 2.242 2.263 2.284 2.306 2.328 2.352
0.714 0.745 0.816 0.927 0.998 0.819 0.860 0.781 0.912 0.783 0.764 0.935 0.996 0.877 1.037 1.018 1.139 1.179 1.060 1.081 1.121 1.132 1.212 1.113 1.284 1.084 1.315 1.696 1.717 1.326 1.760 1.781 1.803 1.825 1.848 1.871 1.889 1.901 1.913 1.925 1.937 1.946 1.954 1.962 1.971 1.979 1.987 1.995 2.003 2.011 2.019 2.027 2.035 2.043 2.051 2.059 2.067 2.075 2.083 2.091 2.099 2.107 2.115 2.122 2.130 2.138 2.150 2.171 2.193 2.214 2.235 2.257 2.278 2.300 2.321 2.342 2.364
0.765 0.736 0.757 0.788 0.839 0.750 0.731 0.742 0.833 0.854 1.025 0.926 1.047 1.097 1.038 1.089 0.989 1.050 1.121 1.091 1.132 1.173 1.243 1.224 1.636 1.165 1.215 1.700 1.722 1.744 1.765 1.786 1.809 1.832 1.855 1.878 1.897 1.909 1.921 1.933 1.945 1.957 1.969 1.979 1.987 1.995 2.003 2.011 2.019 2.027 2.035 2.043 2.051 2.059 2.067 2.075 2.083 2.091 2.099 2.107 2.115 2.123 2.131 2.139 2.147 2.154 2.165 2.186 2.208 2.229 2.250 2.272 2.293 2.315 2.336 2.357 2.379
0.696 0.757 0.818 0.699 0.850 0.701 0.893 0.814 0.945 0.975 0.926 0.937 0.998 1.008 1.009 0.930 1.080 1.011 1.242 1.072 1.173 1.273 1.124 1.275 1.255 1.296 1.156 1.106 1.727 1.749 1.770 1.793 1.816 1.839 1.862 1.885 1.905 1.917 1.929 1.941 1.953 1.965 1.977 1.989 2.001 2.011 2.019 2.027 2.036 2.044 2.052 2.060 2.068 2.076 2.084 2.092 2.100 2.108 2.116 2.124 2.132 2.139 2.147 2.155 2.163 2.171 2.180 2.201 2.223 2.244 2.265 2.287 2.308 2.330 2.351 2.372 2.394
0.737 0.808 0.640 0.681 0.762 0.753 0.914 1.005 0.756 0.846 0.807 1.038 0.929 1.009 0.940 0.991 1.061 1.182 1.102 1.193 1.224 1.224 1.155 1.205 1.646 1.668 1.247 1.197 1.732 1.754 1.777 1.800 1.823 1.846 1.868 1.891 1.912 1.925 1.937 1.949 1.961 1.973 1.985 1.997 2.009 2.021 2.033 2.044 2.052 2.060 2.068 2.076 2.084 2.092 2.100 2.108 2.116 2.124 2.132 2.140 2.148 2.156 2.164 2.172 2.179 2.187 2.195 2.216 2.238 2.259 2.281 2.302 2.323 2.345 2.366 2.387 2.409
0.709 0.700 0.731 0.802 0.673 0.854 0.935 0.866 0.837 0.898 1.018 0.919 0.950 0.910 0.921 1.052 1.022 1.043 1.183 1.144 1.295 1.195 1.196 1.266 1.207 1.673 1.694 1.298 1.198 1.298 1.784 1.807 1.830 1.853 1.875 1.898 1.920 1.932 1.944 1.957 1.969 1.981 1.993 2.005 2.017 2.029 2.041 2.053 2.065 2.076 2.085 2.093 2.101 2.109 2.117 2.125 2.133 2.141 2.149 2.156 2.164 2.172 2.180 2.188 2.196 2.204 2.211 2.232 2.253 2.274 2.296 2.317 2.338 2.360 2.381 2.402 2.424
0.810 0.771 0.803 0.813 0.864 0.815 0.816 0.807 0.868 0.918 0.999 1.060 0.911 0.991 1.072 0.982 1.083 1.074 1.104 1.115 1.567 1.336 1.326 1.207 1.656 1.678 1.338 1.198 1.745 1.768 1.791 1.814 1.837 1.859 1.882 1.905 1.928 1.940 1.952 1.964 1.976 1.988 2.000 2.013 2.025 2.037 2.048 2.061 2.073 2.085 2.097 2.109 2.117 2.125 2.133 2.141 2.149 2.157 2.165 2.173 2.181 2.189 2.196 2.204 2.212 2.220 2.228 2.247 2.268 2.289 2.311 2.332 2.353 2.375 2.396 2.417 2.446
0.742 0.723 0.754 0.845 0.795 0.846 0.837 0.958 0.889 0.899 0.880 0.911 1.062 1.022 1.023 1.263 0.984 1.105 1.145 1.246 1.146 1.237 1.618 1.238 1.278 1.683 1.319 1.339 1.752 1.775 1.798 1.821 1.844 1.866 1.889 1.912 1.935 1.948 1.960 1.972 1.984 1.996 2.008 2.020 2.032 2.044 2.056 2.068 2.080 2.092 2.104 2.123 2.134 2.142 2.149 2.157 2.165 2.173 2.181 2.189 2.197 2.205 2.213 2.221 2.228 2.236 2.244 2.262 2.283 2.304 2.326 2.347 2.368 2.390 2.411 2.447 2.494
0.723 0.774 1.025 0.806 0.757 0.848 0.858 0.929 0.980 0.811 0.911 0.962 1.103 0.983 1.034 0.984 1.075 1.096 1.116 1.137 1.237 1.198 1.258 1.289 1.329 1.690 1.330 1.280 1.759 1.782 1.805 1.828 1.851 1.873 1.896 1.919 1.942 1.956 1.968 1.980 1.992 2.004 2.016 2.028 2.040 2.052 2.064 2.076 2.088 2.101 2.120 2.139 2.152 2.159 2.167 2.174 2.182 2.190 2.198 2.206 2.213 2.221 2.229 2.237 2.245 2.253 2.261 2.277 2.298 2.319 2.341 2.362 2.383 2.405 2.448 2.495 2.541
0.705 0.766 0.827 0.908 0.978 0.819 0.960 0.900 0.821 1.012 1.012 0.993 0.994 0.964 1.085 1.065 1.086 1.097 1.137 1.158 1.158 1.179 1.629 1.651 1.310 1.698 1.721 1.743 1.766 1.789 1.812 1.835 1.857 1.880 1.903 1.926 1.949 1.964 1.976 1.988 2.000 2.012 2.024 2.036 2.048 2.060 2.072 2.084 2.098 2.117 2.136 2.155 2.170 2.177 2.184 2.192 2.199 2.207 2.214 2.222 2.230 2.238 2.246 2.253 2.261 2.269 2.277 2.292 2.313 2.335 2.356 2.377 2.403 2.449 2.496 2.542 2.589
0.706 0.817 0.858 0.919 0.959 1.010 0.851 0.931 0.942 0.883 0.963 1.004 1.155 1.135 1.046 1.156 1.237 1.127 1.208 1.099 1.149 1.240 1.340 1.659 1.682 1.705 1.727 1.750 1.773 1.796 1.819 1.841 1.864 1.887 1.910 1.933 1.956 1.972 1.984 1.996 2.008 2.020 2.032 2.044 2.056 2.068 2.080 2.096 2.115 2.134 2.153 2.172 2.187 2.195 2.202 2.209 2.217 2.224 2.232 2.239 2.246 2.254 2.262 2.270 2.278 2.285 2.293 2.307 2.328 2.350 2.371 2.404 2.450 2.497 2.543 2.590 2.637
0.908 0.848 0.789 0.940 0.960 0.891 0.952 0.922 0.953 1.004 0.994 0.945 1.076 0.976 1.077 0.987 1.118 1.048 1.089 1.320 1.623 1.340 1.643 1.666 1.689 1.711 1.734 1.757 1.780 1.803 1.826 1.848 1.871 1.894 1.917 1.940 1.962 1.980 1.992 2.004 2.016 2.028 2.040 2.052 2.064 2.076 2.093 2.112 2.131 2.150 2.169 2.188 2.205 2.212 2.220 2.227 2.235 2.242 2.249 2.257 2.264 2.271 2.279 2.286 2.294 2.302 2.310 2.322 2.343 2.365 2.405 2.451 2.498 2.544 2.591 2.638 2.684
0.909 0.840 1.071 0.821 0.852 0.862 0.923 0.844 0.934 0.955 0.986 0.916 1.017 1.147 0.888 1.018 0.989 1.200 1.230 1.280 1.261 1.251 1.251 1.675 1.697 1.718 1.741 1.764 1.787 1.810 1.832 1.855 1.878 1.901 1.924 1.946 1.969 1.988 2.000 2.012 2.024 2.036 2.048 2.060 2.072 2.091 2.110 2.129 2.148 2.167 2.185 2.204 2.223 2.230 2.237 2.245 2.252 2.260 2.267 2.274 2.282 2.289 2.296 2.303 2.311 2.318 2.326 2.337 2.359 2.406 2.452 2.499 2.545 2.592 2.639 2.685 2.732
