includes/camargue/floodfiles/results/res-0012.wdfp
ncols         906
nrows         631
xllcorner     362177.146667
yllcorner     6534725.688020
cellsize      20.000000
NODATA_value  -9999.000000
[rows 442 to 475 of 631, columns 0 to 76 of 906]
2.940 2.924 2.990 3.067 3.143 3.220 3.297 3.373 3.450 3.527 3.529 3.494 3.458 3.423 3.424 3.435 3.446 3.457 3.467 3.516 3.568 3.620 3.672 3.723 3.775 3.827 3.740 3.611 3.502 3.392 3.283 3.174 3.047 2.919 2.791 2.663 2.549 2.477 2.406 2.333 2.261 2.188 2.115 2.043 1.970 1.890 1.775 1.659 1.544 1.429 1.314 1.307 1.455 1.603 1.750 1.789 1.823 1.858 1.893 1.927 1.962 1.997 2.040 2.115 2.082 1.802 1.506 1.209 0.913 0.616 0.320 0.008 0.000 0.000 0.000 0.000 0.000
2.964 2.981 3.029 3.095 3.171 3.248 3.325 3.401 3.478 3.555 3.528 3.492 3.457 3.422 3.386 3.384 3.395 3.406 3.424 3.476 3.528 3.580 3.632 3.683 3.735 3.787 3.839 3.776 3.657 3.529 3.401 3.273 3.145 3.017 2.889 2.762 2.660 2.589 2.517 2.446 2.373 2.301 2.228 2.156 2.083 1.994 1.879 1.763 1.648 1.533 1.418 1.303 1.260 1.408 1.540 1.575 1.610 1.644 1.679 1.726 1.801 1.875 1.950 2.025 1.969 1.874 1.637 1.340 1.044 0.747 0.451 0.154 0.000 0.000 0.000 0.000 0.000
2.990 3.038 3.087 3.135 3.199 3.276 3.352 3.429 3.506 3.561 3.526 3.491 3.455 3.420 3.385 3.349 3.345 3.356 3.384 3.436 3.488 3.539 3.591 3.643 3.685 3.703 3.721 3.789 3.755 3.627 3.499 3.371 3.243 3.116 2.988 2.860 2.771 2.700 2.629 2.558 2.486 2.414 2.341 2.269 2.196 2.098 1.983 1.867 1.752 1.637 1.522 1.407 1.291 1.212 1.326 1.361 1.412 1.487 1.561 1.636 1.711 1.785 1.860 1.934 1.855 1.761 1.667 1.471 1.175 0.878 0.582 0.285 0.001 0.000 0.000 0.000 0.000
3.047 3.096 3.144 3.193 3.241 3.304 3.380 3.457 3.534 3.560 3.525 3.489 3.454 3.419 3.383 3.348 3.313 3.305 3.344 3.396 3.443 3.462 3.480 3.498 3.516 3.534 3.553 3.640 3.741 3.725 3.597 3.470 3.342 3.214 3.086 2.958 2.882 2.811 2.740 2.669 2.598 2.526 2.454 2.381 2.309 2.202 2.087 1.972 1.856 1.741 1.626 1.511 1.395 1.292 1.173 1.247 1.322 1.397 1.471 1.546 1.620 1.695 1.769 1.836 1.742 1.648 1.554 1.459 1.305 1.009 0.712 0.416 0.119 0.000 0.000 0.000 0.000
3.105 3.153 3.202 3.250 3.298 3.347 3.408 3.485 3.561 3.558 3.523 3.488 3.452 3.417 3.382 3.346 3.311 3.283 3.238 3.257 3.275 3.293 3.311 3.329 3.347 3.366 3.391 3.492 3.593 3.694 3.696 3.568 3.440 3.312 3.184 3.065 2.994 2.922 2.851 2.780 2.709 2.638 2.567 2.494 2.421 2.306 2.191 2.076 1.960 1.848 1.751 1.653 1.556 1.459 1.330 1.186 1.232 1.306 1.381 1.455 1.530 1.605 1.679 1.723 1.629 1.534 1.440 1.346 1.252 1.140 0.843 0.547 0.250 0.017 0.000 0.000 0.000
3.162 3.211 3.259 3.307 3.356 3.404 3.452 3.513 3.589 3.557 3.522 3.486 3.451 3.422 3.395 3.367 3.339 3.291 3.151 3.088 3.106 3.124 3.142 3.161 3.179 3.197 3.243 3.344 3.445 3.546 3.647 3.666 3.538 3.411 3.283 3.176 3.105 3.034 2.963 2.891 2.820 2.749 2.678 2.607 2.525 2.410 2.307 2.210 2.112 2.015 1.917 1.820 1.723 1.625 1.487 1.343 1.200 1.216 1.291 1.365 1.440 1.514 1.589 1.609 1.515 1.421 1.327 1.233 1.138 1.044 0.950 0.678 0.381 0.170 0.001 0.000 0.001
3.220 3.268 3.316 3.365 3.413 3.462 3.510 3.558 3.591 3.562 3.534 3.506 3.478 3.451 3.423 3.395 3.367 3.290 3.149 3.009 2.937 2.955 2.974 2.992 3.010 3.028 3.095 3.196 3.297 3.398 3.499 3.600 3.637 3.509 3.381 3.288 3.216 3.145 3.074 3.003 2.932 2.860 2.795 2.742 2.669 2.571 2.474 2.376 2.279 2.181 2.084 1.987 1.889 1.787 1.644 1.501 1.357 1.214 1.200 1.275 1.349 1.424 1.499 1.496 1.402 1.308 1.213 1.119 1.025 0.931 0.836 0.742 0.512 0.310 0.130 0.004 0.004
3.277 3.326 3.374 3.422 3.471 3.502 3.526 3.551 3.578 3.590 3.562 3.534 3.507 3.479 3.451 3.423 3.395 3.289 3.149 3.008 2.868 2.787 2.805 2.823 2.841 2.859 2.947 3.048 3.149 3.250 3.351 3.451 3.552 3.607 3.479 3.399 3.328 3.256 3.188 3.135 3.082 3.029 2.976 2.923 2.838 2.739 2.640 2.543 2.446 2.348 2.251 2.153 2.056 1.944 1.801 1.658 1.514 1.371 1.228 1.184 1.259 1.334 1.408 1.383 1.288 1.194 1.100 1.006 0.912 0.817 0.723 0.629 0.583 0.388 0.177 0.005 0.005
3.335 3.370 3.394 3.419 3.443 3.467 3.491 3.515 3.544 3.575 3.590 3.563 3.535 3.507 3.479 3.451 3.424 3.288 3.148 3.007 2.867 2.727 2.636 2.654 2.672 2.698 2.799 2.900 3.001 3.101 3.202 3.303 3.404 3.505 3.581 3.527 3.474 3.421 3.368 3.315 3.262 3.209 3.156 3.103 3.007 2.908 2.808 2.710 2.612 2.515 2.417 2.320 2.222 2.101 1.958 1.815 1.671 1.528 1.385 1.241 1.169 1.243 1.318 1.269 1.175 1.081 0.987 0.892 0.798 0.753 0.715 0.677 0.639 0.433 0.211 0.007 0.005
3.311 3.335 3.359 3.384 3.408 3.432 3.456 3.480 3.511 3.541 3.572 3.591 3.563 3.535 3.507 3.480 3.427 3.287 3.147 3.006 2.866 2.726 2.586 2.486 2.504 2.550 2.651 2.752 2.852 2.953 3.054 3.180 3.309 3.439 3.574 3.707 3.654 3.601 3.548 3.495 3.442 3.389 3.336 3.276 3.176 3.077 2.977 2.877 2.779 2.681 2.584 2.486 2.389 2.258 2.115 1.972 1.828 1.685 1.542 1.398 1.255 1.153 1.228 1.156 1.062 0.967 0.923 0.884 0.846 0.808 0.770 0.732 0.694 0.482 0.259 0.028 0.004
3.276 3.300 3.324 3.348 3.373 3.397 3.421 3.447 3.477 3.508 3.538 3.569 3.591 3.563 3.536 3.508 3.426 3.286 3.146 3.005 2.865 2.725 2.585 2.444 2.335 2.402 2.502 2.628 2.757 2.886 3.015 3.144 3.274 3.403 3.543 3.690 3.834 3.781 3.728 3.675 3.622 3.569 3.516 3.445 3.345 3.246 3.146 3.046 2.947 2.848 2.751 2.653 2.556 2.416 2.272 2.129 1.986 1.842 1.699 1.556 1.412 1.269 1.137 1.092 1.054 1.016 0.978 0.940 0.902 0.864 0.826 0.788 0.750 0.531 0.308 0.084 0.004
3.271 3.265 3.289 3.313 3.337 3.362 3.386 3.413 3.444 3.474 3.505 3.536 3.566 3.592 3.564 3.536 3.425 3.285 3.145 3.004 2.864 2.724 2.584 2.450 2.318 2.334 2.463 2.592 2.721 2.850 2.980 3.109 3.238 3.367 3.512 3.659 3.806 3.953 3.909 3.855 3.802 3.750 3.696 3.614 3.514 3.415 3.315 3.215 3.116 3.016 2.917 2.820 2.716 2.573 2.429 2.286 2.143 1.999 1.856 1.693 1.526 1.358 1.215 1.151 1.110 1.072 1.034 0.996 0.958 0.919 0.881 0.843 0.804 0.581 0.358 0.135 0.004
3.271 3.263 3.254 3.278 3.302 3.326 3.351 3.380 3.410 3.441 3.471 3.502 3.533 3.563 3.592 3.564 3.424 3.284 3.144 3.011 2.879 2.747 2.614 2.482 2.368 2.392 2.427 2.556 2.685 2.815 2.944 3.073 3.202 3.333 3.480 3.628 3.775 3.922 4.069 4.036 3.983 3.930 3.877 3.783 3.683 3.584 3.484 3.384 3.285 3.185 3.086 2.986 2.873 2.730 2.586 2.425 2.258 2.090 1.923 1.755 1.588 1.420 1.301 1.237 1.173 1.127 1.089 1.051 1.013 0.975 0.937 0.899 0.853 0.630 0.407 0.184 0.003
3.271 3.263 3.255 3.247 3.267 3.291 3.315 3.346 3.377 3.407 3.438 3.468 3.499 3.530 3.561 3.571 3.440 3.307 3.175 3.043 2.911 2.778 2.646 2.514 2.441 2.465 2.489 2.521 2.650 2.779 2.908 3.038 3.167 3.302 3.449 3.597 3.744 3.891 4.038 4.185 4.163 4.110 4.052 3.952 3.852 3.753 3.653 3.553 3.454 3.354 3.255 3.130 2.989 2.822 2.654 2.487 2.319 2.152 1.984 1.817 1.649 1.482 1.387 1.323 1.259 1.195 1.145 1.107 1.069 1.031 0.993 0.955 0.903 0.680 0.457 0.234 0.005
3.271 3.263 3.255 3.247 3.239 3.256 3.282 3.313 3.343 3.374 3.404 3.452 3.500 3.548 3.596 3.567 3.470 3.339 3.207 3.074 2.942 2.810 2.678 2.545 2.515 2.539 2.563 2.587 2.614 2.743 2.873 3.002 3.131 3.271 3.418 3.565 3.713 3.860 4.007 4.154 4.301 4.290 4.221 4.121 4.021 3.922 3.822 3.692 3.561 3.429 3.298 3.167 3.028 2.884 2.716 2.549 2.381 2.214 2.046 1.879 1.711 1.544 1.473 1.409 1.345 1.281 1.217 1.163 1.124 1.086 1.048 1.010 0.952 0.729 0.506 0.283 0.059
3.271 3.263 3.255 3.247 3.239 3.231 3.248 3.296 3.344 3.392 3.440 3.487 3.535 3.583 3.631 3.563 3.466 3.368 3.238 3.106 2.974 2.841 2.709 2.577 2.588 2.612 2.637 2.661 2.685 2.709 2.837 2.966 3.095 3.240 3.387 3.534 3.681 3.828 3.976 4.123 4.270 4.417 4.385 4.253 4.122 3.991 3.860 3.728 3.597 3.466 3.335 3.203 3.062 2.921 2.778 2.611 2.443 2.276 2.108 1.941 1.773 1.624 1.559 1.495 1.431 1.367 1.303 1.239 1.180 1.142 1.104 1.066 1.002 0.779 0.556 0.333 0.110
3.271 3.263 3.255 3.252 3.257 3.262 3.288 3.331 3.379 3.427 3.475 3.523 3.570 3.618 3.657 3.559 3.462 3.364 3.266 3.138 3.005 2.873 2.741 2.637 2.662 2.686 2.710 2.734 2.758 2.783 2.807 2.931 3.062 3.209 3.356 3.503 3.650 3.798 3.950 4.108 4.267 4.425 4.399 4.290 4.159 4.027 3.896 3.765 3.634 3.503 3.371 3.237 3.096 2.955 2.814 2.673 2.505 2.338 2.170 2.003 1.835 1.710 1.646 1.582 1.517 1.453 1.389 1.325 1.261 1.198 1.160 1.122 1.051 0.828 0.605 0.382 0.187
3.281 3.286 3.291 3.296 3.301 3.306 3.339 3.372 3.414 3.462 3.510 3.558 3.606 3.653 3.653 3.555 3.457 3.360 3.262 3.164 3.037 2.905 2.772 2.711 2.735 2.759 2.784 2.808 2.832 2.856 2.880 2.904 3.031 3.178 3.334 3.492 3.651 3.810 3.968 4.127 4.285 4.414 4.358 4.303 4.195 4.064 3.933 3.802 3.670 3.539 3.408 3.271 3.130 2.989 2.848 2.708 2.567 2.399 2.232 2.064 1.897 1.796 1.732 1.668 1.604 1.540 1.475 1.411 1.347 1.283 1.219 1.177 1.101 0.878 0.665 0.474 0.282
3.325 3.330 3.335 3.340 3.345 3.357 3.390 3.423 3.456 3.497 3.545 3.593 3.641 3.688 3.649 3.551 3.453 3.356 3.258 3.160 3.062 2.936 2.804 2.785 2.809 2.833 2.857 2.881 2.905 2.925 2.904 2.883 3.027 3.194 3.352 3.511 3.669 3.828 3.986 4.145 4.304 4.373 4.318 4.262 4.207 4.101 3.969 3.838 3.707 3.576 3.445 3.305 3.164 3.023 2.883 2.742 2.601 2.460 2.294 2.126 1.959 1.882 1.818 1.754 1.690 1.626 1.562 1.498 1.434 1.369 1.305 1.241 1.150 0.951 0.760 0.569 0.378
3.369 3.375 3.380 3.384 3.389 3.408 3.441 3.474 3.507 3.540 3.580 3.628 3.676 3.724 3.645 3.547 3.449 3.352 3.254 3.156 3.058 2.960 2.835 2.858 2.882 2.884 2.863 2.842 2.821 2.800 2.779 2.758 2.974 3.203 3.370 3.529 3.687 3.846 4.005 4.163 4.322 4.332 4.277 4.221 4.166 4.111 4.006 3.875 3.744 3.612 3.480 3.339 3.198 3.057 2.917 2.776 2.635 2.494 2.354 2.188 2.032 1.968 1.904 1.840 1.776 1.712 1.648 1.584 1.520 1.452 1.384 1.316 1.506 1.259 0.929 0.664 0.473
3.414 3.419 3.423 3.429 3.434 3.458 3.491 3.524 3.557 3.590 3.624 3.663 3.711 3.739 3.641 3.543 3.445 3.347 3.250 3.152 3.054 2.970 2.861 2.802 2.781 2.760 2.739 2.718 2.697 2.676 2.655 2.691 2.920 3.150 3.379 3.547 3.706 3.864 4.023 4.182 4.340 4.291 4.236 4.181 4.125 4.070 4.014 3.911 3.780 3.649 3.514 3.373 3.232 3.091 2.951 2.810 2.669 2.528 2.388 2.247 2.118 2.054 1.990 1.923 1.855 1.787 1.719 1.651 1.584 1.516 1.448 1.385 1.787 1.962 1.631 1.301 0.970
3.458 3.463 3.468 3.473 3.478 3.509 3.542 3.575 3.608 3.641 3.674 3.707 3.746 3.735 3.637 3.539 3.447 3.364 3.282 3.200 3.117 3.035 2.897 2.716 2.656 2.635 2.614 2.594 2.573 2.552 2.531 2.638 2.867 3.096 3.326 3.555 3.724 3.883 4.041 4.200 4.306 4.250 4.195 4.140 4.084 4.029 3.974 3.918 3.817 3.686 3.548 3.407 3.266 3.126 2.985 2.844 2.703 2.569 2.444 2.318 2.194 2.122 2.054 1.987 1.919 1.851 1.783 1.715 1.648 1.580 1.512 1.666 2.068 2.471 2.334 2.004 1.673
3.313 3.476 3.512 3.517 3.527 3.560 3.593 3.626 3.659 3.692 3.725 3.758 3.784 3.758 3.676 3.594 3.511 3.429 3.347 3.264 3.182 3.099 2.933 2.752 2.572 2.511 2.490 2.469 2.448 2.427 2.406 2.584 2.813 3.043 3.272 3.501 3.731 3.901 4.059 4.218 4.265 4.210 4.154 4.099 4.043 3.988 3.933 3.877 3.822 3.722 3.582 3.441 3.309 3.184 3.058 2.933 2.807 2.682 2.556 2.431 2.307 2.186 2.119 2.051 1.983 1.915 1.847 1.780 1.712 1.644 1.576 1.947 2.350 2.752 3.037 2.707 2.376
3.168 3.331 3.495 3.561 3.578 3.611 3.644 3.676 3.699 3.722 3.746 3.769 3.792 3.778 3.741 3.658 3.576 3.493 3.411 3.329 3.246 3.150 2.969 2.788 2.608 2.427 2.366 2.345 2.324 2.303 2.301 2.531 2.760 2.989 3.219 3.448 3.677 3.907 4.078 4.236 4.224 4.169 4.113 4.058 4.003 3.947 3.892 3.855 3.831 3.789 3.673 3.547 3.422 3.296 3.171 3.046 2.920 2.795 2.669 2.544 2.421 2.297 2.183 2.115 2.047 1.979 1.912 1.844 1.776 1.708 1.826 2.228 2.631 3.034 3.436 3.409 3.079
3.023 3.186 3.350 3.514 3.615 3.638 3.661 3.684 3.708 3.731 3.754 3.777 3.790 3.776 3.761 3.723 3.641 3.558 3.476 3.393 3.311 3.186 3.005 2.824 2.644 2.463 2.282 2.221 2.200 2.179 2.248 2.477 2.707 2.936 3.165 3.395 3.624 3.853 4.083 4.239 4.183 4.128 4.087 4.063 4.039 4.016 3.992 3.968 3.944 3.878 3.777 3.660 3.535 3.409 3.284 3.158 3.033 2.907 2.782 2.658 2.534 2.410 2.287 2.179 2.111 2.043 1.976 1.908 1.840 1.772 2.107 2.509 2.912 3.315 3.717 4.112 3.782
2.878 3.042 3.206 3.370 3.546 3.646 3.670 3.693 3.716 3.739 3.762 3.786 3.787 3.773 3.758 3.744 3.705 3.623 3.540 3.458 3.376 3.222 3.041 2.860 2.680 2.499 2.318 2.137 2.075 2.054 2.195 2.424 2.653 2.882 3.112 3.341 3.571 3.796 4.011 4.226 4.247 4.223 4.200 4.176 4.152 4.128 4.105 4.081 4.057 3.967 3.866 3.765 3.647 3.522 3.396 3.271 3.145 3.020 2.894 2.771 2.647 2.524 2.400 2.277 2.175 2.108 2.040 1.972 1.904 1.985 2.388 2.791 3.193 3.596 3.999 4.401 4.485
2.734 2.898 3.062 3.230 3.406 3.582 3.678 3.701 3.724 3.748 3.771 3.794 3.784 3.770 3.756 3.741 3.727 3.687 3.605 3.523 3.439 3.258 3.077 2.897 2.716 2.535 2.354 2.173 1.992 1.930 2.141 2.370 2.599 2.814 3.028 3.243 3.458 3.673 3.887 4.104 4.321 4.336 4.313 4.289 4.265 4.242 4.218 4.194 4.157 4.056 3.955 3.854 3.753 3.635 3.509 3.384 3.258 3.133 3.008 2.884 2.761 2.637 2.514 2.390 2.267 2.172 2.104 2.036 1.968 2.267 2.669 3.072 3.475 3.877 4.280 4.683 5.085
2.590 2.754 2.918 3.090 3.266 3.442 3.618 3.710 3.733 3.756 3.779 3.796 3.781 3.767 3.753 3.738 3.724 3.710 3.670 3.587 3.475 3.294 3.113 2.932 2.752 2.571 2.390 2.209 2.050 1.908 2.046 2.261 2.475 2.690 2.905 3.119 3.334 3.549 3.764 3.981 4.198 4.415 4.426 4.402 4.378 4.355 4.331 4.307 4.246 4.145 4.044 3.944 3.843 3.742 3.622 3.496 3.371 3.245 3.121 2.998 2.874 2.751 2.627 2.504 2.380 2.256 2.168 2.100 2.145 2.548 2.950 3.353 3.756 4.158 4.561 4.964 5.366
2.446 2.610 2.774 2.950 3.126 3.302 3.478 3.655 3.741 3.764 3.788 3.793 3.779 3.764 3.750 3.736 3.721 3.707 3.693 3.652 3.511 3.330 3.149 2.987 2.831 2.675 2.519 2.363 2.207 2.084 1.992 2.137 2.352 2.567 2.781 2.996 3.211 3.426 3.641 3.858 4.075 4.293 4.510 4.515 4.491 4.467 4.444 4.420 4.335 4.234 4.134 4.033 3.932 3.831 3.730 3.609 3.484 3.358 3.235 3.111 2.988 2.864 2.741 2.617 2.493 2.370 2.246 2.164 2.427 2.829 3.232 3.634 4.037 4.440 4.842 5.245 5.648
2.302 2.466 2.634 2.810 2.986 3.162 3.338 3.515 3.691 3.773 3.796 3.790 3.776 3.761 3.747 3.733 3.718 3.704 3.693 3.684 3.612 3.456 3.300 3.144 2.988 2.832 2.676 2.520 2.364 2.261 2.169 2.077 2.228 2.443 2.658 2.872 3.087 3.302 3.518 3.735 3.953 4.170 4.387 4.604 4.604 4.580 4.557 4.526 4.425 4.324 4.223 4.122 4.021 3.920 3.819 3.718 3.596 3.471 3.348 3.224 3.101 2.977 2.854 2.730 2.607 2.483 2.357 2.259 2.629 3.034 3.440 3.845 4.251 4.656 5.062 5.467 5.873
2.158 2.322 2.494 2.670 2.846 3.022 3.198 3.375 3.551 3.727 3.802 3.787 3.773 3.763 3.754 3.744 3.735 3.726 3.716 3.706 3.691 3.613 3.457 3.301 3.145 2.989 2.833 2.677 2.530 2.438 2.345 2.253 2.161 2.320 2.534 2.749 2.964 3.179 3.395 3.613 3.830 4.047 4.264 4.482 4.699 4.694 4.670 4.615 4.514 4.413 4.312 4.211 4.110 4.009 3.908 3.807 3.706 3.585 3.460 3.332 3.205 3.077 2.950 2.822 2.694 2.567 2.439 2.424 2.541 2.947 3.352 3.757 4.163 4.569 4.974 5.380 5.785
2.014 2.178 2.354 2.530 2.706 2.882 3.058 3.235 3.413 3.591 3.762 3.804 3.795 3.786 3.777 3.767 3.758 3.748 3.739 3.727 3.712 3.697 3.614 3.458 3.302 3.146 2.990 2.834 2.706 2.614 2.522 2.430 2.338 2.246 2.411 2.625 2.840 3.055 3.273 3.490 3.707 3.924 4.142 4.359 4.576 4.793 4.783 4.704 4.603 4.502 4.401 4.300 4.198 4.095 3.992 3.888 3.785 3.670 3.542 3.415 3.287 3.160 3.032 2.905 2.777 2.650 2.522 2.589 2.661 2.859 3.264 3.670 4.075 4.481 4.886 5.292 5.698
1.949 2.039 2.216 2.394 2.572 2.749 2.927 3.105 3.283 3.461 3.627 3.788 3.818 3.809 3.799 3.790 3.781 3.771 3.762 3.748 3.733 3.719 3.704 3.615 3.459 3.303 3.147 2.991 2.883 2.791 2.699 2.607 2.514 2.422 2.330 2.502 2.717 2.933 3.150 3.367 3.584 3.802 4.019 4.236 4.453 4.671 4.889 4.790 4.687 4.584 4.481 4.377 4.274 4.171 4.067 3.964 3.857 3.741 3.625 3.497 3.370 3.242 3.115 2.987 2.860 2.732 2.681 2.754 2.826 2.899 3.177 3.582 3.988 4.393 4.799 5.204 5.585
1.872 1.955 2.086 2.264 2.442 2.620 2.797 2.975 3.153 3.329 3.491 3.653 3.814 3.832 3.822 3.813 3.804 3.794 3.784 3.769 3.755 3.740 3.725 3.710 3.616 3.460 3.304 3.152 3.060 2.967 2.875 2.783 2.691 2.599 2.507 2.415 2.593 2.810 3.027 3.244 3.462 3.691 3.933 4.175 4.417 4.659 4.832 4.866 4.763 4.660 4.556 4.453 4.350 4.247 4.143 4.040 3.928 3.813 3.698 3.580 3.453 3.325 3.198 3.070 2.942 2.815 2.846 2.918 2.991 3.063 3.136 3.494 3.900 4.305 4.711 5.116 5.071
