includes/camargue/floodfiles/results/res-0006.wd
ncols         906
nrows         631
xllcorner     362177.146667
yllcorner     6534725.688020
cellsize      20.000000
NODATA_value  -9999.000000
[rows 408 to 441 of 631, columns 539 to 615 of 906]
0.000 0.000 0.000 0.000 0.000 0.000 0.000 0.000 0.000 0.000 0.000 0.000 0.000 0.000 0.000 0.000 0.000 0.000 0.000 0.002 0.000 1.568 2.078 1.888 1.958 1.788 2.069 2.029 2.169 2.329 2.299 2.409 2.440 2.390 2.530 2.630 2.560 2.630 2.590 2.610 2.760 2.590 2.720 2.700 2.640 2.690 2.660 2.560 2.690 2.590 2.870 2.749 2.769 2.739 2.719 2.759 2.758 2.858 2.678 2.598 2.538 2.708 2.588 2.578 2.627 2.617 2.717 2.817 2.777 2.877 2.846 2.816 2.766 2.856 2.976 2.995 3.005
0.000 0.000 0.000 0.000 0.000 0.000 0.000 0.000 0.000 0.000 0.000 0.000 0.000 0.000 0.000 0.000 0.000 0.000 0.002 0.000 1.778 2.068 1.998 1.968 2.078 1.948 2.148 1.919 2.339 2.339 2.429 2.439 2.549 2.629 2.469 2.530 2.570 2.550 2.580 2.620 2.540 2.620 2.730 2.600 2.760 2.710 2.650 2.690 2.809 2.719 2.849 2.839 2.819 2.699 2.769 2.778 3.018 2.728 2.788 2.688 2.638 2.718 2.537 2.567 2.647 2.617 2.837 2.767 2.647 2.746 2.906 2.836 2.866 2.885 2.885 3.005 3.065
0.000 0.000 0.000 0.000 0.000 0.000 0.000 0.000 0.000 0.000 0.000 0.000 0.000 0.000 0.000 0.000 0.000 0.002 0.000 1.907 2.057 2.158 2.068 2.208 2.108 2.158 2.288 2.328 2.369 2.409 2.359 2.429 2.479 2.469 2.639 2.639 2.489 2.549 2.659 2.560 2.620 2.540 2.730 2.640 2.810 2.629 2.709 2.699 2.699 2.859 2.789 2.649 2.819 2.808 2.748 2.768 3.088 2.818 2.648 2.578 2.627 2.697 2.777 2.637 2.647 2.647 2.746 2.816 3.006 2.906 2.936 2.836 2.825 2.875 2.985 2.965 3.055
0.000 0.000 0.000 0.000 0.000 0.000 0.000 0.000 0.000 0.000 0.000 0.000 0.000 0.000 0.000 0.000 0.002 0.000 1.737 2.017 2.067 2.137 2.148 2.148 2.298 2.248 2.268 2.338 2.358 2.468 2.519 2.519 2.539 2.519 2.569 2.529 2.689 2.619 2.689 2.649 2.669 2.739 2.729 2.909 2.689 2.669 2.629 2.809 2.839 3.019 2.799 2.798 2.728 2.768 2.758 2.818 3.228 2.788 2.697 2.567 2.647 2.787 2.667 2.617 2.647 2.796 2.676 2.746 2.816 2.866 2.835 2.855 2.955 2.905 2.945 3.054 2.954
0.000 0.000 0.000 0.000 0.000 0.000 0.000 0.000 0.000 0.000 0.000 0.000 0.000 0.000 0.000 0.002 0.000 1.916 2.107 2.157 2.117 2.147 2.337 2.307 2.347 2.348 2.368 2.308 2.368 2.518 2.468 2.628 2.549 2.539 2.669 2.569 2.629 2.629 2.759 2.629 2.719 2.629 2.659 2.739 2.819 2.719 2.779 2.779 2.929 2.858 2.888 2.958 2.638 2.788 2.828 2.767 2.987 2.797 2.737 2.847 2.677 2.667 2.717 2.697 2.676 2.686 2.596 2.786 2.706 2.805 2.835 3.025 3.025 2.925 2.864 3.004 2.994
0.503 0.253 0.000 0.000 0.000 0.000 0.000 0.000 0.000 0.000 0.000 0.000 0.000 0.000 0.002 0.000 1.866 2.216 2.096 2.047 2.107 2.237 2.287 2.217 2.347 2.327 2.467 2.498 2.488 2.448 2.588 2.658 2.748 2.688 2.688 2.638 2.699 2.919 2.709 2.689 2.809 2.629 2.689 2.749 2.759 2.758 2.848 2.888 2.898 2.878 2.768 2.838 2.778 3.057 2.897 2.937 2.917 2.847 2.757 2.767 2.747 2.766 2.676 2.686 2.776 2.676 2.666 2.875 2.705 2.865 2.825 2.915 3.124 2.924 3.014 3.044 3.034
0.000 0.000 0.000 0.000 0.000 0.000 0.000 0.000 0.000 0.000 0.000 0.000 0.000 0.002 0.000 2.146 2.066 2.136 2.176 2.166 2.147 2.297 2.297 2.417 2.337 2.397 2.417 2.457 2.487 2.538 2.528 2.568 2.538 2.768 2.698 2.738 2.658 2.918 2.688 2.758 2.698 2.798 2.778 2.708 2.708 2.738 2.828 2.858 2.818 2.838 2.857 2.877 2.837 2.777 2.947 2.827 3.027 2.817 2.777 2.767 2.726 2.856 2.716 2.756 2.746 2.805 2.815 2.665 2.805 2.855 2.824 2.984 2.984 2.894 2.944 3.074 2.954
0.000 0.000 0.000 0.000 0.000 0.000 0.000 0.000 0.000 0.000 0.000 0.002 0.000 0.000 1.995 2.135 2.146 2.096 2.256 2.346 2.356 2.416 2.307 2.357 2.447 2.487 2.457 2.517 2.607 2.627 2.567 2.678 2.538 2.738 2.828 2.688 2.658 2.768 2.718 2.738 2.738 2.758 2.758 2.748 2.968 2.858 2.898 2.967 2.927 2.827 2.947 2.917 2.807 2.877 3.017 2.857 3.027 2.796 2.806 2.796 2.776 2.866 2.776 2.736 2.785 2.755 2.745 2.855 2.775 2.904 2.884 2.934 3.154 2.834 3.073 2.963 3.093
0.586 0.000 0.000 0.000 0.000 0.000 0.000 0.000 0.000 0.000 0.002 0.000 1.954 2.135 2.235 2.285 2.245 2.175 2.256 2.306 2.356 2.306 2.366 2.356 2.406 2.416 2.507 2.547 2.577 2.657 2.617 2.607 2.667 2.677 2.777 2.768 2.658 2.748 2.758 2.768 2.788 2.768 2.848 2.778 2.807 2.897 2.907 2.907 2.837 2.877 2.947 2.847 2.897 3.026 2.826 3.106 2.756 2.866 2.826 2.726 2.696 2.805 2.795 2.675 2.805 2.755 2.795 2.904 2.814 2.974 2.924 2.894 3.144 3.023 2.983 2.953 2.983
2.026 0.000 0.000 0.000 0.000 0.000 0.000 0.000 0.002 0.000 0.000 2.084 2.214 2.284 2.305 2.175 2.275 2.365 2.345 2.276 2.216 2.336 2.466 2.426 2.606 2.486 2.556 2.546 2.617 2.647 2.607 2.737 2.727 2.647 2.687 2.757 2.777 2.667 2.767 2.817 2.767 2.797 2.707 2.927 2.887 2.877 2.877 2.907 2.887 2.876 2.856 2.936 2.856 3.026 2.966 2.946 2.846 3.016 2.886 2.776 2.895 2.895 2.775 2.755 2.845 2.895 2.954 2.884 3.034 2.934 2.834 3.103 2.913 3.133 3.083 3.013 3.183
0.736 3.146 0.000 0.000 0.000 0.000 0.000 0.002 0.000 1.623 2.113 2.103 2.254 2.204 2.224 2.355 2.245 2.265 2.315 2.285 2.335 2.355 2.326 2.496 2.386 2.446 2.666 2.536 2.536 2.626 2.636 2.687 2.717 2.687 2.767 2.697 2.767 2.897 2.747 2.857 2.877 2.997 2.877 2.957 3.137 2.897 2.846 3.036 2.906 2.966 2.906 3.006 2.946 3.186 2.846 2.975 2.875 2.995 2.885 2.915 2.745 2.815 2.855 2.835 2.754 2.864 2.934 3.094 3.004 3.014 2.993 2.953 2.903 3.003 3.133 3.212 3.182
0.000 0.495 1.220 0.000 0.000 0.001 0.000 0.000 2.063 2.023 2.143 2.303 2.203 2.324 2.434 2.244 2.274 2.355 2.295 2.315 2.275 2.475 2.465 2.425 2.465 2.616 2.636 2.596 2.646 2.676 2.666 2.626 2.746 2.737 2.817 2.817 2.797 2.727 2.847 2.897 2.996 2.946 3.016 2.886 2.796 2.906 2.836 3.006 2.886 2.956 2.975 2.945 2.855 3.330 3.265 2.915 2.955 3.185 2.975 2.865 2.925 2.995 2.764 3.044 2.984 2.804 2.824 2.834 2.913 2.963 3.033 2.933 2.963 3.052 3.122 3.142 3.172
0.000 0.000 1.744 2.244 0.000 0.000 1.442 2.172 2.092 2.262 2.343 2.293 2.303 2.273 2.244 2.154 2.204 2.194 2.474 2.405 2.445 2.385 2.475 2.555 2.545 2.665 2.605 2.655 2.646 2.656 2.756 2.756 2.816 2.706 2.756 2.926 2.936 2.786 2.866 2.956 2.926 2.826 2.916 2.876 3.026 3.116 2.926 2.995 2.975 2.985 2.925 2.945 3.025 3.115 2.955 2.985 2.955 3.095 2.914 3.034 3.034 2.914 2.834 2.974 2.864 2.884 2.923 3.023 2.923 2.913 3.033 3.072 3.112 3.052 3.152 3.022 3.032
0.936 1.066 0.000 3.153 0.733 1.652 2.392 2.282 2.212 2.262 2.352 2.333 2.313 2.323 2.263 2.314 2.334 2.404 2.324 2.414 2.465 2.475 2.505 2.485 2.545 2.605 2.625 2.665 2.655 2.755 2.706 2.866 2.886 2.816 2.676 2.796 2.716 2.906 2.846 2.916 2.946 2.916 2.975 3.045 3.225 2.985 3.195 3.015 2.965 2.925 2.915 2.895 2.945 3.035 2.934 2.914 2.864 3.154 2.934 2.954 2.944 2.964 2.944 2.914 2.943 2.913 2.853 2.953 3.023 2.993 3.002 2.992 2.982 3.072 2.922 3.012 3.191
1.156 1.326 1.216 0.464 1.189 1.312 2.292 2.222 2.402 2.352 2.412 2.432 2.303 2.343 2.273 2.303 2.283 2.424 2.354 2.354 2.484 2.434 2.614 2.604 2.595 2.665 2.635 2.705 2.625 2.655 2.695 2.825 2.825 2.805 2.775 2.745 2.775 2.935 2.935 3.035 2.925 3.005 2.945 3.045 2.935 2.955 2.805 2.975 2.964 2.934 2.984 2.844 2.904 2.964 3.034 2.874 2.994 3.054 3.054 3.174 2.924 2.874 3.013 2.873 2.963 2.853 2.983 2.823 3.122 3.002 3.032 3.012 2.892 3.011 3.181 3.141 3.181
1.246 1.286 1.226 1.066 0.000 2.532 2.302 2.312 2.432 2.422 2.472 2.282 2.292 2.402 2.353 2.303 2.383 2.363 2.403 2.484 2.464 2.494 2.584 2.574 2.544 2.714 2.665 2.745 2.735 2.685 2.715 2.785 2.745 2.905 2.865 2.825 2.855 2.875 2.865 2.955 2.935 2.905 3.035 2.964 3.044 3.074 3.004 3.064 3.014 3.044 2.964 2.894 2.924 2.934 2.974 2.974 2.974 3.044 3.173 3.023 3.063 3.033 3.083 2.973 3.113 2.953 2.923 3.032 3.032 2.942 3.162 3.151 2.991 3.081 3.151 3.081 3.061
1.246 1.206 1.106 1.186 0.000 1.306 2.092 2.342 2.492 2.612 2.352 2.282 2.372 2.352 2.373 2.373 2.403 2.453 2.473 2.503 2.573 2.524 2.624 2.734 2.664 2.604 2.784 2.694 2.734 2.754 2.815 2.905 2.815 2.815 2.795 2.935 3.025 2.885 2.994 2.924 2.924 2.924 2.994 2.904 3.054 3.014 2.934 2.944 3.004 3.264 3.144 2.924 3.545 3.530 3.223 2.933 2.953 3.073 3.133 3.033 2.993 3.013 3.213 3.003 3.012 3.082 3.022 3.012 3.002 3.072 3.021 2.961 3.101 3.131 3.121 3.101 3.030
0.000 1.426 0.000 0.000 0.000 2.711 3.041 2.541 2.501 2.692 2.432 2.362 2.402 2.392 2.442 2.382 2.373 2.463 2.423 2.573 2.523 2.533 2.603 2.604 2.674 2.634 2.744 2.614 2.694 2.734 2.824 2.844 2.804 2.894 2.874 2.894 2.874 2.974 2.984 2.874 3.264 3.214 3.134 3.014 3.034 3.004 3.073 3.043 2.943 3.631 3.133 2.943 3.133 2.983 3.123 2.863 3.013 2.983 3.053 3.023 2.953 3.242 3.032 3.012 3.102 3.072 3.082 3.062 3.051 3.081 3.031 3.081 3.221 3.161 3.150 3.150 3.010
0.000 0.000 0.000 1.209 1.140 1.340 1.595 2.391 2.551 2.621 2.432 2.372 2.442 2.482 2.382 2.302 2.542 2.452 2.593 2.593 2.503 2.513 2.643 2.733 2.673 2.684 2.634 2.694 2.744 2.924 2.914 2.904 2.864 2.874 2.974 3.014 2.964 2.964 3.034 2.934 3.034 2.993 3.003 3.073 3.043 3.063 3.083 3.093 3.123 2.973 3.073 2.973 3.373 2.963 3.343 2.903 3.012 3.133 3.082 3.262 3.062 3.232 3.042 3.152 3.032 3.092 2.921 2.941 3.111 3.121 2.971 3.171 3.200 3.210 3.130 3.150 3.190
1.448 1.618 1.739 1.239 1.780 1.480 2.460 1.759 2.531 2.581 2.501 2.431 2.551 2.471 2.532 2.582 2.472 2.592 2.532 2.562 2.583 2.773 2.623 2.643 2.693 2.843 2.813 2.793 2.913 2.974 2.773 2.833 2.903 2.933 3.033 3.063 2.983 2.963 2.913 2.983 3.023 3.003 2.973 2.953 3.293 2.953 3.083 3.083 3.183 3.710 3.252 2.992 2.922 3.182 3.272 2.932 2.902 3.062 3.112 3.322 3.032 3.352 3.132 3.202 3.221 3.101 3.051 3.121 3.191 3.261 3.110 3.050 3.090 3.130 3.090 3.300 3.199
1.968 1.978 1.928 1.939 1.749 1.580 1.810 1.883 2.891 2.621 2.461 2.571 2.531 2.471 2.641 2.502 2.492 2.562 2.592 2.592 2.612 2.532 2.723 2.683 2.663 2.763 2.793 3.053 2.813 2.923 2.883 3.143 3.023 2.983 3.043 3.023 3.093 3.163 3.073 3.023 3.053 3.103 3.072 3.082 3.082 3.122 3.102 3.721 3.082 3.052 3.112 3.122 3.132 3.690 3.272 3.002 3.112 2.952 3.092 3.162 3.112 3.321 3.121 3.091 3.181 3.241 3.211 3.131 3.061 3.250 3.030 3.270 3.140 3.320 3.229 3.289 3.209
2.048 2.048 1.918 2.169 2.129 2.199 2.270 2.450 2.048 2.531 2.621 2.501 2.541 2.651 2.531 2.632 2.572 2.632 2.592 2.552 2.602 2.692 2.592 2.692 2.872 2.732 2.833 2.863 2.883 2.913 2.993 2.903 3.173 2.993 3.033 2.943 2.993 3.122 3.082 3.112 3.142 3.112 3.102 3.082 3.062 3.232 3.222 3.142 3.072 3.072 3.002 3.062 3.042 3.202 3.311 2.961 2.961 3.031 3.051 3.191 3.221 3.251 3.231 3.181 3.231 3.281 3.090 3.150 3.270 3.250 3.070 3.140 3.574 3.359 3.299 3.169 3.249
2.198 2.138 2.068 1.998 2.249 2.279 2.399 2.270 2.172 2.730 2.640 2.591 2.601 2.621 2.601 2.521 2.641 2.601 2.582 2.602 2.652 2.692 2.842 3.002 2.842 2.782 2.852 2.922 2.992 2.882 3.022 2.972 3.012 2.982 2.912 3.052 3.152 3.082 3.122 3.092 3.152 3.102 3.102 3.071 3.161 3.201 3.191 3.081 3.001 3.061 3.011 3.091 3.161 3.371 3.311 3.061 3.061 3.081 3.171 3.231 3.151 3.221 3.111 3.291 3.220 3.190 3.120 3.280 3.280 3.200 3.260 3.189 3.369 3.279 3.623 3.319 3.369
2.267 2.058 2.078 2.058 2.178 2.149 2.369 2.439 2.260 2.332 2.690 2.750 2.691 2.591 2.601 2.561 2.601 2.571 2.691 2.831 2.781 2.801 2.912 2.752 2.882 2.782 2.852 2.972 2.972 2.912 3.002 2.982 3.052 3.102 2.992 3.122 3.102 3.172 3.182 3.081 3.051 3.071 3.141 3.191 3.341 3.241 3.231 3.291 3.862 3.271 3.071 3.261 3.071 3.795 3.231 3.071 3.031 3.131 3.121 3.311 3.171 3.030 3.080 3.260 3.240 3.270 3.200 3.260 3.319 3.319 3.259 3.349 3.319 3.349 3.279 3.664 3.672
2.317 2.307 2.337 2.298 2.108 2.249 2.449 2.509 2.329 2.400 2.466 2.600 2.670 2.610 2.570 2.591 2.581 2.761 2.731 2.811 2.691 2.811 2.791 2.751 2.841 2.881 2.951 3.002 3.002 2.942 3.072 3.022 3.102 3.112 2.992 3.081 3.091 3.061 3.151 3.081 3.191 3.231 3.111 3.211 3.201 3.161 3.151 3.111 3.241 3.201 3.121 3.867 3.091 3.829 3.190 3.140 3.040 3.180 3.130 3.080 3.140 3.310 3.200 3.180 3.210 3.260 3.240 3.329 3.319 3.309 3.189 3.319 3.674 3.682 3.689 3.697 3.705
2.377 2.357 2.297 2.377 2.348 2.288 2.409 2.509 2.519 2.459 2.534 2.760 2.690 2.830 2.730 2.780 2.700 2.690 2.731 2.631 2.771 2.781 2.951 2.961 2.861 3.021 2.971 2.901 3.011 2.951 3.011 3.021 3.041 3.121 3.021 3.141 3.031 3.201 3.091 3.121 3.101 3.240 3.030 3.100 3.330 3.070 3.210 3.130 3.120 3.170 3.200 3.190 3.881 3.862 3.140 3.050 3.120 3.040 3.110 3.150 3.020 3.080 3.330 3.290 3.249 3.289 3.339 3.219 3.676 3.684 3.692 3.699 3.707 3.715 3.723 3.730 3.738
2.366 2.407 2.417 2.457 2.548 2.388 2.458 2.229 2.489 2.529 2.602 2.829 2.879 2.770 2.670 2.810 2.740 2.760 2.700 2.790 2.850 2.870 2.861 2.901 2.901 2.991 2.791 3.071 2.921 3.141 3.051 3.191 3.181 3.131 3.121 3.191 3.141 3.191 3.210 3.040 3.130 3.160 3.180 3.150 3.270 3.210 3.080 3.230 3.200 3.240 3.100 3.200 3.280 3.896 3.280 3.110 3.070 3.080 3.190 3.180 3.199 3.209 3.309 3.703 3.259 3.329 3.694 3.702 3.709 3.717 3.725 3.733 3.740 3.748 3.756 3.764 3.772
2.456 2.346 2.517 2.407 2.397 2.548 2.458 2.508 2.638 2.479 3.339 2.736 2.809 2.749 2.789 2.710 2.710 2.770 2.780 2.800 2.930 2.890 2.930 2.830 2.910 2.990 2.920 2.940 3.111 3.031 3.111 3.141 3.141 3.101 3.130 3.160 3.170 3.130 3.150 3.190 3.230 3.270 3.757 3.220 3.220 3.210 3.139 3.300 3.179 3.249 3.299 3.209 3.893 3.895 3.189 3.060 3.119 3.179 3.159 3.239 3.209 3.289 3.269 3.339 3.369 3.329 3.727 3.735 3.743 3.750 3.758 3.766 3.774 3.782 3.789 3.798 3.806
2.326 2.546 2.456 2.537 2.507 2.527 2.668 2.688 2.578 2.458 2.359 2.804 2.979 2.799 2.739 2.719 2.759 2.829 2.820 2.820 2.880 2.950 2.830 2.990 2.990 2.970 3.080 2.960 3.090 3.130 3.040 3.180 3.030 3.130 3.140 3.150 3.220 3.280 3.240 3.679 3.180 3.249 3.159 3.229 3.089 3.229 3.259 3.239 3.289 3.882 3.369 3.289 3.889 3.891 3.219 3.189 3.139 3.199 3.259 3.209 3.249 3.229 3.790 3.771 3.751 3.753 3.760 3.768 3.776 3.784 3.791 3.799 3.807 3.815 3.824 3.832 3.840
2.325 2.496 2.436 2.506 2.557 2.567 2.607 2.518 2.638 2.578 2.688 2.728 2.937 2.849 2.659 2.749 2.849 2.739 2.869 2.789 2.989 2.960 2.940 2.980 2.960 2.970 2.970 2.940 3.000 3.030 3.140 3.310 3.240 3.070 3.270 3.180 3.230 3.220 3.259 3.279 3.139 3.199 3.299 3.169 3.149 3.259 3.299 3.229 3.339 3.249 3.289 3.309 3.209 3.888 3.159 3.239 3.189 3.309 3.179 3.329 3.279 3.349 3.824 3.804 3.785 3.786 3.794 3.802 3.809 3.817 3.825 3.833 3.841 3.849 3.858 3.866 3.874
2.305 2.415 2.426 2.666 2.636 2.527 2.587 2.497 2.617 2.558 2.628 2.508 2.818 3.071 2.758 2.819 2.789 2.799 2.849 3.039 2.999 2.919 2.999 2.889 3.019 3.249 2.979 2.979 3.099 3.130 3.259 3.109 3.229 3.250 3.189 3.129 3.239 3.359 3.369 3.139 3.239 3.279 3.299 3.159 3.329 3.299 3.369 3.359 3.238 3.268 3.877 3.359 3.319 3.884 3.269 3.889 3.189 3.348 3.895 3.258 3.896 3.338 3.857 3.838 3.819 3.819 3.827 3.835 3.843 3.851 3.859 3.867 3.875 3.884 3.892 3.900 3.909
2.295 2.645 2.545 2.626 2.506 2.646 2.527 2.617 2.697 2.627 2.768 2.638 2.808 3.105 2.728 2.738 2.858 2.909 2.959 2.909 2.989 2.849 2.949 2.989 3.029 3.109 2.969 3.149 3.009 3.099 3.119 3.049 3.219 3.129 3.309 3.269 3.219 3.359 3.209 3.109 3.149 3.259 3.258 3.248 3.278 3.338 3.328 3.328 3.857 3.318 3.318 3.238 3.878 3.880 3.298 3.308 3.248 3.268 3.308 3.278 3.358 3.899 3.891 3.871 3.852 3.853 3.860 3.868 3.876 3.885 3.893 3.901 3.910 3.918 3.926 3.934 3.943
2.455 2.835 2.635 2.485 2.626 2.486 2.656 2.636 2.707 2.587 2.597 2.587 2.728 3.123 2.718 2.848 2.888 3.028 2.848 2.988 3.018 3.068 2.969 3.019 3.099 3.109 3.169 3.029 3.169 3.159 3.199 3.159 3.299 3.289 3.199 3.641 3.269 3.309 3.199 3.268 3.338 3.368 3.238 3.258 3.228 3.298 3.238 3.348 3.258 3.288 3.318 3.872 3.874 3.876 3.879 3.288 3.308 3.328 3.368 3.890 3.893 3.895 3.897 3.899 3.886 3.886 3.894 3.902 3.911 3.919 3.927 3.936 3.944 3.952 3.960 3.969 3.977
2.424 2.535 2.545 2.735 2.516 2.616 2.686 2.716 2.707 2.687 2.787 2.777 2.807 3.142 2.808 2.788 2.768 2.948 2.978 2.998 2.938 3.078 3.018 2.988 2.978 3.218 3.138 2.908 3.128 3.218 3.188 3.229 3.238 3.168 3.218 3.308 3.298 3.248 3.238 3.218 3.318 3.759 3.218 3.298 3.797 3.810 3.228 3.348 3.338 3.328 3.866 3.348 3.308 3.873 3.875 3.877 3.880 3.218 3.884 3.887 3.889 3.891 3.893 3.896 3.901 3.920 3.928 3.937 3.945 3.953 3.961 3.970 3.978 3.986 3.995 4.003 4.011
