includes/camargue/floodfiles/results/res-0011.wd
ncols         906
nrows         631
xllcorner     362177.146667
yllcorner     6534725.688020
cellsize      20.000000
NODATA_value  -9999.000000
[rows 476 to 509 of 631, columns 616 to 692 of 906]
0.009 0.009 0.009 0.010 0.018 0.028 0.025 0.023 0.022 0.021 0.020 0.020 0.022 0.025 0.026 0.022 0.018 0.015 0.012 0.009 0.007 0.008 0.009 0.009 0.009 0.009 0.009 0.009 0.013 0.016 0.018 0.020 0.022 0.023 0.023 0.022 0.018 0.018 0.020 0.038 0.080 0.125 0.171 0.217 0.262 0.308 0.353 0.399 0.445 0.490 0.536 0.582 0.626 0.614 0.585 0.555 0.527 0.498 0.470 0.442 0.413 0.385 0.357 0.328 0.300 0.272 0.243 0.215 0.187 0.158 0.128 0.107 0.086 0.065 0.044 0.025 0.012
0.009 0.009 0.009 0.010 0.016 0.028 0.026 0.024 0.023 0.023 0.023 0.024 0.028 0.027 0.023 0.020 0.016 0.013 0.011 0.008 0.007 0.008 0.009 0.010 0.010 0.010 0.009 0.009 0.009 0.012 0.016 0.018 0.020 0.021 0.022 0.021 0.016 0.017 0.022 0.050 0.094 0.140 0.185 0.231 0.277 0.322 0.368 0.413 0.459 0.505 0.538 0.568 0.598 0.636 0.606 0.577 0.547 0.518 0.488 0.459 0.429 0.400 0.370 0.341 0.311 0.282 0.252 0.223 0.193 0.164 0.132 0.111 0.090 0.069 0.048 0.028 0.013
0.010 0.010 0.010 0.010 0.015 0.030 0.028 0.027 0.026 0.027 0.029 0.033 0.028 0.024 0.021 0.018 0.015 0.012 0.010 0.008 0.007 0.008 0.009 0.010 0.010 0.010 0.010 0.009 0.009 0.009 0.011 0.015 0.018 0.019 0.020 0.019 0.015 0.016 0.027 0.064 0.109 0.154 0.200 0.245 0.291 0.337 0.382 0.422 0.451 0.480 0.509 0.538 0.572 0.611 0.628 0.598 0.568 0.539 0.509 0.480 0.450 0.420 0.391 0.361 0.332 0.302 0.273 0.243 0.214 0.179 0.138 0.114 0.093 0.072 0.051 0.031 0.014
0.012 0.011 0.011 0.011 0.015 0.035 0.034 0.034 0.034 0.036 0.036 0.030 0.026 0.022 0.019 0.016 0.013 0.011 0.009 0.007 0.007 0.008 0.010 0.010 0.010 0.010 0.010 0.010 0.009 0.010 0.010 0.010 0.014 0.017 0.018 0.017 0.014 0.017 0.036 0.078 0.123 0.169 0.214 0.260 0.305 0.334 0.364 0.393 0.422 0.451 0.480 0.509 0.545 0.585 0.624 0.619 0.590 0.560 0.530 0.501 0.471 0.442 0.412 0.382 0.353 0.323 0.294 0.264 0.235 0.194 0.153 0.117 0.096 0.075 0.054 0.034 0.016
0.018 0.016 0.014 0.013 0.020 0.056 0.056 0.056 0.057 0.047 0.036 0.029 0.024 0.020 0.017 0.014 0.012 0.010 0.008 0.007 0.007 0.008 0.010 0.010 0.010 0.010 0.010 0.010 0.010 0.010 0.010 0.009 0.009 0.013 0.015 0.014 0.013 0.019 0.049 0.093 0.138 0.184 0.218 0.247 0.277 0.306 0.335 0.364 0.393 0.422 0.451 0.480 0.519 0.558 0.597 0.637 0.611 0.581 0.552 0.522 0.492 0.463 0.433 0.403 0.374 0.344 0.315 0.285 0.249 0.208 0.167 0.126 0.100 0.079 0.058 0.037 0.018
0.017 0.018 0.020 0.022 0.048 0.094 0.100 0.100 0.080 0.060 0.043 0.030 0.023 0.019 0.016 0.013 0.011 0.009 0.008 0.007 0.007 0.008 0.010 0.010 0.010 0.010 0.010 0.010 0.010 0.010 0.010 0.010 0.009 0.009 0.010 0.010 0.012 0.026 0.063 0.103 0.132 0.161 0.190 0.219 0.248 0.277 0.306 0.335 0.364 0.393 0.422 0.454 0.493 0.532 0.571 0.610 0.632 0.603 0.573 0.543 0.513 0.484 0.454 0.424 0.395 0.365 0.336 0.305 0.264 0.223 0.182 0.141 0.103 0.082 0.061 0.040 0.021
0.015 0.016 0.019 0.033 0.086 0.139 0.145 0.123 0.102 0.080 0.059 0.040 0.026 0.018 0.014 0.012 0.010 0.009 0.008 0.007 0.007 0.008 0.010 0.010 0.011 0.011 0.010 0.010 0.010 0.010 0.010 0.010 0.009 0.009 0.008 0.006 0.014 0.024 0.046 0.074 0.103 0.132 0.161 0.190 0.219 0.248 0.277 0.306 0.335 0.364 0.393 0.427 0.466 0.505 0.544 0.583 0.622 0.624 0.594 0.564 0.535 0.505 0.475 0.446 0.416 0.386 0.357 0.320 0.279 0.238 0.197 0.156 0.115 0.086 0.065 0.044 0.024
0.014 0.015 0.018 0.040 0.096 0.150 0.161 0.147 0.125 0.103 0.081 0.060 0.039 0.022 0.014 0.011 0.009 0.008 0.007 0.007 0.007 0.008 0.010 0.011 0.011 0.011 0.011 0.010 0.010 0.010 0.010 0.009 0.008 0.007 0.006 0.007 0.000 0.002 0.018 0.046 0.075 0.104 0.132 0.161 0.190 0.219 0.248 0.277 0.306 0.335 0.363 0.401 0.440 0.479 0.518 0.557 0.596 0.635 0.615 0.586 0.556 0.526 0.496 0.467 0.437 0.407 0.376 0.335 0.294 0.253 0.212 0.171 0.130 0.089 0.068 0.047 0.027
0.014 0.015 0.021 0.050 0.095 0.143 0.158 0.149 0.141 0.126 0.104 0.082 0.061 0.039 0.020 0.012 0.009 0.008 0.007 0.007 0.007 0.009 0.010 0.011 0.011 0.011 0.011 0.011 0.010 0.010 0.009 0.008 0.006 0.007 0.006 0.008 0.000 0.000 0.001 0.018 0.046 0.075 0.104 0.133 0.161 0.190 0.219 0.248 0.276 0.305 0.335 0.374 0.413 0.452 0.491 0.530 0.569 0.608 0.637 0.607 0.577 0.547 0.518 0.488 0.458 0.429 0.391 0.350 0.308 0.267 0.226 0.185 0.144 0.104 0.072 0.051 0.030
0.014 0.019 0.029 0.046 0.087 0.136 0.154 0.146 0.138 0.129 0.121 0.106 0.084 0.062 0.040 0.020 0.010 0.008 0.007 0.007 0.007 0.009 0.010 0.011 0.011 0.011 0.011 0.010 0.010 0.008 0.007 0.007 0.007 0.007 0.007 0.009 0.000 0.000 0.000 0.001 0.018 0.046 0.075 0.104 0.133 0.161 0.190 0.219 0.247 0.276 0.309 0.348 0.386 0.425 0.464 0.503 0.542 0.581 0.620 0.628 0.598 0.568 0.539 0.509 0.480 0.447 0.406 0.364 0.323 0.282 0.241 0.200 0.159 0.118 0.077 0.055 0.034
0.020 0.025 0.027 0.040 0.080 0.128 0.150 0.142 0.134 0.126 0.118 0.109 0.101 0.085 0.063 0.041 0.020 0.009 0.007 0.007 0.007 0.009 0.010 0.011 0.011 0.011 0.010 0.009 0.007 0.008 0.007 0.007 0.007 0.007 0.010 0.009 0.000 0.000 0.000 0.000 0.000 0.018 0.047 0.075 0.104 0.132 0.161 0.189 0.218 0.246 0.282 0.321 0.360 0.399 0.437 0.476 0.515 0.554 0.593 0.633 0.619 0.590 0.560 0.530 0.501 0.461 0.420 0.379 0.338 0.297 0.256 0.215 0.174 0.133 0.092 0.059 0.038
0.023 0.023 0.024 0.035 0.073 0.120 0.147 0.139 0.130 0.122 0.114 0.106 0.097 0.089 0.081 0.064 0.042 0.020 0.009 0.007 0.007 0.009 0.010 0.011 0.010 0.009 0.007 0.008 0.007 0.008 0.007 0.007 0.007 0.008 0.012 0.008 0.001 0.001 0.001 0.001 0.000 0.000 0.018 0.046 0.075 0.103 0.131 0.160 0.188 0.217 0.255 0.294 0.333 0.371 0.410 0.449 0.488 0.527 0.567 0.606 0.640 0.611 0.581 0.551 0.517 0.476 0.435 0.394 0.353 0.312 0.271 0.230 0.189 0.149 0.108 0.067 0.042
0.022 0.021 0.022 0.030 0.065 0.112 0.143 0.134 0.126 0.118 0.110 0.102 0.094 0.085 0.077 0.069 0.060 0.043 0.021 0.009 0.007 0.009 0.009 0.009 0.007 0.008 0.008 0.008 0.008 0.008 0.008 0.008 0.008 0.009 0.014 0.007 0.002 0.002 0.002 0.002 0.001 0.000 0.000 0.018 0.046 0.074 0.102 0.130 0.159 0.190 0.228 0.267 0.305 0.344 0.383 0.422 0.461 0.500 0.539 0.579 0.618 0.632 0.602 0.573 0.532 0.491 0.450 0.409 0.368 0.327 0.286 0.246 0.205 0.164 0.123 0.082 0.046
0.020 0.019 0.019 0.025 0.057 0.104 0.138 0.130 0.122 0.114 0.106 0.098 0.090 0.081 0.073 0.065 0.056 0.047 0.038 0.021 0.007 0.007 0.007 0.008 0.008 0.008 0.008 0.008 0.008 0.008 0.008 0.008 0.008 0.009 0.015 0.007 0.003 0.003 0.002 0.002 0.002 0.001 0.000 0.000 0.017 0.045 0.073 0.101 0.129 0.162 0.201 0.239 0.278 0.317 0.356 0.395 0.434 0.473 0.512 0.551 0.591 0.630 0.623 0.588 0.547 0.506 0.465 0.424 0.384 0.343 0.302 0.261 0.220 0.179 0.139 0.098 0.057
0.017 0.016 0.016 0.020 0.049 0.096 0.134 0.126 0.118 0.109 0.101 0.093 0.085 0.077 0.068 0.060 0.051 0.042 0.033 0.022 0.009 0.009 0.008 0.008 0.008 0.008 0.008 0.008 0.008 0.008 0.008 0.008 0.008 0.011 0.017 0.007 0.004 0.003 0.003 0.003 0.002 0.002 0.001 0.000 0.000 0.016 0.043 0.071 0.098 0.135 0.173 0.211 0.250 0.289 0.328 0.367 0.406 0.445 0.484 0.524 0.563 0.603 0.641 0.597 0.554 0.511 0.469 0.426 0.383 0.340 0.297 0.255 0.212 0.169 0.126 0.084 0.041
0.014 0.013 0.013 0.015 0.040 0.087 0.129 0.121 0.113 0.105 0.096 0.088 0.080 0.072 0.063 0.055 0.046 0.036 0.024 0.018 0.014 0.012 0.011 0.010 0.009 0.008 0.008 0.008 0.008 0.008 0.008 0.008 0.009 0.012 0.019 0.007 0.004 0.004 0.004 0.003 0.003 0.002 0.002 0.002 0.002 0.002 0.013 0.041 0.069 0.106 0.144 0.182 0.221 0.260 0.299 0.338 0.377 0.420 0.467 0.513 0.560 0.607 0.608 0.554 0.511 0.469 0.426 0.383 0.341 0.298 0.256 0.213 0.170 0.128 0.085 0.042 0.009
0.010 0.010 0.009 0.011 0.032 0.078 0.123 0.115 0.107 0.099 0.091 0.083 0.074 0.066 0.057 0.047 0.037 0.024 0.023 0.020 0.016 0.014 0.013 0.013 0.012 0.010 0.009 0.009 0.009 0.009 0.009 0.009 0.010 0.015 0.022 0.007 0.005 0.004 0.004 0.004 0.004 0.003 0.003 0.003 0.004 0.004 0.004 0.009 0.039 0.075 0.113 0.152 0.195 0.242 0.289 0.335 0.382 0.429 0.475 0.522 0.569 0.616 0.575 0.516 0.468 0.426 0.383 0.341 0.298 0.256 0.214 0.171 0.129 0.086 0.044 0.005 0.000
0.007 0.006 0.006 0.007 0.023 0.068 0.117 0.110 0.101 0.093 0.085 0.076 0.068 0.058 0.048 0.036 0.030 0.027 0.025 0.022 0.019 0.017 0.015 0.015 0.014 0.014 0.012 0.011 0.011 0.011 0.012 0.014 0.019 0.026 0.032 0.009 0.005 0.005 0.005 0.005 0.005 0.005 0.005 0.006 0.007 0.008 0.009 0.005 0.021 0.064 0.110 0.156 0.203 0.250 0.296 0.343 0.390 0.437 0.484 0.531 0.578 0.600 0.541 0.483 0.424 0.382 0.340 0.298 0.256 0.214 0.171 0.129 0.087 0.045 0.005 0.000 0.000
0.004 0.004 0.004 0.004 0.015 0.058 0.106 0.103 0.095 0.086 0.078 0.069 0.059 0.048 0.035 0.034 0.032 0.029 0.027 0.024 0.021 0.019 0.017 0.016 0.016 0.016 0.019 0.023 0.027 0.033 0.039 0.046 0.053 0.060 0.061 0.031 0.010 0.007 0.006 0.007 0.007 0.008 0.010 0.012 0.013 0.008 0.001 0.000 0.020 0.070 0.117 0.164 0.210 0.257 0.304 0.351 0.397 0.444 0.491 0.539 0.586 0.566 0.507 0.449 0.391 0.338 0.296 0.255 0.213 0.171 0.129 0.087 0.045 0.006 0.000 0.000 0.000
0.003 0.003 0.003 0.003 0.008 0.047 0.095 0.095 0.087 0.078 0.069 0.059 0.046 0.040 0.037 0.036 0.034 0.031 0.029 0.026 0.023 0.021 0.019 0.019 0.019 0.023 0.035 0.052 0.069 0.076 0.083 0.090 0.097 0.103 0.100 0.070 0.041 0.016 0.011 0.012 0.014 0.017 0.017 0.009 0.000 0.000 0.000 0.000 0.010 0.070 0.124 0.171 0.217 0.264 0.311 0.358 0.405 0.452 0.499 0.546 0.589 0.531 0.473 0.414 0.356 0.299 0.252 0.211 0.170 0.128 0.087 0.045 0.006 0.000 0.000 0.000 0.000
0.003 0.002 0.002 0.002 0.004 0.035 0.082 0.086 0.078 0.068 0.057 0.044 0.043 0.041 0.039 0.037 0.035 0.033 0.031 0.028 0.025 0.023 0.022 0.023 0.028 0.041 0.058 0.077 0.096 0.116 0.127 0.134 0.141 0.148 0.140 0.110 0.081 0.051 0.030 0.025 0.017 0.008 0.000 0.000 0.000 0.000 0.000 0.000 0.003 0.057 0.125 0.177 0.224 0.271 0.318 0.365 0.411 0.459 0.506 0.553 0.554 0.496 0.437 0.379 0.322 0.264 0.208 0.167 0.126 0.086 0.045 0.006 0.000 0.000 0.000 0.000 0.000
0.005 0.004 0.002 0.002 0.002 0.023 0.068 0.075 0.066 0.054 0.048 0.045 0.044 0.043 0.041 0.039 0.037 0.035 0.033 0.031 0.027 0.026 0.027 0.034 0.047 0.065 0.083 0.103 0.122 0.141 0.160 0.178 0.185 0.192 0.180 0.150 0.121 0.091 0.039 0.006 0.000 0.000 0.000 0.000 0.000 0.000 0.000 0.000 0.000 0.044 0.111 0.180 0.230 0.277 0.324 0.371 0.418 0.465 0.512 0.559 0.518 0.460 0.402 0.344 0.286 0.229 0.172 0.122 0.083 0.043 0.005 0.000 0.000 0.000 0.000 0.000 0.000
0.007 0.006 0.005 0.004 0.002 0.011 0.051 0.061 0.049 0.049 0.048 0.047 0.045 0.044 0.042 0.041 0.039 0.037 0.035 0.033 0.030 0.032 0.039 0.053 0.071 0.090 0.109 0.128 0.147 0.167 0.186 0.205 0.224 0.236 0.220 0.182 0.122 0.061 0.006 0.000 0.000 0.000 0.000 0.000 0.000 0.000 0.000 0.000 0.000 0.031 0.096 0.165 0.234 0.282 0.329 0.376 0.423 0.470 0.517 0.539 0.481 0.423 0.365 0.307 0.250 0.193 0.137 0.082 0.039 0.004 0.000 0.000 0.000 0.000 0.000 0.000 0.000
0.009 0.008 0.007 0.006 0.005 0.008 0.033 0.048 0.049 0.049 0.049 0.048 0.047 0.046 0.044 0.043 0.041 0.040 0.039 0.038 0.037 0.045 0.060 0.077 0.096 0.115 0.134 0.153 0.173 0.192 0.211 0.231 0.250 0.259 0.209 0.148 0.088 0.027 0.000 0.000 0.000 0.000 0.000 0.000 0.000 0.000 0.000 0.000 0.000 0.018 0.081 0.149 0.218 0.287 0.333 0.380 0.427 0.474 0.521 0.501 0.443 0.385 0.327 0.270 0.213 0.157 0.101 0.047 0.002 0.000 0.000 0.000 0.000 0.000 0.000 0.000 0.000
0.010 0.009 0.008 0.007 0.007 0.010 0.028 0.042 0.050 0.052 0.051 0.050 0.049 0.048 0.047 0.046 0.045 0.045 0.046 0.048 0.052 0.066 0.083 0.102 0.121 0.140 0.160 0.179 0.198 0.218 0.237 0.252 0.246 0.239 0.185 0.116 0.053 0.002 0.000 0.000 0.000 0.000 0.000 0.000 0.000 0.000 0.000 0.000 0.000 0.008 0.065 0.132 0.201 0.269 0.336 0.383 0.430 0.477 0.519 0.461 0.403 0.345 0.288 0.231 0.174 0.119 0.065 0.014 0.000 0.000 0.000 0.000 0.000 0.000 0.000 0.000 0.000
0.011 0.011 0.010 0.010 0.010 0.012 0.022 0.034 0.043 0.049 0.055 0.055 0.053 0.052 0.051 0.051 0.052 0.055 0.059 0.065 0.073 0.090 0.108 0.127 0.146 0.166 0.185 0.204 0.224 0.243 0.239 0.233 0.226 0.220 0.163 0.093 0.024 0.000 0.000 0.000 0.000 0.000 0.000 0.000 0.000 0.000 0.000 0.000 0.000 0.002 0.048 0.113 0.181 0.250 0.319 0.383 0.430 0.477 0.477 0.418 0.360 0.302 0.245 0.188 0.133 0.079 0.030 0.000 0.000 0.000 0.000 0.000 0.000 0.000 0.000 0.000 0.000
0.012 0.012 0.012 0.013 0.012 0.013 0.019 0.029 0.037 0.044 0.049 0.055 0.060 0.060 0.060 0.062 0.065 0.071 0.078 0.087 0.096 0.114 0.133 0.152 0.172 0.191 0.210 0.230 0.232 0.226 0.220 0.213 0.207 0.200 0.140 0.071 0.005 0.000 0.000 0.000 0.000 0.000 0.000 0.000 0.000 0.000 0.000 0.000 0.000 0.000 0.031 0.093 0.160 0.228 0.296 0.365 0.428 0.474 0.431 0.372 0.313 0.254 0.196 0.138 0.082 0.032 0.000 0.000 0.000 0.000 0.000 0.000 0.000 0.000 0.000 0.000 0.000
0.013 0.014 0.015 0.014 0.014 0.014 0.017 0.025 0.032 0.038 0.044 0.050 0.056 0.064 0.073 0.077 0.084 0.091 0.101 0.110 0.121 0.139 0.158 0.178 0.197 0.216 0.226 0.219 0.213 0.206 0.200 0.194 0.187 0.181 0.118 0.049 0.000 0.000 0.000 0.000 0.000 0.000 0.000 0.000 0.000 0.000 0.000 0.000 0.000 0.000 0.017 0.072 0.137 0.203 0.271 0.338 0.407 0.440 0.383 0.332 0.281 0.230 0.179 0.128 0.077 0.027 0.001 0.000 0.000 0.000 0.000 0.000 0.000 0.000 0.000 0.000 0.000
0.016 0.016 0.016 0.015 0.015 0.015 0.017 0.022 0.028 0.034 0.040 0.046 0.054 0.063 0.075 0.089 0.105 0.114 0.124 0.135 0.146 0.164 0.183 0.203 0.219 0.212 0.206 0.199 0.193 0.187 0.180 0.174 0.167 0.161 0.096 0.026 0.000 0.000 0.000 0.000 0.000 0.000 0.000 0.000 0.000 0.000 0.000 0.000 0.000 0.000 0.006 0.050 0.111 0.176 0.243 0.313 0.382 0.437 0.414 0.360 0.307 0.254 0.200 0.147 0.093 0.039 0.002 0.000 0.000 0.000 0.000 0.000 0.000 0.000 0.000 0.000 0.000
0.017 0.016 0.016 0.016 0.016 0.016 0.017 0.021 0.025 0.030 0.036 0.043 0.052 0.064 0.078 0.094 0.112 0.131 0.149 0.159 0.170 0.189 0.208 0.205 0.199 0.192 0.186 0.180 0.173 0.167 0.161 0.154 0.148 0.141 0.073 0.006 0.000 0.000 0.000 0.000 0.000 0.000 0.000 0.000 0.000 0.000 0.000 0.000 0.000 0.000 0.000 0.029 0.088 0.154 0.223 0.292 0.362 0.406 0.446 0.391 0.336 0.281 0.226 0.171 0.116 0.059 0.006 0.000 0.000 0.000 0.000 0.000 0.000 0.000 0.000 0.000 0.000
0.017 0.017 0.017 0.017 0.016 0.016 0.017 0.020 0.023 0.027 0.033 0.041 0.052 0.066 0.082 0.100 0.119 0.138 0.158 0.177 0.195 0.198 0.191 0.185 0.179 0.172 0.166 0.160 0.154 0.147 0.141 0.135 0.128 0.120 0.051 0.000 0.000 0.000 0.000 0.000 0.000 0.000 0.000 0.000 0.000 0.000 0.000 0.000 0.000 0.000 0.000 0.019 0.070 0.135 0.203 0.272 0.333 0.377 0.419 0.424 0.368 0.312 0.255 0.199 0.142 0.084 0.024 0.000 0.000 0.000 0.000 0.000 0.000 0.000 0.000 0.000 0.000
0.017 0.017 0.017 0.017 0.017 0.017 0.017 0.020 0.022 0.026 0.031 0.041 0.053 0.070 0.087 0.106 0.125 0.145 0.165 0.184 0.197 0.183 0.171 0.164 0.158 0.152 0.146 0.140 0.134 0.127 0.121 0.115 0.108 0.097 0.028 0.000 0.000 0.000 0.000 0.000 0.000 0.000 0.000 0.000 0.000 0.000 0.000 0.000 0.000 0.000 0.000 0.011 0.053 0.116 0.184 0.252 0.304 0.348 0.389 0.430 0.401 0.343 0.286 0.228 0.170 0.111 0.050 0.000 0.000 0.000 0.000 0.000 0.000 0.000 0.000 0.000 0.000
0.017 0.017 0.017 0.017 0.017 0.017 0.018 0.020 0.021 0.025 0.031 0.041 0.057 0.074 0.093 0.112 0.132 0.152 0.168 0.181 0.194 0.181 0.163 0.146 0.137 0.131 0.125 0.120 0.114 0.108 0.101 0.095 0.089 0.075 0.008 0.000 0.000 0.000 0.000 0.000 0.000 0.000 0.000 0.000 0.000 0.000 0.000 0.000 0.000 0.000 0.000 0.005 0.038 0.098 0.165 0.233 0.276 0.319 0.360 0.400 0.434 0.376 0.317 0.259 0.199 0.138 0.072 0.028 0.016 0.009 0.004 0.002 0.001 0.001 0.001 0.000 0.000
0.016 0.016 0.017 0.017 0.017 0.017 0.018 0.019 0.021 0.024 0.031 0.044 0.061 0.080 0.099 0.119 0.138 0.151 0.164 0.177 0.191 0.178 0.161 0.144 0.127 0.110 0.104 0.099 0.093 0.087 0.081 0.075 0.069 0.053 0.001 0.000 0.000 0.000 0.000 0.000 0.000 0.000 0.000 0.000 0.000 0.000 0.000 0.000 0.000 0.000 0.000 0.003 0.026 0.080 0.146 0.205 0.248 0.290 0.331 0.371 0.410 0.409 0.350 0.290 0.229 0.165 0.090 0.069 0.056 0.053 0.062 0.074 0.085 0.096 0.108 0.096 0.085
