includes/camargue/floodfiles/results/res.max
ncols         906
nrows         631
xllcorner     362177.146667
yllcorner     6534725.688020
cellsize      20.000000
NODATA_value  -9999.000000
[rows 578 to 611 of 631, columns 693 to 769 of 906]
13.985 13.988 13.991 13.993 13.996 13.999 14.002 14.005 14.008 14.011 14.011 13.989 13.985 13.995 14.005 14.015 14.025 14.035 14.045 14.055 14.065 14.074 14.084 14.094 14.104 14.090 14.056 14.022 13.987 13.953 13.919 13.885 13.851 13.817 13.782 13.748 13.714 13.683 13.672 13.652 13.632 13.612 13.591 13.571 13.551 13.531 13.511 13.490 13.470 13.449 13.430 13.451 13.472 13.494 13.515 13.536 13.557 13.579 13.600 13.621 13.643 13.626 13.586 13.629 13.749 13.869 13.990 14.110 14.230 14.350 14.470 14.597 14.728 14.859 14.990 15.121 15.252
13.981 13.984 13.987 13.990 13.993 13.996 13.998 14.001 14.004 14.007 14.008 14.012 14.022 14.032 14.041 14.051 14.061 14.071 14.080 14.090 14.100 14.110 14.119 14.129 14.139 14.156 14.121 14.087 14.053 14.018 13.984 13.950 13.915 13.881 13.847 13.813 13.778 13.745 13.746 13.725 13.704 13.683 13.661 13.640 13.619 13.598 13.577 13.555 13.534 13.513 13.539 13.551 13.563 13.582 13.603 13.624 13.646 13.667 13.688 13.709 13.731 13.739 13.781 13.901 14.021 14.141 14.262 14.382 14.502 14.622 14.742 14.869 15.000 15.131 15.262 15.393 15.524
13.977 13.980 13.983 13.986 13.989 13.992 13.995 13.998 13.989 13.976 13.964 13.985 14.009 14.018 14.028 14.038 14.047 14.057 14.067 14.076 14.086 14.096 14.106 14.115 14.125 14.157 14.161 14.126 14.092 14.058 14.023 13.989 13.955 13.920 13.886 13.852 13.818 13.825 13.855 13.834 13.812 13.791 13.770 13.749 13.728 13.707 13.686 13.664 13.643 13.685 13.786 13.799 13.811 13.823 13.835 13.847 13.860 13.872 13.884 13.896 13.908 13.957 14.068 14.179 14.293 14.413 14.534 14.654 14.774 14.894 15.015 15.141 15.272 15.403 15.534 15.665 15.803
13.974 13.977 13.979 13.982 13.985 13.982 13.969 13.957 13.945 13.933 13.923 13.954 13.986 14.005 14.014 14.024 14.034 14.044 14.053 14.063 14.073 14.082 14.092 14.102 14.123 14.156 14.188 14.166 14.131 14.097 14.063 14.028 13.994 13.960 13.925 13.891 13.874 13.905 13.936 13.943 13.921 13.900 13.879 13.858 13.837 13.815 13.794 13.773 13.771 13.883 13.996 14.047 14.059 14.071 14.083 14.095 14.108 14.120 14.132 14.144 14.165 14.276 14.387 14.499 14.610 14.721 14.833 14.944 15.055 15.167 15.287 15.414 15.549 15.687 15.826 15.965 16.104
13.970 13.973 13.975 13.962 13.950 13.938 13.926 13.914 13.901 13.889 13.893 13.924 13.956 13.987 14.001 14.011 14.020 14.030 14.040 14.049 14.059 14.069 14.079 14.090 14.122 14.154 14.186 14.205 14.171 14.136 14.102 14.068 14.033 13.999 13.965 13.930 13.954 13.985 14.016 14.047 14.030 14.009 13.988 13.967 13.945 13.924 13.903 13.882 13.969 14.081 14.194 14.295 14.307 14.319 14.331 14.343 14.355 14.367 14.379 14.392 14.485 14.596 14.707 14.819 14.930 15.041 15.153 15.264 15.375 15.487 15.597 15.711 15.849 15.988 16.127 16.266 16.404
13.955 13.943 13.931 13.919 13.907 13.894 13.882 13.870 13.858 13.845 13.862 13.894 13.926 13.957 13.987 13.997 14.007 14.016 14.026 14.036 14.046 14.055 14.065 14.089 14.121 14.153 14.185 14.217 14.210 14.176 14.141 14.107 14.073 14.038 14.004 14.003 14.034 14.065 14.096 14.127 14.139 14.118 14.097 14.075 14.054 14.033 14.012 14.054 14.167 14.279 14.392 14.505 14.554 14.567 14.579 14.591 14.603 14.615 14.628 14.693 14.805 14.916 15.027 15.139 15.250 15.361 15.472 15.583 15.694 15.805 15.917 16.028 16.150 16.289 16.428 16.567 16.705
13.912 13.900 13.887 13.875 13.863 13.851 13.838 13.826 13.814 13.802 13.832 13.864 13.895 13.927 13.959 13.983 13.993 14.003 14.013 14.022 14.032 14.042 14.055 14.088 14.120 14.152 14.184 14.216 14.248 14.215 14.181 14.146 14.112 14.078 14.052 14.083 14.114 14.145 14.176 14.208 14.239 14.227 14.205 14.184 14.163 14.142 14.140 14.252 14.364 14.477 14.589 14.702 14.803 14.815 14.827 14.839 14.851 14.864 14.902 15.013 15.124 15.236 15.347 15.458 15.569 15.680 15.791 15.903 16.014 16.125 16.237 16.348 16.459 16.590 16.729 16.868 17.006
13.868 13.856 13.844 13.831 13.819 13.807 13.795 13.782 13.770 13.770 13.802 13.834 13.865 13.897 13.928 13.960 13.979 13.989 13.999 14.009 14.018 14.028 14.054 14.086 14.118 14.151 14.183 14.215 14.247 14.254 14.220 14.186 14.151 14.117 14.132 14.163 14.194 14.225 14.256 14.288 14.319 14.335 14.314 14.293 14.272 14.251 14.338 14.450 14.562 14.675 14.787 14.900 15.012 15.063 15.075 15.087 15.099 15.112 15.222 15.333 15.444 15.556 15.666 15.777 15.889 16.000 16.111 16.222 16.334 16.445 16.556 16.668 16.779 16.891 17.030 17.169 17.307
13.824 13.812 13.800 13.788 13.776 13.763 13.751 13.739 13.727 13.740 13.772 13.803 13.835 13.867 13.898 13.930 13.962 13.976 13.985 13.995 14.005 14.021 14.053 14.085 14.117 14.149 14.181 14.214 14.246 14.278 14.259 14.225 14.191 14.181 14.212 14.243 14.274 14.305 14.336 14.367 14.399 14.430 14.423 14.402 14.381 14.423 14.536 14.648 14.761 14.873 14.986 15.098 15.211 15.311 15.323 15.335 15.348 15.430 15.542 15.653 15.763 15.874 15.986 16.097 16.208 16.320 16.431 16.542 16.654 16.765 16.876 16.987 17.099 17.210 17.331 17.470 17.608
13.767 13.769 13.756 13.744 13.732 13.720 13.707 13.695 13.683 13.710 13.742 13.773 13.805 13.836 13.868 13.900 13.931 13.962 13.972 13.982 13.991 14.019 14.052 14.084 14.116 14.148 14.180 14.212 14.244 14.277 14.298 14.264 14.230 14.261 14.292 14.323 14.354 14.385 14.417 14.448 14.479 14.510 14.532 14.511 14.509 14.621 14.734 14.846 14.959 15.071 15.184 15.296 15.409 15.521 15.571 15.584 15.639 15.750 15.860 15.972 16.083 16.194 16.306 16.417 16.528 16.640 16.751 16.862 16.973 17.085 17.196 17.307 17.419 17.530 17.641 17.770 17.909
13.702 13.708 13.713 13.700 13.688 13.676 13.664 13.651 13.648 13.680 13.711 13.743 13.775 13.806 13.838 13.870 13.901 13.933 13.958 13.968 13.986 14.018 14.050 14.083 14.115 14.147 14.179 14.211 14.243 14.275 14.307 14.303 14.309 14.341 14.372 14.403 14.434 14.466 14.497 14.528 14.559 14.590 14.622 14.620 14.707 14.819 14.932 15.044 15.157 15.269 15.382 15.494 15.607 15.719 15.820 15.847 15.958 16.069 16.180 16.292 16.403 16.514 16.626 16.737 16.848 16.959 17.071 17.182 17.293 17.405 17.516 17.627 17.738 17.850 17.961 18.072 18.209
13.637 13.643 13.649 13.655 13.645 13.632 13.620 13.608 13.618 13.649 13.681 13.713 13.744 13.776 13.808 13.839 13.871 13.903 13.934 13.954 13.985 14.017 14.049 14.081 14.113 14.146 14.178 14.209 14.237 14.265 14.294 14.354 14.394 14.425 14.456 14.488 14.519 14.550 14.581 14.613 14.644 14.675 14.707 14.718 14.832 14.947 15.062 15.177 15.292 15.406 15.521 15.636 15.751 15.865 15.980 16.099 16.220 16.341 16.463 16.584 16.705 16.827 16.945 17.057 17.168 17.279 17.391 17.502 17.613 17.718 17.819 17.921 18.022 18.123 18.225 18.327 18.399
13.572 13.578 13.584 13.590 13.596 13.589 13.576 13.564 13.588 13.619 13.651 13.683 13.714 13.746 13.778 13.809 13.841 13.870 13.899 13.921 13.946 13.974 14.002 14.031 14.059 14.088 14.116 14.145 14.173 14.201 14.230 14.369 14.489 14.519 14.550 14.581 14.613 14.644 14.676 14.708 14.739 14.770 14.794 14.754 14.797 14.911 15.026 15.141 15.256 15.371 15.486 15.599 15.714 15.829 15.945 16.061 16.183 16.304 16.425 16.547 16.668 16.789 16.910 17.032 17.153 17.283 17.409 17.510 17.612 17.714 17.815 17.917 18.019 18.120 18.222 18.309 18.314
13.507 13.513 13.519 13.525 13.531 13.537 13.533 13.526 13.558 13.589 13.621 13.652 13.682 13.711 13.739 13.767 13.796 13.824 13.853 13.869 13.881 13.910 13.938 13.967 13.995 14.023 14.052 14.080 14.109 14.137 14.216 14.383 14.551 14.614 14.645 14.676 14.708 14.739 14.770 14.802 14.833 14.864 14.842 14.802 14.762 14.875 14.989 15.104 15.219 15.334 15.449 15.564 15.678 15.793 15.910 16.026 16.145 16.267 16.388 16.509 16.631 16.752 16.873 16.994 17.116 17.257 17.398 17.507 17.609 17.711 17.813 17.914 18.016 18.118 18.219 18.249 18.254
13.442 13.448 13.454 13.460 13.466 13.472 13.478 13.494 13.523 13.551 13.580 13.608 13.636 13.665 13.693 13.722 13.750 13.779 13.804 13.816 13.828 13.846 13.874 13.902 13.931 13.959 13.988 14.016 14.044 14.073 14.231 14.398 14.566 14.709 14.740 14.771 14.803 14.834 14.865 14.897 14.928 14.932 14.892 14.852 14.811 14.839 14.954 15.069 15.183 15.298 15.413 15.528 15.643 15.759 15.875 15.992 16.108 16.229 16.351 16.472 16.593 16.713 16.835 16.956 17.091 17.232 17.373 17.505 17.606 17.708 17.810 17.911 18.013 18.115 18.183 18.189 18.194
13.377 13.383 13.389 13.395 13.396 13.391 13.386 13.429 13.477 13.505 13.534 13.562 13.591 13.619 13.648 13.676 13.705 13.733 13.752 13.764 13.776 13.788 13.810 13.838 13.867 13.895 13.923 13.952 13.980 14.078 14.246 14.414 14.581 14.749 14.835 14.866 14.898 14.929 14.960 14.991 15.022 14.981 14.941 14.901 14.861 14.821 14.918 15.033 15.148 15.262 15.377 15.492 15.608 15.724 15.840 15.957 16.073 16.192 16.312 16.434 16.555 16.676 16.797 16.926 17.067 17.207 17.348 17.489 17.603 17.705 17.807 17.908 18.010 18.112 18.123 18.129 18.134
13.312 13.312 13.308 13.303 13.298 13.294 13.289 13.350 13.413 13.460 13.488 13.517 13.545 13.574 13.602 13.631 13.659 13.687 13.700 13.712 13.724 13.736 13.748 13.774 13.802 13.831 13.859 13.888 13.926 14.093 14.261 14.429 14.596 14.764 14.930 14.961 14.993 15.024 15.055 15.086 15.071 15.031 14.991 14.950 14.910 14.870 14.882 14.997 15.112 15.227 15.341 15.456 15.573 15.689 15.806 15.921 16.038 16.154 16.275 16.396 16.517 16.639 16.760 16.901 17.042 17.182 17.323 17.464 17.601 17.702 17.804 17.906 18.007 18.057 18.063 18.069 18.074
13.219 13.215 13.210 13.205 13.201 13.196 13.208 13.271 13.333 13.396 13.443 13.471 13.499 13.528 13.556 13.585 13.613 13.636 13.648 13.660 13.672 13.684 13.696 13.710 13.738 13.767 13.795 13.823 13.941 14.108 14.276 14.444 14.612 14.779 14.947 15.056 15.087 15.119 15.150 15.161 15.120 15.080 15.040 15.000 14.960 14.920 14.879 14.961 15.076 15.191 15.306 15.422 15.537 15.653 15.770 15.886 16.003 16.119 16.238 16.359 16.480 16.601 16.735 16.876 17.017 17.157 17.298 17.439 17.580 17.699 17.801 17.903 17.991 17.997 18.003 18.009 18.014
13.122 13.117 13.112 13.108 13.103 13.098 13.129 13.191 13.254 13.317 13.379 13.425 13.454 13.482 13.511 13.539 13.568 13.584 13.596 13.608 13.620 13.632 13.644 13.655 13.674 13.702 13.731 13.788 13.955 14.123 14.291 14.458 14.626 14.793 14.961 15.129 15.182 15.214 15.245 15.210 15.170 15.130 15.089 15.049 15.009 14.969 14.929 14.925 15.040 15.154 15.269 15.386 15.502 15.619 15.735 15.852 15.968 16.085 16.201 16.321 16.443 16.569 16.710 16.851 16.992 17.132 17.273 17.414 17.555 17.696 17.798 17.900 17.931 17.937 17.943 17.949 17.954
13.024 13.019 13.015 13.010 13.005 13.000 13.049 13.112 13.175 13.237 13.300 13.363 13.408 13.437 13.465 13.493 13.520 13.532 13.544 13.556 13.568 13.580 13.591 13.603 13.615 13.638 13.667 13.803 13.970 14.138 14.306 14.473 14.641 14.808 14.976 15.144 15.276 15.308 15.298 15.258 15.218 15.178 15.138 15.098 15.058 15.017 14.977 14.937 15.003 15.118 15.235 15.351 15.468 15.584 15.700 15.817 15.933 16.050 16.166 16.284 16.405 16.544 16.685 16.826 16.967 17.108 17.248 17.389 17.530 17.670 17.794 17.865 17.870 17.876 17.882 17.888 17.893
12.927 12.922 12.917 12.912 12.908 12.907 12.970 13.033 13.095 13.158 13.221 13.283 13.346 13.391 13.419 13.448 13.468 13.480 13.492 13.504 13.516 13.527 13.539 13.551 13.563 13.575 13.650 13.818 13.985 14.153 14.321 14.488 14.656 14.824 14.991 15.159 15.327 15.388 15.348 15.308 15.268 15.227 15.187 15.147 15.107 15.067 15.027 14.986 14.968 15.084 15.200 15.316 15.433 15.549 15.666 15.782 15.899 16.015 16.132 16.248 16.378 16.519 16.660 16.801 16.942 17.082 17.222 17.363 17.503 17.641 17.779 17.793 17.798 17.803 17.807 17.812 17.816
12.829 12.824 12.819 12.815 12.810 12.828 12.891 12.953 13.016 13.079 13.141 13.204 13.267 13.330 13.374 13.402 13.416 13.428 13.440 13.451 13.463 13.475 13.487 13.528 13.569 13.611 13.732 13.901 14.069 14.238 14.407 14.575 14.744 14.912 15.080 15.249 15.417 15.391 15.351 15.311 15.271 15.231 15.191 15.151 15.111 15.071 15.031 14.991 14.971 15.049 15.166 15.282 15.399 15.515 15.632 15.748 15.865 15.980 16.097 16.203 16.247 16.385 16.523 16.661 16.799 16.937 17.075 17.213 17.351 17.489 17.556 17.561 17.566 17.570 17.575 17.579 17.584
12.731 12.726 12.722 12.717 12.712 12.749 12.811 12.874 12.937 12.999 13.062 13.125 13.188 13.250 13.313 13.352 13.368 13.410 13.452 13.494 13.535 13.577 13.619 13.661 13.703 13.774 13.885 14.039 14.208 14.376 14.545 14.714 14.882 15.051 15.219 15.387 15.428 15.371 15.324 15.284 15.244 15.204 15.164 15.124 15.084 15.044 15.004 14.964 14.989 15.018 15.132 15.248 15.365 15.481 15.597 15.713 15.830 15.946 16.063 16.119 16.147 16.233 16.371 16.509 16.647 16.785 16.923 17.061 17.199 17.318 17.323 17.329 17.333 17.338 17.342 17.347 17.351
12.635 12.629 12.624 12.619 12.615 12.669 12.732 12.795 12.857 12.920 12.983 13.045 13.108 13.219 13.336 13.438 13.501 13.543 13.585 13.627 13.669 13.711 13.752 13.794 13.836 13.944 14.055 14.178 14.346 14.514 14.683 14.851 15.020 15.189 15.358 15.468 15.411 15.354 15.298 15.258 15.218 15.178 15.138 15.098 15.058 15.018 14.978 14.976 15.005 15.035 15.097 15.214 15.330 15.447 15.563 15.680 15.796 15.912 16.006 16.034 16.063 16.092 16.219 16.357 16.495 16.633 16.771 16.909 17.047 17.085 17.090 17.096 17.101 17.106 17.110 17.115 17.119
12.542 12.533 12.526 12.522 12.527 12.590 12.653 12.715 12.778 12.841 12.957 13.075 13.192 13.310 13.428 13.524 13.611 13.677 13.718 13.760 13.802 13.844 13.886 13.927 14.004 14.115 14.225 14.336 14.484 14.653 14.821 14.990 15.158 15.327 15.495 15.449 15.392 15.336 15.279 15.231 15.190 15.150 15.110 15.070 15.030 14.990 14.964 14.994 15.023 15.053 15.082 15.180 15.296 15.413 15.529 15.646 15.762 15.879 15.922 15.950 15.979 16.008 16.067 16.205 16.343 16.481 16.619 16.757 16.847 16.852 16.858 16.863 16.868 16.873 16.878 16.882 16.887
12.449 12.440 12.431 12.424 12.448 12.511 12.578 12.696 12.813 12.931 13.049 13.166 13.284 13.402 13.519 13.609 13.696 13.784 13.852 13.893 13.935 13.977 14.019 14.063 14.174 14.285 14.396 14.507 14.623 14.791 14.960 15.128 15.297 15.465 15.488 15.432 15.375 15.318 15.261 15.204 15.164 15.124 15.084 15.044 15.004 14.964 14.982 15.011 15.041 15.070 15.100 15.146 15.263 15.379 15.495 15.612 15.728 15.809 15.838 15.866 15.895 15.924 15.952 16.053 16.191 16.329 16.467 16.605 16.614 16.620 16.625 16.630 16.636 16.641 16.645 16.650 16.654
12.356 12.347 12.338 12.354 12.434 12.552 12.670 12.787 12.905 13.023 13.140 13.258 13.376 13.493 13.608 13.695 13.782 13.869 13.956 14.027 14.068 14.110 14.152 14.234 14.344 14.455 14.566 14.677 14.788 14.930 15.098 15.267 15.435 15.528 15.471 15.414 15.357 15.300 15.243 15.187 15.138 15.098 15.058 15.018 14.978 14.970 15.000 15.029 15.058 15.088 15.117 15.147 15.229 15.345 15.462 15.578 15.695 15.725 15.754 15.782 15.811 15.839 15.868 15.901 16.039 16.177 16.315 16.376 16.381 16.387 16.392 16.397 16.403 16.408 16.412 16.417 16.421
12.365 12.423 12.482 12.540 12.588 12.644 12.761 12.879 12.997 13.114 13.232 13.350 13.467 13.585 13.693 13.780 13.868 13.955 14.042 14.129 14.202 14.243 14.293 14.403 14.514 14.625 14.736 14.846 14.957 15.069 15.237 15.406 15.567 15.510 15.453 15.397 15.340 15.283 15.226 15.169 15.112 15.071 15.031 14.991 14.958 14.988 15.017 15.047 15.076 15.106 15.135 15.165 15.195 15.311 15.428 15.544 15.612 15.641 15.669 15.698 15.727 15.755 15.784 15.813 15.886 16.024 16.137 16.142 16.148 16.153 16.158 16.164 16.169 16.174 16.180 16.184 16.189
12.551 12.610 12.668 12.724 12.772 12.819 12.866 12.971 13.088 13.206 13.324 13.441 13.559 13.677 13.779 13.866 13.953 14.040 14.128 14.215 14.302 14.377 14.463 14.574 14.685 14.795 14.906 15.017 15.128 15.238 15.375 15.543 15.550 15.493 15.436 15.379 15.322 15.265 15.208 15.152 15.095 15.045 15.005 14.965 14.976 15.006 15.034 15.063 15.093 15.122 15.152 15.181 15.211 15.277 15.393 15.498 15.527 15.556 15.584 15.613 15.642 15.670 15.699 15.728 15.756 15.872 15.904 15.909 15.915 15.920 15.926 15.931 15.936 15.942 15.947 15.952 15.907
12.737 12.796 12.854 12.908 12.955 13.002 13.050 13.097 13.180 13.298 13.415 13.533 13.651 13.768 13.865 13.952 14.039 14.126 14.213 14.300 14.389 14.532 14.649 14.757 14.864 14.972 15.079 15.187 15.298 15.409 15.520 15.588 15.531 15.474 15.417 15.361 15.304 15.248 15.191 15.133 15.076 15.019 14.977 14.963 14.993 15.022 15.052 15.081 15.111 15.140 15.170 15.199 15.228 15.258 15.359 15.414 15.443 15.472 15.500 15.529 15.558 15.586 15.615 15.643 15.665 15.683 15.689 15.695 15.701 15.707 15.712 15.718 15.724 15.730 15.736 15.723 15.634
12.924 12.982 13.041 13.091 13.139 13.186 13.233 13.280 13.328 13.389 13.507 13.625 13.742 13.860 13.950 14.037 14.124 14.212 14.299 14.439 14.583 14.726 14.850 14.957 15.065 15.172 15.280 15.387 15.495 15.602 15.637 15.532 15.481 15.429 15.378 15.326 15.275 15.223 15.171 15.116 15.059 15.002 14.952 14.981 15.011 15.040 15.069 15.099 15.128 15.158 15.187 15.217 15.246 15.274 15.298 15.320 15.342 15.364 15.386 15.408 15.430 15.452 15.474 15.496 15.518 15.537 15.549 15.555 15.561 15.567 15.572 15.578 15.584 15.590 15.590 15.545 15.468
13.110 13.168 13.227 13.275 13.322 13.369 13.417 13.464 13.511 13.559 13.606 13.716 13.834 13.949 14.036 14.123 14.210 14.346 14.490 14.633 14.777 14.920 15.051 15.158 15.266 15.373 15.481 15.588 15.696 15.736 15.589 15.447 15.395 15.344 15.292 15.241 15.189 15.138 15.086 15.035 14.983 14.932 14.889 14.903 14.929 14.955 14.981 15.007 15.033 15.059 15.085 15.111 15.137 15.163 15.166 15.173 15.195 15.216 15.238 15.260 15.282 15.304 15.326 15.348 15.369 15.388 15.406 15.415 15.421 15.426 15.432 15.438 15.444 15.450 15.410 15.365 15.303
13.296 13.355 13.411 13.458 13.505 13.553 13.600 13.647 13.695 13.742 13.789 13.837 13.925 14.034 14.121 14.253 14.397 14.540 14.684 14.826 14.970 15.113 15.251 15.358 15.466 15.574 15.681 15.789 15.836 15.688 15.540 15.393 15.310 15.258 15.207 15.155 15.104 15.052 15.001 14.949 14.898 14.853 14.812 14.791 14.817 14.844 14.870 14.896 14.922 14.948 14.974 15.000 15.026 15.044 15.040 15.036 15.047 15.069 15.091 15.113 15.135 15.157 15.179 15.201 15.220 15.239 15.257 15.275 15.280 15.286 15.292 15.298 15.304 15.276 15.231 15.185 15.138
13.482 13.541 13.594 13.641 13.689 13.736 13.783 13.831 13.878 13.925 13.973 14.020 14.067 14.160 14.303 14.447 14.590 14.733 14.877 15.020 15.163 15.307 15.450 15.559 15.666 15.774 15.881 15.934 15.786 15.639 15.492 15.344 15.225 15.173 15.122 15.070 15.019 14.967 14.915 14.864 14.817 14.777 14.736 14.696 14.706 14.732 14.758 14.784 14.810 14.836 14.863 14.889 14.915 14.918 14.914 14.910 14.907 14.922 14.944 14.966 14.988 15.010 15.031 15.053 15.071 15.090 15.108 15.127 15.140 15.146 15.151 15.157 15.140 15.095 15.050 15.004 14.959
