includes/camargue/floodfiles/results/res.totaltm
ncols         906
nrows         631
xllcorner     362177.146667
yllcorner     6534725.688020
cellsize      20.000000
NODATA_value  -9999.000000
[rows 264 to 296 of 631, columns 825 to 899 of 906]
7.142 6.910 6.884 6.458 6.439 5.973 5.884 0.000 0.000 0.000 0.000 0.000 0.000 0.000 0.000 0.000 0.000 0.000 0.000 4.703 9.327 10.034 10.048 10.043 10.091 10.151 10.160 10.169 10.176 10.173 10.166 10.154 10.141 9.071 6.100 3.814 0.000 10.273 10.291 10.259 10.474 10.477 10.463 10.454 3.162 10.603 10.733 10.526 10.823 10.833 10.817 10.757 10.789 10.819 0.000 11.075 0.000 0.000 9.597 0.000 9.712 9.704 9.589 9.638 9.698 9.710 9.705 9.712 9.718 9.739 9.747 9.763 9.781 9.796 9.695
6.877 0.000 6.853 1.927 8.392 1.625 4.165 0.000 0.000 0.000 0.000 0.000 0.000 0.000 0.000 0.000 0.000 0.000 0.000 0.000 10.069 10.151 10.136 10.122 10.162 10.155 10.166 10.179 10.249 10.231 10.160 10.149 10.107 10.057 0.000 0.000 0.000 0.000 10.309 10.455 10.511 10.523 10.491 3.600 10.757 10.777 10.794 10.824 10.859 10.866 10.575 10.715 10.630 11.000 11.121 11.116 0.000 9.538 9.621 9.631 9.702 9.608 9.640 9.672 9.704 9.724 9.747 9.779 9.533 9.741 9.766 9.769 9.790 9.822 9.819
0.000 0.000 0.000 0.000 8.506 0.961 0.000 0.000 0.000 0.000 0.000 0.000 0.000 0.000 0.000 0.000 0.000 10.114 10.159 10.151 10.200 10.160 10.150 10.163 10.178 10.154 6.582 10.196 10.266 10.245 10.156 10.140 9.978 10.043 2.356 0.000 0.000 10.409 10.458 10.467 10.513 10.543 10.377 10.527 10.741 10.764 10.781 10.495 4.524 10.916 10.926 10.649 10.910 11.020 11.126 3.849 0.000 9.537 9.583 9.682 9.710 9.713 9.707 9.651 9.669 9.666 9.772 9.808 9.809 9.798 9.788 9.798 9.832 9.851 9.840
0.000 0.000 0.000 0.000 0.280 1.545 0.000 0.000 0.000 0.000 0.000 0.000 9.816 0.000 10.111 10.215 10.185 10.198 10.186 10.181 10.216 10.133 4.939 10.157 10.190 10.247 10.252 10.301 10.293 10.248 10.273 8.549 0.000 6.410 10.359 10.401 10.394 10.403 10.421 10.494 10.388 10.556 10.567 10.674 10.696 10.602 10.758 10.738 10.711 6.487 10.934 10.787 10.960 0.000 11.135 0.000 9.659 9.709 9.583 9.679 9.810 9.788 9.722 9.744 9.727 9.729 9.782 9.819 9.830 9.784 9.535 9.643 9.815 9.916 9.886
0.000 0.000 0.000 0.000 0.000 1.505 5.639 0.000 0.000 0.000 0.000 6.530 4.717 10.189 10.235 10.235 10.218 10.209 10.116 10.138 10.228 10.238 10.393 10.380 10.300 10.278 10.304 10.315 10.326 10.159 10.285 10.423 10.496 10.373 10.350 10.436 10.311 10.227 10.618 10.509 10.539 10.554 10.627 10.638 10.701 10.708 10.450 10.685 10.700 10.465 10.973 10.987 10.997 11.151 11.141 0.000 9.710 9.727 9.722 9.648 9.825 9.802 9.723 9.842 9.568 9.462 9.673 9.945 9.929 9.901 9.909 9.936 9.963 9.937 9.938
0.000 0.000 0.000 0.000 0.000 4.382 7.584 0.000 0.000 0.000 6.045 10.214 10.304 10.281 10.270 10.259 10.210 10.201 9.513 9.112 10.437 10.447 10.406 10.395 10.385 10.389 10.282 10.259 10.420 10.435 10.472 10.496 10.512 5.557 0.000 10.451 10.701 10.647 10.627 10.503 10.531 10.548 10.512 10.694 10.722 10.736 10.369 10.681 10.731 10.631 10.357 10.981 10.992 11.159 5.314 0.000 9.591 9.810 9.732 9.739 9.973 9.820 9.942 9.902 9.890 9.884 9.888 9.972 9.957 9.745 9.638 9.818 9.983 9.973 9.965
0.000 0.000 0.000 0.000 0.000 9.988 10.012 0.000 4.377 10.066 10.321 10.303 10.312 10.304 10.276 5.532 10.238 7.923 10.410 10.419 10.431 10.485 10.251 10.335 10.389 10.399 10.402 10.461 10.433 10.445 5.494 10.298 10.581 10.755 10.687 10.674 10.718 10.661 10.175 10.658 10.633 10.558 10.714 10.704 10.703 10.748 10.747 10.697 10.757 10.797 10.638 10.473 0.000 11.166 2.646 0.000 9.552 9.904 9.942 9.944 9.993 9.973 9.961 9.805 8.769 3.102 9.654 9.989 9.943 9.782 9.868 9.979 9.996 9.983 9.972
0.000 0.000 0.000 0.000 0.000 3.120 10.033 5.493 10.105 10.429 10.377 10.362 10.349 0.000 0.000 7.102 10.250 10.364 10.416 10.449 10.498 10.504 10.520 10.228 10.400 10.406 10.461 10.469 10.372 10.629 10.650 10.665 10.678 10.770 10.427 10.062 10.770 10.758 10.745 10.670 10.476 10.683 10.769 10.729 10.796 10.787 10.773 10.535 10.796 10.812 10.829 10.314 0.000 11.174 6.480 0.000 9.895 9.944 9.956 9.983 10.001 9.990 9.969 9.981 10.000 9.999 10.017 10.002 9.798 9.980 9.980 9.996 10.011 9.994 10.004
0.000 0.000 0.000 0.000 0.000 0.000 10.203 10.435 10.462 10.446 10.431 10.237 6.240 0.000 10.315 10.337 10.349 10.360 10.243 10.428 10.479 10.544 10.529 10.520 10.410 10.443 10.452 10.479 10.580 10.591 10.590 10.259 10.338 10.883 10.823 10.829 10.818 10.770 10.731 10.423 10.698 10.769 10.781 10.858 10.828 10.749 10.774 10.425 10.723 10.284 10.845 10.688 0.000 11.181 10.331 0.000 9.677 9.913 9.637 9.989 10.043 10.007 9.988 9.837 10.020 10.014 10.034 9.855 10.021 10.009 9.954 9.917 10.023 10.037 10.018
0.000 0.000 0.000 0.000 4.845 0.000 6.972 10.486 10.501 9.462 10.282 10.276 10.335 10.372 10.349 10.334 10.312 10.373 10.472 10.514 10.477 10.555 10.584 10.520 10.582 10.325 10.314 10.596 10.523 10.477 10.990 11.009 10.981 10.904 10.878 10.862 8.583 8.595 10.661 10.670 10.685 10.525 10.882 10.869 10.523 10.823 10.802 10.793 10.763 10.385 10.884 10.914 0.000 11.189 10.562 0.000 9.548 9.865 9.450 10.043 10.055 10.115 10.098 10.140 10.039 10.035 10.048 10.057 10.030 10.020 10.003 10.014 10.053 10.050 10.037
0.000 0.000 10.286 10.296 10.340 10.361 10.375 10.281 10.513 10.525 10.588 0.000 10.372 10.384 10.335 10.393 10.402 10.472 10.504 10.529 10.518 10.582 10.602 10.737 10.591 10.703 10.720 10.611 10.496 10.978 11.011 11.038 11.011 10.724 3.783 10.869 10.987 11.006 10.561 10.611 10.641 10.905 10.896 10.763 10.851 10.831 10.532 10.764 10.742 10.577 10.471 10.929 10.869 11.196 11.165 0.000 9.558 9.834 9.820 0.000 10.109 10.128 10.154 10.148 10.127 10.124 10.105 10.092 10.006 10.011 9.998 10.050 10.069 10.129 9.993
0.000 0.000 10.310 10.344 10.360 10.369 10.390 10.396 8.992 10.583 10.638 10.646 8.568 10.395 10.418 10.394 10.239 10.455 10.534 10.544 10.533 10.562 10.734 10.748 10.736 10.593 10.735 10.748 10.908 10.947 10.607 11.065 10.925 10.905 10.914 8.249 10.730 11.218 11.208 10.561 11.017 10.927 10.512 10.906 10.892 10.474 10.631 10.602 10.693 10.679 10.625 10.950 11.062 11.203 11.209 0.000 9.863 9.845 9.832 0.000 10.087 10.157 10.166 10.174 10.148 10.137 10.097 10.085 10.071 10.022 10.012 10.033 9.872 10.206 10.221
5.343 10.322 10.333 10.342 10.352 10.394 10.397 10.413 10.438 10.459 10.652 10.669 10.680 10.291 10.603 10.575 10.451 10.446 10.485 10.690 10.705 10.541 10.550 10.811 10.616 10.732 10.567 10.855 10.866 10.526 11.289 11.317 6.900 10.888 11.295 11.278 11.271 11.275 11.215 11.079 11.048 10.885 10.932 10.920 10.679 10.839 10.643 10.681 10.680 10.670 10.360 10.973 10.997 10.963 11.215 0.000 9.904 9.884 1.067 9.662 10.024 10.092 10.197 10.184 10.131 10.142 10.119 10.053 10.088 9.891 10.000 9.753 9.848 9.438 10.237
10.324 10.336 10.349 10.351 10.361 10.404 10.412 10.418 10.415 8.427 10.667 10.678 10.699 6.481 10.626 10.605 10.547 10.245 10.447 10.298 10.716 10.788 10.804 10.831 10.659 10.752 10.856 10.874 10.891 10.996 11.288 11.356 11.368 11.348 11.311 11.278 11.286 11.292 10.958 11.050 11.165 11.056 11.076 10.896 10.884 10.852 10.839 10.824 10.659 10.691 10.557 10.633 0.000 11.243 11.222 3.681 9.916 9.905 0.000 10.133 10.042 10.128 10.246 10.228 10.156 10.150 10.142 10.082 10.111 9.809 9.990 9.973 3.316 10.284 10.251
10.359 10.365 10.359 10.361 10.408 10.405 10.411 10.435 10.445 10.451 0.000 10.697 10.729 10.757 10.768 6.264 10.518 10.567 10.345 10.590 10.536 10.670 10.922 10.948 10.988 10.971 10.656 11.224 11.111 11.228 11.353 11.368 11.380 11.362 11.246 10.357 11.330 11.308 11.230 11.210 11.187 11.161 11.110 11.055 10.884 10.782 10.775 10.804 10.766 10.701 10.839 10.844 10.891 11.246 11.243 9.855 10.118 9.906 0.000 10.149 10.165 10.247 10.256 10.242 10.147 10.205 10.040 9.943 10.130 10.232 9.751 9.983 10.224 10.295 10.286
10.362 10.396 10.325 10.413 10.425 10.409 10.438 10.441 10.444 10.492 10.499 0.000 10.748 10.763 10.840 10.753 3.282 10.585 10.599 10.602 10.726 10.747 10.877 10.731 11.117 7.995 11.088 11.243 11.219 11.096 11.344 3.084 11.463 11.447 11.443 11.439 11.434 11.409 11.089 11.174 11.161 10.918 10.935 10.853 10.576 10.821 10.800 10.654 10.688 10.839 10.849 10.976 10.987 11.251 0.000 10.111 10.091 2.777 10.176 10.081 10.229 10.299 10.280 10.221 10.230 10.213 10.139 10.126 9.978 10.240 10.260 10.284 10.295 10.302 9.779
10.401 10.402 10.422 10.427 10.434 10.451 10.442 10.482 10.492 10.500 10.506 10.487 0.000 10.839 10.863 10.885 10.924 3.285 10.607 10.787 10.643 10.739 10.383 11.114 11.134 11.159 11.142 11.300 11.130 11.249 11.401 11.471 11.466 11.270 10.859 10.791 11.430 11.424 11.419 6.979 0.000 11.201 11.265 11.249 11.134 10.839 10.837 10.501 10.722 10.751 10.955 10.777 11.277 11.272 10.741 7.370 7.575 9.847 10.206 10.167 10.216 10.310 10.306 10.268 10.257 10.166 10.152 9.992 10.008 10.295 10.265 10.270 0.000 10.334 10.302
10.412 10.405 10.414 10.423 10.428 10.455 10.472 10.488 10.496 10.506 10.551 10.547 10.535 3.010 10.856 10.927 10.943 10.989 10.478 10.809 10.787 10.750 10.956 11.091 9.962 11.181 11.231 11.326 11.435 3.854 11.481 11.476 10.867 7.187 11.074 10.473 11.014 11.418 11.415 11.409 11.090 11.047 11.311 11.192 11.172 11.061 11.036 11.017 10.982 0.000 10.968 11.289 11.283 0.000 10.715 0.000 10.490 10.502 10.217 10.220 10.345 10.331 10.317 10.269 10.161 10.153 9.977 10.332 10.312 10.300 9.942 0.000 10.360 10.355 10.349
10.421 10.426 10.431 10.322 10.453 10.460 10.509 10.482 10.443 10.551 10.558 10.586 10.623 10.627 10.445 10.580 10.995 11.079 11.106 11.125 9.946 10.874 10.939 10.498 11.255 11.318 11.295 10.589 11.485 11.491 11.486 10.677 2.665 11.192 11.203 11.212 11.284 10.997 11.389 11.404 11.398 10.823 11.359 11.022 10.658 2.044 10.557 6.363 10.547 11.026 11.302 11.295 0.000 10.708 10.693 1.801 10.510 10.525 10.516 10.503 10.485 10.474 10.118 6.930 9.780 9.868 10.346 10.339 10.308 0.000 0.000 10.384 10.377 4.178 7.983
10.444 10.434 10.438 10.450 10.407 10.512 10.519 8.836 10.529 10.536 10.619 10.632 10.634 10.688 10.713 10.444 7.970 11.087 11.133 11.152 10.843 0.000 10.643 11.294 11.275 11.341 1.233 11.505 11.500 11.495 11.333 11.319 11.258 11.012 11.063 11.278 11.299 11.312 11.324 10.491 11.393 11.387 11.382 10.872 10.886 11.056 10.908 10.864 11.333 11.322 11.312 0.000 10.773 10.742 10.713 3.157 4.541 10.537 10.525 10.510 10.479 10.409 10.403 10.382 10.377 10.367 10.355 10.336 2.649 10.410 10.402 10.389 7.304 9.889 9.892
10.455 10.371 10.457 10.457 10.512 10.519 10.526 10.531 10.534 10.620 10.630 10.639 10.697 10.718 10.733 10.751 10.770 3.359 11.153 11.169 11.250 11.223 10.904 11.343 11.365 11.412 11.514 11.509 11.495 11.139 11.304 11.101 11.140 11.131 10.969 11.257 3.430 11.299 11.310 11.294 0.000 11.382 11.375 11.369 11.362 11.356 11.350 11.344 11.337 11.330 10.455 11.011 10.780 10.773 10.741 10.473 10.577 10.548 6.077 0.000 0.000 6.863 10.410 10.326 10.349 10.346 10.260 3.229 10.424 10.418 10.380 7.938 9.804 9.908 9.969
10.464 10.481 10.488 10.453 10.539 10.500 10.435 10.546 10.571 10.561 10.635 10.645 10.687 10.699 10.760 10.772 10.783 10.766 7.735 11.253 11.268 11.265 11.386 11.323 5.466 11.523 11.518 10.850 8.394 11.107 11.277 11.246 11.222 11.041 11.032 0.000 11.070 11.165 11.222 10.767 11.203 11.318 11.091 11.062 10.857 1.326 10.767 10.893 10.830 11.044 11.026 11.041 10.587 10.569 10.674 10.638 10.590 10.581 10.567 10.540 10.520 10.514 10.417 3.616 5.578 6.061 9.855 10.444 10.429 10.308 10.342 10.334 9.770 9.929 9.934
10.469 10.479 10.494 10.540 10.547 7.193 10.547 10.546 10.606 10.623 10.595 10.665 10.689 10.698 10.708 10.697 10.960 10.945 10.767 10.789 11.370 11.385 11.398 11.429 11.532 11.527 11.044 10.916 11.121 11.103 11.095 11.079 11.111 11.101 4.941 11.046 11.123 11.144 0.000 11.162 11.187 10.968 11.113 11.150 11.156 11.172 11.153 11.133 11.122 11.108 11.084 11.065 9.208 10.498 10.070 10.631 0.000 10.239 10.258 10.528 10.520 10.512 10.498 10.481 10.478 10.473 10.464 10.449 10.179 10.288 9.664 10.264 10.165 10.155 10.134
10.466 10.511 10.540 10.548 10.554 10.560 10.556 10.606 10.617 10.636 10.652 10.653 10.655 10.684 10.594 10.612 11.188 11.196 11.188 10.697 11.313 11.223 11.387 2.121 11.535 11.060 3.400 11.136 11.184 11.130 10.609 11.072 11.133 10.592 11.006 11.007 11.027 0.000 11.196 11.175 11.068 11.038 11.109 10.868 11.211 11.189 11.143 11.134 11.121 10.834 11.059 10.974 10.646 10.633 10.622 10.623 0.000 10.443 10.510 10.521 10.254 9.897 9.783 10.189 10.482 10.478 10.411 10.400 10.413 10.179 10.303 10.289 10.278 10.167 10.158
10.493 10.486 10.540 10.537 10.544 10.573 10.579 10.585 10.663 10.649 10.660 10.643 10.691 10.706 2.856 11.190 11.201 11.240 11.248 11.270 11.278 0.000 0.000 11.553 11.550 11.291 11.115 11.216 11.201 10.581 11.069 11.133 11.168 11.102 11.019 11.003 0.000 11.217 11.206 11.167 10.817 11.027 4.699 11.238 11.216 3.909 11.134 11.123 10.564 10.811 10.794 10.768 10.673 10.561 10.459 10.501 0.000 8.411 10.504 10.416 10.014 7.836 0.000 10.521 10.512 10.244 10.416 10.491 10.417 10.413 10.311 10.301 9.749 10.157 6.484
10.503 10.554 10.547 10.503 10.572 10.578 10.676 10.696 10.681 10.647 10.699 10.713 10.706 10.721 11.160 11.183 11.193 4.289 11.305 11.233 10.718 0.000 11.564 11.558 11.387 11.370 11.354 11.305 10.871 11.057 11.070 11.086 11.203 11.114 11.104 0.000 11.234 11.228 11.208 10.791 10.797 8.469 11.266 11.243 0.000 11.152 11.143 10.571 10.743 10.761 10.788 10.753 10.746 10.598 10.591 10.620 10.550 10.545 1.527 3.197 4.192 9.989 10.022 10.533 10.505 10.340 10.506 10.500 10.443 10.395 7.382 10.292 10.277 10.009 9.026
10.590 10.567 10.502 10.551 10.561 10.668 10.691 10.707 10.718 10.707 10.710 10.727 10.687 10.702 11.151 11.153 8.150 0.000 11.318 11.320 11.190 4.418 11.569 11.500 0.000 11.321 11.297 11.030 11.003 8.745 11.190 11.212 11.229 11.256 7.893 11.260 11.255 11.236 10.458 10.769 6.514 11.284 11.271 7.065 11.172 11.161 5.792 10.710 10.679 10.733 10.728 10.641 10.763 10.750 10.689 10.625 0.000 0.000 10.680 10.584 10.599 6.879 3.809 10.540 10.532 10.520 10.509 10.047 10.410 10.403 10.245 5.506 10.148 10.067 9.993
10.594 10.550 10.489 10.548 10.559 10.595 10.694 10.703 10.741 10.660 10.739 10.743 10.670 11.128 11.160 11.189 11.206 11.343 11.333 11.343 11.189 11.596 11.574 7.505 11.267 11.297 11.226 11.215 5.742 10.749 10.772 11.234 11.254 11.266 11.277 11.283 11.272 11.017 10.996 7.900 11.301 11.292 6.050 11.191 11.185 10.639 10.858 10.715 10.711 10.716 10.992 10.986 10.979 9.620 0.000 0.000 2.434 0.000 10.684 1.888 10.627 10.557 10.594 10.554 10.536 10.527 3.140 10.218 7.094 9.606 9.015 10.146 10.279 10.316 10.017
10.609 10.555 10.543 7.044 10.619 10.655 10.665 10.742 10.749 10.782 10.748 10.753 11.101 11.111 11.133 10.728 11.375 11.357 11.321 11.368 0.000 11.602 6.117 0.000 11.211 11.213 11.215 10.787 10.765 0.000 11.168 11.204 10.202 11.342 11.344 11.287 11.280 11.327 10.672 11.322 11.306 9.219 11.213 11.206 11.011 11.007 10.870 10.858 10.659 11.005 10.997 10.993 10.900 10.884 10.878 10.850 10.785 0.000 10.699 0.000 10.633 10.617 10.602 10.594 10.585 10.547 10.442 10.244 10.433 10.424 10.412 10.135 5.641 10.338 10.433
10.586 10.606 9.238 10.636 10.624 10.572 10.711 10.703 10.689 10.793 10.755 10.784 11.092 11.101 10.794 10.775 11.410 11.436 11.447 11.459 5.744 11.611 11.390 11.374 11.360 11.344 7.182 10.767 5.765 11.230 11.174 5.780 11.356 11.349 11.351 11.201 11.266 11.333 11.339 11.327 10.880 11.233 11.227 11.204 11.186 11.016 11.007 10.713 11.021 11.014 10.829 10.966 8.916 10.869 10.820 10.740 10.770 1.305 10.718 10.584 10.642 10.635 10.557 10.584 10.413 10.515 10.510 10.488 10.504 9.105 5.983 10.480 10.480 10.455 10.450
10.572 10.613 10.646 10.641 10.665 10.682 10.729 10.611 10.808 10.825 10.678 11.051 11.080 11.054 10.655 11.410 11.430 11.445 11.461 11.473 11.621 11.631 11.240 11.352 11.332 9.349 10.657 0.000 11.211 11.249 9.216 11.377 11.371 11.361 11.357 11.351 11.248 11.356 11.342 11.141 11.259 11.241 11.234 10.873 11.176 11.166 10.967 11.043 11.026 10.904 10.898 10.893 10.738 10.855 10.829 6.777 10.760 10.733 10.727 10.733 10.648 10.642 10.542 10.592 9.280 10.510 10.492 10.475 10.510 10.525 10.520 10.499 10.485 3.111 4.785
10.592 10.572 10.661 10.646 10.573 10.732 10.743 10.810 10.826 11.000 11.009 11.056 11.051 7.564 11.321 11.124 11.318 11.431 11.435 11.431 11.630 11.638 0.000 11.322 11.294 11.281 6.260 11.249 11.249 11.261 11.374 11.386 11.388 11.385 11.376 11.271 11.374 11.361 11.204 11.269 11.268 11.248 10.709 11.150 11.166 10.999 11.054 11.049 10.906 10.901 10.860 10.840 10.834 10.734 10.807 10.779 10.769 10.754 10.713 10.769 10.558 10.629 10.552 10.601 10.548 10.481 10.547 10.585 10.571 10.538 8.766 4.834 10.479 10.430 10.420
10.600 10.659 10.670 10.613 10.682 10.686 10.637 10.799 10.749 10.725 11.056 11.074 10.730 9.068 11.329 11.345 11.414 11.432 11.446 11.459 11.638 11.646 3.781 2.970 11.330 11.101 11.297 11.312 11.249 11.339 11.402 11.407 11.407 11.389 11.269 11.386 11.381 11.264 11.243 11.282 11.275 10.738 10.892 10.902 11.079 11.074 11.069 10.920 10.936 10.911 10.857 10.847 10.843 1.647 10.788 10.748 10.584 10.639 0.000 10.782 10.622 10.618 10.531 10.609 10.599 10.594 10.585 10.590 4.700 10.468 10.454 0.000 3.317 10.397 10.380
