includes/camargue/floodfiles/results/res.max
ncols         906
nrows         631
xllcorner     362177.146667
yllcorner     6534725.688020
cellsize      20.000000
NODATA_value  -9999.000000
[rows 544 to 577 of 631, columns 0 to 76 of 906]
8.847 8.491 8.134 7.777 7.421 7.064 6.708 6.351 6.292 6.241 6.493 6.899 7.305 7.710 8.116 8.522 8.927 9.333 9.739 10.144 10.360 10.273 10.186 10.099 10.012 9.925 9.838 9.751 9.664 9.577 9.490 9.372 9.249 9.101 8.953 8.805 8.656 8.507 8.312 8.117 7.922 7.801 7.763 7.724 7.679 7.626 7.572 7.518 7.464 7.501 7.558 7.614 7.644 7.671 7.697 7.724 7.751 7.783 7.824 7.864 7.904 7.944 7.985 8.025 8.109 8.311 8.483 8.655 8.826 8.998 9.170 9.341 9.779 10.245 10.711 11.176 11.642
8.700 8.343 7.987 7.630 7.273 6.917 6.560 6.354 6.303 6.252 6.275 6.680 7.086 7.492 7.897 8.303 8.709 9.114 9.520 9.941 10.467 10.381 10.284 10.188 10.091 9.994 9.900 9.812 9.725 9.638 9.551 9.454 9.320 9.171 9.015 8.820 8.625 8.430 8.235 8.040 7.846 7.715 7.677 7.639 7.601 7.563 7.524 7.476 7.423 7.436 7.483 7.509 7.536 7.563 7.589 7.616 7.643 7.673 7.713 7.754 7.794 7.834 7.875 7.915 7.962 8.023 8.168 8.340 8.511 8.683 8.855 9.026 9.440 9.906 10.372 10.837 11.303
8.553 8.196 7.839 7.483 7.126 6.770 6.416 6.365 6.314 6.264 6.213 6.462 6.867 7.273 7.679 8.084 8.490 8.896 9.301 9.819 10.344 10.504 10.407 10.311 10.214 10.117 10.021 9.924 9.828 9.731 9.634 9.538 9.328 9.133 8.938 8.743 8.549 8.354 8.159 7.964 7.769 7.630 7.592 7.554 7.515 7.477 7.439 7.401 7.363 7.352 7.374 7.401 7.428 7.455 7.481 7.508 7.535 7.563 7.603 7.643 7.684 7.724 7.766 7.815 7.864 7.924 7.986 8.048 8.196 8.368 8.540 8.711 9.101 9.567 10.033 10.488 10.812
8.412 8.049 7.692 7.335 6.979 6.622 6.427 6.376 6.325 6.275 6.224 6.243 6.649 7.054 7.460 7.865 8.271 8.677 9.171 9.696 10.222 10.627 10.531 10.434 10.337 10.241 10.144 10.048 9.951 9.854 9.758 9.538 9.307 9.070 8.862 8.667 8.472 8.277 8.082 7.888 7.693 7.545 7.506 7.468 7.430 7.392 7.354 7.322 7.326 7.327 7.320 7.313 7.320 7.346 7.373 7.400 7.426 7.453 7.493 7.533 7.574 7.618 7.668 7.717 7.766 7.825 7.887 7.949 8.011 8.074 8.224 8.396 8.763 9.228 9.593 9.917 10.241
8.380 7.901 7.545 7.188 6.832 6.489 6.438 6.387 6.337 6.286 6.235 6.184 6.430 6.835 7.241 7.647 8.052 8.523 9.048 9.574 10.100 10.626 10.654 10.557 10.461 10.364 10.267 10.171 10.074 9.977 9.758 9.536 9.307 9.070 8.833 8.596 8.395 8.201 8.006 7.811 7.616 7.459 7.421 7.383 7.345 7.307 7.293 7.296 7.300 7.303 7.296 7.288 7.281 7.274 7.266 7.292 7.318 7.345 7.383 7.423 7.471 7.520 7.570 7.619 7.669 7.725 7.787 7.850 7.912 7.974 8.037 8.099 8.374 8.698 9.022 9.346 9.670
8.348 7.823 7.398 7.041 6.684 6.500 6.449 6.398 6.348 6.297 6.246 6.195 6.211 6.617 7.022 7.428 7.875 8.400 8.926 9.452 9.977 10.503 10.777 10.680 10.584 10.487 10.391 10.294 10.197 9.977 9.756 9.534 9.308 9.071 8.834 8.597 8.359 8.124 7.929 7.734 7.540 7.374 7.336 7.298 7.260 7.263 7.267 7.270 7.274 7.277 7.271 7.264 7.257 7.249 7.242 7.235 7.228 7.237 7.274 7.323 7.373 7.422 7.472 7.521 7.571 7.626 7.688 7.750 7.813 7.875 7.935 7.989 8.047 8.127 8.451 8.775 9.099
8.317 7.791 7.265 6.894 6.562 6.511 6.460 6.410 6.359 6.308 6.257 6.206 6.155 6.398 6.804 7.226 7.752 8.278 8.804 9.329 9.855 10.381 10.900 10.804 10.707 10.611 10.514 10.417 10.197 9.975 9.754 9.532 9.309 9.072 8.834 8.597 8.360 8.123 7.886 7.658 7.463 7.289 7.251 7.229 7.233 7.237 7.240 7.244 7.248 7.251 7.247 7.240 7.233 7.225 7.218 7.211 7.203 7.199 7.210 7.239 7.275 7.324 7.374 7.423 7.473 7.526 7.589 7.651 7.711 7.766 7.820 7.875 7.933 7.993 8.052 8.204 8.528
8.285 7.759 7.234 6.747 6.573 6.522 6.471 6.421 6.370 6.319 6.268 6.217 6.166 6.179 6.585 7.104 7.630 8.156 8.681 9.207 9.733 10.259 10.784 10.927 10.830 10.734 10.637 10.416 10.195 9.973 9.752 9.530 9.309 9.072 8.835 8.598 8.361 8.124 7.886 7.649 7.412 7.204 7.199 7.203 7.207 7.210 7.214 7.218 7.221 7.225 7.223 7.215 7.208 7.201 7.194 7.186 7.183 7.183 7.184 7.213 7.242 7.272 7.301 7.330 7.375 7.427 7.487 7.542 7.596 7.651 7.705 7.760 7.819 7.878 7.938 7.998 8.057
8.315 7.794 7.273 6.780 6.631 6.576 6.521 6.466 6.411 6.357 6.302 6.247 6.192 6.137 6.456 6.982 7.507 8.033 8.559 9.085 9.610 10.136 10.662 11.050 10.954 10.857 10.636 10.414 10.193 9.971 9.750 9.528 9.307 9.073 8.836 8.599 8.361 8.124 7.887 7.650 7.417 7.198 7.182 7.177 7.181 7.184 7.188 7.191 7.195 7.199 7.199 7.191 7.184 7.177 7.169 7.168 7.167 7.167 7.166 7.187 7.216 7.245 7.275 7.304 7.333 7.347 7.372 7.427 7.481 7.536 7.591 7.645 7.704 7.764 7.824 7.884 7.943
8.442 7.920 7.399 7.032 6.750 6.692 6.638 6.583 6.528 6.473 6.418 6.363 6.308 6.262 6.330 6.856 7.383 7.909 8.435 8.962 9.488 10.014 10.540 11.065 11.077 10.856 10.634 10.413 10.191 9.969 9.748 9.526 9.305 9.074 8.837 8.599 8.362 8.125 7.888 7.663 7.444 7.225 7.181 7.174 7.167 7.160 7.162 7.165 7.169 7.173 7.174 7.167 7.160 7.153 7.153 7.152 7.151 7.151 7.150 7.160 7.190 7.219 7.248 7.278 7.306 7.301 7.297 7.312 7.367 7.421 7.476 7.530 7.590 7.650 7.709 7.769 7.829
8.568 8.047 7.566 7.284 7.002 6.809 6.754 6.699 6.644 6.589 6.534 6.479 6.424 6.395 6.366 6.730 7.256 7.783 8.309 8.836 9.362 9.888 10.415 10.941 11.123 10.854 10.632 10.411 10.189 9.967 9.746 9.524 9.303 9.074 8.837 8.600 8.363 8.128 7.909 7.689 7.470 7.251 7.180 7.173 7.166 7.159 7.152 7.145 7.143 7.146 7.150 7.143 7.138 7.137 7.136 7.136 7.135 7.134 7.134 7.134 7.163 7.193 7.222 7.251 7.260 7.256 7.251 7.247 7.252 7.306 7.361 7.416 7.476 7.536 7.595 7.655 7.715
8.695 8.174 7.819 7.537 7.255 6.973 6.870 6.815 6.760 6.706 6.651 6.596 6.556 6.527 6.498 6.604 7.130 7.657 8.183 8.709 9.236 9.762 10.289 10.892 11.342 11.049 10.756 10.463 10.187 9.965 9.744 9.522 9.301 9.075 8.838 8.601 8.373 8.154 7.935 7.716 7.497 7.278 7.179 7.172 7.164 7.157 7.150 7.143 7.136 7.129 7.124 7.122 7.122 7.121 7.120 7.120 7.119 7.118 7.118 7.117 7.137 7.166 7.196 7.220 7.215 7.210 7.206 7.201 7.197 7.192 7.246 7.302 7.361 7.421 7.481 7.538 7.595
8.822 8.353 8.071 7.789 7.507 7.225 6.986 6.932 6.877 6.822 6.767 6.717 6.688 6.659 6.630 6.602 7.004 7.530 8.057 8.583 9.110 9.636 10.227 10.848 11.468 11.268 10.975 10.682 10.389 10.096 9.803 9.520 9.299 9.076 8.839 8.619 8.400 8.181 7.962 7.743 7.523 7.304 7.177 7.170 7.163 7.156 7.149 7.142 7.135 7.128 7.114 7.108 7.106 7.105 7.104 7.104 7.103 7.102 7.102 7.101 7.111 7.140 7.169 7.174 7.170 7.165 7.160 7.156 7.151 7.147 7.142 7.188 7.246 7.303 7.360 7.417 7.474
8.949 8.605 8.323 8.041 7.759 7.477 7.195 7.048 6.993 6.938 6.883 6.850 6.821 6.792 6.763 6.734 6.878 7.404 7.930 8.457 8.983 9.563 10.183 10.804 11.424 11.487 11.194 10.901 10.608 10.315 10.022 9.729 9.436 9.058 8.865 8.645 8.426 8.207 7.988 7.769 7.550 7.331 7.176 7.169 7.162 7.155 7.148 7.141 7.131 7.116 7.103 7.095 7.094 7.092 7.090 7.088 7.087 7.086 7.086 7.085 7.084 7.114 7.133 7.129 7.124 7.120 7.115 7.110 7.106 7.102 7.098 7.096 7.126 7.183 7.240 7.297 7.354
9.139 8.857 8.575 8.293 8.011 7.729 7.447 7.165 7.109 7.055 7.011 6.982 6.953 6.924 6.895 6.866 6.837 7.278 7.804 8.331 8.898 9.519 10.139 10.760 11.380 11.706 11.413 11.120 10.827 10.534 10.241 9.948 9.523 8.977 8.747 8.601 8.453 8.234 8.015 7.795 7.576 7.357 7.175 7.168 7.161 7.154 7.147 7.133 7.119 7.105 7.091 7.083 7.081 7.079 7.077 7.075 7.073 7.071 7.070 7.069 7.068 7.087 7.088 7.083 7.079 7.075 7.071 7.067 7.063 7.059 7.055 7.054 7.054 7.062 7.119 7.176 7.233
9.391 9.109 8.827 8.545 8.263 7.981 7.699 7.417 7.226 7.172 7.143 7.114 7.085 7.056 7.027 6.999 6.970 7.152 7.678 8.234 8.854 9.475 10.095 10.716 11.336 11.925 11.632 11.339 11.046 10.753 10.460 9.988 9.442 8.896 8.607 8.461 8.316 8.170 8.024 7.822 7.603 7.384 7.174 7.166 7.159 7.150 7.136 7.122 7.108 7.094 7.080 7.070 7.068 7.066 7.064 7.062 7.061 7.059 7.057 7.055 7.053 7.048 7.044 7.040 7.036 7.032 7.028 7.024 7.020 7.016 7.012 7.012 7.012 7.013 7.014 7.056 7.113
9.644 9.362 9.080 8.797 8.515 8.233 7.951 7.669 7.387 7.304 7.275 7.246 7.218 7.189 7.160 7.131 7.102 7.073 7.569 8.190 8.810 9.431 10.051 10.672 11.292 11.913 11.851 11.558 11.265 10.972 10.453 9.907 9.361 8.814 8.467 8.322 8.176 8.030 7.885 7.739 7.593 7.410 7.191 7.165 7.153 7.139 7.125 7.111 7.097 7.083 7.069 7.057 7.055 7.053 7.051 7.049 7.048 7.046 7.044 7.041 7.006 6.988 6.999 6.997 6.993 6.989 6.985 6.981 6.977 6.974 6.970 6.970 6.970 6.971 6.972 6.972 6.992
9.722 9.433 9.144 8.854 8.565 8.276 7.986 7.697 7.423 7.348 7.324 7.300 7.276 7.252 7.228 7.204 7.180 7.156 7.517 8.144 8.766 9.386 10.007 10.628 11.248 11.869 12.070 11.777 11.464 10.918 10.372 9.826 9.279 8.733 8.328 8.182 8.036 7.891 7.745 7.599 7.454 7.308 7.176 7.156 7.142 7.128 7.114 7.100 7.086 7.072 7.057 7.044 7.042 7.040 7.039 7.037 7.035 7.033 7.012 6.977 6.942 6.925 6.936 6.947 6.951 6.947 6.943 6.939 6.935 6.931 6.927 6.928 6.928 6.929 6.930 6.930 6.931
9.709 9.419 9.130 8.841 8.551 8.262 7.973 7.684 7.490 7.409 7.351 7.327 7.303 7.280 7.256 7.232 7.208 7.276 7.448 8.075 8.701 9.328 9.954 10.581 11.204 11.825 12.289 11.929 11.383 10.837 10.290 9.744 9.198 8.652 8.188 8.042 7.897 7.751 7.605 7.459 7.314 7.217 7.154 7.130 7.123 7.116 7.102 7.088 7.074 7.060 7.046 7.032 7.029 7.028 7.026 7.024 7.019 6.984 6.949 6.914 6.879 6.861 6.873 6.884 6.895 6.904 6.900 6.896 6.892 6.888 6.885 6.885 6.886 6.887 6.888 6.888 6.889
9.667 9.406 9.117 8.827 8.538 8.249 7.959 7.670 7.558 7.477 7.396 7.355 7.331 7.307 7.283 7.259 7.294 7.397 7.499 8.005 8.632 9.258 9.885 10.511 11.138 11.765 12.240 11.848 11.301 10.755 10.209 9.663 9.117 8.571 8.048 7.903 7.757 7.611 7.466 7.320 7.257 7.195 7.132 7.103 7.096 7.089 7.082 7.076 7.063 7.049 7.035 7.021 7.017 7.015 7.013 6.990 6.955 6.920 6.885 6.850 6.815 6.798 6.809 6.821 6.832 6.843 6.855 6.853 6.850 6.846 6.843 6.843 6.844 6.845 6.845 6.846 6.837
9.535 9.392 9.103 8.814 8.524 8.235 7.946 7.706 7.625 7.545 7.464 7.383 7.358 7.335 7.310 7.312 7.414 7.517 7.620 7.936 8.562 9.189 9.816 10.442 11.069 11.550 11.774 11.540 11.096 10.652 10.128 9.582 9.036 8.490 7.944 7.763 7.617 7.471 7.360 7.298 7.235 7.173 7.110 7.075 7.068 7.062 7.055 7.048 7.041 7.035 7.024 7.010 7.004 6.996 6.961 6.926 6.891 6.856 6.821 6.786 6.751 6.735 6.746 6.757 6.769 6.780 6.791 6.803 6.807 6.803 6.801 6.801 6.802 6.803 6.781 6.757 6.733
9.404 9.298 9.090 8.800 8.511 8.222 7.932 7.774 7.693 7.612 7.532 7.451 7.386 7.362 7.338 7.432 7.535 7.638 7.740 7.866 8.493 9.120 9.746 10.373 10.859 11.083 11.308 11.222 10.778 10.334 9.890 9.446 8.955 8.408 7.862 7.623 7.478 7.400 7.338 7.276 7.213 7.151 7.088 7.048 7.041 7.034 7.027 7.021 7.014 7.007 7.000 6.994 6.968 6.933 6.897 6.862 6.828 6.793 6.758 6.723 6.688 6.671 6.683 6.694 6.705 6.717 6.728 6.739 6.751 6.760 6.759 6.748 6.725 6.701 6.677 6.653 6.630
9.273 9.167 9.061 8.787 8.497 8.208 7.922 7.841 7.761 7.680 7.599 7.519 7.438 7.389 7.450 7.553 7.656 7.758 7.861 7.964 8.424 9.050 9.677 10.169 10.393 10.617 10.841 10.905 10.460 10.016 9.573 9.129 8.685 8.241 7.781 7.503 7.441 7.379 7.316 7.254 7.191 7.129 7.066 7.020 7.013 7.007 7.000 6.993 6.986 6.980 6.968 6.941 6.908 6.870 6.834 6.799 6.764 6.729 6.694 6.659 6.624 6.608 6.620 6.631 6.642 6.654 6.665 6.676 6.688 6.703 6.679 6.645 6.621 6.598 6.574 6.550 6.526
9.142 9.036 8.929 8.773 8.484 8.194 7.989 7.909 7.828 7.748 7.667 7.586 7.512 7.490 7.577 7.673 7.776 7.879 7.982 8.084 8.354 8.981 9.478 9.702 9.927 10.151 10.375 10.587 10.143 9.699 9.255 8.811 8.367 7.923 7.617 7.469 7.419 7.357 7.294 7.232 7.169 7.107 7.045 6.993 6.986 6.979 6.972 6.966 6.959 6.937 6.910 6.882 6.850 6.812 6.774 6.736 6.700 6.665 6.630 6.595 6.560 6.545 6.556 6.568 6.579 6.590 6.602 6.617 6.634 6.650 6.624 6.568 6.518 6.494 6.470 6.446 6.423
9.010 8.904 8.798 8.692 8.470 8.181 8.057 7.976 7.896 7.815 7.774 7.745 7.716 7.687 7.762 7.848 7.935 8.021 8.107 8.205 8.308 8.787 9.012 9.236 9.460 9.685 9.909 10.133 9.825 9.381 8.937 8.493 8.141 7.855 7.569 7.420 7.370 7.320 7.271 7.210 7.147 7.085 7.023 6.965 6.958 6.952 6.945 6.933 6.906 6.878 6.851 6.824 6.792 6.754 6.716 6.678 6.640 6.602 6.566 6.531 6.496 6.482 6.493 6.504 6.516 6.532 6.548 6.565 6.582 6.598 6.570 6.513 6.457 6.400 6.367 6.343 6.319
8.879 8.773 8.667 8.561 8.455 8.205 8.125 8.065 8.036 8.007 7.978 7.949 7.920 7.891 7.948 8.034 8.120 8.207 8.293 8.379 8.524 8.640 8.650 8.770 8.994 9.218 9.443 9.667 9.507 9.063 8.664 8.378 8.093 7.807 7.522 7.371 7.321 7.272 7.222 7.172 7.122 7.063 7.001 6.938 6.931 6.924 6.901 6.874 6.847 6.820 6.792 6.765 6.734 6.696 6.658 6.620 6.582 6.544 6.506 6.468 6.433 6.418 6.430 6.446 6.463 6.479 6.496 6.513 6.529 6.546 6.515 6.459 6.402 6.345 6.289 6.239 6.215
8.791 8.680 8.567 8.455 8.343 8.327 8.298 8.269 8.240 8.211 8.182 8.153 8.124 8.095 8.133 8.220 8.306 8.392 8.478 8.635 8.898 9.109 9.120 9.130 9.140 9.151 9.161 9.201 9.189 8.902 8.616 8.331 8.045 7.760 7.474 7.322 7.273 7.223 7.173 7.123 7.073 7.024 6.974 6.916 6.897 6.870 6.843 6.816 6.788 6.761 6.734 6.706 6.676 6.638 6.600 6.562 6.524 6.486 6.448 6.410 6.372 6.362 6.377 6.394 6.410 6.427 6.444 6.460 6.477 6.493 6.461 6.404 6.347 6.291 6.234 6.177 6.121
8.737 8.625 8.513 8.401 8.392 8.457 8.463 8.469 8.444 8.415 8.386 8.357 8.328 8.299 8.319 8.405 8.492 8.578 8.745 9.008 9.271 9.533 9.589 9.600 9.610 9.620 9.631 9.641 9.239 8.854 8.569 8.283 7.997 7.712 7.426 7.274 7.224 7.174 7.124 7.075 7.025 6.975 6.925 6.885 6.845 6.811 6.784 6.757 6.730 6.702 6.675 6.648 6.618 6.580 6.542 6.504 6.466 6.428 6.390 6.372 6.362 6.352 6.343 6.342 6.358 6.375 6.391 6.408 6.425 6.441 6.406 6.349 6.293 6.236 6.179 6.122 6.066
8.683 8.570 8.458 8.424 8.503 8.582 8.592 8.598 8.604 8.610 8.590 8.561 8.532 8.503 8.505 8.591 8.677 8.856 9.119 9.381 9.644 9.907 10.059 10.069 10.080 10.090 10.100 9.870 9.389 8.908 8.521 8.235 7.950 7.664 7.379 7.225 7.175 7.125 7.076 7.026 6.976 6.927 6.890 6.854 6.815 6.774 6.733 6.698 6.671 6.643 6.616 6.589 6.560 6.522 6.484 6.446 6.408 6.383 6.373 6.363 6.352 6.342 6.333 6.324 6.315 6.322 6.339 6.355 6.372 6.388 6.351 6.295 6.238 6.181 6.124 6.069 6.042
8.628 8.516 8.455 8.535 8.614 8.694 8.720 8.726 8.732 8.738 8.744 8.750 8.736 8.707 8.690 8.776 8.966 9.229 9.492 9.754 10.017 10.280 10.529 10.539 10.549 10.560 10.501 10.020 9.539 9.058 8.577 8.188 7.902 7.617 7.331 7.176 7.127 7.077 7.027 6.977 6.932 6.896 6.859 6.823 6.784 6.744 6.703 6.662 6.621 6.585 6.558 6.530 6.502 6.464 6.426 6.395 6.384 6.374 6.363 6.353 6.342 6.332 6.324 6.314 6.305 6.296 6.287 6.303 6.319 6.336 6.296 6.240 6.183 6.127 6.100 6.072 6.045
8.574 8.487 8.566 8.646 8.725 8.805 8.849 8.855 8.861 8.867 8.873 8.879 8.885 8.891 8.881 9.077 9.339 9.602 9.865 10.127 10.390 10.653 10.915 11.009 11.019 11.029 10.650 10.169 9.688 9.208 8.727 8.246 7.854 7.569 7.283 7.128 7.078 7.028 6.978 6.938 6.901 6.865 6.828 6.792 6.754 6.713 6.672 6.632 6.591 6.550 6.509 6.472 6.444 6.406 6.395 6.385 6.374 6.364 6.354 6.343 6.333 6.323 6.314 6.305 6.296 6.286 6.277 6.268 6.267 6.283 6.242 6.185 6.158 6.130 6.103 6.075 6.048
8.519 8.598 8.678 8.757 8.836 8.916 8.978 8.984 8.990 8.996 9.002 9.008 9.013 9.019 9.040 9.294 9.641 9.975 10.238 10.501 10.763 11.026 11.289 11.478 11.489 11.281 10.800 10.319 9.838 9.357 8.877 8.396 7.915 7.521 7.235 7.079 7.029 6.980 6.943 6.907 6.870 6.834 6.797 6.761 6.724 6.683 6.642 6.601 6.561 6.520 6.479 6.438 6.398 6.396 6.386 6.375 6.365 6.354 6.344 6.333 6.323 6.313 6.304 6.295 6.286 6.276 6.267 6.258 6.249 6.239 6.216 6.188 6.161 6.133 6.106 6.078 6.051
8.630 8.709 8.789 8.868 8.947 9.027 9.106 9.112 9.118 9.124 9.130 9.136 9.142 9.166 9.191 9.359 9.706 10.053 10.400 10.746 11.093 11.399 11.662 11.924 11.912 11.431 10.950 10.469 9.988 9.507 9.026 8.545 8.065 7.584 7.188 7.030 6.985 6.949 6.912 6.876 6.839 6.803 6.766 6.730 6.693 6.653 6.612 6.571 6.530 6.489 6.447 6.405 6.365 6.368 6.370 6.366 6.355 6.345 6.334 6.324 6.313 6.303 6.294 6.285 6.276 6.267 6.257 6.248 6.231 6.212 6.200 6.189 6.164 6.136 6.109 6.081 6.054
8.741 8.820 8.900 8.979 9.059 9.138 9.218 9.241 9.247 9.253 9.259 9.266 9.292 9.317 9.342 9.425 9.771 10.118 10.465 10.811 11.158 11.505 11.852 12.198 12.067 11.585 11.104 10.623 10.142 9.661 9.180 8.699 8.218 7.737 7.256 6.991 6.954 6.918 6.881 6.845 6.808 6.772 6.735 6.699 6.662 6.622 6.581 6.541 6.499 6.457 6.414 6.371 6.333 6.335 6.338 6.340 6.343 6.335 6.324 6.314 6.303 6.294 6.284 6.275 6.266 6.256 6.241 6.222 6.204 6.186 6.173 6.162 6.151 6.139 6.112 6.084 6.057
