includes/camargue/floodfiles/results/res.totaltm
ncols         906
nrows         631
xllcorner     362177.146667
yllcorner     6534725.688020
cellsize      20.000000
NODATA_value  -9999.000000
[rows 330 to 362 of 631, columns 675 to 749 of 906]
11.638 11.652 11.650 11.644 11.615 11.616 11.621 11.611 11.609 11.618 11.636 9.547 11.669 11.664 11.657 4.058 1.881 3.427 2.894 7.858 1.660 11.679 11.656 8.724 11.661 3.589 11.682 10.360 11.610 11.608 11.611 11.620 11.616 2.101 11.478 2.837 11.407 11.416 11.404 11.414 11.412 11.423 11.415 11.421 11.420 4.120 11.403 11.400 11.406 11.394 11.402 11.390 11.373 6.205 11.335 11.338 11.351 11.359 11.385 11.379 11.378 11.397 4.887 11.418 11.416 11.378 9.114 3.470 11.400 11.412 11.423 11.433 11.443 11.479 11.453
3.269 11.686 11.678 11.642 7.373 11.631 11.627 11.620 11.616 11.626 11.643 11.650 11.724 8.570 4.273 11.630 3.598 11.701 11.688 11.701 11.659 11.684 11.680 11.681 11.678 11.702 11.691 4.625 11.619 11.620 11.626 11.624 11.621 3.007 11.490 11.421 11.413 11.424 10.475 11.434 11.413 11.430 11.428 11.436 11.427 11.421 11.408 2.733 11.411 11.430 11.406 11.395 8.136 3.407 11.350 11.350 11.355 11.356 11.390 11.392 11.373 11.403 11.419 11.423 11.421 8.058 11.435 11.417 11.422 3.594 5.461 11.424 11.422 11.502 11.477
11.718 11.691 11.687 5.053 11.664 11.635 11.648 11.642 11.629 11.624 6.347 11.655 11.729 11.732 11.729 5.817 11.710 11.714 11.709 11.705 11.678 11.689 11.681 11.688 3.877 11.711 11.707 11.643 11.627 11.656 11.646 11.639 11.625 3.395 11.494 11.453 11.482 11.502 11.492 11.441 11.440 11.436 11.440 11.442 10.591 11.408 11.416 11.434 11.440 11.433 11.428 11.421 3.711 11.351 11.373 10.254 11.361 11.385 10.280 11.406 11.384 11.420 11.425 11.429 11.450 11.452 11.443 9.383 11.441 11.443 11.447 8.659 11.458 11.514 11.474
11.729 11.720 4.065 11.676 11.671 1.797 11.653 6.177 11.634 5.175 11.724 11.730 11.734 11.752 1.467 4.262 11.730 11.718 3.256 6.339 8.879 11.719 8.432 11.694 4.512 11.723 11.715 11.676 11.682 11.670 11.649 11.645 11.621 3.157 11.529 11.517 11.538 11.519 11.525 11.479 11.449 11.445 11.450 11.453 6.720 4.711 3.897 11.438 11.443 11.442 11.428 3.053 4.408 11.391 11.378 11.360 11.385 11.388 11.398 11.411 11.394 11.403 11.420 11.450 11.456 11.456 11.469 11.450 11.447 11.450 11.453 11.508 11.472 11.525 11.541
10.330 3.735 11.664 11.686 2.034 11.695 11.680 11.675 7.386 11.726 11.717 1.301 11.784 11.781 5.513 11.775 11.784 5.626 11.762 6.568 11.714 11.726 11.730 11.703 11.703 11.731 11.678 11.699 11.698 11.675 11.664 11.649 11.618 3.488 11.536 11.542 11.549 11.525 11.546 11.485 11.456 11.449 11.456 11.464 11.454 11.453 11.453 11.467 11.471 11.466 4.550 11.373 11.399 11.404 11.369 11.376 11.389 11.386 4.067 11.432 8.091 11.431 10.915 10.313 11.471 11.487 11.490 11.439 11.433 11.465 11.507 11.514 11.519 11.514 11.547
11.747 11.759 11.748 11.737 11.683 11.699 11.651 11.660 11.727 11.735 5.165 11.794 11.796 8.098 11.797 11.792 11.793 11.737 11.780 11.806 11.792 10.931 11.752 11.707 11.736 11.747 4.538 11.708 11.705 11.703 11.696 11.655 6.736 4.034 11.542 11.496 11.556 11.527 11.554 11.459 11.487 11.460 11.469 11.471 11.461 11.466 11.480 11.471 11.475 10.165 3.522 11.423 11.432 11.411 11.364 11.402 11.401 11.392 11.428 11.437 11.457 11.460 11.472 11.468 7.547 11.484 11.503 11.502 11.453 11.508 11.445 3.814 11.542 11.547 11.561
11.788 11.765 11.760 6.171 11.678 11.710 11.701 11.679 11.653 11.741 11.794 11.801 9.668 7.293 10.301 8.304 7.647 11.793 11.806 11.816 11.817 3.923 11.760 5.313 11.759 11.754 11.743 11.714 11.713 11.714 11.697 11.690 9.733 4.461 11.552 4.322 11.571 11.552 11.572 11.477 11.527 11.492 11.537 11.495 11.480 11.471 11.484 5.401 11.488 0.457 8.120 11.447 11.453 11.366 11.422 11.419 11.420 9.081 11.429 11.428 11.463 11.450 11.505 11.468 11.472 9.444 11.506 11.519 11.519 11.520 11.513 11.502 8.093 11.553 11.569
11.853 4.574 11.742 11.740 11.720 11.715 11.680 11.704 11.715 11.717 6.353 11.809 9.682 9.679 11.818 3.839 7.512 4.376 3.851 11.825 11.822 11.785 11.765 11.710 11.771 7.870 11.732 11.766 11.753 11.731 11.704 11.696 11.643 4.808 11.559 4.803 11.592 11.576 11.594 11.603 11.537 11.551 11.545 11.504 5.842 10.523 11.567 11.555 11.544 11.523 5.417 11.460 11.482 11.364 11.449 11.453 11.425 11.477 11.432 11.534 11.468 11.495 11.519 11.467 11.484 11.494 7.804 11.523 11.524 11.546 11.520 11.508 11.515 11.588 11.588
11.857 11.852 7.238 11.749 3.179 3.667 11.703 11.715 11.717 11.788 11.798 5.932 10.646 11.844 10.606 11.840 11.839 4.352 4.491 11.852 3.770 11.805 11.795 11.804 11.804 9.695 11.766 11.775 11.762 11.751 11.743 11.721 2.997 11.672 3.344 11.644 11.630 11.611 11.603 11.618 11.605 11.589 11.526 11.488 11.510 11.581 11.597 11.572 11.567 11.562 3.053 11.472 11.498 11.490 11.471 11.461 11.467 11.506 11.514 11.552 11.403 11.527 11.527 11.532 11.498 11.506 11.539 11.543 11.547 11.566 11.557 11.581 11.587 11.593 11.604
11.915 4.594 11.793 11.768 11.764 5.052 2.263 4.795 11.769 11.793 5.252 11.856 11.871 11.858 11.858 11.850 11.848 11.845 11.851 11.855 11.832 7.297 3.464 7.977 8.692 11.804 11.737 11.793 11.784 11.773 11.693 11.714 3.510 11.676 4.543 11.655 11.639 11.602 11.624 11.631 11.619 11.543 9.428 11.478 11.624 11.613 11.610 11.603 11.577 11.585 6.535 4.626 11.517 11.501 11.485 11.433 11.490 11.476 11.570 11.566 11.517 11.531 11.536 11.575 11.586 11.520 11.535 11.538 11.536 11.570 11.581 11.579 11.607 11.604 11.607
11.933 5.834 11.805 11.817 3.887 5.252 11.785 3.790 3.651 4.740 6.740 11.891 11.881 11.890 11.876 11.852 11.852 11.860 11.884 11.875 11.859 11.877 11.866 11.856 9.133 3.870 4.332 6.234 3.990 2.958 3.620 1.889 11.704 6.852 11.603 11.666 8.777 11.621 11.633 11.644 11.612 3.565 11.479 11.616 11.632 11.623 11.622 11.619 11.603 11.593 5.564 6.432 6.233 10.172 6.116 11.485 11.553 11.573 11.578 9.631 11.592 11.604 11.237 9.992 11.598 7.884 11.555 11.578 11.570 11.582 11.602 11.607 11.611 11.594 11.614
11.943 11.880 10.010 11.831 11.812 11.797 11.806 11.806 11.815 6.621 11.891 11.900 11.900 11.895 11.891 5.856 11.862 11.899 11.892 11.857 11.880 11.886 11.881 11.886 11.873 11.849 11.876 11.866 11.876 4.071 11.770 5.093 11.757 3.706 8.561 7.494 9.635 11.639 9.459 11.652 10.576 11.616 11.623 11.631 11.639 11.631 11.632 11.641 11.634 11.622 11.622 7.788 4.294 7.651 3.528 4.540 6.186 11.579 11.586 11.613 6.167 11.612 7.161 11.584 11.606 11.602 11.595 11.586 11.561 11.584 11.601 11.604 11.625 11.628 11.623
11.949 6.420 4.589 4.963 9.031 4.325 5.154 3.918 5.503 11.897 11.906 11.914 11.906 11.916 11.891 11.893 11.896 11.902 11.894 11.892 11.894 11.901 11.898 11.891 11.873 11.880 11.890 11.902 11.892 5.183 4.527 11.772 11.760 11.743 5.105 11.672 11.656 11.649 11.668 11.700 8.236 6.066 8.111 5.213 11.646 7.192 4.879 11.646 5.031 4.365 11.490 11.643 8.696 3.601 9.376 3.686 5.330 4.551 4.079 11.623 11.651 11.645 11.360 11.602 11.640 11.608 11.598 11.623 11.643 11.645 11.639 11.634 11.633 11.634 11.628
12.006 12.013 11.955 11.945 3.729 11.922 11.586 11.933 11.961 11.952 11.954 11.972 11.926 11.921 4.003 3.318 11.896 11.904 11.925 11.896 11.898 11.908 11.910 11.907 11.901 11.888 11.913 11.918 11.913 11.842 3.726 11.826 3.665 11.730 11.743 11.731 11.720 11.703 11.724 11.724 11.700 11.677 11.671 11.655 11.654 11.685 11.711 11.662 11.678 11.669 11.708 11.689 11.693 11.720 11.694 11.685 11.686 6.022 11.652 11.660 11.692 11.708 11.691 11.689 11.648 11.599 11.662 11.658 11.651 11.655 11.651 11.644 11.645 11.638 11.632
11.970 12.040 12.002 11.962 11.957 11.984 11.963 11.970 11.987 11.991 11.982 11.981 11.975 11.908 2.151 11.901 3.376 11.935 11.930 3.131 11.908 11.912 11.914 11.912 11.921 11.935 11.938 11.927 11.921 11.847 11.840 11.834 11.775 1.869 11.754 11.746 11.752 11.759 11.781 11.776 11.772 11.764 11.744 11.745 11.747 11.779 11.780 11.776 11.776 11.778 11.772 11.773 11.766 11.767 11.759 11.743 11.749 11.729 11.718 11.698 11.720 11.712 11.710 11.707 11.705 11.702 11.670 11.671 11.667 11.660 11.667 11.653 11.655 11.647 11.642
12.049 12.046 12.021 10.309 4.517 11.989 11.983 11.994 11.992 11.998 11.990 11.991 11.983 11.975 11.957 11.948 11.955 11.940 11.951 11.880 1.619 11.965 11.941 2.110 11.934 11.941 11.944 11.939 11.914 3.699 11.834 3.257 11.771 11.767 11.763 11.758 11.759 11.780 11.792 11.785 11.778 11.773 11.764 11.770 11.754 11.791 11.786 11.792 11.788 11.790 11.788 11.781 11.778 11.774 11.765 11.768 11.755 11.747 11.741 11.738 11.726 11.722 11.718 11.715 11.711 11.711 11.680 11.676 11.672 11.675 11.675 11.661 11.672 11.655 11.648
12.054 12.051 12.030 12.011 12.005 12.025 7.974 12.004 12.009 12.016 12.009 11.997 11.994 11.980 11.965 11.970 11.960 11.954 11.962 11.967 11.972 11.973 11.950 11.930 1.851 11.995 11.971 2.980 3.748 4.459 11.780 11.783 4.141 11.763 11.764 11.758 11.769 11.778 11.800 11.791 11.787 11.775 11.768 11.778 11.784 11.795 11.798 11.798 11.799 11.794 11.796 11.793 11.786 11.786 11.774 11.772 11.756 11.753 11.744 11.742 11.736 11.728 11.730 11.722 11.718 11.716 11.687 11.691 11.677 11.682 11.683 11.677 11.678 11.667 11.665
12.079 12.057 12.035 5.069 12.012 12.033 12.037 12.010 12.015 12.020 12.018 12.008 11.972 12.003 11.997 11.984 11.976 11.963 11.973 11.991 11.980 11.984 11.974 11.989 11.995 11.999 11.971 11.934 3.882 11.915 4.665 11.788 3.479 11.760 11.772 11.768 11.772 11.782 11.809 11.794 11.786 11.775 11.734 11.766 11.765 11.808 11.808 11.810 11.805 11.802 11.803 11.797 11.794 11.791 11.777 11.777 11.765 11.768 11.753 11.749 11.742 11.735 11.735 11.728 11.727 11.724 11.693 11.698 11.684 11.690 11.694 11.696 11.683 11.678 11.672
12.080 12.084 12.062 12.052 12.030 12.067 12.052 12.056 11.996 12.057 12.022 11.993 12.016 12.010 12.004 11.997 11.978 11.993 12.008 12.000 11.995 12.001 11.996 11.995 11.999 12.002 11.998 11.952 11.940 11.949 7.205 5.933 3.168 11.783 11.778 11.781 11.775 11.789 11.813 11.781 11.784 11.786 11.786 11.777 11.779 11.815 11.816 11.814 11.813 11.807 11.819 11.807 11.801 11.796 11.783 11.786 11.772 11.774 11.763 11.757 11.747 11.746 11.744 11.743 11.733 11.738 11.684 11.710 11.713 11.712 11.707 11.704 11.694 11.688 11.679
12.093 12.093 12.088 11.485 11.487 12.079 12.087 12.076 12.058 12.065 3.046 12.064 12.021 12.017 12.005 12.000 11.981 12.010 12.019 12.028 12.006 12.025 11.993 12.000 12.002 12.012 11.999 11.995 11.956 11.953 9.743 11.839 10.677 11.791 11.781 11.790 11.781 11.786 11.822 11.811 11.795 11.793 11.796 11.805 11.810 11.821 11.827 11.822 11.819 11.814 11.827 11.818 11.811 11.801 11.802 11.794 11.781 11.779 11.772 11.763 11.758 11.752 11.751 11.749 11.741 11.754 11.698 11.719 11.723 11.721 11.727 11.725 11.689 11.689 11.676
12.146 12.110 12.103 12.121 12.108 12.088 12.096 12.051 12.039 12.076 12.097 12.070 5.533 12.007 11.998 11.968 12.001 12.013 12.048 12.046 12.034 12.036 12.014 12.016 12.030 12.031 12.001 11.901 11.889 11.911 11.888 11.847 3.575 11.780 11.793 11.798 11.809 11.807 11.834 11.826 11.815 11.799 11.798 11.788 11.826 11.829 11.838 11.825 11.828 11.822 11.838 11.827 11.824 11.811 11.818 11.797 11.790 11.792 11.787 11.782 11.763 11.761 11.757 11.757 11.747 11.766 11.715 11.739 11.737 11.733 11.739 11.733 11.699 11.699 11.687
12.229 12.160 12.110 12.183 12.115 12.140 12.105 12.097 12.099 12.119 12.111 12.083 12.064 3.704 12.053 11.994 11.974 11.933 12.057 12.052 12.048 12.043 12.048 12.038 12.041 12.036 12.009 11.917 6.716 11.970 7.595 4.246 4.055 11.722 11.800 11.811 11.815 11.817 11.839 11.835 11.815 11.813 11.811 11.829 11.839 11.840 11.845 11.838 11.838 11.831 11.846 11.838 11.836 11.805 11.825 11.820 11.798 11.798 11.806 11.786 11.781 11.776 11.760 11.788 11.782 11.777 11.727 11.745 11.750 11.750 11.748 11.740 11.708 11.706 11.696
12.240 12.229 12.218 12.189 12.147 12.159 12.095 11.334 12.082 12.125 12.091 12.096 12.073 12.094 12.058 0.428 12.050 12.057 12.062 12.060 12.053 12.048 12.051 12.043 12.043 12.042 12.000 11.979 4.182 12.017 4.454 4.020 11.850 1.484 11.748 11.818 11.825 11.833 11.844 11.842 11.835 11.817 11.805 11.829 11.852 11.848 11.870 11.834 11.852 11.848 11.854 11.850 11.846 11.796 11.832 11.830 11.811 11.808 11.811 11.800 11.791 11.783 11.793 11.799 11.790 11.795 11.724 11.771 11.759 11.757 11.755 11.733 11.731 11.717 11.710
12.320 12.131 12.143 12.086 12.159 12.174 12.089 12.156 12.155 12.148 12.097 12.108 12.103 12.104 7.560 12.084 2.942 1.390 12.103 12.067 12.062 12.057 12.065 12.059 12.060 12.048 12.042 11.994 3.576 12.021 11.839 3.649 11.978 11.848 0.330 11.824 11.831 11.841 11.850 11.847 11.824 11.840 11.825 11.848 11.862 11.854 11.882 11.841 11.860 11.870 11.870 11.860 11.866 11.820 11.850 11.839 11.829 11.817 11.837 11.810 11.800 11.820 11.806 11.814 11.813 11.806 11.778 11.780 11.766 11.766 11.768 11.753 11.739 11.733 11.713
12.329 12.318 12.286 12.272 12.274 12.262 12.108 12.242 12.175 12.126 12.163 12.157 12.122 12.116 12.153 12.161 12.159 12.113 12.107 9.533 12.027 12.110 12.104 12.091 12.067 12.056 3.849 10.249 3.727 12.045 8.375 4.099 11.997 11.979 11.850 0.000 11.836 11.849 11.855 11.865 11.833 11.850 11.847 11.856 11.876 11.881 11.890 11.881 11.876 11.876 11.880 11.880 11.883 11.829 11.857 11.856 11.839 11.830 11.845 11.819 11.800 11.828 11.818 11.823 11.829 11.819 11.796 11.788 11.790 11.783 11.775 11.756 11.755 11.746 11.718
12.341 12.137 12.202 12.149 12.282 12.271 12.258 12.250 12.181 12.140 12.170 12.163 12.172 12.142 12.114 12.173 12.166 12.131 12.119 12.121 12.120 12.118 12.111 12.098 12.076 12.071 12.051 4.386 3.768 12.049 11.824 12.099 12.009 11.995 11.978 11.863 0.378 11.832 11.865 11.871 11.862 11.857 11.857 11.860 11.881 11.888 11.896 11.889 11.885 11.895 11.889 11.895 11.897 11.828 11.866 11.871 11.865 11.839 11.852 11.857 11.765 11.836 11.847 11.841 11.837 11.824 11.797 11.811 11.797 11.791 11.789 11.772 11.764 11.756 11.748
12.367 12.342 12.331 12.318 12.303 12.280 12.258 12.251 12.152 12.190 12.176 12.192 12.181 12.188 12.192 12.200 12.111 12.140 4.130 12.128 12.132 12.146 12.119 12.106 12.084 12.078 12.065 4.166 4.434 12.056 12.101 12.107 12.063 11.938 11.978 11.970 11.888 3.569 11.872 11.878 11.882 11.875 11.868 11.873 11.886 11.893 11.903 11.910 11.914 11.904 11.902 11.903 11.904 11.833 11.877 11.885 11.871 11.865 11.876 11.865 11.814 11.854 11.860 11.850 11.844 11.834 11.819 11.821 11.810 11.803 11.801 11.780 11.765 11.758 11.749
12.381 12.266 12.282 12.321 12.313 12.304 12.265 12.258 12.187 12.200 12.181 12.212 12.189 12.183 12.212 12.216 12.202 12.159 12.163 12.164 12.180 12.168 12.150 12.111 12.103 12.100 12.083 3.015 11.948 11.877 6.982 12.116 12.025 12.060 12.045 11.945 11.939 11.887 11.879 11.884 11.888 11.883 11.861 11.877 11.894 11.897 11.908 11.917 11.923 11.915 11.910 11.923 11.921 11.890 11.907 11.898 11.883 11.852 11.883 11.879 11.855 11.872 11.880 11.868 11.851 11.832 11.839 11.831 11.826 11.819 11.806 11.787 11.769 11.765 11.748
12.436 12.423 12.388 12.329 12.322 12.135 12.258 12.165 12.203 12.209 12.212 12.217 12.220 12.225 12.231 12.228 12.216 12.216 12.182 12.104 12.193 12.182 12.169 12.140 12.127 12.118 12.037 11.978 11.980 11.922 3.548 12.129 12.107 12.070 12.032 12.013 11.944 11.961 11.931 11.927 11.921 11.903 11.888 11.895 11.901 11.907 11.919 11.929 11.937 11.924 11.929 11.935 11.938 11.908 11.917 11.909 11.891 11.910 11.905 11.903 11.885 11.880 11.887 11.876 11.861 11.853 11.854 11.841 11.845 11.814 11.808 11.796 11.778 11.772 11.763
12.450 5.433 12.402 12.386 12.314 4.166 12.236 12.210 12.210 12.216 12.201 12.231 12.206 12.237 12.239 12.278 12.194 12.229 12.217 12.211 12.201 12.168 12.138 12.140 12.136 12.128 1.974 12.012 11.992 11.958 3.420 12.135 12.050 12.058 12.005 11.993 11.981 11.966 11.962 11.927 11.871 11.886 11.857 11.901 11.907 11.910 11.926 11.933 11.949 11.943 11.938 11.943 11.944 11.933 11.935 11.928 11.926 11.934 11.916 11.915 11.887 11.908 11.912 11.898 11.871 11.880 11.865 11.861 11.853 11.829 11.810 11.802 11.786 11.777 11.766
12.470 12.450 12.415 4.138 12.307 12.235 12.244 12.236 12.215 12.246 12.205 12.253 12.260 12.267 12.252 12.289 12.292 12.269 12.193 12.217 12.217 12.227 12.201 12.191 12.193 12.184 8.791 12.024 12.003 11.990 12.143 12.230 11.961 12.056 12.041 11.994 11.983 11.995 11.968 11.920 6.241 3.356 11.882 11.907 11.916 11.923 11.930 11.946 11.962 11.958 11.959 11.967 11.954 11.959 11.953 11.931 11.881 11.941 11.935 11.926 11.910 11.917 11.922 11.913 11.892 11.887 11.883 11.871 11.863 11.846 11.826 11.815 11.787 11.774 11.765
12.487 3.840 12.433 12.422 4.029 4.241 12.255 12.250 12.263 12.273 12.258 12.207 12.273 12.278 12.288 12.313 12.316 12.256 12.266 12.234 12.242 12.253 12.262 12.249 12.235 1.681 12.207 11.846 11.939 9.598 12.307 12.264 12.042 12.070 12.055 12.063 11.971 12.000 12.031 4.462 11.966 11.888 3.599 11.909 11.916 11.922 11.939 11.945 11.971 11.974 11.980 11.980 11.967 11.968 11.961 11.953 11.913 11.959 11.943 11.941 11.920 11.934 11.931 11.925 11.902 11.899 11.890 11.881 11.869 11.857 11.819 11.811 11.793 11.770 11.767
12.496 12.488 12.441 12.435 12.425 4.907 12.276 0.000 11.390 12.281 12.271 12.275 12.286 12.222 12.295 12.337 12.341 12.136 12.289 12.259 12.266 12.278 12.291 12.256 12.242 3.562 12.229 12.240 12.131 5.657 12.328 12.299 12.177 12.163 12.016 12.078 12.064 11.985 12.039 0.468 11.987 11.980 11.985 4.936 11.919 11.911 11.948 11.966 11.981 11.996 12.005 11.993 11.973 11.978 11.980 11.950 11.928 11.988 11.965 11.959 11.948 11.954 11.944 11.937 11.929 11.916 11.895 11.888 11.876 11.853 11.844 11.830 11.817 11.781 11.775
