includes/camargue/floodfiles/results/res.max
ncols         906
nrows         631
xllcorner     362177.146667
yllcorner     6534725.688020
cellsize      20.000000
NODATA_value  -9999.000000
[rows 510 to 543 of 631, columns 77 to 153 of 906]
9.444 9.356 9.269 9.181 9.110 9.038 8.965 8.892 8.820 8.748 8.675 8.602 8.458 8.291 8.089 7.887 7.685 7.483 7.281 7.079 6.877 6.888 6.929 6.949 6.961 6.973 6.986 6.998 7.010 7.022 7.035 6.931 6.779 6.738 6.729 6.720 6.710 6.701 6.692 6.683 6.674 6.663 6.641 6.619 6.566 6.505 6.444 6.383 6.322 6.260 6.199 6.138 6.155 6.174 6.192 6.210 6.226 6.242 6.259 6.275 6.291 6.306 6.312 6.318 6.324 6.329 6.335 6.338 6.340 6.343 6.345 6.347 6.347 6.346 6.346 6.345 6.345
9.519 9.405 9.291 9.179 9.083 9.008 8.935 8.863 8.790 8.718 8.645 8.548 8.387 8.225 8.044 7.842 7.640 7.438 7.236 7.034 6.958 6.998 7.039 7.074 7.087 7.099 7.111 7.124 7.136 7.148 7.096 6.943 6.790 6.670 6.660 6.651 6.642 6.633 6.623 6.614 6.605 6.588 6.566 6.544 6.520 6.459 6.398 6.336 6.275 6.214 6.153 6.129 6.147 6.166 6.184 6.202 6.219 6.235 6.252 6.268 6.284 6.294 6.300 6.306 6.312 6.318 6.323 6.329 6.331 6.334 6.336 6.337 6.336 6.336 6.335 6.335 6.334
9.512 9.398 9.284 9.176 9.080 8.984 8.906 8.833 8.761 8.688 8.616 8.477 8.315 8.154 7.993 7.797 7.595 7.393 7.191 7.027 7.068 7.108 7.149 7.189 7.212 7.225 7.237 7.249 7.261 7.260 7.108 6.955 6.802 6.649 6.592 6.583 6.573 6.564 6.555 6.546 6.535 6.513 6.491 6.468 6.446 6.412 6.351 6.290 6.229 6.167 6.106 6.121 6.139 6.157 6.176 6.194 6.212 6.229 6.245 6.261 6.277 6.283 6.288 6.294 6.300 6.306 6.312 6.317 6.322 6.324 6.327 6.326 6.326 6.325 6.325 6.324 6.324
9.505 9.391 9.277 9.172 9.076 8.980 8.884 8.804 8.731 8.659 8.567 8.406 8.244 8.083 7.921 7.752 7.550 7.348 7.146 7.137 7.177 7.218 7.259 7.299 7.338 7.350 7.363 7.375 7.387 7.272 7.119 6.967 6.814 6.661 6.523 6.514 6.505 6.495 6.486 6.477 6.459 6.437 6.415 6.393 6.371 6.349 6.305 6.243 6.182 6.121 6.094 6.113 6.131 6.149 6.167 6.186 6.204 6.222 6.238 6.254 6.265 6.271 6.277 6.283 6.288 6.294 6.300 6.306 6.311 6.315 6.316 6.316 6.315 6.315 6.314 6.327 6.354
9.498 9.384 9.270 9.168 9.073 8.977 8.881 8.785 8.702 8.629 8.496 8.334 8.173 8.012 7.850 7.689 7.505 7.303 7.206 7.247 7.287 7.328 7.369 7.409 7.450 7.476 7.488 7.501 7.437 7.284 7.131 6.978 6.825 6.672 6.520 6.445 6.436 6.427 6.418 6.406 6.384 6.362 6.340 6.318 6.296 6.274 6.251 6.197 6.136 6.074 6.086 6.104 6.123 6.141 6.159 6.177 6.195 6.214 6.231 6.247 6.253 6.259 6.265 6.271 6.277 6.282 6.288 6.294 6.300 6.311 6.342 6.369 6.397 6.424 6.452 6.480 6.507
9.491 9.377 9.263 9.165 9.069 8.973 8.877 8.781 8.685 8.586 8.425 8.263 8.102 7.940 7.779 7.618 7.456 7.275 7.316 7.357 7.397 7.438 7.478 7.519 7.560 7.600 7.614 7.601 7.448 7.295 7.143 6.990 6.837 6.684 6.531 6.378 6.367 6.358 6.349 6.331 6.309 6.287 6.264 6.242 6.220 6.198 6.176 6.150 6.089 6.060 6.078 6.096 6.114 6.133 6.151 6.169 6.187 6.205 6.223 6.236 6.242 6.253 6.271 6.290 6.308 6.327 6.346 6.364 6.383 6.419 6.494 6.522 6.550 6.577 6.605 6.632 6.660
9.484 9.370 9.257 9.161 9.065 8.969 8.874 8.778 8.689 8.605 8.440 8.271 8.103 7.934 7.765 7.597 7.428 7.288 7.355 7.422 7.490 7.548 7.588 7.629 7.670 7.710 7.740 7.613 7.460 7.307 7.154 7.001 6.849 6.696 6.543 6.390 6.299 6.290 6.278 6.255 6.233 6.211 6.189 6.167 6.145 6.123 6.101 6.079 6.043 6.051 6.070 6.088 6.111 6.141 6.172 6.202 6.233 6.263 6.293 6.306 6.325 6.343 6.362 6.381 6.399 6.418 6.436 6.455 6.474 6.535 6.609 6.675 6.702 6.730 6.758 6.785 6.813
9.477 9.363 9.253 9.157 9.062 8.966 8.874 8.790 8.706 8.622 8.484 8.316 8.147 7.979 7.810 7.641 7.402 7.118 7.140 7.207 7.275 7.342 7.409 7.477 7.544 7.612 7.657 7.546 7.422 7.297 7.166 7.013 6.860 6.707 6.554 6.402 6.249 6.221 6.202 6.180 6.158 6.136 6.114 6.092 6.067 6.037 6.007 5.977 6.026 6.127 6.157 6.187 6.218 6.248 6.279 6.309 6.339 6.370 6.393 6.403 6.415 6.434 6.453 6.471 6.490 6.509 6.527 6.546 6.576 6.650 6.725 6.800 6.855 6.883 6.910 6.938 6.966
9.470 9.356 9.250 9.154 9.059 8.975 8.890 8.806 8.722 8.638 8.529 8.360 8.192 8.023 7.854 7.635 7.350 7.067 6.925 6.992 7.059 7.127 7.194 7.262 7.329 7.381 7.412 7.363 7.239 7.114 6.990 6.866 6.741 6.617 6.493 6.368 6.244 6.147 6.117 6.087 6.057 6.027 5.997 5.966 5.936 5.906 5.876 5.846 5.998 6.208 6.264 6.294 6.325 6.355 6.385 6.416 6.446 6.476 6.490 6.500 6.510 6.525 6.543 6.562 6.581 6.599 6.618 6.637 6.691 6.766 6.841 6.916 6.990 7.036 7.063 7.091 7.118
9.604 9.349 9.246 9.159 9.075 8.991 8.907 8.822 8.738 8.654 8.570 8.405 8.236 8.067 7.867 7.583 7.299 7.015 6.731 6.777 6.844 6.912 6.979 7.046 7.106 7.136 7.167 7.180 7.056 6.931 6.807 6.683 6.558 6.434 6.310 6.185 6.090 6.037 5.986 5.956 5.926 5.896 5.865 5.835 5.805 5.775 5.745 5.761 5.971 6.181 6.371 6.401 6.432 6.462 6.492 6.522 6.553 6.576 6.587 6.597 6.607 6.617 6.634 6.653 6.672 6.690 6.709 6.732 6.807 6.882 6.957 7.031 7.106 7.181 7.216 7.244 7.271
9.893 9.632 9.273 9.175 9.091 9.007 8.923 8.839 8.755 8.670 8.586 8.449 8.281 8.100 7.815 7.531 7.247 6.963 6.679 6.562 6.629 6.696 6.764 6.830 6.861 6.892 6.922 6.953 6.873 6.749 6.624 6.500 6.375 6.251 6.127 6.041 5.989 5.935 5.876 5.825 5.795 5.765 5.734 5.704 5.674 5.644 5.614 5.734 5.944 6.153 6.363 6.508 6.538 6.569 6.599 6.629 6.659 6.673 6.683 6.694 6.704 6.714 6.725 6.744 6.762 6.781 6.800 6.848 6.923 6.998 7.072 7.147 7.222 7.296 7.369 7.396 7.424
10.434 9.950 9.340 9.242 9.144 9.047 8.949 8.855 8.771 8.687 8.603 8.494 8.325 8.048 7.764 7.480 7.196 6.912 6.628 6.346 6.414 6.481 6.549 6.585 6.616 6.647 6.678 6.709 6.690 6.566 6.441 6.317 6.192 6.068 5.991 5.939 5.887 5.833 5.774 5.716 5.664 5.634 5.603 5.573 5.543 5.513 5.497 5.707 5.916 6.126 6.336 6.545 6.645 6.675 6.705 6.736 6.760 6.770 6.780 6.790 6.801 6.811 6.821 6.834 6.853 6.872 6.890 6.964 7.039 7.113 7.188 7.263 7.338 7.412 7.487 7.549 7.577
10.909 10.258 9.606 9.309 9.211 9.114 9.016 8.918 8.821 8.723 8.625 8.535 8.280 7.996 7.712 7.428 7.144 6.860 6.576 6.292 6.198 6.266 6.309 6.340 6.371 6.402 6.433 6.464 6.495 6.383 6.258 6.134 6.010 5.941 5.889 5.837 5.785 5.731 5.672 5.614 5.556 5.503 5.472 5.442 5.412 5.382 5.469 5.679 5.889 6.099 6.308 6.518 6.727 6.782 6.812 6.842 6.857 6.867 6.877 6.887 6.898 6.908 6.918 6.928 6.944 6.963 7.005 7.080 7.154 7.229 7.304 7.379 7.453 7.528 7.603 7.677 7.730
11.217 10.565 9.914 9.376 9.278 9.180 9.083 8.985 8.888 8.790 8.692 8.554 8.315 8.014 7.712 7.410 7.108 6.809 6.524 6.240 5.983 6.033 6.064 6.095 6.126 6.157 6.188 6.219 6.250 6.200 6.075 5.951 5.891 5.839 5.787 5.736 5.684 5.629 5.571 5.512 5.454 5.395 5.341 5.311 5.281 5.251 5.442 5.652 5.861 6.071 6.281 6.490 6.700 6.889 6.919 6.943 6.954 6.964 6.974 6.984 6.994 7.005 7.015 7.025 7.035 7.053 7.121 7.195 7.270 7.345 7.420 7.494 7.572 7.690 7.809 7.928 8.054
11.525 10.873 10.222 9.570 9.345 9.247 9.150 9.052 8.954 8.857 8.726 8.565 8.386 8.084 7.782 7.481 7.179 6.877 6.576 6.274 5.992 5.900 5.893 5.886 5.881 5.912 5.943 5.974 6.005 6.017 5.893 5.841 5.789 5.737 5.686 5.634 5.582 5.527 5.469 5.410 5.352 5.293 5.235 5.180 5.150 5.205 5.415 5.624 5.834 6.043 6.253 6.462 6.672 6.882 7.025 7.040 7.050 7.061 7.071 7.081 7.091 7.102 7.112 7.122 7.140 7.203 7.322 7.441 7.560 7.679 7.798 7.917 8.036 8.155 8.274 8.393 8.527
11.832 11.181 10.530 9.878 9.412 9.314 9.216 9.119 9.021 8.898 8.737 8.576 8.415 8.154 7.853 7.551 7.249 6.948 6.646 6.351 6.117 5.925 5.918 5.911 5.904 5.897 5.890 5.883 5.876 5.871 5.801 5.739 5.687 5.636 5.584 5.532 5.480 5.425 5.367 5.309 5.250 5.192 5.133 5.074 5.019 5.178 5.387 5.598 5.829 6.059 6.290 6.521 6.752 6.982 7.181 7.233 7.252 7.271 7.290 7.309 7.328 7.347 7.366 7.385 7.404 7.617 7.787 7.906 8.025 8.144 8.263 8.382 8.501 8.620 8.739 8.859 9.001
12.140 11.489 10.837 10.186 9.535 9.381 9.283 9.186 9.071 8.909 8.748 8.587 8.426 8.225 7.923 7.621 7.320 7.018 6.716 6.477 6.242 6.008 5.943 5.936 5.929 5.922 5.915 5.908 5.901 5.919 5.898 5.795 5.691 5.588 5.485 5.430 5.379 5.324 5.265 5.207 5.156 5.174 5.191 5.209 5.249 5.396 5.627 5.858 6.089 6.319 6.550 6.781 7.011 7.242 7.380 7.497 7.516 7.535 7.554 7.573 7.592 7.611 7.630 7.649 7.771 8.006 8.241 8.370 8.489 8.608 8.727 8.846 8.965 9.084 9.203 9.333 9.475
12.448 11.797 11.145 10.494 9.842 9.448 9.350 9.243 9.082 8.921 8.759 8.598 8.437 8.276 7.993 7.692 7.390 7.088 6.836 6.602 6.367 6.133 5.968 5.961 5.954 5.947 5.940 5.933 5.946 5.967 5.989 5.892 5.788 5.685 5.582 5.478 5.375 5.407 5.424 5.442 5.459 5.477 5.494 5.512 5.595 5.698 5.887 6.118 6.349 6.579 6.810 7.041 7.271 7.456 7.580 7.703 7.780 7.799 7.818 7.837 7.856 7.875 7.894 7.925 8.160 8.395 8.630 8.835 8.954 9.073 9.192 9.311 9.430 9.549 9.668 9.806 9.948
12.756 12.105 11.453 10.802 10.150 9.514 9.415 9.254 9.093 8.932 8.770 8.609 8.448 8.287 8.064 7.762 7.460 7.196 6.961 6.727 6.492 6.258 6.023 5.986 5.979 5.972 5.965 5.973 5.994 6.015 6.037 5.989 5.885 5.782 5.679 5.575 5.581 5.682 5.728 5.745 5.763 5.780 5.798 5.838 5.941 6.043 6.147 6.378 6.608 6.839 7.070 7.301 7.531 7.656 7.779 7.903 8.026 8.063 8.082 8.101 8.120 8.139 8.158 8.314 8.549 8.784 9.019 9.254 9.419 9.538 9.657 9.776 9.895 10.014 10.138 10.280 10.422
13.254 12.578 11.901 11.225 10.548 9.872 9.499 9.265 9.104 8.943 8.781 8.620 8.459 8.298 8.134 7.832 7.555 7.321 7.086 6.852 6.617 6.383 6.148 6.011 6.004 5.997 6.000 6.021 6.043 6.064 6.085 6.086 5.982 5.879 5.776 5.732 5.833 5.934 6.031 6.049 6.066 6.084 6.101 6.183 6.286 6.389 6.492 6.638 6.868 7.099 7.330 7.561 7.732 7.855 7.979 8.102 8.225 8.327 8.346 8.365 8.384 8.403 8.468 8.703 8.938 9.173 9.408 9.643 9.878 10.002 10.121 10.240 10.359 10.478 10.612 10.754 10.895
13.805 13.129 12.452 11.776 11.099 10.565 10.126 9.860 9.594 9.327 9.061 8.794 8.528 8.309 8.148 7.915 7.680 7.446 7.211 6.977 6.742 6.508 6.273 6.039 6.029 6.027 6.048 6.070 6.091 6.112 6.133 6.155 6.079 5.976 5.884 5.984 6.085 6.186 6.286 6.352 6.369 6.387 6.426 6.529 6.632 6.735 6.838 6.940 7.128 7.359 7.590 7.808 7.931 8.055 8.178 8.302 8.425 8.548 8.610 8.629 8.648 8.667 8.857 9.092 9.327 9.562 9.797 10.032 10.267 10.467 10.586 10.705 10.824 10.944 11.085 11.227 11.369
14.356 13.680 13.003 12.327 11.762 11.278 10.794 10.487 10.221 9.955 9.688 9.422 9.155 8.889 8.623 8.016 7.787 7.557 7.327 7.097 6.867 6.633 6.398 6.164 6.055 6.075 6.096 6.118 6.139 6.160 6.182 6.203 6.176 6.073 6.136 6.237 6.337 6.438 6.538 6.639 6.673 6.690 6.772 6.875 6.978 7.080 7.183 7.286 7.389 7.619 7.850 8.007 8.131 8.254 8.378 8.501 8.624 8.748 8.871 8.893 8.912 9.010 9.246 9.481 9.716 9.951 10.186 10.421 10.656 10.891 11.051 11.170 11.289 11.417 11.559 11.701 11.843
14.907 14.231 13.554 12.959 12.475 11.990 11.506 11.115 10.848 10.582 10.316 10.049 9.783 9.516 8.912 8.236 7.873 7.643 7.414 7.184 6.954 6.724 6.495 6.265 6.158 6.168 6.177 6.187 6.196 6.209 6.230 6.252 6.273 6.287 6.388 6.488 6.589 6.689 6.790 6.890 6.976 7.015 7.118 7.221 7.323 7.426 7.529 7.631 7.734 7.879 8.083 8.207 8.330 8.454 8.577 8.700 8.824 8.947 9.071 9.158 9.177 9.399 9.634 9.869 10.105 10.340 10.575 10.810 11.045 11.280 11.515 11.635 11.753 11.891 12.033 12.175 12.317
15.458 14.781 14.156 13.672 13.188 12.703 12.219 11.742 11.476 11.209 10.943 10.676 10.410 9.876 9.200 8.525 7.960 7.730 7.500 7.271 7.041 6.811 6.581 6.424 6.353 6.328 6.337 6.347 6.356 6.365 6.375 6.384 6.406 6.487 6.593 6.698 6.804 6.910 7.015 7.121 7.226 7.332 7.435 7.539 7.643 7.747 7.850 7.954 8.058 8.161 8.298 8.417 8.536 8.655 8.776 8.900 9.023 9.147 9.270 9.394 9.553 9.788 10.023 10.258 10.493 10.729 10.964 11.199 11.434 11.669 11.904 12.099 12.223 12.365 12.507 12.648 12.674
16.009 15.352 14.869 14.385 13.901 13.417 12.932 12.448 12.103 11.837 11.570 11.304 10.840 10.165 9.489 8.814 8.138 7.817 7.587 7.357 7.127 6.898 6.697 6.625 6.554 6.488 6.497 6.506 6.516 6.525 6.535 6.544 6.596 6.651 6.756 6.862 6.967 7.073 7.178 7.284 7.392 7.503 7.607 7.711 7.814 7.918 8.022 8.125 8.229 8.412 8.652 8.770 8.889 9.008 9.127 9.246 9.365 9.484 9.603 9.698 9.776 10.027 10.279 10.530 10.782 11.033 11.284 11.536 11.787 12.039 12.290 12.528 12.645 12.612 12.578 12.545 12.512
16.560 16.065 15.582 15.098 14.613 14.130 13.645 13.161 12.730 12.464 12.198 11.804 11.129 10.453 9.778 9.102 8.427 7.903 7.673 7.444 7.214 6.984 6.897 6.826 6.755 6.683 6.657 6.666 6.676 6.685 6.694 6.734 6.786 6.839 6.920 7.025 7.131 7.236 7.342 7.448 7.559 7.671 7.778 7.882 7.986 8.089 8.193 8.296 8.428 8.691 8.955 9.124 9.243 9.361 9.480 9.599 9.718 9.837 9.956 9.976 9.990 10.202 10.454 10.705 10.957 11.208 11.459 11.711 11.962 12.214 12.465 12.404 12.358 12.449 12.416 12.383 12.350
16.502 16.287 16.068 15.811 15.326 14.843 14.358 13.874 13.390 13.091 12.769 12.093 11.418 10.742 10.067 9.391 8.716 8.040 7.760 7.530 7.300 7.169 7.098 7.027 6.955 6.884 6.817 6.826 6.835 6.845 6.871 6.924 6.976 7.029 7.083 7.189 7.294 7.400 7.505 7.615 7.727 7.838 7.949 8.053 8.157 8.260 8.364 8.468 8.707 8.971 9.235 9.477 9.596 9.715 9.834 9.953 10.072 10.190 10.238 10.253 10.268 10.377 10.629 10.880 11.132 11.383 11.634 11.886 12.137 12.389 12.351 11.980 11.896 12.097 12.254 12.221 12.188
15.916 15.896 15.677 15.457 15.238 15.020 14.800 14.581 14.103 13.719 13.057 12.382 11.706 11.031 10.355 9.680 9.004 8.329 7.847 7.617 7.442 7.370 7.299 7.228 7.156 7.085 7.014 6.986 6.995 7.009 7.061 7.114 7.166 7.219 7.271 7.352 7.457 7.563 7.671 7.783 7.894 8.006 8.117 8.224 8.328 8.432 8.535 8.723 8.987 9.250 9.514 9.778 9.949 10.068 10.187 10.306 10.425 10.501 10.515 10.530 10.545 10.560 10.804 11.055 11.306 11.558 11.809 12.061 12.312 12.298 11.927 11.556 11.434 11.635 11.836 12.037 12.026
15.330 15.505 15.286 15.067 14.848 14.629 14.410 14.190 13.971 14.044 13.362 12.681 12.000 11.319 10.644 9.968 9.293 8.617 7.942 7.714 7.642 7.571 7.500 7.428 7.357 7.286 7.214 7.146 7.155 7.199 7.252 7.304 7.356 7.409 7.461 7.515 7.621 7.727 7.839 7.950 8.062 8.173 8.284 8.396 8.499 8.603 8.738 9.002 9.266 9.530 9.794 10.057 10.303 10.421 10.540 10.659 10.763 10.778 10.793 10.807 10.822 10.837 10.979 11.230 11.481 11.733 11.984 12.236 12.246 11.875 11.504 11.133 10.972 11.173 11.374 11.575 11.776
14.743 15.115 14.895 14.676 14.457 14.238 14.019 13.823 13.990 14.157 13.691 13.010 12.328 11.647 10.966 10.285 9.604 8.923 8.242 7.986 7.905 7.824 7.744 7.663 7.583 7.502 7.421 7.344 7.337 7.389 7.442 7.494 7.546 7.599 7.651 7.704 7.784 7.895 8.006 8.118 8.229 8.340 8.452 8.563 8.671 8.774 9.018 9.282 9.546 9.809 10.073 10.337 10.601 10.775 10.894 11.013 11.041 11.055 11.070 11.085 11.099 11.114 11.154 11.405 11.656 11.908 12.159 12.193 11.822 11.451 11.080 10.709 10.510 10.711 10.912 11.113 11.314
14.158 14.724 14.505 14.286 14.066 13.847 13.691 13.858 14.025 14.192 14.019 13.338 12.657 11.976 11.294 10.613 9.932 9.251 8.784 8.561 8.457 8.376 8.295 8.215 8.134 8.053 7.973 7.891 7.723 7.744 7.786 7.828 7.870 7.911 7.953 7.995 8.024 8.120 8.216 8.312 8.408 8.508 8.619 8.731 8.842 9.034 9.298 9.561 9.825 10.089 10.353 10.617 10.880 11.128 11.247 11.303 11.318 11.333 11.347 11.362 11.377 11.391 11.406 11.580 11.831 12.083 12.141 11.770 11.399 11.028 10.657 10.286 10.048 10.249 10.450 10.651 10.852
13.571 14.138 14.114 13.895 13.676 13.559 13.726 13.893 14.060 14.227 14.348 13.666 12.985 12.304 11.623 10.942 10.261 9.650 9.428 9.205 9.008 8.927 8.847 8.766 8.685 8.605 8.524 8.398 8.230 8.119 8.161 8.203 8.244 8.286 8.328 8.358 8.371 8.441 8.537 8.633 8.729 8.825 8.921 9.017 9.169 9.429 9.674 9.919 10.164 10.409 10.654 10.899 11.160 11.424 11.566 11.580 11.595 11.610 11.625 11.639 11.654 11.669 11.683 11.755 12.006 12.088 11.717 11.346 10.975 10.604 10.233 9.862 9.586 9.787 9.988 10.189 10.390
12.985 13.552 13.723 13.504 13.427 13.594 13.761 13.928 14.095 14.262 14.429 13.995 13.313 12.632 11.951 11.270 10.589 10.294 10.071 9.849 9.626 9.479 9.398 9.317 9.237 9.156 9.073 8.905 8.737 8.568 8.535 8.577 8.619 8.661 8.698 8.711 8.724 8.761 8.857 8.953 9.049 9.145 9.241 9.359 9.635 9.908 10.153 10.398 10.644 10.889 11.134 11.379 11.624 11.816 11.635 11.685 11.734 11.784 11.833 11.883 11.931 11.946 11.961 11.975 12.035 11.664 11.293 10.922 10.551 10.180 9.809 9.438 9.124 9.325 9.526 9.727 9.928
12.446 12.966 13.333 13.295 13.462 13.629 13.796 13.964 14.131 14.298 14.465 14.323 13.642 12.961 12.279 11.598 11.160 10.938 10.715 10.493 10.270 10.048 9.949 9.869 9.788 9.707 9.580 9.412 9.243 9.075 8.910 8.952 8.994 9.035 9.051 9.064 9.077 9.090 9.178 9.274 9.370 9.466 9.562 9.825 10.101 10.377 10.633 10.878 11.123 11.368 11.613 11.858 12.103 11.918 11.690 11.674 11.723 11.773 11.822 11.872 11.921 11.971 12.021 12.032 11.707 11.286 10.870 10.499 10.128 9.757 9.386 9.015 8.662 8.863 9.064 9.265 9.465
