includes/camargue/floodfiles/results/res.totaltm
ncols         906
nrows         631
xllcorner     362177.146667
yllcorner     6534725.688020
cellsize      20.000000
NODATA_value  -9999.000000
[rows 476 to 509 of 631, columns 450 to 524 of 906]
0.000 0.000 0.000 0.000 0.000 0.000 0.000 0.000 0.000 0.000 0.000 0.000 0.000 0.000 0.000 0.000 0.000 0.000 0.000 0.000 0.000 0.000 0.000 7.586 1.427 1.202 6.736 13.545 13.563 11.311 8.759 8.151 8.322 7.565 7.638 13.663 13.670 7.986 13.694 13.672 7.887 13.710 7.916 7.704 8.786 8.135 8.262 13.736 11.213 10.741 13.741 9.007 8.258 7.430 13.664 11.581 13.610 13.635 7.156 13.479 6.848 6.487 6.777 7.048 13.404 13.281 13.324 12.983 10.517 13.511 13.519 13.543 13.582 13.596 13.628
0.000 0.000 0.000 0.000 0.000 0.000 0.000 0.000 0.000 0.000 0.000 0.000 0.000 0.000 0.000 0.000 0.000 0.000 0.000 0.000 0.000 0.000 7.852 1.337 5.800 7.257 7.344 7.355 7.478 8.697 9.051 8.783 9.489 7.820 7.857 13.691 13.688 7.780 13.214 7.634 13.742 11.079 13.720 7.932 8.751 8.968 8.452 13.748 7.812 11.853 13.775 8.112 8.197 7.760 13.697 13.688 13.662 13.107 13.632 7.740 7.879 5.980 6.494 6.856 7.433 13.406 7.050 7.193 11.085 9.553 13.547 13.567 8.866 9.633 13.639
0.000 0.000 0.000 0.000 0.000 0.000 0.000 0.000 0.000 0.000 0.000 0.000 0.000 0.000 0.000 0.000 0.000 0.000 0.000 0.000 7.388 1.425 1.191 6.580 8.361 8.383 7.616 8.045 7.567 8.666 8.987 8.869 9.228 13.721 13.728 10.385 7.953 7.782 13.747 8.051 11.192 7.733 13.755 11.082 9.429 9.390 8.616 10.368 13.820 12.779 13.786 8.199 7.999 13.731 13.711 13.714 8.296 13.653 7.418 8.105 7.266 6.428 6.136 6.738 7.040 13.404 13.432 8.090 8.210 8.650 9.358 13.582 13.590 7.677 13.058
0.000 0.000 0.000 0.000 0.000 0.000 0.000 0.000 0.000 0.000 0.000 0.000 0.000 0.000 0.000 0.000 0.000 0.000 0.000 7.149 1.342 5.804 7.299 13.643 7.444 8.412 7.373 7.949 13.695 8.297 9.521 13.725 13.731 13.634 8.698 9.687 8.247 12.269 12.438 10.698 13.781 13.786 7.870 11.934 8.321 13.786 12.407 13.815 13.520 11.870 8.164 13.781 13.787 13.742 7.659 8.075 13.133 7.600 8.655 13.637 7.200 6.698 6.747 6.427 6.167 7.117 7.476 8.058 13.491 8.597 9.806 11.934 8.172 8.357 13.675
0.000 0.000 0.000 0.000 0.000 0.000 0.000 0.000 0.000 0.000 0.000 0.000 0.000 0.000 0.000 0.000 0.000 7.436 1.728 1.278 6.659 7.915 13.671 8.494 7.602 8.556 8.460 8.602 8.223 13.729 13.727 8.786 13.743 8.380 11.164 10.789 9.251 13.810 12.134 13.819 8.612 11.072 10.464 12.769 8.279 13.803 13.805 8.192 13.910 12.580 8.260 8.026 13.808 13.785 10.112 9.104 10.299 8.603 9.006 7.451 7.779 6.714 6.406 6.265 9.606 6.749 6.654 7.392 7.533 13.526 8.379 9.179 13.654 13.665 13.677
0.000 0.000 0.000 0.000 0.000 0.000 0.000 0.000 0.000 0.000 0.000 0.000 0.000 0.000 0.000 7.611 1.430 1.387 5.834 7.768 7.541 8.350 8.729 8.290 7.823 8.228 8.646 12.460 13.749 13.770 7.848 9.981 13.238 12.888 13.800 8.031 10.373 9.985 13.925 12.633 8.408 13.888 13.864 13.850 8.756 8.260 8.052 13.988 13.933 8.484 9.447 7.993 13.872 8.084 8.704 9.735 7.789 9.202 8.508 13.718 8.026 6.834 6.475 6.132 6.403 13.368 8.231 6.904 7.531 7.554 13.572 13.599 8.869 13.668 8.477
0.000 0.000 0.000 0.000 0.000 0.000 0.000 0.000 0.000 0.000 0.000 0.000 0.000 0.000 7.331 1.335 4.838 6.501 7.627 7.848 7.872 8.728 8.669 8.730 8.496 8.485 8.800 13.794 7.936 13.783 8.021 13.814 7.904 13.830 10.531 8.066 11.442 10.379 13.943 8.203 13.948 13.459 8.441 8.276 8.138 13.861 7.995 13.995 8.646 13.933 13.891 8.338 13.901 13.886 8.704 10.273 13.853 10.526 8.585 7.530 7.613 7.628 9.109 13.357 6.798 6.848 8.014 13.455 6.837 7.655 8.432 7.456 7.872 12.286 8.030
0.000 0.000 0.000 0.000 0.000 0.000 0.000 0.000 0.000 0.000 0.000 0.000 8.004 1.421 1.185 5.433 7.233 13.630 7.992 8.188 8.563 9.810 8.225 8.393 13.772 13.806 13.799 13.805 13.813 8.647 9.751 10.507 9.570 12.280 13.942 8.279 10.439 9.115 14.005 8.371 12.241 13.997 11.802 11.713 8.189 8.635 14.059 14.018 9.306 8.158 13.965 8.130 13.957 13.902 13.966 8.144 11.078 8.071 8.606 8.146 7.733 7.778 6.895 6.866 6.691 6.986 7.410 13.491 13.515 6.970 7.498 8.307 8.478 13.680 8.247
0.000 0.000 0.000 0.000 0.000 0.000 0.000 0.000 0.000 0.000 0.000 7.456 1.333 4.190 6.027 13.649 13.670 7.498 8.031 13.735 7.919 8.908 13.815 8.530 7.864 13.815 8.151 13.846 8.218 8.738 13.860 10.674 9.042 10.614 13.902 13.591 14.038 8.243 14.029 13.954 14.040 10.942 12.036 13.345 9.119 8.812 14.075 9.863 8.945 10.721 10.957 8.242 13.994 8.490 13.785 7.989 11.247 8.332 9.306 8.333 7.963 8.631 7.795 7.644 7.281 7.230 6.963 13.511 8.964 8.942 6.926 7.688 7.934 7.670 8.314
0.000 0.000 0.000 0.000 0.000 0.000 0.000 0.000 0.000 8.151 1.725 1.205 4.870 6.788 13.634 7.396 9.128 7.572 10.180 13.756 7.962 8.761 11.563 12.183 11.146 12.402 13.864 11.647 12.119 8.819 8.269 11.332 9.086 12.680 8.084 12.669 14.052 14.038 13.271 8.850 14.050 14.069 14.086 13.263 8.606 8.721 14.080 8.848 8.242 10.361 10.390 14.036 14.019 8.588 14.028 8.399 13.952 13.977 13.809 13.924 8.539 8.501 7.872 8.217 7.716 8.052 7.534 7.105 8.602 9.297 7.557 6.924 7.558 7.760 8.291
0.000 0.000 0.000 0.000 0.000 0.000 0.000 0.000 7.819 1.433 3.373 5.357 7.642 7.758 7.928 7.925 9.200 8.981 9.782 7.823 8.459 13.837 8.043 13.891 8.327 13.864 11.707 12.908 14.042 14.033 8.461 14.039 13.007 14.076 8.517 11.021 14.080 8.605 14.082 12.447 8.627 14.085 14.105 8.723 14.074 9.440 14.098 8.535 14.098 14.080 14.069 14.047 8.578 12.109 13.802 8.566 14.003 13.803 8.753 13.967 13.947 8.911 8.237 8.259 13.881 8.130 8.022 7.726 9.282 10.874 8.249 7.724 6.773 7.580 7.778
0.011 0.000 0.000 0.000 0.000 0.000 0.000 7.639 1.331 4.053 6.082 7.484 13.681 7.742 8.895 9.933 8.695 9.913 10.714 8.019 13.842 9.075 8.411 11.381 13.899 8.316 13.631 9.458 14.072 8.605 8.619 8.217 8.640 14.090 13.456 14.100 14.094 8.685 11.298 14.122 9.304 14.109 14.121 14.133 8.693 9.078 14.113 14.117 14.125 9.141 8.659 14.066 14.090 14.091 13.364 9.223 9.182 13.914 14.027 8.243 8.120 8.332 9.170 9.342 9.682 13.884 11.810 13.896 11.652 11.169 8.629 8.089 7.878 6.738 7.655
10.884 0.000 0.000 0.000 0.000 0.000 5.765 1.257 4.684 6.348 7.618 7.718 8.095 8.388 8.200 9.087 10.277 9.420 13.882 9.317 8.721 13.913 8.448 14.063 9.197 8.271 12.912 14.086 14.102 8.679 8.745 14.096 10.521 9.433 12.435 14.126 13.394 11.644 13.264 13.024 14.129 9.003 13.889 14.150 14.152 14.142 14.123 14.138 14.143 10.457 8.746 8.526 8.955 14.101 13.388 14.076 14.057 14.067 11.772 8.305 8.594 9.449 9.088 9.605 8.263 8.317 8.214 13.930 8.322 8.319 8.068 13.861 8.625 7.878 6.970
0.762 0.000 0.000 0.000 7.973 1.405 0.961 4.924 7.219 7.832 11.793 8.747 8.443 8.334 8.370 13.827 8.039 13.887 13.896 8.310 10.572 10.453 8.262 13.391 14.082 8.481 8.920 8.893 14.123 8.742 14.120 8.459 9.952 13.774 13.898 14.124 14.153 12.153 14.155 12.318 12.880 9.054 14.157 14.158 11.560 14.154 8.891 11.094 14.158 8.929 14.145 9.128 14.128 14.113 14.106 8.516 8.462 14.104 9.014 9.090 9.540 9.174 8.404 10.909 11.264 12.932 12.830 12.224 14.005 11.002 11.362 13.878 13.864 8.067 7.607
0.575 0.000 0.000 7.899 1.328 3.547 5.224 7.645 7.896 8.102 7.728 8.364 9.790 9.737 13.866 13.860 8.230 8.518 13.699 12.735 13.683 8.313 8.934 14.096 13.222 8.616 9.242 9.269 14.148 14.141 14.150 8.930 14.164 14.166 14.111 13.412 14.168 8.804 14.171 14.190 8.814 14.181 14.178 14.176 14.180 9.027 14.175 14.179 14.167 13.811 9.959 8.879 14.153 14.139 8.655 14.111 8.395 10.324 8.599 9.185 14.117 9.518 8.505 14.096 14.101 8.572 8.680 8.177 14.020 13.992 8.570 7.895 8.377 7.858 8.742
0.300 0.000 7.821 1.322 4.006 5.432 8.106 7.812 7.988 8.227 8.264 8.837 8.534 11.831 13.879 7.997 8.789 14.061 8.510 8.589 14.101 8.572 10.409 10.991 14.053 13.341 14.146 9.154 14.169 9.017 13.855 14.177 14.176 14.178 14.176 9.077 14.179 9.065 14.191 14.210 9.044 14.191 10.250 10.103 14.207 14.197 9.068 14.191 14.179 14.175 14.500 10.533 14.166 9.231 8.973 9.110 11.084 14.153 8.758 10.408 9.910 8.929 9.111 8.806 13.299 8.675 14.092 13.298 14.035 8.697 8.311 8.584 8.161 8.006 13.877
8.703 2.250 1.214 4.157 5.514 8.020 8.199 13.826 8.668 9.321 8.282 9.733 10.842 10.940 8.526 14.067 14.086 9.954 9.613 10.952 12.248 14.146 14.144 10.903 9.012 8.719 14.158 13.831 14.183 14.195 12.403 14.186 9.384 9.409 9.369 14.209 14.203 14.210 9.631 13.777 13.602 14.219 14.221 10.081 14.224 9.029 14.500 14.197 14.191 14.196 14.500 14.180 14.193 8.694 8.961 9.658 14.168 9.521 9.519 10.228 9.640 14.177 12.119 13.290 14.136 8.679 14.113 14.104 8.422 14.071 8.740 8.663 8.251 11.015 9.867
1.982 1.903 4.264 6.006 8.198 8.031 8.340 7.926 8.673 8.888 9.377 9.370 11.328 13.838 14.101 8.405 10.576 8.523 9.090 12.734 13.252 8.878 13.733 14.174 13.784 14.185 8.874 9.410 9.931 14.206 9.766 14.209 14.222 14.230 10.132 14.220 9.189 9.683 8.934 13.158 9.179 9.197 14.500 14.500 14.244 9.460 14.227 14.215 14.500 9.772 9.014 8.891 9.289 8.849 14.207 14.205 14.178 8.775 14.225 11.423 8.933 14.190 9.025 13.949 8.777 13.417 14.124 9.901 14.094 9.577 14.073 8.929 8.337 9.606 11.010
1.984 4.387 6.119 7.908 8.806 8.019 8.574 13.891 13.923 13.952 8.317 8.532 14.124 13.954 8.715 10.588 10.927 9.325 9.412 13.716 8.808 9.263 8.837 9.237 14.198 14.207 8.725 9.429 14.214 14.216 14.229 9.505 9.602 14.243 9.037 14.241 9.217 14.243 9.041 14.500 9.285 14.500 9.386 14.252 14.500 11.696 14.500 9.835 8.791 14.240 8.750 8.971 9.660 9.273 12.909 9.921 8.893 14.243 14.233 12.337 14.216 12.022 12.911 13.230 14.027 13.822 14.146 9.073 8.527 9.814 8.433 8.951 14.105 14.097 14.075
4.630 6.355 8.047 8.172 9.087 8.128 13.922 8.424 8.379 10.545 8.237 14.125 13.256 8.689 8.798 14.163 9.965 9.659 9.414 14.108 8.689 14.198 9.088 9.101 10.189 13.824 12.231 11.349 10.205 14.248 13.386 10.588 9.836 14.255 14.271 14.270 14.249 10.259 9.852 14.500 8.921 9.821 9.398 12.936 14.500 14.500 14.248 11.316 14.241 9.686 9.206 10.398 9.986 9.218 14.267 10.075 8.970 14.013 14.245 10.223 10.194 12.059 14.246 14.227 14.209 14.195 8.865 14.180 8.937 14.190 8.739 13.182 12.877 14.106 8.568
0.719 13.842 8.161 8.129 8.823 13.975 14.031 10.613 8.238 11.519 8.567 8.634 14.167 14.165 8.921 10.497 14.186 14.194 9.142 14.204 8.894 9.730 14.226 9.959 9.954 14.246 14.500 14.241 10.092 14.257 13.192 11.248 13.453 10.064 14.500 10.074 9.470 14.275 10.021 14.500 9.134 14.500 14.500 14.290 14.277 14.500 9.332 9.992 9.062 10.703 10.689 10.311 8.957 12.113 13.220 13.261 9.023 14.500 9.666 10.182 8.958 10.965 14.271 8.730 9.097 8.847 14.227 9.544 14.223 14.208 8.769 13.258 9.894 8.503 8.434
0.670 13.864 8.227 8.455 9.346 8.302 8.446 12.408 8.830 14.157 8.704 12.640 14.181 9.180 14.196 14.208 8.848 11.446 12.050 14.227 14.224 9.683 12.203 10.020 9.911 9.626 14.266 9.119 9.929 14.283 14.500 14.500 14.500 9.752 14.306 14.500 9.007 8.979 14.057 14.500 14.500 14.500 9.124 8.984 14.500 11.684 9.672 9.359 8.957 14.500 9.298 10.178 9.906 14.331 10.271 14.278 9.382 14.289 9.045 14.297 9.058 14.302 14.166 14.289 9.127 14.280 9.688 9.296 10.191 14.239 14.216 13.603 11.200 8.753 9.192
8.799 8.761 9.983 8.227 9.686 8.946 8.806 10.908 14.164 11.849 8.916 14.193 14.198 8.906 8.913 10.533 14.232 12.018 9.115 13.850 9.573 8.795 11.951 14.500 9.403 14.084 14.500 10.031 14.500 10.336 14.500 9.164 9.145 14.500 14.500 14.500 14.500 14.196 9.107 14.500 14.500 14.500 14.500 10.908 14.500 10.334 11.033 9.325 11.367 10.116 11.339 9.765 9.440 14.370 9.095 14.150 9.155 14.304 14.500 10.079 12.103 11.687 14.500 8.971 9.303 11.258 9.567 14.280 11.700 13.328 9.077 8.906 8.521 8.910 14.243
14.094 10.102 8.848 8.949 10.201 10.166 8.564 9.943 14.181 12.913 14.193 9.070 13.925 13.094 10.573 13.832 11.725 8.923 9.300 14.254 14.261 14.500 14.289 9.098 11.840 14.500 9.751 8.925 10.128 13.535 14.500 14.500 9.015 9.107 14.500 14.500 14.500 14.500 14.500 14.500 14.500 9.240 10.952 14.500 9.583 11.266 14.500 12.052 11.563 11.735 11.921 9.357 14.500 14.500 9.208 11.674 10.190 12.380 11.208 13.675 9.998 14.500 14.500 9.195 9.106 12.038 10.838 11.227 14.500 14.500 9.299 9.088 14.304 13.170 11.548
14.110 8.919 8.867 9.286 8.652 9.856 9.894 14.190 8.946 14.213 8.885 14.233 14.243 11.621 13.196 14.272 11.937 9.009 14.500 14.264 14.500 11.369 10.774 9.142 13.247 14.500 14.442 13.149 12.101 13.789 14.500 8.930 9.214 9.203 14.500 14.500 14.500 14.500 14.500 9.147 9.249 9.348 9.356 9.731 11.344 11.383 9.150 12.250 11.722 11.690 9.150 13.827 14.440 9.139 14.393 14.500 13.599 14.460 13.579 13.404 11.329 9.064 14.500 9.163 10.206 9.197 12.958 9.845 14.500 9.532 12.810 10.956 14.500 9.110 14.500
11.277 14.149 12.458 13.408 13.506 14.203 10.077 10.209 9.755 14.222 8.992 9.232 14.267 13.086 9.263 14.262 14.500 14.500 14.500 9.149 9.737 9.706 11.455 11.648 9.056 14.500 14.500 14.495 13.706 13.974 14.500 9.123 11.274 12.803 14.500 14.500 9.129 14.500 14.500 14.500 14.500 14.500 12.222 11.395 11.503 11.528 11.651 12.320 12.094 12.419 13.095 14.075 14.313 13.338 14.285 9.128 14.283 14.362 13.512 13.343 13.187 14.244 14.500 14.500 14.500 13.958 13.329 14.438 11.762 14.478 12.859 12.032 9.168 12.320 10.836
11.790 14.161 9.323 9.385 9.278 14.215 8.848 11.470 14.248 14.248 14.250 9.114 14.284 9.081 9.196 14.303 14.500 9.291 9.271 9.271 10.544 9.381 11.467 11.878 9.122 14.500 14.500 14.500 14.500 14.500 14.500 14.500 14.397 14.484 14.500 14.500 9.178 14.500 14.500 14.500 14.500 14.500 13.061 11.795 11.682 11.750 12.031 12.758 14.096 13.216 13.897 14.146 14.201 13.780 14.161 13.387 14.289 14.227 13.494 13.405 13.485 13.889 14.500 14.500 9.161 13.679 13.425 14.322 14.386 14.472 14.395 11.663 11.294 11.897 11.591
9.048 8.672 14.195 14.208 14.219 13.173 13.944 14.252 14.257 10.171 9.262 12.758 13.915 14.022 13.329 14.500 9.349 10.105 10.209 10.306 10.607 10.612 11.470 11.895 11.883 14.399 14.500 14.500 14.500 14.500 14.500 14.500 14.500 14.500 14.500 9.159 14.500 14.500 14.500 14.500 14.500 14.500 13.726 12.258 11.887 11.960 12.237 12.823 9.100 13.435 14.052 14.396 14.152 13.932 14.101 13.884 14.262 14.088 13.496 13.431 13.430 13.391 14.500 14.500 14.422 14.153 13.727 14.212 14.347 14.454 14.500 12.124 11.496 11.564 10.973
9.860 8.733 9.009 14.221 11.044 14.253 9.068 10.035 14.286 10.004 9.951 14.500 9.191 13.691 14.500 14.500 9.311 10.256 10.382 10.490 10.699 10.748 11.469 12.172 12.167 14.025 14.495 14.500 14.500 14.500 14.500 14.500 14.500 14.500 14.500 14.500 14.500 14.500 14.500 14.500 14.500 14.500 14.198 12.708 12.102 12.125 12.396 12.877 12.667 13.607 14.145 14.417 14.399 14.045 14.110 14.040 14.214 13.976 13.500 13.414 13.223 13.171 14.500 14.500 14.500 14.458 14.137 14.207 14.319 14.435 14.500 14.443 11.536 11.300 10.693
10.910 8.793 9.367 9.304 11.588 14.270 9.160 9.981 14.301 14.284 14.247 10.229 11.328 14.500 14.500 9.162 10.211 10.402 10.536 10.650 10.811 10.889 11.620 9.120 12.160 13.529 14.367 14.500 14.500 14.500 14.500 14.500 14.500 14.500 14.500 14.500 14.500 14.500 14.500 14.500 14.500 14.500 14.462 13.098 12.345 12.306 12.544 12.957 13.040 13.764 14.235 14.446 14.433 14.341 14.184 14.096 14.158 13.894 13.496 13.355 12.807 13.086 14.500 14.500 14.500 14.500 14.415 14.326 14.340 14.427 14.500 14.500 11.999 11.077 10.568
14.227 9.325 14.251 14.249 9.165 14.181 12.870 12.553 9.572 13.550 14.023 13.915 14.309 14.500 9.109 10.377 10.489 10.599 10.708 10.813 10.941 11.026 11.619 11.559 12.130 13.116 14.097 14.466 14.500 14.500 14.500 14.500 14.500 14.500 14.500 14.500 14.500 14.500 14.500 14.500 14.500 14.500 14.500 13.417 12.585 12.510 12.700 13.078 13.319 13.921 14.324 14.481 14.474 14.405 14.416 14.192 14.109 13.836 13.482 13.243 12.423 13.010 14.444 14.500 14.500 14.500 14.500 14.450 14.412 14.449 14.500 14.500 14.468 11.378 10.586
11.224 12.501 14.263 9.043 14.277 9.012 14.500 13.231 12.443 13.155 14.443 14.500 14.500 14.500 14.500 14.500 14.481 13.962 12.968 12.032 11.480 11.290 11.610 11.634 12.074 12.829 13.753 14.333 14.500 14.500 14.500 14.500 14.500 14.500 14.500 14.500 14.500 14.500 14.500 14.500 14.500 14.500 14.500 13.689 12.808 12.742 12.871 13.231 13.547 14.072 14.413 14.500 14.500 14.475 14.468 14.424 14.179 13.792 13.449 13.031 12.444 12.939 14.302 14.500 14.500 14.500 14.500 14.500 14.492 14.493 14.500 14.500 14.473 11.124 10.673
8.919 11.334 9.046 9.424 9.411 10.181 9.098 12.685 12.545 14.170 14.500 14.500 14.500 14.500 14.500 14.500 14.500 14.500 14.304 13.623 12.755 12.048 11.750 11.749 12.042 12.636 13.434 14.113 14.444 14.500 14.500 14.500 14.500 14.500 14.500 14.500 14.500 14.500 14.500 14.500 14.500 14.500 14.500 13.919 13.125 12.963 13.053 13.399 13.751 14.220 14.492 14.500 14.500 14.500 14.500 14.485 14.414 13.909 13.388 12.612 12.495 12.894 14.139 14.500 14.500 14.500 14.500 14.500 14.500 14.500 14.500 14.500 14.413 10.985 10.667
9.062 12.746 11.906 11.636 9.280 10.832 11.254 12.509 14.028 14.335 14.500 14.500 14.500 14.500 14.500 14.500 14.500 14.500 14.500 14.408 13.925 13.179 12.387 12.101 12.133 12.529 13.181 13.842 14.302 14.498 14.500 14.500 14.500 14.500 14.500 14.500 14.500 14.500 14.500 14.500 14.500 14.500 14.500 14.120 13.499 13.200 13.246 13.577 13.941 14.357 14.500 14.500 14.500 14.500 14.500 14.500 14.481 14.229 13.493 12.354 12.551 12.944 14.004 14.496 14.500 14.500 14.500 14.500 14.500 14.500 14.500 14.500 14.234 10.926 10.692
