includes/camargue/floodfiles/results/res.max
ncols         906
nrows         631
xllcorner     362177.146667
yllcorner     6534725.688020
cellsize      20.000000
NODATA_value  -9999.000000
[rows 306 to 339 of 631, columns 770 to 846 of 906]
0.000 0.000 0.000 0.000 0.000 0.000 0.000 0.000 0.000 0.000 0.000 0.000 0.000 0.000 0.000 0.000 0.000 0.000 0.000 0.000 0.000 0.000 0.000 0.018 0.188 0.278 0.011 0.090 0.000 0.000 0.000 0.000 0.000 0.000 0.000 0.000 0.036 0.446 0.536 0.466 0.456 0.646 0.456 0.156 0.000 0.000 0.000 0.000 0.000 0.000 0.000 0.000 0.000 0.000 0.000 0.403 0.263 0.162 0.292 0.732 0.592 0.702 0.622 0.552 0.632 0.762 0.732 0.662 0.712 0.692 0.782 0.422 0.532 0.252 0.000 0.000 0.535
0.000 0.000 0.000 0.000 0.000 0.000 0.000 0.000 0.276 0.306 0.000 0.000 0.000 0.000 0.000 0.000 0.000 0.000 0.000 0.005 0.207 0.000 0.000 0.000 0.085 0.014 0.102 0.000 0.000 0.000 0.000 0.000 0.000 0.000 0.000 0.000 0.186 0.416 0.596 0.576 0.626 0.586 0.686 0.526 0.000 1.370 0.420 0.282 0.000 0.000 0.000 0.000 0.000 0.000 0.002 0.423 0.263 0.643 0.652 0.652 0.582 0.622 0.812 0.792 0.722 0.732 1.402 0.772 0.832 1.322 0.772 1.082 1.122 1.382 1.342 1.011 0.345
0.000 0.000 0.224 0.000 0.000 0.000 0.000 0.000 0.000 0.106 0.000 0.000 0.000 0.000 0.000 0.000 0.148 0.278 0.127 0.217 0.097 0.067 0.000 0.000 0.179 0.000 0.000 0.000 0.000 0.000 0.000 0.000 0.000 0.000 0.000 0.000 0.116 0.476 0.516 0.566 0.646 0.736 0.686 0.546 0.354 0.025 0.423 0.744 0.625 0.760 1.526 0.825 0.664 0.674 0.584 0.543 0.613 0.853 0.722 0.702 0.782 0.972 0.912 0.832 1.152 0.802 0.792 0.932 0.682 0.752 0.422 0.571 0.551 0.000 0.013 0.107 0.166
0.000 0.000 0.164 0.094 0.234 0.000 0.000 0.000 0.130 0.076 0.046 0.000 0.000 0.000 0.178 0.198 0.248 0.348 0.378 0.087 0.127 0.000 0.000 0.000 0.391 0.000 0.000 0.000 0.000 0.000 0.000 0.000 0.000 0.000 0.000 0.000 0.116 0.656 0.646 0.616 0.586 0.606 0.716 0.756 0.412 0.636 0.262 0.000 1.004 0.320 0.656 0.845 1.014 0.864 0.854 0.953 0.783 0.933 0.832 0.662 1.112 1.102 1.072 1.402 0.762 0.472 0.302 0.392 0.102 0.492 0.601 0.791 0.621 0.661 0.000 0.000 0.000
0.156 0.043 0.017 0.124 0.104 0.324 0.042 0.073 0.034 0.019 0.035 0.164 0.000 0.006 0.498 0.418 0.468 0.338 0.458 0.197 0.186 0.000 0.279 0.153 0.112 0.000 0.000 0.000 0.000 0.000 0.000 0.000 0.000 0.000 0.000 0.002 0.004 0.347 0.497 0.657 0.506 0.726 0.626 0.375 0.542 0.618 0.235 0.305 0.000 0.530 0.776 0.695 1.174 1.524 1.014 0.783 0.923 0.853 0.872 0.682 1.002 0.812 1.322 0.392 0.682 0.242 0.592 0.492 0.502 0.062 0.851 0.171 0.531 1.051 0.790 0.780 0.690
0.016 0.048 0.000 0.064 0.000 0.000 0.000 0.334 0.018 0.019 0.000 0.122 0.000 0.078 0.078 0.578 0.368 0.318 0.127 0.157 0.235 0.380 0.086 0.124 0.000 0.000 0.000 0.000 0.000 0.000 0.000 0.000 0.000 0.000 0.000 0.000 0.218 0.267 0.607 0.447 0.687 0.597 0.666 0.545 0.493 0.399 0.432 0.414 0.240 0.220 0.000 0.644 0.944 0.954 1.594 0.913 0.653 1.093 0.602 0.642 0.952 1.162 0.272 0.592 0.312 0.292 0.472 0.732 0.732 0.822 0.631 0.151 0.631 0.861 0.720 1.400 0.860
0.000 0.940 0.000 0.000 0.000 0.000 0.000 0.000 0.000 0.000 0.000 0.177 0.028 0.088 0.288 0.268 0.408 0.338 0.307 0.487 0.306 0.053 0.000 0.000 0.000 0.000 0.000 0.000 0.000 0.000 0.000 0.000 0.000 0.000 0.000 0.015 0.369 0.219 0.498 0.488 0.369 0.439 0.258 0.407 0.335 0.492 0.385 0.347 0.044 0.020 0.544 0.104 0.474 0.854 0.873 0.903 1.063 0.983 0.872 0.982 1.062 0.202 0.192 0.000 0.000 0.000 0.000 0.000 0.000 0.111 0.421 0.581 0.881 0.461 0.560 0.490 0.060
0.330 1.130 0.110 0.000 0.000 0.000 0.000 0.000 0.000 0.000 0.000 0.189 0.079 0.249 0.469 0.419 0.038 0.268 0.048 0.407 0.000 0.000 0.000 0.000 0.000 0.000 0.000 0.000 0.000 0.000 0.000 0.000 0.000 0.000 0.000 0.303 0.000 0.808 0.246 0.074 0.454 0.804 0.161 0.849 0.628 0.565 0.349 0.044 0.165 0.444 0.264 0.124 0.844 0.754 0.000 0.192 0.402 0.502 0.131 0.000 0.242 0.000 0.561 0.291 0.591 0.491 0.301 0.571 0.691 0.651 0.731 0.661 0.761 0.290 1.040 0.570 0.460
0.490 1.190 0.610 0.000 0.000 0.000 0.000 0.000 0.000 0.000 0.000 0.320 0.240 0.359 0.000 0.359 0.329 0.119 0.219 0.138 0.048 0.000 0.000 0.000 0.000 0.000 0.000 0.000 0.000 0.000 0.000 0.000 0.000 0.000 0.513 0.603 0.228 0.391 0.419 0.628 0.677 0.756 0.475 0.621 0.669 0.457 0.000 0.184 0.514 0.934 0.344 0.894 1.064 0.444 0.042 0.561 0.461 0.421 0.371 0.000 0.121 0.000 0.000 0.000 0.000 0.000 0.000 0.000 0.000 0.000 0.000 0.000 0.000 0.270 0.000 0.000 0.000
0.189 0.679 0.480 0.000 0.000 0.188 0.178 0.307 0.617 0.766 0.041 0.531 0.540 0.419 0.369 0.399 0.069 0.359 0.559 0.329 0.000 0.000 0.000 0.000 0.000 0.000 0.000 0.000 0.000 0.000 0.000 0.000 0.136 0.126 0.683 0.113 0.408 0.445 0.172 0.261 0.581 0.540 0.359 1.105 0.312 0.020 0.000 0.000 0.133 0.003 0.123 0.000 0.000 0.000 0.000 0.161 0.641 0.311 0.561 0.711 0.721 0.671 0.731 0.641 0.741 0.740 0.580 0.700 0.720 0.640 0.680 0.790 0.990 0.560 0.060 0.040 0.000
0.460 0.330 0.000 0.000 0.000 0.000 0.000 0.109 0.497 0.646 0.612 0.293 0.420 0.359 0.249 0.199 0.369 0.339 0.000 0.000 0.000 0.000 0.000 0.000 0.000 0.000 0.000 0.000 0.000 0.000 0.000 0.000 0.247 0.326 0.265 0.265 0.421 0.210 0.108 0.636 0.835 0.765 0.484 0.453 0.000 0.000 0.000 0.643 0.873 0.423 0.553 0.033 0.000 0.000 0.000 0.000 0.000 0.091 0.231 0.071 0.241 0.101 0.000 0.000 0.090 0.070 0.000 0.180 0.060 0.050 0.000 0.100 0.000 0.280 0.000 0.000 0.211
0.271 0.462 0.000 0.000 0.010 0.180 0.140 0.725 0.522 0.318 0.833 1.221 0.000 0.539 0.409 0.269 0.289 0.159 0.000 0.000 0.000 0.000 0.000 0.000 0.000 0.000 0.000 0.000 0.000 0.000 0.000 0.000 0.277 0.277 0.477 0.487 0.324 0.603 0.692 0.458 0.737 0.727 0.647 0.746 0.000 0.000 0.693 0.253 0.133 0.000 0.000 0.000 0.000 0.000 0.000 0.000 0.000 0.000 0.000 0.191 0.081 0.000 0.290 0.710 0.920 0.950 1.040 1.160 1.210 1.140 1.150 1.080 0.920 0.260 0.170 0.031 0.221
0.000 0.694 0.554 0.000 0.340 0.019 0.413 0.687 0.853 0.631 0.520 0.280 0.000 0.010 0.299 0.249 0.000 0.000 0.000 0.000 0.000 0.000 0.000 0.000 0.000 0.000 0.000 0.000 0.000 0.000 0.000 0.000 0.025 0.469 0.479 0.667 0.626 0.824 0.112 0.939 0.819 0.689 0.779 0.000 0.000 0.000 0.000 0.693 0.242 0.492 0.652 0.572 0.091 0.071 0.151 0.361 0.181 0.091 0.221 0.101 0.041 0.010 0.140 0.130 0.070 0.110 0.310 0.670 0.660 0.970 1.050 1.000 0.890 0.000 0.980 0.441 0.061
0.474 0.734 0.514 0.186 0.103 0.426 0.222 0.319 0.091 0.005 0.863 0.446 0.000 0.191 0.081 0.309 0.000 0.000 0.000 0.000 0.000 0.000 0.000 0.000 0.000 0.000 0.000 0.000 0.000 0.000 0.000 0.000 0.296 0.289 0.453 0.300 0.866 0.384 0.803 0.581 0.770 0.830 0.870 0.230 0.000 0.000 0.000 0.000 0.000 0.000 0.000 0.000 0.000 0.031 0.000 0.471 0.241 0.381 0.061 0.091 0.051 0.000 0.056 0.000 0.000 0.540 0.820 0.660 0.780 0.660 0.280 0.930 0.590 0.000 0.731 0.351 0.260
0.376 0.186 0.000 0.411 0.188 0.482 0.480 0.296 0.451 0.000 0.102 0.293 0.699 0.168 0.376 0.000 0.000 0.000 0.000 0.000 0.000 0.000 0.000 0.000 0.000 0.000 0.000 0.000 0.000 0.000 0.000 0.008 0.333 0.357 0.330 0.436 0.418 0.455 0.683 0.923 0.453 0.432 0.582 0.000 0.000 0.000 0.000 0.000 0.000 0.000 0.000 0.000 0.000 0.000 0.000 0.000 0.371 0.081 0.000 0.231 0.000 0.354 0.044 0.124 0.000 0.000 0.000 0.470 1.150 1.040 0.350 1.010 0.000 0.251 0.541 0.081 0.280
0.391 0.501 0.082 0.422 0.622 0.710 0.338 0.597 0.855 0.655 0.483 0.112 1.062 0.061 0.091 0.000 0.000 0.000 0.000 0.000 0.000 0.000 0.000 0.000 0.000 0.000 0.000 0.000 0.353 0.513 0.000 0.341 0.308 0.254 0.217 0.353 0.000 0.173 0.246 0.546 0.546 0.236 0.635 0.000 0.000 0.000 0.000 0.000 0.000 0.000 0.000 0.000 0.000 0.000 0.000 0.000 0.000 0.000 0.000 0.000 0.000 0.000 0.000 0.000 0.000 0.000 0.000 0.010 0.400 0.630 0.340 0.000 0.151 0.081 0.221 0.021 0.320
0.613 0.353 0.554 0.564 1.204 0.563 0.603 0.542 0.210 0.427 0.327 0.000 0.510 0.030 0.026 0.000 0.000 0.000 0.000 0.000 0.000 0.000 0.000 0.000 0.000 0.000 0.000 0.000 0.363 0.142 0.217 0.680 0.558 0.170 0.144 0.270 0.000 0.223 0.088 0.379 0.730 0.610 0.608 0.000 0.000 0.111 0.341 0.301 0.341 0.801 0.761 0.601 0.041 0.611 0.000 0.000 0.000 0.000 0.000 0.000 0.000 0.000 0.000 0.000 0.000 0.000 0.000 0.000 0.000 0.000 0.000 0.071 0.361 0.010 0.101 0.290 0.210
0.844 0.774 1.065 0.925 0.854 0.824 0.684 0.604 0.735 0.242 0.541 0.089 0.390 0.126 0.004 0.002 0.000 0.000 0.000 0.000 0.000 0.000 0.000 0.000 0.000 0.000 0.000 0.095 0.683 0.282 0.369 0.597 0.476 0.355 0.223 0.379 0.224 0.625 0.232 0.182 0.644 0.594 0.000 0.391 0.321 0.451 0.171 0.101 0.141 0.201 0.451 0.331 0.441 0.211 0.111 0.391 0.000 0.000 0.000 0.000 0.000 0.000 0.000 0.000 0.000 0.000 0.000 0.000 0.000 0.000 0.000 0.000 0.000 0.000 0.000 0.000 0.000
1.244 0.000 0.665 0.895 0.716 0.126 0.707 0.146 0.706 0.386 0.364 0.000 0.350 0.227 0.157 0.000 0.000 0.000 0.000 0.000 0.000 0.000 0.000 0.000 0.000 0.000 0.003 0.337 0.305 0.144 0.293 0.633 0.493 0.362 0.224 0.370 0.192 0.752 0.166 0.037 0.481 0.480 0.030 0.341 0.341 0.261 0.471 0.271 0.561 0.000 0.481 0.251 0.511 0.511 0.271 0.351 0.011 0.081 0.000 0.000 0.000 0.000 0.000 0.000 0.000 0.000 0.000 0.000 0.000 0.000 0.000 0.000 0.000 0.000 0.000 0.000 0.000
1.034 1.085 1.306 0.916 0.467 0.777 1.068 0.798 0.767 0.767 0.465 0.467 0.474 0.000 0.000 0.000 0.000 0.000 0.000 0.000 0.000 0.000 0.000 0.000 0.000 0.000 0.205 0.135 0.000 0.189 0.212 0.543 0.434 0.334 0.240 0.269 0.345 0.485 0.453 0.124 0.476 0.406 0.170 0.381 0.641 0.411 0.151 0.291 0.101 0.000 0.381 0.011 0.331 0.041 0.261 0.181 0.221 0.311 0.031 0.000 0.000 0.000 0.000 0.000 0.000 0.000 0.000 0.000 0.000 0.000 0.000 0.000 0.000 0.000 0.000 0.000 0.000
0.735 0.055 1.066 0.936 0.517 1.008 1.018 0.268 0.858 0.318 0.829 0.236 0.078 0.354 0.174 0.000 0.000 0.000 0.000 0.000 0.000 0.000 0.000 0.000 0.000 0.000 0.000 0.656 0.397 0.000 0.171 0.452 0.671 0.581 0.350 0.364 0.298 0.371 0.574 0.632 0.569 0.095 0.401 0.511 0.251 0.521 0.591 0.161 0.000 0.000 0.191 0.241 0.000 0.000 0.000 0.261 0.000 0.101 0.000 0.000 0.000 0.000 0.000 0.000 0.000 0.000 0.000 0.000 0.000 0.000 0.000 0.000 0.000 0.000 0.000 0.000 0.000
0.975 1.096 1.036 0.277 0.227 1.098 0.808 0.178 0.658 0.000 0.889 0.239 0.000 0.006 0.000 0.000 0.000 0.000 0.000 0.000 0.000 0.000 0.000 0.000 0.000 0.000 0.000 0.080 0.082 0.000 0.088 0.447 0.430 0.430 0.519 0.533 0.563 0.561 0.414 0.752 0.799 0.134 0.461 0.000 0.000 0.000 0.061 0.000 0.000 0.000 0.131 0.141 0.261 0.000 0.171 0.171 0.000 0.000 0.000 0.000 0.000 0.000 0.000 0.000 0.000 0.000 0.000 0.000 0.000 0.000 0.000 0.000 0.000 0.000 0.000 0.000 0.000
0.356 0.917 1.087 1.108 1.328 1.198 0.718 0.829 0.869 0.639 0.929 0.419 0.000 0.000 0.000 0.000 0.000 0.000 0.000 0.000 0.167 0.631 0.629 0.000 0.000 0.186 1.003 1.121 1.139 0.579 0.297 1.297 0.000 0.349 0.959 0.421 0.583 0.878 0.665 0.091 0.246 0.261 0.000 0.000 0.000 0.000 0.000 0.000 0.000 0.000 0.000 0.000 0.000 0.000 0.000 0.000 0.000 0.000 0.000 0.000 0.000 0.000 0.097 0.465 0.405 0.474 0.555 0.605 0.785 0.565 0.924 0.136 0.116 0.000 0.112 0.000 0.000
0.107 0.328 1.048 0.348 1.098 1.128 1.049 0.839 0.719 0.659 0.939 0.249 0.000 0.000 0.000 0.000 0.951 0.051 0.000 0.785 0.623 1.151 1.298 1.265 1.242 1.378 1.345 1.591 1.559 0.970 0.357 0.907 1.694 0.620 0.707 1.457 0.000 0.328 0.492 0.197 0.248 0.091 0.000 0.000 0.000 0.000 0.000 0.000 0.000 0.000 0.000 0.000 0.000 0.000 0.000 0.000 0.563 0.962 1.052 0.851 0.991 1.012 0.992 1.112 1.152 1.012 0.883 0.244 0.853 0.873 0.863 1.102 1.811 2.251 1.231 2.341 2.241
1.189 1.219 1.239 0.489 0.219 1.229 0.579 0.839 0.339 1.449 0.879 0.520 0.041 0.171 0.341 0.941 1.031 1.260 1.390 1.107 0.853 0.992 1.208 1.175 1.222 1.318 1.406 1.193 0.559 1.210 0.000 0.765 1.234 0.802 0.909 1.008 0.817 0.664 0.342 0.167 0.000 0.061 0.000 0.000 0.000 0.000 0.000 0.000 0.000 0.000 0.339 0.908 0.487 1.176 2.085 1.384 1.853 1.902 1.941 1.720 1.220 1.741 1.591 1.781 1.971 1.591 1.721 1.801 1.181 1.851 0.811 1.010 1.300 0.720 1.520 1.130 1.410
0.999 1.079 1.049 0.870 1.090 0.470 0.790 0.580 0.391 0.371 0.281 1.231 1.281 1.331 1.291 1.381 1.191 1.260 1.170 0.000 0.891 0.496 1.278 1.305 1.273 0.810 0.696 0.934 0.000 0.159 0.916 0.995 0.894 0.882 0.930 0.919 0.798 0.585 0.319 0.000 0.000 0.000 0.000 0.000 0.000 0.000 0.000 1.000 1.409 1.999 1.488 1.878 1.957 1.836 1.105 1.004 1.563 1.801 1.620 1.859 1.799 1.260 1.240 1.440 1.320 1.159 0.939 0.809 1.139 0.769 0.849 1.169 1.409 2.468 1.848 1.509 1.449
1.160 0.550 0.320 0.230 0.841 0.661 0.881 0.631 1.481 1.121 1.391 1.221 1.371 1.341 1.321 1.441 1.301 1.370 1.360 0.106 0.801 0.846 1.210 0.656 0.933 0.982 0.000 0.000 0.867 0.907 1.086 0.865 0.804 0.973 0.731 0.749 0.678 0.306 0.000 0.000 0.000 0.000 0.000 0.002 0.962 1.311 1.561 1.780 1.709 1.209 1.088 0.558 0.397 0.000 0.115 0.113 0.113 0.113 0.641 0.641 0.641 0.118 0.643 0.642 0.937 1.467 1.187 1.357 1.217 1.128 0.537 1.337 1.417 2.237 1.577 1.627 1.417
0.641 0.661 1.221 1.101 1.271 1.411 1.061 1.421 1.401 1.241 1.311 1.301 1.341 1.351 1.451 1.601 1.371 1.310 1.080 1.058 0.793 0.826 0.841 0.586 0.064 0.000 0.519 0.888 0.897 0.877 0.906 0.915 0.945 0.844 0.652 0.000 0.000 0.000 0.000 0.000 0.177 0.245 0.984 1.633 1.772 1.772 1.221 0.420 0.117 0.112 0.111 0.111 0.112 0.113 0.112 2.167 2.127 2.167 2.197 2.017 0.642 0.642 0.000 0.640 0.640 0.640 0.640 0.640 0.656 0.876 0.816 0.995 0.665 0.715 1.575 1.666 1.216
1.061 1.541 0.451 0.771 1.491 1.311 1.361 1.411 1.331 1.511 1.401 1.521 1.341 1.381 1.401 1.351 1.381 1.040 1.300 1.199 0.000 0.625 0.671 0.567 0.003 0.445 0.661 0.779 0.977 0.837 0.876 0.896 0.975 0.604 0.063 0.000 0.000 0.000 0.745 0.000 0.797 0.596 0.000 0.000 0.000 0.114 0.111 0.110 0.110 2.676 3.106 3.416 3.546 3.506 3.416 3.486 3.426 3.496 3.406 3.476 3.256 3.226 3.306 3.316 3.196 3.207 2.567 0.641 0.641 0.641 0.639 1.244 2.684 1.394 1.274 1.584 0.844
1.481 1.631 1.221 1.421 1.541 1.311 1.421 1.391 1.391 1.471 1.251 1.351 1.381 1.391 1.381 1.371 1.681 0.441 0.980 0.339 0.000 0.064 0.099 0.458 0.146 0.519 0.713 0.899 0.948 0.867 0.876 0.756 0.855 0.215 0.000 0.000 0.000 0.000 0.552 0.000 0.000 0.088 0.101 0.108 0.111 0.110 3.295 3.445 3.425 3.455 3.485 3.565 3.645 3.755 3.645 3.695 3.425 3.515 3.575 3.625 3.475 3.455 3.495 3.466 3.506 3.386 3.386 3.106 2.777 1.897 0.641 0.639 1.033 0.633 0.713 1.862 0.802
1.381 1.511 1.391 1.421 1.351 1.531 0.981 1.351 1.491 1.561 1.571 1.321 1.401 1.601 1.371 0.811 1.431 1.191 0.006 0.000 0.075 0.000 0.081 0.849 0.585 0.907 0.726 0.830 0.818 0.697 0.836 0.566 0.077 0.000 0.000 0.221 0.960 0.121 0.466 0.464 0.111 0.106 2.465 3.085 3.415 3.565 3.445 3.525 3.605 3.475 3.684 3.644 3.724 3.664 3.774 3.664 3.724 3.814 3.624 3.734 3.654 3.564 3.575 3.595 3.475 3.505 3.455 3.406 3.336 3.136 2.516 0.640 0.639 0.639 0.638 0.637 0.652
1.271 1.321 1.431 1.231 1.361 1.341 1.371 1.341 1.401 1.551 1.401 1.511 1.371 1.471 1.291 1.231 1.431 0.391 0.003 0.000 0.695 0.000 0.000 0.000 0.778 0.681 0.490 0.351 0.678 0.627 0.140 0.129 0.138 0.859 0.791 0.196 0.465 0.464 0.463 2.295 2.905 3.324 3.304 3.504 3.604 3.434 3.624 3.774 3.614 3.813 3.683 3.743 3.963 3.903 3.793 3.733 3.733 3.813 3.813 3.653 3.683 3.823 3.604 3.644 3.694 3.584 3.425 3.435 3.425 3.235 3.256 3.166 1.916 2.916 2.647 0.639 0.638
1.381 1.351 1.301 1.291 1.431 1.231 1.491 1.471 1.441 1.531 1.421 0.271 1.271 1.361 1.381 1.441 1.471 1.601 0.661 0.000 0.214 0.015 0.299 0.000 0.770 0.580 0.000 0.000 0.467 0.000 0.183 1.056 0.769 0.000 0.458 0.461 0.462 2.485 3.324 3.374 3.444 3.494 3.594 3.623 3.543 3.763 3.713 3.883 3.843 3.892 3.802 3.802 3.922 3.982 3.952 3.822 3.802 3.922 3.882 3.782 3.892 3.993 3.917 3.743 3.783 3.753 3.544 3.524 3.374 3.275 3.235 3.075 3.125 2.706 2.956 2.916 2.487
1.441 1.311 1.301 1.631 1.421 1.411 1.391 1.531 1.311 1.381 1.391 1.531 1.301 1.321 1.341 1.421 1.481 1.331 0.991 0.141 0.854 0.042 0.038 1.096 0.803 0.623 0.000 0.000 0.692 1.050 0.820 0.000 0.431 0.454 0.458 2.674 3.174 3.254 3.384 3.403 3.513 3.643 3.513 3.842 3.732 3.792 3.772 3.812 3.892 3.861 3.821 3.831 3.741 3.801 3.961 3.901 3.951 3.981 3.871 4.031 3.861 3.732 3.622 3.392 3.952 3.722 3.633 3.473 3.483 3.344 3.194 3.164 3.195 3.055 2.985 2.736 2.606
