includes/camargue/floodfiles/results/res.max
ncols         906
nrows         631
xllcorner     362177.146667
yllcorner     6534725.688020
cellsize      20.000000
NODATA_value  -9999.000000
[rows 510 to 543 of 631, columns 0 to 76 of 906]
7.575 7.467 7.359 7.251 7.034 6.811 6.960 7.087 7.201 7.315 7.429 7.544 7.658 7.772 7.887 8.001 8.115 8.101 8.069 8.038 8.007 7.975 7.983 8.010 8.036 8.063 8.059 8.015 7.971 7.926 7.882 7.838 7.794 7.749 7.732 7.768 7.797 7.826 7.855 7.897 7.960 8.024 8.087 8.150 8.213 8.339 8.496 8.689 8.882 9.075 9.268 9.461 9.654 9.846 10.020 10.190 10.360 10.530 10.654 10.766 10.878 10.990 11.102 11.048 10.934 10.819 10.705 10.591 10.476 10.324 10.078 9.832 9.685 9.597 9.510 9.422 9.335
7.816 7.707 7.599 7.352 7.062 6.802 6.951 7.100 7.240 7.354 7.469 7.583 7.697 7.812 7.926 8.040 8.144 8.113 8.081 8.050 8.018 7.987 7.956 7.958 7.985 8.011 7.989 7.945 7.900 7.856 7.812 7.767 7.723 7.679 7.637 7.650 7.713 7.776 7.840 7.903 7.966 8.029 8.092 8.155 8.237 8.363 8.489 8.646 8.839 9.032 9.225 9.418 9.611 9.800 9.970 10.140 10.310 10.480 10.650 10.773 10.885 10.997 11.098 10.983 10.869 10.755 10.640 10.526 10.412 10.297 10.142 9.896 9.797 9.709 9.622 9.535 9.436
8.056 7.948 7.670 7.380 7.090 6.800 6.942 7.091 7.239 7.388 7.508 7.622 7.736 7.851 7.965 8.079 8.156 8.125 8.093 8.062 8.030 7.999 7.968 7.936 7.933 7.959 7.918 7.874 7.830 7.785 7.753 7.738 7.722 7.707 7.691 7.694 7.719 7.782 7.845 7.908 7.971 8.034 8.097 8.161 8.260 8.386 8.512 8.638 8.796 8.989 9.182 9.375 9.567 9.750 9.920 10.090 10.260 10.430 10.600 10.770 10.892 11.004 11.033 10.919 10.805 10.690 10.576 10.462 10.347 10.233 10.119 9.997 9.886 9.772 9.657 9.543 9.429
8.279 7.989 7.699 7.408 7.118 6.828 6.933 7.082 7.230 7.379 7.527 7.661 7.775 7.890 8.004 8.118 8.168 8.137 8.105 8.074 8.043 8.011 7.980 7.948 7.917 7.892 7.869 7.854 7.838 7.823 7.807 7.792 7.777 7.761 7.747 7.755 7.762 7.787 7.850 7.913 7.976 8.040 8.103 8.166 8.284 8.410 8.536 8.662 8.788 8.946 9.139 9.331 9.524 9.700 9.870 10.040 10.210 10.380 10.550 10.720 10.889 11.011 10.969 10.855 10.740 10.626 10.524 10.472 10.420 10.368 10.316 10.120 9.879 9.765 9.651 9.537 9.422
8.307 8.017 7.727 7.436 7.146 6.856 6.924 7.073 7.222 7.370 7.519 7.667 7.814 7.929 8.043 8.157 8.180 8.149 8.117 8.086 8.054 8.023 7.994 7.989 7.984 7.961 7.924 7.908 7.893 7.877 7.862 7.847 7.831 7.816 7.808 7.815 7.823 7.831 7.855 7.919 7.982 8.045 8.108 8.182 8.307 8.433 8.559 8.685 8.811 8.937 9.095 9.288 9.480 9.650 9.820 9.990 10.160 10.330 10.500 10.670 10.839 11.016 11.003 10.951 10.899 10.847 10.795 10.743 10.692 10.640 10.588 10.306 10.001 9.758 9.644 9.530 9.416
8.335 8.045 7.755 7.464 7.174 6.884 6.916 7.064 7.213 7.361 7.510 7.658 7.807 7.955 8.082 8.196 8.192 8.161 8.129 8.106 8.101 8.097 8.091 8.086 8.081 8.050 8.002 7.963 7.947 7.932 7.916 7.901 7.886 7.870 7.869 7.876 7.884 7.892 7.900 7.924 7.987 8.050 8.113 8.205 8.331 8.457 8.583 8.709 8.835 8.961 9.087 9.245 9.430 9.600 9.770 9.940 10.114 10.298 10.481 10.664 10.848 11.038 11.243 11.222 11.170 11.119 11.067 11.015 10.963 10.911 10.796 10.492 10.187 9.882 9.637 9.523 9.409
8.363 8.073 7.783 7.493 7.202 6.912 6.907 7.055 7.204 7.352 7.501 7.649 7.798 7.947 8.095 8.235 8.218 8.213 8.209 8.204 8.199 8.194 8.189 8.184 8.179 8.139 8.091 8.043 8.002 7.986 7.971 7.956 7.940 7.925 7.929 7.937 7.945 7.953 7.960 7.968 7.992 8.056 8.119 8.229 8.355 8.481 8.606 8.732 8.858 8.984 9.110 9.235 9.396 9.579 9.762 9.946 10.129 10.313 10.496 10.679 10.863 11.059 11.264 11.469 11.442 11.390 11.338 11.286 11.234 11.182 10.982 10.678 10.373 10.068 9.764 9.516 9.402
8.391 8.101 7.811 7.520 7.230 6.940 6.898 7.047 7.195 7.344 7.492 7.641 7.789 7.938 8.086 8.232 8.308 8.311 8.306 8.301 8.296 8.291 8.286 8.281 8.275 8.227 8.180 8.132 8.085 8.041 8.025 8.010 7.995 7.983 7.990 7.998 8.006 8.013 8.021 8.029 8.037 8.061 8.126 8.252 8.378 8.504 8.630 8.748 8.863 8.978 9.093 9.209 9.401 9.594 9.777 9.961 10.144 10.328 10.511 10.694 10.878 11.080 11.286 11.490 11.695 11.661 11.609 11.558 11.506 11.454 11.168 10.864 10.559 10.254 9.950 9.645 9.395
8.419 8.129 7.839 7.548 7.258 6.969 6.889 7.038 7.186 7.335 7.483 7.632 7.780 7.929 8.078 8.222 8.298 8.374 8.403 8.398 8.393 8.388 8.383 8.378 8.364 8.316 8.269 8.221 8.173 8.126 8.080 8.064 8.049 8.043 8.051 8.059 8.066 8.074 8.082 8.090 8.097 8.105 8.145 8.260 8.376 8.491 8.606 8.721 8.837 8.952 9.067 9.198 9.399 9.599 9.792 9.976 10.159 10.343 10.526 10.709 10.897 11.102 11.307 11.512 11.717 11.922 11.881 11.829 11.777 11.659 11.354 11.049 10.745 10.440 10.135 9.831 9.526
8.431 8.157 7.867 7.577 7.287 6.996 6.880 7.029 7.177 7.326 7.474 7.623 7.772 7.921 8.069 8.212 8.288 8.364 8.440 8.495 8.490 8.485 8.480 8.475 8.452 8.405 8.357 8.310 8.262 8.214 8.167 8.119 8.104 8.104 8.112 8.120 8.127 8.132 8.129 8.126 8.123 8.120 8.157 8.234 8.349 8.465 8.580 8.695 8.810 8.926 9.041 9.195 9.396 9.596 9.797 9.991 10.174 10.358 10.541 10.724 10.918 11.123 11.329 11.533 11.738 11.943 12.148 12.100 12.048 11.844 11.540 11.235 10.931 10.626 10.321 10.017 9.712
8.288 8.062 7.836 7.605 7.315 7.025 6.871 7.020 7.168 7.317 7.466 7.615 7.763 7.912 8.061 8.202 8.278 8.354 8.430 8.506 8.582 8.582 8.577 8.572 8.541 8.494 8.446 8.398 8.351 8.303 8.255 8.208 8.159 8.154 8.150 8.148 8.145 8.142 8.139 8.136 8.133 8.130 8.185 8.246 8.323 8.438 8.554 8.669 8.784 8.899 9.015 9.193 9.393 9.594 9.794 9.995 10.189 10.372 10.556 10.739 10.940 11.145 11.350 11.555 11.760 11.965 12.170 12.371 12.320 12.030 11.726 11.421 11.116 10.812 10.507 10.221 9.959
8.145 7.920 7.694 7.468 7.242 7.016 6.863 7.011 7.160 7.309 7.457 7.606 7.755 7.903 8.052 8.192 8.268 8.344 8.420 8.496 8.572 8.648 8.675 8.669 8.630 8.582 8.535 8.487 8.437 8.374 8.312 8.249 8.195 8.163 8.160 8.157 8.154 8.151 8.148 8.145 8.142 8.153 8.213 8.274 8.335 8.412 8.527 8.643 8.758 8.873 8.989 9.190 9.391 9.591 9.792 9.992 10.193 10.387 10.571 10.756 10.961 11.166 11.371 11.576 11.781 11.986 12.191 12.395 12.594 12.333 12.071 11.809 11.547 11.285 11.023 10.761 10.500
8.003 7.777 7.551 7.325 7.099 6.922 6.857 7.004 7.151 7.300 7.449 7.597 7.746 7.895 8.043 8.182 8.258 8.334 8.410 8.486 8.562 8.638 8.714 8.766 8.714 8.651 8.589 8.526 8.464 8.401 8.338 8.276 8.231 8.200 8.169 8.166 8.163 8.160 8.157 8.154 8.151 8.181 8.242 8.303 8.363 8.424 8.501 8.617 8.732 8.847 8.987 9.187 9.388 9.588 9.789 9.990 10.190 10.391 10.586 10.778 10.983 11.188 11.391 11.584 11.777 11.970 12.163 12.356 12.671 12.873 12.612 12.350 12.088 11.826 11.564 11.302 11.040
7.860 7.634 7.408 7.182 7.036 6.950 6.865 6.999 7.146 7.292 7.440 7.589 7.737 7.886 8.035 8.172 8.249 8.325 8.401 8.476 8.552 8.628 8.746 8.830 8.741 8.678 8.616 8.553 8.491 8.428 8.365 8.303 8.268 8.236 8.205 8.175 8.172 8.169 8.166 8.163 8.160 8.209 8.270 8.331 8.391 8.452 8.513 8.590 8.706 8.821 8.984 9.185 9.385 9.586 9.786 9.987 10.187 10.388 10.554 10.773 10.966 11.159 11.352 11.545 11.738 11.931 12.124 12.317 12.700 13.085 13.152 12.891 12.629 12.367 12.105 11.843 11.581
7.717 7.491 7.266 7.150 7.064 6.979 6.894 6.995 7.141 7.288 7.434 7.581 7.729 7.878 8.026 8.163 8.239 8.315 8.391 8.474 8.597 8.720 8.843 8.892 8.795 8.705 8.643 8.580 8.518 8.455 8.392 8.335 8.304 8.272 8.241 8.209 8.181 8.179 8.176 8.172 8.176 8.237 8.298 8.359 8.420 8.481 8.541 8.602 8.679 8.795 8.981 9.182 9.382 9.583 9.754 9.912 10.070 10.228 10.385 10.661 10.927 11.120 11.313 11.506 11.699 11.892 12.085 12.345 12.730 13.114 13.499 13.431 13.170 12.908 12.646 12.384 11.980
7.575 7.349 7.264 7.179 7.093 7.008 6.922 6.990 7.137 7.284 7.430 7.577 7.723 7.869 8.018 8.153 8.229 8.324 8.447 8.570 8.693 8.816 8.939 8.953 8.856 8.760 8.670 8.607 8.545 8.482 8.419 8.372 8.340 8.309 8.277 8.246 8.214 8.188 8.185 8.182 8.204 8.265 8.326 8.387 8.448 8.509 8.570 8.630 8.691 8.778 8.954 9.112 9.270 9.428 9.586 9.744 9.901 10.059 10.235 10.523 10.810 11.081 11.274 11.467 11.660 11.853 12.046 12.375 12.759 13.144 13.528 13.913 13.711 13.449 13.187 12.925 12.287
7.464 7.378 7.293 7.207 7.122 7.037 6.951 6.986 7.133 7.279 7.426 7.572 7.719 7.865 8.012 8.160 8.298 8.421 8.544 8.667 8.789 8.913 9.035 9.014 8.918 8.821 8.725 8.634 8.572 8.509 8.446 8.408 8.377 8.345 8.314 8.282 8.251 8.219 8.194 8.191 8.233 8.293 8.354 8.415 8.476 8.531 8.567 8.603 8.639 8.691 8.786 8.944 9.101 9.259 9.417 9.575 9.733 9.891 10.096 10.384 10.672 10.959 11.235 11.428 11.621 11.814 12.020 12.404 12.789 13.173 13.558 13.942 14.251 13.989 13.728 13.247 12.595
7.492 7.407 7.321 7.236 7.150 7.065 6.980 6.982 7.128 7.275 7.421 7.568 7.714 7.861 7.988 8.115 8.314 8.513 8.640 8.763 8.886 9.009 9.132 9.076 8.979 8.883 8.786 8.690 8.599 8.536 8.476 8.445 8.413 8.382 8.350 8.319 8.287 8.256 8.224 8.200 8.260 8.296 8.332 8.368 8.404 8.440 8.476 8.512 8.547 8.611 8.694 8.777 8.933 9.091 9.249 9.407 9.565 9.723 9.958 10.245 10.533 10.820 11.108 11.389 11.582 11.775 12.049 12.434 12.818 13.203 13.587 13.972 14.356 14.530 14.206 13.555 12.903
7.521 7.435 7.350 7.265 7.179 7.094 7.008 6.977 7.124 7.270 7.417 7.563 7.702 7.828 7.954 8.080 8.269 8.468 8.667 8.859 8.982 9.105 9.228 9.137 9.041 8.944 8.848 8.751 8.654 8.563 8.513 8.481 8.450 8.418 8.380 8.338 8.296 8.253 8.211 8.174 8.169 8.205 8.241 8.277 8.313 8.348 8.384 8.420 8.456 8.531 8.614 8.697 8.780 8.923 9.081 9.239 9.397 9.555 9.819 10.106 10.394 10.682 10.969 11.257 11.543 11.736 12.078 12.463 12.847 13.232 13.616 14.001 14.385 14.752 14.537 13.863 13.211
7.493 7.442 7.379 7.293 7.208 7.123 7.037 6.973 7.119 7.266 7.412 7.543 7.669 7.795 7.921 8.046 8.224 8.423 8.622 8.821 9.020 9.202 9.295 9.199 9.102 9.006 8.909 8.809 8.709 8.609 8.510 8.467 8.425 8.383 8.340 8.298 8.256 8.213 8.171 8.140 8.111 8.113 8.149 8.185 8.221 8.257 8.293 8.329 8.368 8.451 8.534 8.617 8.699 8.782 8.913 9.071 9.228 9.393 9.680 9.968 10.255 10.543 10.830 11.118 11.405 11.700 12.070 12.437 12.803 13.170 13.537 13.904 14.270 14.693 15.088 14.411 13.734
7.429 7.379 7.328 7.277 7.226 7.151 7.066 6.981 7.115 7.257 7.383 7.509 7.635 7.761 7.887 8.013 8.179 8.378 8.577 8.776 8.975 9.174 9.336 9.244 9.144 9.044 8.944 8.844 8.744 8.638 8.514 8.428 8.385 8.343 8.301 8.258 8.216 8.174 8.134 8.105 8.077 8.048 8.058 8.094 8.130 8.166 8.201 8.237 8.288 8.370 8.453 8.536 8.619 8.702 8.785 8.902 9.060 9.254 9.541 9.829 10.117 10.404 10.672 10.930 11.188 11.498 11.949 12.321 12.688 13.054 13.421 13.788 14.155 14.676 15.212 14.962 14.285
7.366 7.315 7.264 7.213 7.163 7.112 7.061 7.009 7.097 7.223 7.349 7.475 7.601 7.727 7.853 7.979 8.133 8.333 8.532 8.731 8.930 9.089 9.236 9.279 9.179 9.079 8.979 8.880 8.780 8.662 8.538 8.415 8.345 8.303 8.260 8.218 8.176 8.134 8.100 8.071 8.042 8.014 7.985 8.002 8.038 8.074 8.110 8.146 8.207 8.290 8.373 8.456 8.539 8.622 8.705 8.788 8.892 9.115 9.403 9.665 9.923 10.182 10.440 10.698 10.956 11.297 11.748 12.198 12.572 12.939 13.306 13.672 14.122 14.658 15.195 15.513 14.836
7.302 7.251 7.201 7.150 7.099 7.049 6.997 6.933 7.023 7.177 7.315 7.441 7.567 7.693 7.819 7.945 8.088 8.288 8.487 8.686 8.841 8.988 9.135 9.282 9.214 9.115 9.015 8.915 8.809 8.685 8.562 8.438 8.315 8.263 8.221 8.178 8.136 8.094 8.065 8.037 8.008 7.980 7.951 7.922 7.947 7.983 8.019 8.054 8.127 8.210 8.293 8.376 8.459 8.542 8.624 8.707 8.784 8.918 9.175 9.433 9.692 9.950 10.208 10.466 10.724 11.096 11.547 11.997 12.448 12.823 13.190 13.569 14.105 14.640 15.177 15.713 15.387
7.239 7.188 7.137 7.086 7.036 6.978 6.915 6.851 6.921 7.075 7.229 7.383 7.534 7.660 7.786 7.911 8.043 8.242 8.442 8.593 8.740 8.888 9.035 9.182 9.250 9.150 9.050 8.950 8.833 8.709 8.586 8.462 8.338 8.223 8.181 8.138 8.096 8.059 8.031 8.002 7.974 7.945 7.917 7.888 7.859 7.891 7.927 7.964 8.047 8.130 8.213 8.296 8.379 8.460 8.534 8.609 8.684 8.821 8.987 9.201 9.460 9.718 9.976 10.234 10.492 10.895 11.345 11.796 12.246 12.697 13.075 13.551 14.087 14.624 15.159 15.695 15.938
7.175 7.124 7.074 7.023 6.960 6.896 6.833 6.769 6.819 6.973 7.127 7.281 7.435 7.589 7.743 7.878 8.004 8.197 8.345 8.493 8.640 8.787 8.934 9.081 9.229 9.185 9.085 8.980 8.856 8.733 8.609 8.486 8.362 8.239 8.141 8.098 8.056 8.025 7.997 7.968 7.939 7.911 7.882 7.854 7.825 7.800 7.836 7.884 7.967 8.050 8.133 8.210 8.284 8.359 8.434 8.509 8.583 8.723 8.889 9.055 9.227 9.486 9.744 10.002 10.261 10.694 11.144 11.595 12.045 12.496 12.894 13.534 14.070 14.606 15.142 15.678 16.213
7.344 7.061 7.005 6.941 6.878 6.814 6.751 6.687 6.717 6.871 7.025 7.179 7.333 7.487 7.641 7.795 7.962 8.124 8.245 8.392 8.539 8.686 8.834 8.981 9.128 9.220 9.120 9.003 8.880 8.756 8.633 8.509 8.386 8.262 8.139 8.058 8.019 7.991 7.962 7.934 7.905 7.877 7.848 7.819 7.791 7.762 7.744 7.804 7.885 7.960 8.034 8.109 8.184 8.258 8.333 8.408 8.483 8.626 8.792 8.958 9.124 9.290 9.512 9.770 10.042 10.493 10.943 11.394 11.748 12.084 12.420 13.037 13.678 14.319 14.959 15.600 16.196
7.482 6.987 6.923 6.859 6.796 6.732 6.669 6.605 6.614 6.769 6.922 7.077 7.231 7.385 7.539 7.733 8.072 8.326 8.419 8.512 8.604 8.697 8.790 8.883 9.028 9.175 9.150 9.027 8.904 8.780 8.656 8.533 8.409 8.286 8.162 8.039 7.985 7.956 7.928 7.901 7.872 7.845 7.817 7.789 7.761 7.733 7.705 7.713 7.785 7.859 7.934 8.009 8.083 8.158 8.233 8.307 8.382 8.528 8.694 8.861 9.027 9.193 9.359 9.538 9.841 10.284 10.620 10.956 11.292 11.629 11.965 12.540 13.181 13.822 14.462 15.103 15.739
7.503 7.183 6.878 6.777 6.714 6.650 6.587 6.523 6.512 6.666 6.820 6.974 7.128 7.282 7.504 7.844 8.183 8.523 8.621 8.714 8.806 8.899 8.992 9.085 9.178 9.270 9.207 9.086 8.964 8.843 8.722 8.600 8.479 8.358 8.236 8.113 7.965 7.936 7.908 7.880 7.852 7.824 7.796 7.768 7.740 7.712 7.664 7.647 7.704 7.761 7.833 7.908 7.983 8.057 8.132 8.207 8.281 8.431 8.597 8.763 8.929 9.095 9.261 9.417 9.551 9.828 10.165 10.501 10.837 11.173 11.509 12.043 12.684 13.325 13.965 14.586 15.153
7.714 7.409 7.104 6.799 6.632 6.568 6.504 6.441 6.410 6.564 6.718 6.872 7.026 7.275 7.615 7.954 8.294 8.633 8.823 8.916 9.008 9.101 9.194 9.287 9.380 9.359 9.272 9.167 9.046 8.925 8.804 8.682 8.561 8.440 8.318 8.184 8.036 7.915 7.888 7.860 7.832 7.804 7.776 7.748 7.720 7.677 7.623 7.582 7.639 7.696 7.752 7.809 7.882 7.957 8.031 8.106 8.181 8.333 8.500 8.666 8.832 8.993 9.090 9.188 9.317 9.538 9.758 10.045 10.381 10.717 11.053 11.546 12.187 12.828 13.434 14.000 14.566
7.939 7.634 7.330 7.025 6.720 6.486 6.422 6.359 6.308 6.462 6.616 6.770 7.046 7.386 7.725 8.065 8.404 8.744 9.025 9.118 9.211 9.304 9.396 9.489 9.507 9.420 9.333 9.246 9.128 9.007 8.886 8.764 8.643 8.522 8.400 8.254 8.106 7.958 7.867 7.839 7.811 7.783 7.755 7.727 7.689 7.635 7.581 7.528 7.574 7.630 7.687 7.744 7.801 7.857 7.931 8.006 8.080 8.236 8.402 8.568 8.666 8.764 8.862 8.959 9.083 9.303 9.524 9.745 9.965 10.262 10.598 11.049 11.690 12.281 12.848 13.414 13.981
8.165 7.860 7.555 7.250 6.945 6.641 6.340 6.277 6.213 6.359 6.514 6.817 7.157 7.496 7.836 8.175 8.515 8.854 9.193 9.320 9.413 9.506 9.599 9.656 9.569 9.482 9.395 9.308 9.210 9.089 8.967 8.846 8.725 8.603 8.473 8.325 8.177 8.029 7.881 7.819 7.791 7.763 7.735 7.702 7.648 7.594 7.540 7.486 7.508 7.565 7.622 7.679 7.735 7.792 7.849 7.905 7.980 8.139 8.242 8.339 8.437 8.535 8.633 8.730 8.848 9.069 9.289 9.510 9.731 9.951 10.172 10.553 11.129 11.695 12.262 12.828 13.394
8.390 8.085 7.780 7.476 7.171 6.866 6.561 6.256 6.131 6.257 6.588 6.928 7.267 7.607 7.946 8.286 8.625 8.965 9.304 9.522 9.615 9.708 9.801 9.717 9.630 9.543 9.456 9.369 9.282 9.171 9.049 8.928 8.807 8.685 8.544 8.396 8.247 8.099 7.951 7.803 7.770 7.742 7.714 7.660 7.607 7.553 7.499 7.445 7.443 7.500 7.557 7.613 7.670 7.727 7.784 7.840 7.879 7.917 8.013 8.111 8.208 8.306 8.404 8.501 8.614 8.834 9.055 9.276 9.496 9.717 9.918 10.133 10.599 11.109 11.676 12.242 12.808
8.616 8.311 8.006 7.701 7.396 7.091 6.787 6.446 6.090 6.326 6.699 7.038 7.378 7.717 8.057 8.396 8.736 9.075 9.415 9.724 9.817 9.910 9.866 9.779 9.692 9.605 9.518 9.431 9.343 9.253 9.131 9.010 8.889 8.762 8.614 8.466 8.318 8.170 8.022 7.874 7.750 7.722 7.673 7.619 7.565 7.512 7.458 7.404 7.378 7.435 7.491 7.548 7.605 7.662 7.717 7.744 7.770 7.807 7.847 7.887 7.979 8.077 8.175 8.272 8.379 8.600 8.821 9.041 9.260 9.432 9.603 9.794 10.260 10.726 11.191 11.657 12.222
8.794 8.438 8.081 7.725 7.368 7.012 6.656 6.299 6.082 6.108 6.513 6.919 7.325 7.731 8.137 8.507 8.846 9.186 9.525 9.864 10.019 10.014 9.927 9.840 9.753 9.666 9.579 9.492 9.405 9.318 9.213 9.092 8.971 8.833 8.685 8.537 8.388 8.240 8.092 7.944 7.796 7.686 7.632 7.578 7.524 7.470 7.416 7.362 7.313 7.369 7.426 7.483 7.540 7.582 7.609 7.636 7.662 7.697 7.737 7.777 7.817 7.858 7.946 8.044 8.145 8.366 8.586 8.773 8.945 9.117 9.288 9.460 9.921 10.387 10.853 11.318 11.784
