includes/camargue/floodfiles/results/res.max
ncols         906
nrows         631
xllcorner     362177.146667
yllcorner     6534725.688020
cellsize      20.000000
NODATA_value  -9999.000000
[rows 544 to 577 of 631, columns 308 to 384 of 906]
9.288 9.189 9.090 8.991 8.879 8.710 8.541 8.371 8.202 8.033 7.863 7.694 7.525 7.356 7.186 7.017 6.848 6.679 6.509 6.612 6.733 6.854 6.976 7.097 7.218 7.339 7.461 7.582 7.703 7.825 7.946 8.067 8.189 8.273 8.208 8.143 8.078 7.850 7.613 7.376 7.139 6.902 6.665 6.428 6.191 5.954 5.716 5.516 5.504 5.492 5.479 5.467 5.455 5.442 5.427 5.406 5.385 5.364 5.343 5.322 5.301 5.292 5.286 5.280 5.275 5.269 5.263 5.258 5.252 5.246 5.240 5.235 5.229 5.230 5.227 5.215 5.203
9.337 9.239 9.140 9.041 8.942 8.776 8.607 8.437 8.268 8.099 7.929 7.760 7.591 7.421 7.252 7.083 6.914 6.745 6.562 6.552 6.725 6.899 7.072 7.246 7.420 7.548 7.670 7.791 7.912 8.034 8.155 8.276 8.398 8.519 8.488 8.423 8.221 7.984 7.747 7.510 7.273 7.036 6.799 6.562 6.325 6.088 5.851 5.614 5.561 5.548 5.536 5.524 5.511 5.496 5.475 5.454 5.433 5.412 5.391 5.370 5.349 5.336 5.330 5.325 5.319 5.313 5.308 5.302 5.296 5.290 5.285 5.279 5.280 5.281 5.282 5.270 5.257
9.387 9.288 9.190 9.091 8.992 8.842 8.672 8.503 8.334 8.164 7.995 7.826 7.657 7.487 7.318 7.149 6.980 6.800 6.615 6.458 6.631 6.805 6.979 7.152 7.326 7.499 7.673 7.847 8.020 8.194 8.364 8.485 8.607 8.728 8.767 8.593 8.356 8.119 7.882 7.645 7.408 7.171 6.934 6.697 6.460 6.223 5.986 5.749 5.617 5.605 5.593 5.580 5.566 5.545 5.524 5.503 5.482 5.461 5.440 5.419 5.398 5.381 5.375 5.369 5.363 5.358 5.352 5.346 5.341 5.335 5.329 5.331 5.332 5.333 5.334 5.324 5.312
9.437 9.338 9.239 9.141 9.042 8.908 8.738 8.569 8.400 8.230 8.061 7.892 7.723 7.553 7.384 7.215 7.038 6.852 6.667 6.481 6.537 6.711 6.885 7.058 7.232 7.406 7.579 7.753 7.927 8.100 8.274 8.448 8.621 8.795 8.936 8.716 8.491 8.254 8.017 7.779 7.542 7.305 7.068 6.831 6.594 6.357 6.120 5.883 5.674 5.662 5.649 5.635 5.614 5.593 5.572 5.551 5.530 5.509 5.488 5.467 5.446 5.425 5.419 5.413 5.408 5.402 5.396 5.391 5.385 5.380 5.381 5.382 5.383 5.384 5.385 5.379 5.367
9.487 9.388 9.289 9.190 9.092 8.974 8.804 8.635 8.466 8.296 8.127 7.958 7.789 7.619 7.450 7.276 7.090 6.904 6.719 6.533 6.443 6.617 6.791 6.964 7.138 7.312 7.485 7.659 7.833 8.006 8.180 8.354 8.527 8.694 8.835 8.753 8.533 8.313 8.093 7.873 7.653 7.434 7.203 6.966 6.729 6.492 6.255 6.018 5.781 5.718 5.705 5.684 5.663 5.642 5.621 5.600 5.579 5.558 5.537 5.516 5.495 5.474 5.464 5.458 5.452 5.446 5.441 5.435 5.430 5.431 5.432 5.433 5.434 5.435 5.436 5.434 5.421
9.536 9.438 9.339 9.240 9.141 9.040 8.870 8.701 8.532 8.362 8.193 8.024 7.854 7.685 7.513 7.328 7.142 6.957 6.771 6.586 6.400 6.523 6.697 6.870 7.044 7.218 7.392 7.565 7.739 7.913 8.086 8.260 8.434 8.575 8.716 8.789 8.569 8.349 8.129 7.910 7.690 7.470 7.250 7.030 6.811 6.591 6.371 6.151 5.915 5.774 5.753 5.732 5.711 5.690 5.669 5.648 5.627 5.606 5.586 5.565 5.544 5.523 5.508 5.502 5.496 5.491 5.485 5.481 5.482 5.483 5.484 5.485 5.486 5.487 5.488 5.488 5.476
9.586 9.487 9.388 9.290 9.191 9.092 8.936 8.767 8.598 8.428 8.259 8.090 7.920 7.751 7.565 7.380 7.194 7.009 6.823 6.638 6.452 6.429 6.603 6.777 6.950 7.124 7.298 7.471 7.645 7.819 7.992 8.166 8.315 8.456 8.597 8.738 8.606 8.386 8.166 7.946 7.726 7.506 7.287 7.067 6.847 6.627 6.408 6.188 5.968 5.821 5.801 5.781 5.760 5.739 5.718 5.697 5.676 5.655 5.634 5.613 5.592 5.571 5.552 5.547 5.541 5.535 5.531 5.532 5.533 5.534 5.535 5.536 5.537 5.538 5.539 5.540 5.531
9.636 9.537 9.438 9.339 9.241 9.142 9.002 8.833 8.664 8.494 8.325 8.156 7.986 7.803 7.618 7.432 7.246 7.061 6.875 6.690 6.504 6.335 6.509 6.683 6.856 7.030 7.204 7.378 7.551 7.725 7.898 8.055 8.196 8.337 8.478 8.619 8.642 8.422 8.202 7.983 7.763 7.543 7.323 7.103 6.884 6.664 6.444 6.224 6.048 5.904 5.847 5.827 5.806 5.786 5.766 5.745 5.725 5.704 5.683 5.662 5.641 5.620 5.599 5.591 5.585 5.581 5.582 5.583 5.584 5.585 5.586 5.587 5.588 5.590 5.591 5.592 5.586
9.685 9.587 9.488 9.389 9.290 9.192 9.068 8.899 8.729 8.560 8.391 8.222 8.041 7.855 7.670 7.484 7.299 7.113 6.928 6.742 6.556 6.371 6.415 6.589 6.762 6.936 7.110 7.284 7.457 7.631 7.794 7.936 8.077 8.218 8.359 8.500 8.641 8.459 8.239 8.019 7.799 7.579 7.360 7.140 6.920 6.700 6.480 6.284 6.140 5.995 5.893 5.873 5.852 5.832 5.812 5.791 5.771 5.751 5.731 5.710 5.689 5.668 5.647 5.635 5.632 5.633 5.634 5.635 5.636 5.637 5.638 5.639 5.640 5.641 5.642 5.643 5.640
9.735 9.636 9.538 9.439 9.340 9.241 9.134 8.965 8.795 8.626 8.457 8.279 8.093 7.907 7.722 7.536 7.351 7.165 6.980 6.794 6.609 6.423 6.321 6.495 6.669 6.842 7.016 7.190 7.363 7.534 7.675 7.817 7.958 8.099 8.240 8.381 8.522 8.495 8.275 8.056 7.836 7.616 7.396 7.176 6.956 6.737 6.520 6.375 6.231 6.087 5.943 5.919 5.898 5.878 5.858 5.837 5.817 5.797 5.777 5.756 5.736 5.716 5.695 5.682 5.683 5.684 5.685 5.686 5.687 5.688 5.689 5.690 5.691 5.692 5.693 5.694 5.695
9.785 9.686 9.587 9.488 9.390 9.291 9.192 9.031 8.861 8.692 8.516 8.331 8.145 7.960 7.774 7.588 7.403 7.217 7.032 6.846 6.661 6.475 6.290 6.401 6.575 6.749 6.922 7.096 7.269 7.415 7.556 7.698 7.839 7.980 8.121 8.262 8.403 8.532 8.312 8.092 7.872 7.652 7.432 7.213 6.993 6.773 6.611 6.467 6.323 6.178 6.034 5.965 5.944 5.924 5.904 5.883 5.863 5.843 5.823 5.802 5.782 5.762 5.719 5.666 5.692 5.718 5.736 5.737 5.738 5.739 5.740 5.741 5.742 5.744 5.745 5.746 5.747
9.606 9.620 9.634 9.538 9.439 9.341 9.242 9.097 8.927 8.754 8.569 8.383 8.197 8.012 7.826 7.641 7.455 7.269 7.084 6.898 6.713 6.527 6.342 6.307 6.481 6.654 6.828 7.002 7.155 7.296 7.437 7.579 7.720 7.861 8.002 8.143 8.284 8.426 8.348 8.128 7.909 7.689 7.469 7.249 7.029 6.847 6.703 6.558 6.414 6.270 6.126 6.011 5.990 5.970 5.950 5.929 5.909 5.889 5.869 5.848 5.828 5.780 5.712 5.645 5.670 5.696 5.722 5.748 5.773 5.791 5.792 5.793 5.794 5.795 5.796 5.797 5.798
9.415 9.429 9.443 9.457 9.471 9.390 9.292 9.162 8.992 8.806 8.621 8.435 8.249 8.064 7.878 7.693 7.507 7.322 7.136 6.950 6.765 6.579 6.394 6.213 6.387 6.560 6.734 6.895 7.036 7.177 7.318 7.460 7.601 7.742 7.883 8.024 8.165 8.307 8.385 8.165 7.945 7.725 7.505 7.286 7.083 6.938 6.794 6.650 6.506 6.361 6.217 6.073 6.037 6.016 5.996 5.976 5.955 5.935 5.915 5.894 5.840 5.773 5.705 5.638 5.649 5.675 5.701 5.726 5.752 5.778 5.803 5.829 5.845 5.846 5.847 5.848 5.849
9.223 9.238 9.252 9.266 9.280 9.294 9.308 9.228 9.044 8.858 8.673 8.487 8.302 8.116 7.930 7.745 7.559 7.374 7.188 7.002 6.817 6.631 6.446 6.260 6.293 6.466 6.634 6.776 6.917 7.058 7.199 7.340 7.482 7.623 7.764 7.905 8.046 8.187 8.329 8.201 7.981 7.762 7.542 7.322 7.174 7.030 6.886 6.741 6.597 6.453 6.309 6.164 6.082 6.062 6.042 6.022 6.001 5.981 5.961 5.901 5.834 5.766 5.698 5.631 5.628 5.654 5.679 5.705 5.731 5.757 5.782 5.808 5.834 5.859 5.885 5.900 5.901
9.032 9.046 9.060 9.075 9.089 9.103 9.144 9.212 9.102 8.916 8.729 8.542 8.356 8.169 7.983 7.797 7.611 7.426 7.240 7.055 6.869 6.684 6.498 6.312 6.198 6.372 6.515 6.657 6.798 6.939 7.080 7.221 7.362 7.504 7.645 7.786 7.927 8.068 8.209 8.238 8.018 7.798 7.578 7.410 7.266 7.121 6.977 6.833 6.689 6.544 6.400 6.256 6.128 6.108 6.088 6.068 6.047 6.027 5.962 5.894 5.827 5.759 5.692 5.624 5.607 5.633 5.658 5.684 5.710 5.735 5.761 5.787 5.812 5.838 5.864 5.890 5.915
8.841 8.855 8.869 8.884 8.913 8.986 9.060 9.123 9.164 8.977 8.791 8.604 8.418 8.231 8.044 7.858 7.671 7.485 7.298 7.111 6.925 6.738 6.552 6.365 6.179 6.255 6.396 6.537 6.679 6.820 6.961 7.102 7.243 7.384 7.525 7.667 7.808 7.949 8.090 8.231 8.054 7.834 7.645 7.501 7.357 7.213 7.068 6.924 6.780 6.636 6.492 6.347 6.203 6.154 6.134 6.114 6.090 6.023 5.955 5.888 5.820 5.752 5.685 5.617 5.586 5.611 5.637 5.663 5.688 5.714 5.740 5.766 5.791 5.817 5.843 5.868 5.899
8.650 8.664 8.681 8.755 8.828 8.902 8.975 9.034 9.088 9.039 8.853 8.666 8.479 8.293 8.106 7.920 7.733 7.547 7.360 7.173 6.987 6.800 6.613 6.427 6.317 6.353 6.460 6.567 6.674 6.781 6.888 6.995 7.124 7.265 7.406 7.548 7.689 7.830 7.971 8.112 8.091 7.881 7.737 7.593 7.448 7.304 7.160 7.016 6.871 6.727 6.583 6.439 6.294 6.200 6.180 6.151 6.084 6.016 5.948 5.881 5.813 5.746 5.678 5.610 5.564 5.590 5.616 5.641 5.667 5.693 5.718 5.744 5.770 5.795 5.821 5.859 5.919
8.459 8.523 8.597 8.671 8.744 8.818 8.891 8.945 9.000 9.054 8.915 8.728 8.541 8.355 8.168 7.982 7.795 7.608 7.422 7.235 7.048 6.862 6.675 6.508 6.508 6.508 6.603 6.710 6.817 6.924 7.031 7.138 7.245 7.352 7.459 7.566 7.672 7.779 7.886 7.993 8.127 7.973 7.828 7.684 7.540 7.396 7.251 7.107 6.963 6.819 6.674 6.530 6.386 6.246 6.212 6.144 6.077 6.009 5.942 5.874 5.806 5.739 5.671 5.603 5.543 5.569 5.594 5.620 5.646 5.671 5.697 5.723 5.749 5.774 5.820 5.879 5.939
8.365 8.439 8.513 8.586 8.660 8.733 8.802 8.856 8.911 8.965 8.977 8.790 8.603 8.417 8.230 8.043 7.857 7.670 7.484 7.297 7.110 6.924 6.737 6.699 6.699 6.699 6.746 6.853 6.960 7.067 7.174 7.280 7.387 7.494 7.601 7.708 7.815 7.922 8.029 8.136 8.094 7.946 7.805 7.665 7.525 7.384 7.244 7.104 6.963 6.823 6.683 6.542 6.402 6.262 6.204 6.137 6.070 6.002 5.935 5.867 5.800 5.732 5.664 5.597 5.529 5.547 5.573 5.599 5.624 5.650 5.676 5.701 5.727 5.781 5.840 5.899 5.959
8.281 8.355 8.428 8.502 8.575 8.649 8.713 8.767 8.822 8.876 8.931 8.852 8.665 8.479 8.292 8.105 7.919 7.732 7.545 7.359 7.172 6.985 6.891 6.890 6.890 6.890 6.890 6.995 7.102 7.209 7.316 7.423 7.530 7.637 7.744 7.851 7.958 8.065 8.172 8.208 8.053 7.899 7.756 7.615 7.475 7.335 7.195 7.054 6.914 6.774 6.633 6.493 6.353 6.232 6.176 6.120 6.063 5.995 5.928 5.860 5.793 5.725 5.657 5.590 5.522 5.526 5.552 5.577 5.603 5.629 5.654 5.682 5.741 5.801 5.860 5.920 5.979
8.197 8.270 8.344 8.417 8.491 8.565 8.624 8.679 8.733 8.787 8.842 8.896 8.727 8.540 8.354 8.167 7.980 7.794 7.607 7.420 7.234 7.082 7.082 7.082 7.081 7.081 7.081 7.138 7.245 7.352 7.459 7.566 7.673 7.780 7.887 7.994 8.101 8.208 8.315 8.167 8.013 7.858 7.706 7.566 7.426 7.285 7.145 7.005 6.864 6.724 6.584 6.443 6.303 6.204 6.148 6.092 6.036 5.979 5.921 5.853 5.786 5.718 5.651 5.583 5.516 5.505 5.530 5.556 5.582 5.607 5.642 5.702 5.761 5.821 5.880 5.940 5.999
8.112 8.186 8.259 8.333 8.407 8.480 8.535 8.590 8.644 8.698 8.753 8.807 8.789 8.602 8.416 8.229 8.042 7.856 7.669 7.482 7.296 7.273 7.273 7.273 7.273 7.272 7.272 7.281 7.388 7.495 7.602 7.709 7.816 7.922 8.029 8.136 8.243 8.350 8.281 8.127 7.972 7.817 7.663 7.516 7.376 7.236 7.095 6.955 6.815 6.674 6.534 6.394 6.254 6.176 6.120 6.064 6.008 5.951 5.895 5.839 5.779 5.711 5.644 5.576 5.509 5.483 5.509 5.535 5.560 5.603 5.662 5.722 5.781 5.841 5.901 5.960 6.019
8.028 8.101 8.175 8.249 8.322 8.392 8.446 8.501 8.555 8.609 8.664 8.718 8.773 8.664 8.478 8.291 8.104 7.918 7.731 7.544 7.465 7.464 7.464 7.464 7.464 7.463 7.463 7.463 7.530 7.637 7.744 7.851 7.958 8.065 8.172 8.279 8.386 8.395 8.241 8.086 7.931 7.777 7.622 7.467 7.326 7.186 7.046 6.906 6.765 6.625 6.485 6.344 6.204 6.148 6.092 6.036 5.979 5.923 5.867 5.811 5.755 5.698 5.637 5.569 5.502 5.462 5.488 5.513 5.564 5.623 5.683 5.742 5.802 5.861 5.921 5.980 6.040
7.943 8.017 8.091 8.164 8.238 8.303 8.357 8.412 8.466 8.521 8.575 8.629 8.684 8.726 8.540 8.353 8.166 7.979 7.793 7.656 7.656 7.656 7.655 7.655 7.655 7.655 7.654 7.654 7.673 7.780 7.887 7.994 8.101 8.208 8.315 8.422 8.509 8.354 8.200 8.045 7.890 7.736 7.581 7.426 7.277 7.136 6.996 6.856 6.716 6.575 6.435 6.295 6.176 6.120 6.064 6.007 5.951 5.895 5.839 5.783 5.727 5.670 5.614 5.558 5.495 5.441 5.466 5.525 5.584 5.644 5.703 5.762 5.822 5.881 5.941 6.000 6.060
7.859 7.933 8.006 8.080 8.153 8.214 8.268 8.323 8.377 8.432 8.486 8.540 8.595 8.649 8.601 8.415 8.228 8.041 7.855 7.848 7.847 7.847 7.847 7.846 7.846 7.846 7.845 7.845 7.845 7.923 8.030 8.137 8.244 8.351 8.458 8.565 8.468 8.314 8.159 8.004 7.850 7.695 7.540 7.386 7.231 7.087 6.946 6.806 6.666 6.526 6.385 6.245 6.148 6.092 6.035 5.979 5.923 5.867 5.811 5.755 5.698 5.642 5.586 5.530 5.474 5.460 5.485 5.545 5.604 5.664 5.723 5.783 5.842 5.902 5.961 6.021 6.080
7.775 7.848 7.922 7.995 8.069 8.125 8.179 8.234 8.288 8.343 8.397 8.452 8.506 8.560 8.615 8.476 8.290 8.103 8.039 8.039 8.038 8.038 8.038 8.038 8.037 8.037 8.037 8.036 8.036 8.065 8.172 8.279 8.386 8.493 8.600 8.582 8.428 8.273 8.118 7.964 7.809 7.654 7.499 7.345 7.190 7.037 6.897 6.756 6.616 6.476 6.336 6.195 6.120 6.063 6.007 5.951 5.895 5.839 5.783 5.726 5.670 5.614 5.558 5.522 5.615 5.708 5.674 5.627 5.624 5.684 5.743 5.803 5.862 5.922 5.981 6.041 6.100
7.775 7.794 7.837 7.911 7.981 8.036 8.090 8.145 8.199 8.254 8.308 8.363 8.417 8.471 8.526 8.538 8.352 8.231 8.230 8.230 8.230 8.229 8.229 8.229 8.228 8.228 8.228 8.228 8.227 8.227 8.315 8.422 8.529 8.636 8.696 8.542 8.387 8.232 8.078 7.923 7.768 7.613 7.459 7.304 7.149 6.995 6.847 6.707 6.567 6.426 6.286 6.147 6.091 6.035 5.979 5.923 5.867 5.811 5.755 5.698 5.642 5.586 5.678 5.771 5.864 5.957 5.934 5.888 5.841 5.795 5.763 5.823 5.882 5.942 6.001 6.061 6.120
7.796 7.815 7.833 7.852 7.892 7.947 8.001 8.056 8.110 8.165 8.219 8.274 8.328 8.383 8.437 8.491 8.422 8.422 8.422 8.421 8.421 8.421 8.420 8.420 8.420 8.419 8.419 8.419 8.419 8.418 8.458 8.565 8.672 8.779 8.656 8.501 8.346 8.191 8.037 7.882 7.727 7.573 7.418 7.263 7.109 6.954 6.799 6.657 6.517 6.377 6.236 6.119 6.063 6.007 5.951 5.895 5.839 5.782 5.726 5.670 5.741 5.834 5.927 6.020 6.113 6.206 6.195 6.148 6.102 6.055 6.009 5.962 5.916 5.962 6.022 6.081 6.141
7.816 7.835 7.854 7.850 7.815 7.869 7.923 7.978 8.032 8.086 8.140 8.194 8.248 8.302 8.356 8.411 8.571 8.583 8.596 8.609 8.612 8.612 8.612 8.611 8.611 8.611 8.610 8.610 8.610 8.610 8.609 8.708 8.815 8.770 8.615 8.460 8.306 8.151 7.996 7.841 7.687 7.532 7.377 7.223 7.068 6.913 6.759 6.607 6.467 6.327 6.187 6.091 6.035 5.979 5.923 5.867 5.811 5.754 5.804 5.897 5.990 6.083 6.176 6.269 6.362 6.455 6.455 6.409 6.362 6.316 6.269 6.223 6.177 6.130 6.084 6.101 6.161
7.837 7.855 7.850 7.810 7.770 7.793 7.847 7.901 7.956 8.010 8.064 8.118 8.172 8.226 8.280 8.414 8.627 8.699 8.712 8.725 8.737 8.750 8.763 8.776 8.788 8.801 8.802 8.801 8.801 8.801 8.801 8.850 8.884 8.729 8.574 8.419 8.265 8.110 7.955 7.801 7.646 7.491 7.336 7.182 7.027 6.872 6.718 6.563 6.418 6.277 6.137 6.063 6.007 5.951 5.894 5.838 5.866 5.959 6.052 6.145 6.238 6.332 6.424 6.518 6.611 6.704 6.716 6.669 6.623 6.576 6.530 6.483 6.437 6.391 6.344 6.298 6.252
7.857 7.850 7.810 7.770 7.730 7.717 7.771 7.825 7.879 7.933 7.987 8.041 8.096 8.150 8.241 8.455 8.668 8.815 8.828 8.840 8.853 8.866 8.879 8.891 8.904 8.917 8.930 8.943 8.955 8.968 8.981 8.993 8.843 8.688 8.533 8.379 8.224 8.069 7.915 7.760 7.605 7.450 7.296 7.141 6.986 6.832 6.677 6.522 6.368 6.228 6.091 6.035 5.978 5.922 5.929 6.022 6.115 6.208 6.301 6.394 6.487 6.580 6.673 6.766 6.860 6.953 6.976 6.930 6.883 6.837 6.790 6.744 6.698 6.651 6.605 6.559 6.512
7.850 7.810 7.770 7.730 7.690 7.650 7.695 7.749 7.803 7.857 7.911 7.965 8.019 8.074 8.282 8.496 8.709 8.922 8.943 8.956 8.969 8.982 8.994 9.007 9.020 9.033 9.046 9.058 9.071 9.084 9.097 8.987 8.838 8.678 8.519 8.359 8.199 8.039 7.879 7.719 7.564 7.410 7.255 7.100 6.946 6.791 6.636 6.482 6.327 6.178 6.062 6.006 5.992 6.085 6.178 6.271 6.364 6.457 6.550 6.643 6.736 6.829 6.922 7.015 7.108 7.202 7.237 7.190 7.144 7.097 7.051 7.005 6.958 6.912 6.866 6.819 6.773
7.810 7.770 7.730 7.690 7.650 7.610 7.619 7.673 7.727 7.781 7.835 7.889 7.943 8.110 8.323 8.536 8.750 8.963 9.059 9.072 9.084 9.097 9.110 9.123 9.136 9.149 9.161 9.174 9.187 9.200 9.096 8.977 8.840 8.680 8.520 8.360 8.201 8.041 7.881 7.721 7.561 7.401 7.241 7.081 6.922 6.762 6.602 6.442 6.286 6.132 6.054 6.147 6.240 6.333 6.427 6.520 6.613 6.706 6.799 6.892 6.985 7.078 7.171 7.264 7.357 7.450 7.497 7.451 7.404 7.358 7.311 7.265 7.219 7.172 7.126 7.080 7.033
7.770 7.730 7.690 7.650 7.610 7.570 7.542 7.596 7.650 7.704 7.759 7.813 7.937 8.150 8.364 8.577 8.790 9.004 9.175 9.187 9.200 9.213 9.226 9.239 9.251 9.264 9.277 9.290 9.303 9.204 9.086 8.967 8.842 8.682 8.522 8.362 8.202 8.042 7.882 7.723 7.563 7.403 7.243 7.083 6.923 6.764 6.604 6.444 6.284 6.142 6.172 6.381 6.489 6.582 6.675 6.768 6.861 6.955 7.048 7.141 7.234 7.327 7.420 7.513 7.606 7.699 7.758 7.711 7.665 7.618 7.572 7.526 7.479 7.433 7.387 7.340 7.294
