includes/oleron/floodfiles/results_R2_t1.562594502398E12/res-0009.wd
ncols         631
nrows         906
xllcorner     364927.146667
yllcorner     6531972.565556
cellsize      20.000000
NODATA_value  -9999.000000
[rows 578 to 611 of 906, columns 462 to 538 of 631]
0.002 0.054 0.104 0.274 0.274 0.514 0.334 0.304 0.814 0.664 0.000 0.000 0.000 0.000 0.000 0.000 0.000 0.000 0.000 0.000 0.000 0.000 0.002 0.000 0.003 0.039 0.002 0.000 0.000 0.038 0.048 0.077 0.000 0.002 0.001 0.000 0.014 0.006 0.000 0.000 0.077 0.032 0.056 0.010 0.289 0.015 0.059 0.000 0.070 0.000 0.013 0.000 0.003 0.004 0.003 0.003 0.012 0.096 0.208 0.301 0.386 0.472 0.557 0.642 0.728 0.813 0.899 0.984 1.068 1.115 1.162 1.210 1.257 1.305 1.352 1.399 1.447
0.048 0.000 0.104 0.000 0.000 0.404 0.334 0.000 0.814 0.000 0.000 0.000 0.000 0.000 0.000 0.000 0.000 0.000 0.000 0.000 0.000 0.000 0.004 0.003 0.001 0.109 0.000 0.000 0.000 0.018 0.007 0.013 0.009 0.040 0.029 0.016 0.007 0.012 0.001 0.000 0.026 0.029 0.000 0.000 0.000 0.000 0.056 0.005 0.015 0.000 0.000 0.000 0.000 0.002 0.003 0.004 0.037 0.144 0.256 0.368 0.469 0.555 0.640 0.726 0.811 0.897 0.982 1.067 1.144 1.191 1.239 1.286 1.333 1.381 1.428 1.475 1.523
0.118 0.168 0.000 0.000 0.000 0.000 0.000 0.532 0.000 0.000 0.000 0.000 0.000 0.000 0.000 0.000 0.000 0.000 0.000 0.000 0.000 0.000 0.000 0.004 0.002 0.028 0.000 0.034 0.000 0.001 0.000 0.013 0.034 0.074 0.000 0.027 0.019 0.038 0.024 0.088 0.076 0.006 0.003 0.002 0.004 0.013 0.040 0.033 0.042 0.029 0.026 0.000 0.001 0.002 0.003 0.009 0.082 0.193 0.305 0.417 0.528 0.638 0.723 0.809 0.894 0.980 1.065 1.151 1.220 1.267 1.315 1.362 1.409 1.457 1.504 1.551 1.599
0.028 0.000 0.000 0.000 0.000 0.032 0.000 0.000 0.000 0.000 0.000 0.000 0.000 0.000 0.000 0.000 0.000 0.000 0.311 0.341 0.000 0.000 0.002 0.004 0.045 0.012 0.038 0.000 0.000 0.000 0.000 0.000 0.034 0.000 0.003 0.047 0.002 0.006 0.040 0.009 0.000 0.003 0.013 0.000 0.004 0.013 0.032 0.040 0.000 0.022 0.024 0.016 0.011 0.006 0.006 0.027 0.130 0.241 0.353 0.465 0.577 0.689 0.801 0.892 0.977 1.063 1.148 1.234 1.296 1.343 1.391 1.438 1.485 1.533 1.580 1.628 1.675
0.000 0.162 0.000 0.000 0.000 0.000 0.000 0.000 0.000 0.000 0.000 0.000 0.000 0.000 0.000 0.000 0.000 0.000 0.301 0.291 0.281 0.000 0.000 0.084 0.001 0.005 0.168 0.005 0.014 0.014 0.012 0.127 0.007 0.006 0.007 0.000 0.002 0.030 0.000 0.011 0.012 0.004 0.027 0.026 0.019 0.018 0.028 0.034 0.024 0.023 0.024 0.020 0.015 0.009 0.011 0.068 0.178 0.290 0.402 0.514 0.626 0.737 0.849 0.961 1.061 1.146 1.231 1.317 1.372 1.419 1.467 1.514 1.561 1.609 1.674 1.757 1.840
0.000 0.000 0.114 0.000 0.000 0.231 0.000 0.000 0.000 0.000 0.000 0.000 0.000 0.000 0.000 0.000 0.000 0.091 0.261 0.201 0.191 0.351 0.000 0.000 0.000 0.006 0.000 0.005 0.001 0.000 0.001 0.000 0.000 0.000 0.005 0.003 0.003 0.005 0.160 0.004 0.005 0.045 0.065 0.000 0.022 0.020 0.025 0.030 0.027 0.025 0.025 0.022 0.017 0.013 0.024 0.115 0.227 0.338 0.450 0.562 0.674 0.786 0.898 1.010 1.122 1.229 1.315 1.400 1.448 1.495 1.543 1.599 1.682 1.765 1.847 1.930 2.013
0.000 0.000 0.024 0.002 0.209 0.000 0.000 0.000 0.000 0.000 0.000 0.000 0.000 0.000 0.000 0.000 0.190 0.000 0.000 0.231 0.091 0.000 0.000 0.000 0.000 0.003 0.004 0.056 0.002 0.049 0.000 0.000 0.004 0.028 0.003 0.106 0.002 0.006 0.000 0.000 0.036 0.000 0.000 0.000 0.000 0.016 0.023 0.027 0.027 0.027 0.026 0.024 0.018 0.017 0.056 0.163 0.275 0.387 0.499 0.611 0.723 0.835 0.947 1.058 1.170 1.282 1.394 1.477 1.524 1.607 1.689 1.772 1.855 1.937 2.020 2.103 2.185
0.000 0.102 0.000 0.000 0.019 0.099 0.000 0.000 0.000 0.000 0.000 0.000 0.000 0.000 0.000 0.140 0.160 0.270 0.250 0.070 0.161 0.000 0.072 0.000 0.000 0.002 0.008 0.000 0.002 0.008 0.000 0.097 0.047 0.000 0.009 0.036 0.000 0.024 0.000 0.000 0.000 0.001 0.003 0.001 0.003 0.014 0.029 0.028 0.028 0.027 0.027 0.025 0.019 0.025 0.101 0.212 0.324 0.435 0.547 0.659 0.771 0.883 0.995 1.107 1.219 1.331 1.453 1.597 1.697 1.780 1.862 1.945 2.028 2.110 2.193 2.276 2.358
0.129 0.012 0.000 0.289 0.369 0.319 0.000 0.000 0.000 0.000 0.000 0.000 0.000 0.000 0.160 0.180 0.090 0.120 0.170 0.130 0.000 0.000 0.000 0.000 0.000 0.005 0.033 0.007 0.000 0.006 0.000 0.002 0.000 0.001 0.037 0.055 0.007 0.113 0.033 0.066 0.045 0.000 0.000 0.000 0.004 0.017 0.000 0.022 0.026 0.027 0.027 0.026 0.021 0.047 0.149 0.260 0.372 0.484 0.596 0.708 0.820 0.932 1.044 1.156 1.272 1.423 1.574 1.715 1.843 1.953 2.035 2.118 2.201 2.283 2.366 2.449 2.531
0.139 0.009 0.339 0.459 0.339 0.209 0.000 0.000 0.000 0.000 0.000 0.000 0.000 0.210 0.120 0.130 0.190 0.080 0.080 0.000 0.000 0.000 0.000 0.003 0.001 0.000 0.001 0.096 0.008 0.026 0.007 0.003 0.028 0.016 0.019 0.064 0.023 0.027 0.000 0.026 0.015 0.000 0.005 0.004 0.007 0.020 0.015 0.020 0.024 0.026 0.028 0.028 0.025 0.087 0.197 0.309 0.421 0.532 0.644 0.756 0.868 0.980 1.092 1.242 1.393 1.544 1.695 1.834 1.962 2.089 2.208 2.291 2.373 2.456 2.539 2.621 2.704
0.000 0.068 0.459 0.449 0.469 0.439 0.000 0.000 0.000 0.000 0.000 0.000 1.330 0.140 0.100 0.030 0.090 0.150 0.100 0.000 0.013 0.001 0.053 0.001 0.064 0.001 0.004 0.002 0.023 0.008 0.017 0.089 0.023 0.000 0.039 0.000 0.006 0.003 0.002 0.014 0.414 0.451 0.002 0.005 0.011 0.000 0.013 0.018 0.023 0.027 0.031 0.033 0.041 0.134 0.245 0.357 0.469 0.581 0.693 0.805 0.917 1.060 1.211 1.363 1.514 1.665 1.817 1.953 2.080 2.208 2.336 2.463 2.546 2.629 2.712 2.794 2.877
0.452 0.000 0.319 0.459 0.509 0.649 0.000 0.000 0.000 0.000 0.000 0.000 0.000 1.350 0.070 0.000 0.001 0.049 0.000 0.000 0.000 0.005 0.000 0.000 0.000 0.002 0.003 0.001 0.023 0.043 0.000 0.001 0.000 0.149 0.029 0.003 0.015 0.009 0.012 0.014 0.016 0.000 0.004 0.005 0.009 0.008 0.013 0.021 0.026 0.032 0.038 0.045 0.075 0.182 0.294 0.406 0.518 0.630 0.742 0.879 1.030 1.181 1.333 1.484 1.635 1.786 1.938 2.072 2.199 2.327 2.454 2.582 2.709 2.802 2.885 2.967 3.050
0.000 0.569 0.249 0.099 0.159 0.529 0.000 0.000 0.000 0.000 0.216 0.506 0.000 0.000 0.000 0.386 0.016 0.106 0.000 0.001 0.000 0.063 0.024 0.026 0.018 0.003 0.000 0.005 0.073 0.000 0.000 0.000 0.000 0.004 0.001 0.004 0.002 0.000 0.000 0.004 0.042 0.000 0.003 0.005 0.008 0.010 0.014 0.023 0.035 0.045 0.056 0.068 0.120 0.231 0.342 0.454 0.566 0.697 0.849 1.000 1.151 1.302 1.454 1.605 1.756 1.908 2.059 2.190 2.318 2.446 2.573 2.701 2.828 2.956 3.058 3.140 3.223
0.000 0.000 0.649 0.629 0.279 0.569 0.000 0.000 0.000 0.000 0.000 0.116 0.003 0.268 0.000 0.000 0.024 0.000 0.000 0.049 0.030 0.039 0.009 0.012 0.066 0.005 0.000 0.036 0.000 0.009 0.051 0.131 0.031 0.003 0.005 0.008 0.012 0.440 0.004 0.019 0.042 0.000 0.003 0.006 0.008 0.011 0.017 0.026 0.044 0.067 0.082 0.098 0.168 0.279 0.391 0.516 0.667 0.819 0.970 1.121 1.272 1.424 1.575 1.726 1.877 2.029 2.180 2.309 2.437 2.564 2.692 2.819 2.947 3.074 3.202 3.313 3.396
0.002 0.000 0.000 0.659 0.579 0.000 0.000 0.000 0.000 0.000 0.000 0.000 0.000 0.138 0.638 0.000 0.038 0.079 0.043 0.035 0.007 0.007 0.007 0.003 0.064 0.016 0.017 0.000 0.068 0.007 0.006 0.061 0.000 0.001 0.000 0.001 0.001 0.000 0.409 0.002 0.028 0.022 0.017 0.014 0.014 0.016 0.022 0.034 0.055 0.081 0.111 0.130 0.216 0.334 0.486 0.637 0.788 0.940 1.091 1.242 1.394 1.545 1.696 1.847 1.999 2.150 2.301 2.428 2.555 2.683 2.811 2.938 3.066 3.193 3.321 3.448 3.569
0.324 0.000 0.000 0.000 0.000 0.091 0.000 0.000 0.000 0.000 0.000 0.000 0.000 0.000 0.002 0.009 0.002 0.099 0.000 0.000 0.010 0.009 0.006 0.047 0.002 0.014 0.107 0.024 0.010 0.023 0.112 0.019 0.000 0.000 0.000 0.063 0.000 0.000 0.000 0.000 0.025 0.023 0.020 0.019 0.018 0.021 0.030 0.046 0.069 0.097 0.127 0.159 0.304 0.456 0.607 0.758 0.910 1.061 1.212 1.363 1.515 1.666 1.817 1.969 2.120 2.271 2.419 2.547 2.674 2.802 2.929 3.057 3.184 3.312 3.439 3.567 3.694
0.244 0.000 0.000 0.000 0.000 0.000 0.000 0.000 0.000 0.000 0.000 0.000 0.000 0.000 0.000 0.000 0.047 0.002 0.128 0.000 0.007 0.070 0.013 0.002 0.003 0.007 0.003 0.006 0.009 0.057 0.000 0.102 0.081 0.004 0.005 0.003 0.033 0.053 0.013 0.521 0.002 0.016 0.018 0.020 0.023 0.030 0.042 0.059 0.080 0.104 0.131 0.222 0.398 0.560 0.722 0.879 1.031 1.182 1.333 1.485 1.636 1.787 1.939 2.090 2.241 2.392 2.538 2.666 2.793 2.921 3.048 3.176 3.303 3.431 3.558 3.686 3.813
0.000 0.000 0.000 0.000 0.000 0.000 0.000 0.000 0.000 0.000 0.000 0.000 0.000 0.000 0.000 0.000 0.000 0.000 0.004 0.006 0.103 0.000 0.068 0.037 0.000 0.007 0.017 0.013 0.010 0.006 0.007 0.041 0.025 0.094 0.035 0.000 0.000 0.469 0.506 0.009 0.000 0.012 0.018 0.023 0.028 0.035 0.045 0.060 0.080 0.104 0.131 0.297 0.483 0.647 0.809 0.971 1.132 1.294 1.455 1.606 1.757 1.908 2.060 2.211 2.362 2.514 2.657 2.784 2.912 3.039 3.167 3.294 3.422 3.549 3.677 3.782 3.860
0.001 0.000 0.000 0.000 0.201 0.000 0.000 0.000 0.000 0.000 0.000 0.000 0.000 0.000 0.000 0.000 0.000 0.000 0.001 0.000 0.000 0.000 0.037 0.009 0.051 0.000 0.000 0.001 0.006 0.004 0.002 0.003 0.000 0.000 0.023 0.034 0.000 0.014 0.000 0.033 0.000 0.011 0.016 0.021 0.027 0.035 0.045 0.061 0.081 0.104 0.188 0.373 0.558 0.734 0.896 1.058 1.220 1.381 1.543 1.705 1.867 2.028 2.181 2.332 2.484 2.635 2.776 2.903 3.031 3.158 3.286 3.394 3.472 3.550 3.628 3.706 3.784
0.278 0.002 0.003 0.384 0.000 0.000 0.000 0.000 0.000 0.000 0.000 0.000 0.000 0.000 0.000 0.000 0.000 0.000 0.000 0.000 0.012 0.000 0.002 0.009 0.014 0.056 0.003 0.000 0.010 0.005 0.004 0.000 0.023 0.006 0.016 0.066 0.000 0.002 0.002 0.003 0.010 0.012 0.016 0.021 0.027 0.034 0.045 0.061 0.080 0.104 0.263 0.448 0.634 0.820 0.983 1.145 1.307 1.469 1.630 1.792 1.954 2.116 2.277 2.439 2.601 2.756 2.894 3.006 3.084 3.162 3.240 3.318 3.396 3.474 3.552 3.630 3.708
0.000 0.000 0.014 0.335 0.000 0.000 0.000 0.000 0.000 0.000 0.000 0.000 0.000 0.000 0.000 0.000 0.000 0.000 0.000 0.000 0.000 0.000 0.084 0.000 0.000 0.016 0.088 0.017 0.008 0.007 0.096 0.096 0.005 0.029 0.011 0.022 0.027 0.006 0.002 0.011 0.012 0.014 0.017 0.021 0.027 0.034 0.045 0.060 0.079 0.154 0.338 0.524 0.710 0.895 1.071 1.232 1.394 1.556 1.718 1.879 2.041 2.203 2.365 2.526 2.688 2.843 2.852 2.930 3.008 3.086 3.164 3.242 3.320 3.398 3.475 3.553 3.631
0.000 0.000 0.574 0.000 0.000 0.000 0.000 0.000 0.000 0.000 0.000 0.000 0.000 0.000 0.000 0.000 0.000 0.000 0.000 0.000 0.000 0.000 0.000 0.123 0.000 0.000 0.000 0.064 0.004 0.130 0.000 0.000 0.000 0.004 0.022 0.051 0.000 0.003 0.011 0.013 0.015 0.016 0.018 0.022 0.027 0.035 0.045 0.059 0.078 0.229 0.414 0.600 0.785 0.971 1.156 1.320 1.481 1.643 1.805 1.967 2.128 2.290 2.452 2.613 2.775 2.821 2.823 2.854 2.932 3.010 3.088 3.165 3.243 3.321 3.399 3.477 3.555
0.218 0.004 0.000 0.000 0.000 0.000 0.000 0.000 0.000 0.000 0.000 0.000 0.000 0.000 0.000 0.000 0.000 0.000 0.000 0.000 0.000 0.000 0.000 0.000 0.001 0.001 0.000 0.173 0.014 0.016 0.018 0.021 0.046 0.009 0.348 0.405 0.448 0.000 0.013 0.016 0.017 0.018 0.020 0.023 0.028 0.035 0.045 0.058 0.121 0.304 0.490 0.675 0.861 1.046 1.232 1.407 1.569 1.730 1.892 2.054 2.215 2.377 2.539 2.701 2.797 2.799 2.801 2.803 2.855 2.933 3.011 3.089 3.167 3.245 3.323 3.401 3.505
0.000 0.003 0.000 0.790 0.000 0.000 0.000 0.000 0.000 0.000 0.000 0.000 0.000 0.000 0.000 0.000 0.000 0.000 0.000 0.000 0.000 0.000 0.000 0.000 0.000 0.095 0.000 0.000 0.000 0.031 0.014 0.006 0.000 0.009 0.003 0.384 0.042 0.009 0.021 0.020 0.020 0.020 0.021 0.024 0.028 0.035 0.043 0.055 0.194 0.380 0.565 0.751 0.937 1.122 1.308 1.493 1.656 1.817 1.979 2.141 2.303 2.464 2.626 2.773 2.775 2.777 2.779 2.781 2.783 2.857 2.935 3.013 3.091 3.169 3.247 3.325 3.482
0.000 0.330 1.030 0.630 1.140 0.000 0.000 0.000 0.000 0.000 0.000 0.000 0.000 0.000 0.000 0.000 0.000 0.000 0.000 0.000 0.000 0.000 0.000 0.000 0.035 0.015 0.002 0.003 0.066 0.000 0.002 0.213 0.006 0.006 0.035 0.364 0.006 0.029 0.026 0.023 0.022 0.021 0.022 0.025 0.028 0.034 0.041 0.088 0.270 0.455 0.641 0.826 1.012 1.198 1.383 1.569 1.743 1.905 2.067 2.228 2.390 2.552 2.713 2.751 2.753 2.755 2.757 2.759 2.761 2.781 2.859 2.937 3.015 3.093 3.171 3.256 3.458
0.000 0.130 0.000 0.003 0.000 0.000 0.000 0.000 0.000 0.000 0.000 0.000 0.000 0.000 0.000 0.000 0.000 0.000 0.000 0.000 0.000 0.000 0.014 0.000 0.045 0.002 0.003 0.000 0.002 0.050 0.000 0.000 0.000 0.026 0.287 0.344 0.014 0.021 0.025 0.023 0.023 0.022 0.023 0.025 0.028 0.033 0.037 0.160 0.345 0.531 0.717 0.902 1.088 1.273 1.459 1.645 1.830 1.992 2.154 2.315 2.477 2.639 2.727 2.729 2.731 2.733 2.735 2.737 2.740 2.742 2.783 2.861 2.939 3.017 3.095 3.232 3.435
0.000 0.000 0.000 0.002 0.495 0.065 0.085 0.000 0.000 0.000 0.000 0.000 0.000 0.000 0.000 0.000 0.000 0.000 0.000 0.000 0.000 0.000 0.000 0.055 0.001 0.004 0.003 0.002 0.002 0.040 0.030 0.000 0.000 0.002 0.003 0.004 0.001 0.000 0.004 0.018 0.022 0.021 0.022 0.024 0.028 0.030 0.058 0.235 0.421 0.607 0.792 0.978 1.163 1.349 1.535 1.720 1.906 2.079 2.241 2.403 2.564 2.702 2.705 2.707 2.709 2.711 2.713 2.715 2.718 2.720 2.722 2.785 2.863 2.941 3.018 3.209 3.412
0.346 0.000 0.000 0.063 0.000 0.000 0.000 0.000 0.000 0.000 0.000 0.000 0.000 0.000 0.000 0.000 0.000 0.000 0.000 0.000 0.000 0.000 0.000 0.035 0.000 0.092 0.022 0.008 0.074 0.000 0.004 0.117 0.003 0.005 0.003 0.002 0.002 0.004 0.003 0.008 0.000 0.016 0.020 0.023 0.026 0.026 0.126 0.311 0.497 0.682 0.868 1.053 1.239 1.425 1.610 1.796 1.982 2.166 2.328 2.490 2.652 2.681 2.683 2.685 2.687 2.689 2.691 2.693 2.696 2.698 2.700 2.708 2.786 2.864 2.983 3.185 3.388
0.328 0.300 0.000 0.000 0.000 0.000 0.000 0.000 0.000 0.000 0.000 0.000 0.000 0.000 0.000 0.000 0.000 0.000 0.000 0.000 0.000 0.000 0.000 0.000 0.061 0.000 0.000 0.000 0.104 0.006 0.033 0.017 0.014 0.069 0.000 0.000 0.014 0.000 0.000 0.000 0.010 0.017 0.019 0.022 0.023 0.036 0.201 0.387 0.572 0.758 0.944 1.129 1.315 1.500 1.686 1.872 2.057 2.243 2.415 2.577 2.656 2.659 2.661 2.663 2.665 2.667 2.669 2.672 2.674 2.676 2.678 2.680 2.710 2.788 2.959 3.162 3.365
0.000 0.270 0.000 0.000 0.000 0.000 0.000 0.000 0.000 0.000 0.000 0.000 0.000 0.000 0.000 0.000 0.000 0.000 0.000 0.000 0.000 0.000 0.000 0.000 0.000 0.014 0.002 0.000 0.001 0.034 0.044 0.000 0.009 0.012 0.313 0.000 0.000 0.009 0.013 0.014 0.012 0.012 0.019 0.020 0.018 0.093 0.277 0.462 0.648 0.834 1.019 1.205 1.390 1.576 1.762 1.947 2.133 2.318 2.503 2.632 2.634 2.637 2.639 2.641 2.643 2.645 2.648 2.650 2.652 2.654 2.656 2.658 2.660 2.733 2.936 3.139 3.341
0.000 0.582 0.143 0.062 0.071 0.000 0.000 0.000 0.000 0.000 0.000 0.000 0.000 0.000 0.000 0.000 0.000 0.000 0.000 0.000 0.000 0.000 0.000 0.000 0.000 0.000 0.027 0.087 0.002 0.000 0.000 0.000 0.000 0.020 0.015 0.042 0.008 0.012 0.009 0.008 0.006 0.006 0.008 0.016 0.021 0.167 0.353 0.538 0.724 0.909 1.095 1.280 1.466 1.652 1.837 2.022 2.201 2.379 2.557 2.626 2.629 2.633 2.636 2.639 2.643 2.646 2.650 2.653 2.656 2.660 2.663 2.666 2.670 2.800 3.016 3.233 3.449
0.000 0.000 0.076 0.045 0.106 0.000 0.000 0.000 0.000 0.000 0.000 0.000 0.000 0.000 0.000 0.000 0.000 0.000 0.000 0.000 0.000 0.000 0.000 0.000 0.203 0.000 0.000 0.097 0.087 0.002 0.023 0.001 0.001 0.003 0.012 0.007 0.006 0.002 0.000 0.000 0.000 0.002 0.002 0.005 0.050 0.222 0.400 0.578 0.756 0.935 1.113 1.291 1.469 1.648 1.826 2.004 2.182 2.361 2.520 2.651 2.663 2.666 2.670 2.673 2.676 2.680 2.683 2.687 2.690 2.693 2.697 2.700 2.750 2.940 3.140 3.356 3.573
0.000 0.000 0.436 0.054 0.211 0.000 0.000 0.000 0.000 0.000 0.000 0.000 0.000 0.000 0.000 0.000 0.000 0.000 0.000 0.000 0.000 0.000 0.000 0.000 0.000 0.000 0.017 0.087 0.107 0.000 0.000 0.004 0.011 0.000 0.001 0.001 0.056 0.066 0.386 0.000 0.000 0.001 0.003 0.006 0.045 0.204 0.382 0.560 0.738 0.916 1.095 1.273 1.451 1.629 1.808 1.986 2.164 2.342 2.476 2.607 2.697 2.700 2.703 2.707 2.710 2.714 2.717 2.720 2.724 2.727 2.730 2.734 2.891 3.081 3.271 3.480 3.697
0.000 0.000 0.000 0.044 0.371 0.130 0.000 0.000 0.000 0.000 0.000 0.000 0.000 0.000 0.000 0.000 0.000 0.000 0.000 0.000 0.000 0.000 0.000 0.000 0.000 0.000 0.000 0.087 0.087 0.107 0.047 0.000 0.139 0.000 0.001 0.097 0.000 0.046 0.000 0.000 0.463 0.000 0.005 0.012 0.079 0.185 0.363 0.542 0.720 0.898 1.076 1.254 1.433 1.611 1.789 1.968 2.146 2.301 2.432 2.563 2.694 2.734 2.737 2.740 2.744 2.747 2.751 2.754 2.757 2.761 2.764 2.841 3.031 3.221 3.411 3.604 3.820
