includes/oleron/floodfiles/results_R2_t1.562594502398E12/res-0001.wdfp
ncols         631
nrows         906
xllcorner     364927.146667
yllcorner     6531972.565556
cellsize      20.000000
NODATA_value  -9999.000000
[rows 850 to 883 of 906, columns 462 to 538 of 631]
5.553 5.587 5.676 5.788 5.901 6.014 6.127 6.239 6.352 6.461 6.550 6.632 6.707 6.783 6.858 6.930 7.002 7.074 7.145 7.217 7.331 7.453 7.508 7.485 7.461 7.438 7.414 7.390 7.373 7.375 7.377 7.379 7.381 7.383 7.377 7.342 7.306 7.289 7.278 7.267 7.255 7.244 7.233 7.225 7.217 7.214 7.207 7.157 7.107 7.057 7.007 6.957 6.907 6.857 6.862 6.877 6.892 6.907 6.912 6.909 6.906 6.903 6.828 6.660 6.492 6.324 6.155 5.987 5.819 5.704 5.624 5.526 5.426 5.325 5.225 5.124 5.024
5.694 5.728 5.801 5.914 6.027 6.139 6.252 6.365 6.473 6.562 6.651 6.735 6.811 6.886 6.962 7.038 7.114 7.189 7.260 7.332 7.439 7.482 7.459 7.435 7.412 7.388 7.364 7.341 7.319 7.321 7.323 7.325 7.327 7.320 7.284 7.248 7.213 7.191 7.180 7.169 7.157 7.146 7.135 7.124 7.112 7.086 7.037 6.987 6.937 6.887 6.837 6.787 6.737 6.687 6.680 6.695 6.710 6.714 6.712 6.709 6.706 6.703 6.671 6.503 6.334 6.166 5.998 5.830 5.702 5.622 5.542 5.452 5.351 5.251 5.150 5.050 4.950
5.834 5.868 5.927 6.039 6.152 6.265 6.378 6.485 6.574 6.663 6.752 6.838 6.914 6.990 7.066 7.141 7.217 7.293 7.369 7.445 7.457 7.433 7.409 7.386 7.362 7.338 7.315 7.291 7.267 7.267 7.269 7.271 7.262 7.226 7.191 7.155 7.119 7.094 7.082 7.071 7.060 7.048 7.037 7.026 6.991 6.897 6.851 6.807 6.764 6.718 6.668 6.618 6.568 6.518 6.497 6.512 6.517 6.514 6.512 6.509 6.506 6.503 6.501 6.345 6.177 6.009 5.841 5.700 5.620 5.540 5.460 5.378 5.277 5.177 5.076 4.976 4.875
5.975 6.009 6.052 6.165 6.278 6.390 6.496 6.586 6.675 6.764 6.853 6.941 7.017 7.093 7.169 7.245 7.321 7.396 7.472 7.458 7.412 7.387 7.361 7.336 7.312 7.289 7.265 7.242 7.218 7.214 7.216 7.204 7.169 7.133 7.097 7.061 7.026 6.996 6.984 6.973 6.962 6.950 6.939 6.902 6.808 6.715 6.658 6.615 6.572 6.529 6.486 6.442 6.398 6.348 6.314 6.320 6.317 6.314 6.312 6.309 6.306 6.303 6.301 6.188 6.020 5.852 5.698 5.618 5.538 5.458 5.377 5.297 5.203 5.103 5.002 4.902 4.801
6.116 6.150 6.184 6.290 6.403 6.508 6.597 6.687 6.776 6.865 6.954 7.043 7.120 7.196 7.272 7.348 7.424 7.500 7.478 7.420 7.369 7.343 7.317 7.292 7.266 7.241 7.216 7.192 7.168 7.160 7.147 7.111 7.075 7.039 7.004 6.968 6.932 6.898 6.886 6.875 6.864 6.852 6.813 6.720 6.626 6.533 6.466 6.423 6.380 6.336 6.293 6.250 6.207 6.164 6.153 6.127 6.117 6.114 6.112 6.109 6.106 6.103 6.101 6.031 5.863 5.696 5.616 5.536 5.456 5.375 5.295 5.215 5.129 5.029 4.928 4.828 4.729
6.257 6.291 6.325 6.416 6.520 6.609 6.698 6.787 6.877 6.966 7.055 7.144 7.224 7.300 7.375 7.451 7.527 7.497 7.440 7.382 7.325 7.299 7.274 7.248 7.223 7.197 7.171 7.146 7.120 7.089 7.053 7.018 6.982 6.946 6.910 6.875 6.839 6.803 6.789 6.777 6.766 6.724 6.631 6.537 6.444 6.351 6.274 6.231 6.187 6.144 6.101 6.058 6.015 6.006 6.030 6.013 5.987 5.960 5.934 5.909 5.906 5.903 5.901 5.873 5.705 5.614 5.534 5.454 5.373 5.293 5.213 5.133 5.053 4.955 4.854 4.754 4.673
6.392 6.429 6.465 6.532 6.621 6.710 6.799 6.889 6.978 7.067 7.156 7.245 7.327 7.403 7.479 7.555 7.517 7.459 7.402 7.344 7.287 7.256 7.230 7.205 7.179 7.153 7.128 7.102 7.064 7.016 6.973 6.930 6.888 6.853 6.817 6.781 6.746 6.710 6.691 6.679 6.636 6.542 6.449 6.355 6.262 6.168 6.081 6.038 5.995 5.952 5.909 5.866 5.857 5.881 5.904 5.898 5.872 5.846 5.820 5.793 5.767 5.741 5.715 5.698 5.612 5.531 5.451 5.371 5.291 5.211 5.131 5.051 4.971 4.881 4.780 4.682 4.617
6.523 6.560 6.565 6.575 6.688 6.801 6.900 6.989 7.079 7.168 7.257 7.346 7.430 7.506 7.582 7.536 7.479 7.421 7.364 7.306 7.249 7.212 7.187 7.161 7.135 7.110 7.084 7.045 6.995 6.945 6.902 6.859 6.816 6.773 6.730 6.688 6.652 6.617 6.593 6.547 6.454 6.360 6.267 6.173 6.080 5.986 5.893 5.846 5.803 5.760 5.717 5.708 5.732 5.755 5.779 5.783 5.757 5.731 5.705 5.679 5.653 5.627 5.600 5.612 5.560 5.469 5.377 5.289 5.209 5.129 5.049 4.968 4.888 4.807 4.706 4.626 4.561
6.655 6.661 6.621 6.598 6.711 6.824 6.937 7.050 7.163 7.269 7.358 7.447 7.534 7.609 7.555 7.498 7.440 7.383 7.325 7.268 7.211 7.168 7.143 7.117 7.092 7.066 7.026 6.975 6.925 6.875 6.831 6.788 6.745 6.702 6.659 6.616 6.573 6.531 6.461 6.365 6.272 6.178 6.084 5.991 5.897 5.804 5.711 5.654 5.611 5.568 5.559 5.583 5.607 5.630 5.654 5.669 5.643 5.617 5.590 5.564 5.538 5.512 5.524 5.552 5.525 5.433 5.342 5.251 5.159 5.068 4.977 4.886 4.806 4.726 4.635 4.570 4.505
6.758 6.717 6.676 6.635 6.735 6.848 6.961 7.074 7.187 7.300 7.413 7.526 7.632 7.575 7.517 7.460 7.402 7.345 7.287 7.230 7.173 7.125 7.099 7.074 7.048 7.006 6.956 6.906 6.855 6.805 6.760 6.717 6.674 6.631 6.588 6.545 6.502 6.473 6.445 6.301 6.157 6.013 5.902 5.809 5.715 5.622 5.528 5.462 5.418 5.411 5.434 5.458 5.481 5.505 5.528 5.552 5.528 5.502 5.476 5.450 5.424 5.436 5.464 5.492 5.490 5.398 5.307 5.215 5.124 5.033 4.941 4.850 4.759 4.667 4.628 4.588 4.546
6.813 6.772 6.732 6.691 6.759 6.872 6.985 7.098 7.211 7.324 7.437 7.537 7.414 7.403 7.411 7.419 7.364 7.307 7.249 7.192 7.134 7.081 7.056 7.030 6.987 6.937 6.886 6.836 6.786 6.735 6.689 6.646 6.603 6.560 6.517 6.474 6.446 6.432 6.418 6.285 6.141 5.997 5.853 5.709 5.565 5.440 5.346 5.269 5.262 5.285 5.309 5.332 5.356 5.379 5.403 5.427 5.414 5.388 5.361 5.335 5.347 5.375 5.404 5.432 5.454 5.363 5.272 5.180 5.089 4.998 4.906 4.815 4.724 4.686 4.657 4.636 4.601
6.869 6.828 6.787 6.746 6.783 6.896 7.009 7.122 7.235 7.348 7.442 7.319 7.197 7.160 7.168 7.176 7.184 7.192 7.200 7.154 7.097 7.039 7.012 6.968 6.917 6.867 6.817 6.766 6.716 6.666 6.618 6.575 6.532 6.489 6.446 6.419 6.405 6.391 6.377 6.270 6.126 5.981 5.837 5.693 5.549 5.405 5.261 5.131 5.137 5.160 5.184 5.207 5.231 5.254 5.278 5.301 5.299 5.273 5.247 5.259 5.287 5.315 5.344 5.372 5.400 5.328 5.237 5.145 5.054 4.963 4.871 4.784 4.750 4.715 4.685 4.665 4.645
6.924 6.883 6.842 6.802 6.806 6.919 7.032 7.145 7.258 7.348 7.225 7.102 6.980 6.918 6.926 6.934 6.942 6.950 6.958 6.966 6.974 6.982 6.948 6.898 6.848 6.797 6.747 6.697 6.646 6.596 6.547 6.504 6.461 6.418 6.392 6.378 6.364 6.350 6.335 6.254 6.110 5.966 5.822 5.678 5.534 5.390 5.239 5.082 5.074 5.079 5.084 5.090 5.106 5.129 5.153 5.176 5.185 5.158 5.170 5.199 5.227 5.255 5.283 5.312 5.340 5.293 5.201 5.110 5.019 4.927 4.848 4.813 4.779 4.745 4.714 4.694 4.674
6.979 6.939 6.898 6.857 6.830 6.943 7.056 7.169 7.253 7.131 7.008 6.885 6.762 6.676 6.684 6.692 6.700 6.708 6.716 6.724 6.732 6.808 6.827 6.798 6.769 6.728 6.677 6.627 6.577 6.526 6.476 6.433 6.390 6.365 6.351 6.337 6.322 6.308 6.294 6.238 6.094 5.950 5.806 5.662 5.518 5.367 5.210 5.053 5.011 5.017 5.022 5.027 5.033 5.038 5.043 5.051 5.070 5.082 5.110 5.139 5.167 5.195 5.223 5.252 5.280 5.258 5.166 5.075 4.984 4.911 4.877 4.843 4.808 4.774 4.743 4.722 4.702
7.035 6.994 6.953 6.912 6.872 6.967 7.080 7.159 7.036 6.913 6.791 6.668 6.545 6.434 6.442 6.450 6.458 6.466 6.474 6.482 6.562 6.650 6.691 6.662 6.633 6.604 6.575 6.546 6.507 6.457 6.406 6.362 6.338 6.324 6.309 6.295 6.281 6.267 6.253 6.222 6.078 5.934 5.790 5.646 5.495 5.338 5.181 5.025 4.949 4.954 4.959 4.965 4.970 4.975 4.981 4.986 5.031 5.046 5.055 5.078 5.107 5.135 5.163 5.191 5.220 5.223 5.131 5.040 4.975 4.940 4.906 4.872 4.838 4.803 4.771 4.751 4.731
7.084 7.049 7.009 6.968 6.927 6.991 7.064 6.942 6.819 6.696 6.573 6.451 6.328 6.205 6.200 6.208 6.216 6.224 6.232 6.315 6.404 6.492 6.555 6.526 6.497 6.468 6.439 6.410 6.380 6.351 6.322 6.311 6.296 6.282 6.268 6.254 6.240 6.226 6.212 6.198 6.062 5.918 5.774 5.623 5.466 5.309 5.153 4.996 4.886 4.891 4.897 4.902 4.908 4.913 4.918 4.963 5.024 5.050 5.059 5.068 5.078 5.087 5.103 5.131 5.160 5.187 5.096 5.038 5.004 4.970 4.935 4.901 4.867 4.833 4.800 4.780 4.760
6.925 6.943 6.962 6.980 6.982 6.970 6.847 6.724 6.602 6.479 6.356 6.233 6.111 5.988 5.958 5.966 5.974 5.982 6.068 6.157 6.246 6.334 6.419 6.390 6.361 6.331 6.302 6.273 6.244 6.215 6.339 6.422 6.356 6.289 6.227 6.213 6.199 6.185 6.170 6.156 6.047 5.903 5.751 5.594 5.438 5.281 5.124 4.968 4.824 4.829 4.834 4.840 4.845 4.850 4.895 4.956 5.016 5.053 5.063 5.072 5.081 5.091 5.100 5.109 5.119 5.128 5.102 5.067 5.033 4.999 4.965 4.930 4.896 4.862 4.829 4.809 4.788
6.766 6.785 6.803 6.821 6.826 6.754 6.631 6.507 6.384 6.262 6.139 6.016 5.894 5.771 5.716 5.724 5.733 5.822 5.910 5.999 6.088 6.176 6.265 6.253 6.224 6.195 6.166 6.137 6.108 6.241 6.421 6.551 6.484 6.417 6.351 6.284 6.217 6.151 6.129 6.115 6.031 5.879 5.722 5.566 5.409 5.252 5.096 4.939 4.782 4.766 4.772 4.777 4.783 4.827 4.888 4.949 5.009 5.057 5.066 5.076 5.085 5.094 5.104 5.113 5.122 5.152 5.139 5.099 5.062 5.028 4.994 4.960 4.926 4.891 4.857 4.837 4.817
6.608 6.626 6.644 6.650 6.597 6.540 6.416 6.293 6.169 6.046 5.922 5.799 5.676 5.554 5.474 5.486 5.575 5.664 5.752 5.841 5.930 6.018 6.107 6.117 6.088 6.059 6.030 6.001 6.143 6.323 6.502 6.679 6.612 6.546 6.479 6.412 6.346 6.279 6.212 6.146 6.006 5.850 5.694 5.537 5.380 5.224 5.067 4.910 4.754 4.704 4.709 4.715 4.759 4.820 4.881 4.942 5.002 5.061 5.070 5.079 5.089 5.098 5.107 5.117 5.148 5.185 5.182 5.143 5.103 5.063 5.023 4.989 4.955 4.920 4.886 4.866 4.846
6.449 6.468 6.474 6.421 6.368 6.314 6.201 6.078 5.954 5.831 5.707 5.584 5.460 5.337 5.240 5.328 5.417 5.506 5.594 5.683 5.771 5.860 5.949 5.981 5.952 5.923 5.894 6.045 6.225 6.405 6.584 6.764 6.741 6.674 6.608 6.541 6.474 6.407 6.341 6.176 5.969 5.814 5.660 5.506 5.352 5.195 5.039 4.882 4.725 4.642 4.647 4.691 4.752 4.813 4.874 4.935 4.995 5.056 5.074 5.083 5.092 5.102 5.111 5.144 5.180 5.217 5.226 5.186 5.146 5.106 5.066 5.026 4.986 4.950 4.916 4.896 4.967
6.291 6.298 6.245 6.192 6.138 6.085 5.987 5.863 5.740 5.616 5.493 5.369 5.246 5.158 5.335 5.343 5.342 5.348 5.436 5.525 5.613 5.702 5.791 5.845 5.816 5.787 5.947 6.127 6.307 6.486 6.666 6.845 6.869 6.803 6.736 6.669 6.603 6.536 6.367 6.151 5.935 5.777 5.623 5.469 5.315 5.161 5.007 4.853 4.697 4.579 4.623 4.684 4.745 4.806 4.867 4.928 4.988 5.049 5.077 5.087 5.096 5.105 5.140 5.176 5.213 5.249 5.269 5.229 5.189 5.149 5.109 5.069 5.029 4.990 4.970 5.045 5.115
6.123 6.069 6.016 5.962 5.909 5.855 5.772 5.648 5.525 5.401 5.278 5.154 5.074 5.251 5.427 5.470 5.469 5.467 5.466 5.465 5.464 5.544 5.633 5.709 5.680 5.849 6.029 6.209 6.388 6.568 6.747 6.927 6.998 6.931 6.864 6.798 6.731 6.558 6.342 6.126 5.911 5.740 5.586 5.432 5.278 5.123 4.969 4.815 4.661 4.567 4.621 4.677 4.738 4.799 4.860 4.921 4.981 5.042 5.081 5.090 5.100 5.135 5.172 5.208 5.245 5.281 5.312 5.272 5.232 5.192 5.152 5.112 5.073 5.071 5.094 5.169 5.251
5.893 5.840 5.786 5.733 5.679 5.626 5.557 5.434 5.310 5.187 5.063 4.989 5.166 5.343 5.519 5.596 5.595 5.594 5.593 5.591 5.590 5.589 5.588 5.587 5.752 5.931 6.111 6.290 6.470 6.649 6.829 7.008 7.126 7.059 6.993 6.926 6.749 6.533 6.317 6.102 5.886 5.702 5.548 5.394 5.240 5.086 4.932 4.778 4.680 4.609 4.637 4.692 4.747 4.801 4.856 4.914 4.975 5.035 5.085 5.095 5.131 5.168 5.204 5.241 5.277 5.314 5.350 5.315 5.275 5.235 5.195 5.155 5.171 5.195 5.219 5.291 5.373
5.664 5.610 5.557 5.504 5.450 5.397 5.342 5.219 5.095 4.972 4.905 5.082 5.258 5.435 5.612 5.722 5.721 5.720 5.719 5.718 5.717 5.715 5.719 5.827 5.951 6.081 6.212 6.372 6.551 6.731 6.910 7.090 7.254 7.188 7.121 6.940 6.724 6.508 6.292 6.077 5.861 5.665 5.511 5.357 5.203 5.049 4.895 4.795 4.725 4.654 4.654 4.708 4.763 4.817 4.872 4.926 4.981 5.035 5.091 5.127 5.163 5.200 5.236 5.273 5.309 5.346 5.382 5.358 5.318 5.278 5.248 5.271 5.295 5.319 5.343 5.412 5.495
5.434 5.381 5.328 5.274 5.221 5.167 5.114 5.004 4.881 4.820 4.997 5.174 5.350 5.527 5.704 5.849 5.848 5.846 5.845 5.844 5.843 5.852 5.959 6.067 6.187 6.317 6.448 6.578 6.708 6.839 6.992 7.172 7.351 7.316 7.130 6.915 6.699 6.483 6.268 6.052 5.836 5.628 5.474 5.320 5.166 5.012 4.911 4.840 4.770 4.699 4.670 4.724 4.779 4.833 4.888 4.942 4.997 5.052 5.140 5.182 5.209 5.236 5.269 5.305 5.342 5.378 5.415 5.401 5.361 5.348 5.372 5.396 5.419 5.443 5.467 5.534 5.617
5.399 5.274 5.150 5.045 4.992 4.938 4.885 4.790 4.736 4.913 5.089 5.266 5.442 5.619 5.796 5.972 5.974 5.973 5.972 5.970 5.985 6.092 6.200 6.307 6.423 6.554 6.684 6.814 6.944 7.075 7.205 7.335 7.466 7.321 7.106 6.890 6.674 6.459 6.243 6.027 5.812 5.596 5.436 5.282 5.128 5.026 4.956 4.885 4.815 4.744 4.686 4.740 4.795 4.849 4.904 4.959 5.013 5.100 5.189 5.245 5.272 5.299 5.326 5.353 5.380 5.410 5.447 5.444 5.449 5.472 5.496 5.520 5.544 5.567 5.591 5.656 5.739
5.419 5.295 5.171 5.047 4.922 4.798 4.674 4.651 4.828 5.005 5.181 5.358 5.535 5.711 5.888 6.065 6.100 6.099 6.098 6.118 6.225 6.333 6.440 6.548 6.659 6.790 6.920 7.050 7.180 7.311 7.441 7.571 7.354 7.142 6.979 6.816 6.649 6.434 6.218 6.002 5.787 5.571 5.399 5.245 5.142 5.071 5.001 4.930 4.860 4.789 4.719 4.756 4.811 4.866 4.920 4.975 5.060 5.148 5.237 5.308 5.335 5.362 5.389 5.416 5.443 5.471 5.498 5.544 5.573 5.596 5.620 5.644 5.668 5.692 5.715 5.778 5.860
5.440 5.316 5.192 5.067 4.943 4.819 4.735 4.793 4.950 5.108 5.273 5.450 5.627 5.803 5.980 6.157 6.227 6.225 6.250 6.358 6.465 6.573 6.680 6.788 6.895 7.026 7.156 7.286 7.417 7.547 7.677 7.436 7.175 6.945 6.782 6.619 6.457 6.294 6.131 5.968 5.762 5.546 5.361 5.257 5.187 5.116 5.046 4.975 4.905 4.834 4.764 4.773 4.827 4.882 4.936 5.019 5.108 5.197 5.285 5.371 5.399 5.426 5.453 5.480 5.507 5.534 5.590 5.645 5.680 5.715 5.744 5.768 5.792 5.816 5.839 5.900 5.982
5.461 5.337 5.213 5.088 4.964 4.880 4.916 4.952 5.106 5.264 5.421 5.578 5.735 5.895 6.072 6.249 6.353 6.383 6.491 6.598 6.706 6.813 6.920 7.028 7.135 7.262 7.392 7.522 7.653 7.778 7.518 7.257 6.997 6.749 6.586 6.423 6.260 6.097 5.935 5.772 5.609 5.446 5.362 5.302 5.231 5.161 5.091 5.020 4.950 4.879 4.809 4.789 4.843 4.898 4.979 5.067 5.156 5.245 5.334 5.422 5.462 5.489 5.516 5.543 5.570 5.625 5.687 5.745 5.780 5.816 5.851 5.886 5.916 5.940 5.963 6.022 6.104
5.482 5.358 5.234 5.109 5.025 5.061 5.097 5.133 5.263 5.420 5.577 5.734 5.891 6.048 6.205 6.362 6.510 6.623 6.731 6.838 6.946 7.053 7.161 7.268 7.376 7.498 7.628 7.758 7.860 7.600 7.339 7.079 6.819 6.558 6.389 6.227 6.064 5.901 5.738 5.575 5.412 5.347 5.336 5.284 5.232 5.181 5.129 5.065 4.995 4.924 4.854 4.805 4.859 4.938 5.027 5.116 5.204 5.293 5.382 5.471 5.525 5.552 5.579 5.606 5.661 5.723 5.784 5.846 5.881 5.916 5.951 5.987 6.022 6.057 6.088 6.144 6.209
5.503 5.379 5.255 5.170 5.206 5.242 5.278 5.314 5.419 5.576 5.733 5.890 6.047 6.204 6.361 6.467 6.494 6.685 6.876 7.066 7.186 7.293 7.401 7.508 7.616 7.734 7.864 7.942 7.682 7.421 7.161 6.901 6.640 6.380 6.193 6.030 5.867 5.704 5.542 5.379 5.318 5.311 5.303 5.258 5.206 5.155 5.103 5.051 4.999 4.947 4.895 4.828 4.898 4.986 5.075 5.164 5.253 5.342 5.430 5.519 5.588 5.615 5.642 5.697 5.758 5.820 5.881 5.943 5.981 6.017 6.052 6.087 6.122 6.158 6.113 6.208 6.297
5.524 5.400 5.315 5.351 5.387 5.423 5.459 5.495 5.575 5.732 5.889 6.046 6.203 6.360 6.461 6.482 6.503 6.669 6.859 7.050 7.241 7.432 7.622 7.749 7.856 7.970 8.024 7.764 7.503 7.243 6.983 6.722 6.462 6.202 5.996 5.834 5.671 5.508 5.345 5.290 5.282 5.275 5.268 5.232 5.180 5.129 5.077 5.025 4.973 4.921 4.869 4.854 4.921 5.018 5.116 5.212 5.301 5.390 5.478 5.567 5.651 5.678 5.733 5.794 5.856 5.917 5.979 6.040 6.082 6.117 6.152 6.188 6.167 6.066 5.966 6.116 6.318
5.545 5.460 5.496 5.532 5.568 5.604 5.640 5.676 5.731 5.888 6.045 6.202 6.359 6.454 6.475 6.497 6.518 6.652 6.843 7.034 7.225 7.416 7.606 7.797 7.988 8.094 7.846 7.585 7.325 7.065 6.804 6.544 6.284 6.023 5.800 5.637 5.474 5.311 5.261 5.254 5.246 5.239 5.232 5.206 5.155 5.103 5.051 4.999 4.947 4.895 4.874 4.886 4.927 5.024 5.121 5.219 5.316 5.413 5.510 5.607 5.704 5.768 5.830 5.891 5.953 6.014 6.076 6.137 6.183 6.218 6.221 6.120 6.020 5.920 5.821 6.024 6.226
5.605 5.641 5.677 5.713 5.749 5.785 5.821 5.857 5.893 6.044 6.201 6.358 6.448 6.469 6.490 6.511 6.533 6.636 6.827 7.018 7.208 7.399 7.590 7.781 7.873 7.777 7.569 7.352 7.136 6.886 6.626 6.365 6.105 5.845 5.604 5.441 5.278 5.233 5.225 5.218 5.211 5.203 5.196 5.181 5.129 5.077 5.025 4.973 4.921 4.894 4.906 4.918 4.933 5.030 5.127 5.224 5.322 5.419 5.516 5.613 5.653 5.685 5.781 5.878 5.974 6.071 6.167 6.234 6.275 6.175 6.074 5.974 5.873 5.773 5.729 5.931 6.134
