includes/oleron/floodfiles/results_R2_t1.562594502398E12/res-0013.wdfp
ncols         631
nrows         906
xllcorner     364927.146667
yllcorner     6531972.565556
cellsize      20.000000
NODATA_value  -9999.000000
[rows 238 to 271 of 906, columns 462 to 538 of 631]
1.498 1.547 1.596 1.646 1.696 1.747 1.798 1.849 1.899 1.950 2.001 2.051 2.102 2.153 2.169 2.157 2.129 2.101 2.073 2.048 2.023 1.998 1.973 1.948 1.924 1.899 1.874 1.849 1.824 1.800 1.775 1.785 1.798 1.811 1.823 1.833 1.825 1.817 1.810 1.802 1.794 1.787 1.779 1.773 1.774 1.776 1.777 1.779 1.780 1.782 1.788 1.835 1.882 1.927 1.962 1.997 2.031 2.066 2.100 2.135 2.169 2.342 2.544 2.745 2.947 3.149 3.351 3.562 3.784 4.006 4.229 4.451 4.673 4.895 5.063 5.225 5.388
1.472 1.523 1.574 1.625 1.676 1.726 1.777 1.828 1.879 1.929 1.980 2.031 2.081 2.108 2.123 2.127 2.099 2.071 2.043 2.016 1.988 1.960 1.933 1.909 1.884 1.859 1.834 1.809 1.784 1.760 1.735 1.738 1.751 1.763 1.771 1.763 1.755 1.747 1.740 1.732 1.724 1.717 1.709 1.702 1.702 1.703 1.705 1.706 1.708 1.709 1.751 1.798 1.844 1.891 1.933 1.968 2.002 2.037 2.072 2.106 2.171 2.373 2.575 2.777 2.979 3.181 3.383 3.584 3.797 4.020 4.242 4.464 4.686 4.891 5.053 5.216 5.378
1.451 1.502 1.553 1.604 1.655 1.705 1.756 1.807 1.858 1.908 1.959 2.010 2.047 2.062 2.078 2.093 2.070 2.042 2.014 1.986 1.958 1.930 1.902 1.875 1.847 1.819 1.794 1.770 1.745 1.720 1.695 1.691 1.703 1.709 1.701 1.693 1.685 1.678 1.670 1.662 1.655 1.647 1.639 1.632 1.629 1.631 1.632 1.634 1.635 1.667 1.714 1.760 1.807 1.854 1.900 1.939 1.973 2.008 2.043 2.077 2.203 2.405 2.607 2.809 3.010 3.212 3.414 3.616 3.818 4.033 4.255 4.478 4.700 4.881 5.044 5.206 5.368
1.430 1.481 1.532 1.583 1.634 1.685 1.735 1.786 1.837 1.887 1.938 1.985 2.001 2.016 2.032 2.047 2.040 2.012 1.984 1.956 1.929 1.901 1.873 1.845 1.817 1.789 1.762 1.734 1.706 1.680 1.655 1.643 1.647 1.639 1.631 1.623 1.615 1.608 1.600 1.592 1.585 1.577 1.569 1.562 1.556 1.558 1.559 1.561 1.583 1.630 1.676 1.723 1.770 1.816 1.863 1.909 1.945 1.979 2.014 2.048 2.234 2.436 2.638 2.840 3.042 3.244 3.446 3.647 3.849 4.051 4.269 4.491 4.709 4.872 5.034 5.196 5.358
1.418 1.460 1.511 1.562 1.613 1.664 1.714 1.765 1.816 1.867 1.917 1.939 1.955 1.970 1.986 2.001 2.010 1.982 1.955 1.927 1.899 1.871 1.843 1.815 1.788 1.760 1.732 1.704 1.677 1.649 1.621 1.621 1.588 1.569 1.561 1.553 1.545 1.538 1.530 1.522 1.515 1.507 1.499 1.492 1.484 1.485 1.487 1.499 1.546 1.592 1.639 1.686 1.732 1.779 1.825 1.872 1.916 1.950 1.985 2.064 2.266 2.468 2.670 2.872 3.074 3.276 3.477 3.679 3.881 4.083 4.284 4.505 4.700 4.862 5.024 5.186 5.349
1.410 1.439 1.490 1.541 1.592 1.643 1.693 1.744 1.795 1.846 1.878 1.894 1.909 1.924 1.940 1.955 1.970 1.953 1.925 1.897 1.869 1.841 1.814 1.786 1.758 1.730 1.702 1.675 1.647 1.619 1.616 1.656 1.648 1.614 1.580 1.547 1.513 1.480 1.460 1.452 1.445 1.437 1.429 1.422 1.414 1.412 1.414 1.461 1.508 1.555 1.601 1.648 1.695 1.741 1.788 1.834 1.881 1.921 1.956 2.095 2.298 2.500 2.701 2.903 3.105 3.307 3.509 3.711 3.913 4.114 4.316 4.518 4.690 4.852 5.009 5.167 5.325
1.403 1.419 1.469 1.520 1.571 1.622 1.672 1.723 1.774 1.817 1.832 1.848 1.863 1.878 1.894 1.909 1.924 1.923 1.895 1.867 1.840 1.812 1.784 1.756 1.728 1.701 1.673 1.645 1.617 1.604 1.645 1.686 1.708 1.674 1.641 1.607 1.573 1.540 1.506 1.473 1.439 1.406 1.372 1.352 1.344 1.339 1.377 1.424 1.470 1.517 1.564 1.611 1.657 1.704 1.751 1.797 1.844 1.890 1.927 2.127 2.329 2.531 2.733 2.935 3.137 3.331 3.525 3.719 3.913 4.106 4.300 4.479 4.626 4.784 4.942 5.099 5.257
1.395 1.411 1.448 1.499 1.550 1.601 1.652 1.702 1.753 1.771 1.786 1.802 1.817 1.832 1.848 1.863 1.879 1.894 1.866 1.838 1.810 1.782 1.754 1.727 1.699 1.671 1.643 1.615 1.593 1.634 1.675 1.715 1.756 1.734 1.701 1.667 1.633 1.600 1.566 1.533 1.499 1.466 1.432 1.399 1.366 1.339 1.375 1.420 1.465 1.510 1.555 1.600 1.645 1.690 1.735 1.780 1.825 1.869 1.940 2.134 2.328 2.522 2.716 2.910 3.104 3.298 3.491 3.685 3.879 4.073 4.267 4.423 4.565 4.716 4.874 5.031 5.189
1.388 1.404 1.427 1.478 1.529 1.580 1.631 1.681 1.709 1.725 1.740 1.756 1.771 1.786 1.802 1.817 1.833 1.848 1.836 1.808 1.780 1.752 1.725 1.697 1.669 1.641 1.614 1.586 1.623 1.663 1.704 1.745 1.785 1.795 1.761 1.727 1.693 1.660 1.626 1.593 1.559 1.526 1.492 1.459 1.429 1.407 1.407 1.452 1.497 1.542 1.587 1.632 1.677 1.722 1.767 1.812 1.857 1.902 1.975 2.100 2.294 2.488 2.683 2.876 3.070 3.264 3.458 3.652 3.846 4.039 4.224 4.366 4.508 4.650 4.806 4.964 5.121
1.380 1.396 1.412 1.457 1.508 1.559 1.610 1.648 1.663 1.679 1.694 1.709 1.725 1.740 1.756 1.771 1.787 1.802 1.807 1.779 1.751 1.723 1.695 1.667 1.639 1.612 1.584 1.611 1.652 1.693 1.734 1.774 1.815 1.855 1.821 1.787 1.754 1.720 1.686 1.653 1.619 1.586 1.552 1.519 1.497 1.476 1.454 1.484 1.529 1.574 1.619 1.665 1.709 1.754 1.799 1.844 1.889 1.949 2.025 2.100 2.261 2.455 2.649 2.843 3.037 3.231 3.425 3.618 3.812 4.006 4.168 4.310 4.452 4.594 4.738 4.896 5.053
1.372 1.388 1.404 1.436 1.487 1.538 1.586 1.602 1.617 1.633 1.648 1.663 1.679 1.694 1.710 1.725 1.741 1.756 1.771 1.749 1.721 1.693 1.665 1.638 1.610 1.582 1.600 1.641 1.682 1.722 1.763 1.804 1.844 1.885 1.881 1.848 1.814 1.780 1.747 1.713 1.679 1.646 1.612 1.588 1.566 1.544 1.523 1.516 1.561 1.607 1.652 1.697 1.742 1.787 1.832 1.877 1.923 1.998 2.074 2.149 2.227 2.421 2.615 2.809 3.003 3.197 3.391 3.585 3.779 3.969 4.111 4.253 4.395 4.537 4.679 4.828 4.986
1.365 1.381 1.397 1.415 1.466 1.517 1.540 1.555 1.571 1.586 1.602 1.617 1.633 1.648 1.664 1.679 1.695 1.710 1.725 1.719 1.691 1.664 1.636 1.608 1.580 1.589 1.630 1.670 1.711 1.752 1.793 1.833 1.874 1.915 1.942 1.908 1.874 1.840 1.807 1.773 1.739 1.706 1.678 1.656 1.635 1.613 1.592 1.570 1.594 1.639 1.684 1.729 1.774 1.819 1.864 1.909 1.972 2.048 2.123 2.198 2.274 2.388 2.582 2.776 2.970 3.164 3.358 3.551 3.745 3.913 4.055 4.197 4.339 4.481 4.623 4.765 4.918
1.357 1.373 1.389 1.405 1.445 1.478 1.494 1.509 1.525 1.540 1.556 1.571 1.587 1.602 1.618 1.633 1.649 1.664 1.679 1.690 1.662 1.634 1.606 1.578 1.578 1.618 1.659 1.700 1.741 1.781 1.822 1.863 1.903 1.944 1.985 1.968 1.934 1.901 1.867 1.833 1.800 1.769 1.747 1.725 1.704 1.682 1.660 1.639 1.626 1.671 1.716 1.761 1.806 1.852 1.897 1.946 2.021 2.097 2.172 2.248 2.323 2.398 2.548 2.742 2.936 3.130 3.324 3.518 3.712 3.856 3.998 4.140 4.282 4.424 4.566 4.708 4.850
1.342 1.360 1.378 1.396 1.416 1.432 1.447 1.463 1.479 1.494 1.510 1.525 1.541 1.556 1.572 1.587 1.602 1.618 1.633 1.649 1.632 1.604 1.577 1.566 1.607 1.648 1.689 1.729 1.770 1.811 1.852 1.892 1.933 1.974 2.014 2.029 1.995 1.961 1.927 1.894 1.860 1.838 1.816 1.794 1.772 1.751 1.729 1.708 1.686 1.703 1.749 1.794 1.839 1.884 1.929 1.995 2.071 2.146 2.222 2.297 2.372 2.448 2.523 2.709 2.903 3.097 3.291 3.484 3.657 3.799 3.941 4.084 4.226 4.368 4.510 4.652 4.794
1.326 1.344 1.363 1.381 1.402 1.411 1.421 1.431 1.440 1.450 1.463 1.479 1.494 1.510 1.526 1.541 1.556 1.572 1.587 1.603 1.603 1.575 1.555 1.596 1.637 1.677 1.718 1.759 1.800 1.840 1.881 1.922 1.962 2.003 2.044 2.084 2.055 2.021 1.988 1.954 1.928 1.907 1.885 1.863 1.841 1.820 1.798 1.776 1.755 1.736 1.781 1.826 1.871 1.916 1.969 2.045 2.120 2.195 2.271 2.346 2.422 2.497 2.572 2.675 2.869 3.063 3.257 3.451 3.601 3.743 3.885 4.027 4.169 4.311 4.453 4.595 4.737
1.311 1.329 1.348 1.368 1.389 1.402 1.411 1.421 1.430 1.440 1.450 1.459 1.469 1.478 1.488 1.497 1.510 1.526 1.541 1.557 1.572 1.545 1.585 1.625 1.666 1.707 1.748 1.788 1.829 1.870 1.911 1.951 1.992 2.032 2.073 2.114 2.115 2.082 2.048 2.019 1.997 1.976 1.954 1.932 1.910 1.889 1.867 1.845 1.824 1.802 1.813 1.858 1.904 1.949 2.018 2.094 2.169 2.245 2.320 2.395 2.471 2.546 2.621 2.697 2.836 3.030 3.224 3.402 3.544 3.686 3.828 3.970 4.112 4.255 4.397 4.539 4.681
1.295 1.315 1.335 1.355 1.376 1.392 1.401 1.411 1.421 1.430 1.440 1.449 1.459 1.469 1.478 1.487 1.497 1.507 1.516 1.526 1.535 1.569 1.614 1.655 1.696 1.736 1.777 1.818 1.859 1.899 1.940 1.981 2.021 2.062 2.103 2.143 2.176 2.142 2.110 2.088 2.066 2.045 2.023 2.001 1.979 1.958 1.936 1.914 1.893 1.871 1.850 1.891 1.936 1.992 2.068 2.143 2.219 2.294 2.369 2.445 2.520 2.595 2.671 2.746 2.821 2.996 3.190 3.345 3.487 3.630 3.772 3.914 4.056 4.198 4.340 4.482 4.624
1.281 1.302 1.322 1.342 1.363 1.382 1.392 1.401 1.411 1.420 1.430 1.440 1.449 1.459 1.468 1.478 1.487 1.497 1.506 1.516 1.535 1.562 1.607 1.652 1.697 1.742 1.787 1.832 1.877 1.922 1.967 2.010 2.051 2.092 2.132 2.173 2.213 2.202 2.179 2.157 2.135 2.114 2.092 2.070 2.048 2.026 2.005 1.983 1.962 1.940 1.919 1.923 1.969 2.041 2.117 2.192 2.268 2.343 2.419 2.494 2.569 2.645 2.720 2.795 2.870 2.963 3.146 3.289 3.431 3.573 3.715 3.857 3.999 4.141 4.283 4.425 4.567
1.268 1.288 1.309 1.329 1.350 1.370 1.382 1.391 1.401 1.411 1.420 1.430 1.439 1.449 1.458 1.468 1.478 1.487 1.497 1.512 1.537 1.563 1.600 1.645 1.690 1.735 1.780 1.825 1.870 1.915 1.960 2.005 2.050 2.094 2.139 2.184 2.229 2.252 2.233 2.214 2.195 2.176 2.157 2.138 2.117 2.096 2.074 2.052 2.031 2.009 1.987 1.966 2.015 2.091 2.166 2.242 2.317 2.393 2.468 2.543 2.619 2.694 2.766 2.838 2.910 2.983 3.089 3.231 3.372 3.514 3.656 3.797 3.939 4.081 4.222 4.364 4.506
1.255 1.275 1.296 1.316 1.337 1.357 1.372 1.382 1.391 1.401 1.410 1.420 1.430 1.439 1.449 1.458 1.468 1.477 1.489 1.515 1.540 1.565 1.592 1.637 1.682 1.727 1.772 1.817 1.862 1.907 1.952 1.997 2.042 2.087 2.132 2.177 2.217 2.243 2.239 2.220 2.201 2.182 2.163 2.144 2.125 2.106 2.087 2.069 2.050 2.031 2.012 1.994 2.011 2.084 2.157 2.229 2.302 2.374 2.447 2.519 2.591 2.664 2.736 2.808 2.880 2.954 3.041 3.169 3.310 3.452 3.594 3.736 3.877 4.019 4.160 4.302 4.444
1.242 1.262 1.283 1.303 1.324 1.344 1.362 1.372 1.381 1.391 1.401 1.410 1.420 1.429 1.439 1.449 1.458 1.468 1.492 1.517 1.543 1.568 1.593 1.630 1.675 1.720 1.765 1.810 1.855 1.900 1.945 1.990 2.035 2.080 2.125 2.170 2.197 2.223 2.245 2.226 2.207 2.188 2.169 2.150 2.131 2.112 2.094 2.075 2.056 2.037 2.018 2.011 2.011 2.054 2.126 2.199 2.272 2.344 2.416 2.489 2.561 2.633 2.706 2.778 2.850 2.931 3.018 3.107 3.248 3.390 3.532 3.674 3.815 3.957 4.099 4.240 4.382
1.229 1.249 1.270 1.290 1.311 1.331 1.352 1.362 1.372 1.381 1.391 1.400 1.410 1.420 1.429 1.439 1.448 1.469 1.494 1.520 1.545 1.571 1.596 1.623 1.668 1.713 1.758 1.803 1.848 1.893 1.938 1.983 2.028 2.073 2.118 2.152 2.178 2.204 2.230 2.233 2.213 2.194 2.175 2.156 2.138 2.119 2.100 2.081 2.062 2.043 2.028 2.028 2.028 2.028 2.096 2.169 2.241 2.314 2.386 2.459 2.531 2.603 2.676 2.748 2.822 2.908 2.995 3.082 3.186 3.328 3.470 3.612 3.753 3.895 4.037 4.178 4.320
1.216 1.236 1.257 1.277 1.298 1.318 1.339 1.352 1.362 1.371 1.381 1.391 1.400 1.410 1.419 1.429 1.446 1.471 1.497 1.522 1.548 1.573 1.599 1.624 1.660 1.705 1.751 1.795 1.840 1.885 1.930 1.975 2.020 2.065 2.106 2.132 2.158 2.184 2.210 2.236 2.220 2.201 2.182 2.163 2.144 2.125 2.106 2.087 2.068 2.049 2.045 2.045 2.045 2.045 2.066 2.139 2.211 2.284 2.356 2.429 2.501 2.573 2.645 2.718 2.799 2.885 2.972 3.059 3.145 3.266 3.408 3.550 3.691 3.833 3.975 4.116 4.258
1.203 1.223 1.244 1.264 1.285 1.305 1.326 1.342 1.352 1.362 1.371 1.381 1.391 1.400 1.410 1.423 1.448 1.474 1.499 1.525 1.550 1.576 1.601 1.626 1.653 1.698 1.743 1.788 1.833 1.878 1.923 1.968 2.013 2.058 2.086 2.112 2.138 2.164 2.190 2.216 2.226 2.207 2.188 2.169 2.150 2.131 2.112 2.093 2.074 2.061 2.061 2.062 2.062 2.062 2.062 2.109 2.181 2.254 2.326 2.398 2.471 2.543 2.615 2.689 2.776 2.862 2.949 3.036 3.122 3.209 3.346 3.488 3.630 3.771 3.913 4.055 4.196
1.190 1.210 1.231 1.251 1.272 1.292 1.313 1.333 1.342 1.352 1.362 1.371 1.381 1.390 1.400 1.425 1.451 1.476 1.502 1.527 1.553 1.578 1.603 1.629 1.654 1.691 1.736 1.781 1.826 1.871 1.916 1.961 2.006 2.040 2.066 2.093 2.119 2.145 2.171 2.197 2.223 2.213 2.194 2.175 2.156 2.137 2.118 2.099 2.080 2.078 2.078 2.079 2.079 2.079 2.079 2.079 2.151 2.223 2.296 2.368 2.441 2.513 2.585 2.666 2.753 2.839 2.926 3.013 3.099 3.186 3.284 3.426 3.568 3.709 3.851 3.993 4.134
1.177 1.197 1.218 1.238 1.259 1.279 1.300 1.320 1.332 1.342 1.352 1.361 1.371 1.381 1.402 1.428 1.453 1.479 1.504 1.530 1.555 1.581 1.606 1.631 1.657 1.683 1.728 1.774 1.819 1.864 1.909 1.954 1.995 2.021 2.047 2.073 2.099 2.125 2.151 2.177 2.203 2.219 2.200 2.181 2.162 2.143 2.124 2.105 2.095 2.095 2.095 2.095 2.096 2.096 2.096 2.096 2.121 2.193 2.266 2.338 2.410 2.483 2.556 2.643 2.730 2.816 2.903 2.990 3.076 3.163 3.249 3.364 3.506 3.647 3.789 3.931 4.067
1.164 1.184 1.205 1.225 1.246 1.267 1.287 1.307 1.323 1.332 1.342 1.352 1.361 1.379 1.405 1.430 1.456 1.481 1.507 1.532 1.558 1.583 1.609 1.634 1.659 1.685 1.721 1.766 1.811 1.856 1.901 1.946 1.975 2.001 2.027 2.053 2.079 2.105 2.131 2.158 2.184 2.210 2.206 2.187 2.168 2.149 2.131 2.112 2.112 2.112 2.112 2.112 2.113 2.113 2.113 2.113 2.113 2.163 2.235 2.308 2.380 2.452 2.533 2.620 2.707 2.793 2.880 2.967 3.053 3.140 3.226 3.313 3.444 3.585 3.727 3.869 3.996
1.151 1.171 1.192 1.212 1.233 1.254 1.274 1.295 1.313 1.323 1.332 1.342 1.356 1.382 1.407 1.433 1.458 1.484 1.509 1.535 1.560 1.586 1.611 1.637 1.662 1.687 1.714 1.759 1.804 1.849 1.894 1.929 1.955 1.981 2.007 2.034 2.060 2.086 2.112 2.138 2.164 2.190 2.213 2.194 2.175 2.156 2.137 2.129 2.129 2.129 2.129 2.129 2.129 2.130 2.130 2.130 2.130 2.133 2.205 2.278 2.350 2.424 2.510 2.597 2.684 2.770 2.857 2.944 3.030 3.117 3.203 3.290 3.382 3.523 3.665 3.803 3.926
1.138 1.158 1.179 1.199 1.220 1.241 1.261 1.282 1.302 1.313 1.322 1.333 1.359 1.384 1.410 1.436 1.461 1.486 1.512 1.537 1.563 1.588 1.614 1.639 1.664 1.690 1.715 1.751 1.797 1.842 1.883 1.909 1.935 1.962 1.988 2.014 2.040 2.066 2.092 2.118 2.144 2.170 2.197 2.200 2.181 2.162 2.146 2.146 2.146 2.146 2.146 2.146 2.146 2.147 2.147 2.147 2.147 2.147 2.175 2.247 2.320 2.401 2.487 2.574 2.661 2.747 2.834 2.921 3.007 3.094 3.180 3.267 3.353 3.461 3.603 3.733 3.856
1.126 1.146 1.167 1.187 1.207 1.228 1.248 1.269 1.289 1.303 1.313 1.336 1.361 1.387 1.412 1.438 1.463 1.489 1.514 1.540 1.565 1.591 1.616 1.641 1.667 1.692 1.718 1.744 1.789 1.834 1.863 1.890 1.916 1.942 1.968 1.994 2.020 2.046 2.072 2.099 2.125 2.151 2.177 2.203 2.187 2.168 2.163 2.163 2.163 2.163 2.163 2.163 2.163 2.163 2.164 2.164 2.164 2.164 2.164 2.217 2.291 2.378 2.464 2.551 2.638 2.724 2.811 2.898 2.984 3.071 3.157 3.244 3.330 3.416 3.539 3.663 3.786
1.114 1.134 1.154 1.175 1.195 1.215 1.236 1.256 1.276 1.293 1.313 1.338 1.364 1.389 1.415 1.440 1.466 1.491 1.517 1.542 1.568 1.593 1.619 1.644 1.669 1.695 1.720 1.746 1.782 1.817 1.844 1.870 1.896 1.922 1.948 1.975 2.001 2.027 2.053 2.079 2.105 2.131 2.157 2.183 2.193 2.180 2.180 2.180 2.180 2.180 2.180 2.180 2.180 2.180 2.181 2.181 2.181 2.181 2.181 2.187 2.268 2.355 2.441 2.528 2.615 2.701 2.788 2.873 2.957 3.042 3.127 3.211 3.296 3.380 3.480 3.606 3.731
1.101 1.122 1.142 1.163 1.183 1.203 1.224 1.244 1.264 1.292 1.321 1.347 1.372 1.397 1.423 1.448 1.473 1.498 1.524 1.549 1.574 1.599 1.624 1.650 1.675 1.700 1.725 1.750 1.772 1.799 1.825 1.851 1.877 1.903 1.929 1.956 1.982 2.008 2.034 2.060 2.086 2.112 2.138 2.164 2.190 2.194 2.193 2.192 2.191 2.190 2.189 2.188 2.187 2.186 2.186 2.185 2.184 2.183 2.182 2.182 2.227 2.312 2.397 2.482 2.566 2.651 2.736 2.821 2.905 2.990 3.074 3.159 3.243 3.329 3.441 3.557 3.682
1.089 1.110 1.130 1.151 1.171 1.191 1.212 1.232 1.253 1.292 1.343 1.368 1.393 1.419 1.444 1.469 1.494 1.520 1.545 1.570 1.595 1.621 1.646 1.671 1.696 1.721 1.747 1.772 1.779 1.787 1.813 1.840 1.866 1.892 1.918 1.944 1.970 1.996 2.023 2.049 2.075 2.101 2.127 2.153 2.172 2.180 2.179 2.179 2.178 2.177 2.176 2.175 2.174 2.173 2.172 2.171 2.170 2.169 2.168 2.178 2.195 2.260 2.345 2.430 2.514 2.599 2.684 2.768 2.853 2.938 3.022 3.107 3.191 3.290 3.402 3.514 3.633
1.077 1.097 1.118 1.138 1.159 1.180 1.201 1.222 1.242 1.292 1.346 1.389 1.415 1.440 1.465 1.491 1.516 1.541 1.566 1.592 1.617 1.642 1.667 1.692 1.718 1.743 1.768 1.789 1.787 1.785 1.802 1.828 1.854 1.880 1.907 1.933 1.959 1.985 2.011 2.037 2.063 2.090 2.116 2.142 2.152 2.161 2.166 2.165 2.164 2.163 2.162 2.161 2.160 2.159 2.158 2.158 2.157 2.156 2.156 2.173 2.191 2.208 2.293 2.377 2.462 2.547 2.632 2.716 2.801 2.886 2.970 3.055 3.139 3.250 3.362 3.475 3.587
