includes/oleron/floodfiles/results_R2_t1.562594502398E12/res-0001.wdfp
ncols         631
nrows         906
xllcorner     364927.146667
yllcorner     6531972.565556
cellsize      20.000000
NODATA_value  -9999.000000
[rows 272 to 305 of 906, columns 462 to 538 of 631]
2.453 2.473 2.493 2.514 2.534 2.555 2.575 2.596 2.621 2.675 2.729 2.783 2.820 2.845 2.870 2.895 2.920 2.945 2.970 2.995 3.020 3.045 3.071 3.096 3.121 3.146 3.171 3.178 3.176 3.173 3.171 3.197 3.223 3.250 3.276 3.302 3.328 3.354 3.380 3.406 3.432 3.458 3.484 3.502 3.511 3.520 3.529 3.530 3.529 3.528 3.527 3.526 3.524 3.523 3.522 3.521 3.520 3.519 3.527 3.545 3.562 3.579 3.616 3.701 3.785 3.870 3.955 4.040 4.124 4.209 4.294 4.378 4.474 4.586 4.699 4.811 4.923
2.442 2.462 2.483 2.503 2.524 2.544 2.565 2.585 2.621 2.675 2.729 2.782 2.836 2.866 2.891 2.916 2.942 2.967 2.992 3.017 3.042 3.067 3.092 3.117 3.142 3.167 3.187 3.185 3.183 3.181 3.179 3.186 3.212 3.238 3.264 3.290 3.316 3.343 3.369 3.395 3.421 3.447 3.473 3.482 3.491 3.500 3.509 3.517 3.516 3.514 3.513 3.512 3.511 3.510 3.509 3.508 3.506 3.506 3.523 3.540 3.558 3.575 3.592 3.649 3.734 3.818 3.903 3.988 4.072 4.157 4.242 4.326 4.435 4.547 4.660 4.772 4.884
2.431 2.452 2.472 2.493 2.513 2.534 2.554 2.574 2.621 2.675 2.729 2.782 2.836 2.888 2.913 2.938 2.963 2.988 3.013 3.038 3.063 3.088 3.114 3.139 3.164 3.189 3.195 3.193 3.191 3.189 3.187 3.185 3.201 3.227 3.253 3.279 3.305 3.331 3.358 3.384 3.410 3.436 3.454 3.462 3.471 3.480 3.489 3.497 3.502 3.501 3.500 3.499 3.498 3.496 3.495 3.494 3.493 3.502 3.519 3.536 3.553 3.571 3.588 3.605 3.682 3.766 3.851 3.936 4.021 4.105 4.190 4.284 4.396 4.509 4.621 4.733 4.845
2.420 2.441 2.461 2.482 2.503 2.523 2.543 2.567 2.621 2.675 2.728 2.782 2.836 2.889 2.935 2.960 2.985 3.010 3.035 3.060 3.085 3.110 3.135 3.160 3.185 3.205 3.203 3.201 3.199 3.196 3.194 3.192 3.190 3.216 3.242 3.268 3.294 3.320 3.346 3.372 3.398 3.424 3.434 3.442 3.451 3.460 3.469 3.477 3.486 3.488 3.487 3.486 3.484 3.483 3.482 3.481 3.480 3.497 3.515 3.532 3.549 3.566 3.584 3.601 3.630 3.715 3.799 3.884 3.969 4.054 4.138 4.245 4.357 4.470 4.582 4.694 4.806
2.410 2.430 2.451 2.471 2.492 2.512 2.533 2.567 2.621 2.674 2.728 2.782 2.835 2.889 2.943 2.981 3.006 3.031 3.056 3.082 3.107 3.132 3.157 3.182 3.207 3.213 3.211 3.208 3.206 3.204 3.202 3.200 3.198 3.205 3.231 3.257 3.283 3.309 3.335 3.361 3.387 3.405 3.413 3.422 3.431 3.440 3.449 3.457 3.466 3.475 3.473 3.472 3.471 3.470 3.469 3.468 3.476 3.493 3.510 3.528 3.545 3.562 3.580 3.597 3.614 3.663 3.748 3.833 3.917 4.002 4.094 4.206 4.318 4.431 4.543 4.655 4.767
2.399 2.419 2.440 2.461 2.481 2.502 2.522 2.567 2.620 2.674 2.728 2.781 2.835 2.889 2.943 2.996 3.028 3.053 3.078 3.103 3.128 3.153 3.178 3.203 3.222 3.220 3.218 3.216 3.214 3.212 3.210 3.208 3.206 3.204 3.220 3.246 3.272 3.298 3.324 3.350 3.376 3.385 3.393 3.402 3.411 3.420 3.429 3.437 3.446 3.455 3.460 3.459 3.458 3.457 3.456 3.455 3.472 3.489 3.506 3.524 3.541 3.558 3.575 3.593 3.610 3.627 3.696 3.781 3.865 3.950 4.055 4.167 4.279 4.392 4.504 4.616 4.728
2.388 2.409 2.429 2.450 2.470 2.491 2.513 2.566 2.620 2.674 2.727 2.781 2.835 2.889 2.942 2.996 3.050 3.075 3.100 3.125 3.150 3.175 3.200 3.225 3.230 3.228 3.226 3.224 3.222 3.220 3.218 3.216 3.214 3.212 3.210 3.235 3.261 3.287 3.313 3.339 3.356 3.365 3.373 3.382 3.391 3.400 3.408 3.417 3.426 3.435 3.443 3.446 3.445 3.443 3.442 3.450 3.468 3.485 3.502 3.519 3.537 3.554 3.571 3.588 3.606 3.623 3.644 3.729 3.814 3.903 4.016 4.128 4.240 4.352 4.465 4.577 4.689
2.378 2.398 2.419 2.439 2.460 2.480 2.512 2.566 2.620 2.673 2.727 2.781 2.835 2.888 2.942 2.996 3.050 3.096 3.121 3.146 3.171 3.197 3.222 3.240 3.238 3.236 3.234 3.232 3.230 3.228 3.225 3.223 3.221 3.219 3.217 3.224 3.250 3.276 3.302 3.327 3.336 3.345 3.353 3.362 3.371 3.380 3.388 3.397 3.406 3.415 3.424 3.432 3.431 3.430 3.429 3.446 3.463 3.481 3.498 3.515 3.532 3.550 3.567 3.584 3.601 3.619 3.636 3.677 3.762 3.864 3.976 4.089 4.201 4.313 4.426 4.538 4.650
2.367 2.388 2.408 2.429 2.449 2.470 2.512 2.566 2.619 2.673 2.727 2.781 2.834 2.888 2.942 2.996 3.049 3.103 3.143 3.168 3.193 3.218 3.243 3.248 3.246 3.244 3.242 3.240 3.237 3.235 3.233 3.231 3.229 3.227 3.225 3.223 3.238 3.264 3.291 3.307 3.316 3.324 3.333 3.342 3.351 3.360 3.368 3.377 3.386 3.395 3.403 3.412 3.418 3.417 3.425 3.442 3.459 3.476 3.494 3.511 3.528 3.545 3.563 3.580 3.597 3.615 3.632 3.649 3.713 3.825 3.937 4.050 4.162 4.274 4.385 4.495 4.605
2.357 2.377 2.398 2.418 2.439 2.459 2.512 2.565 2.619 2.673 2.727 2.780 2.834 2.888 2.942 2.995 3.049 3.103 3.157 3.190 3.215 3.240 3.258 3.255 3.253 3.251 3.249 3.247 3.245 3.243 3.241 3.239 3.237 3.235 3.233 3.231 3.228 3.253 3.278 3.287 3.295 3.304 3.313 3.322 3.331 3.340 3.348 3.357 3.366 3.375 3.383 3.392 3.401 3.404 3.420 3.438 3.455 3.472 3.490 3.507 3.524 3.542 3.560 3.578 3.595 3.613 3.631 3.649 3.667 3.771 3.881 3.991 4.102 4.212 4.322 4.432 4.543
2.348 2.367 2.387 2.408 2.428 2.458 2.511 2.565 2.619 2.673 2.726 2.780 2.834 2.888 2.941 2.995 3.049 3.103 3.156 3.210 3.236 3.261 3.265 3.263 3.261 3.259 3.257 3.255 3.253 3.251 3.249 3.247 3.245 3.243 3.241 3.238 3.236 3.242 3.258 3.267 3.275 3.284 3.293 3.302 3.311 3.320 3.328 3.337 3.345 3.353 3.361 3.370 3.378 3.401 3.421 3.439 3.457 3.475 3.493 3.511 3.529 3.547 3.564 3.582 3.600 3.618 3.636 3.654 3.672 3.708 3.818 3.929 4.039 4.149 4.259 4.370 4.480
2.345 2.357 2.377 2.397 2.417 2.457 2.511 2.565 2.619 2.672 2.726 2.780 2.834 2.887 2.941 2.995 3.049 3.102 3.156 3.210 3.258 3.275 3.273 3.271 3.269 3.267 3.265 3.263 3.261 3.259 3.257 3.254 3.248 3.242 3.236 3.230 3.224 3.220 3.234 3.242 3.251 3.259 3.268 3.276 3.284 3.292 3.301 3.309 3.317 3.326 3.334 3.342 3.351 3.389 3.426 3.444 3.462 3.480 3.498 3.516 3.534 3.552 3.569 3.587 3.605 3.623 3.641 3.659 3.677 3.695 3.756 3.866 3.976 4.086 4.197 4.307 4.417
2.342 2.354 2.366 2.386 2.407 2.457 2.511 2.564 2.618 2.672 2.726 2.780 2.833 2.887 2.941 2.995 3.048 3.102 3.156 3.204 3.252 3.264 3.258 3.252 3.246 3.240 3.234 3.228 3.222 3.216 3.210 3.205 3.199 3.193 3.187 3.181 3.175 3.183 3.204 3.215 3.223 3.232 3.240 3.248 3.257 3.265 3.273 3.282 3.290 3.298 3.307 3.315 3.335 3.376 3.418 3.449 3.467 3.485 3.503 3.521 3.539 3.556 3.574 3.592 3.610 3.628 3.646 3.664 3.682 3.701 3.719 3.803 3.913 4.024 4.134 4.244 4.354
2.340 2.351 2.363 2.376 2.403 2.457 2.511 2.564 2.618 2.672 2.725 2.774 2.822 2.870 2.918 2.966 3.013 3.061 3.109 3.157 3.198 3.209 3.209 3.203 3.197 3.191 3.185 3.179 3.173 3.167 3.161 3.155 3.149 3.143 3.137 3.132 3.126 3.146 3.167 3.187 3.196 3.204 3.213 3.221 3.229 3.238 3.246 3.254 3.262 3.271 3.279 3.287 3.323 3.364 3.406 3.447 3.472 3.490 3.508 3.526 3.543 3.561 3.579 3.597 3.615 3.633 3.651 3.669 3.687 3.706 3.724 3.742 3.851 3.961 4.071 4.181 4.292
2.337 2.348 2.359 2.369 2.392 2.440 2.488 2.536 2.584 2.631 2.679 2.727 2.775 2.823 2.871 2.919 2.967 3.014 3.062 3.110 3.136 3.146 3.157 3.153 3.147 3.142 3.136 3.130 3.124 3.118 3.112 3.106 3.100 3.094 3.088 3.082 3.087 3.109 3.130 3.151 3.168 3.177 3.185 3.193 3.202 3.210 3.218 3.227 3.235 3.243 3.252 3.268 3.310 3.352 3.393 3.435 3.476 3.495 3.513 3.531 3.548 3.566 3.584 3.602 3.620 3.638 3.656 3.674 3.693 3.711 3.729 3.747 3.788 3.898 4.008 4.119 4.229
2.316 2.325 2.335 2.344 2.360 2.393 2.441 2.489 2.537 2.585 2.632 2.680 2.728 2.776 2.824 2.872 2.920 2.968 3.016 3.062 3.073 3.084 3.095 3.104 3.098 3.092 3.086 3.080 3.075 3.069 3.063 3.057 3.051 3.045 3.039 3.033 3.050 3.071 3.093 3.114 3.135 3.149 3.158 3.166 3.174 3.183 3.191 3.199 3.208 3.216 3.224 3.256 3.298 3.339 3.381 3.422 3.464 3.500 3.518 3.536 3.553 3.571 3.589 3.607 3.625 3.643 3.661 3.679 3.698 3.716 3.734 3.752 3.771 3.835 3.946 4.056 4.166
2.291 2.301 2.310 2.323 2.338 2.353 2.394 2.442 2.490 2.538 2.586 2.634 2.681 2.729 2.777 2.825 2.873 2.921 2.969 3.000 3.011 3.022 3.033 3.044 3.049 3.043 3.037 3.031 3.025 3.019 3.013 3.008 3.002 2.996 2.990 2.991 3.013 3.034 3.056 3.077 3.098 3.119 3.130 3.138 3.147 3.155 3.164 3.172 3.180 3.189 3.202 3.244 3.285 3.327 3.368 3.410 3.451 3.493 3.523 3.540 3.558 3.576 3.594 3.612 3.630 3.648 3.666 3.684 3.703 3.721 3.739 3.757 3.776 3.794 3.883 3.993 4.103
2.267 2.277 2.286 2.301 2.317 2.332 2.347 2.395 2.443 2.491 2.539 2.587 2.635 2.682 2.730 2.778 2.826 2.874 2.922 2.938 2.949 2.959 2.970 2.981 2.992 2.994 2.988 2.982 2.976 2.970 2.964 2.958 2.952 2.946 2.941 2.954 2.975 2.997 3.018 3.040 3.061 3.082 3.103 3.111 3.119 3.128 3.136 3.144 3.153 3.161 3.190 3.231 3.273 3.314 3.356 3.397 3.439 3.481 3.522 3.545 3.563 3.581 3.599 3.617 3.635 3.653 3.671 3.690 3.708 3.726 3.744 3.763 3.781 3.799 3.820 3.930 4.041
2.243 2.252 2.264 2.280 2.295 2.310 2.326 2.348 2.396 2.444 2.492 2.540 2.588 2.636 2.684 2.731 2.779 2.827 2.864 2.875 2.886 2.897 2.908 2.919 2.930 2.941 2.938 2.933 2.927 2.921 2.915 2.909 2.903 2.897 2.895 2.917 2.938 2.959 2.981 3.002 3.024 3.045 3.066 3.084 3.092 3.100 3.109 3.117 3.126 3.136 3.177 3.219 3.260 3.302 3.343 3.385 3.427 3.468 3.510 3.550 3.568 3.586 3.604 3.622 3.640 3.658 3.676 3.695 3.713 3.731 3.750 3.768 3.786 3.804 3.822 3.868 3.978
2.219 2.228 2.243 2.258 2.273 2.289 2.304 2.319 2.349 2.397 2.445 2.493 2.541 2.589 2.637 2.685 2.732 2.780 2.802 2.813 2.824 2.835 2.846 2.857 2.868 2.879 2.889 2.883 2.877 2.871 2.865 2.860 2.854 2.848 2.858 2.879 2.901 2.922 2.944 2.965 2.986 3.008 3.029 3.050 3.065 3.073 3.081 3.090 3.098 3.123 3.165 3.206 3.248 3.289 3.331 3.372 3.414 3.455 3.497 3.539 3.573 3.591 3.609 3.627 3.645 3.663 3.681 3.700 3.718 3.736 3.755 3.773 3.791 3.809 3.827 3.846 3.915
2.194 2.206 2.221 2.236 2.252 2.267 2.282 2.298 2.313 2.350 2.398 2.446 2.494 2.542 2.590 2.638 2.686 2.729 2.740 2.751 2.761 2.772 2.783 2.794 2.805 2.816 2.827 2.834 2.828 2.822 2.816 2.810 2.804 2.799 2.821 2.842 2.863 2.885 2.906 2.928 2.949 2.970 2.992 3.013 3.035 3.046 3.054 3.062 3.071 3.111 3.152 3.194 3.235 3.277 3.318 3.360 3.402 3.443 3.485 3.526 3.568 3.596 3.614 3.632 3.650 3.668 3.687 3.705 3.723 3.741 3.760 3.778 3.796 3.814 3.833 3.851 3.869
2.170 2.184 2.200 2.215 2.230 2.245 2.261 2.276 2.291 2.307 2.351 2.399 2.447 2.495 2.543 2.591 2.639 2.667 2.677 2.688 2.699 2.710 2.721 2.732 2.743 2.754 2.765 2.776 2.779 2.773 2.767 2.761 2.755 2.762 2.783 2.805 2.826 2.847 2.869 2.890 2.912 2.933 2.955 2.976 2.997 3.018 3.026 3.035 3.057 3.098 3.140 3.181 3.223 3.264 3.306 3.347 3.389 3.431 3.472 3.514 3.555 3.597 3.619 3.637 3.655 3.673 3.692 3.710 3.728 3.747 3.765 3.782 3.800 3.818 3.835 3.853 3.871
2.147 2.163 2.178 2.193 2.208 2.224 2.239 2.254 2.270 2.285 2.305 2.352 2.400 2.448 2.496 2.544 2.592 2.604 2.615 2.626 2.637 2.648 2.659 2.670 2.680 2.691 2.702 2.713 2.724 2.723 2.718 2.712 2.706 2.725 2.746 2.767 2.789 2.810 2.832 2.853 2.874 2.896 2.917 2.939 2.960 2.981 2.999 3.007 3.044 3.086 3.127 3.169 3.210 3.252 3.293 3.335 3.376 3.418 3.460 3.501 3.541 3.582 3.621 3.639 3.657 3.675 3.692 3.710 3.728 3.746 3.763 3.781 3.799 3.817 3.834 3.852 3.867
2.126 2.141 2.156 2.172 2.187 2.202 2.218 2.233 2.248 2.264 2.279 2.305 2.353 2.401 2.449 2.497 2.531 2.542 2.553 2.564 2.574 2.585 2.596 2.607 2.618 2.629 2.640 2.651 2.662 2.673 2.668 2.662 2.666 2.687 2.709 2.730 2.751 2.773 2.794 2.816 2.837 2.859 2.880 2.901 2.923 2.944 2.965 2.990 3.032 3.073 3.114 3.154 3.195 3.236 3.276 3.317 3.358 3.398 3.439 3.480 3.520 3.561 3.604 3.638 3.656 3.674 3.691 3.709 3.727 3.745 3.762 3.780 3.798 3.816 3.833 3.851 3.859
2.104 2.120 2.135 2.150 2.166 2.181 2.196 2.211 2.227 2.242 2.257 2.273 2.307 2.354 2.402 2.450 2.469 2.480 2.490 2.501 2.512 2.523 2.534 2.545 2.556 2.567 2.578 2.589 2.599 2.610 2.619 2.613 2.628 2.650 2.671 2.693 2.714 2.735 2.757 2.778 2.800 2.825 2.851 2.876 2.902 2.927 2.953 2.975 3.011 3.052 3.093 3.133 3.174 3.215 3.255 3.296 3.337 3.377 3.418 3.459 3.499 3.541 3.584 3.627 3.655 3.673 3.690 3.708 3.726 3.744 3.761 3.779 3.797 3.814 3.832 3.848 3.852
2.083 2.098 2.114 2.129 2.144 2.159 2.175 2.190 2.205 2.220 2.236 2.251 2.266 2.308 2.355 2.395 2.406 2.417 2.428 2.439 2.450 2.461 2.472 2.483 2.493 2.504 2.515 2.526 2.537 2.548 2.559 2.570 2.592 2.617 2.643 2.668 2.694 2.719 2.745 2.770 2.796 2.821 2.847 2.872 2.898 2.923 2.948 2.970 2.991 3.031 3.072 3.112 3.153 3.194 3.234 3.275 3.316 3.357 3.397 3.438 3.478 3.521 3.564 3.607 3.651 3.671 3.689 3.707 3.725 3.742 3.760 3.778 3.796 3.813 3.831 3.840 3.844
2.061 2.077 2.092 2.107 2.122 2.138 2.153 2.168 2.184 2.199 2.214 2.229 2.245 2.261 2.308 2.333 2.344 2.355 2.366 2.377 2.388 2.398 2.409 2.420 2.434 2.452 2.469 2.487 2.505 2.522 2.540 2.562 2.588 2.613 2.639 2.664 2.690 2.715 2.741 2.766 2.792 2.817 2.843 2.868 2.894 2.919 2.943 2.964 2.986 3.010 3.051 3.091 3.132 3.173 3.214 3.254 3.295 3.336 3.376 3.417 3.458 3.501 3.544 3.588 3.631 3.670 3.688 3.706 3.724 3.741 3.759 3.777 3.795 3.812 3.829 3.833 3.837
2.040 2.055 2.070 2.085 2.101 2.116 2.131 2.147 2.162 2.177 2.192 2.208 2.223 2.238 2.259 2.270 2.287 2.304 2.322 2.340 2.357 2.375 2.392 2.410 2.427 2.445 2.462 2.480 2.497 2.515 2.532 2.558 2.584 2.610 2.635 2.661 2.686 2.712 2.737 2.763 2.788 2.813 2.839 2.865 2.890 2.915 2.938 2.959 2.981 3.002 3.030 3.070 3.111 3.152 3.193 3.233 3.274 3.315 3.355 3.396 3.438 3.481 3.525 3.568 3.611 3.654 3.687 3.705 3.723 3.740 3.758 3.776 3.793 3.811 3.822 3.825 3.829
2.018 2.033 2.049 2.064 2.079 2.094 2.111 2.127 2.144 2.161 2.177 2.194 2.210 2.227 2.244 2.262 2.279 2.297 2.315 2.332 2.350 2.367 2.385 2.403 2.420 2.437 2.455 2.473 2.490 2.508 2.528 2.554 2.580 2.606 2.631 2.657 2.682 2.708 2.733 2.759 2.784 2.810 2.835 2.861 2.886 2.911 2.932 2.954 2.975 2.996 3.018 3.049 3.090 3.131 3.172 3.212 3.253 3.294 3.334 3.375 3.418 3.462 3.505 3.548 3.591 3.634 3.677 3.704 3.721 3.739 3.757 3.775 3.792 3.810 3.814 3.818 3.822
2.003 2.020 2.036 2.053 2.070 2.086 2.103 2.119 2.136 2.152 2.169 2.186 2.202 2.219 2.237 2.255 2.272 2.290 2.307 2.325 2.343 2.360 2.378 2.395 2.413 2.430 2.448 2.465 2.483 2.500 2.524 2.550 2.576 2.601 2.627 2.653 2.678 2.704 2.729 2.755 2.780 2.806 2.831 2.857 2.882 2.906 2.927 2.948 2.970 2.991 3.012 3.034 3.069 3.110 3.151 3.191 3.232 3.273 3.313 3.355 3.399 3.442 3.485 3.528 3.571 3.614 3.658 3.701 3.720 3.738 3.756 3.773 3.791 3.803 3.807 3.811 3.814
1.995 2.011 2.028 2.045 2.061 2.078 2.094 2.111 2.128 2.144 2.161 2.178 2.194 2.211 2.229 2.247 2.265 2.282 2.300 2.318 2.335 2.353 2.370 2.388 2.406 2.423 2.441 2.458 2.476 2.494 2.520 2.546 2.571 2.597 2.623 2.649 2.675 2.700 2.726 2.751 2.776 2.802 2.827 2.853 2.878 2.900 2.922 2.943 2.964 2.986 3.007 3.028 3.050 3.089 3.130 3.170 3.211 3.252 3.292 3.335 3.379 3.422 3.465 3.508 3.551 3.595 3.638 3.681 3.719 3.737 3.755 3.772 3.790 3.796 3.799 3.803 3.807
1.986 2.003 2.020 2.036 2.053 2.070 2.086 2.103 2.120 2.136 2.153 2.170 2.186 2.204 2.222 2.240 2.257 2.275 2.293 2.310 2.328 2.346 2.363 2.381 2.398 2.416 2.433 2.451 2.468 2.490 2.515 2.541 2.567 2.593 2.619 2.645 2.671 2.696 2.722 2.747 2.773 2.798 2.823 2.849 2.873 2.895 2.916 2.938 2.959 2.980 3.002 3.023 3.044 3.068 3.109 3.149 3.190 3.231 3.272 3.316 3.359 3.402 3.445 3.488 3.532 3.575 3.618 3.661 3.704 3.736 3.754 3.771 3.785 3.788 3.792 3.796 3.799
1.978 1.995 2.012 2.028 2.045 2.061 2.078 2.095 2.111 2.128 2.145 2.161 2.178 2.196 2.214 2.232 2.250 2.268 2.286 2.303 2.321 2.338 2.356 2.373 2.391 2.408 2.426 2.444 2.461 2.485 2.511 2.537 2.563 2.589 2.615 2.641 2.666 2.692 2.718 2.743 2.769 2.794 2.820 2.845 2.868 2.889 2.911 2.932 2.953 2.975 2.996 3.018 3.039 3.060 3.088 3.128 3.169 3.210 3.252 3.296 3.339 3.382 3.425 3.468 3.512 3.555 3.598 3.641 3.684 3.728 3.753 3.770 3.777 3.781 3.784 3.788 3.792
1.970 1.987 2.003 2.020 2.037 2.053 2.070 2.087 2.103 2.120 2.137 2.153 2.171 2.189 2.207 2.225 2.242 2.260 2.278 2.296 2.314 2.331 2.349 2.366 2.384 2.401 2.419 2.436 2.455 2.481 2.507 2.533 2.559 2.584 2.610 2.636 2.662 2.688 2.714 2.739 2.765 2.790 2.816 2.841 2.863 2.884 2.905 2.927 2.948 2.969 2.991 3.012 3.033 3.055 3.076 3.107 3.148 3.189 3.233 3.276 3.319 3.362 3.405 3.449 3.492 3.535 3.578 3.622 3.665 3.708 3.751 3.766 3.770 3.773 3.777 3.781 3.784
