includes/oleron/floodfiles/results_R2_t1.562594502398E12/res-0013.wdfp
ncols         631
nrows         906
xllcorner     364927.146667
yllcorner     6531972.565556
cellsize      20.000000
NODATA_value  -9999.000000
[rows 34 to 67 of 906, columns 462 to 538 of 631]
13.743 13.666 13.590 13.515 13.440 13.365 13.291 13.217 13.145 13.077 13.009 12.940 12.872 12.804 12.735 12.667 12.598 12.537 12.492 12.446 12.400 12.355 12.309 12.263 12.217 12.172 12.126 12.080 12.035 11.989 11.930 11.866 11.802 11.738 11.673 11.609 11.545 11.481 11.417 11.353 11.288 11.224 11.160 11.119 11.088 11.057 11.026 10.995 10.964 10.933 10.902 10.871 10.883 10.924 10.966 11.008 11.071 11.167 11.263 11.360 11.456 11.552 11.653 11.760 11.868 11.975 12.082 12.189 12.297 12.404 12.509 12.613 12.717 12.820 12.924 12.983 13.026
13.747 13.672 13.596 13.521 13.446 13.371 13.297 13.223 13.148 13.074 13.006 12.937 12.869 12.801 12.732 12.664 12.596 12.536 12.490 12.445 12.399 12.353 12.308 12.262 12.216 12.170 12.125 12.079 12.037 11.995 11.946 11.890 11.825 11.761 11.697 11.633 11.568 11.505 11.441 11.376 11.312 11.248 11.183 11.145 11.114 11.083 11.052 11.021 10.990 10.959 10.928 10.897 10.866 10.848 10.889 10.931 10.998 11.094 11.191 11.287 11.390 11.497 11.605 11.712 11.819 11.926 12.034 12.141 12.248 12.355 12.460 12.564 12.668 12.772 12.876 12.980 13.063
13.753 13.677 13.602 13.527 13.452 13.377 13.303 13.229 13.154 13.080 13.006 12.934 12.866 12.798 12.729 12.661 12.593 12.535 12.489 12.443 12.398 12.352 12.306 12.261 12.215 12.169 12.128 12.087 12.045 12.004 11.953 11.901 11.848 11.785 11.720 11.656 11.592 11.528 11.464 11.400 11.336 11.271 11.207 11.172 11.141 11.110 11.079 11.048 11.017 10.986 10.955 10.924 10.893 10.862 10.831 10.854 10.926 11.022 11.127 11.234 11.342 11.449 11.556 11.663 11.771 11.878 11.985 12.093 12.200 12.307 12.411 12.515 12.619 12.723 12.827 12.931 13.035
13.759 13.683 13.608 13.533 13.458 13.383 13.309 13.235 13.160 13.086 13.012 12.937 12.863 12.795 12.726 12.658 12.590 12.534 12.488 12.442 12.396 12.351 12.305 12.260 12.219 12.178 12.137 12.095 12.054 12.013 11.961 11.908 11.856 11.803 11.744 11.680 11.615 11.551 11.488 11.424 11.359 11.295 11.231 11.198 11.167 11.136 11.105 11.074 11.043 11.012 10.981 10.950 10.919 10.889 10.858 10.827 10.863 10.971 11.079 11.186 11.293 11.401 11.508 11.615 11.722 11.830 11.937 12.044 12.151 12.258 12.362 12.467 12.571 12.675 12.778 12.882 12.986
13.764 13.689 13.614 13.539 13.464 13.389 13.315 13.241 13.166 13.092 13.017 12.943 12.869 12.794 12.724 12.655 12.587 12.532 12.487 12.441 12.395 12.352 12.310 12.269 12.228 12.186 12.145 12.104 12.063 12.021 11.968 11.916 11.863 11.811 11.758 11.703 11.639 11.575 11.510 11.447 11.383 11.319 11.256 11.225 11.194 11.163 11.132 11.101 11.070 11.039 11.008 10.977 10.946 10.914 10.878 10.842 10.871 10.929 11.030 11.138 11.245 11.352 11.459 11.567 11.674 11.781 11.888 11.996 12.103 12.209 12.313 12.417 12.522 12.626 12.730 12.834 12.937
13.770 13.695 13.620 13.545 13.470 13.395 13.321 13.246 13.172 13.098 13.023 12.949 12.875 12.800 12.726 12.652 12.584 12.531 12.485 12.443 12.402 12.360 12.319 12.278 12.236 12.195 12.154 12.113 12.071 12.029 11.976 11.923 11.871 11.818 11.766 11.713 11.660 11.598 11.534 11.470 11.407 11.342 11.282 11.251 11.220 11.189 11.158 11.127 11.096 11.065 11.034 11.001 10.965 10.929 10.894 10.858 10.894 10.952 11.010 11.089 11.196 11.304 11.411 11.518 11.626 11.733 11.840 11.947 12.055 12.161 12.265 12.369 12.473 12.577 12.681 12.785 12.889
13.776 13.701 13.626 13.551 13.475 13.401 13.327 13.252 13.178 13.104 13.029 12.955 12.881 12.806 12.732 12.658 12.583 12.534 12.493 12.451 12.410 12.369 12.328 12.286 12.245 12.204 12.162 12.121 12.080 12.036 11.983 11.931 11.878 11.826 11.773 11.720 11.668 11.615 11.558 11.493 11.429 11.366 11.309 11.278 11.247 11.216 11.185 11.154 11.123 11.088 11.052 11.017 10.981 10.945 10.910 10.874 10.918 10.975 11.033 11.092 11.149 11.255 11.363 11.470 11.577 11.684 11.792 11.899 12.006 12.112 12.216 12.320 12.424 12.529 12.632 12.736 12.840
13.782 13.707 13.632 13.557 13.481 13.407 13.333 13.258 13.184 13.110 13.035 12.961 12.887 12.812 12.738 12.662 12.586 12.541 12.501 12.460 12.419 12.377 12.336 12.295 12.254 12.212 12.171 12.130 12.088 12.043 11.991 11.938 11.886 11.833 11.781 11.728 11.675 11.623 11.570 11.517 11.453 11.389 11.335 11.304 11.273 11.242 11.210 11.175 11.139 11.104 11.068 11.032 10.997 10.961 10.925 10.890 10.941 10.999 11.056 11.115 11.173 11.230 11.314 11.422 11.529 11.636 11.743 11.851 11.958 12.064 12.167 12.271 12.375 12.480 12.584 12.688 12.792
13.788 13.713 13.638 13.562 13.487 13.413 13.339 13.264 13.190 13.116 13.041 12.967 12.892 12.816 12.740 12.665 12.589 12.547 12.508 12.468 12.427 12.386 12.345 12.304 12.262 12.221 12.180 12.138 12.097 12.051 11.998 11.946 11.893 11.841 11.788 11.735 11.683 11.630 11.578 11.525 11.472 11.412 11.362 11.331 11.298 11.262 11.226 11.191 11.155 11.119 11.084 11.048 11.012 10.977 10.941 10.907 10.964 11.022 11.080 11.138 11.196 11.254 11.312 11.373 11.480 11.588 11.695 11.802 11.909 12.015 12.119 12.223 12.326 12.430 12.535 12.639 12.743
13.794 13.719 13.644 13.568 13.493 13.419 13.345 13.270 13.196 13.122 13.047 12.971 12.895 12.819 12.743 12.667 12.592 12.553 12.514 12.474 12.435 12.395 12.353 12.312 12.271 12.230 12.188 12.147 12.106 12.058 12.006 11.953 11.901 11.848 11.795 11.743 11.690 11.638 11.585 11.533 11.480 11.427 11.384 11.349 11.313 11.278 11.242 11.206 11.171 11.135 11.100 11.064 11.028 10.993 10.957 10.930 10.988 11.046 11.103 11.161 11.220 11.277 11.335 11.393 11.450 11.539 11.647 11.754 11.861 11.966 12.070 12.174 12.278 12.382 12.487 12.597 12.707
13.779 13.725 13.649 13.574 13.499 13.425 13.351 13.276 13.201 13.125 13.049 12.973 12.897 12.822 12.746 12.670 12.598 12.559 12.520 12.480 12.441 12.402 12.362 12.321 12.279 12.238 12.197 12.156 12.114 12.066 12.013 11.961 11.908 11.856 11.803 11.750 11.698 11.645 11.593 11.541 11.493 11.445 11.403 11.365 11.329 11.293 11.258 11.222 11.187 11.151 11.115 11.080 11.044 11.008 10.973 10.954 11.011 11.069 11.127 11.184 11.242 11.301 11.358 11.416 11.474 11.532 11.598 11.705 11.813 11.918 12.021 12.125 12.230 12.341 12.451 12.562 12.672
13.749 13.698 13.648 13.580 13.505 13.431 13.355 13.279 13.204 13.128 13.052 12.976 12.900 12.824 12.748 12.672 12.604 12.565 12.526 12.486 12.447 12.407 12.368 12.329 12.288 12.247 12.206 12.164 12.123 12.073 12.021 11.968 11.916 11.863 11.810 11.758 11.705 11.656 11.608 11.560 11.512 11.464 11.423 11.384 11.346 11.309 11.274 11.238 11.202 11.167 11.131 11.095 11.060 11.024 10.989 10.977 11.035 11.092 11.150 11.208 11.266 11.323 11.382 11.440 11.497 11.555 11.613 11.670 11.764 11.869 11.975 12.085 12.196 12.306 12.416 12.527 12.637
13.718 13.668 13.617 13.567 13.510 13.434 13.358 13.282 13.206 13.130 13.054 12.979 12.903 12.827 12.751 12.675 12.610 12.571 12.532 12.492 12.453 12.413 12.374 12.335 12.295 12.255 12.214 12.173 12.132 12.081 12.028 11.976 11.923 11.871 11.819 11.771 11.723 11.675 11.627 11.579 11.531 11.483 11.443 11.404 11.365 11.327 11.289 11.254 11.218 11.183 11.147 11.111 11.076 11.040 11.004 11.001 11.058 11.116 11.174 11.231 11.289 11.347 11.405 11.463 11.521 11.578 11.636 11.694 11.728 11.830 11.940 12.051 12.161 12.271 12.381 12.491 12.603
13.687 13.639 13.596 13.553 13.497 13.433 13.361 13.285 13.209 13.133 13.057 12.981 12.905 12.829 12.754 12.678 12.616 12.577 12.538 12.498 12.459 12.419 12.380 12.341 12.301 12.262 12.223 12.181 12.140 12.088 12.036 11.983 11.934 11.886 11.838 11.790 11.742 11.694 11.646 11.597 11.549 11.501 11.463 11.424 11.385 11.346 11.308 11.270 11.234 11.198 11.163 11.127 11.091 11.056 11.020 11.024 11.082 11.139 11.197 11.255 11.312 11.370 11.428 11.487 11.544 11.602 11.632 11.645 11.658 11.770 11.900 12.016 12.126 12.236 12.347 12.457 12.568
13.667 13.624 13.581 13.538 13.481 13.418 13.354 13.287 13.211 13.136 13.060 12.984 12.908 12.832 12.756 12.680 12.622 12.583 12.544 12.504 12.465 12.425 12.386 12.347 12.307 12.268 12.229 12.189 12.148 12.097 12.049 12.001 11.953 11.905 11.857 11.809 11.761 11.712 11.664 11.616 11.568 11.521 11.483 11.444 11.405 11.366 11.328 11.290 11.251 11.214 11.178 11.143 11.107 11.072 11.036 11.047 11.105 11.163 11.221 11.278 11.336 11.394 11.451 11.509 11.536 11.549 11.562 11.576 11.589 11.704 11.835 11.965 12.091 12.202 12.312 12.422 12.532
13.653 13.610 13.567 13.524 13.465 13.402 13.339 13.275 13.212 13.138 13.062 12.987 12.911 12.835 12.759 12.683 12.628 12.589 12.550 12.510 12.471 12.431 12.392 12.353 12.313 12.274 12.234 12.191 12.149 12.116 12.068 12.020 11.972 11.924 11.875 11.827 11.779 11.731 11.683 11.635 11.587 11.541 11.503 11.464 11.425 11.386 11.347 11.310 11.271 11.232 11.194 11.159 11.123 11.087 11.052 11.071 11.129 11.186 11.244 11.302 11.359 11.417 11.438 11.452 11.466 11.480 11.493 11.506 11.520 11.639 11.769 11.899 12.030 12.160 12.277 12.387 12.497
13.639 13.596 13.553 13.510 13.449 13.386 13.323 13.259 13.196 13.133 13.065 12.989 12.913 12.837 12.762 12.686 12.634 12.595 12.556 12.516 12.477 12.437 12.398 12.359 12.318 12.274 12.229 12.184 12.144 12.115 12.086 12.038 11.990 11.942 11.894 11.846 11.798 11.750 11.702 11.654 11.606 11.561 11.523 11.484 11.445 11.406 11.367 11.329 11.291 11.252 11.213 11.174 11.139 11.103 11.067 11.094 11.152 11.210 11.267 11.325 11.342 11.356 11.369 11.383 11.396 11.410 11.424 11.437 11.450 11.573 11.703 11.834 11.964 12.094 12.225 12.352 12.463
13.625 13.582 13.539 13.496 13.433 13.370 13.307 13.244 13.180 13.117 13.054 12.991 12.916 12.840 12.764 12.688 12.640 12.601 12.562 12.522 12.483 12.443 12.401 12.356 12.311 12.267 12.222 12.177 12.139 12.111 12.082 12.053 12.009 11.961 11.913 11.865 11.817 11.769 11.721 11.672 11.624 11.581 11.543 11.504 11.465 11.426 11.387 11.349 11.310 11.272 11.233 11.194 11.156 11.119 11.083 11.118 11.175 11.233 11.246 11.260 11.273 11.287 11.300 11.313 11.327 11.340 11.354 11.368 11.381 11.508 11.638 11.768 11.898 12.029 12.159 12.289 12.420
13.611 13.568 13.525 13.481 13.418 13.354 13.291 13.228 13.165 13.101 13.038 12.975 12.912 12.843 12.767 12.691 12.646 12.607 12.567 12.528 12.483 12.439 12.394 12.349 12.304 12.259 12.215 12.170 12.135 12.106 12.077 12.048 12.019 11.980 11.932 11.884 11.835 11.787 11.739 11.691 11.643 11.601 11.563 11.524 11.485 11.446 11.407 11.369 11.330 11.291 11.253 11.214 11.176 11.137 11.099 11.137 11.150 11.164 11.177 11.190 11.204 11.217 11.231 11.244 11.257 11.271 11.284 11.298 11.312 11.442 11.572 11.703 11.833 11.963 12.093 12.224 12.354
13.596 13.553 13.510 13.465 13.402 13.339 13.275 13.212 13.149 13.086 13.022 12.959 12.896 12.833 12.769 12.694 12.652 12.611 12.566 12.521 12.476 12.432 12.387 12.342 12.297 12.252 12.208 12.163 12.130 12.101 12.072 12.043 12.014 11.985 11.950 11.902 11.854 11.806 11.758 11.710 11.662 11.621 11.582 11.544 11.505 11.466 11.427 11.389 11.350 11.311 11.273 11.234 11.196 11.154 11.112 11.074 11.081 11.094 11.108 11.121 11.135 11.148 11.161 11.175 11.188 11.201 11.215 11.229 11.246 11.376 11.507 11.637 11.767 11.898 12.028 12.158 12.288
13.582 13.539 13.496 13.449 13.386 13.323 13.259 13.196 13.133 13.070 13.006 12.943 12.880 12.817 12.754 12.694 12.648 12.604 12.559 12.514 12.469 12.424 12.380 12.335 12.290 12.245 12.200 12.156 12.125 12.096 12.067 12.038 12.010 11.981 11.952 11.921 11.873 11.825 11.777 11.729 11.681 11.641 11.602 11.564 11.525 11.486 11.447 11.408 11.370 11.331 11.291 11.248 11.207 11.164 11.121 11.084 11.047 11.025 11.038 11.052 11.065 11.079 11.092 11.105 11.119 11.132 11.145 11.159 11.181 11.311 11.441 11.571 11.702 11.832 11.962 12.093 12.223
13.568 13.525 13.482 13.433 13.370 13.307 13.244 13.180 13.117 13.054 12.991 12.927 12.864 12.805 12.746 12.688 12.642 12.597 12.552 12.507 12.462 12.417 12.373 12.328 12.283 12.238 12.193 12.149 12.120 12.092 12.063 12.034 12.005 11.976 11.947 11.918 11.889 11.844 11.796 11.747 11.700 11.661 11.622 11.584 11.545 11.506 11.467 11.428 11.386 11.343 11.300 11.258 11.215 11.173 11.131 11.094 11.057 11.019 10.982 10.983 10.996 11.009 11.023 11.036 11.049 11.063 11.076 11.090 11.114 11.245 11.376 11.506 11.636 11.766 11.897 12.027 12.157
13.553 13.510 13.468 13.418 13.354 13.291 13.228 13.165 13.101 13.038 12.975 12.916 12.857 12.798 12.739 12.683 12.637 12.591 12.545 12.500 12.455 12.410 12.365 12.321 12.276 12.231 12.186 12.145 12.116 12.087 12.058 12.029 12.000 11.971 11.942 11.913 11.884 11.855 11.814 11.766 11.720 11.681 11.642 11.604 11.565 11.524 11.481 11.438 11.395 11.353 11.310 11.267 11.224 11.183 11.141 11.104 11.066 11.029 10.992 10.955 10.927 10.940 10.953 10.967 10.980 10.994 11.007 11.020 11.048 11.179 11.310 11.440 11.571 11.701 11.831 11.962 12.092
13.539 13.496 13.453 13.401 13.337 13.274 13.211 13.149 13.086 13.027 12.968 12.909 12.850 12.791 12.733 12.677 12.631 12.585 12.539 12.493 12.448 12.403 12.358 12.313 12.269 12.224 12.179 12.140 12.111 12.082 12.053 12.024 11.995 11.966 11.937 11.909 11.880 11.851 11.822 11.785 11.740 11.701 11.661 11.618 11.576 11.533 11.490 11.447 11.405 11.362 11.319 11.276 11.234 11.191 11.151 11.114 11.076 11.039 11.002 10.965 10.927 10.890 10.884 10.897 10.911 10.924 10.938 10.951 10.983 11.113 11.243 11.375 11.505 11.635 11.766 11.896 12.027
13.522 13.482 13.439 13.385 13.322 13.258 13.196 13.137 13.078 13.020 12.961 12.902 12.843 12.785 12.726 12.671 12.625 12.580 12.534 12.488 12.442 12.396 12.351 12.306 12.262 12.217 12.172 12.135 12.106 12.077 12.048 12.019 11.991 11.962 11.933 11.904 11.875 11.846 11.817 11.788 11.756 11.713 11.670 11.628 11.585 11.542 11.499 11.457 11.414 11.371 11.328 11.286 11.243 11.200 11.160 11.122 11.086 11.049 11.012 10.974 10.937 10.900 10.863 10.828 10.842 10.855 10.868 10.882 10.917 11.048 11.178 11.309 11.439 11.570 11.701 11.832 11.964
13.326 13.409 13.424 13.369 13.307 13.249 13.190 13.131 13.072 13.013 12.954 12.895 12.836 12.777 12.718 12.665 12.619 12.574 12.528 12.482 12.436 12.390 12.344 12.299 12.254 12.210 12.165 12.130 12.101 12.073 12.044 12.015 11.986 11.957 11.928 11.899 11.869 11.839 11.809 11.779 11.752 11.723 11.680 11.637 11.594 11.552 11.509 11.466 11.423 11.381 11.338 11.295 11.252 11.210 11.170 11.132 11.095 11.059 11.022 10.984 10.947 10.910 10.873 10.835 10.798 10.786 10.799 10.812 10.852 10.982 11.112 11.243 11.375 11.506 11.638 11.769 11.901
13.131 13.213 13.327 13.360 13.301 13.242 13.183 13.124 13.065 13.006 12.948 12.889 12.830 12.771 12.712 12.659 12.613 12.567 12.521 12.475 12.430 12.385 12.339 12.293 12.247 12.203 12.158 12.126 12.097 12.068 12.039 12.010 11.981 11.951 11.921 11.891 11.861 11.831 11.801 11.771 11.744 11.718 11.689 11.646 11.604 11.561 11.518 11.475 11.433 11.390 11.347 11.304 11.262 11.219 11.179 11.142 11.105 11.068 11.031 10.994 10.957 10.920 10.882 10.845 10.808 10.771 10.733 10.743 10.786 10.916 11.047 11.179 11.310 11.443 11.574 11.706 11.837
12.974 13.121 13.268 13.297 13.273 13.235 13.177 13.118 13.059 13.000 12.941 12.882 12.823 12.764 12.705 12.654 12.608 12.562 12.516 12.470 12.424 12.378 12.332 12.286 12.240 12.194 12.151 12.121 12.092 12.062 12.032 12.002 11.972 11.942 11.912 11.882 11.852 11.822 11.792 11.763 11.737 11.710 11.684 11.656 11.613 11.570 11.527 11.485 11.442 11.399 11.356 11.314 11.271 11.228 11.189 11.152 11.115 11.078 11.040 11.004 10.967 10.930 10.892 10.855 10.818 10.781 10.743 10.706 10.721 10.852 10.984 11.115 11.247 11.378 11.511 11.642 11.774
12.916 13.063 13.210 13.233 13.210 13.186 13.162 13.111 13.052 12.993 12.934 12.875 12.817 12.758 12.699 12.648 12.602 12.556 12.510 12.464 12.418 12.372 12.327 12.281 12.235 12.189 12.145 12.113 12.083 12.053 12.023 11.994 11.964 11.934 11.904 11.873 11.843 11.813 11.783 11.756 11.729 11.703 11.676 11.650 11.622 11.580 11.537 11.494 11.451 11.409 11.366 11.323 11.280 11.238 11.199 11.162 11.125 11.087 11.050 11.013 10.977 10.939 10.902 10.865 10.828 10.790 10.753 10.712 10.697 10.804 10.920 11.052 11.184 11.315 11.447 11.579 11.711
12.857 13.004 13.151 13.170 13.146 13.122 13.099 13.075 13.046 12.987 12.928 12.869 12.810 12.751 12.692 12.642 12.596 12.551 12.505 12.459 12.413 12.367 12.321 12.275 12.231 12.188 12.145 12.106 12.074 12.044 12.014 11.984 11.954 11.925 11.895 11.865 11.835 11.805 11.775 11.748 11.722 11.695 11.669 11.642 11.616 11.589 11.546 11.503 11.461 11.418 11.375 11.332 11.290 11.247 11.209 11.172 11.135 11.097 11.060 11.023 10.986 10.949 10.912 10.875 10.838 10.797 10.755 10.713 10.682 10.790 10.897 11.004 11.120 11.252 11.383 11.515 11.647
12.798 12.945 13.092 13.106 13.082 13.059 13.035 13.012 12.988 12.964 12.921 12.862 12.803 12.745 12.686 12.637 12.591 12.545 12.499 12.453 12.407 12.362 12.318 12.275 12.231 12.188 12.146 12.106 12.067 12.035 12.005 11.975 11.945 11.915 11.885 11.856 11.826 11.796 11.767 11.741 11.714 11.688 11.661 11.635 11.608 11.581 11.555 11.513 11.470 11.427 11.384 11.342 11.299 11.256 11.219 11.182 11.144 11.107 11.070 11.033 10.995 10.958 10.922 10.883 10.841 10.799 10.757 10.715 10.672 10.775 10.882 10.990 11.097 11.204 11.320 11.451 11.583
12.739 12.886 13.033 13.043 13.019 12.995 12.972 12.948 12.924 12.901 12.877 12.854 12.797 12.738 12.679 12.631 12.585 12.539 12.493 12.449 12.405 12.362 12.318 12.275 12.231 12.187 12.147 12.107 12.067 12.028 11.997 11.967 11.937 11.907 11.876 11.846 11.816 11.786 11.759 11.733 11.706 11.680 11.653 11.627 11.600 11.574 11.547 11.521 11.479 11.437 11.394 11.351 11.308 11.266 11.229 11.192 11.154 11.117 11.080 11.043 11.005 10.968 10.926 10.885 10.843 10.800 10.758 10.716 10.674 10.761 10.868 10.975 11.082 11.190 11.297 11.404 11.519
12.680 12.827 12.974 12.979 12.955 12.932 12.908 12.884 12.861 12.837 12.814 12.790 12.766 12.731 12.673 12.626 12.580 12.536 12.493 12.449 12.405 12.362 12.318 12.274 12.231 12.187 12.147 12.108 12.068 12.028 11.989 11.958 11.928 11.898 11.868 11.838 11.808 11.778 11.751 11.724 11.699 11.672 11.646 11.619 11.593 11.566 11.540 11.513 11.487 11.446 11.403 11.360 11.318 11.276 11.239 11.201 11.164 11.127 11.090 11.052 11.012 10.970 10.928 10.885 10.843 10.802 10.760 10.718 10.675 10.746 10.853 10.961 11.068 11.175 11.282 11.390 11.497
12.622 12.769 12.916 12.915 12.892 12.868 12.845 12.821 12.797 12.774 12.750 12.726 12.703 12.679 12.663 12.623 12.580 12.536 12.492 12.449 12.405 12.362 12.318 12.274 12.231 12.188 12.148 12.108 12.069 12.029 11.989 11.950 11.919 11.889 11.859 11.829 11.799 11.770 11.743 11.717 11.690 11.664 11.638 11.612 11.585 11.559 11.532 11.506 11.479 11.453 11.412 11.370 11.327 11.286 11.249 11.211 11.174 11.137 11.098 11.056 11.013 10.971 10.929 10.887 10.845 10.802 10.761 10.719 10.677 10.731 10.839 10.946 11.053 11.161 11.268 11.375 11.483
