includes/oleron/floodfiles/results_R2_t1.562594502398E12/res-0014.wdfp
ncols         631
nrows         906
xllcorner     364927.146667
yllcorner     6531972.565556
cellsize      20.000000
NODATA_value  -9999.000000
[rows 340 to 373 of 906, columns 385 to 461 of 631]
0.000 0.000 0.000 0.000 0.000 0.000 0.000 0.000 0.000 0.000 0.000 0.000 0.000 0.000 0.000 0.000 0.000 0.000 0.000 0.000 0.000 0.000 0.198 0.133 0.221 0.364 0.345 0.446 0.547 0.498 0.538 0.589 0.641 0.752 0.723 0.694 0.714 0.725 0.756 0.876 0.837 0.728 0.909 0.890 0.930 0.951 0.951 1.051 1.071 0.892 1.022 1.183 1.073 1.084 1.074 1.274 1.245 1.275 1.326 1.286 1.256 1.207 1.387 1.358 1.697 1.449 1.409 1.731 1.310 1.754 1.765 1.776 1.292 1.795 1.799 1.393 1.453
0.000 0.000 0.000 0.000 0.000 0.000 0.000 0.000 0.000 0.000 0.000 0.000 0.000 0.000 0.000 0.000 0.000 0.000 0.000 0.000 0.000 0.000 0.012 0.000 0.003 0.233 0.324 0.425 0.406 0.477 0.568 0.499 0.570 0.532 0.703 0.754 0.694 0.755 0.806 0.696 0.727 0.778 0.939 0.859 0.830 0.880 0.881 0.981 1.121 1.091 1.092 1.072 1.073 1.353 1.213 1.214 1.324 1.285 1.355 1.306 1.336 1.316 1.407 1.347 1.674 1.408 1.428 1.409 1.299 1.735 1.220 1.291 1.381 1.372 1.472 1.782 1.362
0.000 0.000 0.000 0.000 0.000 0.000 0.000 0.000 0.000 0.000 0.000 0.000 0.000 0.000 0.000 0.000 0.000 0.000 0.000 0.000 0.000 0.000 0.001 0.004 0.146 0.180 0.373 0.424 0.426 0.417 0.528 0.489 0.690 0.472 0.553 0.634 0.634 0.685 0.635 0.756 0.767 0.768 0.788 0.759 0.970 0.940 0.980 0.941 0.961 1.001 1.011 1.092 1.062 1.123 1.133 1.203 1.084 1.114 1.195 1.165 1.285 1.436 1.256 1.336 1.307 1.367 1.318 1.338 1.704 1.289 1.270 1.340 1.311 1.391 1.756 1.761 1.332
0.000 0.000 0.000 0.000 0.000 0.000 0.000 0.000 0.000 0.000 0.000 0.000 0.000 0.000 0.000 0.000 0.000 0.000 0.000 0.000 0.000 0.000 0.000 0.000 0.013 0.279 0.221 0.383 0.295 0.497 0.438 0.439 0.510 0.582 0.513 0.643 0.574 0.695 0.665 0.826 0.697 0.827 0.738 0.779 0.789 1.100 0.850 0.850 1.060 1.001 0.931 1.091 1.082 0.992 1.093 1.123 1.093 1.124 1.174 1.304 1.285 1.355 1.385 1.346 1.266 1.327 1.661 1.674 1.388 1.239 1.329 1.239 1.230 1.320 1.220 1.251 1.371
0.000 0.000 0.000 0.000 0.000 0.000 0.000 0.000 0.000 0.000 0.000 0.000 0.000 0.000 0.000 0.000 0.000 0.000 0.000 0.000 0.000 0.000 0.000 0.082 0.025 0.132 0.218 0.413 0.365 0.376 0.388 0.449 0.550 0.411 0.552 0.563 0.594 0.705 0.675 0.716 0.697 0.737 0.718 0.818 0.689 0.940 1.010 0.890 1.050 0.960 1.031 0.931 1.041 1.102 1.052 1.072 1.123 1.173 1.333 1.284 1.294 1.374 1.305 1.255 1.599 1.618 1.636 1.237 1.397 1.308 1.288 1.189 1.702 1.069 1.230 1.350 1.400
0.000 0.000 0.000 0.000 0.000 0.000 0.000 0.000 0.000 0.000 0.000 0.000 0.000 0.000 0.000 0.000 0.000 0.000 0.000 0.000 0.000 0.000 0.000 0.000 0.109 0.221 0.205 0.220 0.315 0.377 0.498 0.389 0.420 0.440 0.562 0.473 0.564 0.524 0.585 0.616 0.626 0.607 0.868 0.628 0.789 0.789 0.899 0.910 0.880 0.970 0.990 1.050 1.061 1.021 0.951 1.172 1.182 1.202 1.073 1.123 1.264 1.274 1.334 1.184 1.574 1.235 1.096 1.396 1.267 1.237 1.328 1.408 1.158 1.218 1.209 1.319 1.430
0.000 0.000 0.000 0.000 0.000 0.000 0.000 0.000 0.000 0.000 0.000 0.000 0.000 0.000 0.000 0.000 0.000 0.000 0.000 0.000 0.000 0.000 0.000 0.000 0.000 0.117 0.131 0.189 0.184 0.227 0.439 0.439 0.299 0.420 0.361 0.533 0.553 0.574 0.555 0.666 0.616 0.597 0.677 0.708 0.698 0.749 0.879 0.789 0.869 0.950 1.030 0.980 1.090 1.101 1.091 1.121 1.041 1.092 1.162 1.052 1.153 1.073 1.234 1.530 1.549 1.215 1.215 1.275 1.216 1.146 1.237 1.167 1.457 1.218 1.248 1.229 1.289
0.000 0.000 0.000 0.000 0.000 0.000 0.000 0.000 0.000 0.000 0.000 0.000 0.000 0.000 0.000 0.000 0.000 0.000 0.000 0.000 0.000 0.000 0.000 0.000 0.000 0.000 0.051 0.232 0.127 0.250 0.430 0.390 0.359 0.370 0.401 0.493 0.503 0.444 0.575 0.596 0.666 0.686 0.657 0.687 0.648 0.698 0.929 0.908 0.729 0.889 0.899 0.919 0.890 1.140 1.010 1.091 1.101 1.011 1.121 1.112 1.192 1.192 1.063 1.505 1.034 1.234 1.264 1.305 1.255 1.216 1.286 1.630 1.077 1.207 1.217 1.148 1.188
0.000 0.000 0.000 0.000 0.000 0.000 0.000 0.000 0.000 0.000 0.000 0.000 0.000 0.000 0.000 0.000 0.000 0.000 0.000 0.000 0.000 0.000 0.000 0.000 0.000 0.000 0.000 0.186 0.181 0.262 0.342 0.341 0.430 0.400 0.381 0.562 0.413 0.444 0.495 0.566 0.516 0.686 0.626 0.687 0.687 0.678 0.788 0.828 0.828 0.798 0.879 0.919 0.969 0.949 1.060 0.950 1.080 1.011 1.271 1.406 1.425 1.444 1.463 1.172 1.303 1.223 1.214 1.394 1.324 1.175 1.135 1.125 1.026 1.226 1.257 1.207 1.177
0.000 0.000 0.000 0.000 0.000 0.000 0.000 0.000 0.000 0.000 0.000 0.000 0.000 0.000 0.000 0.000 0.000 0.000 0.000 0.000 0.000 0.000 0.000 0.000 0.000 0.000 0.000 0.000 0.304 0.224 0.183 0.262 0.451 0.351 0.440 0.282 0.493 0.514 0.455 0.545 0.555 0.546 0.686 0.656 0.727 0.697 0.667 0.858 0.788 0.858 0.868 0.928 0.838 0.899 1.009 1.129 1.050 1.040 1.366 1.370 1.161 0.941 0.931 1.172 1.132 1.233 1.263 1.263 1.214 1.154 1.154 1.115 1.085 1.115 1.146 1.156 1.601
0.000 0.000 0.000 0.000 0.000 0.000 0.000 0.000 0.000 0.000 0.000 0.000 0.000 0.000 0.000 0.000 0.000 0.000 0.000 0.000 0.000 0.000 0.000 0.000 0.000 0.000 0.000 0.000 0.000 0.151 0.232 0.333 0.362 0.331 0.361 0.291 0.423 0.373 0.474 0.495 0.465 0.635 0.565 0.586 0.666 0.737 0.697 0.677 0.797 0.837 0.807 0.858 0.948 0.888 0.959 0.989 0.869 1.099 1.344 1.020 1.090 1.190 1.000 1.081 1.151 1.102 1.162 1.123 1.143 1.203 1.134 1.551 1.204 1.184 1.055 1.125 1.076
0.000 0.000 0.000 0.000 0.000 0.000 0.000 0.000 0.000 0.000 0.000 0.000 0.000 0.000 0.000 0.000 0.000 0.000 0.000 0.000 0.000 0.000 0.000 0.000 0.000 0.000 0.000 0.000 0.000 0.232 0.223 0.373 0.263 0.442 0.331 0.242 0.402 0.393 0.394 0.464 0.474 0.395 0.675 0.595 0.726 0.616 0.656 0.687 0.877 0.907 0.807 0.817 0.847 0.918 0.838 0.948 0.888 1.109 1.322 1.029 0.839 0.990 1.200 1.070 1.161 1.211 1.122 1.102 1.062 1.103 1.183 1.524 1.173 1.114 1.074 0.984 1.145
0.000 0.000 0.000 0.000 0.000 0.000 0.000 0.000 0.000 0.000 0.000 0.000 0.000 0.000 0.000 0.000 0.000 0.000 0.000 0.000 0.000 0.000 0.000 0.000 0.000 0.000 0.000 0.000 0.000 0.000 0.056 0.323 0.393 0.312 0.522 0.332 0.352 0.363 0.444 0.464 0.534 0.474 0.625 0.735 0.625 0.696 0.696 0.666 0.826 0.766 0.886 0.836 0.757 0.857 0.827 0.818 0.908 1.428 1.368 0.938 0.949 1.019 1.059 1.060 1.080 1.160 1.071 1.151 1.132 1.102 1.072 1.112 1.243 1.193 1.163 1.033 1.074
0.000 0.000 0.000 0.000 0.000 0.000 0.000 0.000 0.000 0.000 0.000 0.000 0.000 0.000 0.000 0.000 0.000 0.000 0.000 0.000 0.000 0.000 0.000 0.000 0.000 0.000 0.000 0.000 0.000 0.000 0.000 0.222 0.373 0.293 0.412 0.362 0.413 0.433 0.494 0.444 0.485 0.574 0.565 0.565 0.745 0.715 0.685 0.705 0.926 0.866 0.846 0.896 0.946 1.169 1.204 1.222 1.241 1.388 1.078 1.018 0.948 0.988 0.998 1.099 0.999 1.280 1.090 1.110 0.971 0.921 0.991 1.102 1.162 1.182 1.202 1.043 1.143
0.000 0.000 0.000 0.000 0.000 0.000 0.000 0.000 0.000 0.000 0.000 0.000 0.000 0.000 0.000 0.000 0.000 0.000 0.000 0.000 0.000 0.000 0.000 0.000 0.000 0.000 0.000 0.000 0.000 0.000 0.000 0.008 0.303 0.343 0.293 0.393 0.403 0.394 0.384 0.465 0.495 0.534 0.644 0.625 0.635 0.695 0.785 0.765 0.785 0.975 0.905 1.075 1.034 0.916 0.906 0.826 0.906 0.847 0.997 1.057 1.137 1.058 1.048 1.068 1.169 0.999 1.029 1.040 0.990 0.980 0.930 1.111 1.111 1.151 1.202 1.062 1.012
0.000 0.000 0.000 0.000 0.000 0.000 0.000 0.000 0.000 0.000 0.000 0.000 0.000 0.000 0.000 0.000 0.000 0.000 0.000 0.000 0.000 0.000 0.000 0.000 0.000 0.000 0.000 0.000 0.000 0.000 0.000 0.000 0.172 0.193 0.393 0.383 0.423 0.524 0.374 0.375 0.455 0.464 0.524 0.664 0.594 0.684 0.844 0.694 0.854 0.924 0.831 0.900 0.825 0.605 0.735 0.685 0.876 0.806 0.936 0.937 1.007 0.987 1.027 0.928 1.028 1.048 1.089 1.390 0.989 0.989 1.110 1.040 1.150 1.071 1.141 1.151 1.102
0.000 0.000 0.000 0.000 0.000 0.000 0.000 0.000 0.000 0.000 0.000 0.000 0.000 0.000 0.000 0.000 0.000 0.000 0.000 0.000 0.000 0.000 0.000 0.000 0.000 0.000 0.000 0.000 0.000 0.000 0.000 0.000 0.000 0.204 0.233 0.434 0.444 0.504 0.565 0.445 0.524 0.524 0.594 0.554 0.714 0.734 0.784 0.559 0.627 0.696 1.433 0.453 0.784 0.724 0.864 0.694 0.885 0.885 1.006 0.786 0.906 1.036 1.007 0.977 1.037 1.028 0.898 0.958 1.418 0.989 0.969 1.119 1.120 1.100 1.070 1.201 1.031
0.000 0.000 0.000 0.000 0.000 0.000 0.000 0.000 0.000 0.000 0.000 0.000 0.000 0.000 0.000 0.000 0.000 0.000 0.000 0.000 0.000 0.000 0.000 0.000 0.000 0.000 0.000 0.000 0.000 0.000 0.000 0.000 0.000 0.000 0.103 0.354 0.354 0.444 0.514 0.704 0.784 0.714 0.674 0.714 0.624 0.824 0.425 0.493 0.552 0.622 0.572 0.552 0.672 0.653 0.723 0.683 0.784 0.824 0.805 0.975 0.966 0.966 0.836 0.916 0.937 0.987 1.017 1.067 1.428 1.058 1.078 1.098 1.089 0.949 1.120 1.150 0.970
0.000 0.000 0.000 0.000 0.000 0.000 0.000 0.000 0.000 0.000 0.000 0.000 0.000 0.000 0.000 0.000 0.000 0.000 0.000 0.000 0.000 0.000 0.000 0.000 0.000 0.000 0.000 0.000 0.000 0.000 0.000 0.000 0.000 0.000 0.143 0.182 0.304 0.494 0.524 0.584 0.594 0.644 0.624 0.984 0.140 0.264 0.351 0.421 0.610 0.581 0.731 0.671 0.731 0.712 0.792 0.803 0.803 0.844 0.794 0.885 0.775 0.885 0.935 0.946 1.106 0.876 0.967 1.197 0.917 1.127 1.077 1.028 1.068 1.098 1.049 0.939 1.079
0.000 0.000 0.000 0.000 0.000 0.000 0.000 0.000 0.000 0.000 0.000 0.000 0.000 0.000 0.000 0.000 0.000 0.000 0.000 0.000 0.000 0.000 0.000 0.000 0.000 0.000 0.000 0.000 0.000 0.000 0.000 0.000 0.000 0.000 0.000 0.261 0.373 0.313 0.404 0.434 0.634 0.484 0.000 0.000 0.539 0.359 0.529 0.599 0.599 0.319 0.600 0.780 0.610 0.591 0.711 0.732 0.813 0.823 0.854 0.824 0.884 0.854 0.875 0.855 1.015 0.805 1.166 0.896 0.906 1.236 0.957 1.017 0.937 0.967 1.058 0.958 0.979
0.000 0.000 0.000 0.000 0.000 0.000 0.000 0.000 0.000 0.000 0.000 0.000 0.000 0.000 0.000 0.000 0.000 0.000 0.000 0.000 0.000 0.000 0.000 0.000 0.000 0.000 0.000 0.000 0.000 0.000 0.000 0.000 0.000 0.000 0.000 0.000 0.482 0.382 0.393 0.183 1.135 0.000 0.651 0.000 0.359 0.488 0.458 0.538 0.498 0.548 0.548 0.759 0.699 0.680 0.621 0.752 0.782 0.763 0.743 0.753 0.854 0.974 0.964 1.174 0.884 0.954 0.915 0.865 0.935 0.965 0.956 0.996 0.976 1.037 1.107 0.957 0.958
0.000 0.000 0.000 0.000 0.000 0.000 0.000 0.000 0.000 0.000 0.000 0.000 0.000 0.000 0.000 0.000 0.000 0.000 0.000 0.000 0.000 0.000 0.000 0.000 0.000 0.000 0.000 0.000 0.000 0.000 0.000 0.000 0.000 0.000 0.000 0.000 0.013 0.008 0.622 0.000 0.805 0.000 0.000 0.000 0.288 0.367 0.237 0.337 0.377 0.477 0.638 0.618 0.659 0.619 0.740 0.581 0.711 0.662 0.762 0.782 0.793 0.863 0.873 0.733 0.853 0.884 1.214 0.864 0.904 0.874 0.895 0.945 0.905 0.976 1.046 0.927 1.027
0.000 0.000 0.000 0.000 0.000 0.000 0.000 0.000 0.000 0.000 0.000 0.000 0.000 0.000 0.000 0.000 0.000 0.000 0.000 0.000 0.000 0.000 0.000 0.000 0.000 0.000 0.000 0.000 0.000 0.000 0.000 0.000 0.000 0.000 0.000 0.000 0.006 0.024 0.000 0.000 0.000 0.000 0.031 0.000 0.217 0.337 0.266 0.196 0.436 0.636 0.487 0.598 0.648 0.729 0.599 0.720 0.611 1.171 0.791 0.752 1.322 0.632 0.872 0.692 0.882 0.702 0.672 0.943 0.813 0.883 0.934 0.844 0.964 1.015 0.915 0.856 0.976
0.000 0.000 0.000 0.000 0.000 0.000 0.000 0.000 0.000 0.000 0.000 0.000 0.000 0.000 0.000 0.000 0.000 0.000 0.000 0.000 0.000 0.000 0.000 0.000 0.000 0.000 0.000 0.000 0.000 0.000 0.000 0.000 0.000 0.000 0.000 1.537 2.447 0.013 0.632 0.752 0.000 0.000 0.000 0.003 0.257 0.083 0.143 0.384 0.465 0.545 0.496 0.627 0.598 0.759 0.719 0.580 0.830 0.730 0.620 0.581 0.641 0.701 0.801 0.681 0.801 0.691 0.871 0.821 0.882 0.882 0.862 0.913 0.954 1.024 0.934 0.955 1.015
0.000 0.000 0.000 0.000 0.000 0.000 0.000 0.000 0.000 0.000 0.000 0.000 0.000 0.000 0.000 0.000 0.000 0.000 0.000 0.000 0.000 0.000 0.000 0.000 0.000 0.000 0.000 0.000 0.000 0.000 0.000 0.000 0.000 0.000 0.513 1.037 0.000 0.782 0.792 0.672 0.000 0.000 0.000 0.000 0.001 0.150 0.161 0.423 0.384 0.505 0.606 0.547 0.528 0.518 0.639 0.729 0.639 0.640 0.810 0.520 0.680 0.910 0.690 0.690 0.820 0.750 0.800 0.790 0.821 0.951 0.902 0.932 0.883 0.853 0.904 0.914 0.865
0.000 0.000 0.000 0.000 0.000 0.000 0.000 0.000 0.000 0.000 0.000 0.000 0.000 0.000 0.000 0.000 0.000 0.000 0.000 0.000 0.000 0.000 0.000 0.000 0.000 0.000 0.000 0.000 0.000 0.000 0.000 0.000 0.000 2.653 0.000 0.000 0.632 0.892 0.852 0.772 0.992 0.000 0.000 0.010 0.116 0.217 0.140 0.393 0.444 0.495 0.436 0.637 0.588 0.508 0.739 0.929 0.629 0.599 0.449 0.529 0.759 0.608 0.708 0.688 0.698 0.779 0.709 0.829 0.849 0.830 0.780 0.781 0.832 0.822 0.943 0.933 1.004
0.000 0.000 0.000 0.000 0.000 0.000 0.000 0.000 0.000 0.000 0.000 0.000 0.000 0.000 0.000 0.000 0.000 0.000 0.000 0.000 0.000 0.000 0.000 0.000 0.000 0.000 0.000 0.000 0.031 0.000 0.000 0.093 1.533 0.243 0.000 0.000 0.502 0.722 0.812 0.812 0.000 0.000 0.000 0.004 0.116 0.277 0.349 0.402 0.464 0.455 0.545 0.416 0.417 0.398 0.388 0.548 0.518 0.568 0.438 0.598 0.738 0.647 0.717 0.677 0.777 0.707 0.818 0.748 0.878 0.818 0.759 0.860 0.860 0.831 0.812 0.822 0.883
0.000 0.000 0.000 0.000 0.000 0.000 0.000 0.000 0.000 0.000 0.000 0.000 0.000 0.000 0.000 0.000 0.000 0.000 0.000 0.000 0.000 0.000 0.000 0.000 0.000 0.000 0.000 0.000 0.000 0.000 2.062 0.000 0.000 0.000 0.000 0.590 0.020 0.000 0.000 0.000 0.000 0.000 0.000 0.000 0.027 0.000 0.319 0.242 0.613 0.344 0.825 0.366 0.346 0.316 0.276 0.286 0.496 0.526 0.346 0.386 0.766 0.726 0.816 0.756 0.836 0.706 0.746 0.847 0.837 0.827 0.868 0.888 0.839 0.760 0.850 0.731 0.792
0.000 0.000 0.000 0.000 0.000 0.000 0.000 0.000 0.000 0.000 0.000 0.000 0.000 0.000 0.000 0.000 0.000 0.000 0.000 0.000 0.000 0.000 0.000 0.000 0.000 0.000 0.000 0.152 0.492 3.612 0.000 0.000 0.000 0.374 0.484 0.000 0.414 0.524 0.284 0.214 0.994 0.694 0.000 0.000 0.000 0.000 0.022 0.000 0.221 0.502 0.173 0.264 0.183 0.264 0.404 0.424 0.424 0.444 0.394 0.525 0.685 0.645 0.585 0.735 0.595 0.795 0.785 0.746 0.806 0.686 0.797 0.837 0.748 0.809 0.749 0.800 0.841
0.000 0.000 0.000 0.000 0.000 0.000 0.000 0.000 0.000 0.000 0.000 0.000 0.000 0.000 0.000 0.000 0.000 0.000 0.000 0.000 0.000 0.000 0.000 0.000 0.000 0.000 0.000 0.000 2.502 0.000 0.000 0.000 0.214 0.324 0.244 0.524 0.014 0.604 0.604 0.504 0.714 0.414 0.944 0.000 0.000 0.145 0.168 0.251 0.549 0.340 0.291 0.131 0.330 0.241 0.321 0.322 0.353 0.523 0.373 0.483 0.644 0.613 0.594 0.593 0.524 0.654 0.684 0.664 0.645 0.825 0.766 0.776 0.807 0.747 0.798 0.729 0.700
0.000 0.000 0.000 0.000 0.000 0.000 0.000 0.000 0.000 0.000 0.000 0.000 0.000 0.000 0.000 0.000 0.000 0.000 0.000 0.000 0.000 0.000 0.000 0.000 0.000 0.000 0.000 0.137 0.000 0.000 0.000 0.000 0.564 0.454 0.484 0.000 0.564 0.554 0.614 0.264 0.664 0.504 0.604 0.724 0.000 0.000 0.000 0.000 0.000 0.159 0.188 0.279 0.259 0.229 0.409 0.360 0.291 0.462 0.581 0.501 0.491 0.602 0.412 0.592 0.512 0.623 0.623 0.603 0.704 0.724 0.865 0.615 0.716 0.757 0.817 0.788 0.629
0.000 0.000 0.000 0.000 0.000 0.000 0.000 0.000 0.000 0.000 0.000 0.000 0.000 0.000 0.000 0.000 0.000 0.000 0.000 0.000 0.000 0.000 0.000 0.000 0.000 0.000 0.000 0.000 0.000 0.000 0.000 0.000 0.064 0.684 0.084 0.414 0.454 0.614 0.854 0.414 0.514 0.514 0.614 0.734 0.514 0.324 0.000 0.484 0.000 0.000 0.000 0.257 0.327 0.247 0.408 0.278 0.420 0.440 0.540 0.490 0.479 0.420 0.560 0.640 0.450 0.421 0.662 0.552 0.753 0.693 0.724 0.724 0.705 0.746 0.686 0.737 0.728
0.000 0.000 0.000 0.000 0.000 0.000 0.000 0.000 0.000 0.000 0.000 0.000 0.000 0.000 0.000 0.000 0.000 0.000 0.000 0.000 0.000 0.000 0.053 0.223 0.000 0.000 0.284 0.224 0.000 0.000 0.000 0.000 0.000 0.000 0.504 0.000 0.574 0.494 0.514 0.664 0.504 0.614 0.474 0.594 0.314 0.474 0.284 0.704 0.534 0.524 0.000 0.000 0.277 0.266 0.245 0.346 0.357 0.338 0.378 0.468 0.457 0.407 0.478 0.528 0.509 0.519 0.560 0.590 0.611 0.652 0.703 0.563 0.644 0.665 0.665 0.836 0.757
0.000 0.000 0.000 0.000 0.000 0.000 0.000 0.000 0.000 0.000 0.000 0.000 0.000 0.000 0.000 0.000 0.000 0.000 0.000 0.000 0.000 0.000 0.000 0.000 0.000 0.000 0.274 0.334 0.304 0.000 0.000 0.000 0.000 0.000 0.000 0.144 0.734 0.034 0.454 0.514 0.534 0.254 0.344 0.754 0.494 0.274 0.374 0.034 0.674 0.594 0.604 0.000 0.027 0.200 0.401 0.313 0.305 0.396 0.326 0.355 0.576 0.495 0.486 0.547 0.447 0.548 0.569 0.609 0.630 0.721 0.622 0.602 0.683 0.734 0.644 0.715 0.736
