includes/oleron/floodfiles/results_R2_t1.562594502398E12/res.max
ncols         631
nrows         906
xllcorner     364927.146667
yllcorner     6531972.565556
cellsize      20.000000
NODATA_value  -9999.000000
[rows 612 to 645 of 906, columns 462 to 538 of 631]
0.000 0.000 3.758 3.957 4.385 4.812 3.198 2.688 2.789 2.949 1.839 2.319 2.459 2.059 0.000 0.000 0.000 0.000 0.000 0.000 0.000 0.000 0.000 0.000 3.468 3.808 3.857 4.037 3.966 3.946 3.860 3.965 3.885 3.905 4.015 3.935 4.015 3.994 3.934 4.449 3.964 3.984 3.734 4.759 4.862 4.964 5.092 5.270 5.449 5.627 5.805 5.983 6.161 6.339 6.518 6.696 6.873 7.004 7.134 7.265 7.396 7.513 7.516 7.520 7.523 7.526 7.529 7.532 7.536 7.539 7.542 7.726 7.916 8.106 8.296 8.486 8.687
0.000 0.000 1.488 2.888 4.586 5.014 5.226 3.019 3.019 3.249 2.849 3.099 3.069 2.969 0.000 0.000 0.000 0.000 0.000 0.000 0.000 0.000 0.000 0.000 0.000 3.577 3.736 3.796 3.726 3.783 4.035 4.025 3.944 3.924 3.844 4.185 4.257 3.964 4.014 4.475 4.548 4.621 4.013 3.983 4.898 5.001 5.104 5.252 5.430 5.608 5.786 5.964 6.142 6.321 6.499 6.677 6.828 6.959 7.090 7.221 7.352 7.482 7.549 7.553 7.556 7.559 7.562 7.566 7.569 7.572 7.675 7.865 8.055 8.245 8.436 8.626 8.816
0.000 1.389 1.899 2.018 3.999 5.112 5.158 3.219 2.999 3.189 3.279 3.219 3.209 3.069 0.000 0.000 0.000 0.000 0.000 0.000 0.000 0.000 0.000 0.000 0.000 0.775 3.415 4.034 4.004 3.776 3.848 3.921 3.993 3.983 4.013 4.023 3.993 4.356 4.023 4.502 4.574 4.647 4.023 4.832 4.935 5.037 5.140 5.243 5.411 5.589 5.767 5.945 6.123 6.302 6.480 6.653 6.784 6.914 7.045 7.176 7.307 7.438 7.569 7.586 7.589 7.592 7.596 7.599 7.602 7.625 7.815 8.005 8.195 8.385 8.575 8.765 8.956
0.000 0.000 1.779 0.889 2.989 5.017 5.064 3.479 3.159 3.239 3.379 3.349 3.249 3.139 0.000 0.000 0.000 0.000 0.000 0.000 0.000 0.000 0.000 0.000 0.000 3.092 3.423 3.513 3.983 3.801 3.874 3.947 3.942 4.032 4.002 3.992 3.972 4.383 4.032 4.528 4.601 4.012 4.765 4.868 4.971 5.074 5.177 5.280 5.392 5.570 5.748 5.926 6.105 6.283 6.461 6.608 6.739 6.870 7.001 7.132 7.262 7.393 7.524 7.619 7.622 7.625 7.629 7.632 7.635 7.765 7.955 8.145 8.335 8.525 8.715 8.905 9.095
0.000 0.000 1.219 1.589 2.199 4.923 4.970 5.017 3.429 3.369 3.429 3.299 3.189 3.119 0.000 0.000 0.000 0.000 0.000 0.000 0.000 0.000 0.000 0.000 3.408 3.579 3.310 3.251 3.521 4.001 3.900 3.973 4.046 4.031 4.191 3.941 4.001 4.409 4.482 4.555 4.627 4.700 4.802 4.905 5.008 5.111 5.213 5.316 5.419 5.551 5.729 5.908 6.086 6.264 6.433 6.564 6.694 6.825 6.956 7.087 7.218 7.349 7.480 7.610 7.655 7.658 7.662 7.665 7.715 7.905 8.095 8.285 8.475 8.665 8.855 9.045 9.235
0.000 0.000 2.019 2.179 2.129 3.648 4.875 4.922 3.439 3.459 3.399 3.308 3.378 3.208 0.000 0.000 0.000 0.000 0.000 0.000 0.000 0.000 0.000 3.535 3.646 3.657 3.608 3.439 3.280 3.910 3.930 4.001 4.072 4.145 4.218 4.031 3.951 4.436 4.509 4.581 4.654 4.735 4.838 4.941 5.044 5.147 5.250 5.353 5.456 5.558 5.710 5.889 6.067 6.245 6.388 6.519 6.650 6.781 6.912 7.042 7.173 7.304 7.435 7.566 7.688 7.692 7.695 7.698 7.855 8.045 8.235 8.425 8.615 8.805 8.995 9.185 9.375
0.000 0.000 2.419 2.459 2.378 3.238 4.781 4.828 4.008 3.398 3.518 3.498 3.398 3.338 0.000 0.000 0.000 2.050 3.350 3.520 3.421 3.562 3.533 3.534 3.605 3.746 3.786 3.788 3.628 3.729 4.029 4.031 4.102 4.173 4.244 4.317 4.390 4.462 4.535 4.608 4.681 4.772 4.875 4.978 5.081 5.184 5.287 5.389 5.492 5.595 5.698 5.870 6.048 6.213 6.343 6.474 6.605 6.736 6.867 6.998 7.129 7.260 7.390 7.521 7.652 7.725 7.728 7.805 7.995 8.185 8.375 8.565 8.755 8.945 9.135 9.325 9.515
0.000 2.939 2.399 2.448 2.528 3.818 3.448 4.734 3.928 3.438 3.498 3.608 3.478 3.489 3.379 3.539 3.459 3.450 3.500 3.590 3.591 3.452 3.523 3.604 3.635 3.716 3.856 3.838 3.827 3.848 3.818 3.959 4.132 4.203 4.274 4.345 4.416 4.489 4.562 4.635 4.707 4.809 4.912 5.014 5.117 5.220 5.323 5.426 5.529 5.632 5.735 5.851 6.029 6.168 6.299 6.430 6.561 6.692 6.822 6.953 7.084 7.215 7.346 7.477 7.607 7.738 7.761 7.944 8.134 8.325 8.515 8.705 8.895 9.085 9.275 9.465 9.655
2.559 2.949 2.718 2.638 3.928 3.408 3.448 4.639 4.686 3.708 3.648 3.528 3.608 3.549 3.549 3.629 3.419 3.500 3.480 3.490 3.501 3.522 3.583 3.543 3.614 3.825 3.686 3.956 3.891 3.949 3.917 3.988 3.998 4.233 4.304 4.375 4.446 4.517 4.588 4.661 4.742 4.845 4.948 5.051 5.154 5.257 5.360 5.462 5.565 5.668 5.771 5.874 5.992 6.123 6.254 6.387 6.521 6.654 6.787 6.921 7.054 7.187 7.320 7.454 7.587 7.720 7.841 8.030 8.219 8.408 8.596 8.785 8.974 9.162 9.351 9.539 9.728
3.749 2.938 2.548 3.818 3.438 3.408 3.458 4.545 4.591 3.838 3.548 3.498 3.758 3.678 3.579 3.589 3.629 3.580 3.500 3.590 3.511 3.582 3.522 3.603 3.634 3.645 3.765 3.876 3.976 3.980 4.027 4.122 4.193 4.264 4.335 4.406 4.476 4.547 4.618 4.689 4.775 4.876 4.976 5.076 5.176 5.276 5.376 5.476 5.577 5.677 5.777 5.877 6.047 6.186 6.320 6.453 6.586 6.720 6.853 6.986 7.120 7.253 7.386 7.519 7.652 7.771 7.818 7.964 8.152 8.341 8.530 8.718 8.907 9.096 9.284 9.473 9.662
3.328 3.348 3.468 3.448 3.438 3.438 3.498 4.450 4.497 4.544 3.618 3.598 3.738 3.798 3.679 3.709 3.589 3.569 3.630 3.520 3.591 3.591 3.552 3.743 3.653 3.684 3.815 3.965 3.984 4.010 4.081 4.152 4.223 3.747 4.027 4.436 4.507 4.578 4.649 4.713 4.775 4.875 4.975 5.075 5.175 5.276 5.376 5.476 5.576 5.676 5.776 5.920 6.091 6.252 6.385 6.518 6.652 6.785 6.918 7.052 7.185 7.318 7.452 7.585 7.718 7.783 7.831 7.897 8.086 8.274 8.463 8.652 8.840 9.029 9.218 9.406 9.595
3.398 3.288 3.798 3.428 3.368 3.278 3.068 3.328 4.403 4.450 3.978 3.758 3.778 3.618 3.689 3.619 3.639 3.589 3.650 3.650 3.551 3.721 3.642 3.783 3.673 3.764 3.754 3.895 3.915 4.041 4.112 4.183 4.254 4.325 4.395 4.466 4.537 4.608 4.673 4.732 4.792 4.875 4.975 5.075 5.175 5.275 5.375 5.476 5.576 5.676 5.792 5.963 6.135 6.306 6.451 6.584 6.717 6.851 6.984 7.117 7.251 7.384 7.517 7.650 7.749 7.796 7.843 7.890 8.019 8.208 8.397 8.585 8.774 8.962 9.151 9.340 9.529
3.338 3.538 3.508 3.418 3.398 3.418 3.488 3.568 4.308 4.355 3.878 3.688 3.658 3.658 3.529 3.579 3.649 3.659 3.670 3.620 3.731 3.651 3.742 3.682 3.793 3.903 3.874 3.954 3.974 3.985 4.142 4.213 4.284 4.355 4.426 4.497 4.568 4.633 4.692 4.752 4.812 4.874 4.974 5.074 5.175 5.275 5.375 5.475 5.575 5.675 5.836 6.007 6.178 6.349 6.516 6.650 6.783 6.916 7.049 7.183 7.316 7.449 7.583 7.714 7.761 7.808 7.855 7.902 7.953 8.141 8.330 8.519 8.707 8.896 9.085 9.273 9.462
3.338 3.468 3.338 3.498 3.458 3.478 3.458 3.138 3.948 4.261 4.308 3.758 3.818 3.628 3.509 3.669 3.779 3.669 3.580 3.640 3.750 3.621 3.742 3.822 3.772 3.753 3.883 3.904 3.974 4.129 4.173 4.244 4.315 4.386 4.457 4.527 4.592 4.652 4.712 4.772 4.832 4.891 4.974 5.074 5.174 5.274 5.374 5.475 5.575 5.708 5.879 6.050 6.222 6.393 6.564 6.715 6.848 6.982 7.115 7.248 7.382 7.515 7.648 7.726 7.773 7.820 7.867 7.914 7.961 8.075 8.263 8.452 8.641 8.829 9.018 9.207 9.395
3.358 3.318 3.378 3.398 3.458 3.568 3.358 3.088 3.518 4.166 4.213 3.878 3.858 3.588 3.729 3.589 3.719 3.669 3.620 3.800 3.720 3.691 3.761 3.792 3.812 3.942 3.913 3.853 3.964 3.974 4.204 4.274 4.345 4.416 4.487 4.552 4.612 4.672 3.965 4.792 4.851 4.911 4.973 5.074 5.174 5.274 5.374 5.474 5.580 5.751 5.923 6.094 6.265 6.437 6.608 6.779 6.914 7.047 7.181 7.314 7.447 7.580 7.691 7.738 7.785 7.833 7.880 7.927 7.974 8.021 8.197 8.385 8.574 8.763 8.951 9.140 9.329
3.458 3.518 3.458 3.498 3.418 3.458 3.508 3.588 3.538 4.072 4.119 3.848 3.788 3.788 3.738 3.659 3.709 3.749 3.929 3.770 3.770 3.701 3.691 3.851 3.892 3.902 3.962 3.863 3.883 4.223 4.234 4.305 4.376 4.447 4.512 4.572 4.632 4.692 4.751 4.811 4.871 4.931 4.990 5.073 5.173 5.273 5.373 5.473 5.623 5.795 5.966 6.138 6.309 6.480 6.652 6.823 6.980 7.113 7.246 7.379 7.513 7.646 7.703 7.750 7.798 7.845 7.892 7.939 7.986 8.033 8.130 8.319 8.507 8.696 8.885 9.074 9.250
3.538 3.568 3.538 3.488 3.438 3.448 3.528 3.618 3.798 3.978 4.025 3.968 3.508 3.908 3.648 3.589 3.789 3.789 3.739 3.730 3.780 3.770 3.741 3.791 3.941 3.942 3.852 3.982 3.853 3.973 4.013 4.336 4.407 4.472 4.532 4.592 4.652 4.712 4.771 4.831 4.891 4.950 5.010 5.073 5.173 5.273 5.373 5.496 5.667 5.838 6.010 6.181 6.352 6.524 6.695 6.866 7.038 7.178 7.312 7.445 7.578 7.669 7.716 7.763 7.810 7.857 7.904 7.951 7.998 8.045 8.092 8.252 8.441 8.630 8.818 9.006 9.162
3.618 3.548 3.638 3.478 3.418 3.548 3.538 3.528 3.678 3.758 4.029 4.071 4.113 3.728 3.858 3.718 3.779 3.829 3.749 3.789 3.720 3.780 3.820 3.831 3.921 4.001 3.852 3.862 3.972 3.892 3.913 4.013 4.433 4.492 4.552 4.612 4.672 4.731 4.791 4.851 4.911 4.970 5.030 5.090 5.172 5.272 5.372 5.539 5.710 5.882 6.053 6.225 6.396 6.567 6.739 6.910 7.081 7.244 7.377 7.511 7.634 7.681 7.728 7.775 7.822 7.869 7.916 7.963 8.010 8.058 8.105 8.186 8.374 8.563 8.752 8.918 9.074
3.608 3.428 3.558 3.358 3.638 3.428 3.608 3.688 3.558 3.638 4.041 4.084 4.126 4.169 3.818 3.778 3.749 3.739 3.869 3.829 3.930 3.900 3.870 4.317 4.324 3.821 4.338 3.761 3.772 3.962 4.022 4.393 4.452 4.512 4.572 4.632 4.691 4.751 4.811 4.871 4.930 4.990 5.050 5.109 5.172 5.272 5.411 5.583 5.754 5.925 6.097 6.268 6.440 6.611 6.782 6.954 7.125 7.296 7.443 7.576 7.646 7.693 7.740 7.787 7.834 7.881 7.929 7.976 8.023 8.070 8.117 8.164 8.308 8.496 8.674 8.830 8.986
3.658 3.568 3.468 3.438 3.528 3.468 3.608 3.538 3.668 3.718 3.768 4.097 4.139 4.182 4.008 3.848 3.778 3.939 3.879 3.769 3.889 3.760 4.010 3.850 4.357 4.364 4.021 3.951 4.011 3.951 3.942 3.962 4.482 4.540 4.599 4.658 4.717 4.775 4.834 4.893 4.951 5.010 5.069 5.129 5.189 5.284 5.455 5.626 5.798 5.969 6.140 6.312 6.483 6.655 6.826 6.997 7.169 7.340 7.508 7.611 7.658 7.705 7.752 7.800 7.847 7.894 7.941 7.988 8.035 8.082 8.129 8.176 8.241 8.430 8.586 8.742 8.898
3.458 3.428 3.658 3.508 3.498 3.428 3.578 3.568 3.608 3.628 3.678 3.838 4.152 4.195 4.237 4.280 4.323 3.958 3.749 3.829 3.889 4.368 3.810 3.900 4.389 4.010 3.990 4.410 4.021 4.425 4.447 3.971 4.512 4.571 4.630 4.688 4.747 4.806 4.864 4.923 4.982 5.040 5.099 5.157 5.216 5.309 5.481 5.653 5.824 5.996 6.168 6.340 6.512 6.684 6.856 7.028 7.200 7.371 7.543 7.617 7.664 7.712 7.759 7.807 7.854 7.902 7.949 7.997 8.044 8.092 8.139 8.187 8.234 8.349 8.498 8.654 8.810
3.628 3.478 3.588 3.598 3.468 3.498 3.478 3.558 3.548 3.678 3.728 3.768 3.698 4.208 4.250 4.293 4.336 3.998 3.798 3.959 3.949 4.019 3.929 3.869 3.830 4.429 3.900 3.940 3.920 3.851 4.494 4.520 4.547 4.601 4.660 4.719 4.777 4.836 4.895 4.953 5.012 5.071 5.129 5.188 5.266 5.361 5.496 5.667 5.839 6.011 6.183 6.355 6.527 6.699 6.871 7.043 7.214 7.386 7.511 7.611 7.659 7.707 7.754 7.802 7.849 7.897 7.944 7.991 8.039 8.086 8.134 8.181 8.286 8.508 8.651 8.795 8.938
3.918 3.558 3.688 3.488 3.578 3.598 3.558 3.638 3.608 3.618 3.678 3.708 3.758 3.778 3.838 4.306 4.349 4.392 4.412 4.419 4.426 4.433 4.440 4.447 4.454 3.949 4.469 4.476 4.487 4.513 4.020 4.020 4.593 4.000 4.690 4.749 4.808 4.866 4.925 4.984 5.042 5.101 5.159 5.226 5.321 5.417 5.512 5.682 5.854 6.026 6.198 6.370 6.542 6.714 6.886 7.057 7.229 7.380 7.479 7.578 7.654 7.701 7.749 7.796 7.844 7.891 7.939 7.986 8.034 8.081 8.128 8.176 8.403 8.631 8.810 8.954 9.097
3.538 3.468 3.767 3.698 3.598 3.588 3.667 3.567 3.807 3.827 3.857 3.797 3.767 3.748 3.778 3.758 3.928 4.405 4.445 4.452 4.459 4.466 4.473 4.480 3.939 4.494 3.879 3.949 4.019 4.560 4.586 4.613 4.010 4.666 4.721 4.780 4.838 4.897 4.956 5.014 5.073 5.131 5.190 5.282 5.377 5.473 5.568 5.697 5.869 6.041 6.213 6.385 6.557 6.729 6.900 7.072 7.244 7.347 7.446 7.545 7.645 7.696 7.744 7.791 7.839 7.886 7.933 7.981 8.028 8.076 8.123 8.292 8.520 8.748 8.969 9.113 9.256
3.578 3.438 3.428 3.528 3.577 3.907 3.949 3.737 4.033 3.757 3.857 3.767 3.857 3.797 3.907 3.928 3.928 4.418 4.461 4.485 4.492 4.499 4.506 4.513 4.520 3.989 4.534 4.553 4.580 4.606 4.633 4.659 4.686 4.713 4.751 4.810 4.869 4.927 4.986 5.045 5.103 5.162 5.242 5.338 5.433 5.528 5.624 5.719 5.884 6.056 6.228 6.400 6.572 6.743 6.915 7.087 7.215 7.315 7.414 7.513 7.612 7.691 7.738 7.786 7.833 7.881 7.928 7.976 8.023 8.071 8.181 8.409 8.637 8.865 9.094 9.272 9.415
3.448 3.498 3.458 3.557 3.447 3.627 3.857 3.647 3.697 4.088 3.827 3.827 3.907 3.917 3.917 3.877 3.788 4.431 4.473 3.978 4.525 4.532 4.538 4.545 4.552 4.559 4.573 4.600 4.626 4.653 4.679 4.706 4.732 4.759 4.786 4.840 4.899 4.958 5.016 5.075 5.134 5.203 5.298 5.393 5.489 5.584 5.680 5.775 5.899 6.071 6.243 6.414 6.586 6.758 6.930 7.084 7.183 7.282 7.381 7.480 7.579 7.678 7.733 7.781 7.828 7.876 7.923 7.970 8.018 8.070 8.298 8.526 8.754 8.983 9.211 9.431 9.574
3.438 3.467 3.527 3.437 3.517 3.717 3.747 3.697 3.707 3.817 3.817 3.907 3.927 3.897 3.897 4.007 3.847 3.847 4.486 4.529 4.557 4.564 4.571 4.578 4.585 4.593 4.620 4.646 4.673 4.699 4.726 4.752 4.779 4.805 4.832 4.871 4.930 4.988 5.047 5.105 5.164 5.259 5.354 5.449 5.545 5.640 5.735 5.831 5.926 6.085 6.257 6.429 6.601 6.773 6.945 7.051 7.150 7.249 7.349 7.448 7.547 7.646 7.728 7.775 7.823 7.870 7.918 7.965 8.013 8.187 8.415 8.643 8.872 9.100 9.328 9.556 9.733
3.447 3.567 3.467 3.567 3.627 3.677 3.537 3.767 3.727 4.114 3.797 3.787 4.242 4.285 3.927 3.897 4.007 3.957 3.907 4.542 4.018 4.597 4.604 4.611 4.618 4.640 4.666 4.693 4.719 4.746 4.772 4.799 4.825 4.852 4.878 4.905 4.960 5.019 5.077 5.136 5.219 5.314 5.410 5.505 5.600 5.696 5.791 5.887 5.982 6.100 6.272 6.444 6.616 6.788 6.919 7.019 7.118 7.217 7.316 7.415 7.514 7.613 7.712 7.770 7.818 7.865 7.912 7.960 8.076 8.304 8.532 8.760 8.989 9.217 9.445 9.673 9.892
3.517 3.487 3.537 3.607 3.597 3.577 3.717 3.687 3.647 3.877 4.170 4.007 4.255 3.907 3.967 4.384 3.947 4.469 4.007 3.967 4.598 4.630 4.637 4.644 4.660 4.686 4.008 4.739 4.766 4.792 4.819 4.845 4.872 4.898 4.925 4.951 4.991 5.049 5.108 5.179 5.275 5.370 5.466 5.561 5.656 5.752 5.847 5.943 6.038 6.133 6.287 6.459 6.631 6.788 6.887 6.986 7.085 7.184 7.283 7.382 7.482 7.581 7.680 7.765 7.812 7.860 7.907 7.965 8.193 8.421 8.649 8.877 9.106 9.334 9.562 9.790 10.018
3.367 3.437 3.457 3.547 3.627 3.586 3.606 3.836 3.806 3.806 4.183 4.226 4.268 4.016 3.986 3.846 3.937 3.957 4.525 4.567 3.997 4.653 4.669 4.680 3.997 3.947 4.007 4.007 4.017 4.839 4.865 4.892 4.918 4.945 4.971 4.998 5.024 5.080 5.140 5.235 5.331 5.426 5.522 5.617 5.712 5.808 5.903 5.998 6.094 6.189 6.302 6.474 6.646 6.755 6.854 6.953 7.053 7.152 7.251 7.350 7.449 7.548 7.647 7.746 7.807 7.855 7.902 8.082 8.310 8.538 8.766 8.995 9.223 9.451 9.679 9.907 10.135
3.516 3.446 3.446 3.446 3.516 3.969 3.546 3.726 3.726 3.856 4.196 4.238 3.926 3.896 3.976 3.886 3.976 4.495 4.538 4.580 3.896 4.666 4.702 3.957 4.753 3.967 4.806 4.832 4.859 4.885 4.912 4.938 4.965 4.991 5.018 5.044 5.071 5.110 5.196 5.291 5.387 5.482 5.577 5.673 5.768 5.863 5.959 6.054 6.150 6.245 6.340 6.489 6.623 6.722 6.822 6.921 7.020 7.119 7.218 7.317 7.416 7.516 7.615 7.714 7.802 7.849 7.971 8.199 8.427 8.655 8.883 9.112 9.340 9.568 9.796 10.024 10.252
3.346 3.416 3.496 3.616 3.736 3.566 3.696 3.686 3.746 3.696 3.816 3.796 3.906 4.332 4.375 4.417 4.460 4.502 4.545 4.587 4.630 4.672 4.016 4.692 4.721 4.750 4.779 4.807 4.836 4.865 4.894 4.923 4.952 4.981 5.009 5.038 5.067 5.123 5.221 5.318 5.416 5.514 5.612 5.709 5.807 5.905 6.002 6.100 6.198 6.296 6.393 6.491 6.590 6.690 6.789 6.888 6.987 7.086 7.185 7.285 7.384 7.483 7.582 7.681 7.780 7.860 8.088 8.316 8.544 8.773 9.001 9.229 9.457 9.685 9.913 10.141 10.369
3.316 3.486 3.546 3.770 3.605 3.575 3.775 3.705 3.635 3.676 3.756 3.706 3.866 3.916 3.946 3.876 4.006 4.506 4.006 4.591 4.634 4.675 4.652 4.629 4.656 4.685 4.714 4.743 4.772 4.801 4.016 3.976 4.887 4.916 4.945 4.974 5.003 5.101 5.199 5.297 5.395 5.492 5.590 5.688 5.785 5.883 5.981 6.078 6.176 6.274 6.372 6.458 6.551 6.651 6.750 6.850 6.949 7.049 7.148 7.247 7.347 7.446 7.545 7.645 7.744 7.882 8.124 8.365 8.607 8.848 9.090 9.331 9.573 9.802 10.030 10.258 10.487
3.475 3.415 3.702 3.605 3.695 3.605 3.655 3.575 3.635 3.735 3.845 3.785 3.795 3.945 4.383 4.425 4.468 4.511 4.553 4.596 4.638 4.643 4.620 4.597 3.866 4.621 4.650 4.679 4.707 4.736 3.996 4.794 4.823 4.852 4.880 4.909 4.980 5.079 5.177 5.275 5.373 5.471 5.568 5.666 5.764 5.861 5.959 6.057 6.154 6.252 6.344 6.427 6.512 6.612 6.711 6.810 6.910 7.009 7.109 7.208 7.307 7.407 7.506 7.605 7.715 7.837 8.042 8.284 8.526 8.767 9.009 9.250 9.492 9.733 9.975 10.216 10.458
