includes/oleron/floodfiles/results_R2_t1.562594502398E12/res.totaltm
ncols         631
nrows         906
xllcorner     364927.146667
yllcorner     6531972.565556
cellsize      20.000000
NODATA_value  -9999.000000
[rows 396 to 428 of 906, columns 444 to 517 of 631]
0.000 0.000 0.000 0.000 0.000 0.000 0.000 0.000 0.000 0.000 0.000 0.000 0.000 0.000 0.000 0.000 0.000 0.000 0.000 0.000 0.000 0.000 0.000 13.356 7.427 7.544 7.619 7.572 6.656 7.057 7.259 7.607 13.662 8.199 8.552 13.808 7.910 13.870 7.986 8.615 8.823 14.068 14.085 8.755 8.806 9.471 9.549 10.759 10.577 11.752 12.630 10.549 10.495 14.305 10.398 13.896 13.667 13.619 13.678 13.706 13.692 13.639 13.538 13.343 12.959 12.718 13.618 13.881 14.078 14.231 14.373 14.477 14.500 14.500
0.000 0.000 0.000 0.000 0.000 0.000 0.000 0.000 0.000 0.000 0.000 0.000 0.000 0.000 0.000 0.000 0.000 0.000 0.000 0.000 0.000 0.000 0.000 0.000 0.000 0.000 7.088 6.427 7.628 8.003 7.689 7.994 7.613 13.796 7.873 9.095 9.427 8.924 9.062 9.081 9.743 14.006 9.178 14.119 12.155 9.413 9.005 9.133 9.849 14.245 14.251 14.262 9.984 9.362 14.500 11.530 13.812 13.762 13.750 13.759 13.767 13.770 13.761 13.733 13.683 13.778 13.985 14.162 14.279 14.348 14.451 14.500 14.500 14.500
0.000 0.000 0.000 0.000 0.000 0.000 0.000 0.000 0.000 0.000 0.000 0.000 0.000 0.000 0.000 0.000 0.000 0.000 0.000 0.000 0.000 0.000 0.000 0.000 0.000 0.000 0.000 0.000 7.433 13.714 8.145 8.404 13.798 10.248 13.819 8.044 9.023 9.678 10.977 8.587 8.825 14.089 14.010 14.086 14.140 14.161 10.665 14.195 9.856 9.131 14.259 14.161 14.500 14.298 14.310 12.688 14.500 14.456 14.361 14.255 14.169 14.106 14.064 14.033 14.133 14.415 14.498 14.500 14.500 14.500 14.500 14.500 14.500 14.500
0.000 0.000 0.000 0.000 0.000 0.000 0.000 0.000 0.000 0.000 0.000 0.000 0.000 0.000 0.000 0.000 0.000 0.000 0.000 0.000 0.000 0.000 0.000 0.000 0.000 0.000 0.000 0.000 8.046 8.255 13.773 10.234 9.378 10.415 8.643 12.475 10.447 8.233 14.039 11.451 11.583 14.079 14.100 9.570 14.124 8.905 8.844 11.430 14.206 14.216 9.245 9.305 9.350 9.696 9.463 10.508 13.857 14.430 14.427 14.404 14.368 14.329 14.293 14.344 14.500 14.500 14.500 14.500 14.500 14.500 14.500 14.500 14.500 14.500
0.000 0.000 0.000 0.000 0.000 0.000 0.000 0.000 0.000 0.000 0.000 0.000 0.000 0.000 0.000 0.000 0.000 0.000 0.000 0.000 0.000 0.000 0.000 0.000 0.000 0.000 0.000 0.000 7.565 8.342 8.729 8.113 8.933 11.083 13.865 8.480 9.521 10.069 10.531 8.660 8.509 8.849 8.978 9.588 14.133 8.924 14.169 9.490 10.010 14.233 10.237 10.379 13.500 14.289 14.249 11.984 14.500 9.412 13.701 14.142 14.269 14.310 14.377 14.500 14.500 14.500 14.500 14.500 14.500 14.500 14.500 14.500 14.500 14.500
0.000 0.000 0.000 0.000 0.000 0.000 0.000 0.000 0.000 0.000 0.000 0.000 0.000 0.000 0.000 0.000 0.000 0.000 0.000 0.000 0.000 0.000 0.000 0.000 0.000 0.000 0.000 0.000 7.150 13.736 9.220 9.983 9.787 13.851 13.865 8.101 10.289 9.147 9.152 14.079 11.670 12.720 11.942 12.038 13.620 14.152 9.041 9.347 9.326 14.234 13.180 14.278 13.462 10.572 9.390 9.494 14.500 14.440 14.345 14.300 14.310 14.368 14.500 14.500 14.500 14.500 14.500 14.500 14.500 14.500 14.500 14.500 14.500 14.500
0.000 0.000 0.000 0.000 0.000 0.000 0.000 0.000 0.000 0.000 0.000 0.000 0.000 0.000 0.000 0.000 0.000 0.000 0.000 0.000 0.000 0.000 0.000 0.000 0.000 0.000 0.000 0.000 0.000 13.731 7.892 8.022 7.890 8.196 13.889 11.304 12.345 8.570 14.058 11.797 8.935 8.977 11.124 14.142 14.149 14.157 14.180 9.582 9.069 9.207 9.607 9.550 12.413 14.440 14.470 14.500 9.427 13.659 14.060 14.191 14.284 14.500 14.500 14.500 14.500 14.500 14.500 14.500 14.500 14.500 14.500 14.500 14.500 14.500
0.000 0.000 0.000 0.000 0.000 0.000 0.000 0.000 0.000 0.000 0.000 0.000 0.000 0.000 0.000 0.000 0.000 0.000 0.000 0.000 0.000 0.000 0.000 0.000 0.000 0.000 0.000 0.000 0.000 7.980 8.401 8.567 8.601 8.607 8.413 12.772 13.137 14.048 14.057 13.961 13.915 14.106 8.964 14.144 9.304 14.169 14.193 14.202 14.222 9.617 9.980 10.301 9.289 10.219 9.755 14.500 14.498 14.432 14.358 14.330 14.500 14.500 14.500 14.500 14.500 14.500 14.500 14.500 14.500 14.500 14.500 14.500 14.500 14.500
0.000 0.000 0.000 0.000 0.000 0.000 0.000 0.000 0.000 0.000 0.000 0.000 0.000 0.000 0.000 0.000 0.000 0.000 0.000 0.000 0.000 0.000 0.000 0.000 0.000 0.000 0.000 0.000 0.000 0.000 0.000 0.000 9.106 8.544 8.660 13.984 8.529 8.497 8.841 8.646 8.751 14.111 13.843 14.135 8.922 9.467 9.227 10.682 14.212 9.242 9.318 10.708 10.623 10.486 10.071 9.673 14.076 14.280 14.335 14.495 14.500 14.500 14.500 14.500 14.500 14.500 14.500 14.500 14.500 14.500 14.500 14.500 14.500 14.500
0.000 0.000 0.000 0.000 0.000 0.000 0.000 0.000 0.000 0.000 0.000 0.000 0.000 0.000 0.000 0.000 0.000 0.000 0.000 0.000 0.000 0.000 0.000 0.000 0.000 0.000 0.000 0.000 0.000 0.000 13.830 8.040 13.934 13.976 13.987 8.648 8.749 9.930 14.055 14.082 11.399 10.767 14.135 9.037 9.112 14.179 10.298 14.500 14.500 9.364 9.109 9.525 10.991 9.602 11.686 12.267 9.443 13.427 14.160 14.304 14.391 14.466 14.500 14.500 14.500 14.500 14.500 14.500 14.500 14.500 14.500 14.500 14.500 14.500
0.000 0.000 0.000 0.000 0.000 0.000 0.000 0.000 0.000 0.000 0.000 0.000 0.000 0.000 0.000 0.000 0.000 0.000 0.000 0.000 0.000 0.000 0.000 0.000 0.000 0.000 0.000 0.000 0.000 0.000 13.840 13.852 11.105 12.175 13.067 12.243 12.880 8.965 14.060 8.670 11.151 10.765 14.142 9.459 10.738 9.267 13.442 14.087 14.224 10.088 14.257 9.994 11.002 14.500 10.439 12.093 12.050 12.774 13.554 13.764 13.935 14.090 14.247 14.381 14.484 14.500 14.500 14.500 14.500 14.500 14.500 14.500 14.500 14.500
0.000 0.000 0.000 0.000 0.000 0.000 0.000 0.000 0.000 0.000 0.000 0.000 0.000 0.000 0.000 0.000 0.000 0.000 0.000 0.000 0.000 0.000 0.000 0.000 0.000 0.000 0.000 0.000 7.849 0.000 13.717 7.897 11.545 8.261 14.009 13.792 14.053 14.060 9.059 9.693 9.357 8.738 13.754 14.163 14.176 14.188 14.196 14.185 14.215 14.500 9.141 14.258 9.386 9.282 11.715 11.916 12.073 12.438 14.343 9.385 13.020 13.390 13.667 13.896 14.102 14.288 14.433 14.500 14.500 14.500 14.500 14.500 14.500 14.500
0.000 0.000 0.000 0.000 0.000 0.000 0.000 0.000 0.000 0.000 0.000 0.000 0.000 0.000 0.000 0.000 0.000 0.000 0.000 0.000 0.000 0.000 0.000 0.000 0.000 0.000 0.000 0.000 7.983 13.816 13.680 8.386 13.922 13.939 10.827 14.007 8.684 14.078 14.082 14.097 10.233 9.236 8.930 14.160 14.174 11.391 14.204 14.214 14.220 14.234 10.131 11.615 10.296 9.672 9.629 12.397 12.588 12.659 13.102 13.166 13.220 13.301 13.422 13.575 13.746 13.928 14.111 14.296 14.448 14.500 14.500 14.500 14.500 14.500
0.000 0.000 0.000 0.000 0.000 0.000 0.000 0.000 0.000 0.000 0.000 0.000 0.000 0.000 0.000 0.000 0.000 0.000 0.000 0.000 0.000 0.000 0.000 0.000 0.000 0.000 0.000 0.000 8.155 13.798 13.813 13.839 8.683 8.903 9.086 12.851 14.003 8.558 8.511 14.119 14.130 14.134 14.147 14.159 14.170 9.237 14.204 9.397 14.500 14.243 14.500 14.263 9.644 9.967 11.344 14.500 9.442 11.995 12.374 12.580 12.738 12.887 13.045 13.218 13.402 13.597 13.802 14.019 14.241 14.462 14.500 14.500 14.500 14.500
0.000 0.000 0.000 0.000 0.000 0.000 0.000 0.000 0.000 0.000 0.000 0.000 0.000 0.000 0.000 0.000 0.000 0.000 0.000 0.000 0.000 0.000 0.000 0.000 0.000 0.000 0.000 7.563 7.689 9.736 7.916 9.456 8.559 9.426 9.867 13.993 14.012 8.763 14.057 9.133 9.206 9.107 9.827 9.445 14.178 14.188 9.354 14.218 9.356 9.766 11.865 14.500 14.500 11.891 10.599 11.583 11.701 11.850 12.082 12.295 12.462 12.644 12.846 13.076 13.295 13.529 13.783 14.047 14.316 14.500 14.500 14.500 14.500 14.500
0.000 0.000 0.000 0.000 0.000 0.000 0.000 0.000 0.000 0.000 0.000 0.000 0.000 0.000 0.000 0.000 0.000 0.000 0.000 0.000 0.000 0.000 0.000 0.000 0.000 0.000 0.000 7.939 9.080 8.810 13.810 9.132 9.209 9.180 9.903 8.796 8.768 9.252 8.652 8.702 9.503 8.997 14.139 9.068 14.184 11.854 14.205 14.226 14.240 14.257 14.500 14.500 14.283 14.500 14.500 9.878 11.663 11.823 12.005 12.211 12.425 12.664 12.898 13.115 13.419 13.775 14.136 14.401 14.500 14.500 14.500 14.500 14.500 14.500
0.000 0.000 0.000 0.000 0.000 0.000 0.000 0.000 0.000 0.000 0.000 0.000 0.000 0.000 0.000 0.000 0.000 0.000 0.000 0.000 0.000 0.000 0.000 0.000 0.000 0.000 0.000 8.452 8.668 7.949 7.998 13.822 8.137 8.372 11.559 12.378 13.164 14.048 8.778 12.080 13.577 13.514 9.095 14.170 14.182 14.189 14.204 10.402 10.370 14.500 14.262 12.988 14.293 9.300 11.163 14.500 10.029 11.720 12.108 12.553 12.981 13.350 13.653 13.911 14.132 14.325 14.473 14.500 14.500 14.500 14.500 14.500 14.500 14.500
0.000 0.000 0.000 0.000 0.000 0.000 0.000 0.000 0.000 0.000 0.000 0.000 0.000 0.000 0.000 0.000 0.000 0.000 0.000 0.000 0.000 0.000 0.000 0.000 0.000 0.000 7.711 8.235 7.332 8.727 13.818 13.827 8.342 13.884 13.948 8.324 10.977 14.053 8.925 12.186 12.372 14.138 14.153 14.164 14.033 14.189 14.205 10.545 14.237 14.500 9.683 9.686 14.500 9.440 14.500 11.225 9.650 12.505 13.283 13.888 14.300 14.500 14.500 14.500 14.500 14.500 14.500 14.500 14.500 14.500 14.500 14.500 14.500 14.500
0.000 0.000 0.000 0.000 0.000 0.000 0.000 0.000 0.000 0.000 0.000 0.000 0.000 0.000 0.000 0.000 0.000 0.000 0.000 0.000 0.000 0.000 0.000 0.000 0.000 0.000 7.631 7.983 13.745 8.358 13.824 10.527 13.872 11.527 8.170 13.992 11.567 14.056 13.757 14.092 11.332 14.129 14.140 14.159 9.343 9.384 14.207 14.214 14.236 9.503 14.500 10.138 14.500 14.500 14.500 9.552 9.633 14.500 14.500 14.500 14.500 14.500 14.500 14.500 14.500 14.500 14.500 14.500 14.500 14.500 14.500 14.500 14.500 14.500
0.000 0.000 0.000 0.000 0.000 0.000 0.000 0.000 0.000 0.000 0.000 0.000 0.000 0.000 0.000 0.000 0.000 0.000 0.000 0.000 0.000 0.000 0.000 0.000 0.000 0.000 7.544 7.757 7.676 7.968 8.021 8.272 8.308 13.924 11.663 13.988 9.090 8.896 14.077 12.626 14.112 14.121 9.000 9.640 14.169 13.131 9.164 9.373 13.806 9.482 9.574 9.242 9.448 14.500 14.500 14.500 9.535 14.500 14.500 14.500 14.500 14.500 14.500 14.500 14.500 14.500 14.500 14.500 14.500 14.500 14.500 14.500 14.500 14.500
0.000 0.000 0.000 0.000 0.000 0.000 0.000 0.000 0.000 0.000 0.000 0.000 0.000 0.000 0.000 0.000 0.000 0.000 0.000 0.000 0.000 0.000 0.000 0.000 0.000 0.000 0.000 7.401 13.722 7.842 13.799 13.273 13.829 8.072 8.483 11.193 14.024 13.047 8.702 8.810 14.086 9.210 12.742 14.163 13.244 12.602 14.214 14.231 13.954 13.400 14.500 14.500 14.500 14.500 14.500 14.500 9.445 14.500 14.500 14.500 14.500 14.500 14.500 14.500 14.500 14.500 14.500 14.500 14.500 14.500 14.500 14.500 14.500 14.500
0.000 0.000 0.000 0.000 0.000 0.000 0.000 0.000 0.000 0.000 0.000 0.000 0.000 0.000 0.000 0.000 0.000 0.000 0.000 0.000 0.000 0.000 0.000 0.000 0.000 0.000 0.000 7.332 8.608 8.897 13.793 8.464 13.849 13.485 13.916 12.802 12.571 14.062 14.068 14.094 14.108 13.512 14.142 11.648 13.472 14.187 14.199 14.215 9.938 9.266 9.350 10.138 10.328 14.256 9.414 14.500 14.500 14.500 14.500 14.500 14.500 14.500 14.500 14.500 14.500 14.500 14.500 14.500 14.500 14.500 14.500 14.500 14.500 14.500
0.000 0.000 0.000 0.000 0.000 0.000 0.000 0.000 0.000 0.000 0.000 0.000 0.000 0.000 0.000 0.000 0.000 0.000 0.000 0.000 0.000 0.000 0.000 0.000 0.000 0.000 0.000 7.492 7.786 7.867 13.781 8.083 8.414 8.212 8.212 12.684 14.017 10.493 10.851 9.561 8.734 14.114 8.989 9.058 11.974 12.446 9.154 9.398 14.229 9.976 14.255 10.553 14.280 9.290 14.339 14.500 14.500 14.500 14.500 14.500 14.500 14.500 14.500 14.500 14.500 14.500 14.500 14.500 14.500 14.500 14.500 14.500 14.500 14.500
0.000 0.000 0.000 0.000 0.000 0.000 0.000 0.000 0.000 0.000 0.000 0.000 0.000 0.000 0.000 0.000 0.000 0.000 0.000 0.000 0.000 0.000 0.000 0.000 0.000 0.000 0.000 0.000 13.723 9.825 13.148 8.110 13.827 13.843 8.380 8.679 9.757 10.867 11.865 10.854 14.112 14.122 14.138 14.148 13.603 14.185 14.197 14.206 14.224 9.503 9.526 14.262 9.768 9.313 14.500 14.500 14.500 9.425 9.468 14.500 14.500 14.500 14.500 14.500 14.500 14.500 14.500 14.500 14.500 14.500 14.500 14.500 14.500 14.500
0.000 0.000 0.000 0.000 0.000 0.000 0.000 0.000 0.000 0.000 0.000 0.000 0.000 0.000 0.000 0.000 0.000 0.000 0.000 0.000 0.000 0.000 0.000 0.000 0.000 0.000 0.000 0.000 13.712 13.434 10.615 8.420 13.821 13.846 10.843 10.153 11.268 8.517 8.572 8.778 13.807 12.969 11.386 14.150 14.167 14.176 13.627 9.409 14.228 14.237 14.255 14.284 10.359 14.500 14.500 14.500 14.500 14.500 14.500 9.451 14.500 14.500 14.500 14.500 14.500 14.500 14.500 14.500 14.500 14.500 14.500 14.500 14.500 14.500
0.000 0.000 0.000 0.000 0.000 0.000 0.000 0.000 0.000 0.000 0.000 0.000 0.000 0.000 0.000 0.000 0.000 0.000 0.000 0.000 0.000 0.000 0.000 0.000 0.000 0.000 0.000 0.000 7.957 13.711 7.655 7.987 8.069 8.287 13.885 9.141 11.623 14.012 11.027 14.071 14.066 8.609 8.920 13.668 12.734 14.030 14.183 14.205 9.683 10.421 9.358 14.281 14.500 14.309 14.500 14.500 14.500 14.500 14.500 14.500 14.500 14.500 14.500 14.500 14.500 14.500 14.500 14.500 14.500 14.500 14.500 14.500 14.500 14.500
0.000 0.000 0.000 0.000 0.000 0.000 0.000 0.000 0.000 0.000 0.000 0.000 0.000 0.000 0.000 0.000 0.000 0.000 0.000 0.000 0.000 0.000 0.000 0.000 0.000 0.000 0.000 0.000 0.000 13.693 13.695 7.892 8.002 8.251 13.878 13.840 8.807 13.264 14.039 12.717 11.087 12.946 14.136 14.147 9.767 13.941 14.196 14.205 9.722 14.246 14.257 14.266 10.351 10.024 14.500 9.407 9.494 13.098 14.500 14.500 14.500 14.500 14.500 14.500 14.500 14.500 14.500 14.500 14.500 14.500 14.500 14.500 14.500 14.500
0.000 0.000 0.000 0.000 0.000 0.000 0.000 0.000 0.000 0.000 0.000 0.000 0.000 0.000 0.000 0.000 0.000 0.000 0.000 0.000 0.000 0.000 0.000 0.000 0.000 0.000 0.000 0.000 0.000 7.674 13.693 7.757 8.696 9.708 9.547 13.889 13.902 13.531 8.344 10.078 9.534 9.469 13.288 9.025 10.897 10.306 14.194 14.204 9.699 14.240 9.902 10.131 13.704 14.500 9.425 9.323 9.508 11.594 14.468 14.500 14.500 14.500 14.500 14.500 14.500 14.500 14.500 14.500 14.500 14.500 14.500 14.500 14.500 14.500
0.000 0.000 0.000 0.000 0.000 0.000 0.000 0.000 0.000 0.000 0.000 0.000 0.000 0.000 0.000 0.000 0.000 0.000 0.000 0.000 0.000 0.000 0.000 0.000 0.000 0.000 0.000 0.000 0.000 0.000 8.341 8.520 8.552 9.135 9.237 13.880 9.197 10.407 14.028 11.015 11.147 11.684 14.114 8.732 14.148 8.866 9.284 14.203 14.211 14.230 9.810 10.896 11.539 14.500 9.455 14.500 9.252 9.415 14.500 14.500 14.500 14.500 14.500 14.500 14.500 14.500 14.500 14.500 14.500 14.500 14.500 14.500 14.500 14.500
0.000 0.000 0.000 0.000 0.000 0.000 0.000 0.000 0.000 0.000 0.000 0.000 0.000 0.000 0.000 0.000 0.000 0.000 0.000 0.000 0.000 0.000 0.000 0.000 0.000 0.000 0.000 0.000 0.000 0.000 7.575 13.767 9.111 9.398 9.361 9.870 13.882 8.290 8.467 10.255 14.064 8.770 8.879 9.019 9.114 14.165 14.185 13.999 12.700 10.089 14.246 13.601 13.441 14.500 14.500 14.500 14.500 14.500 14.500 14.500 14.500 14.500 14.500 14.500 14.500 14.500 14.500 14.500 14.500 14.492 14.453 14.414 14.434 14.499
0.000 0.000 0.000 0.000 0.000 0.000 0.000 0.000 0.000 0.000 0.000 0.000 0.000 0.000 0.000 0.000 0.000 0.000 0.000 0.000 0.000 0.000 0.000 0.000 0.000 0.000 0.000 0.000 0.000 0.000 0.000 7.742 11.697 9.149 9.090 8.718 13.889 13.954 13.978 9.122 9.223 9.282 14.113 9.002 9.058 9.109 14.178 9.350 14.217 14.226 14.235 14.261 14.268 14.289 10.621 13.829 14.082 14.257 14.500 14.500 14.500 14.500 14.500 14.500 14.500 14.500 14.500 14.455 14.371 14.286 14.229 14.249 14.370 14.490
0.000 0.000 0.000 0.000 0.000 0.000 0.000 0.000 0.000 0.000 0.000 0.000 0.000 0.000 0.000 0.000 0.000 0.000 0.000 0.000 0.000 0.000 0.000 0.000 0.000 0.000 0.000 0.000 0.000 0.000 0.000 7.565 13.754 7.943 8.015 13.852 8.653 13.919 8.386 14.029 8.734 12.476 14.118 14.135 14.155 14.169 14.181 14.196 14.208 10.235 14.233 10.502 10.388 10.222 14.500 10.426 12.443 13.950 14.500 14.500 14.500 14.500 14.500 14.500 14.498 14.429 14.300 14.151 14.035 14.001 14.047 14.209 14.411 14.500
0.000 0.000 0.000 0.000 0.000 0.000 0.000 0.000 0.000 0.000 0.000 0.000 0.000 0.000 0.000 0.000 0.000 0.000 0.000 0.000 0.000 0.000 0.000 0.000 0.000 0.000 0.000 0.000 0.000 0.000 0.000 0.000 13.738 7.816 8.439 8.371 9.014 12.843 14.006 14.018 14.054 12.141 13.240 9.870 14.144 9.248 9.605 9.482 14.012 9.728 9.738 11.671 14.256 9.436 10.320 9.250 13.460 14.500 14.500 14.500 14.500 14.500 14.500 14.440 14.284 14.071 13.858 13.716 13.698 13.846 14.046 14.306 14.481 14.500
