includes/oleron/floodfiles/results_R2_t1.562594502398E12/res.totaltm
ncols         631
nrows         906
xllcorner     364927.146667
yllcorner     6531972.565556
cellsize      20.000000
NODATA_value  -9999.000000
[rows 264 to 296 of 906, columns 296 to 369 of 631]
0.000 0.000 0.000 0.000 0.000 0.000 0.000 0.000 0.000 0.000 0.000 0.000 0.000 0.000 0.000 0.000 0.000 0.000 0.000 0.000 0.000 0.000 0.000 0.000 8.305 0.976 8.885 8.906 9.140 9.119 9.013 0.000 0.000 9.771 9.768 1.592 9.925 0.000 10.633 2.653 10.664 10.654 10.661 0.000 11.007 8.254 11.195 11.216 11.267 11.345 11.355 11.550 11.558 11.630 11.640 11.833 11.842 11.911 2.070 1.720 11.901 11.941 11.954 12.000 8.746 12.088 12.160 12.136 3.837 2.511 4.356 0.000 0.000 0.000
0.000 0.000 0.000 0.000 0.000 0.000 0.000 0.000 0.000 0.000 0.000 0.000 0.000 0.000 0.000 0.000 0.000 0.000 0.000 0.000 0.000 0.000 0.000 0.000 0.946 0.947 0.000 9.178 9.397 0.000 0.000 0.000 0.000 0.000 9.717 9.919 9.940 9.922 0.000 10.496 10.651 10.432 10.635 10.695 0.000 11.160 11.164 11.262 11.268 11.294 11.280 11.289 11.552 11.363 3.300 11.817 11.912 11.922 11.932 1.274 0.000 11.928 4.024 12.031 6.426 12.152 12.218 3.784 5.434 12.616 3.566 4.112 5.109 12.917
0.000 0.000 0.000 0.000 0.000 0.000 0.000 0.000 0.000 0.000 0.000 0.000 0.000 0.000 0.000 0.000 0.000 0.000 0.000 0.000 0.000 0.000 0.000 0.000 8.145 0.000 0.000 0.000 9.409 1.709 9.585 9.110 3.872 0.000 0.000 9.937 9.953 4.727 10.578 0.000 10.645 10.634 1.117 10.817 10.825 0.000 11.173 11.180 11.262 11.259 11.254 0.000 11.571 11.585 11.601 11.812 11.911 6.819 11.971 4.735 0.456 3.494 12.085 12.097 12.129 3.954 8.021 4.709 5.074 6.291 1.658 12.775 12.889 12.911
0.000 0.000 0.000 0.000 0.000 0.000 0.000 0.000 0.000 0.000 0.000 0.000 0.000 0.000 0.000 0.000 0.000 0.000 0.000 0.000 0.000 0.000 0.000 0.000 0.000 8.595 0.004 9.409 9.483 9.585 9.605 0.000 0.000 10.008 10.060 9.602 10.522 10.577 4.102 10.661 10.653 10.565 0.000 0.000 10.850 10.860 0.000 11.173 8.404 11.300 11.304 11.369 11.377 11.249 0.000 11.910 11.920 11.970 11.983 12.013 0.827 0.885 4.265 5.514 4.139 4.445 3.756 4.056 3.920 12.789 12.796 12.803 12.875 3.868
0.000 0.000 0.000 0.000 0.000 0.000 0.000 0.000 0.000 0.000 0.000 0.000 0.000 0.000 0.000 0.000 0.000 0.000 0.000 0.000 0.000 0.000 0.000 0.000 0.000 1.499 9.379 9.440 9.451 9.276 9.624 1.096 9.754 10.065 10.095 10.069 0.000 0.396 0.000 10.972 0.000 2.629 10.566 10.478 0.000 10.875 10.886 0.000 11.156 5.351 11.244 0.000 3.246 5.608 11.374 3.603 11.930 11.665 8.072 12.026 12.042 12.143 1.163 4.147 12.357 4.273 8.543 12.704 12.752 12.756 4.369 12.340 3.773 12.028
0.000 0.000 0.000 0.000 0.000 0.000 0.000 0.000 0.000 0.000 0.000 0.000 0.000 0.000 0.000 0.000 0.000 0.000 0.000 0.000 0.000 0.000 0.000 8.592 0.000 8.906 8.923 9.365 9.149 9.042 9.927 10.094 9.544 2.627 10.630 0.000 10.724 0.436 10.758 10.987 10.987 5.601 0.000 10.502 10.608 8.043 10.895 10.907 0.000 11.222 11.228 11.222 11.173 11.188 7.329 0.000 11.918 5.388 12.003 12.048 12.080 12.156 12.168 0.103 12.361 12.501 10.850 4.851 4.394 4.196 12.262 12.317 3.757 12.009
0.000 0.000 0.000 0.000 0.000 0.000 0.000 0.000 0.000 0.000 0.000 0.000 0.000 0.000 0.000 0.000 0.000 0.000 0.000 0.000 6.900 0.000 8.590 8.611 8.628 0.000 1.701 6.030 9.434 9.449 9.462 10.121 10.151 10.173 10.656 10.665 10.900 10.962 10.969 10.995 11.016 11.024 11.031 0.000 10.626 10.630 0.000 10.921 10.929 0.000 11.221 0.000 5.702 11.204 11.584 11.671 0.000 2.723 4.711 6.903 12.046 12.167 12.179 4.350 12.357 4.971 5.365 7.747 3.695 4.426 12.238 12.301 12.134 12.120
0.000 0.000 0.000 0.000 0.000 0.000 0.000 0.000 0.000 0.000 0.000 0.000 0.000 0.000 0.000 0.000 0.000 0.000 0.000 0.000 8.190 8.545 4.291 2.627 2.817 6.678 8.909 8.931 9.338 1.440 9.447 5.924 10.128 1.759 10.647 10.656 0.000 10.661 8.827 0.000 11.019 11.041 11.053 11.056 0.000 10.663 10.664 0.000 10.933 11.013 11.020 0.000 11.216 11.588 11.615 11.682 11.377 11.732 0.351 6.964 11.991 12.021 4.299 3.948 5.100 0.487 12.267 4.088 12.070 3.828 12.244 12.253 11.983 12.106
0.000 0.000 0.000 0.000 0.000 0.000 0.000 0.000 0.000 0.000 0.000 0.000 0.000 0.000 0.000 0.000 0.000 0.000 0.000 0.000 0.000 0.000 0.000 8.604 0.000 0.000 8.886 0.000 0.756 9.405 9.432 9.413 0.000 10.286 10.590 10.385 10.643 10.653 0.000 10.461 0.000 10.950 11.062 11.102 11.112 10.670 11.128 2.010 0.000 5.414 0.000 11.351 11.365 11.446 11.196 11.720 11.730 11.737 11.741 11.949 11.958 3.760 12.019 12.048 2.587 0.916 0.844 3.698 12.042 12.118 12.141 12.150 3.643 3.949
0.000 0.000 0.000 0.000 0.000 0.000 0.000 0.000 0.000 0.000 0.000 0.000 0.000 0.000 0.000 0.000 0.000 0.000 0.000 0.000 0.000 0.000 0.000 0.000 0.000 0.000 0.000 0.000 0.716 0.000 9.411 0.000 10.463 10.539 10.583 0.000 0.000 10.530 10.525 9.974 10.666 10.676 0.000 11.092 11.124 11.134 11.135 0.000 10.604 0.021 11.184 11.355 11.377 11.391 11.378 11.225 11.691 11.655 3.578 8.862 10.034 11.831 2.069 12.035 11.770 2.342 11.697 1.980 3.842 12.109 11.966 12.111 4.938 4.090
0.000 0.000 0.000 0.000 0.000 0.000 0.000 0.000 0.000 0.000 0.000 0.000 0.000 0.000 0.000 0.000 0.000 0.000 0.000 0.000 0.000 0.000 0.000 0.000 0.000 0.000 0.000 0.000 8.353 0.000 0.000 10.484 10.505 10.533 0.000 0.000 0.000 10.523 1.243 10.541 10.654 10.667 10.533 0.000 11.087 11.143 11.152 11.164 0.000 11.191 11.236 11.242 11.358 11.368 11.369 11.500 11.207 11.577 11.731 11.764 11.811 11.754 6.060 7.315 2.903 11.717 11.656 11.715 0.562 11.976 11.979 11.991 4.566 3.824
0.000 0.000 0.000 0.000 0.000 0.000 0.000 0.000 0.000 0.000 0.000 0.000 0.000 0.000 0.000 0.000 0.000 0.000 0.000 0.000 0.000 0.000 0.000 0.000 0.000 0.000 0.000 0.000 8.247 0.000 10.248 10.468 10.499 0.000 0.000 0.000 0.000 0.000 10.485 10.503 0.000 10.546 10.532 10.522 0.000 10.710 11.164 11.177 11.183 11.187 0.000 11.293 11.299 11.357 11.290 11.526 11.541 11.569 11.558 11.731 6.903 11.622 11.745 11.760 11.752 11.625 11.488 11.650 11.775 0.000 7.558 11.966 3.855 11.894
0.000 0.000 0.000 0.000 0.000 0.000 0.000 0.000 0.000 0.000 0.000 0.000 0.000 0.000 0.000 0.000 0.000 0.000 0.000 0.000 0.000 0.000 0.000 0.000 0.000 0.000 0.000 0.000 0.000 10.323 10.422 10.455 0.000 0.000 0.000 0.000 10.153 10.424 10.454 10.487 10.529 10.538 10.440 10.446 10.386 0.000 0.000 11.157 11.047 11.054 11.112 0.000 11.247 11.373 11.386 11.533 11.545 11.556 11.556 11.564 11.584 11.602 4.764 11.751 11.464 11.494 11.621 4.838 11.791 11.803 0.000 11.955 11.944 3.891
0.000 0.000 0.000 0.000 0.000 0.000 0.000 0.000 0.000 0.000 0.000 0.000 0.000 0.000 0.000 0.000 0.000 0.000 0.000 0.000 0.000 0.000 0.000 0.000 0.000 0.000 0.000 0.000 10.286 10.362 10.413 0.000 0.000 0.000 0.000 9.542 0.000 0.000 10.427 10.469 10.387 10.370 10.430 10.448 10.443 0.000 0.000 1.877 5.091 11.111 11.120 11.156 0.000 11.225 11.373 11.274 11.532 11.357 11.500 11.556 11.518 11.569 11.571 11.666 11.676 11.664 11.629 11.796 9.008 4.464 11.874 3.909 11.905 10.572
0.000 0.000 0.000 0.000 0.000 0.000 0.000 0.000 0.000 0.000 0.000 0.000 0.000 0.000 0.000 0.000 0.000 0.000 0.000 0.000 0.000 0.000 0.000 0.000 0.000 0.000 0.000 9.773 0.000 10.349 0.000 0.000 0.000 0.000 9.553 9.563 9.880 9.966 3.936 4.611 10.374 10.338 4.990 10.475 10.504 10.528 0.000 0.000 2.481 0.000 11.133 11.171 11.186 11.197 0.000 11.451 11.460 11.448 11.271 11.542 11.461 3.934 11.428 11.557 11.707 11.723 11.733 11.738 11.821 11.828 4.852 11.882 5.092 0.000
0.000 0.000 0.000 0.000 0.000 0.000 0.000 0.000 0.000 0.000 0.000 0.000 0.000 0.000 0.000 0.000 0.000 0.000 0.000 0.000 0.000 0.000 0.000 0.000 0.000 0.000 0.000 10.156 10.315 10.326 0.000 0.000 0.000 9.981 9.968 0.000 0.000 0.000 9.970 0.000 10.082 10.319 2.957 10.439 10.451 10.585 10.558 5.192 0.000 0.000 0.917 0.000 11.173 11.186 11.183 0.000 11.267 11.423 11.336 11.522 11.424 11.431 11.455 11.477 11.474 11.722 11.735 11.743 11.738 11.821 11.829 3.632 0.000 11.807
0.000 0.000 0.000 0.000 0.000 0.000 0.000 0.000 0.000 0.000 0.000 0.000 0.000 0.000 0.000 0.000 0.000 0.000 0.000 0.000 0.000 0.000 0.000 0.000 0.000 0.000 0.000 0.000 10.288 10.290 10.272 10.219 10.191 9.996 9.943 1.546 0.000 9.953 0.000 0.000 0.000 10.091 10.085 3.399 10.588 10.600 10.621 6.554 8.247 0.000 2.933 4.588 2.415 11.175 11.191 11.198 1.417 5.707 11.334 11.344 11.402 11.405 11.357 11.410 11.497 11.463 11.743 11.748 11.772 11.777 8.993 4.489 4.298 4.513
0.000 0.000 0.000 0.000 0.000 0.000 0.000 0.000 0.000 0.000 0.000 0.000 0.000 0.000 0.000 0.000 0.000 0.000 0.000 0.000 0.000 0.000 0.000 0.000 0.000 0.000 0.000 0.000 0.000 0.000 10.250 10.196 10.152 10.143 10.109 10.102 10.020 10.011 9.869 0.000 0.000 0.000 0.000 3.280 10.562 10.651 10.638 8.435 10.740 3.388 2.440 10.858 1.854 4.953 11.198 11.215 11.232 11.241 11.234 11.335 11.337 11.389 11.420 11.429 11.504 11.585 11.593 11.712 11.702 11.772 11.774 11.791 11.694 2.840
0.000 0.000 0.000 0.000 0.000 0.000 0.000 0.000 0.000 0.000 0.000 0.000 0.000 0.000 0.000 0.000 0.000 0.000 0.000 0.000 0.000 0.000 0.000 0.000 0.000 0.000 0.000 0.000 9.277 9.310 3.741 0.000 0.000 10.095 9.516 10.010 10.007 9.989 9.975 9.824 0.000 9.718 9.762 0.000 2.660 10.676 10.700 10.743 10.761 9.959 10.876 5.691 3.399 4.341 5.400 11.134 11.227 11.276 11.285 11.301 11.314 11.370 11.372 11.468 11.487 11.594 11.662 11.707 11.721 11.755 11.729 11.420 11.684 11.670
0.000 0.000 0.000 0.000 0.000 0.000 0.000 0.000 0.000 0.000 0.000 0.000 0.000 0.000 0.000 0.000 0.000 0.000 0.000 0.000 0.000 0.000 0.000 0.000 0.000 0.000 0.000 8.697 9.240 9.266 9.299 9.402 9.506 9.523 0.000 9.998 9.992 9.973 9.963 0.000 0.000 0.000 9.779 9.999 2.839 10.621 10.629 10.669 10.788 4.564 2.490 3.594 11.027 11.048 11.071 11.116 3.481 11.270 11.284 11.293 11.266 11.255 11.399 11.408 11.610 11.492 11.677 11.693 11.688 11.675 11.593 11.639 11.647 11.657
0.000 0.000 0.000 0.000 0.000 0.000 0.000 0.000 0.000 0.000 0.000 0.000 0.000 0.000 0.000 0.000 0.000 0.000 0.000 0.000 0.000 0.000 0.000 0.000 0.000 0.000 0.000 8.845 8.868 8.669 8.760 9.446 9.478 9.500 9.311 0.000 0.000 9.760 9.836 9.825 0.000 8.146 3.170 0.000 2.734 10.639 10.650 10.796 10.827 10.857 4.471 3.811 5.227 7.010 11.044 2.773 10.990 2.247 11.264 11.257 11.262 11.282 11.297 11.609 11.619 11.650 11.663 6.285 11.675 11.664 11.433 11.513 11.574 11.597
0.000 0.000 0.000 0.000 0.000 0.000 0.000 0.000 0.000 0.000 0.000 0.000 0.000 0.000 0.000 0.000 0.000 0.000 0.000 0.000 0.000 0.000 0.000 0.000 0.000 0.000 0.000 0.000 0.000 0.000 9.158 9.321 9.245 0.000 8.884 8.142 0.000 0.000 0.784 0.000 0.000 0.000 0.000 0.000 0.000 4.639 10.633 6.419 10.806 10.835 10.864 3.929 3.614 10.995 11.026 10.207 10.993 3.713 5.127 11.162 11.256 9.595 11.574 11.600 11.610 11.599 11.529 11.619 11.641 11.618 11.575 11.561 11.471 11.455
0.000 0.000 0.000 0.000 0.000 0.000 0.000 0.000 0.000 0.000 3.886 4.081 0.000 0.000 0.000 0.000 0.000 0.000 0.000 0.000 0.000 0.000 0.000 0.000 0.000 0.000 7.488 6.848 3.864 0.000 0.000 9.246 5.966 0.000 0.000 7.717 7.449 0.000 9.299 9.316 0.000 9.011 8.996 0.000 10.119 10.174 0.000 0.000 10.765 10.819 10.840 10.863 10.883 2.594 2.064 10.986 5.424 11.082 9.103 11.147 0.756 11.491 11.528 11.576 1.476 4.244 11.375 11.534 11.617 11.386 11.380 11.483 11.466 11.435
0.000 0.000 0.000 0.000 0.000 0.000 0.000 0.000 0.000 0.000 4.286 4.474 4.527 0.000 0.000 0.000 0.000 0.000 0.000 2.178 0.000 0.000 0.000 0.000 7.502 0.000 7.506 7.619 7.632 7.619 0.000 8.985 8.967 8.948 7.538 7.581 0.000 0.000 0.000 9.346 9.265 9.251 0.000 9.815 9.828 0.000 10.654 10.696 10.707 10.783 10.812 10.840 1.456 0.000 1.032 10.938 3.984 7.001 6.117 7.501 10.989 0.000 11.532 11.540 11.532 11.464 11.527 11.538 11.547 11.306 11.442 11.466 11.408 11.417
0.000 0.000 0.000 0.000 0.000 0.000 0.000 0.000 0.000 0.000 0.000 0.000 5.649 5.981 6.097 6.102 6.052 6.221 6.248 4.587 4.057 0.000 0.000 7.519 7.526 2.289 3.506 6.827 8.060 0.000 8.820 8.973 8.621 8.765 8.754 0.000 0.000 0.000 8.972 9.357 0.000 0.000 0.000 9.591 0.000 10.579 10.644 10.640 0.000 10.083 2.685 10.711 0.000 10.647 1.236 2.434 0.000 4.586 2.230 2.219 10.860 10.841 0.000 11.530 11.499 11.466 11.405 11.524 11.539 11.486 11.474 11.384 11.399 11.375
0.000 0.000 0.000 0.000 0.000 0.000 0.000 5.726 5.746 5.764 5.837 5.868 5.896 5.921 6.114 6.183 6.239 6.313 6.342 6.366 7.306 7.421 0.159 7.581 7.609 7.643 7.874 7.873 8.086 8.744 8.813 8.613 0.000 8.753 8.655 0.000 8.852 8.881 8.992 9.513 9.495 0.000 9.893 9.871 0.000 10.591 10.608 0.000 0.000 0.000 10.029 0.000 10.301 1.577 0.000 0.000 0.000 0.000 0.000 0.000 2.506 10.779 0.000 0.000 11.470 11.456 11.447 11.409 11.527 11.469 11.456 11.443 11.408 11.391
0.000 0.000 0.000 0.000 0.000 0.000 0.000 5.637 5.484 5.572 4.705 0.000 0.000 0.000 0.000 0.000 0.000 0.000 6.007 6.079 6.060 7.480 7.504 7.524 7.010 7.468 7.873 8.006 8.059 0.000 8.638 0.000 8.674 8.695 0.000 8.641 8.653 0.000 9.067 9.584 0.000 0.000 9.911 0.000 10.527 10.580 9.800 0.000 0.000 0.000 0.000 0.000 0.000 10.303 0.000 0.000 0.000 0.000 0.000 0.000 1.858 0.000 0.000 0.000 0.000 11.408 11.427 11.419 11.413 11.458 11.351 11.394 11.317 11.383
0.000 0.000 0.000 0.000 0.000 0.000 3.005 3.138 0.000 4.847 4.704 0.000 0.000 0.000 0.000 0.000 0.000 0.000 0.000 6.020 0.000 7.348 7.220 7.076 6.968 4.202 4.408 4.698 2.262 0.000 8.624 8.605 8.652 7.538 0.000 8.492 0.000 8.522 2.582 9.596 9.614 9.916 9.930 10.475 10.547 10.560 0.000 0.000 0.000 0.000 0.000 0.000 0.000 0.000 0.000 0.000 0.000 0.000 0.000 0.000 0.000 0.000 0.000 0.000 0.000 0.000 11.308 11.408 11.396 5.346 11.334 11.384 11.228 11.237
0.000 0.000 0.000 0.000 0.000 1.732 2.989 3.051 0.000 0.000 3.422 3.467 2.479 0.000 0.000 0.000 0.000 0.000 0.000 0.000 3.537 6.691 7.010 5.743 3.714 2.284 4.339 6.861 1.145 7.605 5.813 8.589 8.501 4.799 7.932 0.000 8.714 8.684 0.000 9.642 9.655 9.894 0.000 10.502 10.512 0.000 0.000 0.000 0.000 0.000 0.000 0.000 0.000 0.000 0.000 0.000 0.000 0.000 0.000 0.000 0.000 0.000 0.000 0.000 0.000 0.000 11.295 11.298 11.371 11.365 0.000 11.370 11.346 11.274
0.000 0.000 0.000 0.000 0.000 1.689 1.643 0.000 0.000 0.000 0.000 0.000 0.000 0.000 0.000 0.000 0.000 0.000 0.000 0.000 5.825 6.047 0.000 5.584 0.000 3.600 3.646 0.000 0.000 8.146 8.187 8.487 8.091 8.300 7.948 0.000 8.746 0.000 9.292 0.000 9.628 9.523 9.472 0.000 10.397 0.000 0.000 0.000 0.000 0.000 0.000 0.000 0.000 0.000 0.000 0.000 0.000 0.000 0.000 0.000 0.000 0.000 0.000 0.000 0.000 0.000 0.000 0.000 11.217 11.353 11.347 0.000 11.268 11.208
0.000 0.000 0.000 0.000 0.000 1.583 1.562 0.000 0.000 0.000 0.000 0.000 0.000 0.000 0.000 0.000 0.000 0.000 0.000 0.000 5.750 4.466 3.868 0.000 0.000 0.000 0.000 0.000 0.000 0.000 8.038 0.000 8.297 8.342 0.000 8.747 8.765 9.300 9.350 9.559 9.595 2.629 9.408 0.000 0.000 0.000 0.000 0.000 0.000 0.000 0.000 0.000 0.000 0.000 0.000 0.000 0.000 0.000 0.000 0.000 0.000 0.000 0.000 0.000 0.000 0.000 0.000 0.000 0.000 0.000 11.313 11.296 3.805 11.196
0.000 0.000 0.000 0.000 0.000 1.551 0.000 0.000 0.000 0.000 0.000 0.000 0.000 0.000 0.000 0.000 0.000 0.000 0.000 0.000 0.000 3.504 0.093 0.000 0.000 0.000 0.000 0.000 0.000 0.000 0.000 0.000 0.000 8.382 8.413 8.719 0.000 0.000 9.500 9.528 8.896 8.985 9.349 9.197 9.147 9.095 8.182 0.000 0.000 0.000 0.000 0.000 0.000 0.000 0.000 0.000 0.000 0.000 0.000 0.000 0.000 0.000 0.000 0.000 0.000 0.000 0.000 0.000 0.000 0.000 0.000 11.285 11.269 3.659
0.000 0.000 0.000 0.000 0.000 1.461 0.000 0.000 0.000 0.000 0.000 0.000 0.000 0.000 0.000 0.000 0.000 0.000 0.000 0.000 0.000 0.000 0.000 0.000 0.000 0.000 0.000 0.000 0.000 0.000 0.000 0.000 0.000 1.048 8.389 0.000 7.816 0.000 9.151 9.212 8.273 8.870 0.000 9.147 1.697 9.045 8.982 8.356 0.000 0.000 0.000 0.000 0.000 0.000 0.000 0.000 0.000 0.000 0.000 0.000 0.000 0.000 0.000 0.000 0.000 0.000 0.000 0.000 0.000 0.000 0.000 2.786 11.262 11.252
