includes/lisflood/results/res-0004.wdfp
ncols         631
nrows         906
xllcorner     364927.146600
yllcorner     6531972.565600
cellsize      20.000000
NODATA_value  -9999.000000
[rows 136 to 169 of 906, columns 462 to 538 of 631]
7.769 7.831 7.893 7.955 8.017 8.079 8.141 8.203 8.294 8.388 8.482 8.576 8.670 8.764 8.859 8.957 9.056 9.154 9.252 9.350 9.458 9.601 9.744 9.887 10.030 10.173 10.316 10.458 10.601 10.744 10.887 11.030 11.173 11.307 11.410 11.525 11.661 11.797 11.933 12.069 12.204 12.340 12.476 12.612 12.748 12.883 13.019 13.155 13.291 13.327 13.310 13.294 13.278 13.261 13.302 13.346 13.390 13.434 13.477 13.521 13.565 13.608 13.652 13.696 13.740 13.703 13.611 13.519 13.437 13.361 13.285 13.209 13.132 13.057 12.981 12.904 12.828
7.666 7.728 7.790 7.852 7.914 7.977 8.039 8.101 8.181 8.276 8.370 8.464 8.558 8.653 8.751 8.849 8.947 9.046 9.144 9.242 9.340 9.481 9.624 9.767 9.910 10.053 10.196 10.339 10.481 10.624 10.767 10.910 11.038 11.131 11.230 11.340 11.451 11.561 11.671 11.804 11.940 12.076 12.212 12.348 12.483 12.619 12.755 12.891 13.026 13.123 13.106 13.090 13.073 13.091 13.135 13.179 13.222 13.266 13.310 13.354 13.397 13.441 13.485 13.528 13.572 13.616 13.525 13.436 13.360 13.284 13.208 13.132 13.056 12.980 12.904 12.828 12.752
7.564 7.626 7.688 7.750 7.812 7.874 7.936 7.998 8.069 8.163 8.257 8.351 8.446 8.545 8.643 8.741 8.839 8.937 9.036 9.134 9.232 9.361 9.504 9.647 9.790 9.933 10.076 10.219 10.362 10.504 10.647 10.769 10.862 10.955 11.050 11.161 11.271 11.381 11.491 11.601 11.712 11.822 11.947 12.083 12.219 12.355 12.490 12.626 12.762 12.898 12.902 12.885 12.880 12.924 12.968 13.011 13.055 13.099 13.142 13.186 13.230 13.274 13.317 13.361 13.405 13.448 13.439 13.359 13.283 13.207 13.131 13.057 12.987 12.917 12.846 12.776 12.706
7.476 7.533 7.589 7.647 7.709 7.771 7.834 7.896 7.958 8.051 8.145 8.240 8.338 8.436 8.535 8.633 8.731 8.829 8.927 9.025 9.124 9.241 9.384 9.527 9.670 9.813 9.956 10.099 10.242 10.384 10.500 10.593 10.686 10.779 10.871 10.981 11.091 11.201 11.311 11.422 11.532 11.642 11.752 11.862 11.972 12.090 12.226 12.362 12.498 12.633 12.698 12.681 12.713 12.756 12.800 12.844 12.888 12.931 12.975 13.019 13.062 13.106 13.150 13.201 13.259 13.316 13.360 13.312 13.242 13.172 13.101 13.031 12.961 12.890 12.820 12.750 12.679
7.393 7.449 7.505 7.561 7.617 7.673 7.731 7.793 7.855 7.938 8.034 8.132 8.230 8.328 8.426 8.525 8.623 8.721 8.819 8.917 9.015 9.121 9.264 9.407 9.550 9.693 9.836 9.979 10.122 10.231 10.324 10.417 10.510 10.602 10.695 10.801 10.911 11.021 11.132 11.242 11.352 11.462 11.572 11.682 11.793 11.903 12.013 12.123 12.233 12.369 12.493 12.502 12.545 12.589 12.633 12.676 12.733 12.790 12.848 12.905 12.963 13.020 13.078 13.135 13.193 13.250 13.277 13.261 13.215 13.145 13.075 13.004 12.934 12.864 12.794 12.723 12.653
7.309 7.365 7.421 7.477 7.533 7.589 7.645 7.701 7.757 7.827 7.925 8.024 8.122 8.220 8.318 8.416 8.515 8.613 8.711 8.809 8.907 9.005 9.144 9.287 9.430 9.573 9.716 9.859 9.962 10.055 10.148 10.241 10.333 10.426 10.519 10.621 10.731 10.842 10.952 11.062 11.172 11.282 11.392 11.503 11.613 11.723 11.833 11.943 12.054 12.164 12.305 12.380 12.437 12.495 12.552 12.610 12.667 12.725 12.782 12.840 12.897 12.955 13.012 13.070 13.127 13.185 13.194 13.178 13.162 13.119 13.048 12.978 12.908 12.837 12.767 12.697 12.632
7.225 7.281 7.337 7.393 7.449 7.505 7.561 7.617 7.675 7.738 7.829 7.921 8.014 8.112 8.210 8.308 8.406 8.504 8.603 8.701 8.799 8.897 9.024 9.167 9.310 9.453 9.596 9.693 9.786 9.879 9.972 10.064 10.157 10.250 10.343 10.441 10.552 10.662 10.772 10.882 10.992 11.103 11.213 11.323 11.433 11.543 11.653 11.764 11.874 12.058 12.279 12.339 12.372 12.429 12.487 12.544 12.601 12.659 12.716 12.774 12.831 12.889 12.946 13.004 13.061 13.119 13.111 13.095 13.079 13.062 13.022 12.952 12.881 12.811 12.741 12.670 12.614
7.141 7.197 7.253 7.309 7.365 7.421 7.477 7.536 7.595 7.654 7.743 7.834 7.925 8.016 8.107 8.200 8.298 8.396 8.494 8.593 8.691 8.789 8.904 9.047 9.190 9.331 9.424 9.517 9.610 9.703 9.795 9.888 9.981 10.074 10.167 10.262 10.372 10.482 10.592 10.702 10.812 10.923 11.033 11.143 11.253 11.363 11.474 11.588 11.810 12.031 12.253 12.311 12.336 12.363 12.421 12.478 12.536 12.593 12.651 12.708 12.766 12.823 12.881 12.938 12.996 13.045 13.029 13.012 12.996 12.979 12.963 12.925 12.855 12.785 12.714 12.644 12.596
7.057 7.113 7.169 7.225 7.281 7.338 7.397 7.456 7.515 7.574 7.656 7.747 7.839 7.930 8.021 8.112 8.203 8.294 8.386 8.484 8.582 8.681 8.784 8.927 9.062 9.155 9.248 9.341 9.434 9.526 9.619 9.712 9.805 9.898 9.991 10.083 10.192 10.302 10.412 10.522 10.633 10.743 10.853 10.963 11.073 11.184 11.340 11.562 11.784 12.005 12.227 12.283 12.309 12.334 12.359 12.413 12.470 12.527 12.585 12.642 12.700 12.757 12.815 12.872 12.930 12.962 12.946 12.929 12.913 12.897 12.880 12.864 12.829 12.758 12.688 12.618 12.578
6.973 7.029 7.085 7.141 7.198 7.258 7.317 7.376 7.435 7.494 7.569 7.661 7.752 7.843 7.934 8.025 8.116 8.208 8.299 8.390 8.481 8.572 8.671 8.793 8.886 8.979 9.072 9.164 9.257 9.350 9.443 9.536 9.629 9.722 9.814 9.907 10.012 10.122 10.232 10.343 10.453 10.563 10.673 10.783 10.894 11.092 11.314 11.536 11.757 11.979 12.201 12.255 12.281 12.306 12.331 12.357 12.404 12.462 12.519 12.577 12.634 12.692 12.749 12.807 12.864 12.879 12.863 12.847 12.830 12.814 12.797 12.781 12.765 12.732 12.662 12.591 12.560
6.889 6.945 7.001 7.059 7.118 7.178 7.237 7.296 7.355 7.414 7.483 7.574 7.665 7.756 7.848 7.939 8.030 8.121 8.212 8.303 8.394 8.486 8.568 8.637 8.710 8.802 8.895 8.988 9.081 9.174 9.267 9.360 9.452 9.545 9.638 9.731 9.832 9.942 10.053 10.163 10.273 10.383 10.493 10.623 10.844 11.066 11.288 11.509 11.731 11.953 12.174 12.228 12.253 12.278 12.304 12.329 12.354 12.396 12.454 12.511 12.569 12.626 12.684 12.741 12.799 12.797 12.780 12.764 12.747 12.731 12.715 12.698 12.682 12.665 12.635 12.565 12.543
6.805 6.861 6.920 6.979 7.038 7.098 7.157 7.216 7.275 7.334 7.396 7.487 7.578 7.670 7.761 7.852 7.943 8.034 8.125 8.217 8.308 8.387 8.457 8.527 8.596 8.665 8.734 8.812 8.905 8.998 9.091 9.183 9.276 9.369 9.462 9.555 9.652 9.763 9.873 9.983 10.093 10.203 10.375 10.596 10.818 11.040 11.262 11.483 11.705 11.927 12.148 12.200 12.225 12.251 12.276 12.301 12.327 12.352 12.388 12.445 12.503 12.560 12.618 12.675 12.730 12.714 12.697 12.681 12.665 12.648 12.632 12.615 12.599 12.582 12.566 12.538 12.514
6.722 6.781 6.840 6.899 6.958 7.018 7.077 7.136 7.195 7.254 7.313 7.401 7.492 7.583 7.674 7.765 7.856 7.948 8.039 8.130 8.205 8.276 8.346 8.417 8.485 8.554 8.623 8.692 8.761 8.830 8.914 9.007 9.100 9.193 9.286 9.379 9.473 9.583 9.693 9.803 9.913 10.127 10.349 10.570 10.792 11.014 11.235 11.457 11.679 11.900 12.122 12.172 12.197 12.223 12.248 12.273 12.299 12.324 12.350 12.380 12.437 12.495 12.552 12.610 12.647 12.631 12.615 12.598 12.582 12.565 12.549 12.533 12.516 12.500 12.482 12.465 12.454
6.642 6.701 6.760 6.819 6.878 6.937 6.997 7.056 7.115 7.174 7.233 7.314 7.405 7.496 7.587 7.679 7.770 7.861 7.952 8.024 8.094 8.165 8.236 8.306 8.375 8.444 8.513 8.582 8.650 8.719 8.788 8.857 8.926 9.017 9.109 9.202 9.295 9.403 9.513 9.657 9.879 10.101 10.322 10.544 10.766 10.987 11.209 11.431 11.652 11.874 12.096 12.144 12.170 12.195 12.220 12.246 12.271 12.297 12.322 12.347 12.373 12.429 12.486 12.544 12.565 12.548 12.532 12.515 12.499 12.483 12.466 12.449 12.432 12.415 12.397 12.381 12.369
6.562 6.621 6.680 6.739 6.798 6.857 6.917 6.976 7.035 7.094 7.153 7.227 7.318 7.409 7.501 7.592 7.683 7.771 7.842 7.913 7.983 8.054 8.125 8.195 8.264 8.333 8.402 8.471 8.540 8.609 8.678 8.746 8.815 8.884 8.953 9.026 9.119 9.223 9.409 9.631 9.853 10.074 10.296 10.518 10.740 10.961 11.183 11.405 11.626 11.848 12.070 12.116 12.142 12.167 12.193 12.218 12.243 12.269 12.294 12.320 12.345 12.370 12.421 12.478 12.482 12.465 12.449 12.433 12.415 12.398 12.381 12.364 12.347 12.329 12.312 12.296 12.285
6.525 6.565 6.604 6.659 6.718 6.777 6.836 6.896 6.955 7.014 7.073 7.140 7.232 7.323 7.414 7.505 7.590 7.661 7.731 7.802 7.873 7.943 8.014 8.084 8.154 8.223 8.292 8.361 8.429 8.498 8.567 8.636 8.705 8.774 8.842 8.911 8.983 9.169 9.383 9.605 9.826 10.048 10.270 10.492 10.713 10.935 11.157 11.378 11.600 11.822 12.043 12.089 12.114 12.139 12.165 12.190 12.216 12.241 12.266 12.292 12.317 12.343 12.368 12.413 12.399 12.382 12.365 12.348 12.330 12.313 12.296 12.279 12.262 12.244 12.227 12.212 12.200
6.496 6.535 6.575 6.614 6.654 6.697 6.756 6.815 6.875 6.934 6.993 7.054 7.145 7.236 7.327 7.408 7.479 7.550 7.620 7.691 7.762 7.832 7.903 7.974 8.043 8.112 8.181 8.250 8.319 8.388 8.457 8.526 8.594 8.663 8.732 8.837 9.013 9.197 9.391 9.585 9.800 10.022 10.244 10.465 10.687 10.909 11.130 11.352 11.574 11.796 12.017 12.061 12.086 12.112 12.137 12.162 12.188 12.213 12.239 12.264 12.289 12.315 12.332 12.321 12.314 12.297 12.280 12.263 12.245 12.228 12.211 12.194 12.177 12.159 12.142 12.127 12.115
6.466 6.506 6.545 6.585 6.624 6.664 6.704 6.743 6.794 6.854 6.913 6.972 7.058 7.149 7.227 7.298 7.368 7.439 7.509 7.580 7.651 7.722 7.792 7.863 7.933 8.002 8.071 8.140 8.209 8.277 8.346 8.415 8.484 8.553 8.690 8.867 9.043 9.225 9.419 9.613 9.807 10.001 10.217 10.439 10.661 10.882 11.104 11.326 11.548 11.769 11.991 12.033 12.058 12.084 12.109 12.135 12.160 12.185 12.211 12.236 12.248 12.237 12.226 12.216 12.214 12.211 12.195 12.177 12.160 12.143 12.126 12.109 12.092 12.074 12.057 12.042 12.031
6.437 6.476 6.516 6.555 6.595 6.634 6.674 6.714 6.753 6.793 6.833 6.892 6.971 7.045 7.116 7.187 7.257 7.328 7.399 7.469 7.540 7.611 7.681 7.752 7.822 7.891 7.960 8.029 8.098 8.167 8.236 8.304 8.373 8.543 8.720 8.897 9.073 9.253 9.447 9.641 9.835 10.029 10.223 10.417 10.635 10.856 11.078 11.300 11.521 11.743 11.965 12.005 12.031 12.056 12.082 12.107 12.132 12.158 12.165 12.154 12.143 12.132 12.121 12.111 12.109 12.106 12.103 12.092 12.075 12.058 12.041 12.024 12.006 11.989 11.972 11.958 11.946
6.407 6.447 6.486 6.526 6.565 6.605 6.644 6.684 6.724 6.763 6.803 6.842 6.878 6.934 7.005 7.076 7.146 7.217 7.288 7.358 7.429 7.500 7.570 7.641 7.712 7.781 7.850 7.918 7.987 8.056 8.125 8.219 8.396 8.573 8.750 8.927 9.103 9.281 9.476 9.670 9.864 10.058 10.252 10.446 10.640 10.834 11.052 11.273 11.495 11.717 11.939 11.978 12.003 12.028 12.054 12.079 12.082 12.071 12.060 12.049 12.038 12.027 12.016 12.007 12.004 12.001 11.999 11.996 11.990 11.973 11.956 11.939 11.921 11.904 11.887 11.873 11.861
6.377 6.417 6.457 6.496 6.536 6.575 6.615 6.654 6.694 6.734 6.771 6.796 6.827 6.876 6.925 6.974 7.036 7.106 7.177 7.248 7.318 7.389 7.460 7.530 7.601 7.670 7.739 7.808 7.877 7.946 8.072 8.249 8.426 8.603 8.780 8.957 9.133 9.310 9.504 9.698 9.892 10.086 10.280 10.474 10.668 10.862 11.056 11.250 11.469 11.691 11.912 11.950 11.975 12.001 11.998 11.987 11.976 11.965 11.954 11.943 11.932 11.921 11.910 11.902 11.899 11.896 11.894 11.891 11.888 11.885 11.871 11.854 11.836 11.819 11.802 11.788 11.777
6.348 6.387 6.427 6.467 6.506 6.546 6.585 6.625 6.664 6.700 6.725 6.751 6.776 6.825 6.874 6.923 6.972 7.021 7.070 7.137 7.207 7.278 7.349 7.419 7.490 7.560 7.629 7.697 7.766 7.925 8.102 8.279 8.456 8.633 8.810 8.987 9.164 9.340 9.532 9.726 9.920 10.114 10.308 10.502 10.696 10.890 11.084 11.278 11.472 11.666 11.886 11.922 11.915 11.904 11.893 11.882 11.871 11.860 11.849 11.838 11.827 11.816 11.805 11.797 11.794 11.791 11.789 11.786 11.783 11.781 11.778 11.768 11.751 11.734 11.717 11.704 11.692
6.318 6.358 6.397 6.437 6.477 6.516 6.556 6.595 6.628 6.654 6.680 6.705 6.731 6.775 6.823 6.872 6.921 6.970 7.019 7.068 7.117 7.167 7.238 7.308 7.379 7.449 7.518 7.601 7.778 7.955 8.132 8.309 8.486 8.663 8.840 9.017 9.193 9.370 9.560 9.754 9.948 10.142 10.336 10.531 10.725 10.919 11.113 11.307 11.501 11.695 11.890 11.821 11.810 11.799 11.788 11.777 11.766 11.755 11.744 11.733 11.722 11.711 11.700 11.692 11.689 11.686 11.684 11.681 11.678 11.676 11.673 11.670 11.666 11.649 11.632 11.619 11.607
6.289 6.328 6.368 6.408 6.447 6.487 6.526 6.557 6.582 6.608 6.634 6.659 6.685 6.724 6.773 6.822 6.870 6.919 6.968 7.017 7.066 7.115 7.164 7.213 7.268 7.339 7.455 7.631 7.808 7.985 8.162 8.339 8.516 8.693 8.870 9.047 9.224 9.400 9.589 9.783 9.977 10.171 10.365 10.559 10.753 10.947 11.141 11.335 11.529 11.724 11.919 11.843 11.741 11.693 11.682 11.671 11.660 11.649 11.638 11.627 11.616 11.605 11.594 11.587 11.584 11.581 11.579 11.576 11.573 11.571 11.568 11.565 11.563 11.560 11.547 11.534 11.539
6.259 6.299 6.338 6.378 6.417 6.457 6.486 6.511 6.537 6.562 6.588 6.614 6.639 6.673 6.722 6.771 6.820 6.869 6.918 6.967 7.015 7.064 7.113 7.162 7.211 7.264 7.476 7.661 7.838 8.015 8.192 8.369 8.546 8.723 8.900 9.077 9.254 9.431 9.617 9.811 10.005 10.199 10.393 10.587 10.781 10.975 11.169 11.364 11.559 11.754 11.949 11.880 11.778 11.676 11.577 11.566 11.555 11.544 11.533 11.522 11.511 11.500 11.489 11.482 11.479 11.477 11.474 11.471 11.468 11.466 11.463 11.460 11.458 11.455 11.502 11.490 11.501
6.229 6.269 6.309 6.348 6.388 6.414 6.440 6.465 6.491 6.517 6.542 6.568 6.594 6.622 6.671 6.720 6.769 6.818 6.867 6.916 6.965 7.014 7.063 7.111 7.166 7.221 7.408 7.627 7.847 8.045 8.222 8.399 8.576 8.753 8.930 9.107 9.284 9.461 9.645 9.839 10.033 10.227 10.421 10.615 10.809 11.004 11.199 11.394 11.589 11.784 11.979 11.918 11.816 11.714 11.612 11.510 11.450 11.439 11.428 11.417 11.406 11.395 11.384 11.377 11.374 11.372 11.369 11.366 11.364 11.361 11.358 11.355 11.406 11.465 11.523 11.498 11.471
6.199 6.240 6.279 6.317 6.343 6.368 6.394 6.420 6.445 6.471 6.497 6.522 6.548 6.574 6.621 6.669 6.718 6.767 6.816 6.865 6.914 6.963 7.012 7.068 7.123 7.179 7.339 7.559 7.779 7.999 8.219 8.429 8.606 8.783 8.960 9.137 9.314 9.491 9.673 9.867 10.062 10.256 10.450 10.644 10.839 11.034 11.229 11.424 11.619 11.814 12.009 11.955 11.853 11.751 11.649 11.547 11.445 11.343 11.322 11.311 11.301 11.289 11.279 11.272 11.270 11.267 11.264 11.261 11.259 11.256 11.310 11.369 11.427 11.486 11.545 11.518 11.490
6.168 6.210 6.246 6.272 6.297 6.323 6.348 6.374 6.400 6.425 6.451 6.477 6.502 6.528 6.570 6.619 6.668 6.717 6.766 6.814 6.863 6.914 6.969 7.025 7.080 7.136 7.271 7.491 7.711 7.931 8.151 8.371 8.590 8.810 8.990 9.167 9.344 9.521 9.702 9.896 10.090 10.284 10.479 10.674 10.869 11.064 11.259 11.454 11.649 11.844 12.039 11.992 11.891 11.788 11.687 11.584 11.483 11.380 11.278 11.206 11.195 11.184 11.173 11.167 11.165 11.162 11.159 11.156 11.214 11.273 11.331 11.390 11.449 11.507 11.564 11.537 11.509
6.142 6.175 6.200 6.226 6.252 6.277 6.303 6.328 6.354 6.380 6.405 6.431 6.456 6.482 6.519 6.568 6.617 6.666 6.715 6.764 6.815 6.871 6.926 6.982 7.037 7.093 7.203 7.423 7.643 7.863 8.082 8.302 8.522 8.742 8.962 9.182 9.374 9.551 9.730 9.924 10.118 10.313 10.508 10.704 10.899 11.094 11.289 11.484 11.679 11.874 12.069 12.030 11.928 11.826 11.724 11.622 11.520 11.418 11.316 11.214 11.112 11.079 11.068 11.062 11.060 11.060 11.118 11.177 11.236 11.294 11.353 11.411 11.470 11.528 11.584 11.556 11.528
6.104 6.116 6.146 6.176 6.206 6.231 6.257 6.283 6.308 6.334 6.360 6.385 6.411 6.436 6.468 6.517 6.566 6.615 6.664 6.717 6.773 6.828 6.884 6.939 6.995 7.050 7.135 7.354 7.574 7.794 8.014 8.234 8.454 8.674 8.894 9.114 9.333 9.553 9.758 9.953 10.148 10.343 10.538 10.734 10.929 11.124 11.319 11.514 11.709 11.904 12.099 12.067 11.965 11.863 11.761 11.659 11.557 11.455 11.353 11.251 11.149 11.047 10.963 10.964 11.023 11.081 11.140 11.198 11.257 11.315 11.374 11.432 11.491 11.550 11.603 11.575 11.548
6.049 6.059 6.086 6.116 6.146 6.176 6.207 6.237 6.263 6.288 6.314 6.339 6.365 6.391 6.418 6.467 6.516 6.565 6.619 6.674 6.730 6.785 6.841 6.896 6.952 7.007 7.066 7.286 7.506 7.726 7.946 8.166 8.386 8.606 8.826 9.046 9.265 9.470 9.626 9.923 10.178 10.373 10.568 10.763 10.958 11.154 11.349 11.544 11.739 11.934 12.129 12.104 12.003 11.900 11.799 11.696 11.595 11.492 11.391 11.288 11.186 11.084 11.072 11.028 11.044 11.102 11.161 11.219 11.278 11.336 11.395 11.454 11.512 11.571 11.622 11.594 11.567
5.995 6.004 6.027 6.057 6.087 6.117 6.147 6.177 6.207 6.237 6.267 6.294 6.319 6.345 6.371 6.416 6.465 6.520 6.576 6.631 6.687 6.742 6.798 6.853 6.909 6.964 7.020 7.218 7.438 7.658 7.878 8.098 8.318 8.537 8.757 8.977 9.154 9.310 9.467 9.753 10.056 10.358 10.598 10.793 10.988 11.183 11.379 11.574 11.769 11.964 12.159 12.142 12.040 11.938 11.836 11.734 11.632 11.530 11.428 11.326 11.297 11.285 11.273 11.229 11.173 11.123 11.182 11.241 11.299 11.358 11.416 11.475 11.533 11.592 11.641 11.613 11.586
5.940 5.950 5.967 5.997 6.027 6.057 6.087 6.117 6.147 6.177 6.208 6.238 6.268 6.298 6.325 6.366 6.422 6.477 6.533 6.588 6.644 6.700 6.755 6.811 6.866 6.922 6.977 7.150 7.370 7.590 7.810 8.029 8.249 8.469 8.681 8.838 8.994 9.151 9.307 9.584 9.886 10.189 10.491 10.793 11.018 11.213 11.408 11.603 11.798 11.994 12.189 12.179 12.077 11.975 11.873 11.771 11.669 11.567 11.521 11.509 11.497 11.485 11.473 11.430 11.374 11.318 11.262 11.262 11.320 11.379 11.437 11.496 11.554 11.613 11.660 11.633 11.605
5.885 5.895 5.907 5.937 5.967 5.998 6.028 6.058 6.088 6.118 6.148 6.178 6.208 6.238 6.267 6.303 6.374 6.434 6.490 6.546 6.601 6.657 6.712 6.768 6.823 6.879 6.934 7.081 7.301 7.521 7.741 7.961 8.181 8.365 8.522 8.678 8.835 8.991 9.148 9.414 9.717 10.019 10.322 10.624 10.926 11.229 11.438 11.633 11.828 12.024 12.219 12.217 12.115 12.012 11.911 11.808 11.746 11.734 11.722 11.710 11.698 11.686 11.674 11.630 11.574 11.519 11.462 11.407 11.351 11.400 11.458 11.517 11.576 11.634 11.679 11.652 11.624
