includes/lisflood/results/res-0014.wd
ncols         631
nrows         906
xllcorner     364927.146600
yllcorner     6531972.565600
cellsize      20.000000
NODATA_value  -9999.000000
[rows 306 to 339 of 906, columns 385 to 461 of 631]
0.000 0.248 0.364 0.414 0.446 0.369 0.502 0.383 0.425 0.516 0.627 0.628 0.500 0.641 0.522 0.533 0.715 0.795 0.815 0.627 0.598 0.629 0.640 0.622 0.723 0.714 0.736 0.767 0.838 0.819 0.870 0.791 0.992 0.843 1.024 1.135 1.046 1.027 1.168 1.099 1.060 1.171 1.141 1.222 1.333 1.264 1.284 1.255 1.136 1.317 1.328 1.369 1.399 2.017 1.480 2.015 2.012 2.009 2.006 2.008 2.018 2.027 2.037 2.047 2.056 2.066 2.075 2.085 2.094 2.104 2.114 2.124 2.140 2.157 2.173 2.189 2.205
0.102 0.000 0.260 0.283 0.255 0.438 0.312 0.384 0.475 0.516 0.547 0.578 0.519 0.571 0.612 0.642 0.534 0.605 0.805 0.596 0.688 0.759 0.890 0.681 0.772 0.664 0.655 0.937 0.858 0.858 0.889 0.820 0.872 1.013 0.964 1.135 1.055 1.276 1.127 1.138 1.129 1.370 1.431 1.272 1.302 1.343 1.424 1.195 1.266 1.297 1.357 1.328 1.449 1.379 1.400 2.013 2.009 2.006 2.003 2.000 2.006 2.016 2.025 2.035 2.045 2.054 2.064 2.073 2.083 2.092 2.102 2.116 2.132 2.148 2.165 2.181 2.197
0.000 0.028 0.034 0.293 0.394 0.418 0.461 0.403 0.495 0.556 0.446 0.527 0.469 0.590 0.641 0.622 0.533 0.704 0.645 0.796 0.987 0.799 0.780 0.761 0.872 0.733 0.785 0.826 0.847 0.868 0.899 0.920 0.981 0.982 1.073 1.014 1.035 1.156 1.277 1.237 1.158 1.189 1.220 1.201 1.162 1.283 1.234 1.244 1.225 1.306 1.277 1.377 1.298 2.016 1.429 1.490 2.007 2.004 2.000 1.997 1.995 2.004 2.014 2.023 2.033 2.043 2.052 2.062 2.071 2.081 2.091 2.108 2.124 2.140 2.156 2.173 2.189
0.001 0.000 0.063 0.170 0.385 0.290 0.292 0.342 0.434 0.495 0.616 0.637 0.588 0.610 0.671 0.662 0.663 0.634 0.615 0.686 0.757 0.908 0.919 0.940 0.812 0.903 0.874 0.885 0.937 0.908 0.889 0.960 1.111 1.092 1.283 1.193 1.254 1.155 1.146 1.177 1.088 1.239 1.170 1.061 1.141 1.192 1.243 1.294 1.155 1.195 1.296 1.317 1.427 1.468 1.389 1.449 1.339 2.001 1.998 1.994 1.991 1.993 2.002 2.012 2.021 2.031 2.041 2.050 2.060 2.069 2.083 2.099 2.116 2.132 2.148 2.165 2.181
0.000 0.085 0.185 0.104 0.325 0.219 0.371 0.452 0.433 0.514 0.485 0.476 0.558 0.499 0.490 0.681 0.692 0.633 0.715 0.776 0.677 0.798 0.879 0.840 1.102 1.173 1.314 1.075 1.006 1.117 1.118 0.849 0.940 0.971 1.052 1.053 0.964 1.095 1.076 1.057 1.117 1.118 1.009 1.220 1.071 1.172 1.142 1.153 1.234 1.185 1.235 1.256 1.307 1.307 1.368 1.428 2.001 1.998 1.995 1.992 1.988 1.985 1.991 2.000 2.010 2.019 2.029 2.039 2.048 2.059 2.075 2.091 2.108 2.124 2.140 2.156 2.173
0.000 0.000 0.059 0.099 0.263 0.258 0.450 0.412 0.363 0.373 0.514 0.546 0.617 0.758 0.699 0.671 0.642 0.823 0.804 0.755 0.806 0.848 0.839 0.840 0.861 0.852 0.903 0.855 1.026 0.917 0.948 1.199 1.040 1.071 1.012 1.082 1.013 0.974 1.075 1.036 0.967 1.008 1.039 1.109 1.070 1.171 1.182 1.252 1.163 1.224 1.175 1.305 1.356 2.007 1.427 1.408 1.998 1.995 1.992 1.989 1.986 1.983 1.979 1.989 1.998 2.008 2.017 2.027 2.037 2.051 2.067 2.083 2.099 2.116 2.132 2.148 2.164
0.000 0.006 0.103 0.096 0.000 0.001 0.360 0.251 0.431 0.412 0.483 0.555 0.557 0.608 0.789 0.700 0.791 0.682 0.653 0.875 0.806 0.777 0.818 0.799 0.850 0.832 0.843 0.914 0.985 1.037 1.108 0.919 1.060 0.940 1.361 1.052 1.033 1.134 1.075 1.326 1.226 1.447 1.378 1.379 1.420 1.420 1.341 1.302 1.253 1.393 1.304 1.335 1.275 1.386 1.417 1.998 1.995 1.992 1.989 1.986 1.983 1.980 1.977 1.977 1.987 1.996 2.006 2.015 2.026 2.042 2.059 2.075 2.091 2.107 2.124 2.140 2.156
0.000 0.000 0.000 0.000 0.000 0.000 0.005 0.387 0.358 0.480 0.522 0.504 0.656 0.557 0.629 0.690 0.731 0.662 0.643 0.684 0.705 0.827 0.868 0.819 0.780 0.891 0.852 0.874 1.145 0.866 0.967 1.118 1.119 1.280 1.426 1.212 1.132 1.063 1.034 1.632 1.086 1.067 1.288 1.796 1.309 1.480 1.905 1.940 1.974 2.009 2.009 2.006 2.003 2.001 1.998 1.995 1.992 1.478 1.468 1.469 1.980 1.977 1.974 1.971 1.975 1.985 1.994 2.004 2.018 2.034 2.050 2.067 2.083 2.099 2.115 2.132 2.148
0.000 0.000 0.000 0.001 0.144 0.006 0.165 0.353 0.445 0.347 0.430 0.513 0.545 0.516 0.688 0.729 0.670 0.581 0.713 0.714 0.655 0.726 0.778 0.849 0.899 0.901 0.812 0.723 0.864 0.926 0.897 0.988 0.949 1.040 0.951 1.121 1.042 1.003 1.024 1.647 1.235 1.476 1.027 1.238 1.149 1.270 1.180 1.201 1.993 1.392 2.006 2.003 1.324 1.435 1.995 1.992 1.427 1.467 1.488 1.981 1.978 1.974 1.971 1.968 1.965 1.973 1.983 1.993 2.010 2.026 2.042 2.058 2.075 2.091 2.107 2.123 2.140
0.000 0.000 0.000 0.000 0.036 0.002 0.295 0.309 0.473 0.445 0.439 0.432 0.534 0.626 0.487 0.679 0.570 0.631 0.552 0.633 0.685 0.656 0.857 0.828 0.919 0.730 0.882 1.043 0.924 0.965 1.006 0.937 1.028 1.099 1.040 1.041 0.992 0.943 0.994 1.024 1.045 1.076 1.096 1.227 1.168 1.199 1.370 1.977 1.301 1.312 1.323 1.403 1.424 1.474 1.355 1.990 1.466 1.487 1.981 1.978 1.975 1.972 1.969 1.965 1.962 1.962 1.971 1.985 2.002 2.018 2.034 2.050 2.067 2.083 2.099 2.115 2.132
0.000 0.000 0.000 0.000 0.058 0.235 0.263 0.328 0.361 0.344 0.409 0.481 0.474 0.575 0.607 0.638 0.739 0.820 0.592 0.803 0.705 0.716 0.787 0.948 0.929 0.870 0.881 0.972 0.853 0.945 1.036 1.037 0.948 0.999 1.070 1.021 1.012 1.082 1.063 1.244 1.234 1.175 1.356 1.217 1.107 1.118 1.179 1.230 1.311 1.211 1.412 1.483 1.403 1.992 1.435 1.435 1.984 1.406 1.467 1.488 1.972 1.969 1.966 1.963 1.959 1.956 1.961 1.977 1.993 2.010 2.026 2.042 2.058 2.075 2.091 2.107 2.123
0.000 0.000 0.000 0.000 0.000 0.034 0.312 0.306 0.360 0.413 0.327 0.401 0.473 0.555 0.556 0.608 0.709 0.710 0.671 0.693 0.664 0.756 0.757 0.668 0.799 0.940 1.101 0.942 0.963 0.924 0.915 0.967 0.968 1.059 1.050 1.080 1.021 1.032 1.143 1.364 1.731 1.075 1.813 1.156 1.177 1.168 1.378 1.309 1.280 1.351 1.361 1.995 1.363 1.383 1.434 1.405 1.445 1.976 1.457 1.467 1.448 1.962 1.958 1.954 1.950 1.946 1.954 1.969 1.985 2.001 2.018 2.034 2.050 2.066 2.083 2.099 2.115
0.000 0.000 0.000 0.000 0.000 0.213 0.330 0.304 0.319 0.323 0.386 0.499 0.342 0.584 0.485 0.557 0.588 0.619 0.711 0.792 0.774 0.785 0.776 0.768 0.889 0.780 0.921 1.012 0.983 0.904 1.015 0.926 0.977 0.998 0.979 1.070 1.061 1.062 1.113 1.103 1.044 1.224 1.285 1.186 1.176 1.107 1.969 1.349 1.229 1.310 1.291 1.402 1.452 1.353 1.973 1.374 1.455 1.385 1.959 1.457 1.952 1.488 1.945 1.941 1.937 1.936 1.948 1.961 1.977 1.993 2.009 2.026 2.042 2.058 2.074 2.091 2.107
0.222 0.000 0.000 0.000 0.000 0.194 0.399 0.312 0.266 0.372 0.444 0.318 0.401 0.513 0.534 0.505 0.607 0.658 0.740 0.672 0.803 0.744 0.656 0.637 0.769 0.780 0.891 0.862 0.973 0.944 1.055 0.996 0.997 1.128 1.099 1.090 1.111 1.071 1.162 1.043 1.144 1.194 1.185 1.824 1.246 1.187 1.397 1.218 1.239 1.340 1.410 1.351 1.342 1.472 1.443 1.464 1.464 1.395 1.946 1.436 1.427 1.935 1.931 1.927 1.924 1.931 1.943 1.955 1.969 1.985 2.001 2.017 2.034 2.050 2.066 2.082 2.099
0.092 0.000 0.000 0.000 0.031 0.266 0.263 0.379 0.274 0.290 0.434 0.317 0.440 0.401 0.472 0.614 0.596 0.648 0.649 0.651 0.663 0.774 0.735 0.737 0.728 0.789 0.711 0.862 0.933 0.914 0.985 0.996 0.967 0.938 0.929 1.019 1.290 0.901 1.102 1.033 1.173 1.184 1.184 1.205 1.326 1.296 1.337 1.258 1.318 1.189 1.250 1.371 1.411 1.482 1.443 1.353 1.344 1.364 1.345 1.446 1.925 1.922 1.918 1.914 1.914 1.926 1.938 1.950 1.962 1.977 1.993 2.009 2.025 2.041 2.058 2.074 2.090
0.022 0.000 0.000 0.000 0.166 0.364 0.289 0.237 0.272 0.419 0.382 0.526 0.499 0.530 0.531 0.583 0.535 0.587 0.619 0.630 0.692 0.733 0.735 0.766 0.788 0.709 0.751 0.802 0.843 0.824 0.945 0.986 0.966 0.987 0.998 1.209 1.080 1.051 1.172 1.112 1.103 1.164 1.054 1.225 1.335 1.306 1.347 1.267 1.178 1.319 1.319 1.340 1.371 1.412 1.452 1.413 1.926 1.344 1.445 1.455 1.912 1.908 1.446 1.477 1.909 1.467 1.933 1.945 1.957 1.969 1.984 2.001 2.017 2.033 2.049 2.066 2.082
0.000 0.000 0.000 0.000 0.000 0.281 0.054 0.336 0.290 0.256 0.331 0.295 0.538 0.519 0.511 0.633 0.564 0.466 0.518 0.710 0.621 0.783 0.714 0.716 0.838 0.889 0.770 0.902 0.843 0.794 1.055 0.895 0.976 1.227 0.888 1.119 1.320 1.030 1.141 1.152 1.133 1.143 1.394 1.185 1.165 1.266 1.446 1.307 1.438 1.378 1.329 1.200 1.260 1.441 1.392 1.342 1.912 1.434 1.424 1.902 1.899 1.895 1.891 1.891 1.903 1.916 1.928 1.940 1.952 1.964 1.976 1.992 2.009 2.025 2.041 2.057 2.074
0.000 0.000 0.000 0.000 0.000 0.060 0.047 0.236 0.240 0.285 0.270 0.495 0.407 0.459 0.440 0.492 0.503 0.575 0.567 0.559 0.691 0.642 0.684 0.776 0.677 0.719 0.990 0.821 0.832 0.793 0.834 0.865 1.016 1.047 0.978 0.969 1.139 1.140 1.061 1.002 1.112 1.173 1.054 1.184 1.185 1.176 1.296 1.317 1.207 1.258 1.329 1.339 1.280 1.271 1.361 1.372 1.413 1.413 1.384 1.889 1.885 1.882 1.878 1.886 1.898 1.910 1.923 1.935 1.947 1.959 1.971 1.984 2.000 2.017 2.033 2.049 2.065
0.000 0.000 0.000 0.000 0.000 0.000 0.121 0.378 0.329 0.283 0.488 0.293 0.416 0.368 0.399 0.631 0.523 0.655 0.527 0.558 0.620 0.622 0.704 0.795 0.807 0.808 0.810 0.741 0.772 0.863 0.844 0.935 0.796 0.967 1.107 1.008 1.069 1.040 1.131 1.091 1.232 1.103 1.073 1.174 1.205 1.205 1.246 1.216 1.137 1.288 1.866 1.269 1.410 1.410 1.371 1.351 1.332 1.882 1.879 1.434 1.872 1.475 1.868 1.426 1.893 1.905 1.918 1.930 1.942 1.954 1.966 1.978 1.992 2.008 2.025 2.041 2.057
0.000 0.000 0.000 0.000 0.000 0.000 0.000 0.139 0.280 0.212 0.216 0.181 0.275 0.437 0.438 0.461 0.453 0.535 0.537 0.678 0.600 0.652 0.553 0.665 0.696 0.618 0.820 0.711 0.712 0.883 0.844 0.855 0.886 1.086 1.037 0.918 1.009 1.100 1.000 1.021 1.312 1.093 1.103 1.204 1.214 1.205 1.175 1.336 1.347 1.267 1.378 1.358 1.309 1.390 1.370 1.481 1.872 1.462 1.473 1.434 1.454 1.855 1.863 1.485 1.888 1.446 1.912 1.924 1.937 1.949 1.961 1.973 1.985 2.000 2.016 2.033 2.049
0.000 0.000 0.000 0.000 0.000 0.000 0.000 0.000 0.350 0.242 0.346 0.339 0.273 0.446 0.448 0.410 0.553 0.465 0.497 0.659 0.570 0.542 0.783 0.835 0.616 0.698 0.749 0.800 0.892 0.783 0.823 0.874 0.855 0.966 1.087 1.018 1.039 1.019 1.030 1.021 1.362 1.132 1.123 1.153 1.244 1.254 1.155 1.296 1.206 1.237 1.337 1.288 1.249 1.349 1.260 1.451 1.431 1.432 1.402 1.393 1.424 1.484 1.858 1.870 1.883 1.895 1.907 1.919 1.932 1.944 1.956 1.968 1.980 1.992 2.008 2.024 2.040
0.000 0.000 0.000 0.000 0.000 0.000 0.000 0.000 0.006 0.102 0.247 0.308 0.362 0.325 0.336 0.369 0.482 0.425 0.517 0.509 0.620 0.622 0.613 0.684 0.696 0.637 0.729 0.710 0.771 0.842 0.823 0.854 0.905 0.946 0.987 1.047 1.008 1.129 1.050 1.020 0.971 1.032 1.082 1.123 1.214 1.194 1.185 1.185 1.226 1.146 1.297 1.787 1.388 1.249 1.220 1.380 1.331 1.412 1.362 1.353 1.343 1.434 1.404 1.865 1.877 1.890 1.902 1.914 1.926 1.939 1.951 1.963 1.975 1.987 2.000 2.016 2.032
0.000 0.000 0.000 0.000 0.000 0.000 0.000 0.000 0.000 0.000 0.132 0.183 0.103 0.251 0.364 0.328 0.432 0.425 0.437 0.509 0.540 0.582 0.543 0.664 0.656 0.737 0.769 0.840 0.791 0.772 0.803 0.844 0.854 0.835 0.936 0.957 0.938 1.028 0.959 1.090 1.081 1.131 1.012 1.173 1.183 1.224 1.284 1.255 1.195 1.316 1.257 1.347 1.368 1.478 1.319 1.310 1.350 1.321 1.825 1.432 1.413 1.483 1.847 1.374 1.474 1.884 1.897 1.485 1.921 1.933 1.466 1.958 1.970 1.982 1.994 2.008 2.024
0.000 0.000 0.000 0.000 0.000 0.000 0.000 0.000 0.000 0.000 0.040 0.000 0.075 0.319 0.332 0.247 0.242 0.415 0.467 0.439 0.570 0.572 0.483 0.704 0.625 0.627 0.699 0.710 1.001 1.001 0.852 0.833 0.754 0.985 0.816 0.876 0.997 1.028 0.969 0.979 1.070 1.061 1.062 1.262 1.223 1.183 1.274 1.164 1.305 1.296 1.236 1.387 1.328 1.468 1.469 1.419 1.360 1.361 1.441 1.432 1.452 1.423 1.413 1.433 1.454 1.879 1.891 1.904 1.916 1.445 1.940 1.436 1.965 1.977 1.989 2.001 2.016
0.000 0.000 0.000 0.000 0.000 0.000 0.000 0.000 0.000 0.000 0.000 0.136 0.131 0.233 0.171 0.227 0.323 0.435 0.497 0.469 0.541 0.482 0.723 0.634 0.645 0.567 0.768 0.710 0.781 0.741 0.742 0.743 0.864 0.854 0.885 1.026 0.807 0.867 0.948 1.119 0.970 1.061 1.081 1.192 1.092 1.253 1.204 1.194 1.135 1.245 1.276 1.327 1.337 1.348 1.328 1.379 1.410 1.450 1.451 1.341 1.472 1.402 1.443 1.433 1.483 1.874 1.886 1.454 1.485 1.345 1.935 1.947 1.960 1.972 1.984 1.996 2.008
0.000 0.000 0.000 0.000 0.000 0.000 0.000 0.000 0.000 0.000 0.000 0.013 0.134 0.069 0.000 0.000 0.385 0.356 0.398 0.520 0.471 0.602 0.683 0.704 0.605 0.717 0.608 0.649 0.720 0.821 0.771 0.852 0.843 0.784 0.905 1.015 0.886 0.837 0.918 1.029 0.990 1.110 1.161 1.121 1.042 1.153 1.223 1.184 1.244 1.295 1.266 1.256 1.287 1.237 1.378 1.751 1.419 1.320 1.460 1.391 1.441 1.392 1.382 1.393 1.856 1.413 1.881 1.434 1.905 1.918 1.930 1.942 1.954 1.966 1.977 1.988 1.999
0.000 0.000 0.000 0.000 0.000 0.000 0.000 0.000 0.000 0.000 0.000 0.000 0.000 0.000 0.000 0.086 0.306 0.407 0.248 0.380 0.571 0.532 0.623 0.604 0.545 0.717 0.648 0.749 0.770 0.780 0.911 0.862 0.773 0.854 0.904 0.845 0.766 0.867 0.958 0.888 0.969 1.070 1.131 1.141 1.132 1.012 1.093 1.093 1.124 1.225 1.235 1.246 1.376 1.297 1.418 1.308 1.329 1.419 1.310 1.380 1.351 1.401 1.825 1.362 1.332 1.383 1.870 1.454 1.444 1.904 1.445 1.926 1.937 1.948 1.959 1.970 1.981
0.000 0.000 0.000 0.000 0.000 0.000 0.000 0.000 0.000 0.000 0.000 0.000 0.000 0.000 0.000 0.000 0.277 0.277 0.299 0.370 0.431 0.492 0.623 0.464 0.706 0.547 0.598 0.619 0.770 0.850 0.821 0.762 0.733 0.773 0.824 0.795 0.906 0.896 0.997 0.908 0.989 0.970 1.030 1.081 1.091 1.082 1.203 1.213 1.224 1.234 1.205 1.235 1.176 1.357 1.237 1.398 1.278 1.741 1.320 1.390 1.420 1.321 1.421 1.402 1.362 1.332 1.423 1.433 1.453 1.394 1.896 1.907 1.918 1.929 1.940 1.951 1.960
0.000 0.000 0.000 0.000 0.000 0.000 0.000 0.000 0.000 0.000 0.000 0.000 0.000 0.000 0.022 0.032 0.000 0.188 0.299 0.300 0.371 0.332 0.503 0.514 0.626 0.557 0.618 0.629 0.829 0.620 0.621 0.752 0.812 0.803 0.834 0.905 0.975 0.916 0.837 0.908 0.899 0.960 1.000 1.121 1.271 1.112 1.152 1.203 1.143 1.284 1.245 1.135 1.346 1.336 1.327 1.407 1.348 1.369 1.339 1.329 1.330 1.290 1.461 1.311 1.331 1.342 1.262 1.433 1.423 1.866 1.877 1.888 1.424 1.911 1.922 1.932 1.938
0.000 0.000 0.000 0.000 0.000 0.000 0.000 0.000 0.000 0.000 0.000 0.000 0.000 0.000 0.000 0.000 0.000 0.129 0.241 0.230 0.321 0.431 0.523 0.484 0.515 0.507 0.598 0.708 0.739 0.650 0.760 0.691 0.822 0.773 0.714 0.845 0.955 0.916 0.877 0.998 0.939 0.999 0.930 1.241 1.001 1.072 1.082 1.123 1.123 1.294 1.244 1.285 1.415 1.216 1.156 1.267 1.338 1.328 1.418 1.299 1.349 1.320 1.340 1.430 1.281 1.401 1.451 1.352 1.836 1.403 1.363 1.484 1.881 1.484 1.903 1.912 1.917
0.000 0.000 0.000 0.000 0.000 0.000 0.000 0.000 0.000 0.000 0.000 0.000 0.000 0.000 0.000 0.000 0.021 0.000 0.135 0.000 0.160 0.301 0.473 0.374 0.505 0.437 0.597 0.548 0.669 0.609 0.650 0.701 0.692 0.723 0.753 0.844 0.795 0.786 0.807 0.908 0.918 1.009 0.870 0.980 1.091 1.121 1.102 1.172 1.113 1.153 1.214 1.144 1.245 1.365 1.226 1.307 1.297 1.317 1.238 1.228 1.359 1.439 1.369 1.280 1.440 1.421 1.351 1.451 1.472 1.432 1.840 1.473 1.862 1.474 1.884 1.891 1.895
0.000 0.000 0.000 0.000 0.000 0.000 0.000 0.000 0.000 0.000 0.000 0.000 0.000 0.000 0.000 0.000 0.000 0.000 0.000 0.105 0.180 0.331 0.273 0.404 0.416 0.486 0.547 0.598 0.529 0.619 0.710 0.741 0.732 0.712 0.763 0.744 0.845 0.746 0.777 0.848 0.828 1.019 1.069 1.020 1.011 0.981 1.012 1.042 1.053 1.243 1.134 1.234 1.135 1.235 1.206 1.266 1.326 1.167 1.307 1.238 1.268 1.289 1.229 1.359 1.460 1.480 1.390 1.411 1.481 1.462 1.422 1.832 1.843 1.854 1.864 1.869 1.874
0.000 0.000 0.000 0.000 0.000 0.000 0.000 0.000 0.000 0.000 0.000 0.000 0.000 0.000 0.000 0.000 0.000 0.000 0.000 0.000 0.160 0.269 0.140 0.244 0.416 0.446 0.437 0.447 0.568 0.569 0.690 0.661 0.701 0.622 0.733 0.734 0.745 0.716 0.827 0.827 0.788 0.839 1.009 0.910 0.980 1.091 1.071 1.102 1.112 1.023 1.213 1.194 1.104 1.205 1.115 1.276 1.236 1.226 1.337 1.317 1.674 1.388 1.378 1.439 1.389 1.470 1.757 1.410 1.401 1.791 1.452 1.813 1.825 1.836 1.843 1.848 1.852
0.000 0.000 0.000 0.000 0.000 0.000 0.000 0.000 0.000 0.000 0.000 0.000 0.000 0.000 0.000 0.000 0.000 0.000 0.000 0.031 0.000 0.123 0.113 0.095 0.000 0.406 0.416 0.387 0.578 0.539 0.600 0.631 0.631 0.622 0.683 0.744 0.755 0.796 0.836 0.787 0.708 0.789 0.889 1.150 0.960 1.021 1.071 1.102 1.002 1.172 1.043 1.063 1.044 1.084 1.255 1.135 1.015 1.186 1.206 1.297 1.337 1.357 1.388 1.408 1.398 1.359 1.738 1.410 1.390 1.772 1.783 1.795 1.806 1.816 1.373 1.433 1.831
