includes/lisflood/results/res-0003.wdfp
ncols         631
nrows         906
xllcorner     364927.146600
yllcorner     6531972.565600
cellsize      20.000000
NODATA_value  -9999.000000
[rows 612 to 645 of 906, columns 462 to 538 of 631]
0.000 0.000 3.502 3.701 4.131 4.560 2.947 2.438 2.539 2.701 1.592 2.073 2.213 1.813 0.000 0.000 0.000 0.000 0.000 0.000 0.000 0.000 0.000 0.000 3.253 3.592 3.642 3.822 3.751 3.731 3.646 3.751 3.671 3.691 3.801 3.721 3.801 3.782 3.722 4.236 3.752 3.772 3.523 4.548 4.651 4.754 4.882 5.061 5.239 5.418 5.596 5.775 5.953 6.132 6.310 6.489 6.666 6.798 6.929 7.060 7.191 7.308 7.312 7.316 7.319 7.323 7.326 7.330 7.334 7.337 7.341 7.525 7.715 7.906 8.096 8.287 8.489
0.000 0.000 1.236 2.636 4.335 4.764 4.976 2.770 2.770 3.001 2.602 2.853 2.823 2.723 0.000 0.000 0.000 0.000 0.000 0.000 0.000 0.000 0.000 0.000 0.000 3.361 3.520 3.580 3.510 3.567 3.820 3.810 3.730 3.710 3.630 3.971 4.044 3.750 3.801 4.262 4.335 4.408 3.802 3.772 4.687 4.790 4.893 5.042 5.220 5.399 5.577 5.756 5.934 6.113 6.291 6.470 6.622 6.753 6.884 7.015 7.146 7.277 7.345 7.348 7.352 7.356 7.359 7.363 7.367 7.370 7.474 7.664 7.855 8.045 8.236 8.426 8.617
0.000 1.138 1.648 1.768 3.749 4.863 4.910 2.971 2.751 2.942 3.033 2.973 2.963 2.823 0.000 0.000 0.000 0.000 0.000 0.000 0.000 0.000 0.000 0.000 0.000 0.558 3.198 3.818 3.788 3.559 3.632 3.705 3.778 3.768 3.798 3.809 3.779 4.143 3.809 4.289 4.362 4.435 3.811 4.620 4.723 4.826 4.930 5.033 5.201 5.379 5.558 5.737 5.915 6.094 6.272 6.446 6.577 6.708 6.839 6.970 7.101 7.233 7.364 7.381 7.385 7.389 7.392 7.396 7.399 7.423 7.614 7.804 7.994 8.185 8.375 8.566 8.756
0.000 1.119 1.529 0.640 2.741 4.770 4.817 3.232 2.912 2.993 3.133 3.104 3.004 2.894 0.000 0.000 0.000 0.000 0.000 0.000 0.000 0.000 0.000 0.000 0.000 2.872 3.204 3.295 3.765 3.585 3.658 3.731 3.727 3.817 3.787 3.777 3.758 4.169 3.818 4.315 4.388 3.799 4.553 4.656 4.759 4.863 4.966 5.069 5.182 5.360 5.539 5.717 5.896 6.075 6.253 6.401 6.532 6.663 6.794 6.925 7.057 7.188 7.319 7.414 7.418 7.421 7.425 7.429 7.432 7.563 7.753 7.944 8.134 8.324 8.515 8.705 8.896
1.562 0.000 0.972 1.342 1.952 4.677 4.724 4.771 3.183 3.123 3.184 3.054 2.944 2.874 0.000 0.000 0.000 0.000 0.000 0.000 0.000 0.000 0.000 0.000 3.185 3.358 3.091 3.032 3.303 3.784 3.683 3.756 3.829 3.815 3.975 3.726 3.786 4.195 4.268 4.341 4.414 4.487 4.589 4.692 4.795 4.899 5.002 5.105 5.209 5.341 5.520 5.698 5.877 6.055 6.225 6.356 6.487 6.618 6.749 6.881 7.012 7.143 7.274 7.405 7.451 7.454 7.458 7.461 7.512 7.702 7.893 8.083 8.274 8.464 8.655 8.845 9.036
1.571 0.000 1.774 1.933 1.883 3.403 4.630 4.677 3.194 3.214 3.154 3.065 3.135 2.965 0.000 0.000 0.000 0.000 0.000 0.000 0.000 0.000 0.000 3.310 3.423 3.435 3.387 3.219 3.060 3.692 3.712 3.783 3.855 3.928 4.001 3.815 3.735 4.221 4.294 4.367 4.440 4.522 4.625 4.728 4.832 4.935 5.038 5.142 5.245 5.348 5.500 5.679 5.858 6.036 6.180 6.311 6.442 6.573 6.705 6.836 6.967 7.098 7.229 7.360 7.483 7.487 7.491 7.494 7.652 7.842 8.032 8.223 8.413 8.604 8.794 8.985 9.175
0.000 0.000 2.174 2.214 2.134 2.994 4.536 4.583 3.764 3.155 3.275 3.256 3.156 3.096 0.000 0.000 0.000 1.817 3.118 3.290 3.191 3.333 3.305 3.308 3.381 3.524 3.564 3.567 3.408 3.510 3.811 3.813 3.884 3.956 4.027 4.101 4.174 4.247 4.320 4.393 4.466 4.558 4.661 4.765 4.868 4.971 5.075 5.178 5.281 5.384 5.488 5.660 5.838 6.004 6.135 6.266 6.397 6.529 6.660 6.791 6.922 7.053 7.184 7.316 7.447 7.520 7.524 7.601 7.791 7.982 8.172 8.362 8.553 8.743 8.934 9.124 9.315
0.000 2.694 2.154 2.204 2.284 3.574 3.205 4.490 3.685 3.195 3.256 3.366 3.237 3.248 3.141 3.303 3.224 3.216 3.268 3.359 3.361 3.223 3.295 3.378 3.410 3.492 3.634 3.617 3.607 3.628 3.599 3.740 3.914 3.985 4.057 4.128 4.200 4.273 4.346 4.419 4.493 4.594 4.698 4.801 4.904 5.008 5.111 5.214 5.317 5.421 5.524 5.641 5.819 5.959 6.090 6.221 6.352 6.484 6.615 6.746 6.877 7.008 7.140 7.271 7.402 7.533 7.556 7.740 7.931 8.121 8.312 8.502 8.693 8.883 9.074 9.264 9.454
2.315 2.705 2.475 2.395 3.685 3.165 3.205 4.396 4.443 3.466 3.406 3.287 3.368 3.309 3.311 3.393 3.184 3.266 3.248 3.259 3.271 3.293 3.355 3.317 3.389 3.601 3.463 3.734 3.669 3.729 3.698 3.769 3.779 4.015 4.087 4.158 4.229 4.301 4.373 4.446 4.527 4.631 4.734 4.837 4.941 5.044 5.147 5.250 5.354 5.457 5.560 5.664 5.782 5.914 6.045 6.179 6.312 6.446 6.579 6.713 6.847 6.980 7.114 7.248 7.381 7.515 7.637 7.826 8.015 8.204 8.393 8.582 8.771 8.960 9.149 9.338 9.528
3.505 2.695 2.305 3.575 3.195 3.165 3.215 4.302 4.349 3.596 3.307 3.258 3.518 3.440 3.341 3.353 3.394 3.346 3.267 3.359 3.281 3.352 3.294 3.376 3.408 3.420 3.542 3.653 3.754 3.759 3.806 3.902 3.974 4.045 4.117 4.188 4.259 4.331 4.402 4.473 4.560 4.660 4.761 4.862 4.962 5.063 5.163 5.264 5.365 5.465 5.566 5.666 5.837 5.976 6.110 6.244 6.377 6.511 6.645 6.778 6.912 7.046 7.179 7.313 7.446 7.566 7.613 7.759 7.948 8.137 8.326 8.515 8.704 8.893 9.083 9.272 9.461
3.085 3.105 3.225 3.205 3.195 3.195 3.256 4.208 4.255 4.302 3.377 3.358 3.499 3.560 3.441 3.473 3.354 3.336 3.397 3.289 3.360 3.362 3.324 3.516 3.427 3.459 3.591 3.742 3.761 3.789 3.860 3.932 4.003 3.528 3.809 4.218 4.289 4.361 4.432 4.496 4.559 4.660 4.760 4.861 4.961 5.062 5.163 5.263 5.364 5.464 5.565 5.709 5.880 6.042 6.175 6.309 6.443 6.576 6.710 6.844 6.977 7.111 7.245 7.378 7.512 7.578 7.625 7.692 7.881 8.070 8.259 8.448 8.638 8.827 9.016 9.205 9.394
3.155 3.045 3.555 3.185 3.125 3.035 2.826 3.086 4.161 4.208 3.737 3.518 3.539 3.380 3.451 3.383 3.404 3.355 3.417 3.418 3.320 3.492 3.413 3.555 3.447 3.538 3.530 3.671 3.692 3.819 3.890 3.962 4.033 4.105 4.176 4.248 4.319 4.391 4.455 4.516 4.576 4.659 4.760 4.860 4.961 5.061 5.162 5.263 5.363 5.464 5.580 5.752 5.924 6.095 6.241 6.374 6.508 6.642 6.775 6.909 7.043 7.176 7.310 7.443 7.542 7.590 7.637 7.685 7.814 8.003 8.193 8.382 8.571 8.760 8.949 9.138 9.327
3.095 3.295 3.265 3.175 3.155 3.176 3.246 3.326 4.067 4.114 3.638 3.448 3.419 3.420 3.291 3.343 3.414 3.425 3.437 3.388 3.500 3.421 3.513 3.454 3.566 3.677 3.649 3.730 3.751 3.762 3.920 3.992 4.064 4.135 4.207 4.278 4.349 4.415 4.475 4.535 4.595 4.658 4.759 4.859 4.960 5.061 5.161 5.262 5.362 5.463 5.624 5.795 5.967 6.139 6.306 6.440 6.573 6.707 6.840 6.974 7.108 7.241 7.375 7.507 7.554 7.602 7.649 7.697 7.747 7.937 8.126 8.315 8.504 8.693 8.882 9.071 9.260
3.095 3.225 3.095 3.255 3.215 3.236 3.216 2.896 3.707 4.020 4.067 3.518 3.579 3.390 3.271 3.432 3.544 3.435 3.346 3.408 3.519 3.391 3.512 3.594 3.545 3.527 3.658 3.679 3.750 3.906 3.951 4.022 4.094 4.165 4.237 4.308 4.374 4.434 4.494 4.555 4.615 4.675 4.758 4.859 4.959 5.060 5.161 5.261 5.362 5.495 5.667 5.839 6.010 6.182 6.354 6.505 6.638 6.772 6.906 7.039 7.173 7.307 7.440 7.519 7.566 7.614 7.661 7.709 7.756 7.870 8.059 8.248 8.437 8.626 8.815 9.004 9.193
3.115 3.075 3.135 3.155 3.215 3.326 3.116 2.847 3.277 3.926 3.973 3.639 3.619 3.350 3.491 3.352 3.484 3.435 3.386 3.568 3.489 3.460 3.532 3.563 3.584 3.716 3.687 3.628 3.739 3.750 3.981 4.052 4.124 4.195 4.267 4.333 4.393 4.453 3.747 4.574 4.634 4.694 4.757 4.858 4.958 5.059 5.160 5.260 5.367 5.538 5.710 5.882 6.054 6.225 6.397 6.569 6.704 6.837 6.971 7.105 7.238 7.372 7.483 7.531 7.578 7.626 7.673 7.721 7.768 7.816 7.992 8.181 8.370 8.559 8.748 8.937 9.126
3.215 3.275 3.215 3.255 3.175 3.216 3.266 3.347 3.297 3.832 3.879 3.609 3.549 3.550 3.501 3.422 3.474 3.515 3.696 3.537 3.538 3.470 3.461 3.622 3.664 3.675 3.736 3.637 3.658 3.999 4.011 4.083 4.154 4.226 4.292 4.352 4.412 4.473 4.533 4.593 4.654 4.714 4.774 4.857 4.958 5.058 5.159 5.260 5.410 5.582 5.753 5.925 6.097 6.269 6.440 6.612 6.769 6.903 7.036 7.170 7.304 7.437 7.495 7.543 7.590 7.638 7.685 7.733 7.780 7.828 7.925 8.114 8.303 8.492 8.681 8.871 9.047
3.295 3.325 3.295 3.245 3.195 3.206 3.286 3.377 3.557 3.737 3.785 3.729 3.269 3.670 3.411 3.352 3.553 3.554 3.506 3.497 3.548 3.539 3.511 3.562 3.713 3.714 3.625 3.756 3.628 3.749 3.790 4.113 4.184 4.251 4.311 4.372 4.432 4.492 4.552 4.613 4.673 4.733 4.793 4.856 4.957 5.058 5.158 5.282 5.453 5.625 5.797 5.968 6.140 6.312 6.484 6.655 6.827 6.968 7.102 7.235 7.369 7.460 7.507 7.555 7.602 7.650 7.697 7.744 7.792 7.839 7.887 8.047 8.236 8.425 8.615 8.803 8.959
3.375 3.305 3.395 3.235 3.176 3.306 3.296 3.287 3.437 3.518 3.789 3.832 3.875 3.490 3.621 3.482 3.543 3.594 3.515 3.557 3.488 3.549 3.590 3.601 3.692 3.773 3.625 3.636 3.747 3.668 3.689 3.790 4.210 4.270 4.331 4.391 4.451 4.512 4.572 4.632 4.692 4.753 4.813 4.873 4.956 5.057 5.158 5.325 5.497 5.668 5.840 6.012 6.184 6.355 6.527 6.699 6.870 7.033 7.167 7.301 7.424 7.472 7.519 7.567 7.614 7.662 7.709 7.757 7.804 7.851 7.899 7.980 8.169 8.359 8.548 8.715 8.871
3.365 3.185 3.315 3.115 3.395 3.186 3.366 3.447 3.317 3.398 3.801 3.844 3.887 3.931 3.581 3.542 3.513 3.504 3.635 3.596 3.697 3.668 3.640 4.087 4.095 3.593 4.111 3.535 3.546 3.737 3.798 4.169 4.229 4.290 4.350 4.411 4.471 4.531 4.591 4.652 4.712 4.772 4.832 4.892 4.955 5.056 5.196 5.368 5.540 5.712 5.883 6.055 6.227 6.399 6.570 6.742 6.914 7.085 7.232 7.366 7.436 7.484 7.531 7.579 7.626 7.673 7.721 7.768 7.816 7.863 7.911 7.958 8.103 8.292 8.470 8.626 8.783
3.415 3.325 3.225 3.195 3.285 3.226 3.366 3.297 3.427 3.478 3.528 3.857 3.900 3.944 3.771 3.612 3.543 3.704 3.645 3.536 3.657 3.528 3.779 3.620 4.127 4.135 3.793 3.724 3.785 3.726 3.717 3.738 4.259 4.318 4.377 4.436 4.496 4.555 4.614 4.673 4.733 4.792 4.852 4.912 4.972 5.068 5.240 5.411 5.583 5.755 5.927 6.099 6.270 6.442 6.614 6.785 6.957 7.129 7.298 7.401 7.448 7.496 7.543 7.591 7.638 7.686 7.733 7.780 7.828 7.875 7.923 7.970 8.036 8.225 8.382 8.538 8.695
3.214 3.185 3.415 3.265 3.255 3.186 3.336 3.327 3.367 3.388 3.438 3.599 3.913 3.957 4.000 4.044 4.087 3.723 3.514 3.595 3.656 4.136 3.578 3.669 4.160 3.781 3.762 4.183 3.794 4.199 4.222 3.747 4.289 4.348 4.407 4.467 4.526 4.585 4.644 4.703 4.763 4.822 4.881 4.940 4.999 5.093 5.265 5.438 5.610 5.782 5.954 6.127 6.299 6.471 6.643 6.816 6.988 7.160 7.332 7.406 7.454 7.502 7.550 7.597 7.645 7.693 7.741 7.789 7.837 7.885 7.933 7.981 8.028 8.144 8.293 8.450 8.606
3.384 3.235 3.345 3.355 3.225 3.256 3.236 3.316 3.307 3.437 3.488 3.529 3.459 3.970 4.013 4.057 4.100 3.763 3.564 3.725 3.716 3.787 3.698 3.639 3.600 4.200 3.672 3.713 3.694 3.624 4.269 4.296 4.323 4.378 4.438 4.497 4.556 4.615 4.674 4.734 4.793 4.852 4.911 4.970 5.049 5.145 5.280 5.452 5.624 5.797 5.969 6.141 6.313 6.486 6.658 6.830 7.002 7.175 7.300 7.400 7.448 7.496 7.544 7.592 7.640 7.688 7.736 7.784 7.831 7.879 7.927 7.975 8.080 8.303 8.446 8.590 8.734
3.674 3.314 3.445 3.245 3.335 3.356 3.316 3.396 3.367 3.377 3.438 3.469 3.519 3.540 3.601 4.070 4.113 4.157 4.178 4.185 4.193 4.201 4.209 4.216 4.224 3.720 4.240 4.248 4.260 4.287 3.794 3.795 4.369 3.777 4.468 4.527 4.586 4.645 4.705 4.764 4.823 4.882 4.941 5.008 5.104 5.200 5.296 5.467 5.639 5.811 5.984 6.156 6.328 6.500 6.673 6.845 7.017 7.168 7.267 7.367 7.443 7.491 7.539 7.586 7.634 7.682 7.730 7.778 7.826 7.874 7.922 7.970 8.197 8.426 8.605 8.749 8.893
3.294 3.224 3.523 3.455 3.355 3.345 3.426 3.326 3.567 3.587 3.618 3.558 3.529 3.510 3.540 3.521 3.692 4.170 4.210 4.218 4.226 4.233 4.241 4.249 3.709 4.264 3.650 3.721 3.792 4.333 4.361 4.388 3.785 4.443 4.498 4.557 4.616 4.676 4.735 4.794 4.853 4.912 4.971 5.064 5.160 5.256 5.352 5.481 5.654 5.826 5.998 6.171 6.343 6.515 6.687 6.859 7.032 7.135 7.234 7.334 7.433 7.485 7.533 7.581 7.629 7.677 7.725 7.772 7.820 7.868 7.916 8.085 8.314 8.542 8.764 8.908 9.052
3.334 3.194 3.184 3.285 3.335 3.665 3.707 3.496 3.793 3.517 3.618 3.528 3.619 3.559 3.670 3.691 3.692 4.182 4.226 4.251 4.258 4.266 4.274 4.281 4.289 3.759 4.305 4.325 4.352 4.379 4.407 4.434 4.461 4.489 4.528 4.587 4.647 4.706 4.765 4.824 4.884 4.943 5.024 5.120 5.215 5.311 5.407 5.503 5.668 5.841 6.013 6.185 6.357 6.530 6.702 6.874 7.003 7.102 7.202 7.301 7.401 7.480 7.528 7.576 7.623 7.671 7.719 7.767 7.815 7.863 7.974 8.202 8.431 8.659 8.888 9.066 9.210
3.204 3.254 3.214 3.314 3.205 3.385 3.615 3.406 3.456 3.848 3.587 3.588 3.669 3.679 3.680 3.641 3.551 4.195 4.239 3.744 4.291 4.299 4.306 4.314 4.322 4.329 4.344 4.371 4.398 4.426 4.453 4.480 4.508 4.535 4.562 4.618 4.677 4.736 4.795 4.855 4.914 4.983 5.079 5.175 5.271 5.367 5.463 5.559 5.683 5.855 6.028 6.200 6.372 6.544 6.716 6.870 6.970 7.069 7.169 7.268 7.368 7.467 7.522 7.570 7.618 7.666 7.714 7.761 7.809 7.862 8.091 8.319 8.548 8.776 9.005 9.225 9.369
3.193 3.224 3.284 3.194 3.274 3.475 3.505 3.456 3.466 3.577 3.577 3.668 3.688 3.659 3.660 3.770 3.611 3.612 4.251 4.295 4.324 4.331 4.339 4.346 4.354 4.363 4.390 4.417 4.445 4.472 4.499 4.527 4.554 4.581 4.608 4.648 4.707 4.766 4.826 4.885 4.944 5.039 5.135 5.231 5.327 5.423 5.518 5.614 5.710 5.870 6.042 6.214 6.387 6.559 6.731 6.838 6.937 7.037 7.136 7.236 7.335 7.434 7.517 7.565 7.612 7.660 7.708 7.756 7.804 7.979 8.207 8.436 8.664 8.893 9.121 9.350 9.528
3.203 3.323 3.224 3.324 3.384 3.435 3.295 3.525 3.486 3.874 3.557 3.547 4.004 4.047 3.689 3.660 3.771 3.721 3.672 4.308 3.784 4.364 4.371 4.379 4.387 4.409 4.437 4.464 4.491 4.518 4.546 4.573 4.600 4.627 4.655 4.682 4.737 4.797 4.856 4.915 4.999 5.095 5.191 5.287 5.382 5.478 5.574 5.670 5.766 5.885 6.057 6.229 6.401 6.574 6.705 6.805 6.904 7.004 7.103 7.203 7.302 7.402 7.501 7.559 7.607 7.655 7.703 7.750 7.867 8.096 8.324 8.553 8.781 9.010 9.238 9.467 9.686
3.273 3.243 3.293 3.364 3.354 3.334 3.475 3.445 3.406 3.636 3.930 3.767 4.016 3.668 3.729 4.146 3.710 4.233 3.772 3.732 4.364 4.396 4.404 4.411 4.428 4.455 3.778 4.510 4.538 4.565 4.592 4.619 4.646 4.674 4.701 4.728 4.768 4.827 4.886 4.958 5.054 5.150 5.246 5.342 5.438 5.534 5.630 5.726 5.821 5.917 6.071 6.244 6.416 6.573 6.672 6.772 6.871 6.971 7.070 7.170 7.269 7.369 7.468 7.554 7.601 7.649 7.697 7.755 7.984 8.212 8.441 8.669 8.898 9.127 9.355 9.584 9.812
3.122 3.193 3.213 3.303 3.384 3.344 3.364 3.595 3.565 3.566 3.943 3.986 4.029 3.778 3.749 3.609 3.700 3.721 4.289 4.333 3.763 4.420 4.436 4.447 3.765 3.716 3.777 3.778 3.789 4.611 4.638 4.665 4.693 4.720 4.747 4.774 4.801 4.857 4.918 5.014 5.110 5.206 5.302 5.398 5.494 5.590 5.685 5.781 5.877 5.973 6.086 6.258 6.431 6.540 6.640 6.739 6.839 6.938 7.038 7.137 7.237 7.336 7.435 7.535 7.596 7.644 7.692 7.872 8.101 8.329 8.558 8.786 9.015 9.243 9.472 9.700 9.929
3.272 3.202 3.202 3.203 3.273 3.726 3.304 3.484 3.485 3.615 3.955 3.999 3.687 3.658 3.738 3.649 3.739 4.259 4.302 4.345 3.662 4.432 4.469 3.724 4.521 3.736 4.575 4.603 4.630 4.657 4.684 4.712 4.739 4.766 4.793 4.820 4.847 4.888 4.974 5.070 5.166 5.262 5.358 5.453 5.549 5.645 5.741 5.837 5.933 6.029 6.124 6.273 6.408 6.507 6.607 6.706 6.806 6.905 7.005 7.104 7.204 7.303 7.403 7.502 7.591 7.638 7.761 7.989 8.218 8.446 8.675 8.903 9.132 9.360 9.589 9.817 10.046
3.101 3.172 3.252 3.372 3.493 3.323 3.453 3.444 3.504 3.455 3.575 3.556 3.667 4.093 4.136 4.180 4.223 4.266 4.309 4.352 4.395 4.438 3.783 4.459 4.489 4.518 4.548 4.578 4.607 4.637 4.666 4.696 4.726 4.755 4.785 4.814 4.843 4.900 4.999 5.097 5.195 5.293 5.392 5.490 5.588 5.686 5.784 5.883 5.981 6.079 6.177 6.275 6.375 6.474 6.574 6.673 6.773 6.872 6.972 7.071 7.171 7.270 7.370 7.469 7.569 7.649 7.877 8.106 8.334 8.563 8.791 9.020 9.248 9.477 9.706 9.934 10.163
3.071 3.241 3.301 3.527 3.362 3.333 3.533 3.463 3.394 3.434 3.515 3.466 3.626 3.677 3.707 3.638 3.768 4.270 3.770 4.356 4.399 4.441 4.419 4.396 4.424 4.454 4.483 4.513 4.542 4.572 3.788 3.749 4.661 4.690 4.720 4.749 4.779 4.878 4.977 5.075 5.173 5.272 5.370 5.468 5.566 5.664 5.763 5.861 5.959 6.057 6.155 6.242 6.336 6.435 6.535 6.635 6.735 6.834 6.934 7.034 7.133 7.233 7.333 7.433 7.532 7.670 7.912 8.155 8.396 8.638 8.880 9.122 9.364 9.594 9.822 10.051 10.280
3.230 3.170 3.458 3.361 3.452 3.362 3.412 3.333 3.393 3.494 3.604 3.545 3.556 3.706 4.144 4.188 4.231 4.274 4.317 4.360 4.403 4.409 4.386 4.364 3.633 4.389 4.419 4.448 4.478 4.507 3.767 4.567 4.596 4.626 4.655 4.685 4.757 4.856 4.955 5.053 5.151 5.250 5.348 5.446 5.544 5.642 5.741 5.839 5.937 6.035 6.127 6.211 6.296 6.396 6.496 6.595 6.695 6.795 6.895 6.994 7.094 7.194 7.293 7.393 7.503 7.626 7.831 8.073 8.315 8.557 8.799 9.041 9.283 9.525 9.767 10.009 10.251
