includes/lisflood/results/res-0010.wd
ncols         631
nrows         906
xllcorner     364927.146600
yllcorner     6531972.565600
cellsize      20.000000
NODATA_value  -9999.000000
[rows 646 to 679 of 906, columns 154 to 230 of 631]
9.911 9.881 9.851 9.821 9.791 9.761 9.730 9.700 9.678 9.656 9.635 9.613 9.591 9.569 9.547 9.525 9.503 9.481 9.460 9.438 9.416 9.394 9.372 9.350 9.329 9.307 9.285 9.263 9.241 9.219 9.158 9.068 8.979 8.890 8.800 8.711 8.621 8.532 8.443 8.353 8.264 8.175 8.085 7.996 7.906 7.817 7.728 7.638 7.549 7.460 7.370 7.281 7.191 7.102 7.025 6.959 6.893 6.827 6.761 6.695 6.628 6.562 6.496 6.430 6.364 6.298 6.225 6.037 5.849 5.662 5.474 5.287 5.100 4.912 4.725 4.537 4.350
9.914 9.884 9.854 9.824 9.794 9.764 9.733 9.709 9.687 9.665 9.643 9.622 9.600 9.578 9.556 9.534 9.512 9.490 9.469 9.447 9.425 9.403 9.381 9.359 9.337 9.316 9.294 9.272 9.250 9.228 9.192 9.102 9.013 8.923 8.834 8.745 8.655 8.566 8.477 8.387 8.298 8.208 8.119 8.030 7.940 7.851 7.762 7.672 7.583 7.494 7.404 7.315 7.225 7.146 7.080 7.014 6.948 6.882 6.816 6.749 6.683 6.617 6.551 6.485 6.419 6.353 6.287 6.127 5.939 5.752 5.564 5.377 5.189 5.002 4.814 4.627 4.439
9.917 9.887 9.857 9.827 9.797 9.767 9.740 9.718 9.696 9.674 9.652 9.631 9.609 9.587 9.565 9.543 9.521 9.499 9.477 9.456 9.434 9.412 9.390 9.368 9.346 9.325 9.303 9.281 9.259 9.237 9.215 9.136 9.047 8.957 8.868 8.779 8.689 8.600 8.511 8.421 8.332 8.242 8.153 8.064 7.974 7.885 7.796 7.706 7.617 7.527 7.438 7.349 7.267 7.201 7.135 7.069 7.003 6.937 6.870 6.804 6.738 6.672 6.606 6.540 6.474 6.408 6.342 6.216 6.029 5.841 5.654 5.466 5.279 5.091 4.904 4.716 4.529
9.920 9.890 9.860 9.830 9.800 9.771 9.749 9.727 9.705 9.683 9.661 9.639 9.618 9.596 9.574 9.552 9.530 9.508 9.486 9.465 9.443 9.421 9.399 9.377 9.355 9.333 9.312 9.290 9.268 9.246 9.224 9.170 9.081 8.991 8.902 8.813 8.723 8.634 8.544 8.455 8.366 8.276 8.187 8.098 8.008 7.919 7.829 7.740 7.651 7.561 7.472 7.388 7.322 7.256 7.190 7.124 7.058 6.992 6.925 6.859 6.793 6.727 6.661 6.595 6.529 6.463 6.397 6.306 6.118 5.931 5.744 5.556 5.369 5.181 4.994 4.806 4.619
9.923 9.893 9.863 9.833 9.803 9.779 9.758 9.736 9.714 9.692 9.670 9.648 9.627 9.605 9.583 9.561 9.539 9.517 9.495 9.473 9.452 9.430 9.408 9.386 9.364 9.342 9.320 9.299 9.277 9.255 9.233 9.204 9.115 9.025 8.936 8.847 8.757 8.668 8.578 8.489 8.400 8.310 8.221 8.131 8.042 7.953 7.863 7.774 7.685 7.595 7.509 7.443 7.377 7.311 7.245 7.179 7.113 7.046 6.980 6.914 6.848 6.782 6.716 6.650 6.584 6.518 6.452 6.385 6.208 6.021 5.833 5.646 5.458 5.271 5.083 4.896 4.708
9.926 9.896 9.866 9.836 9.810 9.788 9.767 9.745 9.723 9.701 9.679 9.657 9.635 9.614 9.592 9.570 9.548 9.526 9.504 9.482 9.461 9.439 9.417 9.395 9.373 9.351 9.329 9.308 9.286 9.264 9.242 9.220 9.149 9.059 8.970 8.880 8.791 8.702 8.612 8.523 8.434 8.344 8.255 8.166 8.076 7.987 7.897 7.808 7.719 7.630 7.564 7.498 7.432 7.366 7.300 7.234 7.168 7.102 7.035 6.969 6.903 6.837 6.771 6.705 6.639 6.573 6.506 6.440 6.298 6.110 5.923 5.735 5.548 5.360 5.173 4.986 4.798
9.929 9.899 9.869 9.841 9.819 9.797 9.775 9.754 9.732 9.710 9.688 9.666 9.644 9.622 9.601 9.579 9.557 9.535 9.513 9.491 9.469 9.448 9.426 9.404 9.382 9.360 9.338 9.316 9.295 9.273 9.251 9.229 9.183 9.093 9.004 8.914 8.825 8.736 8.646 8.557 8.467 8.378 8.289 8.199 8.110 8.021 7.931 7.842 7.753 7.685 7.619 7.553 7.487 7.421 7.355 7.289 7.222 7.156 7.090 7.024 6.958 6.892 6.826 6.760 6.694 6.628 6.562 6.495 6.387 6.200 6.013 5.825 5.638 5.450 5.263 5.075 4.888
9.932 9.902 9.872 9.850 9.828 9.806 9.784 9.763 9.741 9.719 9.697 9.675 9.653 9.631 9.610 9.588 9.566 9.544 9.522 9.500 9.478 9.457 9.435 9.413 9.391 9.369 9.347 9.325 9.304 9.282 9.260 9.238 9.216 9.127 9.038 8.948 8.859 8.770 8.680 8.591 8.501 8.412 8.323 8.233 8.144 8.055 7.965 7.876 7.806 7.740 7.674 7.608 7.542 7.476 7.410 7.344 7.278 7.211 7.145 7.079 7.013 6.947 6.881 6.815 6.749 6.683 6.616 6.550 6.477 6.290 6.102 5.915 5.727 5.540 5.352 5.165 4.977
9.935 9.905 9.881 9.859 9.837 9.815 9.793 9.771 9.750 9.728 9.706 9.684 9.662 9.640 9.618 9.597 9.575 9.553 9.531 9.509 9.487 9.466 9.444 9.422 9.400 9.378 9.356 9.334 9.312 9.291 9.269 9.247 9.225 9.161 9.072 8.982 8.893 8.804 8.714 8.625 8.535 8.446 8.357 8.267 8.178 8.088 7.999 7.927 7.861 7.795 7.729 7.663 7.597 7.531 7.465 7.398 7.332 7.266 7.200 7.134 7.068 7.002 6.936 6.870 6.804 6.737 6.671 6.605 6.539 6.379 6.192 6.004 5.817 5.629 5.442 5.254 5.067
9.938 9.912 9.890 9.868 9.846 9.824 9.802 9.780 9.759 9.737 9.715 9.693 9.671 9.649 9.627 9.606 9.584 9.562 9.540 9.518 9.496 9.474 9.453 9.431 9.409 9.387 9.365 9.343 9.321 9.300 9.278 9.256 9.234 9.195 9.106 9.016 8.927 8.837 8.748 8.659 8.569 8.480 8.390 8.301 8.212 8.122 8.049 7.982 7.916 7.850 7.784 7.718 7.652 7.586 7.520 7.454 7.387 7.321 7.255 7.189 7.123 7.057 6.991 6.925 6.858 6.792 6.726 6.660 6.594 6.469 6.282 6.094 5.907 5.719 5.532 5.344 5.157
9.942 9.921 9.899 9.877 9.855 9.833 9.811 9.789 9.767 9.746 9.724 9.702 9.680 9.658 9.636 9.615 9.593 9.571 9.549 9.527 9.505 9.483 9.461 9.440 9.418 9.396 9.374 9.352 9.330 9.308 9.287 9.265 9.243 9.221 9.139 9.050 8.961 8.871 8.782 8.693 8.603 8.514 8.424 8.335 8.246 8.169 8.103 8.037 7.971 7.905 7.839 7.773 7.707 7.641 7.574 7.508 7.442 7.376 7.310 7.244 7.178 7.112 7.046 6.980 6.914 6.847 6.781 6.715 6.649 6.559 6.371 6.184 5.996 5.809 5.621 5.434 5.246
9.951 9.929 9.908 9.886 9.864 9.842 9.820 9.798 9.776 9.755 9.733 9.711 9.689 9.667 9.645 9.623 9.602 9.580 9.558 9.536 9.514 9.492 9.470 9.449 9.427 9.405 9.383 9.361 9.339 9.317 9.296 9.274 9.252 9.230 9.173 9.084 8.995 8.905 8.816 8.726 8.637 8.548 8.458 8.369 8.291 8.224 8.158 8.092 8.026 7.960 7.894 7.828 7.762 7.696 7.629 7.563 7.497 7.431 7.365 7.299 7.233 7.167 7.101 7.034 6.968 6.902 6.836 6.770 6.704 6.638 6.461 6.273 6.086 5.899 5.711 5.524 5.336
9.960 9.938 9.917 9.895 9.873 9.851 9.829 9.807 9.785 9.763 9.742 9.720 9.698 9.676 9.654 9.632 9.611 9.589 9.567 9.545 9.523 9.501 9.479 9.457 9.436 9.414 9.392 9.370 9.348 9.326 9.305 9.283 9.261 9.239 9.207 9.118 9.029 8.939 8.850 8.760 8.671 8.582 8.492 8.412 8.345 8.279 8.213 8.147 8.081 8.015 7.949 7.883 7.817 7.750 7.684 7.618 7.552 7.486 7.420 7.354 7.288 7.222 7.156 7.089 7.023 6.957 6.891 6.825 6.759 6.693 6.551 6.363 6.176 5.988 5.801 5.613 5.426
9.969 9.947 9.925 9.904 9.882 9.860 9.838 9.816 9.794 9.772 9.751 9.729 9.707 9.685 9.663 9.641 9.619 9.598 9.576 9.554 9.532 9.510 9.488 9.466 9.445 9.423 9.401 9.379 9.357 9.335 9.313 9.292 9.270 9.248 9.226 9.152 9.062 8.973 8.884 8.794 8.705 8.616 8.533 8.467 8.401 8.334 8.268 8.202 8.136 8.070 8.004 7.938 7.872 7.805 7.739 7.673 7.607 7.541 7.475 7.409 7.343 7.277 7.211 7.144 7.078 7.012 6.946 6.880 6.814 6.748 6.640 6.453 6.265 6.078 5.890 5.703 5.515
9.978 9.956 9.934 9.913 9.891 9.869 9.847 9.825 9.803 9.781 9.760 9.738 9.716 9.694 9.672 9.650 9.628 9.607 9.585 9.563 9.541 9.519 9.497 9.475 9.453 9.432 9.410 9.388 9.366 9.344 9.322 9.301 9.279 9.257 9.235 9.186 9.096 9.007 8.918 8.828 8.739 8.654 8.588 8.521 8.455 8.389 8.323 8.257 8.191 8.125 8.059 7.993 7.926 7.860 7.794 7.728 7.662 7.596 7.530 7.464 7.398 7.332 7.265 7.199 7.133 7.067 7.001 6.935 6.869 6.803 6.730 6.542 6.355 6.167 5.980 5.793 5.605
9.987 9.965 9.943 9.921 9.900 9.878 9.856 9.834 9.812 9.790 9.768 9.747 9.725 9.703 9.681 9.659 9.637 9.615 9.594 9.572 9.550 9.528 9.506 9.484 9.462 9.441 9.419 9.397 9.375 9.353 9.331 9.309 9.288 9.266 9.244 9.220 9.130 9.041 8.952 8.862 8.775 8.709 8.643 8.577 8.510 8.444 8.378 8.312 8.246 8.180 8.114 8.048 7.982 7.915 7.849 7.783 7.717 7.651 7.585 7.519 7.453 7.387 7.320 7.254 7.188 7.122 7.056 6.990 6.924 6.858 6.792 6.632 6.445 6.257 6.070 5.882 5.695
9.995 9.974 9.952 9.930 9.908 9.886 9.865 9.843 9.821 9.799 9.777 9.756 9.734 9.712 9.690 9.668 9.646 9.624 9.602 9.581 9.559 9.537 9.515 9.493 9.471 9.449 9.428 9.406 9.384 9.362 9.340 9.318 9.297 9.275 9.253 9.231 9.164 9.075 8.985 8.896 8.830 8.764 8.698 8.631 8.565 8.499 8.433 8.367 8.301 8.235 8.169 8.102 8.036 7.970 7.904 7.838 7.772 7.706 7.640 7.574 7.508 7.441 7.375 7.309 7.243 7.177 7.111 7.045 6.979 6.913 6.846 6.722 6.534 6.347 6.159 5.972 5.784
10.003 9.982 9.960 9.938 9.916 9.894 9.873 9.851 9.829 9.807 9.786 9.764 9.742 9.720 9.699 9.677 9.655 9.633 9.611 9.590 9.568 9.546 9.524 9.502 9.480 9.458 9.437 9.415 9.393 9.371 9.349 9.327 9.305 9.284 9.262 9.240 9.198 9.109 9.019 8.951 8.885 8.819 8.753 8.686 8.620 8.554 8.488 8.422 8.356 8.290 8.224 8.158 8.091 8.025 7.959 7.893 7.827 7.761 7.695 7.629 7.563 7.496 7.430 7.364 7.298 7.232 7.166 7.100 7.034 6.968 6.901 6.811 6.624 6.437 6.249 6.062 5.874
10.012 9.990 9.968 9.946 9.925 9.903 9.881 9.859 9.837 9.816 9.794 9.772 9.750 9.728 9.707 9.685 9.663 9.641 9.620 9.598 9.576 9.554 9.533 9.511 9.489 9.467 9.445 9.424 9.402 9.380 9.358 9.336 9.314 9.292 9.271 9.249 9.227 9.143 9.072 9.006 8.940 8.873 8.807 8.741 8.675 8.609 8.543 8.477 8.411 8.345 8.279 8.212 8.146 8.080 8.014 7.948 7.882 7.816 7.750 7.684 7.617 7.551 7.485 7.419 7.353 7.287 7.221 7.155 7.089 7.022 6.956 6.890 6.714 6.526 6.339 6.151 5.964
10.020 9.998 9.976 9.954 9.933 9.911 9.889 9.867 9.846 9.824 9.802 9.780 9.758 9.737 9.715 9.693 9.671 9.650 9.628 9.606 9.584 9.562 9.541 9.519 9.497 9.475 9.454 9.432 9.410 9.388 9.366 9.345 9.323 9.301 9.279 9.257 9.236 9.193 9.127 9.061 8.995 8.929 8.862 8.796 8.730 8.664 8.598 8.532 8.466 8.400 8.333 8.267 8.201 8.135 8.069 8.003 7.937 7.871 7.805 7.739 7.672 7.606 7.540 7.474 7.408 7.342 7.276 7.210 7.143 7.077 7.011 6.945 6.803 6.616 6.428 6.241 6.053
10.028 10.006 9.984 9.963 9.941 9.919 9.897 9.875 9.854 9.832 9.810 9.788 9.767 9.745 9.723 9.701 9.679 9.658 9.636 9.614 9.592 9.571 9.549 9.527 9.505 9.484 9.462 9.440 9.418 9.396 9.375 9.353 9.331 9.309 9.287 9.266 9.242 9.209 9.150 9.091 9.032 8.973 8.914 8.851 8.785 8.719 8.653 8.587 8.521 8.455 8.388 8.322 8.256 8.190 8.124 8.058 7.992 7.926 7.860 7.793 7.727 7.661 7.595 7.529 7.463 7.397 7.331 7.265 7.198 7.132 7.066 7.000 6.893 6.706 6.518 6.331 6.143
10.036 10.014 9.993 9.971 9.949 9.927 9.905 9.884 9.862 9.840 9.818 9.796 9.775 9.753 9.731 9.709 9.688 9.666 9.644 9.622 9.601 9.579 9.557 9.535 9.513 9.492 9.470 9.448 9.426 9.404 9.383 9.361 9.339 9.317 9.296 9.273 9.246 9.218 9.167 9.107 9.048 8.989 8.930 8.871 8.812 8.753 8.693 8.634 8.575 8.510 8.443 8.377 8.311 8.245 8.179 8.113 8.047 7.981 7.914 7.848 7.782 7.716 7.650 7.584 7.518 7.452 7.386 7.319 7.253 7.187 7.121 7.055 6.983 6.795 6.608 6.420 6.233
10.044 10.022 10.001 9.979 9.957 9.935 9.914 9.892 9.870 9.848 9.826 9.805 9.783 9.761 9.739 9.717 9.696 9.674 9.652 9.630 9.609 9.587 9.565 9.543 9.522 9.500 9.478 9.456 9.434 9.413 9.391 9.369 9.347 9.326 9.304 9.277 9.250 9.222 9.183 9.124 9.065 9.006 8.947 8.887 8.828 8.769 8.710 8.651 8.592 8.532 8.473 8.414 8.355 8.296 8.234 8.168 8.102 8.036 7.969 7.903 7.837 7.771 7.705 7.639 7.573 7.507 7.441 7.375 7.308 7.242 7.176 7.110 7.044 6.885 6.697 6.510 6.322
10.050 10.031 10.009 9.987 9.965 9.943 9.922 9.900 9.878 9.856 9.835 9.813 9.791 9.769 9.748 9.726 9.704 9.682 9.660 9.639 9.617 9.595 9.573 9.551 9.530 9.508 9.486 9.464 9.443 9.421 9.399 9.377 9.355 9.334 9.309 9.281 9.254 9.227 9.199 9.141 9.081 9.022 8.963 8.904 8.845 8.786 8.726 8.667 8.608 8.549 8.490 8.431 8.372 8.312 8.253 8.194 8.135 8.076 8.017 7.958 7.892 7.826 7.760 7.694 7.628 7.562 7.496 7.429 7.363 7.297 7.231 7.165 7.099 6.974 6.787 6.600 6.412
10.057 10.039 10.017 9.995 9.973 9.952 9.930 9.908 9.886 9.865 9.843 9.821 9.799 9.777 9.756 9.734 9.712 9.690 9.668 9.647 9.625 9.603 9.581 9.560 9.538 9.516 9.494 9.472 9.451 9.429 9.407 9.385 9.364 9.340 9.313 9.285 9.258 9.231 9.203 9.157 9.098 9.039 8.980 8.920 8.861 8.802 8.743 8.684 8.625 8.566 8.506 8.447 8.388 8.329 8.270 8.211 8.152 8.092 8.033 7.974 7.915 7.856 7.797 7.738 7.678 7.617 7.551 7.484 7.418 7.352 7.286 7.220 7.154 7.064 6.877 6.689 6.454
10.063 10.045 10.025 10.003 9.982 9.960 9.938 9.916 9.894 9.873 9.851 9.829 9.807 9.786 9.764 9.742 9.720 9.698 9.677 9.655 9.633 9.611 9.590 9.568 9.546 9.524 9.503 9.481 9.459 9.437 9.415 9.394 9.372 9.344 9.317 9.290 9.262 9.235 9.207 9.174 9.114 9.055 8.996 8.937 8.878 8.819 8.759 8.700 8.641 8.582 8.523 8.464 8.405 8.346 8.286 8.227 8.168 8.109 8.050 7.991 7.932 7.872 7.813 7.754 7.695 7.636 7.577 7.518 7.458 7.399 7.340 7.275 7.209 7.143 6.961 6.724 6.488
10.069 10.051 10.033 10.012 9.990 9.968 9.946 9.924 9.903 9.881 9.859 9.837 9.815 9.794 9.772 9.750 9.728 9.707 9.685 9.663 9.641 9.619 9.598 9.576 9.554 9.532 9.511 9.489 9.467 9.445 9.423 9.402 9.376 9.348 9.321 9.294 9.266 9.239 9.211 9.184 9.131 9.072 9.013 8.953 8.894 8.835 8.776 8.717 8.658 8.599 8.540 8.480 8.421 8.362 8.303 8.244 8.185 8.126 8.066 8.007 7.948 7.889 7.830 7.771 7.711 7.652 7.593 7.534 7.475 7.416 7.357 7.297 7.238 7.177 6.998 6.759 6.521
10.075 10.058 10.040 10.020 9.998 9.976 9.954 9.933 9.911 9.889 9.867 9.845 9.824 9.802 9.780 9.758 9.737 9.715 9.693 9.671 9.650 9.628 9.606 9.584 9.562 9.541 9.519 9.497 9.475 9.454 9.432 9.407 9.380 9.353 9.325 9.298 9.270 9.243 9.215 9.188 9.147 9.088 9.029 8.970 8.911 8.852 8.792 8.733 8.674 8.615 8.556 8.497 8.438 8.379 8.319 8.260 8.201 8.142 8.083 8.024 7.965 7.905 7.846 7.787 7.728 7.669 7.610 7.551 7.491 7.432 7.373 7.314 7.255 7.173 7.041 6.802 6.563
10.082 10.064 10.046 10.028 10.006 9.984 9.963 9.941 9.919 9.897 9.875 9.854 9.832 9.810 9.788 9.767 9.745 9.723 9.701 9.679 9.658 9.636 9.614 9.592 9.571 9.549 9.527 9.505 9.483 9.462 9.439 9.412 9.384 9.357 9.329 9.302 9.274 9.247 9.220 9.192 9.164 9.105 9.046 8.986 8.927 8.868 8.809 8.750 8.691 8.632 8.572 8.513 8.454 8.395 8.336 8.277 8.218 8.159 8.099 8.040 7.981 7.922 7.863 7.804 7.744 7.685 7.626 7.567 7.508 7.449 7.390 7.331 7.253 7.170 7.085 6.846 6.607
10.088 10.070 10.052 10.034 10.014 9.992 9.971 9.949 9.927 9.905 9.883 9.862 9.840 9.818 9.796 9.775 9.753 9.731 9.709 9.687 9.666 9.644 9.622 9.600 9.579 9.557 9.535 9.513 9.492 9.470 9.443 9.416 9.388 9.361 9.333 9.306 9.279 9.251 9.224 9.196 9.169 9.121 9.062 9.003 8.944 8.885 8.826 8.766 8.707 8.648 8.589 8.530 8.471 8.412 8.352 8.293 8.234 8.175 8.116 8.057 7.998 7.938 7.879 7.820 7.761 7.702 7.643 7.584 7.524 7.465 7.406 7.333 7.250 7.167 7.083 6.890 6.651
10.094 10.076 10.058 10.041 10.022 10.001 9.979 9.957 9.935 9.914 9.892 9.870 9.848 9.826 9.805 9.783 9.761 9.739 9.717 9.696 9.674 9.652 9.630 9.609 9.587 9.565 9.543 9.521 9.500 9.475 9.447 9.420 9.392 9.365 9.337 9.310 9.283 9.255 9.228 9.200 9.173 9.138 9.079 9.020 8.960 8.901 8.842 8.783 8.724 8.665 8.606 8.546 8.487 8.428 8.369 8.310 8.251 8.192 8.132 8.073 8.014 7.955 7.896 7.837 7.777 7.718 7.659 7.600 7.541 7.482 7.413 7.330 7.246 7.163 7.080 6.933 6.694
10.100 10.083 10.065 10.047 10.029 10.009 9.987 9.965 9.943 9.922 9.900 9.878 9.856 9.834 9.813 9.791 9.769 9.747 9.726 9.704 9.682 9.660 9.639 9.617 9.595 9.573 9.551 9.530 9.506 9.479 9.451 9.424 9.396 9.369 9.341 9.314 9.287 9.259 9.232 9.204 9.177 9.150 9.095 9.036 8.977 8.918 8.859 8.799 8.740 8.681 8.622 8.563 8.504 8.445 8.385 8.326 8.267 8.208 8.149 8.090 8.031 7.972 7.912 7.853 7.794 7.735 7.676 7.617 7.558 7.493 7.410 7.326 7.243 7.160 7.076 6.977 6.738
10.107 10.089 10.071 10.053 10.035 10.017 9.995 9.973 9.952 9.930 9.908 9.886 9.864 9.843 9.821 9.799 9.777 9.756 9.734 9.712 9.690 9.668 9.647 9.625 9.603 9.581 9.560 9.538 9.510 9.483 9.455 9.428 9.400 9.373 9.346 9.318 9.291 9.263 9.236 9.208 9.181 9.154 9.112 9.052 8.993 8.934 8.875 8.816 8.757 8.698 8.638 8.579 8.520 8.461 8.402 8.343 8.284 8.224 8.165 8.106 8.047 7.988 7.929 7.870 7.811 7.751 7.692 7.633 7.573 7.489 7.406 7.323 7.239 7.156 7.073 6.989 6.782
10.113 10.095 10.077 10.059 10.042 10.024 10.003 9.981 9.960 9.938 9.916 9.894 9.873 9.851 9.829 9.807 9.785 9.764 9.742 9.720 9.698 9.677 9.655 9.633 9.611 9.589 9.568 9.542 9.514 9.487 9.460 9.432 9.405 9.377 9.350 9.322 9.295 9.267 9.240 9.212 9.185 9.158 9.128 9.069 9.010 8.951 8.892 8.833 8.773 8.714 8.655 8.596 8.537 8.478 8.419 8.359 8.300 8.241 8.182 8.123 8.064 8.005 7.945 7.886 7.827 7.768 7.709 7.650 7.569 7.486 7.403 7.319 7.236 7.153 7.069 6.986 6.825
