includes/lisflood/results/res-0011.wd
ncols         631
nrows         906
xllcorner     364927.146600
yllcorner     6531972.565600
cellsize      20.000000
NODATA_value  -9999.000000
[rows 102 to 135 of 906, columns 385 to 461 of 631]
0.003 0.003 0.003 0.003 0.003 0.003 0.004 0.040 0.132 0.203 0.268 0.329 0.388 0.447 0.505 0.563 0.621 0.659 0.695 0.732 0.768 0.805 0.841 0.878 0.914 0.951 0.987 1.038 1.089 1.140 1.191 1.243 1.294 1.345 1.396 1.444 1.491 1.539 1.586 1.634 1.681 1.733 1.793 1.852 1.911 1.970 2.030 2.089 2.148 2.207 2.267 2.326 2.379 2.429 2.479 2.530 2.587 2.690 2.793 2.896 2.999 3.102 3.205 3.308 3.411 3.514 3.617 3.721 3.824 3.927 4.032 4.137 4.401 4.684 4.966 5.248 5.530
0.003 0.003 0.003 0.003 0.003 0.004 0.004 0.022 0.116 0.187 0.253 0.318 0.377 0.436 0.494 0.552 0.593 0.629 0.665 0.702 0.738 0.775 0.811 0.848 0.884 0.920 0.957 1.002 1.053 1.104 1.156 1.207 1.258 1.309 1.358 1.405 1.452 1.499 1.547 1.594 1.641 1.689 1.747 1.807 1.866 1.925 1.984 2.044 2.103 2.162 2.221 2.276 2.327 2.377 2.427 2.478 2.528 2.614 2.717 2.820 2.922 3.025 3.128 3.231 3.334 3.438 3.541 3.644 3.747 3.852 3.957 4.062 4.255 4.537 4.819 5.101 5.384
0.003 0.003 0.003 0.003 0.004 0.004 0.004 0.010 0.107 0.175 0.241 0.305 0.366 0.424 0.483 0.527 0.564 0.600 0.636 0.672 0.708 0.745 0.781 0.817 0.854 0.890 0.926 0.966 1.017 1.068 1.120 1.171 1.222 1.272 1.318 1.365 1.413 1.460 1.507 1.554 1.602 1.649 1.702 1.761 1.821 1.880 1.939 1.998 2.058 2.117 2.174 2.225 2.275 2.325 2.375 2.426 2.476 2.537 2.640 2.743 2.846 2.949 3.052 3.155 3.258 3.361 3.464 3.567 3.671 3.776 3.881 3.986 4.108 4.390 4.672 4.955 5.237
0.003 0.003 0.003 0.004 0.004 0.004 0.004 0.005 0.091 0.161 0.227 0.292 0.355 0.413 0.461 0.497 0.534 0.570 0.607 0.643 0.679 0.715 0.751 0.787 0.824 0.860 0.896 0.933 0.981 1.032 1.084 1.135 1.185 1.232 1.279 1.326 1.373 1.420 1.467 1.515 1.562 1.610 1.657 1.716 1.775 1.835 1.894 1.953 2.012 2.072 2.123 2.173 2.223 2.273 2.323 2.374 2.424 2.474 2.563 2.666 2.769 2.872 2.975 3.078 3.181 3.284 3.387 3.491 3.596 3.701 3.806 3.911 4.015 4.244 4.526 4.808 5.090
0.003 0.003 0.003 0.003 0.004 0.004 0.004 0.004 0.055 0.145 0.214 0.279 0.343 0.393 0.430 0.467 0.504 0.541 0.577 0.613 0.650 0.686 0.722 0.758 0.794 0.830 0.866 0.903 0.945 0.996 1.047 1.099 1.146 1.193 1.240 1.287 1.334 1.381 1.428 1.475 1.523 1.570 1.617 1.670 1.730 1.789 1.849 1.908 1.967 2.021 2.071 2.121 2.171 2.221 2.271 2.322 2.372 2.422 2.487 2.590 2.693 2.795 2.898 3.001 3.104 3.208 3.311 3.416 3.520 3.625 3.730 3.835 3.940 4.097 4.379 4.661 4.944
0.003 0.003 0.003 0.003 0.004 0.004 0.004 0.004 0.019 0.115 0.187 0.255 0.317 0.359 0.397 0.435 0.473 0.510 0.547 0.584 0.620 0.656 0.692 0.728 0.764 0.800 0.837 0.873 0.909 0.960 1.011 1.060 1.107 1.154 1.201 1.248 1.295 1.342 1.389 1.436 1.483 1.530 1.578 1.625 1.684 1.744 1.803 1.862 1.919 1.969 2.019 2.069 2.119 2.169 2.219 2.270 2.320 2.370 2.421 2.513 2.616 2.719 2.822 2.925 3.028 3.131 3.235 3.340 3.445 3.550 3.655 3.759 3.864 3.969 4.233 4.515 4.797
0.003 0.003 0.003 0.004 0.004 0.004 0.004 0.004 0.006 0.094 0.164 0.231 0.276 0.321 0.359 0.397 0.435 0.473 0.511 0.549 0.587 0.624 0.661 0.699 0.735 0.771 0.807 0.843 0.879 0.923 0.973 1.020 1.067 1.114 1.161 1.208 1.256 1.303 1.350 1.397 1.444 1.491 1.538 1.586 1.639 1.698 1.758 1.817 1.867 1.917 1.967 2.017 2.067 2.117 2.167 2.218 2.268 2.318 2.368 2.436 2.539 2.642 2.745 2.848 2.951 3.055 3.160 3.265 3.369 3.474 3.579 3.684 3.789 3.894 4.086 4.368 4.650
0.003 0.003 0.004 0.004 0.004 0.004 0.004 0.004 0.005 0.051 0.138 0.191 0.237 0.281 0.322 0.360 0.397 0.435 0.473 0.511 0.549 0.586 0.624 0.662 0.699 0.736 0.773 0.810 0.847 0.885 0.933 0.980 1.027 1.075 1.122 1.169 1.216 1.264 1.311 1.358 1.405 1.452 1.499 1.546 1.594 1.653 1.712 1.765 1.815 1.865 1.915 1.965 2.015 2.065 2.115 2.166 2.216 2.266 2.316 2.367 2.463 2.566 2.668 2.771 2.875 2.980 3.084 3.189 3.294 3.399 3.503 3.608 3.713 3.818 3.940 4.222 4.504
0.003 0.004 0.004 0.004 0.004 0.004 0.004 0.004 0.005 0.013 0.097 0.148 0.196 0.241 0.285 0.323 0.360 0.398 0.435 0.473 0.511 0.549 0.586 0.624 0.662 0.699 0.736 0.773 0.810 0.845 0.888 0.936 0.984 1.032 1.080 1.128 1.176 1.224 1.271 1.318 1.365 1.412 1.459 1.507 1.554 1.608 1.663 1.713 1.763 1.813 1.863 1.913 1.963 2.013 2.063 2.114 2.164 2.214 2.264 2.315 2.386 2.489 2.592 2.695 2.800 2.904 3.009 3.114 3.218 3.323 3.428 3.533 3.638 3.742 3.847 4.075 4.357
0.004 0.004 0.004 0.004 0.004 0.004 0.004 0.005 0.005 0.006 0.032 0.101 0.152 0.199 0.245 0.286 0.323 0.361 0.398 0.436 0.473 0.511 0.549 0.586 0.624 0.661 0.699 0.736 0.771 0.806 0.844 0.891 0.939 0.987 1.035 1.083 1.131 1.179 1.227 1.275 1.323 1.370 1.418 1.465 1.513 1.561 1.611 1.661 1.711 1.762 1.812 1.862 1.912 1.962 2.012 2.062 2.112 2.162 2.212 2.263 2.313 2.412 2.515 2.620 2.724 2.829 2.933 3.038 3.143 3.248 3.352 3.457 3.562 3.667 3.771 3.928 4.210
0.004 0.004 0.004 0.004 0.004 0.004 0.004 0.005 0.005 0.005 0.005 0.039 0.105 0.155 0.203 0.248 0.286 0.324 0.361 0.398 0.436 0.473 0.511 0.549 0.586 0.624 0.661 0.697 0.733 0.768 0.803 0.847 0.894 0.942 0.990 1.038 1.087 1.135 1.183 1.230 1.278 1.326 1.373 1.421 1.469 1.513 1.560 1.610 1.660 1.710 1.760 1.810 1.860 1.910 1.960 2.010 2.060 2.110 2.160 2.211 2.261 2.336 2.440 2.544 2.649 2.753 2.858 2.963 3.067 3.172 3.277 3.382 3.486 3.591 3.696 3.801 4.064
0.004 0.004 0.004 0.004 0.004 0.004 0.004 0.005 0.005 0.004 0.004 0.004 0.047 0.109 0.159 0.206 0.247 0.286 0.324 0.362 0.399 0.436 0.473 0.511 0.548 0.586 0.623 0.659 0.694 0.729 0.765 0.803 0.850 0.898 0.945 0.993 1.042 1.090 1.138 1.186 1.233 1.281 1.329 1.376 1.421 1.465 1.509 1.560 1.610 1.660 1.710 1.759 1.809 1.859 1.909 1.959 2.009 2.059 2.109 2.159 2.209 2.256 2.362 2.468 2.573 2.678 2.783 2.887 2.992 3.096 3.201 3.306 3.411 3.515 3.620 3.725 3.917
0.004 0.004 0.004 0.004 0.004 0.004 0.005 0.004 0.004 0.004 0.004 0.004 0.004 0.054 0.113 0.162 0.208 0.247 0.286 0.324 0.361 0.399 0.436 0.473 0.511 0.548 0.584 0.620 0.655 0.691 0.726 0.761 0.806 0.853 0.901 0.948 0.997 1.045 1.093 1.141 1.189 1.236 1.284 1.330 1.374 1.417 1.461 1.509 1.559 1.609 1.659 1.709 1.758 1.808 1.858 1.908 1.958 2.008 2.058 2.108 2.157 2.200 2.275 2.381 2.487 2.593 2.699 2.805 2.912 3.018 3.124 3.230 3.335 3.440 3.545 3.650 3.771
0.004 0.004 0.004 0.004 0.004 0.004 0.004 0.004 0.004 0.003 0.003 0.003 0.003 0.004 0.062 0.117 0.166 0.207 0.247 0.286 0.324 0.362 0.399 0.436 0.473 0.509 0.545 0.581 0.616 0.652 0.688 0.723 0.762 0.809 0.856 0.904 0.952 1.000 1.048 1.096 1.144 1.192 1.239 1.282 1.326 1.370 1.414 1.458 1.508 1.558 1.608 1.658 1.708 1.758 1.807 1.857 1.907 1.957 2.007 2.058 2.101 2.144 2.188 2.294 2.400 2.506 2.612 2.719 2.825 2.931 3.037 3.143 3.250 3.356 3.462 3.569 3.675
0.004 0.004 0.004 0.004 0.004 0.004 0.004 0.003 0.003 0.003 0.003 0.003 0.003 0.003 0.004 0.069 0.121 0.167 0.207 0.247 0.285 0.324 0.362 0.399 0.435 0.470 0.506 0.541 0.577 0.613 0.649 0.684 0.719 0.765 0.812 0.859 0.907 0.955 1.003 1.051 1.099 1.147 1.191 1.235 1.278 1.322 1.366 1.410 1.457 1.507 1.557 1.607 1.657 1.707 1.757 1.807 1.857 1.907 1.957 2.003 2.045 2.087 2.130 2.208 2.313 2.420 2.526 2.632 2.738 2.844 2.950 3.056 3.163 3.269 3.375 3.482 3.578
0.005 0.003 0.003 0.003 0.004 0.003 0.003 0.003 0.003 0.003 0.003 0.003 0.003 0.003 0.003 0.005 0.074 0.125 0.167 0.207 0.246 0.285 0.324 0.361 0.396 0.431 0.467 0.502 0.538 0.573 0.609 0.645 0.681 0.720 0.768 0.815 0.863 0.910 0.958 1.006 1.054 1.100 1.143 1.187 1.231 1.274 1.318 1.362 1.407 1.456 1.506 1.556 1.606 1.656 1.706 1.756 1.806 1.856 1.904 1.947 1.989 2.031 2.073 2.121 2.227 2.333 2.439 2.545 2.651 2.757 2.863 2.970 3.076 3.182 3.288 3.388 3.482
0.004 0.004 0.003 0.003 0.003 0.003 0.003 0.003 0.003 0.003 0.003 0.003 0.003 0.003 0.003 0.003 0.006 0.079 0.127 0.167 0.207 0.246 0.285 0.321 0.357 0.393 0.428 0.463 0.498 0.534 0.570 0.606 0.642 0.677 0.723 0.771 0.818 0.866 0.914 0.962 1.008 1.052 1.096 1.139 1.183 1.227 1.270 1.314 1.358 1.406 1.455 1.505 1.555 1.605 1.655 1.705 1.755 1.805 1.848 1.890 1.933 1.975 2.017 2.059 2.140 2.246 2.352 2.458 2.564 2.670 2.776 2.883 2.989 3.095 3.198 3.292 3.386
0.004 0.004 0.003 0.003 0.002 0.002 0.002 0.002 0.003 0.003 0.003 0.003 0.003 0.003 0.003 0.003 0.003 0.008 0.083 0.127 0.167 0.206 0.244 0.281 0.317 0.354 0.389 0.424 0.459 0.495 0.531 0.567 0.603 0.638 0.679 0.726 0.774 0.822 0.869 0.917 0.961 1.004 1.048 1.091 1.135 1.179 1.222 1.266 1.310 1.355 1.405 1.454 1.504 1.554 1.604 1.654 1.704 1.750 1.792 1.834 1.876 1.919 1.961 2.003 2.053 2.159 2.265 2.371 2.477 2.583 2.689 2.796 2.902 3.008 3.102 3.196 3.290
0.002 0.002 0.002 0.002 0.002 0.002 0.002 0.002 0.003 0.003 0.003 0.003 0.003 0.003 0.003 0.003 0.003 0.003 0.010 0.083 0.127 0.165 0.203 0.240 0.277 0.314 0.350 0.385 0.420 0.456 0.492 0.528 0.563 0.599 0.635 0.682 0.730 0.777 0.825 0.869 0.913 0.956 1.000 1.044 1.087 1.131 1.175 1.218 1.262 1.306 1.354 1.404 1.454 1.503 1.553 1.603 1.651 1.694 1.736 1.778 1.820 1.862 1.905 1.947 1.989 2.072 2.178 2.284 2.390 2.496 2.603 2.709 2.815 2.912 3.006 3.100 3.194
0.002 0.002 0.002 0.002 0.002 0.002 0.003 0.003 0.003 0.003 0.003 0.003 0.003 0.003 0.003 0.003 0.003 0.003 0.004 0.012 0.080 0.123 0.161 0.199 0.236 0.274 0.311 0.346 0.381 0.417 0.453 0.488 0.524 0.560 0.596 0.637 0.685 0.733 0.778 0.821 0.865 0.909 0.952 0.996 1.040 1.083 1.127 1.171 1.214 1.258 1.303 1.353 1.403 1.453 1.503 1.553 1.595 1.637 1.680 1.722 1.764 1.806 1.848 1.891 1.933 1.985 2.091 2.197 2.303 2.409 2.516 2.622 2.722 2.816 2.910 3.004 3.097
0.002 0.002 0.002 0.002 0.002 0.003 0.003 0.003 0.003 0.003 0.003 0.003 0.003 0.003 0.004 0.004 0.004 0.004 0.004 0.005 0.011 0.077 0.119 0.158 0.196 0.233 0.271 0.306 0.343 0.379 0.414 0.449 0.484 0.520 0.556 0.593 0.640 0.687 0.730 0.774 0.817 0.861 0.905 0.948 0.992 1.036 1.079 1.123 1.167 1.210 1.254 1.302 1.352 1.402 1.452 1.497 1.539 1.581 1.623 1.666 1.708 1.750 1.792 1.834 1.877 1.919 2.004 2.110 2.216 2.323 2.429 2.533 2.626 2.720 2.814 2.908 3.001
0.002 0.002 0.002 0.002 0.002 0.003 0.003 0.003 0.003 0.003 0.003 0.003 0.003 0.003 0.004 0.004 0.004 0.004 0.005 0.004 0.004 0.010 0.075 0.118 0.157 0.195 0.233 0.269 0.305 0.341 0.375 0.410 0.445 0.481 0.517 0.553 0.595 0.639 0.682 0.726 0.770 0.813 0.857 0.901 0.944 0.988 1.032 1.075 1.119 1.163 1.206 1.251 1.301 1.351 1.398 1.441 1.483 1.525 1.567 1.609 1.651 1.694 1.736 1.778 1.820 1.863 1.918 2.024 2.129 2.236 2.342 2.436 2.530 2.624 2.718 2.811 2.905
0.002 0.002 0.002 0.002 0.003 0.003 0.003 0.003 0.003 0.003 0.003 0.003 0.003 0.003 0.003 0.004 0.004 0.004 0.004 0.004 0.004 0.004 0.009 0.074 0.117 0.156 0.194 0.231 0.269 0.304 0.339 0.374 0.410 0.445 0.480 0.516 0.557 0.599 0.640 0.681 0.722 0.766 0.809 0.853 0.897 0.940 0.984 1.028 1.071 1.115 1.159 1.202 1.251 1.300 1.342 1.385 1.427 1.469 1.511 1.553 1.595 1.637 1.680 1.722 1.764 1.806 1.848 1.937 2.043 2.149 2.247 2.340 2.434 2.528 2.621 2.715 2.809
0.002 0.002 0.002 0.003 0.003 0.003 0.003 0.003 0.003 0.003 0.003 0.003 0.003 0.003 0.003 0.004 0.004 0.004 0.004 0.004 0.004 0.004 0.004 0.008 0.072 0.115 0.155 0.193 0.231 0.267 0.302 0.338 0.374 0.409 0.444 0.484 0.528 0.570 0.611 0.653 0.694 0.735 0.776 0.818 0.859 0.900 0.942 0.983 1.024 1.067 1.111 1.155 1.200 1.244 1.286 1.328 1.371 1.413 1.455 1.497 1.539 1.581 1.623 1.665 1.708 1.750 1.792 1.850 1.956 2.057 2.151 2.244 2.338 2.431 2.525 2.619 2.713
0.002 0.002 0.002 0.003 0.003 0.003 0.003 0.003 0.003 0.003 0.003 0.003 0.003 0.003 0.003 0.004 0.004 0.004 0.004 0.004 0.003 0.003 0.003 0.003 0.007 0.071 0.114 0.154 0.192 0.229 0.266 0.303 0.338 0.373 0.410 0.454 0.498 0.541 0.583 0.624 0.665 0.706 0.748 0.789 0.830 0.872 0.913 0.954 0.995 1.036 1.078 1.119 1.149 1.186 1.228 1.271 1.313 1.355 1.398 1.440 1.483 1.525 1.567 1.609 1.651 1.694 1.736 1.778 1.867 1.961 2.054 2.148 2.242 2.335 2.429 2.523 2.616
0.002 0.002 0.002 0.003 0.003 0.003 0.003 0.003 0.003 0.003 0.003 0.003 0.003 0.003 0.003 0.004 0.004 0.003 0.003 0.003 0.003 0.003 0.003 0.003 0.003 0.007 0.070 0.113 0.153 0.191 0.229 0.266 0.301 0.337 0.380 0.424 0.468 0.512 0.554 0.595 0.636 0.678 0.719 0.760 0.801 0.843 0.884 0.925 0.966 1.008 1.049 1.086 1.102 1.124 1.166 1.209 1.251 1.294 1.336 1.379 1.421 1.464 1.506 1.549 1.591 1.634 1.676 1.719 1.780 1.871 1.962 2.054 2.146 2.239 2.333 2.426 2.520
0.002 0.002 0.003 0.003 0.003 0.003 0.003 0.003 0.003 0.003 0.003 0.003 0.003 0.003 0.003 0.003 0.003 0.003 0.003 0.003 0.003 0.003 0.003 0.003 0.003 0.003 0.006 0.069 0.112 0.152 0.191 0.228 0.263 0.306 0.350 0.394 0.438 0.482 0.525 0.566 0.607 0.649 0.690 0.731 0.773 0.814 0.855 0.896 0.938 0.979 1.020 1.038 1.054 1.070 1.105 1.147 1.189 1.232 1.274 1.317 1.359 1.402 1.444 1.487 1.529 1.572 1.614 1.660 1.717 1.795 1.886 1.978 2.069 2.161 2.252 2.343 2.435
0.002 0.002 0.003 0.003 0.003 0.003 0.003 0.003 0.003 0.003 0.003 0.003 0.003 0.003 0.003 0.003 0.003 0.003 0.003 0.003 0.003 0.003 0.003 0.003 0.003 0.003 0.003 0.006 0.068 0.112 0.151 0.189 0.230 0.275 0.320 0.364 0.408 0.451 0.495 0.537 0.578 0.620 0.661 0.702 0.744 0.785 0.826 0.867 0.909 0.950 0.975 0.991 1.007 1.023 1.043 1.085 1.128 1.170 1.212 1.255 1.297 1.340 1.382 1.425 1.467 1.510 1.552 1.605 1.662 1.719 1.810 1.901 1.993 2.084 2.176 2.267 2.359
0.002 0.003 0.003 0.003 0.003 0.003 0.003 0.003 0.003 0.003 0.003 0.003 0.003 0.003 0.003 0.003 0.003 0.003 0.003 0.003 0.003 0.003 0.003 0.003 0.003 0.003 0.003 0.003 0.006 0.067 0.111 0.154 0.200 0.246 0.290 0.334 0.377 0.421 0.465 0.508 0.549 0.591 0.632 0.674 0.715 0.756 0.797 0.839 0.880 0.911 0.927 0.943 0.959 0.975 0.991 1.024 1.066 1.108 1.151 1.193 1.236 1.278 1.321 1.363 1.405 1.448 1.493 1.550 1.607 1.664 1.734 1.825 1.917 2.008 2.100 2.191 2.283
0.002 0.003 0.003 0.003 0.003 0.003 0.003 0.003 0.003 0.002 0.002 0.002 0.003 0.003 0.003 0.003 0.003 0.003 0.003 0.003 0.003 0.003 0.003 0.003 0.003 0.003 0.003 0.003 0.003 0.006 0.068 0.122 0.170 0.215 0.260 0.303 0.347 0.390 0.434 0.478 0.520 0.562 0.603 0.645 0.686 0.727 0.769 0.810 0.848 0.864 0.880 0.896 0.912 0.928 0.944 0.962 1.004 1.046 1.089 1.131 1.174 1.216 1.259 1.301 1.343 1.386 1.438 1.495 1.552 1.609 1.666 1.749 1.841 1.932 2.023 2.115 2.206
0.002 0.002 0.003 0.003 0.003 0.002 0.002 0.002 0.002 0.002 0.002 0.002 0.002 0.002 0.002 0.002 0.002 0.003 0.003 0.003 0.003 0.003 0.003 0.003 0.003 0.003 0.003 0.003 0.003 0.003 0.011 0.086 0.136 0.183 0.228 0.272 0.316 0.361 0.405 0.449 0.491 0.533 0.574 0.616 0.657 0.699 0.740 0.781 0.801 0.817 0.833 0.848 0.864 0.880 0.896 0.912 0.943 0.985 1.027 1.069 1.112 1.154 1.197 1.239 1.282 1.326 1.383 1.440 1.497 1.554 1.611 1.673 1.765 1.856 1.947 2.039 2.130
0.002 0.002 0.002 0.002 0.002 0.002 0.002 0.002 0.002 0.002 0.002 0.002 0.002 0.002 0.002 0.002 0.002 0.003 0.003 0.003 0.003 0.003 0.003 0.003 0.003 0.003 0.003 0.003 0.003 0.003 0.003 0.032 0.099 0.149 0.196 0.242 0.287 0.331 0.375 0.419 0.462 0.504 0.545 0.587 0.628 0.670 0.711 0.737 0.753 0.769 0.785 0.801 0.817 0.833 0.849 0.864 0.881 0.923 0.965 1.008 1.050 1.093 1.135 1.177 1.220 1.271 1.328 1.385 1.442 1.499 1.555 1.613 1.689 1.780 1.871 1.963 2.054
0.002 0.002 0.002 0.002 0.002 0.002 0.002 0.002 0.002 0.002 0.002 0.002 0.002 0.002 0.002 0.002 0.002 0.002 0.003 0.003 0.003 0.003 0.003 0.003 0.003 0.003 0.003 0.003 0.003 0.003 0.003 0.004 0.060 0.117 0.165 0.212 0.257 0.301 0.345 0.388 0.432 0.475 0.516 0.558 0.599 0.641 0.674 0.690 0.706 0.722 0.738 0.753 0.769 0.785 0.801 0.817 0.833 0.861 0.904 0.946 0.988 1.031 1.073 1.115 1.160 1.216 1.273 1.330 1.387 1.443 1.500 1.557 1.614 1.704 1.795 1.886 1.978
0.002 0.002 0.002 0.002 0.002 0.002 0.002 0.002 0.002 0.002 0.002 0.002 0.002 0.002 0.002 0.002 0.002 0.003 0.003 0.003 0.003 0.003 0.003 0.003 0.003 0.003 0.003 0.003 0.003 0.003 0.003 0.003 0.007 0.082 0.133 0.180 0.225 0.269 0.314 0.358 0.402 0.446 0.487 0.529 0.570 0.610 0.626 0.642 0.658 0.674 0.690 0.706 0.722 0.738 0.754 0.769 0.785 0.801 0.842 0.884 0.926 0.969 1.011 1.053 1.105 1.161 1.218 1.275 1.332 1.388 1.445 1.502 1.559 1.628 1.719 1.810 1.897
