includes/lisflood/results/res-0007.wd
ncols         631
nrows         906
xllcorner     364927.146600
yllcorner     6531972.565600
cellsize      20.000000
NODATA_value  -9999.000000
[rows 544 to 577 of 906, columns 539 to 615 of 631]
3.567 3.624 3.681 3.738 3.795 3.852 3.906 3.955 4.004 4.053 4.102 4.151 4.198 4.245 4.291 4.338 4.384 4.431 4.477 4.524 4.570 4.617 4.663 4.679 4.650 4.623 4.595 4.568 4.540 4.513 4.485 4.458 4.430 4.403 4.375 4.348 4.511 4.761 5.010 5.205 5.181 5.157 5.133 5.109 5.085 5.061 5.037 5.013 4.989 4.965 4.941 4.957 5.016 5.075 5.134 5.193 5.368 5.555 5.620 5.683 5.746 5.809 5.873 5.936 5.999 6.063 6.126 6.189 6.253 6.316 6.476 6.672 6.868 7.065 7.261 7.457 7.654
3.579 3.636 3.693 3.750 3.807 3.864 3.921 3.976 4.025 4.074 4.123 4.172 4.219 4.265 4.312 4.358 4.404 4.451 4.497 4.544 4.619 4.711 4.803 4.820 4.771 4.722 4.673 4.624 4.596 4.569 4.541 4.514 4.486 4.459 4.432 4.404 4.418 4.668 4.917 4.995 4.971 4.947 4.923 4.899 4.875 4.851 4.827 4.816 4.875 4.934 4.993 5.052 5.111 5.170 5.229 5.295 5.482 5.670 5.857 5.961 6.025 6.088 6.151 6.214 6.278 6.341 6.404 6.468 6.531 6.594 6.774 6.970 7.166 7.363 7.559 7.755 7.952
3.591 3.648 3.706 3.763 3.820 3.877 3.934 3.991 4.046 4.095 4.144 4.193 4.239 4.285 4.332 4.378 4.425 4.487 4.579 4.671 4.763 4.855 4.947 4.960 4.911 4.862 4.813 4.764 4.715 4.666 4.617 4.570 4.542 4.515 4.488 4.460 4.433 4.575 4.809 4.785 4.761 4.737 4.713 4.689 4.734 4.793 4.852 4.911 4.970 5.029 5.088 5.147 5.206 5.266 5.325 5.410 5.597 5.784 5.972 6.159 6.303 6.366 6.430 6.493 6.556 6.620 6.683 6.746 6.810 6.875 7.072 7.268 7.464 7.661 7.857 8.053 8.250
3.604 3.661 3.718 3.775 3.832 3.889 3.946 4.003 4.060 4.116 4.165 4.213 4.259 4.306 4.356 4.448 4.540 4.632 4.724 4.815 4.907 4.999 5.091 5.100 5.051 5.002 4.953 4.904 4.855 4.806 4.757 4.709 4.660 4.611 4.562 4.516 4.489 4.481 4.599 4.575 4.592 4.651 4.711 4.770 4.829 4.888 4.947 5.006 5.065 5.124 5.183 5.243 5.302 5.361 5.420 5.524 5.712 5.899 6.086 6.273 6.461 6.645 6.708 6.771 6.835 6.898 6.961 7.025 7.088 7.173 7.370 7.566 7.762 7.959 8.155 8.351 8.548
3.616 3.673 3.730 3.787 3.844 3.901 3.958 4.015 4.072 4.129 4.186 4.233 4.316 4.408 4.500 4.592 4.684 4.776 4.868 4.960 5.052 5.144 5.236 5.241 5.192 5.143 5.094 5.045 4.996 4.947 4.898 4.849 4.800 4.751 4.702 4.653 4.604 4.559 4.569 4.628 4.688 4.747 4.806 4.865 4.924 4.983 5.042 5.101 5.160 5.219 5.279 5.338 5.397 5.456 5.515 5.639 5.826 6.013 6.201 6.388 6.575 6.762 6.949 7.050 7.113 7.176 7.240 7.303 7.366 7.471 7.668 7.864 8.060 8.257 8.453 8.649 8.846
3.628 3.685 3.742 3.799 3.856 3.913 3.970 4.027 4.084 4.192 4.327 4.380 4.461 4.552 4.644 4.736 4.828 4.920 5.012 5.104 5.196 5.288 5.380 5.381 5.332 5.283 5.234 5.185 5.136 5.087 5.038 4.989 4.940 4.891 4.842 4.793 4.753 4.713 4.712 4.724 4.783 4.842 4.901 4.960 5.019 5.078 5.137 5.196 5.256 5.315 5.374 5.433 5.492 5.551 5.610 5.754 5.941 6.128 6.315 6.502 6.690 6.877 7.064 7.251 7.392 7.455 7.518 7.581 7.645 7.769 7.966 8.162 8.358 8.555 8.751 8.947 9.045
3.640 3.697 3.755 3.812 3.868 3.925 4.024 4.159 4.293 4.429 4.563 4.599 4.636 4.697 4.789 4.881 4.972 5.064 5.156 5.248 5.340 5.432 5.524 5.521 5.472 5.423 5.374 5.325 5.276 5.227 5.178 5.129 5.080 5.031 4.988 4.948 4.908 4.869 4.872 4.874 4.878 4.937 4.996 5.055 5.114 5.173 5.233 5.292 5.351 5.410 5.469 5.528 5.587 5.647 5.706 5.868 6.055 6.242 6.430 6.617 6.804 6.991 7.179 7.366 7.553 7.733 7.797 7.860 7.923 8.067 8.264 8.460 8.656 8.853 8.888 8.839 8.791
3.653 3.710 3.767 3.856 3.991 4.126 4.261 4.396 4.531 4.666 4.782 4.819 4.856 4.893 4.933 5.025 5.117 5.209 5.301 5.392 5.484 5.576 5.668 5.662 5.613 5.564 5.515 5.466 5.417 5.368 5.319 5.270 5.223 5.183 5.143 5.102 5.063 5.029 5.031 5.034 5.036 5.039 5.091 5.150 5.209 5.269 5.328 5.387 5.446 5.505 5.564 5.623 5.683 5.742 5.801 5.983 6.170 6.357 6.544 6.731 6.919 7.106 7.293 7.480 7.668 7.855 8.042 8.138 8.201 8.365 8.562 8.758 8.730 8.681 8.633 8.585 8.537
3.688 3.823 3.958 4.093 4.228 4.363 4.498 4.633 4.768 4.903 5.002 5.039 5.076 5.113 5.150 5.187 5.261 5.353 5.445 5.537 5.629 5.721 5.813 5.802 5.753 5.704 5.655 5.606 5.557 5.508 5.459 5.417 5.377 5.337 5.297 5.257 5.217 5.189 5.191 5.194 5.196 5.198 5.201 5.246 5.305 5.364 5.423 5.482 5.541 5.600 5.660 5.719 5.778 5.837 5.910 6.097 6.284 6.472 6.659 6.846 7.033 7.220 7.408 7.595 7.782 7.969 8.156 8.344 8.480 8.620 8.572 8.524 8.475 8.427 8.379 8.331 8.282
3.925 4.060 4.195 4.330 4.465 4.600 4.735 4.870 5.005 5.140 5.222 5.259 5.296 5.333 5.369 5.406 5.443 5.497 5.589 5.681 5.773 5.865 5.957 5.942 5.893 5.844 5.795 5.746 5.697 5.652 5.612 5.572 5.532 5.492 5.452 5.412 5.372 5.349 5.351 5.353 5.356 5.358 5.361 5.363 5.400 5.459 5.518 5.577 5.636 5.696 5.755 5.814 5.873 5.932 6.024 6.211 6.399 6.586 6.773 6.961 7.148 7.335 7.522 7.709 7.897 8.084 8.271 8.437 8.454 8.367 8.317 8.269 8.221 8.173 8.125 8.076 8.028
4.162 4.297 4.432 4.567 4.702 4.837 4.972 5.107 5.242 5.377 5.442 5.479 5.515 5.552 5.589 5.626 5.663 5.700 5.737 5.825 5.917 6.009 6.101 6.083 6.034 5.985 5.936 5.887 5.847 5.807 5.767 5.727 5.687 5.647 5.606 5.566 5.526 5.508 5.511 5.513 5.515 5.518 5.520 5.523 5.525 5.554 5.613 5.672 5.731 5.791 5.850 5.909 5.968 6.027 6.139 6.326 6.513 6.700 6.888 7.075 7.262 7.449 7.637 7.824 8.011 8.198 8.230 8.248 8.265 8.176 8.085 8.015 7.967 7.918 7.870 7.822 7.774
4.399 4.534 4.669 4.804 4.939 5.074 5.209 5.344 5.479 5.614 5.661 5.698 5.735 5.772 5.809 5.846 5.883 5.920 5.957 5.994 6.061 6.153 6.245 6.223 6.174 6.125 6.082 6.042 6.002 5.962 5.921 5.881 5.841 5.801 5.761 5.721 5.681 5.668 5.670 5.673 5.675 5.678 5.680 5.683 5.685 5.687 5.708 5.768 5.827 5.886 5.945 6.004 6.063 6.122 6.253 6.440 6.628 6.815 7.002 7.189 7.377 7.564 7.751 7.938 8.006 8.024 8.041 8.059 8.075 7.985 7.894 7.803 7.712 7.664 7.616 7.568 7.519
4.636 4.771 4.906 5.041 5.176 5.311 5.446 5.581 5.716 5.844 5.881 5.918 5.955 5.992 6.029 6.066 6.103 6.139 6.176 6.213 6.250 6.298 6.390 6.363 6.317 6.277 6.237 6.197 6.156 6.116 6.076 6.036 5.996 5.956 5.916 5.876 5.836 5.828 5.830 5.833 5.835 5.837 5.840 5.842 5.845 5.847 5.850 5.863 5.922 5.981 6.040 6.099 6.158 6.218 6.368 6.555 6.742 6.929 7.117 7.304 7.491 7.678 7.783 7.800 7.817 7.835 7.852 7.870 7.884 7.794 7.703 7.612 7.521 7.430 7.362 7.313 7.265
4.830 5.008 5.143 5.278 5.413 5.548 5.683 5.818 5.953 6.064 6.101 6.138 6.175 6.212 6.248 6.285 6.322 6.359 6.396 6.433 6.470 6.507 6.544 6.512 6.472 6.432 6.391 6.351 6.311 6.271 6.231 6.191 6.151 6.111 6.071 6.030 5.990 5.988 5.990 5.992 5.995 5.997 6.000 6.002 6.004 6.007 6.009 6.012 6.017 6.076 6.135 6.194 6.254 6.313 6.482 6.669 6.857 7.044 7.231 7.418 7.559 7.576 7.594 7.611 7.629 7.646 7.663 7.681 7.693 7.603 7.512 7.421 7.330 7.239 7.149 7.059 7.011
4.895 5.174 5.380 5.515 5.650 5.785 5.920 6.055 6.190 6.284 6.321 6.358 6.394 6.431 6.468 6.505 6.542 6.579 6.616 6.653 6.647 6.529 6.411 6.554 6.626 6.586 6.546 6.506 6.466 6.426 6.386 6.346 6.305 6.265 6.225 6.185 6.145 6.147 6.150 6.152 6.155 6.157 6.159 6.162 6.164 6.167 6.169 6.171 6.174 6.176 6.230 6.290 6.349 6.409 6.596 6.784 6.971 7.158 7.335 7.352 7.370 7.387 7.405 7.422 7.440 7.457 7.474 7.492 7.502 7.412 7.321 7.230 7.139 7.048 6.958 6.867 6.776
4.960 5.239 5.519 5.752 5.887 6.022 6.157 6.292 6.427 6.504 6.540 6.577 6.614 6.651 6.688 6.725 6.762 6.799 6.743 6.625 6.506 6.388 6.304 6.447 6.590 6.734 6.701 6.661 6.621 6.580 6.540 6.500 6.460 6.420 6.380 6.340 6.305 6.307 6.310 6.312 6.314 6.317 6.319 6.321 6.324 6.326 6.329 6.331 6.334 6.336 6.339 6.385 6.444 6.524 6.711 6.898 7.085 7.129 7.146 7.163 7.181 7.198 7.216 7.233 7.251 7.268 7.285 7.303 7.311 7.221 7.130 7.039 6.948 6.857 6.766 6.676 6.585
5.025 5.304 5.584 5.863 6.124 6.259 6.394 6.529 6.664 6.723 6.760 6.797 6.834 6.871 6.908 6.945 6.839 6.721 6.602 6.483 6.365 6.246 6.197 6.340 6.483 6.627 6.770 6.815 6.775 6.735 6.695 6.655 6.615 6.575 6.534 6.494 6.465 6.467 6.469 6.472 6.474 6.477 6.479 6.481 6.484 6.486 6.488 6.491 6.493 6.496 6.498 6.501 6.539 6.638 6.825 6.905 6.922 6.939 6.957 6.974 6.992 7.009 7.027 7.044 7.062 7.079 7.096 7.114 7.120 7.029 6.939 6.848 6.757 6.666 6.575 6.485 6.394
5.089 5.369 5.649 5.928 6.208 6.487 6.631 6.766 6.901 6.943 6.980 7.017 7.054 7.054 6.935 6.816 6.698 6.579 6.461 6.342 6.224 6.105 6.090 6.233 6.376 6.520 6.663 6.806 6.930 6.890 6.850 6.809 6.769 6.729 6.689 6.649 6.624 6.627 6.629 6.631 6.634 6.636 6.639 6.641 6.643 6.646 6.648 6.651 6.653 6.656 6.658 6.660 6.663 6.681 6.698 6.715 6.733 6.750 6.768 6.785 6.803 6.820 6.838 6.855 6.873 6.890 6.907 6.925 6.929 6.838 6.748 6.657 6.566 6.475 6.384 6.294 6.203
5.154 5.434 5.714 5.993 6.273 6.552 6.832 7.003 7.126 7.163 7.200 7.150 7.031 6.912 6.794 6.675 6.557 6.438 6.319 6.201 6.082 5.964 5.983 6.126 6.269 6.413 6.556 6.699 6.843 6.986 7.004 6.964 6.924 6.884 6.844 6.804 6.784 6.787 6.789 6.791 6.794 6.796 6.798 6.801 6.803 6.806 6.808 6.810 6.813 6.815 6.807 6.798 6.788 6.596 6.565 6.534 6.544 6.561 6.579 6.596 6.614 6.631 6.649 6.666 6.684 6.701 6.718 6.736 6.738 6.647 6.556 6.466 6.375 6.284 6.193 6.102 6.012
5.219 5.499 5.778 6.058 6.338 6.617 6.897 7.176 7.346 7.246 7.127 7.008 6.890 6.771 6.652 6.534 6.415 6.297 6.178 6.060 5.941 5.823 5.876 6.019 6.162 6.306 6.449 6.592 6.736 6.879 7.022 7.119 7.079 7.039 6.998 6.958 6.944 6.946 6.949 6.951 6.953 6.956 6.958 6.960 6.963 6.965 6.963 6.953 6.944 6.935 6.925 6.916 6.834 6.607 6.505 6.474 6.443 6.412 6.390 6.407 6.425 6.442 6.460 6.477 6.494 6.512 6.529 6.547 6.547 6.456 6.365 6.275 6.184 6.093 6.002 5.911 5.890
5.284 5.564 5.843 6.123 6.403 6.682 6.928 7.138 7.205 7.104 6.986 6.867 6.748 6.630 6.511 6.393 6.274 6.156 6.037 5.918 5.800 5.681 5.768 5.912 6.055 6.199 6.342 6.485 6.629 6.772 6.915 7.058 7.202 7.193 7.153 7.113 7.104 7.106 7.109 7.111 7.113 7.116 7.118 7.109 7.100 7.090 7.081 7.072 7.062 7.053 7.044 7.034 6.856 6.630 6.446 6.415 6.384 6.353 6.322 6.291 6.260 6.253 6.271 6.288 6.305 6.323 6.340 6.358 6.356 6.265 6.174 6.083 5.993 5.902 5.880 5.876 5.871
5.349 5.629 5.908 6.179 6.388 6.597 6.807 7.016 7.031 6.937 6.844 6.726 6.607 6.489 6.370 6.251 6.133 6.014 5.896 5.777 5.659 5.540 5.662 5.805 5.948 6.091 6.235 6.378 6.521 6.665 6.808 6.952 7.095 7.238 7.308 7.268 7.264 7.266 7.268 7.265 7.256 7.246 7.237 7.228 7.218 7.209 7.199 7.190 7.181 7.171 7.162 7.105 6.878 6.652 6.425 6.355 6.324 6.293 6.262 6.231 6.200 6.169 6.138 6.107 6.116 6.134 6.151 6.169 6.165 6.074 5.983 5.892 5.870 5.866 5.861 5.857 5.853
5.414 5.638 5.848 6.057 6.266 6.476 6.685 6.895 6.857 6.764 6.670 6.577 6.466 6.347 6.229 6.110 5.992 5.873 5.754 5.636 5.517 5.411 5.554 5.698 5.841 5.984 6.128 6.271 6.414 6.558 6.701 6.844 6.988 7.131 7.274 7.418 7.412 7.403 7.393 7.384 7.374 7.365 7.355 7.346 7.337 7.327 7.318 7.308 7.299 7.290 7.280 7.127 6.901 6.674 6.448 6.296 6.265 6.234 6.203 6.172 6.141 6.110 6.079 6.048 6.017 5.985 5.962 5.979 5.974 5.883 5.860 5.856 5.851 5.847 5.842 5.838 5.834
5.307 5.517 5.726 5.935 6.145 6.354 6.564 6.773 6.683 6.590 6.496 6.403 6.309 6.206 6.087 5.969 5.850 5.732 5.613 5.495 5.376 5.304 5.447 5.591 5.734 5.877 6.021 6.164 6.307 6.451 6.594 6.737 6.881 7.033 7.225 7.405 7.522 7.521 7.512 7.502 7.493 7.483 7.474 7.464 7.455 7.446 7.436 7.427 7.417 7.408 7.376 7.150 6.923 6.697 6.470 6.244 6.205 6.174 6.143 6.112 6.081 6.050 6.019 5.988 5.957 5.926 5.895 5.864 5.854 5.846 5.841 5.837 5.832 5.828 5.823 5.819 5.815
5.186 5.395 5.605 5.814 6.023 6.233 6.442 6.603 6.509 6.416 6.323 6.229 6.136 6.042 5.946 5.827 5.709 5.590 5.472 5.353 5.235 5.197 5.340 5.484 5.627 5.770 5.914 6.057 6.200 6.344 6.487 6.649 6.841 7.033 7.225 7.392 7.509 7.625 7.630 7.621 7.611 7.602 7.592 7.583 7.573 7.564 7.554 7.545 7.536 7.526 7.399 7.172 6.946 6.719 6.493 6.266 6.146 6.115 6.084 6.053 6.022 5.991 5.960 5.929 5.898 5.867 5.835 5.842 5.869 5.843 5.822 5.818 5.813 5.809 5.805 5.800 5.796
5.064 5.274 5.483 5.692 5.902 6.111 6.321 6.429 6.336 6.242 6.149 6.055 5.962 5.868 5.775 5.681 5.568 5.449 5.330 5.212 5.093 5.090 5.233 5.376 5.520 5.663 5.806 5.950 6.093 6.266 6.457 6.649 6.841 7.033 7.225 7.380 7.496 7.612 7.728 7.739 7.729 7.720 7.711 7.701 7.692 7.682 7.673 7.663 7.654 7.644 7.421 7.195 6.968 6.742 6.515 6.289 6.086 6.056 6.024 5.993 5.962 5.931 5.900 5.869 5.838 5.807 5.817 5.850 5.883 5.858 5.832 5.807 5.794 5.790 5.786 5.781 5.777
4.943 5.152 5.361 5.571 5.780 5.990 6.199 6.255 6.162 6.068 5.975 5.881 5.788 5.694 5.601 5.507 5.414 5.308 5.189 5.071 4.952 4.983 5.126 5.269 5.413 5.556 5.699 5.882 6.074 6.266 6.458 6.649 6.841 7.033 7.225 7.366 7.483 7.599 7.715 7.832 7.848 7.838 7.829 7.819 7.810 7.801 7.791 7.782 7.772 7.670 7.444 7.217 6.991 6.764 6.537 6.311 6.085 5.996 5.965 5.934 5.903 5.872 5.841 5.810 5.779 5.792 5.826 5.859 5.893 5.872 5.846 5.821 5.796 5.771 5.767 5.762 5.758
4.821 5.030 5.240 5.449 5.659 5.868 6.078 6.081 5.988 5.894 5.801 5.707 5.614 5.520 5.427 5.333 5.240 5.147 5.048 4.929 4.811 4.875 5.019 5.162 5.307 5.499 5.690 5.882 6.074 6.266 6.458 6.649 6.841 7.033 7.225 7.354 7.470 7.586 7.702 7.819 7.935 7.957 7.947 7.938 7.928 7.919 7.910 7.900 7.891 7.693 7.466 7.239 7.013 6.786 6.560 6.333 6.107 5.937 5.906 5.875 5.844 5.813 5.781 5.750 5.767 5.801 5.834 5.868 5.902 5.886 5.861 5.835 5.810 5.784 5.759 5.743 5.739
4.699 4.909 5.118 5.328 5.537 5.746 5.956 5.907 5.814 5.720 5.627 5.533 5.440 5.346 5.253 5.159 5.066 4.973 4.879 4.786 4.669 4.768 4.923 5.115 5.307 5.499 5.690 5.882 6.074 6.266 6.458 6.649 6.841 7.033 7.224 7.341 7.457 7.573 7.689 7.806 7.922 8.038 8.066 8.056 8.047 8.037 8.028 8.018 7.942 7.715 7.488 7.262 7.035 6.809 6.582 6.356 6.129 5.903 5.846 5.815 5.784 5.753 5.722 5.742 5.776 5.810 5.843 5.877 5.911 5.901 5.875 5.850 5.824 5.799 5.773 5.748 5.723
4.578 4.787 4.996 5.206 5.415 5.625 5.827 5.733 5.640 5.546 5.453 5.359 5.266 5.172 5.079 4.985 4.892 4.799 4.705 4.612 4.593 4.731 4.923 5.115 5.307 5.498 5.690 5.882 6.074 6.266 6.458 6.649 6.841 7.033 7.211 7.328 7.444 7.560 7.676 7.793 7.909 8.025 8.141 8.175 8.165 8.156 8.146 8.137 7.964 7.738 7.511 7.284 7.058 6.831 6.605 6.378 6.152 5.925 5.787 5.756 5.725 5.694 5.718 5.751 5.785 5.818 5.852 5.886 5.919 5.915 5.889 5.864 5.839 5.813 5.788 5.762 5.737
4.456 4.665 4.875 5.084 5.294 5.503 5.653 5.559 5.466 5.372 5.279 5.185 5.092 4.998 4.905 4.811 4.718 4.624 4.672 4.725 4.778 4.841 4.923 5.115 5.307 5.498 5.690 5.882 6.074 6.266 6.458 6.649 6.841 7.033 7.198 7.315 7.431 7.547 7.663 7.780 7.896 8.012 8.129 8.245 8.284 8.274 8.265 8.213 7.987 7.760 7.533 7.307 7.080 6.854 6.627 6.401 6.174 5.948 5.727 5.696 5.665 5.693 5.726 5.760 5.794 5.827 5.861 5.895 5.928 5.929 5.904 5.878 5.853 5.827 5.802 5.777 5.751
4.363 4.543 4.753 4.962 5.172 5.381 5.479 5.385 5.292 5.198 5.105 5.011 4.918 4.824 4.731 4.699 4.752 4.805 4.857 4.910 4.964 5.027 5.089 5.152 5.306 5.498 5.690 5.882 6.074 6.266 6.458 6.649 6.841 7.033 7.185 7.301 7.418 7.534 7.650 7.767 7.883 7.999 8.116 8.232 8.348 8.392 8.383 8.236 8.009 7.782 7.556 7.329 7.103 6.876 6.650 6.423 6.197 5.970 5.744 5.637 5.668 5.701 5.735 5.769 5.802 5.836 5.870 5.903 5.937 5.943 5.918 5.893 5.867 5.842 5.816 5.787 5.725
4.439 4.487 4.631 4.841 5.050 5.260 5.304 5.211 5.117 5.024 4.930 4.837 4.743 4.779 4.832 4.885 4.937 4.990 5.043 5.095 5.151 5.213 5.276 5.338 5.401 5.498 5.690 5.882 6.074 6.266 6.458 6.649 6.841 7.033 7.172 7.288 7.405 7.521 7.637 7.754 7.870 7.986 8.102 8.219 8.335 8.451 8.485 8.258 8.032 7.805 7.578 7.344 7.107 6.870 6.633 6.396 6.158 5.921 5.684 5.630 5.669 5.708 5.744 5.778 5.811 5.845 5.878 5.912 5.946 5.958 5.932 5.907 5.881 5.835 5.772 5.709 5.646
4.515 4.563 4.610 4.719 4.928 5.138 5.130 5.037 4.943 4.850 4.807 4.859 4.912 4.964 5.017 5.070 5.122 5.175 5.228 5.280 5.337 5.399 5.462 5.524 5.587 5.649 5.712 5.882 6.074 6.266 6.457 6.649 6.841 7.033 7.159 7.275 7.392 7.508 7.624 7.741 7.857 7.973 8.090 8.206 8.317 8.358 8.346 8.158 7.920 7.683 7.446 7.209 6.971 6.734 6.497 6.260 6.022 5.785 5.624 5.622 5.650 5.689 5.728 5.767 5.807 5.846 5.885 5.921 5.955 5.972 5.944 5.882 5.819 5.756 5.693 5.631 5.568
