includes/lisflood/results/res-0005.wd
ncols         631
nrows         906
xllcorner     364927.146600
yllcorner     6531972.565600
cellsize      20.000000
NODATA_value  -9999.000000
[rows 34 to 67 of 906, columns 385 to 461 of 631]
4.747 4.884 4.990 5.090 5.191 5.292 5.392 5.493 5.594 5.694 5.795 5.896 5.996 6.097 6.213 6.359 6.506 6.652 6.798 6.904 7.001 7.098 7.195 7.292 7.389 7.487 7.584 7.964 8.368 8.772 9.176 9.580 9.985 10.389 10.745 11.013 11.282 11.625 12.120 12.615 13.110 13.605 14.063 14.494 14.924 15.354 15.785 16.138 16.324 16.510 16.696 16.882 17.081 17.305 17.529 17.752 17.976 18.200 18.328 18.334 18.339 18.345 18.350 18.349 18.317 18.285 18.252 18.220 18.188 18.156 18.086 18.004 17.923 17.841 17.759 17.677 17.596
4.851 4.955 5.056 5.156 5.257 5.358 5.458 5.559 5.660 5.760 5.861 5.962 6.062 6.163 6.268 6.414 6.561 6.707 6.811 6.908 7.005 7.103 7.200 7.297 7.394 7.491 7.588 7.890 8.294 8.698 9.102 9.506 9.911 10.257 10.526 10.795 11.064 11.375 11.870 12.365 12.860 13.355 13.850 14.345 14.806 15.236 15.666 16.021 16.207 16.393 16.589 16.812 17.036 17.260 17.483 17.707 17.931 18.154 18.265 18.271 18.276 18.282 18.288 18.293 18.299 18.280 18.248 18.216 18.184 18.152 18.079 17.997 17.915 17.833 17.752 17.670 17.593
4.894 5.014 5.116 5.219 5.321 5.423 5.524 5.625 5.726 5.826 5.927 6.028 6.128 6.229 6.330 6.469 6.615 6.719 6.816 6.913 7.010 7.107 7.204 7.301 7.399 7.496 7.593 7.816 8.220 8.624 9.028 9.432 9.770 10.039 10.308 10.576 10.845 11.126 11.621 12.116 12.611 13.106 13.601 14.096 14.591 15.085 15.548 15.904 16.096 16.320 16.543 16.767 16.991 17.214 17.438 17.662 17.885 18.109 18.203 18.208 18.214 18.219 18.225 18.230 18.236 18.242 18.243 18.211 18.179 18.147 18.071 17.989 17.907 17.826 17.749 17.674 17.599
4.933 5.072 5.174 5.276 5.378 5.480 5.582 5.684 5.787 5.889 5.991 6.093 6.194 6.295 6.396 6.524 6.626 6.723 6.820 6.918 7.015 7.112 7.209 7.306 7.403 7.500 7.598 7.742 8.146 8.550 8.954 9.283 9.552 9.820 10.089 10.358 10.626 10.895 11.371 11.866 12.361 12.856 13.351 13.846 14.341 14.836 15.332 15.786 16.051 16.275 16.498 16.722 16.946 17.169 17.393 17.617 17.840 18.064 18.140 18.145 18.151 18.157 18.162 18.168 18.173 18.179 18.184 18.190 18.174 18.142 18.063 17.982 17.906 17.830 17.755 17.680 17.605
4.973 5.129 5.231 5.333 5.435 5.537 5.640 5.742 5.844 5.946 6.048 6.150 6.253 6.355 6.457 6.530 6.629 6.728 6.825 6.922 7.019 7.116 7.214 7.311 7.408 7.505 7.602 7.699 8.072 8.476 8.796 9.064 9.333 9.602 9.871 10.139 10.408 10.677 11.121 11.616 12.111 12.606 13.101 13.596 14.091 14.596 15.101 15.534 15.901 16.229 16.453 16.677 16.900 17.124 17.348 17.571 17.795 18.019 18.077 18.083 18.088 18.094 18.099 18.105 18.110 18.116 18.122 18.127 18.133 18.137 18.062 17.987 17.912 17.836 17.761 17.686 17.611
5.013 5.168 5.288 5.390 5.493 5.595 5.697 5.799 5.901 6.003 6.106 6.208 6.310 6.412 6.476 6.530 6.624 6.723 6.822 6.920 7.019 7.118 7.216 7.315 7.412 7.510 7.607 7.704 7.998 8.308 8.577 8.846 9.114 9.383 9.652 9.921 10.189 10.458 10.871 11.366 11.861 12.356 12.851 13.356 13.860 14.365 14.869 15.282 15.649 16.016 16.383 16.631 16.855 17.079 17.302 17.526 17.750 17.973 18.014 18.020 18.025 18.031 18.037 18.042 18.048 18.053 18.059 18.067 18.090 18.107 18.057 17.993 17.917 17.842 17.767 17.692 17.617
5.052 5.208 5.346 5.448 5.550 5.652 5.754 5.856 5.959 6.061 6.163 6.265 6.367 6.434 6.489 6.543 6.620 6.719 6.817 6.916 7.014 7.113 7.212 7.310 7.409 7.508 7.606 7.705 7.851 8.099 8.358 8.627 8.896 9.165 9.433 9.702 9.971 10.240 10.621 11.116 11.611 12.116 12.620 13.125 13.629 14.134 14.638 15.029 15.397 15.764 16.131 16.498 16.810 17.033 17.257 17.481 17.704 17.928 17.952 17.957 17.963 17.968 17.974 17.979 17.985 17.996 18.020 18.043 18.067 18.077 18.026 17.976 17.923 17.848 17.773 17.698 17.623
5.092 5.247 5.403 5.505 5.607 5.709 5.812 5.914 6.016 6.118 6.220 6.322 6.393 6.447 6.501 6.556 6.615 6.714 6.813 6.911 7.010 7.109 7.207 7.306 7.405 7.503 7.602 7.701 7.801 8.021 8.269 8.517 8.765 9.014 9.262 9.510 9.758 10.021 10.372 10.875 11.380 11.885 12.389 12.894 13.398 13.903 14.407 14.777 15.145 15.512 15.879 16.246 16.614 16.981 17.212 17.435 17.659 17.883 17.889 17.894 17.900 17.905 17.911 17.926 17.949 17.973 17.996 18.020 18.043 18.046 17.996 17.945 17.895 17.844 17.779 17.704 17.628
5.131 5.287 5.443 5.562 5.665 5.767 5.869 5.971 6.073 6.175 6.278 6.351 6.406 6.460 6.514 6.568 6.623 6.710 6.808 6.907 7.006 7.104 7.203 7.302 7.400 7.499 7.598 7.698 7.798 7.943 8.191 8.439 8.687 8.935 9.184 9.432 9.680 9.928 10.232 10.644 11.149 11.653 12.158 12.662 13.167 13.671 14.158 14.525 14.892 15.260 15.627 15.994 16.361 16.729 17.096 17.390 17.614 17.820 17.826 17.832 17.837 17.855 17.879 17.902 17.926 17.949 17.973 17.996 18.020 18.015 17.965 17.914 17.864 17.813 17.763 17.710 17.634
5.171 5.327 5.482 5.620 5.722 5.824 5.926 6.028 6.131 6.233 6.310 6.364 6.418 6.473 6.527 6.581 6.635 6.705 6.804 6.902 7.001 7.100 7.198 7.297 7.396 7.494 7.594 7.694 7.794 7.894 8.113 8.361 8.609 8.857 9.105 9.353 9.601 9.871 10.194 10.517 10.918 11.422 11.927 12.431 12.936 13.440 13.906 14.273 14.640 15.007 15.375 15.742 16.109 16.476 16.844 17.211 17.569 17.758 17.763 17.785 17.808 17.832 17.855 17.879 17.902 17.926 17.949 17.973 17.996 17.985 17.934 17.884 17.833 17.783 17.732 17.682 17.631
5.211 5.366 5.522 5.677 5.779 5.881 5.983 6.086 6.188 6.269 6.323 6.377 6.431 6.486 6.540 6.594 6.648 6.702 6.799 6.898 6.997 7.095 7.194 7.293 7.391 7.491 7.591 7.691 7.791 7.891 8.035 8.283 8.531 8.779 9.027 9.275 9.523 9.833 10.156 10.479 10.801 11.191 11.696 12.200 12.705 13.209 13.653 14.021 14.388 14.755 15.123 15.490 15.857 16.224 16.592 16.959 17.334 17.667 17.738 17.761 17.785 17.808 17.832 17.855 17.879 17.902 17.926 17.949 17.973 17.954 17.904 17.853 17.803 17.752 17.702 17.651 17.601
5.250 5.406 5.562 5.717 5.836 5.939 6.041 6.143 6.227 6.281 6.336 6.390 6.444 6.498 6.553 6.607 6.661 6.715 6.795 6.893 6.992 7.091 7.189 7.288 7.387 7.488 7.588 7.687 7.787 7.888 7.988 8.205 8.453 8.701 8.949 9.197 9.472 9.795 10.118 10.440 10.763 11.086 11.465 11.969 12.474 12.978 13.401 13.769 14.136 14.503 14.870 15.238 15.605 15.972 16.367 16.765 17.162 17.455 17.616 17.738 17.761 17.785 17.808 17.832 17.855 17.879 17.902 17.926 17.949 17.923 17.873 17.822 17.772 17.722 17.671 17.621 17.570
5.290 5.445 5.601 5.757 5.894 5.996 6.098 6.186 6.240 6.294 6.348 6.403 6.457 6.511 6.565 6.620 6.674 6.728 6.790 6.889 6.988 7.086 7.185 7.284 7.384 7.484 7.584 7.684 7.784 7.884 7.984 8.127 8.375 8.623 8.871 9.119 9.434 9.757 10.080 10.402 10.725 11.048 11.370 11.738 12.242 12.747 13.149 13.516 13.884 14.251 14.618 15.003 15.400 15.798 16.195 16.592 16.990 17.243 17.405 17.566 17.727 17.761 17.785 17.808 17.832 17.855 17.879 17.902 17.926 17.893 17.842 17.792 17.741 17.691 17.640 17.590 17.539
5.329 5.485 5.641 5.796 5.951 6.053 6.144 6.198 6.253 6.307 6.361 6.415 6.470 6.524 6.578 6.632 6.687 6.741 6.795 6.884 6.983 7.082 7.181 7.281 7.381 7.481 7.581 7.681 7.781 7.881 7.981 8.081 8.297 8.545 8.793 9.073 9.396 9.719 10.041 10.364 10.687 11.009 11.332 11.655 12.011 12.516 12.897 13.264 13.639 14.036 14.434 14.831 15.228 15.625 16.023 16.420 16.817 17.032 17.193 17.354 17.515 17.677 17.761 17.785 17.808 17.832 17.856 17.879 17.903 17.862 17.812 17.761 17.711 17.660 17.610 17.559 17.509
5.377 5.528 5.680 5.836 5.992 6.103 6.157 6.211 6.265 6.320 6.374 6.428 6.482 6.537 6.591 6.645 6.699 6.754 6.808 6.880 6.979 7.077 7.177 7.277 7.377 7.477 7.577 7.677 7.777 7.877 7.977 8.077 8.219 8.467 8.715 9.035 9.358 9.680 10.003 10.326 10.649 10.971 11.294 11.617 11.940 12.278 12.672 13.069 13.467 13.864 14.261 14.659 15.056 15.453 15.850 16.248 16.645 16.820 16.981 17.142 17.304 17.465 17.626 17.762 17.785 17.809 17.832 17.856 17.879 17.832 17.781 17.731 17.680 17.630 17.579 17.529 17.481
5.449 5.600 5.750 5.901 6.043 6.101 6.159 6.216 6.273 6.330 6.387 6.441 6.495 6.549 6.604 6.658 6.712 6.766 6.821 6.875 6.974 7.074 7.174 7.274 7.374 7.474 7.574 7.674 7.774 7.874 7.974 8.074 8.174 8.389 8.674 8.997 9.320 9.642 9.965 10.288 10.605 10.909 11.213 11.518 11.822 12.145 12.500 12.897 13.294 13.692 14.089 14.486 14.883 15.281 15.678 16.075 16.447 16.608 16.769 16.931 17.092 17.253 17.414 17.576 17.737 17.785 17.809 17.832 17.851 17.801 17.750 17.700 17.649 17.599 17.553 17.510 17.467
5.520 5.671 5.822 5.968 6.027 6.087 6.144 6.202 6.259 6.316 6.373 6.430 6.488 6.545 6.602 6.659 6.716 6.773 6.831 6.888 6.970 7.070 7.170 7.270 7.370 7.470 7.570 7.670 7.770 7.870 7.970 8.070 8.170 8.313 8.636 8.943 9.247 9.551 9.856 10.160 10.464 10.768 11.073 11.377 11.681 12.020 12.375 12.730 13.122 13.519 13.917 14.314 14.711 15.108 15.506 15.903 16.235 16.396 16.558 16.719 16.880 17.041 17.203 17.364 17.525 17.686 17.785 17.809 17.821 17.770 17.720 17.669 17.625 17.582 17.539 17.496 17.453
5.592 5.742 5.893 5.953 6.012 6.072 6.130 6.188 6.245 6.302 6.359 6.416 6.473 6.531 6.588 6.645 6.702 6.759 6.817 6.876 6.943 7.043 7.144 7.244 7.344 7.445 7.545 7.646 7.746 7.846 7.947 8.047 8.147 8.271 8.498 8.802 9.106 9.410 9.715 10.019 10.323 10.627 10.932 11.236 11.540 11.895 12.250 12.605 12.960 13.347 13.744 14.141 14.539 14.936 15.333 15.731 16.023 16.184 16.346 16.507 16.668 16.829 16.991 17.152 17.313 17.474 17.636 17.785 17.790 17.740 17.697 17.654 17.611 17.568 17.525 17.482 17.439
5.663 5.814 5.879 5.938 5.997 6.057 6.116 6.173 6.231 6.288 6.345 6.402 6.459 6.517 6.574 6.631 6.688 6.745 6.803 6.868 6.933 7.015 7.115 7.215 7.316 7.416 7.516 7.617 7.717 7.817 7.918 8.018 8.122 8.263 8.405 8.661 8.965 9.270 9.574 9.878 10.182 10.486 10.791 11.095 11.416 11.771 12.126 12.481 12.836 13.191 13.572 13.969 14.366 14.764 15.161 15.558 15.811 15.973 16.134 16.295 16.456 16.618 16.779 16.940 17.101 17.263 17.424 17.589 17.729 17.726 17.683 17.640 17.597 17.554 17.511 17.468 17.425
5.734 5.804 5.863 5.923 5.982 6.042 6.101 6.159 6.217 6.274 6.331 6.388 6.445 6.502 6.560 6.617 6.674 6.731 6.795 6.860 6.925 6.990 7.086 7.187 7.287 7.387 7.488 7.588 7.688 7.789 7.889 7.989 8.115 8.256 8.398 8.539 8.824 9.129 9.433 9.737 10.041 10.345 10.650 10.954 11.291 11.646 12.001 12.356 12.711 13.066 13.421 13.797 14.194 14.591 14.989 15.386 15.600 15.761 15.922 16.083 16.245 16.406 16.567 16.728 16.890 17.061 17.233 17.404 17.533 17.616 17.669 17.626 17.583 17.540 17.497 17.454 17.410
5.730 5.789 5.848 5.908 5.967 6.027 6.086 6.145 6.202 6.260 6.317 6.374 6.431 6.488 6.546 6.603 6.660 6.721 6.786 6.851 6.917 6.982 7.058 7.158 7.258 7.359 7.459 7.559 7.660 7.760 7.860 7.967 8.108 8.249 8.391 8.532 8.683 8.988 9.292 9.596 9.900 10.204 10.509 10.813 11.166 11.521 11.876 12.231 12.586 12.941 13.297 13.652 14.022 14.419 14.816 15.214 15.388 15.549 15.710 15.872 16.033 16.194 16.361 16.533 16.705 16.876 17.048 17.219 17.338 17.420 17.502 17.584 17.568 17.525 17.482 17.439 17.396
5.714 5.774 5.833 5.893 5.952 6.012 6.071 6.130 6.188 6.246 6.303 6.360 6.417 6.474 6.531 6.589 6.648 6.713 6.778 6.843 6.908 6.973 7.039 7.129 7.229 7.330 7.430 7.531 7.631 7.731 7.832 7.959 8.101 8.242 8.383 8.525 8.666 8.847 9.151 9.455 9.759 10.063 10.368 10.687 11.042 11.397 11.752 12.107 12.462 12.817 13.172 13.527 13.882 14.247 14.644 15.015 15.176 15.337 15.499 15.661 15.833 16.005 16.176 16.348 16.519 16.691 16.863 17.034 17.142 17.224 17.306 17.388 17.471 17.511 17.468 17.425 17.382
5.699 5.759 5.818 5.878 5.937 5.996 6.056 6.115 6.174 6.231 6.289 6.346 6.403 6.460 6.517 6.575 6.640 6.705 6.770 6.835 6.900 6.965 7.030 7.100 7.201 7.301 7.402 7.502 7.602 7.703 7.811 7.952 8.094 8.235 8.376 8.518 8.659 8.800 9.010 9.314 9.618 9.922 10.227 10.562 10.917 11.272 11.627 11.982 12.337 12.692 13.047 13.402 13.757 14.112 14.472 14.803 14.964 15.133 15.305 15.476 15.648 15.820 15.991 16.163 16.334 16.506 16.678 16.849 16.946 17.028 17.110 17.193 17.275 17.357 17.439 17.411 17.368
5.684 5.744 5.803 5.863 5.922 5.981 6.041 6.100 6.160 6.217 6.275 6.332 6.389 6.446 6.503 6.566 6.631 6.696 6.762 6.827 6.892 6.957 7.022 7.087 7.172 7.272 7.373 7.473 7.573 7.674 7.804 7.945 8.087 8.228 8.369 8.511 8.652 8.793 8.935 9.173 9.477 9.781 10.086 10.437 10.792 11.147 11.502 11.857 12.212 12.567 12.923 13.278 13.633 13.987 14.321 14.602 14.776 14.948 15.120 15.291 15.463 15.635 15.806 15.978 16.149 16.321 16.493 16.664 16.750 16.832 16.915 16.997 17.079 17.161 17.243 17.326 17.354
5.669 5.729 5.788 5.847 5.907 5.966 6.026 6.085 6.145 6.203 6.260 6.318 6.375 6.432 6.493 6.558 6.623 6.688 6.753 6.819 6.884 6.949 7.014 7.079 7.144 7.244 7.344 7.444 7.545 7.655 7.797 7.938 8.079 8.221 8.362 8.503 8.645 8.786 8.927 9.069 9.336 9.640 9.958 10.313 10.668 11.023 11.378 11.733 12.088 12.443 12.782 13.109 13.436 13.763 14.090 14.347 14.576 14.763 14.935 15.106 15.278 15.450 15.621 15.793 15.964 16.136 16.308 16.472 16.555 16.637 16.719 16.801 16.883 16.965 17.048 17.130 17.212
5.654 5.713 5.773 5.832 5.892 5.951 6.011 6.070 6.129 6.189 6.246 6.304 6.361 6.419 6.485 6.550 6.615 6.680 6.745 6.810 6.875 6.940 7.006 7.071 7.136 7.215 7.315 7.416 7.516 7.648 7.790 7.931 8.072 8.214 8.355 8.496 8.638 8.779 8.920 9.062 9.203 9.499 9.833 10.188 10.543 10.898 11.243 11.570 11.897 12.224 12.551 12.878 13.205 13.532 13.859 14.092 14.321 14.550 14.750 14.921 15.093 15.265 15.436 15.608 15.779 15.951 16.123 16.277 16.359 16.441 16.523 16.605 16.687 16.770 16.852 16.934 17.016
5.639 5.698 5.758 5.817 5.877 5.936 5.996 6.055 6.114 6.174 6.232 6.289 6.347 6.411 6.476 6.541 6.607 6.672 6.737 6.802 6.867 6.932 6.997 7.063 7.128 7.193 7.287 7.387 7.500 7.641 7.782 7.924 8.065 8.207 8.348 8.489 8.631 8.772 8.913 9.055 9.196 9.358 9.703 10.030 10.357 10.684 11.011 11.338 11.665 11.993 12.320 12.647 12.974 13.301 13.609 13.838 14.066 14.295 14.523 14.736 14.908 15.079 15.251 15.423 15.594 15.766 15.938 16.081 16.163 16.245 16.327 16.410 16.492 16.574 16.656 16.738 16.820
5.636 5.690 5.745 5.802 5.862 5.921 5.980 6.040 6.099 6.159 6.218 6.275 6.338 6.403 6.468 6.533 6.598 6.663 6.729 6.794 6.859 6.924 6.989 7.054 7.119 7.184 7.258 7.358 7.493 7.634 7.775 7.917 8.058 8.199 8.341 8.482 8.620 8.755 8.890 9.024 9.159 9.296 9.472 9.799 10.126 10.453 10.780 11.107 11.434 11.761 12.088 12.416 12.743 13.070 13.355 13.583 13.812 14.040 14.269 14.497 14.723 14.894 15.066 15.238 15.409 15.581 15.753 15.885 15.967 16.049 16.132 16.214 16.296 16.378 16.460 16.542 16.625
5.654 5.709 5.763 5.818 5.873 5.928 5.982 6.037 6.092 6.146 6.203 6.264 6.330 6.395 6.460 6.525 6.590 6.655 6.720 6.785 6.851 6.916 6.981 7.046 7.111 7.176 7.241 7.344 7.486 7.623 7.758 7.893 8.028 8.162 8.297 8.432 8.567 8.702 8.837 8.972 9.107 9.246 9.388 9.568 9.895 10.222 10.549 10.876 11.203 11.530 11.857 12.184 12.512 12.839 13.100 13.329 13.557 13.786 14.014 14.243 14.471 14.700 14.881 15.053 15.224 15.396 15.568 15.689 15.771 15.854 15.936 16.018 16.100 16.182 16.265 16.394 16.541
5.672 5.727 5.782 5.837 5.891 5.946 6.001 6.055 6.110 6.165 6.214 6.247 6.312 6.377 6.442 6.508 6.573 6.638 6.703 6.769 6.834 6.899 6.964 7.029 7.095 7.160 7.225 7.307 7.435 7.570 7.705 7.840 7.975 8.110 8.245 8.380 8.515 8.650 8.785 8.920 9.055 9.197 9.339 9.481 9.664 9.991 10.318 10.645 10.972 11.299 11.626 11.953 12.280 12.607 12.845 13.074 13.303 13.531 13.759 13.988 14.217 14.445 14.674 14.868 15.039 15.211 15.383 15.493 15.576 15.658 15.740 15.822 15.904 16.041 16.188 16.335 16.482
5.691 5.746 5.800 5.855 5.910 5.964 6.019 6.074 6.128 6.182 6.214 6.246 6.293 6.358 6.423 6.489 6.554 6.619 6.684 6.749 6.815 6.880 6.945 7.010 7.075 7.141 7.213 7.297 7.383 7.518 7.653 7.788 7.923 8.058 8.193 8.327 8.462 8.597 8.732 8.867 9.005 9.147 9.289 9.431 9.573 9.760 10.087 10.414 10.741 11.068 11.395 11.722 12.049 12.362 12.591 12.819 13.048 13.276 13.505 13.734 13.962 14.190 14.419 14.648 14.854 15.026 15.197 15.298 15.380 15.462 15.544 15.688 15.835 15.982 16.129 16.276 16.423
5.709 5.764 5.819 5.873 5.928 5.983 6.037 6.092 6.147 6.181 6.213 6.245 6.278 6.339 6.404 6.469 6.535 6.600 6.665 6.730 6.795 6.861 6.926 6.991 7.056 7.122 7.203 7.288 7.373 7.465 7.600 7.735 7.870 8.005 8.140 8.275 8.410 8.545 8.680 8.815 8.955 9.097 9.239 9.381 9.523 9.665 9.856 10.183 10.510 10.837 11.164 11.491 11.818 12.108 12.336 12.565 12.793 13.022 13.250 13.479 13.708 13.936 14.164 14.393 14.621 14.841 15.012 15.102 15.189 15.336 15.483 15.630 15.776 15.923 16.070 16.217 16.364
5.728 5.782 5.837 5.892 5.947 6.001 6.056 6.111 6.148 6.180 6.213 6.245 6.277 6.320 6.385 6.450 6.516 6.581 6.646 6.711 6.776 6.842 6.907 6.972 7.037 7.108 7.193 7.278 7.363 7.448 7.548 7.683 7.818 7.953 8.088 8.223 8.358 8.493 8.627 8.763 8.905 9.047 9.189 9.331 9.473 9.615 9.757 9.951 10.278 10.606 10.933 11.260 11.587 11.853 12.081 12.310 12.539 12.767 12.996 13.224 13.453 13.681 13.910 14.138 14.367 14.595 14.829 14.983 15.130 15.277 15.424 15.571 15.718 15.865 16.012 16.159 16.306
5.746 5.801 5.856 5.910 5.965 6.020 6.074 6.115 6.148 6.180 6.212 6.244 6.276 6.309 6.366 6.431 6.496 6.562 6.627 6.692 6.757 6.823 6.888 6.953 7.018 7.099 7.184 7.269 7.354 7.439 7.524 7.630 7.765 7.900 8.035 8.170 8.305 8.440 8.575 8.714 8.856 8.998 9.139 9.282 9.423 9.565 9.707 9.849 10.047 10.374 10.701 11.029 11.356 11.598 11.827 12.055 12.284 12.512 12.741 12.970 13.198 13.427 13.655 13.891 14.140 14.389 14.635 14.866 15.071 15.218 15.365 15.512 15.659 15.806 15.953 16.100 16.247
