includes/lisflood/results/res-0005.wd
ncols         631
nrows         906
xllcorner     364927.146600
yllcorner     6531972.565600
cellsize      20.000000
NODATA_value  -9999.000000
[rows 850 to 883 of 906, columns 539 to 615 of 631]
7.305 7.205 7.140 7.044 6.936 6.829 6.721 6.613 6.505 6.398 6.341 6.317 6.293 6.275 6.260 6.244 6.228 6.213 6.198 6.185 6.173 6.160 6.148 6.136 6.102 6.039 5.975 5.912 5.850 5.793 5.735 5.677 5.620 5.562 5.512 5.502 5.493 5.484 5.459 5.428 5.396 5.364 5.332 5.301 5.277 5.259 5.241 5.223 5.221 5.220 5.219 5.218 5.216 5.215 5.217 5.220 5.223 5.226 5.176 5.125 5.075 5.025 4.974 4.924 4.872 4.787 4.701 4.653 4.648 4.643 4.639 4.634 4.629 4.625 4.621 4.624 4.633
7.231 7.149 7.084 7.018 6.910 6.802 6.695 6.587 6.479 6.373 6.349 6.325 6.301 6.277 6.261 6.245 6.230 6.214 6.200 6.188 6.175 6.163 6.150 6.138 6.126 6.074 6.011 5.948 5.889 5.831 5.774 5.716 5.658 5.601 5.543 5.513 5.504 5.489 5.457 5.426 5.394 5.362 5.330 5.299 5.268 5.250 5.232 5.223 5.222 5.220 5.219 5.218 5.217 5.215 5.214 5.218 5.221 5.196 5.145 5.095 5.044 4.994 4.944 4.893 4.843 4.778 4.693 4.685 4.680 4.675 4.671 4.666 4.661 4.657 4.652 4.652 4.665
7.158 7.093 7.028 6.963 6.884 6.776 6.668 6.561 6.453 6.381 6.357 6.333 6.309 6.285 6.262 6.246 6.231 6.215 6.202 6.190 6.178 6.165 6.153 6.140 6.128 6.110 6.047 5.985 5.927 5.870 5.812 5.754 5.697 5.639 5.582 5.524 5.515 5.487 5.456 5.424 5.392 5.360 5.328 5.297 5.265 5.240 5.224 5.223 5.222 5.221 5.219 5.218 5.217 5.215 5.214 5.215 5.216 5.165 5.115 5.064 5.014 4.963 4.913 4.863 4.812 4.762 4.721 4.717 4.712 4.711 4.709 4.708 4.706 4.705 4.704 4.679 4.669
7.101 7.036 6.971 6.907 6.842 6.750 6.642 6.534 6.427 6.388 6.365 6.341 6.317 6.293 6.269 6.248 6.232 6.217 6.205 6.192 6.180 6.168 6.155 6.143 6.130 6.118 6.082 6.024 5.966 5.908 5.851 5.793 5.735 5.678 5.620 5.563 5.517 5.485 5.454 5.422 5.390 5.358 5.326 5.295 5.263 5.231 5.225 5.223 5.222 5.221 5.219 5.218 5.217 5.216 5.214 5.213 5.185 5.134 5.084 5.037 4.992 4.947 4.901 4.856 4.811 4.766 4.775 4.773 4.772 4.770 4.769 4.767 4.766 4.764 4.763 4.722 4.681
7.045 6.980 6.915 6.850 6.785 6.721 6.616 6.508 6.420 6.396 6.372 6.348 6.325 6.301 6.277 6.253 6.233 6.220 6.207 6.195 6.182 6.170 6.158 6.146 6.135 6.124 6.109 6.057 5.999 5.940 5.882 5.824 5.766 5.708 5.649 5.591 5.558 5.525 5.492 5.459 5.426 5.393 5.360 5.327 5.294 5.270 5.267 5.266 5.265 5.263 5.262 5.261 5.259 5.258 5.257 5.249 5.194 5.149 5.104 5.058 5.013 4.968 4.923 4.878 4.833 4.809 4.824 4.833 4.831 4.830 4.828 4.827 4.825 4.824 4.807 4.765 4.724
6.989 6.924 6.859 6.794 6.729 6.664 6.590 6.482 6.428 6.404 6.380 6.356 6.332 6.309 6.285 6.261 6.235 6.226 6.215 6.204 6.193 6.182 6.172 6.161 6.150 6.139 6.116 6.085 6.027 5.968 5.910 5.852 5.794 5.735 5.677 5.629 5.600 5.569 5.536 5.502 5.469 5.436 5.403 5.370 5.339 5.334 5.329 5.328 5.326 5.325 5.324 5.322 5.321 5.320 5.318 5.280 5.221 5.170 5.125 5.080 5.035 4.989 4.944 4.899 4.854 4.857 4.871 4.886 4.891 4.889 4.888 4.886 4.885 4.883 4.850 4.808 4.767
6.932 6.868 6.803 6.738 6.673 6.608 6.543 6.460 6.436 6.412 6.387 6.361 6.335 6.309 6.284 6.258 6.241 6.240 6.230 6.219 6.208 6.197 6.186 6.175 6.165 6.151 6.124 6.097 6.054 5.996 5.938 5.880 5.822 5.763 5.705 5.671 5.641 5.611 5.579 5.546 5.513 5.480 5.446 5.413 5.402 5.397 5.391 5.389 5.388 5.386 5.385 5.384 5.382 5.381 5.369 5.310 5.252 5.193 5.146 5.101 5.056 5.011 4.966 4.921 4.890 4.905 4.919 4.933 4.948 4.949 4.947 4.946 4.944 4.935 4.893 4.851 4.810
6.876 6.811 6.746 6.681 6.617 6.572 6.531 6.471 6.435 6.409 6.383 6.358 6.332 6.306 6.280 6.255 6.249 6.248 6.244 6.233 6.223 6.212 6.201 6.190 6.179 6.158 6.131 6.104 6.077 6.024 5.966 5.908 5.850 5.791 5.742 5.712 5.683 5.653 5.622 5.589 5.556 5.523 5.490 5.471 5.466 5.460 5.455 5.451 5.449 5.448 5.447 5.445 5.444 5.443 5.399 5.341 5.282 5.224 5.168 5.123 5.077 5.032 4.987 4.942 4.938 4.952 4.967 4.981 4.995 5.008 5.007 5.005 5.004 4.978 4.936 4.894 4.853
6.831 6.790 6.749 6.708 6.667 6.626 6.585 6.510 6.432 6.406 6.380 6.355 6.329 6.303 6.277 6.257 6.256 6.256 6.255 6.248 6.237 6.226 6.216 6.205 6.193 6.165 6.139 6.112 6.085 6.052 5.994 5.936 5.878 5.819 5.784 5.754 5.724 5.694 5.664 5.633 5.599 5.566 5.540 5.535 5.529 5.523 5.518 5.512 5.511 5.510 5.508 5.507 5.505 5.489 5.430 5.371 5.313 5.255 5.196 5.144 5.099 5.054 5.009 4.971 4.985 5.000 5.014 5.029 5.043 5.058 5.066 5.065 5.062 5.021 4.979 4.937 4.895
6.885 6.844 6.803 6.762 6.721 6.680 6.633 6.549 6.464 6.403 6.377 6.351 6.326 6.300 6.274 6.265 6.264 6.263 6.263 6.262 6.252 6.241 6.230 6.219 6.200 6.173 6.146 6.119 6.092 6.065 6.022 5.964 5.906 5.855 5.825 5.795 5.766 5.736 5.706 5.676 5.643 5.610 5.604 5.598 5.592 5.587 5.581 5.576 5.572 5.571 5.570 5.568 5.567 5.519 5.461 5.402 5.344 5.285 5.227 5.168 5.120 5.075 5.030 5.019 5.033 5.047 5.062 5.076 5.091 5.105 5.120 5.124 5.105 5.063 5.022 4.980 4.937
6.939 6.898 6.857 6.817 6.776 6.735 6.672 6.587 6.502 6.418 6.374 6.348 6.323 6.297 6.273 6.272 6.272 6.271 6.270 6.269 6.267 6.256 6.245 6.234 6.207 6.180 6.153 6.126 6.099 6.072 6.045 5.992 5.933 5.897 5.867 5.837 5.807 5.777 5.747 5.717 5.686 5.672 5.667 5.661 5.656 5.650 5.644 5.639 5.634 5.633 5.631 5.630 5.608 5.550 5.491 5.433 5.374 5.316 5.257 5.199 5.142 5.096 5.052 5.066 5.081 5.095 5.109 5.124 5.138 5.153 5.167 5.182 5.136 5.078 5.021 4.964 4.907
6.994 6.953 6.912 6.871 6.830 6.789 6.711 6.626 6.541 6.456 6.371 6.345 6.319 6.294 6.281 6.280 6.279 6.279 6.278 6.277 6.276 6.270 6.260 6.242 6.215 6.188 6.161 6.134 6.107 6.080 6.053 6.020 5.968 5.938 5.908 5.879 5.849 5.819 5.788 5.758 5.734 5.736 5.730 5.725 5.719 5.713 5.708 5.702 5.696 5.694 5.693 5.691 5.639 5.580 5.522 5.463 5.405 5.346 5.288 5.229 5.171 5.118 5.100 5.114 5.128 5.143 5.151 5.148 5.146 5.143 5.140 5.132 5.105 5.049 4.991 4.934 4.877
7.032 7.007 6.966 6.925 6.884 6.834 6.749 6.665 6.580 6.495 6.410 6.342 6.316 6.291 6.288 6.288 6.287 6.286 6.285 6.285 6.284 6.283 6.274 6.249 6.222 6.195 6.168 6.141 6.114 6.087 6.061 6.039 6.008 5.978 5.948 5.917 5.886 5.856 5.825 5.795 5.778 5.779 5.781 5.783 5.782 5.777 5.771 5.765 5.760 5.756 5.754 5.728 5.670 5.611 5.552 5.494 5.435 5.377 5.318 5.260 5.202 5.141 5.116 5.113 5.110 5.107 5.104 5.101 5.099 5.096 5.093 5.077 5.049 5.019 4.961 4.904 4.847
7.061 7.041 7.021 6.980 6.939 6.873 6.788 6.703 6.618 6.534 6.449 6.364 6.313 6.297 6.296 6.295 6.295 6.294 6.293 6.292 6.292 6.310 6.295 6.274 6.252 6.231 6.210 6.188 6.167 6.145 6.124 6.098 6.050 6.015 5.985 5.954 5.924 5.893 5.862 5.832 5.821 5.823 5.825 5.827 5.828 5.830 5.832 5.829 5.823 5.817 5.816 5.759 5.700 5.642 5.583 5.524 5.463 5.401 5.340 5.278 5.216 5.153 5.084 5.066 5.063 5.060 5.057 5.054 5.052 5.049 5.046 5.021 4.993 4.966 4.931 4.874 4.817
7.089 7.069 7.049 7.029 6.993 6.912 6.827 6.742 6.657 6.572 6.488 6.403 6.318 6.313 6.340 6.367 6.394 6.421 6.448 6.475 6.502 6.530 6.428 6.337 6.316 6.294 6.273 6.251 6.230 6.208 6.187 6.148 6.100 6.052 6.022 5.991 5.961 5.930 5.900 5.869 5.865 5.866 5.868 5.870 5.872 5.874 5.875 5.877 5.879 5.880 5.848 5.787 5.725 5.663 5.601 5.539 5.477 5.415 5.353 5.291 5.230 5.164 5.095 5.026 5.016 5.013 5.010 5.007 5.005 5.002 4.992 4.965 4.938 4.910 4.883 4.844 4.787
7.118 7.098 7.078 7.058 7.104 7.034 6.958 6.881 6.805 6.729 6.653 6.577 6.527 6.533 6.560 6.587 6.614 6.641 6.668 6.695 6.722 6.713 6.574 6.435 6.379 6.357 6.336 6.314 6.293 6.271 6.247 6.199 6.151 6.102 6.059 6.028 5.998 5.967 5.937 5.906 5.908 5.910 5.912 5.914 5.915 5.917 5.919 5.920 5.948 6.161 5.982 5.800 5.738 5.676 5.614 5.552 5.490 5.428 5.367 5.305 5.243 5.176 5.107 5.037 4.969 4.966 4.963 4.960 4.958 4.955 4.936 4.909 4.881 4.854 4.827 4.800 4.757
7.146 7.126 7.111 7.182 7.253 7.229 7.153 7.077 7.001 6.925 6.849 6.773 6.765 6.766 6.779 6.806 6.834 6.861 6.888 6.915 6.942 6.859 6.720 6.581 6.442 6.420 6.399 6.377 6.356 6.335 6.297 6.249 6.201 6.153 6.105 6.066 6.035 6.004 5.974 5.950 5.952 5.954 5.955 5.957 5.959 5.960 5.962 6.160 6.373 6.586 6.362 5.978 5.752 5.690 5.628 5.566 5.504 5.442 5.380 5.318 5.256 5.187 5.118 5.049 4.980 4.919 4.916 4.913 4.910 4.907 4.880 4.853 4.825 4.798 4.771 4.744 4.717
7.174 7.188 7.259 7.330 7.401 7.424 7.348 7.272 7.196 7.120 7.044 7.001 7.002 7.004 7.005 7.026 7.053 7.080 7.108 7.135 7.145 7.006 6.867 6.727 6.588 6.483 6.462 6.440 6.419 6.396 6.348 6.300 6.251 6.203 6.155 6.107 6.072 6.042 6.011 5.994 5.995 5.997 5.999 6.001 6.002 6.158 6.372 6.585 6.798 7.012 6.743 6.359 5.975 5.703 5.641 5.579 5.517 5.456 5.394 5.332 5.267 5.198 5.129 5.060 4.991 4.922 4.869 4.866 4.863 4.851 4.824 4.796 4.769 4.742 4.715 4.688 4.661
7.266 7.337 7.408 7.479 7.550 7.620 7.543 7.467 7.391 7.315 7.239 7.239 7.240 7.241 7.243 7.246 7.273 7.300 7.327 7.354 7.291 7.152 7.013 6.874 6.735 6.595 6.525 6.503 6.482 6.446 6.398 6.350 6.302 6.254 6.206 6.157 6.109 6.079 6.048 6.037 6.039 6.041 6.042 6.157 6.371 6.584 6.797 7.010 7.224 7.437 7.123 6.739 6.355 5.971 5.655 5.593 5.531 5.469 5.407 5.345 5.278 5.209 5.140 5.071 5.002 4.933 4.864 4.819 4.816 4.795 4.768 4.740 4.713 4.686 4.659 4.646 4.637
7.415 7.486 7.557 7.628 7.699 7.770 7.739 7.663 7.587 7.511 7.475 7.477 7.478 7.479 7.480 7.482 7.493 7.520 7.547 7.574 7.438 7.298 7.159 7.020 6.881 6.742 6.603 6.567 6.545 6.497 6.449 6.401 6.352 6.304 6.256 6.208 6.159 6.116 6.085 6.081 6.083 6.156 6.369 6.583 6.796 7.009 7.222 7.436 7.649 7.862 7.504 7.120 6.736 6.352 5.967 5.606 5.544 5.483 5.421 5.359 5.290 5.220 5.151 5.082 5.013 4.944 4.875 4.806 4.766 4.739 4.725 4.715 4.706 4.696 4.686 4.676 4.667
7.563 7.634 7.705 7.776 7.847 7.918 7.934 7.858 7.782 7.712 7.713 7.714 7.716 7.717 7.718 7.719 7.721 7.740 7.767 7.723 7.584 7.445 7.306 7.166 7.027 6.888 6.749 6.630 6.595 6.547 6.499 6.451 6.403 6.355 6.306 6.258 6.210 6.162 6.123 6.155 6.368 6.581 6.795 7.008 7.221 7.435 7.648 7.861 8.074 8.269 7.885 7.500 7.116 6.732 6.348 5.964 5.580 5.496 5.434 5.370 5.301 5.232 5.162 5.093 5.024 4.955 4.897 4.841 4.789 4.765 4.755 4.745 4.735 4.725 4.716 4.706 4.696
7.710 7.783 7.854 7.925 7.996 8.067 8.130 8.054 7.977 7.949 7.951 7.952 7.953 7.955 7.956 7.957 7.958 7.960 7.986 7.869 7.730 7.591 7.452 7.313 7.174 7.069 6.989 6.908 6.745 6.697 6.650 6.603 6.556 6.509 6.462 6.415 6.367 6.320 6.388 6.580 6.793 7.007 7.220 7.433 7.647 7.860 8.073 8.286 8.500 8.649 8.265 7.881 7.497 7.113 6.728 6.344 5.960 5.576 5.448 5.381 5.312 5.243 5.182 5.125 5.068 5.011 4.954 4.898 4.849 4.802 4.785 4.775 4.765 4.755 4.745 4.736 4.726
7.832 7.914 7.996 8.074 8.145 8.216 8.287 8.249 8.186 8.187 8.188 8.190 8.191 8.192 8.194 8.195 8.196 8.197 8.181 8.100 8.019 7.939 7.858 7.777 7.697 7.616 7.535 7.368 7.051 6.984 6.937 6.890 6.842 6.795 6.748 6.701 6.654 6.717 6.870 7.045 7.221 7.432 7.645 7.859 8.072 8.285 8.498 8.712 8.925 9.030 8.646 8.262 7.877 7.493 7.109 6.725 6.341 5.957 5.559 5.411 5.353 5.296 5.239 5.182 5.125 5.068 5.011 4.956 4.909 4.862 4.816 4.805 4.795 4.785 4.775 4.765 4.749
7.953 8.036 8.118 8.201 8.283 8.365 8.436 8.444 8.424 8.425 8.426 8.427 8.428 8.426 8.425 8.424 8.422 8.421 8.559 8.647 8.566 8.486 8.405 8.324 8.243 8.163 8.082 7.813 7.496 7.270 7.223 7.176 7.129 7.082 7.034 6.987 7.048 7.198 7.352 7.527 7.702 7.878 8.071 8.284 8.497 8.711 8.924 9.137 9.350 9.411 9.026 8.642 8.258 7.874 7.489 7.105 6.721 6.249 5.756 5.530 5.411 5.353 5.296 5.239 5.182 5.125 5.068 5.016 4.970 4.923 4.876 4.834 4.824 4.815 4.805 4.795 4.770
8.075 8.158 8.240 8.323 8.405 8.488 8.570 8.655 8.656 8.654 8.653 8.651 8.650 8.649 8.647 8.646 8.645 8.643 8.852 9.072 9.113 9.032 8.952 8.871 8.790 8.710 8.575 8.257 7.940 7.623 7.509 7.462 7.415 7.368 7.321 7.379 7.530 7.680 7.833 8.009 8.184 8.359 8.535 8.710 8.923 9.136 9.349 9.562 9.776 9.791 9.407 9.023 8.638 8.254 7.870 7.433 6.940 6.446 5.967 5.754 5.541 5.411 5.354 5.296 5.239 5.182 5.125 5.077 5.030 4.983 4.936 4.889 4.854 4.844 4.834 4.823 4.791
8.197 8.280 8.362 8.444 8.527 8.606 8.668 8.752 8.876 8.876 8.875 8.873 8.872 8.871 8.869 8.868 8.867 8.926 9.146 9.366 9.586 9.579 9.498 9.418 9.337 9.256 9.019 8.702 8.385 8.068 7.795 7.748 7.701 7.654 7.711 7.861 8.011 8.161 8.315 8.490 8.666 8.841 9.016 9.191 9.367 9.561 9.775 9.988 10.201 10.172 9.788 9.403 9.019 8.617 8.124 7.630 7.137 6.643 6.190 5.977 5.764 5.551 5.411 5.354 5.297 5.240 5.184 5.137 5.090 5.043 4.996 4.950 4.903 4.874 4.864 4.844 4.812
8.319 8.401 8.484 8.566 8.632 8.694 8.756 8.849 8.973 9.097 9.097 9.095 9.094 9.093 9.091 9.090 9.089 9.220 9.440 9.659 9.879 10.099 10.045 9.964 9.884 9.781 9.464 9.147 8.829 8.512 8.195 8.035 7.987 8.042 8.192 8.342 8.493 8.643 8.797 8.972 9.147 9.323 9.498 9.673 9.848 10.023 10.200 10.413 10.626 10.553 10.168 9.784 9.308 8.814 8.321 7.827 7.334 6.840 6.414 6.201 5.988 5.774 5.561 5.411 5.354 5.296 5.244 5.197 5.150 5.104 5.057 5.010 4.963 4.917 4.894 4.865 4.833
8.441 8.523 8.596 8.658 8.720 8.782 8.844 8.946 9.070 9.194 9.317 9.318 9.316 9.315 9.314 9.312 9.311 9.514 9.733 9.953 10.173 10.392 10.592 10.511 10.430 10.226 9.908 9.591 9.274 8.957 8.640 8.323 8.373 8.523 8.674 8.824 8.974 9.124 9.279 9.454 9.629 9.804 9.980 10.155 10.330 10.505 10.680 10.855 11.052 10.933 10.492 9.998 9.505 9.011 8.518 8.024 7.531 7.037 6.638 6.425 6.211 5.998 5.784 5.571 5.411 5.354 5.305 5.258 5.211 5.164 5.117 5.070 5.020 4.967 4.910 4.873 4.838
8.559 8.621 8.683 8.745 8.807 8.869 8.931 9.043 9.167 9.291 9.415 9.538 9.538 9.537 9.536 9.534 9.587 9.807 10.027 10.247 10.466 10.686 10.906 11.058 10.977 10.670 10.353 10.036 9.718 9.266 8.800 8.334 8.775 9.005 9.155 9.305 9.456 9.606 9.760 9.936 10.111 10.286 10.461 10.636 10.812 10.987 11.162 11.337 11.369 11.215 10.689 10.195 9.702 9.208 8.715 8.221 7.728 7.234 6.862 6.648 6.435 6.221 6.008 5.795 5.581 5.412 5.360 5.306 5.252 5.198 5.145 5.091 5.037 4.984 4.922 4.867 4.832
8.647 8.709 8.771 8.833 8.895 8.957 9.019 9.141 9.264 9.388 9.512 9.636 9.759 9.759 9.758 9.756 9.881 10.101 10.320 10.540 10.760 10.980 11.199 11.419 11.370 10.904 10.439 9.973 9.507 9.042 8.576 8.295 8.766 9.236 9.637 9.787 9.937 10.087 10.242 10.417 10.593 10.768 10.943 11.118 11.293 11.408 11.328 11.247 11.196 11.439 11.040 10.503 9.965 9.427 8.912 8.418 7.925 7.431 7.085 6.872 6.658 6.445 6.347 6.293 6.240 5.784 5.377 5.323 5.269 5.215 5.162 5.108 5.054 4.998 4.934 4.870 4.827
8.734 8.796 8.858 8.920 8.982 9.044 9.114 9.238 9.362 9.485 9.609 9.733 9.857 9.980 9.980 9.979 10.174 10.394 10.614 10.834 11.053 11.042 10.998 10.955 10.895 10.681 10.215 9.749 9.284 8.818 8.353 8.286 8.756 9.226 9.696 10.166 10.419 10.569 10.724 10.899 11.074 11.249 11.425 11.366 11.286 11.206 11.125 11.045 11.109 11.352 11.404 10.866 10.328 9.790 9.252 8.715 8.177 7.639 7.387 7.334 7.280 7.227 7.174 7.120 7.067 6.334 5.556 5.340 5.286 5.233 5.179 5.125 5.071 5.009 4.945 4.881 4.821
8.822 8.884 8.946 9.008 9.070 9.132 9.211 9.335 9.459 9.582 9.706 9.830 9.954 10.078 10.201 10.248 10.468 10.595 10.552 10.509 10.465 10.422 10.378 10.335 10.269 10.200 9.991 9.526 9.060 8.595 8.129 8.276 8.746 9.217 9.687 10.157 10.627 11.050 11.205 11.381 11.405 11.324 11.244 11.164 11.083 11.003 10.923 10.842 11.023 11.266 11.509 11.229 10.691 10.153 9.616 9.078 8.540 8.095 8.194 8.161 8.107 8.054 8.000 7.947 7.662 6.885 6.107 5.357 5.303 5.250 5.196 5.142 5.085 5.021 4.957 4.893 4.829
8.804 8.971 9.033 9.095 9.157 9.219 9.308 9.432 9.556 9.679 9.803 9.927 10.051 10.175 10.191 10.067 10.019 9.975 9.932 9.889 9.845 9.802 9.758 9.712 9.643 9.575 9.506 9.302 8.836 8.371 7.905 8.267 8.737 9.207 9.677 10.147 10.617 11.063 11.338 11.283 11.202 11.122 11.042 10.961 10.881 10.801 10.720 10.693 10.936 11.179 11.422 11.592 11.054 10.517 9.979 9.441 8.903 8.802 8.901 8.987 8.934 8.881 8.827 8.774 8.213 7.435 6.657 5.879 5.320 5.267 5.213 5.159 5.097 5.032 4.968 4.904 4.840
8.712 8.915 9.117 9.183 9.245 9.307 9.405 9.529 9.653 9.777 9.900 10.024 9.909 9.787 9.665 9.541 9.416 9.355 9.312 9.269 9.225 9.182 9.138 9.086 9.017 8.949 8.880 8.811 8.613 8.147 7.787 8.257 8.727 9.197 9.667 10.055 10.428 10.801 10.992 11.057 11.000 10.920 10.839 10.759 10.679 10.598 10.518 10.607 10.850 11.093 11.336 11.579 11.418 10.880 10.342 9.804 9.409 9.509 9.608 9.707 9.761 9.708 9.654 9.542 8.764 7.986 7.208 6.430 5.652 5.284 5.230 5.173 5.108 5.044 4.980 4.916 4.851
