includes/lisflood/results/res-0007.wd
ncols         631
nrows         906
xllcorner     364927.146600
yllcorner     6531972.565600
cellsize      20.000000
NODATA_value  -9999.000000
[rows 748 to 781 of 906, columns 462 to 538 of 631]
2.657 2.772 2.887 3.001 3.053 3.074 3.094 3.115 3.127 3.137 3.148 3.158 3.169 3.180 3.268 3.359 3.451 3.542 3.634 3.725 3.816 3.908 4.005 4.045 4.049 4.051 4.052 4.053 4.054 4.056 4.057 4.058 4.053 4.038 4.023 4.009 3.996 3.990 3.983 3.977 3.971 3.967 3.971 3.974 3.978 3.982 3.985 3.989 3.992 3.996 3.992 4.050 4.127 4.205 4.282 4.359 4.436 4.514 4.591 4.668 4.956 5.604 6.253 6.901 7.550 8.198 8.676 9.149 9.623 10.097 10.390 10.228 10.066 9.904 9.743 9.581 9.419
2.630 2.745 2.859 2.974 3.049 3.069 3.089 3.100 3.111 3.121 3.132 3.142 3.153 3.164 3.232 3.323 3.415 3.506 3.598 3.689 3.781 3.879 3.980 4.042 4.046 4.050 4.054 4.058 4.059 4.060 4.062 4.063 4.060 4.046 4.031 4.020 4.014 4.008 4.001 3.995 3.989 3.984 3.987 3.991 3.994 3.998 4.001 4.005 4.008 4.012 4.002 4.118 4.271 4.376 4.453 4.531 4.608 4.685 4.762 4.840 5.007 5.655 6.303 6.952 7.585 8.059 8.533 9.007 9.481 9.955 10.422 10.260 10.099 9.937 9.775 9.613 9.452
2.480 2.689 2.832 2.946 3.045 3.063 3.073 3.084 3.094 3.105 3.116 3.126 3.137 3.147 3.196 3.288 3.379 3.470 3.562 3.653 3.754 3.855 3.956 4.040 4.044 4.048 4.051 4.056 4.059 4.064 4.066 4.067 4.068 4.054 4.044 4.038 4.032 4.026 4.019 4.013 4.007 4.001 4.003 4.007 4.010 4.014 4.017 4.021 4.022 4.012 4.002 4.089 4.242 4.395 4.549 4.702 4.779 4.857 4.934 5.011 5.089 5.706 6.354 6.968 7.442 7.916 8.390 8.864 9.338 9.812 10.286 10.293 10.131 9.969 9.807 9.646 9.484
2.071 2.280 2.488 2.697 3.001 3.047 3.057 3.068 3.078 3.089 3.099 3.110 3.121 3.131 3.160 3.252 3.343 3.435 3.527 3.628 3.729 3.831 3.932 4.033 4.041 4.045 4.049 4.053 4.057 4.061 4.065 4.069 4.073 4.068 4.062 4.056 4.050 4.043 4.037 4.031 4.025 4.019 4.019 4.023 4.026 4.030 4.034 4.032 4.022 4.012 4.001 4.061 4.214 4.367 4.520 4.673 4.826 4.980 5.105 5.183 5.260 5.756 6.352 6.826 7.300 7.774 8.247 8.721 9.195 9.669 10.143 10.325 10.163 10.002 9.840 9.678 9.516
1.661 1.869 2.078 2.421 2.868 3.052 3.056 3.060 3.064 3.072 3.083 3.094 3.104 3.115 3.126 3.216 3.307 3.402 3.503 3.604 3.705 3.806 3.907 4.009 4.038 4.042 4.046 4.050 4.054 4.058 4.062 4.069 4.154 4.156 4.110 4.074 4.067 4.061 4.055 4.049 4.043 4.036 4.035 4.039 4.042 4.046 4.041 4.031 4.021 4.011 4.001 4.032 4.185 4.339 4.492 4.645 4.798 4.951 5.104 5.257 5.411 5.735 6.209 6.683 7.157 7.631 8.105 8.579 9.053 9.526 10.000 10.358 10.196 10.034 9.872 9.711 9.461
1.250 1.459 1.840 2.288 2.736 3.056 3.060 3.065 3.069 3.073 3.077 3.081 3.088 3.099 3.109 3.180 3.276 3.377 3.478 3.579 3.681 3.782 3.883 3.984 4.035 4.039 4.043 4.047 4.051 4.055 4.079 4.163 4.248 4.276 4.230 4.185 4.139 4.094 4.073 4.067 4.061 4.054 4.051 4.055 4.058 4.051 4.041 4.031 4.021 4.011 4.001 4.004 4.157 4.310 4.463 4.616 4.770 4.923 5.076 5.229 5.357 5.609 6.074 6.540 7.014 7.488 7.962 8.436 8.910 9.384 9.858 10.331 10.228 10.066 9.905 9.721 9.259
0.839 1.260 1.707 2.155 2.603 3.051 3.065 3.069 3.073 3.078 3.082 3.086 3.090 3.095 3.099 3.151 3.252 3.353 3.454 3.555 3.656 3.757 3.859 3.960 4.032 4.036 4.040 4.044 4.048 4.088 4.173 4.258 4.342 4.395 4.350 4.304 4.259 4.213 4.168 4.122 4.078 4.072 4.067 4.071 4.061 4.050 4.040 4.030 4.020 4.010 4.000 3.990 4.128 4.281 4.435 4.588 4.741 4.894 5.047 5.166 5.282 5.489 5.954 6.419 6.884 7.349 7.819 8.293 8.767 9.241 9.715 10.189 10.260 10.099 9.937 9.519 9.057
0.679 1.127 1.574 2.022 2.470 2.918 3.070 3.074 3.078 3.082 3.087 3.091 3.095 3.099 3.114 3.149 3.241 3.334 3.429 3.531 3.632 3.733 3.834 3.935 4.029 4.033 4.037 4.041 4.098 4.183 4.267 4.352 4.437 4.515 4.469 4.424 4.378 4.333 4.287 4.242 4.196 4.151 4.086 4.070 4.060 4.050 4.040 4.030 4.020 4.010 4.000 3.990 4.100 4.253 4.406 4.559 4.712 4.858 4.974 5.090 5.206 5.369 5.834 6.299 6.764 7.229 7.694 8.158 8.624 9.098 9.572 10.046 10.293 10.131 9.778 9.317 8.855
0.546 0.993 1.441 1.889 2.337 2.785 3.074 3.079 3.083 3.087 3.091 3.095 3.100 3.117 3.134 3.151 3.241 3.333 3.426 3.519 3.612 3.708 3.810 3.911 4.012 4.030 4.034 4.108 4.192 4.277 4.362 4.446 4.531 4.616 4.589 4.544 4.498 4.453 4.407 4.362 4.316 4.231 4.102 4.067 4.058 4.049 4.039 4.029 4.019 4.009 3.999 3.989 4.071 4.224 4.378 4.531 4.666 4.782 4.898 5.014 5.130 5.249 5.714 6.179 6.644 7.109 7.573 8.038 8.503 8.968 9.433 9.903 10.325 10.038 9.576 9.114 8.652
0.413 0.861 1.309 1.756 2.204 2.652 3.079 3.083 3.087 3.092 3.096 3.102 3.119 3.136 3.153 3.171 3.240 3.333 3.426 3.518 3.611 3.704 3.797 3.889 3.988 4.033 4.117 4.202 4.287 4.371 4.456 4.541 4.625 4.710 4.709 4.663 4.618 4.572 4.527 4.481 4.377 4.248 4.119 4.063 4.055 4.046 4.037 4.028 4.019 4.009 3.999 3.989 4.042 4.196 4.349 4.474 4.590 4.706 4.823 4.939 5.055 5.171 5.594 6.059 6.524 6.989 7.453 7.918 8.383 8.848 9.313 9.778 10.207 10.083 9.659 9.236 8.812
0.281 0.728 1.176 1.624 2.072 2.520 2.968 3.088 3.092 3.096 3.104 3.122 3.139 3.156 3.173 3.190 3.240 3.333 3.425 3.518 3.611 3.703 3.796 3.889 3.993 4.115 4.212 4.296 4.381 4.466 4.550 4.635 4.720 4.804 4.829 4.783 4.737 4.692 4.646 4.523 4.393 4.264 4.135 4.060 4.051 4.042 4.034 4.025 4.016 4.007 3.998 3.988 4.014 4.166 4.282 4.398 4.515 4.631 4.747 4.863 4.979 5.095 5.474 5.939 6.404 6.869 7.333 7.798 8.263 8.728 9.193 9.582 9.968 10.143 10.029 9.605 9.182
0.080 0.567 1.044 1.491 1.939 2.387 2.835 3.093 3.097 3.107 3.124 3.141 3.158 3.176 3.193 3.210 3.239 3.332 3.425 3.517 3.610 3.703 3.796 3.908 4.048 4.179 4.276 4.372 4.468 4.560 4.645 4.729 4.814 4.899 4.948 4.903 4.857 4.798 4.669 4.539 4.410 4.281 4.151 4.056 4.048 4.039 4.030 4.021 4.012 4.004 3.995 3.986 3.982 4.090 4.207 4.323 4.439 4.555 4.671 4.787 4.903 5.019 5.354 5.819 6.284 6.749 7.213 7.678 8.143 8.567 8.956 9.345 9.715 9.891 10.066 9.975 9.552
0.000 0.274 0.762 1.251 1.740 2.229 2.703 3.097 3.109 3.126 3.144 3.161 3.178 3.195 3.212 3.230 3.247 3.332 3.424 3.517 3.610 3.702 3.824 3.963 4.103 4.242 4.340 4.436 4.533 4.629 4.726 4.822 4.908 4.993 5.068 5.022 4.944 4.814 4.685 4.556 4.426 4.297 4.168 4.053 4.044 4.035 4.026 4.018 4.009 4.000 3.991 3.981 3.970 4.053 4.145 4.247 4.363 4.479 4.595 4.711 4.827 4.943 5.234 5.699 6.164 6.628 7.093 7.553 7.942 8.331 8.720 9.109 9.463 9.638 9.813 9.988 9.922
0.000 0.009 0.468 0.957 1.446 1.935 2.424 2.978 3.124 3.146 3.163 3.180 3.198 3.215 3.232 3.249 3.266 3.331 3.424 3.516 3.609 3.739 3.878 4.018 4.157 4.297 4.404 4.500 4.597 4.693 4.790 4.886 4.983 5.079 5.172 5.089 4.960 4.831 4.701 4.572 4.442 4.313 4.184 4.054 4.040 4.032 4.023 4.014 4.005 3.996 3.985 3.974 3.963 4.034 4.125 4.216 4.307 4.403 4.519 4.635 4.751 4.868 5.114 5.579 6.043 6.508 6.928 7.317 7.706 8.095 8.484 8.873 9.211 9.386 9.561 9.736 9.911
0.000 0.000 0.175 0.662 1.151 1.641 2.203 2.782 3.126 3.149 3.172 3.194 3.217 3.234 3.252 3.269 3.286 3.331 3.423 3.516 3.654 3.793 3.933 4.072 4.212 4.352 4.468 4.564 4.661 4.757 4.854 4.950 5.047 5.143 5.139 5.066 4.972 4.847 4.718 4.588 4.459 4.330 4.200 4.071 4.037 4.028 4.019 4.010 4.001 3.990 3.978 3.967 3.956 4.014 4.105 4.196 4.287 4.379 4.470 4.561 4.676 4.792 4.994 5.459 5.913 6.302 6.692 7.081 7.470 7.859 8.248 8.637 8.958 9.133 9.308 9.483 9.658
2.018 2.088 0.000 2.244 2.234 1.429 2.007 2.586 3.129 3.152 3.175 3.197 3.220 3.243 3.265 3.288 3.306 3.330 3.429 3.569 3.708 3.848 3.987 4.127 4.267 4.406 4.532 4.628 4.725 4.821 4.918 5.014 5.101 5.080 5.058 4.998 4.904 4.810 4.716 4.605 4.475 4.346 4.216 4.087 4.033 4.024 4.015 4.006 3.994 3.983 3.972 3.960 3.949 3.994 4.085 4.176 4.268 4.359 4.450 4.541 4.632 4.723 4.874 5.288 5.677 6.066 6.455 6.845 7.234 7.623 8.012 8.401 8.706 8.881 9.056 9.231 9.406
1.548 2.188 0.000 0.078 0.655 1.233 1.811 2.389 2.968 3.155 3.177 3.200 3.223 3.245 3.268 3.291 3.314 3.350 3.484 3.623 3.763 3.903 4.042 4.182 4.321 4.461 4.596 4.692 4.789 4.885 4.982 5.042 5.021 4.999 4.978 4.930 4.836 4.742 4.648 4.554 4.460 4.362 4.233 4.103 4.029 4.021 4.010 3.999 3.987 3.976 3.965 3.953 3.942 3.974 4.065 4.157 4.248 4.339 4.430 4.521 4.612 4.704 4.809 5.073 5.441 5.830 6.219 6.608 6.997 7.387 7.776 8.165 8.453 8.628 8.803 8.978 9.153
0.978 1.828 0.000 0.002 0.459 1.037 1.615 2.193 2.772 3.157 3.180 3.203 3.226 3.248 3.271 3.294 3.336 3.406 3.519 3.666 3.813 3.957 4.097 4.236 4.376 4.516 4.655 4.756 4.853 4.949 4.983 4.962 4.940 4.919 4.897 4.862 4.768 4.674 4.580 4.486 4.392 4.298 4.204 4.111 4.026 4.014 4.003 3.992 3.980 3.969 3.958 3.946 3.935 3.954 4.046 4.137 4.228 4.319 4.410 4.501 4.595 4.693 4.790 5.053 5.318 5.594 5.983 6.372 6.761 7.150 7.539 7.928 8.200 8.376 8.551 8.726 8.901
0.000 1.558 2.218 0.000 0.263 0.840 1.419 1.997 2.575 3.154 3.183 3.206 3.228 3.251 3.274 3.321 3.391 3.461 3.554 3.701 3.848 3.996 4.143 4.290 4.431 4.570 4.710 4.820 4.916 4.924 4.903 4.881 4.860 4.838 4.817 4.793 4.700 4.606 4.512 4.418 4.324 4.230 4.136 4.055 4.012 4.005 3.996 3.985 3.973 3.962 3.951 3.939 3.928 3.935 4.026 4.117 4.208 4.299 4.390 4.487 4.584 4.681 4.778 5.033 5.297 5.562 5.826 6.136 6.525 6.914 7.303 7.692 7.948 8.123 8.298 8.473 8.648
0.000 1.198 1.848 0.000 0.069 0.644 1.222 1.801 2.379 2.957 3.186 3.208 3.231 3.254 3.306 3.376 3.446 3.516 3.589 3.736 3.883 4.030 4.178 4.325 4.472 4.619 4.764 4.884 4.865 4.844 4.822 4.801 4.779 4.758 4.736 4.714 4.631 4.537 4.443 4.350 4.256 4.162 4.093 4.043 3.994 3.988 3.981 3.974 3.966 3.955 3.944 3.932 3.921 3.915 4.006 4.097 4.188 4.281 4.378 4.475 4.573 4.670 4.767 5.013 5.277 5.541 5.806 6.070 6.334 6.678 7.067 7.456 7.695 7.870 8.045 8.228 8.505
0.000 0.618 1.298 2.128 0.000 0.448 1.026 1.604 2.183 2.761 3.188 3.211 3.234 3.291 3.361 3.431 3.501 3.571 3.641 3.771 3.918 4.065 4.213 4.360 4.507 4.654 4.795 4.859 4.791 4.763 4.741 4.720 4.698 4.677 4.655 4.634 4.563 4.469 4.375 4.281 4.187 4.131 4.081 4.031 3.982 3.970 3.964 3.957 3.950 3.944 3.937 3.925 3.914 3.903 3.986 4.077 4.172 4.270 4.367 4.464 4.561 4.658 4.756 4.993 5.257 5.521 5.786 6.050 6.314 6.578 6.843 7.220 7.442 7.657 7.934 8.212 8.489
0.000 0.000 0.898 1.598 2.238 0.316 0.873 1.429 1.986 2.565 3.143 3.214 3.277 3.346 3.416 3.486 3.556 3.626 3.696 3.806 3.953 4.100 4.247 4.395 4.542 4.677 4.789 4.886 4.818 4.750 4.682 4.639 4.618 4.596 4.574 4.553 4.494 4.401 4.307 4.218 4.169 4.119 4.069 4.020 3.970 3.953 3.946 3.940 3.933 3.926 3.920 3.913 3.906 3.896 3.966 4.064 4.161 4.258 4.355 4.453 4.550 4.647 4.744 4.972 5.237 5.501 5.765 6.030 6.294 6.558 6.823 7.059 7.364 7.641 7.919 8.196 8.474
0.000 0.000 0.538 1.268 2.039 0.193 0.751 1.307 1.863 2.419 2.975 3.260 3.332 3.402 3.471 3.541 3.611 3.681 3.751 3.841 3.988 4.135 4.282 4.429 4.558 4.670 4.783 4.895 4.845 4.777 4.709 4.641 4.573 4.515 4.493 4.472 4.426 4.332 4.256 4.206 4.157 4.107 4.057 4.008 3.958 3.935 3.929 3.922 3.915 3.909 3.902 3.896 3.889 3.882 3.952 4.052 4.149 4.247 4.344 4.441 4.538 4.636 4.733 4.952 5.216 5.481 5.745 6.009 6.274 6.535 6.735 6.934 7.267 7.621 7.903 8.180 8.458
0.000 0.000 0.000 0.919 1.519 2.129 0.629 1.185 1.742 2.298 2.825 3.254 3.347 3.441 3.527 3.597 3.666 3.736 3.806 3.876 4.023 4.170 4.317 4.440 4.552 4.664 4.776 4.888 4.873 4.805 4.736 4.668 4.600 4.532 4.464 4.396 4.357 4.294 4.244 4.194 4.145 4.095 4.045 3.996 3.946 3.918 3.911 3.904 3.898 3.891 3.885 3.878 3.871 3.862 3.921 4.028 4.135 4.235 4.333 4.430 4.527 4.624 4.722 4.932 5.196 5.461 5.725 5.989 6.211 6.411 6.610 6.810 7.147 7.501 7.854 8.165 8.442
0.000 0.000 0.000 0.000 1.359 2.089 0.508 1.064 1.620 2.148 2.671 3.194 3.341 3.435 3.528 3.622 3.715 3.792 3.861 3.932 4.058 4.205 4.321 4.433 4.546 4.658 4.770 4.882 4.900 4.832 4.764 4.696 4.628 4.560 4.492 4.424 4.364 4.290 4.232 4.183 4.133 4.083 4.034 3.984 3.935 3.900 3.894 3.887 3.880 3.874 3.867 3.859 3.851 3.843 3.889 3.996 4.103 4.210 4.317 4.418 4.516 4.613 4.710 4.912 5.176 5.440 5.687 5.886 6.086 6.286 6.486 6.685 7.027 7.381 7.734 8.087 8.426
0.000 0.000 0.000 0.000 0.889 1.428 2.148 0.943 1.472 1.995 2.518 3.041 3.335 3.428 3.522 3.615 3.709 3.803 3.896 3.987 4.091 4.203 4.315 4.427 4.539 4.652 4.764 4.876 4.927 4.859 4.791 4.723 4.655 4.587 4.521 4.463 4.404 4.332 4.257 4.183 4.122 4.072 4.023 3.973 3.923 3.883 3.877 3.870 3.863 3.856 3.848 3.840 3.832 3.824 3.858 3.965 4.072 4.179 4.286 4.393 4.500 4.602 4.699 4.892 5.156 5.363 5.562 5.762 5.962 6.161 6.361 6.561 6.907 7.260 7.614 7.967 8.321
0.000 0.000 0.000 0.000 0.000 1.148 1.818 0.796 1.319 1.842 2.365 2.888 3.328 3.422 3.515 3.609 3.702 3.796 3.890 3.989 4.111 4.201 4.309 4.421 4.533 4.645 4.757 4.869 4.955 4.887 4.819 4.751 4.683 4.619 4.561 4.502 4.443 4.373 4.299 4.224 4.150 4.076 4.011 3.961 3.912 3.866 3.859 3.853 3.845 3.837 3.829 3.821 3.813 3.805 3.826 3.933 4.041 4.148 4.255 4.362 4.469 4.576 4.683 4.839 5.039 5.239 5.438 5.638 5.838 6.037 6.237 6.436 6.787 7.141 7.494 7.847 8.201
0.000 0.000 0.000 0.000 0.000 0.717 1.467 2.086 1.166 1.689 2.212 2.735 3.258 3.415 3.509 3.602 3.696 3.790 3.892 4.024 4.155 4.245 4.335 4.425 4.526 4.639 4.751 4.863 4.975 4.914 4.846 4.777 4.717 4.658 4.599 4.541 4.482 4.413 4.339 4.265 4.191 4.117 4.043 3.969 3.900 3.850 3.841 3.833 3.825 3.817 3.809 3.801 3.793 3.785 3.794 3.902 4.009 4.116 4.224 4.331 4.438 4.545 4.538 4.639 4.900 5.114 5.314 5.513 5.713 5.913 6.112 6.314 6.667 7.021 7.374 7.728 8.081
0.000 0.000 0.000 0.000 0.000 0.000 1.046 1.946 1.013 1.536 2.059 2.582 3.105 3.409 3.502 3.596 3.689 3.794 3.926 4.058 4.190 4.288 4.378 4.468 4.558 4.648 4.744 4.856 4.969 4.941 4.873 4.814 4.755 4.697 4.638 4.579 4.521 4.454 4.380 4.306 4.232 4.158 4.083 4.009 3.935 3.867 3.821 3.813 3.805 3.797 3.789 3.781 3.774 3.766 3.763 3.870 3.977 4.085 4.192 4.299 4.382 4.355 4.328 4.408 4.668 4.928 5.188 5.389 5.589 5.788 5.988 6.194 6.547 6.901 7.254 7.608 7.961
0.000 0.000 0.000 0.000 0.000 0.000 0.685 1.454 2.084 1.383 1.905 2.428 2.951 3.402 3.496 3.589 3.697 3.829 3.961 4.093 4.225 4.331 4.421 4.511 4.602 4.692 4.782 4.872 4.962 4.970 4.912 4.853 4.794 4.735 4.677 4.618 4.559 4.495 4.421 4.347 4.272 4.198 4.124 4.050 3.987 3.928 3.879 3.832 3.786 3.778 3.770 3.762 3.754 3.746 3.738 3.838 3.946 4.053 4.160 4.198 4.171 4.144 4.117 4.176 4.436 4.696 4.956 5.216 5.464 5.664 5.863 6.074 6.427 6.781 7.134 7.436 7.715
0.000 0.000 0.000 0.000 0.000 0.000 0.000 1.104 1.803 1.049 1.658 2.268 2.798 3.321 3.489 3.599 3.731 3.863 3.995 4.127 4.259 4.375 4.465 4.555 4.645 4.735 4.825 4.915 4.978 4.983 4.948 4.892 4.833 4.774 4.715 4.657 4.598 4.535 4.461 4.387 4.313 4.239 4.166 4.107 4.048 3.989 3.938 3.892 3.846 3.799 3.753 3.742 3.734 3.726 3.718 3.806 3.914 4.021 4.014 3.987 3.960 3.933 3.906 3.944 4.204 4.464 4.724 4.985 5.245 5.505 5.739 5.954 6.307 6.611 6.891 7.171 7.450
0.000 0.000 0.000 0.000 0.000 0.000 0.000 0.000 1.382 2.121 1.293 1.902 2.511 3.121 3.501 3.633 3.765 3.897 4.029 4.161 4.293 4.418 4.508 4.598 4.688 4.778 4.868 4.920 4.958 4.973 4.938 4.903 4.868 4.813 4.754 4.695 4.637 4.576 4.502 4.428 4.354 4.286 4.227 4.168 4.109 4.050 3.998 3.951 3.905 3.859 3.813 3.767 3.721 3.706 3.698 3.774 3.857 3.830 3.803 3.776 3.749 3.722 3.695 3.712 3.972 4.232 4.493 4.753 5.013 5.273 5.533 5.816 6.067 6.346 6.626 6.906 7.185
0.000 0.000 0.000 0.000 0.000 0.000 0.000 0.000 1.121 1.721 0.927 1.536 2.145 2.836 3.520 3.661 3.800 3.932 4.064 4.196 4.328 4.460 4.551 4.641 4.731 4.821 4.862 4.900 4.938 4.963 4.928 4.893 4.858 4.823 4.788 4.734 4.675 4.617 4.543 4.469 4.406 4.347 4.288 4.229 4.170 4.111 4.057 4.011 3.965 3.918 3.872 3.826 3.780 3.734 3.688 3.671 3.645 3.618 3.592 3.565 3.538 3.511 3.484 3.480 3.740 4.000 4.260 4.521 4.781 5.041 5.387 5.711 5.882 6.081 6.361 6.641 6.920
0.000 0.000 0.000 0.000 0.000 0.000 0.000 0.000 0.000 1.449 0.561 1.169 1.809 2.686 3.535 3.676 3.817 3.959 4.098 4.230 4.362 4.494 4.594 4.684 4.765 4.804 4.842 4.880 4.919 4.952 4.918 4.883 4.848 4.813 4.778 4.743 4.708 4.655 4.586 4.526 4.467 4.408 4.349 4.290 4.231 4.172 4.117 4.070 4.024 3.978 3.932 3.885 3.839 3.793 3.722 3.621 3.490 3.406 3.380 3.353 3.326 3.300 3.273 3.247 3.508 3.768 4.028 4.289 4.591 4.937 5.283 5.606 5.777 5.949 6.120 6.376 6.655
