includes/lisflood/results/res-0008.wdfp
ncols         631
nrows         906
xllcorner     364927.146600
yllcorner     6531972.565600
cellsize      20.000000
NODATA_value  -9999.000000
[rows 306 to 339 of 906, columns 385 to 461 of 631]
0.002 0.004 0.012 0.040 0.069 0.002 0.061 0.000 0.000 0.043 0.145 0.145 0.007 0.108 0.002 0.001 0.133 0.213 0.233 0.043 0.006 0.005 0.005 0.000 0.006 0.003 0.007 0.010 0.038 0.015 0.054 0.001 0.149 0.002 0.100 0.206 0.108 0.073 0.187 0.112 0.054 0.130 0.094 0.162 0.264 0.190 0.205 0.159 0.023 0.139 0.143 0.172 0.193 0.803 0.263 0.796 0.793 0.789 0.786 0.788 0.797 0.807 0.816 0.825 0.834 0.843 0.852 0.860 0.869 0.878 0.887 0.896 0.911 0.927 0.942 0.957 0.972
0.109 0.002 0.005 0.003 0.000 0.075 0.000 0.001 0.014 0.043 0.065 0.094 0.024 0.031 0.048 0.076 0.000 0.022 0.223 0.007 0.011 0.045 0.173 0.001 0.032 0.000 0.000 0.142 0.059 0.053 0.074 0.006 0.018 0.116 0.054 0.205 0.118 0.322 0.158 0.160 0.134 0.338 0.395 0.220 0.235 0.269 0.345 0.102 0.143 0.141 0.183 0.144 0.249 0.176 0.191 0.795 0.792 0.789 0.786 0.782 0.788 0.798 0.807 0.816 0.825 0.834 0.842 0.851 0.860 0.869 0.877 0.890 0.905 0.921 0.936 0.951 0.966
0.005 0.037 0.004 0.008 0.039 0.055 0.093 0.020 0.036 0.085 0.000 0.034 0.000 0.038 0.075 0.054 0.000 0.109 0.045 0.104 0.285 0.085 0.061 0.034 0.129 0.003 0.013 0.037 0.049 0.062 0.080 0.068 0.095 0.087 0.166 0.095 0.102 0.202 0.311 0.266 0.166 0.170 0.189 0.155 0.099 0.208 0.153 0.155 0.111 0.157 0.114 0.202 0.113 0.822 0.229 0.280 0.792 0.789 0.786 0.782 0.780 0.789 0.798 0.807 0.816 0.825 0.833 0.842 0.851 0.860 0.869 0.884 0.900 0.915 0.930 0.945 0.960
0.006 0.002 0.004 0.003 0.032 0.000 0.000 0.000 0.004 0.020 0.096 0.116 0.055 0.058 0.103 0.085 0.079 0.040 0.011 0.019 0.052 0.187 0.194 0.211 0.064 0.131 0.099 0.102 0.139 0.102 0.072 0.103 0.224 0.197 0.376 0.280 0.328 0.208 0.186 0.207 0.098 0.224 0.147 0.026 0.077 0.116 0.161 0.206 0.052 0.065 0.135 0.146 0.246 0.279 0.196 0.251 0.136 0.791 0.787 0.783 0.779 0.780 0.789 0.798 0.807 0.816 0.824 0.833 0.842 0.850 0.863 0.879 0.894 0.909 0.924 0.939 0.954
0.002 0.049 0.129 0.002 0.012 0.000 0.000 0.036 0.009 0.042 0.006 0.000 0.019 0.000 0.000 0.097 0.107 0.032 0.073 0.118 0.008 0.079 0.154 0.105 0.333 0.401 0.539 0.293 0.209 0.312 0.310 0.020 0.063 0.084 0.152 0.151 0.052 0.147 0.122 0.089 0.127 0.118 0.008 0.181 0.024 0.094 0.059 0.062 0.131 0.068 0.089 0.102 0.140 0.134 0.184 0.235 0.801 0.794 0.789 0.784 0.780 0.776 0.780 0.789 0.798 0.806 0.815 0.824 0.832 0.842 0.857 0.873 0.888 0.903 0.918 0.933 0.949
0.000 0.000 0.006 0.006 0.009 0.000 0.052 0.010 0.000 0.000 0.010 0.014 0.048 0.176 0.115 0.084 0.050 0.191 0.165 0.094 0.119 0.136 0.115 0.105 0.105 0.087 0.129 0.070 0.227 0.109 0.129 0.346 0.173 0.194 0.123 0.187 0.113 0.053 0.126 0.072 0.005 0.012 0.020 0.069 0.024 0.092 0.094 0.156 0.060 0.111 0.052 0.161 0.199 0.841 0.254 0.223 0.801 0.794 0.789 0.784 0.779 0.775 0.771 0.780 0.789 0.797 0.806 0.815 0.823 0.836 0.852 0.867 0.882 0.897 0.912 0.928 0.943
0.000 0.013 0.072 0.052 0.000 0.000 0.002 0.000 0.027 0.002 0.004 0.025 0.019 0.031 0.204 0.112 0.199 0.076 0.029 0.200 0.120 0.068 0.094 0.065 0.096 0.071 0.071 0.125 0.185 0.225 0.288 0.070 0.192 0.063 0.476 0.160 0.133 0.216 0.131 0.347 0.231 0.419 0.339 0.331 0.357 0.342 0.249 0.203 0.145 0.278 0.182 0.204 0.131 0.225 0.247 0.817 0.806 0.794 0.787 0.782 0.778 0.775 0.771 0.770 0.779 0.788 0.797 0.805 0.815 0.830 0.846 0.861 0.876 0.891 0.907 0.922 0.937
0.000 0.001 0.000 0.000 0.003 0.000 0.000 0.035 0.001 0.011 0.045 0.013 0.128 0.015 0.043 0.102 0.140 0.060 0.022 0.030 0.025 0.109 0.144 0.085 0.033 0.133 0.082 0.086 0.345 0.053 0.135 0.258 0.252 0.400 0.541 0.322 0.236 0.149 0.094 0.654 0.102 0.070 0.247 0.749 0.248 0.399 0.804 0.835 0.864 0.892 0.886 0.878 0.864 0.849 0.833 0.821 0.810 0.288 0.272 0.269 0.778 0.774 0.770 0.766 0.770 0.779 0.787 0.796 0.809 0.825 0.840 0.855 0.870 0.885 0.901 0.916 0.931
0.000 0.000 0.000 0.013 0.152 0.000 0.000 0.005 0.061 0.000 0.012 0.024 0.032 0.002 0.102 0.142 0.081 0.001 0.070 0.069 0.005 0.014 0.048 0.108 0.151 0.147 0.045 0.000 0.057 0.103 0.064 0.131 0.082 0.162 0.067 0.232 0.146 0.090 0.084 0.669 0.258 0.498 0.032 0.202 0.101 0.196 0.097 0.109 0.883 0.278 0.883 0.878 0.190 0.286 0.829 0.823 0.250 0.281 0.294 0.782 0.778 0.773 0.770 0.766 0.762 0.769 0.778 0.788 0.803 0.819 0.834 0.849 0.864 0.880 0.895 0.910 0.925
0.000 0.000 0.000 0.000 0.032 0.000 0.008 0.004 0.091 0.058 0.038 0.010 0.022 0.091 0.000 0.092 0.001 0.031 0.000 0.003 0.031 0.002 0.126 0.087 0.172 0.002 0.092 0.245 0.117 0.142 0.173 0.090 0.161 0.223 0.157 0.152 0.096 0.031 0.054 0.064 0.078 0.098 0.103 0.205 0.130 0.136 0.292 0.896 0.208 0.204 0.206 0.281 0.295 0.336 0.203 0.821 0.295 0.305 0.786 0.781 0.776 0.772 0.769 0.765 0.761 0.760 0.769 0.782 0.797 0.813 0.828 0.843 0.858 0.874 0.889 0.904 0.919
0.000 0.000 0.000 0.000 0.005 0.010 0.005 0.016 0.024 0.004 0.008 0.034 0.010 0.037 0.044 0.052 0.139 0.219 0.002 0.155 0.049 0.041 0.070 0.204 0.181 0.099 0.093 0.175 0.048 0.122 0.201 0.195 0.088 0.123 0.187 0.131 0.112 0.163 0.125 0.289 0.276 0.200 0.363 0.211 0.087 0.080 0.118 0.159 0.228 0.116 0.299 0.366 0.278 0.857 0.293 0.281 0.821 0.234 0.283 0.297 0.774 0.771 0.767 0.764 0.760 0.756 0.760 0.776 0.791 0.807 0.822 0.837 0.852 0.868 0.883 0.898 0.913
0.000 0.000 0.000 0.000 0.000 0.000 0.029 0.012 0.030 0.080 0.000 0.007 0.009 0.021 0.012 0.022 0.109 0.109 0.050 0.049 0.013 0.081 0.072 0.000 0.053 0.160 0.312 0.145 0.159 0.107 0.082 0.122 0.109 0.183 0.167 0.190 0.120 0.114 0.204 0.409 0.775 0.099 0.821 0.152 0.163 0.138 0.329 0.252 0.206 0.260 0.256 0.881 0.243 0.254 0.298 0.258 0.290 0.811 0.282 0.285 0.258 0.765 0.761 0.757 0.753 0.748 0.755 0.770 0.785 0.800 0.816 0.831 0.846 0.861 0.877 0.892 0.907
0.000 0.000 0.000 0.000 0.000 0.001 0.049 0.016 0.012 0.004 0.016 0.117 0.000 0.054 0.000 0.002 0.007 0.015 0.080 0.144 0.115 0.115 0.094 0.070 0.160 0.033 0.130 0.214 0.179 0.088 0.181 0.082 0.118 0.124 0.097 0.177 0.160 0.145 0.177 0.156 0.083 0.240 0.293 0.182 0.164 0.082 0.921 0.296 0.162 0.222 0.193 0.291 0.337 0.230 0.842 0.235 0.307 0.228 0.790 0.279 0.767 0.298 0.751 0.746 0.742 0.741 0.752 0.764 0.779 0.794 0.810 0.825 0.840 0.855 0.870 0.885 0.901
0.226 0.000 0.000 0.000 0.000 0.000 0.119 0.029 0.000 0.013 0.077 0.000 0.000 0.008 0.030 0.000 0.031 0.052 0.114 0.034 0.144 0.079 0.003 0.000 0.041 0.040 0.101 0.065 0.168 0.128 0.221 0.152 0.140 0.253 0.217 0.197 0.209 0.156 0.229 0.096 0.173 0.212 0.193 0.819 0.233 0.163 0.356 0.170 0.177 0.254 0.316 0.248 0.231 0.354 0.318 0.330 0.322 0.242 0.776 0.261 0.245 0.748 0.741 0.736 0.731 0.738 0.749 0.760 0.773 0.788 0.803 0.819 0.834 0.849 0.864 0.879 0.894
0.096 0.000 0.000 0.000 0.000 0.023 0.009 0.100 0.003 0.001 0.067 0.000 0.003 0.000 0.000 0.075 0.036 0.045 0.035 0.025 0.017 0.108 0.063 0.055 0.031 0.061 0.001 0.066 0.128 0.098 0.150 0.152 0.111 0.071 0.049 0.123 0.389 0.005 0.168 0.087 0.203 0.205 0.193 0.200 0.310 0.273 0.303 0.216 0.266 0.120 0.164 0.270 0.303 0.367 0.323 0.226 0.209 0.218 0.185 0.272 0.745 0.738 0.730 0.724 0.723 0.734 0.746 0.757 0.769 0.782 0.797 0.812 0.828 0.843 0.858 0.873 0.888
0.026 0.000 0.000 0.000 0.002 0.123 0.043 0.000 0.004 0.056 0.012 0.060 0.024 0.044 0.036 0.059 0.007 0.008 0.012 0.016 0.039 0.068 0.063 0.084 0.096 0.011 0.026 0.041 0.070 0.033 0.109 0.142 0.110 0.121 0.118 0.311 0.178 0.138 0.238 0.169 0.142 0.191 0.067 0.218 0.320 0.282 0.315 0.230 0.128 0.255 0.246 0.246 0.266 0.299 0.335 0.290 0.796 0.202 0.287 0.284 0.734 0.729 0.265 0.292 0.722 0.279 0.743 0.754 0.766 0.777 0.791 0.806 0.821 0.836 0.852 0.867 0.882
0.000 0.000 0.000 0.000 0.000 0.053 0.000 0.080 0.030 0.000 0.003 0.000 0.061 0.037 0.018 0.111 0.041 0.000 0.000 0.105 0.009 0.118 0.044 0.034 0.143 0.191 0.052 0.155 0.088 0.022 0.220 0.055 0.115 0.361 0.016 0.220 0.417 0.119 0.208 0.209 0.174 0.173 0.406 0.181 0.152 0.242 0.415 0.270 0.388 0.320 0.263 0.121 0.164 0.331 0.278 0.223 0.783 0.296 0.271 0.729 0.723 0.718 0.713 0.711 0.720 0.731 0.741 0.752 0.763 0.774 0.785 0.800 0.815 0.830 0.845 0.860 0.876
0.000 0.000 0.000 0.000 0.000 0.002 0.000 0.001 0.000 0.024 0.001 0.107 0.010 0.012 0.000 0.005 0.006 0.060 0.045 0.015 0.085 0.021 0.019 0.089 0.002 0.018 0.269 0.082 0.082 0.024 0.030 0.041 0.153 0.181 0.102 0.079 0.237 0.232 0.138 0.065 0.154 0.206 0.072 0.180 0.174 0.156 0.265 0.281 0.160 0.200 0.263 0.268 0.194 0.173 0.253 0.256 0.285 0.278 0.237 0.716 0.711 0.705 0.701 0.706 0.716 0.727 0.737 0.748 0.759 0.770 0.782 0.793 0.808 0.824 0.839 0.854 0.869
0.000 0.000 0.000 0.000 0.000 0.000 0.001 0.126 0.076 0.024 0.219 0.007 0.027 0.000 0.000 0.147 0.030 0.142 0.007 0.010 0.025 0.018 0.036 0.109 0.114 0.108 0.098 0.018 0.022 0.074 0.048 0.126 0.001 0.096 0.232 0.121 0.168 0.132 0.208 0.156 0.275 0.137 0.092 0.170 0.194 0.188 0.218 0.183 0.095 0.230 0.802 0.199 0.325 0.320 0.269 0.240 0.211 0.748 0.743 0.279 0.700 0.302 0.694 0.248 0.712 0.722 0.734 0.745 0.756 0.767 0.778 0.789 0.802 0.817 0.832 0.848 0.863
0.000 0.000 0.000 0.000 0.000 0.000 0.000 0.000 0.026 0.000 0.000 0.000 0.000 0.028 0.025 0.021 0.005 0.022 0.016 0.115 0.023 0.059 0.000 0.025 0.029 0.000 0.108 0.003 0.002 0.094 0.050 0.047 0.053 0.215 0.162 0.035 0.109 0.194 0.084 0.088 0.355 0.127 0.122 0.200 0.205 0.190 0.151 0.302 0.307 0.214 0.315 0.291 0.230 0.300 0.271 0.371 0.757 0.337 0.340 0.287 0.293 0.684 0.691 0.310 0.709 0.266 0.730 0.741 0.752 0.763 0.774 0.786 0.797 0.810 0.826 0.841 0.856
0.000 0.000 0.000 0.000 0.000 0.000 0.000 0.000 0.096 0.001 0.058 0.048 0.000 0.039 0.039 0.004 0.108 0.008 0.005 0.095 0.005 0.000 0.164 0.214 0.001 0.011 0.035 0.065 0.151 0.022 0.037 0.069 0.031 0.097 0.212 0.135 0.144 0.116 0.117 0.091 0.405 0.167 0.142 0.153 0.235 0.242 0.134 0.263 0.168 0.185 0.276 0.223 0.176 0.264 0.166 0.342 0.318 0.312 0.275 0.255 0.271 0.321 0.685 0.696 0.706 0.718 0.727 0.738 0.749 0.760 0.771 0.782 0.793 0.804 0.819 0.834 0.850
0.000 0.000 0.000 0.000 0.000 0.000 0.000 0.000 0.000 0.000 0.002 0.016 0.058 0.008 0.008 0.005 0.039 0.000 0.019 0.003 0.047 0.047 0.022 0.065 0.074 0.005 0.020 0.003 0.028 0.075 0.044 0.054 0.077 0.084 0.112 0.165 0.116 0.226 0.138 0.093 0.029 0.068 0.101 0.122 0.205 0.181 0.165 0.158 0.190 0.100 0.237 0.723 0.322 0.174 0.135 0.278 0.225 0.297 0.243 0.226 0.206 0.284 0.246 0.691 0.702 0.713 0.724 0.734 0.745 0.756 0.766 0.778 0.789 0.801 0.812 0.828 0.843
0.000 0.000 0.000 0.000 0.000 0.000 0.000 0.000 0.000 0.000 0.002 0.001 0.000 0.000 0.047 0.002 0.007 0.002 0.001 0.003 0.004 0.027 0.000 0.047 0.030 0.049 0.059 0.115 0.051 0.019 0.033 0.055 0.049 0.025 0.063 0.080 0.048 0.128 0.050 0.155 0.135 0.176 0.040 0.172 0.177 0.211 0.265 0.230 0.159 0.271 0.202 0.285 0.302 0.408 0.242 0.222 0.255 0.217 0.714 0.315 0.287 0.345 0.704 0.217 0.305 0.710 0.722 0.308 0.741 0.752 0.284 0.773 0.785 0.797 0.808 0.821 0.837
0.000 0.000 0.000 0.000 0.000 0.000 0.000 0.000 0.000 0.000 0.004 0.000 0.000 0.016 0.021 0.000 0.000 0.000 0.020 0.000 0.033 0.028 0.000 0.092 0.015 0.006 0.007 0.006 0.246 0.246 0.091 0.062 0.001 0.194 0.014 0.045 0.106 0.129 0.062 0.055 0.124 0.103 0.088 0.264 0.219 0.170 0.256 0.140 0.267 0.252 0.185 0.326 0.262 0.397 0.393 0.338 0.270 0.263 0.335 0.318 0.332 0.293 0.275 0.286 0.293 0.707 0.718 0.729 0.739 0.268 0.763 0.256 0.782 0.794 0.805 0.817 0.830
0.000 0.000 0.000 0.000 0.000 0.000 0.000 0.000 0.000 0.000 0.000 0.038 0.005 0.006 0.000 0.000 0.000 0.009 0.049 0.011 0.020 0.000 0.129 0.036 0.045 0.000 0.074 0.008 0.032 0.006 0.006 0.004 0.094 0.069 0.088 0.225 0.004 0.013 0.046 0.199 0.036 0.096 0.107 0.201 0.092 0.239 0.186 0.171 0.101 0.202 0.226 0.268 0.274 0.278 0.254 0.298 0.323 0.356 0.351 0.234 0.356 0.279 0.310 0.290 0.327 0.704 0.716 0.282 0.311 0.170 0.758 0.769 0.780 0.791 0.802 0.813 0.825
0.000 0.000 0.000 0.000 0.000 0.000 0.000 0.000 0.000 0.000 0.000 0.001 0.029 0.002 0.000 0.000 0.040 0.005 0.003 0.061 0.003 0.017 0.089 0.109 0.008 0.093 0.000 0.000 0.003 0.086 0.032 0.105 0.086 0.013 0.108 0.216 0.085 0.017 0.041 0.109 0.057 0.143 0.187 0.142 0.054 0.139 0.205 0.161 0.211 0.254 0.219 0.202 0.226 0.171 0.304 0.671 0.336 0.231 0.362 0.288 0.330 0.275 0.258 0.257 0.706 0.254 0.713 0.265 0.732 0.744 0.754 0.765 0.776 0.787 0.797 0.807 0.818
0.000 0.000 0.000 0.000 0.000 0.000 0.000 0.000 0.000 0.000 0.000 0.000 0.000 0.003 0.004 0.003 0.004 0.060 0.000 0.001 0.053 0.005 0.033 0.014 0.002 0.093 0.014 0.034 0.045 0.046 0.171 0.118 0.019 0.062 0.109 0.048 0.000 0.035 0.103 0.018 0.041 0.103 0.157 0.163 0.152 0.024 0.079 0.075 0.096 0.186 0.191 0.195 0.317 0.233 0.346 0.233 0.249 0.336 0.219 0.282 0.247 0.290 0.710 0.239 0.198 0.232 0.704 0.288 0.276 0.730 0.270 0.750 0.760 0.770 0.780 0.790 0.801
0.000 0.000 0.000 0.000 0.000 0.000 0.000 0.000 0.000 0.000 0.000 0.000 0.000 0.000 0.006 0.000 0.001 0.000 0.003 0.003 0.003 0.002 0.035 0.000 0.166 0.002 0.002 0.001 0.046 0.116 0.084 0.024 0.002 0.009 0.035 0.005 0.086 0.070 0.145 0.041 0.071 0.038 0.062 0.103 0.111 0.092 0.193 0.199 0.201 0.201 0.166 0.188 0.121 0.295 0.170 0.326 0.202 0.659 0.233 0.296 0.324 0.217 0.311 0.286 0.240 0.199 0.267 0.276 0.293 0.226 0.724 0.734 0.743 0.753 0.763 0.774 0.782
0.000 0.000 0.000 0.000 0.000 0.000 0.000 0.000 0.000 0.000 0.000 0.000 0.000 0.000 0.033 0.043 0.000 0.000 0.005 0.002 0.002 0.000 0.006 0.006 0.086 0.010 0.017 0.008 0.112 0.000 0.000 0.016 0.062 0.044 0.046 0.094 0.158 0.096 0.009 0.042 0.020 0.041 0.044 0.143 0.290 0.121 0.146 0.190 0.123 0.252 0.210 0.092 0.292 0.277 0.262 0.337 0.274 0.290 0.257 0.242 0.239 0.194 0.357 0.204 0.218 0.225 0.134 0.283 0.270 0.699 0.708 0.718 0.254 0.736 0.746 0.757 0.763
0.000 0.000 0.000 0.000 0.000 0.000 0.000 0.000 0.000 0.000 0.000 0.000 0.000 0.000 0.000 0.000 0.000 0.000 0.002 0.000 0.000 0.004 0.034 0.000 0.006 0.000 0.008 0.023 0.034 0.002 0.082 0.009 0.073 0.025 0.000 0.042 0.138 0.096 0.046 0.136 0.064 0.098 0.015 0.264 0.025 0.081 0.083 0.113 0.106 0.262 0.209 0.242 0.365 0.163 0.097 0.198 0.265 0.253 0.339 0.216 0.263 0.230 0.246 0.333 0.179 0.294 0.340 0.224 0.698 0.256 0.210 0.325 0.722 0.318 0.731 0.739 0.743
0.000 0.000 0.000 0.000 0.000 0.000 0.000 0.000 0.000 0.000 0.000 0.000 0.000 0.000 0.000 0.000 0.025 0.001 0.001 0.000 0.000 0.002 0.006 0.000 0.005 0.000 0.018 0.002 0.006 0.000 0.001 0.027 0.011 0.016 0.024 0.055 0.020 0.006 0.009 0.053 0.046 0.107 0.000 0.033 0.115 0.135 0.107 0.168 0.100 0.126 0.181 0.107 0.196 0.314 0.170 0.242 0.229 0.246 0.165 0.152 0.275 0.354 0.281 0.189 0.346 0.322 0.244 0.332 0.342 0.295 0.694 0.320 0.705 0.311 0.715 0.720 0.723
0.000 0.000 0.000 0.000 0.000 0.000 0.000 0.000 0.000 0.000 0.000 0.000 0.000 0.000 0.000 0.000 0.000 0.000 0.000 0.001 0.002 0.038 0.000 0.003 0.001 0.008 0.010 0.059 0.000 0.011 0.047 0.070 0.058 0.023 0.042 0.013 0.084 0.002 0.010 0.047 0.014 0.112 0.156 0.092 0.066 0.023 0.038 0.060 0.061 0.218 0.105 0.203 0.094 0.185 0.150 0.204 0.263 0.102 0.240 0.168 0.194 0.212 0.149 0.274 0.369 0.386 0.290 0.299 0.356 0.328 0.280 0.680 0.688 0.696 0.699 0.701 0.703
0.000 0.000 0.000 0.000 0.000 0.000 0.000 0.000 0.000 0.000 0.000 0.000 0.000 0.000 0.000 0.000 0.000 0.000 0.000 0.001 0.000 0.003 0.000 0.000 0.002 0.007 0.003 0.001 0.024 0.010 0.034 0.009 0.032 0.000 0.016 0.015 0.018 0.000 0.068 0.059 0.009 0.007 0.097 0.004 0.038 0.130 0.107 0.133 0.139 0.033 0.186 0.165 0.070 0.158 0.068 0.215 0.174 0.164 0.272 0.251 0.605 0.317 0.305 0.360 0.304 0.378 0.663 0.305 0.282 0.658 0.311 0.663 0.672 0.679 0.679 0.680 0.682
0.000 0.000 0.000 0.000 0.000 0.000 0.000 0.000 0.000 0.000 0.000 0.000 0.000 0.000 0.000 0.000 0.000 0.000 0.000 0.034 0.000 0.000 0.000 0.000 0.000 0.006 0.005 0.000 0.039 0.002 0.008 0.011 0.009 0.001 0.008 0.029 0.031 0.053 0.086 0.036 0.000 0.001 0.022 0.242 0.036 0.063 0.107 0.136 0.034 0.184 0.047 0.063 0.038 0.059 0.218 0.097 0.004 0.131 0.149 0.235 0.271 0.288 0.316 0.333 0.320 0.274 0.645 0.311 0.276 0.638 0.645 0.650 0.655 0.665 0.217 0.271 0.661
