includes/lisflood/results/res-0013.wd
ncols         631
nrows         906
xllcorner     364927.146600
yllcorner     6531972.565600
cellsize      20.000000
NODATA_value  -9999.000000
[rows 510 to 543 of 906, columns 154 to 230 of 631]
6.246 6.208 6.170 6.131 6.093 6.055 6.017 5.979 5.941 5.903 5.864 5.826 5.788 5.750 5.712 5.674 5.635 5.597 5.559 5.521 5.469 5.360 5.250 5.140 5.030 4.920 4.810 4.684 4.533 4.382 4.231 4.080 3.930 3.779 3.628 3.477 3.326 3.176 3.025 2.874 2.723 2.572 2.422 2.271 2.120 1.969 1.818 1.667 1.517 1.366 1.215 1.064 0.914 0.763 0.612 0.461 0.310 0.000 0.000 0.000 0.000 0.000 0.000 0.000 0.000 0.000 0.000 0.000 0.000 0.000 0.000 0.000 0.000 0.000 0.000 0.000 0.000
6.313 6.275 6.237 6.199 6.161 6.123 6.084 6.046 6.008 5.970 5.932 5.894 5.856 5.817 5.779 5.741 5.703 5.665 5.627 5.588 5.550 5.512 5.408 5.299 5.189 5.079 4.969 4.827 4.676 4.525 4.375 4.224 4.073 3.922 3.771 3.621 3.470 3.319 3.168 3.017 2.867 2.716 2.565 2.414 2.263 2.113 1.962 1.811 1.660 1.509 1.359 1.208 1.057 0.906 0.755 0.605 0.000 0.000 0.000 0.000 0.000 0.000 0.000 0.000 0.000 0.000 0.000 0.000 0.000 0.000 0.000 0.000 0.000 0.000 0.000 0.000 0.000
6.381 6.343 6.305 6.266 6.228 6.190 6.152 6.114 6.076 6.037 5.999 5.961 5.923 5.885 5.847 5.809 5.770 5.732 5.694 5.656 5.618 5.580 5.541 5.457 5.347 5.238 5.121 4.971 4.820 4.669 4.518 4.367 4.217 4.066 3.915 3.764 3.613 3.463 3.312 3.161 3.010 2.859 2.709 2.558 2.407 2.256 2.105 1.954 1.804 1.653 1.502 1.351 1.201 1.050 0.899 0.748 0.597 0.000 0.000 0.000 0.000 0.000 0.000 0.000 0.000 0.000 0.000 0.000 0.000 0.000 0.000 0.000 0.000 0.000 0.000 0.000 0.000
6.448 6.410 6.372 6.334 6.296 6.258 6.220 6.181 6.143 6.105 6.067 6.029 5.991 5.952 5.914 5.876 5.838 5.800 5.762 5.724 5.685 5.647 5.609 5.571 5.506 5.396 5.265 5.114 4.963 4.813 4.662 4.511 4.360 4.209 4.058 3.908 3.757 3.606 3.455 3.304 3.154 3.003 2.852 2.701 2.549 2.394 2.239 2.084 1.928 1.773 1.618 1.463 1.308 1.153 0.998 0.843 0.688 0.000 0.000 0.000 0.000 0.000 0.000 0.000 0.000 0.000 0.000 0.000 0.000 0.000 0.000 0.000 0.000 0.000 0.000 0.000 0.000
6.516 6.478 6.440 6.402 6.363 6.325 6.287 6.249 6.211 6.172 6.134 6.096 6.058 6.020 5.982 5.944 5.905 5.867 5.829 5.791 5.753 5.715 5.677 5.638 5.600 5.555 5.408 5.258 5.103 4.948 4.792 4.637 4.482 4.327 4.172 4.017 3.862 3.707 3.552 3.397 3.242 3.087 2.932 2.776 2.621 2.466 2.311 2.156 2.001 1.846 1.691 1.536 1.381 1.226 1.070 0.915 0.760 0.599 0.000 0.000 0.000 0.000 0.000 0.000 0.000 0.000 0.000 0.000 0.000 0.000 0.000 0.000 0.000 0.000 0.000 0.000 0.000
6.583 6.545 6.507 6.469 6.431 6.393 6.354 6.316 6.278 6.240 6.202 6.164 6.126 6.087 6.049 6.011 5.973 5.935 5.897 5.859 5.820 5.782 5.744 5.706 5.666 5.609 5.485 5.330 5.175 5.020 4.865 4.710 4.555 4.400 4.245 4.089 3.934 3.779 3.624 3.469 3.314 3.159 3.004 2.849 2.694 2.539 2.384 2.229 2.073 1.918 1.763 1.608 1.453 1.298 1.143 0.988 0.830 0.665 0.000 0.000 0.000 0.000 0.000 0.000 0.000 0.000 0.000 0.000 0.000 0.000 0.000 0.000 0.000 0.000 0.000 0.000 0.000
6.651 6.613 6.575 6.537 6.498 6.460 6.422 6.384 6.346 6.308 6.269 6.231 6.193 6.155 6.117 6.079 6.040 6.002 5.964 5.926 5.888 5.850 5.811 5.765 5.708 5.651 5.558 5.403 5.248 5.093 4.937 4.782 4.627 4.472 4.317 4.162 4.007 3.852 3.697 3.542 3.387 3.231 3.076 2.921 2.766 2.611 2.456 2.301 2.146 1.991 1.836 1.681 1.526 1.370 1.215 1.060 0.896 0.731 0.566 0.000 0.000 0.000 0.000 0.000 0.000 0.000 0.000 0.000 0.000 0.000 0.000 0.000 0.000 0.000 0.000 0.000 0.000
6.719 6.680 6.642 6.604 6.566 6.528 6.489 6.451 6.413 6.375 6.337 6.299 6.261 6.223 6.184 6.146 6.108 6.070 6.032 5.993 5.955 5.917 5.865 5.808 5.751 5.694 5.630 5.475 5.320 5.165 5.010 4.855 4.700 4.545 4.390 4.234 4.079 3.924 3.769 3.614 3.459 3.304 3.149 2.994 2.839 2.683 2.529 2.373 2.218 2.063 1.908 1.753 1.598 1.443 1.288 1.127 0.962 0.797 0.632 0.467 0.000 0.000 0.000 0.000 0.000 0.000 0.000 0.000 0.000 0.000 0.000 0.000 0.000 0.000 0.000 0.000 0.000
6.786 6.748 6.710 6.671 6.633 6.595 6.557 6.519 6.481 6.443 6.404 6.366 6.328 6.290 6.252 6.214 6.175 6.137 6.099 6.061 6.022 5.965 5.908 5.851 5.794 5.737 5.680 5.548 5.392 5.237 5.082 4.927 4.772 4.617 4.462 4.307 4.152 3.997 3.842 3.687 3.531 3.376 3.221 3.066 2.911 2.756 2.601 2.446 2.291 2.136 1.981 1.825 1.670 1.515 1.358 1.193 1.028 0.863 0.698 0.533 0.368 0.000 0.000 0.000 0.000 0.000 0.000 0.000 0.000 0.000 0.000 0.000 0.000 0.000 0.000 0.000 0.000
6.853 6.815 6.777 6.739 6.701 6.663 6.625 6.586 6.548 6.510 6.472 6.434 6.396 6.358 6.319 6.281 6.243 6.205 6.167 6.122 6.065 6.008 5.951 5.893 5.836 5.779 5.722 5.620 5.465 5.310 5.155 5.000 4.845 4.689 4.534 4.379 4.224 4.069 3.914 3.759 3.604 3.449 3.294 3.139 2.983 2.828 2.673 2.518 2.363 2.208 2.053 1.898 1.743 1.588 1.424 1.259 1.094 0.929 0.764 0.599 0.434 0.000 0.000 0.000 0.000 0.000 0.000 0.000 0.000 0.000 0.000 0.000 0.000 0.000 0.000 0.000 0.000
6.921 6.883 6.845 6.807 6.768 6.730 6.692 6.654 6.616 6.578 6.540 6.501 6.463 6.425 6.387 6.349 6.311 6.272 6.221 6.164 6.107 6.050 5.993 5.936 5.879 5.822 5.765 5.692 5.537 5.382 5.227 5.072 4.917 4.762 4.607 4.452 4.297 4.142 3.986 3.831 3.676 3.521 3.366 3.211 3.056 2.901 2.746 2.591 2.436 2.281 2.125 1.970 1.815 1.655 1.490 1.325 1.160 0.995 0.830 0.665 0.500 0.335 0.000 0.000 0.000 0.000 0.000 0.000 0.000 0.000 0.000 0.000 0.000 0.000 0.000 0.000 0.000
6.988 6.950 6.912 6.874 6.836 6.798 6.760 6.721 6.683 6.645 6.607 6.569 6.531 6.492 6.454 6.416 6.378 6.321 6.264 6.207 6.150 6.093 6.036 5.979 5.922 5.865 5.807 5.750 5.610 5.455 5.300 5.144 4.989 4.834 4.679 4.524 4.369 4.214 4.059 3.904 3.749 3.594 3.439 3.284 3.128 2.973 2.818 2.663 2.508 2.353 2.198 2.043 1.886 1.721 1.556 1.391 1.226 1.061 0.896 0.731 0.566 0.401 0.000 0.000 0.000 0.000 0.000 0.000 0.000 0.000 0.000 0.000 0.000 0.000 0.000 0.000 0.000
7.056 7.018 6.980 6.942 6.903 6.865 6.827 6.789 6.751 6.713 6.674 6.636 6.598 6.560 6.522 6.478 6.421 6.364 6.307 6.250 6.193 6.136 6.079 6.021 5.964 5.907 5.850 5.793 5.682 5.527 5.372 5.217 5.062 4.907 4.752 4.597 4.441 4.287 4.131 3.976 3.821 3.666 3.511 3.356 3.201 3.046 2.891 2.736 2.581 2.425 2.270 2.115 1.952 1.787 1.622 1.457 1.292 1.127 0.962 0.797 0.632 0.467 0.312 0.000 0.000 0.000 0.000 0.000 0.000 0.000 0.000 0.000 0.000 0.000 0.000 0.000 0.000
7.124 7.085 7.047 7.009 6.971 6.933 6.895 6.857 6.818 6.780 6.742 6.704 6.666 6.628 6.578 6.521 6.464 6.407 6.349 6.292 6.235 6.178 6.121 6.064 6.007 5.950 5.893 5.836 5.755 5.600 5.444 5.289 5.134 4.979 4.824 4.669 4.514 4.359 4.204 4.049 3.894 3.739 3.584 3.428 3.273 3.118 2.963 2.808 2.653 2.498 2.343 2.182 2.018 1.853 1.688 1.523 1.358 1.193 1.028 0.863 0.698 0.533 0.368 0.000 0.000 0.000 0.000 0.000 0.000 0.000 0.000 0.000 0.000 0.000 0.000 0.000 0.000
7.191 7.153 7.115 7.077 7.038 7.000 6.962 6.924 6.886 6.848 6.810 6.771 6.733 6.678 6.620 6.563 6.506 6.449 6.392 6.335 6.278 6.221 6.164 6.107 6.050 5.992 5.935 5.878 5.821 5.672 5.517 5.362 5.207 5.052 4.897 4.742 4.586 4.431 4.276 4.121 3.966 3.811 3.656 3.501 3.346 3.191 3.036 2.881 2.725 2.570 2.413 2.248 2.084 1.919 1.754 1.589 1.424 1.259 1.094 0.929 0.764 0.599 0.434 0.000 0.000 0.000 0.000 0.000 0.000 0.000 0.000 0.000 0.000 0.000 0.000 0.000 0.000
7.259 7.221 7.182 7.144 7.106 7.068 7.030 6.992 6.953 6.915 6.877 6.834 6.777 6.720 6.663 6.606 6.549 6.492 6.435 6.378 6.321 6.263 6.206 6.149 6.092 6.035 5.978 5.921 5.864 5.744 5.589 5.434 5.279 5.124 4.969 4.814 4.659 4.504 4.349 4.194 4.038 3.884 3.728 3.573 3.418 3.263 3.108 2.953 2.798 2.643 2.479 2.314 2.149 1.984 1.819 1.655 1.489 1.324 1.160 0.995 0.830 0.665 0.500 0.000 0.000 0.000 0.000 0.000 0.000 0.000 0.000 0.000 0.000 0.000 0.000 0.000 0.000
7.326 7.288 7.250 7.212 7.173 7.135 7.097 7.059 7.021 6.983 6.934 6.877 6.820 6.763 6.706 6.649 6.592 6.534 6.477 6.420 6.363 6.306 6.249 6.192 6.135 6.078 6.021 5.964 5.906 5.817 5.662 5.507 5.352 5.197 5.041 4.886 4.731 4.576 4.421 4.266 4.111 3.956 3.801 3.646 3.491 3.336 3.180 3.025 2.870 2.710 2.545 2.380 2.215 2.050 1.885 1.720 1.555 1.390 1.226 1.061 0.896 0.731 0.566 0.000 0.000 0.000 0.000 0.000 0.000 0.000 0.000 0.000 0.000 0.000 0.000 0.000 0.000
7.394 7.356 7.317 7.279 7.241 7.203 7.165 7.127 7.088 7.034 6.977 6.920 6.863 6.805 6.748 6.691 6.634 6.577 6.520 6.463 6.406 6.349 6.292 6.235 6.177 6.121 6.063 6.006 5.949 5.889 5.734 5.579 5.424 5.269 5.114 4.959 4.804 4.649 4.494 4.339 4.183 4.028 3.873 3.718 3.563 3.408 3.253 3.098 2.941 2.776 2.611 2.446 2.281 2.116 1.951 1.786 1.621 1.456 1.291 1.126 0.961 0.797 0.632 0.467 0.000 0.000 0.000 0.000 0.000 0.000 0.000 0.000 0.000 0.000 0.000 0.000 0.000
7.461 7.423 7.385 7.347 7.308 7.270 7.232 7.191 7.134 7.076 7.019 6.962 6.905 6.848 6.791 6.734 6.677 6.620 6.563 6.506 6.449 6.391 6.334 6.277 6.220 6.163 6.106 6.049 5.992 5.935 5.807 5.652 5.497 5.342 5.186 5.031 4.876 4.721 4.566 4.411 4.256 4.101 3.946 3.791 3.636 3.480 3.325 3.170 3.007 2.842 2.677 2.512 2.347 2.182 2.017 1.852 1.687 1.522 1.357 1.192 1.027 0.862 0.697 0.000 0.000 0.000 0.000 0.000 0.000 0.000 0.000 0.000 0.000 0.000 0.000 0.000 0.000
7.529 7.490 7.452 7.414 7.376 7.338 7.290 7.233 7.176 7.119 7.062 7.005 6.948 6.891 6.834 6.777 6.719 6.662 6.605 6.548 6.491 6.434 6.377 6.320 6.263 6.206 6.149 6.092 6.035 5.977 5.879 5.724 5.569 5.414 5.259 5.104 4.949 4.794 4.639 4.483 4.328 4.173 4.018 3.863 3.708 3.553 3.398 3.238 3.073 2.908 2.743 2.578 2.413 2.248 2.083 1.918 1.753 1.588 1.423 1.258 1.093 0.928 0.763 0.000 0.000 0.000 0.000 0.000 0.000 0.000 0.000 0.000 0.000 0.000 0.000 0.000 0.000
7.596 7.558 7.520 7.482 7.444 7.390 7.333 7.276 7.219 7.162 7.105 7.048 6.990 6.933 6.876 6.819 6.762 6.705 6.648 6.591 6.534 6.477 6.420 6.363 6.305 6.248 6.191 6.134 6.077 6.020 5.952 5.796 5.642 5.486 5.331 5.176 5.021 4.866 4.711 4.556 4.401 4.246 4.091 3.936 3.780 3.625 3.469 3.304 3.139 2.974 2.809 2.644 2.479 2.314 2.149 1.984 1.819 1.654 1.489 1.324 1.159 0.994 0.829 0.664 0.000 0.000 0.000 0.000 0.000 0.000 0.000 0.000 0.000 0.000 0.000 0.000 0.000
7.664 7.626 7.587 7.547 7.490 7.433 7.376 7.319 7.262 7.204 7.147 7.090 7.033 6.976 6.919 6.862 6.805 6.748 6.691 6.634 6.577 6.519 6.462 6.405 6.348 6.291 6.234 6.177 6.120 6.063 6.006 5.869 5.714 5.559 5.404 5.249 5.094 4.939 4.783 4.628 4.473 4.318 4.163 4.008 3.853 3.698 3.535 3.370 3.205 3.040 2.875 2.710 2.545 2.380 2.215 2.050 1.885 1.720 1.555 1.390 1.225 1.060 0.895 0.730 0.000 0.000 0.000 0.000 0.000 0.000 0.000 0.000 0.000 0.000 0.000 0.000 0.000
7.731 7.693 7.647 7.590 7.532 7.475 7.418 7.361 7.304 7.247 7.190 7.133 7.076 7.019 6.962 6.904 6.847 6.790 6.733 6.676 6.619 6.562 6.505 6.448 6.391 6.334 6.277 6.220 6.162 6.105 6.048 5.941 5.786 5.631 5.476 5.321 5.166 5.011 4.856 4.701 4.546 4.391 4.236 4.080 3.925 3.766 3.601 3.436 3.271 3.106 2.941 2.776 2.611 2.446 2.281 2.116 1.951 1.786 1.621 1.456 1.291 1.126 0.961 0.796 0.631 0.000 0.000 0.000 0.000 0.000 0.000 0.000 0.000 0.000 0.000 0.000 0.000
7.799 7.746 7.689 7.632 7.575 7.518 7.461 7.404 7.347 7.290 7.233 7.176 7.118 7.061 7.004 6.947 6.890 6.833 6.776 6.719 6.662 6.605 6.548 6.490 6.433 6.376 6.319 6.262 6.205 6.148 6.091 6.014 5.859 5.704 5.549 5.393 5.238 5.083 4.928 4.773 4.618 4.463 4.308 4.153 3.997 3.831 3.667 3.502 3.337 3.172 3.007 2.842 2.677 2.512 2.347 2.182 2.017 1.852 1.687 1.522 1.357 1.192 1.027 0.862 0.697 0.532 0.000 0.000 0.000 0.000 0.000 0.000 0.000 0.000 0.000 0.000 0.000
7.846 7.789 7.732 7.675 7.618 7.561 7.504 7.447 7.389 7.332 7.275 7.218 7.161 7.104 7.047 6.990 6.933 6.876 6.819 6.761 6.704 6.647 6.590 6.533 6.476 6.419 6.362 6.305 6.248 6.191 6.134 6.076 5.931 5.776 5.621 5.466 5.311 5.156 5.001 4.846 4.691 4.536 4.380 4.225 4.062 3.897 3.732 3.567 3.402 3.238 3.073 2.908 2.743 2.578 2.413 2.248 2.083 1.918 1.753 1.588 1.423 1.258 1.093 0.928 0.763 0.598 0.000 0.000 0.000 0.000 0.000 0.000 0.000 0.000 0.000 0.000 0.000
7.889 7.832 7.775 7.717 7.660 7.603 7.546 7.489 7.432 7.375 7.318 7.261 7.204 7.147 7.090 7.032 6.975 6.918 6.861 6.804 6.747 6.690 6.633 6.576 6.519 6.462 6.404 6.347 6.290 6.233 6.176 6.119 6.004 5.849 5.694 5.538 5.383 5.228 5.073 4.918 4.763 4.608 4.453 4.293 4.128 3.963 3.798 3.633 3.468 3.303 3.139 2.973 2.809 2.644 2.479 2.314 2.149 1.984 1.819 1.654 1.489 1.324 1.159 0.994 0.829 0.664 0.000 0.000 0.000 0.000 0.000 0.000 0.000 0.000 0.000 0.000 0.000
7.931 7.874 7.817 7.760 7.703 7.646 7.589 7.532 7.475 7.418 7.361 7.304 7.246 7.189 7.132 7.075 7.018 6.961 6.904 6.847 6.790 6.733 6.675 6.618 6.561 6.504 6.447 6.390 6.333 6.276 6.219 6.162 6.076 5.921 5.766 5.611 5.456 5.301 5.146 4.991 4.835 4.680 4.524 4.359 4.194 4.029 3.864 3.699 3.534 3.369 3.204 3.039 2.875 2.709 2.545 2.380 2.215 2.050 1.885 1.720 1.555 1.390 1.225 1.060 0.895 0.730 0.565 0.000 0.000 0.000 0.000 0.000 0.000 0.000 0.000 0.000 0.000
7.974 7.917 7.860 7.803 7.746 7.689 7.632 7.575 7.517 7.460 7.403 7.346 7.289 7.232 7.175 7.118 7.061 7.004 6.947 6.889 6.832 6.775 6.718 6.661 6.604 6.547 6.490 6.433 6.376 6.319 6.261 6.204 6.147 5.994 5.838 5.683 5.528 5.373 5.218 5.063 4.908 4.753 4.590 4.425 4.260 4.095 3.930 3.765 3.600 3.435 3.270 3.105 2.940 2.775 2.610 2.445 2.281 2.115 1.951 1.786 1.621 1.456 1.291 1.126 0.961 0.796 0.631 0.466 0.000 0.000 0.000 0.000 0.000 0.000 0.000 0.000 0.000
8.007 7.955 7.903 7.846 7.788 7.731 7.674 7.617 7.560 7.503 7.446 7.389 7.332 7.275 7.218 7.160 7.103 7.046 6.989 6.932 6.875 6.818 6.761 6.704 6.647 6.590 6.532 6.475 6.418 6.361 6.304 6.247 6.190 6.066 5.911 5.756 5.601 5.446 5.291 5.135 4.980 4.821 4.656 4.491 4.326 4.161 3.996 3.831 3.666 3.501 3.336 3.171 3.006 2.841 2.676 2.511 2.346 2.182 2.017 1.851 1.687 1.522 1.357 1.192 1.027 0.862 0.697 0.532 0.000 0.000 0.000 0.000 0.000 0.000 0.000 0.000 0.000
8.031 7.979 7.927 7.874 7.822 7.770 7.717 7.660 7.603 7.546 7.488 7.431 7.374 7.317 7.260 7.203 7.146 7.089 7.032 6.975 6.918 6.860 6.804 6.746 6.689 6.632 6.575 6.518 6.461 6.404 6.347 6.290 6.233 6.138 5.983 5.828 5.673 5.518 5.363 5.208 5.052 4.887 4.722 4.557 4.392 4.227 4.062 3.897 3.732 3.567 3.402 3.237 3.072 2.907 2.742 2.577 2.412 2.247 2.082 1.917 1.753 1.588 1.422 1.258 1.093 0.928 0.763 0.598 0.000 0.000 0.000 0.000 0.000 0.000 0.000 0.000 0.000
8.055 8.003 7.951 7.898 7.846 7.794 7.742 7.689 7.637 7.585 7.531 7.474 7.417 7.360 7.303 7.246 7.189 7.131 7.074 7.017 6.960 6.903 6.846 6.789 6.732 6.675 6.618 6.561 6.504 6.446 6.389 6.332 6.275 6.211 6.056 5.901 5.746 5.590 5.435 5.280 5.118 4.953 4.788 4.623 4.458 4.293 4.128 3.963 3.798 3.633 3.468 3.303 3.138 2.973 2.808 2.643 2.478 2.313 2.148 1.983 1.818 1.653 1.488 1.323 1.159 0.994 0.829 0.664 0.000 0.000 0.000 0.000 0.000 0.000 0.000 0.000 0.000
8.079 8.027 7.975 7.922 7.870 7.818 7.766 7.713 7.661 7.609 7.557 7.504 7.452 7.400 7.345 7.288 7.231 7.174 7.117 7.060 7.003 6.946 6.889 6.832 6.775 6.717 6.660 6.603 6.546 6.489 6.432 6.375 6.318 6.261 6.128 5.973 5.818 5.663 5.508 5.349 5.184 5.019 4.854 4.689 4.524 4.359 4.194 4.029 3.864 3.699 3.534 3.369 3.204 3.039 2.874 2.709 2.544 2.379 2.214 2.049 1.884 1.719 1.554 1.389 1.224 1.060 0.894 0.730 0.565 0.000 0.000 0.000 0.000 0.000 0.000 0.000 0.000
8.103 8.051 7.999 7.946 7.894 7.842 7.790 7.737 7.685 7.633 7.581 7.528 7.476 7.424 7.372 7.319 7.267 7.215 7.160 7.103 7.046 6.989 6.931 6.874 6.817 6.760 6.703 6.646 6.589 6.532 6.475 6.418 6.361 6.303 6.201 6.045 5.890 5.735 5.579 5.415 5.250 5.085 4.920 4.755 4.590 4.425 4.260 4.095 3.930 3.765 3.600 3.435 3.270 3.105 2.940 2.775 2.610 2.445 2.280 2.115 1.950 1.785 1.620 1.455 1.290 1.125 0.960 0.795 0.630 0.000 0.000 0.000 0.000 0.000 0.000 0.000 0.000
8.127 8.075 8.023 7.970 7.918 7.866 7.814 7.761 7.709 7.657 7.605 7.552 7.500 7.448 7.396 7.343 7.291 7.239 7.187 7.134 7.082 7.030 6.974 6.917 6.860 6.803 6.746 6.689 6.632 6.574 6.517 6.460 6.403 6.346 6.273 6.118 5.963 5.808 5.645 5.481 5.315 5.151 4.986 4.821 4.656 4.491 4.326 4.161 3.996 3.831 3.666 3.501 3.336 3.171 3.006 2.841 2.676 2.511 2.346 2.181 2.016 1.851 1.686 1.521 1.356 1.191 1.026 0.861 0.696 0.000 0.000 0.000 0.000 0.000 0.000 0.000 0.000
