includes/lisflood/results/res-0014.wd
ncols         631
nrows         906
xllcorner     364927.146600
yllcorner     6531972.565600
cellsize      20.000000
NODATA_value  -9999.000000
[rows 408 to 441 of 906, columns 539 to 615 of 631]
2.780 2.791 2.802 2.813 2.824 2.834 2.845 2.856 2.867 2.871 2.869 2.868 2.866 2.864 2.865 2.932 2.999 3.066 3.133 3.201 3.268 3.335 3.402 3.469 3.566 3.697 3.827 3.957 4.088 4.218 4.319 4.416 4.513 4.610 4.707 4.804 4.902 4.999 5.096 5.196 5.296 5.397 5.497 5.597 5.696 5.772 5.848 5.924 5.999 6.075 6.151 6.226 6.287 6.262 6.238 6.214 6.190 6.166 6.142 6.112 6.067 6.021 5.976 5.931 5.886 5.841 5.803 5.766 5.729 5.692 5.655 5.618 5.581 5.544 5.509 5.489 5.469
2.744 2.755 2.766 2.777 2.788 2.799 2.810 2.820 2.831 2.842 2.841 2.839 2.838 2.836 2.875 2.942 3.009 3.076 3.143 3.210 3.277 3.344 3.411 3.479 3.546 3.670 3.801 3.931 4.061 4.175 4.273 4.370 4.467 4.564 4.661 4.759 4.856 4.953 5.050 5.149 5.249 5.349 5.449 5.549 5.634 5.710 5.785 5.861 5.937 6.012 6.088 6.164 6.239 6.249 6.225 6.201 6.176 6.152 6.128 6.084 6.038 5.993 5.948 5.903 5.858 5.813 5.771 5.734 5.697 5.660 5.623 5.586 5.549 5.512 5.490 5.470 5.450
2.708 2.719 2.730 2.741 2.752 2.763 2.774 2.785 2.795 2.806 2.813 2.811 2.809 2.818 2.885 2.952 3.019 3.086 3.153 3.220 3.287 3.354 3.421 3.488 3.555 3.644 3.774 3.904 4.033 4.130 4.227 4.324 4.421 4.518 4.615 4.713 4.810 4.907 5.004 5.101 5.201 5.302 5.402 5.495 5.571 5.647 5.723 5.798 5.874 5.950 6.025 6.101 6.177 6.235 6.211 6.187 6.163 6.139 6.101 6.056 6.010 5.965 5.920 5.875 5.830 5.785 5.739 5.702 5.665 5.628 5.591 5.554 5.517 5.491 5.471 5.451 5.431
2.673 2.683 2.694 2.705 2.716 2.727 2.738 2.749 2.760 2.771 2.781 2.783 2.781 2.828 2.895 2.962 3.029 3.096 3.163 3.230 3.297 3.364 3.431 3.498 3.565 3.632 3.748 3.878 3.987 4.084 4.181 4.278 4.375 4.472 4.570 4.667 4.764 4.861 4.958 5.056 5.154 5.254 5.354 5.433 5.508 5.584 5.660 5.736 5.811 5.887 5.963 6.038 6.114 6.190 6.198 6.173 6.149 6.118 6.073 6.027 5.982 5.937 5.892 5.847 5.802 5.756 5.711 5.671 5.634 5.597 5.560 5.522 5.493 5.473 5.453 5.433 5.413
2.637 2.648 2.659 2.669 2.680 2.691 2.702 2.713 2.724 2.735 2.746 2.754 2.770 2.837 2.904 2.972 3.039 3.106 3.173 3.240 3.307 3.374 3.441 3.508 3.575 3.642 3.721 3.844 3.941 4.038 4.135 4.232 4.329 4.427 4.524 4.621 4.718 4.815 4.913 5.010 5.107 5.207 5.294 5.370 5.446 5.522 5.597 5.673 5.749 5.824 5.900 5.976 6.051 6.127 6.184 6.160 6.135 6.090 6.045 5.999 5.954 5.909 5.864 5.819 5.773 5.728 5.683 5.639 5.602 5.565 5.528 5.494 5.474 5.454 5.434 5.414 5.394
2.601 2.612 2.623 2.634 2.645 2.658 2.671 2.684 2.697 2.710 2.723 2.736 2.783 2.851 2.918 2.985 3.052 3.119 3.186 3.253 3.320 3.387 3.454 3.521 3.588 3.655 3.722 3.801 3.898 3.994 4.091 4.188 4.284 4.381 4.478 4.575 4.672 4.769 4.867 4.964 5.061 5.156 5.232 5.307 5.383 5.459 5.534 5.610 5.686 5.762 5.837 5.913 5.989 6.064 6.140 6.146 6.107 6.062 6.017 5.971 5.926 5.881 5.836 5.791 5.745 5.700 5.655 5.610 5.570 5.533 5.496 5.475 5.456 5.436 5.416 5.396 5.375
2.632 2.644 2.657 2.670 2.683 2.696 2.709 2.722 2.735 2.748 2.760 2.779 2.811 2.876 2.943 3.010 3.077 3.144 3.211 3.278 3.345 3.412 3.479 3.546 3.613 3.680 3.736 3.774 3.871 3.967 4.064 4.161 4.257 4.354 4.451 4.548 4.644 4.741 4.838 4.935 5.031 5.192 5.292 5.360 5.428 5.497 5.565 5.633 5.701 5.770 5.838 5.906 5.974 6.043 6.111 6.123 6.078 6.034 5.988 5.943 5.898 5.853 5.808 5.763 5.717 5.672 5.627 5.582 5.539 5.502 5.477 5.457 5.437 5.417 5.397 5.377 5.357
2.669 2.682 2.695 2.708 2.721 2.734 2.747 2.759 2.772 2.785 2.798 2.826 2.859 2.902 2.969 3.036 3.103 3.170 3.237 3.304 3.371 3.438 3.505 3.572 3.639 3.706 3.745 3.780 3.843 3.940 4.037 4.134 4.230 4.327 4.424 4.521 4.617 4.714 4.811 4.908 5.026 5.216 5.384 5.452 5.520 5.588 5.657 5.725 5.793 5.862 5.930 5.998 6.066 6.135 6.201 6.102 6.043 5.999 5.954 5.910 5.866 5.821 5.777 5.732 5.688 5.644 5.599 5.554 5.508 5.479 5.459 5.439 5.419 5.399 5.379 5.359 5.338
2.707 2.720 2.733 2.746 2.759 2.771 2.784 2.797 2.810 2.823 2.841 2.873 2.906 2.938 2.995 3.062 3.129 3.196 3.263 3.330 3.397 3.464 3.531 3.598 3.665 3.718 3.754 3.789 3.825 3.913 4.010 4.107 4.203 4.300 4.397 4.494 4.590 4.687 4.784 4.881 5.050 5.240 5.429 5.544 5.612 5.680 5.749 5.817 5.885 5.953 6.022 6.090 6.158 6.226 6.192 6.093 6.008 5.963 5.919 5.875 5.830 5.786 5.742 5.697 5.653 5.608 5.564 5.519 5.482 5.464 5.443 5.422 5.401 5.380 5.360 5.340 5.320
2.745 2.758 2.771 2.783 2.796 2.809 2.822 2.835 2.848 2.861 2.888 2.920 2.953 2.986 3.021 3.088 3.155 3.222 3.289 3.356 3.423 3.490 3.557 3.624 3.691 3.727 3.762 3.798 3.833 3.886 3.983 4.080 4.176 4.273 4.370 4.467 4.563 4.660 4.757 4.885 5.074 5.264 5.453 5.636 5.704 5.772 5.841 5.909 5.977 6.045 6.114 6.182 6.250 6.283 6.183 6.084 5.985 5.928 5.884 5.839 5.795 5.751 5.706 5.662 5.617 5.573 5.529 5.484 5.468 5.451 5.430 5.409 5.388 5.367 5.346 5.325 5.304
2.783 2.795 2.808 2.821 2.834 2.847 2.860 2.873 2.885 2.903 2.935 2.968 3.000 3.033 3.065 3.114 3.181 3.248 3.315 3.382 3.449 3.516 3.582 3.649 3.700 3.735 3.771 3.806 3.842 3.877 3.956 4.053 4.149 4.246 4.343 4.440 4.536 4.633 4.730 4.909 5.098 5.287 5.477 5.666 5.796 5.864 5.932 6.001 6.069 6.137 6.205 6.274 6.342 6.274 6.174 6.075 5.976 5.893 5.849 5.804 5.760 5.715 5.671 5.627 5.582 5.538 5.493 5.470 5.454 5.437 5.418 5.397 5.376 5.355 5.334 5.313 5.292
2.820 2.833 2.846 2.859 2.872 2.885 2.897 2.910 2.923 2.950 2.982 3.015 3.048 3.080 3.113 3.145 3.206 3.273 3.340 3.407 3.474 3.541 3.608 3.673 3.709 3.744 3.780 3.815 3.851 3.886 3.929 4.026 4.122 4.219 4.316 4.413 4.509 4.606 4.743 4.932 5.122 5.311 5.501 5.690 5.880 5.956 6.024 6.093 6.161 6.229 6.297 6.366 6.364 6.265 6.165 6.066 5.967 5.867 5.813 5.769 5.725 5.680 5.636 5.591 5.547 5.503 5.472 5.456 5.440 5.423 5.405 5.384 5.363 5.342 5.321 5.300 5.279
2.844 2.871 2.884 2.897 2.909 2.922 2.935 2.948 2.965 2.997 3.030 3.062 3.095 3.127 3.160 3.193 3.232 3.299 3.366 3.433 3.500 3.567 3.634 3.682 3.717 3.753 3.788 3.824 3.859 3.895 3.930 3.999 4.096 4.192 4.289 4.386 4.482 4.579 4.767 4.956 5.146 5.335 5.525 5.714 5.903 6.048 6.116 6.185 6.253 6.321 6.389 6.454 6.355 6.256 6.156 6.057 5.958 5.858 5.778 5.734 5.689 5.645 5.601 5.556 5.512 5.474 5.458 5.442 5.425 5.409 5.393 5.372 5.351 5.330 5.309 5.288 5.267
2.855 2.905 2.922 2.934 2.947 2.960 2.973 2.986 3.012 3.044 3.077 3.110 3.142 3.175 3.207 3.240 3.272 3.325 3.392 3.459 3.526 3.593 3.655 3.690 3.726 3.761 3.797 3.832 3.868 3.903 3.939 3.974 4.069 4.165 4.262 4.359 4.456 4.601 4.791 4.980 5.170 5.359 5.549 5.738 5.927 6.117 6.208 6.277 6.345 6.413 6.481 6.445 6.346 6.247 6.147 6.048 5.949 5.849 5.750 5.699 5.654 5.610 5.565 5.521 5.477 5.460 5.444 5.428 5.411 5.395 5.379 5.360 5.339 5.318 5.297 5.276 5.255
2.866 2.917 2.959 2.972 2.985 2.998 3.011 3.027 3.059 3.092 3.124 3.157 3.189 3.222 3.255 3.287 3.320 3.352 3.418 3.485 3.552 3.619 3.664 3.699 3.735 3.770 3.806 3.841 3.877 3.912 3.948 3.983 4.042 4.138 4.235 4.332 4.436 4.625 4.815 5.004 5.194 5.383 5.573 5.762 5.951 6.141 6.300 6.369 6.437 6.505 6.536 6.436 6.337 6.238 6.138 6.039 5.940 5.840 5.741 5.663 5.619 5.575 5.530 5.486 5.462 5.446 5.430 5.413 5.397 5.381 5.365 5.347 5.326 5.305 5.284 5.263 5.242
2.878 2.928 2.978 3.010 3.023 3.036 3.049 3.074 3.107 3.139 3.172 3.204 3.237 3.269 3.302 3.334 3.367 3.399 3.444 3.511 3.578 3.637 3.673 3.708 3.743 3.779 3.814 3.850 3.885 3.921 3.956 3.992 4.027 4.112 4.208 4.305 4.460 4.649 4.839 5.028 5.218 5.407 5.597 5.786 5.975 6.165 6.354 6.461 6.529 6.597 6.527 6.427 6.328 6.229 6.129 6.030 5.931 5.831 5.732 5.632 5.584 5.539 5.495 5.464 5.448 5.432 5.416 5.399 5.383 5.367 5.351 5.334 5.314 5.293 5.272 5.251 5.230
2.889 2.939 2.990 3.040 3.061 3.074 3.089 3.121 3.154 3.186 3.219 3.252 3.284 3.317 3.349 3.382 3.414 3.447 3.479 3.537 3.604 3.646 3.681 3.717 3.752 3.788 3.823 3.859 3.894 3.930 3.965 4.001 4.036 4.085 4.181 4.295 4.484 4.673 4.863 5.052 5.242 5.431 5.621 5.810 5.999 6.189 6.378 6.553 6.621 6.617 6.518 6.419 6.319 6.220 6.120 6.021 5.922 5.822 5.723 5.623 5.549 5.504 5.466 5.450 5.434 5.418 5.401 5.385 5.369 5.353 5.337 5.320 5.302 5.281 5.260 5.239 5.218
2.901 2.951 3.001 3.051 3.099 3.111 3.136 3.169 3.201 3.234 3.266 3.299 3.331 3.364 3.397 3.429 3.462 3.494 3.527 3.563 3.619 3.655 3.690 3.726 3.761 3.796 3.832 3.867 3.903 3.938 3.974 4.009 4.045 4.081 4.155 4.319 4.508 4.697 4.887 5.076 5.266 5.455 5.644 5.834 6.023 6.213 6.402 6.591 6.708 6.608 6.509 6.410 6.310 6.211 6.111 6.012 5.913 5.813 5.714 5.614 5.515 5.469 5.452 5.436 5.420 5.404 5.387 5.371 5.355 5.339 5.323 5.306 5.290 5.269 5.248 5.227 5.209
2.912 2.962 3.012 3.063 3.113 3.151 3.184 3.216 3.249 3.281 3.314 3.345 3.374 3.402 3.431 3.459 3.488 3.516 3.545 3.573 3.605 3.641 3.677 3.713 3.749 3.785 3.822 3.858 3.894 3.930 3.966 4.002 4.039 4.075 4.135 4.322 4.509 4.696 4.884 5.071 5.258 5.445 5.632 5.819 6.007 6.194 6.381 6.568 6.729 6.643 6.542 6.440 6.338 6.236 6.134 6.033 5.931 5.829 5.727 5.625 5.524 5.450 5.438 5.422 5.406 5.390 5.373 5.357 5.341 5.325 5.309 5.292 5.276 5.256 5.236 5.216 5.203
2.920 2.967 3.015 3.062 3.109 3.131 3.149 3.177 3.206 3.234 3.263 3.291 3.320 3.348 3.376 3.405 3.433 3.462 3.490 3.518 3.544 3.579 3.615 3.652 3.688 3.724 3.760 3.796 3.832 3.869 3.905 3.941 3.977 4.013 4.113 4.256 4.443 4.630 4.817 5.004 5.192 5.379 5.566 5.753 5.940 6.127 6.314 6.502 6.644 6.721 6.619 6.517 6.415 6.314 6.212 6.110 6.008 5.906 5.805 5.703 5.556 5.382 5.375 5.368 5.362 5.355 5.348 5.341 5.327 5.311 5.295 5.278 5.262 5.244 5.224 5.211 5.197
2.909 2.956 3.003 3.051 3.098 3.100 3.095 3.123 3.151 3.180 3.208 3.237 3.265 3.293 3.322 3.350 3.379 3.407 3.436 3.462 3.488 3.518 3.554 3.590 3.626 3.662 3.699 3.735 3.771 3.807 3.843 3.879 3.916 3.983 4.094 4.204 4.377 4.564 4.751 4.938 5.125 5.313 5.500 5.687 5.874 6.061 6.248 6.420 6.558 6.695 6.696 6.595 6.493 6.391 6.289 6.188 6.086 5.984 5.882 5.766 5.560 5.354 5.308 5.301 5.294 5.287 5.280 5.273 5.266 5.260 5.253 5.246 5.239 5.232 5.218 5.205 5.192
2.897 2.945 2.992 3.040 3.075 3.070 3.064 3.068 3.097 3.125 3.154 3.182 3.211 3.239 3.268 3.296 3.324 3.353 3.380 3.406 3.433 3.459 3.493 3.529 3.565 3.601 3.637 3.673 3.709 3.746 3.782 3.818 3.854 3.965 4.075 4.186 4.311 4.498 4.685 4.872 5.059 5.246 5.433 5.621 5.808 5.995 6.182 6.335 6.472 6.610 6.747 6.672 6.570 6.469 6.367 6.265 6.163 6.061 5.960 5.770 5.564 5.358 5.241 5.234 5.227 5.220 5.213 5.206 5.199 5.192 5.185 5.178 5.171 5.159 5.157 5.160 5.163
2.886 2.934 2.981 3.028 3.044 3.039 3.033 3.028 3.042 3.071 3.099 3.128 3.156 3.185 3.213 3.241 3.270 3.298 3.325 3.351 3.377 3.403 3.431 3.467 3.503 3.540 3.576 3.612 3.648 3.684 3.720 3.757 3.835 3.946 4.056 4.167 4.277 4.431 4.619 4.806 4.993 5.180 5.367 5.554 5.741 5.929 6.112 6.249 6.387 6.524 6.662 6.750 6.648 6.546 6.444 6.342 6.241 6.139 5.980 5.773 5.567 5.361 5.173 5.166 5.159 5.152 5.145 5.139 5.132 5.125 5.118 5.111 5.100 5.087 5.079 5.082 5.085
2.875 2.922 2.970 3.017 3.014 3.008 3.002 2.997 2.991 3.016 3.045 3.073 3.102 3.130 3.159 3.187 3.215 3.243 3.269 3.295 3.321 3.347 3.374 3.406 3.442 3.478 3.514 3.550 3.586 3.623 3.659 3.706 3.816 3.927 4.037 4.148 4.258 4.369 4.552 4.739 4.927 5.114 5.301 5.488 5.675 5.862 6.026 6.164 6.301 6.438 6.576 6.713 6.725 6.623 6.522 6.420 6.318 6.189 5.983 5.777 5.571 5.365 5.159 5.099 5.092 5.085 5.078 5.071 5.064 5.058 5.051 5.040 5.027 5.014 5.001 5.004 5.007
2.864 2.911 2.959 2.989 2.983 2.977 2.972 2.966 2.960 2.962 2.990 3.019 3.047 3.076 3.104 3.133 3.161 3.187 3.213 3.239 3.266 3.292 3.318 3.344 3.380 3.417 3.453 3.489 3.525 3.561 3.597 3.687 3.798 3.908 4.019 4.129 4.239 4.350 4.486 4.673 4.860 5.048 5.235 5.422 5.609 5.796 5.940 6.078 6.215 6.353 6.490 6.628 6.765 6.701 6.599 6.497 6.395 6.193 5.987 5.781 5.575 5.369 5.163 5.031 5.025 5.018 5.011 5.004 4.997 4.990 4.980 4.967 4.954 4.941 4.928 4.926 4.930
2.853 2.900 2.948 2.958 2.952 2.947 2.941 2.935 2.930 2.924 2.936 2.964 2.993 3.021 3.050 3.078 3.105 3.132 3.158 3.184 3.210 3.236 3.262 3.288 3.319 3.355 3.391 3.427 3.464 3.500 3.558 3.668 3.779 3.889 4.000 4.110 4.221 4.331 4.442 4.607 4.794 4.981 5.168 5.356 5.543 5.717 5.855 5.992 6.130 6.267 6.405 6.542 6.679 6.778 6.677 6.575 6.403 6.197 5.991 5.784 5.578 5.372 5.166 4.964 4.957 4.950 4.943 4.937 4.930 4.920 4.907 4.894 4.881 4.868 4.855 4.849 4.852
2.841 2.889 2.933 2.927 2.921 2.916 2.910 2.904 2.899 2.893 2.887 2.910 2.938 2.967 2.995 3.024 3.050 3.076 3.102 3.128 3.154 3.180 3.207 3.233 3.259 3.294 3.330 3.366 3.402 3.438 3.539 3.649 3.760 3.870 3.981 4.091 4.202 4.312 4.423 4.541 4.728 4.915 5.102 5.289 5.476 5.632 5.769 5.907 6.044 6.181 6.319 6.456 6.594 6.731 6.754 6.612 6.406 6.200 5.994 5.788 5.582 5.376 5.170 4.964 4.890 4.883 4.876 4.869 4.861 4.848 4.835 4.822 4.808 4.795 4.782 4.771 4.774
2.830 2.878 2.902 2.896 2.891 2.885 2.879 2.874 2.868 2.862 2.856 2.855 2.884 2.912 2.941 2.968 2.994 3.020 3.046 3.072 3.099 3.125 3.151 3.177 3.203 3.232 3.268 3.305 3.341 3.410 3.520 3.631 3.741 3.852 3.962 4.073 4.183 4.293 4.404 4.514 4.662 4.849 5.036 5.223 5.409 5.546 5.684 5.821 5.958 6.096 6.233 6.371 6.508 6.645 6.812 6.616 6.410 6.204 5.998 5.792 5.586 5.380 5.174 4.968 4.822 4.816 4.809 4.801 4.788 4.775 4.762 4.749 4.736 4.723 4.710 4.696 4.697
2.819 2.866 2.871 2.866 2.860 2.854 2.849 2.843 2.837 2.831 2.826 2.820 2.829 2.858 2.886 2.912 2.938 2.964 2.991 3.017 3.043 3.069 3.095 3.121 3.147 3.174 3.207 3.243 3.280 3.391 3.501 3.612 3.722 3.833 3.943 4.054 4.164 4.275 4.385 4.496 4.606 4.783 4.970 5.157 5.323 5.460 5.598 5.735 5.873 6.010 6.148 6.287 6.485 6.683 6.881 6.731 6.495 6.259 6.023 5.795 5.589 5.383 5.177 4.971 4.765 4.748 4.741 4.728 4.715 4.702 4.689 4.676 4.663 4.650 4.637 4.624 4.619
2.808 2.846 2.841 2.835 2.829 2.823 2.818 2.812 2.806 2.801 2.795 2.789 2.783 2.803 2.830 2.857 2.883 2.909 2.935 2.961 2.987 3.013 3.040 3.066 3.092 3.118 3.145 3.181 3.261 3.372 3.482 3.593 3.703 3.814 3.924 4.035 4.145 4.256 4.366 4.477 4.587 4.716 4.903 5.091 5.237 5.375 5.512 5.650 5.787 5.961 6.159 6.356 6.554 6.752 6.950 6.850 6.614 6.378 6.142 5.906 5.670 5.434 5.199 4.975 4.769 4.681 4.668 4.655 4.642 4.629 4.616 4.603 4.590 4.577 4.564 4.551 4.541
2.797 2.816 2.810 2.804 2.798 2.793 2.787 2.781 2.775 2.770 2.764 2.758 2.753 2.749 2.775 2.801 2.827 2.853 2.879 2.905 2.932 2.958 2.984 3.010 3.036 3.062 3.088 3.132 3.243 3.353 3.464 3.574 3.685 3.795 3.905 4.016 4.127 4.237 4.347 4.458 4.568 4.679 4.837 5.014 5.152 5.289 5.436 5.634 5.832 6.030 6.228 6.426 6.623 6.821 7.019 6.969 6.733 6.497 6.261 6.025 5.789 5.553 5.317 5.082 4.846 4.633 4.602 4.582 4.569 4.556 4.543 4.530 4.517 4.504 4.491 4.478 4.465
2.785 2.785 2.779 2.773 2.768 2.762 2.756 2.751 2.745 2.740 2.734 2.729 2.723 2.728 2.749 2.774 2.799 2.825 2.850 2.875 2.901 2.926 2.951 2.977 3.002 3.027 3.053 3.099 3.211 3.323 3.435 3.547 3.659 3.771 3.883 3.995 4.107 4.218 4.329 4.439 4.550 4.660 4.771 4.929 5.109 5.307 5.505 5.703 5.901 6.099 6.297 6.495 6.692 6.890 7.088 7.087 6.851 6.616 6.380 6.144 5.908 5.672 5.436 5.196 4.904 4.626 4.595 4.565 4.534 4.503 4.472 4.457 4.444 4.431 4.418 4.405 4.392
2.758 2.755 2.749 2.744 2.738 2.733 2.727 2.722 2.716 2.711 2.705 2.700 2.695 2.709 2.723 2.748 2.773 2.799 2.824 2.849 2.875 2.900 2.925 2.951 2.976 3.001 3.037 3.083 3.171 3.283 3.395 3.507 3.619 3.731 3.843 3.955 4.067 4.179 4.291 4.403 4.515 4.626 4.743 4.952 5.178 5.376 5.574 5.772 5.970 6.168 6.366 6.564 6.762 6.959 7.157 7.206 6.970 6.734 6.499 6.263 6.027 5.791 5.544 5.251 4.959 4.667 4.589 4.558 4.527 4.496 4.466 4.435 4.404 4.373 4.346 4.333 4.320
2.717 2.724 2.720 2.715 2.709 2.704 2.698 2.693 2.687 2.682 2.676 2.671 2.675 2.689 2.703 2.722 2.747 2.773 2.798 2.823 2.849 2.874 2.899 2.925 2.950 2.978 3.025 3.071 3.130 3.242 3.354 3.466 3.578 3.690 3.802 3.914 4.026 4.138 4.250 4.362 4.474 4.587 4.716 4.897 5.155 5.414 5.643 5.841 6.039 6.237 6.435 6.633 6.831 7.028 7.226 7.325 7.089 6.853 6.617 6.381 6.146 5.891 5.599 5.307 5.014 4.722 4.582 4.551 4.520 4.490 4.459 4.428 4.397 4.367 4.336 4.305 4.275
