includes/lisflood/results/res-0004.wdfp
ncols         631
nrows         906
xllcorner     364927.146600
yllcorner     6531972.565600
cellsize      20.000000
NODATA_value  -9999.000000
[rows 238 to 271 of 906, columns 385 to 461 of 631]
3.536 3.797 3.557 3.557 3.587 3.618 3.648 3.698 4.111 3.889 3.789 3.769 4.183 3.930 3.870 3.830 3.901 3.891 3.931 3.942 3.742 3.852 4.356 4.401 4.446 4.491 4.536 4.582 4.627 4.672 4.717 4.762 4.808 4.853 4.898 4.930 4.936 4.941 4.946 4.952 4.957 4.962 4.968 4.973 4.979 4.984 4.990 4.995 4.994 4.979 4.965 4.982 5.040 5.099 5.155 5.198 5.241 5.285 5.328 5.372 5.415 5.458 5.502 5.545 5.589 5.627 5.623 5.619 5.615 5.610 5.606 5.602 5.598 5.594 5.590 5.586 5.587
3.566 3.636 3.726 3.487 3.657 3.597 3.778 3.658 3.758 3.928 3.788 3.869 3.729 3.879 3.890 3.840 3.920 3.920 3.801 3.731 3.882 3.932 4.322 4.365 4.410 4.455 4.500 4.545 4.590 4.635 4.681 4.726 4.771 4.816 4.861 4.887 4.893 4.898 4.903 4.909 4.914 4.920 4.925 4.930 4.936 4.941 4.947 4.952 4.958 4.963 4.951 4.973 5.031 5.075 5.119 5.162 5.205 5.249 5.292 5.336 5.379 5.423 5.466 5.509 5.553 5.594 5.590 5.586 5.582 5.578 5.574 5.569 5.565 5.561 5.557 5.553 5.564
3.626 3.566 3.646 3.536 3.547 3.607 3.637 3.767 3.738 3.798 3.838 3.678 3.849 3.859 3.789 3.889 3.960 3.990 3.760 3.931 3.951 4.308 4.318 4.329 4.373 4.418 4.463 4.508 4.554 4.599 4.644 4.689 4.734 4.780 4.825 4.844 4.850 4.855 4.860 4.866 4.871 4.877 4.882 4.887 4.893 4.898 4.904 4.909 4.915 4.920 4.926 4.953 4.996 5.039 5.083 5.126 5.170 5.213 5.256 5.300 5.343 5.387 5.430 5.474 5.517 5.560 5.557 5.553 5.549 5.545 5.541 5.537 5.533 5.528 5.525 5.540 5.556
3.485 3.756 3.686 3.716 3.696 3.757 3.697 3.647 3.767 3.718 3.718 3.828 3.778 3.768 3.879 3.869 3.899 4.263 4.273 4.283 4.294 4.304 4.314 4.325 4.337 4.382 4.427 4.472 4.517 4.562 4.607 4.653 4.698 4.743 4.788 4.801 4.807 4.812 4.817 4.823 4.828 4.834 4.839 4.844 4.850 4.855 4.861 4.866 4.872 4.884 4.907 4.935 4.968 5.004 5.047 5.090 5.134 5.177 5.221 5.264 5.307 5.351 5.394 5.438 5.481 5.525 5.525 5.521 5.516 5.512 5.508 5.504 5.500 5.501 5.517 5.533 5.548
3.535 3.485 3.616 3.626 3.706 3.756 3.637 3.607 3.727 3.747 3.757 3.738 3.818 3.678 3.918 3.829 3.879 3.969 4.269 4.280 4.290 4.300 4.310 3.942 4.331 4.345 4.390 4.435 4.481 4.526 4.571 4.616 4.661 4.706 4.752 4.758 4.764 4.769 4.775 4.780 4.785 4.791 4.796 4.802 4.807 4.812 4.818 4.825 4.848 4.871 4.894 4.921 4.954 4.988 5.021 5.055 5.098 5.141 5.185 5.228 5.272 5.315 5.358 5.402 5.445 5.489 5.492 5.488 5.484 5.480 5.475 5.471 5.478 5.494 5.509 5.525 5.541
3.625 3.635 3.655 3.855 3.656 3.566 3.666 3.776 3.717 3.737 3.747 3.847 3.767 3.768 3.938 3.908 4.245 4.255 3.989 4.276 4.286 4.296 4.306 4.317 4.327 4.337 4.354 4.399 4.444 4.489 4.534 4.580 4.625 4.670 4.710 4.715 4.721 4.726 4.732 4.737 4.742 4.748 4.753 4.759 4.764 4.769 4.789 4.812 4.835 4.858 4.881 4.906 4.940 4.973 5.007 5.041 5.074 5.108 5.149 5.192 5.236 5.279 5.323 5.366 5.409 5.453 5.459 5.455 5.451 5.447 5.443 5.455 5.470 5.486 5.502 5.518 5.533
3.595 3.635 3.535 3.635 3.715 3.756 3.686 3.656 3.666 3.706 3.727 3.857 3.857 3.937 3.828 3.888 4.241 3.859 3.959 4.272 4.282 4.292 4.302 4.313 4.323 4.333 4.344 4.362 4.408 4.453 4.498 4.543 4.588 4.633 4.667 4.672 4.678 4.683 4.689 4.694 4.700 4.705 4.710 4.716 4.730 4.753 4.776 4.799 4.822 4.845 4.868 4.892 4.925 4.959 4.993 5.026 5.060 5.094 5.127 5.161 5.200 5.243 5.287 5.330 5.374 5.417 5.427 5.422 5.418 5.416 5.431 5.447 5.463 5.479 5.494 5.510 5.526
3.644 3.684 3.675 3.605 3.605 3.625 3.596 3.666 3.646 3.816 3.696 3.947 4.178 3.817 3.917 3.858 3.908 3.958 4.258 4.268 3.969 4.288 4.299 4.309 4.319 4.329 4.340 4.350 4.371 4.416 4.461 4.506 4.552 4.597 4.624 4.629 4.635 4.640 4.646 4.651 4.657 4.662 4.671 4.694 4.717 4.740 4.763 4.786 4.809 4.832 4.855 4.878 4.911 4.945 4.978 5.012 5.046 5.079 5.113 5.146 5.180 5.214 5.251 5.294 5.338 5.381 5.394 5.390 5.392 5.408 5.424 5.439 5.455 5.471 5.487 5.503 5.518
3.574 3.654 3.634 3.625 3.675 3.695 3.685 3.815 3.676 3.766 3.716 4.159 3.716 3.827 3.937 3.927 3.968 3.978 3.878 4.264 4.274 4.284 3.960 3.990 3.940 4.325 4.336 4.346 4.356 4.380 4.425 4.470 4.515 4.560 4.581 4.586 4.592 4.597 4.603 4.608 4.614 4.635 4.658 4.681 4.704 4.727 4.750 4.773 4.796 4.819 4.842 4.865 4.897 4.930 4.964 4.998 5.031 5.065 5.098 5.132 5.166 5.199 5.233 5.267 5.302 5.345 5.361 5.369 5.385 5.400 5.416 5.432 5.448 5.463 5.479 5.495 5.511
3.424 3.694 3.594 3.604 3.745 3.775 3.525 3.825 3.745 3.836 3.626 3.766 3.866 3.796 3.937 3.927 4.229 4.239 3.928 3.958 3.889 4.280 4.291 4.301 4.311 3.950 4.332 4.342 4.352 4.363 4.388 4.433 4.479 4.524 3.964 4.544 4.549 4.554 4.560 4.576 4.599 4.622 4.645 4.668 4.691 4.714 4.737 4.760 4.783 4.806 4.829 4.852 4.882 4.916 4.950 4.983 5.017 5.050 5.084 5.118 5.151 5.185 5.219 5.252 5.286 5.320 5.345 5.361 5.377 5.393 5.409 5.424 5.440 5.456 5.472 5.487 5.503
3.624 3.544 3.604 3.714 3.714 3.684 3.705 3.715 3.795 3.625 3.635 3.736 3.826 3.796 3.846 3.886 3.787 4.235 3.927 3.908 3.878 4.276 4.287 3.929 4.307 4.317 4.328 4.338 4.348 3.942 4.369 4.397 4.442 3.973 4.495 4.501 4.506 4.517 4.540 4.563 4.586 4.609 4.632 4.655 4.678 4.701 4.723 4.746 4.769 4.792 4.815 4.838 4.868 4.902 4.935 4.969 5.003 5.036 5.070 5.103 5.137 5.171 5.204 5.238 5.271 5.302 5.329 5.347 5.365 5.383 5.401 5.417 5.433 5.448 5.464 5.480 5.496
3.513 3.613 3.604 3.714 3.714 3.704 3.654 3.764 3.775 3.715 3.625 3.695 3.795 3.846 3.816 3.826 4.221 3.897 3.987 3.907 4.262 3.898 4.283 4.293 4.303 4.314 3.890 3.801 4.344 4.355 3.962 4.375 4.406 4.447 3.994 4.458 4.481 4.504 4.527 4.550 4.573 4.596 4.619 4.642 4.665 4.687 4.710 4.733 4.756 4.779 4.802 4.825 4.854 4.887 4.921 4.955 4.988 5.022 5.055 5.089 5.123 5.156 5.190 5.222 5.253 5.284 5.314 5.332 5.350 5.368 5.386 5.404 5.422 5.440 5.457 5.472 5.488
3.503 3.703 3.533 3.634 3.614 3.504 3.704 3.694 3.614 3.715 3.635 3.705 3.725 3.755 3.755 3.926 3.896 4.228 4.238 3.877 4.258 4.269 4.279 3.989 3.699 4.310 3.830 3.870 3.891 4.351 4.361 4.371 3.922 3.763 3.973 4.445 4.468 4.491 4.514 4.537 4.560 4.583 4.606 4.629 4.651 4.674 4.697 4.720 4.743 4.766 4.789 4.812 4.839 4.873 4.907 4.940 4.974 5.007 5.041 5.075 5.108 5.142 5.174 5.204 5.235 5.266 5.296 5.317 5.335 5.353 5.371 5.389 5.407 5.425 5.443 5.461 5.479
3.553 3.543 3.703 3.813 3.493 3.544 3.614 3.644 3.704 3.764 3.824 3.705 3.785 3.795 3.915 3.885 3.896 3.976 4.234 4.244 4.254 3.848 3.758 3.958 3.949 3.879 3.959 3.920 3.780 3.971 4.360 3.931 3.952 4.395 4.413 4.432 4.455 4.478 4.501 4.524 4.547 4.570 4.593 4.615 4.638 4.661 4.684 4.707 4.730 4.753 4.776 4.799 4.825 4.859 4.892 4.926 4.960 4.993 5.027 5.060 5.094 5.125 5.156 5.186 5.217 5.248 5.278 5.302 5.320 5.338 5.356 5.373 5.391 5.409 5.427 5.445 5.463
3.593 3.613 3.483 3.643 3.633 3.623 3.713 3.564 3.624 3.784 3.934 3.824 3.874 3.715 3.755 4.201 4.211 4.222 4.233 3.736 3.847 3.797 3.877 3.858 3.808 3.919 3.959 4.330 3.940 3.920 3.941 3.951 4.386 4.400 4.416 4.434 4.451 4.468 4.488 4.511 4.534 4.556 4.579 4.602 4.625 4.648 4.671 4.694 4.717 4.740 4.763 4.786 4.811 4.844 4.878 4.912 4.945 4.979 5.012 5.045 5.076 5.107 5.137 5.168 5.199 5.230 5.260 5.286 5.304 5.322 5.340 5.358 5.376 5.394 5.412 5.430 5.448
3.512 3.512 3.493 3.513 3.663 3.643 3.703 3.793 3.753 3.744 3.964 3.814 3.744 3.654 4.193 4.203 4.214 3.725 3.776 3.876 3.756 3.957 3.857 3.867 3.828 4.311 4.322 3.849 3.969 3.860 3.910 4.376 4.391 4.405 4.420 4.438 4.455 4.472 4.489 4.506 4.523 4.543 4.566 4.589 4.612 4.635 4.658 4.681 4.704 4.727 4.750 4.773 4.796 4.830 4.864 4.897 4.931 4.964 4.997 5.027 5.058 5.089 5.119 5.150 5.181 5.212 5.242 5.271 5.289 5.307 5.325 5.343 5.361 5.379 5.397 5.415 5.433
3.502 3.482 3.622 3.652 3.773 3.793 3.593 3.863 3.633 3.873 3.724 4.130 4.161 4.185 3.964 3.645 3.655 3.755 3.835 3.666 3.846 3.916 3.747 3.837 3.847 3.898 3.878 3.919 3.949 3.909 3.910 4.381 4.396 4.410 4.424 4.441 4.459 4.476 4.493 4.510 4.527 4.544 4.562 4.579 4.599 4.622 4.645 4.668 4.691 4.714 4.737 4.760 4.783 4.816 4.849 4.883 4.917 4.948 4.979 5.009 5.040 5.071 5.101 5.132 5.163 5.194 5.224 5.255 5.274 5.292 5.310 5.328 5.346 5.364 5.382 5.400 5.417
3.552 3.542 3.592 3.682 3.642 3.522 3.613 3.713 3.783 4.063 4.089 4.121 4.152 3.674 3.754 3.634 3.714 3.795 3.815 3.815 3.866 3.866 3.796 3.897 3.857 3.907 3.968 3.928 4.348 3.939 3.990 4.386 4.400 4.415 4.429 4.445 4.463 4.480 4.497 4.514 4.531 4.548 4.566 4.583 4.600 4.617 4.634 4.655 4.678 4.701 4.724 4.747 4.770 4.802 4.835 4.869 4.899 4.930 4.961 4.991 5.022 5.053 5.083 5.114 5.145 5.176 5.206 5.237 5.259 5.277 5.295 5.313 5.330 5.348 5.366 5.384 5.402
3.452 3.512 3.512 3.582 3.682 3.532 3.632 4.003 4.026 4.049 3.453 3.783 3.633 3.944 3.664 3.734 3.734 3.764 3.825 3.845 3.925 3.896 3.806 3.926 3.817 4.318 3.907 3.948 3.948 3.969 4.377 4.391 4.405 4.420 4.434 4.449 4.466 4.484 4.501 4.518 4.535 4.552 4.570 4.587 4.604 4.621 4.638 4.655 4.672 4.690 4.711 4.734 4.756 4.787 4.820 4.851 4.881 4.912 4.943 4.973 5.004 5.035 5.065 5.096 5.127 5.157 5.188 5.219 5.243 5.261 5.279 5.297 5.315 5.333 5.351 5.369 5.388
3.412 3.582 3.522 3.502 3.919 3.942 3.965 3.989 3.522 3.553 3.653 3.633 3.733 3.703 3.724 3.744 3.634 3.834 3.804 3.835 3.855 3.885 3.926 3.886 3.926 3.937 3.987 4.343 3.958 4.367 4.382 4.396 4.410 4.425 4.439 4.453 4.470 4.488 4.505 4.522 4.539 4.556 4.573 4.591 4.608 4.625 4.642 4.659 4.676 4.693 4.711 4.728 4.745 4.771 4.802 4.833 4.863 4.894 4.925 4.955 4.986 5.017 5.047 5.078 5.109 5.139 5.170 5.201 5.228 5.246 5.264 5.282 5.300 5.318 5.336 5.355 5.376
3.421 3.661 3.859 3.882 3.905 3.472 3.432 3.542 3.562 3.542 3.722 3.963 3.643 3.753 3.823 3.803 3.694 3.924 3.824 3.815 3.815 3.965 3.865 4.302 3.986 3.957 3.987 4.345 4.358 4.372 4.387 4.401 4.415 4.430 4.444 4.458 4.474 4.492 4.509 4.526 4.543 4.560 4.577 4.594 4.612 4.629 4.646 4.663 4.680 4.697 4.715 4.732 4.748 4.766 4.792 4.817 4.845 4.876 4.907 4.937 4.968 4.999 5.029 5.060 5.091 5.121 5.152 5.183 5.213 5.231 5.249 5.267 5.285 5.303 5.322 5.343 5.363
3.798 3.822 3.411 3.441 3.591 3.451 3.501 3.422 3.582 3.652 3.702 3.812 3.793 4.149 3.883 3.793 3.703 3.734 3.754 3.784 3.825 3.945 3.885 3.865 3.926 3.916 3.927 4.349 4.363 4.377 4.392 3.959 4.420 4.435 4.449 4.463 4.478 4.495 4.513 4.530 4.547 4.564 4.581 4.598 4.616 4.633 4.650 4.667 4.684 4.701 4.718 4.734 4.749 4.764 4.790 4.816 4.842 4.867 4.893 4.919 4.950 4.981 5.011 5.042 5.073 5.103 5.134 5.165 5.195 5.216 5.234 5.252 5.270 5.289 5.310 5.330 5.350
3.221 3.331 3.441 3.381 3.481 3.591 3.521 3.531 3.642 3.662 3.822 3.672 3.852 3.763 3.773 3.823 3.763 3.643 3.744 3.814 3.824 3.925 3.845 4.307 4.318 4.329 3.906 3.907 4.368 4.382 4.397 4.411 4.425 4.439 4.454 4.468 4.482 4.499 4.516 4.534 4.551 4.568 4.585 4.602 4.619 4.637 4.654 4.671 4.688 4.705 4.721 4.736 4.751 4.766 4.789 4.814 4.840 4.866 4.892 4.917 4.943 4.969 4.994 5.024 5.055 5.085 5.116 5.147 5.177 5.201 5.218 5.236 5.256 5.277 5.297 5.317 5.337
3.281 3.401 3.521 3.491 3.581 3.571 3.571 3.531 3.611 3.581 3.552 3.742 3.792 3.762 3.793 3.843 3.743 3.733 3.783 3.804 3.744 3.884 3.865 3.855 4.321 3.896 4.344 4.359 4.373 4.387 4.402 4.416 4.430 4.444 4.459 4.473 4.487 4.503 4.520 4.538 4.555 4.572 4.589 4.606 4.623 4.640 4.658 4.675 4.692 4.708 4.723 4.738 4.753 4.768 4.787 4.813 4.839 4.864 4.890 4.916 4.941 4.967 4.993 5.019 5.044 5.070 5.098 5.129 5.159 5.185 5.203 5.224 5.244 5.264 5.284 5.304 5.324
3.360 3.400 3.330 3.420 3.350 3.531 3.551 3.501 3.541 3.551 3.551 3.692 3.622 4.123 3.892 3.732 3.783 3.883 3.743 3.803 3.754 3.814 3.874 3.985 3.885 3.965 4.349 3.956 4.378 3.947 4.407 4.421 4.435 4.449 4.464 4.478 4.492 4.507 4.524 4.541 4.559 4.576 4.593 4.610 4.627 4.644 4.662 4.679 4.695 4.710 4.725 4.740 4.755 4.770 4.786 4.811 4.837 4.863 4.888 4.914 4.940 4.966 4.991 5.017 5.043 5.069 5.094 5.120 5.146 5.170 5.191 5.211 5.231 5.251 5.271 5.291 5.312
3.400 3.490 3.390 3.460 3.400 3.570 3.420 3.511 3.551 3.641 3.691 3.721 3.782 3.682 3.722 3.862 3.852 3.823 3.933 3.773 3.893 3.954 3.874 3.974 4.326 4.340 3.945 4.369 4.383 3.927 4.411 4.426 4.440 4.454 4.469 4.483 4.497 4.511 4.528 4.545 4.563 4.580 4.597 4.614 4.631 4.648 4.665 4.682 4.697 4.711 4.726 4.741 4.756 4.771 4.786 4.810 4.836 4.861 4.887 4.913 4.938 4.964 4.990 5.016 5.041 5.067 5.093 5.119 5.142 5.159 5.178 5.198 5.218 5.238 5.259 5.279 5.299
3.320 3.230 3.290 3.360 3.440 3.400 3.410 3.530 3.580 3.711 3.701 3.631 3.601 3.782 3.742 3.742 3.812 3.712 3.813 3.793 3.723 3.893 3.814 3.864 3.874 3.935 4.359 4.374 4.388 3.936 4.416 3.987 4.445 4.459 4.474 4.488 4.502 4.516 4.532 4.549 4.566 4.584 4.601 4.618 4.635 4.652 4.668 4.683 4.698 4.713 4.728 4.743 4.758 4.773 4.788 4.808 4.834 4.860 4.885 4.911 4.937 4.963 4.988 5.014 5.040 5.066 5.091 5.115 5.131 5.147 5.166 5.186 5.206 5.226 5.246 5.266 5.286
3.200 3.350 3.340 3.390 3.340 3.480 3.460 3.590 3.680 3.550 3.731 3.731 3.831 3.701 3.801 3.742 3.862 3.852 3.782 3.903 3.833 3.953 3.934 3.894 3.874 3.905 4.364 3.965 4.393 4.407 4.421 4.436 4.450 4.464 4.478 4.493 4.507 4.521 4.536 4.553 4.570 4.587 4.605 4.622 4.639 4.655 4.670 4.685 4.700 4.715 4.730 4.745 4.760 4.775 4.790 4.807 4.833 4.858 4.884 4.910 4.935 4.961 4.987 5.013 5.038 5.064 5.087 5.103 5.120 5.136 5.155 5.174 5.194 5.214 5.234 5.254 5.273
3.260 3.280 3.290 3.430 3.430 3.490 3.430 3.560 3.740 3.550 3.540 3.681 3.851 3.751 3.741 3.711 3.872 3.742 3.722 3.802 3.933 3.803 3.833 3.884 3.884 3.924 3.905 4.384 3.935 4.412 4.426 4.441 4.455 4.469 4.483 4.498 4.512 4.526 4.540 4.557 4.574 4.591 4.608 4.626 4.642 4.657 4.672 4.687 4.702 4.717 4.732 4.747 4.762 4.776 4.791 4.806 4.831 4.857 4.882 4.908 4.934 4.960 4.985 5.011 5.037 5.059 5.076 5.092 5.109 5.125 5.143 5.163 5.182 5.202 5.222 5.242 5.262
3.079 3.249 3.439 3.379 3.419 3.489 3.520 3.490 3.520 3.660 3.730 3.500 3.671 3.611 3.861 3.811 3.811 3.802 3.802 3.842 3.762 3.893 3.893 3.873 3.864 3.944 3.854 4.389 3.875 3.925 3.986 4.446 4.460 4.474 4.488 4.503 4.517 4.531 4.545 4.561 4.578 4.595 4.612 4.629 4.644 4.659 4.674 4.689 4.703 4.718 4.733 4.748 4.763 4.778 4.793 4.808 4.830 4.855 4.881 4.907 4.932 4.958 4.984 5.010 5.031 5.048 5.064 5.081 5.097 5.114 5.131 5.151 5.170 5.190 5.210 5.230 5.250
3.299 3.279 3.349 3.449 3.439 3.499 3.429 3.499 3.560 3.550 3.740 3.590 3.600 3.700 3.671 3.781 3.761 3.711 3.822 3.782 3.792 3.782 3.903 3.703 3.833 3.834 3.904 3.894 3.915 3.985 4.436 4.451 4.465 4.479 4.493 4.508 4.522 4.536 4.550 4.565 4.582 4.599 4.616 4.631 4.646 4.660 4.675 4.690 4.705 4.720 4.735 4.750 4.765 4.780 4.795 4.810 4.828 4.854 4.879 4.905 4.931 4.957 4.982 5.004 5.020 5.037 5.053 5.070 5.086 5.102 5.119 5.139 5.159 5.178 5.198 5.218 5.238
3.219 3.319 3.429 3.429 3.329 3.379 3.499 3.579 3.609 3.660 3.600 3.700 3.600 3.630 3.620 3.801 3.871 3.781 3.771 3.732 3.792 3.862 3.862 3.783 3.743 4.363 4.380 4.397 3.854 3.925 3.965 3.966 3.986 4.484 4.498 4.513 4.527 4.541 4.555 4.570 4.586 4.603 4.617 4.632 4.647 4.662 4.677 4.692 4.707 4.722 4.737 4.752 4.767 4.782 4.797 4.812 4.827 4.852 4.878 4.904 4.929 4.955 4.976 4.993 5.009 5.025 5.042 5.058 5.075 5.091 5.108 5.127 5.147 5.167 5.186 5.206 5.226
3.209 3.249 3.329 3.479 3.399 3.459 3.469 3.589 3.609 3.619 3.549 3.660 3.640 3.590 3.760 3.790 3.811 3.811 3.911 3.821 3.862 4.271 3.832 3.882 4.323 3.863 3.894 3.884 3.884 3.935 3.975 4.442 4.459 3.986 4.492 4.509 4.526 4.543 3.978 4.575 4.589 4.604 4.619 4.634 4.649 4.664 4.679 4.694 4.709 4.724 4.739 4.754 4.769 4.783 4.798 4.813 4.828 4.851 4.876 4.902 4.928 4.948 4.965 4.981 4.998 5.014 5.031 5.047 5.064 5.080 5.096 5.115 5.135 5.155 5.175 5.194 5.214
3.219 3.239 3.269 3.389 3.399 3.339 3.429 3.439 3.499 3.499 3.559 3.619 3.590 3.560 3.630 3.660 3.760 3.751 3.841 3.781 3.901 3.632 3.832 3.862 4.300 3.793 3.863 3.874 3.934 3.914 3.905 3.905 3.975 4.453 4.470 4.486 4.503 4.520 4.537 4.554 4.572 4.591 4.610 4.629 4.648 4.666 4.681 4.696 4.710 4.725 4.740 4.755 4.770 4.785 4.800 4.815 4.830 4.849 4.875 4.901 4.921 4.937 4.954 4.970 4.986 5.003 5.019 5.036 5.052 5.069 5.085 5.103 5.123 5.143 5.163 5.182 5.202
