includes/lisflood/results/res-0004.wdfp
ncols         631
nrows         906
xllcorner     364927.146600
yllcorner     6531972.565600
cellsize      20.000000
NODATA_value  -9999.000000
[rows 306 to 339 of 906, columns 462 to 538 of 631]
4.722 4.738 4.755 4.771 4.788 4.804 4.820 4.837 4.853 4.870 4.886 4.903 4.921 4.938 4.956 4.974 4.991 5.009 5.027 5.044 5.062 5.079 5.097 5.114 5.131 5.149 5.166 5.184 5.205 5.231 5.257 5.282 5.308 5.334 5.359 5.385 5.411 5.436 5.462 5.488 5.513 5.538 5.564 5.587 5.609 5.630 5.651 5.672 5.694 5.715 5.736 5.757 5.779 5.800 5.821 5.842 5.877 5.919 5.963 6.006 6.049 6.092 6.135 6.178 6.221 6.265 6.307 6.349 6.390 6.432 6.473 6.510 6.514 6.518 6.522 6.526 6.530
4.714 4.730 4.747 4.763 4.780 4.796 4.812 4.829 4.845 4.862 4.878 4.895 4.913 4.931 4.948 4.966 4.984 5.002 5.019 5.037 5.055 5.072 5.089 5.107 5.124 5.142 5.159 5.176 5.201 5.227 5.252 5.278 5.304 5.330 5.355 5.381 5.407 5.432 5.458 5.484 5.509 5.534 5.560 5.582 5.603 5.624 5.646 5.667 5.688 5.709 5.731 5.752 5.773 5.794 5.815 5.835 5.852 5.893 5.934 5.976 6.017 6.059 6.100 6.142 6.183 6.225 6.266 6.308 6.349 6.391 6.434 6.486 6.511 6.515 6.519 6.524 6.528
4.706 4.722 4.739 4.755 4.772 4.788 4.804 4.821 4.837 4.854 4.870 4.888 4.905 4.923 4.941 4.959 4.976 4.994 5.012 5.029 5.047 5.065 5.082 5.099 5.117 5.134 5.152 5.171 5.197 5.223 5.248 5.274 5.300 5.325 5.351 5.377 5.402 5.428 5.454 5.479 5.505 5.530 5.555 5.576 5.598 5.619 5.640 5.661 5.683 5.704 5.720 5.735 5.749 5.763 5.778 5.792 5.817 5.852 5.893 5.935 5.976 6.018 6.059 6.101 6.142 6.184 6.225 6.267 6.308 6.350 6.399 6.450 6.503 6.513 6.517 6.521 6.525
4.698 4.714 4.731 4.747 4.763 4.780 4.796 4.813 4.829 4.846 4.863 4.880 4.898 4.916 4.933 4.951 4.969 4.986 5.004 5.022 5.040 5.057 5.075 5.092 5.110 5.127 5.144 5.167 5.193 5.218 5.244 5.270 5.295 5.321 5.347 5.372 5.398 5.424 5.449 5.475 5.501 5.526 5.550 5.571 5.591 5.606 5.620 5.634 5.649 5.663 5.677 5.692 5.706 5.720 5.735 5.749 5.782 5.815 5.852 5.894 5.935 5.977 6.018 6.060 6.101 6.143 6.184 6.226 6.267 6.311 6.363 6.415 6.467 6.510 6.515 6.519 6.523
4.689 4.706 4.722 4.739 4.755 4.772 4.788 4.805 4.821 4.838 4.855 4.873 4.890 4.908 4.926 4.944 4.961 4.979 4.997 5.014 5.032 5.050 5.067 5.085 5.102 5.120 5.137 5.163 5.188 5.214 5.240 5.265 5.291 5.317 5.342 5.368 5.394 5.419 5.445 5.469 5.489 5.510 5.520 5.534 5.548 5.563 5.577 5.592 5.606 5.620 5.634 5.649 5.663 5.677 5.692 5.713 5.747 5.780 5.813 5.853 5.894 5.936 5.977 6.019 6.060 6.102 6.143 6.185 6.226 6.275 6.327 6.379 6.431 6.483 6.512 6.516 6.520
4.681 4.698 4.714 4.731 4.747 4.764 4.780 4.797 4.813 4.830 4.848 4.865 4.883 4.901 4.918 4.936 4.954 4.971 4.989 5.007 5.024 5.042 5.060 5.077 5.095 5.112 5.133 5.158 5.184 5.210 5.235 5.261 5.287 5.312 5.336 5.357 5.377 5.398 5.418 5.439 5.460 5.480 5.487 5.492 5.506 5.520 5.534 5.549 5.563 5.577 5.592 5.606 5.620 5.635 5.649 5.678 5.711 5.745 5.778 5.812 5.853 5.895 5.936 5.978 6.019 6.061 6.102 6.143 6.187 6.239 6.291 6.343 6.395 6.447 6.499 6.514 6.518
4.673 4.690 4.706 4.723 4.739 4.756 4.772 4.789 4.805 4.822 4.840 4.858 4.875 4.893 4.911 4.928 4.946 4.964 4.982 4.999 5.017 5.035 5.052 5.070 5.088 5.105 5.128 5.154 5.180 5.203 5.224 5.244 5.265 5.285 5.306 5.327 5.347 5.368 5.389 5.409 5.430 5.449 5.454 5.459 5.464 5.477 5.491 5.506 5.520 5.534 5.549 5.563 5.577 5.592 5.609 5.643 5.676 5.709 5.743 5.776 5.812 5.854 5.895 5.937 5.978 6.019 6.061 6.102 6.151 6.203 6.255 6.307 6.359 6.411 6.463 6.511 6.515
4.665 4.682 4.698 4.715 4.731 4.748 4.764 4.781 4.797 4.815 4.833 4.850 4.868 4.886 4.903 4.921 4.939 4.956 4.974 4.992 5.009 5.027 5.045 5.061 5.078 5.094 5.111 5.132 5.152 5.173 5.194 5.214 5.235 5.256 5.276 5.297 5.317 5.338 5.359 5.379 5.400 5.417 5.422 5.427 5.432 5.437 5.448 5.463 5.477 5.491 5.506 5.520 5.534 5.549 5.574 5.608 5.641 5.674 5.707 5.741 5.774 5.813 5.854 5.896 5.937 5.978 6.020 6.063 6.115 6.167 6.219 6.271 6.323 6.375 6.427 6.479 6.513
4.657 4.674 4.690 4.707 4.723 4.740 4.756 4.773 4.790 4.807 4.825 4.843 4.860 4.878 4.895 4.912 4.928 4.944 4.961 4.977 4.993 5.009 5.026 5.042 5.059 5.072 5.084 5.102 5.122 5.143 5.164 5.184 5.205 5.226 5.246 5.267 5.288 5.308 5.329 5.349 5.370 5.384 5.389 5.394 5.399 5.404 5.409 5.420 5.434 5.448 5.463 5.477 5.491 5.506 5.539 5.572 5.606 5.639 5.672 5.705 5.739 5.772 5.813 5.854 5.896 5.937 5.979 6.027 6.079 6.131 6.183 6.235 6.287 6.339 6.391 6.443 6.495
4.649 4.666 4.682 4.699 4.715 4.732 4.748 4.764 4.778 4.794 4.811 4.827 4.843 4.860 4.876 4.892 4.909 4.925 4.941 4.958 4.974 4.990 5.007 5.023 5.039 5.051 5.063 5.074 5.092 5.113 5.134 5.154 5.175 5.196 5.216 5.237 5.258 5.278 5.299 5.319 5.340 5.352 5.357 5.362 5.367 5.372 5.377 5.382 5.391 5.405 5.420 5.434 5.448 5.470 5.504 5.537 5.570 5.604 5.637 5.670 5.703 5.737 5.772 5.813 5.855 5.896 5.940 5.992 6.043 6.095 6.147 6.199 6.251 6.303 6.355 6.407 6.459
4.641 4.657 4.674 4.690 4.707 4.723 4.740 4.752 4.760 4.775 4.792 4.808 4.824 4.841 4.857 4.873 4.890 4.906 4.922 4.939 4.955 4.971 4.988 5.004 5.019 5.030 5.042 5.053 5.065 5.083 5.104 5.124 5.145 5.166 5.186 5.207 5.228 5.248 5.269 5.290 5.310 5.319 5.324 5.329 5.334 5.339 5.344 5.349 5.354 5.363 5.377 5.391 5.405 5.435 5.468 5.502 5.535 5.568 5.602 5.635 5.668 5.701 5.735 5.772 5.814 5.855 5.904 5.956 6.008 6.060 6.112 6.163 6.216 6.268 6.319 6.371 6.423
4.633 4.649 4.666 4.682 4.699 4.715 4.732 4.740 4.748 4.756 4.773 4.789 4.805 4.821 4.838 4.854 4.870 4.887 4.903 4.919 4.936 4.952 4.968 4.985 4.998 5.009 5.021 5.032 5.044 5.055 5.074 5.095 5.115 5.136 5.156 5.177 5.198 5.218 5.239 5.260 5.280 5.287 5.292 5.297 5.302 5.307 5.312 5.317 5.322 5.327 5.334 5.348 5.367 5.400 5.433 5.466 5.500 5.533 5.566 5.600 5.633 5.666 5.699 5.733 5.773 5.816 5.868 5.920 5.972 6.024 6.076 6.128 6.180 6.232 6.284 6.336 6.388
4.625 4.641 4.657 4.674 4.690 4.707 4.720 4.728 4.735 4.743 4.753 4.770 4.786 4.802 4.819 4.835 4.851 4.868 4.884 4.900 4.917 4.933 4.949 4.965 4.977 4.988 5.000 5.011 5.022 5.034 5.046 5.065 5.085 5.106 5.127 5.147 5.168 5.188 5.209 5.230 5.249 5.254 5.259 5.264 5.269 5.274 5.279 5.284 5.289 5.294 5.299 5.305 5.331 5.365 5.398 5.431 5.464 5.498 5.531 5.564 5.598 5.631 5.664 5.697 5.731 5.780 5.832 5.884 5.936 5.988 6.040 6.092 6.144 6.196 6.248 6.300 6.352
4.616 4.633 4.649 4.666 4.682 4.699 4.708 4.715 4.723 4.731 4.739 4.751 4.767 4.783 4.800 4.816 4.832 4.848 4.865 4.881 4.897 4.914 4.930 4.944 4.955 4.967 4.978 4.990 5.001 5.013 5.024 5.036 5.055 5.076 5.097 5.117 5.138 5.158 5.179 5.200 5.217 5.222 5.227 5.232 5.237 5.242 5.247 5.252 5.257 5.261 5.267 5.283 5.308 5.342 5.375 5.408 5.441 5.475 5.508 5.541 5.574 5.607 5.641 5.674 5.708 5.752 5.804 5.856 5.908 5.961 6.013 6.065 6.117 6.170 6.222 6.274 6.327
4.608 4.625 4.641 4.658 4.674 4.687 4.695 4.703 4.711 4.719 4.727 4.734 4.748 4.764 4.780 4.797 4.813 4.829 4.845 4.862 4.878 4.894 4.911 4.923 4.934 4.946 4.957 4.969 4.980 4.992 5.003 5.015 5.026 5.046 5.067 5.087 5.108 5.128 5.149 5.170 5.184 5.189 5.194 5.199 5.204 5.209 5.214 5.219 5.224 5.233 5.253 5.272 5.292 5.325 5.358 5.391 5.424 5.458 5.491 5.524 5.557 5.591 5.624 5.657 5.693 5.729 5.779 5.832 5.884 5.936 5.988 6.041 6.093 6.145 6.197 6.250 6.302
4.600 4.616 4.633 4.649 4.666 4.675 4.683 4.691 4.699 4.707 4.714 4.722 4.730 4.745 4.761 4.778 4.794 4.810 4.826 4.843 4.859 4.875 4.890 4.902 4.913 4.925 4.936 4.948 4.959 4.971 4.982 4.994 5.005 5.016 5.037 5.057 5.078 5.098 5.119 5.140 5.152 5.157 5.162 5.167 5.172 5.177 5.182 5.186 5.203 5.222 5.241 5.261 5.280 5.308 5.341 5.374 5.407 5.441 5.474 5.507 5.540 5.574 5.607 5.642 5.678 5.715 5.755 5.807 5.859 5.912 5.964 6.016 6.068 6.121 6.173 6.225 6.277
4.592 4.608 4.625 4.641 4.655 4.663 4.671 4.679 4.687 4.694 4.702 4.710 4.718 4.726 4.742 4.758 4.775 4.791 4.807 4.824 4.840 4.856 4.869 4.881 4.892 4.904 4.915 4.926 4.938 4.949 4.961 4.972 4.984 4.995 5.007 5.027 5.048 5.069 5.089 5.110 5.119 5.124 5.129 5.134 5.139 5.144 5.154 5.173 5.192 5.211 5.230 5.249 5.269 5.291 5.324 5.357 5.391 5.424 5.457 5.490 5.524 5.557 5.591 5.627 5.663 5.700 5.736 5.783 5.835 5.887 5.939 5.992 6.044 6.096 6.148 6.201 6.253
4.584 4.600 4.616 4.633 4.643 4.651 4.659 4.667 4.674 4.682 4.690 4.698 4.706 4.713 4.723 4.739 4.756 4.772 4.788 4.804 4.821 4.837 4.848 4.859 4.871 4.882 4.894 4.905 4.917 4.928 4.940 4.951 4.963 4.974 4.986 4.997 5.018 5.039 5.059 5.080 5.087 5.092 5.097 5.102 5.106 5.124 5.143 5.162 5.181 5.200 5.219 5.239 5.258 5.277 5.307 5.341 5.374 5.407 5.440 5.473 5.507 5.540 5.576 5.612 5.649 5.685 5.721 5.758 5.810 5.863 5.915 5.967 6.019 6.072 6.124 6.176 6.228
4.575 4.592 4.608 4.623 4.631 4.639 4.647 4.654 4.662 4.670 4.678 4.686 4.694 4.701 4.709 4.720 4.736 4.753 4.769 4.785 4.802 4.815 4.827 4.838 4.850 4.861 4.873 4.884 4.896 4.907 4.919 4.930 4.942 4.953 4.965 4.976 4.988 5.009 5.029 5.049 5.054 5.059 5.064 5.075 5.094 5.113 5.132 5.151 5.170 5.189 5.208 5.228 5.247 5.266 5.290 5.324 5.357 5.390 5.423 5.457 5.490 5.525 5.561 5.597 5.634 5.670 5.706 5.743 5.786 5.838 5.890 5.943 5.995 6.047 6.099 6.152 6.200
4.567 4.584 4.600 4.611 4.619 4.627 4.634 4.642 4.650 4.658 4.666 4.674 4.681 4.689 4.697 4.705 4.717 4.734 4.750 4.766 4.782 4.794 4.806 4.817 4.829 4.840 4.852 4.863 4.875 4.886 4.897 4.909 4.920 4.932 4.943 4.955 4.966 4.979 4.999 5.017 5.022 5.026 5.045 5.064 5.083 5.102 5.121 5.140 5.159 5.178 5.197 5.216 5.235 5.255 5.274 5.307 5.340 5.373 5.406 5.440 5.474 5.510 5.546 5.583 5.619 5.655 5.692 5.728 5.764 5.814 5.866 5.918 5.970 6.023 6.075 6.127 6.166
4.559 4.576 4.591 4.599 4.607 4.614 4.622 4.630 4.638 4.646 4.653 4.661 4.669 4.677 4.685 4.692 4.700 4.715 4.731 4.747 4.762 4.773 4.785 4.796 4.808 4.819 4.831 4.842 4.853 4.865 4.876 4.888 4.899 4.911 4.922 4.934 4.945 4.957 4.969 4.984 4.996 5.015 5.034 5.053 5.072 5.091 5.110 5.129 5.148 5.167 5.186 5.205 5.225 5.244 5.263 5.290 5.323 5.356 5.390 5.423 5.459 5.495 5.531 5.568 5.604 5.640 5.677 5.713 5.749 5.789 5.841 5.894 5.946 5.998 6.050 6.097 6.133
4.551 4.567 4.579 4.587 4.594 4.602 4.610 4.618 4.626 4.634 4.641 4.649 4.657 4.665 4.672 4.680 4.688 4.696 4.712 4.728 4.741 4.752 4.764 4.775 4.787 4.798 4.810 4.821 4.832 4.844 4.855 4.867 4.878 4.890 4.901 4.913 4.924 4.935 4.946 4.966 4.985 5.004 5.023 5.042 5.061 5.080 5.099 5.118 5.137 5.156 5.175 5.194 5.214 5.232 5.252 5.273 5.306 5.339 5.373 5.408 5.444 5.480 5.517 5.553 5.589 5.626 5.662 5.698 5.735 5.771 5.817 5.869 5.921 5.974 6.026 6.063 6.099
4.543 4.559 4.567 4.575 4.582 4.590 4.598 4.606 4.614 4.621 4.629 4.637 4.645 4.652 4.660 4.668 4.676 4.683 4.693 4.708 4.720 4.731 4.743 4.754 4.766 4.777 4.788 4.800 4.811 4.822 4.833 4.845 4.856 4.867 4.878 4.889 4.901 4.912 4.926 4.953 4.974 4.993 5.012 5.031 5.050 5.069 5.088 5.107 5.126 5.145 5.164 5.183 5.202 5.221 5.241 5.260 5.289 5.323 5.357 5.393 5.429 5.466 5.502 5.538 5.575 5.611 5.647 5.683 5.720 5.756 5.792 5.845 5.897 5.949 5.994 6.030 6.065
4.535 4.547 4.555 4.562 4.570 4.578 4.586 4.594 4.601 4.609 4.617 4.625 4.632 4.640 4.648 4.656 4.664 4.671 4.678 4.687 4.698 4.709 4.721 4.732 4.743 4.754 4.765 4.777 4.788 4.799 4.810 4.821 4.833 4.844 4.855 4.866 4.877 4.889 4.911 4.938 4.964 4.983 5.002 5.021 5.039 5.058 5.077 5.096 5.115 5.134 5.153 5.172 5.191 5.211 5.230 5.249 5.272 5.306 5.342 5.378 5.414 5.451 5.487 5.523 5.560 5.596 5.632 5.669 5.705 5.741 5.777 5.820 5.872 5.925 5.960 5.996 6.031
4.527 4.535 4.543 4.550 4.558 4.566 4.574 4.581 4.588 4.595 4.602 4.608 4.615 4.622 4.628 4.635 4.642 4.649 4.655 4.665 4.675 4.686 4.698 4.709 4.720 4.731 4.742 4.754 4.765 4.776 4.787 4.798 4.809 4.821 4.832 4.843 4.854 4.869 4.896 4.924 4.951 4.972 4.991 5.010 5.029 5.048 5.067 5.086 5.105 5.124 5.143 5.162 5.181 5.200 5.219 5.238 5.257 5.291 5.327 5.363 5.399 5.436 5.472 5.508 5.545 5.581 5.617 5.654 5.690 5.726 5.763 5.799 5.848 5.891 5.927 5.962 5.997
4.511 4.518 4.525 4.531 4.538 4.545 4.551 4.558 4.565 4.572 4.578 4.585 4.592 4.599 4.605 4.612 4.619 4.625 4.633 4.643 4.652 4.663 4.674 4.686 4.697 4.708 4.719 4.730 4.742 4.753 4.764 4.775 4.786 4.798 4.809 4.820 4.831 4.854 4.882 4.909 4.936 4.962 4.981 5.000 5.019 5.038 5.056 5.075 5.094 5.113 5.132 5.151 5.170 5.189 5.208 5.227 5.247 5.275 5.311 5.347 5.384 5.420 5.457 5.493 5.529 5.566 5.602 5.639 5.675 5.711 5.748 5.784 5.822 5.858 5.893 5.928 5.964
4.490 4.495 4.502 4.508 4.515 4.522 4.528 4.535 4.542 4.549 4.555 4.562 4.569 4.576 4.582 4.589 4.596 4.602 4.611 4.621 4.630 4.640 4.651 4.663 4.674 4.685 4.696 4.707 4.718 4.730 4.741 4.752 4.763 4.774 4.786 4.797 4.812 4.840 4.867 4.894 4.921 4.948 4.970 4.989 5.008 5.027 5.046 5.065 5.084 5.103 5.122 5.141 5.160 5.179 5.198 5.217 5.238 5.260 5.294 5.330 5.367 5.403 5.440 5.476 5.513 5.549 5.585 5.622 5.658 5.695 5.731 5.767 5.806 5.843 5.879 5.914 5.950
4.468 4.473 4.479 4.485 4.492 4.499 4.505 4.512 4.519 4.526 4.532 4.539 4.546 4.552 4.559 4.566 4.573 4.580 4.590 4.599 4.609 4.618 4.628 4.639 4.651 4.662 4.673 4.684 4.695 4.707 4.718 4.729 4.740 4.751 4.762 4.774 4.798 4.825 4.852 4.879 4.906 4.934 4.960 4.979 4.998 5.017 5.036 5.054 5.073 5.092 5.111 5.130 5.149 5.168 5.187 5.208 5.229 5.251 5.277 5.314 5.350 5.386 5.423 5.459 5.496 5.532 5.568 5.605 5.641 5.678 5.714 5.751 5.791 5.832 5.867 5.903 5.938
3.869 4.452 4.456 4.462 4.469 4.476 4.482 4.489 4.496 4.503 4.509 4.516 4.523 4.529 4.536 4.543 4.549 4.558 4.568 4.577 4.587 4.596 4.606 4.616 4.628 4.639 4.650 4.661 4.672 4.683 4.695 4.706 4.717 4.728 4.739 4.756 4.783 4.810 4.837 4.864 4.892 4.919 4.946 4.968 4.987 5.006 5.025 5.044 5.063 5.082 5.101 5.120 5.139 5.158 5.177 5.199 5.221 5.242 5.264 5.297 5.333 5.369 5.406 5.442 5.479 5.515 5.551 5.588 5.624 5.661 5.697 5.737 5.777 5.817 5.855 5.891 5.926
4.426 4.430 4.435 4.440 4.446 4.453 4.460 4.466 4.473 4.480 4.486 4.493 4.500 4.506 4.513 4.520 4.527 4.536 4.546 4.555 4.565 4.574 4.584 4.594 4.604 4.616 4.627 4.638 4.649 4.660 4.671 4.683 4.694 4.705 4.716 4.741 4.768 4.795 4.822 4.850 4.877 4.904 4.931 4.958 4.977 4.996 5.015 5.034 5.052 5.071 5.090 5.109 5.128 5.147 5.169 5.190 5.212 5.234 5.256 5.280 5.316 5.353 5.389 5.425 5.462 5.498 5.535 5.571 5.607 5.644 5.682 5.722 5.762 5.802 5.843 5.879 5.914
4.404 4.409 4.414 4.418 4.423 4.430 4.437 4.443 4.450 4.457 4.463 4.470 4.477 4.483 4.490 4.497 4.505 4.515 4.524 4.534 4.543 4.553 4.562 4.572 4.581 4.592 4.604 4.615 4.626 4.637 4.648 4.659 4.671 4.682 4.699 4.726 4.753 4.780 4.808 4.835 4.862 4.889 4.916 4.943 4.966 4.985 5.004 5.023 5.042 5.061 5.080 5.099 5.118 5.138 5.160 5.182 5.203 5.225 5.247 5.269 5.299 5.336 5.372 5.409 5.445 5.481 5.518 5.554 5.591 5.627 5.667 5.708 5.748 5.788 5.828 5.867 5.903
4.383 4.388 3.980 4.397 4.402 4.407 3.951 4.420 4.427 4.434 4.440 4.447 4.454 4.460 4.467 4.474 4.483 4.493 4.502 4.512 4.521 4.531 4.540 4.550 4.559 4.569 4.581 4.592 4.603 4.614 4.625 4.636 4.647 4.659 4.684 4.711 4.738 4.766 4.793 4.820 4.847 4.874 4.901 4.929 4.956 4.975 4.994 5.013 5.032 5.050 5.069 5.088 5.108 5.130 5.151 5.173 5.195 5.217 5.238 5.260 5.282 5.319 5.355 5.392 5.428 5.464 5.501 5.537 5.574 5.612 5.653 5.693 5.733 5.773 5.813 5.854 5.891
4.362 4.366 4.371 4.376 4.381 4.385 3.851 4.397 4.404 4.411 4.417 4.424 4.430 4.437 4.444 4.452 4.461 4.471 4.480 4.490 4.499 4.509 4.518 4.528 4.537 4.547 4.557 4.569 4.580 4.591 4.602 4.613 4.624 4.642 4.669 4.696 4.724 4.751 4.778 4.805 4.832 4.859 4.887 4.914 4.941 4.964 4.983 5.002 5.021 5.040 5.059 5.078 5.099 5.121 5.143 5.165 5.186 5.208 5.230 5.251 5.273 5.302 5.338 5.375 5.411 5.448 5.484 5.520 5.558 5.598 5.638 5.678 5.718 5.759 5.799 5.839 5.879
4.340 4.345 4.350 4.354 3.760 3.850 3.950 3.850 3.991 3.931 4.394 4.401 4.407 4.414 4.421 4.430 4.440 4.449 4.459 4.468 4.478 4.487 4.497 4.506 4.516 4.525 4.535 4.545 4.557 4.568 4.579 4.590 4.601 4.627 4.654 4.682 4.709 4.736 4.763 4.790 4.817 4.845 4.872 4.899 4.926 4.953 4.973 4.992 5.011 5.030 5.048 5.069 5.091 5.112 5.134 5.156 5.178 5.199 5.221 5.243 5.264 5.286 5.321 5.358 5.394 5.431 5.467 5.503 5.543 5.583 5.623 5.664 5.704 5.744 5.784 5.825 5.865
