includes/lisflood/results/res-0004.wdfp
ncols         631
nrows         906
xllcorner     364927.146600
yllcorner     6531972.565600
cellsize      20.000000
NODATA_value  -9999.000000
[rows 374 to 407 of 906, columns 462 to 538 of 631]
3.297 3.367 3.197 3.227 3.257 3.267 3.397 3.237 3.257 3.247 3.287 3.247 3.367 3.368 3.388 3.368 3.448 3.478 3.478 3.538 3.538 3.508 3.449 3.489 3.439 3.519 3.669 3.559 3.590 3.330 3.380 2.689 2.709 2.749 2.549 2.519 2.719 2.879 3.030 3.200 3.320 3.370 3.500 3.701 3.901 4.192 4.281 4.370 4.444 4.474 4.505 4.551 4.634 4.717 4.800 4.883 4.966 5.048 5.132 5.214 5.297 5.380 5.463 5.543 5.557 5.571 5.585 5.598 5.611 5.624 5.636 5.649 5.662 5.675 5.688 5.700 5.713
3.217 3.207 3.277 3.197 3.197 3.227 3.327 3.247 3.297 3.247 3.197 3.147 3.407 3.138 3.358 3.318 3.358 3.358 3.478 3.418 3.528 3.498 3.609 3.739 3.559 3.499 3.469 3.439 3.309 3.329 3.139 2.609 2.958 3.238 3.088 3.178 3.198 3.208 3.359 3.479 3.569 3.650 3.770 3.830 3.930 3.981 3.971 4.436 4.482 4.513 4.543 4.574 4.641 4.724 4.807 4.890 4.973 5.056 5.139 5.222 5.305 5.388 5.471 5.510 5.524 5.538 5.552 5.566 5.579 5.591 5.604 5.617 5.630 5.643 5.655 5.668 5.681
3.107 3.147 3.077 3.097 3.147 3.317 3.277 3.147 3.117 3.327 3.357 3.227 3.277 3.368 3.318 3.268 3.368 3.318 3.308 3.438 3.488 3.668 3.498 3.458 3.479 3.469 3.389 3.359 3.309 3.189 2.568 3.128 3.258 3.328 3.218 3.328 3.488 3.568 3.648 3.839 3.789 3.969 3.929 4.147 4.236 4.324 4.413 4.490 4.521 4.551 4.582 4.612 4.649 4.732 4.815 4.898 4.981 5.064 5.147 5.230 5.313 5.396 5.463 5.477 5.491 5.505 5.519 5.533 5.546 5.559 5.572 5.585 5.597 5.610 5.623 5.636 5.648
3.007 3.137 3.187 3.077 3.157 3.167 3.267 3.147 3.167 3.217 3.257 3.287 3.267 3.227 3.208 3.158 3.428 3.508 3.408 3.488 3.438 3.478 3.428 3.488 3.418 3.318 3.298 3.318 3.228 3.108 2.938 3.287 3.387 3.417 3.577 3.487 3.767 3.748 3.878 3.668 3.948 4.036 4.125 3.979 4.302 4.390 4.479 4.529 4.559 4.590 4.620 4.651 4.681 4.739 4.822 4.905 4.988 5.071 5.154 5.237 5.320 5.403 5.430 5.444 5.458 5.472 5.486 5.500 5.514 5.527 5.539 5.552 5.565 5.578 5.591 5.603 5.616
3.197 3.037 3.067 3.097 3.107 3.207 3.107 3.017 3.017 3.237 3.367 3.387 3.397 3.387 3.337 3.208 3.288 3.388 3.388 3.288 3.538 3.528 3.368 3.408 3.448 3.278 3.398 3.228 3.098 2.938 3.347 3.377 3.287 3.407 3.717 3.707 3.697 3.627 3.598 3.898 3.838 3.918 4.191 4.279 4.368 4.456 4.537 4.567 4.598 4.628 4.659 4.689 4.720 4.751 4.830 4.913 4.996 5.079 5.162 5.245 5.328 5.383 5.397 5.411 5.425 5.439 5.453 5.467 5.481 5.494 5.507 5.520 5.533 5.546 5.558 5.571 5.584
3.157 3.067 3.077 3.027 3.097 3.117 3.177 3.127 3.067 3.117 3.197 3.367 3.287 3.227 3.327 3.247 3.347 3.318 3.328 3.208 3.338 3.398 3.498 3.388 3.368 3.278 3.248 3.198 2.857 3.467 3.527 3.337 3.427 3.577 3.567 3.707 3.737 3.737 3.717 3.888 3.908 4.168 4.257 4.345 4.434 4.522 4.575 4.606 4.636 4.667 4.697 4.728 4.758 4.789 4.837 4.920 5.003 5.086 5.169 5.252 5.335 5.350 5.364 5.378 5.392 5.406 5.420 5.434 5.448 5.462 5.475 5.488 5.501 5.513 5.526 5.539 5.552
2.967 2.997 3.067 3.057 3.137 3.157 3.147 3.307 3.157 3.137 3.307 3.337 3.337 3.227 3.167 3.247 3.287 3.327 3.257 3.277 3.328 3.348 3.408 3.328 3.228 3.288 3.177 2.817 3.397 3.337 3.397 3.357 3.477 3.537 3.637 3.607 3.837 3.837 3.777 3.937 3.818 4.234 4.323 4.411 4.500 4.583 4.614 4.644 4.675 4.705 4.736 4.766 4.797 4.828 4.858 4.928 5.011 5.094 5.177 5.260 5.303 5.317 5.331 5.345 5.359 5.373 5.387 5.401 5.415 5.429 5.443 5.455 5.468 5.481 5.494 5.507 5.528
2.937 3.187 2.937 3.087 3.147 3.227 3.117 3.097 3.267 3.247 3.177 3.137 3.157 3.337 3.317 3.227 3.227 3.297 3.327 3.247 3.217 3.237 3.257 3.257 3.177 3.137 2.787 3.116 3.346 3.576 3.446 3.586 3.687 3.567 3.547 3.707 3.847 3.807 4.057 3.947 4.221 4.304 4.389 4.477 4.566 4.622 4.652 4.683 4.713 4.744 4.775 4.805 4.836 4.866 4.897 4.935 5.018 5.101 5.184 5.255 5.270 5.284 5.298 5.312 5.326 5.340 5.354 5.368 5.382 5.396 5.410 5.423 5.436 5.449 5.462 5.477 5.504
2.927 3.047 3.067 3.037 2.997 3.067 3.127 3.077 3.107 3.097 3.187 3.187 3.287 3.217 3.267 3.207 3.117 3.227 3.407 3.297 3.287 3.287 3.127 3.127 3.087 2.647 3.266 3.326 3.286 3.356 3.506 3.516 3.706 3.656 3.567 3.677 3.747 3.947 3.907 4.211 4.294 4.376 4.458 4.543 4.630 4.661 4.691 4.722 4.752 4.783 4.813 4.844 4.874 4.905 4.935 4.966 5.026 5.109 5.192 5.222 5.236 5.251 5.265 5.279 5.293 5.307 5.321 5.335 5.349 5.363 5.377 5.391 5.404 5.416 5.429 5.453 5.480
2.937 2.947 3.037 3.017 3.077 3.067 2.967 3.067 3.117 3.077 3.097 3.137 3.207 3.247 3.337 3.177 3.207 3.157 3.497 3.177 3.167 3.217 3.147 3.077 2.666 3.276 3.476 3.586 3.416 3.406 3.456 3.496 3.646 3.646 3.646 3.767 3.597 3.987 4.202 3.947 4.366 4.448 4.530 4.613 4.669 4.699 4.730 4.760 4.791 4.821 4.852 4.882 4.913 4.943 4.974 5.004 5.035 5.117 5.175 5.189 5.203 5.218 5.232 5.246 5.260 5.274 5.288 5.302 5.316 5.330 5.344 5.358 5.371 5.384 5.402 5.429 5.456
2.947 2.967 3.027 3.017 3.147 3.097 3.007 3.187 3.087 3.097 3.087 3.167 3.077 3.137 3.207 3.267 3.247 3.197 3.177 3.297 3.067 3.197 3.127 2.756 3.176 3.396 3.516 3.496 3.316 3.486 3.526 3.576 3.596 3.696 3.736 3.776 3.726 3.877 3.977 4.356 4.438 4.520 4.589 4.627 4.665 4.700 4.736 4.771 4.806 4.841 4.876 4.911 4.946 4.981 5.012 5.043 5.074 5.124 5.142 5.156 5.170 5.184 5.198 5.213 5.227 5.241 5.255 5.269 5.283 5.297 5.311 5.325 5.339 5.352 5.378 5.405 5.432
3.057 3.038 3.068 2.848 3.007 2.987 3.038 3.087 3.057 3.007 3.027 3.067 3.117 3.067 3.167 3.257 3.177 3.177 3.107 3.227 3.157 3.057 2.756 3.086 3.416 3.446 3.406 3.495 3.485 3.476 3.556 3.626 3.546 3.656 3.676 3.816 3.766 3.937 4.346 4.429 4.503 4.542 4.581 4.619 4.658 4.694 4.729 4.764 4.799 4.834 4.869 4.904 4.939 4.974 5.009 5.045 5.080 5.111 5.125 5.138 5.150 5.162 5.175 5.187 5.199 5.212 5.224 5.237 5.250 5.264 5.278 5.292 5.306 5.327 5.354 5.381 5.408
3.018 2.948 2.858 2.778 2.888 3.118 3.048 3.048 3.007 3.167 3.057 3.117 3.147 3.237 3.207 3.117 3.117 3.097 3.177 3.047 3.057 2.776 3.076 3.236 3.435 3.475 3.455 3.545 3.595 3.545 3.616 3.586 3.696 3.806 3.826 3.906 3.806 4.337 3.947 4.457 4.495 4.534 4.573 4.611 4.650 4.687 4.722 4.757 4.792 4.827 4.862 4.897 4.932 4.967 5.002 5.038 5.070 5.098 5.121 5.133 5.146 5.158 5.170 5.183 5.195 5.207 5.220 5.232 5.245 5.257 5.269 5.282 5.297 5.327 5.353 5.379 5.405
2.978 2.878 2.578 3.038 3.038 3.048 2.998 2.908 2.928 2.947 3.017 3.077 3.187 3.137 3.087 3.107 3.087 3.107 3.027 3.017 2.706 3.076 2.976 3.116 3.395 3.505 3.465 3.655 3.605 3.585 3.525 3.656 3.576 3.726 3.806 3.796 3.836 4.372 4.410 3.967 4.487 4.526 4.565 4.603 4.642 4.680 4.715 4.750 4.785 4.820 4.855 4.890 4.925 4.960 4.996 5.030 5.058 5.086 5.114 5.129 5.141 5.154 5.166 5.178 5.191 5.203 5.215 5.228 5.240 5.253 5.265 5.277 5.305 5.337 5.364 5.390 5.415
2.848 2.918 2.878 2.788 2.838 3.008 2.868 2.948 2.998 2.988 2.987 3.137 3.117 3.137 3.077 2.927 2.987 2.997 2.967 2.736 3.016 3.056 2.995 2.885 3.195 3.535 3.545 3.535 3.455 3.605 3.705 3.625 3.626 3.766 3.736 3.766 3.936 3.906 3.947 4.441 4.480 4.518 4.557 4.595 4.634 4.673 4.708 4.743 4.778 4.813 4.848 4.883 4.918 4.953 4.989 5.017 5.046 5.074 5.102 5.125 5.137 5.149 5.162 5.174 5.186 5.199 5.211 5.223 5.236 5.248 5.261 5.280 5.312 5.344 5.375 5.400 5.426
2.798 2.908 2.888 2.798 2.868 2.818 2.848 3.038 2.888 2.968 3.067 3.017 2.987 2.937 3.037 2.857 3.077 2.947 2.557 2.796 2.846 2.845 2.795 3.075 3.345 3.525 3.455 3.555 3.535 3.645 3.655 3.685 3.716 3.686 3.806 3.796 3.876 3.976 4.394 4.433 4.472 4.510 4.549 4.587 4.626 4.665 4.701 4.736 4.771 4.806 4.841 4.876 4.911 4.947 4.977 5.005 5.033 5.062 5.090 5.118 5.133 5.145 5.157 5.170 5.182 5.194 5.207 5.219 5.231 5.244 5.256 5.288 5.320 5.351 5.383 5.411 5.437
2.848 2.798 2.918 2.788 2.888 2.888 2.908 2.928 3.018 2.998 2.928 3.067 2.967 3.037 2.997 3.107 3.027 2.817 2.506 2.916 2.695 2.765 2.915 3.284 3.375 3.555 3.465 3.565 3.535 3.585 3.595 3.695 3.745 3.826 3.726 3.946 3.936 3.966 3.947 4.425 4.464 4.502 4.541 4.580 4.618 4.657 4.694 4.729 4.764 4.799 4.834 4.869 4.905 4.937 4.965 4.993 5.021 5.049 5.078 5.106 5.128 5.140 5.153 5.165 5.177 5.190 5.202 5.215 5.227 5.239 5.264 5.295 5.327 5.359 5.391 5.422 5.448
2.718 2.858 2.818 2.918 2.848 2.818 2.908 2.968 2.978 2.978 2.948 3.077 2.967 3.007 3.017 2.947 2.827 2.316 2.506 2.425 2.645 2.624 2.944 3.184 3.524 3.504 3.465 3.575 3.775 3.675 3.765 3.665 3.785 3.816 3.756 3.826 3.866 3.866 4.378 4.417 3.987 4.494 4.533 4.572 4.610 4.649 4.687 4.722 4.758 4.793 4.828 4.863 4.897 4.925 4.953 4.981 5.009 5.037 5.065 5.094 5.122 5.136 5.148 5.161 5.173 5.185 5.198 5.210 5.223 5.239 5.271 5.303 5.335 5.366 5.398 5.430 5.459
2.498 2.718 2.709 2.819 2.778 2.848 2.948 2.848 2.958 3.008 3.127 2.997 3.027 3.017 2.837 2.717 2.626 2.406 2.335 2.295 2.874 2.724 3.124 3.364 3.424 3.514 3.564 3.605 3.695 3.635 3.715 3.765 3.785 3.835 3.696 3.936 3.836 3.936 3.956 4.409 4.448 4.486 4.525 4.564 4.602 4.641 4.680 4.716 4.751 4.786 4.821 4.856 4.884 4.913 4.941 4.969 4.997 5.025 5.053 5.081 5.109 5.132 5.144 5.156 5.169 5.181 5.193 5.206 5.218 5.247 5.278 5.310 5.342 5.374 5.406 5.437 5.469
2.328 2.698 2.748 2.778 2.828 2.748 2.858 2.788 2.988 2.918 3.017 3.007 2.957 2.847 2.666 2.476 2.295 2.455 2.404 2.454 2.784 2.744 3.194 3.274 3.434 3.514 3.524 3.515 3.555 3.665 3.725 3.715 3.805 3.855 3.896 3.926 4.295 4.328 4.363 4.401 4.440 4.478 4.517 4.556 4.594 4.633 4.672 4.709 4.744 4.779 4.814 4.844 4.872 4.900 4.929 4.957 4.985 5.013 5.041 5.069 5.097 5.125 5.140 5.152 5.164 5.177 5.189 5.201 5.222 5.254 5.286 5.318 5.349 5.381 5.413 5.445 5.477
2.378 2.318 2.638 2.769 2.828 2.798 2.828 2.938 2.958 2.858 2.657 2.656 2.516 2.445 2.455 2.244 2.414 2.504 2.574 2.684 2.794 3.003 3.314 3.424 3.504 3.484 3.544 3.554 3.625 3.625 3.835 3.785 3.785 3.835 3.865 3.956 3.956 4.335 3.916 4.402 4.435 4.470 4.509 4.548 4.586 4.625 4.664 4.702 4.737 4.772 4.804 4.832 4.860 4.888 4.916 4.945 4.973 5.001 5.029 5.057 5.085 5.113 5.136 5.148 5.160 5.172 5.185 5.198 5.230 5.262 5.293 5.325 5.357 5.389 5.420 5.452 5.484
1.748 2.438 2.579 2.499 2.729 2.658 2.798 2.708 2.618 2.476 2.425 2.415 2.374 2.524 2.714 2.933 2.913 2.903 3.053 3.093 2.953 3.073 3.293 3.494 3.754 3.434 3.534 3.624 3.674 3.655 3.695 3.695 3.875 3.835 3.795 3.856 3.976 3.986 4.375 4.409 4.442 4.476 4.509 4.542 4.578 4.617 4.656 4.694 4.730 4.764 4.792 4.820 4.848 4.876 4.904 4.932 4.961 4.989 5.017 5.045 5.073 5.101 5.129 5.144 5.156 5.168 5.180 5.206 5.237 5.269 5.301 5.333 5.364 5.396 5.428 5.460 5.491
0.011 1.648 2.428 0.000 0.074 2.728 2.638 2.608 2.567 2.505 2.384 2.593 2.713 2.883 3.093 2.943 3.053 3.153 3.043 3.263 3.053 3.333 3.463 3.564 3.694 3.474 3.494 3.614 3.644 3.735 3.765 3.865 3.855 3.855 3.885 3.966 3.946 4.349 4.382 4.416 4.449 4.482 4.516 4.549 4.583 4.616 4.649 4.686 4.723 4.752 4.780 4.808 4.836 4.864 4.892 4.920 4.948 4.977 5.005 5.033 5.061 5.089 5.117 5.139 5.152 5.164 5.182 5.213 5.245 5.277 5.309 5.340 5.372 5.404 5.435 5.467 5.499
0.000 0.000 0.689 0.000 0.374 0.306 0.122 0.182 2.386 2.205 2.833 2.952 2.932 3.002 2.913 3.183 3.033 3.113 3.213 3.223 3.363 3.413 3.533 3.563 3.544 3.694 3.614 3.604 3.584 3.665 3.755 3.985 3.925 3.935 3.885 3.845 4.322 3.966 4.389 4.423 4.456 4.489 4.523 4.556 4.589 4.623 4.656 4.690 4.717 4.744 4.770 4.796 4.824 4.852 4.880 4.908 4.936 4.964 4.993 5.021 5.049 5.077 5.105 5.133 5.147 5.160 5.189 5.221 5.253 5.284 5.316 5.348 5.380 5.411 5.443 5.475 5.506
0.000 0.000 0.000 0.000 0.000 0.000 0.001 0.061 0.000 0.000 2.802 3.012 3.002 3.102 3.292 3.153 3.183 3.103 3.253 3.393 3.483 3.403 3.493 3.633 3.574 3.614 3.714 3.764 3.644 3.784 3.715 3.695 3.925 3.915 4.262 3.975 3.966 3.966 4.396 4.429 4.463 4.496 4.530 4.563 4.596 4.630 4.663 4.691 4.717 4.743 4.770 4.796 4.823 4.849 4.875 4.902 4.928 4.955 4.981 5.009 5.037 5.065 5.093 5.121 5.143 5.165 5.197 5.228 5.260 5.292 5.324 5.355 5.387 5.419 5.451 5.482 5.514
0.000 0.000 0.000 0.000 0.000 0.000 0.000 0.000 0.000 0.000 2.922 3.002 3.152 3.112 3.132 3.202 3.152 3.293 3.293 3.233 3.493 3.493 3.533 3.573 3.694 3.564 3.654 3.544 3.534 3.724 3.825 3.785 3.735 3.785 3.825 3.895 3.886 3.956 4.403 4.436 4.470 4.503 4.536 4.570 4.603 4.637 4.666 4.691 4.717 4.743 4.769 4.796 4.822 4.849 4.875 4.901 4.928 4.954 4.981 5.007 5.034 5.060 5.087 5.113 5.138 5.167 5.200 5.232 5.265 5.297 5.330 5.362 5.395 5.426 5.458 5.490 5.522
0.000 0.000 0.000 0.000 0.000 0.000 0.000 0.000 0.000 0.000 2.812 3.022 3.042 3.042 3.162 3.262 3.272 3.242 3.313 3.423 3.473 3.423 3.373 3.513 3.543 3.614 3.664 3.564 3.684 3.654 3.755 3.825 3.775 3.875 3.915 3.975 3.936 3.946 4.410 3.966 4.476 4.510 4.543 4.577 4.610 4.640 4.666 4.691 4.717 4.743 4.769 4.795 4.822 4.848 4.875 4.901 4.928 4.954 4.980 5.007 5.033 5.060 5.086 5.113 5.127 5.143 5.176 5.208 5.241 5.274 5.306 5.339 5.371 5.404 5.436 5.469 5.502
0.000 0.000 0.000 0.000 0.000 0.000 0.000 0.000 0.000 0.000 2.602 3.042 3.032 3.142 3.192 3.312 3.312 3.162 3.373 3.373 3.453 3.573 3.533 3.603 3.623 3.664 3.664 3.794 3.644 3.674 3.695 3.825 3.785 3.955 3.895 3.895 3.886 3.936 4.417 4.450 4.483 4.517 4.550 4.583 4.614 4.640 4.666 4.691 4.717 4.742 4.769 4.795 4.821 4.848 4.874 4.901 4.927 4.954 4.980 5.006 5.033 5.059 5.086 5.106 5.117 5.127 5.152 5.185 5.217 5.250 5.282 5.315 5.347 5.380 5.413 5.445 5.478
0.000 0.000 0.000 0.000 0.000 0.000 0.000 0.000 0.000 0.000 0.000 3.051 3.012 3.072 3.042 3.192 3.322 3.272 3.382 3.362 3.613 3.503 3.493 3.543 3.643 3.734 3.734 3.784 3.894 3.744 3.664 3.715 3.775 3.805 3.975 4.323 4.357 4.390 3.976 4.457 4.490 4.524 4.557 4.589 4.614 4.640 4.666 4.691 4.717 4.742 4.768 4.795 4.821 4.848 4.874 4.900 4.927 4.953 4.980 5.006 5.033 5.059 5.085 5.096 5.106 5.117 5.128 5.161 5.194 5.226 5.259 5.291 5.324 5.356 5.389 5.421 5.454
0.000 0.000 0.000 0.000 0.000 0.000 0.000 0.093 0.013 0.000 0.000 2.951 3.141 3.181 3.232 3.242 3.242 3.392 3.432 3.512 3.502 3.523 3.563 3.613 3.573 3.803 3.684 3.834 3.864 3.804 3.834 3.785 3.845 3.875 3.805 3.965 3.966 4.397 4.430 4.464 4.497 4.530 4.563 4.589 4.614 4.640 4.666 4.691 4.717 4.742 4.768 4.794 4.821 4.847 4.874 4.900 4.926 4.953 4.979 5.006 5.032 5.059 5.075 5.086 5.096 5.106 5.116 5.137 5.170 5.202 5.235 5.268 5.300 5.333 5.365 5.398 5.430
0.000 0.000 0.000 0.000 0.000 0.000 0.000 0.233 0.006 0.000 0.000 2.681 3.071 3.341 3.371 3.302 3.342 3.422 3.352 3.352 3.462 3.432 3.473 3.633 3.633 3.703 3.594 3.744 3.724 3.794 3.854 3.735 3.755 3.895 3.905 3.925 3.956 3.976 4.437 4.471 4.504 4.537 4.563 4.589 4.614 4.640 4.665 4.691 4.717 4.742 4.768 4.794 4.820 4.847 4.873 4.900 4.926 4.952 4.979 5.005 5.032 5.055 5.065 5.075 5.085 5.096 5.106 5.116 5.146 5.179 5.211 5.244 5.276 5.309 5.341 5.374 5.407
0.000 0.000 0.000 0.000 0.000 0.000 0.044 0.009 0.008 0.000 0.000 2.121 3.431 3.111 3.771 3.952 3.902 3.372 3.442 3.522 3.542 3.612 3.533 3.583 3.753 3.613 3.653 3.834 3.814 4.159 4.190 3.764 3.695 3.835 3.935 3.915 4.377 4.411 3.986 4.477 4.511 4.537 4.563 4.589 4.614 4.640 4.665 4.691 4.717 4.742 4.768 4.793 4.820 4.846 4.873 4.899 4.926 4.952 4.978 5.005 5.031 5.044 5.054 5.065 5.075 5.085 5.096 5.106 5.123 5.155 5.188 5.220 5.253 5.285 5.318 5.350 5.383
0.000 0.000 0.000 0.000 0.000 0.000 0.001 0.000 0.008 0.000 1.761 3.061 3.271 3.241 3.221 3.371 3.402 3.452 3.532 3.512 3.592 3.452 3.552 3.583 3.653 3.643 3.793 3.743 3.834 3.874 3.894 3.844 3.885 3.845 3.945 4.354 3.985 4.418 4.451 4.484 4.512 4.537 4.563 4.588 4.614 4.640 4.665 4.691 4.717 4.742 4.768 4.793 4.820 4.846 4.872 4.899 4.925 4.952 4.978 5.004 5.023 5.034 5.044 5.054 5.064 5.075 5.085 5.095 5.106 5.131 5.164 5.196 5.229 5.261 5.294 5.327 5.359
0.000 0.000 0.000 0.000 0.000 0.000 0.000 0.029 0.047 0.002 2.941 3.011 3.211 3.051 3.291 3.261 3.572 3.472 3.902 3.592 3.522 3.622 3.552 3.493 3.673 3.743 3.813 3.843 3.834 3.864 3.914 4.237 3.724 3.935 3.815 3.805 4.392 4.424 4.458 4.486 4.512 3.946 4.563 4.588 4.614 4.640 4.665 4.691 4.716 4.742 4.768 4.793 4.819 4.846 4.872 4.898 4.925 4.951 4.978 5.003 5.013 5.023 5.033 5.044 5.054 5.064 5.075 5.085 5.095 5.108 5.140 5.173 5.205 5.238 5.270 5.303 5.334
