includes/lisflood/results/res.totaltm
ncols         631
nrows         906
xllcorner     364927.146600
yllcorner     6531972.565600
cellsize      20.000000
NODATA_value  -9999.000000
[rows 363 to 395 of 906, columns 444 to 517 of 631]
7.925 8.107 9.489 9.774 8.231 13.854 8.111 13.860 13.321 13.881 13.889 9.240 13.894 13.901 13.916 11.883 13.905 13.918 10.862 10.650 13.923 12.678 8.633 8.499 13.222 13.968 13.989 11.860 14.011 14.023 14.038 8.835 8.875 9.091 8.929 14.152 14.162 10.771 10.832 14.229 14.241 14.262 14.500 14.296 14.500 14.001 10.382 14.500 14.500 14.500 14.500 14.302 12.736 11.415 10.786 9.430 10.156 10.500 10.740 10.876 10.945 11.379 11.987 12.343 12.688 12.957 13.115 13.170 13.154 13.081 12.924 12.461 12.349 12.429
7.768 8.922 13.826 8.990 9.013 13.848 13.739 13.846 8.886 11.029 13.881 13.881 13.886 13.889 10.665 11.864 13.894 8.811 9.131 9.234 13.912 13.166 13.922 8.374 8.989 13.962 9.228 13.993 11.875 12.069 8.727 14.079 14.088 14.119 14.131 14.143 14.172 14.185 14.213 14.221 14.234 14.264 14.500 14.272 14.290 14.279 14.286 14.295 14.301 14.309 14.314 12.693 11.314 10.593 10.271 10.200 10.160 10.563 10.758 10.838 10.878 11.360 12.190 12.497 12.830 13.057 13.146 13.139 13.064 12.923 12.607 12.096 12.176 12.271
7.837 13.786 7.976 13.821 9.221 9.865 13.826 8.226 13.847 13.855 13.859 8.553 8.557 13.872 11.253 13.885 13.888 13.890 13.893 9.316 11.090 11.332 13.913 13.930 8.876 13.953 9.191 9.748 9.023 9.308 14.040 10.733 10.947 14.098 14.116 14.135 10.594 14.168 9.181 14.213 9.068 14.250 14.217 14.263 14.267 14.270 9.859 10.056 14.285 10.030 10.327 10.269 10.121 9.902 9.684 9.595 9.857 10.678 10.755 10.761 10.741 11.688 11.821 12.627 12.979 13.141 13.150 13.067 12.917 12.663 12.105 12.009 12.066 12.149
8.169 13.769 8.245 13.803 8.659 13.816 13.810 13.824 12.127 13.849 11.873 8.398 13.855 13.864 13.863 12.891 10.817 13.871 13.876 13.886 10.987 13.895 8.872 13.445 9.249 13.947 10.429 9.532 8.708 8.620 14.033 14.042 10.876 9.222 9.213 14.113 14.141 14.150 14.185 14.200 14.211 14.228 14.243 14.245 14.256 9.335 14.254 14.260 14.273 14.269 14.275 9.253 9.303 9.402 9.354 9.421 9.562 10.516 10.680 10.560 10.478 12.204 11.649 12.396 13.143 13.205 13.108 12.921 12.663 12.224 11.739 11.801 11.869 11.960
7.502 13.761 13.763 13.789 13.786 13.804 13.801 13.809 13.828 13.836 13.842 13.836 13.846 13.849 12.363 13.858 8.248 9.030 8.409 13.863 8.122 8.440 13.910 13.917 9.644 13.933 8.419 9.754 9.889 9.822 14.024 13.646 11.156 10.729 14.090 14.102 14.120 14.139 9.460 9.788 14.193 9.479 10.830 14.236 14.236 9.174 9.396 14.252 10.570 8.997 14.255 14.247 14.249 9.088 9.150 9.273 9.373 14.322 9.421 9.050 9.393 13.165 9.363 12.363 13.225 13.209 12.958 12.647 12.267 11.644 11.573 11.623 11.683 11.766
8.888 13.744 12.002 8.202 13.771 7.940 13.796 13.804 12.840 13.807 8.108 13.822 13.832 9.097 13.835 13.034 13.809 13.850 13.851 13.857 13.858 13.869 8.721 13.910 9.013 13.922 8.316 13.945 8.299 8.421 14.017 14.018 14.046 14.054 14.061 14.078 14.111 8.840 10.297 14.162 14.176 14.202 14.213 14.217 14.222 14.218 14.225 14.238 9.759 14.227 13.274 9.219 9.738 14.210 8.965 9.124 14.283 10.437 14.290 14.299 13.844 11.396 13.638 13.064 12.788 13.033 12.603 12.182 11.664 11.262 11.301 11.367 11.439 11.524
8.959 13.732 13.102 11.805 13.611 7.848 8.562 9.308 8.199 8.028 13.806 13.812 13.817 13.819 13.816 13.828 8.876 8.221 9.311 13.846 13.845 13.852 13.871 9.563 13.906 13.915 13.914 8.921 8.485 9.444 13.996 9.822 14.021 10.854 14.054 9.531 9.617 14.122 14.143 14.152 11.398 14.169 13.971 13.194 12.185 14.205 14.212 10.770 8.711 14.211 9.412 9.005 9.922 14.188 14.213 8.959 9.218 9.799 14.280 9.426 9.192 9.888 12.173 12.242 12.068 11.988 11.956 11.532 10.997 10.980 11.030 11.106 11.190 11.287
13.678 12.375 13.717 7.552 13.735 7.853 8.643 9.124 7.978 12.920 12.629 13.807 7.939 8.677 13.806 13.816 13.811 8.000 8.360 8.930 8.487 13.846 8.124 8.697 13.882 9.739 13.906 8.479 8.502 9.110 13.978 10.056 8.902 14.028 14.044 9.601 9.623 14.114 9.941 14.137 11.259 14.158 13.368 9.939 9.924 14.192 9.847 14.202 10.465 9.022 8.534 8.847 14.189 9.205 11.762 14.236 14.242 14.267 12.818 14.306 14.171 13.037 12.901 12.185 11.610 11.176 11.110 10.800 10.618 10.688 10.761 10.855 10.955 11.068
13.651 9.523 7.659 9.008 13.721 7.694 7.575 13.754 7.844 13.769 13.024 13.779 13.774 8.599 13.790 8.607 13.789 10.549 13.806 8.749 9.063 13.831 13.845 13.861 13.726 13.899 13.911 13.928 13.946 13.958 13.968 8.393 13.984 14.007 10.403 14.042 9.540 14.093 14.098 14.119 14.129 14.135 14.149 14.152 9.160 14.187 11.745 9.248 8.627 7.893 7.832 8.016 7.710 8.181 8.773 9.702 8.948 8.936 8.515 8.426 14.308 8.940 9.899 9.893 9.946 10.013 10.094 10.164 10.303 10.421 10.514 10.626 10.741 10.859
11.039 8.169 7.612 8.378 13.551 8.360 8.331 8.334 8.564 8.528 13.626 13.768 7.834 8.264 8.806 8.664 13.783 13.780 13.788 13.802 13.810 13.818 13.835 9.417 13.742 13.890 8.724 8.482 10.105 10.608 8.217 8.594 13.975 9.178 9.649 9.046 9.012 14.072 14.091 9.025 14.110 14.122 10.838 14.140 14.148 14.166 9.880 9.366 8.151 7.212 7.409 7.163 7.369 7.546 7.641 7.991 8.391 8.904 13.993 13.995 9.050 8.938 9.346 9.104 9.374 9.457 9.396 10.435 9.213 9.250 10.513 10.663 10.802 10.938
8.470 13.612 13.620 13.509 13.663 7.716 8.699 8.867 13.718 13.736 13.745 9.873 8.244 13.753 13.762 8.248 13.760 13.768 13.780 8.216 12.050 8.087 13.833 13.841 13.851 13.858 12.416 11.187 11.188 8.284 13.927 13.935 13.950 13.967 8.804 9.052 14.038 14.065 11.725 14.089 14.098 10.653 14.105 10.727 14.142 10.965 9.440 9.386 7.805 6.959 6.941 7.611 7.247 7.337 7.126 7.500 7.657 13.973 8.281 8.198 8.401 8.902 8.883 9.363 9.938 10.061 10.204 10.467 10.468 10.562 10.661 10.786 10.913 11.049
12.548 9.758 13.608 13.624 7.373 7.602 8.277 7.561 13.205 8.071 8.076 9.984 8.129 8.184 13.741 13.743 13.749 13.756 13.769 13.770 8.337 8.751 8.806 8.797 13.842 8.451 11.339 10.461 13.877 8.533 13.922 13.933 13.960 13.970 13.999 14.019 14.028 14.045 14.057 14.063 8.934 10.755 8.804 14.095 14.122 9.087 14.106 8.894 13.984 7.204 7.281 7.535 6.937 6.875 7.261 7.569 7.881 8.194 8.453 8.557 8.794 9.143 9.416 10.064 10.244 10.308 10.405 10.528 10.575 10.626 10.734 10.865 10.996 11.138
7.506 7.788 9.916 10.466 9.964 7.465 8.167 13.193 13.674 9.194 13.680 10.672 10.611 8.126 10.731 13.736 13.742 12.755 12.473 10.325 13.769 8.497 8.408 8.427 11.880 9.292 13.831 11.001 8.344 8.066 13.912 8.020 13.932 8.975 9.350 9.197 14.019 9.491 14.043 14.049 14.043 14.056 14.058 14.067 9.197 9.020 8.438 11.624 8.059 7.014 7.737 8.462 7.980 8.216 8.268 8.253 8.528 8.776 8.926 9.048 9.236 9.316 9.454 9.504 9.434 10.360 10.486 10.599 10.674 10.708 10.802 10.934 11.067 11.210
7.558 7.540 7.620 13.541 10.079 7.431 8.578 12.042 12.597 7.457 13.643 7.576 13.683 13.692 13.701 13.711 10.522 13.732 7.929 10.068 7.854 8.005 8.279 13.797 10.736 8.084 7.929 13.829 13.853 9.156 13.879 13.903 13.912 8.549 10.123 8.736 8.539 13.999 14.022 14.040 14.014 10.232 11.203 9.773 9.049 8.960 8.599 8.189 6.944 8.084 8.336 8.701 8.215 8.461 8.801 8.926 9.132 14.266 9.592 10.062 9.405 10.003 10.068 10.143 10.231 10.439 10.561 10.673 10.760 10.816 10.852 10.982 11.118 11.267
13.411 7.307 7.342 7.396 13.488 7.187 7.375 9.460 13.596 13.580 7.632 13.615 7.707 13.682 10.225 8.550 13.699 13.002 7.697 11.185 13.709 7.945 9.540 9.485 10.408 8.101 8.409 8.827 13.831 13.859 13.868 9.125 8.581 8.126 13.947 13.959 13.966 13.989 13.994 13.998 9.062 14.003 9.809 8.659 8.961 8.978 8.271 8.012 7.654 8.423 8.938 9.002 9.241 8.755 14.204 14.185 14.219 9.087 9.948 10.494 10.681 9.434 10.118 10.229 10.341 10.510 10.633 10.745 10.841 10.915 10.958 11.044 11.174 11.324
13.399 9.744 7.088 13.451 13.460 13.485 12.238 10.687 13.575 12.688 7.391 13.023 13.636 13.654 8.965 7.744 8.424 13.689 13.677 7.860 8.943 9.518 8.931 13.754 8.482 7.756 7.752 10.412 13.833 13.850 13.861 13.858 13.861 8.586 9.286 13.937 13.951 8.473 13.987 13.992 8.669 9.372 13.990 8.491 13.942 8.312 7.976 7.633 9.541 13.977 8.336 8.627 14.193 14.204 11.899 9.014 8.921 14.284 9.274 9.376 10.510 10.486 10.466 10.471 10.572 10.626 10.719 10.823 10.922 11.010 11.077 11.104 11.224 11.373
6.978 9.281 7.008 8.918 9.149 9.772 13.483 7.250 7.207 12.177 8.522 13.061 10.494 9.731 13.634 10.779 12.616 13.676 13.659 9.746 13.671 7.804 8.493 9.074 13.725 9.715 7.970 8.157 8.461 13.833 13.820 13.376 13.865 13.195 13.902 13.910 13.915 8.218 9.174 10.782 13.960 9.397 9.254 9.077 8.376 8.239 7.463 13.984 14.022 8.556 8.736 14.141 9.233 12.587 12.485 10.550 9.190 10.139 9.746 10.182 10.471 10.556 10.610 10.665 10.729 10.761 10.825 10.914 11.011 11.104 11.182 11.226 11.285 11.426
6.208 8.154 13.387 9.334 7.324 8.743 7.175 12.300 11.509 12.719 13.542 13.555 8.392 8.036 9.018 10.724 11.714 7.776 7.832 7.921 12.966 8.185 11.983 13.710 13.698 13.725 13.739 9.224 13.795 13.813 13.810 13.802 8.343 13.865 13.880 13.900 8.911 9.114 9.273 9.245 13.938 8.735 8.255 13.905 8.157 7.384 13.989 8.515 11.080 8.564 8.818 8.915 14.175 9.338 14.255 14.266 9.291 10.919 9.231 10.134 10.425 10.583 10.665 10.817 10.851 10.889 10.944 11.020 11.107 11.197 11.279 11.345 11.375 11.492
6.860 13.345 7.684 13.387 7.236 13.389 13.385 6.896 12.636 10.149 13.515 7.266 13.498 7.339 7.668 13.584 11.934 13.588 7.727 13.611 7.567 13.646 13.680 13.697 11.638 8.427 13.742 13.755 13.763 8.201 8.313 13.826 13.839 13.849 13.411 13.878 13.881 8.858 8.417 8.626 8.692 8.670 8.202 8.090 7.326 8.060 9.254 14.082 10.401 11.418 14.146 9.004 8.871 9.555 14.266 11.879 14.500 11.153 11.927 11.336 11.052 10.919 10.934 11.020 11.009 11.032 11.075 11.136 11.212 11.295 11.380 11.456 11.510 11.551
6.815 6.953 9.189 7.710 6.796 7.765 6.919 6.785 13.423 13.441 8.527 13.465 9.062 13.518 13.543 12.272 9.935 7.568 7.680 13.600 13.620 13.628 7.811 11.105 13.667 8.327 13.157 8.389 13.753 13.742 13.768 13.778 13.810 10.037 8.069 8.746 13.871 13.874 12.679 13.885 8.084 8.175 7.989 7.073 8.346 8.564 8.334 8.514 11.491 10.074 14.161 14.169 8.927 9.119 9.261 13.409 9.403 12.628 12.263 11.943 11.665 11.442 11.737 11.494 11.353 11.291 11.280 11.304 11.352 11.419 11.495 11.572 11.642 11.672
5.960 6.449 13.315 7.368 8.506 7.615 13.345 13.373 7.298 12.861 12.426 7.127 8.084 7.801 7.789 11.425 7.600 7.475 7.917 7.825 13.599 8.931 13.626 13.636 7.623 8.318 13.686 8.311 9.297 10.354 11.582 13.766 13.795 9.265 13.802 8.566 13.860 9.275 8.267 8.877 8.339 7.958 7.109 8.353 9.136 14.051 8.890 8.675 8.759 8.824 14.168 13.203 10.276 11.556 8.913 14.311 14.500 9.449 11.660 11.866 11.903 12.347 14.500 14.500 14.496 14.402 14.187 13.878 13.513 13.146 12.810 12.523 12.319 12.195
5.614 6.892 7.045 7.176 13.288 6.849 6.689 13.357 11.826 12.998 7.875 13.414 8.380 8.575 13.483 13.510 8.087 7.245 7.909 8.009 13.582 9.269 13.618 13.626 7.864 13.656 13.619 13.678 10.598 13.713 8.050 8.315 13.753 13.779 13.794 12.354 9.591 13.812 7.849 8.709 8.095 7.269 8.170 8.600 14.049 14.059 8.381 9.076 9.123 9.357 9.338 13.469 13.536 13.839 9.265 9.404 11.279 12.365 12.037 12.472 14.500 14.500 14.500 14.500 14.500 14.500 14.500 14.500 14.500 14.500 14.500 14.500 14.500 14.500
4.868 6.413 6.898 7.173 6.609 6.762 6.658 7.224 13.362 13.370 8.284 7.460 7.078 7.857 7.508 7.223 7.287 10.929 13.543 13.552 13.572 7.364 8.168 7.709 8.515 13.633 8.293 7.741 7.865 8.052 9.161 7.990 13.727 13.757 9.761 10.209 8.778 13.783 8.822 7.889 7.268 8.003 8.752 9.125 8.583 11.868 9.072 8.814 9.189 14.157 8.880 9.112 9.138 14.254 9.413 9.604 13.109 13.158 14.493 14.500 14.500 14.500 14.500 14.500 14.500 14.500 14.500 14.500 14.500 14.500 14.500 14.500 14.500 14.500
0.000 4.436 5.550 5.899 6.375 6.751 7.171 7.162 7.679 13.361 13.361 6.848 13.368 7.492 7.339 13.464 13.480 10.057 13.525 9.820 7.438 7.212 7.420 13.599 13.608 12.336 7.787 13.634 9.540 10.263 13.682 13.708 13.718 9.999 9.048 9.000 13.731 7.935 8.039 7.311 9.347 9.666 11.287 11.577 8.818 11.500 14.107 9.141 14.156 9.977 10.189 14.230 14.242 14.267 13.593 14.500 9.838 14.500 14.500 14.500 14.500 14.500 14.500 14.500 14.500 14.500 14.500 14.500 14.500 14.500 14.500 14.500 14.500 14.500
0.000 0.000 0.000 3.355 5.264 6.671 6.218 6.393 6.781 7.569 7.193 6.434 6.754 7.880 6.903 13.446 13.451 7.345 11.853 10.490 6.910 12.403 10.891 13.574 7.863 7.519 7.627 7.699 9.289 8.993 13.675 13.680 10.976 11.527 8.598 13.693 7.913 7.912 7.174 13.696 9.392 9.013 9.712 12.042 8.819 14.110 14.118 14.127 8.873 14.161 8.927 9.299 14.251 10.517 12.035 14.500 14.500 12.082 14.481 14.468 14.456 14.469 14.500 14.500 14.500 14.500 14.500 14.500 14.500 14.500 14.500 14.500 14.500 14.500
0.000 0.000 0.000 0.000 0.917 4.389 5.662 6.444 6.080 6.808 7.106 6.679 7.165 13.363 8.077 9.141 7.170 7.205 7.872 13.474 13.450 7.284 7.423 8.191 7.435 10.325 13.582 13.599 10.007 13.645 13.653 13.670 13.331 7.559 8.472 8.442 7.768 7.234 13.635 13.674 13.692 7.546 8.166 14.069 14.085 12.613 8.692 13.570 14.162 10.303 9.451 14.226 9.909 9.635 14.293 11.575 10.157 14.500 14.451 14.374 14.370 14.449 14.500 14.500 14.500 14.500 14.500 14.500 14.500 14.500 14.500 14.500 14.500 14.500
0.000 0.000 0.000 0.000 0.000 0.000 1.670 4.591 5.613 7.003 6.102 6.916 6.935 7.272 8.897 13.397 7.151 7.606 8.005 13.458 13.440 7.402 8.343 7.344 7.422 13.538 7.464 8.676 13.612 13.620 8.063 7.616 13.598 7.378 13.623 7.856 6.980 8.632 8.419 7.809 7.372 7.982 8.527 12.295 8.727 13.158 9.107 14.157 14.169 14.181 14.200 9.236 14.254 10.029 9.890 11.158 13.264 13.621 13.708 13.977 14.311 14.488 14.500 14.500 14.500 14.500 14.500 14.500 14.500 14.500 14.500 14.500 14.500 14.500
0.000 0.000 0.000 0.000 0.000 0.000 0.000 0.000 1.752 4.606 5.552 6.751 7.129 7.151 7.039 8.875 7.206 13.387 13.410 7.874 13.430 7.265 13.467 11.473 11.509 10.035 13.551 13.565 7.662 13.612 8.003 13.597 13.554 13.598 13.587 7.462 7.091 13.511 7.232 7.379 7.681 8.521 8.635 14.072 8.828 13.234 9.000 9.080 9.066 13.659 14.016 14.235 9.205 14.291 11.605 12.365 9.490 14.145 13.898 14.304 14.500 14.500 14.500 14.500 14.500 14.500 14.500 14.500 14.500 14.500 14.500 14.500 14.500 14.500
0.000 0.000 0.000 0.000 0.000 0.000 0.000 0.000 0.000 0.000 2.564 4.999 6.350 6.581 6.648 8.426 7.580 6.896 7.662 13.397 9.018 13.427 10.094 7.342 9.974 11.884 13.520 13.421 7.899 13.598 8.015 13.569 13.596 7.789 7.362 6.547 9.962 6.738 7.184 7.072 7.738 8.152 14.065 10.193 8.775 11.649 14.158 13.552 14.183 9.142 14.158 14.243 9.434 9.451 9.623 9.415 10.506 14.500 9.438 14.485 14.500 14.500 14.500 14.500 14.500 14.500 14.500 14.500 14.500 14.500 14.500 14.500 14.500 14.500
0.000 0.000 0.000 0.000 0.000 0.000 0.000 0.000 0.000 0.000 0.000 0.000 2.732 5.223 13.222 7.486 6.546 6.594 7.454 8.508 7.096 9.087 7.317 7.660 13.465 7.361 11.208 13.523 13.550 13.558 13.551 13.553 7.372 7.174 7.054 6.753 6.605 6.506 13.495 7.280 8.091 8.728 8.773 9.802 10.014 11.279 14.157 9.178 13.537 14.094 13.482 14.250 9.095 14.298 9.281 9.483 9.442 14.500 14.500 14.500 14.500 14.500 14.500 14.500 14.500 14.500 14.500 14.475 14.431 14.444 14.402 14.404 14.455 14.500
0.000 0.000 0.000 0.000 0.000 0.000 0.000 0.000 0.000 0.000 0.000 0.000 0.000 0.000 4.233 5.384 8.840 13.213 7.889 8.880 9.226 8.778 13.404 7.163 9.200 7.194 13.486 7.591 13.529 13.547 7.981 7.379 7.092 6.827 6.513 7.076 6.722 6.819 9.567 7.312 8.227 8.330 8.753 9.642 9.540 8.870 8.929 9.476 12.444 9.374 13.183 14.265 14.285 14.310 14.500 14.500 14.500 14.500 14.500 14.500 14.500 14.500 14.496 14.420 14.301 14.195 14.067 13.996 14.103 14.149 14.218 14.326 14.440 14.500
0.000 0.000 0.000 0.000 0.000 0.000 0.000 0.000 0.000 0.000 0.000 0.000 0.000 0.000 0.000 0.000 4.532 6.210 13.216 6.685 7.686 7.982 13.406 10.700 9.391 11.037 13.467 7.401 7.086 7.145 6.887 6.768 6.818 6.420 6.749 7.041 7.081 7.235 8.063 8.232 9.078 8.975 9.392 8.834 9.882 9.594 9.897 9.304 14.213 14.225 12.342 12.359 11.292 14.307 11.989 14.500 9.347 14.374 14.083 13.643 13.444 13.368 13.301 13.240 13.205 13.258 13.339 13.653 13.914 14.057 14.207 14.354 14.473 14.500
0.000 0.000 0.000 0.000 0.000 0.000 0.000 0.000 0.000 0.000 0.000 0.000 0.000 0.000 0.000 0.000 0.000 2.859 5.547 7.232 7.844 6.938 7.965 7.741 8.484 7.456 7.339 6.843 6.785 6.734 6.638 6.934 7.259 8.338 7.723 7.645 8.228 8.456 8.071 8.169 8.423 9.017 14.076 8.644 9.041 9.920 14.171 10.283 10.001 9.289 14.242 10.526 9.291 9.371 12.402 10.317 11.667 13.491 13.759 13.705 13.513 13.127 12.767 12.789 12.845 12.907 13.315 13.759 13.952 14.122 14.281 14.420 14.500 14.500
