includes/lisflood/results/res.max
ncols         631
nrows         906
xllcorner     364927.146600
yllcorner     6531972.565600
cellsize      20.000000
NODATA_value  -9999.000000
[rows 238 to 271 of 906, columns 539 to 615 of 631]
9.865 10.027 10.189 10.351 10.512 10.674 10.841 11.017 11.192 11.368 11.544 11.700 11.818 11.936 12.055 12.173 12.291 12.410 12.528 12.646 12.760 12.873 12.985 13.097 13.175 13.238 13.301 13.364 13.427 13.490 13.553 13.616 13.661 13.671 13.681 13.646 13.607 13.568 13.529 13.491 13.452 13.413 13.374 13.335 13.297 13.255 13.200 13.098 12.995 12.893 12.790 12.687 12.585 12.482 12.379 12.277 12.174 12.084 12.049 12.014 11.977 11.929 11.881 11.834 11.786 11.738 11.690 11.644 11.681 11.718 11.755 11.792 11.829 11.866 11.903 11.940 12.020
9.855 10.017 10.179 10.341 10.503 10.664 10.826 10.998 11.174 11.350 11.526 11.646 11.765 11.883 12.001 12.120 12.238 12.356 12.475 12.593 12.710 12.823 12.935 13.038 13.101 13.164 13.227 13.290 13.353 13.416 13.479 13.542 13.605 13.648 13.650 13.612 13.573 13.534 13.495 13.456 13.415 13.373 13.332 13.290 13.249 13.207 13.140 13.059 12.956 12.854 12.751 12.648 12.546 12.443 12.340 12.238 12.135 12.063 12.028 11.993 11.958 11.921 11.873 11.826 11.778 11.730 11.683 11.649 11.686 11.723 11.760 11.797 11.834 11.871 11.907 11.944 11.981
9.845 10.007 10.169 10.331 10.493 10.654 10.816 10.980 11.155 11.331 11.475 11.593 11.711 11.830 11.948 12.066 12.184 12.303 12.421 12.539 12.658 12.772 12.885 12.964 13.027 13.090 13.153 13.216 13.279 13.342 13.405 13.468 13.531 13.595 13.616 13.574 13.533 13.491 13.450 13.408 13.367 13.325 13.284 13.242 13.201 13.159 13.081 13.001 12.917 12.815 12.712 12.609 12.507 12.404 12.301 12.199 12.096 12.042 12.007 11.972 11.937 11.902 11.866 11.818 11.770 11.722 11.675 11.654 11.691 11.728 11.765 11.802 11.839 11.875 11.912 11.949 11.986
9.835 9.997 10.159 10.321 10.483 10.645 10.806 10.968 11.137 11.303 11.421 11.539 11.658 11.776 11.894 12.013 12.131 12.249 12.368 12.486 12.604 12.722 12.827 12.890 12.953 13.016 13.079 13.142 13.211 13.279 13.347 13.416 13.484 13.553 13.558 13.526 13.485 13.443 13.402 13.360 13.319 13.277 13.236 13.194 13.153 13.101 13.021 12.942 12.862 12.776 12.673 12.570 12.468 12.365 12.263 12.160 12.057 12.021 11.986 11.951 11.916 11.881 11.846 11.810 11.762 11.715 11.667 11.658 11.695 11.732 11.769 11.806 11.843 11.880 11.917 11.941 11.963
9.825 9.987 10.149 10.311 10.473 10.635 10.797 10.958 11.120 11.249 11.368 11.486 11.604 11.722 11.840 11.958 12.076 12.194 12.312 12.430 12.548 12.666 12.763 12.832 12.900 12.969 13.037 13.105 13.174 13.242 13.311 13.379 13.448 13.510 13.491 13.472 13.437 13.395 13.354 13.312 13.271 13.229 13.188 13.146 13.105 13.042 12.962 12.882 12.802 12.723 12.634 12.531 12.429 12.326 12.223 12.121 12.035 12.000 11.965 11.930 11.895 11.860 11.825 11.790 11.754 11.707 11.659 11.663 11.700 11.737 11.774 11.811 11.840 11.862 11.884 11.906 11.928
9.797 9.955 10.112 10.270 10.427 10.585 10.742 10.900 11.051 11.182 11.299 11.417 11.535 11.653 11.771 11.889 12.007 12.125 12.243 12.361 12.479 12.597 12.710 12.795 12.864 12.932 13.000 13.069 13.137 13.206 13.274 13.343 13.411 13.443 13.424 13.405 13.386 13.347 13.306 13.264 13.223 13.181 13.140 13.098 13.057 12.982 12.902 12.823 12.743 12.663 12.584 12.492 12.390 12.287 12.184 12.082 12.014 11.979 11.944 11.909 11.874 11.839 11.804 11.769 11.734 11.699 11.651 11.668 11.705 11.740 11.762 11.784 11.806 11.828 11.850 11.872 11.894
9.729 9.887 10.044 10.202 10.359 10.517 10.674 10.832 10.972 11.105 11.231 11.349 11.467 11.585 11.703 11.821 11.939 12.057 12.175 12.293 12.411 12.526 12.639 12.752 12.827 12.895 12.964 13.032 13.101 13.169 13.237 13.306 13.374 13.375 13.356 13.337 13.319 13.299 13.258 13.216 13.175 13.133 13.092 13.050 13.002 12.923 12.843 12.763 12.684 12.604 12.524 12.444 12.351 12.248 12.146 12.043 11.993 11.958 11.923 11.888 11.853 11.818 11.783 11.748 11.713 11.678 11.643 11.661 11.683 11.705 11.727 11.749 11.771 11.793 11.815 11.837 11.859
9.661 9.819 9.976 10.134 10.291 10.449 10.606 10.760 10.893 11.026 11.159 11.280 11.398 11.516 11.634 11.752 11.870 11.988 12.106 12.224 12.342 12.455 12.568 12.681 12.790 12.859 12.927 12.996 13.064 13.132 13.201 13.269 13.327 13.308 13.289 13.270 13.251 13.232 13.210 13.168 13.127 13.085 13.044 13.002 12.943 12.863 12.783 12.704 12.624 12.544 12.465 12.385 12.305 12.209 12.107 12.007 11.972 11.937 11.902 11.867 11.832 11.797 11.762 11.729 11.702 11.674 11.647 11.632 11.648 11.670 11.692 11.714 11.736 11.758 11.780 11.802 11.824
9.593 9.751 9.908 10.066 10.223 10.381 10.538 10.681 10.814 10.947 11.080 11.211 11.329 11.447 11.565 11.683 11.801 11.920 12.038 12.155 12.271 12.385 12.497 12.611 12.724 12.822 12.891 12.959 13.027 13.096 13.164 13.233 13.259 13.241 13.222 13.203 13.184 13.165 13.146 13.120 13.079 13.037 12.996 12.954 12.883 12.804 12.724 12.644 12.565 12.485 12.405 12.326 12.246 12.166 12.068 11.986 11.951 11.916 11.881 11.846 11.818 11.790 11.762 11.734 11.707 11.679 11.655 11.639 11.624 11.635 11.657 11.679 11.701 11.724 11.746 11.768 11.790
9.525 9.683 9.840 9.998 10.155 10.313 10.468 10.602 10.735 10.868 11.001 11.134 11.261 11.379 11.497 11.615 11.733 11.851 11.969 12.087 12.201 12.314 12.427 12.540 12.653 12.766 12.854 12.922 12.991 13.059 13.128 13.196 13.192 13.173 13.154 13.136 13.117 13.098 13.079 13.060 13.031 12.989 12.948 12.904 12.824 12.744 12.665 12.585 12.505 12.426 12.346 12.266 12.186 12.107 12.027 11.964 11.933 11.906 11.878 11.850 11.822 11.795 11.767 11.739 11.711 11.683 11.662 11.646 11.631 11.615 11.623 11.645 11.667 11.689 11.711 11.733 11.755
9.457 9.615 9.772 9.930 10.087 10.244 10.389 10.522 10.656 10.789 10.922 11.055 11.188 11.310 11.428 11.546 11.664 11.782 11.900 12.017 12.130 12.243 12.356 12.469 12.582 12.695 12.808 12.886 12.954 13.023 13.091 13.144 13.125 13.106 13.087 13.068 13.049 13.031 13.012 12.993 12.974 12.941 12.900 12.844 12.765 12.685 12.605 12.525 12.446 12.366 12.286 12.207 12.141 12.077 12.013 11.966 11.938 11.910 11.883 11.855 11.827 11.799 11.772 11.744 11.716 11.688 11.669 11.654 11.638 11.623 11.607 11.610 11.632 11.654 11.676 11.698 11.720
9.389 9.547 9.704 9.861 10.019 10.176 10.310 10.443 10.576 10.710 10.843 10.976 11.109 11.242 11.360 11.478 11.596 11.714 11.832 11.946 12.059 12.172 12.285 12.398 12.511 12.624 12.737 12.849 12.917 12.986 13.054 13.076 13.058 13.039 13.020 13.001 12.982 12.963 12.944 12.926 12.907 12.888 12.852 12.785 12.705 12.625 12.546 12.474 12.411 12.347 12.283 12.219 12.155 12.091 12.029 11.986 11.943 11.915 11.887 11.860 11.832 11.804 11.776 11.749 11.721 11.693 11.677 11.661 11.645 11.630 11.614 11.599 11.597 11.619 11.641 11.663 11.686
9.321 9.478 9.636 9.793 9.951 10.098 10.231 10.364 10.497 10.630 10.764 10.897 11.030 11.163 11.291 11.409 11.527 11.645 11.762 11.875 11.988 12.101 12.214 12.327 12.440 12.553 12.666 12.779 12.881 12.949 13.018 13.009 12.990 12.971 12.953 12.934 12.915 12.896 12.877 12.858 12.839 12.821 12.802 12.744 12.681 12.617 12.553 12.489 12.425 12.361 12.297 12.233 12.169 12.106 12.049 12.006 11.963 11.920 11.892 11.864 11.837 11.809 11.781 11.753 11.726 11.699 11.684 11.668 11.653 11.637 11.622 11.606 11.591 11.585 11.607 11.629 11.651
9.253 9.410 9.568 9.725 9.883 10.019 10.152 10.285 10.418 10.551 10.684 10.818 10.951 11.084 11.217 11.340 11.458 11.576 11.691 11.804 11.917 12.030 12.143 12.256 12.369 12.482 12.595 12.708 12.821 12.913 12.961 12.942 12.923 12.904 12.885 12.866 12.848 12.831 12.814 12.798 12.781 12.764 12.754 12.759 12.695 12.631 12.567 12.503 12.439 12.375 12.312 12.248 12.184 12.120 12.069 12.026 11.983 11.940 11.897 11.869 11.841 11.814 11.786 11.758 11.731 11.706 11.691 11.675 11.660 11.644 11.629 11.613 11.598 11.582 11.572 11.594 11.616
9.192 9.342 9.500 9.657 9.807 9.940 10.073 10.206 10.339 10.472 10.605 10.738 10.872 11.005 11.138 11.271 11.390 11.507 11.620 11.733 11.846 11.959 12.072 12.185 12.298 12.412 12.525 12.638 12.751 12.864 12.893 12.877 12.860 12.843 12.826 12.809 12.793 12.776 12.759 12.742 12.726 12.709 12.706 12.711 12.709 12.645 12.582 12.518 12.454 12.390 12.326 12.262 12.198 12.134 12.089 12.046 12.003 11.960 11.917 11.874 11.846 11.819 11.791 11.763 11.735 11.714 11.698 11.683 11.667 11.652 11.636 11.621 11.605 11.590 11.574 11.559 11.583
9.136 9.277 9.432 9.589 9.727 9.861 9.994 10.127 10.260 10.393 10.526 10.659 10.793 10.926 11.059 11.192 11.321 11.436 11.549 11.662 11.775 11.888 12.002 12.116 12.230 12.345 12.459 12.573 12.687 12.801 12.834 12.821 12.805 12.788 12.771 12.754 12.738 12.721 12.704 12.687 12.671 12.654 12.658 12.663 12.668 12.660 12.596 12.532 12.468 12.404 12.340 12.277 12.213 12.152 12.109 12.066 12.023 11.980 11.937 11.894 11.851 11.823 11.796 11.768 11.740 11.721 11.705 11.690 11.674 11.659 11.643 11.628 11.612 11.597 11.581 11.560 11.539
9.079 9.221 9.364 9.515 9.648 9.782 9.915 10.048 10.181 10.314 10.447 10.580 10.714 10.847 10.980 11.113 11.247 11.370 11.485 11.599 11.713 11.827 11.941 12.056 12.170 12.284 12.398 12.512 12.627 12.712 12.741 12.766 12.750 12.733 12.716 12.699 12.682 12.666 12.649 12.632 12.616 12.604 12.609 12.615 12.620 12.625 12.610 12.547 12.483 12.419 12.355 12.291 12.227 12.172 12.129 12.086 12.043 12.000 11.957 11.914 11.871 11.828 11.800 11.773 11.745 11.728 11.713 11.697 11.682 11.666 11.651 11.635 11.612 11.576 11.541 11.506 11.494
9.022 9.163 9.304 9.437 9.570 9.703 9.836 9.970 10.103 10.236 10.369 10.503 10.636 10.769 10.903 11.036 11.170 11.305 11.424 11.538 11.652 11.766 11.881 11.995 12.109 12.223 12.338 12.452 12.566 12.619 12.648 12.677 12.694 12.678 12.661 12.644 12.627 12.611 12.594 12.577 12.561 12.556 12.561 12.567 12.572 12.577 12.582 12.561 12.497 12.433 12.369 12.305 12.242 12.192 12.149 12.106 12.063 12.020 11.977 11.934 11.891 11.848 11.805 11.777 11.751 11.735 11.720 11.704 11.689 11.663 11.628 11.593 11.557 11.522 11.487 11.451 11.448
8.960 9.101 9.239 9.363 9.492 9.626 9.759 9.892 10.025 10.159 10.292 10.425 10.558 10.692 10.825 10.958 11.093 11.228 11.363 11.478 11.592 11.706 11.820 11.934 12.048 12.163 12.277 12.391 12.497 12.526 12.555 12.584 12.613 12.622 12.606 12.589 12.572 12.556 12.539 12.522 12.506 12.508 12.513 12.519 12.524 12.529 12.534 12.539 12.511 12.448 12.384 12.320 12.256 12.211 12.169 12.126 12.083 12.040 11.997 11.954 11.911 11.868 11.825 11.782 11.758 11.743 11.715 11.680 11.645 11.609 11.574 11.539 11.503 11.468 11.433 11.397 11.402
8.898 9.039 9.169 9.292 9.415 9.548 9.681 9.814 9.948 10.081 10.214 10.348 10.481 10.614 10.747 10.881 11.016 11.151 11.287 11.417 11.531 11.645 11.759 11.874 11.988 12.102 12.216 12.331 12.404 12.433 12.462 12.491 12.520 12.549 12.551 12.534 12.517 12.501 12.484 12.467 12.455 12.460 12.465 12.470 12.476 12.481 12.486 12.491 12.496 12.462 12.398 12.334 12.274 12.231 12.188 12.145 12.103 12.060 12.017 11.974 11.931 11.888 11.845 11.807 11.734 11.696 11.661 11.626 11.590 11.555 11.520 11.485 11.449 11.414 11.379 11.348 11.356
8.836 8.976 9.099 9.222 9.345 9.470 9.604 9.737 9.870 10.003 10.137 10.270 10.403 10.537 10.670 10.804 10.940 11.075 11.210 11.345 11.470 11.585 11.699 11.813 11.927 12.041 12.156 12.270 12.311 12.340 12.369 12.398 12.427 12.456 12.485 12.479 12.462 12.446 12.429 12.412 12.407 12.412 12.417 12.422 12.428 12.433 12.438 12.443 12.448 12.454 12.413 12.349 12.294 12.251 12.208 12.165 12.122 12.080 12.037 11.997 11.959 11.921 11.883 11.845 11.757 11.649 11.607 11.572 11.536 11.501 11.466 11.430 11.395 11.360 11.325 11.302 11.311
8.774 8.906 9.029 9.152 9.275 9.398 9.526 9.659 9.793 9.926 10.059 10.192 10.326 10.459 10.592 10.728 10.863 10.998 11.133 11.268 11.404 11.524 11.638 11.752 11.867 11.981 12.095 12.189 12.218 12.247 12.276 12.305 12.334 12.363 12.392 12.420 12.407 12.390 12.374 12.357 12.359 12.364 12.369 12.374 12.380 12.385 12.390 12.395 12.400 12.405 12.411 12.363 12.314 12.271 12.228 12.188 12.150 12.111 12.073 12.035 11.997 11.959 11.920 11.882 11.780 11.673 11.565 11.517 11.482 11.447 11.412 11.376 11.341 11.306 11.271 11.257 11.265
8.712 8.836 8.959 9.082 9.205 9.328 9.451 9.582 9.715 9.848 9.982 10.115 10.248 10.381 10.516 10.651 10.786 10.921 11.056 11.192 11.327 11.462 11.578 11.692 11.806 11.920 12.035 12.096 12.125 12.154 12.183 12.212 12.241 12.270 12.299 12.328 12.352 12.335 12.319 12.305 12.311 12.316 12.321 12.326 12.331 12.337 12.342 12.347 12.352 12.357 12.363 12.371 12.340 12.302 12.264 12.225 12.187 12.149 12.111 12.073 12.035 11.996 11.958 11.911 11.804 11.696 11.589 11.481 11.428 11.393 11.357 11.322 11.287 11.252 11.216 11.211 11.219
8.643 8.766 8.889 9.012 9.135 9.258 9.381 9.504 9.637 9.771 9.904 10.037 10.171 10.304 10.439 10.574 10.709 10.844 10.980 11.115 11.250 11.385 11.517 11.631 11.745 11.860 11.974 12.003 12.032 12.061 12.090 12.119 12.148 12.177 12.206 12.235 12.264 12.280 12.264 12.257 12.263 12.268 12.273 12.278 12.283 12.289 12.296 12.309 12.322 12.335 12.348 12.360 12.371 12.340 12.301 12.263 12.225 12.187 12.149 12.111 12.072 12.034 11.996 11.935 11.827 11.720 11.612 11.505 11.397 11.339 11.303 11.268 11.233 11.198 11.162 11.165 11.173
8.572 8.695 8.819 8.941 9.065 9.188 9.311 9.434 9.560 9.693 9.827 9.960 10.093 10.227 10.362 10.497 10.633 10.768 10.903 11.038 11.173 11.308 11.444 11.571 11.685 11.799 11.881 11.910 11.939 11.968 11.997 12.026 12.055 12.084 12.113 12.142 12.171 12.200 12.209 12.209 12.214 12.221 12.234 12.247 12.260 12.273 12.286 12.299 12.312 12.324 12.337 12.349 12.361 12.372 12.339 12.301 12.263 12.225 12.186 12.148 12.110 12.072 12.034 11.958 11.851 11.743 11.636 11.528 11.421 11.313 11.249 11.214 11.179 11.143 11.111 11.119 11.128
8.502 8.625 8.748 8.871 8.995 9.118 9.241 9.364 9.487 9.616 9.749 9.882 10.016 10.150 10.286 10.421 10.556 10.691 10.826 10.961 11.097 11.232 11.367 11.502 11.624 11.739 11.788 11.817 11.846 11.875 11.904 11.933 11.962 11.991 12.020 12.049 12.087 12.127 12.166 12.185 12.198 12.211 12.224 12.237 12.250 12.263 12.276 12.288 12.301 12.314 12.327 12.339 12.350 12.361 12.372 12.339 12.300 12.262 12.224 12.186 12.148 12.110 12.071 11.981 11.874 11.766 11.659 11.552 11.444 11.337 11.229 11.160 11.125 11.089 11.065 11.074 11.082
8.432 8.555 8.678 8.801 8.924 9.047 9.171 9.294 9.417 9.540 9.671 9.805 9.939 10.074 10.209 10.344 10.479 10.614 10.750 10.885 11.020 11.155 11.290 11.426 11.561 11.667 11.696 11.724 11.753 11.785 11.826 11.866 11.907 11.947 11.988 12.028 12.069 12.109 12.144 12.171 12.188 12.201 12.214 12.227 12.240 12.252 12.265 12.278 12.291 12.304 12.317 12.328 12.339 12.350 12.362 12.373 12.338 12.300 12.262 12.224 12.186 12.147 12.109 12.005 11.897 11.790 11.682 11.575 11.467 11.360 11.253 11.145 11.070 11.035 11.020 11.028 11.036
8.362 8.485 8.608 8.731 8.854 8.977 9.100 9.224 9.347 9.470 9.594 9.727 9.862 9.997 10.132 10.267 10.402 10.538 10.673 10.808 10.943 11.078 11.214 11.350 11.487 11.605 11.645 11.686 11.726 11.767 11.807 11.848 11.888 11.929 11.969 12.010 12.050 12.091 12.121 12.148 12.175 12.190 12.203 12.216 12.229 12.242 12.255 12.268 12.281 12.294 12.306 12.317 12.328 12.340 12.351 12.362 12.373 12.338 12.300 12.261 12.223 12.185 12.136 12.028 11.921 11.813 11.706 11.598 11.491 11.383 11.276 11.168 11.061 10.981 10.974 10.982 10.962
8.292 8.415 8.538 8.661 8.784 8.907 9.030 9.153 9.277 9.400 9.523 9.650 9.785 9.920 10.057 10.193 10.329 10.465 10.601 10.737 10.874 11.010 11.146 11.282 11.419 11.534 11.627 11.667 11.708 11.748 11.789 11.830 11.870 11.911 11.951 11.992 12.032 12.071 12.098 12.125 12.152 12.179 12.193 12.206 12.219 12.232 12.245 12.258 12.270 12.283 12.295 12.306 12.318 12.329 12.340 12.351 12.363 12.374 12.337 12.299 12.261 12.223 12.159 12.052 11.944 11.837 11.729 11.622 11.514 11.407 11.299 11.192 11.084 10.974 10.872 10.852 10.832
8.222 8.345 8.468 8.592 8.717 8.842 8.967 9.092 9.217 9.342 9.467 9.588 9.716 9.852 9.989 10.125 10.261 10.397 10.533 10.669 10.806 10.942 11.078 11.215 11.344 11.456 11.569 11.649 11.690 11.730 11.771 11.811 11.852 11.892 11.933 11.973 12.014 12.048 12.075 12.102 12.129 12.156 12.183 12.196 12.209 12.222 12.234 12.247 12.260 12.273 12.284 12.296 12.307 12.318 12.329 12.341 12.352 12.363 12.374 12.337 12.299 12.261 12.182 12.075 11.967 11.860 11.753 11.645 11.538 11.430 11.320 11.209 11.099 10.988 10.861 10.730 10.701
8.168 8.293 8.418 8.543 8.668 8.793 8.918 9.043 9.168 9.293 9.418 9.535 9.652 9.784 9.921 10.057 10.193 10.329 10.465 10.602 10.738 10.874 11.010 11.147 11.267 11.379 11.492 11.604 11.671 11.712 11.752 11.793 11.833 11.874 11.915 11.955 11.996 12.025 12.052 12.079 12.106 12.133 12.161 12.185 12.198 12.211 12.224 12.237 12.250 12.262 12.274 12.285 12.296 12.307 12.319 12.330 12.341 12.352 12.364 12.375 12.336 12.298 12.206 12.098 11.991 11.883 11.776 11.666 11.555 11.445 11.334 11.223 11.113 11.002 10.874 10.743 10.613
8.119 8.244 8.369 8.494 8.619 8.744 8.869 8.994 9.119 9.244 9.366 9.482 9.599 9.716 9.853 9.989 10.125 10.261 10.397 10.534 10.670 10.806 10.943 11.077 11.190 11.302 11.415 11.527 11.640 11.694 11.734 11.775 11.815 11.856 11.896 11.937 11.975 12.002 12.029 12.057 12.084 12.111 12.138 12.165 12.188 12.201 12.214 12.227 12.240 12.252 12.263 12.274 12.285 12.297 12.308 12.319 12.330 12.342 12.353 12.364 12.374 12.336 12.229 12.122 12.012 11.902 11.791 11.680 11.569 11.459 11.348 11.237 11.127 11.016 10.887 10.756 10.626
8.070 8.195 8.320 8.445 8.570 8.695 8.820 8.945 9.070 9.195 9.313 9.430 9.546 9.663 9.785 9.921 10.057 10.193 10.330 10.466 10.602 10.738 10.875 11.000 11.113 11.225 11.338 11.450 11.563 11.675 11.716 11.756 11.797 11.837 11.878 11.919 11.952 11.980 12.007 12.034 12.061 12.088 12.115 12.142 12.169 12.191 12.203 12.216 12.229 12.241 12.252 12.263 12.275 12.286 12.297 12.308 12.320 12.331 12.342 12.353 12.365 12.358 12.247 12.137 12.026 11.915 11.805 11.694 11.583 11.473 11.362 11.251 11.141 11.030 10.900 10.769 10.639
8.021 8.146 8.271 8.396 8.521 8.646 8.771 8.896 9.021 9.144 9.260 9.377 9.493 9.610 9.726 9.853 9.989 10.125 10.262 10.398 10.534 10.671 10.807 10.923 11.036 11.148 11.260 11.373 11.485 11.598 11.697 11.738 11.779 11.819 11.860 11.900 11.930 11.957 11.984 12.011 12.038 12.065 12.092 12.119 12.146 12.173 12.193 12.206 12.219 12.230 12.241 12.253 12.264 12.275 12.286 12.298 12.309 12.316 12.323 12.330 12.337 12.314 12.257 12.151 12.040 11.929 11.819 11.708 11.597 11.487 11.376 11.265 11.155 11.043 10.913 10.782 10.652
