includes/lisflood/results/res.max
ncols         631
nrows         906
xllcorner     364927.146600
yllcorner     6531972.565600
cellsize      20.000000
NODATA_value  -9999.000000
[rows 136 to 169 of 906, columns 385 to 461 of 631]
5.121 5.153 5.184 5.215 5.247 5.278 5.310 5.341 5.372 5.404 5.438 5.471 5.501 5.529 5.558 5.587 5.616 5.645 5.674 5.703 5.732 5.761 5.790 5.819 5.848 5.877 5.906 5.944 5.989 6.033 6.078 6.122 6.167 6.211 6.255 6.300 6.344 6.389 6.433 6.478 6.522 6.567 6.610 6.653 6.695 6.716 6.733 6.750 6.767 6.784 6.801 6.818 6.835 6.852 6.869 6.886 6.903 6.920 6.948 6.992 7.035 7.079 7.122 7.168 7.226 7.284 7.341 7.399 7.457 7.515 7.573 7.631 7.689 7.746 7.829 7.921 7.983
5.094 5.125 5.157 5.188 5.219 5.251 5.282 5.313 5.345 5.378 5.411 5.444 5.477 5.505 5.534 5.563 5.592 5.621 5.650 5.679 5.708 5.737 5.766 5.795 5.824 5.853 5.881 5.912 5.957 6.001 6.046 6.090 6.135 6.180 6.224 6.269 6.313 6.358 6.402 6.447 6.491 6.536 6.580 6.623 6.651 6.668 6.685 6.702 6.719 6.736 6.753 6.770 6.787 6.804 6.821 6.837 6.854 6.871 6.888 6.929 6.973 7.016 7.060 7.112 7.170 7.228 7.286 7.343 7.401 7.459 7.517 7.575 7.633 7.690 7.752 7.819 7.880
5.066 5.098 5.129 5.160 5.192 5.223 5.254 5.286 5.318 5.352 5.385 5.418 5.451 5.481 5.510 5.539 5.568 5.597 5.626 5.655 5.684 5.713 5.742 5.771 5.800 5.828 5.856 5.884 5.924 5.969 6.013 6.058 6.103 6.147 6.192 6.237 6.281 6.326 6.371 6.415 6.460 6.505 6.549 6.585 6.602 6.619 6.636 6.653 6.670 6.687 6.704 6.721 6.738 6.755 6.772 6.789 6.806 6.823 6.840 6.866 6.910 6.953 6.998 7.056 7.114 7.172 7.230 7.287 7.345 7.403 7.461 7.519 7.571 7.621 7.670 7.725 7.780
5.039 5.070 5.102 5.133 5.164 5.196 5.227 5.259 5.292 5.325 5.358 5.392 5.425 5.457 5.486 5.515 5.544 5.573 5.602 5.631 5.660 5.689 5.718 5.747 5.776 5.803 5.831 5.859 5.892 5.936 5.981 6.025 6.070 6.115 6.159 6.204 6.249 6.293 6.338 6.383 6.428 6.472 6.515 6.539 6.555 6.572 6.588 6.605 6.621 6.638 6.655 6.672 6.689 6.706 6.723 6.740 6.757 6.774 6.791 6.808 6.847 6.890 6.942 7.000 7.058 7.116 7.174 7.232 7.288 7.338 7.388 7.437 7.487 7.537 7.587 7.641 7.696
5.011 5.043 5.074 5.105 5.137 5.168 5.199 5.232 5.266 5.299 5.332 5.365 5.399 5.432 5.462 5.491 5.520 5.549 5.578 5.607 5.636 5.664 5.693 5.722 5.751 5.778 5.806 5.834 5.862 5.904 5.948 5.993 6.038 6.082 6.127 6.171 6.216 6.261 6.306 6.350 6.395 6.440 6.467 6.493 6.511 6.527 6.544 6.560 6.576 6.593 6.609 6.625 6.641 6.658 6.675 6.691 6.708 6.725 6.742 6.759 6.784 6.829 6.887 6.944 7.002 7.055 7.105 7.155 7.204 7.254 7.304 7.354 7.403 7.453 7.503 7.557 7.612
4.984 5.015 5.046 5.078 5.109 5.140 5.173 5.206 5.239 5.272 5.306 5.339 5.372 5.406 5.438 5.467 5.496 5.525 5.554 5.583 5.611 5.640 5.669 5.698 5.726 5.753 5.781 5.809 5.837 5.871 5.916 5.960 6.005 6.050 6.094 6.139 6.184 6.228 6.273 6.318 6.362 6.393 6.419 6.445 6.466 6.483 6.499 6.515 6.532 6.548 6.564 6.581 6.597 6.613 6.629 6.646 6.662 6.678 6.695 6.711 6.728 6.772 6.822 6.872 6.922 6.971 7.021 7.071 7.121 7.170 7.220 7.270 7.320 7.370 7.419 7.473 7.528
4.956 4.987 5.019 5.050 5.081 5.113 5.146 5.179 5.213 5.246 5.279 5.313 5.346 5.379 5.413 5.443 5.472 5.501 5.530 5.558 5.587 5.616 5.645 5.673 5.701 5.728 5.756 5.784 5.812 5.840 5.883 5.928 5.972 6.017 6.062 6.106 6.151 6.196 6.240 6.285 6.320 6.345 6.371 6.397 6.422 6.438 6.455 6.471 6.487 6.503 6.520 6.536 6.552 6.569 6.585 6.601 6.617 6.634 6.650 6.666 6.682 6.705 6.738 6.788 6.838 6.888 6.938 6.987 7.037 7.087 7.137 7.186 7.236 7.286 7.336 7.389 7.444
4.929 4.960 4.991 5.022 5.054 5.087 5.120 5.153 5.186 5.220 5.253 5.286 5.319 5.353 5.386 5.419 5.448 5.477 5.505 5.534 5.563 5.592 5.620 5.648 5.676 5.704 5.731 5.759 5.787 5.815 5.851 5.895 5.940 5.984 6.029 6.074 6.118 6.163 6.208 6.246 6.271 6.297 6.323 6.348 6.374 6.394 6.410 6.426 6.443 6.459 6.475 6.491 6.508 6.524 6.540 6.556 6.573 6.589 6.605 6.621 6.636 6.657 6.686 6.716 6.754 6.804 6.854 6.904 6.953 7.003 7.053 7.103 7.152 7.202 7.252 7.305 7.360
4.842 4.932 4.964 4.995 5.027 5.060 5.093 5.127 5.160 5.193 5.226 5.260 5.293 5.326 5.360 5.393 5.423 5.452 5.481 5.510 5.539 5.567 5.595 5.623 5.651 5.679 5.706 5.734 5.762 5.790 5.818 5.863 5.907 5.952 5.997 6.041 6.086 6.131 6.172 6.198 6.223 6.249 6.275 6.300 6.326 6.349 6.365 6.382 6.398 6.414 6.431 6.447 6.463 6.479 6.496 6.512 6.528 6.544 6.560 6.575 6.590 6.608 6.638 6.668 6.698 6.728 6.770 6.820 6.870 6.919 6.969 7.019 7.069 7.119 7.168 7.221 7.276
4.726 4.896 4.936 4.967 5.001 5.034 5.067 5.100 5.133 5.167 5.200 5.233 5.266 5.300 5.333 5.366 5.399 5.428 5.457 5.486 5.514 5.542 5.570 5.598 5.626 5.653 5.681 5.709 5.737 5.765 5.793 5.830 5.875 5.919 5.964 6.009 6.053 6.098 6.124 6.150 6.175 6.201 6.227 6.252 6.278 6.304 6.321 6.337 6.353 6.370 6.386 6.402 6.419 6.435 6.451 6.467 6.483 6.499 6.514 6.529 6.545 6.560 6.590 6.620 6.650 6.680 6.710 6.740 6.786 6.836 6.885 6.935 6.985 7.035 7.085 7.137 7.192
4.611 4.781 4.403 4.941 4.974 5.007 5.041 5.074 5.107 5.140 5.173 5.207 5.240 5.273 5.307 5.340 5.373 5.404 5.433 5.462 5.489 5.517 5.545 5.573 5.601 5.628 5.656 5.684 5.712 5.740 5.768 5.798 5.842 5.887 5.931 5.976 6.021 6.050 6.076 6.102 6.127 6.153 6.178 6.204 6.230 6.255 6.276 6.292 6.309 6.325 6.341 6.358 6.374 6.390 6.406 6.423 6.438 6.453 6.469 6.484 6.499 6.514 6.541 6.571 6.601 6.631 6.661 6.691 6.721 6.752 6.802 6.851 6.901 6.951 7.001 7.052 7.108
4.413 4.593 4.800 4.913 4.947 4.980 5.014 5.047 5.080 5.114 5.147 5.180 5.213 5.247 5.280 5.313 5.347 5.380 5.409 5.437 5.464 5.492 5.520 5.548 5.576 5.603 5.631 5.659 5.687 5.715 5.743 5.770 5.809 5.854 5.899 5.943 5.976 6.002 6.028 6.053 6.079 6.105 6.130 6.156 6.182 6.207 6.231 6.248 6.264 6.280 6.297 6.313 6.329 6.345 6.362 6.377 6.392 6.408 6.423 6.438 6.453 6.468 6.493 6.523 6.553 6.583 6.613 6.643 6.673 6.703 6.733 6.768 6.818 6.867 6.917 6.968 7.024
4.171 4.350 4.616 4.883 4.917 4.950 4.984 5.018 5.051 5.085 5.118 5.152 5.185 5.219 5.253 5.286 5.320 5.353 5.384 5.412 5.439 5.467 5.495 5.523 5.551 5.578 5.606 5.634 5.662 5.690 5.718 5.745 5.777 5.821 5.866 5.903 5.928 5.954 5.980 6.005 6.031 6.056 6.082 6.108 6.134 6.159 6.185 6.203 6.219 6.236 6.252 6.268 6.285 6.301 6.317 6.332 6.347 6.362 6.377 6.392 6.407 6.422 6.445 6.475 6.505 6.535 6.565 6.595 6.624 6.654 6.684 6.714 6.744 6.784 6.833 6.884 6.939
4.194 4.353 4.402 4.381 4.887 4.921 4.954 4.988 5.021 5.055 5.088 5.122 5.156 5.189 5.223 5.256 5.290 5.323 5.352 5.381 5.410 5.439 5.467 5.496 5.525 5.553 5.581 5.609 5.637 5.665 5.692 5.720 5.748 5.789 5.829 5.855 5.880 5.906 5.931 5.957 5.983 6.008 6.034 6.060 6.085 6.111 6.137 6.158 6.175 6.191 6.207 6.224 6.240 6.256 6.271 6.286 6.301 6.316 6.331 6.346 6.361 6.376 6.396 6.426 6.456 6.486 6.516 6.546 6.576 6.606 6.636 6.666 6.696 6.726 6.756 6.800 6.857
4.344 4.232 4.371 4.340 4.854 4.891 4.925 4.958 4.992 5.025 5.059 5.092 5.126 5.159 5.193 5.227 5.260 5.290 5.319 5.348 5.377 5.406 5.435 5.464 5.493 5.521 5.550 5.579 5.608 5.637 5.666 5.695 5.723 5.755 5.781 5.806 5.832 5.858 5.883 5.909 5.935 5.960 5.986 6.011 6.037 6.063 6.088 6.114 6.130 6.146 6.163 6.179 6.195 6.210 6.225 6.240 6.255 6.270 6.285 6.300 6.315 6.331 6.348 6.378 6.408 6.438 6.468 6.498 6.528 6.558 6.588 6.617 6.648 6.678 6.708 6.751 6.790
4.313 4.322 4.401 4.368 4.670 4.861 4.895 4.928 4.962 4.995 5.029 5.063 5.096 5.130 5.163 5.197 5.229 5.258 5.287 5.316 5.344 5.373 5.402 5.431 5.460 5.489 5.518 5.547 5.575 5.604 5.633 5.662 5.691 5.719 5.742 5.764 5.786 5.809 5.835 5.861 5.886 5.912 5.938 5.963 5.989 6.015 6.040 6.066 6.085 6.102 6.118 6.133 6.149 6.164 6.179 6.194 6.209 6.224 6.239 6.254 6.270 6.285 6.300 6.329 6.359 6.389 6.419 6.449 6.479 6.509 6.539 6.569 6.599 6.633 6.677 6.720 6.760
4.293 4.212 4.360 4.339 4.308 4.789 4.865 4.899 4.932 4.966 4.999 5.033 5.066 5.100 5.134 5.167 5.196 5.225 5.254 5.283 5.312 5.341 5.370 5.398 5.427 5.456 5.485 5.514 5.543 5.572 5.601 5.630 5.658 5.686 5.711 5.733 5.755 5.777 5.799 5.822 5.844 5.866 5.889 5.915 5.941 5.966 5.992 6.018 6.040 6.057 6.073 6.088 6.103 6.118 6.133 6.148 6.163 6.178 6.193 6.209 6.224 6.239 6.254 6.281 6.311 6.341 6.371 6.401 6.431 6.461 6.491 6.521 6.559 6.603 6.646 6.690 6.730
4.312 4.301 4.340 4.289 4.328 4.605 4.835 4.869 4.902 4.936 4.969 5.003 5.037 5.070 5.104 5.135 5.163 5.192 5.221 5.250 5.279 5.308 5.337 5.366 5.395 5.423 5.452 5.481 5.510 5.539 5.568 5.597 5.625 5.653 5.680 5.702 5.724 5.746 5.768 5.791 5.813 5.835 5.857 5.879 5.901 5.924 5.946 5.969 5.995 6.011 6.027 6.042 6.057 6.072 6.087 6.102 6.117 6.132 6.148 6.163 6.178 6.193 6.208 6.233 6.263 6.292 6.322 6.352 6.382 6.412 6.442 6.485 6.529 6.572 6.616 6.659 6.701
4.242 4.200 4.299 4.388 4.217 4.266 4.355 4.839 4.873 4.906 4.940 4.973 5.007 5.040 5.073 5.102 5.131 5.160 5.189 5.218 5.246 5.275 5.304 5.333 5.362 5.391 5.420 5.448 5.477 5.506 5.535 5.563 5.591 5.619 5.648 5.671 5.693 5.715 5.738 5.760 5.782 5.804 5.826 5.848 5.870 5.892 5.915 5.937 5.954 5.966 5.981 5.996 6.011 6.026 6.041 6.056 6.071 6.086 6.102 6.117 6.132 6.147 6.162 6.184 6.214 6.244 6.274 6.304 6.334 6.367 6.411 6.454 6.498 6.542 6.585 6.629 6.671
4.211 4.200 4.339 4.338 4.367 4.238 4.324 4.373 4.843 4.876 4.910 4.943 4.977 5.010 5.040 5.069 5.098 5.127 5.156 5.185 5.214 5.243 5.271 5.300 5.329 5.358 5.387 5.416 5.445 5.474 5.502 5.530 5.558 5.586 5.614 5.640 5.662 5.684 5.707 5.729 5.751 5.773 5.795 5.817 5.839 5.862 5.884 5.901 5.911 5.922 5.936 5.951 5.966 5.980 5.995 6.010 6.026 6.041 6.056 6.071 6.086 6.101 6.116 6.136 6.166 6.196 6.226 6.256 6.293 6.337 6.380 6.424 6.467 6.511 6.554 6.598 6.641
4.140 4.089 4.218 4.137 4.366 4.345 4.244 4.659 4.331 4.846 4.229 4.913 4.947 4.978 5.007 5.036 5.065 5.094 5.123 5.152 5.181 5.210 5.239 5.268 5.296 5.325 5.354 5.383 5.412 5.440 5.468 5.497 5.525 5.553 5.581 5.609 5.631 5.653 5.676 5.698 5.720 5.742 5.764 5.786 5.808 5.830 5.849 5.858 5.868 5.877 5.892 5.906 5.921 5.936 5.950 5.965 5.980 5.995 6.010 6.025 6.040 6.055 6.071 6.087 6.117 6.147 6.177 6.219 6.263 6.306 6.350 6.393 6.437 6.480 6.524 6.567 6.611
3.980 4.119 4.167 4.326 4.235 4.254 4.263 4.475 4.778 4.260 4.299 4.357 4.347 4.946 4.975 5.003 5.032 5.061 5.090 5.119 5.148 5.177 5.206 5.235 5.264 5.293 5.321 5.350 5.379 5.407 5.435 5.463 5.491 5.519 5.548 5.576 5.600 5.622 5.645 5.667 5.689 5.711 5.733 5.755 5.777 5.797 5.806 5.815 5.825 5.834 5.847 5.862 5.877 5.891 5.906 5.921 5.935 5.950 5.965 5.979 5.994 6.009 6.025 6.040 6.069 6.102 6.145 6.189 6.232 6.276 6.319 6.363 6.406 6.450 6.493 6.537 6.580
3.999 4.128 4.177 4.216 4.315 4.263 4.392 4.391 4.290 4.289 4.228 4.853 4.884 4.913 4.942 4.971 5.000 5.028 5.057 5.086 5.115 5.144 5.173 5.202 5.231 5.260 5.289 5.317 5.345 5.374 5.402 5.430 5.458 5.486 5.514 5.543 5.569 5.591 5.614 5.636 5.658 5.680 5.702 5.724 5.745 5.754 5.763 5.772 5.782 5.791 5.803 5.817 5.832 5.847 5.861 5.876 5.891 5.906 5.920 5.935 5.950 5.964 5.979 5.994 6.027 6.071 6.115 6.158 6.201 6.245 6.288 6.332 6.376 6.419 6.463 6.506 6.550
4.058 4.157 4.256 4.255 4.364 4.263 4.332 4.108 4.119 4.198 4.790 4.822 4.851 4.880 4.909 4.938 4.967 4.996 5.025 5.053 5.082 5.111 5.140 5.169 5.198 5.227 5.256 5.284 5.312 5.340 5.368 5.396 5.425 5.453 5.481 5.509 5.537 5.560 5.582 5.605 5.627 5.649 5.671 5.693 5.702 5.711 5.720 5.729 5.739 5.748 5.758 5.773 5.788 5.802 5.817 5.832 5.846 5.861 5.876 5.890 5.905 5.920 5.934 5.965 6.004 6.042 6.084 6.127 6.171 6.214 6.258 6.301 6.345 6.389 6.432 6.476 6.519
3.948 4.107 4.015 4.264 4.233 4.332 3.627 3.924 4.228 4.528 4.356 4.789 4.818 4.847 4.876 4.905 4.934 4.963 4.992 5.021 5.049 5.078 5.107 5.136 5.165 5.194 5.222 5.251 5.279 5.307 5.335 5.363 5.391 5.419 5.448 5.476 5.504 5.529 5.551 5.574 5.596 5.618 5.640 5.650 5.659 5.668 5.677 5.686 5.695 5.705 5.714 5.728 5.743 5.758 5.772 5.787 5.802 5.817 5.831 5.846 5.861 5.875 5.909 5.947 5.985 6.024 6.062 6.101 6.140 6.184 6.227 6.271 6.314 6.358 6.402 6.445 6.488
3.957 4.086 4.195 4.144 4.163 4.171 3.594 4.349 4.278 4.367 4.686 4.752 4.781 4.811 4.840 4.870 4.900 4.929 4.959 4.988 5.017 5.045 5.074 5.103 5.132 5.161 5.189 5.217 5.245 5.273 5.302 5.330 5.358 5.386 5.414 5.442 5.471 5.498 5.520 5.543 5.565 5.587 5.598 5.607 5.616 5.625 5.634 5.643 5.652 5.662 5.671 5.684 5.699 5.713 5.728 5.743 5.757 5.772 5.787 5.801 5.816 5.852 5.891 5.929 5.967 6.006 6.044 6.083 6.121 6.160 6.198 6.240 6.284 6.327 6.371 6.414 6.458
3.936 4.075 4.164 4.153 4.222 4.051 3.561 4.288 4.227 4.386 4.580 4.711 4.740 4.770 4.800 4.829 4.859 4.888 4.918 4.948 4.977 5.007 5.037 5.066 5.098 5.128 5.156 5.184 5.212 5.240 5.268 5.296 5.324 5.353 5.381 5.409 5.437 5.465 5.489 5.511 5.533 5.545 5.555 5.564 5.573 5.582 5.591 5.600 5.609 5.618 5.628 5.639 5.654 5.669 5.683 5.698 5.713 5.727 5.742 5.758 5.796 5.834 5.872 5.911 5.949 5.987 6.026 6.064 6.103 6.141 6.180 6.218 6.257 6.297 6.340 6.384 6.427
2.865 3.894 4.003 4.132 4.111 4.120 4.219 4.308 4.296 4.205 4.474 4.611 4.700 4.729 4.310 4.788 4.818 4.848 4.877 4.907 4.936 4.966 4.996 5.026 5.064 5.097 5.125 5.153 5.180 5.208 5.236 5.263 5.291 5.319 5.347 5.376 5.404 5.432 5.458 5.480 5.493 5.502 5.511 5.521 5.530 5.539 5.548 5.557 5.566 5.575 5.584 5.595 5.609 5.624 5.639 5.653 5.668 5.683 5.701 5.740 5.778 5.816 5.854 5.893 5.931 5.969 6.008 6.046 6.085 6.123 6.162 6.200 6.239 6.277 6.316 6.354 6.396
1.974 3.293 3.912 4.071 4.250 4.169 4.188 4.027 4.336 4.345 4.314 4.505 4.381 4.300 4.369 4.748 4.777 4.807 4.836 4.866 4.896 4.925 4.955 4.991 5.029 5.067 5.094 5.122 5.150 5.177 5.205 5.232 5.260 5.288 5.315 5.343 5.371 5.399 5.427 5.441 5.450 5.459 5.468 5.477 5.487 5.496 5.505 5.514 5.523 5.532 5.541 5.551 5.565 5.579 5.594 5.609 5.623 5.645 5.683 5.721 5.760 5.798 5.836 5.874 5.913 5.951 5.989 6.028 6.066 6.105 6.143 6.182 6.220 6.259 6.298 6.336 6.375
0.250 2.182 3.552 4.011 4.039 4.128 4.007 4.096 4.245 4.244 4.263 4.352 4.211 4.230 4.238 4.157 4.326 4.766 4.795 4.825 4.855 4.884 4.918 4.956 4.994 5.033 5.064 5.091 5.119 5.146 5.174 5.202 5.229 5.257 5.285 5.312 5.340 5.368 5.407 5.423 5.419 5.416 5.425 5.434 5.443 5.452 5.462 5.471 5.480 5.489 5.498 5.507 5.520 5.535 5.549 5.564 5.588 5.627 5.665 5.703 5.741 5.780 5.818 5.856 5.894 5.933 5.971 6.010 6.048 6.087 6.125 6.164 6.202 6.241 6.279 6.318 6.356
0.640 0.925 2.451 3.650 4.029 4.048 4.076 4.185 4.344 4.243 4.182 4.271 4.170 4.348 4.337 4.666 4.695 4.725 4.754 4.784 4.814 4.845 4.883 4.921 4.960 4.998 5.033 5.060 5.088 5.116 5.143 5.171 5.199 5.226 5.254 5.282 5.309 5.346 5.397 5.431 5.427 5.422 5.418 5.413 5.409 5.409 5.418 5.427 5.437 5.446 5.455 5.464 5.475 5.490 5.505 5.532 5.570 5.608 5.647 5.685 5.723 5.761 5.800 5.838 5.876 5.915 5.953 5.991 6.030 6.069 6.107 6.146 6.184 6.223 6.261 6.300 6.312
0.872 0.026 1.120 2.539 3.878 3.877 4.076 4.084 4.153 3.912 4.001 4.070 4.239 4.347 4.595 4.625 4.654 4.684 4.714 4.743 4.773 4.810 4.848 4.886 4.925 4.963 5.001 5.030 5.057 5.085 5.113 5.140 5.168 5.195 5.223 5.251 5.284 5.335 5.386 5.437 5.434 5.430 5.425 5.421 5.416 5.412 5.408 5.403 5.399 5.403 5.412 5.421 5.431 5.445 5.476 5.514 5.552 5.590 5.628 5.667 5.705 5.743 5.781 5.820 5.858 5.896 5.935 5.973 6.012 6.050 6.089 6.127 6.166 6.204 6.240 6.248 6.257
1.547 0.104 0.082 1.228 2.667 3.756 3.765 3.833 3.892 3.941 4.090 3.988 4.197 4.326 4.245 4.584 4.613 4.362 4.332 4.702 4.737 4.775 4.258 4.851 4.890 4.928 4.967 4.999 5.026 5.054 5.082 5.109 5.137 5.165 5.192 5.222 5.273 5.324 5.375 5.426 5.441 5.437 5.433 5.428 5.424 5.419 5.415 5.411 5.406 5.402 5.397 5.393 5.389 5.419 5.457 5.495 5.534 5.572 5.610 5.648 5.687 5.725 5.763 5.801 5.840 5.878 5.917 5.955 5.993 6.032 6.071 6.109 6.148 6.176 6.185 6.193 6.202
1.806 0.397 0.290 0.163 1.176 2.585 3.533 3.672 3.870 3.879 4.118 4.127 4.176 4.235 4.104 4.333 4.182 4.261 4.631 4.289 4.702 4.308 4.778 4.817 4.855 4.893 4.932 4.968 4.996 5.023 5.051 5.079 5.106 5.134 5.162 5.211 5.262 5.313 5.364 5.415 5.449 5.444 5.440 5.435 5.431 5.427 5.422 5.418 5.414 5.409 5.405 5.400 5.399 5.417 5.446 5.477 5.515 5.554 5.592 5.630 5.668 5.707 5.745 5.783 5.821 5.860 5.898 5.937 5.975 6.014 6.052 6.091 6.113 6.121 6.130 6.138 6.147
