includes/lisflood/results/res.max
ncols         631
nrows         906
xllcorner     364927.146600
yllcorner     6531972.565600
cellsize      20.000000
NODATA_value  -9999.000000
[rows 170 to 203 of 906, columns 462 to 538 of 631]
6.101 6.109 6.118 6.145 6.174 6.203 6.232 6.261 6.291 6.320 6.349 6.378 6.407 6.436 6.454 6.472 6.542 6.612 6.682 6.752 6.809 6.864 6.919 6.974 7.028 7.083 7.138 7.259 7.478 7.697 7.916 8.134 8.290 8.446 8.602 8.757 8.913 9.069 9.225 9.481 9.782 10.084 10.385 10.687 10.989 11.290 11.592 11.893 12.087 12.282 12.476 12.481 12.378 12.275 12.196 12.183 12.170 12.158 12.145 12.132 12.120 12.107 12.094 12.050 11.993 11.937 11.880 11.824 11.767 11.710 11.694 11.752 11.810 11.867 11.910 11.882 11.853
6.046 6.055 6.063 6.085 6.114 6.143 6.172 6.202 6.231 6.260 6.289 6.318 6.347 6.367 6.383 6.400 6.455 6.525 6.595 6.665 6.735 6.805 6.876 6.930 6.985 7.040 7.094 7.190 7.409 7.628 7.819 7.975 8.130 8.286 8.442 8.597 8.753 8.909 9.065 9.311 9.612 9.914 10.216 10.517 10.819 11.120 11.422 11.724 12.025 12.311 12.506 12.518 12.422 12.409 12.396 12.383 12.371 12.358 12.345 12.332 12.320 12.307 12.294 12.250 12.194 12.137 12.080 12.024 11.967 11.911 11.854 11.797 11.830 11.888 11.928 11.900 11.872
5.991 6.000 6.008 6.025 6.054 6.083 6.112 6.142 6.171 6.200 6.229 6.258 6.279 6.296 6.313 6.330 6.368 6.438 6.508 6.578 6.648 6.718 6.788 6.858 6.928 6.997 7.051 7.121 7.341 7.503 7.659 7.815 7.970 8.126 8.282 8.438 8.593 8.749 8.905 9.141 9.443 9.744 10.046 10.347 10.649 10.951 11.252 11.554 11.856 12.157 12.459 12.634 12.622 12.609 12.596 12.584 12.571 12.558 12.545 12.533 12.520 12.507 12.494 12.451 12.394 12.337 12.281 12.224 12.167 12.111 12.054 11.997 11.941 11.909 11.947 11.918 11.883
5.936 5.945 5.953 5.965 5.994 6.023 6.053 6.082 6.111 6.140 6.169 6.192 6.209 6.226 6.243 6.260 6.281 6.351 6.421 6.491 6.561 6.631 6.701 6.771 6.841 6.911 6.981 7.060 7.187 7.343 7.499 7.655 7.810 7.966 8.122 8.278 8.433 8.589 8.745 8.971 9.273 9.574 9.876 10.178 10.479 10.781 11.082 11.384 11.686 11.990 12.297 12.544 12.743 12.809 12.796 12.784 12.771 12.758 12.746 12.733 12.720 12.707 12.695 12.651 12.594 12.538 12.481 12.424 12.368 12.311 12.254 12.198 12.141 12.085 11.988 11.923 11.887
5.881 5.890 5.898 5.907 5.934 5.964 5.993 6.022 6.051 6.080 6.105 6.122 6.139 6.156 6.173 6.189 6.206 6.264 6.334 6.404 6.474 6.544 6.614 6.684 6.754 6.824 6.912 7.009 7.109 7.210 7.339 7.495 7.651 7.806 7.962 8.118 8.273 8.429 8.585 8.801 9.103 9.405 9.706 10.008 10.309 10.611 10.913 11.215 11.522 11.829 12.136 12.386 12.585 12.784 12.983 12.984 12.971 12.958 12.946 12.933 12.920 12.908 12.895 12.851 12.795 12.738 12.681 12.625 12.568 12.511 12.455 12.398 12.313 12.219 12.121 12.006 11.892
5.826 5.835 5.843 5.852 5.874 5.904 5.933 5.962 5.991 6.018 6.034 6.051 6.068 6.085 6.102 6.119 6.136 6.177 6.247 6.317 6.387 6.457 6.527 6.597 6.668 6.765 6.861 6.958 7.058 7.159 7.260 7.360 7.491 7.646 7.802 7.958 8.114 8.269 8.425 8.632 8.933 9.235 9.536 9.838 10.139 10.441 10.747 11.054 11.361 11.668 11.975 12.227 12.427 12.626 12.825 13.025 13.171 13.159 13.146 13.133 13.120 13.108 13.095 13.052 12.995 12.938 12.882 12.825 12.768 12.712 12.633 12.539 12.446 12.352 12.253 12.138 12.023
5.771 5.780 5.788 5.797 5.815 5.844 5.873 5.902 5.930 5.947 5.964 5.981 5.998 6.015 6.032 6.049 6.066 6.089 6.159 6.229 6.299 6.369 6.439 6.520 6.617 6.714 6.811 6.908 7.007 7.108 7.209 7.309 7.410 7.510 7.642 7.798 7.954 8.109 8.265 8.462 8.763 9.065 9.367 9.668 9.972 10.279 10.586 10.893 11.200 11.507 11.814 12.069 12.269 12.468 12.667 12.867 13.066 13.265 13.346 13.333 13.321 13.308 13.295 13.252 13.195 13.139 13.082 13.025 12.953 12.859 12.765 12.672 12.578 12.484 12.386 12.271 12.156
5.716 5.725 5.733 5.742 5.755 5.784 5.813 5.842 5.860 5.877 5.894 5.911 5.927 5.944 5.961 5.978 5.995 6.012 6.072 6.142 6.212 6.282 6.372 6.469 6.566 6.663 6.760 6.857 6.956 7.057 7.158 7.258 7.359 7.459 7.560 7.660 7.794 7.949 8.105 8.292 8.593 8.895 9.198 9.504 9.811 10.118 10.425 10.732 11.039 11.346 11.653 11.911 12.111 12.310 12.509 12.708 12.908 13.107 13.306 13.506 13.521 13.508 13.495 13.452 13.396 13.339 13.273 13.179 13.085 12.992 12.898 12.804 12.711 12.617 12.519 12.404 12.289
5.661 5.670 5.678 5.687 5.696 5.724 5.753 5.772 5.789 5.806 5.823 5.840 5.857 5.874 5.891 5.908 5.925 5.942 5.985 6.055 6.127 6.224 6.321 6.418 6.515 6.612 6.709 6.806 6.905 7.006 7.107 7.207 7.308 7.408 7.509 7.609 7.710 7.810 7.945 8.122 8.424 8.729 9.036 9.343 9.650 9.957 10.264 10.571 10.878 11.185 11.492 11.753 11.952 12.152 12.351 12.550 12.750 12.949 13.148 13.348 13.547 13.708 13.696 13.653 13.593 13.499 13.405 13.312 13.218 13.124 13.031 12.937 12.843 12.749 12.652 12.536 12.421
5.669 5.650 5.631 5.632 5.641 5.664 5.685 5.702 5.719 5.736 5.753 5.770 5.787 5.803 5.820 5.837 5.854 5.871 5.898 5.980 6.077 6.174 6.271 6.367 6.464 6.561 6.658 6.755 6.854 6.955 7.056 7.156 7.257 7.357 7.458 7.558 7.659 7.759 7.860 7.960 8.261 8.568 8.875 9.182 9.489 9.796 10.103 10.410 10.717 11.024 11.331 11.595 11.794 11.994 12.193 12.392 12.592 12.791 12.990 13.189 13.389 13.588 13.787 13.819 13.725 13.631 13.538 13.444 13.350 13.257 13.163 13.069 12.976 12.882 12.784 12.669 12.554
5.678 5.658 5.639 5.620 5.601 5.600 5.619 5.638 5.658 5.677 5.696 5.716 5.735 5.754 5.774 5.793 5.813 5.832 5.858 5.929 6.026 6.123 6.220 6.317 6.414 6.511 6.608 6.704 6.803 6.904 7.005 7.105 7.206 7.306 7.407 7.507 7.608 7.702 7.759 7.830 8.119 8.409 8.714 9.021 9.328 9.635 9.942 10.249 10.556 10.863 11.170 11.437 11.636 11.836 12.035 12.234 12.433 12.633 12.832 13.031 13.231 13.497 13.799 13.878 13.846 13.764 13.670 13.577 13.483 13.389 13.296 13.202 13.108 13.015 12.917 12.802 12.687
5.686 5.667 5.648 5.626 5.596 5.591 5.607 5.627 5.646 5.665 5.685 5.704 5.723 5.743 5.762 5.781 5.801 5.820 5.855 5.923 5.991 6.072 6.169 6.266 6.363 6.460 6.557 6.654 6.752 6.853 6.954 7.054 7.155 7.255 7.356 7.456 7.521 7.578 7.635 7.699 7.989 8.278 8.568 8.860 9.167 9.474 9.781 10.088 10.395 10.702 11.009 11.279 11.478 11.678 11.877 12.076 12.275 12.475 12.674 12.914 13.216 13.518 13.820 13.906 13.874 13.842 13.803 13.709 13.616 13.522 13.428 13.334 13.241 13.147 13.050 12.935 12.819
5.695 5.676 5.646 5.616 5.586 5.585 5.599 5.615 5.634 5.653 5.673 5.692 5.711 5.731 5.750 5.770 5.789 5.808 5.851 5.920 5.988 6.056 6.124 6.215 6.312 6.409 6.506 6.603 6.701 6.802 6.903 7.003 7.104 7.204 7.282 7.339 7.396 7.454 7.511 7.569 7.858 8.148 8.438 8.727 9.017 9.313 9.620 9.927 10.234 10.541 10.848 11.121 11.320 11.519 11.719 11.918 12.117 12.332 12.633 12.935 13.237 13.539 13.841 13.935 13.903 13.871 13.839 13.807 13.748 13.654 13.561 13.467 13.373 13.280 13.182 13.067 12.952
5.695 5.665 5.636 5.606 5.576 5.579 5.593 5.607 5.622 5.642 5.661 5.680 5.699 5.719 5.738 5.758 5.777 5.796 5.848 5.916 5.984 6.053 6.121 6.189 6.261 6.358 6.455 6.552 6.650 6.751 6.852 6.952 7.044 7.101 7.158 7.215 7.272 7.329 7.387 7.444 7.728 8.018 8.307 8.597 8.886 9.176 9.466 9.766 10.073 10.380 10.687 10.963 11.162 11.361 11.561 11.760 12.051 12.353 12.655 12.957 13.259 13.561 13.862 13.964 13.932 13.900 13.868 13.836 13.804 13.772 13.693 13.600 13.506 13.412 13.315 13.200 13.085
5.685 5.655 5.625 5.595 5.566 5.573 5.587 5.601 5.615 5.630 5.649 5.668 5.688 5.707 5.726 5.746 5.765 5.785 5.845 5.913 5.981 6.049 6.118 6.186 6.254 6.322 6.404 6.501 6.599 6.700 6.801 6.862 6.920 6.977 7.034 7.091 7.148 7.205 7.263 7.320 7.598 7.887 8.177 8.466 8.756 9.046 9.335 9.625 9.915 10.219 10.526 10.805 11.004 11.203 11.468 11.770 12.072 12.374 12.676 12.978 13.280 13.582 13.884 13.992 13.961 13.929 13.897 13.865 13.833 13.801 13.769 13.732 13.639 13.545 13.448 13.333 13.218
5.675 5.645 5.615 5.585 5.555 5.567 5.581 5.595 5.609 5.623 5.637 5.656 5.676 5.695 5.715 5.734 5.753 5.773 5.841 5.910 5.978 6.046 6.114 6.183 6.251 6.319 6.387 6.456 6.548 6.624 6.681 6.738 6.796 6.853 6.910 6.967 7.024 7.081 7.138 7.196 7.467 7.757 8.046 8.336 8.626 8.915 9.205 9.495 9.784 10.074 10.364 10.647 10.885 11.187 11.489 11.791 12.093 12.395 12.697 12.999 13.301 13.603 13.905 14.021 13.989 13.957 13.925 13.893 13.861 13.829 13.798 13.766 13.734 13.678 13.581 13.466 13.328
5.665 5.635 5.605 5.575 5.547 5.561 5.574 5.589 5.603 5.616 5.630 5.645 5.664 5.683 5.703 5.722 5.742 5.770 5.838 5.906 5.975 6.043 6.111 6.179 6.248 6.316 6.384 6.431 6.463 6.500 6.557 6.614 6.671 6.729 6.786 6.843 6.900 6.957 7.014 7.071 7.337 7.626 7.916 8.206 8.495 8.785 9.075 9.364 9.654 9.944 10.228 10.515 10.907 11.209 11.510 11.812 12.114 12.416 12.718 13.020 13.322 13.624 13.926 14.050 14.018 13.986 13.954 13.922 13.890 13.858 13.826 13.794 13.762 13.730 13.694 13.555 13.412
5.654 5.624 5.594 5.565 5.540 5.554 5.568 5.582 5.596 5.610 5.624 5.638 5.652 5.671 5.691 5.710 5.730 5.767 5.835 5.903 5.971 6.040 6.108 6.176 6.244 6.283 6.315 6.347 6.380 6.413 6.446 6.490 6.547 6.605 6.662 6.719 6.776 6.833 6.890 6.947 7.207 7.496 7.786 8.075 8.365 8.655 8.944 9.234 9.524 9.779 10.028 10.311 10.743 11.175 11.532 11.834 12.135 12.437 12.739 13.041 13.343 13.645 13.947 14.079 14.047 14.015 13.983 13.951 13.919 13.887 13.855 13.823 13.796 13.782 13.758 13.627 13.495
5.644 5.614 5.584 5.554 5.534 5.548 5.562 5.576 5.590 5.604 5.618 5.632 5.646 5.660 5.679 5.698 5.718 5.763 5.832 5.900 5.968 6.036 6.104 6.136 6.168 6.200 6.232 6.264 6.297 6.330 6.363 6.396 6.430 6.480 6.538 6.595 6.652 6.709 6.766 6.823 7.076 7.366 7.655 7.945 8.235 8.524 8.814 9.080 9.329 9.579 9.829 10.106 10.538 10.970 11.402 11.834 12.157 12.458 12.760 13.062 13.364 13.666 13.968 14.107 14.075 14.043 14.012 13.980 13.948 13.916 13.884 13.870 13.856 13.842 13.822 13.691 13.559
5.634 5.604 5.574 5.544 5.528 5.542 5.556 5.570 5.584 5.598 5.612 5.626 5.640 5.654 5.668 5.687 5.706 5.760 5.828 5.896 5.956 5.988 6.020 6.052 6.084 6.117 6.149 6.181 6.213 6.246 6.280 6.313 6.346 6.379 6.413 6.471 6.528 6.585 6.642 6.699 6.946 7.235 7.525 7.815 8.104 8.381 8.630 8.880 9.130 9.379 9.629 9.902 10.334 10.766 11.198 11.630 12.062 12.480 12.782 13.084 13.386 13.687 13.989 14.136 14.104 14.072 14.040 14.008 13.976 13.957 13.943 13.929 13.915 13.901 13.887 13.755 13.623
5.624 5.594 5.564 5.534 5.522 5.536 5.550 5.564 5.578 5.592 5.606 5.620 5.634 5.648 5.662 5.676 5.694 5.757 5.808 5.841 5.873 5.905 5.937 5.969 6.001 6.033 6.065 6.097 6.130 6.163 6.196 6.230 6.263 6.296 6.329 6.363 6.404 6.461 6.518 6.575 6.815 7.105 7.395 7.682 7.931 8.181 8.431 8.680 8.930 9.180 9.429 9.698 10.130 10.562 10.994 11.426 11.858 12.290 12.722 13.105 13.407 13.709 14.011 14.165 14.133 14.101 14.069 14.045 14.031 14.017 14.003 13.989 13.975 13.961 13.946 13.819 13.688
5.613 5.583 5.553 5.524 5.516 5.530 5.544 5.558 5.572 5.586 5.600 5.614 5.628 5.642 5.656 5.670 5.688 5.693 5.725 5.757 5.789 5.821 5.853 5.885 5.918 5.950 5.982 6.014 6.046 6.080 6.113 6.146 6.180 6.213 6.246 6.279 6.312 6.346 6.394 6.451 6.685 6.975 7.232 7.482 7.732 7.981 8.231 8.481 8.730 8.980 9.230 9.494 9.926 10.358 10.790 11.222 11.654 12.086 12.518 12.950 13.382 13.730 14.032 14.194 14.162 14.132 14.118 14.104 14.090 14.076 14.062 14.048 14.034 14.020 14.006 13.883 13.752
5.603 5.573 5.543 5.513 5.510 5.524 5.538 5.552 5.566 5.580 5.594 5.608 5.622 5.636 5.658 5.679 5.696 5.666 5.642 5.674 5.706 5.738 5.770 5.802 5.834 5.866 5.899 5.931 5.963 5.996 6.030 6.063 6.096 6.129 6.163 6.196 6.229 6.262 6.295 6.329 6.533 6.783 7.032 7.282 7.532 7.782 8.031 8.281 8.531 8.780 9.030 9.290 9.722 10.154 10.586 11.018 11.450 11.882 12.314 12.746 13.178 13.610 14.042 14.222 14.206 14.192 14.178 14.164 14.150 14.136 14.122 14.108 14.094 14.079 14.065 13.947 13.816
5.593 5.563 5.533 5.503 5.504 5.518 5.532 5.546 5.560 5.574 5.588 5.605 5.626 5.647 5.668 5.690 5.703 5.674 5.644 5.615 5.622 5.655 5.687 5.719 5.751 5.783 5.815 5.847 5.880 5.913 5.946 5.980 6.013 6.046 6.079 6.112 6.146 6.179 6.218 6.267 6.401 6.583 6.833 7.082 7.332 7.582 7.832 8.081 8.331 8.580 8.830 9.085 9.517 9.949 10.381 10.813 11.245 11.677 12.109 12.541 12.973 13.406 13.830 14.147 14.265 14.251 14.237 14.223 14.209 14.195 14.181 14.167 14.153 14.139 14.125 14.012 13.880
5.582 5.552 5.523 5.493 5.498 5.512 5.526 5.540 5.553 5.573 5.595 5.616 5.637 5.658 5.679 5.700 5.711 5.681 5.652 5.622 5.593 5.571 5.603 5.635 5.667 5.699 5.732 5.764 5.796 5.830 5.863 5.896 5.929 5.963 5.996 6.029 6.066 6.115 6.164 6.214 6.345 6.512 6.678 6.883 7.132 7.382 7.632 7.881 8.131 8.381 8.630 8.881 9.313 9.745 10.177 10.609 11.041 11.473 11.905 12.337 12.765 13.184 13.603 13.929 14.072 14.214 14.297 14.283 14.269 14.255 14.241 14.226 14.212 14.198 14.184 14.076 13.944
5.562 5.541 5.512 5.482 5.491 5.505 5.521 5.542 5.563 5.584 5.605 5.627 5.648 5.669 5.690 5.711 5.718 5.689 5.659 5.630 5.600 5.571 5.541 5.552 5.584 5.616 5.648 5.680 5.713 5.746 5.780 5.813 5.846 5.879 5.913 5.963 6.012 6.061 6.110 6.160 6.290 6.456 6.622 6.789 6.955 7.182 7.432 7.682 7.931 8.181 8.431 8.680 9.109 9.541 9.973 10.405 10.837 11.269 11.700 12.119 12.538 12.957 13.376 13.712 13.854 13.996 14.139 14.281 14.328 14.315 14.300 14.286 14.272 14.258 14.244 14.140 14.008
5.538 5.517 5.496 5.472 5.490 5.511 5.532 5.553 5.574 5.595 5.616 5.637 5.659 5.680 5.701 5.722 5.726 5.696 5.667 5.637 5.608 5.578 5.549 5.519 5.501 5.533 5.565 5.597 5.630 5.663 5.696 5.729 5.763 5.810 5.860 5.909 5.958 6.007 6.057 6.106 6.235 6.401 6.567 6.733 6.900 7.066 7.232 7.482 7.732 7.981 8.231 8.481 8.905 9.337 9.769 10.201 10.633 11.055 11.473 11.892 12.311 12.730 13.149 13.494 13.636 13.779 13.921 14.063 14.205 14.348 14.359 14.346 14.331 14.318 14.303 14.204 14.073
5.515 5.494 5.489 5.492 5.502 5.521 5.543 5.564 5.585 5.606 5.627 5.648 5.669 5.691 5.712 5.733 5.733 5.704 5.674 5.645 5.615 5.586 5.556 5.527 5.497 5.468 5.481 5.513 5.546 5.579 5.613 5.658 5.707 5.756 5.806 5.855 5.904 5.954 6.003 6.052 6.179 6.346 6.512 6.678 6.844 7.011 7.177 7.343 7.532 7.782 8.031 8.281 8.701 9.133 9.565 9.990 10.409 10.827 11.246 11.665 12.084 12.503 12.922 13.276 13.419 13.561 13.703 13.845 13.988 14.130 14.272 14.405 14.391 14.377 14.363 14.268 14.137
5.510 5.512 5.515 5.519 5.529 5.539 5.553 5.574 5.596 5.617 5.638 5.659 5.680 5.701 5.723 5.744 5.741 5.711 5.682 5.652 5.623 5.593 5.564 5.534 5.505 5.475 5.446 5.430 5.463 5.505 5.555 5.604 5.653 5.703 5.752 5.801 5.851 5.900 5.949 5.998 6.124 6.290 6.457 6.623 6.789 6.955 7.122 7.288 7.454 7.620 7.832 8.081 8.496 8.925 9.344 9.763 10.182 10.600 11.019 11.438 11.857 12.276 12.695 13.059 13.201 13.343 13.485 13.628 13.770 13.912 14.054 14.197 14.339 14.436 14.422 14.332 14.203
5.536 5.538 5.541 5.545 5.555 5.565 5.575 5.585 5.606 5.628 5.649 5.670 5.691 5.712 5.733 5.755 5.748 5.719 5.689 5.660 5.630 5.601 5.571 5.542 5.512 5.483 5.453 5.433 5.423 5.451 5.501 5.550 5.599 5.649 5.698 5.747 5.797 5.846 5.895 5.944 6.069 6.235 6.401 6.567 6.734 6.900 7.066 7.233 7.399 7.565 7.731 7.898 8.279 8.698 9.117 9.536 9.955 10.373 10.792 11.211 11.630 12.049 12.468 12.841 12.983 13.126 13.268 13.410 13.552 13.695 13.837 13.979 14.121 14.263 14.405 14.417 14.315
5.562 5.564 5.567 5.572 5.582 5.592 5.602 5.612 5.622 5.638 5.660 5.681 5.702 5.723 5.744 5.765 5.756 5.726 5.697 5.667 5.638 5.608 5.579 5.549 5.520 5.499 5.488 5.478 5.468 5.458 5.449 5.496 5.546 5.595 5.644 5.694 5.743 5.792 5.841 5.891 6.013 6.180 6.346 6.512 6.678 6.845 7.011 7.177 7.344 7.510 7.667 7.820 8.130 8.471 8.890 9.309 9.727 10.146 10.565 10.984 11.403 11.822 12.240 12.623 12.766 12.908 13.050 13.192 13.335 13.477 13.619 13.761 13.904 14.057 14.230 14.330 14.365
5.588 5.591 5.593 5.598 5.608 5.618 5.628 5.638 5.648 5.658 5.670 5.692 5.713 5.734 5.755 5.776 5.764 5.734 5.704 5.675 5.645 5.616 5.586 5.566 5.555 5.544 5.533 5.522 5.512 5.503 5.494 5.484 5.492 5.541 5.590 5.640 5.689 5.738 5.788 5.837 5.958 6.124 6.291 6.457 6.623 6.789 6.956 7.122 7.282 7.436 7.589 7.743 8.048 8.384 8.719 9.082 9.500 9.919 10.338 10.757 11.176 11.595 12.013 12.406 12.548 12.690 12.833 12.975 13.117 13.259 13.401 13.544 13.717 13.891 14.065 14.175 14.210
5.614 5.617 5.620 5.625 5.635 5.645 5.655 5.665 5.675 5.685 5.695 5.705 5.724 5.745 5.766 5.787 5.771 5.742 5.712 5.682 5.653 5.632 5.621 5.610 5.600 5.589 5.578 5.567 5.557 5.548 5.538 5.529 5.520 5.510 5.537 5.586 5.635 5.685 5.734 5.783 5.903 6.069 6.235 6.402 6.568 6.734 6.897 7.051 7.204 7.358 7.511 7.665 7.967 8.302 8.637 8.973 9.308 9.692 10.111 10.530 10.949 11.368 11.786 12.188 12.330 12.472 12.615 12.757 12.899 13.042 13.204 13.378 13.552 13.726 13.899 14.019 14.054
5.640 5.643 5.646 5.652 5.662 5.672 5.682 5.692 5.702 5.712 5.722 5.732 5.742 5.756 5.777 5.798 5.779 5.749 5.720 5.698 5.687 5.677 5.666 5.655 5.644 5.634 5.623 5.612 5.602 5.593 5.583 5.574 5.564 5.555 5.546 5.536 5.581 5.631 5.680 5.729 5.847 6.014 6.180 6.346 6.512 6.666 6.820 6.973 7.127 7.280 7.433 7.587 7.885 8.220 8.556 8.891 9.227 9.562 9.897 10.303 10.722 11.140 11.559 11.970 12.113 12.255 12.397 12.539 12.691 12.865 13.039 13.212 13.386 13.560 13.734 13.863 13.898
