includes/lisflood/results/res.max
ncols         631
nrows         906
xllcorner     364927.146600
yllcorner     6531972.565600
cellsize      20.000000
NODATA_value  -9999.000000
[rows 408 to 441 of 906, columns 462 to 538 of 631]
0.000 0.000 0.000 0.000 0.000 0.000 1.218 0.055 0.057 0.129 3.249 3.509 3.409 3.388 3.577 3.547 3.546 3.676 3.615 4.144 3.804 3.873 3.863 3.822 3.782 3.921 3.941 3.940 4.110 4.129 4.089 4.149 4.088 4.108 4.077 4.057 4.106 4.622 4.650 4.675 4.700 4.725 4.750 4.775 4.801 4.826 4.851 4.876 4.901 4.927 4.952 4.977 5.002 5.028 5.054 5.081 5.107 5.133 5.159 5.174 5.183 5.193 5.203 5.213 5.223 5.233 5.242 5.252 5.262 5.272 5.293 5.325 5.357 5.389 5.421 5.453 5.473
0.000 0.000 0.000 0.000 0.000 0.000 1.238 0.668 0.031 3.029 3.299 3.409 3.438 3.578 3.397 3.526 3.546 3.655 3.694 3.574 3.563 4.093 4.133 3.912 4.011 4.031 3.920 3.890 4.099 3.999 4.393 4.178 4.459 4.177 4.057 4.106 4.589 4.622 4.175 4.675 4.700 4.725 4.750 4.775 4.800 4.825 4.851 4.876 4.901 4.926 4.951 4.977 5.002 5.028 5.054 5.080 5.106 5.132 5.153 5.163 5.173 5.183 5.192 5.202 5.212 5.222 5.232 5.241 5.251 5.261 5.271 5.301 5.333 5.365 5.397 5.427 5.437
0.000 0.000 0.000 0.000 0.000 0.000 0.118 0.110 0.084 3.069 3.149 3.398 3.278 3.387 3.387 3.536 3.575 3.695 3.704 3.613 3.753 3.662 3.782 3.791 3.841 3.850 3.990 3.959 3.919 4.098 4.008 4.068 4.137 4.486 4.518 4.136 4.126 4.619 4.651 4.676 4.700 4.725 4.750 4.775 4.800 4.825 4.850 4.875 4.900 4.926 4.951 4.976 5.001 5.027 5.053 5.079 5.105 5.131 5.142 5.152 5.162 5.172 5.182 5.191 5.201 5.211 5.221 5.231 5.241 5.250 5.260 5.277 5.309 5.341 5.373 5.391 5.402
0.000 0.000 0.000 0.000 0.000 0.000 0.000 0.099 0.089 3.209 3.288 3.298 3.377 3.357 3.416 3.485 3.535 3.534 3.594 3.653 3.612 3.642 3.821 3.791 3.860 3.830 3.989 3.949 3.999 4.098 4.117 4.167 4.447 4.480 4.176 4.545 4.580 4.105 4.652 4.676 4.701 4.726 4.750 4.775 4.800 4.824 4.850 4.875 4.900 4.925 4.950 4.976 5.001 5.026 5.052 5.078 5.104 5.121 5.131 5.141 5.151 5.161 5.171 5.181 5.190 5.200 5.210 5.220 5.230 5.240 5.249 5.259 5.285 5.317 5.345 5.355 5.366
0.000 0.000 0.000 0.000 0.000 0.000 0.000 0.000 0.131 3.228 3.258 3.248 3.287 3.486 3.356 3.475 3.534 3.624 3.673 3.803 3.642 3.801 3.861 3.880 3.830 3.980 3.989 3.959 3.978 3.968 4.067 4.409 4.156 4.146 4.165 4.025 4.135 4.613 4.154 4.677 4.702 4.726 4.751 4.776 4.800 4.825 4.850 4.875 4.900 4.925 4.950 4.975 5.001 5.026 5.051 5.077 5.101 5.110 5.120 5.130 5.140 5.150 5.160 5.170 5.180 5.190 5.199 5.209 5.219 5.229 5.239 5.249 5.261 5.293 5.309 5.320 5.330
0.000 0.000 0.000 0.000 0.000 0.000 0.000 0.000 3.068 3.198 2.988 3.337 3.447 3.406 3.375 3.535 3.624 3.483 3.633 3.722 3.662 3.751 3.830 3.920 3.929 3.909 3.919 3.958 3.978 3.967 4.157 4.404 4.076 4.085 4.502 4.135 4.574 4.164 4.153 4.678 4.703 4.727 4.752 4.776 4.801 4.826 4.851 4.875 4.900 4.925 4.950 4.975 5.000 5.025 5.051 5.077 5.090 5.100 5.110 5.120 5.130 5.139 5.149 5.159 5.169 5.179 5.189 5.198 5.208 5.218 5.228 5.238 5.248 5.263 5.274 5.284 5.295
0.000 0.000 0.000 0.000 0.000 0.000 0.000 0.000 3.048 3.188 3.307 3.237 3.406 3.386 3.535 3.504 3.414 3.593 3.583 3.702 3.701 3.821 3.750 3.870 3.899 3.929 3.878 3.898 3.997 3.977 4.096 4.036 4.431 4.125 4.499 4.535 4.571 4.153 4.173 4.679 4.703 4.728 4.753 4.777 4.802 4.827 4.851 4.876 4.901 4.926 4.951 4.975 5.000 5.025 5.050 5.069 5.079 5.089 5.099 5.109 5.120 5.130 5.140 5.150 5.160 5.171 5.181 5.191 5.201 5.211 5.221 5.231 5.242 5.280 5.298 5.311 5.323
0.000 0.000 0.000 0.000 0.000 0.000 0.000 0.000 2.948 3.108 3.117 3.217 3.286 3.345 3.385 3.534 3.533 3.593 3.572 3.582 3.781 3.730 3.870 3.839 3.799 3.888 3.968 3.917 3.887 3.946 4.036 4.015 4.095 4.004 4.144 4.532 4.568 4.604 4.173 4.677 4.704 4.729 4.753 4.778 4.803 4.827 4.852 4.877 4.902 4.927 4.951 4.976 5.001 5.026 5.043 5.062 5.074 5.084 5.095 5.105 5.115 5.126 5.136 5.146 5.156 5.166 5.177 5.187 5.197 5.207 5.217 5.227 5.242 5.292 5.336 5.349 5.361
0.000 0.000 0.000 0.000 0.000 0.000 0.000 0.000 2.898 2.987 3.367 3.196 3.376 3.365 3.424 3.344 3.483 3.542 3.662 3.641 3.621 3.700 3.789 3.779 3.848 3.978 3.908 3.937 4.007 4.006 3.995 4.125 4.421 4.457 4.493 4.529 4.565 4.602 4.152 4.674 4.705 4.729 4.754 4.779 4.803 4.828 4.853 4.878 4.902 4.927 4.952 4.977 4.998 5.014 5.031 5.050 5.069 5.080 5.090 5.101 5.111 5.121 5.132 5.142 5.152 5.162 5.172 5.182 5.193 5.203 5.213 5.223 5.253 5.303 5.353 5.386 5.399
0.000 0.000 0.000 0.000 0.000 0.000 0.000 0.000 0.000 2.957 3.207 3.296 3.385 3.345 3.434 3.423 3.513 3.512 3.601 3.781 3.710 3.890 3.899 3.788 3.948 3.848 3.927 3.977 3.996 4.006 3.975 3.944 4.034 4.114 4.143 4.526 4.132 4.599 4.635 4.671 4.705 4.730 4.755 4.780 4.804 4.829 4.854 4.878 4.903 4.928 4.952 4.968 4.985 5.001 5.018 5.037 5.057 5.076 5.086 5.097 5.107 5.117 5.127 5.138 5.148 5.158 5.168 5.178 5.188 5.198 5.209 5.219 5.264 5.314 5.364 5.414 5.437
0.000 0.000 0.000 0.000 0.000 0.000 0.000 0.000 0.000 2.987 3.166 3.196 3.385 3.294 3.384 3.373 3.382 3.552 3.611 3.601 3.680 3.689 3.679 3.828 3.778 3.807 3.907 3.956 3.896 3.945 4.105 3.994 4.124 4.093 4.163 4.032 4.559 4.596 4.632 4.668 4.704 4.731 4.756 4.780 4.805 4.830 4.854 4.879 4.904 4.923 4.939 4.956 4.972 4.989 5.006 5.025 5.044 5.064 5.082 5.092 5.103 5.113 5.123 5.133 5.143 5.154 5.164 5.174 5.184 5.194 5.204 5.226 5.276 5.326 5.376 5.426 5.475
0.000 0.000 0.000 0.000 0.000 0.000 0.000 0.000 0.000 0.000 3.226 3.215 3.345 3.244 3.494 3.483 3.402 3.462 3.561 3.640 3.690 3.709 3.828 3.818 3.847 3.847 3.896 3.966 4.005 4.015 4.104 3.974 4.013 4.143 4.092 4.042 4.556 4.593 4.629 4.151 4.170 4.732 4.756 4.781 4.806 4.830 4.855 4.877 4.894 4.910 4.927 4.943 4.959 4.976 4.993 5.013 5.032 5.052 5.071 5.088 5.098 5.109 5.119 5.129 5.139 5.149 5.160 5.170 5.180 5.190 5.200 5.237 5.287 5.337 5.387 5.437 5.487
0.000 0.000 0.000 0.000 0.000 0.000 0.000 0.000 0.000 0.000 3.275 3.215 3.225 3.224 3.443 3.463 3.422 3.461 3.551 3.530 3.549 3.669 3.768 3.787 3.807 3.876 3.926 3.926 3.945 3.924 4.024 4.033 4.093 4.172 4.112 4.517 4.553 4.590 4.626 4.662 4.698 4.169 4.757 4.782 4.806 4.831 4.848 4.865 4.881 4.897 4.914 4.930 4.947 4.963 4.981 5.000 5.020 5.039 5.059 5.078 5.094 5.104 5.115 5.125 5.135 5.145 5.155 5.166 5.176 5.186 5.199 5.249 5.299 5.349 5.399 5.449 5.499
0.000 0.000 0.000 0.000 0.000 0.000 0.000 0.000 0.000 0.000 3.185 3.305 3.134 3.204 3.283 3.392 3.502 3.471 3.560 3.600 3.569 3.788 3.718 3.617 3.767 3.856 3.886 3.935 3.955 3.974 3.934 4.023 3.992 4.142 4.478 4.161 4.550 4.587 4.623 4.659 4.695 4.731 4.758 4.783 4.803 4.819 4.836 4.852 4.868 4.885 4.901 4.918 4.934 4.950 4.969 4.988 5.007 5.027 5.046 5.066 5.085 5.100 5.110 5.121 5.131 5.141 5.151 5.161 5.171 5.182 5.210 5.260 5.310 5.360 5.410 5.460 5.510
0.000 0.000 0.000 0.000 0.000 0.000 0.000 0.000 0.000 0.000 2.104 3.325 3.254 3.183 3.263 3.392 3.511 3.491 3.480 3.559 3.649 3.628 3.667 3.827 3.886 3.866 3.845 3.945 4.084 4.014 3.933 4.103 4.102 4.082 4.071 4.121 4.547 4.120 4.160 4.656 4.692 4.729 4.758 4.774 4.790 4.807 4.823 4.839 4.856 4.872 4.888 4.905 4.921 4.938 4.956 4.976 4.995 5.015 5.034 5.054 5.073 5.093 5.106 5.116 5.127 5.137 5.147 5.157 5.167 5.177 5.222 5.272 5.322 5.372 5.422 5.472 5.522
0.000 0.000 0.000 0.000 0.000 0.000 0.000 0.000 0.000 0.000 1.712 3.124 3.384 3.163 3.352 3.442 3.461 3.550 3.520 3.499 3.478 3.608 3.647 3.757 3.836 3.796 3.875 3.894 4.014 3.993 3.933 4.062 4.032 4.051 4.471 4.508 4.130 4.070 4.149 4.653 4.689 4.725 4.745 4.761 4.778 4.794 4.810 4.827 4.843 4.859 4.876 4.892 4.909 4.925 4.944 4.964 4.983 5.002 5.022 5.041 5.061 5.080 5.100 5.112 5.122 5.133 5.143 5.153 5.163 5.183 5.233 5.283 5.333 5.383 5.433 5.483 5.533
0.000 0.000 0.000 0.000 0.000 0.000 0.000 0.000 0.000 0.000 1.545 1.628 3.203 3.233 3.252 3.382 3.431 3.530 3.489 3.499 3.608 3.597 3.657 3.766 3.846 3.685 3.895 3.764 3.893 3.963 3.962 4.022 4.001 4.021 4.130 4.504 4.160 4.576 4.019 4.139 4.685 4.718 4.734 4.749 4.765 4.781 4.798 4.814 4.830 4.847 4.863 4.879 4.896 4.913 4.932 4.951 4.971 4.990 5.010 5.029 5.049 5.068 5.087 5.107 5.118 5.128 5.138 5.149 5.159 5.195 5.245 5.295 5.345 5.395 5.444 5.494 5.544
0.000 0.000 0.000 0.000 0.000 0.000 0.000 0.000 0.000 0.000 0.000 1.549 3.073 3.283 3.242 3.331 3.401 3.490 3.569 3.459 3.508 3.607 3.657 3.636 3.725 3.745 3.804 3.924 3.983 3.923 3.942 3.941 4.061 4.020 4.070 4.500 4.537 4.573 4.609 4.645 4.682 4.707 4.722 4.737 4.753 4.769 4.785 4.801 4.818 4.834 4.850 4.867 4.883 4.900 4.920 4.939 4.958 4.978 4.997 5.017 5.036 5.056 5.075 5.095 5.114 5.124 5.134 5.144 5.156 5.206 5.256 5.306 5.356 5.406 5.456 5.506 5.556
0.000 0.000 0.000 0.000 0.000 0.000 0.000 0.000 0.000 0.000 0.000 0.574 2.393 3.142 3.242 3.251 3.350 3.420 3.569 3.648 3.568 3.537 3.616 3.696 3.875 3.755 3.784 3.823 3.913 3.892 4.092 4.021 4.021 4.130 4.060 4.119 4.119 4.569 4.605 4.642 4.678 4.695 4.710 4.726 4.741 4.756 4.772 4.789 4.805 4.821 4.838 4.854 4.870 4.888 4.907 4.927 4.946 4.966 4.985 5.004 5.024 5.043 5.063 5.082 5.102 5.120 5.130 5.140 5.168 5.218 5.268 5.318 5.368 5.417 5.467 5.517 5.567
0.000 0.000 0.000 0.000 0.000 0.000 0.000 0.000 0.000 0.000 0.000 0.000 1.171 3.062 3.251 3.211 3.270 3.459 3.429 3.638 3.497 3.667 3.576 3.715 3.805 3.844 3.874 3.873 3.902 4.062 4.101 3.991 4.150 4.010 4.039 4.069 4.529 4.158 4.602 4.638 4.668 4.683 4.699 4.714 4.729 4.745 4.760 4.776 4.792 4.808 4.825 4.841 4.858 4.876 4.895 4.915 4.934 4.953 4.973 4.992 5.012 5.031 5.051 5.070 5.090 5.109 5.126 5.136 5.179 5.229 5.279 5.329 5.379 5.429 5.479 5.529 5.578
0.000 0.000 0.000 0.000 0.000 0.000 0.000 0.000 0.000 0.000 0.000 0.000 0.263 2.152 3.301 3.171 3.330 3.359 3.489 3.548 3.637 3.626 3.696 3.615 3.715 3.714 3.893 3.813 3.882 3.891 3.941 3.930 3.960 4.039 4.139 4.049 4.128 4.008 4.598 4.634 4.656 4.671 4.687 4.702 4.718 4.733 4.748 4.764 4.779 4.796 4.812 4.828 4.845 4.863 4.883 4.902 4.922 4.941 4.960 4.980 4.999 5.019 5.038 5.058 5.077 5.097 5.116 5.141 5.190 5.237 5.284 5.332 5.379 5.426 5.473 5.520 5.567
0.000 0.000 0.000 0.000 0.000 0.000 0.000 0.000 0.000 0.000 0.000 0.000 0.000 1.062 2.831 3.140 3.260 3.209 3.458 3.538 3.587 3.756 3.566 3.695 3.644 3.774 3.803 3.792 3.882 4.061 4.001 3.890 3.869 4.019 4.450 4.128 4.522 4.127 4.594 4.629 4.644 4.660 4.675 4.691 4.706 4.721 4.737 4.752 4.767 4.783 4.799 4.816 4.832 4.851 4.871 4.890 4.909 4.929 4.948 4.968 4.987 5.007 5.026 5.046 5.066 5.087 5.108 5.137 5.179 5.226 5.273 5.320 5.367 5.415 5.462 5.509 5.556
0.000 0.000 0.000 0.000 0.000 0.000 0.000 0.000 0.000 0.000 0.000 0.000 0.000 0.000 1.821 3.110 3.299 3.339 3.428 3.437 3.547 3.696 3.615 3.615 3.694 3.623 3.633 3.732 3.791 3.881 3.840 4.020 4.079 3.999 4.098 4.068 4.147 4.555 4.591 4.617 4.633 4.648 4.663 4.679 4.694 4.710 4.725 4.740 4.756 4.771 4.787 4.803 4.820 4.839 4.858 4.878 4.897 4.917 4.936 4.955 4.976 4.997 5.018 5.039 5.060 5.081 5.102 5.134 5.171 5.215 5.262 5.309 5.356 5.403 5.451 5.498 5.545
0.000 0.000 0.000 0.000 0.000 0.000 0.000 0.000 0.000 0.000 0.000 0.000 0.000 0.000 0.511 2.330 3.289 3.239 3.298 3.357 3.517 3.636 3.485 3.624 3.614 3.743 3.683 3.862 3.831 3.871 3.850 3.969 4.059 3.988 4.008 4.047 4.067 4.551 4.587 4.096 4.136 4.636 4.652 4.667 4.683 4.698 4.713 4.729 4.744 4.759 4.775 4.790 4.807 4.827 4.846 4.865 4.886 4.907 4.928 4.949 4.970 4.991 5.012 5.032 5.053 5.074 5.095 5.132 5.169 5.206 5.251 5.298 5.345 5.392 5.439 5.486 5.534
0.000 0.000 0.000 0.000 0.000 0.000 0.000 0.000 0.000 0.000 0.000 0.000 0.000 0.000 0.000 1.260 2.729 3.368 3.328 3.357 3.476 3.506 3.605 3.664 3.754 3.683 3.852 3.822 3.831 3.830 3.900 4.009 3.938 3.938 4.058 4.077 4.511 4.056 4.096 4.594 4.609 4.624 4.640 4.144 4.671 4.686 4.702 4.717 4.732 4.748 4.763 4.779 4.797 4.817 4.838 4.859 4.880 4.901 4.922 4.943 4.963 4.984 5.005 5.026 5.047 5.068 5.092 5.129 5.167 5.204 5.241 5.287 5.334 5.381 5.428 5.475 5.522
0.000 0.000 0.000 0.000 0.000 0.000 0.000 0.000 0.000 0.000 0.000 0.000 0.000 0.000 0.000 0.000 1.789 3.148 3.378 3.357 3.436 3.475 3.685 3.654 3.563 3.603 3.662 3.661 3.811 3.850 3.919 3.919 3.888 3.958 4.107 4.097 4.106 4.166 4.136 4.582 4.597 4.613 4.628 4.644 4.659 4.674 4.690 4.706 4.723 4.739 4.756 4.772 4.791 4.811 4.832 4.853 4.874 4.894 4.915 4.936 4.957 4.978 4.999 5.020 5.041 5.062 5.090 5.127 5.164 5.201 5.239 5.276 5.323 5.370 5.417 5.464 5.511
0.000 0.000 0.000 0.000 0.000 0.000 0.000 0.000 0.000 0.000 0.000 0.000 0.000 0.000 0.000 0.000 0.489 2.328 3.337 3.367 3.456 3.525 3.534 3.574 3.743 3.602 3.732 3.711 3.690 3.770 3.929 3.878 3.958 4.017 3.997 4.016 3.916 4.539 4.135 4.125 4.134 4.601 4.617 4.633 4.650 4.666 4.683 4.699 4.716 4.732 4.749 4.765 4.785 4.805 4.825 4.846 4.867 4.888 4.909 4.930 4.951 4.972 4.993 5.013 5.034 5.055 5.087 5.125 5.162 5.199 5.236 5.273 5.312 5.359 5.406 5.453 5.500
0.000 0.000 0.000 0.000 0.000 0.000 0.000 0.000 0.000 0.000 0.000 0.000 0.000 0.000 0.000 0.000 0.000 1.178 2.777 3.217 3.376 3.485 3.464 3.474 3.593 3.622 3.611 3.751 3.800 3.829 3.839 3.908 3.878 3.857 3.946 4.116 4.016 4.145 4.544 4.124 4.577 4.594 4.610 4.627 4.643 4.660 4.676 4.693 4.709 4.726 4.742 4.760 4.780 4.800 4.820 4.840 4.861 4.882 4.903 4.923 4.944 4.965 4.986 5.007 5.028 5.049 5.085 5.122 5.159 5.197 5.234 5.271 5.308 5.348 5.395 5.442 5.489
0.000 0.000 0.000 0.000 0.000 0.000 0.000 0.000 0.000 0.000 0.000 0.000 0.000 0.000 0.000 0.000 0.000 0.000 1.727 3.186 3.316 3.425 3.534 3.603 3.443 3.552 3.681 3.660 3.730 3.709 3.849 3.938 4.007 4.027 4.056 4.126 4.035 4.145 4.144 4.084 4.144 4.587 4.604 4.620 4.637 4.653 4.670 4.686 4.703 4.719 4.736 4.754 4.774 4.794 4.814 4.834 4.854 4.875 4.896 4.917 4.938 4.959 4.980 5.001 5.022 5.045 5.083 5.120 5.157 5.194 5.231 5.269 5.306 5.343 5.384 5.431 5.478
0.000 0.000 0.000 0.000 0.000 0.000 0.000 0.000 0.000 0.000 0.000 0.000 0.000 0.000 0.000 0.000 0.000 0.000 0.267 2.206 3.175 3.284 3.394 3.493 3.542 3.652 3.771 3.710 3.710 3.689 3.798 3.808 3.917 3.927 3.936 4.015 3.995 4.084 4.513 4.547 4.113 4.580 4.597 4.614 4.630 4.647 4.663 4.680 4.696 4.713 4.729 4.748 4.768 4.788 4.808 4.828 4.848 4.869 4.890 4.911 4.932 4.952 4.973 4.994 5.015 5.043 5.080 5.117 5.155 5.192 5.229 5.266 5.303 5.340 5.378 5.420 5.467
0.000 0.000 0.000 0.000 0.000 0.000 0.000 0.000 0.000 0.000 0.000 0.000 0.000 0.000 0.000 0.000 0.000 0.000 0.000 0.916 2.565 3.334 3.254 3.283 3.532 3.631 3.641 3.710 3.679 3.799 3.778 3.748 3.867 3.916 3.996 3.985 4.045 3.984 4.034 4.534 4.113 4.574 4.590 4.607 4.623 4.640 4.657 4.673 4.690 4.706 4.723 4.742 4.762 4.783 4.803 4.823 4.843 4.863 4.883 4.904 4.925 4.946 4.967 4.988 5.009 5.041 5.078 5.115 5.152 5.189 5.227 5.264 5.301 5.338 5.375 5.412 5.456
0.000 0.000 0.000 0.000 0.000 0.000 0.000 0.000 0.000 0.000 0.000 0.000 0.000 0.000 0.000 0.000 0.000 0.000 0.000 0.000 1.535 3.104 3.343 3.343 3.472 3.541 3.630 3.570 3.619 3.759 3.788 3.787 3.867 3.896 3.995 3.925 4.119 4.084 4.133 4.446 4.551 4.122 4.162 4.600 4.617 4.633 4.650 4.666 4.683 4.699 4.717 4.737 4.757 4.777 4.797 4.817 4.837 4.857 4.877 4.898 4.919 4.940 4.961 4.982 5.002 5.038 5.075 5.113 5.150 5.187 5.224 5.261 5.299 5.336 5.373 5.410 5.447
0.000 0.000 0.000 0.000 0.000 0.000 0.000 0.000 0.000 0.000 0.000 0.000 0.000 0.000 0.000 0.000 0.000 0.000 0.000 0.000 0.000 2.074 3.343 3.213 3.372 3.581 3.590 3.650 3.709 3.548 3.818 3.717 3.886 3.976 3.925 4.024 3.994 4.140 4.153 4.153 4.162 4.561 4.577 4.161 4.610 4.627 4.643 4.660 4.676 4.693 4.711 4.731 4.751 4.771 4.791 4.811 4.831 4.851 4.872 4.892 4.912 4.933 4.954 4.975 4.999 5.036 5.073 5.110 5.147 5.185 5.222 5.259 5.296 5.333 5.370 5.408 5.442
0.000 0.000 0.000 0.000 0.000 0.000 0.000 0.000 0.000 0.000 0.000 0.000 0.000 0.000 0.000 0.000 0.000 0.000 0.000 0.000 0.000 0.674 2.423 3.342 3.282 3.541 3.520 3.579 3.699 3.668 3.637 3.867 3.806 3.835 3.895 4.034 3.924 4.003 4.123 4.082 4.082 4.487 4.571 4.587 4.130 4.620 4.637 4.653 4.670 4.686 4.705 4.725 4.745 4.765 4.785 4.805 4.826 4.846 4.866 4.886 4.906 4.927 4.948 4.969 4.996 5.033 5.071 5.108 5.145 5.182 5.219 5.257 5.294 5.324 5.351 5.378 5.404
