includes/lisflood/results/res.totaltm
ncols         631
nrows         906
xllcorner     364927.146600
yllcorner     6531972.565600
cellsize      20.000000
NODATA_value  -9999.000000
[rows 231 to 263 of 906, columns 370 to 443 of 631]
13.413 13.454 13.515 13.539 13.609 13.724 13.767 13.792 10.360 13.822 13.866 13.872 13.875 13.898 10.466 10.367 13.975 13.985 13.992 14.002 14.014 14.023 11.990 11.868 14.065 14.072 14.091 14.103 14.113 11.142 11.237 14.167 14.179 14.197 13.680 14.500 9.352 14.500 14.500 14.500 14.500 14.500 14.500 14.500 14.500 14.500 14.500 14.500 14.500 14.500 14.500 14.500 14.500 14.500 14.500 14.500 14.500 14.500 14.500 14.500 14.500 14.500 14.500 14.500 14.500 14.500 14.500 14.500 14.500 14.500 14.500 14.500 14.500 14.500
13.440 13.497 13.515 8.883 13.716 13.767 13.755 13.802 13.830 13.845 13.869 13.885 13.907 13.910 11.044 13.366 13.974 13.984 13.999 14.005 14.018 14.025 14.041 14.047 14.057 14.070 14.088 14.091 14.104 8.705 14.150 14.173 14.500 14.204 14.239 14.500 14.500 14.500 9.339 14.500 14.500 14.500 14.500 14.500 14.500 14.500 14.500 14.500 14.500 14.500 14.500 14.500 14.500 14.500 14.500 14.500 14.500 14.500 14.500 14.500 14.500 14.500 14.500 14.500 14.500 14.500 14.500 14.500 14.500 14.500 14.500 14.500 14.500 14.500
13.431 13.477 13.533 13.715 13.717 13.780 13.810 13.819 13.835 13.850 13.869 13.907 13.913 13.930 13.517 13.443 13.966 9.543 13.997 14.011 14.001 14.037 14.045 14.063 14.075 14.087 14.095 14.099 14.500 14.137 14.147 14.161 14.202 14.500 14.500 14.500 9.810 11.606 14.500 14.500 14.500 9.318 14.500 14.500 9.305 14.500 9.348 14.500 14.500 14.500 14.500 14.500 14.500 14.500 14.500 14.500 14.500 14.500 14.500 14.500 14.500 14.500 14.500 14.500 14.500 14.500 14.500 14.500 14.500 14.500 14.500 14.500 14.500 14.500
13.479 13.499 13.514 13.745 13.749 13.783 13.816 13.840 13.852 13.862 13.894 13.905 13.914 13.931 13.951 13.958 13.972 13.981 14.003 14.021 14.027 14.043 14.050 14.067 14.074 14.089 14.104 14.123 14.500 14.147 14.156 14.500 14.500 14.500 14.205 9.272 10.077 14.500 11.016 14.500 14.500 9.138 14.500 14.500 14.500 9.332 14.500 14.500 14.500 14.500 14.500 14.500 14.500 14.500 14.500 14.500 14.500 14.500 14.500 14.500 14.500 14.500 14.500 14.500 14.500 14.500 14.500 14.500 14.500 14.500 14.500 14.500 14.500 14.500
13.479 13.538 13.558 13.767 13.792 10.355 10.364 13.848 13.856 13.876 13.885 13.907 13.922 13.935 13.957 13.967 13.974 13.994 14.003 14.017 14.033 14.039 14.055 14.072 14.086 14.090 14.097 14.132 14.121 11.246 14.500 14.500 14.500 14.500 14.203 14.206 14.214 14.242 14.500 14.500 14.500 9.362 14.500 14.500 14.500 14.500 14.500 14.500 14.500 14.500 14.500 14.500 14.500 14.500 14.500 14.500 14.500 14.500 14.500 14.500 14.500 14.500 14.500 14.500 14.500 14.500 14.500 14.500 14.500 14.500 14.500 14.500 14.500 14.500
13.519 13.545 13.547 13.768 13.815 13.835 13.847 13.854 13.873 13.880 13.895 13.913 13.924 13.936 13.954 13.975 13.981 13.995 14.006 14.012 14.034 14.040 14.060 14.070 14.500 14.106 14.112 14.500 14.500 14.500 14.186 14.206 10.202 12.217 14.192 13.554 12.641 13.020 14.500 9.301 14.500 9.312 14.500 14.500 14.500 14.500 14.500 14.500 14.500 14.500 14.500 14.500 14.500 14.500 14.500 14.500 14.500 14.500 14.500 14.500 14.500 14.500 14.500 14.500 14.500 14.500 14.500 14.500 14.500 14.500 14.500 14.500 14.500 14.500
13.513 13.561 13.751 13.761 13.810 13.822 13.849 13.853 13.885 13.903 13.911 13.920 13.938 13.956 13.963 13.974 13.993 14.000 14.006 14.023 14.028 14.041 14.048 14.066 14.500 14.111 14.500 14.152 14.500 14.128 12.646 14.180 14.171 12.312 14.183 10.556 14.212 12.085 9.957 14.500 14.500 14.500 14.500 14.500 14.500 14.500 14.500 14.500 14.500 14.500 14.500 14.500 14.500 14.500 14.500 14.500 14.500 14.500 14.500 14.500 14.500 14.500 14.500 14.500 14.500 14.500 14.500 14.500 14.500 14.500 14.500 14.500 14.500 14.500
13.548 13.700 13.597 13.786 13.817 13.831 13.861 13.870 13.895 13.901 13.909 13.935 13.945 13.953 13.959 13.967 13.990 13.996 14.003 14.017 14.029 14.044 14.058 14.500 14.089 14.097 14.107 14.500 14.138 14.146 14.155 14.177 14.179 14.170 14.172 9.069 9.240 14.500 14.500 14.500 14.500 14.500 14.500 14.500 14.500 14.500 14.500 14.500 14.500 14.500 14.500 14.500 14.500 14.500 14.500 14.500 14.500 14.500 14.500 14.500 14.500 14.500 14.500 14.500 14.500 14.500 14.500 14.500 14.500 14.500 14.500 14.500 14.500 14.500
13.723 13.733 13.773 13.783 13.802 13.826 13.839 13.878 13.895 13.906 13.920 13.928 13.937 13.946 13.959 13.967 13.977 13.992 13.997 14.021 14.026 14.047 14.051 14.065 14.082 14.086 14.102 14.108 14.142 14.156 14.166 14.192 14.203 10.829 9.055 9.334 9.392 14.500 14.500 14.500 14.500 14.500 14.500 14.500 14.500 14.500 14.500 14.500 14.500 14.500 14.500 14.500 14.500 14.500 14.500 14.500 14.500 14.500 14.500 14.500 14.500 14.500 14.500 14.500 14.500 14.500 14.500 14.500 14.500 14.500 14.500 14.500 14.500 14.500
13.552 13.771 13.781 13.802 13.823 13.835 13.847 13.872 13.889 13.906 13.913 13.920 13.943 13.953 13.957 13.971 13.976 13.992 13.997 14.010 14.028 14.041 14.055 14.060 14.070 14.085 14.095 14.125 14.139 14.150 14.185 14.211 14.229 9.184 9.541 9.549 14.500 14.500 14.500 14.500 14.500 14.500 14.500 14.500 14.500 14.500 14.500 14.500 14.500 14.500 14.500 14.500 14.500 14.500 14.500 14.500 14.500 14.500 14.500 14.500 14.500 14.500 14.500 14.500 14.447 14.051 13.972 13.991 14.038 14.111 14.196 14.291 14.398 14.500
13.722 13.742 13.777 13.785 13.816 13.846 13.855 13.866 13.878 13.903 13.911 13.924 13.936 13.946 13.948 13.970 13.996 14.001 14.012 14.020 14.034 14.041 14.047 14.067 14.077 14.086 14.116 14.129 14.140 14.172 14.183 14.205 14.500 14.500 14.500 14.500 14.500 14.500 14.500 14.500 14.500 14.500 14.500 14.500 14.500 14.500 14.500 14.500 14.500 14.500 14.500 14.500 14.500 14.500 14.500 14.500 14.500 14.500 14.500 14.500 14.500 14.500 14.451 13.804 13.613 13.720 13.801 13.874 13.942 14.044 14.135 14.237 14.344 14.467
13.708 13.751 13.782 13.813 13.820 13.832 13.859 13.874 13.881 13.902 13.908 13.918 13.932 13.948 13.954 13.967 13.974 13.996 14.005 14.016 14.028 14.035 14.043 14.067 14.076 14.086 14.093 14.118 11.500 14.169 14.175 14.194 14.226 14.500 14.500 14.500 14.500 14.500 9.309 14.500 14.500 14.500 14.500 14.500 14.500 14.500 14.500 14.500 14.500 14.500 14.500 14.500 14.500 14.500 14.500 14.500 14.500 14.500 14.500 14.500 14.500 14.340 13.579 13.589 13.705 13.770 13.805 13.885 13.964 14.029 14.093 14.198 14.303 14.425
13.741 13.763 13.791 13.802 13.831 13.838 13.853 13.879 13.885 13.898 13.915 13.920 13.938 13.943 13.956 13.976 13.983 13.989 14.003 14.009 14.017 14.039 14.061 14.068 14.079 14.089 14.116 14.127 14.139 14.183 14.191 14.500 14.500 14.232 14.500 14.500 14.500 14.500 14.500 14.500 14.500 14.500 14.500 14.500 14.500 14.500 14.500 14.500 14.500 14.500 14.500 14.500 14.500 14.500 14.500 14.500 14.500 14.500 14.500 14.500 13.986 13.623 13.638 13.654 13.686 13.718 13.730 13.803 13.888 13.983 14.087 14.179 14.272 14.397
13.646 13.742 13.786 13.795 13.819 13.827 13.862 13.868 13.881 13.893 13.904 13.919 13.928 13.946 13.962 13.968 13.978 13.983 14.004 14.017 14.031 14.040 14.049 14.061 14.078 14.088 14.121 14.128 14.155 14.165 14.188 14.500 11.486 14.223 14.500 14.500 14.500 14.500 14.500 14.500 14.500 14.500 14.500 14.500 14.500 14.500 14.500 14.500 14.500 14.500 14.500 14.500 14.500 14.500 14.500 14.500 14.500 14.500 14.500 13.976 13.722 13.594 13.525 13.508 13.536 13.590 13.616 13.701 13.798 13.904 14.017 14.140 14.272 14.404
13.712 13.763 13.799 13.816 13.825 13.845 13.862 13.869 13.884 13.902 13.910 13.923 13.935 13.944 13.956 13.969 13.981 13.990 13.996 14.003 14.016 14.024 14.048 14.057 14.082 14.087 14.117 14.500 14.139 14.166 14.174 14.196 14.221 14.500 14.500 9.822 14.500 14.500 14.500 14.500 14.500 14.500 14.500 14.500 14.500 14.500 14.500 14.500 14.500 14.500 14.500 14.500 14.500 14.500 14.500 14.500 14.500 14.281 13.825 13.529 13.340 13.251 13.237 13.277 13.353 13.451 13.512 13.613 13.723 13.838 13.961 14.095 14.243 14.407
13.701 13.717 13.756 13.804 13.823 13.831 13.857 13.876 13.881 13.892 13.909 13.916 13.935 13.944 13.959 13.964 13.980 13.987 13.995 14.011 14.022 14.028 14.050 14.056 14.084 14.090 14.500 14.112 14.141 14.165 14.174 14.194 14.211 14.202 14.500 14.500 14.500 9.554 9.917 9.365 14.500 14.500 14.500 14.500 14.500 14.500 14.500 14.500 14.500 14.500 14.500 14.500 14.500 14.500 14.500 14.372 13.696 13.242 12.974 12.864 12.854 12.905 12.992 13.100 13.221 13.349 13.442 13.550 13.666 13.788 13.920 14.065 14.232 14.420
13.550 13.565 13.777 13.801 13.811 13.834 13.854 13.861 13.882 13.889 13.908 13.922 13.928 13.938 13.949 11.786 13.978 13.983 13.992 14.006 14.015 12.403 14.050 14.056 14.076 14.080 14.104 14.129 14.138 14.161 14.169 14.500 14.500 14.202 14.221 11.588 14.500 14.500 14.500 14.500 9.385 14.500 14.500 14.500 14.500 14.500 14.500 14.500 14.500 9.302 11.559 11.555 11.546 11.573 11.704 11.887 12.042 12.185 12.326 12.465 12.601 12.738 12.874 13.010 13.147 13.286 13.391 13.500 13.621 13.750 13.892 14.055 14.248 14.457
13.523 13.566 13.744 13.790 13.722 13.837 13.853 13.860 13.886 13.902 13.912 13.920 13.928 13.941 13.946 13.965 13.972 13.984 14.002 14.011 14.016 14.026 14.036 14.057 14.066 14.079 14.100 14.123 14.130 14.143 14.155 11.193 14.500 14.192 14.199 11.918 14.500 14.500 9.425 14.500 14.500 14.500 14.500 14.500 9.274 14.500 14.500 14.500 9.315 11.350 11.211 11.236 11.365 11.549 11.716 11.865 12.006 12.144 12.283 12.419 12.555 12.690 12.826 12.962 13.099 13.238 13.350 13.459 13.584 13.721 13.880 14.072 14.301 14.495
13.521 13.533 13.737 13.795 13.822 13.834 13.849 13.864 13.880 13.895 13.736 13.912 13.918 13.932 13.949 13.956 13.977 13.984 14.000 14.007 14.016 14.022 14.040 14.057 14.067 14.074 14.095 14.113 14.126 14.132 14.140 14.500 14.168 14.197 14.190 14.500 10.947 14.500 14.500 14.500 14.500 9.312 9.099 14.500 14.500 9.298 14.500 14.500 14.500 9.364 10.972 11.214 11.404 11.541 11.686 11.830 11.965 12.101 12.239 12.375 12.510 12.645 12.780 12.916 13.053 13.193 13.313 13.424 13.555 13.706 13.891 14.125 14.387 14.500
13.532 13.546 13.582 13.788 13.804 13.818 13.860 13.865 13.877 13.893 13.906 13.912 13.927 13.937 13.944 13.952 13.971 13.971 13.986 13.992 11.410 14.022 14.030 14.037 14.064 14.072 14.091 14.102 14.115 14.056 14.156 14.166 14.500 14.500 11.986 14.500 14.500 14.500 11.881 8.948 14.500 9.191 9.510 9.422 14.500 14.500 14.500 9.274 9.021 9.344 11.017 11.244 11.383 11.495 11.649 11.799 11.923 12.059 12.202 12.337 12.470 12.605 12.741 12.877 13.014 13.155 13.285 13.396 13.537 13.712 13.939 14.223 14.472 14.500
13.489 13.517 13.583 13.712 13.804 13.823 13.839 13.861 13.875 13.889 13.902 13.906 13.921 13.936 13.942 13.956 13.961 13.971 13.984 10.989 11.480 14.020 14.035 14.048 14.061 14.080 14.087 14.113 14.122 14.145 14.155 14.164 14.196 14.500 14.500 14.500 10.417 9.090 11.874 11.216 9.436 14.193 10.493 9.073 9.966 14.500 9.285 9.338 10.777 10.939 10.985 11.261 11.353 11.431 11.637 11.787 11.886 12.030 12.182 12.309 12.440 12.577 12.711 12.847 12.983 13.126 13.267 13.379 13.538 13.748 14.034 14.355 14.500 14.500
13.484 13.529 13.542 13.761 13.777 13.804 13.827 13.861 13.870 13.883 13.906 13.915 13.925 13.934 13.940 13.950 13.958 13.963 13.990 13.998 14.004 14.018 10.747 12.258 14.062 14.084 14.089 14.106 13.283 13.020 14.500 14.500 14.500 14.500 9.183 10.836 9.414 14.168 11.327 9.245 10.509 14.183 14.500 14.213 10.033 9.964 9.640 10.854 11.026 11.182 11.308 11.335 11.332 11.351 11.700 11.797 11.851 12.039 12.192 12.292 12.428 12.568 12.697 12.831 12.968 13.109 13.264 13.377 13.562 13.830 14.180 14.469 14.500 14.500
13.476 13.480 13.520 13.542 13.546 13.798 13.830 13.847 13.854 13.876 8.103 13.913 13.919 13.931 13.938 13.950 13.957 13.963 13.977 14.005 14.012 14.026 14.047 14.054 14.061 14.084 14.091 14.085 10.262 14.500 14.500 14.500 9.331 10.420 14.130 9.323 14.147 12.127 14.168 9.541 14.500 14.500 9.235 14.203 9.244 9.379 10.912 11.134 11.291 11.429 11.558 11.666 11.763 11.848 11.854 11.818 11.793 12.135 12.232 12.278 12.454 12.594 12.697 12.836 12.973 13.111 13.279 13.392 13.622 13.969 14.347 14.500 14.500 14.500
13.483 13.495 13.512 13.543 13.587 13.607 13.812 13.830 13.840 13.872 13.880 13.905 13.920 13.929 13.943 13.954 13.961 13.977 13.985 13.999 14.012 14.018 14.041 11.358 14.091 14.070 14.500 14.500 14.500 14.174 9.237 9.178 9.486 14.127 8.926 10.494 14.132 9.089 9.791 9.828 10.005 9.422 10.018 14.204 9.669 9.482 11.252 11.449 11.599 11.707 11.830 11.942 12.046 12.144 12.229 12.305 12.370 12.365 12.282 12.223 12.563 12.654 12.699 12.874 13.008 13.130 13.312 13.431 13.732 14.155 14.473 14.500 14.500 14.500
13.449 13.497 13.510 13.526 13.540 13.773 13.787 13.813 13.836 13.872 13.880 13.898 10.277 11.397 13.944 13.958 13.964 13.974 13.990 13.997 9.868 14.020 14.046 14.071 14.500 14.500 14.500 14.500 10.645 12.135 9.078 9.683 11.869 12.888 11.293 12.909 13.906 9.400 14.161 9.861 10.102 14.201 11.084 14.500 10.674 10.274 11.726 11.888 12.017 12.111 12.209 12.302 12.392 12.478 12.560 12.640 12.714 12.780 12.837 12.882 12.862 12.721 12.649 12.988 13.073 13.153 13.368 13.495 13.906 14.343 14.500 14.500 14.500 14.500
10.178 13.512 13.524 13.534 13.561 13.597 13.608 13.807 13.816 13.846 13.866 13.883 13.906 13.923 13.941 12.255 13.960 13.968 13.991 14.015 9.803 13.854 14.500 14.500 14.500 8.547 14.084 9.840 14.071 9.705 12.636 12.056 11.638 12.699 13.226 14.132 14.140 9.467 14.164 9.261 14.500 9.742 11.467 14.225 11.809 14.394 14.196 13.944 13.713 13.505 13.355 13.283 13.234 13.206 13.196 13.200 13.218 13.245 13.279 13.316 13.352 13.383 13.405 13.357 13.145 13.137 13.480 13.575 14.124 14.473 14.500 14.500 14.500 14.500
13.462 13.472 13.486 13.528 13.537 13.578 13.587 13.780 13.812 13.826 13.882 13.890 13.910 13.916 13.932 9.323 13.981 13.306 9.395 14.053 14.064 14.076 14.092 8.851 9.000 9.920 9.795 14.050 11.736 11.792 14.076 8.959 14.102 10.306 13.592 13.081 14.148 14.164 14.173 14.200 14.189 13.572 14.500 11.097 14.500 14.500 14.500 14.494 14.456 14.388 14.260 14.181 14.109 14.041 13.984 13.936 13.897 13.870 13.853 13.847 13.850 13.862 13.879 13.895 13.909 13.914 13.843 13.668 14.327 14.500 14.500 14.500 14.500 14.500
7.226 13.453 13.485 13.518 7.512 13.532 13.559 13.602 13.805 13.838 13.861 13.887 13.899 13.913 13.931 9.238 14.002 14.022 14.032 14.043 8.819 8.553 9.187 9.481 8.808 14.024 14.040 9.102 14.055 14.072 14.079 9.523 14.106 14.114 13.914 11.402 14.157 11.351 14.500 14.211 14.220 14.236 14.500 14.500 14.500 14.500 14.500 14.500 14.500 14.500 14.500 14.500 14.500 14.500 14.500 14.489 14.468 14.443 14.417 14.395 14.377 14.366 14.363 14.365 14.373 14.387 14.432 14.492 14.500 14.500 14.500 14.500 14.500 14.500
13.433 13.442 13.465 12.731 13.510 13.520 13.547 12.863 12.480 10.662 10.077 13.881 9.092 7.916 13.975 13.985 13.997 8.582 8.707 10.363 8.628 9.466 8.501 9.358 9.832 14.019 14.039 14.044 14.500 14.070 14.076 9.797 9.836 9.860 9.911 11.761 14.156 14.163 11.141 14.196 10.892 10.648 14.500 14.500 14.500 14.500 9.295 14.500 14.500 14.500 14.500 14.500 14.500 14.500 14.500 14.500 14.500 14.500 14.500 14.500 14.500 14.500 14.500 14.500 14.500 14.500 14.500 14.500 14.500 14.500 14.500 14.500 14.500 14.500
13.417 12.055 13.469 13.485 13.502 13.508 7.292 12.371 13.036 11.422 9.890 9.101 13.935 13.950 13.965 8.111 8.350 9.007 8.424 8.838 13.972 10.250 11.482 14.000 14.005 14.020 9.351 14.043 14.049 14.058 14.071 14.076 8.968 9.559 13.160 12.683 14.160 10.072 14.500 14.500 14.500 10.183 9.772 14.500 14.500 14.500 14.500 14.500 14.500 14.500 14.500 14.500 14.500 14.500 14.500 14.500 14.500 14.500 14.500 14.500 14.500 14.500 14.500 14.500 14.500 14.500 14.500 14.500 14.500 14.500 14.500 14.500 14.500 14.500
13.418 13.435 13.453 13.462 13.482 13.535 9.030 11.338 7.197 13.899 13.903 13.914 13.925 8.737 8.844 8.237 12.352 13.941 13.602 13.964 13.970 13.978 13.983 13.993 9.076 8.768 14.027 14.041 14.047 14.057 14.074 14.082 11.001 11.319 13.058 9.376 14.157 11.652 10.249 14.500 9.894 14.500 14.500 14.500 14.500 14.500 14.500 14.500 14.500 14.500 14.500 14.500 14.500 14.500 14.500 14.500 14.500 14.500 14.500 14.500 14.500 14.500 14.500 14.500 14.500 14.500 14.500 14.500 14.500 14.500 14.500 14.500 14.500 14.500
13.395 7.784 10.670 13.464 13.534 13.548 8.573 13.854 13.859 13.872 13.891 7.547 8.290 9.627 8.532 8.777 13.918 8.321 10.055 8.350 13.963 13.972 8.905 8.967 8.956 8.820 11.541 8.890 14.500 14.060 11.772 14.075 14.093 9.882 14.117 9.559 9.746 14.174 14.195 9.791 14.227 14.500 9.312 14.500 9.316 14.500 14.500 14.500 14.500 14.500 14.500 14.500 14.500 14.500 14.500 14.500 14.500 14.500 14.500 14.500 14.500 14.500 14.500 14.500 14.500 14.500 14.500 14.500 14.500 14.500 14.500 14.500 14.500 14.500
7.674 7.817 11.729 6.952 9.551 13.774 13.801 13.817 13.854 7.431 7.842 8.603 13.846 8.958 9.211 13.899 13.913 9.428 13.934 8.835 13.958 8.557 8.947 9.017 9.185 12.655 14.018 14.032 9.608 10.428 14.076 14.083 14.089 14.116 11.181 14.146 14.169 14.178 14.204 14.500 14.500 11.547 14.500 14.500 9.297 14.500 14.500 14.500 14.500 14.500 14.500 14.500 14.500 14.500 14.500 14.500 14.500 14.500 14.500 14.500 14.500 14.500 14.500 14.500 14.500 14.500 14.500 14.500 14.500 14.500 14.500 14.500 14.500 14.500
