includes/camargue/floodfiles/results_R4_t1.562344205135E12/res-0010.wd
ncols         906
nrows         631
xllcorner     362177.146667
yllcorner     6534725.688020
cellsize      20.000000
NODATA_value  -9999.000000
[rows 374 to 407 of 631, columns 693 to 769 of 906]
0.000 0.356 1.373 0.000 0.000 0.000 0.000 0.008 0.008 0.456 0.000 0.000 0.000 0.000 0.000 0.000 0.000 0.000 0.000 0.000 0.000 0.000 0.000 0.000 0.000 0.000 0.000 0.000 0.219 0.259 0.209 0.389 0.459 0.027 0.023 0.368 0.548 0.000 0.168 0.779 0.779 0.769 0.899 0.249 0.859 0.000 0.209 0.319 0.629 0.449 0.779 0.869 0.029 0.000 0.000 0.000 0.000 0.000 0.000 0.000 0.000 0.000 0.000 0.000 0.000 0.000 0.000 0.000 0.000 0.000 0.000 0.073 0.002 0.002 0.000 0.118 0.098
0.000 0.377 0.000 0.000 0.000 0.000 0.000 0.000 0.000 0.000 0.000 0.000 0.000 0.000 0.000 0.000 0.000 0.000 0.000 0.000 0.000 0.000 0.000 0.000 0.000 0.000 0.000 0.000 0.000 0.000 0.000 0.000 0.000 0.000 0.051 0.288 0.398 0.000 0.206 0.819 0.819 0.829 0.569 0.149 0.339 0.339 0.179 0.239 0.429 0.429 0.389 0.059 0.000 0.152 0.000 0.000 0.000 0.000 0.000 0.000 0.000 0.000 0.000 0.000 0.081 0.000 0.000 0.000 0.000 0.000 0.031 0.000 0.005 0.003 0.007 0.005 0.000
0.394 0.404 0.000 0.000 0.152 0.238 0.230 0.000 0.000 0.000 0.000 0.000 0.000 0.000 0.000 0.000 0.087 0.006 0.090 0.170 0.002 0.001 0.023 0.112 0.112 0.031 0.000 0.000 0.000 0.000 0.052 0.000 0.000 0.000 0.044 0.126 0.278 0.519 0.440 0.000 0.000 0.469 0.000 0.289 0.000 0.249 0.359 0.219 0.449 0.179 0.000 0.000 0.000 0.000 0.000 0.000 0.000 0.000 0.000 0.000 0.000 0.000 0.000 0.011 0.000 0.000 0.071 0.000 0.021 0.000 0.000 0.000 0.000 0.000 0.000 0.021 0.000
0.425 0.000 0.000 0.070 0.227 0.118 0.064 0.295 0.297 0.552 0.134 0.217 0.000 0.000 0.000 0.000 0.000 0.005 0.000 0.000 0.023 0.141 0.172 0.000 0.000 0.176 0.206 0.006 0.000 0.000 0.000 0.000 0.021 0.063 0.063 0.036 0.378 0.209 0.630 0.000 0.000 0.000 0.000 0.189 0.269 0.419 0.399 0.000 0.000 0.000 0.000 0.000 0.000 0.000 0.000 0.000 0.000 0.000 0.000 0.000 0.000 0.000 0.000 0.000 0.000 0.000 0.000 0.000 0.000 0.000 0.000 0.024 0.074 0.074 0.009 0.006 0.002
0.000 0.000 0.042 0.176 0.046 0.000 0.000 0.000 0.000 0.000 0.000 0.449 0.389 0.222 0.107 0.179 0.032 0.024 0.059 0.167 0.051 0.012 0.019 0.027 0.029 0.000 0.166 0.186 0.000 0.034 0.057 0.031 0.082 0.054 0.042 0.122 0.000 0.000 0.400 0.000 0.000 0.000 0.000 0.249 0.000 0.000 0.000 0.000 0.000 0.000 0.000 0.000 0.000 0.000 0.000 0.000 0.001 0.000 0.000 0.002 0.022 0.000 0.032 0.002 0.000 0.001 0.002 0.033 0.001 0.074 0.054 0.014 0.074 0.074 0.000 0.005 0.006
0.000 0.000 0.035 0.167 0.020 0.000 0.000 0.000 0.000 0.000 0.000 0.449 0.389 0.223 0.107 0.179 0.032 0.024 0.059 0.167 0.051 0.021 0.025 0.029 0.030 0.000 0.166 0.186 0.000 0.028 0.052 0.025 0.080 0.036 0.021 0.112 0.000 0.000 0.400 0.000 0.000 0.000 0.000 0.249 0.000 0.000 0.000 0.001 0.000 0.000 0.000 0.000 0.000 0.000 0.000 0.000 0.000 0.000 0.000 0.001 0.022 0.000 0.032 0.000 0.000 0.002 0.002 0.033 0.001 0.074 0.054 0.014 0.074 0.074 0.000 0.001 0.003
0.000 0.000 0.030 0.170 0.017 0.000 0.000 0.000 0.000 0.000 0.000 0.000 0.000 0.378 0.459 0.000 0.000 0.000 0.000 0.059 0.000 0.049 0.142 0.283 0.283 0.134 0.326 0.196 0.257 0.059 0.052 0.125 0.003 0.057 0.102 0.147 0.037 0.000 0.000 0.000 0.000 0.000 0.000 0.000 0.000 0.000 0.000 0.000 0.000 0.000 0.000 0.000 0.000 0.000 0.000 0.000 0.000 0.000 0.000 0.053 0.000 0.121 0.000 0.000 0.052 0.001 0.000 0.000 0.000 0.014 0.000 0.000 0.000 0.000 0.000 0.001 0.000
0.000 0.035 0.036 0.049 0.016 0.000 0.000 0.000 0.000 0.000 0.000 0.000 0.000 0.000 0.262 0.083 0.526 0.627 0.261 0.013 0.045 0.310 0.161 0.213 0.213 0.194 0.286 0.356 0.080 0.000 0.079 0.135 0.057 0.080 0.032 0.080 0.011 0.000 0.027 0.000 0.000 0.000 0.000 0.000 0.000 0.000 0.000 0.078 0.318 0.278 0.288 0.000 0.000 0.000 0.000 0.000 0.000 0.000 0.000 0.000 0.001 0.000 0.000 0.000 0.000 0.062 0.122 0.000 0.000 0.000 0.000 0.000 0.000 0.000 0.000 0.000 0.001
0.061 0.131 0.074 0.051 0.033 0.000 0.000 0.000 0.000 0.000 0.000 0.000 0.000 0.001 0.000 0.000 0.000 0.000 0.264 0.013 0.018 0.330 0.361 0.282 0.283 0.394 0.065 0.137 0.108 0.182 0.097 0.000 0.083 0.115 0.000 0.154 0.042 0.078 0.017 0.047 0.047 0.018 0.000 0.147 0.047 0.002 0.318 0.408 0.158 0.258 0.000 0.000 0.000 0.000 0.000 0.000 0.102 0.102 0.000 0.001 0.000 0.000 0.000 0.073 0.002 0.000 0.000 0.000 0.000 0.000 0.000 0.000 0.000 0.000 0.000 0.001 0.001
0.035 0.082 0.170 0.067 0.007 0.007 0.000 0.000 0.000 0.000 0.000 0.021 0.000 0.000 0.000 0.000 0.000 0.000 0.087 0.091 0.148 0.058 0.000 0.000 0.000 0.334 0.275 0.216 0.044 0.087 0.063 0.215 0.108 0.080 0.210 0.009 0.047 0.045 0.087 0.087 0.087 0.012 0.237 0.127 0.000 0.000 0.458 0.238 0.158 0.000 0.000 0.000 0.000 0.000 0.043 0.103 0.002 0.000 0.001 0.001 0.001 0.000 0.066 0.000 0.103 0.001 0.000 0.000 0.000 0.000 0.000 0.000 0.000 0.000 0.000 0.001 0.001
0.027 0.020 0.011 0.047 0.040 0.182 0.000 0.000 0.000 0.000 0.000 0.000 0.000 0.000 0.000 0.000 0.000 0.000 0.000 0.038 0.028 0.290 0.100 0.510 0.510 0.000 0.165 0.050 0.046 0.369 0.067 0.165 0.287 0.158 0.060 0.030 0.059 0.000 0.000 0.008 0.008 0.000 0.047 0.267 0.067 0.000 0.338 0.000 0.000 0.000 0.000 0.000 0.000 0.000 0.000 0.000 0.000 0.000 0.063 0.000 0.036 0.086 0.026 0.016 0.000 0.000 0.000 0.000 0.000 0.000 0.000 0.000 0.000 0.000 0.000 0.000 0.001
0.028 0.020 0.038 0.033 0.106 0.037 0.000 0.000 0.000 0.000 0.000 0.000 0.000 0.000 0.000 0.031 0.000 0.000 0.001 0.004 0.006 0.000 0.028 0.000 0.000 0.000 0.000 0.042 0.000 0.028 0.102 0.155 0.117 0.128 0.003 0.017 0.073 0.000 0.078 0.000 0.000 0.102 0.000 0.000 0.000 0.000 0.000 0.000 0.000 0.000 0.000 0.000 0.000 0.000 0.000 0.000 0.001 0.000 0.001 0.014 0.000 0.005 0.036 0.000 0.000 0.000 0.000 0.000 0.000 0.000 0.000 0.000 0.000 0.000 0.000 0.000 0.000
0.018 0.020 0.163 0.077 0.012 0.053 0.022 0.006 0.003 0.000 0.000 0.000 0.000 0.000 0.000 0.000 0.072 0.000 0.000 0.000 0.000 0.057 0.077 0.032 0.034 0.075 0.027 0.323 0.023 0.033 0.003 0.000 0.000 0.339 0.100 0.111 0.028 0.088 0.128 0.028 0.029 0.000 0.000 0.000 0.000 0.000 0.000 0.000 0.000 0.000 0.000 0.000 0.000 0.000 0.000 0.000 0.000 0.000 0.000 0.002 0.000 0.003 0.000 0.000 0.000 0.000 0.000 0.001 0.001 0.000 0.000 0.000 0.000 0.000 0.000 0.000 0.001
0.009 0.025 0.023 0.045 0.145 0.058 0.000 0.029 0.029 0.000 0.000 0.000 0.000 0.000 0.000 0.000 0.000 0.000 0.121 0.000 0.000 0.000 0.000 0.074 0.074 0.105 0.000 0.153 0.193 0.000 0.006 0.036 0.000 0.020 0.091 0.091 0.062 0.000 0.000 0.000 0.000 0.000 0.000 0.000 0.000 0.000 0.000 0.000 0.000 0.000 0.012 0.042 0.000 0.002 0.000 0.000 0.044 0.044 0.003 0.005 0.006 0.038 0.005 0.003 0.002 0.002 0.000 0.000 0.000 0.000 0.000 0.000 0.001 0.000 0.000 0.000 0.000
0.032 0.005 0.014 0.062 0.013 0.067 0.086 0.003 0.003 0.067 0.000 0.000 0.000 0.000 0.000 0.000 0.000 0.000 0.000 0.000 0.222 0.302 0.000 0.000 0.000 0.010 0.031 0.003 0.083 0.043 0.000 0.000 0.000 0.000 0.000 0.000 0.000 0.000 0.000 0.000 0.000 0.000 0.000 0.000 0.000 0.000 0.000 0.000 0.000 0.000 0.001 0.000 0.012 0.002 0.000 0.034 0.044 0.044 0.094 0.000 0.000 0.002 0.000 0.000 0.002 0.003 0.002 0.001 0.001 0.000 0.001 0.000 0.001 0.000 0.000 0.000 0.000
0.042 0.047 0.006 0.041 0.079 0.138 0.021 0.002 0.002 0.003 0.002 0.000 0.000 0.000 0.000 0.000 0.000 0.000 0.000 0.000 0.000 0.192 0.000 0.000 0.000 0.000 0.000 0.000 0.000 0.000 0.000 0.000 0.000 0.000 0.000 0.000 0.000 0.000 0.000 0.000 0.000 0.000 0.000 0.000 0.000 0.000 0.000 0.000 0.081 0.000 0.063 0.000 0.001 0.103 0.053 0.000 0.074 0.074 0.000 0.000 0.000 0.002 0.002 0.001 0.002 0.002 0.002 0.002 0.001 0.001 0.001 0.000 0.001 0.000 0.000 0.000 0.000
0.015 0.030 0.097 0.175 0.145 0.173 0.013 0.006 0.003 0.001 0.005 0.000 0.000 0.000 0.000 0.000 0.000 0.000 0.000 0.000 0.000 0.000 0.000 0.000 0.000 0.000 0.000 0.000 0.000 0.000 0.000 0.000 0.000 0.000 0.000 0.000 0.000 0.000 0.000 0.000 0.000 0.000 0.000 0.000 0.000 0.000 0.000 0.000 0.001 0.000 0.000 0.000 0.073 0.001 0.001 0.000 0.000 0.000 0.000 0.000 0.000 0.002 0.002 0.002 0.002 0.002 0.002 0.002 0.002 0.002 0.001 0.001 0.002 0.000 0.000 0.000 0.000
0.017 0.091 0.000 0.029 0.011 0.063 0.070 0.035 0.025 0.140 0.009 0.075 0.000 0.000 0.000 0.000 0.000 0.000 0.000 0.000 0.000 0.000 0.000 0.000 0.000 0.000 0.000 0.052 0.000 0.000 0.000 0.082 0.000 0.000 0.000 0.000 0.000 0.000 0.000 0.000 0.000 0.000 0.000 0.000 0.000 0.000 0.000 0.000 0.000 0.000 0.000 0.000 0.000 0.002 0.005 0.000 0.000 0.000 0.000 0.000 0.000 0.001 0.002 0.002 0.002 0.002 0.002 0.002 0.002 0.002 0.002 0.001 0.002 0.001 0.000 0.001 0.000
0.033 0.030 0.036 0.044 0.024 0.039 0.063 0.027 0.022 0.000 0.059 0.006 0.000 0.000 0.000 0.000 0.000 0.001 0.011 0.000 0.000 0.000 0.000 0.000 0.000 0.000 0.000 0.000 0.000 0.001 0.001 0.000 0.062 0.000 0.000 0.091 0.000 0.000 0.000 0.000 0.000 0.000 0.000 0.000 0.000 0.000 0.000 0.000 0.000 0.013 0.001 0.062 0.000 0.000 0.002 0.001 0.000 0.000 0.000 0.000 0.000 0.000 0.001 0.002 0.002 0.002 0.002 0.002 0.002 0.002 0.002 0.002 0.003 0.001 0.001 0.001 0.000
0.004 0.022 0.052 0.030 0.147 0.024 0.123 0.026 0.023 0.150 0.008 0.011 0.000 0.000 0.000 0.000 0.001 0.000 0.121 0.000 0.017 0.000 0.000 0.000 0.000 0.000 0.000 0.001 0.001 0.000 0.051 0.000 0.000 0.000 0.000 0.000 0.000 0.000 0.000 0.000 0.000 0.000 0.041 0.000 0.000 0.000 0.101 0.000 0.025 0.002 0.000 0.000 0.000 0.000 0.000 0.003 0.003 0.001 0.001 0.000 0.000 0.001 0.001 0.002 0.002 0.002 0.002 0.002 0.002 0.002 0.002 0.002 0.004 0.002 0.001 0.001 0.001
0.010 0.046 0.022 0.059 0.017 0.071 0.111 0.036 0.031 0.035 0.015 0.031 0.000 0.052 0.000 0.000 0.014 0.000 0.000 0.006 0.037 0.000 0.004 0.145 0.145 0.001 0.001 0.000 0.000 0.002 0.000 0.002 0.000 0.000 0.012 0.000 0.002 0.102 0.000 0.000 0.000 0.000 0.061 0.000 0.002 0.000 0.001 0.000 0.035 0.000 0.002 0.000 0.162 0.000 0.002 0.000 0.004 0.002 0.002 0.002 0.002 0.002 0.002 0.003 0.003 0.004 0.004 0.005 0.005 0.005 0.005 0.004 0.008 0.005 0.004 0.004 0.004
0.007 0.030 0.009 0.042 0.006 0.066 0.099 0.025 0.021 0.027 0.009 0.020 0.000 0.052 0.000 0.000 0.014 0.000 0.000 0.005 0.037 0.000 0.003 0.145 0.145 0.000 0.000 0.000 0.000 0.001 0.000 0.001 0.000 0.000 0.012 0.000 0.001 0.102 0.000 0.000 0.000 0.000 0.061 0.000 0.001 0.000 0.001 0.000 0.035 0.000 0.000 0.000 0.162 0.000 0.002 0.000 0.002 0.001 0.001 0.000 0.000 0.001 0.000 0.001 0.001 0.002 0.002 0.002 0.002 0.002 0.003 0.002 0.005 0.002 0.002 0.002 0.002
0.012 0.099 0.004 0.118 0.010 0.000 0.068 0.130 0.129 0.014 0.017 0.043 0.005 0.000 0.035 0.125 0.002 0.027 0.003 0.079 0.003 0.039 0.069 0.000 0.000 0.009 0.000 0.000 0.000 0.000 0.042 0.000 0.000 0.000 0.000 0.144 0.024 0.000 0.000 0.051 0.051 0.000 0.000 0.001 0.000 0.000 0.000 0.000 0.001 0.000 0.000 0.001 0.000 0.000 0.000 0.000 0.002 0.000 0.000 0.001 0.001 0.000 0.001 0.001 0.001 0.002 0.002 0.002 0.002 0.002 0.003 0.002 0.005 0.002 0.002 0.002 0.002
0.042 0.043 0.039 0.035 0.000 0.000 0.062 0.042 0.042 0.007 0.004 0.038 0.001 0.000 0.000 0.085 0.014 0.000 0.007 0.000 0.066 0.000 0.069 0.039 0.039 0.069 0.000 0.011 0.000 0.001 0.000 0.052 0.000 0.025 0.025 0.001 0.000 0.091 0.000 0.000 0.000 0.000 0.000 0.000 0.000 0.000 0.000 0.000 0.001 0.001 0.001 0.000 0.000 0.000 0.000 0.000 0.002 0.000 0.000 0.000 0.000 0.001 0.001 0.001 0.001 0.001 0.002 0.002 0.002 0.002 0.002 0.002 0.004 0.002 0.002 0.002 0.002
0.030 0.032 0.027 0.071 0.008 0.017 0.428 0.125 0.125 0.002 0.327 0.052 0.000 0.014 0.000 0.004 0.093 0.015 0.037 0.077 0.002 0.000 0.000 0.000 0.000 0.009 0.000 0.000 0.000 0.054 0.002 0.000 0.012 0.000 0.045 0.000 0.000 0.000 0.171 0.000 0.000 0.000 0.000 0.001 0.001 0.000 0.001 0.000 0.000 0.002 0.002 0.001 0.001 0.001 0.001 0.000 0.002 0.001 0.000 0.001 0.001 0.001 0.001 0.001 0.001 0.002 0.002 0.002 0.002 0.002 0.003 0.002 0.006 0.003 0.003 0.003 0.003
0.065 0.000 0.036 0.126 0.042 0.000 0.063 0.122 0.121 0.038 0.411 0.049 0.039 0.001 0.002 0.000 0.143 0.003 0.000 0.087 0.000 0.000 0.000 0.000 0.000 0.000 0.000 0.062 0.032 0.000 0.001 0.002 0.001 0.000 0.001 0.015 0.000 0.000 0.000 0.000 0.000 0.000 0.000 0.000 0.000 0.001 0.000 0.000 0.000 0.000 0.001 0.001 0.001 0.001 0.001 0.000 0.002 0.000 0.001 0.001 0.001 0.001 0.001 0.001 0.002 0.002 0.002 0.002 0.002 0.002 0.003 0.002 0.006 0.003 0.003 0.003 0.003
0.029 0.021 0.020 0.067 0.452 0.021 0.011 0.030 0.030 0.000 0.063 0.063 0.013 0.065 0.045 0.002 0.004 0.011 0.000 0.000 0.000 0.000 0.000 0.000 0.000 0.000 0.001 0.000 0.000 0.097 0.107 0.037 0.000 0.036 0.001 0.004 0.000 0.000 0.000 0.000 0.000 0.000 0.000 0.000 0.000 0.001 0.001 0.000 0.000 0.000 0.000 0.001 0.001 0.001 0.001 0.000 0.002 0.001 0.001 0.001 0.001 0.001 0.001 0.001 0.002 0.002 0.002 0.002 0.002 0.003 0.003 0.002 0.006 0.003 0.003 0.003 0.003
0.004 0.078 0.017 0.020 0.000 0.118 0.137 0.151 0.153 0.000 0.456 0.454 0.451 0.065 0.444 0.010 0.015 0.005 0.000 0.000 0.022 0.000 0.000 0.000 0.000 0.041 0.000 0.000 0.000 0.003 0.000 0.000 0.003 0.004 0.026 0.000 0.000 0.000 0.000 0.000 0.000 0.000 0.000 0.000 0.000 0.001 0.002 0.000 0.000 0.000 0.000 0.000 0.001 0.001 0.001 0.001 0.003 0.001 0.001 0.001 0.001 0.001 0.002 0.002 0.002 0.002 0.002 0.002 0.002 0.003 0.003 0.002 0.006 0.003 0.003 0.003 0.003
0.080 0.106 0.006 0.006 0.004 0.117 0.000 0.000 0.000 0.006 0.018 0.030 0.000 0.471 0.000 0.021 0.000 0.017 0.000 0.002 0.000 0.000 0.000 0.000 0.000 0.000 0.001 0.000 0.071 0.278 0.000 0.000 0.008 0.000 0.000 0.071 0.000 0.000 0.000 0.000 0.000 0.000 0.203 0.000 0.000 0.000 0.001 0.001 0.000 0.000 0.000 0.000 0.001 0.001 0.001 0.001 0.003 0.001 0.001 0.001 0.001 0.002 0.002 0.002 0.002 0.002 0.002 0.002 0.002 0.003 0.003 0.002 0.006 0.003 0.003 0.003 0.003
0.101 0.000 0.016 0.002 0.000 0.115 0.089 0.088 0.081 0.078 0.080 0.004 0.502 0.500 0.497 0.050 0.000 0.003 0.035 0.002 0.000 0.006 0.002 0.000 0.001 0.000 0.457 0.000 0.000 0.051 0.009 0.014 0.004 0.014 0.000 0.000 0.000 0.000 0.000 0.001 0.000 0.000 0.002 0.273 0.000 0.000 0.001 0.000 0.000 0.001 0.000 0.001 0.001 0.001 0.001 0.001 0.003 0.001 0.002 0.002 0.002 0.002 0.002 0.002 0.002 0.002 0.002 0.002 0.002 0.003 0.003 0.002 0.006 0.003 0.003 0.004 0.004
0.000 0.004 0.013 0.012 0.018 0.000 0.080 0.000 0.000 0.077 0.000 0.490 0.000 0.016 0.000 0.000 0.000 0.001 0.000 0.000 0.003 0.000 0.002 0.000 0.000 0.002 0.000 0.000 0.000 0.000 0.000 0.398 0.002 0.000 0.000 0.043 0.332 0.000 0.000 0.000 0.000 0.000 0.003 0.000 0.000 0.001 0.000 0.000 0.000 0.000 0.001 0.000 0.001 0.001 0.001 0.001 0.004 0.002 0.002 0.002 0.002 0.002 0.002 0.002 0.002 0.002 0.002 0.002 0.003 0.003 0.003 0.002 0.006 0.003 0.003 0.004 0.004
0.033 0.023 0.018 0.018 0.000 0.039 0.057 0.049 0.049 0.073 0.055 0.001 0.040 0.050 0.000 0.000 0.000 0.003 0.000 0.000 0.003 0.001 0.002 0.001 0.002 0.001 0.000 0.001 0.000 0.004 0.054 0.004 0.009 0.000 0.000 0.000 0.001 0.000 0.000 0.000 0.000 0.000 0.000 0.002 0.001 0.000 0.000 0.000 0.000 0.001 0.000 0.001 0.000 0.001 0.001 0.001 0.004 0.002 0.002 0.002 0.002 0.002 0.002 0.002 0.002 0.002 0.002 0.003 0.003 0.003 0.003 0.003 0.006 0.003 0.004 0.004 0.004
0.035 0.029 0.024 0.023 0.026 0.038 0.047 0.051 0.050 0.000 0.051 0.048 0.044 0.000 0.000 0.000 0.000 0.004 0.001 0.002 0.003 0.003 0.002 0.001 0.002 0.000 0.000 0.000 0.000 0.000 0.000 0.000 0.010 0.000 0.000 0.000 0.056 0.056 0.000 0.052 0.052 0.000 0.000 0.000 0.001 0.001 0.001 0.000 0.001 0.000 0.001 0.000 0.001 0.001 0.001 0.001 0.004 0.002 0.002 0.002 0.002 0.002 0.002 0.002 0.002 0.002 0.003 0.003 0.003 0.003 0.003 0.003 0.006 0.003 0.004 0.004 0.004
0.035 0.031 0.028 0.027 0.031 0.037 0.043 0.048 0.045 0.046 0.048 0.000 0.042 0.000 0.001 0.000 0.002 0.003 0.002 0.003 0.004 0.003 0.002 0.001 0.002 0.000 0.000 0.443 0.000 0.000 0.000 0.000 0.010 0.000 0.042 0.425 0.000 0.374 0.056 0.000 0.000 0.000 0.000 0.000 0.000 0.000 0.000 0.001 0.000 0.001 0.001 0.001 0.001 0.001 0.001 0.001 0.004 0.002 0.002 0.002 0.002 0.002 0.002 0.002 0.002 0.003 0.003 0.003 0.003 0.003 0.003 0.003 0.006 0.004 0.004 0.004 0.004
