includes/camargue/floodfiles/results_R4_t1.562344205135E12/res-0008.wdfp
ncols         906
nrows         631
xllcorner     362177.146667
yllcorner     6534725.688020
cellsize      20.000000
NODATA_value  -9999.000000
[rows 578 to 611 of 631, columns 539 to 615 of 906]
4.220 4.220 4.177 4.134 4.091 4.049 4.016 4.047 4.079 4.110 4.142 4.173 4.205 4.236 4.268 4.282 4.281 4.281 4.277 4.275 4.273 4.290 4.315 4.340 4.365 4.389 4.380 4.358 4.337 4.315 4.293 4.271 4.250 4.250 4.206 4.184 4.163 4.186 4.209 4.233 4.256 4.280 4.303 4.327 4.350 4.366 4.372 4.378 4.384 4.384 4.396 4.402 4.443 4.553 4.662 4.772 4.882 4.992 5.102 5.211 5.321 5.431 5.541 5.651 5.760 5.760 5.883 5.904 5.927 5.949 5.972 5.995 6.018 6.041 6.064 6.087 6.110
4.411 4.411 4.369 4.326 4.283 4.241 4.213 4.245 4.276 4.308 4.339 4.371 4.402 4.415 4.413 4.411 4.409 4.409 4.405 4.403 4.401 4.421 4.446 4.471 4.496 4.521 4.546 4.562 4.540 4.519 4.497 4.475 4.453 4.453 4.410 4.388 4.366 4.387 4.411 4.434 4.458 4.481 4.505 4.528 4.541 4.547 4.553 4.560 4.566 4.566 4.578 4.584 4.601 4.711 4.821 4.930 5.040 5.150 5.260 5.370 5.479 5.589 5.699 5.809 5.903 5.903 5.952 5.972 5.992 6.012 6.032 6.055 6.078 6.101 6.123 6.146 6.169
4.548 4.548 4.559 4.518 4.475 4.432 4.410 4.442 4.473 4.505 4.536 4.547 4.545 4.543 4.541 4.539 4.537 4.537 4.534 4.532 4.530 4.553 4.578 4.603 4.627 4.652 4.677 4.702 4.727 4.722 4.701 4.679 4.657 4.657 4.614 4.592 4.570 4.588 4.612 4.635 4.659 4.682 4.706 4.717 4.723 4.729 4.735 4.741 4.747 4.747 4.760 4.766 4.772 4.869 4.979 5.089 5.198 5.308 5.418 5.528 5.638 5.747 5.857 5.945 5.970 5.971 6.021 6.041 6.060 6.080 6.100 6.120 6.140 6.160 6.183 6.206 6.229
4.658 4.658 4.670 4.681 4.667 4.624 4.608 4.639 4.671 4.679 4.677 4.675 4.673 4.671 4.669 4.668 4.666 4.666 4.662 4.660 4.659 4.684 4.709 4.734 4.759 4.784 4.809 4.834 4.858 4.883 4.904 4.883 4.861 4.861 4.817 4.796 4.774 4.790 4.813 4.837 4.860 4.884 4.892 4.898 4.904 4.910 4.917 4.923 4.929 4.929 4.941 4.947 4.953 5.027 5.137 5.247 5.357 5.466 5.576 5.686 5.796 5.906 5.987 6.013 6.038 6.038 6.089 6.110 6.129 6.149 6.169 6.189 6.209 6.229 6.248 6.268 6.288
4.769 4.769 4.780 4.791 4.802 4.814 4.805 4.811 4.809 4.807 4.805 4.804 4.802 4.800 4.798 4.796 4.794 4.794 4.790 4.788 4.791 4.816 4.841 4.866 4.890 4.915 4.940 4.965 4.990 5.015 5.040 5.065 5.065 5.065 5.021 4.999 4.978 4.991 5.015 5.038 5.062 5.068 5.074 5.080 5.086 5.092 5.098 5.104 5.111 5.111 5.123 5.129 5.135 5.185 5.295 5.405 5.515 5.625 5.734 5.844 5.954 6.029 6.055 6.080 6.106 6.106 6.157 6.178 6.198 6.218 6.238 6.258 6.278 6.298 6.317 6.337 6.357
4.879 4.879 4.890 4.902 4.913 4.895 4.914 4.940 4.938 4.936 4.934 4.932 4.930 4.928 4.926 4.924 4.922 4.922 4.919 4.917 4.922 4.947 4.972 4.997 5.022 5.047 5.072 5.096 5.121 5.146 5.171 5.196 5.221 5.221 5.225 5.203 5.181 5.193 5.216 5.237 5.243 5.249 5.255 5.262 5.268 5.274 5.280 5.286 5.292 5.292 5.304 5.311 5.317 5.344 5.453 5.563 5.673 5.783 5.893 6.002 6.072 6.097 6.123 6.148 6.174 6.174 6.225 6.247 6.267 6.287 6.307 6.327 6.347 6.366 6.386 6.406 6.426
4.989 4.989 5.000 4.978 4.955 4.933 4.962 5.018 5.066 5.064 5.062 5.060 5.058 5.056 5.055 5.053 5.051 5.051 5.047 5.045 5.054 5.079 5.103 5.128 5.153 5.178 5.203 5.228 5.253 5.278 5.303 5.327 5.352 5.352 5.402 5.407 5.385 5.394 5.413 5.419 5.425 5.431 5.437 5.443 5.449 5.455 5.462 5.468 5.474 5.474 5.486 5.492 5.498 5.505 5.612 5.722 5.831 5.941 6.051 6.114 6.139 6.165 6.190 6.216 6.241 6.241 6.292 6.316 6.336 6.356 6.376 6.396 6.416 6.435 6.455 6.475 6.495
5.061 5.061 5.038 5.016 4.993 4.971 5.009 5.065 5.121 5.177 5.191 5.189 5.187 5.185 5.183 5.181 5.179 5.179 5.175 5.173 5.185 5.210 5.235 5.260 5.285 5.310 5.335 5.359 5.384 5.409 5.434 5.459 5.484 5.484 5.534 5.559 5.583 5.588 5.594 5.600 5.606 5.613 5.619 5.625 5.631 5.637 5.643 5.649 5.655 5.655 5.668 5.674 5.680 5.686 5.770 5.880 5.989 6.099 6.156 6.182 6.207 6.233 6.258 6.284 6.309 6.309 6.360 6.385 6.405 6.425 6.445 6.465 6.484 6.504 6.524 6.544 6.564
5.099 5.099 5.076 5.054 5.031 5.009 5.057 5.113 5.169 5.224 5.280 5.317 5.315 5.313 5.311 5.309 5.308 5.308 5.304 5.302 5.317 5.342 5.366 5.391 5.416 5.441 5.466 5.491 5.516 5.541 5.566 5.590 5.615 5.615 5.665 5.639 5.603 5.694 5.718 5.742 5.766 5.790 5.800 5.807 5.813 5.819 5.825 5.831 5.837 5.837 5.849 5.856 5.862 5.868 5.928 6.038 6.148 6.198 6.224 6.249 6.275 6.300 6.326 6.351 6.377 6.377 6.428 6.453 6.474 6.494 6.514 6.533 6.553 6.573 6.593 6.613 6.604
5.137 5.137 5.114 5.092 5.069 5.049 5.105 5.161 5.216 5.272 5.328 5.383 5.439 5.441 5.440 5.438 5.436 5.436 5.432 5.430 5.448 5.473 5.498 5.523 5.548 5.572 5.597 5.622 5.647 5.672 5.697 5.722 5.714 5.714 5.642 5.607 5.609 5.728 5.794 5.818 5.842 5.867 5.891 5.915 5.939 5.963 5.987 6.011 6.019 6.019 6.031 6.037 6.043 6.049 6.086 6.196 6.240 6.266 6.291 6.317 6.342 6.368 6.393 6.419 6.444 6.444 6.495 6.521 6.543 6.563 6.583 6.602 6.622 6.642 6.658 6.650 6.642
5.137 5.137 5.114 5.092 5.069 5.049 5.105 5.161 5.216 5.272 5.328 5.383 5.439 5.441 5.440 5.438 5.436 5.436 5.432 5.430 5.448 5.473 5.498 5.523 5.548 5.572 5.597 5.622 5.647 5.672 5.697 5.722 5.714 5.714 5.642 5.607 5.609 5.728 5.794 5.818 5.842 5.866 5.890 5.915 5.939 5.963 5.987 6.011 6.019 6.019 6.031 6.037 6.043 6.049 6.086 6.196 6.240 6.266 6.291 6.317 6.342 6.368 6.393 6.419 6.444 6.444 6.495 6.521 6.543 6.563 6.582 6.602 6.622 6.642 6.658 6.650 6.642
5.175 5.175 5.152 5.130 5.107 5.097 5.153 5.208 5.264 5.320 5.375 5.431 5.487 5.543 5.568 5.566 5.564 5.564 5.560 5.559 5.580 5.604 5.629 5.654 5.679 5.704 5.729 5.754 5.779 5.790 5.754 5.718 5.682 5.682 5.611 5.575 5.631 5.749 5.867 5.895 5.919 5.943 5.967 5.991 6.015 6.039 6.063 6.087 6.111 6.111 6.159 6.183 6.208 6.231 6.245 6.283 6.308 6.334 6.359 6.385 6.410 6.436 6.461 6.487 6.512 6.512 6.563 6.589 6.612 6.631 6.651 6.671 6.691 6.704 6.696 6.687 6.679
5.213 5.213 5.190 5.168 5.145 5.144 5.200 5.256 5.312 5.367 5.423 5.479 5.535 5.590 5.646 5.694 5.693 5.693 5.689 5.687 5.711 5.736 5.761 5.786 5.810 5.835 5.860 5.830 5.794 5.758 5.722 5.686 5.650 5.650 5.579 5.543 5.652 5.770 5.888 5.971 5.995 6.019 6.044 6.068 6.092 6.116 6.140 6.164 6.188 6.188 6.236 6.260 6.284 6.308 6.330 6.354 6.378 6.402 6.427 6.452 6.478 6.503 6.529 6.554 6.580 6.580 6.631 6.656 6.681 6.700 6.720 6.740 6.750 6.741 6.733 6.725 6.716
5.289 5.289 5.266 5.244 5.221 5.240 5.296 5.351 5.407 5.463 5.519 5.574 5.630 5.686 5.742 5.797 5.853 5.853 5.945 5.949 5.974 5.982 5.946 5.910 5.874 5.838 5.802 5.766 5.730 5.694 5.658 5.623 5.587 5.587 5.515 5.576 5.695 5.813 5.931 6.049 6.148 6.173 6.197 6.221 6.245 6.269 6.293 6.317 6.341 6.341 6.389 6.413 6.436 6.458 6.479 6.501 6.525 6.549 6.573 6.597 6.621 6.645 6.669 6.693 6.717 6.717 6.766 6.792 6.817 6.838 6.841 6.833 6.825 6.816 6.808 6.799 6.791
5.327 5.327 5.304 5.282 5.259 5.288 5.343 5.399 5.455 5.510 5.566 5.622 5.678 5.734 5.789 5.845 5.901 5.901 6.012 6.021 5.986 5.950 5.914 5.878 5.842 5.806 5.770 5.734 5.698 5.662 5.626 5.591 5.555 5.555 5.483 5.598 5.716 5.834 5.952 6.071 6.189 6.249 6.273 6.297 6.321 6.345 6.369 6.393 6.417 6.417 6.465 6.490 6.511 6.532 6.554 6.575 6.599 6.623 6.647 6.671 6.695 6.718 6.742 6.766 6.790 6.790 6.838 6.862 6.886 6.887 6.879 6.870 6.862 6.854 6.845 6.837 6.828
5.365 5.365 5.342 5.320 5.297 5.335 5.391 5.447 5.502 5.558 5.614 5.670 5.725 5.781 5.837 5.893 5.942 5.942 6.005 5.997 5.954 5.918 5.882 5.846 5.810 5.774 5.738 5.702 5.666 5.631 5.595 5.559 5.523 5.523 5.501 5.619 5.737 5.855 5.974 6.092 6.210 6.326 6.350 6.374 6.398 6.422 6.446 6.470 6.494 6.494 6.542 6.564 6.585 6.607 6.628 6.650 6.672 6.696 6.720 6.744 6.768 6.792 6.816 6.840 6.864 6.864 6.912 6.936 6.938 6.930 6.920 6.910 6.899 6.891 6.883 6.874 6.866
5.403 5.403 5.380 5.358 5.335 5.383 5.439 5.494 5.550 5.606 5.662 5.717 5.773 5.829 5.868 5.900 5.931 5.931 5.994 5.972 5.930 5.887 5.850 5.814 5.778 5.742 5.706 5.670 5.634 5.599 5.563 5.527 5.491 5.491 5.522 5.640 5.759 5.877 5.995 6.113 6.231 6.350 6.426 6.450 6.474 6.498 6.522 6.546 6.570 6.570 6.617 6.638 6.660 6.681 6.703 6.724 6.746 6.770 6.794 6.818 6.842 6.866 6.890 6.914 6.938 6.938 6.986 6.986 6.980 6.974 6.964 6.953 6.943 6.933 6.922 6.912 6.903
5.441 5.441 5.418 5.396 5.375 5.431 5.486 5.542 5.598 5.654 5.709 5.763 5.795 5.826 5.858 5.889 5.921 5.921 5.984 5.948 5.905 5.863 5.820 5.782 5.746 5.710 5.674 5.638 5.603 5.567 5.531 5.495 5.459 5.459 5.543 5.662 5.780 5.898 6.016 6.135 6.253 6.371 6.489 6.527 6.551 6.575 6.599 6.623 6.647 6.647 6.692 6.713 6.734 6.756 6.777 6.799 6.820 6.844 6.868 6.891 6.916 6.939 6.963 6.987 7.011 7.011 7.034 7.028 7.023 7.018 7.007 6.997 6.987 6.976 6.966 6.955 6.945
5.479 5.479 5.456 5.434 5.423 5.478 5.534 5.590 5.646 5.690 5.722 5.753 5.785 5.816 5.848 5.879 5.911 5.911 5.966 5.923 5.881 5.838 5.796 5.753 5.714 5.678 5.642 5.606 5.571 5.535 5.499 5.463 5.427 5.427 5.565 5.683 5.801 5.919 6.038 6.156 6.274 6.392 6.510 6.603 6.627 6.651 6.675 6.699 6.723 6.723 6.766 6.787 6.809 6.830 6.852 6.873 6.895 6.917 6.941 6.965 6.989 7.013 7.037 7.061 7.085 7.085 7.077 7.071 7.066 7.060 7.051 7.041 7.030 7.020 7.010 6.999 6.989
5.442 5.442 5.487 5.472 5.470 5.526 5.582 5.617 5.648 5.680 5.711 5.743 5.774 5.806 5.837 5.869 5.900 5.900 5.941 5.899 5.856 5.814 5.771 5.729 5.686 5.646 5.611 5.575 5.539 5.503 5.467 5.431 5.395 5.395 5.586 5.704 5.822 5.941 6.059 6.177 6.295 6.414 6.532 6.650 6.704 6.728 6.752 6.776 6.798 6.798 6.841 6.862 6.883 6.905 6.926 6.948 6.969 6.991 7.015 7.039 7.063 7.087 7.111 7.135 7.130 7.130 7.119 7.114 7.108 7.103 7.095 7.084 7.074 7.064 7.053 7.043 7.032
5.385 5.385 5.430 5.476 5.512 5.544 5.575 5.607 5.638 5.670 5.701 5.733 5.764 5.796 5.827 5.859 5.890 5.890 5.917 5.874 5.832 5.789 5.747 5.704 5.662 5.619 5.579 5.543 5.507 5.471 5.435 5.399 5.371 5.371 5.607 5.726 5.844 5.962 6.080 6.198 6.317 6.435 6.553 6.671 6.780 6.804 6.828 6.851 6.872 6.872 6.915 6.936 6.958 6.979 7.001 7.022 7.044 7.065 7.088 7.112 7.136 7.160 7.184 7.178 7.173 7.173 7.162 7.157 7.151 7.146 7.139 7.128 7.118 7.107 7.097 7.087 7.076
5.329 5.328 5.387 5.455 5.503 5.533 5.565 5.596 5.628 5.659 5.691 5.722 5.754 5.785 5.817 5.848 5.880 5.880 5.892 5.850 5.807 5.765 5.722 5.680 5.637 5.595 5.552 5.511 5.475 5.439 5.403 5.367 5.392 5.392 5.629 5.747 5.865 5.983 6.101 6.220 6.338 6.456 6.574 6.693 6.811 6.881 6.904 6.925 6.947 6.947 6.989 7.011 7.032 7.054 7.075 7.097 7.118 7.139 7.162 7.186 7.210 7.232 7.227 7.221 7.216 7.216 7.205 7.199 7.194 7.188 7.182 7.172 7.161 7.151 7.141 7.130 7.120
5.316 5.316 5.384 5.453 5.495 5.525 5.555 5.586 5.618 5.649 5.681 5.712 5.744 5.775 5.807 5.838 5.870 5.870 5.868 5.825 5.783 5.740 5.698 5.655 5.613 5.570 5.527 5.485 5.443 5.407 5.371 5.335 5.413 5.413 5.650 5.768 5.886 6.004 6.123 6.241 6.359 6.477 6.596 6.714 6.832 6.934 6.975 7.000 7.021 7.021 7.064 7.085 7.107 7.128 7.150 7.171 7.192 7.214 7.236 7.260 7.280 7.275 7.269 7.264 7.258 7.258 7.247 7.242 7.236 7.231 7.225 7.215 7.205 7.195 7.184 7.174 7.163
5.313 5.313 5.382 5.450 5.486 5.516 5.546 5.576 5.607 5.639 5.670 5.702 5.733 5.765 5.796 5.828 5.859 5.859 5.843 5.800 5.758 5.715 5.673 5.630 5.588 5.545 5.503 5.460 5.418 5.375 5.339 5.316 5.435 5.435 5.671 5.789 5.908 6.026 6.144 6.249 6.352 6.455 6.559 6.662 6.765 6.846 6.896 6.937 6.977 6.977 7.058 7.098 7.138 7.179 7.219 7.246 7.267 7.288 7.310 7.328 7.323 7.317 7.312 7.306 7.301 7.301 7.290 7.285 7.279 7.274 7.268 7.259 7.249 7.238 7.228 7.218 7.207
5.310 5.310 5.379 5.447 5.477 5.507 5.538 5.568 5.598 5.628 5.660 5.691 5.723 5.754 5.786 5.817 5.849 5.849 5.818 5.776 5.733 5.691 5.648 5.606 5.563 5.521 5.478 5.436 5.393 5.351 5.308 5.338 5.456 5.456 5.663 5.767 5.870 5.973 6.077 6.180 6.283 6.386 6.490 6.593 6.696 6.759 6.813 6.857 6.898 6.898 6.978 7.019 7.059 7.099 7.140 7.180 7.220 7.261 7.295 7.326 7.366 7.360 7.355 7.349 7.344 7.344 7.333 7.327 7.322 7.316 7.311 7.303 7.292 7.282 7.272 7.261 7.223
5.308 5.308 5.376 5.439 5.469 5.499 5.529 5.559 5.589 5.619 5.650 5.681 5.713 5.744 5.776 5.807 5.839 5.839 5.794 5.751 5.709 5.666 5.624 5.581 5.539 5.496 5.454 5.411 5.369 5.318 5.262 5.292 5.388 5.388 5.595 5.698 5.801 5.904 6.008 6.111 6.214 6.318 6.421 6.524 6.616 6.671 6.726 6.778 6.818 6.818 6.899 6.939 6.980 7.020 7.060 7.101 7.141 7.177 7.182 7.205 7.253 7.300 7.348 7.392 7.386 7.386 7.375 7.370 7.364 7.359 7.354 7.347 7.336 7.326 7.315 7.266 7.192
5.308 5.308 5.376 5.439 5.469 5.499 5.529 5.559 5.589 5.619 5.650 5.681 5.713 5.744 5.776 5.807 5.839 5.839 5.794 5.751 5.709 5.666 5.624 5.581 5.539 5.496 5.454 5.411 5.369 5.318 5.262 5.291 5.388 5.388 5.594 5.698 5.801 5.904 6.008 6.111 6.214 6.318 6.421 6.524 6.616 6.671 6.726 6.778 6.818 6.818 6.899 6.939 6.980 7.020 7.060 7.101 7.141 7.177 7.182 7.205 7.253 7.300 7.348 7.392 7.386 7.386 7.375 7.370 7.364 7.359 7.353 7.346 7.336 7.326 7.315 7.266 7.192
5.305 5.305 5.374 5.430 5.460 5.490 5.520 5.551 5.581 5.611 5.641 5.671 5.702 5.734 5.765 5.797 5.828 5.828 5.769 5.727 5.684 5.642 5.599 5.557 5.514 5.472 5.423 5.367 5.311 5.256 5.200 5.258 5.324 5.324 5.526 5.629 5.732 5.836 5.939 6.042 6.145 6.249 6.352 6.455 6.529 6.583 6.638 6.692 6.739 6.739 6.820 6.860 6.900 6.941 6.981 7.021 7.060 7.065 7.069 7.085 7.132 7.180 7.228 7.275 7.323 7.323 7.418 7.413 7.407 7.402 7.396 7.390 7.380 7.369 7.310 7.236 7.162
5.302 5.302 5.371 5.422 5.452 5.482 5.512 5.542 5.572 5.602 5.632 5.663 5.693 5.723 5.755 5.786 5.818 5.818 5.745 5.702 5.660 5.617 5.575 5.529 5.473 5.417 5.361 5.305 5.249 5.193 5.158 5.225 5.291 5.291 5.457 5.560 5.663 5.767 5.870 5.973 6.077 6.180 6.283 6.386 6.441 6.495 6.550 6.605 6.659 6.659 6.741 6.781 6.821 6.862 6.902 6.942 6.947 6.952 6.957 6.964 7.012 7.059 7.107 7.155 7.202 7.202 7.298 7.345 7.393 7.441 7.439 7.433 7.423 7.354 7.280 7.206 7.132
5.297 5.297 5.366 5.405 5.435 5.465 5.495 5.525 5.555 5.585 5.615 5.646 5.676 5.706 5.736 5.766 5.781 5.781 5.683 5.627 5.571 5.515 5.459 5.403 5.348 5.292 5.236 5.180 5.124 5.068 5.092 5.158 5.224 5.224 5.356 5.423 5.526 5.629 5.732 5.836 5.939 6.042 6.146 6.211 6.265 6.320 6.375 6.429 6.484 6.484 6.582 6.622 6.663 6.703 6.712 6.717 6.722 6.727 6.731 6.736 6.771 6.818 6.866 6.914 6.961 6.961 7.057 7.104 7.152 7.200 7.221 7.214 7.206 7.196 7.186 7.146 7.072
5.294 5.294 5.363 5.396 5.426 5.456 5.486 5.517 5.547 5.577 5.607 5.637 5.667 5.697 5.727 5.745 5.730 5.730 5.621 5.565 5.509 5.453 5.397 5.341 5.285 5.229 5.173 5.117 5.061 5.005 5.058 5.124 5.191 5.191 5.323 5.389 5.457 5.560 5.664 5.767 5.870 5.974 6.069 6.123 6.178 6.232 6.287 6.342 6.396 6.396 6.503 6.543 6.584 6.595 6.600 6.604 6.609 6.614 6.618 6.623 6.650 6.698 6.746 6.793 6.841 6.841 6.936 6.984 7.032 7.035 7.028 7.021 7.013 7.003 6.993 6.984 6.974
5.292 5.292 5.358 5.388 5.418 5.448 5.478 5.508 5.538 5.568 5.598 5.628 5.658 5.666 5.674 5.683 5.658 5.658 5.558 5.502 5.446 5.390 5.334 5.278 5.222 5.167 5.111 5.055 4.999 4.958 5.025 5.091 5.157 5.157 5.290 5.356 5.422 5.491 5.595 5.698 5.801 5.905 5.981 6.035 6.090 6.145 6.199 6.254 6.308 6.308 6.418 6.464 6.477 6.482 6.487 6.492 6.496 6.501 6.506 6.511 6.530 6.577 6.625 6.673 6.720 6.720 6.816 6.855 6.849 6.842 6.835 6.828 6.820 6.810 6.801 6.791 6.781
5.289 5.289 5.349 5.379 5.409 5.439 5.469 5.500 5.530 5.560 5.579 5.587 5.595 5.604 5.612 5.621 5.586 5.586 5.490 5.439 5.384 5.328 5.272 5.216 5.160 5.104 5.048 4.992 4.936 4.925 4.991 5.057 5.124 5.124 5.256 5.322 5.389 5.455 5.526 5.629 5.733 5.836 5.893 5.948 6.002 6.057 6.111 6.166 6.221 6.221 6.338 6.376 6.365 6.369 6.374 6.379 6.384 6.388 6.393 6.398 6.409 6.457 6.505 6.552 6.600 6.600 6.669 6.663 6.656 6.649 6.642 6.635 6.627 6.618 6.608 6.598 6.588
5.286 5.286 5.340 5.371 5.401 5.431 5.461 5.491 5.500 5.508 5.516 5.525 5.533 5.542 5.550 5.559 5.514 5.514 5.418 5.370 5.321 5.265 5.209 5.153 5.097 5.041 4.985 4.929 4.874 4.891 4.958 5.024 5.090 5.090 5.223 5.289 5.355 5.421 5.488 5.560 5.664 5.751 5.805 5.860 5.914 5.969 6.030 6.092 6.154 6.154 6.280 6.311 6.295 6.280 6.264 6.266 6.271 6.275 6.280 6.285 6.290 6.336 6.384 6.432 6.479 6.479 6.476 6.470 6.463 6.456 6.449 6.442 6.435 6.425 6.415 6.405 6.396
