includes/camargue/floodfiles/results_R4_t1.562344205135E12/res-0003.wd
ncols         906
nrows         631
xllcorner     362177.146667
yllcorner     6534725.688020
cellsize      20.000000
NODATA_value  -9999.000000
[rows 408 to 441 of 631, columns 770 to 846 of 906]
4.865 4.899 4.933 4.967 5.001 5.035 5.069 5.106 5.143 5.180 5.217 5.291 5.291 5.328 5.367 5.406 5.446 5.486 5.525 5.564 5.603 5.641 5.679 5.717 5.755 5.793 5.832 5.901 5.901 5.931 5.962 5.993 6.023 6.054 6.085 6.116 6.146 6.177 6.208 6.239 6.269 6.299 6.308 6.316 6.316 6.334 6.343 6.351 6.360 6.369 6.377 6.386 6.395 6.403 6.412 6.421 6.446 6.476 6.505 6.522 6.522 6.541 6.551 6.560 6.570 6.579 6.594 6.614 6.633 6.652 6.671 6.690 6.709 6.725 6.734 6.742 6.742
4.896 4.930 4.964 4.998 5.032 5.069 5.106 5.143 5.180 5.217 5.254 5.328 5.328 5.364 5.404 5.443 5.483 5.523 5.562 5.602 5.642 5.680 5.718 5.756 5.794 5.833 5.871 5.939 5.939 5.969 6.000 6.031 6.061 6.092 6.123 6.154 6.185 6.215 6.247 6.284 6.321 6.353 6.376 6.384 6.384 6.402 6.410 6.419 6.428 6.437 6.445 6.454 6.463 6.471 6.480 6.497 6.527 6.556 6.585 6.607 6.607 6.626 6.636 6.645 6.655 6.664 6.674 6.683 6.698 6.717 6.736 6.755 6.774 6.790 6.799 6.807 6.807
4.927 4.961 4.995 5.032 5.069 5.106 5.143 5.180 5.217 5.254 5.291 5.364 5.364 5.401 5.441 5.481 5.520 5.560 5.600 5.639 5.679 5.719 5.757 5.796 5.834 5.872 5.910 5.977 5.977 6.007 6.038 6.069 6.100 6.130 6.161 6.192 6.226 6.263 6.300 6.337 6.374 6.404 6.431 6.452 6.452 6.470 6.478 6.487 6.496 6.504 6.513 6.522 6.530 6.539 6.548 6.577 6.607 6.636 6.665 6.692 6.692 6.711 6.721 6.730 6.740 6.749 6.759 6.768 6.778 6.788 6.801 6.820 6.839 6.856 6.864 6.872 6.872
4.927 4.961 4.995 5.032 5.069 5.106 5.143 5.180 5.217 5.254 5.291 5.364 5.364 5.401 5.441 5.481 5.520 5.560 5.600 5.639 5.679 5.719 5.757 5.796 5.834 5.872 5.910 5.977 5.977 6.007 6.038 6.069 6.100 6.130 6.161 6.192 6.226 6.263 6.300 6.337 6.374 6.404 6.430 6.452 6.452 6.470 6.478 6.487 6.496 6.504 6.513 6.522 6.530 6.539 6.548 6.577 6.607 6.636 6.665 6.692 6.692 6.711 6.720 6.730 6.740 6.749 6.759 6.769 6.778 6.788 6.801 6.820 6.839 6.856 6.864 6.872 6.872
4.958 4.995 5.032 5.069 5.106 5.143 5.180 5.217 5.254 5.291 5.328 5.401 5.401 5.439 5.478 5.518 5.558 5.597 5.637 5.677 5.716 5.756 5.796 5.835 5.873 5.911 5.949 6.015 6.015 6.046 6.076 6.107 6.138 6.169 6.206 6.243 6.279 6.316 6.353 6.390 6.427 6.455 6.482 6.508 6.508 6.537 6.546 6.555 6.564 6.572 6.581 6.590 6.598 6.607 6.628 6.657 6.687 6.716 6.745 6.775 6.775 6.796 6.805 6.815 6.825 6.834 6.844 6.853 6.863 6.873 6.882 6.892 6.904 6.921 6.937 6.966 6.966
4.996 5.032 5.069 5.106 5.143 5.180 5.217 5.254 5.291 5.328 5.365 5.438 5.438 5.476 5.516 5.555 5.595 5.635 5.674 5.714 5.754 5.793 5.833 5.873 5.912 5.950 5.988 6.053 6.053 6.084 6.114 6.148 6.185 6.222 6.259 6.296 6.332 6.369 6.406 6.443 6.479 6.506 6.533 6.560 6.560 6.605 6.614 6.623 6.631 6.640 6.649 6.657 6.666 6.678 6.708 6.737 6.767 6.796 6.825 6.855 6.855 6.881 6.890 6.900 6.910 6.919 6.929 6.938 6.948 6.958 6.967 6.977 6.986 7.023 7.037 7.066 7.066
5.087 5.117 5.148 5.180 5.217 5.254 5.291 5.328 5.365 5.402 5.439 5.512 5.512 5.551 5.590 5.630 5.670 5.709 5.749 5.789 5.829 5.868 5.908 5.948 5.987 6.027 6.068 6.143 6.143 6.180 6.217 6.254 6.291 6.328 6.365 6.401 6.438 6.475 6.512 6.549 6.582 6.609 6.635 6.662 6.662 6.715 6.742 6.758 6.767 6.776 6.784 6.793 6.809 6.839 6.868 6.897 6.927 6.956 6.986 7.015 7.015 7.051 7.060 7.070 7.080 7.089 7.099 7.108 7.118 7.127 7.145 7.197 7.250 7.302 7.313 7.320 7.320
5.132 5.162 5.193 5.224 5.255 5.291 5.328 5.365 5.402 5.439 5.476 5.549 5.549 5.588 5.627 5.667 5.707 5.747 5.786 5.826 5.866 5.906 5.945 5.985 6.027 6.072 6.117 6.196 6.196 6.233 6.270 6.307 6.344 6.381 6.418 6.454 6.491 6.528 6.565 6.602 6.633 6.660 6.686 6.713 6.713 6.767 6.793 6.820 6.835 6.844 6.852 6.861 6.889 6.919 6.948 6.977 7.007 7.036 7.066 7.095 7.095 7.136 7.145 7.155 7.164 7.174 7.184 7.193 7.203 7.227 7.280 7.332 7.384 7.437 7.455 7.462 7.462
5.177 5.208 5.239 5.269 5.300 5.331 5.365 5.402 5.439 5.476 5.512 5.586 5.586 5.625 5.665 5.705 5.744 5.784 5.824 5.863 5.903 5.943 5.986 6.031 6.076 6.122 6.166 6.246 6.246 6.286 6.323 6.360 6.397 6.434 6.470 6.508 6.544 6.581 6.618 6.655 6.684 6.711 6.738 6.764 6.764 6.818 6.844 6.871 6.898 6.912 6.920 6.940 6.969 6.999 7.028 7.058 7.087 7.116 7.146 7.175 7.175 7.221 7.230 7.240 7.249 7.259 7.269 7.278 7.310 7.362 7.414 7.467 7.519 7.572 7.596 7.603 7.603
5.222 5.253 5.284 5.314 5.345 5.376 5.406 5.439 5.476 5.512 5.549 5.623 5.623 5.663 5.702 5.742 5.782 5.821 5.861 5.901 5.944 5.990 6.035 6.080 6.126 6.171 6.215 6.295 6.295 6.335 6.375 6.413 6.450 6.487 6.524 6.560 6.597 6.634 6.671 6.708 6.736 6.762 6.789 6.815 6.815 6.869 6.896 6.922 6.949 6.976 6.991 7.020 7.049 7.079 7.108 7.138 7.167 7.196 7.226 7.255 7.255 7.306 7.315 7.325 7.334 7.344 7.354 7.392 7.445 7.497 7.549 7.602 7.654 7.707 7.737 7.744 7.744
5.267 5.298 5.329 5.360 5.390 5.421 5.452 5.482 5.513 5.549 5.586 5.660 5.660 5.700 5.739 5.779 5.819 5.859 5.903 5.948 5.994 6.039 6.084 6.130 6.175 6.221 6.264 6.344 6.344 6.384 6.424 6.465 6.503 6.540 6.577 6.613 6.650 6.687 6.724 6.760 6.787 6.813 6.840 6.867 6.867 6.920 6.947 6.973 7.000 7.032 7.066 7.099 7.129 7.159 7.188 7.218 7.247 7.276 7.306 7.335 7.335 7.391 7.400 7.410 7.419 7.429 7.475 7.527 7.580 7.632 7.684 7.737 7.789 7.842 7.879 7.886 7.886
5.313 5.343 5.374 5.405 5.435 5.466 5.497 5.527 5.558 5.589 5.623 5.697 5.697 5.737 5.777 5.817 5.862 5.907 5.952 5.998 6.043 6.089 6.134 6.179 6.225 6.270 6.313 6.393 6.393 6.433 6.473 6.513 6.554 6.593 6.630 6.666 6.703 6.740 6.777 6.811 6.838 6.865 6.891 6.918 6.918 6.971 6.998 7.030 7.066 7.102 7.137 7.169 7.202 7.234 7.266 7.298 7.327 7.356 7.386 7.415 7.415 7.474 7.485 7.495 7.505 7.557 7.610 7.662 7.714 7.767 7.819 7.872 7.924 7.976 8.020 8.027 8.027
5.358 5.388 5.419 5.450 5.480 5.511 5.542 5.573 5.603 5.634 5.665 5.735 5.735 5.775 5.821 5.866 5.911 5.956 6.002 6.047 6.093 6.138 6.183 6.229 6.274 6.320 6.362 6.442 6.442 6.482 6.522 6.562 6.602 6.643 6.683 6.720 6.756 6.793 6.830 6.863 6.889 6.916 6.943 6.969 6.969 7.028 7.064 7.100 7.137 7.173 7.208 7.240 7.272 7.305 7.337 7.369 7.401 7.433 7.466 7.495 7.495 7.554 7.570 7.587 7.640 7.692 7.745 7.797 7.849 7.902 7.954 8.007 8.059 8.111 8.161 8.168 8.168
5.403 5.434 5.464 5.495 5.526 5.556 5.587 5.618 5.648 5.679 5.710 5.779 5.779 5.825 5.870 5.915 5.961 6.006 6.051 6.097 6.142 6.188 6.233 6.278 6.324 6.369 6.410 6.491 6.491 6.531 6.571 6.611 6.652 6.692 6.732 6.772 6.810 6.846 6.883 6.914 6.940 6.967 6.994 7.026 7.026 7.099 7.135 7.171 7.207 7.243 7.279 7.311 7.343 7.375 7.408 7.440 7.472 7.504 7.536 7.569 7.569 7.633 7.670 7.722 7.775 7.827 7.879 7.932 7.984 8.037 8.089 8.142 8.194 8.246 8.299 8.310 8.310
5.448 5.479 5.510 5.540 5.571 5.602 5.632 5.663 5.694 5.724 5.754 5.824 5.824 5.873 5.920 5.965 6.010 6.056 6.101 6.146 6.192 6.237 6.282 6.328 6.373 6.419 6.459 6.540 6.540 6.580 6.620 6.660 6.700 6.741 6.781 6.821 6.861 6.899 6.936 6.965 6.992 7.024 7.061 7.097 7.097 7.169 7.205 7.242 7.278 7.314 7.350 7.382 7.414 7.446 7.479 7.511 7.543 7.575 7.607 7.640 7.640 7.731 7.810 7.860 7.910 7.962 8.014 8.067 8.119 8.172 8.224 8.276 8.329 8.381 8.434 8.451 8.451
5.493 5.524 5.555 5.585 5.616 5.647 5.677 5.708 5.737 5.767 5.797 5.869 5.870 5.918 5.967 6.014 6.060 6.105 6.151 6.196 6.241 6.287 6.332 6.377 6.423 6.468 6.508 6.589 6.589 6.629 6.669 6.709 6.749 6.790 6.830 6.870 6.910 6.950 6.989 7.023 7.059 7.095 7.131 7.168 7.168 7.240 7.276 7.312 7.348 7.385 7.421 7.453 7.485 7.517 7.549 7.582 7.614 7.646 7.678 7.710 7.710 7.866 7.952 8.002 8.052 8.102 8.151 8.202 8.254 8.307 8.359 8.411 8.464 8.516 8.569 8.592 8.592
5.539 5.569 5.600 5.631 5.661 5.691 5.721 5.751 5.780 5.810 5.840 5.915 5.915 5.963 6.012 6.060 6.109 6.155 6.200 6.246 6.291 6.336 6.382 6.427 6.472 6.517 6.557 6.637 6.637 6.678 6.718 6.758 6.798 6.838 6.879 6.919 6.959 7.003 7.049 7.091 7.129 7.166 7.202 7.238 7.238 7.311 7.347 7.383 7.419 7.455 7.491 7.523 7.556 7.588 7.620 7.652 7.685 7.717 7.749 7.823 7.823 8.001 8.090 8.144 8.194 8.244 8.293 8.343 8.393 8.442 8.494 8.546 8.599 8.651 8.703 8.734 8.734
5.584 5.615 5.645 5.675 5.705 5.734 5.764 5.794 5.823 5.853 5.882 5.960 5.960 6.009 6.057 6.106 6.154 6.203 6.250 6.295 6.340 6.386 6.431 6.476 6.522 6.566 6.606 6.686 6.686 6.727 6.767 6.807 6.847 6.887 6.927 6.972 7.018 7.064 7.109 7.152 7.194 7.236 7.273 7.309 7.309 7.381 7.417 7.453 7.490 7.526 7.562 7.594 7.627 7.659 7.691 7.723 7.755 7.788 7.868 7.958 7.958 8.136 8.225 8.286 8.336 8.386 8.435 8.485 8.535 8.584 8.634 8.684 8.734 8.786 8.838 8.875 8.875
5.629 5.659 5.688 5.718 5.748 5.777 5.807 5.837 5.866 5.896 5.925 6.005 6.006 6.054 6.103 6.151 6.200 6.248 6.297 6.345 6.390 6.435 6.481 6.526 6.571 6.615 6.655 6.735 6.735 6.776 6.816 6.856 6.896 6.941 6.987 7.033 7.079 7.125 7.170 7.213 7.255 7.297 7.340 7.379 7.379 7.452 7.488 7.524 7.560 7.596 7.633 7.665 7.697 7.730 7.762 7.794 7.826 7.914 8.003 8.092 8.092 8.270 8.360 8.428 8.478 8.528 8.577 8.627 8.677 8.726 8.776 8.826 8.876 8.925 8.975 9.038 9.038
5.629 5.659 5.688 5.718 5.748 5.777 5.807 5.837 5.866 5.896 5.925 6.005 6.006 6.054 6.103 6.151 6.200 6.248 6.297 6.345 6.390 6.435 6.481 6.526 6.571 6.615 6.655 6.735 6.735 6.776 6.816 6.856 6.896 6.941 6.987 7.033 7.079 7.125 7.170 7.213 7.255 7.298 7.340 7.379 7.379 7.452 7.488 7.524 7.560 7.596 7.633 7.665 7.697 7.730 7.762 7.794 7.826 7.914 8.003 8.092 8.092 8.270 8.360 8.428 8.478 8.528 8.577 8.627 8.677 8.726 8.776 8.826 8.876 8.925 8.975 9.038 9.038
5.672 5.702 5.731 5.761 5.791 5.820 5.850 5.880 5.909 5.939 5.969 6.051 6.051 6.100 6.148 6.197 6.245 6.294 6.342 6.390 6.439 6.485 6.530 6.576 6.621 6.664 6.704 6.784 6.784 6.824 6.865 6.910 6.956 7.002 7.048 7.094 7.140 7.186 7.231 7.273 7.316 7.358 7.401 7.443 7.443 7.522 7.558 7.595 7.631 7.667 7.703 7.736 7.768 7.800 7.833 7.871 7.960 8.049 8.138 8.227 8.227 8.405 8.494 8.570 8.620 8.669 8.719 8.769 8.819 8.868 8.918 8.968 9.018 9.067 9.151 9.382 9.382
5.715 5.745 5.774 5.804 5.833 5.863 5.893 5.923 5.952 5.982 6.012 6.096 6.096 6.145 6.193 6.242 6.290 6.339 6.387 6.436 6.484 6.533 6.580 6.625 6.671 6.713 6.753 6.833 6.833 6.879 6.925 6.971 7.017 7.063 7.109 7.155 7.201 7.247 7.291 7.334 7.376 7.419 7.461 7.504 7.504 7.589 7.629 7.665 7.702 7.738 7.774 7.807 7.839 7.871 7.917 8.006 8.095 8.184 8.273 8.362 8.362 8.540 8.629 8.712 8.762 8.811 8.861 8.911 8.961 9.010 9.060 9.110 9.160 9.247 9.478 9.709 9.709
5.799 5.831 5.860 5.890 5.919 5.949 5.979 6.009 6.038 6.068 6.098 6.187 6.187 6.236 6.284 6.333 6.381 6.430 6.478 6.527 6.575 6.624 6.672 6.721 6.769 6.817 6.863 6.955 6.955 7.001 7.047 7.093 7.139 7.185 7.231 7.276 7.322 7.368 7.413 7.455 7.497 7.540 7.582 7.625 7.625 7.710 7.752 7.795 7.837 7.879 7.915 7.949 8.008 8.097 8.186 8.275 8.364 8.453 8.542 8.632 8.632 8.810 8.899 8.988 9.046 9.095 9.145 9.195 9.245 9.294 9.344 9.439 9.670 9.901 10.132 10.363 10.363
5.817 5.865 5.903 5.933 5.962 5.992 6.022 6.052 6.081 6.111 6.140 6.232 6.232 6.281 6.329 6.378 6.426 6.475 6.524 6.572 6.620 6.669 6.718 6.769 6.821 6.873 6.924 7.016 7.016 7.062 7.107 7.153 7.199 7.245 7.291 7.337 7.383 7.429 7.473 7.516 7.558 7.601 7.643 7.685 7.685 7.770 7.813 7.855 7.898 7.941 7.983 8.054 8.143 8.232 8.321 8.410 8.499 8.588 8.677 8.766 8.766 8.944 9.033 9.122 9.188 9.237 9.287 9.337 9.387 9.436 9.535 9.766 9.997 10.228 10.459 10.690 10.690
5.834 5.883 5.931 5.976 6.005 6.035 6.065 6.094 6.124 6.154 6.183 6.278 6.278 6.326 6.375 6.423 6.472 6.520 6.569 6.617 6.667 6.718 6.769 6.821 6.873 6.925 6.978 7.076 7.076 7.122 7.168 7.214 7.260 7.306 7.352 7.398 7.444 7.490 7.534 7.576 7.619 7.661 7.704 7.746 7.746 7.831 7.874 7.916 7.959 8.015 8.108 8.196 8.282 8.367 8.456 8.545 8.634 8.723 8.812 8.901 8.901 9.079 9.168 9.257 9.329 9.379 9.429 9.479 9.528 9.631 9.862 10.093 10.324 10.555 10.786 11.018 11.018
5.852 5.900 5.948 5.997 6.045 6.078 6.108 6.137 6.167 6.197 6.226 6.323 6.323 6.372 6.420 6.469 6.517 6.566 6.615 6.666 6.718 6.769 6.821 6.872 6.924 6.977 7.029 7.134 7.134 7.183 7.229 7.275 7.321 7.367 7.413 7.459 7.505 7.551 7.594 7.637 7.679 7.722 7.764 7.807 7.807 7.892 7.934 7.977 8.067 8.159 8.252 8.341 8.426 8.512 8.597 8.682 8.769 8.858 8.947 9.036 9.036 9.214 9.303 9.392 9.471 9.521 9.571 9.621 9.727 9.958 10.189 10.420 10.651 10.882 11.114 11.345 11.345
5.870 5.918 5.966 6.015 6.063 6.111 6.151 6.180 6.210 6.240 6.271 6.368 6.368 6.417 6.465 6.514 6.564 6.615 6.667 6.718 6.770 6.821 6.873 6.924 6.976 7.028 7.081 7.186 7.186 7.238 7.290 7.336 7.382 7.428 7.474 7.520 7.566 7.611 7.655 7.697 7.740 7.782 7.825 7.867 7.867 7.952 8.026 8.119 8.211 8.303 8.396 8.486 8.571 8.656 8.742 8.827 8.912 8.998 9.083 9.171 9.171 9.349 9.438 9.527 9.613 9.663 9.713 9.822 10.054 10.285 10.516 10.747 10.978 11.209 11.441 11.672 11.672
5.887 5.936 5.984 6.032 6.080 6.129 6.177 6.223 6.253 6.283 6.317 6.414 6.414 6.462 6.512 6.564 6.615 6.667 6.718 6.770 6.821 6.873 6.924 6.976 7.028 7.080 7.132 7.237 7.237 7.290 7.342 7.395 7.443 7.489 7.535 7.580 7.626 7.672 7.715 7.758 7.800 7.843 7.885 7.928 7.928 8.078 8.170 8.263 8.355 8.447 8.540 8.630 8.715 8.801 8.886 8.971 9.057 9.142 9.227 9.313 9.313 9.483 9.572 9.662 9.751 9.805 9.918 10.149 10.381 10.612 10.843 11.074 11.305 11.537 11.768 11.999 11.999
5.905 5.953 6.002 6.050 6.098 6.147 6.195 6.243 6.292 6.326 6.362 6.461 6.461 6.512 6.564 6.615 6.667 6.718 6.770 6.821 6.873 6.924 6.976 7.027 7.079 7.132 7.184 7.289 7.289 7.342 7.394 7.447 7.499 7.549 7.595 7.641 7.687 7.733 7.776 7.819 7.861 7.903 7.946 8.037 8.037 8.222 8.315 8.407 8.499 8.592 8.684 8.775 8.860 8.945 9.031 9.116 9.201 9.287 9.372 9.457 9.457 9.628 9.713 9.799 9.885 10.014 10.246 10.477 10.708 10.939 11.170 11.401 11.633 11.864 12.095 12.326 12.326
5.923 5.971 6.019 6.068 6.116 6.164 6.213 6.261 6.309 6.358 6.409 6.512 6.512 6.564 6.615 6.667 6.718 6.770 6.821 6.873 6.924 6.976 7.027 7.079 7.131 7.183 7.236 7.341 7.341 7.393 7.446 7.498 7.551 7.603 7.656 7.702 7.748 7.794 7.837 7.879 7.922 7.997 8.089 8.182 8.182 8.366 8.459 8.551 8.643 8.735 8.828 8.919 9.005 9.090 9.175 9.261 9.346 9.431 9.517 9.602 9.602 9.773 9.858 9.943 10.067 10.285 10.539 10.794 11.035 11.266 11.497 11.728 11.960 12.191 12.422 12.653 12.653
5.940 5.989 6.037 6.085 6.134 6.182 6.230 6.279 6.333 6.396 6.455 6.564 6.564 6.615 6.667 6.718 6.770 6.821 6.873 6.924 6.976 7.027 7.079 7.130 7.182 7.235 7.287 7.392 7.392 7.445 7.497 7.550 7.602 7.655 7.707 7.760 7.809 7.855 7.897 7.956 8.049 8.141 8.233 8.326 8.326 8.510 8.602 8.695 8.787 8.879 8.972 9.064 9.149 9.234 9.320 9.405 9.490 9.576 9.661 9.746 9.746 9.917 10.003 10.125 10.316 10.513 10.768 11.023 11.277 11.532 11.787 12.041 12.287 12.518 12.749 12.980 12.980
5.958 6.007 6.055 6.103 6.151 6.200 6.253 6.315 6.378 6.440 6.499 6.613 6.613 6.667 6.718 6.770 6.821 6.873 6.924 6.976 7.027 7.079 7.130 7.182 7.234 7.287 7.339 7.444 7.444 7.497 7.549 7.602 7.654 7.706 7.759 7.811 7.864 7.916 8.008 8.100 8.193 8.285 8.377 8.470 8.470 8.654 8.746 8.839 8.931 9.023 9.116 9.208 9.294 9.379 9.464 9.550 9.635 9.720 9.806 9.891 9.891 10.062 10.183 10.374 10.565 10.756 10.997 11.251 11.506 11.761 12.015 12.270 12.525 12.779 13.034 13.289 13.289
5.976 6.024 6.073 6.121 6.172 6.234 6.297 6.359 6.422 6.484 6.543 6.656 6.657 6.713 6.770 6.821 6.873 6.924 6.976 7.027 7.079 7.130 7.182 7.233 7.286 7.338 7.391 7.496 7.496 7.548 7.601 7.653 7.706 7.758 7.811 7.866 7.943 8.027 8.143 8.244 8.337 8.429 8.521 8.614 8.614 8.798 8.891 8.983 9.075 9.167 9.260 9.352 9.438 9.524 9.609 9.694 9.780 9.865 9.950 10.036 10.036 10.240 10.432 10.623 10.814 11.005 11.225 11.480 11.734 11.989 12.244 12.499 12.753 13.008 13.263 13.518 13.518
5.994 6.042 6.091 6.154 6.216 6.279 6.341 6.404 6.466 6.529 6.587 6.700 6.700 6.757 6.814 6.871 6.925 6.976 7.027 7.079 7.130 7.182 7.233 7.285 7.337 7.390 7.442 7.547 7.547 7.600 7.652 7.705 7.757 7.817 7.894 7.970 8.047 8.136 8.252 8.367 8.481 8.573 8.665 8.758 8.758 8.942 9.034 9.127 9.219 9.311 9.404 9.496 9.583 9.668 9.754 9.839 9.924 10.009 10.095 10.180 10.180 10.489 10.680 10.872 11.063 11.254 11.454 11.708 11.963 12.218 12.472 12.727 12.982 13.237 13.492 13.746 13.746
