includes/camargue/floodfiles/results_R4_t1.562344205135E12/res-0001.wdfp
ncols         906
nrows         631
xllcorner     362177.146667
yllcorner     6534725.688020
cellsize      20.000000
NODATA_value  -9999.000000
[rows 476 to 509 of 631, columns 77 to 153 of 906]
6.710 6.379 6.048 5.690 5.157 4.624 4.091 3.558 3.025 2.492 1.959 1.496 1.496 1.557 1.739 1.741 1.665 1.589 1.513 1.437 0.474 0.485 0.365 0.344 0.028 0.000 0.000 0.000 0.000 0.000 0.000 0.000 0.000 0.000 0.000 0.000 0.000 0.000 0.000 0.111 0.000 0.104 0.251 0.546 0.546 0.694 0.843 0.991 1.140 1.423 1.622 1.703 1.708 1.714 1.719 1.725 1.730 1.736 1.695 1.639 1.639 1.544 1.540 1.536 1.533 1.529 1.520 1.499 1.479 1.458 1.438 1.417 1.397 1.378 1.372 1.375 1.375
6.196 5.865 5.533 5.202 4.744 4.211 3.678 3.145 2.612 2.228 1.996 1.533 1.533 1.622 1.803 1.985 2.036 1.960 1.883 1.807 1.731 1.655 1.579 1.512 1.465 0.377 0.088 0.000 0.000 0.000 0.000 0.000 0.000 0.000 0.000 0.000 0.355 0.399 0.513 0.662 0.822 0.978 1.126 1.423 1.423 1.571 1.719 1.840 1.824 1.804 1.791 1.796 1.802 1.807 1.812 1.818 1.823 1.821 1.765 1.708 1.709 1.596 1.563 1.559 1.555 1.551 1.537 1.516 1.496 1.475 1.455 1.434 1.414 1.393 1.376 1.386 1.386
5.167 4.835 4.504 4.173 3.841 3.385 2.995 2.764 2.533 2.301 2.070 1.606 1.607 1.751 1.932 2.113 2.294 2.476 2.624 2.548 2.471 2.395 2.319 2.271 2.225 2.178 2.132 2.038 2.038 1.991 1.842 1.561 1.676 1.791 1.906 2.020 2.135 2.201 2.217 2.232 2.233 2.218 2.202 2.170 2.171 2.155 2.139 2.123 2.104 2.068 2.032 1.997 1.988 1.994 1.999 2.005 2.010 1.960 1.904 1.848 1.848 1.735 1.679 1.623 1.600 1.592 1.571 1.551 1.530 1.522 1.521 1.521 1.520 1.520 1.529 1.553 1.553
4.863 4.569 4.274 3.979 3.684 3.319 3.032 2.801 2.570 2.338 2.107 1.644 1.644 1.815 1.996 2.178 2.359 2.540 2.721 2.903 2.842 2.765 2.698 2.651 2.605 2.558 2.511 2.417 2.418 2.371 2.278 2.262 2.277 2.292 2.308 2.323 2.339 2.354 2.369 2.384 2.372 2.359 2.344 2.311 2.312 2.296 2.280 2.264 2.236 2.200 2.164 2.129 2.093 2.087 2.093 2.098 2.086 2.030 1.974 1.917 1.918 1.805 1.749 1.693 1.637 1.616 1.615 1.615 1.615 1.614 1.614 1.613 1.613 1.613 1.630 1.654 1.654
5.245 4.950 4.655 4.361 4.066 3.652 3.205 2.838 2.607 2.375 2.144 1.698 1.698 1.880 2.061 2.242 2.423 2.604 2.786 2.967 3.148 3.136 3.078 3.031 2.984 2.911 2.787 2.539 2.540 2.416 2.297 2.378 2.430 2.445 2.461 2.476 2.491 2.507 2.522 2.522 2.510 2.497 2.485 2.453 2.453 2.437 2.421 2.403 2.368 2.332 2.296 2.261 2.225 2.189 2.186 2.191 2.156 2.099 2.043 1.987 1.988 1.878 1.842 1.806 1.770 1.715 1.708 1.708 1.707 1.707 1.706 1.706 1.706 1.708 1.731 1.755 1.755
5.626 5.331 5.037 4.742 4.433 3.985 3.538 3.091 2.644 2.412 2.181 1.762 1.763 1.944 2.125 2.306 2.488 2.669 2.850 3.031 3.213 3.355 3.296 3.172 3.049 2.925 2.801 2.553 2.554 2.430 2.391 2.472 2.553 2.598 2.613 2.629 2.644 2.659 2.673 2.661 2.648 2.636 2.623 2.594 2.594 2.578 2.562 2.535 2.500 2.464 2.428 2.393 2.357 2.321 2.285 2.281 2.225 2.169 2.132 2.097 2.097 2.025 1.989 1.953 1.910 1.854 1.801 1.800 1.800 1.799 1.799 1.799 1.798 1.809 1.832 1.856 1.856
6.008 5.713 5.418 5.123 4.766 4.319 3.871 3.424 2.977 2.530 2.218 1.827 1.827 2.008 2.190 2.371 2.552 2.733 2.866 2.992 3.117 3.243 3.222 3.187 3.063 2.939 2.816 2.568 2.568 2.444 2.485 2.566 2.647 2.728 2.766 2.782 2.797 2.812 2.812 2.799 2.787 2.774 2.761 2.735 2.736 2.720 2.703 2.667 2.632 2.596 2.560 2.524 2.489 2.452 2.407 2.385 2.351 2.315 2.279 2.244 2.244 2.172 2.136 2.100 2.049 1.994 1.938 1.893 1.892 1.892 1.892 1.891 1.891 1.910 1.934 1.957 1.957
6.389 6.094 5.800 5.505 5.099 4.652 4.205 3.758 3.310 2.863 2.416 1.891 1.892 2.073 2.251 2.377 2.502 2.628 2.754 2.879 3.005 3.127 3.099 3.071 3.043 2.953 2.830 2.582 2.582 2.498 2.579 2.660 2.741 2.822 2.903 2.934 2.950 2.962 2.950 2.937 2.925 2.912 2.900 2.874 2.875 2.861 2.835 2.799 2.764 2.720 2.676 2.631 2.586 2.542 2.497 2.497 2.498 2.462 2.426 2.390 2.391 2.319 2.283 2.244 2.188 2.133 2.078 2.022 1.985 1.985 1.984 1.984 1.988 2.011 2.035 2.058 2.058
6.500 6.476 6.181 5.880 5.433 4.985 4.538 4.091 3.644 3.197 2.749 1.913 1.914 2.013 2.139 2.264 2.390 2.516 2.641 2.767 2.893 3.004 2.976 2.949 2.921 2.893 2.844 2.596 2.596 2.592 2.673 2.754 2.835 2.916 2.997 3.078 3.103 3.101 3.088 3.076 3.063 3.050 3.038 2.986 2.986 2.957 2.944 2.899 2.855 2.810 2.766 2.721 2.676 2.631 2.604 2.609 2.614 2.609 2.573 2.537 2.538 2.466 2.430 2.383 2.328 2.272 2.217 2.162 2.106 2.077 2.077 2.077 2.089 2.112 2.136 2.159 2.159
6.475 6.642 6.562 6.213 5.766 5.319 4.872 4.406 3.929 3.452 2.974 2.199 2.199 2.005 2.027 2.152 2.278 2.403 2.529 2.655 2.780 2.882 2.854 2.826 2.798 2.770 2.742 2.610 2.611 2.686 2.767 2.848 2.929 3.010 3.091 3.169 3.235 3.206 3.176 3.147 3.118 3.088 3.059 3.000 3.000 2.995 3.013 2.989 2.945 2.900 2.855 2.811 2.766 2.721 2.716 2.721 2.726 2.732 2.720 2.684 2.685 2.613 2.577 2.523 2.467 2.412 2.356 2.301 2.246 2.190 2.170 2.169 2.190 2.213 2.237 2.260 2.260
6.450 6.617 6.784 6.525 6.048 5.571 5.093 4.616 4.139 3.662 3.184 2.484 2.485 2.291 2.097 2.040 2.165 2.291 2.417 2.542 2.668 2.759 2.731 2.703 2.675 2.647 2.620 2.667 2.668 2.746 2.823 2.900 2.977 3.055 3.132 3.209 3.226 3.219 3.190 3.161 3.131 3.102 3.072 3.015 3.015 3.033 3.052 3.070 3.035 2.990 2.945 2.901 2.856 2.823 2.828 2.833 2.838 2.844 2.849 2.831 2.832 2.760 2.717 2.662 2.607 2.551 2.496 2.440 2.385 2.330 2.274 2.267 2.291 2.307 2.309 2.311 2.311
6.383 6.541 6.696 6.596 6.258 5.781 5.304 4.826 4.349 3.872 3.395 2.770 2.770 2.576 2.383 2.189 2.053 2.179 2.304 2.430 2.556 2.636 2.608 2.581 2.553 2.525 2.533 2.703 2.703 2.786 2.863 2.940 3.017 3.094 3.171 3.215 3.217 3.218 3.204 3.174 3.145 3.115 3.086 3.053 3.053 3.072 3.090 3.108 3.125 3.080 3.035 2.991 2.946 2.935 2.940 2.945 2.950 2.956 2.961 2.966 2.967 2.907 2.857 2.801 2.746 2.691 2.635 2.580 2.524 2.460 2.396 2.312 2.309 2.311 2.313 2.315 2.315
6.296 6.454 6.522 6.421 6.321 5.991 5.514 5.036 4.559 4.082 3.605 3.055 3.056 2.862 2.668 2.474 2.280 2.086 2.192 2.318 2.443 2.514 2.486 2.458 2.430 2.484 2.569 2.739 2.739 2.824 2.903 2.980 3.057 3.134 3.205 3.206 3.207 3.209 3.210 3.188 3.158 3.129 3.100 3.091 3.092 3.110 3.128 3.147 3.165 3.170 3.125 3.081 3.042 3.047 3.052 3.057 3.062 3.068 3.073 3.078 3.079 3.052 2.996 2.941 2.881 2.816 2.751 2.686 2.622 2.557 2.492 2.397 2.313 2.315 2.317 2.319 2.319
6.210 6.367 6.347 6.246 6.146 6.045 5.724 5.247 4.769 4.292 3.815 3.341 3.341 3.147 2.954 2.760 2.566 2.372 2.178 2.205 2.331 2.391 2.363 2.349 2.434 2.519 2.605 2.774 2.775 2.860 2.942 3.019 3.097 3.174 3.196 3.197 3.198 3.199 3.201 3.201 3.172 3.143 3.113 3.130 3.130 3.149 3.167 3.185 3.203 3.222 3.216 3.171 3.154 3.159 3.164 3.169 3.175 3.180 3.185 3.175 3.176 3.171 3.106 3.042 2.977 2.912 2.847 2.783 2.718 2.653 2.576 2.481 2.386 2.319 2.321 2.322 2.323
6.123 6.273 6.172 6.072 5.971 5.871 5.770 5.457 4.980 4.502 4.025 3.626 3.627 3.433 3.239 3.045 2.851 2.657 2.464 2.270 2.218 2.268 2.300 2.385 2.470 2.555 2.640 2.810 2.810 2.895 2.980 3.059 3.136 3.186 3.187 3.188 3.189 3.190 3.191 3.193 3.186 3.156 3.132 3.168 3.169 3.187 3.205 3.224 3.242 3.260 3.278 3.261 3.266 3.271 3.249 3.221 3.192 3.164 3.136 3.107 3.108 3.152 3.203 3.138 3.073 3.008 2.944 2.879 2.814 2.749 2.661 2.566 2.471 2.375 2.324 2.326 2.327
6.036 6.098 5.997 5.897 5.796 5.696 5.595 5.495 5.190 4.713 4.300 3.912 3.912 3.718 3.525 3.331 3.137 2.943 2.749 2.554 2.306 2.245 2.333 2.420 2.505 2.591 2.676 2.845 2.846 2.931 3.016 3.099 3.176 3.177 3.178 3.179 3.180 3.181 3.182 3.183 3.185 3.170 3.170 3.206 3.207 3.225 3.244 3.257 3.266 3.275 3.284 3.269 3.238 3.210 3.181 3.153 3.124 3.096 3.067 3.039 3.040 3.131 3.210 3.234 3.170 3.105 3.040 2.975 2.910 2.840 2.745 2.650 2.555 2.460 2.365 2.330 2.330
6.036 6.098 5.998 5.897 5.797 5.696 5.596 5.495 5.190 4.713 4.300 3.912 3.912 3.719 3.525 3.331 3.137 2.943 2.749 2.554 2.306 2.245 2.333 2.421 2.505 2.591 2.676 2.845 2.846 2.931 3.016 3.099 3.176 3.177 3.178 3.179 3.180 3.181 3.182 3.183 3.184 3.170 3.170 3.206 3.207 3.225 3.244 3.257 3.266 3.275 3.284 3.269 3.238 3.209 3.181 3.153 3.124 3.096 3.067 3.039 3.039 3.131 3.210 3.234 3.169 3.105 3.040 2.975 2.910 2.840 2.745 2.650 2.555 2.460 2.364 2.330 2.330
5.949 5.923 5.823 5.722 5.622 5.521 5.421 5.320 5.220 4.923 4.585 4.197 4.198 4.004 3.789 3.541 3.293 3.045 2.797 2.549 2.332 2.286 2.343 2.431 2.520 2.608 2.696 2.873 2.873 2.962 3.050 3.137 3.167 3.168 3.169 3.170 3.170 3.170 3.171 3.171 3.172 3.171 3.178 3.195 3.196 3.205 3.213 3.222 3.231 3.240 3.249 3.210 3.170 3.141 3.113 3.084 3.056 3.028 2.999 2.971 2.971 3.109 3.189 3.268 3.266 3.201 3.136 3.071 3.006 2.925 2.830 2.734 2.639 2.544 2.449 2.354 2.354
5.674 5.573 5.473 5.389 5.317 5.245 5.173 5.100 5.028 4.938 4.749 4.273 4.273 4.025 3.777 3.529 3.281 3.033 2.785 2.562 2.516 2.469 2.423 2.449 2.538 2.626 2.715 2.891 2.892 2.980 3.069 3.091 3.111 3.121 3.121 3.122 3.122 3.123 3.123 3.123 3.123 3.120 3.116 3.125 3.126 3.135 3.144 3.153 3.161 3.170 3.133 3.093 3.053 3.012 2.977 2.948 2.920 2.892 2.863 2.906 2.907 3.066 3.145 3.225 3.305 3.384 3.329 3.264 3.189 3.094 2.999 2.903 2.808 2.713 2.618 2.523 2.523
5.593 5.521 5.449 5.376 5.304 5.232 5.160 5.087 5.015 4.881 4.692 4.267 4.268 4.020 3.772 3.524 3.276 3.028 2.780 2.654 2.607 2.561 2.514 2.468 2.547 2.635 2.724 2.900 2.901 2.989 3.035 3.055 3.074 3.094 3.097 3.098 3.098 3.099 3.099 3.099 3.097 3.093 3.090 3.091 3.091 3.100 3.109 3.118 3.126 3.115 3.074 3.034 2.994 2.953 2.913 2.880 2.852 2.823 2.805 2.885 2.885 3.044 3.124 3.203 3.283 3.363 3.425 3.360 3.274 3.178 3.083 2.988 2.893 2.791 2.671 2.550 2.550
5.521 5.508 5.436 5.364 5.291 5.219 5.147 5.075 5.002 4.824 4.635 4.256 4.257 4.014 3.766 3.518 3.270 3.022 2.792 2.746 2.699 2.652 2.606 2.559 2.556 2.645 2.733 2.910 2.910 2.979 2.999 3.018 3.038 3.057 3.073 3.074 3.074 3.075 3.075 3.074 3.071 3.068 3.064 3.058 3.058 3.065 3.074 3.083 3.092 3.056 3.016 2.975 2.935 2.895 2.854 2.814 2.784 2.755 2.783 2.863 2.863 3.022 3.102 3.182 3.261 3.341 3.421 3.453 3.348 3.228 3.107 2.987 2.866 2.746 2.625 2.505 2.505
5.441 5.441 5.423 5.351 5.279 5.206 5.134 5.062 4.956 4.767 4.578 4.199 4.200 4.009 3.761 3.513 3.265 3.017 2.884 2.837 2.791 2.744 2.697 2.651 2.604 2.654 2.742 2.919 2.919 2.943 2.962 2.982 3.001 3.021 3.041 3.050 3.050 3.051 3.051 3.048 3.045 3.041 3.038 3.031 3.032 3.030 3.039 3.048 3.037 2.997 2.957 2.916 2.876 2.836 2.796 2.755 2.716 2.687 2.762 2.841 2.842 3.001 3.079 3.146 3.213 3.281 3.348 3.370 3.303 3.182 3.062 2.941 2.821 2.700 2.579 2.459 2.459
5.360 5.360 5.361 5.338 5.266 5.193 5.121 5.049 4.899 4.710 4.521 4.143 4.143 3.954 3.755 3.507 3.259 3.022 2.976 2.929 2.882 2.836 2.789 2.743 2.696 2.663 2.752 2.886 2.887 2.906 2.926 2.945 2.965 2.985 3.004 3.024 3.026 3.027 3.025 3.022 3.019 3.016 3.012 3.006 3.006 3.003 3.004 3.013 2.978 2.938 2.898 2.858 2.817 2.777 2.737 2.697 2.656 2.648 2.715 2.783 2.783 2.917 2.985 3.052 3.119 3.187 3.254 3.241 3.224 3.137 3.016 2.895 2.775 2.654 2.534 2.413 2.413
5.279 5.280 5.280 5.281 5.253 5.181 5.108 5.031 4.842 4.653 4.464 4.086 4.086 3.897 3.708 3.502 3.254 3.114 3.068 3.021 2.974 2.927 2.881 2.834 2.787 2.741 2.761 2.850 2.850 2.870 2.889 2.909 2.929 2.948 2.968 2.987 3.002 3.002 2.999 2.996 2.993 2.990 2.986 2.980 2.980 2.977 2.973 2.960 2.919 2.878 2.835 2.793 2.751 2.709 2.666 2.624 2.582 2.584 2.621 2.689 2.689 2.823 2.890 2.958 3.025 3.092 3.128 3.111 3.094 3.077 2.970 2.850 2.729 2.609 2.488 2.367 2.367
5.199 5.199 5.200 5.200 5.201 5.168 5.095 4.974 4.785 4.596 4.407 4.029 4.029 3.840 3.651 3.462 3.253 3.206 3.159 3.113 3.066 3.019 2.972 2.926 2.879 2.832 2.781 2.815 2.815 2.835 2.854 2.874 2.893 2.913 2.933 2.952 2.972 2.976 2.973 2.969 2.966 2.963 2.959 2.952 2.952 2.949 2.945 2.890 2.846 2.803 2.761 2.719 2.677 2.634 2.592 2.550 2.524 2.535 2.545 2.595 2.595 2.729 2.797 2.864 2.931 2.998 2.999 2.982 2.965 2.947 2.925 2.804 2.683 2.563 2.442 2.346 2.347
5.118 5.118 5.119 5.119 5.120 5.120 5.082 4.917 4.728 4.539 4.350 3.998 3.999 3.826 3.653 3.480 3.294 3.196 3.145 3.094 3.043 2.991 2.940 2.889 2.838 2.787 2.770 2.805 2.806 2.825 2.845 2.864 2.884 2.904 2.923 2.943 2.956 2.948 2.944 2.941 2.937 2.934 2.931 2.923 2.924 2.920 2.893 2.831 2.771 2.729 2.687 2.645 2.603 2.560 2.518 2.476 2.474 2.485 2.496 2.506 2.507 2.635 2.702 2.770 2.837 2.886 2.869 2.852 2.835 2.818 2.801 2.758 2.638 2.517 2.396 2.340 2.340
5.037 5.038 5.038 5.039 5.048 5.065 5.067 4.932 4.759 4.586 4.413 4.067 4.067 3.894 3.722 3.549 3.350 3.151 3.099 3.048 2.997 2.946 2.895 2.844 2.792 2.748 2.763 2.796 2.797 2.816 2.836 2.855 2.875 2.895 2.914 2.934 2.930 2.922 2.915 2.912 2.909 2.905 2.902 2.895 2.895 2.892 2.834 2.772 2.709 2.655 2.613 2.571 2.528 2.486 2.444 2.414 2.425 2.435 2.446 2.457 2.457 2.541 2.608 2.676 2.743 2.757 2.740 2.723 2.706 2.688 2.671 2.654 2.592 2.471 2.352 2.333 2.334
4.993 5.010 5.027 5.043 5.060 5.077 5.048 4.978 4.827 4.655 4.482 4.135 4.136 3.963 3.790 3.605 3.406 3.207 3.054 3.003 2.952 2.900 2.849 2.798 2.747 2.741 2.757 2.787 2.788 2.807 2.827 2.846 2.866 2.885 2.905 2.913 2.905 2.897 2.889 2.883 2.880 2.877 2.873 2.866 2.866 2.838 2.775 2.713 2.650 2.588 2.539 2.496 2.454 2.412 2.370 2.365 2.375 2.386 2.396 2.407 2.407 2.447 2.515 2.582 2.645 2.627 2.610 2.593 2.576 2.559 2.542 2.525 2.507 2.426 2.346 2.327 2.327
5.005 5.022 5.039 5.055 5.072 5.089 5.030 4.959 4.888 4.723 4.550 4.204 4.204 4.031 3.859 3.661 3.462 3.263 3.063 2.957 2.906 2.855 2.804 2.752 2.719 2.735 2.750 2.781 2.781 2.798 2.818 2.837 2.857 2.876 2.895 2.887 2.879 2.871 2.863 2.855 2.851 2.848 2.845 2.837 2.838 2.778 2.716 2.653 2.591 2.528 2.466 2.422 2.380 2.338 2.304 2.315 2.326 2.336 2.347 2.357 2.358 2.378 2.421 2.488 2.515 2.498 2.481 2.464 2.447 2.429 2.412 2.395 2.378 2.360 2.341 2.324 2.324
5.017 5.034 5.051 5.067 5.084 5.082 5.011 4.940 4.870 4.791 4.619 4.272 4.273 4.100 3.916 3.717 3.518 3.319 3.119 2.920 2.860 2.809 2.758 2.707 2.713 2.728 2.743 2.774 2.774 2.790 2.808 2.828 2.847 2.867 2.870 2.862 2.854 2.846 2.838 2.829 2.823 2.819 2.816 2.781 2.782 2.719 2.657 2.594 2.532 2.469 2.407 2.348 2.306 2.264 2.255 2.265 2.276 2.287 2.297 2.308 2.308 2.329 2.339 2.394 2.386 2.369 2.351 2.334 2.332 2.334 2.337 2.340 2.343 2.345 2.344 2.327 2.327
5.029 5.046 5.062 5.079 5.096 5.063 4.992 4.922 4.851 4.780 4.687 4.341 4.341 4.168 3.972 3.773 3.574 3.375 3.175 2.976 2.815 2.764 2.713 2.691 2.706 2.721 2.737 2.767 2.768 2.783 2.799 2.819 2.838 2.853 2.844 2.836 2.828 2.820 2.812 2.804 2.796 2.791 2.787 2.722 2.722 2.660 2.598 2.535 2.473 2.410 2.348 2.285 2.232 2.194 2.205 2.216 2.226 2.237 2.248 2.258 2.258 2.280 2.296 2.309 2.312 2.315 2.317 2.320 2.323 2.325 2.328 2.331 2.334 2.334 2.334 2.331 2.331
5.053 5.058 5.074 5.091 5.108 5.044 4.974 4.903 4.832 4.762 4.691 4.409 4.410 4.227 4.028 3.829 3.629 3.430 3.231 3.032 2.833 2.718 2.669 2.684 2.699 2.715 2.730 2.761 2.761 2.776 2.792 2.810 2.829 2.827 2.819 2.811 2.803 2.795 2.786 2.778 2.770 2.762 2.758 2.663 2.663 2.601 2.538 2.476 2.414 2.351 2.289 2.226 2.164 2.145 2.159 2.175 2.192 2.208 2.225 2.241 2.241 2.273 2.290 2.298 2.303 2.306 2.308 2.311 2.314 2.316 2.319 2.322 2.324 2.324 2.324 2.323 2.323
5.053 5.058 5.074 5.091 5.108 5.044 4.974 4.903 4.832 4.762 4.691 4.409 4.410 4.227 4.028 3.829 3.629 3.430 3.231 3.032 2.833 2.718 2.669 2.684 2.699 2.715 2.730 2.761 2.761 2.776 2.792 2.810 2.829 2.827 2.819 2.811 2.803 2.794 2.786 2.778 2.770 2.762 2.758 2.663 2.663 2.601 2.538 2.476 2.413 2.351 2.289 2.226 2.164 2.145 2.159 2.176 2.192 2.208 2.225 2.241 2.241 2.273 2.290 2.298 2.303 2.306 2.308 2.311 2.314 2.316 2.319 2.322 2.324 2.324 2.323 2.323 2.323
5.165 5.078 5.086 5.103 5.096 5.026 4.955 4.884 4.814 4.743 4.672 4.478 4.478 4.283 4.084 3.885 3.685 3.486 3.287 3.088 2.888 2.689 2.662 2.677 2.693 2.708 2.724 2.754 2.754 2.770 2.785 2.801 2.810 2.802 2.793 2.785 2.777 2.769 2.761 2.753 2.745 2.737 2.729 2.604 2.604 2.543 2.482 2.421 2.360 2.299 2.237 2.176 2.118 2.136 2.152 2.169 2.185 2.201 2.218 2.234 2.235 2.267 2.281 2.287 2.292 2.297 2.299 2.302 2.305 2.307 2.310 2.313 2.314 2.314 2.313 2.313 2.313
