includes/camargue/floodfiles/results_R4_t1.562344205135E12/res-0004.wdfp
ncols         906
nrows         631
xllcorner     362177.146667
yllcorner     6534725.688020
cellsize      20.000000
NODATA_value  -9999.000000
[rows 510 to 543 of 631, columns 462 to 538 of 906]
3.855 3.861 3.866 3.872 3.878 3.884 3.890 3.896 3.902 3.908 3.913 3.923 3.934 3.957 3.956 3.967 3.978 3.990 4.002 4.014 4.025 4.037 4.049 4.061 4.072 4.073 4.071 4.070 4.068 4.065 4.065 4.063 4.063 4.062 4.062 4.062 4.061 4.061 4.061 4.060 4.060 4.060 4.059 4.059 4.059 4.056 4.056 4.052 4.060 4.067 4.074 4.080 4.087 4.093 4.100 4.106 4.113 4.119 4.126 4.132 4.121 4.043 4.043 4.003 3.964 3.924 3.885 3.846 3.790 3.723 3.656 3.314 3.583 3.656 3.730 3.794 3.834
3.890 3.895 3.900 3.906 3.912 3.918 3.924 3.930 3.936 3.942 3.948 3.955 3.966 3.989 3.988 4.000 4.012 4.024 4.036 4.047 4.059 4.071 4.083 4.094 4.106 4.118 4.122 4.120 4.119 4.116 4.116 4.115 4.114 4.114 4.113 4.113 4.113 4.112 4.112 4.112 4.111 4.111 4.111 4.111 4.111 4.111 4.110 4.118 4.130 4.138 4.144 4.151 4.157 4.164 4.170 4.177 4.183 4.190 4.196 4.203 4.182 4.104 4.104 4.064 4.025 3.985 3.946 3.906 3.867 3.828 3.789 3.749 3.728 3.769 3.810 3.851 3.891
3.911 3.916 3.920 3.925 3.930 3.935 3.941 3.947 3.953 3.959 3.965 3.971 3.982 4.006 4.005 4.017 4.029 4.041 4.053 4.064 4.076 4.088 4.099 4.111 4.123 4.135 4.147 4.146 4.144 4.142 4.141 4.141 4.140 4.140 4.140 4.139 4.139 4.139 4.138 4.138 4.138 4.137 4.138 4.138 4.138 4.138 4.137 4.147 4.159 4.170 4.180 4.186 4.193 4.199 4.206 4.212 4.219 4.225 4.232 4.238 4.213 4.135 4.134 4.095 4.055 4.016 3.977 3.937 3.898 3.859 3.819 3.156 3.802 3.814 3.839 3.880 3.920
3.931 3.936 3.941 3.946 3.951 3.956 3.961 3.966 3.971 3.976 3.982 3.988 3.999 4.023 4.022 4.034 4.046 4.058 4.069 4.081 4.093 4.105 4.117 4.128 4.140 4.152 4.164 4.171 4.170 4.167 4.167 4.166 4.166 4.166 4.166 4.165 4.165 4.165 4.164 4.164 4.164 4.164 4.164 4.164 4.164 4.165 4.164 4.175 4.187 4.199 4.210 4.222 4.228 4.235 4.242 4.248 4.255 4.261 4.267 4.274 4.244 4.166 4.165 4.126 4.086 4.047 4.007 3.968 3.929 3.905 3.897 3.177 3.885 3.897 3.909 3.922 3.949
3.952 3.957 3.962 3.967 3.972 3.977 3.982 3.987 3.992 3.997 4.001 4.007 4.016 4.040 4.039 4.051 4.063 4.075 4.086 4.098 4.110 4.122 4.134 4.146 4.157 4.169 4.181 4.193 4.195 4.193 4.193 4.193 4.192 4.192 4.192 4.191 4.191 4.191 4.191 4.191 4.191 4.191 4.191 4.191 4.191 4.193 4.192 4.204 4.216 4.228 4.239 4.251 4.263 4.271 4.277 4.284 4.290 4.296 4.303 4.309 4.275 4.196 4.196 4.156 4.117 4.078 4.038 4.005 3.997 3.988 3.980 3.972 3.969 3.981 3.993 4.005 4.017
3.973 3.978 3.983 3.988 3.993 3.998 4.002 4.007 4.012 4.017 4.022 4.028 4.036 4.059 4.059 4.070 4.082 4.093 4.104 4.115 4.127 4.139 4.151 4.163 4.175 4.186 4.198 4.210 4.221 4.219 4.219 4.219 4.218 4.218 4.218 4.218 4.218 4.218 4.218 4.218 4.218 4.218 4.218 4.218 4.218 4.221 4.221 4.233 4.244 4.256 4.268 4.280 4.291 4.303 4.313 4.319 4.326 4.332 4.338 4.344 4.306 4.227 4.227 4.187 4.148 4.109 4.097 4.088 4.080 4.072 4.064 4.055 4.053 4.065 4.077 4.089 4.101
3.994 3.998 4.003 4.008 4.013 4.018 4.023 4.028 4.033 4.038 4.044 4.049 4.056 4.079 4.079 4.090 4.101 4.113 4.124 4.135 4.147 4.158 4.170 4.181 4.192 4.204 4.215 4.227 4.239 4.245 4.245 4.245 4.245 4.245 4.245 4.245 4.245 4.245 4.245 4.245 4.245 4.245 4.245 4.245 4.245 4.250 4.250 4.261 4.273 4.285 4.297 4.308 4.320 4.332 4.344 4.354 4.361 4.367 4.373 4.376 4.336 4.258 4.258 4.218 4.197 4.188 4.180 4.172 4.164 4.155 4.147 4.139 4.137 4.148 4.160 4.172 4.184
4.014 4.019 4.024 4.029 4.034 4.039 4.044 4.049 4.054 4.059 4.065 4.070 4.076 4.099 4.098 4.110 4.121 4.133 4.144 4.155 4.167 4.178 4.190 4.201 4.212 4.224 4.235 4.247 4.258 4.272 4.271 4.271 4.271 4.271 4.271 4.271 4.272 4.272 4.272 4.272 4.272 4.272 4.272 4.272 4.272 4.278 4.278 4.290 4.302 4.313 4.325 4.337 4.349 4.360 4.372 4.384 4.395 4.402 4.409 4.407 4.367 4.297 4.297 4.288 4.280 4.272 4.263 4.255 4.247 4.239 4.230 4.222 4.220 4.232 4.244 4.256 4.268
4.035 4.040 4.045 4.050 4.054 4.059 4.064 4.070 4.075 4.081 4.086 4.092 4.097 4.119 4.118 4.130 4.141 4.152 4.164 4.175 4.187 4.198 4.209 4.221 4.232 4.244 4.255 4.267 4.271 4.285 4.285 4.295 4.298 4.298 4.298 4.298 4.298 4.298 4.299 4.298 4.298 4.299 4.299 4.299 4.299 4.307 4.306 4.318 4.330 4.342 4.354 4.365 4.377 4.389 4.400 4.412 4.424 4.435 4.444 4.437 4.398 4.381 4.380 4.372 4.363 4.355 4.347 4.339 4.330 4.322 4.314 4.305 4.304 4.316 4.328 4.340 4.352
4.055 4.060 4.065 4.070 4.075 4.080 4.085 4.091 4.096 4.102 4.107 4.113 4.118 4.139 4.138 4.150 4.161 4.172 4.184 4.195 4.207 4.218 4.229 4.241 4.252 4.264 4.275 4.278 4.282 4.296 4.296 4.306 4.316 4.325 4.325 4.325 4.325 4.325 4.325 4.325 4.325 4.325 4.325 4.325 4.325 4.335 4.335 4.347 4.359 4.370 4.382 4.394 4.406 4.417 4.429 4.440 4.452 4.464 4.475 4.488 4.480 4.464 4.463 4.455 4.447 4.439 4.430 4.422 4.414 4.405 4.397 4.389 4.387 4.399 4.411 4.423 4.435
4.076 4.081 4.086 4.091 4.096 4.101 4.107 4.112 4.118 4.123 4.129 4.134 4.140 4.159 4.158 4.169 4.181 4.192 4.204 4.215 4.227 4.238 4.249 4.261 4.272 4.282 4.286 4.289 4.293 4.306 4.306 4.316 4.326 4.337 4.347 4.352 4.352 4.352 4.352 4.352 4.352 4.352 4.352 4.352 4.352 4.364 4.363 4.375 4.387 4.399 4.410 4.422 4.434 4.446 4.458 4.469 4.481 4.487 4.490 4.507 4.539 4.547 4.547 4.539 4.530 4.522 4.514 4.505 4.497 4.489 4.480 4.472 4.471 4.483 4.495 4.507 4.519
4.097 4.102 4.106 4.111 4.117 4.122 4.128 4.133 4.139 4.144 4.150 4.155 4.161 4.178 4.178 4.189 4.201 4.212 4.223 4.235 4.246 4.258 4.269 4.281 4.290 4.293 4.297 4.300 4.304 4.317 4.317 4.327 4.337 4.347 4.357 4.367 4.377 4.379 4.379 4.379 4.379 4.379 4.379 4.379 4.379 4.392 4.392 4.404 4.416 4.427 4.439 4.451 4.463 4.474 4.486 4.492 4.496 4.499 4.503 4.521 4.554 4.619 4.618 4.622 4.613 4.605 4.597 4.589 4.580 4.572 4.564 4.555 4.554 4.566 4.578 4.590 4.602
4.117 4.122 4.127 4.133 4.138 4.144 4.149 4.155 4.160 4.166 4.171 4.177 4.182 4.198 4.198 4.209 4.221 4.232 4.243 4.255 4.266 4.278 4.289 4.297 4.301 4.304 4.308 4.311 4.315 4.328 4.327 4.338 4.348 4.358 4.368 4.378 4.388 4.398 4.405 4.405 4.405 4.406 4.406 4.406 4.406 4.421 4.420 4.432 4.444 4.456 4.467 4.479 4.491 4.497 4.501 4.504 4.508 4.512 4.516 4.535 4.568 4.633 4.633 4.665 4.697 4.688 4.680 4.672 4.664 4.655 4.647 4.638 4.638 4.650 4.662 4.674 4.686
4.138 4.143 4.148 4.154 4.159 4.165 4.170 4.176 4.181 4.187 4.192 4.198 4.203 4.218 4.218 4.229 4.240 4.252 4.263 4.275 4.286 4.298 4.304 4.308 4.311 4.315 4.318 4.322 4.325 4.338 4.338 4.348 4.358 4.368 4.378 4.388 4.398 4.408 4.418 4.429 4.432 4.432 4.433 4.433 4.433 4.449 4.449 4.461 4.473 4.484 4.496 4.502 4.506 4.509 4.513 4.517 4.521 4.524 4.528 4.550 4.582 4.647 4.647 4.679 4.712 4.744 4.763 4.755 4.747 4.738 4.730 4.722 4.721 4.733 4.746 4.758 4.770
4.138 4.143 4.149 4.154 4.160 4.165 4.171 4.176 4.182 4.187 4.193 4.198 4.204 4.218 4.218 4.229 4.241 4.252 4.264 4.275 4.287 4.298 4.305 4.308 4.312 4.315 4.319 4.322 4.326 4.339 4.338 4.349 4.359 4.369 4.379 4.389 4.399 4.409 4.419 4.429 4.433 4.433 4.433 4.433 4.433 4.450 4.449 4.461 4.473 4.485 4.497 4.503 4.506 4.510 4.514 4.517 4.521 4.525 4.529 4.550 4.583 4.648 4.647 4.680 4.712 4.744 4.764 4.756 4.747 4.739 4.731 4.722 4.722 4.734 4.746 4.758 4.770
4.159 4.164 4.170 4.176 4.181 4.186 4.192 4.197 4.203 4.208 4.214 4.219 4.225 4.238 4.238 4.249 4.261 4.272 4.284 4.295 4.307 4.312 4.316 4.319 4.323 4.326 4.330 4.333 4.337 4.349 4.349 4.359 4.369 4.379 4.389 4.400 4.410 4.420 4.430 4.440 4.450 4.460 4.460 4.460 4.460 4.478 4.478 4.490 4.502 4.507 4.511 4.515 4.519 4.522 4.526 4.530 4.534 4.537 4.541 4.564 4.597 4.662 4.662 4.694 4.726 4.759 4.791 4.824 4.831 4.822 4.814 4.806 4.806 4.818 4.830 4.842 4.847
4.180 4.186 4.191 4.197 4.202 4.208 4.213 4.219 4.224 4.230 4.235 4.241 4.246 4.258 4.258 4.269 4.280 4.292 4.304 4.315 4.319 4.323 4.326 4.330 4.333 4.337 4.341 4.344 4.348 4.360 4.360 4.370 4.380 4.390 4.400 4.410 4.420 4.430 4.440 4.450 4.461 4.471 4.481 4.487 4.487 4.507 4.506 4.512 4.516 4.520 4.524 4.527 4.531 4.535 4.539 4.543 4.546 4.550 4.554 4.578 4.611 4.676 4.676 4.708 4.741 4.773 4.805 4.838 4.870 4.902 4.897 4.889 4.889 4.901 4.913 4.906 4.899
4.253 4.255 4.256 4.258 4.259 4.261 4.262 4.264 4.267 4.272 4.277 4.283 4.289 4.300 4.300 4.309 4.320 4.330 4.334 4.337 4.341 4.344 4.348 4.351 4.355 4.358 4.362 4.365 4.369 4.380 4.380 4.390 4.400 4.411 4.421 4.431 4.441 4.451 4.461 4.471 4.481 4.491 4.501 4.517 4.541 4.533 4.533 4.537 4.540 4.544 4.548 4.552 4.556 4.559 4.563 4.567 4.571 4.575 4.578 4.607 4.639 4.704 4.704 4.736 4.768 4.801 4.833 4.866 4.898 4.930 4.963 4.995 5.019 5.024 5.017 5.010 5.004
4.286 4.292 4.294 4.295 4.297 4.298 4.300 4.302 4.303 4.305 4.306 4.308 4.310 4.322 4.321 4.329 4.337 4.341 4.344 4.348 4.351 4.355 4.358 4.362 4.365 4.369 4.373 4.376 4.380 4.391 4.391 4.401 4.411 4.421 4.431 4.441 4.451 4.461 4.472 4.482 4.492 4.504 4.527 4.550 4.574 4.563 4.563 4.555 4.553 4.557 4.561 4.564 4.568 4.572 4.576 4.579 4.583 4.587 4.591 4.621 4.653 4.718 4.718 4.750 4.783 4.815 4.848 4.880 4.912 4.944 4.976 5.008 5.032 5.048 5.065 5.063 5.056
4.313 4.330 4.331 4.333 4.335 4.336 4.338 4.339 4.341 4.342 4.344 4.345 4.347 4.351 4.351 4.354 4.348 4.352 4.355 4.359 4.362 4.366 4.369 4.373 4.376 4.380 4.383 4.387 4.391 4.402 4.401 4.411 4.422 4.432 4.442 4.452 4.462 4.472 4.482 4.492 4.513 4.536 4.560 4.583 4.606 4.595 4.594 4.586 4.578 4.570 4.573 4.577 4.581 4.584 4.588 4.592 4.596 4.599 4.603 4.635 4.667 4.732 4.732 4.764 4.797 4.829 4.862 4.894 4.926 4.958 4.989 5.021 5.044 5.061 5.077 5.094 5.109
4.340 4.368 4.369 4.371 4.372 4.374 4.375 4.377 4.378 4.380 4.382 4.383 4.385 4.394 4.394 4.404 4.392 4.380 4.368 4.369 4.373 4.376 4.380 4.384 4.387 4.391 4.394 4.398 4.402 4.412 4.412 4.422 4.432 4.442 4.452 4.462 4.472 4.483 4.499 4.522 4.546 4.569 4.592 4.616 4.639 4.626 4.626 4.618 4.610 4.602 4.594 4.589 4.593 4.597 4.601 4.604 4.608 4.612 4.616 4.649 4.681 4.746 4.746 4.778 4.811 4.843 4.875 4.907 4.939 4.971 5.002 5.034 5.057 5.073 5.090 5.106 5.122
4.367 4.404 4.407 4.408 4.410 4.411 4.413 4.415 4.416 4.418 4.420 4.421 4.423 4.442 4.441 4.452 4.443 4.430 4.418 4.406 4.394 4.387 4.391 4.394 4.398 4.402 4.405 4.409 4.412 4.423 4.422 4.433 4.443 4.453 4.463 4.473 4.485 4.508 4.532 4.555 4.578 4.601 4.625 4.648 4.672 4.658 4.658 4.650 4.642 4.634 4.626 4.618 4.610 4.609 4.613 4.617 4.621 4.624 4.630 4.663 4.695 4.761 4.760 4.793 4.825 4.856 4.888 4.920 4.952 4.984 5.015 5.047 5.070 5.086 5.102 5.119 5.135
4.394 4.431 4.444 4.446 4.448 4.449 4.451 4.452 4.454 4.456 4.457 4.459 4.468 4.489 4.489 4.499 4.493 4.481 4.469 4.457 4.445 4.432 4.420 4.408 4.409 4.412 4.416 4.420 4.423 4.433 4.433 4.443 4.453 4.463 4.473 4.495 4.518 4.541 4.565 4.588 4.611 4.634 4.658 4.681 4.704 4.690 4.690 4.682 4.674 4.666 4.658 4.650 4.642 4.634 4.626 4.629 4.633 4.637 4.644 4.677 4.709 4.774 4.774 4.806 4.838 4.869 4.901 4.933 4.965 4.997 5.028 5.060 5.082 5.098 5.115 5.131 5.147
4.422 4.459 4.482 4.483 4.485 4.487 4.488 4.490 4.491 4.493 4.495 4.505 4.516 4.537 4.537 4.547 4.544 4.532 4.519 4.507 4.495 4.483 4.471 4.459 4.447 4.435 4.427 4.430 4.434 4.444 4.443 4.454 4.464 4.481 4.504 4.527 4.551 4.574 4.597 4.621 4.644 4.667 4.690 4.714 4.737 4.722 4.722 4.714 4.706 4.697 4.689 4.681 4.673 4.665 4.657 4.649 4.645 4.649 4.659 4.691 4.724 4.787 4.787 4.819 4.851 4.882 4.914 4.946 4.978 5.009 5.041 5.073 5.094 5.111 5.127 5.144 5.160
4.449 4.486 4.520 4.521 4.523 4.524 4.526 4.528 4.529 4.532 4.543 4.553 4.564 4.585 4.584 4.595 4.594 4.582 4.570 4.558 4.546 4.534 4.522 4.509 4.497 4.485 4.473 4.461 4.449 4.454 4.454 4.467 4.490 4.513 4.537 4.560 4.583 4.607 4.630 4.653 4.677 4.700 4.723 4.746 4.769 4.754 4.753 4.745 4.737 4.729 4.721 4.713 4.705 4.697 4.689 4.681 4.673 4.665 4.673 4.705 4.736 4.800 4.800 4.832 4.864 4.895 4.927 4.959 4.991 5.022 5.054 5.086 5.107 5.123 5.140 5.156 5.173
4.476 4.513 4.550 4.559 4.560 4.562 4.563 4.565 4.570 4.580 4.590 4.601 4.611 4.632 4.632 4.642 4.645 4.633 4.621 4.608 4.596 4.584 4.572 4.560 4.548 4.536 4.524 4.512 4.500 4.470 4.470 4.500 4.523 4.546 4.569 4.593 4.616 4.640 4.663 4.686 4.709 4.732 4.756 4.779 4.801 4.786 4.785 4.777 4.769 4.761 4.753 4.745 4.737 4.729 4.721 4.713 4.705 4.695 4.694 4.718 4.749 4.813 4.813 4.845 4.876 4.908 4.940 4.972 5.004 5.035 5.067 5.099 5.119 5.136 5.152 5.169 5.185
4.503 4.540 4.577 4.596 4.598 4.599 4.601 4.607 4.617 4.628 4.638 4.648 4.659 4.680 4.680 4.690 4.695 4.683 4.671 4.659 4.647 4.635 4.623 4.611 4.598 4.586 4.574 4.562 4.545 4.481 4.481 4.516 4.551 4.579 4.602 4.625 4.649 4.672 4.695 4.719 4.742 4.765 4.788 4.812 4.833 4.817 4.817 4.809 4.801 4.793 4.785 4.777 4.769 4.761 4.753 4.743 4.732 4.720 4.721 4.744 4.767 4.826 4.826 4.857 4.889 4.921 4.953 4.985 5.017 5.048 5.080 5.112 5.132 5.148 5.165 5.181 5.198
4.531 4.567 4.605 4.634 4.635 4.637 4.644 4.654 4.665 4.675 4.686 4.696 4.707 4.728 4.727 4.738 4.746 4.734 4.722 4.710 4.697 4.685 4.673 4.661 4.649 4.637 4.625 4.596 4.558 4.492 4.492 4.527 4.562 4.597 4.632 4.658 4.681 4.705 4.728 4.751 4.775 4.798 4.821 4.844 4.865 4.849 4.849 4.841 4.833 4.825 4.817 4.809 4.801 4.792 4.781 4.769 4.758 4.746 4.748 4.771 4.795 4.841 4.841 4.870 4.902 4.934 4.966 4.998 5.030 5.061 5.093 5.125 5.144 5.161 5.177 5.194 5.210
4.558 4.595 4.632 4.669 4.673 4.681 4.691 4.702 4.712 4.723 4.733 4.744 4.754 4.775 4.775 4.786 4.796 4.784 4.772 4.760 4.748 4.736 4.724 4.712 4.700 4.686 4.648 4.610 4.571 4.503 4.503 4.538 4.573 4.608 4.643 4.678 4.713 4.737 4.761 4.784 4.807 4.830 4.854 4.877 4.897 4.881 4.880 4.872 4.864 4.856 4.848 4.840 4.829 4.818 4.807 4.795 4.783 4.772 4.775 4.798 4.822 4.869 4.868 4.892 4.915 4.947 4.979 5.011 5.042 5.074 5.106 5.138 5.157 5.173 5.190 5.206 5.223
4.572 4.612 4.652 4.692 4.718 4.729 4.739 4.749 4.760 4.770 4.781 4.791 4.802 4.823 4.823 4.833 4.844 4.835 4.823 4.811 4.799 4.786 4.774 4.762 4.738 4.700 4.661 4.623 4.584 4.515 4.514 4.549 4.584 4.619 4.654 4.689 4.724 4.759 4.793 4.817 4.840 4.863 4.887 4.910 4.928 4.912 4.912 4.904 4.896 4.888 4.878 4.866 4.855 4.844 4.832 4.821 4.809 4.797 4.802 4.825 4.849 4.896 4.895 4.919 4.942 4.966 4.992 5.024 5.055 5.087 5.119 5.151 5.169 5.186 5.202 5.219 5.235
4.572 4.612 4.652 4.692 4.718 4.729 4.739 4.750 4.760 4.771 4.781 4.792 4.802 4.823 4.823 4.834 4.844 4.835 4.823 4.811 4.799 4.787 4.775 4.763 4.739 4.700 4.662 4.623 4.585 4.515 4.515 4.550 4.585 4.620 4.655 4.690 4.725 4.760 4.794 4.817 4.840 4.864 4.887 4.910 4.929 4.913 4.913 4.905 4.896 4.888 4.878 4.867 4.855 4.844 4.833 4.821 4.809 4.798 4.802 4.826 4.849 4.896 4.896 4.919 4.943 4.966 4.992 5.024 5.056 5.088 5.120 5.151 5.170 5.186 5.203 5.219 5.236
4.579 4.619 4.659 4.689 4.718 4.748 4.778 4.797 4.808 4.819 4.829 4.839 4.850 4.871 4.871 4.881 4.892 4.886 4.874 4.862 4.849 4.837 4.825 4.790 4.752 4.713 4.675 4.636 4.598 4.526 4.526 4.561 4.596 4.631 4.666 4.701 4.736 4.771 4.806 4.841 4.873 4.896 4.920 4.943 4.961 4.945 4.944 4.936 4.927 4.915 4.904 4.892 4.881 4.870 4.858 4.847 4.835 4.824 4.830 4.853 4.876 4.923 4.923 4.946 4.970 4.993 5.016 5.040 5.069 5.101 5.132 5.164 5.182 5.199 5.215 5.233 5.254
4.586 4.627 4.655 4.684 4.713 4.743 4.773 4.803 4.833 4.863 4.877 4.887 4.898 4.919 4.918 4.929 4.939 4.936 4.924 4.912 4.900 4.880 4.842 4.803 4.765 4.726 4.688 4.650 4.611 4.537 4.537 4.572 4.607 4.642 4.677 4.712 4.747 4.782 4.817 4.852 4.887 4.922 4.952 4.975 4.992 4.976 4.976 4.964 4.952 4.941 4.930 4.918 4.907 4.895 4.884 4.872 4.861 4.850 4.857 4.880 4.903 4.950 4.950 4.974 4.997 5.020 5.044 5.067 5.090 5.114 5.146 5.177 5.195 5.211 5.233 5.254 5.276
4.588 4.617 4.645 4.673 4.702 4.732 4.761 4.792 4.822 4.852 4.882 4.912 4.942 5.002 5.002 5.024 5.034 5.037 5.022 4.983 4.945 4.906 4.868 4.829 4.791 4.752 4.714 4.675 4.637 4.560 4.560 4.594 4.629 4.664 4.699 4.734 4.769 4.804 4.839 4.874 4.909 4.944 4.978 5.009 5.030 5.027 5.027 5.015 5.004 4.992 4.981 4.969 4.958 4.946 4.935 4.924 4.912 4.901 4.910 4.934 4.957 5.004 5.004 5.027 5.051 5.074 5.097 5.121 5.144 5.168 5.190 5.210 5.232 5.254 5.275 5.297 5.319
