includes/camargue/floodfiles/results_R4_t1.562344205135E12/res-0003.wd
ncols         906
nrows         631
xllcorner     362177.146667
yllcorner     6534725.688020
cellsize      20.000000
NODATA_value  -9999.000000
[rows 578 to 611 of 631, columns 154 to 230 of 906]
4.266 4.267 4.267 4.267 4.242 4.217 4.192 4.167 4.138 4.105 4.073 4.041 4.008 3.976 3.916 3.916 3.753 3.736 3.720 3.704 3.687 3.671 3.654 3.636 3.613 3.591 3.579 3.581 3.583 3.585 3.587 3.587 3.590 3.592 3.613 3.650 3.687 3.724 3.761 3.793 3.818 3.843 3.867 3.892 3.904 3.905 3.905 3.905 3.906 3.906 3.908 3.911 3.915 3.918 3.919 3.918 3.917 3.917 3.916 3.890 3.864 3.839 3.813 3.791 3.791 3.781 3.747 3.712 3.678 3.643 3.609 3.555 3.542 3.568 3.593 3.618 3.644
4.259 4.260 4.261 4.241 4.217 4.192 4.167 4.143 4.115 4.083 4.051 4.018 3.986 3.926 3.841 3.841 3.671 3.648 3.632 3.615 3.599 3.582 3.566 3.549 3.533 3.466 3.549 3.551 3.553 3.555 3.557 3.557 3.561 3.563 3.588 3.625 3.662 3.700 3.737 3.774 3.804 3.829 3.853 3.878 3.878 3.879 3.879 3.879 3.880 3.880 3.880 3.884 3.887 3.890 3.889 3.888 3.887 3.887 3.886 3.873 3.847 3.822 3.805 3.784 3.784 3.773 3.749 3.714 3.680 3.644 3.591 3.537 3.515 3.540 3.566 3.591 3.616
4.253 4.254 4.241 4.216 4.191 4.167 4.142 4.118 4.093 4.060 4.028 3.996 3.937 3.852 3.766 3.766 3.596 3.560 3.543 3.527 3.511 3.494 3.477 3.445 3.432 3.432 3.432 3.432 3.507 3.525 3.527 3.527 3.531 3.533 3.563 3.600 3.637 3.675 3.712 3.749 3.786 3.815 3.839 3.852 3.853 3.853 3.853 3.853 3.854 3.854 3.854 3.856 3.859 3.859 3.859 3.858 3.857 3.857 3.856 3.855 3.831 3.808 3.798 3.777 3.776 3.766 3.751 3.716 3.680 3.626 3.573 3.519 3.488 3.513 3.539 3.564 3.589
4.247 4.241 4.216 4.191 4.166 4.142 4.117 4.092 4.068 4.038 4.006 3.948 3.862 3.777 3.692 3.692 3.521 3.471 3.455 3.438 3.432 3.432 3.432 3.432 3.432 3.432 3.432 3.432 3.432 3.432 3.446 3.446 3.501 3.503 3.538 3.576 3.613 3.650 3.687 3.724 3.761 3.798 3.825 3.826 3.826 3.827 3.827 3.827 3.827 3.828 3.828 3.828 3.830 3.829 3.828 3.828 3.827 3.827 3.826 3.825 3.813 3.801 3.790 3.769 3.769 3.758 3.748 3.715 3.662 3.608 3.554 3.501 3.460 3.486 3.511 3.536 3.562
4.241 4.216 4.191 4.166 4.141 4.117 4.092 4.067 4.043 4.016 3.958 3.873 3.788 3.703 3.617 3.617 3.447 3.433 3.432 3.432 3.432 3.432 3.432 3.432 3.432 3.432 3.432 3.432 3.432 3.432 3.432 3.432 3.432 3.477 3.503 3.524 3.545 3.566 3.587 3.608 3.629 3.650 3.719 3.715 3.712 3.708 3.704 3.704 3.696 3.692 3.688 3.685 3.544 3.546 3.549 3.551 3.554 3.556 3.559 3.561 3.706 3.757 3.746 3.724 3.724 3.713 3.702 3.691 3.644 3.590 3.536 3.483 3.433 3.458 3.484 3.509 3.535
4.183 4.172 4.149 4.125 4.102 4.078 4.055 4.031 4.008 3.987 3.896 3.799 3.713 3.628 3.542 3.542 3.433 3.433 3.432 3.432 3.432 3.432 3.432 3.432 3.432 3.432 3.432 3.432 3.432 3.432 3.432 3.432 3.432 3.432 3.431 3.431 3.431 3.431 3.431 3.431 3.431 3.431 3.431 3.472 3.468 3.464 3.460 3.460 3.453 3.449 3.445 3.431 3.430 3.431 3.431 3.430 3.430 3.430 3.430 3.430 3.430 3.675 3.664 3.643 3.643 3.632 3.621 3.609 3.598 3.571 3.518 3.465 3.430 3.431 3.457 3.482 3.505
4.123 4.122 4.104 4.080 4.056 4.033 4.010 3.986 3.964 3.949 3.879 3.781 3.684 3.586 3.489 3.489 3.433 3.432 3.432 3.432 3.432 3.432 3.432 3.432 3.432 3.432 3.432 3.432 3.432 3.432 3.432 3.432 3.432 3.431 3.431 3.431 3.431 3.431 3.431 3.431 3.431 3.431 3.431 3.431 3.431 3.431 3.431 3.431 3.431 3.431 3.431 3.431 3.430 3.430 3.430 3.430 3.430 3.430 3.430 3.430 3.430 3.430 3.583 3.561 3.562 3.551 3.539 3.528 3.517 3.505 3.494 3.447 3.430 3.430 3.430 3.450 3.468
4.064 4.062 4.058 4.035 4.011 3.988 3.964 3.940 3.925 3.910 3.862 3.765 3.667 3.570 3.472 3.472 3.432 3.432 3.432 3.432 3.432 3.432 3.432 3.432 3.432 3.432 3.432 3.432 3.432 3.431 3.431 3.432 3.432 3.431 3.431 3.431 3.431 3.431 3.431 3.431 3.431 3.431 3.431 3.431 3.431 3.431 3.431 3.430 3.431 3.431 3.431 3.430 3.430 3.430 3.430 3.430 3.430 3.430 3.430 3.430 3.430 3.430 3.450 3.480 3.480 3.469 3.458 3.447 3.435 3.430 3.430 3.430 3.430 3.430 3.430 3.430 3.432
4.004 4.003 4.001 3.990 3.966 3.943 3.919 3.901 3.887 3.872 3.846 3.748 3.651 3.553 3.456 3.455 3.432 3.432 3.432 3.432 3.432 3.432 3.432 3.432 3.432 3.432 3.432 3.431 3.432 3.432 3.431 3.431 3.431 3.431 3.431 3.431 3.431 3.431 3.431 3.431 3.431 3.431 3.431 3.431 3.431 3.431 3.431 3.430 3.431 3.430 3.430 3.430 3.430 3.430 3.430 3.430 3.430 3.430 3.430 3.430 3.430 3.430 3.430 3.430 3.430 3.430 3.430 3.430 3.430 3.430 3.430 3.430 3.430 3.430 3.430 3.430 3.430
3.945 3.943 3.942 3.941 3.921 3.897 3.878 3.863 3.848 3.834 3.819 3.732 3.634 3.536 3.439 3.439 3.432 3.432 3.432 3.432 3.432 3.432 3.432 3.432 3.432 3.432 3.431 3.431 3.431 3.431 3.431 3.431 3.431 3.431 3.431 3.431 3.431 3.431 3.431 3.431 3.431 3.431 3.430 3.430 3.430 3.430 3.430 3.430 3.430 3.430 3.430 3.430 3.430 3.430 3.430 3.430 3.430 3.430 3.430 3.430 3.430 3.430 3.430 3.430 3.430 3.430 3.430 3.430 3.430 3.430 3.430 3.430 3.430 3.430 3.430 3.430 3.430
3.945 3.943 3.942 3.941 3.921 3.897 3.878 3.863 3.848 3.833 3.818 3.731 3.634 3.536 3.439 3.439 3.432 3.432 3.432 3.432 3.432 3.432 3.432 3.432 3.432 3.432 3.431 3.432 3.431 3.431 3.431 3.431 3.431 3.431 3.431 3.431 3.431 3.431 3.431 3.430 3.430 3.430 3.430 3.430 3.430 3.430 3.430 3.430 3.430 3.430 3.430 3.430 3.430 3.430 3.430 3.430 3.430 3.430 3.430 3.430 3.429 3.430 3.430 3.430 3.430 3.430 3.430 3.430 3.430 3.430 3.430 3.430 3.430 3.430 3.430 3.430 3.430
3.885 3.884 3.882 3.881 3.875 3.854 3.840 3.825 3.810 3.795 3.780 3.715 3.617 3.519 3.433 3.432 3.432 3.432 3.432 3.432 3.432 3.432 3.432 3.432 3.432 3.431 3.431 3.431 3.431 3.431 3.431 3.431 3.431 3.431 3.431 3.431 3.431 3.430 3.430 3.430 3.430 3.430 3.430 3.430 3.430 3.430 3.430 3.430 3.430 3.430 3.430 3.430 3.430 3.430 3.430 3.430 3.430 3.429 3.429 3.429 3.429 3.429 3.430 3.430 3.430 3.430 3.430 3.430 3.430 3.430 3.430 3.430 3.430 3.430 3.430 3.430 3.430
3.826 3.824 3.823 3.822 3.829 3.818 3.801 3.786 3.771 3.756 3.741 3.698 3.600 3.433 3.433 3.432 3.432 3.432 3.432 3.432 3.432 3.432 3.432 3.431 3.432 3.431 3.431 3.431 3.431 3.431 3.431 3.431 3.431 3.431 3.431 3.431 3.430 3.430 3.430 3.430 3.430 3.430 3.430 3.430 3.430 3.430 3.430 3.430 3.430 3.430 3.430 3.430 3.430 3.430 3.430 3.429 3.430 3.429 3.429 3.429 3.429 3.429 3.429 3.430 3.429 3.429 3.430 3.429 3.429 3.429 3.429 3.429 3.430 3.430 3.430 3.430 3.430
3.731 3.743 3.755 3.767 3.779 3.775 3.755 3.736 3.717 3.698 3.678 3.565 3.433 3.433 3.433 3.432 3.432 3.432 3.432 3.432 3.432 3.432 3.431 3.431 3.431 3.431 3.431 3.431 3.431 3.431 3.431 3.431 3.431 3.431 3.431 3.430 3.430 3.430 3.430 3.430 3.430 3.430 3.430 3.430 3.430 3.430 3.430 3.430 3.430 3.430 3.430 3.430 3.429 3.429 3.430 3.429 3.429 3.429 3.429 3.429 3.429 3.429 3.429 3.429 3.429 3.429 3.430 3.430 3.429 3.430 3.430 3.430 3.430 3.430 3.430 3.430 3.430
3.706 3.718 3.730 3.742 3.754 3.753 3.734 3.715 3.695 3.676 3.563 3.433 3.433 3.433 3.432 3.432 3.432 3.432 3.432 3.432 3.432 3.432 3.431 3.431 3.431 3.431 3.431 3.431 3.431 3.431 3.431 3.431 3.431 3.431 3.430 3.430 3.430 3.430 3.430 3.430 3.430 3.430 3.430 3.430 3.430 3.430 3.430 3.430 3.430 3.429 3.429 3.429 3.429 3.429 3.429 3.429 3.429 3.429 3.429 3.429 3.429 3.429 3.429 3.429 3.429 3.429 3.429 3.430 3.430 3.430 3.429 3.429 3.430 3.430 3.430 3.430 3.430
3.682 3.693 3.705 3.717 3.729 3.731 3.712 3.693 3.674 3.560 3.433 3.433 3.433 3.433 3.433 3.433 3.432 3.432 3.432 3.431 3.432 3.432 3.431 3.431 3.431 3.431 3.431 3.431 3.431 3.431 3.431 3.431 3.431 3.430 3.430 3.430 3.430 3.430 3.430 3.430 3.430 3.430 3.430 3.430 3.430 3.430 3.430 3.430 3.429 3.429 3.429 3.429 3.429 3.429 3.429 3.429 3.429 3.429 3.429 3.429 3.429 3.429 3.429 3.429 3.429 3.429 3.429 3.429 3.429 3.429 3.429 3.429 3.430 3.430 3.430 3.430 3.430
3.657 3.668 3.680 3.692 3.704 3.710 3.690 3.671 3.557 3.433 3.433 3.433 3.432 3.432 3.432 3.432 3.432 3.432 3.432 3.432 3.431 3.431 3.431 3.431 3.431 3.431 3.431 3.431 3.431 3.431 3.430 3.430 3.430 3.430 3.430 3.430 3.430 3.430 3.430 3.429 3.430 3.430 3.430 3.430 3.430 3.430 3.429 3.430 3.430 3.429 3.429 3.429 3.429 3.429 3.429 3.429 3.429 3.429 3.429 3.428 3.428 3.429 3.429 3.429 3.429 3.429 3.429 3.429 3.429 3.429 3.430 3.430 3.430 3.430 3.430 3.430 3.430
3.636 3.646 3.656 3.667 3.680 3.688 3.668 3.555 3.433 3.433 3.433 3.432 3.432 3.432 3.432 3.432 3.432 3.432 3.432 3.431 3.431 3.431 3.431 3.431 3.431 3.431 3.431 3.431 3.431 3.431 3.431 3.431 3.430 3.430 3.430 3.430 3.430 3.429 3.429 3.429 3.430 3.430 3.429 3.429 3.429 3.429 3.429 3.429 3.429 3.429 3.429 3.429 3.429 3.429 3.429 3.428 3.428 3.428 3.428 3.429 3.429 3.429 3.429 3.429 3.429 3.429 3.429 3.429 3.430 3.429 3.429 3.429 3.430 3.430 3.430 3.430 3.430
3.614 3.624 3.634 3.644 3.655 3.666 3.552 3.433 3.432 3.432 3.432 3.432 3.433 3.432 3.432 3.432 3.432 3.432 3.431 3.431 3.431 3.431 3.431 3.431 3.431 3.431 3.431 3.430 3.430 3.430 3.431 3.430 3.430 3.430 3.429 3.429 3.429 3.429 3.429 3.429 3.429 3.429 3.429 3.429 3.429 3.429 3.429 3.429 3.429 3.429 3.429 3.429 3.428 3.428 3.428 3.428 3.428 3.428 3.428 3.428 3.429 3.428 3.428 3.428 3.429 3.429 3.429 3.429 3.429 3.429 3.429 3.429 3.430 3.430 3.430 3.430 3.430
3.592 3.603 3.613 3.623 3.633 3.635 3.433 3.433 3.432 3.432 3.432 3.432 3.432 3.432 3.432 3.432 3.432 3.431 3.431 3.431 3.431 3.431 3.431 3.431 3.431 3.431 3.431 3.430 3.430 3.430 3.430 3.430 3.430 3.429 3.429 3.429 3.429 3.429 3.429 3.429 3.429 3.429 3.429 3.429 3.429 3.429 3.429 3.429 3.429 3.429 3.429 3.428 3.428 3.428 3.428 3.428 3.428 3.428 3.428 3.428 3.428 3.428 3.428 3.428 3.429 3.429 3.429 3.429 3.429 3.429 3.429 3.429 3.429 3.430 3.430 3.430 3.430
3.571 3.581 3.591 3.601 3.602 3.600 3.435 3.432 3.432 3.432 3.432 3.432 3.432 3.432 3.432 3.432 3.432 3.431 3.431 3.431 3.431 3.431 3.431 3.431 3.430 3.430 3.430 3.430 3.430 3.430 3.430 3.430 3.430 3.430 3.430 3.429 3.429 3.429 3.429 3.429 3.429 3.429 3.429 3.429 3.429 3.429 3.428 3.428 3.428 3.428 3.428 3.428 3.428 3.428 3.428 3.428 3.428 3.428 3.428 3.428 3.428 3.428 3.428 3.428 3.428 3.429 3.429 3.429 3.429 3.429 3.429 3.429 3.429 3.429 3.430 3.430 3.430
3.549 3.560 3.570 3.568 3.566 3.564 3.453 3.432 3.432 3.432 3.432 3.432 3.432 3.432 3.432 3.432 3.431 3.431 3.431 3.431 3.431 3.431 3.431 3.430 3.430 3.430 3.430 3.430 3.430 3.430 3.430 3.430 3.430 3.429 3.429 3.429 3.429 3.429 3.429 3.429 3.429 3.428 3.429 3.429 3.428 3.428 3.428 3.428 3.428 3.428 3.428 3.428 3.428 3.428 3.428 3.428 3.428 3.428 3.428 3.428 3.428 3.428 3.428 3.428 3.428 3.428 3.429 3.429 3.429 3.429 3.429 3.429 3.429 3.429 3.429 3.429 3.430
3.527 3.536 3.534 3.532 3.530 3.528 3.471 3.432 3.432 3.432 3.432 3.432 3.432 3.432 3.432 3.431 3.431 3.431 3.431 3.431 3.431 3.431 3.431 3.431 3.430 3.430 3.430 3.430 3.430 3.430 3.430 3.430 3.429 3.429 3.429 3.429 3.429 3.429 3.429 3.428 3.428 3.428 3.429 3.428 3.428 3.428 3.428 3.428 3.428 3.428 3.428 3.428 3.428 3.428 3.428 3.428 3.428 3.428 3.428 3.428 3.428 3.428 3.428 3.428 3.428 3.428 3.429 3.429 3.429 3.429 3.429 3.429 3.429 3.429 3.429 3.429 3.429
3.502 3.500 3.498 3.496 3.494 3.492 3.490 3.432 3.432 3.432 3.432 3.432 3.432 3.432 3.432 3.431 3.431 3.431 3.431 3.431 3.431 3.431 3.431 3.431 3.430 3.430 3.430 3.430 3.430 3.430 3.429 3.429 3.429 3.429 3.429 3.429 3.429 3.428 3.428 3.428 3.428 3.428 3.428 3.428 3.428 3.428 3.428 3.428 3.428 3.428 3.428 3.428 3.428 3.428 3.428 3.427 3.427 3.428 3.428 3.428 3.428 3.428 3.428 3.428 3.428 3.428 3.429 3.429 3.429 3.429 3.429 3.429 3.429 3.429 3.429 3.429 3.429
3.466 3.465 3.462 3.460 3.458 3.456 3.454 3.432 3.432 3.432 3.432 3.432 3.432 3.432 3.432 3.431 3.431 3.431 3.431 3.431 3.431 3.431 3.430 3.431 3.430 3.430 3.430 3.430 3.430 3.430 3.429 3.429 3.429 3.429 3.429 3.429 3.429 3.428 3.428 3.428 3.428 3.428 3.428 3.428 3.428 3.428 3.428 3.428 3.428 3.428 3.428 3.428 3.427 3.427 3.427 3.427 3.427 3.428 3.428 3.428 3.428 3.428 3.428 3.428 3.428 3.428 3.429 3.429 3.429 3.429 3.429 3.429 3.429 3.429 3.429 3.429 3.429
3.432 3.432 3.432 3.432 3.432 3.432 3.432 3.432 3.432 3.432 3.432 3.432 3.432 3.431 3.432 3.431 3.431 3.431 3.431 3.431 3.431 3.430 3.430 3.430 3.430 3.430 3.430 3.430 3.430 3.430 3.429 3.429 3.429 3.429 3.429 3.428 3.428 3.428 3.428 3.428 3.428 3.428 3.428 3.428 3.428 3.428 3.427 3.427 3.428 3.428 3.428 3.427 3.428 3.428 3.427 3.427 3.427 3.427 3.427 3.428 3.428 3.428 3.428 3.428 3.428 3.428 3.428 3.428 3.429 3.429 3.429 3.429 3.429 3.429 3.429 3.429 3.429
3.432 3.432 3.432 3.432 3.432 3.432 3.432 3.432 3.432 3.432 3.432 3.432 3.432 3.431 3.431 3.431 3.431 3.431 3.431 3.431 3.431 3.430 3.430 3.430 3.430 3.430 3.430 3.430 3.429 3.429 3.429 3.429 3.429 3.429 3.429 3.428 3.428 3.428 3.428 3.428 3.428 3.428 3.427 3.428 3.428 3.427 3.427 3.427 3.427 3.427 3.427 3.427 3.428 3.427 3.427 3.427 3.427 3.428 3.428 3.428 3.428 3.428 3.428 3.428 3.428 3.428 3.428 3.428 3.428 3.429 3.429 3.429 3.429 3.429 3.429 3.429 3.429
3.432 3.432 3.432 3.432 3.432 3.432 3.432 3.432 3.431 3.432 3.431 3.431 3.432 3.431 3.431 3.431 3.431 3.431 3.431 3.431 3.431 3.430 3.430 3.430 3.430 3.430 3.430 3.430 3.430 3.429 3.429 3.429 3.429 3.429 3.429 3.428 3.428 3.428 3.428 3.428 3.428 3.428 3.427 3.427 3.427 3.427 3.427 3.427 3.427 3.427 3.427 3.427 3.427 3.427 3.427 3.427 3.427 3.427 3.427 3.427 3.428 3.428 3.428 3.428 3.428 3.428 3.428 3.428 3.428 3.428 3.428 3.428 3.429 3.429 3.429 3.429 3.429
3.441 3.432 3.432 3.432 3.432 3.432 3.432 3.432 3.431 3.431 3.431 3.431 3.431 3.431 3.431 3.431 3.431 3.431 3.431 3.431 3.430 3.430 3.430 3.430 3.430 3.430 3.430 3.430 3.429 3.429 3.429 3.429 3.429 3.429 3.428 3.428 3.428 3.428 3.428 3.428 3.427 3.427 3.427 3.427 3.427 3.427 3.427 3.427 3.427 3.427 3.427 3.427 3.427 3.427 3.427 3.427 3.427 3.427 3.427 3.428 3.428 3.428 3.428 3.428 3.428 3.428 3.428 3.428 3.428 3.428 3.428 3.429 3.429 3.429 3.428 3.429 3.429
3.476 3.454 3.433 3.432 3.432 3.431 3.431 3.431 3.431 3.431 3.431 3.431 3.431 3.431 3.431 3.431 3.431 3.431 3.431 3.430 3.430 3.430 3.430 3.430 3.430 3.430 3.430 3.429 3.429 3.429 3.429 3.429 3.429 3.429 3.428 3.428 3.428 3.428 3.428 3.427 3.427 3.427 3.427 3.427 3.427 3.427 3.427 3.427 3.427 3.427 3.427 3.427 3.427 3.427 3.427 3.427 3.427 3.427 3.427 3.428 3.427 3.427 3.428 3.428 3.428 3.428 3.428 3.428 3.428 3.428 3.428 3.428 3.428 3.428 3.428 3.429 3.429
3.493 3.472 3.450 3.431 3.431 3.431 3.431 3.431 3.431 3.431 3.431 3.431 3.431 3.431 3.431 3.431 3.431 3.430 3.431 3.430 3.430 3.430 3.430 3.430 3.430 3.430 3.430 3.430 3.430 3.430 3.429 3.429 3.429 3.429 3.428 3.428 3.428 3.428 3.428 3.427 3.427 3.427 3.427 3.428 3.427 3.427 3.427 3.427 3.427 3.427 3.427 3.427 3.427 3.427 3.427 3.427 3.427 3.427 3.427 3.427 3.427 3.427 3.428 3.428 3.428 3.428 3.428 3.428 3.428 3.428 3.428 3.428 3.428 3.429 3.429 3.429 3.429
3.511 3.489 3.468 3.446 3.431 3.431 3.431 3.431 3.431 3.431 3.431 3.431 3.431 3.431 3.431 3.430 3.430 3.430 3.431 3.430 3.430 3.430 3.430 3.430 3.430 3.430 3.430 3.430 3.430 3.429 3.429 3.429 3.429 3.429 3.428 3.428 3.428 3.428 3.428 3.427 3.427 3.427 3.427 3.427 3.427 3.427 3.427 3.427 3.427 3.427 3.427 3.427 3.427 3.427 3.427 3.427 3.427 3.427 3.427 3.427 3.427 3.428 3.428 3.427 3.428 3.428 3.428 3.428 3.428 3.428 3.428 3.429 3.428 3.428 3.428 3.429 3.429
3.528 3.506 3.485 3.433 3.431 3.431 3.431 3.431 3.431 3.431 3.431 3.431 3.431 3.431 3.430 3.430 3.430 3.430 3.430 3.430 3.430 3.430 3.430 3.430 3.430 3.430 3.430 3.430 3.430 3.429 3.429 3.429 3.429 3.429 3.428 3.428 3.428 3.428 3.428 3.428 3.428 3.427 3.427 3.427 3.427 3.427 3.427 3.427 3.427 3.427 3.427 3.427 3.427 3.427 3.427 3.427 3.427 3.427 3.427 3.427 3.427 3.428 3.427 3.427 3.428 3.428 3.428 3.428 3.428 3.428 3.428 3.428 3.428 3.428 3.429 3.429 3.429
3.539 3.516 3.464 3.431 3.431 3.431 3.431 3.431 3.431 3.431 3.431 3.431 3.431 3.430 3.430 3.430 3.430 3.430 3.430 3.430 3.430 3.430 3.430 3.430 3.430 3.430 3.430 3.430 3.430 3.430 3.430 3.429 3.429 3.429 3.429 3.428 3.428 3.428 3.428 3.428 3.428 3.428 3.427 3.427 3.427 3.427 3.427 3.427 3.427 3.427 3.427 3.427 3.427 3.427 3.427 3.427 3.427 3.427 3.427 3.427 3.427 3.427 3.427 3.427 3.427 3.427 3.428 3.428 3.428 3.428 3.428 3.428 3.428 3.429 3.429 3.429 3.429
