includes/camargue/floodfiles/results_R4_t1.562344205135E12/res-0012.wdfp
ncols         906
nrows         631
xllcorner     362177.146667
yllcorner     6534725.688020
cellsize      20.000000
NODATA_value  -9999.000000
[rows 510 to 543 of 631, columns 693 to 769 of 906]
0.191 0.180 0.168 0.238 0.316 0.393 0.471 0.548 0.549 0.703 0.780 0.851 0.906 0.961 1.016 1.070 1.209 1.408 1.608 1.807 2.006 2.206 2.405 2.605 2.605 2.958 3.088 3.218 3.348 3.489 3.650 3.811 3.971 4.132 4.293 4.454 4.615 4.775 4.936 5.105 5.105 5.444 5.613 5.583 5.553 5.523 5.494 5.464 5.434 5.404 5.374 5.344 5.314 5.285 5.257 5.229 5.223 5.224 5.250 5.276 5.303 5.329 5.355 5.381 5.407 5.434 5.460 5.486 5.512 5.539 5.714 5.894 6.312 6.313 6.577 6.841 7.106
0.397 0.391 0.468 0.546 0.623 0.700 0.778 0.855 0.856 1.010 1.088 1.165 1.239 1.294 1.349 1.509 1.709 1.908 2.108 2.307 2.506 2.706 2.905 3.105 3.105 3.503 3.668 3.798 3.943 4.103 4.264 4.425 4.586 4.747 4.907 5.068 5.229 5.390 5.551 5.711 5.712 6.032 6.002 5.972 5.942 5.913 5.883 5.853 5.823 5.793 5.763 5.733 5.704 5.674 5.644 5.616 5.666 5.666 5.693 5.719 5.745 5.771 5.798 5.824 5.850 5.876 5.902 5.929 5.955 5.981 6.007 6.114 6.583 6.583 6.848 7.072 7.277
0.500 0.544 0.622 0.699 0.776 0.854 0.931 1.009 1.009 1.164 1.241 1.319 1.396 1.460 1.560 1.759 1.959 2.158 2.357 2.557 2.756 2.955 3.155 3.354 3.355 3.753 3.953 4.089 4.250 4.410 4.571 4.732 4.893 5.054 5.214 5.375 5.536 5.697 5.858 6.018 6.019 6.226 6.196 6.167 6.137 6.107 6.077 6.047 6.017 5.988 5.958 5.928 5.898 5.868 5.838 5.835 5.887 5.887 5.914 5.940 5.966 5.992 6.019 6.045 6.071 6.097 6.123 6.150 6.176 6.202 6.228 6.255 6.646 6.647 6.851 7.055 7.260
0.620 0.698 0.775 0.853 0.930 1.007 1.085 1.162 1.163 1.317 1.395 1.472 1.550 1.627 1.810 2.009 2.208 2.408 2.608 2.812 3.016 3.220 3.424 3.628 3.628 4.036 4.240 4.371 4.529 4.687 4.845 5.002 5.160 5.318 5.476 5.634 5.792 5.949 6.107 6.265 6.266 6.238 6.201 6.164 6.127 6.090 6.052 6.015 5.978 5.940 5.903 5.866 5.829 5.791 5.769 5.870 5.925 5.926 5.954 5.981 6.009 6.037 6.065 6.093 6.120 6.148 6.176 6.204 6.231 6.259 6.287 6.328 6.629 6.629 6.834 7.038 7.242
0.882 0.964 1.045 1.127 1.208 1.290 1.371 1.453 1.453 1.615 1.697 1.778 1.860 2.008 2.225 2.429 2.633 2.836 3.040 3.244 3.448 3.652 3.856 4.060 4.060 4.468 4.631 4.610 4.728 4.886 5.044 5.202 5.360 5.517 5.675 5.833 5.991 6.149 6.307 6.464 6.465 6.142 6.099 6.061 6.024 5.987 5.950 5.912 5.875 5.838 5.801 5.763 5.726 5.689 5.757 5.862 5.950 5.950 5.978 6.006 6.034 6.062 6.089 6.117 6.145 6.173 6.201 6.228 6.256 6.284 6.319 6.385 6.660 6.660 6.828 7.021 7.225
1.147 1.299 1.381 1.462 1.544 1.625 1.707 1.788 1.788 1.951 2.032 2.114 2.201 2.427 2.654 2.861 3.065 3.269 3.473 3.676 3.880 4.084 4.288 4.492 4.492 4.900 4.933 4.912 4.928 5.085 5.243 5.401 5.559 5.717 5.875 6.032 6.190 6.348 6.506 6.531 6.531 6.130 5.996 5.959 5.922 5.884 5.847 5.810 5.772 5.735 5.698 5.661 5.623 5.640 5.745 5.851 5.975 5.975 6.003 6.031 6.059 6.086 6.114 6.142 6.170 6.198 6.225 6.253 6.281 6.310 6.376 6.442 6.703 6.703 6.871 7.038 7.208
1.396 1.629 1.716 1.798 1.879 1.961 2.042 2.124 2.124 2.286 2.368 2.449 2.620 2.846 3.073 3.293 3.497 3.701 3.905 4.109 4.312 4.516 4.720 4.924 4.924 5.257 5.236 5.214 5.193 5.285 5.443 5.601 5.758 5.916 6.074 6.232 6.390 6.547 6.705 6.518 6.518 6.117 5.916 5.856 5.819 5.782 5.744 5.707 5.670 5.633 5.595 5.558 5.523 5.628 5.734 5.839 6.000 6.000 6.028 6.056 6.083 6.111 6.139 6.167 6.194 6.222 6.250 6.278 6.306 6.367 6.433 6.499 6.746 6.746 6.914 7.081 7.248
1.646 1.879 2.052 2.133 2.215 2.296 2.378 2.459 2.459 2.622 2.703 2.812 3.038 3.265 3.492 3.719 3.929 4.133 4.337 4.541 4.745 4.948 5.152 5.356 5.357 5.559 5.538 5.516 5.495 5.484 5.642 5.800 5.958 6.115 6.273 6.431 6.589 6.747 6.706 6.505 6.506 6.104 5.904 5.753 5.716 5.679 5.642 5.604 5.567 5.530 5.493 5.455 5.512 5.617 5.722 5.828 6.024 6.025 6.052 6.080 6.108 6.136 6.164 6.191 6.219 6.247 6.275 6.302 6.358 6.424 6.490 6.555 6.789 6.789 6.957 7.124 7.291
1.896 2.129 2.361 2.469 2.551 2.632 2.713 2.795 2.795 2.958 3.039 3.231 3.457 3.684 3.911 4.138 4.361 4.565 4.769 4.973 5.177 5.381 5.585 5.788 5.789 5.861 5.840 5.818 5.797 5.775 5.841 5.999 6.157 6.315 6.473 6.631 6.788 6.894 6.693 6.493 6.493 6.092 5.891 5.690 5.614 5.576 5.539 5.502 5.465 5.427 5.390 5.395 5.500 5.605 5.711 5.816 6.026 6.026 6.077 6.105 6.133 6.161 6.188 6.216 6.244 6.272 6.299 6.349 6.415 6.481 6.546 6.612 6.832 6.832 7.000 7.167 7.334
2.146 2.378 2.611 2.805 2.886 2.968 3.049 3.130 3.131 3.293 3.423 3.650 3.876 4.103 4.330 4.557 4.783 4.997 5.201 5.405 5.609 5.813 6.017 6.206 6.206 6.163 6.142 6.120 6.099 6.077 6.056 6.199 6.356 6.514 6.672 6.830 6.988 6.881 6.680 6.480 6.480 6.079 5.878 5.678 5.511 5.474 5.436 5.399 5.362 5.325 5.287 5.383 5.488 5.594 5.699 5.804 6.015 6.015 6.102 6.130 6.158 6.185 6.213 6.241 6.269 6.296 6.340 6.406 6.472 6.537 6.603 6.669 6.875 6.875 7.043 7.210 7.377
2.395 2.628 2.861 3.094 3.222 3.303 3.385 3.466 3.466 3.629 3.842 4.069 4.295 4.522 4.749 4.975 5.202 5.429 5.633 5.837 6.041 6.245 6.449 6.508 6.509 6.465 6.444 6.422 6.401 6.379 6.358 6.398 6.556 6.714 6.871 7.029 7.069 6.868 6.668 6.467 6.468 6.066 5.866 5.665 5.465 5.371 5.334 5.297 5.259 5.222 5.266 5.371 5.477 5.582 5.687 5.793 6.003 6.003 6.109 6.154 6.182 6.210 6.238 6.265 6.293 6.331 6.397 6.463 6.528 6.594 6.660 6.726 6.918 6.918 7.086 7.253 7.420
2.645 2.878 3.110 3.343 3.557 3.639 3.720 3.802 3.802 4.034 4.261 4.488 4.714 4.941 5.168 5.394 5.621 5.848 6.066 6.270 6.473 6.677 6.832 6.810 6.811 6.767 6.746 6.724 6.703 6.681 6.660 6.639 6.755 6.913 7.071 7.229 7.056 6.856 6.655 6.454 6.455 6.053 5.853 5.652 5.452 5.268 5.231 5.194 5.157 5.149 5.254 5.360 5.465 5.570 5.676 5.781 5.991 5.992 6.097 6.179 6.207 6.235 6.262 6.290 6.322 6.388 6.454 6.520 6.585 6.651 6.717 6.782 6.961 6.961 7.129 7.296 7.463
2.895 3.127 3.360 3.593 3.826 3.974 4.056 4.137 4.138 4.453 4.680 4.907 5.133 5.360 5.587 5.813 6.040 6.267 6.494 6.702 6.906 7.109 7.134 7.112 7.113 7.069 7.048 7.026 7.005 6.984 6.962 6.941 6.955 7.112 7.270 7.244 7.043 6.843 6.642 6.442 6.442 6.041 5.840 5.640 5.439 5.239 5.128 5.091 5.054 5.137 5.243 5.348 5.453 5.559 5.664 5.769 5.979 5.980 6.085 6.190 6.232 6.259 6.287 6.315 6.379 6.445 6.511 6.576 6.642 6.708 6.773 6.839 7.004 7.004 7.172 7.339 7.506
3.144 3.377 3.610 3.843 4.075 4.308 4.391 4.473 4.473 4.872 5.099 5.326 5.552 5.779 6.006 6.232 6.459 6.686 6.913 7.134 7.338 7.457 7.436 7.414 7.415 7.372 7.350 7.329 7.307 7.286 7.264 7.243 7.221 7.312 7.432 7.231 7.031 6.830 6.630 6.429 6.430 6.028 5.827 5.627 5.426 5.226 5.026 4.988 5.020 5.126 5.231 5.336 5.442 5.547 5.652 5.758 5.968 5.968 6.073 6.179 6.256 6.284 6.312 6.370 6.436 6.502 6.567 6.633 6.699 6.765 6.830 6.896 7.047 7.047 7.215 7.382 7.549
3.144 3.377 3.610 3.842 4.075 4.308 4.391 4.473 4.473 4.872 5.099 5.325 5.552 5.779 6.005 6.232 6.459 6.685 6.912 7.134 7.337 7.457 7.436 7.414 7.414 7.371 7.350 7.328 7.307 7.285 7.264 7.242 7.221 7.311 7.431 7.231 7.030 6.830 6.629 6.429 6.429 6.027 5.827 5.626 5.426 5.225 5.025 4.988 5.020 5.125 5.230 5.336 5.441 5.546 5.652 5.757 5.967 5.968 6.073 6.178 6.256 6.283 6.311 6.370 6.436 6.501 6.567 6.633 6.698 6.764 6.830 6.895 7.046 7.046 7.214 7.381 7.549
3.394 3.626 3.859 4.092 4.325 4.558 4.727 4.838 4.838 5.291 5.518 5.744 5.971 6.198 6.424 6.651 6.878 7.104 7.331 7.558 7.770 7.759 7.738 7.716 7.717 7.673 7.652 7.630 7.609 7.587 7.566 7.544 7.523 7.511 7.419 7.218 7.018 6.817 6.616 6.416 6.416 6.015 5.814 5.614 5.413 5.213 5.012 4.903 5.008 5.113 5.219 5.324 5.429 5.535 5.640 5.745 5.956 5.956 6.061 6.166 6.272 6.308 6.361 6.427 6.492 6.558 6.624 6.689 6.755 6.821 6.886 6.952 7.089 7.089 7.257 7.424 7.592
3.643 3.876 4.109 4.342 4.574 4.807 5.040 5.257 5.257 5.702 5.919 6.137 6.354 6.571 6.789 7.006 7.223 7.441 7.658 7.875 7.950 7.921 7.892 7.863 7.863 7.805 7.776 7.747 7.718 7.689 7.660 7.630 7.601 7.542 7.376 7.175 6.974 6.774 6.573 6.372 6.373 5.971 5.770 5.570 5.369 5.168 4.968 4.903 5.002 5.107 5.212 5.317 5.422 5.527 5.631 5.736 5.946 5.946 6.051 6.156 6.261 6.352 6.418 6.483 6.549 6.615 6.680 6.746 6.812 6.877 6.943 7.009 7.140 7.140 7.300 7.467 7.635
4.074 4.306 4.538 4.770 5.001 5.233 5.406 5.571 5.571 5.987 6.204 6.422 6.639 6.856 7.074 7.291 7.509 7.726 7.943 7.980 7.921 7.861 7.829 7.800 7.800 7.742 7.713 7.683 7.654 7.625 7.596 7.567 7.488 7.355 7.223 7.062 6.862 6.661 6.460 6.259 6.260 5.858 5.657 5.457 5.256 5.062 5.041 5.020 4.998 5.101 5.205 5.310 5.415 5.520 5.625 5.730 5.940 5.940 6.045 6.150 6.236 6.321 6.404 6.487 6.570 6.652 6.735 6.818 6.901 6.983 7.057 7.123 7.254 7.254 7.386 7.554 7.640
4.285 4.517 4.749 4.981 5.213 5.415 5.580 5.745 5.745 6.129 6.347 6.564 6.781 6.999 7.216 7.433 7.651 7.868 8.026 7.966 7.907 7.847 7.797 7.768 7.768 7.710 7.681 7.652 7.623 7.593 7.564 7.528 7.395 7.262 7.129 6.996 6.805 6.604 6.404 6.203 6.203 5.801 5.601 5.400 5.199 5.120 5.099 5.077 5.056 5.097 5.202 5.307 5.412 5.517 5.622 5.727 5.936 5.937 6.041 6.133 6.218 6.303 6.387 6.470 6.552 6.635 6.718 6.801 6.884 6.966 7.049 7.132 7.297 7.297 7.376 7.462 7.548
4.496 4.728 4.960 5.192 5.424 5.589 5.754 5.919 5.919 6.272 6.489 6.707 6.924 7.141 7.359 7.576 7.793 8.010 8.013 7.952 7.893 7.833 7.773 7.736 7.737 7.678 7.649 7.620 7.591 7.562 7.533 7.434 7.301 7.168 7.035 6.902 6.748 6.548 6.347 6.146 6.147 5.745 5.544 5.343 5.199 5.178 5.156 5.135 5.114 5.094 5.199 5.304 5.409 5.513 5.618 5.723 5.933 5.933 6.030 6.115 6.200 6.285 6.370 6.452 6.535 6.618 6.701 6.784 6.866 6.949 7.032 7.115 7.248 7.249 7.296 7.372 7.456
4.707 4.939 5.171 5.403 5.598 5.763 5.928 6.093 6.093 6.423 6.632 6.849 7.066 7.284 7.501 7.718 7.936 8.058 7.998 7.939 7.879 7.819 7.759 7.704 7.705 7.646 7.617 7.588 7.559 7.530 7.473 7.341 7.208 7.075 6.942 6.809 6.676 6.491 6.290 6.090 6.090 5.688 5.488 5.287 5.256 5.235 5.214 5.193 5.172 5.151 5.195 5.300 5.405 5.510 5.615 5.720 5.926 5.927 6.012 6.097 6.182 6.267 6.352 6.435 6.518 6.601 6.684 6.766 6.849 6.932 7.015 7.097 7.177 7.178 7.219 7.296 7.372
4.918 5.150 5.382 5.606 5.772 5.937 6.102 6.267 6.267 6.597 6.774 6.991 7.209 7.426 7.643 7.861 8.078 8.045 7.984 7.925 7.865 7.805 7.745 7.685 7.686 7.614 7.585 7.556 7.527 7.498 7.380 7.247 7.114 6.981 6.848 6.715 6.582 6.434 6.234 6.033 6.033 5.632 5.431 5.335 5.314 5.293 5.272 5.251 5.230 5.209 5.192 5.297 5.402 5.507 5.611 5.716 5.908 5.909 5.994 6.079 6.164 6.249 6.334 6.418 6.501 6.584 6.666 6.749 6.832 6.915 6.997 7.054 7.106 7.107 7.142 7.219 7.296
5.129 5.361 5.593 5.780 5.945 6.111 6.276 6.441 6.441 6.771 6.937 7.134 7.351 7.568 7.786 8.003 8.090 8.030 7.970 7.911 7.851 7.791 7.731 7.671 7.672 7.582 7.553 7.524 7.495 7.419 7.286 7.153 7.020 6.887 6.755 6.622 6.489 6.356 6.177 5.976 5.977 5.575 5.414 5.393 5.372 5.351 5.330 5.309 5.288 5.266 5.245 5.293 5.398 5.503 5.608 5.713 5.891 5.891 5.976 6.061 6.146 6.231 6.316 6.401 6.484 6.566 6.649 6.732 6.815 6.898 6.956 6.983 7.035 7.035 7.065 7.142 7.219
5.340 5.572 5.789 5.954 6.119 6.285 6.450 6.615 6.615 6.945 7.110 7.276 7.493 7.711 7.928 8.136 8.076 8.017 7.956 7.897 7.837 7.777 7.717 7.657 7.658 7.551 7.521 7.492 7.459 7.326 7.193 7.060 6.927 6.794 6.661 6.528 6.395 6.262 6.120 5.920 5.920 5.518 5.472 5.451 5.430 5.409 5.388 5.367 5.345 5.324 5.303 5.290 5.395 5.500 5.604 5.703 5.872 5.873 5.958 6.043 6.128 6.213 6.298 6.383 6.467 6.549 6.632 6.715 6.798 6.859 6.885 6.912 6.964 6.964 6.991 7.065 7.142
5.551 5.783 5.963 6.128 6.293 6.459 6.624 6.789 6.789 7.119 7.284 7.450 7.636 7.853 8.070 8.122 8.062 8.002 7.943 7.883 7.823 7.763 7.703 7.643 7.644 7.524 7.490 7.460 7.365 7.232 7.099 6.966 6.833 6.700 6.567 6.434 6.301 6.168 6.035 5.863 5.863 5.551 5.530 5.509 5.488 5.467 5.446 5.424 5.403 5.382 5.361 5.340 5.391 5.496 5.600 5.685 5.855 5.855 5.940 6.025 6.110 6.195 6.280 6.365 6.449 6.532 6.615 6.698 6.762 6.788 6.814 6.841 6.893 6.893 6.920 6.988 7.065
5.763 5.972 6.137 6.302 6.467 6.633 6.798 6.963 6.963 7.293 7.458 7.624 7.789 7.995 8.168 8.108 8.049 7.988 7.928 7.869 7.809 7.749 7.689 7.629 7.630 7.510 7.458 7.404 7.271 7.138 7.005 6.872 6.740 6.607 6.474 6.341 6.208 6.075 5.942 5.807 5.807 5.609 5.588 5.567 5.546 5.524 5.503 5.482 5.461 5.440 5.419 5.398 5.388 5.493 5.582 5.667 5.837 5.837 5.922 6.007 6.092 6.177 6.262 6.347 6.432 6.515 6.598 6.664 6.691 6.717 6.743 6.769 6.822 6.822 6.848 6.911 6.988
5.974 6.146 6.311 6.476 6.641 6.807 6.972 7.137 7.137 7.467 7.632 7.798 7.963 8.137 8.154 8.094 8.034 7.974 7.914 7.855 7.795 7.735 7.675 7.615 7.615 7.486 7.421 7.308 7.175 7.041 6.908 6.775 6.642 6.509 6.376 6.243 6.109 5.976 5.843 5.710 5.710 5.649 5.630 5.611 5.592 5.573 5.554 5.535 5.516 5.496 5.477 5.455 5.434 5.479 5.564 5.649 5.819 5.819 5.904 5.989 6.074 6.159 6.244 6.329 6.414 6.498 6.567 6.593 6.619 6.646 6.672 6.698 6.751 6.751 6.777 6.834 6.911
6.155 6.320 6.485 6.650 6.815 6.974 7.130 7.285 7.285 7.596 7.752 7.907 8.062 8.149 8.064 8.000 7.935 7.871 7.806 7.742 7.677 7.613 7.548 7.483 7.484 7.354 7.282 7.193 7.059 6.926 6.793 6.660 6.527 6.394 6.261 6.127 5.994 5.861 5.728 5.645 5.645 5.621 5.602 5.583 5.564 5.545 5.526 5.506 5.487 5.468 5.449 5.430 5.422 5.466 5.550 5.635 5.804 5.804 5.889 5.973 6.058 6.142 6.227 6.312 6.396 6.469 6.496 6.522 6.548 6.575 6.601 6.627 6.680 6.680 6.706 6.758 6.834
6.232 6.387 6.543 6.698 6.854 7.009 7.165 7.321 7.321 7.632 7.787 7.943 8.098 8.047 7.935 7.868 7.804 7.739 7.675 7.610 7.546 7.481 7.417 7.352 7.352 7.223 7.139 7.055 6.944 6.811 6.678 6.545 6.412 6.279 6.146 6.012 5.879 5.746 5.614 5.609 5.609 5.593 5.574 5.555 5.536 5.516 5.497 5.478 5.459 5.440 5.421 5.401 5.431 5.470 5.538 5.622 5.791 5.792 5.876 5.961 6.045 6.130 6.215 6.299 6.384 6.444 6.472 6.490 6.508 6.526 6.543 6.561 6.608 6.609 6.635 6.681 6.757
6.277 6.423 6.578 6.734 6.889 7.045 7.200 7.356 7.356 7.667 7.823 7.978 8.059 7.946 7.834 7.737 7.672 7.608 7.543 7.479 7.414 7.350 7.285 7.221 7.221 7.081 6.997 6.912 6.828 6.696 6.563 6.430 6.297 6.164 6.030 5.897 5.764 5.631 5.578 5.573 5.574 5.564 5.546 5.526 5.507 5.488 5.469 5.450 5.431 5.411 5.392 5.402 5.441 5.479 5.525 5.610 5.779 5.779 5.864 5.948 6.033 6.117 6.202 6.287 6.356 6.413 6.460 6.478 6.496 6.513 6.531 6.549 6.584 6.584 6.602 6.614 6.679
6.277 6.422 6.578 6.733 6.889 7.044 7.200 7.356 7.356 7.667 7.822 7.978 8.058 7.945 7.833 7.736 7.672 7.607 7.543 7.478 7.414 7.349 7.285 7.220 7.220 7.080 6.996 6.912 6.828 6.696 6.562 6.429 6.296 6.163 6.030 5.897 5.763 5.630 5.578 5.573 5.573 5.563 5.545 5.526 5.507 5.488 5.468 5.449 5.430 5.411 5.392 5.402 5.440 5.479 5.525 5.609 5.778 5.779 5.863 5.948 6.032 6.117 6.201 6.286 6.355 6.412 6.459 6.477 6.495 6.513 6.531 6.548 6.583 6.584 6.601 6.613 6.678
6.326 6.462 6.613 6.769 6.924 7.080 7.235 7.391 7.391 7.702 7.857 8.013 7.956 7.844 7.731 7.619 7.540 7.476 7.411 7.347 7.282 7.218 7.153 7.089 7.089 6.938 6.853 6.769 6.685 6.581 6.447 6.314 6.181 6.048 5.915 5.782 5.648 5.547 5.542 5.537 5.537 5.527 5.517 5.498 5.478 5.459 5.440 5.421 5.402 5.382 5.373 5.411 5.450 5.488 5.527 5.597 5.766 5.766 5.851 5.935 6.020 6.104 6.189 6.267 6.324 6.381 6.438 6.465 6.483 6.500 6.518 6.536 6.571 6.571 6.587 6.596 6.604
6.375 6.511 6.649 6.804 6.960 7.115 7.271 7.426 7.426 7.737 7.893 7.967 7.854 7.742 7.630 7.517 7.409 7.344 7.280 7.215 7.151 7.086 7.022 6.957 6.958 6.795 6.711 6.626 6.542 6.458 6.332 6.199 6.066 5.933 5.799 5.666 5.533 5.511 5.506 5.501 5.502 5.492 5.487 5.469 5.450 5.431 5.412 5.392 5.373 5.354 5.382 5.421 5.460 5.498 5.537 5.584 5.753 5.753 5.838 5.923 6.007 6.092 6.176 6.235 6.292 6.350 6.407 6.453 6.470 6.488 6.506 6.524 6.559 6.559 6.570 6.578 6.586
6.473 6.610 6.746 6.882 7.031 7.186 7.342 7.497 7.498 7.808 7.876 7.764 7.651 7.539 7.427 7.314 7.202 7.090 7.017 6.953 6.888 6.824 6.759 6.678 6.679 6.510 6.425 6.341 6.257 6.173 6.088 5.969 5.836 5.703 5.570 5.450 5.445 5.440 5.435 5.430 5.431 5.420 5.416 5.411 5.394 5.375 5.356 5.336 5.325 5.364 5.402 5.441 5.479 5.518 5.557 5.595 5.729 5.729 5.814 5.898 5.983 6.059 6.116 6.174 6.231 6.288 6.345 6.402 6.446 6.464 6.482 6.500 6.527 6.527 6.535 6.544 6.552
