includes/camargue/floodfiles/results_R4_t1.562344205135E12/res-0011.wdfp
ncols         906
nrows         631
xllcorner     362177.146667
yllcorner     6534725.688020
cellsize      20.000000
NODATA_value  -9999.000000
[rows 408 to 441 of 631, columns 231 to 307 of 906]
0.281 0.191 0.921 0.921 0.000 0.000 0.650 1.200 1.240 1.230 0.360 0.000 0.460 1.160 1.160 1.210 0.000 0.000 0.000 0.000 0.570 0.130 0.430 0.750 0.440 0.480 1.040 0.820 0.000 0.000 1.972 0.000 0.000 1.304 1.164 1.164 1.554 0.195 1.136 0.025 0.000 1.111 1.001 0.000 0.000 0.781 0.692 0.000 1.078 0.002 0.000 0.000 0.083 0.193 1.213 0.154 0.184 0.000 1.893 0.113 0.000 0.000 0.435 0.125 0.356 0.001 0.000 0.000 0.000 0.764 0.794 0.000 0.899 0.719 0.000 0.000 0.000
0.451 0.721 0.061 0.061 0.000 0.000 0.000 0.000 0.570 1.320 1.240 1.200 0.000 0.000 0.490 1.210 1.180 1.290 0.090 0.090 0.700 0.000 0.500 0.370 0.000 0.160 0.000 0.770 0.000 1.829 0.000 0.000 0.000 1.844 0.000 0.000 0.703 0.563 0.000 0.501 0.000 0.321 1.141 0.771 0.731 0.821 0.481 0.000 0.858 0.538 0.838 0.838 0.000 1.089 0.000 0.000 0.246 0.000 2.205 0.000 0.000 0.584 0.165 0.165 0.416 0.419 0.742 0.743 0.773 0.693 0.000 0.729 0.839 0.000 0.000 0.000 0.660
0.371 0.861 0.000 0.000 0.190 0.210 0.000 0.510 1.110 0.001 0.100 1.210 1.230 1.260 0.360 0.000 0.980 1.230 0.850 0.850 0.000 0.750 0.560 0.640 0.000 0.000 0.000 1.705 1.725 0.000 1.454 1.074 0.004 0.000 0.562 0.562 0.712 0.392 1.111 0.611 0.000 0.120 0.440 0.670 0.700 0.660 0.000 0.000 0.408 0.768 0.488 0.488 0.479 0.849 0.859 0.185 0.447 0.000 0.813 0.000 0.234 0.594 0.614 0.614 0.645 0.000 0.353 0.353 0.873 0.913 0.000 0.869 0.759 0.120 0.350 0.410 0.490
0.371 0.861 0.000 0.000 0.190 0.210 0.000 0.510 1.110 0.001 0.100 1.210 1.230 1.260 0.360 0.000 0.980 1.230 0.850 0.850 0.000 0.750 0.560 0.640 0.000 0.000 0.000 1.705 1.725 0.000 1.454 1.074 0.002 0.000 0.562 0.562 0.712 0.391 1.111 0.611 0.000 0.118 0.439 0.669 0.700 0.660 0.000 0.000 0.407 0.768 0.488 0.488 0.479 0.849 0.859 0.186 0.448 0.000 0.813 0.000 0.234 0.594 0.614 0.614 0.645 0.000 0.353 0.353 0.873 0.913 0.000 0.869 0.759 0.120 0.350 0.410 0.490
0.811 0.971 1.161 1.161 0.000 0.670 0.290 1.070 0.000 0.120 1.140 0.500 0.000 1.250 1.260 1.280 0.000 0.000 0.850 0.850 0.680 0.870 0.127 0.226 0.000 0.000 1.682 1.701 0.000 0.031 0.000 0.000 0.919 0.699 0.089 0.091 0.621 0.441 0.611 0.281 0.018 0.173 0.164 0.905 0.000 0.000 0.793 0.713 0.674 0.075 0.000 0.000 0.789 0.379 0.000 0.759 1.869 1.659 0.000 0.134 0.584 0.634 0.634 0.644 0.000 0.622 0.000 0.000 0.933 0.000 0.650 0.800 0.000 0.000 0.000 0.410 0.000
0.911 0.911 0.971 0.971 1.031 0.340 0.240 0.000 0.200 0.300 0.540 0.520 0.720 0.030 0.000 1.410 0.910 1.110 0.000 0.000 0.760 0.870 0.000 0.228 0.000 0.000 1.678 0.000 0.000 0.000 1.148 0.698 0.029 0.599 0.000 0.000 0.000 0.507 0.207 0.198 0.000 0.137 0.785 0.517 0.000 0.352 0.783 0.753 0.723 0.813 0.823 0.823 0.065 0.000 0.608 0.328 0.000 2.113 1.999 0.212 0.544 0.334 0.464 0.044 0.000 0.562 0.000 0.000 0.353 0.000 0.830 0.370 0.000 0.110 0.610 0.460 0.030
0.000 1.011 0.721 0.721 0.000 0.910 0.910 0.960 0.000 1.070 1.010 0.000 0.070 0.430 0.640 0.360 0.750 0.040 1.111 1.111 0.000 0.000 2.120 0.270 1.559 0.418 0.023 1.088 0.758 0.738 0.468 0.000 0.819 1.099 1.129 1.129 0.652 0.814 0.445 0.216 0.000 1.908 1.928 1.932 1.574 0.372 1.133 1.893 1.915 1.553 0.000 0.000 0.824 0.834 0.000 0.170 2.092 0.065 0.000 0.000 0.674 0.204 0.294 0.000 0.544 0.000 0.623 0.623 0.713 0.000 0.000 0.710 0.790 0.750 0.400 0.000 0.065
0.051 0.881 0.811 0.811 0.281 0.000 1.140 1.120 1.090 1.120 1.020 0.590 0.000 0.300 0.840 0.000 0.280 0.000 0.000 0.000 0.000 0.000 0.248 1.535 0.688 0.000 0.208 0.578 0.000 0.108 0.968 0.918 1.009 1.029 1.039 1.039 0.000 0.000 0.155 0.000 0.991 1.904 0.000 0.000 0.000 0.252 0.213 0.133 0.000 1.483 0.224 0.224 0.274 0.154 0.000 0.977 0.000 0.325 0.000 0.594 0.574 0.244 0.664 0.000 0.454 0.000 0.000 0.000 0.000 0.875 0.465 0.000 0.000 0.690 0.610 0.000 0.000
0.000 0.351 0.711 0.711 0.101 0.000 0.530 0.950 1.050 0.980 0.000 0.470 0.180 0.720 0.000 0.000 0.000 0.000 0.000 0.000 0.000 0.195 1.511 0.000 0.988 0.788 0.478 0.748 0.748 1.048 0.948 1.038 1.179 0.000 0.000 0.000 0.000 0.000 0.000 1.854 1.874 0.000 0.000 0.000 0.232 0.000 0.193 0.223 0.000 0.000 1.930 1.930 0.174 0.304 0.000 2.059 2.357 0.000 0.654 0.674 0.604 0.274 0.614 0.000 0.514 0.000 0.000 0.000 0.000 0.755 0.000 0.640 0.690 0.590 0.000 0.900 0.000
0.231 0.421 0.621 0.621 0.051 0.110 0.280 1.050 0.070 0.900 0.000 0.990 0.030 0.000 0.009 0.000 0.000 0.000 2.233 2.233 2.283 1.483 0.000 0.967 0.888 0.808 0.828 0.838 0.818 1.028 0.388 0.000 0.049 0.000 0.000 0.000 1.776 1.796 1.815 0.749 0.000 0.000 0.000 0.142 0.372 0.252 0.000 0.001 0.314 0.000 1.930 1.930 0.000 0.000 0.366 2.059 0.000 0.924 0.644 0.634 0.674 0.544 0.614 0.484 0.434 0.000 0.119 0.119 0.251 0.125 0.268 0.000 0.590 0.750 0.000 1.010 0.000
0.361 0.301 0.511 0.511 0.431 0.141 0.570 0.910 0.130 0.740 0.480 1.270 0.000 0.114 0.134 0.000 0.000 2.323 0.000 0.000 1.460 0.000 0.537 1.007 0.747 0.547 0.000 0.000 0.577 0.517 0.567 1.108 0.000 0.000 1.752 1.752 1.771 0.000 0.881 0.000 0.682 0.542 0.402 0.592 0.592 0.582 0.000 0.000 0.504 0.000 0.000 0.000 1.976 1.115 2.030 0.000 0.934 0.384 0.644 0.684 0.514 0.000 0.224 0.564 0.614 0.624 0.052 0.055 0.431 0.000 0.348 0.189 0.039 0.690 0.090 0.790 0.000
0.471 0.231 0.431 0.431 0.401 0.461 0.000 0.080 0.780 0.960 0.000 1.960 0.000 0.000 0.044 0.663 1.623 0.243 2.253 2.253 0.903 0.000 0.000 0.000 0.135 0.635 0.565 1.590 1.610 1.630 1.650 1.669 1.689 1.709 1.747 1.747 0.070 0.541 0.501 0.000 0.132 0.252 0.172 0.172 0.123 0.293 0.613 0.553 0.000 0.213 0.095 0.098 1.785 0.315 0.000 0.614 0.654 0.704 0.644 0.624 0.454 0.634 0.464 0.634 0.234 0.804 0.204 0.204 0.000 0.000 0.000 0.319 0.499 0.220 0.790 0.460 0.150
0.681 0.251 0.000 0.000 0.008 0.039 0.000 1.000 0.350 0.000 0.034 1.710 0.033 0.263 0.000 0.000 0.000 0.253 1.432 1.432 0.000 0.000 0.000 0.000 1.144 1.547 1.566 1.494 0.423 0.000 0.267 0.000 0.000 0.000 0.489 0.489 0.299 0.000 0.000 0.000 0.321 0.271 0.000 0.623 0.603 0.733 0.483 0.673 0.793 0.473 0.155 0.157 0.625 0.000 1.014 0.454 0.844 0.804 0.274 0.544 0.564 0.494 0.154 0.434 0.114 0.414 0.314 0.314 0.000 0.172 0.000 0.000 0.000 0.030 0.560 0.000 0.000
0.067 0.000 0.005 0.002 0.069 0.042 0.412 0.000 0.000 0.374 0.464 0.011 1.294 0.243 0.000 0.491 0.000 0.000 1.427 1.427 1.446 1.465 1.485 1.504 1.523 0.000 0.000 0.848 0.718 0.677 0.000 0.365 0.305 0.000 0.379 0.379 0.000 0.000 0.000 0.330 0.000 0.207 0.147 0.172 0.613 0.553 0.263 0.503 0.213 0.383 0.514 0.514 0.000 0.464 0.274 0.494 0.684 0.734 0.214 0.006 0.000 0.644 0.774 0.744 0.000 0.002 0.564 0.564 0.164 0.000 0.000 0.661 0.391 0.000 0.000 0.343 0.193
0.822 0.000 0.000 0.000 0.048 0.000 0.000 0.000 0.000 0.000 0.164 1.263 0.433 1.423 0.783 0.231 0.590 0.000 1.263 1.263 0.000 0.230 0.113 0.000 0.000 0.305 0.383 0.783 0.696 0.537 0.005 0.002 0.000 0.115 0.002 0.000 0.000 0.151 0.035 0.090 0.291 0.104 0.256 0.000 0.333 0.193 0.593 0.623 0.223 0.683 0.000 0.000 0.654 0.344 0.364 0.604 0.494 0.364 0.264 0.764 0.564 0.044 0.764 0.664 0.544 0.794 0.000 0.000 0.374 0.000 0.661 0.511 0.000 0.461 0.000 0.000 0.000
0.037 0.010 0.052 0.054 0.164 0.000 0.410 0.000 0.000 0.000 0.000 0.000 0.000 0.403 0.753 0.000 0.710 0.940 0.000 0.000 1.045 0.950 0.520 0.839 0.917 0.667 0.821 1.006 0.000 0.000 0.015 0.000 0.365 0.315 0.000 0.000 0.221 0.251 0.162 0.235 0.016 0.224 0.234 0.274 0.027 0.413 0.000 0.000 0.433 0.000 0.000 0.000 0.594 0.404 0.554 0.194 0.334 0.074 0.534 0.000 0.874 0.964 0.944 0.254 0.000 0.694 0.000 0.000 0.007 0.531 0.421 0.000 0.232 0.000 0.000 0.463 0.213
0.058 0.025 0.405 0.405 0.164 0.305 0.230 0.000 0.176 0.237 0.000 0.841 0.000 0.000 2.383 0.000 0.500 0.065 0.000 0.000 0.868 0.247 0.660 0.704 0.000 0.537 0.078 0.000 0.405 0.396 1.046 0.916 0.000 0.000 0.000 0.000 0.000 0.190 0.131 0.225 0.215 0.000 0.383 0.163 0.303 0.000 0.000 0.462 0.000 0.000 0.000 0.000 0.243 0.304 0.634 0.000 0.514 0.000 0.194 0.025 0.000 0.000 0.000 0.003 0.000 0.634 0.000 0.000 0.511 0.181 0.000 0.062 0.292 0.000 0.000 0.002 0.000
0.178 0.000 0.119 0.119 0.000 0.000 0.654 0.216 0.036 0.607 0.397 0.000 0.000 0.000 0.001 1.341 0.000 1.503 0.000 0.000 0.839 0.790 0.104 0.178 0.659 0.080 0.042 0.725 0.765 0.806 0.846 0.766 0.676 0.746 0.059 0.062 0.196 0.327 0.177 0.000 0.038 0.012 0.383 0.213 0.000 0.311 0.301 0.000 0.000 0.000 0.608 0.608 0.368 0.000 0.534 0.564 0.000 0.000 0.514 0.000 0.000 0.000 0.155 0.425 0.000 0.874 0.000 0.000 0.471 0.000 0.000 0.342 0.000 0.000 0.000 0.014 0.000
0.000 0.000 0.123 0.123 0.000 0.000 0.564 0.117 0.293 0.152 1.797 2.287 1.127 1.147 1.167 1.187 1.672 1.227 1.183 1.184 0.761 0.000 0.069 0.912 0.000 0.653 0.080 0.595 0.805 0.565 0.306 0.956 0.866 0.856 0.069 0.072 0.075 0.286 0.306 0.002 0.272 0.472 0.492 0.000 0.281 0.301 0.000 0.000 0.000 0.001 0.000 0.000 0.807 0.987 0.000 0.584 0.594 0.144 0.374 0.204 0.284 0.214 0.000 0.000 0.544 0.674 0.384 0.384 0.000 0.871 0.000 0.000 0.000 0.001 0.000 0.054 0.000
0.000 0.000 0.099 0.099 0.000 0.000 0.564 0.117 0.293 0.151 1.797 2.287 1.127 1.147 1.167 1.187 1.672 1.227 1.183 1.184 0.757 0.000 0.063 0.912 0.000 0.653 0.077 0.594 0.805 0.565 0.306 0.956 0.866 0.856 0.068 0.071 0.074 0.286 0.306 0.002 0.272 0.472 0.492 0.000 0.281 0.301 0.000 0.000 0.000 0.000 0.000 0.000 0.807 0.987 0.000 0.584 0.594 0.144 0.374 0.204 0.284 0.214 0.000 0.000 0.544 0.674 0.384 0.384 0.000 0.871 0.000 0.001 0.000 0.000 0.000 0.054 0.000
0.000 1.585 0.097 0.104 0.369 0.000 0.313 0.342 0.076 1.059 1.082 1.103 2.208 1.143 1.163 1.183 1.203 1.223 1.193 1.194 0.226 0.000 0.680 0.831 0.902 0.000 0.819 0.801 0.325 0.395 0.566 0.766 0.966 0.907 0.417 0.418 0.133 0.225 0.655 0.000 0.412 0.000 0.241 0.360 0.200 0.000 0.000 0.000 0.065 0.665 0.375 0.376 0.417 0.187 0.287 0.000 0.124 0.000 0.000 0.000 0.114 0.094 0.000 0.000 0.884 0.714 0.334 0.334 0.264 0.000 0.463 0.000 0.232 0.232 0.000 0.000 0.116
0.414 1.945 0.000 0.000 0.134 0.000 0.014 0.437 1.025 1.051 0.512 0.374 0.000 0.129 0.169 0.961 0.232 0.135 0.367 0.367 0.084 0.646 0.557 0.469 0.883 0.680 0.602 0.000 0.595 0.505 0.316 0.156 1.007 0.917 0.497 0.498 0.153 0.745 0.575 0.615 0.000 0.360 0.410 0.240 0.000 0.000 0.581 0.000 0.655 0.605 0.375 0.375 0.000 0.000 0.000 0.000 0.000 0.000 0.071 0.000 0.000 0.000 0.565 0.000 0.674 0.000 0.074 0.074 0.000 0.000 0.213 0.283 0.000 0.000 0.001 0.000 0.000
0.083 0.093 0.172 0.195 1.928 0.747 0.795 0.836 0.188 0.211 0.522 0.303 0.185 0.876 0.197 0.188 0.000 0.439 1.949 1.949 0.266 0.313 1.063 0.834 0.063 0.821 0.842 0.592 0.136 0.025 0.547 0.487 0.547 0.367 0.239 0.241 0.525 0.525 0.745 0.495 0.000 0.000 0.002 0.588 0.528 0.288 0.000 0.634 0.000 0.595 0.072 0.070 1.085 0.165 0.000 0.000 0.000 0.000 0.161 0.191 0.000 0.000 0.525 0.000 0.764 0.000 0.000 0.000 1.141 0.000 0.000 0.000 0.001 0.000 0.008 0.000 0.000
0.101 0.212 0.618 0.633 0.704 0.738 0.146 0.010 0.000 1.349 0.059 0.273 0.015 0.396 0.806 0.187 0.000 0.850 0.420 0.420 0.000 1.382 1.472 0.303 0.001 0.001 0.000 0.363 0.464 0.000 0.347 0.467 0.437 0.597 0.280 0.282 0.275 0.276 0.000 0.117 0.157 0.000 0.039 0.098 0.001 0.000 0.584 0.384 0.454 0.089 0.565 0.565 0.875 0.000 0.168 0.068 0.000 0.000 0.031 0.421 0.051 0.000 0.115 0.185 0.594 0.000 0.000 0.000 0.000 0.701 0.000 0.000 0.008 0.222 0.182 0.000 0.412
0.473 0.533 1.852 1.852 0.093 0.215 1.506 0.780 0.123 0.173 0.035 0.049 0.070 0.375 0.325 0.000 0.447 0.000 0.901 0.901 0.572 0.558 0.580 0.000 0.000 0.065 0.165 0.000 0.189 0.352 0.106 0.757 0.377 0.208 0.134 0.139 0.155 0.169 0.184 0.605 0.000 0.079 0.179 0.619 0.669 0.419 0.000 0.087 0.000 0.060 0.000 0.000 0.095 0.000 0.000 0.088 0.000 0.000 0.001 0.041 0.291 0.000 0.000 0.805 0.145 0.000 0.000 0.000 0.000 0.000 0.000 0.321 0.191 0.000 0.132 0.412 0.362
0.467 0.528 0.628 0.629 0.071 0.061 0.000 0.373 0.047 0.146 0.232 0.414 1.125 0.161 0.255 0.607 0.717 0.387 0.000 0.000 0.499 0.355 0.248 0.348 0.000 0.000 0.205 0.000 0.000 0.383 0.155 0.447 0.417 0.538 0.167 0.174 0.354 0.445 0.455 0.555 0.000 0.004 0.508 0.359 0.759 0.429 0.210 0.502 0.332 0.312 0.102 0.102 0.000 0.000 0.012 0.004 0.000 0.144 0.334 0.000 0.005 0.000 0.003 0.715 0.155 0.004 0.197 0.197 0.000 0.000 0.121 0.000 0.000 0.112 0.212 0.392 0.332
0.000 0.000 0.979 0.979 0.083 0.069 0.000 0.837 0.212 0.247 0.231 0.334 0.455 0.368 0.434 0.436 0.777 0.717 0.828 0.829 0.910 0.000 0.000 0.000 0.417 0.000 0.001 0.000 0.000 0.025 0.000 0.207 0.001 0.000 0.122 0.126 0.305 0.486 0.706 0.176 0.828 0.628 0.698 0.878 0.119 0.000 0.000 0.092 0.642 0.942 0.862 0.862 0.102 0.432 0.027 0.015 0.000 0.000 0.034 0.000 0.355 0.000 0.000 0.725 0.000 0.002 0.000 0.000 0.000 0.000 0.000 0.242 0.000 0.242 0.312 0.372 0.072
0.002 0.000 0.021 0.025 0.026 0.068 0.001 0.261 0.161 0.320 0.371 0.373 0.365 0.467 0.000 0.000 0.657 0.837 0.668 0.669 0.859 0.809 0.000 0.527 0.537 0.617 0.000 0.059 0.149 0.059 0.000 0.000 0.043 0.000 0.000 0.000 0.676 0.696 0.706 0.000 0.518 0.448 0.208 0.218 0.000 0.000 0.000 0.000 0.521 0.461 0.532 0.532 0.262 0.582 0.000 0.075 0.000 0.000 0.000 0.000 0.425 0.000 0.000 0.795 0.000 0.000 0.000 0.000 0.382 0.000 0.000 0.182 0.592 0.292 0.072 0.392 0.000
0.000 0.000 0.001 0.002 0.000 0.001 0.000 0.346 0.308 0.410 0.401 0.543 0.404 0.357 0.555 0.797 0.867 0.687 0.118 0.119 0.000 0.739 0.599 0.000 0.567 0.477 0.000 0.000 0.008 0.008 0.004 0.000 0.000 0.022 0.000 0.001 0.000 0.617 0.647 0.668 0.658 0.618 0.958 0.598 0.529 0.579 0.510 0.581 0.471 0.511 0.502 0.502 0.047 0.067 0.000 0.000 0.009 0.167 0.067 0.000 0.445 0.095 0.555 0.735 0.000 0.000 0.000 0.000 0.242 0.000 0.304 0.000 0.352 0.082 0.202 0.232 0.000
0.000 0.000 0.001 0.002 0.033 0.000 0.000 0.698 0.449 0.450 0.451 0.412 0.534 0.305 0.000 0.707 0.847 0.000 0.000 0.000 0.000 0.080 0.000 0.461 0.000 0.357 0.377 0.407 0.000 0.000 0.004 0.228 0.038 0.000 0.000 0.000 0.000 0.000 0.688 0.738 0.718 0.698 0.678 0.098 0.000 0.000 0.000 0.000 0.000 0.000 0.000 0.000 0.453 0.613 0.000 0.036 0.066 0.047 0.000 0.000 0.505 0.395 0.000 0.855 0.000 0.000 0.000 0.000 0.000 0.384 0.084 0.434 0.049 0.000 0.372 0.432 0.000
0.000 0.000 0.000 0.000 0.000 0.182 0.000 0.000 0.400 0.490 0.601 0.531 0.000 0.075 0.000 0.187 0.277 0.003 0.426 0.426 0.000 0.042 0.092 0.000 0.251 0.000 0.187 0.417 0.000 0.027 0.000 0.188 0.078 0.000 0.000 0.000 0.000 0.408 0.788 0.738 0.698 0.648 0.628 0.628 0.176 0.513 0.583 0.503 0.663 0.713 0.653 0.653 0.473 0.653 0.000 0.016 0.155 0.007 0.136 0.000 0.295 0.445 0.000 0.235 0.000 0.000 0.000 0.000 0.000 0.074 0.000 0.604 0.394 0.454 0.000 0.000 0.220
0.000 0.000 0.000 0.000 0.000 0.000 0.000 0.000 0.160 0.000 0.421 0.511 0.291 0.000 0.410 0.000 0.000 0.000 0.000 0.000 0.093 0.093 0.001 0.000 0.000 0.057 0.077 0.367 0.287 0.217 0.257 0.000 0.000 0.233 0.293 0.293 0.000 0.658 0.678 0.658 0.618 0.608 0.688 0.628 0.000 0.613 0.413 0.343 0.483 0.633 0.533 0.533 0.603 0.683 0.000 0.007 0.094 0.000 0.106 0.000 0.000 0.485 0.000 0.735 0.000 0.102 0.082 0.082 0.000 0.164 0.434 0.434 0.000 0.284 0.000 0.210 0.760
0.003 0.000 0.000 0.000 0.000 0.000 0.000 0.000 0.099 0.000 0.011 0.281 0.221 0.410 0.300 0.000 0.179 0.179 0.000 0.000 0.002 0.023 0.000 0.000 0.000 0.007 0.000 0.012 0.387 0.307 0.357 0.337 0.000 0.000 0.000 0.000 0.000 0.004 0.518 0.578 0.588 0.678 0.648 0.738 0.648 0.000 0.443 0.000 0.000 0.143 0.393 0.393 0.023 0.683 0.683 0.173 0.233 0.000 0.010 0.130 0.000 0.425 0.055 0.135 0.000 0.412 0.000 0.000 0.000 0.084 0.394 0.000 0.054 0.164 0.424 0.000 2.150
0.000 0.000 0.000 0.000 0.000 0.000 0.000 0.000 0.109 0.159 0.048 0.003 0.069 0.089 0.199 0.159 0.058 0.000 0.405 0.405 0.002 0.000 0.099 0.209 0.109 0.000 0.100 0.019 0.000 0.337 0.197 0.307 0.000 0.000 0.000 0.000 0.000 0.028 0.158 0.308 0.668 0.658 0.668 0.348 0.358 0.013 0.254 0.414 0.424 0.000 0.173 0.173 0.223 0.703 0.403 0.143 0.000 0.034 0.344 0.000 0.000 0.415 0.435 0.335 0.000 0.292 0.222 0.222 0.422 0.000 0.045 0.000 0.000 0.514 0.000 2.220 1.900
