includes/camargue/floodfiles/results_R4_t1.562344205135E12/res-0014.wd
ncols         906
nrows         631
xllcorner     362177.146667
yllcorner     6534725.688020
cellsize      20.000000
NODATA_value  -9999.000000
[rows 544 to 577 of 631, columns 770 to 846 of 906]
9.293 9.301 9.309 9.343 9.419 9.494 9.568 9.642 9.716 9.790 9.864 10.011 10.011 10.085 10.158 10.232 10.307 10.386 10.456 10.511 10.567 10.622 10.677 10.733 10.788 10.843 10.898 11.008 11.008 11.062 11.117 11.171 11.224 11.278 11.332 11.355 11.370 11.386 11.401 11.417 11.432 11.471 11.524 11.577 11.577 11.684 11.737 11.790 11.844 11.897 11.950 12.003 12.018 12.013 12.030 12.095 12.161 12.226 12.292 12.358 12.358 12.489 12.554 12.620 12.691 12.769 12.847 12.918 12.906 12.965 13.024 13.082 13.141 13.200 13.258 13.317 13.317
9.276 9.284 9.292 9.300 9.342 9.416 9.490 9.564 9.638 9.711 9.785 9.932 9.932 10.005 10.079 10.152 10.229 10.309 10.388 10.456 10.511 10.567 10.622 10.677 10.733 10.788 10.844 10.953 10.953 11.007 11.061 11.115 11.168 11.222 11.276 11.329 11.349 11.365 11.380 11.396 11.412 11.463 11.516 11.569 11.569 11.676 11.729 11.782 11.835 11.889 11.942 11.995 12.049 12.056 12.100 12.165 12.231 12.296 12.363 12.441 12.441 12.596 12.674 12.752 12.830 12.908 12.985 13.010 12.958 12.980 13.038 13.097 13.156 13.214 13.273 13.332 13.332
9.260 9.268 9.276 9.283 9.289 9.338 9.411 9.484 9.558 9.632 9.705 9.852 9.852 9.925 9.999 10.072 10.151 10.231 10.310 10.389 10.456 10.511 10.567 10.622 10.677 10.733 10.788 10.897 10.897 10.951 11.005 11.059 11.112 11.166 11.220 11.273 11.327 11.344 11.360 11.375 11.401 11.455 11.508 11.561 11.561 11.668 11.721 11.774 11.827 11.881 11.934 11.987 12.041 12.113 12.190 12.268 12.346 12.424 12.502 12.580 12.580 12.735 12.813 12.891 12.969 13.046 13.124 13.102 13.050 12.999 13.053 13.112 13.171 13.229 13.288 13.346 13.346
9.233 9.240 9.246 9.252 9.260 9.273 9.331 9.405 9.478 9.552 9.625 9.772 9.772 9.846 9.919 9.994 10.074 10.153 10.232 10.312 10.391 10.456 10.511 10.567 10.622 10.677 10.733 10.841 10.841 10.895 10.949 11.003 11.056 11.110 11.164 11.217 11.271 11.324 11.339 11.355 11.393 11.446 11.500 11.553 11.553 11.660 11.713 11.766 11.829 11.916 12.004 12.092 12.180 12.259 12.329 12.407 12.485 12.563 12.641 12.718 12.718 12.874 12.952 13.030 13.107 13.185 13.245 13.194 13.142 13.091 13.068 13.127 13.185 13.244 13.303 13.361 13.361
9.202 9.208 9.214 9.220 9.232 9.245 9.259 9.325 9.398 9.472 9.545 9.692 9.692 9.766 9.839 9.916 9.996 10.075 10.154 10.234 10.313 10.392 10.456 10.511 10.566 10.622 10.677 10.785 10.785 10.839 10.893 10.947 11.000 11.054 11.108 11.161 11.215 11.269 11.319 11.334 11.385 11.438 11.492 11.545 11.545 11.718 11.806 11.894 11.982 12.069 12.157 12.245 12.333 12.406 12.475 12.546 12.624 12.701 12.779 12.857 12.857 13.013 13.091 13.168 13.246 13.324 13.337 13.286 13.234 13.183 13.131 13.141 13.201 13.260 13.318 13.377 13.377
9.171 9.177 9.183 9.191 9.204 9.217 9.231 9.245 9.319 9.392 9.466 9.613 9.613 9.686 9.760 9.839 9.918 9.997 10.077 10.156 10.235 10.315 10.394 10.456 10.511 10.566 10.622 10.729 10.729 10.783 10.837 10.891 10.944 10.998 11.052 11.105 11.159 11.213 11.267 11.345 11.432 11.520 11.608 11.696 11.696 11.871 11.959 12.047 12.135 12.223 12.310 12.398 12.483 12.552 12.621 12.690 12.762 12.840 12.918 12.996 12.996 13.152 13.229 13.307 13.385 13.463 13.429 13.379 13.327 13.276 13.224 13.173 13.216 13.274 13.333 13.392 13.392
9.140 9.146 9.152 9.163 9.176 9.190 9.203 9.216 9.239 9.312 9.386 9.533 9.533 9.606 9.682 9.761 9.840 9.920 9.999 10.078 10.157 10.237 10.316 10.395 10.456 10.511 10.566 10.673 10.673 10.727 10.781 10.835 10.888 10.942 10.997 11.099 11.201 11.303 11.405 11.498 11.585 11.673 11.761 11.849 11.849 12.024 12.112 12.200 12.288 12.376 12.463 12.551 12.629 12.698 12.767 12.836 12.905 12.979 13.057 13.135 13.135 13.291 13.369 13.447 13.525 13.573 13.522 13.470 13.419 13.368 13.316 13.265 13.231 13.289 13.348 13.406 13.406
9.109 9.115 9.121 9.135 9.148 9.162 9.175 9.188 9.202 9.233 9.306 9.453 9.453 9.527 9.604 9.683 9.762 9.842 9.921 10.000 10.080 10.159 10.238 10.318 10.397 10.456 10.510 10.617 10.617 10.671 10.748 10.850 10.952 11.054 11.156 11.258 11.360 11.462 11.563 11.651 11.738 11.826 11.915 12.003 12.003 12.178 12.266 12.354 12.442 12.530 12.617 12.705 12.776 12.845 12.914 12.983 13.052 13.121 13.197 13.274 13.274 13.430 13.508 13.586 13.664 13.665 13.614 13.562 13.511 13.460 13.408 13.357 13.305 13.304 13.363 13.421 13.421
9.078 9.084 9.093 9.107 9.120 9.134 9.147 9.161 9.174 9.187 9.226 9.373 9.373 9.447 9.526 9.605 9.685 9.764 9.843 9.923 10.002 10.081 10.161 10.240 10.319 10.398 10.499 10.703 10.703 10.804 10.906 11.008 11.110 11.212 11.314 11.416 11.518 11.620 11.717 11.805 11.893 11.980 12.068 12.156 12.156 12.331 12.419 12.507 12.595 12.683 12.770 12.853 12.922 12.991 13.060 13.129 13.198 13.268 13.337 13.413 13.413 13.569 13.647 13.725 13.802 13.757 13.706 13.654 13.603 13.551 13.500 13.449 13.397 13.346 13.377 13.436 13.436
9.047 9.053 9.065 9.079 9.092 9.106 9.119 9.133 9.146 9.160 9.173 9.294 9.294 9.369 9.448 9.528 9.607 9.686 9.765 9.845 9.924 10.019 10.133 10.247 10.362 10.493 10.657 10.861 10.861 10.963 11.065 11.167 11.269 11.371 11.473 11.576 11.678 11.780 11.870 11.958 12.046 12.133 12.221 12.309 12.309 12.485 12.572 12.660 12.748 12.836 12.924 12.999 13.068 13.137 13.206 13.275 13.344 13.414 13.483 13.552 13.552 13.708 13.786 13.863 13.901 13.849 13.798 13.746 13.695 13.643 13.592 13.541 13.489 13.438 13.392 13.434 13.434
9.016 9.024 9.037 9.051 9.064 9.078 9.091 9.105 9.118 9.132 9.145 9.214 9.214 9.291 9.370 9.450 9.529 9.643 9.757 9.871 9.985 10.099 10.213 10.327 10.441 10.594 10.764 11.019 11.019 11.121 11.223 11.325 11.428 11.530 11.632 11.734 11.836 11.936 12.023 12.111 12.199 12.287 12.374 12.462 12.462 12.638 12.725 12.813 12.901 12.989 13.076 13.145 13.214 13.283 13.352 13.421 13.491 13.560 13.629 13.698 13.698 13.847 13.924 14.002 13.992 13.941 13.890 13.838 13.787 13.735 13.684 13.632 13.581 13.509 13.430 13.427 13.427
8.984 8.996 9.009 9.023 9.036 9.050 9.063 9.077 9.090 9.104 9.117 9.158 9.158 9.266 9.380 9.495 9.609 9.723 9.837 9.951 10.065 10.179 10.293 10.407 10.525 10.695 10.866 11.179 11.179 11.281 11.383 11.485 11.587 11.689 11.791 11.893 11.995 12.089 12.177 12.264 12.352 12.440 12.527 12.615 12.615 12.791 12.878 12.966 13.054 13.142 13.222 13.291 13.360 13.429 13.498 13.568 13.637 13.706 13.775 13.844 13.844 13.985 14.063 14.136 14.084 14.033 13.982 13.930 13.879 13.823 13.743 13.663 13.584 13.504 13.424 13.423 13.423
8.985 8.996 9.009 9.023 9.036 9.050 9.063 9.077 9.090 9.104 9.117 9.158 9.158 9.267 9.381 9.495 9.609 9.723 9.837 9.951 10.065 10.179 10.293 10.407 10.525 10.695 10.866 11.179 11.179 11.281 11.383 11.485 11.587 11.689 11.791 11.893 11.995 12.089 12.177 12.264 12.352 12.440 12.527 12.615 12.615 12.791 12.878 12.966 13.054 13.142 13.222 13.291 13.360 13.429 13.498 13.568 13.637 13.706 13.775 13.844 13.844 13.985 14.063 14.136 14.084 14.033 13.982 13.930 13.879 13.823 13.743 13.663 13.584 13.504 13.424 13.423 13.423
8.954 8.968 8.981 8.995 9.008 9.022 9.036 9.071 9.105 9.140 9.175 9.264 9.264 9.346 9.460 9.574 9.688 9.803 9.917 10.031 10.145 10.259 10.373 10.487 10.626 10.797 10.967 11.306 11.306 11.439 11.541 11.643 11.745 11.847 11.949 12.051 12.153 12.242 12.330 12.417 12.505 12.593 12.681 12.768 12.768 12.944 13.031 13.119 13.207 13.295 13.368 13.437 13.506 13.575 13.645 13.714 13.783 13.852 13.921 13.990 13.990 14.128 14.202 14.228 14.176 14.125 14.056 13.977 13.897 13.817 13.738 13.658 13.578 13.499 13.419 13.418 13.418
8.926 8.949 8.983 9.018 9.053 9.088 9.123 9.158 9.193 9.228 9.263 9.370 9.370 9.453 9.540 9.654 9.768 9.882 9.996 10.110 10.224 10.339 10.453 10.567 10.728 10.898 11.068 11.407 11.407 11.577 11.700 11.802 11.904 12.006 12.108 12.210 12.307 12.395 12.483 12.571 12.658 12.746 12.834 12.921 12.921 13.097 13.185 13.272 13.360 13.445 13.514 13.583 13.652 13.721 13.791 13.860 13.929 13.998 14.067 14.136 14.136 14.275 14.338 14.290 14.210 14.131 14.051 13.971 13.892 13.812 13.732 13.653 13.573 13.493 13.413 13.413 13.413
9.039 9.123 9.158 9.193 9.228 9.263 9.297 9.332 9.367 9.402 9.437 9.582 9.582 9.665 9.748 9.830 9.928 10.042 10.156 10.270 10.384 10.498 10.612 10.760 10.930 11.100 11.270 11.609 11.609 11.779 11.949 12.119 12.221 12.323 12.425 12.526 12.614 12.701 12.789 12.877 12.964 13.052 13.140 13.228 13.228 13.403 13.491 13.578 13.666 13.737 13.806 13.875 13.929 13.971 14.012 14.054 14.096 14.137 14.179 14.220 14.220 14.304 14.297 14.242 14.187 14.120 14.040 13.961 13.881 13.801 13.721 13.642 13.562 13.482 13.403 13.403 13.403
9.075 9.174 9.245 9.280 9.315 9.350 9.385 9.420 9.454 9.489 9.524 9.689 9.689 9.771 9.854 9.936 10.019 10.121 10.236 10.350 10.464 10.578 10.692 10.861 11.031 11.201 11.371 11.710 11.710 11.880 12.050 12.220 12.379 12.481 12.583 12.679 12.767 12.854 12.942 13.030 13.118 13.205 13.293 13.381 13.381 13.556 13.644 13.722 13.771 13.808 13.849 13.891 13.933 13.974 14.016 14.058 14.099 14.141 14.182 14.224 14.224 14.307 14.265 14.210 14.155 14.100 14.035 13.955 13.875 13.796 13.716 13.636 13.557 13.477 13.397 13.398 13.398
9.112 9.210 9.309 9.367 9.402 9.437 9.472 9.507 9.542 9.577 9.630 9.795 9.795 9.878 9.960 10.042 10.125 10.207 10.315 10.429 10.543 10.657 10.792 10.962 11.132 11.302 11.472 11.811 11.811 11.981 12.151 12.321 12.491 12.640 12.742 12.832 12.920 13.008 13.095 13.183 13.271 13.354 13.431 13.508 13.508 13.662 13.739 13.816 13.824 13.811 13.853 13.895 13.936 13.978 14.019 14.061 14.103 14.144 14.186 14.228 14.228 14.288 14.233 14.178 14.123 14.068 14.013 13.950 13.870 13.790 13.711 13.631 13.551 13.472 13.392 13.394 13.394
9.149 9.247 9.345 9.444 9.489 9.524 9.559 9.594 9.629 9.664 9.736 9.901 9.901 9.984 10.066 10.149 10.231 10.314 10.396 10.509 10.623 10.737 10.893 11.063 11.233 11.403 11.573 11.912 11.912 12.082 12.252 12.422 12.592 12.762 12.898 12.985 13.062 13.139 13.217 13.294 13.371 13.448 13.525 13.602 13.602 13.756 13.833 13.896 13.877 13.858 13.857 13.898 13.940 13.981 14.023 14.065 14.106 14.148 14.190 14.231 14.231 14.256 14.201 14.146 14.091 14.036 13.981 13.926 13.865 13.785 13.705 13.626 13.546 13.466 13.386 13.389 13.389
9.185 9.284 9.382 9.481 9.577 9.612 9.646 9.681 9.716 9.760 9.843 10.007 10.007 10.090 10.172 10.255 10.337 10.420 10.502 10.589 10.703 10.824 10.994 11.164 11.334 11.504 11.674 12.013 12.013 12.183 12.372 12.573 12.774 12.975 13.037 13.079 13.156 13.233 13.311 13.388 13.465 13.542 13.619 13.696 13.696 13.850 13.927 13.950 13.930 13.911 13.891 13.902 13.943 13.985 14.027 14.068 14.110 14.152 14.193 14.235 14.235 14.224 14.169 14.114 14.059 14.004 13.949 13.894 13.839 13.780 13.700 13.620 13.540 13.461 13.381 13.384 13.384
9.222 9.320 9.419 9.517 9.616 9.699 9.734 9.769 9.804 9.866 9.949 10.114 10.114 10.196 10.279 10.361 10.444 10.526 10.609 10.691 10.782 10.925 11.095 11.265 11.442 11.643 11.844 12.246 12.246 12.447 12.648 12.849 13.050 13.242 13.213 13.184 13.250 13.327 13.404 13.482 13.559 13.636 13.713 13.790 13.790 13.944 14.021 14.003 13.983 13.964 13.944 13.925 13.947 13.989 14.030 14.072 14.114 14.155 14.197 14.239 14.239 14.192 14.137 14.082 14.027 13.972 13.917 13.862 13.807 13.752 13.694 13.615 13.535 13.455 13.376 13.379 13.379
9.259 9.357 9.456 9.554 9.652 9.751 9.821 9.856 9.891 9.973 10.055 10.220 10.220 10.303 10.385 10.467 10.550 10.632 10.715 10.825 10.945 11.115 11.316 11.517 11.718 11.919 12.120 12.522 12.522 12.723 12.924 13.125 13.326 13.418 13.390 13.361 13.344 13.421 13.499 13.576 13.653 13.730 13.807 13.884 13.884 14.038 14.075 14.056 14.036 14.017 13.997 13.978 13.959 13.992 14.034 14.076 14.117 14.159 14.200 14.243 14.243 14.160 14.105 14.051 13.996 13.941 13.886 13.831 13.776 13.721 13.666 13.610 13.531 13.451 13.371 13.375 13.375
9.295 9.394 9.492 9.591 9.689 9.788 9.886 9.943 9.996 10.079 10.161 10.326 10.326 10.413 10.533 10.654 10.775 10.895 11.016 11.136 11.265 11.409 11.593 11.794 11.995 12.196 12.397 12.799 12.799 13.000 13.202 13.403 13.604 13.595 13.566 13.537 13.508 13.516 13.593 13.670 13.748 13.825 13.902 13.979 13.979 14.133 14.129 14.110 14.090 14.071 14.051 14.032 14.013 13.997 14.039 14.080 14.122 14.163 14.205 14.239 14.239 14.129 14.074 14.019 13.964 13.909 13.854 13.799 13.744 13.689 13.634 13.579 13.524 13.445 13.366 13.371 13.371
9.332 9.431 9.529 9.627 9.726 9.824 9.923 10.021 10.121 10.241 10.362 10.603 10.603 10.723 10.844 10.964 11.085 11.205 11.325 11.446 11.585 11.729 11.874 12.070 12.271 12.472 12.674 13.076 13.076 13.277 13.478 13.679 13.800 13.771 13.742 13.713 13.684 13.654 13.687 13.764 13.842 13.919 13.996 14.073 14.073 14.202 14.182 14.163 14.143 14.124 14.105 14.085 14.066 14.046 14.042 14.084 14.125 14.167 14.209 14.207 14.207 14.097 14.042 13.987 13.932 13.877 13.822 13.767 13.712 13.657 13.603 13.548 13.493 13.438 13.360 13.366 13.366
9.369 9.467 9.566 9.667 9.814 9.960 10.107 10.258 10.431 10.551 10.672 10.913 10.913 11.033 11.154 11.274 11.394 11.515 11.635 11.760 11.905 12.049 12.194 12.347 12.548 12.749 12.950 13.352 13.352 13.553 13.754 13.955 13.976 13.947 13.918 13.889 13.860 13.830 13.801 13.858 13.935 14.013 14.090 14.167 14.167 14.255 14.235 14.216 14.196 14.177 14.158 14.138 14.119 14.099 14.080 14.087 14.129 14.171 14.212 14.175 14.175 14.065 14.010 13.955 13.900 13.845 13.790 13.735 13.681 13.626 13.571 13.516 13.461 13.406 13.351 13.302 13.302
9.482 9.628 9.775 9.921 10.068 10.215 10.361 10.523 10.697 10.862 10.982 11.223 11.223 11.343 11.464 11.584 11.704 11.825 11.945 12.080 12.225 12.369 12.514 12.658 12.824 13.025 13.226 13.628 13.628 13.829 14.030 14.181 14.152 14.123 14.094 14.065 14.036 14.006 13.977 13.952 14.029 14.107 14.184 14.261 14.261 14.308 14.288 14.269 14.249 14.230 14.211 14.191 14.172 14.152 14.133 14.114 14.133 14.174 14.198 14.143 14.143 14.033 13.978 13.923 13.868 13.813 13.759 13.704 13.649 13.585 13.512 13.439 13.365 13.292 13.230 13.188 13.188
9.736 9.883 10.029 10.176 10.323 10.469 10.616 10.788 10.963 11.138 11.292 11.533 11.533 11.653 11.773 11.894 12.014 12.135 12.256 12.401 12.545 12.690 12.834 12.979 13.123 13.301 13.502 13.904 13.904 14.105 14.307 14.357 14.328 14.299 14.270 14.241 14.212 14.182 14.153 14.124 14.123 14.200 14.278 14.355 14.355 14.361 14.341 14.322 14.303 14.283 14.264 14.244 14.225 14.205 14.186 14.167 14.147 14.178 14.166 14.111 14.111 14.001 13.946 13.892 13.818 13.745 13.672 13.598 13.525 13.451 13.378 13.304 13.231 13.157 13.112 13.069 13.069
9.991 10.137 10.284 10.431 10.577 10.724 10.878 11.053 11.228 11.402 11.577 11.842 11.842 11.963 12.083 12.204 12.324 12.444 12.576 12.721 12.865 13.010 13.154 13.299 13.443 13.588 13.778 14.181 14.181 14.382 14.563 14.533 14.504 14.475 14.446 14.417 14.388 14.358 14.329 14.300 14.271 14.294 14.372 14.449 14.449 14.414 14.394 14.375 14.356 14.336 14.317 14.297 14.278 14.259 14.239 14.220 14.200 14.181 14.125 14.051 14.051 13.905 13.831 13.758 13.684 13.611 13.537 13.464 13.390 13.317 13.244 13.170 13.097 13.037 12.994 12.951 12.951
9.991 10.137 10.284 10.431 10.577 10.724 10.878 11.053 11.228 11.402 11.577 11.842 11.842 11.963 12.083 12.204 12.324 12.444 12.576 12.721 12.865 13.010 13.154 13.299 13.443 13.588 13.778 14.181 14.181 14.382 14.563 14.533 14.504 14.475 14.446 14.417 14.388 14.358 14.329 14.300 14.271 14.294 14.372 14.449 14.449 14.414 14.394 14.375 14.356 14.336 14.317 14.297 14.278 14.259 14.239 14.220 14.200 14.181 14.125 14.051 14.051 13.905 13.831 13.758 13.684 13.611 13.537 13.464 13.390 13.317 13.244 13.170 13.097 13.037 12.994 12.951 12.951
10.245 10.392 10.539 10.685 10.832 10.978 11.143 11.317 11.492 11.667 11.842 12.152 12.152 12.273 12.393 12.514 12.634 12.754 12.896 13.041 13.185 13.330 13.474 13.619 13.763 13.908 14.055 14.457 14.457 14.658 14.739 14.709 14.680 14.651 14.622 14.593 14.563 14.534 14.505 14.476 14.447 14.418 14.465 14.506 14.506 14.467 14.448 14.428 14.409 14.389 14.370 14.335 14.294 14.252 14.210 14.168 14.127 14.069 13.991 13.917 13.917 13.770 13.697 13.623 13.550 13.477 13.403 13.330 13.256 13.183 13.109 13.036 12.962 12.919 12.876 12.833 12.833
10.500 10.647 10.793 10.940 11.086 11.233 11.407 11.582 11.757 11.932 12.107 12.457 12.457 12.583 12.703 12.823 12.944 13.072 13.217 13.361 13.506 13.650 13.795 13.939 14.084 14.228 14.372 14.733 14.733 14.934 14.915 14.885 14.856 14.827 14.798 14.769 14.739 14.710 14.681 14.652 14.623 14.594 14.564 14.559 14.559 14.476 14.434 14.393 14.351 14.309 14.267 14.226 14.184 14.142 14.100 14.059 14.017 13.940 13.859 13.783 13.783 13.636 13.563 13.489 13.416 13.342 13.269 13.195 13.122 13.048 12.975 12.902 12.844 12.801 12.758 12.716 12.716
11.009 11.155 11.302 11.448 11.595 11.762 11.937 12.112 12.287 12.462 12.637 12.987 12.987 13.162 13.323 13.443 13.568 13.712 13.857 14.001 14.146 14.290 14.435 14.579 14.724 14.868 15.013 15.287 15.287 15.250 15.191 15.132 15.074 15.015 14.956 14.897 14.838 14.779 14.720 14.661 14.602 14.543 14.456 14.362 14.362 14.257 14.215 14.173 14.131 14.090 14.048 14.006 13.964 13.923 13.881 13.839 13.762 13.681 13.600 13.520 13.520 13.368 13.294 13.221 13.147 13.074 13.000 12.927 12.853 12.780 12.707 12.652 12.609 12.566 12.523 12.480 12.480
11.263 11.410 11.556 11.703 11.852 12.027 12.202 12.377 12.552 12.727 12.902 13.252 13.252 13.427 13.601 13.753 13.888 14.032 14.177 14.321 14.466 14.581 14.696 14.810 14.925 15.039 15.154 15.306 15.306 15.194 15.135 15.076 15.017 14.958 14.899 14.840 14.781 14.723 14.664 14.605 14.546 14.476 14.382 14.288 14.288 14.147 14.105 14.063 14.021 13.980 13.938 13.896 13.854 13.813 13.771 13.713 13.632 13.552 13.471 13.390 13.390 13.233 13.160 13.086 13.013 12.940 12.866 12.793 12.719 12.646 12.577 12.534 12.491 12.448 12.405 12.362 12.362
11.534 11.665 11.811 11.957 12.117 12.292 12.467 12.642 12.817 12.992 13.167 13.517 13.517 13.691 13.865 14.030 14.105 14.219 14.334 14.448 14.563 14.677 14.792 14.906 15.021 15.135 15.249 15.288 15.288 15.173 15.078 15.020 14.961 14.902 14.843 14.784 14.725 14.666 14.607 14.548 14.489 14.402 14.308 14.214 14.214 14.037 13.995 13.953 13.912 13.870 13.828 13.786 13.745 13.703 13.661 13.584 13.503 13.422 13.342 13.261 13.261 13.099 13.026 12.952 12.879 12.805 12.732 12.658 12.585 12.511 12.459 12.416 12.373 12.330 12.287 12.244 12.244
