includes/camargue/floodfiles/results_R4_t1.562344205135E12/res-0006.wdfp
ncols         906
nrows         631
xllcorner     362177.146667
yllcorner     6534725.688020
cellsize      20.000000
NODATA_value  -9999.000000
[rows 544 to 577 of 631, columns 0 to 76 of 906]
7.033 6.676 6.319 5.961 5.604 5.247 4.890 4.533 4.533 4.421 4.673 5.078 5.483 5.888 6.293 6.699 7.104 7.509 7.914 8.319 8.535 8.447 8.360 8.272 8.272 8.097 8.010 7.922 7.834 7.747 7.659 7.541 7.418 7.269 7.120 6.972 6.823 6.673 6.478 6.282 6.282 5.965 5.926 5.888 5.842 5.788 5.734 5.679 5.625 5.661 5.718 5.774 5.803 5.830 5.856 5.882 5.882 5.940 5.980 6.020 6.060 6.100 6.140 6.180 6.263 6.465 6.637 6.808 6.979 7.151 7.322 7.493 8.396 8.396 8.862 9.327 9.793
6.886 6.528 6.171 5.814 5.457 5.100 4.742 4.535 4.535 4.433 4.454 4.859 5.264 5.669 6.075 6.480 6.885 7.290 7.695 8.116 8.641 8.555 8.458 8.361 8.361 8.166 8.071 7.984 7.896 7.808 7.721 7.623 7.488 7.340 7.182 6.987 6.792 6.596 6.401 6.206 6.206 5.880 5.841 5.802 5.764 5.725 5.686 5.638 5.584 5.596 5.643 5.669 5.695 5.722 5.748 5.774 5.774 5.830 5.870 5.910 5.950 5.990 6.030 6.070 6.117 6.177 6.322 6.493 6.664 6.836 7.007 7.178 8.057 8.057 8.523 8.988 9.454
6.738 6.381 6.024 5.667 5.310 4.952 4.598 4.546 4.546 4.444 4.392 4.641 5.046 5.451 5.856 6.261 6.666 7.071 7.476 7.994 8.519 8.678 8.581 8.484 8.484 8.289 8.192 8.095 7.998 7.901 7.804 7.707 7.496 7.301 7.106 6.910 6.715 6.520 6.324 6.129 6.129 5.794 5.756 5.717 5.678 5.640 5.601 5.562 5.524 5.512 5.535 5.561 5.587 5.613 5.640 5.666 5.666 5.720 5.760 5.800 5.840 5.880 5.921 5.970 6.019 6.078 6.140 6.202 6.349 6.520 6.692 6.863 7.718 7.718 8.184 8.639 8.962
6.598 6.234 5.877 5.519 5.162 4.805 4.609 4.557 4.557 4.455 4.403 4.422 4.827 5.232 5.637 6.042 6.447 6.853 7.346 7.871 8.396 8.801 8.704 8.607 8.607 8.413 8.316 8.218 8.121 8.024 7.927 7.707 7.475 7.238 7.029 6.834 6.639 6.443 6.248 6.053 6.053 5.709 5.670 5.632 5.593 5.554 5.516 5.484 5.487 5.488 5.480 5.472 5.479 5.505 5.532 5.558 5.558 5.610 5.650 5.690 5.730 5.774 5.823 5.872 5.921 5.979 6.040 6.102 6.164 6.226 6.377 6.548 7.379 7.379 7.744 8.068 8.391
6.566 6.087 5.729 5.372 5.015 4.672 4.620 4.569 4.569 4.466 4.415 4.363 4.608 5.013 5.418 5.824 6.229 6.698 7.224 7.749 8.274 8.799 8.827 8.730 8.730 8.536 8.439 8.342 8.245 8.147 7.927 7.705 7.476 7.238 7.001 6.763 6.562 6.367 6.171 5.976 5.976 5.624 5.585 5.546 5.508 5.469 5.454 5.458 5.461 5.463 5.456 5.448 5.440 5.433 5.425 5.450 5.450 5.502 5.540 5.580 5.627 5.676 5.725 5.774 5.823 5.879 5.941 6.003 6.065 6.127 6.189 6.251 6.849 6.849 7.173 7.497 7.820
6.534 6.008 5.582 5.225 4.868 4.683 4.631 4.580 4.580 4.477 4.426 4.374 4.389 4.795 5.200 5.605 6.051 6.576 7.101 7.627 8.152 8.677 8.950 8.853 8.853 8.659 8.562 8.465 8.368 8.147 7.925 7.703 7.477 7.239 7.001 6.764 6.526 6.290 6.095 5.900 5.900 5.539 5.500 5.461 5.422 5.425 5.428 5.432 5.435 5.438 5.432 5.424 5.416 5.408 5.401 5.393 5.393 5.394 5.431 5.480 5.529 5.578 5.627 5.676 5.725 5.780 5.842 5.903 5.965 6.027 6.087 6.141 6.278 6.278 6.602 6.925 7.249
6.502 5.976 5.450 5.078 4.745 4.694 4.642 4.591 4.591 4.488 4.437 4.385 4.334 4.576 4.981 5.403 5.928 6.454 6.979 7.504 8.029 8.555 9.074 8.976 8.976 8.782 8.685 8.588 8.367 8.145 7.923 7.701 7.477 7.240 7.002 6.764 6.527 6.289 6.052 5.823 5.823 5.453 5.414 5.393 5.396 5.399 5.402 5.405 5.409 5.412 5.407 5.400 5.392 5.384 5.376 5.369 5.369 5.356 5.367 5.396 5.431 5.480 5.529 5.578 5.627 5.680 5.742 5.804 5.864 5.918 5.972 6.026 6.144 6.144 6.203 6.354 6.678
6.470 5.944 5.418 4.930 4.756 4.705 4.653 4.602 4.602 4.499 4.448 4.396 4.345 4.357 4.762 5.281 5.806 6.331 6.856 7.382 7.907 8.432 8.957 9.100 9.100 8.905 8.808 8.587 8.365 8.143 7.921 7.699 7.477 7.240 7.003 6.765 6.528 6.290 6.052 5.815 5.815 5.368 5.363 5.366 5.370 5.373 5.376 5.379 5.382 5.386 5.383 5.375 5.367 5.360 5.352 5.344 5.344 5.340 5.340 5.369 5.398 5.427 5.456 5.485 5.529 5.581 5.640 5.695 5.749 5.803 5.857 5.912 6.029 6.030 6.089 6.148 6.208
6.500 5.979 5.457 4.964 4.814 4.759 4.703 4.648 4.648 4.537 4.481 4.426 4.370 4.315 4.633 5.159 5.684 6.209 6.734 7.259 7.785 8.310 8.835 9.223 9.223 9.029 8.807 8.585 8.363 8.141 7.919 7.697 7.475 7.241 7.004 6.766 6.528 6.291 6.053 5.815 5.815 5.363 5.346 5.340 5.343 5.347 5.350 5.353 5.356 5.359 5.359 5.351 5.343 5.335 5.328 5.326 5.326 5.324 5.323 5.343 5.372 5.401 5.430 5.459 5.488 5.500 5.526 5.580 5.634 5.689 5.743 5.797 5.915 5.915 5.975 6.034 6.093
6.627 6.105 5.584 5.216 4.934 4.875 4.820 4.764 4.764 4.653 4.598 4.542 4.487 4.440 4.507 5.033 5.559 6.085 6.611 7.137 7.662 8.188 8.713 9.238 9.238 9.027 8.805 8.583 8.361 8.139 7.917 7.695 7.473 7.242 7.004 6.767 6.529 6.291 6.054 5.828 5.828 5.389 5.345 5.337 5.330 5.323 5.324 5.327 5.330 5.333 5.334 5.327 5.319 5.312 5.311 5.310 5.310 5.308 5.307 5.317 5.346 5.375 5.404 5.433 5.460 5.455 5.450 5.465 5.519 5.574 5.628 5.682 5.801 5.801 5.860 5.920 5.979
6.754 6.232 5.751 5.468 5.186 4.992 4.936 4.881 4.881 4.770 4.714 4.659 4.603 4.573 4.543 4.907 5.433 5.959 6.484 7.010 7.536 8.062 8.588 9.114 9.114 9.025 8.803 8.581 8.359 8.137 7.915 7.693 7.471 7.243 7.005 6.767 6.530 6.294 6.074 5.855 5.855 5.416 5.344 5.336 5.329 5.321 5.314 5.306 5.304 5.307 5.310 5.302 5.297 5.296 5.295 5.294 5.294 5.292 5.291 5.290 5.319 5.348 5.377 5.406 5.415 5.410 5.405 5.400 5.405 5.459 5.513 5.568 5.687 5.687 5.746 5.805 5.865
6.881 6.359 6.003 5.721 5.438 5.156 5.052 4.997 4.997 4.886 4.831 4.775 4.735 4.705 4.676 4.781 5.307 5.832 6.358 6.884 7.410 7.936 8.462 9.065 9.065 9.221 8.927 8.634 8.357 8.135 7.913 7.691 7.469 7.243 7.006 6.768 6.540 6.321 6.101 5.881 5.881 5.442 5.343 5.335 5.328 5.320 5.313 5.305 5.298 5.290 5.284 5.282 5.281 5.280 5.279 5.278 5.278 5.276 5.275 5.273 5.293 5.322 5.351 5.374 5.369 5.364 5.360 5.355 5.350 5.345 5.399 5.454 5.572 5.572 5.632 5.688 5.745
6.881 6.359 6.003 5.721 5.438 5.156 5.052 4.997 4.997 4.886 4.830 4.775 4.735 4.705 4.676 4.781 5.307 5.832 6.358 6.884 7.410 7.936 8.462 9.065 9.065 9.221 8.927 8.634 8.357 8.135 7.913 7.691 7.469 7.243 7.006 6.768 6.540 6.321 6.101 5.881 5.881 5.442 5.343 5.335 5.328 5.320 5.313 5.305 5.298 5.290 5.284 5.282 5.281 5.280 5.279 5.278 5.278 5.276 5.275 5.273 5.293 5.322 5.351 5.374 5.369 5.364 5.360 5.355 5.350 5.345 5.399 5.454 5.572 5.572 5.632 5.688 5.745
7.008 6.538 6.255 5.973 5.690 5.408 5.169 5.113 5.113 5.002 4.947 4.896 4.867 4.838 4.808 4.779 5.180 5.706 6.232 6.758 7.284 7.810 8.401 9.021 9.021 9.440 9.146 8.853 8.559 8.266 7.972 7.689 7.467 7.244 7.006 6.786 6.567 6.347 6.128 5.908 5.908 5.469 5.342 5.334 5.326 5.319 5.311 5.304 5.296 5.289 5.274 5.268 5.266 5.264 5.263 5.262 5.262 5.260 5.258 5.257 5.267 5.296 5.325 5.329 5.324 5.319 5.314 5.309 5.304 5.299 5.294 5.340 5.455 5.455 5.511 5.568 5.625
7.134 6.790 6.508 6.225 5.942 5.660 5.377 5.230 5.230 5.119 5.063 5.029 4.999 4.970 4.940 4.911 5.054 5.580 6.106 6.632 7.158 7.737 8.357 8.977 8.977 9.659 9.365 9.072 8.778 8.485 8.192 7.898 7.605 7.226 7.032 6.813 6.593 6.374 6.154 5.935 5.935 5.495 5.340 5.333 5.325 5.318 5.310 5.303 5.292 5.278 5.263 5.255 5.253 5.251 5.249 5.246 5.246 5.244 5.243 5.241 5.240 5.269 5.289 5.284 5.279 5.274 5.269 5.264 5.259 5.254 5.250 5.248 5.334 5.334 5.391 5.447 5.504
7.577 7.294 7.012 6.729 6.447 6.164 5.881 5.599 5.599 5.352 5.323 5.294 5.264 5.235 5.205 5.176 5.147 5.328 5.853 6.409 7.029 7.649 8.269 8.889 8.889 10.097 9.804 9.510 9.217 8.923 8.630 8.157 7.611 7.064 6.775 6.629 6.483 6.337 6.191 5.988 5.988 5.549 5.338 5.330 5.323 5.313 5.299 5.284 5.270 5.255 5.240 5.230 5.227 5.225 5.223 5.221 5.221 5.216 5.214 5.212 5.209 5.203 5.199 5.195 5.190 5.186 5.182 5.178 5.173 5.169 5.165 5.164 5.164 5.165 5.165 5.206 5.263
7.829 7.547 7.264 6.981 6.699 6.416 6.134 5.851 5.851 5.485 5.455 5.426 5.397 5.367 5.338 5.308 5.279 5.249 5.744 6.364 6.984 7.605 8.225 8.845 8.845 10.085 10.023 9.729 9.436 9.142 8.623 8.076 7.530 6.983 6.635 6.489 6.343 6.197 6.051 5.905 5.905 5.575 5.356 5.329 5.316 5.302 5.287 5.273 5.258 5.244 5.229 5.217 5.215 5.212 5.210 5.208 5.208 5.203 5.201 5.198 5.162 5.144 5.155 5.152 5.148 5.144 5.139 5.135 5.131 5.126 5.122 5.122 5.122 5.123 5.123 5.123 5.143
7.908 7.618 7.328 7.038 6.749 6.459 6.169 5.879 5.879 5.529 5.504 5.480 5.455 5.431 5.406 5.382 5.357 5.333 5.693 6.319 6.940 7.561 8.181 8.801 8.801 10.041 10.242 9.948 9.635 9.088 8.542 7.995 7.448 6.902 6.496 6.350 6.204 6.057 5.911 5.765 5.765 5.473 5.341 5.320 5.305 5.291 5.276 5.262 5.247 5.233 5.218 5.204 5.202 5.200 5.197 5.195 5.195 5.190 5.169 5.134 5.099 5.080 5.091 5.102 5.105 5.101 5.097 5.092 5.088 5.084 5.080 5.080 5.080 5.080 5.081 5.081 5.082
7.895 7.605 7.315 7.025 6.735 6.445 6.155 5.865 5.865 5.590 5.532 5.507 5.483 5.458 5.434 5.409 5.385 5.452 5.623 6.250 6.876 7.502 8.128 8.754 8.754 9.997 10.461 10.100 9.553 9.007 8.460 7.914 7.367 6.821 6.356 6.210 6.064 5.918 5.772 5.626 5.626 5.382 5.319 5.294 5.287 5.280 5.265 5.250 5.236 5.221 5.207 5.192 5.189 5.187 5.184 5.182 5.182 5.141 5.106 5.070 5.035 5.017 5.028 5.039 5.050 5.058 5.054 5.050 5.045 5.041 5.037 5.038 5.038 5.038 5.039 5.039 5.040
7.852 7.591 7.301 7.011 6.721 6.432 6.142 5.852 5.852 5.658 5.577 5.535 5.510 5.486 5.461 5.436 5.471 5.573 5.675 6.180 6.806 7.432 8.059 8.685 8.685 9.937 10.412 10.019 9.472 8.926 8.379 7.833 7.286 6.739 6.217 6.070 5.924 5.778 5.632 5.486 5.486 5.360 5.297 5.267 5.260 5.252 5.245 5.238 5.225 5.210 5.196 5.181 5.176 5.174 5.172 5.148 5.148 5.078 5.042 5.007 4.971 4.954 4.965 4.976 4.987 4.998 5.009 5.007 5.003 4.999 4.995 4.996 4.996 4.996 4.997 4.997 4.987
7.721 7.578 7.288 6.998 6.708 6.418 6.128 5.888 5.888 5.725 5.644 5.563 5.537 5.513 5.488 5.489 5.591 5.693 5.796 6.111 6.737 7.363 7.989 8.615 8.615 9.722 9.946 9.711 9.267 8.823 8.298 7.751 7.205 6.658 6.112 5.931 5.785 5.638 5.526 5.464 5.464 5.338 5.275 5.239 5.232 5.225 5.218 5.210 5.203 5.196 5.184 5.170 5.164 5.156 5.120 5.085 5.085 5.014 4.978 4.943 4.908 4.891 4.902 4.912 4.923 4.935 4.945 4.956 4.960 4.956 4.953 4.954 4.954 4.954 4.932 4.908 4.884
7.590 7.483 7.274 6.984 6.694 6.405 6.115 5.955 5.955 5.793 5.712 5.631 5.565 5.540 5.516 5.610 5.712 5.814 5.916 6.042 6.668 7.294 7.920 8.546 8.546 9.256 9.479 9.394 8.949 8.505 8.060 7.616 7.124 6.577 6.031 5.791 5.645 5.567 5.505 5.442 5.442 5.316 5.253 5.212 5.205 5.197 5.190 5.183 5.176 5.168 5.161 5.154 5.127 5.092 5.057 5.021 5.021 4.950 4.915 4.879 4.844 4.827 4.838 4.849 4.860 4.871 4.882 4.893 4.904 4.913 4.911 4.901 4.853 4.853 4.829 4.805 4.781
7.458 7.352 7.245 6.971 6.681 6.391 6.104 6.023 6.023 5.861 5.779 5.698 5.617 5.568 5.628 5.730 5.832 5.935 6.037 6.139 6.598 7.224 7.851 8.342 8.342 8.789 9.013 9.076 8.631 8.187 7.743 7.298 6.854 6.409 5.949 5.671 5.608 5.546 5.483 5.420 5.420 5.294 5.231 5.184 5.177 5.170 5.163 5.156 5.148 5.141 5.129 5.101 5.068 5.030 4.993 4.957 4.957 4.886 4.851 4.816 4.780 4.764 4.775 4.786 4.797 4.808 4.819 4.830 4.841 4.856 4.831 4.797 4.749 4.749 4.725 4.701 4.677
7.327 7.221 7.114 6.957 6.667 6.377 6.172 6.091 6.091 5.928 5.847 5.766 5.691 5.669 5.755 5.851 5.953 6.055 6.157 6.260 6.529 7.155 7.652 7.876 7.876 8.323 8.547 8.758 8.314 7.869 7.425 6.981 6.536 6.092 5.785 5.637 5.586 5.524 5.461 5.398 5.398 5.272 5.209 5.157 5.150 5.143 5.135 5.128 5.121 5.098 5.071 5.043 5.010 4.972 4.933 4.895 4.895 4.823 4.787 4.752 4.716 4.701 4.712 4.723 4.734 4.745 4.756 4.771 4.787 4.803 4.777 4.720 4.646 4.646 4.622 4.598 4.574
7.196 7.089 6.983 6.876 6.654 6.364 6.239 6.158 6.158 5.996 5.954 5.925 5.895 5.866 5.940 6.026 6.112 6.197 6.283 6.380 6.482 6.962 7.186 7.409 7.409 7.857 8.081 8.305 7.996 7.552 7.107 6.663 6.310 6.024 5.738 5.588 5.538 5.487 5.437 5.376 5.376 5.250 5.187 5.130 5.122 5.115 5.108 5.095 5.067 5.040 5.012 4.984 4.952 4.914 4.875 4.837 4.837 4.760 4.724 4.688 4.653 4.638 4.649 4.659 4.670 4.686 4.702 4.719 4.735 4.751 4.723 4.666 4.552 4.552 4.519 4.495 4.471
7.065 6.958 6.851 6.745 6.638 6.388 6.307 6.247 6.247 6.188 6.158 6.129 6.099 6.069 6.126 6.212 6.297 6.383 6.469 6.555 6.699 6.814 6.824 6.943 6.943 7.391 7.615 7.839 7.678 7.234 6.834 6.548 6.262 5.976 5.690 5.539 5.489 5.439 5.389 5.338 5.338 5.228 5.166 5.103 5.095 5.088 5.065 5.037 5.009 4.981 4.953 4.926 4.894 4.856 4.817 4.779 4.779 4.702 4.663 4.625 4.589 4.574 4.585 4.601 4.618 4.634 4.650 4.666 4.683 4.699 4.668 4.611 4.498 4.498 4.441 4.391 4.367
6.977 6.864 6.752 6.639 6.527 6.510 6.481 6.451 6.451 6.392 6.362 6.333 6.303 6.273 6.311 6.397 6.483 6.569 6.654 6.811 7.073 7.284 7.294 7.304 7.304 7.323 7.333 7.372 7.361 7.073 6.787 6.501 6.215 5.929 5.643 5.491 5.440 5.390 5.340 5.290 5.290 5.189 5.139 5.081 5.062 5.034 5.006 4.978 4.950 4.922 4.895 4.867 4.836 4.798 4.759 4.721 4.721 4.644 4.605 4.567 4.529 4.518 4.533 4.549 4.565 4.582 4.598 4.614 4.630 4.647 4.614 4.557 4.443 4.443 4.387 4.330 4.273
6.923 6.810 6.697 6.585 6.575 6.640 6.645 6.651 6.651 6.596 6.566 6.537 6.507 6.477 6.497 6.583 6.669 6.754 6.921 7.184 7.446 7.708 7.764 7.773 7.773 7.793 7.803 7.813 7.411 7.025 6.739 6.453 6.167 5.881 5.595 5.442 5.392 5.342 5.291 5.241 5.241 5.141 5.090 5.050 5.009 4.975 4.947 4.919 4.892 4.864 4.836 4.808 4.778 4.740 4.701 4.663 4.663 4.586 4.547 4.529 4.518 4.508 4.499 4.497 4.513 4.529 4.546 4.562 4.578 4.594 4.559 4.502 4.389 4.389 4.332 4.275 4.219
6.923 6.810 6.697 6.585 6.575 6.640 6.645 6.651 6.651 6.596 6.566 6.537 6.507 6.477 6.497 6.583 6.669 6.754 6.921 7.184 7.446 7.708 7.764 7.774 7.773 7.793 7.803 7.813 7.411 7.025 6.739 6.453 6.167 5.881 5.595 5.442 5.392 5.342 5.291 5.241 5.241 5.141 5.090 5.050 5.009 4.975 4.947 4.920 4.892 4.864 4.836 4.808 4.778 4.740 4.701 4.663 4.663 4.586 4.548 4.529 4.519 4.508 4.499 4.497 4.513 4.529 4.546 4.562 4.578 4.594 4.559 4.502 4.389 4.389 4.332 4.275 4.219
6.868 6.756 6.643 6.608 6.686 6.765 6.774 6.779 6.779 6.790 6.770 6.740 6.711 6.681 6.683 6.768 6.854 7.032 7.295 7.557 7.819 8.081 8.233 8.243 8.243 8.263 8.273 8.042 7.561 7.079 6.692 6.406 6.119 5.834 5.548 5.394 5.343 5.293 5.243 5.193 5.193 5.093 5.056 5.019 4.979 4.938 4.896 4.861 4.833 4.805 4.778 4.750 4.720 4.682 4.643 4.605 4.605 4.542 4.531 4.520 4.509 4.499 4.489 4.480 4.470 4.477 4.493 4.510 4.526 4.542 4.505 4.448 4.334 4.334 4.278 4.223 4.195
6.814 6.701 6.640 6.719 6.798 6.877 6.903 6.908 6.908 6.919 6.924 6.930 6.915 6.885 6.868 6.954 7.144 7.406 7.668 7.930 8.192 8.455 8.703 8.713 8.713 8.733 8.673 8.192 7.710 7.229 6.748 6.358 6.072 5.786 5.500 5.345 5.295 5.244 5.194 5.144 5.144 5.062 5.025 4.988 4.949 4.908 4.866 4.825 4.784 4.747 4.719 4.691 4.662 4.624 4.585 4.554 4.554 4.532 4.521 4.510 4.499 4.489 4.479 4.470 4.460 4.451 4.441 4.457 4.473 4.490 4.450 4.393 4.281 4.281 4.253 4.226 4.198
6.705 6.783 6.862 6.941 7.020 7.099 7.160 7.165 7.165 7.176 7.182 7.187 7.193 7.198 7.219 7.472 7.818 8.152 8.414 8.677 8.939 9.201 9.463 9.653 9.653 9.454 8.973 8.491 8.010 7.529 7.048 6.566 6.085 5.691 5.405 5.248 5.197 5.148 5.111 5.074 5.074 5.000 4.963 4.926 4.888 4.847 4.806 4.764 4.723 4.682 4.640 4.599 4.558 4.556 4.546 4.535 4.534 4.513 4.502 4.491 4.480 4.470 4.460 4.451 4.441 4.432 4.422 4.413 4.403 4.394 4.370 4.343 4.288 4.288 4.260 4.233 4.205
6.815 6.894 6.973 7.052 7.131 7.210 7.289 7.294 7.294 7.305 7.310 7.316 7.321 7.345 7.370 7.537 7.883 8.230 8.576 8.922 9.269 9.574 9.836 10.099 10.099 9.604 9.123 8.641 8.160 7.679 7.197 6.716 6.235 5.754 5.357 5.199 5.154 5.117 5.080 5.043 5.043 4.969 4.932 4.895 4.858 4.817 4.776 4.734 4.693 4.652 4.609 4.566 4.526 4.528 4.530 4.525 4.525 4.503 4.492 4.481 4.470 4.460 4.450 4.441 4.431 4.422 4.412 4.403 4.386 4.367 4.355 4.344 4.291 4.291 4.263 4.236 4.208
6.927 7.005 7.084 7.163 7.242 7.321 7.400 7.423 7.423 7.434 7.439 7.446 7.471 7.496 7.520 7.602 7.949 8.295 8.641 8.987 9.334 9.680 10.026 10.373 10.373 9.759 9.277 8.796 8.314 7.833 7.351 6.870 6.388 5.907 5.425 5.160 5.123 5.086 5.049 5.012 5.012 4.938 4.901 4.864 4.827 4.787 4.745 4.704 4.662 4.619 4.576 4.532 4.494 4.496 4.498 4.500 4.500 4.493 4.483 4.472 4.461 4.450 4.441 4.431 4.422 4.412 4.396 4.378 4.359 4.341 4.328 4.317 4.294 4.294 4.267 4.239 4.211
