includes/camargue/floodfiles/results_R4_t1.562344205135E12/res-0008.wdfp
ncols         906
nrows         631
xllcorner     362177.146667
yllcorner     6534725.688020
cellsize      20.000000
NODATA_value  -9999.000000
[rows 578 to 611 of 631, columns 693 to 769 of 906]
8.834 8.837 8.840 8.843 8.845 8.848 8.851 8.854 8.854 8.860 8.860 8.837 8.834 8.844 8.854 8.864 8.874 8.883 8.893 8.903 8.913 8.923 8.933 8.943 8.943 8.938 8.905 8.870 8.836 8.802 8.768 8.734 8.700 8.665 8.631 8.597 8.563 8.532 8.521 8.501 8.501 8.461 8.441 8.420 8.400 8.380 8.360 8.340 8.319 8.299 8.279 8.301 8.322 8.343 8.365 8.386 8.429 8.429 8.450 8.471 8.493 8.476 8.437 8.480 8.600 8.720 8.841 8.961 9.081 9.202 9.322 9.449 9.711 9.711 9.842 9.973 10.104
8.830 8.833 8.836 8.839 8.842 8.845 8.847 8.850 8.850 8.856 8.857 8.861 8.871 8.881 8.890 8.900 8.910 8.919 8.929 8.939 8.948 8.958 8.968 8.978 8.978 9.004 8.970 8.936 8.901 8.867 8.833 8.799 8.764 8.730 8.696 8.662 8.627 8.594 8.595 8.574 8.574 8.532 8.511 8.489 8.468 8.447 8.426 8.405 8.384 8.363 8.388 8.400 8.413 8.432 8.453 8.474 8.517 8.517 8.538 8.560 8.581 8.589 8.632 8.752 8.872 8.992 9.113 9.233 9.353 9.473 9.593 9.721 9.983 9.983 10.114 10.245 10.376
8.827 8.830 8.832 8.835 8.838 8.841 8.844 8.847 8.847 8.825 8.813 8.834 8.857 8.867 8.877 8.886 8.896 8.906 8.916 8.925 8.935 8.945 8.954 8.964 8.964 9.006 9.009 8.975 8.941 8.906 8.872 8.838 8.804 8.769 8.735 8.701 8.667 8.674 8.704 8.683 8.683 8.641 8.619 8.598 8.577 8.556 8.535 8.514 8.493 8.535 8.636 8.648 8.661 8.673 8.685 8.697 8.722 8.722 8.734 8.746 8.759 8.807 8.919 9.030 9.144 9.264 9.385 9.505 9.625 9.745 9.866 9.992 10.254 10.254 10.386 10.517 10.656
8.823 8.826 8.829 8.832 8.834 8.831 8.819 8.806 8.806 8.782 8.772 8.803 8.835 8.854 8.863 8.873 8.883 8.892 8.902 8.912 8.921 8.931 8.941 8.951 8.951 9.004 9.036 9.014 8.980 8.946 8.912 8.877 8.843 8.809 8.774 8.740 8.723 8.754 8.785 8.792 8.792 8.749 8.728 8.707 8.686 8.665 8.644 8.623 8.620 8.733 8.845 8.896 8.909 8.921 8.933 8.945 8.970 8.970 8.982 8.994 9.016 9.127 9.238 9.350 9.461 9.572 9.684 9.795 9.906 10.018 10.138 10.265 10.539 10.539 10.678 10.817 10.956
8.819 8.822 8.824 8.812 8.799 8.787 8.775 8.763 8.763 8.738 8.742 8.773 8.805 8.836 8.850 8.859 8.869 8.879 8.889 8.898 8.908 8.918 8.927 8.939 8.939 9.003 9.035 9.054 9.019 8.985 8.951 8.916 8.882 8.848 8.814 8.779 8.803 8.834 8.865 8.896 8.896 8.858 8.837 8.816 8.795 8.774 8.752 8.731 8.818 8.931 9.043 9.144 9.157 9.169 9.181 9.193 9.217 9.217 9.230 9.243 9.336 9.447 9.558 9.670 9.781 9.892 10.004 10.115 10.226 10.338 10.449 10.563 10.840 10.840 10.979 11.118 11.256
8.805 8.793 8.780 8.768 8.756 8.744 8.731 8.719 8.719 8.695 8.711 8.743 8.775 8.806 8.836 8.846 8.856 8.865 8.875 8.885 8.894 8.904 8.914 8.938 8.938 9.002 9.034 9.066 9.059 9.024 8.990 8.956 8.922 8.887 8.853 8.852 8.883 8.914 8.945 8.977 8.977 8.967 8.946 8.925 8.904 8.882 8.861 8.904 9.016 9.129 9.241 9.354 9.404 9.417 9.429 9.441 9.465 9.465 9.478 9.543 9.655 9.766 9.877 9.990 10.101 10.212 10.323 10.435 10.546 10.657 10.769 10.880 11.141 11.141 11.280 11.419 11.557
8.761 8.749 8.737 8.724 8.712 8.700 8.688 8.675 8.675 8.651 8.681 8.713 8.745 8.776 8.808 8.832 8.842 8.852 8.862 8.871 8.881 8.891 8.904 8.936 8.936 9.001 9.033 9.065 9.097 9.064 9.029 8.995 8.961 8.927 8.901 8.932 8.963 8.994 9.025 9.057 9.057 9.076 9.055 9.033 9.012 8.991 8.989 9.102 9.214 9.327 9.439 9.552 9.653 9.665 9.677 9.689 9.714 9.714 9.752 9.863 9.974 10.086 10.197 10.308 10.420 10.531 10.643 10.755 10.866 10.977 11.089 11.200 11.442 11.442 11.581 11.720 11.858
8.718 8.705 8.693 8.681 8.668 8.656 8.644 8.632 8.632 8.619 8.651 8.683 8.714 8.746 8.778 8.809 8.829 8.838 8.848 8.858 8.867 8.877 8.903 8.935 8.935 8.999 9.031 9.064 9.096 9.103 9.069 9.034 9.000 8.966 8.981 9.012 9.043 9.074 9.105 9.137 9.137 9.185 9.163 9.142 9.121 9.100 9.187 9.300 9.412 9.525 9.637 9.750 9.862 9.913 9.925 9.937 9.962 9.962 10.072 10.183 10.294 10.406 10.517 10.628 10.740 10.851 10.962 11.073 11.185 11.296 11.408 11.520 11.743 11.743 11.882 12.021 12.159
8.674 8.662 8.649 8.637 8.625 8.613 8.600 8.588 8.588 8.589 8.621 8.653 8.684 8.716 8.747 8.779 8.811 8.825 8.834 8.844 8.854 8.870 8.902 8.934 8.934 8.998 9.030 9.062 9.094 9.127 9.108 9.074 9.039 9.030 9.061 9.092 9.123 9.154 9.186 9.216 9.216 9.279 9.272 9.251 9.230 9.272 9.386 9.498 9.611 9.723 9.836 9.948 10.061 10.161 10.173 10.185 10.280 10.280 10.392 10.503 10.614 10.725 10.837 10.948 11.059 11.171 11.282 11.393 11.505 11.616 11.727 11.838 12.061 12.062 12.183 12.322 12.460
8.617 8.618 8.606 8.593 8.581 8.569 8.557 8.545 8.545 8.559 8.591 8.622 8.654 8.686 8.717 8.749 8.781 8.811 8.821 8.831 8.840 8.868 8.901 8.933 8.933 8.997 9.029 9.061 9.093 9.125 9.147 9.113 9.079 9.110 9.141 9.172 9.203 9.234 9.266 9.297 9.297 9.359 9.381 9.360 9.358 9.470 9.583 9.695 9.808 9.920 10.033 10.146 10.259 10.371 10.421 10.434 10.600 10.600 10.711 10.823 10.934 11.045 11.157 11.268 11.379 11.491 11.602 11.713 11.824 11.936 12.047 12.158 12.381 12.381 12.492 12.621 12.761
8.617 8.618 8.606 8.593 8.581 8.569 8.557 8.544 8.544 8.559 8.591 8.622 8.654 8.686 8.717 8.749 8.780 8.811 8.821 8.830 8.840 8.868 8.900 8.932 8.932 8.997 9.029 9.061 9.093 9.125 9.147 9.113 9.079 9.109 9.141 9.172 9.203 9.234 9.266 9.297 9.297 9.359 9.381 9.360 9.358 9.470 9.583 9.695 9.808 9.920 10.033 10.145 10.258 10.370 10.420 10.433 10.600 10.600 10.711 10.823 10.934 11.045 11.157 11.268 11.379 11.491 11.602 11.713 11.824 11.936 12.047 12.158 12.381 12.381 12.492 12.621 12.760
8.552 8.558 8.562 8.550 8.538 8.525 8.513 8.501 8.501 8.529 8.561 8.592 8.624 8.655 8.687 8.719 8.750 8.782 8.807 8.817 8.835 8.867 8.899 8.931 8.931 8.996 9.028 9.060 9.092 9.124 9.156 9.152 9.158 9.190 9.221 9.252 9.283 9.315 9.346 9.377 9.377 9.439 9.471 9.469 9.556 9.668 9.781 9.893 10.006 10.118 10.231 10.343 10.456 10.568 10.669 10.696 10.919 10.919 11.030 11.142 11.254 11.365 11.477 11.588 11.699 11.810 11.922 12.033 12.144 12.256 12.367 12.478 12.701 12.701 12.812 12.923 13.060
8.487 8.493 8.499 8.505 8.494 8.482 8.469 8.457 8.457 8.499 8.530 8.562 8.594 8.625 8.657 8.689 8.720 8.752 8.783 8.803 8.834 8.866 8.898 8.930 8.930 8.994 9.026 9.057 9.086 9.114 9.143 9.203 9.243 9.274 9.305 9.337 9.368 9.399 9.430 9.462 9.462 9.524 9.556 9.567 9.681 9.796 9.911 10.026 10.141 10.255 10.370 10.485 10.600 10.715 10.830 10.949 11.191 11.191 11.313 11.434 11.555 11.677 11.795 11.908 12.019 12.130 12.242 12.353 12.464 12.569 12.670 12.772 12.975 12.975 13.077 13.179 13.251
8.356 8.363 8.369 8.375 8.381 8.387 8.382 8.375 8.375 8.439 8.470 8.502 8.531 8.560 8.588 8.617 8.645 8.674 8.702 8.718 8.731 8.759 8.787 8.816 8.816 8.872 8.901 8.929 8.958 8.986 9.065 9.232 9.400 9.463 9.494 9.525 9.557 9.588 9.619 9.652 9.652 9.714 9.692 9.652 9.612 9.725 9.839 9.954 10.069 10.184 10.299 10.414 10.528 10.643 10.760 10.876 11.117 11.117 11.238 11.359 11.481 11.602 11.723 11.844 11.967 12.108 12.250 12.359 12.461 12.563 12.665 12.766 12.970 12.970 13.071 13.101 13.106
8.291 8.297 8.304 8.310 8.316 8.322 8.328 8.344 8.344 8.400 8.429 8.457 8.486 8.514 8.543 8.571 8.600 8.628 8.654 8.666 8.677 8.695 8.723 8.752 8.752 8.808 8.837 8.865 8.893 8.922 9.080 9.247 9.415 9.558 9.589 9.620 9.652 9.683 9.714 9.746 9.746 9.781 9.741 9.701 9.661 9.689 9.804 9.919 10.033 10.148 10.263 10.378 10.493 10.609 10.725 10.842 11.079 11.079 11.201 11.322 11.443 11.564 11.686 11.807 11.942 12.083 12.224 12.356 12.457 12.559 12.662 12.763 12.967 12.967 13.035 13.041 13.046
8.226 8.232 8.238 8.244 8.245 8.241 8.236 8.279 8.279 8.355 8.383 8.412 8.440 8.469 8.497 8.526 8.554 8.582 8.602 8.613 8.625 8.637 8.659 8.687 8.687 8.744 8.772 8.801 8.829 8.927 9.095 9.263 9.430 9.598 9.684 9.715 9.747 9.778 9.809 9.840 9.840 9.830 9.790 9.750 9.710 9.670 9.767 9.882 9.998 10.112 10.227 10.342 10.458 10.574 10.690 10.807 11.042 11.042 11.163 11.285 11.406 11.527 11.648 11.777 11.918 12.058 12.199 12.340 12.454 12.556 12.658 12.759 12.963 12.964 12.975 12.981 12.986
8.161 8.162 8.157 8.152 8.148 8.143 8.138 8.199 8.199 8.309 8.338 8.366 8.395 8.423 8.451 8.480 8.508 8.537 8.550 8.561 8.573 8.585 8.597 8.623 8.623 8.680 8.708 8.737 8.775 8.942 9.110 9.278 9.445 9.613 9.779 9.810 9.842 9.873 9.904 9.935 9.935 9.880 9.840 9.799 9.759 9.719 9.731 9.846 9.961 10.076 10.190 10.305 10.423 10.539 10.656 10.772 11.005 11.005 11.126 11.247 11.368 11.490 11.611 11.752 11.893 12.033 12.174 12.315 12.452 12.553 12.655 12.757 12.908 12.908 12.914 12.920 12.926
8.069 8.064 8.059 8.055 8.050 8.045 8.057 8.120 8.120 8.245 8.292 8.320 8.349 8.377 8.406 8.434 8.463 8.486 8.497 8.509 8.521 8.533 8.545 8.559 8.559 8.616 8.644 8.672 8.790 8.957 9.125 9.293 9.461 9.628 9.796 9.905 9.936 9.968 9.999 10.010 10.010 9.929 9.889 9.849 9.809 9.769 9.728 9.810 9.925 10.040 10.155 10.271 10.387 10.503 10.620 10.736 10.970 10.970 11.089 11.210 11.331 11.452 11.586 11.727 11.868 12.008 12.149 12.290 12.431 12.550 12.652 12.754 12.848 12.848 12.854 12.860 12.865
7.971 7.966 7.962 7.957 7.952 7.948 7.978 8.041 8.041 8.166 8.229 8.275 8.303 8.332 8.360 8.389 8.417 8.433 8.445 8.457 8.469 8.481 8.493 8.505 8.505 8.552 8.580 8.637 8.805 8.972 9.140 9.308 9.476 9.643 9.811 9.979 10.031 10.063 10.094 10.059 10.059 9.979 9.938 9.898 9.858 9.818 9.778 9.774 9.889 10.004 10.119 10.236 10.352 10.469 10.585 10.702 10.935 10.935 11.051 11.171 11.294 11.420 11.561 11.702 11.843 11.983 12.124 12.265 12.406 12.547 12.649 12.751 12.788 12.788 12.794 12.800 12.805
7.873 7.869 7.864 7.859 7.855 7.850 7.898 7.961 7.961 8.087 8.149 8.212 8.258 8.286 8.314 8.343 8.369 8.381 8.393 8.405 8.417 8.429 8.441 8.453 8.453 8.487 8.516 8.652 8.820 8.987 9.155 9.322 9.490 9.657 9.825 9.993 10.125 10.158 10.148 10.108 10.108 10.028 9.988 9.948 9.908 9.867 9.827 9.787 9.853 9.968 10.085 10.201 10.318 10.434 10.550 10.667 10.900 10.900 11.016 11.134 11.255 11.394 11.535 11.677 11.818 11.959 12.099 12.240 12.381 12.522 12.646 12.717 12.728 12.728 12.734 12.740 12.745
7.776 7.771 7.766 7.762 7.757 7.756 7.819 7.882 7.882 8.007 8.070 8.133 8.196 8.240 8.269 8.297 8.317 8.329 8.341 8.353 8.365 8.377 8.389 8.400 8.400 8.424 8.499 8.667 8.835 9.002 9.170 9.337 9.505 9.673 9.840 10.008 10.176 10.237 10.197 10.157 10.157 10.076 10.037 9.997 9.957 9.917 9.877 9.836 9.818 9.934 10.050 10.166 10.283 10.399 10.516 10.632 10.865 10.865 10.982 11.098 11.228 11.369 11.510 11.651 11.792 11.933 12.073 12.215 12.355 12.493 12.631 12.645 12.655 12.655 12.659 12.664 12.668
7.678 7.673 7.668 7.664 7.659 7.677 7.740 7.803 7.803 7.928 7.991 8.053 8.116 8.179 8.223 8.252 8.265 8.277 8.289 8.301 8.313 8.325 8.336 8.377 8.377 8.461 8.582 8.750 8.919 9.087 9.256 9.424 9.593 9.761 9.929 10.098 10.266 10.240 10.200 10.160 10.160 10.080 10.040 10.000 9.960 9.920 9.880 9.841 9.821 9.899 10.016 10.132 10.249 10.365 10.482 10.598 10.831 10.831 10.948 11.054 11.098 11.236 11.374 11.512 11.650 11.788 11.926 12.064 12.202 12.340 12.408 12.413 12.422 12.422 12.427 12.431 12.436
7.580 7.576 7.571 7.566 7.561 7.598 7.661 7.723 7.723 7.849 7.911 7.974 8.037 8.100 8.162 8.201 8.217 8.259 8.301 8.343 8.385 8.427 8.468 8.510 8.510 8.624 8.734 8.889 9.057 9.226 9.394 9.563 9.731 9.900 10.068 10.236 10.277 10.220 10.173 10.133 10.133 10.053 10.013 9.973 9.933 9.893 9.853 9.813 9.838 9.867 9.982 10.098 10.215 10.331 10.448 10.564 10.797 10.797 10.914 10.970 10.998 11.084 11.222 11.360 11.498 11.636 11.774 11.912 12.050 12.169 12.174 12.180 12.189 12.189 12.194 12.199 12.203
7.484 7.478 7.473 7.468 7.464 7.518 7.581 7.644 7.644 7.769 7.832 7.895 7.957 8.068 8.185 8.287 8.351 8.392 8.434 8.476 8.518 8.560 8.602 8.643 8.643 8.794 8.905 9.027 9.196 9.364 9.533 9.701 9.870 10.038 10.207 10.317 10.260 10.203 10.147 10.107 10.107 10.027 9.987 9.947 9.907 9.867 9.827 9.826 9.855 9.885 9.947 10.064 10.180 10.297 10.414 10.531 10.763 10.763 10.857 10.885 10.914 10.943 11.070 11.208 11.346 11.484 11.622 11.760 11.898 11.936 11.941 11.947 11.957 11.957 11.961 11.966 11.970
7.391 7.382 7.375 7.371 7.376 7.439 7.502 7.564 7.564 7.690 7.806 7.924 8.042 8.159 8.277 8.373 8.460 8.526 8.568 8.609 8.651 8.693 8.735 8.777 8.777 8.964 9.075 9.186 9.333 9.502 9.670 9.839 10.008 10.177 10.345 10.299 10.242 10.185 10.128 10.080 10.080 10.000 9.960 9.920 9.880 9.840 9.814 9.844 9.873 9.903 9.932 10.030 10.146 10.263 10.379 10.496 10.729 10.729 10.772 10.801 10.830 10.859 10.918 11.056 11.194 11.332 11.470 11.608 11.698 11.703 11.709 11.714 11.724 11.724 11.729 11.733 11.738
7.298 7.289 7.280 7.273 7.297 7.360 7.427 7.545 7.545 7.780 7.898 8.016 8.133 8.251 8.369 8.458 8.546 8.633 8.701 8.743 8.784 8.826 8.868 8.913 8.913 9.134 9.245 9.356 9.472 9.640 9.809 9.977 10.146 10.314 10.337 10.281 10.224 10.168 10.111 10.054 10.054 9.974 9.934 9.894 9.854 9.814 9.832 9.861 9.891 9.920 9.950 9.996 10.113 10.229 10.345 10.462 10.659 10.659 10.688 10.716 10.745 10.774 10.803 10.904 11.042 11.180 11.318 11.456 11.465 11.471 11.476 11.481 11.492 11.492 11.496 11.501 11.505
7.298 7.289 7.279 7.273 7.297 7.359 7.427 7.545 7.545 7.780 7.898 8.015 8.133 8.251 8.368 8.458 8.545 8.633 8.701 8.742 8.784 8.826 8.868 8.913 8.913 9.134 9.245 9.356 9.472 9.640 9.809 9.977 10.146 10.314 10.337 10.281 10.224 10.167 10.110 10.053 10.053 9.974 9.934 9.894 9.854 9.814 9.832 9.861 9.891 9.920 9.950 9.996 10.113 10.229 10.345 10.462 10.659 10.659 10.688 10.716 10.745 10.774 10.802 10.903 11.041 11.179 11.318 11.456 11.465 11.471 11.476 11.481 11.492 11.492 11.496 11.501 11.505
7.205 7.196 7.186 7.203 7.283 7.401 7.518 7.636 7.636 7.872 7.989 8.107 8.225 8.342 8.456 8.544 8.631 8.718 8.805 8.876 8.918 8.959 9.001 9.083 9.083 9.304 9.415 9.526 9.637 9.779 9.947 10.116 10.284 10.377 10.320 10.263 10.206 10.149 10.092 10.036 10.036 9.947 9.907 9.867 9.827 9.819 9.850 9.879 9.908 9.938 9.967 9.997 10.079 10.195 10.312 10.428 10.575 10.575 10.604 10.632 10.661 10.689 10.718 10.751 10.889 11.027 11.165 11.226 11.231 11.237 11.242 11.248 11.259 11.259 11.264 11.269 11.273
7.213 7.272 7.330 7.389 7.437 7.492 7.610 7.728 7.728 7.963 8.081 8.198 8.316 8.434 8.542 8.629 8.717 8.804 8.891 8.978 9.051 9.093 9.142 9.253 9.253 9.475 9.586 9.696 9.807 9.918 10.086 10.255 10.416 10.359 10.302 10.246 10.189 10.132 10.075 10.018 10.018 9.920 9.880 9.840 9.807 9.837 9.866 9.896 9.925 9.955 9.985 10.015 10.045 10.161 10.278 10.394 10.491 10.491 10.519 10.548 10.577 10.605 10.634 10.663 10.737 10.875 10.988 10.993 10.999 11.004 11.009 11.015 11.025 11.025 11.031 11.036 11.041
7.586 7.644 7.703 7.757 7.804 7.851 7.898 7.946 7.946 8.146 8.264 8.382 8.499 8.617 8.713 8.801 8.888 8.975 9.062 9.150 9.238 9.381 9.498 9.606 9.606 9.821 9.928 10.036 10.148 10.259 10.370 10.438 10.381 10.324 10.267 10.211 10.154 10.097 10.040 9.983 9.983 9.869 9.827 9.813 9.843 9.872 9.902 9.931 9.961 9.990 10.020 10.049 10.078 10.108 10.210 10.265 10.323 10.323 10.351 10.380 10.409 10.437 10.466 10.494 10.516 10.534 10.540 10.546 10.552 10.558 10.563 10.569 10.581 10.581 10.587 10.574 10.485
7.772 7.831 7.889 7.940 7.987 8.035 8.082 8.129 8.129 8.238 8.356 8.473 8.591 8.709 8.799 8.886 8.974 9.061 9.148 9.288 9.432 9.575 9.699 9.806 9.806 10.021 10.129 10.236 10.344 10.451 10.486 10.381 10.331 10.279 10.228 10.176 10.125 10.073 10.021 9.966 9.966 9.852 9.802 9.831 9.861 9.890 9.919 9.949 9.978 10.008 10.037 10.067 10.096 10.124 10.148 10.170 10.214 10.214 10.236 10.259 10.281 10.303 10.325 10.347 10.369 10.388 10.400 10.406 10.412 10.418 10.423 10.429 10.441 10.441 10.441 10.396 10.319
7.958 8.017 8.075 8.123 8.171 8.218 8.265 8.313 8.313 8.407 8.455 8.565 8.683 8.797 8.885 8.972 9.059 9.195 9.339 9.482 9.626 9.769 9.900 10.007 10.007 10.222 10.330 10.437 10.545 10.585 10.438 10.296 10.244 10.193 10.141 10.090 10.038 9.988 9.936 9.885 9.885 9.782 9.739 9.753 9.779 9.805 9.831 9.857 9.883 9.909 9.935 9.961 9.987 10.013 10.016 10.023 10.066 10.066 10.088 10.110 10.132 10.154 10.176 10.198 10.220 10.239 10.257 10.266 10.272 10.277 10.283 10.289 10.301 10.301 10.261 10.216 10.154
8.144 8.203 8.259 8.307 8.354 8.401 8.449 8.496 8.496 8.591 8.638 8.685 8.774 8.883 8.970 9.102 9.246 9.389 9.533 9.676 9.820 9.963 10.101 10.208 10.208 10.423 10.530 10.638 10.685 10.537 10.389 10.242 10.159 10.107 10.056 10.004 9.953 9.901 9.850 9.798 9.798 9.702 9.662 9.641 9.667 9.694 9.720 9.746 9.772 9.798 9.824 9.850 9.876 9.894 9.890 9.886 9.919 9.919 9.941 9.963 9.985 10.007 10.029 10.051 10.070 10.089 10.107 10.125 10.130 10.137 10.143 10.149 10.127 10.127 10.082 10.036 9.989
8.331 8.389 8.443 8.490 8.537 8.585 8.632 8.679 8.679 8.774 8.821 8.869 8.916 9.009 9.152 9.295 9.439 9.583 9.727 9.870 10.013 10.157 10.300 10.409 10.409 10.624 10.731 10.784 10.636 10.489 10.341 10.193 10.074 10.022 9.971 9.919 9.868 9.816 9.764 9.713 9.713 9.626 9.585 9.545 9.555 9.581 9.607 9.634 9.660 9.686 9.713 9.739 9.765 9.768 9.764 9.760 9.772 9.772 9.794 9.816 9.838 9.860 9.881 9.903 9.921 9.940 9.958 9.977 9.990 9.996 10.002 10.008 9.946 9.946 9.901 9.855 9.811
