includes/camargue/floodfiles/results_R4_t1.562344205135E12/res-0009.wd
ncols         906
nrows         631
xllcorner     362177.146667
yllcorner     6534725.688020
cellsize      20.000000
NODATA_value  -9999.000000
[rows 544 to 577 of 631, columns 539 to 615 of 906]
0.042 0.034 0.037 0.042 0.051 0.067 0.087 0.108 0.116 0.102 0.088 0.074 0.060 0.046 0.033 0.022 0.014 0.016 0.005 0.005 0.003 0.002 0.003 0.004 0.005 0.006 0.008 0.010 0.012 0.014 0.017 0.020 0.023 0.017 0.020 0.017 0.018 0.019 0.020 0.022 0.023 0.025 0.027 0.032 0.039 0.047 0.059 0.077 0.098 0.098 0.093 0.089 0.085 0.081 0.077 0.079 0.081 0.083 0.085 0.086 0.087 0.086 0.087 0.088 0.087 0.075 0.062 0.066 0.073 0.084 0.108 0.158 0.226 0.302 0.379 0.446 0.512
0.041 0.033 0.037 0.042 0.053 0.069 0.090 0.111 0.117 0.104 0.090 0.076 0.062 0.048 0.035 0.023 0.014 0.015 0.007 0.006 0.005 0.002 0.003 0.004 0.006 0.007 0.008 0.010 0.012 0.014 0.017 0.019 0.023 0.017 0.020 0.017 0.018 0.019 0.020 0.021 0.023 0.026 0.031 0.035 0.040 0.049 0.063 0.082 0.103 0.102 0.099 0.094 0.090 0.085 0.081 0.078 0.074 0.074 0.076 0.078 0.078 0.077 0.077 0.075 0.069 0.051 0.059 0.066 0.081 0.115 0.173 0.246 0.322 0.400 0.478 0.547 0.613
0.041 0.033 0.037 0.043 0.054 0.072 0.092 0.113 0.118 0.104 0.090 0.076 0.063 0.048 0.034 0.024 0.019 0.019 0.010 0.008 0.006 0.003 0.004 0.005 0.007 0.008 0.009 0.010 0.012 0.014 0.017 0.019 0.023 0.017 0.020 0.017 0.018 0.019 0.020 0.022 0.025 0.029 0.032 0.035 0.041 0.051 0.067 0.085 0.106 0.106 0.104 0.099 0.094 0.090 0.085 0.080 0.076 0.072 0.068 0.067 0.068 0.066 0.063 0.053 0.060 0.039 0.059 0.079 0.123 0.190 0.265 0.342 0.421 0.499 0.578 0.648 0.714
0.040 0.033 0.037 0.043 0.056 0.073 0.093 0.114 0.118 0.104 0.090 0.076 0.061 0.047 0.039 0.031 0.024 0.023 0.015 0.011 0.008 0.004 0.006 0.007 0.008 0.009 0.010 0.011 0.013 0.014 0.016 0.019 0.023 0.017 0.020 0.017 0.018 0.019 0.021 0.025 0.027 0.029 0.032 0.036 0.043 0.054 0.069 0.088 0.109 0.108 0.107 0.102 0.097 0.092 0.088 0.083 0.078 0.073 0.068 0.062 0.056 0.049 0.039 0.046 0.062 0.040 0.079 0.135 0.208 0.285 0.363 0.441 0.520 0.599 0.678 0.749 0.815
0.040 0.033 0.037 0.044 0.056 0.073 0.093 0.114 0.117 0.102 0.088 0.072 0.062 0.053 0.045 0.037 0.030 0.028 0.019 0.015 0.011 0.006 0.007 0.008 0.009 0.010 0.011 0.012 0.013 0.015 0.017 0.019 0.023 0.017 0.020 0.017 0.018 0.021 0.024 0.026 0.027 0.030 0.033 0.037 0.044 0.056 0.072 0.091 0.111 0.110 0.111 0.105 0.100 0.095 0.089 0.084 0.078 0.072 0.065 0.057 0.044 0.036 0.038 0.045 0.070 0.051 0.151 0.227 0.305 0.383 0.462 0.541 0.620 0.698 0.777 0.850 0.916
0.040 0.033 0.037 0.044 0.057 0.073 0.093 0.113 0.114 0.098 0.087 0.078 0.069 0.060 0.051 0.043 0.035 0.034 0.024 0.019 0.014 0.008 0.009 0.010 0.011 0.011 0.012 0.013 0.014 0.016 0.018 0.020 0.023 0.017 0.020 0.018 0.022 0.023 0.025 0.026 0.028 0.030 0.034 0.039 0.046 0.058 0.074 0.092 0.112 0.112 0.113 0.108 0.102 0.096 0.090 0.084 0.077 0.069 0.059 0.042 0.039 0.039 0.042 0.060 0.109 0.102 0.247 0.325 0.404 0.483 0.561 0.640 0.719 0.798 0.877 0.951 1.017
0.040 0.033 0.037 0.045 0.057 0.073 0.092 0.111 0.112 0.104 0.095 0.086 0.076 0.067 0.059 0.050 0.042 0.040 0.029 0.023 0.018 0.011 0.011 0.012 0.012 0.013 0.014 0.015 0.016 0.017 0.019 0.021 0.024 0.019 0.024 0.021 0.022 0.024 0.025 0.027 0.029 0.032 0.035 0.040 0.049 0.060 0.076 0.094 0.114 0.113 0.115 0.109 0.103 0.096 0.089 0.081 0.072 0.059 0.041 0.042 0.043 0.048 0.068 0.125 0.198 0.197 0.349 0.426 0.503 0.582 0.661 0.740 0.819 0.898 0.977 1.052 1.119
0.041 0.034 0.038 0.046 0.058 0.074 0.092 0.107 0.115 0.115 0.106 0.096 0.087 0.077 0.068 0.058 0.050 0.047 0.035 0.029 0.022 0.014 0.014 0.014 0.015 0.015 0.016 0.016 0.017 0.019 0.021 0.024 0.029 0.025 0.027 0.020 0.023 0.025 0.027 0.029 0.031 0.034 0.037 0.043 0.051 0.062 0.077 0.095 0.114 0.113 0.116 0.110 0.102 0.095 0.085 0.074 0.057 0.048 0.047 0.050 0.063 0.096 0.150 0.224 0.300 0.300 0.453 0.530 0.607 0.684 0.761 0.840 0.919 0.998 1.077 1.154 1.220
0.043 0.035 0.040 0.049 0.061 0.075 0.090 0.104 0.112 0.114 0.115 0.111 0.100 0.090 0.079 0.069 0.060 0.056 0.043 0.036 0.028 0.018 0.017 0.017 0.017 0.018 0.018 0.019 0.021 0.023 0.028 0.035 0.035 0.034 0.027 0.020 0.023 0.025 0.028 0.031 0.034 0.036 0.040 0.046 0.054 0.065 0.079 0.096 0.114 0.112 0.116 0.109 0.100 0.090 0.077 0.056 0.054 0.056 0.064 0.090 0.136 0.192 0.252 0.328 0.405 0.405 0.558 0.635 0.712 0.789 0.866 0.943 1.019 1.098 1.177 1.255 1.321
0.046 0.038 0.044 0.052 0.062 0.075 0.088 0.103 0.110 0.113 0.114 0.115 0.115 0.106 0.094 0.083 0.073 0.068 0.054 0.045 0.036 0.025 0.023 0.022 0.022 0.022 0.023 0.025 0.029 0.037 0.042 0.039 0.036 0.036 0.029 0.021 0.024 0.027 0.030 0.033 0.036 0.040 0.044 0.049 0.057 0.067 0.081 0.097 0.114 0.111 0.115 0.106 0.094 0.077 0.060 0.061 0.067 0.087 0.127 0.180 0.238 0.297 0.357 0.433 0.509 0.509 0.663 0.740 0.817 0.894 0.971 1.047 1.124 1.201 1.278 1.356 1.429
0.051 0.043 0.047 0.054 0.064 0.075 0.089 0.103 0.109 0.112 0.114 0.115 0.116 0.115 0.113 0.101 0.090 0.084 0.069 0.059 0.048 0.035 0.032 0.030 0.030 0.031 0.034 0.041 0.050 0.048 0.045 0.043 0.040 0.040 0.032 0.024 0.026 0.029 0.032 0.035 0.039 0.043 0.047 0.054 0.061 0.071 0.083 0.097 0.114 0.109 0.113 0.100 0.079 0.071 0.075 0.089 0.121 0.170 0.226 0.285 0.344 0.403 0.463 0.537 0.614 0.614 0.768 0.845 0.922 0.999 1.075 1.152 1.229 1.306 1.383 1.483 1.553
0.056 0.048 0.052 0.058 0.067 0.078 0.090 0.104 0.110 0.113 0.115 0.117 0.118 0.118 0.117 0.116 0.111 0.105 0.089 0.078 0.066 0.052 0.049 0.047 0.048 0.051 0.058 0.060 0.057 0.054 0.052 0.049 0.046 0.045 0.037 0.028 0.031 0.034 0.037 0.040 0.044 0.048 0.052 0.058 0.065 0.075 0.086 0.099 0.113 0.108 0.109 0.090 0.095 0.105 0.127 0.166 0.217 0.273 0.331 0.390 0.450 0.510 0.569 0.642 0.719 0.719 0.873 0.950 1.026 1.103 1.180 1.257 1.334 1.418 1.517 1.617 1.691
0.047 0.040 0.043 0.049 0.056 0.066 0.078 0.091 0.096 0.100 0.102 0.104 0.105 0.105 0.105 0.105 0.100 0.094 0.078 0.067 0.055 0.042 0.039 0.038 0.039 0.044 0.051 0.053 0.050 0.047 0.044 0.042 0.039 0.038 0.031 0.023 0.025 0.028 0.031 0.034 0.037 0.040 0.045 0.050 0.056 0.064 0.074 0.085 0.097 0.090 0.088 0.065 0.069 0.085 0.115 0.160 0.214 0.272 0.330 0.390 0.449 0.509 0.569 0.642 0.719 0.719 0.872 0.949 1.026 1.103 1.180 1.257 1.334 1.417 1.517 1.617 1.691
0.046 0.039 0.042 0.047 0.054 0.064 0.075 0.087 0.093 0.096 0.098 0.100 0.101 0.102 0.102 0.102 0.101 0.093 0.088 0.074 0.061 0.046 0.043 0.044 0.050 0.057 0.054 0.052 0.049 0.047 0.044 0.041 0.039 0.038 0.031 0.023 0.025 0.028 0.031 0.034 0.037 0.040 0.044 0.049 0.054 0.061 0.069 0.077 0.088 0.077 0.072 0.080 0.104 0.147 0.201 0.258 0.317 0.376 0.436 0.496 0.556 0.616 0.675 0.747 0.823 0.823 0.977 1.054 1.131 1.208 1.285 1.362 1.452 1.551 1.651 1.750 1.829
0.043 0.035 0.039 0.043 0.050 0.059 0.070 0.083 0.087 0.090 0.093 0.095 0.096 0.097 0.097 0.096 0.095 0.085 0.086 0.078 0.061 0.043 0.043 0.052 0.051 0.051 0.050 0.048 0.046 0.044 0.042 0.039 0.036 0.036 0.029 0.021 0.023 0.026 0.029 0.032 0.035 0.038 0.042 0.045 0.050 0.054 0.057 0.060 0.066 0.053 0.095 0.135 0.187 0.244 0.303 0.363 0.422 0.482 0.542 0.602 0.662 0.722 0.782 0.851 0.928 0.928 1.082 1.159 1.236 1.313 1.390 1.486 1.585 1.685 1.785 1.884 1.968
0.047 0.040 0.044 0.049 0.056 0.065 0.077 0.090 0.094 0.097 0.100 0.101 0.102 0.103 0.102 0.101 0.098 0.087 0.083 0.068 0.055 0.076 0.040 0.040 0.048 0.052 0.053 0.053 0.052 0.050 0.047 0.045 0.042 0.042 0.034 0.026 0.028 0.031 0.035 0.038 0.041 0.044 0.047 0.050 0.051 0.048 0.051 0.073 0.117 0.109 0.238 0.306 0.374 0.443 0.511 0.575 0.636 0.695 0.756 0.815 0.876 0.935 0.995 1.061 1.138 1.138 1.292 1.369 1.455 1.555 1.654 1.754 1.854 1.953 2.053 2.153 2.244
0.043 0.037 0.042 0.047 0.055 0.064 0.075 0.088 0.092 0.095 0.097 0.098 0.099 0.098 0.096 0.093 0.089 0.074 0.059 0.061 0.065 0.104 0.050 0.037 0.032 0.039 0.046 0.048 0.049 0.048 0.046 0.044 0.041 0.041 0.034 0.026 0.028 0.032 0.035 0.038 0.041 0.044 0.045 0.045 0.039 0.046 0.068 0.118 0.185 0.182 0.322 0.391 0.459 0.528 0.597 0.666 0.735 0.802 0.862 0.922 0.982 1.042 1.102 1.166 1.243 1.243 1.397 1.489 1.589 1.689 1.788 1.888 1.988 2.087 2.187 2.286 2.383
0.036 0.032 0.038 0.044 0.052 0.062 0.073 0.085 0.088 0.091 0.093 0.093 0.093 0.090 0.086 0.077 0.067 0.048 0.059 0.065 0.085 0.144 0.079 0.043 0.034 0.032 0.029 0.038 0.043 0.044 0.044 0.042 0.040 0.040 0.033 0.026 0.028 0.032 0.035 0.038 0.041 0.041 0.038 0.035 0.043 0.069 0.124 0.193 0.265 0.265 0.407 0.476 0.545 0.614 0.682 0.751 0.820 0.889 0.958 1.027 1.089 1.149 1.209 1.271 1.348 1.348 1.524 1.623 1.723 1.823 1.922 2.022 2.122 2.221 2.321 2.420 2.520
0.021 0.021 0.031 0.039 0.048 0.058 0.069 0.081 0.084 0.086 0.087 0.086 0.082 0.075 0.062 0.062 0.072 0.047 0.068 0.094 0.148 0.217 0.150 0.087 0.048 0.035 0.030 0.030 0.027 0.035 0.039 0.039 0.037 0.037 0.031 0.025 0.027 0.031 0.034 0.037 0.037 0.032 0.033 0.042 0.073 0.133 0.204 0.276 0.349 0.349 0.493 0.561 0.630 0.699 0.768 0.837 0.906 0.975 1.044 1.112 1.181 1.250 1.315 1.376 1.458 1.458 1.658 1.757 1.857 1.957 2.056 2.156 2.256 2.355 2.455 2.554 2.654
0.013 0.018 0.016 0.030 0.041 0.052 0.064 0.076 0.078 0.079 0.077 0.072 0.061 0.056 0.059 0.064 0.081 0.057 0.123 0.188 0.260 0.326 0.260 0.194 0.128 0.072 0.042 0.032 0.027 0.026 0.025 0.031 0.033 0.034 0.028 0.023 0.025 0.029 0.032 0.031 0.026 0.031 0.043 0.079 0.144 0.215 0.288 0.361 0.434 0.434 0.578 0.647 0.716 0.785 0.853 0.922 0.991 1.060 1.129 1.198 1.267 1.336 1.404 1.496 1.593 1.593 1.791 1.891 1.991 2.090 2.190 2.290 2.389 2.489 2.589 2.688 2.788
0.012 0.021 0.016 0.017 0.027 0.043 0.056 0.067 0.069 0.067 0.058 0.051 0.054 0.057 0.064 0.081 0.122 0.111 0.241 0.314 0.386 0.449 0.383 0.317 0.251 0.185 0.121 0.066 0.037 0.028 0.024 0.021 0.021 0.024 0.023 0.019 0.023 0.026 0.024 0.024 0.029 0.043 0.087 0.154 0.226 0.299 0.372 0.445 0.519 0.519 0.663 0.732 0.801 0.870 0.939 1.008 1.077 1.146 1.214 1.283 1.352 1.421 1.523 1.638 1.738 1.738 1.929 2.025 2.125 2.224 2.324 2.424 2.523 2.623 2.723 2.822 2.922
0.015 0.026 0.019 0.020 0.022 0.023 0.041 0.053 0.051 0.042 0.048 0.051 0.057 0.071 0.103 0.160 0.229 0.227 0.371 0.444 0.516 0.576 0.510 0.444 0.377 0.311 0.245 0.180 0.116 0.060 0.032 0.022 0.017 0.024 0.013 0.014 0.017 0.017 0.020 0.027 0.045 0.096 0.165 0.238 0.311 0.384 0.457 0.530 0.604 0.604 0.749 0.818 0.887 0.956 1.025 1.093 1.162 1.231 1.300 1.369 1.438 1.550 1.665 1.780 1.883 1.883 2.074 2.169 2.265 2.360 2.458 2.558 2.657 2.757 2.857 2.956 3.056
0.060 0.065 0.032 0.025 0.024 0.024 0.026 0.025 0.036 0.041 0.049 0.061 0.091 0.145 0.213 0.285 0.357 0.357 0.502 0.575 0.648 0.703 0.637 0.571 0.505 0.439 0.373 0.307 0.241 0.175 0.111 0.055 0.026 0.033 0.009 0.006 0.010 0.015 0.023 0.047 0.105 0.176 0.249 0.322 0.395 0.469 0.542 0.615 0.689 0.689 0.834 0.903 0.972 1.041 1.110 1.179 1.248 1.317 1.386 1.463 1.577 1.692 1.807 1.922 2.028 2.028 2.219 2.315 2.410 2.505 2.601 2.696 2.792 2.891 2.991 3.090 3.190
0.200 0.201 0.137 0.078 0.041 0.028 0.024 0.020 0.031 0.046 0.076 0.131 0.199 0.271 0.343 0.415 0.488 0.488 0.634 0.706 0.779 0.831 0.765 0.699 0.633 0.567 0.500 0.434 0.368 0.302 0.236 0.171 0.106 0.107 0.017 0.010 0.013 0.019 0.051 0.115 0.187 0.260 0.333 0.407 0.480 0.554 0.627 0.700 0.774 0.774 0.920 0.989 1.058 1.127 1.195 1.264 1.333 1.402 1.490 1.605 1.720 1.835 1.949 2.064 2.173 2.173 2.364 2.460 2.555 2.651 2.746 2.842 2.937 3.032 3.128 3.224 3.324
0.349 0.349 0.285 0.221 0.170 0.129 0.088 0.074 0.104 0.134 0.184 0.256 0.329 0.401 0.474 0.547 0.620 0.620 0.765 0.838 0.911 0.960 0.893 0.827 0.761 0.695 0.628 0.562 0.496 0.430 0.364 0.298 0.231 0.232 0.165 0.144 0.146 0.169 0.193 0.216 0.271 0.345 0.418 0.492 0.565 0.638 0.712 0.785 0.859 0.859 1.005 1.074 1.143 1.212 1.281 1.350 1.419 1.517 1.632 1.747 1.862 1.977 2.092 2.207 2.319 2.319 2.510 2.605 2.701 2.796 2.891 2.987 3.082 3.178 3.273 3.369 3.464
0.499 0.499 0.446 0.403 0.360 0.318 0.275 0.265 0.297 0.328 0.360 0.392 0.460 0.533 0.606 0.679 0.751 0.752 0.897 0.970 1.043 1.088 1.022 0.955 0.889 0.823 0.757 0.691 0.624 0.558 0.492 0.433 0.412 0.412 0.368 0.347 0.346 0.370 0.393 0.417 0.441 0.465 0.503 0.577 0.650 0.724 0.797 0.870 0.944 0.944 1.090 1.160 1.229 1.298 1.367 1.435 1.544 1.659 1.774 1.889 2.004 2.119 2.234 2.349 2.464 2.464 2.655 2.750 2.846 2.941 3.037 3.132 3.227 3.323 3.418 3.514 3.572
0.680 0.680 0.637 0.595 0.552 0.509 0.466 0.463 0.494 0.526 0.557 0.589 0.620 0.665 0.738 0.811 0.883 0.883 1.029 1.102 1.175 1.216 1.150 1.084 1.017 0.951 0.885 0.819 0.752 0.686 0.659 0.637 0.615 0.615 0.572 0.550 0.547 0.571 0.595 0.618 0.642 0.666 0.689 0.713 0.737 0.808 0.882 0.955 1.029 1.029 1.175 1.245 1.314 1.383 1.457 1.572 1.686 1.801 1.916 2.031 2.146 2.261 2.376 2.491 2.606 2.606 2.800 2.896 2.991 3.086 3.182 3.277 3.373 3.468 3.564 3.608 3.631
0.872 0.872 0.829 0.786 0.743 0.701 0.658 0.660 0.691 0.723 0.754 0.786 0.818 0.849 0.881 0.943 1.015 1.015 1.161 1.234 1.307 1.344 1.278 1.212 1.146 1.079 1.013 0.947 0.906 0.884 0.862 0.841 0.819 0.819 0.776 0.754 0.749 0.772 0.796 0.820 0.843 0.867 0.891 0.914 0.938 0.961 0.985 1.040 1.114 1.114 1.260 1.331 1.400 1.484 1.599 1.714 1.829 1.944 2.059 2.173 2.288 2.403 2.518 2.633 2.748 2.748 2.945 3.041 3.136 3.232 3.327 3.423 3.518 3.613 3.645 3.668 3.691
0.872 0.872 0.829 0.786 0.743 0.701 0.658 0.660 0.691 0.723 0.754 0.786 0.818 0.849 0.881 0.942 1.015 1.015 1.161 1.234 1.307 1.344 1.278 1.212 1.146 1.079 1.013 0.947 0.906 0.884 0.862 0.840 0.819 0.819 0.776 0.754 0.748 0.772 0.796 0.819 0.843 0.867 0.890 0.914 0.937 0.961 0.985 1.040 1.113 1.114 1.260 1.330 1.399 1.484 1.599 1.713 1.828 1.943 2.058 2.173 2.288 2.403 2.518 2.633 2.748 2.748 2.945 3.041 3.136 3.232 3.327 3.422 3.518 3.613 3.645 3.668 3.690
1.063 1.063 1.020 0.978 0.935 0.892 0.850 0.857 0.889 0.920 0.952 0.983 1.015 1.046 1.078 1.110 1.147 1.147 1.293 1.366 1.438 1.473 1.406 1.340 1.274 1.208 1.153 1.131 1.109 1.087 1.066 1.044 1.022 1.022 0.979 0.957 0.950 0.973 0.997 1.021 1.044 1.068 1.091 1.115 1.139 1.162 1.186 1.209 1.233 1.233 1.345 1.416 1.511 1.626 1.741 1.856 1.971 2.086 2.200 2.315 2.430 2.545 2.660 2.775 2.890 2.890 3.090 3.186 3.281 3.377 3.472 3.568 3.658 3.681 3.704 3.727 3.750
1.255 1.255 1.212 1.169 1.127 1.084 1.041 1.054 1.086 1.117 1.149 1.181 1.212 1.244 1.275 1.307 1.339 1.339 1.425 1.497 1.570 1.601 1.535 1.468 1.402 1.378 1.356 1.334 1.313 1.291 1.269 1.248 1.226 1.226 1.183 1.161 1.151 1.174 1.198 1.222 1.245 1.269 1.293 1.316 1.340 1.363 1.387 1.410 1.434 1.434 1.481 1.539 1.653 1.768 1.883 1.998 2.113 2.228 2.343 2.458 2.572 2.687 2.802 2.917 3.032 3.032 3.236 3.331 3.427 3.522 3.617 3.695 3.718 3.741 3.763 3.786 3.809
1.638 1.638 1.596 1.553 1.510 1.467 1.425 1.449 1.481 1.512 1.544 1.575 1.607 1.638 1.670 1.702 1.733 1.733 1.796 1.828 1.860 1.872 1.850 1.829 1.807 1.785 1.764 1.742 1.720 1.699 1.677 1.655 1.633 1.634 1.590 1.569 1.554 1.577 1.601 1.624 1.648 1.672 1.695 1.719 1.742 1.766 1.789 1.813 1.836 1.836 1.848 1.855 1.965 2.075 2.185 2.295 2.405 2.514 2.627 2.742 2.857 2.972 3.087 3.202 3.317 3.317 3.526 3.622 3.717 3.768 3.791 3.814 3.837 3.860 3.883 3.905 3.928
1.830 1.830 1.787 1.745 1.702 1.659 1.617 1.646 1.678 1.710 1.741 1.773 1.804 1.836 1.867 1.899 1.931 1.931 1.994 2.013 2.011 2.021 2.046 2.032 2.011 1.989 1.967 1.946 1.924 1.902 1.880 1.859 1.837 1.837 1.794 1.772 1.755 1.779 1.802 1.826 1.849 1.873 1.896 1.920 1.944 1.967 1.991 2.011 2.017 2.018 2.030 2.036 2.123 2.233 2.343 2.453 2.563 2.672 2.782 2.892 3.002 3.114 3.229 3.344 3.459 3.459 3.672 3.767 3.805 3.828 3.851 3.873 3.896 3.919 3.942 3.965 3.988
2.022 2.022 1.979 1.936 1.894 1.851 1.812 1.844 1.875 1.907 1.938 1.970 2.002 2.033 2.065 2.096 2.128 2.128 2.143 2.141 2.139 2.153 2.178 2.203 2.214 2.193 2.171 2.149 2.128 2.106 2.084 2.063 2.041 2.041 1.998 1.976 1.956 1.980 2.003 2.027 2.051 2.074 2.098 2.121 2.145 2.168 2.186 2.193 2.199 2.199 2.211 2.218 2.281 2.391 2.501 2.611 2.721 2.830 2.940 3.050 3.160 3.270 3.380 3.489 3.601 3.601 3.817 3.841 3.864 3.887 3.910 3.933 3.956 3.979 4.001 4.024 4.047
