includes/camargue/floodfiles/results_R4_t1.562344205135E12/res-0012.wdfp
ncols         906
nrows         631
xllcorner     362177.146667
yllcorner     6534725.688020
cellsize      20.000000
NODATA_value  -9999.000000
[rows 408 to 441 of 631, columns 693 to 769 of 906]
0.029 0.027 0.024 0.023 0.024 0.029 0.034 0.038 0.034 0.041 0.041 0.000 0.027 0.015 0.008 0.003 0.001 0.001 0.001 0.001 0.001 0.000 0.000 0.000 0.000 0.000 0.000 0.000 0.000 0.000 0.000 0.000 0.004 0.000 0.000 0.000 0.001 0.043 0.000 0.000 0.000 0.000 0.000 0.000 0.000 0.000 0.000 0.000 0.000 0.000 0.000 0.000 0.000 0.000 0.000 0.000 0.001 0.000 0.000 0.000 0.001 0.000 0.000 0.000 0.000 0.000 0.000 0.000 0.000 0.000 0.000 0.001 0.002 0.001 0.001 0.001 0.001
0.029 0.028 0.027 0.026 0.027 0.031 0.034 0.038 0.035 0.042 0.041 0.030 0.027 0.020 0.014 0.008 0.004 0.002 0.001 0.001 0.000 0.000 0.000 0.000 0.000 0.000 0.000 0.000 0.001 0.001 0.002 0.004 0.004 0.000 0.000 0.406 0.002 0.000 0.000 0.000 0.000 0.000 0.000 0.000 0.000 0.000 0.000 0.000 0.000 0.000 0.000 0.000 0.000 0.000 0.000 0.000 0.001 0.000 0.000 0.001 0.000 0.000 0.000 0.000 0.000 0.000 0.000 0.000 0.000 0.000 0.001 0.000 0.002 0.001 0.001 0.001 0.002
0.033 0.034 0.034 0.034 0.035 0.038 0.041 0.044 0.041 0.049 0.049 0.043 0.037 0.031 0.026 0.022 0.010 0.003 0.001 0.001 0.000 0.001 0.000 0.000 0.001 0.000 0.000 0.000 0.004 0.004 0.005 0.005 0.005 0.000 0.000 0.000 0.405 0.000 0.000 0.000 0.000 0.000 0.000 0.000 0.000 0.000 0.000 0.000 0.000 0.000 0.000 0.000 0.000 0.000 0.000 0.000 0.003 0.001 0.001 0.001 0.001 0.001 0.001 0.002 0.002 0.002 0.002 0.002 0.002 0.002 0.002 0.001 0.005 0.002 0.003 0.003 0.003
0.022 0.023 0.024 0.024 0.025 0.027 0.030 0.033 0.030 0.037 0.038 0.033 0.029 0.024 0.020 0.018 0.007 0.001 0.000 0.000 0.000 0.000 0.000 0.000 0.001 0.000 0.000 0.000 0.003 0.003 0.003 0.003 0.003 0.000 0.000 0.000 0.405 0.000 0.000 0.000 0.000 0.000 0.000 0.000 0.000 0.000 0.000 0.000 0.000 0.000 0.000 0.000 0.000 0.000 0.000 0.000 0.001 0.000 0.000 0.001 0.000 0.000 0.000 0.000 0.000 0.000 0.000 0.000 0.000 0.000 0.001 0.000 0.002 0.001 0.001 0.001 0.001
0.020 0.021 0.022 0.022 0.024 0.026 0.028 0.031 0.028 0.036 0.039 0.035 0.032 0.029 0.026 0.015 0.005 0.001 0.000 0.000 0.000 0.000 0.000 0.000 0.000 0.000 0.000 0.002 0.003 0.003 0.003 0.003 0.003 0.002 0.000 0.000 0.000 0.000 0.000 0.000 0.000 0.000 0.000 0.000 0.000 0.000 0.000 0.000 0.000 0.000 0.000 0.000 0.000 0.000 0.000 0.000 0.001 0.000 0.001 0.000 0.001 0.000 0.000 0.000 0.001 0.001 0.001 0.000 0.000 0.001 0.000 0.000 0.002 0.001 0.001 0.001 0.001
0.017 0.018 0.018 0.019 0.020 0.021 0.023 0.026 0.023 0.032 0.038 0.037 0.035 0.029 0.020 0.010 0.003 0.000 0.000 0.000 0.000 0.000 0.000 0.000 0.001 0.001 0.002 0.002 0.003 0.003 0.003 0.003 0.002 0.002 0.001 0.002 0.002 0.000 0.000 0.001 0.000 0.000 0.000 0.000 0.000 0.000 0.000 0.000 0.000 0.000 0.000 0.000 0.000 0.000 0.000 0.000 0.001 0.000 0.000 0.000 0.000 0.000 0.000 0.001 0.000 0.000 0.000 0.000 0.001 0.000 0.000 0.000 0.002 0.000 0.000 0.001 0.001
0.020 0.021 0.022 0.023 0.025 0.027 0.031 0.034 0.035 0.047 0.051 0.041 0.033 0.025 0.016 0.008 0.002 0.001 0.000 0.000 0.000 0.000 0.000 0.000 0.002 0.000 0.000 0.003 0.003 0.004 0.003 0.003 0.003 0.002 0.002 0.002 0.000 0.000 0.000 0.000 0.000 0.000 0.000 0.000 0.000 0.000 0.000 0.000 0.000 0.000 0.000 0.000 0.000 0.000 0.000 0.000 0.001 0.000 0.000 0.000 0.000 0.000 0.001 0.000 0.000 0.000 0.000 0.000 0.000 0.000 0.000 0.000 0.002 0.001 0.001 0.001 0.001
0.019 0.021 0.022 0.024 0.027 0.031 0.035 0.040 0.044 0.053 0.044 0.035 0.027 0.019 0.011 0.005 0.001 0.000 0.001 0.001 0.000 0.000 0.001 0.001 0.002 0.001 0.002 0.003 0.004 0.004 0.003 0.003 0.003 0.002 0.001 0.001 0.001 0.021 0.031 0.057 0.057 0.000 0.000 0.000 0.000 0.000 0.000 0.000 0.000 0.000 0.000 0.000 0.000 0.000 0.000 0.000 0.001 0.000 0.000 0.000 0.000 0.001 0.000 0.000 0.000 0.000 0.000 0.000 0.001 0.000 0.000 0.000 0.002 0.001 0.001 0.001 0.002
0.019 0.021 0.023 0.027 0.030 0.035 0.041 0.049 0.054 0.045 0.038 0.029 0.022 0.015 0.008 0.003 0.001 0.001 0.000 0.001 0.001 0.000 0.001 0.001 0.002 0.001 0.002 0.003 0.003 0.003 0.003 0.002 0.001 0.001 0.002 0.002 0.002 0.000 0.083 0.000 0.000 0.000 0.000 0.000 0.000 0.001 0.000 0.000 0.000 0.000 0.000 0.000 0.000 0.000 0.000 0.000 0.001 0.000 0.000 0.000 0.000 0.000 0.000 0.000 0.000 0.000 0.000 0.000 0.000 0.000 0.000 0.000 0.003 0.001 0.001 0.002 0.002
0.019 0.022 0.026 0.030 0.036 0.043 0.052 0.054 0.059 0.037 0.031 0.024 0.017 0.011 0.006 0.002 0.000 0.001 0.000 0.001 0.001 0.001 0.001 0.001 0.002 0.001 0.002 0.003 0.003 0.002 0.001 0.002 0.002 0.002 0.000 0.002 0.002 0.002 0.000 0.000 0.000 0.000 0.000 0.000 0.001 0.000 0.000 0.000 0.000 0.000 0.000 0.000 0.000 0.000 0.000 0.000 0.001 0.000 0.000 0.000 0.000 0.000 0.000 0.000 0.000 0.000 0.001 0.001 0.000 0.000 0.000 0.001 0.003 0.001 0.001 0.002 0.002
0.020 0.025 0.030 0.036 0.044 0.054 0.055 0.048 0.054 0.031 0.026 0.019 0.013 0.008 0.004 0.002 0.001 0.001 0.001 0.001 0.001 0.001 0.001 0.001 0.002 0.001 0.002 0.001 0.002 0.002 0.002 0.002 0.002 0.003 0.000 0.000 0.004 0.003 0.000 0.000 0.000 0.000 0.000 0.001 0.000 0.000 0.000 0.000 0.000 0.000 0.000 0.000 0.000 0.000 0.000 0.000 0.001 0.001 0.000 0.000 0.001 0.000 0.000 0.000 0.000 0.000 0.000 0.000 0.000 0.000 0.001 0.000 0.003 0.001 0.002 0.002 0.002
0.023 0.029 0.037 0.046 0.056 0.057 0.050 0.042 0.048 0.025 0.021 0.015 0.010 0.006 0.003 0.002 0.001 0.001 0.001 0.001 0.001 0.001 0.001 0.001 0.002 0.000 0.001 0.001 0.002 0.002 0.002 0.002 0.002 0.002 0.002 0.000 0.000 0.004 0.007 0.009 0.006 0.004 0.002 0.001 0.000 0.001 0.000 0.000 0.000 0.000 0.000 0.000 0.000 0.000 0.000 0.000 0.001 0.000 0.000 0.000 0.001 0.000 0.000 0.000 0.000 0.000 0.000 0.000 0.000 0.000 0.001 0.001 0.003 0.002 0.002 0.002 0.002
0.028 0.037 0.046 0.058 0.057 0.051 0.044 0.037 0.042 0.021 0.016 0.012 0.007 0.004 0.002 0.002 0.001 0.001 0.001 0.001 0.001 0.001 0.000 0.001 0.001 0.000 0.001 0.001 0.001 0.002 0.002 0.002 0.002 0.002 0.003 0.000 0.000 0.051 0.061 0.000 0.000 0.003 0.002 0.001 0.000 0.001 0.000 0.000 0.000 0.000 0.000 0.000 0.000 0.000 0.000 0.000 0.001 0.000 0.000 0.001 0.000 0.000 0.000 0.000 0.000 0.000 0.000 0.000 0.000 0.001 0.001 0.001 0.004 0.002 0.002 0.002 0.002
0.036 0.047 0.059 0.058 0.051 0.045 0.039 0.032 0.037 0.016 0.013 0.009 0.005 0.003 0.002 0.002 0.001 0.001 0.001 0.001 0.000 0.001 0.000 0.000 0.000 0.001 0.001 0.001 0.001 0.002 0.002 0.002 0.002 0.002 0.003 0.000 0.000 0.102 0.000 0.000 0.000 0.002 0.002 0.002 0.001 0.000 0.000 0.000 0.000 0.000 0.000 0.000 0.000 0.000 0.000 0.000 0.001 0.001 0.000 0.000 0.000 0.000 0.000 0.000 0.000 0.000 0.000 0.000 0.000 0.001 0.001 0.001 0.004 0.002 0.002 0.002 0.002
0.046 0.059 0.057 0.052 0.046 0.040 0.033 0.028 0.032 0.013 0.010 0.007 0.004 0.003 0.002 0.002 0.001 0.001 0.001 0.000 0.000 0.000 0.000 0.000 0.000 0.001 0.002 0.001 0.002 0.002 0.002 0.002 0.002 0.002 0.003 0.002 0.000 0.000 0.000 0.000 0.000 0.002 0.002 0.002 0.002 0.001 0.001 0.000 0.001 0.000 0.000 0.000 0.000 0.000 0.000 0.000 0.001 0.000 0.000 0.000 0.000 0.000 0.000 0.000 0.000 0.001 0.000 0.000 0.001 0.002 0.002 0.001 0.004 0.002 0.002 0.002 0.005
0.058 0.056 0.051 0.046 0.040 0.035 0.029 0.023 0.027 0.010 0.007 0.005 0.003 0.002 0.002 0.001 0.001 0.001 0.001 0.000 0.000 0.000 0.000 0.000 0.000 0.000 0.000 0.001 0.001 0.002 0.002 0.002 0.002 0.002 0.003 0.002 0.002 0.000 0.000 0.000 0.000 0.002 0.002 0.002 0.002 0.001 0.001 0.001 0.000 0.001 0.000 0.000 0.000 0.000 0.000 0.000 0.001 0.000 0.000 0.000 0.000 0.000 0.000 0.000 0.001 0.000 0.000 0.001 0.002 0.002 0.002 0.002 0.004 0.002 0.002 0.016 0.088
0.051 0.048 0.044 0.040 0.035 0.030 0.024 0.019 0.023 0.007 0.006 0.004 0.003 0.002 0.002 0.001 0.001 0.001 0.001 0.001 0.001 0.000 0.000 0.001 0.000 0.000 0.000 0.001 0.001 0.002 0.002 0.002 0.002 0.002 0.002 0.003 0.002 0.001 0.000 0.000 0.000 0.001 0.002 0.002 0.003 0.009 0.004 0.000 0.001 0.000 0.000 0.000 0.000 0.000 0.000 0.000 0.001 0.001 0.000 0.000 0.000 0.000 0.000 0.001 0.000 0.000 0.000 0.000 0.001 0.002 0.002 0.002 0.004 0.002 0.035 0.103 0.147
0.049 0.039 0.035 0.032 0.028 0.025 0.021 0.016 0.020 0.005 0.004 0.003 0.002 0.002 0.001 0.001 0.000 0.000 0.000 0.000 0.000 0.000 0.000 0.000 0.000 0.001 0.000 0.000 0.000 0.001 0.002 0.002 0.002 0.002 0.002 0.003 0.002 0.002 0.001 0.001 0.000 0.003 0.014 0.009 0.007 0.005 0.000 0.000 0.000 0.000 0.000 0.000 0.001 0.000 0.000 0.000 0.001 0.000 0.001 0.000 0.000 0.000 0.001 0.000 0.000 0.000 0.000 0.000 0.001 0.002 0.002 0.002 0.015 0.046 0.113 0.161 0.200
0.070 0.050 0.040 0.033 0.027 0.022 0.018 0.014 0.018 0.005 0.004 0.003 0.002 0.002 0.001 0.000 0.000 0.001 0.001 0.001 0.002 0.002 0.002 0.002 0.001 0.001 0.001 0.001 0.002 0.002 0.003 0.003 0.004 0.005 0.005 0.006 0.006 0.006 0.009 0.018 0.018 0.008 0.008 0.004 0.002 0.001 0.000 0.000 0.000 0.000 0.001 0.001 0.000 0.001 0.001 0.001 0.003 0.001 0.002 0.002 0.001 0.001 0.001 0.002 0.002 0.002 0.002 0.002 0.003 0.003 0.004 0.005 0.119 0.123 0.172 0.213 0.250
0.057 0.036 0.026 0.020 0.016 0.012 0.010 0.008 0.010 0.002 0.002 0.001 0.001 0.001 0.000 0.000 0.000 0.000 0.000 0.000 0.000 0.001 0.000 0.000 0.000 0.000 0.000 0.000 0.000 0.001 0.001 0.001 0.002 0.002 0.002 0.003 0.003 0.003 0.008 0.018 0.018 0.008 0.006 0.004 0.002 0.000 0.000 0.000 0.000 0.000 0.000 0.000 0.000 0.000 0.000 0.000 0.002 0.000 0.000 0.000 0.000 0.000 0.000 0.000 0.001 0.000 0.000 0.001 0.001 0.001 0.002 0.008 0.126 0.134 0.178 0.217 0.253
0.068 0.039 0.024 0.018 0.014 0.010 0.008 0.006 0.009 0.001 0.001 0.000 0.001 0.000 0.000 0.000 0.000 0.000 0.000 0.000 0.000 0.000 0.000 0.001 0.000 0.000 0.000 0.000 0.000 0.000 0.001 0.001 0.001 0.002 0.003 0.011 0.021 0.017 0.015 0.013 0.014 0.004 0.002 0.000 0.000 0.000 0.000 0.000 0.000 0.000 0.000 0.000 0.000 0.000 0.000 0.000 0.002 0.000 0.001 0.001 0.000 0.000 0.000 0.001 0.000 0.000 0.000 0.000 0.001 0.001 0.002 0.068 0.184 0.189 0.231 0.267 0.301
0.073 0.043 0.021 0.014 0.010 0.008 0.006 0.004 0.007 0.000 0.001 0.000 0.000 0.000 0.000 0.000 0.000 0.000 0.000 0.000 0.000 0.000 0.001 0.000 0.000 0.000 0.000 0.000 0.000 0.000 0.000 0.001 0.001 0.003 0.017 0.017 0.015 0.013 0.011 0.008 0.009 0.000 0.000 0.000 0.000 0.000 0.000 0.000 0.000 0.000 0.000 0.000 0.000 0.000 0.000 0.000 0.001 0.000 0.001 0.000 0.000 0.000 0.001 0.000 0.000 0.000 0.000 0.001 0.001 0.001 0.021 0.107 0.216 0.221 0.272 0.314 0.348
0.078 0.075 0.042 0.018 0.011 0.008 0.006 0.005 0.007 0.001 0.000 0.001 0.001 0.000 0.000 0.000 0.000 0.000 0.000 0.000 0.000 0.001 0.000 0.001 0.000 0.000 0.000 0.000 0.000 0.000 0.000 0.001 0.002 0.014 0.023 0.014 0.009 0.004 0.003 0.002 0.003 0.000 0.000 0.000 0.000 0.000 0.000 0.000 0.000 0.000 0.000 0.000 0.000 0.000 0.000 0.000 0.002 0.001 0.000 0.000 0.000 0.000 0.000 0.000 0.001 0.000 0.000 0.000 0.001 0.008 0.101 0.159 0.256 0.259 0.311 0.364 0.416
0.075 0.090 0.057 0.026 0.010 0.007 0.005 0.004 0.006 0.001 0.000 0.000 0.000 0.000 0.000 0.000 0.000 0.000 0.000 0.000 0.000 0.001 0.001 0.001 0.000 0.000 0.000 0.000 0.000 0.000 0.000 0.001 0.003 0.021 0.021 0.012 0.006 0.003 0.000 0.000 0.001 0.000 0.000 0.000 0.000 0.000 0.000 0.000 0.000 0.000 0.000 0.000 0.000 0.000 0.000 0.000 0.002 0.000 0.001 0.000 0.000 0.000 0.000 0.001 0.000 0.000 0.000 0.001 0.002 0.031 0.117 0.178 0.275 0.279 0.331 0.383 0.435
0.073 0.091 0.074 0.041 0.012 0.006 0.005 0.004 0.006 0.000 0.001 0.000 0.000 0.000 0.000 0.000 0.000 0.000 0.000 0.000 0.000 0.001 0.000 0.001 0.000 0.000 0.000 0.000 0.000 0.000 0.000 0.001 0.009 0.028 0.018 0.009 0.004 0.002 0.000 0.000 0.000 0.000 0.000 0.000 0.000 0.000 0.000 0.000 0.000 0.000 0.000 0.000 0.000 0.000 0.000 0.000 0.002 0.000 0.000 0.000 0.000 0.000 0.001 0.000 0.000 0.000 0.001 0.001 0.002 0.077 0.144 0.200 0.295 0.298 0.351 0.403 0.454
0.072 0.090 0.093 0.059 0.026 0.006 0.004 0.003 0.005 0.000 0.000 0.000 0.000 0.000 0.000 0.000 0.000 0.000 0.000 0.000 0.001 0.000 0.001 0.001 0.000 0.000 0.000 0.000 0.000 0.000 0.001 0.001 0.017 0.026 0.015 0.007 0.003 0.001 0.000 0.000 0.000 0.000 0.000 0.000 0.000 0.000 0.000 0.000 0.000 0.000 0.000 0.000 0.000 0.000 0.000 0.000 0.002 0.001 0.000 0.000 0.001 0.001 0.000 0.000 0.001 0.001 0.002 0.002 0.015 0.105 0.166 0.220 0.315 0.318 0.371 0.422 0.473
0.074 0.093 0.113 0.082 0.049 0.017 0.004 0.003 0.005 0.000 0.000 0.000 0.000 0.000 0.000 0.000 0.000 0.000 0.000 0.000 0.000 0.001 0.001 0.001 0.000 0.000 0.001 0.000 0.000 0.000 0.000 0.005 0.023 0.023 0.013 0.005 0.002 0.000 0.000 0.000 0.001 0.000 0.000 0.000 0.000 0.000 0.000 0.000 0.000 0.000 0.000 0.000 0.000 0.000 0.000 0.000 0.002 0.000 0.000 0.001 0.001 0.000 0.001 0.001 0.001 0.002 0.002 0.002 0.051 0.129 0.187 0.240 0.335 0.338 0.390 0.441 0.491
0.081 0.101 0.123 0.112 0.080 0.048 0.017 0.003 0.005 0.000 0.000 0.000 0.000 0.000 0.000 0.000 0.000 0.000 0.000 0.000 0.001 0.001 0.000 0.001 0.001 0.001 0.000 0.000 0.001 0.000 0.000 0.011 0.030 0.020 0.010 0.004 0.001 0.000 0.001 0.000 0.001 0.000 0.000 0.000 0.000 0.000 0.000 0.000 0.000 0.000 0.000 0.000 0.000 0.000 0.000 0.000 0.002 0.000 0.001 0.000 0.000 0.000 0.001 0.001 0.002 0.002 0.002 0.006 0.094 0.154 0.209 0.260 0.355 0.357 0.409 0.459 0.509
0.093 0.115 0.138 0.148 0.117 0.085 0.054 0.017 0.017 0.000 0.000 0.000 0.000 0.000 0.000 0.000 0.000 0.000 0.000 0.001 0.001 0.000 0.000 0.001 0.001 0.000 0.000 0.001 0.000 0.000 0.001 0.017 0.028 0.017 0.008 0.003 0.001 0.000 0.000 0.000 0.001 0.000 0.000 0.000 0.000 0.000 0.000 0.000 0.000 0.000 0.000 0.000 0.000 0.000 0.000 0.000 0.002 0.000 0.000 0.000 0.000 0.001 0.001 0.001 0.002 0.002 0.002 0.029 0.115 0.175 0.229 0.279 0.374 0.376 0.427 0.478 0.528
0.110 0.134 0.158 0.182 0.156 0.126 0.089 0.053 0.052 0.000 0.000 0.000 0.000 0.000 0.000 0.000 0.000 0.000 0.000 0.000 0.000 0.000 0.000 0.002 0.000 0.001 0.001 0.000 0.000 0.000 0.004 0.023 0.024 0.013 0.006 0.002 0.001 0.000 0.001 0.000 0.001 0.000 0.000 0.000 0.000 0.000 0.000 0.000 0.000 0.000 0.000 0.000 0.000 0.000 0.000 0.000 0.002 0.000 0.000 0.000 0.001 0.000 0.001 0.001 0.002 0.002 0.002 0.076 0.142 0.197 0.248 0.298 0.393 0.395 0.446 0.496 0.546
0.130 0.155 0.179 0.203 0.197 0.162 0.126 0.089 0.089 0.017 0.000 0.000 0.000 0.000 0.000 0.000 0.000 0.000 0.000 0.000 0.000 0.000 0.001 0.002 0.001 0.001 0.001 0.000 0.000 0.000 0.008 0.027 0.019 0.010 0.004 0.001 0.000 0.000 0.000 0.000 0.001 0.000 0.000 0.000 0.000 0.000 0.000 0.000 0.000 0.000 0.000 0.000 0.000 0.000 0.000 0.000 0.001 0.000 0.000 0.001 0.000 0.000 0.000 0.001 0.001 0.002 0.014 0.103 0.164 0.217 0.268 0.316 0.412 0.414 0.464 0.514 0.564
0.143 0.169 0.195 0.221 0.219 0.188 0.157 0.126 0.126 0.054 0.018 0.000 0.000 0.000 0.000 0.000 0.000 0.000 0.000 0.000 0.000 0.000 0.000 0.002 0.000 0.001 0.001 0.001 0.001 0.001 0.011 0.023 0.013 0.005 0.002 0.001 0.000 0.000 0.000 0.000 0.000 0.000 0.000 0.000 0.000 0.000 0.000 0.000 0.000 0.000 0.000 0.000 0.000 0.000 0.000 0.000 0.001 0.000 0.001 0.000 0.000 0.000 0.000 0.001 0.001 0.002 0.050 0.128 0.185 0.238 0.287 0.335 0.431 0.432 0.482 0.532 0.582
0.155 0.182 0.208 0.219 0.206 0.181 0.150 0.120 0.120 0.059 0.028 0.002 0.000 0.000 0.000 0.000 0.000 0.000 0.000 0.000 0.000 0.000 0.000 0.001 0.000 0.000 0.001 0.001 0.001 0.003 0.012 0.015 0.010 0.005 0.001 0.000 0.000 0.000 0.000 0.000 0.000 0.000 0.000 0.000 0.000 0.000 0.000 0.000 0.000 0.000 0.000 0.000 0.000 0.000 0.000 0.000 0.001 0.000 0.000 0.000 0.000 0.000 0.000 0.001 0.001 0.005 0.094 0.153 0.207 0.257 0.306 0.353 0.449 0.451 0.501 0.550 0.599
0.168 0.194 0.215 0.203 0.191 0.173 0.143 0.112 0.112 0.052 0.021 0.000 0.000 0.000 0.000 0.000 0.000 0.000 0.000 0.000 0.000 0.000 0.000 0.001 0.000 0.001 0.001 0.001 0.002 0.007 0.015 0.014 0.009 0.005 0.001 0.000 0.000 0.000 0.000 0.000 0.000 0.000 0.000 0.000 0.000 0.000 0.000 0.000 0.000 0.000 0.000 0.000 0.000 0.000 0.000 0.000 0.001 0.000 0.000 0.001 0.000 0.000 0.000 0.000 0.000 0.026 0.114 0.174 0.227 0.276 0.324 0.371 0.468 0.469 0.519 0.568 0.617
