includes/camargue/floodfiles/results_R4_t1.562344205135E12/res-0007.wd
ncols         906
nrows         631
xllcorner     362177.146667
yllcorner     6534725.688020
cellsize      20.000000
NODATA_value  -9999.000000
[rows 578 to 611 of 631, columns 693 to 769 of 906]
10.962 10.965 10.968 10.971 10.974 10.977 10.979 10.982 10.982 10.988 10.988 10.965 10.962 10.972 10.982 10.992 11.002 11.011 11.021 11.031 11.041 11.051 11.061 11.071 11.071 11.066 11.032 10.998 10.964 10.930 10.896 10.861 10.827 10.793 10.759 10.725 10.690 10.659 10.649 10.629 10.629 10.588 10.568 10.548 10.527 10.507 10.487 10.467 10.447 10.426 10.406 10.428 10.449 10.470 10.492 10.513 10.555 10.555 10.577 10.598 10.619 10.602 10.563 10.606 10.726 10.847 10.967 11.087 11.207 11.328 11.448 11.574 11.836 11.836 11.967 12.098 12.229
10.959 10.962 10.965 10.968 10.971 10.974 10.976 10.979 10.979 10.985 10.986 10.990 11.000 11.009 11.019 11.029 11.038 11.048 11.058 11.067 11.077 11.087 11.096 11.106 11.106 11.133 11.098 11.064 11.030 10.996 10.961 10.927 10.893 10.859 10.824 10.790 10.756 10.722 10.723 10.702 10.702 10.660 10.639 10.618 10.596 10.575 10.554 10.533 10.512 10.491 10.516 10.528 10.540 10.559 10.580 10.602 10.644 10.644 10.666 10.687 10.708 10.717 10.759 10.879 10.999 11.120 11.240 11.360 11.480 11.600 11.720 11.847 12.109 12.109 12.240 12.371 12.502
10.957 10.959 10.962 10.965 10.968 10.971 10.973 10.976 10.976 10.955 10.943 10.963 10.987 10.997 11.006 11.016 11.026 11.035 11.045 11.055 11.064 11.074 11.084 11.093 11.093 11.135 11.139 11.104 11.070 11.036 11.001 10.967 10.933 10.899 10.864 10.830 10.796 10.803 10.833 10.812 10.812 10.770 10.748 10.727 10.706 10.685 10.664 10.642 10.621 10.663 10.765 10.777 10.789 10.801 10.814 10.826 10.850 10.850 10.862 10.874 10.887 10.935 11.047 11.158 11.272 11.392 11.513 11.633 11.753 11.873 11.994 12.120 12.382 12.382 12.512 12.643 12.782
10.954 10.956 10.959 10.962 10.965 10.961 10.949 10.937 10.937 10.912 10.902 10.934 10.965 10.984 10.993 11.003 11.013 11.023 11.032 11.042 11.052 11.061 11.071 11.081 11.081 11.134 11.166 11.144 11.110 11.076 11.042 11.007 10.973 10.939 10.904 10.870 10.853 10.884 10.915 10.921 10.921 10.879 10.858 10.837 10.816 10.794 10.773 10.752 10.750 10.862 10.975 11.026 11.038 11.050 11.062 11.074 11.099 11.099 11.111 11.123 11.145 11.256 11.367 11.479 11.590 11.701 11.812 11.923 12.034 12.146 12.266 12.393 12.667 12.667 12.806 12.945 13.084
10.951 10.953 10.955 10.943 10.931 10.918 10.906 10.894 10.894 10.869 10.873 10.904 10.936 10.967 10.981 10.990 11.000 11.010 11.019 11.029 11.039 11.048 11.058 11.070 11.070 11.134 11.166 11.184 11.150 11.116 11.082 11.047 11.013 10.979 10.944 10.910 10.933 10.965 10.996 11.027 11.027 10.989 10.968 10.946 10.925 10.904 10.883 10.862 10.949 11.061 11.173 11.274 11.287 11.299 11.311 11.323 11.347 11.347 11.359 11.372 11.465 11.576 11.687 11.799 11.910 12.021 12.133 12.244 12.355 12.467 12.578 12.692 12.969 12.969 13.108 13.247 13.384
10.937 10.925 10.912 10.900 10.888 10.876 10.863 10.851 10.851 10.826 10.843 10.875 10.906 10.938 10.968 10.978 10.987 10.997 11.007 11.016 11.026 11.036 11.045 11.069 11.069 11.133 11.166 11.198 11.190 11.156 11.122 11.087 11.053 11.019 10.985 10.983 11.014 11.046 11.077 11.108 11.108 11.098 11.077 11.056 11.035 11.014 10.992 11.035 11.147 11.260 11.372 11.485 11.535 11.548 11.560 11.572 11.596 11.596 11.609 11.674 11.786 11.897 12.008 12.120 12.231 12.342 12.453 12.565 12.676 12.787 12.898 13.009 13.270 13.270 13.409 13.548 13.686
10.894 10.882 10.869 10.857 10.845 10.833 10.820 10.808 10.808 10.784 10.814 10.846 10.877 10.909 10.940 10.965 10.975 10.984 10.994 11.004 11.013 11.023 11.037 11.069 11.069 11.133 11.165 11.197 11.229 11.196 11.162 11.128 11.093 11.059 11.033 11.064 11.095 11.126 11.158 11.189 11.189 11.208 11.187 11.165 11.144 11.123 11.121 11.234 11.346 11.459 11.571 11.684 11.785 11.797 11.809 11.821 11.846 11.846 11.883 11.994 12.105 12.217 12.328 12.439 12.551 12.662 12.773 12.885 12.996 13.107 13.219 13.330 13.572 13.572 13.711 13.850 13.988
10.851 10.839 10.827 10.814 10.802 10.790 10.777 10.765 10.765 10.753 10.785 10.816 10.848 10.879 10.911 10.943 10.962 10.972 10.981 10.991 11.001 11.010 11.036 11.068 11.068 11.133 11.165 11.197 11.229 11.236 11.202 11.168 11.133 11.099 11.114 11.145 11.176 11.207 11.238 11.270 11.270 11.317 11.296 11.275 11.254 11.233 11.320 11.432 11.544 11.657 11.769 11.882 11.994 12.045 12.057 12.069 12.094 12.094 12.204 12.315 12.426 12.538 12.649 12.760 12.872 12.983 13.094 13.205 13.317 13.428 13.539 13.650 13.873 13.873 14.012 14.151 14.289
10.808 10.796 10.784 10.771 10.759 10.747 10.735 10.722 10.722 10.723 10.755 10.787 10.818 10.850 10.882 10.913 10.945 10.959 10.968 10.978 10.988 11.004 11.036 11.068 11.068 11.132 11.164 11.196 11.228 11.261 11.242 11.208 11.173 11.163 11.195 11.226 11.257 11.288 11.319 11.350 11.350 11.413 11.406 11.385 11.364 11.406 11.519 11.631 11.744 11.856 11.969 12.081 12.194 12.294 12.306 12.318 12.413 12.413 12.525 12.636 12.747 12.858 12.970 13.080 13.191 13.303 13.414 13.525 13.637 13.748 13.859 13.970 14.193 14.193 14.314 14.453 14.591
10.752 10.753 10.741 10.729 10.716 10.704 10.692 10.680 10.680 10.694 10.726 10.757 10.789 10.821 10.852 10.884 10.916 10.946 10.956 10.965 10.975 11.003 11.035 11.067 11.068 11.132 11.164 11.196 11.228 11.260 11.282 11.248 11.214 11.244 11.275 11.307 11.338 11.369 11.401 11.432 11.432 11.494 11.516 11.495 11.493 11.605 11.718 11.830 11.943 12.054 12.167 12.279 12.392 12.504 12.554 12.567 12.733 12.733 12.844 12.956 13.067 13.178 13.290 13.401 13.512 13.624 13.735 13.846 13.957 14.069 14.180 14.291 14.513 14.513 14.624 14.753 14.892
10.753 10.754 10.741 10.729 10.717 10.705 10.692 10.680 10.680 10.695 10.726 10.758 10.790 10.821 10.853 10.885 10.916 10.947 10.956 10.966 10.976 11.004 11.036 11.068 11.068 11.132 11.165 11.197 11.229 11.261 11.283 11.249 11.214 11.245 11.276 11.307 11.338 11.369 11.401 11.432 11.432 11.494 11.516 11.495 11.493 11.605 11.718 11.830 11.943 12.055 12.168 12.280 12.393 12.505 12.555 12.568 12.734 12.734 12.845 12.957 13.068 13.179 13.291 13.402 13.512 13.624 13.735 13.846 13.957 14.069 14.180 14.291 14.514 14.514 14.625 14.754 14.893
10.688 10.694 10.699 10.686 10.674 10.662 10.649 10.637 10.637 10.665 10.697 10.729 10.760 10.792 10.823 10.855 10.887 10.918 10.944 10.953 10.971 11.004 11.036 11.068 11.068 11.132 11.164 11.196 11.228 11.260 11.292 11.289 11.295 11.326 11.357 11.388 11.419 11.451 11.482 11.513 11.513 11.575 11.607 11.605 11.692 11.804 11.917 12.029 12.142 12.254 12.367 12.479 12.591 12.703 12.804 12.831 13.054 13.054 13.165 13.277 13.388 13.499 13.611 13.722 13.833 13.944 14.056 14.167 14.278 14.390 14.501 14.612 14.834 14.834 14.945 15.056 15.193
10.624 10.630 10.636 10.642 10.631 10.619 10.607 10.594 10.594 10.636 10.668 10.699 10.731 10.763 10.794 10.826 10.857 10.889 10.921 10.941 10.971 11.003 11.035 11.067 11.067 11.132 11.164 11.195 11.223 11.251 11.280 11.340 11.380 11.411 11.442 11.474 11.505 11.536 11.567 11.599 11.598 11.660 11.692 11.703 11.817 11.932 12.047 12.162 12.277 12.391 12.506 12.621 12.736 12.851 12.966 13.085 13.327 13.327 13.449 13.570 13.691 13.813 13.931 14.043 14.154 14.264 14.376 14.487 14.598 14.703 14.804 14.906 15.109 15.109 15.211 15.313 15.385
10.495 10.501 10.507 10.513 10.519 10.525 10.520 10.513 10.513 10.577 10.608 10.640 10.670 10.698 10.726 10.755 10.783 10.812 10.840 10.856 10.869 10.897 10.925 10.954 10.954 11.010 11.039 11.067 11.096 11.124 11.203 11.370 11.538 11.601 11.632 11.663 11.695 11.726 11.757 11.789 11.789 11.851 11.829 11.789 11.749 11.862 11.976 12.091 12.206 12.321 12.436 12.551 12.665 12.780 12.897 13.012 13.253 13.253 13.374 13.495 13.617 13.738 13.859 13.980 14.103 14.244 14.385 14.494 14.596 14.698 14.800 14.901 15.105 15.104 15.205 15.235 15.240
10.430 10.436 10.443 10.449 10.455 10.461 10.467 10.483 10.483 10.539 10.568 10.596 10.625 10.653 10.682 10.710 10.739 10.767 10.793 10.805 10.816 10.834 10.862 10.890 10.890 10.947 10.976 11.004 11.032 11.061 11.219 11.386 11.554 11.697 11.728 11.759 11.791 11.822 11.853 11.885 11.885 11.920 11.880 11.840 11.799 11.826 11.941 12.056 12.170 12.285 12.400 12.515 12.630 12.746 12.862 12.979 13.216 13.216 13.338 13.459 13.580 13.701 13.823 13.944 14.079 14.220 14.360 14.492 14.593 14.695 14.797 14.898 15.102 15.102 15.170 15.176 15.181
10.366 10.372 10.378 10.384 10.385 10.380 10.376 10.418 10.418 10.495 10.523 10.551 10.580 10.608 10.637 10.665 10.694 10.722 10.741 10.753 10.765 10.777 10.799 10.827 10.827 10.884 10.912 10.941 10.969 11.067 11.235 11.403 11.570 11.738 11.824 11.855 11.886 11.917 11.948 11.979 11.979 11.969 11.929 11.889 11.849 11.809 11.906 12.021 12.136 12.250 12.365 12.480 12.596 12.712 12.828 12.945 13.180 13.179 13.300 13.422 13.543 13.664 13.785 13.914 14.055 14.195 14.336 14.477 14.591 14.693 14.795 14.896 15.100 15.099 15.110 15.116 15.121
10.302 10.302 10.298 10.293 10.288 10.284 10.279 10.340 10.340 10.450 10.478 10.507 10.535 10.564 10.592 10.620 10.649 10.677 10.690 10.702 10.714 10.726 10.738 10.764 10.764 10.820 10.849 10.877 10.915 11.083 11.250 11.418 11.585 11.753 11.919 11.950 11.982 12.013 12.044 12.075 12.075 12.020 11.980 11.939 11.899 11.859 11.871 11.986 12.100 12.215 12.329 12.444 12.561 12.677 12.794 12.910 13.143 13.143 13.264 13.385 13.506 13.628 13.749 13.890 14.031 14.171 14.312 14.452 14.589 14.690 14.792 14.894 15.045 15.045 15.051 15.057 15.062
10.210 10.206 10.201 10.196 10.191 10.187 10.199 10.261 10.261 10.387 10.433 10.462 10.490 10.519 10.547 10.576 10.604 10.627 10.639 10.651 10.663 10.674 10.686 10.700 10.700 10.757 10.786 10.814 10.931 11.099 11.266 11.434 11.602 11.769 11.937 12.046 12.077 12.109 12.140 12.151 12.151 12.070 12.029 11.989 11.949 11.909 11.868 11.950 12.065 12.180 12.295 12.411 12.527 12.643 12.760 12.876 13.109 13.109 13.228 13.348 13.469 13.590 13.724 13.865 14.006 14.146 14.287 14.428 14.569 14.688 14.790 14.892 14.986 14.986 14.991 14.997 15.002
10.114 10.109 10.104 10.099 10.095 10.090 10.120 10.183 10.183 10.308 10.371 10.417 10.446 10.474 10.502 10.531 10.559 10.576 10.588 10.599 10.611 10.623 10.635 10.647 10.647 10.694 10.722 10.779 10.947 11.114 11.282 11.450 11.618 11.784 11.952 12.120 12.172 12.204 12.235 12.200 12.200 12.120 12.079 12.039 11.999 11.959 11.919 11.915 12.030 12.145 12.260 12.376 12.492 12.609 12.725 12.842 13.075 13.075 13.191 13.311 13.433 13.559 13.700 13.841 13.982 14.122 14.263 14.403 14.544 14.685 14.787 14.889 14.926 14.926 14.932 14.938 14.943
10.017 10.012 10.007 10.002 9.998 9.993 10.042 10.104 10.104 10.230 10.293 10.355 10.401 10.429 10.458 10.486 10.513 10.524 10.536 10.548 10.560 10.572 10.584 10.596 10.596 10.630 10.659 10.795 10.963 11.130 11.298 11.465 11.633 11.800 11.968 12.136 12.268 12.300 12.290 12.250 12.250 12.170 12.130 12.090 12.050 12.008 11.968 11.928 11.994 12.109 12.226 12.342 12.459 12.575 12.691 12.808 13.041 13.041 13.157 13.275 13.395 13.534 13.675 13.816 13.957 14.098 14.238 14.379 14.520 14.661 14.785 14.856 14.867 14.867 14.873 14.878 14.883
9.920 9.915 9.910 9.906 9.901 9.901 9.963 10.026 10.026 10.151 10.214 10.277 10.340 10.384 10.413 10.441 10.461 10.473 10.485 10.497 10.509 10.521 10.532 10.544 10.544 10.568 10.643 10.811 10.978 11.146 11.314 11.481 11.649 11.817 11.984 12.152 12.320 12.381 12.340 12.300 12.300 12.219 12.179 12.139 12.099 12.059 12.019 11.978 11.960 12.076 12.192 12.308 12.425 12.540 12.657 12.773 13.006 13.006 13.123 13.239 13.369 13.510 13.651 13.792 13.933 14.074 14.214 14.355 14.494 14.632 14.770 14.784 14.794 14.794 14.798 14.803 14.807
9.823 9.818 9.813 9.809 9.804 9.822 9.885 9.947 9.947 10.073 10.136 10.198 10.261 10.324 10.368 10.396 10.410 10.422 10.434 10.446 10.457 10.469 10.481 10.522 10.522 10.605 10.726 10.895 11.063 11.232 11.401 11.568 11.737 11.905 12.073 12.242 12.410 12.384 12.344 12.304 12.304 12.224 12.184 12.144 12.104 12.064 12.024 11.983 11.963 12.041 12.158 12.274 12.391 12.507 12.624 12.740 12.973 12.973 13.090 13.196 13.240 13.378 13.515 13.653 13.791 13.929 14.067 14.205 14.343 14.481 14.548 14.553 14.562 14.562 14.567 14.571 14.575
9.726 9.721 9.717 9.712 9.707 9.744 9.806 9.869 9.869 9.994 10.057 10.120 10.183 10.245 10.308 10.347 10.363 10.405 10.447 10.489 10.530 10.572 10.614 10.656 10.656 10.769 10.880 11.034 11.203 11.371 11.539 11.708 11.876 12.045 12.213 12.381 12.422 12.365 12.318 12.278 12.278 12.197 12.157 12.117 12.077 12.037 11.997 11.957 11.982 12.011 12.125 12.241 12.358 12.474 12.591 12.707 12.939 12.939 13.056 13.112 13.140 13.226 13.364 13.502 13.640 13.778 13.916 14.054 14.192 14.310 14.315 14.321 14.330 14.330 14.334 14.339 14.343
9.631 9.625 9.620 9.615 9.610 9.665 9.728 9.791 9.791 9.916 9.979 10.041 10.104 10.215 10.332 10.434 10.497 10.539 10.581 10.623 10.665 10.706 10.748 10.790 10.790 10.940 11.051 11.173 11.342 11.510 11.679 11.847 12.016 12.184 12.353 12.462 12.405 12.348 12.292 12.252 12.252 12.172 12.132 12.092 12.052 12.012 11.972 11.971 12.000 12.030 12.091 12.208 12.324 12.441 12.557 12.674 12.906 12.906 13.000 13.028 13.057 13.086 13.213 13.351 13.488 13.626 13.764 13.902 14.040 14.078 14.083 14.089 14.099 14.099 14.103 14.108 14.112
9.539 9.530 9.523 9.518 9.524 9.587 9.649 9.712 9.712 9.838 9.954 10.072 10.189 10.307 10.425 10.520 10.608 10.673 10.715 10.757 10.799 10.841 10.882 10.924 10.924 11.111 11.222 11.333 11.481 11.650 11.817 11.986 12.154 12.323 12.491 12.445 12.388 12.331 12.274 12.226 12.226 12.146 12.106 12.066 12.025 11.985 11.959 11.989 12.018 12.048 12.077 12.175 12.291 12.408 12.524 12.641 12.874 12.874 12.917 12.944 12.973 13.002 13.061 13.199 13.337 13.475 13.613 13.751 13.841 13.846 13.852 13.856 13.866 13.866 13.871 13.875 13.880
9.446 9.437 9.428 9.421 9.445 9.508 9.576 9.693 9.693 9.929 10.046 10.164 10.282 10.399 10.517 10.607 10.694 10.781 10.849 10.891 10.933 10.975 11.016 11.061 11.061 11.282 11.393 11.504 11.620 11.788 11.957 12.125 12.294 12.462 12.485 12.429 12.372 12.315 12.258 12.200 12.200 12.120 12.080 12.040 12.000 11.960 11.978 12.007 12.037 12.066 12.096 12.142 12.259 12.374 12.490 12.607 12.804 12.804 12.833 12.861 12.890 12.919 12.947 13.048 13.186 13.324 13.461 13.599 13.608 13.614 13.619 13.624 13.635 13.635 13.639 13.644 13.648
9.447 9.438 9.429 9.422 9.446 9.509 9.576 9.694 9.694 9.929 10.047 10.165 10.282 10.400 10.518 10.608 10.695 10.782 10.850 10.892 10.933 10.975 11.017 11.062 11.062 11.283 11.394 11.505 11.621 11.789 11.958 12.126 12.295 12.462 12.485 12.429 12.372 12.315 12.258 12.201 12.201 12.121 12.081 12.041 12.001 11.961 11.979 12.007 12.037 12.066 12.096 12.142 12.259 12.375 12.491 12.608 12.805 12.805 12.834 12.862 12.891 12.919 12.947 13.048 13.186 13.324 13.462 13.600 13.609 13.615 13.620 13.625 13.636 13.636 13.639 13.644 13.648
9.355 9.346 9.337 9.353 9.434 9.551 9.669 9.787 9.787 10.022 10.140 10.257 10.375 10.493 10.607 10.694 10.781 10.868 10.955 11.026 11.068 11.109 11.151 11.233 11.233 11.454 11.565 11.675 11.786 11.928 12.096 12.265 12.433 12.526 12.469 12.412 12.355 12.298 12.241 12.185 12.185 12.096 12.055 12.015 11.975 11.967 11.997 12.026 12.055 12.085 12.114 12.144 12.226 12.342 12.459 12.574 12.721 12.721 12.750 12.778 12.807 12.835 12.864 12.897 13.035 13.173 13.311 13.372 13.376 13.382 13.387 13.392 13.403 13.403 13.408 13.413 13.417
9.365 9.423 9.482 9.540 9.588 9.644 9.761 9.879 9.879 10.114 10.232 10.350 10.467 10.585 10.693 10.780 10.868 10.955 11.042 11.129 11.202 11.243 11.293 11.403 11.403 11.625 11.736 11.846 11.957 12.068 12.236 12.405 12.566 12.509 12.452 12.396 12.338 12.281 12.224 12.167 12.167 12.069 12.029 11.989 11.956 11.986 12.015 12.045 12.074 12.104 12.132 12.162 12.192 12.308 12.425 12.541 12.638 12.638 12.666 12.695 12.724 12.752 12.781 12.809 12.883 13.021 13.134 13.139 13.145 13.150 13.155 13.161 13.171 13.171 13.177 13.181 13.186
9.738 9.797 9.855 9.909 9.956 10.003 10.051 10.098 10.098 10.299 10.416 10.534 10.651 10.769 10.865 10.953 11.040 11.127 11.214 11.301 11.390 11.533 11.650 11.758 11.758 11.973 12.080 12.188 12.299 12.410 12.521 12.588 12.531 12.474 12.417 12.361 12.304 12.247 12.190 12.133 12.133 12.019 11.977 11.963 11.993 12.021 12.051 12.080 12.110 12.139 12.169 12.198 12.227 12.257 12.358 12.413 12.471 12.471 12.498 12.527 12.556 12.584 12.613 12.641 12.663 12.681 12.687 12.693 12.699 12.705 12.710 12.716 12.727 12.727 12.733 12.720 12.631
9.925 9.984 10.042 10.093 10.140 10.188 10.235 10.282 10.282 10.391 10.509 10.626 10.744 10.862 10.952 11.039 11.126 11.213 11.301 11.441 11.585 11.728 11.852 11.959 11.959 12.174 12.281 12.388 12.496 12.603 12.638 12.533 12.482 12.430 12.379 12.327 12.276 12.224 12.172 12.116 12.116 12.002 11.952 11.981 12.011 12.040 12.069 12.099 12.128 12.158 12.187 12.217 12.246 12.273 12.297 12.319 12.363 12.363 12.385 12.407 12.429 12.451 12.473 12.495 12.517 12.536 12.548 12.553 12.559 12.565 12.570 12.576 12.588 12.588 12.588 12.543 12.466
10.112 10.171 10.229 10.277 10.324 10.372 10.419 10.466 10.466 10.561 10.608 10.719 10.836 10.951 11.038 11.126 11.213 11.348 11.492 11.635 11.779 11.922 12.053 12.160 12.160 12.375 12.483 12.590 12.698 12.738 12.591 12.449 12.397 12.346 12.293 12.242 12.190 12.139 12.087 12.036 12.036 11.933 11.890 11.904 11.930 11.956 11.982 12.008 12.033 12.059 12.085 12.111 12.137 12.163 12.166 12.173 12.216 12.216 12.238 12.260 12.282 12.303 12.325 12.347 12.368 12.387 12.405 12.414 12.420 12.425 12.431 12.437 12.449 12.449 12.409 12.364 12.301
10.299 10.358 10.414 10.461 10.509 10.556 10.603 10.651 10.651 10.745 10.793 10.840 10.929 11.038 11.125 11.256 11.400 11.543 11.687 11.830 11.974 12.117 12.255 12.362 12.362 12.577 12.684 12.792 12.839 12.690 12.542 12.395 12.312 12.260 12.209 12.157 12.106 12.054 12.003 11.951 11.951 11.855 11.813 11.792 11.818 11.845 11.871 11.897 11.923 11.949 11.975 12.001 12.027 12.045 12.041 12.037 12.069 12.069 12.091 12.113 12.135 12.157 12.179 12.201 12.220 12.239 12.257 12.275 12.280 12.286 12.292 12.297 12.275 12.275 12.230 12.184 12.137
10.486 10.545 10.598 10.645 10.693 10.740 10.787 10.835 10.835 10.929 10.977 11.024 11.071 11.164 11.308 11.451 11.595 11.738 11.882 12.025 12.168 12.312 12.454 12.563 12.563 12.778 12.885 12.938 12.790 12.643 12.495 12.347 12.228 12.176 12.125 12.073 12.022 11.969 11.917 11.866 11.866 11.779 11.738 11.698 11.708 11.734 11.760 11.786 11.812 11.838 11.865 11.891 11.916 11.919 11.915 11.911 11.923 11.923 11.945 11.967 11.989 12.011 12.032 12.054 12.072 12.090 12.108 12.127 12.140 12.146 12.152 12.158 12.096 12.096 12.051 12.005 11.960
