includes/camargue/floodfiles/results_R4_t1.562344205135E12/res-0007.wd
ncols         906
nrows         631
xllcorner     362177.146667
yllcorner     6534725.688020
cellsize      20.000000
NODATA_value  -9999.000000
[rows 510 to 543 of 631, columns 308 to 384 of 906]
2.076 2.074 2.073 2.071 2.054 2.037 2.037 2.002 1.981 1.946 1.912 1.878 1.843 1.809 1.775 1.740 1.706 1.671 1.309 1.229 1.179 1.219 1.218 1.523 1.218 1.208 1.288 1.078 1.227 1.167 1.017 1.207 1.047 0.937 1.117 1.286 1.216 1.086 1.066 1.066 1.186 1.146 1.056 1.036 1.046 1.206 1.166 1.508 1.306 1.175 1.095 1.145 0.995 1.135 1.135 1.135 1.145 1.135 1.115 1.155 1.075 1.065 1.105 1.295 1.105 1.085 1.085 1.195 1.084 1.154 1.064 1.064 1.174 1.074 1.054 1.124 1.144
2.141 2.140 2.138 2.136 2.128 2.110 2.110 2.058 2.024 1.989 1.955 1.921 1.886 1.852 1.818 1.783 1.749 1.714 1.189 1.099 1.119 1.309 1.309 1.219 1.288 1.278 1.298 1.138 1.328 1.208 1.267 1.217 1.027 1.177 1.307 1.287 1.087 1.067 1.087 1.087 1.216 1.226 1.106 1.206 1.136 1.216 1.086 1.206 1.166 1.136 1.156 1.125 1.205 1.166 1.145 1.145 1.135 1.155 1.135 1.245 1.285 1.195 1.541 1.295 1.265 1.215 1.245 1.245 1.195 1.245 1.154 1.154 1.114 1.274 1.134 1.144 1.084
2.306 2.230 2.171 2.169 2.164 2.147 2.147 2.079 2.045 2.011 1.976 1.942 1.908 1.874 1.839 1.805 1.770 1.736 1.240 1.250 1.109 1.169 1.169 1.159 1.229 1.189 1.038 1.178 1.288 1.168 1.308 1.118 1.058 1.287 1.197 1.147 1.067 1.277 1.247 1.247 1.207 1.197 1.197 1.256 1.206 1.126 1.096 1.286 1.276 1.156 1.116 1.176 1.166 1.236 1.176 1.176 1.146 1.656 1.225 1.295 1.205 1.665 1.305 1.670 1.673 1.245 1.235 1.325 1.295 1.315 1.185 1.185 1.135 1.225 1.195 1.165 1.115
2.491 2.416 2.340 2.264 2.200 2.169 2.169 2.101 2.067 2.032 1.998 1.964 1.929 1.895 1.861 1.826 1.792 1.300 1.240 1.120 1.180 1.150 1.149 1.109 1.289 1.119 1.249 1.239 1.208 1.168 1.098 1.268 1.208 1.208 1.178 1.257 1.177 1.197 1.117 1.117 1.624 1.207 1.317 1.237 1.246 1.637 1.176 1.306 1.659 1.246 1.206 1.196 1.136 1.686 1.326 1.326 1.296 1.696 1.316 1.296 1.295 1.296 1.325 1.325 1.713 1.714 1.265 1.701 1.225 1.686 1.325 1.325 1.325 1.660 1.185 1.235 1.295
2.677 2.601 2.526 2.441 2.347 2.258 2.259 2.161 2.113 2.064 2.020 1.985 1.951 1.917 1.882 1.848 1.813 1.779 1.230 1.290 1.290 1.310 1.310 1.169 1.159 1.239 1.149 1.299 1.139 1.298 1.178 1.619 1.288 1.629 1.328 1.248 1.168 1.027 1.147 1.147 1.177 1.147 1.267 1.177 1.157 1.675 1.267 1.690 1.237 1.286 1.226 1.266 1.236 1.276 1.731 1.731 1.316 1.736 1.306 1.256 1.743 1.745 1.748 1.316 1.315 1.748 1.305 1.737 1.295 1.721 1.315 1.315 1.697 1.285 1.275 1.677 1.295
2.863 2.777 2.690 2.603 2.499 2.378 2.378 2.274 2.225 2.176 2.128 2.079 2.031 1.982 1.934 1.885 1.836 1.801 1.766 1.732 1.230 1.200 1.200 1.220 1.079 1.089 1.139 1.279 1.319 1.269 1.319 1.188 1.308 1.662 1.218 1.308 1.228 1.078 1.218 1.217 1.317 1.247 1.157 1.700 1.706 1.227 1.307 1.728 1.736 1.743 1.751 1.257 1.276 1.316 1.296 1.296 1.773 1.326 1.778 1.296 1.783 1.785 1.788 1.789 1.786 1.783 1.780 1.773 1.765 1.757 1.255 1.255 1.315 1.724 1.305 1.708 1.295
3.027 2.939 2.852 2.765 2.650 2.529 2.529 2.386 2.337 2.289 2.240 2.192 2.143 2.094 2.046 1.997 1.949 1.900 1.851 1.803 1.260 1.705 1.705 1.110 1.190 1.129 1.319 1.309 1.269 1.309 1.680 1.329 1.228 1.695 1.198 1.278 1.208 1.716 1.722 1.722 1.288 1.287 1.731 1.287 1.237 1.752 1.759 1.767 1.774 1.782 1.789 1.317 1.803 1.806 1.811 1.811 1.813 1.306 1.818 1.820 1.823 1.825 1.826 1.823 1.821 1.818 1.815 1.810 1.801 1.325 1.777 1.777 1.769 1.760 1.752 1.744 1.736
3.188 3.101 3.014 2.923 2.802 2.681 2.681 2.498 2.449 2.401 2.352 2.304 2.255 2.206 2.158 2.109 2.061 2.012 1.963 1.915 1.866 1.310 1.310 1.110 1.130 1.160 1.309 1.697 1.269 1.707 1.713 1.269 1.723 1.189 1.248 1.738 1.744 1.749 1.756 1.756 1.759 1.762 1.288 1.775 1.257 1.277 1.798 1.277 1.813 1.327 1.828 1.835 1.843 1.846 1.851 1.851 1.853 1.855 1.858 1.860 1.863 1.864 1.861 1.858 1.855 1.853 1.850 1.846 1.838 1.829 1.813 1.813 1.805 1.797 1.788 1.780 1.772
3.350 3.263 3.176 3.074 2.953 2.832 2.832 2.610 2.561 2.513 2.464 2.416 2.367 2.319 2.270 2.221 2.173 2.124 2.075 2.027 1.978 1.320 1.320 1.220 1.270 1.240 1.290 1.209 1.149 1.169 1.199 1.751 1.269 1.761 1.289 1.309 1.777 1.782 1.228 1.228 1.793 1.799 1.806 1.318 1.288 1.829 1.288 1.844 1.851 1.859 1.866 1.874 1.881 1.886 1.891 1.891 1.893 1.896 1.898 1.900 1.902 1.899 1.896 1.893 1.890 1.887 1.885 1.882 1.874 1.865 1.849 1.849 1.841 1.833 1.825 1.816 1.808
3.512 3.425 3.338 3.226 3.105 2.983 2.983 2.741 2.673 2.625 2.576 2.528 2.479 2.431 2.382 2.334 2.285 2.236 2.188 2.139 2.090 2.007 2.007 1.220 1.270 1.160 1.250 1.320 1.249 1.229 1.805 1.805 1.806 1.806 1.806 1.806 1.810 1.815 1.279 1.278 1.830 1.248 1.844 1.852 1.859 1.867 1.874 1.882 1.890 1.897 1.904 1.912 1.919 1.926 1.931 1.931 1.933 1.935 1.938 1.939 1.936 1.934 1.931 1.928 1.925 1.922 1.919 1.917 1.910 1.902 1.885 1.885 1.877 1.869 1.861 1.852 1.844
3.674 3.587 3.498 3.377 3.256 3.135 3.135 2.893 2.786 2.737 2.688 2.640 2.591 2.543 2.494 2.446 2.397 2.348 2.300 2.251 2.176 2.092 2.092 1.240 1.210 1.250 1.290 1.230 1.859 1.859 1.859 1.860 1.860 1.860 1.329 1.861 1.861 1.861 1.860 1.860 1.868 1.876 1.883 1.890 1.898 1.905 1.913 1.920 1.928 1.935 1.943 1.950 1.958 1.965 1.971 1.971 1.973 1.976 1.977 1.974 1.971 1.968 1.966 1.963 1.960 1.957 1.954 1.951 1.946 1.938 1.921 1.921 1.913 1.905 1.897 1.889 1.880
3.836 3.749 3.650 3.529 3.407 3.286 3.286 3.044 2.923 2.849 2.801 2.752 2.703 2.655 2.606 2.558 2.509 2.460 2.412 2.344 2.261 2.178 2.178 2.011 1.928 1.310 1.120 1.913 1.913 1.914 1.914 1.914 1.915 1.299 1.915 1.915 1.915 1.329 1.893 1.893 1.902 1.911 1.919 1.329 1.936 1.944 1.951 1.959 1.966 1.974 1.981 1.989 1.996 2.004 2.011 2.011 2.013 2.015 2.012 2.009 2.006 2.003 2.001 1.998 1.995 1.992 1.989 1.986 1.982 1.974 1.958 1.958 1.949 1.941 1.933 1.925 1.917
3.998 3.911 3.801 3.680 3.559 3.438 3.438 3.195 3.074 2.961 2.913 2.864 2.815 2.767 2.718 2.670 2.621 2.572 2.513 2.430 2.347 2.263 2.263 2.097 2.014 1.300 1.968 1.968 1.968 1.968 1.968 1.969 1.260 1.969 1.969 1.970 1.970 1.964 1.934 1.934 1.935 1.944 1.953 1.961 1.970 1.979 1.987 1.996 2.005 2.012 2.020 2.027 2.035 2.042 2.051 2.051 2.052 2.049 2.047 2.044 2.041 2.038 2.035 2.033 2.030 2.027 2.024 2.021 2.018 2.010 1.994 1.994 1.986 1.977 1.969 1.961 1.954
4.159 4.072 3.953 3.831 3.710 3.589 3.589 3.347 3.226 3.105 3.025 2.976 2.928 2.879 2.830 2.782 2.733 2.682 2.599 2.516 2.432 2.349 2.349 2.183 2.099 2.022 2.022 2.022 2.023 2.023 2.023 2.023 2.023 2.024 2.024 2.024 2.020 2.005 1.975 1.975 1.968 1.977 1.986 1.995 2.003 2.012 2.021 2.030 2.038 2.047 2.056 2.065 2.073 2.081 2.090 2.090 2.087 2.084 2.081 2.079 2.076 2.073 2.070 2.067 2.065 2.062 2.059 2.056 2.053 2.047 2.030 2.030 2.022 2.014 2.005 1.999 1.993
4.160 4.072 3.953 3.831 3.710 3.589 3.589 3.347 3.226 3.105 3.025 2.976 2.928 2.879 2.831 2.782 2.733 2.682 2.599 2.516 2.433 2.349 2.349 2.183 2.099 2.022 2.022 2.023 2.023 2.023 2.023 2.023 2.024 2.024 2.024 2.024 2.021 2.005 1.976 1.976 1.968 1.977 1.986 1.995 2.003 2.012 2.021 2.030 2.039 2.047 2.056 2.065 2.073 2.081 2.090 2.090 2.087 2.085 2.082 2.079 2.076 2.073 2.071 2.068 2.065 2.062 2.059 2.056 2.054 2.047 2.030 2.030 2.022 2.014 2.006 1.999 1.993
4.321 4.225 4.104 3.983 3.862 3.741 3.741 3.498 3.377 3.256 3.137 3.088 3.040 2.991 2.943 2.894 2.845 2.768 2.685 2.601 2.518 2.435 2.435 2.268 2.185 2.102 2.077 2.077 2.077 2.078 2.078 2.078 2.078 2.078 2.079 2.077 2.062 2.047 2.017 2.017 2.002 2.010 2.019 2.028 2.037 2.045 2.054 2.063 2.072 2.081 2.089 2.098 2.107 2.116 2.122 2.122 2.122 2.119 2.117 2.114 2.111 2.108 2.105 2.103 2.100 2.097 2.094 2.091 2.088 2.083 2.067 2.067 2.058 2.050 2.043 2.037 2.031
4.483 4.376 4.255 4.134 4.013 3.892 3.892 3.650 3.529 3.407 3.286 3.200 3.152 3.103 3.055 3.006 2.937 2.854 2.770 2.687 2.604 2.521 2.520 2.354 2.271 2.187 2.131 2.132 2.132 2.132 2.132 2.132 2.133 2.133 2.133 2.118 2.103 2.088 2.058 2.058 2.043 2.044 2.052 2.061 2.070 2.079 2.088 2.096 2.105 2.114 2.123 2.131 2.140 2.148 2.142 2.142 2.143 2.145 2.146 2.147 2.146 2.143 2.140 2.138 2.135 2.132 2.129 2.126 2.123 2.119 2.103 2.103 2.095 2.088 2.082 2.076 2.070
4.800 4.679 4.558 4.437 4.316 4.195 4.195 3.952 3.831 3.710 3.589 3.468 3.376 3.327 3.274 3.191 3.108 3.025 2.942 2.858 2.775 2.692 2.692 2.525 2.442 2.359 2.275 2.240 2.241 2.241 2.241 2.241 2.242 2.230 2.215 2.200 2.185 2.170 2.140 2.140 2.125 2.110 2.119 2.128 2.136 2.145 2.154 2.163 2.171 2.180 2.189 2.198 2.195 2.191 2.184 2.184 2.184 2.185 2.186 2.187 2.188 2.189 2.190 2.191 2.193 2.194 2.195 2.196 2.193 2.190 2.177 2.177 2.171 2.165 2.159 2.153 2.147
4.939 4.820 4.701 4.583 4.464 4.345 4.345 4.104 3.983 3.862 3.740 3.619 3.498 3.439 3.360 3.277 3.194 3.110 3.027 2.944 2.861 2.777 2.777 2.611 2.528 2.444 2.361 2.295 2.295 2.295 2.296 2.296 2.286 2.271 2.256 2.242 2.227 2.212 2.182 2.182 2.167 2.152 2.152 2.161 2.170 2.178 2.187 2.196 2.205 2.213 2.222 2.220 2.216 2.213 2.206 2.206 2.204 2.205 2.207 2.208 2.209 2.210 2.211 2.212 2.213 2.214 2.215 2.216 2.217 2.218 2.216 2.216 2.209 2.203 2.197 2.191 2.185
5.050 4.948 4.829 4.710 4.592 4.473 4.473 4.236 4.117 3.998 3.879 3.761 3.642 3.522 3.445 3.362 3.279 3.196 3.113 3.029 2.946 2.863 2.863 2.696 2.613 2.530 2.447 2.363 2.350 2.350 2.350 2.343 2.328 2.313 2.298 2.283 2.268 2.253 2.223 2.223 2.208 2.193 2.185 2.194 2.203 2.212 2.220 2.229 2.238 2.246 2.245 2.242 2.238 2.235 2.227 2.227 2.224 2.226 2.227 2.228 2.229 2.230 2.231 2.232 2.233 2.234 2.235 2.236 2.237 2.239 2.239 2.239 2.239 2.238 2.236 2.230 2.224
5.129 5.075 4.957 4.838 4.719 4.600 4.601 4.363 4.245 4.126 4.007 3.888 3.742 3.570 3.493 3.418 3.342 3.265 3.189 3.113 3.032 2.949 2.949 2.782 2.699 2.616 2.532 2.449 2.404 2.404 2.399 2.384 2.369 2.354 2.339 2.324 2.309 2.294 2.264 2.264 2.249 2.234 2.219 2.227 2.236 2.245 2.253 2.262 2.271 2.271 2.267 2.263 2.260 2.256 2.249 2.249 2.245 2.246 2.247 2.248 2.249 2.250 2.252 2.253 2.254 2.255 2.256 2.257 2.258 2.259 2.260 2.260 2.260 2.259 2.258 2.258 2.257
5.207 5.203 5.084 4.966 4.847 4.728 4.728 4.491 4.372 4.254 4.135 3.998 3.825 3.652 3.541 3.465 3.389 3.313 3.237 3.161 3.085 3.009 3.009 2.856 2.780 2.701 2.618 2.535 2.459 2.455 2.440 2.425 2.410 2.395 2.380 2.365 2.350 2.335 2.306 2.305 2.290 2.275 2.261 2.261 2.269 2.278 2.287 2.296 2.296 2.292 2.289 2.285 2.282 2.278 2.271 2.271 2.267 2.266 2.267 2.269 2.270 2.271 2.272 2.273 2.274 2.275 2.276 2.277 2.279 2.280 2.282 2.281 2.281 2.280 2.280 2.279 2.278
5.285 5.330 5.212 5.093 4.975 4.856 4.856 4.618 4.500 4.381 4.254 4.081 3.908 3.735 3.589 3.513 3.437 3.360 3.284 3.208 3.132 3.056 3.056 2.904 2.828 2.752 2.675 2.599 2.545 2.534 2.481 2.466 2.451 2.436 2.421 2.407 2.392 2.377 2.347 2.347 2.332 2.317 2.302 2.294 2.303 2.311 2.320 2.321 2.318 2.314 2.310 2.307 2.303 2.300 2.292 2.292 2.289 2.286 2.288 2.289 2.290 2.291 2.292 2.293 2.294 2.295 2.297 2.298 2.299 2.301 2.303 2.302 2.302 2.301 2.301 2.300 2.299
5.363 5.439 5.339 5.221 5.102 4.984 4.984 4.746 4.627 4.509 4.337 4.164 3.991 3.818 3.645 3.560 3.484 3.408 3.332 3.256 3.180 3.104 3.104 2.951 2.875 2.799 2.723 2.647 2.755 2.814 2.749 2.684 2.619 2.554 2.490 2.448 2.433 2.418 2.388 2.388 2.373 2.358 2.343 2.328 2.336 2.345 2.347 2.343 2.339 2.336 2.332 2.329 2.325 2.321 2.314 2.314 2.310 2.307 2.308 2.309 2.310 2.311 2.312 2.313 2.314 2.316 2.317 2.318 2.320 2.321 2.324 2.323 2.323 2.322 2.322 2.321 2.321
5.441 5.517 5.467 5.348 5.230 5.111 5.111 4.874 4.755 4.592 4.419 4.247 4.074 3.901 3.728 3.608 3.531 3.455 3.379 3.303 3.227 3.151 3.151 2.999 2.923 2.847 2.771 2.843 2.965 3.086 3.029 2.964 2.899 2.834 2.769 2.705 2.640 2.575 2.445 2.445 2.414 2.399 2.384 2.369 2.369 2.372 2.368 2.365 2.361 2.358 2.354 2.350 2.347 2.343 2.336 2.336 2.332 2.329 2.328 2.329 2.330 2.331 2.333 2.334 2.335 2.336 2.338 2.339 2.340 2.342 2.344 2.344 2.344 2.343 2.343 2.342 2.342
5.519 5.595 5.595 5.476 5.357 5.239 5.239 5.001 4.848 4.675 4.502 4.329 4.156 3.984 3.811 3.655 3.579 3.503 3.427 3.351 3.275 3.199 3.199 3.047 2.970 2.894 2.931 3.053 3.174 3.296 3.308 3.244 3.179 3.114 3.049 2.984 2.920 2.855 2.725 2.725 2.660 2.595 2.530 2.465 2.398 2.394 2.390 2.386 2.383 2.379 2.376 2.372 2.368 2.365 2.357 2.357 2.354 2.350 2.348 2.349 2.351 2.352 2.353 2.354 2.355 2.357 2.358 2.359 2.361 2.362 2.365 2.365 2.365 2.364 2.364 2.363 2.363
5.597 5.673 5.722 5.604 5.485 5.366 5.367 5.104 4.931 4.758 4.585 4.412 4.239 4.066 3.894 3.721 3.627 3.550 3.474 3.398 3.322 3.246 3.246 3.094 3.018 3.019 3.141 3.262 3.384 3.505 3.588 3.523 3.459 3.394 3.329 3.264 3.199 3.134 3.005 3.005 2.940 2.875 2.810 2.706 2.469 2.443 2.431 2.418 2.406 2.401 2.397 2.394 2.390 2.386 2.379 2.379 2.376 2.372 2.369 2.370 2.371 2.372 2.373 2.375 2.376 2.377 2.379 2.380 2.381 2.383 2.385 2.385 2.386 2.385 2.385 2.384 2.384
5.675 5.751 5.828 5.731 5.613 5.494 5.494 5.186 5.013 4.841 4.668 4.495 4.322 4.149 3.976 3.803 3.674 3.598 3.522 3.446 3.370 3.294 3.294 3.142 3.107 3.229 3.350 3.472 3.594 3.715 3.837 3.803 3.738 3.674 3.609 3.544 3.479 3.414 3.284 3.284 3.220 3.155 3.078 2.841 2.604 2.500 2.488 2.476 2.464 2.451 2.439 2.427 2.415 2.408 2.401 2.401 2.397 2.394 2.390 2.390 2.391 2.392 2.394 2.395 2.396 2.398 2.399 2.400 2.402 2.403 2.406 2.406 2.407 2.406 2.406 2.405 2.405
5.753 5.830 5.906 5.859 5.740 5.615 5.615 5.269 5.096 4.923 4.751 4.578 4.405 4.232 4.059 3.886 3.722 3.646 3.570 3.494 3.417 3.341 3.341 3.195 3.317 3.438 3.560 3.682 3.803 3.925 4.046 4.083 4.018 3.953 3.889 3.824 3.759 3.694 3.564 3.564 3.499 3.434 3.213 2.976 2.739 2.557 2.545 2.533 2.521 2.509 2.496 2.484 2.472 2.460 2.436 2.436 2.423 2.415 2.412 2.410 2.412 2.413 2.414 2.416 2.417 2.418 2.420 2.421 2.422 2.424 2.426 2.426 2.427 2.427 2.427 2.426 2.426
5.831 5.908 5.984 5.987 5.868 5.698 5.698 5.352 5.179 5.006 4.833 4.661 4.488 4.315 4.142 3.969 3.796 3.693 3.617 3.541 3.465 3.389 3.389 3.405 3.527 3.648 3.770 3.891 4.013 4.134 4.256 4.363 4.298 4.233 4.168 4.103 4.038 3.974 3.844 3.844 3.779 3.585 3.348 3.111 2.874 2.638 2.602 2.590 2.578 2.566 2.554 2.541 2.529 2.517 2.493 2.493 2.481 2.468 2.456 2.440 2.435 2.434 2.435 2.436 2.438 2.439 2.440 2.441 2.443 2.444 2.447 2.447 2.448 2.448 2.448 2.447 2.447
5.831 5.908 5.984 5.987 5.868 5.698 5.698 5.352 5.179 5.006 4.834 4.661 4.488 4.315 4.142 3.969 3.796 3.693 3.617 3.541 3.465 3.389 3.389 3.405 3.527 3.648 3.770 3.891 4.013 4.134 4.256 4.363 4.298 4.233 4.168 4.103 4.039 3.974 3.844 3.844 3.779 3.586 3.349 3.112 2.875 2.638 2.603 2.590 2.578 2.566 2.554 2.542 2.529 2.517 2.493 2.493 2.481 2.469 2.456 2.440 2.435 2.434 2.435 2.436 2.438 2.439 2.440 2.442 2.443 2.444 2.447 2.447 2.448 2.448 2.448 2.447 2.447
6.027 6.050 6.074 6.114 5.953 5.780 5.781 5.435 5.262 5.089 4.916 4.743 4.571 4.398 4.225 4.052 3.879 3.741 3.665 3.589 3.513 3.437 3.437 3.615 3.736 3.858 3.979 4.101 4.222 4.344 4.466 4.587 4.578 4.513 4.448 4.383 4.318 4.254 4.124 4.124 3.958 3.721 3.484 3.247 3.010 2.773 2.660 2.648 2.635 2.623 2.611 2.599 2.587 2.575 2.550 2.550 2.538 2.526 2.508 2.487 2.480 2.474 2.469 2.463 2.458 2.460 2.461 2.462 2.463 2.465 2.467 2.467 2.469 2.469 2.469 2.468 2.468
6.229 6.253 6.276 6.190 6.029 5.860 5.860 5.518 5.345 5.172 4.999 4.826 4.653 4.481 4.308 4.135 3.962 3.789 3.712 3.636 3.560 3.581 3.581 3.824 3.946 4.067 4.189 4.310 4.432 4.554 4.675 4.797 4.858 4.793 4.728 4.663 4.598 4.533 4.330 4.330 4.093 3.856 3.619 3.382 3.145 2.908 2.717 2.705 2.693 2.680 2.668 2.656 2.644 2.632 2.607 2.607 2.595 2.578 2.557 2.536 2.525 2.519 2.514 2.508 2.502 2.497 2.491 2.485 2.484 2.485 2.488 2.488 2.489 2.490 2.490 2.489 2.487
6.585 6.487 6.388 6.290 6.162 5.993 5.993 5.655 5.486 5.317 5.149 4.980 4.811 4.642 4.473 4.301 4.128 3.955 3.807 3.757 3.878 4.000 4.000 4.243 4.365 4.486 4.608 4.730 4.851 4.973 5.094 5.216 5.337 5.352 5.287 5.222 5.158 5.074 4.600 4.600 4.363 4.126 3.889 3.652 3.415 3.178 2.941 2.819 2.807 2.795 2.782 2.770 2.758 2.746 2.717 2.717 2.696 2.676 2.655 2.634 2.614 2.609 2.603 2.598 2.592 2.586 2.581 2.575 2.569 2.564 2.552 2.552 2.547 2.541 2.534 2.528 2.526
