includes/camargue/floodfiles/results_R4_t1.562344205135E12/res-0004.wdfp
ncols         906
nrows         631
xllcorner     362177.146667
yllcorner     6534725.688020
cellsize      20.000000
NODATA_value  -9999.000000
[rows 510 to 543 of 631, columns 154 to 230 of 906]
5.193 5.182 5.165 5.148 5.131 5.041 4.952 4.862 4.772 4.682 4.592 4.502 4.412 4.337 4.297 4.297 4.239 4.212 4.193 4.173 4.154 4.134 4.115 4.095 4.130 4.167 4.193 4.188 4.183 4.178 4.173 4.173 4.163 4.156 4.149 4.141 4.134 4.124 4.112 4.100 4.088 4.077 4.091 4.108 4.125 4.141 4.158 4.158 4.207 4.237 4.255 4.246 4.236 4.226 4.217 4.207 4.198 4.180 4.196 4.246 4.296 4.346 4.397 4.497 4.497 4.548 4.582 4.561 4.539 4.518 4.496 4.475 4.471 4.469 4.467 4.466 4.500
5.173 5.172 5.172 5.155 5.085 4.995 4.905 4.815 4.725 4.640 4.555 4.470 4.385 4.301 4.249 4.249 4.193 4.174 4.154 4.135 4.115 4.096 4.076 4.084 4.121 4.158 4.196 4.233 4.270 4.279 4.274 4.274 4.264 4.257 4.250 4.242 4.230 4.218 4.207 4.195 4.183 4.171 4.159 4.175 4.192 4.208 4.231 4.231 4.292 4.323 4.354 4.362 4.353 4.343 4.334 4.310 4.278 4.246 4.251 4.300 4.350 4.399 4.448 4.548 4.548 4.598 4.648 4.626 4.605 4.599 4.597 4.596 4.594 4.592 4.590 4.588 4.622
5.162 5.162 5.162 5.151 5.065 4.980 4.895 4.810 4.726 4.641 4.556 4.471 4.386 4.312 4.260 4.260 4.174 4.155 4.135 4.116 4.096 4.077 4.057 4.079 4.116 4.154 4.191 4.228 4.265 4.303 4.325 4.325 4.315 4.308 4.301 4.289 4.277 4.265 4.253 4.242 4.230 4.218 4.206 4.208 4.225 4.243 4.273 4.273 4.335 4.365 4.396 4.420 4.411 4.401 4.375 4.343 4.311 4.279 4.278 4.327 4.377 4.426 4.475 4.574 4.574 4.624 4.674 4.665 4.662 4.661 4.659 4.657 4.655 4.653 4.651 4.649 4.683
5.221 5.249 5.277 5.209 5.065 4.981 4.896 4.811 4.726 4.641 4.556 4.472 4.387 4.323 4.272 4.272 4.169 4.135 4.116 4.096 4.077 4.057 4.038 4.075 4.112 4.149 4.186 4.224 4.261 4.298 4.335 4.335 4.365 4.359 4.348 4.336 4.324 4.312 4.300 4.288 4.277 4.265 4.253 4.242 4.259 4.285 4.316 4.316 4.377 4.408 4.439 4.470 4.469 4.440 4.408 4.376 4.345 4.313 4.305 4.355 4.404 4.453 4.503 4.602 4.602 4.651 4.733 4.727 4.724 4.722 4.720 4.718 4.716 4.715 4.713 4.711 4.744
5.374 5.402 5.430 5.286 5.114 4.981 4.896 4.811 4.727 4.642 4.557 4.472 4.387 4.335 4.283 4.283 4.180 4.129 4.097 4.077 4.057 4.038 4.033 4.070 4.107 4.145 4.182 4.219 4.256 4.294 4.331 4.331 4.405 4.407 4.394 4.383 4.371 4.359 4.347 4.335 4.324 4.312 4.300 4.288 4.297 4.328 4.359 4.359 4.424 4.457 4.490 4.522 4.506 4.473 4.441 4.410 4.378 4.346 4.332 4.382 4.431 4.481 4.530 4.644 4.644 4.734 4.824 4.815 4.797 4.783 4.781 4.779 4.778 4.776 4.774 4.772 4.805
5.527 5.555 5.535 5.363 5.191 5.019 4.897 4.812 4.727 4.642 4.557 4.472 4.398 4.347 4.295 4.295 4.192 4.140 4.089 4.058 4.038 4.019 4.028 4.065 4.103 4.140 4.177 4.214 4.252 4.289 4.406 4.406 4.732 4.574 4.554 4.542 4.529 4.516 4.504 4.491 4.479 4.466 4.453 4.441 4.385 4.395 4.428 4.428 4.493 4.526 4.558 4.591 4.559 4.515 4.474 4.443 4.411 4.379 4.360 4.409 4.459 4.508 4.557 4.735 4.735 4.825 4.914 4.904 4.885 4.867 4.848 4.841 4.839 4.837 4.835 4.833 4.866
5.680 5.708 5.612 5.440 5.268 5.096 4.924 4.812 4.727 4.642 4.557 4.472 4.409 4.358 4.307 4.307 4.203 4.152 4.100 4.049 4.019 3.999 4.024 4.061 4.098 4.135 4.173 4.333 4.496 4.659 4.822 4.822 5.052 4.872 4.728 4.716 4.703 4.690 4.678 4.665 4.653 4.640 4.627 4.603 4.537 4.471 4.497 4.496 4.562 4.595 4.627 4.654 4.611 4.568 4.524 4.481 4.444 4.412 4.387 4.436 4.486 4.556 4.645 4.825 4.825 4.915 5.005 4.992 4.973 4.955 4.936 4.918 4.900 4.898 4.896 4.894 4.927
5.833 5.861 5.689 5.517 5.345 5.173 5.001 4.829 4.727 4.643 4.558 4.473 4.421 4.370 4.318 4.318 4.215 4.163 4.112 4.060 4.009 3.982 4.019 4.096 4.259 4.422 4.585 4.748 4.911 5.074 5.237 5.237 5.350 5.169 4.989 4.890 4.877 4.864 4.852 4.839 4.826 4.814 4.801 4.756 4.689 4.623 4.565 4.565 4.631 4.664 4.696 4.707 4.663 4.620 4.576 4.533 4.489 4.446 4.414 4.467 4.556 4.646 4.736 4.916 4.916 5.006 5.095 5.080 5.061 5.043 5.024 5.006 4.988 4.969 4.958 4.956 4.988
5.986 5.938 5.766 5.594 5.422 5.250 5.078 4.906 4.733 4.643 4.558 4.484 4.433 4.381 4.330 4.330 4.227 4.175 4.123 4.074 4.078 4.164 4.349 4.512 4.675 4.838 5.001 5.164 5.327 5.490 5.653 5.653 5.648 5.467 5.287 5.107 5.051 5.038 5.026 5.013 5.000 4.988 4.975 4.908 4.841 4.775 4.708 4.708 4.700 4.732 4.765 4.759 4.716 4.672 4.629 4.585 4.542 4.498 4.491 4.557 4.647 4.737 4.826 5.006 5.006 5.096 5.186 5.168 5.150 5.131 5.112 5.094 5.076 5.057 5.038 5.020 5.072
6.139 6.015 5.843 5.671 5.499 5.327 5.155 4.983 4.810 4.643 4.559 4.496 4.444 4.393 4.341 4.341 4.306 4.311 4.315 4.320 4.325 4.494 4.751 4.928 5.091 5.254 5.417 5.580 5.743 5.906 6.069 6.069 5.945 5.765 5.585 5.404 5.225 5.212 5.200 5.187 5.174 5.162 5.127 5.060 4.993 4.927 4.860 4.860 4.769 4.801 4.834 4.812 4.768 4.725 4.681 4.637 4.635 4.634 4.636 4.691 4.746 4.827 4.917 5.097 5.097 5.186 5.274 5.256 5.237 5.219 5.201 5.182 5.164 5.145 5.164 5.206 5.237
6.265 6.093 5.920 5.748 5.576 5.404 5.232 5.060 4.888 4.715 4.559 4.529 4.533 4.538 4.543 4.543 4.553 4.557 4.562 4.567 4.572 4.824 5.080 5.337 5.507 5.670 5.833 5.996 6.159 6.322 6.485 6.485 6.243 6.063 5.882 5.702 5.522 5.386 5.374 5.361 5.348 5.335 5.279 5.212 5.146 5.079 5.013 5.013 4.880 4.870 4.903 4.864 4.821 4.779 4.778 4.778 4.777 4.776 4.780 4.836 4.891 4.946 5.008 5.187 5.187 5.277 5.363 5.344 5.326 5.307 5.289 5.270 5.294 5.335 5.377 5.418 5.448
6.342 6.170 5.997 5.825 5.653 5.481 5.311 5.260 5.209 5.158 5.017 4.775 4.780 4.785 4.790 4.790 4.799 4.804 4.809 4.814 4.896 5.153 5.410 5.667 5.923 6.086 6.249 6.412 6.575 6.738 6.901 6.901 6.541 6.361 6.180 6.000 5.820 5.639 5.547 5.535 5.522 5.498 5.431 5.364 5.298 5.231 5.165 5.165 5.032 4.965 4.960 4.922 4.921 4.921 4.920 4.920 4.919 4.918 4.925 4.980 5.036 5.091 5.146 5.278 5.278 5.368 5.451 5.432 5.414 5.395 5.423 5.464 5.506 5.547 5.589 5.629 5.659
6.419 6.247 6.164 6.113 6.062 6.010 5.959 5.908 5.857 5.806 5.572 5.243 5.027 5.032 5.036 5.037 5.046 5.051 5.055 5.060 5.226 5.483 5.740 5.997 6.254 6.502 6.665 6.828 6.991 7.154 7.200 7.200 6.839 6.659 6.478 6.298 6.118 5.937 5.757 5.709 5.696 5.650 5.583 5.517 5.450 5.384 5.317 5.317 5.190 5.150 5.096 5.064 5.063 5.063 5.062 5.062 5.061 5.061 5.070 5.125 5.180 5.236 5.291 5.401 5.401 5.458 5.539 5.520 5.552 5.594 5.635 5.677 5.718 5.760 5.801 5.840 5.870
6.915 6.863 6.812 6.761 6.710 6.659 6.607 6.556 6.505 6.454 6.127 5.798 5.470 5.279 5.283 5.283 5.293 5.297 5.302 5.307 5.556 5.813 6.070 6.327 6.584 6.841 7.081 7.244 7.407 7.570 7.498 7.498 7.137 6.957 6.776 6.596 6.415 6.235 6.055 5.883 5.869 5.802 5.736 5.669 5.617 5.577 5.537 5.537 5.457 5.417 5.357 5.276 5.205 5.205 5.204 5.204 5.203 5.203 5.214 5.270 5.325 5.380 5.435 5.546 5.546 5.601 5.678 5.723 5.764 5.806 5.847 5.889 5.930 5.972 6.014 6.051 6.080
6.914 6.863 6.812 6.761 6.710 6.658 6.607 6.556 6.505 6.454 6.126 5.798 5.470 5.278 5.283 5.283 5.293 5.297 5.302 5.307 5.555 5.812 6.069 6.327 6.584 6.841 7.081 7.244 7.407 7.570 7.498 7.498 7.137 6.957 6.776 6.596 6.415 6.235 6.054 5.882 5.868 5.802 5.735 5.669 5.616 5.576 5.537 5.537 5.457 5.417 5.357 5.275 5.205 5.205 5.204 5.204 5.203 5.203 5.214 5.270 5.325 5.380 5.435 5.546 5.546 5.601 5.678 5.723 5.764 5.806 5.847 5.889 5.931 5.972 6.014 6.051 6.080
7.510 7.511 7.460 7.409 7.358 7.307 7.256 7.204 7.153 7.010 6.682 6.353 6.024 5.696 5.530 5.530 5.539 5.544 5.549 5.628 5.885 6.142 6.399 6.656 6.913 7.170 7.427 7.660 7.823 7.976 7.795 7.796 7.435 7.254 7.074 6.894 6.713 6.533 6.352 6.172 6.043 6.003 5.963 5.923 5.883 5.843 5.803 5.803 5.724 5.684 5.618 5.537 5.455 5.374 5.347 5.346 5.345 5.345 5.359 5.414 5.470 5.525 5.580 5.716 5.716 5.803 5.879 5.931 5.977 6.018 6.060 6.101 6.143 6.184 6.226 6.262 6.291
7.984 8.126 8.108 8.057 8.006 7.955 7.904 7.853 7.801 7.565 7.237 6.908 6.580 6.251 5.923 5.923 5.786 5.791 5.796 5.958 6.215 6.472 6.729 6.986 7.243 7.500 7.757 8.014 8.239 8.274 8.093 8.094 7.733 7.552 7.372 7.191 7.010 6.830 6.649 6.468 6.350 6.270 6.230 6.190 6.150 6.110 6.070 6.070 5.991 5.951 5.880 5.798 5.717 5.635 5.554 5.488 5.488 5.487 5.504 5.559 5.614 5.670 5.748 5.922 5.922 6.008 6.079 6.132 6.185 6.230 6.272 6.314 6.355 6.397 6.438 6.472 6.502
8.932 9.074 9.216 9.354 9.303 9.251 9.200 9.149 9.004 8.675 8.347 8.018 7.690 7.362 7.033 7.033 6.376 6.285 6.361 6.618 6.875 7.132 7.389 7.633 7.856 8.078 8.301 8.523 8.729 8.782 8.687 8.687 8.326 8.145 7.965 7.784 7.603 7.423 7.242 7.105 7.002 6.898 6.795 6.725 6.685 6.645 6.605 6.605 6.525 6.484 6.403 6.321 6.240 6.158 6.077 5.995 5.914 5.832 5.812 5.899 5.986 6.073 6.160 6.333 6.333 6.420 6.481 6.534 6.586 6.639 6.692 6.738 6.780 6.821 6.863 6.894 6.923
9.406 9.548 9.690 9.831 9.951 9.900 9.848 9.797 9.559 9.230 8.902 8.574 8.245 7.917 7.588 7.588 6.931 6.603 6.690 6.913 7.136 7.358 7.581 7.804 8.026 8.249 8.472 8.694 8.837 8.889 8.941 8.941 8.622 8.442 8.261 8.080 7.900 7.719 7.539 7.431 7.327 7.224 7.121 7.018 6.952 6.912 6.872 6.872 6.792 6.746 6.664 6.583 6.501 6.420 6.338 6.257 6.175 6.094 6.045 6.117 6.192 6.279 6.366 6.539 6.539 6.626 6.681 6.734 6.787 6.840 6.893 6.946 6.992 7.034 7.075 7.105 7.134
9.880 10.022 10.164 10.305 10.447 10.548 10.497 10.443 10.114 9.786 9.457 9.129 8.800 8.472 8.124 8.124 7.293 6.877 6.882 7.084 7.306 7.529 7.752 7.975 8.197 8.420 8.643 8.865 8.944 8.996 9.049 9.049 8.919 8.738 8.558 8.377 8.196 8.016 7.860 7.756 7.653 7.550 7.446 7.343 7.240 7.179 7.139 7.139 7.059 7.007 6.926 6.844 6.763 6.681 6.600 6.519 6.438 6.357 6.281 6.353 6.425 6.496 6.571 6.745 6.745 6.829 6.882 6.935 6.988 7.041 7.094 7.146 7.199 7.246 7.286 7.315 7.345
10.353 10.495 10.637 10.779 10.921 11.063 11.145 10.998 10.669 10.341 9.980 9.564 9.149 8.733 8.318 8.318 7.487 7.188 7.221 7.255 7.477 7.700 7.923 8.146 8.368 8.591 8.813 8.999 9.052 9.104 9.156 9.156 9.215 9.035 8.854 8.673 8.493 8.312 8.185 8.082 7.979 7.875 7.772 7.669 7.566 7.463 7.406 7.406 7.326 7.269 7.187 7.106 7.024 6.943 6.862 6.781 6.700 6.620 6.539 6.589 6.661 6.733 6.804 6.951 6.951 7.030 7.083 7.136 7.188 7.242 7.294 7.347 7.400 7.453 7.497 7.521 7.544
10.827 10.969 11.111 11.253 11.395 11.537 11.608 11.421 11.005 10.589 10.174 9.759 9.343 8.928 8.512 8.512 7.681 7.528 7.561 7.594 7.648 7.871 8.094 8.317 8.539 8.762 8.984 9.107 9.159 9.211 9.263 9.263 9.368 9.331 9.150 8.970 8.789 8.614 8.511 8.408 8.305 8.201 8.098 7.995 7.892 7.788 7.685 7.685 7.593 7.530 7.448 7.367 7.286 7.205 7.125 7.044 6.963 6.882 6.801 6.826 6.897 6.969 7.041 7.184 7.184 7.281 7.337 7.392 7.448 7.503 7.559 7.614 7.670 7.716 7.705 7.718 7.741
11.301 11.443 11.579 11.545 11.512 11.479 11.446 11.391 11.199 10.784 10.368 9.953 9.537 9.122 8.706 8.707 7.876 7.867 7.900 7.933 7.966 8.042 8.265 8.487 8.710 8.933 9.155 9.214 9.266 9.319 9.371 9.371 9.475 9.527 9.447 9.266 9.086 8.940 8.837 8.733 8.630 8.527 8.424 8.320 8.217 8.114 8.011 8.011 7.860 7.791 7.710 7.629 7.549 7.468 7.387 7.306 7.225 7.145 7.064 7.062 7.134 7.205 7.277 7.451 7.451 7.559 7.630 7.686 7.741 7.797 7.853 7.908 7.951 7.931 7.920 7.931 7.942
11.483 11.450 11.417 11.384 11.350 11.317 11.280 11.224 11.168 10.978 10.563 10.147 9.732 9.316 8.901 8.901 8.174 8.207 8.240 8.273 8.306 8.339 8.436 8.658 8.881 9.103 9.269 9.322 9.374 9.426 9.478 9.478 9.583 9.635 9.687 9.563 9.382 9.266 9.162 9.059 8.956 8.853 8.750 8.646 8.543 8.440 8.336 8.336 8.130 8.053 7.972 7.892 7.811 7.730 7.650 7.569 7.488 7.407 7.326 7.298 7.370 7.442 7.513 7.724 7.724 7.832 7.924 7.980 8.035 8.091 8.146 8.186 8.166 8.146 8.135 8.146 8.157
11.321 11.288 11.255 11.222 11.189 11.155 11.113 11.056 11.000 10.944 10.757 10.341 9.926 9.510 9.095 9.095 8.514 8.546 8.579 8.612 8.645 8.678 8.711 8.829 9.052 9.274 9.377 9.429 9.481 9.533 9.585 9.585 9.690 9.742 9.794 9.846 9.695 9.591 9.488 9.385 9.282 9.169 9.030 8.892 8.753 8.614 8.475 8.475 8.233 8.199 8.165 8.131 8.074 7.993 7.912 7.831 7.751 7.670 7.589 7.535 7.606 7.678 7.780 7.997 7.996 8.105 8.213 8.273 8.329 8.384 8.421 8.401 8.382 8.362 8.350 8.361 8.372
11.160 11.127 11.093 11.060 11.027 10.994 10.945 10.889 10.832 10.776 10.720 10.536 10.120 9.705 9.289 9.289 8.853 8.886 8.919 8.952 8.985 9.018 9.051 9.084 9.223 9.432 9.484 9.536 9.589 9.641 9.693 9.693 9.797 9.846 9.876 9.905 9.891 9.752 9.613 9.474 9.335 9.196 9.057 8.918 8.779 8.640 8.501 8.501 8.319 8.284 8.250 8.216 8.182 8.149 8.115 8.081 8.013 7.932 7.852 7.771 7.843 7.944 8.052 8.269 8.269 8.378 8.486 8.567 8.623 8.657 8.637 8.617 8.597 8.577 8.565 8.576 8.587
10.998 10.965 10.932 10.898 10.865 10.832 10.778 10.721 10.665 10.608 10.552 10.496 10.314 9.899 9.483 9.484 9.193 9.226 9.259 9.292 9.324 9.357 9.390 9.423 9.456 9.539 9.586 9.615 9.645 9.675 9.704 9.704 9.764 9.793 9.823 9.850 9.851 9.779 9.640 9.501 9.362 9.223 9.084 8.945 8.806 8.667 8.528 8.528 8.404 8.369 8.335 8.301 8.267 8.233 8.200 8.166 8.132 8.098 8.064 8.031 8.108 8.217 8.325 8.542 8.542 8.651 8.759 8.861 8.892 8.872 8.852 8.832 8.812 8.792 8.781 8.791 8.802
10.836 10.803 10.770 10.737 10.703 10.666 10.610 10.554 10.497 10.441 10.385 10.328 10.272 10.093 9.678 9.678 9.533 9.565 9.598 9.631 9.664 9.686 9.695 9.704 9.713 9.530 9.533 9.563 9.592 9.622 9.652 9.652 9.711 9.741 9.770 9.783 9.784 9.785 9.666 9.527 9.389 9.250 9.111 8.972 8.833 8.694 8.559 8.559 8.489 8.454 8.419 8.386 8.352 8.318 8.285 8.251 8.217 8.183 8.149 8.166 8.250 8.368 8.486 8.722 8.722 8.840 8.959 9.072 9.107 9.087 9.067 9.047 9.027 9.008 8.996 9.006 9.017
10.675 10.641 10.608 10.575 10.542 10.499 10.442 10.386 10.330 10.273 10.217 10.161 10.104 10.048 9.872 9.872 9.866 9.875 9.884 9.893 9.902 9.911 9.920 9.929 9.885 9.665 9.480 9.510 9.539 9.569 9.599 9.599 9.658 9.688 9.716 9.717 9.717 9.718 9.693 9.554 9.415 9.276 9.137 8.998 8.859 8.721 8.644 8.644 8.575 8.540 8.505 8.470 8.437 8.403 8.369 8.336 8.302 8.268 8.249 8.322 8.395 8.498 8.616 8.852 8.852 8.970 9.088 9.181 9.242 9.302 9.282 9.263 9.243 9.223 9.211 9.221 9.232
10.359 10.480 10.446 10.413 10.380 10.331 10.275 10.219 10.162 10.106 10.049 9.993 9.941 9.913 9.924 9.925 10.091 10.100 10.109 10.118 10.127 10.136 10.145 10.154 10.020 9.800 9.581 9.457 9.487 9.516 9.546 9.546 9.605 9.635 9.649 9.650 9.651 9.652 9.653 9.581 9.442 9.303 9.164 9.025 8.886 8.765 8.730 8.730 8.660 8.625 8.590 8.555 8.522 8.488 8.454 8.420 8.387 8.353 8.405 8.478 8.551 8.627 8.745 8.982 8.982 9.100 9.218 9.289 9.350 9.411 9.472 9.478 9.458 9.438 9.426 9.436 9.447
10.359 10.480 10.446 10.413 10.380 10.331 10.275 10.219 10.162 10.106 10.049 9.993 9.941 9.913 9.924 9.925 10.091 10.100 10.109 10.118 10.127 10.136 10.145 10.154 10.020 9.800 9.581 9.457 9.486 9.516 9.546 9.546 9.605 9.635 9.649 9.650 9.651 9.652 9.653 9.581 9.442 9.303 9.164 9.025 8.886 8.765 8.730 8.730 8.660 8.625 8.590 8.555 8.522 8.488 8.454 8.420 8.386 8.353 8.405 8.478 8.551 8.627 8.745 8.982 8.981 9.100 9.218 9.289 9.350 9.411 9.472 9.478 9.458 9.438 9.425 9.436 9.447
9.898 10.099 10.285 10.251 10.218 10.164 10.107 10.051 9.995 9.954 9.926 9.899 9.872 9.844 9.928 9.928 10.317 10.326 10.334 10.343 10.352 10.361 10.370 10.374 10.155 9.935 9.716 9.497 9.434 9.463 9.493 9.493 9.552 9.582 9.583 9.584 9.584 9.585 9.586 9.587 9.469 9.330 9.191 9.052 8.913 8.850 8.815 8.815 8.745 8.710 8.675 8.641 8.606 8.573 8.539 8.505 8.471 8.488 8.561 8.634 8.707 8.780 8.875 9.111 9.111 9.229 9.336 9.397 9.458 9.519 9.580 9.641 9.673 9.653 9.640 9.651 9.662
9.436 9.637 9.838 10.039 10.053 9.996 9.967 9.939 9.912 9.884 9.857 9.830 9.802 9.775 9.932 9.932 10.423 10.551 10.560 10.569 10.578 10.586 10.595 10.510 10.290 10.071 9.851 9.632 9.412 9.410 9.440 9.440 9.499 9.515 9.516 9.517 9.518 9.519 9.520 9.521 9.495 9.357 9.218 9.079 8.970 8.935 8.900 8.900 8.830 8.796 8.761 8.726 8.691 8.657 8.624 8.590 8.571 8.644 8.717 8.790 8.863 8.936 9.009 9.241 9.241 9.359 9.444 9.505 9.566 9.627 9.689 9.750 9.811 9.868 9.855 9.866 9.822
8.607 8.918 9.230 9.541 9.704 9.790 9.828 9.801 9.773 9.746 9.719 9.691 9.664 9.693 9.939 9.939 10.430 10.675 10.921 11.019 11.028 11.037 11.000 10.780 10.561 10.341 10.122 9.902 9.683 9.463 9.335 9.335 9.382 9.383 9.383 9.384 9.385 9.386 9.387 9.388 9.389 9.389 9.271 9.176 9.141 9.106 9.071 9.071 9.001 8.966 8.932 8.897 8.862 8.827 8.793 8.810 8.883 8.956 9.029 9.102 9.175 9.248 9.321 9.500 9.500 9.599 9.661 9.722 9.783 9.844 9.840 9.830 9.821 9.812 9.848 9.924 9.909
