includes/camargue/floodfiles/results_R4_t1.562344205135E12/res-0010.wd
ncols         906
nrows         631
xllcorner     362177.146667
yllcorner     6534725.688020
cellsize      20.000000
NODATA_value  -9999.000000
[rows 408 to 441 of 631, columns 0 to 76 of 906]
0.141 0.000 0.000 0.010 0.141 0.021 0.000 0.000 0.000 0.000 0.000 0.000 0.000 0.175 0.463 0.752 1.041 1.334 1.705 2.077 2.448 2.819 3.190 3.426 3.426 3.806 4.001 4.198 4.395 4.592 4.789 4.939 5.088 5.237 5.236 5.138 4.793 3.969 3.145 2.322 2.322 0.674 0.000 0.000 0.000 0.000 0.000 0.000 0.000 0.000 0.000 0.000 0.000 0.000 0.000 0.000 0.000 0.000 0.000 0.000 0.000 0.000 0.000 0.000 0.000 0.000 0.000 0.000 0.000 0.000 0.030 0.130 0.000 0.000 0.000 0.000 0.000
0.332 0.131 0.000 0.000 0.000 0.000 0.000 0.000 0.000 0.000 0.000 0.000 0.000 0.000 0.046 0.335 0.624 0.924 1.295 1.667 2.038 2.409 2.780 3.152 3.152 3.624 3.820 4.017 4.197 4.346 4.495 4.643 4.792 4.941 4.903 4.806 4.709 4.611 3.807 2.983 2.983 1.336 0.676 0.236 0.000 0.000 0.000 0.000 0.000 0.000 0.000 0.000 0.000 0.000 0.000 0.000 0.000 0.000 0.000 0.000 0.000 0.000 0.000 0.000 0.000 0.000 0.000 0.000 0.000 0.000 0.090 0.110 0.180 0.180 0.020 0.000 0.000
0.491 0.285 0.080 0.000 0.000 0.000 0.000 0.000 0.001 0.000 0.000 0.000 0.000 0.000 0.000 0.000 0.207 0.514 0.886 1.257 1.628 1.999 2.370 2.742 2.742 3.442 3.603 3.752 3.901 4.050 4.198 4.347 4.496 4.645 4.571 4.473 4.376 4.279 4.181 3.645 3.645 1.998 1.382 0.941 0.502 0.061 0.000 0.000 0.000 0.000 0.000 0.000 0.000 0.000 0.000 0.000 0.000 0.000 0.000 0.000 0.000 0.000 0.000 0.000 0.000 0.000 0.000 0.190 0.380 0.100 0.250 0.240 0.000 0.000 0.000 0.000 0.260
0.491 0.285 0.080 0.000 0.000 0.000 0.000 0.000 0.000 0.000 0.000 0.000 0.000 0.000 0.000 0.000 0.207 0.514 0.885 1.256 1.628 1.999 2.370 2.742 2.742 3.442 3.603 3.752 3.901 4.050 4.198 4.347 4.496 4.645 4.571 4.473 4.376 4.279 4.181 3.645 3.645 1.997 1.381 0.941 0.502 0.061 0.000 0.000 0.000 0.000 0.000 0.000 0.000 0.000 0.000 0.000 0.000 0.000 0.000 0.000 0.000 0.000 0.000 0.000 0.000 0.000 0.000 0.190 0.380 0.100 0.250 0.240 0.000 0.000 0.000 0.000 0.260
0.605 0.400 0.194 0.084 0.002 0.000 0.000 0.000 0.000 0.000 0.000 0.000 0.000 0.000 0.000 0.000 0.000 0.104 0.475 0.846 1.218 1.589 1.960 2.304 2.304 2.934 3.290 3.456 3.605 3.754 3.902 4.051 4.200 4.335 4.238 4.141 4.043 3.946 3.849 3.751 3.751 2.659 2.087 1.647 1.215 0.813 0.411 0.003 0.000 0.000 0.000 0.000 0.000 0.000 0.000 0.000 0.000 0.000 0.000 0.000 0.000 0.000 0.000 0.000 0.000 0.000 0.000 0.000 0.040 0.230 0.250 0.220 0.210 0.210 0.180 0.030 0.390
0.719 0.514 0.337 0.246 0.155 0.064 0.000 0.000 0.000 0.000 0.000 0.000 0.000 0.000 0.000 0.000 0.000 0.000 0.065 0.437 0.795 1.105 1.416 1.726 1.726 2.364 2.720 3.076 3.309 3.458 3.607 3.755 3.904 4.003 3.906 3.808 3.711 3.614 3.516 3.419 3.419 3.224 2.816 2.414 2.012 1.610 1.208 0.806 0.404 0.002 0.000 0.000 0.000 0.000 0.000 0.000 0.000 0.000 0.000 0.000 0.000 0.000 0.000 0.170 0.000 0.000 0.200 0.000 0.310 0.490 0.250 0.000 0.440 0.440 0.000 0.280 0.000
0.947 0.752 0.661 0.570 0.479 0.389 0.298 0.206 0.206 0.016 0.000 0.000 0.000 0.000 0.000 0.000 0.000 0.000 0.000 0.000 0.000 0.000 0.260 0.570 0.570 1.224 1.580 1.936 2.291 2.647 3.003 3.164 3.312 3.338 3.241 3.143 3.046 2.995 2.975 2.955 2.955 2.937 3.222 3.507 3.605 3.203 2.801 2.399 1.997 1.595 0.968 0.038 0.000 0.000 0.000 0.000 0.000 0.000 0.000 0.000 0.000 0.000 0.290 0.210 0.110 0.350 0.250 0.290 0.340 0.020 0.000 0.810 0.240 0.240 0.840 0.740 0.000
1.061 0.915 0.824 0.733 0.642 0.551 0.460 0.369 0.369 0.173 0.057 0.000 0.000 0.000 0.000 0.000 0.000 0.000 0.000 0.000 0.000 0.000 0.000 0.002 0.002 0.654 1.010 1.366 1.721 2.077 2.433 2.788 3.016 3.005 2.916 2.896 2.876 2.855 2.835 2.814 2.814 2.843 3.128 3.413 3.698 3.983 3.598 3.196 2.794 2.392 1.690 0.762 0.000 0.000 0.000 0.000 0.000 0.000 0.000 0.000 0.000 0.000 0.000 0.170 0.450 0.100 0.480 0.310 0.250 0.410 0.560 0.900 0.830 0.830 0.000 0.700 0.920
1.175 1.077 0.986 0.895 0.804 0.713 0.622 0.529 0.529 0.305 0.175 0.046 0.000 0.000 0.000 0.000 0.000 0.000 0.000 0.000 0.000 0.000 0.000 0.000 0.000 0.085 0.440 0.796 1.151 1.507 1.863 2.218 2.626 2.796 2.776 2.756 2.735 2.715 2.694 2.674 2.674 2.750 3.035 3.320 3.605 3.890 4.175 3.993 3.591 3.189 2.412 1.484 0.556 0.000 0.000 0.000 0.000 0.000 0.000 0.000 0.000 0.000 0.600 0.340 0.430 0.290 0.000 0.500 0.230 0.510 0.710 0.730 0.810 0.810 0.740 0.000 0.890
1.330 1.238 1.144 1.050 0.956 0.862 0.768 0.674 0.674 0.428 0.287 0.157 0.028 0.000 0.000 0.000 0.000 0.000 0.000 0.000 0.000 0.000 0.000 0.000 0.000 0.000 0.000 0.225 0.581 0.973 1.402 1.831 2.261 2.455 2.635 2.615 2.595 2.574 2.554 2.534 2.534 2.657 2.942 3.227 3.512 3.796 4.081 4.366 4.387 3.985 3.135 2.206 1.336 0.556 0.000 0.000 0.000 0.000 0.000 0.000 0.000 0.000 0.000 0.910 0.110 0.180 0.530 0.480 0.390 0.600 0.700 0.750 0.860 0.860 0.630 0.700 1.020
1.479 1.383 1.289 1.195 1.101 1.007 0.913 0.819 0.819 0.557 0.411 0.268 0.139 0.010 0.000 0.000 0.000 0.000 0.000 0.000 0.000 0.000 0.000 0.000 0.000 0.000 0.000 0.000 0.179 0.608 1.037 1.466 1.856 2.047 2.239 2.430 2.454 2.434 2.414 2.393 2.393 2.564 2.848 3.133 3.418 3.703 3.988 4.273 4.558 4.782 3.982 3.201 2.421 1.641 0.860 0.079 0.079 0.000 0.000 0.000 0.000 0.000 0.000 0.000 0.000 0.490 0.000 0.440 0.480 0.610 0.660 0.670 0.830 0.830 0.770 0.640 0.980
1.630 1.530 1.434 1.340 1.246 1.152 1.058 0.964 0.964 0.686 0.540 0.394 0.250 0.120 0.002 0.000 0.000 0.000 0.000 0.000 0.000 0.000 0.000 0.000 0.000 0.000 0.000 0.000 0.000 0.243 0.672 1.101 1.449 1.640 1.831 2.022 2.213 2.294 2.273 2.253 2.253 2.470 2.755 3.040 3.325 3.610 3.895 4.134 4.318 4.528 4.887 4.286 3.506 2.726 1.945 1.165 1.165 0.000 0.000 0.000 0.000 0.000 0.000 0.000 0.000 0.000 0.520 0.390 0.500 0.550 0.580 0.640 0.720 0.720 0.520 0.530 0.920
1.781 1.680 1.580 1.485 1.391 1.297 1.203 1.107 1.107 0.815 0.669 0.523 0.377 0.231 0.102 0.000 0.000 0.000 0.000 0.000 0.000 0.000 0.000 0.000 0.000 0.000 0.000 0.000 0.000 0.000 0.307 0.737 1.041 1.232 1.424 1.615 1.806 1.997 2.133 2.112 2.112 2.377 2.662 2.947 3.225 3.408 3.592 3.776 3.959 4.198 4.557 4.916 4.591 3.810 3.030 2.250 2.250 0.689 0.000 0.000 0.000 0.000 0.000 0.000 0.000 0.000 0.000 0.500 0.390 0.490 0.520 0.600 0.450 0.450 0.540 0.560 0.660
1.931 1.831 1.731 1.631 1.536 1.442 1.348 1.236 1.236 0.944 0.798 0.652 0.506 0.360 0.214 0.061 0.000 0.000 0.000 0.000 0.000 0.000 0.000 0.000 0.000 0.000 0.000 0.000 0.000 0.000 0.000 0.372 0.634 0.825 1.016 1.207 1.398 1.589 1.781 1.972 1.972 2.284 2.499 2.683 2.866 3.050 3.234 3.417 3.601 3.867 4.226 4.585 4.944 4.895 4.115 3.335 3.335 1.774 0.920 0.022 0.000 0.000 0.000 0.000 0.000 0.000 0.000 0.000 0.490 0.500 0.000 0.480 0.510 0.510 0.530 0.510 0.540
2.082 1.982 1.882 1.782 1.682 1.587 1.493 1.365 1.365 1.073 0.927 0.781 0.635 0.490 0.353 0.210 0.022 0.000 0.000 0.000 0.000 0.000 0.000 0.000 0.000 0.000 0.000 0.000 0.000 0.000 0.000 0.003 0.226 0.417 0.608 0.800 0.991 1.182 1.373 1.608 1.608 1.957 2.141 2.324 2.508 2.691 2.875 3.059 3.242 3.537 3.896 4.255 4.614 4.973 5.200 4.420 4.420 2.859 1.988 1.097 0.205 0.000 0.000 0.000 0.000 0.000 0.000 0.000 0.000 0.000 0.530 0.500 0.380 0.380 0.360 0.320 0.340
2.233 2.133 2.033 1.933 1.833 1.732 1.638 1.494 1.494 1.203 1.066 0.928 0.791 0.653 0.515 0.370 0.220 0.039 0.000 0.000 0.000 0.000 0.000 0.000 0.000 0.000 0.000 0.000 0.000 0.000 0.000 0.000 0.000 0.004 0.201 0.392 0.610 0.911 1.212 1.513 1.513 1.679 1.782 1.966 2.149 2.333 2.517 2.700 2.884 3.206 3.565 3.924 4.283 4.642 5.001 5.360 5.360 3.944 3.056 2.165 1.273 0.093 0.000 0.000 0.001 0.004 0.002 0.000 0.000 0.000 0.000 0.550 0.510 0.510 0.470 0.120 0.260
2.384 2.284 2.184 2.084 1.983 1.872 1.772 1.641 1.641 1.366 1.228 1.091 0.953 0.816 0.678 0.529 0.380 0.231 0.055 0.000 0.000 0.000 0.000 0.000 0.000 0.000 0.000 0.000 0.000 0.000 0.000 0.000 0.000 0.000 0.000 0.214 0.514 0.816 1.117 1.418 1.418 1.532 1.542 1.607 1.791 1.974 2.158 2.342 2.525 2.876 3.235 3.594 3.953 4.312 4.671 5.030 5.029 5.016 4.027 2.807 1.586 0.366 0.000 0.000 0.000 0.000 0.187 0.087 0.000 0.000 0.000 0.000 0.040 0.040 0.520 0.360 0.270
2.523 2.397 2.271 2.146 2.020 1.894 1.823 1.793 1.793 1.529 1.391 1.254 1.116 0.978 0.838 0.689 0.540 0.391 0.241 0.071 0.000 0.000 0.000 0.000 0.000 0.000 0.000 0.000 0.000 0.000 0.000 0.000 0.000 0.000 0.000 0.119 0.419 0.720 1.022 1.323 1.323 1.384 1.395 1.405 1.432 1.616 1.799 1.983 2.186 2.545 2.904 3.263 3.622 3.981 4.340 4.699 4.699 5.148 4.300 3.080 1.859 0.639 0.000 0.000 0.000 0.000 0.607 0.497 0.000 0.000 0.000 0.000 0.560 0.560 0.570 0.580 0.500
2.546 2.420 2.294 2.168 2.043 1.917 1.874 1.844 1.844 1.691 1.554 1.416 1.279 1.141 0.998 0.849 0.700 0.550 0.401 0.252 0.087 0.000 0.000 0.000 0.001 0.000 0.000 0.000 0.000 0.000 0.000 0.000 0.000 0.000 0.000 0.016 0.325 0.625 0.927 1.215 1.215 1.237 1.247 1.258 1.268 1.279 1.441 1.624 1.856 2.215 2.574 2.933 3.292 3.646 3.998 4.349 4.349 4.655 4.078 3.353 2.133 0.912 0.000 0.000 0.000 0.000 0.000 0.647 0.247 0.167 0.177 0.000 0.000 0.000 0.000 0.610 0.000
2.546 2.420 2.294 2.168 2.043 1.917 1.874 1.844 1.844 1.691 1.554 1.416 1.279 1.141 0.998 0.849 0.699 0.550 0.401 0.252 0.087 0.000 0.000 0.000 0.000 0.000 0.000 0.000 0.000 0.000 0.000 0.000 0.000 0.000 0.000 0.013 0.324 0.626 0.926 1.215 1.215 1.236 1.247 1.258 1.268 1.279 1.441 1.624 1.855 2.215 2.574 2.933 3.292 3.646 3.998 4.349 4.349 4.655 4.078 3.353 2.133 0.912 0.000 0.000 0.000 0.000 0.000 0.647 0.247 0.167 0.177 0.000 0.000 0.000 0.000 0.610 0.000
2.568 2.443 2.317 2.191 2.065 1.955 1.925 1.896 1.895 1.836 1.716 1.579 1.441 1.304 1.158 1.008 0.859 0.710 0.560 0.411 0.262 0.103 0.000 0.000 0.000 0.000 0.000 0.000 0.000 0.000 0.000 0.000 0.000 0.000 0.000 0.000 0.229 0.530 0.831 1.068 1.068 1.089 1.099 1.110 1.121 1.131 1.142 1.266 1.525 1.884 2.241 2.593 2.944 3.296 3.647 3.998 3.998 4.163 3.585 3.008 2.406 1.185 0.000 0.000 0.000 0.000 0.000 0.000 0.000 0.000 0.000 0.000 0.000 0.000 0.000 0.000 1.141
2.591 2.465 2.340 2.214 2.088 2.007 1.977 1.947 1.947 1.887 1.857 1.742 1.604 1.466 1.317 1.168 1.019 0.869 0.720 0.571 0.422 0.271 0.131 0.024 0.024 0.000 0.000 0.000 0.000 0.000 0.000 0.000 0.000 0.000 0.000 0.000 0.134 0.435 0.736 0.920 0.920 0.941 0.952 0.962 0.973 0.984 0.994 1.005 1.188 1.539 1.891 2.242 2.593 2.945 3.296 3.648 3.648 3.670 3.093 2.515 1.938 1.360 0.237 0.000 0.000 0.000 0.000 0.000 0.000 0.000 0.000 0.000 0.642 0.642 0.000 0.000 0.000
2.513 2.511 2.385 2.259 2.139 2.109 2.079 2.049 2.049 1.990 1.960 1.930 1.900 1.786 1.634 1.482 1.331 1.179 1.027 0.875 0.723 0.572 0.438 0.304 0.304 0.060 0.000 0.000 0.000 0.000 0.000 0.000 0.000 0.000 0.000 0.020 0.106 0.245 0.546 0.624 0.625 0.646 0.653 0.658 0.664 0.670 0.675 0.681 0.840 1.008 1.189 1.540 1.892 2.243 2.595 2.946 2.946 2.685 2.108 1.531 0.953 0.376 0.000 0.000 0.000 0.000 0.000 0.000 0.000 0.000 0.000 0.000 0.000 0.000 0.240 0.000 0.017
2.406 2.414 2.408 2.282 2.190 2.161 2.131 2.101 2.100 2.041 1.987 1.933 1.879 1.879 1.785 1.633 1.481 1.329 1.177 1.025 0.874 0.726 0.593 0.459 0.459 0.192 0.078 0.000 0.000 0.000 0.000 0.000 0.000 0.022 0.104 0.186 0.269 0.351 0.450 0.473 0.473 0.484 0.490 0.496 0.501 0.507 0.513 0.538 0.707 0.875 1.043 1.211 1.541 1.893 2.244 2.595 2.595 2.193 1.616 1.038 0.461 0.000 0.000 0.000 0.000 0.000 0.000 0.000 0.000 0.000 0.000 0.000 0.250 0.250 0.090 0.002 0.067
2.299 2.307 2.315 2.305 2.242 2.208 2.154 2.100 2.100 1.992 1.938 1.884 1.833 1.849 1.865 1.783 1.631 1.480 1.328 1.176 1.024 0.881 0.747 0.614 0.614 0.347 0.214 0.095 0.002 0.000 0.000 0.023 0.104 0.186 0.268 0.350 0.390 0.422 0.434 0.320 0.320 0.321 0.327 0.333 0.339 0.344 0.350 0.405 0.573 0.742 0.910 1.078 1.246 1.542 1.893 2.245 2.245 1.700 1.123 0.546 0.000 0.000 0.000 0.000 0.000 0.000 0.000 0.001 0.001 0.002 0.002 0.004 0.005 0.009 0.160 0.060 0.003
2.192 2.193 2.192 2.191 2.213 2.159 2.105 2.051 2.051 1.943 1.889 1.836 1.802 1.818 1.834 1.850 1.782 1.630 1.478 1.326 1.174 1.036 0.902 0.769 0.769 0.502 0.369 0.235 0.113 0.023 0.105 0.186 0.264 0.297 0.329 0.362 0.395 0.428 0.409 0.295 0.295 0.158 0.164 0.170 0.176 0.181 0.187 0.271 0.440 0.608 0.776 0.944 1.113 1.281 1.542 1.894 1.894 1.208 0.631 0.053 0.000 0.000 0.000 0.000 0.000 0.000 0.001 0.002 0.002 0.002 0.002 0.002 0.000 0.000 0.000 0.000 0.000
2.043 2.042 2.041 2.048 2.084 2.110 2.056 2.002 2.002 1.894 1.841 1.787 1.772 1.788 1.804 1.820 1.836 1.780 1.628 1.477 1.325 1.190 1.057 0.923 0.923 0.657 0.523 0.390 0.257 0.173 0.205 0.238 0.270 0.302 0.335 0.367 0.400 0.433 0.384 0.270 0.271 0.043 0.002 0.004 0.006 0.009 0.019 0.138 0.306 0.474 0.643 0.811 0.979 1.147 1.315 1.543 1.543 0.811 0.492 0.173 0.000 0.000 0.001 0.000 0.000 0.000 0.001 0.001 0.000 0.003 0.002 0.000 0.000 0.002 0.000 0.041 0.000
1.892 1.891 1.890 1.907 1.943 1.978 2.007 1.953 1.953 1.846 1.792 1.738 1.742 1.757 1.773 1.789 1.805 1.821 1.779 1.627 1.478 1.345 1.212 1.078 1.078 0.811 0.679 0.547 0.415 0.295 0.211 0.243 0.276 0.308 0.340 0.373 0.406 0.438 0.359 0.246 0.246 0.015 0.000 0.000 0.000 0.000 0.000 0.002 0.173 0.341 0.509 0.677 0.846 1.014 1.177 1.325 1.325 1.012 0.693 0.374 0.056 0.000 0.000 0.001 0.000 0.001 0.001 0.001 0.002 0.002 0.002 0.000 0.000 0.000 0.000 0.000 0.000
1.741 1.740 1.738 1.766 1.802 1.837 1.873 1.905 1.904 1.797 1.743 1.695 1.711 1.727 1.743 1.759 1.775 1.791 1.807 1.777 1.633 1.500 1.367 1.235 1.234 0.971 0.838 0.706 0.574 0.459 0.350 0.249 0.281 0.314 0.346 0.378 0.411 0.444 0.335 0.221 0.221 0.002 0.000 0.000 0.000 0.000 0.000 0.000 0.039 0.207 0.376 0.539 0.687 0.835 0.982 1.130 1.130 1.203 0.893 0.575 0.256 0.001 0.000 0.001 0.001 0.001 0.001 0.001 0.002 0.002 0.000 0.522 0.000 0.000 0.000 0.071 0.000
1.590 1.588 1.590 1.626 1.661 1.697 1.732 1.768 1.767 1.748 1.694 1.665 1.681 1.697 1.713 1.728 1.744 1.760 1.776 1.787 1.790 1.658 1.526 1.394 1.394 1.130 0.998 0.866 0.734 0.624 0.515 0.405 0.296 0.319 0.351 0.384 0.416 0.424 0.310 0.197 0.197 0.001 0.000 0.000 0.000 0.000 0.000 0.000 0.000 0.048 0.197 0.344 0.492 0.640 0.787 0.920 0.920 0.989 1.024 0.776 0.457 0.138 0.001 0.001 0.001 0.001 0.001 0.001 0.001 0.000 0.000 0.000 0.000 0.000 0.000 0.000 0.000
1.439 1.437 1.449 1.485 1.520 1.556 1.591 1.627 1.627 1.698 1.645 1.634 1.650 1.666 1.682 1.694 1.705 1.715 1.726 1.737 1.785 1.818 1.686 1.554 1.553 1.289 1.157 1.025 0.898 0.789 0.679 0.570 0.461 0.351 0.357 0.389 0.422 0.399 0.286 0.172 0.172 0.000 0.000 0.000 0.000 0.000 0.000 0.000 0.000 0.000 0.002 0.149 0.297 0.445 0.592 0.706 0.706 0.775 0.810 0.845 0.657 0.339 0.009 0.001 0.001 0.001 0.001 0.001 0.000 0.000 0.000 0.000 0.000 0.000 0.000 0.021 0.000
1.287 1.286 1.308 1.344 1.379 1.415 1.451 1.486 1.486 1.557 1.593 1.600 1.611 1.622 1.633 1.643 1.654 1.665 1.675 1.693 1.745 1.796 1.845 1.713 1.713 1.449 1.317 1.185 1.063 0.953 0.844 0.734 0.625 0.516 0.406 0.395 0.427 0.375 0.261 0.147 0.147 0.000 0.000 0.000 0.000 0.000 0.000 0.000 0.000 0.000 0.000 0.000 0.102 0.250 0.398 0.492 0.492 0.561 0.596 0.631 0.666 0.539 0.220 0.002 0.001 0.001 0.001 0.000 0.000 0.000 0.000 0.000 0.000 0.001 0.000 0.000 0.000
1.136 1.135 1.168 1.203 1.239 1.274 1.310 1.376 1.376 1.529 1.590 1.555 1.561 1.571 1.582 1.593 1.603 1.614 1.625 1.653 1.704 1.756 1.808 1.860 1.859 1.608 1.476 1.344 1.227 1.118 1.008 0.899 0.790 0.680 0.571 0.462 0.432 0.350 0.236 0.162 0.161 0.017 0.000 0.000 0.000 0.000 0.000 0.000 0.000 0.000 0.000 0.000 0.000 0.054 0.202 0.278 0.278 0.348 0.382 0.417 0.452 0.486 0.421 0.101 0.001 0.001 0.000 0.000 0.000 0.000 0.000 0.000 0.000 0.000 0.000 0.000 0.000
1.017 0.992 1.027 1.098 1.175 1.251 1.328 1.404 1.404 1.557 1.589 1.553 1.518 1.521 1.532 1.542 1.553 1.564 1.574 1.612 1.664 1.716 1.768 1.819 1.819 1.768 1.636 1.504 1.392 1.282 1.173 1.063 0.954 0.845 0.735 0.619 0.491 0.419 0.346 0.274 0.273 0.128 0.055 0.002 0.000 0.000 0.000 0.000 0.000 0.000 0.000 0.000 0.000 0.000 0.002 0.065 0.065 0.134 0.169 0.203 0.238 0.272 0.306 0.301 0.003 0.001 0.000 0.000 0.000 0.000 0.000 0.000 0.000 0.000 0.000 0.000 0.003
