includes/camargue/floodfiles/results_R4_t1.562344205135E12/res-0011.wdfp
ncols         906
nrows         631
xllcorner     362177.146667
yllcorner     6534725.688020
cellsize      20.000000
NODATA_value  -9999.000000
[rows 510 to 543 of 631, columns 462 to 538 of 906]
0.002 0.004 0.004 0.004 0.004 0.003 0.003 0.002 0.002 0.002 0.001 0.001 0.001 0.002 0.001 0.001 0.001 0.002 0.002 0.002 0.003 0.004 0.005 0.009 0.012 0.011 0.009 0.007 0.006 0.004 0.004 0.003 0.003 0.003 0.003 0.003 0.003 0.003 0.002 0.002 0.002 0.002 0.002 0.002 0.002 0.001 0.002 0.001 0.000 0.001 0.000 0.001 0.002 0.002 0.002 0.002 0.002 0.002 0.002 0.005 0.002 0.000 0.000 0.000 0.000 0.000 0.000 0.000 0.000 0.000 0.000 0.000 0.000 0.000 0.000 0.000 0.000
0.002 0.004 0.004 0.005 0.005 0.004 0.004 0.003 0.003 0.002 0.002 0.002 0.001 0.003 0.001 0.002 0.002 0.002 0.002 0.003 0.003 0.004 0.006 0.009 0.012 0.014 0.014 0.011 0.008 0.006 0.005 0.004 0.004 0.003 0.003 0.003 0.003 0.003 0.003 0.003 0.003 0.003 0.003 0.003 0.003 0.002 0.002 0.001 0.001 0.000 0.000 0.001 0.002 0.002 0.002 0.002 0.002 0.003 0.003 0.007 0.002 0.000 0.000 0.000 0.000 0.000 0.000 0.000 0.000 0.000 0.000 0.000 0.000 0.000 0.000 0.000 0.000
0.002 0.003 0.004 0.004 0.004 0.004 0.004 0.004 0.003 0.003 0.002 0.002 0.001 0.003 0.002 0.002 0.002 0.002 0.002 0.003 0.003 0.004 0.005 0.007 0.010 0.013 0.016 0.013 0.010 0.006 0.006 0.005 0.004 0.004 0.004 0.004 0.003 0.003 0.003 0.003 0.003 0.003 0.003 0.003 0.003 0.002 0.002 0.001 0.001 0.001 0.001 0.001 0.002 0.002 0.002 0.002 0.003 0.003 0.003 0.007 0.001 0.000 0.000 0.000 0.000 0.000 0.000 0.000 0.000 0.000 0.000 0.000 0.000 0.000 0.000 0.000 0.000
0.002 0.003 0.004 0.004 0.005 0.004 0.004 0.004 0.003 0.003 0.003 0.002 0.002 0.003 0.002 0.002 0.002 0.002 0.002 0.003 0.003 0.004 0.005 0.007 0.009 0.012 0.015 0.016 0.012 0.008 0.006 0.005 0.004 0.004 0.004 0.004 0.004 0.004 0.003 0.003 0.003 0.003 0.003 0.003 0.003 0.002 0.001 0.001 0.001 0.001 0.001 0.001 0.002 0.002 0.002 0.003 0.003 0.003 0.003 0.008 0.001 0.000 0.000 0.000 0.000 0.000 0.000 0.000 0.000 0.000 0.000 0.000 0.000 0.000 0.000 0.000 0.000
0.002 0.003 0.004 0.004 0.005 0.004 0.004 0.004 0.004 0.003 0.003 0.002 0.002 0.003 0.002 0.002 0.002 0.002 0.002 0.003 0.003 0.003 0.004 0.006 0.008 0.010 0.013 0.016 0.015 0.010 0.008 0.006 0.005 0.004 0.004 0.004 0.004 0.004 0.004 0.004 0.004 0.004 0.003 0.003 0.003 0.003 0.002 0.002 0.001 0.001 0.001 0.002 0.002 0.002 0.002 0.003 0.003 0.003 0.004 0.008 0.001 0.000 0.000 0.000 0.000 0.000 0.000 0.000 0.000 0.000 0.000 0.000 0.000 0.000 0.000 0.000 0.000
0.002 0.003 0.004 0.004 0.004 0.005 0.005 0.004 0.004 0.004 0.003 0.003 0.002 0.004 0.002 0.002 0.002 0.002 0.002 0.002 0.003 0.003 0.004 0.005 0.007 0.009 0.012 0.015 0.017 0.012 0.009 0.007 0.006 0.005 0.004 0.004 0.004 0.004 0.004 0.004 0.004 0.004 0.004 0.003 0.003 0.003 0.002 0.002 0.002 0.002 0.001 0.002 0.002 0.002 0.003 0.003 0.003 0.003 0.004 0.009 0.000 0.000 0.000 0.000 0.000 0.000 0.000 0.000 0.000 0.000 0.000 0.000 0.000 0.000 0.000 0.000 0.000
0.002 0.003 0.003 0.004 0.004 0.005 0.005 0.004 0.004 0.004 0.004 0.003 0.002 0.004 0.002 0.002 0.002 0.002 0.002 0.003 0.003 0.003 0.004 0.005 0.006 0.008 0.010 0.013 0.016 0.015 0.011 0.009 0.007 0.006 0.005 0.005 0.004 0.004 0.004 0.004 0.004 0.004 0.004 0.003 0.003 0.003 0.002 0.002 0.002 0.002 0.002 0.002 0.002 0.002 0.003 0.003 0.003 0.003 0.005 0.009 0.000 0.000 0.000 0.000 0.000 0.000 0.000 0.000 0.000 0.000 0.000 0.000 0.000 0.000 0.000 0.000 0.000
0.002 0.003 0.003 0.004 0.004 0.005 0.005 0.005 0.004 0.004 0.004 0.003 0.002 0.004 0.002 0.002 0.002 0.002 0.002 0.003 0.003 0.003 0.004 0.004 0.006 0.007 0.009 0.012 0.015 0.019 0.015 0.012 0.009 0.007 0.006 0.005 0.005 0.004 0.004 0.004 0.004 0.004 0.004 0.004 0.003 0.004 0.002 0.002 0.002 0.002 0.002 0.002 0.002 0.002 0.003 0.003 0.003 0.004 0.007 0.008 0.000 0.000 0.000 0.000 0.000 0.000 0.000 0.000 0.000 0.000 0.000 0.000 0.000 0.000 0.000 0.000 0.000
0.002 0.003 0.003 0.004 0.004 0.005 0.005 0.005 0.005 0.004 0.004 0.004 0.003 0.005 0.003 0.003 0.003 0.003 0.003 0.003 0.003 0.003 0.004 0.004 0.005 0.007 0.009 0.013 0.013 0.019 0.015 0.016 0.013 0.010 0.007 0.006 0.005 0.005 0.005 0.004 0.004 0.004 0.004 0.004 0.003 0.004 0.002 0.002 0.002 0.002 0.002 0.002 0.002 0.002 0.003 0.003 0.003 0.004 0.009 0.006 0.000 0.000 0.000 0.000 0.000 0.000 0.000 0.000 0.000 0.000 0.000 0.000 0.000 0.000 0.000 0.000 0.000
0.002 0.003 0.003 0.004 0.004 0.004 0.005 0.005 0.005 0.005 0.004 0.004 0.003 0.005 0.003 0.003 0.003 0.003 0.003 0.003 0.003 0.003 0.003 0.004 0.005 0.006 0.010 0.012 0.012 0.018 0.014 0.015 0.015 0.015 0.011 0.008 0.007 0.005 0.005 0.005 0.004 0.004 0.004 0.004 0.003 0.004 0.002 0.002 0.002 0.002 0.002 0.002 0.002 0.002 0.003 0.003 0.003 0.004 0.009 0.011 0.001 0.000 0.000 0.000 0.000 0.000 0.000 0.000 0.000 0.000 0.000 0.000 0.000 0.000 0.000 0.000 0.000
0.002 0.003 0.003 0.004 0.004 0.004 0.005 0.005 0.005 0.005 0.005 0.004 0.003 0.005 0.003 0.003 0.003 0.003 0.003 0.003 0.003 0.003 0.004 0.004 0.005 0.008 0.009 0.011 0.011 0.017 0.014 0.015 0.015 0.015 0.015 0.013 0.010 0.007 0.006 0.005 0.005 0.005 0.004 0.004 0.003 0.004 0.002 0.002 0.002 0.002 0.002 0.002 0.002 0.002 0.003 0.003 0.004 0.005 0.007 0.009 0.008 0.004 0.002 0.000 0.000 0.000 0.000 0.000 0.000 0.000 0.000 0.000 0.000 0.000 0.000 0.000 0.000
0.002 0.003 0.003 0.003 0.004 0.004 0.005 0.005 0.005 0.005 0.005 0.005 0.003 0.006 0.003 0.003 0.003 0.003 0.003 0.003 0.003 0.003 0.004 0.004 0.006 0.007 0.009 0.010 0.010 0.016 0.013 0.014 0.015 0.015 0.015 0.015 0.016 0.012 0.009 0.007 0.006 0.005 0.005 0.004 0.002 0.004 0.002 0.003 0.003 0.003 0.002 0.002 0.003 0.003 0.003 0.004 0.004 0.005 0.005 0.006 0.006 0.010 0.006 0.004 0.000 0.000 0.000 0.000 0.000 0.000 0.000 0.000 0.000 0.000 0.000 0.000 0.000
0.002 0.003 0.003 0.004 0.004 0.004 0.005 0.005 0.005 0.005 0.005 0.005 0.004 0.006 0.004 0.004 0.004 0.004 0.004 0.004 0.004 0.004 0.004 0.006 0.007 0.008 0.009 0.010 0.010 0.016 0.013 0.014 0.015 0.016 0.016 0.016 0.016 0.016 0.016 0.012 0.009 0.007 0.006 0.005 0.003 0.005 0.003 0.003 0.003 0.003 0.003 0.003 0.004 0.004 0.004 0.004 0.005 0.005 0.004 0.005 0.005 0.011 0.006 0.006 0.008 0.000 0.000 0.000 0.000 0.000 0.000 0.000 0.000 0.000 0.000 0.000 0.000
0.004 0.005 0.005 0.006 0.007 0.007 0.008 0.008 0.009 0.009 0.009 0.008 0.007 0.010 0.007 0.007 0.007 0.007 0.007 0.007 0.007 0.008 0.008 0.009 0.009 0.010 0.011 0.012 0.011 0.017 0.014 0.015 0.016 0.017 0.018 0.019 0.019 0.019 0.020 0.021 0.019 0.016 0.013 0.010 0.007 0.009 0.006 0.006 0.006 0.006 0.007 0.007 0.007 0.007 0.007 0.007 0.007 0.007 0.006 0.006 0.006 0.013 0.008 0.008 0.009 0.010 0.014 0.005 0.000 0.000 0.000 0.000 0.000 0.000 0.000 0.000 0.000
0.002 0.002 0.003 0.003 0.004 0.004 0.004 0.005 0.005 0.005 0.005 0.005 0.004 0.007 0.004 0.004 0.004 0.004 0.004 0.004 0.004 0.005 0.006 0.006 0.006 0.007 0.008 0.008 0.008 0.013 0.010 0.011 0.012 0.013 0.014 0.014 0.015 0.015 0.015 0.017 0.015 0.012 0.009 0.007 0.004 0.006 0.003 0.003 0.003 0.003 0.004 0.005 0.004 0.004 0.004 0.004 0.005 0.005 0.003 0.003 0.003 0.009 0.005 0.005 0.006 0.007 0.010 0.002 0.000 0.000 0.000 0.000 0.000 0.000 0.000 0.000 0.000
0.003 0.003 0.003 0.003 0.004 0.004 0.004 0.005 0.005 0.005 0.005 0.005 0.004 0.007 0.004 0.004 0.004 0.004 0.004 0.004 0.005 0.005 0.006 0.006 0.006 0.007 0.007 0.008 0.007 0.012 0.009 0.010 0.011 0.012 0.013 0.013 0.014 0.014 0.015 0.016 0.016 0.016 0.012 0.009 0.005 0.007 0.004 0.004 0.004 0.005 0.005 0.005 0.005 0.005 0.005 0.005 0.005 0.005 0.003 0.003 0.003 0.008 0.005 0.005 0.005 0.006 0.009 0.009 0.006 0.000 0.000 0.000 0.000 0.000 0.000 0.000 0.002
0.003 0.002 0.002 0.002 0.003 0.003 0.003 0.004 0.004 0.004 0.004 0.004 0.004 0.006 0.003 0.003 0.004 0.004 0.004 0.004 0.005 0.005 0.005 0.005 0.005 0.006 0.006 0.007 0.006 0.010 0.008 0.008 0.009 0.010 0.011 0.011 0.012 0.012 0.013 0.014 0.014 0.014 0.014 0.011 0.006 0.008 0.005 0.004 0.004 0.004 0.004 0.004 0.004 0.004 0.004 0.004 0.004 0.004 0.003 0.003 0.002 0.007 0.004 0.004 0.004 0.005 0.006 0.007 0.007 0.007 0.000 0.000 0.000 0.000 0.000 0.000 0.002
0.006 0.004 0.003 0.003 0.003 0.003 0.004 0.004 0.004 0.005 0.005 0.005 0.005 0.007 0.004 0.004 0.005 0.006 0.005 0.006 0.006 0.006 0.006 0.006 0.007 0.007 0.008 0.008 0.007 0.011 0.009 0.010 0.010 0.011 0.012 0.013 0.014 0.014 0.015 0.015 0.016 0.015 0.013 0.012 0.014 0.007 0.005 0.005 0.005 0.005 0.005 0.005 0.005 0.005 0.005 0.005 0.005 0.005 0.003 0.003 0.003 0.008 0.004 0.005 0.005 0.005 0.006 0.007 0.008 0.008 0.006 0.005 0.005 0.004 0.001 0.001 0.002
0.008 0.006 0.004 0.003 0.003 0.004 0.004 0.004 0.004 0.004 0.005 0.004 0.004 0.006 0.004 0.004 0.005 0.005 0.006 0.006 0.006 0.006 0.006 0.007 0.007 0.007 0.008 0.008 0.007 0.011 0.008 0.009 0.010 0.011 0.012 0.013 0.013 0.014 0.014 0.014 0.013 0.012 0.012 0.012 0.018 0.007 0.006 0.004 0.003 0.005 0.005 0.005 0.005 0.005 0.005 0.005 0.005 0.005 0.003 0.003 0.003 0.008 0.004 0.004 0.005 0.005 0.006 0.007 0.007 0.008 0.007 0.007 0.007 0.006 0.006 0.004 0.003
0.007 0.008 0.005 0.004 0.004 0.004 0.004 0.004 0.004 0.004 0.005 0.005 0.004 0.006 0.004 0.005 0.003 0.004 0.005 0.005 0.006 0.006 0.006 0.007 0.007 0.007 0.008 0.008 0.007 0.011 0.008 0.009 0.010 0.010 0.011 0.012 0.013 0.013 0.013 0.011 0.012 0.012 0.012 0.013 0.022 0.008 0.008 0.004 0.003 0.003 0.004 0.005 0.005 0.006 0.006 0.006 0.006 0.005 0.003 0.003 0.003 0.007 0.004 0.004 0.005 0.005 0.005 0.006 0.007 0.007 0.007 0.008 0.008 0.007 0.007 0.006 0.009
0.007 0.009 0.007 0.005 0.004 0.004 0.004 0.004 0.004 0.005 0.005 0.005 0.004 0.006 0.004 0.006 0.003 0.003 0.003 0.004 0.005 0.006 0.006 0.007 0.007 0.007 0.008 0.008 0.007 0.011 0.008 0.008 0.009 0.010 0.011 0.011 0.011 0.010 0.010 0.011 0.011 0.012 0.012 0.014 0.024 0.010 0.010 0.004 0.003 0.003 0.003 0.003 0.004 0.005 0.006 0.006 0.006 0.005 0.003 0.003 0.003 0.007 0.004 0.004 0.004 0.005 0.005 0.006 0.006 0.007 0.007 0.008 0.008 0.008 0.008 0.007 0.008
0.006 0.010 0.008 0.006 0.005 0.004 0.004 0.004 0.004 0.005 0.005 0.005 0.003 0.006 0.004 0.007 0.003 0.003 0.003 0.003 0.003 0.003 0.004 0.006 0.006 0.007 0.008 0.008 0.007 0.010 0.008 0.008 0.009 0.009 0.010 0.009 0.009 0.009 0.010 0.010 0.011 0.011 0.012 0.014 0.027 0.012 0.011 0.005 0.003 0.003 0.003 0.003 0.003 0.004 0.005 0.006 0.006 0.005 0.004 0.004 0.003 0.008 0.004 0.004 0.004 0.005 0.005 0.005 0.006 0.006 0.007 0.008 0.008 0.008 0.008 0.008 0.007
0.005 0.009 0.009 0.007 0.006 0.005 0.004 0.004 0.005 0.005 0.005 0.004 0.003 0.006 0.004 0.008 0.004 0.003 0.003 0.003 0.003 0.003 0.004 0.003 0.004 0.006 0.007 0.007 0.007 0.010 0.007 0.008 0.008 0.008 0.007 0.008 0.008 0.009 0.010 0.010 0.011 0.011 0.012 0.015 0.029 0.013 0.013 0.005 0.004 0.003 0.003 0.003 0.003 0.003 0.003 0.004 0.005 0.005 0.003 0.004 0.003 0.008 0.004 0.004 0.004 0.005 0.005 0.005 0.006 0.006 0.006 0.007 0.008 0.008 0.008 0.008 0.007
0.005 0.008 0.010 0.008 0.006 0.005 0.005 0.005 0.005 0.005 0.004 0.004 0.004 0.006 0.004 0.009 0.005 0.003 0.003 0.003 0.003 0.003 0.004 0.004 0.004 0.004 0.004 0.005 0.006 0.009 0.007 0.007 0.006 0.007 0.007 0.008 0.008 0.009 0.009 0.010 0.010 0.011 0.012 0.015 0.031 0.015 0.014 0.006 0.004 0.004 0.004 0.003 0.003 0.003 0.003 0.004 0.003 0.004 0.003 0.003 0.003 0.008 0.004 0.004 0.004 0.005 0.005 0.005 0.005 0.006 0.006 0.007 0.008 0.008 0.009 0.008 0.007
0.005 0.007 0.011 0.009 0.007 0.006 0.005 0.005 0.005 0.004 0.004 0.004 0.004 0.007 0.004 0.009 0.007 0.004 0.004 0.004 0.004 0.004 0.004 0.004 0.004 0.004 0.004 0.004 0.003 0.007 0.005 0.005 0.006 0.006 0.007 0.007 0.008 0.008 0.009 0.010 0.010 0.011 0.012 0.016 0.032 0.016 0.015 0.008 0.004 0.004 0.004 0.004 0.004 0.003 0.003 0.003 0.003 0.002 0.002 0.003 0.003 0.007 0.004 0.004 0.004 0.005 0.005 0.005 0.005 0.005 0.006 0.007 0.008 0.008 0.009 0.009 0.008
0.005 0.006 0.011 0.010 0.008 0.007 0.006 0.005 0.004 0.004 0.004 0.004 0.004 0.007 0.005 0.008 0.009 0.004 0.004 0.004 0.004 0.004 0.004 0.004 0.004 0.004 0.004 0.004 0.004 0.004 0.004 0.005 0.006 0.006 0.007 0.007 0.008 0.008 0.009 0.009 0.010 0.010 0.011 0.016 0.034 0.017 0.017 0.009 0.005 0.004 0.004 0.004 0.004 0.004 0.003 0.003 0.003 0.002 0.001 0.002 0.002 0.007 0.004 0.004 0.004 0.004 0.005 0.005 0.005 0.005 0.006 0.007 0.008 0.008 0.008 0.009 0.008
0.004 0.005 0.009 0.011 0.009 0.008 0.006 0.005 0.005 0.004 0.004 0.004 0.004 0.007 0.005 0.008 0.011 0.004 0.004 0.004 0.004 0.004 0.004 0.004 0.004 0.004 0.004 0.005 0.005 0.002 0.002 0.004 0.006 0.007 0.007 0.007 0.008 0.008 0.009 0.009 0.010 0.010 0.011 0.017 0.035 0.018 0.018 0.010 0.005 0.004 0.004 0.004 0.004 0.004 0.004 0.003 0.002 0.001 0.001 0.002 0.001 0.006 0.003 0.003 0.004 0.004 0.004 0.005 0.005 0.005 0.006 0.007 0.008 0.008 0.008 0.008 0.008
0.004 0.005 0.008 0.012 0.010 0.008 0.006 0.006 0.005 0.005 0.005 0.005 0.004 0.007 0.005 0.008 0.012 0.005 0.004 0.004 0.004 0.004 0.004 0.004 0.005 0.005 0.006 0.005 0.003 0.001 0.001 0.003 0.004 0.006 0.007 0.008 0.008 0.008 0.008 0.009 0.009 0.010 0.011 0.018 0.036 0.020 0.020 0.012 0.006 0.004 0.004 0.004 0.004 0.004 0.003 0.003 0.002 0.001 0.001 0.001 0.001 0.005 0.002 0.003 0.003 0.004 0.004 0.004 0.005 0.005 0.005 0.007 0.007 0.008 0.008 0.008 0.008
0.005 0.005 0.007 0.013 0.011 0.009 0.008 0.007 0.006 0.005 0.005 0.005 0.004 0.008 0.005 0.008 0.015 0.006 0.004 0.004 0.004 0.005 0.005 0.005 0.006 0.007 0.005 0.003 0.002 0.000 0.000 0.002 0.003 0.004 0.006 0.007 0.009 0.009 0.009 0.009 0.010 0.010 0.012 0.021 0.039 0.023 0.022 0.014 0.007 0.005 0.005 0.005 0.004 0.004 0.003 0.003 0.002 0.001 0.000 0.001 0.001 0.004 0.002 0.003 0.003 0.003 0.004 0.004 0.005 0.005 0.005 0.007 0.007 0.008 0.008 0.009 0.008
0.006 0.007 0.009 0.014 0.019 0.019 0.017 0.015 0.014 0.013 0.012 0.011 0.009 0.014 0.011 0.015 0.025 0.017 0.010 0.010 0.010 0.010 0.010 0.011 0.009 0.006 0.004 0.003 0.001 0.000 0.000 0.001 0.002 0.004 0.005 0.007 0.009 0.011 0.013 0.014 0.015 0.016 0.019 0.031 0.049 0.032 0.032 0.024 0.016 0.010 0.008 0.007 0.007 0.006 0.005 0.004 0.002 0.000 0.000 0.001 0.002 0.007 0.004 0.004 0.005 0.005 0.005 0.005 0.006 0.006 0.007 0.009 0.009 0.010 0.011 0.011 0.010
0.004 0.004 0.005 0.011 0.016 0.014 0.012 0.010 0.009 0.008 0.007 0.006 0.005 0.008 0.006 0.009 0.017 0.009 0.005 0.005 0.005 0.005 0.006 0.006 0.005 0.003 0.002 0.001 0.000 0.000 0.000 0.000 0.000 0.002 0.002 0.003 0.005 0.006 0.008 0.009 0.009 0.009 0.012 0.022 0.038 0.023 0.023 0.016 0.010 0.006 0.005 0.004 0.003 0.003 0.002 0.001 0.001 0.000 0.000 0.000 0.000 0.003 0.002 0.002 0.002 0.002 0.002 0.003 0.003 0.004 0.004 0.005 0.006 0.007 0.007 0.007 0.006
0.003 0.004 0.006 0.008 0.012 0.017 0.022 0.021 0.017 0.013 0.010 0.008 0.006 0.009 0.006 0.009 0.017 0.011 0.006 0.005 0.006 0.006 0.008 0.006 0.004 0.002 0.001 0.001 0.000 0.000 0.000 0.000 0.001 0.001 0.002 0.003 0.004 0.005 0.006 0.008 0.010 0.010 0.012 0.023 0.040 0.025 0.025 0.017 0.010 0.006 0.004 0.004 0.003 0.003 0.002 0.001 0.000 0.000 0.000 0.000 0.000 0.003 0.002 0.002 0.002 0.002 0.002 0.002 0.003 0.003 0.004 0.005 0.006 0.006 0.006 0.006 0.006
0.003 0.005 0.005 0.005 0.006 0.009 0.014 0.020 0.025 0.030 0.025 0.019 0.012 0.012 0.007 0.008 0.015 0.011 0.005 0.006 0.007 0.007 0.005 0.004 0.002 0.001 0.001 0.000 0.000 0.000 0.000 0.000 0.000 0.000 0.001 0.002 0.002 0.003 0.004 0.006 0.008 0.010 0.013 0.027 0.044 0.028 0.028 0.017 0.009 0.005 0.004 0.003 0.002 0.002 0.001 0.000 0.001 0.000 0.000 0.000 0.000 0.002 0.001 0.001 0.002 0.002 0.002 0.002 0.002 0.002 0.002 0.003 0.004 0.004 0.005 0.005 0.004
0.003 0.003 0.003 0.002 0.002 0.002 0.003 0.006 0.010 0.015 0.022 0.025 0.024 0.038 0.029 0.029 0.028 0.026 0.013 0.009 0.008 0.006 0.005 0.003 0.002 0.001 0.000 0.000 0.000 0.000 0.000 0.000 0.000 0.000 0.001 0.001 0.002 0.003 0.004 0.005 0.007 0.010 0.018 0.040 0.060 0.055 0.053 0.040 0.026 0.015 0.006 0.004 0.003 0.002 0.001 0.001 0.000 0.000 0.000 0.000 0.001 0.003 0.001 0.002 0.002 0.002 0.002 0.003 0.003 0.003 0.003 0.004 0.004 0.005 0.005 0.006 0.005
