includes/camargue/floodfiles/results_R4_t1.562344205135E12/res-0002.wd
ncols         906
nrows         631
xllcorner     362177.146667
yllcorner     6534725.688020
cellsize      20.000000
NODATA_value  -9999.000000
[rows 544 to 577 of 631, columns 0 to 76 of 906]
6.433 6.076 5.719 5.361 5.004 4.647 4.290 3.932 3.932 3.821 4.072 4.477 4.882 5.287 5.692 6.097 6.502 6.907 7.312 7.718 7.933 7.845 7.758 7.670 7.670 7.495 7.408 7.320 7.233 7.145 7.057 6.939 6.816 6.667 6.518 6.369 6.221 6.071 5.875 5.680 5.680 5.362 5.324 5.285 5.239 5.185 5.130 5.076 5.022 5.058 5.114 5.170 5.200 5.226 5.252 5.278 5.278 5.336 5.376 5.416 5.455 5.495 5.535 5.575 5.658 5.860 6.031 6.202 6.374 6.545 6.716 6.887 7.790 7.790 8.255 8.721 9.186
6.286 5.929 5.571 5.214 4.857 4.500 4.142 3.935 3.935 3.832 3.854 4.258 4.663 5.068 5.473 5.879 6.284 6.689 7.094 7.514 8.039 7.953 7.856 7.759 7.759 7.564 7.469 7.382 7.294 7.206 7.119 7.021 6.886 6.738 6.580 6.385 6.189 5.994 5.799 5.603 5.603 5.277 5.238 5.200 5.161 5.122 5.083 5.035 4.981 4.993 5.039 5.065 5.092 5.118 5.144 5.170 5.170 5.226 5.266 5.305 5.345 5.385 5.425 5.464 5.511 5.572 5.716 5.887 6.058 6.230 6.401 6.572 7.451 7.451 7.916 8.382 8.847
6.139 5.781 5.424 5.067 4.710 4.353 3.998 3.946 3.946 3.843 3.792 4.040 4.445 4.850 5.255 5.660 6.065 6.470 6.875 7.392 7.917 8.076 7.979 7.882 7.882 7.688 7.591 7.493 7.396 7.299 7.202 7.105 6.894 6.699 6.504 6.308 6.113 5.918 5.722 5.527 5.527 5.192 5.153 5.115 5.076 5.037 4.998 4.959 4.921 4.909 4.931 4.958 4.984 5.010 5.036 5.062 5.062 5.116 5.156 5.195 5.235 5.275 5.316 5.365 5.414 5.473 5.534 5.596 5.743 5.915 6.086 6.257 7.112 7.112 7.577 8.032 8.356
5.998 5.634 5.277 4.920 4.563 4.205 4.009 3.958 3.957 3.854 3.803 3.821 4.226 4.631 5.036 5.441 5.846 6.251 6.744 7.270 7.795 8.200 8.102 8.005 8.005 7.811 7.714 7.617 7.519 7.422 7.325 7.105 6.873 6.636 6.427 6.232 6.037 5.841 5.646 5.450 5.450 5.107 5.068 5.029 4.990 4.952 4.913 4.881 4.884 4.885 4.877 4.869 4.876 4.902 4.928 4.954 4.954 5.006 5.046 5.085 5.125 5.169 5.218 5.267 5.316 5.373 5.435 5.497 5.559 5.621 5.771 5.942 6.773 6.773 7.138 7.461 7.785
5.966 5.487 5.130 4.773 4.415 4.072 4.020 3.969 3.968 3.865 3.814 3.762 4.007 4.412 4.817 5.223 5.628 6.097 6.622 7.147 7.673 8.198 8.226 8.128 8.128 7.934 7.837 7.740 7.643 7.546 7.325 7.103 6.874 6.637 6.399 6.161 5.960 5.765 5.569 5.374 5.374 5.021 4.983 4.944 4.905 4.866 4.852 4.855 4.858 4.860 4.853 4.845 4.837 4.829 4.821 4.846 4.846 4.898 4.936 4.975 5.022 5.071 5.120 5.169 5.218 5.274 5.336 5.398 5.459 5.521 5.583 5.645 6.243 6.243 6.567 6.890 7.214
5.934 5.408 4.982 4.625 4.268 4.083 4.031 3.980 3.980 3.877 3.825 3.773 3.789 4.194 4.599 5.004 5.450 5.975 6.500 7.025 7.550 8.076 8.349 8.252 8.252 8.058 7.960 7.863 7.766 7.546 7.323 7.101 6.875 6.637 6.400 6.162 5.924 5.688 5.493 5.298 5.297 4.936 4.898 4.859 4.820 4.823 4.826 4.829 4.832 4.835 4.828 4.820 4.812 4.805 4.797 4.789 4.789 4.790 4.827 4.875 4.924 4.973 5.022 5.071 5.120 5.175 5.236 5.298 5.360 5.422 5.481 5.536 5.672 5.672 5.996 6.319 6.643
5.903 5.376 4.850 4.478 4.145 4.094 4.042 3.991 3.991 3.888 3.836 3.785 3.733 3.975 4.380 4.802 5.327 5.853 6.378 6.903 7.428 7.953 8.472 8.375 8.375 8.181 8.084 7.987 7.766 7.544 7.322 7.100 6.876 6.638 6.400 6.163 5.925 5.687 5.450 5.221 5.221 4.851 4.813 4.791 4.794 4.797 4.800 4.803 4.806 4.809 4.804 4.796 4.788 4.780 4.773 4.765 4.765 4.752 4.762 4.791 4.827 4.875 4.924 4.973 5.022 5.075 5.137 5.199 5.258 5.313 5.367 5.421 5.538 5.538 5.597 5.748 6.072
5.871 5.345 4.818 4.330 4.156 4.105 4.053 4.002 4.002 3.899 3.848 3.796 3.745 3.757 4.162 4.680 5.205 5.730 6.255 6.781 7.306 7.831 8.356 8.499 8.498 8.304 8.207 7.986 7.764 7.542 7.320 7.098 6.876 6.639 6.401 6.164 5.926 5.688 5.451 5.213 5.213 4.766 4.761 4.764 4.767 4.771 4.774 4.777 4.780 4.783 4.780 4.772 4.764 4.756 4.748 4.741 4.740 4.736 4.736 4.765 4.794 4.823 4.852 4.881 4.924 4.976 5.035 5.090 5.144 5.198 5.252 5.306 5.424 5.424 5.483 5.542 5.601
5.901 5.379 4.857 4.364 4.214 4.159 4.103 4.048 4.047 3.936 3.881 3.826 3.770 3.714 4.033 4.558 5.083 5.608 6.133 6.658 7.184 7.709 8.234 8.622 8.622 8.427 8.206 7.984 7.762 7.540 7.318 7.096 6.874 6.640 6.402 6.164 5.927 5.689 5.451 5.213 5.213 4.760 4.744 4.738 4.741 4.744 4.747 4.750 4.754 4.757 4.756 4.748 4.740 4.732 4.724 4.722 4.722 4.720 4.719 4.739 4.768 4.797 4.826 4.854 4.883 4.896 4.921 4.975 5.029 5.083 5.137 5.191 5.309 5.309 5.369 5.428 5.487
6.028 5.506 4.984 4.617 4.334 4.275 4.220 4.164 4.164 4.053 3.997 3.942 3.886 3.840 3.907 4.432 4.958 5.484 6.010 6.536 7.061 7.586 8.112 8.637 8.637 8.426 8.204 7.982 7.760 7.538 7.316 7.094 6.872 6.640 6.403 6.165 5.927 5.690 5.452 5.226 5.226 4.787 4.743 4.735 4.728 4.720 4.721 4.724 4.727 4.731 4.732 4.724 4.716 4.709 4.707 4.706 4.706 4.704 4.703 4.713 4.742 4.770 4.799 4.828 4.855 4.850 4.845 4.860 4.914 4.968 5.022 5.077 5.195 5.195 5.254 5.314 5.373
6.154 5.633 5.151 4.869 4.586 4.392 4.336 4.281 4.280 4.169 4.114 4.058 4.003 3.972 3.943 4.306 4.832 5.358 5.884 6.409 6.935 7.461 7.987 8.513 8.513 8.424 8.202 7.980 7.758 7.536 7.314 7.092 6.870 6.641 6.404 6.166 5.928 5.692 5.473 5.253 5.253 4.814 4.742 4.734 4.727 4.719 4.711 4.704 4.701 4.705 4.707 4.700 4.694 4.693 4.692 4.690 4.690 4.688 4.687 4.686 4.715 4.744 4.773 4.802 4.810 4.805 4.800 4.795 4.800 4.854 4.908 4.962 5.081 5.081 5.140 5.199 5.259
6.281 5.759 5.404 5.121 4.838 4.555 4.452 4.397 4.397 4.286 4.230 4.175 4.134 4.105 4.075 4.180 4.706 5.232 5.757 6.283 6.809 7.335 7.861 8.464 8.464 8.619 8.326 8.033 7.756 7.534 7.312 7.090 6.868 6.642 6.404 6.167 5.939 5.719 5.499 5.280 5.280 4.840 4.741 4.733 4.726 4.718 4.710 4.703 4.695 4.688 4.681 4.680 4.678 4.677 4.676 4.674 4.674 4.672 4.671 4.670 4.689 4.718 4.747 4.770 4.765 4.760 4.755 4.750 4.745 4.739 4.793 4.848 4.967 4.967 5.026 5.082 5.139
6.281 5.759 5.404 5.121 4.838 4.555 4.452 4.397 4.397 4.286 4.231 4.175 4.134 4.105 4.075 4.180 4.706 5.232 5.758 6.283 6.809 7.335 7.861 8.464 8.464 8.620 8.326 8.033 7.756 7.534 7.312 7.090 6.868 6.642 6.404 6.167 5.939 5.719 5.499 5.280 5.280 4.840 4.741 4.733 4.725 4.718 4.710 4.703 4.695 4.687 4.681 4.679 4.678 4.677 4.676 4.674 4.674 4.672 4.671 4.670 4.689 4.718 4.747 4.770 4.765 4.760 4.755 4.750 4.745 4.740 4.793 4.849 4.967 4.967 5.026 5.082 5.139
6.408 5.938 5.656 5.373 5.090 4.808 4.569 4.513 4.513 4.403 4.347 4.296 4.267 4.237 4.208 4.178 4.580 5.106 5.631 6.157 6.683 7.209 7.800 8.420 8.420 8.839 8.545 8.252 7.958 7.665 7.371 7.088 6.866 6.643 6.405 6.185 5.965 5.746 5.526 5.306 5.306 4.867 4.739 4.732 4.724 4.717 4.709 4.701 4.694 4.686 4.671 4.665 4.663 4.661 4.660 4.658 4.658 4.656 4.655 4.653 4.663 4.691 4.720 4.725 4.720 4.715 4.710 4.704 4.699 4.694 4.689 4.734 4.849 4.849 4.906 4.962 5.019
6.535 6.190 5.908 5.625 5.343 5.060 4.777 4.630 4.630 4.519 4.463 4.429 4.399 4.370 4.340 4.311 4.454 4.979 5.505 6.031 6.557 7.136 7.756 8.376 8.376 9.058 8.765 8.471 8.178 7.884 7.591 7.297 7.004 6.625 6.431 6.211 5.992 5.772 5.552 5.333 5.333 4.893 4.738 4.731 4.723 4.715 4.708 4.700 4.689 4.675 4.660 4.652 4.650 4.647 4.645 4.643 4.643 4.640 4.639 4.637 4.636 4.665 4.684 4.679 4.674 4.669 4.664 4.659 4.654 4.650 4.645 4.643 4.729 4.729 4.785 4.842 4.898
6.977 6.695 6.412 6.130 5.847 5.564 5.282 4.999 4.999 4.753 4.723 4.694 4.664 4.635 4.605 4.576 4.546 4.727 5.253 5.808 6.428 7.048 7.668 8.288 8.288 9.496 9.203 8.909 8.616 8.322 8.029 7.556 7.010 6.463 6.174 6.028 5.881 5.735 5.589 5.386 5.386 4.947 4.736 4.728 4.721 4.711 4.696 4.681 4.667 4.652 4.637 4.627 4.624 4.622 4.619 4.617 4.617 4.612 4.610 4.608 4.605 4.599 4.595 4.591 4.586 4.582 4.577 4.573 4.569 4.564 4.560 4.559 4.559 4.559 4.559 4.601 4.657
7.230 6.947 6.664 6.382 6.099 5.816 5.534 5.251 5.251 4.885 4.855 4.826 4.797 4.767 4.738 4.708 4.679 4.649 5.144 5.764 6.384 7.004 7.624 8.244 8.244 9.484 9.422 9.128 8.835 8.541 8.022 7.475 6.928 6.382 6.034 5.888 5.742 5.596 5.449 5.303 5.303 4.973 4.753 4.727 4.714 4.699 4.685 4.670 4.655 4.641 4.626 4.614 4.611 4.609 4.607 4.604 4.604 4.600 4.597 4.594 4.558 4.540 4.551 4.548 4.544 4.539 4.535 4.531 4.526 4.522 4.517 4.517 4.517 4.517 4.517 4.518 4.537
7.308 7.019 6.729 6.439 6.149 5.859 5.569 5.279 5.279 4.929 4.904 4.880 4.855 4.831 4.806 4.781 4.757 4.732 5.092 5.718 6.340 6.960 7.580 8.200 8.200 9.440 9.641 9.348 9.034 8.487 7.941 7.394 6.847 6.301 5.895 5.748 5.602 5.456 5.310 5.164 5.163 4.871 4.738 4.717 4.702 4.688 4.673 4.659 4.644 4.629 4.615 4.601 4.598 4.596 4.594 4.591 4.591 4.587 4.566 4.530 4.495 4.476 4.487 4.498 4.501 4.497 4.492 4.488 4.484 4.479 4.475 4.475 4.475 4.475 4.475 4.476 4.476
7.295 7.005 6.715 6.425 6.135 5.845 5.555 5.265 5.265 4.990 4.932 4.907 4.883 4.858 4.833 4.809 4.784 4.852 5.023 5.649 6.275 6.901 7.527 8.153 8.153 9.396 9.860 9.499 8.953 8.406 7.860 7.313 6.766 6.220 5.755 5.609 5.463 5.316 5.170 5.024 5.024 4.779 4.716 4.692 4.684 4.677 4.662 4.648 4.633 4.618 4.604 4.589 4.586 4.583 4.581 4.579 4.578 4.537 4.502 4.466 4.431 4.413 4.424 4.435 4.446 4.454 4.450 4.445 4.441 4.437 4.432 4.433 4.433 4.433 4.433 4.434 4.434
7.253 6.992 6.702 6.412 6.122 5.832 5.542 5.252 5.252 5.058 4.977 4.935 4.910 4.886 4.861 4.836 4.870 4.973 5.075 5.580 6.206 6.832 7.458 8.084 8.084 9.336 9.811 9.418 8.872 8.325 7.778 7.232 6.685 6.139 5.615 5.469 5.323 5.177 5.030 4.884 4.884 4.758 4.695 4.665 4.658 4.650 4.643 4.635 4.622 4.607 4.593 4.578 4.573 4.571 4.568 4.545 4.545 4.474 4.438 4.403 4.367 4.350 4.361 4.372 4.383 4.393 4.404 4.403 4.398 4.394 4.391 4.391 4.391 4.391 4.391 4.392 4.382
7.121 6.978 6.688 6.398 6.108 5.818 5.529 5.288 5.288 5.126 5.045 4.963 4.938 4.913 4.888 4.889 4.991 5.093 5.195 5.511 6.137 6.763 7.389 8.015 8.015 9.121 9.345 9.111 8.666 8.222 7.697 7.151 6.604 6.057 5.511 5.330 5.183 5.037 4.925 4.862 4.862 4.736 4.673 4.638 4.630 4.623 4.615 4.608 4.600 4.593 4.581 4.567 4.560 4.553 4.517 4.482 4.481 4.410 4.375 4.339 4.304 4.287 4.298 4.309 4.320 4.330 4.341 4.352 4.356 4.351 4.349 4.349 4.349 4.349 4.327 4.303 4.279
6.990 6.884 6.675 6.385 6.095 5.805 5.515 5.356 5.356 5.193 5.112 5.031 4.965 4.940 4.916 5.009 5.111 5.214 5.316 5.441 6.067 6.693 7.319 7.946 7.946 8.655 8.879 8.793 8.349 7.904 7.460 7.015 6.523 5.976 5.430 5.190 5.044 4.966 4.903 4.840 4.840 4.714 4.651 4.610 4.602 4.595 4.587 4.580 4.573 4.565 4.558 4.551 4.524 4.489 4.453 4.418 4.418 4.347 4.311 4.276 4.240 4.224 4.235 4.246 4.256 4.267 4.278 4.289 4.300 4.309 4.307 4.296 4.248 4.248 4.223 4.199 4.175
6.859 6.752 6.646 6.371 6.081 5.792 5.505 5.423 5.423 5.261 5.179 5.098 5.017 4.968 5.028 5.130 5.232 5.334 5.436 5.539 5.998 6.624 7.250 7.741 7.741 8.189 8.413 8.475 8.031 7.586 7.142 6.697 6.253 5.809 5.348 5.070 5.007 4.944 4.881 4.818 4.818 4.692 4.629 4.582 4.575 4.567 4.560 4.553 4.546 4.538 4.526 4.498 4.465 4.427 4.390 4.354 4.354 4.283 4.247 4.212 4.176 4.161 4.171 4.182 4.193 4.204 4.215 4.226 4.237 4.251 4.227 4.193 4.144 4.144 4.120 4.096 4.072
6.728 6.621 6.515 6.358 6.068 5.778 5.572 5.491 5.491 5.328 5.247 5.166 5.091 5.069 5.154 5.251 5.353 5.455 5.557 5.659 5.929 6.555 7.051 7.275 7.275 7.723 7.946 8.158 7.713 7.269 6.824 6.380 5.935 5.491 5.185 5.036 4.985 4.923 4.860 4.796 4.796 4.670 4.607 4.555 4.548 4.540 4.533 4.526 4.518 4.496 4.468 4.440 4.407 4.369 4.330 4.292 4.292 4.219 4.184 4.148 4.113 4.097 4.108 4.119 4.130 4.141 4.152 4.167 4.183 4.199 4.173 4.116 4.041 4.041 4.017 3.993 3.969
6.596 6.490 6.383 6.277 6.054 5.764 5.640 5.559 5.558 5.396 5.354 5.325 5.295 5.265 5.340 5.426 5.512 5.597 5.683 5.780 5.882 6.361 6.585 6.809 6.809 7.256 7.480 7.704 7.395 6.951 6.507 6.062 5.709 5.423 5.137 4.987 4.937 4.886 4.836 4.775 4.774 4.649 4.586 4.528 4.521 4.513 4.506 4.493 4.465 4.437 4.409 4.381 4.349 4.311 4.272 4.234 4.234 4.157 4.120 4.085 4.049 4.034 4.045 4.056 4.067 4.082 4.098 4.115 4.131 4.147 4.118 4.061 3.948 3.948 3.914 3.890 3.866
6.465 6.358 6.252 6.145 6.039 5.789 5.707 5.647 5.647 5.588 5.558 5.529 5.499 5.469 5.526 5.611 5.697 5.783 5.869 5.954 6.099 6.214 6.224 6.343 6.343 6.790 7.014 7.238 7.078 6.633 6.234 5.948 5.662 5.375 5.089 4.938 4.888 4.838 4.787 4.737 4.737 4.627 4.564 4.501 4.493 4.486 4.462 4.434 4.406 4.378 4.350 4.323 4.291 4.253 4.214 4.176 4.176 4.099 4.060 4.022 3.986 3.971 3.982 3.998 4.014 4.030 4.046 4.062 4.079 4.095 4.064 4.007 3.893 3.893 3.836 3.786 3.762
6.377 6.265 6.152 6.040 5.927 5.911 5.881 5.851 5.851 5.792 5.762 5.733 5.703 5.673 5.711 5.797 5.883 5.968 6.054 6.210 6.472 6.684 6.694 6.703 6.703 6.723 6.733 6.772 6.760 6.472 6.186 5.900 5.614 5.328 5.042 4.890 4.839 4.789 4.739 4.688 4.688 4.588 4.538 4.479 4.460 4.432 4.404 4.376 4.348 4.320 4.292 4.264 4.233 4.195 4.156 4.118 4.118 4.041 4.002 3.964 3.925 3.914 3.929 3.945 3.961 3.978 3.994 4.010 4.026 4.043 4.010 3.953 3.839 3.839 3.782 3.725 3.668
6.323 6.210 6.098 5.985 5.975 6.040 6.045 6.051 6.051 5.996 5.966 5.937 5.907 5.877 5.897 5.983 6.068 6.154 6.321 6.583 6.846 7.108 7.163 7.173 7.173 7.193 7.202 7.212 6.810 6.425 6.139 5.852 5.566 5.280 4.994 4.841 4.791 4.741 4.690 4.640 4.640 4.539 4.489 4.448 4.407 4.373 4.345 4.317 4.290 4.262 4.234 4.206 4.175 4.137 4.098 4.060 4.060 3.983 3.945 3.926 3.915 3.905 3.895 3.893 3.909 3.925 3.942 3.958 3.974 3.990 3.955 3.898 3.784 3.784 3.727 3.670 3.614
6.323 6.211 6.098 5.985 5.975 6.040 6.045 6.051 6.051 5.996 5.966 5.937 5.907 5.877 5.897 5.983 6.068 6.154 6.321 6.583 6.846 7.108 7.164 7.173 7.173 7.193 7.202 7.212 6.810 6.425 6.139 5.852 5.566 5.280 4.994 4.841 4.791 4.741 4.690 4.640 4.640 4.539 4.489 4.448 4.408 4.373 4.346 4.318 4.290 4.262 4.234 4.206 4.176 4.137 4.099 4.060 4.060 3.983 3.945 3.927 3.916 3.905 3.896 3.894 3.910 3.926 3.942 3.958 3.974 3.990 3.955 3.898 3.784 3.784 3.727 3.670 3.614
6.269 6.156 6.043 6.008 6.087 6.166 6.174 6.180 6.180 6.190 6.170 6.141 6.111 6.081 6.083 6.168 6.254 6.432 6.694 6.957 7.219 7.481 7.633 7.643 7.643 7.662 7.672 7.441 6.960 6.479 6.091 5.805 5.519 5.233 4.947 4.793 4.742 4.692 4.642 4.591 4.591 4.491 4.454 4.417 4.377 4.336 4.294 4.259 4.231 4.203 4.175 4.147 4.117 4.079 4.041 4.002 4.002 3.939 3.928 3.917 3.906 3.895 3.886 3.876 3.866 3.873 3.889 3.906 3.922 3.938 3.901 3.844 3.730 3.730 3.673 3.618 3.590
6.214 6.102 6.040 6.119 6.198 6.277 6.303 6.308 6.308 6.319 6.324 6.330 6.315 6.285 6.268 6.354 6.543 6.805 7.068 7.330 7.592 7.854 8.103 8.113 8.112 8.132 8.073 7.591 7.110 6.629 6.147 5.757 5.471 5.185 4.899 4.744 4.694 4.643 4.593 4.543 4.543 4.460 4.423 4.386 4.347 4.305 4.264 4.222 4.181 4.144 4.116 4.089 4.059 4.021 3.982 3.951 3.951 3.929 3.918 3.907 3.896 3.886 3.876 3.866 3.857 3.847 3.838 3.853 3.870 3.886 3.846 3.789 3.677 3.677 3.649 3.621 3.594
6.105 6.184 6.262 6.341 6.420 6.499 6.560 6.566 6.565 6.576 6.582 6.587 6.593 6.598 6.618 6.872 7.218 7.552 7.814 8.076 8.338 8.601 8.863 9.052 9.052 8.854 8.372 7.891 7.410 6.928 6.447 5.966 5.484 5.090 4.804 4.647 4.596 4.546 4.509 4.472 4.472 4.398 4.361 4.324 4.287 4.245 4.204 4.162 4.121 4.080 4.038 3.997 3.956 3.954 3.943 3.932 3.932 3.910 3.899 3.888 3.877 3.867 3.857 3.847 3.838 3.828 3.818 3.809 3.799 3.790 3.767 3.739 3.684 3.683 3.656 3.628 3.600
6.216 6.295 6.373 6.452 6.531 6.610 6.689 6.694 6.694 6.705 6.710 6.716 6.721 6.745 6.769 6.937 7.283 7.630 7.976 8.322 8.668 8.974 9.236 9.498 9.498 9.003 8.522 8.041 7.560 7.078 6.597 6.115 5.634 5.153 4.756 4.598 4.552 4.516 4.479 4.442 4.441 4.367 4.330 4.293 4.256 4.215 4.174 4.132 4.091 4.049 4.007 3.963 3.923 3.925 3.927 3.922 3.922 3.900 3.889 3.878 3.867 3.857 3.847 3.838 3.828 3.818 3.809 3.799 3.782 3.763 3.751 3.739 3.687 3.687 3.659 3.631 3.604
6.327 6.406 6.485 6.563 6.642 6.721 6.800 6.823 6.823 6.834 6.839 6.846 6.871 6.896 6.920 7.002 7.349 7.695 8.041 8.387 8.733 9.080 9.426 9.772 9.772 9.159 8.677 8.195 7.714 7.232 6.751 6.269 5.787 5.306 4.824 4.559 4.521 4.485 4.448 4.410 4.410 4.336 4.299 4.262 4.225 4.185 4.143 4.102 4.060 4.016 3.973 3.930 3.891 3.893 3.895 3.897 3.897 3.890 3.879 3.868 3.857 3.847 3.837 3.828 3.818 3.809 3.792 3.774 3.755 3.737 3.724 3.713 3.690 3.690 3.662 3.635 3.607
