includes/camargue/floodfiles/results_R4_t1.562344205135E12/res-0006.wdfp
ncols         906
nrows         631
xllcorner     362177.146667
yllcorner     6534725.688020
cellsize      20.000000
NODATA_value  -9999.000000
[rows 476 to 509 of 631, columns 154 to 230 of 906]
3.585 3.600 3.616 3.631 3.662 3.697 3.731 3.760 3.755 3.770 3.786 3.802 3.818 3.833 3.849 3.849 3.881 3.875 3.851 3.827 3.802 3.804 3.809 3.813 3.817 3.821 3.825 3.821 3.808 3.796 3.783 3.783 3.758 3.735 3.709 3.683 3.657 3.635 3.630 3.624 3.618 3.613 3.607 3.602 3.596 3.586 3.574 3.575 3.548 3.520 3.493 3.465 3.438 3.410 3.383 3.355 3.328 3.301 3.288 3.274 3.260 3.247 2.724 3.209 3.209 3.196 3.183 3.171 3.158 2.654 3.133 3.124 2.645 2.645 3.096 3.087 2.705
3.614 3.649 3.684 3.719 3.753 3.788 3.823 3.838 3.832 3.830 3.846 3.862 3.877 3.893 3.909 3.909 3.940 3.920 3.896 3.872 3.847 3.827 3.831 3.835 3.839 3.844 3.848 3.836 3.824 3.811 3.799 3.799 3.774 3.760 3.734 3.708 3.682 3.670 3.665 3.659 3.653 3.648 3.642 3.636 3.631 3.625 3.613 3.613 3.578 3.551 3.523 3.496 3.469 3.441 3.413 3.386 3.359 3.331 3.311 3.297 3.284 3.271 3.258 3.233 3.233 2.674 2.714 3.195 3.182 2.704 3.157 2.694 3.138 2.704 3.120 2.715 2.675
3.797 3.832 3.867 3.902 3.937 3.971 3.998 3.993 3.987 3.981 3.975 3.981 3.997 4.013 4.028 4.028 4.035 4.010 3.986 3.962 3.938 3.913 3.889 3.880 3.885 3.889 3.880 3.867 3.855 3.843 3.830 3.830 3.805 3.793 3.780 3.759 3.746 3.740 3.734 3.729 3.723 3.717 3.712 3.706 3.701 3.695 3.688 3.688 3.638 3.611 3.583 3.556 3.528 3.501 3.473 3.446 3.418 3.390 3.363 3.345 3.332 3.320 3.307 3.282 3.282 3.269 3.256 3.244 3.231 3.218 3.206 2.654 2.704 3.176 2.694 2.685 3.133
3.889 3.924 3.958 3.993 4.028 4.063 4.076 4.070 4.064 4.059 4.053 4.047 4.057 4.072 4.088 4.088 4.080 4.056 4.031 4.007 3.983 3.958 3.934 3.909 3.907 3.908 3.895 3.883 3.871 3.858 3.846 3.846 3.821 3.808 3.796 3.785 3.774 3.766 3.758 3.750 3.742 3.733 3.725 3.717 3.709 3.701 3.690 3.690 3.645 3.618 3.590 3.563 3.535 3.507 3.480 3.452 3.425 3.397 3.378 3.378 3.364 3.349 3.335 3.306 3.306 2.704 2.694 2.704 2.684 3.243 3.230 3.217 3.208 3.197 2.694 2.694 2.685
3.982 4.015 4.050 4.085 4.119 4.154 4.153 4.148 4.142 4.136 4.130 4.125 4.119 4.132 4.148 4.148 4.125 4.101 4.076 4.052 4.028 4.003 3.979 3.954 3.930 3.924 3.911 3.902 3.895 3.889 3.883 3.883 3.871 3.865 3.858 3.822 3.778 3.770 3.762 3.754 3.746 3.738 3.730 3.722 3.713 3.705 3.691 3.691 3.652 3.625 3.597 3.569 3.542 3.514 3.487 3.459 3.432 3.404 3.406 3.408 3.396 3.382 3.368 2.723 2.723 3.325 3.311 3.297 3.282 3.268 3.254 3.242 3.229 3.213 2.694 2.704 2.614
4.083 4.107 4.141 4.176 4.211 4.237 4.231 4.225 4.219 4.214 4.208 4.202 4.196 4.192 4.208 4.208 4.170 4.146 4.121 4.097 4.073 4.047 4.022 3.996 3.972 3.977 3.971 3.965 3.958 3.952 3.946 3.946 3.934 3.927 3.920 3.859 3.797 3.775 3.767 3.758 3.750 3.742 3.734 3.726 3.718 3.707 3.692 3.692 3.659 3.631 3.604 3.576 3.549 3.521 3.493 3.466 3.438 3.431 3.433 3.435 3.429 3.415 3.401 3.372 3.372 3.358 3.344 3.329 3.315 3.301 2.664 3.266 3.243 3.229 3.213 3.198 2.694
4.184 4.207 4.233 4.268 4.303 4.314 4.308 4.303 4.297 4.291 4.285 4.280 4.274 4.268 4.263 4.264 4.213 4.188 4.162 4.137 4.111 4.086 4.060 4.034 4.024 4.032 4.033 4.027 4.021 4.015 4.009 4.009 3.996 3.990 3.956 3.895 3.834 3.779 3.771 3.763 3.755 3.747 3.739 3.730 3.722 3.707 3.692 3.692 3.663 3.638 3.611 3.583 3.555 3.528 3.500 3.473 3.456 3.458 3.460 3.463 3.462 3.448 3.433 3.405 3.405 3.391 3.376 3.362 3.348 3.334 3.315 3.282 3.255 3.241 3.227 3.213 3.198
4.285 4.308 4.332 4.359 4.394 4.392 4.386 4.380 4.374 4.369 4.358 4.338 4.319 4.300 4.289 4.289 4.251 4.226 4.200 4.175 4.149 4.124 4.098 4.073 4.076 4.085 4.093 4.090 4.084 4.078 4.072 4.072 4.059 4.053 3.993 3.932 3.871 3.810 3.775 3.767 3.759 3.751 3.743 3.735 3.723 3.708 3.693 3.693 3.663 3.645 3.617 3.590 3.562 3.535 3.507 3.481 3.483 3.485 3.488 3.490 3.492 2.723 3.466 3.438 3.438 3.423 3.409 3.395 3.381 3.364 3.330 3.297 3.266 3.252 2.694 3.224 3.210
4.386 4.409 4.433 4.456 4.475 4.466 4.447 4.428 4.408 4.389 4.370 4.351 4.332 4.312 4.308 4.308 4.290 4.264 4.238 4.213 4.187 4.162 4.136 4.119 4.128 4.137 4.145 4.153 4.147 4.140 4.134 4.134 4.122 4.091 4.030 3.969 3.908 3.847 3.786 3.772 3.764 3.755 3.747 3.738 3.723 3.708 3.694 3.694 3.664 3.649 3.624 3.597 3.569 3.541 3.514 3.508 3.510 3.513 3.515 3.517 3.520 3.513 3.499 3.471 3.471 3.456 3.442 3.428 3.413 3.379 3.346 3.312 2.724 3.264 3.250 3.236 3.221
4.487 4.493 4.495 4.496 4.494 4.479 4.459 4.440 4.421 4.402 4.383 4.363 4.344 4.329 4.327 4.327 4.324 4.302 4.277 4.251 4.226 4.200 4.175 4.171 4.180 4.189 4.197 4.206 4.209 4.203 4.197 4.197 4.185 4.128 4.067 4.006 3.944 3.883 3.822 3.776 3.768 3.760 3.752 3.739 3.724 3.709 3.694 3.694 3.665 3.650 3.631 3.603 3.576 3.548 3.533 3.535 3.538 3.540 3.542 3.545 3.547 3.546 3.532 3.503 3.503 3.489 3.475 3.461 3.429 3.395 3.361 3.327 3.293 2.694 2.644 2.674 2.714
4.495 4.497 4.499 4.500 4.495 4.490 4.472 4.453 4.434 4.414 4.395 4.376 4.357 4.348 4.346 4.346 4.343 4.340 4.315 4.289 4.264 4.238 4.214 4.223 4.232 4.241 4.250 4.258 4.267 4.266 4.260 4.260 4.226 4.164 4.103 4.042 3.981 3.920 3.859 3.798 3.772 3.764 3.754 3.739 3.724 3.710 3.695 3.695 3.665 3.650 3.636 3.610 3.583 3.558 3.560 3.563 3.565 3.567 3.570 3.572 3.574 3.577 3.565 3.536 3.536 3.522 3.508 3.478 3.444 3.410 3.376 3.342 3.309 3.287 2.684 2.674 3.244
4.499 4.501 4.503 4.502 4.496 4.491 4.485 4.465 4.446 4.427 4.408 4.389 4.369 4.367 4.365 4.365 4.362 4.361 4.353 4.327 4.302 4.276 4.266 4.275 4.284 4.293 4.302 4.310 4.319 4.328 4.323 4.323 4.262 4.201 4.140 4.079 4.018 3.957 3.896 3.835 3.777 3.769 3.755 3.740 3.725 3.710 3.695 3.695 3.666 3.651 3.636 3.617 3.590 3.585 3.588 3.590 3.593 3.595 3.597 3.599 3.602 3.604 3.598 3.569 3.569 3.555 3.527 3.493 3.459 3.425 3.391 3.358 3.324 2.713 3.284 3.270 3.256
4.503 4.505 4.507 4.503 4.498 4.492 4.486 4.478 4.459 4.439 4.420 4.401 4.387 4.386 4.384 4.384 4.381 4.380 4.378 4.366 4.340 4.315 4.318 4.327 4.336 4.345 4.354 4.362 4.371 4.380 4.385 4.385 4.299 4.238 4.177 4.116 4.055 3.993 3.932 3.871 3.810 3.770 3.755 3.741 3.726 3.711 3.696 3.696 3.667 3.652 3.637 3.622 3.610 3.613 3.615 3.618 3.620 3.622 3.624 3.627 3.629 3.631 3.631 3.602 3.602 3.576 3.542 3.508 3.474 3.441 3.407 3.373 3.339 3.309 2.723 2.573 3.267
4.507 4.509 4.510 4.504 4.499 4.493 4.488 4.482 4.471 4.452 4.433 4.414 4.406 4.405 4.403 4.403 4.401 4.399 4.398 4.396 4.378 4.362 4.371 4.379 4.388 4.397 4.406 4.414 4.423 4.421 4.413 4.413 4.298 4.230 4.163 4.095 4.027 3.960 3.892 3.825 3.757 3.734 3.720 3.706 3.692 3.679 3.665 3.665 3.637 3.624 3.610 3.601 3.615 3.624 3.633 3.641 3.647 3.650 3.652 3.654 3.657 3.659 3.661 3.625 3.625 3.591 3.557 3.523 3.490 3.456 3.422 3.388 3.354 3.321 3.307 3.293 3.279
4.511 4.513 4.511 4.505 4.500 4.494 4.489 4.483 4.478 4.465 4.445 4.427 4.425 4.424 4.423 4.423 4.420 4.418 4.417 4.415 4.414 4.414 4.414 4.406 4.398 4.390 4.382 4.374 4.365 4.357 4.341 4.341 4.238 4.170 4.103 4.035 3.967 3.900 3.832 3.765 3.722 3.700 3.682 3.668 3.654 3.640 3.627 3.627 3.599 3.585 3.572 3.585 3.602 3.611 3.620 3.628 3.637 3.646 3.655 3.663 3.672 3.681 3.689 3.640 3.640 3.606 3.573 3.539 3.505 3.471 3.437 3.404 3.370 3.336 2.723 3.304 3.290
4.515 4.517 4.512 4.507 4.501 4.496 4.490 4.485 4.479 4.474 4.458 4.446 4.445 4.443 4.442 4.442 4.439 4.425 4.411 4.398 4.383 4.358 4.350 4.342 4.334 4.326 4.318 4.309 4.301 4.293 4.263 4.263 4.178 4.110 4.043 3.975 3.907 3.840 3.772 3.710 3.688 3.665 3.643 3.630 3.616 3.602 3.588 3.588 3.561 3.547 3.551 3.569 3.587 3.598 3.607 3.615 3.624 3.633 3.642 3.650 3.659 3.668 3.679 3.650 3.650 3.621 3.588 3.554 3.520 3.487 3.453 3.419 3.385 3.351 2.703 3.316 3.302
4.515 4.517 4.512 4.507 4.501 4.496 4.490 4.485 4.479 4.473 4.458 4.446 4.444 4.443 4.442 4.442 4.439 4.425 4.411 4.397 4.383 4.358 4.350 4.342 4.334 4.326 4.318 4.309 4.301 4.293 4.263 4.263 4.178 4.110 4.043 3.975 3.907 3.840 3.772 3.710 3.687 3.665 3.643 3.630 3.616 3.602 3.588 3.588 3.561 3.547 3.551 3.569 3.587 3.598 3.607 3.615 3.624 3.633 3.642 3.650 3.659 3.668 3.679 3.650 3.650 3.620 3.588 3.554 3.520 3.487 3.453 3.419 3.385 3.351 2.703 3.316 3.301
4.519 4.519 4.513 4.508 4.503 4.497 4.491 4.486 4.480 4.475 4.469 4.462 4.448 4.435 4.421 4.421 4.394 4.380 4.366 4.353 4.333 4.307 4.286 4.278 4.270 4.262 4.253 4.245 4.237 4.225 4.186 4.186 4.107 4.050 3.983 3.915 3.847 3.780 3.712 3.675 3.653 3.631 3.609 3.591 3.577 3.564 3.550 3.550 3.523 3.517 3.534 3.552 3.570 3.585 3.594 3.602 3.611 3.620 3.629 3.637 3.646 3.656 3.672 3.654 3.654 3.624 3.594 3.564 3.534 3.502 3.468 3.434 3.400 3.366 3.341 2.613 3.313
4.527 4.521 4.512 4.504 4.495 4.486 4.477 4.469 4.460 4.451 4.427 4.390 4.359 4.345 4.331 4.331 4.304 4.290 4.277 4.261 4.234 4.207 4.181 4.154 4.141 4.133 4.125 4.117 4.108 4.069 4.030 4.030 3.952 3.913 3.863 3.795 3.728 3.660 3.629 3.607 3.585 3.563 3.541 3.519 3.501 3.487 3.474 3.474 3.466 3.484 3.502 3.520 3.538 3.556 3.568 3.576 3.585 3.594 3.603 3.611 3.627 3.642 3.658 3.660 3.660 3.630 3.600 3.570 3.540 3.511 3.481 3.451 3.421 3.391 3.370 3.392 3.409
4.522 4.507 4.498 4.489 4.480 4.471 4.463 4.454 4.445 4.436 4.402 4.365 4.328 4.300 4.286 4.286 4.259 4.245 4.232 4.211 4.184 4.158 4.131 4.104 4.077 4.069 4.061 4.052 4.030 3.991 3.952 3.952 3.874 3.835 3.796 3.735 3.668 3.617 3.595 3.573 2.721 3.529 3.506 3.484 3.463 3.449 3.435 3.435 3.450 3.468 3.486 3.504 3.522 3.540 3.555 3.563 3.572 3.581 3.590 3.604 3.620 3.636 3.651 3.663 3.663 3.633 3.603 3.574 3.544 3.514 3.484 3.454 3.424 2.703 3.386 3.417 3.449
4.516 4.497 4.483 4.474 4.466 4.457 4.448 4.439 4.430 4.415 4.377 4.340 4.303 4.265 4.241 4.241 4.214 4.200 4.187 4.162 4.135 4.108 4.081 4.054 4.027 4.005 3.996 3.988 3.953 3.913 3.874 3.874 3.796 3.757 3.718 3.675 3.608 3.583 3.561 3.538 3.516 3.494 3.472 3.450 3.428 3.411 3.398 3.398 3.434 3.452 3.470 3.488 3.505 3.523 3.541 3.550 3.559 3.568 3.582 3.597 3.613 3.629 3.645 3.666 3.667 3.637 3.607 3.577 3.547 3.517 3.487 3.457 3.436 3.421 3.406 3.431 3.464
4.510 4.491 4.472 4.460 4.451 4.442 4.433 4.424 4.416 4.390 4.352 4.315 4.277 4.240 4.203 4.203 4.169 4.155 4.139 4.112 4.085 4.058 4.031 4.005 3.978 3.951 3.932 3.914 3.875 3.836 3.797 3.797 3.718 3.679 3.640 3.601 3.571 3.549 3.526 3.504 3.482 3.460 3.438 3.416 3.394 3.373 3.382 3.382 3.418 3.435 3.453 3.471 3.489 3.507 3.525 3.538 3.546 3.559 3.575 3.591 3.606 3.622 3.638 3.669 3.669 3.640 3.610 3.580 3.550 3.520 3.490 3.472 3.456 3.441 3.426 3.446 3.478
4.504 4.485 4.466 4.447 4.436 4.428 4.419 4.410 4.401 4.365 4.327 4.290 4.252 4.215 4.178 4.178 4.124 4.111 4.089 4.062 4.035 4.008 3.982 3.955 3.928 3.901 3.874 3.837 3.799 3.761 3.722 3.722 3.645 3.607 3.569 3.533 3.538 3.516 3.494 3.472 3.450 3.428 3.405 3.383 3.361 3.356 3.373 3.373 3.405 3.421 3.437 3.455 3.473 3.491 3.509 3.525 3.536 3.552 3.568 3.584 3.600 3.615 3.631 3.663 3.663 3.643 3.613 3.583 3.553 3.523 3.507 3.491 3.476 3.461 3.445 3.461 3.493
4.497 4.478 4.460 4.441 4.422 4.413 4.404 4.395 4.377 4.339 4.302 4.265 4.227 4.190 4.153 4.153 4.079 4.066 4.039 4.012 3.986 3.959 3.930 3.902 3.873 3.844 3.815 3.768 3.729 3.690 3.652 3.652 3.575 3.537 3.498 3.487 3.494 3.484 3.462 3.440 3.418 3.395 3.373 3.351 3.333 3.352 3.371 3.371 3.403 3.419 3.435 3.451 3.467 3.483 3.499 3.513 3.529 3.545 3.561 3.577 3.593 3.609 3.624 3.656 3.656 3.646 3.616 3.586 3.557 3.542 3.527 3.511 3.496 3.480 3.465 3.476 3.508
4.491 4.472 4.453 4.434 4.416 4.398 4.389 4.381 4.352 4.314 4.277 4.240 4.202 4.165 4.128 4.128 4.053 4.015 3.986 3.958 3.929 3.901 3.872 3.843 3.815 3.786 3.751 3.705 3.658 3.620 3.581 3.581 3.505 3.466 3.435 3.442 3.449 3.452 3.430 3.408 3.385 3.363 3.341 3.319 3.329 3.349 3.369 3.369 3.401 3.417 3.433 3.449 3.465 3.481 3.496 3.503 3.517 3.535 3.552 3.569 3.586 3.602 3.618 3.649 3.649 3.649 3.620 3.592 3.577 3.562 3.546 3.531 3.516 3.500 3.485 3.490 3.523
4.485 4.466 4.447 4.428 4.409 4.390 4.375 4.364 4.327 4.289 4.252 4.215 4.173 4.128 4.083 4.083 3.992 3.957 3.928 3.899 3.871 3.842 3.814 3.785 3.757 3.728 3.688 3.641 3.594 3.549 3.511 3.511 3.434 3.396 3.390 3.397 3.403 3.410 3.398 3.375 3.353 3.331 3.309 3.306 3.326 3.346 3.365 3.365 3.399 3.415 3.431 3.447 3.463 3.479 3.487 3.493 3.505 3.522 3.540 3.557 3.575 3.592 3.609 3.642 3.642 3.653 3.628 3.612 3.597 3.582 3.566 3.551 3.535 3.520 3.505 3.505 3.537
4.479 4.460 4.441 4.422 4.403 4.384 4.365 4.337 4.291 4.246 4.201 4.156 4.110 4.065 4.020 4.020 3.929 3.900 3.870 3.841 3.813 3.784 3.756 3.727 3.698 3.670 3.624 3.577 3.530 3.484 3.441 3.441 3.364 3.338 3.344 3.351 3.358 3.365 3.365 3.343 3.321 3.299 3.283 3.303 3.322 3.342 3.362 3.362 3.397 3.413 3.429 3.445 3.461 3.470 3.477 3.484 3.493 3.510 3.528 3.545 3.562 3.580 3.597 3.632 3.632 3.664 3.647 3.632 3.617 3.601 3.586 3.571 3.555 3.540 3.525 3.520 3.552
4.472 4.454 4.436 4.419 4.402 4.384 4.367 4.292 4.229 4.184 4.138 4.093 4.048 4.003 3.957 3.957 3.872 3.842 3.813 3.784 3.755 3.726 3.697 3.669 3.640 3.607 3.560 3.513 3.467 3.420 3.373 3.373 3.293 3.292 3.299 3.306 3.313 3.319 3.326 3.311 3.289 3.267 3.280 3.299 3.319 3.338 3.358 3.358 3.395 3.411 3.427 3.443 3.453 3.460 3.467 3.474 3.481 3.498 3.515 3.533 3.550 3.567 3.585 3.639 3.639 3.690 3.680 3.659 3.637 3.621 3.606 3.591 3.575 3.560 3.544 3.535 3.567
4.473 4.456 4.439 4.422 4.405 4.388 4.359 4.269 4.179 4.121 4.076 4.030 3.985 3.940 3.895 3.894 3.814 3.785 3.756 3.726 3.697 3.668 3.639 3.610 3.582 3.544 3.497 3.450 3.403 3.356 3.309 3.309 3.240 3.247 3.254 3.261 3.267 3.274 3.281 3.279 3.257 3.256 3.276 3.296 3.315 3.335 3.355 3.355 3.393 3.409 3.425 3.437 3.444 3.451 3.458 3.464 3.471 3.486 3.503 3.520 3.538 3.555 3.573 3.664 3.664 3.715 3.713 3.691 3.670 3.649 3.628 3.610 3.595 3.580 3.564 3.549 3.582
4.477 4.460 4.443 4.426 4.409 4.392 4.336 4.246 4.155 4.065 4.013 3.968 3.923 3.877 3.832 3.832 3.757 3.728 3.698 3.669 3.639 3.610 3.581 3.552 3.524 3.480 3.433 3.386 3.339 3.293 3.258 3.258 3.246 3.239 3.232 3.225 3.222 3.229 3.235 3.242 3.233 3.253 3.273 3.292 3.312 3.331 3.351 3.351 3.391 3.407 3.420 3.427 3.434 3.441 3.448 3.455 3.462 3.473 3.491 3.508 3.525 3.543 3.588 3.690 3.690 3.740 3.745 3.724 3.703 3.682 3.661 3.639 3.618 3.599 3.584 3.569 3.596
4.480 4.463 4.446 4.429 4.412 4.395 4.312 4.222 4.132 4.042 3.952 3.905 3.860 3.814 3.769 3.769 3.700 3.670 3.641 3.611 3.582 3.552 3.523 3.494 3.463 3.416 3.369 3.323 3.318 3.313 3.308 3.308 3.297 3.290 3.283 3.275 3.268 3.261 3.253 3.246 3.245 3.261 3.278 3.295 3.312 3.328 3.348 3.348 3.387 3.404 3.411 3.417 3.424 3.431 3.438 3.445 3.452 3.461 3.478 3.496 3.513 3.563 3.614 3.715 3.715 3.766 3.778 3.757 3.736 3.715 3.693 3.672 3.651 3.630 3.609 3.589 3.622
4.484 4.467 4.450 4.433 4.416 4.379 4.289 4.199 4.109 4.019 3.928 3.842 3.797 3.752 3.707 3.707 3.642 3.613 3.583 3.554 3.524 3.495 3.466 3.436 3.400 3.383 3.378 3.373 3.368 3.364 3.359 3.359 3.348 3.341 3.334 3.326 3.319 3.312 3.304 3.293 3.281 3.295 3.312 3.328 3.345 3.362 3.378 3.379 3.412 3.437 3.427 3.418 3.415 3.422 3.429 3.435 3.442 3.449 3.466 3.487 3.538 3.588 3.639 3.740 3.740 3.791 3.811 3.790 3.769 3.747 3.726 3.705 3.684 3.663 3.641 3.639 3.674
4.484 4.467 4.450 4.433 4.416 4.379 4.289 4.199 4.109 4.019 3.928 3.842 3.797 3.752 3.707 3.706 3.642 3.613 3.583 3.554 3.524 3.495 3.465 3.436 3.399 3.383 3.378 3.373 3.368 3.363 3.359 3.359 3.348 3.341 3.334 3.326 3.319 3.311 3.304 3.293 3.281 3.295 3.312 3.328 3.345 3.362 3.378 3.378 3.412 3.437 3.427 3.418 3.415 3.421 3.428 3.435 3.442 3.449 3.466 3.487 3.538 3.588 3.639 3.740 3.740 3.791 3.811 3.790 3.769 3.747 3.726 3.705 3.684 3.663 3.641 3.639 3.674
4.487 4.470 4.453 4.436 4.419 4.356 4.266 4.176 4.085 3.995 3.905 3.815 3.734 3.689 3.644 3.644 3.585 3.555 3.526 3.496 3.467 3.441 3.421 3.401 3.421 3.434 3.429 3.424 3.419 3.414 3.409 3.409 3.399 3.392 3.384 3.377 3.370 3.362 3.352 3.340 3.329 3.328 3.345 3.362 3.379 3.395 3.412 3.412 3.452 3.483 3.486 3.477 3.467 3.458 3.449 3.440 3.433 3.439 3.462 3.512 3.563 3.614 3.664 3.766 3.766 3.816 3.844 3.823 3.801 3.780 3.759 3.738 3.717 3.704 3.702 3.700 3.735
