includes/camargue/floodfiles/results_R4_t1.562344205135E12/res-0009.wd
ncols         906
nrows         631
xllcorner     362177.146667
yllcorner     6534725.688020
cellsize      20.000000
NODATA_value  -9999.000000
[rows 408 to 441 of 631, columns 539 to 615 of 906]
0.000 0.000 0.000 0.000 0.000 0.000 0.000 0.000 0.000 0.000 0.000 0.000 0.000 0.000 0.000 0.000 0.000 0.000 0.000 0.000 0.000 0.000 0.082 0.000 0.000 0.000 0.000 0.000 0.000 0.000 0.000 0.000 0.001 0.000 0.000 0.076 0.005 0.054 0.013 0.032 0.182 0.004 0.025 0.007 0.000 0.013 0.002 0.000 0.003 0.002 0.116 0.007 0.018 0.007 0.000 0.021 0.020 0.125 0.000 0.000 0.000 0.043 0.000 0.000 0.000 0.000 0.000 0.063 0.015 0.070 0.036 0.003 0.000 0.000 0.021 0.034 0.042
0.000 0.000 0.000 0.000 0.000 0.000 0.000 0.000 0.000 0.000 0.000 0.000 0.000 0.000 0.000 0.000 0.000 0.000 0.000 0.000 0.000 0.000 0.000 0.000 0.000 0.000 0.000 0.000 0.000 0.000 0.000 0.000 0.073 0.073 0.000 0.000 0.015 0.000 0.002 0.042 0.000 0.003 0.035 0.000 0.081 0.031 0.000 0.000 0.056 0.056 0.096 0.086 0.066 0.000 0.007 0.016 0.204 0.000 0.062 0.000 0.000 0.053 0.000 0.000 0.001 0.000 0.078 0.008 0.000 0.000 0.089 0.014 0.016 0.017 0.005 0.044 0.103
0.000 0.000 0.000 0.000 0.000 0.000 0.000 0.000 0.000 0.000 0.000 0.000 0.000 0.000 0.000 0.000 0.000 0.000 0.000 0.000 0.000 0.023 0.000 0.062 0.000 0.000 0.001 0.001 0.000 0.003 0.000 0.000 0.002 0.001 0.076 0.076 0.000 0.000 0.006 0.000 0.002 0.000 0.034 0.000 0.131 0.000 0.012 0.002 0.000 0.000 0.031 0.000 0.066 0.056 0.000 0.003 0.274 0.006 0.000 0.000 0.000 0.033 0.113 0.000 0.001 0.000 0.000 0.010 0.188 0.088 0.118 0.015 0.002 0.003 0.032 0.008 0.093
0.000 0.000 0.000 0.000 0.000 0.000 0.000 0.000 0.000 0.000 0.000 0.000 0.000 0.000 0.000 0.000 0.000 0.000 0.000 0.000 0.000 0.023 0.000 0.062 0.000 0.000 0.000 0.000 0.000 0.001 0.000 0.000 0.001 0.000 0.076 0.076 0.000 0.000 0.004 0.000 0.000 0.000 0.033 0.000 0.131 0.000 0.012 0.000 0.000 0.000 0.023 0.000 0.066 0.056 0.000 0.000 0.274 0.006 0.000 0.000 0.000 0.033 0.113 0.000 0.001 0.000 0.000 0.007 0.188 0.088 0.118 0.014 0.001 0.001 0.032 0.007 0.093
0.000 0.000 0.000 0.000 0.000 0.000 0.000 0.000 0.000 0.000 0.000 0.000 0.000 0.000 0.000 0.000 0.000 0.000 0.000 0.000 0.000 0.001 0.000 0.000 0.000 0.000 0.000 0.000 0.000 0.001 0.003 0.001 0.002 0.000 0.003 0.000 0.062 0.000 0.010 0.000 0.000 0.042 0.032 0.210 0.006 0.000 0.000 0.003 0.010 0.012 0.011 0.006 0.000 0.011 0.000 0.007 0.414 0.000 0.000 0.000 0.000 0.123 0.002 0.000 0.000 0.000 0.000 0.000 0.001 0.048 0.013 0.009 0.016 0.001 0.000 0.074 0.000
0.000 0.000 0.000 0.000 0.000 0.000 0.000 0.000 0.000 0.000 0.000 0.000 0.000 0.000 0.000 0.000 0.000 0.000 0.000 0.000 0.000 0.000 0.033 0.000 0.003 0.001 0.000 0.000 0.000 0.002 0.000 0.065 0.002 0.000 0.004 0.000 0.000 0.000 0.078 0.000 0.022 0.000 0.000 0.039 0.118 0.008 0.007 0.002 0.088 0.088 0.047 0.116 0.000 0.009 0.011 0.000 0.174 0.000 0.000 0.082 0.001 0.000 0.005 0.000 0.000 0.000 0.000 0.041 0.000 0.000 0.006 0.070 0.070 0.000 0.000 0.023 0.006
0.000 0.000 0.000 0.000 0.000 0.000 0.000 0.000 0.000 0.000 0.000 0.000 0.000 0.000 0.000 0.012 0.000 0.000 0.000 0.000 0.000 0.000 0.000 0.063 0.000 0.000 0.001 0.000 0.000 0.001 0.000 0.002 0.000 0.000 0.004 0.044 0.000 0.179 0.002 0.026 0.000 0.047 0.027 0.003 0.003 0.004 0.007 0.010 0.000 0.000 0.012 0.031 0.002 0.000 0.104 0.007 0.214 0.006 0.000 0.001 0.000 0.059 0.001 0.014 0.002 0.000 0.071 0.000 0.000 0.000 0.000 0.027 0.024 0.000 0.000 0.093 0.000
0.000 0.000 0.000 0.000 0.000 0.000 0.000 0.000 0.000 0.000 0.000 0.000 0.000 0.000 0.000 0.000 0.000 0.000 0.000 0.042 0.052 0.112 0.000 0.001 0.003 0.035 0.002 0.001 0.003 0.011 0.000 0.075 0.000 0.000 0.084 0.000 0.000 0.029 0.001 0.003 0.001 0.005 0.005 0.002 0.122 0.008 0.036 0.106 0.068 0.069 0.090 0.062 0.000 0.021 0.174 0.025 0.214 0.000 0.002 0.002 0.000 0.069 0.001 0.000 0.002 0.001 0.000 0.001 0.000 0.000 0.000 0.000 0.164 0.000 0.092 0.000 0.022
0.000 0.000 0.000 0.000 0.000 0.000 0.000 0.000 0.000 0.000 0.000 0.000 0.000 0.000 0.003 0.045 0.002 0.001 0.000 0.003 0.052 0.001 0.001 0.000 0.000 0.000 0.001 0.002 0.001 0.040 0.003 0.001 0.002 0.000 0.034 0.024 0.000 0.006 0.005 0.004 0.024 0.004 0.079 0.003 0.001 0.033 0.043 0.042 0.000 0.000 0.090 0.000 0.001 0.113 0.000 0.211 0.000 0.001 0.001 0.000 0.000 0.008 0.003 0.000 0.002 0.002 0.000 0.022 0.000 0.043 0.000 0.000 0.154 0.022 0.000 0.000 0.000
0.000 0.000 0.000 0.000 0.000 0.000 0.000 0.000 0.000 0.000 0.000 0.000 0.001 0.054 0.074 0.000 0.006 0.004 0.056 0.000 0.000 0.000 0.045 0.002 0.125 0.002 0.003 0.000 0.004 0.030 0.000 0.026 0.016 0.016 0.000 0.011 0.025 0.000 0.003 0.007 0.000 0.003 0.000 0.048 0.010 0.008 0.009 0.029 0.005 0.003 0.000 0.021 0.000 0.113 0.056 0.045 0.000 0.029 0.001 0.000 0.090 0.090 0.000 0.000 0.005 0.002 0.027 0.000 0.054 0.001 0.000 0.152 0.000 0.085 0.023 0.000 0.062
2.652 2.652 0.000 0.000 0.000 0.000 0.000 0.000 0.000 0.000 0.000 0.000 0.042 0.000 0.000 0.111 0.000 0.000 0.026 0.000 0.000 0.000 0.000 0.072 0.000 0.000 0.066 0.000 0.000 0.005 0.002 0.002 0.003 0.002 0.005 0.000 0.011 0.141 0.000 0.005 0.003 0.094 0.000 0.078 0.258 0.015 0.000 0.106 0.006 0.006 0.003 0.091 0.031 0.271 0.000 0.075 0.000 0.007 0.000 0.032 0.000 0.003 0.026 0.003 0.000 0.000 0.004 0.114 0.024 0.033 0.008 0.001 0.000 0.000 0.030 0.093 0.062
0.002 0.000 0.521 0.000 0.000 0.000 0.000 0.000 0.000 0.000 0.000 0.011 0.000 0.052 0.162 0.000 0.002 0.000 0.002 0.001 0.000 0.013 0.002 0.000 0.000 0.016 0.036 0.000 0.000 0.019 0.004 0.000 0.003 0.002 0.047 0.047 0.027 0.000 0.000 0.005 0.094 0.044 0.114 0.005 0.000 0.011 0.000 0.074 0.000 0.000 0.061 0.031 0.000 0.416 0.351 0.007 0.012 0.187 0.001 0.000 0.006 0.080 0.000 0.139 0.079 0.079 0.000 0.000 0.000 0.000 0.016 0.000 0.000 0.004 0.019 0.024 0.047
0.000 0.000 1.045 1.545 0.000 0.000 0.000 0.000 0.000 0.000 0.000 0.000 0.001 0.000 0.000 0.000 0.000 0.000 0.077 0.003 0.004 0.000 0.001 0.014 0.001 0.065 0.003 0.005 0.000 0.000 0.011 0.005 0.046 0.046 0.000 0.157 0.167 0.006 0.007 0.053 0.023 0.000 0.009 0.000 0.087 0.177 0.000 0.060 0.038 0.038 0.009 0.031 0.111 0.201 0.039 0.063 0.018 0.097 0.000 0.092 0.092 0.000 0.000 0.069 0.000 0.000 0.000 0.072 0.000 0.000 0.012 0.036 0.076 0.008 0.052 0.000 0.000
0.641 0.641 0.000 2.455 0.009 0.014 0.161 0.051 0.000 0.000 0.000 0.000 0.001 0.001 0.000 0.000 0.012 0.012 0.000 0.002 0.006 0.005 0.004 0.000 0.000 0.002 0.002 0.005 0.000 0.052 0.000 0.096 0.116 0.116 0.000 0.027 0.000 0.012 0.000 0.010 0.039 0.004 0.037 0.107 0.287 0.047 0.257 0.077 0.025 0.025 0.000 0.000 0.031 0.121 0.018 0.002 0.000 0.157 0.000 0.006 0.002 0.023 0.003 0.004 0.004 0.002 0.000 0.000 0.017 0.000 0.000 0.000 0.000 0.028 0.000 0.000 0.079
0.901 0.901 0.791 0.017 0.031 0.010 0.056 0.000 0.000 0.000 0.003 0.024 0.000 0.002 0.000 0.000 0.000 0.000 0.000 0.000 0.025 0.000 0.030 0.020 0.005 0.014 0.001 0.007 0.000 0.000 0.000 0.056 0.056 0.056 0.003 0.000 0.000 0.027 0.026 0.125 0.014 0.079 0.010 0.107 0.000 0.010 0.000 0.028 0.018 0.017 0.034 0.000 0.000 0.043 0.102 0.000 0.010 0.052 0.050 0.170 0.000 0.000 0.007 0.000 0.003 0.002 0.023 0.000 0.117 0.000 0.016 0.000 0.000 0.000 0.069 0.029 0.069
0.861 0.861 0.801 0.641 0.000 0.282 0.047 0.020 0.023 0.006 0.057 0.000 0.000 0.053 0.001 0.000 0.000 0.000 0.000 0.002 0.001 0.001 0.001 0.000 0.000 0.062 0.005 0.031 0.018 0.000 0.000 0.009 0.000 0.000 0.047 0.003 0.002 0.002 0.000 0.045 0.024 0.000 0.067 0.014 0.057 0.088 0.029 0.095 0.044 0.044 0.006 0.000 0.000 0.005 0.022 0.018 0.009 0.039 0.168 0.018 0.054 0.022 0.069 0.000 0.107 0.107 0.000 0.027 0.027 0.000 0.146 0.136 0.000 0.000 0.039 0.000 0.000
0.781 0.781 0.681 0.761 0.000 0.000 0.000 0.009 0.021 0.087 0.000 0.000 0.001 0.000 0.002 0.000 0.002 0.001 0.001 0.001 0.053 0.001 0.003 0.078 0.006 0.000 0.099 0.004 0.013 0.010 0.010 0.083 0.003 0.004 0.000 0.049 0.139 0.000 0.043 0.008 0.007 0.002 0.021 0.000 0.064 0.025 0.000 0.000 0.031 0.026 0.114 0.000 0.466 0.451 0.144 0.000 0.000 0.068 0.127 0.027 0.000 0.001 0.199 0.000 0.004 0.003 0.004 0.003 0.000 0.005 0.002 0.000 0.000 0.007 0.005 0.000 0.000
1.001 1.001 0.000 0.000 0.000 0.233 0.563 0.063 0.015 0.166 0.000 0.000 0.001 0.002 0.054 0.001 0.000 0.000 0.000 0.019 0.001 0.001 0.001 0.000 0.009 0.000 0.059 0.000 0.000 0.000 0.006 0.016 0.000 0.000 0.000 0.004 0.000 0.022 0.032 0.000 0.270 0.220 0.140 0.015 0.035 0.006 0.023 0.001 0.000 0.000 0.104 0.000 0.055 0.000 0.026 0.000 0.002 0.000 0.035 0.008 0.000 0.145 0.009 0.000 0.066 0.066 0.045 0.025 0.006 0.008 0.001 0.001 0.092 0.032 0.020 0.017 0.000
0.000 0.000 0.000 0.001 0.000 0.000 0.000 0.000 0.027 0.095 0.000 0.000 0.002 0.016 0.000 0.000 0.002 0.001 0.039 0.039 0.000 0.000 0.001 0.066 0.006 0.008 0.000 0.000 0.000 0.061 0.051 0.042 0.002 0.000 0.002 0.020 0.006 0.011 0.082 0.000 0.038 0.001 0.006 0.056 0.026 0.027 0.032 0.038 0.067 0.067 0.031 0.000 0.295 0.000 0.125 0.000 0.001 0.074 0.026 0.176 0.000 0.135 0.003 0.014 0.000 0.001 0.000 0.000 0.009 0.016 0.000 0.042 0.072 0.082 0.002 0.009 0.017
0.000 0.000 0.000 0.000 0.000 0.000 0.000 0.000 0.025 0.094 0.000 0.000 0.000 0.016 0.000 0.000 0.002 0.001 0.039 0.039 0.000 0.000 0.001 0.066 0.004 0.004 0.000 0.000 0.000 0.061 0.051 0.041 0.001 0.000 0.001 0.017 0.004 0.009 0.082 0.000 0.036 0.001 0.004 0.056 0.019 0.025 0.031 0.037 0.066 0.066 0.022 0.000 0.295 0.000 0.125 0.000 0.000 0.074 0.018 0.176 0.000 0.135 0.000 0.012 0.000 0.000 0.000 0.000 0.004 0.009 0.000 0.042 0.072 0.082 0.002 0.003 0.013
0.000 0.000 0.000 0.000 0.031 0.000 0.651 0.000 0.002 0.042 0.000 0.000 0.025 0.002 0.002 0.053 0.000 0.000 0.000 0.004 0.002 0.155 0.001 0.001 0.003 0.059 0.028 0.002 0.050 0.110 0.000 0.000 0.001 0.000 0.027 0.057 0.003 0.003 0.000 0.000 0.017 0.000 0.000 0.000 0.236 0.000 0.024 0.024 0.125 0.125 0.195 0.000 0.000 0.000 0.044 0.000 0.000 0.003 0.030 0.236 0.000 0.255 0.026 0.056 0.072 0.071 0.000 0.000 0.012 0.079 0.000 0.000 0.000 0.000 0.000 0.028 0.007
0.000 0.000 0.000 0.000 0.000 0.000 0.000 0.000 0.323 0.053 0.000 0.002 0.002 0.000 0.051 0.000 0.000 0.000 0.004 0.003 0.004 0.000 0.002 0.000 0.000 0.000 0.002 0.140 0.000 0.059 0.007 0.143 0.020 0.019 0.037 0.010 0.026 0.096 0.006 0.000 0.012 0.031 0.002 0.012 0.012 0.025 0.023 0.651 0.022 0.022 0.047 0.039 0.018 0.369 0.022 0.000 0.052 0.000 0.006 0.072 0.018 0.225 0.021 0.000 0.024 0.024 0.054 0.000 0.000 0.069 0.000 0.082 0.000 0.044 0.000 0.011 0.002
0.073 0.073 0.002 0.000 0.001 0.000 0.032 0.000 0.000 0.149 0.049 0.002 0.006 0.029 0.011 0.000 0.042 0.042 0.000 0.001 0.002 0.001 0.024 0.182 0.020 0.000 0.002 0.006 0.056 0.006 0.044 0.000 0.006 0.006 0.000 0.008 0.084 0.014 0.051 0.021 0.081 0.029 0.020 0.000 0.037 0.077 0.067 0.005 0.000 0.000 0.000 0.003 0.012 0.029 0.021 0.000 0.001 0.001 0.077 0.137 0.056 0.125 0.009 0.111 0.042 0.042 0.000 0.012 0.010 0.006 0.011 0.000 0.054 0.001 0.310 0.005 0.004
0.000 0.000 0.001 0.000 0.000 0.000 0.000 0.000 0.000 0.000 0.082 0.138 0.074 0.000 0.011 0.000 0.002 0.000 0.001 0.059 0.007 0.008 0.094 0.000 0.056 0.000 0.000 0.036 0.036 0.003 0.019 0.000 0.026 0.026 0.000 0.053 0.033 0.101 0.111 0.011 0.000 0.000 0.028 0.065 0.215 0.116 0.107 0.167 0.737 0.737 0.000 0.080 0.000 0.075 0.000 0.000 0.000 0.037 0.027 0.217 0.075 0.000 0.000 0.080 0.060 0.059 0.008 0.005 0.021 0.022 0.004 0.036 0.002 0.001 0.000 0.008 0.007
0.000 0.001 0.033 0.000 0.000 0.000 0.000 0.024 0.000 0.000 0.000 0.000 0.040 0.000 0.000 0.000 0.000 0.000 0.001 0.039 0.000 0.018 0.000 0.000 0.007 0.004 0.014 0.066 0.066 0.003 0.072 0.013 0.076 0.076 0.000 0.009 0.022 0.000 0.081 0.006 0.050 0.090 0.000 0.083 0.071 0.035 0.026 0.000 0.117 0.117 0.000 0.686 0.000 0.092 0.000 0.000 0.000 0.087 0.037 0.000 0.032 0.153 0.026 0.002 0.018 0.016 0.010 0.031 0.011 0.004 0.000 0.001 0.004 0.003 0.002 0.007 0.007
0.001 0.001 0.000 0.000 0.000 0.000 0.000 0.024 0.034 0.000 0.000 0.026 0.018 0.096 0.005 0.057 0.000 0.000 0.002 0.000 0.000 0.000 0.060 0.070 0.003 0.076 0.027 0.000 0.076 0.006 0.008 0.006 0.009 0.009 0.000 0.015 0.000 0.070 0.008 0.032 0.004 0.100 0.000 0.000 0.183 0.000 0.086 0.003 0.000 0.000 0.015 0.003 0.137 0.118 0.000 0.000 0.052 0.000 0.007 0.008 0.000 0.000 0.066 0.023 0.013 0.011 0.011 0.000 0.017 0.012 0.007 0.005 0.005 0.004 0.003 0.006 0.007
0.006 0.005 0.004 0.045 0.135 0.000 0.001 0.000 0.001 0.001 0.000 0.077 0.126 0.029 0.000 0.087 0.017 0.017 0.000 0.000 0.000 0.000 0.000 0.008 0.004 0.046 0.000 0.132 0.000 0.104 0.007 0.078 0.068 0.068 0.004 0.054 0.006 0.060 0.079 0.000 0.003 0.012 0.020 0.001 0.120 0.055 0.000 0.014 0.005 0.007 0.000 0.002 0.000 0.147 0.000 0.000 0.000 0.000 0.026 0.010 0.008 0.004 0.037 0.409 0.006 0.004 0.018 0.012 0.015 0.013 0.010 0.008 0.006 0.005 0.004 0.006 0.007
0.000 0.000 0.069 0.000 0.000 0.023 0.000 0.000 0.072 0.000 0.606 0.001 0.043 0.004 0.044 0.000 0.000 0.000 0.000 0.000 0.042 0.001 0.042 0.000 0.002 0.045 0.000 0.000 0.077 0.000 0.011 0.023 0.026 0.026 0.009 0.019 0.016 0.000 0.009 0.019 0.065 0.106 0.594 0.060 0.063 0.048 0.000 0.077 0.000 0.000 0.024 0.001 0.142 0.144 0.000 0.000 0.000 0.001 0.000 0.041 0.006 0.033 0.003 0.017 0.009 0.003 0.015 0.014 0.015 0.014 0.012 0.010 0.008 0.006 0.005 0.006 0.007
0.097 0.097 0.005 0.037 0.003 0.002 0.109 0.129 0.012 0.000 0.000 0.004 0.178 0.004 0.000 0.000 0.000 0.000 0.000 0.000 0.000 0.003 0.000 0.037 0.037 0.018 0.125 0.002 0.057 0.097 0.002 0.026 0.000 0.000 0.005 0.005 0.022 0.078 0.038 0.478 0.012 0.085 0.000 0.070 0.000 0.033 0.034 0.012 0.020 0.018 0.094 0.004 0.138 0.140 0.000 0.000 0.000 0.001 0.055 0.004 0.008 0.000 0.027 0.027 0.014 0.009 0.014 0.014 0.015 0.014 0.013 0.011 0.009 0.008 0.007 0.006 0.007
0.047 0.047 0.000 0.003 0.013 0.015 0.049 0.000 0.039 0.000 0.000 0.000 0.136 0.025 0.000 0.000 0.006 0.005 0.024 0.000 0.011 0.003 0.000 0.027 0.004 0.009 0.010 0.000 0.000 0.000 0.004 0.127 0.054 0.054 0.084 0.004 0.026 0.016 0.056 0.077 0.000 0.017 0.074 0.005 0.000 0.025 0.049 0.000 0.068 0.068 0.012 0.020 0.000 0.133 0.000 0.000 0.000 0.007 0.000 0.061 0.006 0.004 0.035 0.024 0.010 0.009 0.012 0.014 0.014 0.014 0.014 0.012 0.011 0.009 0.008 0.007 0.007
0.000 0.000 0.000 0.125 0.095 0.000 0.029 0.000 0.010 0.000 0.000 0.000 0.007 0.073 0.000 0.032 0.000 0.000 0.001 0.061 0.021 0.000 0.052 0.000 0.003 0.169 0.005 0.001 0.002 0.004 0.126 0.000 0.042 0.042 0.003 0.000 0.032 0.150 0.160 0.000 0.013 0.053 0.073 0.000 0.065 0.035 0.103 0.092 0.000 0.000 0.586 0.067 0.007 0.125 0.000 0.593 0.000 0.047 0.594 0.000 0.549 0.000 0.041 0.023 0.009 0.008 0.012 0.013 0.014 0.014 0.014 0.013 0.012 0.010 0.009 0.008 0.008
0.107 0.107 0.007 0.085 0.000 0.121 0.000 0.000 0.019 0.000 0.131 0.001 0.000 0.101 0.000 0.000 0.003 0.002 0.056 0.001 0.007 0.000 0.000 0.000 0.002 0.024 0.000 0.124 0.000 0.000 0.000 0.000 0.026 0.025 0.096 0.054 0.009 0.149 0.003 0.000 0.000 0.025 0.028 0.010 0.015 0.071 0.061 0.057 0.582 0.582 0.031 0.000 0.112 0.115 0.000 0.013 0.000 0.000 0.003 0.000 0.002 0.056 0.050 0.031 0.011 0.009 0.012 0.013 0.014 0.015 0.014 0.014 0.013 0.012 0.010 0.009 0.009
0.297 0.297 0.097 0.000 0.111 0.000 0.000 0.000 0.020 0.000 0.000 0.000 0.000 0.117 0.000 0.000 0.033 0.033 0.000 0.003 0.007 0.018 0.000 0.000 0.005 0.012 0.047 0.000 0.014 0.001 0.015 0.000 0.102 0.102 0.001 0.424 0.052 0.097 0.000 0.003 0.054 0.084 0.003 0.009 0.000 0.027 0.000 0.072 0.000 0.000 0.012 0.108 0.108 0.106 0.101 0.000 0.000 0.000 0.001 0.050 0.050 0.051 0.052 0.050 0.028 0.020 0.016 0.015 0.015 0.015 0.015 0.015 0.014 0.013 0.012 0.011 0.010
0.004 0.002 0.003 0.109 0.000 0.000 0.000 0.013 0.012 0.000 0.016 0.003 0.002 0.134 0.000 0.000 0.000 0.000 0.001 0.014 0.000 0.025 0.000 0.000 0.000 0.072 0.009 0.000 0.000 0.035 0.003 0.032 0.042 0.042 0.019 0.091 0.078 0.030 0.021 0.000 0.033 0.474 0.000 0.019 0.518 0.531 0.000 0.069 0.053 0.045 0.558 0.015 0.000 0.095 0.089 0.079 0.077 0.000 0.050 0.048 0.047 0.046 0.045 0.041 0.036 0.026 0.026 0.022 0.020 0.019 0.018 0.017 0.016 0.015 0.014 0.013 0.012
