includes/camargue/floodfiles/results_R4_t1.562344205135E12/res-0002.wd
ncols         906
nrows         631
xllcorner     362177.146667
yllcorner     6534725.688020
cellsize      20.000000
NODATA_value  -9999.000000
[rows 442 to 475 of 631, columns 539 to 615 of 906]
1.140 1.140 1.180 1.271 1.711 1.201 1.301 1.362 1.382 1.362 1.422 1.342 1.382 1.923 1.963 1.643 1.633 1.633 1.544 1.544 1.624 1.735 1.705 1.655 1.646 1.816 1.806 1.717 1.757 1.697 1.847 1.858 1.898 1.898 1.949 1.849 1.979 1.890 1.850 1.941 1.961 1.992 2.412 1.943 1.963 1.874 1.894 1.925 1.915 1.916 1.937 2.017 1.998 2.009 2.523 2.526 2.529 2.532 2.535 2.537 2.540 2.543 2.546 2.555 2.567 2.567 2.610 2.629 2.638 2.647 2.656 2.665 2.674 2.683 2.692 2.701 2.710
1.141 1.141 1.181 1.271 1.712 1.202 1.302 1.362 1.382 1.362 1.422 1.342 1.383 1.923 1.963 1.644 1.634 1.634 1.544 1.544 1.625 1.735 1.705 1.656 1.646 1.817 1.807 1.717 1.758 1.698 1.848 1.858 1.899 1.899 1.949 1.850 1.980 1.890 1.851 1.941 1.962 1.992 2.412 1.943 1.964 1.874 1.895 1.925 1.916 1.916 1.937 2.018 1.998 2.009 2.523 2.526 2.529 2.532 2.535 2.538 2.541 2.543 2.546 2.556 2.567 2.567 2.611 2.630 2.639 2.648 2.656 2.665 2.674 2.683 2.692 2.701 2.710
0.992 0.992 1.352 1.162 1.332 1.302 1.283 1.393 1.333 1.343 1.543 1.473 1.533 1.613 1.904 1.857 1.879 1.879 1.805 1.655 1.695 1.606 1.866 1.707 1.727 1.887 1.858 1.738 1.868 1.839 1.769 1.949 1.869 1.870 1.840 1.990 1.981 1.971 2.355 1.892 1.932 2.003 2.409 1.914 1.955 1.975 1.876 2.476 2.489 2.490 1.998 2.512 2.019 1.999 2.520 2.523 2.526 2.529 2.532 2.535 2.538 2.542 2.554 2.565 2.577 2.577 2.620 2.644 2.668 2.682 2.691 2.700 2.709 2.718 2.727 2.736 2.745
1.073 1.073 1.063 1.123 1.293 1.323 1.293 1.363 1.423 1.513 1.323 1.473 1.594 1.554 1.474 1.564 1.555 1.555 1.940 1.646 1.586 1.656 1.817 1.837 1.698 1.838 1.818 1.829 1.849 1.769 1.759 1.830 1.860 1.860 1.911 1.921 1.871 1.962 1.962 1.883 1.923 1.964 1.964 2.419 2.433 1.986 1.976 1.967 1.987 1.988 2.018 2.509 2.512 2.000 2.517 2.520 2.523 2.526 2.529 2.532 2.540 2.552 2.563 2.575 2.586 2.587 2.629 2.653 2.677 2.701 2.726 2.735 2.744 2.753 2.762 2.771 2.780
1.154 1.154 1.454 1.244 1.174 1.404 1.514 1.394 1.424 1.504 1.574 1.524 1.594 1.524 1.555 1.525 1.725 1.726 1.978 1.726 1.607 1.807 1.908 1.888 1.968 1.848 1.739 1.889 1.920 1.820 1.970 1.850 1.821 1.821 1.931 1.922 1.932 1.953 2.013 1.964 2.014 2.385 2.005 2.412 2.425 2.439 2.452 2.465 2.018 2.018 2.500 2.502 2.505 2.508 2.511 2.513 2.516 2.524 2.536 2.548 2.559 2.571 2.582 2.594 2.605 2.606 2.647 2.671 2.695 2.719 2.743 2.768 2.792 2.816 2.831 2.840 2.849
1.255 1.255 1.234 1.344 1.414 1.414 1.504 1.414 1.474 1.374 1.544 1.564 1.585 1.535 1.595 1.736 1.536 1.537 1.998 1.597 1.768 1.868 1.838 1.918 1.789 1.939 1.920 1.920 1.910 1.761 1.901 1.871 1.991 1.992 2.356 1.912 1.973 1.943 2.378 1.934 2.388 2.394 2.399 2.408 2.422 1.977 2.449 2.462 2.475 2.476 2.497 2.499 2.502 2.505 2.508 2.511 2.522 2.534 2.546 2.557 2.569 2.581 2.592 2.604 2.615 2.615 2.656 2.680 2.704 2.728 2.752 2.777 2.801 2.825 2.849 2.874 2.884
1.235 1.235 1.235 1.225 1.235 1.275 1.715 1.395 1.485 1.455 1.515 1.465 1.605 1.635 1.596 1.606 1.617 1.617 1.708 2.040 2.065 1.719 1.789 1.879 1.869 1.880 1.890 1.940 1.971 1.891 1.811 1.962 1.842 1.842 1.893 1.923 1.964 1.964 1.905 2.396 2.401 2.016 1.956 2.417 2.422 2.008 2.445 2.458 2.472 2.472 2.494 2.497 2.499 2.502 2.509 2.520 2.532 2.544 2.555 2.567 2.579 2.590 2.602 2.613 2.625 2.625 2.665 2.689 2.713 2.737 2.762 2.786 2.810 2.834 2.858 2.883 2.907
1.246 1.246 1.366 1.346 1.426 1.396 1.426 1.556 1.645 1.475 1.576 1.566 1.706 1.536 1.617 1.697 1.687 1.688 1.838 1.569 2.083 2.108 2.133 1.800 1.840 2.207 2.230 1.931 1.921 1.992 1.972 1.812 1.863 1.863 1.864 2.387 2.015 1.985 2.005 2.408 2.413 2.419 2.424 2.429 2.434 2.440 2.445 2.455 2.468 2.469 2.491 2.494 2.497 2.507 2.519 2.530 2.542 2.553 2.565 2.577 2.588 2.600 2.612 2.623 2.635 2.635 2.674 2.698 2.722 2.747 2.771 2.795 2.819 2.843 2.868 2.892 2.916
1.326 1.326 1.296 1.236 1.246 1.426 1.496 1.346 1.416 1.526 1.566 1.587 1.537 1.817 1.697 1.748 1.638 1.639 1.759 1.769 1.750 1.770 2.152 1.860 1.901 1.941 1.981 1.892 2.002 2.013 1.953 1.933 1.874 1.874 1.914 1.945 2.405 2.411 2.416 2.421 2.426 1.977 2.437 2.442 2.447 1.999 2.458 2.463 2.468 2.469 2.488 2.494 2.505 2.517 2.528 2.540 2.552 2.563 2.575 2.587 2.598 2.610 2.621 2.633 2.644 2.645 2.683 2.707 2.732 2.756 2.780 2.804 2.828 2.852 2.877 2.901 2.925
1.257 1.257 1.347 1.417 1.217 1.757 1.457 1.707 1.507 1.557 1.437 1.627 1.568 1.628 1.608 1.659 1.699 1.700 1.750 1.800 1.751 1.631 2.171 2.195 1.852 1.962 1.942 2.271 2.290 1.923 1.884 1.984 1.794 1.795 2.402 2.413 2.418 2.423 2.428 2.433 2.439 2.444 2.449 2.454 2.460 2.465 2.470 2.476 2.481 2.481 2.493 2.504 2.515 2.527 2.538 2.550 2.561 2.573 2.585 2.596 2.608 2.620 2.631 2.643 2.654 2.655 2.692 2.716 2.741 2.765 2.789 2.813 2.837 2.862 2.886 2.910 2.934
1.377 1.377 1.337 1.367 1.487 1.407 1.407 1.438 1.738 1.608 1.498 1.929 1.579 1.649 1.689 1.640 1.660 1.660 1.931 1.841 1.811 1.932 1.772 2.209 1.872 1.943 2.264 1.943 1.944 1.944 1.984 1.885 1.965 1.966 1.986 1.966 1.987 2.436 2.017 2.446 2.451 2.456 2.462 2.467 2.472 2.477 2.483 2.488 2.493 2.494 2.510 2.518 2.526 2.537 2.548 2.560 2.571 2.583 2.594 2.606 2.618 2.629 2.641 2.652 2.664 2.664 2.701 2.726 2.750 2.774 2.798 2.822 2.847 2.871 2.895 2.919 2.944
1.398 1.398 1.368 1.428 1.358 1.448 1.478 1.448 1.459 1.969 1.959 1.529 1.529 1.510 1.670 1.600 1.681 1.681 1.862 1.792 1.752 1.803 1.933 1.923 2.239 1.834 1.844 1.924 1.935 2.015 2.005 2.369 1.956 1.957 1.977 2.438 2.017 2.448 2.454 2.459 2.464 2.469 2.474 2.479 2.485 2.490 2.495 2.501 2.510 2.510 2.527 2.535 2.543 2.551 2.559 2.570 2.581 2.593 2.604 2.616 2.628 2.639 2.651 2.662 2.674 2.674 2.711 2.735 2.759 2.783 2.807 2.832 2.856 2.880 2.904 2.929 2.953
1.378 1.378 1.498 1.429 1.429 1.419 1.509 1.779 1.669 1.600 1.530 1.530 1.520 1.461 1.641 1.641 1.742 1.742 1.712 1.753 1.683 1.773 1.844 1.774 1.824 2.269 2.288 2.306 2.325 1.996 1.966 1.937 2.400 2.400 2.437 2.451 1.878 1.978 2.466 2.471 2.476 2.481 2.487 2.492 2.497 2.502 2.510 2.518 2.526 2.527 2.543 2.551 2.559 2.567 2.576 2.584 2.592 2.603 2.614 2.626 2.637 2.649 2.660 2.672 2.684 2.684 2.720 2.744 2.768 2.792 2.817 2.841 2.865 2.889 2.914 2.938 2.963
1.329 1.329 1.449 1.409 1.479 1.440 1.500 1.500 1.620 1.620 1.511 1.651 1.471 1.532 1.612 1.722 1.672 1.673 1.673 1.823 1.774 1.864 1.824 1.865 1.805 1.755 2.299 2.318 1.986 1.957 2.374 1.897 2.411 2.412 1.978 2.464 2.469 2.474 1.999 2.484 2.489 2.494 2.499 2.504 2.510 2.518 2.526 2.535 2.543 2.543 2.560 2.568 2.576 2.584 2.592 2.601 2.609 2.617 2.625 2.636 2.647 2.659 2.670 2.682 2.693 2.694 2.729 2.753 2.777 2.802 2.826 2.850 2.875 2.899 2.924 2.948 2.972
1.329 1.329 1.479 1.460 1.390 1.490 1.541 1.561 1.571 1.641 1.662 1.582 1.652 1.642 1.653 2.063 2.090 2.090 1.664 2.168 1.704 1.945 1.725 1.776 1.876 1.826 2.311 2.330 2.348 2.367 2.008 2.018 2.423 2.423 2.460 2.476 2.481 1.970 2.492 2.497 2.502 2.507 2.512 2.518 2.526 2.534 2.543 2.551 2.560 2.560 2.576 2.584 2.593 2.601 2.609 2.617 2.625 2.634 2.642 2.650 2.658 2.669 2.680 2.692 2.703 2.704 2.738 2.763 2.787 2.811 2.836 2.860 2.884 2.909 2.933 2.958 2.982
1.380 1.380 1.430 1.500 1.511 1.451 1.521 1.482 1.612 1.632 1.663 1.693 1.653 1.703 1.783 1.714 1.744 1.744 1.564 1.615 1.995 1.696 2.239 1.766 1.847 1.917 1.827 2.341 2.360 2.378 2.397 2.415 1.959 1.959 2.471 2.489 2.494 2.499 2.504 2.509 2.514 2.519 2.526 2.534 2.543 2.551 2.560 2.568 2.576 2.577 2.593 2.601 2.609 2.617 2.626 2.634 2.642 2.650 2.658 2.666 2.675 2.683 2.691 2.702 2.713 2.714 2.748 2.772 2.796 2.821 2.845 2.870 2.894 2.918 2.943 2.967 2.992
1.370 1.371 1.401 1.571 1.562 1.522 1.582 1.513 1.643 1.493 1.643 1.614 1.694 1.724 1.734 1.654 1.725 1.725 1.765 1.746 1.756 1.756 1.607 1.857 1.927 1.908 2.331 2.352 2.371 2.390 2.009 2.019 2.446 2.446 2.483 2.501 2.507 2.512 2.517 2.522 2.527 2.534 2.543 2.551 2.560 2.568 2.576 2.585 2.593 2.593 2.610 2.618 2.626 2.634 2.642 2.651 2.659 2.667 2.675 2.683 2.691 2.699 2.708 2.716 2.724 2.724 2.757 2.782 2.806 2.831 2.855 2.879 2.904 2.928 2.952 2.977 3.001
1.371 1.372 1.402 1.572 1.562 1.523 1.583 1.513 1.644 1.494 1.644 1.614 1.695 1.725 1.735 1.655 1.725 1.725 1.766 1.746 1.756 1.757 1.607 1.858 1.928 1.908 2.331 2.353 2.372 2.391 2.010 2.020 2.446 2.447 2.484 2.502 2.507 2.512 2.517 2.522 2.528 2.535 2.544 2.552 2.560 2.569 2.577 2.585 2.594 2.594 2.610 2.618 2.627 2.635 2.643 2.651 2.659 2.668 2.676 2.684 2.692 2.700 2.708 2.717 2.725 2.725 2.758 2.783 2.807 2.831 2.856 2.880 2.904 2.929 2.953 2.977 3.002
1.492 1.492 1.453 1.483 1.463 1.593 1.654 1.604 1.594 1.664 1.615 1.685 1.745 1.745 1.706 1.616 1.596 1.596 1.796 1.757 1.787 1.748 1.768 1.758 2.293 2.009 2.337 1.910 2.380 2.401 2.421 2.439 2.458 2.458 2.495 2.514 2.520 2.525 2.530 2.536 2.544 2.552 2.560 2.569 2.577 2.585 2.594 2.602 2.610 2.611 2.627 2.635 2.643 2.652 2.660 2.668 2.676 2.684 2.692 2.701 2.709 2.717 2.725 2.733 2.742 2.742 2.768 2.792 2.817 2.841 2.865 2.890 2.914 2.938 2.963 2.987 3.011
1.483 1.483 1.464 1.504 1.404 1.474 1.504 1.504 1.485 1.695 1.745 1.696 1.606 1.586 1.577 1.527 1.667 1.667 1.747 1.687 1.768 1.858 1.888 1.789 2.298 2.320 1.930 1.971 2.385 2.407 2.428 2.449 2.470 2.470 2.507 2.526 2.533 2.538 2.544 2.552 2.561 2.569 2.577 2.586 2.594 2.602 2.610 2.619 2.627 2.628 2.644 2.652 2.660 2.668 2.676 2.685 2.693 2.701 2.709 2.717 2.725 2.734 2.742 2.750 2.758 2.759 2.784 2.806 2.827 2.851 2.875 2.899 2.924 2.948 2.972 2.997 3.021
1.464 1.464 1.425 1.495 1.485 1.615 1.645 1.495 1.655 1.566 1.506 1.577 1.717 1.587 1.737 1.977 1.807 1.808 1.728 1.758 1.778 1.769 1.839 1.929 1.840 1.760 2.011 2.373 2.395 2.416 2.438 2.459 1.903 1.904 2.524 2.545 2.561 2.569 2.577 2.585 2.594 2.602 2.610 2.618 2.627 2.635 2.643 2.652 2.660 2.660 2.676 2.685 2.693 2.701 2.709 2.717 2.725 2.734 2.742 2.750 2.758 2.766 2.775 2.783 2.791 2.791 2.814 2.836 2.857 2.879 2.901 2.922 2.944 2.966 2.991 3.015 3.040
1.405 1.405 1.426 1.496 1.516 1.676 1.646 1.566 1.546 1.596 1.517 1.827 1.648 1.708 1.678 1.708 1.758 1.758 1.748 1.699 1.919 1.789 1.880 1.870 1.820 1.911 2.357 2.378 2.400 2.422 2.443 2.465 2.486 2.487 2.530 2.553 2.570 2.582 2.594 2.602 2.610 2.619 2.627 2.635 2.643 2.652 2.660 2.668 2.677 2.677 2.693 2.701 2.709 2.718 2.726 2.734 2.742 2.750 2.759 2.767 2.775 2.783 2.791 2.799 2.808 2.808 2.829 2.851 2.873 2.894 2.916 2.938 2.959 2.981 3.003 3.025 3.049
1.446 1.446 1.517 1.627 1.697 1.517 1.557 1.477 1.607 1.477 1.458 1.628 1.688 1.569 1.729 1.709 1.829 1.829 1.749 1.769 1.810 1.820 1.900 1.801 1.971 1.772 2.002 2.383 2.405 2.014 2.449 2.470 2.492 2.492 2.537 2.560 2.578 2.590 2.602 2.614 2.626 2.635 2.644 2.652 2.660 2.668 2.677 2.685 2.693 2.694 2.710 2.718 2.726 2.734 2.742 2.751 2.759 2.767 2.775 2.783 2.792 2.800 2.808 2.816 2.824 2.825 2.845 2.866 2.888 2.910 2.931 2.953 2.975 2.996 3.018 3.040 3.061
1.437 1.437 1.457 1.488 1.538 1.448 1.428 1.438 1.528 1.548 1.719 1.619 1.739 1.789 1.729 1.779 1.680 1.680 1.810 1.780 1.820 1.861 1.931 1.911 2.323 1.853 1.903 2.389 2.410 2.432 2.454 2.475 2.498 2.498 2.544 2.567 2.586 2.598 2.611 2.623 2.635 2.647 2.659 2.669 2.677 2.685 2.693 2.702 2.710 2.710 2.726 2.735 2.743 2.751 2.759 2.767 2.776 2.784 2.792 2.800 2.808 2.816 2.825 2.833 2.841 2.841 2.860 2.882 2.904 2.925 2.947 2.969 2.990 3.012 3.033 3.055 3.077
1.458 1.458 1.518 1.398 1.548 1.399 1.589 1.509 1.639 1.669 1.619 1.630 1.690 1.700 1.700 1.620 1.770 1.770 1.931 1.761 1.861 1.961 1.812 1.962 1.943 1.984 1.844 1.795 2.416 2.437 2.459 2.482 2.505 2.506 2.552 2.575 2.595 2.607 2.619 2.631 2.643 2.655 2.667 2.679 2.691 2.702 2.710 2.718 2.727 2.727 2.743 2.751 2.760 2.768 2.776 2.784 2.792 2.801 2.809 2.817 2.825 2.833 2.841 2.849 2.858 2.858 2.876 2.897 2.919 2.941 2.962 2.984 3.006 3.027 3.049 3.070 3.092
1.509 1.509 1.339 1.379 1.459 1.450 1.610 1.700 1.450 1.540 1.500 1.730 1.621 1.701 1.631 1.681 1.751 1.751 1.791 1.882 1.912 1.912 1.843 1.893 2.334 2.356 1.935 1.885 2.421 2.443 2.466 2.489 2.512 2.513 2.559 2.582 2.603 2.615 2.627 2.639 2.651 2.663 2.675 2.687 2.700 2.712 2.724 2.735 2.743 2.744 2.760 2.768 2.776 2.784 2.793 2.801 2.809 2.817 2.826 2.834 2.842 2.850 2.858 2.866 2.874 2.875 2.891 2.913 2.934 2.956 2.978 2.999 3.021 3.043 3.064 3.086 3.107
1.400 1.400 1.430 1.500 1.370 1.550 1.631 1.561 1.531 1.591 1.711 1.611 1.641 1.601 1.612 1.742 1.712 1.712 1.872 1.833 1.983 1.883 1.884 1.954 1.895 2.361 2.383 1.986 1.887 1.987 2.473 2.496 2.519 2.520 2.566 2.589 2.611 2.623 2.635 2.647 2.659 2.671 2.683 2.696 2.708 2.720 2.732 2.744 2.756 2.757 2.777 2.785 2.793 2.801 2.810 2.818 2.826 2.834 2.842 2.850 2.859 2.867 2.875 2.883 2.891 2.892 2.908 2.928 2.950 2.972 2.993 3.015 3.036 3.058 3.080 3.101 3.123
1.470 1.471 1.501 1.511 1.561 1.511 1.512 1.502 1.562 1.612 1.692 1.752 1.602 1.682 1.762 1.672 1.773 1.773 1.793 1.803 2.256 2.024 2.015 1.895 2.345 2.367 2.027 1.887 2.434 2.457 2.480 2.503 2.527 2.527 2.573 2.596 2.619 2.631 2.643 2.655 2.667 2.680 2.692 2.704 2.716 2.728 2.740 2.753 2.765 2.765 2.789 2.801 2.810 2.818 2.826 2.835 2.843 2.851 2.859 2.867 2.875 2.883 2.892 2.900 2.908 2.908 2.924 2.944 2.965 2.987 3.009 3.030 3.052 3.073 3.095 3.117 3.145
1.422 1.422 1.452 1.542 1.492 1.542 1.533 1.653 1.583 1.593 1.573 1.603 1.753 1.713 1.713 1.953 1.674 1.674 1.834 1.935 1.835 1.925 2.307 1.926 1.967 2.372 2.008 2.028 2.441 2.464 2.487 2.511 2.534 2.534 2.580 2.603 2.626 2.639 2.651 2.663 2.676 2.688 2.700 2.712 2.724 2.736 2.749 2.761 2.773 2.773 2.797 2.816 2.828 2.835 2.843 2.851 2.860 2.868 2.876 2.884 2.892 2.900 2.908 2.916 2.925 2.925 2.941 2.959 2.981 3.002 3.024 3.046 3.067 3.089 3.110 3.147 3.193
1.473 1.473 1.723 1.503 1.453 1.543 1.553 1.624 1.674 1.504 1.604 1.654 1.794 1.674 1.724 1.674 1.765 1.765 1.805 1.826 1.926 1.887 1.947 1.977 2.018 2.379 2.019 1.969 2.449 2.472 2.495 2.518 2.541 2.541 2.587 2.610 2.633 2.648 2.660 2.672 2.684 2.696 2.708 2.720 2.733 2.745 2.757 2.769 2.781 2.782 2.813 2.833 2.846 2.853 2.861 2.869 2.876 2.884 2.893 2.901 2.909 2.917 2.925 2.933 2.941 2.942 2.957 2.974 2.996 3.018 3.039 3.061 3.082 3.104 3.148 3.195 3.241
1.464 1.464 1.524 1.604 1.674 1.514 1.654 1.595 1.515 1.705 1.705 1.685 1.685 1.655 1.775 1.755 1.776 1.776 1.826 1.847 1.847 1.868 2.318 2.340 1.999 2.387 2.410 2.433 2.456 2.479 2.502 2.525 2.548 2.548 2.594 2.617 2.640 2.656 2.668 2.680 2.692 2.704 2.716 2.729 2.741 2.753 2.765 2.777 2.792 2.792 2.830 2.849 2.864 2.871 2.879 2.886 2.894 2.902 2.909 2.917 2.926 2.934 2.942 2.950 2.958 2.958 2.974 2.989 3.011 3.033 3.054 3.076 3.102 3.149 3.196 3.243 3.289
1.515 1.515 1.555 1.615 1.655 1.705 1.546 1.626 1.636 1.576 1.656 1.696 1.846 1.826 1.736 1.846 1.927 1.927 1.897 1.788 1.838 1.929 2.029 2.348 2.371 2.394 2.417 2.440 2.463 2.486 2.509 2.532 2.555 2.555 2.601 2.624 2.647 2.664 2.676 2.688 2.700 2.713 2.725 2.737 2.749 2.761 2.773 2.790 2.809 2.809 2.847 2.866 2.882 2.889 2.897 2.904 2.912 2.919 2.927 2.935 2.942 2.950 2.958 2.967 2.975 2.975 2.991 3.005 3.027 3.048 3.070 3.103 3.150 3.197 3.244 3.291 3.337
1.546 1.546 1.486 1.636 1.656 1.587 1.647 1.617 1.647 1.697 1.687 1.637 1.767 1.667 1.767 1.677 1.808 1.808 1.778 2.009 2.312 2.030 2.333 2.355 2.378 2.401 2.424 2.447 2.470 2.493 2.516 2.539 2.562 2.562 2.608 2.631 2.654 2.672 2.684 2.696 2.709 2.721 2.733 2.745 2.757 2.769 2.787 2.806 2.825 2.826 2.864 2.883 2.900 2.907 2.915 2.922 2.930 2.937 2.945 2.953 2.960 2.968 2.975 2.983 2.991 2.992 3.008 3.020 3.042 3.064 3.104 3.151 3.198 3.245 3.292 3.338 3.385
1.537 1.537 1.767 1.517 1.548 1.558 1.618 1.538 1.628 1.648 1.678 1.608 1.708 1.838 1.578 1.708 1.679 1.679 1.919 1.970 1.950 1.940 1.941 2.364 2.386 2.408 2.431 2.454 2.477 2.500 2.523 2.546 2.569 2.569 2.615 2.638 2.661 2.680 2.692 2.705 2.717 2.729 2.741 2.753 2.766 2.785 2.804 2.823 2.842 2.842 2.880 2.899 2.918 2.925 2.933 2.940 2.948 2.955 2.963 2.970 2.978 2.986 2.993 3.001 3.008 3.009 3.024 3.036 3.058 3.105 3.152 3.199 3.246 3.293 3.340 3.386 3.433
