includes/camargue/floodfiles/results_R4_t1.562344205135E12/res-0014.wd
ncols         906
nrows         631
xllcorner     362177.146667
yllcorner     6534725.688020
cellsize      20.000000
NODATA_value  -9999.000000
[rows 544 to 577 of 631, columns 308 to 384 of 906]
6.040 5.942 5.844 5.745 5.633 5.465 5.465 5.127 4.958 4.789 4.621 4.452 4.283 4.114 3.946 3.777 3.608 3.440 3.271 3.374 3.496 3.618 3.618 3.862 3.983 4.105 4.227 4.349 4.471 4.592 4.714 4.836 4.958 5.043 4.978 4.913 4.849 4.620 4.147 4.147 3.910 3.673 3.436 3.200 2.963 2.726 2.489 2.289 2.277 2.266 2.254 2.242 2.230 2.218 2.182 2.182 2.161 2.140 2.120 2.099 2.079 2.070 2.065 2.059 2.054 2.049 2.043 2.038 2.033 2.027 2.017 2.017 2.011 2.012 2.010 1.998 1.986
6.090 5.992 5.894 5.796 5.697 5.531 5.531 5.194 5.025 4.856 4.687 4.518 4.350 4.181 4.012 3.844 3.675 3.506 3.325 3.314 3.489 3.663 3.663 4.011 4.185 4.315 4.437 4.558 4.680 4.802 4.924 5.045 5.167 5.289 5.258 5.193 4.992 4.756 4.282 4.282 4.045 3.808 3.572 3.335 3.098 2.861 2.624 2.388 2.335 2.323 2.311 2.299 2.287 2.272 2.231 2.231 2.210 2.190 2.169 2.148 2.128 2.115 2.110 2.104 2.099 2.094 2.088 2.083 2.078 2.072 2.062 2.062 2.063 2.064 2.065 2.053 2.041
6.141 6.042 5.944 5.846 5.748 5.598 5.598 5.260 5.091 4.923 4.754 4.585 4.416 4.248 4.079 3.910 3.741 3.562 3.377 3.221 3.395 3.569 3.570 3.918 4.092 4.266 4.440 4.615 4.789 4.963 5.133 5.255 5.377 5.499 5.537 5.364 5.127 4.891 4.417 4.417 4.180 3.943 3.707 3.470 3.233 2.996 2.759 2.523 2.392 2.380 2.368 2.356 2.342 2.321 2.280 2.280 2.259 2.239 2.218 2.197 2.177 2.160 2.155 2.149 2.144 2.139 2.133 2.128 2.123 2.117 2.113 2.114 2.115 2.116 2.118 2.108 2.096
6.191 6.093 5.994 5.896 5.798 5.664 5.664 5.327 5.158 4.989 4.820 4.652 4.483 4.314 4.145 3.977 3.800 3.615 3.430 3.245 3.302 3.476 3.476 3.824 3.999 4.173 4.347 4.521 4.695 4.869 5.043 5.218 5.392 5.566 5.707 5.487 5.262 5.026 4.552 4.552 4.315 4.079 3.842 3.605 3.368 3.131 2.895 2.658 2.449 2.437 2.425 2.411 2.391 2.370 2.329 2.329 2.308 2.288 2.267 2.246 2.226 2.205 2.199 2.194 2.189 2.184 2.178 2.173 2.168 2.163 2.165 2.165 2.167 2.168 2.169 2.164 2.152
6.241 6.143 6.045 5.947 5.848 5.731 5.731 5.393 5.224 5.056 4.887 4.718 4.549 4.381 4.212 4.038 3.853 3.668 3.483 3.298 3.209 3.383 3.383 3.731 3.905 4.080 4.254 4.428 4.602 4.776 4.950 5.124 5.298 5.465 5.607 5.524 5.305 5.085 4.646 4.646 4.427 4.207 3.977 3.740 3.503 3.266 3.030 2.793 2.556 2.494 2.481 2.460 2.440 2.419 2.378 2.378 2.358 2.337 2.316 2.296 2.275 2.254 2.244 2.239 2.234 2.228 2.223 2.218 2.213 2.215 2.217 2.217 2.219 2.220 2.221 2.219 2.207
6.292 6.193 6.095 5.997 5.899 5.797 5.798 5.460 5.291 5.122 4.954 4.785 4.616 4.447 4.276 4.091 3.906 3.721 3.536 3.351 3.165 3.289 3.290 3.638 3.812 3.986 4.160 4.334 4.509 4.683 4.857 5.031 5.205 5.347 5.488 5.561 5.342 5.122 4.683 4.683 4.464 4.244 4.025 3.805 3.586 3.366 3.147 2.927 2.691 2.551 2.530 2.510 2.489 2.468 2.427 2.427 2.407 2.386 2.365 2.345 2.324 2.303 2.289 2.284 2.279 2.273 2.268 2.264 2.265 2.267 2.269 2.269 2.270 2.272 2.273 2.274 2.262
6.342 6.244 6.145 6.047 5.949 5.851 5.851 5.526 5.358 5.189 5.020 4.851 4.683 4.514 4.329 4.143 3.958 3.773 3.588 3.403 3.218 3.196 3.196 3.544 3.719 3.893 4.067 4.241 4.415 4.589 4.763 4.937 5.087 5.228 5.370 5.511 5.379 5.159 4.720 4.720 4.501 4.281 4.062 3.842 3.623 3.403 3.184 2.964 2.745 2.598 2.578 2.558 2.538 2.517 2.476 2.476 2.456 2.435 2.414 2.394 2.373 2.353 2.334 2.329 2.324 2.318 2.314 2.316 2.317 2.318 2.321 2.321 2.322 2.324 2.325 2.326 2.317
6.392 6.294 6.196 6.097 5.999 5.901 5.901 5.593 5.424 5.255 5.087 4.918 4.749 4.566 4.381 4.196 4.011 3.826 3.641 3.456 3.271 3.103 3.103 3.451 3.625 3.799 3.973 4.148 4.322 4.496 4.670 4.827 4.968 5.110 5.251 5.393 5.416 5.196 4.757 4.757 4.538 4.318 4.099 3.879 3.660 3.440 3.221 3.001 2.826 2.682 2.625 2.605 2.585 2.565 2.525 2.525 2.505 2.484 2.464 2.443 2.422 2.402 2.381 2.374 2.368 2.365 2.366 2.368 2.369 2.370 2.373 2.373 2.374 2.376 2.377 2.378 2.372
6.442 6.344 6.246 6.148 6.050 5.951 5.952 5.660 5.491 5.322 5.153 4.984 4.804 4.619 4.434 4.249 4.064 3.879 3.694 3.509 3.324 3.139 3.139 3.358 3.532 3.706 3.880 4.054 4.228 4.402 4.567 4.708 4.850 4.991 5.133 5.274 5.416 5.233 4.794 4.794 4.575 4.355 4.136 3.916 3.697 3.477 3.258 3.062 2.918 2.774 2.671 2.652 2.632 2.612 2.572 2.572 2.552 2.532 2.512 2.492 2.471 2.451 2.430 2.419 2.415 2.417 2.418 2.419 2.421 2.422 2.425 2.425 2.426 2.427 2.429 2.430 2.428
6.493 6.395 6.296 6.198 6.100 6.002 6.002 5.726 5.557 5.389 5.220 5.042 4.857 4.672 4.487 4.302 4.117 3.932 3.747 3.561 3.376 3.191 3.192 3.264 3.438 3.613 3.787 3.961 4.135 4.307 4.448 4.590 4.731 4.873 5.014 5.156 5.297 5.270 4.831 4.831 4.612 4.392 4.173 3.953 3.734 3.514 3.297 3.154 3.010 2.866 2.722 2.698 2.678 2.658 2.618 2.618 2.598 2.578 2.558 2.539 2.519 2.499 2.479 2.466 2.467 2.469 2.470 2.471 2.473 2.474 2.477 2.477 2.478 2.479 2.481 2.482 2.483
6.543 6.445 6.347 6.248 6.150 6.052 6.052 5.793 5.624 5.455 5.280 5.095 4.910 4.725 4.540 4.354 4.169 3.984 3.799 3.614 3.429 3.244 3.244 3.171 3.345 3.519 3.693 3.868 4.042 4.188 4.330 4.471 4.613 4.754 4.896 5.037 5.179 5.307 4.868 4.868 4.649 4.429 4.210 3.990 3.771 3.551 3.390 3.246 3.102 2.958 2.814 2.745 2.725 2.705 2.665 2.665 2.645 2.625 2.605 2.585 2.565 2.545 2.503 2.451 2.477 2.503 2.522 2.523 2.525 2.526 2.528 2.529 2.530 2.531 2.532 2.534 2.535
6.365 6.379 6.394 6.299 6.201 6.102 6.102 5.859 5.690 5.518 5.333 5.148 4.963 4.777 4.592 4.407 4.222 4.037 3.852 3.667 3.482 3.297 3.297 3.078 3.252 3.426 3.600 3.774 3.928 4.070 4.211 4.353 4.494 4.636 4.777 4.919 5.060 5.202 4.905 4.905 4.686 4.466 4.247 4.027 3.808 3.626 3.482 3.338 3.194 3.050 2.906 2.791 2.771 2.751 2.711 2.711 2.692 2.672 2.652 2.632 2.612 2.564 2.496 2.430 2.456 2.482 2.508 2.534 2.560 2.578 2.580 2.580 2.582 2.583 2.584 2.586 2.587
6.365 6.380 6.394 6.299 6.201 6.102 6.103 5.859 5.691 5.518 5.333 5.148 4.963 4.778 4.593 4.407 4.222 4.037 3.852 3.667 3.482 3.297 3.297 3.078 3.252 3.426 3.600 3.774 3.928 4.070 4.211 4.353 4.494 4.636 4.777 4.919 5.060 5.202 4.905 4.906 4.686 4.466 4.247 4.027 3.808 3.626 3.482 3.338 3.194 3.050 2.906 2.791 2.771 2.751 2.711 2.712 2.692 2.672 2.652 2.632 2.612 2.564 2.497 2.430 2.456 2.482 2.508 2.534 2.560 2.578 2.580 2.581 2.582 2.583 2.585 2.586 2.587
6.174 6.189 6.204 6.218 6.233 6.153 6.153 5.926 5.756 5.571 5.386 5.201 5.016 4.830 4.645 4.460 4.275 4.090 3.905 3.720 3.535 3.350 3.350 2.984 3.159 3.333 3.507 3.668 3.810 3.951 4.093 4.235 4.376 4.518 4.659 4.800 4.942 5.084 4.942 4.942 4.723 4.503 4.284 4.064 3.862 3.718 3.574 3.430 3.286 3.142 2.998 2.854 2.818 2.798 2.758 2.758 2.738 2.718 2.698 2.679 2.625 2.558 2.490 2.423 2.435 2.461 2.487 2.513 2.540 2.566 2.617 2.618 2.634 2.635 2.636 2.638 2.639
5.984 5.999 6.013 6.028 6.043 6.057 6.057 5.993 5.809 5.624 5.439 5.254 5.068 4.883 4.698 4.513 4.328 4.143 3.958 3.773 3.588 3.403 3.403 3.032 3.065 3.240 3.408 3.550 3.691 3.833 3.975 4.116 4.258 4.399 4.541 4.682 4.824 4.965 4.979 4.980 4.760 4.540 4.321 4.101 3.954 3.810 3.666 3.522 3.378 3.234 3.090 2.946 2.865 2.845 2.805 2.805 2.785 2.765 2.745 2.686 2.619 2.551 2.484 2.417 2.415 2.441 2.467 2.493 2.519 2.545 2.597 2.597 2.623 2.649 2.675 2.690 2.691
5.603 5.617 5.632 5.647 5.676 5.750 5.751 5.888 5.930 5.744 5.558 5.372 5.185 4.999 4.813 4.627 4.441 4.255 4.069 3.883 3.697 3.511 3.511 3.138 2.953 3.030 3.171 3.313 3.454 3.596 3.738 3.879 4.021 4.162 4.304 4.445 4.587 4.728 5.011 5.011 4.834 4.614 4.426 4.282 4.138 3.994 3.850 3.706 3.562 3.418 3.274 3.130 2.986 2.938 2.898 2.898 2.875 2.808 2.741 2.673 2.606 2.539 2.472 2.404 2.373 2.399 2.425 2.451 2.477 2.503 2.555 2.555 2.581 2.607 2.633 2.659 2.690
5.412 5.427 5.445 5.519 5.593 5.667 5.667 5.800 5.855 5.806 5.620 5.434 5.248 5.062 4.876 4.690 4.504 4.318 4.131 3.945 3.759 3.573 3.573 3.201 3.092 3.129 3.236 3.343 3.451 3.558 3.665 3.773 3.902 4.044 4.185 4.327 4.468 4.610 4.892 4.892 4.871 4.662 4.518 4.374 4.230 4.086 3.942 3.798 3.654 3.510 3.366 3.222 3.078 2.984 2.936 2.936 2.869 2.802 2.734 2.667 2.600 2.533 2.465 2.398 2.353 2.379 2.405 2.431 2.457 2.483 2.535 2.535 2.561 2.587 2.613 2.651 2.711
5.221 5.287 5.361 5.435 5.509 5.583 5.583 5.712 5.767 5.822 5.683 5.497 5.311 5.124 4.938 4.752 4.566 4.380 4.194 4.008 3.822 3.636 3.636 3.283 3.283 3.284 3.380 3.487 3.594 3.702 3.809 3.916 4.024 4.131 4.238 4.345 4.453 4.560 4.774 4.774 4.908 4.754 4.610 4.466 4.322 4.178 4.034 3.890 3.746 3.602 3.458 3.314 3.170 3.031 2.929 2.930 2.863 2.795 2.728 2.661 2.594 2.526 2.459 2.392 2.332 2.358 2.384 2.410 2.436 2.462 2.514 2.514 2.540 2.566 2.612 2.672 2.731
5.129 5.203 5.277 5.351 5.425 5.499 5.500 5.623 5.678 5.733 5.745 5.559 5.373 5.187 5.001 4.815 4.629 4.443 4.257 4.070 3.884 3.698 3.699 3.475 3.475 3.476 3.523 3.630 3.738 3.845 3.952 4.060 4.167 4.274 4.381 4.489 4.596 4.703 4.918 4.918 4.876 4.728 4.587 4.447 4.307 4.167 4.027 3.887 3.747 3.607 3.467 3.327 3.187 3.047 2.923 2.924 2.856 2.789 2.722 2.655 2.588 2.520 2.453 2.386 2.319 2.337 2.363 2.389 2.416 2.442 2.493 2.494 2.520 2.573 2.633 2.693 2.752
5.045 5.119 5.193 5.268 5.342 5.416 5.416 5.535 5.590 5.645 5.700 5.622 5.436 5.250 5.064 4.877 4.691 4.505 4.319 4.133 3.947 3.761 3.761 3.667 3.667 3.668 3.668 3.774 3.881 3.988 4.096 4.203 4.310 4.418 4.525 4.632 4.739 4.847 4.990 4.990 4.836 4.681 4.539 4.398 4.258 4.118 3.978 3.838 3.698 3.558 3.418 3.278 3.138 3.018 2.906 2.907 2.850 2.783 2.716 2.649 2.582 2.514 2.447 2.380 2.313 2.317 2.343 2.369 2.395 2.421 2.474 2.475 2.534 2.594 2.654 2.713 2.773
4.962 5.036 5.110 5.184 5.258 5.332 5.332 5.447 5.502 5.557 5.612 5.667 5.498 5.312 5.126 4.940 4.754 4.568 4.382 4.196 4.010 3.858 3.859 3.859 3.859 3.859 3.860 3.917 4.025 4.132 4.239 4.347 4.454 4.561 4.668 4.776 4.883 4.990 4.950 4.950 4.796 4.641 4.490 4.350 4.209 4.069 3.929 3.789 3.649 3.509 3.369 3.229 3.089 2.991 2.879 2.879 2.823 2.768 2.710 2.642 2.575 2.508 2.441 2.374 2.307 2.296 2.322 2.348 2.374 2.400 2.495 2.495 2.555 2.615 2.675 2.734 2.794
4.878 4.952 5.026 5.100 5.174 5.248 5.249 5.359 5.414 5.469 5.524 5.579 5.561 5.375 5.189 5.003 4.817 4.630 4.444 4.258 4.072 4.050 4.051 4.051 4.051 4.051 4.051 4.061 4.168 4.275 4.383 4.490 4.597 4.704 4.812 4.919 5.026 5.133 4.910 4.910 4.756 4.601 4.447 4.301 4.160 4.020 3.880 3.740 3.600 3.460 3.320 3.180 3.040 2.963 2.851 2.852 2.796 2.740 2.684 2.629 2.569 2.502 2.435 2.368 2.301 2.276 2.302 2.328 2.354 2.397 2.516 2.516 2.576 2.636 2.695 2.755 2.815
4.794 4.868 4.942 5.017 5.091 5.161 5.161 5.271 5.326 5.381 5.436 5.490 5.545 5.437 5.251 5.065 4.879 4.693 4.507 4.321 4.242 4.242 4.243 4.243 4.243 4.243 4.243 4.244 4.311 4.419 4.526 4.633 4.741 4.848 4.955 5.062 5.170 5.179 4.870 4.870 4.716 4.561 4.407 4.252 4.112 3.971 3.831 3.691 3.551 3.411 3.271 3.131 2.991 2.936 2.824 2.824 2.768 2.713 2.657 2.601 2.546 2.490 2.429 2.362 2.295 2.255 2.281 2.307 2.358 2.418 2.537 2.537 2.597 2.657 2.716 2.776 2.836
4.711 4.785 4.859 4.933 5.007 5.072 5.073 5.182 5.237 5.292 5.347 5.402 5.457 5.500 5.314 5.128 4.942 4.756 4.570 4.434 4.434 4.434 4.435 4.435 4.435 4.435 4.435 4.435 4.455 4.562 4.669 4.777 4.884 4.991 5.098 5.206 5.293 5.139 4.830 4.830 4.675 4.521 4.367 4.212 4.063 3.923 3.782 3.642 3.502 3.362 3.222 3.083 2.964 2.908 2.797 2.797 2.741 2.685 2.630 2.574 2.518 2.463 2.407 2.351 2.289 2.235 2.261 2.319 2.379 2.439 2.558 2.558 2.618 2.677 2.737 2.797 2.856
4.627 4.701 4.775 4.849 4.923 4.984 4.984 5.094 5.149 5.204 5.259 5.314 5.369 5.424 5.377 5.190 5.004 4.818 4.632 4.626 4.626 4.626 4.626 4.627 4.627 4.627 4.627 4.627 4.627 4.706 4.813 4.920 5.027 5.135 5.242 5.349 5.253 5.099 4.790 4.790 4.635 4.481 4.327 4.172 4.018 3.874 3.734 3.594 3.454 3.314 3.174 3.034 2.937 2.881 2.769 2.769 2.714 2.658 2.602 2.547 2.491 2.435 2.380 2.324 2.268 2.254 2.281 2.340 2.400 2.460 2.579 2.579 2.639 2.698 2.758 2.818 2.877
4.543 4.617 4.691 4.766 4.840 4.896 4.896 5.006 5.061 5.116 5.171 5.226 5.281 5.336 5.391 5.253 5.067 4.881 4.817 4.818 4.818 4.818 4.818 4.819 4.819 4.819 4.819 4.819 4.819 4.849 4.956 5.063 5.171 5.278 5.385 5.368 5.213 5.059 4.750 4.750 4.595 4.441 4.286 4.132 3.978 3.825 3.685 3.545 3.405 3.265 3.125 2.985 2.909 2.854 2.742 2.742 2.686 2.631 2.575 2.519 2.464 2.408 2.352 2.317 2.411 2.504 2.470 2.423 2.421 2.481 2.600 2.600 2.659 2.719 2.779 2.838 2.898
4.545 4.564 4.608 4.682 4.753 4.808 4.808 4.918 4.973 5.028 5.083 5.138 5.193 5.248 5.303 5.316 5.130 5.009 5.009 5.010 5.010 5.010 5.010 5.010 5.011 5.011 5.011 5.011 5.011 5.011 5.100 5.207 5.314 5.421 5.482 5.327 5.173 5.019 4.710 4.710 4.555 4.401 4.246 4.092 3.938 3.783 3.636 3.496 3.356 3.216 3.076 2.938 2.882 2.826 2.714 2.715 2.659 2.603 2.548 2.492 2.436 2.381 2.474 2.567 2.660 2.754 2.731 2.685 2.638 2.592 2.621 2.621 2.680 2.740 2.799 2.859 2.919
4.566 4.585 4.604 4.624 4.665 4.720 4.720 4.830 4.885 4.939 4.994 5.050 5.104 5.160 5.215 5.270 5.201 5.201 5.201 5.202 5.202 5.202 5.202 5.202 5.203 5.203 5.203 5.203 5.203 5.203 5.243 5.350 5.458 5.565 5.442 5.287 5.133 4.978 4.670 4.670 4.515 4.361 4.206 4.052 3.898 3.743 3.589 3.447 3.307 3.167 3.027 2.910 2.854 2.799 2.687 2.687 2.632 2.576 2.520 2.465 2.536 2.630 2.723 2.817 2.910 3.003 2.992 2.946 2.900 2.853 2.761 2.761 2.715 2.761 2.820 2.880 2.939
4.567 4.586 4.605 4.624 4.665 4.720 4.720 4.830 4.885 4.940 4.995 5.050 5.105 5.160 5.215 5.270 5.201 5.201 5.202 5.202 5.202 5.202 5.202 5.203 5.203 5.203 5.203 5.203 5.203 5.203 5.243 5.350 5.458 5.565 5.442 5.288 5.133 4.979 4.670 4.670 4.515 4.361 4.207 4.052 3.898 3.743 3.589 3.447 3.307 3.167 3.027 2.911 2.855 2.799 2.688 2.688 2.632 2.577 2.521 2.465 2.537 2.630 2.724 2.817 2.910 3.004 2.992 2.946 2.900 2.854 2.761 2.761 2.715 2.761 2.820 2.880 2.940
4.588 4.607 4.626 4.623 4.588 4.643 4.643 4.752 4.807 4.862 4.916 4.971 5.026 5.080 5.135 5.190 5.350 5.364 5.377 5.390 5.394 5.394 5.394 5.394 5.395 5.395 5.395 5.395 5.395 5.395 5.395 5.494 5.601 5.556 5.402 5.248 5.093 4.939 4.630 4.630 4.475 4.321 4.167 4.012 3.858 3.704 3.549 3.398 3.258 3.119 2.979 2.883 2.828 2.772 2.660 2.661 2.605 2.549 2.599 2.693 2.786 2.880 2.973 3.067 3.160 3.253 3.254 3.207 3.161 3.115 3.022 3.022 2.976 2.930 2.883 2.901 2.960
4.609 4.628 4.623 4.584 4.544 4.568 4.568 4.677 4.732 4.786 4.841 4.896 4.950 5.005 5.060 5.194 5.408 5.480 5.493 5.507 5.520 5.533 5.533 5.559 5.573 5.586 5.587 5.587 5.587 5.587 5.587 5.637 5.671 5.516 5.362 5.207 5.053 4.899 4.590 4.590 4.435 4.281 4.127 3.972 3.818 3.664 3.509 3.355 3.210 3.070 2.930 2.856 2.800 2.745 2.633 2.634 2.662 2.756 2.849 2.943 3.036 3.129 3.223 3.316 3.409 3.503 3.515 3.469 3.422 3.376 3.283 3.283 3.237 3.191 3.145 3.098 3.052
4.624 4.584 4.545 4.505 4.465 4.426 4.426 4.526 4.580 4.635 4.690 4.744 4.799 4.854 5.063 5.277 5.491 5.705 5.726 5.739 5.752 5.766 5.766 5.792 5.805 5.818 5.832 5.845 5.858 5.871 5.884 5.775 5.627 5.467 5.307 5.148 4.988 4.829 4.509 4.510 4.355 4.201 4.046 3.892 3.738 3.583 3.429 3.275 3.120 2.972 2.857 2.801 2.787 2.880 3.067 3.068 3.161 3.255 3.348 3.441 3.535 3.628 3.722 3.815 3.908 4.002 4.037 3.991 3.944 3.898 3.805 3.805 3.759 3.713 3.667 3.620 3.574
4.585 4.545 4.505 4.466 4.426 4.387 4.387 4.450 4.505 4.560 4.614 4.669 4.724 4.890 5.104 5.318 5.532 5.746 5.842 5.856 5.869 5.882 5.882 5.908 5.922 5.935 5.948 5.961 5.974 5.987 5.884 5.765 5.629 5.469 5.310 5.150 4.991 4.831 4.512 4.512 4.352 4.193 4.033 3.874 3.714 3.555 3.396 3.236 3.081 2.926 2.849 2.943 3.037 3.130 3.317 3.317 3.411 3.504 3.598 3.691 3.784 3.878 3.971 4.064 4.158 4.251 4.298 4.252 4.205 4.159 4.067 4.067 4.020 3.974 3.928 3.881 3.835
4.546 4.506 4.466 4.427 4.387 4.347 4.348 4.375 4.430 4.484 4.539 4.594 4.718 4.932 5.146 5.360 5.574 5.788 5.959 5.972 5.985 5.998 5.999 6.025 6.038 6.051 6.064 6.077 6.091 5.992 5.874 5.756 5.631 5.472 5.312 5.153 4.993 4.833 4.514 4.514 4.355 4.195 4.036 3.876 3.717 3.558 3.398 3.239 3.079 2.937 2.968 3.178 3.286 3.380 3.566 3.567 3.660 3.754 3.847 3.940 4.034 4.127 4.221 4.314 4.407 4.501 4.559 4.513 4.467 4.420 4.328 4.328 4.281 4.235 4.189 4.142 4.096
