includes/camargue/floodfiles/results_R4_t1.562344205135E12/res-0013.wdfp
ncols         906
nrows         631
xllcorner     362177.146667
yllcorner     6534725.688020
cellsize      20.000000
NODATA_value  -9999.000000
[rows 544 to 577 of 631, columns 154 to 230 of 906]
4.179 4.490 4.801 5.112 5.221 5.306 5.392 5.448 5.421 5.393 5.366 5.338 5.311 5.412 5.658 5.658 6.149 6.394 6.639 6.885 6.968 6.977 6.850 6.630 6.411 6.191 5.971 5.752 5.532 5.313 5.093 5.093 5.029 5.030 5.030 5.031 5.032 5.033 5.033 5.034 5.035 5.036 5.010 4.974 4.939 4.904 4.869 4.869 4.799 4.764 4.729 4.694 4.659 4.624 4.605 4.678 4.751 4.824 4.897 4.970 5.043 5.116 5.189 5.341 5.341 5.419 5.456 5.447 5.438 5.429 5.420 5.410 5.401 5.392 5.446 5.522 5.598
4.033 4.344 4.655 4.935 5.020 5.106 5.192 5.278 5.351 5.324 5.296 5.269 5.241 5.416 5.661 5.661 6.152 6.398 6.643 6.888 7.134 7.202 6.985 6.765 6.546 6.326 6.107 5.865 5.599 5.333 5.066 5.066 4.974 4.975 4.977 4.978 4.980 4.982 4.983 4.985 4.986 4.988 4.938 4.889 4.862 4.836 4.810 4.810 4.757 4.731 4.704 4.678 4.651 4.625 4.623 4.690 4.757 4.824 4.891 4.958 5.025 5.092 5.159 5.293 5.293 5.334 5.325 5.316 5.307 5.297 5.288 5.279 5.270 5.261 5.334 5.410 5.486
3.887 4.198 4.508 4.734 4.820 4.906 4.992 5.077 5.163 5.249 5.227 5.199 5.174 5.419 5.665 5.665 6.156 6.401 6.646 6.892 7.009 7.098 6.859 6.593 6.326 6.060 5.794 5.527 5.261 4.995 4.728 4.728 4.931 4.932 4.934 4.935 4.937 4.939 4.940 4.942 4.943 4.929 4.841 4.759 4.733 4.707 4.680 4.680 4.627 4.601 4.575 4.548 4.522 4.489 4.447 4.487 4.554 4.621 4.688 4.755 4.822 4.889 4.956 5.090 5.090 5.157 5.194 5.184 5.175 5.166 5.157 5.148 5.139 5.145 5.221 5.297 5.373
3.741 4.051 4.362 4.534 4.620 4.706 4.791 4.877 4.963 5.048 5.134 5.130 5.177 5.423 5.668 5.668 6.071 6.162 6.253 6.343 6.434 6.520 6.521 6.255 5.988 5.722 5.456 5.189 4.923 4.657 4.597 4.597 4.855 4.889 4.891 4.892 4.894 4.896 4.897 4.899 4.901 4.832 4.745 4.657 4.604 4.577 4.551 4.551 4.498 4.472 4.445 4.419 4.392 4.350 4.308 4.284 4.351 4.418 4.485 4.552 4.619 4.686 4.753 4.887 4.887 4.954 5.020 5.053 5.044 5.035 5.026 5.016 5.007 5.033 5.108 5.184 5.260
3.594 3.905 4.216 4.334 4.420 4.505 4.591 4.677 4.763 4.848 4.934 5.020 5.134 5.224 5.315 5.315 5.496 5.587 5.678 5.768 5.858 5.943 6.028 5.917 5.650 5.384 5.118 4.851 4.585 4.350 4.479 4.479 4.737 4.846 4.848 4.850 4.851 4.853 4.854 4.856 4.823 4.736 4.648 4.561 4.474 4.448 4.421 4.421 4.369 4.342 4.316 4.290 4.253 4.211 4.169 4.127 4.148 4.215 4.282 4.349 4.416 4.483 4.550 4.684 4.684 4.750 4.817 4.884 4.912 4.903 4.894 4.885 4.876 4.920 4.996 5.072 5.147
3.448 3.759 4.048 4.134 4.219 4.305 4.391 4.477 4.562 4.648 4.678 4.685 4.657 4.649 4.740 4.740 4.921 5.012 5.103 5.193 5.281 5.365 5.450 5.535 5.312 5.046 4.779 4.513 4.247 4.232 4.361 4.361 4.619 4.747 4.805 4.807 4.808 4.810 4.812 4.813 4.726 4.639 4.551 4.464 4.377 4.318 4.292 4.292 4.239 4.213 4.186 4.156 4.114 4.072 4.030 3.988 3.946 4.012 4.079 4.146 4.213 4.280 4.347 4.480 4.480 4.547 4.614 4.680 4.747 4.772 4.763 4.754 4.745 4.807 4.883 4.959 5.035
3.302 3.613 3.848 3.933 4.019 4.105 4.191 4.276 4.283 4.290 4.297 4.304 4.273 4.219 4.165 4.165 4.346 4.437 4.527 4.618 4.703 4.788 4.873 4.958 4.974 4.708 4.441 4.175 3.985 4.114 4.243 4.243 4.500 4.629 4.758 4.764 4.765 4.767 4.769 4.717 4.630 4.542 4.455 4.367 4.280 4.192 4.163 4.162 4.110 4.083 4.057 4.016 3.974 3.932 3.890 3.848 3.806 3.808 3.875 3.942 4.010 4.076 4.144 4.277 4.277 4.344 4.410 4.477 4.544 4.611 4.631 4.622 4.619 4.695 4.770 4.846 4.922
3.156 3.467 3.647 3.733 3.819 3.880 3.888 3.895 3.902 3.909 3.916 3.923 3.890 3.836 3.782 3.782 3.771 3.862 3.952 4.041 4.126 4.211 4.295 4.380 4.465 4.370 4.103 3.837 3.867 3.996 4.125 4.125 4.382 4.511 4.640 4.721 4.722 4.724 4.708 4.621 4.533 4.446 4.358 4.271 4.183 4.096 4.033 4.033 3.980 3.954 3.919 3.877 3.835 3.793 3.751 3.709 3.667 3.625 3.672 3.739 3.806 3.873 3.940 4.074 4.074 4.140 4.207 4.274 4.341 4.407 4.474 4.491 4.506 4.582 4.658 4.734 4.765
3.207 3.321 3.447 3.485 3.492 3.499 3.506 3.513 3.520 3.528 3.535 3.542 3.507 3.453 3.399 3.399 3.290 3.286 3.377 3.464 3.548 3.633 3.718 3.803 3.887 3.972 3.765 3.620 3.749 3.878 4.007 4.007 4.264 4.393 4.522 4.651 4.679 4.681 4.612 4.524 4.437 4.349 4.262 4.174 4.087 3.999 3.912 3.912 3.851 3.822 3.780 3.738 3.696 3.654 3.612 3.570 3.528 3.486 3.469 3.536 3.603 3.670 3.737 3.870 3.870 3.937 4.004 4.071 4.137 4.204 4.271 4.337 4.393 4.387 4.376 4.365 4.353
3.143 3.151 3.097 3.104 3.111 3.118 3.125 3.132 3.139 3.146 3.153 3.161 3.124 3.070 3.016 3.015 2.907 2.853 2.813 2.888 2.971 3.056 3.141 3.225 3.310 3.395 3.427 3.502 3.631 3.760 3.889 3.888 4.146 4.275 4.404 4.532 4.637 4.602 4.515 4.428 4.340 4.253 4.165 4.078 3.990 3.903 3.815 3.815 3.722 3.683 3.641 3.599 3.557 3.515 3.473 3.431 3.389 3.347 3.305 3.333 3.400 3.467 3.534 3.667 3.667 3.734 3.800 3.867 3.934 3.989 4.016 4.043 4.003 3.975 3.964 3.953 3.941
2.921 2.917 2.866 2.796 2.730 2.737 2.744 2.751 2.758 2.765 2.772 2.779 2.741 2.687 2.632 2.632 2.524 2.513 2.527 2.588 2.663 2.738 2.814 2.889 2.965 3.040 3.083 3.181 3.322 3.463 3.603 3.603 3.884 4.025 4.166 4.306 4.443 4.415 4.347 4.278 4.210 4.142 4.068 3.981 3.893 3.806 3.718 3.718 3.586 3.544 3.502 3.460 3.418 3.376 3.334 3.292 3.250 3.208 3.166 3.130 3.197 3.264 3.330 3.464 3.464 3.530 3.571 3.599 3.626 3.653 3.681 3.708 3.649 3.581 3.552 3.541 3.530
2.687 2.683 2.645 2.574 2.504 2.433 2.363 2.370 2.377 2.384 2.391 2.398 2.358 2.303 2.249 2.249 2.218 2.232 2.246 2.287 2.363 2.438 2.513 2.589 2.664 2.717 2.740 2.784 2.925 3.066 3.206 3.206 3.488 3.628 3.769 3.910 3.977 4.003 3.935 3.867 3.798 3.730 3.661 3.593 3.525 3.456 3.388 3.388 3.333 3.311 3.288 3.266 3.243 3.221 3.195 3.153 3.110 3.069 3.026 2.984 2.994 3.060 3.127 3.182 3.182 3.209 3.236 3.263 3.291 3.318 3.345 3.362 3.294 3.227 3.159 3.129 3.118
2.687 2.683 2.644 2.574 2.504 2.433 2.363 2.370 2.377 2.384 2.391 2.398 2.357 2.303 2.249 2.249 2.217 2.232 2.246 2.287 2.362 2.438 2.513 2.589 2.664 2.717 2.740 2.784 2.925 3.066 3.206 3.206 3.488 3.628 3.769 3.910 3.977 4.003 3.935 3.867 3.798 3.730 3.661 3.593 3.525 3.456 3.388 3.388 3.333 3.311 3.288 3.266 3.243 3.221 3.195 3.152 3.110 3.068 3.026 2.984 2.993 3.060 3.127 3.182 3.181 3.209 3.236 3.263 3.291 3.318 3.345 3.362 3.294 3.226 3.159 3.129 3.118
2.453 2.449 2.423 2.352 2.282 2.211 2.141 2.070 2.000 2.002 2.009 2.017 1.974 1.920 1.908 1.908 1.936 1.950 1.964 1.987 2.062 2.138 2.213 2.288 2.352 2.374 2.397 2.419 2.528 2.669 2.809 2.809 3.091 3.231 3.372 3.467 3.510 3.554 3.523 3.455 3.387 3.318 3.250 3.181 3.113 3.044 2.976 2.976 2.998 2.981 2.958 2.936 2.914 2.891 2.869 2.846 2.824 2.801 2.779 2.757 2.753 2.764 2.792 2.846 2.846 2.873 2.901 2.928 2.955 2.982 3.010 3.008 2.940 2.872 2.804 2.736 2.706
2.220 2.216 2.201 2.131 2.060 1.990 1.919 1.849 1.778 1.708 1.637 1.635 1.598 1.612 1.626 1.626 1.654 1.669 1.683 1.697 1.762 1.837 1.913 1.986 2.008 2.031 2.054 2.076 2.131 2.272 2.413 2.413 2.694 2.835 2.957 3.000 3.044 3.087 3.111 3.043 2.975 2.906 2.838 2.769 2.701 2.633 2.608 2.608 2.649 2.651 2.629 2.606 2.584 2.561 2.539 2.516 2.494 2.472 2.449 2.442 2.466 2.460 2.456 2.511 2.511 2.538 2.565 2.592 2.620 2.647 2.674 2.653 2.586 2.518 2.450 2.382 2.314
1.752 1.748 1.744 1.687 1.617 1.546 1.476 1.405 1.335 1.264 1.239 1.235 1.215 1.183 1.150 1.150 1.092 1.106 1.120 1.134 1.161 1.236 1.277 1.300 1.322 1.345 1.367 1.390 1.413 1.478 1.619 1.619 1.900 1.980 2.024 2.068 2.111 2.155 2.198 2.220 2.151 2.083 2.014 1.946 1.877 1.889 1.910 1.910 1.951 1.971 1.969 1.946 1.924 1.902 1.879 1.857 1.834 1.818 1.841 1.865 1.888 1.892 1.883 1.864 1.864 1.867 1.894 1.921 1.949 1.976 2.003 1.945 1.877 1.809 1.741 1.673 1.605
1.518 1.514 1.510 1.465 1.395 1.324 1.254 1.183 1.113 1.102 1.098 1.094 1.080 1.048 1.015 1.015 0.950 0.917 0.885 0.852 0.866 0.911 0.934 0.956 0.979 1.002 1.024 1.047 1.070 1.092 1.222 1.222 1.470 1.514 1.558 1.601 1.645 1.688 1.732 1.775 1.739 1.671 1.602 1.534 1.520 1.540 1.561 1.561 1.602 1.622 1.639 1.617 1.594 1.572 1.549 1.527 1.506 1.529 1.553 1.576 1.600 1.608 1.599 1.580 1.580 1.571 1.562 1.586 1.613 1.640 1.658 1.590 1.522 1.454 1.387 1.319 1.251
1.284 1.280 1.276 1.244 1.173 1.102 1.032 0.970 0.966 0.961 0.957 0.952 0.945 0.913 0.880 0.880 0.815 0.782 0.750 0.717 0.700 0.687 0.663 0.639 0.636 0.658 0.681 0.704 0.726 0.749 0.825 0.825 1.004 1.048 1.091 1.135 1.179 1.222 1.266 1.309 1.328 1.259 1.191 1.151 1.171 1.191 1.212 1.212 1.253 1.273 1.294 1.287 1.264 1.242 1.219 1.197 1.217 1.240 1.264 1.288 1.311 1.324 1.315 1.296 1.296 1.287 1.278 1.269 1.278 1.305 1.304 1.236 1.168 1.100 1.032 0.968 0.952
1.050 1.046 1.042 1.022 0.951 0.880 0.833 0.829 0.824 0.820 0.815 0.811 0.807 0.777 0.745 0.745 0.680 0.647 0.615 0.601 0.604 0.599 0.575 0.551 0.527 0.503 0.479 0.456 0.432 0.409 0.429 0.429 0.538 0.581 0.625 0.669 0.713 0.756 0.800 0.843 0.886 0.848 0.781 0.802 0.822 0.842 0.863 0.863 0.904 0.924 0.944 0.957 0.934 0.912 0.889 0.905 0.928 0.952 0.975 0.999 1.022 1.040 1.031 1.012 1.012 1.003 0.994 0.985 0.975 0.969 0.949 0.886 0.869 0.853 0.836 0.819 0.802
0.816 0.812 0.808 0.800 0.729 0.696 0.692 0.687 0.683 0.678 0.674 0.670 0.666 0.642 0.610 0.610 0.545 0.512 0.502 0.505 0.508 0.510 0.487 0.463 0.439 0.415 0.391 0.367 0.343 0.320 0.303 0.303 0.298 0.298 0.298 0.298 0.299 0.299 0.333 0.377 0.420 0.435 0.432 0.452 0.473 0.493 0.513 0.513 0.554 0.575 0.595 0.616 0.604 0.582 0.592 0.616 0.639 0.663 0.686 0.710 0.733 0.756 0.747 0.728 0.728 0.719 0.710 0.701 0.691 0.732 0.753 0.737 0.720 0.703 0.686 0.669 0.652
0.690 0.649 0.608 0.570 0.559 0.555 0.550 0.546 0.541 0.537 0.533 0.529 0.525 0.507 0.475 0.475 0.410 0.403 0.405 0.408 0.411 0.414 0.398 0.374 0.350 0.326 0.302 0.278 0.254 0.237 0.223 0.223 0.212 0.212 0.213 0.213 0.214 0.214 0.213 0.212 0.211 0.222 0.221 0.212 0.202 0.193 0.184 0.184 0.203 0.224 0.245 0.266 0.274 0.280 0.304 0.327 0.350 0.374 0.398 0.421 0.444 0.468 0.463 0.444 0.444 0.435 0.426 0.446 0.512 0.577 0.590 0.587 0.570 0.553 0.536 0.519 0.503
0.582 0.540 0.499 0.499 0.483 0.451 0.419 0.404 0.399 0.395 0.391 0.387 0.383 0.372 0.339 0.340 0.303 0.306 0.309 0.312 0.314 0.317 0.309 0.285 0.261 0.236 0.212 0.188 0.170 0.156 0.141 0.140 0.124 0.125 0.126 0.127 0.127 0.127 0.126 0.124 0.126 0.151 0.168 0.158 0.149 0.140 0.130 0.129 0.111 0.102 0.094 0.088 0.086 0.042 0.007 0.014 0.049 0.080 0.107 0.131 0.154 0.179 0.179 0.160 0.160 0.161 0.227 0.291 0.356 0.422 0.426 0.424 0.420 0.403 0.386 0.369 0.353
0.473 0.431 0.433 0.441 0.435 0.403 0.372 0.340 0.309 0.278 0.248 0.244 0.240 0.235 0.203 0.204 0.206 0.210 0.212 0.215 0.217 0.220 0.220 0.196 0.171 0.145 0.120 0.101 0.086 0.068 0.040 0.036 0.011 0.013 0.014 0.015 0.015 0.013 0.012 0.010 0.034 0.075 0.099 0.099 0.091 0.082 0.071 0.067 0.044 0.034 0.030 0.030 0.038 0.029 0.011 0.004 0.002 0.001 0.000 0.001 0.001 0.001 0.000 0.001 0.001 0.001 0.069 0.136 0.200 0.264 0.262 0.260 0.259 0.253 0.236 0.219 0.202
0.364 0.367 0.375 0.382 0.387 0.355 0.324 0.292 0.261 0.229 0.198 0.167 0.135 0.103 0.097 0.099 0.109 0.114 0.116 0.117 0.119 0.121 0.123 0.105 0.077 0.037 0.010 0.004 0.003 0.002 0.002 0.003 0.000 0.000 0.001 0.000 0.001 0.001 0.001 0.001 0.002 0.003 0.007 0.030 0.024 0.018 0.012 0.014 0.007 0.010 0.012 0.020 0.028 0.034 0.017 0.007 0.004 0.003 0.002 0.001 0.000 0.000 0.000 0.001 0.000 0.001 0.001 0.001 0.020 0.094 0.094 0.092 0.089 0.085 0.075 0.049 0.022
0.301 0.308 0.315 0.323 0.330 0.307 0.275 0.243 0.211 0.180 0.148 0.116 0.080 0.042 0.014 0.017 0.006 0.005 0.004 0.005 0.005 0.005 0.007 0.004 0.003 0.003 0.003 0.003 0.003 0.002 0.002 0.003 0.000 0.001 0.000 0.000 0.001 0.001 0.001 0.002 0.002 0.003 0.003 0.009 0.018 0.015 0.011 0.012 0.006 0.007 0.011 0.018 0.025 0.032 0.023 0.010 0.005 0.004 0.003 0.002 0.001 0.001 0.001 0.001 0.001 0.001 0.001 0.001 0.001 0.001 0.000 0.000 0.000 0.000 0.000 0.000 0.000
0.241 0.248 0.255 0.262 0.269 0.257 0.225 0.193 0.161 0.129 0.095 0.061 0.013 0.003 0.003 0.006 0.004 0.004 0.004 0.004 0.003 0.003 0.003 0.003 0.003 0.003 0.003 0.003 0.003 0.003 0.002 0.004 0.001 0.000 0.000 0.000 0.000 0.000 0.001 0.002 0.003 0.003 0.004 0.005 0.017 0.017 0.011 0.012 0.005 0.006 0.011 0.016 0.022 0.029 0.029 0.013 0.007 0.005 0.004 0.003 0.002 0.002 0.001 0.002 0.003 0.002 0.001 0.001 0.000 0.000 0.000 0.000 0.000 0.000 0.000 0.000 0.000
0.179 0.185 0.192 0.199 0.206 0.205 0.173 0.141 0.109 0.076 0.029 0.004 0.003 0.003 0.003 0.006 0.004 0.005 0.005 0.004 0.004 0.004 0.003 0.003 0.003 0.003 0.003 0.003 0.003 0.003 0.002 0.004 0.001 0.000 0.000 0.001 0.000 0.001 0.002 0.002 0.003 0.003 0.004 0.004 0.011 0.019 0.012 0.012 0.004 0.007 0.010 0.015 0.019 0.025 0.032 0.018 0.009 0.006 0.005 0.004 0.003 0.003 0.002 0.002 0.003 0.003 0.003 0.002 0.000 0.000 0.000 0.000 0.000 0.000 0.000 0.000 0.000
0.110 0.116 0.123 0.131 0.138 0.145 0.115 0.081 0.040 0.007 0.003 0.003 0.003 0.003 0.003 0.006 0.004 0.005 0.005 0.004 0.004 0.004 0.003 0.003 0.003 0.003 0.003 0.003 0.003 0.003 0.002 0.004 0.001 0.000 0.000 0.000 0.001 0.001 0.002 0.002 0.003 0.003 0.004 0.005 0.007 0.020 0.012 0.013 0.006 0.008 0.010 0.013 0.017 0.022 0.028 0.023 0.011 0.007 0.006 0.006 0.005 0.003 0.003 0.002 0.004 0.003 0.003 0.002 0.000 0.000 0.000 0.000 0.000 0.000 0.000 0.000 0.000
0.101 0.108 0.115 0.123 0.131 0.138 0.107 0.073 0.017 0.007 0.007 0.007 0.007 0.007 0.007 0.012 0.008 0.009 0.009 0.009 0.009 0.008 0.007 0.007 0.007 0.007 0.007 0.007 0.007 0.007 0.006 0.009 0.004 0.003 0.002 0.002 0.003 0.004 0.005 0.006 0.007 0.008 0.009 0.010 0.014 0.029 0.021 0.021 0.012 0.015 0.017 0.020 0.025 0.031 0.038 0.033 0.018 0.013 0.010 0.009 0.008 0.006 0.005 0.004 0.006 0.006 0.005 0.004 0.000 0.000 0.000 0.000 0.000 0.000 0.000 0.001 0.001
0.020 0.028 0.038 0.048 0.059 0.066 0.039 0.005 0.003 0.003 0.003 0.003 0.003 0.003 0.003 0.007 0.004 0.005 0.005 0.005 0.004 0.004 0.003 0.003 0.003 0.003 0.003 0.003 0.004 0.003 0.003 0.005 0.002 0.002 0.001 0.001 0.002 0.003 0.003 0.004 0.004 0.004 0.005 0.006 0.008 0.013 0.015 0.012 0.010 0.010 0.009 0.009 0.012 0.017 0.024 0.032 0.019 0.014 0.012 0.011 0.009 0.007 0.005 0.004 0.006 0.005 0.003 0.000 0.000 0.000 0.000 0.000 0.000 0.000 0.000 0.000 0.001
0.011 0.013 0.014 0.014 0.015 0.016 0.007 0.004 0.003 0.003 0.003 0.003 0.003 0.003 0.003 0.006 0.003 0.005 0.005 0.005 0.004 0.004 0.003 0.003 0.003 0.003 0.003 0.003 0.004 0.004 0.003 0.005 0.003 0.002 0.001 0.002 0.002 0.003 0.003 0.004 0.004 0.005 0.005 0.006 0.008 0.012 0.015 0.011 0.010 0.009 0.008 0.008 0.009 0.012 0.017 0.025 0.022 0.018 0.015 0.013 0.011 0.009 0.007 0.004 0.007 0.005 0.000 0.000 0.000 0.000 0.000 0.000 0.000 0.000 0.000 0.001 0.001
0.015 0.016 0.016 0.015 0.014 0.011 0.004 0.003 0.003 0.003 0.003 0.002 0.003 0.003 0.003 0.005 0.002 0.004 0.004 0.003 0.003 0.003 0.003 0.002 0.002 0.002 0.002 0.003 0.003 0.003 0.003 0.003 0.003 0.003 0.002 0.003 0.003 0.004 0.005 0.005 0.006 0.006 0.007 0.008 0.011 0.017 0.013 0.010 0.008 0.007 0.007 0.007 0.007 0.009 0.012 0.016 0.019 0.019 0.014 0.012 0.011 0.010 0.008 0.005 0.008 0.001 0.000 0.000 0.000 0.000 0.000 0.000 0.000 0.001 0.000 0.000 0.001
0.020 0.021 0.022 0.022 0.021 0.009 0.005 0.005 0.004 0.004 0.004 0.004 0.003 0.003 0.003 0.006 0.003 0.004 0.004 0.004 0.004 0.004 0.003 0.003 0.002 0.003 0.003 0.003 0.003 0.003 0.005 0.004 0.005 0.004 0.003 0.003 0.004 0.005 0.006 0.007 0.007 0.008 0.009 0.011 0.016 0.017 0.014 0.011 0.009 0.008 0.008 0.008 0.008 0.010 0.013 0.015 0.018 0.021 0.016 0.014 0.012 0.011 0.010 0.008 0.012 0.003 0.000 0.000 0.000 0.000 0.000 0.000 0.000 0.000 0.000 0.001 0.002
0.023 0.024 0.025 0.025 0.017 0.007 0.006 0.005 0.004 0.004 0.004 0.004 0.004 0.004 0.004 0.007 0.002 0.003 0.004 0.004 0.004 0.004 0.004 0.003 0.002 0.002 0.003 0.003 0.003 0.005 0.006 0.005 0.005 0.004 0.003 0.004 0.005 0.005 0.007 0.007 0.008 0.008 0.009 0.012 0.018 0.015 0.013 0.010 0.009 0.008 0.008 0.008 0.008 0.010 0.012 0.012 0.014 0.019 0.018 0.015 0.013 0.012 0.012 0.010 0.015 0.009 0.002 0.000 0.000 0.000 0.000 0.000 0.000 0.000 0.000 0.001 0.002
