includes/camargue/floodfiles/results_R4_t1.562344205135E12/res-0005.wd
ncols         906
nrows         631
xllcorner     362177.146667
yllcorner     6534725.688020
cellsize      20.000000
NODATA_value  -9999.000000
[rows 408 to 441 of 631, columns 0 to 76 of 906]
6.486 6.286 6.125 6.355 6.488 6.365 6.243 6.120 6.120 5.875 5.753 5.985 6.231 6.520 6.809 7.098 7.387 7.680 8.052 8.423 8.794 9.166 9.537 9.773 9.773 10.153 10.347 10.544 10.741 10.938 11.135 11.286 11.435 11.584 11.583 11.485 11.140 10.316 9.492 8.669 8.669 7.022 6.318 5.878 5.438 4.998 4.559 2.941 2.791 2.481 2.330 1.670 0.000 0.000 0.000 0.000 0.000 0.000 0.000 0.000 0.000 0.000 0.000 0.000 0.000 0.000 0.000 0.000 0.000 0.000 0.062 0.162 0.000 0.000 0.000 0.000 0.000
6.676 6.477 6.277 6.252 6.162 6.039 5.917 5.794 5.794 5.549 5.448 5.525 5.814 6.103 6.392 6.681 6.970 7.270 7.641 8.013 8.384 8.756 9.127 9.498 9.498 9.971 10.166 10.364 10.544 10.692 10.841 10.990 11.139 11.288 11.250 11.153 11.056 10.958 10.154 9.331 9.331 7.683 7.024 6.584 6.144 5.704 5.264 4.824 4.384 2.661 2.561 2.321 1.791 0.000 0.000 0.000 0.000 0.000 0.000 0.000 0.000 0.000 0.000 0.000 0.000 0.000 0.000 0.012 0.000 0.000 0.122 0.142 0.212 0.212 0.052 0.004 0.000
6.836 6.630 6.425 6.267 6.174 6.080 5.987 5.893 5.893 5.706 5.613 5.500 5.397 5.686 5.975 6.264 6.553 6.860 7.232 7.603 7.974 8.345 8.717 9.088 9.088 9.789 9.950 10.099 10.248 10.397 10.545 10.694 10.843 10.992 10.918 10.820 10.723 10.626 10.529 9.992 9.992 8.345 7.729 7.289 6.849 6.409 5.970 5.561 5.159 4.757 2.591 2.591 2.330 1.800 0.000 0.000 0.000 0.000 0.000 0.000 0.000 0.000 0.000 0.000 0.000 0.000 0.000 0.222 0.412 0.132 0.282 0.272 0.000 0.000 0.000 0.004 0.292
6.836 6.630 6.425 6.267 6.174 6.080 5.987 5.893 5.893 5.706 5.613 5.500 5.397 5.686 5.975 6.264 6.553 6.860 7.232 7.603 7.974 8.345 8.717 9.088 9.088 9.789 9.950 10.099 10.248 10.397 10.545 10.694 10.843 10.992 10.918 10.820 10.723 10.626 10.529 9.992 9.992 8.345 7.729 7.289 6.849 6.409 5.970 5.561 5.159 4.757 2.591 2.591 2.330 1.800 0.000 0.000 0.000 0.000 0.000 0.000 0.000 0.000 0.000 0.000 0.000 0.000 0.000 0.222 0.412 0.132 0.282 0.272 0.000 0.000 0.000 0.004 0.292
6.950 6.744 6.539 6.429 6.338 6.245 6.151 6.058 6.058 5.871 5.772 5.657 5.542 5.427 5.558 5.847 6.136 6.450 6.822 7.193 7.564 7.936 8.307 8.650 8.650 9.281 9.637 9.803 9.952 10.101 10.249 10.398 10.547 10.683 10.585 10.488 10.391 10.293 10.196 10.099 10.099 9.007 8.435 7.995 7.563 7.161 6.760 6.358 5.956 5.554 5.149 2.681 2.651 2.401 1.631 0.000 0.000 0.000 0.000 0.000 0.000 0.000 0.000 0.000 0.000 0.000 0.000 0.000 0.072 0.262 0.282 0.252 0.242 0.242 0.212 0.062 0.422
7.064 6.858 6.682 6.591 6.500 6.409 6.316 6.222 6.222 6.035 5.930 5.815 5.700 5.584 5.469 5.430 5.719 6.040 6.412 6.783 7.141 7.452 7.762 8.073 8.073 8.711 9.067 9.423 9.656 9.805 9.954 10.103 10.251 10.350 10.253 10.156 10.058 9.961 9.864 9.766 9.766 9.572 9.164 8.762 8.360 7.958 7.556 7.154 6.753 6.351 5.872 4.943 2.891 2.641 2.441 1.561 1.561 0.000 0.000 0.000 0.000 0.000 0.000 0.202 0.000 0.000 0.232 0.000 0.342 0.522 0.282 0.000 0.472 0.472 0.000 0.312 0.003
7.292 7.097 7.006 6.915 6.825 6.734 6.643 6.552 6.552 6.361 6.246 6.130 6.015 5.900 5.782 5.652 5.523 5.324 5.365 5.675 5.985 6.296 6.606 6.917 6.917 7.571 7.927 8.283 8.638 8.994 9.350 9.511 9.660 9.685 9.588 9.491 9.393 9.343 9.323 9.302 9.302 9.285 9.570 9.855 9.953 9.552 9.150 8.748 8.346 7.944 7.316 6.388 5.460 4.532 2.801 2.681 2.680 1.330 0.000 0.000 0.000 0.000 0.322 0.242 0.143 0.382 0.282 0.322 0.372 0.052 0.003 0.843 0.272 0.272 0.872 0.772 0.000
7.406 7.260 7.169 7.078 6.987 6.896 6.805 6.714 6.714 6.518 6.403 6.281 6.151 6.022 5.893 5.764 5.634 5.412 5.179 5.097 5.407 5.718 6.028 6.339 6.339 7.001 7.357 7.713 8.068 8.424 8.780 9.136 9.364 9.353 9.264 9.243 9.223 9.203 9.182 9.162 9.162 9.191 9.476 9.761 10.046 10.331 9.946 9.545 9.143 8.741 8.039 7.111 6.182 5.254 4.326 3.397 3.397 2.091 1.521 0.000 0.000 0.000 0.000 0.202 0.482 0.133 0.512 0.342 0.282 0.442 0.592 0.931 0.862 0.862 0.000 0.732 0.952
7.520 7.422 7.331 7.240 7.149 7.058 6.967 6.874 6.875 6.650 6.521 6.392 6.263 6.133 6.004 5.875 5.734 5.500 5.267 5.034 4.830 5.140 5.450 5.761 5.761 6.431 6.787 7.143 7.498 7.854 8.210 8.565 8.973 9.144 9.123 9.103 9.083 9.062 9.042 9.022 9.022 9.098 9.383 9.668 9.953 10.238 10.523 10.341 9.939 9.537 8.761 7.833 6.905 5.976 5.048 4.259 4.259 2.611 2.541 1.521 0.000 0.000 0.632 0.372 0.462 0.323 0.000 0.532 0.262 0.542 0.742 0.763 0.842 0.842 0.772 0.012 0.922
7.675 7.583 7.489 7.395 7.301 7.207 7.113 7.019 7.020 6.774 6.632 6.503 6.374 6.245 6.115 5.986 5.822 5.588 5.355 5.122 4.888 4.655 4.872 5.183 5.183 5.861 6.217 6.572 6.928 7.320 7.749 8.179 8.608 8.803 8.983 8.963 8.942 8.922 8.902 8.881 8.882 9.005 9.290 9.575 9.860 10.145 10.430 10.715 10.736 10.334 9.484 8.555 7.685 6.905 6.124 5.344 5.344 2.871 2.611 2.131 1.771 1.081 0.000 0.942 0.142 0.212 0.562 0.512 0.422 0.632 0.732 0.782 0.892 0.893 0.662 0.732 1.052
7.824 7.728 7.634 7.540 7.446 7.352 7.258 7.165 7.165 6.903 6.757 6.614 6.485 6.356 6.226 6.097 5.910 5.677 5.443 5.210 4.976 4.743 4.510 4.605 4.605 5.291 5.666 6.096 6.526 6.955 7.385 7.814 8.204 8.395 8.586 8.777 8.802 8.782 8.762 8.741 8.741 8.912 9.197 9.482 9.767 10.052 10.337 10.622 10.907 11.131 10.330 9.550 8.770 7.990 7.210 6.429 6.429 4.869 4.066 2.361 2.361 2.171 1.401 0.000 0.000 0.522 0.000 0.472 0.512 0.642 0.692 0.702 0.862 0.862 0.802 0.672 1.012
7.975 7.875 7.779 7.685 7.591 7.497 7.403 7.310 7.310 7.032 6.886 6.741 6.596 6.467 6.338 6.208 5.998 5.765 5.531 5.298 5.065 4.831 4.598 4.369 4.369 4.872 5.302 5.731 6.161 6.590 7.020 7.449 7.796 7.988 8.179 8.370 8.561 8.642 8.621 8.601 8.601 8.819 9.103 9.388 9.674 9.958 10.243 10.483 10.667 10.877 11.236 10.635 9.855 9.075 8.295 7.514 7.514 5.954 5.134 2.811 2.491 2.451 2.161 1.351 0.000 0.000 0.552 0.422 0.532 0.582 0.613 0.672 0.753 0.752 0.552 0.562 0.952
8.126 8.025 7.926 7.830 7.736 7.642 7.549 7.453 7.453 7.161 7.015 6.870 6.724 6.578 6.449 6.320 6.087 5.853 5.620 5.386 5.166 4.971 4.776 4.581 4.581 4.507 4.937 5.367 5.796 6.225 6.655 7.084 7.389 7.580 7.771 7.963 8.154 8.345 8.481 8.461 8.461 8.725 9.010 9.295 9.573 9.757 9.941 10.125 10.308 10.547 10.906 11.265 10.940 10.160 9.380 8.599 8.599 7.039 6.202 5.311 2.881 2.391 2.151 2.121 1.420 0.000 0.000 0.532 0.422 0.522 0.552 0.632 0.482 0.482 0.572 0.592 0.692
8.276 8.176 8.076 7.976 7.881 7.787 7.694 7.582 7.582 7.290 7.144 6.999 6.853 6.707 6.561 6.408 6.175 5.963 5.768 5.573 5.378 5.183 4.988 4.798 4.798 4.657 4.586 5.002 5.431 5.861 6.290 6.720 6.982 7.173 7.364 7.555 7.746 7.938 8.129 8.320 8.320 8.632 8.848 9.031 9.215 9.399 9.582 9.766 9.950 10.216 10.575 10.934 11.293 11.245 10.465 9.684 9.684 8.124 7.270 6.379 5.487 4.596 2.601 2.471 2.261 1.791 0.000 0.000 0.522 0.532 0.012 0.512 0.542 0.542 0.562 0.542 0.572
8.427 8.327 8.227 8.127 8.027 7.932 7.839 7.711 7.711 7.419 7.273 7.128 6.982 6.837 6.700 6.557 6.370 6.175 5.980 5.785 5.590 5.395 5.199 5.036 5.036 4.895 4.824 4.753 5.066 5.496 5.926 6.355 6.574 6.765 6.957 7.148 7.339 7.530 7.721 7.956 7.956 8.305 8.489 8.673 8.857 9.040 9.224 9.408 9.591 9.886 10.245 10.604 10.963 11.322 11.550 10.769 10.769 9.209 8.338 7.447 6.555 5.664 4.772 2.881 2.451 2.341 1.721 0.000 0.000 0.000 0.562 0.532 0.412 0.412 0.392 0.352 0.372
8.578 8.478 8.378 8.278 8.178 8.078 7.984 7.840 7.840 7.550 7.412 7.275 7.138 7.000 6.863 6.717 6.568 6.387 6.192 5.997 5.801 5.606 5.411 5.274 5.274 5.133 5.062 4.991 4.920 5.131 5.561 5.976 6.167 6.358 6.549 6.740 6.958 7.259 7.560 7.861 7.861 8.028 8.131 8.314 8.498 8.682 8.866 9.049 9.233 9.555 9.914 10.274 10.633 10.992 11.351 11.710 11.710 10.294 9.406 8.515 7.623 6.443 5.223 4.003 2.782 2.751 2.301 2.001 1.281 0.000 0.000 0.582 0.542 0.542 0.502 0.152 0.292
8.729 8.629 8.529 8.429 8.329 8.217 8.118 7.987 7.988 7.713 7.575 7.438 7.301 7.163 7.026 6.877 6.728 6.579 6.403 6.208 6.013 5.818 5.623 5.513 5.513 5.371 5.300 5.229 5.158 5.087 5.196 5.568 5.759 5.960 6.261 6.562 6.863 7.164 7.465 7.766 7.767 7.880 7.891 7.956 8.140 8.323 8.507 8.691 8.875 9.225 9.584 9.943 10.302 10.661 11.020 11.379 11.379 11.366 10.377 9.157 7.936 6.716 5.496 4.276 3.055 1.835 2.481 2.381 2.141 1.431 0.000 0.000 0.072 0.072 0.552 0.392 0.302
8.868 8.742 8.617 8.491 8.366 8.240 8.169 8.139 8.139 7.876 7.738 7.601 7.463 7.326 7.186 7.037 6.888 6.739 6.590 6.420 6.225 6.030 5.835 5.751 5.751 5.609 5.538 5.467 5.396 5.325 5.254 5.263 5.564 5.865 6.166 6.467 6.768 7.069 7.371 7.672 7.672 7.733 7.744 7.754 7.781 7.965 8.149 8.332 8.536 8.895 9.254 9.613 9.972 10.331 10.690 11.049 11.049 11.498 10.650 9.430 8.210 6.989 5.769 4.549 3.329 2.108 2.901 2.791 2.251 2.140 1.880 0.000 0.592 0.592 0.602 0.612 0.532
8.891 8.765 8.640 8.514 8.388 8.263 8.220 8.191 8.191 8.038 7.901 7.764 7.626 7.489 7.346 7.197 7.048 6.899 6.750 6.601 6.437 6.242 6.060 5.989 5.989 5.847 5.776 5.699 5.593 5.486 5.380 5.392 5.474 5.770 6.071 6.373 6.674 6.975 7.276 7.564 7.565 7.586 7.596 7.607 7.618 7.628 7.790 7.974 8.205 8.564 8.923 9.282 9.641 9.996 10.348 10.699 10.699 11.005 10.428 9.703 8.483 7.263 6.042 4.822 3.602 2.382 1.826 2.941 2.541 2.460 2.470 1.940 0.000 0.000 0.000 0.642 0.000
8.891 8.765 8.640 8.514 8.388 8.263 8.220 8.191 8.191 8.038 7.901 7.764 7.626 7.489 7.346 7.197 7.048 6.899 6.750 6.601 6.437 6.242 6.060 5.989 5.989 5.847 5.776 5.699 5.593 5.486 5.380 5.392 5.474 5.770 6.071 6.373 6.674 6.975 7.276 7.564 7.564 7.586 7.596 7.607 7.618 7.628 7.790 7.974 8.205 8.564 8.923 9.282 9.641 9.996 10.348 10.699 10.699 11.005 10.428 9.703 8.483 7.263 6.042 4.822 3.602 2.382 1.826 2.941 2.541 2.461 2.470 1.940 0.000 0.000 0.000 0.642 0.000
8.913 8.788 8.662 8.537 8.411 8.301 8.272 8.242 8.242 8.183 8.064 7.927 7.789 7.652 7.506 7.357 7.208 7.059 6.910 6.761 6.612 6.453 6.298 6.227 6.227 6.037 5.931 5.824 5.718 5.611 5.504 5.556 5.638 5.720 5.977 6.278 6.579 6.880 7.181 7.417 7.417 7.438 7.449 7.460 7.470 7.481 7.492 7.616 7.875 8.234 8.591 8.943 9.294 9.646 9.997 10.349 10.349 10.513 9.936 9.358 8.756 7.536 6.316 5.095 3.875 2.655 2.252 2.132 2.013 1.893 1.774 1.655 1.541 1.541 0.000 0.000 1.142
8.936 8.811 8.685 8.560 8.434 8.353 8.323 8.294 8.294 8.234 8.205 8.089 7.952 7.815 7.666 7.517 7.368 7.219 7.070 6.921 6.772 6.621 6.482 6.375 6.376 6.162 6.056 5.949 5.843 5.736 5.638 5.720 5.802 5.884 5.966 6.183 6.484 6.785 7.086 7.270 7.270 7.291 7.302 7.312 7.323 7.334 7.344 7.355 7.538 7.889 8.241 8.592 8.944 9.295 9.646 9.998 9.998 10.021 9.443 8.866 8.288 7.711 6.589 5.369 4.148 2.928 2.677 2.557 2.438 2.319 2.200 2.080 2.721 2.721 1.792 0.000 0.000
8.858 8.856 8.731 8.605 8.485 8.456 8.426 8.396 8.396 8.337 8.308 8.278 8.248 8.134 7.983 7.832 7.680 7.529 7.377 7.225 7.074 6.923 6.790 6.656 6.657 6.412 6.305 6.199 6.092 5.986 5.966 6.048 6.130 6.212 6.294 6.375 6.457 6.596 6.897 6.975 6.975 6.996 7.003 7.009 7.014 7.020 7.025 7.031 7.190 7.359 7.539 7.891 8.242 8.593 8.945 9.296 9.296 9.036 8.458 7.881 7.303 6.726 6.149 5.571 4.695 3.646 3.527 3.406 3.174 2.941 2.709 2.477 2.013 2.013 2.882 1.930 2.592
8.751 8.759 8.753 8.628 8.537 8.507 8.478 8.448 8.448 8.389 8.335 8.281 8.228 8.228 8.134 7.982 7.831 7.679 7.528 7.376 7.224 7.078 6.945 6.811 6.812 6.545 6.430 6.324 6.217 6.110 6.130 6.212 6.294 6.376 6.458 6.539 6.621 6.703 6.802 6.824 6.824 6.835 6.841 6.846 6.852 6.857 6.863 6.889 7.057 7.225 7.393 7.561 7.891 8.243 8.594 8.946 8.946 8.543 7.966 7.388 6.811 6.234 5.656 5.079 4.501 4.034 3.802 3.570 3.338 3.106 2.881 2.642 2.892 2.892 2.732 2.582 2.642
8.644 8.652 8.661 8.651 8.588 8.554 8.501 8.447 8.447 8.340 8.286 8.233 8.181 8.198 8.214 8.133 7.981 7.830 7.678 7.526 7.375 7.232 7.099 6.966 6.966 6.700 6.567 6.449 6.342 6.235 6.294 6.376 6.458 6.540 6.622 6.704 6.743 6.775 6.786 6.672 6.672 6.673 6.678 6.684 6.690 6.695 6.701 6.755 6.923 7.092 7.260 7.428 7.596 7.892 8.244 8.595 8.595 8.051 7.473 6.896 6.319 5.741 5.166 4.848 4.529 4.231 3.966 3.734 3.502 3.270 2.912 2.806 2.652 2.652 2.802 2.702 2.512
8.537 8.539 8.538 8.537 8.559 8.506 8.452 8.398 8.398 8.291 8.238 8.184 8.151 8.167 8.184 8.200 8.132 7.980 7.829 7.677 7.526 7.387 7.254 7.121 7.121 6.855 6.722 6.589 6.467 6.377 6.459 6.540 6.618 6.651 6.684 6.716 6.748 6.781 6.762 6.648 6.648 6.511 6.516 6.522 6.527 6.533 6.538 6.622 6.790 6.958 7.126 7.295 7.463 7.631 7.893 8.244 8.244 7.558 6.981 6.404 6.005 5.686 5.367 5.049 4.730 4.438 4.170 3.902 3.666 3.434 3.202 2.892 2.562 2.562 2.632 2.452 2.492
8.389 8.388 8.387 8.394 8.430 8.457 8.403 8.350 8.350 8.243 8.189 8.135 8.121 8.137 8.153 8.170 8.186 8.131 7.979 7.828 7.676 7.542 7.409 7.276 7.276 7.010 6.877 6.743 6.610 6.527 6.559 6.592 6.624 6.657 6.689 6.722 6.754 6.787 6.738 6.624 6.624 6.396 6.354 6.359 6.365 6.371 6.376 6.488 6.657 6.825 6.993 7.161 7.329 7.498 7.666 7.894 7.894 7.161 6.843 6.524 6.205 5.887 5.568 5.249 4.931 4.645 4.377 4.109 2.932 3.599 3.367 2.912 2.752 2.752 2.662 2.702 2.342
8.237 8.237 8.236 8.254 8.289 8.325 8.355 8.301 8.301 8.194 8.140 8.087 8.091 8.107 8.123 8.139 8.156 8.172 8.130 7.978 7.830 7.697 7.564 7.431 7.431 7.165 7.033 6.901 6.769 6.649 6.565 6.598 6.630 6.663 6.695 6.728 6.760 6.793 6.714 6.600 6.600 6.372 6.259 6.197 6.203 6.208 6.214 6.355 6.523 6.691 6.860 7.028 7.196 7.364 7.528 7.676 7.676 7.362 7.043 6.725 6.406 6.087 5.769 5.450 5.131 4.852 4.584 4.316 4.047 3.779 3.531 2.942 2.652 2.652 2.542 2.312 2.342
8.086 8.085 8.084 8.113 8.149 8.185 8.220 8.252 8.252 8.145 8.092 8.044 8.060 8.077 8.093 8.109 8.125 8.142 8.158 8.129 7.985 7.852 7.719 7.588 7.588 7.324 7.192 7.060 6.929 6.814 6.705 6.604 6.636 6.669 6.701 6.733 6.766 6.798 6.690 6.576 6.576 6.348 6.234 6.121 6.040 6.046 6.053 6.222 6.390 6.558 6.726 6.890 7.038 7.185 7.333 7.481 7.481 7.553 7.244 6.926 6.607 6.288 5.970 5.651 5.332 5.059 4.791 4.523 4.254 3.986 2.862 3.463 2.562 2.562 2.482 2.552 2.472
7.935 7.934 7.936 7.972 8.008 8.044 8.080 8.116 8.116 8.097 8.043 8.014 8.030 8.046 8.063 8.079 8.095 8.112 8.128 8.139 8.143 8.011 7.879 7.747 7.747 7.484 7.352 7.220 7.088 6.979 6.870 6.761 6.651 6.674 6.707 6.739 6.772 6.779 6.666 6.552 6.552 6.324 6.210 6.097 5.983 5.884 5.920 6.088 6.252 6.400 6.547 6.695 6.843 6.991 7.138 7.270 7.270 7.340 7.374 7.126 6.808 6.489 6.171 5.852 5.534 5.266 4.998 4.729 4.461 4.193 2.932 2.712 2.662 2.663 2.503 2.353 2.123
7.784 7.783 7.795 7.831 7.867 7.903 7.939 7.975 7.975 8.047 7.994 7.984 8.000 8.016 8.032 8.044 8.056 8.067 8.078 8.089 8.137 8.170 8.039 7.907 7.907 7.643 7.512 7.380 7.253 7.144 7.035 6.925 6.816 6.707 6.713 6.745 6.778 6.755 6.641 6.528 6.528 6.300 6.186 6.073 5.959 5.858 5.770 5.909 6.057 6.205 6.352 6.500 6.648 6.796 6.943 7.057 7.057 7.126 7.161 7.196 7.009 6.690 6.371 6.053 5.741 5.473 5.204 4.936 4.668 4.400 4.132 3.864 2.693 2.693 2.423 2.443 2.393
7.633 7.632 7.655 7.690 7.726 7.762 7.798 7.834 7.834 7.906 7.942 7.950 7.961 7.972 7.983 7.994 8.005 8.016 8.027 8.045 8.097 8.149 8.198 8.067 8.067 7.803 7.671 7.540 7.418 7.308 7.199 7.090 6.981 6.872 6.763 6.751 6.783 6.731 6.617 6.504 6.504 6.276 6.189 6.116 6.044 5.971 5.874 5.759 5.862 6.010 6.158 6.305 6.453 6.601 6.748 6.843 6.843 6.912 6.947 6.982 7.017 6.891 6.572 6.253 5.948 5.680 5.412 5.143 4.875 4.607 4.339 4.045 2.813 2.813 2.563 2.323 2.243
7.481 7.480 7.514 7.550 7.586 7.622 7.657 7.724 7.724 7.878 7.939 7.904 7.911 7.922 7.933 7.944 7.955 7.966 7.977 8.005 8.057 8.109 8.161 8.213 8.213 7.963 7.831 7.699 7.582 7.473 7.364 7.255 7.146 7.037 6.928 6.818 6.789 6.707 6.593 6.519 6.519 6.374 6.302 6.229 6.157 6.084 5.979 5.863 5.748 5.815 5.963 6.110 6.258 6.406 6.553 6.629 6.629 6.699 6.734 6.768 6.803 6.838 6.773 6.454 6.155 5.887 5.619 5.350 5.065 4.769 4.473 4.177 2.823 2.823 2.703 2.473 2.503
7.362 7.337 7.373 7.445 7.522 7.599 7.675 7.752 7.752 7.906 7.938 7.903 7.868 7.871 7.882 7.893 7.904 7.915 7.927 7.965 8.017 8.069 8.121 8.173 8.173 8.122 7.991 7.859 7.747 7.638 7.529 7.420 7.311 7.202 7.092 6.976 6.849 6.777 6.704 6.632 6.632 6.487 6.415 6.342 6.270 6.197 6.083 5.968 5.853 5.738 5.768 5.916 6.063 6.211 6.359 6.416 6.416 6.485 6.520 6.555 6.589 6.624 6.659 6.655 6.362 6.085 5.789 5.493 5.196 4.900 4.604 4.308 3.750 3.750 2.794 2.504 2.664
