includes/camargue/floodfiles/results_R4_t1.562344205135E12/res-0005.wd
ncols         906
nrows         631
xllcorner     362177.146667
yllcorner     6534725.688020
cellsize      20.000000
NODATA_value  -9999.000000
[rows 544 to 577 of 631, columns 616 to 692 of 906]
6.352 6.419 6.485 6.551 6.684 6.684 6.750 6.817 6.883 6.949 7.007 7.055 7.104 7.152 7.201 7.250 7.298 7.347 7.396 7.445 7.542 7.542 7.591 7.655 7.725 7.794 7.864 7.934 8.003 8.073 8.143 8.214 8.291 8.368 8.446 8.523 8.681 8.681 8.759 8.838 8.916 8.983 9.051 9.118 9.185 9.253 9.320 9.370 9.379 9.388 9.397 9.407 9.433 9.433 9.451 9.469 9.487 9.505 9.523 9.541 9.561 9.591 9.621 9.651 9.681 9.711 9.827 9.987 10.146 10.146 10.465 10.625 10.784 10.944 11.092 11.228 11.364
6.453 6.520 6.586 6.653 6.785 6.785 6.852 6.918 6.984 7.052 7.125 7.178 7.229 7.277 7.326 7.375 7.423 7.472 7.521 7.570 7.667 7.667 7.716 7.778 7.848 7.918 7.987 8.057 8.127 8.196 8.271 8.348 8.425 8.502 8.579 8.657 8.814 8.814 8.892 8.971 9.050 9.128 9.207 9.276 9.343 9.411 9.478 9.532 9.541 9.550 9.559 9.573 9.609 9.609 9.627 9.645 9.663 9.681 9.699 9.717 9.739 9.769 9.799 9.829 9.859 9.889 9.919 10.046 10.205 10.205 10.524 10.684 10.843 11.003 11.142 11.278 11.414
6.555 6.621 6.687 6.754 6.886 6.887 6.953 7.019 7.090 7.166 7.242 7.294 7.347 7.399 7.451 7.500 7.548 7.597 7.646 7.695 7.792 7.792 7.841 7.901 7.971 8.041 8.110 8.180 8.250 8.327 8.404 8.481 8.558 8.635 8.712 8.790 8.947 8.947 9.026 9.104 9.183 9.261 9.340 9.418 9.497 9.568 9.636 9.694 9.703 9.714 9.731 9.749 9.785 9.785 9.803 9.821 9.839 9.857 9.875 9.893 9.917 9.947 9.977 10.007 10.037 10.067 10.097 10.126 10.265 10.265 10.584 10.743 10.902 11.055 11.191 11.327 11.463
6.656 6.722 6.789 6.855 6.988 6.988 7.054 7.128 7.204 7.280 7.356 7.411 7.463 7.516 7.568 7.620 7.673 7.722 7.771 7.820 7.917 7.917 7.966 8.025 8.094 8.164 8.234 8.306 8.383 8.460 8.537 8.614 8.691 8.769 8.846 8.923 9.080 9.080 9.159 9.238 9.316 9.395 9.473 9.552 9.630 9.709 9.787 9.856 9.872 9.890 9.908 9.925 9.961 9.961 9.979 9.997 10.015 10.033 10.051 10.069 10.095 10.125 10.155 10.184 10.214 10.244 10.274 10.304 10.334 10.334 10.643 10.802 10.962 11.104 11.240 11.376 11.512
6.757 6.823 6.890 6.956 7.090 7.090 7.166 7.242 7.318 7.394 7.470 7.527 7.580 7.632 7.684 7.737 7.789 7.842 7.894 7.945 8.042 8.042 8.091 8.148 8.217 8.287 8.362 8.440 8.517 8.594 8.671 8.748 8.825 8.902 8.979 9.056 9.214 9.214 9.292 9.371 9.449 9.528 9.606 9.685 9.764 9.842 9.918 9.985 10.038 10.066 10.084 10.102 10.137 10.137 10.155 10.173 10.191 10.209 10.227 10.245 10.273 10.303 10.332 10.362 10.392 10.422 10.452 10.482 10.512 10.512 10.702 10.861 11.017 11.153 11.289 11.425 11.561
6.858 6.925 6.991 7.057 7.204 7.204 7.280 7.356 7.432 7.508 7.584 7.644 7.696 7.749 7.801 7.853 7.906 7.958 8.011 8.063 8.167 8.167 8.216 8.271 8.342 8.419 8.496 8.573 8.650 8.727 8.804 8.881 8.958 9.035 9.112 9.190 9.347 9.347 9.425 9.504 9.583 9.661 9.740 9.818 9.897 9.968 10.036 10.104 10.156 10.209 10.260 10.278 10.313 10.313 10.331 10.349 10.367 10.385 10.403 10.421 10.450 10.480 10.510 10.540 10.570 10.600 10.630 10.660 10.690 10.690 10.761 10.921 11.067 11.203 11.339 11.475 11.611
6.959 7.026 7.092 7.166 7.318 7.318 7.394 7.470 7.546 7.622 7.698 7.760 7.813 7.865 7.918 7.970 8.022 8.075 8.127 8.179 8.284 8.284 8.337 8.398 8.475 8.552 8.629 8.706 8.783 8.860 8.937 9.015 9.092 9.169 9.246 9.323 9.480 9.480 9.559 9.637 9.716 9.794 9.873 9.950 10.018 10.086 10.154 10.222 10.275 10.328 10.381 10.433 10.490 10.489 10.507 10.525 10.543 10.561 10.579 10.598 10.628 10.658 10.688 10.718 10.748 10.778 10.808 10.838 10.868 10.868 10.928 10.980 11.115 11.245 11.376 11.506 11.636
7.061 7.128 7.204 7.280 7.432 7.432 7.508 7.584 7.660 7.736 7.812 7.877 7.929 7.982 8.034 8.087 8.139 8.191 8.244 8.296 8.401 8.401 8.465 8.533 8.610 8.686 8.763 8.840 8.917 8.994 9.071 9.148 9.225 9.302 9.379 9.456 9.613 9.613 9.692 9.770 9.849 9.928 10.000 10.068 10.136 10.204 10.272 10.340 10.393 10.446 10.499 10.552 10.658 10.658 10.683 10.701 10.719 10.737 10.755 10.776 10.806 10.836 10.866 10.896 10.926 10.956 10.986 11.016 11.046 11.046 11.073 11.084 11.127 11.258 11.388 11.518 11.649
7.166 7.242 7.318 7.394 7.546 7.546 7.622 7.698 7.774 7.850 7.926 7.994 8.046 8.098 8.151 8.203 8.255 8.308 8.360 8.413 8.534 8.534 8.601 8.669 8.745 8.821 8.898 8.974 9.050 9.127 9.204 9.281 9.358 9.435 9.512 9.590 9.747 9.747 9.825 9.904 9.982 10.050 10.118 10.186 10.254 10.322 10.390 10.458 10.512 10.565 10.618 10.670 10.776 10.776 10.829 10.877 10.895 10.913 10.931 10.954 10.984 11.014 11.044 11.074 11.104 11.133 11.145 11.157 11.169 11.169 11.193 11.203 11.211 11.270 11.400 11.531 11.661
7.280 7.356 7.432 7.508 7.660 7.660 7.736 7.812 7.888 7.964 8.040 8.110 8.163 8.215 8.267 8.320 8.372 8.424 8.477 8.535 8.670 8.670 8.737 8.805 8.880 8.956 9.033 9.109 9.185 9.262 9.338 9.415 9.492 9.569 9.646 9.723 9.880 9.880 9.958 10.032 10.100 10.168 10.236 10.304 10.372 10.440 10.508 10.576 10.630 10.683 10.736 10.789 10.895 10.895 10.948 11.000 11.053 11.089 11.107 11.132 11.162 11.192 11.217 11.229 11.241 11.253 11.265 11.277 11.290 11.290 11.314 11.322 11.330 11.338 11.413 11.543 11.673
7.394 7.470 7.546 7.622 7.774 7.774 7.850 7.926 8.002 8.078 8.154 8.227 8.279 8.332 8.384 8.436 8.489 8.541 8.604 8.671 8.806 8.806 8.874 8.941 9.015 9.092 9.168 9.244 9.321 9.397 9.473 9.550 9.626 9.702 9.779 9.856 10.013 10.013 10.082 10.150 10.218 10.286 10.354 10.422 10.490 10.558 10.627 10.695 10.749 10.801 10.854 10.907 11.013 11.013 11.066 11.119 11.172 11.225 11.278 11.301 11.313 11.326 11.338 11.350 11.362 11.374 11.386 11.398 11.410 11.410 11.433 11.441 11.449 11.457 11.465 11.555 11.686
7.532 7.598 7.665 7.736 7.888 7.888 7.964 8.040 8.116 8.192 8.268 8.343 8.396 8.448 8.500 8.553 8.605 8.673 8.740 8.808 8.943 8.943 9.010 9.078 9.151 9.227 9.303 9.380 9.456 9.532 9.608 9.685 9.761 9.837 9.914 9.990 10.132 10.132 10.200 10.268 10.336 10.404 10.472 10.540 10.609 10.677 10.745 10.813 10.867 10.920 10.973 11.026 11.132 11.132 11.184 11.237 11.290 11.342 11.392 11.419 11.434 11.446 11.458 11.470 11.482 11.494 11.506 11.518 11.530 11.530 11.552 11.560 11.568 11.576 11.584 11.592 11.698
7.532 7.598 7.664 7.736 7.888 7.888 7.964 8.040 8.116 8.192 8.268 8.343 8.395 8.448 8.500 8.553 8.605 8.672 8.740 8.807 8.942 8.942 9.010 9.077 9.150 9.227 9.303 9.379 9.456 9.532 9.608 9.685 9.761 9.837 9.913 9.990 10.132 10.132 10.200 10.268 10.336 10.404 10.472 10.540 10.608 10.676 10.744 10.812 10.867 10.920 10.973 11.025 11.131 11.131 11.184 11.237 11.290 11.342 11.391 11.419 11.434 11.446 11.458 11.470 11.482 11.494 11.506 11.518 11.530 11.530 11.552 11.560 11.568 11.576 11.584 11.591 11.698
7.670 7.736 7.803 7.869 8.002 8.002 8.078 8.154 8.230 8.306 8.382 8.458 8.512 8.564 8.617 8.673 8.741 8.809 8.876 8.944 9.079 9.079 9.146 9.213 9.286 9.362 9.438 9.515 9.591 9.667 9.743 9.820 9.896 9.972 10.049 10.114 10.249 10.249 10.318 10.386 10.454 10.522 10.590 10.658 10.726 10.794 10.863 10.931 10.985 11.038 11.091 11.144 11.250 11.250 11.303 11.355 11.405 11.454 11.504 11.528 11.551 11.566 11.578 11.590 11.602 11.614 11.626 11.638 11.650 11.650 11.671 11.679 11.687 11.695 11.703 11.711 11.718
7.808 7.875 7.941 8.007 8.140 8.140 8.206 8.272 8.344 8.420 8.496 8.572 8.629 8.681 8.742 8.810 8.877 8.945 9.012 9.080 9.215 9.215 9.282 9.350 9.421 9.497 9.574 9.650 9.726 9.803 9.879 9.955 10.031 10.107 10.168 10.228 10.362 10.362 10.433 10.503 10.572 10.640 10.708 10.776 10.844 10.913 10.981 11.049 11.104 11.156 11.209 11.262 11.368 11.368 11.418 11.468 11.517 11.567 11.614 11.637 11.660 11.683 11.698 11.710 11.723 11.735 11.747 11.759 11.771 11.771 11.790 11.798 11.806 11.814 11.822 11.830 11.838
8.085 8.151 8.218 8.284 8.416 8.416 8.483 8.549 8.615 8.681 8.748 8.811 8.876 8.948 9.015 9.083 9.150 9.218 9.285 9.353 9.488 9.488 9.555 9.623 9.692 9.768 9.844 9.921 9.997 10.073 10.150 10.216 10.276 10.336 10.396 10.456 10.589 10.589 10.659 10.729 10.800 10.870 10.940 11.011 11.081 11.149 11.217 11.285 11.341 11.394 11.446 11.495 11.594 11.594 11.643 11.693 11.742 11.792 11.832 11.855 11.878 11.901 11.924 11.947 11.963 11.975 11.988 12.000 12.012 12.011 12.029 12.037 12.045 12.052 12.060 12.068 12.076
8.223 8.290 8.356 8.422 8.555 8.555 8.621 8.687 8.753 8.820 8.879 8.927 8.988 9.065 9.142 9.219 9.287 9.354 9.422 9.489 9.624 9.624 9.692 9.759 9.827 9.903 9.980 10.056 10.132 10.209 10.270 10.330 10.390 10.451 10.511 10.571 10.702 10.702 10.772 10.843 10.913 10.983 11.053 11.124 11.194 11.264 11.335 11.403 11.459 11.509 11.558 11.607 11.706 11.706 11.756 11.805 11.855 11.904 11.941 11.964 11.987 12.010 12.032 12.055 12.079 12.096 12.108 12.120 12.132 12.132 12.148 12.156 12.164 12.172 12.179 12.187 12.195
8.362 8.428 8.494 8.560 8.693 8.693 8.759 8.825 8.892 8.946 8.995 9.044 9.101 9.178 9.254 9.331 9.408 9.485 9.558 9.625 9.760 9.760 9.828 9.895 9.963 10.039 10.115 10.191 10.264 10.324 10.384 10.444 10.505 10.565 10.625 10.685 10.815 10.815 10.885 10.956 11.026 11.096 11.167 11.237 11.307 11.378 11.448 11.501 11.564 11.621 11.670 11.720 11.819 11.819 11.868 11.918 11.967 12.017 12.050 12.073 12.095 12.118 12.141 12.164 12.187 12.210 12.228 12.240 12.251 12.251 12.267 12.275 12.283 12.291 12.295 12.281 12.267
8.500 8.566 8.632 8.699 8.831 8.831 8.897 8.964 9.014 9.063 9.112 9.160 9.213 9.290 9.367 9.444 9.520 9.597 9.674 9.751 9.897 9.897 9.964 10.032 10.099 10.174 10.250 10.318 10.378 10.438 10.499 10.559 10.619 10.679 10.739 10.799 10.928 10.928 10.998 11.069 11.139 11.209 11.280 11.350 11.420 11.491 11.533 11.569 11.627 11.700 11.773 11.832 11.931 11.931 11.981 12.030 12.080 12.129 12.158 12.181 12.204 12.227 12.250 12.273 12.296 12.319 12.342 12.361 12.371 12.371 12.386 12.372 12.358 12.344 12.330 12.316 12.302
8.638 8.704 8.771 8.837 8.969 8.969 9.033 9.082 9.131 9.179 9.228 9.277 9.326 9.403 9.479 9.556 9.633 9.710 9.786 9.863 10.017 10.017 10.094 10.168 10.235 10.309 10.372 10.432 10.492 10.553 10.613 10.673 10.733 10.793 10.853 10.914 11.041 11.041 11.112 11.182 11.252 11.323 11.393 11.463 11.529 11.566 11.602 11.638 11.690 11.763 11.837 11.910 12.044 12.043 12.093 12.143 12.192 12.241 12.267 12.290 12.313 12.336 12.359 12.382 12.405 12.428 12.451 12.454 12.449 12.449 12.421 12.407 12.393 12.379 12.365 12.351 12.337
8.776 8.843 8.909 8.975 9.101 9.101 9.150 9.198 9.247 9.296 9.344 9.393 9.442 9.515 9.592 9.669 9.745 9.822 9.899 9.976 10.129 10.129 10.206 10.283 10.353 10.415 10.486 10.547 10.607 10.667 10.727 10.787 10.847 10.907 10.968 11.028 11.154 11.154 11.225 11.295 11.365 11.436 11.506 11.562 11.598 11.634 11.670 11.706 11.753 11.827 11.900 11.973 12.120 12.120 12.193 12.255 12.304 12.353 12.376 12.399 12.422 12.445 12.461 12.464 12.467 12.469 12.472 12.474 12.475 12.474 12.456 12.441 12.427 12.413 12.399 12.385 12.371
8.915 8.981 9.047 9.113 9.217 9.217 9.266 9.315 9.364 9.412 9.461 9.510 9.558 9.627 9.704 9.781 9.858 9.934 10.011 10.088 10.242 10.242 10.318 10.376 10.394 10.444 10.536 10.629 10.721 10.781 10.841 10.901 10.962 11.022 11.082 11.142 11.268 11.267 11.338 11.408 11.478 11.549 11.594 11.630 11.666 11.703 11.739 11.775 11.817 11.890 11.963 12.036 12.183 12.183 12.256 12.329 12.403 12.462 12.472 12.474 12.477 12.480 12.482 12.485 12.487 12.490 12.493 12.494 12.495 12.494 12.490 12.476 12.462 12.448 12.434 12.420 12.406
9.053 9.119 9.185 9.237 9.334 9.334 9.383 9.431 9.480 9.529 9.577 9.626 9.675 9.740 9.816 9.893 9.970 10.047 10.124 10.200 10.354 10.354 10.398 10.416 10.434 10.473 10.565 10.658 10.750 10.843 10.935 11.016 11.076 11.136 11.196 11.256 11.381 11.381 11.451 11.521 11.591 11.627 11.663 11.699 11.735 11.771 11.807 11.843 11.880 11.953 12.026 12.099 12.246 12.246 12.319 12.393 12.461 12.484 12.493 12.495 12.498 12.500 12.503 12.506 12.508 12.511 12.513 12.514 12.514 12.514 12.515 12.511 12.497 12.483 12.469 12.455 12.441
9.191 9.256 9.304 9.353 9.450 9.450 9.499 9.548 9.596 9.645 9.694 9.743 9.791 9.852 9.929 10.006 10.082 10.159 10.236 10.313 10.421 10.421 10.439 10.457 10.475 10.502 10.594 10.687 10.779 10.872 10.964 11.057 11.149 11.242 11.310 11.371 11.494 11.494 11.564 11.623 11.659 11.695 11.731 11.767 11.804 11.840 11.876 11.912 11.948 12.016 12.090 12.163 12.309 12.309 12.383 12.448 12.471 12.494 12.513 12.516 12.518 12.521 12.524 12.526 12.529 12.531 12.533 12.534 12.534 12.534 12.535 12.536 12.532 12.518 12.504 12.490 12.476
9.313 9.372 9.421 9.469 9.567 9.567 9.616 9.664 9.713 9.762 9.810 9.859 9.908 9.964 10.041 10.118 10.195 10.272 10.348 10.425 10.461 10.461 10.479 10.497 10.515 10.533 10.623 10.715 10.808 10.901 10.993 11.086 11.178 11.271 11.363 11.456 11.607 11.607 11.655 11.691 11.728 11.764 11.800 11.836 11.872 11.908 11.944 11.980 12.017 12.079 12.153 12.226 12.373 12.372 12.436 12.458 12.481 12.504 12.527 12.536 12.539 12.542 12.544 12.547 12.549 12.552 12.553 12.554 12.554 12.554 12.555 12.556 12.557 12.553 12.539 12.525 12.511
9.369 9.436 9.508 9.580 9.683 9.683 9.732 9.781 9.829 9.878 9.927 9.975 10.024 10.077 10.154 10.230 10.307 10.384 10.448 10.466 10.502 10.502 10.520 10.538 10.556 10.574 10.652 10.744 10.837 10.929 11.022 11.115 11.207 11.300 11.392 11.485 11.637 11.637 11.703 11.760 11.796 11.832 11.868 11.904 11.941 11.977 12.013 12.049 12.085 12.143 12.216 12.289 12.423 12.423 12.446 12.468 12.491 12.514 12.537 12.557 12.560 12.563 12.565 12.568 12.570 12.573 12.573 12.574 12.574 12.574 12.575 12.576 12.576 12.577 12.574 12.560 12.545
9.428 9.486 9.559 9.631 9.775 9.775 9.847 9.897 9.946 9.995 10.043 10.092 10.141 10.189 10.266 10.343 10.420 10.470 10.488 10.506 10.542 10.542 10.560 10.578 10.596 10.614 10.681 10.773 10.866 10.958 11.051 11.143 11.236 11.329 11.421 11.510 11.620 11.620 11.685 11.751 11.818 11.885 11.937 11.973 12.009 12.045 12.081 12.117 12.154 12.206 12.279 12.352 12.433 12.433 12.456 12.478 12.501 12.524 12.547 12.569 12.581 12.583 12.586 12.588 12.591 12.593 12.593 12.594 12.594 12.594 12.595 12.596 12.596 12.597 12.598 12.594 12.580
9.488 9.537 9.609 9.682 9.826 9.826 9.898 9.970 10.042 10.111 10.160 10.208 10.257 10.306 10.378 10.455 10.493 10.511 10.529 10.547 10.583 10.583 10.601 10.619 10.636 10.654 10.710 10.802 10.895 10.987 11.080 11.172 11.265 11.357 11.439 11.494 11.603 11.603 11.666 11.733 11.799 11.866 11.933 12.000 12.067 12.114 12.150 12.186 12.222 12.269 12.342 12.397 12.443 12.443 12.466 12.488 12.511 12.534 12.557 12.579 12.601 12.604 12.606 12.609 12.612 12.613 12.613 12.614 12.614 12.614 12.615 12.616 12.616 12.617 12.617 12.618 12.615
9.488 9.537 9.609 9.681 9.825 9.825 9.897 9.969 10.042 10.111 10.159 10.208 10.257 10.305 10.378 10.455 10.493 10.511 10.529 10.547 10.582 10.582 10.600 10.618 10.636 10.654 10.709 10.802 10.894 10.987 11.080 11.172 11.265 11.357 11.439 11.493 11.603 11.603 11.666 11.732 11.799 11.866 11.933 12.000 12.067 12.114 12.150 12.186 12.222 12.269 12.342 12.397 12.443 12.443 12.466 12.488 12.511 12.534 12.556 12.579 12.601 12.604 12.606 12.609 12.612 12.613 12.613 12.614 12.614 12.614 12.615 12.616 12.616 12.617 12.617 12.618 12.615
9.547 9.588 9.660 9.732 9.876 9.876 9.948 10.020 10.092 10.164 10.237 10.309 10.373 10.422 10.491 10.515 10.533 10.551 10.569 10.587 10.623 10.623 10.641 10.659 10.677 10.695 10.738 10.831 10.923 11.016 11.108 11.201 11.294 11.367 11.422 11.477 11.586 11.586 11.647 11.714 11.780 11.847 11.914 11.981 12.048 12.115 12.181 12.248 12.291 12.332 12.385 12.407 12.453 12.453 12.476 12.498 12.521 12.544 12.566 12.589 12.612 12.624 12.627 12.630 12.632 12.632 12.633 12.634 12.634 12.634 12.635 12.636 12.636 12.637 12.637 12.630 12.623
9.606 9.639 9.711 9.783 9.927 9.927 9.999 10.071 10.143 10.215 10.287 10.359 10.431 10.501 10.535 10.556 10.574 10.592 10.610 10.628 10.663 10.663 10.681 10.699 10.717 10.735 10.767 10.860 10.952 11.045 11.137 11.230 11.296 11.350 11.405 11.460 11.569 11.569 11.628 11.695 11.762 11.828 11.895 11.962 12.029 12.096 12.163 12.230 12.296 12.353 12.387 12.417 12.463 12.463 12.486 12.508 12.531 12.554 12.576 12.599 12.622 12.645 12.648 12.650 12.652 12.652 12.653 12.654 12.654 12.654 12.655 12.655 12.647 12.640 12.632 12.625 12.619
9.726 9.748 9.813 9.885 10.029 10.029 10.101 10.173 10.245 10.317 10.389 10.451 10.499 10.546 10.589 10.612 10.634 10.657 10.680 10.702 10.745 10.745 10.762 10.780 10.798 10.816 10.834 10.918 11.010 11.098 11.153 11.208 11.262 11.317 11.372 11.427 11.536 11.536 11.591 11.657 11.724 11.791 11.858 11.925 11.992 12.058 12.125 12.176 12.223 12.271 12.310 12.344 12.412 12.412 12.446 12.479 12.513 12.547 12.581 12.615 12.642 12.665 12.688 12.691 12.692 12.689 12.682 12.674 12.667 12.667 12.652 12.644 12.637 12.629 12.622 12.614 12.612
9.785 9.808 9.864 9.936 10.080 10.080 10.152 10.224 10.296 10.368 10.426 10.474 10.521 10.569 10.616 10.639 10.661 10.684 10.707 10.729 10.774 10.774 10.797 10.819 10.839 10.857 10.875 10.947 11.027 11.082 11.136 11.191 11.246 11.300 11.355 11.410 11.519 11.519 11.574 11.638 11.705 11.772 11.839 11.906 11.973 12.039 12.087 12.134 12.182 12.230 12.272 12.306 12.373 12.373 12.407 12.441 12.475 12.508 12.542 12.576 12.610 12.644 12.678 12.699 12.691 12.684 12.676 12.669 12.661 12.661 12.646 12.639 12.631 12.624 12.616 12.609 12.608
9.844 9.867 9.915 9.987 10.131 10.131 10.203 10.275 10.347 10.401 10.449 10.496 10.543 10.591 10.638 10.666 10.688 10.711 10.733 10.756 10.801 10.801 10.823 10.846 10.869 10.891 10.914 10.955 11.010 11.065 11.120 11.174 11.229 11.284 11.338 11.393 11.503 11.503 11.557 11.620 11.687 11.753 11.820 11.887 11.950 11.998 12.045 12.093 12.141 12.188 12.233 12.267 12.335 12.335 12.368 12.402 12.436 12.470 12.504 12.537 12.571 12.603 12.624 12.648 12.675 12.679 12.671 12.664 12.656 12.656 12.641 12.633 12.626 12.618 12.611 12.603 12.604
