includes/camargue/floodfiles/results_R4_t1.562344205135E12/res-0001.wdfp
ncols         906
nrows         631
xllcorner     362177.146667
yllcorner     6534725.688020
cellsize      20.000000
NODATA_value  -9999.000000
[rows 544 to 577 of 631, columns 770 to 846 of 906]
9.062 9.070 9.078 9.112 9.187 9.263 9.337 9.411 9.485 9.559 9.633 9.780 9.780 9.853 9.927 10.000 10.075 10.155 10.224 10.280 10.335 10.390 10.445 10.501 10.556 10.611 10.666 10.776 10.776 10.830 10.884 10.938 10.991 11.045 11.099 11.122 11.137 11.153 11.168 11.184 11.199 11.238 11.291 11.344 11.344 11.451 11.504 11.556 11.610 11.663 11.716 11.769 11.784 11.779 11.796 11.861 11.927 11.992 12.058 12.124 12.124 12.255 12.320 12.386 12.457 12.535 12.613 12.684 12.672 12.731 12.790 12.848 12.907 12.966 13.024 13.083 13.083
9.044 9.052 9.061 9.068 9.110 9.184 9.258 9.332 9.406 9.479 9.553 9.700 9.700 9.773 9.847 9.920 9.997 10.076 10.156 10.224 10.279 10.334 10.389 10.445 10.500 10.555 10.611 10.720 10.720 10.774 10.828 10.882 10.935 10.989 11.042 11.095 11.115 11.131 11.146 11.162 11.178 11.229 11.282 11.335 11.335 11.442 11.495 11.548 11.601 11.655 11.708 11.761 11.815 11.822 11.866 11.931 11.997 12.062 12.129 12.207 12.207 12.362 12.440 12.518 12.596 12.674 12.751 12.776 12.724 12.746 12.804 12.863 12.922 12.980 13.039 13.098 13.098
9.027 9.035 9.043 9.050 9.056 9.105 9.179 9.252 9.325 9.399 9.472 9.619 9.619 9.693 9.766 9.840 9.919 9.998 10.077 10.157 10.223 10.278 10.334 10.389 10.444 10.499 10.554 10.663 10.663 10.717 10.771 10.825 10.878 10.932 10.986 11.039 11.093 11.110 11.126 11.141 11.167 11.221 11.274 11.327 11.327 11.434 11.487 11.540 11.593 11.647 11.700 11.753 11.807 11.879 11.956 12.034 12.112 12.190 12.268 12.346 12.346 12.501 12.579 12.657 12.735 12.812 12.890 12.868 12.816 12.765 12.819 12.878 12.937 12.995 13.054 13.112 13.112
9.000 9.007 9.013 9.019 9.027 9.040 9.098 9.172 9.245 9.319 9.392 9.539 9.539 9.613 9.686 9.761 9.840 9.920 9.999 10.078 10.157 10.222 10.278 10.333 10.388 10.443 10.499 10.607 10.607 10.661 10.715 10.769 10.822 10.876 10.930 10.983 11.037 11.090 11.105 11.121 11.159 11.212 11.265 11.318 11.318 11.425 11.478 11.531 11.594 11.681 11.769 11.857 11.945 12.024 12.094 12.172 12.250 12.328 12.406 12.483 12.483 12.639 12.717 12.795 12.872 12.950 13.010 12.959 12.907 12.856 12.833 12.892 12.950 13.009 13.068 13.126 13.126
8.969 8.975 8.981 8.987 8.999 9.012 9.025 9.091 9.165 9.238 9.312 9.459 9.459 9.532 9.606 9.683 9.762 9.841 9.921 10.000 10.079 10.158 10.222 10.277 10.332 10.388 10.443 10.550 10.550 10.604 10.658 10.712 10.765 10.819 10.873 10.926 10.980 11.034 11.084 11.099 11.150 11.203 11.257 11.310 11.310 11.483 11.571 11.659 11.747 11.834 11.922 12.010 12.098 12.171 12.240 12.311 12.389 12.466 12.544 12.622 12.622 12.778 12.856 12.933 13.011 13.089 13.102 13.051 12.999 12.948 12.896 12.906 12.965 13.024 13.082 13.141 13.141
8.937 8.943 8.949 8.957 8.970 8.983 8.997 9.011 9.085 9.158 9.232 9.378 9.378 9.452 9.525 9.604 9.684 9.763 9.842 9.921 10.001 10.080 10.159 10.221 10.276 10.332 10.387 10.494 10.494 10.548 10.602 10.656 10.709 10.763 10.817 10.870 10.924 10.978 11.032 11.110 11.197 11.285 11.373 11.461 11.461 11.635 11.723 11.811 11.899 11.987 12.074 12.162 12.247 12.316 12.385 12.454 12.526 12.604 12.682 12.761 12.761 12.917 12.994 13.072 13.150 13.228 13.194 13.143 13.091 13.040 12.988 12.937 12.980 13.038 13.097 13.156 13.156
8.906 8.912 8.918 8.928 8.941 8.955 8.968 8.982 9.004 9.078 9.151 9.298 9.298 9.372 9.447 9.526 9.605 9.685 9.764 9.843 9.922 10.002 10.081 10.160 10.220 10.276 10.330 10.438 10.438 10.492 10.546 10.600 10.653 10.707 10.761 10.863 10.965 11.067 11.169 11.262 11.349 11.437 11.525 11.613 11.613 11.788 11.876 11.964 12.052 12.140 12.227 12.315 12.393 12.462 12.531 12.600 12.669 12.743 12.821 12.899 12.899 13.054 13.132 13.210 13.288 13.336 13.285 13.233 13.182 13.131 13.079 13.028 12.994 13.052 13.111 13.169 13.169
8.874 8.880 8.886 8.899 8.913 8.926 8.940 8.953 8.967 8.998 9.071 9.218 9.218 9.291 9.368 9.448 9.527 9.606 9.686 9.765 9.844 9.923 10.003 10.082 10.161 10.220 10.274 10.382 10.382 10.435 10.512 10.614 10.716 10.818 10.920 11.022 11.124 11.226 11.327 11.415 11.502 11.590 11.678 11.766 11.766 11.941 12.029 12.117 12.205 12.293 12.380 12.468 12.539 12.608 12.677 12.746 12.815 12.884 12.960 13.037 13.037 13.193 13.271 13.349 13.427 13.428 13.377 13.325 13.274 13.223 13.171 13.120 13.068 13.067 13.126 13.184 13.184
8.842 8.848 8.857 8.871 8.884 8.898 8.911 8.925 8.938 8.952 8.991 9.138 9.138 9.211 9.290 9.369 9.449 9.528 9.607 9.687 9.766 9.845 9.924 10.004 10.083 10.162 10.262 10.466 10.466 10.568 10.670 10.772 10.874 10.976 11.078 11.180 11.282 11.384 11.480 11.568 11.656 11.742 11.830 11.918 11.918 12.093 12.181 12.269 12.357 12.445 12.532 12.615 12.684 12.753 12.822 12.891 12.960 13.030 13.099 13.175 13.175 13.331 13.410 13.488 13.565 13.520 13.469 13.417 13.366 13.314 13.263 13.212 13.160 13.109 13.140 13.199 13.199
8.811 8.817 8.829 8.842 8.856 8.869 8.883 8.896 8.910 8.923 8.937 9.057 9.057 9.133 9.212 9.291 9.370 9.450 9.529 9.608 9.688 9.783 9.897 10.011 10.125 10.256 10.420 10.624 10.624 10.726 10.828 10.930 11.032 11.134 11.236 11.338 11.440 11.542 11.632 11.720 11.808 11.895 11.983 12.071 12.071 12.247 12.334 12.422 12.510 12.598 12.686 12.761 12.830 12.899 12.968 13.037 13.106 13.176 13.245 13.314 13.314 13.470 13.548 13.625 13.663 13.611 13.560 13.508 13.457 13.405 13.354 13.303 13.251 13.200 13.154 13.196 13.196
8.779 8.787 8.800 8.814 8.827 8.841 8.854 8.868 8.881 8.895 8.908 8.977 8.977 9.054 9.134 9.213 9.292 9.406 9.520 9.634 9.748 9.862 9.976 10.090 10.204 10.357 10.527 10.782 10.782 10.884 10.986 11.088 11.190 11.292 11.394 11.496 11.598 11.698 11.785 11.873 11.961 12.049 12.136 12.224 12.224 12.400 12.487 12.575 12.663 12.751 12.838 12.907 12.976 13.045 13.114 13.183 13.253 13.322 13.391 13.460 13.460 13.609 13.686 13.764 13.754 13.703 13.652 13.600 13.549 13.497 13.446 13.394 13.343 13.271 13.192 13.189 13.189
8.747 8.758 8.772 8.785 8.799 8.812 8.826 8.839 8.853 8.866 8.880 8.920 8.920 9.029 9.143 9.257 9.371 9.485 9.599 9.713 9.827 9.941 10.055 10.169 10.287 10.457 10.628 10.941 10.941 11.043 11.144 11.246 11.348 11.450 11.552 11.654 11.756 11.850 11.938 12.025 12.113 12.201 12.288 12.376 12.376 12.552 12.639 12.727 12.815 12.903 12.983 13.052 13.121 13.190 13.259 13.329 13.398 13.467 13.536 13.605 13.605 13.746 13.824 13.898 13.846 13.795 13.744 13.692 13.641 13.585 13.505 13.425 13.346 13.266 13.186 13.185 13.185
8.747 8.758 8.771 8.785 8.798 8.812 8.825 8.839 8.852 8.866 8.879 8.920 8.920 9.029 9.143 9.257 9.371 9.485 9.599 9.713 9.827 9.941 10.055 10.169 10.287 10.457 10.627 10.940 10.940 11.042 11.144 11.246 11.348 11.450 11.552 11.654 11.756 11.850 11.938 12.025 12.113 12.201 12.288 12.376 12.376 12.552 12.639 12.727 12.815 12.903 12.983 13.052 13.121 13.190 13.259 13.329 13.398 13.467 13.536 13.605 13.605 13.746 13.824 13.897 13.845 13.794 13.743 13.691 13.640 13.584 13.504 13.424 13.345 13.265 13.185 13.184 13.184
8.716 8.729 8.743 8.756 8.770 8.783 8.797 8.832 8.867 8.902 8.937 9.025 9.025 9.108 9.222 9.336 9.450 9.564 9.678 9.792 9.906 10.020 10.134 10.248 10.388 10.558 10.728 11.067 11.067 11.200 11.302 11.404 11.506 11.608 11.710 11.812 11.914 12.003 12.091 12.178 12.266 12.354 12.442 12.529 12.529 12.705 12.791 12.879 12.967 13.055 13.128 13.197 13.266 13.336 13.406 13.475 13.544 13.613 13.682 13.751 13.751 13.889 13.963 13.989 13.937 13.886 13.817 13.738 13.658 13.578 13.499 13.419 13.339 13.260 13.180 13.179 13.179
8.687 8.709 8.744 8.779 8.814 8.849 8.884 8.919 8.954 8.989 9.023 9.131 9.131 9.214 9.301 9.415 9.529 9.643 9.757 9.871 9.985 10.099 10.213 10.327 10.488 10.658 10.828 11.167 11.167 11.337 11.460 11.562 11.664 11.766 11.868 11.970 12.067 12.155 12.243 12.331 12.418 12.506 12.594 12.681 12.681 12.857 12.945 13.032 13.120 13.205 13.274 13.343 13.412 13.481 13.551 13.620 13.689 13.758 13.827 13.896 13.896 14.035 14.098 14.050 13.971 13.892 13.812 13.732 13.653 13.573 13.493 13.414 13.334 13.254 13.174 13.174 13.174
8.799 8.883 8.918 8.953 8.988 9.023 9.058 9.093 9.128 9.163 9.197 9.343 9.343 9.425 9.508 9.590 9.688 9.802 9.916 10.030 10.144 10.258 10.372 10.520 10.690 10.860 11.030 11.369 11.369 11.539 11.709 11.879 11.981 12.083 12.185 12.286 12.374 12.461 12.549 12.637 12.724 12.812 12.900 12.988 12.988 13.163 13.251 13.338 13.426 13.497 13.566 13.635 13.689 13.731 13.772 13.814 13.856 13.897 13.939 13.980 13.980 14.064 14.057 14.002 13.947 13.880 13.800 13.721 13.641 13.561 13.481 13.402 13.322 13.242 13.163 13.163 13.163
8.835 8.933 9.005 9.040 9.075 9.110 9.145 9.179 9.214 9.249 9.284 9.449 9.449 9.531 9.614 9.696 9.778 9.881 9.995 10.109 10.223 10.337 10.452 10.621 10.791 10.961 11.131 11.469 11.469 11.639 11.809 11.979 12.138 12.240 12.342 12.438 12.526 12.613 12.701 12.789 12.877 12.964 13.052 13.140 13.140 13.315 13.403 13.481 13.530 13.567 13.608 13.650 13.693 13.734 13.776 13.818 13.859 13.901 13.942 13.984 13.984 14.067 14.025 13.970 13.915 13.860 13.795 13.715 13.635 13.556 13.476 13.396 13.317 13.237 13.157 13.158 13.158
8.871 8.970 9.068 9.127 9.161 9.196 9.231 9.266 9.301 9.336 9.389 9.554 9.554 9.637 9.719 9.802 9.884 9.967 10.075 10.189 10.303 10.417 10.551 10.721 10.891 11.061 11.231 11.570 11.570 11.740 11.910 12.080 12.250 12.399 12.501 12.591 12.679 12.767 12.854 12.942 13.030 13.113 13.190 13.267 13.267 13.421 13.498 13.575 13.583 13.570 13.612 13.654 13.695 13.737 13.778 13.820 13.862 13.903 13.945 13.987 13.987 14.047 13.993 13.938 13.883 13.828 13.773 13.710 13.630 13.550 13.471 13.391 13.311 13.232 13.152 13.154 13.154
8.907 9.006 9.104 9.203 9.248 9.283 9.318 9.353 9.388 9.423 9.495 9.660 9.660 9.742 9.825 9.907 9.990 10.072 10.155 10.268 10.382 10.496 10.652 10.822 10.992 11.162 11.332 11.671 11.671 11.841 12.011 12.181 12.351 12.521 12.657 12.744 12.821 12.898 12.976 13.053 13.130 13.207 13.284 13.361 13.361 13.515 13.592 13.655 13.636 13.617 13.616 13.657 13.699 13.740 13.782 13.824 13.865 13.907 13.949 13.990 13.990 14.015 13.960 13.905 13.850 13.795 13.740 13.685 13.624 13.544 13.464 13.385 13.305 13.225 13.145 13.148 13.148
8.944 9.042 9.140 9.239 9.335 9.370 9.405 9.440 9.475 9.518 9.601 9.766 9.766 9.848 9.931 10.013 10.096 10.178 10.260 10.347 10.461 10.582 10.752 10.922 11.092 11.262 11.432 11.771 11.771 11.941 12.130 12.331 12.532 12.733 12.795 12.837 12.914 12.991 13.069 13.146 13.223 13.300 13.377 13.454 13.454 13.608 13.685 13.708 13.688 13.669 13.649 13.660 13.701 13.744 13.786 13.827 13.869 13.911 13.952 13.994 13.994 13.983 13.928 13.873 13.818 13.763 13.708 13.653 13.598 13.539 13.459 13.379 13.299 13.220 13.140 13.143 13.143
8.980 9.078 9.176 9.275 9.373 9.456 9.491 9.526 9.561 9.624 9.706 9.871 9.871 9.954 10.036 10.119 10.201 10.284 10.366 10.449 10.540 10.683 10.853 11.023 11.200 11.401 11.602 12.004 12.004 12.205 12.406 12.607 12.808 13.000 12.971 12.942 13.008 13.085 13.162 13.240 13.317 13.394 13.471 13.548 13.548 13.702 13.779 13.761 13.741 13.722 13.702 13.683 13.705 13.747 13.788 13.830 13.872 13.913 13.955 13.997 13.997 13.951 13.896 13.841 13.786 13.731 13.676 13.621 13.566 13.511 13.453 13.374 13.294 13.214 13.135 13.138 13.138
9.016 9.114 9.213 9.311 9.410 9.508 9.578 9.613 9.648 9.730 9.812 9.977 9.977 10.060 10.142 10.224 10.307 10.389 10.472 10.582 10.702 10.872 11.073 11.274 11.475 11.676 11.877 12.279 12.279 12.480 12.681 12.882 13.083 13.175 13.146 13.118 13.102 13.179 13.256 13.334 13.411 13.488 13.565 13.642 13.642 13.796 13.833 13.814 13.794 13.775 13.755 13.736 13.717 13.750 13.792 13.834 13.875 13.917 13.958 14.000 14.000 13.918 13.863 13.808 13.753 13.698 13.643 13.588 13.533 13.478 13.423 13.368 13.289 13.209 13.129 13.133 13.133
9.052 9.150 9.249 9.347 9.446 9.544 9.642 9.700 9.753 9.835 9.918 10.083 10.083 10.169 10.290 10.410 10.531 10.651 10.772 10.892 11.021 11.165 11.349 11.550 11.751 11.952 12.153 12.555 12.555 12.756 12.958 13.159 13.360 13.351 13.322 13.293 13.264 13.272 13.349 13.426 13.504 13.581 13.658 13.735 13.735 13.889 13.885 13.866 13.846 13.827 13.807 13.788 13.769 13.754 13.796 13.837 13.879 13.920 13.962 13.996 13.996 13.886 13.831 13.776 13.721 13.666 13.611 13.556 13.501 13.446 13.391 13.336 13.281 13.202 13.123 13.128 13.128
9.088 9.186 9.285 9.383 9.482 9.580 9.679 9.777 9.877 9.997 10.118 10.358 10.359 10.479 10.600 10.720 10.841 10.961 11.081 11.202 11.341 11.485 11.630 11.826 12.027 12.228 12.430 12.832 12.832 13.033 13.234 13.435 13.556 13.527 13.498 13.469 13.440 13.410 13.443 13.520 13.598 13.675 13.752 13.829 13.829 13.958 13.938 13.919 13.899 13.880 13.861 13.841 13.822 13.802 13.798 13.840 13.881 13.923 13.965 13.963 13.963 13.853 13.799 13.744 13.689 13.634 13.579 13.524 13.469 13.414 13.360 13.305 13.250 13.195 13.117 13.123 13.123
9.124 9.223 9.321 9.422 9.569 9.715 9.862 10.013 10.186 10.307 10.427 10.668 10.668 10.788 10.909 11.029 11.149 11.270 11.390 11.515 11.660 11.804 11.949 12.102 12.303 12.504 12.705 13.107 13.107 13.308 13.509 13.710 13.731 13.702 13.673 13.644 13.615 13.585 13.556 13.614 13.691 13.769 13.846 13.923 13.923 14.011 13.991 13.972 13.952 13.933 13.914 13.894 13.875 13.855 13.836 13.843 13.885 13.927 13.968 13.931 13.931 13.821 13.766 13.711 13.656 13.601 13.546 13.491 13.437 13.383 13.328 13.273 13.218 13.163 13.108 13.059 13.059
9.236 9.383 9.530 9.676 9.823 9.969 10.116 10.277 10.452 10.617 10.737 10.978 10.978 11.098 11.219 11.339 11.459 11.580 11.700 11.835 11.980 12.124 12.269 12.413 12.579 12.780 12.981 13.383 13.383 13.584 13.785 13.936 13.907 13.878 13.849 13.820 13.791 13.761 13.732 13.707 13.784 13.862 13.939 14.016 14.016 14.063 14.043 14.024 14.004 13.985 13.966 13.946 13.927 13.907 13.889 13.870 13.889 13.930 13.954 13.899 13.899 13.789 13.734 13.679 13.624 13.569 13.515 13.460 13.405 13.341 13.268 13.195 13.121 13.048 12.986 12.944 12.944
9.491 9.637 9.784 9.930 10.077 10.223 10.370 10.542 10.717 10.892 11.046 11.287 11.287 11.407 11.527 11.648 11.768 11.889 12.010 12.155 12.299 12.444 12.588 12.733 12.877 13.055 13.256 13.658 13.658 13.859 14.061 14.111 14.083 14.054 14.025 13.996 13.967 13.937 13.908 13.879 13.878 13.955 14.033 14.110 14.110 14.116 14.096 14.077 14.058 14.038 14.019 13.999 13.980 13.960 13.941 13.922 13.902 13.933 13.921 13.866 13.866 13.756 13.701 13.648 13.574 13.501 13.428 13.354 13.281 13.207 13.134 13.060 12.987 12.913 12.868 12.825 12.825
9.745 9.891 10.038 10.184 10.331 10.477 10.632 10.807 10.982 11.156 11.331 11.596 11.596 11.717 11.837 11.958 12.078 12.198 12.330 12.475 12.619 12.764 12.908 13.053 13.197 13.342 13.532 13.935 13.935 14.136 14.317 14.287 14.258 14.229 14.200 14.171 14.142 14.112 14.083 14.054 14.025 14.048 14.127 14.204 14.204 14.169 14.149 14.130 14.111 14.091 14.072 14.052 14.033 14.014 13.994 13.975 13.955 13.936 13.880 13.806 13.806 13.660 13.586 13.513 13.439 13.366 13.292 13.219 13.145 13.072 13.000 12.926 12.853 12.793 12.750 12.707 12.707
9.744 9.891 10.037 10.184 10.330 10.477 10.631 10.806 10.981 11.155 11.330 11.595 11.595 11.716 11.836 11.957 12.077 12.197 12.329 12.475 12.619 12.764 12.908 13.053 13.197 13.342 13.532 13.935 13.935 14.136 14.317 14.287 14.258 14.229 14.200 14.171 14.142 14.112 14.083 14.054 14.025 14.048 14.126 14.203 14.203 14.168 14.148 14.129 14.110 14.090 14.071 14.051 14.032 14.013 13.993 13.974 13.955 13.936 13.880 13.806 13.806 13.660 13.586 13.513 13.439 13.366 13.292 13.219 13.145 13.072 12.999 12.925 12.852 12.792 12.749 12.706 12.706
9.998 10.145 10.291 10.438 10.585 10.731 10.896 11.070 11.245 11.420 11.595 11.905 11.905 12.026 12.146 12.267 12.387 12.507 12.649 12.794 12.938 13.083 13.227 13.372 13.516 13.661 13.808 14.210 14.210 14.411 14.492 14.462 14.433 14.405 14.376 14.347 14.317 14.288 14.259 14.230 14.201 14.172 14.219 14.260 14.260 14.221 14.202 14.182 14.163 14.143 14.124 14.089 14.048 14.006 13.964 13.922 13.881 13.823 13.745 13.671 13.671 13.524 13.451 13.377 13.305 13.232 13.158 13.085 13.011 12.938 12.864 12.791 12.717 12.674 12.631 12.588 12.588
10.252 10.399 10.545 10.692 10.838 10.985 11.159 11.334 11.509 11.684 11.860 12.210 12.210 12.336 12.456 12.576 12.697 12.825 12.970 13.114 13.259 13.403 13.548 13.692 13.837 13.981 14.125 14.486 14.486 14.687 14.668 14.638 14.609 14.580 14.551 14.522 14.492 14.463 14.434 14.405 14.376 14.347 14.317 14.312 14.312 14.229 14.188 14.147 14.105 14.063 14.021 13.980 13.938 13.896 13.854 13.813 13.771 13.694 13.613 13.537 13.537 13.390 13.317 13.243 13.170 13.096 13.023 12.949 12.876 12.802 12.729 12.657 12.599 12.556 12.513 12.471 12.471
10.761 10.907 11.054 11.200 11.347 11.514 11.689 11.864 12.039 12.214 12.389 12.739 12.739 12.914 13.075 13.195 13.320 13.464 13.609 13.753 13.898 14.042 14.187 14.331 14.476 14.621 14.766 15.040 15.040 15.003 14.944 14.885 14.827 14.768 14.709 14.650 14.591 14.532 14.473 14.414 14.355 14.296 14.209 14.115 14.115 14.010 13.968 13.926 13.884 13.843 13.801 13.759 13.717 13.676 13.634 13.592 13.515 13.434 13.354 13.274 13.274 13.122 13.048 12.975 12.901 12.828 12.754 12.681 12.607 12.534 12.461 12.406 12.363 12.320 12.277 12.234 12.234
11.014 11.161 11.308 11.455 11.604 11.779 11.954 12.129 12.304 12.479 12.654 13.004 13.004 13.179 13.353 13.505 13.640 13.784 13.929 14.073 14.218 14.333 14.448 14.562 14.677 14.791 14.906 15.058 15.058 14.946 14.887 14.828 14.769 14.710 14.651 14.593 14.534 14.476 14.417 14.358 14.299 14.229 14.135 14.041 14.041 13.900 13.858 13.816 13.774 13.733 13.691 13.649 13.607 13.566 13.524 13.466 13.385 13.305 13.224 13.143 13.143 12.986 12.913 12.839 12.766 12.694 12.620 12.547 12.473 12.400 12.331 12.288 12.245 12.202 12.159 12.116 12.116
11.285 11.416 11.562 11.708 11.868 12.043 12.218 12.393 12.568 12.743 12.918 13.268 13.268 13.442 13.616 13.781 13.856 13.970 14.085 14.200 14.315 14.429 14.544 14.658 14.773 14.887 15.001 15.040 15.040 14.925 14.830 14.772 14.713 14.654 14.595 14.536 14.477 14.418 14.359 14.300 14.241 14.154 14.060 13.966 13.966 13.789 13.747 13.705 13.664 13.622 13.581 13.539 13.498 13.456 13.414 13.337 13.256 13.175 13.095 13.014 13.014 12.852 12.779 12.705 12.632 12.558 12.485 12.411 12.338 12.264 12.212 12.169 12.126 12.083 12.040 11.997 11.997
