includes/camargue/floodfiles/results_R4_t1.562344205135E12/res.totaltm
ncols         906
nrows         631
xllcorner     362177.146667
yllcorner     6534725.688020
cellsize      20.000000
NODATA_value  -9999.000000
[rows 442 to 475 of 631, columns 154 to 230 of 906]
0.000 0.000 0.000 0.000 0.000 0.000 0.000 0.000 0.000 0.000 0.000 0.000 0.000 0.000 0.000 0.000 0.000 0.000 0.000 0.000 0.000 0.000 0.000 0.000 0.000 0.000 0.000 10.215 9.954 10.322 10.474 10.520 10.242 9.716 10.770 10.801 10.856 10.875 1.160 10.963 11.083 11.072 0.000 11.132 11.184 11.166 11.040 11.040 11.030 11.016 0.000 0.000 13.463 13.474 13.502 6.253 6.580 13.044 13.039 5.758 5.708 5.601 13.480 13.462 13.459 13.443 13.437 13.418 13.422 13.410 10.794 13.383 13.376 7.914 13.342 13.325 10.484
0.000 0.000 0.000 0.000 0.000 0.000 0.000 0.000 0.000 0.000 0.000 0.000 0.000 0.000 0.000 0.000 0.000 0.000 0.000 0.000 0.000 0.000 0.000 0.000 0.000 0.000 0.000 10.254 9.984 10.333 10.526 10.565 10.313 9.721 10.770 10.801 10.852 10.873 1.054 10.956 11.067 11.057 0.000 11.119 11.167 11.142 11.032 11.015 11.008 10.995 0.000 0.000 13.467 12.315 13.512 6.086 6.256 13.053 13.046 5.691 5.563 5.502 13.488 13.474 13.470 13.456 13.445 13.431 13.432 13.419 10.860 13.392 13.387 7.840 13.350 13.330 9.254
0.000 0.000 0.000 0.000 0.000 0.000 0.000 0.000 0.000 0.000 0.000 0.000 0.000 0.000 0.000 0.000 0.000 0.000 0.000 0.000 0.000 0.000 0.000 0.000 0.000 0.000 0.000 10.362 10.462 10.526 10.565 10.592 10.634 10.654 10.760 10.779 10.800 10.847 10.872 0.916 11.021 0.000 0.000 11.069 11.013 11.002 11.011 10.996 10.990 10.978 10.845 0.000 0.000 13.527 13.521 13.031 13.018 13.087 13.080 11.513 9.440 13.508 13.500 13.483 13.477 13.466 9.055 9.848 13.442 10.429 11.511 10.116 13.396 13.385 12.244 13.350 13.325
0.000 0.000 0.000 0.000 0.000 0.000 0.000 0.000 0.000 0.000 0.000 0.000 0.000 0.000 0.000 0.000 0.000 0.000 0.000 0.000 0.000 0.000 0.000 0.000 0.000 0.000 0.000 10.357 10.463 10.542 10.562 10.588 10.604 10.595 10.741 10.756 10.776 10.789 0.000 10.974 11.004 0.000 10.659 0.000 10.998 10.986 10.994 10.980 10.973 10.949 10.959 0.000 0.000 13.533 13.526 13.113 13.103 13.095 13.087 13.079 13.076 13.518 13.495 13.497 13.490 12.421 13.472 12.488 13.449 10.365 10.502 13.417 13.402 13.393 6.916 11.847 8.619
0.000 0.000 0.000 0.000 0.000 0.000 0.000 0.000 0.000 0.000 0.000 0.000 0.000 0.000 0.000 0.000 0.000 0.000 0.000 0.000 0.000 0.000 0.000 0.000 0.000 0.000 0.000 10.317 10.389 10.312 10.354 10.358 10.588 9.514 10.713 10.765 10.744 0.000 0.000 0.000 10.985 0.000 10.822 10.836 0.000 10.968 10.976 10.963 10.934 10.958 0.340 0.297 10.654 13.548 13.543 13.402 13.381 13.363 13.339 13.310 13.530 13.528 13.535 13.527 13.517 13.502 13.480 13.475 13.460 13.451 13.440 13.434 9.718 13.396 7.094 11.466 13.345
0.000 0.000 0.000 0.000 0.000 0.000 0.000 0.000 0.000 0.000 0.000 0.000 0.000 0.000 0.000 0.000 0.000 0.000 0.000 0.000 0.000 0.000 0.000 0.000 0.000 0.000 0.000 0.000 8.309 10.142 10.524 10.544 10.597 10.614 10.764 10.779 10.792 10.804 0.000 0.000 10.958 0.000 10.861 10.853 10.843 0.000 10.957 10.945 10.876 10.932 0.310 0.216 13.577 13.585 13.581 13.519 13.511 13.501 13.491 13.481 13.558 13.528 13.548 13.524 13.512 13.504 12.791 13.481 13.474 13.459 9.554 13.432 11.308 9.769 13.389 13.378 13.357
0.000 0.000 0.000 0.000 0.000 0.000 0.000 0.000 0.000 0.000 0.000 0.000 0.000 0.000 0.000 0.000 0.000 0.000 0.000 0.000 0.000 0.000 0.000 0.000 0.000 0.000 0.000 0.000 0.000 0.000 0.000 0.000 10.399 10.462 9.945 10.784 10.797 10.844 10.854 10.939 10.949 10.899 10.868 10.861 10.851 10.839 0.000 0.000 10.864 10.859 0.000 13.606 13.582 13.593 13.589 13.585 13.581 13.576 13.567 13.592 13.566 13.571 13.556 13.520 13.520 13.511 13.516 13.509 13.011 13.470 10.502 13.438 7.046 9.707 11.456 6.711 13.375
0.000 0.000 0.000 0.000 0.000 0.000 0.000 0.000 0.000 0.000 0.000 0.000 0.000 0.000 0.000 0.000 0.000 0.000 0.000 0.000 0.000 0.000 0.000 0.000 0.000 0.000 0.000 0.000 5.164 5.663 5.309 5.371 0.000 0.000 0.000 0.000 0.000 0.000 0.000 0.000 0.000 0.000 0.000 0.000 0.000 0.000 0.000 0.000 0.000 0.000 0.000 13.614 13.628 13.621 13.628 13.626 13.623 13.620 13.616 13.607 13.587 13.579 13.562 13.554 13.544 13.529 13.523 13.516 13.484 13.475 10.252 13.447 9.661 9.653 6.920 12.466 9.891
0.000 0.000 0.000 0.000 0.000 0.000 0.000 0.000 0.000 0.000 0.000 0.000 0.000 0.000 0.000 0.000 0.000 0.000 0.000 0.000 0.000 0.000 0.000 0.000 0.000 0.000 6.195 6.369 6.963 7.548 6.923 7.076 6.680 6.750 7.159 7.158 7.209 7.968 7.006 7.686 13.429 7.609 13.477 7.502 7.465 7.816 7.472 7.462 7.494 7.472 7.655 13.629 13.639 14.156 14.261 14.500 14.351 14.293 14.233 13.625 13.594 13.581 13.571 13.563 13.554 8.776 13.515 8.896 13.491 13.291 13.465 13.451 13.445 13.102 13.424 13.415 7.920
0.000 0.000 0.000 0.000 0.000 0.000 0.000 0.000 0.000 0.000 0.000 0.000 0.000 0.000 0.000 0.000 0.000 0.000 0.000 0.000 0.000 0.000 0.000 0.000 0.000 6.295 7.036 6.582 8.155 10.763 7.073 7.147 7.288 7.557 11.682 7.845 8.461 13.470 13.465 13.460 13.445 13.448 13.471 13.477 6.367 13.551 8.105 7.598 13.601 7.671 9.202 14.219 14.332 14.500 14.500 14.500 14.500 14.500 14.500 13.629 13.616 13.594 13.587 12.516 12.647 10.850 13.521 13.508 13.496 13.490 13.483 13.461 11.541 6.883 13.420 13.412 9.987
0.000 0.000 0.000 0.000 0.000 0.000 0.000 0.000 0.000 0.000 0.000 0.000 0.000 0.000 0.000 0.000 0.000 0.000 0.000 0.000 0.000 0.000 0.000 0.000 7.896 7.060 13.505 7.868 8.408 6.767 6.893 6.855 6.949 9.172 13.522 13.514 13.505 13.497 4.839 13.448 13.444 13.440 5.748 13.470 6.744 7.294 13.625 13.627 7.948 7.866 10.559 14.500 14.500 14.500 14.500 14.500 14.500 14.500 13.639 13.623 13.617 13.594 13.577 13.370 13.556 13.548 13.525 13.515 13.507 11.241 11.579 8.600 13.451 13.442 13.435 13.423 13.413
0.000 0.000 0.000 0.000 0.000 0.000 6.231 6.659 6.920 6.260 5.448 0.000 0.000 0.000 0.000 0.000 0.000 6.425 7.048 13.531 7.324 7.511 7.502 7.889 7.436 13.537 7.605 11.969 7.877 13.535 7.160 7.153 7.638 7.481 13.531 5.042 5.137 5.257 5.369 13.439 13.430 13.422 6.199 6.592 7.189 7.620 8.505 8.296 9.792 11.088 13.634 14.500 14.500 14.500 14.500 14.500 14.500 14.500 13.640 13.624 13.614 13.603 14.500 10.069 10.334 13.541 13.529 8.009 9.263 9.173 11.712 11.675 11.747 13.453 13.439 13.194 13.417
0.000 0.000 0.000 0.000 7.400 8.415 7.648 7.486 7.806 7.462 7.260 3.829 7.119 7.350 7.895 7.909 7.518 7.749 8.477 7.707 8.062 7.535 7.967 8.064 13.560 8.422 8.667 8.500 8.100 8.087 7.442 7.437 13.551 13.564 13.563 13.542 13.538 13.530 6.083 6.223 6.341 6.454 6.589 7.075 7.520 7.872 10.238 9.868 14.198 14.500 14.500 14.500 14.500 14.500 14.500 14.500 14.500 7.847 14.500 13.636 11.591 13.600 10.030 14.500 14.500 13.545 11.368 13.526 9.070 8.742 13.495 11.140 13.471 13.460 13.454 13.447 13.421
0.000 0.000 7.906 13.606 7.738 13.622 10.321 7.486 7.853 13.557 11.537 12.829 13.531 13.543 7.769 7.754 8.110 7.417 8.077 13.598 13.581 7.697 13.569 8.580 13.567 13.560 13.563 11.936 10.374 11.614 12.353 13.589 13.581 13.574 13.571 13.561 6.435 6.565 13.577 6.920 13.627 10.454 7.355 7.494 7.788 9.061 14.500 14.500 14.500 14.500 14.500 14.500 14.500 14.500 14.500 14.500 14.500 14.500 14.500 12.518 11.484 10.219 13.582 13.576 13.568 13.557 11.160 7.691 9.276 13.517 12.923 13.494 13.485 13.472 13.464 10.032 13.437
13.576 8.583 13.607 12.289 13.635 13.087 11.742 13.604 13.578 13.571 13.559 6.380 13.525 6.196 7.934 7.870 8.212 7.633 8.029 9.665 7.554 8.025 7.678 13.601 13.581 13.573 7.692 13.581 9.205 13.000 13.614 13.614 6.622 13.581 13.600 7.066 7.257 7.398 7.776 7.719 7.736 8.423 8.637 8.741 9.004 14.500 14.500 14.500 14.500 14.500 14.500 14.500 14.500 14.500 14.500 14.500 14.500 14.500 11.274 13.348 14.500 13.484 13.603 13.581 13.574 8.506 13.562 7.503 13.534 13.526 13.512 13.501 8.248 10.709 7.209 13.455 13.444
5.836 13.589 13.614 7.776 13.653 11.170 13.562 7.401 13.601 13.589 6.964 13.508 6.582 13.582 13.594 13.603 11.257 13.628 13.636 13.307 10.372 13.625 10.272 13.608 13.601 13.591 13.574 6.821 8.606 7.073 13.638 13.649 7.417 7.670 10.876 10.979 9.071 8.884 8.946 9.061 9.102 10.214 14.500 14.500 14.500 14.500 14.500 14.500 14.500 14.500 14.500 14.500 14.500 14.500 14.500 14.500 14.500 14.500 14.500 11.884 7.638 13.643 13.629 13.616 13.606 13.586 13.568 13.562 13.549 12.038 9.545 13.504 13.497 13.488 13.472 13.467 13.451
13.419 7.173 7.783 9.087 13.550 13.682 13.679 8.134 7.916 7.768 7.769 7.618 13.563 7.138 7.285 7.228 7.815 8.226 8.525 13.568 13.666 7.281 7.153 13.633 7.237 7.392 7.509 7.754 7.845 8.111 13.649 13.661 14.318 14.484 14.500 14.500 14.500 14.500 14.500 14.500 14.500 14.500 14.500 14.500 14.500 14.500 14.500 14.500 14.500 14.500 14.500 14.500 14.500 14.500 14.500 14.500 14.500 14.500 14.500 14.500 7.853 14.500 12.335 13.617 13.604 13.581 13.568 13.562 13.541 13.534 13.522 10.691 13.501 13.225 7.285 13.457 13.451
13.417 7.170 7.747 8.487 9.958 13.696 10.575 7.944 7.785 7.572 7.445 7.251 13.574 7.137 7.305 7.242 7.836 8.255 8.428 11.647 13.682 7.297 7.160 13.647 7.258 7.403 7.507 7.621 7.740 7.880 13.664 11.081 12.301 12.232 12.265 12.335 12.451 13.396 14.500 14.500 14.500 14.500 14.500 14.500 14.500 14.500 14.500 14.500 14.500 14.500 14.500 14.500 14.500 14.500 14.500 14.500 14.500 14.500 14.500 14.500 7.826 14.500 12.229 13.618 13.604 13.581 13.570 13.564 13.542 13.536 13.525 10.093 13.502 12.854 7.267 13.465 13.458
6.544 8.277 8.137 9.114 10.557 14.127 13.578 8.918 8.025 7.890 7.845 7.906 8.233 7.876 7.804 7.646 7.863 8.123 8.421 9.858 11.655 7.860 7.738 12.544 10.416 9.496 9.102 8.985 8.994 9.041 14.500 11.900 13.669 13.984 14.500 14.500 14.500 14.500 14.500 14.500 14.500 14.500 14.500 14.500 14.500 14.500 14.500 14.500 14.500 14.500 14.500 14.500 14.500 14.500 14.500 14.500 14.500 14.500 14.500 7.794 14.500 14.500 8.532 14.500 14.500 13.589 9.286 10.194 13.550 13.542 13.529 13.521 13.510 13.500 10.048 13.474 13.468
6.983 7.607 8.976 9.361 10.328 13.204 12.973 11.473 9.009 8.869 8.573 8.045 8.188 8.104 8.653 8.468 8.820 9.065 9.316 10.536 12.524 9.055 8.944 12.931 12.116 11.054 10.287 9.854 9.680 13.856 14.500 14.500 14.500 14.500 14.500 14.500 14.500 14.500 14.500 14.500 14.500 14.500 14.500 14.500 14.500 14.500 14.500 14.500 14.500 14.500 14.500 14.500 14.500 14.500 14.500 14.500 14.500 14.500 14.500 14.500 14.500 14.500 8.444 13.618 13.609 14.500 13.579 13.574 13.556 11.482 13.534 7.972 13.505 13.495 13.227 13.488 13.474
7.647 8.936 9.269 9.586 10.852 13.920 13.852 12.928 11.523 10.813 9.312 9.190 9.601 9.455 9.477 9.341 9.467 9.575 10.316 12.103 14.424 13.343 14.197 14.500 14.391 14.500 14.500 14.500 14.500 14.500 14.500 14.500 14.500 14.500 14.500 14.500 14.500 14.500 14.500 14.500 14.500 14.500 14.500 14.500 14.500 14.500 14.500 14.500 14.500 14.500 14.500 14.500 14.500 14.500 14.500 14.500 14.500 14.500 14.500 14.500 14.500 10.754 13.643 13.632 13.620 8.424 7.947 7.980 7.528 10.588 8.252 13.528 13.519 13.191 13.498 13.496 13.488
7.950 9.196 9.360 9.619 10.552 13.075 13.594 13.175 12.341 11.560 11.144 9.489 10.029 10.565 10.365 9.932 10.000 10.085 10.464 12.061 14.314 13.787 14.212 14.500 14.500 14.500 14.500 14.500 14.500 14.500 14.500 14.500 14.500 14.500 14.500 14.500 14.500 14.500 14.500 14.500 14.500 14.500 14.500 14.500 14.500 7.845 14.500 14.500 14.500 14.500 14.500 7.802 14.500 14.500 14.500 14.500 14.500 14.500 14.500 14.500 14.500 14.500 14.500 7.986 8.081 13.601 13.593 7.439 7.786 13.569 8.523 7.491 7.473 13.521 13.518 13.504 13.498
8.946 9.389 9.483 9.658 10.438 12.808 13.903 13.861 13.797 13.582 12.732 11.976 11.250 10.900 10.739 10.164 10.212 10.286 10.598 12.033 14.138 13.924 14.213 14.500 14.500 14.500 14.500 14.500 14.500 14.500 14.500 14.500 14.500 14.500 14.500 14.500 14.500 14.500 14.500 14.500 14.500 14.500 14.500 14.500 14.500 14.500 14.500 14.500 14.500 14.500 14.500 14.500 14.500 14.500 7.838 14.500 14.500 14.500 14.500 14.500 14.500 14.500 11.445 14.500 14.500 9.418 7.735 13.586 7.955 13.579 8.004 8.275 7.568 13.531 13.523 13.516 13.504
9.183 9.536 9.642 9.807 11.151 14.361 14.491 14.432 14.220 13.867 13.206 12.674 12.173 11.523 11.216 10.421 10.419 10.470 10.725 12.015 13.915 13.950 14.301 14.500 14.500 14.500 14.500 14.500 14.500 14.500 14.500 14.500 14.500 14.500 14.500 14.500 14.500 14.500 14.500 14.500 14.500 14.500 14.500 14.500 14.500 14.500 14.500 14.500 14.500 14.500 14.500 14.500 14.500 14.500 14.500 14.500 14.500 14.500 14.500 14.500 13.815 13.037 9.816 12.912 13.624 14.500 12.488 13.597 13.600 13.590 7.596 7.468 13.565 10.958 13.532 12.872 7.590
9.646 9.984 10.106 10.209 11.237 14.161 14.467 14.457 14.362 14.081 13.592 13.178 12.761 12.292 11.850 10.769 10.665 10.662 10.856 11.996 13.711 13.999 14.500 14.500 14.500 14.500 14.500 14.500 14.500 14.500 14.500 14.500 14.500 14.500 14.500 14.500 14.500 14.500 14.500 14.500 14.500 14.500 14.500 14.500 14.500 14.500 14.500 14.500 14.500 14.500 14.500 14.500 7.766 14.500 14.500 7.780 14.500 14.500 14.500 14.500 14.264 13.645 12.594 7.781 7.823 12.995 13.235 8.031 9.185 7.969 7.903 7.792 13.572 10.663 13.547 7.838 13.533
9.864 10.192 10.320 10.412 11.209 13.888 14.417 14.461 14.424 14.220 13.892 13.565 13.202 12.848 12.559 11.299 11.025 10.893 11.026 12.002 13.604 14.333 14.500 14.500 14.500 14.500 14.500 14.500 14.500 14.500 14.500 14.500 14.500 14.500 14.500 14.500 14.500 14.500 14.500 14.500 14.500 14.500 14.500 14.500 14.500 14.500 14.500 14.500 14.500 14.500 14.500 14.500 14.500 14.500 14.500 14.500 14.500 14.500 14.500 14.500 7.836 7.777 14.500 8.590 11.129 14.500 7.540 8.102 9.552 8.168 7.888 13.591 13.578 13.570 13.560 13.552 12.298
10.013 10.270 10.553 10.624 11.218 13.614 14.334 14.456 14.450 14.295 14.106 13.858 13.561 13.236 13.156 11.905 11.552 11.227 11.384 12.261 13.955 14.500 14.500 14.500 14.500 14.500 14.500 14.500 14.500 14.500 14.500 14.500 14.500 14.500 14.500 14.500 14.500 14.500 14.500 14.500 14.500 14.500 14.500 14.500 14.500 14.500 14.500 14.500 14.500 7.850 14.500 14.500 14.500 14.500 14.500 14.500 14.500 14.500 14.500 14.500 13.357 7.836 14.500 14.144 14.167 7.718 14.500 13.554 13.642 13.633 13.217 13.603 13.585 13.576 13.569 13.562 8.513
11.108 10.907 10.863 11.023 11.293 13.371 14.221 14.440 14.459 14.363 14.254 14.080 13.848 13.577 13.567 12.370 12.135 11.707 12.091 13.244 14.500 14.500 14.500 14.500 14.500 14.500 14.500 14.500 14.500 14.500 14.500 14.500 14.500 14.500 14.500 14.500 14.500 14.500 14.500 14.500 14.500 14.500 14.500 14.500 14.500 14.500 14.500 14.500 14.500 14.500 7.799 14.500 14.500 14.500 14.500 14.500 14.500 14.500 14.500 7.761 13.555 11.842 7.814 14.500 14.500 14.500 14.500 11.542 10.816 9.468 9.412 13.603 13.596 12.706 9.830 13.570 11.547
11.538 11.362 11.242 11.272 11.589 13.166 14.094 14.412 14.449 14.408 14.352 14.243 14.077 13.861 13.895 12.768 12.712 12.360 13.083 14.500 14.500 14.500 14.500 14.500 14.500 14.500 14.500 14.500 14.500 14.500 14.500 14.500 14.500 14.500 14.500 14.500 14.500 14.500 14.500 14.500 14.500 14.500 14.500 14.500 14.500 14.500 14.500 14.500 14.500 14.500 14.500 14.500 14.500 14.500 14.500 14.500 14.500 14.500 7.837 7.770 14.152 14.220 14.473 14.500 14.500 14.500 7.815 13.628 12.371 8.980 13.633 13.609 13.603 9.049 13.589 13.578 14.500
11.510 11.496 11.456 11.456 11.702 13.204 13.984 14.368 14.407 14.421 14.406 14.356 14.251 14.096 14.154 13.162 13.087 13.260 14.387 14.500 14.500 14.500 14.500 14.500 14.500 14.500 14.500 14.500 14.500 14.500 14.500 14.500 14.500 14.500 14.500 14.500 14.500 14.500 14.500 14.500 14.500 14.500 14.500 14.500 14.500 14.500 14.500 14.500 14.500 14.500 14.500 14.500 14.500 14.500 14.500 14.500 14.500 14.500 14.133 14.205 14.418 14.497 14.500 14.500 14.500 14.500 14.040 13.879 7.821 11.169 14.500 13.619 10.209 7.629 13.596 12.654 13.579
11.317 11.453 11.517 11.566 11.723 12.980 14.032 14.313 14.350 14.424 14.436 14.421 14.373 14.237 14.251 13.214 13.033 13.619 14.500 14.500 14.500 14.500 14.500 14.500 14.500 14.500 14.500 14.500 14.500 14.500 14.500 14.500 14.500 14.500 14.500 14.500 14.500 14.500 14.500 14.500 14.500 14.500 14.500 14.500 14.500 14.500 14.500 14.500 14.500 14.500 14.500 14.500 14.500 14.500 14.500 14.500 7.833 14.500 14.468 14.488 14.500 14.500 14.500 14.500 14.500 14.500 7.815 7.749 14.500 8.119 14.500 14.500 10.212 14.500 13.609 8.749 13.607
11.136 11.365 11.507 11.613 11.756 12.527 13.961 14.305 14.282 14.338 14.359 14.331 14.185 14.094 14.284 13.033 13.354 14.500 14.500 14.500 14.500 14.500 14.500 14.500 14.500 14.500 14.500 14.500 14.500 14.500 14.500 14.500 14.500 14.500 14.500 14.500 14.500 14.500 14.500 14.500 14.500 14.500 14.500 14.500 14.500 14.500 14.500 14.500 14.500 14.500 14.500 14.500 14.500 14.500 14.500 14.500 14.500 14.500 14.500 14.500 14.500 14.500 14.500 14.500 14.500 14.489 8.475 14.500 10.608 12.020 13.667 13.657 14.500 13.624 13.619 13.632 13.617
11.011 11.291 11.485 11.632 11.693 11.939 12.601 13.239 13.670 13.990 14.185 14.271 14.247 14.197 14.403 13.456 14.500 14.500 14.500 14.500 14.500 14.500 14.500 14.500 14.500 14.500 14.500 14.500 14.500 14.500 14.500 14.500 14.500 14.500 14.500 14.500 14.500 14.500 14.500 14.500 14.500 14.500 14.500 14.500 14.500 14.500 14.500 14.500 14.500 14.500 14.500 14.500 14.500 14.500 14.500 14.500 14.500 14.500 14.500 14.500 14.500 7.802 14.500 7.825 7.824 14.500 11.728 8.341 14.500 14.500 14.500 10.609 14.500 7.739 14.500 14.500 10.684
11.565 11.741 11.922 11.928 12.065 12.372 13.516 14.500 14.287 14.500 14.500 14.500 14.500 14.500 14.500 14.500 14.500 14.500 14.500 14.500 14.500 14.500 14.500 14.500 14.500 14.500 14.500 14.500 14.500 14.500 14.500 14.500 14.500 14.500 14.500 14.500 14.500 14.500 14.500 14.500 14.500 14.500 14.500 14.500 14.500 14.500 14.500 14.500 14.500 14.500 14.500 14.500 14.500 14.500 14.500 14.500 14.500 14.500 14.500 14.500 14.500 11.994 7.869 14.500 14.500 14.500 14.500 14.500 14.500 7.778 14.500 14.500 9.670 10.298 14.500 14.500 13.627
