includes/camargue/floodfiles/results_R4_t1.562344205135E12/res.max
ncols         906
nrows         631
xllcorner     362177.146667
yllcorner     6534725.688020
cellsize      20.000000
NODATA_value  -9999.000000
[rows 510 to 543 of 631, columns 154 to 230 of 906]
5.586 5.575 5.558 5.541 5.524 5.434 5.344 5.254 5.164 5.074 4.984 4.894 4.804 4.730 4.690 4.690 4.631 4.605 4.585 4.566 4.546 4.526 4.507 4.487 4.522 4.559 4.585 4.580 4.575 4.570 4.565 4.565 4.555 4.548 4.541 4.533 4.526 4.517 4.505 4.493 4.482 4.470 4.485 4.501 4.518 4.535 4.552 4.552 4.601 4.632 4.650 4.641 4.631 4.622 4.612 4.603 4.593 4.576 4.592 4.642 4.692 4.742 4.793 4.894 4.894 4.944 4.978 4.957 4.935 4.914 4.892 4.871 4.867 4.865 4.863 4.861 4.895
5.566 5.565 5.564 5.548 5.477 5.387 5.297 5.207 5.117 5.033 4.948 4.863 4.778 4.693 4.641 4.641 4.586 4.566 4.547 4.527 4.508 4.488 4.468 4.475 4.513 4.550 4.587 4.625 4.662 4.671 4.666 4.666 4.656 4.649 4.642 4.634 4.622 4.611 4.599 4.587 4.575 4.564 4.552 4.568 4.585 4.601 4.624 4.624 4.686 4.717 4.748 4.757 4.747 4.738 4.729 4.705 4.673 4.642 4.646 4.696 4.745 4.794 4.844 4.944 4.944 4.994 5.043 5.022 5.000 4.995 4.993 4.991 4.989 4.987 4.985 4.983 5.016
5.555 5.555 5.554 5.543 5.457 5.372 5.287 5.203 5.118 5.033 4.948 4.863 4.778 4.704 4.652 4.652 4.566 4.547 4.527 4.508 4.488 4.469 4.449 4.471 4.508 4.545 4.583 4.620 4.657 4.694 4.716 4.716 4.706 4.700 4.693 4.681 4.669 4.657 4.646 4.634 4.622 4.610 4.598 4.601 4.618 4.635 4.666 4.667 4.728 4.759 4.790 4.815 4.805 4.796 4.770 4.738 4.706 4.674 4.673 4.722 4.772 4.821 4.871 4.970 4.970 5.019 5.069 5.060 5.058 5.056 5.054 5.052 5.050 5.048 5.045 5.043 5.077
5.614 5.641 5.669 5.601 5.457 5.372 5.288 5.203 5.118 5.033 4.948 4.863 4.778 4.715 4.664 4.664 4.561 4.527 4.508 4.488 4.469 4.449 4.429 4.466 4.503 4.540 4.578 4.615 4.652 4.690 4.727 4.727 4.757 4.750 4.740 4.728 4.716 4.704 4.692 4.680 4.669 4.657 4.645 4.634 4.651 4.678 4.709 4.709 4.771 4.801 4.832 4.863 4.863 4.834 4.802 4.770 4.739 4.707 4.700 4.749 4.798 4.848 4.897 4.996 4.996 5.046 5.128 5.122 5.118 5.116 5.114 5.112 5.110 5.108 5.106 5.104 5.137
5.766 5.794 5.822 5.678 5.506 5.373 5.288 5.203 5.118 5.033 4.948 4.863 4.778 4.726 4.675 4.675 4.572 4.520 4.488 4.469 4.449 4.429 4.424 4.461 4.499 4.536 4.573 4.610 4.648 4.685 4.722 4.722 4.797 4.798 4.786 4.774 4.763 4.751 4.739 4.727 4.715 4.703 4.692 4.680 4.689 4.720 4.751 4.751 4.817 4.850 4.883 4.915 4.900 4.866 4.834 4.803 4.771 4.739 4.726 4.776 4.825 4.875 4.924 5.038 5.038 5.128 5.218 5.209 5.191 5.177 5.175 5.173 5.171 5.169 5.167 5.165 5.198
5.919 5.947 5.927 5.755 5.583 5.410 5.288 5.203 5.118 5.033 4.948 4.863 4.789 4.737 4.686 4.686 4.583 4.532 4.480 4.449 4.430 4.410 4.419 4.456 4.494 4.531 4.568 4.605 4.643 4.680 4.797 4.797 5.123 4.965 4.946 4.933 4.921 4.908 4.895 4.883 4.870 4.858 4.845 4.832 4.777 4.787 4.820 4.820 4.885 4.918 4.951 4.984 4.951 4.908 4.867 4.835 4.804 4.772 4.753 4.802 4.852 4.902 4.951 5.128 5.128 5.218 5.308 5.297 5.279 5.260 5.241 5.234 5.232 5.230 5.228 5.226 5.258
6.072 6.100 6.004 5.832 5.659 5.487 5.315 5.203 5.118 5.033 4.948 4.863 4.800 4.749 4.697 4.697 4.594 4.543 4.491 4.440 4.410 4.390 4.414 4.452 4.489 4.526 4.564 4.723 4.886 5.049 5.212 5.213 5.443 5.263 5.119 5.107 5.094 5.082 5.069 5.056 5.044 5.031 5.019 4.995 4.928 4.862 4.888 4.888 4.954 4.987 5.019 5.047 5.003 4.960 4.916 4.873 4.836 4.804 4.780 4.829 4.879 4.949 5.038 5.218 5.218 5.308 5.398 5.385 5.366 5.347 5.329 5.310 5.292 5.290 5.289 5.287 5.319
6.225 6.252 6.081 5.908 5.736 5.564 5.392 5.220 5.118 5.033 4.948 4.863 4.812 4.760 4.709 4.709 4.606 4.554 4.503 4.451 4.400 4.373 4.410 4.487 4.650 4.813 4.976 5.139 5.302 5.465 5.628 5.628 5.741 5.560 5.380 5.281 5.268 5.255 5.243 5.230 5.217 5.205 5.192 5.147 5.080 5.014 4.956 4.956 5.022 5.055 5.087 5.098 5.055 5.011 4.968 4.925 4.881 4.838 4.806 4.859 4.949 5.038 5.128 5.308 5.308 5.398 5.487 5.472 5.453 5.435 5.416 5.398 5.379 5.361 5.349 5.347 5.379
6.377 6.330 6.157 5.985 5.813 5.641 5.469 5.296 5.124 5.034 4.949 4.874 4.823 4.771 4.720 4.720 4.617 4.566 4.514 4.464 4.469 4.555 4.740 4.903 5.066 5.229 5.392 5.555 5.718 5.881 6.044 6.044 6.038 5.858 5.677 5.497 5.442 5.429 5.416 5.404 5.391 5.378 5.365 5.299 5.232 5.165 5.099 5.099 5.090 5.123 5.156 5.150 5.107 5.063 5.020 4.976 4.933 4.889 4.883 4.949 5.038 5.128 5.218 5.398 5.398 5.488 5.577 5.560 5.541 5.522 5.504 5.485 5.467 5.448 5.429 5.411 5.463
6.530 6.406 6.234 6.062 5.890 5.718 5.545 5.373 5.201 5.034 4.949 4.886 4.834 4.783 4.731 4.731 4.696 4.701 4.706 4.711 4.715 4.884 5.141 5.318 5.481 5.644 5.807 5.970 6.133 6.296 6.459 6.460 6.336 6.155 5.975 5.795 5.615 5.602 5.590 5.577 5.564 5.552 5.517 5.450 5.384 5.317 5.251 5.251 5.159 5.191 5.224 5.202 5.159 5.115 5.072 5.028 5.026 5.025 5.027 5.082 5.137 5.218 5.308 5.488 5.488 5.578 5.666 5.647 5.628 5.610 5.591 5.573 5.554 5.536 5.555 5.596 5.628
6.656 6.483 6.311 6.139 5.967 5.794 5.622 5.450 5.278 5.105 4.949 4.919 4.923 4.928 4.933 4.933 4.943 4.948 4.952 4.957 4.962 5.214 5.471 5.728 5.897 6.060 6.223 6.386 6.549 6.712 6.875 6.875 6.633 6.453 6.272 6.092 5.912 5.776 5.763 5.751 5.738 5.725 5.669 5.602 5.536 5.469 5.402 5.402 5.269 5.260 5.293 5.254 5.210 5.169 5.168 5.168 5.167 5.167 5.171 5.226 5.281 5.336 5.398 5.578 5.578 5.667 5.753 5.735 5.716 5.697 5.679 5.660 5.684 5.725 5.766 5.808 5.838
6.732 6.560 6.388 6.216 6.043 5.871 5.701 5.650 5.599 5.548 5.407 5.165 5.170 5.175 5.180 5.180 5.189 5.194 5.199 5.204 5.286 5.543 5.800 6.057 6.313 6.476 6.639 6.802 6.965 7.128 7.291 7.291 6.931 6.750 6.570 6.389 6.209 6.029 5.937 5.924 5.912 5.887 5.820 5.754 5.687 5.621 5.554 5.554 5.421 5.355 5.349 5.311 5.311 5.310 5.310 5.309 5.309 5.308 5.315 5.370 5.425 5.481 5.536 5.668 5.668 5.757 5.841 5.822 5.804 5.785 5.812 5.854 5.895 5.937 5.978 6.018 6.048
6.809 6.637 6.554 6.503 6.452 6.400 6.349 6.298 6.247 6.195 5.961 5.633 5.416 5.421 5.426 5.426 5.436 5.441 5.445 5.450 5.616 5.873 6.130 6.386 6.643 6.891 7.054 7.217 7.380 7.543 7.589 7.589 7.228 7.048 6.868 6.687 6.507 6.326 6.146 6.098 6.085 6.039 5.972 5.906 5.839 5.773 5.706 5.706 5.579 5.539 5.485 5.453 5.452 5.452 5.451 5.451 5.451 5.450 5.459 5.514 5.570 5.625 5.680 5.791 5.790 5.847 5.928 5.910 5.941 5.983 6.024 6.066 6.107 6.148 6.190 6.229 6.258
7.305 7.253 7.202 7.151 7.100 7.048 6.997 6.946 6.894 6.843 6.516 6.188 5.859 5.668 5.673 5.673 5.682 5.687 5.692 5.697 5.945 6.202 6.459 6.716 6.973 7.229 7.470 7.633 7.796 7.959 7.887 7.886 7.526 7.345 7.165 6.985 6.804 6.624 6.443 6.271 6.257 6.191 6.124 6.058 6.005 5.965 5.925 5.925 5.845 5.806 5.746 5.664 5.594 5.594 5.593 5.593 5.592 5.592 5.603 5.659 5.714 5.769 5.824 5.935 5.935 5.990 6.067 6.112 6.153 6.195 6.236 6.277 6.319 6.360 6.402 6.439 6.468
7.304 7.253 7.202 7.150 7.099 7.048 6.997 6.945 6.894 6.843 6.516 6.187 5.859 5.667 5.672 5.672 5.682 5.686 5.691 5.696 5.944 6.201 6.458 6.715 6.972 7.229 7.470 7.633 7.796 7.959 7.886 7.886 7.525 7.345 7.164 6.984 6.804 6.623 6.443 6.271 6.257 6.190 6.124 6.057 6.005 5.965 5.925 5.925 5.845 5.805 5.745 5.664 5.594 5.593 5.593 5.592 5.592 5.591 5.603 5.658 5.713 5.769 5.824 5.934 5.934 5.989 6.066 6.111 6.153 6.194 6.235 6.277 6.318 6.360 6.401 6.438 6.468
7.899 7.901 7.850 7.798 7.747 7.696 7.644 7.593 7.542 7.399 7.070 6.742 6.413 6.085 5.919 5.919 5.928 5.933 5.938 6.017 6.274 6.531 6.788 7.045 7.301 7.558 7.815 8.048 8.211 8.364 8.184 8.184 7.823 7.642 7.462 7.282 7.101 6.921 6.740 6.560 6.431 6.391 6.351 6.311 6.271 6.231 6.192 6.191 6.112 6.072 6.006 5.925 5.843 5.762 5.734 5.734 5.733 5.733 5.747 5.802 5.858 5.913 5.968 6.103 6.103 6.190 6.266 6.319 6.364 6.406 6.447 6.489 6.530 6.572 6.613 6.649 6.678
8.373 8.515 8.497 8.446 8.395 8.344 8.292 8.241 8.190 7.954 7.625 7.297 6.968 6.640 6.311 6.312 6.175 6.179 6.184 6.346 6.603 6.860 7.117 7.374 7.631 7.888 8.145 8.402 8.627 8.662 8.481 8.481 8.120 7.940 7.759 7.579 7.398 7.217 7.037 6.856 6.738 6.658 6.618 6.578 6.538 6.498 6.458 6.458 6.378 6.338 6.267 6.186 6.104 6.023 5.941 5.876 5.875 5.875 5.891 5.947 6.002 6.057 6.135 6.309 6.309 6.396 6.467 6.519 6.572 6.618 6.659 6.701 6.742 6.783 6.825 6.859 6.888
9.320 9.462 9.604 9.743 9.691 9.640 9.589 9.537 9.392 9.064 8.735 8.407 8.078 7.750 7.421 7.421 6.765 6.673 6.749 7.006 7.263 7.520 7.777 8.020 8.243 8.466 8.688 8.911 9.117 9.169 9.075 9.075 8.713 8.533 8.352 8.172 7.991 7.810 7.629 7.492 7.389 7.286 7.183 7.112 7.072 7.032 6.992 6.992 6.912 6.871 6.790 6.708 6.627 6.545 6.464 6.382 6.301 6.219 6.199 6.286 6.373 6.460 6.546 6.720 6.720 6.807 6.868 6.920 6.973 7.026 7.079 7.125 7.166 7.208 7.249 7.280 7.309
9.794 9.936 10.078 10.220 10.339 10.288 10.237 10.185 9.947 9.618 9.290 8.962 8.633 8.305 7.976 7.976 7.319 6.991 7.078 7.301 7.523 7.746 7.968 8.191 8.414 8.636 8.859 9.082 9.224 9.276 9.328 9.328 9.010 8.829 8.648 8.468 8.287 8.106 7.926 7.818 7.715 7.611 7.508 7.405 7.339 7.299 7.259 7.259 7.179 7.132 7.051 6.969 6.888 6.807 6.725 6.643 6.562 6.481 6.432 6.503 6.578 6.665 6.752 6.926 6.926 7.013 7.068 7.121 7.173 7.226 7.279 7.332 7.378 7.419 7.461 7.490 7.520
10.268 10.409 10.551 10.693 10.835 10.936 10.885 10.830 10.502 10.173 9.845 9.517 9.188 8.860 8.511 8.512 7.680 7.265 7.269 7.471 7.694 7.916 8.139 8.362 8.584 8.807 9.030 9.252 9.331 9.383 9.435 9.435 9.306 9.125 8.944 8.764 8.583 8.403 8.246 8.143 8.040 7.937 7.833 7.730 7.627 7.565 7.526 7.526 7.446 7.393 7.312 7.231 7.149 7.068 6.986 6.905 6.824 6.743 6.668 6.739 6.811 6.883 6.958 7.132 7.131 7.215 7.268 7.321 7.374 7.426 7.479 7.532 7.585 7.631 7.671 7.700 7.730
10.741 10.883 11.025 11.167 11.309 11.451 11.533 11.385 11.057 10.728 10.367 9.952 9.536 9.121 8.705 8.705 7.874 7.575 7.608 7.642 7.864 8.087 8.310 8.532 8.755 8.978 9.200 9.386 9.438 9.490 9.543 9.543 9.602 9.421 9.241 9.060 8.879 8.699 8.572 8.469 8.365 8.262 8.159 8.055 7.952 7.849 7.792 7.792 7.712 7.655 7.573 7.492 7.410 7.329 7.248 7.167 7.086 7.006 6.925 6.975 7.047 7.119 7.190 7.337 7.337 7.416 7.468 7.521 7.574 7.627 7.680 7.732 7.785 7.838 7.881 7.905 7.928
11.215 11.357 11.499 11.640 11.782 11.924 11.995 11.808 11.392 10.977 10.561 10.146 9.730 9.315 8.899 8.899 8.068 7.915 7.948 7.980 8.035 8.258 8.480 8.703 8.926 9.148 9.371 9.493 9.546 9.598 9.650 9.650 9.754 9.717 9.537 9.356 9.176 9.001 8.897 8.794 8.691 8.587 8.484 8.381 8.277 8.174 8.071 8.071 7.979 7.916 7.834 7.753 7.672 7.591 7.510 7.429 7.349 7.268 7.187 7.211 7.283 7.354 7.426 7.569 7.569 7.666 7.722 7.777 7.833 7.888 7.944 7.999 8.054 8.100 8.090 8.102 8.125
11.688 11.830 11.966 11.932 11.899 11.866 11.833 11.778 11.586 11.171 10.755 10.340 9.924 9.509 9.093 9.093 8.262 8.254 8.287 8.320 8.353 8.428 8.651 8.874 9.096 9.319 9.542 9.601 9.653 9.705 9.757 9.757 9.861 9.913 9.833 9.652 9.472 9.326 9.223 9.119 9.016 8.913 8.809 8.706 8.603 8.500 8.396 8.396 8.246 8.177 8.095 8.015 7.934 7.853 7.772 7.692 7.611 7.530 7.449 7.447 7.519 7.590 7.662 7.836 7.836 7.944 8.015 8.071 8.126 8.181 8.237 8.292 8.335 8.315 8.304 8.315 8.326
11.870 11.837 11.803 11.770 11.737 11.704 11.667 11.610 11.554 11.365 10.949 10.534 10.118 9.703 9.287 9.287 8.560 8.593 8.626 8.659 8.692 8.725 8.822 9.044 9.267 9.490 9.656 9.708 9.760 9.812 9.864 9.864 9.968 10.021 10.073 9.949 9.768 9.651 9.548 9.445 9.342 9.238 9.135 9.032 8.928 8.825 8.722 8.722 8.515 8.438 8.358 8.277 8.196 8.115 8.034 7.954 7.873 7.792 7.711 7.683 7.755 7.826 7.898 8.108 8.108 8.217 8.308 8.364 8.419 8.475 8.530 8.570 8.550 8.530 8.519 8.530 8.540
11.708 11.674 11.641 11.608 11.575 11.542 11.499 11.442 11.386 11.330 11.143 10.728 10.312 9.897 9.481 9.481 8.900 8.933 8.965 8.998 9.031 9.064 9.097 9.215 9.438 9.660 9.763 9.815 9.867 9.919 9.971 9.971 10.076 10.128 10.180 10.232 10.080 9.977 9.874 9.770 9.667 9.555 9.416 9.277 9.138 8.999 8.860 8.860 8.618 8.584 8.550 8.516 8.458 8.377 8.297 8.216 8.135 8.054 7.974 7.919 7.991 8.062 8.164 8.381 8.381 8.489 8.597 8.657 8.713 8.768 8.805 8.785 8.765 8.745 8.733 8.744 8.755
11.546 11.512 11.479 11.446 11.413 11.379 11.331 11.274 11.218 11.162 11.106 10.922 10.506 10.091 9.675 9.675 9.239 9.272 9.305 9.338 9.370 9.403 9.436 9.469 9.608 9.818 9.870 9.922 9.974 10.026 10.079 10.079 10.183 10.232 10.261 10.291 10.276 10.137 9.998 9.859 9.720 9.581 9.442 9.303 9.164 9.025 8.886 8.886 8.703 8.668 8.634 8.600 8.567 8.533 8.499 8.465 8.397 8.317 8.236 8.155 8.227 8.328 8.436 8.653 8.653 8.762 8.870 8.951 9.006 9.040 9.020 9.000 8.980 8.960 8.948 8.959 8.970
11.384 11.350 11.317 11.284 11.250 11.217 11.163 11.106 11.050 10.994 10.938 10.881 10.700 10.285 9.869 9.869 9.578 9.611 9.644 9.677 9.710 9.743 9.776 9.808 9.841 9.925 9.971 10.001 10.031 10.060 10.090 10.090 10.149 10.179 10.208 10.235 10.236 10.164 10.025 9.886 9.747 9.608 9.469 9.330 9.191 9.051 8.912 8.912 8.788 8.753 8.719 8.685 8.651 8.617 8.584 8.550 8.516 8.482 8.448 8.414 8.492 8.601 8.709 8.926 8.926 9.034 9.143 9.244 9.275 9.255 9.235 9.215 9.195 9.175 9.163 9.173 9.184
11.221 11.188 11.155 11.122 11.088 11.051 10.995 10.939 10.882 10.826 10.770 10.713 10.657 10.478 10.063 10.063 9.918 9.950 9.983 10.016 10.049 10.071 10.080 10.089 10.098 9.915 9.918 9.948 9.977 10.007 10.037 10.037 10.096 10.126 10.155 10.168 10.169 10.170 10.051 9.912 9.773 9.634 9.495 9.356 9.217 9.078 8.943 8.943 8.873 8.838 8.803 8.769 8.736 8.702 8.668 8.634 8.601 8.567 8.533 8.549 8.634 8.752 8.870 9.106 9.106 9.224 9.342 9.455 9.490 9.470 9.450 9.430 9.410 9.390 9.377 9.388 9.399
11.059 11.026 10.993 10.959 10.926 10.883 10.827 10.771 10.714 10.658 10.602 10.545 10.489 10.433 10.257 10.257 10.251 10.260 10.269 10.278 10.287 10.296 10.305 10.314 10.269 10.050 9.865 9.895 9.924 9.954 9.984 9.984 10.043 10.072 10.101 10.101 10.102 10.103 10.078 9.939 9.799 9.660 9.521 9.382 9.243 9.104 9.028 9.028 8.958 8.923 8.888 8.854 8.820 8.786 8.753 8.719 8.685 8.651 8.632 8.705 8.778 8.881 8.999 9.235 9.235 9.353 9.471 9.563 9.624 9.684 9.664 9.644 9.624 9.604 9.592 9.603 9.613
10.743 10.864 10.830 10.797 10.764 10.715 10.659 10.603 10.546 10.490 10.434 10.378 10.325 10.298 10.309 10.309 10.476 10.485 10.494 10.503 10.512 10.521 10.530 10.539 10.404 10.185 9.966 9.841 9.871 9.901 9.931 9.931 9.990 10.019 10.034 10.035 10.035 10.036 10.037 9.965 9.826 9.687 9.548 9.409 9.270 9.148 9.113 9.113 9.043 9.008 8.973 8.939 8.905 8.871 8.837 8.803 8.770 8.736 8.788 8.861 8.934 9.010 9.128 9.364 9.364 9.482 9.600 9.671 9.732 9.793 9.854 9.859 9.839 9.819 9.807 9.817 9.828
10.743 10.863 10.830 10.797 10.763 10.715 10.658 10.602 10.546 10.490 10.433 10.377 10.325 10.297 10.308 10.308 10.475 10.484 10.493 10.502 10.511 10.520 10.529 10.538 10.404 10.185 9.965 9.841 9.871 9.900 9.930 9.930 9.989 10.019 10.034 10.034 10.035 10.036 10.037 9.965 9.826 9.686 9.547 9.408 9.269 9.148 9.113 9.113 9.043 9.008 8.973 8.938 8.904 8.871 8.837 8.803 8.769 8.735 8.787 8.860 8.933 9.010 9.128 9.364 9.364 9.482 9.600 9.671 9.732 9.793 9.854 9.859 9.839 9.819 9.806 9.817 9.828
10.281 10.482 10.668 10.634 10.601 10.547 10.491 10.434 10.378 10.337 10.310 10.282 10.255 10.228 10.312 10.312 10.700 10.709 10.718 10.727 10.736 10.745 10.754 10.758 10.539 10.319 10.100 9.881 9.818 9.847 9.877 9.877 9.936 9.966 9.967 9.968 9.968 9.969 9.970 9.971 9.852 9.713 9.574 9.435 9.296 9.233 9.198 9.198 9.128 9.093 9.058 9.023 8.989 8.955 8.921 8.888 8.854 8.870 8.943 9.016 9.089 9.162 9.257 9.493 9.493 9.611 9.718 9.778 9.839 9.900 9.961 10.022 10.054 10.034 10.021 10.032 10.042
9.819 10.020 10.221 10.422 10.435 10.379 10.349 10.322 10.295 10.267 10.240 10.213 10.186 10.158 10.315 10.315 10.806 10.934 10.943 10.952 10.961 10.970 10.979 10.893 10.674 10.454 10.235 10.016 9.796 9.794 9.824 9.824 9.883 9.899 9.900 9.901 9.901 9.902 9.903 9.904 9.879 9.740 9.601 9.461 9.353 9.318 9.283 9.283 9.213 9.178 9.143 9.108 9.074 9.040 9.006 8.972 8.953 9.026 9.099 9.172 9.245 9.318 9.391 9.622 9.622 9.740 9.825 9.886 9.947 10.008 10.069 10.130 10.191 10.248 10.235 10.246 10.201
8.989 9.301 9.612 9.923 10.086 10.172 10.210 10.183 10.156 10.129 10.101 10.074 10.047 10.076 10.321 10.322 10.813 11.058 11.304 11.402 11.411 11.420 11.383 11.163 10.944 10.725 10.505 10.286 10.066 9.847 9.718 9.718 9.765 9.766 9.767 9.768 9.768 9.769 9.770 9.771 9.771 9.772 9.654 9.558 9.523 9.488 9.454 9.453 9.384 9.348 9.314 9.279 9.244 9.209 9.175 9.192 9.265 9.338 9.411 9.484 9.557 9.630 9.703 9.881 9.881 9.980 10.041 10.102 10.163 10.224 10.220 10.210 10.201 10.192 10.227 10.303 10.288
