includes/camargue/floodfiles/results_R4_t1.562344205135E12/res.max
ncols         906
nrows         631
xllcorner     362177.146667
yllcorner     6534725.688020
cellsize      20.000000
NODATA_value  -9999.000000
[rows 476 to 509 of 631, columns 539 to 615 of 906]
3.332 3.332 3.562 3.312 3.341 3.351 3.411 3.331 3.421 3.440 3.470 3.400 3.499 3.629 3.369 3.498 3.468 3.468 3.708 3.757 3.737 3.727 3.727 4.150 4.171 4.193 4.215 4.238 4.260 4.283 4.306 4.328 4.351 4.350 4.396 4.418 4.440 4.458 4.470 4.481 4.493 4.504 4.516 4.527 4.539 4.558 4.576 4.594 4.613 4.612 4.650 4.668 4.685 4.692 4.699 4.706 4.712 4.719 4.726 4.733 4.739 4.746 4.753 4.760 4.767 4.766 4.781 4.791 4.813 4.859 4.905 4.951 4.997 5.043 5.090 5.136 5.182
3.411 3.411 3.561 3.351 3.400 3.440 3.340 3.410 3.449 3.539 3.499 3.559 3.538 3.518 3.588 3.537 3.647 3.647 3.727 3.627 3.696 4.120 4.137 4.158 4.180 4.201 4.222 4.244 4.266 4.289 4.311 4.334 4.356 4.356 4.401 4.424 4.446 4.465 4.476 4.488 4.499 4.511 4.522 4.536 4.554 4.573 4.591 4.609 4.628 4.627 4.665 4.683 4.701 4.709 4.715 4.722 4.729 4.736 4.742 4.749 4.756 4.763 4.769 4.776 4.783 4.783 4.797 4.811 4.859 4.906 4.952 4.998 5.044 5.090 5.136 5.182 5.229
3.530 3.530 3.510 3.389 3.409 3.429 3.459 3.549 3.469 3.508 3.478 3.578 3.687 3.537 3.617 3.637 3.576 3.576 4.147 3.756 4.143 4.142 4.154 4.176 4.197 4.219 4.240 4.261 4.282 4.304 4.325 4.346 4.368 4.368 4.413 4.436 4.458 4.479 4.490 4.502 4.513 4.530 4.549 4.567 4.585 4.604 4.622 4.640 4.659 4.658 4.696 4.714 4.732 4.742 4.749 4.756 4.763 4.769 4.776 4.783 4.790 4.796 4.803 4.810 4.817 4.817 4.830 4.837 4.893 4.955 5.016 5.078 5.138 5.184 5.230 5.276 5.322
3.589 3.589 3.469 3.549 3.448 3.528 3.488 3.418 3.538 3.457 3.537 3.627 3.546 3.666 3.646 3.656 3.706 3.705 4.157 4.155 4.154 4.152 4.163 4.184 4.206 4.227 4.248 4.270 4.291 4.312 4.333 4.355 4.376 4.376 4.419 4.441 4.463 4.485 4.497 4.508 4.527 4.545 4.564 4.582 4.600 4.619 4.637 4.656 4.674 4.674 4.711 4.729 4.748 4.759 4.766 4.772 4.779 4.786 4.793 4.799 4.806 4.813 4.820 4.827 4.833 4.833 4.846 4.853 4.903 4.964 5.026 5.087 5.149 5.210 5.272 5.323 5.369
3.458 3.458 3.618 3.507 3.547 3.547 3.457 3.667 3.487 3.506 3.696 3.616 3.606 4.175 3.675 3.685 3.615 3.615 4.167 4.165 4.164 4.162 4.171 4.193 4.214 4.235 4.257 4.278 4.299 4.320 4.342 4.363 4.384 4.384 4.427 4.448 4.469 4.491 4.505 4.523 4.542 4.560 4.579 4.597 4.616 4.634 4.652 4.671 4.689 4.689 4.726 4.744 4.763 4.775 4.782 4.789 4.795 4.802 4.809 4.816 4.823 4.829 4.836 4.843 4.849 4.849 4.863 4.869 4.912 4.974 5.035 5.097 5.159 5.220 5.282 5.343 5.405
3.577 3.577 3.657 3.507 3.566 3.566 3.456 3.456 3.675 3.555 3.645 3.805 3.635 3.595 3.664 3.634 3.734 3.734 4.177 4.176 4.174 4.173 4.180 4.201 4.222 4.244 4.265 4.286 4.307 4.329 4.350 4.371 4.393 4.392 4.435 4.456 4.477 4.499 4.520 4.539 4.557 4.575 4.594 4.612 4.631 4.649 4.667 4.686 4.704 4.704 4.741 4.759 4.778 4.792 4.798 4.805 4.812 4.819 4.826 4.832 4.839 4.846 4.853 4.859 4.866 4.865 4.879 4.886 4.922 4.983 5.045 5.107 5.168 5.230 5.291 5.353 5.414
3.506 3.506 3.746 3.566 3.565 3.755 3.795 3.705 3.654 3.534 3.664 3.724 3.644 3.664 3.624 3.643 3.673 3.673 4.188 4.186 4.184 4.183 4.188 4.210 4.231 4.252 4.273 4.295 4.316 4.337 4.358 4.380 4.401 4.401 4.443 4.464 4.487 4.509 4.530 4.550 4.571 4.590 4.609 4.627 4.646 4.664 4.683 4.701 4.719 4.719 4.756 4.774 4.793 4.808 4.815 4.822 4.829 4.835 4.842 4.849 4.856 4.862 4.869 4.876 4.882 4.882 4.895 4.902 4.932 4.993 5.055 5.116 5.178 5.239 5.301 5.362 5.424
3.725 3.725 3.625 3.634 3.524 3.724 3.694 3.734 3.694 3.503 3.663 4.209 3.793 4.206 3.763 3.733 3.763 3.762 4.198 4.196 4.195 4.193 4.197 4.218 4.239 4.260 4.282 4.303 4.324 4.345 4.367 4.388 4.409 4.409 4.452 4.474 4.496 4.519 4.540 4.561 4.581 4.601 4.621 4.642 4.661 4.679 4.698 4.716 4.734 4.734 4.771 4.790 4.808 4.825 4.832 4.838 4.845 4.852 4.859 4.866 4.872 4.879 4.885 4.892 4.898 4.898 4.911 4.918 4.941 5.003 5.064 5.126 5.187 5.249 5.310 5.372 5.433
3.504 3.504 3.634 3.643 3.773 3.753 3.703 3.703 3.683 3.673 4.221 4.219 3.702 3.702 3.732 3.732 3.712 3.712 4.208 4.206 4.205 4.203 4.205 4.226 4.247 4.269 4.290 4.311 4.333 4.354 4.375 4.396 4.418 4.417 4.462 4.484 4.506 4.529 4.550 4.571 4.591 4.612 4.632 4.652 4.673 4.693 4.713 4.731 4.750 4.749 4.787 4.805 4.823 4.841 4.848 4.855 4.862 4.869 4.875 4.882 4.888 4.895 4.901 4.908 4.915 4.914 4.928 4.934 4.951 5.012 5.074 5.135 5.197 5.258 5.320 5.381 5.443
3.733 3.733 3.783 3.742 3.762 3.782 3.782 4.237 3.692 3.772 4.231 4.229 3.741 3.761 3.721 4.223 3.781 3.781 4.218 4.217 4.215 4.213 4.213 4.235 4.256 4.277 4.298 4.320 4.341 4.362 4.383 4.405 4.427 4.427 4.472 4.494 4.517 4.539 4.561 4.581 4.602 4.622 4.642 4.663 4.683 4.703 4.724 4.744 4.764 4.764 4.802 4.820 4.839 4.857 4.865 4.871 4.878 4.885 4.891 4.898 4.905 4.911 4.918 4.924 4.931 4.930 4.944 4.950 4.960 5.022 5.083 5.145 5.206 5.268 5.329 5.391 5.452
3.712 3.712 3.894 3.951 3.811 3.781 3.781 4.250 3.731 4.244 4.241 3.691 3.721 3.780 3.690 3.710 4.232 4.232 4.229 4.227 4.225 4.224 4.222 4.243 4.264 4.286 4.307 4.328 4.350 4.371 4.392 4.414 4.437 4.437 4.482 4.504 4.527 4.549 4.571 4.592 4.612 4.632 4.653 4.673 4.693 4.714 4.734 4.754 4.775 4.774 4.815 4.835 4.854 4.872 4.881 4.888 4.895 4.901 4.908 4.914 4.921 4.927 4.934 4.940 4.947 4.946 4.960 4.966 4.973 5.031 5.093 5.154 5.216 5.277 5.339 5.401 5.462
3.789 3.788 3.741 3.800 3.963 3.810 3.780 4.264 3.810 4.257 4.254 4.251 4.248 4.247 4.245 4.243 4.242 4.242 4.239 4.237 4.236 4.234 4.232 4.251 4.273 4.294 4.315 4.337 4.358 4.380 4.402 4.424 4.447 4.446 4.492 4.514 4.537 4.559 4.582 4.602 4.622 4.643 4.663 4.683 4.704 4.724 4.744 4.765 4.785 4.785 4.826 4.846 4.866 4.887 4.898 4.904 4.911 4.917 4.924 4.930 4.937 4.943 4.950 4.956 4.963 4.962 4.976 4.982 4.989 5.041 5.102 5.164 5.225 5.287 5.349 5.410 5.472
3.739 3.739 3.790 3.868 3.969 4.071 4.172 4.273 3.749 4.271 4.268 4.265 4.262 3.759 3.749 4.254 4.252 4.252 4.249 4.247 4.246 4.244 4.242 4.260 4.281 4.302 4.324 4.345 4.367 4.390 4.412 4.435 4.457 4.457 4.502 4.524 4.547 4.570 4.592 4.612 4.633 4.653 4.674 4.694 4.714 4.734 4.755 4.775 4.796 4.795 4.836 4.856 4.877 4.903 4.920 4.923 4.927 4.933 4.940 4.947 4.953 4.959 4.966 4.973 4.979 4.978 4.992 4.999 5.005 5.050 5.112 5.173 5.235 5.296 5.358 5.420 5.468
3.799 3.799 3.759 3.769 3.975 4.077 4.178 4.279 4.287 4.284 3.808 4.278 4.275 4.272 4.269 4.266 4.263 4.263 4.259 4.258 4.256 4.254 4.253 4.268 4.289 4.311 4.332 4.354 4.377 4.400 4.422 4.445 4.467 4.467 4.512 4.535 4.557 4.580 4.602 4.623 4.643 4.664 4.684 4.704 4.725 4.745 4.765 4.786 4.806 4.805 4.846 4.867 4.893 4.923 4.944 4.948 4.951 4.955 4.958 4.963 4.969 4.976 4.982 4.988 4.995 4.995 5.008 5.015 5.021 5.060 5.121 5.183 5.244 5.306 5.364 5.412 5.461
3.677 3.677 3.778 3.758 3.981 4.083 4.184 4.285 4.301 4.297 4.294 4.292 4.289 4.285 4.282 4.280 4.277 4.276 4.270 4.268 4.266 4.264 4.263 4.276 4.298 4.319 4.342 4.365 4.387 4.410 4.432 4.455 4.477 4.477 4.522 4.545 4.567 4.590 4.612 4.633 4.654 4.674 4.694 4.715 4.735 4.755 4.775 4.796 4.816 4.815 4.857 4.883 4.913 4.942 4.969 4.972 4.975 4.979 4.982 4.986 4.989 4.993 4.998 5.005 5.011 5.011 5.024 5.031 5.037 5.069 5.131 5.192 5.254 5.308 5.356 5.405 5.453
3.683 3.683 3.767 3.886 3.697 4.088 4.190 4.291 4.314 4.311 4.308 4.305 4.302 4.299 4.296 4.293 4.290 4.290 4.284 4.281 4.278 4.275 4.273 4.285 4.307 4.329 4.352 4.375 4.397 4.420 4.442 4.465 4.487 4.487 4.532 4.555 4.577 4.600 4.622 4.644 4.664 4.684 4.705 4.725 4.745 4.765 4.786 4.806 4.826 4.826 4.874 4.903 4.932 4.961 4.990 4.996 5.000 5.003 5.007 5.010 5.014 5.017 5.021 5.024 5.028 5.027 5.040 5.047 5.053 5.079 5.140 5.202 5.252 5.300 5.349 5.398 5.446
3.682 3.682 3.766 3.885 3.696 4.087 4.189 4.290 4.313 4.310 4.307 4.304 4.301 4.298 4.295 4.292 4.289 4.289 4.283 4.280 4.277 4.274 4.272 4.284 4.306 4.329 4.351 4.374 4.396 4.419 4.441 4.464 4.486 4.486 4.532 4.554 4.577 4.599 4.622 4.643 4.663 4.683 4.704 4.724 4.744 4.765 4.785 4.805 4.825 4.825 4.873 4.902 4.931 4.961 4.990 4.996 4.999 5.002 5.006 5.009 5.013 5.016 5.020 5.023 5.027 5.026 5.040 5.046 5.053 5.078 5.140 5.201 5.251 5.300 5.348 5.397 5.445
3.765 3.765 3.775 3.891 3.992 3.805 4.195 3.775 4.326 4.323 4.320 4.317 4.314 4.311 4.308 4.305 4.303 4.302 4.296 4.293 4.290 4.287 4.284 4.294 4.316 4.339 4.361 4.384 4.406 4.429 4.451 4.474 4.496 4.496 4.542 4.564 4.587 4.609 4.632 4.653 4.673 4.694 4.714 4.734 4.755 4.775 4.795 4.815 4.836 4.835 4.892 4.921 4.950 4.980 5.009 5.020 5.023 5.027 5.030 5.034 5.037 5.041 5.044 5.048 5.051 5.051 5.058 5.062 5.069 5.088 5.147 5.195 5.244 5.292 5.341 5.390 5.438
3.701 3.701 3.802 3.903 4.005 4.106 4.207 4.309 4.354 4.351 4.348 4.345 4.342 4.339 4.336 4.333 4.330 4.330 4.324 4.321 4.325 4.331 4.337 4.347 4.361 4.375 4.389 4.405 4.427 4.450 4.472 4.495 4.517 4.517 4.562 4.585 4.607 4.630 4.653 4.674 4.695 4.715 4.735 4.755 4.776 4.796 4.816 4.845 4.874 4.873 4.932 4.961 4.990 5.019 5.048 5.069 5.073 5.076 5.080 5.083 5.087 5.090 5.094 5.097 5.101 5.101 5.108 5.112 5.115 5.118 5.154 5.191 5.230 5.279 5.327 5.376 5.424
3.707 3.707 3.808 3.909 4.010 4.112 3.803 4.314 4.367 4.364 4.361 4.358 4.355 4.352 4.349 4.346 4.343 4.343 4.340 4.346 4.351 4.357 4.363 4.373 4.387 4.401 4.415 4.430 4.444 4.460 4.482 4.505 4.527 4.527 4.572 4.595 4.618 4.640 4.663 4.685 4.705 4.725 4.745 4.766 4.786 4.806 4.835 4.864 4.893 4.893 4.951 4.980 5.009 5.038 5.067 5.094 5.097 5.101 5.104 5.108 5.111 5.115 5.118 5.122 5.125 5.125 5.133 5.136 5.139 5.143 5.174 5.211 5.248 5.284 5.321 5.369 5.417
3.713 3.713 3.814 3.915 4.016 4.118 4.219 4.320 4.381 4.378 4.375 4.372 4.369 4.366 4.363 4.360 4.357 4.357 4.366 4.372 4.377 4.383 4.389 4.399 4.413 4.427 4.441 4.456 4.470 4.484 4.498 4.515 4.537 4.537 4.582 4.605 4.628 4.650 4.673 4.695 4.715 4.735 4.756 4.776 4.796 4.825 4.854 4.883 4.913 4.912 4.970 5.000 5.029 5.058 5.087 5.116 5.122 5.125 5.129 5.132 5.136 5.139 5.143 5.146 5.150 5.150 5.157 5.160 5.163 5.167 5.194 5.231 5.268 5.304 5.341 5.378 5.414
3.719 3.718 3.820 3.921 4.022 4.124 4.225 3.801 4.394 4.391 4.388 4.385 4.382 4.379 4.376 4.374 4.380 4.380 4.392 4.398 4.403 4.409 4.415 4.425 4.439 4.453 4.467 4.482 4.496 4.510 4.524 4.538 4.553 4.552 4.593 4.615 4.638 4.660 4.682 4.705 4.725 4.745 4.766 4.786 4.815 4.844 4.873 4.903 4.932 4.931 4.990 5.019 5.048 5.077 5.106 5.135 5.146 5.149 5.153 5.156 5.160 5.164 5.167 5.171 5.174 5.174 5.181 5.184 5.188 5.191 5.215 5.251 5.288 5.324 5.361 5.398 5.434
3.725 3.725 3.826 3.927 4.028 4.130 4.231 4.332 4.407 4.404 4.401 4.398 4.395 4.392 4.395 4.400 4.406 4.406 4.418 4.424 4.429 4.435 4.441 4.451 4.465 4.479 4.494 4.508 4.522 4.536 4.550 4.565 4.579 4.578 4.607 4.625 4.647 4.670 4.692 4.715 4.735 4.755 4.776 4.805 4.834 4.864 4.893 4.922 4.951 4.950 5.009 5.038 5.067 5.096 5.125 5.154 5.170 5.174 5.177 5.181 5.184 5.188 5.192 5.195 5.198 5.198 5.205 5.208 5.212 5.215 5.235 5.271 5.308 5.345 5.381 5.418 5.454
3.740 3.740 3.832 3.790 4.034 4.135 4.237 4.338 4.421 4.418 4.415 4.412 4.409 4.415 4.421 4.426 4.432 4.432 4.444 4.450 4.455 4.461 4.467 4.477 4.491 4.505 4.519 4.534 4.548 4.562 4.576 4.590 4.605 4.604 4.633 4.647 4.661 4.680 4.702 4.724 4.745 4.766 4.795 4.825 4.854 4.883 4.912 4.941 4.970 4.969 5.028 5.057 5.086 5.116 5.145 5.174 5.194 5.198 5.202 5.205 5.209 5.213 5.216 5.219 5.223 5.222 5.229 5.233 5.236 5.239 5.255 5.291 5.328 5.365 5.401 5.438 5.475
3.813 3.813 3.886 3.960 4.040 4.142 4.243 4.344 4.434 4.431 4.428 4.429 4.435 4.441 4.447 4.452 4.458 4.458 4.470 4.476 4.481 4.487 4.493 4.503 4.517 4.531 4.545 4.560 4.574 4.588 4.602 4.616 4.631 4.630 4.659 4.673 4.687 4.701 4.715 4.734 4.756 4.786 4.815 4.844 4.873 4.902 4.931 4.960 4.989 4.989 5.047 5.077 5.106 5.135 5.164 5.193 5.219 5.222 5.226 5.230 5.233 5.237 5.240 5.243 5.247 5.246 5.253 5.257 5.260 5.263 5.275 5.311 5.348 5.385 5.422 5.458 5.495
3.886 3.886 3.960 4.033 4.106 4.180 4.253 4.350 4.447 4.444 4.449 4.455 4.461 4.467 4.473 4.478 4.484 4.484 4.496 4.502 4.507 4.513 4.519 4.529 4.543 4.557 4.571 4.586 4.600 4.614 4.628 4.642 4.656 4.656 4.685 4.699 4.713 4.727 4.741 4.752 4.770 4.802 4.833 4.863 4.892 4.921 4.950 4.979 5.008 5.008 5.067 5.096 5.125 5.154 5.183 5.212 5.241 5.247 5.250 5.254 5.258 5.261 5.264 5.267 5.271 5.271 5.278 5.281 5.284 5.287 5.295 5.332 5.368 5.405 5.442 5.478 5.515
3.960 3.959 4.033 4.106 4.180 4.253 4.326 4.400 4.463 4.469 4.475 4.481 4.487 4.493 4.499 4.504 4.510 4.510 4.522 4.528 4.533 4.539 4.545 4.555 4.569 4.583 4.597 4.611 4.626 4.640 4.654 4.668 4.682 4.682 4.711 4.725 4.739 4.751 4.760 4.770 4.780 4.805 4.837 4.868 4.900 4.932 4.963 4.995 5.027 5.026 5.086 5.115 5.144 5.173 5.202 5.232 5.261 5.271 5.275 5.278 5.282 5.285 5.288 5.292 5.295 5.295 5.302 5.305 5.308 5.312 5.315 5.352 5.388 5.425 5.462 5.498 5.535
4.033 4.032 4.106 4.179 4.253 4.326 4.400 4.449 4.490 4.497 4.502 4.507 4.513 4.519 4.525 4.530 4.536 4.536 4.548 4.554 4.559 4.565 4.571 4.580 4.595 4.609 4.623 4.637 4.651 4.666 4.680 4.694 4.708 4.708 4.737 4.749 4.759 4.768 4.778 4.788 4.798 4.809 4.840 4.872 4.904 4.935 4.967 4.999 5.030 5.030 5.094 5.125 5.157 5.189 5.221 5.251 5.280 5.296 5.299 5.302 5.306 5.309 5.312 5.316 5.319 5.319 5.326 5.329 5.333 5.336 5.339 5.372 5.409 5.445 5.482 5.518 5.555
4.106 4.106 4.179 4.252 4.326 4.394 4.435 4.476 4.518 4.524 4.529 4.534 4.539 4.545 4.551 4.556 4.562 4.562 4.574 4.580 4.585 4.591 4.597 4.606 4.621 4.635 4.649 4.663 4.677 4.692 4.706 4.720 4.734 4.734 4.757 4.767 4.776 4.786 4.796 4.805 4.815 4.826 4.844 4.876 4.907 4.939 4.971 5.002 5.034 5.034 5.097 5.129 5.161 5.193 5.224 5.256 5.289 5.318 5.323 5.327 5.330 5.333 5.337 5.340 5.343 5.343 5.350 5.353 5.357 5.360 5.363 5.392 5.429 5.465 5.502 5.538 5.575
4.179 4.179 4.252 4.326 4.380 4.421 4.463 4.504 4.545 4.552 4.557 4.562 4.567 4.572 4.577 4.582 4.588 4.588 4.599 4.605 4.611 4.617 4.622 4.632 4.646 4.661 4.675 4.689 4.703 4.718 4.732 4.745 4.755 4.755 4.775 4.784 4.794 4.804 4.813 4.823 4.833 4.843 4.854 4.879 4.911 4.943 4.974 5.006 5.038 5.037 5.101 5.133 5.165 5.196 5.228 5.260 5.302 5.338 5.343 5.348 5.353 5.357 5.361 5.364 5.368 5.367 5.374 5.378 5.381 5.384 5.388 5.412 5.449 5.486 5.522 5.559 5.591
4.252 4.252 4.325 4.366 4.408 4.449 4.490 4.531 4.572 4.580 4.585 4.590 4.594 4.599 4.604 4.609 4.614 4.614 4.625 4.631 4.637 4.643 4.648 4.658 4.672 4.686 4.701 4.715 4.729 4.743 4.753 4.763 4.773 4.772 4.792 4.802 4.812 4.821 4.831 4.841 4.851 4.861 4.871 4.883 4.915 4.946 4.978 5.010 5.041 5.041 5.105 5.137 5.168 5.200 5.232 5.273 5.315 5.357 5.363 5.368 5.373 5.378 5.382 5.387 5.392 5.391 5.398 5.402 5.405 5.408 5.412 5.432 5.469 5.506 5.542 5.572 5.599
4.312 4.311 4.353 4.394 4.435 4.476 4.517 4.558 4.599 4.608 4.613 4.617 4.622 4.627 4.632 4.637 4.642 4.642 4.651 4.657 4.663 4.669 4.674 4.684 4.698 4.712 4.727 4.741 4.751 4.761 4.771 4.781 4.790 4.790 4.810 4.820 4.829 4.839 4.848 4.859 4.869 4.879 4.889 4.899 4.918 4.950 4.982 5.013 5.045 5.045 5.108 5.140 5.172 5.204 5.243 5.286 5.328 5.370 5.383 5.388 5.393 5.398 5.402 5.407 5.412 5.412 5.422 5.426 5.429 5.433 5.436 5.452 5.489 5.525 5.552 5.579 5.606
4.311 4.311 4.352 4.393 4.434 4.475 4.516 4.557 4.598 4.607 4.612 4.617 4.621 4.626 4.631 4.636 4.641 4.641 4.650 4.656 4.662 4.668 4.673 4.683 4.697 4.711 4.726 4.740 4.750 4.760 4.770 4.780 4.789 4.789 4.809 4.818 4.828 4.838 4.847 4.857 4.868 4.878 4.888 4.898 4.917 4.949 4.981 5.012 5.044 5.044 5.108 5.140 5.171 5.203 5.243 5.285 5.327 5.370 5.382 5.387 5.392 5.397 5.402 5.407 5.411 5.411 5.421 5.425 5.428 5.432 5.435 5.452 5.488 5.524 5.551 5.578 5.605
4.338 4.338 4.379 4.420 4.461 4.502 4.543 4.585 4.626 4.635 4.640 4.644 4.649 4.654 4.659 4.664 4.668 4.668 4.678 4.683 4.688 4.693 4.699 4.709 4.723 4.737 4.748 4.758 4.768 4.778 4.787 4.797 4.807 4.807 4.826 4.836 4.846 4.855 4.865 4.875 4.885 4.895 4.906 4.916 4.926 4.953 4.984 5.016 5.048 5.047 5.111 5.143 5.175 5.213 5.256 5.298 5.340 5.383 5.402 5.407 5.412 5.417 5.422 5.427 5.431 5.431 5.441 5.446 5.451 5.456 5.459 5.472 5.505 5.531 5.558 5.585 5.612
