includes/camargue/floodfiles/results_R4_t1.562344205135E12/res.totaltm
ncols         906
nrows         631
xllcorner     362177.146667
yllcorner     6534725.688020
cellsize      20.000000
NODATA_value  -9999.000000
[rows 340 to 373 of 631, columns 693 to 769 of 906]
11.228 11.219 11.201 11.219 11.209 11.198 2.147 0.381 0.381 1.203 0.395 0.000 0.000 0.000 10.921 0.362 1.152 1.096 0.305 1.733 2.844 1.927 0.373 0.000 0.000 10.737 10.762 10.748 10.750 10.735 10.710 10.698 0.000 0.000 0.000 0.000 0.000 10.528 10.680 10.711 10.728 0.000 10.724 10.740 0.297 0.324 10.747 0.000 10.700 10.762 10.769 10.798 10.845 10.852 10.858 10.797 10.837 10.830 10.853 10.844 10.836 10.811 10.814 10.809 10.804 10.789 10.776 10.769 10.761 10.750 10.743 10.730 0.000 0.000 10.694 10.750 10.795
11.237 11.197 11.222 11.227 11.223 11.228 11.216 11.190 11.189 11.207 11.221 0.506 10.982 0.945 11.064 0.000 0.775 0.329 0.629 10.762 0.401 1.906 0.378 10.724 10.745 10.760 10.772 10.761 10.767 10.782 10.769 10.751 1.020 0.329 0.000 0.000 0.000 0.000 0.000 10.719 10.739 6.715 0.000 3.012 0.000 2.003 4.337 10.754 10.745 7.273 2.673 8.133 10.802 10.818 10.886 10.899 10.845 10.840 10.859 10.853 10.845 10.835 10.830 10.810 10.805 10.781 10.776 10.769 10.762 10.756 10.751 10.737 0.000 0.000 10.646 10.678 10.651
11.239 11.237 11.234 11.242 11.239 11.232 11.219 11.228 11.224 11.247 11.237 1.303 0.682 11.087 8.091 3.262 0.228 4.610 2.141 1.104 3.221 10.937 0.427 0.000 0.000 0.000 2.677 0.161 0.000 2.732 0.000 0.000 1.009 2.616 0.561 0.000 0.943 0.000 0.000 0.000 0.000 3.324 10.825 10.811 1.704 2.276 10.812 5.397 5.301 10.846 10.900 10.912 10.898 10.894 10.902 10.907 10.901 10.892 10.865 10.861 10.843 10.849 10.789 10.805 10.790 10.787 10.780 10.776 10.771 10.762 10.749 10.727 10.702 10.691 10.684 0.000 10.874
11.270 11.242 11.239 11.248 11.250 11.255 11.252 11.239 11.235 11.265 11.260 8.363 0.266 11.163 0.000 10.974 11.049 11.040 11.016 10.946 11.020 11.022 10.939 7.660 7.854 2.692 2.399 10.892 10.981 4.359 10.872 10.396 10.972 10.923 10.934 10.993 10.946 10.914 10.920 0.000 0.000 10.839 10.987 11.029 10.996 10.990 10.825 2.046 10.873 10.932 10.910 10.931 10.929 10.911 10.924 10.914 10.888 10.887 10.879 10.869 10.871 10.856 10.840 10.808 10.801 10.802 10.791 10.780 10.774 10.769 10.728 10.753 6.362 6.360 10.667 0.000 10.902
11.276 0.000 11.249 11.253 11.255 11.263 11.271 11.284 11.284 11.276 11.269 11.185 11.178 11.172 11.092 0.000 11.065 11.059 11.080 11.088 11.112 11.107 11.105 11.099 11.097 11.085 11.074 11.138 11.138 11.133 11.134 11.139 11.128 11.134 11.120 11.123 11.111 11.070 11.100 11.026 11.016 10.962 11.054 11.036 11.033 11.033 11.030 11.023 10.890 10.960 10.956 10.942 10.963 10.930 10.942 10.928 10.906 10.903 10.795 10.887 10.878 10.871 10.853 10.820 10.815 10.813 10.806 10.800 10.767 10.711 10.748 10.759 10.737 10.728 0.000 10.639 10.923
11.303 4.465 0.000 11.318 11.297 0.000 11.284 11.289 11.289 11.285 11.258 0.285 11.173 0.000 11.087 11.083 11.078 11.075 11.087 11.111 11.128 11.119 11.111 11.118 11.124 11.126 11.092 11.155 11.148 11.160 11.155 11.158 11.155 11.148 11.142 11.135 11.119 11.125 11.109 11.097 11.087 11.078 11.062 11.057 11.051 11.045 11.036 11.031 10.921 10.968 10.964 10.974 10.976 10.938 10.970 10.937 10.922 10.916 10.810 10.899 10.888 10.879 10.856 10.833 10.801 10.820 10.812 10.799 10.794 10.789 10.756 10.772 0.000 0.000 10.697 10.650 10.637
11.313 11.331 11.318 11.327 11.306 11.268 0.000 11.350 11.349 0.000 0.391 0.634 11.096 11.092 0.241 11.078 11.074 11.077 11.097 11.107 11.141 11.127 11.125 11.129 11.135 11.136 11.144 11.161 11.167 11.171 11.171 11.165 11.168 11.163 11.152 11.150 11.134 11.131 11.108 11.103 11.096 11.090 11.077 11.067 11.063 11.046 11.038 11.033 10.976 10.995 10.972 10.984 10.990 10.971 10.981 10.955 10.944 10.942 10.938 10.907 10.903 10.874 10.874 10.849 10.841 10.826 10.821 10.806 10.803 10.798 10.790 10.777 0.000 0.000 10.721 10.653 10.642
11.331 11.344 11.330 11.339 11.322 11.280 0.000 11.358 11.358 0.000 0.413 0.564 11.090 11.088 0.288 11.071 11.083 11.083 11.102 11.111 11.146 11.131 11.136 11.144 11.151 11.147 11.154 11.169 11.178 11.179 11.179 11.171 11.179 11.172 11.158 11.157 11.143 11.138 11.109 11.103 11.096 11.091 11.079 11.068 11.064 11.049 11.043 11.040 10.975 11.009 10.982 10.995 10.999 10.988 10.993 10.970 10.953 10.950 10.946 10.908 10.915 10.876 10.888 10.854 10.848 10.831 10.824 10.810 10.812 10.807 10.795 10.776 0.000 0.000 10.733 10.661 10.655
11.358 11.379 11.340 11.346 11.340 11.343 11.357 11.363 11.363 11.285 0.439 11.286 0.534 6.039 0.000 11.059 11.093 11.106 11.106 11.117 11.156 11.136 11.146 11.156 11.164 11.113 11.098 11.188 11.189 11.192 11.186 11.181 11.194 11.176 11.170 11.164 11.154 11.146 11.123 11.117 11.113 11.090 11.084 11.069 11.068 11.058 11.056 11.060 10.993 11.018 10.988 11.008 11.015 11.017 11.000 10.992 10.979 10.965 10.952 10.928 10.923 10.914 10.897 10.888 10.875 10.848 10.842 10.829 10.822 10.814 10.795 10.791 10.783 10.770 10.741 10.720 10.707
11.376 11.394 11.354 11.391 11.334 11.346 11.349 11.367 11.366 11.363 11.323 11.320 2.000 11.152 2.029 11.092 11.101 11.119 11.103 11.111 11.167 11.150 11.156 11.167 11.176 11.161 11.172 11.195 11.207 11.200 11.195 11.188 11.207 11.191 11.179 11.167 11.163 11.155 11.133 11.123 11.118 11.091 11.084 11.079 11.077 11.077 11.064 11.084 10.994 11.036 11.042 11.040 11.054 11.051 10.990 10.988 10.984 10.979 10.972 10.937 10.929 10.923 10.914 10.887 10.863 10.842 10.844 10.836 10.827 2.550 10.791 0.000 10.772 10.762 10.735 10.725 10.709
11.418 11.421 11.404 11.405 11.371 11.373 11.397 11.398 11.390 5.890 11.237 11.317 11.262 3.644 0.000 11.095 11.124 11.131 11.146 11.138 11.183 11.171 11.168 11.175 11.185 11.077 11.201 11.206 11.221 11.204 11.205 11.195 11.220 11.203 11.197 11.179 11.184 11.155 11.145 11.137 11.133 11.116 11.091 11.092 11.085 11.090 11.071 11.102 11.013 11.062 11.063 11.060 11.070 11.062 11.004 11.003 10.997 10.991 10.990 10.970 10.961 10.925 10.917 10.901 10.883 10.865 10.855 10.851 2.889 10.757 10.760 10.757 10.745 10.742 10.728 10.720 10.697
11.431 11.429 11.423 11.416 11.421 11.404 11.413 11.406 11.398 5.231 1.390 11.366 1.422 0.415 0.257 2.613 11.134 11.150 11.155 11.153 11.189 11.183 11.169 11.190 11.200 11.206 11.221 11.224 11.230 11.222 11.217 11.206 11.230 11.217 11.212 11.170 11.193 11.183 11.151 11.145 11.140 11.125 11.120 11.112 11.089 11.129 11.123 11.116 11.023 11.070 11.080 11.082 11.081 11.071 11.016 11.016 11.008 11.001 10.996 10.988 10.920 10.918 10.907 10.906 10.880 10.871 0.000 10.839 0.000 10.745 10.751 10.728 10.727 10.727 10.702 10.692 10.673
11.439 11.440 11.429 11.423 11.427 11.411 11.415 11.412 11.405 11.315 0.553 11.402 0.437 0.309 11.177 0.000 11.029 11.160 11.169 11.180 11.195 11.192 11.184 11.167 11.166 11.192 11.241 11.237 11.267 11.210 11.235 11.231 11.239 11.231 11.226 11.139 11.200 11.196 11.167 11.163 11.152 11.148 11.132 11.121 11.131 11.143 11.132 11.141 11.006 11.106 11.092 11.091 11.089 11.055 11.057 11.034 11.033 11.024 11.017 11.005 10.871 10.926 10.939 10.915 10.913 10.868 0.000 0.000 10.732 10.739 10.703 10.602 10.592 10.585 10.689 10.681 10.644
11.509 11.449 11.442 11.436 11.448 11.435 11.440 11.408 11.400 11.342 0.240 11.406 4.953 0.000 11.370 11.170 0.000 11.168 11.177 11.192 11.202 11.199 11.162 11.192 11.203 11.230 11.256 11.239 11.282 11.217 11.246 11.260 11.258 11.244 11.253 11.181 11.224 11.207 11.191 11.176 11.161 11.158 11.149 11.169 11.143 11.163 11.165 11.156 11.114 11.117 11.100 11.102 11.108 11.086 11.068 11.059 11.041 11.031 11.023 11.013 10.981 10.963 10.948 10.937 10.921 10.867 0.000 0.000 10.725 10.732 10.646 10.624 10.606 10.577 10.675 10.653 10.632
11.515 2.229 4.782 11.535 11.523 11.494 11.445 11.414 11.409 2.351 0.342 11.429 1.336 0.261 11.387 11.371 11.178 0.000 11.184 11.200 11.209 11.221 11.167 11.201 11.202 11.235 11.274 11.280 11.291 11.276 11.267 11.267 11.269 11.267 11.273 11.190 11.232 11.231 11.197 11.188 11.177 11.167 11.147 11.180 11.161 11.176 11.187 11.173 11.139 11.128 11.133 11.124 11.117 11.087 11.088 11.077 11.057 11.047 11.036 11.021 10.987 10.979 10.969 10.942 10.930 10.913 0.000 0.000 10.704 10.699 10.614 10.611 10.595 10.605 10.657 10.641 10.618
11.524 11.534 11.537 11.547 11.535 11.508 11.448 11.436 11.429 0.755 0.367 11.433 2.363 11.482 11.396 11.385 11.371 11.215 0.000 11.161 11.220 11.228 11.214 11.209 11.206 11.242 11.280 11.289 11.299 11.286 11.279 11.289 11.279 11.285 11.289 11.183 11.243 11.251 11.241 11.197 11.189 11.229 11.040 11.191 11.211 11.203 11.197 11.178 11.135 11.158 11.142 11.134 11.135 11.111 11.100 11.090 11.065 11.055 11.045 11.036 11.005 10.949 10.940 10.917 10.911 10.886 4.662 10.682 10.696 10.665 10.655 10.619 10.609 10.604 10.616 10.615 10.587
0.652 11.549 11.553 11.603 11.548 11.523 11.463 11.446 11.439 0.634 0.612 11.439 11.484 11.489 11.447 11.317 11.362 11.354 11.256 0.000 11.228 11.236 11.239 11.233 11.228 11.267 11.286 11.294 11.307 11.315 11.318 11.300 11.294 11.295 11.296 11.185 11.257 11.266 11.248 11.242 11.232 11.238 11.158 11.219 11.229 11.214 11.205 11.192 11.169 11.171 11.158 11.153 11.151 11.121 11.100 11.091 11.077 11.059 11.038 11.031 11.016 10.843 10.932 10.907 10.894 0.000 10.682 0.000 10.668 10.756 10.670 10.623 10.523 10.522 10.359 10.588 10.555
11.615 11.633 11.656 11.639 11.612 11.524 11.504 11.506 11.490 0.000 11.494 11.427 1.294 11.497 11.408 11.444 11.429 11.309 11.302 11.251 11.235 11.242 11.246 11.240 11.239 11.268 11.297 11.298 11.314 11.323 11.328 11.314 11.303 11.318 11.316 11.275 11.290 11.279 11.262 11.207 11.206 11.254 11.219 11.243 11.257 11.235 11.212 11.183 11.198 11.186 11.183 11.174 11.158 11.128 11.105 11.102 11.065 11.060 11.047 11.034 11.027 10.853 10.906 5.394 0.000 0.000 0.000 10.674 10.627 10.782 10.690 10.629 10.607 10.592 10.485 10.571 0.000
11.654 5.121 11.674 11.659 11.641 11.591 11.550 11.536 11.517 2.987 11.504 11.430 0.000 11.508 11.489 11.455 11.415 11.396 11.304 11.310 11.274 11.270 11.268 11.275 11.284 11.299 11.307 11.312 11.329 11.337 11.346 11.325 11.328 11.332 11.333 11.294 11.301 11.291 11.272 11.294 11.299 11.299 11.260 11.253 11.267 11.247 11.222 11.213 11.222 11.200 11.213 11.166 11.158 11.142 11.119 11.110 11.101 11.089 11.062 11.045 11.035 11.008 10.801 0.000 0.000 0.000 10.699 10.799 10.620 10.875 10.745 10.653 10.606 10.582 10.544 0.000 0.000
11.687 11.703 11.687 11.595 8.821 11.520 7.949 5.223 5.214 11.621 11.508 11.441 0.000 11.513 11.432 11.443 11.388 11.376 11.361 11.317 11.311 11.270 11.221 11.243 11.241 11.310 11.318 11.315 11.339 11.341 11.360 11.347 11.339 11.341 11.340 11.321 11.323 11.314 11.313 11.325 11.324 11.322 11.254 11.294 11.304 11.284 11.237 11.259 11.239 11.236 11.224 11.184 11.160 11.151 11.129 11.118 11.107 11.094 11.082 11.048 11.041 11.016 10.983 0.000 0.000 10.574 10.685 10.836 10.870 10.910 10.761 10.691 10.388 10.389 0.000 0.000 0.000
11.646 11.713 11.712 11.716 11.679 11.664 11.660 11.651 11.637 11.629 3.267 11.497 11.528 11.566 11.321 11.420 11.405 11.329 11.320 11.314 11.286 11.264 0.446 0.000 0.000 11.317 11.329 11.339 11.348 11.356 11.374 11.363 11.363 11.366 11.354 11.361 11.353 11.316 11.240 11.336 11.335 11.337 11.302 11.308 11.319 11.306 11.269 11.269 11.265 11.249 11.238 11.213 11.184 11.170 11.129 11.113 11.102 11.088 11.077 11.040 11.029 11.017 10.862 0.000 0.000 10.330 10.702 10.738 10.415 10.950 10.847 10.857 10.515 10.484 0.000 0.000 0.000
11.777 11.738 11.749 11.745 11.745 11.725 11.704 0.000 0.000 2.853 2.850 2.126 11.655 11.606 11.407 11.434 11.419 11.398 11.304 11.305 11.330 0.136 11.299 11.152 11.149 11.318 11.329 11.339 11.361 11.361 11.383 11.381 11.385 11.381 11.370 11.375 11.365 11.354 11.270 11.369 11.368 11.354 11.313 11.336 11.332 11.326 11.284 11.290 11.274 11.262 11.247 11.230 11.174 11.167 11.141 11.107 11.099 11.087 11.078 11.038 11.029 11.017 0.000 10.314 10.371 10.325 10.648 10.329 2.290 10.987 10.924 10.895 0.000 0.000 0.000 0.000 1.763
11.797 11.803 11.783 11.773 11.782 11.736 11.719 0.480 0.438 11.731 7.339 1.261 11.682 11.660 11.555 11.538 11.380 11.406 11.394 11.301 11.337 0.000 11.329 11.317 11.311 0.000 11.206 11.298 11.377 11.403 11.395 11.408 11.417 11.397 11.375 11.389 11.389 11.328 11.284 11.409 11.404 11.371 11.349 11.367 11.354 11.346 11.336 11.318 11.280 11.269 11.255 11.223 11.211 11.195 11.180 11.128 11.106 11.095 11.083 11.069 11.036 0.000 0.000 10.531 10.516 10.390 10.479 10.450 10.364 11.027 10.835 3.194 0.000 0.000 0.000 3.855 5.607
11.811 11.823 11.805 11.787 11.794 11.762 11.745 0.377 0.354 11.784 7.110 1.253 11.727 11.710 11.572 11.557 11.382 11.431 11.415 11.316 11.347 0.000 11.336 11.323 11.316 0.000 11.223 11.306 11.391 11.417 11.406 11.421 11.431 11.413 11.387 11.398 11.411 11.363 11.312 11.423 11.416 11.378 11.363 11.379 11.365 11.357 11.347 11.323 11.281 11.270 11.255 11.223 11.210 11.195 11.181 11.128 11.105 11.094 11.085 11.070 11.032 0.000 0.000 10.571 10.543 10.391 10.461 10.433 10.356 11.061 10.895 4.268 0.000 0.000 0.000 3.451 5.276
11.817 11.886 11.795 11.799 11.831 11.684 0.000 11.868 11.846 11.809 11.777 11.736 11.751 11.742 11.723 11.532 11.437 11.447 11.373 11.458 11.354 0.000 11.341 11.247 11.247 11.240 11.239 0.000 11.416 11.425 11.409 11.431 11.439 11.422 11.397 11.414 11.427 11.385 11.409 11.431 11.423 11.389 11.377 11.388 11.375 11.362 11.354 11.287 11.278 11.267 11.255 11.238 11.222 11.186 11.179 11.124 10.895 10.884 0.000 10.805 10.786 10.760 10.660 10.614 10.559 3.419 10.425 10.359 11.234 11.280 0.359 0.904 0.000 0.000 4.009 5.561 6.809
11.886 11.904 11.814 11.864 11.845 11.904 5.851 11.906 11.881 2.971 1.454 2.733 11.774 11.773 11.745 11.718 11.551 11.525 11.509 11.470 11.460 0.396 11.354 11.237 11.232 11.343 11.501 11.337 0.480 11.491 11.425 11.430 11.460 11.449 11.426 11.429 11.439 11.436 11.425 11.446 11.438 11.424 11.417 11.409 11.391 11.367 11.358 11.204 11.253 11.256 11.238 11.204 11.194 11.182 0.000 3.258 0.000 0.000 0.000 0.000 10.770 10.740 10.715 10.693 0.000 5.653 0.000 10.926 11.272 11.308 1.494 0.000 4.753 4.451 5.920 7.133 7.290
11.847 11.921 11.905 11.876 1.534 1.742 12.618 2.751 2.756 3.894 3.402 2.500 7.133 11.793 3.928 11.583 11.553 11.545 11.352 11.459 0.577 11.376 11.370 11.300 11.314 11.509 11.520 11.527 11.518 11.502 11.394 0.000 11.511 11.469 11.444 11.442 11.449 11.495 11.465 11.459 11.451 11.444 11.437 11.410 11.312 11.263 11.342 0.000 10.819 10.810 0.000 0.000 1.411 10.844 10.805 10.791 10.777 10.752 0.000 10.694 10.668 10.674 10.671 10.575 10.538 10.524 10.445 10.318 0.000 0.000 0.938 5.165 7.787 7.273 7.755 7.661 9.199
11.938 11.996 11.915 1.919 0.275 12.727 12.703 12.690 12.663 12.636 6.211 5.637 11.885 11.819 3.728 1.618 11.536 11.521 11.509 11.459 0.000 11.382 11.376 11.328 11.328 11.510 11.519 11.544 11.357 11.535 11.509 11.509 11.523 11.493 0.560 0.000 11.491 11.516 11.493 11.451 11.440 11.426 11.413 11.189 0.000 10.832 10.849 0.000 1.424 10.789 10.221 0.000 0.000 0.000 10.793 0.000 0.000 0.000 10.786 10.750 10.740 10.690 10.645 10.623 0.000 10.449 10.372 0.000 0.000 2.924 5.273 6.800 7.975 7.943 7.275 13.608 8.436
11.999 12.012 11.934 2.350 11.881 12.751 3.793 1.887 1.880 4.376 2.318 11.895 2.422 11.806 6.880 2.757 3.382 11.535 11.516 11.497 0.000 11.394 11.288 11.409 11.422 11.496 11.333 11.551 11.412 11.544 11.512 11.515 11.533 11.548 11.558 11.560 11.542 11.534 11.430 0.239 0.293 0.000 0.000 0.000 10.761 0.000 0.475 0.000 0.000 1.842 10.738 10.696 10.677 0.000 10.886 10.907 10.880 10.849 10.835 10.760 10.682 10.639 9.380 10.552 10.513 10.470 0.000 0.000 3.508 5.401 6.739 7.446 10.988 8.282 13.601 7.436 7.925
11.959 12.131 12.147 0.465 12.828 4.113 0.262 11.822 11.847 3.332 0.774 11.746 11.736 11.648 1.728 2.019 2.538 10.755 0.000 11.464 11.354 11.409 11.334 11.441 11.455 11.530 11.356 11.579 11.420 11.552 11.529 11.541 11.549 11.562 11.577 11.570 11.560 11.523 0.000 11.327 11.328 0.000 0.000 0.000 0.250 0.000 2.717 0.351 0.000 0.000 0.000 10.685 10.656 3.925 0.000 10.925 10.911 10.890 10.724 10.584 2.507 10.643 10.595 10.546 10.524 0.000 0.000 4.339 5.873 6.737 7.195 7.227 7.380 7.312 8.934 9.424 7.792
8.268 12.151 12.167 12.889 12.883 1.691 2.868 11.753 11.755 2.366 11.755 11.756 11.722 1.820 11.558 1.769 11.471 3.408 11.370 5.143 0.000 11.415 11.484 11.507 11.527 11.541 11.550 11.590 11.599 11.590 11.403 11.545 11.554 11.574 11.585 11.576 0.295 11.641 11.567 11.606 11.602 1.723 0.339 3.738 11.604 11.598 11.592 11.571 0.000 10.917 1.589 0.000 0.000 10.833 10.956 10.939 10.927 10.906 10.796 10.740 10.710 10.690 0.459 0.000 0.000 0.000 4.508 6.208 7.424 7.185 7.462 13.602 7.944 7.691 8.374 13.632 9.875
12.128 12.158 0.391 12.898 4.157 3.113 1.674 11.732 11.705 11.766 11.771 11.766 11.760 11.735 3.074 1.695 11.560 11.540 3.977 11.518 11.508 11.411 11.468 11.500 11.521 11.521 8.386 11.592 11.606 2.457 0.665 0.000 0.440 3.112 11.593 5.059 11.639 11.651 11.493 11.614 11.610 11.615 11.626 11.620 11.609 11.596 11.552 0.000 2.190 5.869 0.000 11.092 11.070 11.053 10.984 10.944 10.909 10.881 10.852 10.817 10.735 10.656 0.000 0.000 0.000 5.077 6.532 6.997 7.535 7.896 8.302 7.712 8.182 8.431 13.632 7.801 7.543
12.171 12.189 12.914 12.905 2.783 4.920 3.314 2.057 1.880 8.586 11.800 11.791 11.768 11.739 11.702 11.646 2.541 8.122 11.538 11.525 11.501 9.881 3.390 1.007 1.003 11.678 7.397 1.708 11.642 11.728 11.732 11.640 11.624 11.697 11.710 11.697 0.000 8.264 3.057 11.655 11.647 11.644 11.640 11.624 11.614 11.458 11.366 6.631 11.263 11.237 11.209 11.115 2.020 0.800 9.418 7.862 10.913 10.886 10.858 10.821 10.605 0.000 0.000 1.452 5.198 6.867 7.157 7.439 7.189 7.435 8.531 8.627 13.642 13.645 8.232 7.624 9.102
12.098 0.782 12.924 4.037 1.412 12.121 11.963 3.126 3.250 11.817 11.809 11.795 11.783 11.769 7.089 11.630 5.283 11.572 11.546 1.648 0.385 11.341 2.996 1.059 1.059 4.856 11.736 11.722 0.859 11.740 11.747 1.234 1.774 0.109 11.741 3.930 5.486 5.436 11.673 11.664 11.655 11.656 11.649 11.630 2.599 11.433 10.950 11.305 11.285 11.253 11.149 11.113 11.077 11.035 11.019 10.993 10.931 10.906 10.754 3.224 0.000 0.000 2.131 5.348 7.717 7.194 7.378 7.536 7.627 7.622 7.850 7.573 13.649 13.653 8.688 13.668 13.682
