includes/lisflood/camargue/results_R4_t1.561741501247E12/res-0001.wd
ncols         906
nrows         631
xllcorner     362177.146667
yllcorner     6534725.688020
cellsize      20.000000
NODATA_value  -9999.000000
[rows 510 to 543 of 631, columns 385 to 461 of 906]
0.301 0.301 0.212 0.000 0.005 0.000 0.000 0.086 0.000 0.000 0.000 0.000 0.000 0.000 0.000 0.422 0.410 0.000 0.000 0.000 0.000 0.000 0.000 0.000 0.000 0.000 0.000 0.000 0.000 0.000 0.000 0.000 0.000 0.000 0.000 0.000 0.000 0.000 0.000 0.000 0.000 0.000 0.000 0.000 0.000 0.000 0.000 0.000 0.000 0.000 0.000 0.000 0.000 0.000 0.000 0.412 0.422 0.302 0.302 0.483 0.343 0.453 0.433 0.433 0.423 0.393 0.796 0.820 0.843 0.505 0.889 0.906 0.905 0.962 0.963 0.977 0.983
0.284 0.374 0.374 0.763 0.184 0.185 0.236 0.246 0.154 0.141 0.140 0.076 0.000 0.000 0.000 0.528 0.000 0.000 0.000 0.000 0.000 0.000 0.000 0.000 0.000 0.000 0.000 0.000 0.000 0.000 0.000 0.000 0.000 0.000 0.000 0.000 0.000 0.000 0.000 0.000 0.000 0.000 0.000 0.000 0.000 0.000 0.000 0.000 0.000 0.000 0.000 0.224 0.374 0.000 0.363 0.443 0.403 0.333 0.333 0.413 0.504 0.464 0.793 0.816 0.839 0.434 0.885 0.908 0.931 0.955 0.496 0.997 0.999 1.003 1.003 1.014 1.019
0.386 0.386 0.285 0.355 0.156 0.487 0.186 0.306 0.155 0.132 0.132 0.152 0.000 0.000 0.000 0.581 0.000 0.000 0.000 0.000 0.000 0.000 0.000 0.000 0.000 0.000 0.000 0.000 0.000 0.000 0.000 0.000 0.000 0.000 0.000 0.000 0.000 0.000 0.000 0.000 0.000 0.000 0.000 0.000 0.000 0.000 0.000 0.000 0.000 0.000 0.314 0.000 0.435 0.505 0.414 0.444 0.403 0.393 0.394 0.394 0.792 0.815 0.838 0.505 0.415 0.907 0.930 0.953 0.976 0.999 1.016 1.019 1.021 1.023 1.024 1.035 1.040
0.527 0.527 0.357 0.397 0.807 0.782 0.327 0.337 0.237 0.165 0.165 0.195 0.000 0.000 0.644 0.634 0.000 0.000 0.000 0.000 0.000 0.000 0.000 0.000 0.000 0.000 0.000 0.000 0.000 0.000 0.000 0.000 0.000 0.000 0.000 0.000 0.000 0.000 0.000 0.000 0.000 0.000 0.000 0.000 0.000 0.000 0.000 0.000 0.237 0.486 0.374 0.442 0.477 0.466 0.505 0.454 0.454 0.334 0.335 0.814 0.837 0.486 0.506 0.906 0.426 0.952 0.975 0.998 1.021 1.035 1.038 1.040 1.042 1.045 1.045 1.055 1.061
0.878 0.518 0.428 0.498 0.468 0.458 0.368 0.358 0.518 0.258 0.258 0.228 0.090 0.000 0.697 0.000 0.000 0.000 0.000 0.000 0.000 0.000 0.000 0.000 0.000 0.000 0.000 0.000 0.000 0.000 0.000 0.000 0.000 0.000 0.000 0.000 0.000 0.000 0.000 0.000 0.000 0.000 0.000 0.000 0.000 0.000 0.000 0.360 0.399 0.377 0.000 0.483 0.000 0.062 0.425 0.455 0.495 0.466 0.466 0.859 0.507 0.905 0.928 0.507 0.974 0.507 1.019 1.042 1.055 1.057 1.059 1.062 1.064 1.066 1.067 1.076 1.082
0.909 0.519 0.896 0.889 0.448 0.850 0.339 0.489 0.439 0.279 0.279 0.180 0.190 0.088 0.748 0.000 0.000 0.000 0.000 0.000 0.000 0.000 0.000 0.000 0.000 0.000 0.000 0.000 0.000 0.000 0.000 0.000 0.000 0.000 0.000 0.000 0.000 0.000 0.000 0.000 0.000 0.000 0.000 0.000 0.000 0.165 0.326 0.000 0.511 0.000 0.000 0.000 0.000 0.097 0.455 0.495 0.436 0.723 0.723 0.904 0.927 0.950 0.973 0.996 1.018 1.041 1.064 1.074 1.076 1.079 1.081 1.083 1.086 1.088 1.088 1.097 1.102
0.942 0.934 0.927 0.509 0.499 0.509 0.499 0.868 0.479 0.419 0.420 0.450 0.290 0.510 0.800 0.329 0.780 0.000 0.000 0.000 0.000 0.000 0.000 0.000 0.000 0.000 0.000 0.000 0.000 0.000 0.000 0.000 0.000 0.000 0.000 0.000 0.000 0.000 0.000 0.000 0.000 0.000 0.000 0.000 0.033 0.375 0.435 0.434 0.444 0.435 0.467 0.000 0.000 0.134 0.292 0.448 0.605 0.760 0.761 0.949 0.972 0.994 1.017 1.040 1.063 1.086 1.094 1.096 1.098 1.100 1.103 1.105 1.107 1.110 1.110 1.117 1.123
0.979 0.971 0.962 0.954 0.947 0.940 0.930 0.920 0.489 0.539 0.539 0.440 0.439 0.861 0.851 0.841 0.831 0.000 0.000 0.000 0.000 0.000 0.000 0.000 0.000 0.000 0.000 0.000 0.000 0.000 0.000 0.000 0.000 0.000 0.000 0.000 0.000 0.000 0.000 0.000 0.000 0.000 0.000 0.000 0.494 0.514 0.444 0.383 0.443 0.000 0.000 0.000 0.002 0.173 0.329 0.486 0.642 0.798 0.798 0.993 1.016 1.039 1.062 1.084 1.107 1.113 1.115 1.118 1.120 1.122 1.124 1.127 1.129 1.131 1.132 1.138 1.144
1.015 1.007 0.999 0.991 0.985 0.981 0.539 0.972 0.962 0.943 0.942 0.933 0.519 0.912 0.903 0.892 0.882 0.237 0.000 0.000 0.000 0.000 0.000 0.000 0.000 0.000 0.000 0.000 0.000 0.000 0.000 0.000 0.000 0.000 0.000 0.000 0.000 0.000 0.000 0.000 0.000 0.000 0.000 0.292 0.293 0.383 0.000 0.000 0.000 0.000 0.000 0.000 0.051 0.211 0.368 0.524 0.679 0.835 0.835 1.038 1.061 1.083 1.106 1.129 1.133 1.135 1.137 1.139 1.142 1.144 1.146 1.149 1.151 1.153 1.153 1.159 1.165
1.051 1.043 1.036 1.030 1.023 1.019 1.015 1.011 1.008 0.994 0.994 0.509 0.974 0.964 0.954 0.944 0.934 0.367 0.336 0.185 0.134 0.055 0.027 0.000 0.000 0.000 0.000 0.000 0.000 0.000 0.000 0.000 0.000 0.000 0.000 0.000 0.000 0.000 0.000 0.000 0.000 0.000 0.000 0.460 0.191 0.362 0.000 0.000 0.000 0.000 0.000 0.019 0.092 0.250 0.406 0.561 0.717 0.872 0.872 1.082 1.105 1.128 1.151 1.153 1.155 1.157 1.159 1.161 1.164 1.166 1.168 1.170 1.173 1.175 1.175 1.180 1.186
1.087 1.080 1.074 1.068 1.062 1.057 1.053 1.049 1.045 1.038 1.038 1.034 1.025 1.015 1.005 0.995 0.985 0.477 0.476 0.395 0.324 0.223 0.131 0.037 0.000 0.000 0.000 0.000 0.000 0.000 0.006 0.195 0.000 0.000 0.000 0.000 0.000 0.000 0.000 0.000 0.000 0.263 0.265 0.428 0.298 0.450 0.000 0.056 0.113 0.168 0.222 0.276 0.331 0.385 0.444 0.599 0.754 0.909 0.909 1.127 1.150 1.170 1.172 1.174 1.177 1.179 1.181 1.183 1.185 1.188 1.190 1.192 1.194 1.197 1.197 1.201 1.207
1.124 1.118 1.112 1.106 1.100 1.094 1.090 1.086 1.083 1.075 1.075 1.071 1.067 1.064 1.056 1.046 1.036 1.026 0.526 0.639 0.385 0.463 0.383 0.212 0.061 0.000 0.000 0.000 0.271 0.418 0.366 0.268 0.272 0.244 0.009 0.074 0.000 0.000 0.000 0.000 0.000 0.000 0.406 0.437 0.507 0.318 0.437 0.297 0.352 0.406 0.460 0.514 0.569 0.623 0.677 0.732 0.791 0.946 0.946 1.172 1.190 1.192 1.194 1.196 1.198 1.200 1.203 1.205 1.207 1.209 1.212 1.214 1.216 1.218 1.219 1.223 1.227
1.162 1.156 1.150 1.144 1.138 1.132 1.128 1.124 1.120 1.113 1.112 1.109 1.105 1.101 1.097 1.093 1.088 1.078 0.969 0.715 0.566 0.446 0.326 0.206 0.472 0.000 0.000 0.000 0.000 0.357 0.275 0.277 0.295 0.339 0.295 0.315 0.416 0.317 0.181 0.365 0.515 0.000 0.487 0.316 0.371 0.487 0.480 0.534 0.589 0.643 0.697 0.752 0.806 0.861 0.915 0.969 1.024 1.078 1.078 1.210 1.212 1.214 1.216 1.218 1.220 1.222 1.224 1.227 1.229 1.231 1.233 1.236 1.238 1.240 1.240 1.244 1.248
1.200 1.194 1.188 1.182 1.176 1.170 1.165 1.162 1.158 1.150 1.150 1.146 1.142 1.139 1.135 1.131 1.127 1.123 1.122 1.002 0.882 0.763 0.643 0.523 0.403 0.283 0.282 0.015 0.000 0.456 0.414 0.000 0.411 0.451 0.000 0.432 0.000 0.018 0.427 0.221 0.311 0.402 0.401 0.554 0.609 0.663 0.718 0.772 0.826 0.881 0.935 0.989 1.044 1.098 1.152 1.207 1.227 1.228 1.228 1.217 1.222 1.228 1.233 1.238 1.242 1.244 1.246 1.248 1.250 1.253 1.255 1.257 1.259 1.262 1.262 1.266 1.269
1.200 1.194 1.188 1.182 1.176 1.169 1.165 1.161 1.157 1.150 1.150 1.146 1.142 1.138 1.134 1.131 1.127 1.123 1.122 1.002 0.882 0.763 0.643 0.523 0.403 0.283 0.282 0.024 0.000 0.458 0.416 0.000 0.413 0.453 0.000 0.436 0.000 0.029 0.428 0.223 0.313 0.402 0.402 0.554 0.609 0.663 0.718 0.772 0.827 0.881 0.936 0.990 1.044 1.098 1.153 1.207 1.227 1.229 1.229 1.218 1.223 1.228 1.233 1.239 1.242 1.244 1.246 1.248 1.251 1.253 1.255 1.257 1.260 1.262 1.262 1.266 1.269
1.238 1.232 1.226 1.220 1.214 1.207 1.203 1.199 1.195 1.188 1.187 1.184 1.180 1.176 1.172 1.168 1.164 1.166 1.172 1.182 1.192 1.079 0.959 0.839 0.720 0.600 0.599 0.360 0.239 0.112 0.141 0.175 0.203 0.234 0.271 0.301 0.334 0.364 0.393 0.472 0.561 0.650 0.650 0.792 0.846 0.901 0.955 1.010 1.064 1.118 1.173 1.227 1.244 1.245 1.246 1.248 1.249 1.250 1.250 1.227 1.223 1.228 1.233 1.239 1.244 1.249 1.255 1.260 1.265 1.271 1.276 1.279 1.281 1.283 1.284 1.288 1.290
1.276 1.270 1.264 1.258 1.252 1.246 1.240 1.237 1.233 1.225 1.225 1.221 1.217 1.214 1.210 1.206 1.209 1.215 1.221 1.230 1.240 1.249 1.259 1.156 1.036 0.916 0.916 0.677 0.556 0.446 0.476 0.505 0.535 0.565 0.594 0.624 0.654 0.684 0.713 0.743 0.809 0.898 0.898 1.029 1.083 1.138 1.192 1.247 1.260 1.261 1.263 1.264 1.265 1.266 1.268 1.269 1.270 1.272 1.272 1.239 1.223 1.228 1.234 1.239 1.244 1.249 1.255 1.260 1.265 1.271 1.276 1.282 1.288 1.293 1.293 1.304 1.310
1.353 1.346 1.340 1.334 1.328 1.322 1.316 1.312 1.308 1.301 1.300 1.296 1.293 1.289 1.295 1.301 1.307 1.313 1.319 1.326 1.336 1.345 1.355 1.365 1.374 1.384 1.384 1.310 1.190 1.085 1.115 1.144 1.174 1.204 1.234 1.263 1.293 1.323 1.336 1.324 1.312 1.300 1.299 1.296 1.297 1.299 1.300 1.301 1.303 1.304 1.305 1.306 1.308 1.309 1.310 1.312 1.313 1.298 1.297 1.263 1.246 1.228 1.233 1.238 1.244 1.249 1.254 1.260 1.265 1.270 1.276 1.282 1.287 1.293 1.293 1.320 1.357
1.391 1.385 1.378 1.372 1.366 1.360 1.354 1.350 1.346 1.338 1.338 1.334 1.331 1.337 1.344 1.350 1.356 1.362 1.368 1.374 1.384 1.393 1.403 1.413 1.423 1.432 1.432 1.452 1.461 1.404 1.434 1.449 1.437 1.425 1.413 1.400 1.388 1.376 1.364 1.351 1.339 1.329 1.329 1.318 1.319 1.320 1.322 1.323 1.324 1.325 1.327 1.328 1.329 1.330 1.332 1.333 1.327 1.310 1.310 1.275 1.258 1.241 1.233 1.238 1.243 1.249 1.254 1.260 1.265 1.270 1.276 1.282 1.287 1.293 1.293 1.347 1.385
1.429 1.423 1.417 1.411 1.404 1.398 1.392 1.387 1.383 1.376 1.376 1.374 1.380 1.386 1.392 1.399 1.405 1.411 1.417 1.423 1.432 1.441 1.451 1.461 1.471 1.480 1.480 1.500 1.509 1.501 1.489 1.476 1.464 1.452 1.440 1.428 1.416 1.403 1.391 1.379 1.366 1.358 1.358 1.342 1.340 1.342 1.343 1.344 1.346 1.347 1.348 1.349 1.351 1.352 1.353 1.354 1.340 1.322 1.322 1.287 1.270 1.253 1.235 1.238 1.243 1.249 1.254 1.260 1.265 1.271 1.276 1.282 1.287 1.299 1.299 1.374 1.412
1.467 1.461 1.455 1.449 1.443 1.436 1.430 1.425 1.421 1.417 1.417 1.423 1.429 1.435 1.441 1.448 1.454 1.460 1.466 1.472 1.480 1.489 1.499 1.509 1.519 1.528 1.528 1.548 1.541 1.528 1.516 1.503 1.491 1.479 1.467 1.455 1.443 1.431 1.418 1.406 1.396 1.388 1.387 1.372 1.364 1.363 1.364 1.366 1.367 1.368 1.369 1.371 1.372 1.373 1.375 1.369 1.352 1.334 1.334 1.299 1.282 1.264 1.247 1.238 1.243 1.248 1.254 1.260 1.265 1.271 1.276 1.282 1.289 1.326 1.326 1.402 1.439
1.488 1.488 1.487 1.486 1.481 1.475 1.468 1.462 1.459 1.466 1.466 1.472 1.478 1.484 1.490 1.496 1.503 1.509 1.515 1.521 1.528 1.538 1.547 1.557 1.567 1.576 1.576 1.581 1.568 1.556 1.543 1.531 1.518 1.506 1.494 1.482 1.470 1.458 1.446 1.433 1.425 1.417 1.417 1.401 1.393 1.385 1.386 1.387 1.388 1.390 1.391 1.392 1.393 1.395 1.396 1.381 1.364 1.347 1.346 1.312 1.294 1.277 1.259 1.242 1.243 1.248 1.254 1.260 1.265 1.271 1.276 1.282 1.316 1.354 1.354 1.429 1.466
1.509 1.508 1.508 1.507 1.506 1.506 1.505 1.500 1.502 1.515 1.515 1.521 1.527 1.533 1.539 1.545 1.552 1.558 1.564 1.570 1.576 1.586 1.595 1.605 1.615 1.625 1.624 1.608 1.595 1.583 1.570 1.558 1.546 1.533 1.521 1.509 1.497 1.485 1.473 1.462 1.454 1.446 1.446 1.430 1.422 1.414 1.407 1.409 1.410 1.411 1.412 1.414 1.415 1.416 1.411 1.394 1.376 1.359 1.359 1.324 1.307 1.289 1.272 1.255 1.243 1.249 1.254 1.260 1.265 1.271 1.276 1.305 1.343 1.381 1.381 1.456 1.494
1.530 1.529 1.528 1.528 1.527 1.526 1.525 1.524 1.535 1.564 1.563 1.570 1.576 1.582 1.588 1.595 1.601 1.607 1.613 1.619 1.625 1.634 1.643 1.653 1.663 1.660 1.660 1.635 1.623 1.610 1.598 1.585 1.573 1.561 1.549 1.537 1.525 1.512 1.500 1.492 1.484 1.476 1.475 1.460 1.452 1.444 1.436 1.430 1.431 1.433 1.434 1.435 1.436 1.438 1.424 1.406 1.389 1.371 1.371 1.336 1.319 1.302 1.284 1.267 1.250 1.249 1.254 1.260 1.265 1.271 1.295 1.333 1.370 1.408 1.408 1.483 1.521
1.551 1.550 1.549 1.548 1.548 1.547 1.545 1.543 1.548 1.583 1.583 1.600 1.617 1.631 1.637 1.643 1.650 1.656 1.662 1.668 1.674 1.682 1.692 1.701 1.700 1.688 1.687 1.663 1.650 1.638 1.625 1.613 1.600 1.588 1.576 1.564 1.552 1.540 1.529 1.521 1.513 1.505 1.505 1.489 1.481 1.473 1.465 1.457 1.452 1.454 1.455 1.456 1.458 1.453 1.436 1.418 1.401 1.384 1.383 1.349 1.331 1.314 1.297 1.279 1.262 1.249 1.254 1.260 1.265 1.285 1.322 1.360 1.397 1.435 1.435 1.511 1.548
1.571 1.571 1.570 1.569 1.568 1.566 1.564 1.562 1.562 1.597 1.597 1.614 1.631 1.648 1.665 1.682 1.699 1.705 1.711 1.717 1.723 1.730 1.740 1.740 1.728 1.715 1.715 1.690 1.677 1.665 1.653 1.640 1.628 1.615 1.603 1.591 1.579 1.567 1.558 1.550 1.542 1.534 1.534 1.518 1.510 1.502 1.494 1.486 1.478 1.475 1.477 1.478 1.479 1.466 1.448 1.431 1.413 1.396 1.396 1.361 1.344 1.326 1.309 1.292 1.274 1.257 1.254 1.260 1.275 1.312 1.350 1.387 1.425 1.462 1.463 1.538 1.575
1.592 1.591 1.591 1.590 1.588 1.586 1.584 1.581 1.579 1.611 1.611 1.628 1.645 1.662 1.679 1.696 1.713 1.730 1.747 1.764 1.772 1.778 1.780 1.768 1.755 1.743 1.742 1.717 1.705 1.692 1.680 1.668 1.655 1.643 1.630 1.618 1.606 1.596 1.587 1.579 1.571 1.563 1.563 1.547 1.539 1.531 1.523 1.515 1.507 1.499 1.498 1.499 1.495 1.478 1.461 1.443 1.426 1.408 1.408 1.374 1.356 1.339 1.322 1.304 1.287 1.270 1.255 1.264 1.302 1.339 1.377 1.414 1.452 1.490 1.490 1.565 1.602
1.613 1.612 1.611 1.609 1.607 1.605 1.603 1.600 1.598 1.625 1.624 1.641 1.659 1.676 1.693 1.710 1.727 1.744 1.761 1.778 1.795 1.806 1.799 1.791 1.782 1.770 1.770 1.745 1.733 1.720 1.708 1.695 1.683 1.670 1.658 1.645 1.634 1.625 1.617 1.609 1.600 1.592 1.592 1.577 1.569 1.560 1.552 1.545 1.537 1.529 1.521 1.521 1.508 1.490 1.473 1.455 1.438 1.421 1.420 1.386 1.368 1.351 1.334 1.317 1.299 1.282 1.265 1.288 1.328 1.367 1.404 1.442 1.479 1.517 1.517 1.592 1.630
1.634 1.633 1.631 1.629 1.626 1.624 1.622 1.620 1.617 1.639 1.638 1.656 1.673 1.690 1.707 1.724 1.741 1.758 1.775 1.792 1.804 1.799 1.794 1.786 1.779 1.772 1.771 1.757 1.750 1.742 1.735 1.723 1.710 1.698 1.685 1.673 1.662 1.654 1.646 1.638 1.630 1.622 1.621 1.606 1.598 1.590 1.582 1.574 1.566 1.556 1.546 1.538 1.521 1.503 1.486 1.469 1.452 1.434 1.434 1.400 1.383 1.366 1.348 1.331 1.314 1.297 1.289 1.295 1.335 1.376 1.417 1.457 1.498 1.538 1.538 1.619 1.657
1.654 1.652 1.650 1.648 1.646 1.643 1.641 1.639 1.637 1.653 1.652 1.669 1.687 1.704 1.721 1.738 1.755 1.772 1.789 1.802 1.798 1.793 1.789 1.782 1.774 1.767 1.766 1.752 1.745 1.737 1.730 1.723 1.715 1.708 1.700 1.693 1.684 1.674 1.664 1.654 1.644 1.634 1.633 1.613 1.603 1.593 1.583 1.573 1.563 1.553 1.543 1.540 1.535 1.518 1.501 1.483 1.466 1.449 1.449 1.415 1.397 1.380 1.363 1.346 1.329 1.312 1.314 1.320 1.343 1.383 1.424 1.464 1.505 1.546 1.546 1.627 1.668
1.654 1.652 1.650 1.648 1.646 1.643 1.641 1.639 1.637 1.653 1.652 1.669 1.687 1.704 1.721 1.738 1.755 1.772 1.789 1.802 1.798 1.794 1.789 1.782 1.774 1.767 1.767 1.752 1.745 1.737 1.730 1.723 1.715 1.708 1.701 1.693 1.685 1.674 1.664 1.654 1.644 1.634 1.634 1.614 1.604 1.594 1.584 1.574 1.564 1.554 1.543 1.540 1.535 1.518 1.501 1.484 1.466 1.449 1.449 1.415 1.398 1.380 1.363 1.346 1.329 1.312 1.315 1.321 1.343 1.384 1.424 1.465 1.505 1.546 1.546 1.627 1.668
1.674 1.672 1.669 1.667 1.665 1.663 1.660 1.658 1.656 1.667 1.666 1.683 1.701 1.718 1.735 1.752 1.769 1.786 1.800 1.796 1.792 1.787 1.783 1.777 1.770 1.762 1.762 1.747 1.740 1.733 1.725 1.718 1.711 1.703 1.696 1.689 1.682 1.672 1.662 1.652 1.641 1.631 1.631 1.611 1.601 1.591 1.581 1.571 1.561 1.551 1.542 1.541 1.540 1.533 1.515 1.498 1.481 1.464 1.464 1.429 1.412 1.395 1.378 1.361 1.344 1.335 1.341 1.347 1.352 1.391 1.432 1.472 1.513 1.553 1.553 1.635 1.675
1.693 1.691 1.689 1.686 1.684 1.682 1.680 1.678 1.675 1.681 1.680 1.698 1.715 1.732 1.749 1.766 1.783 1.798 1.794 1.789 1.785 1.781 1.777 1.772 1.765 1.757 1.757 1.743 1.735 1.728 1.721 1.713 1.706 1.699 1.691 1.684 1.677 1.669 1.659 1.649 1.639 1.629 1.629 1.609 1.599 1.588 1.578 1.568 1.558 1.548 1.544 1.543 1.542 1.541 1.530 1.513 1.496 1.479 1.478 1.444 1.427 1.410 1.393 1.376 1.358 1.361 1.367 1.373 1.378 1.398 1.439 1.480 1.520 1.561 1.561 1.642 1.683
1.732 1.730 1.727 1.725 1.723 1.721 1.718 1.716 1.714 1.710 1.710 1.725 1.743 1.760 1.777 1.793 1.789 1.785 1.781 1.777 1.773 1.769 1.765 1.760 1.755 1.747 1.747 1.733 1.725 1.718 1.711 1.704 1.696 1.689 1.682 1.675 1.668 1.661 1.654 1.643 1.633 1.623 1.623 1.603 1.593 1.583 1.573 1.563 1.553 1.548 1.547 1.546 1.545 1.544 1.543 1.542 1.525 1.508 1.507 1.473 1.456 1.439 1.422 1.404 1.407 1.413 1.418 1.424 1.430 1.435 1.453 1.494 1.534 1.575 1.575 1.656 1.696
