includes/lisflood/camargue/results_R4_t1.561741501247E12/res-0001.wd
ncols         906
nrows         631
xllcorner     362177.146667
yllcorner     6534725.688020
cellsize      20.000000
NODATA_value  -9999.000000
[rows 578 to 611 of 631, columns 462 to 538 of 906]
3.366 3.407 3.447 3.487 3.523 3.541 3.559 3.578 3.596 3.622 3.688 3.754 3.819 3.951 3.951 4.017 4.083 4.148 4.154 4.129 4.105 4.080 4.056 4.031 4.007 3.983 3.958 3.954 3.980 4.035 4.035 4.081 4.126 4.171 4.218 4.265 4.312 4.359 4.406 4.453 4.500 4.546 4.593 4.642 4.693 4.795 4.795 4.846 4.897 4.948 4.999 5.050 5.074 5.086 5.098 5.111 5.134 5.185 5.236 5.287 5.339 5.410 5.410 5.434 5.459 5.483 5.508 5.533 5.557 5.582 5.594 5.606 5.617 5.628 5.640 5.651 5.663
3.490 3.519 3.559 3.599 3.633 3.652 3.670 3.688 3.743 3.809 3.875 3.941 4.007 4.138 4.138 4.204 4.270 4.336 4.343 4.319 4.294 4.270 4.245 4.221 4.196 4.172 4.148 4.123 4.099 4.132 4.132 4.178 4.224 4.271 4.318 4.365 4.412 4.459 4.506 4.553 4.600 4.647 4.694 4.742 4.793 4.895 4.895 4.946 4.997 5.048 5.099 5.150 5.201 5.248 5.261 5.273 5.299 5.350 5.401 5.448 5.473 5.522 5.522 5.546 5.571 5.595 5.620 5.644 5.669 5.693 5.705 5.716 5.727 5.739 5.750 5.762 5.773
3.620 3.646 3.672 3.711 3.744 3.762 3.799 3.865 3.931 3.996 4.062 4.128 4.194 4.325 4.325 4.391 4.457 4.523 4.532 4.508 4.484 4.459 4.435 4.410 4.386 4.362 4.337 4.313 4.289 4.227 4.227 4.277 4.324 4.371 4.418 4.465 4.512 4.559 4.606 4.653 4.700 4.747 4.794 4.843 4.894 4.996 4.996 5.047 5.098 5.149 5.200 5.251 5.302 5.353 5.404 5.435 5.463 5.511 5.535 5.560 5.584 5.633 5.633 5.658 5.682 5.707 5.731 5.756 5.780 5.804 5.815 5.827 5.838 5.849 5.861 5.872 5.883
3.749 3.775 3.801 3.827 3.855 3.921 3.986 4.052 4.118 4.184 4.249 4.315 4.381 4.512 4.513 4.578 4.644 4.710 4.722 4.698 4.673 4.649 4.624 4.600 4.575 4.551 4.527 4.502 4.456 4.303 4.303 4.365 4.425 4.472 4.518 4.565 4.612 4.659 4.706 4.753 4.800 4.847 4.894 4.943 4.994 5.096 5.096 5.147 5.198 5.249 5.300 5.351 5.402 5.453 5.504 5.550 5.595 5.622 5.647 5.671 5.696 5.745 5.745 5.769 5.794 5.818 5.843 5.867 5.892 5.914 5.926 5.937 5.948 5.960 5.971 5.982 5.994
3.878 3.927 3.982 4.037 4.012 4.098 4.174 4.239 4.305 4.371 4.437 4.502 4.568 4.700 4.700 4.766 4.831 4.897 4.911 4.887 4.862 4.838 4.814 4.789 4.765 4.741 4.710 4.617 4.525 4.379 4.379 4.441 4.503 4.565 4.619 4.665 4.712 4.759 4.806 4.853 4.900 4.947 4.994 5.043 5.094 5.196 5.196 5.248 5.298 5.349 5.400 5.451 5.502 5.548 5.562 5.576 5.627 5.705 5.758 5.783 5.807 5.856 5.856 5.881 5.905 5.930 5.954 5.979 6.004 6.025 6.036 6.047 6.059 6.070 6.081 6.093 6.104
4.131 4.185 4.240 4.263 4.193 4.235 4.320 4.405 4.491 4.558 4.624 4.690 4.755 4.887 4.887 4.953 5.018 5.084 5.101 5.076 5.052 5.028 5.003 4.979 4.954 4.870 4.778 4.685 4.593 4.454 4.455 4.517 4.579 4.641 4.703 4.765 4.813 4.860 4.906 4.953 5.000 5.047 5.094 5.144 5.195 5.297 5.297 5.348 5.399 5.450 5.501 5.546 5.560 5.574 5.589 5.603 5.660 5.737 5.815 5.893 5.919 5.968 5.968 5.993 6.017 6.042 6.066 6.091 6.115 6.135 6.146 6.158 6.169 6.180 6.192 6.203 6.215
4.389 4.444 4.499 4.461 4.391 4.373 4.458 4.543 4.628 4.713 4.798 4.877 4.942 5.074 5.074 5.140 5.206 5.272 5.290 5.266 5.241 5.217 5.193 5.123 5.031 4.939 4.846 4.754 4.661 4.530 4.530 4.592 4.654 4.717 4.779 4.841 4.903 4.960 5.007 5.054 5.101 5.147 5.194 5.244 5.295 5.397 5.397 5.448 5.499 5.544 5.558 5.573 5.587 5.601 5.615 5.629 5.692 5.770 5.847 5.925 6.003 6.079 6.080 6.104 6.129 6.153 6.178 6.202 6.227 6.245 6.257 6.268 6.279 6.291 6.302 6.314 6.325
4.647 4.702 4.728 4.659 4.589 4.520 4.595 4.681 4.766 4.851 4.936 5.021 5.106 5.261 5.261 5.327 5.393 5.459 5.480 5.455 5.431 5.377 5.284 5.192 5.099 5.007 4.914 4.822 4.729 4.606 4.606 4.668 4.730 4.792 4.854 4.917 4.979 5.041 5.103 5.154 5.201 5.248 5.294 5.345 5.396 5.497 5.498 5.542 5.556 5.571 5.585 5.599 5.613 5.627 5.641 5.656 5.724 5.802 5.880 5.958 6.035 6.191 6.191 6.216 6.240 6.265 6.289 6.314 6.338 6.356 6.367 6.379 6.390 6.401 6.413 6.424 6.435
4.906 4.961 4.926 4.857 4.787 4.718 4.733 4.818 4.903 4.988 5.073 5.159 5.244 5.414 5.414 5.499 5.580 5.646 5.669 5.630 5.537 5.445 5.352 5.260 5.168 5.075 4.983 4.890 4.798 4.682 4.682 4.744 4.806 4.868 4.930 4.992 5.054 5.116 5.179 5.241 5.301 5.348 5.395 5.445 5.496 5.554 5.554 5.569 5.583 5.597 5.611 5.625 5.639 5.654 5.668 5.682 5.756 5.834 5.912 5.990 6.068 6.223 6.223 6.301 6.352 6.376 6.401 6.425 6.450 6.466 6.478 6.489 6.500 6.512 6.523 6.525 6.502
5.164 5.194 5.124 5.055 4.985 4.916 4.870 4.956 5.041 5.126 5.211 5.296 5.381 5.552 5.552 5.637 5.722 5.807 5.785 5.698 5.606 5.513 5.421 5.328 5.236 5.143 5.051 4.958 4.866 4.757 4.757 4.820 4.882 4.944 5.006 5.068 5.130 5.192 5.254 5.316 5.378 5.440 5.495 5.538 5.552 5.581 5.581 5.595 5.609 5.623 5.638 5.652 5.666 5.680 5.694 5.711 5.789 5.866 5.944 6.022 6.100 6.255 6.256 6.333 6.411 6.488 6.512 6.537 6.561 6.577 6.588 6.599 6.611 6.608 6.585 6.563 6.540
5.164 5.194 5.124 5.055 4.985 4.916 4.871 4.956 5.041 5.126 5.211 5.296 5.381 5.552 5.552 5.637 5.722 5.807 5.785 5.698 5.606 5.513 5.421 5.328 5.236 5.143 5.051 4.959 4.866 4.757 4.758 4.820 4.882 4.944 5.006 5.068 5.130 5.192 5.254 5.316 5.378 5.440 5.495 5.538 5.552 5.581 5.581 5.595 5.609 5.623 5.638 5.652 5.666 5.680 5.694 5.711 5.789 5.866 5.944 6.022 6.100 6.255 6.255 6.333 6.411 6.488 6.512 6.537 6.561 6.576 6.588 6.599 6.611 6.608 6.585 6.563 6.540
5.423 5.392 5.322 5.253 5.183 5.114 5.044 5.093 5.178 5.263 5.349 5.434 5.519 5.689 5.689 5.774 5.799 5.722 5.686 5.694 5.674 5.581 5.489 5.397 5.304 5.212 5.119 5.027 4.934 4.833 4.833 4.895 4.957 5.020 5.082 5.144 5.206 5.268 5.330 5.392 5.454 5.505 5.518 5.564 5.579 5.607 5.607 5.621 5.636 5.650 5.664 5.678 5.692 5.707 5.721 5.743 5.821 5.899 5.976 6.054 6.132 6.288 6.288 6.366 6.443 6.521 6.599 6.648 6.673 6.687 6.698 6.691 6.668 6.646 6.623 6.601 6.578
5.659 5.590 5.520 5.451 5.381 5.312 5.242 5.231 5.316 5.401 5.486 5.571 5.656 5.827 5.827 5.776 5.698 5.620 5.587 5.595 5.604 5.612 5.557 5.465 5.372 5.280 5.188 5.095 5.003 4.909 4.909 4.971 5.033 5.095 5.157 5.219 5.282 5.344 5.406 5.455 5.468 5.481 5.497 5.543 5.589 5.634 5.634 5.648 5.662 5.676 5.690 5.705 5.719 5.733 5.747 5.775 5.853 5.931 6.009 6.087 6.164 6.320 6.320 6.398 6.476 6.553 6.631 6.709 6.784 6.774 6.751 6.729 6.706 6.684 6.661 6.639 6.616
6.055 5.986 5.916 5.847 5.777 5.708 5.638 5.569 5.591 5.676 5.761 5.846 5.806 5.650 5.650 5.572 5.494 5.416 5.388 5.396 5.405 5.413 5.422 5.430 5.439 5.416 5.324 5.232 5.139 5.060 5.060 5.123 5.185 5.247 5.309 5.355 5.368 5.381 5.394 5.407 5.420 5.433 5.455 5.501 5.547 5.640 5.640 5.686 5.715 5.729 5.743 5.758 5.772 5.786 5.800 5.840 5.918 5.996 6.073 6.151 6.229 6.384 6.385 6.462 6.540 6.576 6.612 6.648 6.686 6.731 6.777 6.805 6.782 6.760 6.737 6.715 6.692
6.253 6.184 6.114 6.045 5.975 5.905 5.836 5.766 5.728 5.813 5.860 5.782 5.704 5.548 5.548 5.470 5.392 5.315 5.289 5.297 5.306 5.314 5.323 5.331 5.340 5.348 5.357 5.300 5.207 5.136 5.136 5.198 5.260 5.305 5.318 5.331 5.344 5.357 5.370 5.383 5.396 5.409 5.434 5.480 5.526 5.619 5.619 5.665 5.712 5.756 5.770 5.784 5.798 5.812 5.827 5.872 5.950 6.028 6.106 6.183 6.261 6.410 6.410 6.446 6.482 6.518 6.555 6.591 6.629 6.674 6.720 6.765 6.811 6.798 6.775 6.753 6.730
6.451 6.382 6.312 6.242 6.173 6.103 6.034 5.964 5.895 5.836 5.758 5.680 5.602 5.447 5.447 5.369 5.291 5.213 5.189 5.198 5.206 5.215 5.223 5.232 5.240 5.249 5.257 5.266 5.274 5.212 5.212 5.255 5.268 5.281 5.294 5.307 5.320 5.333 5.346 5.359 5.372 5.385 5.413 5.459 5.506 5.598 5.598 5.644 5.691 5.737 5.783 5.810 5.825 5.839 5.853 5.905 5.982 6.060 6.138 6.216 6.280 6.352 6.352 6.388 6.424 6.461 6.497 6.533 6.572 6.618 6.663 6.709 6.754 6.799 6.813 6.790 6.768
6.649 6.530 6.411 6.291 6.172 6.053 5.934 5.814 5.699 5.695 5.657 5.579 5.501 5.345 5.345 5.267 5.189 5.111 5.090 5.099 5.107 5.115 5.124 5.132 5.141 5.150 5.158 5.166 5.175 5.218 5.218 5.231 5.244 5.257 5.270 5.283 5.296 5.309 5.322 5.335 5.348 5.361 5.392 5.438 5.485 5.577 5.577 5.623 5.670 5.716 5.762 5.808 5.851 5.865 5.879 5.937 6.015 6.092 6.150 6.186 6.222 6.294 6.294 6.331 6.367 6.403 6.439 6.475 6.516 6.561 6.607 6.652 6.697 6.743 6.788 6.828 6.806
6.414 6.294 6.175 6.056 5.936 5.817 5.698 5.579 5.493 5.489 5.485 5.477 5.399 5.243 5.243 5.165 5.087 5.009 4.991 4.999 5.008 5.016 5.025 5.033 5.042 5.050 5.059 5.081 5.116 5.178 5.179 5.206 5.220 5.233 5.246 5.259 5.272 5.285 5.298 5.310 5.323 5.336 5.371 5.417 5.464 5.556 5.556 5.602 5.649 5.695 5.741 5.787 5.833 5.880 5.906 5.969 6.020 6.056 6.092 6.128 6.164 6.237 6.237 6.273 6.309 6.345 6.381 6.417 6.459 6.504 6.550 6.595 6.641 6.686 6.731 6.777 6.822
6.178 6.058 5.939 5.820 5.701 5.581 5.462 5.343 5.287 5.283 5.279 5.274 5.270 5.141 5.141 5.064 4.986 4.908 4.891 4.900 4.908 4.917 4.925 4.934 4.942 4.967 5.002 5.037 5.072 5.133 5.133 5.161 5.188 5.209 5.222 5.235 5.248 5.261 5.273 5.286 5.299 5.312 5.350 5.396 5.443 5.535 5.535 5.581 5.628 5.674 5.720 5.766 5.812 5.859 5.886 5.926 5.962 5.998 6.034 6.071 6.107 6.179 6.179 6.215 6.251 6.287 6.323 6.360 6.402 6.448 6.493 6.539 6.584 6.629 6.675 6.720 6.765
5.942 5.823 5.703 5.584 5.465 5.345 5.226 5.107 5.081 5.077 5.073 5.068 5.064 5.040 5.040 4.962 4.884 4.806 4.792 4.801 4.809 4.817 4.826 4.854 4.888 4.923 4.958 4.993 5.027 5.088 5.088 5.116 5.143 5.171 5.198 5.211 5.224 5.236 5.249 5.262 5.275 5.288 5.329 5.375 5.422 5.514 5.514 5.560 5.607 5.653 5.699 5.745 5.768 5.791 5.815 5.859 5.903 5.940 5.977 6.013 6.049 6.121 6.121 6.157 6.193 6.230 6.266 6.302 6.346 6.391 6.437 6.482 6.527 6.573 6.618 6.663 6.709
5.673 5.587 5.467 5.348 5.229 5.110 4.990 4.879 4.875 4.871 4.867 4.862 4.858 4.850 4.850 4.846 4.782 4.704 4.693 4.701 4.710 4.740 4.775 4.810 4.844 4.879 4.914 4.948 4.983 5.043 5.043 5.071 5.098 5.126 5.153 5.181 5.199 5.212 5.225 5.238 5.251 5.264 5.308 5.354 5.401 5.493 5.493 5.539 5.585 5.626 5.650 5.673 5.697 5.720 5.746 5.790 5.834 5.878 5.919 5.955 5.991 6.063 6.064 6.100 6.136 6.172 6.208 6.244 6.289 6.335 6.380 6.425 6.471 6.516 6.561 6.607 6.652
5.381 5.325 5.232 5.112 4.993 4.874 4.755 4.673 4.669 4.665 4.661 4.656 4.652 4.644 4.644 4.640 4.636 4.603 4.594 4.627 4.661 4.696 4.731 4.765 4.800 4.835 4.869 4.904 4.939 4.998 4.998 5.025 5.053 5.080 5.108 5.135 5.163 5.188 5.201 5.214 5.227 5.241 5.287 5.333 5.380 5.472 5.472 5.508 5.532 5.555 5.579 5.602 5.625 5.649 5.677 5.721 5.765 5.809 5.853 5.897 5.933 6.006 6.006 6.042 6.078 6.114 6.150 6.187 6.233 6.278 6.323 6.369 6.414 6.459 6.505 6.550 6.596
5.089 5.033 4.978 4.877 4.757 4.638 4.519 4.467 4.463 4.459 4.455 4.451 4.446 4.438 4.438 4.434 4.462 4.529 4.548 4.582 4.617 4.652 4.686 4.721 4.756 4.790 4.825 4.860 4.894 4.953 4.953 4.980 5.008 5.035 5.063 5.090 5.118 5.145 5.172 5.190 5.203 5.220 5.266 5.312 5.359 5.414 5.414 5.437 5.460 5.484 5.507 5.531 5.554 5.577 5.608 5.652 5.697 5.741 5.785 5.829 5.873 5.948 5.948 5.984 6.020 6.056 6.092 6.131 6.176 6.221 6.267 6.312 6.357 6.403 6.448 6.494 6.539
4.797 4.741 4.685 4.630 4.522 4.402 4.283 4.261 4.257 4.253 4.249 4.245 4.240 4.321 4.321 4.388 4.455 4.517 4.531 4.544 4.573 4.607 4.642 4.677 4.711 4.746 4.781 4.815 4.850 4.908 4.908 4.935 4.963 4.990 5.018 5.045 5.073 5.100 5.127 5.155 5.179 5.199 5.245 5.272 5.296 5.342 5.342 5.366 5.389 5.412 5.436 5.459 5.483 5.506 5.540 5.584 5.628 5.672 5.716 5.760 5.804 5.890 5.890 5.926 5.963 5.999 6.035 6.074 6.119 6.165 6.210 6.255 6.301 6.346 6.396 6.465 6.533
4.504 4.449 4.393 4.337 4.282 4.167 4.059 4.055 4.051 4.047 4.047 4.113 4.180 4.314 4.314 4.381 4.448 4.501 4.515 4.528 4.542 4.563 4.598 4.632 4.667 4.702 4.736 4.771 4.806 4.862 4.863 4.890 4.918 4.945 4.972 5.000 5.027 5.055 5.082 5.109 5.137 5.158 5.178 5.201 5.224 5.271 5.271 5.294 5.318 5.341 5.365 5.388 5.411 5.435 5.471 5.515 5.559 5.603 5.647 5.691 5.735 5.823 5.824 5.868 5.905 5.941 5.977 6.017 6.063 6.108 6.153 6.199 6.256 6.325 6.393 6.462 6.531
4.212 4.156 4.101 4.045 3.989 3.931 3.853 3.849 3.906 3.973 4.040 4.107 4.174 4.307 4.308 4.374 4.441 4.485 4.499 4.512 4.526 4.539 4.553 4.588 4.623 4.657 4.692 4.727 4.761 4.817 4.817 4.845 4.872 4.900 4.927 4.955 4.982 5.009 5.038 5.069 5.100 5.117 5.118 5.130 5.153 5.200 5.200 5.223 5.246 5.270 5.293 5.317 5.340 5.363 5.402 5.446 5.490 5.534 5.578 5.622 5.667 5.755 5.755 5.799 5.843 5.883 5.919 5.961 6.006 6.051 6.116 6.185 6.253 6.322 6.391 6.459 6.528
4.212 4.156 4.101 4.045 3.989 3.931 3.854 3.849 3.906 3.973 4.040 4.107 4.174 4.308 4.308 4.374 4.441 4.485 4.499 4.512 4.526 4.539 4.553 4.588 4.622 4.657 4.692 4.727 4.761 4.817 4.817 4.845 4.872 4.900 4.927 4.955 4.982 5.009 5.038 5.069 5.100 5.117 5.118 5.130 5.153 5.200 5.200 5.223 5.246 5.270 5.293 5.317 5.340 5.363 5.402 5.446 5.490 5.534 5.578 5.622 5.667 5.755 5.755 5.799 5.843 5.883 5.919 5.961 6.006 6.051 6.116 6.185 6.253 6.322 6.391 6.459 6.528
3.920 3.864 3.808 3.753 3.712 3.718 3.765 3.832 3.899 3.966 4.033 4.100 4.167 4.301 4.301 4.368 4.435 4.469 4.483 4.496 4.510 4.523 4.537 4.550 4.578 4.613 4.647 4.682 4.717 4.772 4.772 4.800 4.827 4.855 4.882 4.910 4.939 4.970 5.001 5.032 5.063 5.076 5.077 5.078 5.082 5.128 5.128 5.152 5.175 5.198 5.222 5.245 5.268 5.292 5.333 5.377 5.421 5.466 5.510 5.554 5.598 5.686 5.686 5.730 5.774 5.818 5.862 5.907 5.976 6.045 6.113 6.182 6.251 6.319 6.388 6.457 6.525
3.656 3.662 3.668 3.675 3.681 3.687 3.753 3.825 3.893 3.959 4.026 4.093 4.160 4.294 4.294 4.361 4.428 4.453 4.466 4.480 4.494 4.507 4.521 4.534 4.548 4.569 4.603 4.638 4.672 4.727 4.727 4.755 4.782 4.810 4.841 4.871 4.902 4.933 4.964 4.995 5.026 5.035 5.036 5.037 5.038 5.057 5.057 5.080 5.104 5.127 5.150 5.174 5.197 5.221 5.265 5.309 5.353 5.397 5.441 5.485 5.529 5.617 5.617 5.661 5.705 5.761 5.829 5.903 5.973 6.042 6.111 6.179 6.248 6.317 6.385 6.454 6.523
3.594 3.601 3.607 3.613 3.620 3.654 3.727 3.799 3.872 3.944 4.013 4.080 4.146 4.280 4.280 4.347 4.407 4.421 4.434 4.448 4.461 4.475 4.488 4.502 4.516 4.529 4.543 4.556 4.582 4.642 4.643 4.674 4.705 4.736 4.767 4.797 4.828 4.859 4.890 4.921 4.951 4.953 4.954 4.955 4.956 4.958 4.958 4.960 4.961 4.984 5.008 5.031 5.055 5.083 5.127 5.171 5.215 5.259 5.303 5.347 5.395 5.532 5.532 5.601 5.669 5.738 5.807 5.882 5.957 6.031 6.105 6.174 6.243 6.311 6.380 6.449 6.517
3.564 3.570 3.576 3.583 3.589 3.642 3.714 3.786 3.859 3.931 4.003 4.073 4.140 4.274 4.274 4.340 4.391 4.405 4.418 4.432 4.445 4.459 4.472 4.486 4.499 4.513 4.526 4.538 4.552 4.606 4.606 4.637 4.668 4.699 4.730 4.761 4.791 4.822 4.853 4.884 4.910 4.911 4.913 4.914 4.915 4.917 4.917 4.918 4.920 4.921 4.937 4.960 4.983 5.014 5.058 5.102 5.146 5.191 5.246 5.315 5.383 5.520 5.520 5.589 5.657 5.726 5.796 5.871 5.946 6.021 6.095 6.170 6.240 6.309 6.377 6.446 6.515
3.533 3.539 3.546 3.552 3.558 3.629 3.701 3.773 3.846 3.918 3.991 4.063 4.133 4.267 4.267 4.334 4.375 4.389 4.402 4.415 4.429 4.442 4.456 4.470 4.482 4.493 4.505 4.517 4.532 4.568 4.569 4.600 4.631 4.662 4.693 4.723 4.754 4.785 4.816 4.847 4.869 4.870 4.871 4.873 4.874 4.876 4.876 4.877 4.878 4.880 4.881 4.889 4.912 4.945 4.989 5.034 5.098 5.166 5.235 5.303 5.372 5.509 5.509 5.577 5.646 5.714 5.785 5.860 5.935 6.010 6.084 6.159 6.234 6.306 6.375 6.443 6.512
3.502 3.509 3.515 3.521 3.543 3.616 3.688 3.760 3.833 3.905 3.978 4.050 4.122 4.260 4.260 4.327 4.359 4.372 4.386 4.399 4.413 4.425 4.437 4.449 4.461 4.473 4.484 4.496 4.513 4.548 4.548 4.566 4.594 4.625 4.656 4.686 4.717 4.748 4.779 4.810 4.828 4.829 4.830 4.832 4.833 4.835 4.835 4.836 4.837 4.839 4.840 4.841 4.842 4.880 4.949 5.017 5.086 5.154 5.223 5.292 5.360 5.497 5.497 5.566 5.634 5.703 5.775 5.849 5.924 5.999 6.074 6.149 6.223 6.298 6.372 6.441 6.510
3.472 3.478 3.484 3.491 3.530 3.603 3.675 3.748 3.820 3.892 3.965 4.037 4.109 4.253 4.253 4.320 4.343 4.356 4.370 4.381 4.393 4.405 4.416 4.428 4.440 4.452 4.464 4.475 4.493 4.528 4.528 4.546 4.564 4.588 4.618 4.649 4.680 4.711 4.742 4.773 4.787 4.788 4.789 4.790 4.792 4.794 4.794 4.795 4.796 4.798 4.799 4.823 4.863 4.888 4.937 5.006 5.074 5.143 5.211 5.280 5.348 5.485 5.485 5.554 5.622 5.691 5.764 5.839 5.913 5.988 6.063 6.138 6.213 6.287 6.362 6.437 6.507
