includes/lisflood/camargue/results_R4_t1.561741501247E12/res-0007.wdfp
ncols         906
nrows         631
xllcorner     362177.146667
yllcorner     6534725.688020
cellsize      20.000000
NODATA_value  -9999.000000
[rows 578 to 611 of 631, columns 770 to 846 of 906]
12.400 12.531 12.662 12.806 12.976 13.151 13.326 13.501 13.674 13.847 14.021 14.366 14.366 14.539 14.713 14.796 14.800 14.908 15.023 15.137 15.252 15.365 15.479 15.594 15.708 15.823 15.937 15.861 15.861 15.746 15.631 15.554 15.495 15.436 15.377 15.318 15.260 15.201 15.141 15.082 15.012 14.918 14.824 14.730 14.730 14.542 14.475 14.433 14.391 14.349 14.307 14.266 14.224 14.182 14.124 14.044 13.962 13.881 13.800 13.720 13.720 13.558 13.479 13.406 13.332 13.259 13.186 13.112 13.039 12.972 12.929 12.886 12.843 12.800 12.757 12.714 12.714
12.674 12.804 12.938 13.073 13.237 13.410 13.583 13.757 13.929 14.102 14.275 14.622 14.622 14.795 14.968 14.971 14.974 15.005 15.118 15.233 15.347 15.462 15.576 15.691 15.805 15.920 16.034 15.843 15.843 15.728 15.614 15.499 15.440 15.381 15.322 15.262 15.203 15.144 15.085 15.026 14.939 14.845 14.751 14.657 14.656 14.468 14.374 14.324 14.282 14.240 14.198 14.157 14.115 14.072 13.995 13.914 13.833 13.753 13.672 13.591 13.591 13.430 13.349 13.273 13.199 13.126 13.052 12.979 12.905 12.855 12.812 12.769 12.726 12.683 12.640 12.597 12.597
12.962 13.101 13.240 13.367 13.492 13.665 13.838 14.011 14.185 14.358 14.531 14.878 14.878 15.051 15.142 15.145 15.148 15.151 15.215 15.330 15.444 15.559 15.673 15.787 15.901 16.015 16.054 15.825 15.825 15.711 15.596 15.482 15.383 15.324 15.265 15.207 15.148 15.089 15.030 14.960 14.866 14.771 14.677 14.583 14.583 14.395 14.301 14.215 14.173 14.131 14.090 14.047 14.005 13.947 13.867 13.786 13.705 13.624 13.544 13.463 13.463 13.301 13.221 13.140 13.065 12.992 12.918 12.845 12.780 12.737 12.694 12.651 12.608 12.565 12.523 12.480 12.480
13.263 13.402 13.539 13.661 13.783 13.921 14.094 14.267 14.441 14.614 14.787 15.134 15.133 15.306 15.316 15.319 15.323 15.326 15.329 15.426 15.541 15.655 15.769 15.883 15.998 16.112 16.037 15.808 15.808 15.692 15.578 15.463 15.349 15.269 15.210 15.151 15.092 15.033 14.973 14.886 14.792 14.698 14.604 14.510 14.510 14.321 14.227 14.133 14.063 14.022 13.980 13.938 13.896 13.819 13.738 13.658 13.577 13.496 13.415 13.335 13.334 13.172 13.091 13.010 12.932 12.858 12.785 12.711 12.663 12.620 12.577 12.534 12.492 12.449 12.406 12.363 12.363
13.565 13.704 13.834 13.956 14.077 14.199 14.350 14.523 14.696 14.869 15.042 15.389 15.389 15.487 15.491 15.494 15.497 15.501 15.504 15.522 15.637 15.751 15.866 15.980 16.094 16.134 16.019 15.789 15.789 15.675 15.560 15.446 15.331 15.217 15.155 15.095 15.036 14.977 14.907 14.812 14.718 14.624 14.530 14.436 14.436 14.247 14.153 14.059 13.965 13.913 13.871 13.829 13.772 13.691 13.610 13.529 13.447 13.367 13.286 13.205 13.205 13.044 12.963 12.882 12.801 12.725 12.652 12.589 12.546 12.503 12.461 12.418 12.375 12.332 12.289 12.246 12.246
13.867 14.006 14.129 14.250 14.372 14.493 14.615 14.778 14.952 15.125 15.298 15.645 15.645 15.662 15.665 15.667 15.671 15.674 15.677 15.681 15.733 15.848 15.962 16.077 16.190 16.115 16.001 15.772 15.772 15.657 15.543 15.428 15.313 15.199 15.098 15.039 14.980 14.921 14.833 14.739 14.645 14.551 14.456 14.362 14.362 14.174 14.080 13.986 13.892 13.804 13.762 13.720 13.643 13.561 13.481 13.400 13.319 13.238 13.158 13.077 13.077 12.915 12.835 12.754 12.673 12.592 12.518 12.472 12.430 12.387 12.344 12.301 12.258 12.215 12.172 12.129 12.129
14.169 14.301 14.422 14.544 14.666 14.787 14.909 15.034 15.207 15.381 15.554 15.833 15.832 15.835 15.839 15.842 15.845 15.849 15.852 15.855 15.859 15.945 16.058 16.173 16.213 16.098 15.984 15.755 15.755 15.639 15.525 15.410 15.296 15.181 15.067 14.984 14.925 14.854 14.760 14.665 14.571 14.477 14.383 14.289 14.289 14.101 14.007 13.913 13.819 13.725 13.652 13.595 13.514 13.433 13.352 13.272 13.191 13.110 13.029 12.949 12.949 12.787 12.706 12.625 12.544 12.461 12.405 12.361 12.318 12.275 12.232 12.189 12.145 12.102 12.059 12.016 12.016
14.470 14.595 14.717 14.839 14.960 15.082 15.204 15.326 15.462 15.636 15.809 16.007 16.007 16.010 16.013 16.017 16.020 16.023 16.026 16.029 16.032 16.040 16.155 16.269 16.195 16.081 15.966 15.736 15.736 15.622 15.507 15.393 15.278 15.164 15.049 14.935 14.868 14.780 14.686 14.592 14.498 14.404 14.310 14.216 14.216 14.028 13.934 13.839 13.745 13.643 13.539 13.461 13.379 13.296 13.214 13.131 13.049 12.966 12.884 12.801 12.801 12.637 12.554 12.472 12.388 12.309 12.315 12.284 12.241 12.197 12.154 12.111 12.068 12.026 11.982 11.939 11.939
14.768 14.890 15.011 15.133 15.254 15.376 15.497 15.619 15.741 15.892 16.065 16.181 16.181 16.185 16.188 16.190 16.194 16.197 16.200 16.204 16.207 16.210 16.252 16.292 16.177 16.062 15.948 15.719 15.719 15.604 15.490 15.375 15.261 15.145 15.031 14.900 14.782 14.678 14.574 14.471 14.367 14.263 14.159 14.055 14.054 13.846 13.742 13.638 13.534 13.430 13.357 13.307 13.224 13.142 13.059 12.977 12.895 12.811 12.729 12.646 12.646 12.481 12.399 12.316 12.234 12.207 12.212 12.207 12.164 12.121 12.077 12.034 11.991 11.948 11.905 11.861 11.861
15.062 15.183 15.305 15.427 15.549 15.670 15.792 15.914 16.035 16.157 16.321 16.355 16.355 16.358 16.362 16.365 16.368 16.372 16.375 16.378 16.382 16.362 16.334 16.220 16.087 15.953 15.820 15.553 15.553 15.419 15.286 15.152 15.019 14.886 14.752 14.619 14.553 14.466 14.362 14.258 14.153 14.049 13.945 13.841 13.841 13.633 13.529 13.425 13.322 13.222 13.179 13.136 13.070 12.987 12.904 12.822 12.739 12.657 12.574 12.492 12.492 12.327 12.244 12.162 12.100 12.105 12.110 12.115 12.087 12.044 12.001 11.958 11.914 11.871 11.828 11.785 11.785
15.063 15.184 15.306 15.428 15.550 15.671 15.793 15.914 16.035 16.157 16.321 16.356 16.356 16.359 16.363 16.366 16.369 16.373 16.375 16.378 16.382 16.363 16.335 16.221 16.088 15.954 15.820 15.553 15.553 15.420 15.287 15.153 15.020 14.887 14.753 14.620 14.554 14.466 14.362 14.258 14.154 14.050 13.946 13.842 13.842 13.634 13.530 13.426 13.323 13.223 13.179 13.136 13.070 12.988 12.905 12.823 12.740 12.658 12.575 12.493 12.493 12.328 12.245 12.163 12.101 12.106 12.111 12.116 12.088 12.045 12.002 11.959 11.915 11.872 11.829 11.786 11.786
15.357 15.479 15.601 15.721 15.843 15.965 16.087 16.208 16.312 16.398 16.435 16.381 16.381 16.353 16.325 16.298 16.270 16.243 16.216 16.188 16.161 16.133 16.066 15.940 15.806 15.673 15.539 15.273 15.273 15.139 15.006 14.873 14.739 14.606 14.472 14.375 14.315 14.253 14.149 14.045 13.941 13.837 13.733 13.629 13.629 13.422 13.317 13.213 13.109 13.045 13.002 12.959 12.916 12.833 12.751 12.668 12.586 12.503 12.421 12.338 12.338 12.173 12.091 12.008 11.998 12.004 12.009 12.014 12.012 11.968 11.925 11.882 11.839 11.796 11.752 11.709 11.709
15.513 15.600 15.686 15.773 15.859 15.945 16.032 16.118 16.204 16.291 16.229 16.150 16.150 16.123 16.096 16.068 16.041 16.014 15.986 15.959 15.931 15.903 15.779 15.654 15.526 15.392 15.259 14.992 14.992 14.859 14.724 14.591 14.458 14.324 14.197 14.137 14.076 14.016 13.936 13.832 13.729 13.625 13.521 13.416 13.416 13.208 13.104 13.000 12.911 12.868 12.825 12.781 12.738 12.679 12.596 12.514 12.431 12.349 12.266 12.184 12.184 12.019 11.936 11.891 11.896 11.901 11.907 11.912 11.917 11.892 11.849 11.805 11.762 11.719 11.676 11.633 11.633
15.298 15.384 15.471 15.557 15.643 15.730 15.815 15.902 15.979 15.903 15.827 15.691 15.691 15.663 15.636 15.609 15.581 15.553 15.526 15.498 15.455 15.330 15.206 15.081 14.957 14.830 14.697 14.429 14.429 14.296 14.162 14.029 13.895 13.780 13.719 13.659 13.598 13.538 13.477 13.405 13.301 13.197 13.093 12.989 12.989 12.782 12.678 12.598 12.555 12.512 12.469 12.426 12.383 12.340 12.286 12.204 12.122 12.039 11.956 11.873 11.873 11.708 11.679 11.684 11.690 11.696 11.701 11.706 11.712 11.717 11.694 11.651 11.608 11.565 11.521 11.478 11.478
15.230 15.277 15.362 15.449 15.535 15.622 15.708 15.794 15.778 15.703 15.627 15.476 15.476 15.433 15.406 15.378 15.351 15.324 15.296 15.269 15.169 15.044 14.920 14.794 14.670 14.546 14.415 14.148 14.148 14.015 13.882 13.748 13.615 13.541 13.481 13.420 13.359 13.298 13.237 13.177 13.088 12.985 12.881 12.777 12.777 12.569 12.465 12.421 12.377 12.334 12.291 12.248 12.205 12.161 12.118 12.049 11.966 11.884 11.801 11.719 11.719 11.571 11.577 11.582 11.587 11.593 11.598 11.603 11.608 11.614 11.617 11.574 11.531 11.488 11.445 11.402 11.402
15.170 15.176 15.255 15.342 15.428 15.514 15.601 15.654 15.578 15.501 15.426 15.274 15.274 15.204 15.177 15.149 15.122 15.094 15.067 15.007 14.882 14.757 14.633 14.508 14.384 14.260 14.134 13.868 13.868 13.734 13.601 13.468 13.362 13.302 13.241 13.181 13.120 13.060 12.999 12.938 12.876 12.772 12.668 12.564 12.564 12.356 12.286 12.243 12.200 12.157 12.113 12.070 12.027 11.984 11.941 11.894 11.812 11.729 11.647 11.564 11.564 11.469 11.474 11.480 11.485 11.490 11.496 11.501 11.506 11.511 11.517 11.497 11.454 11.410 11.368 11.324 11.324
15.111 15.117 15.148 15.234 15.321 15.406 15.492 15.452 15.376 15.301 15.225 15.074 15.074 14.998 14.947 14.920 14.893 14.864 14.837 14.720 14.596 14.471 14.347 14.223 14.098 13.974 13.849 13.587 13.587 13.453 13.319 13.186 13.124 13.063 13.003 12.942 12.882 12.821 12.761 12.700 12.639 12.559 12.455 12.351 12.351 12.152 12.108 12.065 12.022 11.979 11.935 11.892 11.849 11.806 11.763 11.720 11.657 11.575 11.492 11.410 11.410 11.367 11.372 11.377 11.383 11.388 11.393 11.399 11.404 11.409 11.414 11.420 11.377 11.334 11.291 11.248 11.248
15.052 15.058 15.063 15.126 15.213 15.299 15.327 15.252 15.176 15.100 15.025 14.873 14.873 14.796 14.721 14.690 14.662 14.635 14.559 14.434 14.310 14.185 14.061 13.937 13.812 13.687 13.562 13.305 13.305 13.172 13.039 12.946 12.885 12.825 12.764 12.704 12.643 12.583 12.522 12.461 12.401 12.339 12.241 12.138 12.138 11.973 11.930 11.887 11.844 11.801 11.758 11.715 11.672 11.629 11.586 11.543 11.500 11.420 11.338 11.255 11.255 11.264 11.270 11.275 11.280 11.286 11.291 11.296 11.302 11.307 11.312 11.318 11.301 11.257 11.214 11.186 11.186
14.992 14.998 15.004 15.019 15.105 15.192 15.127 15.051 14.976 14.899 14.823 14.672 14.672 14.596 14.520 14.460 14.433 14.397 14.273 14.148 14.024 13.899 13.774 13.650 13.525 13.401 13.276 13.025 13.025 12.891 12.768 12.707 12.647 12.586 12.526 12.465 12.405 12.344 12.284 12.222 12.161 12.101 12.029 11.925 11.925 11.796 11.753 11.710 11.667 11.624 11.581 11.538 11.495 11.451 11.408 11.365 11.322 11.266 11.183 11.152 11.152 11.162 11.167 11.173 11.178 11.183 11.189 11.194 11.199 11.205 11.210 11.215 11.221 11.181 11.137 11.139 11.139
14.933 14.939 14.944 14.950 14.998 15.001 14.925 14.850 14.774 14.698 14.623 14.471 14.471 14.395 14.320 14.244 14.204 14.111 13.986 13.861 13.737 13.613 13.488 13.364 13.239 13.115 12.991 12.742 12.742 12.611 12.530 12.469 12.408 12.348 12.286 12.226 12.165 12.105 12.044 11.984 11.923 11.862 11.802 11.712 11.712 11.619 11.576 11.532 11.489 11.446 11.403 11.360 11.317 11.274 11.231 11.188 11.145 11.101 11.044 11.049 11.049 11.060 11.065 11.070 11.076 11.081 11.086 11.092 11.097 11.102 11.107 11.113 11.118 11.104 11.089 11.093 11.093
14.856 14.860 14.864 14.868 14.865 14.789 14.714 14.638 14.563 14.487 14.412 14.261 14.261 14.185 14.110 14.034 13.955 13.831 13.707 13.583 13.458 13.334 13.210 13.086 12.961 12.837 12.713 12.464 12.464 12.365 12.305 12.245 12.186 12.127 12.068 12.009 11.950 11.890 11.831 11.772 11.713 11.654 11.595 11.560 11.560 11.477 11.435 11.393 11.351 11.309 11.267 11.225 11.183 11.142 11.100 11.058 11.016 10.974 10.984 10.988 10.988 10.997 11.001 11.005 11.010 11.014 11.018 11.023 11.027 11.031 11.036 11.040 11.044 11.049 11.052 11.054 11.054
14.623 14.628 14.632 14.637 14.578 14.502 14.426 14.351 14.275 14.200 14.124 13.972 13.972 13.897 13.821 13.746 13.708 13.612 13.488 13.364 13.240 13.115 12.991 12.867 12.743 12.618 12.493 12.245 12.245 12.214 12.166 12.106 12.047 11.988 11.929 11.870 11.811 11.751 11.692 11.633 11.574 11.515 11.464 11.465 11.465 11.399 11.357 11.315 11.273 11.232 11.190 11.148 11.106 11.064 11.022 10.980 10.939 10.928 10.957 10.969 10.969 10.978 10.982 10.986 10.991 10.995 11.000 11.004 11.008 11.013 11.017 11.021 11.026 11.032 11.037 11.039 11.039
14.392 14.396 14.401 14.367 14.290 14.214 14.138 14.062 13.987 13.911 13.836 13.685 13.685 13.609 13.534 13.484 13.447 13.394 13.269 13.145 13.021 12.897 12.772 12.647 12.523 12.399 12.274 12.090 12.090 12.060 12.027 11.967 11.908 11.849 11.790 11.731 11.672 11.612 11.553 11.494 11.435 11.376 11.364 11.364 11.364 11.321 11.280 11.238 11.196 11.154 11.112 11.070 11.029 10.987 10.945 10.903 10.868 10.897 10.926 10.950 10.950 10.959 10.963 10.968 10.972 10.976 10.981 10.985 10.989 10.994 10.998 11.002 11.008 11.015 11.022 11.024 11.024
14.161 14.165 14.156 14.079 14.002 13.926 13.850 13.774 13.699 13.623 13.548 13.397 13.397 13.322 13.261 13.224 13.187 13.150 13.051 12.925 12.801 12.677 12.553 12.428 12.304 12.180 12.056 11.936 11.936 11.906 11.876 11.828 11.769 11.710 11.651 11.592 11.533 11.473 11.414 11.355 11.296 11.263 11.264 11.264 11.264 11.244 11.202 11.160 11.118 11.077 11.035 10.993 10.951 10.909 10.867 10.826 10.836 10.865 10.895 10.924 10.924 10.940 10.945 10.949 10.953 10.958 10.962 10.966 10.971 10.975 10.979 10.984 10.991 10.998 11.004 11.009 11.009
13.928 13.933 13.868 13.792 13.715 13.639 13.562 13.487 13.411 13.336 13.260 13.109 13.109 13.038 13.000 12.962 12.925 12.888 12.831 12.707 12.583 12.458 12.334 12.210 12.086 11.961 11.841 11.782 11.782 11.752 11.722 11.689 11.630 11.571 11.512 11.453 11.394 11.334 11.275 11.216 11.162 11.163 11.164 11.164 11.164 11.166 11.125 11.083 11.041 10.999 10.957 10.915 10.874 10.832 10.790 10.776 10.805 10.834 10.863 10.892 10.892 10.922 10.926 10.930 10.935 10.939 10.943 10.948 10.952 10.956 10.960 10.967 10.974 10.981 10.987 10.994 10.994
13.697 13.657 13.581 13.504 13.428 13.351 13.275 13.199 13.124 13.048 12.973 12.821 12.821 12.776 12.739 12.702 12.665 12.627 12.590 12.488 12.364 12.240 12.115 11.991 11.867 11.743 11.687 11.628 11.628 11.598 11.568 11.539 11.491 11.432 11.372 11.313 11.254 11.195 11.136 11.076 11.062 11.063 11.064 11.064 11.064 11.066 11.047 11.005 10.963 10.922 10.880 10.838 10.796 10.754 10.715 10.744 10.774 10.803 10.832 10.861 10.861 10.903 10.907 10.911 10.916 10.920 10.924 10.929 10.933 10.937 10.943 10.950 10.957 10.963 10.970 10.977 10.977
13.698 13.658 13.582 13.505 13.429 13.352 13.276 13.199 13.124 13.048 12.973 12.822 12.822 12.777 12.740 12.703 12.666 12.628 12.591 12.489 12.365 12.241 12.116 11.992 11.868 11.744 11.688 11.629 11.629 11.599 11.569 11.540 11.492 11.432 11.373 11.314 11.255 11.196 11.136 11.077 11.063 11.064 11.065 11.065 11.065 11.067 11.048 11.006 10.964 10.923 10.881 10.839 10.797 10.755 10.716 10.745 10.775 10.804 10.833 10.862 10.862 10.904 10.908 10.912 10.917 10.921 10.925 10.930 10.934 10.938 10.944 10.951 10.958 10.964 10.971 10.978 10.978
13.448 13.371 13.295 13.217 13.141 13.064 12.988 12.911 12.836 12.761 12.685 12.554 12.554 12.517 12.479 12.442 12.405 12.368 12.331 12.270 12.146 12.022 11.898 11.773 11.649 11.564 11.533 11.474 11.474 11.444 11.414 11.385 11.352 11.293 11.234 11.175 11.116 11.057 10.997 10.962 10.963 10.964 10.965 10.965 10.965 10.967 10.968 10.929 10.887 10.845 10.803 10.761 10.720 10.678 10.685 10.714 10.743 10.772 10.801 10.831 10.831 10.885 10.889 10.894 10.898 10.902 10.907 10.911 10.915 10.920 10.927 10.934 10.941 10.947 10.954 10.961 10.961
13.160 13.083 13.007 12.930 12.854 12.777 12.701 12.624 12.548 12.473 12.397 12.293 12.293 12.256 12.219 12.182 12.144 12.107 12.070 12.033 11.927 11.803 11.678 11.554 11.438 11.409 11.379 11.320 11.320 11.290 11.260 11.231 11.201 11.154 11.095 11.036 10.977 10.917 10.861 10.862 10.863 10.864 10.865 10.866 10.866 10.867 10.868 10.851 10.810 10.768 10.726 10.684 10.642 10.624 10.654 10.683 10.712 10.741 10.770 10.799 10.799 10.857 10.870 10.875 10.879 10.884 10.888 10.892 10.896 10.903 10.910 10.917 10.923 10.930 10.937 10.944 10.944
12.587 12.508 12.431 12.355 12.278 12.202 12.125 12.049 11.972 11.897 11.845 11.771 11.771 11.734 11.697 11.660 11.622 11.585 11.547 11.510 11.473 11.364 11.240 11.159 11.130 11.100 11.070 11.011 11.011 10.981 10.951 10.922 10.892 10.862 10.816 10.757 10.697 10.660 10.661 10.661 10.662 10.663 10.664 10.665 10.665 10.667 10.667 10.668 10.654 10.612 10.570 10.528 10.532 10.561 10.590 10.619 10.648 10.677 10.706 10.736 10.736 10.794 10.823 10.836 10.841 10.845 10.849 10.854 10.861 10.868 10.875 10.881 10.888 10.895 10.901 10.908 10.908
12.422 12.333 12.244 12.155 12.066 11.977 11.888 11.799 11.710 11.636 11.586 11.510 11.510 11.472 11.435 11.398 11.361 11.324 11.287 11.250 11.212 11.145 11.035 11.005 10.975 10.946 10.916 10.856 10.856 10.827 10.797 10.767 10.738 10.708 10.677 10.618 10.559 10.560 10.561 10.562 10.562 10.563 10.564 10.565 10.565 10.567 10.567 10.568 10.569 10.535 10.493 10.471 10.500 10.530 10.559 10.588 10.617 10.646 10.675 10.704 10.704 10.762 10.792 10.818 10.822 10.826 10.831 10.837 10.844 10.851 10.857 10.864 10.871 10.878 10.884 10.891 10.891
12.258 12.169 12.080 11.991 11.902 11.813 11.724 11.635 11.558 11.517 11.467 11.367 11.367 11.316 11.266 11.215 11.165 11.114 11.064 11.013 10.963 10.915 10.881 10.851 10.821 10.791 10.762 10.702 10.702 10.673 10.643 10.613 10.583 10.554 10.524 10.478 10.459 10.460 10.461 10.462 10.462 10.463 10.464 10.465 10.465 10.467 10.468 10.468 10.469 10.457 10.415 10.440 10.469 10.498 10.527 10.556 10.586 10.615 10.644 10.673 10.673 10.731 10.760 10.789 10.803 10.807 10.813 10.820 10.827 10.834 10.840 10.847 10.854 10.860 10.867 10.874 10.874
12.094 12.005 11.916 11.827 11.738 11.648 11.559 11.480 11.438 11.396 11.350 11.249 11.249 11.199 11.148 11.098 11.047 10.997 10.946 10.896 10.845 10.826 10.808 10.774 10.740 10.705 10.671 10.602 10.602 10.568 10.533 10.499 10.465 10.430 10.396 10.378 10.376 10.375 10.374 10.372 10.371 10.369 10.368 10.366 10.366 10.367 10.368 10.369 10.369 10.370 10.380 10.409 10.438 10.467 10.496 10.525 10.554 10.583 10.613 10.642 10.642 10.700 10.729 10.758 10.784 10.790 10.796 10.803 10.810 10.816 10.823 10.830 10.837 10.843 10.850 10.857 10.857
11.929 11.840 11.751 11.661 11.572 11.483 11.401 11.359 11.318 11.276 11.233 11.132 11.132 11.081 11.031 10.980 10.930 10.879 10.829 10.778 10.751 10.748 10.743 10.708 10.674 10.640 10.605 10.537 10.537 10.502 10.468 10.433 10.399 10.365 10.334 10.351 10.358 10.357 10.355 10.354 10.352 10.351 10.349 10.348 10.348 10.345 10.344 10.342 10.341 10.344 10.362 10.391 10.419 10.448 10.476 10.505 10.533 10.562 10.590 10.619 10.619 10.676 10.704 10.733 10.762 10.779 10.784 10.789 10.795 10.800 10.806 10.813 10.820 10.826 10.833 10.840 10.840
