includes/lisflood/camargue/results_R4_t1.561741501247E12/res-0002.wdfp
ncols         906
nrows         631
xllcorner     362177.146667
yllcorner     6534725.688020
cellsize      20.000000
NODATA_value  -9999.000000
[rows 476 to 509 of 631, columns 154 to 230 of 906]
3.017 3.032 3.047 3.062 3.093 3.127 3.161 3.190 3.184 3.200 3.216 3.231 3.247 3.262 3.278 3.278 3.309 3.304 3.279 3.255 3.230 3.232 3.236 3.240 3.244 3.248 3.252 3.247 3.235 3.222 3.210 3.209 3.184 3.161 3.135 3.109 3.083 3.061 3.055 3.049 3.044 3.038 3.032 3.026 3.021 3.011 2.999 2.999 2.973 2.945 2.918 2.890 2.863 2.835 2.808 2.780 2.753 2.726 2.712 2.698 2.684 2.671 2.149 2.634 2.633 2.621 2.608 2.595 2.583 2.079 2.558 2.548 2.069 2.069 2.521 2.512 2.129
3.046 3.081 3.115 3.150 3.184 3.219 3.253 3.268 3.262 3.260 3.275 3.291 3.307 3.322 3.338 3.338 3.369 3.349 3.324 3.300 3.275 3.255 3.259 3.263 3.267 3.271 3.275 3.263 3.250 3.238 3.225 3.225 3.200 3.186 3.160 3.134 3.108 3.096 3.090 3.084 3.079 3.073 3.067 3.061 3.056 3.050 3.038 3.038 3.003 2.976 2.948 2.921 2.893 2.866 2.838 2.811 2.783 2.756 2.736 2.722 2.708 2.696 2.683 2.658 2.658 2.099 2.139 2.620 2.607 2.129 2.582 2.119 2.563 2.129 2.544 2.139 2.099
3.229 3.264 3.298 3.333 3.368 3.402 3.429 3.423 3.417 3.411 3.405 3.411 3.426 3.442 3.458 3.457 3.464 3.439 3.415 3.390 3.366 3.341 3.317 3.308 3.313 3.317 3.307 3.295 3.282 3.269 3.257 3.257 3.232 3.219 3.206 3.185 3.171 3.166 3.160 3.154 3.149 3.143 3.137 3.131 3.126 3.120 3.113 3.113 3.064 3.036 3.008 2.981 2.953 2.926 2.898 2.870 2.843 2.815 2.788 2.770 2.757 2.744 2.732 2.706 2.706 2.694 2.681 2.668 2.656 2.643 2.631 2.079 2.129 2.601 2.119 2.109 2.558
3.321 3.355 3.390 3.425 3.459 3.494 3.507 3.501 3.495 3.489 3.483 3.477 3.486 3.502 3.517 3.517 3.509 3.484 3.460 3.435 3.411 3.386 3.362 3.338 3.335 3.336 3.323 3.311 3.298 3.285 3.272 3.272 3.247 3.235 3.222 3.211 3.200 3.192 3.184 3.175 3.167 3.159 3.151 3.142 3.134 3.126 3.116 3.116 3.070 3.043 3.015 2.987 2.960 2.932 2.905 2.877 2.850 2.822 2.803 2.802 2.788 2.774 2.760 2.731 2.731 2.128 2.118 2.129 2.109 2.668 2.655 2.642 2.633 2.622 2.119 2.119 2.109
3.414 3.447 3.482 3.516 3.551 3.585 3.584 3.578 3.572 3.566 3.560 3.554 3.548 3.562 3.577 3.577 3.554 3.530 3.505 3.481 3.456 3.432 3.407 3.383 3.359 3.352 3.339 3.329 3.323 3.317 3.310 3.310 3.298 3.291 3.285 3.248 3.204 3.196 3.188 3.180 3.172 3.163 3.155 3.147 3.139 3.131 3.116 3.116 3.077 3.050 3.022 2.994 2.967 2.939 2.912 2.884 2.857 2.829 2.831 2.833 2.821 2.807 2.793 2.148 2.148 2.750 2.735 2.721 2.707 2.693 2.679 2.667 2.654 2.638 2.119 2.129 2.039
3.515 3.539 3.573 3.608 3.642 3.668 3.662 3.656 3.650 3.644 3.638 3.632 3.626 3.621 3.637 3.637 3.599 3.575 3.550 3.526 3.501 3.476 3.450 3.425 3.400 3.405 3.399 3.392 3.386 3.380 3.373 3.373 3.360 3.354 3.346 3.285 3.224 3.201 3.193 3.185 3.176 3.168 3.160 3.151 3.143 3.132 3.117 3.117 3.084 3.056 3.029 3.001 2.974 2.946 2.919 2.891 2.864 2.856 2.858 2.860 2.854 2.840 2.826 2.797 2.797 2.783 2.768 2.754 2.740 2.726 2.089 2.692 2.668 2.654 2.639 2.623 2.119
3.616 3.640 3.665 3.700 3.734 3.745 3.739 3.733 3.727 3.721 3.715 3.710 3.704 3.698 3.693 3.693 3.643 3.617 3.592 3.566 3.540 3.515 3.489 3.463 3.452 3.461 3.462 3.455 3.449 3.443 3.436 3.436 3.423 3.417 3.383 3.322 3.261 3.206 3.197 3.189 3.181 3.173 3.164 3.156 3.148 3.133 3.118 3.118 3.088 3.063 3.036 3.008 2.981 2.953 2.926 2.898 2.881 2.883 2.886 2.888 2.887 2.873 2.859 2.830 2.830 2.816 2.802 2.787 2.773 2.759 2.741 2.707 2.680 2.666 2.652 2.638 2.623
3.718 3.741 3.764 3.791 3.826 3.823 3.817 3.811 3.805 3.799 3.788 3.768 3.749 3.730 3.719 3.719 3.681 3.656 3.630 3.604 3.579 3.553 3.527 3.501 3.504 3.513 3.522 3.518 3.512 3.505 3.499 3.499 3.487 3.480 3.420 3.359 3.298 3.237 3.202 3.194 3.185 3.177 3.169 3.161 3.148 3.133 3.119 3.119 3.089 3.070 3.043 3.015 2.988 2.960 2.932 2.906 2.908 2.911 2.913 2.915 2.918 2.148 2.892 2.863 2.863 2.849 2.835 2.820 2.806 2.790 2.756 2.722 2.692 2.677 2.119 2.649 2.635
3.819 3.842 3.865 3.888 3.907 3.898 3.878 3.859 3.839 3.820 3.801 3.781 3.762 3.743 3.738 3.738 3.719 3.694 3.668 3.643 3.617 3.591 3.566 3.548 3.556 3.565 3.574 3.581 3.575 3.569 3.562 3.562 3.550 3.518 3.457 3.396 3.335 3.274 3.212 3.198 3.190 3.182 3.173 3.164 3.149 3.134 3.119 3.119 3.089 3.074 3.049 3.022 2.994 2.967 2.939 2.933 2.936 2.938 2.940 2.943 2.945 2.939 2.925 2.896 2.896 2.882 2.867 2.853 2.839 2.805 2.771 2.738 2.149 2.689 2.675 2.661 2.647
3.920 3.925 3.927 3.929 3.926 3.910 3.891 3.871 3.852 3.833 3.813 3.794 3.774 3.759 3.757 3.757 3.754 3.732 3.706 3.681 3.655 3.630 3.604 3.600 3.609 3.617 3.626 3.635 3.638 3.632 3.625 3.625 3.613 3.555 3.494 3.433 3.372 3.311 3.249 3.203 3.194 3.186 3.178 3.165 3.150 3.135 3.120 3.120 3.090 3.075 3.056 3.029 3.001 2.974 2.958 2.961 2.963 2.965 2.968 2.970 2.973 2.972 2.958 2.929 2.929 2.915 2.900 2.886 2.854 2.820 2.787 2.753 2.719 2.119 2.069 2.099 2.140
3.928 3.930 3.931 3.933 3.927 3.921 3.904 3.884 3.865 3.845 3.826 3.807 3.787 3.778 3.777 3.776 3.773 3.770 3.745 3.719 3.693 3.668 3.644 3.652 3.661 3.669 3.678 3.687 3.695 3.694 3.688 3.688 3.653 3.592 3.531 3.470 3.409 3.347 3.286 3.225 3.199 3.191 3.181 3.166 3.151 3.136 3.121 3.121 3.091 3.076 3.061 3.036 3.008 2.983 2.986 2.988 2.991 2.993 2.995 2.998 3.000 3.002 2.991 2.962 2.962 2.948 2.934 2.903 2.870 2.836 2.802 2.768 2.735 2.712 2.109 2.099 2.670
3.932 3.934 3.935 3.934 3.928 3.923 3.916 3.897 3.877 3.858 3.839 3.819 3.800 3.797 3.796 3.796 3.793 3.791 3.783 3.757 3.732 3.706 3.696 3.705 3.713 3.722 3.730 3.739 3.748 3.756 3.751 3.751 3.690 3.629 3.568 3.507 3.445 3.384 3.323 3.261 3.204 3.195 3.181 3.166 3.152 3.137 3.122 3.121 3.092 3.077 3.062 3.043 3.015 3.011 3.013 3.016 3.018 3.021 3.023 3.025 3.027 3.030 3.024 2.995 2.995 2.981 2.953 2.919 2.885 2.851 2.817 2.784 2.750 2.139 2.710 2.696 2.681
3.936 3.938 3.939 3.936 3.930 3.924 3.918 3.910 3.890 3.871 3.851 3.832 3.818 3.816 3.815 3.815 3.812 3.810 3.809 3.796 3.770 3.744 3.748 3.757 3.765 3.774 3.782 3.791 3.800 3.808 3.814 3.814 3.727 3.666 3.605 3.543 3.482 3.421 3.360 3.298 3.237 3.197 3.182 3.167 3.152 3.137 3.122 3.122 3.093 3.078 3.063 3.048 3.036 3.038 3.041 3.043 3.046 3.048 3.050 3.053 3.055 3.057 3.056 3.028 3.028 3.002 2.968 2.934 2.900 2.867 2.833 2.799 2.765 2.735 2.149 1.999 2.693
3.940 3.942 3.943 3.937 3.931 3.925 3.920 3.914 3.903 3.883 3.864 3.845 3.837 3.836 3.834 3.834 3.831 3.829 3.828 3.826 3.808 3.792 3.800 3.809 3.817 3.826 3.835 3.843 3.852 3.850 3.842 3.842 3.726 3.658 3.590 3.523 3.455 3.387 3.319 3.252 3.184 3.161 3.147 3.133 3.119 3.105 3.091 3.091 3.064 3.050 3.036 3.028 3.041 3.050 3.059 3.067 3.073 3.076 3.078 3.080 3.083 3.085 3.087 3.051 3.051 3.017 2.983 2.949 2.916 2.882 2.848 2.814 2.781 2.747 2.733 2.719 2.705
3.944 3.946 3.944 3.938 3.933 3.927 3.921 3.915 3.910 3.896 3.877 3.858 3.857 3.855 3.853 3.853 3.850 3.849 3.847 3.845 3.844 3.844 3.844 3.836 3.828 3.819 3.811 3.803 3.794 3.786 3.770 3.770 3.666 3.598 3.531 3.463 3.395 3.327 3.260 3.192 3.149 3.127 3.108 3.095 3.081 3.067 3.053 3.053 3.026 3.012 2.998 3.011 3.028 3.037 3.046 3.054 3.063 3.072 3.081 3.089 3.098 3.107 3.115 3.066 3.066 3.033 2.999 2.965 2.931 2.897 2.864 2.830 2.796 2.762 2.149 2.730 2.716
3.948 3.950 3.945 3.940 3.934 3.928 3.922 3.917 3.911 3.905 3.889 3.878 3.876 3.874 3.873 3.873 3.869 3.855 3.841 3.828 3.813 3.789 3.780 3.772 3.763 3.755 3.747 3.739 3.730 3.722 3.692 3.692 3.606 3.539 3.471 3.403 3.335 3.267 3.200 3.137 3.115 3.093 3.070 3.056 3.043 3.029 3.015 3.015 2.988 2.974 2.977 2.995 3.013 3.024 3.033 3.042 3.050 3.059 3.068 3.076 3.085 3.094 3.105 3.077 3.077 3.047 3.014 2.980 2.946 2.913 2.879 2.845 2.811 2.777 2.129 2.742 2.728
3.948 3.950 3.945 3.940 3.934 3.928 3.923 3.917 3.911 3.905 3.889 3.878 3.876 3.874 3.873 3.872 3.869 3.855 3.841 3.828 3.813 3.788 3.780 3.772 3.763 3.755 3.747 3.738 3.730 3.722 3.692 3.692 3.606 3.539 3.471 3.403 3.335 3.267 3.200 3.137 3.115 3.093 3.070 3.057 3.043 3.029 3.015 3.015 2.988 2.974 2.978 2.995 3.013 3.024 3.033 3.042 3.050 3.059 3.068 3.076 3.085 3.094 3.105 3.077 3.077 3.047 3.014 2.980 2.947 2.913 2.879 2.845 2.811 2.778 2.129 2.742 2.728
3.952 3.953 3.947 3.941 3.935 3.930 3.924 3.918 3.912 3.907 3.901 3.894 3.880 3.866 3.852 3.852 3.824 3.811 3.797 3.783 3.764 3.737 3.716 3.708 3.699 3.691 3.683 3.674 3.666 3.654 3.615 3.614 3.536 3.479 3.411 3.343 3.275 3.208 3.140 3.103 3.081 3.058 3.036 3.018 3.005 2.991 2.977 2.977 2.949 2.944 2.962 2.979 2.997 3.011 3.020 3.029 3.038 3.046 3.055 3.063 3.072 3.082 3.098 3.080 3.080 3.050 3.020 2.990 2.960 2.928 2.894 2.860 2.827 2.793 2.768 2.039 2.739
3.960 3.955 3.946 3.937 3.928 3.919 3.910 3.901 3.892 3.883 3.859 3.822 3.790 3.776 3.763 3.762 3.735 3.721 3.707 3.691 3.664 3.638 3.611 3.584 3.571 3.563 3.554 3.546 3.537 3.498 3.459 3.459 3.380 3.341 3.291 3.223 3.156 3.088 3.057 3.035 3.012 2.990 2.968 2.946 2.928 2.915 2.901 2.901 2.893 2.911 2.929 2.947 2.965 2.983 2.994 3.003 3.012 3.020 3.029 3.038 3.053 3.069 3.085 3.086 3.087 3.057 3.027 2.997 2.967 2.937 2.907 2.877 2.847 2.817 2.796 2.819 2.835
3.956 3.940 3.931 3.922 3.913 3.904 3.895 3.886 3.877 3.868 3.834 3.797 3.760 3.732 3.718 3.718 3.690 3.676 3.662 3.642 3.615 3.588 3.561 3.534 3.507 3.499 3.490 3.482 3.460 3.421 3.381 3.381 3.303 3.263 3.224 3.164 3.096 3.045 3.023 3.001 2.149 2.956 2.934 2.912 2.890 2.877 2.863 2.863 2.877 2.895 2.913 2.931 2.949 2.967 2.982 2.990 2.999 3.008 3.016 3.030 3.046 3.062 3.078 3.090 3.090 3.060 3.030 3.000 2.970 2.940 2.910 2.880 2.850 2.129 2.812 2.843 2.875
3.950 3.931 3.916 3.907 3.898 3.889 3.880 3.872 3.863 3.847 3.809 3.772 3.735 3.697 3.673 3.673 3.645 3.631 3.617 3.592 3.565 3.538 3.511 3.484 3.457 3.434 3.426 3.418 3.382 3.343 3.304 3.303 3.225 3.186 3.146 3.104 3.036 3.011 2.989 2.967 2.944 2.922 2.900 2.878 2.856 2.839 2.826 2.826 2.861 2.879 2.897 2.915 2.933 2.951 2.969 2.977 2.986 2.995 3.008 3.024 3.040 3.055 3.071 3.093 3.093 3.063 3.033 3.003 2.973 2.944 2.914 2.884 2.863 2.848 2.832 2.858 2.890
3.943 3.924 3.905 3.893 3.884 3.875 3.866 3.857 3.848 3.822 3.784 3.747 3.709 3.672 3.634 3.634 3.600 3.587 3.570 3.543 3.516 3.489 3.462 3.435 3.408 3.381 3.362 3.344 3.305 3.265 3.226 3.226 3.147 3.108 3.069 3.029 2.999 2.977 2.955 2.933 2.910 2.888 2.866 2.844 2.822 2.801 2.809 2.809 2.845 2.863 2.881 2.899 2.917 2.934 2.952 2.964 2.973 2.986 3.002 3.017 3.033 3.049 3.065 3.096 3.096 3.066 3.036 3.006 2.977 2.947 2.917 2.898 2.883 2.868 2.852 2.873 2.905
3.937 3.918 3.899 3.880 3.869 3.860 3.851 3.842 3.833 3.797 3.759 3.722 3.684 3.647 3.609 3.609 3.556 3.542 3.520 3.493 3.466 3.439 3.412 3.385 3.358 3.331 3.304 3.267 3.229 3.190 3.152 3.151 3.074 3.036 2.997 2.961 2.967 2.945 2.922 2.900 2.878 2.856 2.834 2.811 2.789 2.784 2.801 2.801 2.833 2.849 2.865 2.883 2.901 2.918 2.936 2.952 2.963 2.979 2.995 3.011 3.027 3.042 3.058 3.089 3.089 3.070 3.040 3.010 2.980 2.950 2.933 2.918 2.903 2.887 2.872 2.887 2.920
3.931 3.912 3.893 3.874 3.855 3.845 3.836 3.828 3.809 3.772 3.734 3.697 3.659 3.622 3.584 3.584 3.511 3.497 3.470 3.443 3.417 3.390 3.361 3.332 3.304 3.275 3.245 3.198 3.158 3.120 3.081 3.081 3.004 2.966 2.927 2.916 2.923 2.913 2.890 2.868 2.846 2.824 2.802 2.779 2.761 2.781 2.799 2.799 2.831 2.847 2.863 2.879 2.895 2.911 2.927 2.940 2.957 2.972 2.988 3.004 3.020 3.036 3.051 3.083 3.083 3.073 3.043 3.013 2.984 2.969 2.953 2.938 2.923 2.907 2.892 2.902 2.935
3.925 3.906 3.887 3.868 3.848 3.831 3.822 3.813 3.784 3.747 3.709 3.672 3.634 3.597 3.559 3.559 3.484 3.446 3.418 3.389 3.360 3.332 3.303 3.274 3.245 3.217 3.182 3.135 3.088 3.049 3.011 3.011 2.934 2.896 2.865 2.871 2.878 2.881 2.858 2.836 2.814 2.792 2.770 2.748 2.758 2.777 2.797 2.797 2.829 2.845 2.861 2.877 2.893 2.909 2.924 2.930 2.944 2.962 2.979 2.997 3.013 3.029 3.045 3.076 3.076 3.076 3.046 3.019 3.004 2.988 2.973 2.958 2.942 2.927 2.912 2.917 2.950
3.918 3.899 3.880 3.861 3.842 3.823 3.807 3.797 3.759 3.722 3.684 3.647 3.605 3.560 3.515 3.514 3.424 3.389 3.359 3.331 3.302 3.274 3.245 3.216 3.187 3.159 3.118 3.071 3.024 2.979 2.941 2.941 2.864 2.825 2.819 2.826 2.832 2.839 2.827 2.804 2.782 2.760 2.738 2.735 2.755 2.774 2.794 2.794 2.827 2.843 2.859 2.875 2.891 2.907 2.914 2.921 2.932 2.950 2.967 2.984 3.002 3.019 3.037 3.070 3.069 3.080 3.054 3.039 3.024 3.008 2.993 2.978 2.962 2.947 2.932 2.932 2.964
3.912 3.893 3.874 3.855 3.836 3.817 3.798 3.769 3.724 3.679 3.633 3.588 3.543 3.497 3.452 3.452 3.361 3.331 3.302 3.273 3.244 3.215 3.187 3.158 3.129 3.100 3.055 3.008 2.961 2.913 2.871 2.870 2.794 2.767 2.774 2.780 2.787 2.794 2.795 2.772 2.750 2.728 2.712 2.731 2.751 2.771 2.790 2.790 2.826 2.841 2.857 2.873 2.889 2.898 2.905 2.911 2.920 2.938 2.955 2.972 2.990 3.007 3.024 3.059 3.059 3.092 3.075 3.059 3.044 3.028 3.013 2.998 2.982 2.967 2.952 2.947 2.979
3.906 3.887 3.869 3.852 3.834 3.817 3.800 3.725 3.661 3.616 3.571 3.525 3.480 3.435 3.389 3.389 3.304 3.274 3.244 3.215 3.186 3.157 3.129 3.100 3.071 3.038 2.991 2.944 2.897 2.850 2.803 2.803 2.723 2.722 2.729 2.735 2.742 2.749 2.755 2.740 2.718 2.696 2.708 2.728 2.748 2.768 2.787 2.787 2.824 2.840 2.856 2.872 2.881 2.888 2.895 2.902 2.909 2.925 2.943 2.960 2.977 2.995 3.012 3.067 3.067 3.117 3.107 3.086 3.065 3.048 3.033 3.018 3.002 2.987 2.972 2.962 2.994
3.907 3.889 3.872 3.855 3.838 3.821 3.792 3.702 3.611 3.553 3.508 3.463 3.418 3.372 3.326 3.326 3.246 3.217 3.187 3.158 3.128 3.099 3.071 3.042 3.013 2.975 2.928 2.880 2.833 2.786 2.739 2.739 2.670 2.676 2.683 2.690 2.697 2.703 2.710 2.708 2.686 2.686 2.705 2.725 2.744 2.764 2.784 2.784 2.822 2.838 2.854 2.866 2.872 2.879 2.886 2.892 2.899 2.913 2.931 2.948 2.965 2.983 3.000 3.092 3.092 3.143 3.140 3.119 3.097 3.076 3.055 3.038 3.022 3.007 2.992 2.977 3.009
3.910 3.893 3.876 3.859 3.842 3.825 3.769 3.679 3.588 3.498 3.446 3.400 3.355 3.309 3.264 3.264 3.189 3.159 3.130 3.100 3.071 3.041 3.012 2.984 2.955 2.911 2.864 2.817 2.770 2.723 2.688 2.688 2.676 2.669 2.661 2.654 2.651 2.658 2.665 2.672 2.663 2.682 2.702 2.722 2.741 2.761 2.780 2.781 2.820 2.836 2.849 2.856 2.863 2.869 2.876 2.883 2.890 2.901 2.919 2.936 2.953 2.971 3.016 3.117 3.117 3.168 3.173 3.152 3.130 3.109 3.088 3.067 3.046 3.027 3.011 2.996 3.024
3.914 3.897 3.879 3.862 3.845 3.828 3.746 3.655 3.565 3.475 3.384 3.338 3.292 3.247 3.201 3.201 3.132 3.102 3.073 3.043 3.014 2.984 2.955 2.926 2.895 2.848 2.801 2.754 2.749 2.744 2.739 2.738 2.727 2.720 2.713 2.705 2.698 2.690 2.683 2.676 2.675 2.691 2.708 2.725 2.741 2.758 2.777 2.777 2.817 2.833 2.840 2.847 2.853 2.860 2.867 2.873 2.880 2.889 2.906 2.924 2.941 2.991 3.042 3.143 3.143 3.193 3.206 3.185 3.163 3.142 3.121 3.100 3.079 3.057 3.036 3.016 3.050
3.917 3.900 3.883 3.866 3.849 3.812 3.722 3.632 3.542 3.452 3.361 3.275 3.230 3.184 3.139 3.139 3.074 3.045 3.015 2.986 2.956 2.927 2.897 2.868 2.831 2.814 2.809 2.804 2.799 2.794 2.789 2.789 2.778 2.771 2.764 2.756 2.749 2.741 2.734 2.723 2.711 2.725 2.742 2.758 2.775 2.792 2.808 2.808 2.841 2.866 2.857 2.847 2.844 2.851 2.857 2.864 2.871 2.877 2.894 2.915 2.966 3.016 3.067 3.168 3.168 3.219 3.239 3.218 3.196 3.175 3.154 3.133 3.111 3.090 3.069 3.067 3.101
3.917 3.900 3.883 3.866 3.849 3.812 3.722 3.632 3.542 3.451 3.361 3.275 3.230 3.184 3.139 3.139 3.074 3.045 3.015 2.986 2.956 2.927 2.897 2.868 2.831 2.814 2.809 2.804 2.799 2.794 2.789 2.789 2.778 2.771 2.764 2.756 2.749 2.741 2.734 2.723 2.711 2.725 2.742 2.758 2.775 2.792 2.808 2.808 2.841 2.866 2.857 2.848 2.844 2.851 2.857 2.864 2.871 2.877 2.894 2.915 2.966 3.016 3.067 3.168 3.168 3.219 3.239 3.218 3.197 3.175 3.154 3.133 3.112 3.090 3.069 3.067 3.101
3.921 3.904 3.886 3.869 3.852 3.789 3.699 3.609 3.518 3.428 3.338 3.248 3.167 3.122 3.076 3.076 3.017 2.988 2.958 2.928 2.899 2.873 2.853 2.833 2.852 2.865 2.860 2.855 2.850 2.845 2.840 2.840 2.830 2.822 2.814 2.807 2.800 2.792 2.782 2.770 2.759 2.759 2.776 2.792 2.809 2.826 2.842 2.842 2.882 2.913 2.916 2.906 2.897 2.887 2.878 2.868 2.861 2.868 2.890 2.941 2.991 3.042 3.093 3.194 3.194 3.245 3.272 3.251 3.230 3.208 3.187 3.166 3.144 3.132 3.130 3.128 3.163
