includes/lisflood/camargue/results_R4_t1.561741501247E12/res-0013.wdfp
ncols         906
nrows         631
xllcorner     362177.146667
yllcorner     6534725.688020
cellsize      20.000000
NODATA_value  -9999.000000
[rows 578 to 611 of 631, columns 154 to 230 of 906]
0.025 0.027 0.027 0.026 0.009 0.007 0.006 0.005 0.005 0.004 0.004 0.004 0.004 0.004 0.003 0.007 0.002 0.003 0.004 0.004 0.004 0.004 0.004 0.003 0.003 0.002 0.003 0.004 0.005 0.006 0.007 0.005 0.005 0.004 0.004 0.005 0.005 0.006 0.007 0.008 0.008 0.009 0.010 0.014 0.016 0.013 0.011 0.010 0.009 0.008 0.008 0.007 0.008 0.009 0.010 0.010 0.011 0.015 0.020 0.016 0.014 0.013 0.013 0.012 0.018 0.015 0.005 0.003 0.002 0.001 0.001 0.000 0.000 0.001 0.001 0.002 0.003
0.029 0.030 0.030 0.013 0.008 0.007 0.007 0.006 0.005 0.004 0.004 0.004 0.004 0.003 0.002 0.006 0.002 0.003 0.004 0.004 0.004 0.004 0.004 0.003 0.003 0.001 0.004 0.004 0.005 0.006 0.007 0.005 0.006 0.004 0.004 0.005 0.006 0.007 0.007 0.008 0.009 0.009 0.011 0.016 0.013 0.011 0.010 0.009 0.009 0.008 0.007 0.007 0.008 0.008 0.008 0.008 0.009 0.011 0.016 0.017 0.015 0.014 0.015 0.014 0.019 0.016 0.010 0.006 0.005 0.003 0.001 0.000 0.000 0.000 0.002 0.002 0.004
0.033 0.034 0.021 0.010 0.008 0.008 0.007 0.006 0.006 0.004 0.004 0.004 0.003 0.003 0.003 0.006 0.002 0.003 0.004 0.003 0.004 0.004 0.004 0.003 0.003 0.004 0.003 0.002 0.005 0.006 0.007 0.005 0.006 0.004 0.005 0.006 0.007 0.007 0.008 0.008 0.009 0.009 0.012 0.014 0.011 0.010 0.009 0.009 0.009 0.008 0.008 0.007 0.007 0.007 0.007 0.007 0.007 0.009 0.011 0.016 0.015 0.015 0.017 0.015 0.020 0.018 0.016 0.010 0.007 0.003 0.002 0.001 0.000 0.001 0.002 0.003 0.004
0.037 0.031 0.014 0.010 0.009 0.008 0.008 0.007 0.006 0.005 0.004 0.003 0.003 0.003 0.003 0.006 0.002 0.003 0.004 0.003 0.003 0.004 0.005 0.006 0.007 0.008 0.008 0.007 0.005 0.004 0.005 0.003 0.006 0.005 0.006 0.007 0.008 0.008 0.008 0.008 0.008 0.008 0.013 0.012 0.010 0.009 0.009 0.009 0.008 0.008 0.008 0.007 0.006 0.006 0.006 0.006 0.006 0.007 0.008 0.011 0.014 0.018 0.018 0.015 0.021 0.019 0.019 0.013 0.007 0.005 0.003 0.002 0.001 0.001 0.003 0.004 0.005
0.039 0.021 0.014 0.011 0.009 0.008 0.008 0.008 0.007 0.006 0.003 0.003 0.003 0.003 0.003 0.006 0.002 0.003 0.005 0.007 0.008 0.009 0.009 0.010 0.010 0.010 0.010 0.010 0.010 0.009 0.008 0.007 0.004 0.007 0.007 0.007 0.006 0.006 0.005 0.005 0.005 0.004 0.006 0.007 0.006 0.005 0.005 0.006 0.005 0.005 0.005 0.004 0.002 0.003 0.003 0.003 0.003 0.003 0.003 0.002 0.003 0.014 0.012 0.009 0.013 0.011 0.011 0.012 0.010 0.007 0.005 0.003 0.000 0.002 0.003 0.005 0.006
0.020 0.017 0.013 0.010 0.008 0.008 0.008 0.008 0.007 0.007 0.003 0.002 0.003 0.003 0.003 0.007 0.003 0.007 0.009 0.010 0.011 0.011 0.012 0.012 0.012 0.012 0.012 0.012 0.012 0.012 0.011 0.011 0.010 0.007 0.006 0.005 0.005 0.005 0.004 0.004 0.004 0.004 0.003 0.006 0.004 0.004 0.004 0.005 0.004 0.004 0.004 0.003 0.004 0.004 0.004 0.004 0.004 0.004 0.004 0.003 0.002 0.008 0.010 0.008 0.010 0.008 0.008 0.008 0.010 0.010 0.007 0.004 0.003 0.003 0.004 0.006 0.007
0.014 0.015 0.014 0.011 0.008 0.007 0.007 0.007 0.007 0.008 0.005 0.003 0.003 0.003 0.003 0.007 0.004 0.009 0.010 0.011 0.012 0.013 0.013 0.013 0.013 0.014 0.014 0.014 0.014 0.013 0.013 0.013 0.013 0.012 0.012 0.011 0.011 0.011 0.011 0.011 0.011 0.010 0.010 0.008 0.008 0.008 0.008 0.008 0.008 0.008 0.009 0.010 0.010 0.010 0.010 0.010 0.010 0.010 0.009 0.009 0.008 0.003 0.011 0.008 0.010 0.008 0.007 0.007 0.007 0.008 0.010 0.007 0.006 0.007 0.005 0.007 0.007
0.011 0.012 0.015 0.012 0.009 0.007 0.007 0.007 0.008 0.008 0.006 0.004 0.004 0.004 0.004 0.009 0.006 0.010 0.012 0.013 0.013 0.014 0.014 0.015 0.015 0.015 0.015 0.015 0.015 0.015 0.015 0.015 0.015 0.014 0.014 0.014 0.014 0.014 0.014 0.014 0.014 0.014 0.013 0.013 0.013 0.013 0.013 0.013 0.013 0.013 0.013 0.013 0.013 0.013 0.013 0.013 0.013 0.012 0.012 0.012 0.011 0.008 0.007 0.010 0.009 0.008 0.007 0.007 0.006 0.006 0.007 0.009 0.011 0.011 0.010 0.009 0.007
0.008 0.010 0.013 0.014 0.010 0.007 0.007 0.007 0.008 0.008 0.007 0.004 0.004 0.004 0.004 0.009 0.007 0.011 0.013 0.014 0.014 0.015 0.015 0.016 0.016 0.016 0.016 0.016 0.016 0.016 0.016 0.016 0.016 0.016 0.016 0.016 0.016 0.015 0.015 0.015 0.016 0.016 0.016 0.016 0.016 0.016 0.016 0.016 0.016 0.016 0.015 0.015 0.015 0.015 0.015 0.015 0.014 0.014 0.014 0.014 0.013 0.013 0.010 0.009 0.009 0.009 0.010 0.011 0.012 0.013 0.013 0.014 0.014 0.014 0.014 0.013 0.012
0.006 0.008 0.011 0.015 0.011 0.008 0.007 0.007 0.007 0.008 0.008 0.004 0.004 0.003 0.003 0.008 0.010 0.012 0.014 0.015 0.015 0.016 0.016 0.016 0.017 0.017 0.017 0.017 0.017 0.017 0.017 0.017 0.017 0.017 0.017 0.017 0.017 0.017 0.017 0.017 0.017 0.017 0.017 0.017 0.017 0.017 0.017 0.017 0.017 0.017 0.017 0.017 0.017 0.017 0.017 0.017 0.017 0.016 0.016 0.016 0.016 0.015 0.015 0.015 0.015 0.015 0.016 0.016 0.016 0.016 0.017 0.017 0.017 0.017 0.017 0.016 0.016
0.010 0.014 0.019 0.024 0.021 0.015 0.012 0.012 0.013 0.013 0.014 0.008 0.007 0.006 0.005 0.011 0.011 0.013 0.014 0.015 0.016 0.016 0.017 0.017 0.017 0.018 0.018 0.018 0.018 0.018 0.018 0.018 0.018 0.018 0.018 0.018 0.018 0.018 0.018 0.018 0.018 0.018 0.018 0.018 0.019 0.019 0.019 0.019 0.019 0.019 0.019 0.019 0.018 0.018 0.018 0.019 0.019 0.018 0.018 0.018 0.017 0.017 0.017 0.018 0.018 0.018 0.018 0.019 0.019 0.019 0.019 0.019 0.019 0.019 0.019 0.019 0.018
0.002 0.004 0.007 0.012 0.017 0.011 0.007 0.006 0.007 0.008 0.009 0.007 0.006 0.006 0.005 0.010 0.013 0.014 0.015 0.016 0.017 0.017 0.018 0.018 0.018 0.018 0.019 0.019 0.019 0.019 0.019 0.019 0.019 0.019 0.019 0.019 0.020 0.020 0.020 0.020 0.020 0.020 0.020 0.020 0.020 0.020 0.020 0.020 0.020 0.020 0.020 0.020 0.020 0.020 0.020 0.020 0.020 0.020 0.020 0.020 0.019 0.019 0.019 0.019 0.020 0.020 0.020 0.021 0.021 0.021 0.021 0.021 0.021 0.021 0.020 0.020 0.020
0.001 0.002 0.004 0.007 0.019 0.014 0.006 0.005 0.006 0.006 0.007 0.007 0.005 0.004 0.010 0.012 0.014 0.015 0.016 0.017 0.017 0.018 0.018 0.018 0.019 0.019 0.019 0.019 0.020 0.020 0.020 0.020 0.020 0.020 0.020 0.021 0.021 0.021 0.021 0.021 0.021 0.021 0.021 0.021 0.021 0.021 0.021 0.021 0.021 0.021 0.021 0.021 0.022 0.022 0.022 0.022 0.022 0.022 0.022 0.021 0.021 0.021 0.021 0.021 0.022 0.022 0.022 0.022 0.022 0.022 0.022 0.022 0.022 0.022 0.022 0.022 0.022
0.000 0.000 0.001 0.006 0.018 0.015 0.006 0.005 0.005 0.005 0.005 0.004 0.004 0.009 0.012 0.014 0.015 0.016 0.017 0.017 0.018 0.018 0.019 0.019 0.019 0.020 0.020 0.020 0.020 0.020 0.020 0.021 0.021 0.021 0.022 0.022 0.022 0.023 0.023 0.023 0.023 0.023 0.023 0.023 0.023 0.023 0.023 0.023 0.023 0.023 0.023 0.023 0.023 0.023 0.023 0.023 0.023 0.023 0.023 0.023 0.023 0.023 0.023 0.023 0.023 0.023 0.023 0.023 0.023 0.023 0.023 0.023 0.023 0.023 0.023 0.023 0.023
0.000 0.001 0.002 0.007 0.019 0.019 0.007 0.006 0.006 0.006 0.004 0.004 0.009 0.012 0.013 0.015 0.016 0.017 0.017 0.018 0.018 0.019 0.019 0.019 0.020 0.020 0.020 0.020 0.021 0.021 0.021 0.021 0.021 0.022 0.022 0.023 0.023 0.024 0.024 0.024 0.024 0.024 0.024 0.024 0.024 0.024 0.024 0.024 0.024 0.025 0.025 0.025 0.025 0.025 0.025 0.025 0.025 0.025 0.025 0.025 0.025 0.025 0.025 0.025 0.025 0.025 0.025 0.025 0.025 0.025 0.025 0.024 0.024 0.024 0.024 0.024 0.024
0.000 0.001 0.003 0.007 0.018 0.020 0.007 0.006 0.006 0.004 0.003 0.009 0.012 0.013 0.015 0.016 0.016 0.017 0.018 0.018 0.019 0.019 0.019 0.020 0.020 0.020 0.021 0.021 0.021 0.021 0.021 0.022 0.022 0.023 0.023 0.024 0.024 0.024 0.025 0.025 0.025 0.025 0.025 0.025 0.025 0.025 0.025 0.026 0.026 0.026 0.026 0.026 0.026 0.026 0.026 0.026 0.026 0.026 0.026 0.026 0.026 0.026 0.026 0.026 0.026 0.026 0.026 0.026 0.026 0.026 0.025 0.025 0.025 0.025 0.025 0.025 0.025
0.000 0.001 0.003 0.007 0.015 0.021 0.006 0.005 0.003 0.003 0.009 0.011 0.013 0.014 0.015 0.016 0.017 0.018 0.018 0.019 0.019 0.019 0.020 0.020 0.020 0.021 0.021 0.021 0.022 0.022 0.022 0.022 0.023 0.024 0.024 0.025 0.025 0.025 0.025 0.026 0.026 0.026 0.026 0.026 0.026 0.026 0.026 0.026 0.026 0.026 0.026 0.026 0.026 0.026 0.026 0.026 0.026 0.026 0.027 0.027 0.027 0.027 0.027 0.027 0.027 0.027 0.027 0.026 0.026 0.026 0.026 0.026 0.026 0.026 0.026 0.026 0.026
0.001 0.002 0.004 0.007 0.013 0.021 0.005 0.003 0.003 0.008 0.011 0.013 0.014 0.015 0.016 0.017 0.017 0.018 0.018 0.019 0.019 0.020 0.020 0.020 0.021 0.021 0.021 0.022 0.022 0.022 0.022 0.023 0.024 0.024 0.025 0.025 0.026 0.026 0.026 0.026 0.026 0.027 0.027 0.027 0.027 0.027 0.027 0.027 0.027 0.027 0.027 0.027 0.027 0.027 0.027 0.027 0.027 0.027 0.027 0.028 0.028 0.028 0.027 0.027 0.027 0.027 0.027 0.027 0.027 0.027 0.027 0.027 0.027 0.027 0.027 0.027 0.026
0.001 0.002 0.005 0.008 0.012 0.020 0.002 0.003 0.008 0.010 0.012 0.014 0.015 0.016 0.016 0.017 0.018 0.018 0.019 0.019 0.020 0.020 0.020 0.021 0.021 0.021 0.022 0.022 0.022 0.022 0.023 0.024 0.024 0.025 0.025 0.026 0.026 0.026 0.027 0.027 0.027 0.027 0.027 0.027 0.028 0.028 0.028 0.028 0.028 0.028 0.028 0.028 0.028 0.028 0.028 0.028 0.028 0.028 0.028 0.028 0.028 0.028 0.028 0.028 0.028 0.028 0.028 0.028 0.028 0.028 0.028 0.028 0.027 0.027 0.027 0.027 0.027
0.001 0.003 0.006 0.010 0.014 0.015 0.001 0.006 0.009 0.012 0.013 0.014 0.015 0.016 0.017 0.017 0.018 0.018 0.019 0.019 0.020 0.020 0.020 0.021 0.021 0.022 0.022 0.022 0.023 0.023 0.024 0.024 0.025 0.025 0.026 0.026 0.027 0.027 0.027 0.027 0.028 0.028 0.028 0.028 0.028 0.028 0.028 0.028 0.028 0.028 0.028 0.028 0.028 0.028 0.028 0.028 0.029 0.029 0.029 0.029 0.029 0.029 0.029 0.029 0.029 0.028 0.028 0.028 0.028 0.028 0.028 0.028 0.028 0.028 0.028 0.028 0.028
0.001 0.003 0.007 0.011 0.012 0.012 0.002 0.007 0.010 0.012 0.014 0.015 0.016 0.016 0.017 0.018 0.018 0.019 0.019 0.020 0.020 0.020 0.021 0.021 0.021 0.022 0.022 0.023 0.023 0.024 0.024 0.025 0.025 0.026 0.026 0.027 0.027 0.027 0.028 0.028 0.028 0.028 0.028 0.028 0.029 0.029 0.029 0.029 0.029 0.029 0.029 0.029 0.029 0.029 0.029 0.029 0.029 0.029 0.030 0.030 0.029 0.029 0.029 0.029 0.029 0.029 0.029 0.029 0.029 0.029 0.029 0.029 0.028 0.028 0.028 0.028 0.028
0.001 0.004 0.008 0.008 0.010 0.012 0.004 0.007 0.011 0.013 0.014 0.015 0.016 0.017 0.017 0.018 0.018 0.019 0.019 0.020 0.020 0.020 0.021 0.021 0.021 0.022 0.023 0.023 0.023 0.024 0.025 0.025 0.026 0.026 0.027 0.027 0.027 0.028 0.028 0.028 0.028 0.029 0.029 0.029 0.029 0.029 0.029 0.029 0.029 0.029 0.029 0.029 0.030 0.030 0.030 0.030 0.030 0.030 0.030 0.030 0.030 0.030 0.030 0.030 0.030 0.029 0.029 0.029 0.029 0.029 0.029 0.029 0.029 0.029 0.029 0.029 0.028
0.002 0.004 0.005 0.007 0.009 0.012 0.006 0.006 0.011 0.013 0.014 0.016 0.016 0.017 0.018 0.018 0.019 0.019 0.019 0.020 0.020 0.020 0.021 0.021 0.022 0.023 0.023 0.024 0.024 0.025 0.025 0.026 0.026 0.027 0.027 0.027 0.028 0.028 0.028 0.028 0.029 0.029 0.029 0.029 0.029 0.029 0.029 0.029 0.030 0.030 0.030 0.030 0.030 0.031 0.031 0.031 0.031 0.031 0.031 0.031 0.030 0.030 0.030 0.030 0.030 0.030 0.030 0.030 0.030 0.030 0.029 0.029 0.029 0.029 0.029 0.029 0.029
0.002 0.003 0.004 0.005 0.008 0.012 0.020 0.007 0.011 0.014 0.015 0.016 0.017 0.017 0.018 0.018 0.019 0.019 0.020 0.020 0.020 0.021 0.021 0.021 0.022 0.023 0.023 0.024 0.024 0.025 0.026 0.026 0.026 0.027 0.027 0.028 0.028 0.028 0.028 0.029 0.029 0.029 0.029 0.030 0.030 0.030 0.030 0.030 0.030 0.031 0.031 0.031 0.031 0.031 0.031 0.031 0.031 0.031 0.031 0.031 0.031 0.030 0.030 0.030 0.030 0.030 0.030 0.030 0.030 0.030 0.030 0.030 0.030 0.029 0.029 0.029 0.029
0.001 0.002 0.003 0.004 0.005 0.007 0.010 0.009 0.012 0.014 0.015 0.016 0.017 0.017 0.018 0.018 0.019 0.019 0.020 0.020 0.020 0.021 0.021 0.022 0.022 0.023 0.024 0.024 0.025 0.025 0.026 0.026 0.027 0.027 0.027 0.028 0.028 0.028 0.028 0.029 0.029 0.029 0.030 0.030 0.030 0.030 0.030 0.031 0.031 0.031 0.031 0.032 0.032 0.032 0.032 0.032 0.032 0.032 0.032 0.031 0.031 0.031 0.031 0.031 0.031 0.030 0.030 0.030 0.030 0.030 0.030 0.030 0.030 0.030 0.030 0.029 0.029
0.000 0.002 0.003 0.004 0.005 0.006 0.008 0.011 0.013 0.014 0.015 0.016 0.017 0.018 0.018 0.019 0.019 0.019 0.020 0.020 0.020 0.021 0.021 0.022 0.023 0.023 0.024 0.024 0.025 0.025 0.026 0.026 0.027 0.027 0.028 0.028 0.028 0.028 0.029 0.029 0.030 0.030 0.030 0.030 0.030 0.031 0.031 0.031 0.031 0.032 0.032 0.032 0.032 0.032 0.032 0.032 0.032 0.032 0.032 0.032 0.031 0.031 0.031 0.031 0.031 0.031 0.031 0.031 0.031 0.030 0.030 0.030 0.030 0.030 0.030 0.030 0.029
0.002 0.003 0.005 0.006 0.008 0.009 0.011 0.012 0.014 0.015 0.016 0.016 0.017 0.018 0.018 0.019 0.019 0.019 0.020 0.020 0.020 0.021 0.021 0.022 0.023 0.023 0.024 0.025 0.025 0.026 0.026 0.026 0.027 0.027 0.028 0.028 0.028 0.028 0.029 0.029 0.030 0.030 0.031 0.031 0.031 0.031 0.031 0.031 0.032 0.032 0.032 0.032 0.032 0.032 0.032 0.032 0.032 0.032 0.032 0.032 0.032 0.031 0.031 0.031 0.031 0.031 0.031 0.031 0.031 0.031 0.031 0.031 0.030 0.030 0.030 0.030 0.030
0.001 0.003 0.005 0.007 0.009 0.010 0.012 0.013 0.014 0.015 0.016 0.017 0.017 0.018 0.018 0.019 0.019 0.019 0.020 0.020 0.020 0.021 0.021 0.022 0.023 0.024 0.024 0.025 0.025 0.026 0.026 0.027 0.027 0.027 0.028 0.028 0.028 0.029 0.029 0.030 0.030 0.031 0.031 0.031 0.031 0.031 0.032 0.032 0.032 0.032 0.033 0.033 0.033 0.033 0.033 0.033 0.033 0.033 0.032 0.032 0.032 0.032 0.031 0.031 0.031 0.031 0.031 0.031 0.031 0.031 0.031 0.031 0.031 0.031 0.030 0.030 0.030
0.001 0.002 0.005 0.007 0.009 0.011 0.012 0.013 0.014 0.015 0.016 0.017 0.017 0.018 0.018 0.019 0.019 0.019 0.020 0.020 0.020 0.021 0.022 0.022 0.023 0.024 0.024 0.025 0.025 0.026 0.026 0.027 0.027 0.027 0.028 0.028 0.028 0.029 0.029 0.030 0.031 0.031 0.031 0.032 0.032 0.032 0.032 0.032 0.033 0.033 0.033 0.033 0.033 0.033 0.033 0.033 0.033 0.033 0.033 0.032 0.032 0.032 0.032 0.032 0.032 0.031 0.031 0.031 0.031 0.031 0.031 0.031 0.031 0.031 0.031 0.031 0.031
0.003 0.003 0.004 0.007 0.009 0.011 0.013 0.014 0.015 0.016 0.016 0.017 0.017 0.018 0.018 0.019 0.019 0.019 0.020 0.020 0.020 0.021 0.022 0.022 0.023 0.024 0.024 0.025 0.025 0.026 0.026 0.027 0.027 0.027 0.028 0.028 0.028 0.029 0.030 0.030 0.031 0.031 0.032 0.032 0.032 0.032 0.033 0.033 0.033 0.033 0.033 0.033 0.033 0.033 0.033 0.033 0.033 0.033 0.033 0.032 0.032 0.032 0.032 0.032 0.032 0.032 0.032 0.032 0.031 0.031 0.031 0.031 0.031 0.031 0.031 0.031 0.031
0.005 0.004 0.005 0.005 0.009 0.012 0.013 0.014 0.015 0.016 0.016 0.017 0.017 0.018 0.018 0.019 0.019 0.019 0.020 0.020 0.020 0.021 0.021 0.022 0.023 0.024 0.024 0.025 0.025 0.026 0.026 0.027 0.027 0.027 0.028 0.028 0.029 0.029 0.030 0.031 0.031 0.032 0.032 0.032 0.032 0.033 0.033 0.033 0.033 0.033 0.033 0.033 0.033 0.033 0.033 0.033 0.033 0.033 0.033 0.033 0.032 0.032 0.032 0.032 0.032 0.032 0.032 0.032 0.032 0.032 0.032 0.031 0.031 0.031 0.031 0.031 0.031
0.017 0.008 0.009 0.010 0.009 0.012 0.013 0.014 0.015 0.016 0.016 0.017 0.017 0.018 0.018 0.019 0.019 0.019 0.020 0.020 0.021 0.021 0.021 0.022 0.023 0.024 0.024 0.025 0.025 0.026 0.026 0.027 0.027 0.027 0.028 0.028 0.029 0.030 0.030 0.031 0.031 0.032 0.032 0.032 0.033 0.033 0.033 0.033 0.033 0.033 0.033 0.033 0.033 0.033 0.033 0.033 0.033 0.033 0.033 0.033 0.032 0.032 0.032 0.032 0.032 0.032 0.032 0.032 0.032 0.032 0.032 0.032 0.032 0.032 0.032 0.032 0.031
0.034 0.017 0.013 0.005 0.010 0.012 0.013 0.014 0.015 0.016 0.016 0.017 0.017 0.018 0.018 0.019 0.019 0.019 0.020 0.020 0.021 0.021 0.021 0.022 0.023 0.024 0.024 0.025 0.025 0.026 0.026 0.027 0.027 0.027 0.028 0.028 0.029 0.030 0.030 0.031 0.031 0.032 0.032 0.033 0.033 0.033 0.033 0.033 0.033 0.033 0.033 0.033 0.033 0.033 0.033 0.033 0.033 0.033 0.033 0.033 0.032 0.032 0.032 0.032 0.032 0.032 0.032 0.032 0.032 0.032 0.032 0.032 0.032 0.032 0.032 0.032 0.032
0.045 0.025 0.006 0.006 0.010 0.012 0.014 0.014 0.015 0.016 0.016 0.017 0.017 0.018 0.018 0.019 0.019 0.019 0.020 0.020 0.021 0.021 0.021 0.022 0.023 0.024 0.024 0.025 0.025 0.026 0.026 0.027 0.027 0.027 0.028 0.028 0.029 0.030 0.031 0.031 0.032 0.032 0.032 0.033 0.033 0.033 0.033 0.033 0.033 0.033 0.033 0.033 0.033 0.033 0.033 0.033 0.033 0.033 0.033 0.033 0.033 0.032 0.032 0.032 0.032 0.032 0.032 0.032 0.032 0.032 0.032 0.032 0.032 0.032 0.032 0.032 0.032
