includes/lisflood/camargue/results_R4_t1.561741501247E12/res-0012.wdfp
ncols         906
nrows         631
xllcorner     362177.146667
yllcorner     6534725.688020
cellsize      20.000000
NODATA_value  -9999.000000
[rows 408 to 441 of 631, columns 616 to 692 of 906]
0.055 0.025 0.009 0.004 0.042 0.042 0.000 0.000 0.003 0.001 0.237 0.000 0.000 0.000 0.000 0.000 0.000 0.000 0.020 0.040 0.000 0.000 0.014 0.018 0.028 0.000 0.022 0.032 0.000 0.385 0.000 0.357 0.002 0.043 0.013 0.000 0.001 0.000 0.000 0.000 0.023 0.000 0.025 0.000 0.006 0.009 0.011 0.000 0.009 0.006 0.005 0.004 0.010 0.005 0.005 0.000 0.000 0.000 0.010 0.003 0.001 0.002 0.004 0.004 0.004 0.002 0.001 0.002 0.002 0.002 0.001 0.000 0.000 0.001 0.002 0.002 0.003
0.000 0.000 0.000 0.003 0.082 0.082 0.003 0.000 0.000 0.015 0.035 0.000 0.056 0.056 0.056 0.046 0.000 0.000 0.457 0.480 0.000 0.000 0.002 0.012 0.004 0.000 0.373 0.000 0.399 0.396 0.002 0.041 0.002 0.000 0.000 0.000 0.000 0.000 0.000 0.000 0.024 0.027 0.032 0.000 0.006 0.008 0.009 0.006 0.005 0.006 0.006 0.007 0.000 0.000 0.004 0.003 0.004 0.005 0.009 0.004 0.002 0.003 0.004 0.004 0.004 0.002 0.002 0.002 0.002 0.002 0.000 0.000 0.001 0.001 0.002 0.002 0.003
0.000 0.092 0.152 0.000 0.051 0.051 0.000 0.064 0.034 0.000 0.045 0.003 0.126 0.000 0.000 0.012 0.118 0.068 0.000 0.016 0.000 0.000 0.050 0.030 0.006 0.006 0.387 0.010 0.000 0.406 0.000 0.009 0.002 0.383 0.000 0.000 0.002 0.002 0.000 0.024 0.028 0.032 0.000 0.003 0.006 0.009 0.009 0.007 0.008 0.009 0.009 0.010 0.016 0.009 0.010 0.013 0.027 0.020 0.015 0.010 0.007 0.007 0.008 0.008 0.007 0.005 0.005 0.004 0.004 0.005 0.001 0.001 0.001 0.002 0.003 0.004 0.005
0.000 0.092 0.152 0.000 0.051 0.051 0.000 0.064 0.034 0.000 0.045 0.003 0.126 0.000 0.000 0.010 0.118 0.068 0.000 0.011 0.000 0.000 0.050 0.030 0.004 0.004 0.387 0.005 0.000 0.406 0.000 0.005 0.001 0.383 0.000 0.000 0.002 0.002 0.000 0.024 0.027 0.028 0.000 0.002 0.004 0.005 0.005 0.003 0.004 0.004 0.005 0.004 0.015 0.009 0.010 0.013 0.027 0.015 0.009 0.005 0.003 0.003 0.004 0.003 0.003 0.002 0.002 0.002 0.001 0.002 0.000 0.000 0.000 0.001 0.001 0.002 0.002
0.000 0.000 0.102 0.000 0.206 0.206 0.000 0.000 0.074 0.000 0.000 0.319 0.026 0.016 0.007 0.000 0.037 0.000 0.000 0.016 0.020 0.020 0.000 0.002 0.408 0.403 0.000 0.023 0.013 0.000 0.000 0.002 0.000 0.000 0.041 0.000 0.041 0.041 0.041 0.000 0.000 0.022 0.015 0.010 0.007 0.005 0.004 0.004 0.004 0.004 0.004 0.006 0.000 0.000 0.000 0.000 0.000 0.015 0.010 0.005 0.004 0.004 0.004 0.003 0.003 0.002 0.002 0.002 0.001 0.002 0.000 0.000 0.000 0.000 0.001 0.002 0.002
0.002 0.001 0.000 0.000 0.131 0.131 0.000 0.064 0.064 0.044 0.000 0.086 0.000 0.000 0.017 0.000 0.013 0.000 0.000 0.002 0.004 0.002 0.018 0.011 0.002 0.417 0.411 0.000 0.011 0.000 0.003 0.004 0.002 0.000 0.000 0.000 0.412 0.412 0.001 0.000 0.000 0.022 0.016 0.011 0.006 0.004 0.003 0.003 0.003 0.003 0.004 0.004 0.004 0.001 0.000 0.000 0.001 0.013 0.008 0.004 0.003 0.003 0.003 0.003 0.002 0.002 0.002 0.001 0.001 0.002 0.000 0.000 0.000 0.000 0.000 0.001 0.002
0.055 0.025 0.003 0.000 0.014 0.013 0.018 0.000 0.000 0.001 0.096 0.066 0.000 0.000 0.000 0.070 0.010 0.005 0.000 0.002 0.003 0.002 0.000 0.013 0.008 0.000 0.000 0.000 0.012 0.005 0.004 0.004 0.002 0.000 0.000 0.000 0.000 0.000 0.000 0.000 0.005 0.000 0.011 0.009 0.008 0.007 0.005 0.005 0.004 0.004 0.004 0.004 0.006 0.002 0.003 0.039 0.000 0.016 0.011 0.006 0.004 0.004 0.004 0.003 0.003 0.002 0.002 0.002 0.001 0.002 0.000 0.000 0.000 0.000 0.001 0.001 0.002
0.000 0.000 0.003 0.001 0.037 0.037 0.280 0.000 0.112 0.002 0.000 0.000 0.000 0.404 0.010 0.040 0.000 0.013 0.000 0.001 0.007 0.007 0.000 0.013 0.008 0.005 0.004 0.006 0.010 0.006 0.007 0.004 0.001 0.000 0.000 0.000 0.000 0.000 0.002 0.001 0.000 0.000 0.006 0.008 0.008 0.007 0.006 0.006 0.005 0.005 0.005 0.004 0.007 0.003 0.004 0.000 0.000 0.013 0.014 0.007 0.004 0.004 0.004 0.003 0.003 0.003 0.002 0.002 0.001 0.002 0.000 0.000 0.000 0.000 0.000 0.001 0.002
0.011 0.000 0.000 0.044 0.002 0.000 0.297 0.000 0.000 0.087 0.008 0.038 0.000 0.000 0.000 0.000 0.000 0.013 0.000 0.001 0.008 0.008 0.007 0.010 0.007 0.000 0.007 0.007 0.008 0.005 0.000 0.004 0.001 0.000 0.000 0.000 0.000 0.000 0.000 0.002 0.001 0.000 0.005 0.007 0.007 0.007 0.007 0.006 0.006 0.005 0.005 0.004 0.008 0.004 0.004 0.004 0.000 0.010 0.015 0.009 0.005 0.004 0.004 0.003 0.003 0.002 0.002 0.001 0.001 0.002 0.000 0.001 0.000 0.000 0.000 0.001 0.002
0.000 0.000 0.024 0.034 0.000 0.000 0.040 0.328 0.350 0.006 0.000 0.000 0.000 0.000 0.000 0.000 0.000 0.013 0.000 0.005 0.010 0.010 0.008 0.009 0.007 0.005 0.007 0.007 0.007 0.005 0.002 0.003 0.001 0.000 0.000 0.000 0.000 0.000 0.000 0.000 0.001 0.001 0.003 0.005 0.007 0.007 0.007 0.007 0.006 0.006 0.005 0.004 0.009 0.004 0.004 0.004 0.003 0.008 0.017 0.011 0.006 0.004 0.004 0.004 0.003 0.002 0.002 0.001 0.001 0.002 0.000 0.000 0.001 0.000 0.000 0.001 0.002
0.000 0.000 0.000 0.000 0.095 0.095 0.021 0.345 0.031 0.003 0.000 0.000 0.000 0.000 0.000 0.000 0.000 0.008 0.009 0.000 0.011 0.011 0.009 0.008 0.007 0.006 0.007 0.007 0.006 0.004 0.003 0.003 0.001 0.000 0.000 0.000 0.000 0.000 0.000 0.000 0.042 0.000 0.004 0.005 0.006 0.007 0.007 0.007 0.007 0.006 0.006 0.005 0.009 0.005 0.004 0.004 0.004 0.007 0.022 0.022 0.015 0.010 0.007 0.004 0.003 0.002 0.001 0.001 0.001 0.002 0.000 0.000 0.000 0.001 0.000 0.001 0.002
0.128 0.078 0.010 0.011 0.045 0.045 0.000 0.000 0.353 0.001 0.000 0.000 0.000 0.000 0.414 0.000 0.000 0.006 0.008 0.011 0.011 0.012 0.009 0.008 0.007 0.006 0.007 0.006 0.005 0.004 0.003 0.002 0.000 0.000 0.000 0.000 0.000 0.000 0.000 0.000 0.000 0.000 0.000 0.004 0.006 0.008 0.009 0.010 0.010 0.009 0.008 0.006 0.011 0.006 0.005 0.005 0.005 0.019 0.055 0.069 0.064 0.059 0.039 0.020 0.004 0.002 0.001 0.001 0.001 0.002 0.000 0.000 0.000 0.000 0.001 0.000 0.002
0.000 0.000 0.035 0.045 0.000 0.000 0.000 0.000 0.012 0.029 0.031 0.000 0.008 0.015 0.000 0.000 0.000 0.004 0.006 0.015 0.012 0.013 0.009 0.008 0.007 0.007 0.006 0.006 0.005 0.004 0.002 0.002 0.000 0.000 0.000 0.000 0.000 0.000 0.000 0.000 0.000 0.000 0.000 0.002 0.003 0.005 0.007 0.008 0.009 0.010 0.011 0.009 0.019 0.011 0.010 0.010 0.028 0.063 0.099 0.126 0.121 0.101 0.081 0.062 0.042 0.022 0.004 0.001 0.000 0.002 0.000 0.000 0.000 0.000 0.000 0.001 0.001
0.000 0.041 0.000 0.000 0.000 0.000 0.000 0.000 0.014 0.000 0.029 0.029 0.029 0.030 0.029 0.000 0.000 0.003 0.005 0.019 0.014 0.014 0.010 0.008 0.007 0.007 0.006 0.005 0.004 0.003 0.002 0.002 0.001 0.000 0.000 0.000 0.000 0.000 0.000 0.000 0.000 0.000 0.000 0.001 0.002 0.003 0.004 0.006 0.007 0.008 0.009 0.008 0.018 0.011 0.011 0.017 0.052 0.094 0.137 0.179 0.163 0.143 0.124 0.104 0.084 0.064 0.045 0.025 0.006 0.006 0.000 0.000 0.000 0.000 0.000 0.001 0.001
0.043 0.000 0.011 0.000 0.051 0.051 0.000 0.000 0.336 0.358 0.000 0.000 0.000 0.000 0.020 0.020 0.000 0.002 0.007 0.030 0.018 0.017 0.012 0.008 0.007 0.006 0.006 0.005 0.004 0.003 0.002 0.001 0.000 0.000 0.000 0.000 0.000 0.000 0.000 0.000 0.000 0.000 0.000 0.000 0.001 0.002 0.003 0.004 0.005 0.006 0.007 0.006 0.016 0.009 0.010 0.019 0.057 0.099 0.142 0.165 0.166 0.156 0.146 0.135 0.125 0.107 0.087 0.067 0.047 0.047 0.008 0.000 0.000 0.000 0.000 0.000 0.003
0.000 0.021 0.000 0.000 0.000 0.000 0.000 0.332 0.354 0.376 0.013 0.010 0.000 0.000 0.014 0.017 0.012 0.009 0.013 0.000 0.018 0.018 0.012 0.008 0.007 0.006 0.005 0.005 0.004 0.003 0.002 0.001 0.000 0.000 0.000 0.000 0.000 0.000 0.000 0.000 0.000 0.000 0.000 0.000 0.001 0.001 0.002 0.002 0.003 0.004 0.005 0.005 0.014 0.008 0.010 0.022 0.062 0.104 0.137 0.150 0.161 0.151 0.141 0.131 0.120 0.110 0.100 0.090 0.080 0.080 0.050 0.031 0.011 0.002 0.002 0.003 0.007
0.000 0.000 0.061 0.000 0.000 0.000 0.000 0.000 0.003 0.005 0.000 0.002 0.003 0.002 0.010 0.013 0.013 0.011 0.013 0.021 0.016 0.017 0.013 0.009 0.007 0.006 0.005 0.005 0.004 0.003 0.002 0.001 0.000 0.000 0.000 0.000 0.000 0.000 0.000 0.000 0.000 0.000 0.000 0.000 0.000 0.000 0.000 0.002 0.002 0.003 0.004 0.004 0.012 0.007 0.009 0.025 0.067 0.108 0.122 0.135 0.149 0.146 0.136 0.126 0.115 0.105 0.095 0.085 0.075 0.075 0.054 0.044 0.034 0.024 0.016 0.010 0.012
0.000 0.000 0.031 0.000 0.000 0.000 0.000 0.000 0.000 0.008 0.006 0.005 0.005 0.004 0.008 0.011 0.012 0.012 0.016 0.027 0.019 0.019 0.014 0.010 0.008 0.006 0.005 0.005 0.004 0.003 0.002 0.001 0.000 0.000 0.000 0.000 0.000 0.000 0.000 0.000 0.000 0.000 0.000 0.000 0.000 0.000 0.001 0.001 0.001 0.002 0.003 0.003 0.010 0.006 0.008 0.030 0.072 0.093 0.107 0.120 0.134 0.141 0.131 0.121 0.110 0.100 0.090 0.080 0.070 0.070 0.049 0.039 0.029 0.019 0.011 0.006 0.020
0.000 0.000 0.000 0.293 0.002 0.001 0.000 0.000 0.000 0.006 0.007 0.008 0.008 0.007 0.009 0.012 0.014 0.015 0.022 0.032 0.025 0.025 0.021 0.016 0.012 0.010 0.008 0.007 0.006 0.004 0.003 0.002 0.001 0.000 0.000 0.000 0.001 0.000 0.000 0.000 0.000 0.000 0.000 0.001 0.000 0.000 0.000 0.000 0.001 0.002 0.002 0.002 0.009 0.005 0.008 0.034 0.065 0.078 0.092 0.105 0.119 0.133 0.126 0.116 0.105 0.095 0.085 0.075 0.065 0.065 0.044 0.034 0.024 0.014 0.004 0.009 0.033
0.000 0.000 0.000 0.293 0.000 0.000 0.000 0.000 0.000 0.003 0.004 0.004 0.004 0.004 0.005 0.007 0.008 0.010 0.016 0.026 0.020 0.020 0.015 0.011 0.008 0.006 0.005 0.004 0.003 0.002 0.002 0.001 0.000 0.000 0.000 0.000 0.000 0.000 0.000 0.000 0.000 0.000 0.000 0.000 0.000 0.000 0.000 0.000 0.000 0.000 0.000 0.001 0.006 0.003 0.005 0.034 0.065 0.078 0.092 0.105 0.119 0.133 0.126 0.115 0.105 0.095 0.085 0.075 0.065 0.064 0.044 0.034 0.024 0.013 0.002 0.005 0.025
0.000 0.000 0.370 0.000 0.000 0.000 0.000 0.000 0.000 0.002 0.003 0.003 0.004 0.004 0.005 0.006 0.007 0.009 0.017 0.025 0.020 0.020 0.016 0.012 0.008 0.006 0.005 0.004 0.003 0.002 0.001 0.001 0.000 0.000 0.000 0.000 0.000 0.000 0.000 0.000 0.000 0.000 0.000 0.000 0.000 0.000 0.000 0.000 0.000 0.000 0.000 0.000 0.005 0.002 0.005 0.036 0.050 0.063 0.077 0.091 0.104 0.118 0.121 0.110 0.100 0.090 0.080 0.070 0.059 0.059 0.039 0.029 0.018 0.006 0.003 0.005 0.020
0.000 0.000 0.000 0.000 0.000 0.000 0.000 0.000 0.000 0.001 0.002 0.002 0.003 0.003 0.004 0.004 0.005 0.007 0.017 0.022 0.018 0.018 0.015 0.012 0.008 0.005 0.004 0.003 0.002 0.002 0.001 0.000 0.000 0.000 0.000 0.000 0.000 0.000 0.000 0.000 0.000 0.000 0.000 0.000 0.000 0.000 0.000 0.000 0.000 0.000 0.000 0.001 0.004 0.002 0.008 0.022 0.035 0.049 0.062 0.076 0.089 0.103 0.116 0.105 0.095 0.085 0.075 0.064 0.054 0.054 0.034 0.023 0.009 0.005 0.004 0.004 0.014
0.000 0.000 0.000 0.000 0.001 0.000 0.000 0.000 0.000 0.001 0.002 0.002 0.003 0.004 0.004 0.005 0.006 0.009 0.026 0.024 0.020 0.020 0.018 0.015 0.012 0.008 0.005 0.004 0.003 0.002 0.001 0.000 0.000 0.000 0.000 0.000 0.000 0.000 0.000 0.000 0.000 0.000 0.000 0.000 0.000 0.000 0.000 0.000 0.000 0.000 0.001 0.000 0.006 0.004 0.002 0.002 0.006 0.019 0.032 0.046 0.059 0.073 0.086 0.095 0.085 0.075 0.064 0.054 0.044 0.043 0.022 0.008 0.009 0.008 0.007 0.006 0.013
0.001 0.000 0.001 0.000 0.001 0.000 0.000 0.000 0.000 0.000 0.001 0.002 0.003 0.003 0.004 0.004 0.005 0.010 0.026 0.024 0.020 0.020 0.018 0.015 0.013 0.010 0.006 0.004 0.003 0.002 0.001 0.000 0.000 0.000 0.000 0.000 0.000 0.000 0.000 0.000 0.000 0.000 0.000 0.000 0.000 0.000 0.000 0.000 0.000 0.000 0.000 0.000 0.000 0.000 0.000 0.000 0.000 0.004 0.017 0.031 0.044 0.058 0.071 0.085 0.080 0.069 0.059 0.048 0.037 0.037 0.012 0.010 0.010 0.009 0.008 0.008 0.011
0.002 0.001 0.001 0.000 0.001 0.000 0.000 0.000 0.000 0.000 0.001 0.001 0.002 0.003 0.003 0.004 0.005 0.013 0.026 0.024 0.020 0.020 0.018 0.015 0.013 0.010 0.008 0.005 0.003 0.002 0.001 0.001 0.000 0.000 0.000 0.000 0.000 0.000 0.000 0.000 0.000 0.000 0.000 0.000 0.000 0.000 0.000 0.000 0.000 0.000 0.000 0.000 0.000 0.000 0.000 0.000 0.000 0.000 0.003 0.016 0.029 0.043 0.056 0.069 0.074 0.064 0.053 0.042 0.030 0.027 0.017 0.014 0.012 0.011 0.010 0.009 0.011
0.002 0.001 0.001 0.000 0.001 0.001 0.000 0.000 0.000 0.001 0.000 0.001 0.002 0.002 0.003 0.003 0.005 0.016 0.026 0.024 0.020 0.020 0.018 0.016 0.013 0.011 0.009 0.006 0.003 0.002 0.001 0.000 0.000 0.000 0.000 0.000 0.000 0.000 0.000 0.000 0.000 0.000 0.000 0.000 0.000 0.000 0.000 0.000 0.000 0.000 0.000 0.000 0.000 0.000 0.000 0.000 0.000 0.000 0.000 0.002 0.014 0.028 0.041 0.054 0.067 0.058 0.047 0.035 0.021 0.015 0.016 0.015 0.014 0.012 0.011 0.010 0.011
0.002 0.002 0.001 0.000 0.001 0.000 0.000 0.000 0.000 0.000 0.000 0.001 0.001 0.002 0.002 0.003 0.005 0.020 0.026 0.024 0.020 0.020 0.018 0.015 0.013 0.011 0.009 0.007 0.005 0.003 0.002 0.000 0.000 0.000 0.000 0.000 0.000 0.000 0.000 0.000 0.000 0.000 0.000 0.000 0.000 0.000 0.000 0.000 0.000 0.000 0.000 0.000 0.000 0.000 0.000 0.000 0.000 0.000 0.000 0.000 0.001 0.012 0.025 0.038 0.051 0.051 0.040 0.026 0.020 0.012 0.015 0.015 0.015 0.014 0.013 0.012 0.012
0.002 0.002 0.001 0.001 0.002 0.000 0.000 0.000 0.000 0.000 0.000 0.000 0.001 0.002 0.002 0.003 0.005 0.024 0.025 0.023 0.019 0.020 0.018 0.016 0.013 0.011 0.009 0.007 0.005 0.003 0.002 0.000 0.000 0.000 0.000 0.000 0.000 0.000 0.000 0.000 0.000 0.000 0.000 0.000 0.000 0.000 0.000 0.000 0.000 0.000 0.000 0.000 0.000 0.000 0.000 0.000 0.000 0.000 0.000 0.000 0.000 0.000 0.010 0.022 0.034 0.043 0.031 0.018 0.021 0.012 0.015 0.015 0.015 0.014 0.014 0.013 0.013
0.002 0.002 0.002 0.001 0.002 0.001 0.001 0.000 0.000 0.000 0.000 0.001 0.001 0.001 0.002 0.002 0.006 0.027 0.025 0.023 0.019 0.019 0.018 0.016 0.014 0.011 0.009 0.007 0.005 0.004 0.002 0.000 0.000 0.000 0.000 0.000 0.000 0.000 0.000 0.000 0.000 0.000 0.000 0.000 0.000 0.000 0.000 0.000 0.000 0.000 0.000 0.000 0.000 0.000 0.000 0.000 0.000 0.000 0.000 0.000 0.000 0.000 0.000 0.003 0.011 0.022 0.016 0.018 0.022 0.013 0.016 0.016 0.016 0.015 0.015 0.014 0.014
0.002 0.002 0.002 0.001 0.002 0.001 0.001 0.000 0.000 0.000 0.000 0.000 0.001 0.001 0.002 0.002 0.009 0.027 0.025 0.023 0.019 0.019 0.017 0.016 0.014 0.012 0.010 0.008 0.006 0.004 0.002 0.001 0.000 0.000 0.000 0.000 0.000 0.000 0.000 0.000 0.000 0.000 0.000 0.000 0.000 0.000 0.000 0.000 0.000 0.000 0.000 0.000 0.000 0.000 0.000 0.000 0.000 0.000 0.000 0.000 0.000 0.000 0.000 0.003 0.009 0.016 0.012 0.016 0.023 0.014 0.017 0.017 0.017 0.017 0.016 0.016 0.019
0.002 0.002 0.002 0.001 0.002 0.001 0.001 0.000 0.000 0.000 0.000 0.000 0.000 0.001 0.001 0.002 0.012 0.027 0.025 0.023 0.019 0.019 0.017 0.015 0.013 0.011 0.010 0.008 0.006 0.004 0.002 0.001 0.000 0.000 0.000 0.000 0.000 0.000 0.000 0.000 0.000 0.000 0.000 0.000 0.000 0.000 0.000 0.000 0.000 0.000 0.000 0.000 0.000 0.000 0.000 0.000 0.000 0.000 0.000 0.000 0.000 0.000 0.000 0.003 0.013 0.015 0.007 0.012 0.020 0.012 0.016 0.017 0.017 0.018 0.018 0.020 0.032
0.002 0.002 0.002 0.001 0.003 0.001 0.001 0.001 0.001 0.000 0.000 0.000 0.000 0.001 0.001 0.002 0.016 0.027 0.025 0.023 0.019 0.019 0.017 0.015 0.013 0.011 0.008 0.007 0.006 0.004 0.003 0.002 0.001 0.001 0.000 0.000 0.000 0.000 0.000 0.000 0.000 0.000 0.000 0.000 0.000 0.000 0.000 0.000 0.000 0.000 0.000 0.000 0.000 0.000 0.000 0.000 0.000 0.000 0.000 0.000 0.000 0.000 0.000 0.006 0.017 0.012 0.006 0.007 0.016 0.010 0.014 0.015 0.016 0.017 0.018 0.025 0.044
0.002 0.002 0.002 0.002 0.003 0.001 0.001 0.001 0.001 0.000 0.000 0.000 0.000 0.000 0.000 0.002 0.020 0.026 0.024 0.022 0.018 0.018 0.016 0.013 0.012 0.011 0.009 0.008 0.006 0.005 0.004 0.002 0.002 0.001 0.001 0.000 0.001 0.000 0.000 0.000 0.000 0.000 0.000 0.000 0.000 0.000 0.000 0.000 0.000 0.000 0.000 0.000 0.000 0.000 0.000 0.000 0.000 0.000 0.000 0.000 0.000 0.000 0.002 0.013 0.015 0.010 0.005 0.003 0.013 0.008 0.012 0.014 0.015 0.016 0.020 0.033 0.056
0.002 0.002 0.002 0.002 0.003 0.002 0.001 0.001 0.001 0.000 0.001 0.000 0.000 0.000 0.001 0.002 0.023 0.025 0.023 0.020 0.018 0.017 0.016 0.015 0.013 0.012 0.011 0.009 0.008 0.006 0.005 0.003 0.002 0.002 0.002 0.001 0.002 0.000 0.000 0.000 0.000 0.000 0.000 0.000 0.000 0.000 0.000 0.000 0.000 0.000 0.000 0.000 0.000 0.000 0.000 0.000 0.000 0.000 0.000 0.000 0.000 0.001 0.010 0.015 0.013 0.008 0.005 0.005 0.009 0.006 0.010 0.012 0.014 0.016 0.024 0.044 0.070
