includes/lisflood/camargue/results_R4_t1.561741501247E12/res-0006.wdfp
ncols         906
nrows         631
xllcorner     362177.146667
yllcorner     6534725.688020
cellsize      20.000000
NODATA_value  -9999.000000
[rows 374 to 407 of 631, columns 231 to 307 of 906]
0.000 0.000 0.000 0.000 0.000 0.000 0.000 0.000 0.000 0.000 0.000 0.000 0.000 0.000 0.000 0.000 0.000 0.000 0.000 0.000 0.000 0.000 0.000 0.000 0.000 0.000 0.000 0.000 0.211 0.000 0.000 0.309 0.209 0.339 0.170 0.170 0.180 0.130 0.000 0.369 1.239 0.869 0.000 2.499 0.000 0.175 0.654 0.644 0.894 0.000 0.824 0.824 0.624 0.903 0.823 0.353 0.522 0.342 0.372 0.442 0.000 0.232 0.482 0.000 0.863 0.000 1.283 1.283 0.393 0.322 0.331 0.279 0.072 0.861 0.541 0.000 0.809
0.000 0.000 0.000 0.000 0.000 0.000 0.000 0.000 0.000 0.000 0.000 0.000 0.000 0.000 0.000 0.000 0.000 0.000 0.000 0.000 0.000 0.000 0.000 0.000 0.000 0.000 0.000 0.461 0.521 0.110 0.000 0.040 0.709 0.619 0.560 0.560 0.810 0.450 0.360 0.519 0.839 0.000 0.649 0.289 0.000 1.995 0.000 0.755 0.004 0.236 0.000 0.000 0.555 0.000 0.414 0.053 0.392 0.382 0.592 0.102 0.322 0.302 0.000 1.033 0.773 0.973 1.143 1.143 0.303 0.322 0.401 0.447 0.992 0.231 0.631 0.290 0.459
0.000 0.000 0.000 0.000 0.000 0.000 0.000 0.000 0.000 0.000 0.000 0.000 0.000 0.000 0.000 0.000 0.000 0.000 0.000 0.000 0.000 0.000 0.000 0.000 0.000 1.160 1.300 0.000 0.090 0.310 0.610 0.100 0.260 0.469 0.600 0.600 0.460 0.560 0.680 0.549 0.000 0.519 0.000 0.000 1.196 0.000 0.446 0.556 0.766 1.036 1.076 1.076 0.926 1.746 0.354 0.504 0.000 0.000 0.222 0.063 0.362 0.000 0.932 1.232 0.000 1.133 0.000 0.000 0.393 0.533 0.533 0.000 0.922 0.912 0.881 0.041 0.880
0.000 0.000 0.000 0.000 0.000 0.000 0.000 0.000 0.000 0.000 0.000 0.000 0.000 0.000 0.000 0.000 0.000 0.000 0.000 0.000 0.000 0.000 0.000 0.000 0.001 0.007 0.900 1.390 1.490 0.002 0.002 0.330 0.430 0.000 0.550 0.550 0.580 0.440 0.059 0.389 2.559 1.529 0.899 0.247 1.456 1.516 0.616 1.116 0.000 1.056 0.946 0.946 0.000 1.636 0.114 0.574 1.384 0.324 0.014 0.284 0.123 0.303 1.182 0.000 1.163 0.000 0.453 0.453 0.763 0.613 0.663 0.513 0.000 0.782 1.011 0.981 0.411
0.000 0.000 0.000 0.000 0.000 0.000 0.000 0.000 0.000 0.000 0.000 0.000 0.000 0.000 0.000 0.000 0.000 0.000 0.000 0.000 0.000 0.000 0.000 0.000 0.450 0.140 0.570 0.000 0.880 1.140 1.410 0.340 0.110 1.190 0.090 0.090 0.000 0.000 1.979 0.279 0.000 0.519 0.109 0.596 0.366 0.966 1.126 1.166 1.826 1.756 1.056 1.056 0.000 0.000 0.464 0.000 1.024 0.414 0.314 0.274 0.000 0.663 0.053 1.233 0.983 0.423 0.593 0.593 0.533 0.733 0.503 0.763 0.433 0.160 0.000 0.951 0.951
0.000 0.000 0.000 0.000 0.000 0.000 0.000 0.000 0.000 0.000 0.000 0.000 0.000 0.000 0.000 0.000 0.000 0.000 0.000 0.000 0.000 0.000 0.000 0.000 0.450 0.140 0.569 0.000 0.880 1.140 1.410 0.340 0.110 1.190 0.090 0.090 0.000 0.000 1.979 0.279 0.000 0.519 0.109 0.596 0.366 0.966 1.126 1.166 1.826 1.756 1.056 1.056 0.000 0.000 0.464 0.000 1.024 0.414 0.314 0.274 0.000 0.663 0.053 1.233 0.983 0.423 0.593 0.593 0.533 0.733 0.503 0.763 0.433 0.162 0.000 0.951 0.951
0.000 0.000 0.000 0.000 0.000 0.000 0.000 0.000 0.000 0.000 0.000 0.000 0.000 0.000 0.000 0.000 0.000 0.000 0.000 0.000 0.000 0.000 0.000 0.550 0.290 0.040 0.609 0.000 0.730 0.000 0.570 1.190 1.820 0.130 0.040 0.040 1.069 2.609 0.000 0.269 0.759 0.819 1.189 0.000 0.196 0.576 0.000 1.406 1.356 0.000 1.996 1.996 0.846 0.376 0.000 0.000 0.000 0.924 0.324 0.084 0.983 1.063 1.163 1.213 0.000 0.453 0.543 0.543 0.513 0.803 0.803 0.643 0.723 0.000 0.203 0.021 0.000
0.000 0.000 0.000 0.000 0.000 0.000 0.000 0.000 0.000 0.000 0.000 0.000 0.000 0.000 0.000 0.000 0.000 0.000 0.000 0.000 0.000 0.000 0.529 0.040 0.000 0.209 0.739 0.149 0.080 0.040 0.090 0.000 0.119 1.649 1.849 1.849 0.589 1.799 0.000 1.029 0.719 0.529 0.629 1.099 0.488 0.437 0.587 0.000 1.396 1.236 0.196 0.196 0.276 0.936 1.076 0.000 0.509 0.000 0.703 0.513 0.000 0.000 1.023 0.000 0.263 0.493 0.653 0.653 0.653 0.683 0.853 0.823 0.523 0.583 0.563 0.333 0.303
0.000 0.000 0.000 0.000 0.000 0.000 0.000 0.000 0.000 0.000 0.000 0.000 0.000 0.000 0.000 0.000 0.000 0.000 0.000 0.000 0.000 0.032 0.259 0.589 0.809 0.839 0.789 0.669 0.006 0.060 0.879 0.769 1.039 0.000 0.919 0.919 0.000 0.629 0.429 0.829 0.699 1.309 0.499 0.179 0.000 1.117 1.147 0.000 0.266 0.396 1.376 1.376 1.216 0.036 0.000 0.079 0.849 0.000 0.593 0.393 1.073 1.013 1.453 0.243 0.593 0.563 0.593 0.593 0.673 0.983 0.783 0.823 0.853 0.823 0.713 0.843 0.563
0.000 0.000 0.000 0.000 0.000 0.000 0.000 0.000 0.000 0.000 0.000 0.000 0.000 0.000 0.000 0.000 0.000 0.000 0.000 0.000 0.000 0.014 0.959 0.749 0.539 0.319 0.619 0.589 0.829 0.929 0.129 0.429 0.089 2.649 0.000 0.000 0.259 1.149 0.419 0.609 0.659 1.009 0.000 0.379 0.379 0.000 1.087 1.067 0.316 0.336 0.005 0.005 0.806 0.426 0.000 0.000 0.869 0.509 0.000 0.513 1.043 0.073 1.183 1.783 0.603 0.653 0.973 0.973 0.913 0.913 0.743 0.823 0.553 0.823 0.893 0.693 0.463
0.000 0.000 0.000 0.000 0.000 0.000 0.000 0.000 0.000 0.000 0.000 0.000 0.000 0.000 0.000 0.000 0.000 0.000 0.000 0.000 0.649 0.000 0.000 0.299 0.499 0.659 0.559 0.149 0.000 0.409 0.779 0.989 1.019 0.000 0.829 0.829 0.129 1.019 0.979 0.759 0.749 0.439 0.719 0.020 0.389 0.459 0.000 0.000 1.266 1.246 1.696 1.696 1.066 0.516 1.156 0.166 0.000 0.040 1.043 0.623 0.253 0.393 0.263 0.983 0.953 0.573 0.953 0.953 0.933 0.923 0.803 0.403 0.673 0.783 0.743 0.863 0.823
0.000 0.000 0.000 0.000 0.000 0.000 0.000 0.000 0.000 0.000 0.000 0.000 0.000 0.000 0.000 0.000 0.000 0.000 0.959 0.959 0.559 0.419 1.469 0.679 0.499 0.699 0.439 0.829 0.319 0.399 0.089 0.309 1.969 0.000 0.439 0.439 0.899 0.549 0.629 0.609 0.429 0.509 0.729 0.429 0.859 0.129 0.429 0.419 0.119 0.005 0.586 0.586 0.000 1.056 0.000 0.026 0.326 0.586 0.000 0.753 0.383 0.543 0.000 1.214 0.000 0.903 0.933 0.933 0.953 0.943 0.543 0.443 0.613 0.673 0.813 0.863 0.853
0.000 0.000 0.000 0.000 0.000 0.000 0.000 0.000 0.000 0.000 0.000 0.000 0.000 0.000 0.000 0.000 0.000 0.000 1.209 1.209 0.119 0.919 0.189 0.589 0.629 0.739 0.759 0.509 0.419 1.039 0.000 2.489 0.000 0.739 0.839 0.839 0.469 0.829 0.859 0.939 0.000 0.739 0.739 0.279 0.919 0.000 0.759 0.000 0.109 0.033 0.000 0.000 0.000 1.086 0.000 0.116 0.916 0.096 0.606 0.000 0.314 0.174 0.414 1.344 0.000 0.593 1.003 1.003 1.033 0.353 0.633 0.613 0.703 0.853 0.793 0.723 0.913
0.000 0.000 0.000 0.000 0.000 0.000 0.000 0.000 0.000 0.000 0.000 0.000 0.000 0.000 0.000 0.000 0.000 0.639 0.000 0.000 0.000 0.069 0.000 0.379 0.669 0.729 0.859 0.669 0.909 0.739 2.029 0.449 0.309 0.639 0.499 0.499 0.689 0.779 0.389 0.709 1.119 0.529 0.539 0.369 0.689 0.159 0.099 0.099 0.022 0.184 0.000 0.000 0.000 1.086 0.000 0.826 0.436 0.896 0.776 0.185 0.504 0.334 0.654 1.404 0.074 0.293 0.623 0.623 0.923 0.753 0.773 0.583 0.713 0.503 0.703 0.763 0.703
0.000 0.000 0.000 0.000 0.000 0.000 0.000 0.000 0.000 0.000 0.000 0.000 0.000 0.000 0.000 0.000 0.799 0.879 0.979 0.979 0.599 0.779 0.000 0.759 0.769 0.619 0.319 0.909 0.639 0.679 0.479 0.000 0.030 0.519 0.899 0.899 0.439 0.559 0.409 0.579 0.579 0.659 0.519 0.749 0.449 0.039 0.389 0.529 0.000 0.124 0.000 0.000 0.000 1.056 0.000 0.996 0.826 0.356 0.036 0.000 0.000 0.344 1.024 1.154 0.000 0.363 0.153 0.153 0.673 0.463 0.833 0.353 0.383 0.513 0.403 0.443 0.423
0.000 0.000 0.000 0.000 0.000 0.000 0.000 0.000 0.000 0.000 0.000 0.000 0.000 0.000 0.000 0.000 0.013 0.000 0.000 0.000 0.379 0.079 0.589 0.020 0.169 0.479 0.309 0.739 0.089 0.020 0.379 1.829 0.109 0.349 0.959 0.959 0.339 0.509 0.709 0.479 0.269 0.579 0.519 0.619 0.889 0.149 0.169 0.100 0.200 0.002 0.000 0.000 0.666 1.086 0.000 0.956 0.916 0.196 0.136 0.116 0.226 0.000 0.884 1.624 0.144 0.283 0.000 0.000 0.163 0.323 0.283 0.283 0.373 0.293 0.473 0.000 0.000
0.000 0.000 0.000 0.000 0.000 0.000 0.000 0.000 0.000 0.000 0.000 0.000 0.000 0.249 1.229 1.259 1.239 1.239 1.289 1.289 0.829 1.119 0.000 0.349 0.099 0.419 1.409 1.579 1.499 1.519 1.579 2.359 1.759 1.999 0.849 0.849 0.459 0.389 0.289 0.359 0.779 1.029 0.919 0.479 0.199 0.239 0.559 0.000 0.000 0.589 0.000 0.000 0.876 1.136 0.176 0.976 0.916 0.146 0.000 0.166 0.236 0.000 1.084 1.814 0.214 0.213 0.193 0.193 0.343 0.333 0.483 0.283 0.053 1.223 0.993 0.853 0.983
0.000 0.000 0.000 0.000 0.000 0.000 0.000 0.000 0.000 0.000 0.000 0.000 0.000 1.459 1.069 0.349 0.000 0.000 0.219 0.219 0.729 0.529 1.489 0.002 0.002 1.529 1.459 1.119 0.229 0.199 1.489 1.559 0.359 0.000 0.309 0.309 0.629 0.499 1.029 0.589 0.279 0.859 0.419 0.439 0.869 0.739 0.549 0.000 0.030 0.079 0.286 0.286 0.986 0.746 0.046 0.816 0.906 0.956 0.906 0.000 0.000 0.084 1.104 0.364 0.464 0.000 0.000 0.000 0.563 0.233 0.000 0.000 0.993 0.983 1.113 0.823 1.123
0.000 0.000 0.000 0.000 0.000 0.000 0.000 0.000 0.000 0.000 0.000 0.000 0.000 0.809 1.119 0.879 0.379 0.359 0.139 0.139 0.749 1.409 0.159 0.139 0.959 0.889 0.769 0.399 0.799 1.409 1.279 0.069 0.259 0.000 0.289 0.289 0.339 0.749 0.979 0.359 0.759 0.539 0.003 1.049 0.539 0.099 0.719 0.309 0.559 0.469 0.027 0.027 0.906 0.066 0.266 0.506 0.286 0.000 0.000 0.000 0.000 0.000 1.234 0.000 0.664 0.374 0.001 0.000 0.000 1.243 1.023 1.113 1.013 1.103 0.000 1.573 0.143
0.000 0.000 0.000 0.000 0.000 0.000 0.000 0.000 0.000 0.000 0.000 0.000 0.000 0.003 0.000 0.389 0.789 1.079 0.179 0.179 0.269 1.489 1.509 1.279 0.429 1.559 0.049 0.000 0.219 0.339 0.419 0.419 0.000 1.099 0.719 0.719 0.739 0.789 0.869 0.469 1.089 0.000 0.879 0.749 0.239 0.629 0.000 0.479 0.569 0.000 0.186 0.186 0.976 0.000 0.906 0.196 0.535 0.985 0.000 0.000 1.244 1.014 1.454 0.001 0.000 0.864 0.084 0.084 0.983 0.843 0.693 0.000 0.000 0.793 1.723 0.000 0.343
0.000 0.000 0.000 0.000 0.000 0.000 0.000 0.000 0.000 0.015 0.000 0.004 0.000 0.299 1.159 0.739 1.099 1.299 1.399 1.399 0.089 1.479 1.489 1.439 1.459 0.139 0.389 0.349 0.000 0.003 0.459 0.000 0.139 1.249 0.349 0.349 0.000 0.489 1.009 0.359 0.069 1.049 0.959 0.000 0.499 0.000 0.429 0.419 0.449 0.000 0.936 0.936 1.016 0.000 0.326 0.176 0.000 1.145 1.175 1.355 0.000 0.000 1.174 0.000 1.055 0.015 0.534 0.534 0.000 0.983 1.183 1.893 1.783 0.000 0.353 0.000 0.000
0.000 0.000 0.000 0.000 0.000 0.000 0.000 0.000 0.000 0.013 0.000 0.002 0.000 0.299 1.159 0.739 1.099 1.299 1.399 1.399 0.089 1.479 1.489 1.439 1.459 0.139 0.389 0.349 0.000 0.003 0.458 0.000 0.139 1.249 0.349 0.349 0.000 0.489 1.009 0.359 0.069 1.049 0.959 0.000 0.499 0.000 0.429 0.419 0.449 0.000 0.936 0.936 1.016 0.000 0.326 0.176 0.000 1.145 1.175 1.355 0.000 0.000 1.174 0.000 1.055 0.015 0.534 0.534 0.000 0.983 1.183 1.893 0.000 0.000 0.000 0.000 0.000
0.000 0.000 0.000 0.000 0.000 0.000 0.000 0.000 0.129 0.519 0.229 0.249 0.489 0.289 0.000 0.269 0.579 0.559 0.459 0.459 1.519 0.269 0.389 0.399 0.349 0.049 0.000 0.268 1.048 1.048 1.128 0.000 0.000 0.579 0.629 0.629 0.789 0.699 0.589 0.329 1.099 1.229 0.004 0.499 0.000 0.479 0.529 0.499 0.529 0.047 0.946 0.946 1.026 0.116 0.957 0.517 0.336 0.545 0.000 1.005 1.105 0.365 1.065 1.315 1.075 0.855 0.424 0.424 1.813 1.313 0.000 0.000 0.000 0.000 0.000 0.000 0.000
0.000 0.000 0.000 0.000 0.000 0.000 0.007 0.000 0.889 0.359 0.000 0.000 0.000 0.000 0.769 1.159 1.199 1.079 0.709 0.709 0.000 0.019 0.039 0.199 0.399 0.539 1.659 0.328 0.878 1.188 1.078 1.948 0.000 0.859 0.459 0.459 0.789 0.539 0.899 0.609 0.079 0.619 0.579 0.000 0.189 0.449 0.769 0.119 0.000 0.496 0.446 0.446 1.106 0.996 0.827 0.397 0.427 0.246 0.416 0.000 1.105 0.935 0.845 0.645 0.935 1.605 0.124 0.000 0.000 0.000 0.000 0.000 0.000 0.000 0.000 0.000 0.000
0.000 0.000 0.000 0.000 0.002 0.000 0.461 0.000 0.000 0.000 0.000 1.802 0.000 0.000 1.209 1.109 1.449 1.359 0.329 0.329 0.487 0.626 0.726 0.000 0.000 0.669 0.000 0.329 0.000 1.138 1.018 0.448 0.001 0.000 0.049 0.049 0.599 0.049 0.819 0.699 0.789 0.699 0.869 0.000 0.458 0.000 0.229 0.539 0.699 0.000 0.826 0.826 0.916 0.846 0.346 0.387 0.647 0.707 0.066 0.305 0.795 0.265 0.000 1.215 1.265 0.945 0.000 0.000 0.000 0.000 0.000 0.000 0.000 0.000 0.000 0.000 0.000
0.000 0.000 0.000 0.000 1.131 0.000 0.201 0.000 0.693 0.833 0.693 0.000 0.923 0.000 0.000 0.000 0.000 1.999 0.000 0.000 0.017 1.526 0.956 0.587 0.000 0.699 0.849 0.399 0.000 1.058 1.078 0.208 1.848 2.358 0.418 0.418 0.000 0.668 0.879 0.529 0.099 0.000 0.499 0.368 0.318 0.287 0.028 0.158 0.000 0.126 0.876 0.876 0.986 1.066 1.186 0.646 0.707 0.087 0.517 0.046 0.145 0.315 0.495 0.525 0.875 1.575 0.000 0.000 0.000 0.000 0.000 0.000 0.000 0.000 0.000 0.000 0.000
0.000 0.000 0.000 0.000 0.911 0.591 0.471 0.000 0.000 0.503 0.623 1.323 0.393 0.573 0.473 0.483 0.553 0.000 0.264 0.264 0.214 0.385 0.000 0.487 0.002 0.000 0.399 0.199 0.000 1.108 0.978 0.778 0.000 0.308 0.148 0.148 0.168 0.968 0.000 0.247 0.847 0.517 0.378 0.010 0.000 1.226 0.356 0.586 0.806 0.000 0.846 0.846 0.846 0.886 1.026 0.976 0.426 0.787 0.817 0.467 0.346 0.756 0.086 0.465 0.000 1.215 0.000 0.000 0.000 0.000 0.000 0.000 0.000 0.000 0.000 0.000 0.000
0.000 0.004 0.463 0.463 0.000 0.650 0.151 0.000 0.000 0.000 0.004 0.000 0.253 0.593 0.483 0.662 0.703 0.114 0.124 0.124 0.424 0.454 0.000 0.000 0.000 0.000 0.000 0.619 0.000 1.028 0.928 0.000 0.938 0.000 0.546 0.546 0.000 0.527 0.687 1.267 0.487 0.337 0.000 1.086 1.046 0.716 0.000 0.806 0.766 0.000 0.886 0.886 0.416 1.196 0.706 0.866 0.966 0.446 0.487 0.000 0.806 0.846 0.446 0.806 0.000 0.925 0.000 0.000 0.000 0.000 0.000 0.000 0.000 0.000 0.000 0.000 0.000
0.000 0.007 1.493 1.493 0.000 0.680 0.000 0.082 0.001 0.000 0.000 0.052 0.392 0.312 0.622 0.802 0.000 0.074 0.604 0.604 0.554 0.464 0.614 0.234 0.484 0.674 0.002 1.859 0.000 1.038 1.018 0.118 1.048 0.000 2.546 2.546 0.786 0.936 1.456 0.137 0.017 0.277 0.096 0.386 1.166 0.706 0.746 0.786 0.000 0.856 0.946 0.946 1.126 1.146 1.246 0.536 0.956 0.996 0.367 0.566 0.766 0.816 0.000 0.156 0.000 0.000 0.000 0.000 0.000 0.000 0.000 0.000 0.000 0.000 0.000 0.000 0.000
0.006 0.004 0.000 0.000 0.520 0.420 0.000 0.042 0.231 0.161 0.000 0.042 0.392 0.322 0.662 0.692 0.542 0.000 0.283 0.283 0.204 0.564 0.544 0.564 0.534 0.714 0.304 0.000 0.577 0.888 0.928 0.898 0.988 0.000 0.000 0.000 0.706 1.476 1.216 0.446 1.566 0.676 0.356 0.526 1.436 0.000 0.576 0.756 0.876 0.856 0.000 0.000 1.316 0.000 1.276 1.166 0.000 1.666 1.046 0.656 0.776 0.156 0.000 0.000 0.349 0.000 0.000 0.000 0.000 0.000 0.000 0.000 0.000 0.000 0.000 0.000 0.000
0.049 0.289 0.709 0.710 0.520 0.080 0.003 0.000 0.231 0.131 0.000 0.472 0.402 0.472 0.622 0.872 0.972 0.972 0.423 0.423 0.283 0.484 0.254 0.014 0.294 0.834 0.655 1.645 1.755 0.000 0.808 1.068 1.388 0.000 0.000 0.000 1.046 1.536 1.356 0.366 1.216 1.136 1.226 0.004 1.196 1.186 0.976 0.136 0.496 0.886 0.000 0.000 1.396 0.000 0.000 0.706 1.166 1.156 0.996 0.296 0.256 0.506 1.856 2.520 0.000 0.000 0.000 0.000 0.000 0.000 0.000 0.000 0.000 0.000 0.000 0.000 0.000
0.389 0.529 0.369 0.369 0.640 1.020 0.150 0.381 1.331 1.601 0.041 0.332 0.432 0.692 0.702 0.662 0.882 1.082 1.232 1.232 0.113 0.274 0.444 0.404 0.534 0.644 0.285 0.455 0.565 0.000 0.000 0.000 0.000 2.246 0.000 0.000 1.027 0.576 1.206 0.446 0.806 1.446 0.806 1.236 1.106 1.266 0.826 1.176 0.506 0.000 1.366 1.366 0.000 0.676 0.000 0.017 0.000 1.056 2.036 0.336 0.356 2.166 0.000 0.000 0.000 0.000 0.000 0.000 0.000 0.000 0.000 0.000 0.000 0.000 0.000 0.000 0.000
0.549 0.299 0.609 0.609 1.299 0.320 0.630 0.000 0.751 1.541 1.601 1.591 0.002 0.842 0.812 0.802 0.542 0.962 1.232 1.232 0.793 0.483 0.984 0.834 0.784 0.814 0.000 0.515 0.595 0.000 2.096 2.206 2.656 1.846 0.236 0.236 0.506 0.996 1.496 0.336 0.566 0.646 0.856 1.376 0.256 1.116 0.956 1.036 0.206 1.346 1.416 1.416 1.256 0.716 0.917 1.547 0.937 0.276 1.146 1.506 2.507 0.000 0.000 0.000 0.000 0.000 0.000 0.000 0.000 0.000 0.000 0.000 0.000 0.000 0.000 0.000 0.000
0.838 0.558 0.249 0.249 0.809 1.639 1.539 1.589 0.570 0.000 0.661 1.571 1.481 1.422 0.102 0.532 0.852 0.322 0.562 0.562 0.773 0.243 0.754 0.974 0.604 0.834 0.614 0.015 0.007 0.017 0.000 2.131 0.426 2.586 1.096 1.096 1.136 1.596 1.036 0.386 0.276 0.916 1.376 1.206 0.466 0.000 1.156 1.186 0.046 0.916 0.000 0.000 0.136 1.026 1.067 0.000 1.027 0.286 0.416 2.500 0.000 0.000 0.000 0.000 0.000 0.000 0.000 0.000 0.000 0.000 0.000 0.000 0.000 0.000 0.000 0.000 0.000
