includes/lisflood/camargue/results_R4_t1.561741501247E12/res-0002.wdfp
ncols         906
nrows         631
xllcorner     362177.146667
yllcorner     6534725.688020
cellsize      20.000000
NODATA_value  -9999.000000
[rows 578 to 611 of 631, columns 308 to 384 of 906]
5.917 5.877 5.837 5.798 5.758 5.718 5.718 5.709 5.764 5.818 5.873 5.955 6.169 6.383 6.597 6.810 7.024 7.238 7.452 7.497 7.511 7.524 7.524 7.550 7.563 7.576 7.589 7.603 7.510 7.392 7.273 7.155 7.037 6.883 6.723 6.563 6.404 6.244 5.925 5.925 5.765 5.606 5.446 5.286 5.127 4.967 4.807 4.648 4.498 4.403 4.350 4.560 4.770 4.980 5.222 5.222 5.315 5.409 5.502 5.595 5.689 5.782 5.875 5.969 6.062 6.155 6.225 6.179 6.133 6.086 5.994 5.994 5.947 5.901 5.854 5.808 5.756
5.878 5.838 5.798 5.758 5.719 5.679 5.679 5.634 5.688 5.743 5.797 5.996 6.210 6.424 6.638 6.852 7.066 7.280 7.493 7.614 7.627 7.640 7.640 7.666 7.679 7.693 7.706 7.619 7.500 7.382 7.264 7.146 7.027 6.885 6.725 6.566 6.406 6.246 5.927 5.927 5.767 5.608 5.448 5.288 5.129 4.969 4.810 4.651 4.556 4.462 4.367 4.536 4.746 4.956 5.375 5.375 5.565 5.658 5.751 5.845 5.938 6.031 6.125 6.218 6.311 6.404 6.486 6.440 6.394 6.347 6.255 6.255 6.208 6.162 6.115 5.892 5.623
5.838 5.798 5.759 5.719 5.679 5.640 5.640 5.560 5.613 5.667 5.824 6.038 6.252 6.465 6.679 6.893 7.107 7.321 7.535 7.730 7.743 7.756 7.756 7.782 7.796 7.809 7.727 7.609 7.491 7.373 7.254 7.136 7.018 6.887 6.727 6.568 6.408 6.249 5.929 5.929 5.770 5.610 5.450 5.291 5.131 4.971 4.812 4.710 4.615 4.520 4.426 4.512 4.722 4.932 5.351 5.351 5.561 5.771 5.981 6.094 6.187 6.281 6.374 6.467 6.560 6.654 6.747 6.701 6.655 6.608 6.515 6.515 6.469 6.296 6.027 5.758 5.490
5.797 5.758 5.719 5.680 5.640 5.600 5.600 5.521 5.537 5.651 5.865 6.079 6.293 6.507 6.721 6.935 7.148 7.362 7.576 7.790 7.859 7.872 7.873 7.899 7.912 7.836 7.718 7.600 7.481 7.363 7.245 7.127 7.008 6.889 6.730 6.570 6.410 6.251 5.932 5.932 5.772 5.612 5.453 5.293 5.133 4.974 4.864 4.769 4.674 4.579 4.484 4.487 4.698 4.907 5.327 5.327 5.537 5.747 5.957 6.167 6.377 6.530 6.623 6.716 6.810 6.903 6.996 6.962 6.915 6.869 6.700 6.700 6.431 6.162 5.894 5.625 5.356
5.755 5.716 5.677 5.638 5.599 5.559 5.560 5.481 5.479 5.693 5.907 6.120 6.334 6.548 6.762 6.976 7.190 7.404 7.617 7.831 7.976 7.989 7.989 8.015 7.945 7.827 7.708 7.590 7.472 7.354 7.235 7.117 6.999 6.881 6.732 6.572 6.413 6.253 5.934 5.934 5.774 5.615 5.455 5.295 5.136 5.018 4.923 4.828 4.733 4.638 4.543 4.463 4.673 4.883 5.303 5.303 5.513 5.723 5.933 6.143 6.353 6.562 6.772 6.966 7.059 7.152 7.246 7.223 7.177 7.104 6.567 6.567 6.298 6.029 5.760 5.492 5.223
5.714 5.675 5.635 5.596 5.557 5.518 5.518 5.439 5.439 5.634 5.879 6.125 6.370 6.589 6.803 7.017 7.231 7.445 7.659 7.873 8.086 8.105 8.105 8.054 7.935 7.817 7.699 7.581 7.462 7.344 7.226 7.108 6.989 6.871 6.734 6.575 6.415 6.255 5.936 5.936 5.777 5.617 5.457 5.297 5.172 5.077 4.982 4.887 4.792 4.697 4.602 4.507 4.649 4.859 5.279 5.279 5.489 5.699 5.909 6.118 6.328 6.538 6.748 6.958 7.168 7.378 7.495 7.484 7.239 6.971 6.433 6.433 6.165 5.896 5.627 5.358 5.090
5.672 5.633 5.593 5.554 5.515 5.476 5.476 5.421 5.430 5.524 5.770 6.015 6.261 6.506 6.752 6.997 7.243 7.486 7.700 7.914 8.128 8.221 8.221 8.044 7.926 7.808 7.689 7.571 7.453 7.335 7.216 7.098 6.980 6.862 6.736 6.577 6.417 6.258 5.938 5.939 5.779 5.619 5.459 5.326 5.231 5.136 5.041 4.946 4.851 4.756 4.661 4.566 4.625 4.835 5.255 5.255 5.465 5.675 5.884 6.094 6.304 6.514 6.724 6.934 7.143 7.353 7.575 7.434 7.106 6.837 6.300 6.300 6.031 5.763 5.494 5.225 4.957
5.630 5.591 5.552 5.512 5.473 5.434 5.434 5.412 5.422 5.431 5.660 5.905 6.151 6.396 6.642 6.888 7.133 7.379 7.624 7.870 8.115 8.255 8.255 8.035 7.916 7.798 7.680 7.562 7.443 7.325 7.207 7.089 6.970 6.852 6.734 6.579 6.420 6.260 5.941 5.941 5.781 5.621 5.480 5.385 5.290 5.195 5.100 5.005 4.910 4.815 4.720 4.625 4.601 4.811 5.230 5.231 5.441 5.650 5.860 6.070 6.280 6.490 6.700 6.909 7.119 7.345 7.594 7.598 7.188 6.777 6.167 6.167 5.898 5.629 5.361 5.092 4.823
5.588 5.549 5.510 5.471 5.431 5.392 5.392 5.404 5.413 5.423 5.550 5.796 6.041 6.287 6.532 6.778 7.024 7.269 7.515 7.760 7.927 8.028 8.028 7.983 7.907 7.789 7.670 7.552 7.434 7.316 7.197 7.079 6.961 6.843 6.724 6.581 6.422 6.262 5.943 5.943 5.783 5.634 5.539 5.444 5.349 5.254 5.159 5.064 4.969 4.874 4.779 4.684 4.589 4.787 5.206 5.206 5.416 5.626 5.836 6.046 6.256 6.466 6.676 6.885 7.116 7.365 7.614 7.763 7.352 6.941 6.119 6.119 5.765 5.496 5.227 4.959 4.690
5.546 5.507 5.468 5.429 5.389 5.376 5.376 5.395 5.405 5.414 5.441 5.686 5.932 6.177 6.423 6.668 6.914 7.160 7.405 7.554 7.690 7.801 7.802 7.757 7.734 7.712 7.661 7.543 7.424 7.306 7.188 7.070 6.951 6.833 6.715 6.584 6.424 6.265 5.945 5.945 5.788 5.693 5.598 5.503 5.408 5.313 5.218 5.123 5.028 4.933 4.838 4.743 4.648 4.763 5.182 5.182 5.392 5.602 5.812 6.022 6.232 6.442 6.651 6.886 7.135 7.384 7.633 7.882 7.516 7.106 6.284 6.284 5.873 5.462 5.094 4.825 4.557
5.547 5.507 5.468 5.429 5.390 5.376 5.376 5.395 5.405 5.414 5.441 5.686 5.932 6.178 6.423 6.669 6.914 7.160 7.405 7.554 7.690 7.802 7.802 7.757 7.734 7.712 7.661 7.543 7.424 7.306 7.188 7.070 6.952 6.833 6.715 6.584 6.424 6.265 5.945 5.945 5.788 5.693 5.598 5.503 5.408 5.313 5.218 5.123 5.028 4.933 4.838 4.743 4.648 4.763 5.182 5.182 5.392 5.602 5.812 6.022 6.232 6.442 6.651 6.886 7.135 7.384 7.633 7.882 7.516 7.106 6.284 6.284 5.873 5.462 5.094 4.826 4.557
5.505 5.466 5.426 5.387 5.358 5.368 5.368 5.387 5.396 5.406 5.415 5.577 5.822 6.068 6.314 6.559 6.805 7.045 7.181 7.317 7.453 7.575 7.575 7.530 7.508 7.485 7.463 7.441 7.415 7.297 7.179 7.060 6.942 6.824 6.706 6.586 6.427 6.267 5.948 5.948 5.847 5.752 5.657 5.562 5.467 5.372 5.277 5.182 5.087 4.992 4.897 4.802 4.707 4.738 5.158 5.158 5.368 5.578 5.788 5.998 6.208 6.418 6.656 6.905 7.154 7.403 7.653 7.902 7.681 7.270 6.448 6.448 6.037 5.627 5.216 4.805 4.424
5.463 5.424 5.384 5.345 5.350 5.359 5.359 5.378 5.388 5.397 5.407 5.467 5.713 5.958 6.204 6.450 6.672 6.808 6.944 7.080 7.216 7.348 7.349 7.304 7.281 7.259 7.237 7.214 7.192 7.169 7.147 7.051 6.933 6.814 6.696 6.578 6.429 6.269 6.001 6.001 5.906 5.811 5.716 5.621 5.526 5.431 5.336 5.241 5.146 5.051 4.956 4.861 4.766 4.714 5.134 5.134 5.344 5.554 5.764 5.974 6.184 6.426 6.676 6.925 7.174 7.423 7.672 7.921 7.845 7.435 6.613 6.613 6.202 5.791 5.380 4.969 4.558
5.379 5.340 5.314 5.323 5.332 5.342 5.342 5.361 5.370 5.380 5.390 5.399 5.494 5.739 5.925 6.061 6.197 6.333 6.469 6.605 6.741 6.877 6.877 6.850 6.828 6.806 6.783 6.761 6.738 6.716 6.693 6.671 6.649 6.626 6.604 6.559 6.433 6.309 6.119 6.119 6.024 5.929 5.834 5.739 5.644 5.549 5.454 5.359 5.264 5.169 5.074 4.979 4.884 4.789 5.086 5.086 5.296 5.506 5.718 5.967 6.216 6.465 6.714 6.963 7.212 7.461 7.710 7.960 8.174 7.764 6.942 6.942 6.531 6.120 5.709 5.298 4.887
5.337 5.298 5.305 5.314 5.324 5.333 5.333 5.352 5.362 5.371 5.381 5.390 5.400 5.552 5.688 5.824 5.960 6.096 6.232 6.368 6.504 6.640 6.640 6.624 6.601 6.579 6.557 6.534 6.512 6.489 6.467 6.445 6.422 6.400 6.377 6.366 6.451 6.408 6.179 6.179 6.083 5.988 5.893 5.798 5.703 5.608 5.513 5.418 5.323 5.228 5.133 5.038 4.943 4.847 5.062 5.062 5.272 5.488 5.737 5.986 6.235 6.484 6.734 6.983 7.232 7.481 7.730 7.979 8.228 7.928 7.106 7.106 6.696 6.285 5.874 5.463 5.101
5.295 5.287 5.296 5.306 5.315 5.325 5.325 5.345 5.356 5.366 5.377 5.387 5.398 5.398 5.450 5.586 5.722 5.858 5.994 6.130 6.266 6.402 6.402 6.397 6.375 6.352 6.330 6.308 6.285 6.263 6.240 6.218 6.196 6.216 6.275 6.335 6.468 6.595 6.366 6.367 6.252 6.138 6.023 5.909 5.795 5.680 5.572 5.477 5.382 5.287 5.191 5.097 5.001 4.906 5.038 5.038 5.258 5.507 5.756 6.006 6.255 6.504 6.753 7.002 7.251 7.500 7.749 7.998 8.247 8.093 7.271 7.271 6.860 6.449 6.038 5.674 5.370
5.268 5.281 5.291 5.302 5.312 5.323 5.323 5.344 5.354 5.365 5.375 5.386 5.395 5.396 5.396 5.397 5.485 5.621 5.757 5.893 6.029 6.165 6.165 6.170 6.148 6.126 6.103 6.081 6.059 6.036 6.014 6.066 6.125 6.185 6.244 6.304 6.485 6.674 6.554 6.554 6.439 6.325 6.211 6.096 5.982 5.868 5.753 5.639 5.524 5.410 5.296 5.182 5.067 4.965 5.028 5.028 5.277 5.527 5.776 6.025 6.274 6.523 6.772 7.021 7.270 7.519 7.769 8.018 8.267 8.257 7.435 7.435 7.025 6.614 6.247 5.943 5.638
5.204 5.264 5.290 5.301 5.311 5.322 5.322 5.343 5.353 5.364 5.374 5.385 5.393 5.393 5.394 5.395 5.395 5.396 5.520 5.656 5.792 5.928 5.928 5.944 5.921 5.899 5.877 5.854 5.856 5.916 5.975 6.035 6.094 6.154 6.213 6.314 6.503 6.692 6.741 6.741 6.626 6.512 6.398 6.283 6.169 6.055 5.940 5.826 5.712 5.597 5.483 5.369 5.254 5.140 4.956 4.956 5.249 5.542 5.795 6.044 6.293 6.542 6.791 7.041 7.290 7.539 7.788 8.037 8.286 8.422 7.600 7.600 7.189 6.820 6.516 6.212 5.907
5.140 5.200 5.260 5.300 5.310 5.321 5.321 5.342 5.352 5.363 5.373 5.384 5.390 5.391 5.392 5.392 5.393 5.394 5.394 5.418 5.554 5.690 5.690 5.717 5.695 5.672 5.706 5.766 5.825 5.885 5.944 6.004 6.063 6.122 6.182 6.331 6.520 6.709 6.928 6.928 6.813 6.699 6.585 6.470 6.356 6.242 6.127 6.013 5.899 5.784 5.670 5.556 5.441 5.327 4.803 4.803 5.096 5.389 5.682 5.974 6.267 6.560 6.811 7.060 7.309 7.558 7.807 8.056 8.305 8.554 7.764 7.764 7.394 7.089 6.785 6.481 6.176
5.076 5.136 5.196 5.256 5.309 5.320 5.320 5.341 5.351 5.361 5.372 5.382 5.388 5.388 5.389 5.390 5.391 5.391 5.392 5.392 5.393 5.453 5.453 5.496 5.556 5.615 5.675 5.734 5.794 5.853 5.913 5.972 6.032 6.091 6.159 6.348 6.537 6.726 7.104 7.104 7.001 6.886 6.772 6.658 6.543 6.429 6.315 6.200 6.086 5.971 5.857 5.743 5.628 5.391 4.835 4.835 4.943 5.236 5.528 5.821 6.114 6.407 6.700 6.992 7.285 7.577 7.827 8.076 8.325 8.574 7.967 7.967 7.662 7.358 7.054 6.749 6.445
5.012 5.072 5.132 5.192 5.252 5.312 5.312 5.339 5.350 5.360 5.371 5.381 5.385 5.386 5.387 5.388 5.388 5.389 5.389 5.390 5.391 5.399 5.399 5.465 5.525 5.584 5.644 5.703 5.763 5.822 5.882 5.941 6.001 6.060 6.177 6.366 6.555 6.744 7.122 7.122 7.188 7.073 6.959 6.845 6.730 6.616 6.502 6.387 6.273 6.159 6.044 5.930 5.733 5.455 4.898 4.898 4.790 5.082 5.375 5.668 5.961 6.254 6.546 6.839 7.132 7.425 7.718 8.010 8.303 8.593 8.235 8.235 7.931 7.627 7.322 7.018 6.714
4.948 5.008 5.068 5.128 5.188 5.248 5.248 5.338 5.349 5.359 5.370 5.380 5.383 5.384 5.384 5.385 5.386 5.386 5.387 5.399 5.418 5.438 5.438 5.434 5.493 5.553 5.612 5.672 5.731 5.791 5.850 5.910 5.969 6.029 6.194 6.383 6.572 6.761 7.139 7.139 7.328 7.260 7.146 7.032 6.917 6.803 6.689 6.574 6.460 6.346 6.231 6.074 5.796 5.518 4.961 4.961 4.683 4.929 5.222 5.515 5.808 6.100 6.393 6.686 6.979 7.271 7.564 7.857 8.150 8.416 8.283 8.283 8.050 7.817 7.584 7.287 6.982
4.884 4.944 5.004 5.064 5.124 5.184 5.184 5.304 5.348 5.358 5.369 5.379 5.381 5.381 5.382 5.383 5.383 5.399 5.419 5.438 5.457 5.477 5.477 5.461 5.462 5.522 5.581 5.641 5.700 5.760 5.819 5.879 5.938 6.022 6.211 6.400 6.589 6.778 7.156 7.156 7.345 7.447 7.333 7.219 7.104 6.990 6.876 6.761 6.647 6.533 6.415 6.137 5.859 5.581 5.024 5.024 4.746 4.776 5.069 5.362 5.654 5.947 6.240 6.533 6.825 7.118 7.411 7.704 7.989 8.153 8.169 8.169 7.936 7.703 7.469 7.236 7.003
4.820 4.880 4.940 5.000 5.060 5.120 5.120 5.240 5.300 5.357 5.368 5.378 5.378 5.379 5.380 5.400 5.419 5.439 5.458 5.477 5.496 5.512 5.512 5.495 5.486 5.490 5.550 5.609 5.669 5.728 5.788 5.847 5.907 6.039 6.228 6.417 6.606 6.795 7.173 7.174 7.363 7.552 7.520 7.406 7.291 7.177 7.063 6.948 6.834 6.720 6.479 6.200 5.922 5.644 5.087 5.088 4.809 4.623 4.916 5.208 5.501 5.794 6.087 6.379 6.672 6.965 7.258 7.551 7.725 7.889 8.055 8.055 7.822 7.589 7.355 7.122 6.889
4.756 4.816 4.876 4.936 4.996 5.056 5.056 5.176 5.236 5.297 5.357 5.376 5.381 5.400 5.419 5.439 5.458 5.478 5.497 5.516 5.536 5.546 5.546 5.528 5.519 5.511 5.519 5.578 5.638 5.697 5.757 5.816 5.876 6.057 6.246 6.435 6.624 6.813 7.191 7.191 7.380 7.569 7.707 7.593 7.478 7.364 7.250 7.135 7.021 6.820 6.542 6.263 5.985 5.707 5.151 5.151 4.872 4.594 4.763 5.055 5.348 5.641 5.933 6.226 6.519 6.812 7.105 7.298 7.462 7.626 7.941 7.941 7.708 7.475 7.241 7.008 6.775
4.692 4.752 4.812 4.872 4.932 4.992 4.992 5.113 5.173 5.233 5.293 5.359 5.420 5.439 5.459 5.478 5.497 5.517 5.536 5.555 5.575 5.579 5.579 5.562 5.553 5.544 5.535 5.547 5.606 5.666 5.725 5.785 5.885 6.074 6.263 6.452 6.641 6.830 7.208 7.208 7.397 7.586 7.775 7.780 7.665 7.551 7.437 7.322 7.161 6.883 6.605 6.327 6.048 5.770 5.214 5.214 4.936 4.657 4.609 4.902 5.195 5.488 5.780 6.073 6.366 6.659 6.871 7.035 7.199 7.362 7.690 7.690 7.594 7.361 7.127 6.894 6.661
4.692 4.752 4.812 4.872 4.932 4.993 4.993 5.113 5.173 5.233 5.293 5.359 5.420 5.439 5.459 5.478 5.498 5.517 5.536 5.556 5.575 5.580 5.580 5.562 5.553 5.544 5.535 5.547 5.607 5.666 5.725 5.785 5.885 6.074 6.263 6.452 6.641 6.830 7.208 7.208 7.397 7.586 7.775 7.780 7.666 7.551 7.437 7.323 7.161 6.883 6.605 6.327 6.048 5.770 5.214 5.214 4.936 4.657 4.610 4.902 5.195 5.488 5.780 6.073 6.366 6.659 6.871 7.035 7.199 7.362 7.690 7.690 7.594 7.361 7.127 6.894 6.661
4.628 4.688 4.748 4.808 4.868 4.929 4.929 5.049 5.109 5.171 5.234 5.299 5.379 5.459 5.498 5.517 5.537 5.556 5.575 5.595 5.614 5.613 5.613 5.595 5.587 5.578 5.569 5.560 5.575 5.635 5.694 5.754 5.902 6.091 6.280 6.469 6.658 6.847 7.225 7.226 7.415 7.604 7.793 7.967 7.853 7.738 7.624 7.503 7.225 6.946 6.668 6.390 6.112 5.833 5.277 5.277 4.999 4.721 4.456 4.749 5.042 5.335 5.627 5.920 6.213 6.444 6.608 6.771 6.935 7.099 7.427 7.427 7.480 7.247 7.013 6.780 6.547
4.564 4.624 4.684 4.744 4.804 4.865 4.865 4.986 5.049 5.111 5.174 5.238 5.318 5.398 5.478 5.556 5.576 5.595 5.615 5.634 5.653 5.647 5.647 5.629 5.620 5.611 5.603 5.594 5.585 5.604 5.663 5.730 5.919 6.108 6.298 6.487 6.676 6.865 7.243 7.243 7.432 7.621 7.810 7.999 8.040 7.925 7.811 7.566 7.288 7.010 6.731 6.453 6.175 5.897 5.340 5.340 5.062 4.784 4.506 4.596 4.889 5.181 5.474 5.767 6.017 6.181 6.344 6.508 6.672 6.836 7.163 7.163 7.327 7.133 6.899 6.666 6.433
4.436 4.496 4.556 4.616 4.679 4.741 4.741 4.867 4.930 4.992 5.055 5.118 5.196 5.276 5.356 5.436 5.516 5.597 5.677 5.712 5.722 5.713 5.713 5.696 5.687 5.678 5.669 5.661 5.651 5.637 5.622 5.742 5.933 6.124 6.315 6.506 6.697 6.888 7.270 7.270 7.462 7.653 7.844 8.034 8.223 8.249 7.970 7.692 7.414 7.136 6.858 6.579 6.301 6.023 5.466 5.466 5.188 4.910 4.632 4.353 4.582 4.875 5.163 5.326 5.490 5.654 5.818 5.981 6.145 6.309 6.636 6.637 6.800 6.905 6.671 6.438 6.205
4.372 4.432 4.494 4.556 4.619 4.682 4.682 4.807 4.870 4.933 4.995 5.058 5.136 5.216 5.296 5.376 5.456 5.536 5.616 5.696 5.740 5.725 5.725 5.697 5.682 5.668 5.654 5.640 5.625 5.611 5.613 5.651 5.842 6.033 6.224 6.415 6.606 6.797 7.179 7.180 7.371 7.562 7.753 7.944 8.135 8.389 8.134 7.836 7.539 7.241 6.943 6.645 6.364 6.086 5.529 5.529 5.251 4.973 4.695 4.417 4.429 4.722 4.899 5.063 5.227 5.390 5.554 5.718 5.882 6.046 6.373 6.373 6.537 6.701 6.557 6.324 6.091
4.316 4.371 4.434 4.497 4.560 4.622 4.622 4.748 4.810 4.873 4.936 4.999 5.075 5.155 5.235 5.315 5.395 5.475 5.555 5.634 5.712 5.700 5.700 5.671 5.657 5.643 5.628 5.614 5.600 5.590 5.609 5.628 5.751 5.942 6.133 6.324 6.515 6.707 7.089 7.089 7.280 7.471 7.662 7.853 8.086 8.340 8.331 8.033 7.735 7.437 7.139 6.841 6.543 6.245 5.649 5.649 5.351 5.054 4.758 4.480 4.276 4.472 4.636 4.800 4.964 5.127 5.291 5.455 5.618 5.782 6.110 6.110 6.274 6.437 6.443 6.210 5.977
4.304 4.343 4.383 4.437 4.500 4.563 4.563 4.688 4.751 4.814 4.876 4.939 5.014 5.094 5.174 5.254 5.334 5.414 5.492 5.571 5.649 5.674 5.674 5.646 5.631 5.617 5.603 5.589 5.574 5.585 5.604 5.623 5.660 5.851 6.042 6.233 6.425 6.616 6.998 6.998 7.189 7.380 7.571 7.783 8.038 8.292 8.527 8.229 7.931 7.633 7.335 7.037 6.739 6.442 5.846 5.846 5.548 5.250 4.952 4.654 4.418 4.432 4.521 4.609 4.700 4.864 5.028 5.191 5.355 5.519 5.846 5.847 6.010 6.174 6.329 6.096 5.863
4.292 4.330 4.370 4.410 4.450 4.503 4.503 4.629 4.691 4.754 4.817 4.879 4.953 5.033 5.113 5.193 5.273 5.351 5.430 5.508 5.586 5.649 5.649 5.620 5.606 5.592 5.577 5.563 5.562 5.581 5.600 5.619 5.638 5.760 5.951 6.142 6.334 6.525 6.907 6.907 7.098 7.289 7.480 7.735 7.989 8.244 8.498 8.425 8.127 7.829 7.531 7.233 6.936 6.638 6.042 6.042 5.744 5.446 5.148 4.885 4.702 4.602 4.690 4.779 4.868 4.957 5.046 5.134 5.223 5.312 5.583 5.583 5.747 5.911 6.075 5.982 5.904
