includes/lisflood/camargue/results_R4_t1.561741501247E12/res-0005.wd
ncols         906
nrows         631
xllcorner     362177.146667
yllcorner     6534725.688020
cellsize      20.000000
NODATA_value  -9999.000000
[rows 442 to 475 of 631, columns 231 to 307 of 906]
2.336 2.356 2.385 2.384 2.424 2.003 1.502 0.000 0.705 0.885 0.896 1.007 0.928 0.908 0.979 0.000 0.000 0.000 0.000 0.000 0.000 0.000 0.000 0.000 0.000 0.000 0.000 0.000 0.000 0.000 0.000 0.000 0.000 0.000 0.000 0.000 0.000 0.000 0.000 0.000 0.000 0.000 0.000 0.000 0.000 0.000 0.000 0.000 0.000 0.000 0.000 0.000 0.000 0.000 0.000 0.000 0.000 0.000 0.000 0.000 0.000 0.000 0.000 0.000 0.000 0.000 0.000 0.000 0.000 0.000 0.000 0.000 0.000 0.503 1.402 2.534 0.000
2.335 2.354 2.384 2.383 2.423 2.002 1.502 0.000 0.706 0.886 0.897 1.007 0.928 0.908 0.979 1.419 0.000 0.000 0.000 0.000 0.000 0.000 0.000 0.000 0.000 0.000 0.000 0.000 0.000 0.000 0.000 0.000 0.000 0.000 0.000 0.000 0.000 0.000 0.000 0.000 0.000 0.000 0.000 0.000 0.000 0.000 0.000 0.000 0.000 0.000 0.000 0.000 0.000 0.000 0.000 0.000 0.000 0.000 0.000 0.000 0.000 0.000 0.000 0.000 0.000 0.000 0.000 0.000 0.000 0.000 0.000 0.000 0.000 0.502 1.402 2.533 0.000
2.494 2.543 2.392 2.392 2.351 2.331 2.280 0.000 0.946 0.857 0.907 0.998 0.978 0.989 0.999 0.000 0.000 0.000 0.000 0.000 0.000 0.000 0.000 0.000 0.000 0.000 0.000 0.000 0.000 0.000 0.000 0.000 0.000 0.000 0.000 0.000 0.000 0.000 0.000 0.000 0.000 0.000 0.000 0.000 0.000 0.000 0.000 0.000 0.000 0.000 0.000 0.000 0.000 0.000 0.000 0.000 0.000 0.000 0.000 0.000 0.000 0.000 0.000 0.000 0.000 0.000 0.000 0.000 0.000 0.000 0.000 0.000 0.182 0.000 3.040 0.481 0.000
2.523 2.602 2.381 2.381 2.500 2.430 1.889 0.000 0.000 0.000 0.000 0.818 0.898 0.939 0.000 0.000 0.000 0.000 0.000 0.000 0.000 0.000 0.000 0.000 0.000 0.000 0.000 0.000 0.000 0.000 0.000 0.000 0.000 0.000 0.000 0.000 0.000 0.000 0.000 0.000 0.000 0.000 0.000 0.000 0.000 0.000 0.000 0.000 0.000 0.000 0.000 0.000 0.000 0.000 0.000 0.000 0.000 0.000 0.000 0.000 0.000 0.000 0.000 0.000 0.000 0.000 0.000 0.000 0.000 0.000 0.000 0.000 1.890 0.911 2.518 0.133 0.544
2.581 2.491 2.590 2.589 2.489 2.408 2.367 2.366 2.315 2.275 0.000 0.000 0.000 0.000 0.000 0.000 0.000 0.000 0.000 0.000 0.000 0.000 0.000 0.000 0.000 0.000 0.000 0.000 0.000 0.000 0.000 0.000 0.000 0.000 0.000 0.000 0.000 0.000 0.000 0.000 0.000 0.000 0.000 0.000 0.000 0.000 0.000 0.000 0.000 0.000 0.000 0.000 0.000 0.000 0.000 0.000 0.000 0.000 0.000 0.000 0.000 0.000 0.000 0.000 0.000 0.000 0.000 0.000 0.000 0.000 0.000 0.000 0.747 2.927 0.119 0.284 0.725
2.550 2.520 2.519 2.519 2.488 2.497 2.496 2.386 2.445 2.275 2.444 2.244 2.113 2.193 0.000 0.000 0.000 0.000 0.000 0.000 0.000 0.000 0.000 0.000 0.000 0.000 0.000 0.000 0.000 0.000 0.000 0.000 0.000 0.000 0.000 0.000 0.000 0.000 0.000 0.000 0.000 0.000 0.000 0.000 0.000 0.000 0.000 0.000 0.000 0.000 0.000 0.000 0.000 0.000 0.000 0.000 0.000 0.000 0.000 0.000 0.000 0.000 0.000 0.000 0.000 0.000 0.000 0.000 0.000 0.000 0.000 0.000 2.595 2.488 0.000 0.675 0.555
2.659 2.599 2.658 2.658 2.577 2.557 2.486 2.495 2.435 2.285 2.284 2.244 2.263 2.963 0.000 0.000 0.000 0.000 0.000 0.000 0.000 0.000 0.000 0.000 0.000 0.000 0.000 0.000 0.000 0.000 0.000 0.000 0.000 0.000 0.000 0.000 0.000 0.000 0.000 0.000 0.000 0.000 0.000 0.000 0.000 0.000 0.000 0.000 0.000 0.000 0.000 0.000 0.000 0.000 0.000 0.000 0.000 0.000 0.000 0.000 0.000 0.000 0.000 0.000 0.000 0.000 0.000 0.000 0.000 0.000 0.000 0.000 2.480 0.705 0.138 0.000 0.465
2.888 2.608 2.657 2.657 2.526 2.596 2.465 2.435 2.395 2.414 2.324 2.314 2.763 2.303 0.000 0.000 0.000 0.000 0.000 0.000 0.000 0.000 0.000 0.000 0.000 0.000 0.000 0.000 0.000 0.000 0.000 0.000 0.000 0.000 0.000 0.000 0.000 0.000 0.000 0.000 0.000 0.000 0.000 0.000 0.000 0.000 0.000 0.000 0.000 0.000 0.000 0.000 0.000 0.000 0.000 0.000 0.000 0.000 0.000 0.000 0.000 0.000 0.000 0.000 0.000 0.000 0.000 0.000 0.000 0.000 0.000 0.000 2.883 0.000 0.536 0.606 0.002
2.637 2.677 2.717 2.716 2.586 2.515 2.545 2.454 2.414 2.504 2.344 2.483 2.433 2.363 2.303 0.000 0.000 0.000 0.000 0.000 0.000 0.000 0.000 0.000 0.000 0.000 0.000 0.000 0.000 0.000 0.000 0.000 0.000 0.000 0.000 0.000 0.000 0.000 0.000 0.000 0.000 0.000 0.000 0.000 0.000 0.000 0.000 0.000 0.000 0.000 0.000 0.000 0.000 0.000 0.000 0.000 0.000 0.000 0.000 0.000 0.000 0.000 0.000 0.000 0.000 0.000 0.000 0.000 0.000 0.000 0.000 2.990 2.461 0.000 0.546 0.336 0.375
2.607 2.656 2.676 2.675 2.785 2.545 2.584 2.534 2.534 2.474 2.743 2.473 2.493 2.363 2.343 0.000 0.000 0.000 0.000 0.000 0.000 0.000 0.000 0.000 0.000 0.000 0.000 0.000 0.000 0.000 0.000 0.000 0.000 0.000 0.000 0.000 0.000 0.000 0.000 0.000 0.000 0.000 0.000 0.000 0.000 0.000 0.000 0.000 0.000 0.000 0.000 0.000 0.000 0.000 0.000 0.000 0.000 0.000 0.000 0.000 0.000 0.000 0.000 0.000 0.000 0.000 0.000 0.000 0.000 0.000 0.000 2.457 0.389 0.379 0.073 0.965 0.825
2.696 2.796 2.685 2.685 2.655 2.664 2.564 2.534 2.513 2.633 2.643 2.493 2.563 2.503 2.422 0.000 0.000 0.000 0.000 0.000 0.000 0.000 0.000 0.000 0.000 0.000 0.000 0.000 0.000 0.000 0.000 0.000 0.000 0.000 0.000 0.000 0.000 0.000 0.000 0.000 0.000 0.000 0.000 0.000 0.000 0.000 0.000 0.000 0.000 0.000 0.000 0.000 0.000 0.000 0.000 0.000 0.000 0.000 0.000 0.000 0.000 0.000 0.000 0.000 0.000 0.000 0.000 0.000 0.000 0.000 0.000 2.918 1.888 0.000 0.165 0.445 0.835
2.745 2.655 2.915 2.914 2.924 2.904 2.784 2.673 2.693 2.593 2.603 2.553 2.642 2.602 2.562 2.502 0.000 0.000 0.000 0.000 0.000 0.000 0.000 0.000 0.000 0.000 0.000 0.000 0.000 0.000 0.000 0.000 0.000 0.000 0.000 0.000 0.000 0.000 0.000 0.000 0.000 0.000 0.000 2.349 2.179 0.000 0.000 0.000 0.000 0.000 0.000 0.000 0.000 0.000 0.000 0.000 0.000 0.000 0.000 0.000 0.000 0.000 0.000 0.000 0.000 0.000 0.000 0.000 0.000 0.000 0.000 2.442 0.086 0.334 0.334 0.365 0.855
2.564 2.634 2.714 2.714 2.624 2.723 2.573 2.673 2.433 2.923 2.602 2.502 2.522 2.522 2.582 2.531 2.541 2.511 0.000 0.000 0.000 0.000 0.000 0.000 0.000 0.000 0.000 0.000 0.000 0.000 0.000 2.208 2.158 2.238 2.178 2.178 2.258 2.398 2.188 2.208 2.228 2.258 2.268 2.609 2.209 2.119 0.000 0.000 0.000 0.000 0.000 0.000 0.000 0.000 0.000 0.000 0.000 0.000 0.000 0.000 0.000 0.000 0.000 0.000 0.000 0.000 0.000 0.000 0.000 0.000 2.454 2.435 0.061 0.001 0.124 0.144 1.144
2.674 2.614 2.643 2.643 2.653 2.653 2.603 2.663 2.952 2.742 2.612 2.652 2.412 2.531 2.491 2.651 2.711 2.591 2.600 2.600 2.630 0.000 0.000 0.000 0.000 0.000 0.000 0.000 2.248 2.278 2.258 2.218 2.248 2.338 2.318 2.318 2.278 2.388 2.278 2.208 2.368 2.288 2.358 2.848 2.249 2.109 2.009 1.230 0.000 0.000 0.000 0.000 0.000 0.000 0.000 0.000 0.000 0.000 0.000 0.000 0.000 0.000 0.000 0.000 0.000 0.000 0.000 0.000 0.000 0.000 2.427 2.733 0.224 0.143 2.493 0.883 1.194
2.643 2.613 2.703 2.703 2.723 2.682 2.652 2.642 2.622 2.662 2.672 3.051 2.651 2.971 2.781 2.581 2.551 2.500 2.590 2.590 2.529 2.719 2.619 2.998 2.618 2.548 2.548 2.338 2.268 2.368 2.268 2.268 2.458 2.518 2.498 2.498 2.288 2.358 2.368 2.268 2.308 2.338 2.469 2.559 2.279 2.129 1.939 1.980 0.000 0.000 0.000 0.000 0.000 0.000 0.000 0.000 0.000 0.000 0.000 0.000 0.000 0.000 0.000 0.000 0.000 0.000 0.000 0.000 0.000 0.000 2.421 2.833 2.563 1.533 0.266 0.413 0.924
2.753 2.673 2.752 2.752 2.642 2.672 2.642 2.592 2.762 3.041 2.881 2.691 2.601 2.811 2.621 2.531 2.640 2.530 2.620 2.619 2.489 2.479 2.578 2.378 2.368 2.448 2.388 2.398 2.367 2.347 2.408 2.328 2.368 2.298 2.518 2.518 2.408 2.298 2.288 2.408 2.438 2.388 2.418 2.769 2.469 2.259 2.219 1.469 0.000 0.000 0.000 0.000 0.000 0.000 0.000 0.000 0.000 0.000 0.000 0.000 0.000 0.000 0.000 0.000 0.000 0.000 0.000 0.000 0.000 2.252 2.842 2.192 0.303 0.121 0.486 0.000 1.135
2.602 2.672 2.592 2.592 2.712 2.722 2.641 2.681 2.571 2.751 2.651 2.691 2.731 2.711 3.010 2.738 3.060 2.540 2.529 2.529 2.559 2.437 2.358 2.348 2.278 2.308 2.267 2.387 2.447 2.387 2.377 2.308 2.358 2.368 2.348 2.347 2.357 2.388 2.438 2.568 2.488 2.378 2.458 2.798 2.318 2.269 2.069 1.059 0.000 0.000 0.000 0.000 0.000 0.000 0.000 0.000 0.000 0.000 0.000 0.000 0.000 0.000 0.000 0.000 0.000 0.000 0.000 0.000 0.000 1.591 2.961 3.042 0.282 0.000 0.123 0.335 0.985
2.602 2.672 2.591 2.591 2.711 2.721 2.641 2.681 2.571 2.751 2.650 2.690 2.730 2.710 3.010 2.737 3.060 2.539 2.529 2.529 2.559 2.437 2.358 2.348 2.278 2.307 2.267 2.387 2.447 2.387 2.377 2.307 2.357 2.368 2.348 2.348 2.357 2.388 2.438 2.568 2.488 2.378 2.458 2.798 2.318 2.268 2.069 1.059 0.000 0.000 0.000 0.000 0.000 0.000 0.000 0.000 0.000 0.000 0.000 0.000 0.000 0.000 0.000 0.000 0.000 0.000 0.000 0.000 0.950 1.590 2.960 0.000 0.000 0.000 0.125 0.335 0.985
2.671 2.731 2.861 2.861 2.771 2.861 2.701 2.591 2.830 2.820 2.710 2.680 2.700 2.640 2.770 2.650 2.749 2.769 2.979 2.978 2.601 2.553 2.504 2.538 2.437 2.467 2.287 2.437 2.407 2.397 2.287 2.247 2.337 2.367 2.517 2.517 2.517 2.428 2.448 2.498 2.518 2.358 2.418 2.318 2.478 2.478 1.928 1.269 1.099 0.600 0.430 0.430 0.000 0.000 0.000 0.000 0.000 0.000 0.000 0.000 0.000 0.000 0.000 0.000 0.000 0.000 0.000 1.739 0.349 2.919 3.080 0.000 0.503 0.000 1.335 0.825 0.000
2.751 2.731 2.761 2.761 2.800 2.760 2.850 2.590 2.670 2.710 2.710 2.720 2.720 2.690 2.660 2.589 2.649 2.669 2.678 2.678 2.528 2.528 2.618 2.577 2.737 2.474 2.647 2.416 2.346 2.336 2.296 2.467 2.467 2.697 2.477 2.477 2.537 2.407 2.397 2.548 2.498 2.398 2.958 2.438 2.348 2.428 1.928 1.909 1.649 1.829 2.070 2.070 0.000 0.000 0.000 0.000 0.000 0.000 0.000 0.000 0.000 0.000 0.000 0.000 0.000 0.000 0.000 0.000 0.497 2.393 2.989 0.000 0.000 0.000 0.076 0.835 0.655
2.990 2.860 2.890 2.890 2.780 2.770 2.780 2.790 2.730 2.610 2.760 2.680 2.619 2.659 2.549 2.569 2.589 2.558 2.618 2.618 2.698 2.558 2.607 2.677 2.627 2.597 2.597 2.609 2.526 2.516 2.356 2.386 2.556 2.406 2.487 2.487 2.477 2.487 2.617 2.577 2.958 2.668 2.498 2.698 2.648 2.658 2.578 2.498 2.399 2.379 2.380 2.380 2.370 2.790 1.600 0.000 0.000 0.000 0.000 0.000 0.000 0.000 0.000 0.000 0.000 1.120 1.370 1.371 2.377 2.379 0.000 0.000 0.000 0.000 0.418 0.037 0.026
2.960 2.850 2.880 2.880 2.780 2.730 2.520 2.760 2.840 2.809 2.759 2.749 2.629 2.719 2.759 2.579 2.808 2.548 2.608 2.608 2.507 2.527 2.637 2.447 2.637 2.487 2.736 2.676 2.646 2.456 2.526 2.456 2.486 2.476 2.606 2.606 2.506 2.537 2.477 2.507 2.597 2.517 2.467 2.608 2.468 2.588 2.608 2.558 2.359 2.509 2.580 2.580 2.390 1.980 1.991 1.981 0.000 0.000 0.000 0.000 0.437 0.000 0.000 0.758 1.488 2.089 2.720 2.721 2.369 0.000 0.000 0.154 0.354 0.017 0.047 0.000 0.000
2.710 2.899 2.799 2.799 2.799 2.629 2.619 2.599 2.739 2.879 2.739 2.839 2.769 2.889 2.718 2.728 2.648 2.458 2.558 2.558 2.557 2.537 2.527 2.597 2.566 2.676 2.556 2.526 2.726 2.743 2.586 2.536 2.486 2.496 2.506 2.506 2.566 2.496 2.466 2.806 2.727 2.627 2.697 2.507 2.598 2.678 2.578 2.498 2.418 2.379 2.550 2.550 2.510 1.590 1.761 1.442 1.462 1.063 0.266 0.827 0.947 0.537 2.807 1.797 2.928 2.358 2.359 0.000 0.000 0.000 0.000 0.000 1.054 0.000 0.000 0.597 0.036
2.739 2.739 2.789 2.789 2.819 2.849 2.839 2.819 2.749 2.879 2.808 2.828 2.548 2.738 2.718 2.618 2.698 2.598 2.547 2.547 2.507 2.577 2.747 2.556 2.716 2.546 2.636 2.656 2.676 2.645 2.810 2.655 2.485 2.585 2.605 2.606 2.476 2.596 2.566 2.736 2.526 2.636 2.547 2.477 2.397 2.518 2.528 2.538 2.438 2.539 2.459 2.460 2.490 2.861 1.681 1.492 1.503 1.223 0.634 0.000 1.066 1.936 3.005 2.804 2.603 2.402 2.353 0.000 0.000 0.074 0.013 0.017 0.654 0.814 0.000 0.000 0.356
2.779 2.749 2.969 2.969 2.889 2.868 2.908 2.948 2.928 2.788 2.758 2.808 2.758 2.688 2.728 2.668 2.728 2.537 2.597 2.597 2.707 2.686 2.696 2.696 2.676 2.646 2.605 2.695 2.515 2.735 2.645 2.775 2.555 2.665 2.665 2.665 2.555 2.485 2.616 2.636 2.616 2.506 2.536 2.567 2.677 2.457 2.477 2.458 2.498 2.499 2.439 2.440 2.480 2.481 2.971 1.572 1.423 1.174 1.244 2.035 3.045 3.633 3.432 3.231 3.030 2.829 2.628 2.628 0.000 0.000 0.508 0.000 1.164 0.000 0.000 0.000 0.000
2.858 2.798 3.018 3.018 2.658 2.908 2.798 2.898 2.778 2.678 2.838 2.868 2.708 2.677 2.527 2.747 2.737 2.527 2.687 2.687 2.717 2.746 2.636 2.386 2.756 2.625 2.685 2.625 2.675 2.645 2.615 2.605 3.007 2.625 2.715 2.715 2.755 2.665 2.945 2.625 2.635 2.536 2.466 2.506 2.466 2.587 2.487 2.498 2.608 2.518 2.459 2.459 2.480 2.451 2.452 2.862 2.283 2.693 3.968 4.063 4.158 4.061 3.860 2.996 2.116 1.777 0.897 0.000 0.000 0.000 0.078 0.000 0.000 0.000 0.000 0.000 0.000
2.808 2.898 3.018 3.018 2.818 2.848 2.938 2.727 2.847 2.717 2.927 2.897 2.887 2.837 2.687 2.567 2.537 2.717 2.737 2.737 2.836 2.696 2.566 2.626 2.735 2.615 2.735 2.685 2.735 2.695 2.814 2.734 2.584 2.644 2.574 2.574 2.785 2.895 2.986 2.705 2.595 2.515 2.615 2.646 2.646 2.576 2.567 2.547 2.397 2.498 2.529 2.529 2.540 2.500 2.491 2.492 3.825 3.920 4.015 4.110 4.205 4.272 2.246 2.036 1.317 0.597 0.000 0.000 0.000 0.000 0.098 0.000 0.000 0.000 0.000 0.000 0.000
2.837 2.797 2.837 2.838 2.977 2.937 2.917 2.907 2.897 2.807 2.897 2.857 2.727 2.697 2.747 2.847 2.756 2.746 2.866 2.866 2.706 2.776 2.826 2.625 2.555 2.575 2.745 2.604 2.674 2.614 2.744 2.724 2.764 2.874 2.804 2.804 2.734 2.684 2.774 2.604 2.674 2.595 2.605 2.575 2.726 2.566 2.656 2.626 2.127 2.178 2.608 2.609 3.491 3.587 3.682 3.777 3.872 3.966 4.061 2.524 2.264 2.065 1.735 1.606 0.927 0.000 0.000 0.000 0.000 0.000 0.000 0.000 0.000 0.000 0.000 0.000 0.000
2.907 2.907 2.907 2.907 2.867 2.837 3.239 3.244 3.027 2.857 2.887 2.926 2.836 2.696 2.876 2.826 2.866 2.966 2.926 2.926 2.756 2.806 2.845 2.575 2.735 2.885 2.854 2.704 2.664 2.674 2.674 2.784 2.764 2.844 2.764 2.764 2.744 2.734 3.070 2.844 2.644 2.584 2.645 2.705 2.595 2.715 2.836 2.576 2.556 2.987 3.348 3.348 3.538 3.633 3.728 2.971 3.052 2.482 2.473 2.203 2.044 2.064 1.835 1.625 0.000 0.000 0.000 0.000 0.000 0.000 0.000 0.000 0.000 0.000 0.000 0.000 0.000
3.306 2.787 3.279 3.279 2.837 2.857 3.268 3.275 3.279 2.806 2.896 2.876 2.946 2.786 2.836 3.056 3.311 2.816 2.866 2.866 2.966 2.815 2.845 2.915 2.935 2.694 2.844 2.794 2.674 2.774 2.714 2.733 2.893 2.843 3.151 3.151 2.853 3.124 2.793 2.863 2.653 2.714 2.664 2.754 2.674 2.795 3.015 3.109 3.204 3.299 3.394 3.395 3.584 2.879 2.750 2.481 2.441 2.502 2.412 2.283 2.233 2.294 1.994 0.000 0.000 0.000 0.000 0.000 0.000 0.000 0.000 0.000 0.000 0.000 0.000 0.000 0.000
3.329 2.966 3.026 3.026 2.986 2.966 3.280 3.016 2.996 2.916 2.796 2.936 2.986 2.806 2.966 2.946 2.946 2.916 2.985 2.985 2.945 2.895 2.815 2.794 2.594 2.724 2.844 2.824 2.734 2.883 2.793 2.853 3.232 3.219 2.833 2.833 2.853 2.863 2.893 2.893 2.713 2.763 2.713 2.804 3.077 3.065 3.061 3.156 3.251 3.345 2.917 2.917 2.658 2.589 2.689 2.540 2.561 2.442 2.472 2.423 2.323 1.893 0.883 0.000 0.000 0.000 0.000 0.000 0.000 0.000 0.000 0.000 0.000 0.000 0.000 0.000 0.000
3.352 3.006 2.906 2.906 3.036 2.896 2.946 2.916 2.996 3.016 2.985 3.353 2.975 2.815 3.025 2.995 2.935 3.005 3.015 3.015 2.935 2.845 2.835 2.884 2.854 2.704 2.904 2.834 2.813 2.823 2.743 2.833 3.275 3.261 2.822 2.822 2.943 2.862 2.802 2.832 2.743 2.803 2.873 3.132 3.119 3.106 3.004 2.885 2.915 2.795 2.726 2.726 2.637 2.538 2.569 2.649 2.540 2.351 2.342 2.393 2.263 2.143 1.363 0.000 0.000 0.000 0.000 0.000 0.000 0.000 0.000 0.000 0.000 0.000 0.000 0.000 0.000
3.025 3.366 2.955 2.955 2.956 2.986 2.906 3.005 2.975 2.995 2.805 2.945 3.005 2.985 2.975 2.985 3.404 2.965 3.035 3.035 2.995 2.904 2.974 2.724 2.964 2.873 2.893 2.993 2.893 2.833 2.903 2.942 2.962 3.304 3.277 3.277 2.962 2.942 2.892 2.802 2.792 2.732 3.186 3.173 3.161 3.148 2.543 2.824 2.894 2.855 2.695 2.696 2.776 2.797 2.648 2.519 2.440 2.421 2.232 2.292 2.253 2.113 1.503 0.000 0.000 0.000 0.000 0.000 0.000 0.000 0.000 0.000 0.000 0.000 0.000 0.000 0.000
2.975 2.915 3.005 3.005 2.945 2.895 2.975 2.985 2.935 2.955 3.035 2.945 3.393 2.815 3.419 3.431 3.435 3.439 2.995 2.995 2.984 2.994 2.984 2.944 2.933 2.963 2.883 2.953 3.023 2.983 2.952 3.368 2.932 3.052 3.320 3.320 2.932 2.952 2.832 2.782 2.811 3.241 3.228 3.215 3.202 2.762 2.943 2.823 2.624 2.664 2.694 2.695 2.835 2.716 2.587 2.528 2.379 2.251 2.162 2.182 2.113 2.013 1.103 0.000 0.000 0.000 0.000 0.000 0.000 0.000 0.000 0.000 0.000 0.000 0.000 0.000 0.000
