includes/lisflood/camargue/results_R4_t1.561741501247E12/res-0011.wd
ncols         906
nrows         631
xllcorner     362177.146667
yllcorner     6534725.688020
cellsize      20.000000
NODATA_value  -9999.000000
[rows 408 to 441 of 631, columns 770 to 846 of 906]
0.002 0.002 0.002 0.002 0.003 0.003 0.002 0.003 0.003 0.003 0.002 0.006 0.003 0.003 0.003 0.003 0.003 0.003 0.003 0.003 0.003 0.003 0.004 0.004 0.004 0.004 0.003 0.008 0.005 0.021 0.082 0.118 0.151 0.186 0.219 0.247 0.276 0.308 0.340 0.371 0.400 0.427 0.434 0.442 0.441 0.457 0.465 0.474 0.482 0.490 0.497 0.504 0.513 0.521 0.529 0.537 0.561 0.590 0.619 0.636 0.635 0.653 0.663 0.672 0.681 0.690 0.705 0.723 0.741 0.759 0.777 0.795 0.813 0.829 0.837 0.845 0.845
0.002 0.002 0.003 0.003 0.003 0.003 0.003 0.003 0.003 0.003 0.002 0.006 0.003 0.003 0.003 0.003 0.003 0.003 0.003 0.004 0.004 0.004 0.004 0.004 0.004 0.004 0.003 0.015 0.028 0.087 0.126 0.158 0.191 0.224 0.255 0.284 0.313 0.345 0.377 0.414 0.449 0.479 0.501 0.509 0.508 0.524 0.531 0.540 0.548 0.556 0.564 0.571 0.579 0.587 0.595 0.612 0.640 0.669 0.698 0.719 0.718 0.737 0.746 0.755 0.764 0.773 0.782 0.791 0.804 0.822 0.840 0.859 0.877 0.893 0.901 0.908 0.908
0.005 0.005 0.005 0.005 0.005 0.005 0.006 0.006 0.006 0.006 0.005 0.011 0.006 0.006 0.006 0.006 0.007 0.007 0.007 0.007 0.007 0.007 0.007 0.008 0.008 0.008 0.008 0.089 0.090 0.131 0.165 0.196 0.230 0.262 0.292 0.321 0.354 0.391 0.428 0.465 0.500 0.528 0.554 0.575 0.574 0.590 0.597 0.605 0.614 0.622 0.630 0.638 0.645 0.653 0.661 0.690 0.719 0.747 0.776 0.802 0.802 0.820 0.829 0.838 0.847 0.856 0.865 0.874 0.882 0.891 0.904 0.922 0.941 0.957 0.964 0.972 0.971
0.002 0.002 0.002 0.002 0.003 0.003 0.003 0.003 0.003 0.003 0.002 0.006 0.003 0.003 0.003 0.003 0.003 0.003 0.003 0.003 0.004 0.004 0.004 0.004 0.004 0.004 0.011 0.094 0.096 0.132 0.164 0.196 0.229 0.261 0.291 0.320 0.352 0.389 0.426 0.462 0.498 0.526 0.552 0.573 0.572 0.588 0.595 0.603 0.612 0.620 0.628 0.636 0.643 0.651 0.660 0.689 0.717 0.746 0.774 0.800 0.800 0.819 0.827 0.836 0.845 0.854 0.863 0.871 0.880 0.889 0.902 0.921 0.939 0.955 0.963 0.971 0.970
0.002 0.002 0.002 0.002 0.003 0.003 0.003 0.003 0.003 0.003 0.002 0.006 0.003 0.003 0.003 0.003 0.003 0.003 0.003 0.003 0.004 0.004 0.004 0.004 0.004 0.020 0.074 0.141 0.141 0.172 0.203 0.234 0.266 0.297 0.333 0.368 0.403 0.440 0.476 0.513 0.548 0.575 0.601 0.627 0.626 0.654 0.661 0.669 0.677 0.686 0.694 0.702 0.709 0.717 0.738 0.767 0.795 0.824 0.852 0.881 0.881 0.902 0.911 0.919 0.928 0.937 0.945 0.954 0.963 0.972 0.981 0.990 1.002 1.018 1.034 1.063 1.062
0.002 0.002 0.002 0.002 0.002 0.002 0.002 0.002 0.002 0.002 0.002 0.005 0.002 0.002 0.003 0.003 0.003 0.003 0.003 0.003 0.003 0.003 0.003 0.004 0.027 0.076 0.116 0.180 0.180 0.210 0.240 0.273 0.311 0.347 0.383 0.418 0.454 0.491 0.527 0.563 0.599 0.624 0.650 0.676 0.676 0.720 0.728 0.735 0.743 0.751 0.759 0.767 0.775 0.787 0.816 0.845 0.873 0.902 0.931 0.959 0.959 0.985 0.994 1.002 1.011 1.020 1.028 1.037 1.046 1.055 1.064 1.073 1.083 1.119 1.133 1.161 1.161
0.002 0.002 0.002 0.002 0.003 0.003 0.003 0.003 0.003 0.003 0.003 0.006 0.003 0.003 0.003 0.003 0.003 0.003 0.003 0.004 0.004 0.004 0.019 0.078 0.117 0.154 0.195 0.270 0.269 0.305 0.341 0.377 0.414 0.450 0.486 0.522 0.558 0.595 0.631 0.667 0.699 0.725 0.751 0.777 0.776 0.829 0.854 0.869 0.877 0.885 0.893 0.901 0.916 0.945 0.974 1.003 1.032 1.060 1.089 1.118 1.117 1.152 1.161 1.170 1.179 1.188 1.197 1.206 1.214 1.223 1.240 1.292 1.344 1.396 1.407 1.413 1.413
0.002 0.002 0.002 0.002 0.002 0.003 0.003 0.003 0.003 0.003 0.003 0.006 0.003 0.003 0.003 0.003 0.003 0.003 0.004 0.004 0.004 0.015 0.073 0.115 0.155 0.198 0.243 0.321 0.320 0.356 0.392 0.429 0.465 0.501 0.537 0.573 0.609 0.646 0.682 0.718 0.748 0.774 0.800 0.826 0.826 0.878 0.904 0.929 0.944 0.951 0.959 0.967 0.995 1.024 1.052 1.081 1.110 1.139 1.167 1.196 1.195 1.235 1.244 1.253 1.262 1.271 1.280 1.289 1.298 1.322 1.373 1.425 1.477 1.529 1.546 1.553 1.552
0.002 0.003 0.003 0.003 0.003 0.003 0.003 0.003 0.003 0.003 0.003 0.007 0.003 0.003 0.003 0.003 0.003 0.004 0.004 0.004 0.013 0.071 0.115 0.158 0.201 0.246 0.289 0.369 0.368 0.408 0.444 0.480 0.516 0.552 0.588 0.624 0.661 0.697 0.733 0.769 0.797 0.823 0.849 0.875 0.875 0.928 0.953 0.979 1.005 1.018 1.026 1.045 1.073 1.102 1.131 1.160 1.188 1.217 1.246 1.274 1.273 1.318 1.327 1.337 1.346 1.355 1.364 1.373 1.404 1.455 1.507 1.559 1.611 1.662 1.686 1.693 1.692
0.003 0.003 0.003 0.003 0.003 0.003 0.003 0.003 0.003 0.003 0.003 0.007 0.003 0.003 0.003 0.003 0.004 0.004 0.004 0.012 0.072 0.118 0.161 0.205 0.249 0.293 0.336 0.416 0.415 0.455 0.494 0.531 0.567 0.603 0.639 0.676 0.712 0.749 0.785 0.820 0.847 0.872 0.899 0.925 0.924 0.977 1.003 1.029 1.055 1.080 1.094 1.123 1.152 1.180 1.209 1.238 1.267 1.296 1.324 1.353 1.351 1.401 1.410 1.420 1.429 1.438 1.447 1.485 1.537 1.589 1.641 1.692 1.744 1.796 1.826 1.832 1.832
0.003 0.003 0.003 0.003 0.003 0.003 0.003 0.003 0.003 0.003 0.003 0.007 0.003 0.003 0.003 0.003 0.003 0.003 0.014 0.076 0.121 0.165 0.209 0.252 0.296 0.340 0.383 0.463 0.463 0.502 0.541 0.581 0.618 0.654 0.690 0.727 0.763 0.800 0.836 0.871 0.896 0.922 0.948 0.974 0.974 1.026 1.052 1.078 1.104 1.135 1.169 1.200 1.230 1.259 1.288 1.317 1.346 1.374 1.403 1.431 1.430 1.484 1.493 1.503 1.512 1.521 1.567 1.619 1.671 1.722 1.774 1.826 1.878 1.929 1.966 1.972 1.972
0.003 0.003 0.003 0.003 0.003 0.003 0.003 0.003 0.003 0.003 0.002 0.007 0.003 0.003 0.003 0.003 0.003 0.018 0.079 0.125 0.169 0.212 0.256 0.300 0.344 0.388 0.431 0.511 0.510 0.549 0.588 0.627 0.666 0.705 0.741 0.778 0.814 0.851 0.887 0.920 0.946 0.971 0.997 1.023 1.023 1.075 1.102 1.133 1.168 1.204 1.238 1.269 1.301 1.332 1.364 1.395 1.424 1.453 1.481 1.509 1.508 1.566 1.577 1.586 1.596 1.648 1.700 1.752 1.804 1.856 1.908 1.960 2.011 2.063 2.106 2.112 2.112
0.003 0.003 0.003 0.003 0.003 0.003 0.003 0.003 0.003 0.003 0.002 0.006 0.003 0.003 0.003 0.003 0.021 0.081 0.128 0.172 0.215 0.259 0.303 0.347 0.391 0.437 0.478 0.558 0.558 0.597 0.635 0.674 0.713 0.752 0.792 0.829 0.865 0.902 0.938 0.969 0.995 1.021 1.047 1.073 1.072 1.130 1.166 1.202 1.237 1.273 1.307 1.338 1.370 1.401 1.433 1.465 1.497 1.528 1.559 1.588 1.587 1.645 1.660 1.677 1.729 1.781 1.833 1.885 1.938 1.989 2.041 2.093 2.145 2.197 2.246 2.252 2.252
0.003 0.003 0.003 0.003 0.003 0.003 0.003 0.003 0.003 0.003 0.002 0.006 0.003 0.003 0.003 0.025 0.084 0.130 0.175 0.219 0.262 0.305 0.349 0.394 0.439 0.484 0.526 0.606 0.605 0.644 0.682 0.721 0.760 0.799 0.839 0.879 0.916 0.953 0.989 1.019 1.044 1.070 1.096 1.128 1.127 1.199 1.235 1.270 1.306 1.342 1.376 1.407 1.439 1.471 1.502 1.534 1.566 1.597 1.629 1.660 1.659 1.723 1.759 1.810 1.862 1.914 1.967 2.019 2.071 2.123 2.175 2.227 2.278 2.330 2.382 2.392 2.392
0.003 0.003 0.003 0.003 0.003 0.003 0.003 0.003 0.003 0.003 0.003 0.006 0.003 0.003 0.028 0.086 0.132 0.178 0.222 0.265 0.309 0.353 0.397 0.441 0.487 0.532 0.573 0.652 0.651 0.690 0.729 0.768 0.807 0.847 0.886 0.926 0.966 1.004 1.040 1.068 1.094 1.126 1.161 1.196 1.196 1.268 1.304 1.339 1.375 1.411 1.445 1.477 1.508 1.540 1.572 1.603 1.635 1.667 1.698 1.730 1.729 1.819 1.898 1.947 1.996 2.048 2.100 2.152 2.204 2.256 2.308 2.360 2.412 2.464 2.516 2.532 2.532
0.003 0.003 0.003 0.003 0.003 0.003 0.003 0.003 0.003 0.003 0.003 0.006 0.003 0.021 0.086 0.135 0.180 0.225 0.269 0.313 0.356 0.401 0.445 0.490 0.535 0.580 0.619 0.699 0.698 0.737 0.776 0.815 0.854 0.894 0.934 0.973 1.013 1.053 1.091 1.124 1.159 1.194 1.230 1.265 1.265 1.337 1.372 1.408 1.444 1.480 1.515 1.546 1.578 1.609 1.641 1.673 1.705 1.736 1.768 1.799 1.798 1.953 2.038 2.088 2.137 2.186 2.236 2.286 2.338 2.390 2.442 2.494 2.546 2.598 2.649 2.673 2.672
0.003 0.003 0.003 0.003 0.003 0.003 0.003 0.003 0.003 0.003 0.003 0.008 0.011 0.080 0.131 0.179 0.227 0.272 0.316 0.360 0.404 0.448 0.493 0.538 0.583 0.627 0.666 0.746 0.744 0.784 0.823 0.862 0.901 0.941 0.981 1.021 1.060 1.104 1.149 1.191 1.228 1.263 1.298 1.334 1.333 1.406 1.442 1.477 1.513 1.549 1.584 1.615 1.647 1.678 1.710 1.742 1.774 1.805 1.837 1.910 1.909 2.087 2.175 2.228 2.278 2.327 2.376 2.426 2.475 2.524 2.575 2.628 2.679 2.731 2.783 2.813 2.812
0.003 0.003 0.003 0.003 0.003 0.003 0.004 0.004 0.004 0.004 0.003 0.069 0.072 0.127 0.175 0.222 0.270 0.317 0.362 0.407 0.451 0.496 0.541 0.586 0.631 0.674 0.713 0.792 0.791 0.830 0.869 0.909 0.948 0.988 1.028 1.072 1.118 1.163 1.208 1.250 1.291 1.332 1.367 1.403 1.402 1.475 1.511 1.546 1.582 1.618 1.653 1.685 1.716 1.748 1.779 1.811 1.843 1.875 1.955 2.043 2.043 2.220 2.309 2.369 2.418 2.468 2.517 2.566 2.616 2.665 2.714 2.764 2.813 2.865 2.917 2.953 2.952
0.007 0.007 0.007 0.007 0.007 0.007 0.007 0.007 0.007 0.008 0.015 0.117 0.119 0.170 0.218 0.265 0.313 0.360 0.407 0.454 0.499 0.543 0.588 0.633 0.678 0.721 0.760 0.839 0.838 0.877 0.916 0.956 0.996 1.040 1.086 1.132 1.177 1.222 1.267 1.308 1.350 1.391 1.433 1.472 1.471 1.544 1.579 1.615 1.651 1.687 1.722 1.754 1.785 1.817 1.849 1.880 1.912 2.000 2.088 2.177 2.176 2.354 2.442 2.510 2.559 2.608 2.657 2.707 2.756 2.806 2.855 2.904 2.954 3.003 3.053 3.114 3.114
0.003 0.003 0.003 0.004 0.004 0.004 0.004 0.004 0.004 0.004 0.020 0.117 0.118 0.168 0.215 0.263 0.310 0.358 0.405 0.452 0.497 0.542 0.586 0.631 0.676 0.719 0.758 0.837 0.836 0.875 0.914 0.954 0.994 1.039 1.084 1.130 1.175 1.221 1.265 1.307 1.348 1.389 1.431 1.470 1.470 1.542 1.578 1.614 1.649 1.685 1.721 1.752 1.784 1.815 1.847 1.879 1.911 1.998 2.087 2.176 2.175 2.352 2.441 2.509 2.558 2.607 2.656 2.706 2.755 2.804 2.854 2.903 2.953 3.002 3.051 3.113 3.113
0.004 0.004 0.004 0.004 0.004 0.004 0.004 0.004 0.004 0.035 0.076 0.162 0.162 0.211 0.258 0.305 0.352 0.400 0.448 0.496 0.544 0.589 0.634 0.679 0.723 0.765 0.805 0.884 0.883 0.922 0.962 1.006 1.052 1.098 1.143 1.189 1.234 1.280 1.324 1.365 1.407 1.448 1.490 1.532 1.532 1.611 1.647 1.683 1.719 1.754 1.789 1.822 1.853 1.884 1.916 1.954 2.043 2.131 2.220 2.309 2.308 2.486 2.574 2.649 2.699 2.748 2.797 2.846 2.896 2.945 2.995 3.044 3.093 3.143 3.226 3.457 3.456
0.003 0.003 0.003 0.003 0.003 0.003 0.003 0.011 0.057 0.089 0.120 0.207 0.206 0.253 0.300 0.348 0.395 0.443 0.491 0.539 0.587 0.635 0.682 0.726 0.771 0.812 0.851 0.931 0.930 0.975 1.020 1.065 1.111 1.157 1.202 1.248 1.293 1.338 1.382 1.424 1.465 1.507 1.549 1.591 1.591 1.675 1.716 1.752 1.787 1.823 1.858 1.891 1.922 1.954 1.998 2.087 2.176 2.265 2.353 2.442 2.442 2.619 2.708 2.790 2.839 2.889 2.938 2.987 3.036 3.086 3.135 3.185 3.234 3.321 3.552 3.783 3.782
0.006 0.005 0.004 0.004 0.004 0.040 0.085 0.116 0.146 0.175 0.205 0.294 0.294 0.342 0.389 0.436 0.484 0.532 0.580 0.628 0.676 0.724 0.772 0.820 0.868 0.914 0.959 1.050 1.050 1.095 1.140 1.185 1.231 1.277 1.322 1.368 1.413 1.458 1.502 1.543 1.585 1.626 1.668 1.711 1.710 1.795 1.837 1.879 1.922 1.963 1.998 2.031 2.090 2.178 2.267 2.355 2.444 2.533 2.622 2.710 2.710 2.888 2.976 3.065 3.122 3.171 3.221 3.270 3.319 3.369 3.418 3.512 3.743 3.974 4.205 4.436 4.435
0.005 0.006 0.006 0.008 0.057 0.093 0.127 0.159 0.188 0.216 0.246 0.337 0.338 0.386 0.433 0.480 0.528 0.576 0.624 0.672 0.720 0.768 0.816 0.866 0.917 0.969 1.018 1.109 1.109 1.154 1.199 1.245 1.290 1.336 1.381 1.427 1.472 1.517 1.560 1.602 1.644 1.686 1.727 1.769 1.769 1.854 1.896 1.938 1.981 2.022 2.064 2.134 2.223 2.311 2.400 2.488 2.577 2.666 2.755 2.844 2.843 3.021 3.110 3.198 3.263 3.312 3.361 3.411 3.460 3.509 3.607 3.838 4.069 4.300 4.531 4.762 4.762
0.005 0.005 0.007 0.074 0.106 0.138 0.170 0.200 0.230 0.258 0.287 0.381 0.381 0.429 0.477 0.524 0.572 0.619 0.667 0.715 0.764 0.815 0.865 0.916 0.967 1.018 1.070 1.168 1.168 1.213 1.258 1.304 1.349 1.395 1.440 1.486 1.531 1.576 1.619 1.661 1.703 1.745 1.787 1.829 1.828 1.913 1.955 1.997 2.040 2.096 2.187 2.275 2.360 2.445 2.533 2.622 2.711 2.800 2.889 2.977 2.977 3.155 3.244 3.332 3.404 3.453 3.502 3.552 3.601 3.703 3.933 4.164 4.395 4.626 4.857 5.088 5.088
0.005 0.005 0.019 0.093 0.147 0.181 0.212 0.242 0.271 0.299 0.327 0.424 0.424 0.472 0.520 0.567 0.615 0.663 0.712 0.762 0.813 0.864 0.915 0.965 1.016 1.068 1.120 1.224 1.223 1.272 1.317 1.363 1.408 1.454 1.499 1.545 1.590 1.635 1.678 1.720 1.762 1.804 1.846 1.888 1.887 1.972 2.014 2.056 2.146 2.238 2.330 2.419 2.503 2.588 2.673 2.758 2.844 2.933 3.022 3.111 3.111 3.289 3.377 3.466 3.545 3.594 3.643 3.693 3.798 4.029 4.259 4.490 4.721 4.952 5.183 5.414 5.414
0.004 0.005 0.052 0.113 0.164 0.214 0.253 0.283 0.312 0.340 0.370 0.467 0.467 0.515 0.563 0.610 0.659 0.710 0.761 0.811 0.863 0.913 0.964 1.015 1.066 1.118 1.169 1.274 1.273 1.325 1.377 1.422 1.468 1.513 1.558 1.604 1.649 1.694 1.737 1.779 1.821 1.863 1.905 1.947 1.947 2.031 2.105 2.197 2.289 2.381 2.472 2.562 2.646 2.731 2.816 2.901 2.987 3.072 3.157 3.245 3.244 3.422 3.511 3.600 3.686 3.735 3.784 3.893 4.124 4.355 4.586 4.817 5.048 5.279 5.510 5.741 5.740
0.004 0.008 0.078 0.131 0.182 0.230 0.278 0.324 0.353 0.381 0.414 0.510 0.510 0.558 0.607 0.658 0.709 0.759 0.810 0.861 0.912 0.963 1.013 1.064 1.115 1.167 1.219 1.324 1.323 1.375 1.427 1.480 1.527 1.572 1.618 1.663 1.708 1.753 1.796 1.838 1.880 1.922 1.964 2.006 2.006 2.156 2.248 2.340 2.431 2.523 2.615 2.705 2.790 2.875 2.960 3.045 3.130 3.215 3.300 3.386 3.385 3.556 3.645 3.733 3.822 3.876 3.989 4.219 4.450 4.681 4.912 5.143 5.374 5.605 5.836 6.067 6.067
0.004 0.023 0.095 0.147 0.198 0.246 0.294 0.341 0.389 0.422 0.457 0.555 0.554 0.605 0.656 0.707 0.758 0.808 0.859 0.910 0.961 1.012 1.063 1.114 1.165 1.217 1.269 1.373 1.373 1.425 1.477 1.529 1.581 1.631 1.677 1.722 1.767 1.813 1.855 1.897 1.939 1.981 2.023 2.114 2.114 2.298 2.390 2.482 2.574 2.666 2.758 2.848 2.933 3.018 3.103 3.188 3.273 3.359 3.444 3.529 3.529 3.700 3.785 3.869 3.956 4.084 4.315 4.545 4.776 5.007 5.238 5.469 5.700 5.931 6.162 6.393 6.393
0.004 0.058 0.114 0.164 0.214 0.262 0.309 0.357 0.404 0.452 0.503 0.605 0.604 0.655 0.706 0.757 0.807 0.858 0.909 0.960 1.011 1.062 1.113 1.164 1.215 1.267 1.319 1.423 1.423 1.475 1.527 1.579 1.632 1.683 1.735 1.781 1.826 1.872 1.914 1.956 1.998 2.073 2.165 2.257 2.257 2.441 2.533 2.625 2.717 2.808 2.900 2.991 3.076 3.161 3.247 3.332 3.417 3.502 3.587 3.673 3.673 3.843 3.928 4.013 4.137 4.354 4.608 4.862 5.103 5.333 5.564 5.795 6.026 6.257 6.489 6.720 6.720
0.009 0.078 0.131 0.181 0.229 0.277 0.325 0.372 0.426 0.488 0.547 0.654 0.654 0.705 0.755 0.806 0.857 0.908 0.958 1.009 1.060 1.112 1.163 1.213 1.265 1.317 1.369 1.473 1.473 1.525 1.577 1.629 1.681 1.733 1.785 1.837 1.886 1.931 1.973 2.032 2.124 2.215 2.308 2.400 2.399 2.584 2.675 2.767 2.859 2.951 3.043 3.135 3.220 3.305 3.390 3.475 3.560 3.646 3.731 3.816 3.816 3.987 4.072 4.194 4.384 4.581 4.836 5.090 5.344 5.599 5.853 6.108 6.353 6.584 6.815 7.046 7.046
0.028 0.096 0.148 0.197 0.244 0.292 0.344 0.406 0.468 0.530 0.589 0.701 0.701 0.754 0.805 0.856 0.907 0.958 1.008 1.059 1.110 1.161 1.212 1.263 1.315 1.367 1.419 1.523 1.523 1.575 1.627 1.679 1.731 1.783 1.835 1.887 1.939 1.990 2.082 2.174 2.266 2.358 2.450 2.542 2.542 2.726 2.818 2.910 3.002 3.094 3.186 3.278 3.363 3.448 3.534 3.619 3.704 3.789 3.875 3.960 3.960 4.130 4.251 4.442 4.632 4.823 5.063 5.318 5.572 5.826 6.081 6.335 6.590 6.845 7.099 7.354 7.354
0.061 0.114 0.163 0.211 0.262 0.324 0.386 0.448 0.510 0.572 0.630 0.743 0.743 0.799 0.855 0.906 0.956 1.007 1.058 1.109 1.160 1.211 1.262 1.313 1.365 1.417 1.469 1.573 1.573 1.625 1.677 1.729 1.781 1.833 1.885 1.940 2.017 2.100 2.215 2.316 2.408 2.501 2.593 2.685 2.684 2.869 2.961 3.053 3.145 3.237 3.329 3.421 3.507 3.592 3.677 3.762 3.848 3.933 4.018 4.103 4.103 4.308 4.499 4.689 4.880 5.071 5.291 5.545 5.800 6.054 6.309 6.563 6.818 7.072 7.327 7.582 7.582
0.077 0.129 0.179 0.241 0.303 0.366 0.428 0.490 0.552 0.614 0.672 0.785 0.784 0.841 0.897 0.953 1.006 1.057 1.108 1.159 1.210 1.261 1.312 1.363 1.415 1.467 1.519 1.623 1.623 1.675 1.727 1.779 1.831 1.890 1.966 2.043 2.119 2.208 2.323 2.438 2.551 2.643 2.735 2.827 2.827 3.012 3.104 3.196 3.288 3.380 3.472 3.564 3.650 3.735 3.821 3.906 3.991 4.076 4.162 4.247 4.247 4.556 4.747 4.938 5.129 5.320 5.519 5.773 6.028 6.282 6.537 6.791 7.046 7.300 7.555 7.809 7.809
