includes/lisflood/camargue/results_R4_t1.561741501247E12/res-0004.wd
ncols         906
nrows         631
xllcorner     362177.146667
yllcorner     6534725.688020
cellsize      20.000000
NODATA_value  -9999.000000
[rows 510 to 543 of 631, columns 308 to 384 of 906]
4.270 4.268 4.266 4.264 4.247 4.229 4.229 4.193 4.172 4.137 4.102 4.068 4.033 3.999 3.965 3.930 3.895 3.861 3.498 3.418 3.367 3.407 3.407 3.712 3.407 3.397 3.477 3.267 3.417 3.357 3.207 3.397 3.238 3.128 3.308 3.478 3.408 3.278 3.258 3.258 3.378 3.338 3.248 3.228 3.238 3.398 3.358 3.701 3.499 3.369 3.289 3.338 3.188 3.328 3.328 3.328 3.338 3.327 3.307 3.347 3.267 3.257 3.297 3.487 3.296 3.277 3.276 3.386 3.276 3.346 3.257 3.257 3.367 3.267 3.247 3.317 3.337
4.335 4.333 4.331 4.329 4.320 4.302 4.302 4.249 4.215 4.180 4.145 4.111 4.076 4.042 4.008 3.973 3.938 3.904 3.378 3.288 3.307 3.497 3.497 3.407 3.477 3.467 3.487 3.327 3.517 3.397 3.457 3.407 3.218 3.368 3.498 3.478 3.278 3.258 3.278 3.278 3.408 3.418 3.298 3.398 3.328 3.408 3.278 3.398 3.359 3.329 3.349 3.318 3.398 3.358 3.338 3.337 3.327 3.347 3.327 3.437 3.476 3.386 3.732 3.486 3.456 3.406 3.436 3.436 3.386 3.436 3.346 3.346 3.306 3.466 3.327 3.337 3.277
4.499 4.423 4.363 4.361 4.356 4.339 4.338 4.271 4.236 4.201 4.167 4.132 4.098 4.063 4.029 3.994 3.960 3.925 3.429 3.438 3.298 3.357 3.357 3.347 3.417 3.377 3.227 3.368 3.477 3.357 3.497 3.307 3.248 3.478 3.388 3.338 3.258 3.468 3.438 3.438 3.398 3.388 3.388 3.448 3.398 3.318 3.288 3.478 3.468 3.348 3.309 3.368 3.358 3.428 3.367 3.367 3.337 3.847 3.416 3.486 3.396 3.856 3.496 3.860 3.863 3.435 3.425 3.515 3.485 3.505 3.376 3.376 3.326 3.416 3.386 3.356 3.306
4.684 4.608 4.533 4.457 4.392 4.361 4.361 4.292 4.257 4.223 4.188 4.154 4.119 4.085 4.050 4.016 3.981 3.489 3.429 3.308 3.368 3.338 3.337 3.297 3.477 3.308 3.438 3.428 3.398 3.357 3.288 3.457 3.397 3.397 3.368 3.448 3.368 3.388 3.308 3.308 3.815 3.398 3.508 3.428 3.438 3.830 3.368 3.498 3.851 3.438 3.398 3.388 3.328 3.877 3.517 3.516 3.486 3.886 3.506 3.486 3.485 3.485 3.515 3.515 3.902 3.903 3.455 3.891 3.415 3.876 3.515 3.515 3.515 3.850 3.375 3.425 3.485
4.870 4.794 4.718 4.633 4.539 4.450 4.450 4.352 4.304 4.255 4.210 4.175 4.141 4.106 4.072 4.037 4.002 3.968 3.419 3.478 3.478 3.498 3.498 3.358 3.348 3.428 3.338 3.488 3.328 3.488 3.368 3.808 3.478 3.819 3.517 3.437 3.357 3.217 3.337 3.337 3.368 3.338 3.458 3.368 3.348 3.867 3.458 3.882 3.428 3.478 3.418 3.458 3.427 3.467 3.921 3.921 3.506 3.925 3.495 3.445 3.932 3.934 3.937 3.505 3.505 3.937 3.495 3.927 3.485 3.911 3.505 3.505 3.887 3.475 3.465 3.867 3.484
5.055 4.970 4.882 4.795 4.690 4.569 4.569 4.464 4.416 4.367 4.318 4.269 4.221 4.172 4.123 4.074 4.025 3.989 3.955 3.920 3.418 3.388 3.388 3.408 3.268 3.278 3.328 3.468 3.508 3.458 3.508 3.378 3.498 3.851 3.407 3.497 3.417 3.267 3.407 3.407 3.508 3.438 3.348 3.890 3.897 3.418 3.498 3.920 3.927 3.935 3.942 3.447 3.467 3.506 3.486 3.486 3.962 3.515 3.967 3.485 3.972 3.974 3.976 3.977 3.974 3.971 3.969 3.962 3.954 3.946 3.444 3.444 3.504 3.913 3.494 3.897 3.484
5.219 5.131 5.044 4.956 4.841 4.720 4.720 4.576 4.527 4.479 4.430 4.381 4.333 4.284 4.235 4.186 4.137 4.089 4.040 3.991 3.448 3.893 3.893 3.298 3.378 3.318 3.508 3.498 3.458 3.498 3.869 3.518 3.418 3.884 3.387 3.467 3.397 3.905 3.912 3.912 3.478 3.478 3.921 3.478 3.428 3.943 3.950 3.958 3.965 3.972 3.980 3.507 3.993 3.995 4.000 3.999 4.002 3.495 4.006 4.008 4.011 4.013 4.014 4.011 4.008 4.005 4.003 3.997 3.989 3.513 3.965 3.965 3.957 3.949 3.940 3.932 3.924
5.380 5.293 5.205 5.114 4.993 4.871 4.871 4.688 4.639 4.590 4.542 4.493 4.444 4.396 4.347 4.298 4.249 4.201 4.152 4.103 4.054 3.498 3.498 3.298 3.318 3.348 3.498 3.886 3.458 3.896 3.901 3.458 3.912 3.377 3.437 3.927 3.933 3.938 3.946 3.945 3.948 3.951 3.477 3.965 3.448 3.468 3.988 3.468 4.003 3.517 4.017 4.025 4.032 4.035 4.039 4.039 4.041 4.043 4.045 4.048 4.050 4.051 4.048 4.045 4.042 4.039 4.037 4.033 4.025 4.016 4.000 4.000 3.992 3.984 3.976 3.968 3.959
5.542 5.454 5.367 5.265 5.144 5.022 5.022 4.800 4.751 4.702 4.654 4.605 4.556 4.508 4.459 4.410 4.361 4.312 4.264 4.215 4.166 3.508 3.508 3.408 3.458 3.428 3.478 3.398 3.338 3.358 3.388 3.939 3.457 3.949 3.478 3.497 3.966 3.971 3.417 3.417 3.982 3.988 3.996 3.508 3.478 4.019 3.478 4.034 4.041 4.048 4.055 4.062 4.070 4.074 4.078 4.078 4.080 4.082 4.085 4.087 4.088 4.085 4.082 4.079 4.076 4.073 4.071 4.068 4.060 4.052 4.035 4.035 4.027 4.019 4.011 4.003 3.995
5.703 5.616 5.528 5.416 5.295 5.173 5.173 4.931 4.863 4.814 4.765 4.716 4.668 4.619 4.571 4.522 4.473 4.424 4.375 4.327 4.278 4.194 4.194 3.408 3.458 3.348 3.438 3.508 3.438 3.417 3.993 3.994 3.994 3.994 3.994 3.995 3.998 4.004 3.467 3.467 4.019 3.437 4.034 4.042 4.049 4.057 4.064 4.071 4.079 4.086 4.093 4.100 4.107 4.113 4.118 4.117 4.120 4.122 4.124 4.125 4.122 4.119 4.116 4.113 4.110 4.108 4.105 4.102 4.095 4.087 4.071 4.071 4.062 4.054 4.046 4.038 4.030
5.865 5.777 5.688 5.567 5.446 5.324 5.324 5.082 4.974 4.926 4.877 4.828 4.780 4.731 4.682 4.634 4.585 4.536 4.487 4.439 4.363 4.280 4.280 3.428 3.398 3.438 3.478 3.418 4.047 4.047 4.047 4.048 4.048 4.048 3.517 4.049 4.049 4.049 4.048 4.048 4.057 4.064 4.072 4.079 4.087 4.094 4.102 4.109 4.116 4.124 4.131 4.138 4.145 4.152 4.157 4.157 4.159 4.161 4.162 4.159 4.156 4.153 4.150 4.147 4.144 4.142 4.139 4.136 4.131 4.122 4.106 4.106 4.098 4.090 4.082 4.074 4.065
6.026 5.939 5.839 5.718 5.597 5.475 5.475 5.233 5.111 5.037 4.989 4.940 4.891 4.843 4.794 4.745 4.697 4.648 4.599 4.532 4.449 4.365 4.365 4.199 4.115 3.498 3.308 4.101 4.101 4.101 4.102 4.102 4.102 3.487 4.103 4.103 4.103 3.517 4.081 4.081 4.090 4.099 4.108 3.517 4.125 4.132 4.140 4.147 4.154 4.162 4.169 4.176 4.183 4.190 4.197 4.196 4.198 4.200 4.196 4.193 4.190 4.188 4.184 4.181 4.179 4.176 4.173 4.170 4.166 4.158 4.142 4.142 4.133 4.125 4.117 4.109 4.101
6.187 6.100 5.990 5.869 5.748 5.626 5.626 5.384 5.262 5.149 5.101 5.052 5.003 4.954 4.906 4.857 4.808 4.760 4.701 4.617 4.534 4.451 4.451 4.284 4.201 3.488 4.155 4.155 4.155 4.156 4.156 4.156 3.447 4.157 4.157 4.157 4.157 4.152 4.122 4.122 4.123 4.132 4.140 4.149 4.158 4.167 4.175 4.184 4.192 4.199 4.207 4.214 4.221 4.228 4.236 4.235 4.237 4.234 4.231 4.227 4.225 4.222 4.219 4.216 4.213 4.210 4.207 4.204 4.202 4.194 4.177 4.177 4.169 4.160 4.152 4.144 4.137
6.349 6.261 6.141 6.020 5.899 5.777 5.777 5.535 5.413 5.292 5.212 5.164 5.115 5.066 5.017 4.969 4.920 4.869 4.786 4.703 4.619 4.536 4.536 4.369 4.286 4.209 4.209 4.209 4.209 4.210 4.210 4.210 4.211 4.211 4.211 4.211 4.207 4.192 4.162 4.162 4.155 4.164 4.173 4.182 4.191 4.199 4.208 4.216 4.225 4.234 4.242 4.250 4.258 4.265 4.274 4.274 4.271 4.268 4.265 4.262 4.259 4.256 4.253 4.250 4.247 4.244 4.241 4.238 4.236 4.229 4.213 4.212 4.204 4.196 4.187 4.181 4.175
6.348 6.261 6.141 6.020 5.898 5.777 5.777 5.534 5.413 5.292 5.212 5.163 5.115 5.066 5.017 4.969 4.920 4.869 4.786 4.702 4.619 4.536 4.536 4.369 4.286 4.209 4.209 4.209 4.209 4.210 4.210 4.210 4.210 4.211 4.211 4.211 4.207 4.192 4.162 4.162 4.155 4.164 4.173 4.182 4.190 4.199 4.208 4.216 4.225 4.233 4.242 4.250 4.258 4.265 4.274 4.274 4.270 4.267 4.264 4.261 4.258 4.255 4.252 4.250 4.247 4.244 4.241 4.238 4.235 4.229 4.212 4.212 4.203 4.195 4.187 4.180 4.174
6.509 6.413 6.292 6.170 6.049 5.928 5.928 5.685 5.564 5.443 5.324 5.275 5.226 5.177 5.129 5.080 5.032 4.954 4.871 4.788 4.704 4.621 4.621 4.455 4.371 4.288 4.263 4.263 4.263 4.264 4.264 4.264 4.264 4.265 4.265 4.263 4.248 4.233 4.203 4.203 4.188 4.197 4.206 4.214 4.223 4.232 4.240 4.249 4.258 4.266 4.274 4.283 4.291 4.299 4.305 4.305 4.305 4.301 4.299 4.296 4.293 4.290 4.287 4.283 4.281 4.278 4.275 4.272 4.270 4.264 4.248 4.247 4.239 4.231 4.224 4.218 4.212
6.670 6.564 6.442 6.321 6.200 6.079 6.078 5.836 5.715 5.594 5.472 5.386 5.338 5.289 5.240 5.192 5.123 5.039 4.956 4.873 4.790 4.706 4.706 4.540 4.457 4.373 4.317 4.317 4.318 4.318 4.318 4.318 4.318 4.319 4.318 4.304 4.289 4.274 4.244 4.244 4.229 4.229 4.238 4.247 4.256 4.264 4.273 4.282 4.290 4.299 4.307 4.316 4.324 4.331 4.325 4.325 4.325 4.326 4.327 4.328 4.327 4.324 4.321 4.318 4.315 4.312 4.309 4.307 4.304 4.300 4.283 4.283 4.274 4.268 4.262 4.256 4.250
6.987 6.866 6.744 6.623 6.502 6.381 6.381 6.138 6.017 5.896 5.774 5.653 5.561 5.513 5.460 5.376 5.293 5.210 5.127 5.044 4.960 4.877 4.877 4.711 4.627 4.544 4.461 4.426 4.426 4.426 4.426 4.426 4.427 4.415 4.400 4.385 4.370 4.355 4.326 4.325 4.311 4.296 4.304 4.313 4.321 4.330 4.339 4.347 4.356 4.364 4.373 4.381 4.378 4.374 4.366 4.366 4.365 4.366 4.367 4.368 4.369 4.369 4.370 4.371 4.372 4.373 4.374 4.375 4.372 4.369 4.356 4.356 4.350 4.344 4.338 4.332 4.326
7.125 7.006 6.887 6.768 6.650 6.531 6.531 6.289 6.168 6.047 5.925 5.804 5.683 5.624 5.545 5.461 5.378 5.295 5.212 5.129 5.046 4.962 4.962 4.796 4.713 4.629 4.546 4.480 4.480 4.480 4.480 4.480 4.471 4.456 4.441 4.426 4.411 4.396 4.366 4.366 4.351 4.336 4.337 4.345 4.354 4.363 4.371 4.380 4.389 4.397 4.405 4.403 4.399 4.395 4.387 4.387 4.385 4.386 4.386 4.387 4.388 4.389 4.390 4.391 4.392 4.393 4.394 4.395 4.396 4.397 4.394 4.394 4.388 4.382 4.376 4.369 4.363
7.236 7.133 7.014 6.895 6.776 6.658 6.658 6.420 6.301 6.183 6.064 5.945 5.826 5.706 5.630 5.546 5.463 5.380 5.297 5.214 5.131 5.048 5.048 4.881 4.798 4.714 4.631 4.548 4.534 4.534 4.534 4.527 4.512 4.497 4.482 4.467 4.452 4.437 4.407 4.407 4.392 4.377 4.369 4.378 4.387 4.395 4.404 4.412 4.421 4.429 4.428 4.424 4.420 4.416 4.408 4.408 4.404 4.405 4.406 4.407 4.408 4.409 4.409 4.411 4.412 4.413 4.414 4.415 4.416 4.416 4.417 4.417 4.416 4.415 4.413 4.407 4.401
7.313 7.260 7.141 7.022 6.903 6.785 6.785 6.547 6.428 6.310 6.191 6.072 5.926 5.753 5.677 5.601 5.525 5.449 5.373 5.297 5.216 5.133 5.133 4.966 4.883 4.799 4.716 4.633 4.588 4.588 4.582 4.567 4.553 4.537 4.522 4.507 4.493 4.478 4.448 4.448 4.432 4.418 4.403 4.411 4.419 4.428 4.436 4.445 4.454 4.453 4.449 4.445 4.441 4.437 4.429 4.429 4.425 4.425 4.426 4.426 4.427 4.428 4.429 4.430 4.431 4.432 4.433 4.434 4.435 4.436 4.437 4.437 4.436 4.436 4.435 4.434 4.433
7.391 7.387 7.268 7.149 7.030 6.912 6.912 6.674 6.555 6.437 6.318 6.181 6.008 5.835 5.724 5.648 5.572 5.496 5.420 5.344 5.268 5.192 5.192 5.040 4.963 4.884 4.801 4.718 4.642 4.638 4.623 4.608 4.593 4.578 4.563 4.548 4.533 4.518 4.488 4.488 4.473 4.458 4.443 4.443 4.452 4.461 4.469 4.478 4.478 4.474 4.470 4.466 4.462 4.458 4.450 4.450 4.446 4.445 4.445 4.446 4.447 4.448 4.449 4.450 4.451 4.452 4.453 4.454 4.455 4.456 4.457 4.457 4.456 4.456 4.455 4.454 4.454
7.468 7.514 7.395 7.276 7.157 7.039 7.039 6.801 6.682 6.564 6.436 6.263 6.091 5.918 5.771 5.695 5.619 5.543 5.467 5.391 5.315 5.239 5.239 5.086 5.010 4.934 4.858 4.782 4.728 4.716 4.663 4.649 4.634 4.619 4.604 4.589 4.574 4.559 4.529 4.529 4.514 4.499 4.484 4.476 4.484 4.493 4.502 4.503 4.499 4.495 4.491 4.487 4.483 4.479 4.471 4.471 4.467 4.464 4.465 4.466 4.467 4.468 4.469 4.470 4.471 4.471 4.473 4.474 4.475 4.476 4.478 4.477 4.477 4.476 4.475 4.475 4.474
7.545 7.622 7.522 7.403 7.284 7.166 7.166 6.928 6.809 6.691 6.518 6.346 6.173 6.000 5.827 5.742 5.666 5.590 5.514 5.438 5.362 5.286 5.286 5.133 5.057 4.981 4.905 4.829 4.937 4.995 4.931 4.866 4.801 4.736 4.671 4.629 4.614 4.599 4.569 4.569 4.554 4.539 4.524 4.509 4.517 4.525 4.528 4.524 4.520 4.516 4.512 4.508 4.504 4.500 4.492 4.492 4.488 4.484 4.485 4.486 4.486 4.487 4.488 4.489 4.490 4.491 4.492 4.493 4.495 4.496 4.498 4.498 4.497 4.496 4.496 4.495 4.494
7.623 7.699 7.649 7.530 7.412 7.293 7.293 7.055 6.936 6.773 6.601 6.428 6.255 6.082 5.909 5.789 5.713 5.637 5.561 5.485 5.409 5.333 5.333 5.180 5.104 5.028 4.952 5.024 5.146 5.267 5.210 5.145 5.080 5.015 4.950 4.885 4.820 4.756 4.626 4.626 4.595 4.580 4.565 4.550 4.549 4.552 4.548 4.544 4.541 4.537 4.533 4.529 4.525 4.520 4.513 4.513 4.509 4.505 4.504 4.505 4.506 4.507 4.508 4.509 4.510 4.511 4.512 4.513 4.514 4.515 4.518 4.517 4.517 4.517 4.516 4.515 4.514
7.700 7.776 7.776 7.657 7.538 7.420 7.420 7.182 7.029 6.856 6.683 6.510 6.337 6.164 5.991 5.836 5.760 5.684 5.608 5.532 5.456 5.380 5.380 5.227 5.151 5.075 5.112 5.233 5.355 5.476 5.489 5.424 5.359 5.294 5.229 5.164 5.099 5.035 4.905 4.905 4.840 4.775 4.710 4.645 4.577 4.573 4.569 4.565 4.561 4.558 4.554 4.550 4.546 4.541 4.534 4.533 4.530 4.526 4.524 4.525 4.526 4.527 4.527 4.528 4.530 4.531 4.532 4.533 4.534 4.535 4.537 4.537 4.537 4.537 4.536 4.535 4.535
7.778 7.854 7.903 7.784 7.665 7.547 7.547 7.284 7.111 6.938 6.765 6.592 6.419 6.246 6.073 5.901 5.806 5.730 5.655 5.579 5.503 5.427 5.427 5.274 5.198 5.199 5.321 5.442 5.564 5.685 5.768 5.703 5.638 5.573 5.508 5.443 5.378 5.313 5.184 5.184 5.119 5.054 4.989 4.884 4.647 4.621 4.609 4.596 4.584 4.579 4.574 4.570 4.566 4.562 4.555 4.554 4.551 4.547 4.543 4.544 4.545 4.546 4.547 4.548 4.549 4.550 4.551 4.552 4.554 4.555 4.557 4.557 4.558 4.557 4.556 4.555 4.555
7.855 7.931 8.007 7.911 7.792 7.673 7.674 7.366 7.193 7.020 6.847 6.674 6.501 6.328 6.155 5.983 5.853 5.777 5.701 5.625 5.549 5.473 5.473 5.321 5.287 5.408 5.529 5.651 5.773 5.894 6.015 5.982 5.917 5.852 5.787 5.722 5.657 5.592 5.462 5.462 5.398 5.333 5.256 5.019 4.782 4.678 4.665 4.653 4.640 4.628 4.615 4.603 4.590 4.583 4.576 4.575 4.571 4.568 4.564 4.564 4.565 4.566 4.567 4.568 4.569 4.570 4.571 4.572 4.574 4.575 4.577 4.577 4.578 4.577 4.576 4.576 4.575
7.933 8.009 8.085 8.038 7.919 7.794 7.794 7.448 7.275 7.102 6.929 6.756 6.583 6.410 6.238 6.065 5.900 5.824 5.748 5.672 5.596 5.520 5.520 5.374 5.495 5.617 5.738 5.860 5.981 6.103 6.224 6.261 6.196 6.131 6.066 6.001 5.936 5.871 5.742 5.741 5.677 5.612 5.391 5.153 4.916 4.734 4.722 4.709 4.697 4.684 4.672 4.659 4.647 4.634 4.610 4.609 4.597 4.589 4.585 4.583 4.585 4.586 4.587 4.588 4.589 4.590 4.591 4.592 4.593 4.594 4.597 4.597 4.598 4.597 4.597 4.596 4.595
8.010 8.086 8.162 8.165 8.046 7.876 7.876 7.530 7.357 7.184 7.011 6.838 6.665 6.493 6.320 6.147 5.974 5.871 5.795 5.719 5.643 5.567 5.567 5.583 5.704 5.826 5.947 6.069 6.190 6.312 6.433 6.540 6.475 6.410 6.345 6.280 6.215 6.150 6.021 6.020 5.956 5.762 5.525 5.288 5.051 4.813 4.778 4.765 4.753 4.741 4.728 4.716 4.703 4.691 4.666 4.666 4.653 4.641 4.629 4.613 4.607 4.606 4.607 4.608 4.609 4.610 4.611 4.612 4.613 4.614 4.616 4.616 4.617 4.617 4.617 4.616 4.615
8.009 8.086 8.162 8.164 8.046 7.875 7.875 7.529 7.356 7.183 7.011 6.838 6.665 6.492 6.319 6.146 5.973 5.870 5.794 5.718 5.642 5.566 5.566 5.582 5.704 5.825 5.947 6.068 6.190 6.311 6.432 6.539 6.475 6.410 6.345 6.280 6.215 6.150 6.020 6.020 5.955 5.761 5.524 5.287 5.050 4.813 4.777 4.765 4.752 4.740 4.727 4.715 4.702 4.690 4.665 4.665 4.653 4.640 4.628 4.612 4.606 4.605 4.606 4.607 4.608 4.609 4.610 4.611 4.612 4.613 4.616 4.616 4.617 4.617 4.616 4.615 4.615
8.204 8.227 8.251 8.291 8.130 7.957 7.957 7.611 7.438 7.266 7.093 6.920 6.747 6.574 6.401 6.229 6.056 5.917 5.841 5.765 5.689 5.613 5.613 5.791 5.912 6.034 6.155 6.277 6.398 6.520 6.641 6.763 6.753 6.689 6.624 6.559 6.494 6.429 6.299 6.299 6.133 5.895 5.658 5.421 5.184 4.947 4.834 4.821 4.808 4.796 4.784 4.771 4.759 4.746 4.722 4.722 4.709 4.697 4.679 4.658 4.651 4.645 4.639 4.633 4.628 4.629 4.630 4.631 4.632 4.633 4.636 4.636 4.637 4.637 4.636 4.636 4.635
8.406 8.430 8.453 8.366 8.205 8.036 8.036 7.694 7.521 7.348 7.175 7.002 6.829 6.656 6.484 6.311 6.138 5.965 5.888 5.812 5.736 5.757 5.757 6.000 6.121 6.243 6.364 6.486 6.607 6.729 6.850 6.972 7.032 6.967 6.903 6.838 6.773 6.708 6.504 6.504 6.267 6.030 5.793 5.556 5.318 5.081 4.890 4.877 4.865 4.852 4.840 4.827 4.815 4.803 4.778 4.778 4.766 4.748 4.727 4.706 4.695 4.689 4.683 4.677 4.671 4.665 4.659 4.653 4.652 4.653 4.656 4.655 4.656 4.657 4.657 4.656 4.654
8.761 8.663 8.564 8.466 8.338 8.168 8.168 7.830 7.661 7.493 7.324 7.155 6.986 6.817 6.648 6.476 6.303 6.130 5.982 5.932 6.053 6.175 6.175 6.418 6.539 6.661 6.782 6.904 7.025 7.147 7.268 7.390 7.511 7.526 7.461 7.396 7.331 7.247 6.773 6.773 6.536 6.299 6.062 5.825 5.588 5.350 5.113 4.991 4.978 4.966 4.953 4.941 4.928 4.916 4.887 4.887 4.866 4.845 4.824 4.803 4.784 4.778 4.772 4.766 4.760 4.754 4.748 4.742 4.737 4.731 4.719 4.719 4.713 4.707 4.700 4.694 4.691
