includes/lisflood/camargue/results_R4_t1.561741501247E12/res-0009.wdfp
ncols         906
nrows         631
xllcorner     362177.146667
yllcorner     6534725.688020
cellsize      20.000000
NODATA_value  -9999.000000
[rows 510 to 543 of 631, columns 462 to 538 of 906]
0.009 0.011 0.011 0.010 0.009 0.008 0.007 0.006 0.006 0.005 0.004 0.004 0.004 0.008 0.006 0.006 0.007 0.007 0.008 0.010 0.011 0.014 0.017 0.023 0.028 0.026 0.022 0.020 0.018 0.015 0.015 0.013 0.012 0.011 0.011 0.011 0.010 0.010 0.010 0.009 0.009 0.009 0.009 0.009 0.009 0.005 0.005 0.002 0.002 0.003 0.004 0.005 0.005 0.006 0.006 0.006 0.006 0.007 0.008 0.013 0.007 0.000 0.001 0.000 0.000 0.000 0.000 0.000 0.000 0.001 0.000 0.000 0.000 0.000 0.001 0.000 0.001
0.009 0.011 0.012 0.012 0.012 0.011 0.010 0.009 0.008 0.007 0.006 0.006 0.005 0.010 0.007 0.008 0.008 0.009 0.010 0.011 0.013 0.016 0.020 0.024 0.029 0.033 0.032 0.028 0.024 0.020 0.019 0.017 0.016 0.015 0.014 0.014 0.013 0.013 0.012 0.012 0.012 0.012 0.011 0.011 0.010 0.008 0.006 0.004 0.004 0.004 0.005 0.006 0.007 0.007 0.008 0.008 0.008 0.009 0.011 0.018 0.007 0.000 0.002 0.000 0.000 0.000 0.000 0.000 0.000 0.000 0.000 0.000 0.000 0.000 0.000 0.000 0.000
0.009 0.011 0.012 0.012 0.012 0.011 0.011 0.010 0.009 0.008 0.007 0.006 0.006 0.010 0.007 0.008 0.008 0.009 0.010 0.011 0.013 0.015 0.019 0.023 0.027 0.031 0.036 0.031 0.027 0.023 0.021 0.018 0.017 0.016 0.015 0.015 0.014 0.014 0.013 0.013 0.012 0.012 0.012 0.011 0.010 0.009 0.006 0.005 0.005 0.005 0.005 0.006 0.007 0.007 0.008 0.008 0.008 0.009 0.013 0.020 0.006 0.000 0.002 0.000 0.000 0.000 0.000 0.000 0.000 0.000 0.000 0.000 0.000 0.000 0.000 0.000 0.000
0.009 0.010 0.012 0.012 0.012 0.012 0.011 0.010 0.010 0.009 0.008 0.007 0.006 0.011 0.008 0.008 0.009 0.009 0.010 0.011 0.013 0.015 0.018 0.021 0.025 0.029 0.034 0.036 0.031 0.025 0.023 0.020 0.019 0.017 0.016 0.015 0.015 0.014 0.014 0.013 0.013 0.013 0.012 0.012 0.011 0.009 0.006 0.006 0.006 0.006 0.006 0.007 0.007 0.008 0.008 0.008 0.009 0.010 0.014 0.021 0.005 0.000 0.002 0.000 0.000 0.000 0.000 0.000 0.000 0.000 0.000 0.000 0.000 0.000 0.000 0.000 0.000
0.009 0.010 0.011 0.012 0.012 0.012 0.012 0.011 0.010 0.010 0.009 0.007 0.006 0.011 0.008 0.008 0.009 0.009 0.010 0.011 0.013 0.014 0.017 0.020 0.024 0.028 0.032 0.037 0.035 0.029 0.025 0.023 0.021 0.019 0.018 0.016 0.016 0.015 0.014 0.014 0.014 0.013 0.013 0.012 0.011 0.010 0.007 0.007 0.006 0.006 0.006 0.007 0.008 0.008 0.008 0.009 0.009 0.011 0.016 0.022 0.004 0.000 0.003 0.000 0.000 0.000 0.000 0.000 0.000 0.000 0.000 0.000 0.000 0.000 0.000 0.000 0.000
0.008 0.010 0.011 0.012 0.013 0.013 0.012 0.012 0.011 0.010 0.010 0.008 0.007 0.012 0.008 0.009 0.009 0.010 0.010 0.011 0.012 0.014 0.016 0.019 0.022 0.026 0.030 0.035 0.038 0.032 0.029 0.025 0.023 0.021 0.019 0.018 0.017 0.016 0.015 0.015 0.014 0.014 0.013 0.012 0.011 0.011 0.007 0.007 0.007 0.007 0.007 0.007 0.008 0.009 0.009 0.009 0.010 0.012 0.017 0.024 0.004 0.001 0.003 0.000 0.000 0.000 0.000 0.000 0.000 0.000 0.000 0.000 0.000 0.000 0.000 0.000 0.000
0.008 0.010 0.011 0.012 0.013 0.013 0.013 0.012 0.012 0.011 0.010 0.009 0.007 0.012 0.009 0.009 0.009 0.010 0.010 0.011 0.012 0.014 0.015 0.018 0.021 0.024 0.028 0.033 0.037 0.037 0.033 0.029 0.026 0.023 0.021 0.019 0.018 0.017 0.016 0.016 0.015 0.015 0.014 0.013 0.011 0.012 0.008 0.008 0.008 0.008 0.008 0.008 0.008 0.009 0.010 0.011 0.011 0.014 0.020 0.024 0.003 0.001 0.003 0.000 0.000 0.000 0.000 0.000 0.000 0.000 0.000 0.000 0.000 0.000 0.000 0.000 0.000
0.008 0.010 0.011 0.012 0.013 0.013 0.013 0.013 0.012 0.012 0.011 0.010 0.008 0.013 0.009 0.009 0.010 0.010 0.011 0.012 0.012 0.014 0.015 0.017 0.020 0.024 0.027 0.032 0.037 0.043 0.039 0.035 0.031 0.027 0.024 0.022 0.020 0.019 0.018 0.017 0.016 0.015 0.014 0.013 0.011 0.012 0.009 0.009 0.008 0.008 0.008 0.008 0.009 0.009 0.010 0.011 0.013 0.017 0.023 0.022 0.003 0.001 0.002 0.000 0.000 0.000 0.000 0.000 0.000 0.000 0.000 0.000 0.000 0.000 0.000 0.000 0.000
0.008 0.010 0.011 0.012 0.013 0.013 0.013 0.013 0.013 0.013 0.012 0.011 0.009 0.014 0.010 0.010 0.010 0.011 0.011 0.012 0.013 0.014 0.015 0.017 0.020 0.023 0.028 0.035 0.035 0.043 0.039 0.041 0.038 0.033 0.029 0.026 0.023 0.021 0.020 0.018 0.017 0.016 0.015 0.014 0.011 0.013 0.009 0.009 0.009 0.009 0.009 0.009 0.009 0.010 0.010 0.011 0.013 0.019 0.027 0.021 0.002 0.001 0.003 0.000 0.000 0.000 0.000 0.000 0.000 0.000 0.000 0.000 0.000 0.000 0.000 0.000 0.000
0.008 0.010 0.011 0.012 0.013 0.013 0.013 0.014 0.013 0.013 0.013 0.012 0.009 0.014 0.010 0.011 0.011 0.011 0.012 0.012 0.013 0.014 0.015 0.017 0.020 0.025 0.032 0.033 0.034 0.042 0.038 0.040 0.041 0.042 0.037 0.032 0.028 0.025 0.022 0.020 0.019 0.018 0.016 0.014 0.012 0.014 0.010 0.010 0.010 0.010 0.010 0.010 0.010 0.010 0.011 0.012 0.014 0.019 0.026 0.029 0.014 0.002 0.003 0.001 0.001 0.000 0.000 0.000 0.000 0.000 0.000 0.000 0.000 0.000 0.000 0.000 0.000
0.009 0.010 0.011 0.012 0.013 0.013 0.014 0.014 0.014 0.014 0.013 0.012 0.010 0.015 0.011 0.011 0.011 0.012 0.012 0.013 0.013 0.014 0.016 0.018 0.023 0.029 0.031 0.032 0.032 0.041 0.036 0.039 0.041 0.042 0.043 0.041 0.036 0.031 0.027 0.024 0.022 0.020 0.018 0.016 0.012 0.015 0.011 0.011 0.011 0.010 0.010 0.010 0.011 0.011 0.012 0.014 0.018 0.021 0.022 0.024 0.025 0.015 0.009 0.002 0.002 0.001 0.000 0.000 0.000 0.000 0.000 0.000 0.000 0.000 0.000 0.000 0.000
0.009 0.010 0.011 0.012 0.013 0.014 0.014 0.014 0.015 0.014 0.014 0.013 0.011 0.016 0.012 0.012 0.012 0.012 0.013 0.013 0.014 0.015 0.017 0.022 0.027 0.029 0.031 0.032 0.032 0.040 0.036 0.038 0.040 0.042 0.043 0.044 0.046 0.041 0.035 0.031 0.027 0.024 0.021 0.018 0.014 0.016 0.012 0.012 0.012 0.011 0.011 0.012 0.012 0.013 0.016 0.018 0.019 0.021 0.019 0.020 0.021 0.031 0.022 0.016 0.005 0.002 0.001 0.001 0.000 0.000 0.000 0.000 0.000 0.000 0.000 0.000 0.000
0.010 0.011 0.012 0.013 0.014 0.015 0.015 0.016 0.016 0.016 0.016 0.015 0.013 0.018 0.013 0.013 0.014 0.014 0.015 0.015 0.016 0.018 0.022 0.027 0.029 0.031 0.032 0.033 0.032 0.040 0.036 0.038 0.040 0.042 0.044 0.045 0.047 0.048 0.047 0.041 0.036 0.031 0.027 0.023 0.017 0.020 0.015 0.014 0.014 0.014 0.014 0.015 0.018 0.019 0.020 0.021 0.021 0.021 0.018 0.019 0.019 0.032 0.023 0.024 0.027 0.013 0.004 0.002 0.001 0.000 0.000 0.000 0.000 0.000 0.000 0.000 0.000
0.015 0.016 0.017 0.018 0.019 0.020 0.021 0.021 0.021 0.022 0.021 0.021 0.019 0.024 0.019 0.019 0.019 0.020 0.020 0.021 0.022 0.026 0.029 0.030 0.032 0.033 0.034 0.035 0.034 0.042 0.037 0.040 0.042 0.044 0.046 0.047 0.048 0.050 0.051 0.053 0.050 0.044 0.039 0.034 0.027 0.030 0.024 0.023 0.023 0.023 0.025 0.025 0.025 0.025 0.025 0.025 0.025 0.024 0.020 0.020 0.020 0.035 0.026 0.027 0.029 0.031 0.035 0.023 0.014 0.006 0.003 0.001 0.001 0.002 0.003 0.004 0.006
0.010 0.011 0.012 0.012 0.013 0.014 0.014 0.015 0.015 0.015 0.015 0.015 0.013 0.017 0.013 0.013 0.014 0.014 0.014 0.015 0.017 0.021 0.024 0.025 0.026 0.028 0.028 0.029 0.028 0.035 0.031 0.033 0.035 0.037 0.039 0.040 0.041 0.043 0.044 0.046 0.043 0.038 0.032 0.027 0.020 0.023 0.017 0.017 0.017 0.017 0.020 0.021 0.020 0.020 0.020 0.020 0.020 0.019 0.015 0.014 0.014 0.027 0.019 0.020 0.022 0.025 0.029 0.017 0.008 0.003 0.001 0.000 0.000 0.000 0.001 0.002 0.003
0.012 0.011 0.012 0.012 0.013 0.014 0.014 0.015 0.015 0.015 0.015 0.015 0.014 0.017 0.013 0.013 0.014 0.014 0.015 0.016 0.020 0.022 0.024 0.025 0.026 0.027 0.028 0.028 0.027 0.033 0.029 0.031 0.033 0.035 0.037 0.038 0.040 0.041 0.042 0.044 0.045 0.045 0.038 0.031 0.023 0.026 0.020 0.020 0.022 0.022 0.021 0.021 0.021 0.021 0.021 0.020 0.020 0.019 0.014 0.014 0.013 0.026 0.018 0.019 0.021 0.023 0.028 0.030 0.024 0.010 0.002 0.000 0.000 0.000 0.001 0.003 0.007
0.011 0.010 0.009 0.010 0.010 0.011 0.012 0.012 0.013 0.013 0.013 0.013 0.012 0.015 0.011 0.012 0.012 0.013 0.014 0.018 0.019 0.021 0.022 0.023 0.024 0.025 0.026 0.026 0.025 0.031 0.027 0.029 0.030 0.032 0.034 0.036 0.037 0.038 0.040 0.040 0.041 0.041 0.039 0.034 0.025 0.029 0.023 0.022 0.021 0.021 0.020 0.020 0.020 0.020 0.019 0.019 0.019 0.017 0.013 0.012 0.011 0.023 0.016 0.017 0.018 0.020 0.023 0.025 0.026 0.027 0.014 0.003 0.001 0.001 0.003 0.004 0.007
0.020 0.015 0.013 0.012 0.012 0.013 0.013 0.013 0.013 0.014 0.015 0.015 0.014 0.018 0.014 0.014 0.016 0.019 0.020 0.021 0.023 0.024 0.026 0.027 0.028 0.029 0.030 0.030 0.029 0.035 0.030 0.032 0.034 0.036 0.038 0.040 0.041 0.042 0.043 0.044 0.043 0.042 0.038 0.036 0.041 0.030 0.026 0.025 0.025 0.024 0.024 0.024 0.024 0.024 0.024 0.024 0.023 0.021 0.016 0.015 0.014 0.026 0.018 0.019 0.021 0.022 0.025 0.027 0.029 0.030 0.028 0.024 0.024 0.019 0.011 0.008 0.010
0.023 0.020 0.016 0.014 0.014 0.013 0.013 0.014 0.014 0.014 0.014 0.014 0.012 0.017 0.013 0.014 0.017 0.019 0.020 0.021 0.023 0.024 0.026 0.027 0.028 0.029 0.030 0.030 0.029 0.034 0.030 0.032 0.034 0.035 0.037 0.039 0.040 0.041 0.041 0.040 0.038 0.035 0.036 0.039 0.048 0.034 0.031 0.023 0.021 0.023 0.023 0.024 0.024 0.025 0.025 0.024 0.023 0.021 0.016 0.016 0.014 0.026 0.018 0.019 0.020 0.022 0.024 0.026 0.028 0.029 0.029 0.029 0.029 0.028 0.028 0.022 0.016
0.022 0.023 0.019 0.017 0.015 0.014 0.014 0.014 0.014 0.014 0.014 0.014 0.013 0.015 0.013 0.015 0.012 0.015 0.017 0.020 0.022 0.023 0.025 0.027 0.028 0.029 0.029 0.030 0.029 0.034 0.029 0.031 0.033 0.035 0.036 0.037 0.038 0.038 0.037 0.034 0.034 0.035 0.037 0.041 0.054 0.039 0.037 0.029 0.022 0.017 0.020 0.022 0.023 0.024 0.025 0.024 0.024 0.021 0.016 0.016 0.014 0.027 0.018 0.019 0.020 0.022 0.023 0.025 0.027 0.028 0.029 0.031 0.032 0.031 0.031 0.031 0.035
0.021 0.026 0.022 0.019 0.017 0.016 0.015 0.015 0.015 0.015 0.015 0.014 0.013 0.016 0.013 0.020 0.013 0.013 0.011 0.014 0.018 0.021 0.023 0.025 0.027 0.028 0.029 0.029 0.028 0.033 0.029 0.031 0.032 0.034 0.035 0.035 0.035 0.032 0.032 0.033 0.034 0.035 0.037 0.043 0.058 0.043 0.041 0.033 0.025 0.019 0.017 0.016 0.020 0.022 0.023 0.024 0.023 0.021 0.016 0.016 0.014 0.027 0.018 0.019 0.020 0.022 0.023 0.024 0.026 0.027 0.029 0.032 0.033 0.033 0.032 0.033 0.034
0.019 0.028 0.025 0.022 0.019 0.017 0.016 0.016 0.016 0.015 0.015 0.014 0.012 0.017 0.015 0.023 0.016 0.013 0.013 0.014 0.014 0.014 0.018 0.021 0.024 0.026 0.027 0.028 0.027 0.032 0.028 0.029 0.031 0.032 0.032 0.030 0.029 0.030 0.031 0.032 0.034 0.035 0.038 0.046 0.062 0.047 0.045 0.037 0.029 0.022 0.019 0.017 0.016 0.017 0.020 0.022 0.022 0.020 0.015 0.016 0.014 0.027 0.019 0.020 0.020 0.021 0.023 0.024 0.025 0.027 0.028 0.032 0.034 0.034 0.034 0.034 0.034
0.018 0.027 0.028 0.024 0.021 0.019 0.018 0.017 0.016 0.016 0.015 0.013 0.012 0.018 0.016 0.025 0.019 0.014 0.014 0.014 0.014 0.015 0.015 0.015 0.017 0.021 0.023 0.025 0.025 0.030 0.026 0.028 0.028 0.028 0.026 0.027 0.028 0.030 0.031 0.032 0.033 0.035 0.039 0.048 0.066 0.050 0.049 0.041 0.033 0.025 0.020 0.018 0.016 0.016 0.014 0.018 0.019 0.018 0.014 0.015 0.014 0.027 0.019 0.019 0.020 0.021 0.022 0.023 0.025 0.026 0.028 0.032 0.035 0.035 0.035 0.035 0.034
0.017 0.024 0.030 0.027 0.024 0.021 0.019 0.018 0.017 0.016 0.014 0.014 0.013 0.020 0.017 0.026 0.023 0.016 0.015 0.015 0.015 0.015 0.016 0.016 0.016 0.016 0.015 0.019 0.021 0.027 0.023 0.024 0.023 0.024 0.025 0.026 0.028 0.029 0.030 0.032 0.033 0.035 0.040 0.051 0.070 0.053 0.052 0.044 0.036 0.029 0.022 0.019 0.017 0.016 0.015 0.014 0.013 0.014 0.012 0.014 0.013 0.026 0.018 0.019 0.020 0.021 0.022 0.023 0.024 0.026 0.028 0.032 0.035 0.035 0.036 0.036 0.035
0.016 0.022 0.032 0.029 0.026 0.023 0.021 0.019 0.017 0.015 0.015 0.014 0.013 0.021 0.019 0.028 0.027 0.018 0.016 0.016 0.016 0.016 0.016 0.016 0.016 0.016 0.016 0.016 0.014 0.020 0.018 0.019 0.021 0.023 0.024 0.026 0.027 0.029 0.030 0.031 0.033 0.035 0.041 0.053 0.073 0.056 0.056 0.047 0.040 0.032 0.025 0.020 0.018 0.016 0.015 0.014 0.012 0.009 0.009 0.011 0.011 0.024 0.017 0.018 0.019 0.020 0.021 0.023 0.024 0.025 0.027 0.032 0.035 0.036 0.036 0.036 0.036
0.015 0.020 0.031 0.032 0.028 0.025 0.022 0.020 0.017 0.016 0.016 0.015 0.014 0.022 0.020 0.029 0.031 0.021 0.017 0.016 0.017 0.017 0.017 0.017 0.017 0.017 0.016 0.016 0.016 0.013 0.013 0.018 0.021 0.022 0.024 0.025 0.027 0.028 0.030 0.031 0.033 0.036 0.042 0.057 0.076 0.060 0.059 0.051 0.043 0.035 0.028 0.022 0.019 0.017 0.015 0.014 0.011 0.007 0.006 0.008 0.009 0.022 0.015 0.017 0.018 0.020 0.021 0.022 0.023 0.025 0.027 0.032 0.035 0.036 0.036 0.037 0.036
0.015 0.018 0.028 0.034 0.030 0.027 0.023 0.020 0.019 0.018 0.017 0.016 0.015 0.023 0.021 0.030 0.035 0.024 0.018 0.017 0.017 0.017 0.017 0.017 0.017 0.017 0.018 0.019 0.017 0.008 0.008 0.014 0.020 0.023 0.024 0.026 0.027 0.028 0.030 0.031 0.033 0.036 0.044 0.060 0.080 0.063 0.063 0.055 0.047 0.039 0.031 0.025 0.020 0.018 0.016 0.014 0.010 0.006 0.005 0.007 0.007 0.019 0.013 0.015 0.017 0.018 0.020 0.021 0.023 0.024 0.026 0.031 0.034 0.036 0.037 0.037 0.036
0.015 0.018 0.026 0.036 0.032 0.028 0.024 0.022 0.021 0.019 0.018 0.017 0.016 0.025 0.023 0.031 0.039 0.028 0.020 0.018 0.018 0.018 0.018 0.019 0.019 0.020 0.022 0.018 0.012 0.004 0.005 0.010 0.015 0.020 0.026 0.028 0.028 0.029 0.030 0.032 0.034 0.038 0.048 0.066 0.085 0.069 0.068 0.060 0.052 0.044 0.036 0.029 0.023 0.020 0.016 0.013 0.009 0.004 0.004 0.006 0.007 0.016 0.011 0.013 0.015 0.017 0.018 0.020 0.022 0.023 0.026 0.031 0.034 0.036 0.037 0.037 0.037
0.018 0.020 0.026 0.040 0.036 0.032 0.030 0.028 0.025 0.024 0.022 0.021 0.019 0.029 0.027 0.036 0.046 0.035 0.025 0.021 0.021 0.021 0.021 0.022 0.024 0.026 0.019 0.014 0.008 0.003 0.003 0.007 0.011 0.016 0.021 0.026 0.032 0.033 0.033 0.034 0.037 0.042 0.055 0.075 0.093 0.077 0.077 0.068 0.060 0.052 0.045 0.037 0.028 0.021 0.016 0.012 0.008 0.004 0.004 0.006 0.006 0.016 0.011 0.012 0.013 0.015 0.017 0.019 0.021 0.023 0.026 0.032 0.035 0.037 0.038 0.038 0.037
0.019 0.022 0.029 0.044 0.053 0.052 0.049 0.046 0.043 0.040 0.037 0.035 0.033 0.044 0.042 0.051 0.062 0.053 0.042 0.035 0.033 0.033 0.034 0.035 0.030 0.023 0.017 0.011 0.006 0.002 0.002 0.005 0.009 0.014 0.019 0.024 0.029 0.034 0.041 0.043 0.046 0.054 0.068 0.089 0.107 0.091 0.090 0.082 0.074 0.067 0.057 0.046 0.036 0.028 0.022 0.016 0.011 0.004 0.005 0.007 0.008 0.020 0.015 0.016 0.018 0.018 0.019 0.021 0.023 0.025 0.028 0.034 0.037 0.039 0.040 0.040 0.038
0.014 0.017 0.023 0.038 0.048 0.045 0.041 0.038 0.034 0.031 0.028 0.026 0.024 0.032 0.030 0.038 0.048 0.040 0.030 0.024 0.022 0.023 0.023 0.025 0.021 0.015 0.010 0.006 0.003 0.000 0.000 0.002 0.005 0.008 0.012 0.016 0.020 0.025 0.031 0.033 0.036 0.043 0.057 0.077 0.094 0.079 0.079 0.071 0.063 0.056 0.046 0.036 0.028 0.020 0.015 0.010 0.006 0.002 0.002 0.004 0.004 0.013 0.009 0.010 0.011 0.012 0.012 0.014 0.016 0.018 0.021 0.027 0.029 0.031 0.032 0.032 0.030
0.012 0.016 0.027 0.033 0.042 0.052 0.060 0.060 0.054 0.047 0.040 0.035 0.031 0.037 0.033 0.040 0.050 0.044 0.033 0.027 0.025 0.026 0.029 0.023 0.017 0.011 0.007 0.004 0.002 0.000 0.000 0.002 0.004 0.006 0.009 0.013 0.016 0.021 0.026 0.032 0.040 0.049 0.065 0.086 0.104 0.088 0.087 0.080 0.070 0.060 0.049 0.039 0.029 0.021 0.015 0.010 0.006 0.002 0.002 0.004 0.004 0.012 0.009 0.010 0.011 0.012 0.012 0.012 0.014 0.016 0.019 0.024 0.027 0.028 0.029 0.028 0.028
0.013 0.021 0.023 0.027 0.034 0.042 0.050 0.059 0.066 0.073 0.067 0.057 0.047 0.047 0.039 0.043 0.051 0.047 0.036 0.029 0.029 0.029 0.023 0.017 0.012 0.008 0.005 0.003 0.001 0.000 0.000 0.001 0.002 0.004 0.006 0.009 0.012 0.016 0.021 0.026 0.036 0.054 0.079 0.101 0.117 0.100 0.100 0.088 0.077 0.065 0.053 0.042 0.031 0.021 0.014 0.009 0.005 0.002 0.002 0.003 0.004 0.010 0.007 0.008 0.009 0.010 0.011 0.011 0.011 0.012 0.014 0.019 0.021 0.022 0.024 0.025 0.024
0.015 0.014 0.014 0.017 0.021 0.027 0.035 0.042 0.049 0.056 0.064 0.068 0.069 0.094 0.082 0.088 0.092 0.092 0.077 0.046 0.034 0.027 0.021 0.015 0.011 0.007 0.004 0.002 0.001 0.000 0.000 0.001 0.002 0.004 0.006 0.008 0.011 0.015 0.020 0.026 0.039 0.063 0.094 0.122 0.143 0.138 0.137 0.124 0.110 0.097 0.083 0.069 0.055 0.042 0.030 0.018 0.009 0.002 0.003 0.004 0.005 0.013 0.009 0.010 0.011 0.012 0.013 0.014 0.014 0.015 0.017 0.020 0.023 0.025 0.027 0.029 0.028
