includes/lisflood/camargue/results_R4_t1.561741501247E12/res-0003.wd
ncols         906
nrows         631
xllcorner     362177.146667
yllcorner     6534725.688020
cellsize      20.000000
NODATA_value  -9999.000000
[rows 408 to 441 of 631, columns 693 to 769 of 906]
3.961 3.968 3.975 3.982 3.989 3.996 4.003 4.009 4.010 4.023 4.025 3.384 4.021 4.019 4.017 4.016 4.014 4.012 4.010 3.996 3.978 3.960 3.942 3.924 3.924 3.440 3.890 3.421 3.391 3.312 3.889 3.383 3.864 3.274 3.214 3.345 3.385 3.425 3.305 3.386 3.386 3.436 3.863 3.897 3.932 3.966 4.000 4.034 4.068 4.102 4.142 4.179 4.212 4.244 4.276 4.309 4.373 4.373 4.405 4.438 4.470 4.502 4.534 4.567 4.593 4.617 4.642 4.666 4.691 4.715 4.740 4.765 4.812 4.812 4.836 4.860 4.884
3.989 3.996 4.003 4.009 4.016 4.023 4.030 4.037 4.037 4.051 4.054 4.052 4.050 4.048 4.047 4.045 4.043 4.039 4.020 4.002 3.984 3.966 3.948 3.929 3.930 3.897 3.897 3.401 3.897 3.897 3.897 3.896 3.889 3.284 3.334 3.838 3.435 3.275 3.787 3.800 3.800 3.868 3.903 3.937 3.971 4.005 4.039 4.073 4.108 4.142 4.176 4.209 4.241 4.274 4.306 4.339 4.403 4.403 4.435 4.467 4.500 4.532 4.564 4.596 4.621 4.646 4.671 4.695 4.720 4.744 4.769 4.793 4.842 4.842 4.866 4.890 4.914
4.016 4.023 4.030 4.037 4.044 4.051 4.058 4.065 4.065 4.078 4.083 4.081 4.079 4.078 4.076 4.074 4.063 4.044 4.026 4.008 3.990 3.972 3.954 3.935 3.936 3.904 3.904 3.391 3.904 3.904 3.904 3.903 3.903 3.898 3.234 3.405 3.846 3.345 3.305 3.839 3.840 3.908 3.942 3.976 4.010 4.044 4.079 4.113 4.146 4.176 4.206 4.239 4.271 4.304 4.336 4.368 4.433 4.433 4.465 4.497 4.530 4.562 4.594 4.625 4.650 4.675 4.699 4.724 4.749 4.773 4.798 4.822 4.871 4.871 4.896 4.920 4.944
4.017 4.024 4.031 4.037 4.044 4.051 4.058 4.065 4.065 4.079 4.083 4.081 4.080 4.078 4.076 4.074 4.063 4.045 4.027 4.009 3.990 3.972 3.954 3.935 3.936 3.904 3.904 3.391 3.904 3.904 3.904 3.904 3.903 3.898 3.234 3.405 3.847 3.345 3.306 3.840 3.840 3.908 3.942 3.976 4.010 4.045 4.079 4.113 4.146 4.176 4.207 4.239 4.272 4.304 4.336 4.369 4.433 4.433 4.465 4.497 4.530 4.562 4.594 4.625 4.650 4.675 4.699 4.724 4.749 4.773 4.798 4.822 4.871 4.871 4.896 4.920 4.944
4.051 4.055 4.059 4.065 4.072 4.079 4.086 4.092 4.093 4.106 4.113 4.111 4.109 4.107 4.105 4.087 4.069 4.051 4.033 4.014 3.996 3.978 3.960 3.941 3.942 3.911 3.351 3.911 3.911 3.911 3.911 3.910 3.910 3.910 3.225 3.375 3.445 3.336 3.436 3.879 3.879 3.947 3.982 4.016 4.050 4.084 4.115 4.145 4.175 4.205 4.235 4.268 4.301 4.334 4.366 4.398 4.463 4.463 4.495 4.527 4.559 4.592 4.624 4.654 4.679 4.703 4.728 4.753 4.778 4.802 4.827 4.851 4.900 4.900 4.925 4.949 4.973
4.087 4.091 4.096 4.100 4.104 4.108 4.113 4.120 4.120 4.134 4.141 4.140 4.138 4.129 4.111 4.093 4.075 4.057 4.038 4.020 4.002 3.984 3.965 3.947 3.948 3.918 3.918 3.918 3.918 3.918 3.918 3.918 3.918 3.917 3.917 3.915 3.898 3.880 3.884 3.918 3.919 3.987 4.021 4.053 4.083 4.113 4.143 4.173 4.203 4.234 4.264 4.297 4.330 4.363 4.396 4.428 4.493 4.493 4.525 4.557 4.589 4.621 4.654 4.683 4.708 4.732 4.757 4.782 4.806 4.831 4.855 4.880 4.929 4.929 4.953 4.981 5.013
4.159 4.163 4.168 4.172 4.176 4.180 4.184 4.188 4.189 4.197 4.197 4.177 4.158 4.140 4.122 4.104 4.086 4.068 4.050 4.032 4.013 3.995 3.977 3.959 3.959 3.933 3.442 3.932 3.932 3.932 3.932 3.932 3.932 3.932 3.931 3.931 3.356 3.931 3.416 3.426 3.427 3.447 4.080 4.110 4.140 4.170 4.200 4.231 4.261 4.291 4.322 4.355 4.388 4.421 4.454 4.487 4.552 4.552 4.585 4.617 4.649 4.681 4.713 4.740 4.765 4.790 4.814 4.839 4.864 4.888 4.913 4.944 5.008 5.008 5.040 5.072 5.104
4.195 4.199 4.204 4.208 4.212 4.216 4.220 4.224 4.225 4.227 4.206 4.186 4.167 4.147 4.128 4.110 4.092 4.074 4.056 4.037 4.019 4.001 3.983 3.964 3.965 3.940 3.940 3.939 3.939 3.939 3.939 3.939 3.939 3.939 3.938 3.944 3.963 3.981 3.992 4.018 4.018 3.417 4.109 4.139 4.169 4.199 4.229 4.259 4.289 4.319 4.351 4.384 4.417 4.450 4.483 4.516 4.581 4.582 4.614 4.647 4.679 4.711 4.743 4.769 4.794 4.818 4.843 4.868 4.893 4.925 4.957 4.990 5.054 5.054 5.086 5.118 5.149
4.231 4.236 4.240 4.244 4.248 4.252 4.256 4.261 4.261 4.236 4.216 4.195 4.176 4.156 4.137 4.118 4.098 4.080 4.061 4.043 4.025 4.007 3.988 3.970 3.971 3.947 3.947 3.947 3.946 3.946 3.946 3.946 3.946 3.958 3.978 3.997 4.017 3.376 4.044 3.297 3.297 4.107 4.137 4.167 4.198 4.228 4.258 4.288 4.318 4.348 4.381 4.414 4.446 4.479 4.512 4.545 4.611 4.611 4.644 4.676 4.709 4.741 4.773 4.798 4.823 4.847 4.874 4.906 4.938 4.971 5.003 5.035 5.099 5.099 5.132 5.164 5.195
4.267 4.272 4.276 4.280 4.284 4.288 4.293 4.287 4.287 4.245 4.225 4.204 4.185 4.165 4.146 4.126 4.107 4.087 4.068 4.049 4.031 4.013 3.994 3.976 3.976 3.954 3.954 3.954 3.954 3.953 3.954 3.973 3.993 4.012 3.405 4.051 4.071 4.086 3.377 4.106 4.106 4.136 4.166 4.196 4.226 4.256 4.287 4.317 4.347 4.377 4.410 4.443 4.476 4.508 4.541 4.574 4.640 4.640 4.673 4.706 4.738 4.771 4.802 4.827 4.855 4.887 4.919 4.952 4.984 5.016 5.048 5.081 5.145 5.145 5.177 5.209 5.240
4.303 4.308 4.312 4.316 4.320 4.325 4.317 4.296 4.296 4.254 4.234 4.213 4.193 4.174 4.155 4.135 4.116 4.096 4.076 4.057 4.037 4.018 4.000 3.982 3.982 3.961 3.961 3.961 3.969 3.988 4.008 4.027 4.047 4.066 3.305 3.256 4.125 4.138 3.417 3.427 3.428 3.438 4.195 4.225 4.255 4.285 4.315 4.345 4.375 4.406 4.439 4.472 4.505 4.538 4.571 4.603 4.669 4.669 4.702 4.735 4.767 4.800 4.835 4.869 4.901 4.933 4.965 4.997 5.030 5.062 5.094 5.126 5.191 5.191 5.223 5.255 5.286
4.339 4.344 4.348 4.352 4.356 4.347 4.326 4.305 4.305 4.263 4.243 4.222 4.202 4.183 4.163 4.144 4.124 4.105 4.085 4.066 4.046 4.027 4.007 3.988 3.988 3.968 3.984 4.003 4.023 4.042 4.062 4.081 4.100 4.120 4.139 3.236 3.426 4.190 4.200 4.210 4.211 4.231 4.241 4.253 4.284 4.314 4.344 4.374 4.404 4.435 4.468 4.501 4.534 4.567 4.600 4.633 4.698 4.698 4.731 4.763 4.793 4.824 4.862 4.910 4.946 4.979 5.011 5.043 5.075 5.107 5.140 5.172 5.236 5.236 5.268 5.300 5.331
4.375 4.380 4.384 4.388 4.376 4.356 4.335 4.314 4.314 4.273 4.252 4.231 4.211 4.192 4.172 4.153 4.133 4.114 4.094 4.075 4.055 4.035 4.016 3.996 3.997 4.018 4.037 4.057 4.076 4.096 4.115 4.135 4.154 4.174 4.193 3.116 3.377 4.242 4.252 3.428 3.428 4.283 4.293 4.304 4.314 4.342 4.373 4.403 4.433 4.465 4.497 4.530 4.563 4.596 4.629 4.662 4.725 4.725 4.755 4.786 4.816 4.847 4.889 4.936 4.984 5.024 5.056 5.089 5.121 5.153 5.185 5.217 5.282 5.282 5.314 5.346 5.376
4.412 4.416 4.420 4.406 4.386 4.365 4.344 4.323 4.323 4.282 4.261 4.240 4.220 4.200 4.181 4.161 4.142 4.122 4.103 4.083 4.064 4.044 4.025 4.029 4.029 4.063 4.091 4.111 4.130 4.150 4.169 4.189 4.208 4.227 4.247 3.106 3.257 4.294 3.268 3.328 3.328 4.335 4.345 4.356 4.366 4.376 4.401 4.431 4.461 4.494 4.527 4.559 4.592 4.625 4.656 4.687 4.748 4.748 4.779 4.809 4.839 4.870 4.915 4.963 5.011 5.058 5.102 5.134 5.166 5.199 5.231 5.263 5.327 5.327 5.359 5.391 5.422
4.448 4.452 4.436 4.415 4.395 4.374 4.353 4.332 4.333 4.291 4.270 4.249 4.229 4.209 4.190 4.170 4.151 4.131 4.112 4.092 4.073 4.060 4.065 4.070 4.070 4.104 4.133 4.162 4.184 4.204 4.223 4.242 4.262 4.281 4.301 4.320 3.197 3.387 3.248 3.398 3.398 4.387 4.398 4.408 4.418 4.428 4.438 4.460 4.490 4.523 4.556 4.588 4.618 4.649 4.680 4.710 4.771 4.771 4.801 4.832 4.862 4.894 4.942 4.989 5.037 5.085 5.132 5.180 5.212 5.244 5.276 5.308 5.373 5.373 5.405 5.436 5.467
4.484 4.466 4.445 4.424 4.404 4.383 4.362 4.341 4.342 4.300 4.279 4.258 4.238 4.218 4.199 4.179 4.160 4.140 4.121 4.101 4.096 4.101 4.106 4.111 4.111 3.413 3.334 4.203 4.232 4.258 4.277 4.296 4.316 4.335 4.355 4.374 4.388 3.398 3.348 4.419 4.419 4.439 4.450 4.460 4.470 4.480 4.490 4.501 4.519 4.550 4.581 4.611 4.642 4.672 4.703 4.733 4.794 4.794 4.825 4.855 4.886 4.920 4.968 5.016 5.063 5.111 5.159 5.207 5.254 5.290 5.322 5.354 5.418 5.418 5.450 5.482 5.512
4.495 4.475 4.454 4.433 4.413 4.392 4.371 4.351 4.351 4.309 4.288 4.267 4.247 4.227 4.207 4.188 4.168 4.149 4.129 4.132 4.137 4.142 4.147 4.152 4.152 4.187 4.216 4.245 4.274 4.303 4.331 4.350 4.370 4.389 4.408 4.428 4.440 4.450 4.461 4.471 4.471 4.492 4.502 4.512 4.522 4.532 4.526 4.517 4.534 4.573 4.604 4.634 4.665 4.695 4.726 4.756 4.817 4.817 4.847 4.878 4.908 4.947 4.995 5.042 5.090 5.138 5.185 5.233 5.281 5.329 5.367 5.400 5.464 5.464 5.496 5.527 5.557
4.516 4.487 4.463 4.443 4.422 4.401 4.380 4.360 4.360 4.318 4.297 4.277 4.256 4.236 4.216 4.197 4.177 4.163 4.168 4.173 4.178 4.183 4.188 4.193 4.194 4.229 4.257 4.286 4.315 4.344 4.373 4.402 4.424 4.443 4.462 4.482 4.492 4.502 4.513 4.523 4.523 4.544 4.554 4.546 4.538 4.530 4.522 4.514 4.544 4.587 4.627 4.657 4.688 4.718 4.749 4.779 4.840 4.840 4.870 4.901 4.931 4.973 5.021 5.069 5.116 5.164 5.212 5.260 5.307 5.355 5.403 5.445 5.509 5.509 5.541 5.572 5.603
4.560 4.530 4.501 4.472 4.443 4.414 4.389 4.369 4.369 4.327 4.306 4.286 4.265 4.245 4.225 4.206 4.199 4.204 4.209 4.214 4.219 4.224 4.229 4.235 4.235 4.270 4.299 4.328 4.357 4.386 4.414 4.443 4.472 4.497 4.516 4.534 4.544 4.555 4.565 4.575 4.575 4.559 4.551 4.543 4.535 4.527 4.519 4.512 4.554 4.597 4.639 4.680 4.711 4.741 4.772 4.802 4.863 4.863 4.893 4.924 4.954 5.000 5.048 5.095 5.143 5.191 5.238 5.286 5.334 5.381 5.429 5.477 5.555 5.555 5.587 5.618 5.648
4.560 4.531 4.502 4.472 4.443 4.414 4.390 4.369 4.369 4.327 4.307 4.286 4.265 4.245 4.225 4.206 4.200 4.205 4.210 4.215 4.220 4.225 4.230 4.235 4.235 4.271 4.300 4.328 4.357 4.386 4.415 4.443 4.472 4.497 4.516 4.534 4.544 4.555 4.565 4.575 4.575 4.559 4.551 4.543 4.535 4.527 4.519 4.512 4.554 4.597 4.639 4.680 4.711 4.741 4.772 4.802 4.863 4.863 4.893 4.924 4.954 5.000 5.048 5.095 5.143 5.191 5.238 5.286 5.334 5.381 5.429 5.477 5.555 5.555 5.587 5.618 5.648
4.603 4.574 4.545 4.516 4.486 4.457 4.428 4.399 4.399 4.341 4.316 4.295 4.274 4.254 4.234 4.236 4.241 4.246 4.251 4.256 4.261 4.266 4.271 4.276 4.277 4.312 4.341 4.370 4.399 4.427 4.456 4.485 4.514 4.543 4.570 4.586 4.596 4.588 4.579 4.572 4.572 4.555 4.547 4.539 4.531 4.523 4.515 4.522 4.564 4.607 4.649 4.692 4.734 4.764 4.795 4.825 4.886 4.886 4.916 4.947 4.979 5.026 5.074 5.122 5.169 5.217 5.265 5.313 5.360 5.408 5.456 5.503 5.599 5.599 5.632 5.663 5.692
4.647 4.617 4.588 4.559 4.530 4.500 4.471 4.442 4.442 4.384 4.355 4.325 4.296 4.266 4.272 4.277 4.282 4.287 4.292 4.297 4.302 4.307 4.312 4.317 4.318 4.354 4.382 4.411 4.440 4.469 4.498 4.527 4.555 4.583 4.602 4.600 4.592 4.584 4.576 4.568 4.568 4.552 4.544 4.536 4.528 4.519 4.511 4.532 4.574 4.617 4.659 4.702 4.744 4.787 4.818 4.848 4.909 4.909 4.939 4.970 5.005 5.053 5.101 5.148 5.196 5.244 5.291 5.339 5.387 5.434 5.482 5.530 5.623 5.623 5.669 5.706 5.735
4.698 4.704 4.674 4.645 4.616 4.587 4.557 4.528 4.529 4.470 4.441 4.412 4.377 4.342 4.317 4.328 4.339 4.350 4.361 4.372 4.383 4.390 4.395 4.400 4.400 4.436 4.465 4.493 4.512 4.530 4.549 4.567 4.586 4.604 4.613 4.601 4.589 4.577 4.569 4.561 4.561 4.545 4.537 4.529 4.521 4.512 4.509 4.552 4.594 4.637 4.679 4.722 4.764 4.807 4.849 4.892 4.955 4.955 4.985 5.016 5.058 5.106 5.153 5.201 5.249 5.297 5.344 5.392 5.437 5.481 5.525 5.569 5.657 5.657 5.704 5.752 5.801
4.722 4.747 4.718 4.688 4.659 4.630 4.601 4.571 4.572 4.513 4.484 4.450 4.415 4.379 4.344 4.350 4.361 4.371 4.382 4.393 4.404 4.415 4.426 4.436 4.437 4.467 4.485 4.504 4.522 4.541 4.559 4.578 4.596 4.615 4.613 4.601 4.589 4.578 4.566 4.558 4.558 4.541 4.533 4.525 4.517 4.509 4.519 4.562 4.604 4.647 4.689 4.732 4.774 4.817 4.859 4.902 4.978 4.978 5.008 5.039 5.084 5.132 5.180 5.228 5.275 5.321 5.365 5.410 5.454 5.498 5.542 5.586 5.674 5.674 5.722 5.770 5.818
4.746 4.771 4.761 4.732 4.702 4.673 4.644 4.615 4.615 4.556 4.523 4.488 4.452 4.417 4.382 4.371 4.382 4.393 4.403 4.414 4.425 4.436 4.447 4.458 4.458 4.477 4.496 4.514 4.533 4.551 4.570 4.588 4.607 4.625 4.614 4.602 4.590 4.578 4.566 4.554 4.554 4.538 4.530 4.521 4.514 4.505 4.529 4.572 4.614 4.657 4.699 4.742 4.784 4.827 4.869 4.912 4.996 4.996 5.031 5.063 5.111 5.159 5.206 5.250 5.294 5.338 5.383 5.427 5.471 5.515 5.559 5.603 5.691 5.691 5.739 5.788 5.836
4.770 4.796 4.804 4.775 4.746 4.716 4.687 4.658 4.658 4.597 4.561 4.526 4.490 4.455 4.419 4.392 4.403 4.414 4.425 4.436 4.447 4.457 4.468 4.477 4.478 4.491 4.506 4.525 4.543 4.562 4.580 4.599 4.617 4.626 4.614 4.602 4.590 4.578 4.566 4.554 4.554 4.534 4.526 4.518 4.510 4.502 4.539 4.582 4.624 4.667 4.709 4.752 4.794 4.837 4.879 4.921 5.006 5.006 5.049 5.090 5.135 5.179 5.223 5.267 5.311 5.356 5.400 5.444 5.488 5.532 5.576 5.620 5.709 5.709 5.757 5.805 5.854
4.795 4.820 4.845 4.818 4.789 4.760 4.730 4.701 4.702 4.634 4.599 4.563 4.528 4.492 4.457 4.421 4.425 4.435 4.446 4.457 4.468 4.479 4.489 4.496 4.496 4.510 4.517 4.535 4.554 4.572 4.591 4.609 4.628 4.627 4.615 4.603 4.591 4.579 4.566 4.554 4.554 4.531 4.523 4.515 4.506 4.507 4.549 4.592 4.634 4.677 4.719 4.762 4.804 4.846 4.889 4.931 5.018 5.018 5.062 5.107 5.152 5.196 5.240 5.284 5.328 5.372 5.417 5.461 5.505 5.549 5.593 5.637 5.727 5.727 5.775 5.823 5.871
4.819 4.844 4.870 4.862 4.832 4.803 4.774 4.743 4.744 4.672 4.637 4.601 4.566 4.530 4.495 4.459 4.446 4.457 4.468 4.479 4.489 4.500 4.507 4.515 4.515 4.529 4.536 4.546 4.564 4.583 4.601 4.620 4.638 4.627 4.615 4.603 4.591 4.579 4.567 4.555 4.555 4.531 4.519 4.511 4.503 4.517 4.559 4.602 4.644 4.687 4.729 4.772 4.814 4.858 4.902 4.946 5.033 5.034 5.077 5.123 5.168 5.213 5.257 5.301 5.345 5.390 5.434 5.478 5.522 5.566 5.610 5.654 5.744 5.744 5.793 5.841 5.889
4.843 4.869 4.894 4.905 4.876 4.846 4.817 4.781 4.781 4.710 4.674 4.639 4.603 4.568 4.532 4.497 4.467 4.478 4.489 4.500 4.511 4.519 4.526 4.533 4.534 4.548 4.555 4.562 4.574 4.593 4.612 4.630 4.639 4.627 4.615 4.603 4.591 4.579 4.567 4.555 4.555 4.531 4.519 4.508 4.499 4.527 4.569 4.612 4.654 4.698 4.741 4.785 4.829 4.873 4.917 4.961 5.049 5.049 5.093 5.139 5.184 5.229 5.274 5.318 5.362 5.406 5.451 5.495 5.539 5.583 5.627 5.671 5.762 5.762 5.810 5.859 5.907
4.868 4.893 4.918 4.944 4.919 4.890 4.854 4.819 4.819 4.748 4.712 4.677 4.641 4.606 4.570 4.535 4.499 4.500 4.510 4.521 4.531 4.538 4.545 4.552 4.553 4.566 4.574 4.581 4.588 4.603 4.622 4.640 4.640 4.628 4.616 4.604 4.592 4.580 4.568 4.556 4.556 4.531 4.519 4.507 4.496 4.537 4.581 4.625 4.669 4.713 4.757 4.801 4.845 4.889 4.933 4.977 5.064 5.064 5.109 5.154 5.200 5.245 5.291 5.335 5.379 5.424 5.468 5.512 5.556 5.600 5.644 5.688 5.780 5.780 5.828 5.876 5.924
4.892 4.917 4.943 4.968 4.962 4.928 4.892 4.856 4.857 4.785 4.750 4.714 4.679 4.643 4.608 4.572 4.537 4.521 4.532 4.542 4.550 4.557 4.564 4.571 4.571 4.585 4.592 4.599 4.606 4.614 4.632 4.651 4.640 4.628 4.616 4.604 4.592 4.580 4.568 4.556 4.556 4.538 4.532 4.525 4.527 4.553 4.597 4.640 4.684 4.728 4.772 4.816 4.860 4.904 4.948 4.992 5.080 5.080 5.125 5.170 5.216 5.261 5.306 5.352 5.396 5.441 5.485 5.529 5.573 5.617 5.661 5.705 5.798 5.797 5.846 5.894 5.942
4.907 4.934 4.960 4.987 4.985 4.955 4.925 4.894 4.894 4.823 4.788 4.752 4.717 4.681 4.646 4.610 4.575 4.542 4.553 4.561 4.568 4.575 4.583 4.590 4.590 4.604 4.611 4.618 4.625 4.632 4.643 4.652 4.640 4.628 4.616 4.604 4.598 4.592 4.586 4.580 4.580 4.568 4.562 4.556 4.566 4.584 4.612 4.656 4.700 4.744 4.788 4.832 4.876 4.920 4.963 5.007 5.096 5.096 5.141 5.186 5.232 5.277 5.322 5.368 5.413 5.458 5.502 5.546 5.590 5.634 5.678 5.722 5.815 5.815 5.863 5.912 5.960
4.922 4.948 4.975 4.986 4.974 4.949 4.919 4.888 4.889 4.828 4.798 4.768 4.738 4.708 4.678 4.648 4.612 4.577 4.573 4.580 4.587 4.594 4.601 4.609 4.609 4.623 4.630 4.637 4.644 4.651 4.659 4.658 4.652 4.646 4.640 4.634 4.628 4.622 4.616 4.610 4.610 4.598 4.592 4.588 4.605 4.623 4.640 4.672 4.715 4.759 4.803 4.847 4.891 4.935 4.979 5.023 5.111 5.112 5.157 5.202 5.248 5.293 5.338 5.383 5.429 5.474 5.519 5.563 5.607 5.651 5.695 5.739 5.833 5.833 5.881 5.929 5.977
4.936 4.963 4.984 4.972 4.960 4.943 4.912 4.882 4.882 4.822 4.792 4.762 4.732 4.702 4.672 4.642 4.612 4.586 4.604 4.612 4.619 4.627 4.634 4.642 4.642 4.657 4.665 4.672 4.680 4.687 4.693 4.688 4.682 4.676 4.670 4.664 4.658 4.652 4.646 4.640 4.640 4.628 4.622 4.627 4.644 4.662 4.679 4.697 4.731 4.775 4.819 4.863 4.907 4.950 4.994 5.038 5.127 5.127 5.173 5.218 5.263 5.309 5.354 5.399 5.445 5.490 5.535 5.580 5.624 5.668 5.712 5.756 5.851 5.851 5.899 5.947 5.995
