includes/lisflood/camargue/results_R4_t1.561741501247E12/res-0003.wd
ncols         906
nrows         631
xllcorner     362177.146667
yllcorner     6534725.688020
cellsize      20.000000
NODATA_value  -9999.000000
[rows 578 to 611 of 631, columns 616 to 692 of 906]
10.411 10.434 10.473 10.545 10.689 10.690 10.762 10.834 10.884 10.931 10.979 11.026 11.074 11.121 11.169 11.201 11.223 11.246 11.268 11.291 11.336 11.336 11.358 11.381 11.403 11.426 11.440 11.464 11.511 11.559 11.610 11.665 11.720 11.774 11.829 11.884 11.993 11.993 12.048 12.108 12.175 12.242 12.309 12.369 12.417 12.464 12.512 12.559 12.607 12.655 12.702 12.736 12.804 12.804 12.838 12.872 12.906 12.939 12.973 13.007 13.036 13.057 13.078 13.103 13.129 13.156 13.174 13.166 13.159 13.159 13.144 13.136 13.129 13.122 13.114 13.107 13.109
10.471 10.494 10.525 10.597 10.741 10.741 10.812 10.859 10.906 10.954 11.001 11.049 11.096 11.144 11.191 11.228 11.250 11.273 11.296 11.318 11.363 11.363 11.385 11.408 11.430 11.443 11.453 11.469 11.517 11.565 11.612 11.660 11.708 11.758 11.813 11.868 11.977 11.977 12.032 12.090 12.157 12.224 12.280 12.328 12.375 12.423 12.471 12.518 12.566 12.613 12.661 12.698 12.765 12.765 12.799 12.833 12.867 12.901 12.935 12.961 12.982 13.003 13.024 13.048 13.075 13.102 13.129 13.156 13.154 13.154 13.139 13.131 13.124 13.116 13.109 13.103 13.106
10.531 10.554 10.576 10.648 10.787 10.787 10.834 10.882 10.929 10.977 11.024 11.071 11.119 11.166 11.214 11.255 11.278 11.300 11.323 11.345 11.390 11.390 11.413 11.435 11.446 11.456 11.466 11.476 11.522 11.570 11.618 11.665 11.713 11.761 11.809 11.856 11.961 11.961 12.015 12.071 12.138 12.191 12.239 12.287 12.334 12.382 12.430 12.477 12.525 12.572 12.620 12.659 12.727 12.727 12.761 12.795 12.829 12.863 12.886 12.907 12.928 12.949 12.970 12.994 13.021 13.048 13.075 13.102 13.129 13.129 13.134 13.126 13.119 13.111 13.104 13.100 13.103
10.591 10.613 10.636 10.699 10.809 10.809 10.857 10.904 10.952 10.999 11.047 11.094 11.142 11.189 11.236 11.283 11.305 11.328 11.350 11.373 11.418 11.418 11.439 11.449 11.459 11.469 11.479 11.489 11.528 11.575 11.623 11.671 11.719 11.766 11.814 11.862 11.957 11.958 12.005 12.054 12.103 12.150 12.198 12.246 12.293 12.341 12.388 12.436 12.484 12.531 12.579 12.621 12.689 12.689 12.723 12.756 12.789 12.811 12.832 12.853 12.874 12.895 12.916 12.940 12.967 12.994 13.021 13.048 13.075 13.075 13.128 13.121 13.113 13.106 13.098 13.096 13.099
10.657 10.677 10.696 10.737 10.832 10.832 10.880 10.927 10.975 11.022 11.069 11.117 11.164 11.212 11.259 11.307 11.332 11.355 11.378 11.400 11.443 11.443 11.453 11.463 11.473 11.483 11.492 11.502 11.533 11.581 11.629 11.676 11.724 11.772 11.820 11.867 11.963 11.963 12.011 11.996 12.036 12.095 12.154 12.205 12.252 12.300 12.347 12.395 12.443 12.490 12.538 12.583 12.650 12.650 12.684 12.714 12.735 12.757 12.778 12.799 12.820 12.841 12.862 12.886 12.913 12.940 12.967 12.994 13.021 13.021 13.074 13.101 13.108 13.101 13.093 13.093 13.096
10.726 10.746 10.747 10.762 10.855 10.855 10.902 10.950 10.997 11.045 11.092 11.139 11.187 11.234 11.282 11.329 11.360 11.382 11.405 11.427 11.456 11.456 11.466 11.476 11.486 11.496 11.506 11.516 11.539 11.586 11.634 11.682 11.730 11.777 11.825 11.873 11.962 11.962 11.947 11.932 11.957 12.016 12.075 12.134 12.193 12.252 12.306 12.354 12.402 12.449 12.497 12.544 12.612 12.612 12.639 12.660 12.681 12.703 12.724 12.745 12.766 12.787 12.808 12.832 12.859 12.886 12.913 12.940 12.967 12.967 13.020 13.047 13.074 13.096 13.088 13.089 13.092
10.795 10.793 10.784 10.789 10.881 10.881 10.928 10.974 11.020 11.067 11.115 11.162 11.210 11.257 11.304 11.352 11.387 11.410 11.432 11.449 11.469 11.469 11.479 11.489 11.499 11.509 11.519 11.529 11.544 11.592 11.640 11.687 11.735 11.783 11.831 11.878 11.898 11.898 11.883 11.869 11.877 11.936 11.995 12.055 12.114 12.173 12.232 12.291 12.350 12.408 12.456 12.503 12.564 12.564 12.585 12.606 12.628 12.649 12.670 12.691 12.712 12.733 12.754 12.778 12.805 12.832 12.859 12.886 12.913 12.913 12.966 12.993 13.020 13.047 13.073 13.065 13.053
10.839 10.830 10.822 10.815 10.907 10.907 10.954 11.000 11.047 11.093 11.139 11.186 11.232 11.280 11.327 11.375 11.414 11.437 11.452 11.462 11.482 11.482 11.492 11.502 11.512 11.522 11.532 11.542 11.552 11.597 11.645 11.693 11.740 11.788 11.836 11.864 11.835 11.835 11.820 11.805 11.798 11.857 11.916 11.975 12.034 12.093 12.153 12.212 12.271 12.330 12.389 12.448 12.510 12.510 12.531 12.552 12.574 12.595 12.616 12.637 12.658 12.679 12.700 12.724 12.751 12.778 12.805 12.832 12.859 12.859 12.912 12.939 12.965 12.988 13.008 13.014 13.009
10.876 10.868 10.860 10.851 10.934 10.934 10.980 11.026 11.073 11.119 11.165 11.212 11.258 11.304 11.351 11.397 11.442 11.455 11.465 11.475 11.495 11.495 11.505 11.515 11.525 11.535 11.545 11.555 11.565 11.603 11.651 11.698 11.746 11.794 11.815 11.800 11.771 11.771 11.756 11.742 11.727 11.778 11.837 11.896 11.955 12.014 12.073 12.132 12.191 12.251 12.308 12.347 12.427 12.427 12.468 12.498 12.520 12.541 12.562 12.583 12.604 12.625 12.647 12.670 12.697 12.724 12.751 12.778 12.805 12.805 12.857 12.880 12.903 12.926 12.944 12.950 12.956
10.914 10.906 10.897 10.889 10.960 10.960 11.006 11.053 11.099 11.145 11.192 11.238 11.284 11.330 11.377 11.423 11.456 11.468 11.478 11.489 11.509 11.509 11.518 11.528 11.538 11.548 11.558 11.568 11.578 11.608 11.656 11.704 11.751 11.766 11.752 11.737 11.707 11.707 11.693 11.678 11.663 11.698 11.757 11.817 11.876 11.935 11.994 12.053 12.112 12.167 12.206 12.245 12.325 12.325 12.365 12.406 12.447 12.487 12.508 12.529 12.550 12.571 12.593 12.616 12.643 12.670 12.697 12.724 12.748 12.748 12.795 12.818 12.841 12.864 12.879 12.885 12.891
10.914 10.906 10.897 10.889 10.960 10.960 11.006 11.053 11.099 11.145 11.192 11.238 11.284 11.331 11.377 11.423 11.456 11.468 11.478 11.489 11.509 11.509 11.519 11.528 11.538 11.548 11.558 11.568 11.578 11.608 11.656 11.704 11.751 11.766 11.752 11.737 11.707 11.708 11.693 11.678 11.663 11.698 11.758 11.817 11.876 11.935 11.994 12.053 12.112 12.167 12.206 12.245 12.325 12.325 12.366 12.406 12.447 12.487 12.508 12.529 12.550 12.572 12.593 12.616 12.643 12.670 12.697 12.724 12.749 12.749 12.795 12.818 12.841 12.864 12.879 12.885 12.891
10.952 10.943 10.935 10.926 10.986 10.986 11.033 11.079 11.125 11.171 11.218 11.264 11.310 11.357 11.403 11.434 11.463 11.479 11.490 11.500 11.521 11.521 11.532 11.542 11.552 11.562 11.572 11.582 11.592 11.614 11.661 11.709 11.717 11.703 11.688 11.673 11.644 11.644 11.629 11.615 11.600 11.619 11.678 11.737 11.796 11.855 11.915 11.974 12.026 12.065 12.104 12.142 12.222 12.222 12.263 12.304 12.345 12.385 12.426 12.467 12.496 12.518 12.539 12.562 12.589 12.616 12.640 12.664 12.687 12.687 12.733 12.756 12.779 12.803 12.814 12.820 12.826
10.989 10.981 10.972 10.964 11.012 11.012 11.059 11.105 11.151 11.198 11.244 11.290 11.337 11.383 11.413 11.441 11.470 11.491 11.501 11.512 11.533 11.533 11.543 11.554 11.564 11.575 11.585 11.595 11.605 11.619 11.667 11.669 11.654 11.639 11.624 11.610 11.580 11.580 11.566 11.551 11.536 11.540 11.599 11.658 11.717 11.776 11.835 11.885 11.924 11.963 12.001 12.040 12.119 12.119 12.160 12.201 12.242 12.283 12.324 12.364 12.405 12.446 12.485 12.508 12.532 12.555 12.579 12.602 12.625 12.625 12.671 12.694 12.718 12.741 12.749 12.755 12.761
11.064 11.056 11.047 11.039 11.065 11.065 11.111 11.157 11.204 11.250 11.296 11.341 11.369 11.398 11.427 11.456 11.484 11.513 11.524 11.535 11.556 11.556 11.566 11.577 11.587 11.598 11.608 11.618 11.629 11.597 11.571 11.551 11.530 11.512 11.497 11.482 11.453 11.453 11.438 11.424 11.409 11.394 11.440 11.499 11.558 11.603 11.642 11.681 11.719 11.758 11.797 11.836 11.914 11.914 11.955 11.996 12.037 12.077 12.118 12.159 12.200 12.236 12.269 12.312 12.371 12.430 12.455 12.478 12.501 12.501 12.548 12.571 12.594 12.613 12.619 12.625 12.632
11.102 11.093 11.085 11.076 11.091 11.091 11.137 11.183 11.230 11.276 11.319 11.348 11.377 11.405 11.434 11.463 11.492 11.520 11.536 11.546 11.567 11.567 11.578 11.588 11.599 11.609 11.619 11.630 11.597 11.559 11.528 11.508 11.488 11.468 11.447 11.427 11.389 11.390 11.375 11.360 11.345 11.331 11.361 11.420 11.462 11.501 11.540 11.579 11.617 11.656 11.695 11.733 11.811 11.811 11.852 11.893 11.934 11.975 12.016 12.056 12.090 12.123 12.156 12.199 12.258 12.317 12.376 12.416 12.439 12.439 12.486 12.509 12.532 12.548 12.555 12.561 12.567
11.139 11.131 11.122 11.114 11.117 11.117 11.163 11.210 11.256 11.298 11.326 11.355 11.384 11.413 11.441 11.470 11.499 11.528 11.547 11.558 11.579 11.579 11.589 11.600 11.610 11.621 11.631 11.597 11.559 11.521 11.486 11.465 11.445 11.425 11.405 11.385 11.344 11.344 11.324 11.304 11.284 11.267 11.281 11.322 11.360 11.399 11.438 11.476 11.515 11.554 11.592 11.631 11.709 11.709 11.750 11.790 11.831 11.872 11.911 11.944 11.977 12.010 12.043 12.086 12.145 12.204 12.263 12.323 12.378 12.378 12.424 12.447 12.470 12.484 12.490 12.496 12.502
11.177 11.168 11.160 11.151 11.143 11.143 11.189 11.236 11.276 11.305 11.334 11.362 11.391 11.420 11.449 11.477 11.506 11.535 11.559 11.569 11.590 11.590 11.601 11.611 11.622 11.632 11.597 11.559 11.521 11.483 11.445 11.423 11.403 11.382 11.362 11.342 11.302 11.302 11.282 11.261 11.241 11.221 11.219 11.240 11.260 11.297 11.335 11.374 11.413 11.451 11.490 11.529 11.606 11.606 11.647 11.688 11.729 11.765 11.798 11.831 11.864 11.897 11.930 11.973 12.032 12.091 12.150 12.210 12.269 12.269 12.362 12.385 12.408 12.419 12.425 12.431 12.437
11.217 11.207 11.197 11.189 11.172 11.172 11.216 11.255 11.283 11.312 11.341 11.370 11.398 11.427 11.456 11.485 11.513 11.542 11.570 11.581 11.602 11.602 11.612 11.623 11.633 11.598 11.560 11.522 11.484 11.446 11.407 11.380 11.360 11.340 11.320 11.299 11.259 11.259 11.239 11.219 11.199 11.193 11.188 11.205 11.226 11.247 11.267 11.288 11.310 11.349 11.388 11.426 11.504 11.504 11.544 11.585 11.620 11.652 11.685 11.718 11.751 11.784 11.817 11.860 11.919 11.978 12.037 12.097 12.156 12.156 12.274 12.323 12.347 12.354 12.360 12.360 12.356
11.261 11.250 11.240 11.230 11.209 11.209 11.233 11.262 11.291 11.319 11.348 11.377 11.406 11.434 11.463 11.492 11.521 11.549 11.578 11.592 11.613 11.613 11.624 11.634 11.598 11.560 11.522 11.484 11.446 11.408 11.370 11.337 11.317 11.297 11.277 11.257 11.216 11.216 11.196 11.176 11.171 11.166 11.161 11.170 11.191 11.212 11.233 11.253 11.274 11.295 11.316 11.336 11.401 11.401 11.441 11.474 11.507 11.539 11.572 11.605 11.638 11.671 11.704 11.747 11.806 11.865 11.924 11.984 12.043 12.043 12.161 12.220 12.277 12.272 12.268 12.263 12.258
11.305 11.294 11.284 11.273 11.213 11.213 11.201 11.247 11.292 11.327 11.355 11.384 11.413 11.441 11.470 11.499 11.528 11.556 11.585 11.604 11.625 11.625 11.635 11.598 11.560 11.522 11.484 11.446 11.408 11.370 11.332 11.295 11.275 11.254 11.234 11.214 11.174 11.174 11.154 11.148 11.143 11.138 11.133 11.136 11.157 11.177 11.198 11.219 11.240 11.260 11.281 11.302 11.340 11.340 11.352 11.366 11.394 11.427 11.459 11.492 11.525 11.558 11.591 11.634 11.693 11.752 11.812 11.871 11.930 11.930 12.071 12.147 12.185 12.176 12.170 12.166 12.161
11.348 11.338 11.328 11.317 11.183 11.183 11.145 11.190 11.235 11.281 11.326 11.372 11.417 11.449 11.477 11.506 11.535 11.564 11.592 11.615 11.636 11.636 11.598 11.560 11.522 11.484 11.446 11.408 11.370 11.332 11.294 11.256 11.232 11.212 11.192 11.171 11.131 11.131 11.126 11.121 11.116 11.111 11.106 11.101 11.122 11.143 11.163 11.184 11.205 11.226 11.246 11.267 11.293 11.293 11.302 11.317 11.332 11.347 11.361 11.379 11.412 11.445 11.478 11.521 11.580 11.639 11.704 11.779 11.854 11.854 12.005 12.081 12.092 12.083 12.074 12.068 12.063
11.392 11.382 11.371 11.300 11.153 11.153 11.088 11.133 11.179 11.224 11.270 11.315 11.361 11.406 11.452 11.497 11.542 11.571 11.599 11.627 11.598 11.598 11.560 11.522 11.484 11.446 11.408 11.370 11.332 11.294 11.256 11.218 11.189 11.169 11.149 11.129 11.103 11.103 11.098 11.093 11.088 11.083 11.078 11.073 11.087 11.108 11.129 11.150 11.170 11.191 11.212 11.231 11.246 11.246 11.253 11.267 11.282 11.297 11.312 11.327 11.342 11.356 11.371 11.411 11.487 11.562 11.638 11.713 11.789 11.789 11.940 12.008 11.999 11.990 11.981 11.972 11.966
11.436 11.418 11.344 11.270 11.123 11.123 11.049 11.077 11.122 11.168 11.213 11.259 11.304 11.349 11.395 11.440 11.486 11.531 11.577 11.620 11.560 11.560 11.522 11.484 11.446 11.408 11.370 11.332 11.294 11.256 11.218 11.180 11.147 11.127 11.106 11.086 11.076 11.076 11.071 11.066 11.061 11.056 11.051 11.046 11.053 11.073 11.094 11.115 11.136 11.156 11.176 11.183 11.199 11.199 11.206 11.217 11.232 11.247 11.262 11.277 11.292 11.307 11.323 11.358 11.421 11.496 11.572 11.647 11.723 11.723 11.874 11.916 11.906 11.897 11.888 11.879 11.870
11.462 11.388 11.314 11.240 11.093 11.093 11.019 11.020 11.065 11.111 11.156 11.202 11.247 11.293 11.338 11.384 11.429 11.475 11.520 11.510 11.468 11.468 11.444 11.420 11.397 11.370 11.332 11.294 11.256 11.218 11.180 11.142 11.104 11.084 11.064 11.059 11.049 11.049 11.044 11.039 11.034 11.029 11.024 11.019 11.018 11.039 11.060 11.080 11.101 11.121 11.128 11.136 11.151 11.151 11.159 11.168 11.182 11.197 11.212 11.227 11.242 11.257 11.289 11.324 11.359 11.431 11.506 11.581 11.657 11.657 11.808 11.823 11.814 11.804 11.795 11.786 11.777
11.432 11.358 11.284 11.210 11.063 11.063 10.989 10.963 11.009 11.054 11.100 11.145 11.190 11.236 11.281 11.327 11.372 11.418 11.414 11.400 11.360 11.361 11.337 11.313 11.290 11.266 11.242 11.219 11.195 11.172 11.142 11.104 11.066 11.041 11.036 11.031 11.021 11.021 11.016 11.011 11.006 11.001 10.996 10.991 10.986 11.004 11.025 11.046 11.066 11.073 11.081 11.089 11.104 11.104 11.112 11.119 11.133 11.148 11.163 11.178 11.192 11.219 11.254 11.289 11.324 11.365 11.440 11.516 11.591 11.591 11.739 11.730 11.721 11.712 11.702 11.693 11.684
11.402 11.328 11.254 11.180 11.033 11.033 10.959 10.906 10.952 10.997 11.043 11.088 11.134 11.179 11.225 11.270 11.316 11.318 11.303 11.289 11.253 11.253 11.230 11.206 11.182 11.159 11.135 11.112 11.088 11.064 11.041 11.017 10.993 11.018 11.010 11.004 10.994 10.994 10.989 10.984 10.979 10.974 10.969 10.964 10.959 10.969 10.990 11.011 11.018 11.026 11.034 11.041 11.057 11.057 11.064 11.072 11.083 11.098 11.113 11.128 11.149 11.184 11.219 11.254 11.289 11.324 11.374 11.450 11.525 11.525 11.646 11.637 11.628 11.619 11.610 11.600 11.591
11.402 11.328 11.254 11.180 11.033 11.033 10.959 10.906 10.952 10.997 11.043 11.088 11.134 11.179 11.225 11.270 11.316 11.318 11.303 11.289 11.253 11.253 11.230 11.206 11.183 11.159 11.135 11.112 11.088 11.064 11.041 11.017 10.993 11.018 11.010 11.004 10.994 10.994 10.989 10.984 10.979 10.974 10.969 10.964 10.959 10.970 10.990 11.011 11.019 11.026 11.034 11.041 11.057 11.057 11.064 11.072 11.083 11.098 11.113 11.128 11.149 11.184 11.219 11.254 11.289 11.324 11.374 11.450 11.525 11.525 11.646 11.637 11.628 11.619 11.610 11.601 11.591
11.372 11.298 11.224 11.150 11.003 11.003 10.929 10.855 10.895 10.941 10.986 11.032 11.077 11.123 11.168 11.214 11.221 11.207 11.193 11.179 11.146 11.146 11.123 11.099 11.075 11.052 11.028 11.004 10.981 10.957 10.934 10.910 10.956 11.002 10.995 10.988 10.973 10.973 10.965 10.958 10.951 10.946 10.941 10.936 10.931 10.935 10.956 10.964 10.971 10.979 10.986 10.994 11.009 11.009 11.017 11.025 11.033 11.048 11.063 11.079 11.115 11.150 11.185 11.219 11.254 11.289 11.324 11.384 11.459 11.459 11.553 11.544 11.535 11.526 11.517 11.508 11.499
11.342 11.268 11.194 11.120 10.973 10.973 10.899 10.825 10.839 10.884 10.929 10.975 11.020 11.066 11.111 11.125 11.111 11.097 11.082 11.068 11.039 11.039 11.015 10.992 10.968 10.944 10.921 10.897 10.874 10.850 10.826 10.867 10.921 10.975 10.980 10.972 10.957 10.957 10.950 10.943 10.935 10.928 10.920 10.913 10.905 10.900 10.909 10.916 10.924 10.932 10.939 10.947 10.962 10.962 10.970 10.977 10.985 10.998 11.013 11.045 11.080 11.115 11.150 11.185 11.220 11.255 11.290 11.324 11.394 11.394 11.461 11.452 11.442 11.433 11.424 11.415 11.440
11.282 11.208 11.134 11.060 10.913 10.913 10.839 10.765 10.725 10.771 10.816 10.862 10.907 10.933 10.918 10.904 10.890 10.876 10.861 10.847 10.819 10.819 10.801 10.777 10.754 10.730 10.706 10.683 10.659 10.690 10.744 10.797 10.851 10.905 10.949 10.942 10.927 10.927 10.920 10.912 10.905 10.897 10.890 10.882 10.906 10.941 10.963 10.958 10.953 10.948 10.943 10.938 10.928 10.928 10.923 10.918 10.913 10.928 10.965 11.002 11.039 11.076 11.113 11.150 11.187 11.224 11.261 11.297 11.334 11.334 11.461 11.519 11.578 11.637 11.695 11.754 11.813
11.248 11.178 11.104 11.030 10.883 10.883 10.809 10.735 10.669 10.714 10.759 10.805 10.836 10.822 10.808 10.794 10.780 10.765 10.751 10.737 10.708 10.708 10.694 10.670 10.646 10.623 10.599 10.575 10.601 10.655 10.709 10.763 10.816 10.870 10.924 10.927 10.912 10.912 10.905 10.897 10.890 10.882 10.875 10.894 10.929 10.963 10.998 10.996 10.991 10.986 10.981 10.975 10.965 10.965 10.960 10.955 10.958 11.033 11.085 11.122 11.159 11.196 11.233 11.270 11.307 11.344 11.381 11.418 11.472 11.472 11.647 11.706 11.764 11.823 11.882 11.940 11.999
11.056 11.046 11.036 11.000 10.853 10.853 10.779 10.705 10.631 10.657 10.703 10.740 10.726 10.712 10.698 10.683 10.669 10.655 10.641 10.626 10.598 10.598 10.584 10.563 10.539 10.516 10.492 10.512 10.566 10.620 10.674 10.728 10.781 10.835 10.889 10.912 10.897 10.897 10.889 10.882 10.874 10.867 10.882 10.917 10.951 10.986 11.021 11.033 11.028 11.023 11.018 11.013 11.003 11.003 10.998 10.993 11.058 11.133 11.205 11.242 11.279 11.316 11.353 11.390 11.427 11.464 11.501 11.538 11.628 11.628 11.821 11.892 11.951 12.010 12.068 12.127 12.185
10.863 10.853 10.844 10.834 10.814 10.814 10.749 10.675 10.601 10.601 10.644 10.630 10.616 10.601 10.587 10.573 10.559 10.544 10.530 10.516 10.487 10.487 10.473 10.456 10.432 10.408 10.423 10.477 10.531 10.585 10.639 10.693 10.747 10.800 10.854 10.897 10.882 10.882 10.874 10.867 10.859 10.870 10.905 10.939 10.974 11.008 11.043 11.071 11.066 11.060 11.055 11.050 11.040 11.040 11.035 11.082 11.158 11.233 11.308 11.362 11.399 11.436 11.473 11.510 11.547 11.584 11.621 11.687 11.784 11.784 11.977 12.074 12.137 12.196 12.255 12.313 12.372
10.671 10.661 10.651 10.641 10.622 10.622 10.612 10.602 10.571 10.544 10.534 10.519 10.505 10.491 10.477 10.463 10.448 10.434 10.420 10.405 10.377 10.377 10.363 10.348 10.325 10.334 10.388 10.442 10.496 10.550 10.604 10.658 10.712 10.766 10.819 10.873 10.867 10.867 10.859 10.852 10.858 10.893 10.927 10.962 10.996 11.031 11.065 11.100 11.103 11.098 11.093 11.088 11.078 11.078 11.107 11.182 11.258 11.333 11.408 11.483 11.519 11.556 11.593 11.630 11.667 11.704 11.746 11.843 11.939 11.939 12.133 12.229 12.324 12.382 12.441 12.500 12.558
