includes/lisflood/camargue/results_R4_t1.561741501247E12/res-0006.wdfp
ncols         906
nrows         631
xllcorner     362177.146667
yllcorner     6534725.688020
cellsize      20.000000
NODATA_value  -9999.000000
[rows 442 to 475 of 631, columns 539 to 615 of 906]
1.976 1.976 2.016 2.107 2.547 2.037 2.138 2.198 2.219 2.199 2.259 2.180 2.220 2.761 2.801 2.482 2.472 2.473 2.383 2.383 2.464 2.574 2.545 2.495 2.485 2.656 2.646 2.557 2.597 2.538 2.688 2.699 2.739 2.740 2.790 2.691 2.821 2.732 2.692 2.783 2.803 2.834 3.254 2.785 2.806 2.716 2.737 2.768 2.758 2.759 2.780 2.861 2.841 2.852 3.367 3.370 3.373 3.376 3.379 3.382 3.385 3.388 3.391 3.401 3.413 3.413 3.457 3.476 3.485 3.494 3.503 3.512 3.521 3.530 3.539 3.548 3.557
1.976 1.976 2.016 2.107 2.547 2.037 2.138 2.198 2.219 2.199 2.260 2.180 2.220 2.761 2.801 2.482 2.472 2.472 2.383 2.383 2.464 2.574 2.545 2.495 2.485 2.656 2.646 2.557 2.597 2.538 2.688 2.699 2.739 2.740 2.790 2.690 2.821 2.731 2.692 2.783 2.803 2.834 3.254 2.785 2.805 2.716 2.737 2.767 2.758 2.759 2.779 2.860 2.841 2.852 3.366 3.369 3.372 3.375 3.378 3.382 3.385 3.388 3.391 3.400 3.412 3.413 3.456 3.476 3.485 3.494 3.503 3.512 3.521 3.530 3.539 3.548 3.557
1.826 1.826 2.187 1.997 2.167 2.137 2.118 2.228 2.169 2.179 2.379 2.310 2.370 2.451 2.741 2.695 2.717 2.717 2.643 2.493 2.534 2.444 2.705 2.545 2.565 2.726 2.696 2.577 2.707 2.678 2.608 2.789 2.709 2.710 2.680 2.830 2.821 2.811 3.196 2.732 2.773 2.843 3.249 2.754 2.795 2.816 2.716 3.317 3.330 3.331 2.839 3.353 2.860 2.841 3.362 3.365 3.368 3.372 3.375 3.378 3.381 3.386 3.397 3.409 3.421 3.422 3.465 3.489 3.513 3.528 3.536 3.545 3.554 3.564 3.573 3.582 3.591
1.906 1.906 1.897 1.957 2.127 2.157 2.128 2.198 2.259 2.349 2.159 2.310 2.430 2.391 2.311 2.402 2.392 2.392 2.778 2.483 2.424 2.494 2.655 2.675 2.535 2.676 2.656 2.667 2.687 2.608 2.598 2.668 2.699 2.699 2.750 2.760 2.711 2.801 2.802 2.722 2.763 2.803 2.804 3.259 3.272 2.825 2.816 2.806 2.827 2.828 2.858 3.349 3.352 2.841 3.358 3.361 3.365 3.368 3.371 3.374 3.382 3.394 3.406 3.418 3.430 3.430 3.473 3.497 3.521 3.546 3.570 3.579 3.588 3.597 3.606 3.616 3.625
1.986 1.986 2.287 2.077 2.007 2.238 2.348 2.228 2.259 2.339 2.409 2.360 2.430 2.361 2.391 2.362 2.562 2.563 2.815 2.563 2.444 2.644 2.745 2.725 2.805 2.686 2.576 2.727 2.757 2.657 2.808 2.688 2.659 2.659 2.770 2.760 2.771 2.791 2.852 2.802 2.853 3.223 2.843 3.250 3.264 3.277 3.290 3.304 2.857 2.857 3.339 3.342 3.345 3.348 3.351 3.354 3.357 3.365 3.377 3.389 3.401 3.413 3.424 3.436 3.448 3.448 3.490 3.514 3.538 3.563 3.587 3.611 3.636 3.660 3.675 3.684 3.693
2.086 2.086 2.067 2.177 2.247 2.247 2.338 2.248 2.308 2.209 2.379 2.400 2.420 2.370 2.431 2.571 2.372 2.372 2.834 2.433 2.604 2.704 2.674 2.755 2.625 2.776 2.756 2.756 2.747 2.597 2.738 2.708 2.829 2.829 3.193 2.750 2.810 2.781 3.215 2.772 3.226 3.231 3.236 3.246 3.259 2.815 3.286 3.299 3.313 3.314 3.335 3.338 3.341 3.344 3.347 3.350 3.362 3.374 3.386 3.397 3.409 3.421 3.433 3.445 3.457 3.457 3.498 3.522 3.546 3.571 3.595 3.619 3.644 3.668 3.692 3.717 3.727
2.066 2.066 2.067 2.057 2.067 2.107 2.548 2.228 2.318 2.289 2.349 2.299 2.440 2.470 2.431 2.441 2.452 2.452 2.543 2.875 2.900 2.554 2.624 2.715 2.705 2.715 2.726 2.776 2.807 2.727 2.647 2.798 2.678 2.679 2.729 2.760 2.800 2.801 2.741 3.232 3.237 2.852 2.793 3.253 3.258 2.844 3.282 3.295 3.308 3.309 3.331 3.334 3.337 3.340 3.347 3.359 3.371 3.383 3.394 3.406 3.418 3.430 3.442 3.454 3.465 3.466 3.506 3.530 3.555 3.579 3.603 3.628 3.652 3.676 3.700 3.725 3.749
2.076 2.076 2.196 2.177 2.257 2.227 2.258 2.388 2.478 2.308 2.409 2.399 2.539 2.370 2.450 2.531 2.521 2.522 2.672 2.403 2.918 2.943 2.967 2.634 2.675 3.042 3.065 2.766 2.756 2.827 2.807 2.648 2.698 2.698 2.699 3.223 2.850 2.820 2.841 3.244 3.249 3.254 3.260 3.265 3.270 3.275 3.281 3.291 3.304 3.305 3.327 3.330 3.333 3.344 3.356 3.368 3.380 3.391 3.403 3.415 3.427 3.439 3.450 3.462 3.474 3.475 3.514 3.538 3.563 3.587 3.611 3.636 3.660 3.684 3.709 3.733 3.757
2.156 2.156 2.126 2.066 2.077 2.257 2.327 2.178 2.248 2.358 2.399 2.419 2.369 2.650 2.530 2.581 2.471 2.472 2.592 2.603 2.583 2.603 2.985 2.694 2.735 2.775 2.815 2.726 2.836 2.846 2.787 2.767 2.708 2.708 2.749 2.779 3.240 3.245 3.250 3.255 3.261 2.812 3.271 3.276 3.281 2.833 3.292 3.298 3.303 3.304 3.323 3.329 3.341 3.353 3.365 3.377 3.388 3.400 3.412 3.424 3.436 3.447 3.459 3.471 3.483 3.483 3.522 3.546 3.571 3.595 3.619 3.644 3.668 3.692 3.717 3.741 3.765
2.085 2.086 2.176 2.246 2.047 2.587 2.287 2.537 2.338 2.388 2.268 2.459 2.399 2.459 2.440 2.491 2.531 2.532 2.582 2.632 2.583 2.463 3.003 3.028 2.684 2.795 2.775 3.104 3.123 2.756 2.716 2.817 2.627 2.628 3.235 3.246 3.251 3.256 3.262 3.267 3.272 3.277 3.283 3.288 3.293 3.298 3.304 3.309 3.314 3.315 3.328 3.338 3.350 3.362 3.373 3.385 3.397 3.409 3.421 3.433 3.444 3.456 3.468 3.480 3.491 3.492 3.530 3.555 3.579 3.603 3.628 3.652 3.676 3.701 3.725 3.749 3.773
2.205 2.206 2.166 2.196 2.316 2.237 2.237 2.267 2.567 2.438 2.328 2.759 2.409 2.479 2.520 2.470 2.491 2.491 2.762 2.672 2.642 2.763 2.603 3.040 2.704 2.774 3.096 2.775 2.776 2.776 2.816 2.717 2.797 2.797 2.818 2.798 2.819 3.268 2.850 3.278 3.284 3.289 3.294 3.299 3.305 3.310 3.315 3.321 3.326 3.327 3.343 3.351 3.360 3.370 3.382 3.394 3.406 3.418 3.429 3.441 3.453 3.465 3.477 3.488 3.500 3.501 3.538 3.563 3.587 3.611 3.636 3.660 3.684 3.709 3.733 3.757 3.782
2.225 2.225 2.196 2.256 2.186 2.276 2.307 2.277 2.287 2.797 2.788 2.358 2.359 2.339 2.499 2.430 2.511 2.511 2.691 2.622 2.582 2.632 2.763 2.753 3.069 2.664 2.674 2.755 2.765 2.845 2.836 3.200 2.787 2.787 2.808 3.269 2.848 3.279 3.285 3.290 3.295 3.300 3.306 3.311 3.316 3.321 3.327 3.333 3.342 3.342 3.359 3.367 3.375 3.384 3.392 3.403 3.415 3.426 3.438 3.450 3.462 3.474 3.485 3.497 3.509 3.510 3.546 3.571 3.595 3.619 3.644 3.668 3.692 3.717 3.741 3.766 3.790
2.205 2.205 2.325 2.256 2.256 2.246 2.336 2.607 2.497 2.427 2.357 2.358 2.348 2.289 2.469 2.470 2.570 2.571 2.541 2.581 2.512 2.602 2.672 2.603 2.653 3.098 3.117 3.136 3.154 2.825 2.795 2.766 3.229 3.229 3.266 3.280 2.708 2.808 3.296 3.301 3.307 3.312 3.317 3.322 3.328 3.333 3.340 3.349 3.357 3.358 3.374 3.382 3.391 3.399 3.408 3.416 3.424 3.435 3.447 3.459 3.470 3.482 3.494 3.506 3.518 3.518 3.554 3.579 3.603 3.628 3.652 3.676 3.701 3.725 3.749 3.774 3.798
2.155 2.155 2.275 2.235 2.306 2.266 2.326 2.326 2.447 2.447 2.337 2.478 2.298 2.359 2.439 2.549 2.500 2.500 2.501 2.651 2.601 2.692 2.652 2.692 2.633 2.583 3.127 3.146 2.814 2.785 3.202 2.725 3.239 3.240 2.807 3.292 3.297 3.302 2.828 3.313 3.318 3.323 3.329 3.334 3.339 3.347 3.356 3.364 3.372 3.373 3.389 3.398 3.406 3.415 3.423 3.431 3.440 3.448 3.457 3.467 3.479 3.491 3.503 3.515 3.526 3.527 3.563 3.587 3.611 3.635 3.660 3.684 3.709 3.733 3.758 3.782 3.807
2.154 2.155 2.305 2.285 2.215 2.316 2.366 2.386 2.396 2.467 2.487 2.407 2.478 2.468 2.479 2.889 2.916 2.917 2.490 2.995 2.531 2.771 2.552 2.602 2.702 2.653 3.138 3.156 3.175 3.194 2.834 2.845 3.250 3.250 3.287 3.303 3.309 2.797 3.319 3.324 3.330 3.335 3.340 3.346 3.354 3.363 3.371 3.380 3.388 3.389 3.405 3.413 3.422 3.430 3.438 3.447 3.455 3.463 3.472 3.480 3.489 3.500 3.512 3.523 3.535 3.536 3.571 3.595 3.619 3.644 3.668 3.693 3.717 3.742 3.766 3.791 3.815
2.204 2.204 2.255 2.325 2.335 2.275 2.346 2.306 2.436 2.456 2.487 2.517 2.477 2.528 2.608 2.539 2.569 2.569 2.390 2.440 2.820 2.521 3.065 2.592 2.672 2.742 2.653 3.167 3.185 3.204 3.223 3.241 2.785 2.785 3.297 3.315 3.320 3.325 3.331 3.336 3.341 3.346 3.353 3.361 3.370 3.378 3.387 3.395 3.403 3.404 3.420 3.429 3.437 3.445 3.454 3.462 3.470 3.479 3.487 3.496 3.504 3.513 3.521 3.532 3.544 3.544 3.579 3.603 3.627 3.652 3.676 3.701 3.725 3.750 3.774 3.799 3.823
2.194 2.194 2.224 2.395 2.385 2.345 2.405 2.336 2.466 2.316 2.467 2.437 2.517 2.548 2.558 2.478 2.548 2.549 2.589 2.570 2.580 2.580 2.431 2.681 2.751 2.732 3.155 3.176 3.195 3.214 2.834 2.844 3.270 3.271 3.308 3.326 3.332 3.337 3.342 3.347 3.352 3.360 3.369 3.377 3.385 3.394 3.402 3.410 3.419 3.420 3.436 3.444 3.452 3.461 3.469 3.477 3.486 3.494 3.503 3.511 3.519 3.528 3.536 3.545 3.553 3.554 3.587 3.611 3.636 3.660 3.685 3.709 3.734 3.758 3.783 3.807 3.832
2.194 2.194 2.224 2.394 2.385 2.345 2.405 2.335 2.466 2.316 2.466 2.436 2.517 2.547 2.557 2.478 2.548 2.548 2.589 2.569 2.579 2.580 2.430 2.681 2.751 2.731 3.154 3.176 3.195 3.214 2.833 2.843 3.270 3.270 3.307 3.326 3.331 3.336 3.341 3.347 3.352 3.360 3.368 3.376 3.385 3.393 3.402 3.410 3.419 3.419 3.435 3.444 3.452 3.460 3.468 3.477 3.485 3.494 3.502 3.510 3.519 3.527 3.536 3.544 3.552 3.553 3.586 3.611 3.635 3.660 3.684 3.709 3.733 3.757 3.782 3.807 3.831
2.314 2.314 2.274 2.304 2.284 2.415 2.475 2.425 2.415 2.486 2.436 2.506 2.567 2.567 2.527 2.437 2.418 2.418 2.618 2.579 2.609 2.569 2.590 2.580 3.115 2.831 3.158 2.731 3.201 3.223 3.243 3.261 3.280 3.280 3.317 3.336 3.343 3.348 3.353 3.358 3.367 3.375 3.384 3.392 3.400 3.409 3.417 3.425 3.434 3.434 3.451 3.459 3.467 3.476 3.484 3.492 3.501 3.509 3.517 3.526 3.534 3.543 3.551 3.559 3.568 3.568 3.595 3.619 3.643 3.668 3.692 3.717 3.741 3.766 3.790 3.815 3.839
2.303 2.303 2.284 2.324 2.224 2.294 2.325 2.325 2.305 2.516 2.566 2.516 2.426 2.406 2.397 2.347 2.487 2.487 2.568 2.508 2.589 2.679 2.709 2.609 3.119 3.140 2.751 2.791 3.205 3.227 3.248 3.270 3.290 3.291 3.328 3.346 3.354 3.359 3.366 3.374 3.382 3.391 3.399 3.407 3.416 3.424 3.433 3.441 3.449 3.450 3.466 3.475 3.483 3.491 3.499 3.508 3.516 3.524 3.533 3.541 3.550 3.558 3.566 3.575 3.583 3.584 3.609 3.631 3.653 3.676 3.701 3.725 3.750 3.774 3.799 3.823 3.848
2.283 2.283 2.243 2.313 2.304 2.434 2.464 2.315 2.475 2.385 2.325 2.396 2.536 2.406 2.556 2.796 2.627 2.627 2.547 2.578 2.598 2.588 2.659 2.749 2.659 2.580 2.830 3.192 3.214 3.235 3.257 3.278 2.722 2.723 3.343 3.365 3.380 3.389 3.397 3.405 3.414 3.422 3.431 3.439 3.447 3.456 3.464 3.473 3.481 3.481 3.498 3.506 3.514 3.523 3.531 3.539 3.548 3.556 3.564 3.573 3.581 3.589 3.598 3.606 3.614 3.615 3.638 3.659 3.681 3.703 3.725 3.747 3.768 3.791 3.816 3.840 3.865
2.223 2.223 2.243 2.313 2.333 2.493 2.464 2.384 2.364 2.415 2.335 2.645 2.465 2.526 2.496 2.526 2.576 2.577 2.567 2.517 2.738 2.608 2.698 2.688 2.639 2.729 3.174 3.196 3.217 3.239 3.261 3.282 3.304 3.304 3.347 3.370 3.388 3.400 3.412 3.421 3.429 3.438 3.446 3.455 3.463 3.471 3.480 3.488 3.496 3.497 3.513 3.522 3.530 3.538 3.546 3.555 3.563 3.571 3.580 3.588 3.596 3.605 3.613 3.621 3.630 3.630 3.652 3.674 3.695 3.717 3.739 3.761 3.782 3.804 3.826 3.848 3.873
2.262 2.262 2.333 2.443 2.513 2.333 2.373 2.294 2.424 2.294 2.275 2.445 2.505 2.385 2.545 2.526 2.646 2.646 2.566 2.587 2.627 2.637 2.718 2.618 2.788 2.588 2.819 3.200 3.221 2.830 3.264 3.286 3.307 3.308 3.353 3.376 3.395 3.407 3.419 3.432 3.444 3.453 3.462 3.470 3.478 3.487 3.495 3.503 3.512 3.512 3.529 3.537 3.545 3.554 3.562 3.570 3.578 3.587 3.595 3.603 3.612 3.620 3.628 3.637 3.645 3.646 3.666 3.688 3.709 3.731 3.753 3.775 3.796 3.818 3.840 3.862 3.883
2.252 2.252 2.272 2.302 2.353 2.263 2.243 2.253 2.343 2.364 2.534 2.434 2.555 2.605 2.545 2.595 2.495 2.496 2.626 2.596 2.636 2.677 2.747 2.727 3.138 2.668 2.718 3.203 3.225 3.247 3.268 3.290 3.312 3.313 3.359 3.382 3.401 3.414 3.426 3.438 3.451 3.463 3.475 3.485 3.494 3.502 3.510 3.519 3.527 3.528 3.544 3.553 3.561 3.569 3.577 3.586 3.594 3.602 3.610 3.619 3.627 3.635 3.644 3.652 3.660 3.661 3.680 3.702 3.723 3.745 3.767 3.789 3.810 3.832 3.854 3.876 3.897
2.271 2.271 2.332 2.212 2.362 2.212 2.403 2.323 2.453 2.483 2.434 2.444 2.504 2.514 2.514 2.435 2.585 2.585 2.745 2.575 2.676 2.776 2.626 2.776 2.757 2.797 2.657 2.608 3.229 3.250 3.272 3.295 3.318 3.319 3.365 3.388 3.408 3.421 3.433 3.445 3.458 3.470 3.482 3.495 3.507 3.518 3.526 3.534 3.543 3.543 3.560 3.568 3.576 3.584 3.593 3.601 3.609 3.617 3.626 3.634 3.642 3.651 3.659 3.667 3.676 3.676 3.694 3.716 3.737 3.759 3.781 3.802 3.824 3.846 3.868 3.890 3.911
2.321 2.321 2.151 2.191 2.272 2.262 2.422 2.512 2.263 2.353 2.313 2.543 2.433 2.514 2.444 2.494 2.564 2.564 2.605 2.695 2.725 2.725 2.655 2.706 3.146 3.167 2.747 2.697 3.233 3.254 3.278 3.301 3.324 3.325 3.371 3.394 3.415 3.428 3.440 3.452 3.465 3.477 3.489 3.502 3.514 3.526 3.538 3.550 3.558 3.559 3.575 3.583 3.592 3.600 3.608 3.616 3.625 3.633 3.641 3.649 3.658 3.666 3.674 3.683 3.691 3.692 3.708 3.730 3.751 3.773 3.795 3.816 3.838 3.860 3.882 3.904 3.925
2.210 2.210 2.240 2.311 2.181 2.361 2.442 2.372 2.342 2.402 2.523 2.423 2.453 2.413 2.423 2.553 2.524 2.524 2.684 2.644 2.794 2.695 2.695 2.765 2.705 3.171 3.193 2.796 2.697 2.797 3.283 3.306 3.330 3.330 3.376 3.400 3.422 3.434 3.447 3.459 3.471 3.484 3.496 3.508 3.521 3.533 3.545 3.557 3.570 3.570 3.590 3.599 3.607 3.615 3.624 3.632 3.640 3.648 3.656 3.665 3.673 3.681 3.690 3.698 3.706 3.707 3.723 3.743 3.765 3.787 3.809 3.830 3.852 3.874 3.896 3.917 3.939
2.279 2.280 2.310 2.320 2.370 2.321 2.321 2.311 2.372 2.422 2.502 2.562 2.412 2.493 2.573 2.483 2.583 2.583 2.603 2.613 3.065 2.834 2.824 2.704 3.154 3.175 2.835 2.696 3.243 3.266 3.289 3.312 3.336 3.336 3.382 3.405 3.429 3.441 3.454 3.466 3.478 3.490 3.503 3.515 3.527 3.540 3.552 3.564 3.577 3.577 3.601 3.614 3.622 3.631 3.639 3.647 3.655 3.664 3.672 3.680 3.688 3.697 3.705 3.713 3.721 3.722 3.738 3.757 3.779 3.801 3.823 3.844 3.866 3.888 3.910 3.931 3.961
2.229 2.229 2.259 2.350 2.300 2.350 2.340 2.461 2.391 2.401 2.381 2.412 2.562 2.522 2.522 2.762 2.482 2.482 2.642 2.743 2.643 2.733 3.114 2.734 2.774 3.179 2.815 2.835 3.248 3.272 3.295 3.318 3.341 3.342 3.388 3.411 3.435 3.448 3.460 3.473 3.485 3.497 3.510 3.522 3.534 3.546 3.559 3.571 3.583 3.584 3.608 3.627 3.639 3.646 3.654 3.662 3.671 3.679 3.687 3.695 3.704 3.712 3.720 3.728 3.737 3.737 3.753 3.771 3.793 3.815 3.837 3.858 3.880 3.902 3.924 3.960 4.007
2.278 2.278 2.528 2.309 2.259 2.349 2.360 2.430 2.480 2.311 2.411 2.461 2.601 2.481 2.531 2.481 2.572 2.572 2.612 2.632 2.732 2.692 2.753 2.783 2.823 3.184 2.824 2.774 3.254 3.277 3.301 3.324 3.347 3.348 3.394 3.417 3.440 3.455 3.467 3.479 3.492 3.504 3.516 3.529 3.541 3.553 3.566 3.578 3.590 3.591 3.623 3.642 3.655 3.663 3.671 3.678 3.686 3.694 3.702 3.711 3.719 3.727 3.735 3.744 3.752 3.752 3.769 3.785 3.807 3.829 3.850 3.872 3.894 3.916 3.959 4.007 4.054
2.267 2.268 2.328 2.408 2.478 2.319 2.459 2.399 2.320 2.510 2.510 2.490 2.490 2.461 2.581 2.561 2.581 2.581 2.631 2.651 2.651 2.672 3.122 3.144 2.802 3.190 3.213 3.236 3.260 3.283 3.306 3.330 3.353 3.353 3.400 3.423 3.446 3.462 3.474 3.486 3.499 3.511 3.523 3.536 3.548 3.560 3.573 3.585 3.600 3.600 3.638 3.657 3.672 3.680 3.687 3.695 3.702 3.710 3.718 3.726 3.734 3.743 3.751 3.759 3.767 3.768 3.784 3.799 3.821 3.843 3.864 3.886 3.912 3.959 4.006 4.053 4.100
2.316 2.317 2.357 2.417 2.458 2.508 2.348 2.429 2.439 2.379 2.459 2.500 2.650 2.630 2.540 2.650 2.730 2.730 2.700 2.590 2.641 2.731 2.831 3.150 3.173 3.196 3.219 3.242 3.265 3.289 3.312 3.335 3.359 3.359 3.405 3.429 3.452 3.469 3.481 3.493 3.505 3.518 3.530 3.542 3.555 3.567 3.579 3.596 3.615 3.615 3.653 3.673 3.688 3.696 3.704 3.711 3.719 3.727 3.734 3.742 3.750 3.758 3.766 3.774 3.783 3.783 3.799 3.813 3.835 3.857 3.878 3.911 3.959 4.006 4.053 4.100 4.147
2.346 2.346 2.286 2.437 2.457 2.387 2.447 2.418 2.448 2.498 2.489 2.439 2.569 2.469 2.569 2.479 2.610 2.610 2.580 2.810 3.113 2.830 3.133 3.155 3.178 3.202 3.225 3.248 3.271 3.295 3.318 3.341 3.364 3.365 3.411 3.434 3.458 3.475 3.488 3.500 3.512 3.525 3.537 3.549 3.561 3.574 3.592 3.611 3.630 3.630 3.669 3.688 3.705 3.713 3.720 3.728 3.736 3.743 3.751 3.759 3.766 3.774 3.782 3.790 3.798 3.798 3.814 3.827 3.849 3.871 3.911 3.958 4.005 4.052 4.099 4.146 4.193
2.335 2.335 2.566 2.316 2.346 2.356 2.417 2.337 2.427 2.448 2.478 2.408 2.508 2.638 2.378 2.509 2.479 2.479 2.719 2.769 2.749 2.739 2.740 3.163 3.185 3.207 3.231 3.254 3.277 3.300 3.324 3.347 3.370 3.371 3.417 3.440 3.463 3.482 3.495 3.507 3.519 3.531 3.544 3.556 3.569 3.588 3.607 3.626 3.645 3.646 3.684 3.703 3.721 3.729 3.737 3.744 3.752 3.760 3.767 3.775 3.783 3.790 3.798 3.806 3.813 3.814 3.830 3.841 3.863 3.910 3.958 4.005 4.052 4.099 4.146 4.193 4.240
