includes/lisflood/camargue/results_R4_t1.561741501247E12/res-0009.wdfp
ncols         906
nrows         631
xllcorner     362177.146667
yllcorner     6534725.688020
cellsize      20.000000
NODATA_value  -9999.000000
[rows 510 to 543 of 631, columns 693 to 769 of 906]
0.005 0.003 0.001 0.001 0.001 0.002 0.002 0.005 0.002 0.009 0.042 0.105 0.159 0.213 0.268 0.322 0.460 0.660 0.859 1.058 1.257 1.456 1.655 1.854 1.855 2.207 2.337 2.467 2.597 2.737 2.897 3.058 3.218 3.379 3.539 3.700 3.860 4.021 4.182 4.350 4.350 4.688 4.857 4.827 4.797 4.767 4.737 4.707 4.677 4.647 4.617 4.587 4.557 4.527 4.499 4.470 4.465 4.465 4.491 4.517 4.543 4.569 4.595 4.621 4.647 4.673 4.700 4.726 4.752 4.778 4.953 5.133 5.551 5.551 5.815 6.079 6.343
0.008 0.003 0.003 0.003 0.004 0.010 0.041 0.111 0.111 0.264 0.341 0.418 0.492 0.546 0.601 0.761 0.961 1.160 1.359 1.558 1.757 1.956 2.155 2.354 2.355 2.753 2.917 3.047 3.191 3.352 3.512 3.673 3.833 3.994 4.154 4.315 4.475 4.636 4.796 4.957 4.957 5.277 5.247 5.217 5.187 5.156 5.126 5.096 5.066 5.036 5.006 4.976 4.946 4.916 4.886 4.858 4.908 4.908 4.934 4.960 4.986 5.012 5.038 5.064 5.090 5.116 5.142 5.168 5.194 5.220 5.246 5.352 5.822 5.822 6.086 6.311 6.515
0.012 0.008 0.007 0.011 0.040 0.110 0.186 0.263 0.263 0.417 0.495 0.572 0.649 0.713 0.812 1.011 1.211 1.410 1.609 1.808 2.007 2.206 2.405 2.605 2.605 3.003 3.202 3.338 3.498 3.659 3.819 3.980 4.140 4.301 4.461 4.622 4.782 4.943 5.104 5.264 5.264 5.471 5.441 5.411 5.381 5.351 5.321 5.291 5.261 5.231 5.201 5.171 5.141 5.111 5.081 5.077 5.129 5.129 5.155 5.181 5.207 5.233 5.259 5.285 5.312 5.338 5.364 5.390 5.416 5.442 5.468 5.494 5.885 5.886 6.090 6.294 6.498
0.022 0.021 0.042 0.109 0.185 0.262 0.339 0.417 0.417 0.571 0.648 0.725 0.803 0.879 1.062 1.262 1.461 1.660 1.860 2.064 2.267 2.471 2.675 2.878 2.878 3.286 3.489 3.620 3.778 3.935 4.093 4.251 4.408 4.566 4.723 4.881 5.038 5.196 5.353 5.511 5.511 5.484 5.446 5.409 5.371 5.334 5.296 5.259 5.221 5.184 5.146 5.109 5.072 5.034 5.011 5.113 5.168 5.168 5.195 5.223 5.251 5.278 5.306 5.333 5.361 5.389 5.416 5.444 5.471 5.499 5.527 5.568 5.868 5.869 6.073 6.277 6.481
0.140 0.219 0.300 0.381 0.463 0.544 0.625 0.707 0.707 0.869 0.950 1.032 1.113 1.261 1.478 1.681 1.885 2.089 2.292 2.496 2.700 2.903 3.107 3.310 3.311 3.718 3.881 3.860 3.978 4.135 4.293 4.450 4.608 4.765 4.923 5.080 5.238 5.396 5.553 5.711 5.711 5.388 5.344 5.307 5.269 5.232 5.194 5.157 5.119 5.082 5.044 5.007 4.969 4.932 5.000 5.105 5.193 5.193 5.220 5.248 5.276 5.303 5.331 5.358 5.386 5.414 5.441 5.469 5.497 5.524 5.559 5.625 5.900 5.900 6.067 6.260 6.464
0.402 0.555 0.636 0.717 0.799 0.880 0.961 1.042 1.043 1.205 1.286 1.367 1.454 1.680 1.907 2.114 2.317 2.521 2.725 2.928 3.132 3.336 3.539 3.743 3.743 4.150 4.184 4.162 4.177 4.335 4.492 4.650 4.807 4.965 5.122 5.280 5.438 5.595 5.753 5.777 5.777 5.376 5.242 5.204 5.167 5.129 5.092 5.054 5.017 4.979 4.942 4.904 4.867 4.883 4.989 5.094 5.218 5.218 5.245 5.273 5.301 5.328 5.356 5.383 5.411 5.439 5.466 5.494 5.521 5.551 5.616 5.682 5.943 5.943 6.110 6.278 6.447
0.652 0.885 0.972 1.053 1.134 1.216 1.297 1.378 1.378 1.541 1.622 1.703 1.873 2.100 2.326 2.546 2.750 2.953 3.157 3.361 3.564 3.768 3.972 4.175 4.175 4.508 4.486 4.464 4.442 4.534 4.692 4.849 5.007 5.165 5.322 5.480 5.637 5.795 5.952 5.765 5.765 5.363 5.162 5.102 5.064 5.027 4.989 4.952 4.914 4.877 4.839 4.802 4.767 4.872 4.977 5.082 5.243 5.243 5.270 5.298 5.326 5.353 5.381 5.408 5.436 5.464 5.491 5.519 5.546 5.608 5.673 5.739 5.986 5.986 6.154 6.321 6.488
0.902 1.135 1.308 1.389 1.470 1.551 1.633 1.714 1.714 1.876 1.958 2.066 2.292 2.519 2.745 2.972 3.182 3.386 3.589 3.793 3.997 4.200 4.404 4.608 4.608 4.810 4.788 4.766 4.745 4.734 4.891 5.049 5.207 5.364 5.522 5.679 5.837 5.994 5.953 5.752 5.753 5.351 5.150 4.999 4.962 4.924 4.887 4.850 4.812 4.775 4.737 4.700 4.756 4.861 4.966 5.071 5.268 5.268 5.295 5.323 5.351 5.378 5.406 5.433 5.461 5.489 5.516 5.544 5.599 5.665 5.730 5.796 6.029 6.030 6.197 6.364 6.531
1.152 1.385 1.617 1.725 1.806 1.887 1.968 2.050 2.050 2.212 2.293 2.485 2.711 2.938 3.164 3.391 3.614 3.818 4.022 4.225 4.429 4.633 4.836 5.040 5.040 5.112 5.090 5.069 5.047 5.025 5.091 5.249 5.406 5.564 5.721 5.879 6.036 6.141 5.941 5.740 5.740 5.338 5.138 4.937 4.860 4.822 4.785 4.747 4.710 4.672 4.635 4.639 4.744 4.849 4.955 5.060 5.270 5.270 5.320 5.348 5.376 5.403 5.431 5.458 5.486 5.514 5.541 5.591 5.656 5.722 5.787 5.853 6.073 6.073 6.240 6.407 6.575
1.402 1.635 1.867 2.060 2.142 2.223 2.304 2.385 2.386 2.548 2.677 2.904 3.130 3.357 3.584 3.810 4.036 4.250 4.454 4.658 4.861 5.065 5.269 5.458 5.458 5.414 5.393 5.371 5.349 5.328 5.306 5.448 5.606 5.763 5.921 6.078 6.236 6.129 5.928 5.727 5.728 5.326 5.125 4.924 4.757 4.720 4.682 4.645 4.607 4.570 4.532 4.628 4.733 4.838 4.943 5.048 5.258 5.259 5.345 5.373 5.401 5.428 5.456 5.483 5.511 5.539 5.582 5.648 5.713 5.779 5.845 5.910 6.116 6.116 6.283 6.451 6.618
1.652 1.884 2.117 2.350 2.477 2.559 2.640 2.721 2.721 2.884 3.097 3.323 3.550 3.776 4.003 4.229 4.456 4.682 4.886 5.090 5.294 5.497 5.701 5.760 5.760 5.717 5.695 5.673 5.651 5.630 5.608 5.648 5.805 5.963 6.121 6.278 6.317 6.117 5.916 5.715 5.715 5.313 5.113 4.912 4.711 4.617 4.580 4.542 4.505 4.467 4.511 4.616 4.721 4.827 4.932 5.037 5.247 5.247 5.352 5.398 5.426 5.453 5.481 5.508 5.536 5.574 5.639 5.705 5.771 5.836 5.902 5.967 6.159 6.159 6.327 6.494 6.661
1.902 2.134 2.367 2.599 2.813 2.894 2.976 3.057 3.057 3.289 3.516 3.742 3.969 4.195 4.422 4.648 4.875 5.101 5.319 5.522 5.726 5.930 6.084 6.062 6.062 6.019 5.997 5.975 5.954 5.932 5.910 5.889 6.005 6.163 6.320 6.478 6.305 6.104 5.903 5.703 5.703 5.301 5.100 4.899 4.699 4.515 4.477 4.440 4.402 4.395 4.500 4.605 4.710 4.815 4.920 5.025 5.236 5.236 5.341 5.423 5.450 5.478 5.506 5.533 5.565 5.631 5.696 5.762 5.828 5.893 5.959 6.024 6.203 6.203 6.370 6.537 6.704
2.152 2.384 2.617 2.849 3.082 3.230 3.311 3.393 3.393 3.708 3.935 4.161 4.388 4.614 4.841 5.067 5.294 5.520 5.747 5.955 6.158 6.362 6.386 6.365 6.365 6.321 6.299 6.278 6.256 6.234 6.213 6.191 6.205 6.362 6.520 6.493 6.293 6.092 5.891 5.690 5.690 5.289 5.088 4.887 4.686 4.485 4.375 4.337 4.300 4.383 4.488 4.594 4.699 4.804 4.909 5.014 5.224 5.224 5.329 5.434 5.476 5.503 5.531 5.558 5.623 5.688 5.754 5.819 5.885 5.950 6.016 6.081 6.246 6.246 6.413 6.581 6.748
2.401 2.634 2.867 3.099 3.332 3.564 3.647 3.728 3.729 4.128 4.354 4.581 4.807 5.033 5.260 5.486 5.713 5.940 6.166 6.387 6.591 6.710 6.689 6.667 6.667 6.623 6.602 6.580 6.558 6.537 6.515 6.493 6.472 6.562 6.682 6.481 6.280 6.079 5.878 5.678 5.678 5.276 5.075 4.875 4.674 4.473 4.273 4.235 4.267 4.372 4.477 4.582 4.687 4.792 4.898 5.003 5.213 5.213 5.318 5.423 5.500 5.528 5.556 5.614 5.680 5.745 5.811 5.876 5.942 6.007 6.073 6.138 6.289 6.289 6.457 6.624 6.791
2.401 2.634 2.866 3.099 3.331 3.564 3.647 3.728 3.728 4.127 4.354 4.580 4.807 5.033 5.260 5.486 5.713 5.939 6.166 6.387 6.591 6.710 6.688 6.667 6.667 6.623 6.602 6.580 6.558 6.536 6.515 6.493 6.471 6.562 6.681 6.481 6.280 6.079 5.878 5.677 5.678 5.276 5.075 4.874 4.673 4.473 4.272 4.235 4.266 4.372 4.477 4.582 4.687 4.792 4.897 5.002 5.212 5.213 5.318 5.423 5.500 5.528 5.555 5.614 5.679 5.745 5.810 5.876 5.941 6.007 6.072 6.138 6.289 6.289 6.456 6.623 6.791
2.651 2.884 3.116 3.349 3.581 3.814 3.983 4.094 4.094 4.546 4.773 4.999 5.226 5.452 5.679 5.905 6.132 6.358 6.585 6.811 7.023 7.012 6.991 6.969 6.969 6.925 6.904 6.882 6.860 6.839 6.817 6.795 6.774 6.761 6.669 6.468 6.267 6.067 5.866 5.665 5.665 5.263 5.063 4.862 4.661 4.460 4.259 4.150 4.255 4.360 4.465 4.570 4.676 4.781 4.886 4.991 5.201 5.201 5.306 5.411 5.516 5.553 5.605 5.671 5.736 5.802 5.867 5.933 5.998 6.064 6.129 6.195 6.332 6.332 6.499 6.667 6.834
2.901 3.134 3.366 3.599 3.831 4.064 4.296 4.513 4.513 4.958 5.175 5.392 5.609 5.826 6.043 6.261 6.478 6.695 6.912 7.129 7.204 7.175 7.145 7.116 7.116 7.057 7.028 6.999 6.970 6.940 6.911 6.882 6.852 6.793 6.626 6.425 6.224 6.023 5.822 5.622 5.622 5.220 5.019 4.818 4.617 4.416 4.215 4.151 4.249 4.354 4.459 4.563 4.668 4.773 4.877 4.982 5.192 5.192 5.296 5.401 5.506 5.597 5.662 5.728 5.793 5.859 5.924 5.990 6.055 6.121 6.186 6.252 6.383 6.383 6.543 6.710 6.877
3.332 3.563 3.795 4.027 4.258 4.490 4.662 4.827 4.827 5.243 5.460 5.677 5.894 6.112 6.329 6.546 6.763 6.980 7.197 7.234 7.174 7.114 7.082 7.053 7.053 6.994 6.965 6.936 6.906 6.877 6.848 6.819 6.740 6.606 6.473 6.313 6.112 5.911 5.710 5.509 5.509 5.107 4.906 4.706 4.505 4.310 4.289 4.267 4.246 4.348 4.453 4.557 4.662 4.767 4.871 4.976 5.185 5.186 5.290 5.395 5.481 5.566 5.649 5.731 5.814 5.897 5.979 6.062 6.145 6.227 6.301 6.366 6.497 6.497 6.630 6.797 6.883
3.543 3.775 4.006 4.238 4.470 4.671 4.836 5.001 5.002 5.385 5.603 5.820 6.037 6.254 6.471 6.688 6.905 7.123 7.280 7.220 7.160 7.101 7.051 7.021 7.021 6.963 6.933 6.904 6.875 6.845 6.816 6.779 6.646 6.513 6.380 6.247 6.055 5.855 5.654 5.453 5.453 5.051 4.850 4.649 4.448 4.368 4.347 4.325 4.304 4.345 4.449 4.554 4.659 4.764 4.868 4.973 5.182 5.183 5.287 5.378 5.463 5.548 5.632 5.715 5.797 5.880 5.963 6.045 6.128 6.210 6.293 6.376 6.541 6.541 6.620 6.705 6.791
3.754 3.986 4.217 4.449 4.681 4.846 5.011 5.176 5.176 5.528 5.745 5.962 6.179 6.397 6.614 6.831 7.048 7.265 7.267 7.207 7.147 7.087 7.027 6.990 6.990 6.931 6.902 6.872 6.843 6.814 6.785 6.686 6.553 6.420 6.287 6.153 5.999 5.798 5.597 5.396 5.397 4.994 4.794 4.593 4.448 4.426 4.405 4.384 4.362 4.341 4.446 4.551 4.656 4.760 4.865 4.970 5.179 5.179 5.276 5.361 5.445 5.530 5.615 5.698 5.780 5.863 5.946 6.028 6.111 6.194 6.276 6.359 6.492 6.493 6.539 6.616 6.699
3.965 4.197 4.429 4.660 4.855 5.020 5.185 5.350 5.350 5.680 5.888 6.105 6.322 6.539 6.756 6.973 7.191 7.313 7.253 7.193 7.133 7.073 7.013 6.958 6.958 6.899 6.870 6.841 6.811 6.782 6.726 6.593 6.459 6.326 6.193 6.060 5.927 5.742 5.541 5.340 5.340 4.938 4.737 4.536 4.506 4.484 4.463 4.442 4.420 4.399 4.443 4.548 4.653 4.757 4.862 4.967 5.173 5.173 5.258 5.343 5.428 5.513 5.598 5.681 5.764 5.846 5.929 6.011 6.094 6.177 6.259 6.342 6.422 6.422 6.463 6.539 6.616
4.177 4.408 4.640 4.864 5.029 5.194 5.359 5.524 5.524 5.854 6.030 6.247 6.465 6.682 6.899 7.116 7.333 7.300 7.239 7.179 7.119 7.059 6.999 6.939 6.939 6.868 6.838 6.809 6.780 6.751 6.632 6.499 6.366 6.233 6.100 5.967 5.834 5.685 5.485 5.284 5.284 4.882 4.681 4.585 4.564 4.542 4.521 4.500 4.478 4.457 4.440 4.545 4.649 4.754 4.859 4.964 5.155 5.156 5.240 5.325 5.410 5.495 5.580 5.664 5.747 5.829 5.912 5.994 6.077 6.160 6.242 6.299 6.351 6.351 6.386 6.463 6.540
4.388 4.619 4.851 5.038 5.203 5.368 5.533 5.698 5.698 6.028 6.193 6.390 6.607 6.824 7.041 7.259 7.345 7.285 7.225 7.165 7.105 7.045 6.985 6.925 6.926 6.836 6.807 6.777 6.748 6.672 6.539 6.406 6.273 6.140 6.006 5.873 5.740 5.607 5.428 5.227 5.227 4.825 4.665 4.643 4.622 4.601 4.579 4.558 4.537 4.515 4.494 4.541 4.646 4.751 4.856 4.960 5.138 5.138 5.223 5.308 5.393 5.477 5.562 5.647 5.730 5.812 5.895 5.978 6.060 6.143 6.202 6.228 6.280 6.280 6.310 6.386 6.463
4.599 4.831 5.047 5.212 5.377 5.542 5.707 5.872 5.872 6.202 6.367 6.533 6.750 6.967 7.184 7.392 7.332 7.272 7.212 7.152 7.092 7.032 6.972 6.912 6.912 6.804 6.775 6.746 6.712 6.579 6.446 6.312 6.179 6.046 5.913 5.780 5.647 5.514 5.372 5.171 5.171 4.769 4.723 4.701 4.680 4.659 4.637 4.616 4.595 4.573 4.552 4.538 4.643 4.748 4.852 4.951 5.120 5.120 5.205 5.290 5.375 5.460 5.544 5.629 5.713 5.796 5.878 5.961 6.043 6.105 6.131 6.157 6.209 6.209 6.236 6.310 6.386
4.810 5.042 5.222 5.387 5.552 5.716 5.881 6.046 6.047 6.376 6.541 6.706 6.892 7.109 7.326 7.378 7.318 7.258 7.198 7.138 7.078 7.018 6.958 6.898 6.898 6.778 6.743 6.714 6.618 6.485 6.352 6.219 6.086 5.953 5.820 5.686 5.553 5.420 5.287 5.114 5.115 4.802 4.781 4.759 4.738 4.717 4.695 4.674 4.653 4.631 4.610 4.589 4.640 4.745 4.848 4.933 5.102 5.103 5.187 5.272 5.357 5.442 5.527 5.612 5.696 5.779 5.861 5.944 6.008 6.034 6.060 6.086 6.138 6.139 6.165 6.233 6.310
5.022 5.231 5.396 5.561 5.726 5.891 6.056 6.221 6.221 6.550 6.716 6.880 7.045 7.252 7.424 7.364 7.305 7.244 7.184 7.124 7.064 7.004 6.944 6.884 6.884 6.764 6.712 6.658 6.525 6.392 6.259 6.126 5.992 5.859 5.726 5.593 5.460 5.327 5.194 5.058 5.058 4.860 4.839 4.818 4.796 4.775 4.753 4.732 4.711 4.689 4.668 4.647 4.637 4.741 4.830 4.915 5.085 5.085 5.170 5.255 5.340 5.424 5.509 5.594 5.679 5.762 5.844 5.911 5.937 5.963 5.989 6.015 6.068 6.068 6.094 6.157 6.233
5.233 5.405 5.570 5.735 5.900 6.065 6.230 6.395 6.395 6.725 6.890 7.055 7.220 7.394 7.410 7.350 7.290 7.230 7.170 7.110 7.050 6.990 6.930 6.870 6.870 6.740 6.676 6.562 6.428 6.295 6.162 6.029 5.895 5.762 5.628 5.495 5.362 5.228 5.095 4.962 4.962 4.901 4.882 4.862 4.843 4.823 4.804 4.785 4.765 4.746 4.726 4.705 4.683 4.728 4.813 4.897 5.067 5.067 5.152 5.237 5.322 5.407 5.491 5.576 5.661 5.745 5.814 5.840 5.866 5.892 5.918 5.945 5.997 5.997 6.023 6.080 6.157
5.414 5.579 5.744 5.909 6.074 6.232 6.388 6.543 6.543 6.854 7.009 7.165 7.320 7.406 7.321 7.256 7.192 7.127 7.062 6.997 6.933 6.868 6.803 6.739 6.739 6.609 6.537 6.447 6.314 6.180 6.047 5.914 5.780 5.647 5.514 5.380 5.247 5.114 4.980 4.897 4.897 4.873 4.854 4.834 4.815 4.795 4.776 4.757 4.737 4.718 4.699 4.679 4.671 4.715 4.799 4.884 5.053 5.053 5.137 5.222 5.306 5.390 5.475 5.559 5.644 5.717 5.743 5.769 5.795 5.821 5.848 5.874 5.926 5.926 5.952 6.004 6.080
5.491 5.647 5.802 5.957 6.113 6.268 6.423 6.579 6.579 6.889 7.045 7.200 7.355 7.304 7.192 7.125 7.060 6.996 6.931 6.866 6.801 6.737 6.672 6.607 6.607 6.478 6.394 6.310 6.199 6.065 5.932 5.799 5.665 5.532 5.399 5.265 5.132 4.999 4.866 4.861 4.862 4.845 4.826 4.806 4.787 4.767 4.748 4.729 4.709 4.690 4.671 4.651 4.681 4.719 4.787 4.872 5.040 5.040 5.125 5.209 5.294 5.378 5.463 5.547 5.632 5.692 5.720 5.738 5.755 5.773 5.790 5.808 5.855 5.855 5.881 5.927 6.003
5.537 5.682 5.837 5.993 6.148 6.304 6.459 6.614 6.614 6.925 7.080 7.236 7.316 7.203 7.091 6.994 6.929 6.864 6.800 6.735 6.670 6.606 6.541 6.476 6.476 6.336 6.251 6.167 6.083 5.951 5.817 5.684 5.550 5.417 5.284 5.150 5.017 4.884 4.831 4.826 4.826 4.816 4.798 4.778 4.759 4.739 4.720 4.701 4.681 4.662 4.643 4.652 4.691 4.729 4.775 4.859 5.028 5.028 5.113 5.197 5.282 5.366 5.450 5.535 5.604 5.661 5.708 5.726 5.743 5.761 5.778 5.796 5.831 5.831 5.849 5.860 5.926
5.537 5.682 5.837 5.993 6.148 6.303 6.459 6.614 6.614 6.925 7.080 7.235 7.316 7.203 7.090 6.994 6.929 6.864 6.799 6.735 6.670 6.605 6.541 6.476 6.476 6.336 6.251 6.167 6.082 5.950 5.817 5.684 5.550 5.417 5.284 5.150 5.017 4.883 4.831 4.826 4.826 4.815 4.797 4.778 4.758 4.739 4.720 4.700 4.681 4.662 4.642 4.652 4.691 4.729 4.775 4.859 5.028 5.028 5.112 5.197 5.281 5.366 5.450 5.535 5.603 5.660 5.708 5.725 5.743 5.760 5.778 5.796 5.831 5.831 5.848 5.860 5.925
5.586 5.722 5.873 6.028 6.184 6.339 6.494 6.650 6.650 6.960 7.116 7.271 7.214 7.101 6.989 6.876 6.798 6.733 6.668 6.603 6.539 6.474 6.409 6.345 6.345 6.193 6.109 6.024 5.940 5.835 5.702 5.569 5.435 5.302 5.169 5.035 4.902 4.800 4.795 4.790 4.790 4.780 4.769 4.750 4.730 4.711 4.692 4.672 4.653 4.634 4.624 4.662 4.700 4.739 4.777 4.847 5.016 5.016 5.100 5.185 5.269 5.353 5.438 5.516 5.572 5.629 5.686 5.713 5.731 5.748 5.766 5.784 5.819 5.819 5.835 5.843 5.851
5.635 5.771 5.908 6.064 6.219 6.374 6.530 6.685 6.685 6.996 7.151 7.225 7.112 7.000 6.887 6.775 6.666 6.602 6.537 6.472 6.408 6.343 6.278 6.213 6.213 6.051 5.966 5.882 5.797 5.713 5.587 5.454 5.320 5.187 5.054 4.920 4.787 4.765 4.760 4.754 4.755 4.744 4.739 4.722 4.702 4.683 4.664 4.644 4.625 4.606 4.634 4.672 4.710 4.749 4.787 4.835 5.003 5.004 5.088 5.172 5.257 5.341 5.426 5.485 5.541 5.599 5.655 5.701 5.719 5.736 5.754 5.772 5.807 5.807 5.817 5.826 5.834
5.734 5.870 6.006 6.142 6.290 6.446 6.601 6.756 6.757 7.067 7.134 7.022 6.910 6.797 6.685 6.572 6.460 6.347 6.275 6.210 6.145 6.081 6.016 5.935 5.935 5.766 5.681 5.597 5.512 5.428 5.343 5.224 5.091 4.957 4.824 4.704 4.699 4.694 4.689 4.684 4.684 4.674 4.669 4.663 4.647 4.627 4.608 4.588 4.577 4.616 4.654 4.692 4.731 4.769 4.807 4.846 4.979 4.979 5.064 5.148 5.233 5.309 5.366 5.423 5.480 5.537 5.594 5.651 5.695 5.713 5.730 5.748 5.775 5.775 5.783 5.791 5.800
