includes/lisflood/camargue/results_R4_t1.561741501247E12/res-0008.wd
ncols         906
nrows         631
xllcorner     362177.146667
yllcorner     6534725.688020
cellsize      20.000000
NODATA_value  -9999.000000
[rows 340 to 373 of 631, columns 770 to 846 of 906]
0.260 0.237 0.173 0.289 0.267 0.286 0.264 0.353 0.171 0.291 0.151 0.080 0.079 0.409 0.118 0.298 0.268 0.278 0.000 0.000 0.000 0.000 0.000 0.000 0.000 0.000 0.000 0.000 0.000 0.000 0.000 0.000 0.000 0.000 0.000 0.000 0.000 0.000 0.000 0.024 0.002 0.001 0.001 0.000 0.000 0.072 0.000 0.003 0.010 0.004 0.000 0.000 0.001 0.000 0.103 0.000 0.094 0.119 0.048 0.012 0.013 0.069 0.000 0.000 0.000 0.004 0.511 0.226 0.195 0.000 0.000 0.008 0.005 0.001 0.001 0.214 0.214
0.000 0.165 0.293 0.159 0.187 0.266 0.214 0.232 0.161 0.241 0.211 0.000 0.000 0.004 0.098 0.188 0.000 0.000 0.000 0.000 0.000 0.000 0.000 0.000 0.000 0.000 0.000 0.000 0.000 0.000 0.000 0.000 0.000 0.000 0.000 0.000 0.000 0.213 0.000 0.000 0.004 0.089 0.000 0.004 0.003 0.005 0.014 0.000 0.026 0.007 0.007 0.001 0.001 0.019 0.013 0.005 0.102 0.061 0.038 0.020 0.036 0.103 0.043 0.001 0.004 0.000 0.000 0.000 0.312 0.235 0.112 0.231 0.062 0.054 0.001 0.000 0.000
0.000 0.000 0.000 0.000 0.000 0.000 0.071 0.341 0.301 0.291 0.000 0.000 0.000 0.000 0.000 0.448 0.000 0.000 0.000 0.000 0.000 0.000 0.000 0.000 0.000 0.000 0.000 0.000 0.000 0.000 0.000 0.000 0.000 0.073 0.000 0.000 0.002 0.000 0.067 0.006 0.001 0.003 0.010 0.002 0.001 0.060 0.040 0.035 0.000 0.005 0.014 0.000 0.017 0.022 0.025 0.015 0.032 0.097 0.016 0.026 0.030 0.000 0.002 0.002 0.000 0.000 0.002 0.000 0.000 0.001 0.159 0.212 0.142 0.100 0.071 0.021 0.025
0.370 0.000 0.000 0.000 0.000 0.000 0.000 0.321 0.000 0.311 0.000 0.000 0.000 0.000 0.000 0.000 0.000 0.000 0.000 0.000 0.000 0.000 0.000 0.000 0.000 0.000 0.000 0.002 0.001 0.001 0.000 0.000 0.002 0.000 0.000 0.000 0.004 0.002 0.000 0.000 0.075 0.013 0.004 0.004 0.002 0.002 0.012 0.005 0.000 0.001 0.010 0.013 0.026 0.025 0.027 0.027 0.011 0.081 0.056 0.045 0.045 0.000 0.069 0.002 0.001 0.002 0.001 0.000 0.000 0.000 0.000 0.000 0.050 0.339 0.135 0.092 0.096
0.160 0.180 0.067 0.020 0.006 0.000 0.000 0.000 0.000 0.000 0.000 0.000 0.000 0.000 0.000 0.000 0.000 0.000 0.000 0.000 0.000 0.000 0.000 0.000 0.000 0.000 0.000 0.001 0.000 0.000 0.024 0.001 0.066 0.000 0.000 0.002 0.005 0.000 0.000 0.000 0.000 0.018 0.000 0.034 0.033 0.043 0.011 0.015 0.000 0.002 0.007 0.017 0.036 0.032 0.033 0.037 0.046 0.065 0.056 0.047 0.047 0.018 0.002 0.026 0.001 0.000 0.002 0.000 0.000 0.000 0.000 0.000 0.000 0.000 0.040 0.439 0.439
0.022 0.000 0.014 0.007 0.000 0.000 0.000 0.000 0.000 0.000 0.000 0.000 0.000 0.000 0.000 0.000 0.000 0.000 0.000 0.000 0.000 0.000 0.000 0.000 0.000 0.002 0.000 0.036 0.036 0.000 0.000 0.002 0.002 0.005 0.007 0.000 0.004 0.075 0.035 0.000 0.054 0.027 0.044 0.013 0.013 0.001 0.008 0.012 0.009 0.008 0.009 0.024 0.051 0.045 0.044 0.048 0.054 0.061 0.057 0.050 0.051 0.000 0.249 0.014 0.063 0.063 0.005 0.001 0.000 0.000 0.000 0.000 0.053 0.000 0.000 0.002 0.002
0.106 0.096 0.116 0.166 0.001 0.000 0.000 0.000 0.000 0.000 0.000 0.000 0.000 0.000 0.000 0.000 0.000 0.000 0.000 0.000 0.000 0.000 0.000 0.000 0.004 0.000 0.001 0.005 0.003 0.013 0.013 0.007 0.001 0.011 0.000 0.001 0.055 0.095 0.075 0.055 0.095 0.008 0.057 0.056 0.053 0.021 0.020 0.021 0.020 0.019 0.021 0.043 0.077 0.069 0.065 0.066 0.069 0.070 0.068 0.054 0.056 0.017 0.010 0.008 0.001 0.034 0.001 0.002 0.036 0.002 0.002 0.002 0.001 0.013 0.000 0.000 0.000
0.106 0.096 0.116 0.166 0.002 0.001 0.000 0.000 0.000 0.000 0.000 0.000 0.000 0.000 0.000 0.000 0.000 0.000 0.000 0.000 0.000 0.000 0.000 0.000 0.002 0.000 0.000 0.002 0.000 0.009 0.013 0.004 0.000 0.005 0.000 0.001 0.055 0.095 0.075 0.055 0.095 0.007 0.057 0.056 0.053 0.018 0.015 0.014 0.013 0.013 0.014 0.030 0.062 0.054 0.050 0.049 0.051 0.051 0.050 0.038 0.040 0.009 0.003 0.002 0.001 0.034 0.002 0.002 0.036 0.001 0.000 0.001 0.001 0.013 0.000 0.000 0.000
0.477 0.206 0.476 0.226 0.096 0.017 0.052 0.000 0.000 0.000 0.000 0.000 0.000 0.000 0.000 0.000 0.000 0.000 0.000 0.000 0.000 0.000 0.000 0.000 0.002 0.000 0.000 0.002 0.000 0.016 0.000 0.003 0.003 0.011 0.000 0.000 0.045 0.075 0.014 0.000 0.000 0.007 0.000 0.000 0.000 0.010 0.011 0.012 0.012 0.011 0.012 0.027 0.062 0.053 0.048 0.047 0.048 0.050 0.042 0.030 0.033 0.007 0.005 0.004 0.001 0.002 0.000 0.000 0.000 0.000 0.002 0.000 0.000 0.000 0.000 0.000 0.000
0.167 0.000 0.000 0.000 0.136 0.044 0.000 0.000 0.000 0.000 0.000 0.000 0.000 0.000 0.000 0.000 0.000 0.000 0.000 0.000 0.000 0.001 0.000 0.000 0.001 0.001 0.001 0.059 0.059 0.049 0.056 0.134 0.000 0.082 0.017 0.027 0.000 0.000 0.006 0.009 0.000 0.005 0.004 0.003 0.001 0.009 0.012 0.012 0.013 0.014 0.016 0.037 0.090 0.081 0.074 0.071 0.063 0.054 0.043 0.031 0.035 0.008 0.006 0.004 0.001 0.003 0.027 0.004 0.008 0.062 0.001 0.000 0.000 0.000 0.000 0.000 0.000
0.000 0.000 0.000 0.000 0.046 0.000 0.000 0.000 0.000 0.000 0.000 0.000 0.000 0.000 0.000 0.000 0.000 0.000 0.000 0.000 0.000 0.055 0.001 0.002 0.005 0.035 0.000 0.007 0.007 0.000 0.000 0.020 0.000 0.000 0.000 0.021 0.000 0.003 0.004 0.006 0.004 0.005 0.005 0.005 0.002 0.008 0.011 0.012 0.012 0.012 0.017 0.046 0.105 0.100 0.093 0.077 0.061 0.049 0.038 0.028 0.032 0.008 0.006 0.004 0.002 0.000 0.002 0.052 0.001 0.004 0.004 0.004 0.001 0.104 0.000 0.000 0.000
0.000 0.000 0.000 0.000 0.000 0.000 0.000 0.000 0.000 0.000 0.000 0.000 0.000 0.000 0.000 0.000 0.000 0.043 0.001 0.019 0.008 0.000 0.066 0.002 0.000 0.124 0.008 0.157 0.157 0.087 0.012 0.088 0.052 0.074 0.008 0.012 0.007 0.005 0.005 0.006 0.006 0.006 0.006 0.007 0.003 0.007 0.010 0.012 0.013 0.015 0.024 0.061 0.121 0.123 0.102 0.079 0.060 0.046 0.035 0.025 0.030 0.009 0.008 0.008 0.009 0.013 0.009 0.062 0.008 0.001 0.001 0.003 0.004 0.001 0.000 0.000 0.000
0.000 0.000 0.000 0.000 0.000 0.000 0.000 0.000 0.000 0.000 0.000 0.000 0.000 0.000 0.000 0.000 0.000 0.000 0.000 0.000 0.004 0.126 0.000 0.058 0.004 0.000 0.000 0.017 0.017 0.047 0.197 0.000 0.017 0.018 0.015 0.014 0.011 0.008 0.007 0.007 0.007 0.007 0.007 0.009 0.004 0.007 0.010 0.014 0.020 0.034 0.065 0.102 0.141 0.134 0.105 0.080 0.058 0.042 0.031 0.022 0.027 0.009 0.009 0.010 0.011 0.015 0.003 0.003 0.007 0.011 0.007 0.044 0.003 0.005 0.005 0.000 0.002
0.000 0.000 0.000 0.000 0.000 0.000 0.000 0.000 0.000 0.000 0.000 0.000 0.000 0.000 0.000 0.096 0.036 0.000 0.000 0.000 0.008 0.000 0.029 0.000 0.048 0.028 0.127 0.087 0.087 0.207 0.000 0.046 0.000 0.013 0.015 0.015 0.013 0.011 0.009 0.008 0.008 0.008 0.008 0.012 0.006 0.011 0.018 0.031 0.055 0.090 0.126 0.144 0.158 0.167 0.136 0.105 0.078 0.054 0.037 0.026 0.030 0.011 0.011 0.010 0.009 0.000 0.038 0.003 0.007 0.001 0.068 0.001 0.002 0.002 0.003 0.133 0.133
0.000 0.000 0.000 0.000 0.000 0.000 0.000 0.000 0.000 0.000 0.000 0.000 0.000 0.000 0.000 0.000 0.002 0.003 0.000 0.000 0.064 0.075 0.007 0.100 0.000 0.000 0.022 0.026 0.027 0.000 0.000 0.003 0.002 0.010 0.014 0.015 0.014 0.013 0.011 0.010 0.010 0.010 0.011 0.018 0.011 0.030 0.055 0.089 0.123 0.135 0.147 0.159 0.170 0.180 0.179 0.147 0.115 0.085 0.059 0.039 0.042 0.016 0.013 0.011 0.007 0.000 0.000 0.000 0.000 0.003 0.000 0.000 0.000 0.000 0.000 0.000 0.000
0.000 0.000 0.000 0.000 0.000 0.000 0.000 0.000 0.000 0.000 0.000 0.093 0.093 0.000 0.000 0.000 0.003 0.007 0.000 0.002 0.134 0.000 0.041 0.003 0.004 0.000 0.080 0.000 0.000 0.023 0.000 0.002 0.002 0.007 0.013 0.014 0.015 0.014 0.013 0.012 0.013 0.015 0.022 0.039 0.034 0.092 0.119 0.131 0.142 0.154 0.165 0.176 0.187 0.196 0.204 0.194 0.162 0.130 0.099 0.070 0.071 0.028 0.020 0.014 0.008 0.000 0.000 0.000 0.000 0.002 0.014 0.000 0.000 0.000 0.000 0.000 0.000
0.000 0.000 0.000 0.000 0.000 0.000 0.000 0.000 0.000 0.001 0.000 0.001 0.001 0.001 0.002 0.000 0.000 0.003 0.074 0.134 0.044 0.000 0.101 0.002 0.010 0.044 0.012 0.093 0.093 0.063 0.006 0.005 0.004 0.007 0.011 0.014 0.015 0.015 0.016 0.018 0.024 0.039 0.065 0.098 0.098 0.130 0.141 0.152 0.163 0.174 0.185 0.196 0.205 0.214 0.222 0.230 0.211 0.178 0.146 0.115 0.115 0.057 0.037 0.023 0.013 0.000 0.000 0.000 0.000 0.000 0.000 0.000 0.000 0.000 0.000 0.000 0.000
0.000 0.000 0.000 0.000 0.000 0.000 0.000 0.000 0.000 0.083 0.001 0.001 0.000 0.001 0.004 0.000 0.015 0.033 0.022 0.094 0.000 0.001 0.050 0.006 0.000 0.030 0.010 0.043 0.043 0.000 0.004 0.005 0.005 0.007 0.011 0.014 0.017 0.021 0.029 0.045 0.071 0.105 0.119 0.130 0.129 0.151 0.162 0.173 0.183 0.194 0.205 0.216 0.224 0.233 0.241 0.249 0.257 0.229 0.196 0.164 0.165 0.102 0.073 0.048 0.029 0.014 0.000 0.000 0.000 0.000 0.000 0.000 0.000 0.000 0.000 0.002 0.000
0.000 0.000 0.000 0.000 0.000 0.000 0.000 0.000 0.012 0.001 0.000 0.008 0.010 0.086 0.066 0.176 0.001 0.024 0.000 0.000 0.014 0.000 0.009 0.026 0.000 0.026 0.000 0.008 0.007 0.004 0.004 0.005 0.005 0.008 0.013 0.020 0.031 0.051 0.079 0.110 0.120 0.131 0.142 0.152 0.151 0.173 0.183 0.194 0.204 0.215 0.226 0.236 0.244 0.253 0.261 0.269 0.277 0.280 0.247 0.215 0.215 0.151 0.121 0.090 0.062 0.038 0.019 0.000 0.000 0.000 0.000 0.000 0.000 0.000 0.000 0.000 0.000
0.000 0.000 0.000 0.000 0.000 0.062 0.000 0.000 0.000 0.000 0.002 0.035 0.035 0.000 0.000 0.003 0.053 0.083 0.000 0.084 0.001 0.056 0.025 0.038 0.048 0.021 0.000 0.012 0.007 0.007 0.005 0.005 0.005 0.012 0.032 0.056 0.087 0.112 0.123 0.133 0.144 0.154 0.164 0.174 0.173 0.195 0.205 0.215 0.226 0.236 0.247 0.257 0.265 0.273 0.281 0.289 0.298 0.306 0.300 0.267 0.267 0.203 0.171 0.140 0.109 0.079 0.052 0.026 0.000 0.000 0.000 0.000 0.000 0.000 0.000 0.000 0.000
0.000 0.000 0.000 0.000 0.000 0.000 0.000 0.000 0.026 0.003 0.000 0.074 0.074 0.023 0.062 0.122 0.142 0.063 0.000 0.084 0.010 0.000 0.000 0.000 0.021 0.017 0.013 0.004 0.002 0.005 0.006 0.006 0.009 0.044 0.096 0.115 0.126 0.136 0.146 0.157 0.167 0.177 0.187 0.197 0.195 0.217 0.227 0.237 0.248 0.258 0.268 0.278 0.286 0.294 0.302 0.310 0.318 0.327 0.335 0.320 0.320 0.255 0.223 0.191 0.159 0.127 0.096 0.017 0.000 0.000 0.000 0.000 0.000 0.000 0.000 0.000 0.000
0.000 0.000 0.000 0.000 0.002 0.006 0.002 0.005 0.000 0.006 0.064 0.094 0.094 0.034 0.000 0.069 0.039 0.005 0.000 0.000 0.008 0.004 0.000 0.000 0.011 0.014 0.013 0.014 0.005 0.006 0.009 0.023 0.082 0.114 0.130 0.140 0.150 0.160 0.170 0.180 0.189 0.199 0.209 0.219 0.218 0.239 0.249 0.259 0.269 0.280 0.290 0.299 0.307 0.315 0.323 0.331 0.340 0.348 0.356 0.365 0.364 0.308 0.276 0.243 0.211 0.179 0.147 0.013 0.002 0.000 0.000 0.000 0.000 0.000 0.000 0.000 0.000
0.000 0.004 0.000 0.001 0.000 0.000 0.002 0.007 0.046 0.036 0.045 0.134 0.134 0.064 0.000 0.165 0.094 0.083 0.025 0.041 0.045 0.034 0.017 0.015 0.019 0.023 0.023 0.038 0.023 0.029 0.068 0.105 0.118 0.130 0.147 0.164 0.174 0.184 0.193 0.203 0.212 0.222 0.232 0.242 0.240 0.261 0.271 0.281 0.291 0.302 0.312 0.320 0.328 0.336 0.344 0.353 0.361 0.369 0.378 0.386 0.386 0.362 0.329 0.297 0.265 0.233 0.150 0.010 0.002 0.001 0.001 0.069 0.000 0.000 0.000 0.000 0.001
0.000 0.001 0.000 0.000 0.000 0.000 0.000 0.006 0.046 0.036 0.045 0.134 0.134 0.063 0.000 0.165 0.094 0.083 0.022 0.041 0.045 0.029 0.011 0.009 0.009 0.016 0.017 0.026 0.014 0.023 0.066 0.105 0.117 0.128 0.145 0.162 0.171 0.180 0.190 0.199 0.208 0.218 0.227 0.237 0.235 0.256 0.266 0.276 0.286 0.297 0.307 0.315 0.323 0.331 0.339 0.347 0.356 0.364 0.372 0.381 0.381 0.357 0.325 0.293 0.261 0.229 0.146 0.012 0.002 0.002 0.001 0.069 0.000 0.000 0.000 0.000 0.000
0.000 0.006 0.000 0.000 0.000 0.002 0.001 0.005 0.000 0.106 0.035 0.084 0.083 0.141 0.057 0.000 0.104 0.000 0.026 0.000 0.005 0.017 0.014 0.012 0.015 0.000 0.000 0.055 0.052 0.094 0.107 0.119 0.130 0.142 0.158 0.175 0.191 0.202 0.211 0.220 0.229 0.239 0.248 0.258 0.256 0.277 0.287 0.297 0.307 0.317 0.327 0.335 0.343 0.351 0.359 0.367 0.375 0.384 0.392 0.401 0.400 0.408 0.376 0.343 0.311 0.279 0.126 0.008 0.001 0.001 0.000 0.000 0.000 0.001 0.000 0.858 0.858
0.000 0.002 0.002 0.002 0.046 0.000 0.046 0.026 0.086 0.166 0.126 0.000 0.000 0.000 0.045 0.000 0.000 0.001 0.012 0.004 0.005 0.012 0.012 0.012 0.014 0.013 0.034 0.099 0.097 0.109 0.121 0.132 0.143 0.155 0.171 0.187 0.204 0.220 0.232 0.241 0.250 0.259 0.269 0.278 0.277 0.298 0.307 0.317 0.327 0.338 0.347 0.355 0.363 0.371 0.379 0.387 0.395 0.403 0.412 0.420 0.419 0.437 0.427 0.395 0.362 0.330 0.107 0.006 0.000 0.000 0.000 0.000 0.000 0.000 0.000 0.000 0.000
0.007 0.073 0.008 0.000 0.066 0.066 0.176 0.106 0.126 0.096 0.000 0.000 0.000 0.000 0.039 0.024 0.014 0.009 0.012 0.009 0.008 0.014 0.026 0.073 0.084 0.094 0.104 0.130 0.128 0.139 0.150 0.161 0.172 0.184 0.201 0.217 0.233 0.250 0.266 0.283 0.298 0.308 0.317 0.326 0.324 0.345 0.355 0.365 0.375 0.385 0.393 0.401 0.409 0.417 0.425 0.433 0.441 0.450 0.458 0.466 0.465 0.483 0.491 0.500 0.472 0.296 0.072 0.002 0.000 0.000 0.000 0.000 0.000 0.000 0.000 0.000 0.000
0.000 0.000 0.011 0.040 0.000 0.022 0.176 0.000 0.000 0.165 0.000 0.000 0.000 0.006 0.007 0.019 0.017 0.012 0.013 0.012 0.018 0.061 0.077 0.088 0.099 0.109 0.120 0.144 0.142 0.153 0.164 0.175 0.185 0.198 0.214 0.230 0.247 0.263 0.280 0.297 0.314 0.330 0.340 0.349 0.347 0.368 0.378 0.387 0.397 0.407 0.415 0.423 0.431 0.439 0.447 0.455 0.463 0.471 0.479 0.487 0.486 0.504 0.512 0.521 0.508 0.345 0.181 0.032 0.003 0.000 0.000 0.000 0.001 0.000 0.000 0.000 0.000
0.006 0.092 0.000 0.119 0.015 0.018 0.000 0.000 0.098 0.012 0.007 0.007 0.002 0.005 0.008 0.015 0.017 0.015 0.019 0.048 0.069 0.081 0.092 0.102 0.113 0.123 0.134 0.158 0.156 0.167 0.177 0.188 0.198 0.212 0.228 0.244 0.260 0.277 0.293 0.310 0.327 0.344 0.361 0.372 0.370 0.390 0.400 0.410 0.420 0.429 0.437 0.444 0.452 0.460 0.468 0.476 0.484 0.492 0.500 0.508 0.507 0.524 0.543 0.562 0.568 0.524 0.360 0.197 0.043 0.004 0.000 0.000 0.000 0.001 0.000 0.000 0.000
0.023 0.042 0.016 0.089 0.000 0.074 0.074 0.073 0.002 0.009 0.007 0.011 0.004 0.005 0.007 0.013 0.018 0.037 0.061 0.072 0.083 0.094 0.105 0.116 0.126 0.137 0.147 0.171 0.169 0.180 0.190 0.200 0.211 0.225 0.241 0.257 0.273 0.290 0.306 0.323 0.340 0.357 0.374 0.392 0.390 0.413 0.423 0.432 0.442 0.451 0.458 0.466 0.474 0.482 0.489 0.497 0.505 0.513 0.521 0.540 0.539 0.577 0.596 0.614 0.613 0.591 0.543 0.379 0.216 0.059 0.005 0.001 0.000 0.000 0.001 0.000 0.000
0.023 0.122 0.000 0.042 0.023 0.054 0.053 0.020 0.016 0.014 0.010 0.015 0.006 0.006 0.008 0.020 0.053 0.070 0.077 0.084 0.095 0.106 0.117 0.128 0.139 0.149 0.160 0.184 0.181 0.192 0.202 0.213 0.223 0.238 0.254 0.270 0.286 0.303 0.319 0.336 0.353 0.370 0.388 0.405 0.403 0.436 0.445 0.455 0.465 0.472 0.480 0.488 0.495 0.503 0.511 0.519 0.537 0.556 0.574 0.593 0.592 0.630 0.649 0.668 0.658 0.637 0.616 0.563 0.400 0.237 0.078 0.007 0.001 0.000 0.000 0.000 0.000
0.111 0.010 0.090 0.110 0.030 0.005 0.000 0.021 0.000 0.010 0.009 0.018 0.009 0.011 0.036 0.056 0.073 0.091 0.098 0.102 0.106 0.117 0.129 0.140 0.150 0.161 0.172 0.196 0.194 0.204 0.215 0.225 0.235 0.251 0.267 0.283 0.299 0.316 0.332 0.349 0.366 0.383 0.401 0.418 0.416 0.452 0.468 0.477 0.487 0.494 0.502 0.509 0.517 0.535 0.554 0.572 0.590 0.609 0.628 0.647 0.646 0.685 0.704 0.723 0.705 0.684 0.662 0.641 0.585 0.421 0.259 0.098 0.009 0.001 0.000 0.000 0.000
0.031 0.000 0.000 0.000 0.015 0.015 0.000 0.021 0.000 0.007 0.008 0.030 0.023 0.046 0.061 0.077 0.095 0.113 0.118 0.122 0.126 0.130 0.139 0.151 0.162 0.173 0.183 0.208 0.205 0.216 0.227 0.237 0.248 0.263 0.279 0.296 0.312 0.329 0.345 0.362 0.379 0.396 0.413 0.431 0.429 0.465 0.483 0.500 0.509 0.516 0.534 0.552 0.570 0.589 0.607 0.626 0.645 0.664 0.682 0.701 0.701 0.740 0.759 0.773 0.752 0.731 0.710 0.688 0.667 0.606 0.443 0.280 0.119 0.012 0.002 0.000 0.001
0.140 0.000 0.000 0.000 0.011 0.013 0.009 0.017 0.011 0.010 0.014 0.055 0.052 0.066 0.082 0.099 0.116 0.134 0.138 0.142 0.146 0.150 0.154 0.161 0.172 0.184 0.195 0.219 0.217 0.228 0.238 0.249 0.260 0.276 0.292 0.308 0.325 0.341 0.358 0.375 0.392 0.409 0.426 0.444 0.442 0.478 0.496 0.521 0.551 0.569 0.588 0.606 0.625 0.643 0.662 0.681 0.700 0.719 0.738 0.757 0.756 0.795 0.814 0.820 0.799 0.778 0.757 0.736 0.715 0.693 0.629 0.465 0.302 0.141 0.018 0.003 0.004
