includes/lisflood/camargue/results_R4_t1.561741501247E12/res-0008.wd
ncols         906
nrows         631
xllcorner     362177.146667
yllcorner     6534725.688020
cellsize      20.000000
NODATA_value  -9999.000000
[rows 510 to 543 of 631, columns 0 to 76 of 906]
2.232 2.125 2.017 1.910 1.804 1.723 1.839 1.954 1.956 2.184 2.299 2.413 2.528 2.642 2.756 2.870 2.984 2.996 2.964 2.932 2.901 2.914 2.941 2.967 2.967 3.019 3.034 2.989 2.945 2.900 2.856 2.811 2.766 2.750 2.788 2.826 2.856 2.885 2.914 2.943 2.944 3.002 3.031 3.060 3.110 3.249 3.442 3.635 3.827 4.020 4.213 4.406 4.598 4.791 4.971 5.141 5.141 5.436 5.547 5.659 5.771 5.883 5.995 6.011 5.897 5.782 5.668 5.553 5.403 5.157 4.911 4.665 4.381 4.381 4.293 4.206 4.118
2.713 2.606 2.498 2.252 1.963 1.706 1.856 2.006 2.008 2.263 2.377 2.492 2.606 2.720 2.834 2.948 3.052 3.020 2.988 2.956 2.925 2.893 2.861 2.863 2.863 2.915 2.893 2.848 2.804 2.759 2.715 2.670 2.625 2.581 2.539 2.552 2.615 2.678 2.741 2.805 2.805 2.931 2.994 3.057 3.139 3.265 3.391 3.549 3.741 3.934 4.127 4.319 4.512 4.702 4.871 5.041 5.041 5.381 5.550 5.673 5.785 5.897 5.997 5.883 5.768 5.654 5.539 5.424 5.310 5.195 5.039 4.793 4.606 4.606 4.519 4.431 4.332
2.954 2.846 2.569 2.280 1.991 1.703 1.847 1.997 1.999 2.296 2.416 2.531 2.645 2.759 2.873 2.987 3.064 3.032 3.000 2.969 2.937 2.905 2.873 2.841 2.842 2.864 2.822 2.778 2.733 2.689 2.656 2.640 2.625 2.609 2.593 2.596 2.621 2.684 2.747 2.810 2.811 2.936 3.000 3.063 3.163 3.289 3.415 3.541 3.698 3.891 4.084 4.277 4.469 4.652 4.822 4.991 4.992 5.331 5.500 5.670 5.792 5.904 5.933 5.819 5.704 5.589 5.475 5.360 5.246 5.131 5.017 4.894 4.669 4.669 4.554 4.440 4.326
3.177 2.887 2.597 2.308 2.019 1.731 1.838 1.988 1.990 2.287 2.436 2.570 2.684 2.798 2.912 3.026 3.076 3.044 3.012 2.981 2.949 2.917 2.885 2.854 2.854 2.796 2.773 2.758 2.742 2.726 2.710 2.695 2.679 2.663 2.649 2.657 2.664 2.689 2.752 2.815 2.816 2.942 3.005 3.068 3.186 3.312 3.438 3.564 3.690 3.848 4.041 4.234 4.426 4.602 4.772 4.942 4.942 5.281 5.451 5.620 5.790 5.911 5.869 5.755 5.640 5.525 5.423 5.371 5.319 5.267 5.215 5.018 4.662 4.662 4.548 4.433 4.319
3.205 2.915 2.625 2.336 2.047 1.759 1.829 1.980 1.981 2.279 2.427 2.576 2.723 2.838 2.952 3.066 3.088 3.056 3.025 2.993 2.961 2.929 2.900 2.894 2.895 2.866 2.828 2.812 2.796 2.781 2.765 2.749 2.734 2.718 2.710 2.717 2.725 2.733 2.757 2.821 2.821 2.947 3.010 3.084 3.210 3.336 3.462 3.588 3.714 3.840 3.998 4.191 4.383 4.552 4.722 4.892 4.892 5.231 5.401 5.571 5.740 5.917 5.903 5.851 5.799 5.747 5.695 5.643 5.591 5.538 5.486 5.204 4.655 4.655 4.541 4.427 4.312
3.233 2.943 2.653 2.363 2.075 1.787 1.820 1.971 1.972 2.270 2.419 2.567 2.716 2.864 2.991 3.105 3.100 3.068 3.037 3.013 3.008 3.003 2.997 2.992 2.992 2.954 2.907 2.866 2.851 2.835 2.819 2.804 2.788 2.772 2.771 2.778 2.786 2.794 2.802 2.826 2.827 2.953 3.016 3.108 3.234 3.360 3.486 3.612 3.738 3.864 3.989 4.148 4.333 4.503 4.672 4.842 4.842 5.199 5.383 5.566 5.749 5.938 6.143 6.123 6.071 6.019 5.966 5.914 5.862 5.810 5.695 5.390 4.780 4.780 4.534 4.420 4.306
3.261 2.971 2.681 2.392 2.103 1.815 1.811 1.962 1.963 2.261 2.410 2.559 2.707 2.856 3.004 3.144 3.127 3.121 3.116 3.111 3.105 3.100 3.094 3.089 3.089 3.043 2.995 2.947 2.905 2.889 2.874 2.858 2.842 2.827 2.831 2.839 2.847 2.855 2.862 2.870 2.871 2.958 3.021 3.131 3.257 3.383 3.509 3.635 3.761 3.887 4.013 4.138 4.298 4.482 4.665 4.848 4.848 5.215 5.398 5.581 5.764 5.960 6.165 6.370 6.342 6.290 6.238 6.186 6.134 6.082 5.881 5.576 4.967 4.967 4.662 4.414 4.299
3.289 2.999 2.709 2.419 2.131 1.843 1.802 1.953 1.955 2.252 2.401 2.550 2.698 2.847 2.995 3.140 3.216 3.219 3.213 3.208 3.202 3.197 3.192 3.186 3.186 3.132 3.084 3.036 2.988 2.944 2.928 2.913 2.897 2.885 2.892 2.900 2.908 2.915 2.923 2.931 2.931 2.963 3.029 3.155 3.281 3.407 3.533 3.651 3.766 3.881 3.996 4.112 4.304 4.497 4.680 4.863 4.864 5.230 5.413 5.596 5.779 5.982 6.187 6.391 6.596 6.562 6.510 6.458 6.405 6.353 6.067 5.763 5.153 5.153 4.848 4.543 4.292
3.317 3.027 2.737 2.447 2.159 1.871 1.793 1.944 1.946 2.243 2.392 2.541 2.690 2.838 2.987 3.131 3.206 3.282 3.311 3.305 3.300 3.294 3.289 3.283 3.283 3.221 3.173 3.125 3.077 3.029 2.983 2.967 2.951 2.945 2.953 2.961 2.968 2.976 2.984 2.992 2.992 3.007 3.048 3.163 3.279 3.394 3.509 3.625 3.740 3.855 3.970 4.101 4.302 4.502 4.695 4.878 4.879 5.245 5.428 5.611 5.799 6.004 6.208 6.413 6.618 6.823 6.781 6.729 6.677 6.559 6.254 5.949 5.339 5.339 5.034 4.729 4.424
3.329 3.055 2.765 2.476 2.187 1.898 1.784 1.935 1.937 2.235 2.384 2.532 2.681 2.830 2.978 3.121 3.196 3.272 3.348 3.402 3.397 3.391 3.386 3.381 3.381 3.309 3.261 3.213 3.165 3.117 3.069 3.021 3.006 3.006 3.014 3.022 3.029 3.034 3.031 3.028 3.029 3.023 3.060 3.137 3.252 3.368 3.483 3.598 3.714 3.829 3.944 4.099 4.299 4.500 4.700 4.894 4.894 5.260 5.443 5.626 5.821 6.025 6.230 6.435 6.640 6.845 7.049 7.001 6.949 6.745 6.440 6.135 5.525 5.525 5.220 4.915 4.610
3.186 2.960 2.735 2.504 2.215 1.926 1.776 1.926 1.928 2.226 2.375 2.524 2.673 2.821 2.970 3.111 3.187 3.262 3.338 3.413 3.489 3.489 3.483 3.478 3.478 3.398 3.350 3.302 3.254 3.206 3.158 3.110 3.061 3.055 3.052 3.049 3.046 3.043 3.040 3.038 3.038 3.032 3.088 3.149 3.226 3.341 3.457 3.572 3.688 3.803 3.918 4.096 4.297 4.497 4.698 4.898 4.898 5.275 5.458 5.642 5.842 6.047 6.252 6.457 6.661 6.866 7.071 7.272 7.220 6.931 6.626 6.321 5.711 5.711 5.406 5.120 4.858
3.043 2.817 2.592 2.367 2.142 1.918 1.767 1.917 1.919 2.217 2.366 2.515 2.664 2.812 2.961 3.101 3.177 3.252 3.328 3.404 3.479 3.554 3.581 3.575 3.575 3.487 3.439 3.391 3.340 3.277 3.214 3.151 3.097 3.065 3.062 3.059 3.056 3.053 3.050 3.047 3.047 3.055 3.116 3.177 3.238 3.315 3.431 3.546 3.661 3.777 3.893 4.094 4.294 4.495 4.695 4.896 4.896 5.290 5.474 5.659 5.864 6.069 6.274 6.478 6.683 6.888 7.093 7.296 7.495 7.233 6.971 6.709 6.185 6.185 5.923 5.661 5.399
2.901 2.675 2.449 2.224 1.999 1.824 1.761 1.910 1.912 2.209 2.358 2.507 2.655 2.804 2.952 3.091 3.167 3.243 3.318 3.394 3.469 3.544 3.620 3.672 3.672 3.556 3.493 3.430 3.367 3.304 3.241 3.178 3.133 3.101 3.071 3.068 3.065 3.062 3.059 3.056 3.057 3.083 3.144 3.205 3.266 3.327 3.404 3.520 3.635 3.751 3.890 4.091 4.292 4.492 4.692 4.893 4.893 5.294 5.489 5.681 5.886 6.090 6.293 6.486 6.679 6.872 7.065 7.257 7.572 7.774 7.512 7.250 6.726 6.726 6.464 6.202 5.940
2.758 2.532 2.307 2.081 1.936 1.852 1.769 1.905 1.907 2.201 2.349 2.498 2.647 2.795 2.944 3.081 3.157 3.233 3.308 3.384 3.459 3.535 3.652 3.736 3.736 3.583 3.520 3.457 3.394 3.331 3.268 3.205 3.170 3.138 3.106 3.077 3.074 3.071 3.068 3.065 3.066 3.111 3.172 3.233 3.294 3.355 3.416 3.494 3.609 3.725 3.888 4.088 4.289 4.489 4.690 4.890 4.891 5.291 5.457 5.676 5.869 6.062 6.255 6.447 6.640 6.833 7.026 7.219 7.602 7.986 8.054 7.792 7.267 7.267 7.005 6.743 6.481
2.758 2.532 2.307 2.082 1.936 1.852 1.769 1.905 1.907 2.201 2.349 2.498 2.647 2.795 2.944 3.081 3.157 3.233 3.308 3.384 3.459 3.535 3.652 3.736 3.736 3.583 3.520 3.457 3.394 3.331 3.268 3.205 3.169 3.138 3.106 3.077 3.074 3.071 3.068 3.065 3.066 3.111 3.172 3.233 3.294 3.355 3.416 3.494 3.609 3.725 3.888 4.089 4.289 4.490 4.690 4.891 4.891 5.292 5.457 5.676 5.869 6.062 6.255 6.448 6.641 6.833 7.026 7.219 7.602 7.987 8.054 7.792 7.268 7.268 7.006 6.744 6.481
2.615 2.389 2.164 2.049 1.965 1.881 1.797 1.900 1.903 2.196 2.344 2.490 2.638 2.787 2.935 3.072 3.147 3.223 3.298 3.381 3.504 3.626 3.749 3.797 3.797 3.610 3.547 3.484 3.421 3.358 3.295 3.238 3.206 3.174 3.142 3.111 3.083 3.080 3.077 3.074 3.075 3.139 3.200 3.261 3.322 3.384 3.445 3.506 3.583 3.698 3.885 4.086 4.286 4.487 4.658 4.816 4.816 5.131 5.289 5.565 5.831 6.023 6.216 6.409 6.602 6.795 6.987 7.247 7.632 8.016 8.401 8.333 7.809 7.809 7.547 7.285 6.880
2.472 2.247 2.162 2.078 1.993 1.909 1.826 1.896 1.898 2.192 2.339 2.486 2.632 2.779 2.927 3.062 3.137 3.233 3.355 3.478 3.600 3.723 3.845 3.859 3.859 3.664 3.574 3.511 3.448 3.385 3.322 3.274 3.242 3.210 3.179 3.147 3.116 3.089 3.086 3.083 3.084 3.167 3.228 3.289 3.351 3.412 3.473 3.534 3.595 3.681 3.858 4.016 4.174 4.332 4.490 4.648 4.648 4.963 5.139 5.426 5.714 5.985 6.177 6.370 6.563 6.756 6.949 7.277 7.661 8.046 8.430 8.815 8.350 8.350 8.088 7.826 7.188
2.390 2.305 2.220 2.135 2.051 1.967 1.883 1.887 1.889 2.183 2.330 2.477 2.624 2.770 2.897 3.024 3.223 3.421 3.548 3.670 3.793 3.915 4.038 3.981 3.981 3.787 3.690 3.593 3.502 3.439 3.379 3.347 3.315 3.283 3.252 3.220 3.188 3.157 3.126 3.102 3.103 3.198 3.234 3.270 3.307 3.343 3.379 3.415 3.451 3.515 3.598 3.681 3.837 3.995 4.153 4.311 4.312 4.627 4.862 5.149 5.437 5.724 6.011 6.293 6.485 6.678 6.952 7.336 7.721 8.105 8.489 8.874 9.432 9.432 9.108 8.456 7.804
2.419 2.333 2.249 2.164 2.079 1.995 1.912 1.882 1.885 2.179 2.326 2.473 2.612 2.738 2.864 2.989 3.177 3.376 3.575 3.767 3.889 4.012 4.134 4.043 4.043 3.849 3.752 3.655 3.558 3.466 3.415 3.383 3.352 3.320 3.282 3.239 3.197 3.155 3.112 3.075 3.076 3.107 3.143 3.179 3.215 3.251 3.287 3.323 3.359 3.435 3.518 3.601 3.684 3.827 3.985 4.143 4.143 4.459 4.723 5.011 5.298 5.585 5.873 6.160 6.447 6.640 6.981 7.366 7.750 8.135 8.519 8.903 9.654 9.654 9.438 8.764 8.112
2.391 2.340 2.277 2.192 2.108 2.024 1.940 1.878 1.880 2.174 2.321 2.452 2.578 2.704 2.830 2.956 3.132 3.331 3.530 3.728 3.927 4.108 4.201 4.104 4.104 3.910 3.813 3.713 3.612 3.512 3.412 3.369 3.327 3.284 3.242 3.199 3.157 3.115 3.072 3.041 3.042 3.015 3.051 3.087 3.124 3.160 3.196 3.232 3.271 3.354 3.437 3.521 3.604 3.687 3.817 3.975 3.975 4.297 4.585 4.872 5.159 5.447 5.734 6.022 6.309 6.603 6.973 7.340 7.706 8.073 8.440 8.806 9.596 9.596 9.990 9.313 8.636
2.327 2.277 2.226 2.176 2.126 2.052 1.969 1.885 1.888 2.165 2.292 2.418 2.544 2.670 2.796 2.922 3.087 3.286 3.485 3.683 3.882 4.080 4.242 4.149 4.149 3.948 3.848 3.748 3.647 3.540 3.417 3.329 3.287 3.244 3.202 3.159 3.117 3.075 3.035 3.006 3.007 2.950 2.960 2.996 3.032 3.068 3.104 3.140 3.191 3.274 3.357 3.440 3.523 3.606 3.689 3.807 3.807 4.158 4.446 4.733 5.021 5.308 5.576 5.834 6.092 6.402 6.852 7.224 7.591 7.958 8.324 8.691 9.579 9.579 10.114 9.864 9.187
2.264 2.213 2.163 2.113 2.063 2.013 1.964 1.914 1.916 2.131 2.258 2.384 2.511 2.637 2.762 2.888 3.042 3.241 3.440 3.638 3.837 3.995 4.141 4.185 4.185 3.984 3.883 3.783 3.682 3.564 3.440 3.316 3.247 3.204 3.161 3.119 3.077 3.034 3.001 2.972 2.973 2.915 2.887 2.904 2.941 2.977 3.013 3.049 3.111 3.194 3.277 3.360 3.443 3.526 3.609 3.692 3.693 4.020 4.307 4.570 4.828 5.086 5.344 5.602 5.860 6.201 6.651 7.102 7.476 7.842 8.209 8.575 9.561 9.561 10.097 10.415 9.738
2.200 2.149 2.099 2.049 1.999 1.950 1.899 1.838 1.840 2.085 2.224 2.351 2.477 2.603 2.729 2.854 2.997 3.196 3.394 3.593 3.748 3.894 4.041 4.188 4.188 4.019 3.918 3.818 3.712 3.588 3.464 3.340 3.216 3.164 3.121 3.079 3.037 2.995 2.966 2.938 2.938 2.881 2.853 2.824 2.849 2.885 2.921 2.957 3.030 3.114 3.197 3.280 3.363 3.446 3.529 3.612 3.613 3.823 4.080 4.338 4.596 4.854 5.113 5.371 5.629 6.000 6.451 6.901 7.351 7.727 8.093 8.472 9.543 9.543 10.079 10.615 10.290
2.137 2.086 2.036 1.985 1.936 1.879 1.817 1.755 1.758 1.983 2.138 2.293 2.443 2.569 2.695 2.820 2.952 3.151 3.349 3.500 3.647 3.794 3.940 4.087 4.087 4.054 3.953 3.853 3.735 3.611 3.487 3.363 3.240 3.124 3.081 3.039 2.997 2.960 2.932 2.903 2.904 2.846 2.818 2.790 2.761 2.794 2.830 2.867 2.950 3.034 3.117 3.200 3.283 3.364 3.439 3.514 3.514 3.726 3.892 4.106 4.364 4.623 4.881 5.139 5.397 5.799 6.250 6.700 7.150 7.601 7.978 8.454 9.526 9.527 10.062 10.598 10.841
2.073 2.022 1.972 1.922 1.860 1.797 1.735 1.673 1.676 1.881 2.036 2.190 2.345 2.499 2.652 2.787 2.912 3.106 3.253 3.400 3.547 3.693 3.840 3.987 3.986 4.089 3.989 3.883 3.759 3.635 3.511 3.387 3.263 3.139 3.041 2.999 2.956 2.925 2.897 2.869 2.869 2.812 2.784 2.755 2.727 2.702 2.738 2.787 2.870 2.953 3.036 3.114 3.189 3.264 3.339 3.413 3.414 3.628 3.794 3.961 4.133 4.391 4.649 4.907 5.165 5.598 6.049 6.499 6.949 7.400 7.797 8.437 9.509 9.509 10.045 10.581 11.116
2.242 1.959 1.903 1.840 1.777 1.715 1.653 1.591 1.594 1.779 1.934 2.088 2.242 2.396 2.550 2.704 2.870 3.032 3.153 3.299 3.446 3.593 3.739 3.886 3.886 4.124 4.024 3.906 3.782 3.658 3.534 3.411 3.287 3.163 3.039 2.959 2.920 2.891 2.863 2.834 2.835 2.777 2.749 2.721 2.693 2.664 2.647 2.706 2.788 2.863 2.938 3.013 3.088 3.163 3.238 3.313 3.313 3.531 3.697 3.863 4.029 4.195 4.417 4.675 4.947 5.397 5.848 6.298 6.652 6.988 7.324 7.941 9.222 9.222 9.862 10.503 11.099
2.380 1.884 1.821 1.758 1.695 1.633 1.570 1.509 1.512 1.676 1.831 1.986 2.140 2.294 2.448 2.642 2.981 3.234 3.326 3.419 3.511 3.603 3.695 3.788 3.788 4.079 4.054 3.930 3.806 3.682 3.558 3.434 3.310 3.186 3.063 2.939 2.885 2.857 2.829 2.801 2.801 2.745 2.718 2.690 2.662 2.635 2.607 2.616 2.688 2.763 2.838 2.913 2.988 3.063 3.138 3.212 3.213 3.434 3.600 3.766 3.932 4.098 4.264 4.443 4.746 5.189 5.525 5.861 6.197 6.533 6.869 7.444 8.725 8.725 9.365 10.006 10.642
2.400 2.081 1.776 1.675 1.612 1.550 1.488 1.427 1.429 1.574 1.729 1.884 2.038 2.192 2.413 2.753 3.092 3.430 3.528 3.621 3.713 3.805 3.897 3.990 3.990 4.174 4.110 3.988 3.867 3.745 3.623 3.501 3.380 3.258 3.136 3.013 2.865 2.836 2.808 2.780 2.781 2.725 2.697 2.669 2.642 2.614 2.567 2.550 2.607 2.665 2.737 2.812 2.887 2.962 3.037 3.112 3.112 3.336 3.503 3.669 3.835 4.001 4.167 4.322 4.457 4.733 5.069 5.405 5.741 6.077 6.413 6.947 8.228 8.228 8.869 9.490 10.057
2.611 2.306 2.001 1.697 1.530 1.468 1.406 1.344 1.347 1.471 1.627 1.782 1.936 2.185 2.524 2.863 3.202 3.541 3.731 3.823 3.915 4.007 4.100 4.192 4.192 4.262 4.175 4.070 3.948 3.827 3.705 3.583 3.461 3.340 3.218 3.084 2.935 2.815 2.787 2.760 2.760 2.704 2.677 2.649 2.621 2.579 2.525 2.485 2.542 2.599 2.656 2.713 2.787 2.862 2.937 3.011 3.012 3.239 3.405 3.571 3.737 3.898 3.996 4.093 4.222 4.443 4.663 4.950 5.286 5.622 5.958 6.451 7.731 7.731 8.338 8.904 9.470
2.837 2.531 2.226 1.921 1.617 1.385 1.323 1.262 1.265 1.369 1.525 1.680 1.956 2.296 2.635 2.974 3.313 3.652 3.933 4.025 4.117 4.209 4.302 4.394 4.394 4.324 4.236 4.149 4.030 3.909 3.787 3.665 3.543 3.422 3.300 3.154 3.006 2.858 2.767 2.739 2.740 2.684 2.656 2.628 2.591 2.537 2.484 2.431 2.477 2.534 2.591 2.648 2.705 2.762 2.836 2.911 2.912 3.142 3.308 3.474 3.572 3.669 3.767 3.865 3.988 4.209 4.429 4.650 4.870 5.166 5.502 5.954 7.185 7.185 7.752 8.318 8.884
2.837 2.531 2.226 1.921 1.617 1.384 1.322 1.261 1.264 1.369 1.525 1.680 1.956 2.296 2.635 2.974 3.313 3.651 3.933 4.025 4.117 4.209 4.302 4.394 4.394 4.324 4.236 4.149 4.030 3.908 3.787 3.665 3.543 3.421 3.300 3.154 3.005 2.857 2.766 2.739 2.740 2.683 2.656 2.628 2.591 2.537 2.484 2.430 2.477 2.534 2.591 2.648 2.705 2.762 2.836 2.911 2.912 3.142 3.308 3.474 3.572 3.670 3.767 3.865 3.988 4.209 4.429 4.650 4.870 5.167 5.503 5.954 7.186 7.186 7.752 8.318 8.884
3.062 2.757 2.451 2.146 1.842 1.537 1.239 1.178 1.182 1.266 1.423 1.727 2.067 2.406 2.745 3.084 3.423 3.762 4.101 4.227 4.319 4.411 4.504 4.560 4.560 4.385 4.298 4.210 4.112 3.990 3.868 3.747 3.625 3.503 3.373 3.224 3.076 2.928 2.780 2.718 2.719 2.663 2.635 2.603 2.549 2.496 2.442 2.389 2.412 2.469 2.526 2.583 2.640 2.697 2.754 2.811 2.811 3.044 3.148 3.246 3.343 3.441 3.538 3.636 3.754 3.975 4.195 4.416 4.636 4.856 5.077 5.457 6.600 6.600 7.166 7.732 8.298
3.287 2.982 2.677 2.372 2.067 1.762 1.459 1.157 1.161 1.164 1.497 1.838 2.178 2.517 2.856 3.195 3.534 3.872 4.211 4.429 4.521 4.613 4.706 4.622 4.622 4.447 4.359 4.271 4.184 4.072 3.950 3.829 3.707 3.585 3.443 3.295 3.146 2.998 2.850 2.702 2.703 2.642 2.615 2.561 2.508 2.454 2.401 2.348 2.346 2.404 2.461 2.518 2.575 2.632 2.689 2.746 2.746 2.823 2.919 3.017 3.114 3.212 3.310 3.407 3.520 3.740 3.961 4.181 4.402 4.622 4.823 5.038 6.014 6.014 6.580 7.146 7.712
3.692 3.335 2.978 2.621 2.264 1.908 1.553 1.200 1.203 1.014 1.423 1.830 2.236 2.641 3.047 3.416 3.755 4.094 4.432 4.771 4.926 4.920 4.832 4.745 4.744 4.569 4.482 4.394 4.307 4.219 4.114 3.992 3.871 3.732 3.584 3.436 3.287 3.139 2.991 2.843 2.844 2.585 2.532 2.478 2.425 2.372 2.318 2.265 2.216 2.273 2.330 2.388 2.445 2.488 2.514 2.541 2.542 2.603 2.643 2.684 2.724 2.764 2.852 2.950 3.051 3.272 3.492 3.679 3.850 4.022 4.193 4.365 5.291 5.292 5.757 6.223 6.688
