includes/lisflood/camargue/results_R4_t1.561741501247E12/res-0014.wd
ncols         906
nrows         631
xllcorner     362177.146667
yllcorner     6534725.688020
cellsize      20.000000
NODATA_value  -9999.000000
[rows 544 to 577 of 631, columns 385 to 461 of 906]
2.023 2.012 2.010 2.008 2.006 2.005 2.003 2.001 1.999 1.995 1.995 2.006 2.024 2.041 2.059 2.055 2.052 2.048 2.044 2.041 2.037 2.034 2.030 2.027 2.023 2.016 2.016 2.002 1.995 1.988 1.981 1.974 1.968 1.961 1.955 1.948 1.941 1.935 1.928 1.920 1.910 1.900 1.900 1.881 1.871 1.861 1.852 1.842 1.833 1.832 1.831 1.830 1.830 1.829 1.828 1.828 1.824 1.807 1.807 1.773 1.756 1.739 1.722 1.714 1.720 1.726 1.732 1.737 1.743 1.749 1.755 1.789 1.830 1.870 1.870 1.950 1.979
2.078 2.066 2.054 2.042 2.029 2.024 2.022 2.020 2.018 2.015 2.015 2.020 2.038 2.055 2.053 2.049 2.046 2.042 2.038 2.035 2.031 2.028 2.024 2.021 2.017 2.011 2.011 1.997 1.990 1.983 1.977 1.970 1.963 1.957 1.950 1.943 1.937 1.930 1.924 1.917 1.907 1.897 1.898 1.878 1.869 1.859 1.849 1.839 1.834 1.833 1.833 1.832 1.831 1.831 1.830 1.829 1.829 1.821 1.821 1.787 1.771 1.754 1.737 1.739 1.745 1.751 1.757 1.763 1.769 1.775 1.781 1.796 1.837 1.877 1.878 1.945 1.974
2.133 2.121 2.109 2.097 2.085 2.072 2.060 2.048 2.038 2.034 2.034 2.034 2.052 2.050 2.047 2.043 2.039 2.036 2.032 2.029 2.025 2.022 2.018 2.015 2.011 2.006 2.007 1.993 1.986 1.979 1.972 1.965 1.959 1.952 1.946 1.939 1.932 1.926 1.919 1.913 1.905 1.895 1.895 1.876 1.866 1.856 1.846 1.837 1.835 1.835 1.834 1.833 1.833 1.832 1.831 1.831 1.830 1.829 1.829 1.802 1.785 1.768 1.759 1.765 1.771 1.777 1.783 1.789 1.795 1.801 1.807 1.812 1.844 1.882 1.882 1.939 1.968
2.189 2.176 2.164 2.152 2.140 2.128 2.116 2.104 2.091 2.067 2.067 2.055 2.048 2.044 2.041 2.037 2.034 2.030 2.026 2.023 2.019 2.016 2.012 2.009 2.005 2.001 2.001 1.988 1.981 1.974 1.967 1.961 1.954 1.948 1.941 1.934 1.928 1.921 1.915 1.908 1.902 1.892 1.892 1.873 1.863 1.854 1.844 1.837 1.837 1.836 1.835 1.835 1.834 1.833 1.833 1.832 1.831 1.831 1.831 1.816 1.799 1.782 1.785 1.791 1.797 1.803 1.809 1.815 1.820 1.826 1.832 1.838 1.848 1.877 1.877 1.934 1.963
2.244 2.232 2.220 2.208 2.195 2.183 2.171 2.159 2.147 2.122 2.123 2.094 2.073 2.061 2.049 2.037 2.028 2.024 2.021 2.017 2.013 2.010 2.006 2.003 1.999 1.995 1.995 1.983 1.976 1.970 1.963 1.956 1.950 1.943 1.937 1.930 1.923 1.917 1.910 1.904 1.897 1.890 1.890 1.870 1.861 1.851 1.841 1.839 1.838 1.838 1.837 1.836 1.835 1.835 1.834 1.833 1.833 1.832 1.832 1.831 1.814 1.805 1.810 1.816 1.822 1.828 1.834 1.839 1.842 1.845 1.848 1.851 1.860 1.880 1.880 1.929 1.957
2.299 2.287 2.275 2.263 2.251 2.239 2.226 2.214 2.202 2.162 2.162 2.131 2.104 2.092 2.080 2.068 2.056 2.045 2.033 2.021 2.009 2.004 2.000 1.997 1.993 1.989 1.989 1.978 1.972 1.965 1.958 1.952 1.945 1.939 1.932 1.926 1.919 1.912 1.906 1.899 1.893 1.886 1.886 1.868 1.858 1.848 1.841 1.840 1.840 1.839 1.838 1.838 1.837 1.836 1.836 1.835 1.834 1.834 1.834 1.832 1.828 1.830 1.835 1.838 1.841 1.844 1.847 1.850 1.854 1.857 1.860 1.863 1.874 1.894 1.893 1.932 1.952
2.355 2.342 2.330 2.318 2.306 2.294 2.282 2.270 2.258 2.199 2.199 2.168 2.137 2.123 2.111 2.099 2.087 2.076 2.064 2.052 2.040 2.028 2.016 2.004 1.992 1.983 1.983 1.974 1.967 1.961 1.954 1.947 1.941 1.934 1.928 1.921 1.915 1.908 1.901 1.895 1.888 1.882 1.882 1.865 1.855 1.846 1.843 1.842 1.841 1.840 1.840 1.839 1.838 1.838 1.837 1.836 1.836 1.835 1.835 1.841 1.844 1.843 1.846 1.849 1.853 1.856 1.859 1.862 1.865 1.868 1.871 1.874 1.888 1.907 1.907 1.946 1.965
2.410 2.398 2.386 2.374 2.361 2.349 2.337 2.325 2.297 2.235 2.235 2.205 2.174 2.154 2.142 2.130 2.118 2.106 2.095 2.083 2.071 2.059 2.047 2.035 2.023 2.011 2.011 1.982 1.971 1.960 1.950 1.943 1.936 1.930 1.923 1.917 1.910 1.904 1.897 1.890 1.884 1.877 1.877 1.862 1.853 1.845 1.844 1.843 1.843 1.842 1.841 1.840 1.840 1.839 1.842 1.845 1.849 1.852 1.852 1.859 1.860 1.859 1.858 1.861 1.864 1.867 1.870 1.873 1.877 1.880 1.883 1.886 1.902 1.921 1.921 1.960 1.979
2.465 2.453 2.441 2.429 2.417 2.405 2.392 2.364 2.334 2.272 2.272 2.242 2.211 2.185 2.173 2.161 2.149 2.138 2.126 2.114 2.102 2.090 2.078 2.066 2.054 2.042 2.042 2.002 1.991 1.980 1.970 1.959 1.948 1.937 1.927 1.916 1.906 1.899 1.893 1.886 1.880 1.873 1.873 1.860 1.850 1.846 1.845 1.845 1.844 1.843 1.846 1.850 1.853 1.856 1.860 1.863 1.866 1.870 1.870 1.876 1.877 1.876 1.875 1.873 1.876 1.879 1.882 1.885 1.888 1.891 1.894 1.897 1.915 1.935 1.935 1.973 1.993
2.520 2.508 2.496 2.484 2.472 2.460 2.432 2.401 2.370 2.309 2.309 2.278 2.248 2.217 2.204 2.192 2.180 2.168 2.157 2.145 2.133 2.121 2.109 2.097 2.085 2.065 2.065 2.025 2.012 2.001 1.990 1.979 1.969 1.958 1.947 1.936 1.926 1.915 1.904 1.893 1.883 1.872 1.872 1.855 1.848 1.848 1.851 1.854 1.857 1.861 1.864 1.867 1.871 1.874 1.877 1.880 1.884 1.887 1.887 1.894 1.894 1.892 1.891 1.890 1.889 1.890 1.893 1.896 1.900 1.903 1.906 1.910 1.929 1.949 1.949 1.987 2.007
2.576 2.564 2.552 2.539 2.527 2.499 2.468 2.438 2.407 2.346 2.346 2.315 2.284 2.254 2.235 2.223 2.211 2.199 2.188 2.176 2.164 2.152 2.140 2.128 2.109 2.089 2.089 2.049 2.032 2.022 2.011 2.000 1.989 1.978 1.968 1.957 1.946 1.936 1.925 1.914 1.903 1.892 1.893 1.871 1.875 1.865 1.868 1.872 1.875 1.878 1.882 1.885 1.888 1.891 1.895 1.898 1.901 1.905 1.905 1.911 1.910 1.909 1.908 1.906 1.905 1.904 1.905 1.908 1.911 1.914 1.917 1.924 1.943 1.962 1.962 2.001 2.020
2.631 2.619 2.607 2.595 2.566 2.536 2.505 2.475 2.444 2.382 2.383 2.352 2.321 2.291 2.266 2.254 2.242 2.230 2.219 2.207 2.195 2.183 2.171 2.152 2.132 2.112 2.113 2.072 2.053 2.042 2.031 2.020 2.010 1.999 1.988 1.977 1.967 1.956 1.945 1.934 1.924 1.913 1.913 1.913 1.920 1.904 1.888 1.889 1.893 1.896 1.899 1.902 1.906 1.909 1.912 1.916 1.919 1.922 1.922 1.928 1.927 1.926 1.924 1.923 1.922 1.921 1.919 1.919 1.923 1.926 1.929 1.937 1.957 1.976 1.976 2.015 2.034
2.631 2.619 2.607 2.595 2.567 2.536 2.505 2.475 2.444 2.383 2.383 2.352 2.321 2.291 2.266 2.254 2.243 2.231 2.219 2.207 2.195 2.183 2.171 2.152 2.133 2.113 2.113 2.073 2.053 2.042 2.031 2.021 2.010 1.999 1.988 1.978 1.967 1.956 1.945 1.935 1.924 1.913 1.913 1.913 1.920 1.904 1.888 1.889 1.893 1.896 1.899 1.903 1.906 1.909 1.913 1.916 1.919 1.922 1.922 1.928 1.927 1.926 1.925 1.923 1.922 1.921 1.920 1.920 1.923 1.926 1.929 1.938 1.957 1.976 1.976 2.015 2.035
2.687 2.674 2.662 2.634 2.603 2.573 2.542 2.511 2.481 2.419 2.420 2.389 2.358 2.328 2.297 2.285 2.273 2.262 2.250 2.238 2.226 2.214 2.196 2.176 2.156 2.136 2.136 2.096 2.076 2.063 2.052 2.041 2.030 2.020 2.009 1.998 1.987 1.977 1.966 1.955 1.944 1.936 1.937 1.956 1.965 1.949 1.933 1.917 1.910 1.914 1.917 1.920 1.923 1.927 1.930 1.933 1.937 1.940 1.940 1.945 1.944 1.942 1.941 1.940 1.939 1.937 1.936 1.935 1.934 1.937 1.940 1.951 1.971 1.990 1.990 2.034 2.060
2.742 2.730 2.701 2.671 2.640 2.609 2.579 2.548 2.518 2.456 2.456 2.426 2.395 2.364 2.334 2.316 2.304 2.293 2.281 2.269 2.257 2.239 2.220 2.200 2.180 2.160 2.160 2.120 2.100 2.083 2.072 2.061 2.051 2.040 2.029 2.019 2.008 1.997 1.986 1.976 1.969 1.979 1.979 1.999 2.008 1.993 1.978 1.962 1.946 1.931 1.934 1.938 1.941 1.944 1.948 1.951 1.954 1.958 1.958 1.962 1.960 1.959 1.958 1.957 1.955 1.954 1.953 1.951 1.950 1.949 1.952 1.965 1.985 2.009 2.009 2.060 2.085
2.799 2.810 2.778 2.746 2.714 2.683 2.652 2.622 2.591 2.530 2.530 2.499 2.468 2.438 2.407 2.378 2.366 2.354 2.342 2.326 2.306 2.286 2.266 2.247 2.226 2.207 2.207 2.167 2.147 2.127 2.113 2.102 2.091 2.081 2.070 2.059 2.048 2.038 2.035 2.044 2.054 2.064 2.064 2.083 2.093 2.082 2.067 2.051 2.035 2.019 2.004 1.988 1.976 1.979 1.983 1.986 1.989 1.993 1.993 1.995 1.994 1.992 1.991 1.990 1.988 1.987 1.986 1.985 1.988 1.997 2.007 2.019 2.034 2.060 2.060 2.111 2.136
2.820 2.853 2.821 2.789 2.757 2.725 2.692 2.660 2.628 2.566 2.566 2.536 2.505 2.474 2.444 2.413 2.397 2.385 2.370 2.350 2.330 2.310 2.290 2.270 2.250 2.230 2.230 2.190 2.170 2.150 2.133 2.123 2.112 2.101 2.090 2.080 2.069 2.067 2.077 2.087 2.097 2.107 2.107 2.126 2.136 2.127 2.111 2.095 2.080 2.064 2.048 2.032 2.017 2.001 2.000 2.004 2.007 2.010 2.010 2.011 2.010 2.009 2.008 2.006 2.005 2.004 2.014 2.024 2.034 2.044 2.054 2.065 2.077 2.088 2.088 2.136 2.162
2.841 2.895 2.863 2.831 2.799 2.767 2.735 2.703 2.671 2.606 2.607 2.574 2.542 2.511 2.481 2.450 2.428 2.413 2.393 2.373 2.353 2.334 2.314 2.294 2.274 2.254 2.254 2.214 2.194 2.174 2.154 2.143 2.132 2.121 2.111 2.100 2.100 2.110 2.120 2.130 2.139 2.149 2.149 2.169 2.178 2.172 2.156 2.140 2.124 2.109 2.093 2.077 2.061 2.046 2.030 2.021 2.025 2.028 2.028 2.028 2.027 2.026 2.024 2.031 2.041 2.051 2.061 2.071 2.081 2.090 2.101 2.112 2.123 2.135 2.135 2.162 2.187
2.862 2.921 2.906 2.874 2.842 2.809 2.777 2.745 2.713 2.649 2.649 2.617 2.585 2.553 2.521 2.488 2.460 2.437 2.417 2.397 2.377 2.357 2.337 2.317 2.297 2.277 2.277 2.237 2.217 2.197 2.177 2.163 2.153 2.142 2.131 2.133 2.143 2.153 2.162 2.172 2.182 2.192 2.192 2.211 2.221 2.216 2.200 2.185 2.169 2.153 2.137 2.122 2.106 2.090 2.074 2.059 2.043 2.046 2.046 2.045 2.048 2.058 2.068 2.078 2.088 2.097 2.107 2.117 2.127 2.137 2.147 2.159 2.170 2.181 2.181 2.204 2.215
2.883 2.942 2.948 2.916 2.884 2.852 2.820 2.788 2.756 2.691 2.692 2.659 2.627 2.595 2.563 2.535 2.525 2.501 2.472 2.443 2.415 2.386 2.361 2.341 2.321 2.301 2.301 2.261 2.241 2.221 2.201 2.184 2.173 2.162 2.166 2.176 2.185 2.195 2.205 2.215 2.224 2.234 2.234 2.254 2.263 2.261 2.245 2.229 2.214 2.198 2.182 2.166 2.150 2.135 2.119 2.103 2.087 2.072 2.072 2.085 2.095 2.105 2.114 2.124 2.134 2.144 2.154 2.164 2.173 2.183 2.194 2.205 2.217 2.228 2.228 2.251 2.262
2.903 2.963 2.991 2.959 2.927 2.895 2.862 2.830 2.798 2.734 2.734 2.702 2.670 2.638 2.606 2.597 2.587 2.570 2.541 2.513 2.484 2.455 2.427 2.398 2.369 2.341 2.341 2.284 2.264 2.244 2.224 2.205 2.193 2.199 2.208 2.218 2.228 2.238 2.248 2.257 2.267 2.277 2.277 2.296 2.306 2.305 2.290 2.274 2.258 2.242 2.227 2.211 2.195 2.179 2.164 2.148 2.143 2.138 2.138 2.131 2.141 2.151 2.161 2.171 2.181 2.190 2.200 2.210 2.220 2.230 2.240 2.252 2.263 2.275 2.275 2.297 2.309
2.924 2.984 3.033 3.001 2.969 2.937 2.905 2.873 2.841 2.776 2.776 2.744 2.712 2.680 2.669 2.659 2.649 2.639 2.611 2.582 2.554 2.525 2.496 2.467 2.439 2.410 2.410 2.353 2.324 2.295 2.267 2.238 2.231 2.241 2.251 2.261 2.271 2.280 2.290 2.300 2.310 2.319 2.319 2.339 2.349 2.350 2.334 2.319 2.303 2.287 2.271 2.255 2.240 2.224 2.218 2.214 2.209 2.204 2.204 2.194 2.189 2.198 2.207 2.217 2.227 2.237 2.247 2.257 2.266 2.276 2.287 2.299 2.310 2.321 2.321 2.344 2.355
2.945 3.005 3.065 3.044 3.012 2.980 2.947 2.915 2.883 2.819 2.819 2.787 2.755 2.741 2.731 2.721 2.711 2.701 2.680 2.652 2.623 2.594 2.566 2.537 2.508 2.480 2.480 2.422 2.393 2.365 2.336 2.307 2.288 2.293 2.298 2.303 2.313 2.323 2.333 2.342 2.352 2.362 2.362 2.382 2.391 2.395 2.379 2.363 2.347 2.332 2.316 2.300 2.294 2.289 2.284 2.280 2.275 2.271 2.271 2.260 2.255 2.250 2.254 2.264 2.274 2.283 2.293 2.303 2.313 2.323 2.334 2.345 2.357 2.368 2.368 2.391 2.402
2.966 3.026 3.085 3.086 3.054 3.022 2.990 2.958 2.926 2.861 2.861 2.829 2.812 2.803 2.793 2.783 2.773 2.763 2.750 2.721 2.692 2.664 2.635 2.606 2.578 2.549 2.549 2.492 2.463 2.434 2.405 2.375 2.346 2.351 2.356 2.361 2.366 2.371 2.376 2.385 2.395 2.405 2.405 2.424 2.434 2.439 2.423 2.408 2.392 2.376 2.369 2.365 2.360 2.355 2.351 2.346 2.342 2.337 2.337 2.327 2.322 2.316 2.311 2.310 2.320 2.330 2.340 2.349 2.359 2.369 2.380 2.392 2.403 2.415 2.415 2.437 2.449
2.987 3.047 3.106 3.129 3.097 3.065 3.032 3.000 2.968 2.904 2.904 2.884 2.875 2.865 2.855 2.845 2.835 2.825 2.815 2.791 2.762 2.733 2.704 2.676 2.647 2.618 2.618 2.561 2.532 2.503 2.474 2.444 2.414 2.408 2.413 2.418 2.423 2.428 2.433 2.438 2.443 2.448 2.449 2.467 2.476 2.484 2.468 2.452 2.445 2.440 2.435 2.431 2.426 2.422 2.417 2.412 2.408 2.403 2.403 2.393 2.388 2.383 2.378 2.372 2.367 2.376 2.386 2.396 2.406 2.416 2.427 2.438 2.450 2.461 2.461 2.484 2.495
3.008 3.067 3.127 3.171 3.139 3.107 3.075 3.043 3.011 2.956 2.956 2.946 2.937 2.927 2.917 2.907 2.897 2.887 2.877 2.860 2.831 2.803 2.774 2.745 2.717 2.688 2.688 2.631 2.602 2.572 2.542 2.513 2.483 2.466 2.471 2.476 2.481 2.486 2.491 2.496 2.501 2.506 2.506 2.516 2.521 2.528 2.520 2.515 2.511 2.506 2.502 2.497 2.492 2.488 2.483 2.479 2.474 2.469 2.469 2.459 2.454 2.449 2.444 2.439 2.434 2.429 2.432 2.442 2.452 2.462 2.474 2.485 2.496 2.508 2.508 2.559 2.599
3.029 3.088 3.148 3.207 3.182 3.150 3.117 3.085 3.053 3.018 3.018 3.009 2.999 2.989 2.979 2.969 2.959 2.949 2.939 2.930 2.901 2.872 2.844 2.815 2.786 2.757 2.757 2.700 2.670 2.641 2.611 2.581 2.552 2.523 2.528 2.534 2.538 2.544 2.549 2.554 2.559 2.564 2.564 2.574 2.579 2.592 2.587 2.582 2.577 2.572 2.568 2.563 2.559 2.554 2.549 2.545 2.540 2.535 2.535 2.525 2.520 2.515 2.510 2.505 2.500 2.495 2.490 2.489 2.499 2.509 2.520 2.532 2.551 2.591 2.591 2.671 2.711
3.049 3.109 3.169 3.228 3.224 3.192 3.160 3.128 3.100 3.080 3.080 3.071 3.061 3.051 3.041 3.031 3.021 3.011 3.002 2.992 2.970 2.942 2.913 2.884 2.856 2.827 2.827 2.769 2.739 2.709 2.680 2.650 2.620 2.591 2.586 2.591 2.596 2.601 2.606 2.611 2.616 2.621 2.621 2.631 2.646 2.661 2.658 2.650 2.643 2.639 2.634 2.629 2.625 2.620 2.616 2.611 2.606 2.602 2.602 2.591 2.586 2.581 2.576 2.571 2.566 2.561 2.556 2.551 2.546 2.556 2.582 2.623 2.663 2.703 2.703 2.783 2.823
3.050 3.109 3.169 3.228 3.224 3.192 3.160 3.128 3.100 3.081 3.081 3.071 3.061 3.051 3.041 3.031 3.021 3.012 3.002 2.992 2.971 2.942 2.913 2.884 2.856 2.827 2.827 2.769 2.739 2.709 2.680 2.650 2.621 2.591 2.586 2.591 2.596 2.601 2.606 2.611 2.616 2.621 2.622 2.631 2.646 2.661 2.658 2.651 2.643 2.639 2.634 2.630 2.625 2.620 2.616 2.611 2.607 2.602 2.602 2.592 2.586 2.581 2.576 2.571 2.566 2.561 2.556 2.551 2.546 2.556 2.583 2.623 2.663 2.703 2.703 2.783 2.823
3.070 3.130 3.190 3.249 3.267 3.235 3.203 3.172 3.162 3.143 3.143 3.133 3.123 3.113 3.103 3.093 3.084 3.074 3.064 3.054 3.040 3.011 2.983 2.954 2.925 2.897 2.897 2.837 2.808 2.778 2.749 2.719 2.689 2.660 2.644 2.649 2.654 2.659 2.664 2.669 2.674 2.679 2.679 2.699 2.714 2.729 2.728 2.721 2.714 2.707 2.700 2.696 2.691 2.687 2.682 2.677 2.673 2.668 2.668 2.658 2.653 2.648 2.643 2.637 2.632 2.627 2.622 2.620 2.637 2.659 2.695 2.735 2.775 2.815 2.815 2.895 2.935
3.091 3.151 3.210 3.270 3.309 3.277 3.245 3.234 3.225 3.205 3.205 3.195 3.185 3.175 3.165 3.155 3.146 3.136 3.126 3.116 3.106 3.081 3.052 3.023 2.995 2.965 2.965 2.906 2.876 2.847 2.817 2.787 2.758 2.728 2.702 2.707 2.712 2.716 2.722 2.727 2.732 2.738 2.738 2.767 2.782 2.797 2.799 2.792 2.784 2.777 2.770 2.763 2.757 2.753 2.748 2.744 2.739 2.734 2.734 2.724 2.719 2.714 2.709 2.704 2.699 2.713 2.730 2.747 2.764 2.788 2.814 2.847 2.887 2.927 2.927 3.007 3.047
3.578 3.532 3.485 3.439 3.393 3.378 3.368 3.358 3.348 3.329 3.329 3.319 3.309 3.299 3.289 3.279 3.270 3.260 3.250 3.240 3.230 3.220 3.191 3.162 3.132 3.103 3.103 3.043 3.014 2.984 2.954 2.925 2.895 2.865 2.836 2.822 2.827 2.832 2.837 2.844 2.859 2.874 2.874 2.904 2.918 2.933 2.940 2.933 2.925 2.918 2.911 2.904 2.896 2.889 2.882 2.876 2.871 2.866 2.866 2.866 2.883 2.900 2.917 2.934 2.950 2.967 2.984 3.001 3.020 3.046 3.072 3.098 3.124 3.151 3.151 3.231 3.271
3.839 3.793 3.747 3.594 3.326 3.412 3.404 3.397 3.389 3.373 3.373 3.366 3.358 3.350 3.342 3.335 3.327 3.319 3.311 3.302 3.292 3.282 3.260 3.230 3.201 3.171 3.171 3.112 3.082 3.053 3.023 2.993 2.964 2.934 2.904 2.879 2.884 2.889 2.897 2.912 2.927 2.942 2.942 2.972 2.987 3.001 3.010 3.003 2.996 2.989 2.981 2.974 2.967 2.959 2.952 2.945 2.946 2.959 2.959 2.993 3.010 3.027 3.044 3.061 3.078 3.095 3.112 3.128 3.149 3.175 3.201 3.228 3.254 3.280 3.280 3.343 3.383
4.100 3.998 3.730 3.461 3.252 3.366 3.436 3.429 3.421 3.405 3.405 3.398 3.390 3.382 3.374 3.366 3.359 3.351 3.343 3.335 3.328 3.325 3.467 3.412 3.357 3.302 3.302 3.193 3.151 3.121 3.092 3.062 3.032 3.003 2.973 2.943 2.942 2.951 2.965 2.980 2.995 3.010 3.010 3.040 3.055 3.070 3.081 3.074 3.066 3.059 3.052 3.045 3.037 3.030 3.073 3.145 3.175 3.101 3.102 3.120 3.137 3.154 3.171 3.188 3.205 3.222 3.239 3.256 3.279 3.305 3.331 3.357 3.383 3.409 3.409 3.461 3.495
