includes/lisflood/camargue/results_R4_t1.561741501247E12/res-0010.wdfp
ncols         906
nrows         631
xllcorner     362177.146667
yllcorner     6534725.688020
cellsize      20.000000
NODATA_value  -9999.000000
[rows 476 to 509 of 631, columns 0 to 76 of 906]
0.001 0.058 0.189 0.367 0.544 0.722 0.900 1.078 1.077 1.431 1.593 1.754 1.916 1.933 1.923 1.913 1.904 1.894 1.884 1.869 1.854 1.839 1.824 1.809 1.808 1.558 1.402 1.249 1.156 1.064 0.972 0.879 0.787 0.694 0.602 0.509 0.687 0.904 1.121 1.338 1.337 1.784 2.026 2.268 2.510 2.752 2.924 2.958 2.855 2.751 2.648 2.545 2.441 2.338 2.234 2.131 2.131 1.904 1.788 1.670 1.542 1.415 1.287 1.159 1.031 0.904 0.934 1.006 1.079 1.151 1.223 1.582 2.393 2.392 2.798 3.203 3.158
0.000 0.005 0.094 0.236 0.414 0.592 0.770 0.947 0.947 1.295 1.457 1.618 1.780 1.941 1.946 1.936 1.926 1.917 1.904 1.889 1.875 1.859 1.845 1.830 1.829 1.715 1.558 1.425 1.333 1.240 1.148 1.056 0.963 0.871 0.778 0.686 0.590 0.824 1.066 1.308 1.307 1.791 2.033 2.275 2.517 2.759 2.866 2.904 2.930 2.827 2.724 2.620 2.517 2.413 2.310 2.206 2.206 1.975 1.860 1.744 1.625 1.497 1.369 1.242 1.114 1.027 1.099 1.171 1.243 1.316 1.388 1.494 2.305 2.305 2.710 2.974 2.643
0.000 0.000 0.001 0.071 0.167 0.331 0.509 0.687 0.687 1.024 1.185 1.346 1.508 1.669 1.831 1.981 1.972 1.962 1.946 1.931 1.917 1.902 1.887 1.872 1.871 1.847 1.863 1.706 1.579 1.453 1.326 1.199 1.073 0.946 0.819 0.693 0.767 0.925 1.083 1.323 1.323 1.807 2.049 2.291 2.533 2.713 2.751 2.789 2.827 2.865 2.875 2.772 2.668 2.565 2.461 2.349 2.349 2.118 2.003 1.888 1.772 1.657 1.535 1.407 1.284 1.356 1.428 1.500 1.573 1.645 1.717 1.790 2.129 2.129 2.276 1.945 1.613
0.000 0.000 0.000 0.012 0.107 0.203 0.379 0.556 0.556 0.888 1.049 1.210 1.372 1.533 1.695 1.856 1.994 1.982 1.967 1.952 1.958 1.974 1.990 2.006 2.006 2.038 1.976 1.736 1.578 1.451 1.325 1.198 1.071 0.945 0.818 0.698 0.855 1.013 1.171 1.331 1.331 1.815 2.057 2.299 2.541 2.655 2.693 2.731 2.769 2.807 2.845 2.847 2.744 2.640 2.536 2.421 2.420 2.190 2.074 1.959 1.844 1.728 1.613 1.489 1.448 1.520 1.593 1.665 1.737 1.810 1.882 1.954 2.084 2.084 1.863 1.568 1.273
0.000 0.000 0.000 0.000 0.047 0.143 0.248 0.426 0.426 0.751 0.913 1.074 1.236 1.397 1.557 1.715 1.874 2.100 2.116 2.132 2.148 2.164 2.180 2.196 2.196 2.228 2.083 1.843 1.603 1.450 1.323 1.197 1.070 0.943 0.817 0.786 0.944 1.102 1.259 1.417 1.417 1.823 2.065 2.306 2.548 2.598 2.636 2.674 2.712 2.749 2.787 2.825 2.820 2.716 2.607 2.492 2.492 2.261 2.146 2.031 1.915 1.800 1.684 1.571 1.578 1.626 1.674 1.722 1.771 1.819 1.867 1.915 2.048 2.048 2.215 1.949 1.654
0.000 0.000 0.000 0.000 0.003 0.083 0.180 0.293 0.292 0.610 0.768 0.926 1.085 1.243 1.401 1.560 1.742 2.069 2.307 2.323 2.339 2.355 2.371 2.387 2.387 2.419 2.191 1.950 1.710 1.469 1.322 1.195 1.069 0.942 0.815 0.875 1.032 1.190 1.348 1.506 1.506 1.830 2.072 2.314 2.502 2.540 2.578 2.616 2.654 2.692 2.730 2.767 2.805 2.792 2.679 2.564 2.563 2.340 2.232 2.124 2.016 1.908 1.801 1.684 1.531 1.554 1.602 1.651 1.699 1.747 1.795 1.844 2.023 2.023 2.189 2.330 2.035
0.000 0.000 0.000 0.000 0.000 0.055 0.157 0.217 0.217 0.454 0.612 0.771 0.929 1.087 1.246 1.404 1.646 1.973 2.300 2.513 2.529 2.545 2.561 2.577 2.577 2.538 2.298 2.058 1.817 1.577 1.336 1.194 1.067 0.941 0.814 0.963 1.121 1.279 1.436 1.594 1.594 1.910 2.080 2.322 2.445 2.482 2.520 2.558 2.596 2.634 2.672 2.716 2.759 2.803 2.785 2.677 2.677 2.462 2.354 2.246 2.138 2.030 1.923 1.790 1.637 1.485 1.531 1.579 1.627 1.675 1.724 1.772 1.997 1.997 2.164 2.330 2.416
0.000 0.000 0.000 0.000 0.000 0.039 0.140 0.172 0.172 0.298 0.457 0.615 0.773 0.932 1.090 1.248 1.550 1.877 2.204 2.531 2.720 2.736 2.752 2.768 2.768 2.646 2.405 2.165 1.924 1.684 1.443 1.203 1.066 0.939 0.894 1.052 1.209 1.367 1.525 1.683 1.682 1.999 2.156 2.330 2.387 2.429 2.472 2.516 2.559 2.603 2.646 2.690 2.733 2.779 2.829 2.799 2.799 2.584 2.476 2.368 2.260 2.152 2.044 1.896 1.743 1.591 1.459 1.507 1.555 1.604 1.652 1.700 1.972 1.972 2.138 2.305 2.471
0.000 0.000 0.000 0.000 0.000 0.023 0.099 0.128 0.128 0.186 0.301 0.459 0.618 0.776 0.934 1.127 1.454 1.781 2.108 2.435 2.763 2.926 2.942 2.958 2.958 2.753 2.512 2.272 2.032 1.791 1.551 1.310 1.070 0.938 0.982 1.140 1.298 1.456 1.613 1.767 1.767 2.039 2.175 2.296 2.360 2.403 2.447 2.490 2.534 2.577 2.620 2.664 2.707 2.756 2.805 2.854 2.854 2.705 2.598 2.490 2.382 2.274 2.154 2.001 1.849 1.697 1.544 1.435 1.484 1.532 1.580 1.629 1.947 1.946 2.113 2.279 2.446
0.000 0.000 0.000 0.000 0.000 0.010 0.054 0.084 0.083 0.142 0.171 0.304 0.462 0.620 0.779 1.031 1.358 1.685 2.012 2.339 2.667 2.994 3.133 3.149 3.149 2.860 2.620 2.379 2.139 1.898 1.658 1.417 1.177 0.937 1.058 1.194 1.330 1.466 1.602 1.738 1.738 2.010 2.146 2.246 2.315 2.377 2.421 2.464 2.508 2.551 2.595 2.638 2.682 2.732 2.781 2.831 2.830 2.827 2.719 2.612 2.504 2.396 2.260 2.107 1.955 1.803 1.650 1.498 1.412 1.460 1.508 1.588 1.921 1.921 2.087 2.254 2.420
0.000 0.000 0.000 0.000 0.000 0.003 0.012 0.039 0.039 0.097 0.126 0.155 0.306 0.465 0.623 0.935 1.262 1.589 1.916 2.243 2.571 2.898 3.225 3.339 3.339 2.967 2.727 2.486 2.246 2.010 1.774 1.537 1.301 1.101 1.029 1.165 1.301 1.437 1.573 1.709 1.708 1.981 2.117 2.195 2.265 2.334 2.395 2.439 2.482 2.525 2.569 2.612 2.659 2.708 2.757 2.807 2.807 2.906 2.841 2.734 2.626 2.518 2.366 2.213 2.061 1.908 1.756 1.604 1.451 1.388 1.437 1.563 1.896 1.895 2.062 2.228 2.395
0.000 0.000 0.000 0.000 0.000 0.002 0.003 0.008 0.006 0.053 0.082 0.111 0.151 0.309 0.512 0.839 1.166 1.493 1.820 2.147 2.474 2.802 3.129 3.445 3.445 3.085 2.849 2.613 2.376 2.140 1.904 1.668 1.431 1.281 1.199 1.136 1.272 1.408 1.544 1.680 1.679 1.952 2.075 2.145 2.214 2.284 2.353 2.413 2.456 2.500 2.543 2.587 2.635 2.684 2.734 2.783 2.783 2.882 2.931 2.855 2.748 2.624 2.471 2.319 2.167 2.014 1.862 1.709 1.557 1.405 1.371 1.537 1.866 1.865 2.023 2.180 2.337
0.000 0.000 0.000 0.000 0.000 0.001 0.002 0.004 0.002 0.011 0.037 0.066 0.095 0.153 0.415 0.743 1.070 1.383 1.691 1.998 2.306 2.613 2.921 3.197 3.197 3.215 2.979 2.743 2.506 2.270 2.034 1.798 1.561 1.460 1.378 1.296 1.243 1.378 1.514 1.650 1.650 1.922 2.025 2.094 2.164 2.233 2.303 2.372 2.430 2.474 2.517 2.562 2.611 2.660 2.710 2.759 2.759 2.858 2.907 2.957 2.870 2.730 2.577 2.425 2.272 2.120 1.967 1.807 1.647 1.487 1.377 1.464 1.778 1.778 1.935 2.093 2.250
0.000 0.000 0.000 0.000 0.000 0.000 0.001 0.004 0.002 0.003 0.007 0.032 0.065 0.099 0.244 0.551 0.859 1.166 1.474 1.781 2.089 2.396 2.703 2.936 2.936 3.293 3.109 2.873 2.637 2.400 2.164 1.928 1.721 1.639 1.558 1.476 1.394 1.349 1.485 1.621 1.621 1.893 1.974 2.044 2.113 2.183 2.252 2.321 2.391 2.448 2.492 2.538 2.587 2.636 2.686 2.735 2.735 2.834 2.884 2.933 2.977 2.823 2.663 2.503 2.344 2.184 2.024 1.865 1.705 1.545 1.476 1.433 1.691 1.691 1.848 2.005 2.163
0.000 0.000 0.000 0.000 0.000 0.000 0.001 0.004 0.002 0.004 0.008 0.029 0.062 0.104 0.160 0.334 0.642 0.949 1.257 1.564 1.872 2.179 2.486 2.676 2.676 3.032 3.211 3.003 2.767 2.530 2.294 2.058 1.901 1.819 1.737 1.655 1.573 1.492 1.456 1.592 1.592 1.854 1.924 1.993 2.063 2.132 2.202 2.271 2.340 2.410 2.466 2.514 2.563 2.613 2.664 2.718 2.718 2.826 2.880 2.933 2.941 2.881 2.721 2.561 2.402 2.242 2.082 1.923 1.763 1.617 1.574 1.532 1.604 1.604 1.761 1.918 2.075
0.000 0.000 0.000 0.000 0.000 0.000 0.002 0.005 0.003 0.004 0.007 0.026 0.058 0.109 0.165 0.221 0.424 0.732 1.039 1.347 1.655 1.962 2.237 2.415 2.415 2.772 2.950 3.128 2.897 2.661 2.424 2.188 2.080 1.998 1.917 1.835 1.753 1.671 1.589 1.563 1.563 1.804 1.873 1.943 2.012 2.082 2.151 2.220 2.290 2.361 2.434 2.505 2.559 2.612 2.666 2.720 2.720 2.828 2.881 2.935 2.905 2.845 2.779 2.619 2.460 2.300 2.140 1.980 1.821 1.716 1.673 1.631 1.546 1.546 1.674 1.831 1.988
0.000 0.000 0.000 0.000 0.000 0.001 0.002 0.006 0.003 0.005 0.008 0.026 0.058 0.109 0.165 0.221 0.424 0.732 1.039 1.347 1.654 1.962 2.237 2.415 2.415 2.771 2.950 3.128 2.897 2.660 2.424 2.188 2.080 1.998 1.916 1.835 1.753 1.671 1.589 1.563 1.562 1.804 1.873 1.943 2.012 2.081 2.151 2.220 2.290 2.361 2.434 2.505 2.558 2.612 2.666 2.720 2.720 2.827 2.881 2.935 2.904 2.845 2.779 2.619 2.459 2.300 2.140 1.980 1.821 1.715 1.673 1.631 1.546 1.546 1.673 1.831 1.988
0.000 0.000 0.000 0.000 0.000 0.000 0.000 0.005 0.003 0.004 0.007 0.023 0.058 0.115 0.171 0.227 0.283 0.515 0.822 1.130 1.437 1.745 1.976 2.154 2.154 2.511 2.689 2.867 3.027 2.791 2.554 2.341 2.259 2.178 2.096 2.014 1.932 1.850 1.769 1.687 1.686 1.753 1.823 1.893 1.964 2.035 2.105 2.176 2.247 2.318 2.398 2.491 2.560 2.614 2.668 2.722 2.721 2.829 2.883 2.928 2.868 2.809 2.750 2.677 2.517 2.357 2.198 2.038 1.878 1.814 1.772 1.730 1.645 1.645 1.603 1.743 1.901
0.000 0.000 0.000 0.000 0.000 0.000 0.000 0.004 0.002 0.003 0.005 0.016 0.070 0.126 0.182 0.239 0.295 0.351 0.407 0.696 1.004 1.277 1.455 1.634 1.633 1.990 2.168 2.347 2.525 2.703 2.815 2.700 2.603 2.475 2.346 2.218 2.089 1.960 1.832 1.703 1.703 1.685 1.737 1.807 1.878 1.949 2.019 2.090 2.161 2.233 2.327 2.420 2.513 2.606 2.672 2.725 2.725 2.833 2.887 2.856 2.796 2.737 2.678 2.619 2.560 2.473 2.314 2.154 2.054 2.012 1.970 1.927 1.843 1.843 1.801 1.758 1.726
0.000 0.000 0.000 0.000 0.000 0.000 0.000 0.003 0.000 0.002 0.004 0.021 0.076 0.132 0.188 0.244 0.301 0.357 0.413 0.479 0.787 1.017 1.195 1.373 1.373 1.730 1.908 2.098 2.294 2.491 2.670 2.665 2.536 2.408 2.279 2.151 2.022 1.894 1.765 1.636 1.636 1.670 1.711 1.764 1.835 1.906 1.976 2.047 2.118 2.197 2.291 2.384 2.477 2.571 2.664 2.727 2.727 2.835 2.879 2.820 2.760 2.701 2.642 2.583 2.523 2.464 2.372 2.212 2.153 2.111 2.069 2.026 1.942 1.942 1.885 1.808 1.731
0.000 0.000 0.000 0.000 0.000 0.000 0.000 0.002 0.000 0.002 0.003 0.026 0.082 0.138 0.194 0.250 0.307 0.363 0.419 0.475 0.570 0.757 0.953 1.150 1.149 1.542 1.739 1.935 2.131 2.328 2.455 2.479 2.470 2.341 2.213 2.084 1.955 1.827 1.698 1.574 1.574 1.656 1.697 1.738 1.792 1.863 1.933 2.004 2.075 2.162 2.255 2.348 2.441 2.535 2.628 2.721 2.721 2.836 2.843 2.783 2.724 2.665 2.606 2.547 2.487 2.428 2.369 2.294 2.239 2.162 2.085 2.008 1.854 1.854 1.777 1.700 1.629
0.000 0.000 0.000 0.000 0.000 0.000 0.000 0.002 0.001 0.001 0.003 0.032 0.088 0.144 0.200 0.256 0.311 0.366 0.421 0.476 0.526 0.594 0.790 0.987 0.987 1.379 1.576 1.772 1.968 2.165 2.239 2.263 2.288 2.274 2.146 2.017 1.889 1.760 1.631 1.560 1.559 1.642 1.683 1.724 1.765 1.820 1.890 1.961 2.032 2.126 2.219 2.312 2.405 2.499 2.592 2.685 2.685 2.838 2.807 2.747 2.688 2.629 2.574 2.543 2.512 2.481 2.450 2.302 2.132 2.055 1.978 1.901 1.747 1.747 1.670 1.593 1.548
0.000 0.000 0.000 0.000 0.000 0.000 0.000 0.002 0.000 0.000 0.005 0.035 0.090 0.145 0.200 0.255 0.310 0.365 0.420 0.475 0.518 0.554 0.628 0.824 0.824 1.217 1.413 1.609 1.806 1.998 2.023 2.047 2.072 2.097 2.079 1.950 1.822 1.693 1.565 1.546 1.545 1.627 1.668 1.709 1.750 1.791 1.847 1.918 1.997 2.090 2.183 2.276 2.369 2.463 2.556 2.649 2.649 2.841 2.824 2.793 2.762 2.731 2.700 2.669 2.638 2.607 2.576 2.357 2.109 1.947 1.871 1.794 1.640 1.640 1.563 1.486 1.467
0.000 0.000 0.000 0.000 0.000 0.000 0.000 0.002 0.000 0.000 0.001 0.034 0.088 0.144 0.199 0.254 0.309 0.364 0.418 0.473 0.511 0.547 0.582 0.661 0.661 1.054 1.250 1.446 1.643 1.782 1.807 1.832 1.856 1.881 1.906 1.884 1.755 1.626 1.498 1.531 1.531 1.613 1.654 1.695 1.736 1.777 1.818 1.875 1.961 2.054 2.147 2.241 2.339 2.437 2.535 2.633 2.632 2.833 2.941 2.919 2.888 2.857 2.826 2.795 2.764 2.733 2.660 2.412 2.165 1.917 1.763 1.686 1.533 1.533 1.456 1.386 1.386
0.000 0.000 0.000 0.000 0.000 0.000 0.000 0.002 0.000 0.000 0.000 0.013 0.087 0.142 0.198 0.253 0.308 0.362 0.417 0.468 0.504 0.539 0.575 0.611 0.610 0.891 1.087 1.283 1.480 1.567 1.591 1.616 1.641 1.665 1.690 1.714 1.688 1.560 1.476 1.517 1.517 1.599 1.640 1.681 1.722 1.763 1.790 1.805 1.937 2.034 2.132 2.230 2.328 2.425 2.523 2.621 2.621 2.824 2.933 3.042 3.014 2.983 2.952 2.921 2.891 2.860 2.715 2.468 2.220 1.972 1.724 1.579 1.425 1.425 1.348 1.305 1.305
0.000 0.000 0.000 0.000 0.000 0.000 0.000 0.002 0.000 0.000 0.000 0.001 0.070 0.141 0.196 0.252 0.306 0.361 0.416 0.461 0.496 0.532 0.568 0.603 0.603 0.728 0.924 1.121 1.317 1.351 1.375 1.400 1.425 1.449 1.474 1.499 1.523 1.493 1.462 1.503 1.502 1.568 1.583 1.599 1.614 1.630 1.645 1.709 1.891 2.023 2.121 2.218 2.316 2.414 2.512 2.609 2.609 2.816 2.925 3.034 3.140 3.109 3.078 3.048 3.017 2.986 2.771 2.523 2.275 2.027 1.779 1.531 1.318 1.318 1.241 1.224 1.224
0.000 0.000 0.000 0.000 0.000 0.000 0.000 0.001 0.000 0.000 0.000 0.000 0.033 0.128 0.195 0.250 0.305 0.360 0.415 0.454 0.489 0.525 0.561 0.596 0.596 0.667 0.762 0.958 1.111 1.135 1.160 1.184 1.209 1.234 1.258 1.283 1.316 1.353 1.377 1.393 1.392 1.424 1.439 1.455 1.470 1.485 1.501 1.615 1.797 1.979 2.109 2.207 2.305 2.402 2.500 2.598 2.598 2.808 2.917 3.026 3.134 3.236 3.205 3.174 3.143 3.074 2.826 2.578 2.330 2.082 1.835 1.587 1.211 1.211 1.143 1.143 1.143
0.000 0.000 0.000 0.000 0.000 0.000 0.000 0.001 0.000 0.000 0.000 0.000 0.004 0.091 0.186 0.249 0.304 0.359 0.411 0.446 0.482 0.518 0.553 0.589 0.589 0.660 0.696 0.795 0.895 0.920 0.944 0.976 1.013 1.050 1.087 1.124 1.161 1.197 1.225 1.249 1.248 1.280 1.295 1.310 1.326 1.341 1.357 1.521 1.703 1.885 2.067 2.195 2.293 2.391 2.488 2.586 2.586 2.800 2.909 3.017 3.126 3.235 3.331 3.300 3.269 3.129 2.881 2.633 2.385 2.137 1.890 1.642 1.146 1.146 1.062 1.067 1.083
0.000 0.000 0.000 0.000 0.000 0.000 0.000 0.000 0.000 0.000 0.000 0.000 0.000 0.054 0.149 0.244 0.303 0.358 0.403 0.439 0.475 0.511 0.546 0.582 0.581 0.653 0.685 0.711 0.710 0.747 0.784 0.822 0.859 0.896 0.933 0.970 1.007 1.040 1.069 1.097 1.096 1.135 1.151 1.166 1.181 1.197 1.246 1.428 1.610 1.791 1.973 2.155 2.281 2.379 2.477 2.575 2.574 2.792 2.901 3.009 3.118 3.227 3.335 3.426 3.395 3.184 2.936 2.688 2.440 2.193 1.946 1.700 1.207 1.207 1.084 1.078 1.094
0.000 0.000 0.000 0.000 0.000 0.000 0.000 0.000 0.000 0.000 0.000 0.000 0.000 0.016 0.112 0.207 0.302 0.357 0.396 0.432 0.468 0.503 0.531 0.557 0.556 0.608 0.634 0.651 0.606 0.593 0.630 0.667 0.704 0.742 0.779 0.816 0.853 0.883 0.912 0.940 0.939 0.991 1.006 1.022 1.037 1.053 1.152 1.334 1.516 1.698 1.880 2.062 2.244 2.367 2.465 2.566 2.566 2.784 2.892 3.001 3.110 3.218 3.327 3.436 3.487 3.241 2.995 2.748 2.502 2.256 2.009 1.763 1.284 1.284 1.196 1.108 1.106
0.000 0.000 0.000 0.000 0.000 0.000 0.000 0.000 0.000 0.000 0.000 0.000 0.000 0.001 0.075 0.170 0.265 0.350 0.376 0.402 0.428 0.454 0.479 0.505 0.505 0.556 0.582 0.581 0.536 0.490 0.476 0.513 0.550 0.587 0.624 0.661 0.698 0.726 0.755 0.783 0.782 0.839 0.862 0.877 0.893 0.908 1.058 1.240 1.422 1.604 1.786 1.968 2.150 2.332 2.454 2.558 2.558 2.776 2.884 2.994 3.106 3.217 3.329 3.440 3.444 3.304 3.058 2.812 2.566 2.319 2.073 1.827 1.396 1.396 1.308 1.220 1.133
0.000 0.000 0.000 0.000 0.000 0.000 0.000 0.000 0.000 0.000 0.000 0.000 0.000 0.000 0.065 0.179 0.292 0.358 0.326 0.351 0.376 0.402 0.428 0.453 0.453 0.505 0.531 0.511 0.465 0.420 0.375 0.359 0.396 0.433 0.470 0.507 0.541 0.570 0.598 0.626 0.625 0.682 0.711 0.733 0.748 0.782 0.964 1.146 1.328 1.510 1.692 1.874 2.056 2.238 2.427 2.555 2.555 2.778 2.889 3.001 3.112 3.224 3.335 3.447 3.380 3.265 3.122 2.875 2.629 2.383 2.136 1.890 1.509 1.508 1.420 1.333 1.245
0.000 0.000 0.000 0.000 0.000 0.000 0.000 0.001 0.000 0.000 0.000 0.000 0.000 0.000 0.066 0.179 0.292 0.358 0.326 0.351 0.377 0.402 0.428 0.454 0.453 0.505 0.531 0.511 0.466 0.420 0.375 0.360 0.396 0.433 0.470 0.507 0.541 0.570 0.598 0.626 0.625 0.682 0.710 0.733 0.748 0.782 0.964 1.146 1.328 1.510 1.692 1.874 2.056 2.238 2.427 2.555 2.554 2.778 2.889 3.000 3.112 3.224 3.335 3.446 3.379 3.265 3.121 2.875 2.629 2.382 2.136 1.890 1.508 1.508 1.420 1.332 1.244
0.000 0.000 0.000 0.000 0.000 0.000 0.000 0.000 0.000 0.000 0.000 0.000 0.000 0.002 0.105 0.219 0.332 0.371 0.338 0.306 0.325 0.351 0.376 0.402 0.402 0.454 0.479 0.441 0.396 0.350 0.305 0.259 0.242 0.279 0.316 0.353 0.384 0.413 0.441 0.469 0.468 0.525 0.553 0.581 0.604 0.688 0.870 1.052 1.234 1.422 1.615 1.807 1.999 2.191 2.378 2.547 2.547 2.784 2.896 3.007 3.119 3.230 3.342 3.430 3.315 3.200 3.085 2.939 2.692 2.446 2.200 1.953 1.620 1.620 1.532 1.444 1.356
