includes/lisflood/camargue/results_R4_t1.561741501247E12/res-0012.wdfp
ncols         906
nrows         631
xllcorner     362177.146667
yllcorner     6534725.688020
cellsize      20.000000
NODATA_value  -9999.000000
[rows 578 to 611 of 631, columns 462 to 538 of 906]
0.823 0.863 0.903 0.943 0.979 0.998 1.016 1.034 1.053 1.079 1.145 1.211 1.276 1.408 1.408 1.474 1.540 1.605 1.611 1.586 1.562 1.537 1.513 1.488 1.464 1.440 1.415 1.410 1.437 1.492 1.492 1.537 1.582 1.627 1.674 1.721 1.768 1.815 1.861 1.908 1.955 2.002 2.049 2.097 2.148 2.250 2.250 2.301 2.352 2.403 2.454 2.504 2.529 2.541 2.553 2.565 2.588 2.639 2.690 2.742 2.793 2.864 2.864 2.888 2.913 2.937 2.962 2.986 3.011 3.035 3.048 3.059 3.070 3.081 3.093 3.104 3.116
0.947 0.975 1.015 1.055 1.090 1.108 1.126 1.145 1.200 1.266 1.332 1.398 1.463 1.595 1.595 1.661 1.727 1.793 1.800 1.775 1.751 1.727 1.702 1.678 1.653 1.629 1.604 1.580 1.556 1.589 1.589 1.634 1.680 1.727 1.774 1.821 1.868 1.915 1.962 2.008 2.055 2.102 2.149 2.197 2.248 2.350 2.350 2.401 2.452 2.503 2.554 2.605 2.656 2.703 2.715 2.727 2.753 2.804 2.855 2.902 2.927 2.975 2.976 3.000 3.024 3.049 3.073 3.098 3.122 3.147 3.158 3.169 3.181 3.192 3.203 3.215 3.226
1.076 1.102 1.128 1.167 1.200 1.219 1.256 1.321 1.387 1.453 1.519 1.585 1.651 1.782 1.782 1.848 1.914 1.980 1.989 1.965 1.940 1.916 1.892 1.867 1.843 1.818 1.794 1.769 1.745 1.684 1.684 1.734 1.781 1.827 1.874 1.921 1.968 2.015 2.062 2.109 2.155 2.202 2.249 2.298 2.349 2.450 2.451 2.501 2.552 2.603 2.654 2.705 2.756 2.807 2.858 2.889 2.917 2.965 2.989 3.014 3.038 3.087 3.087 3.111 3.136 3.160 3.185 3.209 3.234 3.257 3.268 3.280 3.291 3.302 3.314 3.325 3.336
1.205 1.231 1.257 1.283 1.311 1.377 1.443 1.509 1.574 1.640 1.706 1.772 1.838 1.969 1.969 2.035 2.101 2.167 2.179 2.154 2.130 2.105 2.081 2.056 2.032 2.008 1.983 1.959 1.913 1.759 1.759 1.821 1.881 1.928 1.974 2.021 2.068 2.115 2.162 2.209 2.255 2.302 2.349 2.398 2.449 2.551 2.551 2.602 2.653 2.704 2.755 2.806 2.856 2.907 2.958 3.004 3.049 3.076 3.101 3.125 3.150 3.199 3.199 3.223 3.248 3.272 3.296 3.321 3.345 3.367 3.379 3.390 3.401 3.413 3.424 3.435 3.447
1.334 1.383 1.438 1.493 1.469 1.554 1.630 1.696 1.762 1.827 1.893 1.959 2.025 2.156 2.156 2.222 2.288 2.354 2.368 2.344 2.319 2.295 2.270 2.246 2.221 2.197 2.166 2.073 1.981 1.835 1.835 1.897 1.959 2.021 2.074 2.121 2.168 2.215 2.262 2.309 2.356 2.402 2.449 2.498 2.549 2.651 2.651 2.702 2.753 2.804 2.855 2.906 2.957 3.002 3.017 3.031 3.082 3.159 3.213 3.237 3.261 3.310 3.310 3.335 3.359 3.384 3.408 3.432 3.457 3.478 3.489 3.501 3.512 3.523 3.535 3.546 3.557
1.586 1.641 1.696 1.719 1.649 1.691 1.777 1.862 1.947 2.014 2.080 2.146 2.212 2.343 2.343 2.409 2.475 2.541 2.557 2.533 2.509 2.484 2.460 2.435 2.411 2.327 2.234 2.142 2.049 1.910 1.911 1.973 2.035 2.097 2.159 2.221 2.268 2.315 2.362 2.409 2.456 2.502 2.549 2.599 2.650 2.752 2.752 2.802 2.853 2.904 2.955 3.001 3.015 3.029 3.043 3.057 3.114 3.192 3.269 3.347 3.373 3.422 3.422 3.446 3.471 3.495 3.520 3.544 3.568 3.588 3.600 3.611 3.622 3.634 3.645 3.656 3.668
1.845 1.900 1.954 1.917 1.847 1.829 1.914 1.999 2.084 2.170 2.255 2.333 2.399 2.531 2.531 2.596 2.662 2.728 2.747 2.722 2.698 2.673 2.649 2.580 2.487 2.395 2.302 2.210 2.117 1.986 1.986 2.048 2.110 2.172 2.234 2.296 2.358 2.415 2.462 2.509 2.556 2.603 2.649 2.699 2.750 2.852 2.852 2.903 2.954 2.999 3.013 3.027 3.041 3.055 3.070 3.084 3.146 3.224 3.302 3.379 3.457 3.533 3.533 3.558 3.582 3.607 3.631 3.656 3.680 3.699 3.710 3.721 3.733 3.744 3.755 3.767 3.778
2.103 2.158 2.184 2.115 2.045 1.976 2.051 2.137 2.222 2.307 2.392 2.477 2.563 2.718 2.718 2.784 2.849 2.915 2.936 2.912 2.887 2.833 2.741 2.648 2.556 2.463 2.371 2.278 2.185 2.062 2.062 2.124 2.186 2.248 2.310 2.372 2.434 2.496 2.558 2.609 2.656 2.703 2.749 2.800 2.850 2.952 2.952 2.997 3.011 3.025 3.039 3.054 3.068 3.082 3.096 3.110 3.179 3.256 3.334 3.412 3.489 3.645 3.645 3.670 3.694 3.718 3.743 3.767 3.792 3.809 3.821 3.832 3.843 3.854 3.866 3.877 3.889
2.362 2.416 2.382 2.312 2.243 2.174 2.189 2.274 2.359 2.445 2.530 2.615 2.700 2.871 2.871 2.956 3.036 3.102 3.125 3.086 2.994 2.901 2.809 2.716 2.624 2.531 2.439 2.346 2.254 2.137 2.137 2.200 2.262 2.324 2.386 2.448 2.510 2.572 2.634 2.696 2.756 2.803 2.850 2.900 2.951 3.009 3.009 3.023 3.037 3.052 3.066 3.080 3.094 3.108 3.122 3.137 3.211 3.288 3.366 3.444 3.522 3.677 3.677 3.755 3.805 3.830 3.854 3.879 3.903 3.920 3.931 3.942 3.954 3.965 3.976 3.978 3.956
2.620 2.649 2.580 2.510 2.441 2.371 2.326 2.411 2.497 2.582 2.667 2.752 2.838 3.008 3.008 3.093 3.178 3.264 3.242 3.154 3.062 2.969 2.877 2.784 2.692 2.599 2.507 2.414 2.322 2.213 2.213 2.275 2.337 2.399 2.461 2.523 2.585 2.647 2.710 2.771 2.834 2.895 2.950 2.993 3.007 3.036 3.036 3.050 3.064 3.078 3.092 3.106 3.120 3.135 3.149 3.165 3.243 3.321 3.399 3.476 3.554 3.709 3.709 3.787 3.865 3.942 3.966 3.990 4.015 4.030 4.041 4.053 4.064 4.061 4.039 4.016 3.994
2.620 2.649 2.580 2.510 2.441 2.371 2.326 2.411 2.497 2.582 2.667 2.752 2.838 3.008 3.008 3.093 3.178 3.264 3.242 3.154 3.062 2.969 2.877 2.784 2.692 2.599 2.507 2.414 2.322 2.213 2.213 2.275 2.337 2.399 2.461 2.523 2.585 2.647 2.709 2.771 2.833 2.895 2.950 2.993 3.007 3.036 3.036 3.050 3.064 3.078 3.092 3.106 3.121 3.135 3.149 3.165 3.243 3.321 3.399 3.476 3.554 3.709 3.709 3.787 3.865 3.942 3.966 3.990 4.015 4.030 4.041 4.053 4.064 4.061 4.039 4.016 3.994
2.878 2.847 2.778 2.708 2.639 2.569 2.500 2.549 2.634 2.719 2.805 2.890 2.975 3.145 3.145 3.231 3.256 3.178 3.142 3.151 3.130 3.038 2.945 2.853 2.760 2.668 2.575 2.483 2.390 2.289 2.289 2.351 2.413 2.475 2.537 2.599 2.661 2.723 2.785 2.847 2.909 2.960 2.973 3.019 3.034 3.062 3.062 3.076 3.090 3.104 3.119 3.133 3.147 3.161 3.175 3.198 3.275 3.353 3.431 3.509 3.586 3.742 3.742 3.819 3.897 3.975 4.053 4.102 4.126 4.140 4.152 4.144 4.122 4.099 4.077 4.054 4.032
3.115 3.045 2.976 2.906 2.837 2.767 2.698 2.686 2.772 2.857 2.942 3.027 3.112 3.283 3.283 3.232 3.154 3.076 3.043 3.051 3.060 3.068 3.013 2.921 2.828 2.736 2.643 2.551 2.458 2.365 2.365 2.427 2.489 2.551 2.613 2.675 2.737 2.799 2.861 2.910 2.923 2.936 2.952 2.998 3.044 3.088 3.088 3.102 3.117 3.131 3.145 3.159 3.173 3.187 3.202 3.230 3.308 3.385 3.463 3.541 3.619 3.774 3.774 3.852 3.930 4.007 4.085 4.163 4.238 4.228 4.205 4.182 4.160 4.137 4.115 4.092 4.070
3.510 3.441 3.371 3.302 3.233 3.163 3.094 3.024 3.046 3.132 3.217 3.302 3.262 3.106 3.106 3.028 2.950 2.872 2.844 2.853 2.861 2.870 2.878 2.886 2.895 2.872 2.780 2.687 2.595 2.516 2.516 2.578 2.640 2.702 2.764 2.810 2.823 2.836 2.849 2.862 2.875 2.888 2.910 2.956 3.002 3.095 3.095 3.141 3.170 3.184 3.198 3.212 3.226 3.240 3.254 3.294 3.372 3.450 3.528 3.605 3.683 3.839 3.839 3.916 3.994 4.030 4.066 4.102 4.140 4.185 4.230 4.258 4.236 4.213 4.191 4.168 4.146
3.708 3.639 3.569 3.500 3.431 3.361 3.292 3.222 3.184 3.269 3.316 3.238 3.160 3.004 3.004 2.926 2.848 2.771 2.745 2.753 2.762 2.770 2.779 2.787 2.795 2.804 2.812 2.755 2.663 2.592 2.592 2.654 2.716 2.760 2.773 2.786 2.799 2.812 2.825 2.838 2.851 2.864 2.889 2.935 2.981 3.074 3.074 3.120 3.166 3.210 3.224 3.238 3.253 3.267 3.281 3.327 3.404 3.482 3.560 3.638 3.715 3.864 3.864 3.900 3.936 3.972 4.008 4.044 4.083 4.128 4.174 4.219 4.264 4.251 4.229 4.206 4.184
3.906 3.837 3.767 3.698 3.628 3.559 3.489 3.420 3.351 3.292 3.214 3.136 3.058 2.903 2.903 2.825 2.747 2.669 2.645 2.654 2.662 2.671 2.679 2.688 2.696 2.704 2.713 2.721 2.730 2.667 2.667 2.710 2.723 2.736 2.749 2.762 2.775 2.788 2.801 2.814 2.827 2.840 2.868 2.914 2.960 3.053 3.053 3.099 3.145 3.191 3.237 3.265 3.279 3.293 3.307 3.359 3.437 3.514 3.592 3.670 3.734 3.806 3.806 3.842 3.878 3.915 3.951 3.987 4.026 4.072 4.117 4.162 4.208 4.253 4.267 4.244 4.221
4.104 3.985 3.866 3.747 3.628 3.508 3.389 3.270 3.154 3.150 3.112 3.034 2.957 2.801 2.801 2.723 2.645 2.567 2.546 2.555 2.563 2.571 2.580 2.588 2.597 2.605 2.614 2.622 2.630 2.673 2.673 2.686 2.699 2.712 2.725 2.738 2.751 2.764 2.777 2.790 2.802 2.815 2.847 2.893 2.939 3.032 3.032 3.078 3.124 3.170 3.216 3.263 3.305 3.320 3.334 3.391 3.469 3.547 3.604 3.640 3.676 3.748 3.749 3.785 3.821 3.857 3.893 3.929 3.970 4.015 4.060 4.106 4.151 4.196 4.242 4.282 4.259
3.869 3.749 3.630 3.511 3.392 3.272 3.153 3.034 2.948 2.944 2.940 2.933 2.855 2.699 2.699 2.621 2.543 2.465 2.447 2.455 2.464 2.472 2.481 2.489 2.497 2.506 2.514 2.537 2.571 2.634 2.634 2.661 2.675 2.688 2.701 2.714 2.727 2.740 2.752 2.765 2.778 2.791 2.826 2.872 2.918 3.011 3.011 3.057 3.103 3.149 3.195 3.242 3.288 3.334 3.360 3.423 3.474 3.510 3.546 3.582 3.619 3.691 3.691 3.727 3.763 3.799 3.835 3.871 3.913 3.958 4.004 4.049 4.094 4.140 4.185 4.230 4.276
3.633 3.513 3.394 3.275 3.156 3.037 2.917 2.798 2.742 2.738 2.734 2.730 2.726 2.597 2.597 2.519 2.441 2.364 2.347 2.356 2.364 2.373 2.381 2.390 2.398 2.423 2.458 2.492 2.527 2.589 2.589 2.616 2.643 2.664 2.677 2.690 2.702 2.715 2.728 2.741 2.754 2.767 2.805 2.851 2.897 2.990 2.990 3.036 3.082 3.128 3.174 3.221 3.267 3.313 3.340 3.380 3.416 3.452 3.489 3.525 3.561 3.633 3.633 3.669 3.705 3.741 3.777 3.813 3.856 3.902 3.947 3.992 4.038 4.083 4.128 4.174 4.219
3.397 3.278 3.158 3.039 2.920 2.801 2.681 2.562 2.536 2.532 2.528 2.524 2.520 2.495 2.495 2.418 2.340 2.262 2.248 2.256 2.265 2.273 2.282 2.310 2.344 2.379 2.413 2.448 2.483 2.543 2.544 2.571 2.598 2.626 2.652 2.665 2.678 2.691 2.704 2.717 2.730 2.743 2.784 2.830 2.876 2.969 2.969 3.015 3.061 3.107 3.153 3.199 3.222 3.246 3.269 3.313 3.357 3.395 3.431 3.467 3.503 3.575 3.575 3.611 3.647 3.684 3.720 3.756 3.800 3.845 3.890 3.936 3.981 4.026 4.072 4.117 4.162
3.128 3.042 2.922 2.803 2.684 2.565 2.446 2.334 2.330 2.326 2.322 2.318 2.314 2.306 2.306 2.302 2.238 2.160 2.149 2.157 2.166 2.196 2.231 2.265 2.300 2.334 2.369 2.404 2.438 2.498 2.498 2.526 2.553 2.581 2.608 2.635 2.654 2.667 2.680 2.693 2.706 2.719 2.763 2.809 2.855 2.948 2.948 2.994 3.040 3.081 3.104 3.128 3.151 3.174 3.200 3.244 3.288 3.332 3.373 3.409 3.445 3.518 3.518 3.554 3.590 3.626 3.662 3.698 3.743 3.788 3.834 3.879 3.924 3.970 4.015 4.060 4.106
2.836 2.780 2.687 2.567 2.448 2.329 2.210 2.128 2.124 2.120 2.116 2.112 2.108 2.100 2.100 2.096 2.092 2.058 2.049 2.082 2.117 2.152 2.186 2.221 2.255 2.290 2.325 2.359 2.394 2.453 2.453 2.481 2.508 2.535 2.563 2.590 2.618 2.643 2.656 2.669 2.682 2.696 2.742 2.788 2.834 2.927 2.927 2.963 2.986 3.010 3.033 3.056 3.080 3.103 3.131 3.176 3.220 3.264 3.308 3.351 3.388 3.460 3.460 3.496 3.532 3.568 3.604 3.641 3.687 3.732 3.777 3.822 3.868 3.913 3.959 4.004 4.049
2.544 2.488 2.432 2.331 2.212 2.093 1.974 1.922 1.918 1.914 1.910 1.906 1.902 1.894 1.894 1.890 1.917 1.984 2.003 2.038 2.073 2.107 2.142 2.176 2.211 2.246 2.280 2.315 2.350 2.408 2.408 2.435 2.463 2.490 2.518 2.545 2.572 2.600 2.627 2.645 2.657 2.675 2.721 2.767 2.813 2.868 2.868 2.892 2.915 2.938 2.962 2.985 3.008 3.032 3.063 3.107 3.151 3.195 3.239 3.283 3.327 3.402 3.402 3.438 3.474 3.510 3.546 3.585 3.630 3.675 3.720 3.766 3.811 3.857 3.902 3.947 3.993
2.251 2.195 2.140 2.084 1.976 1.857 1.738 1.716 1.712 1.708 1.704 1.700 1.696 1.777 1.777 1.844 1.911 1.973 1.987 2.000 2.028 2.063 2.098 2.132 2.167 2.201 2.236 2.271 2.305 2.363 2.363 2.390 2.418 2.445 2.473 2.500 2.527 2.555 2.582 2.609 2.633 2.654 2.700 2.727 2.750 2.797 2.797 2.820 2.844 2.867 2.890 2.914 2.937 2.960 2.994 3.038 3.082 3.126 3.170 3.214 3.258 3.344 3.344 3.380 3.417 3.453 3.489 3.528 3.573 3.619 3.664 3.709 3.755 3.800 3.850 3.918 3.987
1.959 1.903 1.848 1.792 1.736 1.621 1.514 1.510 1.506 1.502 1.502 1.569 1.636 1.770 1.770 1.837 1.904 1.957 1.970 1.984 1.998 2.019 2.053 2.088 2.122 2.157 2.192 2.226 2.261 2.318 2.318 2.345 2.373 2.400 2.427 2.455 2.482 2.510 2.537 2.564 2.592 2.613 2.632 2.656 2.679 2.726 2.726 2.749 2.772 2.796 2.819 2.842 2.866 2.889 2.925 2.969 3.013 3.057 3.101 3.145 3.189 3.277 3.277 3.322 3.359 3.395 3.431 3.471 3.517 3.562 3.607 3.653 3.710 3.778 3.847 3.916 3.984
1.666 1.611 1.555 1.499 1.444 1.386 1.308 1.304 1.361 1.428 1.495 1.562 1.629 1.763 1.763 1.830 1.897 1.941 1.954 1.968 1.982 1.995 2.009 2.043 2.078 2.113 2.147 2.182 2.217 2.273 2.273 2.300 2.327 2.355 2.382 2.410 2.437 2.464 2.493 2.524 2.555 2.572 2.573 2.585 2.608 2.654 2.654 2.678 2.701 2.724 2.748 2.771 2.794 2.818 2.857 2.901 2.945 2.989 3.033 3.077 3.121 3.209 3.209 3.253 3.297 3.337 3.373 3.415 3.460 3.505 3.570 3.639 3.707 3.776 3.845 3.913 3.982
1.666 1.611 1.555 1.499 1.444 1.385 1.308 1.304 1.361 1.428 1.495 1.562 1.629 1.763 1.763 1.830 1.897 1.941 1.954 1.968 1.982 1.995 2.009 2.044 2.078 2.113 2.147 2.182 2.217 2.273 2.273 2.300 2.327 2.355 2.382 2.410 2.437 2.464 2.493 2.524 2.555 2.572 2.573 2.584 2.608 2.654 2.654 2.678 2.701 2.724 2.748 2.771 2.794 2.818 2.857 2.901 2.945 2.989 3.033 3.077 3.121 3.209 3.209 3.253 3.297 3.337 3.373 3.415 3.460 3.505 3.570 3.638 3.707 3.776 3.844 3.913 3.982
1.374 1.318 1.263 1.207 1.166 1.173 1.220 1.287 1.354 1.421 1.488 1.555 1.622 1.756 1.756 1.823 1.890 1.925 1.938 1.952 1.966 1.979 1.993 2.006 2.034 2.068 2.103 2.138 2.172 2.227 2.227 2.255 2.282 2.310 2.337 2.364 2.394 2.425 2.456 2.487 2.518 2.531 2.532 2.533 2.536 2.583 2.583 2.606 2.630 2.653 2.676 2.700 2.723 2.746 2.788 2.832 2.876 2.920 2.964 3.008 3.052 3.140 3.140 3.184 3.228 3.272 3.315 3.361 3.430 3.499 3.567 3.636 3.705 3.773 3.842 3.910 3.979
1.110 1.116 1.123 1.129 1.136 1.142 1.208 1.280 1.348 1.415 1.482 1.549 1.616 1.749 1.750 1.816 1.883 1.909 1.922 1.936 1.949 1.963 1.976 1.990 2.004 2.024 2.059 2.093 2.128 2.182 2.182 2.210 2.237 2.265 2.296 2.327 2.357 2.388 2.419 2.450 2.481 2.490 2.491 2.492 2.493 2.512 2.512 2.535 2.558 2.582 2.605 2.628 2.652 2.675 2.719 2.763 2.807 2.851 2.895 2.939 2.983 3.071 3.071 3.115 3.159 3.215 3.283 3.357 3.427 3.496 3.565 3.633 3.702 3.771 3.839 3.908 3.976
1.049 1.055 1.061 1.068 1.074 1.109 1.182 1.254 1.327 1.399 1.468 1.535 1.602 1.736 1.736 1.803 1.863 1.876 1.890 1.904 1.917 1.931 1.944 1.958 1.971 1.985 1.998 2.012 2.037 2.098 2.098 2.129 2.160 2.191 2.222 2.253 2.283 2.314 2.345 2.376 2.406 2.407 2.409 2.410 2.411 2.413 2.413 2.414 2.416 2.439 2.463 2.486 2.509 2.538 2.582 2.626 2.670 2.714 2.758 2.802 2.849 2.986 2.986 3.055 3.123 3.192 3.261 3.336 3.410 3.485 3.559 3.628 3.697 3.765 3.834 3.903 3.971
1.018 1.024 1.031 1.037 1.043 1.096 1.169 1.241 1.314 1.386 1.459 1.528 1.595 1.729 1.729 1.796 1.847 1.860 1.874 1.887 1.901 1.915 1.928 1.942 1.955 1.969 1.982 1.994 2.008 2.061 2.061 2.092 2.123 2.154 2.185 2.216 2.247 2.277 2.308 2.339 2.365 2.366 2.368 2.369 2.370 2.372 2.372 2.373 2.374 2.376 2.391 2.415 2.438 2.469 2.513 2.557 2.601 2.645 2.701 2.769 2.838 2.975 2.975 3.043 3.111 3.180 3.250 3.325 3.400 3.474 3.549 3.624 3.694 3.763 3.831 3.900 3.969
0.987 0.994 1.000 1.006 1.013 1.083 1.156 1.228 1.301 1.373 1.446 1.518 1.588 1.722 1.722 1.789 1.831 1.844 1.858 1.871 1.885 1.898 1.912 1.926 1.938 1.949 1.961 1.973 1.988 2.024 2.024 2.055 2.086 2.117 2.148 2.179 2.210 2.241 2.271 2.302 2.324 2.325 2.326 2.328 2.329 2.331 2.331 2.332 2.333 2.335 2.336 2.343 2.367 2.400 2.444 2.488 2.552 2.621 2.689 2.758 2.826 2.963 2.963 3.031 3.100 3.168 3.239 3.314 3.389 3.464 3.538 3.613 3.688 3.760 3.829 3.897 3.966
0.956 0.963 0.969 0.975 0.998 1.070 1.143 1.215 1.288 1.360 1.433 1.505 1.578 1.715 1.715 1.782 1.815 1.828 1.842 1.855 1.869 1.881 1.893 1.905 1.917 1.928 1.940 1.952 1.968 2.003 2.004 2.021 2.049 2.080 2.111 2.142 2.173 2.204 2.234 2.265 2.283 2.284 2.285 2.287 2.288 2.290 2.290 2.291 2.292 2.293 2.295 2.296 2.297 2.335 2.404 2.472 2.541 2.609 2.677 2.746 2.814 2.951 2.951 3.020 3.088 3.157 3.229 3.304 3.378 3.453 3.528 3.603 3.677 3.752 3.826 3.895 3.963
0.926 0.932 0.938 0.945 0.985 1.057 1.130 1.202 1.275 1.347 1.420 1.492 1.565 1.709 1.709 1.776 1.798 1.812 1.825 1.837 1.849 1.861 1.872 1.884 1.896 1.908 1.919 1.931 1.948 1.984 1.984 2.002 2.019 2.043 2.074 2.105 2.136 2.167 2.197 2.228 2.242 2.243 2.244 2.246 2.247 2.249 2.249 2.250 2.251 2.252 2.254 2.277 2.318 2.343 2.392 2.461 2.529 2.597 2.666 2.734 2.803 2.940 2.940 3.008 3.077 3.145 3.218 3.293 3.368 3.442 3.517 3.592 3.667 3.741 3.816 3.891 3.961
