includes/lisflood/camargue/results_R4_t1.561741501247E12/res-0013.wdfp
ncols         906
nrows         631
xllcorner     362177.146667
yllcorner     6534725.688020
cellsize      20.000000
NODATA_value  -9999.000000
[rows 544 to 577 of 631, columns 539 to 615 of 906]
1.229 1.229 1.251 1.273 1.296 1.318 1.340 1.362 1.370 1.356 1.342 1.328 1.315 1.301 1.287 1.273 1.260 1.260 1.232 1.228 1.224 1.220 1.226 1.237 1.248 1.259 1.270 1.282 1.293 1.304 1.316 1.327 1.339 1.339 1.362 1.375 1.408 1.442 1.475 1.509 1.542 1.575 1.609 1.642 1.671 1.692 1.713 1.735 1.756 1.756 1.752 1.747 1.742 1.737 1.732 1.733 1.735 1.737 1.740 1.742 1.744 1.746 1.753 1.760 1.768 1.768 1.783 1.853 1.932 2.012 2.091 2.170 2.249 2.329 2.408 2.476 2.542
1.251 1.251 1.273 1.295 1.318 1.340 1.362 1.384 1.390 1.377 1.363 1.349 1.335 1.322 1.308 1.294 1.281 1.281 1.270 1.265 1.261 1.257 1.264 1.274 1.285 1.296 1.306 1.317 1.329 1.340 1.352 1.363 1.374 1.375 1.397 1.411 1.444 1.477 1.511 1.544 1.578 1.611 1.644 1.667 1.688 1.709 1.731 1.752 1.774 1.774 1.770 1.766 1.761 1.756 1.751 1.747 1.742 1.742 1.744 1.746 1.748 1.751 1.757 1.764 1.772 1.772 1.875 1.954 2.033 2.113 2.192 2.271 2.350 2.429 2.509 2.578 2.644
1.273 1.273 1.295 1.317 1.339 1.362 1.384 1.406 1.411 1.398 1.384 1.370 1.356 1.342 1.329 1.319 1.315 1.315 1.307 1.303 1.298 1.294 1.301 1.312 1.322 1.333 1.344 1.354 1.365 1.376 1.387 1.399 1.410 1.410 1.433 1.446 1.480 1.513 1.546 1.580 1.613 1.641 1.663 1.684 1.705 1.727 1.748 1.770 1.791 1.791 1.789 1.785 1.780 1.775 1.770 1.765 1.761 1.756 1.751 1.750 1.753 1.755 1.761 1.768 1.817 1.817 1.975 2.055 2.134 2.213 2.292 2.372 2.451 2.530 2.609 2.679 2.746
1.295 1.295 1.317 1.339 1.361 1.383 1.406 1.428 1.432 1.418 1.404 1.391 1.377 1.365 1.360 1.356 1.352 1.352 1.344 1.340 1.335 1.331 1.338 1.349 1.359 1.370 1.381 1.391 1.402 1.413 1.423 1.434 1.446 1.446 1.469 1.482 1.515 1.548 1.582 1.615 1.637 1.659 1.680 1.702 1.723 1.744 1.766 1.787 1.809 1.809 1.808 1.803 1.799 1.794 1.789 1.784 1.780 1.775 1.770 1.765 1.761 1.759 1.765 1.838 1.918 1.918 2.076 2.156 2.235 2.314 2.393 2.472 2.551 2.631 2.710 2.781 2.848
1.317 1.318 1.339 1.361 1.383 1.405 1.427 1.449 1.453 1.439 1.425 1.411 1.406 1.402 1.398 1.393 1.389 1.389 1.381 1.377 1.372 1.368 1.375 1.386 1.397 1.407 1.418 1.429 1.439 1.450 1.460 1.471 1.482 1.482 1.504 1.517 1.551 1.584 1.612 1.633 1.655 1.676 1.698 1.719 1.740 1.762 1.783 1.805 1.826 1.826 1.827 1.822 1.818 1.813 1.808 1.803 1.799 1.794 1.789 1.784 1.780 1.793 1.862 1.939 2.019 2.019 2.177 2.256 2.335 2.415 2.494 2.573 2.652 2.731 2.810 2.883 2.950
1.340 1.340 1.362 1.384 1.405 1.427 1.449 1.471 1.473 1.460 1.452 1.447 1.443 1.439 1.435 1.431 1.426 1.426 1.418 1.414 1.409 1.405 1.413 1.423 1.434 1.444 1.455 1.466 1.476 1.487 1.497 1.508 1.519 1.519 1.540 1.553 1.586 1.608 1.629 1.651 1.672 1.694 1.715 1.736 1.758 1.779 1.800 1.822 1.843 1.844 1.846 1.841 1.836 1.832 1.827 1.822 1.817 1.813 1.808 1.803 1.841 1.901 1.967 2.045 2.122 2.122 2.278 2.357 2.436 2.515 2.594 2.673 2.753 2.832 2.911 2.985 3.051
1.362 1.362 1.384 1.406 1.428 1.449 1.471 1.493 1.497 1.493 1.489 1.484 1.480 1.476 1.472 1.468 1.463 1.463 1.455 1.451 1.446 1.442 1.450 1.460 1.471 1.482 1.492 1.503 1.513 1.524 1.535 1.545 1.556 1.556 1.577 1.582 1.604 1.625 1.647 1.668 1.689 1.711 1.732 1.754 1.775 1.796 1.818 1.839 1.861 1.861 1.865 1.860 1.855 1.851 1.846 1.841 1.836 1.832 1.828 1.888 1.948 2.008 2.073 2.150 2.227 2.228 2.381 2.458 2.537 2.616 2.695 2.774 2.853 2.932 3.011 3.087 3.153
1.385 1.385 1.406 1.428 1.450 1.472 1.493 1.512 1.524 1.530 1.526 1.522 1.517 1.513 1.509 1.505 1.500 1.501 1.492 1.488 1.484 1.479 1.487 1.498 1.508 1.519 1.529 1.540 1.551 1.561 1.572 1.582 1.593 1.593 1.599 1.597 1.619 1.642 1.664 1.685 1.707 1.728 1.750 1.771 1.792 1.814 1.835 1.857 1.878 1.878 1.884 1.879 1.874 1.869 1.865 1.860 1.855 1.875 1.935 1.996 2.056 2.116 2.179 2.256 2.333 2.333 2.487 2.564 2.641 2.718 2.796 2.875 2.954 3.033 3.112 3.189 3.255
1.407 1.407 1.429 1.451 1.472 1.491 1.510 1.529 1.541 1.549 1.557 1.559 1.554 1.550 1.546 1.542 1.537 1.538 1.529 1.525 1.521 1.516 1.524 1.535 1.546 1.556 1.567 1.577 1.588 1.598 1.609 1.619 1.620 1.620 1.614 1.612 1.634 1.657 1.680 1.702 1.724 1.746 1.767 1.788 1.810 1.831 1.853 1.874 1.896 1.896 1.902 1.898 1.893 1.888 1.884 1.879 1.923 1.983 2.043 2.103 2.163 2.223 2.284 2.361 2.438 2.439 2.592 2.670 2.747 2.824 2.901 2.978 3.055 3.133 3.213 3.290 3.357
1.429 1.429 1.451 1.471 1.490 1.508 1.527 1.546 1.557 1.565 1.573 1.581 1.589 1.587 1.583 1.579 1.574 1.575 1.566 1.562 1.558 1.553 1.562 1.572 1.583 1.593 1.604 1.614 1.625 1.635 1.641 1.638 1.635 1.635 1.630 1.627 1.649 1.672 1.694 1.717 1.740 1.762 1.784 1.806 1.827 1.849 1.870 1.891 1.913 1.913 1.921 1.917 1.912 1.907 1.910 1.970 2.030 2.090 2.150 2.210 2.270 2.331 2.390 2.467 2.544 2.544 2.698 2.775 2.852 2.929 3.006 3.083 3.160 3.237 3.314 3.392 3.465
1.450 1.450 1.469 1.488 1.506 1.525 1.544 1.563 1.574 1.582 1.589 1.598 1.606 1.613 1.620 1.616 1.611 1.612 1.603 1.599 1.595 1.590 1.599 1.609 1.620 1.630 1.641 1.651 1.662 1.659 1.656 1.654 1.651 1.651 1.645 1.643 1.664 1.687 1.709 1.732 1.755 1.777 1.800 1.822 1.845 1.866 1.887 1.909 1.930 1.930 1.940 1.935 1.931 1.957 2.017 2.077 2.137 2.197 2.257 2.318 2.378 2.438 2.498 2.572 2.649 2.650 2.803 2.881 2.957 3.035 3.112 3.189 3.266 3.343 3.420 3.519 3.590
1.467 1.467 1.486 1.505 1.523 1.542 1.561 1.580 1.590 1.598 1.606 1.614 1.622 1.630 1.638 1.646 1.649 1.649 1.640 1.636 1.631 1.627 1.636 1.647 1.657 1.668 1.678 1.680 1.678 1.675 1.672 1.669 1.667 1.667 1.661 1.658 1.679 1.701 1.724 1.747 1.769 1.792 1.815 1.837 1.860 1.883 1.905 1.926 1.948 1.948 1.959 1.954 2.004 2.064 2.124 2.184 2.244 2.305 2.365 2.425 2.485 2.545 2.605 2.678 2.755 2.755 2.909 2.986 3.063 3.140 3.217 3.294 3.371 3.454 3.554 3.654 3.728
1.468 1.468 1.487 1.505 1.524 1.543 1.562 1.580 1.591 1.599 1.607 1.615 1.623 1.631 1.638 1.646 1.649 1.649 1.641 1.636 1.632 1.628 1.636 1.647 1.658 1.668 1.679 1.681 1.678 1.675 1.673 1.670 1.667 1.667 1.661 1.659 1.679 1.702 1.725 1.747 1.770 1.792 1.815 1.838 1.860 1.883 1.905 1.927 1.948 1.948 1.959 1.955 2.004 2.065 2.125 2.185 2.245 2.305 2.365 2.425 2.485 2.545 2.605 2.678 2.755 2.755 2.909 2.986 3.063 3.140 3.217 3.294 3.371 3.455 3.554 3.654 3.729
1.485 1.485 1.503 1.522 1.541 1.560 1.578 1.597 1.607 1.615 1.623 1.631 1.639 1.647 1.655 1.663 1.671 1.671 1.678 1.673 1.669 1.665 1.674 1.684 1.695 1.702 1.699 1.696 1.694 1.691 1.688 1.685 1.683 1.683 1.677 1.674 1.694 1.717 1.739 1.762 1.785 1.807 1.830 1.853 1.875 1.898 1.921 1.943 1.966 1.966 1.992 2.052 2.112 2.172 2.232 2.292 2.352 2.412 2.472 2.532 2.592 2.652 2.712 2.784 2.861 2.861 3.015 3.092 3.169 3.246 3.323 3.400 3.489 3.589 3.689 3.788 3.867
1.502 1.502 1.520 1.539 1.558 1.576 1.595 1.614 1.623 1.631 1.639 1.647 1.655 1.663 1.671 1.679 1.687 1.687 1.703 1.710 1.706 1.702 1.711 1.721 1.720 1.718 1.715 1.712 1.709 1.707 1.704 1.701 1.698 1.698 1.693 1.690 1.709 1.732 1.754 1.777 1.799 1.822 1.845 1.867 1.890 1.913 1.935 1.958 1.981 1.981 2.099 2.159 2.219 2.279 2.339 2.399 2.459 2.519 2.579 2.640 2.700 2.760 2.820 2.889 2.966 2.966 3.120 3.197 3.274 3.351 3.428 3.524 3.624 3.723 3.823 3.923 4.006
1.535 1.535 1.553 1.572 1.591 1.610 1.628 1.647 1.656 1.663 1.671 1.679 1.687 1.695 1.703 1.711 1.719 1.719 1.735 1.743 1.766 1.839 1.781 1.754 1.751 1.748 1.746 1.743 1.740 1.737 1.734 1.732 1.729 1.729 1.723 1.720 1.738 1.761 1.783 1.806 1.829 1.851 1.874 1.897 1.919 1.942 1.984 2.058 2.131 2.131 2.274 2.343 2.412 2.480 2.549 2.613 2.674 2.734 2.794 2.854 2.914 2.974 3.034 3.100 3.177 3.177 3.331 3.408 3.494 3.593 3.693 3.793 3.892 3.992 4.092 4.191 4.283
1.551 1.551 1.570 1.589 1.608 1.626 1.645 1.664 1.672 1.680 1.688 1.696 1.704 1.712 1.720 1.728 1.736 1.736 1.753 1.826 1.899 1.971 1.910 1.843 1.777 1.764 1.761 1.758 1.756 1.753 1.750 1.747 1.744 1.744 1.739 1.736 1.753 1.776 1.798 1.821 1.843 1.866 1.889 1.911 1.934 1.997 2.070 2.143 2.217 2.217 2.360 2.429 2.498 2.567 2.635 2.704 2.773 2.841 2.901 2.961 3.021 3.081 3.141 3.205 3.282 3.282 3.436 3.528 3.628 3.728 3.827 3.927 4.027 4.126 4.226 4.326 4.422
1.568 1.568 1.587 1.606 1.624 1.643 1.662 1.680 1.688 1.696 1.704 1.712 1.720 1.728 1.736 1.744 1.752 1.752 1.886 1.958 2.031 2.104 2.039 1.972 1.906 1.840 1.777 1.774 1.771 1.768 1.766 1.763 1.760 1.760 1.754 1.751 1.768 1.790 1.813 1.836 1.858 1.881 1.904 1.936 2.009 2.082 2.156 2.229 2.302 2.302 2.446 2.515 2.584 2.653 2.722 2.790 2.859 2.928 2.997 3.066 3.128 3.188 3.248 3.310 3.387 3.388 3.563 3.663 3.762 3.862 3.962 4.061 4.161 4.261 4.360 4.460 4.560
1.585 1.585 1.604 1.622 1.641 1.660 1.679 1.697 1.705 1.712 1.720 1.728 1.736 1.744 1.752 1.800 1.873 1.873 2.018 2.091 2.164 2.234 2.167 2.101 2.035 1.969 1.902 1.836 1.787 1.784 1.781 1.778 1.775 1.775 1.770 1.767 1.783 1.805 1.828 1.850 1.873 1.896 1.948 2.021 2.095 2.168 2.241 2.315 2.388 2.388 2.532 2.601 2.670 2.739 2.808 2.876 2.945 3.014 3.083 3.152 3.221 3.290 3.355 3.416 3.498 3.498 3.697 3.797 3.897 3.996 4.096 4.196 4.295 4.395 4.495 4.594 4.694
1.644 1.644 1.620 1.639 1.658 1.677 1.695 1.713 1.721 1.729 1.737 1.745 1.753 1.787 1.859 1.932 2.005 2.005 2.151 2.223 2.296 2.363 2.296 2.230 2.164 2.097 2.031 1.965 1.899 1.832 1.797 1.794 1.791 1.791 1.785 1.782 1.797 1.820 1.843 1.865 1.888 1.960 2.034 2.107 2.180 2.254 2.327 2.400 2.474 2.474 2.618 2.687 2.756 2.825 2.893 2.962 3.031 3.100 3.169 3.238 3.307 3.376 3.445 3.536 3.633 3.633 3.832 3.931 4.031 4.131 4.230 4.330 4.430 4.529 4.629 4.729 4.828
1.794 1.794 1.730 1.666 1.675 1.693 1.712 1.729 1.737 1.745 1.753 1.774 1.846 1.919 1.992 2.065 2.138 2.138 2.283 2.356 2.429 2.492 2.425 2.359 2.293 2.226 2.160 2.094 2.027 1.961 1.895 1.828 1.806 1.806 1.801 1.798 1.812 1.835 1.857 1.900 1.973 2.046 2.119 2.193 2.266 2.339 2.413 2.486 2.559 2.559 2.704 2.773 2.842 2.911 2.980 3.048 3.117 3.186 3.255 3.324 3.393 3.462 3.563 3.678 3.778 3.778 3.969 4.066 4.165 4.265 4.365 4.464 4.564 4.664 4.763 4.863 4.963
1.945 1.945 1.880 1.816 1.752 1.710 1.729 1.745 1.753 1.761 1.833 1.906 1.979 2.052 2.124 2.197 2.270 2.270 2.415 2.488 2.561 2.620 2.554 2.488 2.421 2.355 2.289 2.223 2.156 2.090 2.023 1.957 1.891 1.891 1.816 1.813 1.827 1.849 1.912 1.985 2.058 2.132 2.205 2.278 2.352 2.425 2.498 2.571 2.645 2.645 2.790 2.859 2.928 2.997 3.065 3.134 3.203 3.272 3.341 3.410 3.479 3.591 3.706 3.821 3.924 3.924 4.115 4.210 4.306 4.401 4.499 4.599 4.698 4.798 4.898 4.997 5.097
2.095 2.095 2.031 1.966 1.902 1.838 1.773 1.761 1.820 1.893 1.966 2.038 2.111 2.184 2.257 2.330 2.402 2.402 2.548 2.621 2.693 2.749 2.683 2.616 2.550 2.484 2.418 2.351 2.285 2.219 2.152 2.086 2.020 2.020 1.887 1.829 1.851 1.924 1.998 2.071 2.144 2.217 2.291 2.364 2.437 2.511 2.584 2.657 2.730 2.730 2.876 2.945 3.014 3.083 3.151 3.220 3.289 3.358 3.427 3.504 3.619 3.734 3.849 3.964 4.070 4.070 4.261 4.356 4.451 4.547 4.642 4.738 4.833 4.932 5.032 5.132 5.231
2.245 2.246 2.181 2.117 2.052 1.988 1.938 1.918 1.952 2.025 2.098 2.171 2.244 2.316 2.389 2.462 2.535 2.535 2.680 2.753 2.826 2.878 2.812 2.745 2.679 2.613 2.546 2.480 2.414 2.347 2.281 2.215 2.148 2.148 2.016 1.985 1.989 2.012 2.083 2.157 2.230 2.303 2.376 2.450 2.523 2.596 2.669 2.743 2.816 2.816 2.962 3.031 3.100 3.169 3.237 3.306 3.375 3.444 3.532 3.646 3.761 3.876 3.991 4.106 4.215 4.215 4.406 4.502 4.597 4.692 4.788 4.883 4.979 5.074 5.170 5.266 5.366
2.396 2.396 2.331 2.267 2.216 2.173 2.130 2.116 2.147 2.179 2.230 2.303 2.376 2.449 2.521 2.594 2.667 2.667 2.812 2.885 2.958 3.006 2.940 2.874 2.808 2.741 2.675 2.609 2.542 2.476 2.410 2.343 2.277 2.277 2.211 2.189 2.190 2.214 2.237 2.261 2.315 2.389 2.462 2.535 2.608 2.682 2.755 2.828 2.901 2.901 3.048 3.117 3.186 3.255 3.323 3.392 3.461 3.559 3.674 3.789 3.904 4.019 4.134 4.249 4.361 4.361 4.552 4.647 4.743 4.838 4.934 5.029 5.124 5.220 5.315 5.411 5.506
2.546 2.546 2.493 2.450 2.408 2.365 2.322 2.313 2.345 2.377 2.408 2.440 2.508 2.581 2.654 2.727 2.799 2.799 2.945 3.017 3.090 3.135 3.069 3.003 2.936 2.870 2.804 2.737 2.671 2.605 2.538 2.480 2.458 2.458 2.415 2.393 2.392 2.415 2.439 2.462 2.486 2.509 2.547 2.621 2.694 2.767 2.840 2.914 2.987 2.987 3.133 3.203 3.272 3.340 3.409 3.478 3.587 3.702 3.817 3.932 4.047 4.161 4.276 4.391 4.506 4.506 4.697 4.793 4.888 4.984 5.079 5.174 5.270 5.365 5.461 5.556 5.614
2.728 2.728 2.685 2.642 2.600 2.557 2.514 2.511 2.542 2.574 2.606 2.637 2.669 2.713 2.786 2.859 2.931 2.931 3.077 3.150 3.223 3.264 3.197 3.131 3.065 2.999 2.932 2.866 2.800 2.733 2.706 2.684 2.662 2.662 2.619 2.597 2.594 2.617 2.640 2.664 2.687 2.711 2.734 2.758 2.781 2.853 2.926 2.999 3.072 3.072 3.219 3.289 3.358 3.426 3.500 3.615 3.730 3.845 3.959 4.074 4.189 4.304 4.419 4.534 4.649 4.649 4.843 4.938 5.034 5.129 5.225 5.320 5.416 5.511 5.606 5.651 5.674
2.920 2.920 2.877 2.834 2.792 2.749 2.706 2.708 2.740 2.772 2.803 2.835 2.866 2.898 2.929 2.991 3.064 3.064 3.209 3.282 3.355 3.392 3.326 3.260 3.194 3.127 3.061 2.995 2.953 2.931 2.910 2.888 2.866 2.866 2.823 2.801 2.795 2.819 2.842 2.866 2.889 2.912 2.936 2.959 2.983 3.006 3.030 3.085 3.158 3.158 3.304 3.375 3.444 3.528 3.642 3.757 3.872 3.987 4.102 4.217 4.332 4.447 4.561 4.676 4.791 4.791 4.988 5.084 5.179 5.275 5.370 5.466 5.561 5.656 5.688 5.711 5.734
2.920 2.920 2.877 2.835 2.792 2.749 2.707 2.709 2.740 2.772 2.803 2.835 2.867 2.898 2.930 2.991 3.064 3.064 3.209 3.282 3.355 3.393 3.326 3.260 3.194 3.127 3.061 2.995 2.953 2.932 2.910 2.888 2.866 2.866 2.823 2.801 2.795 2.819 2.842 2.866 2.889 2.913 2.936 2.959 2.983 3.006 3.030 3.085 3.158 3.158 3.305 3.375 3.444 3.528 3.643 3.757 3.872 3.987 4.102 4.217 4.332 4.447 4.562 4.677 4.791 4.791 4.989 5.084 5.179 5.275 5.370 5.466 5.561 5.657 5.688 5.711 5.734
3.112 3.112 3.069 3.027 2.984 2.941 2.899 2.906 2.938 2.969 3.001 3.032 3.064 3.096 3.127 3.159 3.196 3.196 3.342 3.414 3.487 3.521 3.455 3.389 3.322 3.256 3.201 3.179 3.157 3.136 3.114 3.092 3.070 3.070 3.027 3.005 2.997 3.020 3.044 3.067 3.091 3.114 3.138 3.161 3.184 3.208 3.231 3.255 3.278 3.278 3.390 3.461 3.555 3.670 3.785 3.900 4.015 4.130 4.245 4.360 4.474 4.589 4.704 4.819 4.934 4.934 5.134 5.230 5.325 5.420 5.516 5.611 5.702 5.725 5.748 5.771 5.793
3.304 3.304 3.261 3.219 3.176 3.133 3.091 3.104 3.135 3.167 3.198 3.230 3.262 3.293 3.325 3.356 3.388 3.388 3.474 3.547 3.619 3.650 3.584 3.517 3.451 3.427 3.405 3.383 3.361 3.339 3.318 3.296 3.274 3.274 3.231 3.209 3.199 3.222 3.245 3.269 3.292 3.316 3.339 3.363 3.386 3.410 3.433 3.456 3.480 3.480 3.527 3.584 3.698 3.813 3.928 4.043 4.158 4.272 4.387 4.502 4.617 4.732 4.847 4.962 5.077 5.077 5.280 5.375 5.471 5.566 5.661 5.739 5.762 5.785 5.807 5.830 5.853
3.688 3.688 3.645 3.602 3.560 3.517 3.474 3.499 3.530 3.562 3.593 3.625 3.656 3.688 3.720 3.751 3.783 3.783 3.846 3.877 3.909 3.921 3.900 3.878 3.856 3.834 3.812 3.791 3.769 3.747 3.725 3.704 3.682 3.682 3.638 3.617 3.602 3.625 3.648 3.672 3.695 3.719 3.742 3.766 3.789 3.812 3.836 3.859 3.882 3.882 3.894 3.901 4.011 4.120 4.230 4.340 4.450 4.559 4.672 4.787 4.902 5.017 5.132 5.247 5.361 5.361 5.571 5.666 5.762 5.813 5.835 5.858 5.881 5.904 5.927 5.950 5.973
3.880 3.880 3.837 3.794 3.752 3.709 3.666 3.696 3.728 3.759 3.791 3.822 3.854 3.886 3.917 3.949 3.980 3.980 4.043 4.062 4.060 4.071 4.096 4.082 4.060 4.038 4.016 3.995 3.973 3.951 3.929 3.908 3.886 3.886 3.842 3.820 3.803 3.827 3.850 3.873 3.897 3.920 3.944 3.967 3.991 4.014 4.038 4.058 4.064 4.064 4.076 4.082 4.169 4.279 4.389 4.498 4.608 4.718 4.828 4.937 5.047 5.159 5.274 5.389 5.504 5.504 5.716 5.812 5.850 5.872 5.895 5.918 5.941 5.964 5.987 6.009 6.032
4.071 4.072 4.029 3.986 3.944 3.901 3.862 3.894 3.925 3.957 3.988 4.020 4.052 4.083 4.115 4.146 4.178 4.178 4.192 4.191 4.189 4.202 4.227 4.252 4.264 4.242 4.220 4.199 4.177 4.155 4.133 4.111 4.090 4.090 4.046 4.024 4.005 4.028 4.051 4.075 4.098 4.122 4.145 4.169 4.192 4.216 4.233 4.240 4.246 4.246 4.258 4.264 4.327 4.437 4.547 4.657 4.766 4.876 4.986 5.096 5.205 5.315 5.425 5.535 5.647 5.647 5.862 5.886 5.909 5.932 5.955 5.978 6.001 6.023 6.046 6.069 6.092
