includes/lisflood/camargue/results_R4_t1.561741501247E12/res-0014.wd
ncols         906
nrows         631
xllcorner     362177.146667
yllcorner     6534725.688020
cellsize      20.000000
NODATA_value  -9999.000000
[rows 510 to 543 of 631, columns 231 to 307 of 906]
1.891 1.936 2.027 2.027 2.080 2.134 2.188 2.242 2.297 2.334 2.344 2.355 2.366 2.376 2.387 2.420 2.452 2.484 2.549 2.549 2.581 2.611 2.642 2.672 2.702 2.733 2.754 2.775 2.797 2.818 2.839 2.860 2.814 2.758 2.645 2.645 2.589 2.532 2.476 2.454 2.438 2.423 2.408 2.381 2.337 2.293 2.249 2.226 2.226 2.227 2.227 2.227 2.227 2.227 2.212 2.175 2.138 2.101 2.064 2.027 1.990 1.998 2.016 2.035 2.053 2.072 2.032 2.032 1.881 1.805 1.730 1.654 1.579 1.535 1.533 1.532 1.530
2.013 2.059 2.150 2.150 2.195 2.241 2.286 2.335 2.389 2.428 2.439 2.458 2.490 2.522 2.555 2.587 2.620 2.652 2.717 2.717 2.749 2.779 2.809 2.840 2.870 2.900 2.931 2.961 2.991 3.014 3.035 3.056 3.005 2.949 2.859 2.859 2.844 2.828 2.813 2.798 2.783 2.767 2.752 2.724 2.680 2.636 2.592 2.548 2.504 2.460 2.427 2.427 2.427 2.427 2.419 2.382 2.344 2.307 2.300 2.318 2.336 2.355 2.373 2.392 2.410 2.429 2.403 2.404 2.253 2.177 2.102 2.026 1.950 1.875 1.799 1.724 1.648
2.074 2.120 2.211 2.211 2.257 2.302 2.348 2.393 2.439 2.477 2.509 2.542 2.574 2.607 2.639 2.671 2.704 2.736 2.801 2.801 2.833 2.863 2.893 2.924 2.954 2.984 3.015 3.045 3.075 3.106 3.133 3.154 3.101 3.062 3.031 3.031 3.016 3.001 2.985 2.970 2.955 2.939 2.924 2.896 2.852 2.808 2.764 2.720 2.676 2.632 2.588 2.588 2.528 2.528 2.522 2.485 2.448 2.460 2.478 2.497 2.515 2.534 2.552 2.570 2.589 2.607 2.589 2.590 2.438 2.363 2.287 2.212 2.136 2.061 1.985 1.910 1.834
2.136 2.181 2.272 2.273 2.318 2.364 2.409 2.455 2.532 2.588 2.593 2.626 2.658 2.691 2.723 2.755 2.788 2.820 2.885 2.885 2.917 2.947 2.977 3.008 3.038 3.068 3.099 3.129 3.159 3.189 3.220 3.253 3.249 3.234 3.203 3.203 3.188 3.173 3.158 3.142 3.127 3.112 3.096 3.068 3.024 2.980 2.936 2.892 2.848 2.804 2.760 2.760 2.672 2.629 2.625 2.601 2.620 2.638 2.657 2.675 2.694 2.712 2.730 2.749 2.767 2.786 2.775 2.775 2.624 2.549 2.473 2.398 2.322 2.247 2.171 2.096 2.020
2.197 2.243 2.334 2.334 2.380 2.425 2.493 2.578 2.663 2.716 2.720 2.725 2.742 2.775 2.807 2.839 2.872 2.904 2.969 2.969 3.001 3.031 3.061 3.092 3.122 3.152 3.182 3.213 3.243 3.275 3.314 3.352 3.384 3.406 3.376 3.376 3.360 3.345 3.330 3.314 3.299 3.284 3.269 3.239 3.195 3.151 3.107 3.063 3.019 2.975 2.931 2.931 2.843 2.799 2.744 2.780 2.798 2.817 2.835 2.854 2.872 2.890 2.909 2.927 2.946 2.964 2.961 2.961 2.810 2.735 2.659 2.584 2.508 2.433 2.357 2.282 2.206
2.259 2.304 2.395 2.395 2.453 2.538 2.624 2.708 2.794 2.843 2.848 2.852 2.857 2.862 2.891 2.923 2.956 2.988 3.053 3.053 3.085 3.115 3.145 3.176 3.206 3.236 3.266 3.297 3.336 3.374 3.413 3.452 3.484 3.516 3.548 3.548 3.533 3.517 3.502 3.486 3.471 3.456 3.441 3.411 3.367 3.323 3.279 3.235 3.191 3.147 3.103 3.103 3.005 2.939 2.875 2.919 2.963 2.995 3.014 3.032 3.051 3.069 3.088 3.106 3.124 3.143 3.147 3.147 2.996 2.921 2.845 2.770 2.694 2.619 2.543 2.468 2.392
2.320 2.366 2.499 2.499 2.584 2.669 2.754 2.839 2.924 2.970 2.975 2.979 2.984 2.989 2.993 3.007 3.040 3.072 3.137 3.137 3.168 3.199 3.229 3.259 3.290 3.320 3.358 3.397 3.435 3.474 3.513 3.551 3.583 3.615 3.679 3.679 3.705 3.689 3.674 3.659 3.643 3.628 3.613 3.582 3.539 3.495 3.451 3.407 3.363 3.319 3.270 3.270 3.138 3.072 3.006 3.050 3.095 3.139 3.183 3.211 3.229 3.248 3.266 3.284 3.303 3.321 3.333 3.333 3.182 3.106 3.031 2.956 2.880 2.805 2.729 2.654 2.568
2.382 2.460 2.630 2.630 2.715 2.800 2.885 2.970 3.055 3.097 3.102 3.106 3.111 3.116 3.121 3.125 3.130 3.156 3.221 3.221 3.252 3.283 3.313 3.343 3.380 3.419 3.457 3.496 3.535 3.574 3.613 3.650 3.682 3.715 3.779 3.779 3.811 3.843 3.846 3.831 3.816 3.800 3.785 3.754 3.710 3.666 3.622 3.578 3.534 3.470 3.404 3.404 3.272 3.206 3.140 3.182 3.226 3.270 3.314 3.358 3.402 3.426 3.444 3.463 3.481 3.500 3.518 3.518 3.368 3.292 3.217 3.141 3.066 2.990 2.904 2.817 2.730
2.505 2.590 2.760 2.760 2.845 2.930 3.016 3.101 3.186 3.224 3.229 3.234 3.238 3.243 3.248 3.252 3.257 3.262 3.305 3.305 3.336 3.367 3.402 3.441 3.480 3.518 3.557 3.596 3.635 3.674 3.712 3.750 3.782 3.814 3.878 3.878 3.910 3.943 3.975 4.003 3.988 3.972 3.957 3.926 3.882 3.838 3.794 3.735 3.669 3.603 3.537 3.537 3.405 3.339 3.273 3.313 3.357 3.401 3.445 3.489 3.534 3.578 3.622 3.642 3.660 3.678 3.697 3.697 3.554 3.478 3.403 3.327 3.240 3.153 3.066 2.979 2.892
2.636 2.721 2.891 2.891 2.976 3.061 3.146 3.231 3.316 3.351 3.356 3.361 3.365 3.370 3.375 3.379 3.384 3.389 3.398 3.398 3.424 3.463 3.502 3.540 3.579 3.618 3.657 3.696 3.734 3.773 3.812 3.849 3.881 3.914 3.978 3.978 4.010 4.042 4.074 4.106 4.138 4.144 4.129 4.097 4.053 4.001 3.935 3.869 3.803 3.737 3.671 3.671 3.539 3.473 3.407 3.444 3.488 3.532 3.577 3.621 3.665 3.709 3.753 3.797 3.838 3.857 3.875 3.875 3.740 3.663 3.576 3.489 3.402 3.315 3.228 3.141 3.054
2.826 2.856 3.022 3.022 3.107 3.192 3.277 3.362 3.447 3.478 3.483 3.488 3.492 3.497 3.502 3.506 3.511 3.516 3.521 3.521 3.536 3.562 3.601 3.640 3.679 3.718 3.756 3.795 3.834 3.873 3.912 3.949 3.981 4.013 4.077 4.077 4.109 4.141 4.173 4.206 4.238 4.270 4.301 4.266 4.200 4.134 4.068 4.002 3.936 3.870 3.804 3.805 3.672 3.607 3.541 3.575 3.619 3.664 3.708 3.752 3.796 3.840 3.884 3.928 3.973 4.017 4.054 4.054 3.912 3.825 3.738 3.651 3.564 3.477 3.390 3.303 3.216
3.037 3.067 3.152 3.152 3.237 3.322 3.407 3.492 3.577 3.605 3.610 3.615 3.619 3.624 3.629 3.634 3.637 3.639 3.642 3.642 3.659 3.682 3.705 3.740 3.778 3.817 3.856 3.895 3.934 3.972 4.011 4.048 4.080 4.112 4.176 4.177 4.209 4.241 4.273 4.305 4.337 4.369 4.375 4.369 4.334 4.268 4.202 4.136 4.070 4.004 3.938 3.938 3.806 3.740 3.674 3.706 3.750 3.795 3.839 3.883 3.927 3.971 4.015 4.060 4.104 4.148 4.123 4.123 4.074 3.987 3.900 3.813 3.726 3.639 3.552 3.465 3.378
3.248 3.278 3.337 3.337 3.368 3.453 3.538 3.623 3.708 3.732 3.737 3.742 3.746 3.751 3.755 3.757 3.758 3.760 3.764 3.764 3.782 3.805 3.828 3.851 3.878 3.917 3.956 3.995 4.033 4.072 4.111 4.148 4.180 4.212 4.276 4.276 4.308 4.340 4.372 4.404 4.413 4.418 4.423 4.416 4.404 4.391 4.335 4.269 4.203 4.137 4.071 4.072 3.940 3.874 3.808 3.837 3.882 3.926 3.970 4.014 4.058 4.102 4.147 4.191 4.193 4.160 4.126 4.127 4.154 4.149 4.062 3.975 3.888 3.801 3.714 3.627 3.540
3.459 3.489 3.548 3.548 3.578 3.607 3.668 3.754 3.838 3.859 3.864 3.869 3.873 3.874 3.876 3.878 3.880 3.881 3.885 3.885 3.904 3.927 3.951 3.974 3.997 4.020 4.055 4.094 4.133 4.172 4.211 4.247 4.279 4.311 4.375 4.375 4.407 4.440 4.451 4.456 4.461 4.466 4.471 4.464 4.451 4.438 4.426 4.403 4.337 4.271 4.205 4.205 4.073 4.007 3.941 3.969 4.013 4.057 4.101 4.145 4.189 4.234 4.264 4.230 4.197 4.163 4.130 4.130 4.156 4.178 4.200 4.137 4.050 3.963 3.876 3.789 3.702
3.459 3.489 3.548 3.548 3.578 3.607 3.669 3.754 3.839 3.859 3.864 3.869 3.873 3.874 3.876 3.878 3.880 3.882 3.885 3.885 3.904 3.928 3.951 3.974 3.997 4.020 4.056 4.094 4.133 4.172 4.211 4.247 4.279 4.311 4.375 4.376 4.408 4.440 4.452 4.456 4.461 4.466 4.471 4.464 4.451 4.439 4.426 4.403 4.337 4.271 4.205 4.205 4.073 4.007 3.941 3.969 4.013 4.057 4.101 4.146 4.190 4.234 4.264 4.231 4.197 4.164 4.130 4.130 4.156 4.178 4.200 4.137 4.050 3.963 3.876 3.789 3.702
3.670 3.700 3.759 3.759 3.789 3.818 3.848 3.884 3.969 3.986 3.991 3.992 3.994 3.996 3.997 3.999 4.001 4.003 4.006 4.006 4.027 4.050 4.073 4.096 4.120 4.143 4.166 4.194 4.233 4.271 4.310 4.346 4.379 4.411 4.475 4.475 4.490 4.495 4.499 4.504 4.509 4.514 4.519 4.511 4.499 4.486 4.473 4.461 4.448 4.405 4.339 4.339 4.207 4.141 4.075 4.100 4.144 4.188 4.233 4.277 4.321 4.301 4.268 4.234 4.201 4.167 4.134 4.134 4.159 4.181 4.203 4.225 4.212 4.125 4.038 3.951 3.864
3.881 3.911 3.970 3.970 4.000 4.029 4.059 4.089 4.117 4.110 4.112 4.113 4.115 4.117 4.119 4.120 4.122 4.124 4.127 4.127 4.149 4.173 4.196 4.219 4.242 4.265 4.289 4.312 4.335 4.371 4.410 4.446 4.478 4.510 4.533 4.533 4.538 4.542 4.547 4.552 4.557 4.562 4.566 4.559 4.546 4.533 4.521 4.508 4.495 4.483 4.470 4.470 4.340 4.274 4.208 4.231 4.275 4.319 4.364 4.372 4.338 4.305 4.271 4.238 4.204 4.171 4.137 4.137 4.161 4.183 4.205 4.227 4.249 4.271 4.200 4.113 4.026
4.303 4.332 4.392 4.392 4.418 4.441 4.465 4.488 4.507 4.459 4.411 4.363 4.357 4.359 4.361 4.363 4.364 4.366 4.371 4.371 4.394 4.418 4.441 4.464 4.487 4.510 4.534 4.557 4.580 4.603 4.647 4.625 4.614 4.619 4.628 4.628 4.633 4.638 4.643 4.647 4.652 4.657 4.662 4.653 4.641 4.628 4.615 4.603 4.590 4.577 4.565 4.565 4.540 4.527 4.475 4.493 4.479 4.446 4.412 4.379 4.345 4.312 4.278 4.245 4.211 4.178 4.144 4.144 4.165 4.188 4.210 4.232 4.254 4.276 4.298 4.320 4.342
4.514 4.543 4.592 4.592 4.615 4.639 4.662 4.685 4.698 4.650 4.602 4.554 4.506 4.480 4.482 4.484 4.486 4.487 4.494 4.494 4.517 4.540 4.563 4.586 4.610 4.633 4.656 4.679 4.728 4.809 4.889 4.854 4.736 4.666 4.676 4.676 4.681 4.686 4.690 4.695 4.700 4.705 4.710 4.701 4.688 4.675 4.663 4.650 4.637 4.625 4.612 4.612 4.587 4.574 4.597 4.516 4.483 4.449 4.416 4.382 4.349 4.315 4.282 4.248 4.215 4.181 4.148 4.148 4.168 4.190 4.212 4.234 4.256 4.278 4.300 4.323 4.352
4.720 4.743 4.789 4.789 4.813 4.836 4.859 4.882 4.889 4.841 4.793 4.745 4.697 4.649 4.603 4.605 4.607 4.609 4.616 4.616 4.639 4.663 4.686 4.709 4.732 4.755 4.809 4.889 4.970 5.051 5.131 5.082 4.965 4.847 4.724 4.724 4.729 4.733 4.738 4.743 4.748 4.753 4.757 4.748 4.735 4.723 4.710 4.697 4.685 4.672 4.660 4.660 4.654 4.720 4.786 4.700 4.560 4.453 4.419 4.386 4.352 4.319 4.285 4.252 4.218 4.185 4.151 4.151 4.170 4.192 4.214 4.236 4.259 4.281 4.303 4.353 4.430
4.917 4.940 4.987 4.987 5.010 5.033 5.056 5.079 5.080 5.032 4.984 4.936 4.888 4.840 4.792 4.744 4.728 4.730 4.739 4.739 4.762 4.785 4.808 4.832 4.889 4.970 5.051 5.131 5.212 5.293 5.373 5.311 5.193 5.075 4.840 4.840 4.776 4.781 4.786 4.791 4.796 4.800 4.805 4.795 4.783 4.770 4.757 4.745 4.732 4.720 4.710 4.710 4.843 4.909 4.975 4.890 4.750 4.610 4.470 4.389 4.356 4.322 4.289 4.255 4.222 4.188 4.155 4.155 4.173 4.195 4.217 4.239 4.261 4.283 4.355 4.432 4.508
5.114 5.137 5.184 5.184 5.207 5.230 5.253 5.277 5.271 5.223 5.175 5.127 5.079 5.031 4.983 4.935 4.887 4.851 4.861 4.861 4.884 4.908 4.970 5.050 5.131 5.212 5.292 5.373 5.454 5.534 5.615 5.539 5.421 5.304 5.069 5.069 4.951 4.834 4.834 4.839 4.843 4.848 4.853 4.843 4.830 4.818 4.805 4.792 4.780 4.833 4.899 4.899 5.032 5.098 5.164 5.081 4.941 4.800 4.660 4.520 4.380 4.326 4.292 4.259 4.225 4.192 4.158 4.159 4.175 4.197 4.219 4.241 4.281 4.357 4.433 4.510 4.586
5.311 5.335 5.381 5.381 5.404 5.427 5.450 5.474 5.462 5.414 5.366 5.318 5.270 5.222 5.174 5.126 5.078 5.030 4.984 4.984 5.050 5.131 5.211 5.292 5.373 5.454 5.534 5.615 5.696 5.776 5.857 5.767 5.650 5.532 5.297 5.297 5.180 5.062 4.945 4.886 4.891 4.896 4.901 4.890 4.877 4.865 4.852 4.890 4.956 5.022 5.088 5.088 5.221 5.287 5.353 5.271 5.131 4.991 4.850 4.710 4.570 4.430 4.296 4.262 4.229 4.195 4.162 4.162 4.177 4.199 4.221 4.283 4.359 4.435 4.512 4.588 4.664
5.518 5.532 5.578 5.578 5.601 5.624 5.648 5.671 5.653 5.605 5.557 5.509 5.461 5.413 5.365 5.317 5.269 5.222 5.226 5.226 5.292 5.373 5.453 5.534 5.615 5.695 5.776 5.857 5.938 6.018 6.099 5.996 5.878 5.761 5.526 5.526 5.408 5.291 5.173 5.056 4.939 4.944 4.949 4.937 4.925 4.946 5.012 5.079 5.145 5.211 5.277 5.277 5.410 5.476 5.542 5.462 5.321 5.181 5.041 4.900 4.760 4.620 4.480 4.340 4.232 4.199 4.165 4.166 4.180 4.208 4.284 4.361 4.437 4.513 4.590 4.666 4.743
5.733 5.744 5.775 5.775 5.798 5.822 5.845 5.868 5.844 5.796 5.748 5.700 5.652 5.604 5.556 5.520 5.507 5.494 5.506 5.507 5.558 5.615 5.695 5.776 5.857 5.937 6.018 6.099 6.179 6.260 6.341 6.224 6.107 5.989 5.754 5.754 5.637 5.519 5.402 5.284 5.167 5.049 4.996 5.003 5.069 5.135 5.201 5.268 5.334 5.400 5.466 5.466 5.599 5.665 5.731 5.652 5.512 5.371 5.231 5.091 4.951 4.810 4.670 4.530 4.390 4.249 4.169 4.169 4.210 4.286 4.363 4.439 4.515 4.592 4.668 4.744 4.821
5.948 5.959 5.981 5.981 5.996 6.019 6.042 6.065 6.035 5.987 5.940 5.892 5.844 5.819 5.806 5.792 5.779 5.766 5.786 5.787 5.838 5.890 5.942 6.018 6.099 6.179 6.260 6.341 6.421 6.502 6.570 6.453 6.335 6.218 5.982 5.983 5.865 5.748 5.630 5.512 5.395 5.271 5.112 5.192 5.258 5.324 5.390 5.457 5.523 5.589 5.655 5.655 5.788 5.854 5.920 5.842 5.702 5.562 5.421 5.281 5.141 5.001 4.860 4.720 4.580 4.440 4.299 4.300 4.288 4.364 4.441 4.517 4.593 4.670 4.746 4.822 4.899
6.164 6.174 6.196 6.196 6.207 6.218 6.239 6.262 6.227 6.179 6.131 6.117 6.104 6.091 6.078 6.065 6.052 6.038 6.067 6.067 6.119 6.170 6.222 6.274 6.340 6.421 6.502 6.582 6.663 6.744 6.799 6.681 6.564 6.446 6.211 6.211 6.093 5.976 5.858 5.734 5.574 5.415 5.261 5.348 5.436 5.513 5.579 5.646 5.712 5.778 5.844 5.844 5.977 6.043 6.109 6.033 5.892 5.752 5.612 5.472 5.331 5.191 5.051 4.911 4.770 4.639 4.516 4.516 4.459 4.483 4.519 4.595 4.672 4.748 4.824 4.901 4.977
6.379 6.390 6.412 6.412 6.423 6.434 6.445 6.459 6.429 6.416 6.403 6.390 6.376 6.363 6.350 6.337 6.324 6.311 6.347 6.347 6.399 6.450 6.502 6.554 6.606 6.663 6.744 6.824 6.905 6.986 7.027 6.910 6.792 6.674 6.439 6.439 6.322 6.196 6.037 5.877 5.718 5.559 5.417 5.505 5.592 5.680 5.767 5.834 5.901 5.967 6.033 6.033 6.166 6.232 6.298 6.223 6.083 5.942 5.802 5.662 5.522 5.381 5.241 5.103 4.979 4.856 4.733 4.733 4.662 4.686 4.709 4.733 4.757 4.826 4.902 4.979 5.055
6.594 6.605 6.627 6.627 6.638 6.649 6.610 6.559 6.702 6.688 6.675 6.662 6.649 6.635 6.622 6.609 6.596 6.583 6.627 6.627 6.679 6.730 6.782 6.834 6.886 6.937 6.989 7.066 7.147 7.228 7.256 7.138 7.020 6.903 6.659 6.659 6.500 6.340 6.181 6.021 5.862 5.702 5.574 5.661 5.749 5.836 5.924 6.011 6.090 6.156 6.222 6.222 6.354 6.421 6.487 6.413 6.273 6.133 5.992 5.852 5.712 5.572 5.443 5.320 5.196 5.073 4.950 4.950 4.865 4.889 4.912 4.936 4.960 4.983 5.007 5.057 5.133
6.809 6.820 6.838 6.838 6.777 6.715 6.654 6.636 6.784 6.933 6.947 6.934 6.921 6.908 6.894 6.881 6.868 6.855 6.907 6.907 6.959 7.011 7.062 7.114 7.166 7.218 7.269 7.321 7.389 7.469 7.484 7.366 7.249 7.122 6.803 6.803 6.643 6.484 6.324 6.165 6.006 5.846 5.730 5.818 5.905 5.993 6.080 6.167 6.255 6.342 6.411 6.411 6.543 6.610 6.676 6.603 6.463 6.323 6.183 6.042 5.907 5.783 5.660 5.537 5.413 5.290 5.166 5.167 5.068 5.092 5.115 5.139 5.162 5.186 5.210 5.233 5.257
6.809 6.820 6.838 6.838 6.777 6.715 6.654 6.636 6.784 6.933 6.947 6.934 6.921 6.908 6.895 6.881 6.868 6.855 6.907 6.907 6.959 7.011 7.062 7.114 7.166 7.218 7.269 7.321 7.389 7.470 7.484 7.367 7.249 7.122 6.803 6.803 6.643 6.484 6.325 6.165 6.006 5.846 5.730 5.818 5.905 5.993 6.080 6.168 6.255 6.343 6.411 6.411 6.543 6.610 6.676 6.604 6.463 6.323 6.183 6.043 5.907 5.783 5.660 5.537 5.413 5.290 5.167 5.167 5.068 5.092 5.115 5.139 5.163 5.186 5.210 5.233 5.257
7.024 7.005 6.882 6.882 6.821 6.759 6.697 6.712 6.861 7.010 7.158 7.206 7.193 7.180 7.167 7.154 7.140 7.127 7.187 7.187 7.239 7.291 7.342 7.394 7.446 7.498 7.550 7.601 7.653 7.711 7.713 7.585 7.425 7.266 6.947 6.947 6.787 6.628 6.468 6.309 6.150 5.990 5.887 5.974 6.062 6.149 6.237 6.324 6.411 6.499 6.586 6.587 6.732 6.799 6.865 6.794 6.654 6.513 6.373 6.247 6.124 6.000 5.877 5.754 5.630 5.507 5.383 5.384 5.271 5.295 5.318 5.342 5.365 5.389 5.413 5.436 5.460
7.111 7.049 6.926 6.926 6.864 6.803 6.741 6.789 6.938 7.086 7.235 7.383 7.465 7.452 7.439 7.426 7.413 7.399 7.467 7.467 7.519 7.571 7.623 7.674 7.726 7.778 7.830 7.881 7.933 7.884 7.852 7.728 7.569 7.409 7.090 7.091 6.931 6.772 6.612 6.453 6.293 6.134 6.043 6.130 6.218 6.305 6.393 6.480 6.568 6.655 6.743 6.743 6.918 6.988 7.054 6.984 6.844 6.711 6.587 6.464 6.340 6.217 6.094 5.970 5.847 5.724 5.600 5.600 5.474 5.498 5.521 5.545 5.568 5.592 5.616 5.639 5.662
7.198 7.137 7.013 7.014 6.952 6.890 6.829 6.942 7.091 7.240 7.388 7.537 7.685 7.834 7.982 7.970 7.957 7.944 8.027 8.027 8.079 8.131 8.183 8.234 8.157 8.002 7.847 7.692 7.537 7.383 7.407 7.506 7.606 7.697 7.378 7.378 7.219 7.059 6.900 6.740 6.581 6.421 6.356 6.443 6.531 6.618 6.705 6.793 6.880 6.968 7.055 7.056 7.230 7.318 7.284 7.310 7.267 7.144 7.021 6.897 6.774 6.651 6.527 6.404 6.281 6.157 6.034 6.034 5.880 5.903 5.927 5.951 5.974 5.998 6.021 6.045 6.068
