includes/lisflood/camargue/results_R4_t1.561741501247E12/res-0011.wd
ncols         906
nrows         631
xllcorner     362177.146667
yllcorner     6534725.688020
cellsize      20.000000
NODATA_value  -9999.000000
[rows 578 to 611 of 631, columns 462 to 538 of 906]
0.098 0.138 0.179 0.219 0.255 0.274 0.292 0.311 0.329 0.355 0.421 0.487 0.553 0.685 0.685 0.751 0.817 0.882 0.888 0.863 0.839 0.815 0.790 0.766 0.742 0.717 0.693 0.689 0.715 0.770 0.771 0.816 0.862 0.907 0.954 1.001 1.048 1.095 1.142 1.189 1.236 1.283 1.330 1.378 1.429 1.531 1.531 1.582 1.633 1.684 1.735 1.786 1.810 1.823 1.835 1.847 1.870 1.921 1.972 2.023 2.074 2.146 2.146 2.170 2.194 2.219 2.243 2.268 2.292 2.317 2.329 2.340 2.352 2.363 2.374 2.386 2.397
0.223 0.251 0.291 0.331 0.366 0.384 0.403 0.421 0.477 0.543 0.609 0.675 0.740 0.872 0.872 0.938 1.004 1.070 1.077 1.053 1.028 1.004 0.980 0.955 0.931 0.907 0.883 0.858 0.834 0.868 0.868 0.913 0.960 1.007 1.054 1.101 1.148 1.195 1.242 1.289 1.336 1.383 1.430 1.478 1.530 1.631 1.631 1.682 1.733 1.784 1.835 1.886 1.937 1.985 1.997 2.009 2.035 2.086 2.137 2.184 2.208 2.257 2.257 2.282 2.306 2.331 2.355 2.379 2.404 2.428 2.439 2.451 2.462 2.473 2.485 2.496 2.507
0.352 0.378 0.404 0.443 0.476 0.495 0.532 0.598 0.664 0.730 0.796 0.862 0.928 1.059 1.059 1.125 1.191 1.257 1.267 1.242 1.218 1.194 1.169 1.145 1.121 1.096 1.072 1.048 1.023 0.962 0.963 1.013 1.060 1.107 1.154 1.201 1.248 1.295 1.342 1.389 1.436 1.483 1.530 1.579 1.630 1.732 1.732 1.783 1.834 1.885 1.936 1.987 2.038 2.089 2.140 2.171 2.199 2.246 2.271 2.295 2.320 2.369 2.369 2.393 2.417 2.442 2.466 2.491 2.515 2.538 2.550 2.561 2.572 2.584 2.595 2.606 2.618
0.481 0.507 0.533 0.559 0.587 0.653 0.719 0.785 0.851 0.917 0.983 1.049 1.115 1.246 1.247 1.312 1.378 1.444 1.456 1.432 1.407 1.383 1.359 1.334 1.310 1.286 1.261 1.237 1.191 1.038 1.038 1.101 1.160 1.207 1.254 1.301 1.348 1.395 1.442 1.489 1.536 1.583 1.630 1.679 1.730 1.832 1.832 1.883 1.934 1.985 2.036 2.087 2.138 2.189 2.240 2.286 2.331 2.358 2.382 2.407 2.431 2.480 2.480 2.505 2.529 2.553 2.578 2.602 2.627 2.649 2.660 2.672 2.683 2.694 2.705 2.717 2.728
0.610 0.659 0.714 0.769 0.745 0.830 0.906 0.972 1.038 1.104 1.170 1.236 1.302 1.433 1.434 1.500 1.565 1.631 1.645 1.621 1.597 1.572 1.548 1.524 1.499 1.475 1.444 1.352 1.260 1.114 1.114 1.176 1.239 1.301 1.354 1.401 1.448 1.495 1.542 1.589 1.636 1.683 1.730 1.779 1.830 1.932 1.932 1.983 2.034 2.085 2.136 2.187 2.238 2.284 2.298 2.312 2.363 2.441 2.494 2.518 2.543 2.592 2.592 2.616 2.641 2.665 2.689 2.714 2.738 2.759 2.771 2.782 2.793 2.805 2.816 2.827 2.838
0.863 0.918 0.973 0.995 0.926 0.968 1.053 1.138 1.224 1.291 1.357 1.423 1.489 1.621 1.621 1.687 1.753 1.818 1.835 1.811 1.786 1.762 1.737 1.713 1.689 1.605 1.512 1.420 1.328 1.189 1.190 1.252 1.314 1.377 1.439 1.501 1.548 1.595 1.642 1.689 1.736 1.783 1.830 1.880 1.931 2.032 2.033 2.084 2.135 2.186 2.237 2.282 2.296 2.310 2.325 2.339 2.395 2.473 2.551 2.629 2.654 2.703 2.703 2.728 2.752 2.777 2.801 2.825 2.850 2.870 2.881 2.892 2.904 2.915 2.926 2.937 2.949
1.121 1.176 1.231 1.193 1.124 1.105 1.191 1.276 1.361 1.447 1.532 1.610 1.676 1.808 1.808 1.874 1.940 2.006 2.024 2.000 1.976 1.951 1.927 1.858 1.765 1.673 1.581 1.488 1.396 1.265 1.265 1.328 1.390 1.452 1.514 1.576 1.639 1.695 1.742 1.789 1.836 1.883 1.930 1.980 2.031 2.133 2.133 2.184 2.235 2.280 2.294 2.308 2.323 2.337 2.351 2.365 2.428 2.505 2.583 2.661 2.739 2.815 2.815 2.839 2.864 2.888 2.913 2.937 2.961 2.980 2.991 3.003 3.014 3.025 3.037 3.048 3.059
1.379 1.434 1.460 1.391 1.322 1.252 1.328 1.413 1.499 1.584 1.669 1.755 1.840 1.995 1.995 2.061 2.127 2.193 2.214 2.189 2.165 2.111 2.018 1.926 1.834 1.741 1.649 1.556 1.464 1.341 1.341 1.403 1.466 1.528 1.590 1.652 1.714 1.776 1.838 1.889 1.936 1.983 2.030 2.080 2.131 2.233 2.233 2.278 2.292 2.306 2.321 2.335 2.349 2.363 2.377 2.391 2.460 2.538 2.615 2.693 2.771 2.926 2.926 2.951 2.975 3.000 3.024 3.048 3.073 3.090 3.102 3.113 3.124 3.136 3.147 3.158 3.169
1.638 1.693 1.658 1.589 1.519 1.450 1.465 1.551 1.636 1.722 1.807 1.892 1.977 2.148 2.148 2.233 2.314 2.380 2.403 2.364 2.271 2.179 2.087 1.994 1.902 1.809 1.717 1.625 1.533 1.417 1.417 1.479 1.541 1.603 1.666 1.728 1.790 1.852 1.914 1.976 2.036 2.083 2.130 2.181 2.232 2.290 2.290 2.304 2.319 2.333 2.347 2.361 2.375 2.389 2.404 2.418 2.492 2.570 2.648 2.725 2.803 2.958 2.958 3.036 3.087 3.111 3.136 3.160 3.184 3.201 3.212 3.223 3.235 3.246 3.257 3.259 3.236
1.896 1.926 1.856 1.787 1.717 1.648 1.603 1.688 1.774 1.859 1.944 2.030 2.115 2.285 2.285 2.371 2.456 2.541 2.519 2.432 2.340 2.247 2.155 2.062 1.970 1.878 1.785 1.693 1.601 1.492 1.493 1.555 1.617 1.679 1.741 1.803 1.866 1.928 1.990 2.052 2.114 2.176 2.230 2.274 2.288 2.316 2.317 2.331 2.345 2.359 2.373 2.387 2.402 2.416 2.430 2.446 2.524 2.602 2.680 2.758 2.835 2.991 2.991 3.068 3.146 3.223 3.247 3.271 3.296 3.311 3.322 3.334 3.345 3.342 3.320 3.297 3.274
1.896 1.926 1.856 1.787 1.718 1.648 1.603 1.688 1.774 1.859 1.944 2.030 2.115 2.285 2.285 2.371 2.456 2.541 2.519 2.432 2.340 2.247 2.155 2.062 1.970 1.878 1.785 1.693 1.601 1.492 1.493 1.555 1.617 1.679 1.741 1.803 1.866 1.928 1.990 2.052 2.114 2.176 2.230 2.274 2.288 2.316 2.316 2.331 2.345 2.359 2.373 2.387 2.402 2.416 2.430 2.446 2.524 2.602 2.680 2.757 2.835 2.991 2.991 3.068 3.146 3.223 3.247 3.271 3.296 3.311 3.322 3.334 3.345 3.342 3.320 3.297 3.274
2.155 2.124 2.054 1.985 1.915 1.846 1.777 1.826 1.911 1.996 2.082 2.167 2.252 2.423 2.423 2.508 2.533 2.455 2.420 2.429 2.408 2.315 2.223 2.131 2.038 1.946 1.854 1.761 1.669 1.568 1.568 1.630 1.693 1.755 1.817 1.879 1.941 2.003 2.065 2.128 2.189 2.241 2.254 2.300 2.314 2.343 2.343 2.357 2.371 2.385 2.400 2.414 2.428 2.442 2.456 2.479 2.556 2.634 2.712 2.790 2.867 3.023 3.023 3.101 3.178 3.256 3.334 3.383 3.407 3.421 3.433 3.425 3.403 3.380 3.357 3.335 3.312
2.391 2.322 2.252 2.183 2.113 2.044 1.975 1.963 2.049 2.134 2.219 2.305 2.390 2.560 2.560 2.509 2.431 2.354 2.321 2.329 2.338 2.346 2.291 2.199 2.107 2.014 1.922 1.830 1.737 1.644 1.644 1.706 1.768 1.830 1.893 1.955 2.017 2.079 2.141 2.191 2.204 2.217 2.233 2.279 2.325 2.369 2.369 2.383 2.398 2.412 2.426 2.440 2.454 2.468 2.483 2.511 2.589 2.666 2.744 2.822 2.900 3.055 3.055 3.133 3.211 3.288 3.366 3.444 3.519 3.509 3.486 3.463 3.441 3.418 3.395 3.373 3.350
2.787 2.718 2.648 2.579 2.509 2.440 2.370 2.301 2.323 2.409 2.494 2.579 2.539 2.383 2.384 2.306 2.228 2.150 2.122 2.130 2.139 2.148 2.156 2.165 2.173 2.151 2.058 1.966 1.874 1.795 1.795 1.858 1.920 1.982 2.044 2.091 2.104 2.117 2.130 2.142 2.155 2.168 2.190 2.237 2.283 2.375 2.375 2.422 2.450 2.465 2.479 2.493 2.507 2.521 2.536 2.576 2.653 2.731 2.809 2.886 2.964 3.120 3.120 3.197 3.275 3.311 3.347 3.383 3.420 3.466 3.511 3.539 3.517 3.494 3.471 3.449 3.426
2.985 2.915 2.846 2.777 2.707 2.638 2.568 2.499 2.461 2.546 2.593 2.515 2.437 2.282 2.282 2.204 2.126 2.048 2.023 2.031 2.040 2.048 2.057 2.065 2.074 2.082 2.091 2.034 1.942 1.871 1.871 1.933 1.995 2.040 2.053 2.066 2.079 2.092 2.105 2.118 2.131 2.144 2.169 2.216 2.262 2.354 2.354 2.401 2.447 2.491 2.505 2.519 2.533 2.548 2.562 2.608 2.685 2.763 2.841 2.919 2.996 3.145 3.145 3.181 3.217 3.253 3.289 3.325 3.364 3.409 3.454 3.500 3.545 3.532 3.509 3.487 3.464
3.183 3.113 3.044 2.974 2.905 2.836 2.766 2.697 2.628 2.569 2.491 2.414 2.336 2.180 2.180 2.102 2.024 1.947 1.923 1.932 1.940 1.949 1.957 1.966 1.975 1.983 1.992 2.000 2.009 1.946 1.947 1.990 2.003 2.016 2.029 2.042 2.055 2.068 2.081 2.094 2.107 2.120 2.148 2.195 2.241 2.333 2.333 2.380 2.426 2.472 2.518 2.546 2.560 2.574 2.588 2.640 2.718 2.795 2.873 2.951 3.015 3.087 3.087 3.123 3.159 3.195 3.231 3.268 3.307 3.352 3.398 3.443 3.488 3.534 3.547 3.525 3.502
3.381 3.262 3.142 3.023 2.904 2.785 2.666 2.547 2.431 2.427 2.390 2.312 2.234 2.078 2.078 2.001 1.923 1.845 1.824 1.832 1.841 1.849 1.858 1.867 1.875 1.884 1.892 1.901 1.910 1.952 1.953 1.966 1.979 1.992 2.005 2.018 2.031 2.044 2.057 2.070 2.083 2.096 2.127 2.174 2.220 2.312 2.312 2.359 2.405 2.451 2.497 2.543 2.586 2.601 2.615 2.672 2.750 2.828 2.885 2.921 2.957 3.029 3.029 3.065 3.102 3.138 3.174 3.210 3.250 3.296 3.341 3.386 3.432 3.477 3.522 3.563 3.540
3.145 3.026 2.907 2.787 2.668 2.549 2.430 2.311 2.225 2.221 2.217 2.210 2.132 1.976 1.977 1.899 1.821 1.743 1.724 1.733 1.742 1.750 1.759 1.767 1.776 1.785 1.793 1.816 1.850 1.913 1.913 1.941 1.955 1.968 1.981 1.994 2.007 2.020 2.033 2.046 2.059 2.072 2.106 2.153 2.199 2.291 2.291 2.337 2.384 2.430 2.476 2.522 2.569 2.615 2.641 2.704 2.755 2.791 2.827 2.863 2.899 2.972 2.972 3.008 3.044 3.080 3.116 3.152 3.194 3.239 3.284 3.330 3.375 3.420 3.466 3.511 3.556
2.909 2.790 2.671 2.552 2.432 2.313 2.194 2.075 2.019 2.015 2.011 2.007 2.003 1.875 1.875 1.797 1.719 1.641 1.625 1.634 1.642 1.651 1.659 1.668 1.677 1.702 1.737 1.771 1.806 1.868 1.868 1.896 1.923 1.943 1.957 1.970 1.983 1.996 2.008 2.021 2.035 2.047 2.085 2.132 2.178 2.270 2.270 2.316 2.363 2.409 2.455 2.501 2.548 2.594 2.621 2.661 2.697 2.733 2.769 2.806 2.842 2.914 2.914 2.950 2.986 3.022 3.058 3.094 3.137 3.182 3.228 3.273 3.318 3.364 3.409 3.454 3.499
2.673 2.554 2.435 2.316 2.197 2.077 1.958 1.839 1.813 1.809 1.805 1.801 1.797 1.773 1.773 1.695 1.617 1.540 1.526 1.534 1.543 1.551 1.560 1.588 1.623 1.658 1.692 1.727 1.762 1.823 1.823 1.850 1.878 1.905 1.932 1.945 1.958 1.971 1.984 1.997 2.010 2.023 2.064 2.110 2.157 2.249 2.249 2.295 2.342 2.388 2.434 2.480 2.503 2.526 2.550 2.594 2.638 2.676 2.712 2.748 2.784 2.856 2.856 2.892 2.928 2.964 3.000 3.036 3.080 3.126 3.171 3.216 3.262 3.307 3.352 3.397 3.443
2.405 2.318 2.199 2.080 1.961 1.841 1.722 1.611 1.607 1.603 1.599 1.595 1.591 1.583 1.583 1.579 1.516 1.438 1.426 1.435 1.444 1.474 1.509 1.544 1.578 1.613 1.648 1.683 1.718 1.778 1.778 1.805 1.833 1.860 1.888 1.915 1.934 1.947 1.960 1.973 1.986 1.999 2.043 2.090 2.136 2.228 2.228 2.274 2.321 2.362 2.385 2.408 2.432 2.455 2.481 2.525 2.569 2.613 2.654 2.690 2.726 2.798 2.798 2.834 2.870 2.906 2.943 2.979 3.024 3.069 3.114 3.160 3.205 3.250 3.295 3.341 3.386
2.112 2.057 1.963 1.844 1.725 1.606 1.487 1.405 1.401 1.397 1.393 1.389 1.385 1.377 1.377 1.373 1.369 1.336 1.327 1.360 1.395 1.430 1.464 1.499 1.534 1.569 1.604 1.638 1.673 1.732 1.733 1.760 1.788 1.815 1.843 1.870 1.898 1.923 1.936 1.949 1.962 1.976 2.022 2.068 2.115 2.207 2.207 2.243 2.267 2.290 2.314 2.337 2.360 2.384 2.412 2.456 2.500 2.544 2.588 2.632 2.668 2.740 2.740 2.777 2.813 2.849 2.885 2.922 2.967 3.012 3.058 3.103 3.148 3.194 3.239 3.284 3.329
1.820 1.764 1.709 1.608 1.489 1.370 1.251 1.199 1.195 1.191 1.187 1.183 1.179 1.171 1.171 1.167 1.195 1.262 1.281 1.316 1.351 1.386 1.420 1.455 1.490 1.525 1.559 1.594 1.629 1.687 1.687 1.715 1.742 1.770 1.797 1.825 1.852 1.880 1.907 1.925 1.938 1.955 2.001 2.047 2.094 2.149 2.149 2.172 2.196 2.219 2.242 2.266 2.289 2.312 2.343 2.387 2.432 2.475 2.519 2.564 2.608 2.683 2.683 2.719 2.755 2.791 2.827 2.865 2.910 2.956 3.001 3.046 3.092 3.137 3.182 3.227 3.273
1.528 1.472 1.417 1.361 1.253 1.134 1.015 0.993 0.989 0.985 0.981 0.977 0.973 1.054 1.054 1.121 1.189 1.251 1.265 1.278 1.306 1.341 1.376 1.411 1.446 1.480 1.515 1.550 1.585 1.642 1.642 1.670 1.697 1.725 1.752 1.780 1.807 1.835 1.862 1.890 1.913 1.934 1.980 2.007 2.031 2.077 2.077 2.101 2.124 2.148 2.171 2.194 2.218 2.241 2.275 2.319 2.363 2.407 2.451 2.495 2.539 2.625 2.625 2.661 2.697 2.733 2.769 2.808 2.854 2.899 2.944 2.989 3.035 3.080 3.130 3.199 3.267
1.235 1.180 1.124 1.069 1.013 0.898 0.791 0.787 0.783 0.779 0.779 0.846 0.913 1.047 1.048 1.115 1.182 1.235 1.249 1.262 1.276 1.297 1.332 1.366 1.401 1.436 1.471 1.505 1.540 1.597 1.597 1.625 1.652 1.680 1.707 1.735 1.762 1.790 1.817 1.844 1.872 1.893 1.913 1.936 1.959 2.006 2.006 2.029 2.053 2.076 2.100 2.123 2.146 2.170 2.206 2.250 2.294 2.338 2.382 2.426 2.470 2.558 2.558 2.602 2.639 2.675 2.711 2.752 2.797 2.842 2.888 2.933 2.990 3.059 3.127 3.196 3.265
0.943 0.888 0.832 0.776 0.721 0.662 0.585 0.581 0.638 0.706 0.773 0.840 0.907 1.041 1.041 1.108 1.175 1.219 1.232 1.246 1.260 1.273 1.287 1.322 1.357 1.392 1.426 1.461 1.496 1.552 1.552 1.580 1.607 1.635 1.662 1.689 1.717 1.744 1.773 1.804 1.835 1.852 1.853 1.865 1.888 1.935 1.935 1.958 1.981 2.005 2.028 2.052 2.075 2.098 2.137 2.181 2.225 2.269 2.313 2.357 2.401 2.489 2.489 2.533 2.577 2.618 2.654 2.695 2.740 2.786 2.850 2.919 2.987 3.056 3.125 3.193 3.262
0.943 0.888 0.832 0.776 0.721 0.662 0.585 0.582 0.639 0.706 0.773 0.840 0.907 1.041 1.041 1.108 1.175 1.219 1.232 1.246 1.260 1.273 1.287 1.322 1.357 1.392 1.426 1.461 1.496 1.552 1.552 1.580 1.607 1.635 1.662 1.689 1.717 1.744 1.773 1.804 1.835 1.852 1.853 1.865 1.888 1.935 1.935 1.958 1.981 2.005 2.028 2.052 2.075 2.098 2.137 2.181 2.225 2.269 2.313 2.357 2.401 2.489 2.489 2.533 2.577 2.618 2.653 2.695 2.740 2.785 2.850 2.919 2.987 3.056 3.125 3.193 3.262
0.651 0.595 0.540 0.484 0.443 0.450 0.498 0.565 0.632 0.699 0.766 0.833 0.900 1.034 1.034 1.101 1.168 1.203 1.217 1.230 1.244 1.257 1.271 1.285 1.313 1.347 1.382 1.417 1.451 1.507 1.507 1.535 1.562 1.589 1.617 1.644 1.674 1.705 1.736 1.767 1.798 1.811 1.812 1.813 1.817 1.863 1.863 1.887 1.910 1.933 1.957 1.980 2.003 2.027 2.068 2.112 2.156 2.200 2.244 2.288 2.332 2.420 2.420 2.464 2.508 2.552 2.596 2.642 2.710 2.779 2.847 2.916 2.985 3.053 3.122 3.191 3.259
0.387 0.393 0.400 0.406 0.413 0.419 0.485 0.558 0.625 0.693 0.760 0.827 0.894 1.027 1.028 1.094 1.161 1.187 1.200 1.214 1.228 1.241 1.255 1.269 1.282 1.303 1.338 1.372 1.407 1.462 1.462 1.489 1.517 1.544 1.575 1.606 1.637 1.668 1.699 1.730 1.761 1.770 1.771 1.772 1.773 1.792 1.792 1.815 1.839 1.862 1.885 1.909 1.932 1.955 1.999 2.043 2.087 2.132 2.176 2.220 2.264 2.352 2.352 2.396 2.440 2.495 2.564 2.637 2.708 2.776 2.845 2.913 2.982 3.051 3.119 3.188 3.257
0.326 0.332 0.338 0.345 0.351 0.387 0.459 0.532 0.605 0.677 0.746 0.813 0.880 1.014 1.014 1.081 1.141 1.155 1.168 1.182 1.195 1.209 1.223 1.236 1.250 1.264 1.277 1.291 1.317 1.377 1.377 1.408 1.439 1.470 1.501 1.532 1.563 1.594 1.625 1.656 1.686 1.688 1.689 1.690 1.691 1.693 1.694 1.695 1.696 1.719 1.743 1.766 1.789 1.818 1.862 1.906 1.950 1.994 2.038 2.082 2.130 2.267 2.267 2.335 2.403 2.472 2.541 2.616 2.691 2.765 2.840 2.908 2.977 3.045 3.114 3.183 3.251
0.295 0.301 0.308 0.314 0.321 0.374 0.447 0.519 0.592 0.664 0.737 0.806 0.873 1.007 1.007 1.074 1.125 1.139 1.152 1.166 1.179 1.193 1.207 1.220 1.234 1.247 1.261 1.273 1.287 1.340 1.341 1.372 1.403 1.433 1.464 1.495 1.526 1.557 1.588 1.619 1.645 1.646 1.648 1.649 1.650 1.652 1.652 1.654 1.655 1.656 1.672 1.695 1.718 1.749 1.793 1.837 1.881 1.925 1.981 2.049 2.118 2.255 2.255 2.323 2.392 2.460 2.530 2.605 2.680 2.755 2.829 2.904 2.974 3.043 3.111 3.180 3.249
0.264 0.271 0.277 0.284 0.290 0.361 0.434 0.506 0.579 0.651 0.724 0.797 0.866 1.000 1.001 1.067 1.109 1.123 1.136 1.150 1.163 1.177 1.191 1.204 1.216 1.228 1.240 1.252 1.267 1.303 1.304 1.335 1.366 1.397 1.427 1.458 1.489 1.520 1.551 1.582 1.604 1.605 1.606 1.608 1.609 1.611 1.611 1.612 1.614 1.615 1.616 1.624 1.647 1.680 1.724 1.768 1.832 1.901 1.969 2.038 2.106 2.243 2.243 2.312 2.380 2.449 2.520 2.594 2.669 2.744 2.819 2.893 2.968 3.040 3.109 3.177 3.246
0.233 0.240 0.247 0.253 0.276 0.348 0.421 0.494 0.566 0.639 0.711 0.784 0.856 0.994 0.994 1.061 1.093 1.107 1.120 1.134 1.147 1.160 1.172 1.184 1.195 1.207 1.219 1.231 1.248 1.283 1.283 1.301 1.329 1.360 1.391 1.421 1.452 1.483 1.514 1.545 1.563 1.564 1.565 1.567 1.568 1.570 1.570 1.571 1.573 1.574 1.575 1.576 1.577 1.615 1.684 1.752 1.821 1.889 1.958 2.026 2.095 2.231 2.232 2.300 2.368 2.437 2.509 2.584 2.658 2.733 2.808 2.883 2.957 3.032 3.106 3.175 3.243
0.203 0.210 0.216 0.223 0.263 0.336 0.408 0.481 0.553 0.626 0.698 0.771 0.843 0.987 0.987 1.054 1.077 1.090 1.104 1.116 1.128 1.139 1.151 1.163 1.175 1.187 1.198 1.210 1.228 1.263 1.263 1.281 1.299 1.323 1.354 1.385 1.416 1.446 1.477 1.508 1.522 1.523 1.524 1.526 1.527 1.529 1.529 1.530 1.532 1.533 1.534 1.558 1.598 1.623 1.672 1.741 1.809 1.877 1.946 2.014 2.083 2.220 2.220 2.288 2.357 2.425 2.498 2.573 2.648 2.723 2.797 2.872 2.947 3.021 3.096 3.171 3.241
