includes/lisflood/camargue/results_R4_t1.561741501247E12/res-0004.wd
ncols         906
nrows         631
xllcorner     362177.146667
yllcorner     6534725.688020
cellsize      20.000000
NODATA_value  -9999.000000
[rows 476 to 509 of 631, columns 308 to 384 of 906]
0.000 0.000 0.000 0.000 1.931 1.118 0.000 0.000 2.411 1.201 1.271 0.940 0.000 0.000 0.000 0.000 0.000 0.000 0.000 0.000 0.000 0.000 0.000 0.000 0.000 0.000 0.000 0.000 0.000 0.000 0.000 0.000 0.000 0.000 0.000 0.000 0.000 0.000 0.000 0.000 0.000 0.000 0.000 0.000 0.000 0.000 0.000 0.000 0.000 0.000 0.000 0.000 0.000 0.000 0.000 0.000 0.000 0.000 0.000 0.000 0.000 0.000 0.000 0.000 0.000 0.000 0.000 0.000 0.000 0.000 0.000 0.000 0.000 0.000 0.000 0.000 0.000
0.000 0.000 0.000 0.000 0.992 0.000 0.000 1.233 1.132 1.161 1.181 1.221 1.231 0.000 0.000 0.000 0.000 0.000 0.000 0.000 0.000 0.000 1.129 0.000 0.000 0.000 0.000 0.000 0.000 0.000 0.000 0.000 0.000 0.000 0.000 0.000 0.000 0.000 0.000 0.000 0.000 0.000 0.000 0.000 0.000 0.000 0.000 0.000 0.000 0.000 0.000 0.000 0.000 0.000 0.000 0.000 0.000 0.000 0.000 0.000 0.000 0.000 0.000 0.000 0.000 0.000 0.000 0.000 0.000 0.000 0.000 0.000 0.000 0.000 0.000 0.000 0.000
0.000 0.000 0.000 2.504 2.333 2.452 2.450 1.143 1.062 1.152 1.251 1.151 1.221 1.251 0.000 0.000 0.000 0.000 0.000 0.000 0.000 1.675 1.674 2.065 0.000 0.000 0.000 0.000 0.000 0.000 0.000 0.000 0.000 0.000 0.000 0.000 0.000 0.000 0.000 0.000 0.000 0.000 0.000 0.000 0.000 0.000 0.000 0.000 0.000 0.000 0.000 0.000 0.000 0.000 0.000 0.000 0.000 0.000 0.000 0.000 0.000 0.000 0.000 0.000 0.000 0.000 0.000 0.000 0.000 0.000 0.000 0.000 0.000 0.000 0.000 0.000 0.000
0.000 0.000 2.465 2.465 2.574 2.554 0.000 1.203 1.122 1.212 1.141 1.181 1.331 1.031 1.151 0.000 0.000 0.000 0.000 0.000 2.065 2.245 2.245 2.115 2.205 1.975 0.000 0.000 0.000 0.000 0.000 0.000 0.000 0.000 0.000 0.000 0.000 0.000 0.000 0.000 0.000 0.000 0.000 0.000 0.000 0.000 0.000 0.000 0.000 0.000 0.000 0.000 0.000 0.000 0.000 0.000 0.000 0.000 0.000 0.000 0.000 0.000 0.000 0.000 0.000 0.000 0.000 0.000 0.000 0.000 0.000 0.000 0.000 0.000 0.000 0.000 0.000
0.000 2.557 2.586 2.705 2.375 2.535 0.000 0.000 0.000 1.162 1.141 1.231 1.311 0.972 1.322 1.362 1.372 0.000 0.000 2.145 2.175 2.155 2.155 2.235 2.355 2.095 2.295 1.955 0.000 0.000 0.000 0.000 0.000 0.000 0.000 0.000 0.000 0.000 0.000 0.000 0.000 0.000 0.000 0.000 0.000 0.000 0.000 0.000 0.000 0.000 0.000 0.000 0.000 0.000 0.000 0.000 0.000 0.000 0.000 0.000 0.000 0.000 0.000 0.000 0.000 0.000 0.000 0.000 0.000 0.000 0.000 0.000 0.000 0.000 0.000 0.000 0.000
2.519 2.487 2.666 2.566 2.515 2.575 2.575 2.565 0.000 0.000 0.000 1.192 1.132 1.292 1.262 1.352 1.402 0.000 0.000 2.265 2.235 2.275 2.275 2.415 2.465 2.095 2.215 2.175 2.265 1.534 0.000 0.000 0.000 0.000 0.000 0.000 0.000 0.000 0.000 0.000 0.000 0.000 0.000 0.000 0.000 0.000 0.000 0.000 0.000 0.000 0.000 0.000 0.000 0.000 0.000 0.000 0.000 0.000 0.000 0.000 0.000 0.000 0.000 0.000 0.000 0.000 0.000 0.000 0.000 0.000 0.000 0.000 0.000 0.000 0.000 0.000 0.000
2.679 2.668 2.797 2.707 2.706 2.566 2.565 2.485 2.645 2.674 0.000 0.000 1.222 1.152 1.252 1.342 0.000 0.000 2.356 2.325 2.345 2.355 2.355 2.465 2.346 2.376 2.305 2.275 2.285 2.015 1.104 0.000 0.000 0.000 0.000 0.000 0.000 0.000 0.000 0.000 0.000 0.000 0.000 0.000 0.000 0.000 0.000 0.000 0.000 0.000 0.000 0.000 0.000 0.000 0.000 0.000 0.000 0.000 0.000 0.000 0.000 0.000 0.000 0.000 0.000 0.000 0.000 0.000 0.000 0.000 0.000 0.000 0.000 0.000 0.000 0.000 0.000
2.669 2.758 2.678 2.827 2.727 2.686 2.686 2.745 2.685 2.664 2.594 0.000 0.000 0.000 1.412 0.000 0.000 2.287 2.416 2.386 2.386 2.446 2.446 2.456 2.426 2.596 2.396 2.345 2.405 2.335 1.595 0.000 0.000 0.000 0.000 0.000 0.000 0.000 0.000 0.000 0.000 0.000 0.000 0.000 0.000 0.000 0.000 0.000 0.000 0.000 0.000 0.000 0.000 0.000 0.000 0.000 0.000 0.000 0.000 0.000 0.000 0.000 0.000 0.000 0.000 0.000 0.000 0.000 0.000 0.000 0.000 0.000 0.000 0.000 0.000 0.000 0.000
2.819 2.859 2.888 2.777 2.727 2.706 2.706 2.715 2.674 2.764 2.624 2.543 2.663 0.000 0.000 0.000 2.638 2.507 2.577 2.557 2.476 2.356 2.356 2.796 2.496 2.496 2.436 2.386 2.406 2.276 1.786 1.246 0.000 0.000 0.000 0.000 0.000 0.000 0.000 0.000 0.000 0.000 0.000 0.000 0.000 0.000 0.000 0.000 0.000 0.000 0.000 0.000 0.000 0.000 0.000 0.000 0.000 0.000 0.000 0.000 0.000 0.000 0.000 0.000 0.000 0.000 0.000 0.000 0.000 0.000 0.000 0.000 0.000 0.000 0.000 0.000 0.000
2.880 2.839 2.858 2.748 2.787 2.716 2.716 2.755 2.705 2.714 2.734 2.693 2.592 2.672 2.551 2.730 2.649 2.638 2.588 2.507 2.547 2.557 2.557 2.597 2.637 2.507 2.397 2.466 2.366 2.276 1.976 1.747 0.000 0.000 0.000 0.000 0.000 0.000 0.000 0.000 0.000 0.000 0.000 0.000 0.000 0.000 0.000 0.000 0.000 0.000 0.000 0.000 0.000 0.000 0.000 0.000 0.000 0.000 0.000 0.000 0.000 0.000 0.000 0.000 0.000 0.000 0.000 0.000 0.000 0.000 0.000 0.000 0.000 0.000 0.000 0.000 0.000
2.950 2.979 2.789 2.818 2.747 2.866 2.866 2.765 2.725 2.834 2.734 2.823 2.773 2.732 2.641 2.650 2.739 2.649 2.598 2.608 2.598 2.537 2.537 2.617 2.587 2.627 2.467 2.407 2.287 2.317 2.197 1.837 0.000 0.000 0.000 0.000 0.000 0.000 0.000 0.000 0.000 0.000 0.000 0.000 0.000 0.000 0.000 0.000 0.000 0.000 0.000 0.000 0.000 0.000 0.000 0.000 0.000 0.000 0.000 0.000 0.000 0.000 0.000 0.000 0.000 0.000 0.000 0.000 0.000 0.000 0.000 0.000 0.000 0.000 0.000 0.000 0.000
3.071 2.930 2.949 2.898 2.897 2.837 2.836 2.755 2.785 2.774 2.784 2.923 2.843 2.792 2.761 2.711 2.710 2.720 2.799 2.729 2.588 2.718 2.718 2.688 2.568 2.528 2.558 2.548 2.407 2.468 2.287 1.877 1.247 0.000 0.000 0.000 0.000 0.000 0.000 0.000 0.000 0.000 0.000 0.000 0.000 0.000 0.000 0.000 0.000 0.000 0.000 0.000 0.000 0.000 0.000 0.000 0.000 0.000 0.000 0.000 0.000 0.000 0.000 0.000 0.000 0.000 0.000 0.000 0.000 0.000 0.000 0.000 0.000 0.000 0.000 0.000 0.000
3.021 2.960 3.009 2.918 3.037 2.897 2.896 2.775 2.935 2.944 2.934 2.964 2.923 2.822 2.702 2.901 2.771 2.670 2.670 2.680 2.629 2.679 2.679 2.739 2.639 2.639 2.549 2.469 2.418 2.348 2.488 2.218 1.458 0.000 0.000 0.000 0.000 0.000 0.000 0.000 0.000 0.000 0.000 0.000 0.000 0.000 0.000 0.000 0.000 0.000 0.000 0.000 0.000 0.000 0.000 0.000 0.000 0.000 0.000 0.000 0.000 0.000 0.000 0.000 0.000 0.000 0.000 0.000 0.000 0.000 0.000 0.000 0.000 0.000 0.000 0.000 0.000
2.982 3.000 3.010 2.959 2.968 2.867 2.866 3.015 2.955 2.964 3.094 2.944 2.773 2.873 2.792 2.752 2.701 2.751 2.690 2.680 2.800 2.770 2.769 2.699 2.579 2.599 2.599 2.539 2.429 2.389 2.289 2.319 1.599 0.000 0.000 0.000 0.000 0.000 0.000 0.000 0.000 0.000 0.000 0.000 0.000 0.000 0.000 0.000 0.000 0.000 0.000 0.000 0.000 0.000 0.000 0.000 0.000 0.000 0.000 0.000 0.000 0.000 0.000 0.000 0.000 0.000 0.000 0.000 0.000 0.000 0.000 0.000 0.000 0.000 0.000 0.000 0.000
3.112 3.061 3.040 3.029 2.988 3.137 3.136 3.096 3.045 3.045 3.015 2.904 2.934 2.824 2.793 2.943 2.822 2.722 2.781 2.811 2.901 2.910 2.910 2.740 2.700 2.590 2.590 2.510 2.480 2.459 2.399 2.209 1.509 0.000 0.000 0.000 0.000 0.000 0.000 0.000 0.000 0.000 0.000 0.000 0.000 0.000 0.000 0.000 0.000 0.000 0.000 0.000 0.000 0.000 0.000 0.000 0.000 0.000 0.000 0.000 0.000 0.000 0.000 0.000 0.000 0.000 0.000 0.000 0.000 0.000 0.000 0.000 0.000 0.000 0.000 0.000 0.000
3.112 3.081 3.080 3.159 3.128 3.087 3.087 2.966 3.066 3.035 3.055 3.005 2.994 3.034 2.874 2.953 2.823 2.892 2.932 2.952 2.851 2.841 2.841 2.681 2.811 2.611 2.741 2.591 2.480 2.330 2.380 2.220 0.000 0.000 0.000 0.000 0.000 0.000 0.000 0.000 0.000 0.000 0.000 0.000 0.000 0.000 0.000 0.000 0.000 0.000 0.000 0.000 0.000 0.000 0.000 0.000 0.000 0.000 0.000 0.000 0.000 0.000 0.000 0.000 0.000 0.000 0.000 0.000 0.000 0.000 0.000 0.000 0.000 0.000 0.000 0.000 0.000
3.112 3.081 3.080 3.159 3.128 3.087 3.087 2.966 3.066 3.036 3.055 3.005 2.995 3.035 2.875 2.954 2.824 2.893 2.932 2.952 2.852 2.841 2.841 2.681 2.811 2.611 2.741 2.591 2.481 2.331 2.380 2.220 0.000 0.000 0.000 0.000 0.000 0.000 0.000 0.000 0.000 0.000 0.000 0.000 0.000 0.000 0.000 0.000 0.000 0.000 0.000 0.000 0.000 0.000 0.000 0.000 0.000 0.000 0.000 0.000 0.000 0.000 0.000 0.000 0.000 0.000 0.000 0.000 0.000 0.000 0.000 0.000 0.000 0.000 0.000 0.000 0.000
3.152 3.131 3.180 3.089 3.248 3.138 3.137 3.057 3.026 3.146 3.046 2.926 2.925 2.915 2.935 2.965 2.874 2.904 2.923 2.963 2.962 2.872 2.872 2.852 2.842 2.642 2.682 2.682 2.452 2.512 0.000 0.000 0.000 0.000 0.000 0.000 0.538 1.117 0.000 0.000 0.000 0.000 0.000 0.000 0.000 0.000 0.000 0.000 0.000 0.000 0.000 0.000 0.000 0.000 0.000 0.000 0.000 0.000 0.000 0.000 0.000 0.000 0.000 0.000 0.000 0.000 0.000 0.000 0.000 0.000 0.000 0.000 0.000 0.000 0.000 0.000 0.000
3.352 3.161 3.280 3.329 3.149 3.128 3.127 3.037 3.136 3.186 3.206 3.106 3.156 3.116 2.975 2.995 3.065 3.064 2.994 2.863 2.923 3.002 3.002 2.982 2.872 2.852 2.792 2.722 2.672 2.442 0.000 0.000 0.000 0.000 0.000 1.138 1.538 1.568 2.507 2.507 0.000 0.000 0.000 0.000 0.000 0.000 0.000 0.000 0.000 0.000 0.000 0.000 0.000 0.000 0.000 0.000 0.000 0.000 0.000 0.000 0.000 0.000 0.000 0.000 0.000 0.000 0.000 0.000 0.000 0.000 0.000 0.000 0.000 0.000 0.000 0.000 0.000
3.342 3.251 3.400 3.259 3.199 3.158 3.158 3.237 3.407 3.136 3.206 3.186 3.086 3.186 3.006 3.035 2.995 3.115 3.084 3.024 2.974 3.113 3.113 2.863 2.953 2.963 2.873 2.773 2.733 2.753 1.934 1.385 1.596 1.787 1.727 1.797 2.018 2.238 2.917 2.917 2.667 2.507 2.437 2.147 0.000 0.000 0.000 0.000 0.000 0.000 0.000 0.000 0.000 0.000 0.000 0.000 0.000 0.000 0.000 0.000 0.000 0.000 0.000 0.000 0.000 0.000 0.000 0.000 0.000 0.000 0.000 0.000 0.000 0.000 0.000 0.000 0.000
3.372 3.361 3.351 3.310 3.279 3.218 3.218 3.237 3.287 3.297 3.276 3.306 3.276 3.166 3.156 3.116 3.115 3.015 3.085 3.044 3.124 2.954 2.953 3.183 3.093 3.023 2.943 2.873 2.864 2.744 2.625 2.175 2.436 2.047 1.907 2.037 2.718 2.688 2.918 2.918 2.997 2.777 2.537 2.597 2.207 0.000 0.000 0.000 0.000 0.000 0.000 0.000 0.000 0.000 0.000 0.000 0.000 0.000 0.000 0.000 0.000 0.000 0.000 0.000 0.000 0.000 0.000 0.000 0.000 0.000 0.000 0.000 0.000 0.000 0.000 0.000 0.000
3.442 3.401 3.301 3.320 3.379 3.319 3.318 3.318 3.267 3.257 3.337 3.326 3.306 3.376 3.196 3.086 3.226 3.205 3.105 3.055 3.174 3.154 3.154 3.074 3.094 3.074 3.004 3.014 2.874 2.864 2.855 2.626 2.876 2.717 2.697 2.898 2.818 2.728 2.898 2.898 2.948 2.797 2.767 2.627 2.468 0.000 0.000 0.000 0.000 0.000 0.000 0.000 0.000 0.000 0.000 0.000 0.000 0.000 0.000 0.000 0.000 0.000 0.000 0.000 2.551 2.631 2.561 0.000 0.000 0.000 0.000 0.000 0.000 0.000 0.000 0.000 0.000
3.312 3.341 3.411 3.480 3.279 3.359 3.358 3.328 3.347 3.297 3.307 3.287 3.257 3.267 3.246 3.226 3.186 3.216 3.146 3.205 3.055 2.995 2.994 3.114 3.264 3.114 3.195 3.085 3.015 2.925 2.975 2.996 2.846 3.147 3.077 2.968 2.968 2.818 3.138 3.138 3.058 2.808 2.758 2.808 2.818 0.000 0.000 0.000 0.000 0.000 0.000 0.000 0.000 0.000 0.000 0.000 0.000 0.000 0.000 0.000 2.521 2.821 2.781 2.851 2.761 2.681 2.611 2.780 2.841 2.851 2.971 2.971 2.821 2.861 2.902 2.912 2.872
3.412 3.462 3.917 3.500 3.410 3.399 3.399 3.328 3.348 3.307 3.347 3.457 3.367 3.317 3.297 3.316 3.286 3.316 3.246 3.205 3.265 3.235 3.234 3.085 3.175 3.245 3.115 3.125 3.085 3.015 3.086 3.036 3.057 3.077 2.868 3.038 2.998 2.948 3.108 3.108 2.858 2.888 2.978 2.948 2.928 3.069 2.859 2.349 0.000 0.000 0.000 0.000 0.000 0.000 0.000 0.000 2.130 2.730 2.710 2.911 3.011 2.861 2.811 2.991 2.990 3.010 2.810 3.030 2.930 2.901 2.921 2.921 2.951 2.811 2.911 2.962 3.002
3.462 3.442 3.954 3.460 3.420 3.899 3.898 3.408 3.428 3.357 3.297 3.387 3.297 3.277 3.497 3.287 3.336 3.316 3.236 3.196 3.335 3.265 3.265 3.165 3.255 3.205 3.165 3.175 3.136 3.166 3.126 3.057 3.097 2.927 2.908 3.008 2.998 3.028 3.048 3.048 3.098 3.018 3.058 3.048 3.059 2.999 3.089 2.999 3.059 2.920 2.560 2.370 2.610 2.690 3.040 3.040 3.070 2.980 2.991 2.991 2.880 3.080 3.001 3.050 2.890 3.110 2.900 2.910 2.980 3.020 2.950 2.951 2.761 2.851 2.921 2.912 2.892
3.503 3.522 3.461 3.972 3.370 3.499 3.499 3.479 3.468 3.428 3.418 3.447 3.297 3.327 3.347 3.397 3.317 3.426 3.256 3.246 3.256 3.225 3.225 3.225 3.095 3.355 3.146 3.206 3.236 3.066 3.166 3.187 3.017 3.028 2.978 3.158 2.988 3.128 3.158 3.158 3.028 2.998 3.049 2.909 3.099 3.029 3.029 3.079 3.150 3.120 3.330 3.130 3.030 3.090 3.000 3.000 3.100 3.020 2.950 3.020 2.980 3.160 3.190 3.100 3.020 2.960 3.160 2.940 3.150 2.900 2.970 2.970 2.900 2.841 3.031 3.081 2.962
4.042 3.452 3.401 3.461 3.991 3.972 3.972 3.937 3.519 3.900 3.408 3.428 3.378 3.478 3.447 3.447 3.297 3.416 3.376 3.436 3.276 3.395 3.395 3.325 3.205 3.296 3.446 3.276 3.196 3.137 3.207 3.027 3.088 3.038 3.088 3.178 3.168 3.158 3.098 3.098 3.068 3.009 2.979 2.949 2.999 3.089 3.149 3.119 3.180 3.100 3.130 3.050 3.220 3.100 3.030 3.030 3.150 2.950 3.110 3.090 3.150 3.030 3.170 3.030 3.110 3.000 3.050 3.010 3.000 2.940 2.950 2.950 3.000 3.040 3.031 3.011 2.891
4.074 4.072 4.064 4.045 4.027 4.009 4.009 3.520 3.469 3.937 3.379 3.348 3.448 3.348 3.834 3.457 3.427 3.357 3.387 3.396 3.286 3.356 3.356 3.296 3.196 3.356 3.306 3.276 3.286 3.117 3.077 3.148 3.098 3.038 3.108 3.138 3.148 3.178 3.078 3.078 3.209 3.159 3.119 3.079 3.139 3.219 3.039 3.069 3.149 3.070 3.150 3.150 3.110 3.100 3.160 3.160 3.120 3.180 3.150 3.110 3.100 2.960 3.090 3.130 3.140 3.009 3.079 3.029 3.029 2.969 3.090 3.090 3.020 3.030 2.940 3.041 2.991
4.107 4.105 4.100 4.082 4.064 4.046 4.046 4.010 3.992 3.499 3.956 3.408 3.478 3.438 3.856 3.822 3.787 3.457 3.337 3.447 3.466 3.446 3.446 3.246 3.326 3.266 3.336 3.187 3.137 3.187 3.137 3.228 3.238 3.068 3.198 3.268 3.308 3.208 3.088 3.088 3.179 3.099 3.279 3.079 3.199 3.219 3.189 3.169 3.139 3.259 3.200 3.260 3.140 3.060 3.240 3.240 3.010 3.099 3.150 2.960 3.180 3.200 3.150 3.050 3.009 3.069 3.079 3.109 3.149 3.079 3.130 3.130 3.210 3.050 3.070 3.060 3.011
4.139 4.137 4.135 4.119 4.101 4.083 4.082 4.047 4.029 4.011 3.993 3.469 3.498 3.418 3.458 3.843 3.508 3.497 3.397 3.407 3.317 3.466 3.466 3.406 3.246 3.366 3.307 3.317 3.237 3.247 3.238 3.238 3.258 3.118 3.158 3.238 3.228 3.298 3.238 3.238 3.128 3.169 3.178 3.169 3.229 3.129 3.239 3.229 3.179 3.079 3.139 3.099 3.150 3.100 3.230 3.230 3.179 3.169 3.089 3.109 3.299 3.209 3.169 3.039 3.089 3.129 3.229 3.159 3.019 3.079 3.179 3.179 3.099 3.080 3.210 3.060 3.110
4.172 4.170 4.168 4.155 4.137 4.120 4.119 4.083 4.066 4.047 4.029 4.003 3.968 3.468 3.899 3.865 3.830 3.796 3.407 3.726 3.487 3.477 3.476 3.376 3.356 3.246 3.287 3.257 3.257 3.217 3.478 3.298 3.248 3.148 3.218 3.229 3.319 3.198 3.138 3.138 3.158 3.168 3.218 3.218 3.198 3.228 3.079 3.119 3.129 3.259 3.309 3.249 3.219 3.229 3.109 3.109 3.169 3.109 3.149 3.119 3.149 3.229 3.259 3.289 3.289 3.138 3.198 3.178 3.238 3.158 3.119 3.119 3.309 3.219 3.200 3.129 3.080
4.205 4.203 4.201 4.192 4.174 4.156 4.156 4.120 4.102 3.510 4.059 4.025 3.990 3.955 3.921 3.887 3.852 3.817 3.388 3.467 3.487 3.417 3.416 3.496 3.326 3.406 3.357 3.277 3.287 3.407 3.427 3.248 3.168 3.418 3.188 3.278 3.208 3.278 3.218 3.218 3.228 3.228 3.278 3.298 3.208 3.138 3.119 3.189 3.239 3.169 3.129 3.319 3.159 3.159 3.139 3.139 3.159 3.178 3.289 3.218 3.189 3.198 3.378 3.248 3.178 3.238 3.288 3.178 3.148 3.188 3.238 3.239 3.209 3.289 3.339 3.149 3.099
4.205 4.203 4.201 4.192 4.174 4.156 4.156 4.120 4.102 3.510 4.059 4.025 3.990 3.956 3.921 3.887 3.852 3.817 3.388 3.468 3.487 3.417 3.417 3.497 3.327 3.407 3.357 3.277 3.287 3.407 3.427 3.248 3.168 3.418 3.188 3.278 3.208 3.278 3.218 3.218 3.228 3.228 3.278 3.298 3.208 3.138 3.119 3.189 3.239 3.169 3.129 3.319 3.159 3.159 3.139 3.138 3.158 3.178 3.288 3.218 3.188 3.198 3.378 3.248 3.177 3.238 3.287 3.177 3.147 3.187 3.237 3.238 3.208 3.288 3.338 3.148 3.098
4.237 4.235 4.233 4.229 4.211 4.193 4.192 4.157 4.139 4.116 4.081 3.519 4.012 3.977 3.943 3.908 3.874 3.839 3.805 3.770 3.507 3.497 3.497 3.477 3.377 3.257 3.307 3.257 3.197 3.613 3.357 3.257 3.488 3.078 3.188 3.328 3.398 3.258 3.298 3.298 3.228 3.248 3.278 3.268 3.298 3.238 3.289 3.209 3.099 3.329 3.369 3.259 3.259 3.178 3.208 3.208 3.228 3.238 3.238 3.248 3.248 3.147 3.457 3.277 3.287 3.337 3.417 3.217 3.277 3.247 3.327 3.327 3.298 3.188 3.198 3.158 3.268
