includes/lisflood/camargue/results_R4_t1.561741501247E12/res-0007.wdfp
ncols         906
nrows         631
xllcorner     362177.146667
yllcorner     6534725.688020
cellsize      20.000000
NODATA_value  -9999.000000
[rows 510 to 543 of 631, columns 0 to 76 of 906]
4.402 4.293 4.184 4.075 3.966 3.881 3.994 4.108 4.107 4.334 4.447 4.561 4.674 4.787 4.900 5.014 5.127 5.138 5.106 5.074 5.042 5.055 5.080 5.106 5.106 5.157 5.172 5.126 5.081 5.036 4.991 4.946 4.901 4.884 4.921 4.958 4.987 5.016 5.044 5.073 5.072 5.129 5.158 5.186 5.235 5.373 5.566 5.758 5.950 6.142 6.334 6.526 6.719 6.911 7.091 7.260 7.260 7.554 7.665 7.777 7.888 8.000 8.111 8.128 8.013 7.898 7.783 7.668 7.519 7.272 7.026 6.780 6.495 6.495 6.407 6.319 6.231
4.883 4.774 4.665 4.417 4.126 3.865 4.012 4.160 4.159 4.412 4.526 4.639 4.752 4.865 4.978 5.092 5.195 5.162 5.130 5.098 5.066 5.033 5.001 5.002 5.002 5.054 5.030 4.985 4.940 4.895 4.850 4.805 4.760 4.715 4.672 4.684 4.747 4.809 4.871 4.934 4.934 5.059 5.121 5.183 5.264 5.389 5.515 5.671 5.864 6.056 6.248 6.440 6.632 6.821 6.991 7.160 7.160 7.499 7.668 7.791 7.902 8.014 8.114 7.999 7.884 7.769 7.654 7.540 7.425 7.310 7.154 6.907 6.720 6.720 6.632 6.544 6.445
5.123 5.014 4.736 4.445 4.154 3.863 4.003 4.151 4.150 4.446 4.565 4.678 4.791 4.904 5.018 5.131 5.207 5.174 5.142 5.110 5.078 5.045 5.013 4.981 4.980 5.002 4.960 4.915 4.870 4.825 4.791 4.775 4.759 4.743 4.727 4.728 4.752 4.814 4.877 4.939 4.939 5.064 5.126 5.189 5.288 5.413 5.538 5.663 5.820 6.013 6.205 6.397 6.589 6.771 6.941 7.110 7.110 7.448 7.618 7.787 7.909 8.021 8.049 7.935 7.820 7.705 7.590 7.475 7.360 7.246 7.131 7.008 6.782 6.782 6.667 6.553 6.438
5.346 5.055 4.764 4.473 4.182 3.891 3.995 4.142 4.142 4.437 4.584 4.717 4.830 4.943 5.057 5.170 5.219 5.187 5.154 5.122 5.090 5.057 5.025 4.993 4.992 4.935 4.911 4.895 4.878 4.862 4.846 4.830 4.814 4.797 4.782 4.789 4.796 4.820 4.882 4.944 4.944 5.069 5.132 5.194 5.311 5.437 5.562 5.687 5.812 5.969 6.162 6.354 6.546 6.721 6.891 7.060 7.060 7.398 7.568 7.737 7.906 8.028 7.985 7.870 7.755 7.640 7.538 7.486 7.433 7.381 7.328 7.132 6.775 6.775 6.661 6.546 6.432
5.374 5.083 4.792 4.501 4.210 3.919 3.986 4.133 4.133 4.428 4.576 4.723 4.869 4.983 5.096 5.209 5.231 5.199 5.166 5.134 5.102 5.069 5.040 5.034 5.033 5.004 4.965 4.949 4.933 4.917 4.900 4.884 4.868 4.852 4.843 4.850 4.857 4.864 4.887 4.950 4.949 5.075 5.137 5.210 5.335 5.460 5.585 5.710 5.836 5.961 6.118 6.311 6.502 6.671 6.841 7.010 7.010 7.349 7.518 7.687 7.856 8.033 8.019 7.966 7.914 7.862 7.809 7.757 7.705 7.652 7.600 7.317 6.768 6.768 6.654 6.539 6.425
5.402 5.111 4.820 4.529 4.238 3.947 3.977 4.124 4.124 4.419 4.567 4.714 4.862 5.009 5.135 5.248 5.243 5.211 5.178 5.154 5.149 5.143 5.137 5.131 5.131 5.093 5.044 5.004 4.987 4.971 4.955 4.939 4.923 4.906 4.904 4.911 4.918 4.925 4.932 4.955 4.955 5.080 5.142 5.233 5.358 5.484 5.609 5.734 5.859 5.984 6.110 6.268 6.452 6.621 6.790 6.960 6.960 7.316 7.499 7.682 7.865 8.054 8.259 8.238 8.185 8.133 8.081 8.028 7.976 7.923 7.808 7.503 6.893 6.893 6.647 6.532 6.418
5.430 5.139 4.848 4.557 4.266 3.975 3.968 4.116 4.115 4.411 4.558 4.705 4.853 5.000 5.148 5.287 5.269 5.263 5.258 5.252 5.246 5.240 5.234 5.228 5.228 5.182 5.133 5.085 5.042 5.026 5.009 4.993 4.977 4.961 4.965 4.972 4.978 4.985 4.992 4.999 4.999 5.085 5.147 5.257 5.382 5.507 5.632 5.758 5.883 6.008 6.133 6.257 6.417 6.600 6.783 6.966 6.965 7.331 7.514 7.697 7.880 8.075 8.280 8.484 8.457 8.404 8.352 8.300 8.247 8.195 7.994 7.689 7.079 7.079 6.774 6.525 6.411
5.458 5.167 4.876 4.585 4.294 4.003 3.959 4.107 4.106 4.402 4.549 4.697 4.844 4.992 5.139 5.284 5.359 5.361 5.355 5.349 5.343 5.337 5.331 5.325 5.325 5.270 5.222 5.173 5.125 5.080 5.064 5.048 5.032 5.019 5.025 5.032 5.039 5.046 5.053 5.060 5.060 5.090 5.155 5.280 5.405 5.531 5.656 5.773 5.887 6.002 6.116 6.231 6.423 6.615 6.798 6.981 6.980 7.346 7.529 7.712 7.895 8.097 8.301 8.506 8.710 8.676 8.623 8.571 8.519 8.466 8.180 7.875 7.265 7.265 6.960 6.655 6.404
5.486 5.195 4.904 4.613 4.322 4.031 3.950 4.098 4.097 4.393 4.540 4.688 4.835 4.983 5.131 5.274 5.349 5.424 5.452 5.446 5.440 5.434 5.428 5.423 5.422 5.359 5.311 5.262 5.214 5.165 5.119 5.102 5.086 5.080 5.086 5.093 5.100 5.107 5.114 5.121 5.121 5.135 5.174 5.289 5.403 5.518 5.632 5.747 5.861 5.976 6.090 6.220 6.420 6.620 6.813 6.996 6.995 7.361 7.544 7.727 7.914 8.118 8.323 8.527 8.732 8.936 8.895 8.842 8.790 8.671 8.366 8.061 7.451 7.451 7.146 6.841 6.535
5.498 5.223 4.932 4.641 4.350 4.059 3.942 4.089 4.089 4.384 4.532 4.679 4.827 4.974 5.122 5.264 5.339 5.414 5.489 5.543 5.537 5.532 5.526 5.520 5.519 5.448 5.399 5.351 5.302 5.254 5.205 5.157 5.141 5.140 5.147 5.154 5.161 5.165 5.161 5.158 5.157 5.150 5.186 5.262 5.377 5.491 5.606 5.720 5.835 5.949 6.064 6.218 6.418 6.618 6.818 7.011 7.010 7.376 7.559 7.742 7.935 8.140 8.344 8.549 8.753 8.958 9.162 9.114 9.061 8.857 8.552 8.247 7.637 7.637 7.332 7.026 6.721
5.355 5.129 4.902 4.669 4.378 4.087 3.933 4.080 4.080 4.375 4.523 4.671 4.818 4.966 5.113 5.254 5.329 5.404 5.479 5.554 5.629 5.629 5.623 5.617 5.617 5.536 5.488 5.440 5.391 5.343 5.294 5.246 5.196 5.190 5.186 5.182 5.178 5.175 5.171 5.167 5.167 5.159 5.214 5.274 5.351 5.465 5.580 5.694 5.809 5.923 6.038 6.215 6.415 6.615 6.815 7.015 7.015 7.391 7.574 7.757 7.957 8.161 8.366 8.570 8.775 8.979 9.184 9.385 9.333 9.043 8.738 8.433 7.823 7.823 7.517 7.231 6.968
5.213 4.986 4.759 4.532 4.305 4.079 3.924 4.072 4.071 4.367 4.514 4.662 4.810 4.957 5.105 5.244 5.319 5.394 5.469 5.544 5.619 5.694 5.720 5.714 5.714 5.625 5.577 5.528 5.477 5.414 5.350 5.287 5.232 5.199 5.195 5.191 5.188 5.184 5.180 5.176 5.176 5.182 5.243 5.303 5.363 5.439 5.553 5.668 5.783 5.897 6.012 6.212 6.412 6.612 6.812 7.012 7.012 7.406 7.589 7.774 7.978 8.183 8.387 8.592 8.796 9.001 9.205 9.408 9.608 9.345 9.083 8.821 8.296 8.296 8.034 7.772 7.509
5.070 4.843 4.616 4.390 4.163 3.984 3.919 4.064 4.064 4.358 4.506 4.653 4.801 4.949 5.096 5.234 5.309 5.384 5.459 5.535 5.610 5.685 5.760 5.811 5.811 5.694 5.631 5.568 5.504 5.441 5.377 5.314 5.268 5.236 5.204 5.201 5.197 5.193 5.189 5.185 5.185 5.211 5.271 5.331 5.391 5.451 5.527 5.642 5.756 5.871 6.010 6.210 6.410 6.610 6.809 7.009 7.009 7.409 7.604 7.795 8.000 8.204 8.407 8.599 8.792 8.984 9.177 9.369 9.684 9.886 9.624 9.362 8.837 8.837 8.575 8.312 8.050
4.927 4.700 4.474 4.247 4.099 4.013 3.926 4.060 4.059 4.350 4.497 4.645 4.792 4.940 5.088 5.224 5.300 5.375 5.450 5.525 5.600 5.675 5.792 5.875 5.875 5.721 5.658 5.595 5.531 5.468 5.404 5.341 5.305 5.272 5.240 5.210 5.206 5.202 5.199 5.195 5.194 5.239 5.299 5.359 5.419 5.479 5.539 5.616 5.730 5.845 6.007 6.207 6.407 6.607 6.807 7.007 7.006 7.407 7.572 7.791 7.983 8.176 8.368 8.561 8.753 8.945 9.138 9.331 9.713 10.098 10.165 9.902 9.378 9.378 9.116 8.853 8.591
4.927 4.700 4.474 4.247 4.099 4.013 3.926 4.060 4.059 4.351 4.497 4.645 4.792 4.940 5.088 5.224 5.300 5.375 5.450 5.525 5.600 5.675 5.792 5.875 5.875 5.721 5.658 5.595 5.531 5.468 5.404 5.341 5.305 5.272 5.240 5.210 5.206 5.202 5.199 5.195 5.195 5.239 5.299 5.359 5.419 5.479 5.539 5.616 5.730 5.845 6.007 6.207 6.407 6.607 6.807 7.007 7.007 7.407 7.572 7.791 7.983 8.176 8.368 8.561 8.753 8.946 9.138 9.331 9.713 10.098 10.165 9.903 9.378 9.378 9.116 8.853 8.591
4.785 4.558 4.331 4.214 4.128 4.041 3.955 4.055 4.055 4.346 4.492 4.637 4.784 4.931 5.079 5.215 5.290 5.365 5.440 5.522 5.644 5.766 5.888 5.936 5.936 5.749 5.685 5.622 5.558 5.495 5.431 5.374 5.341 5.309 5.276 5.244 5.215 5.212 5.208 5.204 5.204 5.267 5.327 5.387 5.447 5.507 5.568 5.628 5.704 5.819 6.004 6.204 6.404 6.604 6.774 6.932 6.931 7.246 7.404 7.679 7.944 8.137 8.329 8.522 8.714 8.907 9.099 9.359 9.743 10.127 10.511 10.443 9.919 9.919 9.657 9.394 8.990
4.642 4.416 4.329 4.243 4.157 4.070 3.984 4.051 4.050 4.342 4.487 4.633 4.778 4.923 5.070 5.205 5.280 5.374 5.496 5.619 5.741 5.863 5.985 5.998 5.998 5.803 5.712 5.649 5.585 5.522 5.458 5.410 5.378 5.345 5.313 5.281 5.248 5.221 5.217 5.213 5.213 5.295 5.355 5.416 5.476 5.536 5.596 5.656 5.716 5.802 5.977 6.134 6.292 6.449 6.606 6.764 6.763 7.078 7.253 7.540 7.827 8.098 8.290 8.483 8.675 8.868 9.060 9.388 9.772 10.157 10.541 10.925 10.460 10.460 10.198 9.935 9.298
4.559 4.473 4.387 4.300 4.214 4.127 4.041 4.042 4.041 4.333 4.478 4.624 4.769 4.915 5.041 5.167 5.365 5.563 5.689 5.811 5.933 6.055 6.178 6.121 6.120 5.926 5.829 5.731 5.639 5.576 5.516 5.483 5.451 5.418 5.386 5.354 5.321 5.289 5.257 5.232 5.232 5.326 5.361 5.397 5.432 5.467 5.502 5.537 5.572 5.635 5.717 5.800 5.955 6.112 6.270 6.427 6.427 6.742 6.976 7.263 7.550 7.837 8.124 8.405 8.597 8.790 9.063 9.447 9.831 10.215 10.600 10.984 11.542 11.542 11.217 10.565 9.913
4.588 4.502 4.415 4.329 4.243 4.156 4.070 4.037 4.037 4.328 4.474 4.619 4.757 4.882 5.007 5.132 5.320 5.518 5.716 5.908 6.030 6.152 6.274 6.182 6.182 5.987 5.890 5.793 5.695 5.603 5.552 5.520 5.487 5.455 5.416 5.373 5.330 5.287 5.244 5.206 5.205 5.235 5.270 5.305 5.340 5.375 5.411 5.446 5.481 5.555 5.637 5.719 5.802 5.944 6.102 6.259 6.259 6.573 6.837 7.124 7.411 7.698 7.985 8.272 8.558 8.751 9.092 9.477 9.861 10.245 10.629 11.013 11.764 11.764 11.548 10.873 10.221
4.560 4.508 4.444 4.358 4.271 4.185 4.098 4.033 4.033 4.324 4.469 4.599 4.724 4.848 4.973 5.098 5.275 5.473 5.671 5.869 6.067 6.248 6.341 6.244 6.243 6.049 5.952 5.851 5.750 5.649 5.549 5.506 5.463 5.419 5.376 5.333 5.290 5.247 5.204 5.171 5.171 5.144 5.179 5.214 5.249 5.284 5.319 5.354 5.393 5.475 5.557 5.639 5.722 5.804 5.933 6.091 6.090 6.412 6.698 6.985 7.272 7.560 7.847 8.134 8.421 8.714 9.084 9.450 9.817 10.183 10.549 10.916 11.705 11.705 12.099 11.422 10.745
4.496 4.445 4.393 4.341 4.290 4.213 4.127 4.041 4.040 4.315 4.440 4.565 4.690 4.815 4.940 5.065 5.230 5.428 5.626 5.824 6.022 6.221 6.382 6.289 6.289 6.088 5.987 5.886 5.785 5.678 5.554 5.466 5.423 5.380 5.336 5.293 5.250 5.207 5.166 5.137 5.137 5.078 5.087 5.122 5.158 5.193 5.228 5.263 5.312 5.395 5.477 5.559 5.641 5.724 5.806 5.922 5.922 6.273 6.560 6.847 7.134 7.421 7.688 7.946 8.204 8.513 8.963 9.335 9.701 10.067 10.434 10.800 11.688 11.688 12.223 11.973 11.296
4.433 4.381 4.329 4.278 4.226 4.174 4.123 4.069 4.069 4.281 4.406 4.531 4.656 4.781 4.906 5.031 5.185 5.383 5.581 5.779 5.977 6.135 6.282 6.324 6.324 6.123 6.022 5.921 5.821 5.702 5.577 5.453 5.383 5.340 5.296 5.253 5.210 5.167 5.132 5.103 5.102 5.044 5.015 5.031 5.066 5.101 5.136 5.172 5.232 5.314 5.397 5.479 5.561 5.643 5.726 5.808 5.808 6.134 6.421 6.683 6.941 7.198 7.456 7.714 7.972 8.312 8.762 9.212 9.585 9.952 10.318 10.685 11.670 11.670 12.206 12.524 11.847
4.369 4.318 4.266 4.214 4.163 4.111 4.058 3.993 3.993 4.235 4.372 4.497 4.622 4.747 4.872 4.997 5.139 5.338 5.536 5.734 5.888 6.035 6.181 6.327 6.327 6.158 6.057 5.956 5.850 5.725 5.601 5.477 5.352 5.300 5.257 5.213 5.170 5.127 5.098 5.069 5.068 5.010 4.980 4.951 4.975 5.010 5.045 5.080 5.152 5.234 5.317 5.399 5.481 5.563 5.645 5.728 5.728 5.937 6.194 6.451 6.709 6.967 7.224 7.482 7.740 8.111 8.561 9.011 9.461 9.836 10.203 10.581 11.652 11.652 12.188 12.724 12.398
4.306 4.254 4.202 4.151 4.099 4.040 3.976 3.911 3.911 4.133 4.286 4.439 4.588 4.714 4.838 4.963 5.094 5.293 5.491 5.642 5.788 5.934 6.081 6.227 6.227 6.193 6.092 5.992 5.873 5.749 5.625 5.500 5.376 5.260 5.217 5.174 5.130 5.093 5.064 5.034 5.034 4.975 4.946 4.917 4.887 4.918 4.954 4.990 5.072 5.154 5.236 5.319 5.401 5.481 5.555 5.630 5.629 5.840 6.005 6.219 6.477 6.735 6.992 7.250 7.508 7.910 8.360 8.810 9.260 9.710 10.087 10.563 11.635 11.635 12.170 12.706 12.949
4.242 4.191 4.139 4.087 4.023 3.958 3.894 3.829 3.829 4.031 4.184 4.337 4.490 4.643 4.796 4.930 5.055 5.247 5.395 5.541 5.687 5.834 5.980 6.127 6.126 6.228 6.128 6.022 5.897 5.773 5.649 5.524 5.400 5.275 5.177 5.134 5.091 5.059 5.029 5.000 5.000 4.941 4.912 4.883 4.853 4.827 4.862 4.910 4.992 5.074 5.156 5.233 5.307 5.381 5.455 5.529 5.529 5.742 5.908 6.073 6.245 6.503 6.760 7.018 7.276 7.708 8.159 8.609 9.059 9.509 9.906 10.546 11.617 11.617 12.153 12.689 13.224
4.411 4.127 4.070 4.006 3.941 3.876 3.812 3.747 3.747 3.929 4.082 4.235 4.388 4.541 4.694 4.847 5.013 5.174 5.294 5.441 5.587 5.733 5.880 6.026 6.026 6.264 6.163 6.045 5.921 5.797 5.672 5.548 5.424 5.299 5.175 5.094 5.054 5.025 4.995 4.966 4.966 4.907 4.878 4.848 4.819 4.790 4.771 4.829 4.910 4.984 5.058 5.132 5.206 5.280 5.354 5.428 5.428 5.645 5.811 5.976 6.142 6.307 6.528 6.786 7.057 7.507 7.957 8.407 8.761 9.097 9.433 10.050 11.330 11.330 11.970 12.611 13.207
4.550 4.053 3.988 3.924 3.859 3.794 3.730 3.665 3.665 3.826 3.979 4.132 4.285 4.438 4.591 4.785 5.123 5.376 5.468 5.560 5.652 5.744 5.836 5.928 5.928 6.219 6.193 6.069 5.945 5.820 5.696 5.572 5.447 5.323 5.199 5.074 5.020 4.990 4.961 4.933 4.932 4.875 4.846 4.818 4.789 4.760 4.732 4.739 4.810 4.884 4.958 5.032 5.106 5.180 5.254 5.328 5.328 5.548 5.713 5.879 6.044 6.210 6.375 6.554 6.856 7.299 7.634 7.970 8.306 8.642 8.977 9.552 10.833 10.833 11.473 12.114 12.750
4.570 4.250 3.944 3.842 3.777 3.712 3.648 3.583 3.583 3.724 3.877 4.030 4.183 4.336 4.557 4.895 5.234 5.573 5.670 5.762 5.854 5.946 6.038 6.130 6.130 6.314 6.250 6.128 6.006 5.883 5.761 5.639 5.517 5.395 5.273 5.149 5.000 4.970 4.941 4.912 4.912 4.855 4.826 4.797 4.769 4.740 4.691 4.674 4.730 4.786 4.857 4.931 5.005 5.079 5.154 5.227 5.227 5.450 5.616 5.781 5.947 6.112 6.278 6.433 6.567 6.843 7.179 7.515 7.850 8.186 8.522 9.056 10.336 10.336 10.976 11.597 12.164
4.781 4.475 4.169 3.864 3.695 3.630 3.566 3.501 3.501 3.622 3.775 3.928 4.081 4.329 4.667 5.006 5.345 5.683 5.872 5.964 6.056 6.148 6.240 6.332 6.332 6.402 6.315 6.210 6.088 5.966 5.843 5.721 5.599 5.477 5.355 5.220 5.071 4.950 4.921 4.892 4.892 4.835 4.806 4.777 4.748 4.705 4.650 4.608 4.664 4.721 4.777 4.833 4.905 4.979 5.053 5.127 5.127 5.353 5.518 5.684 5.850 6.010 6.107 6.204 6.333 6.553 6.773 7.059 7.395 7.730 8.066 8.559 9.839 9.839 10.445 11.011 11.577
5.007 4.701 4.395 4.089 3.783 3.548 3.484 3.419 3.419 3.520 3.673 3.826 4.101 4.440 4.778 5.117 5.455 5.794 6.075 6.167 6.258 6.351 6.443 6.535 6.534 6.464 6.376 6.288 6.170 6.048 5.925 5.803 5.681 5.559 5.437 5.290 5.141 4.992 4.901 4.872 4.871 4.814 4.786 4.757 4.718 4.663 4.609 4.554 4.599 4.655 4.711 4.767 4.823 4.880 4.953 5.027 5.026 5.256 5.421 5.587 5.684 5.781 5.878 5.975 6.098 6.318 6.538 6.758 6.978 7.275 7.610 8.062 9.293 9.293 9.859 10.425 10.991
5.007 4.701 4.395 4.089 3.783 3.548 3.484 3.419 3.419 3.520 3.673 3.826 4.101 4.440 4.778 5.117 5.455 5.794 6.075 6.167 6.258 6.351 6.443 6.535 6.534 6.464 6.376 6.288 6.170 6.048 5.926 5.803 5.681 5.559 5.437 5.290 5.141 4.992 4.901 4.872 4.872 4.814 4.786 4.757 4.718 4.663 4.609 4.554 4.599 4.655 4.711 4.767 4.824 4.880 4.953 5.027 5.026 5.256 5.421 5.587 5.684 5.781 5.878 5.975 6.098 6.318 6.538 6.758 6.979 7.275 7.610 8.062 9.293 9.293 9.859 10.425 10.991
5.232 4.926 4.620 4.315 4.009 3.703 3.402 3.337 3.337 3.417 3.571 3.873 4.212 4.550 4.889 5.227 5.566 5.904 6.243 6.369 6.461 6.553 6.645 6.701 6.701 6.526 6.438 6.350 6.252 6.130 6.008 5.885 5.763 5.641 5.510 5.361 5.212 5.063 4.914 4.852 4.851 4.794 4.765 4.732 4.677 4.622 4.568 4.513 4.534 4.590 4.646 4.702 4.758 4.814 4.870 4.926 4.926 5.158 5.261 5.358 5.455 5.552 5.649 5.746 5.864 6.084 6.304 6.524 6.744 6.964 7.184 7.565 8.707 8.707 9.273 9.839 10.405
5.458 5.152 4.846 4.540 4.234 3.928 3.623 3.317 3.316 3.315 3.645 3.984 4.322 4.661 4.999 5.338 5.676 6.015 6.353 6.571 6.663 6.755 6.847 6.763 6.762 6.587 6.499 6.412 6.324 6.212 6.090 5.967 5.845 5.723 5.581 5.432 5.283 5.134 4.985 4.836 4.836 4.774 4.745 4.690 4.636 4.581 4.526 4.472 4.469 4.525 4.581 4.637 4.693 4.749 4.805 4.861 4.861 4.937 5.032 5.129 5.226 5.323 5.420 5.518 5.629 5.850 6.070 6.290 6.510 6.730 6.931 7.145 8.120 8.120 8.686 9.252 9.818
5.862 5.504 5.147 4.789 4.432 4.075 3.717 3.360 3.359 3.166 3.571 3.975 4.380 4.785 5.190 5.559 5.897 6.236 6.574 6.913 7.067 7.061 6.974 6.886 6.885 6.710 6.622 6.535 6.447 6.359 6.254 6.132 6.009 5.871 5.722 5.573 5.424 5.275 5.126 4.977 4.977 4.717 4.663 4.608 4.553 4.499 4.444 4.389 4.339 4.395 4.451 4.507 4.563 4.605 4.631 4.657 4.657 4.717 4.756 4.796 4.836 4.875 4.963 5.060 5.161 5.381 5.601 5.787 5.958 6.130 6.301 6.472 7.398 7.398 7.863 8.329 8.794
