includes/lisflood/camargue/results_R4_t1.561741501247E12/res-0005.wd
ncols         906
nrows         631
xllcorner     362177.146667
yllcorner     6534725.688020
cellsize      20.000000
NODATA_value  -9999.000000
[rows 510 to 543 of 631, columns 385 to 461 of 906]
2.762 2.762 2.672 2.432 2.492 2.383 2.473 2.553 2.474 2.444 2.444 2.474 2.274 2.274 2.314 2.883 2.873 1.624 0.000 0.000 0.000 0.000 0.000 0.000 0.000 0.000 0.000 0.000 0.000 0.000 0.000 0.000 0.000 0.000 0.000 0.000 0.000 0.000 0.000 0.000 0.000 0.000 0.000 0.000 0.000 0.000 0.000 0.000 0.000 0.000 0.000 0.000 0.000 0.000 0.000 2.929 2.939 2.819 2.819 2.999 2.860 2.970 2.950 2.950 2.940 2.911 3.313 3.336 3.359 3.021 3.405 3.421 3.420 3.477 3.477 3.491 3.498
2.742 2.832 2.832 3.221 2.643 2.643 2.693 2.703 2.614 2.604 2.604 2.544 2.454 2.305 2.195 2.987 1.905 0.000 0.000 0.000 0.000 0.000 0.000 0.000 0.000 0.000 0.000 0.000 0.000 0.000 0.000 0.000 0.000 0.000 0.000 0.000 0.000 0.000 0.000 0.000 0.000 0.000 0.000 0.000 0.000 0.000 0.000 0.000 0.000 0.000 0.000 2.737 2.887 2.466 2.877 2.958 2.918 2.849 2.849 2.929 3.019 2.979 3.309 3.332 3.355 2.950 3.400 3.423 3.446 3.469 3.010 3.511 3.513 3.516 3.516 3.527 3.532
2.842 2.842 2.742 2.812 2.613 2.943 2.643 2.764 2.614 2.594 2.594 2.614 2.405 2.395 2.425 3.039 1.715 0.000 0.000 0.000 0.000 0.000 0.201 0.000 0.000 0.000 0.000 0.000 0.000 0.000 0.000 0.000 0.000 0.000 0.000 0.000 0.000 0.000 0.000 0.000 0.000 0.000 0.000 0.000 0.000 0.000 0.000 0.000 0.000 0.000 2.816 2.191 2.946 3.017 2.927 2.958 2.918 2.908 2.908 2.908 3.306 3.329 3.352 3.019 2.929 3.421 3.444 3.467 3.489 3.512 3.529 3.531 3.533 3.536 3.536 3.546 3.552
2.982 2.982 2.812 2.853 3.263 3.238 2.783 2.794 2.694 2.624 2.624 2.655 2.475 2.455 3.100 3.091 1.725 0.000 0.000 0.000 0.000 0.530 0.276 0.023 0.000 0.000 0.000 0.000 0.000 0.000 0.000 0.000 0.000 0.000 0.000 0.000 0.000 0.000 0.000 0.000 0.000 0.000 0.000 0.000 0.000 0.000 0.000 0.000 2.734 2.984 2.875 2.946 2.986 2.976 3.016 2.967 2.967 2.848 2.848 3.326 3.349 2.998 3.018 3.418 2.939 3.464 3.487 3.510 3.533 3.547 3.550 3.552 3.554 3.556 3.556 3.566 3.571
3.332 2.972 2.883 2.953 2.923 2.913 2.824 2.814 2.974 2.714 2.714 2.685 2.545 2.395 3.152 2.105 1.826 0.000 0.000 0.000 0.859 0.606 0.352 0.000 0.000 0.000 0.000 0.000 0.000 0.000 0.000 0.000 0.000 0.000 0.000 0.000 0.000 0.000 0.000 0.000 0.000 0.000 0.000 0.000 0.000 0.000 0.000 2.853 2.893 2.874 2.107 2.985 2.418 2.574 2.936 2.966 3.007 2.977 2.977 3.370 3.017 3.416 3.439 3.018 3.485 3.018 3.530 3.553 3.566 3.568 3.570 3.572 3.574 3.576 3.576 3.585 3.591
3.363 2.973 3.350 3.344 2.903 3.305 2.794 2.944 2.894 2.734 2.735 2.635 2.645 2.545 3.204 2.216 1.926 0.000 0.000 1.189 0.935 0.000 0.000 0.000 0.000 0.000 0.000 0.000 0.000 0.000 0.000 0.000 0.000 0.000 0.000 0.000 0.000 0.000 0.000 0.000 0.000 0.000 0.000 0.000 0.000 2.651 2.811 1.674 3.003 1.986 2.142 2.298 2.454 2.609 2.965 3.005 2.946 3.232 3.233 3.413 3.436 3.459 3.482 3.505 3.528 3.551 3.574 3.584 3.586 3.588 3.590 3.592 3.595 3.597 3.597 3.605 3.610
3.396 3.388 3.381 2.963 2.953 2.964 2.954 3.323 2.934 2.874 2.875 2.905 2.745 2.965 3.256 2.786 3.237 0.000 0.006 0.000 0.000 0.269 0.000 0.000 0.000 0.000 0.000 0.000 0.000 0.000 0.000 0.000 0.000 0.000 0.000 0.000 0.000 0.000 0.000 0.000 0.000 0.000 0.000 1.169 2.559 2.860 2.921 2.921 2.932 2.922 2.953 2.334 2.489 2.645 2.801 2.957 3.113 3.268 3.268 3.457 3.480 3.503 3.526 3.548 3.571 3.594 3.602 3.604 3.606 3.609 3.611 3.613 3.615 3.617 3.617 3.625 3.630
3.432 3.424 3.416 3.408 3.401 3.394 3.385 3.375 2.944 2.994 2.995 2.895 2.895 3.317 3.308 3.298 3.289 0.000 0.001 2.227 2.147 1.947 1.497 0.000 0.000 0.000 0.000 0.000 0.000 0.000 0.000 0.000 0.000 0.000 0.000 0.000 0.000 0.000 0.000 0.000 0.000 0.000 0.000 1.888 2.979 2.999 2.930 2.871 2.931 2.058 2.213 2.369 2.525 2.681 2.837 2.992 3.148 3.304 3.304 3.500 3.523 3.546 3.569 3.592 3.614 3.621 3.623 3.625 3.627 3.629 3.631 3.633 3.635 3.638 3.638 3.644 3.650
3.468 3.460 3.452 3.445 3.439 3.436 2.994 3.427 3.417 3.398 3.398 3.388 2.975 3.369 3.360 3.350 3.340 2.696 2.386 2.387 2.327 2.347 2.277 2.357 1.087 0.000 0.000 0.000 0.000 0.000 0.000 0.000 0.000 0.000 0.000 0.000 0.000 0.000 0.000 0.000 0.000 0.505 0.506 2.777 2.778 2.868 2.025 2.080 2.135 2.191 2.249 2.405 2.561 2.716 2.872 3.028 3.184 3.340 3.340 3.543 3.566 3.589 3.612 3.635 3.639 3.641 3.643 3.645 3.647 3.649 3.652 3.654 3.656 3.658 3.658 3.664 3.669
3.504 3.496 3.489 3.484 3.478 3.474 3.470 3.467 3.463 3.450 3.450 2.965 3.431 3.421 3.412 3.402 3.392 2.826 2.797 2.647 2.597 2.527 2.517 2.427 1.977 0.000 0.000 0.000 0.000 0.000 0.000 0.000 0.000 0.000 0.000 0.000 0.000 0.000 0.000 0.000 0.121 1.475 1.475 2.946 2.677 2.847 2.261 2.316 2.371 2.427 2.482 2.537 2.596 2.752 2.908 3.064 3.219 3.375 3.375 3.586 3.609 3.632 3.655 3.657 3.659 3.661 3.664 3.666 3.668 3.670 3.672 3.674 3.676 3.678 3.678 3.684 3.689
3.540 3.533 3.528 3.522 3.516 3.511 3.508 3.504 3.501 3.494 3.494 3.491 3.483 3.473 3.463 3.454 3.444 2.937 2.937 2.857 2.787 2.687 2.597 2.517 2.267 0.000 0.000 0.000 0.000 0.000 2.589 2.729 2.509 1.919 0.000 0.000 0.000 0.000 0.000 0.000 0.000 2.755 2.755 2.916 2.786 2.937 2.497 2.552 2.607 2.663 2.718 2.773 2.829 2.884 2.943 3.099 3.255 3.411 3.411 3.630 3.653 3.673 3.676 3.678 3.680 3.682 3.684 3.686 3.688 3.690 3.692 3.694 3.697 3.699 3.699 3.703 3.709
3.578 3.572 3.566 3.560 3.554 3.549 3.546 3.542 3.539 3.532 3.532 3.529 3.525 3.522 3.515 3.506 3.496 3.486 2.987 3.101 2.848 2.927 2.847 2.677 2.548 0.000 0.000 0.000 2.809 2.949 2.899 2.799 2.799 2.770 2.549 2.589 0.000 0.000 0.000 0.000 0.000 0.000 2.895 2.925 2.996 2.806 2.927 2.788 2.843 2.899 2.954 3.010 3.065 3.120 3.175 3.231 3.291 3.447 3.447 3.673 3.692 3.694 3.696 3.698 3.700 3.702 3.704 3.706 3.709 3.711 3.713 3.715 3.717 3.719 3.719 3.724 3.728
3.616 3.610 3.604 3.599 3.593 3.587 3.584 3.580 3.577 3.570 3.570 3.566 3.563 3.560 3.556 3.553 3.548 3.538 3.431 3.177 3.029 2.909 2.790 2.671 2.938 2.433 2.433 2.195 2.076 2.889 2.809 2.809 2.819 2.859 2.809 2.820 2.920 2.820 2.671 2.851 3.001 0.000 2.975 2.804 2.859 2.975 2.969 3.024 3.080 3.135 3.190 3.246 3.301 3.356 3.412 3.467 3.522 3.577 3.578 3.710 3.712 3.714 3.717 3.719 3.721 3.723 3.725 3.727 3.729 3.731 3.733 3.735 3.738 3.740 3.740 3.744 3.748
3.654 3.649 3.643 3.637 3.631 3.625 3.621 3.618 3.614 3.607 3.608 3.604 3.601 3.597 3.594 3.590 3.587 3.584 3.583 3.464 3.345 3.226 3.107 2.988 2.869 2.750 2.750 2.512 2.393 2.988 2.949 2.340 2.929 2.969 2.432 2.930 2.493 2.526 2.911 2.706 2.796 2.886 2.887 3.040 3.095 3.150 3.205 3.261 3.316 3.371 3.427 3.482 3.537 3.593 3.648 3.703 3.724 3.726 3.726 3.716 3.721 3.727 3.732 3.738 3.741 3.743 3.745 3.747 3.750 3.752 3.754 3.756 3.758 3.760 3.760 3.765 3.768
3.655 3.649 3.643 3.637 3.631 3.625 3.622 3.618 3.615 3.607 3.608 3.604 3.601 3.597 3.594 3.591 3.587 3.584 3.583 3.464 3.345 3.226 3.107 2.988 2.869 2.750 2.750 2.512 2.393 2.988 2.948 2.341 2.929 2.969 2.432 2.929 2.493 2.526 2.911 2.706 2.796 2.886 2.886 3.039 3.094 3.150 3.205 3.260 3.315 3.371 3.426 3.482 3.537 3.592 3.647 3.703 3.723 3.725 3.726 3.715 3.721 3.726 3.732 3.737 3.740 3.742 3.744 3.747 3.749 3.751 3.753 3.755 3.757 3.760 3.760 3.764 3.767
3.693 3.687 3.681 3.675 3.670 3.664 3.659 3.656 3.652 3.645 3.645 3.642 3.638 3.635 3.632 3.628 3.625 3.628 3.634 3.645 3.655 3.543 3.424 3.305 3.186 3.067 3.067 2.828 2.709 2.598 2.629 2.660 2.690 2.720 2.751 2.781 2.812 2.842 2.873 2.953 3.043 3.132 3.133 3.275 3.331 3.386 3.441 3.497 3.552 3.607 3.663 3.718 3.736 3.738 3.740 3.742 3.744 3.746 3.746 3.723 3.720 3.725 3.730 3.736 3.741 3.746 3.752 3.757 3.763 3.768 3.774 3.776 3.778 3.780 3.780 3.784 3.787
3.731 3.726 3.720 3.714 3.708 3.702 3.697 3.694 3.690 3.683 3.683 3.680 3.676 3.673 3.669 3.666 3.670 3.677 3.683 3.693 3.703 3.714 3.724 3.621 3.502 3.383 3.383 3.145 3.026 2.917 2.948 2.978 3.009 3.039 3.070 3.100 3.131 3.161 3.192 3.222 3.290 3.379 3.380 3.512 3.567 3.623 3.678 3.733 3.748 3.750 3.752 3.754 3.756 3.758 3.760 3.762 3.764 3.766 3.767 3.734 3.719 3.724 3.729 3.735 3.740 3.745 3.751 3.756 3.762 3.767 3.773 3.778 3.784 3.789 3.789 3.800 3.805
3.808 3.802 3.796 3.790 3.785 3.779 3.773 3.769 3.766 3.759 3.759 3.755 3.752 3.748 3.755 3.762 3.768 3.775 3.782 3.789 3.800 3.810 3.820 3.831 3.841 3.851 3.851 3.778 3.659 3.555 3.586 3.616 3.647 3.677 3.708 3.738 3.769 3.799 3.814 3.803 3.792 3.780 3.781 3.779 3.781 3.783 3.785 3.787 3.789 3.791 3.794 3.796 3.798 3.800 3.802 3.804 3.806 3.791 3.791 3.757 3.740 3.723 3.728 3.734 3.739 3.744 3.750 3.755 3.760 3.766 3.771 3.777 3.782 3.788 3.788 3.814 3.852
3.846 3.841 3.835 3.829 3.823 3.817 3.811 3.807 3.803 3.796 3.796 3.793 3.791 3.797 3.804 3.811 3.817 3.824 3.831 3.837 3.848 3.858 3.869 3.879 3.889 3.900 3.900 3.920 3.930 3.874 3.905 3.921 3.909 3.898 3.886 3.875 3.864 3.852 3.841 3.830 3.819 3.809 3.810 3.800 3.802 3.804 3.806 3.808 3.810 3.812 3.814 3.816 3.819 3.821 3.823 3.825 3.819 3.803 3.803 3.769 3.752 3.735 3.727 3.733 3.738 3.743 3.749 3.754 3.760 3.765 3.771 3.776 3.781 3.787 3.787 3.841 3.878
3.885 3.879 3.873 3.867 3.861 3.855 3.849 3.845 3.841 3.834 3.834 3.833 3.840 3.847 3.853 3.860 3.866 3.873 3.880 3.886 3.896 3.906 3.917 3.927 3.937 3.948 3.948 3.968 3.979 3.971 3.959 3.948 3.936 3.925 3.913 3.902 3.891 3.879 3.868 3.857 3.845 3.838 3.839 3.824 3.822 3.825 3.827 3.829 3.831 3.833 3.835 3.837 3.839 3.841 3.843 3.845 3.831 3.814 3.814 3.780 3.763 3.746 3.729 3.732 3.737 3.743 3.748 3.754 3.759 3.764 3.770 3.775 3.781 3.792 3.792 3.867 3.905
3.923 3.917 3.911 3.905 3.900 3.894 3.888 3.883 3.879 3.876 3.876 3.882 3.889 3.896 3.902 3.909 3.916 3.922 3.929 3.935 3.944 3.954 3.965 3.975 3.985 3.996 3.996 4.016 4.010 3.998 3.986 3.975 3.963 3.952 3.940 3.929 3.918 3.906 3.895 3.884 3.874 3.867 3.867 3.852 3.845 3.845 3.847 3.849 3.852 3.854 3.856 3.858 3.860 3.862 3.864 3.859 3.842 3.825 3.826 3.791 3.774 3.757 3.740 3.731 3.737 3.742 3.747 3.753 3.758 3.764 3.769 3.774 3.781 3.819 3.819 3.894 3.932
3.945 3.944 3.944 3.943 3.938 3.932 3.926 3.921 3.917 3.925 3.925 3.932 3.938 3.945 3.951 3.958 3.965 3.971 3.978 3.985 3.992 4.002 4.013 4.023 4.034 4.044 4.044 4.049 4.037 4.025 4.013 4.002 3.990 3.979 3.967 3.956 3.945 3.933 3.922 3.911 3.903 3.896 3.896 3.881 3.874 3.866 3.868 3.870 3.872 3.874 3.876 3.878 3.880 3.882 3.884 3.871 3.854 3.837 3.837 3.803 3.786 3.769 3.752 3.735 3.736 3.741 3.747 3.752 3.758 3.763 3.768 3.774 3.808 3.845 3.845 3.920 3.958
3.966 3.965 3.965 3.964 3.964 3.963 3.963 3.959 3.961 3.974 3.974 3.981 3.987 3.994 4.001 4.007 4.014 4.020 4.027 4.034 4.040 4.050 4.061 4.071 4.082 4.092 4.092 4.077 4.065 4.053 4.041 4.029 4.017 4.006 3.994 3.983 3.972 3.960 3.949 3.939 3.932 3.924 3.925 3.910 3.902 3.895 3.889 3.891 3.893 3.895 3.897 3.899 3.901 3.903 3.899 3.882 3.865 3.848 3.848 3.814 3.797 3.780 3.763 3.746 3.735 3.741 3.746 3.751 3.757 3.762 3.768 3.797 3.834 3.872 3.872 3.947 3.985
3.987 3.986 3.986 3.985 3.985 3.984 3.984 3.982 3.994 4.023 4.023 4.030 4.036 4.043 4.050 4.056 4.063 4.069 4.076 4.083 4.089 4.099 4.109 4.119 4.129 4.128 4.128 4.104 4.092 4.080 4.068 4.056 4.044 4.033 4.021 4.010 3.999 3.987 3.976 3.968 3.960 3.953 3.953 3.938 3.931 3.924 3.916 3.912 3.914 3.916 3.918 3.920 3.922 3.924 3.910 3.893 3.876 3.860 3.860 3.826 3.809 3.792 3.775 3.758 3.741 3.740 3.745 3.751 3.756 3.761 3.786 3.823 3.861 3.898 3.899 3.974 4.011
4.008 4.007 4.007 4.007 4.006 4.005 4.004 4.002 4.008 4.043 4.043 4.060 4.078 4.092 4.099 4.105 4.112 4.118 4.125 4.131 4.138 4.147 4.157 4.167 4.167 4.155 4.155 4.131 4.119 4.107 4.095 4.083 4.071 4.060 4.048 4.037 4.025 4.014 4.004 3.997 3.989 3.982 3.982 3.967 3.960 3.952 3.945 3.938 3.934 3.936 3.938 3.940 3.942 3.938 3.922 3.905 3.888 3.871 3.871 3.837 3.820 3.803 3.786 3.769 3.752 3.739 3.745 3.750 3.756 3.775 3.812 3.850 3.888 3.925 3.925 4.000 4.038
4.029 4.028 4.028 4.028 4.027 4.025 4.023 4.021 4.022 4.057 4.057 4.074 4.092 4.109 4.126 4.144 4.161 4.167 4.174 4.180 4.187 4.195 4.205 4.206 4.194 4.182 4.182 4.158 4.146 4.134 4.122 4.110 4.098 4.087 4.075 4.063 4.052 4.041 4.033 4.025 4.018 4.011 4.011 3.995 3.988 3.981 3.974 3.966 3.959 3.957 3.959 3.961 3.963 3.950 3.933 3.916 3.899 3.883 3.883 3.849 3.832 3.815 3.798 3.781 3.764 3.747 3.744 3.750 3.764 3.802 3.839 3.877 3.914 3.952 3.952 4.027 4.065
4.050 4.049 4.049 4.049 4.047 4.045 4.043 4.041 4.039 4.071 4.071 4.088 4.105 4.123 4.140 4.158 4.175 4.192 4.210 4.227 4.236 4.243 4.245 4.234 4.221 4.210 4.210 4.185 4.174 4.161 4.150 4.137 4.126 4.114 4.102 4.090 4.079 4.069 4.062 4.054 4.047 4.039 4.039 4.024 4.017 4.010 4.002 3.995 3.988 3.980 3.979 3.981 3.978 3.961 3.945 3.928 3.911 3.894 3.894 3.860 3.843 3.826 3.809 3.792 3.775 3.758 3.744 3.753 3.791 3.828 3.866 3.903 3.941 3.979 3.979 4.054 4.091
4.071 4.070 4.070 4.068 4.066 4.064 4.062 4.060 4.058 4.085 4.085 4.102 4.119 4.137 4.154 4.172 4.189 4.206 4.224 4.241 4.259 4.270 4.264 4.257 4.249 4.237 4.237 4.213 4.201 4.189 4.177 4.165 4.153 4.141 4.129 4.117 4.106 4.098 4.090 4.083 4.075 4.068 4.068 4.053 4.046 4.038 4.031 4.024 4.016 4.009 4.002 4.002 3.990 3.973 3.956 3.939 3.923 3.906 3.906 3.872 3.855 3.838 3.821 3.804 3.787 3.770 3.753 3.776 3.817 3.855 3.893 3.930 3.968 4.005 4.005 4.080 4.118
4.092 4.091 4.090 4.088 4.085 4.083 4.081 4.079 4.077 4.099 4.099 4.116 4.133 4.151 4.168 4.185 4.203 4.220 4.238 4.255 4.268 4.264 4.259 4.252 4.245 4.238 4.238 4.224 4.217 4.210 4.203 4.192 4.180 4.168 4.156 4.144 4.134 4.126 4.119 4.112 4.104 4.097 4.097 4.082 4.074 4.067 4.059 4.052 4.045 4.035 4.026 4.019 4.002 3.985 3.969 3.952 3.935 3.919 3.919 3.885 3.868 3.852 3.835 3.818 3.801 3.784 3.776 3.783 3.823 3.864 3.905 3.945 3.986 4.027 4.027 4.107 4.145
4.112 4.111 4.109 4.107 4.105 4.103 4.101 4.099 4.097 4.113 4.113 4.130 4.147 4.165 4.182 4.199 4.217 4.234 4.252 4.265 4.261 4.258 4.254 4.247 4.240 4.233 4.233 4.219 4.212 4.205 4.198 4.191 4.184 4.177 4.170 4.163 4.155 4.146 4.136 4.127 4.117 4.108 4.108 4.089 4.079 4.070 4.060 4.051 4.042 4.032 4.023 4.020 4.016 3.999 3.982 3.966 3.949 3.932 3.933 3.899 3.882 3.865 3.849 3.832 3.815 3.798 3.801 3.807 3.830 3.871 3.911 3.952 3.993 4.033 4.034 4.115 4.155
4.113 4.111 4.109 4.107 4.105 4.103 4.101 4.099 4.097 4.113 4.113 4.130 4.147 4.165 4.182 4.199 4.217 4.234 4.252 4.265 4.261 4.257 4.254 4.247 4.240 4.233 4.233 4.219 4.212 4.205 4.198 4.191 4.184 4.177 4.170 4.163 4.155 4.146 4.136 4.127 4.117 4.108 4.108 4.089 4.079 4.070 4.060 4.051 4.041 4.032 4.023 4.019 4.016 3.999 3.982 3.966 3.949 3.932 3.932 3.899 3.882 3.865 3.848 3.831 3.815 3.798 3.801 3.807 3.830 3.871 3.911 3.952 3.993 4.033 4.033 4.114 4.155
4.132 4.130 4.128 4.126 4.124 4.122 4.120 4.118 4.116 4.127 4.126 4.144 4.161 4.179 4.196 4.213 4.231 4.248 4.262 4.258 4.255 4.251 4.247 4.242 4.235 4.228 4.228 4.214 4.207 4.200 4.193 4.186 4.179 4.172 4.165 4.158 4.152 4.143 4.133 4.124 4.114 4.105 4.105 4.085 4.076 4.067 4.057 4.048 4.038 4.029 4.021 4.020 4.020 4.013 3.996 3.979 3.963 3.946 3.946 3.913 3.896 3.879 3.862 3.845 3.828 3.820 3.826 3.832 3.838 3.877 3.918 3.959 3.999 4.040 4.040 4.121 4.162
4.152 4.150 4.148 4.146 4.144 4.142 4.140 4.138 4.135 4.141 4.141 4.158 4.175 4.193 4.210 4.227 4.245 4.260 4.256 4.252 4.248 4.245 4.241 4.237 4.230 4.223 4.223 4.209 4.202 4.195 4.188 4.181 4.174 4.167 4.160 4.154 4.147 4.139 4.130 4.120 4.111 4.101 4.102 4.082 4.073 4.064 4.054 4.045 4.035 4.026 4.022 4.021 4.021 4.020 4.010 3.994 3.977 3.960 3.960 3.927 3.910 3.893 3.876 3.859 3.842 3.845 3.852 3.858 3.864 3.884 3.925 3.965 4.006 4.047 4.047 4.128 4.168
4.190 4.189 4.187 4.185 4.183 4.180 4.178 4.176 4.174 4.170 4.170 4.186 4.203 4.221 4.238 4.255 4.251 4.247 4.243 4.240 4.236 4.232 4.228 4.225 4.219 4.213 4.213 4.199 4.191 4.184 4.177 4.171 4.164 4.157 4.151 4.144 4.138 4.131 4.124 4.114 4.105 4.095 4.096 4.076 4.067 4.057 4.048 4.039 4.029 4.024 4.024 4.023 4.023 4.023 4.022 4.022 4.005 3.988 3.988 3.955 3.938 3.921 3.904 3.888 3.890 3.896 3.902 3.908 3.914 3.920 3.938 3.979 4.019 4.060 4.060 4.141 4.181
