includes/lisflood/camargue/results_R4_t1.561741501247E12/res-0010.wdfp
ncols         906
nrows         631
xllcorner     362177.146667
yllcorner     6534725.688020
cellsize      20.000000
NODATA_value  -9999.000000
[rows 374 to 407 of 631, columns 616 to 692 of 906]
0.000 0.000 0.000 0.000 0.000 0.000 0.001 0.000 0.000 0.000 0.000 0.000 0.021 0.000 0.011 0.000 0.051 0.000 0.000 0.000 0.061 0.061 0.000 0.000 0.000 0.009 0.000 0.232 0.072 0.122 0.072 0.000 0.000 0.010 0.000 0.000 0.001 0.000 0.000 0.000 0.000 0.000 0.000 0.075 0.000 0.000 0.093 0.000 0.000 0.146 0.000 0.000 0.000 0.000 0.000 0.000 0.000 0.001 0.002 0.003 0.001 0.000 0.051 0.000 0.000 0.000 0.052 0.000 0.000 0.000 0.000 0.685 0.000 0.011 0.000 0.000 0.000
0.031 0.000 0.012 0.000 0.000 0.000 0.000 0.000 0.000 0.000 0.000 0.000 0.000 0.000 0.000 0.000 0.000 0.001 0.000 0.000 0.000 0.000 0.000 0.000 0.000 0.011 0.009 0.001 0.242 0.032 0.032 0.000 0.017 0.007 0.042 0.000 0.000 0.000 0.000 0.000 0.000 0.000 0.001 0.001 0.002 0.000 0.001 0.000 0.179 0.003 0.000 0.000 0.014 0.014 0.000 0.001 0.002 0.015 0.001 0.001 0.000 0.000 0.000 0.000 0.000 0.014 0.000 0.000 0.000 0.000 0.000 0.000 0.002 0.000 0.000 0.000 0.000
0.000 0.001 0.000 0.000 0.000 0.000 0.000 0.021 0.000 0.000 0.000 0.000 0.000 0.081 0.000 0.000 0.000 0.000 0.000 0.000 0.000 0.000 0.000 0.000 0.005 0.000 0.009 0.000 0.000 0.000 0.092 0.000 0.000 0.002 0.005 0.004 0.002 0.001 0.000 0.113 0.000 0.001 0.002 0.001 0.006 0.086 0.000 0.008 0.069 0.000 0.000 0.002 0.003 0.003 0.000 0.000 0.015 0.000 0.002 0.000 0.000 0.000 0.051 0.111 0.000 0.044 0.000 0.000 0.000 0.002 0.000 0.001 0.000 0.000 0.000 0.000 0.000
0.000 0.000 0.000 0.000 0.021 0.021 0.021 0.091 0.061 0.000 0.000 0.000 0.000 0.000 0.000 0.021 0.000 0.000 0.000 0.000 0.000 0.000 0.000 0.005 0.064 0.000 0.006 0.129 0.000 0.000 0.000 0.000 0.001 0.057 0.004 0.005 0.022 0.021 0.001 0.001 0.000 0.000 0.000 0.037 0.002 0.000 0.171 0.004 0.000 0.000 0.002 0.001 0.000 0.000 0.004 0.035 0.002 0.001 0.004 0.001 0.000 0.000 0.000 0.000 0.000 0.094 0.000 0.054 0.000 0.002 0.000 0.000 0.000 0.000 0.000 0.000 0.206
0.001 0.000 0.000 0.154 0.000 0.000 0.021 0.000 0.011 0.000 0.042 0.142 0.000 0.133 0.033 0.000 0.011 0.000 0.093 0.000 0.000 0.000 0.034 0.044 0.084 0.000 0.196 0.015 0.000 0.001 0.000 0.001 0.033 0.000 0.004 0.003 0.010 0.008 0.004 0.005 0.011 0.000 0.024 0.004 0.008 0.000 0.009 0.000 0.000 0.000 0.003 0.251 0.003 0.006 0.002 0.055 0.001 0.012 0.000 0.002 0.000 0.000 0.003 0.053 0.000 0.003 0.000 0.004 0.000 0.003 0.000 0.003 0.000 0.000 0.000 0.000 0.264
0.001 0.000 0.000 0.154 0.000 0.000 0.021 0.000 0.010 0.000 0.042 0.142 0.000 0.133 0.033 0.000 0.011 0.001 0.093 0.000 0.000 0.000 0.034 0.044 0.084 0.000 0.196 0.010 0.000 0.000 0.000 0.000 0.033 0.000 0.001 0.001 0.005 0.004 0.002 0.002 0.008 0.000 0.024 0.002 0.004 0.000 0.005 0.000 0.000 0.000 0.001 0.251 0.003 0.006 0.002 0.055 0.001 0.012 0.000 0.000 0.000 0.000 0.003 0.053 0.000 0.001 0.000 0.001 0.000 0.000 0.000 0.000 0.000 0.000 0.000 0.000 0.264
0.000 0.000 0.000 0.094 0.004 0.002 0.002 0.000 0.078 0.000 0.000 0.000 0.000 0.073 0.000 0.000 0.000 0.000 0.000 0.001 0.064 0.064 0.114 0.000 0.000 0.051 0.000 0.006 0.258 0.000 0.000 0.000 0.000 0.000 0.002 0.003 0.003 0.002 0.005 0.001 0.043 0.009 0.000 0.014 0.005 0.000 0.003 0.086 0.003 0.079 0.004 0.006 0.000 0.001 0.134 0.000 0.000 0.001 0.000 0.005 0.000 0.000 0.001 0.000 0.000 0.014 0.000 0.003 0.000 0.001 0.000 0.000 0.000 0.000 0.000 0.321 0.751
0.000 0.000 0.021 0.000 0.000 0.000 0.000 0.008 0.003 0.000 0.031 0.000 0.000 0.001 0.000 0.000 0.000 0.000 0.000 0.035 0.002 0.002 0.000 0.000 0.061 0.000 0.000 0.007 0.008 0.000 0.000 0.000 0.001 0.000 0.000 0.000 0.007 0.007 0.050 0.000 0.000 0.006 0.000 0.122 0.000 0.000 0.048 0.000 0.000 0.003 0.100 0.000 0.000 0.001 0.000 0.021 0.000 0.002 0.154 0.084 0.000 0.000 0.000 0.014 0.000 0.001 0.002 0.002 0.124 0.124 0.000 0.000 0.000 0.000 0.000 0.344 0.000
0.001 0.000 0.000 0.000 0.000 0.000 0.011 0.013 0.000 0.000 0.000 0.000 0.004 0.014 0.000 0.002 0.000 0.025 0.115 0.002 0.000 0.001 0.000 0.000 0.000 0.000 0.021 0.000 0.013 0.014 0.000 0.000 0.014 0.000 0.000 0.000 0.008 0.008 0.000 0.016 0.000 0.009 0.000 0.008 0.000 0.000 0.118 0.003 0.051 0.041 0.003 0.098 0.000 0.001 0.000 0.000 0.002 0.045 0.000 0.000 0.052 0.000 0.000 0.014 0.000 0.017 0.087 0.000 0.000 0.000 0.000 0.000 0.001 0.067 0.064 0.006 0.004
0.014 0.014 0.000 0.058 0.128 0.128 0.008 0.000 0.000 0.062 0.000 0.002 0.000 0.002 0.003 0.000 0.001 0.001 0.000 0.135 0.000 0.002 0.000 0.061 0.000 0.001 0.000 0.000 0.000 0.057 0.000 0.000 0.001 0.001 0.000 0.000 0.007 0.007 0.066 0.016 0.000 0.082 0.001 0.004 0.000 0.000 0.000 0.071 0.081 0.061 0.000 0.098 0.000 0.000 0.001 0.002 0.066 0.000 0.000 0.000 0.000 0.001 0.001 0.001 0.000 0.000 0.047 0.000 0.082 0.082 0.000 0.000 0.001 0.103 0.437 0.003 0.016
0.000 0.000 0.095 0.000 0.003 0.003 0.000 0.000 0.000 0.000 0.000 0.057 0.000 0.000 0.005 0.000 0.002 0.027 0.057 0.001 0.001 0.001 0.000 0.000 0.000 0.042 0.000 0.000 0.000 0.121 0.135 0.000 0.001 0.015 0.002 0.001 0.007 0.007 0.002 0.000 0.044 0.005 0.010 0.044 0.000 0.001 0.000 0.007 0.000 0.005 0.005 0.004 0.000 0.000 0.117 0.037 0.000 0.000 0.000 0.001 0.033 0.000 0.000 0.074 0.000 0.000 0.003 0.001 0.000 0.000 0.000 0.000 0.141 0.138 0.000 0.094 0.054
0.000 0.006 0.005 0.000 0.005 0.005 0.000 0.000 0.016 0.016 0.007 0.117 0.000 0.000 0.001 0.002 0.000 0.006 0.005 0.000 0.024 0.024 0.000 0.001 0.000 0.000 0.004 0.000 0.000 0.000 0.158 0.000 0.000 0.000 0.015 0.000 0.062 0.062 0.022 0.000 0.001 0.088 0.000 0.006 0.032 0.000 0.012 0.005 0.000 0.067 0.006 0.003 0.078 0.078 0.004 0.000 0.000 0.000 0.000 0.000 0.033 0.000 0.002 0.002 0.002 0.026 0.002 0.000 0.000 0.000 0.000 0.627 0.176 0.117 0.000 0.023 0.000
0.024 0.001 0.008 0.000 0.018 0.018 0.000 0.003 0.003 0.000 0.007 0.000 0.000 0.017 0.097 0.037 0.000 0.000 0.003 0.002 0.002 0.002 0.000 0.000 0.012 0.000 0.094 0.003 0.001 0.000 0.181 0.011 0.000 0.000 0.002 0.000 0.082 0.082 0.006 0.114 0.023 0.002 0.082 0.042 0.072 0.020 0.018 0.000 0.124 0.002 0.018 0.178 0.000 0.000 0.000 0.021 0.000 0.000 0.004 0.004 0.000 0.001 0.003 0.002 0.001 0.000 0.002 0.000 0.000 0.000 0.000 0.215 0.212 0.000 0.000 0.004 0.041
0.002 0.000 0.004 0.000 0.004 0.003 0.005 0.008 0.002 0.000 0.000 0.000 0.000 0.000 0.003 0.000 0.000 0.001 0.001 0.002 0.002 0.001 0.063 0.000 0.000 0.000 0.000 0.000 0.034 0.000 0.000 0.143 0.000 0.000 0.002 0.003 0.000 0.000 0.078 0.000 0.006 0.003 0.000 0.022 0.062 0.000 0.028 0.000 0.054 0.020 0.103 0.000 0.022 0.022 0.000 0.000 0.000 0.043 0.002 0.000 0.001 0.000 0.005 0.001 0.002 0.000 0.003 0.000 0.000 0.000 0.507 0.250 0.000 0.031 0.000 0.003 0.006
0.002 0.017 0.002 0.060 0.004 0.004 0.008 0.000 0.000 0.000 0.000 0.103 0.000 0.014 0.002 0.015 0.000 0.002 0.002 0.048 0.018 0.018 0.000 0.003 0.000 0.000 0.041 0.000 0.002 0.000 0.000 0.166 0.000 0.000 0.052 0.023 0.015 0.017 0.188 0.004 0.046 0.046 0.000 0.006 0.000 0.004 0.226 0.000 0.084 0.000 0.000 0.000 0.042 0.042 0.000 0.001 0.001 0.123 0.000 0.000 0.046 0.002 0.002 0.001 0.001 0.000 0.004 0.024 0.000 0.000 0.289 0.286 0.000 0.000 0.000 0.002 0.009
0.000 0.003 0.000 0.020 0.006 0.006 0.007 0.000 0.000 0.000 0.000 0.143 0.000 0.002 0.001 0.002 0.047 0.000 0.003 0.000 0.004 0.004 0.000 0.001 0.000 0.041 0.000 0.000 0.057 0.000 0.000 0.189 0.203 0.009 0.009 0.143 0.005 0.006 0.000 0.000 0.046 0.046 0.076 0.010 0.000 0.073 0.023 0.074 0.064 0.000 0.062 0.001 0.000 0.000 0.002 0.045 0.001 0.000 0.000 0.000 0.136 0.005 0.003 0.002 0.002 0.000 0.076 0.000 0.000 0.000 0.324 0.000 0.000 0.000 0.000 0.010 0.009
0.000 0.031 0.000 0.000 0.152 0.152 0.007 0.000 0.000 0.000 0.000 0.001 0.000 0.003 0.000 0.057 0.037 0.077 0.000 0.001 0.029 0.029 0.017 0.017 0.008 0.000 0.047 0.007 0.047 0.067 0.000 0.000 0.226 0.000 0.000 0.163 0.001 0.001 0.000 0.000 0.036 0.015 0.106 0.026 0.000 0.113 0.000 0.124 0.124 0.000 0.001 0.000 0.043 0.043 0.043 0.000 0.000 0.001 0.024 0.034 0.000 0.004 0.001 0.000 0.000 0.004 0.001 0.002 0.001 0.006 0.376 0.009 0.000 0.000 0.000 0.000 0.008
0.001 0.050 0.000 0.012 0.007 0.007 0.000 0.000 0.000 0.061 0.000 0.000 0.000 0.003 0.000 0.000 0.000 0.003 0.002 0.002 0.000 0.000 0.044 0.000 0.000 0.000 0.000 0.027 0.047 0.000 0.000 0.000 0.249 0.000 0.000 0.000 0.092 0.092 0.000 0.014 0.000 0.019 0.000 0.011 0.000 0.042 0.014 0.003 0.064 0.001 0.124 0.001 0.000 0.001 0.001 0.004 0.001 0.001 0.044 0.044 0.000 0.003 0.041 0.000 0.002 0.001 0.001 0.002 0.004 0.007 0.000 0.005 0.012 0.000 0.000 0.017 0.004
0.008 0.030 0.000 0.030 0.005 0.004 0.185 0.000 0.000 0.000 0.034 0.000 0.000 0.065 0.125 0.000 0.000 0.002 0.000 0.046 0.001 0.003 0.005 0.005 0.023 0.000 0.000 0.000 0.003 0.000 0.000 0.000 0.272 0.286 0.002 0.153 0.000 0.000 0.000 0.003 0.070 0.020 0.130 0.120 0.003 0.005 0.084 0.000 0.005 0.043 0.001 0.000 0.004 0.004 0.001 0.001 0.000 0.033 0.000 0.000 0.000 0.003 0.009 0.001 0.014 0.000 0.000 0.000 0.008 0.009 0.000 0.008 0.005 0.000 0.000 0.002 0.003
0.000 0.000 0.142 0.000 0.129 0.129 0.000 0.000 0.000 0.000 0.014 0.000 0.000 0.002 0.002 0.000 0.000 0.045 0.000 0.066 0.016 0.016 0.002 0.172 0.112 0.006 0.000 0.000 0.004 0.006 0.000 0.000 0.000 0.309 0.066 0.000 0.000 0.000 0.000 0.000 0.080 0.100 0.050 0.000 0.000 0.002 0.014 0.012 0.046 0.009 0.005 0.301 0.001 0.001 0.003 0.025 0.000 0.001 0.000 0.015 0.000 0.020 0.060 0.002 0.000 0.000 0.013 0.000 0.009 0.009 0.000 0.010 0.011 0.000 0.000 0.061 0.181
0.129 0.000 0.001 0.000 0.016 0.016 0.000 0.000 0.001 0.000 0.094 0.000 0.014 0.004 0.002 0.073 0.000 0.045 0.000 0.076 0.005 0.003 0.079 0.000 0.000 0.029 0.000 0.000 0.000 0.009 0.001 0.000 0.000 0.332 0.346 0.156 0.066 0.066 0.046 0.010 0.015 0.000 0.139 0.069 0.119 0.006 0.018 0.026 0.000 0.010 0.118 0.078 0.303 0.303 0.058 0.000 0.016 0.000 0.032 0.005 0.090 0.009 0.030 0.000 0.021 0.000 0.000 0.013 0.014 0.015 0.003 0.003 0.017 0.000 0.000 0.000 0.091
0.129 0.000 0.000 0.000 0.013 0.013 0.000 0.000 0.000 0.000 0.094 0.000 0.014 0.002 0.001 0.073 0.000 0.045 0.000 0.076 0.003 0.001 0.079 0.000 0.000 0.029 0.000 0.000 0.000 0.005 0.000 0.000 0.000 0.332 0.346 0.156 0.066 0.066 0.046 0.010 0.013 0.000 0.139 0.069 0.119 0.004 0.014 0.024 0.000 0.007 0.118 0.078 0.303 0.303 0.058 0.000 0.016 0.000 0.032 0.004 0.090 0.008 0.030 0.000 0.021 0.000 0.000 0.008 0.008 0.009 0.001 0.000 0.009 0.000 0.000 0.000 0.091
0.038 0.000 0.000 0.000 0.123 0.123 0.016 0.000 0.000 0.000 0.104 0.002 0.000 0.019 0.007 0.083 0.000 0.085 0.003 0.002 0.159 0.159 0.149 0.000 0.043 0.017 0.006 0.000 0.000 0.129 0.004 0.005 0.000 0.000 0.372 0.006 0.216 0.216 0.106 0.000 0.000 0.000 0.000 0.010 0.000 0.003 0.013 0.029 0.000 0.047 0.000 0.000 0.078 0.078 0.003 0.004 0.076 0.000 0.005 0.027 0.000 0.068 0.001 0.000 0.000 0.000 0.000 0.015 0.021 0.023 0.000 0.000 0.052 0.009 0.000 0.058 0.004
0.011 0.087 0.003 0.068 0.000 0.000 0.041 0.141 0.000 0.053 0.000 0.000 0.001 0.000 0.000 0.009 0.008 0.001 0.036 0.076 0.005 0.004 0.000 0.000 0.043 0.000 0.035 0.002 0.014 0.000 0.084 0.234 0.000 0.066 0.403 0.412 0.106 0.106 0.000 0.000 0.000 0.000 0.000 0.353 0.141 0.051 0.043 0.003 0.066 0.000 0.049 0.000 0.025 0.025 0.002 0.146 0.096 0.086 0.116 0.027 0.000 0.000 0.000 0.000 0.000 0.000 0.006 0.012 0.003 0.005 0.000 0.018 0.004 0.005 0.003 0.002 0.000
0.000 0.011 0.000 0.004 0.000 0.000 0.011 0.000 0.000 0.153 0.000 0.000 0.143 0.233 0.103 0.000 0.063 0.043 0.000 0.002 0.040 0.040 0.000 0.019 0.004 0.050 0.000 0.394 0.034 0.034 0.420 0.024 0.000 0.226 0.000 0.466 0.000 0.000 0.000 0.000 0.032 0.000 0.000 0.011 0.006 0.130 0.000 0.000 0.002 0.039 0.059 0.109 0.382 0.382 0.009 0.417 0.396 0.106 0.086 0.000 0.000 0.000 0.000 0.248 0.000 0.001 0.018 0.024 0.000 0.001 0.001 0.002 0.018 0.037 0.011 0.002 0.000
0.007 0.004 0.006 0.003 0.000 0.000 0.182 0.262 0.000 0.033 0.000 0.000 0.000 0.003 0.001 0.073 0.001 0.083 0.005 0.011 0.003 0.003 0.090 0.006 0.068 0.008 0.000 0.164 0.064 0.044 0.154 0.094 0.000 0.000 0.036 0.246 0.014 0.003 0.039 0.000 0.001 0.000 0.033 0.034 0.021 0.006 0.045 0.025 0.003 0.000 0.069 0.049 0.399 0.399 0.000 0.066 0.006 0.000 0.000 0.000 0.000 0.000 0.033 0.291 0.000 0.018 0.027 0.000 0.000 0.000 0.001 0.046 0.000 0.000 0.007 0.013 0.000
0.005 0.131 0.111 0.121 0.000 0.000 0.182 0.042 0.000 0.001 0.000 0.034 0.144 0.000 0.026 0.000 0.104 0.000 0.002 0.019 0.011 0.011 0.039 0.000 0.004 0.003 0.089 0.002 0.114 0.094 0.064 0.074 0.014 0.003 0.000 0.000 0.039 0.038 0.002 0.034 0.000 0.000 0.017 0.018 0.000 0.005 0.009 0.000 0.000 0.007 0.008 0.003 0.009 0.006 0.018 0.000 0.000 0.000 0.000 0.000 0.000 0.083 0.093 0.000 0.000 0.018 0.000 0.000 0.000 0.000 0.001 0.002 0.032 0.266 0.283 0.014 0.000
0.000 0.000 0.000 0.008 0.139 0.139 0.011 0.000 0.037 0.027 0.000 0.014 0.074 0.002 0.136 0.000 0.002 0.000 0.004 0.031 0.000 0.000 0.039 0.099 0.089 0.039 0.079 0.014 0.010 0.033 0.000 0.000 0.000 0.002 0.000 0.000 0.045 0.045 0.000 0.001 0.326 0.000 0.302 0.040 0.000 0.271 0.274 0.000 0.000 0.014 0.009 0.004 0.019 0.009 0.028 0.005 0.000 0.000 0.000 0.000 0.000 0.000 0.003 0.000 0.010 0.015 0.000 0.000 0.003 0.007 0.017 0.004 0.031 0.000 0.000 0.010 0.000
0.002 0.002 0.000 0.002 0.024 0.024 0.000 0.000 0.107 0.047 0.000 0.000 0.000 0.000 0.126 0.002 0.001 0.046 0.000 0.029 0.000 0.000 0.026 0.000 0.079 0.000 0.049 0.109 0.000 0.000 0.000 0.115 0.025 0.000 0.001 0.000 0.052 0.052 0.000 0.048 0.000 0.308 0.312 0.049 0.012 0.000 0.284 0.000 0.023 0.008 0.004 0.000 0.000 0.000 0.034 0.011 0.000 0.347 0.000 0.000 0.000 0.101 0.000 0.000 0.018 0.025 0.000 0.002 0.004 0.007 0.001 0.276 0.003 0.006 0.001 0.006 0.002
0.000 0.001 0.062 0.011 0.095 0.095 0.000 0.000 0.037 0.000 0.051 0.001 0.000 0.000 0.000 0.001 0.066 0.106 0.056 0.126 0.037 0.037 0.020 0.000 0.007 0.038 0.159 0.000 0.000 0.000 0.000 0.015 0.000 0.002 0.001 0.000 0.061 0.060 0.055 0.058 0.000 0.000 0.000 0.000 0.031 0.000 0.005 0.018 0.022 0.000 0.000 0.025 0.000 0.000 0.049 0.035 0.023 0.000 0.000 0.062 0.022 0.000 0.000 0.009 0.015 0.000 0.001 0.003 0.004 0.006 0.003 0.000 0.001 0.005 0.005 0.000 0.010
0.056 0.036 0.002 0.000 0.014 0.014 0.000 0.000 0.097 0.000 0.000 0.000 0.000 0.000 0.112 0.002 0.000 0.000 0.000 0.031 0.000 0.000 0.057 0.009 0.096 0.012 0.000 0.003 0.003 0.003 0.000 0.002 0.002 0.003 0.000 0.000 0.000 0.000 0.056 0.000 0.000 0.000 0.000 0.020 0.027 0.020 0.019 0.021 0.024 0.000 0.000 0.035 0.005 0.004 0.001 0.000 0.024 0.000 0.000 0.000 0.000 0.000 0.000 0.011 0.012 0.006 0.003 0.003 0.004 0.005 0.002 0.001 0.002 0.004 0.005 0.003 0.011
0.066 0.000 0.000 0.000 0.097 0.097 0.000 0.000 0.047 0.000 0.073 0.000 0.000 0.000 0.000 0.003 0.000 0.000 0.101 0.061 0.003 0.004 0.000 0.120 0.019 0.000 0.038 0.000 0.000 0.002 0.001 0.000 0.002 0.058 0.002 0.000 0.001 0.000 0.057 0.053 0.057 0.000 0.000 0.023 0.000 0.018 0.020 0.022 0.025 0.000 0.000 0.000 0.000 0.000 0.012 0.000 0.040 0.023 0.018 0.013 0.000 0.000 0.006 0.010 0.010 0.008 0.007 0.005 0.004 0.005 0.002 0.002 0.002 0.003 0.004 0.005 0.009
0.000 0.000 0.000 0.000 0.106 0.106 0.001 0.023 0.002 0.002 0.002 0.000 0.000 0.000 0.116 0.066 0.000 0.063 0.000 0.469 0.000 0.000 0.048 0.000 0.099 0.038 0.098 0.000 0.018 0.058 0.078 0.098 0.018 0.028 0.003 0.053 0.000 0.000 0.000 0.052 0.000 0.026 0.028 0.028 0.021 0.020 0.021 0.022 0.023 0.020 0.000 0.000 0.000 0.000 0.000 0.000 0.000 0.025 0.000 0.000 0.000 0.000 0.008 0.009 0.009 0.008 0.000 0.005 0.005 0.005 0.002 0.002 0.002 0.003 0.004 0.005 0.008
0.002 0.000 0.000 0.000 0.131 0.131 0.000 0.000 0.018 0.000 0.055 0.002 0.003 0.076 0.086 0.000 0.023 0.083 0.012 0.016 0.059 0.058 0.048 0.000 0.079 0.000 0.009 0.004 0.000 0.000 0.018 0.000 0.054 0.000 0.000 0.000 0.022 0.022 0.000 0.050 0.040 0.038 0.038 0.000 0.018 0.020 0.022 0.026 0.022 0.019 0.009 0.009 0.000 0.000 0.000 0.528 0.000 0.040 0.021 0.008 0.003 0.004 0.008 0.009 0.008 0.007 0.002 0.004 0.004 0.005 0.002 0.001 0.002 0.003 0.004 0.005 0.007
