includes/lisflood/camargue/results_R4_t1.561741501247E12/res.max
ncols         906
nrows         631
xllcorner     362177.146667
yllcorner     6534725.688020
cellsize      20.000000
NODATA_value  -9999.000000
[rows 476 to 509 of 631, columns 462 to 538 of 906]
0.000 0.000 0.000 0.000 0.000 0.000 0.000 0.000 0.000 0.000 0.000 0.000 0.000 0.000 0.733 1.823 2.733 2.813 2.954 2.904 2.834 2.854 2.874 2.894 2.914 2.964 3.014 3.034 3.014 3.074 3.075 3.155 3.025 3.056 3.246 3.057 2.927 3.118 2.989 3.221 3.062 2.953 3.024 2.925 2.995 2.886 2.886 2.766 2.407 2.328 2.728 2.899 2.889 2.920 2.820 3.021 3.021 3.121 2.952 3.022 3.133 3.223 3.223 3.114 3.114 3.274 3.114 3.254 3.024 3.254 3.245 3.175 3.165 3.265 3.295 3.425 3.394
0.000 0.000 0.000 0.000 0.000 0.000 0.000 0.000 0.000 0.000 0.000 0.000 0.182 2.502 2.502 2.972 2.923 2.913 2.913 2.924 3.024 2.934 2.954 3.114 3.164 3.054 3.104 3.094 3.054 3.044 3.044 3.025 3.085 3.056 3.066 3.247 3.168 3.098 3.649 3.250 3.111 2.922 3.073 3.044 3.014 2.795 2.795 2.976 2.596 2.337 2.548 2.718 2.898 2.879 2.919 2.960 2.970 3.091 3.051 3.092 3.222 3.202 3.203 3.053 3.213 3.223 3.093 3.203 3.243 3.274 3.284 3.344 3.254 3.234 3.404 3.593 3.383
0.000 0.000 0.000 0.000 0.000 0.000 0.000 0.000 0.000 0.000 0.000 2.401 2.961 2.931 2.932 3.002 2.942 3.023 3.073 3.103 3.133 3.184 3.174 3.094 3.074 3.054 3.184 3.154 3.203 3.294 3.294 3.205 3.205 3.246 3.216 3.217 3.448 3.278 3.779 3.220 3.121 3.202 3.192 3.153 3.033 2.914 2.914 2.935 2.795 2.296 2.176 2.507 2.707 2.908 2.958 2.869 2.969 2.999 3.060 3.130 3.091 3.111 3.111 3.172 3.232 3.172 3.312 3.252 3.243 3.333 3.213 3.313 3.333 3.442 3.433 3.402 3.502
0.000 0.000 0.000 0.000 0.000 0.000 0.000 0.000 0.000 2.001 2.821 3.041 2.911 2.881 2.881 3.032 3.132 3.092 3.163 3.203 3.223 3.163 3.144 3.134 3.134 3.224 3.183 3.214 3.264 3.154 3.154 3.294 3.205 3.366 3.326 3.347 3.348 3.328 3.249 3.300 3.270 3.151 3.042 3.122 3.173 2.993 2.994 3.034 2.785 2.385 2.336 2.286 2.197 2.697 2.828 2.878 2.988 2.978 3.059 3.079 3.040 3.180 3.180 3.211 3.201 3.271 3.391 3.201 3.241 3.362 3.302 3.302 3.471 3.331 3.371 3.441 3.491
0.000 0.000 0.000 0.000 0.000 0.000 0.000 0.000 2.451 3.011 3.051 3.001 2.971 3.131 3.131 3.162 3.102 3.242 3.242 3.163 3.193 3.153 3.233 3.223 3.233 3.283 3.273 3.334 3.244 3.304 3.304 3.345 3.265 3.376 3.366 3.287 3.777 3.408 3.319 3.229 3.310 3.261 3.251 3.192 3.172 3.093 3.093 2.924 2.934 2.454 2.285 2.215 2.385 2.386 2.436 2.847 2.907 3.057 2.988 3.058 3.379 3.209 3.209 3.139 3.210 3.270 3.290 3.190 3.360 3.360 3.400 3.311 3.330 3.400 3.440 3.590 3.520
0.000 0.000 0.000 0.000 0.000 0.000 1.880 2.860 2.891 3.041 3.031 3.031 3.030 3.211 3.211 3.221 3.312 3.322 3.132 3.172 3.173 3.233 3.273 3.203 3.313 3.273 3.453 3.313 3.254 3.394 3.394 3.474 3.325 3.285 3.246 3.816 3.467 3.388 3.398 3.229 3.389 3.240 3.250 3.301 3.112 3.102 3.103 3.143 2.973 2.564 2.334 2.174 2.305 2.795 2.675 2.615 2.896 2.926 3.107 3.177 3.058 3.128 3.128 3.158 3.089 3.169 3.369 3.319 3.299 3.419 3.579 3.410 3.529 3.619 3.609 3.429 3.539
0.000 0.000 0.000 0.000 1.210 2.240 2.850 2.990 3.050 3.130 3.111 3.150 3.190 3.261 3.261 3.311 3.172 3.242 3.182 3.282 3.152 3.323 3.243 3.223 3.363 3.353 3.383 3.293 3.453 3.334 3.334 3.314 3.285 3.425 3.236 3.476 3.397 3.467 3.418 3.338 3.379 3.489 3.330 3.351 3.371 3.242 3.242 2.932 2.833 2.673 2.663 2.754 2.524 2.574 2.724 2.894 2.585 2.935 3.035 2.946 3.046 3.096 3.097 3.207 3.217 3.418 3.318 3.368 3.408 3.418 3.389 3.548 3.479 3.468 3.668 3.538 3.498
0.000 0.000 0.000 1.750 2.780 3.010 2.960 3.100 3.160 3.200 3.150 3.180 3.310 3.430 3.431 3.301 3.341 3.211 3.282 3.272 3.282 3.303 3.463 3.343 3.383 3.363 3.563 3.373 3.403 3.423 3.423 3.474 3.314 3.335 3.766 3.546 3.496 3.327 3.487 3.308 3.399 3.379 3.450 3.300 3.371 3.291 3.291 3.212 2.952 2.882 2.623 2.603 2.503 2.643 2.723 2.934 2.954 2.654 2.934 3.075 3.095 3.115 3.116 3.226 3.276 3.407 3.357 3.547 3.377 3.387 3.518 3.417 3.547 3.577 3.587 3.587 3.547
0.000 0.820 2.100 3.020 3.020 2.930 3.070 3.210 3.140 3.210 3.360 3.281 3.161 3.241 3.240 3.371 3.251 3.291 3.332 3.332 3.322 3.342 3.392 3.443 3.503 3.353 3.573 3.463 3.543 3.503 3.504 3.534 3.494 3.455 3.806 3.536 3.426 3.427 3.407 3.348 3.438 3.369 3.409 3.250 3.410 3.411 3.411 3.341 3.172 3.192 3.072 3.002 2.822 2.792 2.673 2.873 2.853 2.953 2.633 3.003 3.024 3.134 3.134 3.285 3.375 3.246 3.306 3.376 3.486 3.326 3.516 3.526 3.556 3.536 3.556 3.606 3.626
1.280 2.540 3.019 2.890 3.020 2.960 3.170 3.280 3.150 3.250 3.330 3.341 3.301 3.371 3.371 3.291 3.391 3.371 3.311 3.442 3.432 3.502 3.292 3.462 3.493 3.503 3.463 3.453 3.513 3.593 3.593 3.554 3.464 3.464 3.585 3.495 3.366 3.456 3.457 3.507 3.488 3.418 3.479 3.389 3.450 3.440 3.440 3.441 3.371 3.301 3.151 3.242 3.062 3.162 2.952 2.762 2.992 3.112 2.962 2.633 2.953 3.133 3.134 3.204 3.264 3.285 3.365 3.335 3.616 3.366 3.436 3.536 3.546 3.595 3.565 3.705 3.585
2.930 2.950 2.959 3.049 3.149 3.209 3.220 3.120 3.270 3.420 3.240 3.431 3.291 3.321 3.321 3.391 3.481 3.551 3.401 3.521 3.512 3.562 3.442 3.482 3.522 3.453 3.623 3.523 3.473 3.603 3.603 3.504 3.534 3.514 3.684 3.455 3.545 3.526 3.626 3.507 3.447 3.518 3.498 3.418 3.569 3.419 3.419 3.570 3.630 3.380 3.311 3.301 3.401 3.251 3.221 3.071 3.271 3.311 3.291 3.052 2.542 3.052 3.053 3.103 3.244 3.324 3.294 3.354 3.435 3.315 3.485 3.475 3.554 3.554 3.604 3.694 3.664
3.059 2.999 3.219 3.259 3.219 3.309 3.329 3.229 3.300 3.280 3.280 3.360 3.420 3.451 3.451 3.391 3.521 3.431 3.421 3.361 3.471 3.542 3.532 3.552 3.522 3.482 3.523 3.653 3.563 3.583 3.583 3.653 3.503 3.524 3.704 3.595 3.615 3.515 3.486 3.576 3.677 3.607 3.537 3.488 3.438 3.568 3.569 3.349 3.309 3.360 3.390 3.390 3.380 3.430 3.400 3.410 3.381 3.351 3.321 3.271 3.151 3.012 3.012 3.162 3.153 3.153 3.193 3.343 3.374 3.394 3.394 3.584 3.693 3.543 3.633 3.693 3.773
3.019 3.159 3.199 3.269 3.309 3.319 3.449 3.359 3.289 3.410 3.340 3.530 3.360 3.480 3.481 3.571 3.551 3.461 3.481 3.571 3.551 3.521 3.562 3.602 3.572 3.582 3.602 3.583 3.643 3.593 3.593 3.663 3.663 3.664 3.594 3.614 3.685 3.665 3.525 3.466 3.556 3.606 3.537 3.537 3.527 3.487 3.488 3.368 3.408 3.418 3.399 3.439 3.339 3.339 3.330 3.420 3.340 3.330 3.280 3.390 3.350 2.661 2.661 3.052 3.122 3.272 3.172 3.262 3.343 3.543 3.613 3.573 3.522 3.602 3.672 3.732 3.752
3.169 3.199 3.259 3.329 3.249 3.389 3.389 3.339 3.429 3.389 3.340 3.500 3.540 3.470 3.470 3.491 3.551 3.501 3.601 3.441 3.571 3.621 3.611 3.602 3.642 3.632 3.652 3.612 3.593 3.633 3.633 3.633 3.623 3.633 3.564 3.614 3.714 3.615 3.705 3.615 3.706 3.656 3.666 3.436 3.417 3.477 3.477 3.487 3.497 3.428 3.388 3.478 3.448 3.439 3.429 3.409 3.529 3.419 3.369 3.369 3.460 2.990 2.990 2.691 3.071 3.101 3.191 3.231 3.312 3.432 3.562 3.702 3.852 3.711 3.801 3.851 3.628
3.309 3.319 3.379 3.389 3.299 3.359 3.389 3.409 3.479 3.369 3.489 3.510 3.510 3.560 3.560 3.560 3.580 3.590 3.661 3.571 3.691 3.761 3.631 3.622 3.682 3.572 3.672 3.682 3.563 3.653 3.653 3.653 3.673 3.593 3.773 3.784 3.704 3.704 3.684 3.595 3.735 3.765 3.515 3.556 3.406 3.456 3.456 3.516 3.547 3.497 3.427 3.567 3.648 3.408 3.408 3.328 3.478 3.468 3.358 3.189 3.289 3.219 3.219 3.270 2.730 2.970 3.101 3.181 3.181 3.461 3.441 3.621 3.691 3.670 3.790 3.820 3.670
3.309 3.329 3.349 3.229 3.439 3.479 3.369 3.389 3.509 3.449 3.529 3.509 3.549 3.740 3.740 3.570 3.740 3.570 3.600 3.641 3.671 3.691 3.651 3.601 3.691 3.622 3.682 3.682 3.622 3.642 3.643 3.643 3.773 3.773 3.673 3.803 3.733 3.744 4.029 3.664 3.674 3.614 3.545 3.525 3.595 3.535 3.535 3.606 3.526 3.496 3.537 3.507 3.547 3.457 3.517 3.477 3.457 3.417 3.348 3.358 3.278 3.448 3.448 3.209 3.339 2.809 2.980 3.060 3.200 3.200 3.430 3.540 3.580 3.749 3.709 3.839 3.849
3.309 3.329 3.349 3.229 3.439 3.479 3.369 3.389 3.509 3.449 3.529 3.509 3.549 3.739 3.740 3.570 3.740 3.570 3.600 3.640 3.671 3.691 3.651 3.601 3.691 3.621 3.682 3.682 3.622 3.642 3.642 3.643 3.773 3.773 3.673 3.803 3.733 3.743 4.028 3.663 3.674 3.614 3.544 3.524 3.594 3.535 3.535 3.605 3.525 3.495 3.536 3.506 3.546 3.456 3.516 3.477 3.457 3.417 3.347 3.357 3.277 3.447 3.448 3.208 3.338 2.808 2.978 3.059 3.199 3.199 3.429 3.539 3.579 3.748 3.708 3.838 3.848
3.449 3.399 3.319 3.499 3.469 3.459 3.479 3.529 3.519 3.609 3.599 3.579 3.529 3.679 3.679 3.619 3.779 3.770 3.620 3.640 3.610 3.611 3.611 3.701 3.781 3.781 3.651 3.671 3.712 3.832 3.832 3.742 3.792 3.682 4.067 3.763 3.783 3.763 4.059 3.723 3.703 3.533 3.563 3.623 3.694 3.624 3.624 3.634 3.564 3.705 3.595 3.585 3.635 3.466 3.526 3.576 3.396 3.486 3.427 3.397 3.327 3.317 3.317 3.267 3.397 3.217 2.807 2.437 3.008 3.248 2.908 3.048 3.297 3.697 3.366 3.707 3.737
3.578 3.538 3.489 3.569 3.549 3.549 3.599 3.689 3.559 3.639 3.569 3.619 3.739 3.549 3.549 3.639 3.829 3.699 3.740 3.680 3.710 3.780 3.670 3.770 3.690 3.801 3.711 4.097 3.771 3.751 3.752 3.832 4.123 3.812 4.133 3.762 3.592 3.752 3.562 3.622 3.713 3.643 3.653 3.643 3.603 3.793 3.793 3.724 3.744 3.654 3.674 3.654 3.655 3.615 3.585 3.495 3.445 3.566 3.416 3.466 3.516 3.556 3.556 3.346 3.296 3.156 3.256 3.126 2.826 2.577 2.427 2.647 2.896 3.256 3.686 3.756 3.826
3.548 3.488 3.518 3.659 3.579 3.599 3.609 3.709 3.539 3.699 3.639 3.619 3.669 3.699 3.699 3.719 3.689 3.809 3.699 3.699 3.730 3.760 3.820 3.850 3.820 3.770 3.790 4.133 3.681 3.761 3.761 3.822 4.155 4.161 3.852 3.782 3.802 3.712 3.702 3.762 3.742 3.672 3.822 3.742 3.653 3.803 3.803 3.723 3.703 3.703 3.724 3.704 3.684 3.694 3.554 3.634 3.595 3.675 3.525 3.565 3.515 3.435 3.435 3.405 3.445 3.275 3.285 3.195 3.106 2.616 2.586 2.556 2.945 3.405 3.535 3.625 3.845
3.628 3.648 3.578 3.609 3.679 3.679 3.619 3.739 3.629 3.679 3.789 3.738 3.689 4.130 4.130 3.819 3.719 3.739 3.749 3.809 4.150 3.749 4.156 3.790 3.770 3.840 3.820 4.169 3.820 4.178 4.178 3.841 3.851 4.193 3.732 3.752 3.682 3.812 3.802 3.772 3.672 3.842 3.762 3.782 3.692 3.752 3.752 3.752 3.663 3.733 3.763 3.563 3.623 3.593 3.674 3.604 3.674 3.694 3.544 3.604 3.514 3.414 3.414 3.504 3.434 3.584 3.444 3.085 2.955 2.415 2.555 2.635 2.845 3.695 3.605 3.634 3.774
3.628 3.598 3.718 3.708 3.609 3.669 3.699 3.809 3.799 3.699 3.778 3.758 3.729 3.809 3.809 3.729 3.749 3.799 4.179 4.183 4.186 3.799 3.839 4.195 3.719 3.709 4.203 4.205 4.208 3.810 3.810 3.701 4.221 3.811 3.781 3.731 3.671 4.220 3.781 3.791 3.831 4.189 3.761 3.841 3.761 3.711 3.712 3.832 3.722 3.822 3.792 3.802 3.693 3.813 3.663 3.633 3.663 3.773 3.683 3.643 3.633 3.573 3.573 3.473 3.573 3.573 3.354 3.194 3.044 2.384 2.564 2.714 3.054 3.594 3.644 3.764 3.567
3.658 3.588 3.608 3.678 3.803 3.728 3.678 3.718 3.698 3.598 3.788 4.193 3.748 4.203 4.203 3.809 4.210 3.799 4.216 3.839 3.809 4.226 4.228 4.231 4.234 4.236 3.809 4.242 4.245 4.250 4.250 3.810 4.256 3.801 4.263 3.781 4.258 3.851 4.243 3.821 3.831 4.222 3.751 3.801 3.751 4.188 4.188 3.811 3.841 3.821 4.161 3.702 3.732 3.802 3.742 3.802 3.702 3.672 3.632 3.592 3.462 3.712 3.712 3.702 3.602 3.562 3.632 3.353 3.063 2.583 2.533 2.783 3.363 3.643 3.813 3.497 3.573
3.658 3.678 3.688 3.824 3.768 3.668 3.768 3.828 3.828 4.222 3.848 3.738 4.233 3.809 3.809 3.689 3.839 4.249 4.252 4.256 3.749 3.798 4.265 4.267 4.270 4.273 4.276 4.278 4.281 3.840 3.840 4.289 3.780 4.294 4.297 4.296 4.289 4.282 4.276 3.841 4.262 4.255 3.801 3.811 3.821 3.831 3.831 4.214 3.851 4.200 4.193 3.801 3.731 3.831 3.841 3.772 4.237 4.202 3.802 3.742 3.851 3.671 3.671 3.701 3.601 3.492 3.611 3.432 3.072 2.742 2.722 2.962 3.692 3.772 3.497 3.570 3.644
3.748 3.728 3.808 3.838 3.818 3.718 4.197 3.828 4.228 3.818 3.818 3.779 4.270 4.276 4.276 4.279 4.283 4.286 4.289 3.698 3.829 3.838 4.301 4.304 4.307 4.309 4.312 3.829 3.849 3.829 3.830 3.830 4.327 4.326 3.850 4.325 4.322 4.315 3.850 4.302 4.295 3.840 4.281 4.274 4.267 4.254 4.254 4.247 4.240 3.780 4.227 3.821 4.243 3.811 4.259 3.811 4.274 3.811 4.211 3.841 4.066 3.921 3.921 3.641 3.581 3.461 3.741 3.511 3.221 2.891 2.801 3.141 3.431 3.761 3.651 3.791 3.717
3.818 3.797 3.767 3.838 4.130 4.218 4.232 3.768 3.808 3.808 4.265 4.277 3.778 4.311 4.311 4.316 4.319 4.322 4.325 3.818 4.332 4.335 4.338 4.340 3.829 4.346 4.348 4.351 4.354 4.354 4.354 4.353 4.352 4.351 4.350 4.350 4.350 4.348 4.341 4.334 4.328 4.321 4.314 3.830 4.300 4.286 4.286 4.279 4.272 4.266 4.265 4.273 4.281 4.288 4.296 4.304 3.830 4.320 4.292 4.219 3.810 3.810 3.810 3.800 3.750 3.760 3.530 3.700 3.340 3.060 3.200 3.170 3.330 3.850 3.720 3.750 3.840
3.828 3.747 3.767 3.847 4.236 3.798 3.798 3.828 4.261 3.818 4.281 4.292 3.818 4.326 4.326 4.338 4.349 4.359 4.362 4.365 4.368 4.372 4.374 4.377 3.849 4.382 4.383 4.382 4.381 4.379 4.379 4.378 4.377 4.375 4.375 4.375 4.375 4.375 4.374 4.367 4.361 4.354 4.347 4.340 4.333 4.319 4.319 4.312 4.305 4.298 4.303 4.311 3.850 4.326 4.334 4.342 4.350 4.358 4.366 4.301 4.228 4.083 4.083 3.679 3.769 3.699 3.809 3.649 3.429 3.179 3.099 3.239 3.189 3.729 3.809 3.759 3.729
3.828 4.085 4.173 4.246 3.808 4.259 4.265 4.272 4.278 4.285 4.296 4.308 4.319 4.342 4.342 4.353 4.365 4.376 4.387 4.398 4.405 4.408 4.411 3.849 4.410 4.409 4.408 4.407 4.406 4.404 4.404 4.403 4.402 4.400 4.400 4.400 3.809 4.401 4.401 4.400 4.394 4.387 4.380 4.373 4.366 4.352 4.352 4.345 4.338 4.333 4.341 4.349 4.356 4.364 4.372 4.380 4.388 4.396 4.404 4.382 4.309 4.164 4.164 4.094 4.028 3.778 3.895 3.828 3.508 3.228 3.069 3.209 3.179 3.788 3.718 3.758 3.558
3.807 4.195 4.257 4.263 3.847 4.276 4.282 4.288 4.295 4.301 4.312 4.323 4.335 4.358 4.358 4.369 4.380 4.392 4.403 4.414 4.426 4.438 4.437 4.436 4.435 4.434 4.433 4.432 4.431 4.429 4.429 4.428 4.427 4.426 4.426 4.426 4.426 4.426 4.426 4.426 4.426 4.420 4.413 4.406 4.399 4.385 4.385 4.378 4.371 4.371 4.379 4.387 4.394 4.402 4.410 4.418 4.426 4.434 4.441 4.449 4.391 4.249 4.249 4.182 4.116 4.049 3.983 3.787 3.628 3.357 3.168 3.198 3.798 3.790 3.648 3.767 3.747
4.216 4.267 4.274 3.847 4.286 4.293 4.299 4.305 4.312 4.318 4.328 3.828 4.351 4.373 4.373 4.385 4.396 4.407 4.419 4.430 4.442 4.454 4.462 4.461 4.460 4.459 4.458 4.457 4.456 4.454 4.454 4.453 4.452 4.451 4.451 4.451 4.451 4.451 4.451 4.451 4.451 4.451 4.446 4.439 4.432 4.418 4.418 4.411 4.404 4.409 4.417 4.425 4.432 4.440 4.448 4.456 4.464 4.472 4.479 4.487 4.472 4.336 4.336 4.270 4.203 4.137 3.837 4.004 3.687 3.557 3.367 3.317 3.447 3.817 3.807 3.807 4.084
4.278 4.284 3.817 4.297 4.303 4.309 4.316 4.322 4.328 4.335 4.343 4.355 4.366 4.389 4.389 4.400 4.412 4.423 4.434 4.446 4.459 4.471 4.483 4.486 4.485 4.484 4.483 4.482 4.481 4.479 4.479 4.478 4.477 4.476 4.476 4.476 4.476 4.476 4.476 4.476 4.476 4.476 4.476 4.471 4.465 4.451 4.451 4.444 4.440 4.447 4.455 4.463 4.471 4.478 4.486 4.494 4.502 4.509 4.517 4.524 4.527 4.424 4.424 4.357 4.291 4.225 4.158 4.092 3.786 3.756 3.416 3.586 3.863 3.936 4.010 4.083 3.786
4.295 4.301 4.307 4.314 4.320 4.326 4.333 4.339 4.345 4.352 4.359 4.371 4.382 4.405 4.405 4.416 4.427 4.439 4.450 4.463 4.475 4.487 4.500 4.511 4.510 4.509 4.508 4.507 4.506 4.504 4.504 4.503 4.501 4.502 4.502 4.502 4.502 4.502 4.502 4.501 4.501 4.501 4.501 4.501 4.497 4.483 4.483 4.476 4.477 4.485 4.493 4.501 4.509 4.516 4.524 4.532 4.538 4.545 4.552 4.558 4.557 4.479 4.479 4.440 4.379 4.312 4.246 4.180 3.836 4.047 3.745 3.575 3.936 4.010 4.083 4.157 4.230
4.295 4.301 4.307 4.314 4.320 4.326 4.333 4.339 4.345 4.352 4.359 4.371 4.382 4.405 4.405 4.416 4.427 4.439 4.450 4.463 4.475 4.487 4.500 4.511 4.510 4.509 4.508 4.507 4.506 4.503 4.503 4.502 4.501 4.501 4.501 4.501 4.501 4.501 4.501 4.501 4.501 4.501 4.501 4.501 4.497 4.483 4.483 4.476 4.477 4.485 4.492 4.500 4.508 4.516 4.523 4.531 4.538 4.545 4.551 4.558 4.557 4.479 4.479 4.440 4.378 4.312 4.245 4.179 3.835 4.046 3.745 3.575 3.936 4.009 4.082 4.156 4.230
4.312 4.318 4.324 4.331 4.337 4.343 4.349 4.356 4.362 4.368 4.375 4.386 4.398 4.420 4.420 4.432 4.443 4.455 4.467 4.479 4.492 4.504 4.516 4.528 4.535 4.534 4.533 4.532 4.531 4.528 4.528 4.527 4.526 4.526 4.526 4.526 4.526 4.526 4.526 4.526 4.526 4.526 4.526 4.526 4.525 4.516 4.516 4.509 4.515 4.523 4.530 4.538 4.546 4.552 4.559 4.566 4.572 4.579 4.586 4.592 4.586 4.508 4.508 4.469 4.430 4.391 4.333 4.267 3.824 4.134 4.067 3.764 4.009 4.083 4.156 4.229 4.303
