includes/lisflood/camargue/results_R4_t1.561741501247E12/res.totaltm
ncols         906
nrows         631
xllcorner     362177.146667
yllcorner     6534725.688020
cellsize      20.000000
NODATA_value  -9999.000000
[rows 374 to 407 of 631, columns 616 to 692 of 906]
0.000 0.000 5.532 6.516 5.516 5.520 9.097 6.838 5.269 4.967 5.123 4.864 12.857 5.290 12.944 5.550 12.948 6.886 5.969 5.318 12.926 12.927 5.729 5.825 0.000 13.032 6.096 13.040 13.006 13.018 13.024 5.924 7.092 13.048 6.312 7.284 8.926 8.317 8.996 8.333 9.642 6.428 6.773 13.143 7.457 7.611 13.202 9.603 6.648 13.155 8.085 9.324 8.899 8.003 7.486 6.724 7.275 10.469 11.931 12.649 10.549 5.887 13.013 6.539 5.842 7.044 12.987 5.524 5.097 5.308 2.526 12.001 4.255 12.072 0.000 0.000 1.802
12.884 7.511 12.898 7.989 7.889 6.651 5.448 6.130 6.066 5.329 5.673 5.035 5.747 5.621 6.535 5.526 5.708 10.538 7.399 5.363 6.182 6.079 5.462 6.086 5.628 13.060 13.075 8.980 13.040 13.023 13.030 6.335 13.058 13.060 13.085 6.639 8.895 8.023 9.112 6.977 9.340 9.102 8.335 10.153 11.418 6.567 10.610 7.835 13.217 12.555 8.877 6.632 13.204 13.182 6.319 9.891 11.249 13.085 10.080 10.612 6.510 7.010 6.866 5.993 6.156 13.008 7.146 5.693 5.259 7.058 6.202 6.691 10.816 6.037 0.000 0.000 0.408
5.495 9.429 5.656 5.498 8.375 7.288 6.128 12.938 6.864 5.919 5.993 5.397 5.718 12.974 7.307 6.188 6.252 5.785 8.644 6.343 6.883 6.380 6.508 6.780 13.029 5.975 13.097 6.091 6.161 5.840 13.047 8.718 8.242 11.796 13.094 13.120 12.945 8.385 8.531 13.272 7.918 9.654 10.530 10.536 13.268 13.263 9.344 13.237 13.227 6.713 6.595 12.032 12.520 13.202 6.399 9.082 13.121 6.386 11.228 8.764 6.888 6.535 13.040 13.039 6.395 13.019 6.039 6.755 6.102 11.849 7.716 7.847 6.497 3.265 0.163 0.000 5.469
5.791 5.445 5.701 6.167 12.943 12.947 12.954 12.954 12.960 7.160 5.478 5.968 5.712 7.996 5.767 12.987 7.118 5.853 8.378 6.705 6.179 6.011 6.544 13.030 13.046 5.673 13.120 13.260 6.509 6.392 6.256 8.219 8.867 13.110 13.120 13.158 13.258 13.260 9.073 10.066 7.947 6.983 7.125 13.305 10.989 7.361 13.294 13.250 7.173 7.221 10.529 10.474 6.840 6.887 13.186 13.164 12.007 11.183 13.102 10.123 6.539 7.591 7.450 7.566 6.011 13.040 5.761 13.011 6.414 11.319 5.591 6.876 5.318 3.077 1.543 0.000 13.049
9.806 5.578 6.107 12.956 6.556 6.547 12.964 6.748 12.967 8.512 12.955 12.948 5.427 13.008 12.996 6.103 13.008 8.258 13.018 6.776 6.791 6.235 13.034 13.045 13.066 6.440 13.266 13.274 5.782 9.898 6.461 9.021 13.104 6.906 13.137 13.160 13.277 13.279 13.289 13.305 13.307 7.963 13.308 13.317 13.315 8.613 13.302 7.202 6.877 7.528 11.856 13.311 12.926 13.256 12.650 13.194 11.042 13.131 6.385 13.113 7.089 7.075 13.068 13.063 5.936 13.050 5.952 13.019 9.814 13.010 5.153 12.591 5.938 4.406 4.685 6.074 13.061
8.074 5.579 6.113 12.965 6.581 6.568 12.973 6.820 12.974 8.073 12.966 12.957 5.431 13.019 13.009 6.049 13.020 7.983 13.033 6.307 6.185 6.049 13.042 13.058 13.066 6.427 13.280 13.287 5.789 7.455 6.423 8.168 13.119 6.849 10.492 9.206 13.293 13.295 12.075 12.730 13.316 7.836 13.320 11.109 13.324 8.093 13.315 7.114 6.858 7.340 9.807 13.324 12.883 13.261 11.606 13.193 9.761 13.147 6.398 8.708 6.569 6.443 13.079 13.074 5.937 10.293 5.900 9.557 6.305 8.399 4.991 7.250 4.932 4.331 4.458 5.921 13.066
7.525 5.567 5.641 12.972 12.976 12.690 11.847 6.104 12.993 8.510 5.677 5.519 5.469 13.028 5.929 6.354 6.119 7.575 8.636 8.133 13.060 13.062 13.060 6.720 6.690 13.081 5.974 13.308 13.349 6.963 6.453 8.518 8.582 8.487 12.512 13.096 13.320 11.769 13.335 11.727 13.340 13.349 7.104 13.346 13.344 7.820 13.240 13.342 13.267 13.352 13.339 13.333 7.511 10.692 13.265 6.775 6.811 10.373 6.651 13.141 9.077 9.231 8.919 6.317 6.109 13.083 9.485 13.067 7.244 11.022 5.758 7.357 4.944 4.570 4.868 13.098 13.093
7.426 5.934 12.992 6.056 6.706 6.537 8.728 13.007 13.002 6.048 13.033 5.927 5.698 8.414 9.002 6.352 6.762 6.777 8.203 13.085 11.521 13.057 6.331 6.764 13.096 7.021 6.481 13.335 13.354 6.672 6.621 8.107 9.740 7.252 6.987 6.871 13.351 13.351 13.353 9.643 6.948 13.359 7.662 13.372 7.554 7.929 13.361 7.691 9.305 13.355 13.362 7.422 7.374 8.995 6.905 13.320 6.867 10.805 13.188 13.160 8.128 6.355 9.918 13.137 9.154 9.582 11.801 12.426 13.069 13.063 5.908 6.111 5.363 5.016 5.375 13.111 5.405
9.479 7.618 6.907 7.916 6.748 6.620 13.014 13.021 7.801 8.365 6.562 6.666 13.073 13.088 8.756 13.092 6.825 13.108 13.104 11.099 8.966 10.845 6.454 7.020 7.045 7.254 13.150 6.575 13.372 13.384 6.884 8.245 13.345 7.504 7.095 7.619 13.364 13.364 8.644 13.369 7.070 13.370 7.715 13.379 8.269 7.133 13.383 13.312 13.380 13.388 13.371 13.391 7.870 10.782 7.484 7.438 12.367 13.326 7.200 6.675 13.191 6.726 6.464 13.153 8.510 13.126 13.134 6.345 6.121 6.253 6.058 7.461 8.881 13.190 13.173 13.116 13.122
13.002 13.010 6.717 13.022 13.032 13.034 13.024 6.772 7.349 13.041 8.267 11.040 6.499 12.536 13.078 7.933 10.067 10.302 6.703 13.134 9.148 11.855 6.268 13.226 7.041 8.290 7.043 7.696 7.027 13.400 6.473 7.898 10.217 9.698 7.186 7.790 13.373 13.374 13.380 13.380 7.208 13.387 10.603 13.392 8.221 8.030 8.439 13.395 13.393 13.401 7.371 13.401 7.620 9.206 10.820 11.769 13.361 7.336 7.539 7.873 8.580 8.546 9.565 9.832 7.303 7.038 13.145 7.184 13.103 13.104 6.098 7.265 9.112 13.223 13.214 12.001 13.143
6.451 9.367 13.035 6.580 13.039 13.040 6.098 7.071 6.788 6.017 6.298 13.094 7.745 8.583 13.125 6.706 10.663 13.181 13.226 10.235 9.195 10.348 6.486 8.305 6.884 13.297 7.399 6.937 7.156 13.415 13.424 8.523 10.798 13.384 11.408 10.256 13.381 13.384 12.841 8.128 13.396 13.393 13.398 13.409 8.107 11.547 8.139 13.402 7.144 13.407 13.408 13.407 7.947 9.461 13.402 13.391 7.018 6.857 6.747 8.950 13.350 8.248 7.710 13.342 7.404 6.468 13.155 8.404 6.413 6.466 5.652 6.566 13.265 13.252 8.899 13.166 13.163
6.520 13.033 13.042 7.423 13.058 13.059 6.403 6.904 13.078 13.090 13.102 13.124 6.463 9.103 10.199 12.111 6.945 13.217 13.246 9.614 13.290 13.292 6.481 8.778 6.775 8.589 13.324 7.270 6.881 6.736 13.433 7.143 7.128 7.268 13.402 8.746 13.393 13.397 13.403 8.020 10.646 13.417 7.152 13.416 13.423 9.036 13.433 13.417 7.399 13.426 13.419 13.416 13.427 13.429 13.416 7.938 7.132 7.394 7.003 6.827 13.373 7.220 11.741 13.038 12.273 13.212 13.032 6.415 6.958 6.953 5.727 13.347 13.302 13.260 6.974 13.175 6.919
13.042 10.355 13.054 7.166 13.077 13.077 6.349 13.073 13.084 6.459 13.119 7.631 7.453 13.230 13.252 13.247 7.081 7.089 13.206 11.125 11.885 11.427 6.892 8.355 13.321 6.758 13.345 13.353 10.421 6.985 13.444 13.449 7.802 7.479 11.684 7.373 13.404 13.405 13.409 13.425 13.432 13.067 13.432 13.436 13.437 13.434 13.440 7.339 13.456 11.938 13.430 13.448 7.575 7.645 7.258 13.420 7.408 7.561 13.426 13.416 8.938 8.537 13.409 11.910 10.607 6.621 12.770 7.087 7.065 7.128 6.382 13.353 13.340 6.645 6.563 13.052 13.400
12.513 6.107 13.065 6.346 13.086 13.089 13.097 13.087 11.328 6.512 6.587 8.017 7.295 7.359 13.160 7.184 7.328 10.687 10.637 11.179 11.947 10.900 13.345 7.521 9.076 6.930 7.816 6.983 13.386 7.615 7.127 13.463 7.457 7.423 11.336 11.941 7.354 7.354 13.422 7.465 13.439 13.440 8.297 13.444 13.447 7.480 13.448 8.650 13.461 13.451 13.450 8.979 13.452 13.453 7.675 7.242 7.112 13.438 12.398 7.133 10.109 7.991 13.429 10.043 13.213 6.792 13.238 6.919 7.257 7.130 13.413 13.380 6.610 13.188 7.234 13.286 13.416
10.907 13.090 11.427 13.115 13.114 13.114 13.114 6.384 6.476 7.423 6.624 13.276 6.524 13.303 12.764 13.317 7.574 11.770 12.285 13.357 13.361 13.362 9.625 13.367 9.363 7.131 13.374 8.473 11.963 7.065 7.212 13.471 7.295 7.716 13.440 13.432 13.434 13.436 13.437 11.929 13.458 13.461 8.274 12.479 8.709 10.573 13.464 9.152 13.474 7.589 7.362 10.007 13.468 13.468 7.679 10.100 10.770 13.455 7.645 7.438 13.445 12.424 13.001 10.652 10.745 7.327 13.408 13.395 7.325 7.250 13.419 13.408 6.772 6.043 7.654 12.295 13.449
7.502 12.327 6.480 13.128 13.129 13.129 13.130 6.937 6.622 7.623 7.520 13.302 6.819 11.679 9.156 11.177 13.355 7.285 13.355 9.838 13.368 13.371 9.052 10.707 7.019 13.379 7.486 7.024 13.415 7.393 7.719 13.478 13.486 13.463 13.447 13.448 12.107 12.477 7.288 8.152 13.467 13.471 13.466 12.880 8.482 13.478 13.468 13.477 13.481 7.611 13.484 9.786 7.655 7.653 12.450 13.483 10.324 10.573 8.426 7.695 13.462 13.468 13.368 13.054 12.423 7.074 13.452 6.678 6.721 6.693 13.435 6.276 6.415 6.701 6.697 13.457 13.469
7.730 13.133 6.688 7.129 13.228 13.219 13.151 6.931 6.453 7.442 8.773 10.728 9.593 13.101 6.927 13.357 13.366 13.370 7.028 10.638 13.385 13.387 13.394 13.399 11.864 7.424 13.406 13.413 13.422 13.423 7.216 7.292 13.495 7.398 7.385 13.461 10.153 10.645 7.538 7.341 13.475 13.477 13.477 13.485 8.557 13.492 7.612 13.490 13.498 8.558 9.032 9.774 13.499 13.498 13.497 8.044 7.524 11.287 13.474 13.473 7.492 13.477 10.992 7.398 7.286 13.476 11.462 11.460 10.556 13.474 13.465 13.471 7.105 7.596 7.114 6.947 13.485
9.424 13.161 6.953 13.232 13.250 13.245 7.984 6.514 7.296 13.167 6.612 7.267 8.993 12.779 7.393 7.557 8.272 13.309 12.493 11.717 7.399 7.406 13.406 7.344 8.166 7.318 7.240 13.426 13.432 8.743 8.091 7.185 13.504 7.871 7.832 7.762 13.463 13.465 8.176 13.478 8.566 13.488 7.401 13.492 7.759 13.499 13.500 10.287 13.505 9.893 13.513 9.871 10.028 10.300 10.095 13.505 11.487 10.592 13.483 13.486 7.252 13.465 13.506 7.449 13.023 10.610 11.034 12.427 13.441 13.566 6.614 13.494 13.517 7.558 7.329 13.507 13.503
13.165 13.177 8.559 13.266 13.280 13.280 13.270 7.428 7.022 6.630 13.352 6.902 9.465 13.373 13.379 8.681 8.215 11.905 9.628 13.410 9.733 13.290 13.413 13.421 13.429 7.716 7.616 7.561 13.384 9.843 7.166 7.490 13.515 14.500 10.386 13.485 7.533 7.543 8.240 11.539 13.500 13.499 13.517 13.514 12.871 13.408 13.528 7.909 13.009 13.523 9.745 9.683 13.524 13.523 10.479 10.687 7.913 13.502 7.447 7.554 7.583 13.153 13.515 10.189 13.507 8.426 9.420 8.041 13.593 13.593 7.145 13.532 13.526 9.185 7.251 12.073 13.519
8.094 6.522 13.271 6.711 13.330 13.330 6.670 6.808 6.912 7.292 13.358 7.140 7.249 12.086 12.080 7.088 8.727 13.419 9.186 13.420 13.420 13.422 12.572 13.440 13.446 13.449 7.703 7.631 13.451 13.460 7.844 7.916 7.344 14.500 13.505 7.754 7.778 7.754 9.359 7.702 13.518 13.517 13.523 8.649 8.098 12.180 13.536 13.536 13.533 13.530 13.535 14.500 10.214 10.510 12.959 13.530 10.718 10.522 7.523 13.510 7.827 13.527 13.540 12.646 7.405 9.627 13.548 8.855 13.607 13.606 8.154 13.550 13.543 7.376 7.396 13.544 13.553
13.274 6.765 9.024 9.288 13.336 13.336 7.413 7.211 10.791 7.017 13.373 7.412 13.391 13.394 11.909 13.423 7.325 13.428 7.784 13.433 13.430 13.430 13.441 8.030 7.912 13.462 8.118 7.623 7.757 13.468 9.734 7.457 7.590 14.500 14.500 13.519 13.525 13.525 13.527 13.525 13.529 7.858 13.544 13.552 13.550 12.656 13.550 13.547 9.208 13.547 13.566 13.561 14.500 14.500 13.554 8.234 13.536 8.807 13.523 13.519 13.530 13.537 13.550 8.792 13.545 7.518 7.528 13.631 13.625 13.619 12.642 13.116 13.561 9.666 9.486 9.462 13.562
13.289 6.726 8.037 8.556 13.343 13.346 7.304 7.153 8.533 7.010 13.382 7.393 13.403 11.426 9.097 13.431 7.341 13.435 7.503 13.445 13.438 11.030 13.449 8.094 7.815 13.469 7.984 7.547 7.807 13.474 9.140 7.432 7.503 14.500 14.500 13.527 13.532 13.533 13.538 13.541 13.544 7.879 13.555 13.563 13.562 11.521 13.560 13.555 9.086 13.557 13.575 13.571 14.500 14.500 13.557 8.269 13.544 7.840 13.534 13.526 13.539 13.546 13.562 8.878 13.559 7.493 7.488 13.642 13.635 13.627 10.112 9.614 13.572 9.172 9.306 9.184 13.573
13.300 7.744 7.732 6.910 13.360 13.370 13.376 7.859 8.639 8.202 13.393 12.976 9.736 13.417 13.425 13.441 8.160 13.448 13.349 12.143 13.468 13.467 13.460 7.548 13.481 13.477 12.434 7.483 7.442 13.489 13.492 13.491 7.991 7.206 14.500 10.516 13.556 13.564 13.566 7.832 7.781 7.982 7.744 13.571 9.314 11.101 13.571 13.564 8.791 13.574 9.249 9.194 13.588 13.588 11.330 11.541 13.558 8.014 13.540 13.540 7.641 13.564 9.924 8.314 7.717 8.420 7.647 13.658 13.649 13.640 8.172 9.622 13.604 13.600 7.512 13.597 13.582
13.311 13.352 10.719 13.368 8.130 7.959 13.390 13.389 7.326 13.418 7.160 7.201 10.967 7.474 7.204 13.447 13.455 11.255 13.465 13.476 13.472 13.472 7.335 8.436 13.492 7.619 13.492 10.744 13.499 7.945 13.509 13.514 7.642 13.524 14.500 14.500 13.566 13.572 8.811 8.779 8.058 8.131 8.310 14.500 13.603 13.598 13.600 11.993 13.601 7.758 13.599 8.410 13.595 13.595 10.863 13.574 13.569 13.560 13.565 13.552 8.703 7.596 8.337 8.924 7.400 8.040 13.677 13.672 10.741 12.657 7.867 13.632 13.613 13.614 13.618 13.545 10.404
7.561 13.361 6.651 11.441 7.584 7.521 13.396 7.867 8.100 13.435 7.327 7.387 13.436 13.449 13.455 7.452 13.468 13.472 7.681 11.186 13.488 13.490 7.596 13.500 13.499 13.509 8.378 14.500 13.511 13.513 14.500 13.520 8.698 13.530 8.050 14.500 9.473 9.334 9.443 8.795 13.595 8.416 8.489 13.611 12.352 13.626 8.289 7.711 11.283 13.610 13.614 13.612 14.500 14.500 13.587 14.500 14.500 13.570 13.577 7.567 7.486 7.783 8.397 14.500 10.353 10.033 14.500 14.500 8.345 10.868 11.324 12.982 13.642 13.642 13.649 12.475 8.861
13.370 13.378 13.390 11.261 7.627 7.550 13.422 13.429 7.197 13.441 7.380 7.835 7.363 13.453 11.617 13.469 10.775 13.483 13.487 13.503 13.352 13.249 13.520 13.509 13.514 13.515 8.716 13.523 13.520 13.523 13.537 13.539 9.201 7.894 13.540 13.590 13.598 13.597 13.614 8.355 9.556 9.227 13.633 13.637 13.637 13.636 13.658 13.641 12.522 8.364 13.629 13.622 14.500 14.500 7.726 13.613 12.273 7.363 7.820 7.717 7.592 7.887 13.617 14.500 7.987 14.500 14.500 8.282 7.868 7.902 11.411 13.675 7.895 7.723 13.663 13.678 9.278
13.384 13.409 13.415 13.425 7.726 7.647 13.430 13.436 7.702 10.186 7.421 13.460 13.467 7.512 13.471 7.835 13.494 8.551 12.088 13.515 13.511 13.514 13.529 8.052 13.520 13.510 13.538 10.119 13.537 13.537 13.543 13.547 13.545 10.999 7.710 7.786 14.500 14.500 12.884 13.622 8.796 9.690 13.641 13.647 8.480 13.663 13.666 8.074 8.828 13.660 13.638 11.346 13.644 13.660 14.500 8.723 9.049 8.961 7.945 7.795 8.067 13.629 13.648 7.705 7.908 14.500 7.750 7.997 8.351 10.031 10.416 11.898 13.692 14.500 14.500 13.691 7.984
7.405 7.404 7.715 13.431 13.458 13.458 13.434 7.231 13.462 13.463 7.490 13.470 13.475 12.771 13.487 8.245 12.403 8.245 13.200 13.525 9.265 9.291 13.540 13.538 13.548 13.536 13.546 13.538 13.546 13.542 8.201 8.011 7.633 10.411 8.137 7.754 14.500 14.500 9.886 10.329 14.500 7.827 14.500 13.670 8.801 14.500 14.500 8.167 8.770 13.688 13.668 11.546 13.669 13.681 14.500 11.641 8.556 9.175 8.711 8.079 7.730 8.278 13.658 7.792 14.500 14.500 7.958 8.029 14.395 14.500 14.500 13.711 13.705 8.068 7.880 13.700 8.288
11.534 12.175 7.645 11.532 13.463 13.463 7.267 7.175 13.475 13.472 7.612 7.516 7.971 7.517 13.495 11.540 10.824 13.523 8.623 13.531 8.010 8.015 13.549 8.497 13.558 8.022 13.552 13.557 9.307 7.643 8.245 13.572 13.569 9.963 10.202 7.881 14.500 14.500 9.103 14.500 8.766 14.500 14.500 13.689 13.699 7.937 14.500 9.348 14.500 13.706 13.680 9.055 7.856 7.842 14.500 12.378 9.086 14.500 8.392 7.671 7.795 13.663 9.707 8.975 14.500 14.500 7.814 13.257 14.500 14.500 11.485 14.500 13.640 14.500 10.538 13.711 12.375
7.598 10.552 13.457 13.462 13.475 13.475 7.398 7.853 13.480 7.609 13.494 8.903 8.469 7.900 8.096 10.924 13.526 13.540 13.538 13.547 13.548 13.553 13.556 8.085 11.234 13.568 13.579 8.369 9.638 8.145 8.289 13.580 8.649 10.489 10.129 9.276 14.500 14.500 14.500 14.500 9.911 9.933 9.994 8.103 14.500 8.144 13.707 14.500 14.500 7.727 7.921 13.643 8.162 8.072 14.500 14.500 14.500 8.487 9.221 13.666 13.663 7.695 9.436 14.500 14.500 7.779 12.160 14.153 14.500 14.500 14.390 7.881 10.787 14.500 14.500 9.981 14.500
13.433 13.442 11.768 7.574 13.479 13.479 7.676 7.537 13.496 7.543 7.591 9.371 8.706 7.869 13.523 11.550 8.175 8.631 9.489 13.553 9.613 9.663 13.572 13.571 13.590 13.578 9.489 13.126 11.407 11.507 8.387 12.714 12.213 11.391 9.021 7.576 7.751 7.715 14.500 7.982 8.353 8.578 9.917 14.500 14.500 14.500 14.500 14.500 14.500 7.995 7.672 13.648 13.658 13.666 10.570 8.067 14.500 8.473 8.575 7.975 7.938 7.788 7.879 14.500 14.500 14.500 13.307 14.468 14.500 14.500 14.020 12.542 13.707 14.500 14.500 14.500 14.500
13.439 8.457 9.186 8.543 13.492 13.492 7.674 7.434 13.502 7.636 13.524 9.429 7.638 8.431 7.726 12.605 7.747 8.869 13.557 13.562 11.048 13.119 8.465 13.591 13.597 7.919 13.610 8.154 8.013 10.986 10.064 9.651 11.461 13.598 10.667 9.130 10.168 8.749 14.500 14.500 14.500 7.998 7.996 14.500 7.960 14.500 14.500 14.500 14.500 8.008 7.915 7.689 8.365 8.230 13.677 7.820 14.500 14.500 14.500 13.851 8.017 8.067 14.500 14.500 14.500 14.500 14.500 14.500 14.500 14.500 13.669 12.809 13.385 14.500 14.500 14.500 14.500
7.305 7.630 9.158 9.037 13.499 13.499 10.359 13.502 12.035 11.558 11.533 7.959 7.805 9.349 13.554 13.559 8.155 13.572 7.543 14.500 9.030 9.062 13.609 9.106 13.619 13.612 13.633 8.341 13.622 13.626 13.622 13.621 13.612 13.605 11.373 13.603 8.005 7.975 8.028 14.500 7.955 14.500 14.500 14.500 14.500 14.500 14.500 14.500 14.500 14.500 7.977 7.907 8.243 8.151 8.263 7.981 7.937 14.500 7.905 8.043 8.035 7.796 14.500 14.500 14.500 14.500 7.895 14.500 14.500 14.500 13.472 12.684 13.158 14.428 14.500 14.500 14.500
9.798 7.571 7.587 7.526 13.508 13.508 7.477 7.435 13.523 9.888 13.540 11.502 13.207 13.554 13.562 8.169 13.582 13.583 13.587 13.588 13.599 13.610 13.620 9.198 13.629 8.373 13.642 12.783 9.901 8.557 13.630 9.608 13.628 8.074 8.024 7.744 13.628 13.639 7.708 14.500 14.500 14.500 14.500 7.958 14.500 14.500 14.500 14.500 14.500 14.500 14.500 14.500 8.215 8.244 8.258 14.500 8.181 14.500 14.500 14.481 13.379 14.500 14.500 14.500 14.500 14.500 13.476 14.500 14.500 14.500 13.452 12.225 12.945 14.413 14.500 14.500 14.500
