includes/lisflood/camargue/results_R4_t1.561741501247E12/res.max
ncols         906
nrows         631
xllcorner     362177.146667
yllcorner     6534725.688020
cellsize      20.000000
NODATA_value  -9999.000000
[rows 408 to 441 of 631, columns 616 to 692 of 906]
3.572 3.541 3.530 3.550 3.779 3.778 3.647 3.666 3.685 3.685 3.996 3.714 3.713 3.663 3.662 3.741 3.731 3.710 3.770 3.789 3.609 3.609 3.778 3.787 3.797 3.766 3.876 3.885 3.755 4.206 3.764 4.200 3.783 3.823 3.793 3.733 3.752 3.752 3.852 3.881 4.185 3.820 4.191 3.879 4.197 4.200 4.204 3.828 4.210 4.213 4.248 4.283 4.355 4.355 4.390 3.854 4.434 3.863 4.423 4.417 4.412 4.407 4.401 4.396 4.391 4.385 4.380 4.375 4.369 4.369 4.359 4.358 4.369 4.375 4.381 4.388 4.394
3.442 3.451 3.460 3.589 3.818 3.817 3.736 3.585 3.605 3.774 3.794 3.713 3.823 3.822 3.821 3.811 3.760 3.740 4.207 4.229 3.738 3.738 3.767 3.787 3.776 3.775 4.226 3.785 4.219 4.216 3.823 3.883 3.823 3.713 3.752 3.742 3.702 3.701 3.841 3.590 4.194 4.197 4.200 3.829 4.206 4.210 4.213 4.216 4.221 4.256 4.292 4.327 3.844 3.844 4.434 4.470 4.490 4.484 4.479 4.473 4.468 4.463 4.457 4.452 4.447 4.441 4.436 4.430 4.425 4.425 4.414 4.406 4.399 4.402 4.408 4.414 4.420
3.481 3.680 3.739 3.558 3.788 3.787 3.676 3.785 3.754 3.674 3.803 3.763 3.892 3.711 3.721 3.780 3.890 3.839 3.699 3.768 3.738 3.737 3.847 3.826 3.805 3.835 4.239 3.864 3.794 4.226 3.813 3.853 3.832 4.213 3.802 3.791 3.811 3.811 3.770 4.200 4.203 4.206 3.838 4.212 4.216 4.219 4.222 4.229 4.265 4.300 4.336 4.371 4.443 4.443 4.478 4.514 4.545 4.540 4.534 4.529 4.524 4.518 4.513 4.508 4.502 4.497 4.492 4.486 4.481 4.481 4.468 4.448 4.434 4.437 4.441 4.444 4.448
3.480 3.680 3.739 3.558 3.787 3.786 3.675 3.784 3.754 3.673 3.803 3.762 3.892 3.711 3.720 3.780 3.889 3.839 3.698 3.768 3.737 3.736 3.846 3.825 3.805 3.834 4.239 3.863 3.793 4.225 3.812 3.852 3.832 4.213 3.801 3.790 3.810 3.810 3.769 4.199 4.202 4.205 3.838 4.212 4.215 4.218 4.221 4.228 4.264 4.299 4.335 4.371 4.442 4.442 4.477 4.513 4.545 4.539 4.534 4.528 4.523 4.518 4.512 4.507 4.502 4.496 4.491 4.486 4.480 4.480 4.467 4.447 4.433 4.437 4.440 4.444 4.447
3.420 3.579 3.688 3.587 3.941 3.940 3.685 3.664 3.793 3.683 3.682 4.084 3.791 3.780 3.770 3.759 3.808 3.768 3.767 3.797 3.806 3.805 3.755 3.804 4.263 4.257 3.843 4.246 4.240 3.802 3.821 3.881 3.881 3.800 3.860 3.770 3.849 3.849 3.849 3.718 3.778 4.214 4.218 4.221 4.224 4.227 4.237 4.272 4.308 4.343 4.379 4.415 3.842 3.842 3.851 3.721 3.841 4.595 4.590 4.584 4.579 4.573 4.568 4.563 4.557 4.552 4.547 4.541 4.536 4.536 4.508 4.488 4.469 4.472 4.475 4.479 4.482
3.639 3.638 3.567 3.656 3.865 3.865 3.664 3.783 3.783 3.762 3.662 3.851 3.640 3.740 3.779 3.718 3.788 3.737 3.776 3.786 3.795 3.794 4.288 4.282 3.863 4.271 4.265 3.852 4.254 3.801 4.242 4.238 4.235 3.840 3.819 3.809 4.219 4.219 3.808 3.757 3.687 4.223 4.227 4.230 4.233 4.245 4.280 4.316 4.352 4.387 4.423 4.459 4.530 4.530 4.565 4.601 4.637 4.651 4.645 4.640 4.635 4.629 4.624 4.618 4.613 4.608 4.602 4.597 4.590 4.589 4.550 4.530 4.510 4.507 4.510 4.514 4.517
3.718 3.687 3.666 3.625 3.755 3.754 3.773 3.673 3.582 3.721 3.861 3.830 3.710 3.779 3.718 3.857 3.797 3.836 3.815 3.835 3.884 3.884 3.823 4.309 4.303 3.832 3.822 3.841 4.281 4.275 4.270 4.264 4.258 3.859 3.828 3.798 3.807 3.807 3.857 4.236 4.239 3.825 4.245 4.262 4.297 4.333 4.369 4.405 4.440 4.476 4.512 4.547 4.619 4.619 4.654 4.690 3.839 4.761 4.758 4.752 4.747 4.741 4.736 4.731 4.725 4.720 4.713 4.693 4.673 4.673 4.634 4.614 4.594 4.578 4.581 4.585 4.588
3.597 3.646 3.676 3.685 3.794 3.793 4.039 3.652 3.861 3.751 3.700 3.729 3.629 4.192 3.797 3.827 3.776 4.280 3.805 3.874 4.334 4.334 3.883 4.322 4.317 4.311 4.305 4.300 4.294 4.288 4.283 4.277 4.271 4.265 3.877 3.797 3.827 3.826 4.245 4.245 3.845 4.251 4.270 4.306 4.341 4.377 4.413 4.449 4.484 4.520 4.556 4.591 4.663 4.662 4.698 3.859 4.770 4.805 4.814 4.808 4.803 4.797 4.792 4.786 4.781 4.774 4.755 4.735 4.715 4.714 4.675 4.655 4.635 4.615 4.616 4.620 4.623
3.656 3.645 3.665 3.754 3.713 3.712 4.055 3.661 3.751 3.850 3.769 3.799 3.608 3.687 3.746 3.766 4.274 4.296 3.804 4.340 4.347 4.347 4.341 4.336 4.330 3.881 4.319 4.313 4.307 4.301 3.848 4.290 4.284 4.278 4.273 4.267 3.835 3.835 3.815 4.254 4.257 4.278 4.314 4.350 4.385 4.421 4.457 4.492 4.528 4.564 4.599 4.635 4.707 4.706 4.742 4.778 3.868 4.849 4.870 4.864 4.859 4.853 4.848 4.842 4.836 4.816 4.796 4.776 4.756 4.756 4.716 4.696 4.677 4.657 4.651 4.655 4.658
3.635 3.635 3.734 3.743 3.692 3.692 3.801 4.094 4.115 3.769 3.699 3.668 3.717 3.806 3.745 3.775 3.794 4.311 3.873 4.355 4.361 4.360 4.354 4.349 4.343 4.337 4.332 4.326 4.320 4.314 4.309 4.303 4.297 4.291 4.286 4.280 4.269 4.268 3.834 3.804 4.286 4.322 4.358 4.393 4.429 4.465 4.501 4.536 4.572 4.608 4.643 4.679 4.751 4.750 4.786 4.822 4.858 4.893 4.925 4.920 4.914 4.909 4.904 4.897 4.877 4.858 4.838 4.818 4.798 4.797 4.758 4.738 4.718 4.698 4.686 4.690 4.693
3.614 3.674 3.523 3.642 3.851 3.851 3.780 4.110 3.799 3.769 3.728 3.737 3.836 3.825 3.855 3.854 4.305 4.327 4.349 3.882 4.374 4.373 4.368 4.362 4.356 4.350 4.345 4.339 4.333 4.328 4.322 4.316 4.310 4.304 4.299 4.293 4.282 4.281 4.276 3.643 4.326 3.852 4.402 4.437 4.473 4.509 4.544 4.580 4.616 4.651 4.687 4.723 4.794 4.794 4.830 4.866 4.901 4.937 4.973 4.976 4.970 4.965 4.959 4.939 4.919 4.899 4.879 4.859 4.839 4.839 4.799 4.779 4.759 4.740 4.721 4.725 4.728
3.813 3.763 3.702 3.721 3.801 3.800 3.710 3.759 4.148 3.778 3.727 4.212 4.233 3.855 4.277 3.754 4.321 4.343 4.365 4.387 4.387 4.386 4.381 4.375 4.369 4.364 4.358 4.352 4.346 4.341 4.335 4.329 4.323 4.317 4.312 4.306 4.297 4.297 4.292 3.852 3.872 4.372 3.841 4.457 4.499 4.541 4.583 4.624 4.659 4.695 4.731 4.766 4.838 4.838 4.874 4.910 4.946 4.981 5.017 5.032 5.026 5.020 5.000 4.980 4.960 4.940 4.920 4.901 4.881 4.881 4.841 4.821 4.801 4.781 4.761 4.760 4.763
3.562 3.632 3.741 3.751 3.690 3.689 3.649 3.738 3.828 4.186 4.207 3.885 4.250 4.271 3.864 3.833 4.337 4.359 4.381 4.403 4.400 4.400 4.394 4.388 4.383 4.377 4.371 4.365 4.359 4.354 4.348 4.342 4.336 4.331 4.326 4.322 4.313 4.313 4.310 4.323 4.335 4.377 4.419 4.461 4.503 4.545 4.587 4.629 4.671 4.713 4.756 4.798 4.882 4.882 4.918 4.953 4.989 5.025 5.061 5.087 5.082 5.062 5.042 5.022 5.002 4.982 4.962 4.942 4.922 4.922 4.883 4.863 4.843 4.823 4.803 4.795 4.798
3.601 3.701 3.660 3.600 3.669 3.669 3.638 3.827 3.857 3.736 4.224 4.245 4.266 4.288 4.309 3.872 4.353 4.375 4.397 4.419 4.414 4.413 4.407 4.402 4.396 4.390 4.384 4.378 4.373 4.367 4.361 4.357 4.352 4.347 4.342 4.338 4.329 4.329 4.332 4.344 4.357 4.381 4.423 4.465 4.507 4.549 4.591 4.633 4.675 4.718 4.760 4.802 4.887 4.886 4.929 4.971 5.013 5.055 5.097 5.140 5.123 5.103 5.083 5.063 5.043 5.023 5.003 4.984 4.964 4.963 4.924 4.904 4.884 4.864 4.844 4.830 4.833
3.680 3.559 3.679 3.589 3.828 3.827 3.767 3.726 4.197 4.219 3.734 3.834 3.803 3.883 4.326 4.347 3.831 4.391 4.413 4.435 4.427 4.426 4.421 4.415 4.409 4.403 4.397 4.392 4.387 4.382 4.377 4.373 4.368 4.363 4.358 4.354 4.345 4.345 4.354 4.366 4.378 4.391 4.427 4.469 4.511 4.553 4.595 4.637 4.680 4.722 4.764 4.806 4.891 4.891 4.933 4.975 5.017 5.059 5.102 5.125 5.126 5.115 5.105 5.094 5.084 5.065 5.045 5.025 5.005 5.005 4.965 4.945 4.925 4.905 4.885 4.865 4.868
3.549 3.708 3.668 3.677 3.777 3.776 3.826 4.192 4.214 4.235 3.873 3.873 3.842 4.321 4.342 4.364 4.385 4.407 4.429 3.869 4.440 4.439 4.434 4.428 4.423 4.418 4.413 4.408 4.403 4.398 4.393 4.388 4.384 4.379 4.374 4.370 4.363 4.363 4.375 4.388 4.400 4.412 4.431 4.473 4.515 4.557 4.600 4.642 4.684 4.726 4.768 4.810 4.895 4.895 4.937 4.979 5.021 5.064 5.096 5.109 5.120 5.109 5.099 5.089 5.078 5.068 5.057 5.047 5.036 5.036 5.007 4.987 4.967 4.947 4.927 4.907 4.903
3.588 3.687 3.847 3.786 3.806 3.805 3.794 3.844 3.863 3.873 3.842 3.872 4.316 4.337 4.359 4.380 4.401 4.423 4.444 4.464 4.453 4.453 4.448 4.443 4.439 4.434 4.429 4.424 4.419 4.414 4.409 4.404 4.400 4.395 4.390 4.385 4.385 4.384 4.397 4.409 4.422 4.434 4.446 4.477 4.519 4.561 4.604 4.646 4.688 4.730 4.772 4.814 4.899 4.899 4.941 4.983 5.025 5.067 5.080 5.094 5.107 5.104 5.093 5.083 5.072 5.062 5.052 5.041 5.031 5.030 5.010 4.999 4.989 4.978 4.968 4.948 4.938
3.596 3.736 3.815 3.785 3.854 3.854 3.783 3.763 3.832 4.267 4.289 4.310 4.332 4.353 4.375 4.396 4.418 4.439 4.461 4.477 4.469 4.469 4.464 4.459 4.454 4.449 4.444 4.439 4.434 4.429 4.425 4.420 4.415 4.410 4.406 4.401 4.406 4.406 4.418 4.431 4.443 4.455 4.467 4.481 4.523 4.566 4.608 4.650 4.692 4.734 4.776 4.819 4.903 4.903 4.945 4.988 5.030 5.051 5.065 5.078 5.091 5.098 5.088 5.077 5.067 5.056 5.046 5.035 5.025 5.025 5.004 4.994 4.983 4.973 4.962 4.952 4.967
3.615 3.705 3.704 4.155 3.863 3.862 3.802 3.841 4.262 4.284 4.305 4.326 4.348 4.370 4.391 4.413 4.434 4.456 4.478 4.491 4.485 4.484 4.479 4.474 4.470 4.465 4.460 4.455 4.450 4.445 4.441 4.436 4.431 4.426 4.422 4.417 4.428 4.427 4.440 4.452 4.464 4.477 4.489 4.501 4.527 4.570 4.612 4.654 4.696 4.738 4.781 4.823 4.907 4.907 4.949 4.992 5.022 5.036 5.049 5.062 5.076 5.089 5.082 5.071 5.061 5.051 5.040 5.030 5.019 5.019 4.998 4.988 4.977 4.967 4.956 4.971 4.996
3.614 3.703 3.703 4.154 3.862 3.861 3.801 3.840 4.261 4.283 4.304 4.325 4.347 4.368 4.390 4.411 4.433 4.455 4.477 4.490 4.483 4.483 4.478 4.473 4.468 4.464 4.459 4.454 4.449 4.444 4.440 4.435 4.430 4.425 4.421 4.416 4.427 4.426 4.439 4.451 4.464 4.476 4.488 4.501 4.526 4.569 4.611 4.653 4.695 4.738 4.780 4.822 4.907 4.907 4.949 4.991 5.022 5.035 5.048 5.062 5.075 5.088 5.081 5.071 5.060 5.050 5.039 5.029 5.018 5.018 4.997 4.987 4.977 4.966 4.956 4.970 4.995
3.683 3.782 4.151 3.681 4.213 4.213 3.799 4.256 4.277 4.299 4.320 4.342 4.363 4.385 4.406 4.428 4.450 4.472 4.494 4.503 4.498 4.498 4.494 4.489 4.484 4.479 4.474 4.469 4.465 4.460 4.455 4.450 4.446 4.441 4.436 4.432 4.448 4.448 4.461 4.473 4.485 4.498 4.510 4.522 4.535 4.573 4.615 4.657 4.700 4.742 4.784 4.826 4.911 4.911 4.953 4.993 5.006 5.019 5.033 5.046 5.059 5.073 5.075 5.065 5.054 5.044 5.034 5.023 5.013 5.012 4.992 4.981 4.971 4.960 4.969 4.994 5.018
3.792 3.851 3.560 3.730 4.229 4.229 4.250 4.272 4.293 4.315 4.336 4.358 4.380 4.402 4.424 4.446 4.468 4.490 4.512 4.516 4.512 4.511 4.509 4.505 4.500 4.495 4.490 4.485 4.480 4.476 4.471 4.466 4.462 4.457 4.452 4.448 4.470 4.470 4.482 4.494 4.507 4.519 4.531 4.544 4.556 4.577 4.619 4.661 4.704 4.746 4.788 4.830 4.915 4.915 4.957 4.977 4.990 5.004 5.017 5.030 5.044 5.057 5.070 5.059 5.049 5.038 5.028 5.018 5.007 5.007 4.986 4.975 4.965 4.967 4.992 5.017 5.041
3.860 4.181 4.200 4.219 4.263 4.262 4.284 4.305 4.327 4.349 4.371 4.393 4.415 4.438 4.460 4.482 4.504 4.526 4.547 4.545 4.540 4.539 4.537 4.534 4.531 4.527 4.522 4.518 4.513 4.508 4.503 4.499 4.494 4.490 4.485 4.489 4.514 4.514 4.526 4.538 4.551 4.563 4.576 4.588 4.600 4.613 4.629 4.671 4.713 4.755 4.797 4.840 4.920 4.920 4.933 4.947 4.960 4.973 4.987 5.000 5.013 5.027 5.040 5.049 5.038 5.028 5.017 5.007 4.996 4.996 4.975 4.965 4.990 5.015 5.039 5.064 5.088
4.190 4.198 4.216 4.236 4.279 4.279 4.301 4.323 4.345 4.367 4.389 4.411 4.433 4.455 4.477 4.499 4.521 4.543 4.560 4.558 4.553 4.553 4.550 4.547 4.545 4.542 4.538 4.533 4.528 4.524 4.519 4.515 4.510 4.505 4.501 4.511 4.536 4.535 4.548 4.560 4.573 4.585 4.597 4.610 4.622 4.635 4.647 4.675 4.717 4.759 4.802 4.844 4.904 4.904 4.917 4.931 4.944 4.958 4.971 4.984 4.998 5.011 5.024 5.038 5.033 5.022 5.012 5.001 4.991 4.990 4.970 4.989 5.013 5.038 5.062 5.087 5.111
4.223 4.230 4.237 4.252 4.297 4.296 4.318 4.340 4.362 4.384 4.406 4.428 4.450 4.472 4.495 4.517 4.539 4.561 4.574 4.571 4.567 4.566 4.563 4.561 4.558 4.555 4.553 4.549 4.544 4.539 4.535 4.530 4.526 4.521 4.520 4.532 4.557 4.557 4.570 4.582 4.594 4.607 4.619 4.631 4.644 4.656 4.669 4.681 4.721 4.764 4.806 4.848 4.889 4.888 4.902 4.915 4.928 4.942 4.955 4.969 4.982 4.995 5.009 5.022 5.027 5.017 5.006 4.996 4.985 4.985 4.988 5.012 5.037 5.061 5.086 5.110 5.135
4.255 4.262 4.270 4.279 4.314 4.313 4.335 4.357 4.379 4.401 4.424 4.446 4.468 4.490 4.512 4.534 4.556 4.578 4.587 4.585 4.580 4.580 4.577 4.574 4.571 4.569 4.566 4.564 4.560 4.555 4.551 4.546 4.542 4.537 4.542 4.554 4.579 4.579 4.591 4.604 4.616 4.628 4.641 4.653 4.666 4.678 4.690 4.703 4.726 4.768 4.810 4.846 4.873 4.873 4.886 4.899 4.913 4.926 4.940 4.953 4.966 4.980 4.993 5.007 5.020 5.011 5.001 4.990 4.980 4.979 5.011 5.036 5.060 5.085 5.109 5.134 5.158
4.288 4.295 4.303 4.312 4.333 4.332 4.353 4.375 4.397 4.419 4.441 4.463 4.485 4.507 4.529 4.552 4.574 4.596 4.601 4.598 4.593 4.593 4.590 4.588 4.585 4.582 4.580 4.577 4.575 4.571 4.567 4.562 4.557 4.553 4.563 4.576 4.601 4.601 4.613 4.625 4.638 4.650 4.663 4.675 4.687 4.700 4.712 4.725 4.737 4.772 4.815 4.830 4.857 4.857 4.870 4.884 4.897 4.910 4.924 4.937 4.951 4.964 4.978 4.991 5.005 5.006 4.995 4.985 4.985 4.985 5.035 5.059 5.083 5.108 5.133 5.157 5.182
4.321 4.329 4.337 4.346 4.366 4.366 4.375 4.392 4.414 4.436 4.458 4.480 4.503 4.525 4.547 4.569 4.591 4.613 4.614 4.611 4.607 4.606 4.604 4.601 4.598 4.596 4.594 4.591 4.589 4.586 4.583 4.578 4.573 4.573 4.585 4.597 4.623 4.622 4.635 4.647 4.660 4.672 4.684 4.697 4.709 4.722 4.734 4.747 4.759 4.777 4.801 4.815 4.842 4.841 4.855 4.868 4.881 4.895 4.908 4.922 4.936 4.949 4.963 4.976 4.989 5.000 4.990 4.984 5.009 5.009 5.058 5.082 5.107 5.132 5.156 5.181 5.205
4.355 4.362 4.370 4.380 4.400 4.399 4.409 4.419 4.432 4.454 4.476 4.498 4.520 4.542 4.564 4.586 4.609 4.630 4.627 4.625 4.620 4.620 4.617 4.615 4.612 4.610 4.607 4.605 4.602 4.600 4.597 4.594 4.590 4.595 4.607 4.619 4.645 4.644 4.657 4.669 4.682 4.694 4.706 4.719 4.731 4.745 4.758 4.772 4.785 4.803 4.822 4.830 4.847 4.847 4.855 4.863 4.872 4.880 4.893 4.907 4.920 4.934 4.947 4.961 4.974 4.987 4.984 5.008 5.032 5.032 5.081 5.106 5.131 5.155 5.180 5.204 5.229
4.388 4.396 4.404 4.413 4.433 4.433 4.443 4.452 4.462 4.472 4.493 4.515 4.538 4.560 4.582 4.604 4.626 4.643 4.641 4.638 4.634 4.633 4.631 4.628 4.626 4.623 4.621 4.618 4.616 4.614 4.611 4.609 4.606 4.616 4.629 4.641 4.668 4.668 4.682 4.695 4.709 4.722 4.736 4.750 4.764 4.777 4.791 4.804 4.818 4.845 4.879 4.888 4.905 4.904 4.913 4.921 4.930 4.938 4.947 4.955 4.964 4.972 4.980 4.989 4.997 5.005 5.003 5.029 5.055 5.055 5.105 5.129 5.154 5.179 5.203 5.228 5.252
4.421 4.429 4.437 4.447 4.467 4.466 4.476 4.486 4.496 4.506 4.515 4.533 4.555 4.577 4.599 4.621 4.644 4.657 4.654 4.652 4.647 4.647 4.644 4.642 4.639 4.637 4.634 4.632 4.630 4.627 4.625 4.626 4.631 4.646 4.660 4.673 4.701 4.701 4.714 4.728 4.741 4.755 4.769 4.782 4.796 4.810 4.823 4.837 4.852 4.887 4.923 4.945 4.962 4.962 4.970 4.979 4.987 4.996 5.004 5.013 5.021 5.029 5.038 5.046 5.055 5.050 5.026 5.042 5.068 5.068 5.120 5.146 5.172 5.198 5.224 5.250 5.276
4.455 4.463 4.471 4.480 4.500 4.500 4.510 4.519 4.529 4.539 4.549 4.559 4.573 4.595 4.617 4.639 4.661 4.670 4.668 4.665 4.660 4.660 4.658 4.655 4.653 4.651 4.648 4.647 4.648 4.649 4.650 4.651 4.660 4.678 4.692 4.706 4.733 4.733 4.747 4.760 4.774 4.788 4.801 4.815 4.829 4.842 4.856 4.870 4.894 4.930 4.965 5.000 5.020 5.020 5.028 5.037 5.045 5.054 5.062 5.070 5.079 5.087 5.095 5.104 5.111 5.086 5.062 5.056 5.081 5.081 5.133 5.159 5.185 5.211 5.237 5.263 5.289
4.489 4.497 4.504 4.514 4.534 4.534 4.543 4.553 4.563 4.573 4.583 4.593 4.603 4.612 4.635 4.657 4.679 4.684 4.681 4.679 4.674 4.674 4.671 4.669 4.669 4.670 4.671 4.672 4.673 4.674 4.674 4.675 4.690 4.707 4.725 4.738 4.766 4.765 4.779 4.793 4.807 4.820 4.834 4.848 4.861 4.875 4.889 4.902 4.937 4.972 5.007 5.043 5.078 5.078 5.086 5.095 5.103 5.111 5.120 5.128 5.136 5.145 5.153 5.161 5.147 5.122 5.097 5.073 5.095 5.095 5.147 5.173 5.199 5.225 5.250 5.276 5.302
4.523 4.530 4.538 4.548 4.568 4.568 4.577 4.587 4.597 4.607 4.617 4.626 4.636 4.646 4.656 4.674 4.696 4.697 4.695 4.693 4.691 4.691 4.692 4.693 4.694 4.694 4.695 4.696 4.697 4.698 4.699 4.702 4.720 4.737 4.754 4.771 4.798 4.798 4.812 4.826 4.839 4.853 4.867 4.880 4.894 4.908 4.921 4.944 4.979 5.015 5.050 5.085 5.136 5.135 5.144 5.152 5.161 5.169 5.177 5.186 5.194 5.202 5.210 5.207 5.182 5.158 5.133 5.109 5.108 5.108 5.160 5.186 5.212 5.238 5.264 5.290 5.316
