includes/lisflood/camargue/results_R4_t1.561741501247E12/res.totaltm
ncols         906
nrows         631
xllcorner     362177.146667
yllcorner     6534725.688020
cellsize      20.000000
NODATA_value  -9999.000000
[rows 578 to 611 of 631, columns 77 to 153 of 906]
14.500 14.500 14.500 14.500 14.500 14.500 14.500 14.500 14.500 14.500 13.751 12.767 14.500 11.647 11.545 11.448 11.353 11.259 11.167 11.174 11.723 12.233 12.810 13.267 13.836 14.354 14.500 14.500 14.500 14.500 14.500 14.500 14.500 14.500 14.500 14.500 14.500 14.500 14.500 14.500 14.500 14.500 14.500 14.500 14.500 14.500 14.500 14.500 14.500 14.500 14.500 14.500 14.500 14.500 14.500 14.500 14.500 14.500 14.500 14.500 14.500 14.500 14.490 13.882 13.783 13.679 13.567 13.432 13.118 12.530 12.601 12.789 12.958 13.096 13.665 14.500 14.500
14.500 14.500 14.500 14.500 14.500 14.500 14.500 14.500 14.500 14.500 14.180 12.916 14.500 11.645 11.475 11.380 11.302 11.230 11.165 11.111 11.192 11.808 12.247 12.613 13.158 13.771 14.343 14.500 14.500 14.500 14.500 14.500 14.500 14.500 14.500 14.500 14.500 14.500 14.500 14.500 14.500 14.500 14.500 14.500 14.500 14.500 14.500 14.500 14.500 14.500 14.500 14.500 14.500 14.500 14.500 14.500 14.500 14.500 14.500 14.500 14.500 14.500 14.500 14.362 13.674 13.565 13.441 13.291 12.836 12.455 12.679 12.876 13.025 13.124 13.306 14.500 14.500
14.500 14.500 14.500 14.500 14.500 14.500 14.500 14.500 14.500 14.500 14.500 13.064 14.500 11.703 11.385 11.264 11.192 11.132 11.084 11.056 11.049 11.212 11.710 11.970 12.245 12.913 13.646 14.500 14.500 14.500 14.500 14.500 14.500 14.500 14.500 14.500 14.500 14.500 14.500 14.500 14.500 14.500 14.500 14.500 14.500 14.500 14.500 14.500 14.500 14.500 14.500 14.500 14.500 14.500 14.500 14.500 14.500 14.500 14.500 14.500 14.500 14.500 14.500 14.399 14.165 13.448 13.308 13.142 12.547 12.578 12.810 12.975 13.075 13.129 13.203 14.500 14.500
14.500 14.500 14.500 14.500 14.500 14.500 14.500 14.500 14.500 14.500 14.500 13.265 14.500 11.781 11.337 11.138 11.060 10.985 10.862 10.729 10.743 10.803 10.971 11.642 12.114 12.656 13.283 14.408 14.500 14.500 14.500 14.500 14.500 14.500 14.500 14.500 14.500 14.500 14.500 14.500 14.500 14.500 14.500 14.500 14.500 14.500 14.500 14.500 14.500 14.500 14.500 14.500 14.500 14.500 14.500 14.500 14.500 14.500 14.500 14.500 14.500 14.493 14.494 14.395 14.252 13.942 13.168 12.988 12.415 12.737 12.942 13.046 13.089 13.094 13.119 14.500 14.500
14.500 14.500 14.500 14.500 14.500 14.500 14.500 14.500 14.500 14.500 14.500 13.477 14.500 11.830 11.356 11.049 11.026 11.096 11.136 11.139 11.125 11.116 11.162 11.192 11.704 12.248 12.854 13.990 14.475 14.500 14.500 14.500 14.500 14.500 14.500 14.500 14.500 14.500 14.500 14.500 14.500 14.500 14.500 14.500 14.500 14.500 14.500 14.500 14.500 14.500 14.500 14.500 14.500 14.500 14.500 14.500 14.500 14.500 14.500 14.500 14.500 14.443 14.461 14.379 14.262 14.106 13.670 12.831 12.729 12.958 13.055 13.072 13.046 13.003 12.997 14.500 14.500
14.500 14.500 14.500 14.500 14.500 14.500 14.500 14.500 14.500 14.500 14.500 13.512 14.447 11.859 11.552 11.511 11.488 11.466 11.442 11.418 11.395 11.382 11.425 11.433 11.450 11.680 12.404 13.543 14.090 14.500 14.500 14.500 14.500 14.500 14.500 14.500 14.500 14.500 14.500 14.500 14.500 14.500 14.500 14.500 14.500 14.500 14.500 14.500 14.500 14.500 14.500 14.500 14.500 14.500 14.500 14.500 14.500 14.500 14.500 14.500 14.500 14.386 14.427 14.356 14.256 14.135 13.973 13.277 12.909 12.986 12.961 12.886 12.803 12.730 12.721 14.500 14.500
14.500 14.500 14.500 14.500 14.500 14.500 14.500 14.500 14.500 14.500 14.500 14.500 14.500 13.145 12.048 11.816 11.761 11.725 11.691 11.659 11.631 11.614 11.625 11.610 11.601 11.596 11.720 13.088 13.629 14.498 14.500 14.500 14.500 14.500 14.500 14.500 14.500 14.500 14.500 14.500 14.500 14.500 14.500 14.500 14.500 14.500 14.500 14.500 14.500 14.500 14.500 14.500 14.500 14.500 14.500 14.500 14.500 14.500 14.500 14.475 14.500 14.324 14.391 14.332 14.245 14.140 14.039 13.993 12.654 12.777 12.715 12.626 12.550 12.507 12.545 14.500 14.500
14.500 14.500 14.500 14.500 14.500 14.500 14.500 14.500 14.500 14.500 14.500 14.500 14.500 14.500 14.164 12.269 12.090 12.053 12.031 12.015 12.007 12.026 12.087 12.132 12.190 12.260 12.336 12.369 13.336 14.077 14.460 14.500 14.500 14.500 14.500 14.500 14.500 14.500 14.500 14.500 14.500 14.500 14.500 14.500 14.500 14.500 14.500 14.500 14.500 14.500 14.500 14.500 14.500 14.500 14.500 14.500 14.500 14.500 14.408 14.420 14.500 14.252 14.360 14.313 14.234 14.133 14.040 14.086 13.588 12.805 12.599 12.460 12.390 12.376 12.454 14.500 14.500
14.500 14.500 14.500 14.500 14.500 14.500 14.500 14.500 14.500 14.500 14.500 14.500 14.500 14.500 14.500 14.500 12.628 12.544 12.525 12.514 12.507 12.522 12.541 12.536 12.528 12.518 12.506 12.249 13.444 13.426 13.926 14.500 14.500 14.500 14.500 14.500 14.500 14.500 14.500 14.500 14.500 14.500 14.500 14.500 14.500 14.500 14.500 14.500 14.500 14.500 14.500 14.500 14.500 14.500 14.500 14.500 14.500 14.500 14.497 14.314 14.500 14.135 14.329 14.294 14.226 14.127 14.051 14.107 13.756 12.642 12.291 12.231 12.237 12.273 12.391 14.500 14.500
14.500 14.500 14.500 14.500 14.500 14.500 14.500 14.500 14.500 14.500 14.500 14.500 14.500 14.500 14.500 14.500 14.500 14.500 14.500 14.500 14.500 14.500 14.500 14.500 14.500 14.500 14.500 14.500 14.500 13.584 13.997 14.500 14.500 14.500 14.500 14.500 14.500 14.500 14.500 14.500 14.500 14.500 14.500 14.500 14.500 14.500 14.500 14.500 14.500 14.500 14.500 14.500 14.500 14.500 14.500 14.500 14.500 14.500 14.500 14.487 14.500 13.913 14.301 14.283 14.228 14.130 14.122 14.087 13.730 13.110 11.995 12.092 12.170 12.225 12.355 14.500 14.500
14.500 14.500 14.500 14.500 14.500 14.500 14.500 14.500 14.500 14.500 14.500 14.500 14.500 14.500 14.500 14.500 14.500 14.453 14.428 14.441 14.458 14.494 14.500 14.500 14.500 14.500 14.500 14.500 14.500 14.451 14.500 14.500 14.500 14.500 14.500 14.500 14.500 14.500 14.500 14.500 14.500 14.500 14.500 14.500 14.500 14.500 14.500 14.500 14.500 14.500 14.500 14.500 14.500 14.500 14.500 14.500 14.500 14.500 14.500 14.500 14.500 14.500 14.500 14.500 14.500 14.500 14.500 14.500 14.374 13.633 13.109 13.158 13.213 13.271 13.382 14.500 14.500
14.500 14.500 14.500 14.500 14.500 14.500 14.500 14.500 14.500 14.500 14.500 14.500 14.500 14.500 14.500 14.500 14.500 14.500 14.500 14.500 14.500 14.500 14.500 14.500 14.500 14.500 14.439 13.556 14.480 13.958 14.494 14.500 14.500 14.500 14.500 14.500 14.500 14.500 14.500 14.500 14.500 14.500 14.500 14.500 14.500 14.500 14.500 14.500 14.500 14.500 14.500 14.500 14.500 14.500 14.500 14.500 14.500 14.500 14.500 14.500 14.500 13.285 13.810 13.901 13.961 14.022 14.083 13.736 13.328 12.923 12.387 12.037 11.892 11.749 11.711 12.676 14.121
14.500 14.500 14.500 14.500 14.500 14.500 14.500 14.500 14.500 14.500 14.500 14.500 14.500 14.500 14.500 14.500 14.500 14.500 14.500 14.500 14.500 14.500 14.500 14.500 13.685 13.475 13.499 13.281 14.209 13.774 14.410 14.500 14.500 14.500 14.500 14.500 14.500 14.500 14.500 14.500 14.500 14.500 14.500 14.500 14.500 14.500 14.500 14.500 14.500 14.500 14.500 14.500 14.500 14.500 14.500 14.500 14.500 14.500 14.500 14.500 14.500 13.684 13.622 13.750 13.844 14.049 14.058 13.688 13.252 12.831 12.416 11.764 11.547 11.395 11.419 12.254 12.492
14.500 14.500 14.500 14.500 14.500 14.500 14.500 14.500 14.500 14.500 14.500 14.431 14.500 14.103 14.028 13.961 13.900 13.865 13.865 13.873 13.850 13.351 13.209 13.116 13.058 13.029 13.031 12.780 13.830 13.260 13.867 14.277 14.491 14.500 14.500 14.500 14.500 14.500 14.500 14.500 14.500 14.500 14.500 14.500 14.500 14.500 14.500 14.500 14.500 14.500 14.500 14.500 14.500 14.500 14.500 14.500 14.500 14.500 14.500 14.500 14.500 13.890 13.909 13.517 13.332 13.913 13.862 13.507 13.101 12.687 12.275 11.835 11.102 10.794 10.765 11.610 10.847
14.401 14.500 14.500 14.500 14.500 14.500 14.500 14.500 14.500 14.500 14.500 14.490 14.500 14.050 13.971 13.894 13.805 13.705 13.604 13.503 13.375 13.263 13.204 13.145 13.101 13.081 13.092 12.848 13.799 13.212 13.742 14.165 14.456 14.500 14.500 14.500 14.500 14.500 14.500 14.500 14.500 14.500 14.500 14.500 14.500 14.500 14.500 14.500 14.500 14.500 14.500 14.500 14.500 14.500 14.500 14.500 14.500 14.500 14.500 14.500 14.500 14.191 14.171 14.058 13.983 14.157 14.167 13.732 13.235 12.768 12.330 11.873 11.343 10.432 10.497 12.279 11.295
13.857 14.158 14.463 14.500 14.500 14.500 14.500 14.500 14.500 14.500 14.500 14.497 14.500 13.911 13.842 13.774 13.698 13.615 13.522 13.423 13.289 13.180 13.110 13.047 12.990 12.940 12.923 12.669 13.683 12.892 13.188 13.487 13.961 14.385 14.500 14.500 14.500 14.500 14.500 14.500 14.500 14.500 14.500 14.500 14.500 14.500 14.500 14.500 14.500 14.500 14.500 14.500 14.500 14.500 14.500 14.500 14.500 14.500 14.500 14.500 14.500 14.361 14.297 14.091 13.987 14.098 14.177 13.727 13.218 12.741 12.307 11.857 11.333 10.607 10.499 12.239 11.318
13.264 13.530 13.957 14.424 14.500 14.500 14.500 14.500 14.500 14.500 14.500 14.500 14.500 13.746 13.703 13.658 13.598 13.526 13.443 13.350 13.218 13.117 13.041 12.966 12.899 12.844 12.793 12.515 13.607 12.629 12.758 12.862 13.120 13.585 14.042 14.374 14.500 14.500 14.500 14.500 14.500 14.500 14.500 14.500 14.500 14.500 14.500 14.500 14.500 14.500 14.500 14.500 14.500 14.500 14.500 14.500 14.500 14.500 14.500 14.500 14.500 14.495 14.446 14.201 14.002 14.056 14.203 13.710 13.158 12.644 12.185 11.694 11.222 10.754 10.406 12.200 11.347
12.755 12.947 13.283 13.796 14.261 14.500 14.500 14.500 14.500 14.500 14.500 14.500 14.500 13.577 13.557 13.531 13.487 13.428 13.357 13.274 13.147 13.060 12.987 12.911 12.834 12.763 12.707 12.412 13.542 12.417 12.449 12.447 12.434 12.542 12.818 13.310 13.935 14.401 14.500 14.500 14.500 14.500 14.500 14.500 14.500 14.500 14.500 14.500 14.500 14.500 14.500 14.500 14.500 14.500 14.500 14.500 14.500 14.500 14.500 14.500 14.500 14.500 14.500 14.390 14.099 14.042 14.240 13.708 13.108 12.544 12.004 11.580 11.270 10.863 10.270 12.130 11.330
12.319 12.455 12.678 13.055 13.446 13.794 14.093 14.380 14.500 14.500 14.500 14.500 14.500 13.390 13.391 13.386 13.362 13.319 13.260 13.189 13.073 13.000 12.935 12.866 12.795 12.722 12.647 12.360 13.485 12.244 12.152 12.098 12.090 12.120 12.209 12.408 12.778 13.351 14.219 14.500 14.500 14.500 14.500 14.500 14.500 14.500 14.500 14.500 14.500 14.500 14.500 14.500 14.500 14.500 14.500 14.500 14.500 14.500 14.500 14.500 14.500 14.500 14.500 14.500 14.295 14.076 14.287 13.725 13.072 12.386 11.888 11.600 11.316 10.954 10.311 12.061 11.333
11.924 12.015 12.177 12.393 12.538 12.685 13.400 14.500 14.500 14.500 14.500 14.500 14.500 13.391 13.215 13.216 13.217 13.194 13.152 13.094 12.988 12.929 12.874 12.817 12.757 12.697 12.629 12.383 13.443 12.122 11.987 11.915 11.881 11.870 11.882 11.928 12.040 12.282 12.957 13.935 14.493 14.500 14.500 14.500 14.500 14.500 14.500 14.500 14.500 14.500 14.500 14.500 14.500 14.500 14.500 14.500 14.500 14.500 14.500 14.500 14.500 14.500 14.500 14.500 14.475 14.185 14.340 13.760 12.960 12.295 11.914 11.620 11.352 11.044 10.411 11.993 11.382
11.532 11.608 11.672 11.738 12.103 12.792 13.773 14.500 14.500 14.500 14.500 14.500 14.500 13.469 13.230 13.094 13.046 13.051 13.027 12.986 12.893 12.846 12.801 12.754 12.710 12.688 12.661 12.435 13.406 12.148 11.906 11.774 11.710 11.680 11.667 11.667 11.682 11.743 11.983 12.443 13.255 14.203 14.500 14.500 14.500 14.500 14.500 14.500 14.500 14.500 14.500 14.500 14.500 14.500 14.500 14.500 14.500 14.500 14.500 14.500 14.500 14.500 14.500 14.500 14.500 14.371 14.390 13.669 12.911 12.381 11.953 11.640 11.378 11.127 10.586 11.927 11.516
11.176 11.111 11.076 11.734 12.352 12.986 13.852 14.500 14.500 14.500 14.500 14.500 14.500 13.532 13.283 13.134 13.000 12.901 12.884 12.865 12.788 12.752 12.723 12.698 12.664 12.626 12.593 12.394 13.311 12.135 11.928 11.721 11.571 11.514 11.491 11.481 11.479 11.500 11.564 11.621 11.888 12.466 13.335 14.109 14.500 14.500 14.500 14.500 14.500 14.500 14.500 14.500 14.500 14.500 14.500 14.500 14.500 14.500 14.500 14.500 14.500 14.500 14.500 14.500 14.500 14.500 14.356 13.645 13.077 12.499 12.009 11.664 11.392 11.195 10.833 11.860 11.801
11.302 10.989 10.930 11.850 12.350 13.012 13.879 14.500 14.500 14.500 14.500 14.500 14.500 13.644 13.319 13.150 13.012 12.890 12.779 12.722 12.693 12.665 12.629 12.591 12.554 12.522 12.498 12.328 13.213 12.105 11.922 11.747 11.548 11.376 11.330 11.319 11.314 11.331 11.374 11.311 11.266 11.333 11.553 11.817 12.402 12.451 12.632 13.853 14.500 14.500 14.500 14.500 14.500 14.500 14.500 14.500 14.500 14.500 14.500 14.500 14.500 14.500 14.500 14.500 14.500 14.500 14.459 13.870 13.277 12.646 12.088 11.701 11.396 11.237 11.062 11.792 12.319
10.840 10.746 10.691 11.221 11.866 12.981 13.857 14.500 14.500 14.500 14.500 14.500 14.500 13.949 13.450 13.181 12.993 12.848 12.710 12.632 12.579 12.543 12.506 12.469 12.434 12.405 12.386 12.241 13.118 12.072 11.905 11.752 11.587 11.391 11.191 11.169 11.164 11.190 11.238 11.152 11.044 10.957 10.781 10.635 10.947 10.690 10.680 11.164 12.712 14.500 14.500 14.500 14.500 14.500 14.500 14.500 14.500 14.500 14.500 14.500 14.500 14.500 14.500 14.500 14.500 14.500 14.500 14.442 13.769 12.915 12.198 11.761 11.394 11.247 11.252 11.729 13.085
10.722 10.613 10.538 10.970 11.373 12.028 13.357 14.500 14.500 14.500 14.500 14.500 14.500 14.393 13.873 13.383 12.970 12.745 12.637 12.568 12.506 12.446 12.400 12.361 12.321 12.285 12.263 12.131 13.030 12.052 11.896 11.757 11.613 11.455 11.272 11.054 11.026 11.063 11.128 11.015 10.823 10.699 10.588 10.432 10.796 10.311 10.161 10.516 11.005 12.036 14.500 14.500 14.500 14.500 14.500 14.500 14.500 14.500 14.500 14.500 14.500 14.500 14.500 14.500 14.500 14.500 14.500 14.500 14.313 13.523 12.717 11.990 11.452 11.174 11.249 11.711 13.765
10.677 10.537 10.444 10.856 11.205 11.664 12.354 13.788 14.500 14.500 14.500 14.500 14.500 14.500 14.206 13.612 13.136 12.831 12.657 12.572 12.507 12.442 12.372 12.304 12.253 12.194 12.145 12.006 12.951 12.061 11.911 11.778 11.645 11.509 11.366 11.204 10.996 10.857 10.855 10.772 10.705 10.625 10.527 10.327 10.713 10.217 9.997 10.359 10.729 11.287 12.410 14.500 14.500 14.500 14.500 14.500 14.500 14.500 14.500 14.500 14.500 14.500 14.500 14.500 14.500 14.500 14.500 14.500 14.500 14.020 13.116 12.336 11.758 11.431 11.294 11.761 14.156
10.950 10.672 10.530 11.148 11.595 11.940 12.519 13.941 14.500 14.500 14.500 14.500 14.500 14.500 14.500 14.500 14.085 13.417 13.152 13.060 12.995 12.931 12.866 12.803 12.746 12.682 12.623 12.443 13.706 12.359 12.231 12.123 12.024 11.933 11.850 11.775 11.707 11.653 11.616 11.509 11.397 11.281 11.166 10.917 11.851 10.514 10.152 10.614 11.014 11.629 12.872 14.500 14.500 14.500 14.500 14.500 14.500 14.500 14.500 14.500 14.500 14.500 14.500 14.500 14.500 14.500 14.500 14.500 14.500 14.500 14.134 13.339 12.758 12.522 12.233 12.896 14.500
10.977 10.557 10.380 11.013 11.460 11.765 11.995 12.516 14.090 14.500 14.500 14.500 14.500 14.500 14.500 14.500 14.334 13.578 12.621 11.850 11.551 11.515 11.523 11.537 11.555 11.586 11.609 11.572 11.980 11.523 11.407 11.281 11.140 10.992 10.842 10.671 10.472 10.139 10.047 10.028 9.998 9.968 9.939 9.887 10.043 9.779 9.638 9.899 10.082 10.293 10.610 11.207 12.444 14.500 14.500 14.500 14.500 14.500 14.500 14.500 14.500 14.500 14.500 14.500 14.500 14.500 14.500 14.500 14.500 14.500 14.308 13.250 12.316 12.224 12.947 14.480 14.500
11.292 10.695 10.429 11.199 11.603 11.831 11.991 12.179 12.785 14.500 14.500 14.500 14.500 14.500 14.500 14.500 14.500 14.179 13.195 12.080 11.420 11.144 11.090 11.090 11.119 11.165 11.225 11.227 11.664 11.357 11.277 11.178 11.055 10.911 10.746 10.562 10.309 10.127 9.981 9.873 9.832 9.790 9.770 9.730 9.883 9.624 9.520 9.748 9.905 10.052 10.221 10.428 10.803 11.685 13.934 14.500 14.500 14.500 14.500 14.500 14.500 14.500 14.500 14.500 14.500 14.500 14.500 14.500 14.500 14.500 14.496 13.467 12.003 12.245 13.807 14.500 14.500
11.441 10.778 10.484 11.204 11.568 11.793 11.944 12.093 12.308 13.026 14.500 14.500 14.500 14.500 14.500 14.500 14.500 14.403 13.610 12.293 11.463 10.987 10.790 10.607 10.373 10.466 10.553 10.493 11.220 11.158 11.112 11.014 10.887 10.742 10.585 10.417 10.178 10.068 9.959 9.828 9.690 9.597 9.571 9.540 9.713 9.466 9.450 9.639 9.796 9.941 10.101 10.249 10.442 10.677 11.211 12.958 14.500 14.500 14.500 14.500 14.500 14.500 14.500 14.500 14.500 14.500 14.500 14.500 14.500 14.500 14.500 13.843 14.469 14.500 14.500 14.500 14.500
12.058 11.183 10.933 11.543 11.751 11.880 12.013 12.160 12.357 12.993 14.500 14.500 14.500 14.500 14.500 14.500 14.500 14.500 14.355 12.826 11.668 11.054 10.985 11.052 11.069 11.060 11.061 10.912 11.503 11.022 11.038 10.955 10.835 10.691 10.532 10.347 10.149 10.055 9.956 9.850 9.735 9.607 9.504 9.495 9.659 9.411 9.441 9.615 9.778 9.931 10.108 10.277 10.521 10.833 11.365 13.155 14.500 14.500 14.500 14.500 14.500 14.500 14.500 14.500 14.500 14.500 14.500 14.500 14.500 14.500 14.500 14.500 14.500 14.500 14.500 14.500 14.500
11.865 11.281 11.357 11.647 11.772 11.884 12.016 12.169 12.369 12.948 14.500 14.500 14.500 14.500 14.500 14.500 14.500 14.500 14.500 13.292 11.819 11.488 11.395 11.348 11.312 11.279 11.252 11.108 11.720 10.915 10.773 10.783 10.688 10.554 10.394 10.177 10.051 9.968 9.881 9.787 9.684 9.571 9.448 9.335 9.527 9.259 9.382 9.542 9.718 9.885 10.089 10.319 10.567 10.895 11.456 13.239 14.500 14.500 14.500 14.500 14.500 14.500 14.500 14.500 14.500 14.500 14.500 14.500 14.500 14.500 14.500 14.500 14.500 14.500 14.500 14.500 14.500
12.195 11.661 11.645 11.704 11.777 11.881 12.021 12.187 12.395 12.918 14.500 14.500 14.500 14.500 14.500 14.500 14.500 14.500 14.500 14.500 14.261 12.063 11.662 11.542 11.477 11.425 11.382 11.207 11.906 10.861 10.668 10.507 10.507 10.398 10.246 10.018 9.926 9.855 9.781 9.700 9.610 9.507 9.386 9.196 9.395 9.143 9.293 9.475 9.682 9.895 10.102 10.325 10.603 10.993 11.627 13.423 14.500 14.500 14.500 14.500 14.500 14.500 14.500 14.500 14.500 14.500 14.500 14.500 14.500 14.500 14.500 14.500 14.500 14.500 14.500 14.500 14.500
12.615 11.814 11.681 11.720 11.793 11.885 12.039 12.217 12.436 12.904 14.500 14.500 14.500 14.500 14.500 14.500 14.500 14.500 14.500 14.500 14.430 14.149 12.893 11.754 11.612 11.539 11.487 11.276 12.069 10.824 10.616 10.421 10.229 10.220 10.087 9.841 9.764 9.708 9.651 9.590 9.521 9.441 9.339 9.132 9.304 8.866 9.197 9.464 9.688 9.885 10.097 10.343 10.671 11.148 11.889 13.682 14.500 14.500 14.500 14.500 14.500 14.500 14.500 14.500 14.500 14.500 14.500 14.500 14.500 14.500 14.500 14.500 14.500 14.500 14.500 14.500 14.500
