includes/lisflood/results_R9_t1.553260310992E12/res-0000.wd
ncols         667
nrows         504
xllcorner     559149.587152
yllcorner     6977567.760122
cellsize      19.400300
NODATA_value  -9999.000000
[rows 204 to 237 of 504, columns 77 to 153 of 667]
23.500 23.500 23.500 23.500 23.000 23.000 23.000 22.500 22.500 22.500 22.000 22.000 22.000 22.000 21.500 21.500 21.500 21.500 21.000 21.000 21.000 20.500 20.500 20.500 20.000 20.000 19.500 19.500 19.500 19.000 19.000 18.500 18.500 18.000 18.000 17.500 17.500 17.000 17.000 16.500 16.500 16.000 16.000 15.500 15.000 15.000 14.500 14.500 14.000 14.000 13.500 13.000 13.000 12.500 12.500 12.000 11.500 11.500 11.000 11.000 10.500 10.500 10.000 9.500 9.500 9.000 8.500 8.000 8.000 7.500 7.000 6.500 6.673 6.225 5.788 5.362 4.945
23.000 23.000 23.000 23.000 22.500 22.500 22.500 22.000 22.000 22.000 21.500 21.500 21.500 21.500 21.000 21.000 21.000 21.000 20.500 20.500 20.500 20.000 20.000 20.000 19.500 19.500 19.000 19.000 19.000 18.500 18.500 18.000 18.000 17.500 17.500 17.000 17.000 16.500 16.500 16.000 16.000 15.500 15.500 15.000 14.500 14.500 14.000 14.000 13.500 13.500 13.000 12.500 12.500 12.000 12.000 11.500 11.000 11.000 10.500 10.500 10.000 10.000 9.500 9.000 9.000 8.500 8.000 7.500 7.500 7.000 6.500 6.000 6.120 5.662 5.215 4.779 4.353
22.500 22.500 22.500 22.500 22.000 22.000 22.000 21.500 21.500 21.500 21.000 21.000 21.000 21.000 20.500 20.500 20.500 20.500 20.000 20.000 20.000 19.500 19.500 19.500 19.000 19.000 18.500 18.500 18.500 18.000 18.000 17.500 17.500 17.000 17.000 16.500 16.500 16.000 16.000 15.500 15.500 15.000 15.000 14.500 14.000 14.000 13.500 13.500 13.000 13.000 12.500 12.000 12.000 11.500 11.500 11.000 10.500 10.500 10.000 10.000 9.500 9.500 9.000 8.500 8.500 8.000 7.500 7.000 7.000 6.500 6.000 5.500 5.578 5.110 4.652 4.205 3.769
22.000 22.000 22.000 22.000 21.500 21.500 21.500 21.000 21.000 21.000 20.500 20.500 20.500 20.500 20.000 20.000 20.000 20.000 19.500 19.500 19.500 19.000 19.000 19.000 18.500 18.500 18.000 18.000 18.000 17.500 17.500 17.000 17.000 16.500 16.500 16.000 16.000 15.500 15.500 15.000 15.000 14.500 14.500 14.000 13.500 13.500 13.000 13.000 12.500 12.500 12.000 11.500 11.500 11.000 11.000 10.500 10.000 10.000 9.500 9.500 9.000 9.000 8.500 8.000 8.000 7.500 7.000 6.500 6.500 6.000 5.500 5.000 5.045 4.568 4.099 3.640 3.194
21.500 21.500 21.500 21.500 21.000 21.000 21.000 20.500 20.500 20.500 20.000 20.000 20.000 20.000 19.500 19.500 19.500 19.500 19.000 19.000 19.000 18.500 18.500 18.500 18.000 18.000 17.500 17.500 17.500 17.000 17.000 16.500 16.500 16.000 16.000 15.500 15.500 15.000 15.000 14.500 14.500 14.000 14.000 13.500 13.000 13.000 12.500 12.500 12.000 12.000 11.500 11.000 11.000 10.500 10.500 10.000 9.500 9.500 9.000 9.000 8.500 8.500 8.000 7.500 7.500 7.000 6.500 6.000 6.000 5.500 5.000 4.500 4.523 4.037 3.557 3.086 2.628
21.000 21.000 21.000 21.000 20.500 20.500 20.500 20.000 20.000 20.000 19.500 19.500 19.500 19.500 19.000 19.000 19.000 19.000 18.500 18.500 18.500 18.000 18.000 18.000 17.500 17.500 17.000 17.000 17.000 16.500 16.500 16.000 16.000 15.500 15.500 15.000 15.000 14.500 14.500 14.000 14.000 13.500 13.500 13.000 12.500 12.500 12.000 12.000 11.500 11.500 11.000 10.500 10.500 10.000 10.000 9.500 9.000 9.000 8.500 8.500 8.000 8.000 7.500 7.000 7.000 6.500 6.000 5.500 5.500 5.000 4.500 4.000 4.010 3.516 3.027 2.545 2.072
20.500 20.500 20.500 20.500 20.000 20.000 20.000 19.500 19.500 19.500 19.000 19.000 19.000 19.000 18.500 18.500 18.500 18.500 18.000 18.000 18.000 17.500 17.500 17.500 17.000 17.000 16.500 16.500 16.500 16.000 16.000 15.500 15.500 15.000 15.000 14.500 14.500 14.000 14.000 13.500 13.500 13.000 13.000 12.500 12.000 12.000 11.500 11.500 11.000 11.000 10.500 10.000 10.000 9.500 9.500 9.000 8.500 8.500 8.000 8.000 7.500 7.500 7.000 6.500 6.500 6.000 5.500 5.000 5.000 4.500 4.000 3.500 3.503 3.005 2.510 2.018 1.531
20.000 20.000 20.000 20.000 19.500 19.500 19.500 19.000 19.000 19.000 18.500 18.500 18.500 18.500 18.000 18.000 18.000 18.000 17.500 17.500 17.500 17.000 17.000 17.000 16.500 16.500 16.000 16.000 16.000 15.500 15.500 15.000 15.000 14.500 14.500 14.000 14.000 13.500 13.500 13.000 13.000 12.500 12.500 12.000 11.500 11.500 11.000 11.000 10.500 10.500 10.000 9.500 9.500 9.000 9.000 8.500 8.000 8.000 7.500 7.500 7.000 7.000 6.500 6.000 6.000 5.500 5.000 4.500 4.500 4.000 3.500 3.000 3.000 2.501 2.002 1.504 1.008
19.500 19.500 19.500 19.500 19.000 19.000 19.000 18.500 18.500 18.500 18.000 18.000 18.000 18.000 17.500 17.500 17.500 17.500 17.000 17.000 17.000 16.500 16.500 16.500 16.000 16.000 15.500 15.500 15.500 15.000 15.000 14.500 14.500 14.000 14.000 13.500 13.500 13.000 13.000 12.500 12.500 12.000 12.000 11.500 11.000 11.000 10.500 10.500 10.000 10.000 9.500 9.000 9.000 8.500 8.500 8.000 7.500 7.500 7.000 7.000 6.500 6.500 6.000 5.500 5.500 5.000 4.500 4.000 4.000 3.500 3.000 2.500 2.500 2.000 1.500 1.000 0.500
19.000 19.000 19.000 19.000 18.500 18.500 18.500 18.000 18.000 18.000 17.500 17.500 17.500 17.500 17.000 17.000 17.000 17.000 16.500 16.500 16.500 16.000 16.000 16.000 15.500 15.500 15.000 15.000 15.000 14.500 14.500 14.000 14.000 13.500 13.500 13.000 13.000 12.500 12.500 12.000 12.000 11.500 11.500 11.000 10.500 10.500 10.000 10.000 9.500 9.500 9.000 8.500 8.500 8.000 8.000 7.500 7.000 7.000 6.500 6.500 6.000 6.000 5.500 5.000 5.000 4.500 4.000 3.500 3.500 3.000 2.500 2.000 2.000 1.500 1.000 0.500 0.000
18.500 18.500 18.500 18.500 18.000 18.000 18.000 17.500 17.500 17.500 17.000 17.000 17.000 17.000 16.500 16.500 16.500 16.500 16.000 16.000 16.000 15.500 15.500 15.500 15.000 15.000 14.500 14.500 14.500 14.000 14.000 13.500 13.500 13.000 13.000 12.500 12.500 12.000 12.000 11.500 11.500 11.000 11.000 10.500 10.000 10.000 9.500 9.500 9.000 9.000 8.500 8.000 8.000 7.500 7.500 7.000 6.500 6.500 6.000 6.000 5.500 5.500 5.000 4.500 4.500 4.000 3.500 3.000 3.000 2.500 2.000 1.500 1.500 1.000 0.500 0.000 0.000
18.000 18.000 18.000 18.000 17.500 17.500 17.500 17.000 17.000 17.000 16.500 16.500 16.500 16.500 16.000 16.000 16.000 16.000 15.500 15.500 15.500 15.000 15.000 15.000 14.500 14.500 14.000 14.000 14.000 13.500 13.500 13.000 13.000 12.500 12.500 12.000 12.000 11.500 11.500 11.000 11.000 10.500 10.500 10.000 9.500 9.500 9.000 9.000 8.500 8.500 8.000 7.500 7.500 7.000 7.000 6.500 6.000 6.000 5.500 5.500 5.000 5.000 4.500 4.000 4.000 3.500 3.000 2.500 2.500 2.000 1.500 1.000 1.000 0.500 0.000 0.000 0.000
17.500 17.500 17.500 17.500 17.000 17.000 17.000 16.500 16.500 16.500 16.000 16.000 16.000 16.000 15.500 15.500 15.500 15.500 15.000 15.000 15.000 14.500 14.500 14.500 14.000 14.000 13.500 13.500 13.500 13.000 13.000 12.500 12.500 12.000 12.000 11.500 11.500 11.000 11.000 10.500 10.500 10.000 10.000 9.500 9.000 9.000 8.500 8.500 8.000 8.000 7.500 7.000 7.000 6.500 6.500 6.000 5.500 5.500 5.000 5.000 4.500 4.500 4.000 3.500 3.500 3.000 2.500 2.000 2.000 1.500 1.000 0.500 0.500 0.000 0.000 0.000 0.000
17.000 17.000 17.000 17.000 16.500 16.500 16.500 16.000 16.000 16.000 15.500 15.500 15.500 15.500 15.000 15.000 15.000 15.000 14.500 14.500 14.500 14.000 14.000 14.000 13.500 13.500 13.000 13.000 13.000 12.500 12.500 12.000 12.000 11.500 11.500 11.000 11.000 10.500 10.500 10.000 10.000 9.500 9.500 9.000 8.500 8.500 8.000 8.000 7.500 7.500 7.000 6.500 6.500 6.000 6.000 5.500 5.000 5.000 4.500 4.500 4.000 4.000 3.500 3.000 3.000 2.500 2.000 1.500 1.500 1.000 0.500 0.000 0.000 0.000 0.000 0.000 0.000
16.500 16.500 16.500 16.500 16.000 16.000 16.000 15.500 15.500 15.500 15.000 15.000 15.000 15.000 14.500 14.500 14.500 14.500 14.000 14.000 14.000 13.500 13.500 13.500 13.000 13.000 12.500 12.500 12.500 12.000 12.000 11.500 11.500 11.000 11.000 10.500 10.500 10.000 10.000 9.500 9.500 9.000 9.000 8.500 8.000 8.000 7.500 7.500 7.000 7.000 6.500 6.000 6.000 5.500 5.500 5.000 4.500 4.500 4.000 4.000 3.500 3.500 3.000 2.500 2.500 2.000 1.500 1.000 1.000 0.500 0.000 0.000 0.000 0.000 0.000 0.000 0.000
16.000 16.000 16.000 16.000 15.500 15.500 15.500 15.000 15.000 15.000 14.500 14.500 14.500 14.500 14.000 14.000 14.000 14.000 13.500 13.500 13.500 13.000 13.000 13.000 12.500 12.500 12.000 12.000 12.000 11.500 11.500 11.000 11.000 10.500 10.500 10.000 10.000 9.500 9.500 9.000 9.000 8.500 8.500 8.000 7.500 7.500 7.000 7.000 6.500 6.500 6.000 5.500 5.500 5.000 5.000 4.500 4.000 4.000 3.500 3.500 3.000 3.000 2.500 2.000 2.000 1.500 1.000 0.500 0.500 0.000 0.000 0.000 0.000 0.000 0.000 0.000 0.000
15.500 15.500 15.500 15.500 15.000 15.000 15.000 14.500 14.500 14.500 14.000 14.000 14.000 14.000 13.500 13.500 13.500 13.500 13.000 13.000 13.000 12.500 12.500 12.500 12.000 12.000 11.500 11.500 11.500 11.000 11.000 10.500 10.500 10.000 10.000 9.500 9.500 9.000 9.000 8.500 8.500 8.000 8.000 7.500 7.000 7.000 6.500 6.500 6.000 6.000 5.500 5.000 5.000 4.500 4.500 4.000 3.500 3.500 3.000 3.000 2.500 2.500 2.000 1.500 1.500 1.000 0.500 0.000 0.000 0.000 0.000 0.000 0.000 0.000 0.000 0.000 0.000
15.000 15.000 15.000 15.000 14.500 14.500 14.500 14.000 14.000 14.000 13.500 13.500 13.500 13.500 13.000 13.000 13.000 13.000 12.500 12.500 12.500 12.000 12.000 12.000 11.500 11.500 11.000 11.000 11.000 10.500 10.500 10.000 10.000 9.500 9.500 9.000 9.000 8.500 8.500 8.000 8.000 7.500 7.500 7.000 6.500 6.500 6.000 6.000 5.500 5.500 5.000 4.500 4.500 4.000 4.000 3.500 3.000 3.000 2.500 2.500 2.000 2.000 1.500 1.000 1.000 0.500 0.000 0.000 0.000 0.000 0.000 0.000 0.000 0.000 0.000 0.000 0.000
14.500 14.500 14.500 14.500 14.000 14.000 14.000 13.500 13.500 13.500 13.000 13.000 13.000 13.000 12.500 12.500 12.500 12.500 12.000 12.000 12.000 11.500 11.500 11.500 11.000 11.000 10.500 10.500 10.500 10.000 10.000 9.500 9.500 9.000 9.000 8.500 8.500 8.000 8.000 7.500 7.500 7.000 7.000 6.500 6.000 6.000 5.500 5.500 5.000 5.000 4.500 4.000 4.000 3.500 3.500 3.000 2.500 2.500 2.000 2.000 1.500 1.500 1.000 0.500 0.500 0.000 0.000 0.000 0.000 0.000 0.000 0.000 0.000 0.000 0.000 0.000 0.000
14.000 14.000 14.000 14.000 13.500 13.500 13.500 13.000 13.000 13.000 12.500 12.500 12.500 12.500 12.000 12.000 12.000 12.000 11.500 11.500 11.500 11.000 11.000 11.000 10.500 10.500 10.000 10.000 10.000 9.500 9.500 9.000 9.000 8.500 8.500 8.000 8.000 7.500 7.500 7.000 7.000 6.500 6.500 6.000 5.500 5.500 5.000 5.000 4.500 4.500 4.000 3.500 3.500 3.000 3.000 2.500 2.000 2.000 1.500 1.500 1.000 1.000 0.500 0.000 0.000 0.000 0.000 0.000 0.000 0.000 0.000 0.000 0.000 0.000 0.000 0.000 0.000
13.500 13.500 13.500 13.500 13.000 13.000 13.000 12.500 12.500 12.500 12.000 12.000 12.000 12.000 11.500 11.500 11.500 11.500 11.000 11.000 11.000 10.500 10.500 10.500 10.000 10.000 9.500 9.500 9.500 9.000 9.000 8.500 8.500 8.000 8.000 7.500 7.500 7.000 7.000 6.500 6.500 6.000 6.000 5.500 5.000 5.000 4.500 4.500 4.000 4.000 3.500 3.000 3.000 2.500 2.500 2.000 1.500 1.500 1.000 1.000 0.500 0.500 0.000 0.000 0.000 0.000 0.000 0.000 0.000 0.000 0.000 0.000 0.000 0.000 0.000 0.000 0.000
13.000 13.000 13.000 13.000 12.500 12.500 12.500 12.000 12.000 12.000 11.500 11.500 11.500 11.500 11.000 11.000 11.000 11.000 10.500 10.500 10.500 10.000 10.000 10.000 9.500 9.500 9.000 9.000 9.000 8.500 8.500 8.000 8.000 7.500 7.500 7.000 7.000 6.500 6.500 6.000 6.000 5.500 5.500 5.000 4.500 4.500 4.000 4.000 3.500 3.500 3.000 2.500 2.500 2.000 2.000 1.500 1.000 1.000 0.500 0.500 0.000 0.000 0.000 0.000 0.000 0.000 0.000 0.000 0.000 0.000 0.000 0.000 0.000 0.000 0.000 0.000 0.000
12.500 12.500 12.500 12.500 12.000 12.000 12.000 11.500 11.500 11.500 11.000 11.000 11.000 11.000 10.500 10.500 10.500 10.500 10.000 10.000 10.000 9.500 9.500 9.500 9.000 9.000 8.500 8.500 8.500 8.000 8.000 7.500 7.500 7.000 7.000 6.500 6.500 6.000 6.000 5.500 5.500 5.000 5.000 4.500 4.000 4.000 3.500 3.500 3.000 3.000 2.500 2.000 2.000 1.500 1.500 1.000 0.500 0.500 0.000 0.000 0.000 0.000 0.000 0.000 0.000 0.000 0.000 0.000 0.000 0.000 0.000 0.000 0.000 0.000 0.000 0.000 0.000
12.000 12.000 12.000 12.000 11.500 11.500 11.500 11.000 11.000 11.000 10.500 10.500 10.500 10.500 10.000 10.000 10.000 10.000 9.500 9.500 9.500 9.000 9.000 9.000 8.500 8.500 8.000 8.000 8.000 7.500 7.500 7.000 7.000 6.500 6.500 6.000 6.000 5.500 5.500 5.000 5.000 4.500 4.500 4.000 3.500 3.500 3.000 3.000 2.500 2.500 2.000 1.500 1.500 1.000 1.000 0.500 0.000 0.000 0.000 0.000 0.000 0.000 0.000 0.000 0.000 0.000 0.000 0.000 0.000 0.000 0.000 0.000 0.000 0.000 0.000 0.000 0.000
11.500 11.500 11.500 11.500 11.000 11.000 11.000 10.500 10.500 10.500 10.000 10.000 10.000 10.000 9.500 9.500 9.500 9.500 9.000 9.000 9.000 8.500 8.500 8.500 8.000 8.000 7.500 7.500 7.500 7.000 7.000 6.500 6.500 6.000 6.000 5.500 5.500 5.000 5.000 4.500 4.500 4.000 4.000 3.500 3.000 3.000 2.500 2.500 2.000 2.000 1.500 1.000 1.000 0.500 0.500 0.000 0.000 0.000 0.000 0.000 0.000 0.000 0.000 0.000 0.000 0.000 0.000 0.000 0.000 0.000 0.000 0.000 0.000 0.000 0.000 0.000 0.000
11.000 11.000 11.000 11.000 10.500 10.500 10.500 10.000 10.000 10.000 9.500 9.500 9.500 9.500 9.000 9.000 9.000 9.000 8.500 8.500 8.500 8.000 8.000 8.000 7.500 7.500 7.000 7.000 7.000 6.500 6.500 6.000 6.000 5.500 5.500 5.000 5.000 4.500 4.500 4.000 4.000 3.500 3.500 3.000 2.500 2.500 2.000 2.000 1.500 1.500 1.000 0.500 0.500 0.000 0.000 0.000 0.000 0.000 0.000 0.000 0.000 0.000 0.000 0.000 0.000 0.000 0.000 0.000 0.000 0.000 0.000 0.000 0.000 0.000 0.000 0.000 0.000
10.500 10.500 10.500 10.500 10.000 10.000 10.000 9.500 9.500 9.500 9.000 9.000 9.000 9.000 8.500 8.500 8.500 8.500 8.000 8.000 8.000 7.500 7.500 7.500 7.000 7.000 6.500 6.500 6.500 6.000 6.000 5.500 5.500 5.000 5.000 4.500 4.500 4.000 4.000 3.500 3.500 3.000 3.000 2.500 2.000 2.000 1.500 1.500 1.000 1.000 0.500 0.000 0.000 0.000 0.000 0.000 0.000 0.000 0.000 0.000 0.000 0.000 0.000 0.000 0.000 0.000 0.000 0.000 0.000 0.000 0.000 0.000 0.000 0.000 0.000 0.000 0.000
10.000 10.000 10.000 10.000 9.500 9.500 9.500 9.000 9.000 9.000 8.500 8.500 8.500 8.500 8.000 8.000 8.000 8.000 7.500 7.500 7.500 7.000 7.000 7.000 6.500 6.500 6.000 6.000 6.000 5.500 5.500 5.000 5.000 4.500 4.500 4.000 4.000 3.500 3.500 3.000 3.000 2.500 2.500 2.000 1.500 1.500 1.000 1.000 0.500 0.500 0.000 0.000 0.000 0.000 0.000 0.000 0.000 0.000 0.000 0.000 0.000 0.000 0.000 0.000 0.000 0.000 0.000 0.000 0.000 0.000 0.000 0.000 0.000 0.000 0.000 0.000 0.000
9.500 9.500 9.500 9.500 9.000 9.000 9.000 8.500 8.500 8.500 8.000 8.000 8.000 8.000 7.500 7.500 7.500 7.500 7.000 7.000 7.000 6.500 6.500 6.500 6.000 6.000 5.500 5.500 5.500 5.000 5.000 4.500 4.500 4.000 4.000 3.500 3.500 3.000 3.000 2.500 2.500 2.000 2.000 1.500 1.000 1.000 0.500 0.500 0.000 0.000 0.000 0.000 0.000 0.000 0.000 0.000 0.000 0.000 0.000 0.000 0.000 0.000 0.000 0.000 0.000 0.000 0.000 0.000 0.000 0.000 0.000 0.000 0.000 0.000 0.000 0.000 0.000
9.000 9.000 9.000 9.000 8.500 8.500 8.500 8.000 8.000 8.000 7.500 7.500 7.500 7.500 7.000 7.000 7.000 7.000 6.500 6.500 6.500 6.000 6.000 6.000 5.500 5.500 5.000 5.000 5.000 4.500 4.500 4.000 4.000 3.500 3.500 3.000 3.000 2.500 2.500 2.000 2.000 1.500 1.500 1.000 0.500 0.500 0.000 0.000 0.000 0.000 0.000 0.000 0.000 0.000 0.000 0.000 0.000 0.000 0.000 0.000 0.000 0.000 0.000 0.000 0.000 0.000 0.000 0.000 0.000 0.000 0.000 0.000 0.000 0.000 0.000 0.000 0.000
8.500 8.500 8.500 8.500 8.000 8.000 8.000 7.500 7.500 7.500 7.000 7.000 7.000 7.000 6.500 6.500 6.500 6.500 6.000 6.000 6.000 5.500 5.500 5.500 5.000 5.000 4.500 4.500 4.500 4.000 4.000 3.500 3.500 3.000 3.000 2.500 2.500 2.000 2.000 1.500 1.500 1.000 1.000 0.500 0.000 0.000 0.000 0.000 0.000 0.000 0.000 0.000 0.000 0.000 0.000 0.000 0.000 0.000 0.000 0.000 0.000 0.000 0.000 0.000 0.000 0.000 0.000 0.000 0.000 0.000 0.000 0.000 0.000 0.000 0.000 0.000 0.000
8.000 8.000 8.000 8.000 7.500 7.500 7.500 7.000 7.000 7.000 6.500 6.500 6.500 6.500 6.000 6.000 6.000 6.000 5.500 5.500 5.500 5.000 5.000 5.000 4.500 4.500 4.000 4.000 4.000 3.500 3.500 3.000 3.000 2.500 2.500 2.000 2.000 1.500 1.500 1.000 1.000 0.500 0.500 0.000 0.000 0.000 0.000 0.000 0.000 0.000 0.000 0.000 0.000 0.000 0.000 0.000 0.000 0.000 0.000 0.000 0.000 0.000 0.000 0.000 0.000 0.000 0.000 0.000 0.000 0.000 0.000 0.000 0.000 0.000 0.000 0.000 0.000
7.500 7.500 7.500 7.500 7.000 7.000 7.000 6.500 6.500 6.500 6.000 6.000 6.000 6.000 5.500 5.500 5.500 5.500 5.000 5.000 5.000 4.500 4.500 4.500 4.000 4.000 3.500 3.500 3.500 3.000 3.000 2.500 2.500 2.000 2.000 1.500 1.500 1.000 1.000 0.500 0.500 0.000 0.000 0.000 0.000 0.000 0.000 0.000 0.000 0.000 0.000 0.000 0.000 0.000 0.000 0.000 0.000 0.000 0.000 0.000 0.000 0.000 0.000 0.000 0.000 0.000 0.000 0.000 0.000 0.000 0.000 0.000 0.000 0.000 0.000 0.000 0.000
7.000 7.000 7.000 7.000 6.500 6.500 6.500 6.000 6.000 6.000 5.500 5.500 5.500 5.500 5.000 5.000 5.000 5.000 4.500 4.500 4.500 4.000 4.000 4.000 3.500 3.500 3.000 3.000 3.000 2.500 2.500 2.000 2.000 1.500 1.500 1.000 1.000 0.500 0.500 0.000 0.000 0.000 0.000 0.000 0.000 0.000 0.000 0.000 0.000 0.000 0.000 0.000 0.000 0.000 0.000 0.000 0.000 0.000 0.000 0.000 0.000 0.000 0.000 0.000 0.000 0.000 0.000 0.000 0.000 0.000 0.000 0.000 0.000 0.000 0.000 0.000 0.000
