includes/lisflood/results_R9_t1.553260310992E12/res-0000.wd
ncols         667
nrows         504
xllcorner     559149.587152
yllcorner     6977567.760122
cellsize      19.400300
NODATA_value  -9999.000000
[rows 0 to 33 of 504, columns 308 to 384 of 667]
77.000 76.500 76.000 76.000 75.500 75.500 75.000 75.000 74.500 74.500 74.000 74.000 74.000 73.500 73.500 73.000 73.000 72.500 72.000 72.000 71.500 71.500 71.000 71.000 70.500 70.500 70.000 70.000 69.500 69.500 69.000 68.500 68.500 68.000 67.500 67.500 67.000 67.000 66.500 66.500 66.000 65.500 65.000 65.000 65.000 64.500 64.500 64.000 63.500 63.500 63.000 62.500 62.500 62.000 61.500 61.500 61.000 60.500 60.500 60.000 59.500 59.000 59.000 58.500 58.000 57.500 57.000 57.000 56.500 56.500 56.500 56.000 56.000 55.500 55.000 55.000 54.500
76.500 76.000 75.500 75.500 75.000 75.000 74.500 74.500 74.000 74.000 73.500 73.500 73.500 73.000 73.000 72.500 72.500 72.000 71.500 71.500 71.000 71.000 70.500 70.500 70.000 70.000 69.500 69.500 69.000 69.000 68.500 68.000 68.000 67.500 67.000 67.000 66.500 66.500 66.000 66.000 65.500 65.000 64.500 64.500 64.500 64.000 64.000 63.500 63.000 63.000 62.500 62.000 62.000 61.500 61.000 61.000 60.500 60.000 60.000 59.500 59.000 58.500 58.500 58.000 57.500 57.000 56.500 56.500 56.000 56.000 56.000 55.500 55.500 55.000 54.500 54.500 54.000
76.000 75.500 75.000 75.000 74.500 74.500 74.000 74.000 73.500 73.500 73.000 73.000 73.000 72.500 72.500 72.000 72.000 71.500 71.000 71.000 70.500 70.500 70.000 70.000 69.500 69.500 69.000 69.000 68.500 68.500 68.000 67.500 67.500 67.000 66.500 66.500 66.000 66.000 65.500 65.500 65.000 64.500 64.000 64.000 64.000 63.500 63.500 63.000 62.500 62.500 62.000 61.500 61.500 61.000 60.500 60.500 60.000 59.500 59.500 59.000 58.500 58.000 58.000 57.500 57.000 56.500 56.000 56.000 55.500 55.500 55.500 55.000 55.000 54.500 54.000 54.000 53.500
75.500 75.000 74.500 74.500 74.000 74.000 73.500 73.500 73.000 73.000 72.500 72.500 72.500 72.000 72.000 71.500 71.500 71.000 70.500 70.500 70.000 70.000 69.500 69.500 69.000 69.000 68.500 68.500 68.000 68.000 67.500 67.000 67.000 66.500 66.000 66.000 65.500 65.500 65.000 65.000 64.500 64.000 63.500 63.500 63.500 63.000 63.000 62.500 62.000 62.000 61.500 61.000 61.000 60.500 60.000 60.000 59.500 59.000 59.000 58.500 58.000 57.500 57.500 57.000 56.500 56.000 55.500 55.500 55.000 55.000 55.000 54.500 54.500 54.000 53.500 53.500 53.000
75.000 74.500 74.000 74.000 73.500 73.500 73.000 73.000 72.500 72.500 72.000 72.000 72.000 71.500 71.500 71.000 71.000 70.500 70.000 70.000 69.500 69.500 69.000 69.000 68.500 68.500 68.000 68.000 67.500 67.500 67.000 66.500 66.500 66.000 65.500 65.500 65.000 65.000 64.500 64.500 64.000 63.500 63.000 63.000 63.000 62.500 62.500 62.000 61.500 61.500 61.000 60.500 60.500 60.000 59.500 59.500 59.000 58.500 58.500 58.000 57.500 57.000 57.000 56.500 56.000 55.500 55.000 55.000 54.500 54.500 54.500 54.000 54.000 53.500 53.000 53.000 52.500
74.500 74.000 73.500 73.500 73.000 73.000 72.500 72.500 72.000 72.000 71.500 71.500 71.500 71.000 71.000 70.500 70.500 70.000 69.500 69.500 69.000 69.000 68.500 68.500 68.000 68.000 67.500 67.500 67.000 67.000 66.500 66.000 66.000 65.500 65.000 65.000 64.500 64.500 64.000 64.000 63.500 63.000 62.500 62.500 62.500 62.000 62.000 61.500 61.000 61.000 60.500 60.000 60.000 59.500 59.000 59.000 58.500 58.000 58.000 57.500 57.000 56.500 56.500 56.000 55.500 55.000 54.500 54.500 54.000 54.000 54.000 53.500 53.500 53.000 52.500 52.500 52.000
74.000 73.500 73.000 73.000 72.500 72.500 72.000 72.000 71.500 71.500 71.000 71.000 71.000 70.500 70.500 70.000 70.000 69.500 69.000 69.000 68.500 68.500 68.000 68.000 67.500 67.500 67.000 67.000 66.500 66.500 66.000 65.500 65.500 65.000 64.500 64.500 64.000 64.000 63.500 63.500 63.000 62.500 62.000 62.000 62.000 61.500 61.500 61.000 60.500 60.500 60.000 59.500 59.500 59.000 58.500 58.500 58.000 57.500 57.500 57.000 56.500 56.000 56.000 55.500 55.000 54.500 54.000 54.000 53.500 53.500 53.500 53.000 53.000 52.500 52.000 52.000 51.500
73.500 73.000 72.500 72.500 72.000 72.000 71.500 71.500 71.000 71.000 70.500 70.500 70.500 70.000 70.000 69.500 69.500 69.000 68.500 68.500 68.000 68.000 67.500 67.500 67.000 67.000 66.500 66.500 66.000 66.000 65.500 65.000 65.000 64.500 64.000 64.000 63.500 63.500 63.000 63.000 62.500 62.000 61.500 61.500 61.500 61.000 61.000 60.500 60.000 60.000 59.500 59.000 59.000 58.500 58.000 58.000 57.500 57.000 57.000 56.500 56.000 55.500 55.500 55.000 54.500 54.000 53.500 53.500 53.000 53.000 53.000 52.500 52.500 52.000 51.500 51.500 51.000
73.000 72.500 72.000 72.000 71.500 71.500 71.000 71.000 70.500 70.500 70.000 70.000 70.000 69.500 69.500 69.000 69.000 68.500 68.000 68.000 67.500 67.500 67.000 67.000 66.500 66.500 66.000 66.000 65.500 65.500 65.000 64.500 64.500 64.000 63.500 63.500 63.000 63.000 62.500 62.500 62.000 61.500 61.000 61.000 61.000 60.500 60.500 60.000 59.500 59.500 59.000 58.500 58.500 58.000 57.500 57.500 57.000 56.500 56.500 56.000 55.500 55.000 55.000 54.500 54.000 53.500 53.000 53.000 52.500 52.500 52.500 52.000 52.000 51.500 51.000 51.000 50.500
72.500 72.000 71.500 71.500 71.000 71.000 70.500 70.500 70.000 70.000 69.500 69.500 69.500 69.000 69.000 68.500 68.500 68.000 67.500 67.500 67.000 67.000 66.500 66.500 66.000 66.000 65.500 65.500 65.000 65.000 64.500 64.000 64.000 63.500 63.000 63.000 62.500 62.500 62.000 62.000 61.500 61.000 60.500 60.500 60.500 60.000 60.000 59.500 59.000 59.000 58.500 58.000 58.000 57.500 57.000 57.000 56.500 56.000 56.000 55.500 55.000 54.500 54.500 54.000 53.500 53.000 52.500 52.500 52.000 52.000 52.000 51.500 51.500 51.000 50.500 50.500 50.000
72.000 71.500 71.000 71.000 70.500 70.500 70.000 70.000 69.500 69.500 69.000 69.000 69.000 68.500 68.500 68.000 68.000 67.500 67.000 67.000 66.500 66.500 66.000 66.000 65.500 65.500 65.000 65.000 64.500 64.500 64.000 63.500 63.500 63.000 62.500 62.500 62.000 62.000 61.500 61.500 61.000 60.500 60.000 60.000 60.000 59.500 59.500 59.000 58.500 58.500 58.000 57.500 57.500 57.000 56.500 56.500 56.000 55.500 55.500 55.000 54.500 54.000 54.000 53.500 53.000 52.500 52.000 52.000 51.500 51.500 51.500 51.000 51.000 50.500 50.000 50.000 49.500
71.500 71.000 70.500 70.500 70.000 70.000 69.500 69.500 69.000 69.000 68.500 68.500 68.500 68.000 68.000 67.500 67.500 67.000 66.500 66.500 66.000 66.000 65.500 65.500 65.000 65.000 64.500 64.500 64.000 64.000 63.500 63.000 63.000 62.500 62.000 62.000 61.500 61.500 61.000 61.000 60.500 60.000 59.500 59.500 59.500 59.000 59.000 58.500 58.000 58.000 57.500 57.000 57.000 56.500 56.000 56.000 55.500 55.000 55.000 54.500 54.000 53.500 53.500 53.000 52.500 52.000 51.500 51.500 51.000 51.000 51.000 50.500 50.500 50.000 49.500 49.500 49.000
71.000 70.500 70.000 70.000 69.500 69.500 69.000 69.000 68.500 68.500 68.000 68.000 68.000 67.500 67.500 67.000 67.000 66.500 66.000 66.000 65.500 65.500 65.000 65.000 64.500 64.500 64.000 64.000 63.500 63.500 63.000 62.500 62.500 62.000 61.500 61.500 61.000 61.000 60.500 60.500 60.000 59.500 59.000 59.000 59.000 58.500 58.500 58.000 57.500 57.500 57.000 56.500 56.500 56.000 55.500 55.500 55.000 54.500 54.500 54.000 53.500 53.000 53.000 52.500 52.000 51.500 51.000 51.000 50.500 50.500 50.500 50.000 50.000 49.500 49.000 49.000 48.500
70.500 70.000 69.500 69.500 69.000 69.000 68.500 68.500 68.000 68.000 67.500 67.500 67.500 67.000 67.000 66.500 66.500 66.000 65.500 65.500 65.000 65.000 64.500 64.500 64.000 64.000 63.500 63.500 63.000 63.000 62.500 62.000 62.000 61.500 61.000 61.000 60.500 60.500 60.000 60.000 59.500 59.000 58.500 58.500 58.500 58.000 58.000 57.500 57.000 57.000 56.500 56.000 56.000 55.500 55.000 55.000 54.500 54.000 54.000 53.500 53.000 52.500 52.500 52.000 51.500 51.000 50.500 50.500 50.000 50.000 50.000 49.500 49.500 49.000 48.500 48.500 48.000
70.000 69.500 69.000 69.000 68.500 68.500 68.000 68.000 67.500 67.500 67.000 67.000 67.000 66.500 66.500 66.000 66.000 65.500 65.000 65.000 64.500 64.500 64.000 64.000 63.500 63.500 63.000 63.000 62.500 62.500 62.000 61.500 61.500 61.000 60.500 60.500 60.000 60.000 59.500 59.500 59.000 58.500 58.000 58.000 58.000 57.500 57.500 57.000 56.500 56.500 56.000 55.500 55.500 55.000 54.500 54.500 54.000 53.500 53.500 53.000 52.500 52.000 52.000 51.500 51.000 50.500 50.000 50.000 49.500 49.500 49.500 49.000 49.000 48.500 48.000 48.000 47.500
69.500 69.000 68.500 68.500 68.000 68.000 67.500 67.500 67.000 67.000 66.500 66.500 66.500 66.000 66.000 65.500 65.500 65.000 64.500 64.500 64.000 64.000 63.500 63.500 63.000 63.000 62.500 62.500 62.000 62.000 61.500 61.000 61.000 60.500 60.000 60.000 59.500 59.500 59.000 59.000 58.500 58.000 57.500 57.500 57.500 57.000 57.000 56.500 56.000 56.000 55.500 55.000 55.000 54.500 54.000 54.000 53.500 53.000 53.000 52.500 52.000 51.500 51.500 51.000 50.500 50.000 49.500 49.500 49.000 49.000 49.000 48.500 48.500 48.000 47.500 47.500 47.000
69.000 68.500 68.000 68.000 67.500 67.500 67.000 67.000 66.500 66.500 66.000 66.000 66.000 65.500 65.500 65.000 65.000 64.500 64.000 64.000 63.500 63.500 63.000 63.000 62.500 62.500 62.000 62.000 61.500 61.500 61.000 60.500 60.500 60.000 59.500 59.500 59.000 59.000 58.500 58.500 58.000 57.500 57.000 57.000 57.000 56.500 56.500 56.000 55.500 55.500 55.000 54.500 54.500 54.000 53.500 53.500 53.000 52.500 52.500 52.000 51.500 51.000 51.000 50.500 50.000 49.500 49.000 49.000 48.500 48.500 48.500 48.000 48.000 47.500 47.000 47.000 46.500
68.500 68.000 67.500 67.500 67.000 67.000 66.500 66.500 66.000 66.000 65.500 65.500 65.500 65.000 65.000 64.500 64.500 64.000 63.500 63.500 63.000 63.000 62.500 62.500 62.000 62.000 61.500 61.500 61.000 61.000 60.500 60.000 60.000 59.500 59.000 59.000 58.500 58.500 58.000 58.000 57.500 57.000 56.500 56.500 56.500 56.000 56.000 55.500 55.000 55.000 54.500 54.000 54.000 53.500 53.000 53.000 52.500 52.000 52.000 51.500 51.000 50.500 50.500 50.000 49.500 49.000 48.500 48.500 48.000 48.000 48.000 47.500 47.500 47.000 46.500 46.500 46.000
68.000 67.500 67.000 67.000 66.500 66.500 66.000 66.000 65.500 65.500 65.000 65.000 65.000 64.500 64.500 64.000 64.000 63.500 63.000 63.000 62.500 62.500 62.000 62.000 61.500 61.500 61.000 61.000 60.500 60.500 60.000 59.500 59.500 59.000 58.500 58.500 58.000 58.000 57.500 57.500 57.000 56.500 56.000 56.000 56.000 55.500 55.500 55.000 54.500 54.500 54.000 53.500 53.500 53.000 52.500 52.500 52.000 51.500 51.500 51.000 50.500 50.000 50.000 49.500 49.000 48.500 48.000 48.000 47.500 47.500 47.500 47.000 47.000 46.500 46.000 46.000 45.500
67.500 67.000 66.500 66.500 66.000 66.000 65.500 65.500 65.000 65.000 64.500 64.500 64.500 64.000 64.000 63.500 63.500 63.000 62.500 62.500 62.000 62.000 61.500 61.500 61.000 61.000 60.500 60.500 60.000 60.000 59.500 59.000 59.000 58.500 58.000 58.000 57.500 57.500 57.000 57.000 56.500 56.000 55.500 55.500 55.500 55.000 55.000 54.500 54.000 54.000 53.500 53.000 53.000 52.500 52.000 52.000 51.500 51.000 51.000 50.500 50.000 49.500 49.500 49.000 48.500 48.000 47.500 47.500 47.000 47.000 47.000 46.500 46.500 46.000 45.500 45.500 45.000
67.000 66.500 66.000 66.000 65.500 65.500 65.000 65.000 64.500 64.500 64.000 64.000 64.000 63.500 63.500 63.000 63.000 62.500 62.000 62.000 61.500 61.500 61.000 61.000 60.500 60.500 60.000 60.000 59.500 59.500 59.000 58.500 58.500 58.000 57.500 57.500 57.000 57.000 56.500 56.500 56.000 55.500 55.000 55.000 55.000 54.500 54.500 54.000 53.500 53.500 53.000 52.500 52.500 52.000 51.500 51.500 51.000 50.500 50.500 50.000 49.500 49.000 49.000 48.500 48.000 47.500 47.000 47.000 46.500 46.500 46.500 46.000 46.000 45.500 45.000 45.000 44.500
66.500 66.000 65.500 65.500 65.000 65.000 64.500 64.500 64.000 64.000 63.500 63.500 63.500 63.000 63.000 62.500 62.500 62.000 61.500 61.500 61.000 61.000 60.500 60.500 60.000 60.000 59.500 59.500 59.000 59.000 58.500 58.000 58.000 57.500 57.000 57.000 56.500 56.500 56.000 56.000 55.500 55.000 54.500 54.500 54.500 54.000 54.000 53.500 53.000 53.000 52.500 52.000 52.000 51.500 51.000 51.000 50.500 50.000 50.000 49.500 49.000 48.500 48.500 48.000 47.500 47.000 46.500 46.500 46.000 46.000 46.000 45.500 45.500 45.000 44.500 44.500 44.000
66.000 65.500 65.000 65.000 64.500 64.500 64.000 64.000 63.500 63.500 63.000 63.000 63.000 62.500 62.500 62.000 62.000 61.500 61.000 61.000 60.500 60.500 60.000 60.000 59.500 59.500 59.000 59.000 58.500 58.500 58.000 57.500 57.500 57.000 56.500 56.500 56.000 56.000 55.500 55.500 55.000 54.500 54.000 54.000 54.000 53.500 53.500 53.000 52.500 52.500 52.000 51.500 51.500 51.000 50.500 50.500 50.000 49.500 49.500 49.000 48.500 48.000 48.000 47.500 47.000 46.500 46.000 46.000 45.500 45.500 45.500 45.000 45.000 44.500 44.000 44.000 43.500
65.500 65.000 64.500 64.500 64.000 64.000 63.500 63.500 63.000 63.000 62.500 62.500 62.500 62.000 62.000 61.500 61.500 61.000 60.500 60.500 60.000 60.000 59.500 59.500 59.000 59.000 58.500 58.500 58.000 58.000 57.500 57.000 57.000 56.500 56.000 56.000 55.500 55.500 55.000 55.000 54.500 54.000 53.500 53.500 53.500 53.000 53.000 52.500 52.000 52.000 51.500 51.000 51.000 50.500 50.000 50.000 49.500 49.000 49.000 48.500 48.000 47.500 47.500 47.000 46.500 46.000 45.500 45.500 45.000 45.000 45.000 44.500 44.500 44.000 43.500 43.500 43.000
65.000 64.500 64.000 64.000 63.500 63.500 63.000 63.000 62.500 62.500 62.000 62.000 62.000 61.500 61.500 61.000 61.000 60.500 60.000 60.000 59.500 59.500 59.000 59.000 58.500 58.500 58.000 58.000 57.500 57.500 57.000 56.500 56.500 56.000 55.500 55.500 55.000 55.000 54.500 54.500 54.000 53.500 53.000 53.000 53.000 52.500 52.500 52.000 51.500 51.500 51.000 50.500 50.500 50.000 49.500 49.500 49.000 48.500 48.500 48.000 47.500 47.000 47.000 46.500 46.000 45.500 45.000 45.000 44.500 44.500 44.500 44.000 44.000 43.500 43.000 43.000 42.500
64.500 64.000 63.500 63.500 63.000 63.000 62.500 62.500 62.000 62.000 61.500 61.500 61.500 61.000 61.000 60.500 60.500 60.000 59.500 59.500 59.000 59.000 58.500 58.500 58.000 58.000 57.500 57.500 57.000 57.000 56.500 56.000 56.000 55.500 55.000 55.000 54.500 54.500 54.000 54.000 53.500 53.000 52.500 52.500 52.500 52.000 52.000 51.500 51.000 51.000 50.500 50.000 50.000 49.500 49.000 49.000 48.500 48.000 48.000 47.500 47.000 46.500 46.500 46.000 45.500 45.000 44.500 44.500 44.000 44.000 44.000 43.500 43.500 43.000 42.500 42.500 42.000
64.000 63.500 63.000 63.000 62.500 62.500 62.000 62.000 61.500 61.500 61.000 61.000 61.000 60.500 60.500 60.000 60.000 59.500 59.000 59.000 58.500 58.500 58.000 58.000 57.500 57.500 57.000 57.000 56.500 56.500 56.000 55.500 55.500 55.000 54.500 54.500 54.000 54.000 53.500 53.500 53.000 52.500 52.000 52.000 52.000 51.500 51.500 51.000 50.500 50.500 50.000 49.500 49.500 49.000 48.500 48.500 48.000 47.500 47.500 47.000 46.500 46.000 46.000 45.500 45.000 44.500 44.000 44.000 43.500 43.500 43.500 43.000 43.000 42.500 42.000 42.000 41.500
63.500 63.000 62.500 62.500 62.000 62.000 61.500 61.500 61.000 61.000 60.500 60.500 60.500 60.000 60.000 59.500 59.500 59.000 58.500 58.500 58.000 58.000 57.500 57.500 57.000 57.000 56.500 56.500 56.000 56.000 55.500 55.000 55.000 54.500 54.000 54.000 53.500 53.500 53.000 53.000 52.500 52.000 51.500 51.500 51.500 51.000 51.000 50.500 50.000 50.000 49.500 49.000 49.000 48.500 48.000 48.000 47.500 47.000 47.000 46.500 46.000 45.500 45.500 45.000 44.500 44.000 43.500 43.500 43.000 43.000 43.000 42.500 42.500 42.000 41.500 41.500 41.000
63.000 62.500 62.000 62.000 61.500 61.500 61.000 61.000 60.500 60.500 60.000 60.000 60.000 59.500 59.500 59.000 59.000 58.500 58.000 58.000 57.500 57.500 57.000 57.000 56.500 56.500 56.000 56.000 55.500 55.500 55.000 54.500 54.500 54.000 53.500 53.500 53.000 53.000 52.500 52.500 52.000 51.500 51.000 51.000 51.000 50.500 50.500 50.000 49.500 49.500 49.000 48.500 48.500 48.000 47.500 47.500 47.000 46.500 46.500 46.000 45.500 45.000 45.000 44.500 44.000 43.500 43.000 43.000 42.500 42.500 42.500 42.000 42.000 41.500 41.000 41.000 40.500
62.500 62.000 61.500 61.500 61.000 61.000 60.500 60.500 60.000 60.000 59.500 59.500 59.500 59.000 59.000 58.500 58.500 58.000 57.500 57.500 57.000 57.000 56.500 56.500 56.000 56.000 55.500 55.500 55.000 55.000 54.500 54.000 54.000 53.500 53.000 53.000 52.500 52.500 52.000 52.000 51.500 51.000 50.500 50.500 50.500 50.000 50.000 49.500 49.000 49.000 48.500 48.000 48.000 47.500 47.000 47.000 46.500 46.000 46.000 45.500 45.000 44.500 44.500 44.000 43.500 43.000 42.500 42.500 42.000 42.000 42.000 41.500 41.500 41.000 40.500 40.500 40.000
62.000 61.500 61.000 61.000 60.500 60.500 60.000 60.000 59.500 59.500 59.000 59.000 59.000 58.500 58.500 58.000 58.000 57.500 57.000 57.000 56.500 56.500 56.000 56.000 55.500 55.500 55.000 55.000 54.500 54.500 54.000 53.500 53.500 53.000 52.500 52.500 52.000 52.000 51.500 51.500 51.000 50.500 50.000 50.000 50.000 49.500 49.500 49.000 48.500 48.500 48.000 47.500 47.500 47.000 46.500 46.500 46.000 45.500 45.500 45.000 44.500 44.000 44.000 43.500 43.000 42.500 42.000 42.000 41.500 41.500 41.500 41.000 41.000 40.500 40.000 40.000 39.500
61.500 61.000 60.500 60.500 60.000 60.000 59.500 59.500 59.000 59.000 58.500 58.500 58.500 58.000 58.000 57.500 57.500 57.000 56.500 56.500 56.000 56.000 55.500 55.500 55.000 55.000 54.500 54.500 54.000 54.000 53.500 53.000 53.000 52.500 52.000 52.000 51.500 51.500 51.000 51.000 50.500 50.000 49.500 49.500 49.500 49.000 49.000 48.500 48.000 48.000 47.500 47.000 47.000 46.500 46.000 46.000 45.500 45.000 45.000 44.500 44.000 43.500 43.500 43.000 42.500 42.000 41.500 41.500 41.000 41.000 41.000 40.500 40.500 40.000 39.500 39.500 39.000
61.000 60.500 60.000 60.000 59.500 59.500 59.000 59.000 58.500 58.500 58.000 58.000 58.000 57.500 57.500 57.000 57.000 56.500 56.000 56.000 55.500 55.500 55.000 55.000 54.500 54.500 54.000 54.000 53.500 53.500 53.000 52.500 52.500 52.000 51.500 51.500 51.000 51.000 50.500 50.500 50.000 49.500 49.000 49.000 49.000 48.500 48.500 48.000 47.500 47.500 47.000 46.500 46.500 46.000 45.500 45.500 45.000 44.500 44.500 44.000 43.500 43.000 43.000 42.500 42.000 41.500 41.000 41.000 40.500 40.500 40.500 40.000 40.000 39.500 39.000 39.000 38.500
60.500 60.000 59.500 59.500 59.000 59.000 58.500 58.500 58.000 58.000 57.500 57.500 57.500 57.000 57.000 56.500 56.500 56.000 55.500 55.500 55.000 55.000 54.500 54.500 54.000 54.000 53.500 53.500 53.000 53.000 52.500 52.000 52.000 51.500 51.000 51.000 50.500 50.500 50.000 50.000 49.500 49.000 48.500 48.500 48.500 48.000 48.000 47.500 47.000 47.000 46.500 46.000 46.000 45.500 45.000 45.000 44.500 44.000 44.000 43.500 43.000 42.500 42.500 42.000 41.500 41.000 40.500 40.500 40.000 40.000 40.000 39.500 39.500 39.000 38.500 38.500 38.000
