includes/lisflood/results_R9_t1.553260310992E12/res.dem
ncols         667
nrows         504
xllcorner     559149.587152
yllcorner     6977567.760122
cellsize      19.400300
NODATA_value  -9999.000000
[rows 192 to 223 of 504, columns 288 to 359 of 667]
30.000 30.000 26.000 25.000 25.000 26.000 28.000 30.000 30.000 30.000 30.000 32.000 34.000 35.000 36.000 38.000 39.000 40.000 42.000 43.000 45.000 46.000 47.000 48.000 49.000 50.000 51.000 54.000 55.000 57.000 58.000 59.000 61.000 63.000 64.000 65.000 66.000 67.000 68.000 69.000 71.000 73.000 74.000 74.000 75.000 75.000 75.000 75.000 75.000 75.000 75.000 75.000 76.000 76.000 76.000 77.000 77.000 78.000 78.000 79.000 79.000 80.000 80.000 80.000 80.000 80.000 80.000 80.000 79.000 79.000 79.000 79.000
31.000 30.000 27.000 26.000 27.000 30.000 30.000 30.000 31.000 31.000 32.000 34.000 35.000 37.000 38.000 39.000 41.000 42.000 44.000 45.000 46.000 48.000 49.000 50.000 51.000 52.000 53.000 54.000 56.000 57.000 58.000 59.000 61.000 63.000 64.000 65.000 66.000 67.000 68.000 69.000 70.000 72.000 73.000 74.000 75.000 75.000 75.000 75.000 75.000 75.000 76.000 76.000 76.000 77.000 77.000 78.000 78.000 78.000 78.000 79.000 80.000 80.000 81.000 80.000 80.000 80.000 80.000 80.000 80.000 79.000 79.000 79.000
31.000 30.000 28.000 27.000 31.000 31.000 32.000 32.000 33.000 33.000 35.000 35.000 35.000 38.000 40.000 41.000 43.000 44.000 46.000 47.000 48.000 49.000 50.000 51.000 52.000 53.000 54.000 55.000 56.000 57.000 59.000 60.000 61.000 62.000 64.000 65.000 66.000 67.000 68.000 69.000 69.000 71.000 72.000 74.000 74.000 75.000 75.000 75.000 75.000 75.000 76.000 76.000 77.000 77.000 78.000 78.000 79.000 79.000 79.000 79.000 80.000 80.000 81.000 81.000 81.000 81.000 80.000 80.000 80.000 80.000 79.000 79.000
32.000 30.000 28.000 30.000 32.000 33.000 34.000 34.000 34.000 35.000 35.000 36.000 38.000 39.000 41.000 43.000 45.000 46.000 47.000 49.000 50.000 51.000 52.000 53.000 54.000 54.000 55.000 56.000 56.000 58.000 59.000 60.000 61.000 62.000 64.000 65.000 66.000 67.000 68.000 68.000 69.000 70.000 71.000 73.000 74.000 75.000 75.000 75.000 75.000 76.000 76.000 77.000 77.000 78.000 78.000 79.000 79.000 79.000 79.000 79.000 80.000 80.000 81.000 81.000 81.000 81.000 81.000 80.000 80.000 80.000 79.000 79.000
31.000 31.000 30.000 32.000 34.000 36.000 36.000 37.000 37.000 37.000 38.000 38.000 40.000 40.000 43.000 45.000 47.000 48.000 49.000 51.000 52.000 53.000 53.000 54.000 55.000 56.000 56.000 57.000 57.000 58.000 59.000 61.000 62.000 62.000 64.000 65.000 66.000 67.000 68.000 68.000 69.000 70.000 70.000 72.000 74.000 74.000 75.000 75.000 75.000 76.000 76.000 77.000 78.000 78.000 79.000 79.000 79.000 79.000 79.000 80.000 80.000 81.000 81.000 81.000 81.000 81.000 81.000 81.000 80.000 80.000 80.000 79.000
34.000 33.000 32.000 32.000 35.000 38.000 39.000 40.000 40.000 40.000 41.000 42.000 43.000 44.000 44.000 47.000 49.000 50.000 51.000 52.000 53.000 54.000 55.000 56.000 56.000 57.000 57.000 58.000 58.000 59.000 60.000 61.000 62.000 63.000 64.000 65.000 65.000 67.000 68.000 68.000 69.000 70.000 70.000 71.000 73.000 74.000 75.000 75.000 75.000 76.000 77.000 77.000 78.000 79.000 79.000 79.000 80.000 79.000 79.000 80.000 80.000 80.000 81.000 81.000 81.000 81.000 81.000 80.000 80.000 80.000 80.000 79.000
35.000 33.000 33.000 34.000 37.000 40.000 42.000 43.000 43.000 44.000 44.000 45.000 46.000 47.000 48.000 48.000 51.000 52.000 54.000 54.000 55.000 56.000 56.000 57.000 58.000 58.000 59.000 59.000 60.000 60.000 60.000 61.000 62.000 63.000 64.000 65.000 65.000 66.000 68.000 68.000 69.000 70.000 70.000 71.000 72.000 73.000 74.000 75.000 76.000 76.000 77.000 78.000 78.000 79.000 79.000 79.000 79.000 79.000 79.000 79.000 80.000 80.000 81.000 81.000 81.000 81.000 81.000 80.000 80.000 80.000 80.000 79.000
37.000 34.000 33.000 35.000 38.000 42.000 44.000 46.000 47.000 47.000 47.000 48.000 49.000 50.000 51.000 52.000 53.000 54.000 55.000 56.000 57.000 57.000 58.000 58.000 59.000 60.000 60.000 61.000 61.000 61.000 61.000 62.000 63.000 64.000 65.000 65.000 66.000 67.000 68.000 69.000 69.000 70.000 70.000 71.000 71.000 73.000 74.000 75.000 76.000 77.000 77.000 78.000 79.000 79.000 80.000 80.000 79.000 79.000 79.000 79.000 80.000 80.000 80.000 81.000 81.000 81.000 81.000 80.000 81.000 80.000 80.000 80.000
38.000 36.000 35.000 36.000 38.000 43.000 46.000 48.000 49.000 50.000 50.000 51.000 52.000 53.000 55.000 55.000 55.000 56.000 57.000 58.000 58.000 59.000 59.000 60.000 60.000 61.000 61.000 62.000 62.000 63.000 63.000 63.000 64.000 65.000 66.000 66.000 67.000 67.000 68.000 69.000 70.000 70.000 71.000 71.000 72.000 72.000 74.000 75.000 76.000 77.000 78.000 78.000 79.000 79.000 80.000 80.000 80.000 79.000 79.000 79.000 79.000 80.000 80.000 80.000 80.000 80.000 80.000 80.000 81.000 80.000 80.000 80.000
39.000 37.000 36.000 36.000 38.000 42.000 47.000 50.000 52.000 52.000 54.000 55.000 56.000 57.000 57.000 58.000 57.000 57.000 58.000 59.000 59.000 60.000 61.000 61.000 62.000 62.000 63.000 63.000 63.000 64.000 64.000 64.000 64.000 65.000 66.000 67.000 67.000 68.000 68.000 69.000 70.000 71.000 71.000 72.000 72.000 73.000 73.000 75.000 76.000 77.000 78.000 79.000 79.000 79.000 80.000 80.000 80.000 79.000 79.000 79.000 79.000 79.000 80.000 80.000 80.000 80.000 80.000 80.000 80.000 80.000 80.000 79.000
43.000 39.000 37.000 35.000 38.000 40.000 46.000 51.000 54.000 56.000 57.000 58.000 58.000 59.000 59.000 59.000 59.000 58.000 59.000 60.000 60.000 61.000 62.000 62.000 63.000 63.000 64.000 64.000 64.000 65.000 65.000 65.000 65.000 66.000 67.000 68.000 68.000 68.000 69.000 69.000 70.000 71.000 71.000 72.000 72.000 73.000 74.000 75.000 76.000 77.000 78.000 79.000 79.000 79.000 80.000 80.000 80.000 79.000 79.000 78.000 79.000 79.000 79.000 79.000 80.000 80.000 80.000 80.000 80.000 80.000 80.000 79.000
46.000 41.000 39.000 38.000 35.000 40.000 43.000 50.000 55.000 57.000 58.000 59.000 60.000 60.000 60.000 60.000 60.000 60.000 60.000 61.000 61.000 62.000 63.000 63.000 64.000 64.000 64.000 65.000 65.000 66.000 66.000 66.000 66.000 66.000 67.000 68.000 69.000 69.000 69.000 70.000 70.000 71.000 72.000 72.000 73.000 74.000 74.000 75.000 76.000 77.000 78.000 79.000 79.000 79.000 80.000 80.000 80.000 79.000 79.000 78.000 78.000 79.000 79.000 79.000 79.000 79.000 79.000 79.000 80.000 80.000 80.000 79.000
48.000 45.000 42.000 40.000 39.000 38.000 42.000 47.000 53.000 57.000 59.000 60.000 61.000 61.000 61.000 61.000 61.000 61.000 61.000 62.000 62.000 63.000 63.000 64.000 64.000 65.000 65.000 66.000 66.000 66.000 67.000 67.000 67.000 67.000 67.000 68.000 69.000 69.000 70.000 70.000 71.000 71.000 72.000 73.000 73.000 74.000 74.000 75.000 76.000 77.000 78.000 79.000 79.000 79.000 80.000 80.000 80.000 79.000 79.000 78.000 78.000 78.000 78.000 79.000 79.000 79.000 79.000 79.000 79.000 79.000 79.000 79.000
52.000 49.000 44.000 43.000 41.000 41.000 41.000 45.000 51.000 56.000 59.000 61.000 61.000 62.000 62.000 62.000 62.000 62.000 62.000 63.000 63.000 63.000 64.000 64.000 65.000 65.000 66.000 66.000 67.000 67.000 67.000 68.000 68.000 68.000 68.000 68.000 69.000 70.000 70.000 70.000 71.000 72.000 72.000 73.000 73.000 74.000 75.000 75.000 76.000 77.000 78.000 78.000 79.000 79.000 79.000 79.000 79.000 79.000 79.000 79.000 78.000 78.000 78.000 78.000 78.000 78.000 78.000 78.000 79.000 79.000 79.000 79.000
54.000 52.000 49.000 46.000 44.000 42.000 39.000 43.000 48.000 54.000 59.000 61.000 62.000 62.000 63.000 63.000 63.000 63.000 63.000 63.000 64.000 64.000 65.000 65.000 66.000 66.000 67.000 67.000 67.000 68.000 68.000 68.000 68.000 68.000 69.000 69.000 70.000 70.000 70.000 71.000 72.000 72.000 73.000 73.000 74.000 74.000 75.000 75.000 76.000 76.000 77.000 78.000 79.000 79.000 79.000 79.000 79.000 79.000 79.000 78.000 78.000 78.000 78.000 78.000 78.000 78.000 78.000 78.000 78.000 78.000 78.000 79.000
56.000 54.000 51.000 48.000 47.000 44.000 43.000 44.000 46.000 52.000 58.000 60.000 62.000 63.000 63.000 64.000 64.000 64.000 64.000 64.000 65.000 65.000 65.000 66.000 66.000 67.000 67.000 68.000 68.000 68.000 69.000 69.000 69.000 69.000 69.000 69.000 70.000 71.000 71.000 72.000 72.000 73.000 73.000 74.000 74.000 74.000 75.000 75.000 76.000 76.000 77.000 77.000 78.000 79.000 79.000 79.000 79.000 78.000 78.000 78.000 78.000 78.000 78.000 77.000 77.000 77.000 77.000 77.000 77.000 77.000 77.000 78.000
58.000 56.000 54.000 52.000 49.000 46.000 44.000 41.000 46.000 50.000 56.000 60.000 62.000 64.000 64.000 65.000 65.000 65.000 65.000 65.000 65.000 66.000 66.000 66.000 67.000 67.000 68.000 68.000 68.000 69.000 69.000 69.000 70.000 70.000 70.000 70.000 70.000 71.000 72.000 72.000 73.000 73.000 74.000 74.000 74.000 74.000 75.000 75.000 76.000 76.000 76.000 77.000 78.000 78.000 78.000 78.000 78.000 78.000 78.000 78.000 78.000 78.000 77.000 77.000 76.000 76.000 76.000 76.000 76.000 76.000 76.000 76.000
59.000 58.000 56.000 53.000 50.000 48.000 46.000 46.000 46.000 48.000 53.000 59.000 62.000 64.000 65.000 65.000 66.000 65.000 66.000 66.000 66.000 67.000 67.000 67.000 67.000 68.000 68.000 69.000 69.000 69.000 70.000 70.000 70.000 70.000 70.000 70.000 71.000 72.000 72.000 73.000 73.000 74.000 74.000 75.000 75.000 75.000 75.000 75.000 75.000 76.000 76.000 76.000 76.000 77.000 78.000 78.000 77.000 77.000 77.000 76.000 77.000 77.000 77.000 76.000 76.000 75.000 75.000 75.000 74.000 74.000 75.000 75.000
60.000 59.000 57.000 54.000 53.000 50.000 48.000 47.000 47.000 48.000 51.000 56.000 61.000 63.000 65.000 66.000 66.000 66.000 66.000 67.000 67.000 67.000 67.000 68.000 68.000 68.000 69.000 69.000 70.000 70.000 70.000 70.000 71.000 71.000 71.000 71.000 72.000 72.000 73.000 73.000 74.000 74.000 75.000 75.000 75.000 75.000 74.000 74.000 74.000 74.000 75.000 75.000 75.000 75.000 76.000 76.000 76.000 75.000 75.000 75.000 75.000 75.000 75.000 75.000 75.000 74.000 73.000 73.000 73.000 73.000 73.000 73.000
61.000 60.000 58.000 56.000 55.000 52.000 50.000 49.000 48.000 45.000 50.000 54.000 60.000 62.000 64.000 65.000 66.000 67.000 67.000 67.000 67.000 67.000 68.000 68.000 69.000 69.000 69.000 70.000 70.000 70.000 71.000 71.000 71.000 71.000 71.000 72.000 72.000 72.000 73.000 73.000 74.000 75.000 75.000 75.000 76.000 76.000 74.000 74.000 74.000 74.000 74.000 74.000 74.000 74.000 74.000 75.000 75.000 74.000 74.000 74.000 73.000 74.000 74.000 74.000 73.000 73.000 72.000 71.000 71.000 71.000 70.000 70.000
62.000 60.000 59.000 58.000 57.000 57.000 55.000 52.000 50.000 49.000 49.000 53.000 58.000 62.000 64.000 66.000 66.000 66.000 67.000 67.000 67.000 68.000 68.000 69.000 69.000 70.000 70.000 70.000 70.000 71.000 71.000 71.000 71.000 72.000 72.000 72.000 72.000 73.000 73.000 74.000 74.000 75.000 75.000 76.000 76.000 76.000 75.000 74.000 73.000 73.000 73.000 73.000 73.000 73.000 73.000 73.000 73.000 73.000 73.000 72.000 72.000 72.000 72.000 72.000 72.000 72.000 71.000 70.000 69.000 68.000 68.000 68.000
62.000 61.000 61.000 60.000 60.000 60.000 59.000 56.000 53.000 51.000 51.000 52.000 56.000 61.000 64.000 66.000 66.000 67.000 67.000 67.000 68.000 68.000 68.000 69.000 70.000 70.000 71.000 71.000 71.000 71.000 71.000 72.000 72.000 72.000 72.000 73.000 73.000 73.000 74.000 74.000 74.000 75.000 76.000 76.000 76.000 76.000 75.000 74.000 74.000 73.000 73.000 73.000 73.000 73.000 73.000 72.000 72.000 72.000 72.000 71.000 71.000 71.000 70.000 70.000 70.000 70.000 70.000 69.000 68.000 67.000 66.000 67.000
63.000 63.000 62.000 61.000 62.000 62.000 62.000 60.000 56.000 54.000 52.000 50.000 55.000 61.000 64.000 66.000 67.000 67.000 67.000 68.000 68.000 68.000 69.000 70.000 70.000 70.000 71.000 71.000 71.000 71.000 72.000 72.000 72.000 73.000 73.000 73.000 73.000 74.000 74.000 74.000 75.000 75.000 76.000 76.000 77.000 77.000 76.000 74.000 74.000 73.000 73.000 73.000 73.000 72.000 72.000 72.000 72.000 71.000 71.000 70.000 70.000 70.000 69.000 69.000 69.000 69.000 68.000 68.000 67.000 65.000 65.000 64.000
64.000 64.000 63.000 63.000 63.000 64.000 63.000 62.000 59.000 56.000 54.000 53.000 54.000 58.000 64.000 66.000 67.000 67.000 68.000 68.000 68.000 69.000 69.000 70.000 70.000 71.000 71.000 71.000 72.000 72.000 72.000 72.000 73.000 73.000 73.000 74.000 74.000 74.000 75.000 75.000 75.000 75.000 76.000 77.000 77.000 77.000 76.000 75.000 74.000 74.000 73.000 73.000 73.000 72.000 72.000 72.000 71.000 71.000 70.000 70.000 69.000 69.000 69.000 68.000 68.000 68.000 67.000 66.000 65.000 64.000 62.000 59.000
65.000 65.000 65.000 65.000 64.000 65.000 65.000 64.000 62.000 59.000 56.000 54.000 52.000 56.000 62.000 65.000 67.000 68.000 68.000 68.000 68.000 69.000 69.000 70.000 70.000 71.000 71.000 72.000 72.000 72.000 72.000 73.000 73.000 73.000 74.000 74.000 74.000 75.000 75.000 75.000 76.000 76.000 76.000 77.000 77.000 77.000 76.000 75.000 75.000 74.000 74.000 73.000 73.000 72.000 72.000 71.000 71.000 70.000 70.000 69.000 69.000 69.000 68.000 68.000 67.000 67.000 66.000 64.000 63.000 61.000 58.000 56.000
65.000 66.000 66.000 66.000 66.000 65.000 66.000 65.000 64.000 61.000 58.000 56.000 55.000 57.000 58.000 64.000 66.000 68.000 68.000 68.000 69.000 69.000 70.000 70.000 71.000 71.000 72.000 72.000 73.000 73.000 73.000 73.000 73.000 74.000 74.000 74.000 75.000 75.000 75.000 76.000 76.000 76.000 77.000 77.000 77.000 78.000 77.000 75.000 75.000 75.000 74.000 73.000 73.000 72.000 72.000 71.000 71.000 70.000 69.000 69.000 69.000 68.000 68.000 67.000 66.000 65.000 63.000 62.000 60.000 57.000 55.000 54.000
66.000 66.000 67.000 67.000 67.000 67.000 67.000 67.000 66.000 64.000 61.000 58.000 57.000 56.000 58.000 61.000 66.000 67.000 68.000 69.000 69.000 69.000 70.000 70.000 71.000 71.000 72.000 73.000 73.000 73.000 73.000 74.000 74.000 74.000 74.000 75.000 75.000 75.000 76.000 76.000 76.000 77.000 77.000 77.000 77.000 78.000 77.000 76.000 75.000 75.000 75.000 74.000 73.000 72.000 72.000 71.000 71.000 70.000 69.000 69.000 68.000 68.000 67.000 66.000 65.000 63.000 61.000 59.000 56.000 54.000 53.000 52.000
67.000 67.000 67.000 68.000 68.000 68.000 68.000 67.000 67.000 66.000 63.000 60.000 58.000 58.000 58.000 59.000 63.000 67.000 68.000 69.000 70.000 70.000 70.000 71.000 71.000 72.000 72.000 73.000 74.000 74.000 74.000 74.000 74.000 74.000 75.000 75.000 76.000 76.000 76.000 77.000 77.000 77.000 77.000 78.000 78.000 78.000 78.000 77.000 76.000 76.000 75.000 75.000 74.000 73.000 72.000 71.000 70.000 70.000 69.000 68.000 67.000 66.000 65.000 64.000 63.000 62.000 60.000 56.000 54.000 53.000 52.000 51.000
68.000 68.000 68.000 68.000 68.000 69.000 68.000 69.000 68.000 68.000 65.000 63.000 61.000 59.000 59.000 60.000 59.000 63.000 68.000 69.000 70.000 70.000 71.000 71.000 72.000 72.000 73.000 73.000 74.000 74.000 74.000 74.000 75.000 75.000 75.000 76.000 76.000 76.000 77.000 77.000 77.000 78.000 78.000 78.000 78.000 79.000 79.000 78.000 77.000 76.000 76.000 75.000 74.000 73.000 72.000 71.000 70.000 69.000 68.000 67.000 66.000 65.000 64.000 63.000 62.000 60.000 58.000 56.000 54.000 53.000 52.000 51.000
68.000 68.000 69.000 69.000 69.000 69.000 69.000 70.000 69.000 69.000 68.000 66.000 63.000 61.000 60.000 60.000 60.000 60.000 68.000 69.000 70.000 70.000 71.000 71.000 72.000 72.000 73.000 74.000 74.000 75.000 75.000 75.000 75.000 75.000 75.000 76.000 76.000 77.000 77.000 77.000 78.000 78.000 78.000 79.000 79.000 79.000 79.000 78.000 77.000 76.000 76.000 75.000 75.000 73.000 72.000 71.000 70.000 69.000 68.000 67.000 66.000 64.000 63.000 63.000 62.000 59.000 58.000 57.000 55.000 54.000 53.000 52.000
69.000 69.000 69.000 70.000 70.000 70.000 70.000 70.000 70.000 70.000 70.000 68.000 66.000 64.000 62.000 61.000 62.000 61.000 64.000 68.000 69.000 70.000 71.000 71.000 72.000 73.000 73.000 74.000 74.000 75.000 75.000 75.000 76.000 76.000 76.000 76.000 77.000 77.000 77.000 78.000 78.000 78.000 79.000 79.000 79.000 80.000 80.000 79.000 78.000 77.000 76.000 75.000 75.000 74.000 73.000 71.000 70.000 70.000 69.000 67.000 66.000 65.000 64.000 63.000 61.000 60.000 59.000 58.000 57.000 55.000 54.000 52.000
70.000 70.000 70.000 70.000 70.000 70.000 71.000 71.000 71.000 71.000 71.000 70.000 69.000 67.000 65.000 64.000 63.000 62.000 63.000 67.000 69.000 70.000 71.000 72.000 72.000 73.000 73.000 74.000 75.000 75.000 76.000 76.000 76.000 76.000 76.000 77.000 77.000 78.000 78.000 78.000 78.000 79.000 79.000 79.000 80.000 80.000 80.000 80.000 78.000 77.000 77.000 76.000 75.000 75.000 74.000 73.000 72.000 71.000 70.000 69.000 67.000 66.000 65.000 63.000 62.000 62.000 61.000 60.000 59.000 58.000 55.000 53.000
