includes/lisflood/results_R9_t1.553260310992E12/res.dem
ncols         667
nrows         504
xllcorner     559149.587152
yllcorner     6977567.760122
cellsize      19.400300
NODATA_value  -9999.000000
[rows 32 to 63 of 504, columns 144 to 215 of 667]
-93.000 -92.500 -92.000 -91.500 -91.000 -90.500 -90.000 -89.500 -89.000 -88.500 -88.000 -87.500 -87.000 -86.500 -86.000 -85.500 -85.000 -84.500 -84.000 -83.500 -83.000 -82.500 -82.000 -81.500 -81.000 -80.500 -80.000 -79.500 -79.000 -78.500 -78.000 -77.500 -78.000 -78.000 -77.500 -77.500 -77.000 -77.000 -76.500 -76.500 -76.000 -75.500 -75.500 -75.000 -75.000 -75.000 -75.500 -76.000 -76.500 -76.500 -77.000 -77.500 -78.000 -78.500 -79.000 -79.000 -79.500 -80.000 -80.500 -81.000 -81.500 -81.500 -82.000 -82.500 -82.500 -82.500 -82.500 -82.500 -82.000 -82.000 -81.500 -81.500
-92.500 -92.000 -91.500 -91.000 -90.500 -90.000 -89.500 -89.000 -88.500 -88.000 -87.500 -87.000 -86.500 -86.000 -85.500 -85.000 -84.500 -84.000 -83.500 -83.000 -82.500 -82.000 -81.500 -81.000 -80.500 -80.000 -79.500 -79.000 -78.500 -78.000 -77.500 -77.000 -77.500 -77.500 -77.000 -77.000 -76.500 -76.500 -76.000 -76.000 -75.500 -75.000 -75.000 -74.500 -74.500 -74.500 -75.000 -75.500 -76.000 -76.000 -76.500 -77.000 -77.500 -78.000 -78.500 -78.500 -79.000 -79.500 -80.000 -80.500 -81.000 -81.000 -81.500 -82.000 -82.000 -82.000 -82.000 -82.000 -81.500 -81.500 -81.000 -81.000
-92.000 -91.500 -91.000 -90.500 -90.000 -89.500 -89.000 -88.500 -88.000 -87.500 -87.000 -86.500 -86.000 -85.500 -85.000 -84.500 -84.000 -83.500 -83.000 -82.500 -82.000 -81.500 -81.000 -80.500 -80.000 -79.500 -79.000 -78.500 -78.000 -77.500 -77.000 -76.500 -77.000 -77.000 -76.500 -76.500 -76.000 -76.000 -75.500 -75.500 -75.000 -74.500 -74.500 -74.000 -74.000 -74.000 -74.500 -75.000 -75.500 -75.500 -76.000 -76.500 -77.000 -77.500 -78.000 -78.000 -78.500 -79.000 -79.500 -80.000 -80.500 -80.500 -81.000 -81.500 -81.500 -81.500 -81.500 -81.500 -81.000 -81.000 -80.500 -80.500
-91.500 -91.000 -90.500 -90.000 -89.500 -89.000 -88.500 -88.000 -87.500 -87.000 -86.500 -86.000 -85.500 -85.000 -84.500 -84.000 -83.500 -83.000 -82.500 -82.000 -81.500 -81.000 -80.500 -80.000 -79.500 -79.000 -78.500 -78.000 -77.500 -77.000 -76.500 -76.000 -76.500 -76.500 -76.000 -76.000 -75.500 -75.500 -75.000 -75.000 -74.500 -74.000 -74.000 -73.500 -73.500 -73.500 -74.000 -74.500 -75.000 -75.000 -75.500 -76.000 -76.500 -77.000 -77.500 -77.500 -78.000 -78.500 -79.000 -79.500 -80.000 -80.000 -80.500 -81.000 -81.000 -81.000 -81.000 -81.000 -80.500 -80.500 -80.000 -80.000
-91.000 -90.500 -90.000 -89.500 -89.000 -88.500 -88.000 -87.500 -87.000 -86.500 -86.000 -85.500 -85.000 -84.500 -84.000 -83.500 -83.000 -82.500 -82.000 -81.500 -81.000 -80.500 -80.000 -79.500 -79.000 -78.500 -78.000 -77.500 -77.000 -76.500 -76.000 -75.500 -76.000 -76.000 -75.500 -75.500 -75.000 -75.000 -74.500 -74.500 -74.000 -73.500 -73.500 -73.000 -73.000 -73.000 -73.500 -74.000 -74.500 -74.500 -75.000 -75.500 -76.000 -76.500 -77.000 -77.000 -77.500 -78.000 -78.500 -79.000 -79.500 -79.500 -80.000 -80.500 -80.500 -80.500 -80.500 -80.500 -80.000 -80.000 -79.500 -79.500
-90.500 -90.000 -89.500 -89.000 -88.500 -88.000 -87.500 -87.000 -86.500 -86.000 -85.500 -85.000 -84.500 -84.000 -83.500 -83.000 -82.500 -82.000 -81.500 -81.000 -80.500 -80.000 -79.500 -79.000 -78.500 -78.000 -77.500 -77.000 -76.500 -76.000 -75.500 -75.000 -75.500 -75.500 -75.000 -75.000 -74.500 -74.500 -74.000 -74.000 -73.500 -73.000 -73.000 -72.500 -72.500 -72.500 -73.000 -73.500 -74.000 -74.000 -74.500 -75.000 -75.500 -76.000 -76.500 -76.500 -77.000 -77.500 -78.000 -78.500 -79.000 -79.000 -79.500 -80.000 -80.000 -80.000 -80.000 -80.000 -79.500 -79.500 -79.000 -79.000
-90.000 -89.500 -89.000 -88.500 -88.000 -87.500 -87.000 -86.500 -86.000 -85.500 -85.000 -84.500 -84.000 -83.500 -83.000 -82.500 -82.000 -81.500 -81.000 -80.500 -80.000 -79.500 -79.000 -78.500 -78.000 -77.500 -77.000 -76.500 -76.000 -75.500 -75.000 -74.500 -75.000 -75.000 -74.500 -74.500 -74.000 -74.000 -73.500 -73.500 -73.000 -72.500 -72.500 -72.000 -72.000 -72.000 -72.500 -73.000 -73.500 -73.500 -74.000 -74.500 -75.000 -75.500 -76.000 -76.000 -76.500 -77.000 -77.500 -78.000 -78.500 -78.500 -79.000 -79.500 -79.500 -79.500 -79.500 -79.500 -79.000 -79.000 -78.500 -78.500
-89.500 -89.000 -88.500 -88.000 -87.500 -87.000 -86.500 -86.000 -85.500 -85.000 -84.500 -84.000 -83.500 -83.000 -82.500 -82.000 -81.500 -81.000 -80.500 -80.000 -79.500 -79.000 -78.500 -78.000 -77.500 -77.000 -76.500 -76.000 -75.500 -75.000 -74.500 -74.000 -74.500 -74.500 -74.000 -74.000 -73.500 -73.500 -73.000 -73.000 -72.500 -72.000 -72.000 -71.500 -71.500 -71.500 -72.000 -72.500 -73.000 -73.000 -73.500 -74.000 -74.500 -75.000 -75.500 -75.500 -76.000 -76.500 -77.000 -77.500 -78.000 -78.000 -78.500 -79.000 -79.000 -79.000 -79.000 -79.000 -78.500 -78.500 -78.000 -78.000
-89.000 -88.500 -88.000 -87.500 -87.000 -86.500 -86.000 -85.500 -85.000 -84.500 -84.000 -83.500 -83.000 -82.500 -82.000 -81.500 -81.000 -80.500 -80.000 -79.500 -79.000 -78.500 -78.000 -77.500 -77.000 -76.500 -76.000 -75.500 -75.000 -74.500 -74.000 -73.500 -74.000 -74.000 -73.500 -73.500 -73.000 -73.000 -72.500 -72.500 -72.000 -71.500 -71.500 -71.000 -71.000 -71.000 -71.500 -72.000 -72.500 -72.500 -73.000 -73.500 -74.000 -74.500 -75.000 -75.000 -75.500 -76.000 -76.500 -77.000 -77.500 -77.500 -78.000 -78.500 -78.500 -78.500 -78.500 -78.500 -78.000 -78.000 -77.500 -77.500
-88.500 -88.000 -87.500 -87.000 -86.500 -86.000 -85.500 -85.000 -84.500 -84.000 -83.500 -83.000 -82.500 -82.000 -81.500 -81.000 -80.500 -80.000 -79.500 -79.000 -78.500 -78.000 -77.500 -77.000 -76.500 -76.000 -75.500 -75.000 -74.500 -74.000 -73.500 -73.000 -73.500 -73.500 -73.000 -73.000 -72.500 -72.500 -72.000 -72.000 -71.500 -71.000 -71.000 -70.500 -70.500 -70.500 -71.000 -71.500 -72.000 -72.000 -72.500 -73.000 -73.500 -74.000 -74.500 -74.500 -75.000 -75.500 -76.000 -76.500 -77.000 -77.000 -77.500 -78.000 -78.000 -78.000 -78.000 -78.000 -77.500 -77.500 -77.000 -77.000
-88.000 -87.500 -87.000 -86.500 -86.000 -85.500 -85.000 -84.500 -84.000 -83.500 -83.000 -82.500 -82.000 -81.500 -81.000 -80.500 -80.000 -79.500 -79.000 -78.500 -78.000 -77.500 -77.000 -76.500 -76.000 -75.500 -75.000 -74.500 -74.000 -73.500 -73.000 -72.500 -73.000 -73.000 -72.500 -72.500 -72.000 -72.000 -71.500 -71.500 -71.000 -70.500 -70.500 -70.000 -70.000 -70.000 -70.500 -71.000 -71.500 -71.500 -72.000 -72.500 -73.000 -73.500 -74.000 -74.000 -74.500 -75.000 -75.500 -76.000 -76.500 -76.500 -77.000 -77.500 -77.500 -77.500 -77.500 -77.500 -77.000 -77.000 -76.500 -76.500
-87.500 -87.000 -86.500 -86.000 -85.500 -85.000 -84.500 -84.000 -83.500 -83.000 -82.500 -82.000 -81.500 -81.000 -80.500 -80.000 -79.500 -79.000 -78.500 -78.000 -77.500 -77.000 -76.500 -76.000 -75.500 -75.000 -74.500 -74.000 -73.500 -73.000 -72.500 -72.000 -72.500 -72.500 -72.000 -72.000 -71.500 -71.500 -71.000 -71.000 -70.500 -70.000 -70.000 -69.500 -69.500 -69.500 -70.000 -70.500 -71.000 -71.000 -71.500 -72.000 -72.500 -73.000 -73.500 -73.500 -74.000 -74.500 -75.000 -75.500 -76.000 -76.000 -76.500 -77.000 -77.000 -77.000 -77.000 -77.000 -76.500 -76.500 -76.000 -76.000
-87.000 -86.500 -86.000 -85.500 -85.000 -84.500 -84.000 -83.500 -83.000 -82.500 -82.000 -81.500 -81.000 -80.500 -80.000 -79.500 -79.000 -78.500 -78.000 -77.500 -77.000 -76.500 -76.000 -75.500 -75.000 -74.500 -74.000 -73.500 -73.000 -72.500 -72.000 -71.500 -72.000 -72.000 -71.500 -71.500 -71.000 -71.000 -70.500 -70.500 -70.000 -69.500 -69.500 -69.000 -69.000 -69.000 -69.500 -70.000 -70.500 -70.500 -71.000 -71.500 -72.000 -72.500 -73.000 -73.000 -73.500 -74.000 -74.500 -75.000 -75.500 -75.500 -76.000 -76.500 -76.500 -76.500 -76.500 -76.500 -76.000 -76.000 -75.500 -75.500
-86.500 -86.000 -85.500 -85.000 -84.500 -84.000 -83.500 -83.000 -82.500 -82.000 -81.500 -81.000 -80.500 -80.000 -79.500 -79.000 -78.500 -78.000 -77.500 -77.000 -76.500 -76.000 -75.500 -75.000 -74.500 -74.000 -73.500 -73.000 -72.500 -72.000 -71.500 -71.000 -71.500 -71.500 -71.000 -71.000 -70.500 -70.500 -70.000 -70.000 -69.500 -69.000 -69.000 -68.500 -68.500 -68.500 -69.000 -69.500 -70.000 -70.000 -70.500 -71.000 -71.500 -72.000 -72.500 -72.500 -73.000 -73.500 -74.000 -74.500 -75.000 -75.000 -75.500 -76.000 -76.000 -76.000 -76.000 -76.000 -75.500 -75.500 -75.000 -75.000
-86.000 -85.500 -85.000 -84.500 -84.000 -83.500 -83.000 -82.500 -82.000 -81.500 -81.000 -80.500 -80.000 -79.500 -79.000 -78.500 -78.000 -77.500 -77.000 -76.500 -76.000 -75.500 -75.000 -74.500 -74.000 -73.500 -73.000 -72.500 -72.000 -71.500 -71.000 -70.500 -71.000 -71.000 -70.500 -70.500 -70.000 -70.000 -69.500 -69.500 -69.000 -68.500 -68.500 -68.000 -68.000 -68.000 -68.500 -69.000 -69.500 -69.500 -70.000 -70.500 -71.000 -71.500 -72.000 -72.000 -72.500 -73.000 -73.500 -74.000 -74.500 -74.500 -75.000 -75.500 -75.500 -75.500 -75.500 -75.500 -75.000 -75.000 -74.500 -74.500
-85.500 -85.000 -84.500 -84.000 -83.500 -83.000 -82.500 -82.000 -81.500 -81.000 -80.500 -80.000 -79.500 -79.000 -78.500 -78.000 -77.500 -77.000 -76.500 -76.000 -75.500 -75.000 -74.500 -74.000 -73.500 -73.000 -72.500 -72.000 -71.500 -71.000 -70.500 -70.000 -70.500 -70.500 -70.000 -70.000 -69.500 -69.500 -69.000 -69.000 -68.500 -68.000 -68.000 -67.500 -67.500 -67.500 -68.000 -68.500 -69.000 -69.000 -69.500 -70.000 -70.500 -71.000 -71.500 -71.500 -72.000 -72.500 -73.000 -73.500 -74.000 -74.000 -74.500 -75.000 -75.000 -75.000 -75.000 -75.000 -74.500 -74.500 -74.000 -74.000
-85.000 -84.500 -84.000 -83.500 -83.000 -82.500 -82.000 -81.500 -81.000 -80.500 -80.000 -79.500 -79.000 -78.500 -78.000 -77.500 -77.000 -76.500 -76.000 -75.500 -75.000 -74.500 -74.000 -73.500 -73.000 -72.500 -72.000 -71.500 -71.000 -70.500 -70.000 -69.500 -70.000 -70.000 -69.500 -69.500 -69.000 -69.000 -68.500 -68.500 -68.000 -67.500 -67.500 -67.000 -67.000 -67.000 -67.500 -68.000 -68.500 -68.500 -69.000 -69.500 -70.000 -70.500 -71.000 -71.000 -71.500 -72.000 -72.500 -73.000 -73.500 -73.500 -74.000 -74.500 -74.500 -74.500 -74.500 -74.500 -74.000 -74.000 -73.500 -73.500
-84.500 -84.000 -83.500 -83.000 -82.500 -82.000 -81.500 -81.000 -80.500 -80.000 -79.500 -79.000 -78.500 -78.000 -77.500 -77.000 -76.500 -76.000 -75.500 -75.000 -74.500 -74.000 -73.500 -73.000 -72.500 -72.000 -71.500 -71.000 -70.500 -70.000 -69.500 -69.000 -69.500 -69.500 -69.000 -69.000 -68.500 -68.500 -68.000 -68.000 -67.500 -67.000 -67.000 -66.500 -66.500 -66.500 -67.000 -67.500 -68.000 -68.000 -68.500 -69.000 -69.500 -70.000 -70.500 -70.500 -71.000 -71.500 -72.000 -72.500 -73.000 -73.000 -73.500 -74.000 -74.000 -74.000 -74.000 -74.000 -73.500 -73.500 -73.000 -73.000
-84.000 -83.500 -83.000 -82.500 -82.000 -81.500 -81.000 -80.500 -80.000 -79.500 -79.000 -78.500 -78.000 -77.500 -77.000 -76.500 -76.000 -75.500 -75.000 -74.500 -74.000 -73.500 -73.000 -72.500 -72.000 -71.500 -71.000 -70.500 -70.000 -69.500 -69.000 -68.500 -69.000 -69.000 -68.500 -68.500 -68.000 -68.000 -67.500 -67.500 -67.000 -66.500 -66.500 -66.000 -66.000 -66.000 -66.500 -67.000 -67.500 -67.500 -68.000 -68.500 -69.000 -69.500 -70.000 -70.000 -70.500 -71.000 -71.500 -72.000 -72.500 -72.500 -73.000 -73.500 -73.500 -73.500 -73.500 -73.500 -73.000 -73.000 -72.500 -72.500
-83.500 -83.000 -82.500 -82.000 -81.500 -81.000 -80.500 -80.000 -79.500 -79.000 -78.500 -78.000 -77.500 -77.000 -76.500 -76.000 -75.500 -75.000 -74.500 -74.000 -73.500 -73.000 -72.500 -72.000 -71.500 -71.000 -70.500 -70.000 -69.500 -69.000 -68.500 -68.000 -68.500 -68.500 -68.000 -68.000 -67.500 -67.500 -67.000 -67.000 -66.500 -66.000 -66.000 -65.500 -65.500 -65.500 -66.000 -66.500 -67.000 -67.000 -67.500 -68.000 -68.500 -69.000 -69.500 -69.500 -70.000 -70.500 -71.000 -71.500 -72.000 -72.000 -72.500 -73.000 -73.000 -73.000 -73.000 -73.000 -72.500 -72.500 -72.000 -72.000
-83.000 -82.500 -82.000 -81.500 -81.000 -80.500 -80.000 -79.500 -79.000 -78.500 -78.000 -77.500 -77.000 -76.500 -76.000 -75.500 -75.000 -74.500 -74.000 -73.500 -73.000 -72.500 -72.000 -71.500 -71.000 -70.500 -70.000 -69.500 -69.000 -68.500 -68.000 -67.500 -68.000 -68.000 -67.500 -67.500 -67.000 -67.000 -66.500 -66.500 -66.000 -65.500 -65.500 -65.000 -65.000 -65.000 -65.500 -66.000 -66.500 -66.500 -67.000 -67.500 -68.000 -68.500 -69.000 -69.000 -69.500 -70.000 -70.500 -71.000 -71.500 -71.500 -72.000 -72.500 -72.500 -72.500 -72.500 -72.500 -72.000 -72.000 -71.500 -71.500
-82.500 -82.000 -81.500 -81.000 -80.500 -80.000 -79.500 -79.000 -78.500 -78.000 -77.500 -77.000 -76.500 -76.000 -75.500 -75.000 -74.500 -74.000 -73.500 -73.000 -72.500 -72.000 -71.500 -71.000 -70.500 -70.000 -69.500 -69.000 -68.500 -68.000 -67.500 -67.000 -67.500 -67.500 -67.000 -67.000 -66.500 -66.500 -66.000 -66.000 -65.500 -65.000 -65.000 -64.500 -64.500 -64.500 -65.000 -65.500 -66.000 -66.000 -66.500 -67.000 -67.500 -68.000 -68.500 -68.500 -69.000 -69.500 -70.000 -70.500 -71.000 -71.000 -71.500 -72.000 -72.000 -72.000 -72.000 -72.000 -71.500 -71.500 -71.000 -71.000
-82.000 -81.500 -81.000 -80.500 -80.000 -79.500 -79.000 -78.500 -78.000 -77.500 -77.000 -76.500 -76.000 -75.500 -75.000 -74.500 -74.000 -73.500 -73.000 -72.500 -72.000 -71.500 -71.000 -70.500 -70.000 -69.500 -69.000 -68.500 -68.000 -67.500 -67.000 -66.500 -67.000 -67.000 -66.500 -66.500 -66.000 -66.000 -65.500 -65.500 -65.000 -64.500 -64.500 -64.000 -64.000 -64.000 -64.500 -65.000 -65.500 -65.500 -66.000 -66.500 -67.000 -67.500 -68.000 -68.000 -68.500 -69.000 -69.500 -70.000 -70.500 -70.500 -71.000 -71.500 -71.500 -71.500 -71.500 -71.500 -71.000 -71.000 -70.500 -70.500
-81.500 -81.000 -80.500 -80.000 -79.500 -79.000 -78.500 -78.000 -77.500 -77.000 -76.500 -76.000 -75.500 -75.000 -74.500 -74.000 -73.500 -73.000 -72.500 -72.000 -71.500 -71.000 -70.500 -70.000 -69.500 -69.000 -68.500 -68.000 -67.500 -67.000 -66.500 -66.000 -66.500 -66.500 -66.000 -66.000 -65.500 -65.500 -65.000 -65.000 -64.500 -64.000 -64.000 -63.500 -63.500 -63.500 -64.000 -64.500 -65.000 -65.000 -65.500 -66.000 -66.500 -67.000 -67.500 -67.500 -68.000 -68.500 -69.000 -69.500 -70.000 -70.000 -70.500 -71.000 -71.000 -71.000 -71.000 -71.000 -70.500 -70.500 -70.000 -70.000
-81.000 -80.500 -80.000 -79.500 -79.000 -78.500 -78.000 -77.500 -77.000 -76.500 -76.000 -75.500 -75.000 -74.500 -74.000 -73.500 -73.000 -72.500 -72.000 -71.500 -71.000 -70.500 -70.000 -69.500 -69.000 -68.500 -68.000 -67.500 -67.000 -66.500 -66.000 -65.500 -66.000 -66.000 -65.500 -65.500 -65.000 -65.000 -64.500 -64.500 -64.000 -63.500 -63.500 -63.000 -63.000 -63.000 -63.500 -64.000 -64.500 -64.500 -65.000 -65.500 -66.000 -66.500 -67.000 -67.000 -67.500 -68.000 -68.500 -69.000 -69.500 -69.500 -70.000 -70.500 -70.500 -70.500 -70.500 -70.500 -70.000 -70.000 -69.500 -69.500
-80.500 -80.000 -79.500 -79.000 -78.500 -78.000 -77.500 -77.000 -76.500 -76.000 -75.500 -75.000 -74.500 -74.000 -73.500 -73.000 -72.500 -72.000 -71.500 -71.000 -70.500 -70.000 -69.500 -69.000 -68.500 -68.000 -67.500 -67.000 -66.500 -66.000 -65.500 -65.000 -65.500 -65.500 -65.000 -65.000 -64.500 -64.500 -64.000 -64.000 -63.500 -63.000 -63.000 -62.500 -62.500 -62.500 -63.000 -63.500 -64.000 -64.000 -64.500 -65.000 -65.500 -66.000 -66.500 -66.500 -67.000 -67.500 -68.000 -68.500 -69.000 -69.000 -69.500 -70.000 -70.000 -70.000 -70.000 -70.000 -69.500 -69.500 -69.000 -69.000
-80.000 -79.500 -79.000 -78.500 -78.000 -77.500 -77.000 -76.500 -76.000 -75.500 -75.000 -74.500 -74.000 -73.500 -73.000 -72.500 -72.000 -71.500 -71.000 -70.500 -70.000 -69.500 -69.000 -68.500 -68.000 -67.500 -67.000 -66.500 -66.000 -65.500 -65.000 -64.500 -65.000 -65.000 -64.500 -64.500 -64.000 -64.000 -63.500 -63.500 -63.000 -62.500 -62.500 -62.000 -62.000 -62.000 -62.500 -63.000 -63.500 -63.500 -64.000 -64.500 -65.000 -65.500 -66.000 -66.000 -66.500 -67.000 -67.500 -68.000 -68.500 -68.500 -69.000 -69.500 -69.500 -69.500 -69.500 -69.500 -69.000 -69.000 -68.500 -68.500
-79.500 -79.000 -78.500 -78.000 -77.500 -77.000 -76.500 -76.000 -75.500 -75.000 -74.500 -74.000 -73.500 -73.000 -72.500 -72.000 -71.500 -71.000 -70.500 -70.000 -69.500 -69.000 -68.500 -68.000 -67.500 -67.000 -66.500 -66.000 -65.500 -65.000 -64.500 -64.000 -64.500 -64.500 -64.000 -64.000 -63.500 -63.500 -63.000 -63.000 -62.500 -62.000 -62.000 -61.500 -61.500 -61.500 -62.000 -62.500 -63.000 -63.000 -63.500 -64.000 -64.500 -65.000 -65.500 -65.500 -66.000 -66.500 -67.000 -67.500 -68.000 -68.000 -68.500 -69.000 -69.000 -69.000 -69.000 -69.000 -68.500 -68.500 -68.000 -68.000
-79.000 -78.500 -78.000 -77.500 -77.000 -76.500 -76.000 -75.500 -75.000 -74.500 -74.000 -73.500 -73.000 -72.500 -72.000 -71.500 -71.000 -70.500 -70.000 -69.500 -69.000 -68.500 -68.000 -67.500 -67.000 -66.500 -66.000 -65.500 -65.000 -64.500 -64.000 -63.500 -64.000 -64.000 -63.500 -63.500 -63.000 -63.000 -62.500 -62.500 -62.000 -61.500 -61.500 -61.000 -61.000 -61.000 -61.500 -62.000 -62.500 -62.500 -63.000 -63.500 -64.000 -64.500 -65.000 -65.000 -65.500 -66.000 -66.500 -67.000 -67.500 -67.500 -68.000 -68.500 -68.500 -68.500 -68.500 -68.500 -68.000 -68.000 -67.500 -67.500
-78.500 -78.000 -77.500 -77.000 -76.500 -76.000 -75.500 -75.000 -74.500 -74.000 -73.500 -73.000 -72.500 -72.000 -71.500 -71.000 -70.500 -70.000 -69.500 -69.000 -68.500 -68.000 -67.500 -67.000 -66.500 -66.000 -65.500 -65.000 -64.500 -64.000 -63.500 -63.000 -63.500 -63.500 -63.000 -63.000 -62.500 -62.500 -62.000 -62.000 -61.500 -61.000 -61.000 -60.500 -60.500 -60.500 -61.000 -61.500 -62.000 -62.000 -62.500 -63.000 -63.500 -64.000 -64.500 -64.500 -65.000 -65.500 -66.000 -66.500 -67.000 -67.000 -67.500 -68.000 -68.000 -68.000 -68.000 -68.000 -67.500 -67.500 -67.000 -67.000
-78.000 -77.500 -77.000 -76.500 -76.000 -75.500 -75.000 -74.500 -74.000 -73.500 -73.000 -72.500 -72.000 -71.500 -71.000 -70.500 -70.000 -69.500 -69.000 -68.500 -68.000 -67.500 -67.000 -66.500 -66.000 -65.500 -65.000 -64.500 -64.000 -63.500 -63.000 -62.500 -63.000 -63.000 -62.500 -62.500 -62.000 -62.000 -61.500 -61.500 -61.000 -60.500 -60.500 -60.000 -60.000 -60.000 -60.500 -61.000 -61.500 -61.500 -62.000 -62.500 -63.000 -63.500 -64.000 -64.000 -64.500 -65.000 -65.500 -66.000 -66.500 -66.500 -67.000 -67.500 -67.500 -67.500 -67.500 -67.500 -67.000 -67.000 -66.500 -66.500
-77.500 -77.000 -76.500 -76.000 -75.500 -75.000 -74.500 -74.000 -73.500 -73.000 -72.500 -72.000 -71.500 -71.000 -70.500 -70.000 -69.500 -69.000 -68.500 -68.000 -67.500 -67.000 -66.500 -66.000 -65.500 -65.000 -64.500 -64.000 -63.500 -63.000 -62.500 -62.000 -62.500 -62.500 -62.000 -62.000 -61.500 -61.500 -61.000 -61.000 -60.500 -60.000 -60.000 -59.500 -59.500 -59.500 -60.000 -60.500 -61.000 -61.000 -61.500 -62.000 -62.500 -63.000 -63.500 -63.500 -64.000 -64.500 -65.000 -65.500 -66.000 -66.000 -66.500 -67.000 -67.000 -67.000 -67.000 -67.000 -66.500 -66.500 -66.000 -66.000
