includes/normandie/shapefiles/20x20/dem.asc
ncols         647
nrows         484
xllcorner     559149.58715242
yllcorner     6977567.7601224
cellsize      20
NODATA_value  -9999
[rows 420 to 447 of 484, columns 128 to 191 of 647]
90.99766 91.02482 91.99622 91.99944 91.99978 91.9996 91.99852 91.97643 90.99632 90.00957 89.99436 89.01243 89.00071 88.99621 88.08051 88.0014 87.99909 87.85682 87.00361 86.9838 86.00742 85.66114 84.99637 84.17418 83.51804 82.71967 81.52851 80.5241 79.49383 78.25792 77.17182 75.90356 74.18606 72.47614 70.61341 69.62524 68.62209 67.59895 67.00705 67.43251 70.32903 73.58363 76.90417 79.40656 81.00916 82.33118 83.00639 83.98884 84.13725 84.99397 85.00529 85.96754 85.99931 86.00384 86.91946 86.99832 86.99954 86.99985 86.99995 86.99998 86.99989 86.99961 86.99811 86.48793
90.99954 91.41788 91.99757 91.99953 91.99978 91.99953 91.99815 91.66129 90.98076 90.00381 89.97839 89.00433 88.99964 88.97632 88.00491 88.00043 87.99785 87.11086 87.0006 86.66325 85.99982 85.07767 84.44038 83.66503 82.86806 81.87067 80.86433 79.86338 78.86633 77.6731 76.59248 75.59161 74.49619 73.59549 72.82391 72.09538 70.98904 69.58708 68.18853 67.91126 69.92616 73.19698 76.33036 79.40454 81.40755 82.88636 83.55867 83.99867 84.56337 84.99921 85.34015 85.99682 86.00052 86.0239 86.99507 86.9992 86.99976 86.99993 86.99999 86.99999 86.99995 86.9998 86.9993 86.99569
91.00137 91.7955 91.99831 91.99963 91.99977 91.99941 91.99713 91.20314 90.85728 90.00192 89.58376 89.0023 88.99857 88.43666 88.00217 88.0001 87.99748 87.10746 87.00032 86.70365 86.00002 85.08603 84.48892 83.706 82.90885 81.91164 80.9104 79.92059 79.04018 78.35338 77.59877 76.83624 76.23369 76.09795 75.61393 74.95526 73.26733 71.19473 69.59389 68.65686 69.92379 72.35784 75.58102 78.98735 81.40582 82.89045 83.89008 84.00066 84.89261 85.00123 85.89208 85.99875 86.00206 86.79488 86.99799 86.99953 86.99986 86.99998 87.00002 87.00003 87.00002 86.99998 86.99983 86.9994
91.00471 91.98705 91.9989 91.99969 91.99973 91.99921 91.99464 91.02996 90.43577 89.99887 89.10841 89.00117 88.99776 88.10788 88.00155 88.00008 87.99796 87.25336 87.00132 86.99017 86.01075 85.70247 84.99546 84.04476 83.60614 82.61443 81.8176 80.9535 80.35791 79.94886 79.35531 79.297 79.09216 78.79337 78.57124 77.3342 75.50531 73.14832 70.7175 69.37811 70.00146 71.92507 75.31335 78.39606 81.32322 82.88918 83.88931 84.00108 84.91235 85.00374 85.98683 85.99936 86.00486 86.98685 86.9988 86.99967 86.99992 87.00003 87.00008 87.00014 87.0002 87.00024 87.00027 87.00021
91.01674 91.99347 91.99921 91.99974 91.99968 91.9989 91.98798 90.99772 90.01073 89.99045 89.00923 89.00062 88.99781 88.1086 88.00182 88.00031 87.99905 87.90194 87.00649 86.99909 86.89424 86.00246 85.60938 85.00346 84.58388 83.91088 83.18123 82.58945 81.99995 81.78281 81.29792 81.00199 80.99725 80.81451 80.56837 79.43924 76.9792 74.16128 71.95142 70.63142 70.33706 71.91312 74.33942 78.17805 80.8991 82.73878 83.41482 83.99906 84.89212 85.00403 85.98877 85.99949 86.00543 86.98897 86.99896 86.99973 86.99999 87.00015 87.0003 87.0005 87.00073 87.00112 87.00181 87.00233
91.14334 91.99641 91.99939 91.99976 91.9996 91.99844 91.85522 90.98137 90.004 89.97905 89.00459 89.00048 88.99878 88.70194 88.0051 88.00102 87.99992 87.99742 87.48547 87.00259 86.99794 86.80302 86.0388 85.98687 85.35423 85.00027 84.58677 83.99781 83.58669 83.17242 82.79079 82.30843 82.30279 82.02927 81.59433 80.06139 77.78339 75.25109 73.36374 72.60249 71.96363 72.49576 74.33739 77.33201 80.46768 81.97315 83.0013 83.98924 84.51434 85.00246 85.98583 85.99913 86.00474 86.98638 86.99879 86.99973 87.00009 87.0005 87.00137 87.0029 87.00536 87.01889 87.50928 87.78758
91.41802 91.99754 91.99949 91.99975 91.99949 91.99773 91.57615 90.85805 90.00285 89.9787 89.00441 89.00057 88.99963 88.99705 88.6051 88.00551 88.00121 87.99975 87.99493 87.23517 87.00456 86.99979 86.99213 86.58783 86.01308 85.99458 85.78194 85.18041 84.9086 84.34821 83.91009 83.58547 83.03819 82.98426 81.98537 80.57676 78.48606 76.62567 75.59791 74.99484 74.21983 73.81106 74.80878 76.77003 79.50686 81.2873 82.51208 83.51104 84.02045 84.99643 85.51471 85.99766 86.00177 86.74655 86.99799 86.99967 87.00029 87.00214 87.28503 87.7914 87.98688 87.99501 87.9977 87.99839
91.41833 91.9977 91.99952 91.99973 91.99934 91.99582 91.07636 90.58283 90.00183 89.97892 89.00477 89.00085 89.00012 88.99946 88.99723 88.89755 88.04116 88.00244 88.0001 87.99691 87.90372 87.18822 87.00519 87.00107 86.9958 86.90401 86.58561 86.03861 85.98557 85.22878 84.9062 84.0393 83.98727 83.00415 82.09989 80.90558 79.24493 78.30314 77.79977 77.29377 76.3522 75.6008 75.52144 76.43288 78.75173 80.50878 81.92024 82.99909 83.99406 84.91039 85.01032 85.95727 85.99967 86.02318 86.99509 86.9995 87.00064 87.01078 87.99022 87.99807 87.99892 87.9993 87.99954 87.99967
91.41839 91.99773 91.99953 91.99971 91.99921 91.99268 91.00862 90.58251 90.00209 89.99088 89.01273 89.00185 89.00082 89.00037 88.99983 88.99864 88.992 88.58837 88.00908 88.00124 87.99945 87.99676 87.98777 87.80917 87.58663 87.18467 87.00453 86.99488 86.60242 85.99799 85.24863 84.89769 84.00055 83.10349 82.57568 81.08801 80.2283 79.80308 79.79571 79.34046 78.58109 77.34933 76.59726 76.84306 78.02181 79.9119 81.29389 82.51711 83.74869 84.1014 84.99695 85.09867 85.99441 86.00389 86.91496 86.99924 87.00124 87.33762 87.99677 87.99923 87.99966 87.99986 87.99999 88.00011
91.41842 91.99775 91.99954 91.99972 91.99918 91.9799 91.00486 90.70579 90.00446 89.99931 89.89941 89.01437 89.00539 89.00436 89.00226 89.00103 88.99991 88.99806 88.98418 88.04724 88.00527 88.00169 88.00056 87.99963 87.9984 87.99619 87.9837 87.23013 86.9977 86.48296 85.98133 85.00172 84.08437 83.48486 82.90002 81.99491 81.35752 81.30767 81.34875 81.16346 80.21478 78.94189 77.94889 77.83772 78.15732 79.90473 81.01888 82.41822 83.22461 84.00241 84.91566 85.00301 85.89532 86.00185 86.89274 86.9991 87.00215 87.88912 87.99824 87.99957 87.99992 88.00016 88.0004 88.00079
91.41857 91.99782 91.99957 91.99976 91.9994 91.9959 91.089 90.99751 90.09032 90.00163 89.9991 89.99303 89.98741 89.98259 89.78133 89.30511 89.00782 89.00193 88.99967 88.99635 88.98334 88.35719 88.30907 88.04359 88.00417 88.00058 87.9987 87.98871 87.03679 86.97865 86.00085 85.08807 84.70043 83.98373 83.00549 82.81222 82.78819 82.79366 82.90891 82.57744 81.60065 80.22153 79.18554 78.9895 79.51785 80.56633 81.80193 82.92268 83.56672 84.00232 84.89433 85.00182 85.52083 86.00142 86.89259 86.99911 87.00251 87.89255 87.99862 87.99976 88.00017 88.00071 88.00191 88.00587
91.56413 91.99814 91.99961 91.99982 91.99964 91.99854 91.90096 91.00532 90.98144 90.0102 90.00168 90.0006 90.00013 89.99969 89.99895 89.99738 89.98875 89.58448 89.00779 89.00155 88.99984 88.9985 88.99758 88.99532 88.90312 88.18617 88.00118 87.99754 87.25263 86.99712 86.08434 85.70285 84.99249 84.00936 83.61088 83.01814 83.31438 83.96625 83.99976 83.89293 82.60738 81.22475 80.35429 80.13857 80.87872 81.74638 82.48512 83.14135 83.9963 84.14315 84.99358 85.00336 85.89542 86.00178 86.89268 86.99923 87.0029 87.89331 87.99882 87.99992 88.00062 88.00456 88.50743 88.96645
91.89236 91.99858 91.99969 91.99989 91.99985 91.99939 91.99685 91.25383 91.00072 90.90038 90.0461 90.0154 90.01494 90.01095 90.00486 90.0038 90.00114 89.99842 89.98527 89.35239 89.00761 89.0015 89.00023 88.99948 88.99833 88.98824 88.01028 87.99945 87.97602 87.00247 86.57833 85.99142 85.00901 84.48716 84.00126 83.99783 84.00327 84.81999 84.99023 84.69379 83.60523 82.22854 81.5926 81.51237 81.98692 82.82891 83.48285 84.00226 84.50821 84.99297 85.001 85.02155 85.99448 86.00275 86.89358 86.99954 87.0056 87.98758 87.99915 88.00017 88.00172 88.34064 88.99592 88.99864
91.89528 91.99887 91.99981 92.00005 92.00008 91.99989 91.99914 91.98994 91.04371 91.00176 90.99795 90.99645 90.99597 90.9925 90.98751 90.98256 90.58703 90.0152 90.00223 89.99829 89.98438 89.18887 89.00467 89.00091 88.99972 88.99728 88.25233 88.00089 87.99392 87.00978 86.97698 86.00213 85.25237 84.98496 84.00887 84.00509 84.79508 84.99781 85.00193 85.00277 84.2501 83.25252 82.9077 82.75216 83.13268 83.96801 84.2843 84.98837 85.00023 85.01128 85.13976 85.96754 85.99986 86.01141 86.9902 87.00016 87.02061 87.99491 87.99948 88.00057 88.00615 88.96754 88.9986 88.99953
91.99146 91.99934 92.00007 92.00043 92.00066 92.00076 92.00043 91.99931 91.99247 91.58946 91.04475 91.01095 91.00481 91.00442 91.00385 91.00167 90.99951 90.99479 90.60867 90.01265 90.00119 89.99695 89.89671 89.00916 89.00097 88.99899 88.89675 88.00333 87.99724 87.10553 86.99599 86.03957 85.89774 85.00237 84.81268 84.79443 84.99769 85.01846 85.98235 85.89182 84.99555 84.04005 83.81224 83.87489 84.28153 84.96592 85.00169 85.27919 85.78954 85.9926 85.99715 86.00012 86.00372 86.56464 86.99812 87.00086 87.02284 87.99619 87.99976 88.00119 88.33662 88.99646 88.99932 88.99986
91.99777 91.99991 92.00092 92.00312 92.00629 92.13298 92.01361 92.00399 92.00172 91.99994 91.99745 91.993 91.98801 91.98766 91.98656 91.78956 91.35545 91.01208 91.00073 90.99217 90.35334 90.00393 89.9989 89.89872 89.00893 89.00037 88.99422 88.04001 87.99939 87.58146 87.0004 86.25365 85.99678 85.04599 85.00261 85.00153 85.00469 85.79733 85.99699 85.99288 85.03853 84.90382 84.31101 84.74625 84.9997 85.28516 85.96562 85.99684 85.99953 86.00098 86.00334 86.01709 86.74551 86.99632 86.9999 87.0022 87.4208 87.99792 88.00008 88.00195 88.41962 88.99796 88.99969 89.00018
91.99937 92.00088 92.01028 92.86735 92.98795 92.99528 92.99394 92.90421 92.78712 92.31182 92.18607 92.01482 92.0144 92.01411 92.0099 92.002 91.99925 91.99216 91.78246 91.04247 90.99899 90.60951 90.00835 89.99909 89.70093 89.00375 88.99866 88.48722 88.00191 87.9898 87.01099 86.98224 86.00934 85.99385 85.35976 85.31159 85.8699 85.99689 85.99911 85.99786 85.48765 85.00369 85.00139 85.00551 85.5643 85.99665 86.00066 86.00852 86.30698 86.31654 86.87079 86.99359 86.99847 86.99992 87.00123 87.01415 87.98954 87.99927 88.00061 88.0062 88.96533 88.99892 89.00006 89.00092
92.00063 92.00589 92.82354 92.99754 92.99914 92.99962 92.99985 92.99977 92.99954 92.99909 92.99799 92.99663 92.99623 92.99594 92.99211 92.80959 92.35558 92.01222 92.00131 91.99434 91.23361 91.00119 90.89965 90.03641 89.99706 89.09012 89.00112 88.99058 88.04331 88 87.70128 87.00322 86.89983 86.01383 86.00292 86.00092 86.00121 86.00113 86.0008 86.00011 85.9965 85.80479 85.78764 85.98753 85.99897 86.00816 86.50838 86.98846 86.99709 86.99825 86.99927 87.00005 87.00081 87.00208 87.00719 87.82601 87.99834 88.00005 88.00161 88.33767 88.9968 88.99969 89.0008 89.00574
92.00578 92.82331 92.99757 92.99978 93.00065 93.00199 93.00819 93.01469 93.01952 93.30865 93.309 93.18591 93.01489 93.01452 93.01279 93.00374 93.00024 92.99314 92.80228 92.03967 91.99711 91.60422 91.00294 90.89959 90.00815 89.98168 89.00991 89.00024 88.98747 88.04273 87.99884 87.60529 87.00426 86.99421 86.90482 86.78846 86.78699 86.31181 86.04468 86.01352 86.00396 86.00181 86.00179 86.00542 86.28678 86.96846 86.99778 86.99968 87.00072 87.00184 87.00385 87.00545 87.01893 87.50983 87.96709 87.99796 87.99986 88.00089 88.00571 88.92075 88.99891 89.00041 89.00339 89.79475
92.82332 92.9978 93.0005 93.0027 93.00977 93.50883 93.98839 93.99546 93.99645 93.9982 93.99867 93.99796 93.99683 93.99657 93.99489 93.98688 93.78848 93.18744 93.0028 92.98874 92.23174 91.9996 91.80246 91.00616 90.70155 90.00325 89.89977 89.01327 89.00072 88.98767 88.04572 88.00021 87.89871 87.18689 87.0072 87.00209 87.00016 86.99884 86.99696 86.99453 86.90466 86.78863 86.78883 86.96757 86.99764 87.00018 87.0023 87.00877 87.27994 87.74094 87.96526 87.98753 87.99528 87.99815 87.99934 88.00016 88.00112 88.00436 88.48572 88.99722 89.00005 89.00214 89.1472 89.99543
92.99799 93.00191 93.01749 93.78939 93.99046 93.99812 93.99998 94.00151 94.00451 94.01451 94.30711 94.30907 94.30908 94.30887 94.18552 94.01258 94.00181 93.99725 93.89725 93.03957 92.99599 92.35323 92.00165 91.60669 91.00156 90.60534 90.00321 89.98858 89.23243 89.00239 88.99506 88.58874 88.01186 87.99952 87.99036 87.80903 87.31135 87.01682 87.01077 87.0043 87.00214 87.00161 87.00307 87.00474 87.01389 87.1386 87.74525 87.99007 87.99696 87.99852 87.99925 87.99966 88.00008 88.00062 88.00137 88.00276 88.01382 88.82416 88.99657 88.99979 89.00165 89.14262 89.99179 89.99936
93.00339 93.48384 93.99303 93.99886 94.00065 94.00323 94.01679 94.51023 94.98563 94.99516 94.99792 94.99873 94.99889 94.99876 94.99754 94.99423 94.80864 94.18661 94.00156 93.98758 93.04529 92.99873 92.48492 91.99962 91.48516 90.99997 90.60574 90.00647 89.9966 89.60873 89.00892 89.00011 88.99238 88.78265 88.04419 88.00414 87.99968 87.9968 87.99264 87.98682 87.79031 87.78876 87.96584 87.98794 87.99527 87.99734 87.99927 88.00022 88.00094 88.00175 88.00227 88.00274 88.00506 88.01494 88.30862 88.78651 88.98947 88.99847 89.00005 89.00159 89.01437 89.96968 89.99935 90.00177
93.82224 93.99677 94.00086 94.00579 94.2806 94.86887 94.9938 94.99895 95.00122 95.00401 95.01445 95.30712 95.3091 95.30903 95.30411 95.01056 95.00163 94.99605 94.60836 94.00797 93.99492 93.23303 92.99692 92.23352 91.99733 91.23412 91.00105 90.89913 90.01321 90.00049 89.98594 89.35643 89.01585 89.00301 88.99721 88.98363 88.35258 88.01498 88.00552 88.00427 88.00391 88.00385 88.00407 88.00444 88.00849 88.01456 88.01495 88.01598 88.30795 88.74084 88.78799 88.789 88.98586 88.99493 88.99761 88.99892 88.99992 89.001 89.00311 89.13692 89.96722 89.99934 90.00312 90.28683
93.99867 94.00445 94.28723 94.98606 94.99715 94.99981 95.00233 95.01739 95.78501 95.96602 95.99519 95.99797 95.99865 95.99845 95.99747 95.99201 95.8081 95.0446 95.00037 94.98418 94.04177 93.99464 93.04401 92.99594 92.23055 91.99758 91.60433 91.00329 90.99257 90.58463 90.00751 90.00033 89.99608 89.90372 89.18846 89.00677 89.00013 88.99644 88.98874 88.98761 88.98744 88.98745 88.98759 88.98784 88.99122 88.99605 88.99629 88.99664 88.99826 88.99914 88.99951 88.99964 88.99986 89.00018 89.00069 89.00182 89.00561 89.13836 89.74568 89.99426 90.00018 90.0058 90.74352 90.99593
94.13579 94.86986 94.99714 95.00022 95.0035 95.13744 95.74543 95.99354 95.99914 96.00131 96.00778 96.01896 96.3081 96.044 96.01052 96.00349 96.00009 95.99439 95.58394 95.00291 94.9808 94.00858 93.98798 93.03854 92.99007 92.23196 91.99965 91.80289 91.00915 90.99937 90.98925 90.58846 90.01518 90.00281 89.99815 89.98906 89.5892 89.04462 89.01318 89.00476 89.00435 89.00453 89.01146 89.01424 89.01443 89.01458 89.01465 89.01472 89.01481 89.01488 89.01491 89.01443 89.00605 89.00549 89.01347 89.50851 89.96689 89.99664 89.9995 90.0024 90.13634 90.87028 90.99802 91.00087
94.99371 94.99998 95.00408 95.13837 95.86915 95.99601 95.99978 96.0032 96.01871 96.74112 96.98856 96.9959 96.99748 96.99627 96.99203 96.98218 96.35549 96.00744 95.99784 95.60889 95.00658 94.89922 94.00781 93.90072 93.03941 92.99571 92.23373 92.00117 91.98507 91.18878 91.00472 90.99987 90.99505 90.90311 90.18844 90.00665 90.0006 89.99766 89.99508 89.98821 89.98783 89.98801 89.99375 89.99607 89.99619 89.99622 89.99625 89.99626 89.99628 89.99628 89.99625 89.99575 89.98882 89.98819 89.99428 89.99887 90.00094 90.00324 90.01012 90.74373 90.99422 91.00015 91.00372 91.14455
95.00311 95.14438 95.9653 95.99635 96.0004 96.00768 96.28072 96.86919 96.99546 96.9992 97.00087 97.0023 97.00394 97.00263 97.00121 96.99996 96.99782 96.89907 96.04008 95.99931 95.8941 95.00312 94.89897 94.00769 93.90263 93.0126 92.99641 92.5849 92.00619 91.99768 91.98343 91.35203 91.00724 91.00096 90.99773 90.98541 90.58817 90.30489 90.01522 90.01449 90.01439 90.01443 90.01456 90.01468 90.01475 90.0148 90.01482 90.01481 90.01477 90.01474 90.01469 90.01458 90.01425 90.00739 90.00543 90.01887 90.50963 90.8714 90.99148 90.99973 91.0076 91.28674 91.87116 91.99603
95.86893 95.99625 96.00065 96.00876 96.31472 96.96854 96.99754 97.00049 97.00545 97.27925 97.50971 97.79205 97.98602 97.8093 97.58734 97.30441 97.00721 97.00023 96.9875 96.18708 95.99953 95.605 95.00258 94.89893 94.00768 93.9876 93.04261 92.99918 92.89871 92.01295 92.00116 91.99811 91.98536 91.58773 91.04389 91.00452 91.00063 90.99866 90.9967 90.99632 90.99634 90.99657 90.99673 90.99682 90.99702 90.99758 90.99774 90.99739 90.99693 90.9968 90.99665 90.99636 90.99601 90.99032 90.98866 90.99635 90.99965 91.00167 91.00592 91.28696 91.96852 91.9976 92.00014 92.00246
