includes/normandie/shapefiles/20x20/dem.asc
ncols         647
nrows         484
xllcorner     559149.58715242
yllcorner     6977567.7601224
cellsize      20
NODATA_value  -9999
[rows 112 to 139 of 484, columns 320 to 383 of 647]
-1.938425 -1.844679 -1.750677 -1.656291 -1.561475 -1.466141 -1.366795 -1.219405 -1.056563 -0.8933975 -0.7300656 -0.5666074 -0.4030539 -0.2396003 -0.0899898 0.05197082 0.1944533 0.3375111 0.48112 0.6252029 0.7693909 0.8921185 0.9877111 1.080369 1.064423 0.6827967 0.2447333 -0.386609 -0.8687946 -0.2247586 -0.1805049 0.04694263 0.3854531 0.06251923 0.03374478 0.3295421 0.8893177 1.998308 15.46755 44.34029 72.59818 72.91142 72.96697 72.98296 72.99015 72.99525 72.99845 72.99976 72.99989 72.99991 72.99983 72.99959 72.99904 72.99708 72.60514 72.33437 72.03581 72.00141 71.99919 71.99529 71.97641 71.0023 70.75907 69.99244
-1.559335 -1.474238 -1.388932 -1.303264 -1.217183 -1.130568 -1.038836 -0.8945979 -0.7344636 -0.5740014 -0.4133786 -0.2526406 -0.09183934 0.06871478 0.2073296 0.33473 0.4625309 0.5907913 0.7194343 0.8482863 0.9766663 1.089956 1.075912 0.6193712 -0.06047884 -0.5065832 -0.8323017 -0.9722324 -0.6318544 -0.009819195 0.007922975 0.383065 1.009849 0.9745358 1.044933 1.252119 2.218509 15.47718 71.60045 72.75261 72.91087 72.96571 72.98531 72.99264 72.99651 72.99918 73.00039 73.00059 73.00062 73.00063 73.00066 73.00056 73.00038 72.9997 72.99809 72.99625 72.91529 72.01204 72.00056 71.99807 71.98357 71.00376 70.91978 69.96522
-1.180685 -1.10426 -1.027675 -0.9507312 -0.8733656 -0.7954521 -0.7112098 -0.5699769 -0.4125616 -0.2548179 -0.09692944 0.06105063 0.2190568 0.3766466 0.5036308 0.6162795 0.729063 0.8418282 0.9536849 1.065112 1.055139 0.5560882 -0.1441142 -0.5882907 -0.9539254 -0.8595294 -0.770962 -0.008661922 0.001836199 0.009038292 0.438502 1.01679 1.504981 2.06257 2.058721 3.153035 38.56441 72.52708 72.86681 72.93941 72.97208 72.98952 72.99644 72.99918 73.00085 73.00174 73.00263 73.00524 73.00767 73.006 73.00731 73.00409 73.00903 73.02022 73.00042 72.9991 72.99519 72.23537 72.00384 71.99823 71.94215 71.00755 70.96799 69.95274
-0.8025752 -0.7348234 -0.6669352 -0.5987011 -0.5300495 -0.460841 -0.3839723 -0.2456053 -0.09093018 0.06406035 0.2191712 0.3743304 0.5294478 0.6839317 0.798475 0.8957438 0.9917332 1.053739 0.947495 0.383497 -0.3241705 -0.7215846 -0.977231 -0.5117562 -0.5625449 -0.004909473 3.093949e-005 0.006401622 0.1745757 0.6778554 1.018953 1.061783 1.925808 2.436617 10.96096 60.00486 72.47915 72.91603 73.00397 73.17051 73.41784 73.47895 73.42252 73.18842 73.01355 73.01707 73.03175 73.93327 73.74185 73.94205 73.95371 73.43364 73.94041 73.80106 73.00237 72.9997 72.99779 72.89735 72.00407 71.99754 71.76768 71.00048 70.73909 69.9343
-0.4252546 -0.3661503 -0.3069381 -0.2473934 -0.1874384 -0.126924 -0.05730983 0.07831289 0.2302009 0.3823772 0.5346192 0.6867982 0.8386977 0.9893825 1.089694 1.137344 1.031795 0.3771522 -0.3779568 -0.8093084 -0.9799673 -0.749187 -0.8854391 -0.1379475 -0.005756528 0.003568977 0.04724557 0.2098958 0.9971621 1.037267 2.031873 2.178429 3.5665 33.10918 69.29724 71.82423 72.92363 72.98349 73.88331 73.88784 73.9915 73.99522 73.99652 73.99541 73.98714 73.98685 73.99354 73.99742 73.99822 73.99836 73.99799 73.99682 73.99332 73.09923 73.00204 72.9999 72.99788 72.91529 72.00537 71.99335 71.04841 70.99698 70.12916 69.9317
-0.07588314 -0.02217455 0.03142723 0.08514658 0.1390591 0.1933073 0.2576113 0.3899596 0.5381069 0.6867957 0.8357228 0.9845086 1.13199 1.181097 1.175569 0.6267047 -0.1408038 -0.6925665 -0.9659343 -0.9882014 -0.1382667 -0.007603293 -0.004638141 0.001648717 0.007587987 0.3848487 0.9837321 1.051441 1.252155 2.042456 2.4641 6.207535 61.47781 68.742 70.86847 72.38036 72.97977 73.31207 73.98872 73.99513 73.99828 73.99934 73.99944 73.99934 73.99908 73.999 73.9992 73.99946 73.99961 73.9996 73.9994 73.99886 73.99529 73.51695 73.00303 73.00002 72.99799 72.87803 72.00261 71.99048 71.02913 70.9891 70.00832 69.99464
0.1865667 0.2409358 0.2950078 0.3489857 0.4029339 0.4569736 0.5201696 0.6413364 0.7752209 0.9095333 1.043185 1.108828 0.9742692 0.631604 0.1488559 -0.3657921 -0.7823409 -0.991347 -0.9836239 -0.1626545 -0.003537833 0.002383473 0.006184554 0.1382719 0.9117911 1.014541 1.687105 2.048054 2.396946 3.255686 23.0198 63.96686 67.59039 69.76302 71.75564 72.96348 73.39817 73.9071 73.99567 73.99875 73.99962 73.99982 73.9999 73.99994 73.99995 73.99996 73.99997 73.99996 73.99994 73.99986 73.99967 73.99915 73.99715 73.81618 73.0048 73.00012 72.99703 72.45141 72.00236 71.93785 71.02311 70.99769 70.26522 70.25782
0.4437439 0.4978269 0.551607 0.6052542 0.6588217 0.7123418 0.7734212 0.8796965 0.995611 1.03969 0.9322478 0.704617 0.3221474 -0.1485903 -0.5987319 -0.8623729 -0.980769 -0.6668543 -0.006099446 0.3590109 0.0119423 0.03054681 0.2665883 1.008744 1.25132 1.475949 2.091188 2.842743 4.778932 44.51481 62.01862 65.64648 68.1111 70.47279 72.13189 73.01476 73.9856 73.99683 73.99905 73.99973 74 74.00017 74.00034 74.00055 74.00073 74.00091 74.0008 74.00051 74.00025 74.00008 73.99986 73.99934 73.99706 73.5947 73.0164 73.00019 72.99752 72.61089 72.00311 71.99741 71.09501 71.00758 71.0013 71.00037
0.700495 0.7542005 0.8075446 0.8605889 0.9133518 0.965253 0.9967632 0.9777378 0.8555908 0.6950002 0.4326453 0.1279624 -0.1937261 -0.5249981 -0.9077845 -0.9926784 -0.6766567 0.002180924 0.02725099 0.9863968 1.075922 1.013342 1.033348 1.626463 2.201748 2.503674 3.650769 18.80472 50.94863 59.55969 63.83528 66.92312 69.1415 71.28941 72.93279 73.9655 73.99641 73.99886 73.99962 74.00005 74.00037 74.00078 74.00191 74.00737 74.00549 74.05251 74.00728 74.00351 74.00127 74.0004 73.99998 73.9993 73.99497 73.09965 73.00301 73.00028 72.99841 72.6068 72.00884 72.0008 71.99618 71.98516 71.32626 71.35283
0.9566557 1.009728 1.061991 1.112491 1.082028 1.072269 0.80352 0.5295284 0.302782 0.1138183 -0.05378191 -0.2203845 -0.4484482 -0.7673745 -0.9097647 -0.25535 0.002242921 0.9627525 0.7700014 1.005731 1.232361 2.01708 2.29801 3.171127 5.012502 9.741159 44.78296 54.36684 57.84967 61.78828 66.01785 68.5044 70.49474 72.12337 73.53288 73.9941 73.99854 73.99952 74.00003 74.00049 74.00119 74.00321 74.05568 74.98087 74.66058 74.54323 74.72836 74.82292 74.02266 74.00144 74.00019 73.99944 73.9955 73.41039 73.00266 73.00049 72.99952 72.99425 72.52943 72.00804 72.00225 72.0011 72.00064 72.00467
1.210501 1.261736 1.22629 1.007049 0.6828429 0.3961294 0.1270996 -0.08241927 -0.2296377 -0.3003258 -0.3458113 -0.4157388 -0.7477102 -0.9177338 -0.07330289 0.002651378 0.02239881 1.000248 1.014089 1.030679 1.174299 2.104035 3.287438 19.08554 64.0315 63.0779 61.30342 59.43326 60.04138 64.33997 67.66777 69.74386 71.7044 72.98196 73.18196 73.99448 73.99913 73.9999 74.00045 74.0014 74.00564 74.1648 74.98859 74.99738 74.99682 74.99526 74.99482 74.99441 74.9773 74.0037 74.00041 73.99965 73.99774 73.84305 73.0069 73.00096 73.00017 72.99908 72.9941 72.90145 72.04047 72.38303 72.22855 72.9471
1.317094 1.078253 0.7497909 0.2698992 -0.1628998 -0.3881017 -0.4450215 -0.4961898 -0.6074281 -0.4930908 -0.7325587 -0.7912177 -0.3300931 -0.001909986 0.006140046 0.07145265 0.9939089 1.037657 1.385135 1.650189 2.177943 3.495174 54.45457 68.68694 67.09473 63.64092 62.8206 61.60006 62.38268 66.40642 68.85852 70.65701 72.32954 73.00381 73.74264 73.99715 73.99972 74.00054 74.00151 74.00482 74.6967 74.99427 74.99845 74.99916 74.99918 74.99899 74.99861 74.99733 74.9214 74.00381 74.00055 73.99986 73.99879 73.98904 73.03765 73.00262 73.00118 73.00069 73.00008 72.99907 72.99687 72.9987 73.00589 73.05458
0.7649407 0.4173271 0.116174 -0.2104012 -0.7785146 -0.8823323 -0.8426778 -0.7944865 -0.9843304 -0.2467378 -0.986003 -0.2549648 -0.1718384 0.01172875 0.03895707 0.9807945 1.035988 1.792728 3.079904 3.26814 4.082796 44.14557 68.88982 69.92039 69.85777 65.63061 64.07137 63.52386 64.61508 67.39307 70.27036 71.99199 72.97264 73.81467 73.99529 73.9993 74.00089 74.00316 74.0108 74.1007 74.98238 74.99854 74.99946 74.99963 74.99956 74.99934 74.99886 74.99718 74.55463 74.00213 74.0005 74.00003 73.9995 73.99763 73.97227 73.22204 73.00577 73.00478 73.00446 73.00443 73.01543 73.22936 73.97398 73.98219
0.2550553 0.08984639 0.002187938 -0.01448751 -0.7745814 -0.6017305 -0.9883342 -0.8213366 -0.2075635 -0.002765012 -0.5044218 0.09512862 0.5426611 0.8306877 1.042571 1.792166 2.2754 4.990413 11.18791 55.22187 54.83071 68.96128 70.12158 70.9463 70.92636 67.3083 65.70255 65.44396 67.21702 69.4489 71.96697 72.18876 73.03703 73.98688 73.99837 74.0005 74.00921 74.24344 74.95855 74.79893 74.99567 74.9993 74.99969 74.9997 74.99943 74.99876 74.99765 74.99308 74.15861 74.00173 74.0006 74.00026 73.99993 73.99941 73.99815 73.98938 73.97532 73.82675 73.67935 73.30632 73.98828 73.9984 74.00099 74.00311
0.07105692 0.00948291 0.0001891285 -0.000225531 -0.00199816 -0.4712337 -0.06319708 -0.01199778 0.002298535 0.007426607 0.2648866 0.8066645 1.395899 1.901492 2.067772 2.90822 3.986604 10.90852 63.68862 66.77516 68.84457 70.54741 70.97046 70.98626 70.97641 68.90489 67.97363 68.01403 69.62595 70.9876 72.0336 72.99396 73.74111 73.99675 74.00004 74.00205 74.49938 74.99509 74.99796 74.99862 74.99931 74.99973 74.99982 74.99968 74.99848 74.98631 74.98124 74.36435 74.00555 74.00109 74.00082 74.00072 74.0005 74.00018 73.99988 73.99959 73.99909 73.99826 74.00001 74.00398 74.194 74.25385 74.04385 74.94415
0.002969855 0.001492309 0.0008729701 0.000472038 0.0002644405 0.0002172985 0.002443474 0.02114032 0.3344852 0.5616825 1.012058 1.044213 2.046779 2.170199 3.174658 27.53749 54.55037 63.3963 66.43762 68.57609 70.61535 71.37644 71.11505 71.26015 70.96493 69.42781 68.90386 69.77354 70.98958 72.79467 72.99521 73.63278 73.99377 73.99986 74.00333 74.26516 74.9006 74.99788 74.99915 74.99951 74.99973 74.99983 74.99981 74.99943 74.9925 74.45678 74.01473 74.00543 74.00237 74.00268 74.00452 74.00475 74.00323 74.00153 74.00079 74.00076 74.00163 74.00521 74.22768 74.95718 74.99027 74.99623 74.9959 75.00668
0.02150141 0.1406048 0.004683367 0.001979691 0.002565054 0.005736845 0.05856246 0.9181548 1.015969 1.049962 1.344932 2.085326 2.578414 4.555093 37.04509 59.92518 63.27608 66.24514 68.165 69.95468 71.53091 71.97547 71.79958 71.0045 70.99454 70.22554 70.02074 70.63448 71.98076 72.99664 73.05347 73.99354 74.00024 74.01104 74.53295 74.96977 74.99802 74.99931 74.99965 74.9998 74.99986 74.99987 74.99979 74.99935 74.96025 74.02051 74.009 74.02583 74.01309 74.07218 74.95831 74.86549 74.57143 74.01293 74.0034 74.00372 74.33289 74.6064 74.9933 74.99824 75.00005 75.00297 75.0386 75.59908
0.7436622 0.9890948 0.07870473 0.01930211 0.1829405 0.532656 1.002862 1.100889 1.942628 2.260703 2.14532 3.314318 50.37855 57.2811 61.36653 64.08047 66.08772 67.61442 69.19691 71.02325 71.97727 71.99344 71.98661 71.6564 71.0194 71.00368 71.00361 71.77618 72.56381 73.4515 73.99148 73.99966 74.01273 74.95414 74.99051 74.99798 74.99934 74.99968 74.99982 74.99987 74.99986 74.99979 74.99965 74.99928 74.9971 74.9857 74.89905 74.87765 74.98969 74.99538 74.99753 74.99728 74.99525 74.97905 74.41698 74.60845 74.99035 74.99767 74.99952 75.00097 75.00541 75.58736 75.99252 76.00148
0.9923263 1.00061 0.9958868 1.003603 1.004319 1.101292 1.357668 2.403891 2.821642 3.931583 7.101691 55.03566 59.22609 62.10873 64.6287 66.54736 68.0593 69.39023 70.91822 71.97469 71.99508 71.99864 71.9992 71.99836 71.99509 71.95382 71.91588 72.18199 73.00259 73.79174 74.01324 74.11391 74.16277 74.99001 74.99798 74.99944 74.99976 74.99986 74.99989 74.99985 74.99973 74.9995 74.999 74.99733 74.99635 74.99711 74.99812 74.9986 74.99911 74.9994 74.99952 74.99948 74.99924 74.99837 74.99712 74.9986 75.00055 75.00196 75.00352 75.00892 75.23703 75.99623 76.00298 76.47546
1.00419 1.009717 1.017732 1.628612 1.441468 2.021911 2.419347 3.768089 5.726954 20.63853 55.74693 59.52427 62.36422 64.92992 66.95305 68.5384 69.92799 71.18326 71.9846 71.99638 71.99984 72.00208 72.00825 72.00351 72.00207 72.00446 72.09254 72.98186 73.60275 73.9969 74.00385 74.84649 74.99162 74.99763 74.99933 74.99976 74.9999 74.99994 74.9999 74.99975 74.99938 74.9985 74.99483 74.29747 74.39448 74.64138 74.99842 74.9995 74.99982 75.00013 75.00066 75.00068 75.00045 75.00042 75.00074 75.00243 75.249 75.40709 75.4175 75.8857 75.99554 76.00078 76.23573 76.9944
1.022492 1.314846 1.832526 2.056551 2.720094 3.36186 26.62995 41.07126 32.30464 56.46083 59.94413 62.72897 64.87355 67.14893 69.08376 70.70098 71.80687 71.99445 72.00458 72.01318 72.01702 72.6422 72.97652 72.84518 72.19291 72.70673 72.99839 73.27625 73.99439 73.9995 74.00385 74.70611 74.99705 74.99895 74.99964 74.99989 74.99998 74.99999 74.99989 74.9995 74.99789 74.78691 74.29666 74.00526 74.02963 74.9479 74.99828 74.99974 75.0003 75.00352 75.18355 75.01334 75.00413 75.00355 75.00883 75.4334 75.98734 75.99641 75.99727 75.99953 76.00166 76.00623 76.628 77.00936
1.874481 2.054502 2.548242 3.887091 6.16702 38.80453 50.48746 53.33256 56.36626 59.54134 62.16729 65.03664 67.07109 69.33573 71.01542 71.95248 72.27457 72.70332 72.96809 72.98843 72.99069 72.99573 72.99849 72.99877 72.99858 73.00194 73.46188 73.99203 73.99889 74.00051 74.00542 74.98408 74.71877 74.99802 74.99981 75.00002 75.00008 75.00008 74.99994 74.9993 74.99036 74.03422 74.00331 74.00231 74.00524 74.4848 74.99796 75.00001 75.00068 75.26891 75.46338 75.62737 75.13612 75.47239 75.95044 75.99684 75.99895 76.00036 76.00459 76.01215 76.02075 76.47893 77.00143 77.79371
2.758157 3.718755 11.12014 43.03841 48.52657 50.22304 52.44473 55.81467 58.95229 61.96226 64.46973 67.02644 68.97348 70.92596 72.18388 72.9806 72.99467 72.99727 72.99818 72.99874 72.99921 72.99969 73.00014 73.00071 73.00255 73.07601 73.98799 73.99876 74.0008 74.00279 74.01842 74.47279 74.86542 74.9985 75.00001 75.00025 75.0005 75.00069 75.00036 74.99932 74.92773 74.01398 74.00427 74.00607 74.15099 74.93264 74.99902 75.00084 75.00169 75.00407 75.05162 75.79246 75.99355 75.99696 75.99863 75.99973 76.0009 76.00807 76.56011 76.98196 76.97989 77.00069 77.24638 78.0211
25.24632 46.99334 50.99277 52.26915 52.49067 52.88995 54.56788 57.71154 61.49376 64.32319 66.25983 68.58933 70.74315 72.11518 72.99014 73.00075 73.00016 73 73.00042 73.00117 73.0014 73.00146 73.00185 73.00474 73.23466 73.97443 73.99889 74.00194 74.01871 74.27197 74.97783 74.99565 74.99937 75.00012 75.00042 75.00079 75.00487 75.02279 75.00397 75.00036 74.99769 74.62254 74.53568 74.96553 74.99147 74.99883 75.00156 75.01663 75.03719 75.31362 75.98682 75.99783 75.99924 75.99984 76.00035 76.00108 76.00804 76.39246 76.99216 76.99905 77.00256 77.02733 77.98827 78.39381
50.24882 52.90838 54.72798 55.97995 55.29678 55.30961 56.98379 60.01633 62.95754 65.66386 67.99934 70.62955 71.87891 73.92023 73.86226 73.87859 73.02149 73.0026 73.00696 73.07526 73.01974 73.04176 73.13129 73.83443 73.99271 74.00054 74.00977 74.10023 74.89104 74.99664 74.99914 75.00023 75.00113 75.00177 75.00176 75.00272 75.68453 75.98146 75.25085 75.0032 75.00027 74.99861 74.99854 74.99914 75.00037 75.00397 75.08833 75.85876 75.99386 75.99719 75.99909 76.00002 76.00063 76.00137 76.0034 76.01044 76.32451 76.99466 76.99907 77.00243 77.47876 77.99167 78.00599 78.98806
53.50699 55.77836 57.87751 59.03703 59.09464 58.41962 59.01753 61.96693 65.13091 67.50751 69.77204 72.41528 72.99953 73.08498 73.98999 73.99442 73.60251 73.32996 73.84103 73.89281 73.98633 73.9931 73.99458 73.99933 74.00255 74.1027 74.97691 74.99468 74.99918 75.00111 75.00366 75.00881 75.05186 75.1842 75.02422 75.07024 75.21325 75.26775 75.98337 75.16133 75.00256 75.00086 75.00098 75.00233 75.00725 75.51978 75.98836 75.99767 75.99942 76.00142 76.00252 76.00555 76.0051 76.00924 76.29975 76.98773 76.99693 76.99918 77.00108 77.02917 77.94846 78.0016 78.06586 79.01263
56.28156 59.01389 61.32213 61.26958 62.04949 61.27537 61.75795 64.25707 67.12173 70.64999 71.95701 72.23434 73.00871 73.78289 73.9956 73.99834 73.99774 73.99565 73.99817 73.9987 73.99915 73.99972 74.00077 74.00387 74.24024 74.98985 74.9987 75.00169 75.00635 75.0241 75.61353 75.95477 75.98911 75.99207 75.98989 75.68771 75.62016 75.49806 75.9899 75.81248 75.01251 75.00343 75.01054 75.37547 75.90059 75.99305 75.99828 75.99945 76.00052 76.29389 76.36839 76.66652 76.80165 76.90141 76.98951 76.99847 76.99936 77.00012 77.00307 77.80924 77.99706 78.01414 78.99099 79.04845
59.64774 61.88828 63.98048 63.98555 63.09059 63.88258 64.9812 66.27204 69.96127 70.79355 72.31603 73.08409 73.98074 73.99519 73.99879 73.99966 73.99985 73.99988 74.00002 74.00037 74.00104 74.00243 74.0089 74.55704 74.99527 75.00097 75.01125 75.17622 75.98 75.99495 75.99776 75.99844 75.99873 75.99888 75.99886 75.99854 75.99725 75.77285 75.30819 75.93068 75.51475 75.33971 75.9848 75.9968 75.99821 75.99899 75.99956 76.00002 76.00102 76.07518 76.98715 76.99524 76.99682 76.99799 76.99895 76.99953 76.99986 77.00048 77.00375 77.79823 77.99844 78.01376 78.99996 79.87405
