includes/estuary_coast/floodfiles/results/res-0004.wd
ncols         730
nrows         472
xllcorner     380617.130607
yllcorner     6542069.774949
cellsize      20.000000
NODATA_value  -9999.000000
[rows 306 to 339 of 472, columns 77 to 153 of 730]
1.497 1.471 1.643 1.324 1.309 1.418 1.444 1.455 1.501 1.429 1.493 1.459 1.607 1.601 1.472 1.452 1.425 1.437 1.439 1.419 1.579 1.945 1.572 1.478 1.443 1.405 1.341 1.395 1.451 1.258 1.208 1.786 1.912 1.595 1.430 1.183 1.076 1.068 1.056 1.060 1.116 1.033 0.924 0.894 0.764 0.801 0.837 0.771 0.750 0.720 0.627 0.698 0.682 0.624 0.627 0.642 0.593 0.594 0.575 0.475 0.524 0.485 0.444 0.372 0.429 0.329 0.287 0.278 0.356 0.323 0.254 0.155 0.212 0.127 0.128 0.179 0.039
1.520 1.396 1.685 1.475 1.283 1.264 1.308 1.461 1.475 1.379 1.508 1.396 1.472 1.529 1.582 1.434 1.416 1.503 1.417 1.428 1.486 1.605 1.840 1.420 1.380 1.296 1.464 1.359 1.240 1.259 1.417 1.186 1.628 1.786 1.567 1.311 1.145 1.075 1.025 1.027 1.111 0.988 0.939 0.891 0.871 0.857 0.791 0.779 0.773 0.765 0.762 0.648 0.682 0.631 0.549 0.576 0.628 0.593 0.472 0.488 0.523 0.465 0.386 0.398 0.359 0.315 0.278 0.280 0.302 0.336 0.253 0.252 0.149 0.141 0.171 0.054 0.054
1.640 1.578 1.512 1.649 1.727 1.431 1.431 1.448 1.432 1.352 1.375 1.400 1.441 1.486 1.449 1.494 1.361 1.465 1.491 1.335 1.419 1.517 1.651 1.740 1.420 1.346 1.345 1.314 1.377 1.289 1.206 1.185 1.247 1.560 1.848 1.496 1.192 1.067 0.991 0.984 0.980 0.919 0.861 0.856 0.867 0.857 0.829 0.816 0.750 0.749 0.675 0.625 0.656 0.741 0.659 0.598 0.587 0.548 0.529 0.589 0.469 0.397 0.393 0.300 0.328 0.306 0.329 0.297 0.283 0.238 0.200 0.249 0.172 0.155 0.201 0.048 0.073
1.389 1.636 1.514 1.484 1.551 1.448 1.394 1.263 1.239 1.266 1.387 1.369 1.433 1.369 1.446 1.753 1.475 1.432 1.406 1.449 1.392 1.377 1.465 1.484 1.637 1.633 1.311 1.237 1.330 1.333 1.212 1.164 1.213 1.187 1.560 1.762 1.512 1.299 1.116 1.033 0.964 0.913 1.034 0.893 0.781 0.837 0.810 0.739 0.813 0.755 0.697 0.667 0.648 0.700 0.674 0.657 0.545 0.616 0.497 0.498 0.442 0.412 0.418 0.338 0.347 0.325 0.322 0.333 0.200 0.263 0.223 0.263 0.232 0.181 0.168 0.151 0.145
1.537 1.667 1.654 1.716 1.383 1.523 1.587 1.309 1.287 1.276 1.365 1.285 1.312 1.408 1.422 1.405 1.398 1.376 1.312 1.364 1.404 1.297 1.482 1.382 1.725 1.521 1.477 1.490 1.185 1.150 1.099 1.147 1.067 1.081 1.349 1.535 1.776 1.286 1.320 1.048 1.083 1.071 0.887 0.905 0.876 0.838 0.833 0.817 0.761 0.784 0.710 0.690 0.699 0.656 0.667 0.629 0.568 0.532 0.566 0.444 0.373 0.347 0.356 0.422 0.359 0.343 0.318 0.231 0.296 0.233 0.207 0.110 0.187 0.205 0.163 0.158 0.097
1.365 1.370 1.335 1.472 1.615 1.414 1.318 1.451 1.185 1.230 1.225 1.268 1.211 1.432 1.392 1.406 1.481 1.308 1.362 1.295 1.240 1.454 1.282 1.479 1.461 1.389 1.453 1.333 1.540 1.215 1.206 1.079 1.131 1.081 1.234 1.330 1.612 1.684 1.385 1.234 1.140 0.969 0.977 0.937 0.934 0.841 0.835 0.811 0.755 0.792 0.694 0.689 0.686 0.723 0.602 0.644 0.639 0.535 0.547 0.443 0.390 0.377 0.378 0.368 0.340 0.326 0.240 0.285 0.257 0.237 0.270 0.249 0.162 0.202 0.203 0.159 0.154
1.457 1.419 1.398 1.207 1.231 1.373 1.360 1.630 1.217 1.198 1.253 1.205 1.140 1.233 1.276 1.314 1.491 1.254 1.267 1.221 1.203 1.214 1.245 1.207 1.363 1.470 1.463 1.401 1.343 1.555 1.467 1.156 1.172 1.144 1.191 1.115 1.281 1.581 1.469 1.277 1.103 1.038 0.908 0.850 0.922 0.881 0.867 0.829 0.799 0.773 0.691 0.722 0.666 0.608 0.686 0.596 0.618 0.546 0.511 0.443 0.376 0.380 0.388 0.416 0.362 0.299 0.284 0.249 0.279 0.222 0.264 0.323 0.154 0.157 0.164 0.199 0.104
1.512 1.353 1.321 1.321 1.236 1.264 1.295 1.658 1.631 1.123 1.208 1.224 1.220 1.057 1.170 1.231 1.283 1.383 1.334 1.335 1.213 1.241 1.214 1.316 1.315 1.341 1.407 1.381 1.302 1.248 1.343 1.457 1.314 1.202 1.194 1.066 1.195 1.375 1.593 1.227 1.266 1.111 0.976 0.976 0.900 0.858 0.785 0.850 0.786 0.801 0.695 0.724 0.705 0.698 0.615 0.567 0.575 0.518 0.447 0.421 0.362 0.383 0.423 0.373 0.344 0.316 0.312 0.327 0.306 0.241 0.218 0.254 0.186 0.133 0.140 0.144 0.141
1.639 1.368 1.432 1.287 1.284 1.242 1.295 1.586 1.302 1.317 1.166 1.208 1.313 1.130 1.133 1.264 1.226 1.271 1.321 1.328 1.173 1.138 1.271 1.268 1.199 1.283 1.257 1.277 1.323 1.361 1.101 1.196 1.299 1.281 1.238 0.954 1.111 1.176 1.544 1.271 1.291 1.109 1.014 0.953 0.874 0.903 0.846 0.839 0.770 0.785 0.737 0.720 0.707 0.641 0.644 0.595 0.548 0.470 0.456 0.491 0.433 0.356 0.379 0.394 0.350 0.278 0.312 0.323 0.281 0.255 0.235 0.133 0.188 0.171 0.148 0.121 0.118
1.552 1.384 1.251 1.255 1.268 1.311 1.280 1.314 1.462 1.352 1.210 1.178 1.160 1.081 1.082 1.089 1.234 1.224 1.308 1.399 1.202 1.253 1.356 1.314 1.187 1.151 1.170 1.187 1.279 1.200 1.241 1.050 1.271 1.227 1.152 1.214 1.139 1.223 1.453 1.175 1.268 1.150 1.065 1.099 0.938 0.860 0.832 0.840 0.850 0.795 0.808 0.676 0.679 0.696 0.640 0.562 0.562 0.576 0.501 0.477 0.465 0.406 0.418 0.329 0.333 0.358 0.306 0.207 0.301 0.251 0.317 0.261 0.238 0.164 0.072 0.139 0.140
1.613 1.790 1.232 1.285 1.222 1.260 1.286 1.303 1.587 1.233 1.300 1.257 1.184 1.085 1.113 1.157 1.105 1.128 1.218 1.311 1.277 1.200 1.240 1.126 1.196 1.075 1.057 1.109 1.170 1.126 1.182 1.141 1.139 1.344 1.342 1.224 1.181 1.286 1.407 1.224 1.099 1.140 1.188 0.997 1.070 0.930 0.917 0.904 0.855 0.759 0.715 0.716 0.755 0.712 0.546 0.623 0.636 0.491 0.539 0.489 0.456 0.548 0.466 0.427 0.407 0.358 0.276 0.198 0.258 0.279 0.242 0.179 0.198 0.118 0.138 0.108 0.103
1.510 1.853 1.395 1.220 1.278 1.252 1.244 1.292 1.374 1.493 1.229 1.309 1.255 1.102 1.057 1.001 1.119 1.030 1.144 1.227 1.219 1.240 1.192 1.181 1.173 1.045 1.043 0.978 1.096 1.165 1.208 1.116 1.172 1.160 1.289 1.266 1.181 1.275 1.356 1.151 1.189 1.128 1.164 1.043 1.047 0.941 1.047 0.928 0.881 0.833 0.793 0.630 0.794 0.660 0.588 0.627 0.577 0.582 0.522 0.516 0.563 0.517 0.465 0.345 0.399 0.270 0.370 0.268 0.212 0.225 0.245 0.177 0.218 0.164 0.115 0.084 0.144
1.511 1.580 1.413 1.223 1.292 1.308 1.306 1.116 1.250 1.244 1.629 1.222 1.318 1.196 1.063 1.095 1.064 1.115 1.048 1.250 1.199 1.251 1.149 1.082 1.056 1.067 1.119 1.030 1.058 1.105 1.151 1.100 1.217 1.207 1.165 1.315 1.250 1.242 1.412 1.076 1.173 1.068 1.056 1.067 1.161 1.000 1.007 0.965 0.875 0.819 0.814 0.776 0.691 0.626 0.621 0.555 0.569 0.538 0.532 0.527 0.470 0.480 0.387 0.377 0.307 0.350 0.311 0.268 0.252 0.210 0.209 0.202 0.224 0.200 0.120 0.189 0.184
1.570 1.649 1.532 1.410 1.353 1.230 1.290 1.233 1.162 1.266 1.271 1.578 1.152 1.290 1.253 1.122 1.056 1.061 1.102 1.084 1.105 1.150 1.192 1.096 1.107 1.002 1.073 1.068 1.122 1.128 1.089 1.092 1.190 1.128 1.218 1.186 1.337 1.308 1.196 1.047 1.090 1.025 1.093 1.094 1.056 0.927 0.979 0.908 0.925 0.844 0.783 0.763 0.720 0.612 0.597 0.583 0.595 0.494 0.504 0.533 0.457 0.437 0.463 0.364 0.386 0.247 0.290 0.274 0.290 0.287 0.284 0.165 0.159 0.274 0.254 0.160 0.240
1.421 1.475 1.588 1.421 1.376 1.190 1.231 1.334 1.310 1.180 1.287 1.299 1.297 1.182 1.192 1.145 1.230 1.022 1.088 1.111 1.126 1.078 1.027 0.979 1.085 1.128 1.015 1.065 1.054 1.064 0.979 1.009 1.108 1.125 1.096 1.203 1.268 1.366 1.257 1.143 1.055 1.072 1.119 1.054 1.135 1.043 0.940 0.842 0.961 0.911 0.791 0.722 0.661 0.662 0.601 0.601 0.538 0.579 0.599 0.465 0.465 0.429 0.396 0.410 0.348 0.346 0.300 0.308 0.310 0.272 0.288 0.234 0.286 0.269 0.124 0.177 0.173
1.482 1.441 1.796 1.787 1.250 1.338 1.277 1.385 1.352 1.333 1.238 1.236 1.302 1.192 1.207 1.205 1.229 1.174 1.061 1.088 1.073 1.030 1.097 0.973 1.000 1.021 1.033 1.028 1.016 1.054 0.952 1.033 1.039 1.054 1.097 1.128 1.120 1.160 1.527 1.151 1.091 0.877 1.021 1.120 1.064 1.005 0.990 1.007 0.939 0.860 0.746 0.690 0.668 0.695 0.616 0.607 0.613 0.512 0.526 0.445 0.469 0.397 0.532 0.442 0.334 0.338 0.338 0.321 0.315 0.299 0.294 0.321 0.212 0.226 0.185 0.173 0.220
1.438 1.506 1.637 1.601 1.553 1.341 1.408 1.274 1.255 1.243 1.264 1.244 1.367 1.337 1.177 1.196 1.220 1.198 1.136 1.074 1.089 1.016 1.103 1.039 1.082 1.078 1.064 1.002 1.045 1.048 1.017 1.007 0.955 1.029 1.042 1.226 1.196 1.190 1.360 1.157 1.028 0.923 1.072 0.998 1.004 0.971 1.047 0.935 0.890 0.886 0.688 0.751 0.678 0.671 0.610 0.690 0.610 0.535 0.505 0.584 0.485 0.484 0.474 0.395 0.384 0.359 0.361 0.305 0.335 0.271 0.290 0.298 0.295 0.209 0.218 0.169 0.166
1.565 1.445 1.519 1.642 1.745 1.376 1.354 1.253 1.228 1.233 1.208 1.292 1.340 1.285 1.424 1.160 1.112 1.141 1.136 1.010 1.020 0.975 1.137 1.051 1.071 1.006 0.928 0.999 1.023 0.955 1.103 1.012 0.976 0.972 0.950 1.074 1.206 1.159 1.161 1.279 1.005 0.966 1.184 1.045 0.958 1.062 0.952 0.940 1.013 0.805 0.754 0.711 0.718 0.732 0.693 0.608 0.672 0.669 0.553 0.537 0.492 0.504 0.464 0.447 0.421 0.408 0.357 0.375 0.316 0.315 0.285 0.238 0.291 0.291 0.259 0.248 0.210
1.476 1.459 1.467 1.632 1.528 1.448 1.439 1.295 1.314 1.314 1.255 1.184 1.268 1.256 1.266 1.561 1.230 1.081 1.093 1.074 1.110 1.007 1.029 1.082 1.010 1.044 0.975 1.064 0.929 0.972 0.920 0.977 1.008 1.080 1.011 1.052 1.045 1.079 1.068 1.260 1.128 0.921 1.154 1.075 1.000 1.000 1.007 0.912 0.873 0.803 0.805 0.733 0.697 0.692 0.626 0.638 0.616 0.573 0.589 0.532 0.523 0.501 0.472 0.411 0.421 0.397 0.357 0.388 0.373 0.320 0.331 0.300 0.234 0.247 0.258 0.223 0.208
1.483 1.371 1.498 1.414 1.511 1.570 1.330 1.261 1.241 1.234 1.196 1.209 1.215 1.223 1.205 1.162 1.427 1.010 1.024 1.095 1.016 1.111 0.944 1.027 1.128 0.975 1.061 0.933 0.983 0.913 0.910 1.018 1.003 0.938 0.969 1.072 0.898 1.005 1.027 1.032 1.196 1.036 1.121 1.117 1.023 0.998 1.006 0.908 0.837 0.781 0.784 0.759 0.768 0.765 0.647 0.688 0.618 0.577 0.586 0.500 0.523 0.511 0.483 0.447 0.464 0.369 0.318 0.404 0.381 0.393 0.257 0.308 0.337 0.300 0.292 0.216 0.179
1.519 1.465 1.463 1.396 1.468 1.591 1.518 1.324 1.416 1.271 1.338 1.285 1.216 1.176 1.206 1.174 1.134 1.131 1.013 1.082 0.996 0.971 1.151 1.005 1.044 0.984 0.916 0.912 0.981 1.040 0.952 1.005 1.053 1.008 0.876 0.878 0.895 1.005 1.000 0.971 1.010 0.941 1.160 1.168 0.991 0.866 0.960 0.923 0.825 0.832 0.776 0.778 0.744 0.688 0.669 0.626 0.632 0.690 0.553 0.607 0.539 0.528 0.531 0.497 0.397 0.405 0.427 0.433 0.354 0.367 0.336 0.279 0.291 0.191 0.265 0.262 0.295
1.415 1.440 1.421 1.363 1.427 1.541 1.578 1.439 1.378 1.372 1.193 1.230 1.123 1.181 1.175 1.126 1.609 1.086 1.075 0.970 0.992 0.952 0.981 1.150 0.903 0.886 0.962 0.926 0.978 1.046 0.962 0.997 0.997 0.983 0.883 0.875 0.886 0.885 0.959 0.915 1.022 0.939 1.086 1.093 1.003 1.000 0.954 0.868 0.827 0.938 0.874 0.760 0.780 0.722 0.668 0.676 0.666 0.602 0.579 0.548 0.542 0.544 0.461 0.407 0.474 0.515 0.461 0.455 0.427 0.438 0.428 0.378 0.342 0.262 0.333 0.259 0.261
1.328 1.403 1.353 1.336 1.207 1.413 1.402 1.445 1.390 1.335 1.248 1.195 1.200 1.166 1.098 1.253 1.131 1.040 0.978 1.143 0.959 0.922 0.946 0.976 1.071 0.900 1.027 0.964 0.927 0.877 0.980 1.014 0.935 0.868 0.928 0.846 0.853 0.830 0.876 0.990 1.070 0.996 1.188 1.015 1.001 1.039 0.868 0.855 0.845 0.835 0.813 0.803 0.779 0.728 0.709 0.713 0.667 0.605 0.578 0.544 0.520 0.507 0.482 0.558 0.492 0.558 0.457 0.450 0.475 0.523 0.382 0.259 0.257 0.337 0.280 0.263 0.231
1.307 1.444 1.344 1.443 1.352 1.320 1.314 1.563 1.322 1.385 1.223 1.268 1.270 1.053 1.109 1.123 1.092 1.347 1.067 1.094 1.121 0.930 0.984 0.929 0.890 0.940 0.944 1.003 0.887 0.934 0.912 1.041 0.874 0.890 0.927 0.945 0.834 0.887 0.880 0.891 0.966 0.988 1.051 0.943 1.093 0.929 0.862 0.917 0.880 0.826 0.784 0.754 0.720 0.751 0.687 0.718 0.664 0.657 0.651 0.636 0.605 0.518 0.511 0.474 0.521 0.508 0.571 0.412 0.443 0.376 0.377 0.370 0.315 0.318 0.292 0.240 0.178
1.324 1.418 1.373 1.342 1.331 1.360 1.264 1.392 1.386 1.297 1.263 1.229 1.227 1.266 1.178 1.059 1.093 1.037 1.031 1.032 0.974 1.035 1.010 0.952 0.917 0.976 0.896 0.972 0.998 0.839 0.953 0.896 0.802 0.824 0.860 0.836 0.887 0.889 0.836 0.902 0.939 0.888 0.978 1.099 1.022 0.908 0.899 0.849 0.823 0.849 0.761 0.798 0.743 0.788 0.741 0.731 0.742 0.655 0.649 0.661 0.610 0.533 0.581 0.567 0.601 0.559 0.501 0.529 0.449 0.454 0.408 0.350 0.316 0.266 0.261 0.253 0.250
1.229 1.268 1.351 1.315 1.322 1.362 1.283 1.341 1.234 1.194 1.287 1.090 1.039 1.067 1.082 1.072 1.062 1.074 1.256 1.012 0.959 0.956 0.977 1.041 0.985 0.885 0.977 1.042 0.859 0.896 0.862 0.853 0.861 0.896 0.787 0.856 0.823 0.896 0.936 0.858 0.849 0.858 0.991 0.940 0.919 0.872 0.858 0.850 0.796 0.805 0.844 0.696 0.795 0.800 0.751 0.674 0.739 0.644 0.677 0.629 0.622 0.578 0.568 0.499 0.527 0.524 0.434 0.482 0.391 0.436 0.348 0.401 0.348 0.307 0.341 0.263 0.277
1.259 1.276 1.177 1.239 1.302 1.301 1.304 1.278 1.419 1.257 1.134 1.154 1.144 1.094 1.002 1.056 1.002 1.064 1.132 1.011 0.984 0.926 0.971 1.028 1.026 0.903 0.902 0.840 0.810 0.934 0.854 0.820 0.809 0.829 0.844 0.896 0.817 0.844 0.829 0.788 0.824 0.842 0.939 0.928 1.132 0.983 0.856 0.888 0.781 0.883 0.747 0.804 0.729 0.713 0.733 0.678 0.664 0.708 0.624 0.654 0.732 0.607 0.599 0.646 0.610 0.481 0.498 0.548 0.429 0.456 0.463 0.450 0.355 0.403 0.337 0.348 0.286
1.175 1.175 1.239 1.118 1.378 1.204 1.332 1.200 1.219 1.204 1.040 1.119 1.097 1.083 1.116 0.907 1.000 0.967 0.971 0.937 0.997 0.958 1.029 1.023 0.902 0.933 0.893 0.871 0.973 0.882 0.894 0.923 0.932 0.885 0.817 0.793 0.803 0.857 0.761 0.770 0.815 0.822 0.956 0.974 0.917 0.839 0.857 0.828 0.898 0.857 0.789 0.758 0.827 0.721 0.742 0.671 0.680 0.683 0.659 0.639 0.657 0.617 0.518 0.643 0.594 0.589 0.533 0.483 0.393 0.451 0.440 0.372 0.372 0.358 0.298 0.321 0.272
1.197 1.212 1.156 1.191 1.197 1.358 1.209 1.200 1.166 1.071 1.054 1.064 1.010 1.013 1.015 1.005 0.930 0.980 1.027 1.188 0.945 1.028 1.001 0.941 0.963 0.979 0.960 0.936 0.909 0.985 0.928 0.849 0.912 0.888 0.912 0.882 0.937 0.824 0.856 0.808 0.775 0.891 0.937 0.931 0.957 0.899 0.809 0.817 0.773 0.788 0.773 0.741 0.784 0.792 0.761 0.690 0.717 0.711 0.679 0.618 0.688 0.608 0.543 0.615 0.604 0.523 0.508 0.446 0.471 0.483 0.426 0.394 0.415 0.305 0.331 0.375 0.283
1.387 1.217 1.176 1.172 1.112 1.203 1.156 1.152 1.109 1.106 1.098 0.951 1.030 1.045 0.949 1.007 0.981 0.979 0.966 0.981 1.015 1.108 0.959 0.896 0.940 0.872 0.918 0.913 0.890 0.917 0.802 0.858 0.857 0.852 0.894 0.760 0.810 0.813 0.895 0.737 0.822 0.924 0.868 0.884 0.887 1.011 0.961 0.974 0.817 0.815 0.781 0.889 0.808 0.790 0.773 0.702 0.682 0.692 0.635 0.682 0.659 0.566 0.663 0.602 0.499 0.517 0.492 0.528 0.435 0.473 0.438 0.393 0.399 0.400 0.372 0.357 0.340
1.385 1.428 1.413 1.264 1.234 1.286 1.341 1.177 1.161 1.161 1.066 1.009 1.055 0.996 1.039 0.994 1.025 0.967 0.997 1.047 0.972 0.888 0.812 0.979 0.833 0.916 0.964 0.906 0.919 0.934 0.892 0.932 0.783 0.824 0.815 0.776 0.795 0.782 0.810 0.896 0.851 0.850 0.950 0.919 0.889 0.900 0.875 0.760 1.009 0.829 0.815 0.839 0.789 0.795 0.720 0.745 0.737 0.771 0.686 0.654 0.679 0.654 0.620 0.631 0.547 0.488 0.542 0.553 0.484 0.432 0.420 0.471 0.477 0.354 0.401 0.358 0.316
1.281 1.325 1.268 1.277 1.381 1.333 1.254 1.189 1.192 1.169 1.130 1.087 1.035 1.041 1.004 1.031 0.958 0.990 1.152 0.947 0.864 0.992 1.001 0.907 0.918 0.939 0.983 0.907 0.904 0.961 0.934 0.869 0.843 0.810 0.872 0.808 0.784 0.785 0.844 0.824 0.824 0.837 0.879 0.921 0.834 0.920 0.882 0.845 0.843 0.848 0.865 0.824 0.797 0.738 0.747 0.786 0.750 0.737 0.730 0.680 0.682 0.602 0.598 0.566 0.539 0.607 0.540 0.521 0.496 0.497 0.453 0.480 0.438 0.377 0.404 0.320 0.310
1.526 1.468 1.440 1.303 1.190 1.316 1.305 1.264 1.157 1.161 1.035 1.084 1.050 1.004 1.025 0.977 1.130 1.073 1.021 0.971 0.948 0.912 0.928 0.969 0.935 0.920 0.978 0.951 0.855 0.920 0.922 0.895 0.865 0.803 0.802 0.880 0.859 0.864 0.832 0.875 0.801 0.806 0.893 0.947 0.818 0.897 0.859 0.847 0.855 0.955 0.823 0.826 0.797 0.798 0.815 0.746 0.772 0.735 0.649 0.655 0.650 0.582 0.577 0.578 0.630 0.634 0.502 0.531 0.562 0.502 0.473 0.497 0.478 0.438 0.470 0.385 0.325
1.245 1.332 1.328 1.259 1.189 1.302 1.246 1.233 1.211 1.276 1.270 1.165 1.056 1.124 1.163 1.122 1.116 1.046 0.956 0.989 1.022 1.019 1.037 1.019 1.151 1.021 0.972 0.957 0.998 0.939 0.876 0.902 0.826 0.819 0.812 0.848 0.870 0.908 0.897 0.796 0.813 0.756 0.894 0.851 0.915 0.873 0.944 0.862 0.823 0.819 0.873 0.865 0.719 0.877 0.787 0.818 0.793 0.697 0.764 0.728 0.694 0.601 0.618 0.679 0.615 0.606 0.593 0.635 0.575 0.521 0.515 0.510 0.480 0.468 0.386 0.397 0.340
