includes/estuary_coast/floodfiles/results/res-0008.wdfp
ncols         730
nrows         472
xllcorner     380617.130607
yllcorner     6542069.774949
cellsize      20.000000
NODATA_value  -9999.000000
[rows 340 to 373 of 472, columns 0 to 76 of 730]
2.006 2.004 2.004 2.001 1.988 1.954 1.926 1.893 1.880 1.871 1.861 1.838 1.786 1.711 1.674 1.636 1.602 1.569 1.492 1.429 1.387 1.314 1.281 1.206 1.163 1.107 1.039 0.951 0.885 0.863 0.847 0.806 0.727 0.601 0.473 0.338 0.262 0.248 0.286 0.328 0.335 0.346 0.367 0.371 0.372 0.372 0.347 0.347 0.347 0.347 0.348 0.351 0.354 0.365 0.385 0.404 0.000 0.011 0.000 0.000 0.102 0.080 0.023 0.016 0.025 0.005 0.040 0.002 0.002 0.010 0.000 0.000 0.000 0.000 0.000 0.005 0.001
2.023 2.011 2.007 2.002 1.997 1.959 1.933 1.910 1.889 1.888 1.884 1.865 1.813 1.744 1.695 1.656 1.625 1.599 1.535 1.478 1.439 1.361 1.322 1.284 1.195 1.142 1.080 0.993 0.927 0.873 0.845 0.798 0.719 0.605 0.448 0.300 0.212 0.201 0.252 0.317 0.363 0.361 0.371 0.373 0.374 0.374 0.367 0.351 0.350 0.350 0.350 0.352 0.355 0.370 0.382 0.000 0.006 0.018 0.079 0.186 0.035 0.008 0.014 0.091 0.000 0.000 0.000 0.000 0.003 0.000 0.000 0.045 0.000 0.000 0.000 0.101 0.000
2.074 2.027 2.024 2.017 2.007 1.989 1.940 1.916 1.895 1.895 1.894 1.877 1.827 1.774 1.706 1.666 1.639 1.620 1.596 1.525 1.451 1.405 1.365 1.326 1.260 1.199 1.143 1.055 1.000 0.931 0.857 0.802 0.723 0.615 0.481 0.320 0.235 0.221 0.268 0.330 0.373 0.389 0.374 0.375 0.373 0.375 0.369 0.369 0.356 0.354 0.353 0.354 0.350 0.000 0.000 0.228 0.178 0.159 0.036 0.075 0.159 0.000 0.000 0.064 0.167 0.099 0.062 0.066 0.031 0.000 0.052 0.000 0.004 0.038 0.002 0.000 0.019
2.112 2.064 2.050 2.038 2.024 2.005 1.978 1.927 1.901 1.895 1.892 1.876 1.828 1.777 1.723 1.666 1.638 1.627 1.617 1.589 1.496 1.449 1.410 1.377 1.344 1.263 1.182 1.122 1.036 0.979 0.925 0.825 0.750 0.654 0.540 0.412 0.320 0.303 0.326 0.371 0.399 0.398 0.390 0.371 0.366 0.369 0.372 0.374 0.357 0.352 0.347 0.344 0.000 0.000 0.004 0.000 0.211 0.029 0.000 0.004 0.107 0.120 0.010 0.038 0.091 0.119 0.036 0.070 0.057 0.000 0.015 0.007 0.081 0.003 0.004 0.014 0.014
2.154 2.123 2.082 2.067 2.050 2.030 2.014 1.963 1.916 1.902 1.891 1.879 1.849 1.777 1.722 1.661 1.635 1.628 1.625 1.609 1.551 1.478 1.443 1.419 1.398 1.369 1.259 1.194 1.098 1.031 0.970 0.907 0.796 0.716 0.613 0.523 0.446 0.399 0.404 0.419 0.427 0.420 0.384 0.371 0.364 0.367 0.373 0.375 0.370 0.346 0.335 0.335 0.000 0.000 0.040 0.002 0.023 0.143 0.013 0.000 0.042 0.000 0.000 0.036 0.028 0.105 0.051 0.185 0.041 0.023 0.019 0.000 0.000 0.005 0.002 0.000 0.001
2.196 2.174 2.155 2.114 2.097 2.077 2.051 2.014 1.959 1.928 1.909 1.888 1.856 1.811 1.730 1.666 1.637 1.629 1.629 1.618 1.564 1.524 1.468 1.455 1.448 1.429 1.367 1.274 1.156 1.089 1.024 0.965 0.864 0.799 0.699 0.628 0.550 0.516 0.474 0.468 0.459 0.441 0.404 0.381 0.374 0.373 0.378 0.378 0.369 0.000 0.000 0.016 0.121 0.158 0.118 0.110 0.059 0.021 0.059 0.059 0.003 0.028 0.034 0.031 0.028 0.025 0.074 0.031 0.028 0.002 0.000 0.102 0.022 0.106 0.001 0.000 0.001
2.234 2.208 2.189 2.174 2.138 2.120 2.096 2.060 2.029 1.959 1.934 1.907 1.874 1.832 1.753 1.693 1.654 1.641 1.636 1.626 1.571 1.535 1.506 1.480 1.486 1.478 1.431 1.333 1.208 1.124 1.059 1.009 0.963 0.874 0.786 0.719 0.639 0.595 0.534 0.513 0.493 0.471 0.429 0.403 0.396 0.391 0.392 0.388 0.000 0.000 0.000 0.049 0.000 0.088 0.125 0.043 0.000 0.128 0.033 0.049 0.020 0.027 0.012 0.026 0.113 0.053 0.117 0.035 0.021 0.057 0.067 0.277 0.008 0.015 0.055 0.048 0.023
2.261 2.235 2.218 2.208 2.201 2.170 2.141 2.109 2.064 2.030 1.985 1.946 1.914 1.875 1.828 1.738 1.686 1.668 1.655 1.639 1.614 1.545 1.515 1.492 1.503 1.500 1.455 1.357 1.260 1.143 1.082 1.042 1.012 0.977 0.864 0.775 0.708 0.655 0.616 0.586 0.535 0.511 0.466 0.448 0.428 0.411 0.407 0.398 0.000 0.037 0.002 0.000 0.047 0.026 0.048 0.000 0.000 0.000 0.036 0.050 0.005 0.040 0.029 0.027 0.014 0.000 0.033 0.023 0.052 0.004 0.026 0.163 0.005 0.000 0.002 0.000 0.003
2.290 2.253 2.241 2.239 2.240 2.237 2.202 2.165 2.116 2.077 2.045 1.982 1.952 1.919 1.862 1.821 1.732 1.705 1.684 1.662 1.633 1.560 1.527 1.495 1.495 1.488 1.447 1.354 1.260 1.175 1.090 1.064 1.049 1.024 0.958 0.838 0.761 0.700 0.655 0.622 0.566 0.520 0.499 0.472 0.458 0.433 0.425 0.414 0.398 0.000 0.000 0.000 0.000 0.010 0.000 0.000 0.451 0.475 0.008 0.007 0.028 0.046 0.064 0.000 0.000 0.000 0.000 0.086 0.066 0.046 0.048 0.001 0.000 0.038 0.001 0.000 0.000
2.296 2.281 2.264 2.267 2.274 2.275 2.254 2.204 2.150 2.107 2.075 2.049 1.995 1.968 1.916 1.878 1.819 1.748 1.721 1.693 1.661 1.633 1.555 1.493 1.481 1.464 1.425 1.360 1.252 1.170 1.092 1.070 1.067 1.049 0.996 0.899 0.785 0.716 0.667 0.635 0.614 0.549 0.529 0.501 0.485 0.471 0.444 0.433 0.418 0.000 0.000 0.000 0.000 0.393 0.415 0.441 0.466 0.483 0.505 0.002 0.020 0.016 0.003 0.000 0.000 0.000 0.053 0.003 0.064 0.197 0.065 0.002 0.001 0.000 0.000 0.000 0.000
2.302 2.290 2.275 2.281 2.293 2.296 2.278 2.234 2.171 2.128 2.097 2.077 2.062 2.020 1.971 1.931 1.869 1.843 1.772 1.743 1.711 1.674 1.607 1.532 1.480 1.451 1.410 1.351 1.249 1.173 1.096 1.072 1.069 1.054 1.004 0.907 0.817 0.712 0.659 0.631 0.618 0.591 0.566 0.525 0.507 0.496 0.484 0.458 0.446 0.000 0.421 0.418 0.412 0.421 0.436 0.454 0.473 0.484 0.498 0.508 0.504 0.006 0.063 0.000 0.007 0.000 0.000 0.011 0.069 0.185 0.026 0.040 0.071 0.141 0.041 0.027 0.030
2.325 2.288 2.283 2.285 2.293 2.295 2.279 2.238 2.193 2.138 2.111 2.099 2.092 2.079 2.027 1.967 1.921 1.883 1.853 1.789 1.760 1.724 1.654 1.612 1.497 1.457 1.411 1.356 1.290 1.189 1.111 1.074 1.062 1.042 0.994 0.898 0.806 0.719 0.639 0.610 0.607 0.606 0.585 0.544 0.526 0.511 0.501 0.492 0.469 0.454 0.447 0.447 0.446 0.445 0.454 0.465 0.477 0.489 0.495 0.497 0.498 0.491 0.000 0.001 0.002 0.000 0.000 0.035 0.029 0.011 0.023 0.315 0.000 0.000 0.008 0.027 0.006
2.333 2.322 2.300 2.293 2.286 2.283 2.269 2.231 2.193 2.148 2.123 2.112 2.110 2.103 2.077 2.000 1.952 1.915 1.890 1.871 1.817 1.756 1.709 1.628 1.577 1.478 1.429 1.384 1.324 1.259 1.143 1.088 1.059 1.028 0.979 0.886 0.798 0.707 0.626 0.595 0.596 0.606 0.592 0.576 0.534 0.520 0.511 0.505 0.493 0.475 0.473 0.468 0.467 0.470 0.475 0.481 0.489 0.496 0.502 0.497 0.496 0.492 0.485 0.000 0.000 0.000 0.000 0.063 0.018 0.021 0.072 0.000 0.000 0.000 0.000 0.000 0.029
2.374 2.346 2.331 2.302 2.284 2.278 2.263 2.240 2.192 2.151 2.126 2.115 2.115 2.111 2.088 2.035 1.970 1.937 1.921 1.913 1.897 1.841 1.773 1.682 1.620 1.565 1.465 1.416 1.363 1.271 1.215 1.109 1.069 1.028 0.975 0.908 0.803 0.719 0.637 0.604 0.604 0.612 0.597 0.579 0.557 0.522 0.517 0.514 0.514 0.501 0.492 0.488 0.487 0.489 0.492 0.490 0.496 0.502 0.505 0.508 0.502 0.500 0.494 0.486 0.474 0.003 0.007 0.018 0.038 0.020 0.002 0.003 0.000 0.055 0.000 0.015 0.004
2.388 2.370 2.352 2.335 2.296 2.282 2.266 2.244 2.212 2.158 2.133 2.115 2.112 2.106 2.086 2.036 1.998 1.956 1.948 1.948 1.944 1.906 1.823 1.721 1.647 1.588 1.541 1.454 1.410 1.322 1.264 1.182 1.091 1.040 0.985 0.922 0.850 0.748 0.668 0.637 0.627 0.620 0.602 0.582 0.556 0.525 0.514 0.513 0.517 0.520 0.511 0.497 0.496 0.497 0.499 0.503 0.502 0.508 0.513 0.518 0.522 0.514 0.510 0.502 0.494 0.484 0.008 0.026 0.047 0.000 0.000 0.012 0.059 0.000 0.005 0.006 0.048
2.423 2.400 2.377 2.356 2.327 2.296 2.278 2.262 2.226 2.195 2.149 2.121 2.110 2.098 2.079 2.033 2.000 1.963 1.960 1.971 1.974 1.942 1.856 1.744 1.663 1.603 1.562 1.531 1.455 1.379 1.315 1.222 1.163 1.064 1.009 0.952 0.890 0.797 0.721 0.669 0.650 0.637 0.620 0.586 0.559 0.526 0.514 0.512 0.518 0.523 0.515 0.512 0.501 0.501 0.502 0.506 0.511 0.518 0.522 0.531 0.544 0.549 0.539 0.532 0.522 0.509 0.493 0.493 0.000 0.000 0.002 0.000 0.000 0.003 0.005 0.020 0.020
2.467 2.435 2.406 2.376 2.357 2.341 2.304 2.283 2.245 2.216 2.188 2.145 2.113 2.097 2.077 2.052 1.984 1.966 1.962 1.969 1.973 1.941 1.857 1.769 1.665 1.607 1.575 1.554 1.530 1.438 1.342 1.260 1.186 1.124 1.032 0.982 0.930 0.844 0.796 0.706 0.678 0.655 0.631 0.605 0.567 0.532 0.524 0.520 0.523 0.520 0.519 0.515 0.510 0.502 0.500 0.503 0.512 0.525 0.536 0.552 0.567 0.577 0.580 0.565 0.554 0.537 0.519 0.505 0.000 0.001 0.000 0.000 0.000 0.015 0.110 0.025 0.026
2.508 2.459 2.424 2.392 2.375 2.362 2.332 2.312 2.272 2.241 2.211 2.167 2.124 2.104 2.082 2.045 2.005 1.969 1.959 1.950 1.945 1.914 1.834 1.755 1.659 1.606 1.581 1.574 1.558 1.509 1.377 1.281 1.198 1.134 1.085 1.011 0.937 0.889 0.815 0.770 0.702 0.671 0.655 0.628 0.601 0.551 0.538 0.533 0.527 0.528 0.522 0.517 0.510 0.500 0.497 0.499 0.512 0.529 0.552 0.571 0.595 0.613 0.619 0.613 0.588 0.564 0.545 0.529 0.516 0.000 0.000 0.000 0.008 0.015 0.013 0.031 0.014
2.523 2.484 2.435 2.404 2.391 2.385 2.377 2.350 2.304 2.268 2.224 2.195 2.148 2.117 2.095 2.070 2.021 1.997 1.956 1.929 1.908 1.877 1.826 1.738 1.650 1.603 1.582 1.582 1.572 1.522 1.417 1.285 1.195 1.130 1.088 1.063 1.007 0.938 0.861 0.808 0.762 0.693 0.663 0.638 0.593 0.576 0.544 0.539 0.536 0.534 0.530 0.520 0.513 0.503 0.500 0.503 0.517 0.536 0.564 0.596 0.626 0.656 0.665 0.653 0.626 0.600 0.579 0.564 0.553 0.000 0.000 0.000 0.027 0.033 0.011 0.024 0.000
2.518 2.483 2.447 2.411 2.405 2.408 2.406 2.383 2.335 2.291 2.250 2.200 2.174 2.131 2.110 2.062 2.035 2.008 1.983 1.910 1.886 1.854 1.810 1.739 1.648 1.605 1.575 1.573 1.558 1.508 1.403 1.302 1.187 1.119 1.082 1.067 1.034 0.967 0.885 0.820 0.765 0.722 0.663 0.642 0.602 0.589 0.569 0.548 0.544 0.540 0.536 0.531 0.518 0.513 0.511 0.516 0.530 0.548 0.577 0.613 0.654 0.687 0.697 0.684 0.656 0.624 0.597 0.584 0.578 0.573 0.002 0.020 0.024 0.001 0.017 0.010 0.006
2.498 2.471 2.442 2.413 2.414 2.425 2.429 2.408 2.366 2.304 2.244 2.207 2.183 2.165 2.130 2.084 2.053 2.021 1.991 1.919 1.878 1.846 1.806 1.741 1.679 1.611 1.569 1.553 1.523 1.472 1.377 1.282 1.170 1.103 1.071 1.065 1.051 0.991 0.894 0.817 0.752 0.703 0.673 0.635 0.606 0.596 0.578 0.577 0.556 0.551 0.547 0.543 0.531 0.525 0.526 0.532 0.546 0.566 0.587 0.622 0.661 0.694 0.705 0.690 0.663 0.632 0.614 0.601 0.601 0.602 0.600 0.012 0.013 0.008 0.012 0.006 0.018
2.477 2.457 2.423 2.411 2.415 2.428 2.434 2.413 2.369 2.317 2.244 2.208 2.188 2.177 2.162 2.112 2.073 2.033 1.982 1.937 1.879 1.848 1.813 1.738 1.692 1.649 1.587 1.528 1.494 1.444 1.375 1.245 1.165 1.102 1.069 1.065 1.051 0.990 0.912 0.801 0.724 0.667 0.640 0.635 0.607 0.597 0.589 0.581 0.573 0.553 0.550 0.548 0.539 0.540 0.539 0.546 0.558 0.575 0.598 0.620 0.653 0.680 0.688 0.678 0.654 0.633 0.620 0.617 0.622 0.627 0.624 0.612 0.004 0.015 0.012 0.011 0.022
2.459 2.446 2.414 2.407 2.408 2.416 2.415 2.394 2.354 2.306 2.236 2.204 2.190 2.186 2.172 2.145 2.089 2.041 1.974 1.939 1.912 1.861 1.829 1.757 1.710 1.665 1.588 1.519 1.479 1.430 1.346 1.257 1.174 1.114 1.076 1.063 1.041 0.973 0.894 0.783 0.695 0.628 0.598 0.602 0.619 0.597 0.590 0.580 0.570 0.562 0.548 0.540 0.543 0.548 0.554 0.556 0.567 0.591 0.607 0.627 0.643 0.658 0.664 0.661 0.650 0.630 0.623 0.623 0.630 0.638 0.636 0.624 0.601 0.014 0.029 0.024 0.013
2.448 2.419 2.410 2.398 2.396 2.390 2.379 2.360 2.326 2.286 2.226 2.199 2.190 2.192 2.187 2.156 2.108 2.041 1.973 1.941 1.919 1.901 1.853 1.784 1.731 1.657 1.611 1.533 1.468 1.421 1.367 1.272 1.210 1.136 1.087 1.050 1.017 0.965 0.878 0.767 0.678 0.607 0.576 0.588 0.613 0.614 0.589 0.576 0.561 0.551 0.554 0.551 0.552 0.561 0.570 0.579 0.583 0.593 0.606 0.623 0.637 0.643 0.648 0.647 0.643 0.637 0.624 0.625 0.630 0.636 0.635 0.626 0.608 0.597 0.006 0.006 0.010
2.440 2.404 2.394 2.385 2.378 2.366 2.347 2.328 2.301 2.270 2.224 2.195 2.188 2.188 2.180 2.149 2.100 2.028 1.968 1.940 1.924 1.915 1.879 1.809 1.743 1.680 1.591 1.544 1.472 1.431 1.347 1.292 1.235 1.182 1.084 1.048 1.008 0.956 0.866 0.770 0.690 0.621 0.594 0.601 0.620 0.616 0.606 0.574 0.553 0.537 0.535 0.542 0.548 0.562 0.573 0.583 0.592 0.594 0.603 0.617 0.628 0.640 0.638 0.640 0.639 0.638 0.636 0.628 0.631 0.632 0.630 0.624 0.612 0.606 0.002 0.009 0.005
2.438 2.404 2.391 2.377 2.364 2.340 2.322 2.304 2.282 2.244 2.215 2.193 2.179 2.168 2.157 2.120 2.074 2.013 1.955 1.936 1.936 1.936 1.906 1.846 1.753 1.650 1.588 1.542 1.508 1.450 1.372 1.318 1.259 1.204 1.103 1.052 1.009 0.932 0.874 0.799 0.719 0.663 0.636 0.625 0.629 0.622 0.606 0.568 0.540 0.519 0.517 0.534 0.552 0.563 0.576 0.585 0.592 0.598 0.600 0.612 0.622 0.635 0.640 0.636 0.638 0.638 0.637 0.642 0.631 0.630 0.628 0.625 0.621 0.613 0.617 0.016 0.030
2.438 2.425 2.393 2.372 2.338 2.323 2.298 2.281 2.251 2.232 2.196 2.180 2.158 2.132 2.116 2.088 2.050 1.989 1.945 1.933 1.938 1.942 1.913 1.847 1.766 1.642 1.578 1.537 1.512 1.483 1.409 1.340 1.274 1.191 1.124 1.052 1.009 0.964 0.883 0.828 0.773 0.713 0.668 0.655 0.647 0.635 0.597 0.570 0.540 0.517 0.515 0.534 0.554 0.574 0.579 0.587 0.592 0.597 0.603 0.606 0.619 0.630 0.639 0.646 0.642 0.644 0.644 0.649 0.648 0.633 0.632 0.630 0.628 0.627 0.622 0.628 0.019
2.453 2.424 2.393 2.362 2.327 2.296 2.278 2.263 2.243 2.206 2.187 2.168 2.153 2.104 2.084 2.059 2.029 1.972 1.941 1.924 1.926 1.919 1.886 1.823 1.744 1.620 1.560 1.527 1.515 1.502 1.450 1.363 1.285 1.183 1.125 1.080 1.018 0.980 0.907 0.858 0.810 0.745 0.701 0.682 0.666 0.629 0.605 0.581 0.556 0.537 0.535 0.549 0.564 0.581 0.582 0.588 0.589 0.590 0.594 0.604 0.616 0.630 0.642 0.652 0.658 0.654 0.660 0.658 0.655 0.654 0.640 0.638 0.638 0.636 0.635 0.628 0.069
2.466 2.437 2.395 2.351 2.307 2.281 2.263 2.251 2.227 2.200 2.179 2.156 2.111 2.090 2.055 2.035 1.986 1.963 1.927 1.914 1.887 1.864 1.832 1.775 1.705 1.599 1.547 1.523 1.521 1.512 1.466 1.390 1.283 1.176 1.115 1.074 1.045 0.999 0.932 0.885 0.814 0.775 0.728 0.702 0.683 0.664 0.626 0.604 0.580 0.567 0.559 0.567 0.579 0.590 0.586 0.589 0.588 0.586 0.590 0.602 0.620 0.633 0.648 0.661 0.670 0.679 0.672 0.668 0.665 0.664 0.665 0.651 0.650 0.648 0.645 0.640 0.045
2.465 2.432 2.386 2.341 2.293 2.267 2.252 2.239 2.228 2.192 2.162 2.118 2.091 2.051 2.029 2.009 1.946 1.925 1.905 1.889 1.858 1.813 1.781 1.735 1.678 1.596 1.540 1.520 1.516 1.505 1.457 1.378 1.264 1.158 1.096 1.061 1.043 1.014 0.956 0.905 0.833 0.788 0.755 0.713 0.695 0.658 0.642 0.625 0.609 0.587 0.585 0.588 0.595 0.595 0.592 0.592 0.592 0.589 0.594 0.606 0.624 0.642 0.657 0.673 0.687 0.689 0.685 0.677 0.673 0.673 0.676 0.679 0.668 0.665 0.660 0.653 0.638
2.437 2.405 2.363 2.314 2.280 2.251 2.244 2.242 2.226 2.197 2.156 2.105 2.056 2.027 2.005 1.988 1.932 1.911 1.888 1.867 1.813 1.771 1.740 1.702 1.633 1.583 1.541 1.514 1.491 1.472 1.422 1.336 1.238 1.136 1.077 1.047 1.040 1.023 0.986 0.915 0.838 0.789 0.753 0.730 0.700 0.670 0.657 0.643 0.631 0.612 0.607 0.607 0.603 0.606 0.605 0.603 0.600 0.599 0.604 0.618 0.631 0.648 0.664 0.682 0.695 0.698 0.692 0.686 0.679 0.682 0.689 0.697 0.701 0.688 0.680 0.670 0.653
2.379 2.356 2.324 2.291 2.254 2.243 2.244 2.247 2.232 2.195 2.147 2.077 2.034 2.003 1.984 1.959 1.941 1.902 1.873 1.813 1.783 1.737 1.708 1.647 1.613 1.551 1.522 1.485 1.441 1.414 1.367 1.301 1.203 1.121 1.068 1.043 1.039 1.026 0.987 0.929 0.831 0.776 0.738 0.717 0.711 0.682 0.673 0.663 0.640 0.638 0.631 0.630 0.630 0.615 0.615 0.614 0.612 0.616 0.620 0.629 0.641 0.649 0.666 0.684 0.697 0.699 0.693 0.687 0.688 0.690 0.703 0.718 0.729 0.726 0.703 0.682 0.670
2.328 2.312 2.290 2.269 2.238 2.234 2.237 2.235 2.218 2.179 2.128 2.059 2.012 1.975 1.962 1.954 1.923 1.887 1.848 1.791 1.733 1.703 1.677 1.633 1.571 1.539 1.508 1.481 1.403 1.371 1.328 1.273 1.185 1.122 1.071 1.047 1.035 1.015 0.975 0.915 0.820 0.760 0.717 0.696 0.696 0.692 0.679 0.671 0.655 0.650 0.647 0.642 0.642 0.627 0.626 0.626 0.628 0.630 0.634 0.640 0.647 0.650 0.663 0.680 0.689 0.691 0.688 0.684 0.688 0.696 0.717 0.740 0.752 0.744 0.728 0.697 0.685
2.282 2.272 2.258 2.232 2.219 2.213 2.205 2.203 2.176 2.137 2.089 2.037 1.984 1.964 1.959 1.953 1.928 1.884 1.824 1.748 1.706 1.675 1.653 1.613 1.562 1.528 1.493 1.423 1.391 1.344 1.298 1.228 1.181 1.123 1.083 1.040 1.023 0.986 0.944 0.887 0.804 0.744 0.699 0.679 0.682 0.690 0.692 0.676 0.662 0.657 0.655 0.654 0.646 0.638 0.637 0.637 0.639 0.644 0.650 0.653 0.652 0.656 0.662 0.667 0.676 0.680 0.679 0.680 0.685 0.697 0.723 0.751 0.765 0.756 0.735 0.713 0.697
