includes/estuary_coast/floodfiles/results/res-0010.wd
ncols         730
nrows         472
xllcorner     380617.130607059982140
yllcorner     6542069.774948899634182
cellsize      20.000000000000000
NODATA_value  -9999.000000
[rows 272 to 305 of 472, columns 0 to 76 of 730]
6.302 6.282 6.239 6.202 6.166 6.130 6.121 6.120 6.108 6.069 6.027 5.974 5.942 5.924 5.913 5.890 5.861 5.816 5.782 5.758 5.736 5.692 5.645 5.618 5.568 5.524 5.499 5.471 5.439 5.387 5.345 5.325 5.309 5.294 5.259 5.209 5.136 5.090 5.066 5.062 5.057 5.035 5.017 4.984 4.968 4.952 4.926 4.892 4.031 3.829 3.859 3.807 3.824 3.716 3.685 3.687 3.737 3.639 3.716 3.711 3.796 3.603 3.678 3.777 3.803 3.661 3.756 3.654 3.724 3.826 3.711 3.735 3.592 3.418 3.534 3.472 3.451
6.297 6.275 6.242 6.201 6.169 6.134 6.123 6.114 6.100 6.059 6.018 5.977 5.933 5.919 5.914 5.900 5.867 5.835 5.792 5.768 5.743 5.725 5.671 5.627 5.582 5.552 5.526 5.483 5.455 5.405 5.373 5.322 5.303 5.281 5.247 5.198 5.131 5.077 5.056 5.055 5.055 5.043 5.010 4.988 4.976 4.968 4.951 4.919 4.893 4.868 4.832 3.906 3.757 3.849 3.757 3.715 3.837 3.789 3.704 3.641 3.637 3.744 3.680 3.749 3.851 3.794 3.827 3.637 3.582 3.848 3.610 3.528 3.510 3.461 3.468 3.562 3.434
6.294 6.270 6.244 6.217 6.175 6.138 6.125 6.107 6.086 6.047 6.009 5.969 5.928 5.915 5.914 5.906 5.873 5.837 5.793 5.765 5.751 5.739 5.703 5.656 5.595 5.560 5.534 5.508 5.472 5.429 5.386 5.337 5.309 5.281 5.246 5.201 5.136 5.084 5.061 5.058 5.056 5.044 5.024 4.989 4.980 4.977 4.971 4.943 4.911 4.886 4.853 3.896 3.933 3.958 3.703 3.745 3.692 3.684 3.677 3.883 3.672 3.614 3.632 3.709 3.802 3.826 3.665 3.572 3.599 3.688 3.581 3.489 3.345 3.587 3.514 3.455 3.507
6.296 6.272 6.247 6.224 6.201 6.146 6.114 6.098 6.078 6.046 6.013 5.970 5.930 5.917 5.914 5.903 5.869 5.833 5.785 5.765 5.760 5.756 5.736 5.669 5.614 5.562 5.535 5.523 5.506 5.462 5.406 5.350 5.316 5.284 5.250 5.211 5.156 5.103 5.075 5.067 5.059 5.044 5.016 4.996 4.981 4.981 4.977 4.957 4.921 4.896 4.867 3.748 3.904 3.815 3.777 3.814 3.702 3.704 3.748 3.707 3.654 3.661 3.612 3.591 3.682 3.696 3.620 3.514 3.462 3.685 3.578 3.460 3.525 3.433 3.428 3.532 3.438
6.300 6.273 6.250 6.230 6.211 6.160 6.119 6.098 6.075 6.042 6.014 5.973 5.934 5.921 5.908 5.896 5.859 5.827 5.781 5.765 5.765 5.766 5.747 5.679 5.616 5.565 5.535 5.531 5.520 5.479 5.420 5.367 5.331 5.301 5.259 5.226 5.167 5.138 5.090 5.081 5.068 5.051 5.019 4.999 4.982 4.980 4.972 4.955 4.932 4.893 4.874 4.872 3.928 3.892 3.856 3.752 3.774 3.805 3.762 3.779 3.770 3.745 3.729 3.805 3.730 3.732 3.688 3.592 3.536 3.501 3.547 3.484 3.557 3.381 3.517 3.482 3.491
6.299 6.271 6.251 6.232 6.205 6.163 6.131 6.098 6.072 6.046 6.021 5.980 5.941 5.926 5.900 5.884 5.862 5.822 5.778 5.764 5.762 5.761 5.735 5.675 5.613 5.563 5.535 5.533 5.525 5.478 5.428 5.365 5.330 5.304 5.275 5.248 5.197 5.154 5.111 5.093 5.076 5.058 5.038 4.996 4.985 4.975 4.964 4.949 4.929 4.897 4.878 4.878 3.966 3.848 3.916 3.821 3.832 3.784 3.844 3.868 3.795 3.708 3.736 3.714 3.676 3.681 3.645 3.711 3.617 3.468 3.363 3.517 3.561 3.500 3.611 3.634 3.514
6.304 6.265 6.245 6.234 6.212 6.177 6.149 6.102 6.074 6.048 6.025 6.004 5.955 5.916 5.899 5.881 5.859 5.820 5.783 5.766 5.753 5.745 5.715 5.664 5.614 5.567 5.537 5.529 5.515 5.475 5.411 5.365 5.332 5.299 5.281 5.259 5.213 5.170 5.146 5.103 5.086 5.068 5.048 5.012 4.991 4.973 4.962 4.947 4.930 4.912 4.879 4.877 3.992 3.980 3.929 3.918 3.914 3.827 3.770 3.798 3.779 3.796 3.789 3.771 3.622 3.656 3.717 3.771 3.671 3.635 3.524 3.442 3.705 3.671 3.501 3.526 3.570
6.295 6.264 6.240 6.234 6.223 6.191 6.156 6.121 6.073 6.046 6.026 6.009 5.961 5.928 5.909 5.877 5.855 5.833 5.795 5.759 5.746 5.731 5.698 5.652 5.612 5.577 5.537 5.520 5.499 5.452 5.391 5.345 5.313 5.294 5.285 5.267 5.218 5.188 5.157 5.124 5.108 5.082 5.048 5.030 5.000 4.972 4.959 4.945 4.930 4.915 4.893 4.880 4.870 3.925 3.944 3.879 3.917 3.822 3.821 3.828 3.876 3.789 3.801 3.819 3.793 3.817 3.877 3.819 3.755 3.726 3.682 3.672 3.586 3.409 3.517 3.487 3.484
6.287 6.257 6.238 6.237 6.229 6.197 6.156 6.114 6.067 6.040 6.019 6.007 5.962 5.942 5.914 5.880 5.858 5.837 5.799 5.781 5.744 5.718 5.688 5.660 5.612 5.566 5.540 5.513 5.484 5.434 5.385 5.327 5.298 5.291 5.288 5.268 5.238 5.186 5.157 5.136 5.122 5.097 5.060 5.040 5.020 4.990 4.958 4.945 4.932 4.913 4.897 4.880 4.864 3.903 3.934 3.894 3.850 3.909 4.030 3.832 3.795 3.805 3.742 3.839 3.941 3.789 3.840 3.805 3.774 3.717 3.654 3.663 3.576 3.618 3.577 3.506 3.502
6.283 6.256 6.238 6.234 6.226 6.191 6.149 6.104 6.064 6.026 6.013 5.998 5.974 5.951 5.924 5.883 5.859 5.839 5.815 5.781 5.739 5.719 5.685 5.658 5.630 5.585 5.541 5.509 5.479 5.440 5.371 5.328 5.298 5.291 5.288 5.272 5.232 5.181 5.149 5.129 5.119 5.103 5.088 5.048 5.012 4.990 4.963 4.945 4.934 4.912 4.903 4.883 4.877 3.946 3.870 3.907 3.963 3.952 3.748 3.813 3.784 3.779 3.789 3.873 4.003 3.799 3.790 3.804 3.798 3.750 3.724 3.711 3.628 3.707 3.557 3.591 3.507
6.277 6.255 6.233 6.224 6.212 6.175 6.135 6.092 6.052 6.022 6.006 6.002 5.985 5.958 5.926 5.885 5.860 5.842 5.817 5.782 5.764 5.716 5.688 5.659 5.632 5.587 5.538 5.513 5.483 5.439 5.391 5.341 5.308 5.297 5.290 5.272 5.226 5.184 5.139 5.118 5.113 5.111 5.093 5.053 5.013 4.986 4.965 4.952 4.932 4.914 4.907 4.891 4.883 4.854 4.845 4.011 4.028 3.714 3.866 3.512 3.787 3.845 3.867 4.000 3.800 3.810 3.718 3.787 3.827 3.719 3.748 3.731 3.691 3.635 3.662 3.564 3.504
6.277 6.258 6.229 6.205 6.189 6.156 6.121 6.082 6.045 6.018 6.005 6.003 5.986 5.957 5.922 5.889 5.854 5.830 5.821 5.803 5.769 5.740 5.693 5.661 5.633 5.597 5.574 5.522 5.487 5.454 5.409 5.374 5.324 5.307 5.292 5.265 5.232 5.178 5.135 5.114 5.111 5.108 5.093 5.054 5.007 4.973 4.949 4.937 4.925 4.914 4.909 4.894 4.886 4.879 4.863 4.847 4.837 4.814 4.796 4.779 3.921 3.875 3.946 3.982 3.929 3.841 3.747 3.724 3.352 3.744 3.721 3.742 3.594 3.661 3.642 3.512 3.627
6.289 6.257 6.210 6.192 6.174 6.144 6.114 6.070 6.041 6.019 6.004 5.999 5.977 5.948 5.914 5.880 5.852 5.828 5.824 5.813 5.783 5.748 5.705 5.659 5.620 5.597 5.572 5.536 5.511 5.466 5.431 5.398 5.352 5.318 5.292 5.268 5.236 5.185 5.144 5.123 5.114 5.109 5.094 5.052 4.997 4.958 4.929 4.917 4.921 4.924 4.914 4.902 4.894 4.887 4.880 4.854 4.833 4.821 4.799 4.778 4.767 4.755 4.743 4.718 3.760 3.770 3.803 3.767 3.797 3.745 3.756 3.664 3.729 3.678 3.510 3.570 3.571
6.276 6.256 6.194 6.176 6.155 6.131 6.104 6.066 6.043 6.024 6.001 5.984 5.962 5.936 5.904 5.873 5.846 5.827 5.827 5.820 5.791 5.751 5.707 5.666 5.617 5.596 5.577 5.555 5.531 5.487 5.451 5.418 5.391 5.345 5.301 5.276 5.239 5.202 5.172 5.134 5.122 5.111 5.091 5.047 4.999 4.949 4.915 4.903 4.912 4.921 4.914 4.902 4.895 4.888 4.882 4.877 4.858 4.829 4.805 4.789 4.774 4.762 4.746 4.722 4.702 4.685 4.677 4.656 4.643 3.813 3.739 3.599 3.622 3.603 3.504 3.515 3.551
6.267 6.239 6.206 6.172 6.148 6.122 6.097 6.073 6.042 6.026 5.983 5.971 5.955 5.924 5.897 5.869 5.846 5.827 5.824 5.813 5.785 5.746 5.701 5.657 5.609 5.589 5.581 5.570 5.549 5.503 5.465 5.432 5.393 5.357 5.315 5.282 5.257 5.222 5.194 5.163 5.127 5.111 5.089 5.057 5.003 4.956 4.922 4.910 4.915 4.924 4.920 4.913 4.894 4.887 4.882 4.879 4.872 4.844 4.812 4.793 4.778 4.774 4.747 4.737 4.715 4.696 4.671 4.660 4.646 4.633 4.603 4.601 4.605 4.609 3.519 3.559 3.499
6.253 6.238 6.209 6.184 6.143 6.114 6.088 6.066 6.048 6.008 5.980 5.954 5.937 5.917 5.885 5.863 5.845 5.833 5.814 5.796 5.771 5.735 5.694 5.651 5.604 5.586 5.581 5.578 5.556 5.524 5.472 5.429 5.400 5.367 5.350 5.313 5.273 5.245 5.218 5.177 5.157 5.121 5.097 5.068 5.019 4.976 4.948 4.932 4.932 4.935 4.924 4.914 4.892 4.885 4.883 4.882 4.873 4.851 4.814 4.792 4.782 4.769 4.760 4.731 4.722 4.696 4.682 4.668 4.639 4.627 4.605 4.590 4.588 4.585 4.561 4.535 4.495
6.246 6.237 6.214 6.183 6.134 6.095 6.066 6.045 6.031 6.004 5.962 5.946 5.929 5.910 5.891 5.862 5.846 5.823 5.800 5.777 5.755 5.725 5.689 5.652 5.609 5.585 5.581 5.576 5.551 5.520 5.485 5.432 5.392 5.375 5.363 5.336 5.313 5.269 5.239 5.196 5.174 5.152 5.113 5.072 5.041 5.011 4.973 4.958 4.945 4.940 4.933 4.917 4.896 4.886 4.883 4.882 4.873 4.850 4.826 4.787 4.774 4.761 4.755 4.745 4.724 4.698 4.679 4.661 4.646 4.621 4.598 4.591 4.575 4.557 4.547 4.529 4.488
6.244 6.240 6.212 6.174 6.130 6.079 6.047 6.027 6.005 5.997 5.968 5.941 5.922 5.903 5.885 5.869 5.848 5.806 5.790 5.776 5.744 5.711 5.683 5.653 5.618 5.590 5.581 5.562 5.542 5.513 5.479 5.427 5.402 5.380 5.374 5.357 5.334 5.289 5.241 5.212 5.189 5.165 5.128 5.105 5.064 5.037 5.014 4.974 4.962 4.952 4.941 4.927 4.902 4.891 4.882 4.879 4.869 4.845 4.820 4.793 4.765 4.753 4.749 4.745 4.719 4.696 4.673 4.651 4.633 4.608 4.590 4.571 4.564 4.544 4.526 4.511 4.488
6.242 6.235 6.204 6.162 6.115 6.069 6.026 6.004 5.994 5.991 5.967 5.947 5.915 5.895 5.870 5.856 5.838 5.802 5.778 5.763 5.745 5.709 5.685 5.661 5.639 5.604 5.569 5.554 5.533 5.505 5.473 5.424 5.399 5.381 5.380 5.372 5.347 5.313 5.250 5.219 5.196 5.180 5.165 5.131 5.090 5.063 5.024 5.004 4.977 4.964 4.950 4.924 4.912 4.896 4.883 4.876 4.860 4.839 4.815 4.789 4.759 4.749 4.747 4.744 4.724 4.693 4.664 4.637 4.610 4.597 4.579 4.565 4.553 4.543 4.519 4.506 4.475
6.233 6.221 6.185 6.145 6.099 6.052 6.008 5.990 5.987 5.985 5.961 5.936 5.903 5.876 5.858 5.846 5.825 5.799 5.776 5.760 5.742 5.724 5.689 5.670 5.651 5.603 5.583 5.551 5.529 5.493 5.463 5.424 5.399 5.382 5.381 5.374 5.349 5.315 5.267 5.222 5.203 5.193 5.174 5.156 5.116 5.085 5.043 5.020 5.002 4.982 4.957 4.931 4.918 4.906 4.879 4.869 4.856 4.839 4.815 4.785 4.761 4.751 4.747 4.741 4.720 4.692 4.653 4.621 4.591 4.579 4.572 4.566 4.550 4.539 4.527 4.503 4.494
6.210 6.194 6.168 6.128 6.087 6.045 6.004 5.988 5.986 5.983 5.957 5.928 5.897 5.862 5.844 5.832 5.822 5.801 5.786 5.756 5.741 5.724 5.702 5.670 5.648 5.612 5.579 5.558 5.520 5.494 5.466 5.438 5.400 5.383 5.374 5.364 5.342 5.299 5.263 5.233 5.207 5.202 5.199 5.179 5.147 5.102 5.051 5.025 5.006 4.992 4.966 4.943 4.928 4.914 4.888 4.870 4.856 4.840 4.822 4.791 3.965 3.921 3.966 3.798 3.705 3.681 3.794 3.778 4.577 4.564 4.564 4.558 4.541 4.527 4.513 4.502 4.484
6.194 6.175 6.150 6.120 6.074 6.041 6.006 5.991 5.986 5.978 5.947 5.917 5.885 5.854 5.829 5.823 5.820 5.804 5.780 5.754 5.735 5.719 5.698 5.686 5.646 5.612 5.588 5.563 5.527 5.501 5.473 5.448 5.414 5.373 5.363 5.350 5.322 5.292 5.257 5.230 5.207 5.208 5.209 5.191 5.156 5.106 5.055 5.027 5.010 4.998 4.988 4.965 4.939 4.909 4.892 4.874 4.859 4.845 4.822 4.787 4.021 3.778 3.716 3.858 3.759 3.671 3.641 3.501 3.590 3.579 3.638 3.534 3.627 3.651 3.583 3.645 3.731
6.179 6.157 6.133 6.097 6.069 6.044 6.011 5.992 5.974 5.961 5.940 5.907 5.876 5.847 5.824 5.820 5.818 5.800 5.778 5.754 5.735 5.718 5.704 5.687 5.672 5.634 5.604 5.560 5.533 5.509 5.486 5.451 5.411 5.378 5.359 5.341 5.311 5.284 5.256 5.229 5.206 5.207 5.205 5.187 5.152 5.102 5.063 5.025 5.010 5.002 4.995 4.976 4.955 4.916 4.890 4.874 4.860 4.842 4.829 4.795 4.000 3.799 3.846 3.864 3.719 3.748 3.653 3.546 3.521 3.435 3.420 3.588 3.339 3.491 3.588 3.526 3.486
6.170 6.145 6.121 6.086 6.065 6.030 6.015 5.976 5.964 5.949 5.929 5.905 5.866 5.840 5.822 5.819 5.815 5.795 5.772 5.748 5.730 5.712 5.711 5.708 5.688 5.648 5.612 5.562 5.535 5.514 5.498 5.460 5.420 5.384 5.363 5.341 5.303 5.278 5.254 5.232 5.206 5.192 5.188 5.170 5.129 5.092 5.055 5.027 5.008 5.005 5.002 4.982 4.957 4.922 4.890 4.874 4.862 4.852 4.831 4.804 4.789 3.719 3.921 3.882 3.907 3.847 3.768 3.592 3.534 3.393 3.398 3.451 3.425 3.410 3.624 3.380 3.433
6.160 6.130 6.097 6.072 6.054 6.040 5.991 5.965 5.951 5.934 5.919 5.888 5.865 5.847 5.820 5.815 5.808 5.787 5.762 5.741 5.725 5.712 5.717 5.716 5.697 5.652 5.609 5.562 5.536 5.519 5.507 5.479 5.438 5.396 5.366 5.339 5.302 5.277 5.252 5.233 5.194 5.174 5.163 5.137 5.108 5.075 5.047 5.023 5.007 5.007 5.002 4.984 4.949 4.919 4.894 4.871 4.862 4.850 4.840 4.817 4.797 3.952 3.867 3.759 3.795 3.848 3.885 3.882 3.948 3.500 3.503 3.600 3.476 3.525 3.304 3.425 3.433
6.150 6.114 6.079 6.056 6.041 6.017 5.975 5.960 5.943 5.926 5.899 5.881 5.865 5.838 5.816 5.798 5.788 5.775 5.758 5.734 5.721 5.709 5.712 5.712 5.691 5.645 5.601 5.565 5.534 5.525 5.519 5.497 5.459 5.415 5.370 5.336 5.298 5.274 5.253 5.215 5.166 5.153 5.145 5.114 5.089 5.062 5.038 5.009 5.005 5.001 4.995 4.975 4.941 4.912 4.888 4.863 4.859 4.857 4.848 4.826 4.798 3.909 3.870 3.674 3.600 3.608 3.587 3.672 3.582 3.595 3.541 3.373 3.452 3.455 3.430 3.469 3.488
6.137 6.096 6.057 6.034 6.019 6.005 5.971 5.953 5.933 5.916 5.888 5.873 5.860 5.829 5.804 5.787 5.775 5.762 5.747 5.720 5.710 5.697 5.693 5.689 5.669 5.625 5.587 5.556 5.537 5.528 5.531 5.516 5.473 5.424 5.354 5.313 5.282 5.259 5.226 5.190 5.160 5.141 5.121 5.093 5.071 5.049 5.030 5.002 4.992 4.989 4.971 4.947 4.922 4.903 4.882 4.862 4.862 4.862 4.849 4.827 4.802 3.585 3.701 3.515 3.495 3.363 3.468 3.692 3.602 3.451 3.345 3.369 3.408 3.374 3.365 3.460 3.395
6.126 6.069 6.032 6.010 6.000 5.997 5.971 5.949 5.924 5.901 5.877 5.863 5.851 5.822 5.796 5.775 5.761 5.747 5.720 5.709 5.701 5.684 5.668 5.650 5.631 5.603 5.571 5.546 5.533 5.531 5.537 5.522 5.471 5.411 5.355 5.301 5.271 5.251 5.227 5.194 5.172 5.134 5.107 5.076 5.052 5.032 4.997 4.968 4.976 4.959 4.941 4.925 4.906 4.887 4.878 4.860 4.860 4.860 4.848 4.828 4.797 3.703 3.679 3.788 3.721 3.659 3.492 3.719 3.702 3.554 3.523 3.312 3.489 3.170 3.297 3.418 3.452
6.111 6.056 6.020 5.999 5.997 5.995 5.974 5.943 5.913 5.886 5.861 5.848 5.829 5.821 5.777 5.761 5.744 5.735 5.706 5.695 5.687 5.667 5.629 5.618 5.601 5.579 5.557 5.527 5.521 5.514 5.520 5.503 5.452 5.393 5.337 5.293 5.259 5.243 5.232 5.213 5.172 5.135 5.072 5.040 5.014 5.013 4.978 4.949 4.930 4.924 4.919 4.906 4.891 4.877 4.866 4.852 4.850 4.847 4.836 4.803 4.790 3.794 3.671 3.781 3.744 3.797 3.825 3.891 3.507 3.568 3.422 3.460 3.300 3.470 3.370 3.427 3.498
6.101 6.051 6.020 6.000 5.997 5.993 5.968 5.938 5.904 5.866 5.839 5.828 5.824 5.801 5.775 5.753 5.732 5.713 5.698 5.680 5.672 5.641 5.603 5.589 5.572 5.554 5.519 5.513 5.507 5.484 5.482 5.464 5.413 5.364 5.315 5.277 5.248 5.244 5.240 5.218 5.166 5.114 5.056 5.017 4.988 4.970 4.946 4.923 4.911 4.903 4.889 4.878 4.867 4.858 4.841 4.833 4.817 4.813 4.801 4.785 4.772 3.960 3.824 3.860 3.674 3.647 3.662 3.612 3.740 3.651 3.672 3.357 3.290 3.283 3.221 3.297 3.335
6.075 6.040 6.019 6.003 5.996 5.986 5.957 5.927 5.892 5.848 5.827 5.818 5.816 5.799 5.772 5.745 5.718 5.695 5.679 5.664 5.639 5.614 5.586 5.569 5.550 5.512 5.497 5.486 5.467 5.457 5.423 5.403 5.370 5.331 5.294 5.264 5.243 5.243 5.245 5.219 5.159 5.098 5.042 4.990 4.960 4.941 4.934 4.910 4.900 4.886 4.871 4.860 4.851 4.843 4.826 4.805 4.784 4.789 4.777 4.765 4.756 3.964 3.826 3.894 3.750 3.692 3.484 3.452 3.427 3.437 3.490 3.262 3.326 3.585 3.212 3.175 3.228
6.066 6.045 6.021 5.992 5.981 5.967 5.947 5.916 5.869 5.842 5.820 5.818 5.816 5.798 5.770 5.737 5.702 5.676 5.650 5.641 5.634 5.587 5.564 5.539 5.511 5.491 5.472 5.461 5.424 5.386 5.373 5.353 5.330 5.300 5.260 5.241 5.226 5.227 5.224 5.195 5.134 5.072 5.016 4.970 4.934 4.923 4.920 4.903 4.889 4.854 4.839 4.827 4.818 4.811 4.795 4.787 4.761 4.753 4.735 4.744 4.737 4.030 3.649 3.636 3.952 3.742 3.638 3.426 3.422 3.393 3.391 3.580 3.290 3.163 3.398 3.377 3.000
6.061 6.043 6.026 5.985 5.971 5.956 5.936 5.912 5.872 5.836 5.820 5.816 5.810 5.788 5.759 5.724 5.674 5.651 5.638 5.629 5.620 5.590 5.554 5.522 5.489 5.466 5.449 5.415 5.403 5.356 5.337 5.315 5.289 5.243 5.223 5.221 5.196 5.190 5.166 5.135 5.087 5.040 4.990 4.949 4.921 4.916 4.912 4.892 4.867 4.843 4.823 4.812 4.805 4.798 4.777 4.761 4.743 4.731 4.711 4.702 4.696 3.922 3.718 3.829 3.739 3.791 3.752 3.529 3.342 3.516 3.402 3.618 3.263 3.111 3.264 3.360 3.206
6.055 6.039 6.005 5.976 5.949 5.933 5.915 5.896 5.855 5.836 5.818 5.810 5.793 5.775 5.745 5.712 5.664 5.642 5.631 5.632 5.621 5.587 5.548 5.500 5.465 5.440 5.424 5.396 5.383 5.320 5.310 5.282 5.255 5.208 5.190 5.178 5.159 5.120 5.106 5.079 5.040 4.998 4.968 4.938 4.917 4.913 4.908 4.882 4.852 4.827 4.811 4.801 4.796 4.794 4.779 4.747 4.725 4.694 4.677 4.678 4.671 4.665 3.931 3.878 3.697 3.614 3.705 3.645 3.500 3.385 3.496 3.258 3.447 3.405 3.265 3.436 3.326
