includes/estuary_coast/floodfiles/results/res-0012.wdfp
ncols         730
nrows         472
xllcorner     380617.130607
yllcorner     6542069.774949
cellsize      20.000000
NODATA_value  -9999.000000
[rows 306 to 339 of 472, columns 77 to 153 of 730]
0.552 0.522 0.688 0.367 0.349 0.455 0.476 0.482 0.523 0.447 0.507 0.468 0.612 0.602 0.468 0.441 0.408 0.414 0.411 0.385 0.539 0.899 0.521 0.423 0.382 0.336 0.261 0.306 0.355 0.143 0.072 0.636 0.753 0.426 0.252 0.001 0.000 0.002 0.003 0.010 0.065 0.002 0.001 0.000 0.000 0.000 0.036 0.000 0.000 0.000 0.000 0.004 0.003 0.001 0.007 0.022 0.002 0.004 0.000 0.000 0.018 0.001 0.001 0.000 0.059 0.000 0.000 0.000 0.072 0.039 0.002 0.000 0.046 0.000 0.000 0.052 0.000
0.572 0.443 0.727 0.515 0.319 0.295 0.335 0.484 0.496 0.394 0.519 0.401 0.472 0.525 0.574 0.420 0.395 0.476 0.385 0.390 0.440 0.555 0.785 0.359 0.312 0.219 0.376 0.266 0.130 0.131 0.269 0.005 0.459 0.610 0.380 0.108 0.001 0.001 0.000 0.000 0.060 0.000 0.000 0.000 0.000 0.000 0.000 0.000 0.000 0.000 0.000 0.000 0.005 0.000 0.000 0.000 0.038 0.004 0.000 0.000 0.017 0.000 0.000 0.013 0.000 0.000 0.000 0.000 0.018 0.052 0.003 0.007 0.000 0.000 0.006 0.000 0.000
0.687 0.620 0.551 0.685 0.759 0.458 0.455 0.469 0.450 0.363 0.380 0.400 0.436 0.477 0.435 0.474 0.335 0.433 0.455 0.292 0.368 0.461 0.590 0.674 0.344 0.260 0.252 0.214 0.261 0.160 0.021 0.001 0.044 0.370 0.647 0.280 0.000 0.000 0.000 0.000 0.000 0.000 0.000 0.000 0.000 0.000 0.000 0.000 0.000 0.000 0.000 0.000 0.002 0.090 0.008 0.001 0.001 0.000 0.000 0.061 0.000 0.000 0.000 0.000 0.000 0.000 0.008 0.000 0.000 0.000 0.000 0.007 0.000 0.000 0.036 0.000 0.000
0.431 0.675 0.551 0.517 0.581 0.473 0.416 0.279 0.249 0.271 0.386 0.365 0.425 0.353 0.426 0.728 0.445 0.397 0.365 0.402 0.338 0.316 0.395 0.407 0.547 0.539 0.210 0.127 0.209 0.204 0.023 0.000 0.001 0.000 0.340 0.528 0.260 0.008 0.000 0.000 0.000 0.000 0.121 0.000 0.000 0.000 0.000 0.000 0.054 0.000 0.000 0.000 0.000 0.049 0.022 0.007 0.000 0.070 0.000 0.000 0.000 0.000 0.007 0.000 0.001 0.000 0.002 0.012 0.000 0.025 0.000 0.022 0.004 0.001 0.001 0.000 0.000
0.577 0.704 0.688 0.747 0.409 0.544 0.604 0.318 0.292 0.276 0.361 0.275 0.297 0.386 0.396 0.374 0.362 0.336 0.266 0.311 0.347 0.228 0.406 0.296 0.630 0.419 0.362 0.369 0.029 0.001 0.000 0.000 0.000 0.000 0.114 0.285 0.511 0.001 0.001 0.000 0.002 0.002 0.000 0.000 0.000 0.000 0.000 0.000 0.000 0.018 0.003 0.004 0.015 0.003 0.015 0.003 0.000 0.000 0.036 0.000 0.000 0.000 0.000 0.058 0.002 0.001 0.000 0.000 0.041 0.000 0.000 0.000 0.003 0.023 0.000 0.000 0.000
0.402 0.404 0.365 0.500 0.638 0.431 0.326 0.451 0.180 0.220 0.211 0.251 0.190 0.404 0.361 0.370 0.439 0.261 0.308 0.235 0.170 0.374 0.194 0.382 0.358 0.274 0.328 0.193 0.375 0.012 0.000 0.000 0.000 0.000 0.000 0.041 0.331 0.388 0.060 0.001 0.002 0.001 0.014 0.003 0.006 0.000 0.000 0.000 0.000 0.027 0.000 0.002 0.004 0.042 0.000 0.022 0.017 0.002 0.017 0.002 0.002 0.003 0.004 0.002 0.000 0.000 0.000 0.030 0.001 0.001 0.034 0.013 0.000 0.019 0.020 0.000 0.000
0.489 0.448 0.424 0.227 0.244 0.380 0.360 0.622 0.204 0.180 0.227 0.174 0.106 0.198 0.236 0.270 0.443 0.192 0.196 0.142 0.112 0.114 0.137 0.089 0.238 0.340 0.326 0.250 0.166 0.331 0.229 0.000 0.000 0.000 0.000 0.000 0.000 0.274 0.136 0.001 0.000 0.000 0.000 0.000 0.004 0.003 0.004 0.003 0.003 0.003 0.000 0.008 0.000 0.000 0.072 0.000 0.003 0.001 0.001 0.001 0.001 0.006 0.014 0.042 0.002 0.000 0.000 0.000 0.001 0.000 0.028 0.086 0.000 0.000 0.003 0.038 0.000
0.540 0.377 0.339 0.333 0.241 0.262 0.287 0.644 0.615 0.092 0.165 0.174 0.165 0.002 0.107 0.164 0.212 0.299 0.240 0.233 0.104 0.124 0.070 0.165 0.171 0.197 0.258 0.222 0.113 0.013 0.050 0.128 0.004 0.000 0.000 0.000 0.000 0.026 0.228 0.000 0.010 0.001 0.000 0.003 0.000 0.000 0.000 0.016 0.002 0.020 0.000 0.009 0.000 0.000 0.000 0.000 0.000 0.000 0.000 0.000 0.000 0.009 0.048 0.002 0.001 0.002 0.004 0.019 0.002 0.000 0.000 0.017 0.000 0.000 0.000 0.003 0.004
0.661 0.385 0.445 0.293 0.282 0.232 0.279 0.567 0.272 0.274 0.109 0.142 0.239 0.014 0.040 0.181 0.136 0.173 0.212 0.211 0.025 0.001 0.037 0.064 0.012 0.121 0.082 0.086 0.097 0.092 0.000 0.000 0.005 0.003 0.000 0.000 0.000 0.000 0.166 0.006 0.035 0.000 0.000 0.000 0.001 0.033 0.002 0.003 0.000 0.003 0.001 0.003 0.000 0.000 0.004 0.000 0.000 0.000 0.000 0.015 0.000 0.000 0.002 0.019 0.001 0.000 0.004 0.015 0.001 0.000 0.000 0.000 0.000 0.000 0.000 0.000 0.000
0.568 0.395 0.256 0.252 0.258 0.291 0.253 0.279 0.416 0.303 0.137 0.087 0.042 0.000 0.000 0.000 0.131 0.116 0.184 0.262 0.019 0.002 0.092 0.054 0.000 0.000 0.000 0.000 0.007 0.001 0.044 0.000 0.002 0.002 0.000 0.000 0.000 0.000 0.050 0.000 0.016 0.006 0.001 0.037 0.000 0.000 0.000 0.001 0.007 0.004 0.020 0.000 0.000 0.000 0.000 0.000 0.000 0.014 0.000 0.000 0.000 0.000 0.002 0.000 0.000 0.001 0.000 0.000 0.021 0.000 0.066 0.010 0.000 0.000 0.000 0.018 0.018
0.619 0.792 0.228 0.274 0.201 0.229 0.250 0.258 0.535 0.167 0.206 0.138 0.018 0.000 0.010 0.053 0.000 0.001 0.049 0.143 0.078 0.000 0.000 0.000 0.010 0.000 0.000 0.000 0.000 0.000 0.002 0.000 0.000 0.123 0.121 0.003 0.000 0.004 0.024 0.002 0.000 0.011 0.064 0.000 0.029 0.000 0.002 0.003 0.003 0.000 0.002 0.008 0.049 0.007 0.000 0.042 0.055 0.000 0.018 0.000 0.000 0.041 0.003 0.000 0.000 0.000 0.000 0.000 0.001 0.022 0.000 0.000 0.000 0.000 0.020 0.000 0.000
0.510 0.851 0.384 0.199 0.244 0.212 0.197 0.238 0.309 0.416 0.119 0.168 0.075 0.000 0.000 0.000 0.015 0.000 0.000 0.015 0.002 0.024 0.000 0.000 0.000 0.000 0.000 0.000 0.000 0.001 0.030 0.000 0.009 0.000 0.067 0.044 0.000 0.008 0.019 0.003 0.048 0.003 0.039 0.000 0.005 0.000 0.059 0.003 0.004 0.003 0.002 0.000 0.088 0.002 0.003 0.046 0.004 0.012 0.002 0.004 0.053 0.008 0.000 0.000 0.000 0.000 0.064 0.000 0.000 0.000 0.003 0.000 0.016 0.000 0.000 0.000 0.002
0.503 0.569 0.396 0.194 0.252 0.261 0.251 0.034 0.159 0.136 0.491 0.051 0.106 0.001 0.000 0.000 0.000 0.052 0.000 0.025 0.000 0.036 0.000 0.000 0.000 0.001 0.053 0.000 0.000 0.000 0.000 0.000 0.055 0.044 0.000 0.093 0.028 0.012 0.082 0.000 0.032 0.003 0.006 0.022 0.117 0.006 0.019 0.004 0.001 0.001 0.004 0.002 0.001 0.002 0.004 0.000 0.002 0.002 0.005 0.005 0.000 0.001 0.000 0.000 0.000 0.044 0.005 0.000 0.000 0.000 0.000 0.001 0.022 0.000 0.000 0.027 0.022
0.553 0.629 0.503 0.372 0.309 0.173 0.219 0.128 0.033 0.123 0.103 0.377 0.000 0.097 0.059 0.000 0.000 0.000 0.016 0.000 0.000 0.001 0.043 0.000 0.012 0.000 0.006 0.000 0.020 0.026 0.000 0.000 0.027 0.000 0.034 0.000 0.117 0.087 0.000 0.000 0.003 0.000 0.048 0.050 0.012 0.000 0.000 0.000 0.002 0.000 0.000 0.001 0.001 0.000 0.001 0.001 0.016 0.000 0.000 0.011 0.000 0.001 0.027 0.001 0.024 0.000 0.000 0.000 0.002 0.003 0.003 0.000 0.000 0.046 0.026 0.000 0.078
0.396 0.444 0.550 0.378 0.328 0.119 0.133 0.193 0.155 0.004 0.083 0.079 0.064 0.000 0.002 0.000 0.041 0.000 0.000 0.009 0.024 0.001 0.000 0.000 0.000 0.044 0.000 0.000 0.000 0.000 0.000 0.000 0.000 0.000 0.000 0.000 0.048 0.146 0.040 0.003 0.003 0.027 0.074 0.010 0.091 0.005 0.000 0.000 0.027 0.001 0.000 0.000 0.000 0.001 0.000 0.002 0.000 0.041 0.062 0.000 0.000 0.000 0.000 0.002 0.001 0.004 0.000 0.003 0.006 0.000 0.009 0.003 0.059 0.042 0.000 0.013 0.011
0.449 0.402 0.748 0.737 0.187 0.251 0.171 0.239 0.176 0.117 0.003 0.001 0.065 0.001 0.017 0.015 0.039 0.000 0.000 0.001 0.001 0.001 0.071 0.000 0.000 0.000 0.006 0.000 0.000 0.000 0.000 0.000 0.000 0.000 0.000 0.000 0.000 0.000 0.313 0.003 0.003 0.000 0.004 0.077 0.020 0.002 0.005 0.023 0.002 0.000 0.000 0.000 0.000 0.027 0.001 0.001 0.006 0.000 0.000 0.000 0.000 0.000 0.065 0.002 0.000 0.003 0.006 0.008 0.010 0.010 0.013 0.041 0.000 0.007 0.005 0.009 0.057
0.400 0.459 0.583 0.540 0.482 0.252 0.300 0.127 0.063 0.006 0.025 0.006 0.128 0.099 0.000 0.006 0.030 0.007 0.000 0.000 0.017 0.000 0.076 0.012 0.055 0.051 0.037 0.000 0.000 0.000 0.000 0.000 0.000 0.000 0.000 0.048 0.017 0.007 0.145 0.008 0.000 0.000 0.060 0.000 0.000 0.000 0.062 0.000 0.000 0.002 0.000 0.043 0.000 0.001 0.000 0.082 0.002 0.000 0.000 0.053 0.002 0.004 0.005 0.000 0.003 0.004 0.010 0.000 0.027 0.000 0.009 0.018 0.016 0.000 0.005 0.001 0.002
0.522 0.393 0.458 0.573 0.669 0.280 0.240 0.103 0.031 0.003 0.000 0.053 0.101 0.046 0.185 0.000 0.000 0.000 0.000 0.000 0.000 0.000 0.110 0.024 0.044 0.000 0.000 0.000 0.000 0.000 0.088 0.000 0.000 0.000 0.000 0.002 0.027 0.003 0.010 0.137 0.000 0.000 0.172 0.033 0.000 0.070 0.002 0.005 0.080 0.000 0.001 0.001 0.010 0.024 0.001 0.000 0.063 0.059 0.002 0.004 0.000 0.013 0.004 0.006 0.005 0.006 0.002 0.006 0.003 0.002 0.002 0.000 0.014 0.015 0.007 0.005 0.003
0.428 0.402 0.400 0.556 0.441 0.344 0.324 0.144 0.116 0.079 0.001 0.000 0.029 0.017 0.026 0.322 0.003 0.000 0.000 0.000 0.037 0.000 0.002 0.055 0.000 0.035 0.000 0.067 0.000 0.018 0.000 0.000 0.008 0.077 0.004 0.005 0.000 0.000 0.000 0.118 0.018 0.000 0.142 0.063 0.003 0.008 0.015 0.001 0.002 0.003 0.008 0.000 0.000 0.000 0.000 0.005 0.003 0.001 0.019 0.003 0.005 0.005 0.002 0.000 0.003 0.000 0.000 0.007 0.005 0.003 0.018 0.005 0.000 0.000 0.003 0.000 0.001
0.430 0.306 0.423 0.329 0.411 0.458 0.204 0.100 0.033 0.001 0.000 0.000 0.000 0.002 0.001 0.000 0.202 0.000 0.000 0.021 0.000 0.096 0.000 0.002 0.104 0.000 0.087 0.000 0.026 0.000 0.000 0.023 0.007 0.000 0.000 0.024 0.000 0.000 0.000 0.000 0.094 0.013 0.109 0.104 0.012 0.004 0.014 0.000 0.000 0.000 0.004 0.003 0.016 0.014 0.002 0.048 0.003 0.002 0.016 0.000 0.004 0.003 0.002 0.002 0.021 0.000 0.000 0.009 0.006 0.019 0.000 0.016 0.044 0.008 0.005 0.000 0.000
0.458 0.392 0.382 0.301 0.357 0.467 0.380 0.152 0.213 0.009 0.069 0.015 0.000 0.000 0.005 0.002 0.001 0.000 0.000 0.008 0.000 0.000 0.147 0.000 0.019 0.000 0.000 0.000 0.023 0.082 0.000 0.010 0.058 0.013 0.000 0.000 0.000 0.000 0.000 0.000 0.001 0.000 0.147 0.156 0.000 0.000 0.003 0.002 0.000 0.009 0.001 0.006 0.000 0.001 0.002 0.000 0.006 0.067 0.002 0.061 0.005 0.004 0.009 0.002 0.000 0.000 0.002 0.009 0.000 0.000 0.000 0.000 0.000 0.000 0.001 0.003 0.036
0.346 0.361 0.333 0.260 0.310 0.405 0.431 0.257 0.165 0.106 0.000 0.000 0.000 0.006 0.000 0.000 0.480 0.000 0.000 0.000 0.000 0.000 0.000 0.146 0.000 0.000 0.037 0.001 0.020 0.088 0.001 0.005 0.003 0.001 0.000 0.000 0.000 0.000 0.000 0.000 0.014 0.000 0.073 0.080 0.009 0.010 0.003 0.002 0.001 0.114 0.050 0.000 0.006 0.000 0.000 0.005 0.007 0.002 0.004 0.003 0.006 0.009 0.000 0.000 0.000 0.022 0.007 0.011 0.000 0.000 0.000 0.000 0.000 0.000 0.055 0.000 0.002
0.249 0.311 0.250 0.223 0.069 0.256 0.232 0.243 0.155 0.048 0.000 0.000 0.000 0.000 0.000 0.128 0.005 0.000 0.000 0.080 0.000 0.000 0.000 0.000 0.096 0.000 0.102 0.039 0.001 0.000 0.002 0.021 0.000 0.000 0.047 0.000 0.000 0.000 0.000 0.001 0.063 0.000 0.175 0.009 0.011 0.049 0.002 0.004 0.006 0.009 0.004 0.005 0.004 0.002 0.003 0.010 0.004 0.001 0.000 0.000 0.000 0.000 0.000 0.068 0.000 0.063 0.002 0.004 0.029 0.076 0.000 0.000 0.000 0.025 0.001 0.000 0.000
0.214 0.338 0.227 0.308 0.186 0.138 0.119 0.340 0.053 0.060 0.000 0.041 0.043 0.000 0.000 0.003 0.001 0.259 0.002 0.030 0.058 0.000 0.012 0.000 0.000 0.015 0.019 0.078 0.000 0.023 0.000 0.049 0.000 0.008 0.046 0.063 0.000 0.011 0.002 0.000 0.000 0.000 0.038 0.000 0.108 0.003 0.004 0.066 0.030 0.005 0.003 0.002 0.000 0.021 0.000 0.009 0.001 0.003 0.003 0.000 0.000 0.000 0.000 0.000 0.005 0.007 0.070 0.000 0.000 0.000 0.001 0.002 0.001 0.005 0.000 0.000 0.000
0.224 0.305 0.245 0.193 0.149 0.147 0.014 0.117 0.048 0.001 0.002 0.001 0.001 0.041 0.000 0.000 0.003 0.000 0.000 0.000 0.000 0.063 0.038 0.000 0.000 0.051 0.000 0.046 0.073 0.000 0.042 0.000 0.000 0.000 0.000 0.000 0.010 0.012 0.000 0.000 0.000 0.000 0.007 0.114 0.037 0.003 0.006 0.001 0.002 0.031 0.004 0.048 0.010 0.057 0.012 0.011 0.022 0.002 0.003 0.016 0.000 0.000 0.029 0.019 0.055 0.016 0.001 0.032 0.001 0.007 0.001 0.000 0.000 0.000 0.000 0.000 0.000
0.113 0.135 0.209 0.150 0.120 0.108 0.001 0.009 0.000 0.000 0.027 0.000 0.000 0.000 0.000 0.001 0.000 0.015 0.196 0.000 0.000 0.000 0.004 0.068 0.012 0.000 0.052 0.116 0.000 0.015 0.000 0.000 0.010 0.044 0.000 0.021 0.000 0.019 0.059 0.000 0.000 0.000 0.029 0.002 0.000 0.000 0.000 0.001 0.000 0.003 0.046 0.000 0.064 0.069 0.020 0.000 0.019 0.000 0.031 0.002 0.004 0.004 0.008 0.000 0.000 0.000 0.000 0.000 0.000 0.000 0.000 0.000 0.000 0.000 0.007 0.000 0.001
0.122 0.134 0.003 0.015 0.017 0.001 0.005 0.001 0.144 0.002 0.000 0.024 0.014 0.001 0.000 0.000 0.000 0.005 0.072 0.000 0.000 0.000 0.000 0.054 0.053 0.000 0.000 0.000 0.000 0.054 0.000 0.000 0.000 0.000 0.008 0.061 0.000 0.000 0.000 0.000 0.000 0.000 0.010 0.004 0.210 0.062 0.002 0.037 0.000 0.061 0.000 0.047 0.000 0.000 0.000 0.000 0.000 0.028 0.000 0.017 0.095 0.006 0.009 0.053 0.017 0.000 0.000 0.051 0.000 0.014 0.020 0.007 0.000 0.049 0.002 0.015 0.001
0.017 0.001 0.062 0.000 0.077 0.000 0.033 0.000 0.000 0.000 0.000 0.000 0.001 0.001 0.037 0.000 0.000 0.000 0.000 0.000 0.014 0.000 0.055 0.049 0.000 0.000 0.000 0.000 0.066 0.000 0.002 0.032 0.041 0.000 0.000 0.000 0.000 0.014 0.000 0.000 0.000 0.000 0.033 0.051 0.001 0.000 0.005 0.002 0.076 0.035 0.000 0.000 0.045 0.000 0.000 0.000 0.000 0.002 0.000 0.001 0.019 0.005 0.000 0.050 0.003 0.003 0.001 0.000 0.000 0.009 0.000 0.000 0.002 0.002 0.000 0.000 0.000
0.032 0.004 0.000 0.000 0.000 0.150 0.000 0.000 0.000 0.000 0.000 0.000 0.000 0.000 0.001 0.002 0.000 0.004 0.051 0.212 0.000 0.054 0.027 0.000 0.024 0.040 0.021 0.001 0.000 0.074 0.017 0.000 0.021 0.002 0.026 0.001 0.056 0.000 0.032 0.000 0.000 0.000 0.015 0.011 0.042 0.009 0.000 0.000 0.000 0.000 0.000 0.000 0.000 0.006 0.001 0.000 0.029 0.023 0.001 0.000 0.046 0.000 0.000 0.022 0.011 0.001 0.001 0.001 0.029 0.041 0.000 0.000 0.021 0.000 0.000 0.021 0.000
0.226 0.014 0.000 0.000 0.000 0.000 0.000 0.000 0.000 0.000 0.000 0.000 0.000 0.016 0.000 0.004 0.000 0.002 0.000 0.005 0.041 0.134 0.000 0.000 0.001 0.000 0.000 0.000 0.000 0.005 0.000 0.000 0.000 0.000 0.008 0.000 0.000 0.000 0.072 0.000 0.000 0.034 0.000 0.000 0.002 0.126 0.076 0.089 0.000 0.000 0.000 0.075 0.003 0.002 0.001 0.000 0.000 0.002 0.000 0.035 0.012 0.000 0.052 0.005 0.000 0.000 0.000 0.002 0.000 0.030 0.000 0.000 0.002 0.004 0.001 0.002 0.002
0.203 0.209 0.193 0.002 0.000 0.034 0.089 0.000 0.000 0.000 0.000 0.000 0.021 0.000 0.038 0.000 0.032 0.000 0.004 0.058 0.000 0.000 0.000 0.073 0.000 0.000 0.000 0.000 0.004 0.020 0.000 0.041 0.000 0.000 0.000 0.000 0.000 0.000 0.000 0.047 0.002 0.000 0.065 0.035 0.005 0.018 0.000 0.000 0.173 0.000 0.000 0.024 0.000 0.008 0.000 0.008 0.006 0.044 0.002 0.002 0.021 0.008 0.006 0.019 0.000 0.000 0.006 0.017 0.000 0.000 0.000 0.003 0.012 0.000 0.003 0.001 0.001
0.088 0.098 0.005 0.016 0.128 0.081 0.002 0.001 0.005 0.001 0.001 0.000 0.000 0.008 0.000 0.029 0.000 0.000 0.139 0.000 0.000 0.066 0.075 0.000 0.000 0.000 0.013 0.000 0.000 0.046 0.019 0.000 0.000 0.000 0.057 0.000 0.000 0.000 0.014 0.000 0.000 0.000 0.000 0.036 0.000 0.039 0.008 0.004 0.008 0.014 0.032 0.007 0.005 0.000 0.004 0.047 0.011 0.012 0.016 0.011 0.019 0.000 0.000 0.000 0.000 0.005 0.002 0.000 0.000 0.000 0.000 0.003 0.000 0.000 0.002 0.000 0.001
0.321 0.239 0.195 0.026 0.000 0.064 0.052 0.011 0.000 0.000 0.000 0.000 0.000 0.000 0.000 0.000 0.023 0.004 0.003 0.000 0.000 0.000 0.000 0.000 0.000 0.000 0.008 0.000 0.000 0.003 0.006 0.000 0.000 0.000 0.000 0.022 0.000 0.000 0.000 0.044 0.000 0.000 0.006 0.062 0.000 0.017 0.003 0.006 0.019 0.120 0.003 0.010 0.008 0.015 0.034 0.002 0.015 0.006 0.000 0.000 0.000 0.000 0.000 0.000 0.026 0.030 0.000 0.000 0.000 0.000 0.000 0.004 0.002 0.002 0.036 0.000 0.000
0.005 0.052 0.039 0.000 0.000 0.050 0.000 0.000 0.000 0.066 0.060 0.000 0.000 0.000 0.004 0.004 0.006 0.000 0.000 0.000 0.021 0.017 0.037 0.019 0.151 0.020 0.000 0.000 0.008 0.002 0.000 0.000 0.000 0.000 0.000 0.000 0.001 0.039 0.028 0.000 0.000 0.000 0.005 0.000 0.040 0.006 0.083 0.010 0.000 0.000 0.049 0.041 0.000 0.095 0.009 0.044 0.023 0.000 0.032 0.003 0.001 0.000 0.004 0.069 0.009 0.005 0.006 0.051 0.006 0.004 0.006 0.007 0.002 0.002 0.000 0.012 0.000
