includes/estuary_coast/floodfiles/results/res-0013.wd
ncols         730
nrows         472
xllcorner     380617.130607059982140
yllcorner     6542069.774948899634182
cellsize      20.000000000000000
NODATA_value  -9999.000000
[rows 306 to 339 of 472, columns 385 to 461 of 730]
1.281 1.331 1.050 1.373 1.196 1.343 1.325 1.333 1.218 1.024 1.076 1.424 1.254 1.458 1.277 1.353 1.374 1.273 1.394 1.390 0.851 1.238 1.373 1.451 1.462 1.508 1.459 1.428 1.491 1.372 1.376 1.356 1.312 1.231 1.251 1.224 1.243 1.203 1.448 1.547 1.565 1.583 1.506 1.506 1.562 1.451 0.872 0.168 0.000 0.000 0.000 0.000 0.000 0.000 1.057 5.203 7.647 8.598 9.043 10.163 11.625 11.005 10.357 10.979 8.288 0.743 0.973 0.952 0.950 1.041 0.941 0.285 1.201 1.141 1.177 1.254 1.236
1.316 1.250 1.007 0.907 1.452 1.114 0.959 1.214 1.241 1.257 0.944 1.113 1.434 1.250 1.375 1.377 1.238 1.325 1.258 1.195 1.176 1.419 1.439 1.477 1.477 1.568 1.464 1.446 1.440 1.362 1.395 1.348 1.328 1.314 1.307 1.191 1.234 1.207 1.243 1.522 1.498 1.388 1.365 1.475 1.608 1.552 1.113 0.000 0.000 0.000 0.000 0.000 0.000 0.000 2.266 6.736 7.177 8.319 9.213 10.416 11.784 11.002 9.690 8.543 1.629 0.836 1.014 0.909 0.973 0.941 0.939 1.005 1.157 1.204 1.241 1.201 1.208
1.091 0.621 1.250 1.072 1.114 1.155 1.352 1.280 1.323 1.328 1.228 0.967 1.006 1.385 1.279 1.304 1.194 1.305 1.299 1.059 1.305 1.410 1.383 1.366 1.463 1.412 1.468 1.439 1.412 1.340 1.374 1.393 1.302 1.327 1.287 1.279 1.235 1.246 1.233 1.371 1.624 1.388 1.334 1.412 1.687 1.688 1.240 0.000 0.000 0.000 0.000 0.000 0.000 0.829 2.420 6.304 8.012 8.470 10.067 10.160 10.894 10.440 9.370 7.534 0.867 0.863 0.999 0.880 0.920 0.940 1.103 1.141 1.148 1.186 1.174 1.240 1.184
0.428 0.373 0.621 1.112 1.016 1.222 1.317 1.277 1.249 1.365 1.396 1.229 0.958 1.016 1.238 1.122 1.410 1.243 1.123 1.248 1.395 1.370 1.387 1.429 1.411 1.332 1.441 1.399 1.431 1.399 1.420 1.421 1.327 1.346 1.371 1.244 1.202 1.199 1.187 1.460 1.331 1.488 1.542 1.578 1.661 1.404 1.315 0.000 0.000 0.000 0.000 0.000 0.000 0.839 4.951 6.521 7.854 8.747 9.796 10.430 11.214 10.507 10.743 9.413 0.660 0.913 0.909 0.951 0.874 0.940 0.038 1.116 1.082 1.156 1.119 1.232 1.269
0.326 0.435 0.395 0.710 1.078 1.033 0.945 1.450 1.229 1.282 1.339 1.290 1.262 0.969 0.987 1.297 1.267 1.343 0.961 1.424 1.371 1.341 1.515 1.415 1.435 1.353 1.363 1.362 1.392 1.400 1.375 1.352 1.379 1.380 1.272 1.164 1.155 1.134 1.182 1.232 1.277 1.248 1.384 1.451 1.476 0.891 0.889 0.000 0.000 0.000 0.000 0.513 0.000 0.841 5.233 6.618 7.961 9.772 9.676 11.512 12.126 10.810 10.075 7.897 0.709 0.853 0.911 0.862 0.940 0.938 0.836 1.158 1.154 1.127 1.186 1.231 1.306
0.061 0.590 0.572 0.675 0.501 1.015 0.739 0.993 1.405 1.221 1.311 1.334 1.213 1.246 0.888 0.967 1.137 1.108 1.063 1.450 1.386 1.359 1.517 1.425 1.390 1.393 1.329 1.441 1.352 1.345 1.358 1.417 1.338 1.305 1.264 1.326 1.210 1.290 1.340 1.262 1.310 1.228 1.307 1.270 1.224 0.835 0.396 0.000 0.000 0.795 1.177 1.081 1.891 1.891 2.591 6.368 8.122 9.252 10.176 11.328 11.922 10.480 8.722 5.866 0.800 0.918 0.885 0.959 0.939 2.027 0.957 1.130 1.099 1.043 1.289 1.243 1.268
0.142 0.596 0.695 0.518 1.122 0.975 0.987 1.035 0.802 0.552 0.221 1.133 1.174 1.133 1.136 0.852 1.272 0.944 1.154 1.382 1.310 1.410 1.492 1.526 1.332 1.294 1.348 1.249 1.314 1.330 1.380 1.307 1.355 1.279 1.390 1.326 1.254 1.254 1.328 1.249 1.214 1.233 1.277 1.166 1.338 0.701 0.047 0.253 1.067 1.171 1.213 1.140 1.100 1.890 3.451 7.229 8.815 9.272 10.688 10.881 11.396 10.498 9.276 2.361 0.767 0.664 0.911 0.857 0.939 1.063 1.086 1.225 1.148 1.219 1.247 1.266 1.057
0.345 0.242 0.718 0.593 0.791 0.838 0.694 0.238 0.229 0.485 0.315 0.125 0.247 0.461 0.728 1.086 0.740 0.964 1.008 1.423 1.388 1.431 1.505 1.457 1.426 1.399 1.374 1.256 1.354 1.354 1.260 1.271 1.277 1.325 1.259 1.313 1.233 1.235 1.392 1.243 1.178 1.186 1.233 1.255 1.231 0.693 0.576 1.090 1.084 1.195 1.177 1.080 1.062 1.890 3.594 6.696 8.433 9.635 10.401 11.652 11.771 10.492 11.103 0.794 0.852 0.892 0.931 0.894 0.939 0.686 1.115 1.142 1.164 1.216 1.250 1.270 1.369
0.277 0.328 0.816 0.796 0.374 0.098 0.000 0.158 0.219 0.275 0.376 0.484 0.646 0.403 0.198 0.379 1.136 0.872 1.068 1.182 1.413 1.373 1.399 1.416 1.398 1.381 1.434 1.330 1.278 1.253 1.325 1.233 1.273 1.326 1.376 1.191 1.209 1.416 1.203 1.134 1.269 1.248 1.134 1.169 1.153 0.833 0.615 1.098 1.099 1.164 1.226 1.089 1.063 1.889 4.690 6.913 8.557 10.110 10.535 12.307 11.901 10.108 9.005 0.729 0.861 0.992 0.975 0.789 0.938 0.397 1.156 1.149 1.242 1.217 1.240 1.315 1.178
0.198 0.615 0.482 0.673 0.221 0.171 0.050 0.000 0.003 0.000 0.114 0.256 0.431 0.566 0.860 0.709 0.599 0.917 0.960 0.900 1.107 1.473 1.417 1.357 1.359 1.305 1.359 1.356 1.245 1.254 1.246 1.243 1.224 1.290 1.313 1.311 1.223 1.335 1.217 1.200 1.214 1.096 1.179 1.204 1.000 1.181 0.596 1.117 1.187 1.217 1.090 1.109 1.097 1.888 4.823 7.407 8.963 9.941 10.991 11.340 11.235 10.246 7.969 0.773 0.840 0.954 1.004 0.888 0.938 0.301 1.130 1.116 1.159 1.194 1.198 1.252 1.325
0.052 0.730 0.193 0.154 0.000 0.000 0.000 0.000 0.000 0.000 0.000 0.179 0.074 0.226 0.667 0.861 0.937 0.903 1.110 1.132 0.857 1.166 1.476 1.354 1.315 1.224 1.243 1.328 1.259 1.264 1.211 1.224 1.272 1.306 1.313 1.168 1.392 1.192 1.133 1.186 1.225 1.166 1.213 1.297 1.212 1.161 0.829 1.133 1.044 1.159 1.179 1.092 1.087 1.888 5.577 8.387 8.861 10.014 11.068 11.616 11.290 11.176 8.837 0.750 0.779 0.837 0.886 0.804 0.938 0.110 1.172 1.174 1.255 1.227 1.247 1.420 1.285
0.000 0.246 0.000 0.000 0.000 0.000 0.000 0.000 0.000 0.000 0.000 0.000 0.152 0.308 0.473 0.656 0.907 0.990 1.138 1.135 1.147 0.978 1.316 1.391 1.322 1.236 1.104 1.184 1.290 1.211 1.277 1.109 1.233 1.262 1.234 1.234 1.318 1.261 1.174 1.166 1.146 1.168 1.250 1.131 1.232 1.189 1.102 1.181 1.007 1.110 1.149 1.105 1.070 1.887 6.042 7.540 9.103 10.479 11.302 12.738 11.443 10.577 8.204 0.816 0.804 0.989 1.211 1.077 0.937 0.200 1.184 1.208 1.155 1.185 1.255 1.149 1.343
0.000 0.000 0.000 0.000 0.000 0.000 0.000 0.000 0.000 0.000 0.000 0.000 0.000 0.318 0.591 0.754 0.912 0.943 1.173 1.192 1.128 0.990 0.962 1.098 1.110 1.213 1.140 1.224 1.236 1.239 1.291 1.219 1.188 1.250 1.194 1.255 1.263 1.241 1.211 1.154 1.238 1.123 1.238 1.011 1.314 1.193 1.131 1.005 0.984 1.095 1.106 1.090 1.106 1.886 5.433 7.849 8.732 10.075 10.965 11.792 11.527 10.317 9.122 0.789 0.863 1.121 1.179 1.123 1.140 0.623 1.268 1.265 1.236 1.404 1.245 1.333 1.222
0.000 0.000 0.000 0.000 0.000 0.000 0.000 0.000 0.000 0.000 0.000 0.000 0.116 0.247 0.484 0.770 0.929 1.128 0.978 1.134 1.209 1.150 1.177 1.094 1.056 0.867 0.728 0.627 0.754 0.888 1.249 1.284 1.276 1.199 1.227 1.230 1.285 1.224 1.243 1.204 1.290 1.086 1.269 1.142 1.351 1.207 1.073 0.613 0.981 1.144 1.124 1.130 1.061 1.886 4.493 7.517 9.332 10.208 11.315 11.625 12.213 10.844 10.758 0.912 0.835 1.000 1.277 1.111 1.138 0.942 1.304 1.268 1.103 1.216 1.206 1.174 1.246
0.000 0.000 0.000 0.000 0.000 0.000 0.000 0.000 0.000 0.000 0.000 0.000 0.000 0.223 0.638 0.834 0.814 1.070 1.108 1.251 1.260 1.476 1.309 1.237 1.131 0.990 0.780 0.706 0.545 0.153 0.661 0.981 1.389 1.310 1.266 1.352 1.159 1.151 1.207 1.264 1.165 1.208 1.166 1.277 1.328 1.228 0.976 0.489 1.041 1.051 1.119 1.120 1.045 1.885 4.523 6.952 8.803 10.002 10.986 11.800 12.532 11.079 9.001 1.393 0.798 0.668 0.917 0.588 1.136 1.238 1.338 1.176 1.177 1.180 1.180 1.241 1.192
0.000 0.000 0.000 0.000 0.000 0.000 0.000 0.000 0.000 0.000 0.000 0.000 0.000 0.000 0.688 0.781 0.711 0.844 1.199 1.401 1.325 1.339 1.246 1.226 1.174 0.792 0.737 0.572 0.395 0.356 0.298 0.410 0.970 1.169 1.192 1.120 1.203 1.185 1.331 1.258 1.171 1.119 1.057 1.296 1.349 1.345 1.081 0.590 1.008 1.039 1.114 1.063 1.051 1.884 1.884 6.830 8.779 10.226 11.659 11.673 11.963 10.976 9.406 6.667 0.947 1.026 1.171 1.272 1.136 1.781 1.208 1.210 1.193 1.219 1.297 1.239 1.303
0.000 0.000 0.000 0.000 0.000 0.000 0.000 0.000 0.000 0.000 0.000 0.000 0.000 0.150 0.284 0.538 0.776 0.918 1.133 1.222 1.497 1.367 1.406 1.162 0.885 0.785 0.495 0.261 0.144 0.082 0.366 0.349 0.534 1.073 1.077 1.056 1.117 1.180 1.232 1.242 1.050 1.201 0.997 1.349 1.392 1.358 1.141 0.781 1.053 1.025 1.138 1.126 1.049 1.072 1.883 6.350 9.774 9.835 11.375 11.798 12.280 10.850 10.999 8.369 0.761 1.147 1.165 1.297 1.136 1.134 1.057 1.267 1.228 1.128 1.333 1.359 1.341
0.000 0.000 0.000 0.000 0.000 0.000 0.000 0.000 0.000 0.000 0.000 0.000 0.000 0.000 0.598 0.603 0.821 1.092 1.308 1.103 1.287 1.202 1.126 0.868 0.898 0.509 0.116 0.000 0.000 0.000 0.000 0.172 0.040 0.760 0.941 1.079 1.084 1.214 1.200 1.166 1.120 1.250 1.173 1.291 1.255 1.289 1.125 1.025 0.831 1.041 1.084 1.191 1.064 1.104 1.882 6.097 8.261 9.977 10.578 12.047 12.942 10.928 9.510 6.745 0.817 0.778 1.214 1.093 0.850 1.134 0.875 1.320 1.390 1.367 1.337 1.359 1.378
0.000 0.000 0.000 0.000 0.000 0.000 0.000 0.000 0.000 0.000 0.000 0.000 0.000 0.000 0.416 0.566 0.783 1.057 1.097 1.197 1.321 1.253 0.989 0.409 0.049 0.000 0.000 0.000 0.000 0.000 0.000 0.000 0.167 0.315 0.943 0.723 1.016 1.023 1.091 1.170 1.079 1.170 1.202 1.296 1.228 1.274 1.201 1.083 0.729 0.937 1.029 1.020 1.092 1.013 1.881 6.326 8.245 9.141 10.798 11.030 11.444 10.690 8.551 5.596 0.851 0.622 0.969 1.013 0.996 1.134 0.000 1.384 1.241 1.330 1.326 1.197 1.358
0.000 0.000 0.000 0.000 0.000 0.000 0.000 0.000 0.000 0.000 0.000 0.000 0.000 0.000 0.296 0.244 0.515 0.694 0.955 0.913 0.704 0.808 0.840 0.702 0.000 0.000 0.000 0.000 0.000 0.000 0.000 0.000 0.065 0.297 0.669 1.033 0.539 0.885 1.112 1.149 1.087 1.040 1.178 1.257 1.210 1.208 1.283 0.730 0.433 1.014 0.961 1.039 1.003 1.041 1.880 5.946 7.466 8.973 9.988 10.744 10.906 11.025 8.847 5.222 4.030 0.783 0.849 0.933 0.989 1.133 0.748 1.367 1.405 1.240 1.174 1.310 1.353
0.000 0.000 0.000 0.000 0.000 0.000 0.000 0.000 0.000 0.000 0.000 0.000 0.000 0.000 0.000 0.000 0.000 0.134 0.000 0.000 0.000 0.000 0.115 0.276 0.000 0.000 0.000 0.000 0.000 0.000 0.000 0.000 0.000 0.412 0.493 0.855 0.938 0.700 1.038 1.196 1.118 0.977 1.244 1.169 1.223 1.193 1.168 1.059 0.455 0.910 0.919 1.007 1.018 1.063 1.880 6.103 7.263 8.623 10.127 10.911 10.739 10.750 8.812 5.387 4.036 0.906 0.914 0.984 0.966 1.132 2.033 1.257 1.304 1.344 1.291 1.348 1.371
0.000 0.000 0.000 0.000 0.000 0.000 0.000 0.000 0.000 0.000 0.000 0.000 0.000 0.000 0.000 0.000 0.000 0.000 0.000 0.000 0.000 0.000 0.000 0.000 0.000 0.000 0.000 0.000 0.000 0.000 0.000 0.000 0.000 0.254 0.343 0.677 0.748 0.608 1.023 1.084 1.054 1.134 1.115 1.158 1.095 1.209 1.314 1.260 0.388 0.699 0.776 0.899 0.896 1.095 1.879 5.236 7.741 8.871 9.559 10.466 10.854 10.492 9.393 6.862 4.025 0.801 0.893 0.960 1.043 1.132 1.131 0.789 1.386 1.495 1.374 1.508 1.342
0.000 0.000 0.000 0.000 0.000 0.000 0.000 0.000 0.000 0.000 0.000 0.000 0.000 0.000 0.000 0.000 0.000 0.000 0.000 0.000 0.000 0.000 0.000 0.000 0.000 0.000 0.000 0.000 0.000 0.000 0.000 0.000 0.000 0.000 0.000 0.123 0.656 0.764 0.577 0.936 1.039 1.102 1.097 1.156 1.105 1.198 1.242 1.238 1.171 0.620 0.897 0.940 0.970 1.188 1.878 5.406 7.086 8.794 9.478 11.465 11.365 10.501 10.933 8.721 4.913 0.760 0.984 1.012 1.045 0.963 1.130 1.671 0.183 1.355 1.296 1.373 1.281
0.000 0.000 0.000 0.000 0.000 0.000 0.000 0.000 0.000 0.000 0.000 0.000 0.000 0.000 0.000 0.000 0.000 0.000 0.000 0.000 0.000 0.000 0.000 0.000 0.000 0.000 0.000 0.000 0.000 0.000 0.000 0.000 0.000 0.000 0.000 0.332 0.781 0.694 0.667 0.924 0.866 1.117 1.033 0.965 1.056 1.011 1.166 1.098 0.836 0.466 0.946 0.858 1.008 1.877 3.543 5.088 8.143 8.530 9.559 11.432 11.547 10.867 10.431 8.465 4.146 0.843 0.872 0.923 0.797 0.993 1.130 1.129 1.394 1.279 1.388 1.275 1.260
0.000 0.000 0.000 0.000 0.000 0.000 0.000 0.000 0.000 0.000 0.000 0.000 0.000 0.000 0.000 0.000 0.000 0.000 0.000 0.000 0.000 0.000 0.000 0.000 0.000 0.000 0.000 0.000 0.000 0.000 0.000 0.000 0.000 0.000 0.061 0.309 0.275 0.503 0.000 0.576 0.631 1.131 1.059 1.033 0.958 1.036 0.977 1.019 1.004 0.336 0.944 0.888 1.044 1.877 4.298 4.998 6.562 8.851 9.420 10.231 11.366 11.614 10.439 8.379 5.674 0.893 0.864 0.785 0.856 0.977 1.057 1.129 1.128 0.043 1.392 1.338 1.307
0.000 0.000 0.000 0.000 0.000 0.000 0.000 0.000 0.000 0.000 0.000 0.000 0.000 0.000 0.000 0.000 0.000 0.000 0.000 0.000 0.000 0.000 0.000 0.000 0.000 0.000 0.000 0.000 0.000 0.000 0.000 0.000 0.000 0.000 0.000 0.000 0.000 0.000 0.000 0.363 0.208 0.507 0.953 0.900 0.862 0.879 0.928 0.815 0.929 1.348 0.794 0.785 0.920 1.275 1.274 3.355 6.041 7.105 9.042 9.786 11.549 12.651 10.886 10.242 8.876 5.319 1.042 0.807 0.833 0.973 1.094 0.983 1.128 2.034 1.205 1.349 1.202
0.000 0.000 0.000 0.000 0.000 0.000 0.000 0.000 0.000 0.000 0.000 0.000 0.000 0.000 0.000 0.000 0.000 0.000 0.000 0.000 0.000 0.000 0.000 0.000 0.000 0.000 0.000 0.000 0.000 0.000 0.000 0.000 0.000 0.000 0.000 0.000 0.000 0.000 0.000 0.000 0.000 0.000 0.038 0.725 0.846 0.955 0.915 0.856 0.840 0.958 0.200 0.881 0.951 1.095 1.274 1.491 6.002 6.636 9.134 9.543 10.833 11.782 11.101 10.706 9.550 5.092 0.640 0.964 0.886 0.928 1.027 1.058 1.127 1.127 0.472 1.218 1.326
0.000 0.000 0.000 0.000 0.000 0.000 0.000 0.000 0.000 0.000 0.000 0.000 0.000 0.000 0.000 0.000 0.000 0.000 0.000 0.000 0.000 0.000 0.000 0.000 0.000 0.000 0.000 0.000 0.000 0.000 0.000 0.000 0.000 0.000 0.000 0.000 0.000 0.000 0.000 0.000 0.000 0.000 0.000 0.000 0.350 0.930 0.968 0.935 0.997 0.840 0.956 0.783 0.894 0.958 1.273 1.272 3.809 5.048 7.291 9.289 10.729 11.012 11.599 10.623 8.542 4.533 0.798 0.973 1.047 0.953 1.077 1.047 1.023 1.127 1.126 1.307 1.291
0.000 0.000 0.000 0.000 0.000 0.000 0.000 0.000 0.000 0.000 0.000 0.000 0.000 0.000 0.000 0.000 0.000 0.000 0.000 0.000 0.000 0.000 0.000 0.000 0.000 0.000 0.000 0.000 0.000 0.000 0.000 0.000 0.000 0.000 0.000 0.000 0.000 0.000 0.000 0.000 0.000 0.000 0.000 0.000 0.000 0.415 0.978 1.054 1.016 0.937 0.876 0.461 0.955 0.887 1.023 1.271 1.271 4.395 7.241 8.737 10.550 11.270 12.456 11.229 10.441 7.692 5.379 0.849 0.996 1.027 0.957 1.022 1.088 1.184 1.126 0.000 1.282
0.000 0.000 0.000 0.000 0.000 0.000 0.000 0.000 0.000 0.000 0.000 0.000 0.000 0.000 0.000 0.000 0.000 0.000 0.000 0.000 0.000 0.000 0.000 0.000 0.000 0.000 0.000 0.000 0.000 0.000 0.000 0.000 0.000 0.000 0.000 0.000 0.000 0.000 0.000 0.000 0.000 0.000 0.000 0.000 0.000 0.000 0.335 1.051 1.043 1.068 0.897 0.964 0.723 0.980 0.896 1.035 1.270 3.757 7.009 8.294 9.790 11.124 11.838 11.294 11.073 9.702 8.059 0.698 0.968 0.912 0.941 1.011 1.031 1.067 1.126 0.927 1.332
0.000 0.000 0.000 0.000 0.000 0.000 0.000 0.000 0.000 0.000 0.000 0.000 0.000 0.000 0.000 0.000 0.000 0.000 0.000 0.000 0.000 0.000 0.000 0.000 0.000 0.000 0.000 0.000 0.000 0.000 0.000 0.000 0.000 0.000 0.000 0.000 0.000 0.000 0.000 0.000 0.000 0.000 0.000 0.000 0.000 0.000 0.093 0.856 1.125 1.278 1.186 0.615 0.410 0.983 0.944 1.005 1.269 1.269 6.426 7.755 10.443 10.827 12.764 12.177 10.973 10.481 11.021 0.743 0.872 0.963 0.935 0.964 1.072 1.080 1.125 1.125 0.524
0.000 0.000 0.000 0.000 0.000 0.000 0.000 0.000 0.000 0.000 0.000 0.000 0.000 0.000 0.000 0.000 0.000 0.000 0.000 0.000 0.000 0.000 0.000 0.000 0.000 0.000 0.000 0.000 0.000 0.000 0.000 0.000 0.000 0.000 0.000 0.000 0.000 0.000 0.000 0.000 0.000 0.000 0.000 0.000 0.000 0.000 0.000 0.390 1.086 1.280 1.276 1.031 1.470 0.455 0.979 0.938 0.919 1.268 5.300 7.229 8.775 10.478 12.094 11.888 11.395 10.613 9.983 1.484 0.822 0.921 0.923 0.823 1.037 1.057 1.070 1.125 0.284
0.000 0.000 0.000 0.000 0.000 0.000 0.000 0.000 0.000 0.000 0.000 0.000 0.000 0.000 0.000 0.000 0.000 0.000 0.000 0.000 0.000 0.000 0.000 0.000 0.000 0.000 0.000 0.000 0.000 0.000 0.000 0.000 0.000 0.000 0.000 0.000 0.000 0.000 0.000 0.000 0.000 0.000 0.000 0.000 0.000 0.000 0.491 1.014 1.000 1.240 1.285 1.167 1.008 0.867 0.837 1.268 1.268 1.267 3.641 7.711 8.646 9.971 11.079 11.486 11.357 10.865 10.163 10.164 0.808 0.802 0.888 0.762 0.982 0.998 0.988 1.124 1.124
0.000 0.000 0.000 0.000 0.000 0.000 0.000 0.000 0.000 0.000 0.000 0.000 0.000 0.000 0.000 0.000 0.000 0.000 0.000 0.000 0.000 0.000 0.000 0.000 0.000 0.000 0.000 0.000 0.000 0.000 0.000 0.000 0.000 0.000 0.000 0.000 0.000 0.000 0.000 0.000 0.000 0.000 0.000 0.000 0.000 0.301 1.035 1.043 1.029 1.193 1.200 1.114 1.185 0.656 1.148 1.148 0.844 0.988 1.148 4.423 6.775 9.303 11.243 11.628 11.769 10.969 9.992 9.864 1.678 0.855 0.836 0.947 0.748 0.912 0.256 0.599 0.635
