includes/estuary_coast/floodfiles/results/res-0008.wd
ncols         730
nrows         472
xllcorner     380617.130607059982140
yllcorner     6542069.774948899634182
cellsize      20.000000000000000
NODATA_value  -9999.000000
[rows 408 to 441 of 472, columns 0 to 76 of 730]
1.105 1.104 1.096 1.064 1.041 1.014 0.991 0.976 0.970 0.955 0.951 0.922 0.909 0.892 0.852 0.850 0.808 0.782 0.767 0.758 0.737 0.725 0.707 0.682 0.651 0.611 0.579 0.564 0.572 0.594 0.608 0.619 0.621 0.618 0.614 0.614 0.620 0.634 0.000 0.035 0.032 0.007 0.120 0.056 0.264 0.146 0.190 0.194 0.176 0.073 0.001 0.000 0.049 0.135 0.021 0.000 0.037 0.131 0.113 0.065 0.114 0.020 0.135 0.107 0.189 0.158 0.160 0.112 0.224 0.084 0.158 0.170 0.064 0.134 0.128 0.092 0.145
1.103 1.099 1.075 1.046 1.012 0.982 0.955 0.930 0.926 0.920 0.914 0.895 0.857 0.838 0.819 0.802 0.788 0.769 0.758 0.732 0.724 0.712 0.696 0.675 0.649 0.617 0.591 0.580 0.586 0.603 0.612 0.618 0.616 0.608 0.599 0.599 0.608 0.006 0.040 0.095 0.046 0.041 0.132 0.086 0.100 0.251 0.181 0.152 0.256 0.130 0.159 0.106 0.000 0.117 0.234 0.352 0.057 0.007 0.074 0.014 0.335 0.174 0.070 0.202 0.124 0.319 0.339 0.195 0.083 0.155 0.172 0.019 0.324 0.199 0.314 0.309 0.244
1.098 1.089 1.057 1.025 0.989 0.954 0.922 0.911 0.911 0.902 0.883 0.855 0.830 0.807 0.787 0.774 0.758 0.752 0.744 0.718 0.708 0.698 0.684 0.669 0.651 0.631 0.611 0.604 0.596 0.604 0.612 0.621 0.615 0.603 0.590 0.589 0.022 0.048 0.090 0.034 0.085 0.046 0.021 0.101 0.050 0.231 0.182 0.175 0.171 0.094 0.177 0.090 0.153 0.098 0.354 0.120 0.305 0.371 0.192 0.037 0.021 0.078 0.076 0.284 0.117 0.176 0.265 0.161 0.219 0.238 0.062 0.106 0.139 0.117 0.095 0.095 0.087
1.069 1.052 1.029 1.000 0.971 0.940 0.913 0.906 0.904 0.895 0.865 0.834 0.805 0.776 0.754 0.740 0.737 0.734 0.713 0.704 0.692 0.672 0.661 0.641 0.630 0.623 0.617 0.609 0.611 0.616 0.620 0.620 0.613 0.607 0.594 0.592 0.001 0.038 0.069 0.180 0.063 0.179 0.140 0.071 0.048 0.026 0.095 0.181 0.228 0.232 0.157 0.151 0.138 0.175 0.314 0.020 0.117 0.255 0.309 0.492 0.163 0.074 0.169 0.138 0.123 0.135 0.101 0.161 0.260 0.091 0.136 0.128 0.149 0.200 0.078 0.037 0.114
1.034 1.019 1.000 0.976 0.952 0.924 0.911 0.903 0.900 0.886 0.850 0.815 0.779 0.744 0.723 0.716 0.718 0.714 0.684 0.670 0.655 0.642 0.632 0.629 0.625 0.624 0.615 0.618 0.624 0.628 0.630 0.629 0.621 0.617 0.609 0.608 0.054 0.092 0.117 0.065 0.154 0.158 0.202 0.085 0.214 0.127 0.135 0.061 0.044 0.291 0.263 0.200 0.114 0.097 0.148 0.051 0.071 0.039 0.252 0.267 0.293 0.307 0.270 0.031 0.049 0.027 0.215 0.197 0.217 0.164 0.211 0.168 0.127 0.162 0.118 0.119 0.033
0.992 0.986 0.969 0.951 0.935 0.909 0.894 0.892 0.884 0.860 0.830 0.796 0.760 0.726 0.706 0.702 0.701 0.690 0.675 0.656 0.637 0.621 0.611 0.609 0.614 0.621 0.619 0.626 0.633 0.638 0.643 0.646 0.637 0.631 0.630 0.631 0.077 0.144 0.226 0.341 0.106 0.054 0.083 0.123 0.149 0.001 0.097 0.000 0.098 0.166 0.130 0.046 0.189 0.286 0.215 0.269 0.099 0.142 0.115 0.265 0.253 0.277 0.186 0.432 0.194 0.071 0.229 0.117 0.209 0.172 0.230 0.262 0.139 0.127 0.122 0.130 0.258
0.947 0.933 0.919 0.906 0.895 0.876 0.875 0.857 0.851 0.835 0.811 0.783 0.750 0.721 0.704 0.700 0.699 0.684 0.666 0.642 0.617 0.597 0.587 0.589 0.598 0.606 0.621 0.638 0.650 0.658 0.664 0.664 0.656 0.650 0.646 0.654 0.657 0.098 0.258 0.251 0.276 0.182 0.108 0.091 0.000 0.085 0.072 0.090 0.000 0.000 0.054 0.067 0.099 0.046 0.089 0.314 0.138 0.111 0.105 0.164 0.011 0.139 0.271 0.203 0.475 0.339 0.260 0.136 0.088 0.126 0.195 0.185 0.213 0.192 0.074 0.151 0.158
0.908 0.890 0.883 0.870 0.864 0.847 0.828 0.826 0.823 0.809 0.791 0.770 0.747 0.723 0.702 0.699 0.694 0.675 0.654 0.628 0.599 0.575 0.563 0.568 0.586 0.604 0.627 0.649 0.667 0.680 0.686 0.682 0.677 0.670 0.666 0.665 0.676 0.000 0.117 0.247 0.342 0.272 0.165 0.083 0.085 0.015 0.109 0.197 0.000 0.210 0.011 0.051 0.067 0.101 0.163 0.236 0.273 0.191 0.085 0.056 0.053 0.023 0.201 0.259 0.228 0.369 0.142 0.197 0.349 0.164 0.173 0.144 0.145 0.160 0.129 0.172 0.172
0.879 0.854 0.834 0.823 0.816 0.814 0.798 0.797 0.776 0.766 0.753 0.757 0.729 0.704 0.699 0.693 0.678 0.664 0.643 0.618 0.589 0.565 0.551 0.557 0.578 0.602 0.632 0.663 0.689 0.708 0.712 0.707 0.699 0.690 0.685 0.053 0.020 0.213 0.085 0.142 0.219 0.196 0.267 0.251 0.182 0.117 0.063 0.001 0.197 0.011 0.000 0.160 0.026 0.091 0.175 0.118 0.076 0.246 0.092 0.022 0.131 0.060 0.191 0.201 0.104 0.122 0.351 0.132 0.119 0.132 0.018 0.037 0.286 0.209 0.206 0.159 0.193
0.849 0.816 0.791 0.769 0.769 0.772 0.772 0.771 0.751 0.742 0.733 0.726 0.718 0.695 0.682 0.674 0.665 0.652 0.634 0.613 0.588 0.570 0.558 0.564 0.583 0.607 0.641 0.678 0.713 0.739 0.746 0.734 0.717 0.704 0.000 0.351 0.199 0.150 0.219 0.208 0.099 0.276 0.336 0.235 0.171 0.316 0.206 0.152 0.041 0.085 0.180 0.000 0.083 0.009 0.073 0.073 0.059 0.022 0.173 0.064 0.106 0.148 0.002 0.060 0.092 0.108 0.074 0.381 0.344 0.107 0.087 0.144 0.164 0.183 0.063 0.195 0.236
0.822 0.773 0.744 0.733 0.740 0.739 0.742 0.735 0.726 0.716 0.707 0.706 0.686 0.682 0.671 0.665 0.652 0.641 0.627 0.611 0.586 0.580 0.574 0.578 0.590 0.614 0.648 0.690 0.733 0.766 0.772 0.753 0.730 0.126 0.186 0.144 0.191 0.276 0.262 0.071 0.321 0.155 0.160 0.224 0.334 0.194 0.209 0.114 0.160 0.121 0.003 0.400 0.028 0.031 0.169 0.134 0.000 0.091 0.038 0.105 0.132 0.022 0.024 0.018 0.012 0.123 0.072 0.061 0.189 0.049 0.198 0.042 0.094 0.133 0.075 0.099 0.101
0.800 0.751 0.721 0.712 0.719 0.721 0.721 0.718 0.706 0.693 0.683 0.673 0.658 0.661 0.658 0.640 0.632 0.622 0.612 0.599 0.592 0.584 0.580 0.584 0.596 0.617 0.649 0.690 0.735 0.769 0.775 0.755 0.065 0.094 0.177 0.189 0.236 0.177 0.320 0.298 0.002 0.243 0.243 0.048 0.096 0.205 0.191 0.080 0.016 0.118 0.092 0.116 0.110 0.323 0.005 0.010 0.111 0.127 0.028 0.000 0.075 0.321 0.000 0.106 0.079 0.089 0.116 0.028 0.072 0.083 0.200 0.257 0.081 0.158 0.087 0.090 0.195
0.789 0.745 0.719 0.711 0.717 0.716 0.712 0.700 0.683 0.669 0.648 0.646 0.645 0.640 0.638 0.632 0.624 0.614 0.603 0.595 0.591 0.583 0.582 0.583 0.592 0.609 0.637 0.674 0.714 0.743 0.751 0.036 0.092 0.123 0.203 0.346 0.163 0.320 0.271 0.207 0.307 0.048 0.114 0.263 0.103 0.102 0.107 0.316 0.274 0.142 0.092 0.169 0.067 0.107 0.187 0.151 0.082 0.165 0.024 0.066 0.061 0.060 0.439 0.119 0.067 0.025 0.054 0.065 0.086 0.078 0.081 0.212 0.220 0.042 0.048 0.107 0.082
0.768 0.737 0.725 0.720 0.721 0.712 0.704 0.689 0.669 0.644 0.633 0.633 0.634 0.632 0.631 0.624 0.615 0.607 0.600 0.589 0.586 0.578 0.574 0.569 0.573 0.586 0.611 0.642 0.676 0.056 0.143 0.193 0.193 0.268 0.258 0.193 0.229 0.211 0.196 0.294 0.346 0.214 0.219 0.054 0.161 0.000 0.270 0.123 0.097 0.108 0.095 0.113 0.002 0.087 0.129 0.047 0.309 0.074 0.042 0.163 0.000 0.102 0.066 0.164 0.115 0.011 0.033 0.086 0.036 0.070 0.098 0.125 0.178 0.244 0.102 0.131 0.111
0.759 0.735 0.730 0.713 0.711 0.706 0.698 0.683 0.662 0.638 0.628 0.628 0.631 0.629 0.623 0.617 0.000 0.000 0.594 0.589 0.576 0.569 0.559 0.547 0.545 0.551 0.562 0.591 0.044 0.080 0.164 0.027 0.213 0.355 0.260 0.269 0.127 0.236 0.188 0.070 0.302 0.376 0.285 0.040 0.029 0.096 0.167 0.171 0.057 0.038 0.105 0.352 0.189 0.111 0.000 0.051 0.181 0.241 0.238 0.052 0.004 0.019 0.020 0.006 0.076 0.173 0.000 0.080 0.070 0.002 0.000 0.058 0.060 0.027 0.324 0.169 0.052
0.744 0.725 0.708 0.707 0.705 0.039 0.000 0.682 0.664 0.641 0.631 0.631 0.631 0.626 0.619 0.609 0.007 0.000 0.016 0.000 0.000 0.000 0.530 0.510 0.495 0.492 0.505 0.042 0.111 0.102 0.241 0.130 0.135 0.268 0.249 0.083 0.182 0.156 0.202 0.269 0.157 0.231 0.457 0.334 0.022 0.036 0.088 0.066 0.070 0.031 0.024 0.091 0.103 0.000 0.104 0.032 0.091 0.119 0.129 0.163 0.009 0.000 0.341 0.021 0.000 0.066 0.228 0.010 0.076 0.022 0.058 0.020 0.070 0.004 0.093 0.048 0.143
0.704 0.707 0.695 0.000 0.002 0.087 0.305 0.122 0.112 0.632 0.637 0.623 0.618 0.625 0.616 0.605 0.020 0.054 0.169 0.043 0.008 0.001 0.000 0.003 0.000 0.420 0.031 0.063 0.092 0.188 0.280 0.252 0.313 0.135 0.145 0.213 0.315 0.332 0.142 0.227 0.166 0.063 0.025 0.439 0.406 0.002 0.000 0.028 0.011 0.239 0.222 0.008 0.086 0.039 0.141 0.144 0.047 0.011 0.063 0.153 0.230 0.212 0.058 0.050 0.150 0.102 0.034 0.227 0.162 0.007 0.036 0.012 0.082 0.026 0.004 0.006 0.033
0.645 0.000 0.028 0.000 0.000 0.149 0.194 0.128 0.149 0.055 0.085 0.016 0.612 0.605 0.614 0.603 0.597 0.013 0.034 0.023 0.000 0.002 0.000 0.001 0.002 0.004 0.015 0.018 0.100 0.050 0.242 0.116 0.071 0.070 0.189 0.085 0.125 0.052 0.024 0.082 0.065 0.061 0.013 0.092 0.357 0.387 0.029 0.006 0.006 0.000 0.037 0.011 0.025 0.017 0.000 0.000 0.005 0.000 0.060 0.023 0.000 0.080 0.253 0.000 0.036 0.047 0.026 0.000 0.055 0.000 0.000 0.000 0.000 0.000 0.000 0.000 0.006
0.000 0.000 0.079 0.000 0.037 0.233 0.371 0.256 0.181 0.259 0.289 0.188 0.080 0.048 0.601 0.591 0.590 0.039 0.111 0.043 0.127 0.073 0.051 0.004 0.000 0.000 0.000 0.224 0.172 0.243 0.233 0.177 0.282 0.207 0.125 0.194 0.127 0.052 0.143 0.044 0.109 0.100 0.042 0.042 0.020 0.246 0.277 0.000 0.018 0.164 0.037 0.025 0.000 0.171 0.016 0.088 0.118 0.075 0.023 0.052 0.017 0.008 0.086 0.272 0.005 0.079 0.083 0.014 0.110 0.048 0.219 0.000 0.000 0.000 0.095 0.192 0.129
0.100 0.056 0.040 0.084 0.019 0.229 0.261 0.206 0.214 0.239 0.390 0.187 0.311 0.061 0.055 0.049 0.045 0.000 0.159 0.113 0.161 0.013 0.000 0.013 0.000 0.000 0.000 0.152 0.215 0.160 0.104 0.227 0.181 0.176 0.146 0.254 0.081 0.128 0.067 0.020 0.040 0.103 0.122 0.042 0.023 0.026 0.118 0.405 0.059 0.028 0.048 0.067 0.091 0.082 0.065 0.027 0.170 0.008 0.055 0.041 0.000 0.029 0.015 0.109 0.406 0.063 0.000 0.159 0.085 0.065 0.014 0.170 0.022 0.077 0.032 0.037 0.122
0.032 0.117 0.019 0.198 0.157 0.191 0.308 0.183 0.206 0.304 0.288 0.266 0.321 0.281 0.217 0.028 0.112 0.109 0.032 0.110 0.167 0.064 0.079 0.243 0.040 0.002 0.000 0.000 0.076 0.121 0.184 0.180 0.215 0.251 0.173 0.320 0.162 0.252 0.005 0.018 0.129 0.178 0.136 0.075 0.018 0.117 0.015 0.123 0.494 0.137 0.036 0.004 0.000 0.188 0.039 0.039 0.107 0.014 0.000 0.074 0.085 0.054 0.057 0.096 0.106 0.194 0.298 0.008 0.084 0.031 0.006 0.088 0.131 0.180 0.028 0.009 0.052
0.030 0.027 0.250 0.143 0.011 0.135 0.130 0.216 0.167 0.234 0.321 0.283 0.362 0.320 0.405 0.295 0.000 0.224 0.112 0.007 0.057 0.206 0.037 0.113 0.007 0.003 0.000 0.000 0.000 0.054 0.176 0.226 0.228 0.244 0.152 0.350 0.224 0.192 0.080 0.077 0.000 0.082 0.017 0.009 0.058 0.000 0.027 0.007 0.000 0.608 0.096 0.000 0.086 0.000 0.064 0.002 0.010 0.002 0.031 0.019 0.000 0.028 0.147 0.026 0.042 0.026 0.096 0.016 0.050 0.020 0.036 0.073 0.162 0.039 0.195 0.030 0.013
0.263 0.297 0.135 0.305 0.349 0.267 0.163 0.204 0.157 0.544 0.249 0.351 0.374 0.455 0.428 0.303 0.393 0.000 0.147 0.242 0.039 0.003 0.275 0.186 0.064 0.117 0.003 0.000 0.000 0.000 0.170 0.189 0.329 0.234 0.288 0.253 0.156 0.098 0.182 0.194 0.012 0.250 0.034 0.018 0.026 0.047 0.073 0.013 0.011 0.074 0.762 0.496 0.000 0.026 0.057 0.122 0.003 0.103 0.083 0.000 0.104 0.012 0.051 0.057 0.050 0.019 0.131 0.154 0.133 0.175 0.006 0.102 0.109 0.140 0.045 0.144 0.084
0.292 0.161 0.109 0.039 0.106 0.171 0.295 0.269 0.151 0.161 0.100 0.170 0.349 0.457 0.400 0.361 0.432 0.348 0.164 0.137 0.188 0.220 0.073 0.254 0.139 0.050 0.084 0.000 0.008 0.000 0.000 0.036 0.112 0.299 0.209 0.184 0.281 0.154 0.183 0.189 0.057 0.084 0.205 0.135 0.092 0.085 0.127 0.106 0.082 0.067 0.158 0.735 0.554 0.002 0.000 0.027 0.141 0.148 0.119 0.089 0.249 0.158 0.000 0.001 0.151 0.079 0.042 0.055 0.054 0.216 0.162 0.141 0.040 0.015 0.044 0.000 0.171
0.185 0.301 0.133 0.000 0.171 0.071 0.061 0.274 0.147 0.254 0.257 0.357 0.360 0.342 0.550 0.482 0.404 0.352 0.267 0.320 0.180 0.258 0.122 0.076 0.096 0.000 0.005 0.108 0.000 0.000 0.000 0.000 0.161 0.121 0.276 0.170 0.322 0.294 0.236 0.092 0.167 0.115 0.247 0.159 0.054 0.144 0.012 0.110 0.042 0.085 0.075 0.127 0.480 0.367 0.024 0.008 0.115 0.128 0.130 0.078 0.113 0.191 0.086 0.044 0.140 0.056 0.106 0.004 0.070 0.086 0.140 0.067 0.177 0.069 0.038 0.000 0.065
0.092 0.310 0.178 0.087 0.031 0.044 0.000 0.139 0.293 0.137 0.077 0.376 0.393 0.419 0.502 0.481 0.527 0.479 0.343 0.195 0.303 0.117 0.196 0.264 0.095 0.124 0.050 0.000 0.117 0.165 0.000 0.000 0.000 0.190 0.182 0.296 0.192 0.226 0.158 0.123 0.150 0.281 0.102 0.182 0.140 0.028 0.271 0.110 0.154 0.065 0.017 0.006 0.008 0.410 0.445 0.553 0.080 0.000 0.142 0.150 0.094 0.077 0.114 0.026 0.060 0.000 0.109 0.147 0.115 0.092 0.085 0.026 0.000 0.070 0.059 0.143 0.020
0.148 0.068 0.245 0.182 0.177 0.244 0.000 0.114 0.168 0.187 0.068 0.122 0.298 0.391 0.421 0.527 0.432 0.547 0.413 0.354 0.373 0.202 0.142 0.299 0.149 0.148 0.139 0.231 0.000 0.049 0.073 0.000 0.000 0.221 0.194 0.262 0.368 0.336 0.082 0.044 0.096 0.236 0.186 0.101 0.041 0.068 0.010 0.205 0.115 0.063 0.062 0.004 0.000 0.002 0.318 0.506 0.458 0.227 0.131 0.064 0.085 0.065 0.166 0.048 0.067 0.103 0.017 0.164 0.059 0.027 0.010 0.016 0.067 0.023 0.024 0.165 0.023
0.095 0.235 0.172 0.244 0.146 0.218 0.280 0.000 0.158 0.238 0.215 0.161 0.238 0.012 0.238 0.492 0.467 0.466 0.445 0.340 0.335 0.381 0.242 0.153 0.146 0.161 0.132 0.187 0.046 0.114 0.046 0.003 0.000 0.000 0.032 0.243 0.149 0.396 0.323 0.030 0.229 0.126 0.061 0.106 0.072 0.070 0.076 0.052 0.118 0.005 0.000 0.001 0.002 0.010 0.000 0.575 0.343 0.006 0.375 0.027 0.093 0.088 0.095 0.052 0.048 0.012 0.185 0.138 0.031 0.057 0.069 0.068 0.000 0.067 0.008 0.063 0.105
0.165 0.002 0.160 0.089 0.108 0.136 0.111 0.078 0.185 0.097 0.318 0.425 0.128 0.175 0.199 0.035 0.487 0.532 0.520 0.425 0.549 0.331 0.337 0.194 0.267 0.264 0.188 0.115 0.255 0.101 0.091 0.006 0.000 0.000 0.000 0.116 0.197 0.289 0.323 0.276 0.129 0.052 0.174 0.143 0.141 0.034 0.026 0.269 0.033 0.072 0.045 0.101 0.006 0.004 0.000 0.160 0.274 0.286 0.022 0.514 0.045 0.041 0.003 0.096 0.027 0.092 0.111 0.069 0.055 0.000 0.024 0.019 0.015 0.013 0.062 0.030 0.019
0.280 0.068 0.090 0.207 0.190 0.171 0.110 0.119 0.059 0.352 0.423 0.280 0.285 0.249 0.024 0.216 0.000 0.387 0.453 0.404 0.376 0.416 0.445 0.402 0.332 0.185 0.188 0.066 0.138 0.251 0.007 0.119 0.001 0.056 0.000 0.000 0.226 0.308 0.200 0.234 0.189 0.175 0.252 0.031 0.037 0.159 0.072 0.025 0.133 0.000 0.119 0.030 0.065 0.000 0.004 0.200 0.002 0.381 0.361 0.002 0.080 0.402 0.113 0.073 0.131 0.123 0.167 0.147 0.000 0.047 0.015 0.063 0.001 0.000 0.112 0.144 0.037
0.115 0.183 0.107 0.038 0.158 0.135 0.063 0.000 0.010 0.088 0.229 0.373 0.304 0.320 0.121 0.076 0.070 0.104 0.115 0.478 0.470 0.472 0.505 0.461 0.312 0.343 0.126 0.130 0.152 0.087 0.304 0.016 0.049 0.000 0.000 0.000 0.000 0.183 0.222 0.361 0.217 0.217 0.123 0.164 0.116 0.011 0.071 0.062 0.024 0.161 0.093 0.207 0.000 0.026 0.131 0.034 0.062 0.098 0.078 0.416 0.008 0.042 0.111 0.265 0.159 0.163 0.108 0.129 0.123 0.139 0.072 0.030 0.095 0.103 0.108 0.043 0.059
0.259 0.091 0.351 0.003 0.200 0.080 0.088 0.106 0.147 0.127 0.055 0.019 0.218 0.263 0.331 0.124 0.107 0.098 0.014 0.056 0.338 0.523 0.455 0.394 0.308 0.262 0.328 0.187 0.102 0.141 0.028 0.293 0.116 0.012 0.000 0.000 0.000 0.000 0.000 0.353 0.461 0.301 0.233 0.171 0.103 0.091 0.000 0.000 0.118 0.139 0.053 0.026 0.162 0.000 0.032 0.000 0.020 0.016 0.077 0.226 0.502 0.037 0.004 0.173 0.002 0.001 0.000 0.148 0.231 0.166 0.066 0.170 0.092 0.119 0.062 0.168 0.011
0.316 0.347 0.038 0.180 0.001 0.000 0.158 0.167 0.131 0.059 0.027 0.083 0.022 0.264 0.272 0.227 0.072 0.086 0.071 0.026 0.092 0.040 0.484 0.615 0.504 0.359 0.308 0.367 0.256 0.127 0.151 0.191 0.173 0.043 0.086 0.006 0.000 0.000 0.000 0.062 0.287 0.466 0.320 0.152 0.200 0.089 0.147 0.186 0.037 0.112 0.025 0.002 0.000 0.180 0.000 0.000 0.000 0.000 0.024 0.141 0.048 0.500 0.005 0.002 0.000 0.045 0.000 0.023 0.000 0.000 0.118 0.154 0.093 0.150 0.028 0.103 0.000
0.378 0.233 0.342 0.091 0.040 0.000 0.109 0.346 0.207 0.208 0.000 0.000 0.033 0.031 0.312 0.158 0.309 0.205 0.096 0.124 0.049 0.123 0.125 0.322 0.586 0.406 0.293 0.283 0.244 0.084 0.183 0.056 0.321 0.121 0.083 0.019 0.000 0.000 0.000 0.011 0.000 0.009 0.393 0.433 0.130 0.187 0.247 0.168 0.100 0.126 0.160 0.125 0.051 0.037 0.307 0.001 0.002 0.000 0.008 0.056 0.319 0.292 0.464 0.000 0.037 0.000 0.060 0.022 0.000 0.010 0.043 0.058 0.036 0.042 0.001 0.088 0.113
