includes/estuary_coast/floodfiles/results/res-0012.wdfp
ncols         730
nrows         472
xllcorner     380617.130607
yllcorner     6542069.774949
cellsize      20.000000
NODATA_value  -9999.000000
[rows 102 to 135 of 472, columns 77 to 153 of 730]
1.606 1.673 1.757 1.837 1.732 1.745 1.662 3.092 3.204 3.369 3.463 3.512 3.616 3.723 3.810 3.946 3.992 4.098 4.281 4.501 4.751 4.995 5.085 5.140 5.144 5.194 5.355 5.469 5.579 5.643 5.656 5.665 5.694 5.771 5.925 6.005 6.084 6.096 6.058 5.995 5.955 5.915 5.969 6.026 6.083 6.082 5.989 5.788 5.628 5.468 5.418 5.437 5.451 5.320 5.038 4.608 4.239 3.935 3.696 3.385 3.100 2.888 2.432 2.174 0.778 0.501 0.415 0.286 0.249 0.230 0.240 0.143 0.041 0.006 0.000 0.000 0.001
1.542 1.716 1.718 1.606 1.763 1.575 1.696 3.018 3.108 3.174 3.241 3.333 3.480 3.620 3.782 3.933 3.970 3.985 4.095 4.323 4.528 4.755 4.855 4.893 4.911 5.053 5.200 5.231 5.396 5.457 5.494 5.498 5.545 5.656 5.739 5.878 5.936 5.977 5.955 5.931 5.918 5.927 5.958 6.010 6.048 6.046 5.956 5.825 5.640 5.557 5.499 5.581 5.660 5.598 5.319 4.870 4.479 4.162 3.810 3.529 3.399 3.124 2.838 2.375 1.927 0.564 0.417 0.308 0.228 0.282 0.170 0.228 0.051 0.000 0.001 0.001 0.000
1.644 1.736 1.633 1.642 1.596 1.671 1.588 1.606 2.944 2.966 3.038 3.128 3.317 3.521 3.742 3.932 3.980 3.964 4.016 4.118 4.328 4.466 4.623 4.681 4.735 4.785 4.872 5.036 5.080 5.161 5.223 5.362 5.374 5.439 5.603 5.680 5.812 5.848 5.864 5.868 5.875 5.921 5.967 5.944 5.952 5.944 5.880 5.784 5.694 5.571 5.534 5.636 5.735 5.680 5.406 5.017 4.540 4.205 3.976 3.689 3.630 3.415 3.083 2.642 1.997 0.745 0.443 0.274 0.309 0.102 0.228 0.182 0.033 0.014 0.000 0.000 0.000
1.492 1.595 1.601 1.744 1.462 1.566 1.603 1.651 1.745 2.818 2.830 2.948 3.146 3.381 3.627 3.851 3.922 3.911 3.900 3.993 4.078 4.239 4.322 4.382 4.429 4.510 4.674 4.733 4.829 5.006 5.089 5.157 5.250 5.310 5.470 5.547 5.690 5.752 5.788 5.779 5.799 5.823 5.889 5.914 5.859 5.847 5.803 5.740 5.678 5.641 5.576 5.586 5.647 5.571 5.331 4.985 4.530 4.211 3.993 3.820 3.837 3.691 3.327 2.835 2.234 1.825 0.608 0.335 0.204 0.198 0.021 0.244 0.106 0.083 0.000 0.049 0.000
1.428 1.391 1.475 1.496 1.457 1.547 1.509 1.787 1.778 1.583 2.723 2.772 2.942 3.221 3.450 3.676 3.762 3.776 3.768 3.849 3.878 3.945 4.012 4.091 4.179 4.243 4.360 4.452 4.665 4.879 4.993 5.079 5.136 5.217 5.284 5.436 5.491 5.683 5.734 5.742 5.768 5.833 5.850 5.867 5.830 5.782 5.752 5.711 5.666 5.636 5.614 5.493 5.453 5.376 5.183 4.906 4.502 4.214 3.945 3.868 3.911 3.824 3.458 2.988 2.411 2.013 0.843 0.419 0.300 0.168 0.218 0.113 0.043 0.000 0.000 0.000 0.059
1.569 1.355 1.416 1.498 1.602 1.567 1.532 1.583 1.650 1.645 1.521 2.724 2.862 3.036 3.198 3.400 3.483 3.504 3.572 3.548 3.587 3.651 3.733 3.927 4.013 4.100 4.201 4.299 4.446 4.693 4.869 5.005 5.127 5.144 5.190 5.330 5.432 5.540 5.620 5.676 5.768 5.783 5.822 5.834 5.791 5.788 5.730 5.702 5.677 5.648 5.614 5.493 5.313 5.222 5.064 4.846 4.493 4.242 3.975 3.891 3.852 3.727 3.440 3.060 2.640 2.206 1.892 0.616 0.471 0.232 0.164 0.102 0.165 0.018 0.001 0.021 0.000
1.295 1.378 1.362 1.367 1.410 1.406 1.455 1.652 1.605 1.496 1.524 1.568 2.836 2.936 3.040 3.124 3.170 3.180 3.240 3.310 3.281 3.369 3.507 3.745 3.926 4.038 4.081 4.167 4.331 4.559 4.855 5.041 5.132 5.134 5.154 5.227 5.402 5.535 5.645 5.718 5.786 5.786 5.809 5.808 5.817 5.783 5.780 5.725 5.697 5.667 5.625 5.501 5.343 5.254 5.018 4.842 4.525 4.216 4.034 3.911 3.771 3.654 3.427 3.063 2.725 2.350 2.062 0.651 0.396 0.310 0.188 0.050 0.000 0.001 0.057 0.000 0.015
1.258 1.464 1.393 1.388 1.264 1.445 1.509 1.483 1.442 1.549 1.531 1.418 1.449 2.856 2.908 2.952 2.971 2.934 2.976 2.982 3.009 3.125 3.327 3.619 3.842 4.006 4.023 4.077 4.234 4.480 4.808 5.037 5.130 5.129 5.134 5.203 5.331 5.548 5.692 5.790 5.809 5.807 5.780 5.799 5.777 5.787 5.796 5.795 5.793 5.705 5.654 5.518 5.455 5.261 5.155 4.914 4.623 4.402 4.132 3.954 3.829 3.577 3.393 3.121 2.897 2.565 2.423 2.178 0.489 0.468 0.230 0.109 0.081 0.002 0.001 0.027 0.057
1.234 1.522 1.404 1.277 1.263 1.449 1.526 1.405 1.405 1.395 1.535 1.434 1.495 1.538 2.720 2.741 2.780 2.749 2.697 2.627 2.691 2.831 3.106 3.489 3.797 3.988 4.015 4.042 4.166 4.386 4.691 4.930 5.037 5.086 5.106 5.179 5.263 5.508 5.717 5.830 5.846 5.791 5.735 5.718 5.779 5.805 5.834 5.844 5.827 5.758 5.688 5.566 5.503 5.321 5.248 5.136 4.882 4.549 4.360 4.064 3.855 3.683 3.365 3.154 2.927 2.675 2.587 2.408 0.591 0.330 0.420 0.083 0.015 0.011 0.000 0.000 0.082
1.198 1.476 1.333 1.203 1.261 1.328 1.461 1.386 1.346 1.388 1.372 1.521 1.509 1.501 1.481 1.292 2.603 2.568 2.477 2.391 2.343 2.523 2.858 3.301 3.650 3.889 3.950 4.013 4.111 4.282 4.545 4.759 4.875 4.944 4.989 5.072 5.219 5.456 5.635 5.779 5.802 5.756 5.710 5.680 5.741 5.832 5.882 5.907 5.885 5.837 5.716 5.607 5.554 5.479 5.427 5.287 5.128 4.912 4.587 4.284 3.972 3.780 3.418 3.190 2.975 2.758 2.721 2.647 2.441 0.387 0.230 0.103 0.085 0.082 0.000 0.000 0.009
1.330 1.436 1.289 1.197 1.201 1.349 1.289 1.236 1.299 1.284 1.463 1.406 1.417 1.427 1.560 1.455 1.260 1.370 1.314 2.258 2.181 2.317 2.663 3.110 3.439 3.700 3.804 3.858 3.932 4.190 4.356 4.580 4.701 4.806 4.887 4.987 5.125 5.352 5.504 5.613 5.689 5.676 5.634 5.648 5.708 5.848 5.918 5.953 5.923 5.850 5.737 5.671 5.580 5.575 5.564 5.485 5.352 5.081 4.751 4.549 4.242 4.040 3.676 3.296 3.041 2.829 2.778 2.779 2.581 2.231 0.273 0.143 0.151 0.140 0.000 0.058 0.000
1.219 1.182 1.195 1.229 1.116 1.539 1.234 1.295 1.451 1.215 1.258 1.445 1.364 1.406 1.355 1.472 1.312 1.227 1.327 1.197 1.195 2.338 2.616 2.908 3.249 3.500 3.620 3.701 3.784 4.028 4.168 4.324 4.466 4.574 4.673 4.783 4.912 5.133 5.337 5.436 5.489 5.543 5.559 5.598 5.675 5.819 5.902 5.939 5.911 5.842 5.735 5.683 5.632 5.671 5.725 5.649 5.499 5.225 4.899 4.709 4.549 4.370 4.006 3.479 3.122 2.896 2.793 2.738 2.583 2.237 0.652 0.333 0.000 0.017 0.000 0.000 0.000
1.170 1.401 1.157 1.160 1.216 1.117 1.096 1.349 1.259 1.274 1.241 1.244 1.321 1.332 1.457 1.327 1.354 1.285 1.384 1.284 1.221 1.156 1.184 1.176 3.012 3.225 3.429 3.513 3.632 3.674 3.906 4.056 4.198 4.335 4.457 4.668 4.867 4.986 5.182 5.276 5.344 5.432 5.474 5.531 5.682 5.759 5.823 5.868 5.850 5.802 5.714 5.683 5.708 5.753 5.793 5.749 5.590 5.316 5.118 4.985 4.769 4.644 4.315 3.919 3.440 3.036 2.852 2.739 2.497 2.158 1.863 0.280 0.000 0.000 0.006 0.000 0.000
1.236 1.224 1.183 1.302 1.408 1.076 1.111 1.136 1.297 1.193 1.141 1.351 1.339 1.408 1.464 1.497 1.325 1.291 1.301 1.344 1.243 1.239 1.213 1.153 1.141 1.172 3.136 3.120 3.250 3.356 3.487 3.772 4.062 4.240 4.384 4.494 4.663 4.859 4.960 5.146 5.226 5.332 5.389 5.407 5.565 5.638 5.724 5.738 5.735 5.710 5.686 5.692 5.705 5.746 5.779 5.749 5.588 5.339 5.182 5.112 5.018 4.979 4.662 4.277 3.844 3.360 2.982 2.782 2.456 2.103 1.792 0.452 0.233 0.001 0.000 0.072 0.000
1.059 1.171 1.201 1.293 1.145 0.938 0.992 1.058 1.142 1.088 1.111 1.181 1.192 1.093 1.230 1.273 1.295 1.298 1.255 1.285 1.324 1.182 1.120 1.122 1.091 1.092 1.113 2.880 2.929 3.097 3.269 3.510 3.874 4.133 4.391 4.489 4.609 4.674 4.812 5.004 5.095 5.217 5.269 5.329 5.481 5.544 5.608 5.646 5.664 5.691 5.684 5.675 5.683 5.688 5.704 5.672 5.522 5.388 5.218 5.216 5.254 5.287 5.057 4.613 4.129 3.598 3.288 2.900 2.501 2.109 1.730 1.376 0.138 0.001 0.050 0.002 0.001
1.158 1.188 1.049 1.115 1.265 1.022 0.834 1.032 1.117 1.130 1.071 1.294 1.108 1.209 1.150 1.090 1.196 1.162 1.336 1.209 1.300 1.253 1.141 1.085 1.080 1.020 1.094 1.141 2.680 2.809 3.013 3.341 3.740 4.188 4.453 4.580 4.595 4.606 4.670 4.850 5.005 5.095 5.228 5.276 5.406 5.463 5.526 5.570 5.599 5.619 5.652 5.689 5.630 5.634 5.628 5.594 5.448 5.358 5.234 5.270 5.373 5.453 5.276 4.796 4.304 3.909 3.493 3.218 2.715 2.222 1.791 1.370 0.269 0.000 0.000 0.000 0.000
1.158 0.971 1.101 1.027 1.137 0.948 1.002 1.003 0.995 0.926 1.098 1.047 1.067 1.091 1.028 1.039 0.969 1.043 1.219 1.060 1.125 1.155 1.350 1.135 1.072 1.044 1.065 1.108 1.150 2.486 2.721 3.148 3.677 4.246 4.597 4.696 4.633 4.590 4.638 4.829 5.007 5.118 5.181 5.256 5.286 5.404 5.469 5.519 5.559 5.581 5.602 5.642 5.644 5.598 5.579 5.546 5.399 5.336 5.255 5.275 5.346 5.363 5.226 4.846 4.364 4.049 3.870 3.549 3.147 2.621 2.029 1.602 1.306 0.022 0.000 0.000 0.000
1.137 1.141 1.102 1.343 0.968 0.889 0.924 0.865 1.062 0.989 1.061 0.798 0.878 0.989 0.957 1.089 1.057 0.988 1.216 1.026 1.208 1.239 1.237 1.115 1.184 1.036 1.008 1.038 1.129 2.231 2.481 2.967 3.559 4.179 4.576 4.683 4.609 4.552 4.602 4.788 5.036 5.193 5.257 5.240 5.263 5.302 5.428 5.489 5.537 5.575 5.594 5.660 5.635 5.543 5.523 5.524 5.381 5.329 5.240 5.231 5.243 5.172 5.054 4.743 4.415 4.221 4.118 3.851 3.619 3.174 2.403 1.960 1.685 0.201 0.000 0.069 0.000
1.148 1.010 1.112 1.252 0.947 0.891 0.991 1.022 1.002 1.065 1.136 0.959 1.089 1.049 1.208 1.032 1.051 1.022 0.961 1.096 1.068 1.256 1.243 1.186 1.184 1.106 1.047 1.038 1.080 2.203 2.437 2.878 3.405 3.941 4.328 4.453 4.476 4.460 4.538 4.755 5.044 5.244 5.315 5.267 5.220 5.290 5.424 5.506 5.567 5.599 5.608 5.631 5.678 5.543 5.521 5.495 5.496 5.342 5.239 5.200 5.167 5.030 4.925 4.659 4.426 4.341 4.307 4.377 4.220 3.729 3.050 2.426 1.961 1.742 0.000 0.000 0.000
1.093 0.967 0.943 1.210 0.904 0.814 0.885 1.014 0.982 0.978 0.961 0.840 1.034 1.141 0.917 1.185 0.920 1.026 1.050 0.969 0.965 1.036 1.174 1.053 1.127 1.160 1.076 1.051 1.054 1.125 2.505 2.879 3.307 3.674 4.008 4.143 4.220 4.261 4.374 4.583 4.909 5.172 5.258 5.225 5.190 5.228 5.446 5.556 5.636 5.664 5.652 5.631 5.613 5.603 5.543 5.522 5.529 5.491 5.263 5.205 5.145 5.076 4.866 4.744 4.521 4.482 4.527 4.712 4.597 4.036 3.393 2.654 2.359 2.071 0.214 0.000 0.141
1.058 1.117 0.999 1.243 1.105 0.891 0.922 0.939 0.911 0.997 0.879 1.009 1.058 1.089 0.862 0.962 1.051 1.094 0.839 0.894 0.992 1.030 1.041 1.144 1.209 1.076 1.088 1.089 1.032 1.165 2.598 1.158 1.211 3.440 3.670 3.792 3.861 3.954 4.160 4.368 4.692 4.922 5.083 5.106 5.128 5.209 5.418 5.624 5.730 5.752 5.708 5.656 5.625 5.618 5.616 5.605 5.617 5.582 5.366 5.297 5.222 5.110 5.017 4.778 4.552 4.507 4.523 4.665 4.540 4.035 3.453 2.931 2.603 2.403 1.978 0.000 0.000
0.943 0.942 0.872 0.980 0.912 0.810 0.897 0.835 0.892 0.990 0.916 0.911 0.996 0.952 0.802 0.710 0.942 0.929 0.877 0.872 0.935 1.089 0.947 1.090 1.096 1.156 1.085 1.030 1.061 1.200 1.241 1.126 1.187 3.185 3.412 3.504 3.567 3.665 3.803 4.082 4.407 4.628 4.778 4.943 5.031 5.169 5.424 5.663 5.789 5.806 5.739 5.669 5.636 5.698 5.707 5.711 5.729 5.647 5.531 5.357 5.292 5.186 5.101 4.873 4.747 4.523 4.491 4.420 4.214 3.836 3.376 2.975 2.839 2.792 2.359 0.204 0.000
0.988 0.926 0.894 0.869 0.840 0.902 1.047 0.965 0.752 0.906 1.004 0.980 0.841 0.909 0.725 0.740 0.693 0.885 0.798 0.840 0.933 0.886 1.017 0.922 1.158 0.988 1.207 1.073 1.024 1.205 1.182 1.085 1.282 1.159 3.114 3.189 3.222 3.335 3.459 3.740 4.086 4.333 4.529 4.768 4.913 5.088 5.310 5.579 5.745 5.767 5.710 5.653 5.637 5.713 5.738 5.753 5.740 5.695 5.586 5.534 5.385 5.343 5.239 5.017 4.739 4.584 4.461 4.268 3.986 3.697 3.311 2.993 2.979 2.996 2.613 1.922 0.000
1.071 0.917 0.834 0.956 1.351 0.915 0.959 1.014 0.890 0.903 0.911 0.845 0.851 1.046 0.917 0.780 0.857 0.663 0.768 0.942 1.007 0.868 0.813 0.926 0.871 1.049 1.124 1.097 1.127 1.108 1.118 1.085 1.106 1.255 1.147 2.972 2.956 2.953 3.100 3.393 3.781 4.076 4.313 4.508 4.774 4.964 5.175 5.441 5.615 5.652 5.634 5.634 5.651 5.725 5.767 5.789 5.775 5.710 5.628 5.587 5.577 5.519 5.483 5.223 4.920 4.704 4.519 4.326 3.992 3.605 3.321 3.015 2.938 2.847 2.494 1.923 0.212
0.933 1.015 1.071 0.835 0.897 0.898 0.948 0.847 0.821 0.884 0.937 0.815 0.805 0.758 0.897 0.795 0.926 0.800 0.693 0.815 0.908 0.833 0.897 0.908 1.174 1.194 1.098 1.073 1.037 1.579 1.060 1.023 1.169 1.093 1.065 1.100 2.724 2.693 2.774 3.071 3.476 3.805 4.062 4.267 4.534 4.812 5.007 5.267 5.392 5.472 5.568 5.591 5.633 5.723 5.768 5.794 5.779 5.717 5.668 5.649 5.669 5.707 5.665 5.456 5.266 4.920 4.612 4.420 4.219 3.702 3.440 3.191 2.915 2.647 2.323 1.815 1.260
0.892 0.828 0.921 0.988 1.209 0.781 0.886 0.995 0.844 0.977 0.943 0.825 0.870 0.945 0.869 0.902 0.795 0.974 0.901 0.680 0.813 0.831 0.777 0.904 1.003 1.056 1.037 1.086 1.278 1.204 1.087 1.092 1.080 1.068 0.981 1.105 1.155 2.582 2.650 2.913 3.251 3.647 3.971 4.163 4.397 4.563 4.739 5.102 5.164 5.339 5.495 5.545 5.602 5.696 5.739 5.760 5.751 5.697 5.667 5.668 5.714 5.784 5.796 5.681 5.399 5.163 4.876 4.733 4.438 4.105 3.674 3.388 3.137 2.722 2.414 1.833 1.407
0.830 0.897 0.693 0.894 0.949 0.834 0.829 0.890 0.926 0.834 0.970 0.839 0.908 0.911 0.877 0.874 0.913 0.825 0.875 0.724 0.713 0.945 0.815 1.085 0.952 1.050 0.967 1.156 1.479 1.130 1.056 0.989 1.081 1.022 0.998 0.936 1.182 2.646 2.718 2.954 3.275 3.662 3.902 4.119 4.300 4.436 4.593 4.849 5.022 5.135 5.229 5.400 5.474 5.660 5.694 5.713 5.713 5.719 5.719 5.704 5.721 5.782 5.799 5.686 5.504 5.338 5.133 4.966 4.791 4.539 4.078 3.720 3.432 3.084 2.676 2.193 1.803
0.675 0.863 0.825 0.804 0.947 0.850 0.834 0.985 0.921 0.858 0.928 0.844 0.903 0.922 0.800 0.818 0.814 0.949 0.860 0.883 0.721 0.785 0.720 0.891 0.938 0.853 0.974 1.153 1.372 0.933 0.978 0.997 0.917 0.999 1.001 0.948 1.073 1.254 2.864 3.073 3.369 3.749 4.022 4.140 4.206 4.296 4.492 4.657 4.928 5.057 5.161 5.345 5.417 5.571 5.653 5.672 5.698 5.703 5.711 5.663 5.691 5.724 5.722 5.606 5.479 5.371 5.239 5.248 5.236 5.089 4.690 3.999 3.570 3.447 3.190 2.753 2.156
0.807 0.631 0.662 0.807 0.792 0.795 0.928 0.829 0.925 0.944 0.943 0.854 0.990 0.799 0.816 0.927 0.812 0.873 0.868 0.877 0.796 0.882 0.688 0.842 0.994 0.862 1.088 1.590 0.986 0.965 0.985 0.972 0.936 0.937 0.983 1.025 1.050 1.166 1.065 3.160 3.452 3.838 4.113 4.200 4.209 4.259 4.440 4.560 4.808 4.939 5.131 5.212 5.374 5.510 5.622 5.664 5.679 5.691 5.666 5.647 5.658 5.661 5.651 5.611 5.454 5.315 5.330 5.435 5.593 5.479 4.963 4.290 3.869 3.837 3.808 3.218 2.494
0.774 0.731 0.693 1.017 0.844 0.778 0.769 0.918 0.943 0.858 0.847 0.899 0.855 0.957 0.880 0.872 0.832 0.809 0.928 0.810 0.905 0.772 0.602 0.877 0.812 0.983 1.296 0.983 0.919 0.865 1.132 0.916 0.889 0.831 0.940 0.993 1.072 1.078 1.048 3.168 3.463 3.861 4.146 4.230 4.213 4.217 4.333 4.579 4.843 4.980 5.065 5.119 5.164 5.377 5.441 5.652 5.671 5.688 5.703 5.701 5.706 5.634 5.622 5.594 5.372 5.334 5.362 5.465 5.632 5.527 5.021 4.381 3.973 4.006 4.095 3.424 2.550
0.695 0.731 0.739 0.790 0.592 0.688 0.694 0.754 0.791 0.888 0.873 0.907 0.867 0.841 0.934 0.854 0.790 0.806 0.859 0.811 0.910 0.681 0.767 0.865 0.848 1.141 1.612 0.903 0.832 0.873 0.914 0.883 0.844 0.973 0.878 0.958 1.181 0.961 0.960 1.028 3.367 3.703 4.034 4.152 4.163 4.209 4.365 4.663 4.960 5.107 5.163 5.170 5.175 5.343 5.427 5.536 5.639 5.687 5.704 5.717 5.723 5.654 5.646 5.625 5.450 5.408 5.294 5.355 5.369 5.250 4.810 4.374 4.066 3.874 3.745 3.262 2.560
0.783 0.850 0.913 0.681 0.742 0.654 0.564 0.527 0.715 0.742 0.906 0.800 0.851 0.821 0.731 0.857 0.911 0.914 0.812 0.824 0.889 0.719 0.753 0.832 0.909 1.541 0.833 0.866 0.728 0.787 0.973 0.989 0.910 0.937 0.957 1.088 1.122 0.895 0.900 0.861 1.006 3.435 3.771 3.987 4.074 4.194 4.421 4.856 5.145 5.312 5.324 5.243 5.251 5.337 5.371 5.532 5.562 5.659 5.714 5.726 5.739 5.689 5.693 5.680 5.596 5.445 5.282 5.252 5.219 5.000 4.781 4.367 4.123 3.868 3.561 3.100 2.637
0.710 0.838 1.166 0.662 0.639 0.572 0.506 0.568 0.629 0.815 0.782 0.766 0.834 0.884 0.882 0.824 0.919 0.956 0.975 0.865 0.733 0.751 0.870 0.920 1.168 0.916 0.758 0.771 0.732 0.735 0.807 0.995 0.898 0.908 1.005 1.224 0.859 0.901 0.948 0.968 0.925 3.167 3.512 3.706 3.956 4.155 4.452 4.909 5.310 5.503 5.469 5.322 5.270 5.349 5.395 5.542 5.572 5.595 5.701 5.724 5.729 5.763 5.814 5.761 5.678 5.609 5.460 5.368 5.169 5.061 4.774 4.465 4.283 3.987 3.659 3.205 2.922
0.725 0.756 0.732 0.784 0.822 0.541 0.581 0.604 0.594 0.567 0.746 0.925 0.820 0.863 0.821 0.937 0.901 1.078 0.909 0.776 0.738 0.787 0.889 1.004 1.559 0.857 0.781 0.774 0.793 0.835 0.915 0.830 0.985 1.022 1.106 1.355 0.900 0.868 0.923 0.773 0.928 0.865 3.271 3.486 3.710 3.970 4.393 4.818 5.307 5.519 5.478 5.346 5.258 5.352 5.427 5.504 5.603 5.612 5.649 5.693 5.778 5.825 5.874 5.876 5.822 5.688 5.601 5.492 5.326 5.108 5.012 4.812 4.716 4.370 3.879 3.502 3.185
