includes/estuary_coast/floodfiles/results/res-0010.wdfp
ncols         730
nrows         472
xllcorner     380617.130607
yllcorner     6542069.774949
cellsize      20.000000
NODATA_value  -9999.000000
[rows 306 to 339 of 472, columns 77 to 153 of 730]
3.120 3.094 3.265 2.946 2.931 3.040 3.066 3.077 3.122 3.050 3.115 3.080 3.228 3.221 3.093 3.072 3.045 3.056 3.059 3.039 3.199 3.564 3.191 3.097 3.062 3.023 2.960 3.014 3.069 2.876 2.826 3.403 3.530 3.213 3.047 2.800 2.693 2.684 2.672 2.677 2.732 2.649 2.540 2.509 2.380 2.417 2.452 2.386 2.364 2.334 2.241 2.312 2.296 2.238 2.241 2.256 2.206 2.207 2.188 2.087 2.137 2.097 2.056 1.984 2.041 1.940 1.898 1.888 1.965 1.932 1.862 1.763 1.819 1.732 1.732 1.783 1.637
3.142 3.018 3.307 3.097 2.905 2.886 2.930 3.082 3.097 3.001 3.129 3.017 3.093 3.149 3.202 3.054 3.036 3.123 3.037 3.048 3.105 3.225 3.459 3.038 2.999 2.915 3.082 2.977 2.858 2.876 3.035 2.803 3.245 3.404 3.184 2.928 2.761 2.692 2.642 2.643 2.727 2.604 2.554 2.506 2.486 2.471 2.406 2.394 2.387 2.379 2.376 2.262 2.296 2.244 2.162 2.189 2.241 2.206 2.085 2.100 2.135 2.077 1.998 2.010 1.970 1.926 1.888 1.889 1.911 1.944 1.861 1.859 1.755 1.746 1.775 1.655 1.652
3.262 3.200 3.134 3.271 3.348 3.053 3.052 3.069 3.053 2.973 2.996 3.021 3.062 3.106 3.069 3.114 2.981 3.084 3.110 2.954 3.038 3.136 3.270 3.359 3.039 2.964 2.963 2.932 2.994 2.906 2.824 2.802 2.864 3.177 3.465 3.112 2.808 2.683 2.607 2.600 2.596 2.535 2.476 2.471 2.481 2.471 2.444 2.431 2.364 2.363 2.289 2.239 2.269 2.354 2.272 2.211 2.199 2.160 2.142 2.201 2.081 2.009 2.004 1.911 1.938 1.916 1.938 1.906 1.892 1.847 1.807 1.856 1.777 1.759 1.805 1.648 1.672
3.011 3.258 3.136 3.106 3.172 3.070 3.016 2.885 2.860 2.887 3.007 2.990 3.054 2.989 3.066 3.373 3.095 3.052 3.025 3.068 3.011 2.996 3.083 3.102 3.255 3.251 2.929 2.855 2.948 2.950 2.829 2.781 2.830 2.804 3.176 3.379 3.128 2.915 2.732 2.648 2.579 2.528 2.649 2.508 2.396 2.452 2.424 2.354 2.427 2.369 2.310 2.281 2.262 2.313 2.286 2.270 2.158 2.229 2.109 2.110 2.053 2.024 2.029 1.948 1.958 1.935 1.932 1.942 1.808 1.871 1.830 1.869 1.837 1.784 1.770 1.752 1.744
3.159 3.288 3.275 3.337 3.004 3.144 3.208 2.929 2.908 2.897 2.986 2.905 2.932 3.028 3.042 3.024 3.017 2.995 2.931 2.982 3.023 2.916 3.100 3.000 3.343 3.139 3.095 3.108 2.802 2.767 2.716 2.763 2.684 2.698 2.965 3.151 3.392 2.902 2.936 2.663 2.698 2.686 2.502 2.520 2.490 2.453 2.447 2.431 2.374 2.397 2.323 2.303 2.312 2.269 2.279 2.241 2.180 2.144 2.177 2.055 1.984 1.958 1.967 2.032 1.969 1.953 1.927 1.840 1.904 1.840 1.813 1.715 1.791 1.808 1.766 1.759 1.695
2.987 2.992 2.956 3.094 3.237 3.035 2.938 3.071 2.805 2.850 2.845 2.888 2.831 3.051 3.012 3.026 3.100 2.927 2.981 2.913 2.859 3.072 2.900 3.097 3.079 3.006 3.071 2.951 3.157 2.832 2.823 2.696 2.747 2.698 2.850 2.946 3.228 3.299 3.001 2.849 2.755 2.584 2.592 2.551 2.548 2.456 2.449 2.425 2.368 2.406 2.307 2.302 2.299 2.335 2.214 2.256 2.252 2.147 2.159 2.055 2.001 1.988 1.988 1.978 1.950 1.936 1.849 1.893 1.864 1.844 1.876 1.854 1.766 1.804 1.805 1.759 1.752
3.078 3.040 3.019 2.828 2.852 2.993 2.980 3.250 2.837 2.818 2.873 2.824 2.760 2.853 2.895 2.934 3.110 2.873 2.886 2.840 2.821 2.833 2.863 2.825 2.981 3.087 3.080 3.018 2.960 3.172 3.083 2.772 2.788 2.760 2.807 2.731 2.896 3.197 3.085 2.892 2.718 2.653 2.522 2.465 2.536 2.495 2.481 2.442 2.412 2.386 2.304 2.335 2.278 2.220 2.299 2.208 2.230 2.158 2.123 2.054 1.987 1.990 1.998 2.026 1.972 1.908 1.893 1.857 1.886 1.828 1.870 1.928 1.758 1.760 1.766 1.799 1.702
3.133 2.975 2.942 2.942 2.856 2.884 2.915 3.278 3.251 2.743 2.828 2.843 2.839 2.677 2.789 2.850 2.902 3.002 2.952 2.953 2.832 2.859 2.832 2.934 2.932 2.958 3.024 2.998 2.919 2.865 2.959 3.073 2.930 2.817 2.809 2.681 2.810 2.990 3.208 2.842 2.881 2.725 2.590 2.590 2.514 2.472 2.399 2.463 2.399 2.414 2.307 2.337 2.318 2.310 2.227 2.179 2.187 2.129 2.059 2.032 1.973 1.993 2.032 1.983 1.953 1.924 1.920 1.934 1.912 1.847 1.824 1.859 1.789 1.736 1.741 1.744 1.738
3.260 2.989 3.053 2.908 2.905 2.862 2.915 3.206 2.922 2.936 2.786 2.827 2.932 2.749 2.752 2.883 2.845 2.889 2.939 2.946 2.791 2.756 2.888 2.886 2.816 2.901 2.874 2.894 2.939 2.977 2.717 2.811 2.915 2.897 2.854 2.570 2.726 2.791 3.158 2.886 2.906 2.724 2.628 2.566 2.488 2.517 2.460 2.452 2.383 2.397 2.349 2.333 2.319 2.253 2.256 2.206 2.159 2.081 2.066 2.101 2.043 1.966 1.988 2.003 1.958 1.887 1.920 1.930 1.887 1.860 1.840 1.737 1.791 1.773 1.749 1.720 1.716
3.173 3.004 2.872 2.875 2.888 2.931 2.900 2.933 3.081 2.972 2.829 2.797 2.779 2.700 2.701 2.707 2.853 2.842 2.926 3.017 2.819 2.871 2.974 2.931 2.804 2.768 2.786 2.803 2.895 2.816 2.856 2.666 2.887 2.842 2.767 2.829 2.754 2.837 3.067 2.789 2.882 2.764 2.679 2.713 2.551 2.473 2.445 2.453 2.462 2.407 2.420 2.288 2.291 2.308 2.252 2.173 2.173 2.186 2.111 2.087 2.074 2.016 2.027 1.937 1.941 1.966 1.913 1.814 1.907 1.857 1.921 1.865 1.841 1.767 1.671 1.737 1.737
3.233 3.411 2.852 2.905 2.842 2.879 2.906 2.922 3.206 2.852 2.919 2.876 2.803 2.703 2.731 2.775 2.723 2.746 2.836 2.928 2.894 2.817 2.857 2.743 2.813 2.691 2.673 2.726 2.786 2.741 2.798 2.756 2.754 2.959 2.957 2.839 2.795 2.900 3.021 2.838 2.713 2.754 2.802 2.611 2.683 2.543 2.530 2.517 2.467 2.371 2.327 2.328 2.367 2.323 2.157 2.234 2.246 2.102 2.149 2.099 2.066 2.158 2.075 2.035 2.015 1.965 1.883 1.804 1.863 1.884 1.847 1.782 1.801 1.719 1.738 1.706 1.700
3.130 3.473 3.015 2.840 2.898 2.871 2.863 2.911 2.993 3.112 2.847 2.928 2.874 2.720 2.675 2.619 2.737 2.647 2.762 2.844 2.837 2.857 2.808 2.798 2.790 2.661 2.659 2.594 2.711 2.780 2.824 2.731 2.786 2.774 2.903 2.881 2.795 2.889 2.970 2.765 2.803 2.741 2.777 2.656 2.660 2.554 2.659 2.540 2.493 2.445 2.405 2.242 2.405 2.271 2.199 2.237 2.187 2.192 2.132 2.126 2.172 2.126 2.073 1.953 2.007 1.877 1.977 1.874 1.817 1.829 1.848 1.780 1.820 1.765 1.714 1.681 1.740
3.131 3.199 3.032 2.842 2.911 2.927 2.925 2.735 2.869 2.863 3.248 2.840 2.936 2.814 2.681 2.712 2.682 2.733 2.665 2.867 2.816 2.868 2.766 2.698 2.672 2.683 2.735 2.646 2.673 2.720 2.766 2.715 2.832 2.821 2.779 2.930 2.864 2.856 3.025 2.689 2.786 2.681 2.669 2.679 2.774 2.613 2.620 2.577 2.487 2.431 2.426 2.387 2.302 2.237 2.231 2.165 2.179 2.148 2.142 2.136 2.079 2.088 1.995 1.984 1.914 1.956 1.917 1.873 1.857 1.814 1.812 1.805 1.825 1.801 1.720 1.787 1.781
3.190 3.268 3.151 3.029 2.972 2.849 2.909 2.852 2.781 2.884 2.889 3.196 2.769 2.908 2.871 2.739 2.673 2.678 2.719 2.701 2.721 2.767 2.808 2.712 2.723 2.618 2.688 2.684 2.738 2.744 2.704 2.707 2.804 2.742 2.832 2.800 2.951 2.921 2.810 2.661 2.704 2.638 2.705 2.707 2.668 2.540 2.591 2.520 2.537 2.456 2.395 2.374 2.331 2.223 2.207 2.193 2.205 2.103 2.113 2.142 2.066 2.046 2.071 1.971 1.992 1.853 1.895 1.879 1.894 1.890 1.887 1.767 1.761 1.874 1.853 1.758 1.837
3.040 3.094 3.207 3.040 2.995 2.809 2.849 2.952 2.928 2.798 2.905 2.916 2.915 2.800 2.809 2.762 2.847 2.639 2.705 2.727 2.742 2.694 2.643 2.595 2.701 2.744 2.631 2.680 2.669 2.679 2.593 2.624 2.722 2.739 2.710 2.817 2.882 2.979 2.870 2.757 2.668 2.684 2.732 2.666 2.747 2.655 2.552 2.453 2.573 2.522 2.402 2.332 2.271 2.272 2.210 2.210 2.147 2.188 2.208 2.073 2.073 2.037 2.004 2.017 1.955 1.952 1.905 1.912 1.914 1.876 1.891 1.836 1.887 1.869 1.723 1.774 1.770
3.101 3.060 3.415 3.406 2.869 2.956 2.896 3.003 2.970 2.951 2.855 2.853 2.920 2.810 2.824 2.822 2.846 2.791 2.677 2.705 2.689 2.646 2.713 2.589 2.616 2.636 2.648 2.643 2.630 2.669 2.567 2.647 2.653 2.668 2.711 2.741 2.733 2.773 3.140 2.764 2.704 2.489 2.634 2.732 2.676 2.616 2.602 2.619 2.551 2.471 2.357 2.300 2.278 2.305 2.226 2.216 2.222 2.121 2.135 2.053 2.077 2.004 2.139 2.048 1.939 1.944 1.942 1.925 1.919 1.902 1.896 1.923 1.813 1.826 1.784 1.771 1.817
3.057 3.125 3.256 3.219 3.171 2.959 3.026 2.892 2.873 2.861 2.881 2.862 2.984 2.954 2.794 2.813 2.837 2.814 2.752 2.690 2.705 2.632 2.718 2.654 2.698 2.693 2.679 2.617 2.660 2.662 2.631 2.620 2.568 2.643 2.655 2.839 2.809 2.803 2.972 2.769 2.640 2.535 2.684 2.610 2.616 2.583 2.659 2.546 2.501 2.497 2.299 2.362 2.288 2.280 2.219 2.299 2.218 2.144 2.113 2.192 2.092 2.091 2.081 2.001 1.989 1.964 1.966 1.908 1.938 1.873 1.892 1.900 1.896 1.809 1.817 1.767 1.764
3.183 3.064 3.138 3.260 3.363 2.994 2.971 2.871 2.845 2.850 2.826 2.909 2.957 2.902 3.041 2.776 2.728 2.757 2.752 2.626 2.635 2.590 2.752 2.666 2.686 2.620 2.543 2.613 2.638 2.569 2.717 2.626 2.590 2.585 2.563 2.687 2.819 2.771 2.774 2.891 2.617 2.578 2.795 2.657 2.569 2.673 2.563 2.551 2.624 2.416 2.364 2.321 2.327 2.341 2.302 2.216 2.281 2.277 2.161 2.144 2.099 2.111 2.070 2.053 2.026 2.013 1.961 1.978 1.919 1.918 1.887 1.840 1.892 1.891 1.858 1.846 1.808
3.095 3.077 3.085 3.249 3.145 3.065 3.057 2.912 2.931 2.931 2.872 2.801 2.884 2.872 2.882 3.177 2.846 2.697 2.709 2.690 2.726 2.622 2.644 2.697 2.625 2.658 2.589 2.678 2.542 2.586 2.533 2.591 2.621 2.693 2.624 2.665 2.658 2.692 2.681 2.872 2.740 2.532 2.765 2.686 2.611 2.611 2.617 2.522 2.484 2.413 2.414 2.342 2.307 2.301 2.235 2.246 2.224 2.180 2.196 2.138 2.130 2.107 2.078 2.017 2.026 2.001 1.961 1.991 1.976 1.922 1.933 1.901 1.835 1.847 1.857 1.821 1.806
3.101 2.989 3.116 3.032 3.128 3.187 2.947 2.878 2.858 2.851 2.812 2.825 2.832 2.839 2.821 2.778 3.042 2.625 2.640 2.710 2.631 2.726 2.558 2.641 2.743 2.589 2.675 2.547 2.596 2.527 2.523 2.631 2.616 2.551 2.581 2.684 2.510 2.617 2.639 2.643 2.808 2.648 2.732 2.728 2.634 2.608 2.616 2.518 2.447 2.391 2.394 2.368 2.377 2.374 2.255 2.296 2.226 2.184 2.193 2.106 2.129 2.117 2.088 2.053 2.068 1.974 1.922 2.007 1.984 1.995 1.859 1.909 1.937 1.900 1.891 1.814 1.777
3.137 3.082 3.081 3.013 3.085 3.208 3.134 2.941 3.032 2.888 2.955 2.902 2.832 2.792 2.822 2.790 2.749 2.747 2.628 2.697 2.611 2.586 2.765 2.620 2.658 2.598 2.530 2.525 2.594 2.653 2.565 2.618 2.666 2.621 2.489 2.490 2.507 2.617 2.611 2.583 2.621 2.552 2.771 2.779 2.601 2.476 2.570 2.533 2.435 2.442 2.385 2.386 2.352 2.296 2.277 2.234 2.239 2.297 2.160 2.213 2.145 2.134 2.136 2.102 2.001 2.008 2.030 2.036 1.956 1.969 1.938 1.880 1.891 1.790 1.864 1.861 1.893
3.032 3.058 3.039 2.980 3.044 3.158 3.195 3.056 2.995 2.988 2.810 2.846 2.739 2.797 2.791 2.742 3.225 2.701 2.690 2.585 2.606 2.566 2.595 2.764 2.517 2.499 2.575 2.539 2.591 2.658 2.575 2.610 2.609 2.596 2.495 2.487 2.497 2.497 2.571 2.527 2.633 2.550 2.697 2.703 2.613 2.610 2.563 2.477 2.437 2.547 2.483 2.368 2.388 2.330 2.276 2.283 2.273 2.208 2.185 2.154 2.147 2.149 2.066 2.012 2.078 2.118 2.064 2.058 2.029 2.040 2.029 1.979 1.942 1.862 1.932 1.858 1.859
2.945 3.020 2.969 2.952 2.823 3.030 3.018 3.061 3.006 2.951 2.864 2.811 2.816 2.782 2.713 2.868 2.746 2.655 2.592 2.758 2.573 2.537 2.560 2.589 2.684 2.513 2.640 2.576 2.540 2.489 2.592 2.626 2.547 2.480 2.540 2.457 2.465 2.441 2.487 2.601 2.681 2.606 2.798 2.625 2.611 2.649 2.477 2.464 2.454 2.444 2.422 2.411 2.387 2.336 2.316 2.320 2.274 2.212 2.184 2.150 2.125 2.112 2.086 2.163 2.096 2.161 2.060 2.053 2.077 2.125 1.984 1.860 1.858 1.937 1.880 1.862 1.829
2.924 3.060 2.961 3.059 2.968 2.936 2.930 3.179 2.938 3.001 2.839 2.883 2.885 2.668 2.724 2.738 2.707 2.962 2.681 2.708 2.735 2.543 2.598 2.543 2.504 2.553 2.557 2.615 2.500 2.546 2.524 2.653 2.486 2.501 2.539 2.556 2.445 2.498 2.490 2.501 2.576 2.598 2.661 2.553 2.702 2.538 2.471 2.526 2.489 2.435 2.392 2.362 2.328 2.358 2.294 2.325 2.270 2.263 2.257 2.242 2.210 2.123 2.115 2.078 2.125 2.112 2.174 2.015 2.045 1.978 1.978 1.971 1.915 1.917 1.891 1.839 1.776
2.940 3.034 2.989 2.958 2.947 2.976 2.880 3.008 3.002 2.913 2.878 2.845 2.842 2.881 2.793 2.674 2.707 2.651 2.645 2.645 2.587 2.649 2.623 2.565 2.530 2.588 2.508 2.584 2.610 2.451 2.564 2.508 2.413 2.435 2.471 2.447 2.498 2.500 2.446 2.512 2.549 2.498 2.587 2.708 2.631 2.517 2.507 2.458 2.431 2.457 2.369 2.405 2.350 2.395 2.348 2.337 2.348 2.261 2.255 2.267 2.215 2.137 2.185 2.171 2.204 2.162 2.104 2.132 2.052 2.055 2.010 1.951 1.916 1.866 1.860 1.851 1.848
2.845 2.884 2.967 2.931 2.938 2.977 2.899 2.957 2.850 2.809 2.902 2.705 2.654 2.682 2.696 2.686 2.676 2.688 2.870 2.626 2.572 2.569 2.590 2.654 2.598 2.497 2.589 2.653 2.470 2.507 2.473 2.464 2.472 2.507 2.398 2.466 2.433 2.506 2.546 2.467 2.458 2.468 2.600 2.549 2.528 2.481 2.467 2.459 2.404 2.412 2.451 2.304 2.402 2.407 2.358 2.280 2.345 2.250 2.282 2.234 2.226 2.183 2.172 2.103 2.130 2.127 2.037 2.085 1.993 2.037 1.949 2.002 1.948 1.907 1.941 1.861 1.875
2.875 2.892 2.793 2.854 2.917 2.916 2.919 2.893 3.034 2.872 2.748 2.769 2.759 2.709 2.616 2.670 2.616 2.678 2.746 2.624 2.597 2.539 2.584 2.640 2.638 2.515 2.514 2.452 2.421 2.546 2.465 2.431 2.420 2.440 2.454 2.507 2.427 2.453 2.438 2.398 2.433 2.451 2.547 2.537 2.740 2.592 2.464 2.496 2.389 2.491 2.354 2.411 2.336 2.320 2.339 2.284 2.270 2.314 2.229 2.259 2.336 2.211 2.203 2.249 2.213 2.084 2.101 2.150 2.031 2.057 2.064 2.051 1.955 2.002 1.936 1.947 1.884
2.791 2.790 2.854 2.733 2.993 2.819 2.947 2.815 2.833 2.819 2.655 2.733 2.711 2.697 2.730 2.521 2.613 2.580 2.584 2.550 2.610 2.570 2.641 2.635 2.514 2.544 2.504 2.483 2.585 2.493 2.505 2.533 2.543 2.495 2.427 2.402 2.413 2.467 2.370 2.379 2.424 2.431 2.565 2.583 2.525 2.447 2.465 2.435 2.506 2.465 2.396 2.365 2.434 2.327 2.348 2.277 2.285 2.289 2.264 2.243 2.261 2.221 2.122 2.246 2.197 2.192 2.136 2.085 1.995 2.053 2.041 1.973 1.972 1.958 1.898 1.920 1.870
2.813 2.827 2.771 2.806 2.811 2.973 2.823 2.814 2.780 2.685 2.668 2.678 2.624 2.626 2.628 2.618 2.543 2.593 2.640 2.801 2.558 2.640 2.613 2.553 2.575 2.590 2.571 2.547 2.520 2.595 2.539 2.459 2.522 2.498 2.522 2.491 2.546 2.433 2.465 2.417 2.384 2.499 2.545 2.539 2.564 2.506 2.417 2.424 2.380 2.395 2.379 2.347 2.390 2.398 2.366 2.295 2.322 2.316 2.283 2.223 2.292 2.212 2.147 2.219 2.207 2.126 2.111 2.049 2.073 2.085 2.027 1.995 2.016 1.904 1.930 1.974 1.881
3.002 2.832 2.790 2.787 2.726 2.817 2.770 2.766 2.723 2.720 2.712 2.564 2.644 2.658 2.562 2.619 2.594 2.591 2.578 2.593 2.627 2.720 2.570 2.508 2.551 2.483 2.529 2.524 2.500 2.527 2.412 2.468 2.467 2.462 2.503 2.370 2.419 2.422 2.504 2.345 2.430 2.532 2.475 2.492 2.494 2.618 2.568 2.581 2.424 2.421 2.387 2.495 2.414 2.395 2.379 2.307 2.287 2.297 2.240 2.287 2.263 2.170 2.267 2.205 2.102 2.120 2.094 2.130 2.036 2.074 2.039 1.994 1.999 2.000 1.971 1.956 1.938
2.999 3.042 3.028 2.878 2.848 2.900 2.954 2.791 2.775 2.775 2.680 2.622 2.668 2.608 2.652 2.607 2.637 2.580 2.608 2.659 2.584 2.500 2.423 2.590 2.444 2.527 2.574 2.516 2.529 2.544 2.501 2.541 2.393 2.433 2.424 2.385 2.403 2.390 2.418 2.504 2.459 2.458 2.557 2.527 2.496 2.507 2.482 2.367 2.615 2.436 2.421 2.445 2.395 2.401 2.325 2.350 2.342 2.375 2.290 2.258 2.283 2.257 2.223 2.234 2.150 2.091 2.144 2.154 2.085 2.033 2.021 2.071 2.077 1.953 2.000 1.957 1.915
2.895 2.939 2.882 2.891 2.994 2.947 2.867 2.802 2.805 2.782 2.743 2.700 2.648 2.654 2.616 2.643 2.570 2.602 2.764 2.558 2.476 2.603 2.612 2.518 2.528 2.549 2.593 2.517 2.514 2.571 2.544 2.478 2.453 2.419 2.480 2.417 2.393 2.393 2.452 2.432 2.431 2.444 2.486 2.528 2.441 2.527 2.489 2.451 2.450 2.454 2.470 2.429 2.403 2.343 2.352 2.391 2.354 2.341 2.334 2.284 2.285 2.205 2.201 2.168 2.142 2.209 2.142 2.123 2.097 2.098 2.054 2.081 2.038 1.976 2.003 1.919 1.908
3.139 3.082 3.053 2.916 2.803 2.929 2.918 2.877 2.770 2.774 2.648 2.696 2.663 2.616 2.637 2.589 2.742 2.684 2.632 2.582 2.559 2.523 2.538 2.579 2.545 2.530 2.588 2.560 2.465 2.529 2.531 2.504 2.474 2.412 2.410 2.488 2.467 2.472 2.439 2.483 2.409 2.413 2.500 2.554 2.424 2.503 2.465 2.453 2.461 2.561 2.429 2.432 2.403 2.403 2.420 2.350 2.376 2.340 2.253 2.258 2.254 2.185 2.180 2.180 2.232 2.236 2.104 2.133 2.163 2.103 2.074 2.097 2.078 2.038 2.070 1.984 1.924
2.859 2.946 2.941 2.872 2.802 2.915 2.859 2.846 2.824 2.889 2.882 2.777 2.668 2.736 2.774 2.734 2.727 2.657 2.567 2.600 2.633 2.629 2.647 2.629 2.761 2.630 2.581 2.566 2.607 2.548 2.485 2.510 2.434 2.427 2.420 2.456 2.478 2.515 2.504 2.403 2.420 2.363 2.501 2.457 2.521 2.479 2.550 2.468 2.429 2.425 2.478 2.470 2.324 2.482 2.392 2.422 2.397 2.301 2.368 2.331 2.298 2.204 2.220 2.281 2.217 2.208 2.194 2.236 2.176 2.122 2.115 2.110 2.080 2.067 1.985 1.996 1.938
