includes/estuary_coast/floodfiles/results/res-0002.wdfp
ncols         730
nrows         472
xllcorner     380617.130607059982140
yllcorner     6542069.774948899634182
cellsize      20.000000000000000
NODATA_value  -9999.000000
[rows 306 to 339 of 472, columns 0 to 76 of 730]
3.183 3.165 3.126 3.106 3.081 3.065 3.049 3.010 2.994 2.979 2.962 2.933 2.920 2.901 2.877 2.844 2.798 2.772 2.770 2.769 2.755 2.716 2.673 2.628 2.583 2.550 2.539 2.528 2.494 2.449 2.410 2.372 2.339 2.310 2.293 2.281 2.238 2.207 2.192 2.166 2.134 2.103 2.067 2.052 2.036 2.036 2.027 1.998 1.970 1.948 1.938 1.935 1.945 1.946 1.924 1.880 1.843 1.817 1.797 1.783 1.775 1.767 1.757 0.977 0.935 0.980 0.615 0.898 0.734 0.480 0.456 0.548 0.430 0.442 0.420 0.430 0.360
3.183 3.162 3.120 3.097 3.077 3.055 3.042 3.007 2.991 2.976 2.940 2.922 2.906 2.888 2.855 2.821 2.784 2.771 2.760 2.753 2.736 2.694 2.652 2.608 2.555 2.538 2.532 2.525 2.491 2.439 2.387 2.339 2.300 2.269 2.252 2.212 2.180 2.153 2.130 2.102 2.074 2.023 2.007 1.991 2.002 1.973 1.963 1.941 1.919 1.924 1.923 1.930 1.949 1.952 1.926 1.874 1.828 1.795 1.776 1.763 1.747 1.742 1.723 1.693 0.951 0.748 1.006 0.890 0.809 0.635 0.413 0.377 0.520 0.479 0.370 0.251 0.405
3.186 3.156 3.112 3.085 3.064 3.049 3.026 3.006 2.979 2.959 2.920 2.902 2.881 2.864 2.845 2.799 2.781 2.762 2.734 2.721 2.701 2.671 2.630 2.571 2.545 2.528 2.533 2.525 2.484 2.427 2.360 2.304 2.260 2.229 2.203 2.185 2.124 2.091 2.055 2.051 1.990 1.967 1.955 1.922 1.909 1.912 1.903 1.888 1.875 1.871 1.898 1.910 1.925 1.929 1.903 1.849 1.805 1.774 1.756 1.745 1.744 1.739 1.722 1.684 0.753 0.804 0.804 0.601 0.407 0.377 0.510 0.424 0.436 0.547 0.171 0.214 0.209
3.180 3.140 3.093 3.063 3.043 3.033 3.019 3.007 2.979 2.955 2.913 2.891 2.870 2.853 2.837 2.792 2.773 2.755 2.711 2.694 2.672 2.645 2.615 2.568 2.527 2.516 2.517 2.504 2.457 2.399 2.335 2.271 2.214 2.193 2.177 2.160 2.112 2.063 2.011 1.964 1.925 1.903 1.893 1.861 1.841 1.829 1.821 1.829 1.820 1.799 1.829 1.846 1.872 1.874 1.839 1.803 1.773 1.751 1.743 1.743 1.750 1.741 1.706 1.666 1.631 0.548 0.695 0.728 0.734 0.687 0.511 0.243 0.488 0.345 0.546 0.198 0.001
3.158 3.124 3.080 3.052 3.034 3.028 3.023 3.010 2.980 2.935 2.905 2.880 2.861 2.844 2.806 2.787 2.765 2.722 2.681 2.651 2.628 2.605 2.581 2.528 2.509 2.492 2.484 2.456 2.419 2.362 2.304 2.226 2.195 2.183 2.182 2.161 2.103 2.034 1.966 1.905 1.858 1.828 1.805 1.799 1.783 1.769 1.757 1.744 1.728 1.731 1.747 1.767 1.778 1.783 1.771 1.750 1.732 1.726 1.729 1.737 1.746 1.736 1.695 1.651 1.616 1.594 0.693 0.704 0.462 0.291 0.598 0.502 0.358 0.275 0.469 0.386 0.390
3.140 3.097 3.068 3.045 3.031 3.027 3.024 3.008 2.979 2.927 2.893 2.867 2.850 2.828 2.804 2.774 2.743 2.690 2.657 2.624 2.599 2.578 2.524 2.506 2.490 2.472 2.430 2.407 2.373 2.330 2.278 2.208 2.174 2.177 2.175 2.146 2.079 2.001 1.919 1.846 1.780 1.754 1.746 1.729 1.715 1.697 1.674 1.651 1.648 1.648 1.663 1.663 1.666 1.702 1.700 1.692 1.686 1.675 1.689 1.702 1.713 1.703 1.663 1.625 1.597 1.584 0.540 0.617 0.492 0.598 0.517 0.334 0.287 0.390 0.312 0.305 0.300
3.108 3.081 3.060 3.042 3.029 3.021 3.016 2.998 2.968 2.905 2.871 2.848 2.837 2.833 2.814 2.780 2.739 2.676 2.634 2.600 2.569 2.550 2.501 2.482 2.463 2.408 2.386 2.360 2.300 2.266 2.218 2.167 2.157 2.151 2.140 2.106 2.035 1.958 1.876 1.787 1.736 1.713 1.713 1.706 1.682 1.649 1.610 1.572 1.544 1.552 1.548 1.557 1.582 1.593 1.599 1.609 1.611 1.621 1.634 1.649 1.647 1.640 1.619 1.595 1.573 1.571 1.583 0.488 0.461 0.253 0.296 0.316 0.553 0.201 0.229 0.322 0.362
3.088 3.073 3.050 3.036 3.014 3.007 2.992 2.972 2.944 2.890 2.860 2.842 2.837 2.837 2.822 2.784 2.720 2.658 2.607 2.567 2.541 2.500 2.458 2.434 2.406 2.347 2.310 2.281 2.253 2.227 2.159 2.140 2.123 2.087 2.070 2.033 1.977 1.915 1.824 1.763 1.716 1.707 1.707 1.687 1.651 1.603 1.545 1.489 1.448 1.430 1.445 1.462 1.490 1.505 1.530 1.541 1.545 1.557 1.561 1.567 1.578 1.577 1.567 1.555 1.549 1.549 1.564 0.614 0.289 0.323 0.432 0.481 0.655 0.395 0.397 0.424 0.381
3.050 3.039 3.028 3.018 3.000 2.979 2.968 2.951 2.917 2.879 2.852 2.837 2.834 2.833 2.816 2.773 2.701 2.616 2.559 2.519 2.497 2.473 2.455 2.420 2.382 2.312 2.272 2.232 2.205 2.184 2.120 2.102 2.079 2.029 2.005 1.969 1.922 1.869 1.798 1.736 1.713 1.706 1.698 1.665 1.618 1.556 1.484 1.402 1.354 1.347 1.367 0.397 0.397 1.447 1.448 1.444 1.470 1.482 1.488 1.490 1.505 1.497 1.514 1.510 1.498 0.609 0.232 0.444 0.158 0.238 0.360 0.200 0.612 0.510 0.438 0.117 0.236
3.032 3.024 3.015 3.006 2.969 2.959 2.948 2.919 2.901 2.866 2.847 2.834 2.814 2.810 2.790 2.743 2.668 2.591 2.535 2.497 2.481 2.473 2.454 2.410 2.335 2.276 2.224 2.184 2.154 2.098 2.081 2.062 2.003 1.937 1.907 1.873 1.836 1.798 1.737 1.718 1.700 1.688 1.656 1.621 1.578 1.515 1.430 1.357 1.304 1.299 0.328 0.302 0.246 0.338 1.390 1.376 1.369 1.384 1.414 1.424 1.430 1.440 1.442 1.447 0.284 0.375 0.250 0.391 0.197 0.427 0.254 0.162 0.289 0.311 0.404 0.313 0.345
3.013 3.007 2.997 2.974 2.964 2.941 2.929 2.903 2.867 2.849 2.832 2.804 2.794 2.772 2.749 2.711 2.636 2.571 2.522 2.489 2.478 2.474 2.450 2.399 2.309 2.237 2.173 2.109 2.082 2.049 2.022 1.994 1.927 1.889 1.846 1.812 1.781 1.724 1.700 1.686 1.668 1.627 1.605 1.571 1.526 1.482 1.409 1.350 1.305 1.301 0.387 0.295 0.270 0.326 0.327 0.352 1.288 1.299 1.323 1.358 1.379 1.387 1.389 0.374 0.225 0.523 0.401 0.355 0.319 0.461 0.268 0.182 0.373 0.299 0.277 0.293 0.146
3.004 2.996 2.985 2.961 2.934 2.921 2.910 2.884 2.857 2.839 2.821 2.805 2.771 2.740 2.716 2.672 2.607 2.562 2.517 2.490 2.471 2.462 2.432 2.375 2.257 2.177 2.109 2.066 2.052 2.033 2.005 1.967 1.889 1.837 1.792 1.750 1.725 1.676 1.656 1.635 1.591 1.570 1.544 1.514 1.455 1.428 1.382 1.350 1.328 0.253 0.269 0.301 0.228 0.271 0.281 0.288 0.362 0.307 1.283 1.321 1.340 0.437 0.270 0.395 0.422 0.380 0.368 0.083 0.182 0.326 0.218 0.094 0.098 0.036 0.304 0.341 0.230
2.998 2.991 2.971 2.936 2.921 2.909 2.900 2.878 2.852 2.832 2.809 2.770 2.731 2.711 2.688 2.649 2.589 2.553 2.519 2.483 2.455 2.430 2.394 2.337 2.224 2.147 2.082 2.043 2.034 2.027 1.997 1.918 1.850 1.784 1.729 1.692 1.654 1.631 1.613 1.558 1.500 1.477 1.448 1.423 1.402 1.369 1.356 1.353 1.328 1.327 1.330 0.301 0.325 0.376 0.334 0.349 0.308 0.286 0.309 0.288 0.411 0.289 0.349 0.310 0.409 0.381 0.441 0.593 0.339 0.527 0.449 0.324 0.234 0.349 0.088 0.232 0.198
2.994 2.984 2.967 2.926 2.910 2.894 2.888 2.873 2.847 2.819 2.790 2.752 2.706 2.686 2.665 2.600 2.571 2.540 2.510 2.461 2.423 2.398 2.360 2.294 2.206 2.132 2.076 2.044 2.033 2.020 1.980 1.893 1.809 1.715 1.655 1.622 1.599 1.580 1.554 1.489 1.442 1.397 1.367 1.345 1.336 1.320 1.324 1.338 1.320 1.323 1.325 1.324 1.317 1.305 0.333 0.239 0.319 0.432 0.290 0.365 0.388 0.549 0.545 0.499 0.366 0.371 0.274 0.363 0.467 0.383 0.318 0.402 0.416 0.244 0.254 0.104 0.088
2.989 2.975 2.941 2.910 2.898 2.894 2.893 2.878 2.850 2.813 2.771 2.713 2.684 2.662 2.620 2.589 2.562 2.532 2.501 2.425 2.399 2.369 2.316 2.271 2.189 2.134 2.080 2.033 2.021 1.998 1.942 1.858 1.753 1.673 1.614 1.587 1.580 1.569 1.529 1.449 1.380 1.313 1.263 1.246 1.234 1.256 1.280 1.277 1.300 1.308 1.294 1.295 1.293 1.283 1.278 1.263 1.257 0.369 0.354 0.345 0.390 0.186 0.315 0.390 0.416 0.414 0.335 0.382 0.154 0.199 0.217 0.303 0.118 0.276 0.317 0.290 0.308
2.972 2.957 2.925 2.903 2.895 2.894 2.895 2.881 2.847 2.803 2.742 2.692 2.661 2.642 2.612 2.580 2.550 2.515 2.468 2.436 2.376 2.346 2.294 2.218 2.171 2.124 2.055 2.027 1.986 1.954 1.904 1.813 1.723 1.651 1.598 1.577 1.575 1.558 1.509 1.406 1.311 1.216 1.145 1.110 1.125 1.169 1.214 1.226 1.247 1.272 1.280 1.284 1.281 1.280 1.283 1.279 1.266 1.268 0.272 0.364 0.305 0.319 0.397 0.390 0.347 0.420 0.402 0.092 0.408 0.179 0.281 0.309 0.477 0.453 0.349 0.296 0.194
2.960 2.947 2.915 2.903 2.888 2.888 2.884 2.867 2.833 2.787 2.722 2.664 2.635 2.618 2.606 2.585 2.549 2.506 2.453 2.389 2.357 2.327 2.264 2.209 2.164 2.117 2.075 2.005 1.950 1.913 1.850 1.775 1.712 1.645 1.602 1.577 1.569 1.540 1.461 1.348 1.230 1.109 1.017 0.989 1.031 1.104 1.172 1.202 1.231 1.247 1.267 1.273 1.273 1.276 1.277 1.270 1.272 0.441 0.375 0.442 0.543 0.547 0.482 0.413 0.400 0.349 0.557 0.453 0.336 0.337 0.387 0.609 0.429 0.514 0.417 0.247 0.348
2.947 2.928 2.906 2.896 2.889 2.875 2.860 2.839 2.807 2.764 2.704 2.650 2.624 2.616 2.611 2.588 2.547 2.490 2.413 2.371 2.340 2.316 2.261 2.208 2.158 2.105 2.031 1.951 1.914 1.877 1.814 1.747 1.698 1.652 1.598 1.570 1.542 1.503 1.433 1.306 1.180 1.044 0.936 0.909 0.967 1.060 1.132 1.189 1.222 1.240 1.248 1.255 1.265 1.270 1.269 1.251 0.525 0.245 0.454 0.680 0.570 0.600 0.554 0.479 0.332 0.439 0.554 0.393 0.432 0.404 0.293 0.178 0.398 0.370 0.274 0.429 0.287
2.938 2.917 2.891 2.883 2.875 2.855 2.831 2.813 2.785 2.748 2.694 2.645 2.623 2.615 2.608 2.582 2.536 2.479 2.394 2.351 2.312 2.296 2.261 2.208 2.145 2.070 2.001 1.910 1.869 1.815 1.751 1.716 1.677 1.640 1.589 1.541 1.512 1.469 1.381 1.281 1.167 1.041 0.940 0.913 0.969 1.060 1.128 1.189 1.222 1.232 1.239 1.244 1.250 1.256 1.262 0.614 0.364 0.304 0.452 0.539 0.517 0.599 0.499 0.594 0.482 0.381 0.450 0.393 0.191 0.392 0.307 0.271 0.090 0.190 0.225 0.349 0.353
2.921 2.891 2.883 2.874 2.864 2.832 2.819 2.792 2.768 2.722 2.689 2.658 2.620 2.611 2.591 2.563 2.516 2.441 2.367 2.328 2.312 2.305 2.277 2.220 2.137 2.045 1.926 1.861 1.815 1.763 1.720 1.693 1.661 1.626 1.541 1.512 1.483 1.415 1.360 1.275 1.186 1.091 1.008 0.989 1.027 1.084 1.147 1.192 1.222 1.237 1.241 1.243 1.246 0.391 0.507 0.454 0.510 0.396 0.469 0.521 0.365 0.389 0.458 0.614 0.590 0.496 0.508 0.372 0.469 0.125 0.173 0.264 0.193 0.156 0.222 0.256 0.452
2.908 2.888 2.876 2.866 2.854 2.818 2.804 2.786 2.755 2.731 2.687 2.659 2.614 2.599 2.566 2.537 2.493 2.423 2.355 2.322 2.311 2.310 2.284 2.217 2.122 1.986 1.875 1.797 1.751 1.716 1.681 1.660 1.628 1.572 1.537 1.481 1.450 1.390 1.328 1.276 1.214 1.141 1.095 1.070 1.091 1.130 1.172 1.205 1.228 0.000 0.207 0.370 0.382 0.310 0.338 0.295 0.414 0.481 0.384 0.412 0.503 0.482 0.547 0.528 0.714 0.618 0.701 0.364 0.455 0.311 0.104 0.177 0.214 0.032 0.127 0.175 0.253
2.890 2.884 2.876 2.860 2.835 2.803 2.788 2.773 2.759 2.708 2.684 2.660 2.638 2.588 2.546 2.516 2.478 2.412 2.368 2.316 2.306 2.294 2.263 2.193 2.091 1.944 1.807 1.721 1.679 1.664 1.664 1.641 1.597 1.546 1.483 1.446 1.417 1.373 1.323 1.289 1.249 1.209 1.168 1.142 0.010 0.260 0.149 0.000 0.000 0.000 0.000 0.000 0.347 0.366 0.447 0.307 0.365 0.439 0.429 0.444 0.540 0.476 0.535 0.478 0.550 0.638 0.685 0.645 0.357 0.374 0.157 0.243 0.145 0.058 0.013 0.093 0.242
2.885 2.880 2.870 2.854 2.812 2.793 2.778 2.766 2.738 2.710 2.686 2.660 2.603 2.578 2.553 2.502 2.462 2.407 2.369 2.333 2.294 2.261 2.221 2.152 2.053 1.884 1.769 1.678 1.638 1.642 1.649 1.632 1.577 1.497 1.444 1.402 1.378 1.350 1.318 1.299 1.274 1.233 1.203 1.196 0.360 0.326 0.359 0.429 0.356 0.229 0.262 0.000 0.000 0.011 0.287 0.348 0.422 0.459 0.444 0.370 0.518 0.590 0.581 0.438 0.590 0.608 0.713 0.613 0.288 0.262 0.173 0.195 0.213 0.292 0.078 0.000 0.146
2.883 2.879 2.867 2.847 2.807 2.783 2.768 2.752 2.740 2.722 2.687 2.657 2.596 2.568 2.533 2.508 2.459 2.401 2.367 2.335 2.277 2.225 2.183 2.119 2.030 1.895 1.763 1.679 1.641 1.642 1.645 1.621 1.566 1.464 1.396 1.344 1.326 1.318 1.311 1.304 1.273 1.260 1.239 1.231 1.219 1.217 0.413 0.483 0.417 0.333 0.249 0.318 0.315 0.001 0.000 0.058 0.173 0.299 0.319 0.351 0.500 0.516 0.538 0.556 0.599 0.641 0.526 0.484 0.566 0.207 0.241 0.288 0.280 0.173 0.227 0.089 0.000
2.883 2.876 2.862 2.825 2.799 2.767 2.756 2.752 2.745 2.722 2.689 2.643 2.583 2.552 2.527 2.505 2.436 2.405 2.371 2.337 2.267 2.232 2.160 2.102 1.993 1.904 1.810 1.719 1.667 1.658 1.646 1.610 1.527 1.428 1.350 1.296 1.283 1.293 1.302 1.305 1.291 1.267 1.261 1.258 1.248 1.239 1.239 0.408 0.430 0.354 0.436 0.421 0.375 0.377 0.198 0.033 0.000 0.038 0.177 0.267 0.332 0.453 0.458 0.518 0.551 0.631 0.493 0.482 0.532 0.383 0.358 0.120 0.134 0.157 0.091 0.195 0.085
2.884 2.875 2.860 2.837 2.795 2.763 2.754 2.753 2.746 2.723 2.687 2.620 2.570 2.537 2.515 2.500 2.461 2.412 2.375 2.338 2.261 2.224 2.173 2.094 2.033 1.928 1.850 1.767 1.702 1.678 1.651 1.606 1.516 1.414 1.332 1.275 1.264 1.284 1.305 1.313 1.296 1.278 1.275 1.273 1.265 1.256 1.254 1.253 1.246 0.377 0.417 0.482 0.478 0.581 0.433 0.335 0.114 0.038 0.000 0.015 0.196 0.144 0.427 0.469 0.516 0.450 0.454 0.473 0.369 0.274 0.295 0.221 0.241 0.233 0.112 0.077 0.015
2.888 2.878 2.862 2.840 2.812 2.766 2.755 2.752 2.743 2.719 2.679 2.608 2.559 2.513 2.496 2.487 2.466 2.436 2.387 2.327 2.258 2.220 2.184 2.133 2.022 1.961 1.898 1.842 1.770 1.702 1.664 1.612 1.522 1.441 1.349 1.298 1.281 1.295 1.311 1.316 1.298 1.283 1.281 1.282 1.276 1.268 1.264 1.262 1.256 1.261 1.265 0.591 0.460 0.570 0.517 0.283 0.211 0.071 0.177 0.068 0.000 0.000 0.111 0.278 0.277 0.302 0.481 0.389 0.348 0.289 0.320 0.201 0.219 0.118 0.111 0.000 0.000
2.911 2.885 2.870 2.850 2.825 2.793 2.756 2.748 2.736 2.714 2.674 2.597 2.545 2.500 2.487 2.486 2.471 2.439 2.394 2.296 2.252 2.217 2.188 2.123 2.050 1.994 1.936 1.851 1.806 1.766 1.683 1.621 1.543 1.473 1.400 1.345 1.317 1.319 1.324 1.322 1.290 1.286 1.284 1.283 1.282 1.280 1.278 1.268 1.266 1.271 1.275 1.278 1.282 0.485 0.407 0.437 0.315 0.222 0.152 0.152 0.053 0.015 0.026 0.000 0.000 0.093 0.212 0.403 0.410 0.350 0.272 0.312 0.247 0.091 0.112 0.035 0.048
2.923 2.913 2.884 2.866 2.849 2.819 2.781 2.755 2.738 2.711 2.671 2.619 2.543 2.498 2.486 2.485 2.471 2.436 2.385 2.301 2.240 2.210 2.180 2.144 2.103 2.023 1.964 1.881 1.834 1.779 1.738 1.651 1.576 1.514 1.457 1.392 1.353 1.344 1.338 1.330 1.305 1.287 1.284 1.283 1.283 1.282 1.281 1.282 1.273 1.278 1.283 1.285 1.290 1.294 0.592 0.456 0.458 0.469 0.239 0.146 0.105 0.114 0.158 0.000 0.075 0.000 0.066 0.370 0.442 0.266 0.256 0.284 0.216 0.200 0.151 0.069 0.106
2.943 2.936 2.926 2.895 2.866 2.845 2.807 2.788 2.744 2.716 2.679 2.632 2.573 2.510 2.491 2.484 2.467 2.430 2.350 2.287 2.217 2.193 2.184 2.169 2.124 2.052 1.971 1.900 1.855 1.818 1.780 1.671 1.614 1.555 1.499 1.434 1.405 1.361 1.349 1.319 1.310 1.301 1.288 1.283 1.283 1.284 1.284 1.286 1.281 1.286 1.289 1.289 1.292 1.298 1.308 0.437 0.565 0.456 0.412 0.314 0.248 0.272 0.291 0.091 0.132 0.071 0.183 0.183 0.273 0.314 0.325 0.270 0.151 0.262 0.181 0.277 0.167
2.957 2.953 2.947 2.935 2.893 2.872 2.831 2.808 2.784 2.731 2.697 2.656 2.604 2.550 2.504 2.490 2.467 2.428 2.372 2.279 2.210 2.188 2.185 2.173 2.135 2.076 1.987 1.907 1.865 1.836 1.807 1.744 1.652 1.587 1.527 1.455 1.420 1.375 1.337 1.329 1.314 1.298 1.292 1.285 1.285 1.286 1.287 1.283 1.284 1.288 1.290 1.290 1.292 1.300 1.314 1.333 0.594 0.528 0.493 0.440 0.428 0.282 0.369 0.335 0.219 0.000 0.002 0.156 0.179 0.105 0.149 0.187 0.317 0.036 0.213 0.112 0.044
2.971 2.970 2.967 2.954 2.921 2.881 2.854 2.829 2.805 2.765 2.729 2.694 2.646 2.611 2.560 2.503 2.473 2.433 2.378 2.312 2.216 2.192 2.184 2.171 2.133 2.073 1.983 1.903 1.863 1.844 1.826 1.776 1.714 1.621 1.520 1.455 1.414 1.388 1.354 1.319 1.316 1.313 1.310 1.304 1.290 1.291 1.291 1.286 1.289 1.288 1.290 1.291 1.295 1.305 1.322 1.344 1.377 0.591 0.552 0.621 0.483 0.434 0.365 0.344 0.305 0.151 0.214 0.200 0.076 0.045 0.073 0.020 0.144 0.231 0.307 0.257 0.112
2.982 2.981 2.982 2.974 2.957 2.908 2.879 2.853 2.832 2.811 2.787 2.724 2.688 2.628 2.594 2.563 2.489 2.448 2.398 2.341 2.272 2.201 2.186 2.165 2.132 2.073 1.977 1.910 1.859 1.848 1.841 1.798 1.728 1.623 1.503 1.431 1.381 1.356 1.331 1.310 1.314 1.316 1.312 1.313 1.295 1.296 1.288 1.289 1.291 1.291 1.291 1.294 1.300 1.319 1.338 1.361 1.392 1.421 0.623 0.418 0.419 0.459 0.414 0.507 0.399 0.346 0.195 0.150 0.101 0.000 0.000 0.023 0.049 0.084 0.142 0.143 0.235
2.987 2.989 2.991 2.987 2.971 2.934 2.894 2.870 2.852 2.838 2.820 2.765 2.729 2.666 2.626 2.590 2.555 2.474 2.430 2.381 2.323 2.254 2.201 2.174 2.134 2.076 2.004 1.911 1.858 1.849 1.842 1.804 1.727 1.610 1.473 1.381 1.319 1.302 1.295 1.315 1.308 1.317 1.318 1.320 1.306 1.307 1.293 1.308 1.308 1.307 1.302 1.307 1.314 1.325 1.343 1.370 1.394 0.418 0.463 0.542 0.377 0.474 0.539 0.434 0.467 0.260 0.305 0.237 0.297 0.095 0.000 0.031 0.000 0.000 0.059 0.068 0.016
