includes/estuary_coast/floodfiles/results/res-0005.wdfp
ncols         730
nrows         472
xllcorner     380617.130607059982140
yllcorner     6542069.774948899634182
cellsize      20.000000000000000
NODATA_value  -9999.000000
[rows 102 to 135 of 472, columns 77 to 153 of 730]
0.000 0.000 0.008 0.026 0.003 0.002 0.000 0.453 0.565 0.731 0.826 0.876 0.981 1.090 1.178 1.315 1.362 1.470 1.653 1.875 2.126 2.371 2.462 2.518 2.524 2.574 2.737 2.852 2.963 3.029 3.042 3.053 3.083 3.161 3.316 3.397 3.477 3.491 3.453 3.391 3.352 3.313 3.368 3.426 3.484 3.484 3.391 3.191 3.032 2.872 2.823 2.844 2.858 2.728 2.447 2.017 1.649 1.346 1.107 0.797 0.513 0.302 0.000 0.000 0.000 0.000 0.000 0.000 0.001 0.001 0.005 0.001 0.000 0.001 0.001 0.000 0.003
0.000 0.019 0.015 0.000 0.042 0.000 0.001 0.379 0.470 0.537 0.604 0.698 0.847 0.987 1.151 1.303 1.341 1.357 1.468 1.697 1.903 2.132 2.233 2.272 2.291 2.434 2.583 2.615 2.781 2.843 2.881 2.887 2.935 3.047 3.131 3.272 3.330 3.372 3.351 3.329 3.316 3.327 3.359 3.411 3.450 3.449 3.359 3.229 3.046 2.963 2.906 2.989 3.069 3.007 2.728 2.280 1.890 1.573 1.223 0.943 0.814 0.539 0.254 0.000 0.000 0.000 0.000 0.000 0.000 0.057 0.002 0.069 0.000 0.000 0.002 0.001 0.001
0.005 0.043 0.006 0.026 0.005 0.089 0.002 0.000 0.307 0.330 0.403 0.494 0.684 0.890 1.111 1.303 1.351 1.337 1.390 1.493 1.704 1.843 2.001 2.060 2.116 2.168 2.255 2.421 2.466 2.549 2.612 2.752 2.765 2.832 2.997 3.075 3.208 3.245 3.262 3.267 3.275 3.322 3.369 3.347 3.356 3.348 3.285 3.190 3.101 2.979 2.942 3.045 3.145 3.089 2.816 2.428 1.952 1.617 1.390 1.104 1.046 0.831 0.500 0.060 0.000 0.000 0.000 0.000 0.039 0.000 0.067 0.026 0.000 0.000 0.000 0.000 0.000
0.002 0.002 0.004 0.130 0.000 0.010 0.010 0.006 0.007 0.183 0.196 0.315 0.515 0.750 0.998 1.222 1.294 1.284 1.274 1.369 1.455 1.617 1.701 1.762 1.811 1.894 2.059 2.119 2.217 2.395 2.479 2.549 2.643 2.704 2.865 2.943 3.087 3.151 3.187 3.179 3.201 3.226 3.292 3.319 3.264 3.253 3.210 3.148 3.086 3.049 2.985 2.997 3.057 2.982 2.743 2.397 1.943 1.625 1.408 1.236 1.253 1.108 0.745 0.253 0.000 0.000 0.000 0.000 0.000 0.001 0.000 0.093 0.000 0.000 0.000 0.049 0.000
0.002 0.000 0.004 0.005 0.000 0.017 0.000 0.072 0.063 0.000 0.091 0.141 0.312 0.592 0.822 1.048 1.134 1.149 1.143 1.225 1.256 1.324 1.392 1.473 1.562 1.628 1.746 1.840 2.054 2.270 2.385 2.472 2.531 2.613 2.680 2.834 2.890 3.084 3.136 3.145 3.172 3.237 3.255 3.273 3.237 3.189 3.160 3.120 3.076 3.047 3.025 2.905 2.865 2.789 2.596 2.319 1.917 1.629 1.362 1.285 1.329 1.242 0.877 0.408 0.000 0.000 0.000 0.000 0.000 0.000 0.059 0.002 0.000 0.000 0.000 0.000 0.060
0.146 0.001 0.005 0.012 0.080 0.045 0.006 0.004 0.017 0.013 0.001 0.095 0.232 0.407 0.570 0.772 0.856 0.878 0.947 0.924 0.965 1.030 1.114 1.310 1.398 1.486 1.589 1.689 1.837 2.086 2.263 2.400 2.523 2.541 2.588 2.730 2.833 2.942 3.023 3.080 3.173 3.189 3.229 3.241 3.200 3.198 3.140 3.112 3.088 3.060 3.026 2.906 2.727 2.637 2.479 2.262 1.909 1.659 1.393 1.310 1.271 1.146 0.860 0.481 0.064 0.000 0.001 0.000 0.002 0.002 0.003 0.004 0.087 0.005 0.002 0.024 0.000
0.000 0.028 0.008 0.008 0.006 0.000 0.000 0.074 0.019 0.000 0.012 0.003 0.207 0.309 0.413 0.497 0.544 0.555 0.616 0.687 0.659 0.749 0.890 1.130 1.313 1.427 1.470 1.558 1.724 1.954 2.250 2.437 2.530 2.533 2.554 2.629 2.804 2.939 3.050 3.124 3.192 3.194 3.217 3.218 3.227 3.194 3.192 3.137 3.110 3.081 3.039 2.917 2.759 2.671 2.435 2.260 1.944 1.635 1.454 1.332 1.192 1.076 0.849 0.485 0.150 0.000 0.000 0.000 0.000 0.001 0.001 0.000 0.000 0.003 0.062 0.002 0.018
0.000 0.115 0.046 0.040 0.000 0.000 0.047 0.013 0.005 0.049 0.031 0.000 0.000 0.229 0.282 0.326 0.346 0.310 0.353 0.360 0.388 0.506 0.712 1.006 1.230 1.396 1.414 1.470 1.628 1.876 2.205 2.436 2.529 2.529 2.536 2.606 2.735 2.954 3.099 3.198 3.218 3.216 3.190 3.210 3.188 3.199 3.209 3.209 3.208 3.121 3.071 2.936 2.873 2.680 2.574 2.335 2.044 1.823 1.555 1.377 1.253 1.001 0.817 0.546 0.323 0.011 0.002 0.002 0.001 0.005 0.002 0.002 0.004 0.003 0.002 0.030 0.061
0.000 0.174 0.056 0.000 0.000 0.003 0.064 0.006 0.012 0.006 0.036 0.000 0.015 0.009 0.098 0.116 0.156 0.125 0.074 0.015 0.073 0.215 0.492 0.878 1.188 1.379 1.408 1.435 1.562 1.783 2.089 2.329 2.438 2.488 2.509 2.583 2.669 2.915 3.125 3.239 3.256 3.201 3.147 3.130 3.193 3.220 3.249 3.261 3.244 3.176 3.106 2.985 2.923 2.742 2.670 2.559 2.305 1.974 1.786 1.490 1.281 1.110 0.792 0.582 0.356 0.108 0.026 0.002 0.000 0.000 0.096 0.000 0.000 0.003 0.000 0.000 0.086
0.000 0.129 0.004 0.000 0.000 0.001 0.014 0.008 0.012 0.016 0.000 0.049 0.037 0.030 0.020 0.000 0.014 0.010 0.009 0.007 0.000 0.001 0.247 0.691 1.042 1.281 1.343 1.408 1.507 1.680 1.944 2.160 2.277 2.347 2.394 2.478 2.626 2.865 3.045 3.190 3.213 3.169 3.124 3.095 3.157 3.248 3.300 3.325 3.304 3.256 3.136 3.029 2.977 2.902 2.852 2.713 2.554 2.339 2.015 1.712 1.401 1.209 0.848 0.621 0.407 0.193 0.158 0.085 0.001 0.000 0.000 0.000 0.000 0.003 0.000 0.000 0.013
0.010 0.089 0.004 0.002 0.001 0.026 0.000 0.000 0.022 0.002 0.067 0.008 0.011 0.023 0.138 0.051 0.000 0.002 0.006 0.011 0.000 0.000 0.053 0.501 0.831 1.094 1.199 1.254 1.329 1.590 1.757 1.983 2.104 2.211 2.293 2.395 2.534 2.762 2.915 3.025 3.102 3.090 3.049 3.064 3.125 3.266 3.337 3.373 3.344 3.272 3.160 3.095 3.005 3.000 2.990 2.912 2.780 2.510 2.182 1.980 1.674 1.473 1.109 0.730 0.476 0.266 0.216 0.218 0.028 0.000 0.000 0.002 0.031 0.027 0.000 0.058 0.000
0.006 0.006 0.004 0.038 0.000 0.217 0.000 0.033 0.187 0.000 0.002 0.055 0.008 0.037 0.020 0.078 0.007 0.000 0.044 0.000 0.000 0.000 0.015 0.300 0.642 0.894 1.016 1.099 1.183 1.428 1.570 1.728 1.872 1.981 2.081 2.193 2.323 2.545 2.750 2.850 2.904 2.959 2.976 3.017 3.094 3.239 3.324 3.361 3.334 3.265 3.160 3.109 3.058 3.099 3.154 3.079 2.929 2.657 2.332 2.143 1.983 1.806 1.442 0.916 0.559 0.335 0.233 0.178 0.031 0.001 0.001 0.001 0.000 0.001 0.000 0.000 0.000
0.004 0.239 0.000 0.002 0.060 0.000 0.000 0.091 0.019 0.035 0.005 0.001 0.014 0.022 0.152 0.021 0.057 0.008 0.107 0.017 0.000 0.000 0.000 0.000 0.406 0.621 0.826 0.911 1.032 1.075 1.310 1.462 1.606 1.745 1.867 2.080 2.280 2.400 2.597 2.692 2.761 2.850 2.893 2.951 3.103 3.182 3.246 3.292 3.275 3.228 3.141 3.111 3.137 3.183 3.224 3.181 3.022 2.749 2.553 2.421 2.206 2.082 1.754 1.358 0.881 0.477 0.294 0.180 0.003 0.000 0.001 0.000 0.000 0.000 0.006 0.000 0.000
0.074 0.063 0.025 0.146 0.254 0.000 0.000 0.001 0.070 0.003 0.004 0.061 0.043 0.105 0.161 0.195 0.034 0.019 0.032 0.082 0.002 0.003 0.000 0.000 0.000 0.000 0.534 0.519 0.652 0.759 0.893 1.180 1.473 1.652 1.797 1.908 2.078 2.275 2.377 2.564 2.645 2.752 2.810 2.829 2.989 3.063 3.149 3.164 3.162 3.138 3.115 3.122 3.136 3.178 3.211 3.183 3.023 2.774 2.618 2.549 2.457 2.418 2.103 1.719 1.286 0.803 0.426 0.226 0.001 0.000 0.001 0.000 0.000 0.000 0.000 0.075 0.000
0.000 0.016 0.045 0.138 0.002 0.000 0.000 0.002 0.016 0.000 0.011 0.018 0.011 0.000 0.018 0.022 0.029 0.032 0.006 0.036 0.082 0.000 0.000 0.000 0.000 0.000 0.000 0.281 0.332 0.503 0.677 0.921 1.287 1.547 1.806 1.905 2.026 2.092 2.231 2.424 2.516 2.639 2.692 2.753 2.907 2.970 3.036 3.074 3.093 3.121 3.115 3.107 3.116 3.122 3.139 3.108 2.958 2.826 2.657 2.656 2.695 2.729 2.500 2.056 1.573 1.043 0.734 0.346 0.003 0.000 0.001 0.002 0.000 0.002 0.054 0.005 0.004
0.018 0.039 0.000 0.000 0.124 0.000 0.000 0.003 0.022 0.042 0.017 0.148 0.003 0.090 0.024 0.015 0.016 0.000 0.094 0.000 0.060 0.029 0.004 0.000 0.000 0.000 0.000 0.000 0.087 0.217 0.424 0.755 1.156 1.605 1.871 1.999 2.014 2.026 2.091 2.272 2.428 2.520 2.654 2.703 2.834 2.892 2.956 3.000 3.031 3.052 3.086 3.123 3.065 3.070 3.065 3.032 2.886 2.798 2.675 2.712 2.816 2.896 2.720 2.241 1.749 1.356 0.941 0.667 0.166 0.000 0.000 0.000 0.000 0.000 0.000 0.000 0.000
0.021 0.000 0.006 0.000 0.002 0.000 0.004 0.005 0.006 0.000 0.070 0.008 0.005 0.017 0.008 0.032 0.000 0.001 0.007 0.000 0.000 0.016 0.219 0.006 0.000 0.000 0.000 0.000 0.000 0.000 0.135 0.564 1.095 1.664 2.016 2.116 2.054 2.012 2.060 2.253 2.432 2.545 2.608 2.685 2.716 2.835 2.901 2.952 2.993 3.016 3.038 3.079 3.082 3.036 3.019 2.986 2.840 2.778 2.698 2.719 2.790 2.808 2.672 2.293 1.812 1.498 1.320 1.001 0.599 0.075 0.000 0.000 0.000 0.000 0.000 0.000 0.000
0.011 0.021 0.008 0.252 0.000 0.000 0.000 0.000 0.083 0.005 0.051 0.000 0.000 0.010 0.000 0.103 0.073 0.002 0.009 0.000 0.077 0.108 0.107 0.000 0.057 0.000 0.000 0.000 0.000 0.000 0.000 0.385 0.978 1.599 1.997 2.104 2.031 1.975 2.027 2.214 2.464 2.622 2.687 2.671 2.695 2.735 2.862 2.924 2.973 3.013 3.033 3.099 3.075 2.984 2.965 2.966 2.825 2.774 2.685 2.677 2.690 2.620 2.502 2.191 1.864 1.672 1.571 1.305 1.073 0.629 0.000 0.000 0.000 0.000 0.000 0.070 0.000
0.027 0.000 0.021 0.162 0.000 0.000 0.022 0.053 0.027 0.071 0.137 0.000 0.121 0.082 0.238 0.053 0.069 0.042 0.000 0.029 0.000 0.126 0.114 0.058 0.058 0.001 0.000 0.000 0.000 0.000 0.000 0.298 0.825 1.362 1.750 1.876 1.899 1.884 1.964 2.183 2.474 2.674 2.747 2.700 2.654 2.726 2.861 2.944 3.006 3.039 3.049 3.072 3.120 2.986 2.965 2.940 2.942 2.789 2.686 2.649 2.616 2.480 2.376 2.110 1.878 1.794 1.761 1.833 1.676 1.186 0.507 0.000 0.000 0.000 0.000 0.000 0.000
0.005 0.000 0.000 0.121 0.000 0.000 0.000 0.048 0.020 0.026 0.005 0.000 0.069 0.176 0.000 0.208 0.000 0.047 0.071 0.000 0.000 0.001 0.046 0.000 0.019 0.053 0.002 0.000 0.000 0.000 0.042 0.300 0.728 1.096 1.431 1.567 1.644 1.686 1.801 2.012 2.340 2.605 2.692 2.660 2.626 2.666 2.885 2.996 3.077 3.106 3.095 3.075 3.058 3.049 2.990 2.970 2.978 2.941 2.714 2.656 2.597 2.529 2.319 2.198 1.976 1.937 1.983 2.169 2.054 1.494 0.851 0.113 0.000 0.001 0.000 0.001 0.144
0.005 0.070 0.000 0.156 0.019 0.000 0.018 0.015 0.000 0.063 0.000 0.047 0.095 0.126 0.000 0.000 0.073 0.116 0.000 0.000 0.002 0.004 0.002 0.042 0.107 0.002 0.016 0.019 0.000 0.000 0.161 0.000 0.000 0.863 1.094 1.217 1.287 1.381 1.589 1.799 2.125 2.357 2.519 2.543 2.567 2.649 2.859 3.067 3.174 3.196 3.154 3.102 3.073 3.067 3.065 3.056 3.069 3.034 2.819 2.750 2.676 2.565 2.473 2.234 2.009 1.964 1.980 2.123 1.998 1.493 0.912 0.392 0.067 0.001 0.000 0.000 0.000
0.000 0.003 0.000 0.000 0.000 0.000 0.017 0.000 0.000 0.062 0.021 0.013 0.042 0.023 0.000 0.000 0.000 0.000 0.000 0.000 0.002 0.067 0.000 0.005 0.013 0.079 0.015 0.000 0.000 0.035 0.020 0.000 0.004 0.609 0.837 0.930 0.994 1.094 1.234 1.515 1.842 2.064 2.216 2.383 2.472 2.611 2.868 3.108 3.235 3.253 3.187 3.118 3.086 3.149 3.159 3.164 3.182 3.102 2.986 2.814 2.749 2.644 2.559 2.332 2.206 1.983 1.951 1.880 1.674 1.297 0.837 0.437 0.303 0.257 0.000 0.000 0.000
0.034 0.004 0.000 0.000 0.000 0.029 0.175 0.094 0.000 0.023 0.122 0.098 0.000 0.029 0.000 0.000 0.000 0.000 0.000 0.000 0.006 0.000 0.073 0.000 0.076 0.000 0.141 0.007 0.000 0.057 0.031 0.000 0.113 0.003 0.540 0.616 0.651 0.765 0.891 1.175 1.523 1.772 1.969 2.211 2.356 2.533 2.756 3.027 3.193 3.216 3.161 3.105 3.090 3.167 3.193 3.208 3.196 3.152 3.044 2.993 2.845 2.803 2.700 2.478 2.200 2.046 1.923 1.731 1.449 1.160 0.775 0.458 0.445 0.462 0.080 0.000 0.000
0.127 0.007 0.000 0.082 0.478 0.043 0.088 0.144 0.020 0.034 0.043 0.000 0.001 0.181 0.058 0.000 0.060 0.000 0.000 0.017 0.083 0.000 0.000 0.008 0.000 0.000 0.059 0.032 0.057 0.035 0.027 0.000 0.010 0.116 0.001 0.401 0.386 0.385 0.535 0.831 1.222 1.518 1.757 1.953 2.220 2.412 2.623 2.891 3.066 3.104 3.087 3.088 3.105 3.181 3.223 3.247 3.233 3.169 3.088 3.048 3.039 2.982 2.946 2.687 2.385 2.169 1.984 1.792 1.458 1.071 0.787 0.483 0.405 0.314 0.004 0.000 0.000
0.024 0.113 0.171 0.000 0.023 0.027 0.078 0.000 0.000 0.025 0.080 0.000 0.000 0.000 0.048 0.000 0.130 0.003 0.000 0.000 0.002 0.001 0.002 0.000 0.111 0.131 0.036 0.018 0.000 0.530 0.008 0.000 0.088 0.009 0.000 0.000 0.157 0.128 0.214 0.515 0.921 1.252 1.510 1.716 1.983 2.263 2.458 2.719 2.846 2.926 3.024 3.047 3.091 3.181 3.227 3.254 3.240 3.179 3.131 3.112 3.134 3.172 3.131 2.923 2.733 2.388 2.080 1.889 1.689 1.172 0.911 0.662 0.386 0.119 0.001 0.000 0.000
0.012 0.001 0.031 0.105 0.327 0.000 0.027 0.142 0.000 0.122 0.089 0.000 0.039 0.115 0.038 0.073 0.000 0.168 0.095 0.000 0.000 0.003 0.000 0.000 0.000 0.004 0.000 0.039 0.231 0.157 0.038 0.042 0.022 0.007 0.000 0.000 0.000 0.034 0.099 0.363 0.702 1.098 1.423 1.615 1.850 2.016 2.193 2.557 2.620 2.796 2.953 3.004 3.062 3.156 3.200 3.223 3.215 3.161 3.132 3.134 3.180 3.251 3.264 3.149 2.868 2.633 2.347 2.205 1.911 1.578 1.148 0.863 0.612 0.198 0.001 0.000 0.000
0.002 0.073 0.000 0.013 0.067 0.000 0.000 0.041 0.078 0.000 0.119 0.007 0.079 0.083 0.049 0.047 0.087 0.019 0.070 0.000 0.000 0.119 0.000 0.135 0.000 0.003 0.000 0.111 0.434 0.085 0.011 0.002 0.024 0.000 0.000 0.000 0.005 0.104 0.172 0.408 0.729 1.117 1.358 1.574 1.756 1.892 2.050 2.307 2.481 2.595 2.689 2.861 2.936 3.122 3.158 3.178 3.179 3.185 3.186 3.172 3.190 3.252 3.269 3.157 2.976 2.811 2.606 2.441 2.266 2.015 1.555 1.198 0.910 0.563 0.157 0.000 0.000
0.000 0.040 0.006 0.003 0.067 0.002 0.001 0.138 0.075 0.012 0.082 0.013 0.075 0.094 0.000 0.007 0.006 0.145 0.057 0.081 0.000 0.000 0.000 0.000 0.001 0.000 0.000 0.109 0.328 0.000 0.003 0.016 0.000 0.001 0.004 0.000 0.010 0.017 0.320 0.530 0.827 1.207 1.481 1.599 1.665 1.756 1.953 2.118 2.390 2.519 2.624 2.809 2.882 3.037 3.119 3.139 3.166 3.172 3.181 3.133 3.162 3.195 3.194 3.079 2.953 2.846 2.715 2.724 2.713 2.567 2.169 1.478 1.051 0.929 0.672 0.236 0.000
0.027 0.000 0.000 0.014 0.000 0.000 0.098 0.000 0.080 0.099 0.099 0.026 0.163 0.000 0.006 0.118 0.006 0.070 0.066 0.075 0.002 0.089 0.000 0.000 0.059 0.000 0.069 0.552 0.000 0.000 0.016 0.003 0.000 0.000 0.000 0.004 0.024 0.051 0.000 0.619 0.911 1.298 1.573 1.661 1.671 1.721 1.903 2.024 2.273 2.404 2.597 2.679 2.841 2.978 3.091 3.134 3.149 3.162 3.138 3.120 3.131 3.135 3.126 3.087 2.930 2.792 2.808 2.914 3.073 2.959 2.444 1.771 1.351 1.320 1.292 0.702 0.006
0.007 0.000 0.000 0.226 0.054 0.000 0.000 0.073 0.098 0.023 0.019 0.077 0.036 0.145 0.071 0.063 0.024 0.007 0.127 0.010 0.107 0.000 0.000 0.030 0.000 0.000 0.289 0.000 0.000 0.000 0.165 0.000 0.000 0.000 0.000 0.000 0.069 0.048 0.004 0.628 0.924 1.322 1.608 1.693 1.677 1.682 1.799 2.045 2.310 2.448 2.534 2.588 2.634 2.848 2.912 3.124 3.144 3.161 3.177 3.176 3.182 3.111 3.099 3.072 2.851 2.813 2.842 2.945 3.113 3.008 2.503 1.864 1.457 1.490 1.580 0.909 0.040
0.000 0.000 0.003 0.007 0.000 0.000 0.000 0.000 0.000 0.062 0.049 0.086 0.050 0.031 0.126 0.048 0.000 0.007 0.059 0.012 0.113 0.000 0.000 0.019 0.000 0.137 0.606 0.000 0.000 0.000 0.004 0.000 0.000 0.041 0.000 0.000 0.203 0.000 0.000 0.000 0.829 1.166 1.498 1.617 1.629 1.675 1.833 2.132 2.429 2.577 2.634 2.641 2.647 2.816 2.900 3.010 3.114 3.162 3.181 3.194 3.201 3.132 3.125 3.106 2.931 2.890 2.776 2.838 2.852 2.734 2.294 1.859 1.551 1.360 1.232 0.748 0.051
0.047 0.117 0.181 0.000 0.063 0.000 0.000 0.000 0.000 0.000 0.083 0.000 0.040 0.015 0.000 0.057 0.113 0.116 0.015 0.027 0.093 0.000 0.000 0.000 0.022 0.539 0.000 0.000 0.000 0.000 0.068 0.084 0.003 0.005 0.006 0.123 0.149 0.000 0.000 0.000 0.001 0.899 1.237 1.453 1.541 1.663 1.890 2.326 2.616 2.784 2.796 2.717 2.725 2.812 2.847 3.008 3.039 3.137 3.193 3.205 3.219 3.171 3.175 3.162 3.079 2.929 2.766 2.737 2.704 2.486 2.268 1.854 1.611 1.357 1.050 0.589 0.129
0.000 0.106 0.434 0.000 0.000 0.000 0.000 0.000 0.000 0.034 0.001 0.000 0.031 0.084 0.083 0.026 0.123 0.160 0.179 0.069 0.000 0.000 0.003 0.052 0.299 0.029 0.000 0.000 0.000 0.000 0.000 0.091 0.000 0.000 0.049 0.267 0.000 0.001 0.040 0.060 0.004 0.633 0.979 1.174 1.425 1.625 1.923 2.382 2.783 2.977 2.944 2.797 2.746 2.826 2.873 3.021 3.052 3.075 3.182 3.206 3.212 3.246 3.298 3.246 3.164 3.096 2.947 2.856 2.657 2.549 2.263 1.956 1.774 1.479 1.151 0.698 0.417
0.000 0.027 0.014 0.072 0.111 0.000 0.000 0.010 0.000 0.000 0.000 0.125 0.020 0.065 0.024 0.140 0.106 0.283 0.114 0.000 0.000 0.000 0.022 0.137 0.691 0.000 0.000 0.000 0.004 0.014 0.094 0.003 0.040 0.076 0.153 0.400 0.001 0.000 0.022 0.000 0.013 0.000 0.739 0.956 1.180 1.442 1.866 2.291 2.782 2.994 2.954 2.823 2.736 2.831 2.907 2.985 3.085 3.095 3.132 3.178 3.263 3.311 3.361 3.364 3.310 3.177 3.091 2.983 2.817 2.600 2.505 2.306 2.210 1.865 1.374 0.999 0.683
