includes/estuary_coast/floodfiles/results/res-0002.wdfp
ncols         730
nrows         472
xllcorner     380617.130607059982140
yllcorner     6542069.774948899634182
cellsize      20.000000000000000
NODATA_value  -9999.000000
[rows 170 to 203 of 472, columns 154 to 230 of 730]
5.391 5.535 5.708 5.790 5.818 5.822 5.816 5.784 5.749 5.740 5.723 5.591 5.423 5.357 5.431 5.119 4.558 3.860 3.313 2.719 2.523 2.377 1.523 0.723 0.002 0.000 0.000 0.000 0.000 0.000 0.000 0.000 0.000 0.000 0.000 0.000 0.000 0.000 0.000 0.000 0.000 0.000 0.000 0.000 0.000 0.000 0.000 0.000 0.000 0.000 0.000 0.000 0.000 0.000 0.000 0.000 0.000 0.000 0.000 0.000 0.000 0.000 0.000 0.000 0.000 0.000 0.000 0.000 0.000 0.000 0.000 0.000 0.000 0.000 0.000 0.000 0.000
5.283 5.466 5.767 5.948 5.978 5.917 5.882 5.924 5.913 5.859 5.863 5.799 5.654 5.443 5.415 5.185 4.732 4.394 4.022 3.150 2.595 2.262 1.726 1.230 0.000 0.000 0.000 0.000 0.000 0.000 0.000 0.000 0.000 0.000 0.000 0.000 0.000 0.000 0.000 0.000 0.000 0.000 0.000 0.000 0.000 0.000 0.000 0.000 0.000 0.000 0.000 0.000 0.000 0.000 0.000 0.000 0.000 0.000 0.000 0.000 0.000 0.000 0.000 0.000 0.000 0.000 0.000 0.000 0.000 0.000 0.000 0.000 0.000 0.000 0.000 0.000 0.000
5.068 5.397 5.723 6.018 6.047 5.956 5.955 6.037 6.019 5.952 5.946 5.957 5.785 5.554 5.342 5.164 4.789 4.794 4.475 3.711 3.091 2.521 1.959 1.806 1.222 0.000 0.000 0.000 0.000 0.000 0.000 0.000 0.000 0.000 0.000 0.000 0.000 0.000 0.000 0.000 0.000 0.000 0.000 0.000 0.000 0.000 0.000 0.000 0.000 0.000 0.000 0.000 0.000 0.000 0.000 0.000 0.000 0.000 0.000 0.000 0.000 0.000 0.000 0.000 0.000 0.000 0.000 0.000 0.000 0.000 0.000 0.000 0.000 0.000 0.000 0.000 0.000
4.708 5.139 5.588 5.836 5.934 5.947 6.023 6.138 6.103 6.001 5.961 5.937 5.823 5.647 5.398 5.195 4.889 4.802 4.605 4.083 3.646 3.053 2.177 1.902 1.499 0.747 0.000 0.000 0.000 0.000 0.000 0.000 0.000 0.000 0.000 0.000 0.000 0.000 0.000 0.000 0.000 0.000 0.000 0.000 0.000 0.000 0.000 0.000 0.000 0.000 0.000 0.000 0.000 0.000 0.000 0.000 0.000 0.000 0.000 0.000 0.000 0.000 0.000 0.000 0.000 0.000 0.000 0.000 0.000 0.000 0.000 0.000 0.000 0.000 0.000 0.000 0.000
4.485 4.805 5.278 5.600 5.751 5.857 5.999 6.101 6.108 6.028 5.993 6.003 5.947 5.809 5.611 5.437 5.037 4.876 4.568 4.245 4.165 3.708 2.861 2.060 1.579 1.095 0.000 0.000 0.000 0.000 0.000 0.000 0.000 0.000 0.000 0.000 0.000 0.000 0.000 0.000 0.000 0.000 0.000 0.000 0.000 0.000 0.000 0.000 0.000 0.000 0.000 0.000 0.000 0.000 0.000 0.000 0.000 0.000 0.000 0.000 0.000 0.000 0.000 0.000 0.000 0.000 0.000 0.000 0.000 0.000 0.000 0.000 0.000 0.000 0.000 0.000 0.000
4.339 4.651 5.068 5.374 5.529 5.762 5.865 5.954 6.084 6.124 6.116 6.146 6.117 6.147 6.018 5.769 5.360 5.085 4.734 4.328 4.282 3.949 3.282 2.749 1.735 1.205 1.117 0.000 0.000 0.000 0.000 0.000 0.000 0.000 0.000 0.000 0.000 0.000 0.000 0.000 0.000 0.000 0.000 0.000 0.000 0.000 0.000 0.000 0.000 0.000 0.000 0.000 0.000 0.000 0.000 0.000 0.000 0.000 0.000 0.000 0.000 0.000 0.000 0.000 0.000 0.000 0.000 0.000 0.000 0.000 0.000 0.000 0.000 0.000 0.000 0.000 0.000
4.341 4.676 4.976 5.317 5.426 5.561 5.771 5.885 6.057 6.241 6.320 6.270 6.238 6.346 6.300 5.956 5.627 5.441 5.090 4.665 4.279 3.959 3.736 3.388 2.437 1.536 1.155 0.776 0.000 0.000 0.000 0.000 0.000 0.000 0.000 0.000 0.000 0.000 0.000 0.000 0.000 0.000 0.000 0.000 0.000 0.000 0.000 0.000 0.000 0.000 0.000 0.000 0.000 0.000 0.000 0.000 0.000 0.000 0.000 0.000 0.000 0.000 0.000 0.000 0.000 0.000 0.000 0.000 0.000 0.000 0.000 0.000 0.000 0.000 0.000 0.000 0.000
4.362 4.805 5.212 5.283 5.318 5.549 5.625 5.734 6.119 6.432 6.529 6.378 6.309 6.333 6.283 5.978 5.681 5.613 5.384 4.953 4.650 4.081 4.025 4.078 3.223 2.244 1.448 0.885 0.000 0.000 0.000 0.000 0.000 0.000 0.000 0.000 0.000 0.000 0.000 0.000 0.000 0.000 0.000 0.000 0.000 0.000 0.000 0.000 0.000 0.000 0.000 0.000 0.000 0.000 0.000 0.000 0.000 0.000 0.000 0.000 0.000 0.000 0.000 0.000 0.000 0.000 0.000 0.000 0.000 0.000 0.000 0.000 0.000 0.000 0.000 0.000 0.000
4.242 4.789 5.294 5.309 5.279 5.541 5.620 5.683 6.111 6.501 6.592 6.437 6.332 6.294 6.207 5.999 5.779 5.682 5.559 5.329 5.093 4.561 4.154 4.015 3.391 2.959 2.319 1.402 0.946 0.000 0.000 0.000 0.000 0.000 0.000 0.000 0.000 0.000 0.000 0.000 0.000 0.000 0.000 0.000 0.000 0.000 0.000 0.000 0.000 0.000 0.000 0.000 0.000 0.000 0.000 0.000 0.000 0.000 0.000 0.000 0.000 0.000 0.000 0.000 0.000 0.000 0.000 0.000 0.000 0.000 0.000 0.000 0.000 0.000 0.000 0.000 0.000
3.617 4.304 4.781 4.970 5.042 5.411 5.546 5.691 5.948 6.275 6.378 6.356 6.402 6.375 6.278 6.145 6.005 5.847 5.721 5.713 5.556 5.020 4.406 3.979 3.682 3.564 3.318 2.196 1.722 0.868 0.000 0.000 0.000 0.000 0.000 0.000 0.000 0.000 0.000 0.000 0.000 0.000 0.000 0.000 0.000 0.000 0.000 0.000 0.000 0.000 0.000 0.000 0.000 0.000 0.000 0.000 0.000 0.000 0.000 0.000 0.000 0.000 0.000 0.000 0.000 0.000 0.000 0.000 0.000 0.000 0.000 0.000 0.000 0.000 0.000 0.000 0.000
2.833 3.423 4.022 4.328 4.677 4.900 5.256 5.458 5.786 6.080 6.228 6.349 6.485 6.489 6.451 6.448 6.303 6.106 5.901 5.914 5.792 5.278 4.878 4.449 3.830 3.620 3.380 2.817 2.639 1.820 0.997 0.000 0.000 0.000 0.000 0.000 0.000 0.000 0.000 0.000 0.000 0.000 0.000 0.000 0.000 0.000 0.000 0.000 0.000 0.000 0.000 0.000 0.000 0.000 0.000 0.000 0.000 0.000 0.000 0.000 0.000 0.000 0.000 0.000 0.000 0.000 0.000 0.000 0.000 0.000 0.000 0.000 0.000 0.000 0.000 0.000 0.000
2.010 2.498 3.210 3.659 4.078 4.442 4.838 5.323 5.561 5.845 6.102 6.492 6.628 6.625 6.651 6.775 6.680 6.382 6.064 5.932 5.796 5.558 5.381 4.907 4.218 3.693 3.400 2.940 2.834 2.371 1.599 1.271 0.000 0.000 0.000 0.000 0.000 0.000 0.000 0.000 0.000 0.000 0.000 0.000 0.000 0.000 0.000 0.000 0.000 0.000 0.000 0.000 0.000 0.000 0.000 0.000 0.000 0.000 0.000 0.000 0.000 0.000 0.000 0.000 0.000 0.000 0.000 0.000 0.000 0.000 0.000 0.000 0.000 0.000 0.000 0.000 0.000
0.501 1.861 2.686 3.373 3.668 3.992 4.589 5.233 5.626 5.759 6.090 6.624 6.897 6.731 6.721 6.926 6.856 6.520 6.279 6.049 5.929 5.782 5.849 5.490 4.841 4.173 3.667 3.288 2.974 2.511 1.970 2.003 1.002 0.000 0.000 0.000 0.000 0.000 0.000 0.000 0.000 0.000 0.000 0.000 0.000 0.000 0.000 0.000 0.000 0.000 0.000 0.000 0.000 0.000 0.000 0.000 0.000 0.000 0.000 0.000 0.000 0.000 0.000 0.000 0.000 0.000 0.000 0.000 0.000 0.000 0.000 0.000 0.000 0.000 0.000 0.000 0.000
0.115 0.493 2.570 3.270 3.491 3.604 4.381 5.259 5.738 5.661 5.966 6.472 6.735 6.608 6.637 6.727 6.703 6.556 6.483 6.286 6.099 5.882 5.886 5.750 5.404 5.013 4.540 3.947 3.614 3.095 2.313 1.805 1.358 0.879 0.000 0.000 0.000 0.000 0.000 0.000 0.000 0.000 0.000 0.000 0.000 0.000 0.000 0.000 0.000 0.000 0.000 0.000 0.000 0.000 0.000 0.000 0.000 0.000 0.000 0.000 0.000 0.000 0.000 0.000 0.000 0.000 0.000 0.000 0.000 0.000 0.000 0.000 0.000 0.000 0.000 0.000 0.000
0.000 0.086 0.455 3.067 3.436 3.546 4.068 4.764 5.266 5.376 5.639 6.061 6.271 6.354 6.480 6.540 6.576 6.636 6.690 6.593 6.278 5.984 5.866 5.757 5.624 5.641 5.194 4.509 4.508 4.134 3.083 2.351 1.965 1.786 1.290 0.249 0.000 0.000 0.000 0.000 0.000 0.000 0.000 0.000 0.000 0.000 0.000 0.000 0.000 0.000 0.000 0.000 0.000 0.000 0.000 0.000 0.000 0.000 0.000 0.000 0.000 0.000 0.000 0.000 0.000 0.000 0.000 0.000 0.000 0.000 0.000 0.000 0.000 0.000 0.000 0.000 0.000
0.002 0.197 0.054 0.457 2.970 3.142 3.530 3.988 4.570 4.824 5.169 5.408 5.629 5.978 6.076 6.280 6.445 6.684 6.841 6.711 6.407 6.283 6.055 5.838 5.670 5.718 5.424 4.904 4.615 4.365 3.881 3.523 2.514 1.924 1.648 0.865 0.446 0.000 0.000 0.000 0.000 0.000 0.000 0.000 0.000 0.000 0.000 0.000 0.000 0.000 0.000 0.000 0.000 0.000 0.000 0.000 0.000 0.000 0.000 0.000 0.000 0.000 0.000 0.000 0.000 0.000 0.000 0.000 0.000 0.000 0.000 0.000 0.000 0.000 0.000 0.000 0.000
0.000 0.000 0.004 0.038 0.469 2.567 2.718 3.104 3.803 4.348 4.886 5.075 5.268 5.624 5.897 6.074 6.204 6.494 6.679 6.658 6.591 6.477 6.284 6.029 5.851 5.652 5.383 5.086 4.694 4.383 4.251 4.335 3.353 2.450 1.935 1.549 1.451 0.873 0.000 0.000 0.000 0.000 0.000 0.000 0.000 0.000 0.000 0.000 0.000 0.000 0.000 0.000 0.000 0.000 0.000 0.000 0.000 0.000 0.000 0.000 0.000 0.000 0.000 0.000 0.000 0.000 0.000 0.000 0.000 0.000 0.000 0.000 0.000 0.000 0.000 0.000 0.000
0.000 0.000 0.000 0.010 0.067 0.444 1.866 2.292 3.247 4.280 4.846 4.889 5.133 5.674 5.952 5.981 6.046 6.318 6.444 6.507 6.698 6.804 6.657 6.352 6.167 5.950 5.638 5.419 5.190 4.651 4.365 4.167 3.778 3.271 2.787 2.268 2.161 1.567 0.590 0.230 0.000 0.000 0.000 0.000 0.000 0.000 0.000 0.000 0.000 0.000 0.000 0.000 0.000 0.000 0.000 0.000 0.000 0.000 0.000 0.000 0.000 0.000 0.000 0.000 0.000 0.000 0.000 0.000 0.000 0.000 0.000 0.000 0.000 0.000 0.000 0.000 0.000
0.000 0.000 0.000 0.000 0.000 0.043 0.353 1.787 2.824 4.059 4.790 4.811 5.014 5.625 5.994 5.869 5.961 6.070 6.254 6.446 6.777 7.059 6.879 6.618 6.543 6.418 6.227 5.994 5.837 5.319 4.816 4.544 4.267 4.323 3.905 2.784 2.252 1.833 1.428 1.065 0.384 0.000 0.000 0.000 0.000 0.000 0.000 0.000 0.000 0.000 0.000 0.000 0.000 0.000 0.000 0.000 0.000 0.000 0.000 0.000 0.000 0.000 0.000 0.000 0.000 0.000 0.000 0.000 0.000 0.000 0.000 0.000 0.000 0.000 0.000 0.000 0.000
0.000 0.000 0.000 0.000 0.000 0.011 0.035 0.377 2.561 3.452 4.027 4.361 4.673 5.114 5.479 5.556 5.912 6.092 6.105 6.237 6.651 6.892 6.811 6.745 6.841 6.683 6.412 6.409 6.342 5.824 5.486 5.163 4.733 4.560 4.403 3.511 2.957 2.457 2.429 2.370 1.518 0.527 0.297 0.000 0.000 0.000 0.000 0.000 0.000 0.000 0.000 0.000 0.000 0.000 0.000 0.000 0.000 0.000 0.000 0.000 0.000 0.000 0.000 0.000 0.000 0.000 0.000 0.000 0.000 0.000 0.000 0.000 0.000 0.000 0.000 0.000 0.000
0.000 0.000 0.000 0.000 0.000 0.000 0.000 0.001 0.353 2.470 3.061 3.337 3.879 4.297 4.850 5.284 5.713 6.106 6.022 6.073 6.374 6.547 6.624 6.776 6.988 6.836 6.501 6.406 6.348 5.976 5.838 5.791 5.123 4.632 4.425 4.067 3.798 3.365 3.074 3.196 2.318 1.732 1.181 0.638 0.258 0.000 0.000 0.000 0.000 0.000 0.000 0.000 0.000 0.000 0.000 0.000 0.000 0.000 0.000 0.000 0.000 0.000 0.000 0.000 0.000 0.000 0.000 0.000 0.000 0.000 0.000 0.000 0.000 0.000 0.000 0.000 0.000
0.000 0.000 0.000 0.000 0.000 0.000 0.000 0.000 0.004 0.351 2.165 2.399 2.625 3.202 3.854 4.473 5.123 5.542 5.588 5.616 5.871 6.180 6.364 6.609 6.754 6.686 6.520 6.379 6.265 6.065 5.896 5.874 5.522 5.194 4.855 4.797 4.820 4.222 3.456 3.061 2.627 2.459 2.331 1.903 1.260 0.888 0.000 0.000 0.000 0.000 0.000 0.000 0.000 0.000 0.000 0.000 0.000 0.000 0.000 0.000 0.000 0.000 0.000 0.000 0.000 0.000 0.000 0.000 0.000 0.000 0.000 0.000 0.000 0.000 0.000 0.000 0.000
0.000 0.015 0.062 0.000 0.000 0.000 0.000 0.000 0.000 0.015 0.218 1.846 1.892 2.425 3.297 3.860 4.295 4.891 5.151 5.260 5.548 5.761 6.101 6.327 6.449 6.600 6.522 6.439 6.355 6.182 6.074 5.960 5.815 5.662 5.292 5.143 5.282 4.791 4.078 3.478 2.959 2.711 2.671 2.300 2.271 2.019 1.191 0.895 0.465 0.000 0.000 0.000 0.000 0.000 0.000 0.000 0.000 0.000 0.000 0.000 0.000 0.000 0.000 0.000 0.000 0.000 0.000 0.000 0.000 0.000 0.000 0.000 0.000 0.000 0.000 0.000 0.000
0.000 0.000 0.000 0.000 0.000 0.055 0.000 0.000 0.000 0.000 0.047 0.181 1.509 2.151 3.076 3.336 3.651 4.360 4.837 5.055 5.173 5.665 6.021 6.191 6.349 6.534 6.715 6.599 6.392 6.331 6.247 6.129 6.152 6.098 5.791 5.314 5.155 4.850 4.548 4.177 3.652 3.010 2.789 2.574 2.458 2.321 2.046 2.042 1.817 1.198 0.600 0.260 0.000 0.000 0.000 0.000 0.000 0.000 0.000 0.000 0.000 0.000 0.000 0.000 0.000 0.000 0.000 0.000 0.000 0.000 0.000 0.000 0.000 0.000 0.000 0.000 0.000
0.000 0.000 0.000 0.000 0.000 0.000 0.000 0.000 0.000 0.000 0.000 0.015 0.165 0.422 3.026 3.272 3.363 3.974 4.746 5.022 5.080 5.683 6.256 6.201 6.355 6.816 7.013 6.682 6.497 6.457 6.406 6.288 6.331 6.382 6.019 5.674 5.446 5.271 5.280 5.318 4.666 3.743 3.317 3.018 2.809 2.614 2.371 2.437 2.293 2.096 2.093 1.378 0.722 0.470 0.585 0.793 0.522 0.000 0.000 0.000 0.000 0.000 0.000 0.000 0.000 0.000 0.000 0.000 0.000 0.000 0.000 0.000 0.000 0.000 0.000 0.000 0.000
0.000 0.000 0.000 0.000 0.000 0.000 0.000 0.000 0.000 0.000 0.000 0.000 0.002 0.092 0.323 2.989 3.053 3.457 4.215 4.576 4.755 5.394 5.926 6.009 6.194 6.939 7.213 6.717 6.491 6.465 6.420 6.382 6.357 6.341 6.172 6.045 5.807 5.603 5.685 5.797 5.231 4.744 4.068 3.737 3.497 3.417 3.143 2.771 2.575 2.577 2.845 2.264 1.717 1.406 1.236 1.337 1.079 1.211 1.098 0.393 0.313 0.127 0.000 0.000 0.000 0.000 0.000 0.000 0.000 0.000 0.000 0.000 0.000 0.000 0.000 0.000 0.000
0.000 0.000 0.000 0.000 0.000 0.000 0.000 0.000 0.000 0.000 0.000 0.000 0.000 0.000 0.020 0.352 2.469 2.563 3.088 3.473 4.068 4.568 5.143 5.355 5.824 6.394 6.606 6.468 6.382 6.451 6.435 6.458 6.424 6.379 6.269 6.267 6.121 5.870 5.668 5.584 5.309 4.994 4.892 4.485 4.285 4.293 3.889 3.447 3.220 2.932 2.837 2.725 2.638 2.624 2.032 1.665 1.475 1.320 1.337 1.440 1.814 1.355 0.959 0.641 0.317 0.241 0.005 0.000 0.000 0.071 0.414 0.265 0.238 0.137 0.153 0.197 0.140
0.000 0.000 0.000 0.000 0.000 0.000 0.000 0.000 0.000 0.000 0.000 0.000 0.000 0.000 0.000 0.049 0.151 1.699 2.087 2.651 2.873 3.303 3.937 4.309 4.845 5.375 5.932 5.997 6.192 6.300 6.413 6.531 6.564 6.459 6.399 6.462 6.358 6.035 5.814 5.505 5.264 5.099 5.092 4.824 4.536 4.483 4.282 4.167 4.033 3.610 3.412 3.069 2.927 2.882 2.596 2.480 2.315 2.323 2.371 2.209 2.102 1.872 1.833 1.969 1.532 1.515 1.174 0.737 0.793 0.870 0.930 1.106 1.795 1.174 1.542 0.938 1.040
0.000 0.000 0.000 0.000 0.000 0.000 0.000 0.000 0.000 0.000 0.000 0.000 0.000 0.000 0.000 0.000 0.000 0.049 0.466 2.139 2.167 2.330 3.086 3.681 3.974 4.415 4.972 5.306 5.661 6.051 6.498 6.959 6.898 6.588 6.356 6.422 6.330 6.109 6.007 5.709 5.453 5.185 5.103 4.964 4.779 4.588 4.569 4.667 4.602 4.419 4.254 3.967 3.283 3.176 3.294 3.437 3.466 3.155 3.422 3.123 2.630 2.448 2.160 2.110 1.974 1.723 1.775 2.036 2.258 1.920 1.588 1.636 1.750 1.673 1.652 1.769 1.669
0.000 0.000 0.000 0.000 0.000 0.000 0.000 0.000 0.000 0.000 0.000 0.000 0.000 0.000 0.000 0.000 0.000 0.000 0.100 0.391 1.924 2.005 2.737 3.428 3.544 3.913 4.719 5.197 5.440 5.812 6.564 7.371 7.141 6.506 6.342 6.274 6.293 6.234 6.188 6.061 5.762 5.544 5.397 5.166 5.048 4.918 4.764 4.744 4.698 4.745 5.037 4.651 4.214 3.890 3.744 3.705 3.686 3.561 3.706 3.558 3.243 3.302 2.951 2.613 2.529 2.540 2.516 2.622 2.709 2.688 3.230 3.126 2.550 2.523 2.528 2.606 2.586
0.000 0.000 0.000 0.000 0.000 0.000 0.000 0.000 0.000 0.000 0.000 0.000 0.000 0.000 0.000 0.000 0.000 0.000 0.000 0.000 0.219 2.110 2.566 3.284 3.482 3.710 4.549 5.297 5.352 5.465 6.172 6.817 6.692 6.328 6.152 6.094 6.108 6.281 6.333 6.229 6.077 5.998 5.834 5.734 5.537 5.355 5.161 4.957 4.926 4.974 5.127 4.939 4.706 4.644 4.349 4.003 3.922 3.898 3.949 3.933 4.046 4.216 3.832 3.917 3.746 3.595 3.801 3.572 3.326 3.277 3.471 3.473 3.147 3.215 3.055 3.004 3.071
0.000 0.000 0.000 0.000 0.000 0.000 0.000 0.000 0.000 0.000 0.000 0.000 0.000 0.000 0.000 0.000 0.000 0.000 0.000 0.000 0.000 0.168 2.134 2.681 3.153 3.524 4.220 4.797 4.920 4.951 5.466 5.789 5.915 6.090 6.076 6.005 6.011 6.220 6.338 6.272 6.320 6.422 6.195 5.896 5.772 5.681 5.519 5.351 5.322 5.181 5.134 4.992 4.895 4.842 4.711 4.552 4.380 4.479 4.521 4.490 4.367 4.339 4.356 4.675 4.746 4.218 4.126 4.033 4.027 4.062 3.939 3.671 3.518 3.423 3.425 3.426 3.541
0.000 0.000 0.000 0.000 0.000 0.000 0.000 0.000 0.000 0.000 0.000 0.000 0.000 0.000 0.000 0.000 0.000 0.000 0.000 0.000 0.000 0.000 0.015 1.818 2.331 2.801 3.217 3.905 4.073 4.032 4.356 4.892 5.318 6.036 6.210 5.855 5.699 5.995 6.120 6.221 6.503 6.825 6.459 5.988 5.783 5.776 5.732 5.765 5.687 5.606 5.432 5.316 5.153 5.042 5.183 5.244 5.257 5.192 5.336 5.124 4.790 4.651 4.618 4.772 4.780 4.550 4.434 4.442 4.900 5.033 4.598 4.443 4.279 4.210 4.095 4.148 4.254
0.000 0.000 0.000 0.000 0.000 0.000 0.000 0.000 0.000 0.000 0.000 0.000 0.000 0.000 0.000 0.000 0.000 0.000 0.000 0.000 0.000 0.000 0.000 0.000 1.505 1.723 2.070 2.637 3.027 3.393 3.535 3.995 4.635 5.511 5.856 5.454 5.228 5.425 5.613 5.992 6.342 6.527 6.283 6.080 5.909 5.844 5.837 5.842 5.848 5.901 5.963 5.839 5.629 5.534 5.593 5.775 5.726 5.544 5.509 5.359 5.200 5.144 5.018 4.889 4.923 4.929 5.004 4.975 5.092 5.112 4.973 5.241 5.012 4.786 4.847 4.699 4.666
