includes/estuary_coast/floodfiles/results/res-0008.wd
ncols         730
nrows         472
xllcorner     380617.130607
yllcorner     6542069.774949
cellsize      20.000000
NODATA_value  -9999.000000
[rows 102 to 135 of 472, columns 77 to 153 of 730]
0.000 0.000 0.011 0.029 0.004 0.002 0.000 0.034 0.143 0.308 0.404 0.455 0.561 0.671 0.761 0.899 0.947 1.055 1.240 1.462 1.715 1.961 2.053 2.110 2.117 2.169 2.333 2.449 2.561 2.628 2.642 2.654 2.686 2.765 2.921 3.003 3.085 3.099 3.062 3.001 2.963 2.926 2.982 3.041 3.100 3.100 3.008 2.808 2.650 2.492 2.444 2.464 2.479 2.350 2.069 1.640 1.273 0.971 0.733 0.423 0.141 0.003 0.001 0.000 0.000 0.000 0.000 0.000 0.000 0.002 0.006 0.000 0.000 0.001 0.002 0.000 0.003
0.000 0.024 0.019 0.000 0.043 0.000 0.001 0.006 0.051 0.117 0.184 0.277 0.428 0.570 0.735 0.888 0.926 0.944 1.055 1.285 1.492 1.722 1.824 1.864 1.884 2.029 2.179 2.212 2.380 2.443 2.482 2.490 2.539 2.652 2.737 2.879 2.939 2.982 2.962 2.941 2.929 2.941 2.974 3.027 3.067 3.066 2.977 2.848 2.665 2.584 2.528 2.611 2.692 2.630 2.352 1.904 1.515 1.198 0.849 0.570 0.442 0.169 0.001 0.000 0.000 0.000 0.000 0.000 0.000 0.058 0.002 0.070 0.000 0.000 0.002 0.002 0.001
0.007 0.049 0.008 0.029 0.005 0.090 0.003 0.000 0.013 0.012 0.016 0.078 0.268 0.474 0.696 0.888 0.937 0.923 0.977 1.081 1.294 1.434 1.593 1.653 1.711 1.763 1.853 2.020 2.066 2.151 2.215 2.356 2.371 2.438 2.605 2.684 2.818 2.856 2.874 2.880 2.889 2.938 2.986 2.964 2.974 2.967 2.904 2.810 2.722 2.601 2.565 2.668 2.768 2.713 2.440 2.053 1.577 1.244 1.017 0.732 0.675 0.462 0.131 0.000 0.000 0.000 0.000 0.000 0.039 0.000 0.067 0.027 0.000 0.000 0.000 0.000 0.000
0.003 0.003 0.006 0.134 0.000 0.012 0.011 0.007 0.008 0.012 0.005 0.005 0.100 0.336 0.583 0.808 0.880 0.871 0.861 0.957 1.045 1.208 1.293 1.356 1.407 1.490 1.657 1.719 1.819 1.998 2.084 2.155 2.250 2.312 2.474 2.554 2.699 2.764 2.802 2.794 2.817 2.843 2.910 2.937 2.884 2.873 2.831 2.769 2.708 2.673 2.609 2.621 2.682 2.607 2.368 2.023 1.570 1.252 1.036 0.866 0.884 0.738 0.376 0.001 0.000 0.000 0.000 0.000 0.000 0.002 0.000 0.093 0.001 0.001 0.000 0.050 0.000
0.004 0.001 0.005 0.006 0.000 0.019 0.000 0.076 0.068 0.000 0.002 0.003 0.005 0.178 0.408 0.634 0.721 0.736 0.730 0.814 0.846 0.915 0.985 1.068 1.159 1.226 1.346 1.442 1.658 1.876 1.992 2.080 2.140 2.223 2.292 2.447 2.504 2.699 2.752 2.762 2.790 2.856 2.874 2.893 2.858 2.811 2.783 2.743 2.700 2.672 2.651 2.531 2.492 2.415 2.223 1.947 1.545 1.257 0.991 0.916 0.960 0.874 0.509 0.045 0.000 0.000 0.000 0.000 0.000 0.001 0.060 0.002 0.000 0.000 0.000 0.000 0.061
0.148 0.002 0.007 0.015 0.084 0.048 0.008 0.005 0.021 0.016 0.002 0.006 0.005 0.020 0.157 0.359 0.442 0.465 0.535 0.513 0.555 0.623 0.709 0.908 0.997 1.088 1.192 1.293 1.443 1.693 1.872 2.011 2.134 2.154 2.201 2.345 2.449 2.559 2.641 2.699 2.793 2.810 2.851 2.863 2.823 2.822 2.764 2.738 2.714 2.687 2.654 2.534 2.355 2.265 2.108 1.892 1.539 1.289 1.025 0.942 0.904 0.779 0.493 0.117 0.000 0.001 0.001 0.001 0.003 0.002 0.004 0.005 0.089 0.006 0.003 0.026 0.000
0.000 0.031 0.011 0.009 0.007 0.000 0.000 0.078 0.022 0.000 0.014 0.004 0.006 0.014 0.039 0.089 0.134 0.144 0.205 0.276 0.250 0.343 0.488 0.731 0.916 1.030 1.075 1.165 1.332 1.563 1.861 2.050 2.143 2.147 2.169 2.245 2.422 2.558 2.669 2.744 2.814 2.816 2.840 2.842 2.852 2.820 2.819 2.765 2.739 2.710 2.669 2.547 2.390 2.302 2.067 1.892 1.576 1.268 1.088 0.966 0.827 0.710 0.484 0.122 0.001 0.001 0.000 0.001 0.000 0.002 0.002 0.000 0.000 0.004 0.064 0.003 0.020
0.000 0.119 0.049 0.043 0.000 0.001 0.050 0.015 0.006 0.052 0.034 0.000 0.000 0.019 0.035 0.031 0.031 0.008 0.014 0.011 0.013 0.107 0.313 0.610 0.836 1.002 1.021 1.078 1.238 1.487 1.818 2.049 2.144 2.145 2.153 2.224 2.355 2.574 2.720 2.820 2.841 2.840 2.815 2.836 2.815 2.827 2.838 2.839 2.839 2.752 2.703 2.568 2.506 2.314 2.209 1.970 1.680 1.460 1.192 1.014 0.891 0.639 0.455 0.185 0.008 0.001 0.002 0.002 0.002 0.006 0.002 0.003 0.005 0.004 0.003 0.032 0.062
0.000 0.177 0.060 0.001 0.000 0.004 0.068 0.007 0.013 0.007 0.039 0.000 0.019 0.011 0.038 0.019 0.016 0.009 0.009 0.005 0.002 0.002 0.098 0.484 0.795 0.987 1.016 1.045 1.173 1.396 1.703 1.944 2.054 2.105 2.127 2.203 2.290 2.538 2.748 2.863 2.880 2.827 2.773 2.758 2.822 2.849 2.880 2.892 2.876 2.809 2.740 2.620 2.559 2.378 2.307 2.197 1.944 1.614 1.426 1.131 0.922 0.751 0.434 0.225 0.020 0.002 0.002 0.002 0.000 0.001 0.097 0.000 0.000 0.004 0.000 0.000 0.087
0.000 0.132 0.005 0.000 0.001 0.002 0.017 0.009 0.014 0.019 0.000 0.056 0.043 0.036 0.023 0.000 0.006 0.009 0.011 0.008 0.000 0.000 0.000 0.299 0.650 0.890 0.953 1.019 1.119 1.294 1.560 1.776 1.894 1.966 2.014 2.099 2.249 2.489 2.669 2.815 2.840 2.796 2.752 2.724 2.787 2.880 2.932 2.958 2.938 2.891 2.772 2.666 2.614 2.541 2.491 2.353 2.196 1.981 1.659 1.356 1.046 0.855 0.494 0.268 0.063 0.002 0.003 0.002 0.001 0.000 0.000 0.000 0.000 0.004 0.000 0.000 0.014
0.013 0.092 0.005 0.003 0.000 0.027 0.000 0.000 0.025 0.003 0.071 0.011 0.015 0.028 0.146 0.061 0.000 0.003 0.007 0.013 0.000 0.000 0.000 0.110 0.441 0.704 0.809 0.866 0.942 1.205 1.373 1.600 1.723 1.831 1.914 2.018 2.159 2.388 2.541 2.652 2.730 2.719 2.680 2.695 2.758 2.899 2.971 3.008 2.980 2.909 2.798 2.733 2.645 2.641 2.632 2.555 2.424 2.155 1.827 1.627 1.323 1.122 0.760 0.381 0.131 0.006 0.007 0.015 0.002 0.001 0.000 0.002 0.032 0.028 0.000 0.059 0.000
0.008 0.007 0.005 0.041 0.000 0.218 0.000 0.039 0.192 0.000 0.003 0.060 0.011 0.044 0.024 0.089 0.010 0.000 0.049 0.000 0.000 0.000 0.000 0.002 0.253 0.505 0.627 0.711 0.796 1.044 1.187 1.346 1.492 1.603 1.705 1.818 1.949 2.172 2.378 2.479 2.534 2.590 2.608 2.650 2.728 2.875 2.960 2.998 2.972 2.904 2.800 2.750 2.701 2.742 2.798 2.724 2.575 2.303 1.980 1.792 1.634 1.457 1.095 0.570 0.214 0.014 0.005 0.003 0.003 0.002 0.000 0.002 0.000 0.000 0.000 0.000 0.000
0.006 0.242 0.001 0.005 0.063 0.000 0.000 0.096 0.023 0.039 0.007 0.002 0.018 0.027 0.157 0.026 0.063 0.014 0.114 0.025 0.000 0.000 0.000 0.000 0.024 0.232 0.438 0.524 0.646 0.691 0.928 1.083 1.229 1.369 1.494 1.707 1.909 2.029 2.227 2.323 2.393 2.483 2.528 2.587 2.739 2.819 2.884 2.931 2.915 2.869 2.783 2.754 2.781 2.828 2.870 2.828 2.670 2.398 2.203 2.072 1.858 1.736 1.408 1.014 0.537 0.136 0.006 0.002 0.001 0.001 0.001 0.000 0.000 0.001 0.006 0.000 0.000
0.077 0.066 0.028 0.149 0.257 0.000 0.000 0.001 0.075 0.004 0.005 0.067 0.049 0.110 0.167 0.201 0.041 0.025 0.039 0.090 0.008 0.007 0.001 0.000 0.000 0.000 0.147 0.133 0.267 0.377 0.514 0.804 1.099 1.280 1.426 1.538 1.709 1.906 2.010 2.197 2.279 2.387 2.447 2.466 2.627 2.702 2.789 2.805 2.804 2.781 2.759 2.767 2.782 2.825 2.859 2.831 2.672 2.425 2.270 2.203 2.112 2.074 1.759 1.376 0.944 0.463 0.089 0.002 0.000 0.000 0.001 0.000 0.001 0.000 0.000 0.076 0.000
0.000 0.020 0.048 0.142 0.002 0.000 0.000 0.002 0.019 0.001 0.013 0.022 0.014 0.000 0.021 0.026 0.035 0.038 0.012 0.044 0.092 0.000 0.000 0.000 0.000 0.000 0.000 0.002 0.005 0.126 0.302 0.550 0.917 1.179 1.439 1.538 1.660 1.726 1.866 2.060 2.152 2.277 2.331 2.393 2.547 2.612 2.678 2.718 2.737 2.766 2.761 2.755 2.764 2.771 2.788 2.758 2.610 2.478 2.311 2.311 2.351 2.386 2.157 1.715 1.232 0.704 0.396 0.021 0.000 0.001 0.001 0.002 0.001 0.003 0.055 0.006 0.005
0.023 0.044 0.000 0.000 0.125 0.000 0.000 0.004 0.026 0.047 0.020 0.154 0.004 0.097 0.029 0.016 0.018 0.002 0.101 0.000 0.071 0.040 0.008 0.000 0.000 0.000 0.000 0.000 0.000 0.000 0.057 0.387 0.790 1.239 1.506 1.634 1.649 1.662 1.728 1.910 2.067 2.160 2.295 2.345 2.477 2.536 2.601 2.646 2.678 2.699 2.734 2.773 2.715 2.721 2.716 2.684 2.540 2.452 2.331 2.369 2.473 2.554 2.378 1.900 1.410 1.018 0.605 0.333 0.001 0.000 0.000 0.000 0.000 0.000 0.000 0.001 0.001
0.026 0.000 0.009 0.000 0.002 0.000 0.005 0.007 0.008 0.000 0.075 0.011 0.008 0.024 0.009 0.035 0.000 0.002 0.012 0.000 0.000 0.022 0.225 0.011 0.000 0.000 0.000 0.000 0.000 0.000 0.000 0.198 0.731 1.300 1.653 1.753 1.691 1.649 1.699 1.893 2.073 2.187 2.252 2.329 2.361 2.481 2.548 2.601 2.642 2.666 2.689 2.731 2.734 2.690 2.673 2.641 2.496 2.435 2.356 2.377 2.449 2.468 2.331 1.953 1.474 1.162 0.986 0.668 0.268 0.000 0.000 0.000 0.000 0.000 0.000 0.000 0.000
0.016 0.027 0.011 0.256 0.000 0.000 0.000 0.000 0.087 0.009 0.059 0.000 0.000 0.015 0.000 0.108 0.078 0.004 0.015 0.000 0.083 0.114 0.113 0.000 0.064 0.000 0.000 0.000 0.000 0.000 0.000 0.032 0.615 1.236 1.634 1.741 1.669 1.613 1.667 1.856 2.107 2.266 2.332 2.317 2.342 2.384 2.512 2.575 2.625 2.665 2.686 2.753 2.730 2.640 2.621 2.623 2.483 2.432 2.345 2.337 2.350 2.281 2.164 1.854 1.528 1.338 1.238 0.974 0.743 0.299 0.000 0.000 0.000 0.000 0.000 0.070 0.000
0.032 0.000 0.025 0.166 0.000 0.000 0.028 0.060 0.033 0.080 0.146 0.001 0.129 0.089 0.244 0.059 0.074 0.047 0.000 0.030 0.000 0.133 0.120 0.066 0.066 0.005 0.000 0.000 0.000 0.000 0.000 0.020 0.463 0.999 1.387 1.513 1.537 1.524 1.605 1.826 2.118 2.320 2.394 2.348 2.304 2.377 2.513 2.597 2.660 2.694 2.705 2.729 2.778 2.644 2.624 2.599 2.602 2.450 2.348 2.311 2.278 2.143 2.040 1.775 1.544 1.462 1.430 1.503 1.347 0.856 0.178 0.000 0.000 0.000 0.000 0.000 0.000
0.008 0.000 0.000 0.125 0.000 0.000 0.000 0.055 0.025 0.031 0.009 0.000 0.077 0.184 0.000 0.213 0.000 0.051 0.076 0.000 0.000 0.002 0.053 0.000 0.027 0.061 0.006 0.000 0.000 0.000 0.036 0.043 0.366 0.734 1.069 1.205 1.283 1.326 1.443 1.657 1.986 2.252 2.341 2.310 2.278 2.319 2.539 2.652 2.734 2.764 2.754 2.734 2.718 2.709 2.651 2.632 2.641 2.604 2.378 2.321 2.262 2.194 1.986 1.865 1.644 1.607 1.653 1.839 1.725 1.165 0.522 0.000 0.000 0.000 0.000 0.002 0.145
0.007 0.073 0.000 0.160 0.023 0.000 0.023 0.020 0.000 0.070 0.000 0.055 0.103 0.134 0.000 0.000 0.078 0.121 0.000 0.000 0.003 0.006 0.002 0.051 0.116 0.004 0.022 0.024 0.000 0.000 0.166 0.000 0.000 0.502 0.733 0.855 0.926 1.022 1.232 1.445 1.773 2.006 2.169 2.195 2.221 2.304 2.516 2.725 2.833 2.856 2.814 2.763 2.735 2.730 2.729 2.720 2.734 2.700 2.486 2.418 2.344 2.233 2.142 1.904 1.680 1.635 1.652 1.794 1.669 1.165 0.583 0.069 0.000 0.000 0.001 0.000 0.000
0.000 0.004 0.000 0.000 0.000 0.000 0.022 0.000 0.000 0.070 0.025 0.016 0.050 0.028 0.000 0.000 0.000 0.000 0.000 0.000 0.003 0.069 0.000 0.009 0.018 0.085 0.021 0.000 0.000 0.041 0.025 0.000 0.005 0.248 0.476 0.569 0.634 0.735 0.878 1.162 1.491 1.715 1.869 2.037 2.128 2.269 2.527 2.768 2.896 2.914 2.849 2.781 2.750 2.814 2.825 2.831 2.850 2.770 2.656 2.483 2.420 2.315 2.231 2.004 1.879 1.656 1.624 1.553 1.347 0.969 0.509 0.114 0.010 0.004 0.000 0.000 0.000
0.042 0.007 0.001 0.000 0.000 0.035 0.181 0.100 0.000 0.028 0.127 0.103 0.000 0.034 0.000 0.000 0.000 0.000 0.000 0.000 0.008 0.000 0.073 0.000 0.081 0.000 0.150 0.015 0.000 0.064 0.039 0.000 0.117 0.004 0.180 0.256 0.291 0.407 0.537 0.825 1.175 1.426 1.625 1.867 2.015 2.193 2.417 2.689 2.856 2.879 2.825 2.770 2.756 2.834 2.861 2.877 2.866 2.823 2.715 2.665 2.518 2.477 2.374 2.153 1.875 1.721 1.599 1.406 1.124 0.835 0.450 0.138 0.128 0.145 0.001 0.000 0.000
0.135 0.011 0.000 0.088 0.484 0.049 0.094 0.150 0.027 0.040 0.049 0.000 0.002 0.187 0.065 0.000 0.061 0.000 0.000 0.019 0.085 0.000 0.000 0.009 0.000 0.001 0.068 0.041 0.065 0.043 0.035 0.003 0.013 0.120 0.002 0.049 0.036 0.036 0.185 0.483 0.877 1.175 1.416 1.613 1.881 2.074 2.287 2.555 2.731 2.769 2.754 2.755 2.774 2.850 2.894 2.918 2.905 2.842 2.761 2.722 2.714 2.657 2.623 2.364 2.062 1.847 1.662 1.470 1.137 0.750 0.466 0.165 0.089 0.014 0.000 0.000 0.000
0.029 0.119 0.176 0.000 0.029 0.034 0.085 0.002 0.000 0.032 0.087 0.000 0.000 0.000 0.055 0.000 0.132 0.005 0.000 0.000 0.003 0.001 0.003 0.001 0.120 0.140 0.045 0.026 0.000 0.538 0.016 0.000 0.093 0.013 0.000 0.000 0.001 0.000 0.001 0.172 0.582 0.914 1.173 1.380 1.648 1.927 2.124 2.386 2.513 2.594 2.692 2.717 2.761 2.852 2.900 2.927 2.914 2.854 2.806 2.789 2.811 2.850 2.809 2.602 2.413 2.068 1.761 1.571 1.371 0.854 0.595 0.348 0.074 0.000 0.000 0.000 0.000
0.016 0.001 0.037 0.113 0.334 0.000 0.035 0.151 0.004 0.130 0.097 0.001 0.046 0.122 0.045 0.081 0.000 0.174 0.101 0.000 0.000 0.004 0.000 0.000 0.000 0.009 0.001 0.048 0.241 0.167 0.047 0.049 0.028 0.011 0.000 0.000 0.000 0.000 0.000 0.037 0.369 0.766 1.091 1.283 1.518 1.685 1.861 2.226 2.290 2.467 2.624 2.676 2.735 2.830 2.874 2.898 2.890 2.838 2.809 2.812 2.860 2.931 2.945 2.831 2.550 2.316 2.030 1.889 1.596 1.265 0.836 0.552 0.303 0.001 0.000 0.000 0.000
0.003 0.074 0.000 0.020 0.075 0.000 0.000 0.050 0.087 0.000 0.128 0.013 0.086 0.089 0.056 0.055 0.095 0.025 0.076 0.000 0.000 0.120 0.000 0.135 0.001 0.007 0.000 0.121 0.444 0.095 0.020 0.002 0.030 0.000 0.000 0.000 0.006 0.049 0.029 0.088 0.401 0.789 1.029 1.246 1.427 1.564 1.722 1.979 2.153 2.268 2.363 2.535 2.612 2.798 2.835 2.855 2.857 2.864 2.865 2.852 2.871 2.934 2.951 2.840 2.660 2.496 2.292 2.128 1.954 1.704 1.244 0.888 0.602 0.256 0.000 0.000 0.000
0.000 0.041 0.007 0.004 0.075 0.003 0.002 0.147 0.083 0.021 0.091 0.019 0.082 0.101 0.000 0.012 0.011 0.151 0.063 0.087 0.000 0.000 0.000 0.000 0.002 0.000 0.000 0.120 0.337 0.000 0.005 0.018 0.000 0.001 0.005 0.000 0.014 0.020 0.067 0.209 0.502 0.881 1.156 1.274 1.340 1.430 1.627 1.793 2.065 2.195 2.300 2.486 2.559 2.715 2.798 2.819 2.846 2.853 2.862 2.815 2.845 2.879 2.878 2.764 2.639 2.533 2.402 2.413 2.403 2.257 1.860 1.170 0.743 0.622 0.366 0.003 0.000
0.030 0.000 0.000 0.017 0.002 0.001 0.099 0.000 0.089 0.109 0.109 0.032 0.170 0.000 0.013 0.125 0.011 0.076 0.072 0.081 0.005 0.092 0.000 0.000 0.060 0.000 0.083 0.564 0.000 0.000 0.019 0.005 0.000 0.000 0.000 0.012 0.030 0.059 0.001 0.297 0.589 0.975 1.250 1.338 1.348 1.398 1.581 1.702 1.951 2.083 2.276 2.358 2.521 2.658 2.772 2.815 2.832 2.845 2.821 2.804 2.816 2.821 2.812 2.773 2.617 2.480 2.497 2.604 2.763 2.650 2.135 1.463 1.044 1.014 0.986 0.396 0.000
0.009 0.001 0.000 0.229 0.058 0.000 0.000 0.082 0.107 0.030 0.025 0.083 0.043 0.152 0.078 0.070 0.031 0.013 0.133 0.016 0.113 0.000 0.000 0.031 0.000 0.002 0.305 0.001 0.000 0.000 0.168 0.000 0.000 0.000 0.000 0.006 0.080 0.055 0.006 0.306 0.602 1.000 1.286 1.371 1.356 1.361 1.478 1.726 1.991 2.129 2.215 2.269 2.316 2.530 2.595 2.808 2.828 2.846 2.863 2.863 2.869 2.798 2.787 2.761 2.540 2.504 2.532 2.637 2.804 2.700 2.195 1.557 1.151 1.185 1.274 0.603 0.000
0.000 0.002 0.006 0.012 0.000 0.000 0.000 0.000 0.000 0.068 0.055 0.092 0.057 0.037 0.133 0.054 0.000 0.012 0.065 0.019 0.119 0.000 0.000 0.020 0.000 0.154 0.622 0.000 0.000 0.000 0.005 0.000 0.000 0.046 0.000 0.006 0.217 0.001 0.000 0.000 0.507 0.844 1.177 1.296 1.309 1.356 1.515 1.814 2.112 2.260 2.318 2.325 2.331 2.501 2.585 2.696 2.801 2.849 2.869 2.882 2.889 2.822 2.815 2.796 2.622 2.582 2.468 2.530 2.545 2.427 1.987 1.553 1.246 1.055 0.927 0.443 0.000
0.053 0.122 0.186 0.000 0.063 0.000 0.000 0.000 0.000 0.000 0.089 0.000 0.047 0.021 0.000 0.063 0.119 0.123 0.021 0.034 0.099 0.000 0.000 0.000 0.029 0.556 0.000 0.000 0.000 0.000 0.071 0.087 0.006 0.010 0.019 0.141 0.165 0.000 0.000 0.000 0.001 0.579 0.917 1.134 1.222 1.345 1.574 2.011 2.301 2.469 2.481 2.402 2.411 2.498 2.534 2.696 2.727 2.826 2.883 2.895 2.910 2.862 2.867 2.855 2.773 2.623 2.461 2.432 2.399 2.182 1.963 1.550 1.308 1.054 0.747 0.287 0.000
0.000 0.112 0.439 0.000 0.000 0.000 0.000 0.000 0.000 0.035 0.001 0.000 0.037 0.090 0.090 0.033 0.129 0.167 0.186 0.076 0.000 0.000 0.012 0.062 0.309 0.036 0.000 0.000 0.000 0.000 0.000 0.094 0.000 0.000 0.068 0.286 0.000 0.002 0.044 0.064 0.005 0.314 0.660 0.855 1.107 1.309 1.607 2.067 2.469 2.663 2.630 2.484 2.433 2.514 2.562 2.710 2.742 2.766 2.873 2.898 2.905 2.940 2.992 2.941 2.859 2.791 2.643 2.553 2.354 2.247 1.962 1.654 1.474 1.179 0.852 0.399 0.122
0.002 0.033 0.017 0.076 0.114 0.000 0.000 0.010 0.001 0.000 0.000 0.132 0.026 0.071 0.031 0.147 0.112 0.290 0.121 0.000 0.000 0.000 0.032 0.147 0.700 0.002 0.001 0.000 0.007 0.020 0.099 0.005 0.059 0.095 0.173 0.419 0.002 0.000 0.027 0.000 0.016 0.000 0.421 0.638 0.864 1.127 1.551 1.977 2.468 2.681 2.641 2.510 2.424 2.520 2.597 2.676 2.777 2.787 2.825 2.871 2.958 3.007 3.057 3.061 3.007 2.875 2.789 2.682 2.517 2.300 2.205 2.008 1.913 1.568 1.078 0.703 0.389
