includes/estuary_coast/floodfiles/results/res-0001.wd
ncols         730
nrows         472
xllcorner     380617.130607059982140
yllcorner     6542069.774948899634182
cellsize      20.000000000000000
NODATA_value  -9999.000000
[rows 238 to 271 of 472, columns 0 to 76 of 730]
3.826 3.756 3.668 3.556 3.472 3.412 3.372 3.363 3.340 3.294 3.275 3.273 3.268 3.270 3.261 3.257 3.252 3.228 3.198 3.184 3.169 3.141 3.112 3.095 3.090 3.086 3.065 3.058 3.060 3.053 3.012 2.964 2.935 2.926 2.908 2.882 2.863 2.851 2.835 2.822 2.815 2.814 2.818 2.848 2.899 2.970 2.985 2.915 2.061 1.957 1.988 1.809 1.819 1.715 1.637 1.572 1.592 1.634 1.472 1.510 1.448 1.473 1.396 1.236 1.309 1.301 1.260 1.201 1.186 1.171 1.157 1.097 1.037 0.908 0.906 0.890 0.792
3.847 3.776 3.711 3.630 3.535 3.463 3.432 3.395 3.368 3.327 3.305 3.292 3.285 3.292 3.296 3.295 3.278 3.246 3.222 3.191 3.180 3.164 3.131 3.109 3.105 3.089 3.069 3.061 3.062 3.056 3.014 2.959 2.930 2.926 2.915 2.883 2.862 2.849 2.838 2.820 2.815 2.813 2.817 2.836 2.872 2.901 2.908 2.865 2.817 1.973 1.926 1.864 1.893 1.748 1.712 1.712 1.537 1.522 1.528 1.598 1.566 1.465 1.385 1.392 1.327 1.320 1.321 1.187 1.112 1.083 1.035 1.123 0.946 0.972 1.027 0.854 0.992
3.883 3.790 3.741 3.676 3.594 3.522 3.481 3.450 3.391 3.365 3.345 3.317 3.305 3.310 3.320 3.321 3.298 3.260 3.231 3.201 3.189 3.178 3.149 3.132 3.122 3.112 3.087 3.064 3.056 3.042 3.005 2.960 2.934 2.926 2.912 2.879 2.849 2.838 2.832 2.821 2.803 2.799 2.806 2.824 2.835 2.843 2.847 2.819 2.796 2.775 1.935 1.870 1.874 1.735 1.794 1.628 1.642 1.557 1.622 1.574 1.624 1.544 1.397 1.357 1.419 1.229 1.268 1.058 1.233 1.099 1.228 1.030 0.883 0.926 0.871 0.969 0.940
3.870 3.801 3.758 3.726 3.666 3.585 3.537 3.477 3.449 3.406 3.379 3.348 3.321 3.317 3.323 3.319 3.297 3.260 3.228 3.208 3.194 3.185 3.172 3.158 3.150 3.137 3.110 3.091 3.055 3.037 3.013 2.965 2.942 2.925 2.901 2.864 2.831 2.828 2.829 2.811 2.786 2.766 2.772 2.793 2.807 2.812 2.805 2.804 2.780 2.775 1.879 1.885 1.846 1.768 1.944 1.754 1.600 1.619 1.546 1.531 1.585 1.517 1.520 1.385 1.275 1.382 1.219 1.119 1.117 1.135 0.959 0.900 0.918 0.855 0.842 1.026 0.819
3.844 3.799 3.778 3.761 3.719 3.636 3.592 3.524 3.511 3.469 3.418 3.401 3.358 3.330 3.321 3.314 3.287 3.257 3.223 3.198 3.192 3.195 3.186 3.182 3.181 3.168 3.142 3.116 3.067 3.043 3.019 2.983 2.950 2.926 2.897 2.857 2.829 2.826 2.826 2.802 2.754 2.720 2.729 2.762 2.784 2.784 2.776 2.777 2.784 2.787 1.944 1.929 1.941 1.842 1.843 1.850 1.783 1.602 1.547 1.512 1.382 1.533 1.459 1.242 1.295 1.259 1.217 1.203 1.212 0.973 1.079 0.995 0.912 1.039 0.860 0.919 0.917
3.839 3.795 3.782 3.773 3.734 3.659 3.606 3.572 3.539 3.516 3.473 3.434 3.398 3.358 3.327 3.312 3.294 3.255 3.224 3.200 3.194 3.197 3.195 3.197 3.206 3.205 3.181 3.136 3.095 3.051 3.028 2.996 2.974 2.934 2.903 2.872 2.846 2.835 2.825 2.793 2.743 2.703 2.713 2.752 2.773 2.767 2.756 2.760 2.773 2.791 2.810 1.978 1.839 1.911 1.756 1.886 1.813 1.648 1.522 1.556 1.498 1.504 1.490 1.381 1.292 1.286 1.233 1.062 1.080 1.017 1.006 0.937 1.070 1.060 0.869 1.054 0.772
3.847 3.800 3.779 3.767 3.732 3.680 3.610 3.575 3.557 3.548 3.508 3.461 3.419 3.374 3.336 3.321 3.300 3.264 3.239 3.218 3.211 3.209 3.203 3.208 3.223 3.235 3.212 3.157 3.104 3.066 3.035 3.014 2.994 2.958 2.924 2.884 2.863 2.846 2.826 2.801 2.763 2.735 2.738 2.762 2.770 2.760 2.749 2.754 2.775 2.797 2.835 1.872 1.741 1.886 1.782 1.735 1.702 1.727 1.624 1.514 1.482 1.459 1.521 1.559 1.332 1.207 1.108 1.223 1.206 1.223 1.155 0.976 0.926 0.928 0.801 0.786 0.827
3.873 3.818 3.779 3.758 3.725 3.660 3.612 3.576 3.562 3.558 3.525 3.480 3.439 3.393 3.374 3.339 3.325 3.303 3.266 3.240 3.235 3.232 3.210 3.212 3.223 3.230 3.209 3.161 3.103 3.059 3.039 3.033 3.013 2.974 2.935 2.896 2.864 2.852 2.834 2.814 2.795 2.781 2.779 2.779 2.777 2.768 2.761 2.762 2.777 2.798 2.836 2.876 1.827 1.708 1.841 1.838 1.743 1.776 1.768 1.575 1.509 1.528 1.523 1.494 1.508 1.452 1.142 1.201 1.090 0.947 0.846 1.054 0.854 1.028 0.824 0.909 1.194
3.902 3.859 3.803 3.758 3.724 3.683 3.626 3.581 3.565 3.552 3.517 3.478 3.438 3.408 3.386 3.357 3.342 3.322 3.303 3.267 3.256 3.245 3.230 3.214 3.214 3.208 3.184 3.148 3.101 3.059 3.039 3.037 3.018 2.978 2.936 2.903 2.873 2.849 2.842 2.838 2.827 2.821 2.817 2.802 2.794 2.779 2.773 2.769 2.777 2.788 2.809 2.831 1.971 1.840 1.686 1.714 1.708 1.702 1.720 1.627 1.557 1.447 1.429 1.104 1.352 1.300 1.185 1.176 1.078 1.166 1.208 0.869 0.976 0.908 0.878 0.945 0.824
3.959 3.885 3.820 3.768 3.736 3.690 3.645 3.598 3.564 3.548 3.524 3.473 3.433 3.398 3.378 3.371 3.355 3.337 3.322 3.293 3.281 3.264 3.247 3.236 3.214 3.194 3.166 3.134 3.101 3.063 3.042 3.029 3.012 2.968 2.924 2.885 2.864 2.851 2.853 2.855 2.858 2.861 2.857 2.833 2.812 2.794 2.779 2.768 2.770 2.766 2.771 2.778 1.839 1.842 1.811 1.735 1.726 1.656 1.555 1.685 1.577 1.452 1.525 1.415 1.376 1.389 1.393 1.230 1.247 1.044 1.165 1.245 1.130 1.151 0.977 0.894 0.892
3.976 3.914 3.841 3.790 3.761 3.726 3.670 3.622 3.576 3.552 3.525 3.472 3.431 3.392 3.372 3.372 3.365 3.349 3.328 3.317 3.309 3.280 3.264 3.247 3.227 3.199 3.172 3.137 3.102 3.073 3.045 3.020 2.998 2.961 2.915 2.869 2.845 2.849 2.858 2.871 2.889 2.905 2.901 2.869 2.829 1.968 1.783 1.900 1.833 1.968 1.904 1.887 1.904 1.795 1.743 1.752 1.669 1.748 1.656 1.684 1.714 1.563 1.548 1.503 1.467 1.293 1.244 1.129 1.119 1.000 0.956 1.065 1.102 1.053 1.023 0.850 0.959
3.976 3.907 3.876 3.815 3.790 3.761 3.700 3.642 3.613 3.559 3.531 3.496 3.444 3.406 3.380 3.377 3.375 3.352 3.332 3.323 3.319 3.303 3.282 3.252 3.233 3.205 3.190 3.159 3.116 3.083 3.049 3.026 2.986 2.956 2.915 2.873 2.851 2.855 2.870 2.885 2.918 2.950 2.951 2.902 2.840 1.935 1.838 1.775 1.832 1.939 1.873 1.902 1.864 1.846 1.757 1.728 1.717 1.676 1.659 1.592 1.658 1.715 1.511 1.379 1.329 1.403 1.336 1.490 1.176 1.136 1.166 1.234 1.005 1.046 1.069 1.006 0.872
3.965 3.899 3.872 3.852 3.821 3.785 3.726 3.688 3.656 3.604 3.565 3.521 3.481 3.432 3.401 3.391 3.382 3.365 3.335 3.324 3.321 3.316 3.290 3.262 3.232 3.222 3.208 3.183 3.147 3.097 3.051 3.023 2.991 2.957 2.929 2.893 2.871 2.871 2.882 2.893 2.926 2.964 2.965 2.911 2.837 2.761 1.867 1.841 1.836 1.788 1.839 1.803 1.894 1.758 1.843 1.831 1.691 1.665 1.637 1.651 1.592 1.555 1.643 1.452 1.394 1.323 1.275 1.411 1.191 1.221 1.183 1.047 1.005 1.032 0.927 0.959 1.075
3.952 3.891 3.864 3.858 3.850 3.808 3.752 3.713 3.685 3.642 3.601 3.567 3.527 3.477 3.436 3.418 3.403 3.371 3.339 3.326 3.319 3.314 3.296 3.254 3.234 3.229 3.230 3.207 3.159 3.099 3.052 3.012 2.993 2.963 2.942 2.909 2.897 2.885 2.890 2.898 2.910 2.934 2.930 2.888 2.823 2.748 2.686 1.799 1.910 1.955 1.824 1.668 1.759 1.845 1.730 1.784 1.796 1.589 1.584 1.605 1.560 1.526 1.588 1.618 1.521 1.351 1.336 1.385 1.267 1.311 1.000 0.980 0.995 0.900 0.956 0.895 0.897
3.951 3.891 3.865 3.859 3.852 3.811 3.755 3.717 3.693 3.679 3.637 3.602 3.559 3.507 3.477 3.439 3.402 3.384 3.348 3.333 3.316 3.307 3.291 3.248 3.231 3.229 3.232 3.211 3.155 3.086 3.034 3.002 2.985 2.967 2.950 2.919 2.906 2.893 2.892 2.884 2.895 2.898 2.888 2.860 2.815 2.747 2.702 2.683 1.773 1.853 1.795 1.812 1.671 1.717 1.759 1.756 1.840 1.622 1.584 1.589 1.510 1.584 1.479 1.587 1.669 1.335 1.420 1.309 1.259 1.108 1.078 1.009 1.138 0.913 1.108 0.869 0.726
3.954 3.911 3.872 3.861 3.849 3.811 3.752 3.716 3.695 3.685 3.675 3.630 3.572 3.527 3.495 3.456 3.420 3.401 3.380 3.353 3.324 3.311 3.282 3.261 3.230 3.222 3.211 3.189 3.142 3.069 3.013 2.981 2.977 2.969 2.955 2.925 2.909 2.890 2.878 2.877 2.882 2.874 2.868 2.849 2.810 2.767 2.730 2.711 2.700 1.802 1.872 1.821 1.623 1.849 1.716 1.658 1.738 1.722 1.667 1.562 1.612 1.671 1.576 1.484 1.527 1.514 1.362 1.185 1.350 1.340 1.089 1.065 0.963 0.899 1.069 1.114 0.837
3.996 3.923 3.888 3.869 3.849 3.807 3.768 3.716 3.695 3.691 3.684 3.647 3.588 3.540 3.507 3.486 3.444 3.426 3.405 3.369 3.351 3.317 3.281 3.262 3.229 3.207 3.192 3.167 3.127 3.059 3.008 2.977 2.974 2.974 2.950 2.914 2.891 2.882 2.876 2.875 2.880 2.868 2.864 2.851 2.826 2.786 2.758 2.732 2.713 1.784 1.868 1.940 1.788 1.704 1.758 1.726 1.736 1.754 1.703 1.718 1.638 1.549 1.575 1.475 1.441 1.526 1.448 1.311 1.254 1.270 1.191 1.154 1.110 0.897 0.876 0.808 0.917
4.026 3.964 3.909 3.881 3.855 3.825 3.766 3.721 3.699 3.688 3.679 3.651 3.583 3.536 3.501 3.482 3.467 3.443 3.408 3.383 3.363 3.325 3.292 3.275 3.252 3.212 3.179 3.154 3.121 3.068 3.021 2.991 2.981 2.972 2.941 2.899 2.869 2.860 2.865 2.871 2.875 2.881 2.881 2.873 2.839 2.810 2.770 2.744 2.721 2.705 1.787 1.737 1.788 1.698 1.675 1.729 1.701 1.654 1.736 1.849 1.632 1.559 1.497 1.592 1.528 1.471 1.495 1.471 1.370 1.335 1.194 1.071 1.059 0.915 0.957 1.064 0.937
4.055 3.990 3.952 3.896 3.867 3.837 3.779 3.734 3.699 3.685 3.670 3.634 3.591 3.528 3.492 3.475 3.473 3.459 3.426 3.395 3.374 3.341 3.325 3.289 3.259 3.216 3.174 3.151 3.125 3.080 3.040 3.008 2.990 2.973 2.934 2.889 2.858 2.848 2.859 2.877 2.879 2.898 2.915 2.906 2.874 2.819 2.769 2.738 2.718 1.825 1.796 1.729 1.826 1.688 1.654 1.640 1.693 1.755 1.614 1.736 1.584 1.541 1.511 1.391 1.505 1.519 1.512 1.539 1.452 1.340 1.128 1.111 1.120 1.093 0.998 1.169 0.927
4.061 4.011 3.968 3.910 3.882 3.854 3.812 3.765 3.714 3.693 3.671 3.642 3.590 3.529 3.493 3.474 3.472 3.462 3.436 3.392 3.373 3.364 3.347 3.308 3.256 3.214 3.183 3.152 3.126 3.093 3.056 3.027 2.997 2.975 2.936 2.894 2.870 2.859 2.868 2.881 2.893 2.913 2.943 2.943 2.895 2.829 2.771 2.737 1.834 1.748 1.852 1.716 1.729 1.726 1.748 1.635 1.642 1.668 1.685 1.591 1.689 1.609 1.748 1.657 1.381 1.568 1.492 1.589 1.519 1.478 1.261 1.161 0.949 1.025 1.083 0.890 0.878
4.084 4.029 3.978 3.943 3.898 3.876 3.831 3.782 3.753 3.706 3.680 3.651 3.614 3.542 3.508 3.486 3.479 3.459 3.435 3.391 3.375 3.373 3.368 3.334 3.267 3.207 3.168 3.155 3.137 3.103 3.064 3.028 3.004 2.978 2.941 2.914 2.883 2.876 2.879 2.886 2.894 2.911 2.942 2.940 2.892 2.827 2.763 2.728 1.836 1.789 1.831 1.713 1.713 1.716 1.600 1.717 1.542 1.595 1.549 1.614 1.465 1.586 1.630 1.770 1.471 1.486 1.507 1.440 1.369 1.616 1.375 1.156 1.038 0.999 0.949 1.054 0.971
4.084 4.022 3.974 3.940 3.921 3.878 3.855 3.807 3.774 3.745 3.697 3.669 3.637 3.575 3.529 3.506 3.490 3.460 3.435 3.392 3.376 3.374 3.371 3.333 3.269 3.196 3.161 3.153 3.148 3.114 3.063 3.023 3.000 2.981 2.947 2.931 2.904 2.885 2.884 2.887 2.883 2.891 2.906 2.898 2.860 2.808 2.753 1.839 1.724 1.672 1.748 1.679 1.658 1.667 1.685 1.698 1.642 1.752 1.513 1.537 1.594 1.502 1.448 1.527 1.606 1.544 1.509 1.385 1.244 1.291 1.280 1.214 1.202 1.118 1.048 1.037 1.109
4.081 4.012 3.963 3.931 3.917 3.911 3.877 3.827 3.791 3.765 3.731 3.698 3.671 3.616 3.570 3.527 3.504 3.483 3.441 3.398 3.379 3.370 3.360 3.318 3.265 3.198 3.165 3.154 3.144 3.105 3.050 2.999 2.979 2.969 2.959 2.936 2.909 2.892 2.884 2.883 2.869 2.869 2.865 2.851 2.825 2.787 1.897 1.787 1.773 1.786 1.736 1.689 1.704 1.737 1.691 1.611 1.756 1.567 1.629 1.544 1.576 1.468 1.444 1.531 1.485 1.327 1.432 1.373 1.368 1.291 1.405 1.544 1.242 1.205 1.185 1.137 1.096
4.066 4.016 3.955 3.924 3.913 3.912 3.889 3.841 3.804 3.776 3.757 3.742 3.690 3.658 3.604 3.569 3.524 3.498 3.473 3.424 3.388 3.366 3.348 3.306 3.265 3.206 3.175 3.156 3.133 3.084 3.021 2.969 2.956 2.958 2.956 2.927 2.910 2.888 2.882 2.876 2.855 2.853 2.832 2.813 2.793 1.824 1.754 1.789 1.799 1.718 1.692 1.778 1.806 1.602 1.755 1.818 1.894 1.638 1.704 1.581 1.662 1.411 1.558 1.681 1.711 1.567 1.423 1.481 1.521 1.202 1.198 1.272 1.355 1.036 1.111 0.875 0.920
4.057 4.013 3.957 3.927 3.914 3.911 3.887 3.856 3.806 3.782 3.771 3.765 3.730 3.681 3.634 3.593 3.560 3.530 3.483 3.449 3.424 3.374 3.346 3.318 3.270 3.216 3.186 3.158 3.125 3.060 3.000 2.948 2.938 2.950 2.951 2.925 2.901 2.885 2.865 2.861 2.845 2.836 2.812 2.790 1.778 1.719 1.827 1.820 1.759 1.760 1.646 1.700 1.613 1.607 1.804 1.651 1.581 1.674 1.595 1.522 1.473 1.389 1.549 1.446 1.444 1.485 1.457 1.426 1.444 1.392 1.295 1.160 1.273 1.107 1.074 1.142 0.889
4.072 4.013 3.969 3.933 3.919 3.910 3.880 3.851 3.820 3.785 3.779 3.780 3.766 3.719 3.658 3.612 3.578 3.554 3.514 3.476 3.435 3.404 3.356 3.327 3.298 3.229 3.201 3.169 3.129 3.067 3.005 2.955 2.945 2.952 2.950 2.921 2.888 2.867 2.855 2.854 2.840 2.826 2.790 1.848 1.765 1.763 1.851 1.817 1.660 1.774 1.773 1.772 1.628 1.540 1.508 1.800 1.684 1.593 1.595 1.572 1.488 1.380 1.414 1.519 1.504 1.343 1.278 1.281 1.367 1.422 1.428 1.368 1.413 1.319 1.176 1.120 0.929
4.078 4.014 3.984 3.945 3.927 3.903 3.873 3.847 3.819 3.786 3.781 3.783 3.772 3.728 3.664 3.616 3.583 3.564 3.546 3.507 3.463 3.423 3.387 3.337 3.312 3.267 3.241 3.192 3.134 3.086 3.037 2.987 2.969 2.965 2.953 2.917 2.877 2.853 2.850 2.849 2.838 2.804 2.775 2.756 1.707 1.684 1.736 1.689 1.645 1.662 1.622 1.548 1.640 1.649 1.522 1.469 1.588 1.542 1.534 1.662 1.490 1.394 1.581 1.578 1.732 1.394 1.411 1.513 1.312 1.261 1.274 1.407 1.340 1.287 1.154 1.195 1.091
4.084 4.040 4.014 3.953 3.926 3.906 3.885 3.847 3.822 3.790 3.779 3.773 3.761 3.717 3.671 3.613 3.582 3.566 3.562 3.537 3.488 3.439 3.396 3.362 3.325 3.292 3.271 3.223 3.169 3.113 3.060 3.027 2.995 2.981 2.961 2.922 2.882 2.860 2.851 2.847 2.832 2.794 2.762 2.742 1.805 1.693 1.725 1.780 1.709 1.720 1.823 1.622 1.627 1.676 1.613 1.528 1.589 1.632 1.666 1.663 1.443 1.555 1.536 1.306 1.367 1.454 1.416 1.342 1.310 1.348 1.126 1.312 1.223 1.194 1.296 1.238 1.221
4.093 4.057 4.031 3.982 3.956 3.912 3.890 3.867 3.823 3.798 3.772 3.762 3.745 3.701 3.661 3.621 3.581 3.569 3.568 3.551 3.510 3.447 3.399 3.362 3.337 3.322 3.298 3.249 3.197 3.148 3.088 3.057 3.020 3.001 2.965 2.936 2.906 2.869 2.859 2.850 2.826 2.788 2.755 2.737 1.796 1.615 1.789 1.711 1.756 1.651 1.762 1.586 1.663 1.667 1.505 1.633 1.566 1.489 1.462 1.610 1.511 1.601 1.584 1.419 1.314 1.385 1.407 1.313 1.407 1.488 1.414 1.196 1.192 1.311 1.223 1.116 1.167
4.114 4.085 4.047 3.995 3.956 3.930 3.907 3.885 3.827 3.807 3.770 3.753 3.729 3.690 3.656 3.608 3.583 3.570 3.562 3.545 3.507 3.457 3.392 3.355 3.338 3.336 3.322 3.275 3.217 3.167 3.128 3.080 3.048 3.018 2.993 2.959 2.931 2.882 2.866 2.851 2.831 2.782 2.758 2.741 1.706 1.792 1.740 1.733 1.703 1.581 1.642 1.745 1.612 1.581 1.631 1.545 1.656 1.575 1.574 1.606 1.498 1.514 1.511 1.389 1.278 1.365 1.332 1.386 1.277 1.314 1.413 1.245 1.242 1.145 1.209 1.130 1.272
4.119 4.098 4.053 4.004 3.969 3.935 3.913 3.895 3.849 3.828 3.788 3.754 3.725 3.700 3.672 3.612 3.589 3.567 3.547 3.529 3.496 3.454 3.409 3.357 3.339 3.335 3.322 3.286 3.225 3.176 3.139 3.102 3.082 3.042 3.013 2.981 2.950 2.906 2.871 2.853 2.824 2.794 2.765 2.748 2.731 1.783 1.649 1.629 1.806 1.673 1.671 1.639 1.727 1.602 1.538 1.560 1.631 1.509 1.465 1.613 1.508 1.032 1.414 1.320 1.505 1.378 1.420 1.241 1.531 1.329 1.171 1.301 1.205 1.134 1.171 1.153 1.073
4.121 4.104 4.060 4.018 3.967 3.940 3.922 3.905 3.864 3.841 3.797 3.762 3.736 3.711 3.669 3.623 3.601 3.570 3.537 3.516 3.488 3.453 3.415 3.368 3.340 3.322 3.307 3.275 3.232 3.171 3.136 3.116 3.101 3.078 3.038 2.998 2.962 2.914 2.891 2.847 2.830 2.801 2.781 2.757 2.731 1.752 1.733 1.774 1.698 1.704 1.698 1.606 1.560 1.575 1.643 1.557 1.587 1.427 1.514 1.567 1.411 1.571 1.635 1.596 1.089 1.389 1.183 1.331 1.430 1.367 1.178 1.144 1.240 1.201 1.220 1.047 1.142
4.117 4.100 4.055 4.012 3.971 3.933 3.917 3.910 3.888 3.855 3.806 3.767 3.739 3.716 3.677 3.645 3.624 3.575 3.555 3.513 3.487 3.457 3.407 3.379 3.346 3.313 3.293 3.264 3.225 3.167 3.133 3.114 3.110 3.097 3.053 3.006 2.958 2.914 2.891 2.864 2.832 2.815 2.797 2.764 2.735 1.792 1.785 1.723 1.739 1.636 1.627 1.673 1.560 1.647 1.500 1.477 1.431 1.497 1.502 1.419 1.484 1.647 1.501 1.434 1.455 1.577 1.422 1.357 1.098 1.324 1.395 1.382 1.477 1.115 1.242 1.096 1.085
4.108 4.089 4.043 4.002 3.962 3.925 3.914 3.912 3.898 3.859 3.821 3.773 3.744 3.719 3.685 3.659 3.638 3.597 3.574 3.543 3.496 3.470 3.422 3.395 3.354 3.311 3.288 3.259 3.224 3.184 3.135 3.113 3.110 3.098 3.064 3.003 2.944 2.902 2.879 2.868 2.849 2.823 2.805 2.776 2.749 1.899 1.879 1.737 1.789 1.656 1.676 1.528 1.525 1.610 1.600 1.567 1.422 1.515 1.523 1.477 1.529 1.666 1.553 1.550 1.523 1.345 1.486 1.415 1.086 1.416 1.262 1.446 1.195 1.313 1.226 1.415 1.150
