includes/estuary_coast/floodfiles/results/res-0001.wd
ncols         730
nrows         472
xllcorner     380617.130607
yllcorner     6542069.774949
cellsize      20.000000
NODATA_value  -9999.000000
[rows 102 to 135 of 472, columns 77 to 153 of 730]
0.949 1.018 1.103 1.183 1.080 1.093 1.012 2.444 2.556 2.722 2.817 2.867 2.971 3.079 3.167 3.303 3.350 3.457 3.641 3.861 4.112 4.357 4.448 4.503 4.509 4.559 4.721 4.836 4.946 5.011 5.024 5.035 5.064 5.142 5.296 5.377 5.457 5.470 5.432 5.369 5.330 5.291 5.345 5.403 5.461 5.460 5.367 5.166 5.007 4.847 4.798 4.818 4.832 4.701 4.420 3.990 3.622 3.319 3.080 2.769 2.485 2.273 1.817 1.559 0.165 0.000 0.000 0.000 0.000 0.000 0.000 0.000 0.000 0.000 0.000 0.000 0.000
0.886 1.061 1.064 0.953 1.111 0.924 1.047 2.370 2.460 2.528 2.595 2.687 2.836 2.976 3.140 3.291 3.328 3.345 3.455 3.683 3.889 4.118 4.218 4.257 4.275 4.418 4.566 4.598 4.764 4.825 4.863 4.868 4.916 5.027 5.111 5.251 5.309 5.350 5.329 5.306 5.294 5.303 5.335 5.387 5.426 5.425 5.335 5.204 5.020 4.938 4.880 4.963 5.042 4.980 4.701 4.253 3.863 3.546 3.195 2.914 2.785 2.510 2.224 1.762 1.314 0.000 0.000 0.000 0.000 0.054 0.000 0.057 0.000 0.000 0.000 0.000 0.000
0.989 1.081 0.979 0.990 0.945 1.021 0.939 0.958 2.297 2.320 2.393 2.484 2.673 2.878 3.099 3.291 3.339 3.324 3.377 3.479 3.690 3.829 3.986 4.045 4.101 4.152 4.239 4.404 4.449 4.531 4.593 4.733 4.745 4.811 4.976 5.053 5.186 5.222 5.239 5.244 5.251 5.298 5.345 5.322 5.331 5.323 5.259 5.164 5.075 4.952 4.916 5.018 5.118 5.062 4.789 4.401 3.924 3.590 3.362 3.075 3.016 2.802 2.470 2.029 1.385 0.134 0.000 0.000 0.038 0.000 0.054 0.014 0.000 0.000 0.000 0.000 0.000
0.838 0.942 0.948 1.092 0.812 0.916 0.954 1.003 1.098 2.172 2.185 2.304 2.503 2.738 2.986 3.210 3.281 3.271 3.261 3.355 3.441 3.602 3.686 3.747 3.795 3.877 4.042 4.101 4.198 4.376 4.459 4.529 4.622 4.683 4.843 4.921 5.065 5.128 5.164 5.155 5.177 5.202 5.267 5.293 5.239 5.227 5.184 5.121 5.059 5.023 4.958 4.969 5.030 4.954 4.715 4.369 3.915 3.596 3.379 3.206 3.224 3.078 2.715 2.223 1.623 1.215 0.001 0.000 0.000 0.000 0.000 0.080 0.000 0.000 0.000 0.000 0.000
0.774 0.738 0.823 0.845 0.807 0.898 0.861 1.140 1.132 0.938 2.079 2.129 2.300 2.579 2.809 3.035 3.122 3.136 3.129 3.211 3.242 3.309 3.377 3.456 3.546 3.610 3.728 3.821 4.035 4.250 4.365 4.451 4.510 4.591 4.658 4.811 4.867 5.060 5.111 5.120 5.147 5.211 5.229 5.247 5.210 5.163 5.133 5.092 5.049 5.019 4.998 4.877 4.837 4.760 4.568 4.291 3.888 3.600 3.332 3.255 3.299 3.212 2.847 2.377 1.800 1.402 0.233 0.000 0.000 0.000 0.037 0.000 0.000 0.000 0.000 0.000 0.000
0.916 0.702 0.764 0.848 0.953 0.919 0.885 0.937 1.005 1.001 0.878 2.082 2.220 2.394 2.557 2.760 2.843 2.865 2.934 2.911 2.951 3.016 3.098 3.293 3.380 3.468 3.570 3.669 3.817 4.065 4.242 4.378 4.501 4.519 4.565 4.706 4.809 4.917 4.998 5.055 5.147 5.163 5.203 5.214 5.173 5.170 5.112 5.084 5.060 5.031 4.998 4.877 4.698 4.607 4.450 4.233 3.879 3.629 3.363 3.279 3.241 3.115 2.829 2.450 2.030 1.597 1.283 0.006 0.000 0.000 0.000 0.000 0.013 0.000 0.000 0.000 0.000
0.642 0.726 0.711 0.717 0.761 0.758 0.808 1.006 0.960 0.852 0.881 0.926 2.194 2.296 2.400 2.484 2.531 2.542 2.603 2.673 2.645 2.734 2.873 3.112 3.295 3.407 3.451 3.538 3.703 3.932 4.228 4.415 4.507 4.509 4.530 4.604 4.779 4.914 5.024 5.097 5.166 5.167 5.190 5.190 5.199 5.166 5.164 5.109 5.081 5.052 5.010 4.887 4.729 4.640 4.405 4.230 3.913 3.604 3.423 3.300 3.160 3.044 2.817 2.453 2.116 1.742 1.454 0.044 0.000 0.000 0.000 0.000 0.000 0.000 0.000 0.000 0.000
0.606 0.813 0.743 0.738 0.616 0.798 0.863 0.838 0.798 0.906 0.889 0.777 0.808 2.216 2.269 2.313 2.333 2.297 2.339 2.346 2.374 2.490 2.694 2.987 3.211 3.376 3.394 3.449 3.606 3.854 4.182 4.412 4.506 4.505 4.512 4.581 4.710 4.927 5.072 5.170 5.190 5.188 5.162 5.182 5.160 5.170 5.180 5.180 5.178 5.091 5.040 4.905 4.842 4.649 4.543 4.303 4.011 3.791 3.522 3.344 3.220 2.968 2.784 2.512 2.289 1.958 1.817 1.573 0.000 0.000 0.000 0.000 0.000 0.000 0.000 0.000 0.000
0.583 0.871 0.754 0.629 0.615 0.803 0.880 0.761 0.762 0.753 0.894 0.793 0.856 0.899 2.081 2.102 2.142 2.111 2.060 1.991 2.056 2.197 2.473 2.858 3.167 3.359 3.387 3.414 3.540 3.761 4.066 4.305 4.414 4.464 4.484 4.557 4.642 4.888 5.097 5.211 5.228 5.173 5.118 5.101 5.163 5.190 5.219 5.230 5.213 5.144 5.075 4.953 4.891 4.709 4.637 4.525 4.272 3.940 3.751 3.455 3.246 3.075 2.757 2.547 2.320 2.069 1.982 1.802 0.000 0.000 0.092 0.000 0.000 0.000 0.000 0.000 0.000
0.547 0.826 0.684 0.555 0.614 0.682 0.817 0.742 0.703 0.746 0.731 0.881 0.869 0.863 0.843 0.654 1.966 1.931 1.841 1.756 1.709 1.890 2.227 2.670 3.021 3.260 3.322 3.387 3.485 3.657 3.921 4.136 4.252 4.322 4.368 4.451 4.599 4.837 5.017 5.161 5.184 5.139 5.094 5.065 5.126 5.218 5.268 5.293 5.272 5.224 5.104 4.996 4.943 4.869 4.817 4.678 4.519 4.303 3.979 3.676 3.365 3.173 2.812 2.584 2.370 2.153 2.117 2.043 1.838 0.000 0.000 0.000 0.000 0.000 0.000 0.000 0.000
0.680 0.786 0.641 0.550 0.555 0.704 0.645 0.593 0.657 0.643 0.823 0.767 0.778 0.789 0.923 0.818 0.624 0.735 0.679 1.624 1.548 1.685 2.032 2.480 2.810 3.073 3.177 3.232 3.306 3.566 3.732 3.958 4.079 4.185 4.266 4.368 4.507 4.734 4.886 4.996 5.072 5.060 5.019 5.033 5.094 5.234 5.305 5.340 5.311 5.239 5.126 5.060 4.971 4.965 4.955 4.876 4.744 4.473 4.144 3.943 3.636 3.434 3.071 2.691 2.437 2.225 2.174 2.176 1.978 1.628 0.000 0.000 0.000 0.000 0.000 0.000 0.000
0.569 0.533 0.547 0.582 0.471 0.895 0.591 0.653 0.810 0.575 0.619 0.807 0.726 0.770 0.719 0.836 0.677 0.593 0.693 0.565 0.563 1.707 1.986 2.279 2.621 2.872 2.994 3.076 3.159 3.404 3.545 3.702 3.845 3.955 4.054 4.165 4.294 4.516 4.720 4.820 4.874 4.928 4.944 4.985 5.062 5.207 5.290 5.327 5.300 5.231 5.125 5.073 5.023 5.063 5.118 5.042 4.892 4.619 4.293 4.104 3.944 3.766 3.402 2.876 2.518 2.293 2.191 2.136 1.981 1.635 0.051 0.000 0.000 0.000 0.000 0.000 0.000
0.521 0.754 0.511 0.515 0.572 0.474 0.455 0.708 0.619 0.635 0.603 0.606 0.684 0.696 0.822 0.693 0.720 0.653 0.752 0.653 0.591 0.526 0.555 0.548 2.384 2.599 2.803 2.889 3.008 3.051 3.285 3.436 3.579 3.716 3.839 4.051 4.251 4.369 4.566 4.661 4.729 4.818 4.861 4.919 5.070 5.148 5.212 5.257 5.240 5.193 5.105 5.075 5.100 5.146 5.186 5.143 4.984 4.710 4.513 4.381 4.165 4.041 3.712 3.316 2.838 2.434 2.251 2.137 1.895 1.557 1.263 0.000 0.000 0.000 0.000 0.000 0.000
0.588 0.578 0.538 0.658 0.766 0.434 0.470 0.497 0.658 0.555 0.504 0.715 0.703 0.773 0.830 0.863 0.693 0.659 0.670 0.714 0.614 0.611 0.586 0.526 0.515 0.546 2.511 2.496 2.628 2.734 2.867 3.153 3.444 3.622 3.767 3.877 4.048 4.244 4.346 4.532 4.612 4.719 4.777 4.795 4.954 5.028 5.114 5.129 5.126 5.102 5.078 5.084 5.098 5.140 5.173 5.144 4.984 4.734 4.578 4.508 4.416 4.376 4.061 3.676 3.242 2.759 2.381 2.182 1.855 1.503 1.192 0.000 0.000 0.000 0.000 0.000 0.000
0.413 0.526 0.557 0.651 0.504 0.298 0.352 0.420 0.504 0.451 0.475 0.546 0.557 0.460 0.597 0.641 0.664 0.668 0.625 0.656 0.696 0.555 0.494 0.496 0.466 0.468 0.490 2.257 2.307 2.477 2.650 2.892 3.257 3.516 3.775 3.874 3.994 4.060 4.199 4.391 4.482 4.605 4.657 4.718 4.871 4.935 4.999 5.038 5.056 5.083 5.077 5.069 5.077 5.083 5.099 5.068 4.918 4.785 4.616 4.614 4.653 4.686 4.457 4.013 3.529 2.999 2.689 2.300 1.902 1.510 1.131 0.778 0.000 0.000 0.000 0.000 0.000
0.513 0.543 0.407 0.474 0.625 0.383 0.196 0.396 0.480 0.494 0.436 0.660 0.475 0.577 0.519 0.459 0.566 0.532 0.707 0.581 0.673 0.627 0.516 0.461 0.456 0.397 0.473 0.520 2.060 2.190 2.395 2.724 3.124 3.573 3.839 3.966 3.981 3.993 4.057 4.238 4.393 4.485 4.618 4.667 4.798 4.855 4.918 4.962 4.993 5.013 5.046 5.084 5.025 5.030 5.024 4.991 4.845 4.756 4.633 4.669 4.772 4.853 4.676 4.197 3.705 3.310 2.895 2.620 2.118 1.624 1.194 0.773 0.000 0.000 0.000 0.000 0.000
0.514 0.329 0.460 0.387 0.498 0.311 0.366 0.368 0.360 0.292 0.465 0.414 0.435 0.460 0.398 0.410 0.340 0.415 0.592 0.433 0.500 0.531 0.726 0.512 0.450 0.423 0.445 0.489 0.532 1.869 2.104 2.532 3.063 3.631 3.983 4.083 4.021 3.978 4.026 4.218 4.396 4.508 4.572 4.648 4.678 4.797 4.862 4.913 4.953 4.976 4.998 5.039 5.041 4.995 4.977 4.944 4.798 4.735 4.655 4.675 4.746 4.764 4.627 4.248 3.766 3.452 3.273 2.953 2.550 2.025 1.433 1.007 0.712 0.000 0.000 0.000 0.000
0.494 0.500 0.462 0.705 0.331 0.253 0.290 0.231 0.428 0.356 0.428 0.167 0.248 0.359 0.329 0.461 0.430 0.362 0.590 0.400 0.584 0.616 0.615 0.494 0.563 0.417 0.389 0.421 0.512 1.615 1.866 2.352 2.945 3.566 3.963 4.071 3.998 3.940 3.992 4.179 4.427 4.585 4.649 4.632 4.656 4.696 4.822 4.884 4.933 4.971 4.991 5.057 5.033 4.942 4.922 4.923 4.781 4.729 4.641 4.632 4.645 4.574 4.457 4.146 3.818 3.624 3.522 3.256 3.024 2.579 1.808 1.366 1.091 0.000 0.000 0.000 0.000
0.507 0.370 0.474 0.615 0.311 0.256 0.358 0.390 0.370 0.434 0.506 0.329 0.460 0.421 0.581 0.405 0.425 0.397 0.336 0.472 0.445 0.634 0.621 0.566 0.564 0.488 0.430 0.421 0.464 1.587 1.823 2.264 2.792 3.328 3.716 3.842 3.865 3.850 3.929 4.146 4.436 4.636 4.708 4.661 4.615 4.686 4.820 4.902 4.964 4.996 5.006 5.029 5.077 4.942 4.921 4.895 4.897 4.744 4.641 4.603 4.569 4.434 4.329 4.063 3.830 3.746 3.712 3.783 3.626 3.135 2.457 1.833 1.368 1.150 0.000 0.000 0.000
0.453 0.329 0.306 0.574 0.269 0.181 0.253 0.383 0.352 0.348 0.332 0.212 0.406 0.514 0.290 0.560 0.295 0.402 0.426 0.346 0.344 0.415 0.554 0.434 0.509 0.543 0.460 0.435 0.439 0.511 1.891 2.265 2.694 3.062 3.397 3.532 3.610 3.651 3.765 3.975 4.302 4.566 4.653 4.620 4.586 4.624 4.843 4.953 5.034 5.063 5.051 5.031 5.013 5.004 4.944 4.924 4.932 4.894 4.667 4.608 4.549 4.481 4.271 4.149 3.927 3.888 3.933 4.118 4.004 3.444 2.801 2.062 1.768 1.479 0.000 0.000 0.000
0.419 0.481 0.364 0.608 0.472 0.259 0.291 0.309 0.282 0.369 0.251 0.383 0.432 0.463 0.238 0.338 0.428 0.471 0.218 0.273 0.372 0.411 0.422 0.527 0.592 0.461 0.473 0.475 0.418 0.552 1.985 0.545 0.599 2.829 3.060 3.182 3.252 3.346 3.552 3.761 4.086 4.317 4.479 4.502 4.525 4.606 4.816 5.023 5.130 5.151 5.108 5.057 5.027 5.020 5.018 5.008 5.021 4.986 4.771 4.702 4.627 4.516 4.423 4.184 3.959 3.914 3.930 4.072 3.947 3.443 2.861 2.340 2.013 1.812 1.389 0.000 0.000
0.307 0.307 0.238 0.348 0.281 0.180 0.268 0.207 0.265 0.363 0.289 0.285 0.371 0.328 0.179 0.088 0.320 0.308 0.257 0.253 0.317 0.471 0.330 0.474 0.480 0.542 0.471 0.416 0.449 0.588 0.629 0.515 0.577 2.575 2.803 2.895 2.959 3.058 3.196 3.476 3.802 4.024 4.175 4.341 4.429 4.567 4.823 5.063 5.190 5.207 5.140 5.071 5.038 5.101 5.111 5.115 5.134 5.053 4.937 4.764 4.699 4.593 4.509 4.280 4.155 3.932 3.900 3.829 3.623 3.245 2.785 2.385 2.249 2.202 1.770 0.000 0.000
0.353 0.292 0.262 0.238 0.211 0.273 0.419 0.338 0.126 0.281 0.379 0.356 0.217 0.286 0.103 0.119 0.072 0.266 0.180 0.223 0.316 0.270 0.401 0.307 0.544 0.375 0.595 0.461 0.413 0.594 0.571 0.475 0.673 0.550 2.505 2.581 2.615 2.728 2.854 3.136 3.482 3.730 3.926 4.167 4.312 4.488 4.710 4.981 5.147 5.169 5.113 5.057 5.041 5.118 5.143 5.159 5.146 5.102 4.993 4.941 4.793 4.751 4.647 4.426 4.148 3.993 3.871 3.678 3.396 3.107 2.722 2.404 2.390 2.408 2.025 1.334 0.000
0.438 0.285 0.203 0.327 0.722 0.287 0.332 0.388 0.265 0.279 0.287 0.222 0.229 0.424 0.296 0.160 0.238 0.045 0.152 0.325 0.392 0.253 0.199 0.313 0.259 0.437 0.513 0.487 0.517 0.499 0.509 0.477 0.498 0.647 0.539 2.366 2.350 2.348 2.496 2.790 3.179 3.474 3.713 3.908 4.174 4.365 4.577 4.844 5.018 5.055 5.038 5.039 5.056 5.131 5.173 5.196 5.182 5.118 5.036 4.995 4.986 4.928 4.893 4.633 4.331 4.115 3.929 3.737 3.404 3.017 2.732 2.428 2.350 2.259 1.906 1.335 0.000
0.301 0.384 0.441 0.206 0.269 0.272 0.322 0.222 0.198 0.261 0.315 0.194 0.184 0.138 0.277 0.177 0.308 0.183 0.077 0.200 0.294 0.219 0.285 0.296 0.563 0.583 0.488 0.464 0.428 0.970 0.452 0.416 0.563 0.487 0.459 0.495 2.120 2.090 2.172 2.470 2.875 3.206 3.463 3.669 3.936 4.215 4.410 4.671 4.797 4.877 4.974 4.997 5.040 5.129 5.176 5.202 5.188 5.126 5.077 5.059 5.080 5.118 5.076 4.868 4.677 4.332 4.024 3.833 3.632 3.115 2.854 2.605 2.329 2.061 1.738 1.229 0.676
0.260 0.198 0.292 0.361 0.582 0.155 0.261 0.371 0.222 0.355 0.322 0.205 0.250 0.327 0.251 0.285 0.178 0.358 0.285 0.066 0.200 0.218 0.166 0.294 0.393 0.447 0.429 0.478 0.670 0.597 0.480 0.487 0.476 0.464 0.377 0.502 0.553 1.982 2.050 2.314 2.652 3.049 3.374 3.566 3.801 3.967 4.143 4.507 4.569 4.745 4.902 4.953 5.010 5.104 5.147 5.169 5.161 5.107 5.078 5.079 5.125 5.196 5.208 5.093 4.812 4.576 4.289 4.147 3.853 3.519 3.089 2.804 2.552 2.138 1.829 1.249 0.823
0.200 0.267 0.065 0.267 0.323 0.210 0.206 0.268 0.304 0.213 0.350 0.220 0.290 0.294 0.260 0.258 0.297 0.210 0.260 0.110 0.101 0.333 0.204 0.475 0.343 0.441 0.359 0.549 0.873 0.525 0.451 0.384 0.478 0.419 0.396 0.335 0.582 2.046 2.119 2.356 2.678 3.066 3.306 3.523 3.705 3.841 3.999 4.255 4.429 4.543 4.637 4.808 4.883 5.069 5.104 5.123 5.124 5.130 5.130 5.116 5.133 5.195 5.212 5.099 4.918 4.753 4.547 4.382 4.207 3.955 3.494 3.137 2.849 2.501 2.094 1.611 1.221
0.045 0.234 0.198 0.178 0.322 0.226 0.212 0.364 0.300 0.238 0.310 0.226 0.286 0.305 0.185 0.203 0.199 0.335 0.247 0.271 0.109 0.174 0.110 0.282 0.330 0.246 0.368 0.547 0.766 0.328 0.374 0.394 0.315 0.398 0.400 0.348 0.474 0.655 2.266 2.477 2.774 3.154 3.428 3.546 3.613 3.703 3.900 4.065 4.337 4.465 4.570 4.755 4.827 4.982 5.064 5.084 5.110 5.115 5.124 5.076 5.105 5.138 5.136 5.021 4.895 4.787 4.655 4.664 4.653 4.506 4.108 3.417 2.988 2.866 2.609 2.173 1.575
0.178 0.002 0.035 0.182 0.168 0.172 0.306 0.208 0.305 0.325 0.325 0.237 0.374 0.183 0.201 0.313 0.198 0.260 0.256 0.265 0.185 0.271 0.079 0.234 0.387 0.256 0.483 0.985 0.381 0.362 0.382 0.370 0.335 0.336 0.383 0.426 0.452 0.568 0.468 2.565 2.857 3.244 3.519 3.607 3.617 3.667 3.849 3.969 4.218 4.349 4.542 4.623 4.785 4.922 5.035 5.077 5.092 5.105 5.080 5.062 5.073 5.077 5.066 5.027 4.870 4.732 4.747 4.852 5.011 4.898 4.382 3.709 3.288 3.257 3.228 2.638 1.915
0.146 0.104 0.067 0.392 0.221 0.156 0.148 0.298 0.324 0.240 0.230 0.283 0.240 0.342 0.267 0.259 0.219 0.197 0.316 0.199 0.295 0.162 0.000 0.271 0.206 0.378 0.692 0.379 0.316 0.263 0.530 0.315 0.289 0.231 0.341 0.395 0.474 0.482 0.452 2.573 2.870 3.268 3.553 3.638 3.622 3.627 3.743 3.989 4.254 4.391 4.477 4.531 4.577 4.790 4.854 5.066 5.086 5.102 5.118 5.117 5.122 5.051 5.039 5.012 4.790 4.752 4.780 4.884 5.050 4.946 4.440 3.801 3.394 3.427 3.516 2.845 1.972
0.068 0.105 0.114 0.166 0.000 0.067 0.074 0.135 0.173 0.271 0.257 0.292 0.253 0.228 0.322 0.242 0.178 0.195 0.249 0.201 0.301 0.073 0.160 0.259 0.243 0.537 1.008 0.300 0.230 0.272 0.313 0.283 0.245 0.374 0.280 0.361 0.584 0.365 0.366 0.434 2.774 3.111 3.443 3.561 3.573 3.619 3.776 4.075 4.372 4.520 4.576 4.583 4.588 4.757 4.841 4.951 5.055 5.103 5.121 5.134 5.140 5.071 5.064 5.044 4.869 4.828 4.713 4.775 4.789 4.670 4.230 3.796 3.487 3.296 3.168 2.684 1.983
0.157 0.225 0.289 0.058 0.119 0.033 0.000 0.000 0.098 0.127 0.292 0.186 0.238 0.209 0.120 0.247 0.301 0.304 0.203 0.215 0.281 0.112 0.147 0.227 0.304 0.937 0.230 0.264 0.127 0.187 0.373 0.390 0.311 0.339 0.360 0.491 0.526 0.300 0.306 0.268 0.414 2.844 3.181 3.397 3.485 3.605 3.833 4.268 4.558 4.726 4.738 4.658 4.666 4.753 4.787 4.948 4.979 5.076 5.132 5.144 5.157 5.108 5.113 5.099 5.016 4.865 4.703 4.673 4.640 4.422 4.203 3.789 3.546 3.291 2.985 2.524 2.062
0.086 0.215 0.543 0.040 0.017 0.000 0.000 0.000 0.012 0.201 0.169 0.154 0.222 0.273 0.272 0.215 0.311 0.348 0.367 0.258 0.126 0.145 0.265 0.316 0.565 0.313 0.156 0.170 0.132 0.136 0.208 0.397 0.301 0.311 0.408 0.628 0.264 0.307 0.355 0.376 0.334 2.577 2.922 3.117 3.368 3.567 3.865 4.323 4.724 4.918 4.884 4.737 4.686 4.766 4.812 4.960 4.990 5.013 5.119 5.143 5.149 5.183 5.234 5.182 5.100 5.031 4.882 4.791 4.591 4.484 4.197 3.889 3.707 3.412 3.084 2.631 2.348
0.101 0.133 0.110 0.164 0.202 0.000 0.000 0.012 0.002 0.000 0.134 0.314 0.209 0.254 0.212 0.328 0.294 0.471 0.302 0.170 0.132 0.182 0.286 0.401 0.956 0.255 0.180 0.174 0.194 0.237 0.317 0.233 0.389 0.426 0.511 0.760 0.305 0.275 0.331 0.182 0.338 0.276 2.682 2.898 3.123 3.384 3.807 4.232 4.722 4.934 4.894 4.763 4.675 4.769 4.845 4.923 5.022 5.032 5.069 5.114 5.199 5.247 5.296 5.299 5.244 5.111 5.024 4.916 4.751 4.533 4.437 4.238 4.142 3.797 3.305 2.929 2.612
