includes/estuary_coast/floodfiles/results/res-0007.wdfp
ncols         730
nrows         472
xllcorner     380617.130607059982140
yllcorner     6542069.774948899634182
cellsize      20.000000000000000
NODATA_value  -9999.000000
[rows 136 to 169 of 472, columns 0 to 76 of 730]
1.440 1.914 2.414 2.475 2.482 2.622 2.517 2.857 2.977 2.832 2.699 2.566 2.406 2.873 2.936 2.818 2.838 2.718 2.747 2.723 2.690 2.703 2.766 2.648 2.711 2.647 2.625 2.656 2.692 2.603 2.729 2.537 2.542 2.552 2.672 2.501 2.571 2.433 2.551 2.508 2.423 2.534 2.627 2.663 2.564 2.657 2.609 2.558 2.583 2.576 2.662 2.497 2.691 2.582 2.594 2.513 2.539 2.676 2.503 2.523 2.765 2.583 2.554 2.569 2.512 2.531 2.514 2.574 2.598 2.631 2.705 2.559 2.503 2.476 2.515 2.627 2.633
1.277 1.296 2.116 2.353 2.484 2.362 2.371 2.680 2.591 2.669 2.515 2.498 2.486 2.819 2.870 2.943 2.782 2.692 2.643 2.730 2.687 2.732 2.629 2.718 2.682 2.689 2.637 2.581 2.723 2.620 2.569 2.537 2.508 2.539 2.439 2.591 2.627 2.426 2.497 2.538 2.445 2.375 2.573 2.701 2.576 2.558 2.559 2.555 2.554 2.620 2.533 2.486 2.478 2.555 2.547 2.502 2.448 2.565 2.503 2.529 2.642 2.709 2.642 2.649 2.566 2.486 2.432 2.379 2.533 2.599 2.653 2.525 2.623 2.551 2.552 2.605 2.696
2.166 1.744 1.399 1.869 2.245 2.398 2.512 2.414 2.367 2.387 2.488 2.462 2.486 2.793 2.706 2.763 2.658 2.716 2.741 2.631 2.568 2.590 2.663 2.731 2.614 2.550 2.676 2.594 2.652 2.599 2.539 2.507 2.469 2.417 2.435 2.492 2.497 2.446 2.428 2.383 2.284 2.174 2.224 2.364 2.659 2.540 2.589 2.515 2.443 2.559 2.516 2.542 2.489 2.429 2.407 2.468 2.539 2.483 2.528 2.561 2.561 2.537 2.702 2.716 2.553 2.535 2.477 2.492 2.431 2.566 2.549 2.547 2.545 2.541 2.537 2.522 2.521
1.779 2.078 1.865 1.704 1.539 1.734 1.994 2.006 2.070 2.307 2.686 2.829 2.563 2.475 2.759 2.750 2.822 2.694 2.646 2.693 2.657 2.715 2.668 2.666 2.597 2.556 2.588 2.585 2.532 2.607 2.445 2.574 2.509 2.455 2.393 2.403 2.376 2.399 2.451 2.433 2.349 2.215 1.937 2.240 2.347 2.438 2.449 2.390 2.485 2.603 2.487 2.414 2.493 2.468 2.393 2.489 2.537 2.494 2.493 2.487 2.513 2.490 2.607 2.647 2.610 2.539 2.541 2.489 2.438 2.563 2.657 2.535 2.482 2.636 2.465 2.558 2.533
1.888 1.982 2.203 2.127 2.155 2.242 2.352 2.413 2.528 2.582 2.534 2.718 2.712 2.743 2.686 2.777 2.666 2.671 2.581 2.615 2.624 2.603 2.660 2.532 2.597 2.488 2.597 2.547 2.553 2.500 2.531 2.500 2.469 2.445 2.461 2.368 2.371 2.371 2.491 2.373 2.296 2.075 2.059 2.237 2.366 2.413 2.403 2.448 2.332 2.446 2.356 2.372 2.493 2.536 2.367 2.386 2.418 2.454 2.387 2.500 2.595 2.434 2.503 2.546 2.674 2.610 2.582 2.451 2.487 2.509 2.514 2.622 2.553 2.582 2.564 2.545 2.482
2.692 2.369 2.347 2.140 2.190 2.561 2.560 2.611 2.531 2.522 2.763 2.753 2.706 2.739 2.743 2.679 2.589 2.529 2.514 2.558 2.494 2.503 2.559 2.520 2.431 2.535 2.615 2.472 2.492 2.463 2.518 2.541 2.504 2.523 2.457 2.465 2.331 2.266 2.387 2.304 2.304 2.077 2.322 2.262 2.533 2.329 2.329 2.441 2.446 2.372 2.401 2.340 2.386 2.502 2.309 2.324 2.340 2.498 2.393 2.341 2.325 2.487 2.409 2.502 2.509 2.684 2.515 2.505 2.493 2.469 2.441 2.529 2.545 2.450 2.491 2.493 2.433
2.621 2.740 2.255 2.386 2.439 2.797 2.641 2.468 2.531 2.591 2.602 2.744 2.811 2.742 2.856 2.587 2.425 2.470 2.524 2.427 2.442 2.417 2.504 2.379 2.461 2.457 2.389 2.426 2.539 2.460 2.413 2.495 2.425 2.464 2.460 2.388 2.292 2.300 2.277 2.259 2.276 2.277 2.199 2.267 2.281 2.222 2.395 2.300 2.282 2.272 2.329 2.381 2.232 2.278 2.252 2.259 2.437 2.355 2.346 2.386 2.368 2.496 2.389 2.505 2.498 2.458 2.689 2.510 2.452 2.442 2.453 2.378 2.592 2.443 2.559 2.611 2.578
2.609 2.697 2.822 2.487 2.629 2.799 2.971 3.025 2.853 2.657 2.778 2.649 2.534 2.682 2.791 2.589 2.553 2.162 2.340 2.399 2.311 2.346 2.421 2.434 2.511 2.415 2.365 2.503 2.445 2.383 2.401 2.358 2.494 2.353 2.497 2.386 2.265 2.233 2.287 2.196 2.264 2.289 2.240 2.318 2.169 2.317 2.205 1.532 1.908 2.034 2.098 2.202 2.356 2.239 2.343 2.279 2.167 2.314 2.252 2.343 2.334 2.460 2.473 2.471 2.465 2.445 2.517 2.506 2.614 2.499 2.453 2.444 2.472 2.450 2.396 2.637 2.524
2.629 2.604 2.677 2.787 2.834 2.932 3.105 3.357 3.119 3.296 2.838 2.670 2.419 2.231 2.516 2.529 1.928 1.974 2.092 2.269 2.309 2.378 2.300 2.423 2.308 2.374 2.434 2.361 2.361 2.376 2.403 2.342 2.322 2.382 2.365 2.319 2.278 2.301 2.309 2.192 2.157 2.179 2.064 2.127 2.231 2.254 1.015 1.315 1.624 1.788 1.584 2.011 2.059 2.115 2.090 2.201 2.164 2.187 2.255 2.297 2.257 2.387 2.356 2.407 2.475 2.446 2.431 2.483 2.641 2.531 2.510 2.432 2.453 2.379 2.419 2.504 2.488
2.705 2.690 2.556 2.746 2.749 2.822 2.888 3.001 3.406 3.031 2.876 2.911 2.807 1.923 2.081 2.249 1.799 1.844 1.681 2.156 2.202 2.253 2.304 2.384 2.262 2.246 2.405 2.291 2.375 2.282 2.362 2.317 2.251 2.272 2.265 2.232 2.266 2.229 2.201 2.200 2.066 1.952 2.040 2.079 2.150 0.753 0.832 0.863 1.095 1.252 1.835 1.958 1.963 2.032 2.007 2.052 2.123 2.177 2.286 2.199 2.284 2.261 2.359 2.426 2.459 2.393 2.368 2.474 2.514 2.471 2.497 2.521 2.447 2.414 2.414 2.408 2.440
2.704 2.740 2.654 2.895 2.873 2.851 2.907 2.926 3.141 2.910 2.697 2.248 2.737 2.450 1.646 1.681 1.223 1.431 1.337 1.860 1.997 2.137 2.221 2.258 2.365 2.237 2.252 2.341 2.290 2.234 0.000 0.000 0.000 0.000 1.859 2.196 2.215 2.136 2.010 2.069 1.475 1.425 1.589 1.949 2.043 1.671 0.721 0.451 0.745 1.416 1.691 1.824 1.898 1.981 1.959 2.060 2.044 2.144 2.125 2.216 2.218 2.285 2.350 2.288 2.392 2.399 2.372 2.370 2.412 2.445 2.366 2.430 2.453 2.478 2.391 2.437 2.419
2.657 2.721 2.710 2.859 2.851 2.896 2.886 3.109 2.994 2.883 2.797 2.219 2.064 2.349 1.421 1.799 1.297 0.812 1.091 1.605 1.854 1.995 2.040 2.313 2.190 2.145 2.151 1.830 1.490 0.000 0.000 0.000 0.000 0.000 0.000 2.054 1.942 2.031 1.637 0.000 1.312 0.920 1.289 0.000 0.000 0.000 0.000 0.000 0.485 0.577 1.443 1.646 1.857 1.879 1.851 1.922 1.917 2.234 2.170 2.022 1.871 1.975 2.031 2.297 2.248 2.248 2.263 2.348 2.333 2.373 2.388 2.354 2.501 2.549 2.309 2.424 2.416
2.805 2.815 2.831 2.840 2.844 2.961 3.344 2.979 2.831 2.814 2.788 2.762 1.525 2.126 1.089 1.386 1.251 1.035 0.792 1.111 1.504 1.879 1.969 1.974 2.031 1.635 0.677 0.000 0.000 0.000 0.000 0.000 0.000 0.000 0.000 0.000 0.000 0.000 0.000 0.000 0.000 0.000 0.000 0.000 0.000 0.000 0.000 0.000 0.000 0.000 1.104 1.441 1.414 1.784 1.850 1.988 2.043 2.065 2.018 1.932 1.737 1.842 1.979 2.095 2.048 2.074 2.225 2.349 2.314 2.322 2.321 2.334 2.340 2.424 2.352 2.339 2.341
2.863 2.761 2.908 2.963 2.937 3.102 3.077 2.979 2.857 2.794 2.840 2.744 2.321 1.718 1.825 1.138 1.134 0.731 0.456 0.729 1.224 1.318 1.539 1.470 0.665 0.010 0.000 0.000 0.000 0.000 0.000 0.000 0.000 0.000 0.000 0.000 0.000 0.000 0.000 0.000 0.000 0.000 0.000 0.000 0.000 0.000 0.000 0.000 0.000 0.000 0.000 0.527 0.835 1.202 1.446 1.690 2.001 1.979 1.810 1.906 1.829 1.838 1.881 1.929 1.987 1.993 2.138 2.192 2.209 2.383 2.307 2.354 2.428 2.250 2.327 2.296 2.338
2.838 2.895 2.947 3.015 2.945 2.965 3.140 2.925 2.918 2.866 2.837 2.922 2.354 1.568 1.793 0.877 1.011 0.782 0.218 0.366 0.660 0.669 0.763 0.110 0.000 0.000 0.000 0.000 0.000 0.000 0.000 0.000 0.000 0.000 0.000 0.000 0.000 0.000 0.000 0.000 0.000 0.000 0.000 0.000 0.000 0.000 0.000 0.000 0.000 0.000 0.000 0.000 0.000 1.019 1.255 1.349 1.675 1.796 1.807 1.753 1.724 1.667 1.819 1.804 1.826 1.870 1.993 2.101 2.152 2.196 2.218 2.290 2.245 2.368 2.367 2.387 2.346
3.059 2.915 2.988 2.950 3.197 3.087 2.929 2.864 2.907 2.855 2.914 2.808 2.788 1.424 1.756 0.789 0.868 0.535 0.285 0.183 0.062 0.000 0.000 0.000 0.000 0.000 0.000 0.000 0.000 0.000 0.000 0.000 0.000 0.000 0.000 0.000 0.000 0.000 0.000 0.000 0.000 0.000 0.000 0.000 0.000 0.000 0.000 0.000 0.000 0.000 0.000 0.000 0.000 0.629 0.962 1.295 1.522 1.545 1.524 1.566 1.453 1.513 1.668 1.733 1.709 1.862 1.915 2.044 2.084 2.159 2.148 2.203 2.241 2.316 2.238 2.302 2.424
3.123 3.178 3.176 3.301 3.259 2.977 2.906 2.877 2.873 2.980 2.864 2.772 2.824 2.797 1.298 1.521 0.733 0.721 0.239 0.000 0.000 0.000 0.000 0.000 0.000 0.000 0.000 0.000 0.000 0.000 0.000 0.000 0.000 0.000 0.000 0.000 0.000 0.000 0.000 0.000 0.000 0.000 0.000 0.000 0.000 0.000 0.000 0.000 0.000 0.000 0.000 0.000 0.000 0.000 0.546 0.957 1.381 1.383 1.374 1.363 1.476 1.438 1.613 1.612 1.689 1.832 1.953 2.001 2.010 2.054 2.105 2.085 2.163 2.285 2.183 2.220 2.271
3.056 3.167 3.236 3.210 2.997 2.943 2.874 2.957 2.912 2.826 2.924 2.899 2.844 2.823 1.286 1.546 1.214 0.891 0.560 0.000 0.000 0.000 0.000 0.000 0.000 0.000 0.000 0.000 0.000 0.000 0.000 0.000 0.000 0.000 0.000 0.000 0.000 0.000 0.000 0.000 0.000 0.000 0.000 0.000 0.000 0.000 0.000 0.000 0.000 0.000 0.000 0.000 0.000 0.000 0.000 0.818 1.128 1.091 1.216 1.274 1.346 1.466 1.559 1.672 1.623 1.688 1.904 1.908 1.984 2.033 2.052 2.108 2.160 2.189 2.155 2.209 2.290
3.124 3.231 3.511 3.019 3.086 2.953 2.940 2.975 2.880 2.870 2.890 2.870 2.865 2.808 2.038 1.586 1.516 1.177 0.876 0.229 0.000 0.000 0.000 0.000 0.000 0.000 0.000 0.000 0.000 0.000 0.000 0.000 0.000 0.000 0.000 0.000 0.000 0.000 0.000 0.000 0.000 0.000 0.000 0.000 0.000 0.000 0.000 0.000 0.000 0.000 0.000 0.000 0.000 0.000 0.000 0.000 1.037 1.074 1.093 1.245 1.277 1.453 1.491 1.559 1.660 1.684 1.760 1.780 1.873 2.023 2.020 2.034 2.056 2.226 2.062 2.267 2.129
3.184 3.452 3.286 3.156 2.987 3.066 3.053 2.993 3.001 3.029 2.978 2.963 2.854 2.906 2.823 1.460 1.649 1.072 0.833 0.512 0.000 0.000 0.000 0.000 0.000 0.000 0.000 0.000 0.000 0.000 0.000 0.000 0.000 0.000 0.000 0.000 0.000 0.000 0.000 0.000 0.000 0.000 0.000 0.000 0.000 0.000 0.000 0.000 0.000 0.000 0.000 0.000 0.000 0.000 0.000 0.000 0.000 0.691 0.947 1.196 1.347 1.419 1.613 1.610 1.622 1.637 1.760 1.707 1.868 1.895 1.993 2.025 2.105 2.136 2.114 2.169 2.074
3.498 3.193 3.012 3.127 3.139 3.082 3.025 2.946 2.983 3.048 3.056 2.943 2.918 2.962 2.901 1.642 1.645 1.577 0.922 0.467 0.000 0.000 0.000 0.000 0.000 0.000 0.000 0.000 0.000 0.000 0.000 0.000 0.000 0.000 0.000 0.000 0.000 0.000 0.000 0.000 0.000 0.000 0.000 0.000 0.000 0.000 0.000 0.000 0.000 0.000 0.000 0.000 0.000 0.000 0.000 0.000 0.000 0.000 0.688 1.026 1.204 1.394 1.476 1.602 1.685 1.670 1.692 1.747 1.770 1.833 1.947 1.981 1.979 1.943 2.009 2.047 2.001
3.345 3.209 3.177 3.119 3.156 3.043 3.038 3.036 3.031 2.976 3.007 2.972 2.932 2.871 2.976 2.095 1.569 1.554 1.007 0.417 0.000 0.000 0.000 0.000 0.000 0.000 0.000 0.000 0.000 0.000 0.000 0.000 0.000 0.000 0.000 0.000 0.000 0.000 0.000 0.000 0.000 0.000 0.000 0.000 0.000 0.000 0.000 0.000 0.000 0.000 0.000 0.000 0.000 0.000 0.000 0.000 0.000 0.003 0.000 0.834 1.067 1.398 1.386 1.584 1.630 1.668 1.702 1.733 1.760 1.832 1.881 1.932 1.879 1.983 1.980 2.241 2.096
3.192 3.273 3.106 3.129 3.179 3.278 3.136 3.107 3.023 3.083 2.998 3.014 3.037 2.922 2.913 2.484 1.505 1.562 1.334 0.495 0.000 0.000 0.000 0.000 0.000 0.000 0.000 0.000 0.000 0.000 0.000 0.000 0.000 0.000 0.000 0.000 0.000 0.000 0.000 0.000 0.000 0.000 0.000 0.000 0.000 0.000 0.000 0.000 0.000 0.000 0.000 0.000 0.000 0.000 0.000 0.000 0.000 0.000 0.003 0.000 0.894 1.184 1.289 1.498 1.765 1.639 1.664 1.716 1.733 1.857 1.784 1.857 1.806 1.963 2.000 2.054 2.020
3.366 3.230 3.240 3.157 3.161 3.089 3.168 3.234 3.088 3.143 3.070 3.006 3.019 2.948 2.969 2.863 1.543 1.098 0.976 0.748 0.000 0.000 0.000 0.000 0.000 0.000 0.000 0.000 0.000 0.000 0.000 0.000 0.000 0.000 0.000 0.000 0.000 0.000 0.000 0.000 0.000 0.000 0.000 0.000 0.000 0.000 0.000 0.000 0.000 0.000 0.000 0.000 0.000 0.000 0.000 0.000 0.000 0.000 0.000 0.003 0.000 1.125 1.217 1.399 1.528 1.614 1.607 1.654 1.696 1.656 1.765 1.847 1.743 1.937 1.970 1.888 2.023
3.326 3.221 3.172 3.206 3.220 3.198 3.207 3.281 3.210 3.131 3.117 3.133 3.004 3.052 2.935 2.874 2.847 0.986 0.752 0.529 0.000 0.000 0.000 0.000 0.000 0.000 0.000 0.000 0.000 0.000 0.000 0.000 0.000 0.000 0.000 0.000 0.000 0.000 0.000 0.000 0.000 0.000 0.000 0.000 0.000 0.000 0.000 0.000 0.000 0.000 0.000 0.000 0.000 0.000 0.000 0.000 0.000 0.000 0.000 0.000 0.003 0.000 1.060 1.235 1.441 1.519 1.625 1.620 1.794 1.678 1.713 1.738 1.781 1.937 1.885 1.868 2.040
3.296 3.346 3.300 3.174 3.245 3.130 3.165 3.276 3.226 3.289 3.368 3.084 3.092 3.100 2.908 2.893 2.772 2.671 0.329 0.628 0.000 0.000 0.000 0.000 0.000 0.000 0.000 0.000 0.000 0.000 0.000 0.000 0.000 0.000 0.000 0.000 0.000 0.000 0.000 0.000 0.000 0.000 0.000 0.000 0.000 0.000 0.000 0.000 0.000 0.000 0.000 0.000 0.000 0.000 0.000 0.000 0.000 0.000 0.000 0.000 0.000 0.000 0.956 1.102 1.451 1.445 1.574 1.598 1.630 1.679 1.610 1.701 1.818 1.809 1.838 1.927 1.910
3.318 3.327 3.312 3.249 3.262 3.191 3.229 3.248 3.266 3.485 3.464 3.318 3.265 3.100 2.933 2.922 2.798 2.630 0.175 0.557 0.000 0.000 0.000 0.000 0.000 0.000 0.000 0.000 0.000 0.000 0.000 0.000 0.000 0.000 0.000 0.000 0.000 0.000 0.000 0.000 0.000 0.000 0.000 0.000 0.000 0.000 0.000 0.000 0.000 0.000 0.000 0.000 0.000 0.000 0.000 0.000 0.000 0.000 0.000 0.000 0.000 0.001 0.648 0.886 1.390 1.421 1.533 1.563 1.573 1.704 1.669 1.658 1.714 1.749 1.772 1.836 1.930
3.213 3.221 3.345 3.269 3.273 3.273 3.419 3.509 3.474 3.561 3.491 3.281 3.319 3.283 3.142 3.057 2.907 2.730 0.027 0.514 0.000 0.000 0.000 0.000 0.000 0.000 0.000 0.000 0.000 0.000 0.000 0.000 0.000 0.000 0.000 0.000 0.000 0.000 0.000 0.000 0.000 0.000 0.000 0.000 0.000 0.000 0.000 0.000 0.000 0.000 0.000 0.000 0.000 0.000 0.000 0.000 0.000 0.000 0.000 0.000 0.000 0.003 0.000 0.868 1.235 1.400 1.471 1.564 1.624 1.624 1.662 1.664 1.768 1.708 1.787 1.880 1.794
3.324 3.347 3.354 3.346 3.423 3.362 3.569 3.545 3.319 3.205 3.402 3.285 3.309 3.170 3.146 3.076 2.955 2.747 0.118 0.196 0.000 0.000 0.000 0.000 0.000 0.000 0.000 0.000 0.000 0.000 0.000 0.000 0.000 0.000 0.000 0.000 0.000 0.000 0.000 0.000 0.000 0.000 0.000 0.000 0.000 0.000 0.000 0.000 0.000 0.000 0.000 0.000 0.000 0.000 0.000 0.000 0.000 0.000 0.000 0.000 0.000 0.000 0.001 0.572 1.250 1.329 1.439 1.583 1.465 1.687 1.647 1.616 1.732 1.661 1.805 1.886 1.768
3.385 3.369 3.328 3.492 3.389 3.376 3.701 3.305 3.307 3.256 3.164 3.315 2.955 3.082 3.166 3.070 2.893 2.918 0.000 0.322 0.000 0.000 0.000 0.000 0.000 0.000 0.000 0.000 0.000 0.000 0.000 0.000 0.000 0.000 0.000 0.000 0.000 0.000 0.000 0.000 0.000 0.000 0.000 0.000 0.000 0.000 0.000 0.000 0.000 0.000 0.000 0.000 0.000 0.000 0.000 0.000 0.000 0.000 0.000 0.000 0.000 0.000 0.003 0.000 1.055 1.315 1.355 1.472 1.490 1.527 1.664 1.603 1.559 1.656 1.602 1.760 1.885
3.405 3.389 3.360 3.439 3.492 3.584 3.606 3.314 3.318 3.201 3.092 3.187 2.677 3.046 3.180 3.341 3.040 2.919 1.592 0.005 0.000 0.000 0.000 0.000 0.000 0.000 0.000 0.000 0.000 0.000 0.000 0.000 0.000 0.000 0.000 0.000 0.000 0.000 0.000 0.000 0.000 0.000 0.000 0.000 0.000 0.000 0.000 0.000 0.000 0.000 0.000 0.000 0.000 0.000 0.000 0.000 0.000 0.000 0.000 0.000 0.000 0.000 0.000 0.000 0.695 1.240 1.509 1.447 1.540 1.570 1.517 1.646 1.618 1.735 1.614 1.804 1.699
3.449 3.476 3.497 3.541 3.681 3.338 3.346 3.294 3.210 3.117 3.152 2.932 2.569 3.104 3.079 3.252 3.098 2.971 2.631 0.000 0.000 0.000 0.000 0.000 0.000 0.000 0.000 0.000 0.000 0.000 0.000 0.000 0.000 0.000 0.000 0.000 0.000 0.000 0.000 0.000 0.000 0.000 0.000 0.000 0.000 0.000 0.000 0.000 0.000 0.000 0.000 0.000 0.000 0.000 0.000 0.000 0.000 0.000 0.000 0.000 0.000 0.000 0.000 0.002 0.000 1.317 1.410 1.409 1.468 1.558 1.452 1.551 1.674 1.622 1.575 1.662 1.642
3.540 3.432 3.571 3.704 3.309 3.296 3.288 3.286 3.311 3.146 3.157 3.202 3.048 3.010 3.059 3.054 3.193 2.964 2.885 1.691 0.000 0.000 0.000 0.000 0.000 0.000 0.000 0.000 0.000 0.000 0.000 0.000 0.000 0.000 0.000 0.000 0.000 0.000 0.000 0.000 0.000 0.000 0.000 0.000 0.000 0.000 0.000 0.000 0.000 0.000 0.000 0.000 0.000 0.000 0.000 0.000 0.000 0.000 0.000 0.000 0.000 0.000 0.000 0.000 0.000 0.918 1.362 1.429 1.491 1.498 1.462 1.598 1.640 1.566 1.630 1.708 1.639
3.597 3.573 3.658 3.399 3.355 3.384 3.406 3.292 3.317 3.210 3.200 3.199 3.132 2.712 2.990 3.039 3.082 3.081 2.994 2.711 0.000 0.000 0.000 0.000 0.000 0.000 0.000 0.000 0.000 0.000 0.000 0.000 0.000 0.000 0.000 0.000 0.000 0.000 0.000 0.000 0.000 0.000 0.000 0.000 0.000 0.000 0.000 0.000 0.000 0.000 0.000 0.000 0.000 0.000 0.000 0.000 0.000 0.000 0.000 0.000 0.000 0.000 0.000 0.000 0.003 0.000 1.308 1.372 1.370 1.437 1.541 1.493 1.460 1.628 1.691 1.621 1.722
