includes/estuary_coast/floodfiles/results/res-0006.wdfp
ncols         730
nrows         472
xllcorner     380617.130607
yllcorner     6542069.774949
cellsize      20.000000
NODATA_value  -9999.000000
[rows 272 to 305 of 472, columns 0 to 76 of 730]
4.335 4.314 4.271 4.235 4.198 4.163 4.153 4.152 4.140 4.101 4.059 4.007 3.975 3.956 3.945 3.922 3.893 3.848 3.814 3.789 3.767 3.723 3.677 3.650 3.600 3.555 3.530 3.502 3.469 3.418 3.376 3.355 3.339 3.324 3.289 3.239 3.165 3.119 3.094 3.090 3.085 3.062 3.044 3.010 2.994 2.977 2.951 2.916 2.054 1.852 1.882 1.830 1.846 1.739 1.707 1.708 1.757 1.659 1.736 1.730 1.815 1.621 1.695 1.794 1.820 1.677 1.770 1.668 1.737 1.839 1.723 1.747 1.602 1.428 1.542 1.480 1.458
4.328 4.306 4.273 4.232 4.200 4.165 4.154 4.145 4.131 4.090 4.049 4.008 3.964 3.949 3.944 3.931 3.898 3.865 3.823 3.798 3.773 3.755 3.701 3.657 3.612 3.582 3.555 3.512 3.484 3.434 3.402 3.350 3.332 3.309 3.275 3.226 3.159 3.104 3.083 3.082 3.081 3.069 3.036 3.013 3.001 2.992 2.974 2.942 2.915 2.890 2.853 1.928 1.778 1.869 1.777 1.734 1.856 1.808 1.722 1.659 1.654 1.760 1.696 1.764 1.865 1.808 1.841 1.650 1.594 1.860 1.621 1.539 1.519 1.469 1.476 1.569 1.440
4.323 4.299 4.274 4.246 4.204 4.168 4.154 4.137 4.115 4.076 4.038 3.999 3.957 3.945 3.943 3.935 3.902 3.866 3.822 3.794 3.780 3.768 3.732 3.684 3.624 3.588 3.562 3.536 3.499 3.456 3.413 3.364 3.336 3.308 3.272 3.228 3.162 3.110 3.086 3.084 3.081 3.068 3.048 3.013 3.003 3.000 2.993 2.965 2.932 2.907 2.873 1.916 1.952 1.977 1.722 1.763 1.710 1.702 1.694 1.900 1.687 1.629 1.646 1.723 1.815 1.839 1.677 1.583 1.610 1.698 1.590 1.498 1.353 1.594 1.520 1.460 1.512
4.325 4.300 4.276 4.252 4.229 4.174 4.142 4.126 4.106 4.074 4.041 3.998 3.958 3.945 3.942 3.931 3.896 3.861 3.812 3.793 3.787 3.783 3.763 3.696 3.641 3.588 3.561 3.549 3.532 3.488 3.431 3.375 3.341 3.309 3.275 3.236 3.180 3.127 3.099 3.090 3.082 3.067 3.039 3.018 3.003 3.002 2.998 2.977 2.941 2.916 2.886 1.767 1.922 1.833 1.794 1.830 1.718 1.719 1.763 1.721 1.668 1.674 1.625 1.603 1.694 1.708 1.631 1.525 1.471 1.694 1.587 1.468 1.532 1.439 1.433 1.537 1.442
4.326 4.300 4.277 4.257 4.238 4.186 4.145 4.124 4.101 4.069 4.040 3.999 3.961 3.947 3.935 3.922 3.885 3.853 3.807 3.791 3.791 3.792 3.773 3.705 3.641 3.590 3.560 3.556 3.545 3.504 3.444 3.391 3.355 3.324 3.283 3.250 3.190 3.161 3.113 3.103 3.089 3.072 3.040 3.020 3.003 3.000 2.992 2.974 2.950 2.912 2.892 2.890 1.945 1.909 1.872 1.767 1.789 1.820 1.776 1.792 1.782 1.757 1.740 1.816 1.741 1.742 1.698 1.601 1.544 1.509 1.554 1.490 1.563 1.385 1.521 1.486 1.493
4.324 4.297 4.276 4.257 4.230 4.189 4.156 4.123 4.097 4.072 4.046 4.005 3.967 3.951 3.925 3.909 3.887 3.846 3.803 3.789 3.787 3.785 3.760 3.699 3.637 3.587 3.559 3.557 3.548 3.501 3.451 3.388 3.353 3.326 3.298 3.270 3.219 3.176 3.132 3.113 3.097 3.078 3.057 3.015 3.004 2.994 2.982 2.967 2.946 2.914 2.895 2.894 1.982 1.863 1.930 1.835 1.845 1.797 1.857 1.880 1.807 1.719 1.746 1.724 1.685 1.689 1.653 1.718 1.624 1.475 1.368 1.522 1.566 1.504 1.615 1.636 1.516
4.328 4.289 4.269 4.258 4.236 4.201 4.173 4.126 4.097 4.072 4.049 4.028 3.979 3.940 3.923 3.904 3.883 3.843 3.806 3.789 3.776 3.768 3.738 3.687 3.636 3.589 3.559 3.551 3.537 3.497 3.433 3.386 3.353 3.320 3.302 3.280 3.233 3.190 3.166 3.123 3.105 3.086 3.067 3.030 3.008 2.991 2.979 2.963 2.946 2.927 2.895 2.892 2.006 1.993 1.942 1.930 1.926 1.838 1.781 1.809 1.788 1.805 1.798 1.779 1.630 1.663 1.724 1.777 1.677 1.641 1.528 1.446 1.708 1.674 1.503 1.528 1.571
4.318 4.287 4.262 4.257 4.246 4.213 4.179 4.143 4.095 4.069 4.049 4.032 3.983 3.950 3.931 3.899 3.878 3.855 3.817 3.781 3.767 3.753 3.719 3.673 3.634 3.598 3.558 3.541 3.520 3.473 3.411 3.365 3.333 3.314 3.305 3.287 3.237 3.206 3.176 3.142 3.126 3.100 3.065 3.047 3.016 2.988 2.974 2.960 2.945 2.929 2.907 2.894 2.883 1.937 1.956 1.890 1.928 1.833 1.830 1.837 1.885 1.798 1.809 1.826 1.799 1.823 1.883 1.824 1.760 1.730 1.685 1.675 1.588 1.410 1.518 1.487 1.483
4.308 4.278 4.259 4.258 4.250 4.218 4.177 4.135 4.088 4.062 4.040 4.028 3.984 3.963 3.935 3.901 3.878 3.858 3.820 3.802 3.764 3.738 3.708 3.680 3.632 3.586 3.560 3.532 3.504 3.453 3.404 3.346 3.316 3.309 3.306 3.285 3.255 3.203 3.174 3.153 3.139 3.113 3.076 3.056 3.035 3.005 2.973 2.959 2.945 2.926 2.910 2.893 2.876 1.914 1.945 1.904 1.860 1.917 2.039 1.840 1.803 1.812 1.749 1.845 1.946 1.794 1.845 1.809 1.778 1.720 1.657 1.665 1.578 1.619 1.577 1.505 1.501
4.303 4.276 4.258 4.255 4.246 4.212 4.169 4.124 4.084 4.046 4.033 4.018 3.994 3.971 3.944 3.902 3.879 3.859 3.835 3.800 3.758 3.738 3.704 3.677 3.649 3.603 3.560 3.527 3.497 3.458 3.389 3.346 3.315 3.308 3.305 3.289 3.248 3.197 3.165 3.144 3.134 3.118 3.102 3.062 3.026 3.004 2.976 2.958 2.946 2.924 2.915 2.895 2.887 1.956 1.880 1.916 1.971 1.960 1.755 1.820 1.791 1.784 1.795 1.878 2.008 1.803 1.793 1.807 1.800 1.753 1.725 1.712 1.629 1.707 1.556 1.589 1.505
4.296 4.274 4.252 4.243 4.231 4.194 4.154 4.110 4.070 4.041 4.025 4.020 4.003 3.976 3.945 3.903 3.879 3.860 3.836 3.800 3.782 3.734 3.705 3.677 3.650 3.605 3.555 3.529 3.499 3.455 3.408 3.357 3.324 3.313 3.305 3.287 3.241 3.199 3.154 3.132 3.127 3.125 3.106 3.066 3.026 2.998 2.977 2.964 2.943 2.924 2.917 2.900 2.892 2.862 2.852 2.018 2.034 1.721 1.872 1.518 1.792 1.850 1.871 2.003 1.803 1.813 1.720 1.789 1.829 1.720 1.749 1.731 1.690 1.634 1.661 1.562 1.501
4.295 4.275 4.246 4.223 4.207 4.173 4.138 4.099 4.063 4.035 4.022 4.020 4.004 3.974 3.939 3.906 3.871 3.847 3.838 3.819 3.786 3.757 3.709 3.677 3.649 3.613 3.590 3.538 3.502 3.469 3.425 3.389 3.338 3.322 3.306 3.279 3.246 3.192 3.148 3.127 3.123 3.120 3.105 3.066 3.018 2.985 2.960 2.947 2.935 2.923 2.918 2.903 2.894 2.886 2.870 2.853 2.842 2.819 2.800 2.783 1.924 1.878 1.949 1.985 1.932 1.843 1.748 1.725 1.353 1.744 1.721 1.741 1.592 1.659 1.639 1.509 1.623
4.305 4.274 4.227 4.209 4.190 4.160 4.130 4.086 4.057 4.036 4.020 4.015 3.993 3.965 3.930 3.896 3.868 3.844 3.840 3.829 3.799 3.763 3.720 3.674 3.635 3.611 3.586 3.551 3.525 3.480 3.445 3.412 3.365 3.331 3.305 3.281 3.249 3.197 3.156 3.135 3.125 3.121 3.105 3.063 3.008 2.968 2.938 2.926 2.930 2.933 2.922 2.909 2.901 2.893 2.886 2.860 2.837 2.825 2.803 2.781 2.769 2.757 2.745 2.720 1.762 1.771 1.804 1.767 1.796 1.745 1.755 1.662 1.727 1.676 1.506 1.566 1.566
4.291 4.271 4.209 4.191 4.170 4.146 4.119 4.082 4.058 4.040 4.017 3.999 3.977 3.951 3.919 3.887 3.861 3.842 3.841 3.834 3.805 3.765 3.721 3.680 3.631 3.609 3.591 3.568 3.544 3.499 3.463 3.430 3.403 3.357 3.313 3.288 3.250 3.214 3.182 3.144 3.132 3.121 3.101 3.057 3.009 2.958 2.923 2.911 2.920 2.928 2.921 2.909 2.901 2.893 2.887 2.882 2.862 2.832 2.808 2.792 2.776 2.763 2.747 2.723 2.702 2.685 2.676 2.655 2.642 1.812 1.737 1.596 1.619 1.599 1.500 1.510 1.545
4.281 4.253 4.220 4.186 4.162 4.136 4.111 4.087 4.056 4.040 3.997 3.985 3.969 3.937 3.910 3.883 3.859 3.841 3.837 3.826 3.798 3.758 3.714 3.670 3.621 3.601 3.593 3.582 3.561 3.514 3.477 3.443 3.404 3.368 3.326 3.293 3.267 3.232 3.204 3.173 3.137 3.120 3.097 3.065 3.011 2.964 2.930 2.917 2.922 2.930 2.926 2.919 2.899 2.892 2.887 2.883 2.875 2.847 2.814 2.795 2.779 2.775 2.748 2.738 2.715 2.696 2.670 2.658 2.644 2.631 2.600 2.598 2.602 2.605 1.514 1.554 1.493
4.266 4.250 4.222 4.197 4.156 4.127 4.100 4.079 4.061 4.020 3.993 3.967 3.950 3.930 3.897 3.875 3.857 3.845 3.826 3.808 3.783 3.747 3.705 3.663 3.616 3.597 3.592 3.589 3.566 3.534 3.482 3.439 3.410 3.377 3.359 3.322 3.282 3.254 3.226 3.186 3.165 3.129 3.105 3.075 3.026 2.983 2.954 2.938 2.938 2.940 2.929 2.918 2.896 2.889 2.887 2.885 2.875 2.853 2.816 2.793 2.783 2.770 2.761 2.731 2.722 2.696 2.681 2.666 2.637 2.624 2.602 2.587 2.584 2.580 2.555 2.529 2.488
4.258 4.249 4.226 4.195 4.146 4.107 4.078 4.057 4.042 4.016 3.973 3.958 3.940 3.921 3.902 3.873 3.857 3.834 3.811 3.788 3.766 3.735 3.700 3.662 3.619 3.595 3.590 3.585 3.561 3.530 3.494 3.441 3.401 3.384 3.372 3.344 3.321 3.276 3.246 3.204 3.181 3.159 3.119 3.078 3.047 3.017 2.978 2.963 2.950 2.945 2.937 2.920 2.899 2.889 2.886 2.884 2.875 2.852 2.827 2.788 2.775 2.762 2.755 2.745 2.724 2.696 2.677 2.659 2.644 2.618 2.594 2.587 2.570 2.551 2.541 2.522 2.481
4.254 4.250 4.223 4.184 4.141 4.090 4.058 4.037 4.016 4.007 3.979 3.952 3.932 3.913 3.895 3.879 3.858 3.815 3.800 3.786 3.753 3.721 3.692 3.662 3.626 3.599 3.589 3.570 3.550 3.521 3.487 3.435 3.410 3.387 3.382 3.364 3.341 3.295 3.248 3.218 3.195 3.171 3.134 3.111 3.069 3.041 3.018 2.978 2.966 2.955 2.944 2.929 2.904 2.893 2.884 2.880 2.871 2.846 2.821 2.794 2.766 2.752 2.749 2.745 2.718 2.695 2.671 2.649 2.630 2.605 2.586 2.566 2.559 2.538 2.520 2.505 2.480
4.251 4.244 4.213 4.172 4.124 4.078 4.035 4.013 4.004 4.000 3.976 3.956 3.924 3.903 3.879 3.865 3.846 3.810 3.786 3.771 3.753 3.717 3.693 3.669 3.646 3.611 3.577 3.561 3.540 3.512 3.480 3.431 3.405 3.388 3.386 3.378 3.353 3.318 3.255 3.224 3.201 3.185 3.169 3.135 3.094 3.066 3.028 3.007 2.980 2.966 2.953 2.926 2.913 2.897 2.884 2.876 2.861 2.840 2.815 2.789 2.758 2.749 2.747 2.743 2.723 2.691 2.662 2.634 2.607 2.593 2.575 2.560 2.547 2.537 2.512 2.499 2.467
4.241 4.229 4.193 4.153 4.107 4.060 4.016 3.998 3.995 3.993 3.969 3.944 3.911 3.884 3.866 3.854 3.833 3.807 3.783 3.767 3.749 3.730 3.696 3.677 3.657 3.609 3.589 3.557 3.535 3.499 3.469 3.429 3.404 3.387 3.386 3.378 3.354 3.319 3.271 3.226 3.207 3.197 3.177 3.159 3.119 3.087 3.045 3.022 3.003 2.984 2.959 2.932 2.919 2.906 2.880 2.869 2.856 2.839 2.814 2.784 2.760 2.750 2.746 2.740 2.718 2.690 2.650 2.618 2.588 2.575 2.567 2.561 2.545 2.533 2.520 2.496 2.486
4.217 4.201 4.175 4.135 4.094 4.052 4.011 3.994 3.993 3.990 3.963 3.935 3.904 3.869 3.850 3.838 3.828 3.807 3.792 3.762 3.746 3.730 3.708 3.675 3.653 3.618 3.584 3.563 3.525 3.499 3.471 3.442 3.404 3.387 3.378 3.368 3.345 3.303 3.266 3.236 3.210 3.205 3.201 3.181 3.149 3.104 3.053 3.026 3.007 2.993 2.966 2.943 2.928 2.914 2.887 2.869 2.855 2.839 2.820 2.790 1.963 1.919 1.964 1.796 1.702 1.678 1.791 1.774 2.573 2.560 2.560 2.553 2.535 2.520 2.506 2.494 2.475
4.200 4.181 4.156 4.126 4.079 4.047 4.012 3.996 3.992 3.983 3.953 3.923 3.890 3.860 3.835 3.828 3.825 3.809 3.785 3.758 3.739 3.724 3.703 3.691 3.650 3.616 3.592 3.567 3.530 3.505 3.477 3.452 3.417 3.376 3.366 3.353 3.325 3.295 3.259 3.232 3.209 3.210 3.210 3.192 3.157 3.107 3.056 3.028 3.010 2.998 2.988 2.964 2.938 2.908 2.891 2.872 2.858 2.843 2.820 2.785 2.018 1.775 1.713 1.855 1.756 1.667 1.637 1.497 1.585 1.574 1.632 1.528 1.620 1.644 1.575 1.636 1.722
4.184 4.162 4.138 4.102 4.074 4.049 4.015 3.996 3.978 3.965 3.944 3.911 3.880 3.851 3.828 3.824 3.822 3.804 3.782 3.758 3.738 3.721 3.708 3.691 3.675 3.637 3.607 3.562 3.535 3.511 3.489 3.453 3.413 3.380 3.361 3.343 3.312 3.285 3.257 3.230 3.207 3.207 3.205 3.188 3.152 3.102 3.063 3.024 3.009 3.001 2.994 2.974 2.954 2.914 2.888 2.871 2.858 2.840 2.827 2.792 1.997 1.796 1.842 1.860 1.714 1.743 1.648 1.541 1.515 1.429 1.413 1.581 1.331 1.483 1.579 1.517 1.476
4.174 4.149 4.124 4.090 4.068 4.034 4.018 3.980 3.968 3.952 3.932 3.908 3.869 3.843 3.825 3.822 3.818 3.797 3.774 3.751 3.732 3.714 3.713 3.711 3.690 3.650 3.614 3.564 3.537 3.516 3.499 3.462 3.421 3.385 3.363 3.341 3.304 3.279 3.254 3.232 3.206 3.192 3.187 3.169 3.128 3.091 3.054 3.025 3.006 3.003 3.000 2.979 2.955 2.919 2.887 2.870 2.859 2.849 2.828 2.800 2.785 1.714 1.916 1.877 1.902 1.842 1.762 1.586 1.527 1.386 1.390 1.443 1.416 1.401 1.615 1.370 1.422
4.162 4.132 4.099 4.075 4.057 4.042 3.993 3.968 3.953 3.937 3.921 3.890 3.867 3.849 3.822 3.817 3.809 3.789 3.764 3.743 3.726 3.714 3.718 3.717 3.698 3.653 3.609 3.562 3.536 3.520 3.507 3.479 3.438 3.396 3.366 3.338 3.301 3.277 3.251 3.232 3.193 3.172 3.162 3.135 3.106 3.073 3.045 3.020 3.004 3.004 2.999 2.981 2.946 2.916 2.891 2.867 2.858 2.845 2.835 2.812 2.792 1.947 1.862 1.753 1.789 1.842 1.879 1.875 1.940 1.492 1.495 1.591 1.466 1.516 1.293 1.413 1.421
4.152 4.116 4.080 4.057 4.042 4.018 3.976 3.961 3.944 3.926 3.899 3.882 3.866 3.838 3.816 3.799 3.789 3.775 3.758 3.734 3.721 3.709 3.712 3.711 3.691 3.645 3.601 3.565 3.534 3.524 3.519 3.496 3.458 3.414 3.368 3.335 3.296 3.272 3.251 3.213 3.164 3.150 3.142 3.111 3.086 3.059 3.035 3.005 3.001 2.997 2.991 2.971 2.937 2.908 2.883 2.858 2.854 2.852 2.843 2.820 2.793 1.903 1.864 1.668 1.593 1.601 1.580 1.664 1.574 1.586 1.532 1.363 1.441 1.444 1.419 1.457 1.475
4.138 4.096 4.057 4.034 4.019 4.005 3.971 3.953 3.933 3.916 3.888 3.872 3.859 3.829 3.803 3.786 3.775 3.761 3.746 3.719 3.709 3.696 3.692 3.688 3.668 3.624 3.586 3.554 3.536 3.527 3.529 3.514 3.471 3.422 3.352 3.310 3.279 3.257 3.223 3.187 3.157 3.138 3.117 3.089 3.068 3.045 3.026 2.998 2.988 2.984 2.966 2.942 2.917 2.898 2.877 2.856 2.856 2.856 2.843 2.821 2.795 1.578 1.694 1.508 1.487 1.355 1.459 1.683 1.593 1.441 1.335 1.359 1.397 1.362 1.352 1.447 1.381
4.125 4.068 4.031 4.009 3.999 3.996 3.970 3.947 3.923 3.899 3.876 3.861 3.849 3.821 3.795 3.773 3.759 3.745 3.719 3.707 3.699 3.682 3.666 3.648 3.629 3.601 3.568 3.543 3.531 3.528 3.535 3.519 3.468 3.408 3.352 3.297 3.267 3.248 3.223 3.190 3.168 3.130 3.103 3.071 3.048 3.028 2.992 2.963 2.971 2.953 2.936 2.920 2.900 2.881 2.872 2.853 2.854 2.853 2.841 2.821 2.789 1.695 1.671 1.780 1.712 1.650 1.482 1.709 1.692 1.544 1.512 1.300 1.477 1.157 1.284 1.404 1.437
4.108 4.053 4.018 3.997 3.995 3.993 3.971 3.940 3.910 3.883 3.859 3.845 3.826 3.818 3.775 3.758 3.741 3.732 3.703 3.692 3.684 3.664 3.626 3.615 3.598 3.576 3.553 3.524 3.517 3.510 3.516 3.499 3.447 3.389 3.333 3.289 3.254 3.239 3.227 3.208 3.167 3.130 3.067 3.034 3.008 3.007 2.972 2.943 2.924 2.917 2.912 2.899 2.884 2.870 2.859 2.844 2.842 2.839 2.828 2.795 2.782 1.785 1.662 1.772 1.734 1.787 1.815 1.881 1.496 1.556 1.410 1.448 1.287 1.456 1.356 1.412 1.483
4.097 4.047 4.017 3.996 3.994 3.989 3.964 3.935 3.901 3.863 3.836 3.825 3.820 3.797 3.771 3.749 3.728 3.709 3.694 3.675 3.667 3.637 3.599 3.585 3.568 3.549 3.515 3.508 3.502 3.479 3.477 3.458 3.408 3.359 3.310 3.271 3.242 3.239 3.234 3.212 3.160 3.107 3.049 3.010 2.982 2.964 2.939 2.916 2.904 2.896 2.882 2.870 2.859 2.850 2.833 2.825 2.809 2.805 2.792 2.776 2.763 1.950 1.814 1.849 1.663 1.636 1.650 1.601 1.728 1.639 1.659 1.344 1.276 1.268 1.205 1.281 1.319
4.070 4.035 4.014 3.998 3.991 3.981 3.952 3.922 3.887 3.843 3.823 3.813 3.811 3.794 3.767 3.740 3.713 3.690 3.673 3.659 3.634 3.608 3.581 3.563 3.545 3.506 3.491 3.480 3.461 3.451 3.417 3.397 3.364 3.324 3.288 3.257 3.236 3.236 3.238 3.212 3.152 3.091 3.035 2.982 2.953 2.933 2.926 2.902 2.892 2.878 2.863 2.851 2.842 2.834 2.817 2.796 2.774 2.779 2.767 2.755 2.746 1.954 1.815 1.883 1.738 1.680 1.472 1.439 1.414 1.423 1.476 1.247 1.311 1.569 1.196 1.158 1.211
4.060 4.039 4.015 3.986 3.975 3.961 3.940 3.910 3.863 3.836 3.814 3.811 3.809 3.791 3.764 3.731 3.696 3.669 3.643 3.635 3.628 3.580 3.557 3.533 3.504 3.484 3.465 3.454 3.417 3.379 3.366 3.345 3.323 3.292 3.253 3.233 3.218 3.219 3.216 3.187 3.126 3.064 3.007 2.961 2.925 2.914 2.911 2.894 2.880 2.845 2.829 2.817 2.808 2.801 2.785 2.777 2.750 2.742 2.724 2.733 2.726 2.018 1.637 1.623 1.940 1.730 1.625 1.413 1.408 1.379 1.376 1.564 1.274 1.146 1.381 1.359 0.981
4.053 4.036 4.019 3.978 3.964 3.948 3.928 3.904 3.865 3.829 3.813 3.808 3.803 3.780 3.751 3.717 3.667 3.644 3.630 3.621 3.612 3.582 3.546 3.514 3.481 3.458 3.441 3.407 3.395 3.348 3.329 3.307 3.281 3.235 3.214 3.212 3.187 3.182 3.157 3.126 3.078 3.031 2.981 2.940 2.912 2.906 2.902 2.882 2.857 2.833 2.812 2.801 2.794 2.787 2.766 2.750 2.732 2.719 2.700 2.690 2.684 1.910 1.706 1.816 1.725 1.777 1.738 1.515 1.327 1.500 1.386 1.602 1.246 1.093 1.245 1.341 1.186
4.047 4.031 3.996 3.967 3.941 3.925 3.907 3.887 3.847 3.827 3.809 3.801 3.785 3.767 3.736 3.703 3.655 3.633 3.623 3.623 3.612 3.578 3.539 3.491 3.456 3.431 3.415 3.387 3.374 3.310 3.301 3.273 3.245 3.198 3.180 3.168 3.149 3.111 3.097 3.069 3.030 2.988 2.957 2.927 2.907 2.903 2.897 2.871 2.841 2.816 2.799 2.790 2.785 2.782 2.767 2.735 2.713 2.682 2.665 2.665 2.658 2.651 1.917 1.864 1.683 1.600 1.691 1.630 1.484 1.369 1.479 1.241 1.429 1.386 1.245 1.416 1.305
