includes/estuary_coast/floodfiles/results/res-0010.wdfp
ncols         730
nrows         472
xllcorner     380617.130607
yllcorner     6542069.774949
cellsize      20.000000
NODATA_value  -9999.000000
[rows 170 to 203 of 472, columns 308 to 384 of 730]
0.000 0.000 0.000 0.000 0.000 0.000 0.000 0.081 0.150 0.420 0.588 0.849 1.080 1.301 1.564 2.390 2.651 2.815 3.047 3.299 3.471 3.639 3.955 4.109 4.371 4.447 4.710 4.722 5.044 4.972 5.128 5.163 5.349 5.710 5.671 5.901 5.921 5.853 5.958 6.069 6.334 6.578 6.427 6.720 6.908 6.799 7.248 7.504 6.994 6.996 7.037 6.845 7.183 7.265 7.175 7.506 7.593 7.620 7.814 7.934 7.770 7.788 8.180 8.254 7.923 7.855 7.997 7.995 7.943 8.004 8.054 8.173 8.222 8.096 8.174 8.089 7.768
0.000 0.000 0.000 0.000 0.004 0.065 0.271 0.532 0.793 1.041 2.365 2.354 2.615 2.674 2.821 3.249 3.211 3.467 3.801 3.938 4.254 4.344 4.396 4.410 4.547 4.694 5.020 5.033 5.237 5.315 5.367 5.487 5.738 5.868 6.013 6.140 6.243 6.282 6.246 6.420 6.609 6.679 6.752 6.952 7.032 7.115 7.524 7.661 7.235 7.164 7.118 7.257 7.629 7.682 7.579 7.621 7.687 7.715 7.837 7.950 7.876 7.882 7.918 8.031 7.914 7.873 7.975 8.003 8.115 8.170 8.244 8.485 8.518 8.357 8.562 8.587 7.990
0.000 0.000 0.008 0.095 0.309 0.572 1.635 1.876 2.203 2.439 2.573 2.817 2.974 3.157 3.210 3.383 3.550 3.847 4.042 4.268 4.479 4.601 4.670 4.706 4.839 4.932 5.185 5.336 5.574 5.991 5.999 6.266 6.718 6.662 6.676 7.093 7.154 6.916 7.023 7.163 7.087 7.166 7.309 7.316 7.320 7.452 7.517 7.545 7.506 7.536 7.495 7.423 7.556 7.571 7.711 7.863 7.955 7.834 8.008 8.396 8.128 7.678 7.540 7.659 7.672 7.786 7.911 8.037 8.265 8.219 8.194 8.397 8.422 8.278 8.460 8.506 7.903
0.025 0.115 0.409 0.689 1.858 1.983 2.254 2.616 2.609 3.241 3.264 3.553 3.598 3.628 3.730 4.001 4.059 4.501 4.629 5.306 5.462 5.104 5.092 5.081 4.993 5.189 5.646 5.781 6.057 6.634 6.587 6.868 7.416 7.236 7.267 7.698 7.702 7.483 7.741 7.881 7.652 7.776 8.069 7.848 7.787 7.900 7.794 7.683 7.750 7.930 7.754 7.643 7.599 7.564 7.711 8.005 8.135 7.776 7.760 8.113 7.773 7.401 7.235 7.198 7.556 7.808 7.752 7.822 8.133 8.117 8.059 8.078 8.060 7.985 7.877 7.788 7.592
0.501 0.706 1.783 2.170 2.534 3.085 3.050 3.181 3.242 3.370 3.561 3.690 3.958 4.023 4.136 4.199 4.547 4.816 5.020 5.638 5.799 5.471 5.309 5.400 5.438 5.593 5.817 5.977 6.294 6.640 6.816 7.047 7.317 7.343 7.427 7.617 7.696 7.618 7.814 7.899 7.800 8.056 8.440 8.093 7.957 8.201 7.936 7.668 7.718 7.862 7.725 7.604 7.643 7.639 7.598 7.603 7.597 7.356 7.226 7.201 7.255 7.320 6.983 6.915 7.314 7.831 7.665 7.594 7.740 7.820 7.849 7.906 7.888 7.936 7.601 7.186 7.098
1.847 2.449 2.815 2.845 2.934 3.317 3.312 3.431 3.918 3.912 4.167 4.241 4.323 4.535 4.582 4.776 5.027 5.168 5.544 5.982 6.092 6.198 6.029 6.140 6.241 6.186 6.404 6.637 6.774 7.091 7.512 7.622 7.610 7.781 7.841 7.823 7.800 7.794 7.787 7.826 7.791 7.893 8.001 7.870 7.769 7.788 7.599 7.405 7.364 7.326 7.283 7.430 7.828 7.825 7.324 7.102 6.980 6.863 6.760 6.664 6.769 6.899 6.746 6.732 6.741 7.082 7.284 7.499 7.696 7.884 7.769 7.825 7.630 7.778 7.313 6.893 6.806
2.942 2.901 3.183 3.833 3.770 4.282 3.792 3.739 4.039 4.211 4.560 4.665 4.849 5.208 5.167 5.514 5.703 5.937 6.752 6.911 6.577 6.666 6.573 6.652 6.818 6.819 7.014 7.385 7.331 7.683 8.392 8.286 8.102 8.230 8.325 8.141 8.072 8.068 7.950 7.819 7.804 7.703 7.599 7.459 7.414 7.330 7.225 7.141 6.930 6.777 6.731 6.907 7.423 7.451 6.909 6.738 6.787 6.791 6.627 6.551 6.319 6.153 6.111 6.116 6.034 6.310 6.851 7.556 7.163 7.153 7.092 7.139 7.488 7.170 6.840 6.538 6.242
3.143 3.891 4.053 3.964 4.143 4.274 4.069 3.935 4.308 4.638 4.904 5.143 5.295 5.387 5.531 5.787 5.823 6.317 7.123 7.217 6.892 6.791 6.866 6.875 6.945 7.049 7.257 7.413 7.547 7.934 8.505 8.435 8.254 8.436 8.519 8.236 8.162 8.375 8.089 7.753 7.814 7.677 7.340 7.144 6.964 6.967 7.126 7.014 6.653 6.578 6.573 6.453 6.458 6.432 6.534 6.872 6.603 6.283 6.093 5.934 5.909 5.892 5.628 5.566 5.571 5.908 6.120 6.248 6.395 6.666 6.477 6.697 8.096 7.085 6.830 6.153 5.601
4.198 4.055 4.258 4.693 4.795 4.654 4.758 4.798 5.125 5.440 5.664 6.163 6.167 6.136 6.320 6.303 6.443 6.834 7.154 7.325 7.409 7.452 7.524 7.362 7.396 7.505 7.627 7.692 7.814 8.006 8.196 8.211 8.213 8.264 8.255 8.048 7.989 8.120 7.821 7.458 7.364 7.224 7.058 7.120 6.877 6.584 6.527 6.430 6.242 6.269 6.221 6.142 5.992 5.961 6.039 6.230 5.993 5.808 5.640 5.567 5.421 5.310 5.399 5.233 5.203 5.621 5.699 5.695 5.669 5.575 5.584 5.713 6.008 6.190 5.798 5.489 5.398
4.448 4.624 4.925 4.926 4.996 5.049 5.040 5.286 6.034 6.379 6.186 6.514 6.509 6.610 6.955 6.779 7.163 7.711 7.754 7.728 8.058 8.404 8.168 8.074 8.110 8.135 8.055 8.050 8.149 8.118 8.121 8.140 8.117 7.958 7.871 7.702 7.541 7.411 7.159 6.941 6.720 6.566 6.651 6.605 6.307 5.994 5.813 5.781 5.735 5.633 5.690 5.869 5.938 5.733 5.899 5.609 5.480 5.755 5.401 5.201 5.063 4.882 4.829 4.696 4.438 4.564 4.635 4.894 4.976 4.920 4.963 4.953 5.137 6.213 5.296 4.845 4.509
4.856 5.225 5.413 5.401 5.492 5.497 5.427 5.897 6.247 6.415 6.469 6.577 6.774 6.875 7.004 7.177 7.611 8.314 8.229 8.100 8.326 8.609 8.387 8.321 8.522 8.477 8.213 8.268 8.409 8.188 8.103 8.209 8.078 7.820 7.763 7.693 7.258 6.816 6.656 6.456 6.366 6.267 5.936 5.851 5.686 5.698 5.512 5.679 5.525 5.388 5.318 5.259 5.175 5.087 5.202 5.093 5.007 5.009 4.773 4.478 4.489 4.381 4.313 4.523 4.089 4.084 4.051 4.253 4.874 3.778 3.723 3.572 3.916 4.100 4.028 3.989 3.957
5.606 5.474 5.659 5.857 6.223 6.201 6.536 6.806 6.574 6.680 6.772 7.059 7.244 7.196 7.301 7.459 7.692 8.036 8.163 8.131 8.273 8.377 8.365 8.302 8.305 8.276 8.126 8.050 8.116 7.904 7.895 8.198 7.909 7.535 7.680 7.933 7.064 6.594 6.548 6.169 6.117 5.883 5.461 5.322 5.349 5.306 5.072 5.025 4.942 5.101 4.992 4.811 4.720 4.717 4.668 4.655 4.590 4.736 4.595 4.068 3.940 3.943 3.874 3.740 4.285 4.004 3.958 4.125 3.187 2.994 2.810 2.755 3.051 3.162 3.113 3.168 3.204
5.766 5.835 6.118 6.337 6.462 6.683 7.640 7.888 7.293 7.181 7.420 7.725 7.836 7.549 7.515 7.558 7.673 7.917 8.016 8.177 8.297 8.300 8.321 8.227 8.121 8.003 7.871 7.684 7.528 7.369 7.339 7.344 7.170 6.985 6.908 6.843 6.429 6.212 5.838 5.581 5.372 5.213 5.132 5.250 4.810 4.719 4.687 4.625 4.595 4.529 4.455 4.605 4.230 4.109 4.110 4.227 4.411 4.272 3.607 3.454 3.503 3.683 3.051 2.731 1.152 0.829 0.457 0.410 0.491 0.320 0.172 0.288 0.725 0.803 0.912 1.007 1.171
6.252 6.714 6.990 6.795 6.838 7.124 7.745 7.906 7.678 7.657 7.708 7.942 7.965 7.712 7.602 7.563 7.679 7.836 8.002 8.360 8.400 8.268 8.374 8.330 7.996 8.001 7.900 7.431 7.194 7.066 6.858 6.676 6.785 6.930 6.388 6.104 5.939 5.826 5.448 5.438 5.125 5.109 4.763 4.652 4.610 4.590 4.352 4.127 4.276 4.426 4.234 4.014 4.001 3.625 3.582 3.666 3.004 2.637 1.306 0.925 0.611 0.403 0.182 0.010 0.000 0.000 0.000 0.000 0.000 0.000 0.000 0.000 0.000 0.000 0.000 0.050 0.153
6.973 7.154 7.346 7.187 7.276 7.401 7.627 7.716 7.861 7.936 7.899 7.850 7.769 7.701 7.630 7.623 7.724 7.850 7.870 8.251 8.324 8.184 8.810 8.703 7.831 7.936 7.817 7.187 7.057 6.864 6.487 6.381 6.333 6.273 5.724 5.659 5.753 5.536 5.129 4.890 4.623 4.478 4.346 4.285 4.221 3.995 4.101 3.731 3.600 3.259 3.758 3.809 2.828 1.621 1.101 0.654 0.304 0.117 0.007 0.000 0.000 0.000 0.000 0.000 0.000 0.000 0.000 0.000 0.000 0.000 0.000 0.000 0.000 0.000 0.000 0.000 0.000
7.236 7.279 7.398 7.619 7.796 7.914 7.888 7.880 8.028 8.151 7.960 7.792 7.676 7.566 7.610 7.546 7.632 7.851 7.657 7.654 7.596 7.599 8.141 7.941 7.206 6.977 6.722 6.454 6.373 6.143 6.243 6.077 5.389 5.239 5.429 5.280 4.966 4.940 4.877 4.683 4.389 4.387 3.832 3.729 3.762 3.640 3.192 2.936 3.481 1.361 1.015 1.201 1.515 0.178 0.000 0.000 0.000 0.000 0.000 0.000 0.000 0.000 0.000 0.000 0.000 0.000 0.000 0.000 0.000 0.000 0.000 0.000 0.000 0.000 0.000 0.000 0.000
7.540 7.656 7.765 7.904 8.201 8.306 8.068 7.957 7.988 8.009 7.866 7.742 7.684 7.585 7.664 7.487 7.217 7.232 7.033 6.896 6.791 6.736 6.833 6.550 6.233 6.092 5.897 5.848 5.762 5.644 5.476 5.265 4.861 4.835 4.736 4.706 4.911 4.505 4.242 3.933 3.730 3.402 3.299 3.305 2.888 1.763 1.155 0.689 0.195 0.053 0.000 0.000 1.677 0.000 0.000 0.000 0.000 0.000 0.000 0.000 0.000 0.000 0.000 0.000 0.000 0.000 0.000 0.000 0.000 0.000 0.000 0.000 0.000 0.000 0.000 0.000 0.000
8.022 8.291 8.298 8.206 8.203 8.185 8.010 7.892 7.804 7.763 7.670 7.772 7.817 7.590 7.474 7.178 6.679 6.548 6.524 6.453 6.442 6.435 6.169 5.962 5.791 5.700 5.629 5.603 5.582 5.540 4.893 4.640 4.522 4.343 4.553 4.220 3.993 4.118 3.676 3.496 3.091 2.770 1.551 0.991 0.574 0.203 0.000 0.000 0.000 0.000 0.000 0.000 0.000 0.000 0.000 0.000 0.000 0.000 0.000 0.000 0.000 0.000 0.000 0.000 0.000 0.000 0.000 0.000 0.000 0.000 0.000 0.000 0.000 0.000 0.000 0.000 0.000
8.351 8.789 8.576 8.229 8.039 7.981 7.892 7.807 7.678 7.525 7.398 7.681 7.960 7.478 6.990 6.490 5.989 6.087 6.297 6.310 6.171 5.923 5.416 5.415 5.492 5.094 5.026 4.854 4.846 4.751 4.578 4.369 4.126 3.988 3.771 3.536 3.655 3.138 2.958 1.694 1.097 0.564 0.055 0.000 0.000 0.000 0.000 0.000 0.000 0.000 0.000 0.000 0.000 0.000 0.000 0.000 0.000 0.000 0.000 0.000 0.000 0.000 0.000 0.000 0.000 0.000 0.000 0.000 0.000 0.000 0.000 0.000 0.000 0.000 0.000 0.000 0.000
8.317 8.536 8.389 8.097 7.905 7.811 7.778 7.918 7.594 7.162 7.083 7.107 7.218 6.845 6.476 6.193 5.937 5.901 5.892 5.775 5.402 5.175 5.090 4.928 4.775 4.590 4.542 4.673 4.423 4.390 4.050 4.097 3.584 3.406 3.246 2.945 1.707 1.125 0.609 0.207 0.000 0.000 0.000 0.000 0.000 0.000 0.000 0.000 0.000 0.000 0.000 0.000 0.000 0.000 0.000 0.000 0.000 0.000 0.000 0.000 0.000 0.000 0.000 0.000 0.000 0.000 0.000 0.000 0.000 0.000 0.000 0.000 0.000 0.000 0.000 0.000 0.000
8.183 8.218 8.100 7.931 7.820 7.708 7.504 7.506 7.168 6.884 6.857 6.759 6.585 6.334 6.144 6.040 5.728 5.464 5.301 5.148 4.999 4.945 4.839 4.603 4.452 4.409 4.127 4.017 3.698 3.744 4.177 3.202 3.044 1.732 1.168 0.667 0.233 0.000 0.000 0.000 0.000 0.000 0.000 0.000 0.000 0.000 0.000 0.000 0.000 0.000 0.000 0.000 0.000 0.000 0.000 0.000 0.000 0.000 0.000 0.000 0.000 0.000 0.000 0.000 0.000 0.000 0.000 0.000 0.000 0.000 0.000 0.000 0.000 0.000 0.000 0.000 0.000
8.116 8.043 7.947 7.853 7.900 7.805 7.213 6.838 6.527 6.512 6.545 6.313 6.410 6.187 6.039 6.008 5.498 4.978 4.867 4.868 4.931 4.570 4.209 4.361 4.155 3.799 3.498 3.332 3.296 2.821 1.823 1.215 0.858 0.404 0.000 0.000 0.000 0.000 0.000 0.000 0.000 0.000 0.000 0.000 0.000 0.000 0.000 0.000 0.000 0.000 0.000 0.000 0.000 0.000 0.000 0.000 0.000 0.000 0.000 0.000 0.000 0.000 0.000 0.000 0.000 0.000 0.000 0.000 0.000 0.000 0.000 0.000 0.000 0.000 0.000 0.000 0.000
7.987 7.971 8.053 7.721 7.682 7.507 6.638 6.052 5.970 5.961 5.879 5.993 6.514 6.205 5.529 5.246 5.025 4.804 4.667 4.329 4.125 3.896 3.801 3.827 3.748 3.826 3.237 2.011 1.420 1.000 0.628 0.257 0.000 0.000 0.000 0.000 0.000 0.000 0.000 0.000 0.000 0.000 0.000 0.000 0.000 0.000 0.000 0.000 0.000 0.000 0.000 0.000 0.000 0.000 0.000 0.000 0.000 0.000 0.000 0.000 0.000 0.000 0.000 0.000 0.000 0.000 0.000 0.000 0.000 0.000 0.000 0.000 0.000 0.000 0.000 0.000 0.000
7.677 7.683 7.732 7.263 6.916 6.540 6.142 5.809 5.724 5.470 5.269 5.311 5.591 5.348 4.885 4.747 4.751 4.390 4.022 3.738 3.690 3.601 3.711 3.698 3.356 3.016 1.395 0.662 0.367 0.256 0.000 0.000 0.000 0.000 0.000 0.000 0.000 0.000 0.000 0.000 0.000 0.000 0.000 0.000 0.000 0.000 0.000 0.000 0.000 0.000 0.000 0.000 0.000 0.000 0.000 0.000 0.000 0.000 0.000 0.000 0.000 0.000 0.000 0.000 0.000 0.000 0.000 0.000 0.000 0.000 0.000 0.000 0.000 0.000 0.000 0.000 0.000
7.058 7.063 6.868 6.629 6.347 6.022 5.810 5.558 5.274 5.001 5.121 4.865 4.696 4.482 4.561 4.454 4.658 4.034 3.638 3.416 3.141 2.703 1.847 1.410 1.187 2.170 2.438 0.080 0.032 0.000 0.000 0.000 0.000 0.000 0.000 0.000 0.000 0.000 0.000 0.000 0.000 0.000 0.000 0.000 0.000 0.000 0.000 0.000 0.000 0.000 0.000 0.000 0.000 0.000 0.000 0.000 0.000 0.000 0.000 0.000 0.000 0.000 0.000 0.000 0.000 0.000 0.000 0.000 0.000 0.000 0.000 0.000 0.000 0.000 0.000 0.000 0.000
6.843 6.792 6.480 6.453 6.146 5.849 5.830 5.155 4.694 4.604 4.475 4.284 4.274 4.131 4.174 3.773 3.503 3.437 3.492 2.017 1.530 1.087 0.746 0.599 0.731 1.802 2.235 0.040 0.000 0.000 0.000 0.000 0.000 0.000 0.000 0.000 0.000 0.000 0.000 0.000 0.000 0.000 0.000 0.000 0.000 0.000 0.000 0.000 0.000 0.000 0.000 0.000 0.000 0.000 0.000 0.000 0.000 0.000 0.000 0.000 0.000 0.000 0.000 0.000 0.000 0.000 0.000 0.000 0.000 0.000 0.000 0.000 0.000 0.000 0.000 0.000 0.000
6.643 6.518 5.975 5.948 5.624 5.343 5.280 4.684 4.521 4.328 3.737 3.662 3.719 3.511 3.529 3.080 3.069 1.613 1.116 0.755 0.219 0.000 0.314 1.336 1.977 2.172 0.293 0.000 0.000 0.000 0.000 0.000 0.000 0.000 0.000 0.000 0.000 0.000 0.000 0.000 0.000 0.000 0.000 0.000 0.000 0.000 0.000 0.000 0.000 0.000 0.000 0.000 0.000 0.000 0.000 0.000 0.000 0.000 0.000 0.000 0.000 0.000 0.000 0.000 0.000 0.000 0.000 0.000 0.000 0.000 0.000 0.000 0.000 0.000 0.000 0.000 0.000
5.633 5.486 5.252 5.065 4.785 4.519 4.225 3.892 3.861 3.676 3.448 3.296 3.452 3.043 1.943 1.264 0.792 0.132 0.000 0.000 0.000 0.000 0.000 1.730 1.689 0.758 0.000 0.000 0.000 0.000 0.000 0.000 0.000 0.000 0.000 0.000 0.000 0.000 0.000 0.000 0.000 0.000 0.000 0.000 0.000 0.000 0.000 0.000 0.000 0.000 0.000 0.000 0.000 0.000 0.000 0.000 0.000 0.000 0.000 0.000 0.000 0.000 0.000 0.000 0.000 0.000 0.000 0.000 0.000 0.000 0.000 0.000 0.000 0.000 0.000 0.000 0.000
5.018 4.961 4.841 4.644 4.681 4.126 4.053 3.590 3.422 4.101 2.910 2.328 1.426 1.029 0.427 0.000 0.000 0.000 0.000 0.000 0.000 0.000 0.000 0.522 1.746 0.000 0.000 0.000 0.000 0.000 0.000 0.000 0.000 0.000 0.000 0.000 0.000 0.000 0.000 0.000 0.000 0.000 0.000 0.000 0.000 0.000 0.000 0.000 0.000 0.000 0.000 0.000 0.000 0.000 0.000 0.000 0.000 0.000 0.000 0.000 0.000 0.000 0.000 0.000 0.000 0.000 0.000 0.000 0.000 0.000 0.000 0.000 0.000 0.000 0.000 0.000 0.000
4.615 4.537 4.344 3.941 3.791 3.474 3.136 2.633 2.349 2.242 0.948 0.581 0.000 0.000 0.000 0.000 0.000 0.000 0.000 0.000 0.000 0.000 0.000 0.000 1.963 0.000 0.000 0.000 0.000 0.000 0.000 0.000 0.000 0.000 0.000 0.000 0.000 0.000 0.000 0.000 0.000 0.000 0.000 0.000 0.000 0.000 0.000 0.000 0.000 0.000 0.000 0.000 0.000 0.000 0.000 0.000 0.000 0.000 0.000 0.000 0.000 0.000 0.000 0.000 0.000 0.000 0.000 0.000 0.000 0.000 0.000 0.000 0.000 0.000 0.000 0.000 0.000
4.436 4.081 4.579 3.665 3.640 3.548 2.383 1.104 0.586 0.000 0.000 0.000 0.000 0.000 0.000 0.000 0.000 0.000 0.000 0.000 0.000 0.000 0.000 0.000 1.845 0.000 0.000 0.000 0.000 0.000 0.000 0.000 0.000 0.000 0.000 0.000 0.000 0.000 0.000 0.000 0.000 0.000 0.000 0.000 0.000 0.000 0.000 0.000 0.000 0.000 0.000 0.000 0.000 0.000 0.000 0.000 0.000 0.000 0.000 0.000 0.000 0.000 0.000 0.000 0.000 0.000 0.000 0.000 0.000 0.000 0.000 0.000 0.000 0.000 0.000 0.000 0.000
3.935 3.100 2.921 2.350 1.053 0.602 0.000 0.000 0.000 0.000 0.000 0.000 0.000 0.000 0.000 0.000 0.000 0.000 0.000 0.000 0.000 0.000 0.000 0.299 1.332 0.000 0.000 0.000 0.000 0.000 0.000 0.000 0.000 0.000 0.000 0.000 0.000 0.000 0.000 0.000 0.000 0.000 0.000 0.000 0.000 0.000 0.000 0.000 0.000 0.000 0.000 0.000 0.000 0.000 0.000 0.000 0.000 0.000 0.000 0.000 0.000 0.000 0.000 0.000 0.000 0.000 0.000 0.000 0.000 0.000 0.000 0.000 0.000 0.000 0.000 0.000 0.000
2.137 0.990 0.558 0.000 0.000 0.000 0.000 0.000 0.000 0.000 0.000 0.000 0.000 0.000 0.000 0.000 0.000 0.000 0.000 0.000 0.000 0.000 0.000 0.000 0.000 0.031 0.000 0.000 0.000 0.000 0.000 0.000 0.000 0.000 0.000 0.000 0.000 0.000 0.000 0.000 0.000 0.000 0.000 0.000 0.000 0.000 0.000 0.000 0.000 0.000 0.000 0.000 0.000 0.000 0.000 0.000 0.000 0.000 0.000 0.000 0.000 0.000 0.000 0.000 0.000 0.000 0.000 0.000 0.000 0.000 0.000 0.000 0.000 0.000 0.000 0.000 0.000
0.128 0.000 0.000 0.000 0.000 0.000 0.000 0.000 0.000 0.000 0.000 0.000 0.000 0.000 0.000 0.000 0.000 0.000 0.000 0.000 0.000 0.000 0.000 0.000 0.000 0.074 0.000 0.000 0.000 0.000 0.000 0.000 0.000 0.000 0.000 0.000 0.000 0.000 0.000 0.000 0.000 0.000 0.000 0.000 0.000 0.000 0.000 0.000 0.000 0.000 0.000 0.000 0.000 0.000 0.000 0.000 0.000 0.000 0.000 0.000 0.000 0.000 0.000 0.000 0.000 0.000 0.000 0.000 0.000 0.000 0.000 0.000 0.000 0.000 0.000 0.000 0.000
