includes/estuary_coast/floodfiles/results/res-0010.wdfp
ncols         730
nrows         472
xllcorner     380617.130607
yllcorner     6542069.774949
cellsize      20.000000
NODATA_value  -9999.000000
[rows 204 to 237 of 472, columns 77 to 153 of 730]
1.557 1.545 1.478 1.494 1.407 1.377 1.336 1.368 1.318 1.321 1.343 1.327 1.302 1.295 1.199 1.244 1.166 1.092 1.063 1.003 1.087 1.044 0.998 0.661 0.684 0.905 1.178 1.145 1.161 1.261 1.340 1.355 1.330 1.294 1.318 1.326 1.339 1.358 1.402 1.379 1.348 1.369 1.412 1.321 1.401 1.263 1.396 1.332 1.305 1.385 1.310 1.383 1.409 1.395 1.348 1.387 1.382 1.444 1.360 1.401 1.451 1.456 1.465 1.396 1.351 1.416 1.398 1.332 1.420 1.432 1.286 1.380 1.317 1.332 1.368 1.455 1.412
1.596 1.548 1.478 1.477 1.434 1.400 1.425 1.502 1.407 1.369 1.331 1.331 1.350 1.268 1.293 1.303 1.262 1.258 1.158 1.189 1.157 1.057 1.126 1.145 0.979 0.688 0.609 1.040 1.295 1.242 1.222 1.263 1.261 1.293 1.323 1.296 1.402 1.331 1.369 1.337 1.240 1.333 1.283 1.357 1.341 1.355 1.309 1.355 1.267 1.278 1.371 1.362 1.382 1.298 1.318 1.275 1.348 1.391 1.409 1.379 1.304 1.449 1.385 1.391 1.415 1.393 1.379 1.285 1.376 1.387 1.353 1.373 1.302 1.357 1.297 1.348 1.360
1.590 1.528 1.562 1.497 1.542 1.504 1.426 1.393 1.507 1.455 1.403 1.346 1.406 1.395 1.370 1.266 1.251 1.310 1.192 1.239 1.189 1.097 1.128 1.171 1.156 0.989 0.866 0.546 0.730 1.081 1.217 1.194 1.255 1.208 1.310 1.291 1.255 1.372 1.389 1.312 1.339 1.349 1.296 1.284 1.283 1.331 1.303 1.283 1.248 1.271 1.263 1.340 1.288 1.307 1.286 1.274 1.284 1.395 1.378 1.383 1.357 1.419 1.333 1.444 1.391 1.382 1.313 1.337 1.349 1.301 1.323 1.285 1.226 1.267 1.317 1.287 1.272
1.652 1.626 1.562 1.577 1.527 1.562 1.523 1.539 1.546 1.446 1.441 1.460 1.453 1.397 1.386 1.351 1.200 1.310 1.327 1.202 1.218 1.123 1.175 1.159 1.126 1.176 1.100 1.011 0.796 0.557 0.814 1.087 1.194 1.257 1.295 1.341 1.188 1.247 1.257 1.297 1.305 1.295 1.178 1.296 1.237 1.331 1.271 1.209 1.285 1.227 1.295 1.210 1.281 1.288 1.202 1.236 1.258 1.334 1.253 1.380 1.344 1.242 1.277 1.299 1.368 1.246 1.330 1.331 1.306 1.358 1.347 1.327 1.304 1.228 1.230 1.268 1.295
1.619 1.751 1.639 1.645 1.616 1.592 1.566 1.534 1.496 1.432 1.482 1.369 1.421 1.450 1.356 1.435 1.364 1.377 1.307 1.236 1.295 1.218 1.166 1.208 1.165 1.132 1.125 1.122 1.091 0.992 0.737 0.620 1.048 1.132 1.226 1.278 1.176 1.225 1.234 1.273 1.254 1.186 1.199 1.213 1.263 1.268 1.340 1.225 1.115 1.216 1.212 1.190 1.211 1.324 1.312 1.238 1.274 1.303 1.216 1.275 1.301 1.368 1.275 1.293 1.311 1.268 1.218 1.288 1.249 1.261 1.256 1.270 1.291 1.286 1.226 1.334 1.222
1.697 1.706 1.733 1.708 1.676 1.624 1.644 1.536 1.581 1.530 1.577 1.517 1.509 1.519 1.429 1.451 1.318 1.369 1.279 1.306 1.297 1.258 1.172 1.206 1.133 1.158 1.089 1.151 1.049 1.100 1.049 0.803 0.610 0.944 1.139 1.269 1.198 1.148 1.258 1.172 1.209 1.181 1.240 1.201 1.212 1.178 1.311 1.246 1.180 1.229 1.130 1.169 1.155 1.234 1.325 1.208 1.231 1.250 1.198 1.263 1.236 1.307 1.319 1.361 1.251 1.248 1.292 1.290 1.195 1.287 1.273 1.262 1.311 1.288 1.293 1.301 1.221
1.870 1.700 1.726 1.721 1.648 1.706 1.649 1.646 1.638 1.554 1.549 1.528 1.562 1.530 1.500 1.395 1.410 1.445 1.419 1.363 1.278 1.258 1.170 1.231 1.182 1.041 1.134 1.152 1.062 1.117 1.126 1.019 0.885 0.589 0.883 1.092 1.083 1.080 1.087 1.189 1.167 1.205 1.249 1.178 1.167 1.307 1.264 1.192 1.122 1.226 1.117 1.145 1.148 1.175 1.259 1.271 1.136 1.143 1.203 1.143 1.208 1.243 1.252 1.260 1.229 1.263 1.199 1.245 1.172 1.228 1.195 1.211 1.256 1.269 1.166 1.159 1.190
1.855 1.825 1.821 1.711 1.724 1.664 1.657 1.741 1.646 1.604 1.568 1.527 1.523 1.559 1.475 1.454 1.448 1.428 1.375 1.332 1.359 1.267 1.333 1.177 1.143 1.149 1.184 1.154 1.246 1.086 1.085 1.036 1.005 0.868 0.656 0.715 1.130 1.105 1.081 1.154 1.056 1.145 1.109 1.170 1.093 1.145 1.188 1.109 1.103 1.180 1.173 1.139 1.209 1.152 1.203 1.198 1.217 1.225 1.097 1.159 1.222 1.222 1.209 1.184 1.177 1.154 1.187 1.183 1.164 1.187 1.199 1.176 1.165 1.218 1.250 1.206 1.134
1.943 1.803 1.802 1.778 1.663 1.747 1.692 1.720 1.730 1.631 1.660 1.608 1.637 1.499 1.624 1.426 1.506 1.425 1.411 1.331 1.272 1.270 1.293 1.222 1.238 1.135 1.174 1.186 1.180 1.194 1.115 1.096 1.010 0.985 0.842 0.622 0.679 1.102 0.993 1.082 1.138 1.069 1.118 1.204 1.174 1.223 1.095 1.194 1.146 1.231 1.201 1.067 1.109 1.195 1.134 1.116 1.157 1.133 1.156 1.141 1.140 1.073 1.194 1.137 1.185 1.125 1.133 1.161 1.151 1.197 1.145 1.189 1.132 1.178 1.197 1.156 1.229
1.921 1.901 1.889 1.897 1.706 1.722 1.795 1.806 1.744 1.624 1.655 1.554 1.639 1.534 1.511 1.479 1.487 1.472 1.450 1.392 1.388 1.304 1.297 1.343 1.229 1.087 1.092 1.078 1.080 1.169 1.206 1.092 1.047 0.979 1.039 0.751 0.503 0.803 1.042 0.999 0.993 1.048 1.044 1.072 1.163 1.107 1.142 1.110 1.125 1.092 1.152 1.126 1.156 1.181 1.133 1.109 1.107 1.247 1.154 1.108 1.117 1.095 1.087 1.105 1.149 1.050 1.063 1.054 1.088 1.154 1.080 1.065 1.183 1.131 1.142 1.193 1.159
2.006 1.989 1.900 1.833 1.873 1.808 1.703 1.763 1.751 1.690 1.640 1.591 1.663 1.623 1.598 1.527 1.463 1.468 1.356 1.373 1.368 1.327 1.273 1.328 1.202 1.335 1.167 1.067 1.013 1.099 1.093 1.002 0.974 1.029 0.883 0.885 0.738 0.449 0.857 0.979 0.941 1.017 0.993 1.046 1.106 1.094 1.150 1.078 1.120 0.988 1.152 1.084 1.053 1.069 1.084 1.072 1.090 1.078 1.079 1.132 1.046 1.130 1.100 1.092 1.071 1.159 1.040 1.091 1.039 1.113 1.087 1.184 1.151 1.099 1.157 1.086 1.116
2.013 2.079 1.920 1.893 1.865 1.829 1.808 1.776 1.774 1.711 1.694 1.641 1.524 1.550 1.513 1.573 1.533 1.456 1.383 1.365 1.416 1.329 1.310 1.255 1.300 1.223 1.155 1.096 1.010 1.038 1.004 1.037 1.022 0.961 0.934 0.862 0.771 0.779 0.392 0.964 1.070 0.967 1.002 0.936 0.972 0.999 1.019 0.992 0.972 1.024 1.060 1.027 1.024 0.987 1.030 0.960 1.022 1.014 1.050 1.100 1.093 1.003 1.062 1.031 1.019 1.051 1.123 1.112 1.061 0.982 1.070 1.113 0.961 1.089 1.077 1.158 1.125
2.021 2.083 2.104 1.930 1.863 1.992 1.856 1.807 1.733 1.770 1.648 1.676 1.626 1.558 1.529 1.608 1.486 1.481 1.457 1.523 1.387 1.396 1.309 1.308 1.227 1.251 1.173 1.091 1.058 1.004 0.926 0.962 1.036 0.922 0.772 0.899 0.774 0.673 0.530 0.814 0.903 0.969 0.929 0.996 0.858 0.953 1.013 0.917 0.982 0.965 0.965 1.007 0.993 1.107 0.981 1.028 0.961 1.007 0.919 1.019 1.029 1.030 1.021 1.015 1.004 1.051 1.077 1.138 0.998 1.090 1.005 1.016 1.052 1.044 1.105 1.041 1.045
2.024 2.027 1.997 1.965 2.074 1.857 1.845 1.799 1.797 1.686 1.691 1.711 1.672 1.653 1.571 1.507 1.545 1.553 1.481 1.403 1.454 1.440 1.331 1.396 1.223 1.307 1.147 1.188 1.067 1.020 0.969 0.945 0.959 1.021 0.777 0.841 0.800 0.732 0.607 0.354 0.835 0.855 0.926 0.831 0.864 0.906 0.916 0.908 1.024 0.943 0.972 0.985 0.946 0.952 1.013 1.035 0.937 0.871 0.922 0.935 0.926 0.924 0.996 0.885 0.908 0.911 0.996 1.051 1.052 0.989 1.022 1.019 1.041 1.041 0.973 1.062 1.083
2.049 2.012 1.964 1.915 1.986 1.969 1.862 1.751 1.834 1.784 1.767 1.698 1.651 1.667 1.614 1.545 1.521 1.460 1.473 1.479 1.470 1.325 1.393 1.328 1.186 1.174 1.200 1.128 1.108 0.934 0.996 0.854 0.824 0.853 0.769 0.748 0.808 0.786 0.553 0.323 0.784 0.797 0.852 0.931 0.830 0.773 0.781 0.857 0.901 0.843 0.933 0.862 0.869 0.786 0.835 0.923 0.846 0.822 0.796 0.830 0.776 0.892 0.902 0.822 0.840 0.922 0.908 0.894 0.971 0.904 0.969 0.956 0.929 0.974 1.022 1.008 0.981
2.045 2.020 1.936 1.985 1.974 1.988 1.900 1.901 1.843 1.796 1.719 1.706 1.667 1.604 1.547 1.587 1.523 1.515 1.544 1.456 1.486 1.451 1.331 1.265 1.142 1.189 1.195 1.176 0.899 0.921 0.802 0.736 0.817 0.805 0.752 0.665 0.710 0.734 0.722 0.439 0.704 0.713 0.756 0.778 0.778 0.726 0.740 0.782 0.835 0.865 0.809 0.830 0.748 0.910 0.857 0.761 0.785 0.725 0.673 0.658 0.563 0.677 0.682 0.820 0.804 0.771 0.820 0.752 0.907 0.954 0.841 0.959 0.929 0.916 0.878 0.918 0.931
2.084 1.999 2.052 2.023 1.886 1.870 1.935 1.988 1.829 1.781 1.711 1.668 1.708 1.642 1.649 1.603 1.565 1.518 1.545 1.351 1.391 1.338 1.225 1.252 1.205 1.151 1.120 1.007 0.876 0.803 0.905 0.658 0.659 0.746 0.817 0.791 0.636 0.589 0.156 0.275 0.427 0.665 0.683 0.772 0.799 0.644 0.750 0.743 0.724 0.698 0.739 0.682 0.707 0.793 0.710 0.692 0.790 0.428 0.000 0.000 0.000 0.328 0.630 0.662 0.865 0.717 0.751 0.786 0.747 0.767 0.862 0.886 0.822 0.822 0.886 0.911 0.850
2.099 2.055 2.015 2.092 1.906 1.964 1.924 1.906 1.910 1.849 1.742 1.720 1.577 1.624 1.540 1.634 1.545 1.535 1.473 1.403 1.416 1.317 1.297 1.114 1.265 1.093 1.085 0.929 0.891 0.933 0.939 0.836 0.487 0.347 0.307 0.011 0.000 0.000 0.000 0.000 0.466 0.630 0.602 0.640 0.599 0.671 0.668 0.621 0.616 0.656 0.633 0.707 0.711 0.505 0.190 0.000 0.000 0.000 0.000 0.000 0.000 0.000 0.508 0.629 0.741 0.717 0.628 0.649 0.741 0.700 0.699 0.753 0.721 0.748 0.653 0.764 0.717
2.004 2.095 1.969 1.934 1.975 1.993 1.887 1.857 1.896 1.911 1.781 1.782 1.761 1.517 1.614 1.605 1.535 1.474 1.461 1.386 1.257 1.248 1.263 1.212 1.069 1.093 1.100 1.031 1.011 0.947 0.941 0.345 0.000 0.000 0.000 0.000 0.000 0.000 0.000 0.000 0.179 0.488 0.428 0.578 0.488 0.540 0.541 0.608 0.453 0.230 0.005 0.000 0.000 0.000 0.000 0.000 0.000 0.000 0.000 0.000 0.000 0.000 0.040 0.528 0.562 0.572 0.620 0.616 0.557 0.581 0.544 0.566 0.574 0.632 0.562 0.473 0.550
2.110 2.026 2.111 2.105 2.021 1.935 1.902 1.897 1.806 1.921 1.835 1.821 1.749 1.724 1.515 1.592 1.452 1.470 1.418 1.385 1.284 1.156 1.222 1.026 1.126 1.143 1.087 1.066 1.019 1.028 0.902 0.000 0.000 0.000 0.000 0.000 0.000 0.000 0.000 0.000 0.000 0.000 0.000 0.000 0.000 0.000 0.000 0.000 0.000 0.000 0.000 0.000 0.000 0.000 0.000 0.000 0.000 0.000 0.000 0.000 0.000 0.000 0.000 0.010 0.304 0.442 0.456 0.494 0.534 0.425 0.468 0.341 0.002 0.000 0.000 0.000 0.000
2.176 2.150 2.041 2.067 2.043 1.995 1.897 1.928 1.932 1.868 1.796 1.764 1.764 1.662 1.581 1.526 1.488 1.437 1.422 1.391 1.300 1.139 1.142 1.113 1.090 1.036 1.060 1.103 1.031 0.947 0.390 0.000 0.000 0.000 0.000 0.000 0.000 0.000 0.000 0.000 0.000 0.000 0.000 0.000 0.000 0.000 0.000 0.000 0.000 0.000 0.000 0.000 0.000 0.000 0.000 0.000 0.000 0.000 0.000 0.000 0.000 0.000 0.000 0.000 0.046 0.289 0.176 0.251 0.008 0.000 0.000 0.000 0.000 0.000 0.000 0.000 0.000
1.994 2.151 1.939 1.909 1.841 2.107 1.861 1.787 1.840 1.729 1.777 1.693 1.560 1.561 1.493 1.512 1.469 1.446 1.403 1.307 1.195 1.133 1.210 1.042 1.117 1.125 1.130 1.059 0.979 0.967 0.000 0.000 0.000 0.000 0.000 0.000 0.000 0.000 0.000 0.000 0.000 0.000 0.000 0.000 0.000 0.000 0.000 0.000 0.000 0.000 0.000 0.000 0.000 0.000 0.000 0.000 0.000 0.000 0.000 0.000 0.000 0.000 0.000 0.000 0.000 0.000 0.000 0.000 0.000 0.000 0.000 0.000 0.000 0.000 0.000 0.000 0.000
2.110 2.060 2.105 2.060 2.005 1.975 1.938 1.906 1.825 1.725 1.734 1.799 1.738 1.710 1.655 1.605 1.447 1.490 1.495 1.412 1.275 1.260 1.300 1.206 1.075 1.156 1.026 1.075 1.011 0.831 0.000 0.000 0.000 0.000 0.000 0.000 0.000 0.000 0.000 0.000 0.000 0.000 0.000 0.000 0.000 0.000 0.000 0.000 0.000 0.000 0.000 0.000 0.000 0.000 0.000 0.000 0.000 0.000 0.000 0.000 0.000 0.000 0.000 0.000 0.000 0.000 0.000 0.000 0.000 0.000 0.000 0.000 0.000 0.000 0.000 0.000 0.000
2.124 1.986 2.053 2.019 1.865 1.890 1.903 1.878 1.788 1.781 1.843 1.695 1.787 1.665 1.616 1.601 1.476 1.391 1.553 1.481 1.491 1.402 1.217 1.221 1.222 1.208 1.179 1.058 1.104 0.000 0.000 0.000 0.000 0.000 0.000 0.000 0.000 0.000 0.000 0.000 0.000 0.000 0.000 0.000 0.000 0.000 0.000 0.000 0.000 0.000 0.000 0.000 0.000 0.000 0.000 0.000 0.000 0.000 0.000 0.000 0.000 0.000 0.000 0.000 0.000 0.000 0.000 0.000 0.000 0.000 0.000 0.000 0.000 0.000 0.000 0.000 0.000
2.065 2.006 1.993 1.919 1.896 1.860 1.831 1.850 1.849 1.823 1.753 1.780 1.737 1.614 1.631 1.500 1.532 1.497 1.500 1.488 1.468 1.407 1.383 1.274 1.213 1.193 1.123 1.112 1.137 0.000 0.000 0.000 0.000 0.000 0.000 0.000 0.000 0.000 0.000 0.000 0.000 0.000 0.000 0.000 0.000 0.000 0.000 0.000 0.000 0.000 0.000 0.000 0.000 0.000 0.000 0.000 0.000 0.000 0.000 0.000 0.000 0.000 0.000 0.000 0.000 0.000 0.000 0.000 0.000 0.000 0.000 0.000 0.000 0.000 0.000 0.000 0.000
2.077 2.085 2.026 1.968 1.948 2.013 1.882 1.778 1.824 1.763 1.689 1.669 1.734 1.673 1.609 1.652 1.480 1.453 1.455 1.284 1.365 1.321 1.348 1.250 1.205 1.222 1.275 1.065 1.016 0.000 0.000 0.000 0.000 0.000 0.000 0.000 0.000 0.000 0.000 0.000 0.000 0.000 0.000 0.000 0.000 0.000 0.000 0.000 0.000 0.000 0.000 0.000 0.000 0.000 0.000 0.000 0.000 0.000 0.000 0.000 0.000 0.000 0.000 0.000 0.000 0.000 0.000 0.000 0.000 0.000 0.000 0.000 0.000 0.000 0.000 0.000 0.000
2.046 1.956 2.094 2.016 1.902 1.879 2.003 1.786 1.776 1.756 1.720 1.656 1.617 1.707 1.632 1.498 1.606 1.468 1.389 1.299 1.320 1.315 1.344 1.429 1.485 1.195 1.122 1.054 0.284 0.000 0.000 0.000 0.000 0.000 0.000 0.000 0.000 0.000 0.000 0.000 0.000 0.000 0.000 0.000 0.000 0.000 0.000 0.000 0.000 0.000 0.000 0.000 0.000 0.000 0.000 0.000 0.000 0.000 0.000 0.000 0.000 0.000 0.000 0.000 0.000 0.000 0.000 0.000 0.000 0.000 0.000 0.000 0.000 0.000 0.000 0.000 0.000
2.201 2.086 1.968 1.972 1.947 1.855 1.850 1.858 1.841 1.658 1.626 1.640 1.566 1.495 1.602 1.666 1.621 1.460 1.352 1.383 1.332 1.299 1.325 1.309 1.247 1.121 1.099 1.072 0.000 0.000 0.000 0.000 0.000 0.000 0.000 0.000 0.000 0.000 0.000 0.000 0.000 0.000 0.000 0.000 0.000 0.000 0.000 0.000 0.000 0.000 0.000 0.000 0.000 0.000 0.000 0.000 0.000 0.000 0.000 0.000 0.000 0.000 0.000 0.000 0.000 0.000 0.000 0.000 0.000 0.000 0.000 0.000 0.000 0.000 0.000 0.000 0.000
2.146 2.049 1.986 1.907 1.989 1.910 1.727 1.816 1.793 1.684 1.600 1.643 1.552 1.535 1.466 1.653 1.492 1.568 1.470 1.444 1.300 1.260 1.232 1.393 1.273 1.129 1.094 0.962 0.000 0.000 0.000 0.000 0.000 0.000 0.000 0.000 0.000 0.000 0.000 0.000 0.000 0.000 0.000 0.000 0.000 0.000 0.000 0.000 0.000 0.000 0.000 0.000 0.000 0.000 0.000 0.000 0.000 0.000 0.000 0.000 0.000 0.000 0.000 0.000 0.000 0.000 0.000 0.000 0.000 0.000 0.000 0.000 0.000 0.000 0.000 0.000 0.000
1.866 1.986 1.918 1.919 1.861 1.875 1.635 1.774 1.743 1.683 1.618 1.600 1.479 1.544 1.526 1.502 1.467 1.522 1.507 1.484 1.269 1.265 1.154 1.238 1.085 1.187 1.043 0.000 0.000 0.000 0.000 0.000 0.000 0.000 0.000 0.000 0.000 0.000 0.000 0.000 0.000 0.000 0.000 0.000 0.000 0.000 0.000 0.000 0.000 0.000 0.000 0.000 0.000 0.000 0.000 0.000 0.000 0.000 0.000 0.000 0.000 0.000 0.000 0.000 0.000 0.000 0.000 0.000 0.000 0.000 0.000 0.000 0.000 0.000 0.000 0.000 0.000
2.245 2.236 1.897 1.799 1.909 1.784 1.694 1.720 1.713 1.602 1.463 1.547 1.550 1.498 1.434 1.416 1.428 1.426 1.372 1.345 1.279 1.200 1.138 1.098 1.127 1.125 1.033 0.000 0.000 0.000 0.000 0.000 0.000 0.000 0.000 0.000 0.000 0.000 0.000 0.000 0.000 0.000 0.000 0.000 0.000 0.000 0.000 0.000 0.000 0.000 0.000 0.000 0.000 0.000 0.000 0.000 0.000 0.000 0.000 0.000 0.000 0.000 0.000 0.000 0.000 0.000 0.000 0.000 0.000 0.000 0.000 0.000 0.000 0.000 0.000 0.000 0.000
2.068 1.980 2.159 1.927 1.568 1.692 1.617 1.666 1.502 1.532 1.529 1.440 1.400 1.398 1.282 1.330 1.349 1.240 1.219 1.377 1.426 1.185 1.160 1.113 0.999 0.987 0.000 0.000 0.000 0.000 0.000 0.000 0.000 0.000 0.000 0.000 0.000 0.000 0.000 0.000 0.000 0.000 0.000 0.000 0.000 0.000 0.000 0.000 0.000 0.000 0.000 0.000 0.000 0.000 0.000 0.000 0.000 0.000 0.000 0.000 0.000 0.000 0.000 0.000 0.000 0.000 0.000 0.000 0.000 0.000 0.000 0.000 0.000 0.000 0.000 0.000 0.000
1.998 2.010 1.977 1.990 2.175 0.993 1.418 1.488 1.395 1.551 1.324 1.385 1.445 1.368 1.382 1.264 1.287 1.238 1.324 1.276 1.320 1.246 1.149 1.065 1.014 0.767 0.000 0.000 0.000 0.000 0.000 0.000 0.000 0.000 0.000 0.000 0.000 0.000 0.000 0.000 0.000 0.000 0.000 0.000 0.000 0.000 0.000 0.000 0.000 0.000 0.000 0.000 0.000 0.000 0.000 0.000 0.000 0.000 0.000 0.000 0.000 0.000 0.000 0.000 0.000 0.000 0.000 0.000 0.000 0.000 0.000 0.000 0.000 0.000 0.000 0.000 0.000
1.677 1.811 1.710 1.771 1.776 1.847 2.075 0.412 1.457 1.438 1.353 1.284 1.235 1.170 1.107 1.218 1.161 1.213 1.177 1.178 1.211 1.174 1.237 0.985 0.964 0.000 0.000 0.000 0.000 0.000 0.000 0.000 0.000 0.000 0.000 0.000 0.000 0.000 0.000 0.000 0.000 0.000 0.000 0.000 0.000 0.000 0.000 0.000 0.000 0.000 0.000 0.000 0.000 0.000 0.000 0.000 0.000 0.000 0.000 0.000 0.000 0.000 0.000 0.000 0.000 0.000 0.000 0.000 0.000 0.000 0.000 0.000 0.000 0.000 0.000 0.000 0.000
