includes/estuary_coast/floodfiles/results/res-0003.wdfp
ncols         730
nrows         472
xllcorner     380617.130607059982140
yllcorner     6542069.774948899634182
cellsize      20.000000000000000
NODATA_value  -9999.000000
[rows 408 to 441 of 472, columns 0 to 76 of 730]
3.228 3.227 3.220 3.187 3.164 3.138 3.115 3.100 3.093 3.078 3.074 3.045 3.032 3.015 2.975 2.973 2.931 2.905 2.890 2.880 2.859 2.847 2.829 2.804 2.773 2.733 2.701 2.686 2.694 2.716 2.730 2.740 2.743 2.739 2.735 2.736 2.742 2.756 1.684 1.845 1.831 1.777 1.884 1.805 1.997 1.872 1.911 1.910 1.888 1.774 1.663 1.477 1.700 1.773 1.641 1.465 1.659 1.772 1.749 1.686 1.714 1.601 1.707 1.664 1.738 1.692 1.689 1.636 1.745 1.577 1.640 1.647 1.486 1.537 1.523 1.481 1.529
3.226 3.222 3.198 3.169 3.135 3.105 3.078 3.053 3.049 3.043 3.037 3.017 2.980 2.960 2.942 2.925 2.911 2.891 2.880 2.854 2.847 2.834 2.817 2.796 2.770 2.738 2.712 2.701 2.707 2.724 2.733 2.740 2.738 2.729 2.721 2.720 2.729 1.836 1.855 1.903 1.842 1.820 1.896 1.836 1.834 1.974 1.901 1.866 1.965 1.823 1.840 1.780 1.527 1.740 1.847 1.964 1.654 1.586 1.661 1.591 1.919 1.753 1.627 1.745 1.661 1.844 1.861 1.711 1.581 1.640 1.654 1.441 1.728 1.598 1.706 1.698 1.629
3.221 3.211 3.179 3.148 3.112 3.077 3.044 3.033 3.033 3.025 3.006 2.978 2.953 2.929 2.909 2.896 2.880 2.874 2.866 2.840 2.830 2.820 2.806 2.790 2.772 2.752 2.732 2.725 2.717 2.725 2.733 2.742 2.736 2.723 2.711 2.710 1.926 1.888 1.915 1.842 1.881 1.833 1.786 1.856 1.788 1.954 1.902 1.886 1.876 1.782 1.856 1.753 1.792 1.721 1.968 1.719 1.878 1.941 1.759 1.601 1.579 1.633 1.622 1.825 1.650 1.700 1.785 1.662 1.704 1.722 1.506 1.525 1.544 1.516 1.486 1.479 1.452
3.191 3.174 3.151 3.122 3.093 3.062 3.035 3.028 3.026 3.017 2.987 2.956 2.927 2.898 2.876 2.862 2.858 2.856 2.835 2.825 2.814 2.794 2.783 2.762 2.751 2.744 2.738 2.729 2.731 2.736 2.741 2.741 2.733 2.727 2.714 2.713 1.839 1.874 1.893 1.991 1.859 1.968 1.926 1.838 1.801 1.755 1.815 1.889 1.926 1.917 1.833 1.815 1.776 1.797 1.928 1.608 1.689 1.822 1.871 2.049 1.715 1.620 1.709 1.676 1.654 1.659 1.601 1.648 1.741 1.548 1.570 1.548 1.554 1.598 1.463 1.403 1.470
3.155 3.141 3.121 3.098 3.074 3.045 3.033 3.025 3.021 3.007 2.972 2.937 2.900 2.866 2.844 2.837 2.840 2.835 2.806 2.791 2.776 2.763 2.753 2.749 2.745 2.745 2.735 2.738 2.744 2.748 2.750 2.749 2.741 2.737 2.729 2.728 1.969 1.950 1.945 1.875 1.950 1.947 1.988 1.856 1.977 1.875 1.874 1.773 1.731 1.969 1.939 1.864 1.746 1.715 1.759 1.644 1.652 1.608 1.811 1.822 1.842 1.850 1.809 1.550 1.561 1.524 1.700 1.678 1.690 1.613 1.644 1.590 1.532 1.558 1.492 1.475 1.362
3.114 3.107 3.090 3.073 3.057 3.031 3.016 3.013 3.006 2.981 2.951 2.917 2.881 2.847 2.827 2.823 2.822 2.811 2.796 2.777 2.758 2.741 2.732 2.729 2.734 2.741 2.739 2.746 2.753 2.757 2.763 2.765 2.757 2.750 2.749 2.750 2.012 2.004 2.048 2.153 1.907 1.844 1.867 1.896 1.915 1.726 1.838 1.661 1.777 1.844 1.805 1.681 1.806 1.897 1.819 1.864 1.684 1.718 1.677 1.819 1.801 1.819 1.710 1.940 1.697 1.564 1.714 1.593 1.675 1.620 1.662 1.684 1.544 1.518 1.491 1.473 1.583
3.068 3.054 3.040 3.027 3.016 2.997 2.996 2.978 2.972 2.956 2.932 2.904 2.871 2.842 2.825 2.820 2.819 2.805 2.786 2.762 2.738 2.717 2.707 2.709 2.718 2.725 2.740 2.757 2.769 2.778 2.784 2.783 2.775 2.769 2.765 2.773 2.775 1.963 2.077 2.059 2.076 1.977 1.894 1.870 1.734 1.832 1.819 1.837 1.606 1.618 1.695 1.693 1.716 1.649 1.686 1.907 1.725 1.689 1.668 1.719 1.543 1.665 1.784 1.708 1.973 1.832 1.746 1.609 1.547 1.570 1.626 1.602 1.614 1.582 1.431 1.486 1.482
3.029 3.011 3.004 2.990 2.985 2.968 2.949 2.947 2.944 2.930 2.912 2.890 2.868 2.843 2.823 2.820 2.814 2.796 2.774 2.748 2.719 2.695 2.682 2.687 2.705 2.723 2.746 2.768 2.786 2.799 2.805 2.801 2.795 2.789 2.785 2.784 2.795 1.713 1.925 2.050 2.141 2.066 1.951 1.862 1.861 1.767 1.858 1.946 1.651 1.893 1.637 1.666 1.676 1.698 1.756 1.827 1.860 1.772 1.650 1.608 1.583 1.539 1.708 1.763 1.725 1.862 1.621 1.663 1.806 1.608 1.603 1.559 1.534 1.539 1.483 1.506 1.494
2.999 2.975 2.955 2.943 2.937 2.935 2.919 2.917 2.896 2.886 2.873 2.877 2.849 2.824 2.819 2.813 2.798 2.784 2.763 2.737 2.709 2.684 2.671 2.676 2.697 2.721 2.751 2.782 2.808 2.827 2.831 2.826 2.817 2.808 2.804 1.942 1.849 2.020 1.890 1.944 2.015 1.986 2.050 2.031 1.956 1.885 1.822 1.723 1.930 1.705 1.585 1.773 1.633 1.687 1.767 1.709 1.663 1.826 1.656 1.554 1.653 1.576 1.697 1.705 1.597 1.607 1.827 1.593 1.573 1.576 1.414 1.420 1.660 1.578 1.560 1.490 1.513
2.969 2.937 2.911 2.889 2.890 2.892 2.892 2.891 2.871 2.862 2.853 2.846 2.838 2.815 2.802 2.794 2.785 2.771 2.754 2.733 2.708 2.689 2.678 2.683 2.702 2.726 2.759 2.796 2.832 2.858 2.864 2.853 2.836 2.823 1.809 2.179 2.016 1.957 2.022 2.010 1.891 2.061 2.119 2.014 1.944 2.082 1.968 1.909 1.774 1.809 1.904 1.601 1.701 1.605 1.665 1.664 1.646 1.575 1.726 1.592 1.626 1.668 1.491 1.552 1.579 1.585 1.540 1.834 1.795 1.544 1.475 1.520 1.537 1.552 1.406 1.519 1.554
2.942 2.892 2.864 2.853 2.860 2.859 2.861 2.854 2.846 2.836 2.827 2.826 2.805 2.801 2.790 2.784 2.772 2.760 2.746 2.730 2.706 2.699 2.693 2.697 2.709 2.733 2.767 2.809 2.852 2.884 2.890 2.871 2.848 2.090 2.058 1.971 2.006 2.082 2.065 1.870 2.109 1.940 1.942 2.001 2.107 1.958 1.970 1.864 1.896 1.845 1.666 2.059 1.652 1.639 1.761 1.726 1.521 1.626 1.571 1.627 1.652 1.524 1.514 1.489 1.480 1.591 1.534 1.513 1.638 1.450 1.579 1.417 1.464 1.497 1.414 1.422 1.416
2.920 2.870 2.841 2.831 2.838 2.841 2.840 2.837 2.825 2.812 2.802 2.793 2.777 2.780 2.777 2.759 2.751 2.742 2.731 2.718 2.711 2.703 2.699 2.703 2.715 2.735 2.767 2.809 2.853 2.887 2.893 2.874 1.987 1.961 2.017 2.013 2.051 1.982 2.121 2.098 1.775 2.026 2.025 1.823 1.864 1.967 1.951 1.824 1.736 1.826 1.766 1.775 1.749 1.952 1.579 1.559 1.647 1.661 1.558 1.478 1.577 1.817 1.453 1.566 1.539 1.549 1.573 1.446 1.478 1.474 1.579 1.632 1.451 1.521 1.426 1.411 1.505
2.908 2.864 2.839 2.831 2.836 2.835 2.831 2.819 2.802 2.788 2.767 2.765 2.764 2.759 2.757 2.751 2.743 2.733 2.722 2.714 2.710 2.702 2.700 2.702 2.711 2.728 2.755 2.793 2.832 2.861 2.869 1.924 1.946 1.961 2.030 2.166 1.974 2.123 2.072 2.002 2.096 1.831 1.894 2.037 1.871 1.861 1.847 2.042 1.996 1.850 1.766 1.830 1.704 1.727 1.790 1.741 1.618 1.698 1.539 1.570 1.558 1.537 1.902 1.580 1.526 1.463 1.479 1.471 1.486 1.466 1.460 1.585 1.590 1.400 1.379 1.424 1.390
2.887 2.856 2.844 2.839 2.840 2.832 2.823 2.808 2.788 2.762 2.752 2.752 2.752 2.750 2.750 2.742 2.734 2.726 2.718 2.708 2.704 2.697 2.692 2.687 2.692 2.704 2.730 2.760 2.794 1.986 2.042 2.058 2.026 2.090 2.079 2.010 2.037 2.012 1.993 2.086 2.134 1.997 2.000 1.827 1.929 1.680 1.998 1.848 1.815 1.813 1.767 1.773 1.623 1.707 1.734 1.593 1.832 1.596 1.556 1.669 1.448 1.571 1.529 1.624 1.572 1.434 1.444 1.486 1.427 1.453 1.475 1.496 1.545 1.604 1.428 1.448 1.418
2.879 2.855 2.849 2.833 2.830 2.825 2.817 2.801 2.780 2.756 2.746 2.746 2.749 2.747 2.741 2.735 1.769 1.793 2.713 2.708 2.695 2.687 2.678 2.666 2.663 2.669 2.680 2.709 1.932 1.942 2.015 1.854 2.035 2.174 2.077 2.085 1.930 2.035 1.984 1.859 2.087 2.158 2.065 1.811 1.774 1.825 1.894 1.897 1.775 1.719 1.770 2.007 1.840 1.752 1.453 1.578 1.701 1.756 1.752 1.556 1.459 1.470 1.460 1.430 1.515 1.600 1.370 1.473 1.455 1.367 1.354 1.426 1.427 1.363 1.642 1.486 1.342
2.863 2.844 2.827 2.826 2.824 1.774 1.599 2.799 2.781 2.758 2.748 2.748 2.749 2.744 2.736 2.726 1.794 1.656 1.741 1.633 1.565 1.739 2.648 2.628 2.613 2.610 2.623 1.929 1.959 1.932 2.059 1.943 1.948 2.083 2.063 1.884 1.975 1.948 1.993 2.056 1.942 2.011 2.234 2.106 1.766 1.765 1.814 1.789 1.787 1.694 1.677 1.743 1.752 1.454 1.632 1.558 1.609 1.632 1.636 1.659 1.484 1.426 1.770 1.438 1.361 1.470 1.628 1.385 1.450 1.390 1.425 1.386 1.436 1.326 1.408 1.340 1.411
2.823 2.826 2.814 1.597 1.636 1.718 1.948 1.837 1.930 2.749 2.754 2.740 2.735 2.741 2.733 2.722 1.797 1.775 1.873 1.726 1.673 1.552 1.445 1.932 1.819 2.538 1.945 1.920 1.913 1.998 2.084 2.056 2.117 1.936 1.936 2.002 2.105 2.122 1.931 2.014 1.950 1.837 1.794 2.205 2.170 1.725 1.640 1.742 1.667 1.885 1.868 1.617 1.721 1.583 1.670 1.672 1.567 1.507 1.551 1.638 1.706 1.684 1.487 1.460 1.547 1.499 1.414 1.595 1.530 1.372 1.402 1.378 1.448 1.390 1.299 1.263 1.282
2.764 1.557 1.680 1.594 1.442 1.733 1.783 1.726 1.760 1.653 1.685 1.590 2.729 2.721 2.730 2.720 2.713 1.622 1.615 1.582 1.480 1.500 1.412 1.466 1.779 1.826 1.832 1.798 1.880 1.829 2.022 1.888 1.835 1.834 1.957 1.845 1.886 1.812 1.775 1.846 1.819 1.810 1.750 1.853 2.118 2.145 1.773 1.688 1.539 1.495 1.603 1.537 1.604 1.499 1.315 1.398 1.444 1.397 1.540 1.459 1.351 1.517 1.674 1.307 1.414 1.417 1.391 1.278 1.365 1.251 1.215 1.177 1.225 1.275 1.160 1.157 1.194
1.404 1.404 1.698 1.378 1.585 1.787 1.925 1.809 1.731 1.794 1.822 1.720 1.652 1.722 2.717 2.707 2.706 1.638 1.666 1.577 1.647 1.593 1.571 1.460 1.369 1.503 1.727 1.985 1.932 2.004 1.994 1.924 2.022 1.944 1.862 1.928 1.864 1.785 1.875 1.781 1.845 1.831 1.766 1.769 1.747 1.994 2.019 1.516 1.537 1.670 1.542 1.518 1.418 1.632 1.460 1.523 1.553 1.509 1.443 1.468 1.425 1.368 1.462 1.628 1.346 1.433 1.437 1.305 1.401 1.332 1.502 1.182 1.125 1.140 1.279 1.376 1.312
1.586 1.543 1.546 1.587 1.533 1.768 1.799 1.742 1.744 1.762 1.911 1.702 1.819 1.583 1.605 1.692 1.653 1.423 1.699 1.638 1.681 1.507 1.429 1.468 1.334 1.356 1.552 1.911 1.973 1.915 1.846 1.961 1.912 1.904 1.870 1.975 1.800 1.844 1.789 1.735 1.755 1.817 1.834 1.753 1.714 1.693 1.770 2.020 1.615 1.530 1.535 1.545 1.558 1.542 1.517 1.464 1.605 1.423 1.460 1.432 1.316 1.376 1.357 1.448 1.740 1.397 1.229 1.443 1.369 1.348 1.245 1.386 1.236 1.289 1.221 1.220 1.303
1.509 1.600 1.503 1.700 1.669 1.716 1.834 1.703 1.723 1.815 1.796 1.766 1.816 1.770 1.706 1.527 1.666 1.633 1.542 1.630 1.685 1.547 1.547 1.703 1.499 1.426 1.253 1.513 1.823 1.861 1.912 1.905 1.937 1.970 1.889 2.032 1.871 1.961 1.685 1.703 1.837 1.886 1.845 1.784 1.669 1.774 1.591 1.693 2.039 1.637 1.494 1.461 1.400 1.647 1.479 1.475 1.541 1.438 1.342 1.445 1.450 1.399 1.391 1.429 1.435 1.515 1.615 1.284 1.363 1.309 1.229 1.303 1.345 1.393 1.221 1.180 1.217
1.481 1.481 1.724 1.627 1.498 1.639 1.634 1.719 1.670 1.734 1.819 1.776 1.848 1.802 1.884 1.771 1.379 1.733 1.600 1.479 1.545 1.690 1.499 1.571 1.458 1.432 1.297 1.237 1.294 1.782 1.897 1.944 1.944 1.958 1.861 2.058 1.929 1.897 1.757 1.750 1.610 1.746 1.656 1.634 1.690 1.547 1.585 1.535 1.429 2.085 1.531 1.352 1.482 1.374 1.491 1.410 1.422 1.355 1.384 1.376 1.285 1.363 1.477 1.345 1.353 1.324 1.384 1.281 1.311 1.261 1.260 1.289 1.376 1.245 1.387 1.200 1.164
1.702 1.737 1.595 1.788 1.834 1.755 1.654 1.697 1.650 2.037 1.741 1.837 1.855 1.932 1.904 1.776 1.862 1.373 1.615 1.708 1.505 1.454 1.731 1.642 1.519 1.571 1.434 1.347 1.252 1.380 1.889 1.906 2.040 1.939 1.989 1.953 1.848 1.779 1.852 1.863 1.650 1.895 1.659 1.625 1.614 1.612 1.625 1.528 1.455 1.505 2.166 1.899 1.247 1.444 1.476 1.536 1.359 1.455 1.435 1.293 1.441 1.341 1.373 1.372 1.350 1.299 1.400 1.414 1.385 1.419 1.229 1.320 1.323 1.351 1.226 1.307 1.236
1.729 1.598 1.549 1.500 1.590 1.658 1.782 1.755 1.637 1.645 1.580 1.646 1.824 1.930 1.872 1.830 1.900 1.814 1.629 1.600 1.648 1.679 1.529 1.709 1.593 1.503 1.537 1.341 1.345 1.227 1.373 1.739 1.809 1.996 1.899 1.869 1.956 1.824 1.850 1.855 1.690 1.709 1.820 1.745 1.682 1.652 1.673 1.618 1.563 1.500 1.563 2.136 1.955 1.389 1.362 1.393 1.495 1.501 1.470 1.433 1.586 1.494 1.266 1.283 1.436 1.357 1.304 1.313 1.300 1.456 1.398 1.369 1.255 1.204 1.224 1.122 1.316
1.616 1.730 1.562 1.399 1.653 1.553 1.545 1.757 1.625 1.729 1.730 1.828 1.831 1.811 2.018 1.949 1.870 1.817 1.730 1.782 1.639 1.716 1.578 1.530 1.549 1.375 1.431 1.529 1.225 1.292 1.294 1.466 1.850 1.803 1.955 1.843 1.991 1.959 1.900 1.740 1.796 1.736 1.862 1.770 1.645 1.715 1.528 1.617 1.520 1.538 1.487 1.529 1.879 1.759 1.407 1.371 1.471 1.480 1.481 1.422 1.450 1.526 1.412 1.340 1.425 1.327 1.361 1.246 1.311 1.325 1.376 1.293 1.390 1.257 1.211 1.081 1.192
1.516 1.737 1.599 1.502 1.451 1.467 1.318 1.612 1.764 1.607 1.547 1.845 1.861 1.886 1.968 1.947 1.992 1.942 1.805 1.655 1.762 1.574 1.650 1.716 1.546 1.573 1.498 1.383 1.553 1.601 1.223 1.329 1.596 1.857 1.849 1.958 1.852 1.884 1.816 1.766 1.778 1.901 1.717 1.792 1.746 1.569 1.781 1.615 1.655 1.540 1.445 1.404 1.397 1.796 1.827 1.934 1.452 1.321 1.493 1.496 1.431 1.407 1.439 1.319 1.345 1.233 1.356 1.389 1.355 1.331 1.321 1.252 1.116 1.245 1.219 1.286 1.148
1.559 1.479 1.656 1.590 1.584 1.650 1.314 1.581 1.632 1.650 1.531 1.586 1.764 1.857 1.886 1.991 1.895 2.010 1.873 1.813 1.831 1.657 1.596 1.751 1.599 1.597 1.586 1.678 1.385 1.486 1.510 1.217 1.227 1.886 1.857 1.919 2.021 1.986 1.729 1.676 1.717 1.855 1.801 1.710 1.634 1.642 1.524 1.710 1.616 1.545 1.544 1.406 1.338 1.373 1.699 1.886 1.837 1.603 1.488 1.407 1.417 1.391 1.489 1.339 1.351 1.386 1.263 1.405 1.298 1.260 1.229 1.223 1.259 1.189 1.175 1.306 1.140
1.491 1.641 1.578 1.650 1.552 1.623 1.685 1.391 1.614 1.694 1.670 1.617 1.699 1.468 1.701 1.955 1.929 1.927 1.905 1.798 1.791 1.836 1.695 1.604 1.595 1.610 1.579 1.633 1.486 1.553 1.484 1.408 1.310 1.247 1.688 1.896 1.795 2.037 1.961 1.656 1.846 1.744 1.669 1.709 1.665 1.642 1.629 1.564 1.620 1.483 1.413 1.390 1.383 1.389 1.318 1.954 1.722 1.367 1.731 1.359 1.417 1.410 1.416 1.336 1.330 1.260 1.425 1.377 1.267 1.282 1.288 1.286 1.133 1.226 1.132 1.181 1.211
1.538 1.368 1.562 1.491 1.510 1.539 1.516 1.493 1.634 1.546 1.766 1.873 1.578 1.625 1.657 1.491 1.948 1.992 1.979 1.882 2.004 1.785 1.790 1.644 1.715 1.712 1.635 1.560 1.695 1.540 1.530 1.420 1.304 1.272 1.247 1.760 1.834 1.925 1.956 1.901 1.747 1.660 1.776 1.743 1.738 1.599 1.561 1.783 1.529 1.551 1.501 1.554 1.441 1.386 1.333 1.538 1.651 1.661 1.366 1.839 1.340 1.327 1.265 1.360 1.279 1.334 1.350 1.307 1.292 1.110 1.221 1.201 1.170 1.145 1.182 1.147 1.121
1.647 1.433 1.469 1.603 1.586 1.568 1.513 1.532 1.491 1.797 1.869 1.726 1.731 1.695 1.469 1.660 1.350 1.846 1.911 1.860 1.830 1.868 1.896 1.851 1.781 1.632 1.635 1.508 1.578 1.690 1.430 1.537 1.343 1.395 1.255 1.317 1.860 1.941 1.826 1.852 1.799 1.779 1.853 1.619 1.614 1.716 1.616 1.540 1.631 1.385 1.568 1.480 1.514 1.289 1.359 1.577 1.356 1.753 1.733 1.280 1.354 1.668 1.370 1.326 1.376 1.365 1.404 1.382 1.157 1.261 1.198 1.236 1.131 1.072 1.232 1.261 1.138
1.463 1.534 1.464 1.413 1.551 1.527 1.440 1.338 1.371 1.499 1.674 1.818 1.749 1.764 1.564 1.519 1.513 1.555 1.569 1.931 1.923 1.924 1.955 1.910 1.760 1.790 1.570 1.571 1.591 1.523 1.740 1.436 1.469 1.340 1.257 1.304 1.294 1.809 1.844 1.971 1.823 1.819 1.719 1.750 1.697 1.558 1.609 1.592 1.485 1.610 1.542 1.656 1.326 1.384 1.489 1.394 1.419 1.454 1.409 1.723 1.278 1.302 1.365 1.513 1.404 1.405 1.345 1.356 1.342 1.354 1.255 1.177 1.228 1.231 1.229 1.152 1.160
1.586 1.425 1.698 1.326 1.591 1.462 1.440 1.449 1.496 1.498 1.443 1.417 1.661 1.705 1.771 1.564 1.547 1.538 1.451 1.508 1.789 1.974 1.904 1.843 1.755 1.707 1.770 1.627 1.539 1.575 1.454 1.714 1.536 1.425 1.343 1.322 1.284 1.399 1.491 1.960 2.065 1.900 1.826 1.757 1.678 1.648 1.416 1.439 1.568 1.588 1.502 1.474 1.609 1.342 1.391 1.289 1.363 1.343 1.392 1.531 1.806 1.297 1.250 1.422 1.220 1.178 1.175 1.370 1.449 1.381 1.227 1.312 1.225 1.248 1.179 1.273 1.103
1.639 1.670 1.361 1.497 1.305 1.166 1.487 1.496 1.460 1.394 1.381 1.471 1.416 1.705 1.712 1.665 1.504 1.516 1.498 1.457 1.540 1.487 1.932 2.062 1.950 1.802 1.749 1.805 1.692 1.558 1.576 1.612 1.593 1.459 1.499 1.406 1.232 1.338 1.321 1.664 1.888 2.064 1.911 1.734 1.770 1.628 1.665 1.697 1.494 1.559 1.466 1.422 1.343 1.580 1.292 1.212 1.278 1.226 1.327 1.441 1.310 1.746 1.249 1.231 1.174 1.219 1.170 1.221 1.160 1.122 1.263 1.296 1.227 1.280 1.140 1.202 1.072
1.699 1.555 1.663 1.407 1.353 1.277 1.427 1.664 1.525 1.525 1.294 1.275 1.406 1.439 1.750 1.592 1.733 1.628 1.518 1.546 1.478 1.567 1.571 1.768 2.030 1.849 1.733 1.720 1.678 1.512 1.607 1.477 1.740 1.537 1.496 1.426 1.296 1.284 1.208 1.598 1.422 1.590 1.978 2.014 1.688 1.720 1.765 1.677 1.559 1.570 1.595 1.553 1.464 1.438 1.707 1.295 1.286 1.167 1.276 1.319 1.565 1.537 1.709 1.172 1.208 1.135 1.239 1.202 1.126 1.153 1.183 1.194 1.167 1.171 1.081 1.172 1.192
