includes/estuary_coast/floodfiles/results/res-0001.wd
ncols         730
nrows         472
xllcorner     380617.130607059982140
yllcorner     6542069.774948899634182
cellsize      20.000000000000000
NODATA_value  -9999.000000
[rows 272 to 305 of 472, columns 77 to 153 of 730]
1.237 1.205 1.196 1.075 1.077 1.113 1.044 0.944 0.945 0.862 0.951 0.982 0.997 0.877 0.914 0.832 0.755 0.764 0.656 0.698 0.758 0.791 0.709 0.811 0.797 0.758 0.642 0.673 0.600 0.585 0.542 0.387 0.377 0.331 0.309 0.307 0.246 0.227 0.128 0.266 0.096 0.105 0.119 0.020 0.000 0.000 0.000 0.000 0.000 0.000 0.000 0.000 0.000 0.000 0.000 0.000 0.000 0.000 0.000 0.000 0.000 0.000 0.000 0.000 0.000 0.000 0.000 0.000 0.000 0.000 0.000 0.000 0.000 0.000 0.000 0.000 0.000
1.175 1.205 1.148 1.196 1.167 1.191 1.196 1.004 0.963 0.958 0.915 0.966 0.908 0.928 0.872 0.796 0.711 0.855 0.813 0.682 0.701 0.722 0.795 0.827 0.846 0.846 0.731 0.662 0.645 0.655 0.654 0.630 0.460 0.395 0.338 0.295 0.299 0.201 0.222 0.177 0.282 0.114 0.100 0.151 0.109 0.000 0.002 0.018 0.000 0.000 0.000 0.000 0.000 0.000 0.000 0.000 0.000 0.000 0.000 0.000 0.000 0.000 0.000 0.000 0.000 0.000 0.000 0.000 0.000 0.000 0.000 0.000 0.000 0.000 0.000 0.000 0.000
1.115 1.093 1.147 1.157 1.097 1.131 1.267 1.067 0.986 0.879 0.953 0.964 0.992 0.758 0.920 0.887 0.821 0.697 0.715 0.734 0.746 0.714 0.781 0.814 0.998 0.843 0.690 0.683 0.629 0.568 0.617 0.624 0.555 0.452 0.455 0.329 0.281 0.281 0.289 0.244 0.188 0.247 0.232 0.085 0.114 0.013 0.041 0.002 0.000 0.000 0.000 0.000 0.000 0.000 0.000 0.000 0.000 0.000 0.000 0.000 0.000 0.000 0.000 0.000 0.000 0.000 0.000 0.000 0.000 0.000 0.000 0.000 0.000 0.000 0.000 0.000 0.000
1.243 1.187 1.197 1.169 1.055 1.003 1.064 1.053 0.987 0.880 0.900 0.858 0.902 0.886 0.857 0.782 0.766 0.685 0.764 0.740 0.729 0.831 0.939 0.608 0.643 0.673 0.688 0.879 0.672 0.618 0.552 0.607 0.643 0.563 0.464 0.476 0.330 0.303 0.301 0.152 0.199 0.181 0.229 0.226 0.054 0.000 0.021 0.028 0.000 0.000 0.000 0.000 0.000 0.000 0.000 0.000 0.000 0.000 0.000 0.000 0.000 0.000 0.000 0.000 0.000 0.000 0.000 0.000 0.000 0.000 0.000 0.000 0.000 0.000 0.000 0.000 0.000
1.159 1.197 1.105 1.136 1.107 1.157 1.141 1.186 1.189 1.075 0.953 0.952 0.847 0.889 0.932 0.797 0.798 0.833 0.784 0.782 0.853 0.746 0.653 0.623 0.655 0.653 0.634 0.681 0.728 0.739 0.731 0.673 0.656 0.593 0.614 0.496 0.406 0.442 0.400 0.260 0.238 0.178 0.299 0.072 0.127 0.006 0.000 0.014 0.000 0.000 0.000 0.000 0.000 0.000 0.000 0.000 0.000 0.000 0.000 0.000 0.000 0.000 0.000 0.000 0.000 0.000 0.000 0.000 0.000 0.000 0.000 0.000 0.000 0.000 0.000 0.000 0.000
1.235 1.132 1.195 1.107 1.112 1.029 1.134 1.159 1.054 1.121 0.981 0.944 1.009 0.938 0.886 0.907 0.975 0.827 0.826 1.000 0.732 0.558 0.602 0.733 0.715 0.619 0.601 0.594 0.738 0.671 0.657 0.684 0.597 0.554 0.690 0.701 0.506 0.398 0.361 0.344 0.327 0.297 0.174 0.166 0.131 0.150 0.094 0.033 0.000 0.000 0.000 0.000 0.000 0.000 0.000 0.000 0.000 0.000 0.000 0.000 0.000 0.000 0.000 0.000 0.000 0.000 0.000 0.000 0.000 0.000 0.000 0.000 0.000 0.000 0.000 0.000 0.000
1.251 1.344 1.124 1.125 1.133 1.107 1.018 1.187 1.162 1.303 1.045 0.846 0.866 0.939 0.867 0.898 0.884 1.009 0.751 0.728 0.625 0.598 0.759 0.620 0.617 0.586 0.643 0.680 0.639 0.675 0.667 0.558 0.649 0.747 0.765 0.645 0.555 0.605 0.455 0.395 0.346 0.307 0.151 0.189 0.151 0.109 0.122 0.122 0.011 0.020 0.000 0.000 0.000 0.000 0.000 0.000 0.000 0.000 0.000 0.000 0.000 0.000 0.000 0.000 0.000 0.000 0.000 0.000 0.000 0.000 0.000 0.000 0.000 0.000 0.000 0.000 0.000
1.306 1.271 1.135 1.122 0.995 1.077 1.027 1.292 1.228 1.078 1.317 1.095 0.916 0.994 0.850 1.003 0.969 1.150 0.808 0.759 0.632 0.621 0.589 0.514 0.663 0.695 0.614 0.669 0.686 0.616 0.663 0.556 0.583 0.574 0.619 0.588 0.651 0.546 0.396 0.445 0.443 0.305 0.314 0.229 0.158 0.198 0.082 0.030 0.093 0.037 0.003 0.000 0.000 0.000 0.000 0.000 0.000 0.000 0.000 0.000 0.000 0.000 0.000 0.000 0.000 0.000 0.000 0.000 0.000 0.000 0.000 0.000 0.000 0.000 0.000 0.000 0.000
1.374 1.310 1.269 1.129 1.110 1.210 1.181 1.162 1.060 1.024 1.108 0.992 1.092 1.046 0.849 0.964 0.718 0.908 0.760 0.768 0.747 0.708 0.760 0.661 0.611 0.727 0.723 0.555 0.629 0.601 0.581 0.527 0.521 0.506 0.514 0.582 0.557 0.548 0.497 0.477 0.332 0.360 0.323 0.182 0.194 0.116 0.154 0.138 0.043 0.083 0.000 0.000 0.000 0.000 0.000 0.000 0.000 0.000 0.000 0.000 0.000 0.000 0.000 0.000 0.000 0.000 0.000 0.000 0.000 0.000 0.000 0.000 0.000 0.000 0.000 0.000 0.000
1.251 1.301 1.219 1.228 1.179 1.158 1.117 1.077 1.161 1.033 1.065 1.070 1.191 1.101 0.980 1.006 1.135 0.826 0.746 0.921 0.753 0.681 0.753 0.690 0.696 0.632 0.557 0.589 0.583 0.578 0.711 0.571 0.742 0.588 0.519 0.526 0.583 0.590 0.550 0.475 0.452 0.341 0.363 0.252 0.272 0.185 0.157 0.177 0.094 0.095 0.051 0.000 0.000 0.000 0.000 0.000 0.000 0.000 0.000 0.000 0.000 0.000 0.000 0.000 0.000 0.000 0.000 0.000 0.000 0.000 0.000 0.000 0.000 0.000 0.000 0.000 0.000
1.401 1.291 1.346 1.316 1.203 1.263 1.176 1.282 1.098 1.125 1.105 1.094 1.035 1.185 1.086 0.865 0.947 0.930 0.958 0.871 0.847 0.794 0.731 0.791 0.881 0.557 0.472 0.570 0.639 0.617 0.663 0.551 0.649 0.449 0.523 0.557 0.644 0.633 0.566 0.578 0.469 0.429 0.291 0.254 0.185 0.225 0.156 0.124 0.175 0.037 0.059 0.000 0.000 0.000 0.000 0.000 0.000 0.000 0.000 0.000 0.000 0.000 0.000 0.000 0.000 0.000 0.000 0.000 0.000 0.000 0.000 0.000 0.000 0.000 0.000 0.000 0.000
1.385 1.280 1.336 1.598 1.370 1.142 1.108 1.161 1.160 1.093 0.997 1.080 1.109 1.142 1.063 1.040 0.917 0.877 0.802 0.796 0.942 0.939 0.828 0.682 0.645 0.623 0.552 0.605 0.541 0.605 0.562 0.682 0.520 0.502 0.508 0.461 0.481 0.552 0.601 0.581 0.488 0.516 0.277 0.291 0.195 0.278 0.192 0.186 0.074 0.038 0.076 0.000 0.000 0.024 0.055 0.000 0.000 0.000 0.000 0.000 0.000 0.000 0.000 0.000 0.000 0.000 0.000 0.000 0.000 0.000 0.000 0.000 0.000 0.000 0.000 0.000 0.000
1.380 1.672 1.311 1.177 1.294 1.132 1.169 1.107 0.976 1.053 1.018 1.014 1.098 0.976 0.987 1.080 0.926 0.842 0.881 0.986 1.107 0.878 0.768 0.820 0.684 0.711 0.618 0.606 0.607 0.532 0.527 0.490 0.616 0.493 0.495 0.503 0.456 0.439 0.461 0.478 0.639 0.461 0.255 0.254 0.329 0.176 0.184 0.249 0.064 0.095 0.105 0.048 0.113 0.118 0.000 0.000 0.000 0.000 0.000 0.000 0.000 0.000 0.000 0.000 0.000 0.000 0.000 0.000 0.000 0.000 0.000 0.000 0.000 0.000 0.000 0.000 0.000
1.260 1.499 1.296 1.264 1.195 1.189 1.207 1.224 1.069 1.035 1.035 0.994 0.915 1.022 0.968 1.006 0.987 0.954 0.861 0.819 0.910 0.861 0.791 0.792 0.706 0.589 0.690 0.648 0.607 0.509 0.526 0.546 0.563 0.574 0.551 0.476 0.521 0.514 0.439 0.431 0.481 0.584 0.327 0.393 0.196 0.244 0.150 0.098 0.160 0.192 0.156 0.094 0.107 0.056 0.000 0.000 0.000 0.000 0.000 0.000 0.000 0.000 0.000 0.000 0.000 0.000 0.000 0.000 0.000 0.000 0.000 0.000 0.000 0.000 0.000 0.000 0.000
1.722 1.301 1.343 1.346 1.297 1.196 1.144 1.178 1.130 1.149 1.007 1.013 0.965 0.873 0.986 1.027 1.097 0.969 0.926 0.884 0.814 0.767 0.829 0.842 0.813 0.716 0.758 0.607 0.652 0.559 0.464 0.553 0.556 0.573 0.572 0.495 0.475 0.425 0.509 0.367 0.380 0.486 0.484 0.286 0.310 0.211 0.193 0.150 0.209 0.129 0.101 0.095 0.035 0.007 0.010 0.007 0.000 0.000 0.000 0.000 0.000 0.000 0.000 0.000 0.000 0.000 0.000 0.000 0.000 0.000 0.000 0.000 0.000 0.000 0.000 0.000 0.000
2.257 1.439 1.411 1.314 1.248 1.246 1.235 1.111 1.192 1.170 1.124 1.029 0.949 0.943 1.052 1.028 0.916 1.081 1.000 0.842 0.850 0.836 0.815 0.806 0.753 0.707 0.670 0.606 0.702 0.617 0.595 0.501 0.566 0.529 0.460 0.447 0.551 0.400 0.421 0.437 0.429 0.475 0.287 0.324 0.229 0.232 0.235 0.230 0.185 0.096 0.085 0.063 0.089 0.032 0.005 0.000 0.000 0.000 0.000 0.000 0.000 0.000 0.000 0.000 0.000 0.000 0.000 0.000 0.000 0.000 0.000 0.000 0.000 0.000 0.000 0.000 0.000
2.249 2.229 2.203 2.192 2.185 1.321 1.268 1.302 1.286 1.140 1.127 1.064 1.082 1.025 0.922 0.980 0.986 0.944 1.007 0.935 0.878 0.838 0.766 0.834 0.830 0.729 0.831 0.741 0.686 0.536 0.581 0.617 0.581 0.478 0.518 0.481 0.485 0.419 0.456 0.368 0.429 0.443 0.314 0.270 0.235 0.163 0.255 0.259 0.107 0.134 0.094 0.149 0.118 0.039 0.000 0.000 0.000 0.000 0.000 0.000 0.000 0.000 0.000 0.000 0.000 0.000 0.000 0.000 0.000 0.000 0.000 0.000 0.000 0.000 0.000 0.000 0.000
2.251 2.235 2.209 2.198 2.189 2.179 1.355 1.293 1.234 1.070 1.166 1.116 1.153 1.099 0.988 1.000 0.888 0.915 0.951 1.026 0.878 0.814 0.830 0.801 0.719 0.867 0.730 0.777 0.654 0.734 0.602 0.668 0.602 0.467 0.420 0.429 0.535 0.451 0.442 0.410 0.387 0.416 0.336 0.286 0.211 0.191 0.264 0.188 0.254 0.074 0.177 0.214 0.031 0.000 0.029 0.000 0.007 0.006 0.000 0.000 0.000 0.000 0.000 0.000 0.000 0.000 0.000 0.000 0.000 0.000 0.000 0.000 0.000 0.000 0.000 0.000 0.000
2.256 2.243 2.218 2.206 2.195 2.181 2.178 1.378 1.307 1.288 1.378 1.219 1.219 1.095 1.058 1.039 0.911 0.967 0.937 1.059 1.078 0.946 0.808 0.769 0.761 0.762 0.848 0.735 0.681 0.668 0.609 0.672 0.634 0.576 0.557 0.485 0.434 0.433 0.423 0.435 0.406 0.349 0.254 0.232 0.288 0.199 0.277 0.250 0.251 0.187 0.247 0.082 0.060 0.096 0.098 0.028 0.000 0.032 0.011 0.008 0.000 0.000 0.000 0.000 0.000 0.000 0.000 0.000 0.000 0.000 0.000 0.000 0.000 0.000 0.000 0.000 0.000
2.262 2.245 2.233 2.216 2.196 2.186 2.167 2.165 1.365 1.229 1.206 1.211 1.186 1.045 1.003 1.011 0.976 1.010 0.997 0.957 1.016 0.943 0.930 0.792 0.857 0.768 0.739 0.796 0.757 0.658 0.735 0.656 0.648 0.565 0.545 0.483 0.441 0.481 0.395 0.420 0.401 0.363 0.316 0.242 0.296 0.281 0.310 0.210 0.236 0.227 0.136 0.236 0.163 0.067 0.002 0.053 0.087 0.004 0.028 0.000 0.000 0.000 0.000 0.000 0.000 0.000 0.000 0.000 0.000 0.000 0.000 0.000 0.000 0.000 0.000 0.000 0.000
2.258 2.251 2.236 2.217 2.193 2.186 2.160 2.151 1.794 1.595 1.433 1.233 1.226 1.134 1.147 1.029 1.049 1.025 0.945 0.887 1.023 1.026 1.025 0.775 0.847 0.887 0.750 0.803 0.835 0.709 0.721 0.625 0.692 0.507 0.521 0.543 0.504 0.481 0.501 0.435 0.409 0.443 0.382 0.255 0.404 0.342 0.211 0.276 0.262 0.267 0.287 0.173 0.132 0.135 0.129 0.081 0.094 0.000 0.000 0.000 0.000 0.000 0.000 0.000 0.000 0.000 0.000 0.000 0.000 0.000 0.000 0.000 0.000 0.000 0.000 0.000 0.000
1.588 1.639 1.756 1.701 1.717 1.640 1.649 1.596 1.721 1.737 1.755 1.557 1.363 1.145 1.196 1.112 0.958 0.931 0.968 0.826 0.933 0.969 0.929 0.961 0.824 0.832 0.738 0.780 0.826 0.706 0.788 0.672 0.662 0.678 0.563 0.542 0.521 0.478 0.476 0.438 0.381 0.361 0.263 0.158 0.223 0.137 0.254 0.252 0.282 0.199 0.250 0.152 0.172 0.154 0.123 0.108 0.018 0.027 0.000 0.000 0.000 0.000 0.000 0.000 0.000 0.000 0.000 0.000 0.000 0.000 0.000 0.000 0.000 0.000 0.000 0.000 0.000
1.310 1.351 1.485 1.507 1.646 1.708 1.644 1.527 1.462 1.582 1.637 1.688 1.737 1.458 1.285 1.153 1.070 1.059 0.925 0.902 0.866 0.949 0.893 0.965 0.851 0.789 0.736 0.796 0.772 0.842 0.762 0.793 0.593 0.694 0.693 0.530 0.479 0.506 0.485 0.455 0.444 0.404 0.139 0.111 0.204 0.224 0.227 0.232 0.314 0.186 0.193 0.176 0.201 0.079 0.104 0.110 0.067 0.005 0.014 0.000 0.000 0.000 0.000 0.000 0.000 0.000 0.000 0.000 0.000 0.000 0.000 0.000 0.000 0.000 0.000 0.000 0.000
1.359 1.101 1.086 1.303 1.283 1.420 1.595 1.666 1.384 1.388 1.320 1.584 1.626 1.691 1.643 1.422 1.173 1.052 1.034 0.910 0.901 0.804 0.859 0.864 0.989 0.817 0.780 0.758 0.719 0.690 0.728 0.711 0.695 0.651 0.584 0.558 0.595 0.440 0.450 0.455 0.411 0.408 0.215 0.282 0.166 0.230 0.256 0.158 0.183 0.195 0.164 0.231 0.086 0.167 0.089 0.142 0.049 0.000 0.000 0.000 0.000 0.000 0.000 0.000 0.000 0.000 0.000 0.000 0.000 0.000 0.000 0.000 0.000 0.000 0.000 0.000 0.000
1.285 1.135 1.091 1.222 1.206 1.308 1.469 1.405 1.519 1.422 1.170 1.190 1.282 1.457 1.547 1.573 1.575 1.299 1.059 1.007 0.887 0.849 0.797 0.816 0.899 0.808 0.805 0.752 0.774 0.732 0.652 0.762 0.784 0.747 0.652 0.579 0.594 0.544 0.497 0.425 0.372 0.425 0.248 0.309 0.220 0.197 0.175 0.220 0.171 0.184 0.140 0.201 0.172 0.146 0.119 0.074 0.112 0.067 0.000 0.001 0.000 0.000 0.000 0.000 0.000 0.000 0.000 0.000 0.000 0.000 0.000 0.000 0.000 0.000 0.000 0.000 0.000
1.200 1.253 1.123 1.165 1.042 1.193 1.247 1.374 1.424 1.415 1.501 1.197 1.141 1.163 1.082 1.599 1.530 1.614 1.328 1.035 0.977 0.883 0.838 0.828 0.852 0.884 0.890 0.700 0.644 0.668 0.674 0.679 0.682 0.705 0.618 0.567 0.616 0.506 0.515 0.507 0.445 0.538 0.229 0.259 0.248 0.262 0.284 0.229 0.207 0.210 0.196 0.172 0.164 0.099 0.082 0.087 0.076 0.049 0.000 0.000 0.000 0.000 0.000 0.000 0.000 0.000 0.000 0.000 0.000 0.000 0.000 0.000 0.000 0.000 0.000 0.000 0.000
1.148 1.163 1.136 0.992 1.021 1.082 1.108 1.360 1.215 1.280 1.357 1.426 1.282 1.139 1.083 0.999 1.457 1.353 1.521 1.584 1.097 0.994 0.926 0.829 0.745 0.801 0.839 0.790 0.712 0.661 0.766 0.637 0.675 0.685 0.628 0.638 0.592 0.620 0.531 0.433 0.437 0.373 0.295 0.278 0.304 0.345 0.302 0.161 0.155 0.129 0.177 0.127 0.160 0.106 0.178 0.056 0.045 0.061 0.055 0.000 0.000 0.000 0.000 0.000 0.000 0.000 0.000 0.000 0.000 0.000 0.000 0.000 0.000 0.000 0.000 0.000 0.000
1.168 0.932 1.121 1.012 1.025 1.050 1.045 1.134 1.370 1.144 1.105 1.177 1.249 1.204 0.947 1.131 1.202 1.175 1.325 1.192 1.574 1.234 1.048 0.916 0.831 0.719 0.797 0.901 0.838 0.695 0.664 0.617 0.624 0.636 0.633 0.647 0.638 0.596 0.460 0.459 0.451 0.366 0.330 0.297 0.319 0.263 0.214 0.260 0.224 0.169 0.126 0.098 0.140 0.097 0.088 0.049 0.050 0.029 0.000 0.000 0.000 0.000 0.000 0.000 0.000 0.000 0.000 0.000 0.000 0.000 0.000 0.000 0.000 0.000 0.000 0.000 0.000
1.097 0.936 1.125 1.204 1.057 1.023 1.026 1.000 1.183 1.139 0.997 1.104 1.193 1.089 1.095 1.060 1.137 1.371 1.121 1.256 1.315 1.392 1.465 1.031 0.886 0.828 0.684 0.842 0.860 0.778 0.652 0.580 0.586 0.623 0.695 0.602 0.602 0.562 0.473 0.508 0.483 0.447 0.366 0.237 0.290 0.282 0.230 0.231 0.188 0.174 0.098 0.216 0.115 0.039 0.099 0.000 0.025 0.000 0.000 0.000 0.000 0.000 0.000 0.000 0.000 0.000 0.000 0.000 0.000 0.000 0.000 0.000 0.000 0.000 0.000 0.000 0.000
1.127 1.184 1.051 1.061 1.027 1.058 1.087 1.177 1.113 0.975 1.140 1.020 1.033 1.051 1.071 1.040 1.179 1.197 1.176 1.088 1.175 1.156 1.273 1.349 1.389 0.959 1.040 0.776 0.784 0.724 0.704 0.600 0.644 0.693 0.601 0.656 0.529 0.640 0.607 0.530 0.509 0.499 0.296 0.270 0.248 0.230 0.338 0.272 0.139 0.159 0.157 0.105 0.099 0.060 0.076 0.033 0.000 0.000 0.000 0.000 0.000 0.000 0.000 0.000 0.000 0.000 0.000 0.000 0.000 0.000 0.000 0.000 0.000 0.000 0.000 0.000 0.000
1.215 1.034 0.886 0.983 0.891 0.939 0.909 1.006 1.110 1.217 1.189 1.035 0.987 1.027 1.051 0.991 1.016 1.102 1.160 1.021 0.958 1.055 1.038 1.069 1.169 1.317 1.359 0.932 0.797 0.813 0.839 0.720 0.599 0.561 0.611 0.657 0.618 0.497 0.511 0.419 0.465 0.415 0.235 0.304 0.291 0.273 0.281 0.274 0.253 0.187 0.153 0.124 0.094 0.071 0.036 0.000 0.000 0.000 0.000 0.000 0.000 0.000 0.000 0.000 0.000 0.000 0.000 0.000 0.000 0.000 0.000 0.000 0.000 0.000 0.000 0.000 0.000
1.101 1.078 0.879 0.981 0.947 0.940 0.871 0.911 0.977 1.122 1.088 1.018 1.029 0.928 1.035 0.934 0.979 1.052 1.062 1.214 1.016 1.040 0.965 1.041 1.083 1.036 1.219 1.347 1.121 0.779 0.842 0.792 0.705 0.662 0.519 0.505 0.600 0.499 0.528 0.450 0.446 0.381 0.290 0.256 0.271 0.368 0.267 0.187 0.217 0.125 0.197 0.106 0.012 0.131 0.032 0.000 0.000 0.000 0.000 0.000 0.000 0.000 0.000 0.000 0.000 0.000 0.000 0.000 0.000 0.000 0.000 0.000 0.000 0.000 0.000 0.000 0.000
1.077 0.857 0.907 0.973 1.018 0.953 0.957 0.862 0.889 0.882 0.910 1.078 0.982 0.945 0.855 0.975 0.867 0.927 0.986 1.141 1.182 0.983 0.970 0.982 0.912 0.971 0.842 1.019 1.184 1.406 1.016 0.897 0.827 0.591 0.648 0.566 0.540 0.414 0.523 0.605 0.513 0.527 0.313 0.366 0.289 0.235 0.267 0.237 0.188 0.129 0.188 0.142 0.107 0.008 0.000 0.027 0.000 0.000 0.000 0.000 0.000 0.000 0.000 0.000 0.000 0.000 0.000 0.000 0.000 0.000 0.000 0.000 0.000 0.000 0.000 0.000 0.000
0.774 0.984 0.714 1.027 0.932 0.953 0.870 0.784 0.802 0.819 0.910 0.975 1.096 1.001 0.909 0.832 0.880 0.861 0.917 1.018 1.016 1.028 0.934 0.914 0.890 1.009 0.882 0.902 0.769 0.967 1.307 1.121 0.861 0.813 0.618 0.536 0.483 0.514 0.453 0.451 0.420 0.375 0.320 0.270 0.260 0.332 0.183 0.233 0.187 0.178 0.127 0.112 0.116 0.060 0.032 0.000 0.000 0.000 0.000 0.000 0.000 0.000 0.000 0.000 0.000 0.000 0.000 0.000 0.000 0.000 0.000 0.000 0.000 0.000 0.000 0.000 0.000
