includes/estuary_coast/floodfiles/results/res-0008.wd
ncols         730
nrows         472
xllcorner     380617.130607
yllcorner     6542069.774949
cellsize      20.000000
NODATA_value  -9999.000000
[rows 68 to 101 of 472, columns 77 to 153 of 730]
3.034 3.042 3.081 3.116 3.162 3.199 3.203 3.159 3.087 3.024 2.985 2.966 2.968 2.995 3.016 3.131 3.300 3.486 3.578 3.435 3.120 2.778 2.405 2.167 1.976 1.831 1.676 1.509 1.316 1.267 1.212 1.117 0.974 0.686 0.488 0.237 0.129 0.057 0.010 0.003 0.002 0.001 0.001 0.001 0.001 0.000 0.002 0.035 0.002 0.000 0.000 0.001 0.000 0.000 0.102 0.038 0.038 0.000 0.079 0.008 0.006 0.008 0.048 0.005 0.047 0.000 0.000 0.079 0.002 0.052 0.000 0.000 0.168 0.000 0.000 0.003 0.001
3.068 3.068 3.096 3.111 3.135 3.156 3.158 3.141 3.088 3.014 3.029 2.974 2.976 2.993 3.014 3.100 3.216 3.346 3.383 3.285 3.024 2.763 2.449 2.337 2.177 2.027 1.833 1.679 1.490 1.337 1.265 1.179 1.066 0.810 0.688 0.525 0.361 0.287 0.072 0.020 0.002 0.001 0.000 0.000 0.001 0.000 0.031 0.001 0.064 0.000 0.000 0.032 0.000 0.000 0.000 0.126 0.033 0.024 0.052 0.006 0.029 0.000 0.010 0.024 0.013 0.003 0.005 0.004 0.000 0.000 0.101 0.077 0.004 0.014 0.033 0.000 0.061
3.135 3.114 3.116 3.108 3.107 3.112 3.123 3.107 3.084 3.056 3.015 3.003 2.977 2.990 2.990 3.043 3.119 3.166 3.186 3.140 3.014 2.801 2.566 2.420 2.307 2.189 1.998 1.856 1.643 1.537 1.423 1.347 1.239 1.019 0.892 0.748 0.572 0.464 0.258 0.088 0.022 0.004 0.001 0.000 0.000 0.000 0.001 0.087 0.000 0.028 0.021 0.000 0.000 0.000 0.000 0.000 0.094 0.026 0.022 0.064 0.010 0.052 0.021 0.011 0.005 0.002 0.000 0.024 0.003 0.004 0.075 0.000 0.000 0.033 0.000 0.001 0.000
3.221 3.170 3.141 3.106 3.091 3.084 3.093 3.080 3.061 3.034 3.013 2.982 2.964 2.954 2.966 2.993 3.030 3.028 3.026 3.042 2.962 2.755 2.593 2.512 2.452 2.369 2.194 2.041 1.866 1.742 1.613 1.533 1.383 1.225 1.122 0.979 0.771 0.621 0.493 0.173 0.149 0.086 0.008 0.001 0.000 0.000 0.000 0.000 0.146 0.003 0.000 0.000 0.000 0.000 0.000 0.000 0.014 0.013 0.101 0.058 0.000 0.000 0.009 0.000 0.042 0.014 0.003 0.004 0.007 0.004 0.000 0.000 0.000 0.091 0.008 0.001 0.047
3.303 3.221 3.136 3.108 3.095 3.081 3.070 3.058 3.052 3.016 2.979 2.963 2.957 2.961 2.954 2.962 2.974 3.005 2.994 2.959 2.903 2.841 2.720 2.654 2.643 2.560 2.421 2.249 2.074 1.837 1.719 1.641 1.533 1.501 1.361 1.165 0.963 0.811 0.639 0.408 0.226 0.166 0.116 0.022 0.000 0.000 0.000 0.000 0.000 0.037 0.000 0.002 0.037 0.000 0.000 0.000 0.000 0.000 0.044 0.019 0.066 0.014 0.009 0.000 0.002 0.002 0.002 0.000 0.001 0.002 0.001 0.001 0.042 0.002 0.001 0.004 0.001
3.322 3.230 3.125 3.087 3.082 3.067 3.056 3.045 3.025 2.996 2.976 2.957 2.951 2.954 2.959 2.987 2.997 2.960 2.944 2.914 2.874 2.827 2.747 2.758 2.761 2.732 2.617 2.389 2.191 2.017 1.801 1.716 1.685 1.652 1.579 1.387 1.157 0.924 0.711 0.507 0.329 0.281 0.230 0.147 0.005 0.000 0.000 0.000 0.000 0.010 0.004 0.004 0.001 0.002 0.000 0.000 0.000 0.000 0.038 0.013 0.061 0.008 0.017 0.000 0.000 0.000 0.001 0.000 0.124 0.001 0.021 0.019 0.000 0.001 0.000 0.000 0.001
3.238 3.149 3.090 3.063 3.038 3.057 3.050 3.010 2.997 2.992 2.976 2.963 2.953 2.955 2.953 2.977 2.972 2.969 2.921 2.889 2.859 2.830 2.768 2.791 2.824 2.809 2.700 2.529 2.278 2.095 1.937 1.763 1.720 1.719 1.670 1.499 1.261 1.011 0.772 0.539 0.343 0.285 0.279 0.232 0.048 0.002 0.002 0.003 0.002 0.056 0.000 0.000 0.001 0.004 0.072 0.000 0.000 0.000 0.000 0.084 0.083 0.000 0.061 0.038 0.000 0.088 0.014 0.087 0.000 0.000 0.000 0.000 0.002 0.001 0.069 0.010 0.002
3.100 3.051 3.002 3.021 3.029 3.031 3.026 3.016 2.999 2.991 2.977 2.968 2.950 2.951 2.964 3.007 2.964 2.961 2.919 2.900 2.866 2.841 2.783 2.786 2.812 2.801 2.703 2.561 2.400 2.172 2.011 1.866 1.753 1.713 1.685 1.523 1.314 1.079 0.843 0.601 0.420 0.303 0.281 0.245 0.083 0.004 0.002 0.002 0.000 0.000 0.001 0.000 0.076 0.000 0.041 0.000 0.000 0.000 0.000 0.000 0.055 0.025 0.032 0.022 0.011 0.128 0.000 0.042 0.007 0.008 0.003 0.021 0.031 0.000 0.000 0.000 0.007
2.956 2.946 2.939 2.962 3.028 3.050 3.057 3.038 3.009 2.982 2.965 2.961 2.959 2.961 2.973 2.997 2.994 2.996 2.929 2.902 2.881 2.856 2.834 2.773 2.777 2.761 2.675 2.577 2.476 2.345 2.195 2.017 1.850 1.785 1.709 1.569 1.416 1.225 1.013 0.795 0.534 0.378 0.310 0.264 0.083 0.005 0.002 0.001 0.001 0.000 0.003 0.002 0.000 0.085 0.000 0.000 0.002 0.000 0.000 0.000 0.000 0.041 0.000 0.084 0.000 0.090 0.001 0.046 0.000 0.004 0.018 0.004 0.000 0.035 0.010 0.004 0.067
2.829 2.850 2.881 2.943 3.012 3.087 3.101 3.071 3.022 2.980 2.961 2.948 2.943 2.947 2.953 2.987 2.998 2.974 2.975 2.932 2.912 2.884 2.859 2.817 2.807 2.747 2.718 2.671 2.607 2.485 2.366 2.222 2.013 1.915 1.844 1.686 1.476 1.318 1.142 0.957 0.780 0.535 0.392 0.323 0.113 0.010 0.001 0.000 0.000 0.000 0.000 0.000 0.000 0.000 0.012 0.000 0.000 0.000 0.027 0.001 0.000 0.000 0.018 0.093 0.011 0.001 0.002 0.002 0.005 0.148 0.004 0.006 0.063 0.003 0.000 0.000 0.003
2.678 2.726 2.788 2.915 3.000 3.106 3.128 3.078 3.019 2.964 2.941 2.926 2.921 2.925 2.935 2.962 2.982 2.992 2.997 2.973 2.948 2.917 2.900 2.890 2.881 2.881 2.824 2.762 2.750 2.712 2.597 2.466 2.296 2.162 1.980 1.780 1.645 1.518 1.379 1.172 0.938 0.811 0.602 0.517 0.281 0.163 0.018 0.000 0.000 0.000 0.000 0.100 0.002 0.017 0.000 0.000 0.000 0.003 0.026 0.000 0.000 0.001 0.000 0.043 0.034 0.023 0.003 0.001 0.002 0.000 0.000 0.000 0.008 0.104 0.028 0.010 0.000
2.569 2.588 2.674 2.816 2.945 3.051 3.081 3.038 2.963 2.932 2.910 2.893 2.889 2.897 2.922 2.950 2.981 3.004 3.016 3.011 3.000 2.978 2.933 2.921 2.922 2.938 2.971 2.889 2.940 2.965 2.896 2.742 2.555 2.366 2.204 1.978 1.856 1.644 1.534 1.363 1.138 1.004 0.889 0.775 0.549 0.311 0.238 0.062 0.000 0.000 0.001 0.001 0.001 0.001 0.002 0.008 0.005 0.022 0.000 0.015 0.000 0.000 0.000 0.000 0.000 0.037 0.000 0.079 0.003 0.000 0.000 0.072 0.000 0.000 0.001 0.000 0.001
2.418 2.476 2.564 2.707 2.825 2.914 2.944 2.911 2.889 2.854 2.831 2.848 2.848 2.860 2.895 2.933 2.975 3.001 3.030 3.024 3.009 2.990 2.952 2.948 2.962 2.997 3.059 3.095 3.170 3.272 3.236 3.074 2.818 2.554 2.330 2.066 1.889 1.795 1.712 1.537 1.390 1.250 1.124 1.020 0.769 0.680 0.462 0.306 0.042 0.002 0.001 0.001 0.026 0.002 0.001 0.000 0.003 0.001 0.086 0.000 0.000 0.000 0.000 0.000 0.000 0.091 0.023 0.047 0.090 0.062 0.000 0.000 0.000 0.000 0.000 0.000 0.000
2.301 2.364 2.444 2.578 2.653 2.750 2.785 2.778 2.754 2.723 2.772 2.795 2.759 2.775 2.820 2.871 2.929 2.978 3.008 3.017 3.008 3.002 3.003 2.969 2.994 3.045 3.133 3.218 3.404 3.550 3.573 3.373 3.038 2.699 2.415 2.119 1.942 1.868 1.819 1.687 1.544 1.390 1.250 1.113 1.032 0.874 0.718 0.566 0.302 0.076 0.002 0.001 0.000 0.002 0.020 0.001 0.001 0.000 0.000 0.030 0.000 0.000 0.000 0.000 0.000 0.000 0.002 0.000 0.030 0.002 0.008 0.053 0.005 0.005 0.173 0.000 0.000
2.234 2.275 2.341 2.427 2.512 2.576 2.640 2.611 2.659 2.655 2.668 2.703 2.714 2.733 2.776 2.828 2.886 2.936 2.961 2.967 2.994 2.999 3.007 2.982 3.015 3.074 3.172 3.274 3.492 3.693 3.735 3.517 3.150 2.777 2.457 2.164 1.955 1.892 1.875 1.790 1.655 1.492 1.341 1.202 1.139 1.115 1.023 0.829 0.558 0.283 0.038 0.001 0.000 0.001 0.000 0.010 0.001 0.000 0.000 0.021 0.000 0.104 0.003 0.000 0.000 0.000 0.000 0.027 0.022 0.005 0.114 0.049 0.003 0.002 0.004 0.029 0.005
2.206 2.209 2.253 2.301 2.381 2.431 2.470 2.500 2.529 2.576 2.638 2.654 2.665 2.700 2.734 2.783 2.836 2.883 2.938 2.959 2.977 2.985 3.006 3.027 3.062 3.118 3.161 3.276 3.459 3.615 3.645 3.477 3.184 2.818 2.509 2.180 1.984 1.897 1.887 1.854 1.753 1.558 1.381 1.260 1.202 1.204 1.186 1.017 0.735 0.414 0.116 0.004 0.002 0.000 0.001 0.002 0.002 0.000 0.000 0.000 0.003 0.002 0.008 0.000 0.000 0.000 0.000 0.009 0.043 0.000 0.019 0.001 0.000 0.000 0.000 0.000 0.013
2.198 2.179 2.164 2.227 2.284 2.318 2.356 2.400 2.456 2.534 2.591 2.660 2.672 2.669 2.706 2.746 2.792 2.834 2.898 2.894 2.918 2.905 2.968 2.992 3.024 3.070 3.132 3.236 3.332 3.418 3.425 3.304 3.092 2.852 2.593 2.337 2.106 1.947 1.906 1.894 1.835 1.652 1.505 1.303 1.234 1.229 1.232 1.092 0.811 0.476 0.144 0.002 0.002 0.002 0.001 0.002 0.003 0.032 0.002 0.024 0.001 0.062 0.000 0.000 0.000 0.000 0.000 0.000 0.016 0.073 0.000 0.029 0.010 0.000 0.027 0.000 0.043
2.116 2.088 2.047 2.087 2.114 2.209 2.242 2.238 2.319 2.457 2.561 2.642 2.667 2.644 2.658 2.696 2.728 2.793 2.828 2.861 2.894 2.927 2.956 2.959 2.988 3.022 3.084 3.154 3.233 3.251 3.229 3.151 3.024 2.851 2.654 2.434 2.245 2.068 1.970 1.935 1.873 1.771 1.565 1.427 1.267 1.233 1.177 1.077 0.860 0.486 0.141 0.001 0.000 0.001 0.000 0.002 0.000 0.001 0.000 0.002 0.034 0.002 0.000 0.000 0.000 0.021 0.000 0.000 0.000 0.100 0.020 0.002 0.002 0.003 0.002 0.009 0.001
1.948 1.966 1.943 1.951 2.012 2.018 2.035 2.117 2.210 2.325 2.455 2.555 2.604 2.594 2.632 2.670 2.697 2.759 2.794 2.832 2.871 2.915 2.932 2.965 2.987 3.005 3.045 3.092 3.145 3.193 3.177 3.140 3.008 2.896 2.753 2.576 2.416 2.225 2.151 2.010 1.938 1.844 1.726 1.592 1.410 1.282 1.162 1.070 0.904 0.565 0.169 0.000 0.000 0.000 0.001 0.000 0.000 0.001 0.002 0.001 0.000 0.001 0.002 0.001 0.000 0.004 0.030 0.000 0.000 0.000 0.041 0.047 0.006 0.002 0.005 0.005 0.000
1.777 1.827 1.828 1.855 1.857 1.911 1.920 1.974 2.080 2.205 2.331 2.442 2.491 2.504 2.506 2.642 2.667 2.727 2.762 2.802 2.851 2.904 2.937 2.977 2.996 3.002 3.022 3.055 3.108 3.144 3.166 3.141 3.114 3.000 2.881 2.740 2.590 2.467 2.287 2.209 2.029 1.946 1.844 1.726 1.565 1.462 1.191 1.087 0.937 0.725 0.345 0.004 0.000 0.001 0.001 0.001 0.000 0.000 0.000 0.001 0.001 0.000 0.000 0.000 0.063 0.040 0.000 0.000 0.000 0.000 0.000 0.045 0.005 0.096 0.007 0.007 0.000
1.574 1.612 1.630 1.697 1.741 1.802 1.812 1.852 1.971 2.089 2.205 2.317 2.378 2.416 2.445 2.511 2.544 2.687 2.734 2.726 2.782 2.851 2.934 2.984 3.005 3.004 3.014 3.048 3.090 3.136 3.181 3.224 3.209 3.159 3.065 2.923 2.760 2.615 2.503 2.317 2.246 2.070 1.984 1.835 1.720 1.496 1.395 1.177 1.042 0.841 0.571 0.290 0.000 0.000 0.001 0.001 0.000 0.000 0.001 0.003 0.001 0.002 0.001 0.075 0.000 0.000 0.000 0.001 0.000 0.000 0.000 0.000 0.089 0.004 0.003 0.006 0.010
1.430 1.461 1.526 1.631 1.715 1.774 1.791 1.792 1.858 1.999 2.093 2.162 2.230 2.288 2.345 2.436 2.534 2.637 2.660 2.696 2.750 2.821 2.900 2.963 3.000 3.005 3.026 3.061 3.089 3.149 3.225 3.285 3.367 3.380 3.267 3.100 2.902 2.730 2.598 2.441 2.370 2.232 2.098 1.997 1.881 1.650 1.542 1.404 1.277 1.014 0.820 0.576 0.237 0.003 0.001 0.001 0.001 0.000 0.024 0.001 0.002 0.000 0.002 0.000 0.003 0.000 0.002 0.005 0.000 0.000 0.009 0.000 0.000 0.066 0.007 0.000 0.103
1.225 1.288 1.382 1.549 1.667 1.755 1.782 1.772 1.790 1.898 1.992 2.067 2.141 2.219 2.308 2.421 2.549 2.603 2.621 2.671 2.714 2.778 2.853 2.917 2.954 2.993 3.026 3.061 3.094 3.167 3.269 3.377 3.510 3.555 3.459 3.258 3.003 2.805 2.602 2.497 2.437 2.349 2.313 2.154 2.010 1.895 1.759 1.682 1.612 1.296 1.135 0.903 0.556 0.306 0.012 0.002 0.001 0.001 0.000 0.001 0.001 0.003 0.006 0.003 0.002 0.061 0.005 0.000 0.000 0.000 0.000 0.001 0.058 0.000 0.071 0.074 0.006
1.042 1.141 1.244 1.428 1.562 1.639 1.695 1.690 1.734 1.837 1.914 1.979 2.055 2.151 2.272 2.427 2.562 2.645 2.648 2.632 2.642 2.733 2.797 2.864 2.906 2.935 2.992 3.031 3.115 3.173 3.259 3.408 3.555 3.610 3.513 3.301 3.075 2.841 2.632 2.524 2.470 2.436 2.425 2.362 2.194 1.985 1.899 1.861 1.848 1.720 1.506 1.255 0.867 0.560 0.304 0.007 0.002 0.002 0.000 0.003 0.002 0.002 0.001 0.001 0.040 0.000 0.017 0.004 0.002 0.007 0.000 0.001 0.000 0.000 0.000 0.000 0.096
0.925 0.985 1.106 1.242 1.369 1.475 1.533 1.576 1.580 1.639 1.830 1.885 1.873 2.006 2.159 2.352 2.544 2.663 2.659 2.624 2.614 2.696 2.750 2.807 2.853 2.893 2.927 2.973 3.047 3.126 3.235 3.360 3.477 3.517 3.435 3.259 3.065 2.884 2.673 2.561 2.490 2.468 2.460 2.411 2.258 2.077 2.014 2.022 2.079 2.057 1.946 1.597 1.143 0.802 0.487 0.180 0.005 0.002 0.002 0.000 0.002 0.025 0.001 0.001 0.000 0.028 0.000 0.000 0.000 0.001 0.000 0.071 0.000 0.000 0.061 0.000 0.007
0.843 0.849 0.987 1.104 1.207 1.301 1.317 1.360 1.472 1.533 1.573 1.701 1.769 1.879 2.056 2.257 2.451 2.583 2.613 2.586 2.573 2.654 2.700 2.731 2.782 2.853 2.895 2.948 3.018 3.085 3.167 3.261 3.334 3.353 3.289 3.168 3.023 2.877 2.748 2.575 2.505 2.471 2.464 2.427 2.348 2.205 2.096 2.132 2.244 2.330 2.233 1.889 1.368 0.917 0.546 0.255 0.070 0.002 0.001 0.000 0.001 0.000 0.000 0.001 0.010 0.000 0.000 0.000 0.000 0.001 0.000 0.000 0.006 0.000 0.000 0.000 0.000
0.838 0.826 0.828 0.912 0.978 1.089 1.157 1.225 1.299 1.388 1.519 1.566 1.627 1.772 1.922 2.106 2.279 2.423 2.454 2.441 2.514 2.555 2.624 2.672 2.727 2.787 2.816 2.884 2.938 2.994 3.097 3.153 3.197 3.229 3.162 3.085 2.987 2.894 2.782 2.675 2.551 2.480 2.461 2.426 2.372 2.314 2.201 2.179 2.294 2.388 2.304 1.962 1.500 0.942 0.525 0.209 0.010 0.006 0.000 0.000 0.000 0.000 0.000 0.061 0.000 0.001 0.002 0.000 0.001 0.001 0.002 0.101 0.000 0.000 0.000 0.000 0.000
0.786 0.753 0.749 0.803 0.833 0.883 1.001 1.043 1.167 1.349 1.464 1.533 1.551 1.626 1.795 1.950 2.096 2.247 2.301 2.324 2.341 2.436 2.559 2.610 2.648 2.715 2.791 2.862 2.925 2.967 3.046 3.076 3.099 3.135 3.117 3.034 2.974 2.916 2.833 2.744 2.673 2.518 2.486 2.450 2.404 2.352 2.233 2.173 2.233 2.263 2.175 1.870 1.459 0.921 0.496 0.152 0.005 0.004 0.003 0.000 0.000 0.000 0.000 0.033 0.000 0.000 0.000 0.005 0.000 0.002 0.000 0.070 0.003 0.000 0.000 0.000 0.000
0.638 0.623 0.585 0.604 0.672 0.665 0.767 0.893 1.068 1.276 1.478 1.564 1.558 1.545 1.646 1.822 1.942 2.039 2.117 2.165 2.204 2.275 2.407 2.520 2.516 2.682 2.782 2.875 2.947 2.979 3.028 3.035 3.042 3.049 3.075 3.056 3.027 2.922 2.898 2.825 2.688 2.640 2.539 2.499 2.455 2.401 2.352 2.311 2.136 2.106 2.005 1.788 1.386 0.903 0.506 0.130 0.005 0.004 0.006 0.003 0.003 0.002 0.007 0.046 0.007 0.008 0.006 0.020 0.018 0.001 0.000 0.000 0.000 0.000 0.000 0.000 0.000
0.447 0.437 0.411 0.409 0.381 0.463 0.535 0.705 0.925 1.178 1.405 1.533 1.530 1.500 1.575 1.646 1.733 1.816 1.892 2.076 2.075 2.199 2.236 2.295 2.461 2.583 2.789 2.919 3.007 3.044 3.029 3.022 3.018 3.020 2.995 3.005 3.060 2.991 2.940 2.894 2.833 2.715 2.676 2.571 2.530 2.479 2.422 2.337 2.169 2.014 1.899 1.715 1.459 0.933 0.593 0.242 0.048 0.005 0.005 0.003 0.002 0.003 0.000 0.000 0.000 0.021 0.000 0.002 0.014 0.000 0.000 0.000 0.000 0.161 0.004 0.000 0.000
0.001 0.186 0.181 0.192 0.161 0.200 0.278 0.484 0.734 1.002 1.230 1.388 1.417 1.409 1.494 1.507 1.616 1.700 1.796 1.941 2.045 2.167 2.214 2.258 2.338 2.545 2.716 2.924 3.078 3.107 3.052 3.034 2.981 3.007 3.006 3.047 3.080 3.079 3.031 2.972 2.906 2.859 2.776 2.752 2.657 2.613 2.500 2.418 2.213 2.113 1.892 1.733 1.526 1.146 0.790 0.428 0.222 0.036 0.005 0.003 0.002 0.002 0.001 0.005 0.005 0.000 0.002 0.002 0.005 0.005 0.022 0.005 0.027 0.000 0.000 0.000 0.000
0.003 0.002 0.054 0.082 0.047 0.029 0.063 0.241 0.540 0.798 1.000 1.132 1.185 1.197 1.344 1.388 1.496 1.587 1.709 1.832 2.040 2.187 2.229 2.241 2.293 2.430 2.683 2.919 3.091 3.118 3.052 2.979 2.947 2.972 3.024 3.100 3.165 3.171 3.130 3.036 2.960 2.869 2.841 2.835 2.829 2.726 2.631 2.529 2.303 2.185 2.069 1.872 1.593 1.376 1.130 0.758 0.449 0.177 0.031 0.003 0.002 0.003 0.003 0.001 0.004 0.007 0.023 0.000 0.000 0.047 0.000 0.000 0.005 0.024 0.002 0.001 0.090
0.105 0.002 0.005 0.005 0.002 0.009 0.015 0.119 0.352 0.551 0.722 0.846 0.919 0.960 1.048 1.127 1.282 1.382 1.535 1.749 1.989 2.215 2.259 2.240 2.254 2.361 2.598 2.810 2.970 3.004 2.985 2.929 2.911 2.938 3.027 3.129 3.216 3.227 3.160 3.067 2.991 2.908 2.899 2.920 2.942 2.901 2.825 2.639 2.448 2.322 2.220 2.128 1.907 1.636 1.415 1.055 0.807 0.470 0.262 0.015 0.002 0.002 0.001 0.000 0.000 0.000 0.020 0.006 0.007 0.003 0.000 0.000 0.000 0.058 0.002 0.004 0.018
0.000 0.000 0.057 0.006 0.006 0.000 0.017 0.096 0.266 0.420 0.552 0.663 0.749 0.819 0.964 1.014 1.093 1.190 1.402 1.634 1.903 2.144 2.230 2.210 2.205 2.276 2.473 2.635 2.770 2.815 2.804 2.776 2.780 2.836 3.007 3.107 3.186 3.197 3.136 3.054 2.955 2.925 2.943 2.994 3.053 3.039 2.955 2.760 2.542 2.417 2.343 2.302 2.231 1.955 1.732 1.352 1.075 0.683 0.464 0.272 0.002 0.002 0.000 0.001 0.000 0.000 0.000 0.000 0.004 0.003 0.054 0.000 0.090 0.001 0.000 0.039 0.002
