includes/estuary_coast/floodfiles/results/res-0003.wdfp
ncols         730
nrows         472
xllcorner     380617.130607059982140
yllcorner     6542069.774948899634182
cellsize      20.000000000000000
NODATA_value  -9999.000000
[rows 272 to 305 of 472, columns 0 to 76 of 730]
4.639 4.618 4.576 4.539 4.503 4.467 4.458 4.457 4.445 4.405 4.364 4.311 4.279 4.261 4.250 4.227 4.198 4.153 4.118 4.094 4.072 4.028 3.982 3.955 3.905 3.861 3.835 3.807 3.775 3.724 3.682 3.662 3.645 3.630 3.596 3.545 3.472 3.426 3.401 3.398 3.393 3.370 3.352 3.319 3.303 3.287 3.261 3.227 2.365 2.163 2.193 2.142 2.158 2.050 2.019 2.021 2.070 1.972 2.049 2.044 2.129 1.936 2.010 2.109 2.136 1.993 2.088 1.986 2.055 2.158 2.042 2.066 1.923 1.749 1.864 1.802 1.781
4.634 4.611 4.578 4.537 4.506 4.471 4.459 4.451 4.437 4.395 4.355 4.313 4.270 4.255 4.250 4.237 4.204 4.171 4.128 4.104 4.079 4.061 4.008 3.963 3.918 3.888 3.862 3.819 3.791 3.741 3.709 3.657 3.639 3.617 3.582 3.534 3.467 3.412 3.391 3.391 3.390 3.379 3.345 3.323 3.311 3.303 3.285 3.254 3.227 3.202 3.166 2.240 2.091 2.182 2.090 2.048 2.170 2.122 2.037 1.974 1.969 2.076 2.012 2.081 2.183 2.126 2.159 1.969 1.914 2.179 1.941 1.859 1.840 1.791 1.798 1.892 1.763
4.630 4.606 4.580 4.553 4.511 4.474 4.461 4.443 4.422 4.383 4.345 4.305 4.264 4.251 4.250 4.242 4.209 4.173 4.129 4.101 4.087 4.075 4.039 3.992 3.931 3.895 3.870 3.844 3.807 3.764 3.722 3.672 3.644 3.616 3.581 3.536 3.471 3.419 3.396 3.393 3.391 3.378 3.358 3.323 3.314 3.311 3.305 3.277 3.245 3.220 3.186 2.229 2.266 2.291 2.036 2.077 2.025 2.017 2.009 2.216 2.004 1.946 1.963 2.041 2.133 2.157 1.996 1.903 1.930 2.019 1.911 1.820 1.676 1.917 1.844 1.784 1.836
4.632 4.607 4.583 4.559 4.536 4.481 4.450 4.434 4.413 4.381 4.348 4.305 4.265 4.253 4.249 4.239 4.204 4.169 4.120 4.101 4.095 4.091 4.071 4.005 3.950 3.897 3.870 3.858 3.841 3.797 3.741 3.685 3.650 3.619 3.585 3.546 3.490 3.438 3.409 3.401 3.393 3.378 3.351 3.330 3.315 3.315 3.311 3.290 3.255 3.229 3.200 2.081 2.237 2.148 2.110 2.146 2.034 2.036 2.080 2.038 1.986 1.992 1.943 1.922 2.013 2.027 1.951 1.845 1.792 2.015 1.908 1.790 1.855 1.763 1.757 1.861 1.767
4.635 4.608 4.586 4.565 4.546 4.495 4.454 4.433 4.410 4.377 4.349 4.308 4.269 4.256 4.244 4.231 4.194 4.162 4.116 4.100 4.100 4.101 4.082 4.014 3.950 3.900 3.870 3.866 3.855 3.814 3.754 3.701 3.665 3.635 3.594 3.561 3.501 3.473 3.424 3.415 3.402 3.385 3.353 3.333 3.316 3.313 3.306 3.289 3.265 3.226 3.207 3.205 2.260 2.225 2.188 2.083 2.106 2.137 2.094 2.111 2.101 2.076 2.060 2.136 2.061 2.062 2.018 1.923 1.866 1.831 1.877 1.814 1.886 1.710 1.846 1.811 1.819
4.634 4.606 4.585 4.566 4.540 4.498 4.466 4.432 4.407 4.381 4.356 4.315 4.276 4.261 4.235 4.219 4.197 4.156 4.113 4.099 4.097 4.095 4.070 4.009 3.948 3.897 3.870 3.867 3.859 3.812 3.762 3.699 3.664 3.638 3.609 3.582 3.531 3.488 3.444 3.426 3.410 3.391 3.371 3.329 3.318 3.308 3.297 3.282 3.262 3.230 3.210 3.210 2.298 2.180 2.248 2.153 2.163 2.116 2.175 2.199 2.126 2.039 2.066 2.045 2.006 2.011 1.975 2.041 1.947 1.798 1.692 1.846 1.890 1.829 1.940 1.962 1.842
4.639 4.600 4.580 4.568 4.546 4.511 4.483 4.437 4.408 4.382 4.359 4.339 4.289 4.250 4.234 4.215 4.193 4.154 4.117 4.100 4.087 4.079 4.049 3.998 3.948 3.901 3.871 3.863 3.849 3.809 3.745 3.699 3.665 3.632 3.615 3.593 3.546 3.504 3.479 3.437 3.419 3.401 3.381 3.345 3.323 3.306 3.295 3.279 3.262 3.244 3.211 3.209 2.323 2.311 2.260 2.249 2.245 2.158 2.101 2.129 2.109 2.126 2.119 2.101 1.952 1.985 2.047 2.101 2.000 1.965 1.853 1.771 2.034 2.000 1.830 1.854 1.898
4.629 4.598 4.574 4.568 4.557 4.525 4.490 4.455 4.407 4.380 4.360 4.343 4.295 4.262 4.243 4.211 4.189 4.167 4.129 4.092 4.079 4.065 4.031 3.985 3.946 3.910 3.871 3.854 3.833 3.786 3.724 3.678 3.647 3.627 3.619 3.601 3.551 3.521 3.490 3.457 3.441 3.415 3.381 3.362 3.332 3.304 3.291 3.277 3.262 3.247 3.225 3.211 3.201 2.256 2.275 2.210 2.248 2.153 2.151 2.158 2.206 2.119 2.131 2.149 2.122 2.147 2.207 2.148 2.084 2.055 2.011 2.001 1.914 1.737 1.845 1.815 1.811
4.620 4.591 4.571 4.570 4.563 4.530 4.489 4.447 4.401 4.374 4.353 4.340 4.296 4.276 4.247 4.214 4.191 4.170 4.133 4.114 4.077 4.051 4.022 3.993 3.945 3.900 3.874 3.846 3.817 3.767 3.718 3.660 3.631 3.624 3.621 3.600 3.570 3.518 3.489 3.469 3.454 3.429 3.392 3.372 3.352 3.322 3.290 3.276 3.263 3.245 3.229 3.212 3.195 2.233 2.265 2.224 2.181 2.239 2.360 2.162 2.125 2.135 2.072 2.169 2.270 2.118 2.169 2.134 2.103 2.045 1.983 1.991 1.905 1.946 1.905 1.834 1.830
4.616 4.589 4.571 4.568 4.559 4.525 4.482 4.437 4.397 4.360 4.346 4.332 4.308 4.284 4.257 4.216 4.192 4.172 4.148 4.114 4.072 4.052 4.018 3.991 3.963 3.917 3.874 3.842 3.812 3.773 3.704 3.661 3.630 3.623 3.620 3.605 3.564 3.513 3.481 3.461 3.451 3.435 3.419 3.379 3.343 3.321 3.295 3.276 3.265 3.243 3.234 3.214 3.207 2.277 2.201 2.237 2.293 2.282 2.078 2.142 2.114 2.108 2.119 2.203 2.333 2.128 2.118 2.133 2.126 2.079 2.052 2.039 1.956 2.035 1.885 1.918 1.835
4.610 4.588 4.566 4.557 4.545 4.508 4.468 4.425 4.385 4.355 4.339 4.334 4.318 4.291 4.259 4.218 4.193 4.175 4.150 4.115 4.096 4.048 4.020 3.992 3.965 3.920 3.870 3.845 3.815 3.771 3.724 3.673 3.640 3.629 3.622 3.604 3.558 3.516 3.471 3.450 3.444 3.443 3.424 3.384 3.344 3.317 3.296 3.283 3.262 3.244 3.237 3.221 3.213 3.184 3.175 2.341 2.357 2.044 2.196 1.842 2.116 2.174 2.196 2.328 2.128 2.139 2.046 2.115 2.156 2.047 2.077 2.059 2.018 1.963 1.990 1.891 1.831
4.610 4.590 4.561 4.538 4.522 4.488 4.453 4.414 4.378 4.350 4.337 4.336 4.319 4.289 4.254 4.221 4.186 4.163 4.153 4.135 4.102 4.072 4.025 3.993 3.965 3.929 3.906 3.855 3.819 3.786 3.741 3.706 3.655 3.639 3.624 3.597 3.564 3.509 3.466 3.446 3.442 3.439 3.424 3.385 3.337 3.304 3.279 3.267 3.255 3.244 3.239 3.224 3.216 3.209 3.193 3.176 3.166 3.143 3.124 3.108 2.249 2.203 2.274 2.310 2.258 2.169 2.075 2.052 1.680 2.072 2.049 2.069 1.921 1.988 1.969 1.839 1.954
4.621 4.590 4.543 4.525 4.506 4.476 4.446 4.402 4.373 4.352 4.336 4.331 4.310 4.281 4.246 4.212 4.184 4.160 4.156 4.145 4.115 4.080 4.037 3.991 3.952 3.928 3.904 3.868 3.843 3.798 3.762 3.729 3.683 3.649 3.623 3.599 3.567 3.516 3.475 3.454 3.445 3.440 3.424 3.383 3.328 3.288 3.259 3.247 3.251 3.254 3.244 3.231 3.224 3.216 3.210 3.184 3.162 3.150 3.128 3.107 3.095 3.083 3.071 3.046 2.088 2.098 2.131 2.095 2.124 2.073 2.083 1.991 2.056 2.005 1.837 1.897 1.897
4.608 4.588 4.526 4.508 4.487 4.463 4.436 4.399 4.375 4.356 4.333 4.316 4.294 4.268 4.236 4.204 4.178 4.159 4.158 4.152 4.122 4.082 4.039 3.998 3.949 3.927 3.909 3.886 3.863 3.818 3.782 3.749 3.722 3.676 3.632 3.607 3.570 3.533 3.502 3.464 3.452 3.441 3.422 3.378 3.330 3.279 3.245 3.233 3.242 3.251 3.244 3.232 3.224 3.217 3.211 3.206 3.187 3.157 3.133 3.118 3.103 3.090 3.074 3.050 3.030 3.013 3.004 2.984 2.971 2.141 2.066 1.926 1.949 1.929 1.830 1.842 1.877
4.599 4.570 4.537 4.504 4.479 4.454 4.429 4.405 4.374 4.358 4.315 4.303 4.287 4.255 4.228 4.201 4.177 4.159 4.155 4.144 4.117 4.077 4.032 3.988 3.940 3.920 3.912 3.901 3.880 3.834 3.796 3.763 3.723 3.688 3.646 3.613 3.588 3.552 3.524 3.494 3.458 3.441 3.419 3.387 3.333 3.286 3.252 3.240 3.244 3.253 3.250 3.242 3.223 3.216 3.211 3.208 3.200 3.173 3.140 3.121 3.106 3.102 3.075 3.065 3.042 3.024 2.998 2.987 2.974 2.960 2.930 2.928 2.932 2.936 1.845 1.886 1.825
4.585 4.569 4.540 4.515 4.474 4.445 4.419 4.397 4.380 4.339 4.312 4.285 4.268 4.248 4.216 4.194 4.176 4.164 4.145 4.127 4.102 4.066 4.025 3.982 3.935 3.916 3.912 3.909 3.886 3.854 3.803 3.759 3.731 3.698 3.680 3.643 3.603 3.575 3.548 3.507 3.487 3.451 3.427 3.397 3.349 3.305 3.277 3.261 3.261 3.264 3.253 3.243 3.221 3.214 3.212 3.211 3.201 3.179 3.142 3.120 3.110 3.097 3.088 3.059 3.050 3.024 3.009 2.995 2.966 2.954 2.932 2.917 2.915 2.911 2.887 2.861 2.821
4.577 4.568 4.545 4.514 4.465 4.426 4.398 4.376 4.362 4.335 4.293 4.277 4.260 4.241 4.221 4.193 4.177 4.153 4.131 4.108 4.086 4.055 4.020 3.983 3.939 3.916 3.911 3.906 3.882 3.851 3.815 3.763 3.722 3.706 3.693 3.666 3.643 3.598 3.569 3.526 3.503 3.482 3.442 3.401 3.371 3.340 3.302 3.287 3.274 3.269 3.261 3.245 3.224 3.214 3.212 3.210 3.201 3.178 3.154 3.115 3.102 3.089 3.083 3.072 3.052 3.025 3.006 2.989 2.973 2.947 2.925 2.918 2.902 2.883 2.873 2.855 2.814
4.575 4.570 4.543 4.504 4.461 4.410 4.378 4.357 4.336 4.328 4.299 4.272 4.253 4.234 4.216 4.200 4.178 4.136 4.121 4.107 4.074 4.042 4.013 3.983 3.948 3.920 3.911 3.892 3.872 3.843 3.809 3.757 3.732 3.710 3.704 3.687 3.664 3.618 3.571 3.541 3.518 3.495 3.457 3.434 3.393 3.366 3.342 3.302 3.291 3.280 3.269 3.255 3.230 3.219 3.211 3.207 3.197 3.173 3.148 3.121 3.093 3.080 3.077 3.073 3.046 3.024 3.000 2.978 2.960 2.935 2.917 2.897 2.891 2.870 2.852 2.837 2.813
4.572 4.565 4.534 4.493 4.445 4.399 4.356 4.335 4.325 4.321 4.297 4.278 4.246 4.225 4.200 4.186 4.168 4.132 4.108 4.093 4.075 4.039 4.015 3.991 3.968 3.934 3.899 3.884 3.863 3.835 3.802 3.754 3.728 3.711 3.710 3.701 3.676 3.642 3.579 3.548 3.525 3.509 3.493 3.460 3.419 3.391 3.353 3.333 3.305 3.292 3.279 3.252 3.240 3.224 3.211 3.203 3.188 3.167 3.143 3.117 3.086 3.077 3.075 3.071 3.051 3.020 2.991 2.964 2.937 2.923 2.906 2.891 2.879 2.869 2.844 2.832 2.801
4.563 4.551 4.515 4.475 4.429 4.382 4.338 4.320 4.317 4.315 4.291 4.266 4.233 4.206 4.188 4.176 4.155 4.129 4.106 4.089 4.072 4.053 4.019 3.999 3.980 3.932 3.912 3.880 3.858 3.822 3.792 3.753 3.728 3.711 3.710 3.703 3.678 3.643 3.595 3.551 3.532 3.522 3.503 3.485 3.445 3.413 3.371 3.348 3.330 3.310 3.285 3.259 3.246 3.234 3.207 3.197 3.184 3.167 3.142 3.112 3.088 3.078 3.074 3.069 3.047 3.019 2.980 2.948 2.918 2.905 2.898 2.893 2.876 2.865 2.853 2.829 2.820
4.540 4.523 4.498 4.458 4.417 4.374 4.334 4.317 4.316 4.313 4.286 4.258 4.227 4.192 4.174 4.161 4.151 4.130 4.115 4.085 4.070 4.053 4.031 3.999 3.977 3.941 3.908 3.887 3.849 3.823 3.795 3.767 3.728 3.712 3.702 3.693 3.670 3.628 3.591 3.561 3.535 3.531 3.527 3.507 3.475 3.430 3.379 3.353 3.334 3.320 3.294 3.270 3.256 3.242 3.215 3.197 3.183 3.168 3.149 3.118 2.292 2.248 2.293 2.125 2.032 2.008 2.121 2.105 2.904 2.890 2.891 2.885 2.867 2.853 2.839 2.828 2.809
4.524 4.504 4.480 4.449 4.403 4.370 4.336 4.320 4.315 4.307 4.276 4.247 4.214 4.184 4.159 4.152 4.149 4.133 4.109 4.083 4.064 4.048 4.027 4.015 3.975 3.941 3.917 3.892 3.855 3.830 3.802 3.777 3.742 3.701 3.692 3.678 3.651 3.620 3.585 3.558 3.535 3.536 3.537 3.519 3.483 3.434 3.383 3.355 3.337 3.326 3.316 3.292 3.266 3.236 3.220 3.201 3.187 3.172 3.149 3.114 2.348 2.105 2.043 2.185 2.086 1.998 1.967 1.828 1.916 1.905 1.964 1.860 1.953 1.977 1.909 1.970 2.057
4.508 4.487 4.462 4.427 4.399 4.373 4.340 4.321 4.303 4.290 4.269 4.236 4.205 4.175 4.153 4.149 4.147 4.129 4.107 4.083 4.063 4.046 4.033 4.016 4.000 3.962 3.933 3.888 3.861 3.837 3.815 3.779 3.739 3.706 3.687 3.669 3.639 3.612 3.584 3.557 3.534 3.534 3.533 3.515 3.480 3.430 3.391 3.352 3.337 3.330 3.323 3.303 3.283 3.243 3.217 3.201 3.187 3.169 3.156 3.121 2.327 2.126 2.173 2.191 2.045 2.074 1.980 1.872 1.847 1.761 1.746 1.914 1.664 1.817 1.913 1.851 1.810
4.499 4.474 4.449 4.415 4.393 4.359 4.344 4.305 4.293 4.278 4.258 4.233 4.195 4.168 4.150 4.148 4.144 4.123 4.100 4.077 4.058 4.040 4.040 4.037 4.017 3.977 3.940 3.891 3.863 3.842 3.826 3.788 3.748 3.712 3.690 3.669 3.631 3.606 3.581 3.560 3.533 3.520 3.515 3.497 3.456 3.419 3.382 3.354 3.335 3.332 3.329 3.309 3.284 3.248 3.217 3.200 3.189 3.179 3.158 3.131 3.115 2.045 2.247 2.208 2.234 2.173 2.094 1.918 1.860 1.719 1.723 1.777 1.750 1.735 1.949 1.705 1.758
4.488 4.458 4.425 4.401 4.383 4.368 4.319 4.294 4.279 4.263 4.248 4.216 4.193 4.175 4.148 4.143 4.136 4.116 4.090 4.069 4.053 4.040 4.045 4.044 4.025 3.980 3.937 3.890 3.864 3.847 3.835 3.806 3.765 3.723 3.694 3.666 3.629 3.605 3.580 3.560 3.521 3.501 3.490 3.464 3.435 3.402 3.374 3.350 3.334 3.333 3.329 3.310 3.276 3.246 3.221 3.198 3.189 3.176 3.166 3.143 3.124 2.279 2.193 2.085 2.121 2.174 2.211 2.208 2.273 1.825 1.828 1.926 1.801 1.850 1.628 1.749 1.757
4.479 4.443 4.407 4.384 4.369 4.345 4.303 4.288 4.271 4.254 4.227 4.209 4.193 4.166 4.144 4.126 4.116 4.102 4.085 4.062 4.048 4.037 4.039 4.039 4.019 3.972 3.929 3.893 3.862 3.852 3.847 3.824 3.786 3.743 3.697 3.663 3.625 3.601 3.580 3.542 3.493 3.480 3.472 3.440 3.416 3.389 3.364 3.335 3.332 3.328 3.322 3.302 3.268 3.239 3.214 3.189 3.186 3.183 3.174 3.152 3.124 2.235 2.196 2.000 1.926 1.934 1.913 1.998 1.908 1.920 1.866 1.698 1.777 1.779 1.755 1.794 1.812
4.465 4.423 4.385 4.362 4.346 4.333 4.299 4.281 4.261 4.244 4.216 4.200 4.187 4.157 4.131 4.114 4.103 4.089 4.074 4.047 4.038 4.025 4.021 4.016 3.997 3.953 3.914 3.883 3.865 3.855 3.858 3.844 3.800 3.751 3.681 3.640 3.609 3.586 3.553 3.516 3.487 3.468 3.447 3.419 3.398 3.376 3.356 3.328 3.319 3.315 3.297 3.273 3.248 3.230 3.208 3.188 3.188 3.188 3.175 3.153 3.128 1.911 2.027 1.841 1.820 1.689 1.793 2.017 1.927 1.776 1.670 1.694 1.732 1.698 1.689 1.784 1.718
4.453 4.397 4.359 4.338 4.328 4.324 4.299 4.276 4.251 4.228 4.205 4.190 4.178 4.150 4.124 4.102 4.088 4.074 4.048 4.036 4.028 4.011 3.995 3.977 3.958 3.930 3.898 3.873 3.860 3.858 3.864 3.849 3.798 3.738 3.682 3.627 3.597 3.578 3.553 3.521 3.498 3.460 3.433 3.402 3.379 3.359 3.323 3.294 3.302 3.285 3.267 3.252 3.232 3.213 3.204 3.185 3.186 3.185 3.174 3.154 3.122 2.029 2.004 2.114 2.047 1.984 1.817 2.043 2.027 1.879 1.847 1.636 1.813 1.494 1.621 1.741 1.775
4.438 4.383 4.347 4.326 4.324 4.322 4.301 4.270 4.240 4.213 4.188 4.175 4.156 4.148 4.104 4.088 4.071 4.061 4.033 4.022 4.014 3.994 3.956 3.945 3.928 3.906 3.883 3.854 3.848 3.840 3.847 3.830 3.778 3.719 3.664 3.620 3.585 3.570 3.558 3.539 3.498 3.461 3.399 3.366 3.340 3.339 3.304 3.275 3.256 3.250 3.245 3.231 3.216 3.203 3.192 3.177 3.175 3.173 3.161 3.129 3.116 2.119 1.996 2.106 2.069 2.122 2.150 2.216 1.832 1.892 1.746 1.784 1.624 1.793 1.694 1.750 1.821
4.428 4.377 4.347 4.327 4.324 4.319 4.295 4.265 4.231 4.193 4.166 4.155 4.151 4.128 4.101 4.080 4.059 4.040 4.024 4.006 3.998 3.968 3.929 3.916 3.899 3.880 3.846 3.839 3.833 3.811 3.809 3.790 3.739 3.690 3.642 3.603 3.574 3.570 3.566 3.544 3.492 3.439 3.381 3.342 3.314 3.296 3.272 3.249 3.237 3.229 3.215 3.204 3.192 3.183 3.167 3.158 3.142 3.139 3.126 3.110 3.097 2.285 2.149 2.184 1.998 1.972 1.986 1.937 2.065 1.975 1.996 1.681 1.614 1.607 1.544 1.620 1.658
4.401 4.366 4.345 4.330 4.322 4.313 4.283 4.253 4.218 4.174 4.154 4.144 4.142 4.126 4.099 4.071 4.044 4.022 4.005 3.990 3.966 3.940 3.913 3.895 3.876 3.838 3.823 3.812 3.793 3.783 3.749 3.729 3.696 3.657 3.620 3.590 3.568 3.569 3.570 3.544 3.485 3.424 3.368 3.315 3.286 3.266 3.259 3.236 3.225 3.211 3.196 3.185 3.176 3.168 3.151 3.131 3.109 3.114 3.102 3.090 3.081 2.289 2.151 2.218 2.074 2.016 1.809 1.776 1.751 1.761 1.813 1.585 1.649 1.908 1.535 1.498 1.551
4.392 4.371 4.347 4.318 4.307 4.293 4.273 4.242 4.195 4.168 4.146 4.144 4.142 4.124 4.096 4.063 4.028 4.002 3.976 3.967 3.960 3.913 3.890 3.865 3.837 3.816 3.798 3.787 3.750 3.712 3.699 3.678 3.656 3.625 3.586 3.566 3.551 3.552 3.549 3.521 3.459 3.398 3.341 3.295 3.259 3.248 3.245 3.228 3.214 3.179 3.164 3.152 3.143 3.136 3.120 3.112 3.085 3.077 3.059 3.069 3.062 2.354 1.973 1.960 2.277 2.066 1.962 1.750 1.746 1.717 1.715 1.903 1.613 1.486 1.721 1.700 1.322
4.386 4.369 4.352 4.311 4.297 4.281 4.262 4.237 4.198 4.162 4.146 4.141 4.136 4.113 4.085 4.050 4.000 3.977 3.963 3.955 3.946 3.916 3.880 3.847 3.814 3.791 3.775 3.740 3.728 3.681 3.663 3.640 3.615 3.569 3.548 3.546 3.521 3.516 3.491 3.460 3.412 3.366 3.315 3.274 3.246 3.241 3.237 3.216 3.191 3.168 3.147 3.136 3.130 3.122 3.101 3.085 3.068 3.055 3.036 3.026 3.021 2.246 2.042 2.153 2.063 2.115 2.076 1.853 1.665 1.839 1.725 1.941 1.586 1.434 1.586 1.683 1.528
4.381 4.365 4.330 4.301 4.275 4.258 4.241 4.221 4.181 4.161 4.143 4.135 4.119 4.101 4.070 4.037 3.989 3.967 3.957 3.957 3.947 3.912 3.873 3.825 3.790 3.765 3.749 3.721 3.708 3.645 3.635 3.607 3.580 3.533 3.515 3.503 3.484 3.445 3.431 3.404 3.365 3.323 3.292 3.262 3.242 3.238 3.232 3.206 3.177 3.152 3.135 3.126 3.121 3.118 3.103 3.071 3.049 3.018 3.001 3.002 2.995 2.989 2.255 2.202 2.021 1.938 2.029 1.968 1.823 1.708 1.819 1.581 1.770 1.727 1.587 1.758 1.648
