includes/estuary_coast/floodfiles/results/res-0002.wd
ncols         730
nrows         472
xllcorner     380617.130607
yllcorner     6542069.774949
cellsize      20.000000
NODATA_value  -9999.000000
[rows 102 to 135 of 472, columns 77 to 153 of 730]
0.298 0.366 0.452 0.532 0.428 0.442 0.361 1.792 1.904 2.070 2.165 2.215 2.319 2.427 2.515 2.652 2.698 2.805 2.988 3.209 3.460 3.705 3.796 3.851 3.856 3.907 4.069 4.183 4.294 4.359 4.372 4.382 4.412 4.489 4.644 4.724 4.804 4.817 4.779 4.716 4.677 4.638 4.692 4.750 4.808 4.807 4.714 4.513 4.354 4.194 4.145 4.165 4.179 4.048 3.767 3.337 2.969 2.665 2.427 2.116 1.832 1.620 1.164 0.906 0.000 0.000 0.000 0.000 0.000 0.000 0.000 0.000 0.000 0.000 0.000 0.000 0.000
0.235 0.410 0.413 0.302 0.459 0.273 0.395 1.718 1.809 1.876 1.943 2.036 2.184 2.324 2.488 2.639 2.676 2.693 2.803 3.031 3.237 3.465 3.566 3.605 3.623 3.766 3.914 3.946 4.111 4.173 4.210 4.216 4.263 4.374 4.458 4.598 4.657 4.698 4.676 4.654 4.641 4.651 4.682 4.734 4.773 4.772 4.682 4.551 4.367 4.285 4.227 4.310 4.389 4.327 4.048 3.600 3.210 2.892 2.542 2.261 2.131 1.857 1.571 1.108 0.661 0.000 0.000 0.000 0.000 0.054 0.000 0.057 0.000 0.000 0.000 0.000 0.000
0.337 0.430 0.328 0.338 0.293 0.369 0.287 0.307 1.646 1.668 1.741 1.832 2.021 2.226 2.447 2.639 2.687 2.672 2.725 2.827 3.038 3.177 3.334 3.393 3.448 3.499 3.586 3.752 3.796 3.878 3.941 4.080 4.093 4.159 4.323 4.401 4.533 4.570 4.586 4.591 4.598 4.646 4.692 4.669 4.678 4.671 4.606 4.511 4.422 4.299 4.263 4.365 4.465 4.409 4.136 3.747 3.271 2.936 2.708 2.421 2.363 2.148 1.817 1.376 0.731 0.000 0.000 0.000 0.038 0.000 0.054 0.014 0.000 0.000 0.000 0.000 0.000
0.187 0.290 0.297 0.441 0.160 0.265 0.303 0.352 0.446 1.520 1.534 1.652 1.851 2.086 2.334 2.558 2.629 2.619 2.608 2.703 2.788 2.950 3.033 3.094 3.143 3.225 3.389 3.449 3.546 3.723 3.807 3.876 3.969 4.030 4.190 4.268 4.412 4.475 4.511 4.503 4.524 4.549 4.614 4.641 4.586 4.574 4.531 4.468 4.406 4.369 4.305 4.316 4.377 4.301 4.062 3.716 3.262 2.943 2.725 2.553 2.570 2.424 2.061 1.570 0.969 0.561 0.000 0.000 0.000 0.000 0.000 0.080 0.000 0.000 0.000 0.000 0.000
0.123 0.087 0.172 0.193 0.156 0.246 0.209 0.489 0.480 0.286 1.427 1.477 1.648 1.927 2.157 2.383 2.470 2.484 2.477 2.559 2.589 2.657 2.724 2.804 2.893 2.958 3.076 3.169 3.382 3.598 3.712 3.798 3.857 3.938 4.005 4.159 4.214 4.407 4.459 4.467 4.494 4.559 4.576 4.594 4.558 4.510 4.480 4.439 4.396 4.366 4.344 4.224 4.184 4.107 3.915 3.638 3.235 2.946 2.679 2.602 2.646 2.559 2.193 1.723 1.147 0.749 0.000 0.000 0.000 0.000 0.037 0.000 0.000 0.000 0.000 0.000 0.000
0.265 0.052 0.113 0.197 0.301 0.267 0.233 0.285 0.353 0.349 0.226 1.430 1.568 1.742 1.905 2.107 2.191 2.213 2.282 2.258 2.298 2.363 2.446 2.641 2.728 2.816 2.918 3.017 3.164 3.412 3.589 3.726 3.848 3.866 3.912 4.054 4.156 4.264 4.345 4.402 4.494 4.510 4.550 4.561 4.520 4.517 4.459 4.431 4.407 4.378 4.344 4.224 4.044 3.954 3.797 3.579 3.226 2.975 2.709 2.626 2.587 2.462 2.176 1.796 1.377 0.944 0.630 0.000 0.000 0.000 0.000 0.000 0.013 0.000 0.000 0.000 0.000
0.005 0.077 0.061 0.067 0.110 0.107 0.157 0.355 0.308 0.200 0.229 0.275 1.542 1.644 1.748 1.832 1.879 1.890 1.950 2.021 1.993 2.081 2.221 2.460 2.642 2.755 2.798 2.885 3.050 3.279 3.575 3.762 3.854 3.856 3.878 3.952 4.126 4.261 4.371 4.445 4.513 4.514 4.537 4.537 4.546 4.513 4.511 4.455 4.428 4.399 4.357 4.234 4.076 3.987 3.751 3.576 3.259 2.950 2.769 2.647 2.507 2.391 2.164 1.800 1.463 1.088 0.801 0.000 0.000 0.000 0.000 0.000 0.000 0.000 0.000 0.000 0.000
0.000 0.163 0.094 0.089 0.000 0.146 0.212 0.186 0.147 0.254 0.237 0.125 0.156 1.564 1.617 1.661 1.681 1.644 1.687 1.693 1.721 1.838 2.042 2.335 2.558 2.724 2.741 2.796 2.954 3.201 3.530 3.760 3.853 3.852 3.859 3.928 4.057 4.275 4.419 4.518 4.537 4.535 4.509 4.529 4.507 4.517 4.527 4.526 4.525 4.438 4.387 4.252 4.189 3.995 3.889 3.649 3.358 3.137 2.868 2.690 2.567 2.315 2.130 1.859 1.635 1.304 1.163 0.919 0.000 0.000 0.000 0.000 0.000 0.000 0.000 0.000 0.000
0.000 0.222 0.105 0.002 0.001 0.151 0.229 0.110 0.110 0.101 0.242 0.141 0.204 0.247 1.429 1.450 1.490 1.459 1.408 1.339 1.404 1.545 1.821 2.206 2.515 2.706 2.734 2.761 2.887 3.108 3.413 3.653 3.761 3.811 3.831 3.904 3.989 4.236 4.445 4.558 4.575 4.520 4.465 4.448 4.510 4.537 4.566 4.577 4.560 4.491 4.421 4.300 4.238 4.056 3.984 3.872 3.618 3.286 3.098 2.801 2.593 2.421 2.104 1.893 1.667 1.415 1.328 1.149 0.000 0.000 0.092 0.000 0.000 0.000 0.000 0.000 0.000
0.000 0.177 0.035 0.000 0.002 0.032 0.165 0.091 0.052 0.095 0.079 0.229 0.218 0.211 0.191 0.006 1.314 1.279 1.189 1.103 1.057 1.238 1.574 2.018 2.368 2.608 2.669 2.734 2.832 3.005 3.268 3.483 3.600 3.669 3.715 3.798 3.946 4.184 4.364 4.508 4.531 4.486 4.441 4.412 4.473 4.564 4.615 4.640 4.619 4.571 4.450 4.343 4.290 4.215 4.164 4.025 3.866 3.650 3.326 3.023 2.711 2.519 2.158 1.931 1.716 1.500 1.463 1.389 1.184 0.000 0.000 0.000 0.000 0.000 0.000 0.000 0.000
0.033 0.137 0.007 0.002 0.000 0.056 0.005 0.000 0.024 0.007 0.172 0.116 0.127 0.137 0.272 0.167 0.000 0.083 0.031 0.972 0.895 1.032 1.379 1.828 2.157 2.420 2.524 2.580 2.654 2.914 3.080 3.305 3.426 3.532 3.614 3.715 3.854 4.081 4.233 4.343 4.419 4.407 4.366 4.380 4.441 4.581 4.652 4.687 4.658 4.585 4.473 4.407 4.317 4.312 4.301 4.223 4.091 3.820 3.491 3.289 2.983 2.781 2.417 2.037 1.784 1.572 1.520 1.522 1.324 0.974 0.000 0.000 0.000 0.000 0.000 0.000 0.000
0.007 0.007 0.004 0.039 0.000 0.247 0.000 0.030 0.185 0.000 0.002 0.156 0.075 0.119 0.068 0.185 0.031 0.000 0.056 0.000 0.000 1.054 1.333 1.626 1.968 2.220 2.341 2.423 2.507 2.752 2.893 3.049 3.193 3.302 3.401 3.512 3.641 3.863 4.068 4.167 4.221 4.275 4.291 4.332 4.408 4.553 4.637 4.674 4.647 4.578 4.472 4.420 4.370 4.410 4.464 4.388 4.238 3.965 3.640 3.450 3.290 3.112 2.748 2.222 1.865 1.639 1.537 1.482 1.328 0.981 0.000 0.000 0.000 0.000 0.000 0.000 0.000
0.004 0.239 0.000 0.002 0.060 0.000 0.000 0.086 0.012 0.029 0.003 0.001 0.037 0.049 0.175 0.046 0.076 0.018 0.117 0.024 0.000 0.000 0.000 0.000 1.732 1.946 2.151 2.236 2.356 2.398 2.632 2.783 2.926 3.064 3.186 3.398 3.598 3.716 3.913 4.008 4.076 4.165 4.208 4.265 4.416 4.495 4.559 4.604 4.587 4.540 4.452 4.421 4.447 4.492 4.533 4.490 4.330 4.057 3.860 3.727 3.512 3.387 3.059 2.663 2.185 1.780 1.597 1.483 1.242 0.904 0.609 0.000 0.000 0.000 0.000 0.000 0.000
0.074 0.063 0.025 0.146 0.253 0.000 0.000 0.000 0.059 0.002 0.003 0.070 0.058 0.127 0.184 0.217 0.050 0.025 0.039 0.087 0.006 0.008 0.002 0.000 0.000 0.000 1.859 1.844 1.975 2.082 2.214 2.500 2.791 2.969 3.114 3.225 3.395 3.591 3.693 3.879 3.959 4.066 4.124 4.142 4.301 4.375 4.461 4.476 4.473 4.448 4.425 4.431 4.445 4.487 4.520 4.490 4.330 4.081 3.924 3.855 3.762 3.723 3.407 3.022 2.589 2.106 1.728 1.528 1.202 0.849 0.538 0.000 0.000 0.000 0.000 0.000 0.000
0.000 0.016 0.045 0.138 0.002 0.000 0.000 0.000 0.008 0.000 0.007 0.011 0.007 0.000 0.010 0.018 0.031 0.035 0.007 0.037 0.082 0.000 0.000 0.000 0.000 0.000 0.000 1.605 1.655 1.824 1.997 2.239 2.604 2.863 3.122 3.221 3.342 3.407 3.546 3.738 3.829 3.952 4.004 4.065 4.218 4.281 4.346 4.385 4.402 4.430 4.424 4.416 4.424 4.429 4.446 4.415 4.265 4.132 3.962 3.961 3.999 4.032 3.803 3.359 2.875 2.345 2.035 1.647 1.248 0.856 0.477 0.124 0.000 0.000 0.000 0.000 0.000
0.016 0.038 0.000 0.000 0.126 0.000 0.000 0.001 0.012 0.032 0.010 0.135 0.001 0.072 0.012 0.010 0.011 0.000 0.093 0.000 0.059 0.026 0.002 0.000 0.000 0.000 0.000 0.000 1.407 1.537 1.742 2.072 2.471 2.920 3.186 3.313 3.328 3.340 3.404 3.585 3.740 3.832 3.965 4.013 4.144 4.202 4.265 4.309 4.340 4.360 4.393 4.430 4.372 4.376 4.371 4.338 4.192 4.102 3.979 4.016 4.119 4.199 4.022 3.543 3.051 2.656 2.241 1.966 1.464 0.970 0.540 0.120 0.000 0.000 0.000 0.000 0.000
0.018 0.000 0.005 0.000 0.003 0.000 0.002 0.002 0.001 0.000 0.057 0.002 0.001 0.004 0.004 0.023 0.000 0.000 0.004 0.000 0.000 0.013 0.215 0.004 0.000 0.000 0.000 0.000 0.000 1.216 1.451 1.879 2.410 2.979 3.330 3.430 3.368 3.325 3.373 3.565 3.743 3.855 3.919 3.995 4.025 4.143 4.209 4.260 4.300 4.323 4.345 4.385 4.388 4.342 4.323 4.291 4.144 4.082 4.001 4.021 4.092 4.110 3.973 3.594 3.112 2.798 2.619 2.299 1.897 1.371 0.779 0.353 0.058 0.000 0.000 0.000 0.000
0.009 0.019 0.007 0.252 0.000 0.000 0.000 0.000 0.072 0.000 0.032 0.000 0.000 0.000 0.000 0.089 0.058 0.000 0.005 0.000 0.073 0.104 0.103 0.000 0.052 0.000 0.000 0.000 0.000 0.962 1.213 1.699 2.292 2.913 3.310 3.418 3.345 3.287 3.339 3.526 3.774 3.932 3.996 3.979 4.003 4.043 4.169 4.231 4.279 4.318 4.338 4.404 4.379 4.288 4.268 4.269 4.127 4.076 3.987 3.979 3.991 3.921 3.803 3.492 3.164 2.971 2.869 2.602 2.370 1.925 1.154 0.712 0.438 0.000 0.000 0.000 0.000
0.023 0.000 0.020 0.161 0.000 0.000 0.007 0.038 0.014 0.047 0.116 0.000 0.101 0.061 0.219 0.037 0.054 0.027 0.000 0.029 0.000 0.122 0.110 0.054 0.053 0.000 0.000 0.000 0.000 0.935 1.170 1.611 2.139 2.675 3.063 3.189 3.212 3.197 3.275 3.493 3.783 3.983 4.055 4.008 3.961 4.032 4.167 4.249 4.310 4.343 4.353 4.376 4.423 4.289 4.267 4.242 4.243 4.090 3.987 3.949 3.916 3.780 3.675 3.409 3.176 3.092 3.058 3.129 2.973 2.482 1.803 1.179 0.714 0.496 0.000 0.000 0.000
0.002 0.000 0.000 0.121 0.000 0.000 0.000 0.032 0.009 0.014 0.000 0.000 0.047 0.155 0.000 0.192 0.000 0.032 0.056 0.000 0.000 0.000 0.042 0.000 0.012 0.046 0.000 0.000 0.000 0.000 1.238 1.613 2.041 2.409 2.744 2.879 2.957 2.998 3.112 3.322 3.649 3.913 3.999 3.967 3.932 3.971 4.189 4.300 4.381 4.409 4.398 4.377 4.360 4.350 4.291 4.270 4.278 4.241 4.013 3.955 3.896 3.827 3.617 3.496 3.273 3.234 3.279 3.465 3.350 2.790 2.147 1.408 1.114 0.825 0.000 0.000 0.000
0.001 0.064 0.000 0.155 0.019 0.000 0.007 0.005 0.000 0.047 0.000 0.025 0.073 0.105 0.000 0.000 0.058 0.101 0.000 0.000 0.001 0.003 0.001 0.033 0.098 0.000 0.008 0.010 0.000 0.000 1.332 0.000 0.002 2.176 2.407 2.529 2.599 2.693 2.899 3.108 3.433 3.664 3.826 3.849 3.872 3.953 4.163 4.370 4.477 4.498 4.455 4.403 4.373 4.367 4.365 4.355 4.367 4.333 4.117 4.048 3.974 3.862 3.770 3.530 3.305 3.260 3.276 3.418 3.293 2.789 2.207 1.686 1.359 1.158 0.735 0.000 0.000
0.000 0.000 0.000 0.000 0.000 0.000 0.006 0.000 0.000 0.043 0.012 0.006 0.022 0.012 0.000 0.000 0.000 0.000 0.000 0.000 0.001 0.064 0.000 0.001 0.006 0.069 0.004 0.000 0.000 0.020 0.024 0.000 0.003 1.922 2.150 2.242 2.306 2.405 2.543 2.823 3.149 3.370 3.522 3.688 3.776 3.914 4.170 4.409 4.536 4.553 4.487 4.417 4.385 4.448 4.457 4.462 4.480 4.399 4.283 4.110 4.045 3.940 3.855 3.627 3.501 3.278 3.246 3.175 2.969 2.591 2.131 1.731 1.595 1.548 1.116 0.000 0.000
0.016 0.000 0.000 0.000 0.000 0.015 0.161 0.080 0.000 0.011 0.110 0.086 0.000 0.017 0.000 0.000 0.000 0.000 0.000 0.000 0.004 0.000 0.072 0.000 0.070 0.000 0.125 0.000 0.000 0.035 0.012 0.000 0.105 0.002 1.852 1.928 1.962 2.075 2.200 2.482 2.829 3.077 3.273 3.514 3.659 3.835 4.057 4.327 4.493 4.515 4.460 4.403 4.388 4.464 4.490 4.505 4.492 4.448 4.339 4.288 4.139 4.097 3.994 3.772 3.494 3.339 3.217 3.024 2.742 2.453 2.068 1.750 1.736 1.754 1.371 0.680 0.000
0.106 0.000 0.000 0.069 0.464 0.029 0.074 0.130 0.006 0.017 0.027 0.000 0.000 0.165 0.040 0.000 0.057 0.000 0.000 0.014 0.080 0.000 0.000 0.007 0.000 0.000 0.043 0.014 0.037 0.016 0.011 0.000 0.003 0.104 0.000 1.713 1.697 1.695 1.843 2.136 2.526 2.821 3.060 3.254 3.521 3.712 3.923 4.190 4.365 4.402 4.385 4.385 4.402 4.477 4.519 4.542 4.528 4.464 4.382 4.341 4.332 4.274 4.239 3.979 3.677 3.461 3.276 3.083 2.750 2.363 2.079 1.774 1.696 1.605 1.252 0.681 0.000
0.011 0.100 0.157 0.000 0.009 0.013 0.064 0.000 0.000 0.007 0.062 0.000 0.000 0.000 0.029 0.000 0.128 0.001 0.000 0.000 0.001 0.000 0.001 0.001 0.094 0.114 0.019 0.000 0.000 0.500 0.000 0.000 0.074 0.000 0.000 0.000 1.467 1.436 1.518 1.817 2.222 2.552 2.810 3.016 3.282 3.561 3.757 4.017 4.143 4.223 4.320 4.344 4.386 4.476 4.522 4.549 4.534 4.472 4.424 4.405 4.426 4.464 4.422 4.214 4.024 3.678 3.370 3.179 2.978 2.461 2.200 1.951 1.675 1.407 1.084 0.575 0.022
0.003 0.000 0.015 0.088 0.309 0.000 0.009 0.121 0.000 0.102 0.069 0.000 0.022 0.099 0.021 0.056 0.000 0.155 0.083 0.000 0.000 0.002 0.000 0.000 0.000 0.002 0.000 0.008 0.201 0.127 0.011 0.018 0.005 0.000 0.000 0.000 0.000 1.328 1.397 1.661 1.999 2.396 2.721 2.913 3.147 3.314 3.490 3.853 3.916 4.092 4.248 4.299 4.356 4.450 4.494 4.516 4.507 4.453 4.424 4.425 4.471 4.542 4.555 4.439 4.158 3.922 3.635 3.493 3.199 2.866 2.435 2.150 1.898 1.484 1.175 0.595 0.169
0.000 0.070 0.000 0.001 0.050 0.000 0.000 0.018 0.055 0.000 0.098 0.000 0.062 0.066 0.032 0.030 0.069 0.007 0.058 0.000 0.000 0.117 0.000 0.134 0.000 0.002 0.000 0.079 0.404 0.055 0.002 0.000 0.008 0.000 0.000 0.000 0.002 1.393 1.466 1.703 2.025 2.413 2.653 2.870 3.051 3.188 3.345 3.602 3.775 3.889 3.983 4.154 4.230 4.415 4.450 4.470 4.470 4.476 4.476 4.462 4.480 4.542 4.558 4.446 4.264 4.099 3.893 3.728 3.553 3.301 2.840 2.483 2.195 1.847 1.440 0.957 0.567
0.000 0.037 0.002 0.000 0.050 0.000 0.001 0.114 0.051 0.000 0.059 0.000 0.058 0.077 0.000 0.000 0.000 0.133 0.044 0.068 0.000 0.000 0.000 0.000 0.001 0.000 0.000 0.077 0.297 0.000 0.001 0.013 0.000 0.001 0.004 0.000 0.001 0.023 1.613 1.824 2.120 2.500 2.775 2.893 2.959 3.049 3.246 3.412 3.683 3.812 3.916 4.102 4.174 4.328 4.410 4.430 4.456 4.462 4.470 4.423 4.451 4.484 4.482 4.367 4.241 4.133 4.001 4.010 3.999 3.852 3.454 2.763 2.334 2.212 1.955 1.519 0.921
0.017 0.000 0.000 0.007 0.000 0.000 0.096 0.000 0.056 0.075 0.075 0.010 0.146 0.000 0.000 0.100 0.000 0.058 0.053 0.063 0.001 0.087 0.000 0.000 0.059 0.000 0.024 0.516 0.000 0.000 0.012 0.000 0.000 0.000 0.000 0.000 0.003 0.021 0.000 1.912 2.204 2.590 2.866 2.954 2.963 3.013 3.196 3.316 3.564 3.696 3.888 3.970 4.132 4.268 4.381 4.423 4.439 4.451 4.426 4.408 4.419 4.423 4.413 4.373 4.216 4.078 4.093 4.198 4.357 4.244 3.728 3.055 2.634 2.603 2.574 1.984 1.261
0.000 0.000 0.000 0.217 0.046 0.000 0.000 0.049 0.074 0.009 0.006 0.062 0.020 0.128 0.053 0.045 0.006 0.000 0.114 0.000 0.090 0.000 0.000 0.029 0.000 0.000 0.238 0.000 0.000 0.000 0.161 0.000 0.000 0.000 0.000 0.000 0.032 0.021 0.000 1.920 2.216 2.614 2.900 2.984 2.969 2.973 3.090 3.336 3.601 3.738 3.823 3.877 3.923 4.137 4.200 4.412 4.432 4.449 4.465 4.463 4.468 4.397 4.385 4.358 4.136 4.098 4.126 4.230 4.396 4.292 3.786 3.147 2.739 2.773 2.862 2.191 1.318
0.000 0.000 0.000 0.000 0.000 0.000 0.000 0.000 0.000 0.049 0.035 0.071 0.033 0.014 0.109 0.030 0.000 0.000 0.046 0.000 0.096 0.000 0.000 0.018 0.000 0.084 0.555 0.000 0.000 0.000 0.001 0.000 0.000 0.037 0.000 0.000 0.152 0.000 0.000 0.000 2.121 2.457 2.789 2.908 2.919 2.966 3.123 3.421 3.718 3.866 3.923 3.929 3.935 4.104 4.188 4.297 4.401 4.449 4.467 4.480 4.486 4.417 4.410 4.390 4.215 4.174 4.059 4.121 4.135 4.016 3.576 3.141 2.833 2.642 2.513 2.030 1.329
0.022 0.090 0.154 0.000 0.062 0.000 0.000 0.000 0.000 0.000 0.070 0.000 0.020 0.002 0.000 0.038 0.093 0.097 0.000 0.010 0.076 0.000 0.000 0.000 0.003 0.484 0.000 0.000 0.000 0.000 0.063 0.080 0.000 0.001 0.000 0.062 0.094 0.000 0.000 0.000 0.001 2.190 2.528 2.744 2.831 2.952 3.179 3.615 3.904 4.072 4.084 4.004 4.012 4.099 4.134 4.294 4.325 4.422 4.478 4.490 4.503 4.454 4.459 4.445 4.362 4.211 4.049 4.019 3.986 3.768 3.549 3.135 2.892 2.637 2.330 1.870 1.408
0.000 0.080 0.408 0.000 0.000 0.000 0.000 0.000 0.000 0.033 0.000 0.000 0.013 0.067 0.066 0.007 0.103 0.141 0.160 0.050 0.000 0.000 0.000 0.021 0.269 0.008 0.000 0.000 0.000 0.000 0.000 0.087 0.000 0.000 0.001 0.201 0.000 0.000 0.031 0.052 0.003 1.924 2.269 2.464 2.714 2.914 3.211 3.669 4.071 4.264 4.231 4.084 4.032 4.112 4.158 4.306 4.336 4.359 4.466 4.489 4.495 4.529 4.580 4.528 4.446 4.377 4.228 4.137 3.937 3.830 3.543 3.235 3.053 2.757 2.430 1.976 1.694
0.000 0.006 0.004 0.061 0.099 0.000 0.000 0.010 0.000 0.000 0.000 0.110 0.004 0.047 0.006 0.121 0.086 0.264 0.095 0.000 0.000 0.000 0.000 0.106 0.661 0.000 0.000 0.000 0.000 0.007 0.087 0.000 0.002 0.019 0.084 0.333 0.000 0.000 0.011 0.000 0.008 0.000 2.029 2.245 2.469 2.730 3.154 3.579 4.069 4.281 4.241 4.109 4.021 4.116 4.191 4.269 4.369 4.378 4.415 4.460 4.545 4.593 4.642 4.645 4.590 4.457 4.370 4.262 4.096 3.879 3.783 3.584 3.488 3.142 2.651 2.275 1.958
