includes/estuary_coast/floodfiles/results/res-0002.wd
ncols         730
nrows         472
xllcorner     380617.130607
yllcorner     6542069.774949
cellsize      20.000000
NODATA_value  -9999.000000
[rows 238 to 271 of 472, columns 0 to 76 of 730]
2.677 2.607 2.519 2.408 2.323 2.263 2.223 2.214 2.191 2.145 2.126 2.124 2.119 2.121 2.112 2.108 2.103 2.079 2.048 2.035 2.020 1.992 1.963 1.945 1.941 1.937 1.916 1.909 1.911 1.904 1.862 1.815 1.786 1.776 1.759 1.732 1.714 1.701 1.685 1.672 1.665 1.664 1.668 1.698 1.749 1.820 1.835 1.765 0.911 0.807 0.838 0.659 0.669 0.564 0.486 0.421 0.441 0.483 0.322 0.359 0.298 0.322 0.246 0.085 0.158 0.151 0.110 0.053 0.046 0.039 0.036 0.022 0.013 0.002 0.005 0.005 0.000
2.698 2.627 2.562 2.481 2.386 2.314 2.283 2.246 2.219 2.178 2.156 2.143 2.136 2.143 2.147 2.146 2.129 2.097 2.073 2.042 2.031 2.015 1.982 1.960 1.955 1.940 1.919 1.911 1.913 1.907 1.865 1.809 1.780 1.777 1.765 1.734 1.712 1.700 1.688 1.670 1.665 1.663 1.667 1.686 1.722 1.751 1.758 1.715 1.667 0.822 0.776 0.713 0.742 0.598 0.561 0.562 0.387 0.371 0.377 0.448 0.415 0.314 0.234 0.241 0.177 0.170 0.171 0.038 0.002 0.000 0.000 0.053 0.010 0.053 0.108 0.004 0.146
2.735 2.641 2.592 2.527 2.445 2.373 2.333 2.301 2.242 2.216 2.196 2.168 2.156 2.161 2.171 2.172 2.149 2.111 2.082 2.052 2.040 2.029 1.999 1.983 1.972 1.962 1.937 1.915 1.907 1.893 1.856 1.810 1.785 1.776 1.762 1.729 1.699 1.688 1.683 1.671 1.653 1.649 1.656 1.674 1.685 1.693 1.697 1.669 1.645 1.624 0.785 0.720 0.724 0.585 0.644 0.478 0.492 0.406 0.472 0.423 0.474 0.394 0.246 0.206 0.269 0.079 0.118 0.000 0.125 0.003 0.134 0.000 0.000 0.018 0.011 0.122 0.095
2.721 2.652 2.609 2.577 2.518 2.436 2.388 2.328 2.300 2.257 2.230 2.199 2.172 2.168 2.174 2.169 2.148 2.111 2.079 2.059 2.045 2.036 2.022 2.009 2.001 1.988 1.960 1.941 1.906 1.888 1.863 1.816 1.792 1.775 1.752 1.715 1.682 1.678 1.679 1.661 1.636 1.616 1.622 1.643 1.657 1.661 1.655 1.654 1.630 1.624 0.728 0.735 0.695 0.618 0.794 0.603 0.449 0.468 0.396 0.380 0.434 0.366 0.370 0.235 0.125 0.232 0.069 0.003 0.006 0.027 0.000 0.000 0.008 0.000 0.000 0.180 0.000
2.695 2.650 2.629 2.612 2.570 2.487 2.443 2.375 2.362 2.320 2.269 2.252 2.208 2.181 2.172 2.164 2.138 2.108 2.074 2.049 2.043 2.046 2.037 2.033 2.031 2.019 1.992 1.966 1.918 1.893 1.870 1.834 1.801 1.777 1.748 1.707 1.679 1.676 1.676 1.652 1.604 1.570 1.579 1.612 1.634 1.634 1.626 1.627 1.634 1.636 0.794 0.779 0.791 0.692 0.693 0.699 0.632 0.452 0.396 0.361 0.232 0.382 0.308 0.092 0.144 0.108 0.067 0.054 0.063 0.000 0.088 0.013 0.000 0.124 0.007 0.072 0.071
2.690 2.646 2.633 2.624 2.585 2.510 2.457 2.423 2.390 2.366 2.324 2.284 2.249 2.209 2.177 2.162 2.145 2.106 2.075 2.051 2.045 2.047 2.045 2.048 2.056 2.055 2.032 1.987 1.945 1.901 1.878 1.847 1.824 1.784 1.754 1.722 1.696 1.685 1.676 1.643 1.593 1.552 1.563 1.602 1.622 1.616 1.606 1.610 1.622 1.641 1.659 0.827 0.688 0.760 0.606 0.735 0.662 0.497 0.371 0.406 0.348 0.353 0.339 0.230 0.142 0.136 0.083 0.000 0.002 0.003 0.008 0.008 0.155 0.145 0.013 0.207 0.000
2.698 2.651 2.630 2.618 2.583 2.531 2.461 2.426 2.408 2.399 2.359 2.311 2.270 2.225 2.187 2.171 2.151 2.114 2.089 2.068 2.061 2.059 2.053 2.059 2.073 2.086 2.062 2.007 1.954 1.916 1.885 1.864 1.845 1.808 1.774 1.734 1.713 1.696 1.676 1.651 1.613 1.585 1.588 1.612 1.619 1.610 1.599 1.604 1.624 1.646 1.684 0.722 0.591 0.735 0.632 0.585 0.551 0.577 0.474 0.363 0.331 0.309 0.370 0.408 0.181 0.056 0.000 0.092 0.076 0.094 0.033 0.008 0.008 0.013 0.000 0.000 0.000
2.723 2.669 2.629 2.609 2.576 2.511 2.463 2.427 2.412 2.409 2.375 2.331 2.290 2.244 2.225 2.190 2.175 2.154 2.117 2.091 2.086 2.083 2.060 2.063 2.073 2.081 2.060 2.011 1.953 1.910 1.890 1.883 1.863 1.824 1.785 1.746 1.714 1.702 1.684 1.664 1.645 1.630 1.629 1.628 1.627 1.618 1.611 1.612 1.627 1.647 1.686 1.726 0.677 0.557 0.690 0.687 0.592 0.625 0.618 0.424 0.358 0.377 0.372 0.343 0.357 0.301 0.007 0.069 0.004 0.000 0.000 0.087 0.000 0.112 0.000 0.023 0.308
2.753 2.710 2.654 2.609 2.574 2.533 2.477 2.432 2.416 2.403 2.368 2.329 2.289 2.258 2.237 2.207 2.192 2.173 2.153 2.117 2.107 2.095 2.080 2.064 2.064 2.058 2.034 1.998 1.952 1.910 1.889 1.887 1.868 1.828 1.786 1.753 1.723 1.699 1.692 1.688 1.677 1.671 1.667 1.652 1.644 1.628 1.622 1.618 1.626 1.638 1.659 1.681 0.821 0.690 0.535 0.564 0.557 0.551 0.569 0.476 0.407 0.296 0.278 0.000 0.201 0.149 0.037 0.034 0.007 0.108 0.150 0.000 0.000 0.000 0.000 0.059 0.000
2.810 2.736 2.670 2.618 2.587 2.541 2.496 2.449 2.414 2.398 2.374 2.323 2.283 2.248 2.228 2.222 2.206 2.188 2.172 2.143 2.131 2.114 2.098 2.086 2.064 2.044 2.016 1.985 1.951 1.913 1.892 1.880 1.862 1.818 1.774 1.735 1.714 1.701 1.703 1.705 1.708 1.710 1.706 1.683 1.662 1.644 1.629 1.618 1.620 1.615 1.621 1.627 0.688 0.691 0.661 0.584 0.576 0.506 0.404 0.535 0.426 0.301 0.374 0.264 0.225 0.238 0.242 0.081 0.098 0.000 0.106 0.187 0.072 0.093 0.003 0.003 0.004
2.826 2.765 2.692 2.640 2.611 2.577 2.521 2.473 2.426 2.403 2.375 2.322 2.282 2.243 2.222 2.222 2.215 2.199 2.179 2.167 2.160 2.130 2.114 2.097 2.077 2.049 2.022 1.987 1.953 1.923 1.895 1.870 1.848 1.811 1.765 1.719 1.694 1.699 1.708 1.721 1.739 1.755 1.751 1.718 1.679 0.818 0.633 0.749 0.682 0.817 0.754 0.737 0.753 0.645 0.593 0.601 0.518 0.598 0.505 0.533 0.563 0.413 0.397 0.352 0.316 0.142 0.094 0.001 0.000 0.000 0.000 0.005 0.044 0.010 0.003 0.000 0.072
2.826 2.757 2.726 2.665 2.640 2.611 2.551 2.493 2.463 2.409 2.381 2.346 2.294 2.257 2.231 2.227 2.225 2.202 2.183 2.173 2.169 2.153 2.132 2.103 2.083 2.056 2.040 2.009 1.966 1.933 1.899 1.876 1.836 1.806 1.765 1.723 1.700 1.705 1.720 1.735 1.768 1.799 1.800 1.751 1.690 0.784 0.688 0.625 0.682 0.788 0.723 0.751 0.713 0.696 0.606 0.577 0.567 0.525 0.508 0.442 0.507 0.564 0.360 0.228 0.178 0.252 0.185 0.339 0.026 0.002 0.024 0.095 0.000 0.014 0.041 0.008 0.000
2.815 2.749 2.722 2.702 2.671 2.636 2.576 2.538 2.506 2.455 2.416 2.372 2.332 2.283 2.251 2.241 2.232 2.216 2.186 2.174 2.171 2.167 2.141 2.112 2.082 2.072 2.058 2.033 1.997 1.947 1.901 1.873 1.841 1.807 1.778 1.742 1.721 1.721 1.731 1.743 1.776 1.814 1.815 1.761 1.687 1.610 0.716 0.691 0.686 0.638 0.688 0.652 0.744 0.607 0.692 0.680 0.540 0.514 0.486 0.500 0.441 0.404 0.492 0.301 0.243 0.172 0.124 0.260 0.040 0.071 0.036 0.000 0.000 0.005 0.001 0.007 0.128
2.803 2.741 2.715 2.708 2.701 2.659 2.603 2.564 2.535 2.492 2.451 2.417 2.377 2.327 2.286 2.269 2.254 2.221 2.189 2.176 2.169 2.164 2.146 2.104 2.084 2.079 2.080 2.057 2.009 1.949 1.902 1.862 1.843 1.813 1.792 1.759 1.746 1.735 1.740 1.747 1.760 1.783 1.779 1.737 1.673 1.598 1.536 0.648 0.759 0.805 0.673 0.517 0.608 0.694 0.579 0.633 0.646 0.438 0.433 0.455 0.409 0.376 0.437 0.468 0.370 0.200 0.185 0.234 0.116 0.161 0.000 0.000 0.000 0.000 0.035 0.000 0.000
2.801 2.742 2.715 2.709 2.702 2.661 2.606 2.567 2.543 2.529 2.487 2.452 2.409 2.357 2.327 2.289 2.253 2.234 2.198 2.183 2.166 2.157 2.141 2.098 2.081 2.079 2.082 2.061 2.005 1.936 1.884 1.852 1.835 1.817 1.800 1.769 1.756 1.743 1.742 1.734 1.745 1.748 1.738 1.710 1.664 1.597 1.552 1.532 0.622 0.703 0.645 0.661 0.520 0.566 0.609 0.605 0.689 0.471 0.433 0.438 0.359 0.434 0.328 0.436 0.518 0.184 0.269 0.159 0.108 0.000 0.000 0.000 0.131 0.000 0.186 0.000 0.000
2.805 2.761 2.722 2.711 2.699 2.661 2.602 2.566 2.545 2.535 2.525 2.481 2.422 2.378 2.345 2.306 2.270 2.251 2.231 2.203 2.174 2.161 2.132 2.111 2.080 2.072 2.061 2.039 1.992 1.919 1.863 1.830 1.827 1.819 1.804 1.774 1.758 1.740 1.728 1.727 1.732 1.724 1.718 1.698 1.659 1.617 1.579 1.560 1.549 0.651 0.722 0.670 0.472 0.699 0.565 0.507 0.587 0.571 0.516 0.411 0.461 0.520 0.425 0.333 0.376 0.363 0.211 0.034 0.199 0.189 0.000 0.000 0.000 0.000 0.147 0.192 0.000
2.846 2.774 2.738 2.719 2.699 2.657 2.618 2.566 2.545 2.541 2.534 2.497 2.438 2.390 2.357 2.336 2.294 2.276 2.255 2.219 2.201 2.167 2.131 2.112 2.079 2.057 2.042 2.017 1.977 1.909 1.858 1.827 1.823 1.823 1.799 1.764 1.741 1.732 1.726 1.724 1.730 1.717 1.713 1.700 1.675 1.636 1.607 1.581 1.562 0.633 0.717 0.789 0.637 0.553 0.608 0.576 0.585 0.603 0.552 0.567 0.487 0.398 0.424 0.324 0.290 0.375 0.297 0.160 0.103 0.119 0.040 0.012 0.002 0.000 0.000 0.000 0.004
2.876 2.814 2.759 2.732 2.706 2.675 2.616 2.571 2.549 2.538 2.529 2.501 2.433 2.386 2.351 2.332 2.317 2.293 2.258 2.233 2.213 2.175 2.142 2.124 2.101 2.062 2.029 2.004 1.971 1.918 1.871 1.841 1.831 1.822 1.791 1.749 1.719 1.709 1.715 1.720 1.725 1.730 1.730 1.722 1.688 1.659 1.619 1.594 1.570 1.554 0.636 0.586 0.637 0.547 0.524 0.578 0.550 0.503 0.585 0.698 0.481 0.408 0.346 0.441 0.377 0.320 0.344 0.320 0.219 0.184 0.044 0.000 0.000 0.000 0.000 0.080 0.005
2.905 2.840 2.802 2.746 2.717 2.687 2.629 2.584 2.549 2.535 2.520 2.484 2.441 2.378 2.342 2.325 2.323 2.309 2.276 2.245 2.224 2.191 2.175 2.139 2.109 2.066 2.024 2.001 1.975 1.929 1.890 1.857 1.840 1.822 1.784 1.739 1.708 1.698 1.709 1.726 1.729 1.748 1.764 1.756 1.724 1.668 1.618 1.588 1.567 0.674 0.645 0.578 0.675 0.537 0.503 0.489 0.542 0.604 0.463 0.585 0.432 0.390 0.360 0.240 0.354 0.368 0.361 0.388 0.301 0.189 0.004 0.008 0.025 0.013 0.006 0.185 0.005
2.911 2.861 2.818 2.760 2.732 2.704 2.662 2.615 2.564 2.543 2.521 2.492 2.440 2.379 2.342 2.324 2.322 2.312 2.285 2.242 2.223 2.214 2.197 2.158 2.106 2.064 2.033 2.002 1.975 1.943 1.905 1.877 1.847 1.824 1.786 1.744 1.720 1.709 1.717 1.730 1.742 1.762 1.792 1.792 1.744 1.679 1.621 1.586 0.683 0.597 0.701 0.566 0.578 0.575 0.597 0.484 0.491 0.517 0.534 0.440 0.538 0.458 0.597 0.506 0.230 0.417 0.341 0.438 0.368 0.327 0.110 0.016 0.000 0.005 0.067 0.000 0.000
2.934 2.879 2.828 2.793 2.748 2.726 2.681 2.632 2.602 2.556 2.530 2.501 2.464 2.391 2.358 2.336 2.329 2.309 2.284 2.241 2.225 2.223 2.218 2.184 2.116 2.057 2.018 2.005 1.987 1.952 1.914 1.878 1.853 1.828 1.791 1.763 1.733 1.726 1.729 1.735 1.743 1.761 1.791 1.789 1.741 1.676 1.612 1.577 0.686 0.638 0.680 0.562 0.562 0.565 0.449 0.566 0.391 0.444 0.398 0.463 0.314 0.435 0.479 0.618 0.319 0.335 0.356 0.289 0.217 0.465 0.224 0.010 0.000 0.000 0.000 0.020 0.000
2.933 2.872 2.824 2.790 2.771 2.728 2.705 2.656 2.623 2.594 2.547 2.519 2.487 2.425 2.379 2.356 2.340 2.309 2.284 2.242 2.226 2.224 2.220 2.183 2.119 2.046 2.010 2.003 1.998 1.963 1.913 1.873 1.849 1.830 1.797 1.780 1.753 1.734 1.733 1.736 1.732 1.740 1.755 1.748 1.709 1.657 1.602 0.689 0.573 0.521 0.597 0.528 0.507 0.516 0.534 0.547 0.491 0.601 0.362 0.386 0.443 0.351 0.297 0.376 0.455 0.393 0.357 0.234 0.093 0.140 0.129 0.063 0.051 0.001 0.000 0.000 0.020
2.931 2.861 2.813 2.781 2.767 2.761 2.727 2.677 2.641 2.614 2.581 2.548 2.521 2.466 2.420 2.377 2.354 2.332 2.291 2.247 2.229 2.220 2.209 2.167 2.115 2.047 2.014 2.004 1.994 1.954 1.899 1.849 1.829 1.819 1.808 1.786 1.758 1.741 1.733 1.733 1.719 1.718 1.714 1.701 1.674 1.636 0.746 0.636 0.622 0.635 0.585 0.538 0.553 0.586 0.540 0.460 0.605 0.416 0.478 0.393 0.424 0.316 0.293 0.379 0.334 0.176 0.281 0.221 0.217 0.140 0.254 0.393 0.091 0.055 0.037 0.010 0.006
2.916 2.865 2.805 2.774 2.762 2.762 2.739 2.690 2.653 2.626 2.607 2.592 2.540 2.508 2.453 2.419 2.373 2.348 2.323 2.274 2.237 2.216 2.197 2.155 2.115 2.055 2.024 2.005 1.983 1.933 1.870 1.818 1.805 1.807 1.805 1.776 1.759 1.737 1.732 1.725 1.705 1.702 1.682 1.662 1.642 0.673 0.603 0.638 0.648 0.567 0.541 0.627 0.654 0.451 0.604 0.667 0.742 0.487 0.553 0.429 0.510 0.260 0.407 0.529 0.559 0.416 0.272 0.330 0.370 0.051 0.047 0.121 0.205 0.000 0.002 0.000 0.000
2.906 2.862 2.806 2.777 2.764 2.760 2.737 2.705 2.656 2.632 2.621 2.615 2.580 2.530 2.483 2.442 2.410 2.380 2.332 2.299 2.273 2.223 2.196 2.168 2.120 2.065 2.035 2.008 1.974 1.910 1.849 1.797 1.788 1.799 1.801 1.775 1.750 1.735 1.714 1.710 1.694 1.686 1.661 1.639 0.627 0.568 0.676 0.669 0.608 0.609 0.495 0.549 0.461 0.456 0.652 0.500 0.430 0.522 0.444 0.370 0.322 0.238 0.398 0.295 0.293 0.334 0.306 0.274 0.293 0.241 0.144 0.011 0.122 0.000 0.000 0.028 0.000
2.921 2.862 2.818 2.783 2.769 2.759 2.729 2.700 2.669 2.634 2.628 2.630 2.615 2.569 2.507 2.461 2.428 2.404 2.363 2.326 2.284 2.254 2.205 2.176 2.147 2.079 2.050 2.018 1.979 1.917 1.854 1.805 1.795 1.802 1.799 1.770 1.737 1.716 1.704 1.703 1.689 1.675 1.639 0.697 0.614 0.612 0.700 0.666 0.509 0.623 0.622 0.621 0.476 0.389 0.356 0.649 0.533 0.442 0.443 0.420 0.337 0.229 0.263 0.368 0.352 0.192 0.127 0.130 0.215 0.271 0.277 0.217 0.263 0.169 0.028 0.003 0.000
2.928 2.863 2.833 2.795 2.776 2.753 2.723 2.697 2.668 2.635 2.630 2.633 2.621 2.578 2.513 2.466 2.433 2.414 2.396 2.356 2.312 2.273 2.237 2.187 2.162 2.116 2.090 2.041 1.983 1.935 1.886 1.836 1.818 1.814 1.802 1.766 1.726 1.703 1.699 1.698 1.687 1.654 1.624 1.605 0.556 0.533 0.585 0.538 0.494 0.511 0.471 0.397 0.489 0.498 0.371 0.318 0.437 0.391 0.383 0.511 0.339 0.243 0.430 0.427 0.581 0.243 0.260 0.361 0.161 0.109 0.123 0.257 0.190 0.137 0.012 0.054 0.003
2.934 2.890 2.864 2.802 2.776 2.756 2.735 2.697 2.671 2.640 2.628 2.623 2.610 2.567 2.520 2.462 2.432 2.415 2.411 2.386 2.337 2.289 2.245 2.212 2.174 2.142 2.120 2.073 2.018 1.962 1.909 1.877 1.845 1.830 1.811 1.771 1.731 1.709 1.700 1.696 1.681 1.643 1.611 1.591 0.654 0.542 0.574 0.629 0.558 0.569 0.672 0.471 0.475 0.525 0.462 0.377 0.438 0.481 0.515 0.511 0.292 0.404 0.385 0.155 0.215 0.302 0.264 0.191 0.159 0.197 0.000 0.161 0.073 0.047 0.153 0.097 0.082
2.943 2.907 2.881 2.831 2.806 2.762 2.740 2.717 2.673 2.647 2.622 2.611 2.595 2.550 2.511 2.470 2.430 2.418 2.417 2.401 2.359 2.296 2.248 2.212 2.186 2.172 2.147 2.098 2.046 1.997 1.937 1.906 1.869 1.850 1.814 1.785 1.755 1.718 1.708 1.699 1.675 1.636 1.604 1.586 0.644 0.464 0.638 0.560 0.605 0.499 0.610 0.435 0.512 0.516 0.354 0.481 0.414 0.337 0.310 0.458 0.359 0.450 0.432 0.267 0.163 0.234 0.255 0.162 0.256 0.336 0.263 0.045 0.043 0.166 0.079 0.000 0.043
2.964 2.934 2.896 2.845 2.805 2.779 2.756 2.734 2.677 2.656 2.619 2.602 2.578 2.539 2.506 2.457 2.432 2.419 2.411 2.394 2.356 2.307 2.241 2.205 2.187 2.185 2.171 2.124 2.066 2.016 1.977 1.929 1.897 1.867 1.842 1.808 1.780 1.731 1.715 1.700 1.679 1.631 1.606 1.590 0.555 0.641 0.589 0.582 0.552 0.429 0.491 0.593 0.460 0.429 0.479 0.393 0.504 0.424 0.422 0.455 0.346 0.363 0.360 0.237 0.127 0.214 0.181 0.235 0.126 0.163 0.261 0.094 0.091 0.005 0.065 0.006 0.150
2.968 2.947 2.902 2.854 2.818 2.784 2.763 2.744 2.698 2.678 2.637 2.603 2.575 2.549 2.521 2.461 2.438 2.416 2.396 2.378 2.345 2.303 2.258 2.207 2.189 2.184 2.171 2.135 2.075 2.025 1.989 1.951 1.931 1.891 1.862 1.830 1.799 1.755 1.720 1.702 1.673 1.643 1.613 1.597 1.579 0.632 0.497 0.478 0.655 0.521 0.520 0.487 0.576 0.451 0.387 0.409 0.479 0.358 0.313 0.461 0.356 0.000 0.262 0.169 0.354 0.227 0.269 0.090 0.380 0.178 0.020 0.150 0.055 0.002 0.028 0.015 0.000
2.971 2.954 2.909 2.868 2.817 2.789 2.771 2.754 2.713 2.691 2.646 2.611 2.586 2.561 2.519 2.472 2.450 2.419 2.386 2.366 2.337 2.302 2.264 2.217 2.189 2.171 2.156 2.124 2.081 2.020 1.985 1.965 1.950 1.927 1.887 1.847 1.811 1.763 1.740 1.696 1.679 1.650 1.630 1.605 1.579 0.601 0.582 0.623 0.547 0.552 0.546 0.454 0.408 0.423 0.492 0.406 0.436 0.276 0.362 0.416 0.260 0.419 0.484 0.445 0.000 0.238 0.032 0.179 0.278 0.216 0.027 0.003 0.089 0.051 0.070 0.000 0.048
2.966 2.949 2.904 2.861 2.821 2.782 2.767 2.759 2.737 2.704 2.655 2.616 2.589 2.565 2.527 2.494 2.474 2.424 2.404 2.362 2.336 2.306 2.256 2.228 2.195 2.162 2.142 2.113 2.074 2.016 1.982 1.963 1.959 1.946 1.902 1.855 1.807 1.763 1.739 1.713 1.681 1.664 1.645 1.613 1.584 0.641 0.634 0.571 0.588 0.485 0.476 0.522 0.409 0.495 0.348 0.325 0.279 0.345 0.351 0.267 0.332 0.495 0.350 0.282 0.303 0.425 0.270 0.205 0.000 0.173 0.243 0.230 0.326 0.000 0.092 0.000 0.000
2.957 2.938 2.892 2.851 2.811 2.774 2.764 2.762 2.747 2.708 2.670 2.622 2.594 2.568 2.534 2.508 2.487 2.446 2.423 2.392 2.346 2.319 2.271 2.244 2.203 2.160 2.137 2.108 2.073 2.033 1.984 1.961 1.959 1.947 1.912 1.851 1.793 1.751 1.727 1.717 1.698 1.672 1.654 1.625 1.598 0.747 0.728 0.586 0.638 0.505 0.524 0.376 0.373 0.458 0.449 0.416 0.270 0.364 0.371 0.325 0.377 0.515 0.401 0.398 0.372 0.193 0.335 0.263 0.000 0.264 0.111 0.294 0.043 0.162 0.076 0.264 0.007
