includes/estuary_coast/floodfiles/results/res-0004.wd
ncols         730
nrows         472
xllcorner     380617.130607
yllcorner     6542069.774949
cellsize      20.000000
NODATA_value  -9999.000000
[rows 374 to 407 of 472, columns 0 to 76 of 730]
4.449 4.441 4.424 4.423 4.393 4.391 4.385 4.368 4.348 4.317 4.278 4.240 4.191 4.178 4.177 4.171 4.141 4.090 4.030 3.942 3.898 3.870 3.847 3.830 3.777 3.736 3.665 3.624 3.563 3.532 3.499 3.407 3.369 3.330 3.296 3.258 3.208 3.179 3.140 3.089 3.017 2.957 2.915 2.894 2.896 2.902 2.903 2.891 2.872 2.866 2.862 2.860 2.857 2.850 2.849 2.846 2.854 2.856 2.857 2.857 2.851 2.850 2.850 2.851 2.856 2.857 2.858 2.861 2.873 2.881 2.907 2.933 2.947 2.939 2.920 2.902 2.902
4.403 4.395 4.392 4.368 4.363 4.359 4.333 4.323 4.304 4.279 4.250 4.209 4.177 4.169 4.157 4.148 4.115 4.063 3.981 3.924 3.868 3.850 3.844 3.822 3.784 3.727 3.649 3.577 3.534 3.501 3.474 3.398 3.364 3.328 3.293 3.232 3.191 3.160 3.124 3.062 3.019 2.971 2.936 2.913 2.911 2.908 2.901 2.893 2.875 2.867 2.862 2.860 2.858 2.858 2.855 2.861 2.865 2.869 2.870 2.868 2.858 2.851 2.844 2.839 2.839 2.838 2.839 2.846 2.858 2.868 2.888 2.908 2.919 2.916 2.906 2.895 2.903
4.374 4.366 4.351 4.343 4.336 4.328 4.296 4.281 4.253 4.244 4.205 4.186 4.144 4.128 4.123 4.093 4.060 4.012 3.959 3.886 3.856 3.846 3.847 3.829 3.782 3.718 3.610 3.549 3.503 3.474 3.455 3.419 3.362 3.324 3.256 3.220 3.179 3.150 3.091 3.059 3.017 2.984 2.953 2.922 2.915 2.910 2.904 2.886 2.876 2.867 2.861 2.859 2.860 2.861 2.863 2.869 2.876 2.883 2.887 2.881 2.869 2.854 2.840 2.831 2.825 2.816 2.816 2.822 2.827 2.844 2.863 2.877 2.887 2.888 2.886 2.888 2.109
4.351 4.334 4.330 4.315 4.301 4.278 4.240 4.220 4.201 4.185 4.169 4.129 4.116 4.105 4.062 4.042 4.012 3.974 3.932 3.875 3.847 3.841 3.836 3.814 3.763 3.693 3.595 3.518 3.469 3.447 3.437 3.406 3.364 3.319 3.244 3.194 3.162 3.135 3.096 3.050 3.023 2.996 2.969 2.933 2.923 2.915 2.908 2.888 2.881 2.871 2.865 2.862 2.862 1.724 1.844 2.876 2.887 2.899 2.904 2.899 2.882 2.858 2.834 2.818 2.800 2.788 2.782 2.790 2.797 2.815 2.833 2.847 2.853 2.858 2.120 2.062 2.049
4.331 4.330 4.327 4.306 4.287 4.240 4.211 4.186 4.166 4.151 4.116 4.102 4.087 4.040 4.022 3.994 3.967 3.936 3.883 3.855 3.832 3.809 3.802 3.762 3.709 3.642 3.565 3.488 3.450 3.436 3.430 3.409 3.367 3.298 3.219 3.172 3.138 3.116 3.092 3.050 3.027 3.003 2.962 2.946 2.933 2.918 2.901 2.895 2.886 2.880 2.871 2.869 2.868 1.968 1.690 1.808 1.879 2.909 2.918 2.912 2.890 2.859 2.825 2.797 2.768 2.747 2.742 2.744 2.763 2.785 2.803 2.817 2.825 2.039 2.105 2.078 1.999
4.328 4.331 4.325 4.302 4.269 4.220 4.184 4.155 4.135 4.124 4.100 4.080 4.059 4.006 3.979 3.935 3.909 3.868 3.850 3.803 3.791 3.770 3.735 3.707 3.662 3.606 3.547 3.474 3.444 3.435 3.430 3.404 3.356 3.274 3.196 3.145 3.111 3.096 3.088 3.055 3.034 2.987 2.965 2.951 2.931 2.923 2.901 2.899 2.895 2.891 2.882 2.875 2.876 2.878 1.717 1.786 1.816 1.969 1.901 1.948 2.032 1.944 1.929 1.936 1.853 1.909 1.938 1.944 2.729 2.756 2.777 2.789 1.979 1.956 2.038 1.932 1.992
4.322 4.323 4.314 4.287 4.239 4.196 4.159 4.117 4.103 4.096 4.073 4.051 4.006 3.947 3.909 3.876 3.851 3.827 3.783 3.769 3.755 3.709 3.681 3.653 3.616 3.573 3.507 3.466 3.443 3.424 3.414 3.384 3.333 3.250 3.183 3.119 3.085 3.075 3.069 3.060 3.032 2.985 2.962 2.941 2.928 2.921 2.900 2.900 2.900 2.899 2.884 2.884 2.885 2.886 1.938 1.938 1.981 2.007 2.041 2.026 2.025 1.985 1.886 1.946 1.849 1.764 1.761 1.879 1.875 1.996 1.922 1.927 1.927 1.953 1.867 1.986 1.897
4.292 4.295 4.284 4.248 4.210 4.173 4.124 4.104 4.097 4.096 4.077 4.039 3.970 3.915 3.867 3.828 3.803 3.773 3.749 3.736 3.718 3.665 3.641 3.603 3.573 3.513 3.485 3.452 3.413 3.402 3.368 3.335 3.286 3.227 3.154 3.103 3.072 3.065 3.066 3.057 3.035 2.979 2.948 2.923 2.908 2.904 2.904 2.898 2.903 2.899 2.894 2.896 2.897 2.892 1.900 2.031 1.938 2.026 1.997 1.939 1.994 2.032 1.933 1.892 1.923 1.917 1.834 1.880 1.971 1.852 1.799 1.942 1.927 1.889 1.800 1.928 1.860
4.250 4.243 4.232 4.209 4.179 4.149 4.109 4.097 4.096 4.094 4.072 4.026 3.947 3.882 3.823 3.780 3.745 3.736 3.709 3.690 3.649 3.592 3.561 3.533 3.498 3.476 3.429 3.413 3.398 3.348 3.328 3.297 3.256 3.208 3.147 3.103 3.077 3.067 3.064 3.052 3.026 2.977 2.929 2.899 2.881 2.882 2.889 2.897 2.909 2.907 2.911 2.915 2.916 2.913 2.014 1.951 1.898 1.937 1.982 2.003 2.023 2.009 1.979 1.949 1.990 1.932 1.985 1.745 1.825 1.825 1.827 1.805 1.825 1.745 1.809 1.749 1.910
4.196 4.198 4.187 4.170 4.149 4.112 4.092 4.086 4.075 4.071 4.044 3.983 3.916 3.847 3.772 3.734 3.717 3.715 3.693 3.668 3.596 3.553 3.514 3.483 3.463 3.414 3.400 3.386 3.339 3.322 3.292 3.264 3.231 3.178 3.144 3.112 3.080 3.071 3.052 3.033 3.003 2.964 2.915 2.877 2.855 2.858 2.877 2.900 2.913 2.914 2.925 2.932 2.933 2.929 2.917 1.910 1.936 1.928 1.982 1.876 2.002 2.022 2.061 1.926 2.004 1.952 1.936 1.863 1.792 1.761 1.803 1.810 1.744 1.879 1.723 1.854 1.811
4.158 4.150 4.145 4.132 4.089 4.086 4.047 4.045 4.041 4.018 3.989 3.942 3.885 3.821 3.751 3.718 3.707 3.704 3.685 3.646 3.568 3.513 3.465 3.432 3.416 3.397 3.373 3.360 3.311 3.290 3.259 3.235 3.188 3.164 3.122 3.101 3.085 3.056 3.042 3.022 2.994 2.957 2.911 2.873 2.851 2.855 2.876 2.901 2.913 2.925 2.941 2.952 2.957 2.946 2.930 1.926 2.072 1.982 1.958 1.966 2.014 1.956 1.980 2.028 1.938 1.993 1.978 1.902 1.796 1.719 1.779 1.797 1.804 1.808 1.784 1.868 1.679
4.095 4.083 4.071 4.065 4.056 4.023 4.016 4.010 3.982 3.967 3.940 3.901 3.855 3.785 3.743 3.717 3.705 3.697 3.670 3.604 3.540 3.473 3.419 3.378 3.368 3.354 3.346 3.310 3.266 3.240 3.215 3.195 3.167 3.133 3.115 3.097 3.063 3.048 3.032 3.013 2.989 2.952 2.919 2.889 2.869 2.871 2.888 2.910 2.922 2.941 2.958 2.974 2.978 2.966 2.946 1.936 1.984 1.952 2.032 2.033 2.025 2.021 1.980 2.043 2.029 1.977 1.949 1.970 1.869 1.739 1.757 1.809 1.748 1.813 1.785 1.765 1.686
4.067 4.050 4.036 4.025 4.023 3.993 3.984 3.974 3.935 3.919 3.894 3.863 3.828 3.768 3.734 3.699 3.690 3.674 3.628 3.576 3.509 3.431 3.380 3.351 3.347 3.344 3.331 3.277 3.243 3.211 3.185 3.166 3.149 3.121 3.106 3.090 3.054 3.039 3.023 3.006 2.976 2.956 2.934 2.907 2.897 2.891 2.902 2.917 2.935 2.946 2.967 2.984 2.989 2.976 2.952 1.988 1.937 1.973 2.031 1.960 2.011 1.983 1.962 2.019 1.901 2.033 1.943 1.985 1.914 2.039 1.760 1.816 1.773 1.823 1.750 1.809 1.808
4.042 4.021 4.005 3.996 3.979 3.969 3.956 3.915 3.896 3.844 3.823 3.798 3.774 3.722 3.701 3.676 3.645 3.623 3.589 3.542 3.487 3.413 3.370 3.347 3.343 3.338 3.319 3.267 3.219 3.182 3.154 3.136 3.130 3.110 3.097 3.059 3.035 3.018 3.003 2.988 2.975 2.953 2.940 2.929 2.911 2.912 2.919 2.929 2.941 2.952 2.965 2.980 2.984 2.972 2.949 2.924 1.972 1.894 1.922 1.948 2.003 2.066 2.009 2.019 1.972 1.926 2.079 1.970 2.010 1.911 1.922 1.829 1.803 1.750 1.757 1.668 1.717
4.019 3.997 3.972 3.967 3.961 3.932 3.911 3.861 3.832 3.805 3.782 3.765 3.718 3.697 3.677 3.629 3.606 3.581 3.549 3.510 3.447 3.407 3.371 3.345 3.339 3.327 3.287 3.246 3.202 3.153 3.128 3.117 3.116 3.104 3.089 3.045 3.023 3.004 2.989 2.979 2.962 2.956 2.950 2.931 2.928 2.929 2.933 2.939 2.940 2.951 2.960 2.967 2.968 2.956 2.938 2.916 2.892 1.887 1.913 1.927 1.952 1.912 2.021 1.951 2.038 2.003 1.986 1.942 1.906 2.005 1.961 1.853 1.767 1.757 1.737 1.857 1.783
3.999 3.972 3.967 3.967 3.954 3.927 3.890 3.836 3.799 3.769 3.748 3.732 3.694 3.674 3.650 3.596 3.569 3.538 3.509 3.478 3.425 3.372 3.349 3.336 3.310 3.291 3.261 3.225 3.183 3.138 3.116 3.109 3.108 3.100 3.081 3.035 3.008 2.986 2.971 2.964 2.964 2.955 2.954 2.940 2.941 2.939 2.941 2.945 2.944 2.947 2.952 2.957 2.948 2.940 2.927 2.910 2.891 2.868 2.856 2.014 1.932 2.036 1.975 2.086 2.016 1.896 1.902 1.967 1.957 1.960 2.027 1.827 1.819 1.834 1.826 1.818 1.768
3.971 3.964 3.965 3.966 3.951 3.916 3.856 3.811 3.769 3.737 3.705 3.693 3.678 3.656 3.594 3.533 3.498 3.466 3.437 3.414 3.370 3.351 3.335 3.292 3.278 3.258 3.232 3.202 3.158 3.132 3.116 3.108 3.105 3.093 3.059 3.029 2.992 2.966 2.950 2.946 2.945 2.950 2.943 2.945 2.948 2.951 1.955 1.942 2.037 1.919 2.948 2.944 2.936 2.930 2.919 2.906 2.886 2.871 2.860 2.855 2.065 1.947 1.964 2.009 2.013 1.970 1.972 1.880 1.941 1.923 1.916 1.991 1.824 1.868 1.869 1.781 1.871
3.950 3.951 3.945 3.945 3.928 3.879 3.830 3.781 3.728 3.704 3.695 3.689 3.660 3.620 3.551 3.500 3.455 3.420 3.396 3.377 3.340 3.325 3.308 3.265 3.242 3.223 3.201 3.180 3.143 3.125 3.106 3.102 3.095 3.068 3.042 3.015 2.976 2.949 2.932 2.930 2.937 2.947 2.945 2.951 2.958 2.964 2.966 1.967 2.011 1.971 2.036 2.023 1.872 1.985 2.916 2.902 2.890 2.876 2.866 2.861 2.858 2.094 2.109 1.966 2.040 2.061 2.024 2.023 1.978 1.925 1.908 1.887 1.894 1.799 1.812 1.926 1.688
3.902 3.906 3.912 3.894 3.875 3.841 3.799 3.758 3.712 3.696 3.694 3.689 3.660 3.609 3.526 3.464 3.409 3.370 3.349 3.329 3.311 3.297 3.247 3.229 3.181 3.155 3.139 3.127 3.100 3.095 3.092 3.073 3.064 3.048 3.027 3.001 2.969 2.944 2.928 2.927 2.935 2.946 2.948 2.957 2.968 2.978 2.982 1.997 2.000 2.060 1.995 1.945 2.030 1.945 1.881 1.995 2.009 1.970 1.991 2.864 2.062 2.122 2.040 2.112 2.035 2.032 1.992 1.978 2.007 1.921 2.010 1.903 1.888 1.812 1.774 1.793 1.798
3.866 3.868 3.847 3.843 3.826 3.799 3.768 3.738 3.700 3.691 3.686 3.678 3.644 3.586 3.497 3.426 3.363 3.313 3.298 3.296 3.272 3.249 3.196 3.165 3.137 3.116 3.099 3.075 3.073 3.072 3.055 3.049 3.041 3.029 3.013 2.993 2.968 2.950 2.935 2.933 2.939 2.941 2.951 2.964 2.978 2.993 2.999 2.994 2.026 2.098 2.117 2.039 2.001 1.994 1.999 2.001 1.987 2.012 2.017 2.003 2.010 2.014 2.026 2.025 2.083 2.086 2.039 2.116 2.123 2.046 2.030 1.968 1.964 1.918 1.873 1.849 1.780
3.828 3.828 3.800 3.791 3.779 3.759 3.737 3.697 3.683 3.658 3.657 3.643 3.594 3.535 3.465 3.392 3.320 3.284 3.275 3.273 3.260 3.220 3.167 3.124 3.087 3.063 3.055 3.037 3.043 3.046 3.031 3.029 3.020 3.011 3.000 2.977 2.952 2.947 2.943 2.935 2.937 2.943 2.952 2.966 2.982 3.001 3.010 3.002 2.015 2.031 1.987 2.059 1.987 2.016 1.992 2.039 2.050 1.918 1.992 1.900 1.922 1.880 1.944 1.919 1.944 1.924 1.904 2.009 1.958 1.999 1.963 1.962 1.949 1.874 1.877 1.852 1.858
3.793 3.767 3.758 3.745 3.731 3.688 3.674 3.641 3.634 3.629 3.600 3.582 3.546 3.496 3.437 3.360 3.309 3.279 3.272 3.269 3.249 3.192 3.136 3.079 3.031 2.997 2.994 3.002 3.013 3.001 2.993 2.991 2.987 2.978 2.972 2.955 2.949 2.944 2.937 2.936 2.938 2.942 2.951 2.962 2.979 2.997 3.005 2.997 2.015 2.025 2.018 1.982 2.111 2.062 2.008 2.015 1.985 1.946 1.900 1.919 1.963 1.899 1.934 1.990 1.922 1.884 1.904 1.864 1.832 1.880 1.925 1.864 1.980 1.848 1.830 1.809 1.784
3.743 3.710 3.692 3.674 3.658 3.645 3.639 3.608 3.600 3.564 3.552 3.532 3.501 3.461 3.415 3.350 3.311 3.278 3.270 3.259 3.218 3.169 3.106 3.032 2.975 2.945 2.949 2.963 2.982 2.974 2.976 2.973 2.968 2.965 2.960 2.946 2.943 2.940 2.929 2.933 2.934 2.938 2.945 2.952 2.967 2.978 2.984 2.978 1.965 2.048 1.970 1.973 1.971 2.027 2.027 1.992 1.906 1.910 1.945 1.992 1.897 1.921 1.975 1.959 1.773 1.871 1.869 1.902 1.863 1.864 1.888 1.859 1.839 1.811 1.771 1.811 1.928
3.723 3.685 3.660 3.636 3.618 3.607 3.584 3.577 3.567 3.526 3.509 3.487 3.461 3.430 3.377 3.317 3.292 3.274 3.246 3.226 3.192 3.143 3.082 3.006 2.950 2.920 2.925 2.948 2.968 2.962 2.962 2.957 2.952 2.950 2.946 2.938 2.936 2.925 2.923 2.922 2.923 2.925 2.934 2.935 2.945 2.956 2.955 1.982 2.009 2.028 2.013 2.004 2.055 1.986 2.082 2.076 2.013 1.978 2.089 1.915 1.870 1.909 1.861 1.817 1.802 1.902 1.782 1.829 1.802 1.823 1.766 1.803 1.779 1.792 1.804 1.754 1.834
3.694 3.661 3.630 3.602 3.583 3.561 3.555 3.552 3.539 3.494 3.442 3.419 3.395 3.372 3.326 3.302 3.280 3.240 3.222 3.198 3.165 3.122 3.070 3.003 2.956 2.928 2.932 2.948 2.963 2.958 2.951 2.945 2.937 2.935 2.936 2.932 2.925 2.914 2.911 2.909 2.909 2.915 2.915 2.920 2.927 2.927 2.930 1.892 1.932 1.927 2.032 2.075 2.021 2.018 2.171 2.039 1.933 1.947 1.907 1.868 1.899 1.845 1.776 1.888 1.914 1.807 1.900 1.833 1.761 1.749 1.742 1.853 1.767 1.823 1.778 1.706 1.765
3.673 3.638 3.603 3.566 3.553 3.549 3.544 3.517 3.483 3.440 3.410 3.384 3.363 3.346 3.306 3.285 3.263 3.217 3.195 3.170 3.140 3.105 3.051 3.011 2.968 2.951 2.949 2.945 2.948 2.952 2.947 2.935 2.931 2.930 2.928 2.926 2.920 2.908 2.046 2.900 2.899 2.900 2.903 2.906 2.910 2.906 2.906 2.019 2.029 1.952 1.943 1.954 2.064 2.110 2.018 2.015 2.039 2.014 1.999 1.952 1.884 1.843 1.861 1.899 1.850 1.887 1.764 1.737 1.745 1.898 1.701 1.757 1.769 1.763 1.709 1.747 1.617
3.645 3.615 3.585 3.554 3.547 3.547 3.535 3.508 3.453 3.415 3.379 3.352 3.334 3.306 3.290 3.269 3.220 3.194 3.167 3.141 3.092 3.067 3.024 3.000 2.979 2.953 2.948 2.946 2.945 2.942 2.936 2.932 2.930 2.929 2.927 2.923 2.911 2.902 2.030 1.932 2.888 2.888 2.889 2.894 2.892 2.891 2.889 2.035 1.989 1.987 2.022 1.984 1.970 2.010 1.934 1.891 1.952 2.073 2.064 1.950 2.003 1.850 1.930 1.854 1.822 1.767 1.808 1.798 1.787 1.820 1.701 1.778 1.681 1.716 1.761 1.615 1.651
3.615 3.591 3.560 3.548 3.545 3.540 3.524 3.492 3.433 3.388 3.352 3.316 3.305 3.297 3.281 3.239 3.183 3.147 3.115 3.088 3.066 3.048 3.014 2.997 2.964 2.953 2.947 2.942 2.938 2.935 2.926 2.929 2.925 2.926 2.923 2.918 2.905 1.932 1.970 1.979 1.859 1.908 2.884 2.887 2.880 2.876 2.870 2.864 2.072 2.009 2.083 2.046 2.021 1.942 1.974 1.971 2.018 2.070 1.985 2.017 1.964 1.962 1.954 1.818 1.852 1.784 1.761 1.730 1.746 1.773 1.741 1.745 1.784 1.670 1.626 1.684 1.644
3.584 3.567 3.536 3.520 3.520 3.516 3.497 3.450 3.407 3.365 3.322 3.305 3.300 3.296 3.269 3.230 3.166 3.121 3.083 3.055 3.037 3.011 3.000 2.988 2.957 2.946 2.937 2.931 2.927 2.918 2.910 2.914 2.917 2.917 2.911 2.906 2.900 2.023 2.002 1.987 1.968 2.025 1.991 2.066 2.871 2.861 2.850 2.841 2.839 1.960 2.018 1.892 1.996 1.932 2.015 1.956 2.040 2.035 1.946 1.938 1.899 1.885 1.901 1.891 1.783 1.831 1.814 1.764 1.645 1.688 1.692 1.657 1.592 1.680 1.646 1.621 1.603
3.548 3.510 3.484 3.485 3.487 3.463 3.444 3.414 3.380 3.346 3.311 3.301 3.300 3.292 3.263 3.202 3.145 3.092 3.047 3.018 2.999 2.991 2.986 2.976 2.945 2.923 2.912 2.905 2.902 2.893 2.897 2.901 2.895 2.901 2.900 2.896 2.893 2.889 2.038 1.948 1.809 2.008 2.070 1.970 1.900 2.848 2.832 2.820 2.817 1.873 1.880 2.056 1.962 1.953 2.037 2.012 1.957 1.824 1.970 1.934 1.915 1.921 1.863 1.925 1.939 1.859 1.803 1.817 1.863 1.682 1.746 1.674 1.683 1.572 1.606 1.706 1.625
3.478 3.472 3.446 3.446 3.422 3.417 3.400 3.377 3.352 3.328 3.302 3.284 3.286 3.274 3.241 3.179 3.120 3.062 3.009 2.982 2.975 2.978 2.969 2.946 2.923 2.905 2.890 2.881 2.880 2.874 2.880 2.886 2.880 2.882 2.888 2.886 2.885 2.883 1.982 1.884 1.664 1.853 1.983 1.936 1.967 1.786 1.880 2.801 2.797 2.807 1.809 1.841 2.143 1.811 1.917 1.894 1.839 1.933 1.844 1.903 1.860 1.936 1.869 1.849 1.833 1.841 1.812 1.816 1.706 1.737 1.676 1.662 1.667 1.639 1.601 1.671 1.635
3.428 3.419 3.407 3.406 3.379 3.369 3.358 3.340 3.322 3.307 3.281 3.260 3.255 3.228 3.195 3.148 3.096 3.041 2.992 2.967 2.964 2.967 2.962 2.932 2.907 2.882 2.861 2.850 2.846 2.852 2.862 2.860 2.865 2.868 2.875 2.873 2.874 2.875 2.877 2.022 2.010 1.974 2.021 1.899 1.988 1.947 1.802 1.809 2.792 1.956 1.901 1.752 1.805 2.160 2.019 1.923 1.888 1.866 1.922 1.881 1.891 1.893 1.855 1.838 1.793 1.857 1.885 1.790 1.797 1.720 1.674 1.667 1.575 1.594 1.663 1.646 1.626
3.367 3.365 3.361 3.349 3.340 3.328 3.296 3.282 3.263 3.236 3.232 3.228 3.201 3.184 3.155 3.118 3.075 3.026 2.990 2.970 2.965 2.963 2.955 2.921 2.890 2.856 2.826 2.812 2.817 2.829 2.844 2.846 2.852 2.854 2.855 2.862 2.864 2.868 2.871 1.986 1.961 1.983 1.962 2.018 1.989 1.998 1.915 1.847 1.742 1.724 1.929 1.953 1.921 1.854 1.876 1.883 2.011 1.869 1.828 1.859 1.846 1.886 1.915 1.795 1.884 1.852 1.726 1.772 1.726 1.725 1.644 1.704 1.644 1.639 1.544 1.567 1.508
3.336 3.338 3.337 3.300 3.283 3.264 3.245 3.231 3.226 3.202 3.198 3.170 3.160 3.144 3.120 3.091 3.059 3.022 2.998 2.973 2.966 2.959 2.934 2.909 2.875 2.833 2.800 2.785 2.793 2.813 2.833 2.838 2.843 2.843 2.842 2.843 2.852 2.859 2.865 1.940 1.808 2.010 1.979 1.901 1.947 2.020 2.025 1.925 1.949 1.793 1.739 1.758 2.044 1.823 1.648 1.876 1.861 2.022 1.871 1.844 1.783 1.749 1.837 1.805 1.812 1.731 1.759 1.773 1.770 1.661 1.770 1.644 1.660 1.594 1.513 1.581 1.585
