includes/estuary_coast/floodfiles/results/res-0011.wdfp
ncols         730
nrows         472
xllcorner     380617.130607
yllcorner     6542069.774949
cellsize      20.000000
NODATA_value  -9999.000000
[rows 272 to 305 of 472, columns 77 to 153 of 730]
0.082 0.069 0.065 0.005 0.008 0.037 0.010 0.010 0.025 0.000 0.076 0.108 0.123 0.025 0.076 0.035 0.029 0.053 0.000 0.034 0.095 0.129 0.052 0.156 0.142 0.104 0.011 0.051 0.007 0.008 0.000 0.000 0.002 0.002 0.004 0.009 0.004 0.007 0.000 0.094 0.000 0.000 0.014 0.000 0.000 0.049 0.002 0.000 0.001 0.004 0.000 0.000 0.007 0.093 0.039 0.077 0.010 0.000 0.000 0.000 0.000 0.000 0.000 0.000 0.000 0.000 0.000 0.000 0.000 0.000 0.000 0.000 0.000 0.000 0.000 0.000 0.000
0.025 0.069 0.036 0.100 0.083 0.114 0.121 0.019 0.029 0.044 0.037 0.092 0.037 0.065 0.028 0.001 0.001 0.146 0.104 0.012 0.036 0.060 0.138 0.172 0.192 0.193 0.088 0.040 0.037 0.052 0.053 0.032 0.002 0.002 0.003 0.003 0.011 0.000 0.001 0.001 0.101 0.002 0.004 0.062 0.020 0.000 0.005 0.081 0.001 0.004 0.000 0.000 0.010 0.000 0.014 0.000 0.130 0.045 0.000 0.000 0.000 0.000 0.000 0.000 0.000 0.000 0.000 0.000 0.000 0.000 0.000 0.000 0.000 0.000 0.000 0.000 0.000
0.000 0.000 0.037 0.055 0.015 0.054 0.192 0.032 0.019 0.001 0.078 0.089 0.118 0.000 0.076 0.042 0.005 0.000 0.018 0.048 0.069 0.049 0.123 0.159 0.344 0.190 0.057 0.062 0.021 0.000 0.020 0.029 0.002 0.002 0.006 0.001 0.000 0.001 0.009 0.006 0.005 0.070 0.055 0.000 0.025 0.004 0.036 0.004 0.003 0.003 0.017 0.004 0.004 0.001 0.001 0.000 0.065 0.045 0.001 0.000 0.000 0.000 0.000 0.000 0.000 0.000 0.000 0.000 0.000 0.000 0.000 0.000 0.000 0.000 0.000 0.000 0.000
0.075 0.054 0.080 0.064 0.000 0.000 0.016 0.015 0.008 0.000 0.016 0.000 0.030 0.020 0.008 0.000 0.000 0.000 0.051 0.044 0.048 0.165 0.275 0.000 0.014 0.043 0.065 0.266 0.069 0.022 0.000 0.022 0.064 0.009 0.002 0.004 0.000 0.002 0.005 0.000 0.005 0.003 0.051 0.049 0.000 0.000 0.015 0.022 0.003 0.000 0.012 0.005 0.002 0.001 0.039 0.000 0.000 0.000 0.000 0.000 0.000 0.000 0.000 0.000 0.000 0.000 0.000 0.000 0.000 0.000 0.000 0.000 0.000 0.000 0.000 0.000 0.000
0.009 0.063 0.006 0.044 0.039 0.107 0.094 0.140 0.143 0.035 0.015 0.024 0.000 0.023 0.076 0.008 0.020 0.069 0.054 0.067 0.155 0.068 0.003 0.003 0.033 0.030 0.021 0.077 0.133 0.146 0.140 0.087 0.078 0.040 0.072 0.004 0.004 0.048 0.013 0.001 0.003 0.000 0.122 0.000 0.002 0.000 0.000 0.006 0.000 0.000 0.013 0.000 0.007 0.001 0.000 0.000 0.000 0.000 0.000 0.000 0.000 0.000 0.000 0.000 0.000 0.000 0.000 0.000 0.000 0.000 0.000 0.000 0.000 0.000 0.000 0.000 0.000
0.015 0.007 0.084 0.016 0.031 0.000 0.087 0.113 0.011 0.080 0.017 0.024 0.105 0.044 0.034 0.071 0.148 0.055 0.083 0.267 0.026 0.000 0.000 0.112 0.094 0.006 0.005 0.003 0.143 0.079 0.066 0.098 0.037 0.011 0.150 0.162 0.005 0.001 0.001 0.003 0.004 0.002 0.002 0.004 0.004 0.028 0.004 0.004 0.003 0.007 0.015 0.000 0.005 0.001 0.000 0.000 0.001 0.000 0.000 0.000 0.000 0.000 0.000 0.000 0.000 0.000 0.000 0.000 0.000 0.000 0.000 0.000 0.000 0.000 0.000 0.000 0.000
0.020 0.115 0.012 0.026 0.043 0.018 0.000 0.140 0.117 0.262 0.032 0.000 0.000 0.036 0.016 0.059 0.049 0.173 0.003 0.000 0.000 0.000 0.149 0.010 0.008 0.000 0.051 0.088 0.047 0.082 0.076 0.008 0.107 0.208 0.226 0.106 0.029 0.083 0.003 0.003 0.002 0.002 0.000 0.006 0.004 0.004 0.024 0.024 0.002 0.008 0.000 0.006 0.009 0.000 0.001 0.001 0.000 0.000 0.013 0.003 0.048 0.029 0.000 0.000 0.000 0.000 0.000 0.000 0.000 0.000 0.000 0.000 0.000 0.000 0.000 0.000 0.000
0.070 0.040 0.008 0.014 0.000 0.003 0.000 0.246 0.182 0.050 0.308 0.086 0.000 0.050 0.002 0.156 0.128 0.312 0.006 0.001 0.000 0.000 0.000 0.000 0.058 0.090 0.018 0.077 0.095 0.025 0.072 0.008 0.042 0.034 0.081 0.058 0.126 0.028 0.000 0.006 0.009 0.000 0.011 0.006 0.003 0.048 0.000 0.000 0.059 0.007 0.005 0.005 0.000 0.000 0.000 0.000 0.000 0.000 0.000 0.004 0.000 0.058 0.000 0.000 0.000 0.000 0.000 0.000 0.000 0.000 0.000 0.000 0.000 0.000 0.000 0.000 0.000
0.138 0.079 0.046 0.010 0.017 0.132 0.112 0.106 0.019 0.013 0.103 0.017 0.130 0.087 0.000 0.102 0.000 0.071 0.000 0.002 0.002 0.001 0.047 0.003 0.003 0.122 0.118 0.000 0.040 0.017 0.010 0.000 0.000 0.000 0.003 0.059 0.043 0.038 0.006 0.008 0.000 0.032 0.008 0.000 0.003 0.000 0.008 0.003 0.002 0.013 0.000 0.000 0.000 0.000 0.000 0.000 0.030 0.086 0.012 0.005 0.000 0.003 0.000 0.038 0.000 0.000 0.000 0.000 0.007 0.000 0.000 0.000 0.000 0.000 0.000 0.000 0.000
0.013 0.071 0.020 0.048 0.047 0.061 0.040 0.024 0.123 0.026 0.074 0.095 0.228 0.142 0.060 0.120 0.249 0.000 0.000 0.071 0.000 0.000 0.040 0.007 0.019 0.016 0.000 0.023 0.016 0.013 0.149 0.022 0.198 0.045 0.012 0.021 0.081 0.088 0.051 0.006 0.008 0.007 0.039 0.007 0.034 0.007 0.009 0.035 0.006 0.014 0.000 0.000 0.001 0.000 0.005 0.016 0.005 0.000 0.000 0.000 0.000 0.021 0.000 0.036 0.032 0.000 0.000 0.042 0.000 0.000 0.000 0.000 0.000 0.000 0.000 0.000 0.000
0.149 0.062 0.136 0.116 0.061 0.158 0.096 0.216 0.060 0.113 0.114 0.119 0.071 0.226 0.130 0.000 0.061 0.047 0.077 0.020 0.019 0.010 0.013 0.088 0.178 0.000 0.000 0.004 0.076 0.054 0.101 0.004 0.104 0.000 0.021 0.056 0.143 0.132 0.069 0.084 0.014 0.008 0.003 0.003 0.001 0.045 0.004 0.003 0.062 0.000 0.001 0.000 0.000 0.003 0.003 0.001 0.004 0.000 0.000 0.040 0.012 0.000 0.000 0.047 0.003 0.062 0.000 0.000 0.077 0.000 0.000 0.007 0.000 0.000 0.000 0.000 0.000
0.132 0.049 0.125 0.398 0.173 0.028 0.028 0.100 0.112 0.071 0.014 0.110 0.146 0.183 0.108 0.092 0.018 0.004 0.000 0.000 0.116 0.114 0.022 0.000 0.000 0.000 0.000 0.010 0.000 0.042 0.007 0.130 0.002 0.003 0.009 0.000 0.000 0.055 0.106 0.088 0.036 0.068 0.005 0.027 0.005 0.098 0.015 0.010 0.000 0.000 0.001 0.000 0.000 0.007 0.043 0.001 0.007 0.002 0.000 0.001 0.000 0.083 0.005 0.114 0.000 0.014 0.020 0.004 0.004 0.003 0.032 0.010 0.000 0.000 0.029 0.000 0.000
0.126 0.421 0.078 0.000 0.097 0.010 0.053 0.025 0.000 0.039 0.029 0.043 0.135 0.026 0.041 0.135 0.012 0.004 0.052 0.160 0.281 0.052 0.000 0.039 0.002 0.034 0.002 0.005 0.006 0.001 0.003 0.000 0.096 0.001 0.005 0.017 0.000 0.000 0.006 0.023 0.195 0.024 0.000 0.004 0.085 0.000 0.008 0.073 0.000 0.000 0.002 0.000 0.041 0.046 0.004 0.007 0.012 0.000 0.010 0.003 0.003 0.005 0.037 0.004 0.004 0.037 0.017 0.082 0.000 0.004 0.000 0.003 0.013 0.001 0.000 0.000 0.000
0.004 0.248 0.046 0.018 0.017 0.039 0.078 0.096 0.010 0.017 0.033 0.013 0.000 0.079 0.032 0.073 0.060 0.041 0.015 0.000 0.084 0.035 0.005 0.009 0.001 0.000 0.010 0.006 0.002 0.000 0.006 0.026 0.043 0.054 0.032 0.006 0.060 0.052 0.005 0.001 0.048 0.158 0.006 0.084 0.000 0.040 0.000 0.000 0.021 0.058 0.027 0.011 0.034 0.004 0.000 0.000 0.046 0.035 0.062 0.012 0.050 0.000 0.020 0.007 0.015 0.002 0.000 0.053 0.002 0.034 0.000 0.000 0.045 0.002 0.000 0.000 0.000
0.155 0.018 0.051 0.062 0.040 0.021 0.009 0.050 0.010 0.029 0.003 0.013 0.002 0.000 0.056 0.097 0.170 0.059 0.029 0.005 0.000 0.000 0.042 0.056 0.029 0.008 0.057 0.000 0.003 0.000 0.000 0.031 0.034 0.053 0.053 0.015 0.016 0.000 0.081 0.000 0.000 0.067 0.065 0.011 0.048 0.007 0.002 0.000 0.052 0.004 0.005 0.010 0.002 0.005 0.015 0.018 0.010 0.064 0.000 0.001 0.002 0.018 0.039 0.002 0.036 0.035 0.006 0.029 0.013 0.000 0.000 0.000 0.000 0.000 0.000 0.003 0.020
0.688 0.021 0.034 0.011 0.005 0.016 0.010 0.000 0.026 0.031 0.010 0.007 0.002 0.006 0.122 0.097 0.007 0.181 0.103 0.003 0.017 0.020 0.023 0.020 0.000 0.000 0.000 0.000 0.025 0.001 0.001 0.000 0.032 0.011 0.001 0.000 0.101 0.000 0.007 0.026 0.019 0.060 0.005 0.054 0.013 0.032 0.043 0.039 0.021 0.000 0.000 0.000 0.008 0.006 0.006 0.003 0.002 0.030 0.004 0.010 0.013 0.012 0.008 0.001 0.000 0.024 0.009 0.000 0.052 0.033 0.008 0.012 0.004 0.007 0.002 0.001 0.020
0.681 0.661 0.636 0.626 0.618 0.009 0.008 0.048 0.046 0.004 0.006 0.004 0.008 0.005 0.000 0.049 0.064 0.044 0.114 0.055 0.021 0.015 0.000 0.049 0.046 0.007 0.119 0.030 0.006 0.000 0.000 0.028 0.023 0.009 0.062 0.029 0.036 0.002 0.042 0.000 0.021 0.037 0.006 0.007 0.010 0.000 0.065 0.068 0.000 0.029 0.000 0.013 0.010 0.003 0.000 0.017 0.025 0.000 0.024 0.009 0.009 0.014 0.002 0.019 0.001 0.002 0.076 0.002 0.003 0.000 0.016 0.000 0.000 0.056 0.000 0.000 0.000
0.683 0.668 0.642 0.632 0.623 0.613 0.010 0.018 0.000 0.000 0.007 0.003 0.035 0.029 0.013 0.040 0.000 0.021 0.065 0.151 0.016 0.006 0.032 0.016 0.000 0.139 0.015 0.067 0.000 0.073 0.000 0.061 0.016 0.000 0.000 0.000 0.091 0.026 0.027 0.013 0.003 0.029 0.018 0.016 0.004 0.001 0.073 0.005 0.073 0.000 0.019 0.059 0.000 0.000 0.003 0.002 0.071 0.057 0.036 0.029 0.004 0.000 0.005 0.000 0.005 0.003 0.002 0.005 0.001 0.089 0.010 0.011 0.065 0.010 0.000 0.012 0.007
0.688 0.676 0.651 0.639 0.629 0.616 0.613 0.018 0.027 0.049 0.155 0.043 0.064 0.034 0.048 0.053 0.003 0.064 0.050 0.187 0.210 0.083 0.006 0.009 0.019 0.033 0.129 0.029 0.004 0.006 0.000 0.062 0.025 0.010 0.010 0.004 0.004 0.012 0.019 0.042 0.026 0.006 0.006 0.014 0.086 0.006 0.086 0.066 0.071 0.015 0.081 0.000 0.000 0.037 0.040 0.002 0.000 0.080 0.059 0.057 0.003 0.000 0.106 0.015 0.071 0.017 0.009 0.001 0.003 0.000 0.010 0.001 0.000 0.011 0.069 0.058 0.008
0.693 0.677 0.666 0.649 0.630 0.620 0.602 0.602 0.014 0.003 0.007 0.025 0.018 0.005 0.010 0.035 0.042 0.097 0.100 0.084 0.151 0.083 0.074 0.018 0.094 0.028 0.027 0.099 0.061 0.002 0.081 0.037 0.032 0.006 0.008 0.002 0.002 0.035 0.001 0.029 0.029 0.020 0.021 0.024 0.094 0.082 0.117 0.029 0.059 0.052 0.000 0.093 0.024 0.003 0.000 0.010 0.047 0.025 0.074 0.017 0.012 0.009 0.006 0.083 0.013 0.000 0.057 0.004 0.003 0.056 0.075 0.012 0.008 0.006 0.000 0.036 0.003
0.689 0.684 0.669 0.651 0.627 0.620 0.596 0.589 0.292 0.148 0.034 0.013 0.020 0.019 0.051 0.045 0.106 0.099 0.038 0.017 0.164 0.170 0.170 0.004 0.084 0.126 0.038 0.106 0.141 0.040 0.063 0.004 0.074 0.000 0.010 0.042 0.029 0.034 0.065 0.036 0.044 0.098 0.060 0.034 0.202 0.141 0.028 0.100 0.087 0.095 0.117 0.027 0.013 0.029 0.036 0.022 0.049 0.000 0.047 0.005 0.002 0.007 0.053 0.010 0.060 0.001 0.037 0.039 0.004 0.007 0.004 0.000 0.013 0.000 0.026 0.000 0.055
0.039 0.074 0.190 0.136 0.154 0.089 0.109 0.091 0.259 0.315 0.358 0.193 0.035 0.007 0.055 0.035 0.006 0.008 0.058 0.000 0.078 0.118 0.088 0.137 0.048 0.069 0.026 0.083 0.132 0.037 0.130 0.033 0.045 0.069 0.022 0.038 0.042 0.031 0.037 0.024 0.008 0.008 0.000 0.000 0.027 0.000 0.077 0.077 0.107 0.028 0.082 0.017 0.047 0.044 0.031 0.031 0.004 0.020 0.004 0.151 0.046 0.001 0.024 0.000 0.016 0.028 0.000 0.006 0.011 0.009 0.000 0.011 0.012 0.003 0.000 0.021 0.137
0.020 0.009 0.010 0.010 0.095 0.163 0.109 0.036 0.040 0.183 0.258 0.343 0.407 0.155 0.049 0.020 0.010 0.018 0.007 0.009 0.010 0.100 0.061 0.144 0.060 0.025 0.022 0.100 0.084 0.172 0.104 0.140 0.000 0.085 0.087 0.015 0.013 0.058 0.045 0.027 0.022 0.007 0.000 0.000 0.022 0.047 0.050 0.057 0.138 0.024 0.039 0.041 0.072 0.000 0.022 0.034 0.012 0.007 0.022 0.000 0.019 0.023 0.022 0.016 0.050 0.028 0.011 0.013 0.003 0.013 0.007 0.035 0.001 0.003 0.006 0.000 0.002
0.096 0.000 0.000 0.005 0.000 0.002 0.093 0.173 0.019 0.030 0.003 0.253 0.307 0.398 0.365 0.167 0.009 0.006 0.011 0.007 0.014 0.000 0.045 0.060 0.202 0.050 0.042 0.050 0.027 0.022 0.075 0.071 0.066 0.032 0.005 0.010 0.043 0.000 0.011 0.024 0.003 0.005 0.000 0.039 0.000 0.053 0.079 0.000 0.018 0.035 0.020 0.098 0.000 0.062 0.008 0.067 0.004 0.000 0.008 0.048 0.011 0.033 0.007 0.057 0.003 0.019 0.003 0.008 0.026 0.022 0.000 0.000 0.002 0.000 0.008 0.006 0.002
0.044 0.000 0.000 0.006 0.000 0.001 0.036 0.034 0.173 0.078 0.000 0.000 0.010 0.181 0.283 0.332 0.342 0.078 0.006 0.006 0.001 0.002 0.001 0.023 0.114 0.041 0.052 0.043 0.077 0.048 0.013 0.134 0.158 0.124 0.041 0.017 0.040 0.013 0.010 0.000 0.000 0.011 0.002 0.067 0.006 0.009 0.000 0.027 0.006 0.025 0.004 0.070 0.051 0.040 0.032 0.020 0.071 0.039 0.023 0.133 0.044 0.033 0.004 0.002 0.051 0.013 0.095 0.000 0.003 0.004 0.054 0.004 0.000 0.000 0.000 0.002 0.000
0.019 0.087 0.006 0.006 0.000 0.001 0.001 0.036 0.085 0.077 0.168 0.000 0.000 0.002 0.000 0.365 0.304 0.399 0.152 0.005 0.007 0.009 0.016 0.031 0.072 0.114 0.122 0.000 0.000 0.021 0.038 0.052 0.060 0.085 0.022 0.006 0.060 0.004 0.023 0.027 0.017 0.118 0.000 0.015 0.010 0.028 0.053 0.035 0.038 0.051 0.048 0.041 0.043 0.012 0.016 0.035 0.035 0.021 0.000 0.035 0.018 0.013 0.062 0.008 0.008 0.077 0.036 0.010 0.023 0.022 0.003 0.006 0.006 0.000 0.000 0.001 0.021
0.004 0.025 0.026 0.000 0.000 0.001 0.000 0.042 0.024 0.019 0.050 0.126 0.029 0.000 0.001 0.000 0.244 0.163 0.367 0.432 0.044 0.013 0.015 0.013 0.000 0.033 0.072 0.028 0.008 0.011 0.127 0.016 0.061 0.074 0.045 0.067 0.033 0.069 0.020 0.003 0.013 0.011 0.013 0.023 0.057 0.104 0.064 0.000 0.000 0.000 0.030 0.006 0.045 0.021 0.104 0.013 0.016 0.039 0.037 0.012 0.026 0.001 0.014 0.080 0.015 0.048 0.023 0.008 0.005 0.008 0.012 0.002 0.007 0.010 0.011 0.034 0.011
0.008 0.000 0.031 0.000 0.000 0.002 0.000 0.000 0.217 0.008 0.000 0.004 0.029 0.015 0.000 0.010 0.065 0.055 0.195 0.122 0.540 0.204 0.030 0.009 0.000 0.000 0.034 0.141 0.077 0.012 0.019 0.009 0.025 0.046 0.054 0.077 0.076 0.045 0.004 0.012 0.017 0.014 0.026 0.036 0.070 0.018 0.000 0.043 0.011 0.002 0.000 0.000 0.028 0.013 0.018 0.013 0.024 0.016 0.010 0.066 0.007 0.046 0.055 0.000 0.000 0.000 0.079 0.003 0.007 0.000 0.009 0.009 0.009 0.024 0.000 0.000 0.000
0.000 0.000 0.043 0.125 0.003 0.000 0.000 0.000 0.063 0.016 0.000 0.005 0.018 0.009 0.027 0.002 0.053 0.290 0.055 0.213 0.282 0.367 0.443 0.032 0.000 0.000 0.000 0.082 0.100 0.026 0.002 0.000 0.004 0.041 0.116 0.035 0.043 0.036 0.003 0.041 0.029 0.025 0.023 0.000 0.041 0.034 0.005 0.010 0.005 0.009 0.000 0.110 0.009 0.000 0.032 0.000 0.017 0.011 0.035 0.007 0.026 0.000 0.008 0.004 0.026 0.000 0.046 0.022 0.005 0.038 0.010 0.000 0.000 0.000 0.037 0.022 0.000
0.023 0.081 0.004 0.020 0.000 0.010 0.029 0.118 0.054 0.000 0.112 0.007 0.005 0.006 0.017 0.002 0.106 0.126 0.117 0.049 0.146 0.135 0.263 0.355 0.399 0.017 0.103 0.005 0.016 0.002 0.005 0.006 0.062 0.111 0.029 0.089 0.010 0.137 0.108 0.055 0.049 0.047 0.008 0.017 0.003 0.000 0.106 0.041 0.000 0.009 0.016 0.002 0.004 0.000 0.016 0.009 0.008 0.019 0.101 0.029 0.035 0.013 0.018 0.000 0.000 0.000 0.000 0.012 0.011 0.007 0.005 0.022 0.000 0.000 0.010 0.001 0.013
0.113 0.000 0.000 0.017 0.000 0.003 0.000 0.000 0.071 0.188 0.162 0.032 0.005 0.005 0.012 0.001 0.003 0.053 0.112 0.025 0.000 0.063 0.050 0.095 0.207 0.375 0.422 0.016 0.006 0.012 0.028 0.007 0.006 0.000 0.043 0.091 0.054 0.006 0.027 0.000 0.009 0.002 0.000 0.059 0.047 0.035 0.048 0.043 0.032 0.018 0.017 0.007 0.006 0.007 0.002 0.000 0.042 0.022 0.018 0.020 0.009 0.006 0.049 0.033 0.000 0.036 0.014 0.002 0.008 0.006 0.024 0.011 0.045 0.017 0.011 0.011 0.003
0.011 0.004 0.000 0.028 0.007 0.007 0.000 0.000 0.000 0.094 0.063 0.036 0.055 0.000 0.007 0.002 0.003 0.040 0.063 0.240 0.042 0.061 0.008 0.077 0.123 0.095 0.289 0.428 0.219 0.000 0.023 0.007 0.004 0.001 0.000 0.000 0.038 0.012 0.052 0.001 0.003 0.003 0.004 0.007 0.027 0.130 0.033 0.000 0.007 0.000 0.072 0.000 0.000 0.071 0.005 0.003 0.007 0.000 0.048 0.000 0.016 0.007 0.056 0.016 0.012 0.063 0.008 0.006 0.001 0.000 0.000 0.047 0.002 0.003 0.000 0.068 0.021
0.004 0.000 0.001 0.029 0.077 0.021 0.028 0.000 0.000 0.000 0.003 0.113 0.032 0.010 0.000 0.047 0.002 0.004 0.016 0.171 0.214 0.033 0.020 0.027 0.001 0.034 0.000 0.119 0.295 0.526 0.166 0.063 0.011 0.000 0.039 0.004 0.004 0.000 0.051 0.137 0.049 0.065 0.014 0.084 0.027 0.001 0.034 0.016 0.004 0.002 0.064 0.026 0.012 0.002 0.005 0.111 0.037 0.018 0.001 0.000 0.003 0.015 0.000 0.028 0.023 0.007 0.010 0.000 0.002 0.014 0.003 0.004 0.017 0.003 0.052 0.005 0.025
0.000 0.104 0.000 0.083 0.002 0.023 0.007 0.000 0.000 0.000 0.008 0.032 0.161 0.068 0.006 0.000 0.021 0.006 0.008 0.065 0.073 0.098 0.015 0.003 0.000 0.072 0.003 0.018 0.000 0.116 0.472 0.294 0.042 0.009 0.003 0.002 0.004 0.043 0.003 0.005 0.002 0.004 0.007 0.002 0.004 0.078 0.000 0.018 0.009 0.014 0.009 0.014 0.026 0.012 0.011 0.004 0.000 0.009 0.029 0.009 0.042 0.000 0.007 0.000 0.005 0.010 0.012 0.028 0.018 0.002 0.007 0.005 0.004 0.004 0.003 0.003 0.018
