includes/estuary_coast/floodfiles/results/res-0012.wd
ncols         730
nrows         472
xllcorner     380617.130607059982140
yllcorner     6542069.774948899634182
cellsize      20.000000000000000
NODATA_value  -9999.000000
[rows 408 to 441 of 472, columns 0 to 76 of 730]
2.679 2.678 2.670 2.638 2.615 2.588 2.566 2.551 2.544 2.529 2.525 2.496 2.483 2.466 2.426 2.423 2.381 2.355 2.340 2.330 2.309 2.297 2.278 2.253 2.222 2.182 2.149 2.133 2.142 2.163 2.177 2.188 2.190 2.186 2.182 2.182 2.188 2.202 1.129 1.288 1.273 1.218 1.324 1.243 1.435 1.309 1.347 1.345 1.321 1.206 1.093 0.906 1.127 1.199 1.065 0.888 1.079 1.191 1.166 1.102 1.128 1.013 1.118 1.072 1.144 1.096 1.092 1.037 1.144 0.973 1.034 1.039 0.874 0.922 0.905 0.861 0.907
2.676 2.672 2.647 2.618 2.585 2.555 2.528 2.503 2.499 2.493 2.486 2.467 2.429 2.410 2.391 2.374 2.359 2.340 2.329 2.303 2.295 2.282 2.265 2.244 2.218 2.185 2.159 2.147 2.153 2.170 2.179 2.185 2.183 2.175 2.166 2.165 2.175 1.279 1.297 1.344 1.281 1.259 1.333 1.272 1.270 1.408 1.334 1.298 1.395 1.252 1.267 1.206 0.952 1.163 1.268 1.383 1.071 1.003 1.076 1.003 1.330 1.162 1.034 1.150 1.064 1.245 1.261 1.109 0.977 1.033 1.046 0.829 1.113 0.981 1.086 1.076 1.005
2.669 2.660 2.628 2.596 2.560 2.525 2.493 2.482 2.481 2.473 2.454 2.426 2.401 2.377 2.357 2.344 2.328 2.321 2.313 2.287 2.276 2.266 2.252 2.236 2.218 2.198 2.177 2.170 2.162 2.170 2.177 2.186 2.180 2.167 2.155 2.153 1.368 1.329 1.354 1.281 1.319 1.269 1.221 1.290 1.221 1.386 1.333 1.316 1.305 1.209 1.281 1.176 1.213 1.141 1.386 1.136 1.293 1.354 1.171 1.011 0.987 1.039 1.027 1.228 1.051 1.099 1.182 1.057 1.097 1.113 0.894 0.911 0.927 0.896 0.863 0.854 0.824
2.638 2.621 2.598 2.569 2.540 2.509 2.482 2.475 2.473 2.464 2.434 2.403 2.373 2.344 2.323 2.308 2.305 2.302 2.281 2.271 2.259 2.239 2.228 2.207 2.196 2.188 2.182 2.173 2.175 2.180 2.183 2.183 2.175 2.169 2.156 2.154 1.279 1.314 1.331 1.428 1.294 1.402 1.359 1.269 1.232 1.185 1.243 1.317 1.352 1.342 1.256 1.236 1.195 1.214 1.345 1.022 1.102 1.233 1.280 1.457 1.121 1.024 1.111 1.077 1.052 1.056 0.996 1.041 1.131 0.936 0.956 0.930 0.934 0.976 0.838 0.775 0.839
2.601 2.587 2.567 2.544 2.520 2.491 2.479 2.471 2.467 2.453 2.417 2.382 2.346 2.311 2.289 2.282 2.284 2.280 2.250 2.236 2.221 2.207 2.197 2.193 2.188 2.188 2.178 2.180 2.186 2.189 2.192 2.190 2.181 2.178 2.169 2.168 1.407 1.387 1.381 1.310 1.383 1.379 1.419 1.286 1.405 1.303 1.300 1.198 1.155 1.391 1.359 1.283 1.164 1.130 1.173 1.056 1.062 1.016 1.217 1.227 1.246 1.252 1.209 0.947 0.957 0.918 1.092 1.068 1.078 0.998 1.027 0.970 0.909 0.933 0.864 0.844 0.727
2.558 2.552 2.535 2.518 2.501 2.475 2.460 2.458 2.450 2.426 2.396 2.362 2.325 2.291 2.271 2.266 2.265 2.254 2.239 2.220 2.201 2.184 2.174 2.172 2.176 2.182 2.180 2.187 2.193 2.197 2.203 2.205 2.196 2.189 2.188 2.189 1.449 1.439 1.482 1.585 1.337 1.274 1.296 1.324 1.341 1.151 1.262 1.083 1.198 1.264 1.223 1.098 1.221 1.310 1.230 1.273 1.091 1.124 1.082 1.222 1.203 1.218 1.107 1.335 1.090 0.955 1.103 0.980 1.060 1.002 1.041 1.062 0.919 0.890 0.860 0.839 0.944
2.512 2.498 2.483 2.471 2.460 2.440 2.439 2.421 2.415 2.399 2.375 2.347 2.313 2.284 2.267 2.263 2.261 2.247 2.228 2.204 2.179 2.158 2.148 2.150 2.158 2.166 2.180 2.197 2.208 2.217 2.222 2.221 2.213 2.207 2.202 2.210 2.211 1.397 1.509 1.489 1.505 1.404 1.320 1.295 1.157 1.254 1.239 1.257 1.024 1.035 1.110 1.106 1.128 1.059 1.094 1.314 1.130 1.092 1.070 1.120 0.942 1.061 1.179 1.101 1.363 1.221 1.133 0.994 0.929 0.950 1.003 0.977 0.986 0.951 0.797 0.848 0.841
2.471 2.453 2.446 2.433 2.427 2.410 2.391 2.389 2.386 2.372 2.354 2.332 2.310 2.285 2.264 2.261 2.255 2.237 2.215 2.189 2.160 2.135 2.122 2.127 2.144 2.162 2.185 2.206 2.224 2.237 2.242 2.238 2.232 2.225 2.221 2.220 2.230 1.145 1.354 1.478 1.567 1.491 1.375 1.284 1.282 1.187 1.276 1.363 1.066 1.307 1.049 1.077 1.085 1.106 1.162 1.232 1.263 1.173 1.049 1.006 0.979 0.933 1.099 1.153 1.114 1.248 1.006 1.044 1.186 0.985 0.978 0.931 0.903 0.905 0.846 0.865 0.851
2.441 2.416 2.396 2.384 2.378 2.376 2.360 2.358 2.337 2.327 2.314 2.317 2.290 2.265 2.259 2.253 2.238 2.224 2.202 2.177 2.148 2.123 2.109 2.114 2.135 2.159 2.188 2.219 2.245 2.263 2.267 2.262 2.253 2.244 2.239 1.375 1.280 1.449 1.317 1.369 1.439 1.408 1.471 1.450 1.374 1.301 1.237 1.137 1.342 1.116 0.994 1.182 1.040 1.092 1.171 1.111 1.063 1.226 1.054 0.949 1.046 0.967 1.087 1.092 0.983 0.990 1.208 0.972 0.950 0.951 0.786 0.789 1.026 0.942 0.921 0.847 0.867
2.409 2.377 2.351 2.329 2.330 2.332 2.332 2.331 2.311 2.302 2.292 2.285 2.277 2.255 2.241 2.233 2.224 2.210 2.192 2.171 2.146 2.127 2.115 2.120 2.138 2.162 2.195 2.232 2.267 2.293 2.299 2.287 2.270 2.257 1.240 1.609 1.443 1.383 1.446 1.433 1.313 1.481 1.538 1.431 1.360 1.496 1.380 1.320 1.184 1.217 1.311 1.006 1.104 1.007 1.066 1.064 1.044 0.971 1.121 0.984 1.017 1.057 0.877 0.936 0.962 0.966 0.918 1.209 1.170 0.916 0.843 0.886 0.900 0.913 0.763 0.873 0.905
2.381 2.332 2.303 2.292 2.299 2.298 2.300 2.293 2.285 2.274 2.266 2.264 2.243 2.240 2.228 2.222 2.209 2.198 2.183 2.167 2.142 2.135 2.129 2.133 2.144 2.168 2.202 2.243 2.286 2.318 2.324 2.305 2.281 1.521 1.486 1.398 1.430 1.506 1.487 1.290 1.528 1.357 1.358 1.416 1.520 1.370 1.380 1.273 1.303 1.251 1.070 1.461 1.053 1.039 1.159 1.123 0.916 1.019 0.963 1.017 1.039 0.910 0.897 0.871 0.859 0.968 0.909 0.886 1.009 0.819 0.944 0.779 0.824 0.855 0.768 0.773 0.763
2.358 2.308 2.279 2.269 2.276 2.279 2.278 2.275 2.263 2.249 2.240 2.230 2.214 2.217 2.214 2.196 2.188 2.178 2.167 2.154 2.147 2.138 2.134 2.138 2.149 2.169 2.201 2.242 2.286 2.320 2.325 2.306 1.417 1.389 1.443 1.437 1.473 1.402 1.540 1.515 1.191 1.440 1.439 1.234 1.275 1.376 1.359 1.230 1.141 1.229 1.168 1.175 1.147 1.349 0.974 0.952 1.038 1.051 0.947 0.864 0.962 1.200 0.833 0.944 0.915 0.924 0.946 0.816 0.845 0.839 0.941 0.991 0.808 0.875 0.777 0.759 0.850
2.345 2.301 2.276 2.268 2.273 2.272 2.268 2.256 2.238 2.224 2.203 2.201 2.200 2.194 2.193 2.186 2.179 2.168 2.157 2.148 2.144 2.136 2.134 2.135 2.144 2.160 2.187 2.225 2.264 2.292 2.300 1.352 1.372 1.385 1.452 1.587 1.393 1.541 1.488 1.417 1.509 1.242 1.304 1.446 1.279 1.268 1.252 1.445 1.398 1.251 1.165 1.227 1.100 1.121 1.183 1.131 1.006 1.085 0.924 0.953 0.940 0.916 1.278 0.954 0.899 0.834 0.848 0.838 0.851 0.828 0.819 0.941 0.944 0.752 0.727 0.769 0.731
2.323 2.292 2.280 2.275 2.276 2.267 2.259 2.244 2.223 2.197 2.187 2.186 2.187 2.185 2.184 2.177 2.169 2.160 2.153 2.142 2.138 2.130 2.125 2.119 2.123 2.136 2.161 2.191 2.224 1.414 1.469 1.483 1.449 1.511 1.498 1.428 1.454 1.427 1.407 1.498 1.544 1.406 1.407 1.234 1.334 1.084 1.400 1.249 1.215 1.211 1.163 1.168 1.016 1.099 1.124 0.981 1.217 0.980 0.938 1.049 0.826 0.947 0.903 0.996 0.942 0.802 0.809 0.849 0.787 0.812 0.831 0.850 0.896 0.953 0.773 0.790 0.756
2.314 2.290 2.284 2.268 2.265 2.260 2.252 2.236 2.214 2.189 2.179 2.180 2.182 2.179 2.173 2.168 1.202 1.226 2.146 2.141 2.128 2.120 2.109 2.097 2.094 2.099 2.110 2.139 1.359 1.366 1.438 1.275 1.454 1.592 1.493 1.500 1.343 1.446 1.394 1.268 1.495 1.564 1.470 1.215 1.176 1.225 1.293 1.295 1.172 1.114 1.163 1.399 1.231 1.141 0.840 0.963 1.083 1.137 1.131 0.933 0.833 0.843 0.830 0.798 0.881 0.964 0.732 0.832 0.812 0.722 0.707 0.776 0.774 0.708 0.983 0.825 0.677
2.297 2.278 2.262 2.261 2.258 1.208 1.032 2.232 2.214 2.191 2.181 2.180 2.180 2.175 2.167 2.157 1.224 1.087 1.172 1.064 0.995 1.170 2.079 2.058 2.042 2.039 2.051 1.355 1.382 1.353 1.478 1.360 1.364 1.497 1.477 1.295 1.385 1.356 1.400 1.462 1.346 1.414 1.636 1.506 1.165 1.162 1.211 1.185 1.181 1.086 1.068 1.132 1.140 0.840 1.015 0.939 0.988 1.009 1.011 1.032 0.855 0.794 1.136 0.802 0.723 0.829 0.986 0.740 0.803 0.741 0.773 0.733 0.780 0.667 0.747 0.675 0.742
2.256 2.259 2.247 1.029 1.067 1.148 1.378 1.267 1.360 2.180 2.185 2.170 2.164 2.171 2.161 2.150 1.225 1.202 1.300 1.153 1.099 0.979 0.871 1.358 1.245 1.963 1.368 1.342 1.332 1.415 1.499 1.470 1.530 1.347 1.346 1.409 1.511 1.527 1.335 1.416 1.351 1.237 1.192 1.602 1.565 1.119 1.033 1.134 1.057 1.274 1.256 1.003 1.105 0.965 1.050 1.051 0.943 0.880 0.922 1.008 1.073 1.049 0.849 0.821 0.905 0.855 0.768 0.946 0.880 0.720 0.748 0.721 0.789 0.728 0.634 0.593 0.609
2.196 0.987 1.108 1.021 0.868 1.158 1.208 1.151 1.184 1.078 1.110 1.015 2.156 2.148 2.157 2.146 2.139 1.046 1.038 1.005 0.902 0.921 0.833 0.887 1.200 1.247 1.250 1.214 1.294 1.241 1.433 1.297 1.243 1.240 1.362 1.249 1.288 1.213 1.175 1.245 1.216 1.206 1.145 1.246 1.510 1.536 1.162 1.077 0.926 0.880 0.986 0.919 0.984 0.877 0.690 0.771 0.814 0.765 0.907 0.824 0.713 0.878 1.032 0.662 0.767 0.768 0.740 0.624 0.709 0.593 0.555 0.514 0.559 0.608 0.487 0.480 0.514
0.825 0.825 1.119 0.798 1.003 1.205 1.343 1.228 1.149 1.213 1.241 1.139 1.072 1.144 2.141 2.131 2.129 1.059 1.084 0.993 1.063 1.008 0.985 0.875 0.783 0.917 1.140 1.395 1.341 1.411 1.400 1.328 1.424 1.345 1.262 1.326 1.262 1.181 1.270 1.175 1.237 1.223 1.156 1.158 1.136 1.381 1.405 0.900 0.919 1.051 0.921 0.895 0.792 1.004 0.829 0.890 0.918 0.873 0.805 0.828 0.783 0.724 0.815 0.978 0.694 0.778 0.782 0.646 0.739 0.667 0.835 0.512 0.452 0.463 0.597 0.691 0.625
0.999 0.956 0.958 1.000 0.945 1.180 1.211 1.154 1.157 1.175 1.324 1.114 1.232 0.997 1.019 1.106 1.067 0.835 1.110 1.048 1.090 0.915 0.837 0.876 0.741 0.763 0.959 1.317 1.378 1.318 1.247 1.360 1.310 1.301 1.265 1.369 1.192 1.236 1.179 1.124 1.143 1.204 1.220 1.138 1.098 1.076 1.151 1.399 0.992 0.905 0.909 0.917 0.928 0.910 0.882 0.827 0.966 0.782 0.817 0.787 0.668 0.725 0.704 0.793 1.083 0.737 0.567 0.778 0.702 0.678 0.572 0.707 0.554 0.604 0.534 0.531 0.612
0.916 1.006 0.909 1.107 1.076 1.122 1.240 1.109 1.128 1.221 1.201 1.171 1.221 1.175 1.110 0.932 1.070 1.037 0.945 1.033 1.087 0.949 0.947 1.103 0.899 0.825 0.653 0.913 1.222 1.259 1.307 1.299 1.329 1.361 1.279 1.421 1.259 1.348 1.071 1.087 1.221 1.268 1.227 1.164 1.048 1.152 0.967 1.068 1.412 1.007 0.863 0.828 0.764 1.009 0.839 0.833 0.898 0.793 0.693 0.794 0.797 0.743 0.733 0.769 0.772 0.850 0.947 0.613 0.689 0.633 0.549 0.619 0.658 0.704 0.529 0.486 0.520
0.880 0.880 1.123 1.026 0.898 1.038 1.033 1.119 1.069 1.134 1.218 1.174 1.246 1.199 1.280 1.167 0.775 1.129 0.995 0.874 0.939 1.084 0.893 0.964 0.851 0.825 0.689 0.629 0.686 1.174 1.288 1.334 1.332 1.345 1.247 1.442 1.312 1.279 1.137 1.129 0.988 1.122 1.032 1.008 1.063 0.919 0.955 0.904 0.796 1.450 0.893 0.712 0.841 0.730 0.845 0.763 0.772 0.703 0.729 0.719 0.625 0.701 0.813 0.679 0.684 0.653 0.711 0.605 0.631 0.579 0.574 0.600 0.685 0.552 0.690 0.500 0.461
1.095 1.130 0.988 1.182 1.227 1.148 1.048 1.090 1.043 1.430 1.134 1.229 1.246 1.322 1.293 1.164 1.249 0.759 1.002 1.094 0.891 0.839 1.116 1.027 0.904 0.956 0.819 0.731 0.637 0.766 1.275 1.290 1.424 1.321 1.369 1.333 1.226 1.155 1.226 1.236 1.022 1.266 1.029 0.994 0.981 0.978 0.989 0.891 0.815 0.863 1.521 1.252 0.598 0.794 0.824 0.883 0.702 0.795 0.774 0.629 0.774 0.673 0.703 0.701 0.676 0.622 0.720 0.731 0.699 0.730 0.538 0.626 0.627 0.653 0.524 0.601 0.526
1.116 0.985 0.937 0.888 0.978 1.046 1.170 1.143 1.024 1.032 0.966 1.032 1.208 1.314 1.255 1.212 1.281 1.193 1.009 0.979 1.026 1.057 0.907 1.087 0.972 0.882 0.915 0.719 0.723 0.605 0.751 1.117 1.186 1.372 1.274 1.243 1.328 1.195 1.220 1.224 1.057 1.074 1.183 1.108 1.044 1.012 1.032 0.975 0.918 0.853 0.914 1.485 1.301 0.733 0.704 0.732 0.832 0.835 0.802 0.763 0.914 0.820 0.591 0.605 0.755 0.674 0.619 0.624 0.609 0.762 0.702 0.671 0.553 0.500 0.516 0.410 0.600
0.998 1.112 0.944 0.781 1.035 0.935 0.927 1.139 1.006 1.109 1.110 1.207 1.209 1.189 1.394 1.325 1.245 1.191 1.103 1.155 1.012 1.089 0.949 0.901 0.920 0.746 0.801 0.899 0.595 0.662 0.665 0.837 1.221 1.173 1.324 1.211 1.358 1.325 1.265 1.103 1.158 1.096 1.221 1.128 1.001 1.070 0.881 0.968 0.870 0.885 0.834 0.873 1.221 1.098 0.743 0.705 0.803 0.810 0.809 0.747 0.773 0.847 0.731 0.656 0.739 0.639 0.669 0.552 0.614 0.625 0.675 0.589 0.684 0.546 0.496 0.361 0.467
0.892 1.113 0.974 0.876 0.826 0.841 0.693 0.987 1.138 0.982 0.921 1.219 1.235 1.259 1.340 1.318 1.362 1.311 1.173 1.022 1.128 0.939 1.015 1.080 0.910 0.936 0.861 0.746 0.915 0.963 0.586 0.694 0.961 1.222 1.212 1.320 1.213 1.245 1.175 1.124 1.134 1.256 1.071 1.145 1.097 0.918 1.129 0.962 0.999 0.883 0.786 0.743 0.734 1.130 1.156 1.261 0.778 0.646 0.816 0.816 0.749 0.723 0.752 0.630 0.654 0.539 0.658 0.688 0.653 0.627 0.615 0.543 0.402 0.526 0.495 0.555 0.414
0.928 0.848 1.024 0.958 0.952 1.018 0.682 0.950 1.000 1.018 0.898 0.954 1.132 1.225 1.253 1.357 1.260 1.373 1.236 1.174 1.191 1.017 0.955 1.110 0.956 0.953 0.943 1.034 0.741 0.842 0.866 0.574 0.585 1.246 1.216 1.276 1.377 1.341 1.082 1.029 1.068 1.205 1.150 1.057 0.980 0.986 0.867 1.051 0.956 0.883 0.880 0.739 0.669 0.701 1.025 1.209 1.159 0.923 0.806 0.723 0.731 0.703 0.798 0.644 0.654 0.686 0.559 0.699 0.590 0.549 0.515 0.506 0.537 0.463 0.444 0.570 0.397
0.854 1.003 0.940 1.012 0.914 0.985 1.047 0.752 0.976 1.055 1.031 0.978 1.060 0.830 1.062 1.317 1.289 1.286 1.262 1.154 1.146 1.189 1.048 0.957 0.947 0.961 0.930 0.984 0.837 0.903 0.834 0.758 0.660 0.598 1.040 1.247 1.145 1.386 1.309 1.002 1.192 1.088 1.012 1.050 1.005 0.980 0.966 0.899 0.954 0.815 0.742 0.717 0.707 0.712 0.639 1.274 1.040 0.682 1.044 0.669 0.726 0.716 0.720 0.636 0.627 0.553 0.715 0.666 0.553 0.565 0.567 0.562 0.403 0.492 0.391 0.434 0.458
0.894 0.723 0.917 0.846 0.865 0.894 0.871 0.848 0.990 0.901 1.121 1.227 0.932 0.980 1.012 0.846 1.303 1.345 1.331 1.233 1.354 1.133 1.137 0.991 1.061 1.057 0.980 0.905 1.040 0.885 0.874 0.764 0.648 0.617 0.592 1.105 1.178 1.268 1.299 1.242 1.086 0.998 1.112 1.079 1.072 0.932 0.892 1.113 0.857 0.876 0.823 0.875 0.760 0.704 0.648 0.851 0.964 0.970 0.673 1.144 0.642 0.626 0.561 0.654 0.569 0.620 0.634 0.590 0.573 0.384 0.491 0.468 0.432 0.401 0.429 0.390 0.358
0.995 0.781 0.818 0.951 0.935 0.917 0.862 0.882 0.840 1.146 1.218 1.074 1.079 1.043 0.817 1.008 0.698 1.194 1.258 1.206 1.175 1.211 1.238 1.192 1.121 0.972 0.975 0.848 0.916 1.029 0.768 0.875 0.681 0.733 0.594 0.656 1.199 1.279 1.163 1.187 1.132 1.111 1.184 0.949 0.942 1.043 0.941 0.863 0.953 0.704 0.885 0.795 0.828 0.601 0.668 0.885 0.661 1.057 1.035 0.578 0.649 0.960 0.659 0.612 0.659 0.646 0.683 0.658 0.428 0.525 0.460 0.494 0.383 0.317 0.469 0.495 0.366
0.803 0.874 0.805 0.755 0.893 0.869 0.782 0.680 0.714 0.841 1.017 1.161 1.091 1.106 0.904 0.859 0.854 0.896 0.910 1.272 1.262 1.262 1.292 1.246 1.095 1.124 0.903 0.904 0.924 0.855 1.071 0.767 0.800 0.671 0.589 0.636 0.626 1.142 1.175 1.301 1.150 1.146 1.044 1.073 1.018 0.879 0.929 0.910 0.800 0.921 0.853 0.965 0.633 0.688 0.792 0.695 0.718 0.751 0.703 1.012 0.565 0.587 0.648 0.793 0.683 0.682 0.618 0.624 0.604 0.612 0.509 0.425 0.467 0.465 0.460 0.377 0.380
0.917 0.757 1.031 0.659 0.926 0.797 0.774 0.783 0.830 0.833 0.778 0.752 0.996 1.039 1.105 0.897 0.881 0.872 0.785 0.841 1.123 1.308 1.236 1.173 1.084 1.035 1.097 0.953 0.865 0.900 0.778 1.038 0.860 0.749 0.667 0.646 0.609 0.724 0.816 1.283 1.387 1.221 1.145 1.075 0.993 0.962 0.727 0.749 0.875 0.894 0.805 0.776 0.909 0.639 0.687 0.583 0.655 0.633 0.678 0.814 1.086 0.575 0.525 0.696 0.492 0.446 0.440 0.631 0.707 0.636 0.473 0.551 0.459 0.477 0.402 0.489 0.313
0.961 0.992 0.684 0.819 0.629 0.490 0.812 0.820 0.785 0.719 0.708 0.799 0.744 1.032 1.039 0.992 0.830 0.842 0.825 0.784 0.866 0.813 1.258 1.387 1.273 1.125 1.070 1.126 1.011 0.877 0.894 0.930 0.911 0.776 0.816 0.722 0.549 0.655 0.638 0.981 1.205 1.380 1.224 1.046 1.080 0.935 0.969 0.999 0.794 0.858 0.762 0.716 0.635 0.869 0.580 0.498 0.561 0.507 0.605 0.716 0.581 1.013 0.514 0.496 0.436 0.479 0.426 0.474 0.409 0.365 0.500 0.529 0.455 0.503 0.355 0.409 0.270
1.013 0.869 0.977 0.721 0.667 0.590 0.741 0.978 0.839 0.840 0.611 0.592 0.725 0.759 1.070 0.912 1.052 0.946 0.837 0.865 0.797 0.886 0.890 1.087 1.349 1.167 1.050 1.035 0.992 0.825 0.919 0.789 1.052 0.847 0.806 0.736 0.605 0.593 0.517 0.908 0.732 0.899 1.286 1.320 0.992 1.021 1.064 0.973 0.853 0.862 0.883 0.839 0.747 0.719 0.986 0.571 0.561 0.438 0.544 0.584 0.826 0.796 0.965 0.427 0.461 0.385 0.486 0.445 0.364 0.386 0.412 0.418 0.385 0.385 0.284 0.365 0.376
