includes/estuary_coast/floodfiles/results/res-0005.wdfp
ncols         730
nrows         472
xllcorner     380617.130607059982140
yllcorner     6542069.774948899634182
cellsize      20.000000000000000
NODATA_value  -9999.000000
[rows 408 to 441 of 472, columns 77 to 153 of 730]
0.058 0.049 0.089 0.033 0.000 0.066 0.066 0.118 0.010 0.043 0.043 0.052 0.003 0.088 0.034 0.147 0.230 0.165 0.195 0.104 0.121 0.074 0.020 0.066 0.176 0.045 0.097 0.094 0.124 0.025 0.017 0.067 0.093 0.078 0.110 0.081 0.102 0.035 0.044 0.117 0.023 0.085 0.074 0.026 0.066 0.052 0.178 0.026 0.100 0.120 0.006 0.000 0.010 0.009 0.025 0.000 0.000 0.024 0.054 0.017 0.000 0.000 0.058 0.032 0.000 0.013 0.015 0.012 0.015 0.034 0.016 0.053 0.002 0.006 0.008 0.005 0.008
0.034 0.014 0.064 0.038 0.078 0.090 0.020 0.026 0.108 0.028 0.029 0.052 0.105 0.014 0.216 0.226 0.143 0.141 0.192 0.167 0.037 0.078 0.036 0.147 0.178 0.068 0.003 0.068 0.059 0.039 0.099 0.062 0.092 0.082 0.058 0.033 0.082 0.100 0.003 0.093 0.070 0.014 0.044 0.047 0.061 0.072 0.122 0.092 0.008 0.045 0.039 0.066 0.015 0.034 0.022 0.000 0.011 0.026 0.000 0.000 0.000 0.001 0.079 0.060 0.056 0.005 0.007 0.058 0.017 0.000 0.087 0.004 0.004 0.000 0.000 0.000 0.037
0.153 0.100 0.037 0.124 0.168 0.085 0.045 0.036 0.068 0.077 0.064 0.121 0.080 0.192 0.117 0.169 0.186 0.168 0.013 0.055 0.029 0.071 0.083 0.099 0.086 0.130 0.134 0.027 0.038 0.078 0.069 0.053 0.155 0.097 0.089 0.053 0.042 0.023 0.084 0.086 0.055 0.048 0.049 0.116 0.040 0.111 0.009 0.005 0.095 0.070 0.054 0.081 0.000 0.000 0.021 0.011 0.066 0.018 0.009 0.004 0.005 0.001 0.001 0.027 0.000 0.003 0.003 0.000 0.007 0.029 0.000 0.005 0.002 0.000 0.000 0.029 0.000
0.045 0.018 0.113 0.131 0.089 0.131 0.203 0.099 0.177 0.065 0.045 0.058 0.141 0.120 0.179 0.203 0.238 0.073 0.134 0.008 0.107 0.044 0.108 0.158 0.093 0.092 0.081 0.086 0.035 0.074 0.158 0.061 0.048 0.018 0.002 0.059 0.086 0.047 0.039 0.052 0.047 0.035 0.068 0.044 0.062 0.064 0.084 0.011 0.018 0.072 0.028 0.054 0.019 0.031 0.006 0.036 0.006 0.000 0.000 0.006 0.002 0.003 0.002 0.096 0.042 0.030 0.042 0.009 0.008 0.006 0.017 0.003 0.003 0.051 0.024 0.007 0.013
0.045 0.146 0.163 0.160 0.098 0.161 0.038 0.019 0.012 0.059 0.080 0.234 0.184 0.156 0.213 0.147 0.086 0.148 0.064 0.067 0.106 0.105 0.047 0.073 0.163 0.032 0.061 0.122 0.013 0.025 0.113 0.084 0.106 0.038 0.064 0.104 0.101 0.083 0.075 0.033 0.015 0.063 0.112 0.072 0.045 0.041 0.011 0.137 0.088 0.022 0.000 0.038 0.001 0.019 0.021 0.004 0.003 0.004 0.012 0.000 0.047 0.015 0.051 0.042 0.000 0.000 0.056 0.000 0.000 0.000 0.010 0.006 0.007 0.000 0.006 0.043 0.001
0.120 0.155 0.000 0.106 0.075 0.130 0.123 0.123 0.037 0.019 0.145 0.147 0.236 0.186 0.205 0.122 0.090 0.142 0.073 0.054 0.115 0.077 0.098 0.070 0.068 0.069 0.124 0.052 0.076 0.115 0.052 0.055 0.148 0.163 0.079 0.051 0.043 0.069 0.158 0.085 0.054 0.111 0.033 0.087 0.151 0.147 0.090 0.079 0.033 0.022 0.009 0.047 0.000 0.032 0.002 0.004 0.000 0.000 0.039 0.001 0.075 0.053 0.012 0.083 0.007 0.112 0.005 0.003 0.000 0.000 0.000 0.011 0.008 0.012 0.013 0.003 0.002
0.096 0.224 0.075 0.059 0.078 0.195 0.143 0.127 0.060 0.204 0.189 0.223 0.216 0.199 0.091 0.120 0.024 0.133 0.167 0.130 0.060 0.198 0.051 0.014 0.081 0.142 0.059 0.104 0.097 0.059 0.084 0.114 0.100 0.070 0.066 0.087 0.033 0.130 0.113 0.053 0.108 0.050 0.137 0.101 0.134 0.006 0.000 0.046 0.023 0.029 0.000 0.042 0.026 0.047 0.059 0.023 0.018 0.000 0.000 0.046 0.108 0.000 0.000 0.000 0.139 0.021 0.001 0.003 0.000 0.000 0.000 0.006 0.000 0.042 0.001 0.002 0.000
0.156 0.082 0.033 0.172 0.063 0.056 0.137 0.078 0.209 0.204 0.226 0.294 0.196 0.097 0.111 0.088 0.108 0.097 0.103 0.121 0.049 0.110 0.053 0.142 0.131 0.009 0.075 0.039 0.079 0.071 0.019 0.106 0.129 0.094 0.033 0.066 0.035 0.155 0.135 0.163 0.107 0.100 0.084 0.065 0.042 0.099 0.047 0.056 0.022 0.023 0.007 0.006 0.031 0.031 0.000 0.024 0.019 0.000 0.088 0.069 0.002 0.010 0.000 0.021 0.007 0.003 0.033 0.003 0.005 0.022 0.003 0.012 0.029 0.000 0.000 0.002 0.003
0.115 0.101 0.142 0.108 0.042 0.112 0.124 0.237 0.222 0.174 0.284 0.181 0.066 0.061 0.011 0.101 0.136 0.088 0.133 0.030 0.038 0.025 0.101 0.048 0.071 0.080 0.106 0.071 0.057 0.110 0.013 0.042 0.064 0.045 0.068 0.059 0.159 0.037 0.122 0.011 0.083 0.086 0.078 0.104 0.037 0.052 0.090 0.000 0.003 0.048 0.000 0.032 0.017 0.011 0.000 0.008 0.019 0.015 0.076 0.012 0.049 0.010 0.100 0.076 0.004 0.035 0.002 0.004 0.000 0.002 0.041 0.000 0.013 0.003 0.001 0.000 0.000
0.185 0.099 0.086 0.103 0.102 0.016 0.106 0.263 0.193 0.306 0.180 0.182 0.103 0.140 0.074 0.083 0.062 0.219 0.092 0.095 0.062 0.005 0.074 0.063 0.047 0.052 0.040 0.070 0.159 0.076 0.104 0.101 0.077 0.042 0.128 0.082 0.043 0.201 0.092 0.114 0.089 0.160 0.121 0.099 0.081 0.091 0.038 0.053 0.052 0.011 0.080 0.048 0.049 0.011 0.037 0.025 0.010 0.045 0.021 0.040 0.013 0.009 0.000 0.005 0.003 0.003 0.002 0.004 0.052 0.007 0.001 0.005 0.005 0.002 0.006 0.033 0.003
0.257 0.069 0.064 0.096 0.097 0.190 0.248 0.127 0.228 0.262 0.133 0.102 0.158 0.016 0.104 0.136 0.150 0.070 0.119 0.025 0.076 0.047 0.063 0.092 0.045 0.097 0.034 0.050 0.042 0.085 0.022 0.097 0.081 0.058 0.012 0.074 0.135 0.122 0.073 0.140 0.127 0.140 0.094 0.100 0.089 0.051 0.098 0.058 0.095 0.032 0.009 0.002 0.000 0.004 0.005 0.036 0.130 0.026 0.030 0.025 0.097 0.030 0.000 0.000 0.023 0.000 0.000 0.011 0.051 0.021 0.031 0.000 0.000 0.000 0.000 0.000 0.002
0.084 0.072 0.143 0.116 0.156 0.074 0.211 0.074 0.187 0.191 0.176 0.081 0.111 0.073 0.037 0.152 0.057 0.106 0.174 0.087 0.103 0.050 0.050 0.106 0.083 0.062 0.026 0.029 0.096 0.096 0.076 0.031 0.146 0.088 0.112 0.042 0.095 0.125 0.073 0.141 0.107 0.126 0.070 0.072 0.079 0.080 0.074 0.109 0.076 0.065 0.018 0.007 0.002 0.001 0.025 0.072 0.071 0.000 0.000 0.019 0.028 0.003 0.006 0.001 0.002 0.002 0.021 0.000 0.000 0.003 0.000 0.031 0.000 0.000 0.019 0.000 0.000
0.107 0.082 0.021 0.120 0.000 0.159 0.130 0.163 0.344 0.102 0.167 0.074 0.168 0.067 0.110 0.060 0.054 0.028 0.107 0.048 0.080 0.066 0.154 0.060 0.127 0.063 0.082 0.104 0.030 0.093 0.021 0.068 0.054 0.139 0.086 0.087 0.124 0.090 0.114 0.156 0.187 0.063 0.087 0.105 0.137 0.103 0.050 0.028 0.057 0.059 0.022 0.000 0.000 0.065 0.082 0.000 0.032 0.000 0.002 0.000 0.003 0.002 0.002 0.000 0.000 0.018 0.006 0.006 0.006 0.003 0.045 0.007 0.041 0.002 0.000 0.000 0.000
0.061 0.051 0.059 0.072 0.151 0.122 0.092 0.080 0.191 0.048 0.072 0.046 0.188 0.044 0.111 0.034 0.013 0.013 0.095 0.107 0.019 0.093 0.135 0.128 0.060 0.040 0.094 0.082 0.114 0.076 0.055 0.128 0.084 0.057 0.041 0.084 0.052 0.126 0.048 0.142 0.076 0.061 0.066 0.084 0.072 0.046 0.087 0.185 0.016 0.085 0.031 0.027 0.060 0.044 0.047 0.028 0.019 0.014 0.076 0.005 0.005 0.001 0.002 0.051 0.038 0.018 0.000 0.000 0.054 0.001 0.043 0.000 0.005 0.003 0.003 0.012 0.005
0.000 0.083 0.026 0.099 0.061 0.171 0.000 0.101 0.086 0.021 0.060 0.039 0.076 0.099 0.112 0.049 0.094 0.047 0.029 0.033 0.194 0.065 0.076 0.086 0.152 0.081 0.050 0.125 0.104 0.061 0.063 0.104 0.068 0.063 0.148 0.033 0.135 0.075 0.096 0.172 0.071 0.095 0.115 0.104 0.098 0.097 0.100 0.004 0.017 0.123 0.016 0.060 0.060 0.050 0.105 0.001 0.000 0.107 0.000 0.003 0.001 0.003 0.000 0.026 0.000 0.000 0.000 0.000 0.002 0.002 0.000 0.038 0.024 0.000 0.006 0.018 0.000
0.080 0.048 0.071 0.168 0.100 0.101 0.047 0.074 0.071 0.074 0.123 0.128 0.061 0.130 0.064 0.072 0.084 0.026 0.110 0.123 0.048 0.130 0.122 0.082 0.046 0.078 0.047 0.025 0.130 0.089 0.190 0.101 0.137 0.114 0.092 0.215 0.146 0.135 0.119 0.065 0.087 0.074 0.102 0.079 0.102 0.074 0.100 0.083 0.000 0.086 0.085 0.046 0.111 0.066 0.064 0.019 0.052 0.016 0.025 0.016 0.001 0.000 0.048 0.015 0.019 0.003 0.012 0.001 0.000 0.000 0.000 0.002 0.000 0.002 0.004 0.000 0.000
0.223 0.175 0.052 0.134 0.059 0.055 0.033 0.031 0.049 0.012 0.004 0.149 0.116 0.051 0.108 0.026 0.038 0.051 0.041 0.013 0.099 0.078 0.022 0.030 0.056 0.005 0.037 0.053 0.081 0.130 0.103 0.093 0.130 0.086 0.192 0.244 0.112 0.149 0.085 0.090 0.067 0.091 0.105 0.174 0.152 0.086 0.084 0.023 0.006 0.032 0.063 0.108 0.116 0.046 0.031 0.058 0.064 0.000 0.015 0.006 0.002 0.013 0.053 0.003 0.000 0.000 0.020 0.002 0.000 0.050 0.000 0.000 0.023 0.008 0.003 0.026 0.002
0.000 0.062 0.005 0.003 0.010 0.000 0.014 0.000 0.000 0.004 0.061 0.003 0.009 0.000 0.014 0.000 0.007 0.000 0.000 0.016 0.000 0.000 0.007 0.000 0.000 0.001 0.000 0.000 0.000 0.002 0.001 0.001 0.000 0.000 0.038 0.000 0.000 0.000 0.000 0.000 0.000 0.000 0.099 0.188 0.169 0.045 0.081 0.084 0.090 0.035 0.040 0.061 0.047 0.063 0.001 0.041 0.077 0.008 0.008 0.009 0.010 0.044 0.005 0.002 0.000 0.000 0.000 0.002 0.003 0.000 0.000 0.026 0.025 0.000 0.000 0.052 0.000
0.141 0.045 0.011 0.080 0.029 0.012 0.023 0.009 0.007 0.005 0.005 0.005 0.011 0.012 0.025 0.012 0.010 0.000 0.084 0.090 0.026 0.009 0.006 0.055 0.000 0.001 0.000 0.000 0.002 0.001 0.002 0.000 0.000 0.000 0.000 0.000 0.000 0.000 0.000 0.000 0.000 0.000 0.196 0.106 0.085 0.081 0.061 0.126 0.118 0.104 0.094 0.097 0.000 0.103 0.083 0.019 0.006 0.002 0.000 0.017 0.036 0.005 0.006 0.005 0.007 0.032 0.002 0.033 0.020 0.000 0.035 0.002 0.014 0.003 0.003 0.002 0.001
0.054 0.001 0.000 0.000 0.108 0.015 0.000 0.004 0.059 0.000 0.028 0.058 0.014 0.000 0.004 0.005 0.020 0.100 0.077 0.000 0.057 0.000 0.000 0.085 0.040 0.005 0.027 0.000 0.000 0.000 0.023 0.003 0.000 0.014 0.041 0.000 0.000 0.000 0.000 0.000 0.018 0.000 0.158 0.124 0.081 0.025 0.112 0.108 0.130 0.056 0.018 0.107 0.056 0.135 0.000 0.012 0.006 0.003 0.006 0.014 0.017 0.007 0.020 0.009 0.000 0.015 0.000 0.045 0.000 0.000 0.003 0.046 0.020 0.002 0.000 0.019 0.000
0.032 0.057 0.031 0.067 0.007 0.165 0.065 0.000 0.008 0.000 0.023 0.012 0.017 0.071 0.062 0.033 0.008 0.000 0.062 0.039 0.000 0.051 0.008 0.005 0.004 0.003 0.010 0.037 0.023 0.002 0.003 0.014 0.004 0.031 0.032 0.000 0.000 0.000 0.000 0.016 0.001 0.000 0.155 0.125 0.111 0.059 0.057 0.119 0.039 0.164 0.046 0.139 0.164 0.030 0.030 0.003 0.042 0.000 0.032 0.009 0.005 0.008 0.005 0.019 0.018 0.011 0.003 0.000 0.000 0.039 0.007 0.006 0.007 0.000 0.000 0.000 0.000
0.050 0.023 0.127 0.021 0.000 0.049 0.009 0.065 0.017 0.015 0.004 0.006 0.001 0.049 0.000 0.013 0.016 0.014 0.011 0.013 0.021 0.053 0.027 0.004 0.014 0.012 0.032 0.090 0.009 0.001 0.000 0.000 0.150 0.000 0.000 0.000 0.000 0.000 0.053 0.023 0.005 0.000 0.119 0.179 0.138 0.177 0.097 0.091 0.125 0.023 0.094 0.079 0.063 0.026 0.007 0.014 0.013 0.053 0.051 0.005 0.008 0.005 0.000 0.054 0.000 0.040 0.013 0.000 0.000 0.044 0.032 0.021 0.000 0.000 0.000 0.000 0.000
0.011 0.020 0.128 0.035 0.069 0.017 0.005 0.000 0.000 0.101 0.002 0.076 0.036 0.013 0.034 0.010 0.000 0.048 0.087 0.009 0.000 0.000 0.022 0.021 0.013 0.000 0.076 0.000 0.059 0.010 0.000 0.000 0.000 0.000 0.000 0.000 0.000 0.000 0.000 0.026 0.000 0.000 0.136 0.163 0.187 0.125 0.152 0.092 0.073 0.042 0.127 0.078 0.069 0.010 0.045 0.002 0.078 0.047 0.013 0.010 0.051 0.027 0.024 0.000 0.012 0.012 0.012 0.129 0.007 0.030 0.000 0.000 0.000 0.000 0.000 0.017 0.058
0.000 0.000 0.000 0.165 0.008 0.117 0.043 0.019 0.000 0.071 0.122 0.013 0.011 0.000 0.000 0.057 0.000 0.090 0.000 0.057 0.016 0.046 0.002 0.000 0.003 0.113 0.047 0.056 0.008 0.056 0.008 0.010 0.000 0.103 0.000 0.000 0.126 0.000 0.010 0.002 0.000 0.000 0.157 0.100 0.112 0.145 0.231 0.096 0.096 0.213 0.145 0.005 0.014 0.001 0.019 0.013 0.014 0.013 0.010 0.000 0.029 0.007 0.007 0.017 0.066 0.051 0.000 0.022 0.029 0.020 0.001 0.000 0.000 0.000 0.087 0.000 0.066
0.035 0.035 0.009 0.089 0.125 0.063 0.050 0.091 0.056 0.044 0.000 0.035 0.193 0.026 0.000 0.034 0.019 0.058 0.003 0.005 0.000 0.007 0.003 0.004 0.026 0.000 0.001 0.000 0.008 0.002 0.020 0.006 0.008 0.009 0.010 0.010 0.013 0.009 0.011 0.010 0.000 0.000 0.173 0.137 0.165 0.156 0.118 0.075 0.119 0.134 0.092 0.002 0.054 0.002 0.004 0.002 0.004 0.000 0.027 0.025 0.013 0.069 0.022 0.017 0.004 0.004 0.032 0.014 0.000 0.053 0.026 0.000 0.000 0.000 0.080 0.071 0.077
0.000 0.086 0.103 0.000 0.000 0.061 0.039 0.049 0.009 0.053 0.033 0.024 0.053 0.092 0.112 0.011 0.000 0.045 0.005 0.005 0.047 0.008 0.014 0.000 0.007 0.000 0.000 0.030 0.059 0.000 0.000 0.000 0.000 0.093 0.010 0.000 0.045 0.000 0.000 0.000 0.000 0.000 0.222 0.146 0.131 0.124 0.151 0.129 0.152 0.063 0.035 0.008 0.005 0.006 0.030 0.002 0.045 0.003 0.000 0.000 0.000 0.004 0.000 0.019 0.094 0.046 0.000 0.051 0.000 0.000 0.012 0.000 0.000 0.000 0.083 0.029 0.018
0.000 0.229 0.031 0.061 0.014 0.000 0.109 0.024 0.088 0.000 0.042 0.087 0.000 0.053 0.000 0.182 0.014 0.013 0.014 0.040 0.009 0.066 0.000 0.000 0.000 0.000 0.083 0.003 0.003 0.004 0.000 0.000 0.018 0.000 0.000 0.025 0.000 0.000 0.000 0.000 0.000 0.000 0.233 0.192 0.193 0.115 0.155 0.124 0.032 0.040 0.010 0.000 0.031 0.054 0.000 0.002 0.005 0.003 0.000 0.000 0.007 0.000 0.000 0.000 0.001 0.019 0.009 0.009 0.037 0.006 0.062 0.000 0.067 0.012 0.125 0.077 0.085
0.081 0.000 0.061 0.003 0.010 0.040 0.004 0.100 0.063 0.139 0.054 0.058 0.029 0.038 0.048 0.007 0.019 0.000 0.002 0.000 0.054 0.000 0.018 0.081 0.031 0.032 0.006 0.003 0.000 0.004 0.000 0.107 0.004 0.020 0.092 0.005 0.002 0.033 0.000 0.000 0.000 0.000 0.166 0.162 0.122 0.110 0.210 0.049 0.060 0.000 0.000 0.000 0.034 0.004 0.013 0.024 0.000 0.004 0.033 0.015 0.004 0.000 0.021 0.008 0.014 0.001 0.000 0.001 0.000 0.000 0.033 0.000 0.112 0.049 0.098 0.014 0.034
0.155 0.043 0.119 0.099 0.025 0.018 0.020 0.000 0.000 0.054 0.009 0.002 0.029 0.004 0.025 0.020 0.002 0.059 0.083 0.046 0.032 0.073 0.033 0.030 0.125 0.065 0.004 0.001 0.000 0.002 0.077 0.025 0.005 0.000 0.010 0.000 0.001 0.000 0.022 0.000 0.044 0.000 0.190 0.188 0.172 0.191 0.148 0.137 0.002 0.000 0.011 0.063 0.033 0.013 0.000 0.013 0.000 0.000 0.036 0.029 0.000 0.108 0.064 0.000 0.000 0.002 0.019 0.000 0.000 0.059 0.013 0.081 0.091 0.073 0.007 0.036 0.000
0.044 0.014 0.127 0.049 0.064 0.000 0.056 0.011 0.058 0.000 0.052 0.061 0.006 0.119 0.063 0.048 0.067 0.058 0.149 0.034 0.050 0.006 0.006 0.041 0.021 0.000 0.004 0.002 0.000 0.000 0.037 0.060 0.003 0.000 0.019 0.002 0.001 0.002 0.022 0.000 0.000 0.000 0.187 0.214 0.157 0.099 0.099 0.038 0.001 0.004 0.012 0.002 0.000 0.008 0.020 0.010 0.031 0.017 0.060 0.005 0.063 0.005 0.006 0.001 0.027 0.000 0.000 0.000 0.003 0.003 0.131 0.170 0.156 0.006 0.036 0.034 0.070
0.018 0.014 0.000 0.135 0.023 0.025 0.075 0.161 0.052 0.090 0.028 0.064 0.000 0.086 0.036 0.000 0.014 0.083 0.052 0.066 0.000 0.000 0.097 0.008 0.038 0.010 0.002 0.063 0.061 0.049 0.025 0.013 0.006 0.000 0.001 0.001 0.003 0.000 0.000 0.000 0.000 0.000 0.165 0.166 0.190 0.054 0.056 0.009 0.042 0.028 0.062 0.001 0.002 0.000 0.017 0.000 0.000 0.039 0.000 0.000 0.025 0.002 0.000 0.000 0.063 0.000 0.000 0.019 0.031 0.079 0.000 0.048 0.000 0.026 0.000 0.011 0.033
0.039 0.004 0.005 0.069 0.006 0.217 0.000 0.050 0.063 0.011 0.021 0.151 0.045 0.037 0.069 0.049 0.014 0.000 0.017 0.046 0.101 0.012 0.002 0.034 0.000 0.012 0.009 0.053 0.096 0.076 0.005 0.000 0.035 0.010 0.009 0.001 0.001 0.076 0.001 0.024 0.011 0.000 0.246 0.142 0.033 0.125 0.010 0.038 0.022 0.052 0.017 0.006 0.021 0.000 0.035 0.000 0.091 0.024 0.054 0.000 0.003 0.025 0.002 0.000 0.000 0.000 0.012 0.051 0.120 0.127 0.089 0.053 0.016 0.015 0.037 0.009 0.001
0.005 0.004 0.054 0.053 0.084 0.000 0.000 0.020 0.000 0.091 0.000 0.000 0.008 0.117 0.060 0.022 0.040 0.145 0.007 0.083 0.108 0.037 0.000 0.082 0.013 0.004 0.030 0.036 0.117 0.107 0.001 0.085 0.000 0.013 0.000 0.000 0.002 0.000 0.024 0.000 0.000 0.000 0.176 0.085 0.160 0.049 0.039 0.061 0.001 0.023 0.006 0.023 0.012 0.028 0.041 0.000 0.019 0.042 0.038 0.005 0.001 0.000 0.051 0.000 0.000 0.036 0.007 0.014 0.025 0.100 0.062 0.085 0.016 0.007 0.000 0.008 0.001
0.080 0.103 0.004 0.112 0.000 0.101 0.127 0.031 0.028 0.011 0.000 0.062 0.000 0.032 0.004 0.069 0.004 0.030 0.008 0.000 0.032 0.018 0.021 0.018 0.041 0.047 0.006 0.007 0.027 0.001 0.000 0.000 0.000 0.018 0.002 0.046 0.003 0.000 0.016 0.000 0.000 0.000 0.183 0.103 0.077 0.060 0.054 0.055 0.093 0.008 0.003 0.002 0.003 0.000 0.004 0.000 0.034 0.000 0.000 0.038 0.074 0.000 0.000 0.000 0.013 0.008 0.061 0.104 0.091 0.002 0.075 0.017 0.000 0.000 0.000 0.068 0.043
