includes/estuary_coast/floodfiles/results/res-0014.wd
ncols         730
nrows         472
xllcorner     380617.130607
yllcorner     6542069.774949
cellsize      20.000000
NODATA_value  -9999.000000
[rows 306 to 339 of 472, columns 462 to 538 of 730]
0.722 0.653 0.577 0.538 0.637 0.614 0.596 0.542 0.571 0.636 0.449 0.435 0.638 0.714 0.241 0.639 0.645 0.633 0.565 0.196 0.000 0.427 0.595 0.602 0.295 0.000 0.094 0.054 0.446 0.543 0.497 0.509 0.520 0.550 0.112 0.397 0.354 0.517 0.432 0.296 0.420 0.120 0.227 0.118 0.220 0.071 0.000 0.000 0.084 0.000 0.000 0.000 0.192 0.097 0.176 0.127 0.126 0.000 0.000 0.166 0.243 0.267 0.341 0.281 0.193 0.000 0.000 0.148 0.000 0.058 0.000 0.000 0.000 0.000 0.000 0.000 0.000
0.771 0.583 0.590 0.522 0.556 0.508 0.563 0.563 0.598 0.704 0.420 0.540 0.355 0.696 0.389 0.437 0.619 0.615 0.571 0.636 0.563 0.651 0.605 0.567 0.081 0.112 0.007 0.267 0.084 0.493 0.434 0.343 0.503 0.506 0.471 0.462 0.491 0.568 0.507 0.388 0.280 0.261 0.184 0.152 0.234 0.003 0.001 0.000 0.000 0.002 0.097 0.125 0.079 0.064 0.142 0.157 0.000 0.078 0.010 0.192 0.301 0.447 0.282 0.149 0.155 0.002 0.000 0.060 0.149 0.000 0.000 0.000 0.000 0.019 0.003 0.087 0.000
0.680 0.593 0.643 0.593 0.540 0.545 0.561 0.600 0.599 0.528 0.561 0.609 0.596 0.434 0.653 0.539 0.311 0.574 0.555 0.616 0.585 0.586 0.552 0.239 0.014 0.063 0.372 0.242 0.481 0.144 0.485 0.522 0.542 0.544 0.576 0.529 0.570 0.558 0.334 0.305 0.156 0.282 0.095 0.244 0.240 0.115 0.000 0.020 0.000 0.057 0.112 0.000 0.282 0.221 0.095 0.117 0.200 0.176 0.248 0.264 0.378 0.280 0.064 0.082 0.179 0.056 0.020 0.026 0.000 0.000 0.000 0.000 0.000 0.004 0.003 0.002 0.000
0.649 0.701 0.650 0.640 0.592 0.598 0.611 0.533 0.583 0.591 0.549 0.527 0.561 0.389 0.495 0.586 0.537 0.097 0.490 0.556 0.569 0.453 0.570 0.370 0.104 0.138 0.386 0.174 0.371 0.346 0.198 0.349 0.542 0.508 0.479 0.560 0.464 0.387 0.283 0.204 0.078 0.157 0.280 0.256 0.176 0.292 0.046 0.043 0.000 0.051 0.000 0.321 0.278 0.102 0.203 0.259 0.205 0.272 0.361 0.243 0.243 0.173 0.100 0.041 0.117 0.144 0.024 0.001 0.006 0.046 0.000 0.000 0.000 0.000 0.000 0.003 0.000
0.641 0.690 0.644 0.672 0.600 0.574 0.623 0.772 0.659 0.579 0.554 0.670 0.454 0.572 0.467 0.508 0.534 0.255 0.048 0.483 0.337 0.572 0.623 0.552 0.565 0.069 0.177 0.547 0.553 0.312 0.238 0.105 0.194 0.496 0.446 0.504 0.213 0.219 0.156 0.084 0.310 0.391 0.222 0.466 0.275 0.281 0.061 0.000 0.171 0.164 0.295 0.023 0.518 0.429 0.311 0.046 0.349 0.325 0.177 0.138 0.104 0.005 0.000 0.000 0.020 0.012 0.171 0.086 0.056 0.000 0.000 0.000 0.000 0.000 0.011 0.103 0.000
0.633 0.585 0.756 0.828 0.636 0.722 0.524 0.581 0.723 0.171 0.711 0.620 0.494 0.526 0.599 0.487 0.528 0.517 0.277 0.138 0.212 0.556 0.591 0.646 0.351 0.516 0.439 0.565 0.554 0.564 0.356 0.285 0.000 0.196 0.180 0.087 0.199 0.253 0.279 0.361 0.366 0.328 0.273 0.384 0.377 0.220 0.277 0.032 0.265 0.130 0.265 0.493 0.259 0.115 0.161 0.193 0.230 0.209 0.067 0.097 0.000 0.000 0.000 0.000 0.000 0.000 0.210 0.285 0.119 0.192 0.000 0.000 0.000 0.133 0.158 0.066 0.000
0.674 0.665 0.647 0.697 0.720 0.529 0.529 0.583 0.485 0.012 0.650 0.613 0.647 0.583 0.569 0.598 0.528 0.527 0.517 0.530 0.185 0.284 0.659 0.495 0.502 0.531 0.581 0.562 0.544 0.599 0.477 0.002 0.208 0.000 0.071 0.013 0.187 0.153 0.410 0.439 0.432 0.391 0.260 0.146 0.312 0.315 0.349 0.482 0.129 0.596 0.393 0.273 0.155 0.000 0.031 0.171 0.108 0.271 0.109 0.000 0.000 0.000 0.000 0.000 0.000 0.125 0.401 0.306 0.457 0.000 0.000 0.113 0.111 0.214 0.080 0.000 0.000
0.642 0.720 0.706 0.648 0.691 0.494 0.823 0.688 0.416 0.458 0.612 0.608 0.619 0.631 0.520 0.564 0.530 0.494 0.521 0.536 0.507 0.345 0.326 0.526 0.459 0.558 0.573 0.533 0.539 0.364 0.473 0.158 0.207 0.103 0.098 0.225 0.394 0.448 0.257 0.434 0.000 0.114 0.364 0.303 0.278 0.358 0.060 0.369 0.465 0.215 0.158 0.168 0.005 0.000 0.000 0.016 0.190 0.286 0.070 0.007 0.000 0.000 0.000 0.047 0.179 0.408 0.390 0.362 0.292 0.083 0.289 0.077 0.026 0.083 0.000 0.000 0.000
0.773 0.661 0.714 0.622 0.647 0.669 0.538 0.616 0.603 0.332 0.592 0.631 0.560 0.590 0.549 0.559 0.560 0.540 0.550 0.417 0.553 0.592 0.473 0.519 0.461 0.527 0.564 0.531 0.508 0.094 0.235 0.152 0.085 0.270 0.079 0.287 0.343 0.335 0.480 0.225 0.242 0.546 0.431 0.590 0.171 0.300 0.606 0.481 0.328 0.179 0.103 0.130 0.103 0.000 0.038 0.000 0.079 0.000 0.170 0.055 0.000 0.013 0.191 0.304 0.448 0.269 0.301 0.190 0.206 0.145 0.164 0.293 0.000 0.000 0.000 0.000 0.000
0.890 0.747 0.719 0.664 0.709 0.652 0.637 0.627 0.621 0.413 0.510 0.534 0.563 0.681 0.551 0.590 0.498 0.518 0.526 0.563 0.546 0.563 0.520 0.526 0.375 0.519 0.448 0.451 0.298 0.301 0.240 0.244 0.269 0.255 0.247 0.197 0.514 0.440 0.442 0.407 0.327 0.449 0.336 0.098 0.674 0.583 0.446 0.442 0.177 0.388 0.158 0.177 0.220 0.054 0.004 0.000 0.006 0.178 0.000 0.225 0.249 0.295 0.316 0.256 0.197 0.128 0.070 0.056 0.231 0.266 0.098 0.000 0.010 0.033 0.001 0.000 0.000
0.719 0.648 0.709 0.674 0.531 0.705 0.609 0.545 0.607 0.636 0.321 0.507 0.527 0.554 0.648 0.578 0.589 0.504 0.556 0.560 0.531 0.542 0.535 0.408 0.502 0.445 0.356 0.605 0.330 0.353 0.566 0.578 0.485 0.157 0.349 0.355 0.202 0.361 0.482 0.364 0.333 0.092 0.514 0.538 0.382 0.406 0.383 0.708 0.320 0.351 0.258 0.135 0.283 0.261 0.032 0.016 0.114 0.198 0.000 0.246 0.223 0.270 0.246 0.123 0.061 0.006 0.174 0.237 0.440 0.197 0.219 0.304 0.236 0.164 0.051 0.000 0.000
0.696 0.635 0.756 0.655 0.431 0.586 0.605 0.452 0.535 0.578 0.377 0.439 0.543 0.561 0.564 0.480 0.568 0.448 0.547 0.573 0.481 0.429 0.513 0.176 0.631 0.439 0.449 0.468 0.520 0.562 0.615 0.596 0.533 0.447 0.509 0.452 0.045 0.496 0.631 0.195 0.355 0.686 0.632 0.377 0.404 0.505 0.531 0.467 0.572 0.318 0.130 0.188 0.130 0.254 0.164 0.200 0.151 0.003 0.000 0.023 0.257 0.112 0.031 0.006 0.134 0.228 0.360 0.301 0.127 0.540 0.627 0.563 0.425 0.429 0.185 0.000 0.000
0.766 0.534 0.697 0.568 0.580 0.630 0.615 0.581 0.516 0.620 0.518 0.485 0.497 0.413 0.488 0.561 0.576 0.587 0.398 0.540 0.506 0.226 0.350 0.535 0.541 0.465 0.483 0.437 0.212 0.424 0.508 0.357 0.244 0.527 0.499 0.478 0.428 0.322 0.009 0.305 0.508 0.478 0.414 0.438 0.388 0.478 0.479 0.559 0.509 0.355 0.221 0.288 0.176 0.023 0.138 0.095 0.000 0.000 0.000 0.035 0.032 0.027 0.069 0.221 0.304 0.385 0.046 0.527 0.759 0.545 0.566 0.702 0.468 0.441 0.358 0.056 0.000
0.640 0.697 0.540 0.625 0.737 0.720 0.712 0.680 0.542 0.606 0.604 0.115 0.354 0.362 0.532 0.493 0.583 0.559 0.526 0.418 0.381 0.411 0.480 0.441 0.464 0.558 0.567 0.513 0.461 0.370 0.297 0.092 0.118 0.585 0.386 0.474 0.176 0.175 0.452 0.522 0.481 0.463 0.380 0.432 0.409 0.406 0.469 0.508 0.453 0.358 0.192 0.063 0.057 0.000 0.122 0.009 0.000 0.000 0.000 0.042 0.105 0.180 0.262 0.394 0.108 0.333 0.585 0.615 0.618 0.716 0.634 0.596 0.547 0.499 0.420 0.299 0.000
0.664 0.658 0.698 0.783 0.661 0.655 0.661 0.559 0.552 0.625 0.577 0.511 0.223 0.410 0.435 0.518 0.494 0.547 0.255 0.157 0.444 0.443 0.455 0.457 0.485 0.495 0.595 0.488 0.517 0.325 0.202 0.179 0.250 0.185 0.310 0.045 0.325 0.404 0.449 0.494 0.476 0.458 0.476 0.431 0.437 0.334 0.496 0.511 0.219 0.347 0.214 0.100 0.110 0.003 0.000 0.000 0.006 0.140 0.135 0.384 0.270 0.004 0.194 0.261 0.629 0.611 0.637 0.634 0.645 0.560 0.634 0.635 0.702 0.583 0.449 0.237 0.000
0.678 0.937 0.693 0.698 0.788 0.655 0.345 0.517 0.616 0.605 0.585 0.553 0.370 0.101 0.489 0.457 0.204 0.582 0.466 0.372 0.417 0.479 0.452 0.510 0.449 0.536 0.555 0.293 0.490 0.606 0.110 0.381 0.360 0.001 0.454 0.246 0.049 0.404 0.430 0.464 0.489 0.536 0.416 0.476 0.487 0.371 0.319 0.296 0.000 0.238 0.163 0.000 0.238 0.075 0.148 0.146 0.291 0.328 0.355 0.383 0.281 0.000 0.490 0.656 0.494 0.536 0.598 0.537 0.557 0.398 0.565 0.746 0.678 0.633 0.549 0.348 0.000
0.603 0.719 0.843 0.635 0.698 0.626 0.519 0.623 0.621 0.590 0.628 0.475 0.451 0.085 0.123 0.360 0.470 0.490 0.509 0.488 0.503 0.664 0.466 0.492 0.454 0.577 0.539 0.564 0.518 0.340 0.133 0.060 0.275 0.024 0.265 0.145 0.143 0.168 0.334 0.448 0.390 0.447 0.639 0.431 0.383 0.417 0.296 0.414 0.434 0.296 0.290 0.191 0.223 0.123 0.000 0.251 0.242 0.256 0.412 0.147 0.369 0.224 0.457 0.395 0.529 0.561 0.406 0.490 0.339 0.451 0.663 0.732 0.629 0.692 0.597 0.525 0.000
0.783 0.732 0.778 0.557 0.717 0.636 0.628 0.684 0.687 0.588 0.621 0.240 0.617 0.338 0.000 0.261 0.495 0.555 0.518 0.537 0.503 0.455 0.547 0.514 0.479 0.563 0.554 0.503 0.094 0.000 0.117 0.026 0.000 0.607 0.576 0.111 0.130 0.264 0.226 0.184 0.503 0.415 0.570 0.484 0.470 0.483 0.360 0.343 0.338 0.089 0.250 0.004 0.074 0.288 0.184 0.290 0.365 0.128 0.259 0.359 0.408 0.334 0.188 0.429 0.510 0.466 0.427 0.486 0.499 0.513 0.545 0.690 0.623 0.532 0.367 0.412 0.000
0.735 0.729 0.753 0.780 0.760 0.511 0.636 0.550 0.543 0.500 0.694 0.750 0.753 0.713 0.000 0.480 0.110 0.568 0.573 0.524 0.507 0.481 0.486 0.618 0.473 0.402 0.302 0.304 0.189 0.087 0.000 0.588 0.580 0.597 0.537 0.514 0.297 0.077 0.001 0.259 0.314 0.450 0.414 0.524 0.502 0.469 0.454 0.466 0.368 0.253 0.218 0.028 0.169 0.238 0.145 0.409 0.113 0.315 0.408 0.494 0.459 0.448 0.320 0.446 0.481 0.526 0.343 0.443 0.439 0.451 0.360 0.487 0.557 0.493 0.500 0.485 0.000
0.457 0.660 0.704 0.702 0.690 0.790 0.767 0.506 0.577 0.659 0.407 0.653 0.642 0.626 0.611 0.658 0.350 0.472 0.500 0.523 0.553 0.534 0.490 0.518 0.419 0.327 0.061 0.623 0.098 0.421 0.599 0.576 0.497 0.583 0.649 0.647 0.226 0.094 0.202 0.231 0.269 0.479 0.451 0.463 0.510 0.559 0.496 0.435 0.397 0.409 0.355 0.149 0.112 0.287 0.250 0.455 0.291 0.393 0.250 0.489 0.534 0.528 0.458 0.091 0.584 0.509 0.509 0.514 0.499 0.382 0.446 0.552 0.500 0.495 0.534 0.526 0.000
0.723 0.734 0.738 0.525 0.707 0.745 0.764 0.676 0.591 0.660 0.650 0.702 0.617 0.607 0.584 0.359 0.660 0.526 0.538 0.554 0.468 0.518 0.210 0.211 0.136 0.405 0.437 0.553 0.583 0.616 0.558 0.582 0.675 0.603 0.646 0.545 0.677 0.376 0.398 0.547 0.513 0.334 0.494 0.365 0.509 0.333 0.440 0.417 0.426 0.279 0.345 0.234 0.280 0.308 0.277 0.291 0.279 0.383 0.395 0.309 0.548 0.541 0.461 0.340 0.337 0.532 0.504 0.569 0.515 0.397 0.444 0.376 0.525 0.366 0.411 0.477 0.000
0.745 0.741 0.545 0.682 0.678 0.875 0.798 0.728 0.643 0.617 0.637 0.681 0.660 0.587 0.511 0.540 0.428 0.431 0.551 0.510 0.082 0.241 0.137 0.088 0.380 0.539 0.618 0.616 0.574 0.608 0.581 0.550 0.558 0.573 0.628 0.588 0.567 0.468 0.631 0.485 0.345 0.429 0.450 0.379 0.415 0.266 0.328 0.429 0.489 0.442 0.386 0.310 0.471 0.280 0.271 0.289 0.361 0.375 0.525 0.421 0.522 0.498 0.443 0.265 0.324 0.522 0.436 0.467 0.500 0.477 0.467 0.442 0.577 0.457 0.410 0.365 0.467
0.715 0.619 0.727 0.285 0.681 0.703 0.817 0.785 0.656 0.687 0.644 0.691 0.692 0.566 0.693 0.535 0.566 0.518 0.259 0.389 0.177 0.436 0.068 0.551 0.674 0.533 0.557 0.570 0.600 0.586 0.564 0.546 0.624 0.510 0.549 0.619 0.526 0.602 0.254 0.355 0.365 0.356 0.350 0.353 0.326 0.421 0.448 0.354 0.454 0.395 0.490 0.301 0.288 0.260 0.290 0.365 0.310 0.249 0.501 0.483 0.686 0.334 0.150 0.135 0.543 0.528 0.488 0.557 0.585 0.555 0.528 0.586 0.459 0.496 0.442 0.384 0.406
0.680 0.695 0.347 0.000 0.000 0.000 0.285 0.796 0.671 0.698 0.702 0.590 0.632 0.561 0.543 0.424 0.268 0.541 0.144 0.424 0.217 0.540 0.669 0.576 0.516 0.510 0.546 0.542 0.594 0.673 0.580 0.574 0.576 0.537 0.646 0.605 0.613 0.603 0.595 0.672 0.291 0.367 0.352 0.391 0.469 0.432 0.493 0.586 0.530 0.506 0.326 0.355 0.247 0.251 0.328 0.268 0.244 0.386 0.395 0.551 0.318 0.394 0.591 0.523 0.610 0.542 0.532 0.435 0.547 0.661 0.647 0.469 0.452 0.343 0.478 0.379 0.448
0.607 0.684 0.735 0.000 0.000 0.000 0.000 0.000 0.307 0.559 0.364 0.599 0.586 0.261 0.252 0.099 0.046 0.230 0.250 0.590 0.576 0.627 0.641 0.589 0.585 0.541 0.575 0.541 0.549 0.617 0.630 0.552 0.592 0.596 0.525 0.588 0.553 0.554 0.614 0.616 0.504 0.480 0.347 0.348 0.376 0.448 0.496 0.592 0.446 0.416 0.475 0.302 0.270 0.268 0.270 0.251 0.362 0.500 0.389 0.624 0.606 0.726 0.721 0.616 0.645 0.640 0.510 0.606 0.618 0.622 0.529 0.499 0.457 0.469 0.436 0.406 0.386
0.748 0.616 0.614 0.436 0.695 0.530 0.007 0.037 0.037 0.144 0.481 0.232 0.509 0.073 0.197 0.066 0.079 0.222 0.540 0.580 0.567 0.545 0.546 0.554 0.641 0.602 0.587 0.619 0.564 0.506 0.588 0.542 0.568 0.632 0.646 0.562 0.561 0.634 0.551 0.351 0.401 0.299 0.473 0.456 0.429 0.362 0.404 0.574 0.498 0.556 0.556 0.284 0.267 0.258 0.277 0.516 0.289 0.571 0.608 0.625 0.729 0.736 0.608 0.669 0.611 0.587 0.614 0.514 0.599 0.587 0.577 0.539 0.472 0.455 0.386 0.345 0.430
0.721 0.559 0.544 0.705 0.727 0.687 0.670 0.707 0.000 0.137 0.259 0.089 0.272 0.147 0.173 0.338 0.586 0.372 0.482 0.476 0.467 0.575 0.529 0.525 0.606 0.627 0.593 0.547 0.609 0.607 0.536 0.570 0.537 0.642 0.586 0.595 0.270 0.349 0.258 0.255 0.348 0.526 0.391 0.343 0.367 0.346 0.488 0.573 0.471 0.608 0.606 0.632 0.256 0.249 0.285 0.316 0.490 0.618 0.707 0.691 0.642 0.583 0.660 0.660 0.579 0.635 0.630 0.629 0.593 0.651 0.516 0.468 0.521 0.462 0.369 0.476 0.338
0.610 0.741 0.691 0.743 0.796 0.717 0.553 0.042 0.158 0.185 0.015 0.092 0.314 0.337 0.153 0.290 0.438 0.584 0.542 0.468 0.428 0.458 0.575 0.502 0.593 0.583 0.661 0.653 0.565 0.661 0.599 0.567 0.587 0.585 0.543 0.518 0.318 0.331 0.355 0.422 0.390 0.357 0.387 0.560 0.566 0.541 0.508 0.540 0.597 0.799 0.634 0.531 0.623 0.291 0.303 0.270 0.609 0.664 0.691 0.688 0.697 0.593 0.676 0.739 0.681 0.576 0.578 0.674 0.553 0.595 0.545 0.505 0.460 0.386 0.551 0.437 0.405
0.712 0.775 0.504 0.626 0.334 0.344 0.191 0.243 0.415 0.159 0.222 0.706 0.521 0.357 0.177 0.194 0.330 0.276 0.314 0.366 0.354 0.455 0.423 0.507 0.590 0.551 0.612 0.662 0.552 0.567 0.535 0.508 0.584 0.530 0.551 0.652 0.536 0.432 0.446 0.317 0.357 0.296 0.482 0.601 0.560 0.445 0.600 0.518 0.661 0.739 0.609 0.629 0.706 0.260 0.619 0.700 0.647 0.702 0.717 0.659 0.703 0.628 0.698 0.639 0.713 0.583 0.572 0.547 0.551 0.565 0.531 0.433 0.563 0.450 0.469 0.567 0.470
0.704 0.620 0.143 0.568 0.207 0.306 0.231 0.287 0.511 0.629 0.749 0.873 0.741 0.633 0.496 0.319 0.269 0.322 0.230 0.209 0.158 0.311 0.476 0.525 0.498 0.629 0.598 0.538 0.500 0.658 0.492 0.601 0.604 0.508 0.587 0.668 0.550 0.377 0.425 0.382 0.380 0.537 0.728 0.583 0.579 0.674 0.543 0.494 0.725 0.711 0.732 0.637 0.629 0.562 0.604 0.566 0.574 0.668 0.628 0.636 0.660 0.722 0.672 0.703 0.635 0.564 0.601 0.548 0.520 0.494 0.489 0.466 0.430 0.374 0.440 0.460 0.367
0.519 0.494 0.244 0.367 0.373 0.567 0.772 0.735 0.716 0.680 0.686 0.716 0.699 0.577 0.634 0.629 0.437 0.315 0.235 0.199 0.180 0.316 0.276 0.187 0.403 0.551 0.518 0.700 0.666 0.668 0.569 0.516 0.602 0.556 0.596 0.424 0.448 0.361 0.445 0.564 0.594 0.665 0.598 0.663 0.573 0.544 0.689 0.690 0.613 0.668 0.677 0.637 0.613 0.503 0.539 0.661 0.661 0.512 0.662 0.651 0.564 0.699 0.648 0.724 0.539 0.551 0.475 0.551 0.534 0.436 0.510 0.649 0.381 0.492 0.441 0.325 0.378
0.320 0.545 0.336 0.529 0.860 0.725 0.726 0.698 0.764 0.826 0.801 0.714 0.532 0.763 0.536 0.496 0.489 0.535 0.558 0.433 0.197 0.293 0.242 0.223 0.307 0.278 0.413 0.493 0.586 0.499 0.630 0.571 0.578 0.507 0.347 0.406 0.379 0.430 0.575 0.671 0.654 0.612 0.649 0.575 0.614 0.637 0.673 0.659 0.676 0.574 0.633 0.648 0.679 0.575 0.613 0.625 0.583 0.669 0.480 0.670 0.731 0.692 0.641 0.607 0.605 0.589 0.602 0.655 0.485 0.535 0.534 0.532 0.558 0.473 0.440 0.407 0.352
0.024 0.030 0.587 0.688 0.723 0.819 0.777 0.772 0.729 0.693 0.862 0.700 0.657 0.584 0.574 0.401 0.593 0.566 0.601 0.576 0.513 0.545 0.315 0.174 0.301 0.277 0.289 0.287 0.287 0.406 0.524 0.514 0.365 0.346 0.304 0.460 0.449 0.609 0.646 0.645 0.686 0.703 0.684 0.620 0.650 0.723 0.637 0.638 0.533 0.658 0.691 0.635 0.668 0.684 0.698 0.644 0.701 0.569 0.690 0.603 0.588 0.605 0.721 0.590 0.594 0.595 0.526 0.536 0.541 0.622 0.617 0.539 0.493 0.594 0.490 0.483 0.343
1.202 0.014 0.028 0.546 0.724 0.779 0.754 0.676 0.793 0.634 0.780 0.773 0.560 0.516 0.451 0.671 0.574 0.612 0.694 0.655 0.637 0.664 0.666 0.553 0.392 0.243 0.313 0.313 0.313 0.209 0.266 0.289 0.249 0.385 0.475 0.491 0.580 0.588 0.611 0.606 0.640 0.585 0.667 0.637 0.631 0.597 0.516 0.572 0.557 0.597 0.633 0.733 0.700 0.692 0.730 0.709 0.673 0.654 0.697 0.608 0.549 0.584 0.607 0.565 0.515 0.549 0.507 0.506 0.590 0.635 0.551 0.579 0.582 0.717 0.513 0.572 0.440
