includes/estuary_coast/floodfiles/results/res-0006.wdfp
ncols         730
nrows         472
xllcorner     380617.130607059982140
yllcorner     6542069.774948899634182
cellsize      20.000000000000000
NODATA_value  -9999.000000
[rows 238 to 271 of 472, columns 0 to 76 of 730]
4.654 4.583 4.495 4.384 4.299 4.239 4.199 4.190 4.167 4.121 4.102 4.099 4.094 4.096 4.086 4.082 4.077 4.052 4.022 4.008 3.992 3.963 3.934 3.916 3.911 3.906 3.885 3.877 3.878 3.870 3.828 3.780 3.750 3.739 3.721 3.693 3.674 3.660 3.643 3.629 3.621 3.619 3.622 3.651 3.701 3.771 3.785 3.714 2.859 2.753 2.783 2.603 2.611 2.505 2.425 2.359 2.378 2.418 2.255 2.291 2.228 2.252 2.174 2.012 2.084 2.075 2.033 1.973 1.957 1.941 1.926 1.865 1.803 1.673 1.671 1.653 1.554
4.670 4.599 4.534 4.453 4.358 4.286 4.255 4.218 4.191 4.150 4.127 4.115 4.107 4.114 4.118 4.117 4.100 4.067 4.043 4.012 4.000 3.983 3.950 3.927 3.922 3.906 3.885 3.876 3.877 3.870 3.828 3.771 3.742 3.737 3.725 3.693 3.671 3.657 3.645 3.625 3.620 3.616 3.619 3.638 3.673 3.701 3.707 3.663 3.613 2.768 2.720 2.656 2.683 2.538 2.499 2.499 2.323 2.305 2.310 2.379 2.345 2.243 2.162 2.168 2.102 2.094 2.093 1.958 1.882 1.852 1.803 1.890 1.712 1.737 1.790 1.616 1.753
4.703 4.609 4.561 4.495 4.414 4.341 4.301 4.269 4.210 4.184 4.164 4.136 4.123 4.129 4.139 4.140 4.116 4.078 4.049 4.018 4.006 3.995 3.964 3.947 3.936 3.926 3.900 3.877 3.869 3.854 3.816 3.770 3.744 3.735 3.720 3.686 3.655 3.643 3.637 3.625 3.606 3.601 3.607 3.624 3.634 3.641 3.644 3.615 3.591 3.569 2.728 2.661 2.664 2.524 2.582 2.414 2.426 2.340 2.404 2.354 2.403 2.322 2.173 2.132 2.194 2.002 2.040 1.829 2.003 1.868 1.996 1.796 1.648 1.690 1.634 1.730 1.701
4.686 4.617 4.574 4.542 4.482 4.401 4.353 4.293 4.265 4.222 4.195 4.164 4.136 4.132 4.138 4.134 4.112 4.074 4.042 4.022 4.008 3.998 3.984 3.970 3.962 3.949 3.921 3.901 3.865 3.846 3.821 3.773 3.749 3.731 3.707 3.669 3.636 3.631 3.631 3.613 3.587 3.566 3.571 3.591 3.605 3.608 3.601 3.599 3.574 3.568 2.671 2.675 2.635 2.556 2.731 2.539 2.383 2.401 2.327 2.311 2.363 2.294 2.296 2.160 2.049 2.155 1.990 1.889 1.886 1.903 1.725 1.666 1.682 1.618 1.604 1.787 1.579
4.657 4.612 4.591 4.574 4.532 4.448 4.405 4.337 4.323 4.282 4.231 4.213 4.170 4.143 4.133 4.125 4.099 4.069 4.034 4.009 4.003 4.005 3.996 3.992 3.990 3.977 3.950 3.923 3.875 3.849 3.825 3.789 3.755 3.731 3.701 3.660 3.631 3.628 3.626 3.602 3.553 3.519 3.527 3.559 3.580 3.579 3.571 3.571 3.577 3.579 2.735 2.718 2.729 2.629 2.629 2.634 2.565 2.384 2.327 2.290 2.160 2.309 2.234 2.016 2.068 2.030 1.987 1.973 1.981 1.741 1.845 1.760 1.675 1.801 1.621 1.679 1.676
4.649 4.605 4.591 4.582 4.544 4.468 4.416 4.381 4.349 4.325 4.283 4.243 4.207 4.167 4.136 4.121 4.103 4.063 4.033 4.008 4.002 4.004 4.002 4.004 4.012 4.011 3.987 3.941 3.900 3.855 3.831 3.799 3.777 3.736 3.705 3.673 3.646 3.634 3.624 3.591 3.540 3.499 3.509 3.547 3.567 3.560 3.549 3.553 3.564 3.582 3.599 2.766 2.626 2.697 2.541 2.669 2.595 2.428 2.301 2.334 2.275 2.280 2.264 2.154 2.064 2.057 2.003 1.831 1.848 1.783 1.771 1.701 1.832 1.822 1.630 1.813 1.530
4.654 4.606 4.586 4.574 4.538 4.486 4.417 4.382 4.363 4.355 4.315 4.267 4.226 4.181 4.142 4.127 4.106 4.069 4.044 4.023 4.016 4.014 4.007 4.013 4.027 4.039 4.015 3.960 3.906 3.868 3.836 3.814 3.795 3.758 3.723 3.683 3.661 3.643 3.623 3.597 3.558 3.530 3.533 3.556 3.563 3.552 3.541 3.545 3.565 3.586 3.623 2.660 2.528 2.671 2.566 2.517 2.483 2.507 2.403 2.291 2.258 2.234 2.294 2.331 2.103 1.977 1.877 1.990 1.973 1.989 1.920 1.739 1.688 1.689 1.561 1.544 1.584
4.676 4.622 4.582 4.562 4.529 4.464 4.416 4.380 4.365 4.362 4.328 4.284 4.243 4.197 4.177 4.143 4.128 4.106 4.069 4.043 4.038 4.034 4.012 4.014 4.024 4.031 4.010 3.961 3.903 3.859 3.839 3.831 3.811 3.772 3.732 3.692 3.660 3.647 3.629 3.609 3.589 3.574 3.572 3.571 3.569 3.559 3.551 3.552 3.567 3.586 3.624 3.663 2.613 2.491 2.623 2.619 2.522 2.554 2.546 2.351 2.284 2.302 2.296 2.265 2.279 2.221 1.910 1.968 1.856 1.712 1.610 1.817 1.615 1.787 1.583 1.666 1.951
4.703 4.660 4.604 4.559 4.525 4.484 4.427 4.382 4.366 4.353 4.318 4.279 4.239 4.208 4.187 4.157 4.142 4.123 4.103 4.067 4.056 4.044 4.029 4.013 4.013 4.006 3.982 3.946 3.899 3.857 3.836 3.833 3.814 3.773 3.731 3.698 3.668 3.643 3.635 3.631 3.619 3.612 3.608 3.593 3.584 3.568 3.562 3.557 3.565 3.575 3.596 3.617 2.755 2.623 2.467 2.494 2.487 2.479 2.496 2.402 2.331 2.220 2.201 1.874 2.121 2.068 1.953 1.942 1.843 1.930 1.970 1.630 1.736 1.667 1.636 1.702 1.580
4.758 4.684 4.618 4.566 4.535 4.489 4.444 4.397 4.362 4.346 4.322 4.271 4.231 4.196 4.176 4.169 4.153 4.135 4.119 4.090 4.078 4.061 4.044 4.032 4.011 3.990 3.962 3.930 3.896 3.858 3.837 3.824 3.806 3.762 3.717 3.677 3.656 3.643 3.644 3.645 3.648 3.650 3.646 3.622 3.601 3.583 3.567 3.556 3.557 3.552 3.557 3.563 2.622 2.623 2.591 2.514 2.504 2.433 2.331 2.459 2.350 2.223 2.296 2.184 2.144 2.157 2.159 1.995 2.011 1.806 1.926 2.006 1.889 1.909 1.734 1.649 1.646
4.772 4.710 4.637 4.586 4.557 4.522 4.466 4.418 4.371 4.348 4.320 4.267 4.227 4.188 4.167 4.167 4.160 4.144 4.123 4.111 4.104 4.075 4.059 4.041 4.021 3.993 3.965 3.930 3.896 3.866 3.838 3.812 3.790 3.753 3.706 3.660 3.635 3.639 3.647 3.660 3.677 3.693 3.688 3.656 3.616 2.755 2.569 2.685 2.618 2.752 2.688 2.670 2.685 2.575 2.522 2.530 2.445 2.524 2.430 2.457 2.486 2.334 2.318 2.271 2.234 2.059 2.010 1.893 1.882 1.762 1.716 1.825 1.860 1.811 1.779 1.605 1.713
4.769 4.700 4.669 4.608 4.583 4.554 4.494 4.436 4.406 4.352 4.324 4.289 4.237 4.200 4.174 4.170 4.168 4.145 4.125 4.115 4.111 4.095 4.074 4.045 4.025 3.997 3.981 3.951 3.907 3.874 3.840 3.816 3.776 3.746 3.704 3.662 3.639 3.643 3.658 3.672 3.705 3.736 3.736 3.687 3.625 2.719 2.622 2.559 2.615 2.721 2.655 2.682 2.644 2.625 2.534 2.505 2.492 2.450 2.432 2.364 2.428 2.484 2.280 2.146 2.095 2.169 2.100 2.253 1.938 1.897 1.925 1.993 1.762 1.803 1.824 1.760 1.624
4.756 4.690 4.663 4.643 4.612 4.576 4.517 4.479 4.447 4.395 4.356 4.312 4.272 4.223 4.192 4.181 4.173 4.156 4.126 4.114 4.111 4.107 4.080 4.052 4.022 4.011 3.997 3.972 3.935 3.885 3.839 3.811 3.778 3.744 3.716 3.679 3.657 3.657 3.667 3.678 3.711 3.748 3.749 3.695 3.621 3.543 2.649 2.623 2.617 2.569 2.619 2.582 2.673 2.535 2.619 2.606 2.465 2.438 2.409 2.422 2.361 2.323 2.411 2.218 2.159 2.087 2.038 2.173 1.952 1.981 1.942 1.805 1.761 1.787 1.681 1.712 1.827
4.742 4.680 4.654 4.647 4.640 4.597 4.541 4.502 4.473 4.431 4.389 4.355 4.316 4.266 4.225 4.207 4.192 4.159 4.127 4.114 4.107 4.101 4.084 4.041 4.021 4.016 4.017 3.994 3.946 3.885 3.839 3.798 3.779 3.748 3.727 3.694 3.681 3.669 3.674 3.681 3.693 3.716 3.712 3.670 3.605 3.529 3.466 2.579 2.689 2.734 2.602 2.445 2.536 2.621 2.504 2.558 2.569 2.361 2.355 2.375 2.328 2.294 2.354 2.384 2.285 2.114 2.098 2.146 2.027 2.070 1.758 1.736 1.750 1.654 1.709 1.647 1.648
4.738 4.678 4.652 4.646 4.639 4.597 4.542 4.504 4.479 4.465 4.423 4.388 4.346 4.294 4.263 4.225 4.189 4.170 4.134 4.119 4.102 4.093 4.077 4.034 4.017 4.014 4.017 3.996 3.940 3.871 3.818 3.786 3.769 3.750 3.733 3.702 3.689 3.676 3.674 3.666 3.676 3.679 3.669 3.640 3.594 3.527 3.481 3.461 2.550 2.630 2.572 2.587 2.446 2.490 2.532 2.528 2.611 2.392 2.353 2.357 2.277 2.351 2.244 2.351 2.432 2.097 2.181 2.069 2.018 1.866 1.835 1.764 1.892 1.666 1.860 1.619 1.475
4.739 4.695 4.657 4.646 4.634 4.596 4.537 4.500 4.479 4.470 4.460 4.415 4.356 4.312 4.279 4.240 4.204 4.185 4.164 4.137 4.108 4.094 4.065 4.045 4.013 4.005 3.994 3.972 3.925 3.852 3.796 3.763 3.759 3.751 3.736 3.706 3.689 3.670 3.658 3.657 3.662 3.653 3.647 3.627 3.588 3.545 3.507 3.487 3.476 2.577 2.647 2.595 2.396 2.622 2.487 2.428 2.507 2.490 2.435 2.329 2.378 2.436 2.340 2.247 2.289 2.274 2.122 1.944 2.107 2.096 1.844 1.819 1.717 1.651 1.820 1.864 1.586
4.779 4.706 4.670 4.652 4.632 4.590 4.550 4.498 4.477 4.474 4.467 4.429 4.371 4.323 4.289 4.268 4.226 4.208 4.186 4.151 4.132 4.099 4.063 4.044 4.010 3.988 3.973 3.948 3.908 3.840 3.789 3.757 3.753 3.753 3.729 3.694 3.670 3.661 3.655 3.653 3.658 3.645 3.641 3.627 3.602 3.562 3.534 3.507 3.488 2.558 2.641 2.713 2.560 2.475 2.528 2.496 2.504 2.521 2.470 2.484 2.402 2.313 2.337 2.237 2.201 2.286 2.206 2.069 2.010 2.025 1.945 1.907 1.862 1.648 1.626 1.556 1.665
4.807 4.744 4.689 4.662 4.636 4.605 4.547 4.501 4.480 4.468 4.459 4.432 4.363 4.316 4.281 4.262 4.247 4.223 4.188 4.163 4.142 4.105 4.071 4.054 4.031 3.991 3.958 3.933 3.900 3.847 3.800 3.769 3.759 3.750 3.718 3.677 3.647 3.637 3.642 3.647 3.651 3.657 3.656 3.648 3.613 3.585 3.544 3.518 3.495 3.477 2.559 2.508 2.559 2.467 2.444 2.496 2.468 2.420 2.501 2.613 2.395 2.321 2.258 2.352 2.287 2.229 2.252 2.227 2.125 2.089 1.948 1.823 1.810 1.664 1.706 1.811 1.683
4.833 4.769 4.730 4.675 4.646 4.615 4.558 4.512 4.477 4.464 4.448 4.412 4.369 4.306 4.270 4.253 4.251 4.237 4.204 4.173 4.152 4.119 4.103 4.066 4.036 3.993 3.951 3.928 3.902 3.856 3.817 3.784 3.766 3.749 3.710 3.665 3.634 3.623 3.634 3.651 3.653 3.672 3.689 3.680 3.648 3.592 3.542 3.511 3.490 2.597 2.567 2.499 2.595 2.456 2.421 2.407 2.459 2.519 2.378 2.499 2.345 2.302 2.271 2.150 2.263 2.276 2.268 2.294 2.206 2.093 1.880 1.862 1.870 1.842 1.745 1.915 1.672
4.838 4.787 4.744 4.686 4.658 4.630 4.588 4.541 4.490 4.469 4.447 4.418 4.366 4.305 4.269 4.250 4.248 4.238 4.211 4.168 4.149 4.139 4.123 4.084 4.031 3.989 3.958 3.927 3.901 3.868 3.830 3.802 3.771 3.749 3.710 3.668 3.644 3.633 3.641 3.653 3.666 3.685 3.715 3.715 3.667 3.601 3.543 3.508 2.604 2.518 2.621 2.485 2.496 2.493 2.513 2.400 2.406 2.431 2.447 2.353 2.450 2.369 2.506 2.415 2.137 2.323 2.247 2.343 2.272 2.230 2.012 1.910 1.697 1.772 1.829 1.635 1.622
4.858 4.803 4.752 4.718 4.672 4.650 4.605 4.556 4.527 4.480 4.454 4.425 4.388 4.316 4.282 4.260 4.253 4.233 4.208 4.165 4.149 4.147 4.142 4.108 4.040 3.980 3.941 3.928 3.910 3.876 3.837 3.801 3.776 3.751 3.713 3.686 3.655 3.648 3.651 3.657 3.665 3.682 3.713 3.710 3.662 3.597 3.533 3.498 2.605 2.558 2.598 2.480 2.479 2.481 2.364 2.480 2.304 2.356 2.310 2.374 2.224 2.344 2.388 2.526 2.226 2.241 2.261 2.193 2.120 2.366 2.125 1.904 1.785 1.745 1.694 1.797 1.713
4.856 4.795 4.746 4.713 4.693 4.651 4.627 4.579 4.546 4.517 4.469 4.442 4.409 4.347 4.301 4.278 4.262 4.232 4.207 4.164 4.148 4.146 4.142 4.105 4.041 3.968 3.932 3.925 3.919 3.885 3.834 3.794 3.770 3.751 3.718 3.701 3.674 3.655 3.653 3.657 3.652 3.660 3.675 3.667 3.629 3.577 3.521 2.607 2.491 2.438 2.514 2.444 2.423 2.430 2.447 2.459 2.403 2.512 2.272 2.295 2.352 2.259 2.204 2.282 2.360 2.298 2.261 2.137 1.995 2.040 2.028 1.961 1.948 1.862 1.792 1.779 1.850
4.852 4.782 4.734 4.701 4.687 4.682 4.647 4.598 4.562 4.535 4.501 4.468 4.441 4.387 4.340 4.297 4.274 4.253 4.211 4.168 4.149 4.140 4.129 4.087 4.035 3.968 3.934 3.924 3.913 3.874 3.819 3.768 3.748 3.738 3.727 3.705 3.677 3.660 3.652 3.651 3.637 3.637 3.632 3.619 3.593 3.554 2.663 2.553 2.538 2.551 2.500 2.452 2.466 2.499 2.452 2.371 2.516 2.326 2.387 2.301 2.332 2.223 2.199 2.284 2.238 2.079 2.183 2.123 2.117 2.040 2.152 2.290 1.987 1.949 1.928 1.879 1.837
4.835 4.784 4.724 4.692 4.681 4.681 4.657 4.609 4.572 4.545 4.526 4.511 4.459 4.426 4.372 4.338 4.292 4.267 4.242 4.193 4.156 4.134 4.116 4.074 4.033 3.974 3.943 3.923 3.901 3.851 3.788 3.736 3.723 3.725 3.722 3.694 3.676 3.654 3.649 3.642 3.622 3.619 3.598 3.579 3.559 2.589 2.518 2.553 2.562 2.480 2.454 2.540 2.566 2.362 2.514 2.577 2.652 2.395 2.460 2.336 2.416 2.165 2.311 2.433 2.462 2.318 2.173 2.230 2.269 1.949 1.943 2.017 2.099 1.779 1.853 1.616 1.659
4.824 4.780 4.723 4.694 4.681 4.678 4.654 4.623 4.573 4.549 4.538 4.532 4.497 4.447 4.400 4.359 4.327 4.297 4.249 4.216 4.190 4.140 4.112 4.084 4.036 3.982 3.952 3.924 3.891 3.826 3.766 3.713 3.704 3.715 3.716 3.690 3.666 3.650 3.629 3.626 3.610 3.601 3.576 3.554 2.542 2.482 2.590 2.582 2.520 2.521 2.406 2.460 2.372 2.366 2.561 2.409 2.337 2.429 2.350 2.276 2.226 2.142 2.300 2.197 2.194 2.235 2.206 2.173 2.190 2.137 2.039 1.904 2.015 1.848 1.814 1.882 1.627
4.837 4.778 4.734 4.698 4.684 4.675 4.644 4.616 4.585 4.550 4.544 4.545 4.531 4.484 4.423 4.377 4.343 4.319 4.278 4.241 4.199 4.169 4.120 4.091 4.062 3.994 3.965 3.933 3.893 3.831 3.769 3.719 3.709 3.716 3.713 3.684 3.651 3.630 3.618 3.617 3.603 3.588 3.552 2.610 2.527 2.524 2.612 2.577 2.420 2.534 2.531 2.530 2.385 2.297 2.264 2.556 2.439 2.347 2.348 2.324 2.240 2.131 2.164 2.268 2.252 2.091 2.025 2.027 2.111 2.166 2.171 2.110 2.154 2.059 1.915 1.858 1.666
4.842 4.777 4.747 4.709 4.690 4.667 4.636 4.610 4.582 4.549 4.544 4.546 4.535 4.492 4.427 4.379 4.346 4.327 4.309 4.270 4.225 4.186 4.150 4.100 4.075 4.029 4.003 3.954 3.896 3.848 3.799 3.749 3.731 3.726 3.715 3.678 3.638 3.615 3.611 3.610 3.598 3.565 3.535 3.516 2.466 2.443 2.495 2.447 2.403 2.420 2.379 2.304 2.396 2.404 2.277 2.223 2.341 2.295 2.286 2.413 2.240 2.144 2.330 2.326 2.480 2.141 2.157 2.257 2.056 2.003 2.016 2.148 2.080 2.026 1.892 1.932 1.826
4.846 4.802 4.776 4.714 4.688 4.668 4.647 4.609 4.583 4.552 4.540 4.535 4.522 4.479 4.432 4.374 4.344 4.327 4.323 4.298 4.249 4.200 4.157 4.123 4.086 4.053 4.032 3.984 3.929 3.874 3.820 3.788 3.756 3.741 3.721 3.681 3.641 3.619 3.610 3.606 3.591 3.553 3.520 3.501 2.563 2.451 2.482 2.537 2.465 2.475 2.578 2.377 2.380 2.430 2.366 2.280 2.341 2.383 2.416 2.412 2.192 2.303 2.284 2.053 2.112 2.199 2.160 2.085 2.052 2.090 1.866 2.051 1.962 1.932 2.033 1.974 1.956
4.853 4.817 4.791 4.742 4.716 4.672 4.650 4.627 4.583 4.558 4.532 4.522 4.505 4.461 4.421 4.381 4.340 4.329 4.328 4.311 4.269 4.206 4.158 4.122 4.096 4.081 4.057 4.008 3.956 3.907 3.846 3.816 3.779 3.759 3.723 3.694 3.664 3.626 3.617 3.607 3.583 3.544 3.512 3.494 2.552 2.370 2.544 2.466 2.510 2.404 2.515 2.339 2.416 2.419 2.256 2.383 2.316 2.238 2.210 2.358 2.258 2.348 2.330 2.164 2.059 2.129 2.149 2.055 2.148 2.228 2.153 1.934 1.930 2.047 1.958 1.851 1.900
4.873 4.843 4.805 4.754 4.714 4.688 4.665 4.643 4.586 4.565 4.528 4.511 4.487 4.448 4.415 4.366 4.341 4.328 4.320 4.303 4.265 4.215 4.149 4.113 4.096 4.094 4.079 4.032 3.974 3.924 3.885 3.837 3.804 3.774 3.749 3.715 3.687 3.638 3.622 3.607 3.586 3.537 3.512 3.496 2.460 2.546 2.493 2.486 2.456 2.333 2.393 2.496 2.362 2.330 2.380 2.293 2.404 2.323 2.321 2.353 2.244 2.260 2.255 2.132 2.021 2.107 2.073 2.127 2.017 2.053 2.151 1.981 1.978 1.880 1.943 1.864 2.004
4.876 4.855 4.810 4.761 4.726 4.691 4.670 4.652 4.606 4.585 4.545 4.511 4.482 4.457 4.429 4.368 4.346 4.323 4.303 4.285 4.253 4.210 4.165 4.114 4.095 4.091 4.078 4.042 3.981 3.931 3.895 3.857 3.837 3.797 3.768 3.735 3.704 3.660 3.625 3.607 3.577 3.547 3.517 3.501 3.483 2.535 2.400 2.380 2.557 2.423 2.421 2.388 2.476 2.351 2.286 2.307 2.378 2.256 2.210 2.358 2.252 1.775 2.157 2.062 2.247 2.119 2.160 1.980 2.269 2.066 1.907 2.037 1.940 1.868 1.904 1.885 1.804
4.877 4.860 4.816 4.774 4.723 4.695 4.677 4.660 4.619 4.597 4.552 4.517 4.491 4.467 4.425 4.378 4.356 4.325 4.292 4.271 4.243 4.207 4.169 4.123 4.095 4.077 4.061 4.030 3.986 3.925 3.890 3.870 3.855 3.832 3.791 3.751 3.715 3.667 3.643 3.599 3.582 3.552 3.533 3.508 3.481 2.502 2.482 2.523 2.447 2.452 2.446 2.353 2.307 2.321 2.389 2.303 2.332 2.172 2.258 2.311 2.154 2.312 2.376 2.337 1.829 2.128 1.922 2.068 2.166 2.103 1.913 1.878 1.974 1.934 1.951 1.778 1.872
4.871 4.854 4.809 4.765 4.725 4.687 4.671 4.664 4.642 4.609 4.560 4.521 4.493 4.470 4.431 4.399 4.378 4.328 4.308 4.266 4.240 4.210 4.160 4.132 4.099 4.066 4.046 4.017 3.978 3.919 3.885 3.867 3.862 3.849 3.805 3.757 3.709 3.665 3.641 3.614 3.583 3.565 3.546 3.514 3.484 2.541 2.533 2.470 2.486 2.383 2.374 2.419 2.306 2.392 2.244 2.221 2.174 2.240 2.244 2.160 2.225 2.387 2.241 2.172 2.193 2.314 2.158 2.093 1.834 2.059 2.128 2.115 2.210 1.847 1.972 1.826 1.813
4.860 4.841 4.795 4.754 4.715 4.677 4.667 4.665 4.650 4.612 4.573 4.525 4.497 4.471 4.437 4.411 4.390 4.349 4.326 4.295 4.248 4.222 4.174 4.147 4.105 4.063 4.039 4.011 3.975 3.935 3.886 3.863 3.860 3.849 3.814 3.753 3.694 3.651 3.628 3.617 3.598 3.571 3.553 3.524 3.496 2.645 2.625 2.483 2.534 2.401 2.420 2.272 2.269 2.353 2.343 2.310 2.163 2.257 2.264 2.217 2.268 2.405 2.291 2.287 2.260 2.081 2.222 2.150 1.820 2.149 1.995 2.177 1.926 2.043 1.956 2.143 1.878
