includes/estuary_coast/floodfiles/results/res-0007.wdfp
ncols         730
nrows         472
xllcorner     380617.130607059982140
yllcorner     6542069.774948899634182
cellsize      20.000000000000000
NODATA_value  -9999.000000
[rows 170 to 203 of 472, columns 154 to 230 of 730]
7.969 8.112 8.286 8.367 8.396 8.400 8.394 8.362 8.327 8.318 8.301 8.169 8.001 7.935 8.009 7.698 7.137 6.438 5.891 5.298 5.102 4.956 4.102 3.302 2.512 1.394 1.182 0.957 0.908 0.878 0.815 0.845 0.800 0.738 0.625 0.000 0.000 0.000 0.000 0.000 0.000 0.000 0.000 0.000 0.000 0.000 0.000 0.000 0.000 0.000 0.000 0.000 0.000 0.000 0.000 0.000 0.000 0.000 0.000 0.000 0.000 0.000 0.000 0.000 0.000 0.000 0.000 0.000 0.000 0.000 0.000 0.000 0.000 0.000 0.000 0.000 0.000
7.861 8.044 8.345 8.526 8.556 8.495 8.460 8.503 8.491 8.437 8.441 8.378 8.233 8.022 7.994 7.764 7.311 6.973 6.601 5.729 5.174 4.841 4.305 3.809 2.292 1.595 1.224 1.131 0.989 0.873 1.014 0.778 0.877 0.774 0.000 0.000 0.000 0.000 0.000 0.000 0.000 0.000 0.000 0.000 0.000 0.000 0.000 0.000 0.000 0.000 0.000 0.000 0.000 0.000 0.000 0.000 0.000 0.000 0.000 0.000 0.000 0.000 0.000 0.000 0.000 0.000 0.000 0.000 0.000 0.000 0.000 0.000 0.000 0.000 0.000 0.000 0.000
7.646 7.975 8.301 8.596 8.625 8.534 8.533 8.615 8.597 8.530 8.524 8.535 8.363 8.132 7.920 7.743 7.368 7.373 7.053 6.290 5.670 5.100 4.538 4.385 3.801 1.971 1.428 1.253 1.039 1.002 0.953 0.901 0.871 0.825 0.000 0.000 0.000 0.000 0.000 0.000 0.000 0.000 0.000 0.000 0.000 0.000 0.000 0.000 0.000 0.000 0.000 0.000 0.000 0.000 0.000 0.000 0.000 0.000 0.000 0.000 0.000 0.000 0.000 0.000 0.000 0.000 0.000 0.000 0.000 0.000 0.000 0.000 0.000 0.000 0.000 0.000 0.000
7.285 7.717 8.166 8.414 8.512 8.525 8.601 8.716 8.681 8.579 8.540 8.515 8.401 8.226 7.977 7.773 7.468 7.381 7.184 6.662 6.225 5.632 4.756 4.481 4.079 3.327 1.876 1.395 1.215 0.977 0.957 0.972 0.922 0.869 0.000 0.000 0.000 0.000 0.000 0.000 0.000 0.000 0.000 0.000 0.000 0.000 0.000 0.000 0.000 0.000 0.000 0.000 0.000 0.000 0.000 0.000 0.000 0.000 0.000 0.000 0.000 0.000 0.000 0.000 0.000 0.000 0.000 0.000 0.000 0.000 0.000 0.000 0.000 0.000 0.000 0.000 0.000
7.063 7.383 7.856 8.178 8.330 8.435 8.578 8.679 8.686 8.606 8.572 8.581 8.526 8.388 8.189 8.016 7.616 7.455 7.147 6.824 6.744 6.287 5.441 4.640 4.158 3.675 2.159 1.649 1.273 1.111 0.942 0.909 0.841 0.886 0.000 0.000 0.000 0.000 0.000 0.000 0.000 0.000 0.000 0.000 0.000 0.000 0.000 0.000 0.000 0.000 0.000 0.000 0.000 0.000 0.000 0.000 0.000 0.000 0.000 0.000 0.000 0.000 0.000 0.000 0.000 0.000 0.000 0.000 0.000 0.000 0.000 0.000 0.000 0.000 0.000 0.000 0.000
6.917 7.229 7.646 7.952 8.108 8.340 8.444 8.533 8.663 8.702 8.694 8.724 8.695 8.726 8.597 8.348 7.939 7.664 7.313 6.907 6.861 6.528 5.861 5.328 4.315 3.784 3.697 1.961 1.488 1.092 0.909 0.859 0.855 0.764 0.837 0.000 0.000 0.000 0.000 0.000 0.000 0.000 0.000 0.000 0.000 0.000 0.000 0.000 0.000 0.000 0.000 0.000 0.000 0.000 0.000 0.000 0.000 0.000 0.000 0.000 0.000 0.000 0.000 0.000 0.000 0.000 0.000 0.000 0.000 0.000 0.000 0.000 0.000 0.000 0.000 0.000 0.000
6.919 7.254 7.555 7.896 8.005 8.139 8.349 8.463 8.636 8.819 8.898 8.849 8.817 8.925 8.879 8.535 8.206 8.020 7.669 7.244 6.858 6.539 6.315 5.967 5.017 4.116 3.734 3.355 1.905 1.382 1.205 0.988 0.931 0.875 0.868 0.820 0.000 0.000 0.000 0.000 0.000 0.002 0.000 0.000 0.000 0.000 0.000 0.000 0.000 0.000 0.000 0.000 0.000 0.000 0.000 0.000 0.000 0.000 0.000 0.000 0.000 0.000 0.000 0.000 0.000 0.000 0.000 0.000 0.000 0.000 0.000 0.000 0.000 0.000 0.000 0.000 0.000
6.940 7.383 7.790 7.861 7.896 8.127 8.203 8.312 8.697 9.010 9.108 8.957 8.888 8.912 8.862 8.557 8.260 8.192 7.963 7.532 7.230 6.660 6.604 6.658 5.802 4.824 4.028 3.465 2.420 1.780 1.293 1.149 0.991 0.980 0.945 0.892 0.778 0.675 0.581 0.553 0.328 0.000 0.000 0.000 0.000 0.000 0.000 0.000 0.000 0.000 0.000 0.000 0.000 0.000 0.000 0.000 0.000 0.000 0.000 0.000 0.000 0.000 0.000 0.000 0.000 0.000 0.000 0.000 0.000 0.000 0.000 0.000 0.000 0.000 0.000 0.000 0.000
6.821 7.368 7.873 7.887 7.857 8.120 8.199 8.261 8.689 9.079 9.170 9.016 8.911 8.873 8.786 8.578 8.358 8.261 8.139 7.909 7.672 7.140 6.733 6.594 5.970 5.539 4.898 3.982 3.526 2.226 1.608 1.314 1.056 1.019 0.892 0.840 0.839 0.812 0.651 0.615 0.391 0.281 0.000 0.000 0.000 0.000 0.000 0.000 0.000 0.000 0.000 0.000 0.000 0.000 0.000 0.000 0.000 0.000 0.000 0.000 0.000 0.000 0.000 0.000 0.000 0.000 0.000 0.000 0.000 0.000 0.000 0.000 0.000 0.000 0.000 0.000 0.000
6.196 6.882 7.359 7.548 7.621 7.989 8.124 8.270 8.526 8.854 8.957 8.935 8.980 8.954 8.857 8.724 8.584 8.426 8.300 8.292 8.135 7.599 6.985 6.559 6.262 6.144 5.898 4.775 4.302 3.448 2.176 1.576 1.230 1.134 0.881 0.893 0.797 0.773 0.796 0.294 0.479 0.415 0.000 0.000 0.000 0.000 0.000 0.000 0.000 0.000 0.000 0.000 0.000 0.000 0.000 0.000 0.000 0.000 0.000 0.000 0.000 0.000 0.000 0.000 0.000 0.000 0.000 0.000 0.000 0.000 0.000 0.000 0.000 0.000 0.000 0.000 0.000
5.411 6.002 6.600 6.906 7.255 7.479 7.835 8.037 8.365 8.659 8.807 8.928 9.064 9.068 9.030 9.027 8.882 8.686 8.480 8.493 8.371 7.857 7.458 7.029 6.410 6.200 5.959 5.397 5.219 4.400 3.577 2.066 1.622 1.226 1.019 0.901 0.972 0.763 0.795 0.669 0.589 0.488 0.325 0.105 0.000 0.000 0.000 0.000 0.000 0.000 0.000 0.000 0.000 0.000 0.000 0.000 0.000 0.000 0.000 0.000 0.000 0.000 0.000 0.000 0.000 0.000 0.000 0.000 0.000 0.000 0.000 0.000 0.000 0.000 0.000 0.000 0.000
4.588 5.076 5.789 6.238 6.656 7.021 7.417 7.901 8.140 8.424 8.681 9.071 9.207 9.204 9.231 9.354 9.259 8.961 8.644 8.511 8.375 8.137 7.961 7.486 6.798 6.273 5.980 5.520 5.414 4.952 4.179 3.851 2.042 1.572 1.214 1.007 0.857 0.829 0.800 0.765 0.602 0.578 0.438 0.065 0.000 0.000 0.000 0.000 0.000 0.000 0.000 0.000 0.000 0.000 0.000 0.000 0.000 0.000 0.000 0.000 0.000 0.000 0.000 0.000 0.000 0.000 0.000 0.000 0.000 0.000 0.000 0.000 0.000 0.000 0.000 0.000 0.000
3.080 4.439 5.265 5.952 6.247 6.571 7.168 7.811 8.205 8.338 8.669 9.203 9.476 9.310 9.300 9.505 9.435 9.099 8.859 8.628 8.509 8.362 8.429 8.070 7.421 6.753 6.247 5.868 5.554 5.091 4.550 4.584 3.583 2.057 1.497 1.114 0.968 0.864 0.818 0.767 0.664 0.596 0.581 0.006 0.000 0.000 0.000 0.000 0.000 0.000 0.000 0.000 0.000 0.000 0.000 0.000 0.000 0.000 0.000 0.000 0.000 0.000 0.000 0.000 0.000 0.000 0.000 0.000 0.000 0.000 0.000 0.000 0.000 0.000 0.000 0.000 0.000
2.694 3.071 5.148 5.849 6.070 6.183 6.959 7.838 8.317 8.240 8.545 9.051 9.314 9.187 9.216 9.307 9.282 9.136 9.062 8.866 8.679 8.461 8.466 8.330 7.983 7.593 7.120 6.527 6.194 5.675 4.894 4.386 3.938 3.460 2.089 1.519 1.213 0.963 0.972 0.789 0.675 0.702 0.637 0.044 0.000 0.000 0.000 0.000 0.000 0.000 0.000 0.000 0.000 0.000 0.000 0.000 0.000 0.000 0.000 0.000 0.000 0.000 0.000 0.000 0.000 0.000 0.000 0.000 0.000 0.000 0.000 0.000 0.000 0.000 0.000 0.000 0.000
2.501 2.665 3.034 5.646 6.015 6.124 6.647 7.343 7.845 7.955 8.218 8.641 8.850 8.934 9.060 9.119 9.155 9.216 9.269 9.172 8.858 8.564 8.446 8.337 8.204 8.221 7.774 7.089 7.089 6.714 5.663 4.931 4.545 4.366 3.871 2.830 1.681 1.156 0.977 0.808 0.817 0.731 0.630 0.517 0.396 0.000 0.000 0.000 0.000 0.000 0.000 0.000 0.000 0.000 0.000 0.000 0.000 0.000 0.000 0.000 0.000 0.000 0.000 0.000 0.000 0.000 0.000 0.000 0.000 0.000 0.000 0.000 0.000 0.000 0.000 0.000 0.000
2.525 2.775 2.632 3.036 5.548 5.721 6.109 6.567 7.149 7.403 7.748 7.987 8.209 8.558 8.656 8.860 9.024 9.264 9.421 9.291 8.987 8.863 8.635 8.418 8.250 8.298 8.004 7.484 7.195 6.945 6.461 6.103 5.094 4.504 4.229 3.445 3.026 1.677 1.145 0.964 0.781 0.723 0.726 0.546 0.613 0.402 0.002 0.000 0.000 0.000 0.000 0.000 0.000 0.000 0.000 0.000 0.106 0.000 0.000 0.000 0.000 0.000 0.000 0.000 0.000 0.000 0.000 0.000 0.000 0.000 0.000 0.000 0.000 0.000 0.000 0.000 0.000
2.362 2.292 2.569 2.616 3.048 5.146 5.297 5.683 6.382 6.927 7.465 7.654 7.848 8.203 8.476 8.653 8.784 9.074 9.259 9.238 9.171 9.057 8.864 8.609 8.431 8.232 7.964 7.666 7.274 6.963 6.831 6.916 5.933 5.031 4.515 4.130 4.032 3.454 1.810 1.083 0.933 0.865 0.798 0.686 0.655 0.516 0.415 0.006 0.000 0.000 0.000 0.000 0.000 0.000 0.000 0.000 0.043 0.013 0.000 0.000 0.000 0.000 0.000 0.000 0.000 0.000 0.000 0.000 0.000 0.000 0.000 0.000 0.000 0.000 0.000 0.000 0.000
2.148 2.309 2.423 2.585 2.646 3.023 4.445 4.871 5.826 6.860 7.426 7.469 7.713 8.253 8.531 8.561 8.626 8.898 9.024 9.087 9.278 9.384 9.237 8.932 8.748 8.530 8.218 7.999 7.770 7.231 6.946 6.748 6.359 5.852 5.368 4.849 4.742 4.148 3.172 2.811 1.398 0.994 1.007 0.767 0.774 0.613 0.579 0.471 0.000 0.000 0.000 0.000 0.000 0.000 0.021 0.010 0.045 0.000 0.006 0.000 0.000 0.000 0.000 0.000 0.000 0.000 0.000 0.000 0.000 0.000 0.000 0.000 0.000 0.000 0.000 0.000 0.000
2.159 2.195 2.257 2.318 2.459 2.622 2.932 4.366 5.403 6.639 7.370 7.390 7.593 8.205 8.574 8.449 8.541 8.650 8.834 9.026 9.357 9.639 9.459 9.198 9.123 8.998 8.807 8.575 8.417 7.899 7.397 7.125 6.848 6.904 6.486 5.365 4.833 4.414 4.009 3.647 2.965 1.733 1.184 0.905 0.763 0.677 0.604 0.617 0.453 0.000 0.000 0.000 0.000 0.000 0.000 0.055 0.003 0.017 0.000 0.000 0.000 0.000 0.000 0.000 0.000 0.000 0.000 0.000 0.000 0.000 0.000 0.000 0.000 0.000 0.000 0.000 0.000
2.064 2.124 2.079 2.258 2.329 2.588 2.613 2.956 5.140 6.032 6.607 6.940 7.252 7.694 8.058 8.136 8.492 8.672 8.685 8.817 9.231 9.472 9.391 9.325 9.421 9.263 8.993 8.990 8.923 8.405 8.067 7.744 7.314 7.141 6.984 6.092 5.538 5.039 5.011 4.951 4.100 3.108 2.878 1.481 1.125 0.898 0.694 0.624 0.528 0.370 0.000 0.000 0.000 0.000 0.008 0.000 0.000 0.001 0.000 0.000 0.000 0.000 0.000 0.000 0.000 0.000 0.000 0.000 0.000 0.000 0.000 0.000 0.000 0.000 0.000 0.000 0.000
1.931 2.051 2.108 2.212 2.295 2.249 2.461 2.551 2.933 5.049 5.640 5.917 6.458 6.877 7.430 7.863 8.293 8.686 8.602 8.653 8.954 9.127 9.204 9.356 9.569 9.416 9.082 8.986 8.929 8.557 8.418 8.371 7.704 7.213 7.006 6.648 6.379 5.946 5.655 5.777 4.900 4.314 3.763 3.219 2.840 1.567 1.109 0.885 0.573 0.598 0.499 0.048 0.000 0.000 0.000 0.000 0.002 0.037 0.013 0.007 0.000 0.000 0.000 0.000 0.000 0.000 0.000 0.000 0.000 0.000 0.000 0.000 0.000 0.000 0.000 0.000 0.000
1.962 1.990 1.956 2.027 2.225 2.180 2.237 2.392 2.571 2.931 4.745 4.979 5.205 5.782 6.433 7.053 7.703 8.122 8.168 8.196 8.452 8.760 8.944 9.189 9.334 9.267 9.100 8.959 8.845 8.646 8.477 8.455 8.103 7.775 7.436 7.378 7.401 6.803 6.038 5.643 5.209 5.041 4.913 4.485 3.842 3.470 2.207 1.752 1.312 0.855 0.726 0.569 0.394 0.296 0.000 0.000 0.006 0.000 0.000 0.000 0.000 0.000 0.000 0.000 0.000 0.000 0.000 0.000 0.000 0.000 0.000 0.000 0.000 0.000 0.073 0.051 0.114
1.914 2.004 2.050 1.958 2.015 2.020 2.156 2.240 2.415 2.593 2.798 4.426 4.471 5.005 5.876 6.440 6.875 7.471 7.731 7.840 8.128 8.341 8.682 8.908 9.030 9.180 9.102 9.020 8.936 8.762 8.655 8.541 8.396 8.243 7.873 7.724 7.863 7.372 6.660 6.059 5.541 5.293 5.253 4.882 4.853 4.601 3.773 3.477 3.047 2.046 1.622 1.299 0.942 0.718 0.555 0.487 0.578 0.360 0.250 0.003 0.000 0.000 0.000 0.000 0.000 0.000 0.000 0.000 0.000 0.000 0.000 0.000 0.000 0.024 0.157 0.056 0.099
1.849 1.891 1.947 1.901 2.001 2.096 2.042 2.100 2.201 2.349 2.627 2.761 4.089 4.731 5.656 5.916 6.231 6.940 7.417 7.635 7.753 8.245 8.601 8.772 8.929 9.114 9.295 9.180 8.973 8.912 8.828 8.710 8.733 8.679 8.372 7.895 7.736 7.432 7.129 6.758 6.234 5.592 5.371 5.156 5.040 4.903 4.628 4.624 4.400 3.780 3.182 2.843 2.283 1.975 1.640 1.239 1.273 0.872 0.741 0.610 0.158 0.000 0.000 0.003 0.000 0.000 0.000 0.000 0.000 0.000 0.000 0.000 0.000 0.069 0.093 0.001 0.074
1.862 1.764 1.867 1.921 1.934 1.891 1.976 1.883 2.131 2.269 2.415 2.593 2.745 3.002 5.606 5.852 5.943 6.555 7.326 7.602 7.660 8.263 8.836 8.782 8.936 9.397 9.594 9.262 9.078 9.038 8.987 8.869 8.913 8.964 8.600 8.255 8.028 7.852 7.861 7.900 7.248 6.325 5.898 5.600 5.392 5.196 4.953 5.020 4.875 4.679 4.676 3.961 3.305 3.053 3.168 3.376 3.105 2.169 1.910 1.608 1.467 1.259 1.197 0.924 0.952 0.554 0.089 0.000 0.000 0.000 0.000 0.000 0.000 0.000 0.000 0.000 0.000
1.867 1.696 1.809 1.794 1.933 1.822 1.891 1.950 2.073 1.991 2.117 2.342 2.557 2.671 2.903 5.569 5.633 6.037 6.795 7.157 7.336 7.975 8.506 8.589 8.774 9.520 9.794 9.298 9.072 9.046 9.001 8.963 8.938 8.922 8.754 8.626 8.388 8.185 8.266 8.379 7.812 7.326 6.650 6.319 6.079 5.999 5.726 5.353 5.158 5.160 5.428 4.847 4.300 3.989 3.819 3.920 3.662 3.794 3.681 2.977 2.897 2.711 2.478 2.349 2.190 1.928 1.766 1.667 1.552 1.432 1.326 1.062 1.114 1.034 0.881 0.605 1.068
1.826 1.765 1.706 1.798 1.826 1.907 1.793 1.906 1.878 1.933 1.935 2.142 2.175 2.465 2.600 2.932 5.049 5.143 5.668 6.054 6.648 7.149 7.724 7.936 8.405 8.975 9.187 9.049 8.963 9.032 9.016 9.039 9.006 8.961 8.850 8.848 8.703 8.451 8.250 8.166 7.891 7.576 7.474 7.067 6.867 6.875 6.471 6.030 5.802 5.515 5.419 5.308 5.221 5.207 4.615 4.248 4.058 3.904 3.920 4.024 4.398 3.939 3.543 3.225 2.902 2.825 2.579 2.546 2.422 2.656 2.999 2.850 2.823 2.722 2.738 2.782 2.725
1.787 1.756 1.772 1.809 1.803 1.774 1.870 1.890 1.869 1.895 1.933 1.910 2.023 2.151 2.385 2.629 2.731 4.279 4.667 5.231 5.454 5.884 6.518 6.889 7.426 7.956 8.513 8.578 8.773 8.881 8.995 9.112 9.145 9.040 8.981 9.044 8.940 8.617 8.396 8.087 7.846 7.681 7.674 7.406 7.119 7.065 6.865 6.750 6.616 6.192 5.994 5.652 5.509 5.465 5.179 5.063 4.898 4.906 4.954 4.793 4.686 4.455 4.417 4.553 4.116 4.099 3.758 3.321 3.378 3.454 3.515 3.690 4.380 3.759 4.127 3.523 3.625
1.875 1.798 1.701 1.849 1.779 1.679 1.831 1.723 1.827 1.803 1.802 1.896 1.903 2.049 2.201 2.335 2.403 2.629 3.046 4.719 4.747 4.910 5.667 6.262 6.555 6.996 7.553 7.887 8.242 8.632 9.079 9.540 9.480 9.169 8.937 9.003 8.912 8.691 8.589 8.291 8.035 7.767 7.685 7.546 7.361 7.170 7.151 7.250 7.184 7.002 6.837 6.550 5.866 5.759 5.878 6.021 6.049 5.739 6.006 5.706 5.214 5.032 4.744 4.694 4.558 4.307 4.359 4.620 4.842 4.505 4.173 4.221 4.334 4.257 4.237 4.354 4.254
1.696 1.751 1.720 1.698 1.682 1.741 1.774 1.703 1.795 1.736 1.716 1.847 1.793 1.932 1.972 2.071 2.161 2.520 2.680 2.971 4.505 4.586 5.318 6.009 6.124 6.494 7.300 7.778 8.021 8.394 9.145 9.952 9.723 9.087 8.923 8.856 8.875 8.816 8.770 8.643 8.344 8.126 7.979 7.749 7.630 7.500 7.346 7.327 7.281 7.328 7.620 7.234 6.797 6.473 6.327 6.288 6.269 6.145 6.290 6.141 5.827 5.886 5.534 5.198 5.113 5.124 5.101 5.206 5.294 5.272 5.815 5.711 5.134 5.108 5.113 5.191 5.171
1.822 1.714 1.713 1.668 1.672 1.645 1.618 1.692 1.728 1.780 1.628 1.710 1.725 1.860 1.843 1.886 2.076 2.156 2.461 2.541 2.800 4.690 5.147 5.865 6.063 6.291 7.130 7.878 7.933 8.046 8.753 9.399 9.273 8.909 8.733 8.675 8.690 8.863 8.915 8.811 8.659 8.581 8.416 8.316 8.120 7.937 7.743 7.540 7.508 7.557 7.709 7.522 7.289 7.228 6.932 6.586 6.505 6.482 6.532 6.516 6.630 6.799 6.416 6.501 6.330 6.180 6.386 6.157 5.910 5.861 6.055 6.058 5.732 5.799 5.640 5.589 5.656
1.708 1.622 1.590 1.697 1.725 1.622 1.656 1.571 1.650 1.711 1.730 1.697 1.715 1.695 1.692 1.825 1.849 1.963 2.152 2.262 2.487 2.749 4.715 5.262 5.734 6.105 6.801 7.378 7.501 7.532 8.047 8.371 8.496 8.672 8.658 8.587 8.593 8.802 8.920 8.854 8.902 9.004 8.778 8.479 8.355 8.264 8.101 7.933 7.904 7.764 7.716 7.575 7.478 7.426 7.294 7.136 6.964 7.063 7.105 7.074 6.951 6.923 6.940 7.259 7.331 6.802 6.711 6.617 6.611 6.646 6.524 6.255 6.102 6.008 6.010 6.011 6.127
1.612 1.678 1.624 1.656 1.758 1.594 1.559 1.505 1.672 1.696 1.761 1.637 1.730 1.590 1.794 1.755 1.811 1.839 1.863 1.911 2.374 2.388 2.594 4.399 4.912 5.382 5.798 6.486 6.655 6.613 6.938 7.474 7.900 8.617 8.791 8.437 8.280 8.577 8.702 8.803 9.085 9.407 9.041 8.570 8.366 8.359 8.314 8.347 8.269 8.188 8.014 7.899 7.736 7.625 7.766 7.828 7.840 7.775 7.919 7.707 7.373 7.235 7.202 7.356 7.364 7.135 7.018 7.026 7.484 7.617 7.183 7.028 6.863 6.794 6.680 6.733 6.839
1.553 1.625 1.562 1.597 1.556 1.643 1.630 1.548 1.613 1.599 1.640 1.652 1.547 1.628 1.670 1.702 1.744 1.663 1.684 1.890 1.871 2.074 2.219 2.536 4.086 4.304 4.651 5.218 5.608 5.974 6.116 6.576 7.217 8.093 8.437 8.036 7.810 8.006 8.195 8.574 8.924 9.109 8.865 8.663 8.491 8.426 8.420 8.425 8.431 8.484 8.546 8.422 8.213 8.117 8.177 8.358 8.309 8.128 8.093 7.943 7.784 7.728 7.602 7.473 7.508 7.513 7.588 7.559 7.676 7.697 7.558 7.826 7.597 7.371 7.432 7.284 7.251
