includes/estuary_coast/floodfiles/results/res-0014.wd
ncols         730
nrows         472
xllcorner     380617.130607059982140
yllcorner     6542069.774948899634182
cellsize      20.000000000000000
NODATA_value  -9999.000000
[rows 340 to 373 of 472, columns 616 to 692 of 730]
0.000 0.000 0.000 0.000 0.000 0.000 0.000 0.000 0.000 0.000 0.000 0.000 0.000 0.000 0.000 0.000 0.000 0.000 0.000 0.000 0.000 0.000 0.000 0.000 0.000 0.209 0.320 0.227 0.334 0.532 0.287 0.490 0.289 0.092 0.005 0.000 0.039 0.001 0.000 0.000 0.002 0.000 2.188 5.124 5.959 6.398 5.985 5.318 4.741 0.015 0.079 0.235 0.103 0.114 0.449 0.386 0.395 0.392 0.452 0.386 0.320 0.389 0.271 0.385 0.449 0.364 0.376 0.338 0.453 0.467 0.401 0.435 0.435 0.387 0.525 0.669 0.543
0.000 0.000 0.000 0.000 0.000 0.000 0.000 0.000 0.000 0.000 0.000 0.000 0.000 0.000 0.000 0.000 0.000 0.000 0.000 0.000 0.000 0.000 0.000 0.000 0.000 0.624 0.336 0.584 0.351 0.177 0.200 0.326 0.430 0.282 0.167 0.049 0.018 0.008 0.034 0.000 0.000 0.000 0.000 4.671 6.010 6.361 6.532 6.042 5.696 5.299 0.046 0.159 0.327 0.110 0.375 0.410 0.388 0.379 0.447 0.338 0.257 0.318 0.420 0.561 0.487 0.470 0.294 0.398 0.430 0.326 0.434 0.456 0.425 0.450 0.558 0.663 0.423
0.000 0.000 0.000 0.000 0.000 0.000 0.000 0.000 0.000 0.000 0.000 0.000 0.000 0.000 0.000 0.000 0.000 0.000 0.000 0.000 0.000 0.000 0.000 0.000 0.287 0.667 0.549 0.430 0.000 0.294 0.273 0.244 0.388 0.212 0.073 0.187 0.001 0.001 0.235 0.000 0.000 0.004 0.000 1.988 4.401 5.877 6.532 6.606 6.302 5.577 0.033 0.113 0.222 0.108 0.115 0.394 0.384 0.177 0.198 0.324 0.248 0.393 0.461 0.417 0.403 0.466 0.224 0.378 0.392 0.376 0.418 0.430 0.360 0.346 0.571 0.562 0.455
0.000 0.000 0.000 0.000 0.000 0.000 0.000 0.000 0.000 0.000 0.000 0.000 0.000 0.000 0.000 0.000 0.000 0.000 0.000 0.000 0.000 0.000 0.000 0.060 0.361 0.302 0.295 0.457 0.619 0.294 0.291 0.246 0.305 0.409 0.087 0.007 0.055 0.000 0.001 0.000 0.000 0.001 0.005 0.000 2.681 5.011 7.832 8.247 6.160 5.958 5.103 0.006 0.183 0.144 0.113 0.255 0.252 0.301 0.278 0.253 0.340 0.377 0.407 0.401 0.252 0.254 0.477 0.262 0.429 0.456 0.501 0.415 0.516 0.401 0.505 0.512 0.398
0.000 0.000 0.000 0.000 0.000 0.000 0.000 0.000 0.000 0.000 0.000 0.000 0.000 0.000 0.000 0.000 0.000 0.000 0.000 0.000 0.000 0.000 0.000 0.125 0.346 0.447 0.404 0.474 0.312 0.445 0.274 0.222 0.223 0.374 0.239 0.000 0.000 0.146 0.000 0.098 0.036 0.004 0.000 0.000 2.515 4.644 7.787 8.798 7.237 6.504 5.800 4.948 0.014 0.177 0.301 0.301 0.173 0.306 0.333 0.353 0.329 0.307 0.238 0.331 0.470 0.423 0.498 0.196 0.382 0.409 0.367 0.359 0.446 0.343 0.447 0.304 0.433
0.000 0.000 0.000 0.000 0.000 0.000 0.000 0.000 0.000 0.000 0.000 0.000 0.000 0.000 0.000 0.000 0.000 0.000 0.000 0.000 0.000 0.000 0.000 0.000 0.000 0.092 0.281 0.468 0.395 0.529 0.206 0.170 0.423 0.243 0.000 0.000 0.000 0.147 0.000 0.091 0.314 0.022 0.000 0.002 0.000 3.144 5.251 7.499 8.604 7.924 6.614 5.823 0.007 0.000 0.122 0.301 0.353 0.304 0.327 0.253 0.126 0.346 0.443 0.494 0.461 0.394 0.460 0.427 0.348 0.338 0.387 0.344 0.390 0.397 0.473 0.438 0.388
0.000 0.000 0.000 0.000 0.000 0.000 0.000 0.000 0.000 0.000 0.000 0.000 0.000 0.000 0.000 0.000 0.000 0.000 0.000 0.000 0.000 0.000 0.000 0.000 0.155 0.000 0.028 0.286 0.457 0.403 0.512 0.492 0.133 0.000 0.021 0.000 0.001 0.135 0.022 0.000 0.024 0.006 0.000 0.000 0.000 1.605 3.530 6.606 9.152 8.983 8.484 6.501 5.832 0.021 0.115 0.300 0.300 0.179 0.235 0.371 0.328 0.379 0.396 0.390 0.445 0.437 0.398 0.465 0.149 0.442 0.436 0.437 0.387 0.517 0.373 0.400 0.406
0.000 0.000 0.000 0.000 0.000 0.000 0.000 0.000 0.000 0.000 0.000 0.000 0.000 0.000 0.000 0.000 0.000 0.000 0.000 0.000 0.000 0.000 0.000 0.000 0.026 0.211 0.231 0.524 0.333 0.272 0.457 0.240 0.194 0.095 0.297 0.000 0.003 0.000 0.105 0.000 0.000 0.003 0.016 0.000 0.002 0.000 3.234 5.414 7.558 8.645 8.429 7.601 5.849 0.018 0.046 0.130 0.298 0.364 0.379 0.300 0.375 0.379 0.387 0.336 0.436 0.372 0.359 0.425 0.407 0.282 0.350 0.457 0.354 0.344 0.384 0.382 0.813
0.000 0.000 0.000 0.000 0.000 0.000 0.000 0.000 0.000 0.000 0.000 0.000 0.000 0.000 0.000 0.000 0.000 0.000 0.000 0.000 0.000 0.000 0.000 0.000 0.238 0.536 0.503 0.410 0.390 0.031 0.256 0.411 0.271 0.098 0.370 0.174 0.150 0.262 0.013 0.000 0.000 0.000 0.139 0.000 0.000 0.002 0.000 3.906 7.043 10.124 9.073 9.004 6.104 5.939 0.007 0.062 0.296 0.296 0.362 0.350 0.324 0.333 0.374 0.358 0.400 0.415 0.414 0.429 0.320 0.107 0.292 0.343 0.409 0.444 0.418 0.361 0.803
0.000 0.000 0.000 0.000 0.000 0.000 0.000 0.000 0.000 0.000 0.000 0.000 0.000 0.000 0.000 0.000 0.000 0.000 0.000 0.000 0.000 0.000 0.000 0.000 0.158 0.458 0.262 0.303 0.294 0.383 0.256 0.445 0.244 0.458 0.525 0.263 0.398 0.392 0.148 0.001 0.000 0.000 0.014 0.046 0.177 0.000 0.000 3.598 6.027 8.683 8.603 8.387 7.391 5.517 0.028 0.047 0.200 0.294 0.473 0.355 0.394 0.382 0.363 0.365 0.385 0.338 0.273 0.341 0.348 0.375 0.141 0.292 0.376 0.397 0.389 0.440 0.517
0.000 0.000 0.000 0.000 0.000 0.000 0.000 0.000 0.000 0.000 0.000 0.000 0.000 0.000 0.000 0.000 0.000 0.000 0.000 0.000 0.000 0.000 0.000 0.000 0.000 0.344 0.022 0.078 0.259 0.402 0.256 0.511 0.372 0.000 0.243 0.340 0.517 0.502 0.276 0.000 0.000 0.000 0.011 0.097 0.092 0.000 0.007 0.000 3.885 6.329 8.994 8.961 9.978 6.109 4.893 0.017 0.142 0.292 0.292 0.334 0.356 0.349 0.326 0.178 0.283 0.316 0.452 0.488 0.364 0.347 0.000 0.355 0.379 0.298 0.394 0.382 0.598
0.000 0.000 0.000 0.000 0.000 0.000 0.000 0.000 0.000 0.000 0.000 0.000 0.000 0.000 0.000 0.000 0.000 0.000 0.000 0.000 0.000 0.000 0.000 0.000 0.009 0.009 0.000 0.000 0.203 0.423 0.597 0.228 0.277 0.000 0.119 0.270 0.216 0.363 0.439 0.106 0.000 0.018 0.067 0.000 0.014 0.017 0.002 0.002 3.127 4.436 8.215 8.557 8.172 7.034 5.891 0.033 0.096 0.157 0.288 0.311 0.089 0.171 0.327 0.364 0.442 0.442 0.393 0.374 0.362 0.323 0.297 0.157 0.278 0.416 0.303 0.496 0.308
0.000 0.000 0.000 0.000 0.000 0.000 0.000 0.000 0.000 0.000 0.000 0.000 0.000 0.000 0.000 0.000 0.000 0.000 0.000 0.000 0.000 0.000 0.000 0.107 0.011 0.006 0.000 0.000 0.000 0.375 0.437 0.244 0.000 0.030 0.074 0.238 0.183 0.190 0.962 0.197 0.052 0.011 0.111 0.150 0.000 0.042 0.005 0.014 0.001 3.495 5.655 8.207 8.567 8.532 6.593 5.470 0.014 0.176 0.283 0.496 0.322 0.328 0.375 0.387 0.349 0.363 0.352 0.374 0.361 0.313 0.318 0.105 0.382 0.237 0.341 0.679 0.273
0.000 0.000 0.000 0.000 0.000 0.000 0.000 0.000 0.000 0.000 0.000 0.000 0.000 0.000 0.000 0.000 0.000 0.000 0.000 0.000 0.000 0.000 0.000 0.000 0.000 0.000 0.000 0.000 0.000 0.089 0.182 0.124 0.058 0.000 0.005 0.114 0.064 0.080 0.167 0.143 0.095 0.156 0.234 0.161 0.010 0.000 0.000 0.004 0.004 2.540 4.121 8.030 8.669 8.113 7.116 6.101 4.913 0.059 0.280 0.282 0.413 0.296 0.306 0.380 0.428 0.331 0.298 0.334 0.310 0.326 0.320 0.206 0.001 0.104 0.652 0.352 0.309
0.000 0.000 0.136 0.000 0.000 0.000 0.000 0.000 0.000 0.000 0.000 0.000 0.000 0.000 0.000 0.000 0.000 0.000 0.000 0.000 0.000 0.000 0.000 0.000 0.000 0.000 0.000 0.000 0.000 0.000 0.000 0.000 0.000 0.000 0.014 0.161 0.000 0.044 0.132 0.058 0.000 0.143 0.084 0.090 0.138 0.085 0.047 0.016 0.028 0.003 3.502 5.746 7.708 8.494 8.961 6.927 5.807 0.011 0.127 0.280 0.282 0.389 0.352 0.331 0.312 0.289 0.250 0.281 0.329 0.289 0.000 0.047 0.000 0.337 0.490 0.302 0.221
0.000 0.000 0.215 0.000 0.000 0.000 0.000 0.000 0.000 0.000 0.000 0.000 0.000 0.000 0.000 0.000 0.000 0.000 0.000 0.000 0.000 0.000 0.000 0.000 0.000 0.000 0.000 0.000 0.000 0.000 0.000 0.000 0.163 0.000 0.019 0.099 0.000 0.000 0.000 0.002 0.000 0.000 0.124 0.195 0.000 0.078 0.000 0.000 0.000 0.000 1.628 4.266 7.428 9.105 8.707 7.364 5.675 4.754 0.054 0.205 0.279 0.407 0.350 0.341 0.326 0.429 0.258 0.252 0.314 0.332 0.277 0.243 0.231 0.367 0.339 0.296 0.246
0.000 0.938 0.067 0.015 0.000 0.000 0.000 0.000 0.000 0.000 0.000 0.000 0.000 0.000 0.000 0.000 0.000 0.000 0.000 0.000 0.000 0.000 0.000 0.000 0.000 0.000 0.000 0.000 0.000 0.000 0.000 0.000 0.064 0.174 0.000 0.053 0.076 0.002 0.000 0.292 0.092 0.000 0.000 0.104 0.008 0.071 0.000 0.114 0.000 0.002 0.000 3.515 5.289 7.124 7.936 6.593 6.053 5.103 0.007 0.102 0.274 0.277 0.303 0.263 0.377 0.446 0.449 0.479 0.342 0.407 0.351 0.272 0.449 0.235 0.362 0.311 0.257
0.000 3.376 2.184 0.323 0.000 0.000 0.000 0.000 0.000 0.000 0.000 0.000 0.000 0.000 0.000 0.000 0.000 0.000 0.000 0.000 0.000 0.000 0.000 0.000 0.000 0.000 0.000 0.000 0.000 0.000 0.000 0.000 0.001 0.158 0.000 0.131 0.195 0.157 0.083 0.064 0.387 0.014 0.000 0.121 0.213 0.328 0.025 0.001 0.006 0.000 0.000 0.000 3.483 5.822 9.598 7.266 6.532 5.749 5.134 0.073 0.251 0.271 0.328 0.505 0.606 0.803 0.714 0.440 0.558 0.314 0.404 0.425 0.372 0.199 0.107 0.226 0.373
0.070 3.185 3.414 0.678 0.000 0.000 0.000 0.000 0.000 0.000 0.000 0.000 0.000 0.000 0.000 0.000 0.000 0.000 0.000 0.000 0.000 0.000 0.000 0.000 0.000 0.000 0.000 0.000 0.000 0.000 0.000 0.022 0.000 0.175 0.013 0.021 0.174 0.223 0.065 0.226 0.345 0.155 0.192 0.281 0.347 0.084 0.331 0.019 0.000 0.000 0.000 0.000 2.626 4.623 7.291 8.186 7.273 6.389 5.726 0.028 0.234 0.264 0.270 0.543 0.634 0.781 0.563 0.722 0.386 0.526 0.531 0.390 0.249 0.333 0.206 0.370 0.314
0.124 3.284 3.176 2.063 0.343 0.000 0.000 0.000 0.000 0.000 0.000 0.000 0.000 0.000 0.000 0.000 0.000 0.000 0.000 0.000 0.000 0.003 0.000 0.000 0.000 0.000 0.000 0.000 0.000 0.000 0.002 0.006 0.000 0.000 0.077 0.044 0.359 0.370 0.248 0.409 0.195 0.212 0.200 0.184 0.000 0.208 0.375 0.069 0.000 0.000 0.000 0.003 0.465 3.657 6.008 8.859 8.380 7.348 5.827 0.005 0.188 0.243 0.253 0.529 0.608 0.669 0.606 0.520 0.370 0.571 0.239 0.039 0.035 0.178 0.124 0.002 0.000
1.104 3.319 2.598 3.581 0.509 0.000 0.000 0.000 0.000 0.000 0.000 0.000 0.000 0.000 0.000 0.000 0.000 0.000 0.035 0.304 0.295 0.254 0.197 0.000 0.000 0.000 0.000 0.000 0.000 0.000 0.000 0.041 0.315 0.000 0.021 0.136 0.000 0.322 0.309 0.403 0.082 0.162 0.085 0.141 0.058 0.037 0.366 0.073 0.062 0.027 0.014 0.026 0.002 2.504 5.566 7.304 8.763 8.680 6.177 4.479 0.015 0.063 0.150 0.262 0.529 0.588 0.369 0.231 0.263 0.208 0.142 0.207 0.192 0.073 0.218 0.344 0.292
1.946 3.239 3.194 3.412 2.047 0.334 0.000 0.000 0.000 0.000 0.000 0.000 0.000 0.000 0.000 0.000 0.000 0.147 0.273 0.206 0.105 0.233 0.304 0.000 0.000 0.000 0.000 0.000 0.000 0.000 0.000 0.000 0.429 0.000 0.000 0.000 0.089 0.142 0.316 0.265 0.239 0.122 0.000 0.079 0.104 0.189 0.292 0.358 0.403 0.000 0.004 0.002 0.003 0.991 4.197 8.171 8.598 7.931 6.465 5.543 0.835 0.271 0.744 0.000 0.293 0.273 0.300 0.296 0.183 0.109 0.166 0.268 0.217 0.266 0.255 0.000 0.000
3.615 1.264 3.205 3.177 2.990 0.533 0.139 0.000 0.000 0.000 0.000 0.000 0.000 0.000 0.000 0.000 0.000 0.000 0.000 0.037 0.005 0.091 0.074 0.262 0.000 0.000 0.000 0.000 0.000 0.000 0.000 0.250 0.406 0.460 0.000 0.002 0.285 0.000 0.222 0.309 0.367 0.285 0.169 0.097 0.057 0.017 0.172 0.129 0.253 0.001 0.000 0.008 0.023 0.002 4.917 6.319 8.131 9.405 6.536 5.845 4.806 0.000 0.000 0.000 0.320 0.300 0.316 0.264 0.186 0.090 0.000 0.306 0.262 0.312 0.297 0.191 0.207
3.576 0.767 3.251 2.927 2.696 1.977 0.279 0.000 0.000 0.000 0.000 0.000 0.000 0.000 0.000 0.000 0.003 0.020 0.241 0.148 0.187 0.003 0.326 0.313 0.000 0.423 0.000 0.000 0.000 0.000 0.000 0.129 0.142 0.447 0.010 0.000 0.287 0.182 0.001 0.000 0.072 0.132 0.043 0.000 0.030 0.077 0.000 0.174 0.131 0.057 0.030 0.023 0.007 0.005 0.851 3.949 8.604 8.528 7.658 6.301 4.868 0.000 0.022 0.000 0.000 0.337 0.278 0.306 0.225 0.096 0.039 0.282 0.256 0.261 0.259 0.331 0.000
3.265 2.040 3.229 2.583 2.840 2.710 0.097 0.135 0.000 0.000 0.000 0.000 0.000 0.000 0.000 0.000 0.000 0.000 0.000 0.170 0.132 0.066 0.010 0.114 0.648 0.709 0.305 0.000 0.000 0.005 0.001 0.147 0.287 0.253 0.436 0.053 0.112 0.217 0.179 0.153 0.154 0.037 0.040 0.000 0.164 0.000 0.000 0.114 0.119 0.000 0.000 0.002 0.009 0.007 0.004 2.181 6.110 8.892 9.008 6.630 5.566 2.021 0.000 0.058 0.000 0.272 0.294 0.297 0.259 0.083 0.092 0.280 0.240 0.249 0.217 0.244 0.165
3.123 2.716 2.954 0.687 2.767 2.476 0.168 0.403 0.018 0.000 0.000 0.000 0.000 0.000 0.000 0.000 0.000 0.211 0.176 0.242 0.112 0.022 0.000 0.052 0.527 0.756 0.422 0.000 0.021 0.046 0.000 0.000 0.242 0.275 0.321 0.182 0.000 0.000 0.060 0.002 0.039 0.324 0.076 0.000 0.023 0.016 0.096 0.000 0.000 0.011 0.000 0.000 0.000 0.001 0.000 0.235 4.218 7.722 9.289 7.942 6.145 4.619 0.000 0.001 0.000 0.000 0.310 0.299 0.311 0.164 0.104 0.241 0.310 0.181 0.216 0.171 0.210
0.913 2.342 2.686 0.390 2.705 2.014 0.412 0.284 0.126 0.000 0.000 0.000 0.000 0.000 0.000 0.120 0.180 0.040 0.221 0.146 0.325 0.029 0.000 0.000 0.491 0.611 0.720 0.437 0.000 0.015 0.074 0.000 0.000 0.434 0.379 0.565 0.019 0.018 0.110 0.071 0.000 0.043 0.035 0.000 0.123 0.137 0.000 0.002 0.001 0.199 0.415 0.000 0.001 0.000 0.003 0.002 2.672 6.230 9.199 9.088 6.626 5.583 0.000 0.000 0.141 0.000 0.347 0.322 0.275 0.170 0.104 0.249 0.300 0.307 0.160 0.227 0.315
0.206 0.194 0.231 0.277 1.612 1.044 0.512 0.326 0.491 0.000 0.000 0.000 0.000 0.000 0.123 0.000 0.130 0.122 0.265 0.322 0.014 0.034 0.000 0.000 0.000 0.598 0.712 0.000 0.000 0.000 0.000 0.000 0.156 0.094 0.518 0.694 0.399 0.000 0.027 0.000 0.000 0.232 0.139 0.000 0.015 0.000 0.000 0.000 0.163 0.080 0.296 0.059 0.000 0.002 0.012 0.001 0.916 5.953 8.721 9.541 7.841 5.989 4.384 0.000 0.012 0.000 0.344 0.326 0.372 0.194 0.110 0.257 0.354 0.230 0.256 0.247 0.379
0.452 0.377 0.239 0.401 0.137 0.397 0.600 0.549 0.496 0.469 0.425 0.137 0.062 0.000 0.063 0.000 0.076 0.117 0.055 0.131 0.001 0.115 0.000 0.000 0.000 0.293 0.116 0.002 0.129 0.000 0.000 0.000 0.130 0.037 0.474 0.658 0.639 0.132 0.003 0.001 0.000 0.003 0.000 0.148 0.067 0.034 0.156 0.005 0.000 0.000 0.113 0.532 0.000 0.009 0.003 0.003 0.002 3.999 7.696 9.604 9.044 6.436 5.057 0.000 0.000 0.000 0.000 0.417 0.405 0.260 0.164 0.243 0.406 0.321 0.241 0.269 0.329
0.414 0.388 0.582 0.381 0.550 0.557 0.567 0.558 0.248 0.303 0.224 0.000 0.000 0.000 0.018 0.000 0.000 0.136 0.140 0.186 0.122 0.051 0.425 0.152 0.206 0.201 0.210 0.201 0.069 0.000 0.000 0.000 0.000 0.013 0.170 0.719 0.765 0.339 0.000 0.000 0.439 0.005 0.000 0.028 0.156 0.000 0.000 0.108 0.000 0.000 0.191 0.374 0.205 0.018 0.000 0.002 0.000 2.469 6.871 9.568 9.159 7.631 5.660 0.000 0.000 0.175 0.000 0.396 0.329 0.404 0.259 0.243 0.337 0.375 0.290 0.266 0.386
0.543 0.448 0.352 0.586 0.510 0.527 0.557 0.572 0.569 0.500 0.316 0.000 0.000 0.000 0.138 0.000 0.000 0.000 0.086 0.000 0.010 0.002 0.132 0.214 0.250 0.035 0.061 0.011 0.131 0.014 0.000 0.000 0.000 0.029 0.075 0.284 0.516 0.132 0.020 0.065 0.268 0.033 0.014 0.013 0.000 0.000 0.000 0.000 0.000 0.011 0.121 0.213 0.335 0.000 0.000 0.000 0.000 0.259 5.732 8.892 9.569 9.049 5.843 0.001 0.000 0.071 0.000 0.379 0.424 0.444 0.249 0.212 0.329 0.372 0.322 0.247 0.448
0.430 0.068 0.492 0.545 0.530 0.545 0.582 0.529 0.553 0.402 0.309 0.000 0.000 0.125 0.177 0.000 0.000 0.000 0.000 0.000 0.000 0.000 0.247 0.140 0.383 0.151 0.324 0.225 0.240 0.028 0.136 0.220 0.180 0.051 0.183 0.090 0.332 0.004 0.012 0.000 0.000 0.182 0.017 0.003 0.000 0.000 0.000 0.003 0.070 0.006 0.204 0.000 0.091 0.052 0.000 0.000 0.000 0.179 4.005 7.543 9.521 9.163 5.994 1.655 0.000 0.050 0.000 0.382 0.415 0.403 0.207 0.138 0.446 0.419 0.383 0.380 0.452
0.373 0.571 0.400 0.535 0.579 0.547 0.542 0.548 0.597 0.293 0.109 0.000 0.000 0.438 0.000 0.000 0.000 0.000 0.000 0.000 0.000 0.000 0.186 0.095 0.011 0.126 0.140 0.063 0.131 0.266 0.269 0.357 0.219 0.233 0.085 0.282 0.323 0.251 0.007 0.088 0.003 0.079 0.000 0.067 0.037 0.063 0.046 0.000 0.000 0.000 0.189 0.098 0.000 0.235 0.000 0.000 0.001 0.000 1.843 6.094 9.337 9.114 6.125 1.862 0.000 0.000 0.000 0.000 0.378 0.389 0.183 0.071 0.377 0.426 0.398 0.395 0.482
0.367 0.501 0.392 0.418 0.583 0.631 0.573 0.571 0.573 0.286 0.000 0.000 0.000 0.583 0.123 0.068 0.000 0.000 0.000 0.000 0.167 0.221 0.263 0.415 0.077 0.348 0.175 0.401 0.847 0.201 0.874 0.400 0.337 0.334 0.382 0.350 0.301 0.342 0.001 0.035 0.095 0.000 0.000 0.000 0.000 0.000 0.000 0.000 0.000 0.000 0.000 0.123 0.000 0.047 0.000 0.000 0.000 0.000 0.489 5.360 8.947 9.596 7.103 2.875 0.000 0.000 0.000 0.000 0.180 0.302 0.274 0.147 0.274 0.478 0.395 0.400 0.443
