includes/estuary_coast/floodfiles/results/res-0007.wdfp
ncols         730
nrows         472
xllcorner     380617.130607
yllcorner     6542069.774949
cellsize      20.000000
NODATA_value  -9999.000000
[rows 170 to 203 of 472, columns 308 to 384 of 730]
0.000 0.000 0.000 0.000 0.000 0.000 0.000 0.000 0.000 0.151 0.319 0.580 0.811 1.032 1.295 2.122 2.383 2.546 2.779 3.030 3.202 3.371 3.687 3.841 4.104 4.179 4.442 4.455 4.777 4.705 4.861 4.896 5.082 5.443 5.404 5.635 5.654 5.587 5.692 5.803 6.068 6.312 6.162 6.454 6.642 6.534 6.983 7.240 6.729 6.731 6.773 6.581 6.918 7.001 6.911 7.242 7.329 7.357 7.551 7.671 7.507 7.526 7.917 7.992 7.661 7.593 7.735 7.734 7.682 7.742 7.793 7.912 7.962 7.835 7.914 7.828 7.508
0.000 0.000 0.000 0.000 0.000 0.000 0.012 0.262 0.524 0.771 2.095 2.085 2.346 2.405 2.552 2.980 2.942 3.198 3.533 3.670 3.986 4.076 4.128 4.142 4.279 4.426 4.752 4.765 4.969 5.048 5.100 5.220 5.471 5.601 5.746 5.874 5.976 6.015 5.980 6.154 6.343 6.413 6.486 6.686 6.767 6.850 7.258 7.396 6.970 6.899 6.854 6.992 7.365 7.418 7.316 7.357 7.424 7.452 7.574 7.687 7.613 7.619 7.655 7.769 7.652 7.611 7.713 7.741 7.853 7.909 7.983 8.224 8.257 8.096 8.302 8.327 7.730
0.000 0.000 0.000 0.000 0.040 0.302 1.365 1.606 1.934 2.169 2.304 2.548 2.705 2.888 2.941 3.114 3.281 3.579 3.773 4.000 4.211 4.332 4.402 4.438 4.571 4.664 4.917 5.069 5.306 5.723 5.732 5.999 6.451 6.396 6.409 6.827 6.888 6.650 6.757 6.897 6.821 6.900 7.044 7.050 7.054 7.187 7.252 7.281 7.241 7.272 7.231 7.159 7.291 7.307 7.447 7.600 7.691 7.571 7.745 8.133 7.865 7.415 7.278 7.396 7.410 7.524 7.650 7.776 8.003 7.958 7.933 8.136 8.161 8.017 8.200 8.245 7.643
0.000 0.000 0.138 0.419 1.588 1.713 1.985 2.346 2.340 2.972 2.995 3.284 3.329 3.359 3.461 3.732 3.790 4.232 4.361 5.037 5.194 4.836 4.824 4.813 4.725 4.921 5.379 5.513 5.790 6.367 6.320 6.601 7.149 6.969 7.000 7.432 7.436 7.217 7.475 7.615 7.386 7.511 7.804 7.583 7.522 7.635 7.529 7.418 7.485 7.665 7.489 7.379 7.335 7.300 7.447 7.742 7.871 7.513 7.497 7.850 7.510 7.139 6.973 6.935 7.294 7.546 7.490 7.560 7.871 7.856 7.798 7.817 7.800 7.724 7.616 7.528 7.332
0.231 0.435 1.512 1.900 2.264 2.815 2.780 2.911 2.972 3.101 3.291 3.421 3.689 3.753 3.867 3.930 4.278 4.548 4.752 5.369 5.530 5.202 5.040 5.132 5.170 5.325 5.550 5.710 6.027 6.372 6.549 6.779 7.050 7.076 7.160 7.351 7.430 7.351 7.547 7.633 7.534 7.791 8.175 7.827 7.692 7.936 7.671 7.403 7.453 7.597 7.461 7.340 7.379 7.375 7.334 7.339 7.334 7.092 6.962 6.938 6.992 7.057 6.720 6.652 7.052 7.569 7.403 7.332 7.479 7.559 7.588 7.645 7.627 7.675 7.341 6.926 6.838
1.577 2.179 2.545 2.575 2.664 3.047 3.042 3.161 3.648 3.642 3.898 3.972 4.054 4.266 4.313 4.507 4.758 4.900 5.275 5.714 5.823 5.930 5.761 5.871 5.973 5.918 6.137 6.370 6.506 6.824 7.245 7.355 7.343 7.514 7.574 7.557 7.534 7.528 7.520 7.560 7.525 7.627 7.735 7.604 7.503 7.523 7.333 7.140 7.100 7.061 7.018 7.166 7.564 7.561 7.060 6.838 6.716 6.600 6.497 6.401 6.506 6.636 6.484 6.470 6.479 6.820 7.022 7.237 7.435 7.623 7.508 7.564 7.369 7.518 7.053 6.633 6.546
2.671 2.630 2.913 3.563 3.499 4.011 3.522 3.470 3.769 3.941 4.290 4.395 4.579 4.938 4.898 5.245 5.434 5.669 6.483 6.642 6.309 6.398 6.304 6.384 6.550 6.551 6.747 7.117 7.063 7.416 8.125 8.019 7.835 7.963 8.058 7.874 7.805 7.801 7.684 7.553 7.538 7.437 7.333 7.193 7.149 7.064 6.960 6.875 6.665 6.512 6.466 6.643 7.159 7.187 6.646 6.474 6.523 6.527 6.364 6.288 6.056 5.890 5.848 5.854 5.772 6.048 6.589 7.294 6.901 6.891 6.830 6.878 7.227 6.910 6.579 6.278 5.982
2.873 3.620 3.782 3.694 3.872 4.003 3.799 3.665 4.038 4.368 4.634 4.874 5.026 5.117 5.261 5.518 5.554 6.048 6.854 6.948 6.624 6.522 6.598 6.607 6.677 6.781 6.989 7.146 7.279 7.666 8.238 8.167 7.987 8.169 8.252 7.969 7.896 8.108 7.822 7.487 7.548 7.411 7.074 6.878 6.698 6.702 6.861 6.749 6.388 6.313 6.309 6.188 6.194 6.168 6.270 6.608 6.340 6.020 5.830 5.671 5.646 5.629 5.365 5.304 5.308 5.646 5.858 5.986 6.134 6.404 6.216 6.436 7.836 6.824 6.569 5.892 5.341
3.927 3.784 3.987 4.422 4.524 4.384 4.488 4.528 4.855 5.170 5.394 5.893 5.898 5.867 6.051 6.034 6.174 6.565 6.885 7.056 7.140 7.183 7.255 7.093 7.128 7.237 7.359 7.424 7.546 7.738 7.929 7.944 7.946 7.997 7.988 7.781 7.723 7.853 7.555 7.192 7.098 6.958 6.792 6.854 6.612 6.319 6.262 6.164 5.977 6.004 5.956 5.877 5.727 5.696 5.775 5.967 5.729 5.544 5.377 5.304 5.158 5.048 5.136 4.971 4.940 5.359 5.437 5.434 5.408 5.314 5.323 5.452 5.747 5.930 5.537 5.228 5.138
4.177 4.354 4.654 4.655 4.726 4.778 4.770 5.016 5.764 6.109 5.916 6.244 6.239 6.340 6.686 6.510 6.894 7.442 7.485 7.459 7.789 8.135 7.899 7.805 7.842 7.867 7.787 7.783 7.881 7.851 7.853 7.873 7.850 7.691 7.604 7.435 7.275 7.145 6.892 6.674 6.453 6.300 6.386 6.339 6.042 5.729 5.548 5.516 5.470 5.368 5.425 5.604 5.674 5.469 5.635 5.345 5.216 5.491 5.138 4.938 4.800 4.620 4.567 4.434 4.176 4.302 4.373 4.632 4.714 4.659 4.702 4.692 4.877 5.953 5.035 4.584 4.249
4.586 4.954 5.143 5.131 5.221 5.227 5.157 5.627 5.977 6.145 6.199 6.308 6.505 6.606 6.735 6.908 7.342 8.045 7.960 7.832 8.057 8.341 8.119 8.053 8.254 8.209 7.945 8.000 8.141 7.921 7.836 7.942 7.811 7.553 7.496 7.426 6.991 6.550 6.389 6.189 6.100 6.001 5.670 5.585 5.420 5.433 5.247 5.413 5.260 5.123 5.054 4.994 4.911 4.823 4.938 4.829 4.743 4.746 4.510 4.215 4.226 4.119 4.050 4.260 3.827 3.822 3.789 3.991 4.613 3.517 3.461 3.311 3.655 3.839 3.768 3.729 3.697
5.335 5.204 5.389 5.587 5.952 5.930 6.266 6.536 6.304 6.410 6.502 6.790 6.975 6.927 7.032 7.190 7.423 7.767 7.894 7.862 8.004 8.108 8.096 8.033 8.037 8.008 7.858 7.782 7.848 7.637 7.628 7.930 7.641 7.268 7.413 7.666 6.797 6.328 6.282 5.903 5.851 5.617 5.195 5.056 5.083 5.040 4.807 4.760 4.677 4.836 4.727 4.546 4.455 4.453 4.404 4.391 4.326 4.472 4.332 3.805 3.677 3.680 3.612 3.478 4.023 3.742 3.696 3.863 2.926 2.733 2.549 2.494 2.790 2.901 2.853 2.908 2.944
5.495 5.564 5.847 6.067 6.191 6.413 7.369 7.618 7.023 6.911 7.150 7.455 7.567 7.279 7.246 7.289 7.404 7.648 7.748 7.908 8.028 8.031 8.053 7.958 7.852 7.735 7.603 7.416 7.261 7.101 7.071 7.077 6.902 6.718 6.641 6.576 6.162 5.946 5.571 5.315 5.105 4.947 4.866 4.984 4.545 4.453 4.421 4.360 4.330 4.264 4.191 4.340 3.966 3.844 3.846 3.963 4.147 4.008 3.344 3.191 3.240 3.420 2.788 2.469 0.890 0.567 0.195 0.148 0.229 0.060 0.001 0.030 0.464 0.543 0.651 0.746 0.911
5.981 6.443 6.719 6.524 6.567 6.854 7.475 7.636 7.407 7.387 7.438 7.672 7.696 7.442 7.332 7.294 7.410 7.567 7.733 8.091 8.131 7.999 8.105 8.062 7.728 7.733 7.632 7.163 6.926 6.798 6.590 6.409 6.518 6.662 6.121 5.837 5.672 5.559 5.181 5.171 4.859 4.843 4.497 4.386 4.344 4.325 4.086 3.861 4.011 4.161 3.969 3.750 3.736 3.361 3.318 3.402 2.740 2.373 1.042 0.662 0.348 0.140 0.002 0.000 0.000 0.000 0.000 0.000 0.000 0.000 0.000 0.000 0.000 0.000 0.000 0.000 0.001
6.702 6.883 7.075 6.916 7.006 7.131 7.357 7.445 7.591 7.666 7.629 7.580 7.499 7.431 7.361 7.353 7.455 7.580 7.601 7.982 8.055 7.915 8.541 8.435 7.563 7.668 7.549 6.919 6.789 6.596 6.219 6.113 6.065 6.006 5.457 5.392 5.486 5.269 4.863 4.624 4.356 4.212 4.080 4.019 3.955 3.729 3.836 3.466 3.335 2.994 3.493 3.545 2.563 1.357 0.837 0.390 0.042 0.000 0.000 0.000 0.000 0.000 0.000 0.000 0.000 0.000 0.000 0.000 0.000 0.000 0.000 0.000 0.000 0.000 0.000 0.000 0.000
6.965 7.008 7.127 7.348 7.525 7.643 7.617 7.609 7.757 7.881 7.690 7.522 7.407 7.296 7.341 7.276 7.363 7.582 7.388 7.385 7.327 7.330 7.873 7.673 6.938 6.709 6.454 6.186 6.105 5.875 5.975 5.810 5.121 4.972 5.162 5.013 4.699 4.673 4.610 4.417 4.123 4.121 3.565 3.463 3.496 3.374 2.926 2.670 3.216 1.096 0.750 0.936 1.251 0.002 0.000 0.000 0.000 0.000 0.000 0.000 0.000 0.000 0.000 0.000 0.000 0.000 0.000 0.000 0.000 0.000 0.000 0.000 0.000 0.000 0.000 0.000 0.000
7.269 7.385 7.494 7.634 7.930 8.036 7.798 7.687 7.718 7.738 7.596 7.472 7.415 7.316 7.395 7.218 6.948 6.963 6.764 6.627 6.522 6.468 6.564 6.282 5.965 5.824 5.629 5.579 5.494 5.376 5.208 4.997 4.594 4.567 4.468 4.439 4.644 4.238 3.976 3.666 3.464 3.135 3.033 3.039 2.622 1.498 0.889 0.423 0.003 0.000 0.000 0.000 1.413 0.000 0.000 0.000 0.000 0.000 0.000 0.000 0.000 0.000 0.000 0.000 0.000 0.000 0.000 0.000 0.000 0.000 0.000 0.000 0.000 0.000 0.000 0.000 0.000
7.751 8.020 8.027 7.935 7.932 7.914 7.739 7.622 7.534 7.493 7.400 7.502 7.547 7.320 7.204 6.909 6.409 6.279 6.255 6.184 6.173 6.166 5.900 5.693 5.523 5.432 5.361 5.335 5.313 5.272 4.625 4.373 4.255 4.075 4.285 3.953 3.726 3.851 3.409 3.229 2.825 2.503 1.285 0.725 0.308 0.003 0.000 0.000 0.000 0.000 0.000 0.000 0.000 0.000 0.000 0.000 0.000 0.000 0.000 0.000 0.000 0.000 0.000 0.000 0.000 0.000 0.000 0.000 0.000 0.000 0.000 0.000 0.000 0.000 0.000 0.000 0.000
8.080 8.518 8.305 7.958 7.768 7.710 7.622 7.537 7.408 7.255 7.128 7.411 7.690 7.208 6.720 6.220 5.719 5.818 6.028 6.041 5.902 5.654 5.147 5.146 5.223 4.826 4.757 4.586 4.578 4.483 4.310 4.101 3.858 3.721 3.504 3.269 3.388 2.871 2.691 1.427 0.831 0.297 0.000 0.000 0.000 0.000 0.000 0.000 0.000 0.000 0.000 0.000 0.000 0.000 0.000 0.000 0.000 0.000 0.000 0.000 0.000 0.000 0.000 0.000 0.000 0.000 0.000 0.000 0.000 0.000 0.000 0.000 0.000 0.000 0.000 0.000 0.000
8.045 8.265 8.118 7.827 7.634 7.540 7.508 7.648 7.323 6.892 6.813 6.837 6.948 6.575 6.206 5.924 5.668 5.632 5.623 5.506 5.132 4.906 4.821 4.659 4.507 4.321 4.274 4.405 4.154 4.122 3.783 3.830 3.316 3.139 2.978 2.678 1.440 0.858 0.342 0.004 0.000 0.000 0.000 0.000 0.000 0.000 0.000 0.000 0.000 0.000 0.000 0.000 0.000 0.000 0.000 0.000 0.000 0.000 0.000 0.000 0.000 0.000 0.000 0.000 0.000 0.000 0.000 0.000 0.000 0.000 0.000 0.000 0.000 0.000 0.000 0.000 0.000
7.912 7.947 7.829 7.660 7.549 7.437 7.233 7.235 6.898 6.613 6.587 6.489 6.315 6.064 5.875 5.771 5.458 5.195 5.032 4.879 4.730 4.676 4.570 4.335 4.184 4.140 3.859 3.749 3.429 3.475 3.909 2.934 2.776 1.465 0.900 0.400 0.006 0.000 0.000 0.000 0.000 0.000 0.000 0.000 0.000 0.000 0.000 0.000 0.000 0.000 0.000 0.000 0.000 0.000 0.000 0.000 0.000 0.000 0.000 0.000 0.000 0.000 0.000 0.000 0.000 0.000 0.000 0.000 0.000 0.000 0.000 0.000 0.000 0.000 0.000 0.000 0.000
7.844 7.772 7.676 7.582 7.629 7.534 6.943 6.568 6.257 6.242 6.275 6.043 6.140 5.917 5.770 5.739 5.229 4.709 4.598 4.599 4.661 4.301 3.940 4.093 3.886 3.530 3.230 3.064 3.028 2.553 1.555 0.947 0.591 0.136 0.000 0.000 0.000 0.000 0.000 0.000 0.000 0.000 0.000 0.000 0.000 0.000 0.000 0.000 0.000 0.000 0.000 0.000 0.000 0.000 0.000 0.000 0.000 0.000 0.000 0.000 0.000 0.000 0.000 0.000 0.000 0.000 0.000 0.000 0.000 0.000 0.000 0.000 0.000 0.000 0.000 0.000 0.000
7.715 7.700 7.782 7.450 7.411 7.236 6.367 5.781 5.700 5.690 5.608 5.723 6.244 5.935 5.259 4.976 4.755 4.534 4.397 4.060 3.856 3.627 3.532 3.558 3.480 3.557 2.969 1.743 1.151 0.732 0.360 0.012 0.000 0.000 0.000 0.000 0.000 0.000 0.000 0.000 0.000 0.000 0.000 0.000 0.000 0.000 0.000 0.000 0.000 0.000 0.000 0.000 0.000 0.000 0.000 0.000 0.000 0.000 0.000 0.000 0.000 0.000 0.000 0.000 0.000 0.000 0.000 0.000 0.000 0.000 0.000 0.000 0.000 0.000 0.000 0.000 0.000
7.406 7.412 7.461 6.992 6.645 6.269 5.871 5.538 5.453 5.199 4.999 5.041 5.321 5.078 4.616 4.477 4.481 4.120 3.753 3.468 3.421 3.332 3.442 3.429 3.087 2.747 1.126 0.393 0.099 0.012 0.000 0.000 0.000 0.000 0.000 0.000 0.000 0.000 0.000 0.000 0.000 0.000 0.000 0.000 0.000 0.000 0.000 0.000 0.000 0.000 0.000 0.000 0.000 0.000 0.000 0.000 0.000 0.000 0.000 0.000 0.000 0.000 0.000 0.000 0.000 0.000 0.000 0.000 0.000 0.000 0.000 0.000 0.000 0.000 0.000 0.000 0.000
6.787 6.792 6.597 6.357 6.076 5.751 5.539 5.287 5.004 4.730 4.850 4.595 4.426 4.212 4.291 4.184 4.388 3.765 3.368 3.147 2.871 2.434 1.578 1.141 0.918 1.901 2.170 0.000 0.000 0.000 0.000 0.000 0.000 0.000 0.000 0.000 0.000 0.000 0.000 0.000 0.000 0.000 0.000 0.000 0.000 0.000 0.000 0.000 0.000 0.000 0.000 0.000 0.000 0.000 0.000 0.000 0.000 0.000 0.000 0.000 0.000 0.000 0.000 0.000 0.000 0.000 0.000 0.000 0.000 0.000 0.000 0.000 0.000 0.000 0.000 0.000 0.000
6.572 6.520 6.209 6.181 5.875 5.579 5.559 4.884 4.423 4.333 4.205 4.013 4.004 3.861 3.904 3.504 3.233 3.167 3.223 1.747 1.260 0.818 0.477 0.330 0.462 1.534 1.967 0.000 0.000 0.000 0.000 0.000 0.000 0.000 0.000 0.000 0.000 0.000 0.000 0.000 0.000 0.000 0.000 0.000 0.000 0.000 0.000 0.000 0.000 0.000 0.000 0.000 0.000 0.000 0.000 0.000 0.000 0.000 0.000 0.000 0.000 0.000 0.000 0.000 0.000 0.000 0.000 0.000 0.000 0.000 0.000 0.000 0.000 0.000 0.000 0.000 0.000
6.372 6.247 5.704 5.676 5.353 5.072 5.009 4.413 4.250 4.057 3.466 3.391 3.449 3.241 3.259 2.810 2.799 1.343 0.846 0.486 0.004 0.000 0.047 1.067 1.708 1.903 0.030 0.000 0.000 0.000 0.000 0.000 0.000 0.000 0.000 0.000 0.000 0.000 0.000 0.000 0.000 0.000 0.000 0.000 0.000 0.000 0.000 0.000 0.000 0.000 0.000 0.000 0.000 0.000 0.000 0.000 0.000 0.000 0.000 0.000 0.000 0.000 0.000 0.000 0.000 0.000 0.000 0.000 0.000 0.000 0.000 0.000 0.000 0.000 0.000 0.000 0.000
5.361 5.215 4.981 4.794 4.513 4.248 3.954 3.621 3.590 3.406 3.178 3.025 3.182 2.773 1.673 0.994 0.522 0.000 0.000 0.000 0.000 0.000 0.000 1.461 1.420 0.489 0.000 0.000 0.000 0.000 0.000 0.000 0.000 0.000 0.000 0.000 0.000 0.000 0.000 0.000 0.000 0.000 0.000 0.000 0.000 0.000 0.000 0.000 0.000 0.000 0.000 0.000 0.000 0.000 0.000 0.000 0.000 0.000 0.000 0.000 0.000 0.000 0.000 0.000 0.000 0.000 0.000 0.000 0.000 0.000 0.000 0.000 0.000 0.000 0.000 0.000 0.000
4.747 4.690 4.570 4.373 4.410 3.855 3.782 3.319 3.151 3.830 2.639 2.057 1.156 0.759 0.157 0.000 0.000 0.000 0.000 0.000 0.000 0.000 0.000 0.253 1.477 0.000 0.000 0.000 0.000 0.000 0.000 0.000 0.000 0.000 0.000 0.000 0.000 0.000 0.000 0.000 0.000 0.000 0.000 0.000 0.000 0.000 0.000 0.000 0.000 0.000 0.000 0.000 0.000 0.000 0.000 0.000 0.000 0.000 0.000 0.000 0.000 0.000 0.000 0.000 0.000 0.000 0.000 0.000 0.000 0.000 0.000 0.000 0.000 0.000 0.000 0.000 0.000
4.344 4.265 4.072 3.670 3.520 3.203 2.865 2.362 2.078 1.972 0.678 0.310 0.000 0.000 0.000 0.000 0.000 0.000 0.000 0.000 0.000 0.000 0.000 0.000 1.695 0.000 0.000 0.000 0.000 0.000 0.000 0.000 0.000 0.000 0.000 0.000 0.000 0.000 0.000 0.000 0.000 0.000 0.000 0.000 0.000 0.000 0.000 0.000 0.000 0.000 0.000 0.000 0.000 0.000 0.000 0.000 0.000 0.000 0.000 0.000 0.000 0.000 0.000 0.000 0.000 0.000 0.000 0.000 0.000 0.000 0.000 0.000 0.000 0.000 0.000 0.000 0.000
4.164 3.810 4.308 3.393 3.369 3.277 2.112 0.833 0.316 0.000 0.000 0.000 0.000 0.000 0.000 0.000 0.000 0.000 0.000 0.000 0.000 0.000 0.000 0.000 1.577 0.000 0.000 0.000 0.000 0.000 0.000 0.000 0.000 0.000 0.000 0.000 0.000 0.000 0.000 0.000 0.000 0.000 0.000 0.000 0.000 0.000 0.000 0.000 0.000 0.000 0.000 0.000 0.000 0.000 0.000 0.000 0.000 0.000 0.000 0.000 0.000 0.000 0.000 0.000 0.000 0.000 0.000 0.000 0.000 0.000 0.000 0.000 0.000 0.000 0.000 0.000 0.000
3.664 2.828 2.650 2.079 0.781 0.331 0.000 0.000 0.000 0.000 0.000 0.000 0.000 0.000 0.000 0.000 0.000 0.000 0.000 0.000 0.000 0.000 0.000 0.037 1.064 0.000 0.000 0.000 0.000 0.000 0.000 0.000 0.000 0.000 0.000 0.000 0.000 0.000 0.000 0.000 0.000 0.000 0.000 0.000 0.000 0.000 0.000 0.000 0.000 0.000 0.000 0.000 0.000 0.000 0.000 0.000 0.000 0.000 0.000 0.000 0.000 0.000 0.000 0.000 0.000 0.000 0.000 0.000 0.000 0.000 0.000 0.000 0.000 0.000 0.000 0.000 0.000
1.865 0.718 0.287 0.000 0.000 0.000 0.000 0.000 0.000 0.000 0.000 0.000 0.000 0.000 0.000 0.000 0.000 0.000 0.000 0.000 0.000 0.000 0.000 0.000 0.000 0.031 0.000 0.000 0.000 0.000 0.000 0.000 0.000 0.000 0.000 0.000 0.000 0.000 0.000 0.000 0.000 0.000 0.000 0.000 0.000 0.000 0.000 0.000 0.000 0.000 0.000 0.000 0.000 0.000 0.000 0.000 0.000 0.000 0.000 0.000 0.000 0.000 0.000 0.000 0.000 0.000 0.000 0.000 0.000 0.000 0.000 0.000 0.000 0.000 0.000 0.000 0.000
0.000 0.000 0.000 0.000 0.000 0.000 0.000 0.000 0.000 0.000 0.000 0.000 0.000 0.000 0.000 0.000 0.000 0.000 0.000 0.000 0.000 0.000 0.000 0.000 0.000 0.074 0.000 0.000 0.000 0.000 0.000 0.000 0.000 0.000 0.000 0.000 0.000 0.000 0.000 0.000 0.000 0.000 0.000 0.000 0.000 0.000 0.000 0.000 0.000 0.000 0.000 0.000 0.000 0.000 0.000 0.000 0.000 0.000 0.000 0.000 0.000 0.000 0.000 0.000 0.000 0.000 0.000 0.000 0.000 0.000 0.000 0.000 0.000 0.000 0.000 0.000 0.000
