includes/estuary_coast/floodfiles/results/res-0012.wd
ncols         730
nrows         472
xllcorner     380617.130607059982140
yllcorner     6542069.774948899634182
cellsize      20.000000000000000
NODATA_value  -9999.000000
[rows 306 to 339 of 472, columns 77 to 153 of 730]
1.067 1.039 1.208 0.888 0.872 0.980 1.004 1.013 1.056 0.982 1.045 1.008 1.154 1.146 1.015 0.992 0.963 0.972 0.973 0.950 1.107 1.470 1.095 0.999 0.961 0.920 0.853 0.903 0.956 0.759 0.704 1.277 1.399 1.078 0.909 0.658 0.546 0.532 0.515 0.515 0.566 0.477 0.359 0.317 0.171 0.191 0.208 0.115 0.038 0.000 0.000 0.004 0.003 0.001 0.008 0.023 0.003 0.005 0.001 0.000 0.019 0.002 0.001 0.001 0.059 0.000 0.000 0.000 0.073 0.041 0.002 0.000 0.046 0.000 0.000 0.052 0.000
1.087 0.961 1.248 1.037 0.843 0.822 0.865 1.015 1.028 0.930 1.057 0.942 1.016 1.071 1.122 0.972 0.951 1.036 0.948 0.956 1.011 1.128 1.361 0.937 0.895 0.808 0.972 0.864 0.741 0.756 0.910 0.674 1.111 1.266 1.042 0.782 0.611 0.536 0.482 0.479 0.558 0.429 0.369 0.308 0.272 0.242 0.157 0.119 0.064 0.005 0.000 0.000 0.006 0.000 0.000 0.000 0.039 0.004 0.000 0.000 0.018 0.000 0.000 0.014 0.000 0.000 0.000 0.000 0.020 0.053 0.004 0.008 0.000 0.000 0.006 0.000 0.000
1.204 1.140 1.072 1.208 1.283 0.986 0.985 1.000 0.983 0.900 0.921 0.944 0.982 1.025 0.986 1.028 0.894 0.995 1.019 0.860 0.941 1.037 1.168 1.255 0.932 0.854 0.850 0.816 0.874 0.783 0.696 0.670 0.727 1.036 1.319 0.963 0.654 0.524 0.442 0.430 0.422 0.354 0.285 0.269 0.264 0.238 0.191 0.153 0.037 0.003 0.000 0.000 0.003 0.091 0.008 0.001 0.001 0.000 0.001 0.062 0.000 0.000 0.000 0.000 0.000 0.000 0.009 0.000 0.000 0.000 0.000 0.009 0.000 0.000 0.037 0.000 0.000
0.950 1.195 1.072 1.040 1.106 1.001 0.946 0.813 0.786 0.811 0.930 0.910 0.972 0.905 0.980 1.285 1.004 0.960 0.931 0.971 0.912 0.894 0.979 0.995 1.144 1.138 0.813 0.736 0.825 0.825 0.699 0.646 0.690 0.659 1.025 1.224 0.968 0.751 0.562 0.474 0.400 0.342 0.453 0.303 0.175 0.214 0.171 0.071 0.080 0.001 0.000 0.000 0.000 0.050 0.023 0.008 0.000 0.070 0.000 0.000 0.000 0.000 0.007 0.000 0.002 0.001 0.003 0.013 0.000 0.025 0.000 0.024 0.005 0.001 0.001 0.000 0.000
1.096 1.224 1.209 1.270 0.935 1.073 1.135 0.854 0.831 0.818 0.905 0.823 0.848 0.941 0.953 0.934 0.924 0.900 0.834 0.883 0.921 0.811 0.992 0.889 1.230 1.023 0.976 0.986 0.676 0.637 0.582 0.625 0.539 0.548 0.809 0.992 1.228 0.733 0.763 0.485 0.513 0.497 0.302 0.308 0.265 0.211 0.187 0.147 0.043 0.024 0.003 0.004 0.016 0.003 0.016 0.003 0.000 0.001 0.036 0.000 0.000 0.000 0.000 0.059 0.003 0.001 0.000 0.000 0.041 0.000 0.000 0.000 0.004 0.024 0.000 0.000 0.000
0.921 0.924 0.887 1.023 1.165 0.961 0.862 0.993 0.725 0.768 0.762 0.803 0.744 0.962 0.921 0.932 1.005 0.830 0.881 0.811 0.754 0.964 0.789 0.984 0.963 0.887 0.949 0.825 1.028 0.698 0.685 0.553 0.598 0.543 0.691 0.783 1.060 1.127 0.824 0.667 0.568 0.389 0.388 0.335 0.320 0.212 0.189 0.141 0.036 0.030 0.001 0.002 0.004 0.043 0.000 0.023 0.018 0.002 0.018 0.002 0.003 0.004 0.005 0.003 0.000 0.000 0.000 0.031 0.001 0.001 0.035 0.013 0.000 0.020 0.021 0.001 0.002
1.009 0.970 0.947 0.754 0.776 0.916 0.900 1.168 0.753 0.733 0.786 0.736 0.669 0.761 0.801 0.837 1.012 0.772 0.782 0.733 0.712 0.721 0.749 0.708 0.861 0.965 0.955 0.890 0.827 1.034 0.942 0.624 0.635 0.601 0.644 0.564 0.723 1.019 0.903 0.706 0.526 0.454 0.313 0.244 0.303 0.248 0.219 0.155 0.086 0.008 0.000 0.008 0.000 0.000 0.072 0.000 0.004 0.002 0.001 0.001 0.001 0.007 0.015 0.043 0.002 0.000 0.000 0.000 0.001 0.000 0.028 0.086 0.000 0.000 0.003 0.039 0.000
1.061 0.900 0.866 0.865 0.777 0.803 0.832 1.193 1.165 0.655 0.737 0.751 0.745 0.580 0.691 0.750 0.800 0.897 0.845 0.843 0.719 0.744 0.713 0.813 0.809 0.832 0.896 0.866 0.782 0.724 0.814 0.921 0.772 0.654 0.643 0.509 0.632 0.807 1.022 0.650 0.683 0.521 0.375 0.366 0.277 0.222 0.128 0.167 0.057 0.025 0.000 0.010 0.000 0.000 0.000 0.000 0.000 0.000 0.000 0.000 0.000 0.010 0.049 0.002 0.002 0.003 0.004 0.019 0.003 0.000 0.000 0.018 0.000 0.000 0.000 0.003 0.004
1.185 0.912 0.974 0.826 0.822 0.777 0.829 1.118 0.832 0.844 0.692 0.731 0.834 0.649 0.650 0.779 0.739 0.781 0.828 0.833 0.675 0.637 0.767 0.762 0.690 0.772 0.742 0.758 0.799 0.833 0.567 0.655 0.751 0.729 0.683 0.391 0.540 0.602 0.966 0.689 0.704 0.515 0.409 0.338 0.245 0.260 0.181 0.154 0.038 0.006 0.002 0.003 0.000 0.000 0.004 0.000 0.000 0.000 0.000 0.015 0.000 0.000 0.003 0.020 0.001 0.000 0.005 0.016 0.000 0.000 0.000 0.000 0.000 0.000 0.000 0.000 0.000
1.094 0.923 0.789 0.790 0.802 0.842 0.809 0.841 0.987 0.876 0.732 0.698 0.678 0.596 0.595 0.599 0.743 0.730 0.812 0.900 0.700 0.748 0.849 0.805 0.675 0.636 0.651 0.663 0.751 0.667 0.701 0.503 0.718 0.669 0.588 0.643 0.563 0.642 0.870 0.588 0.675 0.549 0.454 0.478 0.303 0.208 0.162 0.153 0.140 0.031 0.021 0.000 0.000 0.000 0.000 0.000 0.000 0.014 0.000 0.000 0.000 0.000 0.003 0.000 0.000 0.001 0.000 0.000 0.022 0.000 0.067 0.010 0.000 0.000 0.000 0.018 0.018
1.149 1.325 0.765 0.816 0.751 0.787 0.812 0.826 1.109 0.753 0.817 0.772 0.697 0.596 0.622 0.664 0.609 0.630 0.718 0.808 0.771 0.692 0.730 0.613 0.681 0.555 0.533 0.581 0.636 0.586 0.636 0.588 0.580 0.779 0.773 0.649 0.600 0.701 0.819 0.632 0.499 0.532 0.572 0.369 0.428 0.270 0.239 0.211 0.143 0.006 0.002 0.009 0.050 0.008 0.000 0.043 0.056 0.000 0.019 0.000 0.000 0.042 0.003 0.001 0.000 0.000 0.000 0.000 0.000 0.022 0.000 0.000 0.000 0.000 0.020 0.000 0.000
1.043 1.385 0.924 0.747 0.803 0.775 0.765 0.811 0.892 1.008 0.742 0.820 0.764 0.609 0.561 0.503 0.619 0.527 0.639 0.719 0.710 0.728 0.678 0.664 0.654 0.520 0.513 0.443 0.555 0.619 0.658 0.559 0.607 0.590 0.714 0.686 0.596 0.685 0.763 0.553 0.583 0.514 0.542 0.407 0.400 0.275 0.362 0.229 0.161 0.076 0.003 0.000 0.089 0.003 0.003 0.047 0.005 0.013 0.002 0.004 0.054 0.010 0.001 0.000 0.000 0.000 0.064 0.000 0.000 0.000 0.003 0.000 0.016 0.000 0.000 0.000 0.003
1.040 1.107 0.938 0.746 0.812 0.827 0.823 0.631 0.763 0.755 1.138 0.729 0.823 0.698 0.562 0.591 0.559 0.608 0.538 0.738 0.686 0.736 0.631 0.560 0.530 0.537 0.584 0.489 0.511 0.554 0.595 0.538 0.648 0.632 0.585 0.730 0.659 0.648 0.815 0.471 0.561 0.447 0.423 0.422 0.507 0.329 0.320 0.262 0.147 0.046 0.008 0.002 0.001 0.002 0.005 0.000 0.003 0.003 0.005 0.005 0.000 0.001 0.000 0.000 0.000 0.044 0.005 0.000 0.000 0.000 0.000 0.001 0.022 0.000 0.000 0.028 0.023
1.094 1.172 1.052 0.928 0.870 0.745 0.803 0.743 0.670 0.772 0.775 1.080 0.651 0.787 0.748 0.614 0.546 0.549 0.588 0.568 0.587 0.630 0.669 0.570 0.576 0.467 0.531 0.522 0.571 0.573 0.528 0.525 0.616 0.548 0.633 0.594 0.741 0.708 0.592 0.436 0.472 0.396 0.450 0.443 0.394 0.249 0.286 0.194 0.185 0.068 0.001 0.001 0.001 0.000 0.001 0.002 0.016 0.000 0.000 0.011 0.000 0.001 0.028 0.000 0.024 0.000 0.000 0.000 0.003 0.004 0.004 0.000 0.000 0.047 0.027 0.000 0.079
0.941 0.993 1.105 0.936 0.890 0.701 0.739 0.839 0.813 0.681 0.787 0.796 0.793 0.675 0.683 0.633 0.716 0.506 0.570 0.590 0.604 0.553 0.499 0.447 0.548 0.587 0.469 0.513 0.498 0.503 0.412 0.436 0.528 0.540 0.505 0.606 0.667 0.761 0.646 0.525 0.429 0.436 0.469 0.392 0.462 0.357 0.240 0.117 0.210 0.144 0.001 0.000 0.000 0.002 0.000 0.002 0.000 0.042 0.062 0.000 0.000 0.000 0.000 0.002 0.002 0.004 0.000 0.003 0.007 0.000 0.009 0.003 0.060 0.043 0.000 0.014 0.012
0.998 0.955 1.309 1.299 0.759 0.844 0.782 0.888 0.852 0.831 0.734 0.729 0.794 0.682 0.694 0.690 0.711 0.654 0.539 0.564 0.545 0.499 0.562 0.434 0.456 0.473 0.481 0.470 0.454 0.488 0.379 0.453 0.454 0.463 0.500 0.524 0.511 0.546 0.908 0.527 0.461 0.229 0.354 0.445 0.381 0.307 0.275 0.272 0.182 0.055 0.000 0.000 0.000 0.028 0.001 0.001 0.006 0.000 0.000 0.000 0.000 0.000 0.065 0.003 0.000 0.004 0.007 0.009 0.011 0.011 0.014 0.043 0.000 0.008 0.005 0.009 0.058
0.951 1.016 1.146 1.108 1.057 0.844 0.909 0.773 0.752 0.738 0.756 0.734 0.854 0.823 0.660 0.677 0.700 0.674 0.610 0.545 0.558 0.480 0.562 0.493 0.532 0.524 0.507 0.439 0.477 0.475 0.436 0.421 0.362 0.431 0.438 0.615 0.580 0.570 0.736 0.526 0.388 0.261 0.390 0.309 0.307 0.260 0.324 0.193 0.119 0.061 0.000 0.043 0.000 0.001 0.000 0.082 0.002 0.000 0.000 0.053 0.002 0.005 0.006 0.001 0.003 0.004 0.010 0.000 0.027 0.000 0.010 0.020 0.017 0.000 0.005 0.002 0.002
1.074 0.953 1.025 1.146 1.247 0.876 0.851 0.749 0.721 0.724 0.697 0.778 0.825 0.767 0.905 0.638 0.587 0.614 0.606 0.477 0.483 0.433 0.591 0.500 0.516 0.447 0.364 0.429 0.450 0.375 0.517 0.419 0.376 0.367 0.339 0.457 0.584 0.532 0.529 0.638 0.353 0.293 0.489 0.342 0.243 0.336 0.214 0.186 0.245 0.002 0.001 0.002 0.011 0.025 0.001 0.000 0.064 0.060 0.002 0.004 0.000 0.013 0.004 0.007 0.006 0.007 0.002 0.006 0.003 0.003 0.002 0.000 0.016 0.016 0.007 0.006 0.003
0.982 0.963 0.969 1.132 1.026 0.944 0.934 0.786 0.803 0.801 0.741 0.667 0.749 0.735 0.742 1.035 0.701 0.550 0.559 0.535 0.568 0.460 0.478 0.526 0.449 0.480 0.405 0.489 0.346 0.384 0.324 0.374 0.399 0.467 0.393 0.429 0.417 0.444 0.425 0.610 0.466 0.237 0.448 0.360 0.273 0.263 0.255 0.141 0.072 0.003 0.009 0.000 0.000 0.000 0.000 0.005 0.004 0.001 0.020 0.003 0.006 0.005 0.002 0.000 0.003 0.000 0.000 0.008 0.006 0.003 0.019 0.006 0.000 0.000 0.003 0.000 0.001
0.986 0.871 0.997 0.911 1.005 1.062 0.821 0.748 0.727 0.718 0.677 0.688 0.693 0.698 0.678 0.633 0.895 0.474 0.485 0.551 0.468 0.560 0.386 0.464 0.562 0.404 0.485 0.349 0.391 0.315 0.304 0.406 0.387 0.318 0.344 0.443 0.258 0.355 0.371 0.367 0.520 0.339 0.403 0.391 0.287 0.251 0.245 0.123 0.005 0.000 0.004 0.003 0.016 0.014 0.003 0.048 0.003 0.003 0.016 0.000 0.004 0.004 0.002 0.002 0.021 0.000 0.000 0.010 0.007 0.020 0.000 0.017 0.045 0.009 0.007 0.000 0.000
1.018 0.961 0.958 0.889 0.958 1.080 1.004 0.808 0.897 0.751 0.816 0.761 0.690 0.648 0.675 0.641 0.597 0.591 0.469 0.534 0.443 0.413 0.587 0.437 0.472 0.408 0.331 0.318 0.380 0.432 0.338 0.386 0.430 0.381 0.241 0.234 0.243 0.345 0.330 0.290 0.314 0.226 0.427 0.432 0.244 0.098 0.173 0.115 0.001 0.009 0.002 0.007 0.001 0.001 0.003 0.000 0.006 0.067 0.002 0.061 0.005 0.004 0.009 0.002 0.000 0.000 0.003 0.010 0.000 0.000 0.000 0.000 0.000 0.000 0.001 0.003 0.037
0.909 0.933 0.912 0.852 0.915 1.026 1.062 0.919 0.857 0.849 0.668 0.702 0.593 0.648 0.640 0.588 1.068 0.541 0.526 0.415 0.432 0.387 0.410 0.576 0.322 0.298 0.365 0.324 0.371 0.433 0.342 0.372 0.368 0.350 0.236 0.218 0.219 0.209 0.271 0.210 0.301 0.204 0.338 0.340 0.234 0.216 0.163 0.013 0.002 0.115 0.050 0.000 0.006 0.001 0.000 0.006 0.007 0.002 0.005 0.004 0.006 0.009 0.000 0.000 0.000 0.023 0.008 0.012 0.000 0.001 0.001 0.000 0.000 0.000 0.056 0.000 0.003
0.818 0.891 0.839 0.820 0.689 0.894 0.881 0.922 0.865 0.808 0.719 0.663 0.666 0.630 0.558 0.709 0.584 0.489 0.421 0.581 0.392 0.350 0.367 0.392 0.482 0.302 0.422 0.353 0.312 0.254 0.349 0.380 0.297 0.219 0.265 0.173 0.164 0.125 0.154 0.255 0.328 0.239 0.424 0.242 0.211 0.240 0.022 0.005 0.007 0.010 0.005 0.006 0.004 0.003 0.004 0.010 0.004 0.000 0.001 0.000 0.000 0.000 0.000 0.068 0.000 0.065 0.003 0.005 0.030 0.077 0.000 0.000 0.000 0.025 0.001 0.000 0.000
0.792 0.927 0.826 0.923 0.830 0.796 0.789 1.035 0.793 0.854 0.690 0.732 0.732 0.511 0.563 0.574 0.539 0.789 0.503 0.526 0.549 0.349 0.397 0.336 0.290 0.332 0.331 0.383 0.262 0.301 0.272 0.400 0.223 0.227 0.251 0.256 0.116 0.138 0.123 0.128 0.196 0.213 0.267 0.142 0.281 0.099 0.005 0.067 0.030 0.005 0.003 0.002 0.000 0.022 0.000 0.010 0.001 0.004 0.004 0.000 0.000 0.000 0.000 0.000 0.006 0.008 0.071 0.000 0.000 0.000 0.001 0.003 0.001 0.006 0.000 0.000 0.000
0.804 0.897 0.850 0.818 0.804 0.832 0.735 0.860 0.853 0.763 0.726 0.690 0.685 0.720 0.628 0.505 0.534 0.473 0.461 0.457 0.393 0.446 0.415 0.350 0.307 0.360 0.273 0.342 0.364 0.192 0.298 0.238 0.127 0.137 0.156 0.108 0.126 0.098 0.023 0.114 0.143 0.081 0.149 0.264 0.191 0.021 0.007 0.001 0.002 0.031 0.004 0.049 0.011 0.058 0.013 0.012 0.023 0.002 0.004 0.017 0.000 0.000 0.031 0.021 0.058 0.018 0.002 0.032 0.002 0.008 0.001 0.000 0.000 0.000 0.000 0.000 0.000
0.704 0.742 0.824 0.786 0.791 0.829 0.749 0.805 0.696 0.654 0.745 0.545 0.491 0.515 0.526 0.512 0.496 0.503 0.680 0.431 0.370 0.358 0.372 0.428 0.367 0.257 0.342 0.404 0.208 0.224 0.183 0.163 0.152 0.180 0.033 0.066 0.004 0.035 0.061 0.008 0.008 0.004 0.121 0.043 0.018 0.000 0.001 0.001 0.000 0.003 0.047 0.000 0.065 0.070 0.021 0.000 0.020 0.000 0.032 0.002 0.004 0.005 0.009 0.000 0.000 0.000 0.000 0.000 0.000 0.000 0.000 0.000 0.000 0.000 0.007 0.000 0.002
0.729 0.745 0.645 0.704 0.766 0.763 0.764 0.736 0.876 0.713 0.586 0.602 0.589 0.536 0.439 0.490 0.430 0.487 0.551 0.422 0.387 0.320 0.357 0.407 0.401 0.263 0.253 0.180 0.131 0.235 0.142 0.088 0.043 0.031 0.012 0.066 0.000 0.000 0.000 0.000 0.000 0.000 0.021 0.006 0.211 0.063 0.002 0.037 0.000 0.062 0.000 0.047 0.000 0.000 0.001 0.000 0.000 0.029 0.000 0.019 0.097 0.007 0.010 0.054 0.018 0.000 0.001 0.052 0.000 0.015 0.021 0.008 0.000 0.049 0.002 0.015 0.002
0.639 0.637 0.700 0.577 0.835 0.660 0.787 0.653 0.670 0.654 0.486 0.561 0.536 0.518 0.547 0.331 0.418 0.379 0.378 0.337 0.390 0.342 0.406 0.395 0.262 0.278 0.224 0.181 0.254 0.148 0.131 0.115 0.063 0.002 0.000 0.000 0.000 0.014 0.000 0.000 0.000 0.000 0.035 0.052 0.002 0.000 0.006 0.002 0.076 0.035 0.000 0.000 0.045 0.000 0.001 0.000 0.000 0.003 0.002 0.002 0.021 0.005 0.000 0.051 0.003 0.004 0.002 0.000 0.000 0.010 0.000 0.001 0.002 0.003 0.000 0.000 0.000
0.655 0.668 0.610 0.643 0.648 0.807 0.656 0.646 0.610 0.512 0.492 0.500 0.440 0.438 0.435 0.418 0.338 0.381 0.423 0.578 0.329 0.404 0.371 0.301 0.307 0.309 0.269 0.222 0.169 0.217 0.157 0.006 0.022 0.002 0.027 0.001 0.056 0.000 0.032 0.000 0.000 0.000 0.016 0.013 0.044 0.010 0.000 0.000 0.000 0.000 0.000 0.000 0.001 0.007 0.002 0.001 0.030 0.025 0.002 0.000 0.048 0.000 0.000 0.024 0.012 0.000 0.001 0.001 0.030 0.041 0.000 0.000 0.021 0.000 0.000 0.021 0.000
0.838 0.666 0.623 0.618 0.555 0.644 0.595 0.589 0.544 0.538 0.528 0.376 0.450 0.461 0.359 0.410 0.378 0.371 0.352 0.361 0.389 0.478 0.322 0.241 0.272 0.178 0.199 0.174 0.122 0.122 0.001 0.001 0.000 0.000 0.008 0.000 0.000 0.000 0.072 0.000 0.000 0.035 0.000 0.000 0.003 0.128 0.078 0.090 0.000 0.000 0.000 0.076 0.005 0.003 0.002 0.001 0.000 0.003 0.000 0.036 0.013 0.000 0.053 0.005 0.000 0.000 0.000 0.003 0.000 0.030 0.000 0.000 0.002 0.005 0.001 0.002 0.002
0.830 0.871 0.855 0.703 0.669 0.720 0.772 0.606 0.588 0.586 0.487 0.424 0.466 0.402 0.439 0.389 0.414 0.350 0.373 0.419 0.339 0.243 0.151 0.299 0.134 0.183 0.213 0.133 0.109 0.090 0.002 0.041 0.000 0.000 0.000 0.000 0.000 0.000 0.000 0.047 0.002 0.000 0.067 0.036 0.007 0.020 0.002 0.000 0.175 0.001 0.000 0.026 0.001 0.008 0.000 0.009 0.007 0.045 0.002 0.003 0.023 0.009 0.007 0.020 0.000 0.000 0.007 0.017 0.000 0.000 0.000 0.004 0.012 0.000 0.004 0.002 0.001
0.722 0.763 0.704 0.710 0.811 0.761 0.680 0.612 0.612 0.586 0.544 0.494 0.438 0.439 0.395 0.417 0.337 0.363 0.520 0.308 0.212 0.319 0.316 0.206 0.189 0.188 0.209 0.103 0.056 0.060 0.020 0.000 0.000 0.000 0.057 0.000 0.000 0.000 0.014 0.000 0.000 0.000 0.000 0.037 0.000 0.041 0.010 0.005 0.009 0.016 0.034 0.009 0.006 0.000 0.005 0.048 0.012 0.013 0.018 0.012 0.021 0.000 0.000 0.000 0.000 0.006 0.002 0.000 0.000 0.000 0.000 0.004 0.000 0.000 0.002 0.000 0.000
0.961 0.902 0.871 0.732 0.616 0.739 0.725 0.681 0.571 0.571 0.440 0.483 0.445 0.392 0.407 0.354 0.499 0.438 0.380 0.318 0.281 0.229 0.230 0.252 0.197 0.157 0.181 0.123 0.001 0.004 0.007 0.000 0.000 0.000 0.000 0.022 0.000 0.000 0.000 0.044 0.000 0.000 0.008 0.064 0.000 0.019 0.004 0.007 0.020 0.121 0.004 0.011 0.009 0.017 0.036 0.002 0.017 0.007 0.000 0.000 0.000 0.000 0.000 0.000 0.027 0.031 0.000 0.000 0.000 0.000 0.000 0.005 0.002 0.002 0.037 0.001 0.000
0.675 0.760 0.754 0.683 0.609 0.719 0.661 0.644 0.618 0.678 0.667 0.557 0.443 0.504 0.537 0.491 0.481 0.405 0.305 0.326 0.345 0.328 0.332 0.295 0.406 0.250 0.159 0.086 0.021 0.002 0.000 0.000 0.000 0.000 0.000 0.000 0.000 0.039 0.028 0.000 0.000 0.000 0.006 0.000 0.041 0.007 0.085 0.012 0.000 0.000 0.050 0.042 0.000 0.097 0.010 0.046 0.025 0.000 0.033 0.003 0.001 0.000 0.005 0.070 0.010 0.006 0.007 0.052 0.006 0.004 0.007 0.008 0.003 0.002 0.000 0.012 0.000
