includes/estuary_coast/floodfiles/results/res-0009.wdfp
ncols         730
nrows         472
xllcorner     380617.130607
yllcorner     6542069.774949
cellsize      20.000000
NODATA_value  -9999.000000
[rows 408 to 441 of 472, columns 77 to 153 of 730]
0.003 0.003 0.026 0.001 0.000 0.014 0.013 0.064 0.000 0.002 0.003 0.006 0.000 0.039 0.000 0.077 0.159 0.092 0.120 0.034 0.053 0.024 0.000 0.026 0.133 0.003 0.048 0.040 0.068 0.003 0.000 0.026 0.050 0.030 0.059 0.027 0.041 0.001 0.002 0.065 0.000 0.040 0.025 0.002 0.037 0.022 0.145 0.006 0.076 0.096 0.000 0.000 0.000 0.000 0.009 0.000 0.000 0.009 0.036 0.004 0.000 0.000 0.044 0.018 0.000 0.003 0.004 0.003 0.004 0.019 0.005 0.041 0.000 0.002 0.003 0.002 0.003
0.000 0.000 0.004 0.001 0.026 0.037 0.000 0.000 0.055 0.000 0.000 0.003 0.049 0.000 0.147 0.157 0.072 0.068 0.118 0.091 0.003 0.037 0.002 0.105 0.135 0.020 0.000 0.019 0.016 0.009 0.060 0.020 0.046 0.033 0.006 0.001 0.018 0.035 0.000 0.035 0.012 0.000 0.011 0.016 0.032 0.042 0.089 0.059 0.000 0.021 0.015 0.042 0.003 0.019 0.006 0.000 0.000 0.012 0.000 0.000 0.000 0.000 0.066 0.047 0.042 0.001 0.002 0.049 0.006 0.000 0.075 0.001 0.001 0.000 0.000 0.000 0.032
0.099 0.042 0.001 0.072 0.114 0.031 0.000 0.000 0.014 0.019 0.012 0.066 0.020 0.128 0.050 0.100 0.115 0.095 0.000 0.004 0.003 0.037 0.045 0.057 0.041 0.080 0.081 0.006 0.013 0.045 0.030 0.009 0.107 0.048 0.036 0.015 0.005 0.000 0.024 0.027 0.008 0.010 0.014 0.081 0.010 0.081 0.000 0.000 0.073 0.048 0.030 0.056 0.000 0.000 0.005 0.002 0.052 0.004 0.000 0.000 0.000 0.000 0.000 0.013 0.000 0.000 0.000 0.000 0.002 0.021 0.000 0.002 0.000 0.000 0.000 0.024 0.000
0.006 0.000 0.062 0.077 0.037 0.078 0.145 0.032 0.105 0.006 0.000 0.002 0.079 0.055 0.112 0.134 0.167 0.016 0.080 0.000 0.065 0.011 0.070 0.116 0.047 0.041 0.028 0.032 0.009 0.040 0.117 0.016 0.004 0.000 0.000 0.020 0.045 0.005 0.000 0.001 0.000 0.000 0.027 0.009 0.031 0.033 0.053 0.000 0.001 0.051 0.004 0.028 0.002 0.011 0.001 0.026 0.000 0.000 0.000 0.002 0.000 0.000 0.000 0.081 0.026 0.012 0.024 0.003 0.002 0.002 0.008 0.000 0.001 0.045 0.017 0.002 0.005
0.008 0.097 0.110 0.104 0.045 0.108 0.000 0.000 0.000 0.008 0.023 0.174 0.122 0.091 0.146 0.080 0.027 0.093 0.019 0.029 0.064 0.058 0.009 0.030 0.116 0.000 0.013 0.069 0.000 0.000 0.069 0.037 0.056 0.008 0.027 0.065 0.058 0.040 0.032 0.000 0.000 0.021 0.068 0.024 0.008 0.005 0.000 0.077 0.028 0.005 0.000 0.014 0.000 0.002 0.004 0.000 0.000 0.000 0.006 0.000 0.025 0.006 0.040 0.029 0.000 0.000 0.038 0.000 0.000 0.000 0.003 0.002 0.002 0.000 0.001 0.037 0.000
0.070 0.105 0.000 0.049 0.026 0.079 0.069 0.066 0.000 0.000 0.086 0.087 0.174 0.122 0.138 0.055 0.032 0.087 0.021 0.016 0.073 0.033 0.050 0.027 0.027 0.026 0.077 0.014 0.029 0.061 0.007 0.006 0.094 0.105 0.028 0.009 0.008 0.028 0.114 0.037 0.008 0.066 0.000 0.034 0.097 0.093 0.032 0.019 0.002 0.003 0.000 0.022 0.000 0.014 0.000 0.000 0.000 0.000 0.033 0.000 0.053 0.031 0.002 0.070 0.001 0.105 0.000 0.001 0.000 0.000 0.000 0.004 0.002 0.004 0.004 0.001 0.000
0.045 0.173 0.019 0.014 0.030 0.143 0.088 0.069 0.009 0.148 0.131 0.163 0.154 0.134 0.027 0.053 0.000 0.076 0.109 0.069 0.020 0.155 0.015 0.000 0.041 0.099 0.020 0.063 0.050 0.019 0.040 0.063 0.045 0.013 0.014 0.030 0.001 0.086 0.068 0.004 0.053 0.002 0.084 0.047 0.080 0.000 0.000 0.003 0.002 0.007 0.000 0.017 0.009 0.029 0.039 0.007 0.005 0.000 0.000 0.028 0.087 0.000 0.000 0.000 0.133 0.015 0.000 0.000 0.000 0.000 0.000 0.002 0.000 0.034 0.001 0.000 0.000
0.099 0.030 0.000 0.120 0.016 0.013 0.085 0.028 0.156 0.148 0.168 0.235 0.134 0.034 0.048 0.032 0.053 0.041 0.045 0.060 0.010 0.066 0.021 0.104 0.092 0.000 0.030 0.003 0.036 0.029 0.000 0.052 0.073 0.035 0.000 0.013 0.002 0.110 0.088 0.113 0.051 0.041 0.027 0.008 0.000 0.052 0.002 0.013 0.002 0.003 0.000 0.000 0.014 0.013 0.000 0.007 0.006 0.000 0.073 0.053 0.000 0.002 0.000 0.009 0.002 0.001 0.027 0.000 0.001 0.016 0.000 0.007 0.023 0.000 0.000 0.001 0.000
0.059 0.050 0.089 0.056 0.010 0.071 0.076 0.186 0.168 0.118 0.227 0.122 0.005 0.001 0.000 0.048 0.080 0.034 0.077 0.001 0.004 0.004 0.069 0.013 0.034 0.040 0.061 0.030 0.017 0.069 0.000 0.000 0.017 0.011 0.030 0.012 0.102 0.000 0.073 0.000 0.025 0.027 0.018 0.042 0.000 0.003 0.041 0.000 0.000 0.028 0.000 0.016 0.002 0.002 0.000 0.000 0.007 0.005 0.062 0.000 0.038 0.003 0.088 0.064 0.001 0.029 0.000 0.001 0.000 0.000 0.037 0.000 0.007 0.000 0.000 0.000 0.000
0.129 0.048 0.038 0.054 0.053 0.000 0.057 0.212 0.139 0.251 0.123 0.123 0.043 0.078 0.026 0.031 0.012 0.168 0.040 0.039 0.018 0.000 0.039 0.026 0.011 0.013 0.008 0.032 0.117 0.034 0.057 0.051 0.029 0.008 0.090 0.037 0.001 0.152 0.041 0.058 0.031 0.099 0.059 0.035 0.017 0.025 0.000 0.005 0.004 0.002 0.065 0.032 0.033 0.003 0.023 0.009 0.002 0.031 0.007 0.024 0.002 0.002 0.000 0.001 0.000 0.001 0.000 0.001 0.047 0.002 0.000 0.002 0.001 0.000 0.002 0.027 0.000
0.200 0.025 0.023 0.051 0.052 0.143 0.198 0.076 0.174 0.206 0.076 0.043 0.097 0.000 0.058 0.087 0.099 0.023 0.070 0.000 0.032 0.015 0.028 0.055 0.010 0.058 0.003 0.011 0.005 0.043 0.000 0.046 0.033 0.015 0.000 0.032 0.089 0.072 0.022 0.085 0.069 0.079 0.032 0.037 0.027 0.003 0.046 0.007 0.043 0.002 0.000 0.000 0.000 0.000 0.000 0.019 0.113 0.010 0.012 0.008 0.080 0.012 0.000 0.000 0.019 0.000 0.000 0.006 0.046 0.016 0.026 0.000 0.000 0.000 0.000 0.000 0.000
0.038 0.032 0.102 0.070 0.106 0.027 0.160 0.023 0.133 0.135 0.119 0.022 0.051 0.013 0.000 0.104 0.015 0.061 0.125 0.043 0.058 0.016 0.015 0.069 0.044 0.025 0.001 0.002 0.056 0.053 0.028 0.000 0.100 0.042 0.062 0.003 0.049 0.076 0.021 0.085 0.049 0.065 0.018 0.018 0.024 0.024 0.021 0.055 0.022 0.013 0.000 0.000 0.000 0.000 0.009 0.056 0.054 0.000 0.000 0.002 0.010 0.000 0.001 0.000 0.000 0.000 0.017 0.000 0.000 0.001 0.000 0.026 0.000 0.000 0.019 0.000 0.000
0.062 0.037 0.000 0.074 0.000 0.111 0.081 0.111 0.291 0.047 0.110 0.015 0.108 0.012 0.056 0.012 0.009 0.000 0.055 0.011 0.039 0.032 0.117 0.023 0.089 0.031 0.047 0.064 0.000 0.048 0.000 0.022 0.010 0.093 0.038 0.041 0.077 0.041 0.062 0.100 0.129 0.015 0.036 0.052 0.082 0.046 0.005 0.000 0.010 0.011 0.000 0.000 0.000 0.031 0.048 0.000 0.016 0.000 0.000 0.000 0.000 0.000 0.000 0.000 0.000 0.006 0.001 0.001 0.001 0.000 0.039 0.001 0.033 0.000 0.000 0.000 0.000
0.018 0.015 0.024 0.032 0.109 0.076 0.042 0.028 0.137 0.000 0.014 0.000 0.127 0.000 0.057 0.000 0.000 0.000 0.041 0.052 0.000 0.058 0.097 0.087 0.020 0.013 0.059 0.044 0.072 0.029 0.013 0.082 0.033 0.009 0.002 0.038 0.005 0.076 0.000 0.086 0.023 0.016 0.018 0.033 0.021 0.001 0.038 0.137 0.000 0.030 0.000 0.000 0.015 0.007 0.010 0.004 0.003 0.002 0.064 0.000 0.000 0.000 0.000 0.040 0.027 0.006 0.000 0.000 0.048 0.000 0.037 0.000 0.000 0.000 0.000 0.008 0.001
0.000 0.040 0.000 0.058 0.018 0.126 0.000 0.050 0.033 0.000 0.006 0.000 0.025 0.048 0.059 0.007 0.049 0.012 0.007 0.012 0.163 0.030 0.038 0.045 0.107 0.035 0.018 0.088 0.062 0.020 0.021 0.058 0.019 0.016 0.098 0.000 0.076 0.022 0.040 0.116 0.025 0.049 0.065 0.052 0.046 0.044 0.047 0.000 0.000 0.064 0.000 0.016 0.015 0.007 0.062 0.000 0.000 0.095 0.000 0.000 0.000 0.000 0.000 0.015 0.000 0.000 0.000 0.000 0.000 0.000 0.000 0.033 0.020 0.000 0.002 0.014 0.000
0.042 0.011 0.034 0.127 0.056 0.055 0.003 0.024 0.020 0.023 0.069 0.071 0.010 0.079 0.019 0.029 0.040 0.007 0.083 0.093 0.017 0.095 0.084 0.041 0.009 0.033 0.013 0.000 0.088 0.049 0.146 0.055 0.088 0.062 0.040 0.160 0.087 0.074 0.058 0.019 0.040 0.027 0.049 0.025 0.047 0.018 0.044 0.026 0.000 0.023 0.022 0.001 0.064 0.021 0.020 0.000 0.028 0.004 0.009 0.004 0.000 0.000 0.037 0.005 0.008 0.000 0.007 0.000 0.000 0.000 0.000 0.000 0.000 0.000 0.001 0.000 0.000
0.182 0.134 0.014 0.093 0.015 0.009 0.000 0.000 0.003 0.000 0.000 0.092 0.057 0.006 0.064 0.005 0.012 0.021 0.015 0.002 0.066 0.043 0.000 0.001 0.022 0.000 0.010 0.022 0.043 0.090 0.060 0.047 0.081 0.037 0.141 0.190 0.053 0.088 0.028 0.036 0.023 0.044 0.050 0.116 0.093 0.027 0.025 0.000 0.000 0.000 0.014 0.061 0.069 0.005 0.006 0.034 0.040 0.000 0.004 0.002 0.000 0.004 0.042 0.000 0.000 0.000 0.015 0.000 0.000 0.049 0.000 0.000 0.015 0.003 0.001 0.023 0.000
0.000 0.024 0.000 0.000 0.000 0.000 0.001 0.000 0.000 0.000 0.051 0.000 0.002 0.000 0.002 0.000 0.001 0.000 0.000 0.004 0.000 0.000 0.001 0.000 0.000 0.000 0.000 0.000 0.000 0.000 0.000 0.000 0.000 0.000 0.000 0.000 0.000 0.000 0.000 0.000 0.000 0.000 0.041 0.126 0.106 0.000 0.024 0.027 0.032 0.000 0.000 0.011 0.002 0.018 0.000 0.017 0.053 0.002 0.003 0.003 0.003 0.032 0.001 0.000 0.000 0.000 0.000 0.000 0.001 0.000 0.000 0.018 0.017 0.000 0.000 0.049 0.000
0.110 0.017 0.002 0.062 0.007 0.000 0.002 0.000 0.000 0.000 0.001 0.000 0.003 0.003 0.006 0.002 0.002 0.000 0.065 0.071 0.007 0.001 0.000 0.042 0.000 0.000 0.000 0.000 0.000 0.000 0.000 0.000 0.000 0.000 0.000 0.000 0.000 0.000 0.000 0.000 0.000 0.000 0.137 0.045 0.023 0.019 0.006 0.068 0.059 0.044 0.034 0.037 0.000 0.056 0.036 0.003 0.002 0.000 0.000 0.006 0.023 0.001 0.001 0.001 0.002 0.024 0.000 0.031 0.017 0.000 0.031 0.000 0.006 0.000 0.000 0.000 0.000
0.022 0.000 0.000 0.000 0.082 0.001 0.000 0.000 0.048 0.000 0.017 0.047 0.004 0.000 0.000 0.000 0.004 0.082 0.058 0.000 0.038 0.000 0.000 0.071 0.026 0.000 0.018 0.000 0.000 0.000 0.019 0.000 0.000 0.010 0.037 0.000 0.000 0.000 0.000 0.000 0.017 0.000 0.094 0.060 0.018 0.000 0.053 0.048 0.071 0.001 0.000 0.045 0.005 0.088 0.000 0.003 0.002 0.000 0.001 0.004 0.005 0.002 0.012 0.003 0.000 0.006 0.000 0.043 0.000 0.000 0.000 0.040 0.014 0.000 0.000 0.018 0.000
0.011 0.030 0.011 0.045 0.000 0.140 0.040 0.000 0.000 0.000 0.011 0.002 0.004 0.052 0.043 0.012 0.001 0.000 0.042 0.018 0.000 0.034 0.000 0.000 0.000 0.000 0.000 0.024 0.009 0.000 0.001 0.010 0.001 0.027 0.028 0.000 0.000 0.000 0.000 0.013 0.000 0.000 0.088 0.060 0.046 0.000 0.000 0.056 0.000 0.107 0.000 0.076 0.100 0.002 0.005 0.000 0.032 0.000 0.016 0.001 0.000 0.002 0.001 0.011 0.006 0.003 0.000 0.000 0.000 0.025 0.001 0.002 0.001 0.000 0.000 0.000 0.000
0.027 0.007 0.107 0.006 0.000 0.022 0.000 0.048 0.000 0.000 0.000 0.000 0.000 0.029 0.000 0.002 0.003 0.002 0.002 0.003 0.007 0.036 0.009 0.001 0.006 0.004 0.019 0.077 0.002 0.000 0.000 0.000 0.147 0.000 0.000 0.000 0.000 0.000 0.049 0.019 0.001 0.000 0.053 0.112 0.072 0.111 0.032 0.025 0.059 0.000 0.031 0.015 0.003 0.003 0.002 0.004 0.004 0.039 0.035 0.000 0.000 0.000 0.000 0.045 0.000 0.029 0.003 0.000 0.000 0.029 0.018 0.007 0.000 0.000 0.000 0.000 0.000
0.002 0.006 0.109 0.013 0.046 0.000 0.000 0.000 0.000 0.068 0.000 0.065 0.026 0.002 0.021 0.002 0.000 0.031 0.071 0.000 0.000 0.000 0.007 0.007 0.005 0.000 0.064 0.000 0.048 0.003 0.000 0.000 0.000 0.000 0.000 0.000 0.000 0.000 0.000 0.022 0.000 0.000 0.069 0.096 0.120 0.058 0.085 0.026 0.007 0.000 0.062 0.014 0.008 0.002 0.029 0.000 0.065 0.033 0.003 0.003 0.038 0.013 0.009 0.000 0.002 0.002 0.003 0.114 0.000 0.016 0.000 0.000 0.000 0.000 0.000 0.000 0.024
0.000 0.000 0.000 0.137 0.000 0.082 0.009 0.000 0.000 0.038 0.089 0.001 0.000 0.000 0.000 0.043 0.000 0.073 0.000 0.044 0.002 0.029 0.000 0.000 0.000 0.100 0.034 0.043 0.001 0.047 0.002 0.003 0.000 0.097 0.000 0.000 0.117 0.000 0.002 0.000 0.000 0.000 0.089 0.032 0.044 0.077 0.163 0.029 0.029 0.147 0.079 0.000 0.002 0.000 0.003 0.002 0.002 0.003 0.002 0.000 0.015 0.000 0.001 0.004 0.050 0.034 0.000 0.006 0.010 0.005 0.000 0.000 0.000 0.000 0.052 0.000 0.030
0.009 0.009 0.000 0.059 0.093 0.027 0.016 0.057 0.019 0.011 0.000 0.018 0.173 0.004 0.000 0.019 0.004 0.042 0.000 0.000 0.000 0.000 0.000 0.000 0.020 0.000 0.000 0.000 0.000 0.000 0.012 0.001 0.002 0.002 0.003 0.003 0.004 0.002 0.003 0.002 0.000 0.000 0.103 0.068 0.096 0.087 0.049 0.007 0.052 0.067 0.026 0.000 0.040 0.000 0.000 0.000 0.000 0.000 0.013 0.008 0.002 0.052 0.004 0.003 0.000 0.000 0.022 0.001 0.000 0.034 0.006 0.000 0.000 0.000 0.045 0.036 0.041
0.000 0.057 0.073 0.000 0.000 0.024 0.008 0.016 0.000 0.018 0.007 0.007 0.033 0.070 0.089 0.001 0.000 0.028 0.000 0.000 0.036 0.000 0.007 0.000 0.001 0.000 0.000 0.020 0.049 0.000 0.000 0.000 0.000 0.086 0.002 0.000 0.036 0.000 0.000 0.000 0.000 0.000 0.152 0.075 0.061 0.054 0.081 0.059 0.083 0.001 0.001 0.001 0.001 0.000 0.024 0.000 0.038 0.000 0.000 0.000 0.000 0.000 0.000 0.003 0.075 0.026 0.000 0.039 0.000 0.000 0.000 0.000 0.000 0.000 0.048 0.000 0.000
0.000 0.199 0.007 0.037 0.003 0.000 0.079 0.007 0.069 0.000 0.014 0.057 0.000 0.029 0.000 0.166 0.001 0.000 0.001 0.022 0.000 0.056 0.000 0.000 0.000 0.000 0.076 0.000 0.000 0.000 0.000 0.000 0.014 0.000 0.000 0.021 0.000 0.000 0.000 0.000 0.000 0.000 0.162 0.121 0.121 0.044 0.084 0.054 0.000 0.000 0.000 0.000 0.021 0.045 0.000 0.000 0.000 0.000 0.000 0.000 0.003 0.000 0.000 0.000 0.000 0.000 0.000 0.000 0.025 0.000 0.046 0.000 0.034 0.000 0.091 0.043 0.051
0.053 0.000 0.036 0.000 0.003 0.028 0.000 0.080 0.043 0.115 0.026 0.028 0.006 0.013 0.018 0.000 0.005 0.000 0.000 0.000 0.030 0.000 0.000 0.059 0.008 0.009 0.000 0.000 0.000 0.000 0.000 0.094 0.000 0.013 0.085 0.000 0.000 0.031 0.000 0.000 0.000 0.000 0.093 0.089 0.049 0.038 0.137 0.000 0.013 0.000 0.000 0.000 0.024 0.001 0.005 0.014 0.000 0.000 0.019 0.001 0.000 0.000 0.014 0.001 0.007 0.000 0.000 0.000 0.000 0.000 0.015 0.000 0.078 0.018 0.066 0.001 0.002
0.125 0.020 0.093 0.072 0.006 0.006 0.007 0.000 0.000 0.029 0.002 0.000 0.004 0.000 0.007 0.003 0.000 0.024 0.047 0.011 0.006 0.043 0.007 0.007 0.102 0.041 0.000 0.000 0.000 0.000 0.064 0.013 0.000 0.000 0.003 0.000 0.000 0.000 0.019 0.000 0.044 0.000 0.116 0.114 0.098 0.117 0.075 0.064 0.000 0.000 0.003 0.054 0.023 0.002 0.000 0.004 0.000 0.000 0.021 0.014 0.000 0.102 0.058 0.000 0.000 0.000 0.017 0.000 0.000 0.047 0.000 0.049 0.058 0.040 0.000 0.027 0.000
0.013 0.000 0.101 0.022 0.036 0.000 0.037 0.000 0.033 0.000 0.037 0.045 0.000 0.098 0.042 0.023 0.035 0.024 0.113 0.004 0.021 0.001 0.000 0.017 0.004 0.000 0.000 0.000 0.000 0.000 0.024 0.047 0.000 0.000 0.011 0.000 0.000 0.000 0.020 0.000 0.000 0.000 0.111 0.138 0.081 0.024 0.025 0.001 0.000 0.000 0.003 0.000 0.000 0.000 0.009 0.003 0.019 0.005 0.046 0.000 0.054 0.001 0.000 0.000 0.025 0.000 0.000 0.000 0.000 0.000 0.099 0.139 0.125 0.000 0.026 0.024 0.060
0.000 0.000 0.000 0.104 0.008 0.012 0.055 0.139 0.028 0.063 0.012 0.047 0.000 0.066 0.015 0.000 0.000 0.049 0.019 0.034 0.000 0.000 0.086 0.001 0.018 0.003 0.000 0.055 0.053 0.041 0.014 0.002 0.001 0.000 0.000 0.001 0.001 0.000 0.000 0.000 0.000 0.000 0.087 0.088 0.113 0.007 0.005 0.000 0.027 0.011 0.045 0.000 0.000 0.000 0.007 0.000 0.000 0.027 0.000 0.000 0.015 0.000 0.000 0.000 0.061 0.000 0.000 0.000 0.009 0.057 0.000 0.021 0.000 0.013 0.000 0.002 0.024
0.021 0.000 0.000 0.036 0.000 0.205 0.000 0.027 0.038 0.002 0.006 0.132 0.019 0.014 0.045 0.023 0.000 0.000 0.000 0.017 0.071 0.000 0.000 0.017 0.000 0.004 0.003 0.045 0.087 0.068 0.000 0.000 0.027 0.002 0.001 0.000 0.000 0.075 0.000 0.023 0.010 0.000 0.164 0.060 0.000 0.078 0.000 0.009 0.006 0.035 0.004 0.002 0.014 0.000 0.024 0.000 0.078 0.012 0.041 0.000 0.001 0.020 0.000 0.000 0.000 0.000 0.000 0.029 0.098 0.105 0.066 0.027 0.002 0.003 0.022 0.001 0.000
0.000 0.000 0.021 0.020 0.051 0.000 0.000 0.000 0.000 0.081 0.000 0.000 0.000 0.093 0.036 0.001 0.012 0.115 0.000 0.054 0.078 0.011 0.000 0.062 0.001 0.001 0.023 0.028 0.109 0.099 0.000 0.084 0.000 0.004 0.000 0.000 0.000 0.000 0.023 0.000 0.000 0.000 0.090 0.020 0.104 0.012 0.007 0.027 0.000 0.006 0.002 0.015 0.004 0.018 0.030 0.000 0.007 0.029 0.025 0.001 0.000 0.000 0.049 0.000 0.000 0.025 0.000 0.000 0.006 0.078 0.040 0.061 0.001 0.000 0.000 0.002 0.000
0.033 0.056 0.000 0.078 0.000 0.075 0.101 0.011 0.007 0.003 0.000 0.052 0.000 0.009 0.000 0.049 0.000 0.002 0.000 0.000 0.009 0.006 0.003 0.002 0.021 0.027 0.001 0.000 0.019 0.000 0.000 0.000 0.000 0.008 0.000 0.042 0.000 0.000 0.014 0.000 0.000 0.000 0.093 0.034 0.028 0.022 0.019 0.020 0.058 0.000 0.000 0.000 0.000 0.000 0.000 0.000 0.021 0.000 0.000 0.032 0.068 0.000 0.000 0.000 0.000 0.000 0.030 0.072 0.059 0.000 0.054 0.002 0.000 0.000 0.000 0.060 0.035
