includes/estuary_coast/floodfiles/results/res-0008.wdfp
ncols         730
nrows         472
xllcorner     380617.130607
yllcorner     6542069.774949
cellsize      20.000000
NODATA_value  -9999.000000
[rows 170 to 203 of 472, columns 154 to 230 of 730]
3.755 3.899 4.073 4.155 4.185 4.189 4.183 4.152 4.118 4.109 4.092 3.961 3.793 3.728 3.802 3.491 2.930 2.232 1.686 1.093 0.897 0.752 0.002 0.000 0.001 0.000 0.000 0.000 0.000 0.000 0.000 0.032 0.000 0.000 0.000 0.000 0.000 0.000 0.000 0.000 0.000 0.000 0.000 0.000 0.000 0.000 0.000 0.000 0.000 0.000 0.000 0.000 0.000 0.000 0.000 0.000 0.000 0.000 0.000 0.000 0.000 0.000 0.000 0.000 0.000 0.000 0.000 0.000 0.000 0.000 0.000 0.000 0.000 0.000 0.000 0.000 0.000
3.648 3.831 4.133 4.315 4.345 4.285 4.251 4.294 4.282 4.229 4.233 4.170 4.026 3.815 3.788 3.558 3.105 2.768 2.397 1.525 0.970 0.637 0.104 0.000 0.000 0.000 0.000 0.000 0.000 0.000 0.063 0.000 0.007 0.000 0.000 0.000 0.000 0.000 0.000 0.000 0.000 0.000 0.000 0.000 0.000 0.000 0.000 0.000 0.000 0.000 0.000 0.000 0.000 0.000 0.000 0.000 0.000 0.000 0.000 0.000 0.000 0.000 0.000 0.000 0.000 0.000 0.000 0.000 0.000 0.000 0.000 0.000 0.000 0.000 0.000 0.000 0.000
3.434 3.764 4.090 4.386 4.416 4.324 4.324 4.407 4.389 4.323 4.317 4.329 4.157 3.927 3.715 3.538 3.163 3.169 2.850 2.087 1.468 0.898 0.338 0.186 0.000 0.000 0.000 0.001 0.000 0.000 0.001 0.000 0.000 0.000 0.000 0.000 0.000 0.000 0.000 0.000 0.000 0.000 0.000 0.000 0.000 0.000 0.000 0.000 0.000 0.000 0.000 0.000 0.000 0.000 0.000 0.000 0.000 0.000 0.000 0.000 0.000 0.000 0.000 0.000 0.000 0.000 0.000 0.000 0.000 0.000 0.000 0.000 0.000 0.000 0.000 0.000 0.000
3.075 3.506 3.956 4.205 4.303 4.317 4.393 4.509 4.475 4.373 4.334 4.310 4.196 4.021 3.773 3.569 3.265 3.178 2.981 2.460 2.024 1.431 0.556 0.282 0.001 0.000 0.000 0.000 0.001 0.000 0.001 0.017 0.000 0.000 0.000 0.000 0.000 0.000 0.000 0.000 0.000 0.000 0.000 0.000 0.000 0.000 0.000 0.000 0.000 0.000 0.000 0.000 0.000 0.000 0.000 0.000 0.000 0.000 0.000 0.000 0.000 0.000 0.000 0.000 0.000 0.000 0.000 0.000 0.000 0.000 0.000 0.000 0.000 0.000 0.000 0.000 0.000
2.854 3.173 3.647 3.970 4.122 4.228 4.371 4.473 4.480 4.401 4.367 4.377 4.322 4.184 3.986 3.813 3.413 3.253 2.945 2.623 2.544 2.088 1.241 0.441 0.006 0.000 0.000 0.000 0.000 0.000 0.000 0.000 0.000 0.017 0.000 0.000 0.000 0.000 0.000 0.000 0.000 0.000 0.000 0.000 0.000 0.000 0.000 0.000 0.000 0.000 0.000 0.000 0.000 0.000 0.000 0.000 0.000 0.000 0.000 0.000 0.000 0.000 0.000 0.000 0.000 0.000 0.000 0.000 0.000 0.000 0.000 0.000 0.000 0.000 0.000 0.000 0.000
2.708 3.021 3.438 3.745 3.901 4.133 4.238 4.327 4.458 4.498 4.490 4.521 4.492 4.523 4.395 4.146 3.737 3.463 3.112 2.707 2.662 2.329 1.663 1.131 0.119 0.000 0.000 0.000 0.000 0.000 0.000 0.000 0.000 0.000 0.000 0.000 0.000 0.000 0.000 0.000 0.000 0.000 0.000 0.000 0.000 0.000 0.000 0.000 0.000 0.000 0.000 0.000 0.000 0.000 0.000 0.000 0.000 0.000 0.000 0.000 0.000 0.000 0.000 0.000 0.000 0.000 0.000 0.000 0.000 0.000 0.000 0.000 0.000 0.000 0.000 0.000 0.000
2.711 3.047 3.348 3.689 3.798 3.934 4.144 4.259 4.432 4.616 4.695 4.646 4.615 4.723 4.678 4.334 4.005 3.820 3.469 3.045 2.659 2.341 2.118 1.770 0.821 0.002 0.000 0.000 0.000 0.000 0.000 0.000 0.000 0.000 0.000 0.000 0.000 0.000 0.000 0.000 0.000 0.000 0.000 0.000 0.000 0.000 0.000 0.000 0.000 0.000 0.000 0.000 0.000 0.000 0.000 0.000 0.000 0.000 0.000 0.000 0.000 0.000 0.000 0.000 0.000 0.000 0.000 0.000 0.000 0.000 0.000 0.000 0.000 0.000 0.000 0.000 0.000
2.733 3.176 3.584 3.655 3.690 3.922 3.999 4.109 4.494 4.808 4.906 4.755 4.686 4.711 4.661 4.357 4.061 3.993 3.764 3.334 3.032 2.463 2.408 2.462 1.608 0.630 0.000 0.000 0.000 0.000 0.000 0.000 0.000 0.000 0.000 0.000 0.000 0.000 0.000 0.000 0.000 0.000 0.000 0.000 0.000 0.000 0.000 0.000 0.000 0.000 0.000 0.000 0.000 0.000 0.000 0.000 0.000 0.000 0.000 0.000 0.000 0.000 0.000 0.000 0.000 0.000 0.000 0.000 0.000 0.000 0.000 0.000 0.000 0.000 0.000 0.000 0.000
2.613 3.161 3.666 3.682 3.652 3.915 3.995 4.058 4.487 4.877 4.969 4.815 4.711 4.673 4.586 4.379 4.160 4.063 3.941 3.712 3.476 2.945 2.538 2.400 1.776 1.346 0.706 0.000 0.000 0.000 0.000 0.000 0.000 0.000 0.000 0.000 0.000 0.000 0.000 0.000 0.000 0.000 0.000 0.000 0.000 0.000 0.000 0.000 0.000 0.000 0.000 0.000 0.000 0.000 0.000 0.000 0.000 0.000 0.000 0.000 0.000 0.000 0.000 0.000 0.000 0.000 0.000 0.000 0.000 0.000 0.000 0.000 0.000 0.000 0.000 0.000 0.000
1.989 2.676 3.154 3.343 3.416 3.785 3.921 4.067 4.324 4.652 4.756 4.735 4.781 4.755 4.658 4.526 4.387 4.229 4.104 4.096 3.940 3.404 2.791 2.365 2.069 1.952 1.707 0.585 0.113 0.000 0.000 0.000 0.000 0.000 0.000 0.000 0.000 0.000 0.002 0.000 0.000 0.000 0.000 0.000 0.000 0.000 0.000 0.000 0.000 0.000 0.000 0.000 0.000 0.000 0.000 0.000 0.000 0.000 0.000 0.000 0.000 0.000 0.000 0.000 0.000 0.000 0.000 0.000 0.000 0.000 0.000 0.000 0.000 0.000 0.000 0.000 0.000
1.205 1.796 2.395 2.702 3.051 3.276 3.632 3.835 4.164 4.459 4.607 4.729 4.865 4.869 4.832 4.830 4.685 4.489 4.284 4.298 4.176 3.663 3.264 2.836 2.218 2.009 1.769 1.207 1.031 0.212 0.000 0.000 0.000 0.000 0.000 0.000 0.072 0.000 0.000 0.000 0.000 0.000 0.000 0.000 0.000 0.000 0.000 0.000 0.000 0.000 0.000 0.000 0.000 0.000 0.000 0.000 0.000 0.000 0.000 0.000 0.000 0.000 0.000 0.000 0.000 0.000 0.000 0.000 0.000 0.000 0.000 0.000 0.000 0.000 0.000 0.000 0.000
0.383 0.871 1.585 2.034 2.453 2.818 3.216 3.700 3.940 4.224 4.481 4.872 5.009 5.007 5.033 5.158 5.063 4.765 4.449 4.317 4.182 3.944 3.768 3.295 2.607 2.083 1.790 1.332 1.226 0.764 0.013 0.000 0.000 0.000 0.000 0.000 0.000 0.000 0.000 0.000 0.000 0.000 0.000 0.000 0.000 0.000 0.000 0.000 0.000 0.000 0.000 0.000 0.000 0.000 0.000 0.000 0.000 0.000 0.000 0.000 0.000 0.000 0.000 0.000 0.000 0.000 0.000 0.000 0.000 0.000 0.000 0.000 0.000 0.000 0.000 0.000 0.000
0.003 0.236 1.062 1.750 2.045 2.369 2.967 3.611 4.005 4.138 4.471 5.005 5.279 5.113 5.103 5.309 5.239 4.904 4.664 4.434 4.316 4.170 4.237 3.879 3.231 2.563 2.059 1.681 1.367 0.905 0.366 0.399 0.000 0.000 0.000 0.000 0.000 0.000 0.000 0.000 0.000 0.000 0.000 0.000 0.000 0.000 0.000 0.000 0.000 0.000 0.000 0.000 0.000 0.000 0.000 0.000 0.000 0.000 0.000 0.000 0.000 0.000 0.000 0.000 0.000 0.000 0.000 0.000 0.000 0.000 0.000 0.000 0.000 0.000 0.000 0.000 0.000
0.003 0.004 0.946 1.647 1.869 1.982 2.759 3.639 4.117 4.041 4.347 4.853 5.117 4.990 5.020 5.111 5.088 4.942 4.869 4.673 4.487 4.270 4.275 4.140 3.794 3.405 2.933 2.341 2.009 1.490 0.710 0.202 0.000 0.000 0.000 0.000 0.000 0.000 0.000 0.000 0.000 0.000 0.000 0.000 0.000 0.000 0.000 0.000 0.000 0.000 0.000 0.000 0.000 0.000 0.000 0.000 0.000 0.000 0.000 0.000 0.000 0.000 0.000 0.000 0.000 0.000 0.000 0.000 0.000 0.000 0.000 0.000 0.000 0.000 0.000 0.000 0.000
0.003 0.007 0.004 1.445 1.814 1.924 2.447 3.144 3.646 3.756 4.020 4.443 4.653 4.737 4.864 4.924 4.961 5.022 5.076 4.980 4.667 4.374 4.256 4.148 4.016 4.034 3.588 2.904 2.904 2.531 1.481 0.750 0.365 0.187 0.000 0.000 0.000 0.000 0.000 0.000 0.009 0.000 0.000 0.000 0.000 0.000 0.000 0.000 0.000 0.000 0.000 0.000 0.000 0.000 0.000 0.000 0.000 0.000 0.000 0.000 0.000 0.000 0.000 0.000 0.000 0.000 0.000 0.000 0.000 0.000 0.000 0.000 0.000 0.000 0.000 0.000 0.000
0.014 0.136 0.002 0.002 1.348 1.520 1.909 2.368 2.951 3.206 3.551 3.790 4.013 4.362 4.461 4.665 4.830 5.071 5.229 5.100 4.796 4.673 4.446 4.229 4.063 4.111 3.819 3.300 3.011 2.763 2.280 1.923 0.915 0.326 0.054 0.000 0.000 0.000 0.000 0.000 0.000 0.000 0.000 0.000 0.000 0.000 0.000 0.000 0.000 0.000 0.000 0.000 0.000 0.000 0.000 0.000 0.108 0.000 0.000 0.000 0.000 0.000 0.000 0.000 0.000 0.000 0.000 0.000 0.000 0.000 0.000 0.000 0.000 0.000 0.000 0.000 0.000
0.010 0.000 0.006 0.004 0.003 0.946 1.097 1.484 2.185 2.731 3.268 3.458 3.652 4.009 4.282 4.460 4.591 4.882 5.067 5.047 4.981 4.868 4.676 4.422 4.244 4.046 3.779 3.482 3.091 2.781 2.651 2.736 1.754 0.853 0.339 0.005 0.001 0.000 0.000 0.000 0.000 0.000 0.000 0.000 0.000 0.000 0.000 0.000 0.000 0.000 0.000 0.000 0.000 0.000 0.000 0.000 0.045 0.015 0.000 0.000 0.000 0.000 0.000 0.000 0.000 0.000 0.000 0.000 0.000 0.000 0.000 0.000 0.000 0.000 0.000 0.000 0.000
0.000 0.009 0.007 0.009 0.004 0.003 0.247 0.674 1.630 2.664 3.230 3.273 3.518 4.059 4.338 4.368 4.433 4.706 4.833 4.897 5.089 5.196 5.049 4.746 4.562 4.345 4.034 3.816 3.588 3.050 2.766 2.569 2.181 1.675 1.193 0.675 0.569 0.008 0.000 0.000 0.000 0.000 0.000 0.000 0.008 0.000 0.000 0.000 0.000 0.000 0.000 0.000 0.000 0.000 0.023 0.012 0.047 0.000 0.011 0.000 0.000 0.000 0.000 0.000 0.000 0.000 0.000 0.000 0.000 0.000 0.000 0.000 0.000 0.000 0.000 0.000 0.000
0.007 0.009 0.005 0.004 0.005 0.004 0.002 0.170 1.207 2.443 3.174 3.195 3.399 4.011 4.380 4.256 4.349 4.459 4.643 4.836 5.169 5.451 5.273 5.012 4.938 4.814 4.624 4.392 4.236 3.719 3.218 2.947 2.671 2.728 2.311 1.192 0.661 0.244 0.000 0.000 0.000 0.000 0.000 0.000 0.000 0.000 0.000 0.000 0.000 0.000 0.000 0.000 0.000 0.000 0.000 0.057 0.002 0.015 0.000 0.000 0.000 0.000 0.000 0.000 0.000 0.000 0.000 0.000 0.000 0.000 0.000 0.000 0.000 0.000 0.000 0.000 0.000
0.000 0.013 0.000 0.005 0.006 0.007 0.003 0.001 0.944 1.836 2.411 2.746 3.058 3.500 3.865 3.944 4.301 4.481 4.495 4.628 5.043 5.285 5.204 5.140 5.236 5.080 4.810 4.808 4.742 4.225 3.889 3.567 3.138 2.966 2.810 1.920 1.367 0.870 0.843 0.784 0.003 0.000 0.000 0.000 0.000 0.000 0.000 0.000 0.000 0.000 0.000 0.000 0.000 0.000 0.009 0.000 0.000 0.000 0.000 0.000 0.000 0.000 0.000 0.000 0.000 0.000 0.000 0.000 0.000 0.000 0.000 0.000 0.000 0.000 0.000 0.000 0.000
0.000 0.013 0.011 0.008 0.012 0.000 0.001 0.001 0.000 0.854 1.445 1.722 2.264 2.684 3.237 3.672 4.102 4.496 4.413 4.465 4.766 4.940 5.018 5.171 5.385 5.233 4.900 4.805 4.749 4.378 4.241 4.195 3.529 3.038 2.833 2.477 2.209 1.778 1.488 1.611 0.735 0.151 0.000 0.000 0.000 0.000 0.000 0.000 0.000 0.000 0.000 0.000 0.000 0.000 0.000 0.000 0.001 0.032 0.007 0.001 0.000 0.000 0.000 0.000 0.000 0.000 0.000 0.000 0.000 0.000 0.000 0.000 0.000 0.000 0.000 0.000 0.000
0.012 0.019 0.000 0.000 0.004 0.000 0.001 0.002 0.001 0.001 0.550 0.784 1.011 1.590 2.242 2.862 3.513 3.932 3.979 4.008 4.265 4.574 4.759 5.005 5.151 5.084 4.919 4.779 4.666 4.467 4.300 4.278 3.929 3.602 3.264 3.208 3.232 2.635 1.871 1.477 1.045 0.880 0.753 0.327 0.000 0.000 0.000 0.000 0.000 0.000 0.000 0.000 0.000 0.000 0.000 0.000 0.000 0.000 0.000 0.000 0.000 0.000 0.000 0.000 0.000 0.000 0.000 0.000 0.000 0.000 0.000 0.000 0.000 0.000 0.064 0.042 0.105
0.009 0.043 0.089 0.000 0.002 0.000 0.002 0.002 0.002 0.002 0.001 0.232 0.278 0.814 1.686 2.250 2.686 3.282 3.543 3.653 3.942 4.156 4.497 4.724 4.847 4.999 4.922 4.840 4.757 4.585 4.478 4.366 4.222 4.070 3.702 3.554 3.694 3.204 2.493 1.894 1.377 1.132 1.094 0.726 0.699 0.449 0.000 0.000 0.000 0.000 0.000 0.000 0.000 0.000 0.000 0.000 0.000 0.000 0.000 0.000 0.000 0.000 0.000 0.000 0.000 0.000 0.000 0.000 0.000 0.000 0.000 0.000 0.000 0.015 0.148 0.047 0.090
0.012 0.007 0.010 0.000 0.006 0.064 0.003 0.002 0.002 0.002 0.002 0.000 0.003 0.541 1.467 1.727 2.043 2.753 3.230 3.449 3.567 4.060 4.417 4.589 4.747 4.934 5.115 5.000 4.794 4.735 4.652 4.536 4.559 4.507 4.201 3.725 3.568 3.265 2.964 2.594 2.071 1.431 1.213 1.001 0.887 0.752 0.480 0.478 0.255 0.000 0.000 0.000 0.000 0.000 0.000 0.000 0.000 0.000 0.000 0.000 0.000 0.000 0.000 0.000 0.000 0.000 0.000 0.000 0.000 0.000 0.000 0.000 0.000 0.060 0.084 0.000 0.065
0.041 0.000 0.000 0.000 0.006 0.000 0.000 0.000 0.003 0.003 0.002 0.002 0.001 0.000 1.417 1.663 1.755 2.367 3.139 3.416 3.475 4.079 4.653 4.599 4.755 5.217 5.414 5.084 4.900 4.862 4.812 4.695 4.740 4.792 4.430 4.086 3.860 3.686 3.697 3.737 3.086 2.165 1.741 1.445 1.239 1.046 0.805 0.874 0.731 0.537 0.535 0.000 0.000 0.000 0.000 0.000 0.000 0.000 0.000 0.000 0.000 0.000 0.000 0.000 0.000 0.000 0.000 0.000 0.000 0.000 0.000 0.000 0.000 0.000 0.000 0.000 0.000
0.048 0.000 0.000 0.000 0.012 0.000 0.000 0.004 0.005 0.001 0.001 0.001 0.001 0.001 0.000 1.381 1.445 1.850 2.609 2.971 3.151 3.791 4.323 4.407 4.593 5.340 5.615 5.120 4.895 4.870 4.826 4.789 4.766 4.751 4.584 4.458 4.221 4.019 4.102 4.216 3.651 3.167 2.493 2.164 1.927 1.850 1.578 1.208 1.014 1.018 1.287 0.707 0.163 0.000 0.000 0.001 0.000 0.000 0.000 0.000 0.000 0.000 0.000 0.000 0.000 0.000 0.000 0.000 0.000 0.000 0.000 0.000 0.000 0.000 0.000 0.000 0.000
0.024 0.000 0.000 0.002 0.005 0.086 0.000 0.005 0.000 0.002 0.001 0.001 0.000 0.000 0.000 0.000 0.862 0.956 1.482 1.868 2.464 2.965 3.541 3.754 4.225 4.795 5.008 4.871 4.787 4.857 4.842 4.866 4.834 4.790 4.681 4.680 4.536 4.286 4.086 4.004 3.730 3.417 3.318 2.913 2.716 2.725 2.324 1.884 1.659 1.374 1.279 1.170 1.085 1.071 0.481 0.116 0.003 0.000 0.000 0.002 0.272 0.000 0.000 0.000 0.000 0.000 0.000 0.000 0.000 0.000 0.000 0.000 0.000 0.000 0.000 0.000 0.000
0.018 0.000 0.000 0.016 0.007 0.000 0.005 0.006 0.003 0.003 0.005 0.000 0.000 0.000 0.000 0.000 0.000 0.094 0.482 1.047 1.270 1.701 2.336 2.709 3.246 3.777 4.335 4.401 4.597 4.706 4.821 4.940 4.974 4.870 4.812 4.876 4.773 4.452 4.232 3.925 3.686 3.523 3.519 3.253 2.968 2.916 2.718 2.605 2.472 2.051 1.855 1.513 1.373 1.329 1.046 0.932 0.768 0.778 0.827 0.666 0.561 0.331 0.294 0.431 0.016 0.010 0.000 0.000 0.000 0.000 0.000 0.000 0.280 0.000 0.041 0.000 0.000
0.114 0.039 0.000 0.056 0.003 0.000 0.004 0.000 0.004 0.002 0.000 0.000 0.000 0.000 0.000 0.000 0.000 0.000 0.001 0.535 0.564 0.729 1.487 2.082 2.376 2.818 3.376 3.711 4.067 4.458 4.906 5.368 5.309 4.999 4.769 4.836 4.746 4.526 4.426 4.130 3.876 3.610 3.530 3.393 3.210 3.021 3.005 3.105 3.042 2.861 2.698 2.411 1.730 1.624 1.745 1.889 1.919 1.610 1.878 1.579 1.088 0.908 0.621 0.573 0.438 0.190 0.245 0.509 0.732 0.396 0.069 0.119 0.235 0.160 0.144 0.265 0.168
0.000 0.018 0.009 0.002 0.003 0.004 0.003 0.000 0.004 0.003 0.000 0.000 0.000 0.000 0.000 0.000 0.001 0.002 0.002 0.001 0.324 0.406 1.139 1.830 1.947 2.317 3.124 3.603 3.846 4.220 4.973 5.781 5.552 4.917 4.755 4.689 4.709 4.652 4.608 4.483 4.185 3.969 3.824 3.596 3.479 3.352 3.200 3.183 3.138 3.187 3.481 3.096 2.660 2.338 2.194 2.156 2.139 2.016 2.162 2.015 1.701 1.762 1.412 1.077 0.994 1.007 0.986 1.094 1.184 1.164 1.710 1.608 1.034 1.011 1.019 1.101 1.085
0.130 0.013 0.010 0.003 0.007 0.000 0.000 0.000 0.000 0.053 0.000 0.000 0.000 0.001 0.000 0.001 0.002 0.002 0.002 0.002 0.001 0.512 0.968 1.687 1.886 2.115 2.955 3.704 3.758 3.873 4.581 5.227 5.102 4.740 4.565 4.509 4.525 4.700 4.753 4.652 4.502 4.425 4.262 4.164 3.969 3.789 3.597 3.396 3.366 3.416 3.570 3.384 3.153 3.093 2.799 2.455 2.375 2.353 2.405 2.390 2.505 2.676 2.294 2.380 2.211 2.063 2.271 2.044 1.800 1.754 1.950 1.955 1.632 1.702 1.546 1.499 1.570
0.022 0.003 0.000 0.037 0.065 0.001 0.036 0.000 0.000 0.005 0.028 0.001 0.002 0.000 0.000 0.002 0.002 0.002 0.002 0.002 0.002 0.000 0.538 1.085 1.557 1.929 2.626 3.204 3.327 3.359 3.875 4.199 4.326 4.503 4.490 4.420 4.428 4.640 4.759 4.695 4.745 4.849 4.624 4.327 4.205 4.116 3.955 3.789 3.762 3.624 3.578 3.438 3.342 3.291 3.161 3.004 2.833 2.934 2.977 2.948 2.825 2.799 2.818 3.138 3.211 2.685 2.596 2.505 2.501 2.539 2.419 2.152 2.002 1.911 1.916 1.921 2.040
0.000 0.065 0.006 0.006 0.097 0.001 0.000 0.000 0.000 0.001 0.059 0.000 0.017 0.000 0.046 0.003 0.005 0.003 0.001 0.002 0.003 0.001 0.000 0.223 0.735 1.206 1.623 2.311 2.481 2.441 2.766 3.303 3.730 4.449 4.624 4.271 4.116 4.415 4.542 4.644 4.928 5.252 4.888 4.419 4.216 4.211 4.169 4.204 4.128 4.048 3.876 3.762 3.601 3.491 3.633 3.696 3.710 3.647 3.792 3.581 3.248 3.111 3.080 3.235 3.245 3.018 2.903 2.913 3.374 3.509 3.077 2.925 2.763 2.697 2.586 2.643 2.753
0.000 0.017 0.000 0.000 0.000 0.053 0.041 0.000 0.000 0.000 0.003 0.017 0.000 0.004 0.003 0.002 0.005 0.001 0.001 0.006 0.000 0.001 0.001 0.000 0.003 0.129 0.477 1.045 1.435 1.802 1.945 2.406 3.048 3.925 4.270 3.870 3.646 3.845 4.035 4.417 4.768 4.955 4.712 4.512 4.342 4.279 4.275 4.282 4.289 4.344 4.407 4.285 4.077 3.983 4.044 4.227 4.179 3.999 3.965 3.816 3.659 3.604 3.480 3.352 3.388 3.396 3.473 3.446 3.566 3.589 3.452 3.723 3.497 3.274 3.338 3.193 3.165
