includes/estuary_coast/floodfiles/results/res-0013.wd
ncols         730
nrows         472
xllcorner     380617.130607059982140
yllcorner     6542069.774948899634182
cellsize      20.000000000000000
NODATA_value  -9999.000000
[rows 136 to 169 of 472, columns 308 to 384 of 730]
1.441 1.471 1.493 1.693 1.433 1.548 1.552 1.577 1.478 1.649 1.600 1.632 1.613 1.619 1.681 1.582 1.424 1.390 1.499 1.518 1.560 1.512 1.527 1.511 1.481 1.376 1.534 1.485 1.599 1.795 1.545 1.661 1.599 1.479 1.373 1.662 1.664 1.778 1.558 1.607 1.688 1.515 1.480 1.571 2.000 1.619 1.621 1.526 1.415 1.425 1.474 1.532 1.586 1.523 1.537 1.532 1.621 1.681 1.402 1.573 1.146 1.231 1.411 1.507 1.602 1.598 1.604 1.584 1.584 1.470 1.282 1.409 1.244 1.456 1.621 1.691 1.684
1.307 1.428 1.623 1.482 1.486 1.503 1.527 1.715 1.698 1.452 1.549 1.575 1.595 1.745 1.652 1.646 1.542 1.538 1.407 1.614 1.508 1.468 1.516 1.595 1.478 1.433 1.367 1.563 1.602 1.566 1.787 1.561 1.617 1.574 1.561 1.631 1.535 1.597 1.621 1.610 1.657 1.661 1.626 1.589 1.594 1.556 1.547 1.541 1.323 1.343 1.383 1.537 1.608 1.537 1.570 1.508 1.468 1.537 1.483 1.537 1.224 1.470 1.497 1.753 1.669 1.594 1.620 1.623 1.630 1.539 1.184 1.345 1.531 1.539 1.651 1.691 1.696
1.354 1.326 1.439 1.509 1.575 1.531 1.494 1.492 1.432 1.382 1.578 1.572 1.854 1.521 1.584 1.640 1.632 1.281 1.480 1.517 1.535 1.514 1.563 1.530 1.563 1.563 1.321 1.550 1.543 1.658 1.766 1.538 1.516 1.558 1.322 1.432 1.689 1.641 1.630 1.638 1.623 1.651 1.445 1.503 1.601 1.489 1.459 1.437 1.178 1.334 1.564 1.574 1.578 1.572 1.538 1.548 1.527 1.565 1.347 1.441 1.028 1.425 1.559 1.615 1.749 1.548 1.605 1.579 1.635 1.653 1.472 1.467 1.503 1.494 1.558 1.671 1.707
1.709 1.383 1.257 1.461 1.547 1.515 1.356 1.548 1.491 1.541 1.397 1.583 1.568 1.533 1.698 1.636 1.597 1.468 1.427 1.551 1.466 1.553 1.565 1.527 1.525 1.538 1.279 1.412 1.526 1.606 1.528 1.498 1.516 1.444 1.380 1.448 1.595 1.615 1.573 1.696 1.603 1.682 1.560 1.294 1.445 1.545 1.222 1.349 1.423 1.374 1.297 1.457 1.571 1.538 1.571 1.544 1.542 1.618 1.482 1.369 1.371 1.484 1.603 1.636 1.789 1.566 1.608 1.574 1.614 1.625 1.628 1.263 1.419 1.554 1.542 1.674 1.676
1.435 1.476 1.347 1.349 1.278 1.448 1.509 1.418 1.413 1.398 1.323 1.756 1.532 1.576 1.544 1.647 1.570 1.619 1.375 1.526 1.551 1.481 1.620 1.526 1.531 1.546 1.484 1.518 1.638 1.617 1.466 1.427 1.508 1.639 1.564 1.354 1.596 1.639 1.616 1.618 1.639 1.630 1.596 1.516 1.273 1.458 1.435 1.450 1.449 1.496 1.434 1.397 1.521 1.516 1.464 1.509 1.528 1.570 1.531 1.426 1.348 1.564 1.629 1.642 1.777 1.625 1.614 1.633 1.674 1.681 1.675 1.508 1.470 1.452 1.410 1.559 1.692
1.763 1.454 1.325 1.330 1.385 1.517 1.453 1.496 1.510 1.612 1.675 1.629 1.541 1.545 1.613 1.526 1.650 1.635 1.410 1.324 1.552 1.571 1.543 1.541 1.532 1.548 1.559 1.303 1.517 1.608 1.505 1.499 1.583 1.627 1.538 1.465 1.391 1.570 1.632 1.605 1.549 1.620 1.497 1.394 1.323 1.531 1.484 0.990 1.480 1.457 1.429 1.423 1.543 1.508 1.520 1.535 1.546 1.539 1.551 1.353 1.458 1.611 1.566 1.607 1.740 1.626 1.681 1.747 1.690 1.698 1.654 1.629 1.317 1.405 1.611 1.551 1.793
1.365 1.329 1.379 1.553 1.467 1.451 1.491 1.366 1.382 1.499 1.535 1.411 1.747 1.534 1.568 1.646 1.538 1.631 1.577 1.422 1.523 1.530 1.538 1.526 1.507 1.492 1.576 1.253 1.616 1.527 1.577 1.559 1.553 1.597 1.567 1.561 1.451 1.447 1.597 1.594 1.550 1.555 1.568 1.515 1.474 1.454 1.444 1.476 1.480 1.460 1.299 1.299 1.351 1.537 1.534 1.492 1.552 1.579 1.572 1.366 1.622 1.628 1.639 1.637 1.703 1.690 1.743 1.707 1.676 1.678 1.678 1.696 1.489 1.519 1.634 1.712 1.718
1.312 1.443 1.483 1.466 1.487 1.484 1.454 1.429 1.449 1.526 1.468 1.612 1.658 1.591 1.566 1.590 1.484 1.368 1.648 1.418 1.486 1.580 1.526 1.531 1.572 1.475 1.368 1.278 1.398 1.682 1.816 1.910 1.557 1.608 1.623 1.665 1.443 1.341 1.527 1.616 1.554 1.535 1.524 1.544 1.345 1.434 1.475 1.495 1.445 1.431 1.387 1.392 1.411 1.547 1.597 1.604 1.591 1.622 1.477 1.611 1.603 1.678 1.601 1.602 1.933 1.816 1.741 1.700 1.747 1.710 1.690 1.646 1.498 1.388 1.415 1.687 1.550
1.414 1.501 1.449 1.441 1.449 1.477 1.508 1.428 1.495 1.515 1.595 1.696 1.438 1.487 1.419 1.453 1.475 1.495 1.558 1.467 1.457 1.509 1.517 1.377 1.318 1.457 1.640 1.450 1.213 1.461 1.525 1.696 1.987 1.559 1.581 1.660 1.608 1.485 1.617 1.622 1.605 1.651 1.614 1.557 1.503 1.270 1.427 1.446 1.433 1.471 1.455 1.439 1.410 1.482 1.556 1.533 1.589 1.568 1.384 1.528 1.772 1.621 1.656 1.644 1.631 1.687 1.725 1.701 1.779 1.750 1.728 1.719 1.582 1.799 1.455 1.717 1.615
1.474 1.295 1.482 1.452 1.448 1.531 1.523 1.498 1.710 1.524 1.523 1.486 1.454 1.382 1.495 1.560 1.616 1.564 1.589 1.558 1.387 1.443 1.441 1.367 1.475 1.455 1.508 1.614 1.459 1.474 1.548 1.611 1.909 1.562 1.551 1.648 1.675 1.388 1.525 1.556 1.550 1.507 1.492 1.549 1.549 1.240 1.421 1.443 1.467 1.474 1.324 1.523 1.467 1.373 1.623 1.566 1.644 1.503 1.441 1.655 1.687 1.521 1.659 1.655 1.660 1.709 1.714 1.673 1.604 1.604 1.492 1.686 1.793 1.712 1.411 1.489 1.717
1.348 1.366 1.271 1.438 1.477 1.572 1.951 1.579 1.575 1.514 1.475 1.571 1.627 1.541 1.940 1.588 1.560 1.581 1.566 1.575 1.304 1.361 1.531 1.554 1.510 1.492 1.610 1.578 1.534 1.301 1.566 1.542 1.943 1.659 1.582 1.618 1.599 1.485 1.389 1.553 1.482 1.560 1.485 1.516 1.480 1.387 1.394 1.409 1.355 1.455 1.333 1.754 1.668 1.444 1.479 1.624 1.466 1.361 1.620 1.713 1.613 1.629 1.648 1.658 1.718 1.729 1.675 1.683 1.532 1.594 1.686 1.756 1.719 1.858 1.568 1.491 1.722
1.453 1.483 1.469 1.247 1.497 1.427 1.533 1.507 1.503 1.515 1.508 1.575 1.616 1.325 1.634 1.582 1.609 1.588 1.595 1.624 1.576 1.486 1.530 1.561 1.545 1.578 1.514 1.641 1.700 1.552 1.607 1.568 1.620 1.982 1.721 1.685 1.687 1.569 1.548 1.529 1.505 1.502 1.539 1.551 1.555 1.534 1.391 1.320 1.601 1.755 1.570 1.735 1.809 1.203 1.329 1.550 1.317 1.552 1.736 1.640 1.667 1.662 1.625 1.702 1.749 1.695 1.582 1.648 1.781 1.863 1.900 1.826 1.687 1.788 1.742 1.345 1.542
1.435 1.436 1.467 1.361 1.405 1.524 1.503 1.512 1.570 1.530 1.550 1.566 1.467 1.514 1.522 1.577 1.603 1.560 1.571 1.577 1.563 1.364 1.528 1.606 1.573 1.571 1.561 1.568 1.498 1.550 1.406 1.791 1.805 1.892 2.081 1.848 1.755 1.676 1.348 1.488 1.526 1.512 1.528 1.550 1.524 1.523 1.444 1.033 1.697 1.758 1.628 1.623 1.475 1.500 1.402 1.348 1.570 1.756 1.652 1.712 1.698 1.857 1.702 1.676 1.525 1.689 1.712 1.696 1.724 1.741 1.709 1.724 1.684 1.741 1.798 1.637 1.515
1.379 1.449 1.285 1.356 1.556 1.402 1.481 1.472 1.393 1.385 1.569 1.256 1.597 1.469 1.446 1.544 1.498 1.540 1.575 1.503 1.521 1.642 1.521 1.631 1.610 1.607 1.547 1.575 2.034 1.554 1.294 1.412 1.865 1.858 2.037 2.001 1.789 1.733 1.535 1.348 1.535 1.521 1.527 1.539 1.517 1.593 1.545 1.330 1.577 1.775 1.740 1.399 1.464 1.350 1.506 1.641 1.695 1.640 1.651 1.671 1.738 1.687 1.653 1.629 1.716 1.727 1.781 1.716 1.713 1.690 1.731 1.733 1.730 1.799 1.832 1.834 1.519
1.438 1.417 1.112 1.441 1.526 1.388 1.304 1.515 1.467 1.265 1.501 1.626 1.601 1.494 1.442 1.529 1.575 1.531 1.619 1.583 1.995 1.561 1.469 1.544 1.655 1.626 1.696 1.889 1.601 1.589 1.550 1.436 1.857 1.934 1.960 1.900 1.885 1.721 1.540 1.484 1.487 1.528 1.514 1.532 1.625 1.533 1.532 1.301 1.126 1.737 1.709 1.436 1.377 1.576 1.597 1.652 1.616 1.625 1.655 1.603 1.592 1.682 1.722 1.767 1.774 1.742 1.738 1.681 1.700 1.764 1.747 1.796 1.846 1.872 1.928 1.836 1.655
1.240 1.192 1.353 1.344 1.311 1.478 1.464 1.100 1.286 1.661 1.577 1.711 1.686 1.649 1.456 1.458 1.553 1.550 1.561 1.546 1.594 1.626 1.446 1.351 1.581 1.569 1.627 1.630 1.551 1.520 1.600 1.217 1.526 1.790 1.798 1.924 1.893 1.668 1.743 1.557 1.403 1.575 1.629 1.614 1.550 1.503 1.514 1.539 1.083 1.141 1.456 1.512 1.517 1.621 1.856 1.644 1.651 1.650 1.556 1.650 1.707 1.804 1.756 1.727 1.714 1.508 1.533 1.693 1.715 1.761 1.883 1.825 1.847 1.912 1.805 1.792 1.693
1.250 1.643 1.397 1.354 1.225 1.513 1.583 1.469 1.283 1.628 1.612 1.649 1.637 1.612 1.534 1.336 1.523 1.554 1.570 1.544 1.528 1.519 1.648 1.468 1.547 1.533 1.626 1.601 1.615 1.580 1.548 1.507 1.419 1.618 1.771 1.826 1.925 1.691 1.662 1.574 1.432 1.549 1.620 1.521 1.562 1.561 1.560 1.536 1.332 1.336 1.488 1.550 1.517 1.614 1.752 1.575 1.511 1.627 1.723 1.736 1.722 1.623 1.759 1.738 1.699 1.733 1.712 1.748 1.775 1.752 1.784 1.788 1.798 0.926 0.926 0.926 0.926
1.290 1.274 1.144 1.360 1.489 1.582 1.643 1.600 1.285 1.683 1.658 1.699 1.471 1.637 1.725 1.508 1.493 1.540 1.608 1.543 1.521 1.534 1.572 1.444 1.509 1.556 1.594 1.563 1.577 1.572 1.561 1.683 1.360 1.562 1.693 1.639 1.719 1.900 1.594 1.576 1.424 1.476 1.573 1.554 1.537 1.494 1.518 1.410 1.467 1.607 1.607 1.559 1.694 1.601 1.510 1.649 1.714 1.753 1.719 1.718 1.729 1.716 1.741 1.621 1.675 1.730 1.735 1.751 1.663 1.520 0.926 0.926 0.926 0.926 1.620 1.434 0.926
1.154 1.302 1.559 1.594 1.577 1.648 1.645 1.650 1.573 1.447 1.482 1.556 1.534 1.515 1.517 1.436 1.464 1.543 1.540 1.534 1.556 1.572 1.628 1.579 1.660 1.599 1.573 1.570 1.629 1.594 1.593 1.568 1.416 1.434 1.595 1.622 1.605 1.862 1.845 1.603 1.510 1.245 1.525 1.547 1.565 1.527 1.312 1.468 1.537 1.611 1.605 1.581 1.467 1.506 1.650 1.696 1.701 1.795 1.729 1.741 1.668 1.616 1.563 1.644 1.671 1.580 0.925 0.925 0.925 0.925 0.926 1.458 1.482 1.489 1.471 1.496 1.510
1.324 1.313 1.343 1.647 1.703 1.634 1.524 1.502 1.603 1.402 1.454 1.508 1.540 1.500 1.489 1.555 1.547 1.615 1.511 1.583 1.563 1.559 1.642 1.598 1.414 1.531 1.613 1.649 1.589 1.654 1.599 1.502 1.500 1.297 1.536 1.577 1.605 1.555 1.811 1.687 1.563 1.376 1.398 1.318 1.486 1.401 1.500 1.560 1.615 1.459 1.522 1.471 1.594 1.667 1.848 1.689 1.856 1.716 1.681 1.641 1.745 1.741 0.925 0.925 0.925 0.925 0.925 1.539 1.422 1.471 1.389 1.440 1.492 1.453 1.559 1.544 1.651
1.407 1.352 1.629 1.893 1.730 1.644 1.487 1.431 1.418 1.355 1.310 1.502 1.501 1.659 1.806 1.548 1.426 1.491 1.532 1.559 1.548 1.592 1.680 1.720 1.592 1.524 1.548 1.598 1.594 1.576 1.542 1.510 1.500 1.309 1.392 1.545 1.566 1.640 1.564 1.894 1.613 1.350 1.289 1.404 1.479 1.551 1.664 1.635 1.526 1.513 1.620 1.675 1.669 1.646 1.686 1.634 1.655 1.753 0.925 0.925 0.925 0.925 0.925 1.462 1.462 1.484 1.455 1.475 1.397 1.508 1.474 1.493 1.522 1.508 1.598 1.803 1.349
1.539 1.258 1.634 1.677 1.766 1.632 1.343 1.372 1.559 1.500 1.369 1.315 1.557 1.828 1.833 1.815 1.467 1.354 1.538 1.599 1.571 1.631 1.595 1.531 1.574 1.403 1.502 1.756 1.560 1.580 1.529 1.559 1.494 1.363 1.389 1.510 1.478 1.538 1.504 1.379 1.438 1.517 1.436 1.476 1.580 1.467 1.557 1.445 1.534 1.632 1.604 1.572 1.600 1.715 1.703 0.924 0.924 0.924 0.924 1.495 1.590 1.516 1.612 1.623 1.626 1.637 1.637 1.635 1.569 1.601 1.607 1.716 1.708 1.557 1.713 1.402 1.421
1.144 1.028 1.297 1.650 1.739 1.827 1.475 1.570 1.571 1.544 1.530 1.478 1.392 1.750 1.590 1.503 1.573 1.301 1.494 1.572 1.588 1.589 1.573 1.634 1.730 1.560 1.461 1.721 1.602 1.650 1.597 1.533 1.503 1.426 1.180 1.374 1.442 1.510 0.659 0.620 0.620 1.463 1.543 1.470 1.480 1.436 1.563 1.571 1.560 1.538 1.665 0.924 0.924 0.924 0.924 0.924 1.942 2.192 2.220 2.350 2.358 2.338 2.390 2.393 2.382 2.428 2.451 2.424 2.371 2.359 2.409 2.396 2.405 2.434 2.437 2.870 2.600
1.460 1.379 0.987 1.722 1.549 1.518 1.575 1.544 1.560 1.595 1.581 1.612 1.544 1.281 1.549 1.586 1.554 1.644 1.341 1.835 1.753 1.735 1.745 1.643 1.630 1.612 1.507 1.500 1.493 1.545 1.493 1.432 1.387 0.658 0.659 0.659 0.659 0.659 0.659 1.487 0.620 0.620 0.620 0.620 0.620 0.621 0.621 0.621 0.621 0.923 0.923 0.923 2.489 2.643 2.673 2.784 2.788 2.908 2.905 3.013 3.089 3.167 3.194 3.223 3.297 3.281 3.308 3.287 3.328 3.246 3.335 3.259 3.260 3.235 3.188 4.144 3.310
1.576 1.438 1.359 1.208 1.420 1.726 1.671 1.599 1.565 1.580 1.585 1.664 1.630 1.259 1.387 1.556 1.567 1.615 1.600 1.504 1.574 1.624 1.620 1.672 1.575 1.620 1.296 1.410 1.483 1.446 1.357 0.658 0.658 0.658 1.309 1.281 1.376 1.476 1.889 2.216 2.378 2.510 2.466 2.542 2.615 0.620 0.620 2.845 3.063 3.308 3.397 3.591 3.688 3.734 3.847 3.920 4.093 4.156 4.207 4.253 4.374 4.429 4.384 4.459 4.756 4.735 4.953 5.218 5.145 4.714 4.635 4.781 4.769 4.960 5.170 5.031 4.786
1.496 1.617 1.337 1.228 1.438 1.667 1.726 1.597 1.641 1.604 1.649 1.554 1.586 1.593 1.563 1.424 1.610 1.529 1.527 1.424 1.574 1.565 1.572 1.671 1.545 1.452 1.313 1.369 0.657 0.657 0.657 0.657 1.477 1.769 2.018 2.415 2.458 2.549 2.669 2.787 3.007 3.223 3.353 3.487 3.671 3.899 4.088 4.264 4.423 4.631 5.684 5.543 5.499 5.504 5.476 5.496 5.592 5.712 5.649 5.743 5.777 5.955 5.957 5.740 5.841 5.529 5.462 5.597 5.596 5.792 5.627 6.045 5.921 5.599 5.486 5.382 5.382
1.527 1.298 1.239 1.199 1.625 1.623 1.776 1.678 1.576 1.624 1.602 1.577 1.584 1.685 1.523 1.569 1.416 1.607 1.545 1.328 1.557 1.508 1.509 1.513 1.501 1.586 0.656 0.656 0.656 1.536 2.211 2.338 2.472 2.692 2.789 2.923 3.189 3.383 3.629 3.854 4.065 4.292 4.532 4.744 5.387 5.532 5.660 5.591 5.759 6.060 6.692 6.490 6.381 6.165 6.055 6.157 6.371 6.314 6.472 6.517 6.458 6.462 6.257 6.199 6.116 6.260 6.282 6.605 6.317 6.481 6.355 6.211 6.242 6.303 6.224 6.281 6.425
1.569 1.551 1.542 1.384 1.202 1.573 1.732 1.735 1.634 1.582 1.640 1.551 1.549 1.647 1.515 1.504 1.423 1.401 1.501 1.427 1.426 1.554 1.530 0.655 0.656 0.656 0.656 2.463 2.514 2.566 2.749 2.915 3.218 3.429 3.762 4.018 4.312 4.576 5.511 5.700 6.052 5.999 6.011 6.113 5.966 6.100 6.112 6.038 6.162 6.508 6.720 6.759 6.913 6.749 6.645 6.509 6.593 6.732 6.821 6.818 6.884 6.940 6.920 7.205 6.732 7.065 6.790 6.757 6.687 6.741 6.969 7.046 7.110 7.539 7.059 6.618 6.556
1.653 1.548 1.642 1.454 1.518 1.680 1.712 1.646 1.669 1.475 1.509 1.506 1.526 1.604 1.678 1.705 0.654 0.654 0.654 0.654 0.654 0.655 0.655 0.655 2.448 2.468 2.649 2.816 3.089 3.396 3.635 3.957 4.276 5.089 5.261 5.358 5.650 5.696 5.956 6.200 6.453 6.550 6.565 6.574 6.441 6.776 6.674 6.662 6.562 6.767 6.921 7.010 7.046 7.028 6.994 7.154 7.016 7.162 7.185 7.224 7.166 7.205 7.270 7.282 7.261 7.241 7.239 7.700 7.756 7.587 8.261 8.469 7.745 7.534 7.270 7.178 7.127
1.607 1.483 1.534 1.138 1.727 0.650 0.651 0.651 0.651 1.443 0.652 0.652 0.652 0.653 0.653 0.653 0.653 1.333 1.444 1.725 2.249 2.542 2.565 2.622 2.870 3.090 3.397 3.677 4.102 4.387 5.339 5.451 5.684 5.904 6.298 6.154 6.183 6.369 6.422 6.914 6.944 7.339 6.796 6.745 7.048 7.036 7.190 7.043 7.152 7.134 7.190 7.347 7.295 7.361 7.322 7.272 7.318 7.404 7.517 7.668 7.726 7.724 7.855 7.806 8.118 8.057 8.104 8.499 8.511 8.378 8.566 8.588 8.195 8.128 8.004 7.828 7.742
1.597 1.344 1.413 0.649 0.649 0.650 1.360 1.423 0.651 0.651 0.651 1.361 1.441 1.871 2.238 1.677 1.487 2.178 2.463 2.676 2.778 2.973 3.205 3.409 3.672 3.983 5.415 5.270 5.768 6.079 6.415 6.466 6.269 6.297 6.361 6.403 6.470 6.589 6.816 6.926 7.111 7.178 6.983 7.081 7.365 7.391 7.499 7.388 7.331 7.401 7.506 7.442 7.519 7.568 7.769 7.745 7.908 8.010 7.989 8.021 8.040 8.558 8.624 8.440 8.699 8.636 8.564 8.497 8.593 8.818 8.897 8.786 8.828 9.134 9.191 8.754 8.250
1.613 1.352 1.297 0.764 0.543 1.575 1.358 1.392 1.374 1.513 1.633 1.667 1.826 2.545 2.524 2.577 2.627 2.921 2.957 3.176 3.379 3.608 3.942 5.235 5.415 5.644 6.047 6.322 6.337 6.467 6.625 6.655 6.778 6.714 7.013 6.906 7.019 7.032 7.125 7.215 7.502 7.504 7.506 7.632 7.668 7.902 7.799 7.913 7.899 7.732 7.761 7.973 8.222 8.112 8.290 8.237 8.204 8.187 8.328 8.434 8.515 8.625 8.740 8.767 8.854 8.832 9.091 9.133 9.357 9.548 9.668 9.539 9.366 9.632 9.811 9.477 9.027
1.624 1.560 1.324 0.764 1.370 1.354 1.432 1.502 1.585 1.685 2.178 2.460 2.599 2.697 2.862 3.083 3.122 3.320 3.590 3.902 5.141 5.206 5.400 5.681 5.977 6.222 6.318 6.537 6.676 6.906 6.830 6.864 7.004 7.093 7.114 7.278 7.254 7.321 7.381 7.469 7.628 7.731 7.836 7.883 8.066 8.217 8.214 8.174 8.147 8.227 8.271 8.266 8.357 8.398 8.526 8.895 9.110 9.055 9.380 9.635 9.313 9.243 9.228 9.404 9.395 9.587 9.914 9.952 9.921 10.103 10.335 10.096 9.972 9.811 9.800 9.743 9.666
1.625 1.762 1.641 0.764 1.134 1.243 1.769 2.272 2.287 2.497 2.582 2.713 2.933 3.118 3.377 3.598 3.776 4.724 5.097 5.322 5.487 5.917 5.984 6.202 6.426 6.671 6.714 6.830 6.944 7.024 7.104 7.217 7.411 7.627 7.747 8.082 8.028 7.913 8.086 8.057 8.164 8.299 8.264 8.435 8.577 8.535 8.735 8.783 8.758 9.119 9.176 8.806 8.877 8.909 9.184 9.884 10.159 9.745 10.242 10.705 10.052 9.915 10.151 10.222 10.160 10.157 10.573 10.415 10.305 10.328 10.361 10.329 10.307 10.211 10.143 10.137 10.074
