includes/estuary_coast/floodfiles/results/res-0010.wdfp
ncols         730
nrows         472
xllcorner     380617.130607
yllcorner     6542069.774949
cellsize      20.000000
NODATA_value  -9999.000000
[rows 204 to 237 of 472, columns 0 to 76 of 730]
5.773 5.743 5.711 5.687 5.664 5.620 5.583 5.569 5.556 5.519 5.482 5.461 5.346 5.288 5.245 5.109 5.119 5.259 4.931 4.342 4.111 4.077 3.994 2.704 3.147 3.141 3.217 3.109 1.666 2.488 2.749 2.725 2.540 2.198 1.952 1.927 1.652 1.019 1.093 0.869 0.859 0.940 0.922 1.135 1.198 1.657 1.792 1.705 1.922 1.909 2.020 2.098 2.076 2.031 2.114 2.220 2.049 2.130 2.192 2.168 2.208 2.205 2.192 2.182 2.118 2.213 2.159 2.332 2.172 2.154 2.161 2.167 2.145 2.079 2.057 1.957 2.026
5.766 5.738 5.716 5.696 5.674 5.642 5.610 5.582 5.552 5.517 5.494 5.483 5.425 5.361 5.240 5.131 5.088 5.095 4.832 4.360 4.144 4.110 4.038 3.974 3.199 3.129 3.185 3.146 3.079 1.763 2.668 2.741 2.524 2.538 2.472 2.428 2.472 2.522 2.221 1.610 1.436 1.534 1.575 1.608 1.484 1.716 1.865 1.904 2.004 2.075 2.120 2.073 2.216 2.139 2.223 2.261 2.271 2.225 2.286 2.262 2.243 2.281 2.226 2.170 2.225 2.162 2.304 2.261 2.262 2.209 2.241 2.185 2.099 2.089 2.162 2.217 2.077
5.761 5.742 5.713 5.705 5.701 5.668 5.629 5.599 5.561 5.528 5.499 5.499 5.453 5.332 5.275 5.181 5.065 4.930 4.703 4.456 4.273 4.148 4.093 4.053 2.422 3.194 3.492 3.337 3.272 3.145 2.368 2.647 2.688 2.670 2.617 2.552 2.550 2.534 2.525 2.568 2.576 1.913 1.775 1.551 1.511 1.806 2.025 2.057 2.152 2.121 2.187 2.276 2.192 2.309 2.210 2.274 2.275 2.368 2.270 2.255 2.306 2.262 2.193 2.230 2.229 2.249 2.219 2.289 2.262 2.345 2.307 2.240 2.147 2.110 2.204 2.108 2.109
5.780 5.746 5.716 5.707 5.707 5.681 5.637 5.609 5.587 5.545 5.503 5.484 5.444 5.394 5.387 5.314 5.170 4.991 4.690 4.497 4.332 4.205 4.103 4.018 3.850 3.194 3.335 3.421 3.424 3.282 2.705 2.772 2.758 2.697 2.661 2.575 2.641 2.662 2.604 2.544 2.744 2.647 2.698 1.941 1.769 1.795 2.155 2.227 2.217 2.197 2.264 2.252 2.242 2.244 2.425 2.283 2.357 2.290 2.295 2.273 2.267 2.386 2.291 2.270 2.248 2.271 2.319 2.202 2.307 2.241 2.347 2.266 2.168 2.224 2.187 2.217 2.099
5.784 5.751 5.722 5.707 5.695 5.676 5.642 5.618 5.604 5.569 5.539 5.490 5.433 5.403 5.428 5.456 5.268 4.965 4.775 4.608 4.496 4.342 4.184 4.003 3.622 3.514 3.266 3.296 3.442 3.417 3.366 2.873 3.009 2.636 2.654 2.700 2.604 2.651 2.634 2.591 2.632 2.747 2.626 2.656 2.677 1.871 2.169 2.253 2.547 2.424 2.323 2.333 2.350 2.364 2.317 2.353 2.383 2.359 2.321 2.362 2.392 2.275 2.340 2.354 2.272 2.399 2.244 2.269 2.295 2.396 2.291 2.376 2.335 2.297 2.327 2.212 2.235
5.782 5.751 5.733 5.709 5.694 5.667 5.638 5.626 5.624 5.602 5.538 5.504 5.477 5.415 5.401 5.403 5.262 4.976 4.760 4.674 4.641 4.509 4.347 4.099 3.796 3.714 4.066 3.325 3.258 3.317 3.387 3.200 2.463 2.957 2.729 2.747 2.840 2.671 2.703 2.740 2.678 2.759 2.760 2.683 2.751 2.684 2.150 2.348 2.272 2.692 2.487 2.471 2.493 2.428 2.427 2.409 2.406 2.404 2.426 2.383 2.375 2.428 2.421 2.341 2.332 2.356 2.324 2.269 2.357 2.426 2.326 2.282 2.292 2.368 2.381 2.281 2.197
5.784 5.775 5.742 5.718 5.698 5.668 5.644 5.628 5.627 5.606 5.543 5.510 5.481 5.423 5.388 5.311 5.200 4.957 4.747 4.674 4.696 4.693 4.563 4.393 4.191 4.116 4.188 4.252 3.228 3.214 3.511 3.282 3.162 2.639 2.995 2.877 2.794 2.884 2.834 2.727 2.867 2.796 2.798 2.830 2.774 2.786 2.636 2.495 2.399 2.758 2.700 2.728 2.534 2.524 2.469 2.444 2.477 2.484 2.498 2.482 2.455 2.404 2.475 2.480 2.373 2.479 2.409 2.393 2.370 2.375 2.380 2.352 2.391 2.380 2.416 2.328 2.296
5.787 5.780 5.749 5.722 5.702 5.673 5.646 5.628 5.613 5.594 5.539 5.516 5.502 5.477 5.427 5.342 5.214 5.026 4.874 4.792 4.817 4.879 4.970 4.837 4.564 4.398 4.346 4.301 4.201 3.294 3.278 3.350 3.413 3.180 3.130 3.185 2.980 2.919 2.880 2.858 2.946 2.884 2.798 2.936 2.857 2.914 2.827 2.748 2.403 2.682 2.660 2.869 2.707 2.578 2.599 2.498 2.586 2.433 2.519 2.448 2.474 2.515 2.731 2.402 2.470 2.447 2.447 2.428 2.372 2.493 2.443 2.420 2.369 2.263 2.357 2.376 2.350
5.788 5.777 5.754 5.721 5.705 5.693 5.660 5.632 5.614 5.569 5.540 5.517 5.515 5.492 5.448 5.380 5.334 5.156 5.034 4.971 4.946 5.002 5.160 5.072 4.790 4.644 4.566 4.395 4.201 3.335 3.183 3.293 3.592 3.394 3.425 3.218 3.206 3.036 3.110 2.994 2.964 3.010 3.030 2.940 2.980 2.891 2.902 2.870 2.485 2.770 2.695 2.761 2.835 2.706 2.589 2.614 2.476 2.499 2.593 2.581 2.536 2.608 2.496 2.543 2.471 2.569 2.538 2.535 2.445 2.474 2.480 2.528 2.483 2.446 2.472 2.480 2.390
5.799 5.777 5.756 5.723 5.707 5.698 5.673 5.649 5.627 5.593 5.542 5.517 5.511 5.493 5.461 5.454 5.452 5.364 5.223 5.150 5.083 5.034 5.052 4.993 4.858 4.879 4.840 4.603 4.384 4.311 3.241 3.290 3.409 3.618 3.526 3.482 3.319 3.293 3.275 3.157 3.084 3.134 3.120 3.055 3.060 3.106 2.953 2.934 2.925 2.681 2.826 2.747 2.693 2.869 2.692 2.699 2.660 2.742 2.724 2.495 2.679 2.547 2.501 2.595 2.589 2.578 2.472 2.636 2.440 2.571 2.410 2.491 2.441 2.439 2.441 2.422 2.369
5.809 5.777 5.754 5.719 5.705 5.702 5.685 5.653 5.634 5.604 5.557 5.528 5.505 5.491 5.476 5.486 5.507 5.448 5.317 5.264 5.229 5.094 5.034 4.978 4.909 4.946 4.935 4.727 4.594 4.504 4.451 3.685 3.238 3.319 3.678 3.472 3.455 3.282 3.403 3.311 3.253 3.204 3.143 3.139 3.079 2.979 3.085 3.005 2.994 2.896 2.909 2.846 2.751 2.727 2.806 2.807 2.658 2.710 2.694 2.650 2.589 2.670 2.630 2.635 2.603 2.614 2.551 2.554 2.552 2.559 2.566 2.515 2.454 2.404 2.415 2.481 2.443
5.829 5.807 5.767 5.719 5.707 5.699 5.683 5.652 5.635 5.622 5.597 5.562 5.515 5.487 5.473 5.481 5.491 5.461 5.427 5.394 5.380 5.276 5.139 5.033 4.954 4.913 4.864 4.756 4.704 4.667 4.564 4.484 3.317 3.339 3.601 3.325 3.519 3.405 3.285 3.126 3.230 3.232 3.173 3.172 3.118 3.060 3.067 3.157 2.892 3.035 2.886 2.821 2.824 2.808 2.792 2.835 2.712 2.731 2.694 2.664 2.660 2.823 2.683 2.647 2.686 2.671 2.571 2.620 2.592 2.589 2.639 2.574 2.568 2.504 2.545 2.445 2.427
5.840 5.820 5.768 5.737 5.720 5.698 5.679 5.655 5.638 5.637 5.612 5.549 5.512 5.490 5.466 5.461 5.463 5.447 5.445 5.475 5.492 5.387 5.252 5.212 5.068 4.983 4.891 4.793 4.727 4.720 4.646 4.602 4.502 3.545 3.849 3.668 3.463 3.396 3.226 3.231 3.355 3.263 3.161 3.088 3.165 3.025 2.947 3.000 2.977 3.045 2.798 2.883 2.832 2.825 2.765 2.903 2.868 2.752 2.763 2.755 2.679 2.696 2.629 2.667 2.673 2.593 2.615 2.649 2.615 2.639 2.635 2.612 2.633 2.572 2.520 2.474 2.500
5.846 5.832 5.806 5.760 5.738 5.718 5.683 5.658 5.636 5.632 5.605 5.548 5.504 5.481 5.458 5.450 5.453 5.454 5.449 5.461 5.473 5.417 5.341 5.337 5.287 5.144 4.979 4.892 4.787 4.763 4.745 4.748 4.666 4.115 3.839 3.684 3.624 3.574 3.498 3.442 3.435 3.161 3.079 3.192 3.030 3.021 2.905 2.962 2.944 2.847 2.961 3.034 2.854 2.850 2.809 2.776 2.824 2.947 2.808 2.713 2.764 2.727 2.774 2.712 2.714 2.653 2.657 2.612 2.668 2.650 2.618 2.696 2.671 2.661 2.647 2.536 2.531
5.846 5.833 5.819 5.791 5.768 5.746 5.720 5.666 5.633 5.612 5.579 5.529 5.469 5.438 5.441 5.443 5.452 5.456 5.442 5.443 5.423 5.398 5.390 5.416 5.412 5.256 5.122 5.005 4.916 4.832 4.804 4.809 4.764 4.749 4.129 4.018 3.820 3.689 3.507 3.452 3.334 3.352 3.111 3.099 3.010 2.971 2.986 3.037 2.844 2.915 2.994 3.023 2.890 2.928 2.855 2.893 2.935 2.920 2.863 2.754 2.848 2.648 2.730 2.673 2.661 2.682 2.669 2.751 2.641 2.631 2.625 2.653 2.690 2.625 2.636 2.625 2.569
5.843 5.831 5.829 5.818 5.792 5.778 5.756 5.687 5.644 5.605 5.556 5.511 5.457 5.427 5.442 5.472 5.479 5.489 5.473 5.455 5.426 5.408 5.390 5.408 5.391 5.265 5.169 5.133 5.076 4.960 4.873 4.816 4.807 4.836 4.885 4.237 3.990 3.811 3.693 3.561 3.529 3.264 3.106 3.272 2.993 2.950 2.967 3.003 2.917 2.999 3.087 2.935 3.030 2.952 2.987 2.823 2.797 2.792 2.892 2.863 2.774 2.705 2.679 2.667 2.699 2.758 2.742 2.678 2.713 2.777 2.709 2.667 2.603 2.712 2.570 2.546 2.587
5.854 5.834 5.827 5.819 5.806 5.812 5.795 5.733 5.643 5.576 5.529 5.488 5.460 5.445 5.459 5.482 5.497 5.517 5.499 5.466 5.444 5.412 5.398 5.363 5.339 5.283 5.211 5.226 5.195 5.065 4.982 4.921 4.886 4.858 4.854 4.801 4.262 4.037 3.825 3.810 3.436 3.380 3.290 3.108 3.064 3.003 3.023 2.928 2.969 3.032 3.064 3.026 2.973 2.911 2.982 2.974 2.846 2.776 2.819 2.904 3.014 2.778 2.775 2.719 2.708 2.728 2.727 2.729 2.774 2.759 2.697 2.735 2.695 2.628 2.668 2.606 2.621
5.880 5.848 5.830 5.827 5.827 5.871 5.887 5.798 5.650 5.540 5.484 5.462 5.449 5.452 5.470 5.489 5.513 5.538 5.518 5.481 5.453 5.441 5.406 5.359 5.325 5.272 5.216 5.208 5.184 5.092 5.052 5.035 4.987 4.939 4.881 4.844 4.826 4.143 3.992 3.916 3.758 3.522 3.487 3.404 3.104 3.095 3.013 2.981 2.959 3.066 3.091 3.073 2.957 3.194 2.999 3.016 2.886 2.856 2.830 2.828 2.841 2.940 2.808 2.813 2.739 2.738 2.707 2.780 2.754 2.764 2.774 2.719 2.744 2.662 2.639 2.662 2.567
5.892 5.869 5.838 5.834 5.843 5.896 5.927 5.819 5.632 5.471 5.408 5.421 5.430 5.442 5.453 5.471 5.505 5.519 5.502 5.474 5.455 5.456 5.429 5.387 5.344 5.296 5.246 5.205 5.161 5.121 5.095 5.112 5.063 4.989 4.971 4.923 4.861 4.305 4.028 3.909 3.884 3.648 3.213 3.310 3.248 2.982 3.166 3.121 3.092 3.082 3.094 3.136 3.004 3.020 3.012 3.012 3.042 2.855 2.926 2.983 2.874 2.840 2.854 2.745 2.815 2.765 2.752 2.718 2.709 2.814 2.862 2.854 2.756 2.666 2.776 2.699 2.570
5.934 5.901 5.877 5.843 5.827 5.850 5.846 5.747 5.582 5.425 5.367 5.393 5.419 5.419 5.427 5.444 5.452 5.474 5.470 5.459 5.457 5.468 5.451 5.396 5.358 5.336 5.276 5.232 5.189 5.144 5.109 5.102 5.082 5.033 5.059 5.077 4.946 4.789 4.120 4.002 3.923 3.830 3.447 3.582 3.414 3.408 3.298 3.287 3.280 3.246 3.189 3.179 3.063 3.042 3.100 3.152 3.041 2.999 2.914 2.855 2.922 2.806 2.887 2.980 2.856 2.878 2.860 2.695 2.731 2.848 2.890 2.795 2.655 2.679 2.611 2.647 2.605
5.966 5.923 5.892 5.847 5.812 5.796 5.757 5.667 5.555 5.446 5.402 5.406 5.408 5.394 5.396 5.404 5.412 5.440 5.445 5.441 5.445 5.454 5.438 5.406 5.378 5.376 5.342 5.275 5.219 5.166 5.119 5.104 5.072 5.062 5.072 5.096 4.964 4.779 4.723 4.247 4.046 3.758 3.531 3.631 3.622 3.466 3.522 3.440 3.348 3.385 3.350 3.349 3.193 3.261 3.084 3.078 3.027 2.935 2.976 2.940 2.806 2.879 2.905 2.864 2.945 2.843 2.856 2.838 2.769 2.854 2.910 2.714 2.762 2.779 2.663 2.628 2.582
5.995 5.938 5.910 5.880 5.830 5.770 5.705 5.624 5.528 5.465 5.422 5.409 5.392 5.370 5.361 5.375 5.389 5.404 5.423 5.423 5.424 5.423 5.408 5.390 5.384 5.401 5.376 5.286 5.220 5.181 5.140 5.116 5.089 5.076 5.034 5.019 4.932 4.812 4.744 4.688 4.212 3.536 3.781 3.667 3.693 3.684 3.567 3.559 3.551 3.579 3.559 3.343 3.288 3.200 3.210 3.112 3.087 3.042 3.085 3.129 2.959 3.004 2.983 2.987 2.952 2.936 2.890 2.852 2.895 2.914 2.752 2.609 2.699 2.669 2.755 2.533 2.563
5.989 5.940 5.926 5.914 5.876 5.783 5.682 5.582 5.484 5.421 5.400 5.385 5.376 5.357 5.350 5.363 5.377 5.392 5.398 5.411 5.397 5.393 5.380 5.371 5.367 5.374 5.345 5.278 5.208 5.183 5.158 5.123 5.097 5.070 5.031 5.000 4.951 4.876 4.784 4.710 4.238 4.150 3.988 3.781 3.712 3.690 3.799 3.540 3.541 3.629 3.553 3.518 3.301 3.386 3.294 3.194 3.129 3.055 3.031 3.048 3.045 2.968 2.993 2.919 3.031 2.985 3.001 3.018 2.890 2.797 2.714 2.723 2.758 2.677 2.673 2.653 2.658
5.979 5.956 5.945 5.973 5.951 5.837 5.663 5.516 5.404 5.327 5.332 5.352 5.360 5.359 5.360 5.365 5.375 5.390 5.396 5.396 5.385 5.373 5.362 5.351 5.341 5.330 5.298 5.252 5.195 5.182 5.168 5.129 5.088 5.076 5.055 5.024 4.983 4.949 4.852 4.776 4.694 4.298 4.151 3.936 3.808 3.784 3.663 3.759 3.644 3.702 3.522 3.443 3.469 3.431 3.290 3.209 3.183 3.168 3.142 3.085 3.134 3.074 3.063 2.975 2.962 2.998 3.016 2.997 2.838 2.809 2.726 2.727 2.742 2.701 2.633 2.640 2.598
5.980 5.961 5.947 5.990 5.972 5.833 5.619 5.417 5.250 5.190 5.228 5.297 5.339 5.359 5.355 5.357 5.374 5.390 5.403 5.397 5.378 5.356 5.335 5.330 5.305 5.294 5.268 5.239 5.205 5.182 5.160 5.127 5.089 5.077 5.062 5.041 5.022 5.022 4.957 4.861 4.811 4.768 4.180 4.040 3.867 3.828 3.863 3.683 3.904 3.574 3.515 3.518 3.366 3.330 3.393 3.235 3.322 3.267 3.184 3.320 3.125 3.146 3.046 3.041 3.010 2.934 3.065 2.948 2.927 2.816 2.768 2.725 2.728 2.715 2.632 2.646 2.634
5.980 5.957 5.934 5.925 5.891 5.764 5.564 5.315 5.100 5.035 5.133 5.251 5.320 5.346 5.350 5.351 5.368 5.379 5.390 5.382 5.358 5.333 5.309 5.303 5.292 5.279 5.260 5.233 5.207 5.187 5.153 5.129 5.104 5.079 5.067 5.047 5.053 5.063 5.009 4.952 4.913 4.922 4.868 4.172 4.061 3.925 3.907 3.824 3.710 3.773 3.551 3.543 3.481 3.450 3.332 3.225 3.267 3.242 3.238 3.216 3.244 3.095 3.124 3.138 3.048 3.025 2.984 3.018 2.990 2.960 2.930 2.699 2.770 2.653 2.824 2.669 2.474
6.013 5.934 5.910 5.868 5.796 5.686 5.518 5.292 5.091 5.030 5.134 5.247 5.311 5.331 5.334 5.344 5.358 5.368 5.371 5.361 5.344 5.320 5.296 5.293 5.290 5.270 5.248 5.232 5.210 5.185 5.167 5.146 5.111 5.099 5.065 5.051 5.051 5.046 5.019 4.982 5.013 5.039 4.988 4.261 4.316 4.157 3.811 3.874 3.770 3.788 3.715 3.617 3.553 3.462 3.383 3.398 3.335 3.350 3.321 3.263 3.237 3.251 3.217 3.163 3.129 3.104 3.018 2.917 3.018 2.932 2.788 2.749 2.720 2.810 2.800 2.512 2.474
6.025 5.946 5.904 5.835 5.753 5.656 5.508 5.347 5.210 5.169 5.221 5.294 5.322 5.331 5.329 5.335 5.349 5.358 5.359 5.358 5.349 5.323 5.301 5.294 5.285 5.259 5.232 5.219 5.206 5.189 5.168 5.147 5.132 5.108 5.070 5.054 5.044 5.034 5.011 5.007 5.027 5.052 5.018 4.951 4.159 4.110 3.996 3.965 3.881 3.781 3.762 3.689 3.581 3.529 3.484 3.485 3.447 3.363 3.332 3.325 3.319 3.202 3.228 3.155 3.280 3.017 3.067 2.924 2.886 2.841 2.797 2.778 2.784 2.782 2.853 2.281 2.521
6.036 6.010 5.915 5.835 5.752 5.646 5.546 5.422 5.335 5.303 5.315 5.340 5.339 5.329 5.320 5.327 5.344 5.352 5.359 5.368 5.351 5.332 5.309 5.294 5.280 5.253 5.226 5.213 5.210 5.190 5.165 5.144 5.133 5.118 5.098 5.057 5.043 5.029 5.009 5.009 5.009 5.018 4.996 4.973 4.977 4.281 4.137 4.014 3.859 3.832 3.849 3.797 3.757 3.669 3.615 3.424 3.513 3.452 3.401 3.337 3.290 3.256 3.340 3.178 3.145 3.211 2.994 2.902 3.085 2.968 3.004 2.946 2.875 2.852 2.833 2.764 2.534
6.062 6.044 5.959 5.835 5.738 5.658 5.569 5.487 5.416 5.389 5.381 5.366 5.357 5.332 5.320 5.328 5.344 5.360 5.370 5.378 5.364 5.348 5.317 5.303 5.280 5.256 5.229 5.219 5.209 5.193 5.163 5.141 5.134 5.126 5.105 5.082 5.038 5.026 5.024 5.022 5.009 5.000 4.982 4.980 4.979 4.307 4.205 4.129 4.050 3.886 3.786 3.716 3.832 3.694 3.634 3.638 3.590 3.495 3.436 3.445 3.327 3.317 3.307 3.245 3.232 3.179 3.113 3.083 2.990 3.042 3.045 3.080 2.945 2.796 2.819 2.814 2.849
6.067 6.046 5.953 5.831 5.711 5.630 5.559 5.528 5.477 5.438 5.425 5.413 5.379 5.354 5.339 5.345 5.357 5.372 5.385 5.393 5.380 5.352 5.325 5.308 5.285 5.264 5.248 5.228 5.210 5.194 5.166 5.142 5.132 5.123 5.098 5.069 5.035 5.030 5.028 5.027 5.015 5.004 5.001 4.990 4.993 4.983 4.160 4.157 4.277 4.005 3.887 3.808 3.785 3.803 3.767 3.693 3.646 3.573 3.531 3.449 3.421 3.468 3.370 3.275 3.275 3.214 3.171 3.148 3.048 3.058 2.991 2.966 2.970 2.920 2.854 3.120 2.817
6.041 6.000 5.912 5.786 5.649 5.575 5.554 5.539 5.518 5.482 5.468 5.447 5.415 5.384 5.375 5.376 5.373 5.383 5.396 5.402 5.388 5.362 5.331 5.309 5.293 5.283 5.262 5.239 5.227 5.194 5.176 5.150 5.133 5.119 5.097 5.060 5.032 5.026 5.028 5.026 5.015 5.013 5.007 5.028 5.048 5.041 4.268 4.162 4.270 4.138 3.928 3.862 3.841 3.804 3.766 3.698 3.704 3.593 3.527 3.525 3.479 3.395 3.450 3.365 3.311 3.395 3.404 3.358 3.181 3.138 3.140 3.065 3.073 3.263 2.959 2.636 2.533
6.018 5.970 5.868 5.748 5.608 5.531 5.530 5.541 5.526 5.490 5.479 5.468 5.445 5.416 5.406 5.401 5.399 5.389 5.395 5.395 5.382 5.353 5.320 5.303 5.298 5.290 5.265 5.251 5.232 5.214 5.190 5.158 5.141 5.122 5.093 5.068 5.046 5.037 5.040 5.032 5.018 5.008 5.016 5.037 5.083 5.130 5.138 4.204 4.148 4.127 4.154 3.946 3.888 3.823 3.750 3.778 3.750 3.723 3.578 3.564 3.555 3.467 3.495 3.417 3.360 3.257 3.398 3.328 3.245 3.239 3.255 3.140 2.981 3.061 3.044 2.598 2.273
6.018 5.957 5.851 5.736 5.627 5.553 5.545 5.549 5.532 5.491 5.476 5.476 5.457 5.447 5.440 5.434 5.425 5.401 5.399 5.391 5.378 5.348 5.316 5.298 5.296 5.293 5.274 5.264 5.256 5.236 5.210 5.172 5.150 5.125 5.103 5.081 5.063 5.049 5.042 5.034 5.018 5.009 5.017 5.053 5.118 5.200 5.221 5.136 4.273 4.141 4.120 3.982 3.941 3.854 3.811 3.853 3.767 3.866 3.769 3.649 3.731 3.619 3.523 3.583 3.436 3.482 3.517 3.511 3.359 3.355 3.313 3.117 3.063 3.084 2.987 3.008 2.845
