includes/estuary_coast/floodfiles/results/res-0001.wd
ncols         730
nrows         472
xllcorner     380617.130607
yllcorner     6542069.774949
cellsize      20.000000
NODATA_value  -9999.000000
[rows 34 to 67 of 472, columns 77 to 153 of 730]
3.318 3.327 3.299 3.190 3.072 2.959 2.890 2.848 2.767 2.647 2.535 2.417 2.300 2.261 2.229 2.156 2.109 2.074 2.060 2.008 1.929 1.858 1.781 1.737 1.734 1.739 1.734 1.718 1.711 1.693 1.683 1.683 1.689 1.698 0.764 0.681 0.658 0.616 0.683 0.598 0.612 0.629 0.586 0.537 0.522 0.307 0.000 0.000 0.000 0.000 0.000 0.000 0.000 0.000 0.000 0.000 0.000 0.000 0.000 0.000 0.000 0.000 0.000 0.000 0.000 0.000 0.000 0.000 0.000 0.000 0.000 0.000 0.000 0.000 0.000 0.000 0.000
3.335 3.343 3.327 3.246 3.096 2.980 2.926 2.907 2.873 2.744 2.626 2.498 2.363 2.305 2.252 2.163 2.111 2.084 2.083 2.043 1.970 1.880 1.800 1.757 1.748 1.744 1.731 1.716 1.705 1.696 1.684 1.684 1.693 1.700 1.702 0.701 0.717 0.693 0.741 0.613 0.660 0.599 0.614 0.533 0.590 0.425 0.000 0.000 0.000 0.000 0.000 0.000 0.000 0.000 0.000 0.000 0.000 0.000 0.000 0.000 0.000 0.000 0.000 0.000 0.000 0.000 0.000 0.000 0.000 0.000 0.000 0.000 0.000 0.000 0.000 0.000 0.000
3.347 3.335 3.307 3.238 3.121 2.989 2.939 2.934 2.913 2.836 2.673 2.559 2.474 2.402 2.329 2.174 2.121 2.087 2.083 2.048 1.980 1.914 1.836 1.792 1.762 1.743 1.722 1.702 1.703 1.702 1.696 1.693 1.696 1.700 1.700 0.725 0.716 0.674 0.719 0.600 0.647 0.724 0.587 0.566 0.522 0.386 0.494 0.358 0.000 0.000 0.000 0.000 0.000 0.000 0.000 0.000 0.000 0.000 0.000 0.000 0.000 0.000 0.000 0.000 0.000 0.000 0.000 0.000 0.000 0.000 0.000 0.000 0.000 0.000 0.000 0.000 0.000
3.384 3.367 3.332 3.242 3.152 3.028 2.961 2.938 2.922 2.869 2.730 2.598 2.524 2.454 2.378 2.257 2.149 2.099 2.080 2.034 1.980 1.929 1.872 1.817 1.789 1.744 1.711 1.691 1.696 1.703 1.699 1.700 1.695 1.700 1.697 1.705 0.708 0.839 0.685 0.800 0.669 0.635 0.643 0.580 0.607 0.522 0.448 0.516 0.260 0.086 0.000 0.000 0.000 0.000 0.000 0.000 0.000 0.000 0.000 0.000 0.000 0.000 0.000 0.000 0.000 0.000 0.000 0.000 0.000 0.000 0.000 0.000 0.000 0.000 0.000 0.000 0.000
3.535 3.467 3.389 3.328 3.185 3.065 2.997 2.958 2.916 2.850 2.774 2.663 2.606 2.552 2.448 2.343 2.215 2.122 2.087 2.046 1.975 1.936 1.893 1.843 1.810 1.768 1.718 1.698 1.699 1.703 1.703 1.702 1.699 1.698 1.691 1.686 0.832 0.711 0.735 0.716 0.746 0.614 0.674 0.664 0.648 0.479 0.531 0.481 0.453 0.351 0.205 0.015 0.000 0.000 0.000 0.000 0.000 0.000 0.000 0.000 0.000 0.000 0.000 0.000 0.000 0.000 0.000 0.000 0.000 0.000 0.000 0.000 0.000 0.000 0.000 0.000 0.000
3.648 3.564 3.464 3.399 3.271 3.129 3.059 3.002 2.925 2.842 2.759 2.660 2.628 2.596 2.511 2.404 2.318 2.215 2.116 2.038 1.975 1.947 1.923 1.888 1.846 1.799 1.748 1.721 1.711 1.706 1.699 1.696 1.697 1.688 1.672 1.649 0.798 0.684 0.818 0.709 0.714 0.649 0.601 0.715 0.559 0.483 0.571 0.485 0.394 0.339 0.300 0.115 0.003 0.000 0.000 0.000 0.000 0.000 0.000 0.000 0.000 0.000 0.000 0.000 0.000 0.000 0.000 0.000 0.000 0.000 0.000 0.000 0.000 0.000 0.000 0.000 0.000
3.759 3.664 3.555 3.493 3.429 3.288 3.204 3.118 2.999 2.846 2.741 2.664 2.634 2.622 2.541 2.453 2.325 2.255 2.193 2.080 1.998 1.947 1.928 1.914 1.888 1.828 1.776 1.748 1.733 1.714 1.693 1.684 1.688 1.688 1.655 1.615 0.801 0.726 0.751 0.686 0.714 0.631 0.585 0.629 0.573 0.577 0.574 0.499 0.370 0.412 0.378 0.303 0.118 0.062 0.000 0.000 0.000 0.000 0.000 0.000 0.000 0.000 0.000 0.000 0.000 0.000 0.000 0.000 0.000 0.000 0.000 0.000 0.000 0.000 0.000 0.000 0.000
3.876 3.775 3.707 3.652 3.547 3.426 3.364 3.251 3.063 2.920 2.749 2.661 2.633 2.630 2.574 2.497 2.419 2.291 2.228 2.126 2.018 1.954 1.925 1.924 1.901 1.869 1.828 1.790 1.750 1.725 1.687 1.669 1.688 1.698 1.677 1.657 0.694 0.762 0.808 0.708 0.775 0.673 0.630 0.573 0.671 0.543 0.603 0.563 0.436 0.397 0.432 0.332 0.330 0.052 0.084 0.000 0.000 0.000 0.000 0.026 0.000 0.000 0.000 0.000 0.000 0.000 0.000 0.000 0.000 0.000 0.000 0.000 0.000 0.000 0.000 0.000 0.000
3.971 3.903 3.856 3.766 3.707 3.629 3.523 3.382 3.225 2.991 2.846 2.714 2.663 2.638 2.603 2.508 2.438 2.377 2.269 2.178 2.094 2.006 1.944 1.933 1.905 1.875 1.843 1.828 1.797 1.759 1.708 1.693 1.702 1.713 1.714 1.716 1.744 0.750 0.761 0.827 0.678 0.601 0.673 0.647 0.610 0.568 0.691 0.560 0.516 0.541 0.369 0.433 0.229 0.128 0.094 0.146 0.000 0.000 0.000 0.000 0.000 0.000 0.000 0.000 0.000 0.000 0.000 0.000 0.000 0.000 0.000 0.000 0.000 0.000 0.000 0.000 0.000
4.007 3.954 3.920 3.910 3.868 3.810 3.691 3.523 3.330 3.156 2.965 2.828 2.769 2.663 2.616 2.550 2.484 2.389 2.349 2.268 2.184 2.100 1.983 1.955 1.910 1.875 1.845 1.840 1.822 1.790 1.743 1.728 1.725 1.729 1.732 1.740 1.773 0.769 0.812 0.767 0.771 0.682 0.728 0.609 0.620 0.624 0.678 0.585 0.521 0.578 0.525 0.338 0.335 0.187 0.095 0.015 0.036 0.000 0.010 0.000 0.000 0.000 0.000 0.000 0.000 0.000 0.000 0.000 0.000 0.000 0.000 0.000 0.000 0.000 0.000 0.000 0.000
4.044 3.997 3.963 3.962 3.977 3.955 3.821 3.653 3.440 3.271 3.084 2.943 2.870 2.774 2.638 2.554 2.474 2.418 2.376 2.332 2.255 2.175 2.066 1.986 1.926 1.876 1.846 1.842 1.841 1.827 1.805 1.767 1.749 1.740 1.735 1.739 1.767 0.798 0.754 0.669 0.701 0.697 0.638 0.588 0.527 0.675 0.613 0.675 0.623 0.470 0.504 0.403 0.296 0.258 0.217 0.201 0.032 0.000 0.000 0.000 0.000 0.000 0.000 0.000 0.000 0.000 0.000 0.000 0.000 0.000 0.000 0.000 0.000 0.000 0.000 0.000 0.000
4.145 4.037 3.995 3.983 3.994 3.982 3.873 3.713 3.551 3.412 3.198 3.061 2.943 2.853 2.747 2.570 2.461 2.404 2.394 2.368 2.307 2.238 2.175 2.073 1.991 1.931 1.890 1.880 1.870 1.859 1.843 1.817 1.764 1.737 1.720 1.732 1.754 0.678 0.831 0.675 0.792 0.712 0.908 0.622 0.620 0.623 0.682 0.638 0.642 0.579 0.472 0.407 0.427 0.305 0.321 0.240 0.192 0.088 0.005 0.002 0.000 0.011 0.000 0.000 0.000 0.000 0.000 0.000 0.000 0.000 0.000 0.000 0.000 0.000 0.000 0.000 0.000
4.222 4.152 4.034 3.997 3.984 3.953 3.852 3.728 3.602 3.485 3.371 3.238 3.070 2.960 2.826 2.672 2.495 2.423 2.407 2.382 2.361 2.316 2.268 2.166 2.099 2.032 1.958 1.938 1.935 1.927 1.891 1.856 1.802 1.748 1.728 1.735 1.742 1.748 0.808 0.837 0.688 0.642 0.673 0.771 0.688 0.673 0.732 0.575 0.594 0.573 0.453 0.479 0.355 0.356 0.354 0.187 0.171 0.230 0.065 0.000 0.000 0.000 0.000 0.000 0.000 0.000 0.000 0.000 0.000 0.000 0.000 0.000 0.000 0.000 0.000 0.000 0.000
4.374 4.285 4.134 4.064 4.006 3.972 3.922 3.796 3.709 3.633 3.499 3.443 3.363 3.171 3.013 2.840 2.627 2.494 2.465 2.422 2.398 2.367 2.328 2.276 2.194 2.124 2.028 1.993 1.978 1.974 1.964 1.921 1.864 1.811 1.754 1.746 1.734 1.720 0.760 0.859 0.741 0.704 0.768 0.677 0.646 0.607 0.711 0.627 0.632 0.595 0.500 0.468 0.396 0.347 0.439 0.293 0.151 0.142 0.160 0.072 0.072 0.031 0.000 0.000 0.000 0.000 0.000 0.000 0.000 0.000 0.000 0.000 0.000 0.000 0.000 0.000 0.000
4.517 4.410 4.304 4.168 4.100 4.005 3.947 3.827 3.751 3.661 3.623 3.569 3.509 3.331 3.159 2.984 2.811 2.664 2.544 2.470 2.443 2.421 2.386 2.374 2.334 2.225 2.140 2.037 2.002 1.994 1.991 1.955 1.902 1.856 1.806 1.756 1.718 1.685 0.831 0.735 0.812 0.736 0.668 0.670 0.634 0.565 0.787 0.635 0.539 0.572 0.599 0.510 0.439 0.370 0.365 0.311 0.331 0.223 0.230 0.166 0.024 0.078 0.000 0.000 0.000 0.004 0.000 0.000 0.000 0.000 0.000 0.000 0.000 0.000 0.000 0.000 0.000
4.683 4.553 4.455 4.275 4.192 4.067 4.005 3.925 3.785 3.698 3.671 3.660 3.623 3.467 3.291 3.098 2.952 2.788 2.714 2.665 2.534 2.507 2.477 2.478 2.437 2.354 2.210 2.116 2.035 2.003 1.996 1.966 1.929 1.873 1.838 1.790 1.716 1.664 0.731 0.741 0.762 0.687 0.643 0.696 0.724 0.565 0.647 0.642 0.640 0.571 0.530 0.607 0.498 0.454 0.432 0.332 0.200 0.243 0.214 0.082 0.104 0.057 0.000 0.000 0.000 0.000 0.028 0.000 0.000 0.000 0.000 0.000 0.000 0.000 0.000 0.000 0.000
4.849 4.711 4.574 4.466 4.292 4.209 4.122 3.988 3.865 3.767 3.689 3.688 3.666 3.555 3.392 3.257 3.133 2.973 2.890 2.752 2.675 2.542 2.502 2.504 2.494 2.421 2.310 2.188 2.115 2.034 2.018 2.000 1.977 1.931 1.902 1.847 1.777 1.698 0.758 0.739 0.661 0.719 0.739 0.672 0.680 0.653 0.820 0.631 0.594 0.662 0.615 0.553 0.485 0.408 0.450 0.347 0.265 0.254 0.229 0.273 0.102 0.161 0.025 0.191 0.040 0.000 0.000 0.024 0.000 0.000 0.000 0.000 0.000 0.000 0.000 0.000 0.000
4.999 4.811 4.669 4.560 4.459 4.312 4.222 4.128 3.936 3.818 3.718 3.686 3.667 3.595 3.444 3.326 3.226 3.083 3.001 2.847 2.751 2.649 2.523 2.505 2.486 2.441 2.377 2.301 2.223 2.131 2.059 2.028 1.999 1.981 1.955 1.905 1.836 1.782 0.663 0.770 0.724 0.763 0.673 0.712 0.720 0.644 0.582 0.722 0.590 0.596 0.564 0.568 0.524 0.403 0.343 0.298 0.344 0.302 0.197 0.234 0.187 0.123 0.000 0.000 0.004 0.000 0.018 0.000 0.000 0.000 0.000 0.000 0.000 0.000 0.000 0.000 0.000
5.059 4.898 4.784 4.697 4.633 4.497 4.367 4.254 4.106 3.942 3.833 3.743 3.709 3.617 3.469 3.377 3.300 3.186 3.118 3.027 2.855 2.736 2.641 2.542 2.492 2.464 2.428 2.380 2.316 2.258 2.157 2.061 2.010 1.992 1.988 1.946 1.883 1.830 0.859 0.721 0.694 0.730 0.846 0.669 0.772 0.641 0.517 0.643 0.736 0.630 0.575 0.481 0.524 0.532 0.508 0.356 0.365 0.321 0.306 0.149 0.173 0.108 0.136 0.001 0.000 0.014 0.000 0.000 0.005 0.000 0.000 0.000 0.000 0.000 0.000 0.000 0.000
5.063 4.907 4.811 4.747 4.710 4.625 4.557 4.395 4.248 4.094 3.974 3.891 3.849 3.735 3.589 3.508 3.357 3.281 3.235 3.153 2.976 2.849 2.747 2.608 2.574 2.511 2.494 2.476 2.431 2.370 2.243 2.145 2.034 1.998 1.989 1.958 1.908 1.859 1.795 0.685 0.683 0.727 0.775 0.711 0.735 0.521 0.565 0.669 0.677 0.679 0.617 0.621 0.521 0.426 0.404 0.523 0.335 0.357 0.239 0.219 0.202 0.111 0.074 0.081 0.024 0.000 0.000 0.053 0.000 0.000 0.000 0.000 0.013 0.000 0.000 0.000 0.000
5.044 4.935 4.824 4.784 4.771 4.738 4.687 4.582 4.392 4.237 4.114 4.017 3.957 3.814 3.714 3.535 3.424 3.383 3.357 3.309 3.167 2.962 2.854 2.734 2.644 2.621 2.606 2.600 2.593 2.534 2.390 2.263 2.154 2.030 2.001 1.958 1.912 1.867 1.823 0.698 0.708 0.821 0.835 0.746 0.785 0.615 0.525 0.774 0.737 0.694 0.671 0.568 0.424 0.453 0.425 0.369 0.359 0.227 0.243 0.252 0.282 0.100 0.096 0.213 0.040 0.000 0.000 0.001 0.000 0.000 0.000 0.000 0.000 0.000 0.000 0.000 0.000
5.023 4.936 4.878 4.807 4.808 4.815 4.774 4.700 4.541 4.363 4.249 4.252 4.082 3.911 3.780 3.626 3.449 3.379 3.374 3.359 3.261 3.162 2.997 2.916 2.847 2.681 2.666 2.673 2.690 2.637 2.487 2.351 2.255 2.164 2.049 1.971 1.919 1.868 1.828 0.715 0.705 0.673 0.810 0.760 0.713 0.543 0.639 0.714 0.591 0.596 0.508 0.539 0.581 0.470 0.458 0.405 0.382 0.416 0.295 0.237 0.226 0.215 0.055 0.031 0.018 0.000 0.000 0.086 0.000 0.000 0.000 0.001 0.000 0.000 0.000 0.000 0.000
5.024 4.943 4.891 4.849 4.818 4.823 4.803 4.744 4.639 4.554 4.478 4.401 4.305 4.048 3.889 3.703 3.507 3.399 3.391 3.412 3.350 3.294 3.222 3.086 2.999 2.833 2.694 2.695 2.709 2.667 2.543 2.424 2.333 2.245 2.134 2.066 1.943 1.869 1.819 1.803 0.736 0.771 0.563 0.746 0.722 0.497 0.494 0.624 0.657 0.653 0.625 0.489 0.547 0.407 0.460 0.323 0.400 0.352 0.314 0.296 0.231 0.140 0.066 0.102 0.000 0.055 0.003 0.001 0.000 0.000 0.032 0.000 0.000 0.026 0.000 0.000 0.000
5.065 5.021 4.950 4.895 4.855 4.842 4.820 4.781 4.748 4.654 4.617 4.571 4.491 4.299 4.116 3.902 3.655 3.537 3.475 3.479 3.416 3.377 3.323 3.253 3.115 2.927 2.827 2.710 2.691 2.653 2.547 2.458 2.392 2.322 2.214 2.121 2.003 1.861 1.800 1.798 0.626 0.595 0.655 0.586 0.612 0.508 0.723 0.737 0.683 0.598 0.559 0.541 0.563 0.480 0.375 0.349 0.356 0.334 0.311 0.260 0.255 0.243 0.148 0.057 0.052 0.175 0.000 0.000 0.000 0.018 0.000 0.052 0.000 0.007 0.000 0.000 0.000
5.124 5.049 4.998 4.946 4.906 4.898 4.897 4.871 4.817 4.825 4.840 4.775 4.727 4.572 4.374 4.120 3.921 3.786 3.610 3.583 3.501 3.472 3.437 3.385 3.261 3.136 2.936 2.832 2.766 2.649 2.578 2.474 2.430 2.396 2.343 2.233 2.058 1.921 1.828 1.819 0.712 0.709 0.584 0.646 0.571 0.589 0.711 0.588 0.764 0.635 0.647 0.534 0.435 0.485 0.508 0.421 0.424 0.297 0.289 0.268 0.223 0.140 0.160 0.166 0.075 0.003 0.045 0.002 0.110 0.001 0.000 0.000 0.002 0.017 0.000 0.000 0.000
5.171 5.104 5.058 5.011 4.982 4.974 4.971 4.982 4.968 4.940 4.998 5.023 5.003 4.841 4.626 4.359 4.154 4.005 3.845 3.703 3.599 3.571 3.554 3.527 3.426 3.293 3.141 2.942 2.844 2.760 2.591 2.488 2.450 2.445 2.410 2.304 2.129 2.000 1.921 1.854 1.817 0.765 0.623 0.670 0.514 0.514 0.741 0.617 0.754 0.610 0.600 0.496 0.573 0.486 0.528 0.467 0.407 0.387 0.272 0.334 0.241 0.268 0.085 0.182 0.052 0.001 0.000 0.000 0.007 0.001 0.001 0.000 0.000 0.027 0.001 0.000 0.008
5.218 5.197 5.120 5.090 5.059 5.056 5.053 5.062 5.047 5.095 5.134 5.211 5.219 5.071 4.840 4.566 4.358 4.200 4.082 3.901 3.759 3.697 3.670 3.653 3.605 3.437 3.273 3.131 2.937 2.827 2.629 2.513 2.456 2.449 2.424 2.335 2.216 2.064 1.983 1.929 1.814 0.675 0.603 0.591 0.550 0.530 0.487 0.756 0.631 0.654 0.515 0.487 0.487 0.528 0.465 0.518 0.367 0.284 0.250 0.271 0.216 0.270 0.218 0.097 0.110 0.001 0.017 0.000 0.000 0.001 0.000 0.016 0.000 0.000 0.073 0.000 0.117
5.268 5.238 5.184 5.203 5.187 5.176 5.170 5.129 5.115 5.156 5.216 5.299 5.313 5.182 4.982 4.713 4.591 4.445 4.315 4.117 3.975 3.791 3.692 3.689 3.665 3.576 3.376 3.240 3.123 2.920 2.813 2.612 2.516 2.471 2.442 2.345 2.253 2.109 2.026 1.952 1.855 1.747 0.633 0.544 0.525 0.470 0.490 0.530 0.678 0.528 0.514 0.431 0.629 0.472 0.396 0.331 0.408 0.393 0.288 0.241 0.281 0.191 0.215 0.146 0.056 0.000 0.007 0.000 0.000 0.061 0.000 0.000 0.000 0.000 0.120 0.000 0.000
5.282 5.285 5.305 5.261 5.259 5.256 5.251 5.201 5.201 5.213 5.246 5.286 5.274 5.174 5.018 4.862 4.730 4.613 4.489 4.275 4.096 3.866 3.738 3.692 3.675 3.610 3.487 3.387 3.295 3.196 3.025 2.869 2.611 2.531 2.476 2.416 2.289 2.208 2.085 1.988 1.858 1.729 0.676 0.619 0.554 0.486 0.489 0.451 0.584 0.636 0.534 0.498 0.604 0.432 0.399 0.368 0.476 0.262 0.239 0.250 0.138 0.106 0.155 0.099 0.137 0.040 0.066 0.000 0.029 0.022 0.001 0.000 0.000 0.000 0.000 0.000 0.000
5.303 5.312 5.342 5.366 5.387 5.342 5.340 5.323 5.261 5.245 5.245 5.254 5.249 5.150 5.079 4.943 4.875 4.806 4.708 4.495 4.292 4.056 3.849 3.773 3.726 3.682 3.542 3.476 3.421 3.333 3.205 3.045 2.805 2.634 2.547 2.468 2.352 2.282 2.165 2.043 1.847 1.709 1.633 0.590 0.552 0.597 0.403 0.422 0.467 0.640 0.543 0.496 0.566 0.464 0.424 0.301 0.505 0.296 0.299 0.174 0.247 0.186 0.155 0.113 0.164 0.071 0.031 0.015 0.002 0.001 0.000 0.037 0.000 0.000 0.000 0.000 0.000
5.329 5.359 5.386 5.424 5.461 5.478 5.444 5.415 5.333 5.291 5.265 5.252 5.241 5.189 5.116 5.047 5.054 5.053 4.998 4.835 4.607 4.300 4.071 3.945 3.870 3.741 3.602 3.562 3.534 3.506 3.410 3.233 3.045 2.794 2.582 2.488 2.387 2.335 2.233 2.100 1.920 1.730 1.646 0.623 0.496 0.481 0.449 0.475 0.393 0.470 0.537 0.591 0.466 0.361 0.446 0.381 0.301 0.298 0.328 0.316 0.246 0.176 0.225 0.082 0.261 0.011 0.234 0.000 0.025 0.015 0.002 0.001 0.001 0.121 0.000 0.003 0.000
5.371 5.401 5.453 5.484 5.536 5.568 5.569 5.509 5.416 5.347 5.307 5.278 5.268 5.264 5.250 5.242 5.327 5.408 5.356 5.212 4.948 4.620 4.299 4.116 3.987 3.883 3.715 3.630 3.636 3.647 3.562 3.375 3.152 2.851 2.672 2.485 2.407 2.382 2.320 2.169 2.006 1.852 1.739 0.531 0.593 0.555 0.438 0.407 0.365 0.373 0.366 0.477 0.473 0.387 0.410 0.374 0.368 0.250 0.255 0.258 0.167 0.238 0.140 0.116 0.058 0.039 0.092 0.072 0.000 0.002 0.000 0.000 0.039 0.010 0.001 0.000 0.000
5.417 5.444 5.495 5.547 5.605 5.642 5.645 5.572 5.482 5.402 5.349 5.359 5.353 5.370 5.364 5.429 5.563 5.724 5.764 5.614 5.302 4.954 4.580 4.349 4.173 4.026 3.826 3.661 3.673 3.695 3.627 3.449 3.221 2.896 2.684 2.511 2.408 2.400 2.360 2.239 2.091 1.961 1.873 1.780 0.537 0.460 0.449 0.433 0.518 0.364 0.344 0.433 0.545 0.502 0.443 0.353 0.371 0.338 0.301 0.276 0.247 0.177 0.213 0.086 0.086 0.074 0.050 0.098 0.173 0.000 0.018 0.000 0.000 0.000 0.149 0.000 0.000
5.461 5.464 5.526 5.572 5.628 5.671 5.674 5.617 5.537 5.462 5.413 5.389 5.387 5.411 5.432 5.548 5.697 5.918 6.015 5.861 5.513 5.137 4.740 4.487 4.289 4.120 3.965 3.797 3.694 3.679 3.601 3.458 3.261 2.943 2.731 2.544 2.430 2.416 2.377 2.277 2.160 2.047 1.951 1.820 0.486 0.507 0.441 0.427 0.456 0.485 0.414 0.341 0.317 0.517 0.466 0.358 0.310 0.368 0.237 0.269 0.139 0.174 0.151 0.094 0.204 0.000 0.024 0.003 0.000 0.001 0.024 0.000 0.001 0.000 0.015 0.000 0.025
