includes/estuary_coast/floodfiles/results/res-0014.wdfp
ncols         730
nrows         472
xllcorner     380617.130607
yllcorner     6542069.774949
cellsize      20.000000
NODATA_value  -9999.000000
[rows 272 to 305 of 472, columns 385 to 461 of 730]
0.964 0.859 1.101 0.980 0.804 0.839 0.858 0.832 0.935 0.791 0.832 0.854 0.612 0.644 0.749 0.860 0.744 0.986 0.701 0.821 0.766 0.754 0.637 0.456 0.612 0.692 0.611 0.794 0.649 0.678 0.315 0.459 0.565 0.401 0.427 0.764 0.665 0.755 0.670 0.671 0.621 0.241 0.846 0.153 0.961 0.442 0.545 0.597 0.587 0.518 0.518 0.426 0.270 0.936 0.462 0.265 0.592 0.751 0.731 0.534 0.517 0.838 0.891 0.864 0.564 0.490 0.903 0.000 0.139 0.018 0.000 0.000 0.000 0.000 0.000 0.880 0.966
0.825 0.846 0.863 0.937 0.848 0.677 0.808 0.717 0.846 0.854 0.740 0.625 0.726 0.450 0.652 0.569 0.785 0.690 0.761 0.735 0.670 0.580 0.383 0.737 0.778 0.943 0.679 0.767 0.631 0.753 0.595 0.586 0.551 0.486 0.434 0.490 0.451 0.345 0.568 0.624 0.521 0.649 0.628 0.122 0.483 0.595 0.599 0.610 0.500 0.539 0.616 0.534 0.581 0.474 0.268 0.854 0.557 0.685 0.692 0.673 0.691 0.805 1.039 0.907 0.923 0.830 0.000 0.000 0.128 0.128 0.031 0.000 0.000 0.000 0.001 0.457 2.432
0.785 0.906 0.825 0.912 0.924 0.710 0.758 0.772 0.744 0.494 0.551 0.708 0.748 0.615 0.631 0.646 0.629 0.814 0.568 0.746 0.625 0.378 0.843 0.838 0.824 0.813 0.802 0.984 0.541 0.738 0.636 0.699 0.723 0.448 0.404 0.550 0.546 0.247 0.546 0.224 0.728 0.631 0.626 0.674 0.412 0.496 0.570 0.683 0.501 0.562 0.581 0.592 0.672 0.679 0.583 0.466 0.245 0.624 0.693 0.377 0.777 0.902 0.907 0.835 0.989 0.000 0.000 0.061 0.124 0.068 0.091 0.099 0.007 0.006 1.236 2.168 3.249
0.974 0.646 0.744 0.797 0.870 0.778 0.843 0.805 0.637 0.435 0.541 0.775 0.685 0.847 0.600 0.698 0.702 0.788 0.784 0.538 0.891 0.816 0.868 1.012 0.767 0.808 0.876 0.768 0.775 0.770 0.637 0.632 0.659 0.663 0.889 0.212 0.429 0.538 0.454 0.220 0.486 0.408 0.205 0.147 0.558 0.515 0.620 0.524 0.526 0.524 0.613 0.601 0.560 0.605 0.560 0.637 0.767 0.708 0.658 0.532 0.638 0.822 0.946 0.578 0.000 0.000 0.076 0.118 0.077 0.098 0.080 0.003 0.007 0.429 3.727 3.862 4.327
0.833 0.674 0.675 0.614 0.849 0.879 0.840 0.813 0.763 0.575 0.526 0.697 0.724 0.749 0.759 0.808 0.771 0.885 0.748 0.966 0.710 0.943 0.914 1.006 0.897 1.054 0.724 0.744 0.742 0.783 0.758 0.834 0.701 0.582 0.732 0.532 0.566 0.287 0.684 0.478 0.454 0.062 0.402 0.295 0.532 0.556 0.533 0.534 0.620 0.633 0.650 0.648 0.669 0.627 0.733 0.851 0.810 0.820 0.586 0.940 0.672 0.518 0.518 0.000 0.000 0.117 0.117 0.098 0.056 0.063 0.000 0.003 1.383 2.213 3.194 4.192 5.997
0.846 0.804 0.766 0.929 0.695 0.855 0.739 0.664 0.622 0.673 0.541 0.741 0.751 0.698 0.712 0.702 0.706 0.711 0.790 0.468 0.782 0.945 0.866 1.018 0.951 0.874 0.800 0.897 0.740 0.802 0.802 0.775 0.765 0.602 0.655 0.466 0.626 0.423 0.486 0.270 0.454 0.109 0.335 0.503 0.514 0.469 0.538 0.493 0.506 0.643 0.547 0.685 0.631 0.560 0.597 0.765 0.777 0.365 1.174 1.134 1.183 0.487 0.000 0.000 0.140 0.101 0.097 0.038 0.030 0.000 0.000 0.239 3.877 3.432 4.025 6.086 7.939
0.800 0.893 0.829 0.795 0.878 0.543 0.589 0.595 0.749 0.865 0.820 0.779 0.774 0.794 0.692 0.581 0.692 0.700 0.452 0.880 0.945 0.932 0.853 0.980 0.927 0.752 0.821 0.766 0.759 0.732 0.714 0.752 0.807 0.713 0.820 0.609 0.576 0.566 0.673 0.531 0.407 0.247 0.100 0.652 0.615 0.616 0.766 0.746 0.780 0.860 0.737 0.582 0.645 0.608 0.717 0.756 0.866 0.968 1.195 1.153 1.105 0.551 0.000 0.163 0.076 0.118 0.058 0.033 0.000 0.000 0.000 1.232 2.898 4.161 6.031 7.185 8.250
0.896 0.836 0.954 0.854 0.875 0.846 0.874 0.761 0.714 0.834 0.920 0.748 0.798 0.783 0.799 0.700 0.766 0.875 0.829 0.960 0.952 0.879 0.890 0.846 0.743 0.797 0.817 0.898 0.819 0.723 0.747 0.761 0.679 0.701 0.760 0.638 0.544 0.537 0.529 0.461 0.231 0.578 0.000 0.434 0.439 0.490 0.523 0.648 0.550 0.650 0.713 0.872 0.732 0.611 0.793 0.818 0.716 1.232 1.205 1.113 0.951 0.000 0.000 0.090 0.099 0.059 0.007 0.000 0.000 0.716 1.519 4.092 4.698 6.470 8.763 8.601 7.855
0.958 0.973 0.902 0.896 0.880 0.779 0.672 0.805 0.920 0.646 0.770 0.810 0.778 0.789 0.683 0.712 0.798 0.805 0.864 0.865 0.855 0.946 0.895 0.752 0.745 0.831 0.829 0.838 0.942 0.835 0.851 0.804 0.856 0.662 0.740 0.722 0.659 0.634 0.548 0.509 0.139 0.243 0.304 0.305 0.358 0.516 0.576 0.515 0.529 0.361 0.174 0.323 0.401 0.478 0.569 0.733 0.808 1.362 1.221 0.799 0.000 0.000 0.087 0.081 0.071 0.053 0.004 0.003 0.003 1.008 3.906 8.611 7.021 7.568 8.853 8.250 6.728
0.907 0.928 0.896 0.852 0.793 0.511 0.778 0.723 0.655 0.824 0.661 0.642 0.785 0.635 0.609 0.849 0.552 0.777 0.894 0.877 0.866 0.853 0.713 0.772 0.789 0.810 0.842 0.801 0.724 0.769 0.866 0.891 0.756 0.761 0.738 0.634 0.670 0.725 0.529 0.402 0.459 0.513 0.580 0.489 0.408 0.756 0.407 0.351 0.759 0.277 0.535 0.652 0.521 0.550 0.551 0.563 0.592 0.658 0.670 0.000 0.000 0.163 0.145 0.116 0.041 0.002 0.002 0.002 0.852 2.284 4.481 6.901 6.708 7.137 7.318 6.796 5.739
0.882 0.855 0.812 0.666 0.891 0.830 0.997 0.905 0.643 0.685 0.801 0.722 0.757 0.597 0.656 0.432 0.648 0.821 0.799 0.586 0.603 0.725 0.752 0.708 0.754 0.791 0.740 0.774 0.741 0.831 0.814 0.778 0.866 0.839 0.705 0.686 0.791 0.570 0.477 0.716 0.667 0.597 0.554 0.443 0.622 0.605 0.613 0.761 0.668 0.421 0.611 0.636 0.636 0.860 0.602 0.902 1.221 0.678 0.000 0.000 0.167 0.139 0.054 0.023 0.018 0.010 0.007 0.364 4.733 4.617 4.698 6.180 6.938 6.732 6.463 5.788 5.022
0.824 0.835 0.678 0.816 0.772 0.707 0.686 0.934 0.611 0.734 0.744 0.783 0.877 0.659 0.477 0.778 0.966 0.861 0.832 0.824 0.713 0.471 0.461 0.665 0.761 0.777 0.731 0.732 0.746 0.838 0.765 0.815 0.810 0.727 0.690 0.762 0.657 0.457 0.460 0.624 0.503 0.676 0.556 0.510 0.615 0.633 0.468 0.715 0.571 0.654 0.699 0.691 0.693 0.851 0.636 0.956 1.227 0.888 0.000 0.157 0.178 0.137 0.065 0.012 0.005 0.009 0.009 1.429 4.485 5.138 6.514 7.939 7.406 6.881 6.251 6.058 5.747
0.868 0.818 0.772 0.628 0.801 0.686 0.666 0.629 0.596 0.528 0.785 0.865 0.659 0.663 0.804 0.827 0.817 0.928 0.964 0.775 0.655 0.688 0.662 0.650 0.652 0.757 0.497 0.591 0.794 0.756 0.698 0.707 0.713 0.698 0.690 0.585 0.728 0.620 0.537 0.649 0.488 0.542 0.575 0.401 0.564 0.615 0.679 0.555 0.784 0.712 0.823 0.813 0.852 0.974 0.735 0.820 1.013 0.000 0.000 0.102 0.144 0.080 0.034 0.000 0.003 0.007 2.533 3.729 4.396 5.905 8.429 9.320 7.649 6.807 5.889 4.386 3.165
0.846 0.812 0.654 0.750 0.879 0.733 0.665 0.739 0.711 0.529 0.627 0.655 0.603 0.684 0.813 0.888 1.035 0.971 0.747 0.599 0.723 0.770 0.667 0.645 0.675 0.657 0.645 0.630 0.616 0.620 0.485 0.762 0.721 0.568 0.636 0.631 0.698 0.713 0.677 0.609 0.620 0.653 0.646 0.589 0.663 0.685 0.469 0.776 0.604 0.711 0.572 0.553 0.714 0.543 0.861 1.029 0.000 0.000 0.000 0.142 0.100 0.049 0.002 0.001 0.003 0.019 4.012 4.740 5.044 6.694 8.197 8.358 7.015 5.538 3.940 2.133 0.000
0.755 0.860 0.802 0.848 0.827 1.011 0.840 0.832 0.820 0.790 0.825 0.665 0.484 0.773 0.990 0.926 0.948 0.887 0.837 0.627 0.660 0.689 0.652 0.602 0.590 0.635 0.495 0.574 0.619 0.737 0.582 0.506 0.381 0.526 0.764 0.669 0.600 0.716 0.657 0.715 0.700 0.705 0.794 0.739 0.670 0.451 0.554 0.801 0.745 0.641 0.647 0.771 0.907 0.643 0.714 0.000 0.000 0.160 0.076 0.109 0.092 0.067 0.000 0.001 0.002 1.196 3.102 4.803 6.993 8.489 7.969 7.021 6.065 5.118 4.975 0.000 0.000
0.722 0.353 0.646 0.815 0.841 0.799 0.928 0.862 0.827 0.917 0.858 0.998 1.099 0.740 0.937 1.039 0.883 0.782 0.711 0.621 0.706 0.583 0.574 0.667 0.618 0.628 0.633 0.710 0.586 0.684 0.573 0.628 0.585 0.561 0.846 0.690 0.635 0.659 0.674 0.686 0.728 0.783 0.783 0.778 0.570 0.470 0.672 0.681 0.739 0.592 0.625 0.709 0.896 0.760 0.000 0.000 0.155 0.127 0.085 0.132 0.109 0.000 0.000 0.000 0.284 3.216 4.646 6.034 8.402 9.886 8.089 6.385 6.261 5.067 0.000 0.000 0.000
0.606 0.572 0.544 0.724 0.630 0.522 0.604 0.571 0.662 0.789 0.852 0.800 0.578 0.631 0.910 0.580 0.674 0.792 0.655 0.638 0.667 0.498 0.693 0.637 0.903 0.862 0.711 0.675 0.648 0.654 0.706 0.721 0.658 0.519 0.618 0.769 0.701 0.721 0.795 0.503 0.597 0.759 0.763 0.693 0.695 0.675 0.842 0.947 0.884 0.926 0.891 0.605 0.582 1.106 0.000 0.157 0.178 0.076 0.051 0.080 0.005 0.002 0.002 0.002 1.647 5.837 6.452 6.559 7.624 8.273 7.030 5.768 6.385 0.005 0.000 0.000 0.000
0.819 0.649 0.816 0.819 0.392 0.758 0.799 0.765 0.744 0.620 0.771 0.456 0.611 0.733 0.688 0.678 0.704 0.805 0.662 0.771 0.633 0.710 0.749 0.742 0.685 0.732 0.659 0.647 0.723 0.785 0.705 0.609 0.736 0.714 0.585 0.560 0.728 0.733 0.486 0.722 0.744 0.748 0.698 0.739 0.773 0.804 0.856 0.826 0.784 0.824 0.880 0.986 0.583 0.000 0.000 0.149 0.069 0.111 0.103 0.000 0.000 0.154 0.003 0.804 2.788 5.036 5.907 6.602 6.864 6.786 6.011 5.114 0.010 0.027 0.123 0.082 0.000
0.702 0.802 0.812 0.797 0.722 1.036 1.045 1.051 1.101 1.000 0.954 0.751 0.842 0.667 0.694 0.630 0.368 0.396 0.705 0.849 0.531 0.663 0.593 0.746 0.574 0.716 0.732 0.718 0.737 0.805 0.705 0.680 0.701 0.659 0.653 0.630 0.485 0.632 0.781 0.829 0.747 0.832 0.786 0.821 0.827 0.802 0.749 0.785 0.742 0.797 1.001 0.847 0.840 0.003 0.181 0.159 0.116 0.097 0.010 0.000 0.000 0.000 0.857 2.993 3.807 4.945 6.747 7.106 7.245 6.413 6.153 6.052 0.000 0.066 0.065 0.072 0.045
0.865 0.564 0.752 0.485 0.905 0.959 0.994 1.029 1.001 0.800 0.985 0.981 0.841 0.768 0.569 0.312 0.478 0.902 0.723 0.719 0.621 0.646 0.899 0.524 0.698 0.586 0.658 0.679 0.712 0.717 0.679 0.765 0.718 0.649 0.648 0.685 0.660 0.544 0.626 0.782 0.769 0.810 0.797 0.807 0.822 0.721 0.768 0.824 0.786 0.745 0.856 0.685 0.009 0.002 0.180 0.024 0.136 0.067 0.012 0.003 0.003 0.036 2.927 5.621 5.059 6.627 7.514 7.311 7.686 6.488 5.435 0.000 0.027 0.052 0.100 0.066 0.064
0.961 0.908 0.814 0.815 0.997 0.975 1.087 1.062 0.886 0.717 0.969 0.785 0.834 0.821 0.807 0.350 0.682 0.854 0.703 0.762 0.718 0.814 0.705 0.642 0.677 0.891 0.679 0.663 0.769 0.738 0.694 0.707 0.657 0.628 0.689 0.702 0.641 0.826 0.766 0.769 0.689 0.757 0.896 0.805 0.881 0.839 0.833 0.793 0.771 0.743 0.907 0.927 0.005 0.185 0.141 0.126 0.063 0.026 0.000 0.002 0.003 0.654 3.006 4.875 5.789 7.686 8.856 7.527 6.798 5.512 0.001 0.043 0.107 0.034 0.048 0.146 0.089
0.953 0.983 1.089 1.089 1.086 1.133 1.033 0.953 0.801 0.946 0.823 0.837 0.800 0.835 0.659 0.434 0.694 0.683 0.890 0.693 0.683 0.638 0.753 0.684 0.606 0.681 0.532 0.815 0.747 0.506 0.634 0.676 0.659 0.645 0.754 0.730 0.669 0.739 0.777 0.744 0.802 0.791 0.816 0.913 0.818 0.831 0.872 0.810 0.716 0.863 0.726 0.011 0.003 0.182 0.132 0.091 0.048 0.013 0.000 0.001 0.275 1.967 3.585 5.161 6.506 7.552 8.357 7.038 5.484 5.633 0.000 0.080 0.056 0.000 0.070 0.135 0.000
0.967 0.962 1.054 1.022 1.086 1.116 1.015 0.908 0.701 0.808 0.790 0.800 0.806 0.796 0.685 0.757 0.828 0.675 0.657 0.976 0.608 0.819 0.788 0.845 0.847 0.778 0.828 0.847 0.712 0.706 0.791 0.823 0.563 0.628 0.691 0.749 0.699 0.727 0.757 0.692 0.777 0.677 0.856 0.815 0.780 0.811 0.787 0.838 0.739 0.917 0.837 0.006 0.199 0.116 0.176 0.103 0.043 0.000 0.000 0.001 1.318 4.130 5.150 5.729 7.058 7.258 6.815 6.105 5.499 0.007 0.032 0.052 0.024 0.035 0.066 0.000 0.000
0.991 1.142 1.135 1.084 1.043 1.062 1.027 0.904 0.777 0.772 0.765 0.766 0.773 0.545 0.430 0.865 0.817 0.595 0.749 0.749 0.768 0.760 0.680 0.720 0.876 0.796 0.781 0.793 0.831 0.830 0.823 0.808 0.688 0.762 0.743 0.445 0.704 0.647 0.691 0.782 0.790 0.693 0.751 0.779 0.755 0.742 0.785 0.750 0.799 0.914 0.089 0.000 0.177 0.139 0.121 0.100 0.065 0.000 0.000 1.152 2.951 4.783 5.438 6.092 7.505 7.995 6.841 6.013 6.770 0.000 0.153 0.062 0.029 0.019 0.051 0.000 0.997
1.115 1.093 1.043 1.083 1.155 1.043 0.989 0.564 0.772 0.782 0.779 0.722 0.633 0.596 0.895 0.905 0.776 0.779 0.797 0.946 0.683 0.823 0.693 0.751 0.731 0.785 0.705 0.818 0.787 0.804 0.806 0.857 0.864 0.684 0.738 0.681 0.583 0.547 0.610 0.560 0.694 0.779 0.684 0.763 0.741 0.736 0.729 0.744 0.622 0.606 0.000 0.000 0.109 0.142 0.074 0.083 0.051 0.004 0.539 4.834 4.487 4.614 5.479 6.529 7.425 7.956 5.959 4.576 0.000 0.000 0.057 0.031 0.000 0.000 0.000 0.000 0.000
0.980 1.042 1.068 1.136 1.032 1.187 0.845 0.550 0.754 0.789 0.757 0.784 0.646 0.750 0.966 0.847 0.782 0.837 0.906 0.915 0.817 0.769 0.689 0.646 0.716 0.736 0.791 0.687 0.731 0.822 0.796 0.789 0.822 0.858 0.784 0.772 0.804 0.733 0.516 0.464 0.657 0.576 0.651 0.694 0.703 0.740 0.745 0.771 0.802 0.666 0.000 0.172 0.138 0.102 0.071 0.018 0.000 0.002 1.121 4.047 4.549 5.114 6.190 6.886 6.464 5.900 4.258 3.216 0.001 0.000 0.194 0.202 0.423 0.000 0.000 0.935 0.579
0.919 0.986 1.005 0.863 1.136 1.006 0.935 0.797 0.737 0.853 0.793 0.468 0.459 0.825 0.953 0.881 0.909 0.882 0.865 0.810 0.849 0.762 0.792 0.754 0.748 0.770 0.754 0.674 0.728 0.744 0.719 0.795 0.758 0.734 0.729 0.690 0.706 0.799 0.797 0.687 0.596 0.436 0.580 0.794 0.674 0.789 0.769 0.779 0.611 0.000 0.000 0.123 0.126 0.094 0.013 0.008 0.000 0.825 2.054 2.864 4.218 6.474 7.938 7.057 6.073 5.225 3.829 0.000 0.004 0.000 0.208 0.429 0.420 0.000 0.930 0.000 0.755
0.970 0.926 0.847 0.856 0.799 0.919 0.870 0.819 0.834 0.878 0.522 0.802 0.523 0.705 0.829 0.950 0.952 0.838 0.922 0.898 0.799 0.822 0.855 0.776 0.750 0.811 0.814 0.750 0.854 0.833 0.847 0.855 0.854 0.716 0.734 0.745 0.758 0.932 0.802 0.691 0.643 0.703 0.782 0.610 0.668 0.758 0.720 0.496 0.761 0.000 0.111 0.118 0.126 0.059 0.027 0.000 0.000 0.916 2.191 3.406 4.737 6.884 8.452 7.144 6.314 6.812 3.851 0.003 0.006 0.247 0.285 0.285 0.000 0.000 0.000 0.841 0.686
0.925 0.864 0.963 0.927 0.850 0.815 0.855 0.810 0.840 0.819 0.669 0.617 0.536 0.752 0.712 0.682 0.799 0.920 0.828 0.844 0.899 0.803 0.949 0.799 0.839 0.702 0.769 0.815 0.791 0.749 0.793 0.765 0.754 0.776 0.652 0.644 0.764 0.846 0.750 0.728 0.698 0.700 0.830 0.806 0.742 0.757 0.575 0.398 0.520 0.000 0.114 0.103 0.125 0.070 0.003 0.000 0.000 1.085 2.569 4.718 4.768 6.106 7.044 6.444 5.476 5.152 2.372 0.055 0.078 0.080 0.204 0.064 0.000 1.145 0.599 0.672 0.750
0.978 0.886 0.878 0.719 0.893 0.879 0.836 0.846 0.821 0.720 0.439 0.559 0.671 0.756 0.772 0.719 0.559 0.888 0.860 0.847 0.882 0.817 0.887 0.815 0.767 0.758 0.782 0.842 0.809 0.753 0.831 0.682 0.745 0.689 0.673 0.652 0.666 0.722 0.811 0.753 0.751 0.807 0.857 0.728 0.733 0.744 0.847 0.458 0.000 0.000 0.000 0.029 0.047 0.019 0.000 0.000 0.000 1.284 2.972 4.222 5.168 6.388 6.510 5.700 4.889 2.835 0.014 0.050 0.055 0.128 0.000 0.000 0.000 0.000 0.719 0.729 0.821
0.969 1.026 0.958 0.846 0.834 1.160 0.870 0.834 0.809 0.785 0.802 0.655 0.972 0.887 0.854 0.804 0.561 0.543 0.677 0.762 0.860 0.918 0.951 0.842 0.832 0.710 0.827 0.836 0.779 0.752 0.773 0.723 0.727 0.729 0.693 0.687 0.621 0.775 0.949 0.892 0.833 1.027 0.955 0.820 0.777 0.821 0.980 0.094 0.000 0.000 0.000 0.000 0.000 0.000 0.000 0.000 0.902 3.283 3.504 4.220 6.230 7.682 6.920 6.075 6.473 3.359 0.014 0.098 0.451 0.462 0.587 0.000 1.077 0.585 0.732 0.777 0.822
0.913 0.884 0.754 0.862 1.031 0.804 1.064 0.744 0.650 0.384 0.525 0.719 0.707 0.851 0.691 0.760 0.704 0.737 0.632 0.737 0.729 0.678 0.907 0.849 0.773 0.768 0.870 0.854 0.757 0.835 0.791 0.791 0.822 0.714 0.651 0.611 0.697 0.811 0.909 0.802 0.814 0.874 0.908 0.872 0.931 1.027 0.831 0.984 0.000 0.000 0.000 0.000 0.000 0.000 0.000 0.000 0.874 2.423 4.176 5.016 6.612 8.457 7.245 5.948 5.824 0.042 0.035 0.184 0.190 0.493 0.462 0.177 0.000 0.662 0.784 0.844 0.920
0.762 0.750 0.813 0.851 0.917 0.895 0.866 0.812 0.739 0.726 0.609 0.778 0.787 0.777 0.898 0.746 0.818 0.885 0.733 0.603 0.449 0.913 0.906 0.890 0.769 0.777 0.900 0.881 0.814 0.865 0.784 0.807 0.815 0.801 0.783 0.733 0.738 0.716 0.689 0.804 0.854 0.838 1.007 0.833 0.840 0.976 0.695 0.188 0.000 0.000 0.000 0.000 0.000 0.000 0.000 0.004 1.904 2.937 4.965 5.459 6.254 6.866 6.302 4.882 3.218 0.045 0.168 0.152 0.073 0.299 0.168 0.205 0.275 0.730 0.757 0.712 0.793
0.571 0.818 0.710 0.863 0.862 0.797 0.800 0.764 0.632 0.373 0.866 0.648 0.803 0.737 0.906 0.930 0.739 0.907 0.830 0.731 0.566 0.778 0.906 0.913 0.873 0.897 0.900 0.889 0.890 0.843 0.840 0.905 0.867 0.776 0.739 0.787 0.897 0.800 0.774 0.856 0.985 1.054 1.030 0.852 0.846 0.856 0.331 0.000 0.000 0.000 0.000 0.000 0.000 0.000 0.000 0.987 1.764 3.268 4.520 5.291 6.268 6.357 5.907 5.726 3.590 0.002 0.242 0.226 0.274 0.139 0.178 0.604 0.781 0.699 0.849 0.777 0.746
