includes/estuary_coast/floodfiles/results/res-0014.wd
ncols         730
nrows         472
xllcorner     380617.130607
yllcorner     6542069.774949
cellsize      20.000000
NODATA_value  -9999.000000
[rows 68 to 101 of 472, columns 462 to 538 of 730]
0.626 0.607 0.049 0.141 0.000 0.000 0.000 0.000 0.000 0.000 0.000 0.000 0.000 0.000 0.000 0.000 0.004 0.000 0.000 0.000 0.000 0.000 0.000 0.000 0.000 0.000 0.000 0.000 0.000 0.000 0.000 0.000 0.000 0.000 0.000 0.000 0.000 0.000 0.000 0.000 0.000 0.000 0.000 0.000 0.000 0.000 0.000 0.000 0.000 0.000 0.000 0.000 0.000 0.000 0.000 0.000 0.000 0.000 0.000 0.000 0.000 0.000 0.000 0.000 0.000 0.000 0.000 0.000 0.000 0.000 0.000 0.000 0.000 0.000 0.000 0.000 0.000
0.672 0.548 0.000 0.162 0.000 0.040 0.000 0.000 0.000 0.000 0.000 0.000 0.000 0.000 0.000 0.000 0.003 0.204 0.000 0.000 0.000 0.316 0.394 0.000 0.000 0.000 0.000 0.000 0.000 0.000 0.000 0.000 0.000 0.000 0.000 0.000 0.000 0.000 0.000 0.000 0.000 0.000 0.000 0.000 0.000 0.000 0.000 0.000 0.000 0.000 0.000 0.000 0.000 0.000 0.000 0.000 0.000 0.000 0.000 0.000 0.000 0.000 0.000 0.000 0.000 0.000 0.000 0.000 0.000 0.000 0.000 0.000 0.000 0.000 0.000 0.000 0.000
0.487 0.575 0.000 0.317 0.002 0.123 0.000 0.000 0.000 0.000 0.000 0.000 0.000 0.000 0.369 0.150 0.017 1.230 0.049 0.000 0.000 1.053 0.727 0.791 0.671 0.397 0.000 0.000 0.000 0.000 0.000 0.000 0.000 0.000 0.000 0.000 0.000 0.000 0.000 0.000 0.000 0.000 0.000 0.000 0.000 0.000 0.000 0.000 0.000 0.000 0.000 0.000 0.000 0.000 0.000 0.000 0.000 0.000 0.000 0.000 0.000 0.000 0.000 0.000 0.000 0.000 0.000 0.000 0.000 0.000 0.000 0.000 0.000 0.000 0.000 0.000 0.000
0.519 0.538 0.000 0.283 0.003 0.000 0.000 0.000 0.000 0.000 0.000 0.000 0.000 0.255 0.135 0.052 0.010 1.257 0.000 0.000 0.000 0.953 0.887 0.862 0.811 0.838 0.906 0.825 0.537 0.332 0.353 0.000 0.000 0.000 0.000 0.000 0.000 0.000 0.000 0.000 0.000 0.000 0.000 0.000 0.000 0.000 0.000 0.000 0.000 0.000 0.000 0.000 0.000 0.000 0.000 0.000 0.000 0.000 0.000 0.000 0.000 0.000 0.000 0.000 0.000 0.000 0.000 0.000 0.000 0.000 0.000 0.000 0.000 0.000 0.000 0.000 0.000
0.627 0.506 0.234 0.286 0.000 0.000 0.000 0.000 0.000 0.000 0.000 0.000 0.272 0.310 0.192 0.026 0.057 1.010 0.000 0.000 0.000 0.833 0.669 0.856 0.921 0.889 0.828 0.881 0.818 0.980 0.614 1.057 0.083 0.000 0.000 0.000 0.000 0.000 0.000 0.000 0.000 0.000 0.000 0.000 0.000 0.000 0.000 0.000 0.000 0.000 0.000 0.000 0.000 0.000 0.000 0.000 0.000 0.000 0.000 0.000 0.000 0.000 0.000 0.000 0.000 0.000 0.000 0.000 0.000 0.000 0.000 0.000 0.000 0.000 0.000 0.000 0.000
0.710 0.447 0.207 0.258 0.000 0.000 0.000 0.000 0.000 0.000 0.299 0.134 0.497 0.116 0.059 0.013 0.487 0.000 0.000 0.000 0.000 0.890 0.508 0.862 0.933 0.899 0.818 0.807 0.809 0.954 0.991 0.740 0.871 0.757 0.025 0.000 0.000 0.000 0.000 0.000 0.000 0.000 0.000 0.000 0.000 0.000 0.000 0.000 0.000 0.000 0.000 0.000 0.000 0.000 0.000 0.000 0.000 0.000 0.000 0.000 0.000 0.000 0.000 0.000 0.000 0.000 0.000 0.000 0.000 0.000 0.000 0.000 0.000 0.000 0.000 0.000 0.000
0.624 0.000 0.000 0.000 0.000 0.000 0.000 0.000 0.000 0.487 0.441 0.000 0.000 0.000 0.019 0.023 0.425 0.541 0.000 0.000 0.733 0.813 0.929 0.834 0.928 0.763 0.893 0.843 0.789 0.965 1.026 0.925 0.933 0.702 1.009 0.368 0.000 0.000 0.000 0.000 0.000 0.000 0.000 0.000 0.000 0.000 0.000 0.000 0.000 0.000 0.000 0.000 0.000 0.000 0.000 0.000 0.000 0.000 0.000 0.000 0.000 0.000 0.000 0.000 0.000 0.000 0.000 0.000 0.000 0.000 0.000 0.000 0.000 0.000 0.000 0.000 0.000
0.658 0.000 0.000 0.000 0.000 0.000 0.000 0.000 0.271 0.727 0.378 0.000 0.000 0.000 0.006 0.003 0.345 0.647 0.000 0.000 0.737 0.860 0.872 0.911 0.793 0.856 0.889 0.866 0.770 1.079 1.028 1.060 0.999 0.946 0.567 1.014 0.301 0.000 0.014 0.000 0.000 0.000 0.000 0.000 0.000 0.000 0.000 0.000 0.000 0.043 0.000 0.000 0.000 0.000 0.000 0.000 0.000 0.000 0.000 0.000 0.000 0.000 0.000 0.000 0.000 0.000 0.000 0.000 0.000 0.000 0.000 0.000 0.000 0.000 0.000 0.000 0.000
0.733 0.000 0.000 0.000 0.000 0.000 0.000 0.179 0.324 0.539 0.669 0.000 0.000 0.008 0.002 0.001 0.522 0.641 0.000 0.000 0.648 0.918 0.867 0.873 0.820 0.830 0.884 0.965 1.116 0.946 0.985 0.972 0.953 1.039 1.019 0.898 0.805 0.735 0.000 0.000 0.000 0.000 0.000 0.000 0.000 0.000 0.077 0.045 0.000 0.002 0.000 0.000 0.000 0.000 0.000 0.000 0.000 0.000 0.000 0.000 0.000 0.000 0.000 0.000 0.000 0.000 0.000 0.000 0.000 0.000 0.000 0.000 0.000 0.000 0.000 0.000 0.000
0.605 0.000 0.000 0.000 0.000 0.000 0.203 0.375 0.528 0.250 0.827 0.000 0.000 0.010 0.000 0.000 0.631 0.343 0.000 0.000 0.744 0.902 0.841 0.854 0.854 0.943 0.913 0.948 0.956 0.770 0.998 1.000 1.012 1.005 0.968 0.926 0.935 0.687 0.775 0.000 0.001 0.000 0.000 0.000 0.000 0.000 0.000 0.019 0.013 0.042 0.000 0.000 0.000 0.000 0.000 0.000 0.000 0.000 0.000 0.000 0.000 0.000 0.000 0.000 0.000 0.000 0.000 0.000 0.000 0.000 0.000 0.000 0.000 0.000 0.000 0.000 0.000
0.497 0.608 0.000 0.000 0.000 0.000 0.000 0.508 0.562 0.474 0.816 0.043 0.031 0.011 0.009 0.506 0.625 0.000 0.000 0.000 0.811 0.860 0.842 0.836 0.927 1.005 1.013 0.924 0.986 1.174 0.938 0.938 0.974 0.919 0.966 0.949 0.982 0.903 0.702 0.796 0.000 0.008 0.000 0.000 0.000 0.000 0.000 0.004 0.006 0.004 0.000 0.000 0.000 0.000 0.000 0.000 0.000 0.000 0.000 0.000 0.000 0.000 0.000 0.000 0.000 0.000 0.000 0.000 0.000 0.000 0.000 0.000 0.000 0.000 0.000 0.000 0.000
0.675 0.607 0.328 0.310 0.138 0.000 0.109 0.400 0.240 0.855 0.768 0.000 0.029 0.005 0.657 0.668 0.405 0.000 0.000 0.771 0.847 0.840 0.850 0.850 0.989 1.025 1.083 1.006 0.931 0.805 0.856 1.003 0.934 0.936 0.852 1.045 0.936 0.911 0.954 0.830 0.284 0.000 0.005 0.000 0.000 0.000 0.053 0.064 0.105 0.004 0.000 0.000 0.000 0.000 0.000 0.000 0.000 0.000 0.000 0.000 0.000 0.000 0.000 0.000 0.000 0.000 0.000 0.000 0.000 0.000 0.000 0.000 0.000 0.000 0.000 0.000 0.000
0.645 0.588 0.523 0.532 0.477 0.406 0.187 0.219 0.261 0.804 0.000 0.000 0.006 0.638 0.322 0.000 0.000 0.000 0.000 0.615 0.823 0.864 0.898 0.957 1.008 0.985 1.030 1.025 0.990 0.952 0.799 0.877 0.930 0.890 0.920 0.902 0.973 0.956 0.954 0.812 0.816 0.180 0.000 0.000 0.000 0.000 0.002 0.000 0.000 0.013 0.286 0.084 0.098 0.000 0.000 0.000 0.000 0.000 0.000 0.000 0.000 0.000 0.000 0.000 0.000 0.000 0.000 0.000 0.000 0.000 0.000 0.000 0.000 0.000 0.000 0.000 0.000
0.575 0.580 0.543 0.542 0.527 0.572 0.423 0.015 0.273 0.746 0.000 0.008 0.001 0.695 0.000 0.000 0.000 0.001 0.000 0.647 0.934 0.862 0.970 1.008 1.050 1.033 0.959 0.930 0.892 0.960 0.671 0.828 0.891 0.859 0.853 0.913 0.918 0.887 0.851 0.822 0.795 0.847 0.216 0.000 0.128 0.000 0.000 0.000 0.039 0.083 0.055 0.000 0.069 0.086 0.000 0.000 0.000 0.000 0.000 0.000 0.000 0.000 0.000 0.000 0.000 0.000 0.000 0.000 0.000 0.000 0.000 0.000 0.000 0.000 0.000 0.000 0.000
0.596 0.548 0.582 0.571 0.550 0.522 0.415 0.384 0.367 0.073 0.025 0.010 0.766 0.311 0.000 0.000 0.000 0.000 0.000 0.814 0.880 1.013 1.012 0.978 1.011 1.051 0.986 0.937 0.963 0.970 0.995 0.609 0.885 0.918 0.890 0.993 0.981 0.806 0.795 0.796 0.808 0.823 1.061 0.110 0.000 0.360 0.000 0.000 0.129 0.104 0.072 0.133 0.000 0.113 0.023 0.000 0.000 0.000 0.000 0.000 0.000 0.000 0.000 0.000 0.000 0.000 0.000 0.000 0.000 0.000 0.000 0.000 0.000 0.000 0.000 0.000 0.000
0.599 0.577 0.588 0.601 0.506 0.521 0.541 0.589 0.255 0.136 0.051 0.009 0.670 0.000 0.000 0.084 0.000 0.000 0.000 0.788 0.910 0.945 0.954 0.986 1.311 0.924 0.942 0.939 0.902 0.939 0.944 0.915 0.863 0.864 0.894 0.858 0.849 0.859 0.852 0.949 0.949 1.044 0.932 0.838 0.198 0.000 0.248 0.000 0.000 0.060 0.067 0.059 0.000 0.238 0.086 0.285 0.000 0.000 0.000 0.000 0.000 0.000 0.000 0.000 0.000 0.000 0.000 0.000 0.000 0.000 0.000 0.000 0.000 0.000 0.000 0.000 0.000
0.582 0.594 0.526 0.472 0.523 0.545 0.514 0.614 0.219 0.088 0.080 0.737 0.622 0.000 0.000 0.000 0.000 0.000 0.721 0.679 1.004 0.982 0.982 1.012 0.966 0.901 0.996 0.954 0.909 0.903 0.858 0.720 0.689 0.842 0.747 0.832 0.821 0.809 1.237 0.914 0.773 0.838 0.870 0.865 0.917 0.243 0.000 0.000 0.000 0.000 0.000 0.000 0.000 0.000 0.067 0.017 0.013 0.000 0.000 0.000 0.000 0.000 0.000 0.000 0.000 0.000 0.000 0.000 0.000 0.000 0.000 0.000 0.000 0.000 0.000 0.000 0.000
0.636 0.572 0.588 0.556 0.557 0.530 0.432 0.563 0.231 0.000 0.113 0.784 0.000 0.000 0.000 0.050 0.000 0.000 0.915 0.764 0.918 0.994 0.991 1.047 0.995 1.014 0.908 0.898 0.921 0.906 0.946 0.909 0.961 0.642 0.735 0.886 0.904 0.959 1.092 0.821 0.821 0.865 0.885 0.878 0.874 0.855 0.308 0.000 0.091 0.000 0.000 0.002 0.000 0.000 0.042 0.000 0.000 0.000 0.000 0.000 0.000 0.000 0.000 0.000 0.000 0.000 0.000 0.000 0.000 0.000 0.000 0.000 0.000 0.000 0.000 0.000 0.000
0.545 0.535 0.671 0.553 0.527 0.486 0.262 0.499 0.298 0.117 0.341 0.733 0.000 0.000 0.000 0.000 0.000 0.000 1.036 0.958 1.002 1.033 1.045 0.999 0.965 0.925 0.904 0.918 0.894 0.903 0.840 0.964 0.892 0.862 1.007 0.803 0.954 0.925 1.018 1.047 0.825 0.882 0.841 0.855 0.895 0.873 0.755 0.147 0.000 0.028 0.000 0.000 0.000 0.000 0.010 0.000 0.000 0.000 0.000 0.000 0.000 0.000 0.000 0.000 0.000 0.000 0.000 0.000 0.000 0.000 0.000 0.000 0.000 0.000 0.000 0.000 0.000
0.652 0.563 0.546 0.498 0.465 0.287 0.564 0.449 0.486 0.189 0.035 0.712 0.000 0.000 0.000 0.060 0.000 0.000 0.971 0.940 0.926 0.992 0.992 0.925 1.006 0.928 0.906 0.902 0.920 0.921 0.925 0.912 0.917 0.950 0.857 0.738 1.115 0.910 1.067 1.038 0.896 0.860 0.798 0.873 0.824 0.628 0.667 0.634 0.126 0.000 0.000 0.000 0.000 0.000 0.000 0.000 0.000 0.000 0.000 0.000 0.000 0.000 0.000 0.000 0.000 0.000 0.000 0.000 0.000 0.000 0.000 0.000 0.000 0.000 0.000 0.000 0.000
0.584 0.572 0.527 0.496 0.351 0.332 0.520 0.437 0.613 0.000 0.008 0.643 0.626 0.000 0.000 0.001 0.000 0.000 0.926 0.990 0.719 0.950 0.966 0.985 0.930 0.880 0.893 0.889 0.823 0.839 0.972 0.954 0.933 0.919 0.880 0.884 0.907 0.711 0.735 1.102 0.851 0.886 0.890 0.679 0.690 0.675 0.677 0.436 0.920 0.000 0.000 0.000 0.000 0.000 0.000 0.000 0.000 0.000 0.000 0.000 0.000 0.000 0.000 0.000 0.000 0.000 0.000 0.000 0.000 0.000 0.000 0.000 0.000 0.000 0.000 0.000 0.000
0.557 0.677 0.470 0.392 0.278 0.543 0.547 0.489 0.595 0.000 0.001 0.000 0.686 0.113 0.000 0.000 0.000 0.883 0.629 0.675 0.775 1.013 0.960 0.979 0.999 0.918 0.866 0.878 0.749 0.909 0.924 0.906 0.896 0.907 0.887 0.876 0.853 0.891 0.905 0.858 0.839 0.873 0.898 0.755 0.646 0.829 0.971 0.643 0.785 0.834 0.245 0.000 0.059 0.000 0.000 0.000 0.000 0.000 0.000 0.000 0.000 0.000 0.000 0.000 0.000 0.000 0.000 0.000 0.000 0.000 0.000 0.000 0.000 0.000 0.000 0.000 0.000
0.541 0.708 0.541 0.438 0.593 0.546 0.620 0.644 0.508 0.000 0.001 0.000 0.737 0.744 0.000 0.000 0.000 1.079 1.175 1.154 0.995 1.078 0.958 0.918 0.931 0.968 0.853 0.782 0.860 0.940 0.895 0.911 0.924 0.893 0.886 0.888 0.887 0.875 0.824 1.105 0.971 0.914 0.661 0.600 0.582 0.501 0.755 0.783 0.820 0.819 0.880 0.556 0.000 0.023 0.000 0.000 0.000 0.000 0.000 0.000 0.000 0.000 0.000 0.000 0.000 0.000 0.000 0.000 0.000 0.000 0.000 0.000 0.000 0.000 0.000 0.000 0.000
0.463 0.586 0.582 0.613 0.583 0.578 0.545 0.625 0.453 0.000 0.000 0.010 0.114 0.781 0.492 0.000 0.000 0.000 1.073 1.104 1.092 1.054 0.900 0.883 0.897 1.025 0.884 0.643 0.905 0.910 0.884 0.754 1.160 0.927 0.912 0.931 0.895 0.897 0.911 0.928 1.056 1.099 1.121 0.509 0.556 0.669 0.802 0.787 0.792 0.806 0.823 0.828 0.380 0.000 0.000 0.000 0.000 0.000 0.000 0.000 0.000 0.000 0.000 0.000 0.000 0.000 0.000 0.000 0.000 0.000 0.000 0.000 0.000 0.000 0.000 0.000 0.000
0.559 0.504 0.585 0.593 0.580 0.561 0.637 0.537 0.453 0.000 0.169 0.047 0.006 0.576 0.824 0.001 0.000 0.000 1.060 1.094 1.055 0.892 0.965 0.861 0.929 0.999 0.807 0.884 0.945 0.916 0.997 1.114 0.864 0.954 0.909 0.866 0.920 0.957 0.891 0.911 0.953 1.048 1.138 0.478 0.653 0.792 0.798 0.789 0.752 0.803 0.774 0.840 0.859 0.323 0.000 0.000 0.000 0.000 0.000 0.000 0.000 0.000 0.000 0.000 0.000 0.000 0.000 0.000 0.000 0.000 0.000 0.000 0.000 0.000 0.000 0.000 0.000
0.496 0.528 0.472 0.562 0.674 0.603 0.579 0.532 0.418 0.000 0.334 0.000 0.003 0.010 0.874 0.860 0.000 0.000 1.066 1.071 1.013 1.035 1.044 1.039 1.069 0.857 0.687 0.888 0.872 0.955 0.930 1.039 0.892 0.900 0.900 0.889 0.866 0.877 0.873 0.889 0.935 0.904 0.943 0.670 0.836 0.818 0.788 0.738 1.211 0.802 0.812 0.903 0.807 0.803 0.171 0.000 0.000 0.000 0.000 0.000 0.000 0.000 0.000 0.000 0.000 0.000 0.000 0.000 0.000 0.000 0.000 0.000 0.000 0.000 0.000 0.000 0.000
0.586 0.542 0.645 0.599 0.571 0.650 0.606 0.569 0.595 0.000 0.332 0.064 0.016 0.015 0.322 0.968 0.000 0.000 0.000 1.042 1.009 0.985 1.136 0.939 0.919 0.955 0.872 0.944 0.943 0.944 0.941 1.056 0.876 0.882 0.903 0.884 0.858 0.961 0.961 1.022 0.836 0.790 0.796 0.791 0.825 0.783 0.799 0.847 0.740 0.831 0.818 0.821 0.858 0.666 0.501 0.261 0.000 0.000 0.000 0.000 0.000 0.000 0.000 0.000 0.000 0.000 0.000 0.000 0.000 0.000 0.000 0.000 0.000 0.000 0.000 0.000 0.000
0.565 0.639 0.544 0.681 0.564 0.570 0.622 0.666 0.581 0.000 0.173 0.139 0.021 0.018 0.042 1.018 0.413 0.000 0.000 0.000 0.974 1.036 0.940 0.958 0.835 0.782 0.965 0.867 0.915 0.940 0.867 0.921 0.943 0.954 1.034 1.062 1.123 1.120 1.013 0.891 0.699 0.853 0.831 0.793 0.790 0.838 0.867 0.826 0.789 0.827 0.855 0.869 0.808 0.692 0.964 0.846 0.592 0.000 0.000 0.000 0.000 0.000 0.000 0.000 0.000 0.000 0.000 0.000 0.000 0.000 0.000 0.000 0.000 0.000 0.000 0.000 0.000
0.553 0.614 0.571 0.520 0.484 0.504 0.532 0.589 0.575 0.206 0.144 0.030 0.011 0.013 0.163 0.978 0.420 0.000 0.000 0.000 0.000 1.057 0.899 1.024 0.832 0.956 0.924 0.890 0.915 0.926 0.926 0.933 0.940 1.168 1.051 1.114 1.046 0.939 0.903 0.764 0.822 0.892 0.797 0.885 1.025 1.065 0.862 0.848 0.883 0.887 0.956 0.830 0.954 0.764 0.822 0.885 0.816 0.000 0.000 0.000 0.000 0.000 0.000 0.032 0.071 0.000 0.000 0.000 0.000 0.000 0.000 0.000 0.000 0.000 0.000 0.000 0.000
0.611 0.472 0.377 0.338 0.384 0.414 0.375 0.569 0.740 0.175 0.109 0.083 0.022 0.012 0.315 0.903 0.433 0.000 0.000 0.000 0.000 0.939 1.107 0.853 0.867 0.842 0.876 0.927 0.894 0.933 0.914 0.916 0.948 1.007 1.071 1.044 0.854 0.689 0.723 0.843 0.821 0.830 0.891 0.954 0.929 0.865 0.932 0.878 0.895 0.851 0.775 0.686 0.821 0.828 0.798 0.944 0.908 0.736 0.006 0.000 0.000 0.000 0.000 0.000 0.004 0.000 0.000 0.000 0.000 0.000 0.000 0.000 0.000 0.000 0.000 0.000 0.000
0.000 0.218 0.172 0.143 0.122 0.114 0.106 0.102 0.089 0.055 0.057 0.004 0.010 0.002 0.004 1.108 0.865 0.000 0.000 0.000 0.000 0.424 0.000 0.000 0.868 0.925 0.886 0.927 0.917 0.970 0.923 1.009 0.995 0.965 1.013 0.880 0.723 0.884 0.832 0.815 0.821 0.895 0.944 0.944 0.767 0.783 0.840 0.849 0.809 0.845 0.691 0.461 0.758 0.766 0.776 0.810 0.776 0.845 0.801 0.154 0.000 0.000 0.000 0.000 0.000 0.000 0.000 0.000 0.000 0.000 0.000 0.000 0.000 0.000 0.000 0.000 0.000
0.000 0.066 0.093 0.090 0.102 0.090 0.106 0.100 0.085 0.072 0.045 0.012 0.009 0.004 0.001 0.810 1.270 0.510 0.000 0.000 0.000 0.000 0.000 0.000 1.055 0.773 0.855 1.004 0.976 0.972 0.950 0.980 0.976 0.894 0.888 0.896 1.024 0.889 0.828 0.893 0.876 0.947 0.963 1.047 0.768 0.804 0.776 0.806 0.810 0.868 0.789 0.785 0.728 0.556 0.688 0.778 0.804 0.847 0.892 0.876 0.000 0.000 0.000 0.000 0.000 0.000 0.000 0.000 0.000 0.000 0.000 0.000 0.000 0.000 0.000 0.000 0.000
0.000 0.058 0.095 0.103 0.636 0.220 0.317 0.708 0.636 1.065 0.332 0.035 0.179 0.353 0.751 1.852 1.353 1.282 0.000 0.000 0.000 0.000 0.000 0.000 0.000 0.000 0.000 1.080 0.790 0.923 1.073 0.962 0.905 0.812 0.859 1.067 1.115 1.021 1.242 1.187 0.852 0.859 0.847 0.828 0.829 0.824 0.787 0.836 0.833 0.659 0.711 0.793 0.840 0.890 0.915 0.047 0.610 0.893 0.845 0.814 0.823 0.133 0.000 0.000 0.000 0.191 0.344 0.000 0.000 0.000 0.000 0.000 0.000 0.000 0.000 0.000 0.000
0.958 1.699 1.384 1.613 2.328 1.892 2.330 1.798 1.473 1.385 1.781 2.066 2.509 1.720 1.834 2.326 2.068 1.834 1.759 0.699 0.000 0.000 0.000 0.000 0.000 0.000 0.000 0.000 0.000 0.000 0.000 0.879 0.900 0.922 0.983 0.940 1.062 1.071 1.049 0.935 0.796 0.593 0.810 0.732 0.613 0.716 0.829 0.856 0.795 0.805 0.972 0.864 0.829 0.954 0.911 1.028 0.925 1.025 0.705 0.771 0.453 0.873 0.000 0.000 0.000 0.000 0.040 0.337 0.000 0.000 0.000 0.000 0.000 0.000 0.000 0.000 0.000
