includes/estuary_coast/floodfiles/results/res-0011.wdfp
ncols         730
nrows         472
xllcorner     380617.130607
yllcorner     6542069.774949
cellsize      20.000000
NODATA_value  -9999.000000
[rows 68 to 101 of 472, columns 0 to 76 of 730]
2.625 2.635 2.632 2.620 2.610 2.635 2.635 2.616 2.612 2.612 2.642 2.636 2.663 2.702 2.746 2.811 2.833 2.812 2.788 2.807 2.781 2.764 2.735 2.731 2.742 2.758 2.776 2.800 2.828 2.851 2.859 2.852 2.855 2.869 2.904 2.957 3.009 3.029 3.012 2.989 2.974 3.008 3.035 3.071 3.100 3.111 3.129 3.137 3.141 3.170 3.249 3.339 3.337 3.345 3.408 3.420 3.478 3.530 3.613 3.715 3.823 3.894 3.904 3.863 3.825 3.820 3.863 3.920 3.977 4.007 3.993 3.972 3.958 3.959 3.979 4.012 4.027
2.593 2.621 2.614 2.594 2.571 2.558 2.563 2.557 2.551 2.550 2.555 2.569 2.540 2.559 2.585 2.662 2.677 2.698 2.691 2.682 2.697 2.687 2.683 2.687 2.697 2.715 2.705 2.749 2.807 2.856 2.863 2.844 2.806 2.803 2.857 2.901 2.944 2.962 2.935 2.909 2.923 2.929 2.981 3.011 3.039 3.025 3.051 3.057 3.097 3.118 3.146 3.189 3.228 3.248 3.261 3.318 3.348 3.408 3.523 3.612 3.695 3.768 3.785 3.773 3.752 3.768 3.821 3.922 3.991 4.020 4.003 3.974 3.970 3.989 4.016 4.044 4.060
2.517 2.543 2.541 2.511 2.482 2.507 2.517 2.518 2.521 2.515 2.507 2.491 2.480 2.478 2.484 2.501 2.518 2.531 2.546 2.566 2.575 2.636 2.665 2.667 2.646 2.646 2.664 2.707 2.768 2.819 2.823 2.782 2.764 2.749 2.760 2.823 2.853 2.842 2.832 2.828 2.815 2.856 2.865 2.898 2.931 2.927 2.994 3.007 3.021 3.032 3.051 3.071 3.090 3.158 3.178 3.193 3.249 3.308 3.374 3.455 3.544 3.617 3.641 3.670 3.684 3.718 3.779 3.863 3.957 3.992 3.981 3.964 3.967 4.012 4.061 4.110 4.148
2.416 2.405 2.439 2.423 2.409 2.388 2.434 2.467 2.506 2.523 2.500 2.464 2.428 2.403 2.353 2.351 2.390 2.431 2.465 2.489 2.552 2.608 2.667 2.663 2.635 2.592 2.614 2.643 2.689 2.728 2.714 2.697 2.660 2.675 2.666 2.684 2.723 2.705 2.702 2.734 2.727 2.754 2.777 2.772 2.810 2.864 2.894 2.967 2.957 2.992 3.003 3.014 3.023 3.048 3.050 3.060 3.114 3.163 3.232 3.344 3.391 3.504 3.535 3.560 3.607 3.650 3.711 3.786 3.857 3.916 3.919 3.919 3.943 4.018 4.115 4.194 4.240
2.260 2.274 2.274 2.319 2.295 2.312 2.345 2.396 2.467 2.487 2.451 2.405 2.365 2.296 2.270 2.260 2.273 2.304 2.341 2.427 2.479 2.578 2.645 2.640 2.592 2.543 2.522 2.561 2.587 2.581 2.586 2.588 2.563 2.546 2.573 2.553 2.571 2.602 2.604 2.598 2.633 2.632 2.654 2.697 2.750 2.818 2.868 2.896 2.949 2.972 2.972 2.972 2.971 2.985 2.976 2.974 2.998 3.064 3.138 3.216 3.300 3.352 3.450 3.478 3.527 3.571 3.621 3.684 3.753 3.831 3.852 3.877 3.927 4.030 4.147 4.266 4.330
2.144 2.147 2.145 2.141 2.155 2.161 2.212 2.304 2.345 2.371 2.343 2.284 2.227 2.223 2.196 2.184 2.193 2.223 2.261 2.310 2.394 2.481 2.540 2.531 2.481 2.464 2.414 2.407 2.384 2.457 2.441 2.435 2.462 2.448 2.447 2.462 2.484 2.504 2.528 2.525 2.498 2.525 2.575 2.630 2.699 2.755 2.848 2.926 2.961 2.967 2.936 2.943 2.933 2.924 2.916 2.909 2.928 2.970 3.067 3.150 3.249 3.315 3.356 3.384 3.446 3.488 3.537 3.591 3.651 3.692 3.779 3.823 3.875 4.014 4.150 4.286 4.355
1.999 1.989 1.973 1.973 1.987 2.047 2.092 2.117 2.194 2.213 2.200 2.169 2.140 2.126 2.145 2.138 2.144 2.143 2.157 2.226 2.287 2.348 2.392 2.385 2.356 2.310 2.288 2.257 2.267 2.287 2.307 2.341 2.339 2.344 2.364 2.383 2.413 2.443 2.463 2.461 2.463 2.467 2.498 2.548 2.616 2.702 2.825 2.958 3.010 2.990 2.936 2.893 2.885 2.895 2.895 2.892 2.898 2.935 3.000 3.070 3.176 3.291 3.339 3.362 3.391 3.428 3.439 3.477 3.515 3.602 3.653 3.729 3.806 3.918 4.061 4.197 4.268
1.916 1.890 1.864 1.861 1.877 1.930 1.965 1.970 2.032 2.046 2.048 2.024 2.053 2.074 2.104 2.126 2.128 2.102 2.105 2.117 2.179 2.171 2.244 2.240 2.223 2.187 2.167 2.140 2.153 2.186 2.223 2.249 2.271 2.285 2.300 2.309 2.329 2.358 2.379 2.421 2.454 2.462 2.465 2.513 2.572 2.660 2.792 2.927 3.000 2.977 2.911 2.827 2.817 2.832 2.860 2.889 2.898 2.922 2.942 3.015 3.152 3.255 3.337 3.370 3.359 3.345 3.387 3.411 3.443 3.471 3.507 3.592 3.673 3.814 3.937 4.048 4.092
1.848 1.809 1.776 1.772 1.773 1.788 1.803 1.771 1.824 1.875 1.860 1.888 1.932 1.969 2.045 2.090 2.101 2.064 2.020 1.998 2.018 2.046 2.019 2.075 2.065 2.055 2.026 2.031 2.051 2.098 2.120 2.171 2.230 2.278 2.291 2.290 2.295 2.289 2.337 2.387 2.431 2.443 2.438 2.412 2.484 2.589 2.701 2.814 2.874 2.861 2.810 2.743 2.753 2.776 2.807 2.832 2.858 2.868 2.901 2.970 3.114 3.234 3.338 3.377 3.355 3.322 3.312 3.362 3.379 3.395 3.418 3.488 3.561 3.692 3.796 3.860 3.915
1.763 1.736 1.721 1.718 1.727 1.702 1.676 1.642 1.610 1.635 1.656 1.684 1.757 1.828 1.920 1.978 1.986 1.979 1.934 1.902 1.888 1.885 1.903 1.925 1.951 1.953 1.947 1.949 1.966 2.007 2.062 2.121 2.191 2.251 2.269 2.253 2.234 2.236 2.265 2.320 2.360 2.375 2.351 2.343 2.377 2.431 2.570 2.649 2.694 2.665 2.622 2.636 2.630 2.690 2.717 2.696 2.725 2.797 2.830 2.896 3.003 3.130 3.253 3.304 3.285 3.244 3.224 3.273 3.327 3.335 3.345 3.393 3.456 3.552 3.636 3.711 3.764
1.710 1.716 1.712 1.713 1.679 1.623 1.589 1.513 1.448 1.409 1.447 1.520 1.612 1.690 1.777 1.829 1.844 1.828 1.829 1.800 1.781 1.768 1.803 1.840 1.849 1.887 1.921 1.936 1.945 1.970 1.988 2.056 2.116 2.167 2.177 2.160 2.132 2.163 2.181 2.227 2.216 2.231 2.246 2.242 2.255 2.307 2.360 2.361 2.454 2.478 2.460 2.430 2.428 2.428 2.539 2.566 2.602 2.618 2.725 2.764 2.884 2.995 3.108 3.166 3.172 3.160 3.163 3.230 3.260 3.285 3.305 3.324 3.367 3.427 3.529 3.585 3.634
1.668 1.654 1.678 1.676 1.632 1.560 1.466 1.357 1.259 1.208 1.220 1.323 1.433 1.480 1.580 1.625 1.650 1.688 1.693 1.679 1.683 1.685 1.691 1.730 1.788 1.840 1.887 1.911 1.916 1.905 1.928 1.956 2.018 2.018 2.034 2.049 2.032 2.021 2.028 2.020 2.045 2.088 2.128 2.124 2.131 2.118 2.154 2.190 2.211 2.238 2.229 2.221 2.259 2.288 2.325 2.398 2.474 2.490 2.527 2.592 2.680 2.787 2.877 3.008 3.040 3.060 3.076 3.129 3.236 3.282 3.298 3.295 3.304 3.330 3.395 3.432 3.524
1.570 1.587 1.602 1.593 1.549 1.465 1.384 1.264 1.147 1.079 1.110 1.203 1.297 1.368 1.420 1.489 1.526 1.553 1.583 1.609 1.631 1.635 1.647 1.674 1.724 1.770 1.812 1.836 1.829 1.817 1.809 1.834 1.814 1.841 1.908 1.887 1.919 1.909 1.890 1.912 1.937 1.952 1.979 1.970 1.966 1.997 2.026 2.053 2.037 2.032 2.020 2.046 2.065 2.148 2.201 2.276 2.309 2.328 2.348 2.446 2.530 2.630 2.712 2.777 2.818 2.932 2.983 3.057 3.150 3.251 3.269 3.255 3.230 3.278 3.325 3.346 3.368
1.490 1.500 1.506 1.492 1.456 1.384 1.306 1.219 1.104 1.054 1.084 1.148 1.235 1.278 1.306 1.364 1.392 1.463 1.524 1.564 1.618 1.629 1.610 1.625 1.659 1.687 1.716 1.734 1.730 1.722 1.710 1.708 1.706 1.733 1.753 1.786 1.741 1.774 1.792 1.821 1.852 1.873 1.861 1.861 1.864 1.886 1.932 1.911 1.907 1.910 1.885 1.897 1.922 1.984 2.089 2.163 2.195 2.225 2.261 2.295 2.360 2.436 2.584 2.642 2.695 2.748 2.817 2.952 3.049 3.116 3.177 3.177 3.163 3.161 3.225 3.272 3.278
1.405 1.386 1.382 1.392 1.350 1.312 1.261 1.185 1.128 1.092 1.108 1.144 1.192 1.198 1.195 1.218 1.276 1.352 1.419 1.504 1.565 1.578 1.567 1.540 1.527 1.555 1.570 1.602 1.606 1.595 1.606 1.587 1.608 1.644 1.677 1.684 1.692 1.694 1.707 1.727 1.753 1.781 1.797 1.839 1.847 1.849 1.849 1.844 1.829 1.817 1.779 1.769 1.789 1.867 1.968 2.080 2.163 2.213 2.228 2.237 2.294 2.357 2.420 2.468 2.577 2.626 2.693 2.780 2.868 2.971 3.048 3.066 3.075 3.093 3.150 3.180 3.222
1.270 1.265 1.251 1.226 1.224 1.207 1.187 1.161 1.132 1.121 0.057 0.130 0.142 0.046 1.079 1.085 1.136 1.227 1.330 1.410 1.462 1.477 1.458 1.452 1.436 1.420 1.437 1.461 1.481 1.487 1.482 1.490 1.529 1.576 1.591 1.618 1.659 1.684 1.687 1.694 1.710 1.721 1.768 1.823 1.848 1.836 1.814 1.761 1.739 1.721 1.713 1.691 1.715 1.795 1.870 1.980 2.126 2.198 2.224 2.223 2.229 2.295 2.360 2.399 2.427 2.513 2.572 2.650 2.679 2.821 2.910 2.944 2.976 3.020 3.104 3.159 3.195
1.210 1.200 1.173 1.108 1.125 1.138 1.140 1.112 1.122 0.028 0.047 0.022 0.121 0.057 0.072 0.154 0.035 0.062 1.209 1.270 1.312 1.368 1.357 1.331 1.334 1.319 1.343 1.383 1.394 1.427 1.453 1.464 1.476 1.506 1.533 1.580 1.634 1.669 1.663 1.663 1.644 1.666 1.711 1.766 1.791 1.772 1.738 1.699 1.682 1.680 1.683 1.688 1.698 1.736 1.815 1.909 2.012 2.134 2.174 2.179 2.180 2.217 2.274 2.330 2.363 2.381 2.395 2.476 2.551 2.568 2.687 2.728 2.782 2.858 2.987 3.096 3.178
1.156 1.117 1.073 1.037 1.024 1.042 1.034 1.041 0.102 0.112 0.028 0.165 0.037 0.046 0.068 0.083 0.088 0.186 0.180 0.078 0.044 1.237 1.242 1.252 1.221 0.127 0.160 0.158 1.344 1.395 1.439 1.456 1.452 1.462 1.483 1.523 1.567 1.596 1.587 1.553 1.529 1.534 1.621 1.656 1.644 1.635 1.599 1.569 1.612 1.625 1.647 1.651 1.656 1.701 1.755 1.822 1.899 1.970 2.028 2.053 2.068 2.125 2.254 2.338 2.382 2.377 2.360 2.383 2.424 2.449 2.475 2.588 2.649 2.740 2.884 3.004 3.093
1.127 1.076 1.020 0.976 0.963 0.980 1.000 0.039 0.019 0.108 0.080 0.065 0.004 0.061 0.024 0.029 0.029 0.120 0.082 0.060 0.122 0.111 0.112 0.119 0.125 0.110 0.187 0.211 0.115 0.259 0.173 0.196 0.199 1.417 1.391 1.409 1.475 1.469 1.455 1.451 1.433 1.434 1.452 1.432 1.475 1.491 1.473 1.462 1.469 1.446 1.523 1.560 1.572 1.582 1.604 1.717 1.706 1.761 1.814 1.911 1.967 2.052 2.171 2.317 2.371 2.355 2.299 2.260 2.340 2.345 2.354 2.441 2.501 2.597 2.743 2.859 2.907
1.098 1.048 0.990 0.940 0.935 0.951 0.079 0.074 0.061 0.075 0.035 0.002 0.089 0.047 0.002 0.073 0.120 0.035 0.180 0.103 0.085 0.043 0.049 0.095 0.163 0.307 0.134 0.183 0.015 0.072 0.142 0.228 0.169 0.151 0.221 0.233 1.312 1.316 1.335 1.332 1.317 0.003 1.299 1.305 1.331 1.313 1.303 1.293 1.309 1.330 1.351 1.384 1.446 1.466 1.429 1.460 1.495 1.601 1.649 1.760 1.838 1.941 2.027 2.194 2.262 2.265 2.220 2.160 2.194 2.198 2.251 2.261 2.356 2.451 2.543 2.647 2.728
1.074 1.035 0.977 0.947 0.045 0.048 0.094 0.062 0.133 0.017 0.012 0.153 0.029 0.015 0.023 0.063 0.048 0.013 0.058 0.032 0.103 0.053 0.011 0.098 0.041 0.166 0.126 0.114 0.245 0.054 0.221 0.140 0.079 0.196 0.183 0.241 0.196 1.228 1.206 1.170 1.145 0.057 0.195 0.162 0.042 1.125 1.113 1.147 1.204 1.217 1.219 1.237 1.200 1.233 1.313 1.349 1.375 1.411 1.446 1.557 1.650 1.753 1.867 1.971 2.085 2.099 2.071 2.063 2.081 2.151 2.166 2.173 2.222 2.270 2.330 2.404 2.521
1.053 1.006 0.982 0.001 0.012 0.095 0.082 0.058 0.128 0.089 0.069 0.121 0.017 0.027 0.012 0.017 0.111 0.047 0.009 0.033 0.004 0.089 0.034 0.037 0.028 0.032 0.119 0.072 0.058 0.111 0.219 0.151 0.182 0.031 0.201 0.162 0.322 1.165 1.112 1.077 1.065 0.005 0.073 0.126 0.150 0.159 0.140 0.086 1.089 1.083 1.054 1.047 1.061 1.113 1.172 1.260 1.277 1.289 1.324 1.378 1.507 1.607 1.699 1.774 1.787 1.903 1.921 1.954 2.013 2.084 2.153 2.170 2.138 2.150 2.230 2.274 2.317
1.010 1.000 0.987 0.028 0.092 0.052 0.177 0.065 0.098 0.090 0.156 0.138 0.083 0.021 0.051 0.041 0.014 0.072 0.056 0.029 0.049 0.085 0.044 0.022 0.033 0.040 0.024 0.129 0.091 0.059 0.111 0.078 0.161 0.134 0.242 0.220 0.214 1.101 1.071 1.049 1.039 0.128 0.051 0.002 0.168 0.196 0.074 0.104 0.171 0.149 0.187 0.919 0.930 1.002 1.093 1.170 1.233 1.239 1.245 1.267 1.307 1.413 1.468 1.509 1.545 1.648 1.691 1.825 1.908 2.019 2.108 2.125 2.090 2.043 2.075 2.131 2.150
0.992 0.991 0.987 0.029 0.001 0.082 0.075 0.141 0.120 0.028 0.006 0.016 0.082 0.075 0.014 0.066 0.012 0.034 0.035 0.019 0.025 0.001 0.046 0.100 0.038 0.038 0.013 0.027 0.038 0.147 0.111 0.111 0.066 0.008 0.166 0.073 0.142 1.067 1.054 1.046 0.136 0.117 0.048 0.138 0.086 0.098 0.237 0.084 0.039 0.047 0.105 0.005 0.010 0.008 1.034 1.122 1.183 1.234 1.240 1.240 1.251 1.272 1.343 1.352 1.364 1.395 1.515 1.615 1.727 1.856 1.952 1.989 1.977 1.943 1.946 1.942 2.015
0.967 0.965 0.953 0.082 0.022 0.063 0.080 0.065 0.103 0.041 0.032 0.002 0.054 0.020 0.047 0.041 0.014 0.031 0.098 0.058 0.053 0.034 0.005 0.130 0.036 0.061 0.013 0.023 0.011 0.018 0.060 0.093 0.227 0.082 0.075 0.140 0.161 0.264 0.184 0.148 0.173 0.152 0.141 0.059 0.048 0.121 0.036 0.110 0.067 0.019 0.013 0.020 0.000 0.000 0.000 0.003 0.017 1.187 1.213 1.203 1.197 1.195 1.192 1.200 1.208 1.229 1.342 1.453 1.567 1.683 1.765 1.809 1.811 1.808 1.810 1.856 1.865
0.966 0.963 0.953 0.948 0.061 0.133 0.131 0.114 0.107 0.054 0.179 0.073 0.094 0.029 0.108 0.022 0.178 0.000 0.010 0.024 0.156 0.090 0.017 0.031 0.061 0.112 0.000 0.024 0.032 0.043 0.070 0.156 0.036 0.075 0.089 0.116 0.137 0.150 0.175 0.178 0.119 0.170 0.084 0.111 0.038 0.095 0.129 0.162 0.135 0.013 0.067 0.000 0.000 0.000 0.001 0.005 0.010 0.005 0.011 0.029 1.101 1.122 1.104 1.106 1.090 1.097 1.144 1.269 1.381 1.459 1.509 1.547 1.581 1.681 1.723 1.763 1.808
0.964 0.955 0.953 0.952 0.080 0.002 0.014 0.091 0.089 0.181 0.056 0.132 0.060 0.009 0.005 0.123 0.059 0.010 0.015 0.049 0.027 0.039 0.034 0.101 0.075 0.095 0.063 0.030 0.020 0.025 0.099 0.037 0.096 0.082 0.087 0.155 0.087 0.195 0.277 0.275 0.148 0.161 0.063 0.041 0.055 0.029 0.060 0.092 0.026 0.315 0.047 0.065 0.032 0.001 0.000 0.006 0.004 0.002 0.002 0.004 0.007 0.015 0.084 0.116 1.065 1.068 1.084 1.156 1.207 1.294 1.331 1.364 1.420 1.495 1.629 1.728 1.808
0.955 0.951 0.957 0.964 0.047 0.052 0.139 0.121 0.050 0.182 0.092 0.184 0.041 0.005 0.036 0.010 0.050 0.100 0.046 0.032 0.028 0.039 0.062 0.038 0.008 0.000 0.125 0.074 0.023 0.014 0.000 0.061 0.084 0.181 0.123 0.095 0.267 0.165 0.203 0.204 0.196 0.192 0.239 0.253 0.086 0.091 0.170 0.100 0.000 0.030 0.005 0.006 0.053 0.104 0.000 0.043 0.000 0.000 0.004 0.002 0.005 0.004 0.027 0.040 0.033 0.080 1.053 1.058 1.117 1.123 1.126 1.185 1.254 1.358 1.524 1.652 1.739
0.946 0.949 0.966 0.982 0.983 0.095 0.075 0.023 0.058 0.052 0.058 0.000 0.018 0.031 0.048 0.002 0.096 0.054 0.053 0.023 0.000 0.016 0.074 0.073 0.119 0.031 0.037 0.119 0.000 0.019 0.056 0.032 0.058 0.053 0.064 0.052 0.210 0.125 0.120 0.151 0.190 0.134 0.197 0.168 0.196 0.217 0.098 0.093 0.133 0.009 0.000 0.000 0.000 0.061 0.097 0.022 0.022 0.000 0.000 0.000 0.004 0.002 0.004 0.000 0.003 0.055 0.059 0.990 0.981 0.969 0.950 1.011 1.089 1.211 1.388 1.480 1.586
0.926 0.948 0.972 0.999 1.005 0.983 0.096 0.039 0.083 0.027 0.030 0.058 0.086 0.070 0.061 0.026 0.066 0.018 0.089 0.027 0.009 0.000 0.002 0.059 0.014 0.011 0.000 0.114 0.091 0.002 0.006 0.007 0.029 0.076 0.037 0.114 0.069 0.141 0.375 0.166 0.236 0.177 0.136 0.106 0.121 0.229 0.203 0.185 0.127 0.119 0.067 0.319 0.000 0.000 0.010 0.139 0.046 0.026 0.000 0.000 0.005 0.000 0.000 0.000 0.000 0.014 0.022 0.117 0.002 0.025 0.012 0.018 0.030 1.048 1.205 1.314 1.398
0.908 0.929 0.960 0.990 0.998 0.972 0.070 0.179 0.148 0.124 0.063 0.059 0.089 0.059 0.106 0.076 0.087 0.068 0.034 0.044 0.032 0.007 0.044 0.023 0.033 0.019 0.037 0.095 0.134 0.144 0.010 0.006 0.020 0.078 0.107 0.044 0.031 0.115 0.204 0.203 0.147 0.154 0.204 0.081 0.128 0.189 0.142 0.083 0.086 0.130 0.030 0.234 0.445 0.000 0.000 0.110 0.153 0.109 0.000 0.010 0.005 0.000 0.000 0.000 0.001 0.010 0.054 0.002 0.003 0.031 0.009 0.024 0.051 0.008 0.008 0.010 0.017
0.876 0.908 0.935 0.952 0.955 0.943 0.927 0.028 0.064 0.119 0.078 0.053 0.004 0.119 0.013 0.118 0.002 0.024 0.057 0.011 0.001 0.021 0.013 0.031 0.024 0.037 0.040 0.016 0.023 0.144 0.033 0.003 0.009 0.004 0.041 0.024 0.087 0.234 0.242 0.163 0.112 0.118 0.197 0.205 0.208 0.156 0.098 0.086 0.054 0.131 0.092 0.099 0.085 0.555 0.236 0.029 0.042 0.112 0.100 0.000 0.000 0.034 0.000 0.003 0.001 0.061 0.012 0.001 0.003 0.033 0.018 0.010 0.014 0.018 0.011 0.005 0.010
0.855 0.877 0.887 0.904 0.909 0.903 0.898 0.910 0.923 0.050 0.201 0.042 0.083 0.045 0.056 0.049 0.009 0.004 0.046 0.024 0.002 0.070 0.016 0.000 0.015 0.033 0.043 0.012 0.065 0.051 0.114 0.003 0.003 0.066 0.014 0.021 0.063 0.096 0.112 0.066 0.160 0.097 0.094 0.217 0.144 0.148 0.179 0.177 0.091 0.188 0.052 0.045 0.089 0.000 0.423 0.196 0.015 0.051 0.084 0.000 0.017 0.115 0.000 0.000 0.019 0.199 0.000 0.002 0.004 0.025 0.039 0.003 0.002 0.033 0.003 0.017 0.014
0.807 0.838 0.853 0.865 0.868 0.869 0.870 0.880 0.885 0.900 0.914 0.917 0.916 0.030 0.043 0.117 0.235 0.042 0.051 0.024 0.049 0.089 0.034 0.002 0.057 0.019 0.025 0.039 0.060 0.002 0.141 0.135 0.084 0.015 0.009 0.027 0.166 0.061 0.231 0.173 0.153 0.115 0.123 0.099 0.192 0.262 0.147 0.198 0.149 0.125 0.081 0.116 0.011 0.029 0.000 0.136 0.209 0.034 0.016 0.289 0.028 0.000 0.005 0.052 0.165 0.000 0.000 0.002 0.004 0.063 0.111 0.004 0.000 0.026 0.006 0.017 0.006
