includes/estuary_coast/floodfiles/results/res-0009.wdfp
ncols         730
nrows         472
xllcorner     380617.130607059982140
yllcorner     6542069.774948899634182
cellsize      20.000000000000000
NODATA_value  -9999.000000
[rows 340 to 373 of 472, columns 0 to 76 of 730]
3.472 3.470 3.471 3.468 3.455 3.421 3.393 3.360 3.346 3.338 3.327 3.304 3.252 3.177 3.140 3.102 3.068 3.034 2.957 2.894 2.852 2.778 2.745 2.670 2.627 2.571 2.502 2.414 2.348 2.325 2.309 2.268 2.189 2.062 1.933 1.797 1.718 1.701 1.735 1.774 1.779 1.788 1.808 1.811 1.811 1.810 1.783 1.783 1.782 1.781 1.782 1.784 1.786 1.796 1.816 1.835 0.851 0.877 0.829 0.831 0.950 0.928 0.864 0.842 0.858 0.788 0.818 0.724 0.708 0.712 0.631 0.482 0.415 0.323 0.354 0.481 0.453
3.486 3.474 3.470 3.465 3.460 3.422 3.395 3.372 3.352 3.351 3.347 3.327 3.275 3.206 3.157 3.118 3.087 3.060 2.996 2.939 2.899 2.821 2.782 2.744 2.655 2.602 2.540 2.452 2.385 2.331 2.303 2.256 2.176 2.062 1.904 1.755 1.663 1.648 1.696 1.759 1.804 1.801 1.809 1.811 1.810 1.809 1.802 1.785 1.784 1.782 1.782 1.784 1.786 1.800 1.812 0.866 0.868 0.879 0.932 1.036 0.883 0.838 0.833 0.901 0.737 0.765 0.689 0.705 0.748 0.645 0.645 0.687 0.517 0.489 0.423 0.573 0.454
3.533 3.486 3.484 3.476 3.466 3.448 3.400 3.375 3.354 3.354 3.353 3.336 3.286 3.233 3.164 3.124 3.097 3.078 3.054 2.982 2.908 2.863 2.821 2.783 2.716 2.655 2.599 2.510 2.455 2.386 2.311 2.256 2.177 2.068 1.933 1.770 1.681 1.664 1.709 1.769 1.811 1.826 1.810 1.810 1.807 1.808 1.802 1.801 1.788 1.785 1.784 1.784 1.780 0.941 0.873 1.098 1.046 1.026 0.888 0.923 1.005 0.759 0.768 0.868 0.967 0.898 0.858 0.860 0.823 0.748 0.809 0.642 0.645 0.673 0.557 0.471 0.554
3.567 3.520 3.506 3.494 3.480 3.461 3.434 3.383 3.357 3.351 3.347 3.332 3.284 3.232 3.179 3.121 3.093 3.082 3.071 3.044 2.951 2.903 2.863 2.830 2.797 2.715 2.634 2.574 2.487 2.430 2.376 2.275 2.199 2.103 1.988 1.858 1.762 1.743 1.763 1.808 1.835 1.832 1.824 1.804 1.799 1.801 1.803 1.804 1.787 1.781 1.776 1.772 0.862 0.897 0.918 0.654 1.075 0.894 0.822 0.844 0.950 0.961 0.818 0.840 0.889 0.916 0.829 0.862 0.847 0.741 0.770 0.709 0.776 0.630 0.550 0.552 0.548
3.606 3.576 3.535 3.519 3.503 3.482 3.467 3.416 3.368 3.354 3.344 3.332 3.301 3.229 3.174 3.113 3.087 3.080 3.077 3.061 3.002 2.929 2.893 2.869 2.848 2.819 2.708 2.643 2.546 2.479 2.417 2.354 2.242 2.161 2.057 1.965 1.886 1.836 1.840 1.854 1.860 1.852 1.815 1.802 1.794 1.796 1.802 1.803 1.798 1.774 1.763 1.762 0.910 0.824 0.962 0.878 0.896 1.015 0.887 0.777 0.881 0.814 0.776 0.836 0.825 0.899 0.842 0.975 0.828 0.800 0.787 0.693 0.653 0.688 0.573 0.515 0.532
3.645 3.624 3.605 3.564 3.547 3.527 3.500 3.464 3.408 3.377 3.359 3.337 3.305 3.261 3.179 3.115 3.086 3.078 3.078 3.066 3.012 2.972 2.916 2.902 2.895 2.876 2.813 2.720 2.602 2.534 2.468 2.409 2.307 2.240 2.140 2.067 1.987 1.951 1.908 1.900 1.890 1.872 1.833 1.810 1.802 1.800 1.805 1.804 1.795 0.823 0.878 0.964 1.044 1.078 1.035 1.026 0.969 0.901 0.938 0.937 0.839 0.860 0.853 0.834 0.824 0.817 0.863 0.818 0.812 0.762 0.722 0.859 0.745 0.819 0.609 0.523 0.549
3.681 3.655 3.636 3.621 3.584 3.567 3.543 3.506 3.476 3.406 3.380 3.354 3.321 3.278 3.199 3.139 3.100 3.087 3.082 3.072 3.016 2.980 2.951 2.925 2.931 2.922 2.874 2.777 2.651 2.567 2.501 2.450 2.403 2.313 2.224 2.156 2.074 2.029 1.966 1.944 1.923 1.899 1.856 1.828 1.821 1.815 1.815 1.811 0.926 0.775 0.824 0.992 0.802 1.004 1.039 0.956 0.847 1.005 0.910 0.925 0.879 0.878 0.829 0.830 0.907 0.843 0.905 0.819 0.796 0.818 0.826 1.033 0.708 0.688 0.714 0.703 0.662
3.705 3.679 3.662 3.652 3.645 3.614 3.585 3.553 3.508 3.474 3.429 3.390 3.358 3.318 3.272 3.181 3.129 3.111 3.099 3.082 3.057 2.987 2.958 2.935 2.945 2.941 2.897 2.798 2.701 2.583 2.521 2.481 2.450 2.414 2.300 2.209 2.141 2.087 2.046 2.015 1.963 1.937 1.891 1.871 1.850 1.833 1.827 1.818 0.960 0.990 0.938 0.889 0.963 0.940 0.958 0.900 0.906 0.868 0.912 0.924 0.868 0.907 0.887 0.848 0.811 0.741 0.816 0.802 0.829 0.764 0.785 0.918 0.708 0.610 0.625 0.557 0.621
3.732 3.695 3.683 3.680 3.682 3.678 3.644 3.607 3.557 3.519 3.486 3.423 3.394 3.360 3.303 3.262 3.173 3.146 3.125 3.102 3.073 3.000 2.967 2.934 2.935 2.928 2.887 2.793 2.699 2.613 2.527 2.500 2.485 2.459 2.392 2.271 2.193 2.130 2.083 2.049 1.992 1.944 1.922 1.893 1.878 1.852 1.842 1.830 1.812 0.945 0.821 0.889 0.904 0.937 0.899 0.911 1.832 1.856 0.903 0.888 0.923 0.927 0.941 0.802 0.748 0.733 0.745 0.862 0.840 0.819 0.819 0.730 0.636 0.668 0.620 0.557 0.461
3.736 3.720 3.704 3.707 3.714 3.714 3.694 3.644 3.589 3.547 3.514 3.488 3.434 3.407 3.355 3.317 3.257 3.187 3.159 3.131 3.099 3.071 2.992 2.930 2.918 2.901 2.862 2.797 2.688 2.606 2.527 2.504 2.501 2.481 2.428 2.330 2.215 2.144 2.094 2.060 2.038 1.971 1.949 1.920 1.902 1.887 1.858 1.845 1.829 0.910 0.813 1.013 1.025 1.777 1.797 1.822 1.846 1.862 1.882 0.930 0.981 0.912 0.881 0.828 0.779 0.712 0.817 0.769 0.837 0.969 0.835 0.739 0.713 0.606 0.590 0.593 0.398
3.739 3.727 3.713 3.718 3.730 3.734 3.716 3.671 3.608 3.565 3.534 3.514 3.499 3.457 3.408 3.368 3.305 3.280 3.209 3.179 3.147 3.109 3.043 2.968 2.915 2.886 2.844 2.785 2.683 2.606 2.529 2.504 2.501 2.485 2.434 2.336 2.245 2.139 2.084 2.055 2.040 2.011 1.984 1.941 1.921 1.909 1.895 1.867 1.853 0.777 1.811 1.807 1.799 1.805 1.818 1.834 1.851 1.862 1.875 1.883 1.878 0.950 1.001 0.860 0.891 0.809 0.728 0.790 0.842 0.955 0.788 0.788 0.806 0.872 0.748 0.669 0.630
3.760 3.724 3.718 3.720 3.728 3.730 3.715 3.673 3.628 3.573 3.546 3.534 3.527 3.514 3.462 3.402 3.355 3.317 3.288 3.223 3.194 3.158 3.088 3.046 2.930 2.890 2.844 2.788 2.722 2.621 2.542 2.505 2.492 2.471 2.422 2.325 2.233 2.144 2.063 2.032 2.027 2.024 2.002 1.959 1.938 1.922 1.909 1.897 1.871 1.850 1.838 1.835 1.832 1.828 1.835 1.845 1.855 1.866 1.871 1.871 1.871 1.863 0.937 0.908 0.888 0.827 0.767 0.858 0.819 0.782 0.786 1.066 0.601 0.586 0.657 0.668 0.594
3.766 3.755 3.734 3.726 3.719 3.716 3.702 3.664 3.626 3.581 3.556 3.545 3.543 3.535 3.510 3.433 3.384 3.347 3.322 3.303 3.249 3.188 3.141 3.060 3.008 2.909 2.860 2.814 2.754 2.689 2.572 2.516 2.487 2.456 2.405 2.312 2.222 2.131 2.047 2.015 2.015 2.023 2.007 1.988 1.945 1.928 1.916 1.908 1.892 1.870 1.863 1.856 1.852 1.853 1.855 1.860 1.866 1.872 1.876 1.870 1.868 1.863 1.855 0.952 0.912 0.855 0.762 0.911 0.835 0.829 0.866 0.664 0.622 0.577 0.601 0.579 0.615
3.806 3.777 3.762 3.733 3.716 3.709 3.695 3.671 3.624 3.582 3.558 3.546 3.546 3.542 3.519 3.466 3.401 3.368 3.351 3.343 3.328 3.271 3.203 3.112 3.049 2.994 2.893 2.844 2.791 2.699 2.643 2.536 2.496 2.453 2.400 2.332 2.226 2.140 2.057 2.023 2.020 2.026 2.010 1.990 1.966 1.928 1.921 1.915 1.911 1.894 1.882 1.875 1.871 1.871 1.872 1.869 1.872 1.877 1.879 1.880 1.872 1.869 1.862 1.852 1.839 0.955 0.893 0.891 0.952 0.872 0.742 0.685 0.593 0.690 0.580 0.646 0.595
3.818 3.800 3.781 3.765 3.726 3.712 3.695 3.673 3.641 3.587 3.563 3.545 3.541 3.535 3.515 3.466 3.427 3.385 3.376 3.376 3.373 3.334 3.251 3.149 3.075 3.016 2.969 2.881 2.836 2.748 2.690 2.607 2.515 2.464 2.409 2.344 2.271 2.168 2.086 2.053 2.042 2.033 2.014 1.991 1.964 1.929 1.916 1.912 1.913 1.913 1.900 1.883 1.880 1.878 1.879 1.880 1.878 1.882 1.885 1.889 1.892 1.882 1.877 1.868 1.859 1.848 1.038 1.037 1.026 0.763 0.609 0.689 0.734 0.636 0.651 0.641 0.679
3.851 3.828 3.805 3.784 3.755 3.724 3.706 3.690 3.654 3.622 3.577 3.549 3.538 3.526 3.507 3.460 3.427 3.390 3.387 3.399 3.401 3.368 3.283 3.170 3.089 3.029 2.987 2.956 2.880 2.803 2.739 2.645 2.586 2.487 2.430 2.372 2.309 2.215 2.138 2.084 2.064 2.048 2.030 1.994 1.965 1.929 1.914 1.910 1.912 1.914 1.904 1.898 1.884 1.881 1.880 1.883 1.886 1.891 1.894 1.901 1.913 1.917 1.906 1.897 1.886 1.871 1.855 1.854 0.731 0.742 0.772 0.648 0.653 0.699 0.695 0.707 0.667
3.894 3.861 3.832 3.803 3.783 3.767 3.731 3.710 3.671 3.642 3.614 3.571 3.539 3.523 3.503 3.478 3.410 3.392 3.388 3.395 3.398 3.367 3.282 3.194 3.089 3.031 2.999 2.977 2.953 2.861 2.764 2.682 2.608 2.545 2.452 2.401 2.348 2.261 2.211 2.120 2.090 2.065 2.040 2.012 1.972 1.933 1.923 1.916 1.916 1.910 1.906 1.900 1.892 1.882 1.878 1.879 1.886 1.898 1.907 1.921 1.935 1.944 1.945 1.929 1.916 1.899 1.880 1.865 0.888 0.809 0.778 0.725 0.767 0.786 0.870 0.761 0.733
3.933 3.884 3.849 3.817 3.800 3.787 3.756 3.736 3.697 3.666 3.636 3.592 3.548 3.528 3.507 3.469 3.429 3.393 3.383 3.374 3.369 3.338 3.258 3.178 3.082 3.028 3.003 2.996 2.980 2.930 2.798 2.701 2.618 2.553 2.503 2.429 2.354 2.304 2.229 2.183 2.112 2.080 2.062 2.033 2.003 1.951 1.936 1.928 1.919 1.917 1.908 1.901 1.892 1.880 1.874 1.874 1.885 1.900 1.921 1.940 1.962 1.979 1.983 1.976 1.950 1.925 1.905 1.889 1.874 0.874 0.845 0.815 0.844 0.839 0.783 0.795 0.729
3.946 3.908 3.858 3.828 3.814 3.808 3.800 3.773 3.727 3.691 3.647 3.618 3.571 3.540 3.518 3.493 3.444 3.420 3.379 3.352 3.331 3.299 3.249 3.160 3.072 3.024 3.003 3.003 2.993 2.942 2.837 2.704 2.614 2.547 2.505 2.479 2.422 2.352 2.274 2.219 2.171 2.100 2.069 2.042 1.995 1.975 1.941 1.933 1.927 1.922 1.916 1.904 1.894 1.881 1.876 1.877 1.889 1.907 1.933 1.964 1.992 2.021 2.028 2.016 1.988 1.960 1.938 1.922 1.910 0.990 0.980 0.926 0.966 0.949 0.811 0.811 0.707
3.940 3.905 3.869 3.833 3.827 3.830 3.828 3.805 3.757 3.712 3.672 3.622 3.596 3.553 3.532 3.483 3.456 3.429 3.405 3.331 3.307 3.275 3.231 3.160 3.068 3.025 2.994 2.992 2.977 2.927 2.822 2.719 2.604 2.536 2.497 2.481 2.448 2.380 2.296 2.230 2.173 2.129 2.068 2.044 2.003 1.987 1.964 1.941 1.934 1.927 1.921 1.913 1.899 1.891 1.887 1.889 1.902 1.918 1.945 1.980 2.019 2.050 2.060 2.045 2.017 1.983 1.955 1.942 1.934 1.928 1.055 1.067 1.029 0.889 0.899 0.819 0.834
3.919 3.891 3.863 3.834 3.835 3.845 3.850 3.829 3.787 3.725 3.664 3.628 3.603 3.586 3.550 3.504 3.473 3.441 3.411 3.339 3.298 3.265 3.225 3.160 3.098 3.030 2.988 2.971 2.941 2.890 2.794 2.699 2.585 2.518 2.485 2.478 2.464 2.402 2.304 2.226 2.159 2.108 2.076 2.036 2.005 1.993 1.973 1.969 1.945 1.938 1.932 1.925 1.911 1.902 1.901 1.905 1.916 1.935 1.954 1.987 2.026 2.057 2.067 2.051 2.023 1.991 1.972 1.957 1.956 1.956 1.952 1.126 1.032 0.989 0.954 0.903 0.955
3.896 3.877 3.842 3.830 3.834 3.848 3.853 3.833 3.788 3.736 3.663 3.627 3.607 3.596 3.581 3.531 3.491 3.452 3.401 3.355 3.298 3.266 3.231 3.155 3.110 3.067 3.004 2.945 2.911 2.860 2.791 2.660 2.579 2.516 2.482 2.477 2.463 2.400 2.321 2.209 2.130 2.071 2.042 2.035 2.005 1.992 1.983 1.972 1.961 1.939 1.934 1.929 1.918 1.917 1.913 1.918 1.928 1.944 1.965 1.985 2.017 2.043 2.050 2.038 2.013 1.990 1.977 1.973 1.976 1.980 1.976 1.963 1.045 1.073 1.029 0.992 0.987
3.878 3.864 3.833 3.825 3.826 3.834 3.833 3.812 3.772 3.723 3.654 3.622 3.607 3.603 3.590 3.562 3.506 3.458 3.391 3.357 3.329 3.278 3.246 3.173 3.127 3.081 3.004 2.935 2.894 2.844 2.761 2.671 2.587 2.526 2.488 2.473 2.451 2.382 2.302 2.189 2.100 2.031 1.999 2.001 2.016 1.991 1.983 1.970 1.958 1.948 1.931 1.921 1.921 1.924 1.928 1.927 1.936 1.958 1.973 1.991 2.006 2.019 2.024 2.021 2.008 1.987 1.979 1.978 1.983 1.990 1.987 1.974 1.950 1.138 1.115 1.077 0.995
3.865 3.836 3.827 3.815 3.813 3.807 3.796 3.776 3.743 3.702 3.642 3.616 3.607 3.609 3.603 3.572 3.524 3.458 3.389 3.357 3.335 3.316 3.268 3.199 3.146 3.072 3.025 2.947 2.882 2.835 2.780 2.684 2.622 2.547 2.498 2.460 2.426 2.373 2.284 2.173 2.082 2.009 1.976 1.986 2.008 2.008 1.981 1.965 1.949 1.936 1.937 1.930 1.930 1.936 1.943 1.950 1.951 1.960 1.971 1.987 1.999 2.004 2.008 2.006 2.000 1.994 1.979 1.979 1.983 1.988 1.985 1.975 1.956 1.944 1.099 1.052 1.025
3.856 3.820 3.809 3.800 3.794 3.782 3.762 3.744 3.717 3.685 3.639 3.610 3.603 3.603 3.596 3.564 3.515 3.443 3.383 3.355 3.338 3.329 3.293 3.223 3.157 3.094 3.004 2.957 2.885 2.843 2.759 2.703 2.645 2.592 2.493 2.457 2.416 2.363 2.271 2.174 2.092 2.022 1.993 1.998 2.015 2.009 1.997 1.963 1.939 1.921 1.916 1.921 1.925 1.936 1.945 1.953 1.960 1.960 1.968 1.980 1.990 2.000 1.997 1.998 1.996 1.993 1.990 1.981 1.983 1.983 1.980 1.973 1.959 1.953 1.102 1.104 1.025
3.852 3.819 3.805 3.791 3.779 3.754 3.736 3.718 3.696 3.659 3.630 3.607 3.593 3.582 3.571 3.534 3.488 3.427 3.368 3.349 3.349 3.350 3.319 3.259 3.166 3.063 3.000 2.954 2.919 2.861 2.783 2.727 2.668 2.613 2.510 2.459 2.415 2.337 2.279 2.201 2.120 2.063 2.034 2.021 2.023 2.015 1.996 1.956 1.926 1.902 1.898 1.912 1.928 1.936 1.947 1.955 1.960 1.964 1.964 1.975 1.983 1.994 1.999 1.993 1.994 1.993 1.991 1.995 1.983 1.980 1.977 1.973 1.968 1.959 1.961 1.172 1.116
3.852 3.839 3.806 3.785 3.752 3.736 3.711 3.695 3.664 3.645 3.609 3.593 3.571 3.545 3.529 3.501 3.463 3.401 3.358 3.345 3.351 3.354 3.325 3.259 3.177 3.053 2.989 2.947 2.922 2.893 2.819 2.749 2.682 2.599 2.531 2.458 2.414 2.368 2.286 2.229 2.173 2.112 2.065 2.050 2.041 2.026 1.986 1.957 1.925 1.900 1.895 1.911 1.929 1.947 1.950 1.956 1.958 1.962 1.966 1.968 1.979 1.989 1.997 2.003 1.998 1.998 1.997 2.001 1.999 1.983 1.980 1.977 1.974 1.972 1.965 1.970 1.110
3.866 3.836 3.805 3.774 3.739 3.708 3.690 3.675 3.655 3.618 3.599 3.580 3.564 3.515 3.496 3.471 3.440 3.384 3.352 3.336 3.337 3.330 3.297 3.234 3.154 3.030 2.970 2.936 2.924 2.910 2.858 2.770 2.692 2.589 2.530 2.484 2.422 2.383 2.309 2.259 2.209 2.143 2.097 2.076 2.058 2.019 1.994 1.968 1.941 1.919 1.914 1.926 1.939 1.953 1.952 1.956 1.955 1.955 1.957 1.965 1.976 1.988 1.999 2.008 2.013 2.007 2.012 2.009 2.006 2.003 1.987 1.985 1.984 1.981 1.978 1.970 1.211
3.878 3.848 3.806 3.762 3.718 3.692 3.674 3.662 3.638 3.611 3.589 3.567 3.521 3.501 3.466 3.445 3.397 3.373 3.337 3.324 3.297 3.274 3.241 3.185 3.114 3.008 2.956 2.931 2.929 2.919 2.873 2.797 2.688 2.581 2.519 2.477 2.447 2.401 2.333 2.285 2.213 2.171 2.123 2.095 2.074 2.053 2.013 1.990 1.964 1.948 1.938 1.943 1.953 1.961 1.956 1.957 1.953 1.950 1.952 1.963 1.979 1.991 2.005 2.017 2.024 2.032 2.024 2.019 2.015 2.013 2.012 1.997 1.995 1.992 1.987 1.982 1.206
3.875 3.842 3.796 3.751 3.702 3.677 3.662 3.649 3.638 3.602 3.572 3.528 3.500 3.460 3.439 3.419 3.356 3.334 3.314 3.298 3.267 3.222 3.190 3.143 3.086 3.004 2.947 2.927 2.923 2.911 2.863 2.783 2.668 2.562 2.500 2.464 2.445 2.414 2.356 2.304 2.230 2.184 2.149 2.106 2.085 2.047 2.029 2.010 1.992 1.968 1.963 1.964 1.968 1.966 1.961 1.959 1.957 1.952 1.955 1.966 1.983 2.000 2.013 2.028 2.040 2.042 2.036 2.027 2.022 2.021 2.023 2.025 2.012 2.008 2.002 1.994 1.977
3.846 3.814 3.772 3.723 3.689 3.659 3.653 3.651 3.635 3.605 3.565 3.513 3.465 3.436 3.414 3.397 3.341 3.319 3.296 3.275 3.221 3.179 3.148 3.109 3.040 2.990 2.947 2.920 2.897 2.878 2.827 2.740 2.642 2.539 2.479 2.449 2.441 2.422 2.385 2.313 2.234 2.184 2.146 2.121 2.090 2.058 2.043 2.027 2.013 1.991 1.984 1.983 1.976 1.977 1.973 1.969 1.964 1.962 1.965 1.977 1.989 2.005 2.020 2.037 2.048 2.050 2.043 2.036 2.027 2.029 2.035 2.042 2.045 2.031 2.021 2.010 1.991
3.787 3.764 3.731 3.699 3.662 3.650 3.651 3.654 3.640 3.603 3.554 3.484 3.442 3.411 3.391 3.366 3.348 3.309 3.280 3.220 3.190 3.143 3.114 3.053 3.019 2.957 2.927 2.890 2.845 2.818 2.771 2.705 2.605 2.523 2.469 2.443 2.439 2.425 2.385 2.326 2.227 2.171 2.130 2.107 2.099 2.070 2.059 2.046 2.022 2.017 2.008 2.005 2.003 1.986 1.983 1.980 1.976 1.978 1.981 1.988 1.999 2.005 2.021 2.038 2.050 2.051 2.044 2.037 2.036 2.037 2.049 2.063 2.072 2.068 2.044 2.022 2.008
3.734 3.719 3.697 3.675 3.645 3.640 3.643 3.642 3.625 3.585 3.534 3.466 3.418 3.381 3.368 3.360 3.329 3.293 3.254 3.196 3.139 3.108 3.082 3.038 2.975 2.943 2.912 2.885 2.806 2.774 2.730 2.675 2.587 2.523 2.472 2.447 2.433 2.413 2.372 2.311 2.214 2.153 2.108 2.086 2.084 2.079 2.064 2.054 2.036 2.029 2.024 2.017 2.014 1.997 1.994 1.991 1.991 1.992 1.994 1.998 2.004 2.006 2.018 2.034 2.042 2.043 2.038 2.033 2.036 2.043 2.063 2.084 2.095 2.086 2.068 2.037 2.023
3.688 3.677 3.664 3.638 3.624 3.619 3.611 3.608 3.581 3.542 3.494 3.442 3.389 3.369 3.364 3.358 3.333 3.289 3.229 3.152 3.110 3.080 3.057 3.017 2.966 2.932 2.896 2.826 2.794 2.746 2.699 2.629 2.581 2.522 2.483 2.438 2.421 2.383 2.340 2.282 2.198 2.136 2.089 2.068 2.070 2.076 2.076 2.058 2.042 2.036 2.031 2.028 2.018 2.008 2.004 2.002 2.002 2.005 2.009 2.011 2.009 2.012 2.017 2.020 2.028 2.031 2.029 2.029 2.032 2.043 2.068 2.095 2.108 2.098 2.075 2.052 2.034
