includes/estuary_coast/floodfiles/results/res-0000.wdfp
ncols         730
nrows         472
xllcorner     380617.130607059982140
yllcorner     6542069.774948899634182
cellsize      20.000000000000000
NODATA_value  -9999.000000
[rows 306 to 339 of 472, columns 0 to 76 of 730]
3.751 3.734 3.695 3.675 3.649 3.633 3.617 3.579 3.562 3.547 3.530 3.501 3.488 3.469 3.445 3.412 3.367 3.341 3.338 3.337 3.323 3.284 3.241 3.196 3.151 3.118 3.107 3.096 3.062 3.017 2.978 2.940 2.907 2.878 2.861 2.850 2.806 2.775 2.760 2.734 2.702 2.671 2.635 2.620 2.604 2.604 2.595 2.566 2.538 2.516 2.506 2.503 2.513 2.514 2.491 2.448 2.411 2.385 2.364 2.351 2.343 2.334 2.325 1.545 1.503 1.548 1.183 1.466 1.302 1.048 1.024 1.116 0.998 1.010 0.988 0.997 0.928
3.751 3.730 3.689 3.665 3.645 3.623 3.610 3.575 3.560 3.544 3.508 3.490 3.474 3.456 3.423 3.389 3.353 3.340 3.328 3.321 3.304 3.262 3.220 3.176 3.123 3.107 3.100 3.093 3.059 3.007 2.955 2.907 2.868 2.837 2.820 2.780 2.748 2.721 2.698 2.670 2.642 2.591 2.575 2.559 2.570 2.541 2.531 2.509 2.487 2.492 2.491 2.498 2.517 2.520 2.494 2.442 2.396 2.363 2.344 2.331 2.315 2.310 2.291 2.261 1.519 1.316 1.574 1.458 1.377 1.203 0.981 0.945 1.087 1.047 0.938 0.818 0.973
3.754 3.724 3.680 3.653 3.632 3.618 3.595 3.574 3.547 3.528 3.489 3.470 3.449 3.432 3.413 3.367 3.349 3.331 3.302 3.290 3.269 3.239 3.199 3.139 3.113 3.097 3.101 3.093 3.052 2.995 2.929 2.872 2.828 2.798 2.771 2.753 2.692 2.659 2.623 2.619 2.558 2.536 2.523 2.490 2.477 2.480 2.471 2.456 2.443 2.439 2.466 2.478 2.493 2.497 2.471 2.417 2.373 2.341 2.324 2.313 2.312 2.307 2.290 2.252 1.321 1.372 1.372 1.169 0.975 0.945 1.078 0.992 1.004 1.115 0.739 0.782 0.776
3.748 3.708 3.661 3.632 3.612 3.601 3.587 3.575 3.548 3.524 3.481 3.460 3.438 3.422 3.405 3.360 3.341 3.323 3.280 3.262 3.240 3.214 3.184 3.136 3.095 3.085 3.085 3.072 3.025 2.967 2.903 2.839 2.782 2.762 2.745 2.728 2.680 2.631 2.579 2.532 2.493 2.471 2.461 2.429 2.409 2.397 2.389 2.397 2.388 2.367 2.397 2.414 2.440 2.442 2.407 2.371 2.341 2.319 2.311 2.311 2.318 2.309 2.274 2.234 2.199 1.116 1.263 1.296 1.302 1.255 1.079 0.811 1.055 0.913 1.113 0.765 0.552
3.727 3.692 3.648 3.620 3.603 3.596 3.591 3.578 3.548 3.503 3.473 3.448 3.430 3.413 3.374 3.355 3.333 3.290 3.249 3.219 3.196 3.173 3.149 3.097 3.078 3.060 3.052 3.024 2.987 2.931 2.873 2.794 2.763 2.751 2.751 2.729 2.671 2.603 2.535 2.473 2.426 2.396 2.374 2.367 2.351 2.337 2.325 2.312 2.296 2.299 2.315 2.335 2.346 2.351 2.339 2.318 2.300 2.294 2.297 2.305 2.314 2.304 2.263 2.219 2.184 2.162 1.261 1.272 1.029 0.859 1.166 1.070 0.926 0.842 1.037 0.954 0.958
3.709 3.666 3.636 3.613 3.599 3.595 3.593 3.577 3.548 3.495 3.462 3.436 3.419 3.396 3.373 3.343 3.312 3.258 3.226 3.192 3.168 3.147 3.093 3.074 3.059 3.040 2.999 2.976 2.942 2.898 2.846 2.776 2.742 2.745 2.743 2.714 2.647 2.569 2.487 2.414 2.348 2.323 2.314 2.298 2.284 2.265 2.242 2.219 2.216 2.216 2.231 2.231 2.234 2.270 2.268 2.260 2.254 2.243 2.257 2.270 2.281 2.271 2.231 2.193 2.165 2.152 1.108 1.184 1.060 1.166 1.085 0.901 0.855 0.958 0.880 0.872 0.868
3.677 3.650 3.628 3.610 3.598 3.589 3.584 3.567 3.536 3.473 3.439 3.417 3.406 3.402 3.383 3.348 3.307 3.244 3.203 3.168 3.138 3.119 3.069 3.051 3.032 2.976 2.954 2.928 2.868 2.835 2.786 2.735 2.726 2.719 2.709 2.675 2.604 2.526 2.444 2.355 2.304 2.281 2.281 2.274 2.250 2.217 2.178 2.140 2.112 2.120 2.116 2.125 2.150 2.161 2.167 2.177 2.179 2.189 2.202 2.217 2.215 2.208 2.187 2.163 2.141 2.139 2.151 1.056 1.029 0.821 0.864 0.884 1.121 0.768 0.796 0.889 0.929
3.657 3.642 3.618 3.605 3.582 3.576 3.560 3.541 3.513 3.458 3.429 3.410 3.405 3.405 3.390 3.352 3.288 3.226 3.175 3.135 3.109 3.069 3.026 3.003 2.975 2.915 2.879 2.850 2.822 2.795 2.727 2.709 2.691 2.655 2.638 2.601 2.545 2.483 2.392 2.331 2.284 2.275 2.275 2.256 2.220 2.171 2.113 2.057 2.016 1.998 2.013 2.030 2.058 2.074 2.098 2.109 2.113 2.125 2.129 2.135 2.146 2.145 2.135 2.123 2.117 2.117 2.132 1.182 0.857 0.890 1.000 1.049 1.223 0.963 0.964 0.991 0.948
3.619 3.608 3.597 3.587 3.569 3.548 3.537 3.519 3.485 3.447 3.420 3.406 3.403 3.401 3.384 3.342 3.270 3.184 3.128 3.087 3.066 3.042 3.024 2.989 2.950 2.881 2.840 2.800 2.773 2.753 2.688 2.670 2.648 2.597 2.573 2.537 2.491 2.437 2.367 2.304 2.282 2.274 2.266 2.234 2.187 2.124 2.053 1.971 1.922 1.915 1.935 0.965 0.965 2.015 2.016 2.012 2.039 2.050 2.056 2.058 2.073 2.065 2.082 2.078 2.066 1.177 0.799 1.012 0.725 0.806 0.927 0.767 1.180 1.077 1.005 0.684 0.803
3.601 3.593 3.584 3.574 3.537 3.528 3.516 3.488 3.469 3.435 3.416 3.402 3.383 3.378 3.358 3.311 3.237 3.160 3.104 3.065 3.050 3.042 3.023 2.979 2.903 2.845 2.793 2.752 2.722 2.666 2.650 2.631 2.572 2.505 2.476 2.442 2.404 2.366 2.306 2.286 2.268 2.256 2.224 2.189 2.147 2.083 1.998 1.925 1.872 1.867 0.896 0.870 0.814 0.906 1.958 1.944 1.937 1.952 1.982 1.992 1.999 2.008 2.010 2.015 0.852 0.943 0.818 0.959 0.764 0.994 0.821 0.730 0.856 0.878 0.971 0.880 0.912
3.581 3.575 3.566 3.543 3.532 3.510 3.498 3.472 3.436 3.418 3.401 3.372 3.363 3.341 3.318 3.280 3.205 3.140 3.090 3.058 3.046 3.043 3.018 2.968 2.878 2.805 2.742 2.678 2.650 2.618 2.591 2.563 2.496 2.457 2.414 2.381 2.350 2.293 2.268 2.254 2.237 2.196 2.173 2.139 2.095 2.050 1.977 1.918 1.873 1.869 0.955 0.863 0.838 0.894 0.895 0.920 1.856 1.867 1.891 1.926 1.947 1.955 1.957 0.942 0.793 1.091 0.968 0.923 0.886 1.029 0.835 0.749 0.940 0.866 0.844 0.860 0.713
3.573 3.565 3.554 3.530 3.502 3.490 3.479 3.453 3.426 3.408 3.390 3.373 3.339 3.308 3.285 3.241 3.176 3.131 3.086 3.059 3.040 3.031 3.001 2.944 2.825 2.745 2.678 2.635 2.620 2.601 2.574 2.535 2.457 2.406 2.360 2.319 2.293 2.245 2.225 2.204 2.159 2.138 2.113 2.082 2.023 1.997 1.950 1.918 1.896 0.822 0.837 0.869 0.796 0.839 0.849 0.856 0.930 0.876 1.851 1.889 1.909 1.005 0.838 0.963 0.990 0.948 0.936 0.650 0.749 0.893 0.785 0.661 0.665 0.603 0.871 0.908 0.797
3.567 3.560 3.540 3.505 3.490 3.478 3.469 3.447 3.421 3.400 3.378 3.339 3.299 3.279 3.257 3.218 3.157 3.121 3.088 3.051 3.024 2.999 2.963 2.906 2.793 2.716 2.651 2.612 2.603 2.596 2.565 2.487 2.419 2.353 2.298 2.261 2.222 2.200 2.181 2.126 2.068 2.045 2.016 1.991 1.971 1.937 1.924 1.921 1.896 1.895 1.899 0.869 0.893 0.944 0.902 0.917 0.876 0.854 0.877 0.856 0.979 0.857 0.917 0.878 0.977 0.949 1.009 1.161 0.906 1.094 1.016 0.891 0.801 0.916 0.655 0.799 0.765
3.563 3.553 3.535 3.494 3.479 3.463 3.457 3.442 3.416 3.388 3.358 3.321 3.275 3.255 3.234 3.168 3.140 3.108 3.079 3.030 2.992 2.966 2.929 2.863 2.775 2.701 2.645 2.612 2.602 2.589 2.548 2.462 2.378 2.284 2.224 2.191 2.167 2.149 2.123 2.057 2.011 1.965 1.936 1.913 1.904 1.888 1.893 1.907 1.888 1.891 1.893 1.892 1.886 1.873 0.901 0.807 0.888 1.000 0.858 0.933 0.956 1.116 1.113 1.067 0.933 0.939 0.841 0.931 1.034 0.950 0.885 0.969 0.983 0.810 0.820 0.670 0.655
3.558 3.544 3.510 3.479 3.467 3.463 3.462 3.447 3.419 3.382 3.340 3.282 3.253 3.231 3.189 3.158 3.131 3.100 3.070 2.994 2.967 2.938 2.885 2.839 2.758 2.702 2.649 2.602 2.589 2.566 2.511 2.426 2.322 2.242 2.182 2.155 2.148 2.138 2.098 2.018 1.949 1.882 1.831 1.814 1.803 1.825 1.848 1.846 1.868 1.876 1.862 1.864 1.861 1.851 1.846 1.831 1.825 0.937 0.922 0.913 0.958 0.754 0.883 0.958 0.984 0.982 0.902 0.950 0.721 0.766 0.784 0.870 0.685 0.843 0.884 0.857 0.875
3.541 3.526 3.493 3.472 3.463 3.463 3.464 3.450 3.416 3.372 3.310 3.261 3.230 3.211 3.180 3.148 3.119 3.084 3.036 3.005 2.945 2.915 2.863 2.787 2.740 2.693 2.624 2.596 2.554 2.522 2.472 2.382 2.291 2.219 2.166 2.145 2.144 2.127 2.077 1.975 1.879 1.785 1.714 1.678 1.694 1.737 1.782 1.794 1.816 1.841 1.848 1.853 1.849 1.848 1.852 1.847 1.834 1.836 0.840 0.932 0.873 0.887 0.965 0.958 0.914 0.988 0.970 0.659 0.975 0.747 0.848 0.876 1.044 1.020 0.916 0.863 0.760
3.529 3.515 3.484 3.471 3.457 3.457 3.452 3.436 3.402 3.355 3.291 3.233 3.204 3.187 3.174 3.153 3.117 3.075 3.022 2.958 2.925 2.896 2.833 2.777 2.732 2.686 2.644 2.573 2.518 2.482 2.419 2.343 2.281 2.213 2.171 2.146 2.137 2.109 2.030 1.917 1.799 1.677 1.585 1.557 1.600 1.672 1.741 1.770 1.799 1.816 1.835 1.841 1.841 1.844 1.845 1.839 1.840 1.009 0.943 1.010 1.111 1.115 1.050 0.981 0.968 0.916 1.125 1.020 0.903 0.905 0.954 1.176 0.996 1.081 0.984 0.814 0.914
3.516 3.497 3.474 3.464 3.458 3.444 3.429 3.408 3.376 3.333 3.273 3.219 3.193 3.184 3.179 3.157 3.116 3.059 2.982 2.939 2.908 2.884 2.830 2.777 2.727 2.674 2.600 2.520 2.482 2.445 2.383 2.316 2.267 2.221 2.167 2.139 2.111 2.071 2.002 1.875 1.749 1.612 1.505 1.477 1.535 1.628 1.701 1.757 1.791 1.808 1.816 1.824 1.833 1.839 1.837 1.819 1.093 0.813 1.022 1.248 1.138 1.168 1.122 1.047 0.899 1.007 1.121 0.960 0.999 0.971 0.860 0.745 0.965 0.937 0.841 0.995 0.854
3.507 3.486 3.460 3.451 3.444 3.424 3.400 3.381 3.353 3.317 3.263 3.214 3.191 3.184 3.177 3.151 3.105 3.048 2.963 2.920 2.881 2.865 2.829 2.777 2.714 2.639 2.570 2.479 2.437 2.384 2.320 2.284 2.246 2.209 2.158 2.110 2.081 2.038 1.950 1.849 1.736 1.609 1.508 1.482 1.537 1.629 1.696 1.758 1.791 1.800 1.807 1.812 1.819 1.825 1.830 1.183 0.932 0.872 1.020 1.107 1.084 1.166 1.067 1.162 1.049 0.949 1.018 0.960 0.759 0.960 0.874 0.839 0.657 0.756 0.791 0.915 0.919
3.490 3.460 3.452 3.443 3.433 3.401 3.388 3.360 3.336 3.291 3.258 3.227 3.189 3.179 3.160 3.132 3.085 3.010 2.936 2.897 2.881 2.874 2.846 2.789 2.706 2.613 2.494 2.429 2.384 2.332 2.289 2.262 2.230 2.195 2.110 2.081 2.051 1.983 1.929 1.844 1.755 1.659 1.577 1.558 1.596 1.652 1.716 1.761 1.791 1.805 1.809 1.811 1.815 0.959 1.075 1.022 1.078 0.964 1.036 1.089 0.933 0.956 1.026 1.181 1.158 1.064 1.075 0.939 1.036 0.693 0.740 0.832 0.760 0.723 0.788 0.822 1.018
3.477 3.457 3.445 3.435 3.423 3.387 3.373 3.355 3.324 3.300 3.256 3.228 3.183 3.168 3.135 3.105 3.062 2.992 2.924 2.891 2.880 2.879 2.853 2.786 2.691 2.555 2.444 2.366 2.320 2.285 2.250 2.229 2.197 2.141 2.106 2.050 2.019 1.959 1.896 1.845 1.783 1.710 1.664 1.639 1.659 1.699 1.740 1.773 1.797 0.377 0.775 0.938 0.950 0.878 0.906 0.863 0.982 1.049 0.952 0.980 1.071 1.050 1.114 1.096 1.282 1.185 1.268 0.932 1.022 0.879 0.671 0.744 0.781 0.599 0.693 0.741 0.819
3.459 3.452 3.445 3.428 3.404 3.372 3.357 3.342 3.328 3.277 3.253 3.229 3.207 3.157 3.115 3.085 3.046 2.981 2.937 2.885 2.875 2.863 2.832 2.762 2.660 2.513 2.376 2.289 2.247 2.233 2.233 2.210 2.166 2.115 2.051 2.015 1.986 1.942 1.892 1.858 1.818 1.778 1.737 1.711 0.578 0.829 0.718 0.423 0.418 0.190 0.190 0.495 0.916 0.934 1.015 0.875 0.933 1.007 0.997 1.012 1.108 1.043 1.103 1.046 1.117 1.205 1.253 1.213 0.924 0.941 0.724 0.810 0.712 0.625 0.578 0.659 0.808
3.454 3.449 3.439 3.423 3.380 3.362 3.347 3.335 3.307 3.278 3.254 3.229 3.172 3.147 3.122 3.071 3.031 2.976 2.938 2.901 2.863 2.830 2.790 2.721 2.622 2.453 2.337 2.247 2.207 2.211 2.218 2.201 2.146 2.066 2.012 1.971 1.947 1.919 1.887 1.868 1.843 1.802 1.772 1.765 0.929 0.895 0.928 0.998 0.926 0.799 0.832 0.521 0.297 0.576 0.855 0.916 0.990 1.026 1.012 0.938 1.085 1.157 1.148 1.005 1.158 1.176 1.280 1.180 0.856 0.829 0.740 0.762 0.780 0.859 0.645 0.544 0.712
3.452 3.448 3.436 3.416 3.376 3.351 3.337 3.321 3.309 3.291 3.256 3.226 3.165 3.137 3.102 3.077 3.028 2.970 2.936 2.904 2.845 2.794 2.752 2.688 2.599 2.463 2.332 2.248 2.210 2.211 2.214 2.190 2.135 2.033 1.965 1.913 1.895 1.887 1.880 1.873 1.842 1.829 1.808 1.800 1.788 1.786 0.983 1.053 0.987 0.903 0.818 0.888 0.885 0.548 0.344 0.626 0.741 0.867 0.887 0.918 1.068 1.084 1.106 1.123 1.166 1.209 1.094 1.052 1.133 0.775 0.808 0.855 0.847 0.740 0.794 0.656 0.527
3.452 3.445 3.431 3.394 3.368 3.336 3.325 3.321 3.314 3.291 3.258 3.212 3.151 3.121 3.096 3.074 3.005 2.974 2.940 2.906 2.835 2.801 2.729 2.671 2.562 2.473 2.379 2.288 2.236 2.227 2.215 2.179 2.096 1.997 1.919 1.865 1.852 1.863 1.871 1.874 1.860 1.836 1.831 1.827 1.817 1.808 1.808 0.977 0.999 0.923 1.006 0.990 0.944 0.946 0.768 0.602 0.413 0.605 0.745 0.834 0.900 1.021 1.026 1.086 1.118 1.199 1.060 1.049 1.099 0.950 0.925 0.687 0.701 0.724 0.658 0.762 0.651
3.453 3.444 3.429 3.406 3.363 3.332 3.323 3.322 3.315 3.292 3.256 3.189 3.139 3.106 3.084 3.069 3.030 2.981 2.944 2.907 2.830 2.793 2.742 2.663 2.602 2.497 2.419 2.336 2.271 2.247 2.220 2.175 2.085 1.983 1.901 1.844 1.833 1.853 1.874 1.882 1.865 1.847 1.844 1.843 1.835 1.825 1.823 1.822 1.816 0.947 0.986 1.051 1.048 1.151 1.002 0.905 0.684 0.607 0.411 0.582 0.763 0.712 0.995 1.036 1.084 1.018 1.021 1.041 0.937 0.842 0.862 0.788 0.808 0.800 0.679 0.643 0.579
3.457 3.447 3.431 3.409 3.381 3.335 3.324 3.320 3.312 3.288 3.248 3.177 3.128 3.082 3.065 3.056 3.035 3.005 2.956 2.896 2.827 2.789 2.753 2.702 2.591 2.530 2.467 2.411 2.339 2.271 2.233 2.181 2.091 2.010 1.918 1.867 1.850 1.865 1.880 1.886 1.868 1.852 1.851 1.852 1.845 1.837 1.833 1.832 1.825 1.831 1.835 1.160 1.030 1.140 1.087 0.853 0.781 0.640 0.746 0.638 0.517 0.523 0.679 0.846 0.845 0.870 1.049 0.957 0.915 0.856 0.887 0.768 0.786 0.685 0.678 0.497 0.534
3.480 3.454 3.439 3.419 3.394 3.362 3.325 3.317 3.305 3.283 3.243 3.166 3.114 3.069 3.056 3.055 3.040 3.008 2.963 2.865 2.821 2.786 2.757 2.692 2.619 2.563 2.505 2.420 2.375 2.335 2.253 2.190 2.112 2.042 1.969 1.914 1.886 1.888 1.893 1.892 1.859 1.855 1.853 1.853 1.852 1.849 1.847 1.837 1.836 1.840 1.844 1.847 1.851 1.055 0.977 1.007 0.885 0.792 0.722 0.722 0.623 0.582 0.594 0.476 0.487 0.661 0.779 0.971 0.977 0.918 0.839 0.879 0.814 0.657 0.678 0.598 0.611
3.492 3.482 3.453 3.435 3.418 3.388 3.350 3.324 3.307 3.280 3.240 3.188 3.112 3.067 3.055 3.054 3.040 3.005 2.954 2.870 2.809 2.779 2.749 2.714 2.672 2.592 2.534 2.450 2.404 2.348 2.307 2.220 2.145 2.083 2.026 1.962 1.922 1.913 1.907 1.900 1.874 1.857 1.854 1.853 1.852 1.851 1.851 1.852 1.842 1.848 1.853 1.855 1.860 1.864 1.162 1.026 1.028 1.039 0.809 0.716 0.675 0.684 0.728 0.501 0.645 0.542 0.633 0.938 1.010 0.834 0.823 0.851 0.783 0.766 0.717 0.632 0.669
3.512 3.505 3.495 3.464 3.435 3.414 3.376 3.357 3.313 3.285 3.248 3.201 3.142 3.079 3.060 3.053 3.036 2.999 2.919 2.856 2.786 2.762 2.753 2.738 2.693 2.622 2.540 2.469 2.424 2.387 2.349 2.240 2.184 2.124 2.069 2.003 1.974 1.930 1.918 1.888 1.879 1.870 1.857 1.853 1.853 1.853 1.854 1.855 1.851 1.856 1.859 1.859 1.861 1.868 1.877 1.007 1.135 1.026 0.982 0.884 0.818 0.842 0.860 0.661 0.702 0.639 0.750 0.751 0.840 0.881 0.893 0.837 0.717 0.828 0.745 0.840 0.730
3.526 3.522 3.516 3.504 3.462 3.441 3.400 3.377 3.353 3.300 3.266 3.225 3.173 3.119 3.073 3.059 3.036 2.997 2.941 2.848 2.779 2.757 2.754 2.742 2.704 2.645 2.556 2.476 2.435 2.405 2.376 2.313 2.221 2.156 2.096 2.024 1.989 1.944 1.907 1.898 1.883 1.867 1.861 1.855 1.855 1.856 1.857 1.852 1.854 1.858 1.860 1.860 1.862 1.870 1.884 1.903 1.163 1.098 1.062 1.010 0.998 0.852 0.939 0.905 0.789 0.537 0.553 0.724 0.746 0.672 0.716 0.754 0.884 0.601 0.777 0.675 0.606
3.540 3.539 3.536 3.523 3.490 3.450 3.423 3.398 3.374 3.334 3.299 3.264 3.215 3.180 3.129 3.072 3.042 3.002 2.947 2.882 2.785 2.761 2.753 2.740 2.703 2.643 2.552 2.472 2.432 2.413 2.395 2.345 2.283 2.190 2.089 2.024 1.983 1.957 1.923 1.888 1.885 1.882 1.879 1.874 1.859 1.860 1.861 1.855 1.858 1.858 1.860 1.861 1.864 1.874 1.892 1.914 1.947 1.161 1.122 1.190 1.053 1.004 0.935 0.914 0.875 0.721 0.783 0.769 0.645 0.612 0.640 0.585 0.709 0.794 0.870 0.820 0.673
3.551 3.550 3.551 3.543 3.526 3.477 3.448 3.423 3.401 3.380 3.356 3.293 3.257 3.197 3.163 3.132 3.058 3.018 2.968 2.910 2.841 2.770 2.755 2.735 2.701 2.642 2.546 2.479 2.428 2.418 2.410 2.368 2.298 2.192 2.073 2.000 1.950 1.926 1.901 1.879 1.883 1.886 1.882 1.882 1.864 1.865 1.857 1.859 1.861 1.861 1.860 1.864 1.869 1.889 1.908 1.931 1.961 1.991 1.193 0.988 0.989 1.029 0.984 1.077 0.969 0.916 0.765 0.720 0.671 0.471 0.442 0.587 0.613 0.647 0.705 0.705 0.796
3.556 3.558 3.561 3.556 3.540 3.503 3.463 3.439 3.421 3.407 3.390 3.335 3.298 3.235 3.195 3.159 3.124 3.043 2.999 2.950 2.892 2.823 2.771 2.743 2.703 2.645 2.573 2.481 2.428 2.418 2.411 2.373 2.297 2.179 2.043 1.950 1.889 1.872 1.864 1.885 1.878 1.887 1.887 1.889 1.876 1.876 1.863 1.878 1.877 1.877 1.872 1.877 1.883 1.895 1.913 1.940 1.964 0.988 1.033 1.112 0.947 1.044 1.109 1.004 1.038 0.830 0.875 0.807 0.867 0.665 0.502 0.598 0.513 0.460 0.622 0.630 0.577
