includes/estuary_coast/floodfiles/results/res-0007.wdfp
ncols         730
nrows         472
xllcorner     380617.130607
yllcorner     6542069.774949
cellsize      20.000000
NODATA_value  -9999.000000
[rows 204 to 237 of 472, columns 77 to 153 of 730]
1.267 1.256 1.189 1.205 1.118 1.088 1.048 1.080 1.031 1.034 1.056 1.040 1.016 1.009 0.914 0.959 0.882 0.808 0.779 0.719 0.803 0.760 0.714 0.372 0.392 0.609 0.881 0.848 0.864 0.965 1.043 1.058 1.034 0.998 1.023 1.030 1.044 1.063 1.107 1.084 1.053 1.074 1.118 1.027 1.106 0.969 1.103 1.038 1.012 1.091 1.016 1.090 1.116 1.102 1.055 1.094 1.089 1.151 1.067 1.109 1.159 1.164 1.173 1.104 1.059 1.124 1.107 1.040 1.128 1.141 0.994 1.088 1.025 1.040 1.077 1.164 1.121
1.306 1.258 1.188 1.187 1.145 1.112 1.137 1.214 1.119 1.081 1.044 1.044 1.064 0.982 1.007 1.018 0.977 0.973 0.873 0.905 0.873 0.773 0.842 0.860 0.694 0.400 0.318 0.743 0.999 0.946 0.925 0.967 0.965 0.997 1.028 1.000 1.106 1.036 1.074 1.042 0.945 1.039 0.989 1.062 1.046 1.061 1.015 1.061 0.974 0.985 1.078 1.069 1.089 1.005 1.026 0.983 1.056 1.099 1.117 1.087 1.012 1.157 1.093 1.099 1.123 1.101 1.087 0.993 1.085 1.095 1.062 1.082 1.011 1.066 1.006 1.057 1.069
1.300 1.238 1.272 1.207 1.253 1.215 1.138 1.104 1.219 1.168 1.116 1.059 1.120 1.109 1.085 0.981 0.965 1.026 0.908 0.954 0.905 0.813 0.844 0.886 0.872 0.704 0.581 0.257 0.436 0.785 0.921 0.898 0.959 0.912 1.014 0.996 0.959 1.077 1.094 1.017 1.044 1.054 1.002 0.990 0.989 1.037 1.009 0.989 0.955 0.977 0.969 1.046 0.995 1.014 0.993 0.981 0.991 1.102 1.085 1.091 1.064 1.126 1.041 1.152 1.099 1.091 1.021 1.046 1.058 1.010 1.032 0.994 0.935 0.976 1.026 0.997 0.982
1.361 1.336 1.272 1.287 1.238 1.273 1.235 1.251 1.258 1.158 1.154 1.173 1.167 1.111 1.100 1.065 0.915 1.025 1.042 0.918 0.933 0.839 0.891 0.874 0.842 0.892 0.816 0.727 0.510 0.267 0.520 0.791 0.898 0.961 0.999 1.045 0.893 0.952 0.961 1.002 1.010 1.000 0.884 1.001 0.943 1.037 0.977 0.915 0.991 0.934 1.002 0.917 0.988 0.995 0.909 0.943 0.965 1.041 0.961 1.087 1.052 0.950 0.985 1.007 1.076 0.954 1.039 1.040 1.014 1.067 1.055 1.036 1.013 0.937 0.940 0.977 1.004
1.329 1.461 1.349 1.355 1.327 1.303 1.277 1.245 1.208 1.144 1.195 1.082 1.134 1.164 1.070 1.150 1.079 1.092 1.022 0.951 1.010 0.934 0.882 0.924 0.881 0.848 0.840 0.838 0.807 0.708 0.449 0.329 0.752 0.836 0.930 0.983 0.880 0.930 0.939 0.978 0.959 0.891 0.905 0.918 0.969 0.974 1.046 0.932 0.821 0.922 0.918 0.897 0.918 1.031 1.019 0.945 0.982 1.011 0.924 0.983 1.009 1.076 0.983 1.001 1.019 0.976 0.927 0.996 0.958 0.969 0.965 0.979 1.000 0.995 0.935 1.043 0.932
1.406 1.416 1.444 1.418 1.386 1.335 1.355 1.247 1.293 1.242 1.289 1.230 1.222 1.232 1.143 1.165 1.032 1.084 0.993 1.021 1.013 0.974 0.888 0.922 0.849 0.874 0.804 0.867 0.765 0.816 0.764 0.518 0.320 0.648 0.843 0.974 0.902 0.853 0.962 0.877 0.914 0.886 0.945 0.907 0.918 0.884 1.017 0.952 0.886 0.936 0.837 0.876 0.862 0.942 1.032 0.915 0.938 0.958 0.905 0.970 0.944 1.015 1.027 1.069 0.959 0.956 1.000 0.999 0.904 0.996 0.982 0.971 1.020 0.997 1.003 1.010 0.931
1.579 1.410 1.436 1.432 1.358 1.416 1.360 1.357 1.350 1.266 1.261 1.241 1.275 1.243 1.213 1.109 1.124 1.159 1.134 1.078 0.993 0.973 0.886 0.947 0.898 0.756 0.850 0.868 0.778 0.833 0.842 0.735 0.601 0.299 0.588 0.797 0.787 0.784 0.792 0.894 0.872 0.910 0.954 0.884 0.873 1.013 0.971 0.899 0.829 0.933 0.824 0.852 0.855 0.882 0.966 0.978 0.844 0.851 0.911 0.851 0.916 0.951 0.960 0.968 0.938 0.971 0.908 0.954 0.880 0.937 0.904 0.920 0.965 0.979 0.876 0.869 0.900
1.564 1.534 1.530 1.421 1.435 1.374 1.368 1.452 1.357 1.316 1.280 1.240 1.236 1.271 1.188 1.167 1.162 1.142 1.089 1.046 1.074 0.982 1.048 0.892 0.859 0.864 0.899 0.870 0.962 0.802 0.801 0.752 0.721 0.583 0.367 0.421 0.834 0.810 0.786 0.858 0.761 0.850 0.814 0.875 0.799 0.851 0.894 0.815 0.810 0.887 0.880 0.846 0.916 0.859 0.911 0.906 0.924 0.933 0.805 0.866 0.929 0.930 0.917 0.892 0.885 0.862 0.896 0.891 0.873 0.896 0.908 0.885 0.874 0.927 0.959 0.915 0.844
1.652 1.512 1.511 1.488 1.373 1.457 1.403 1.430 1.441 1.343 1.372 1.321 1.349 1.212 1.337 1.139 1.220 1.139 1.125 1.046 0.987 0.985 1.008 0.938 0.953 0.851 0.890 0.902 0.896 0.910 0.831 0.812 0.726 0.701 0.557 0.333 0.385 0.806 0.697 0.787 0.842 0.774 0.823 0.910 0.879 0.929 0.802 0.900 0.853 0.938 0.907 0.774 0.816 0.902 0.841 0.824 0.865 0.841 0.864 0.849 0.848 0.781 0.903 0.845 0.893 0.833 0.842 0.870 0.860 0.906 0.854 0.898 0.841 0.888 0.906 0.866 0.938
1.630 1.610 1.599 1.607 1.416 1.433 1.506 1.517 1.456 1.336 1.367 1.266 1.351 1.246 1.224 1.192 1.200 1.186 1.164 1.106 1.103 1.019 1.012 1.059 0.945 0.802 0.808 0.794 0.795 0.885 0.922 0.809 0.763 0.695 0.755 0.467 0.214 0.507 0.746 0.703 0.697 0.753 0.749 0.777 0.869 0.813 0.849 0.816 0.832 0.799 0.859 0.833 0.863 0.888 0.840 0.816 0.814 0.954 0.862 0.816 0.825 0.803 0.795 0.813 0.858 0.759 0.771 0.762 0.797 0.863 0.789 0.774 0.892 0.841 0.852 0.903 0.869
1.715 1.698 1.609 1.543 1.583 1.518 1.413 1.474 1.462 1.401 1.352 1.303 1.375 1.336 1.311 1.240 1.176 1.181 1.070 1.087 1.082 1.041 0.987 1.043 0.917 1.050 0.883 0.783 0.729 0.815 0.809 0.718 0.691 0.746 0.600 0.602 0.456 0.161 0.561 0.683 0.646 0.722 0.698 0.752 0.812 0.800 0.856 0.784 0.827 0.694 0.859 0.790 0.760 0.776 0.792 0.780 0.797 0.786 0.787 0.840 0.753 0.838 0.808 0.801 0.779 0.867 0.749 0.800 0.748 0.822 0.796 0.893 0.860 0.809 0.867 0.796 0.826
1.722 1.788 1.629 1.602 1.575 1.539 1.519 1.487 1.485 1.422 1.405 1.353 1.236 1.262 1.225 1.286 1.246 1.169 1.096 1.079 1.130 1.044 1.024 0.970 1.015 0.939 0.871 0.812 0.725 0.754 0.720 0.753 0.738 0.677 0.651 0.579 0.489 0.497 0.103 0.669 0.775 0.672 0.707 0.642 0.678 0.705 0.725 0.698 0.678 0.730 0.767 0.734 0.731 0.694 0.737 0.667 0.730 0.721 0.758 0.808 0.801 0.711 0.770 0.740 0.728 0.759 0.832 0.821 0.770 0.691 0.779 0.822 0.671 0.799 0.786 0.867 0.834
1.730 1.792 1.813 1.639 1.573 1.702 1.566 1.518 1.443 1.481 1.359 1.388 1.338 1.270 1.241 1.321 1.199 1.194 1.171 1.237 1.101 1.110 1.023 1.022 0.942 0.966 0.888 0.807 0.774 0.720 0.642 0.678 0.752 0.639 0.488 0.616 0.492 0.391 0.245 0.519 0.608 0.675 0.635 0.701 0.564 0.659 0.719 0.623 0.688 0.672 0.672 0.714 0.700 0.814 0.688 0.735 0.668 0.715 0.627 0.727 0.737 0.739 0.729 0.723 0.713 0.760 0.786 0.847 0.707 0.799 0.714 0.725 0.761 0.753 0.815 0.750 0.755
1.732 1.736 1.706 1.674 1.783 1.566 1.555 1.509 1.507 1.396 1.402 1.422 1.384 1.365 1.283 1.219 1.258 1.266 1.195 1.116 1.168 1.154 1.046 1.111 0.938 1.022 0.862 0.903 0.783 0.736 0.685 0.661 0.675 0.737 0.494 0.558 0.518 0.450 0.324 0.065 0.540 0.561 0.631 0.537 0.570 0.612 0.622 0.614 0.730 0.650 0.679 0.691 0.653 0.660 0.720 0.742 0.645 0.579 0.630 0.643 0.634 0.632 0.704 0.594 0.617 0.620 0.705 0.759 0.761 0.698 0.731 0.728 0.750 0.750 0.682 0.771 0.793
1.758 1.720 1.673 1.624 1.695 1.678 1.572 1.461 1.545 1.495 1.478 1.409 1.363 1.378 1.326 1.258 1.234 1.172 1.186 1.192 1.184 1.038 1.107 1.042 0.900 0.889 0.915 0.843 0.824 0.649 0.712 0.570 0.540 0.569 0.486 0.465 0.525 0.503 0.271 0.036 0.490 0.502 0.558 0.636 0.536 0.479 0.487 0.563 0.608 0.550 0.640 0.569 0.576 0.493 0.542 0.630 0.554 0.530 0.504 0.538 0.485 0.600 0.610 0.530 0.548 0.630 0.616 0.603 0.680 0.613 0.678 0.665 0.639 0.684 0.731 0.718 0.691
1.753 1.729 1.645 1.694 1.683 1.697 1.610 1.610 1.553 1.507 1.430 1.417 1.379 1.316 1.259 1.299 1.235 1.227 1.257 1.169 1.200 1.165 1.045 0.979 0.856 0.904 0.910 0.892 0.614 0.637 0.518 0.451 0.533 0.521 0.468 0.382 0.428 0.451 0.440 0.152 0.409 0.418 0.462 0.484 0.484 0.433 0.447 0.489 0.542 0.572 0.516 0.537 0.455 0.617 0.565 0.468 0.493 0.433 0.381 0.366 0.271 0.386 0.390 0.528 0.513 0.480 0.529 0.461 0.616 0.663 0.550 0.668 0.639 0.626 0.587 0.627 0.641
1.792 1.707 1.761 1.732 1.595 1.579 1.644 1.698 1.539 1.491 1.422 1.379 1.419 1.354 1.361 1.314 1.277 1.230 1.258 1.064 1.105 1.051 0.939 0.967 0.919 0.865 0.835 0.722 0.592 0.519 0.621 0.374 0.375 0.462 0.533 0.508 0.353 0.307 0.000 0.007 0.132 0.371 0.389 0.478 0.505 0.350 0.456 0.450 0.431 0.405 0.446 0.389 0.414 0.500 0.417 0.399 0.498 0.136 0.000 0.000 0.000 0.037 0.338 0.371 0.574 0.426 0.460 0.495 0.456 0.476 0.571 0.596 0.531 0.531 0.596 0.620 0.560
1.807 1.763 1.723 1.800 1.615 1.673 1.634 1.615 1.620 1.559 1.453 1.431 1.288 1.335 1.252 1.345 1.257 1.247 1.185 1.116 1.129 1.031 1.010 0.828 0.979 0.807 0.800 0.644 0.606 0.648 0.655 0.552 0.203 0.064 0.027 0.000 0.000 0.000 0.000 0.000 0.172 0.335 0.308 0.346 0.305 0.377 0.375 0.328 0.323 0.363 0.340 0.414 0.419 0.212 0.000 0.000 0.000 0.000 0.000 0.000 0.000 0.000 0.217 0.337 0.450 0.425 0.337 0.358 0.450 0.409 0.408 0.462 0.431 0.458 0.362 0.474 0.427
1.712 1.804 1.677 1.642 1.684 1.701 1.596 1.566 1.606 1.621 1.491 1.492 1.472 1.228 1.325 1.317 1.247 1.186 1.174 1.098 0.970 0.961 0.976 0.926 0.783 0.808 0.814 0.746 0.726 0.663 0.657 0.062 0.000 0.000 0.000 0.000 0.000 0.000 0.000 0.000 0.000 0.194 0.134 0.284 0.194 0.246 0.248 0.315 0.159 0.002 0.000 0.000 0.000 0.000 0.000 0.000 0.000 0.000 0.000 0.000 0.000 0.000 0.000 0.237 0.270 0.281 0.329 0.325 0.266 0.290 0.253 0.275 0.284 0.341 0.272 0.182 0.260
1.818 1.734 1.819 1.814 1.729 1.643 1.611 1.606 1.515 1.631 1.545 1.532 1.460 1.435 1.227 1.304 1.164 1.182 1.130 1.098 0.997 0.870 0.936 0.739 0.840 0.857 0.801 0.781 0.734 0.743 0.618 0.000 0.000 0.000 0.000 0.000 0.000 0.000 0.000 0.000 0.000 0.000 0.000 0.000 0.000 0.000 0.000 0.000 0.000 0.000 0.000 0.000 0.000 0.000 0.000 0.000 0.000 0.000 0.000 0.000 0.000 0.000 0.000 0.000 0.020 0.150 0.164 0.203 0.243 0.134 0.177 0.051 0.000 0.000 0.000 0.000 0.000
1.884 1.857 1.749 1.775 1.751 1.704 1.606 1.638 1.641 1.578 1.506 1.475 1.474 1.372 1.292 1.237 1.199 1.149 1.134 1.104 1.013 0.852 0.855 0.826 0.804 0.750 0.774 0.817 0.746 0.661 0.106 0.000 0.000 0.000 0.000 0.000 0.000 0.000 0.000 0.000 0.000 0.000 0.000 0.000 0.000 0.000 0.000 0.000 0.000 0.000 0.000 0.000 0.000 0.000 0.000 0.000 0.000 0.000 0.000 0.000 0.000 0.000 0.000 0.000 0.000 0.017 0.000 0.007 0.000 0.000 0.000 0.000 0.000 0.000 0.000 0.000 0.000
1.701 1.858 1.647 1.617 1.549 1.816 1.570 1.496 1.549 1.439 1.487 1.403 1.271 1.272 1.204 1.223 1.181 1.158 1.115 1.020 0.907 0.846 0.923 0.755 0.831 0.838 0.844 0.773 0.694 0.681 0.000 0.000 0.000 0.000 0.000 0.000 0.000 0.000 0.000 0.000 0.000 0.000 0.000 0.000 0.000 0.000 0.000 0.000 0.000 0.000 0.000 0.000 0.000 0.000 0.000 0.000 0.000 0.000 0.000 0.000 0.000 0.000 0.000 0.000 0.000 0.000 0.000 0.000 0.000 0.000 0.000 0.000 0.000 0.000 0.000 0.000 0.000
1.818 1.767 1.813 1.768 1.714 1.684 1.647 1.615 1.534 1.434 1.443 1.509 1.449 1.420 1.366 1.316 1.159 1.202 1.206 1.125 0.988 0.973 1.013 0.919 0.789 0.870 0.740 0.789 0.726 0.546 0.000 0.000 0.000 0.000 0.000 0.000 0.000 0.000 0.000 0.000 0.000 0.000 0.000 0.000 0.000 0.000 0.000 0.000 0.000 0.000 0.000 0.000 0.000 0.000 0.000 0.000 0.000 0.000 0.000 0.000 0.000 0.000 0.000 0.000 0.000 0.000 0.000 0.000 0.000 0.000 0.000 0.000 0.000 0.000 0.000 0.000 0.000
1.831 1.693 1.761 1.727 1.573 1.598 1.612 1.587 1.497 1.490 1.553 1.405 1.497 1.375 1.326 1.312 1.188 1.102 1.264 1.193 1.204 1.115 0.930 0.934 0.936 0.921 0.893 0.772 0.818 0.000 0.000 0.000 0.000 0.000 0.000 0.000 0.000 0.000 0.000 0.000 0.000 0.000 0.000 0.000 0.000 0.000 0.000 0.000 0.000 0.000 0.000 0.000 0.000 0.000 0.000 0.000 0.000 0.000 0.000 0.000 0.000 0.000 0.000 0.000 0.000 0.000 0.000 0.000 0.000 0.000 0.000 0.000 0.000 0.000 0.000 0.000 0.000
1.772 1.713 1.701 1.627 1.604 1.569 1.540 1.559 1.557 1.533 1.463 1.490 1.447 1.325 1.342 1.211 1.243 1.208 1.212 1.200 1.181 1.119 1.095 0.987 0.926 0.906 0.836 0.825 0.850 0.000 0.000 0.000 0.000 0.000 0.000 0.000 0.000 0.000 0.000 0.000 0.000 0.000 0.000 0.000 0.000 0.000 0.000 0.000 0.000 0.000 0.000 0.000 0.000 0.000 0.000 0.000 0.000 0.000 0.000 0.000 0.000 0.000 0.000 0.000 0.000 0.000 0.000 0.000 0.000 0.000 0.000 0.000 0.000 0.000 0.000 0.000 0.000
1.784 1.792 1.733 1.675 1.656 1.721 1.590 1.487 1.533 1.472 1.398 1.378 1.444 1.384 1.319 1.363 1.191 1.164 1.167 0.996 1.077 1.033 1.061 0.963 0.918 0.935 0.989 0.778 0.729 0.000 0.000 0.000 0.000 0.000 0.000 0.000 0.000 0.000 0.000 0.000 0.000 0.000 0.000 0.000 0.000 0.000 0.000 0.000 0.000 0.000 0.000 0.000 0.000 0.000 0.000 0.000 0.000 0.000 0.000 0.000 0.000 0.000 0.000 0.000 0.000 0.000 0.000 0.000 0.000 0.000 0.000 0.000 0.000 0.000 0.000 0.000 0.000
1.753 1.662 1.802 1.724 1.609 1.587 1.711 1.494 1.485 1.465 1.429 1.365 1.327 1.418 1.343 1.208 1.317 1.179 1.101 1.011 1.032 1.028 1.056 1.142 1.197 0.907 0.835 0.767 0.015 0.000 0.000 0.000 0.000 0.000 0.000 0.000 0.000 0.000 0.000 0.000 0.000 0.000 0.000 0.000 0.000 0.000 0.000 0.000 0.000 0.000 0.000 0.000 0.000 0.000 0.000 0.000 0.000 0.000 0.000 0.000 0.000 0.000 0.000 0.000 0.000 0.000 0.000 0.000 0.000 0.000 0.000 0.000 0.000 0.000 0.000 0.000 0.000
1.907 1.792 1.675 1.679 1.654 1.563 1.558 1.566 1.549 1.367 1.335 1.349 1.276 1.206 1.312 1.376 1.332 1.172 1.063 1.094 1.044 1.011 1.037 1.021 0.959 0.834 0.812 0.785 0.000 0.000 0.000 0.000 0.000 0.000 0.000 0.000 0.000 0.000 0.000 0.000 0.000 0.000 0.000 0.000 0.000 0.000 0.000 0.000 0.000 0.000 0.000 0.000 0.000 0.000 0.000 0.000 0.000 0.000 0.000 0.000 0.000 0.000 0.000 0.000 0.000 0.000 0.000 0.000 0.000 0.000 0.000 0.000 0.000 0.000 0.000 0.000 0.000
1.852 1.756 1.693 1.614 1.697 1.618 1.435 1.524 1.502 1.392 1.309 1.353 1.262 1.245 1.176 1.363 1.203 1.280 1.181 1.156 1.012 0.972 0.944 1.105 0.986 0.842 0.806 0.674 0.000 0.000 0.000 0.000 0.000 0.000 0.000 0.000 0.000 0.000 0.000 0.000 0.000 0.000 0.000 0.000 0.000 0.000 0.000 0.000 0.000 0.000 0.000 0.000 0.000 0.000 0.000 0.000 0.000 0.000 0.000 0.000 0.000 0.000 0.000 0.000 0.000 0.000 0.000 0.000 0.000 0.000 0.000 0.000 0.000 0.000 0.000 0.000 0.000
1.572 1.692 1.624 1.626 1.568 1.582 1.343 1.482 1.451 1.392 1.327 1.309 1.189 1.254 1.236 1.212 1.178 1.233 1.218 1.196 0.981 0.977 0.866 0.950 0.797 0.899 0.755 0.000 0.000 0.000 0.000 0.000 0.000 0.000 0.000 0.000 0.000 0.000 0.000 0.000 0.000 0.000 0.000 0.000 0.000 0.000 0.000 0.000 0.000 0.000 0.000 0.000 0.000 0.000 0.000 0.000 0.000 0.000 0.000 0.000 0.000 0.000 0.000 0.000 0.000 0.000 0.000 0.000 0.000 0.000 0.000 0.000 0.000 0.000 0.000 0.000 0.000
1.951 1.943 1.604 1.506 1.616 1.491 1.402 1.428 1.421 1.310 1.172 1.256 1.259 1.208 1.144 1.126 1.139 1.137 1.084 1.057 0.990 0.912 0.850 0.810 0.839 0.837 0.745 0.000 0.000 0.000 0.000 0.000 0.000 0.000 0.000 0.000 0.000 0.000 0.000 0.000 0.000 0.000 0.000 0.000 0.000 0.000 0.000 0.000 0.000 0.000 0.000 0.000 0.000 0.000 0.000 0.000 0.000 0.000 0.000 0.000 0.000 0.000 0.000 0.000 0.000 0.000 0.000 0.000 0.000 0.000 0.000 0.000 0.000 0.000 0.000 0.000 0.000
1.774 1.686 1.866 1.634 1.275 1.399 1.325 1.374 1.210 1.241 1.238 1.149 1.109 1.108 0.992 1.041 1.059 0.951 0.930 1.088 1.137 0.897 0.872 0.825 0.711 0.699 0.000 0.000 0.000 0.000 0.000 0.000 0.000 0.000 0.000 0.000 0.000 0.000 0.000 0.000 0.000 0.000 0.000 0.000 0.000 0.000 0.000 0.000 0.000 0.000 0.000 0.000 0.000 0.000 0.000 0.000 0.000 0.000 0.000 0.000 0.000 0.000 0.000 0.000 0.000 0.000 0.000 0.000 0.000 0.000 0.000 0.000 0.000 0.000 0.000 0.000 0.000
1.704 1.716 1.683 1.696 1.881 0.700 1.125 1.195 1.103 1.259 1.032 1.094 1.155 1.078 1.092 0.975 0.997 0.949 1.035 0.987 1.032 0.958 0.861 0.776 0.726 0.479 0.000 0.000 0.000 0.000 0.000 0.000 0.000 0.000 0.000 0.000 0.000 0.000 0.000 0.000 0.000 0.000 0.000 0.000 0.000 0.000 0.000 0.000 0.000 0.000 0.000 0.000 0.000 0.000 0.000 0.000 0.000 0.000 0.000 0.000 0.000 0.000 0.000 0.000 0.000 0.000 0.000 0.000 0.000 0.000 0.000 0.000 0.000 0.000 0.000 0.000 0.000
1.383 1.517 1.416 1.477 1.482 1.553 1.782 0.119 1.164 1.146 1.062 0.993 0.945 0.880 0.817 0.928 0.871 0.924 0.888 0.889 0.923 0.885 0.948 0.697 0.676 0.000 0.000 0.000 0.000 0.000 0.000 0.000 0.000 0.000 0.000 0.000 0.000 0.000 0.000 0.000 0.000 0.000 0.000 0.000 0.000 0.000 0.000 0.000 0.000 0.000 0.000 0.000 0.000 0.000 0.000 0.000 0.000 0.000 0.000 0.000 0.000 0.000 0.000 0.000 0.000 0.000 0.000 0.000 0.000 0.000 0.000 0.000 0.000 0.000 0.000 0.000 0.000
