includes/estuary_coast/floodfiles/results/res-0013.wdfp
ncols         730
nrows         472
xllcorner     380617.130607
yllcorner     6542069.774949
cellsize      20.000000
NODATA_value  -9999.000000
[rows 374 to 407 of 472, columns 0 to 76 of 730]
7.392 7.384 7.367 7.366 7.336 7.334 7.328 7.311 7.291 7.260 7.221 7.183 7.134 7.121 7.120 7.114 7.084 7.033 6.973 6.885 6.841 6.813 6.790 6.773 6.720 6.679 6.608 6.567 6.506 6.474 6.442 6.350 6.312 6.273 6.239 6.201 6.151 6.122 6.082 6.032 5.960 5.900 5.857 5.837 5.838 5.845 5.846 5.834 5.815 5.809 5.804 5.803 5.799 5.792 5.791 5.789 5.796 5.798 5.799 5.799 5.793 5.792 5.792 5.793 5.798 5.799 5.800 5.803 5.815 5.823 5.849 5.875 5.889 5.881 5.862 5.844 5.844
7.346 7.339 7.335 7.311 7.306 7.302 7.276 7.266 7.247 7.222 7.194 7.152 7.121 7.112 7.100 7.091 7.058 7.006 6.924 6.867 6.811 6.793 6.787 6.765 6.727 6.670 6.591 6.520 6.477 6.444 6.417 6.341 6.307 6.271 6.236 6.175 6.134 6.103 6.067 6.005 5.962 5.914 5.878 5.856 5.853 5.851 5.844 5.835 5.818 5.810 5.805 5.803 5.801 5.800 5.798 5.803 5.807 5.811 5.813 5.811 5.801 5.793 5.786 5.781 5.782 5.780 5.781 5.789 5.800 5.810 5.830 5.850 5.861 5.858 5.848 5.837 5.845
7.317 7.310 7.294 7.286 7.280 7.271 7.239 7.225 7.196 7.187 7.148 7.129 7.087 7.071 7.066 7.036 7.003 6.955 6.902 6.830 6.799 6.789 6.790 6.772 6.725 6.661 6.553 6.492 6.446 6.417 6.398 6.362 6.305 6.267 6.199 6.163 6.122 6.093 6.033 6.001 5.960 5.926 5.896 5.864 5.857 5.853 5.847 5.828 5.819 5.810 5.803 5.802 5.802 5.803 5.806 5.811 5.818 5.826 5.829 5.823 5.811 5.796 5.782 5.774 5.767 5.758 5.758 5.764 5.769 5.786 5.805 5.819 5.829 5.830 5.828 5.830 5.051
7.294 7.278 7.273 7.258 7.244 7.221 7.183 7.163 7.144 7.128 7.112 7.072 7.059 7.048 7.005 6.985 6.955 6.917 6.876 6.818 6.791 6.785 6.779 6.757 6.706 6.636 6.538 6.461 6.412 6.390 6.380 6.349 6.307 6.262 6.187 6.137 6.104 6.077 6.039 5.993 5.966 5.939 5.911 5.876 5.866 5.858 5.850 5.831 5.823 5.813 5.807 5.805 5.804 4.666 4.786 5.819 5.830 5.841 5.846 5.841 5.824 5.801 5.777 5.761 5.742 5.731 5.725 5.732 5.740 5.757 5.775 5.789 5.796 5.800 5.062 5.004 4.991
7.275 7.273 7.270 7.249 7.230 7.183 7.154 7.129 7.109 7.095 7.060 7.045 7.030 6.983 6.965 6.937 6.910 6.880 6.826 6.798 6.775 6.752 6.745 6.705 6.653 6.585 6.508 6.432 6.393 6.379 6.373 6.352 6.310 6.241 6.162 6.115 6.081 6.059 6.034 5.993 5.970 5.946 5.905 5.889 5.875 5.861 5.843 5.837 5.829 5.822 5.813 5.812 5.811 4.911 4.632 4.750 4.822 5.851 5.860 5.855 5.833 5.802 5.767 5.740 5.710 5.689 5.684 5.687 5.706 5.727 5.745 5.759 5.767 4.981 5.047 5.020 4.941
7.272 7.275 7.269 7.246 7.212 7.163 7.127 7.098 7.078 7.067 7.044 7.024 7.003 6.949 6.923 6.878 6.852 6.811 6.793 6.746 6.734 6.713 6.678 6.650 6.605 6.549 6.490 6.417 6.387 6.378 6.373 6.348 6.299 6.217 6.139 6.088 6.054 6.039 6.031 5.997 5.977 5.930 5.908 5.894 5.874 5.865 5.844 5.842 5.838 5.834 5.825 5.817 5.819 5.821 4.659 4.729 4.759 4.912 4.844 4.890 4.974 4.886 4.871 4.879 4.796 4.852 4.880 4.886 5.671 5.698 5.719 5.731 4.921 4.898 4.980 4.875 4.934
7.265 7.266 7.258 7.230 7.182 7.139 7.102 7.061 7.046 7.039 7.016 6.994 6.950 6.890 6.852 6.820 6.794 6.770 6.727 6.713 6.699 6.652 6.624 6.596 6.559 6.516 6.450 6.409 6.386 6.367 6.357 6.327 6.277 6.193 6.126 6.062 6.028 6.018 6.012 6.003 5.975 5.928 5.905 5.884 5.871 5.864 5.843 5.843 5.843 5.842 5.827 5.827 5.828 5.828 4.881 4.881 4.923 4.950 4.983 4.969 4.968 4.928 4.828 4.888 4.791 4.706 4.704 4.822 4.817 4.939 4.864 4.869 4.869 4.895 4.809 4.928 4.839
7.236 7.238 7.228 7.191 7.154 7.116 7.068 7.047 7.041 7.039 7.020 6.983 6.913 6.859 6.810 6.772 6.747 6.716 6.693 6.679 6.662 6.608 6.584 6.547 6.516 6.456 6.428 6.396 6.357 6.345 6.311 6.278 6.229 6.170 6.097 6.046 6.015 6.008 6.009 6.000 5.978 5.922 5.891 5.866 5.851 5.847 5.847 5.841 5.846 5.842 5.837 5.839 5.840 5.835 4.843 4.973 4.881 4.969 4.939 4.882 4.937 4.975 4.875 4.834 4.866 4.860 4.776 4.822 4.913 4.795 4.741 4.884 4.870 4.831 4.742 4.870 4.802
7.194 7.186 7.175 7.152 7.123 7.093 7.053 7.040 7.039 7.037 7.016 6.969 6.890 6.825 6.767 6.723 6.688 6.679 6.653 6.633 6.592 6.535 6.504 6.476 6.441 6.419 6.373 6.356 6.341 6.292 6.271 6.241 6.200 6.151 6.090 6.046 6.020 6.010 6.007 5.995 5.969 5.920 5.872 5.842 5.824 5.825 5.832 5.840 5.852 5.850 5.854 5.858 5.859 5.855 4.957 4.894 4.841 4.880 4.925 4.945 4.966 4.951 4.922 4.891 4.932 4.875 4.927 4.687 4.768 4.767 4.770 4.748 4.767 4.688 4.751 4.691 4.852
7.140 7.142 7.131 7.113 7.092 7.056 7.036 7.029 7.018 7.014 6.988 6.927 6.859 6.791 6.716 6.677 6.660 6.659 6.636 6.611 6.539 6.496 6.457 6.427 6.406 6.357 6.344 6.329 6.282 6.265 6.235 6.208 6.175 6.121 6.087 6.055 6.024 6.014 5.995 5.976 5.946 5.907 5.858 5.820 5.798 5.801 5.820 5.843 5.856 5.857 5.868 5.875 5.876 5.872 5.860 4.853 4.878 4.870 4.924 4.818 4.944 4.964 5.004 4.869 4.947 4.894 4.878 4.805 4.734 4.704 4.746 4.753 4.686 4.821 4.665 4.796 4.753
7.101 7.094 7.089 7.075 7.032 7.029 6.990 6.988 6.984 6.962 6.933 6.886 6.828 6.764 6.695 6.661 6.651 6.648 6.629 6.590 6.511 6.456 6.409 6.376 6.360 6.340 6.317 6.303 6.254 6.233 6.202 6.178 6.132 6.107 6.066 6.044 6.028 5.999 5.985 5.965 5.937 5.901 5.854 5.816 5.794 5.798 5.819 5.844 5.856 5.868 5.884 5.895 5.900 5.889 5.873 4.869 5.015 4.924 4.901 4.909 4.957 4.898 4.923 4.970 4.881 4.935 4.920 4.845 4.738 4.662 4.722 4.739 4.746 4.750 4.726 4.811 4.622
7.039 7.027 7.015 7.009 6.999 6.966 6.959 6.954 6.926 6.910 6.883 6.845 6.798 6.729 6.686 6.661 6.648 6.640 6.614 6.547 6.484 6.416 6.362 6.321 6.311 6.298 6.289 6.254 6.210 6.183 6.159 6.138 6.111 6.077 6.059 6.041 6.006 5.991 5.976 5.956 5.932 5.895 5.862 5.832 5.812 5.814 5.831 5.853 5.865 5.884 5.901 5.917 5.921 5.909 5.889 4.879 4.927 4.895 4.975 4.976 4.968 4.964 4.922 4.986 4.971 4.919 4.892 4.913 4.812 4.681 4.700 4.751 4.690 4.755 4.728 4.707 4.628
7.011 6.994 6.980 6.969 6.967 6.937 6.928 6.918 6.879 6.863 6.838 6.807 6.772 6.711 6.677 6.643 6.634 6.618 6.572 6.519 6.453 6.375 6.323 6.294 6.290 6.287 6.275 6.221 6.186 6.154 6.128 6.110 6.092 6.064 6.050 6.033 5.998 5.983 5.966 5.949 5.919 5.899 5.877 5.850 5.840 5.834 5.845 5.861 5.878 5.889 5.910 5.928 5.932 5.919 5.895 4.931 4.880 4.916 4.974 4.903 4.953 4.926 4.905 4.961 4.843 4.976 4.886 4.928 4.857 4.981 4.703 4.759 4.715 4.766 4.693 4.751 4.751
6.986 6.965 6.949 6.940 6.923 6.912 6.900 6.858 6.839 6.788 6.767 6.742 6.717 6.665 6.645 6.620 6.589 6.567 6.532 6.486 6.431 6.356 6.313 6.290 6.286 6.282 6.263 6.211 6.163 6.126 6.098 6.080 6.073 6.054 6.041 6.003 5.978 5.961 5.947 5.932 5.919 5.897 5.884 5.872 5.855 5.856 5.862 5.872 5.885 5.895 5.908 5.923 5.927 5.915 5.892 5.867 4.915 4.837 4.865 4.891 4.945 5.009 4.952 4.962 4.915 4.868 5.022 4.912 4.953 4.854 4.864 4.772 4.745 4.693 4.700 4.611 4.659
6.963 6.941 6.916 6.911 6.905 6.876 6.854 6.804 6.775 6.749 6.726 6.709 6.662 6.641 6.620 6.573 6.550 6.525 6.492 6.454 6.391 6.351 6.315 6.288 6.283 6.271 6.231 6.189 6.146 6.096 6.071 6.060 6.060 6.047 6.032 5.989 5.966 5.947 5.933 5.923 5.905 5.899 5.893 5.874 5.872 5.872 5.876 5.882 5.883 5.894 5.903 5.910 5.912 5.900 5.881 5.859 5.835 4.830 4.856 4.870 4.895 4.855 4.964 4.894 4.981 4.946 4.929 4.884 4.849 4.947 4.904 4.796 4.710 4.700 4.680 4.800 4.726
6.943 6.916 6.911 6.911 6.898 6.871 6.834 6.780 6.743 6.713 6.692 6.676 6.638 6.618 6.594 6.540 6.513 6.482 6.453 6.422 6.368 6.316 6.293 6.280 6.253 6.234 6.205 6.168 6.126 6.081 6.060 6.053 6.052 6.043 6.025 5.979 5.952 5.929 5.914 5.908 5.907 5.898 5.898 5.884 5.884 5.882 5.885 5.889 5.887 5.891 5.895 5.900 5.891 5.884 5.870 5.853 5.834 5.811 5.799 4.957 4.875 4.979 4.918 5.029 4.959 4.839 4.845 4.910 4.900 4.903 4.970 4.769 4.762 4.776 4.768 4.761 4.711
6.915 6.908 6.909 6.910 6.895 6.860 6.800 6.755 6.713 6.681 6.648 6.637 6.622 6.599 6.538 6.477 6.441 6.410 6.381 6.358 6.313 6.295 6.279 6.236 6.222 6.202 6.176 6.146 6.102 6.075 6.059 6.052 6.048 6.037 6.003 5.972 5.936 5.909 5.893 5.890 5.888 5.894 5.887 5.889 5.892 5.895 4.898 4.886 4.980 4.862 5.891 5.888 5.880 5.873 5.862 5.849 5.829 5.814 5.803 5.798 5.008 4.890 4.907 4.952 4.956 4.913 4.915 4.823 4.884 4.866 4.859 4.934 4.766 4.811 4.811 4.723 4.814
6.894 6.895 6.889 6.890 6.872 6.823 6.774 6.725 6.672 6.648 6.639 6.633 6.604 6.564 6.495 6.444 6.399 6.364 6.339 6.321 6.284 6.269 6.252 6.209 6.186 6.166 6.145 6.123 6.087 6.068 6.050 6.046 6.038 6.011 5.986 5.959 5.920 5.892 5.876 5.874 5.881 5.891 5.888 5.895 5.901 5.907 5.910 4.910 4.954 4.915 4.979 4.966 4.816 4.928 5.859 5.845 5.834 5.819 5.809 5.804 5.801 5.037 5.052 4.909 4.983 5.003 4.967 4.966 4.921 4.868 4.851 4.830 4.837 4.742 4.755 4.869 4.631
6.846 6.851 6.856 6.838 6.819 6.785 6.743 6.703 6.656 6.640 6.638 6.633 6.604 6.553 6.470 6.408 6.353 6.314 6.293 6.273 6.255 6.241 6.191 6.173 6.125 6.099 6.083 6.071 6.044 6.039 6.035 6.016 6.008 5.992 5.970 5.945 5.913 5.888 5.872 5.870 5.879 5.890 5.892 5.901 5.912 5.921 5.926 4.941 4.943 5.003 4.939 4.889 4.974 4.888 4.824 4.938 4.953 4.913 4.934 5.807 5.005 5.065 4.983 5.055 4.978 4.975 4.935 4.921 4.950 4.864 4.952 4.846 4.831 4.754 4.716 4.736 4.740
6.810 6.813 6.791 6.787 6.770 6.743 6.712 6.682 6.644 6.635 6.630 6.622 6.588 6.530 6.441 6.370 6.307 6.257 6.242 6.240 6.216 6.193 6.140 6.109 6.081 6.060 6.043 6.019 6.017 6.016 5.999 5.993 5.985 5.973 5.957 5.937 5.912 5.893 5.878 5.877 5.883 5.885 5.895 5.907 5.922 5.936 5.943 5.938 4.970 5.041 5.061 4.983 4.944 4.937 4.943 4.944 4.930 4.955 4.961 4.946 4.953 4.957 4.970 4.968 5.026 5.029 4.982 5.059 5.066 4.989 4.973 4.911 4.907 4.861 4.816 4.792 4.723
6.773 6.772 6.744 6.735 6.723 6.703 6.681 6.641 6.627 6.603 6.602 6.588 6.539 6.479 6.409 6.336 6.264 6.229 6.220 6.217 6.204 6.164 6.111 6.068 6.031 6.007 5.999 5.981 5.987 5.991 5.975 5.973 5.964 5.955 5.944 5.921 5.896 5.891 5.887 5.879 5.881 5.887 5.896 5.910 5.926 5.945 5.954 5.945 4.958 4.974 4.930 5.003 4.930 4.960 4.936 4.983 4.994 4.862 4.935 4.844 4.866 4.823 4.888 4.862 4.887 4.867 4.847 4.952 4.901 4.942 4.906 4.905 4.892 4.817 4.820 4.795 4.800
6.738 6.711 6.702 6.689 6.675 6.633 6.619 6.585 6.578 6.573 6.544 6.526 6.491 6.440 6.381 6.304 6.253 6.223 6.216 6.213 6.193 6.137 6.080 6.023 5.975 5.941 5.938 5.946 5.957 5.946 5.937 5.935 5.931 5.922 5.916 5.899 5.893 5.888 5.881 5.880 5.882 5.886 5.894 5.906 5.923 5.941 5.948 5.941 4.959 4.969 4.961 4.925 5.055 5.006 4.951 4.959 4.928 4.890 4.843 4.863 4.906 4.842 4.878 4.934 4.865 4.827 4.847 4.807 4.775 4.824 4.868 4.807 4.923 4.791 4.773 4.752 4.727
6.688 6.654 6.636 6.618 6.602 6.590 6.583 6.552 6.544 6.508 6.496 6.476 6.445 6.405 6.359 6.295 6.255 6.222 6.214 6.203 6.162 6.113 6.051 5.976 5.920 5.890 5.893 5.907 5.926 5.918 5.920 5.917 5.913 5.909 5.904 5.890 5.887 5.884 5.873 5.877 5.879 5.882 5.889 5.896 5.911 5.922 5.928 5.922 4.909 4.992 4.914 4.917 4.915 4.971 4.971 4.936 4.850 4.854 4.889 4.935 4.840 4.865 4.918 4.902 4.716 4.814 4.813 4.845 4.807 4.807 4.831 4.802 4.782 4.754 4.714 4.754 4.871
6.668 6.630 6.604 6.581 6.563 6.552 6.528 6.521 6.512 6.471 6.453 6.432 6.406 6.374 6.321 6.261 6.237 6.218 6.191 6.170 6.136 6.087 6.027 5.951 5.894 5.864 5.870 5.892 5.912 5.906 5.906 5.902 5.897 5.894 5.890 5.882 5.880 5.869 5.867 5.866 5.867 5.869 5.878 5.879 5.889 5.900 5.899 4.926 4.953 4.972 4.957 4.948 4.999 4.930 5.026 5.020 4.956 4.922 5.033 4.858 4.813 4.852 4.805 4.760 4.745 4.845 4.725 4.772 4.745 4.766 4.709 4.747 4.722 4.735 4.747 4.697 4.777
6.638 6.605 6.575 6.547 6.528 6.506 6.500 6.496 6.483 6.438 6.387 6.363 6.340 6.317 6.270 6.246 6.225 6.184 6.166 6.142 6.109 6.066 6.014 5.948 5.900 5.872 5.876 5.893 5.907 5.902 5.895 5.889 5.881 5.879 5.880 5.876 5.870 5.858 5.855 5.853 5.853 5.859 5.859 5.865 5.871 5.871 5.874 4.836 4.876 4.871 4.976 5.019 4.965 4.962 5.115 4.983 4.877 4.891 4.851 4.812 4.842 4.789 4.719 4.831 4.857 4.750 4.844 4.776 4.705 4.693 4.685 4.797 4.710 4.766 4.721 4.649 4.708
6.618 6.582 6.548 6.510 6.497 6.493 6.489 6.462 6.428 6.384 6.354 6.328 6.307 6.290 6.250 6.229 6.208 6.162 6.140 6.114 6.084 6.050 5.995 5.956 5.912 5.895 5.894 5.889 5.893 5.896 5.891 5.879 5.875 5.874 5.873 5.870 5.865 5.853 4.990 5.845 5.843 5.844 5.847 5.850 5.854 5.850 5.851 4.963 4.973 4.896 4.887 4.898 5.008 5.054 4.962 4.959 4.982 4.958 4.943 4.896 4.827 4.787 4.805 4.842 4.793 4.830 4.708 4.680 4.688 4.841 4.645 4.700 4.712 4.706 4.652 4.691 4.561
6.589 6.560 6.530 6.499 6.492 6.491 6.479 6.453 6.398 6.359 6.324 6.297 6.279 6.250 6.234 6.214 6.165 6.138 6.112 6.086 6.037 6.011 5.969 5.944 5.923 5.897 5.892 5.891 5.889 5.887 5.880 5.877 5.874 5.873 5.871 5.867 5.856 5.847 4.974 4.877 5.833 5.833 5.833 5.839 5.836 5.835 5.833 4.980 4.933 4.931 4.966 4.928 4.914 4.954 4.878 4.835 4.896 5.017 5.008 4.894 4.947 4.794 4.874 4.798 4.766 4.710 4.751 4.742 4.730 4.764 4.645 4.721 4.625 4.660 4.704 4.559 4.594
6.560 6.536 6.505 6.492 6.490 6.485 6.468 6.437 6.378 6.333 6.296 6.261 6.249 6.241 6.226 6.184 6.128 6.092 6.060 6.033 6.011 5.993 5.959 5.942 5.908 5.898 5.891 5.886 5.883 5.880 5.871 5.874 5.870 5.870 5.867 5.862 5.850 4.876 4.914 4.923 4.803 4.852 5.828 5.832 5.825 5.820 5.814 5.809 5.016 4.953 5.027 4.990 4.965 4.886 4.918 4.915 4.962 5.014 4.929 4.960 4.908 4.906 4.898 4.762 4.796 4.728 4.704 4.674 4.690 4.716 4.685 4.688 4.727 4.613 4.570 4.628 4.587
6.528 6.512 6.481 6.465 6.465 6.461 6.442 6.395 6.352 6.310 6.267 6.249 6.245 6.241 6.213 6.175 6.111 6.066 6.028 6.000 5.982 5.956 5.945 5.933 5.901 5.890 5.881 5.875 5.872 5.863 5.855 5.858 5.862 5.862 5.856 5.850 5.844 4.968 4.947 4.931 4.913 4.969 4.935 5.011 5.815 5.806 5.795 5.786 5.783 4.904 4.962 4.836 4.940 4.876 4.959 4.900 4.984 4.979 4.890 4.882 4.843 4.829 4.845 4.835 4.726 4.774 4.758 4.708 4.589 4.632 4.636 4.601 4.535 4.623 4.589 4.565 4.546
6.493 6.455 6.429 6.430 6.432 6.408 6.389 6.359 6.325 6.291 6.256 6.245 6.245 6.237 6.208 6.147 6.090 6.036 5.992 5.963 5.944 5.936 5.931 5.921 5.890 5.867 5.856 5.849 5.847 5.837 5.842 5.846 5.839 5.846 5.844 5.841 5.837 5.833 4.983 4.893 4.753 4.952 5.015 4.914 4.845 5.793 5.776 5.765 5.761 4.817 4.825 5.001 4.906 4.898 4.981 4.956 4.901 4.769 4.915 4.878 4.859 4.865 4.806 4.869 4.883 4.803 4.747 4.760 4.807 4.626 4.690 4.618 4.627 4.516 4.549 4.650 4.568
6.423 6.417 6.391 6.391 6.367 6.362 6.345 6.322 6.297 6.273 6.247 6.228 6.230 6.219 6.185 6.124 6.065 6.007 5.954 5.927 5.920 5.923 5.914 5.891 5.868 5.850 5.835 5.826 5.824 5.819 5.825 5.831 5.824 5.826 5.832 5.831 5.830 5.828 4.927 4.829 4.609 4.798 4.928 4.881 4.912 4.730 4.824 5.746 5.742 5.751 4.753 4.785 5.087 4.755 4.862 4.838 4.783 4.877 4.788 4.847 4.804 4.880 4.814 4.793 4.777 4.785 4.756 4.760 4.650 4.681 4.620 4.605 4.610 4.582 4.545 4.614 4.579
6.373 6.364 6.352 6.351 6.324 6.314 6.303 6.285 6.267 6.252 6.226 6.204 6.200 6.173 6.139 6.093 6.041 5.986 5.937 5.912 5.909 5.912 5.907 5.877 5.852 5.827 5.806 5.795 5.791 5.797 5.807 5.805 5.810 5.813 5.820 5.818 5.819 5.820 5.822 4.967 4.955 4.919 4.965 4.844 4.933 4.892 4.746 4.754 5.737 4.901 4.846 4.696 4.749 5.104 4.964 4.867 4.832 4.810 4.866 4.825 4.835 4.837 4.799 4.782 4.737 4.801 4.829 4.734 4.741 4.664 4.618 4.611 4.519 4.538 4.607 4.590 4.569
6.312 6.310 6.307 6.294 6.286 6.273 6.241 6.227 6.208 6.181 6.177 6.173 6.146 6.129 6.101 6.063 6.020 5.971 5.935 5.915 5.910 5.908 5.900 5.866 5.835 5.801 5.771 5.757 5.762 5.774 5.789 5.791 5.797 5.799 5.800 5.807 5.809 5.813 5.816 4.931 4.905 4.928 4.907 4.962 4.934 4.943 4.859 4.792 4.687 4.668 4.874 4.897 4.866 4.798 4.820 4.828 4.956 4.813 4.773 4.803 4.790 4.831 4.860 4.739 4.828 4.797 4.670 4.717 4.670 4.669 4.588 4.648 4.588 4.583 4.488 4.511 4.452
6.281 6.284 6.282 6.246 6.228 6.209 6.191 6.176 6.171 6.147 6.143 6.115 6.105 6.089 6.065 6.036 6.004 5.967 5.943 5.918 5.911 5.904 5.879 5.854 5.820 5.778 5.745 5.730 5.738 5.758 5.778 5.783 5.788 5.788 5.787 5.788 5.797 5.804 5.810 4.885 4.753 4.954 4.924 4.846 4.892 4.964 4.969 4.869 4.894 4.737 4.684 4.703 4.988 4.767 4.593 4.821 4.805 4.966 4.816 4.788 4.727 4.693 4.781 4.749 4.756 4.676 4.703 4.717 4.714 4.605 4.714 4.588 4.604 4.539 4.457 4.525 4.529
