includes/estuary_coast/floodfiles/results/res-0013.wdfp
ncols         730
nrows         472
xllcorner     380617.130607
yllcorner     6542069.774949
cellsize      20.000000
NODATA_value  -9999.000000
[rows 272 to 305 of 472, columns 0 to 76 of 730]
7.610 7.589 7.547 7.510 7.474 7.438 7.429 7.428 7.416 7.377 7.335 7.283 7.251 7.233 7.222 7.198 7.170 7.125 7.091 7.066 7.045 7.001 6.954 6.928 6.878 6.834 6.808 6.781 6.749 6.697 6.655 6.635 6.619 6.604 6.570 6.520 6.447 6.401 6.377 6.373 6.368 6.346 6.328 6.295 6.280 6.265 6.239 6.205 5.343 5.142 5.172 5.121 5.137 5.030 4.999 5.001 5.051 4.954 5.031 5.026 5.112 4.919 4.994 5.093 5.120 4.978 5.073 4.971 5.041 5.144 5.029 5.054 4.910 4.737 4.853 4.791 4.771
7.606 7.583 7.550 7.509 7.478 7.442 7.431 7.423 7.409 7.368 7.327 7.285 7.242 7.227 7.223 7.209 7.176 7.144 7.101 7.077 7.052 7.034 6.981 6.937 6.892 6.862 6.836 6.793 6.765 6.716 6.683 6.632 6.614 6.592 6.558 6.509 6.442 6.388 6.367 6.367 6.367 6.355 6.322 6.300 6.288 6.281 6.264 6.232 6.206 6.182 6.146 5.220 5.071 5.163 5.071 5.029 5.151 5.104 5.019 4.956 4.953 5.060 4.996 5.065 5.167 5.111 5.145 4.955 4.900 5.166 4.929 4.847 4.829 4.780 4.787 4.882 4.754
7.602 7.579 7.553 7.526 7.484 7.447 7.433 7.416 7.395 7.356 7.318 7.279 7.237 7.225 7.223 7.216 7.182 7.147 7.102 7.075 7.061 7.049 7.013 6.966 6.906 6.870 6.844 6.819 6.782 6.740 6.697 6.648 6.620 6.592 6.557 6.513 6.447 6.396 6.373 6.370 6.368 6.356 6.336 6.302 6.293 6.290 6.284 6.257 6.225 6.200 6.167 5.210 5.247 5.273 5.018 5.059 5.007 5.000 4.993 5.199 4.988 4.930 4.948 5.026 5.119 5.143 4.982 4.889 4.917 5.006 4.899 4.808 4.665 4.906 4.834 4.775 4.827
7.606 7.581 7.557 7.533 7.510 7.455 7.424 7.407 7.387 7.355 7.322 7.279 7.239 7.227 7.223 7.213 7.178 7.143 7.094 7.075 7.070 7.066 7.046 6.980 6.925 6.872 6.846 6.833 6.817 6.773 6.717 6.661 6.627 6.595 6.562 6.523 6.467 6.415 6.387 6.379 6.371 6.357 6.329 6.309 6.294 6.295 6.291 6.270 6.235 6.210 6.181 5.062 5.218 5.130 5.092 5.129 5.017 5.019 5.064 5.023 4.970 4.978 4.929 4.908 5.000 5.014 4.938 4.833 4.780 5.003 4.897 4.779 4.845 4.753 4.748 4.852 4.758
7.609 7.583 7.560 7.540 7.520 7.469 7.428 7.407 7.384 7.352 7.323 7.282 7.244 7.231 7.218 7.206 7.169 7.137 7.091 7.076 7.075 7.077 7.058 6.990 6.927 6.876 6.846 6.842 6.832 6.790 6.731 6.678 6.643 6.613 6.571 6.538 6.479 6.451 6.403 6.393 6.380 6.364 6.332 6.313 6.296 6.293 6.286 6.269 6.246 6.208 6.189 6.187 5.243 5.207 5.172 5.067 5.090 5.121 5.079 5.096 5.086 5.062 5.046 5.123 5.048 5.050 5.006 4.911 4.854 4.820 4.866 4.803 4.877 4.700 4.837 4.803 4.811
7.609 7.581 7.560 7.541 7.515 7.473 7.441 7.408 7.382 7.356 7.331 7.290 7.252 7.236 7.210 7.195 7.173 7.132 7.089 7.075 7.073 7.072 7.046 6.986 6.924 6.874 6.847 6.845 6.836 6.789 6.740 6.677 6.642 6.616 6.588 6.561 6.510 6.467 6.423 6.406 6.389 6.371 6.351 6.309 6.298 6.289 6.278 6.263 6.244 6.212 6.193 6.193 5.282 5.164 5.232 5.137 5.148 5.101 5.161 5.185 5.112 5.025 5.053 5.032 4.993 4.999 4.964 5.030 4.936 4.787 4.682 4.836 4.881 4.821 4.932 4.954 4.835
7.615 7.576 7.555 7.544 7.522 7.487 7.459 7.413 7.384 7.358 7.335 7.315 7.265 7.227 7.210 7.192 7.170 7.131 7.094 7.077 7.064 7.056 7.027 6.976 6.925 6.878 6.848 6.840 6.827 6.787 6.724 6.677 6.644 6.611 6.594 6.572 6.526 6.483 6.459 6.417 6.399 6.381 6.362 6.326 6.305 6.287 6.277 6.261 6.244 6.227 6.194 6.192 5.307 5.295 5.245 5.234 5.230 5.143 5.087 5.115 5.096 5.113 5.106 5.089 4.940 4.974 5.036 5.090 4.990 4.955 4.844 4.762 5.025 4.992 4.822 4.847 4.891
7.605 7.575 7.550 7.545 7.533 7.501 7.467 7.431 7.383 7.357 7.337 7.320 7.272 7.239 7.220 7.188 7.167 7.145 7.107 7.070 7.057 7.043 7.009 6.963 6.924 6.889 6.849 6.833 6.811 6.765 6.703 6.657 6.626 6.607 6.598 6.581 6.531 6.501 6.471 6.438 6.422 6.396 6.362 6.344 6.314 6.286 6.273 6.260 6.245 6.230 6.209 6.196 6.186 5.241 5.260 5.196 5.233 5.139 5.138 5.145 5.194 5.107 5.119 5.137 5.111 5.136 5.196 5.138 5.075 5.046 5.002 4.993 4.906 4.729 4.838 4.808 4.805
7.597 7.568 7.548 7.547 7.540 7.508 7.467 7.425 7.378 7.351 7.330 7.318 7.274 7.253 7.225 7.192 7.169 7.148 7.111 7.093 7.056 7.030 7.000 6.972 6.924 6.879 6.853 6.825 6.797 6.747 6.698 6.640 6.611 6.604 6.601 6.581 6.551 6.499 6.471 6.450 6.436 6.411 6.375 6.354 6.335 6.305 6.273 6.260 6.247 6.229 6.213 6.196 6.180 5.219 5.251 5.211 5.167 5.226 5.347 5.149 5.113 5.123 5.061 5.158 5.260 5.108 5.160 5.125 5.094 5.037 4.974 4.983 4.897 4.939 4.898 4.827 4.824
7.594 7.567 7.549 7.546 7.537 7.503 7.460 7.415 7.375 7.338 7.324 7.310 7.286 7.263 7.236 7.194 7.171 7.151 7.127 7.093 7.051 7.031 6.997 6.970 6.942 6.897 6.854 6.822 6.792 6.753 6.684 6.641 6.611 6.604 6.602 6.586 6.546 6.495 6.463 6.443 6.433 6.417 6.402 6.363 6.327 6.305 6.278 6.260 6.250 6.228 6.219 6.200 6.193 5.263 5.187 5.224 5.281 5.270 5.065 5.131 5.102 5.097 5.108 5.192 5.322 5.119 5.109 5.124 5.118 5.071 5.044 5.032 4.949 5.028 4.878 4.912 4.829
7.589 7.567 7.545 7.536 7.524 7.487 7.447 7.403 7.363 7.334 7.318 7.313 7.297 7.270 7.238 7.197 7.173 7.154 7.130 7.095 7.076 7.028 7.001 6.972 6.945 6.900 6.851 6.826 6.796 6.752 6.705 6.654 6.622 6.611 6.604 6.586 6.540 6.499 6.453 6.433 6.428 6.426 6.408 6.368 6.328 6.301 6.281 6.268 6.247 6.230 6.223 6.207 6.200 6.170 6.162 5.328 5.345 5.032 5.184 4.830 5.105 5.164 5.186 5.319 5.119 5.129 5.037 5.106 5.147 5.039 5.069 5.051 5.012 4.957 4.984 4.886 4.826
7.589 7.570 7.541 7.517 7.501 7.468 7.433 7.394 7.357 7.330 7.317 7.315 7.299 7.269 7.234 7.201 7.167 7.143 7.134 7.115 7.082 7.053 7.006 6.974 6.946 6.910 6.888 6.836 6.800 6.767 6.723 6.688 6.638 6.621 6.606 6.579 6.547 6.492 6.450 6.429 6.426 6.423 6.408 6.370 6.322 6.289 6.265 6.253 6.241 6.230 6.225 6.211 6.203 6.196 6.180 6.164 6.155 6.132 6.114 6.097 5.239 5.194 5.265 5.301 5.249 5.160 5.067 5.044 4.673 5.065 5.042 5.063 4.915 4.982 4.963 4.834 4.949
7.601 7.570 7.523 7.504 7.486 7.456 7.426 7.382 7.353 7.332 7.317 7.311 7.290 7.261 7.227 7.193 7.165 7.141 7.137 7.126 7.097 7.061 7.019 6.973 6.933 6.910 6.885 6.850 6.825 6.780 6.745 6.712 6.666 6.632 6.606 6.583 6.551 6.500 6.459 6.438 6.429 6.425 6.409 6.368 6.313 6.273 6.245 6.233 6.238 6.241 6.231 6.219 6.211 6.204 6.198 6.172 6.151 6.139 6.118 6.097 6.085 6.074 6.062 6.037 5.080 5.090 5.124 5.088 5.117 5.066 5.077 4.985 5.051 5.000 4.832 4.892 4.893
7.589 7.568 7.506 7.488 7.467 7.443 7.417 7.379 7.355 7.337 7.314 7.297 7.275 7.249 7.217 7.186 7.159 7.140 7.140 7.134 7.104 7.064 7.021 6.980 6.931 6.910 6.891 6.869 6.846 6.801 6.765 6.732 6.705 6.659 6.616 6.591 6.554 6.517 6.487 6.449 6.437 6.426 6.407 6.363 6.315 6.265 6.231 6.220 6.229 6.238 6.231 6.220 6.212 6.205 6.200 6.195 6.176 6.147 6.123 6.108 6.093 6.081 6.065 6.042 6.022 6.005 5.997 5.977 5.964 5.134 5.060 4.920 4.943 4.924 4.826 4.837 4.873
7.580 7.552 7.519 7.485 7.461 7.435 7.410 7.386 7.355 7.339 7.296 7.285 7.268 7.237 7.210 7.183 7.159 7.141 7.137 7.126 7.099 7.059 7.015 6.971 6.923 6.903 6.895 6.885 6.864 6.817 6.780 6.747 6.708 6.672 6.630 6.597 6.572 6.537 6.509 6.479 6.443 6.427 6.405 6.373 6.320 6.272 6.239 6.227 6.232 6.241 6.238 6.231 6.212 6.205 6.200 6.197 6.190 6.163 6.131 6.112 6.097 6.094 6.066 6.057 6.035 6.017 5.991 5.980 5.967 5.954 5.925 5.923 5.927 5.931 4.841 4.882 4.822
7.566 7.551 7.522 7.497 7.456 7.427 7.401 7.379 7.362 7.321 7.294 7.268 7.251 7.231 7.198 7.177 7.159 7.147 7.128 7.110 7.085 7.049 7.008 6.966 6.919 6.900 6.896 6.893 6.870 6.839 6.787 6.744 6.716 6.682 6.665 6.628 6.588 6.561 6.533 6.493 6.473 6.437 6.414 6.384 6.336 6.293 6.265 6.249 6.249 6.252 6.241 6.231 6.210 6.203 6.202 6.201 6.191 6.170 6.133 6.111 6.101 6.089 6.080 6.051 6.042 6.017 6.002 5.989 5.960 5.948 5.927 5.912 5.910 5.907 5.883 5.858 5.818
7.560 7.551 7.527 7.497 7.448 7.409 7.380 7.359 7.344 7.318 7.275 7.260 7.243 7.224 7.205 7.176 7.160 7.137 7.114 7.092 7.069 7.039 7.004 6.967 6.923 6.900 6.895 6.890 6.866 6.835 6.800 6.748 6.707 6.691 6.679 6.652 6.629 6.584 6.555 6.513 6.490 6.469 6.429 6.388 6.358 6.328 6.290 6.275 6.263 6.258 6.250 6.235 6.214 6.204 6.202 6.201 6.191 6.169 6.145 6.107 6.093 6.081 6.075 6.065 6.045 6.018 6.000 5.982 5.967 5.942 5.919 5.913 5.897 5.879 5.870 5.852 5.811
7.558 7.554 7.526 7.488 7.444 7.393 7.361 7.341 7.319 7.311 7.283 7.256 7.236 7.217 7.199 7.184 7.162 7.120 7.105 7.091 7.058 7.026 6.997 6.968 6.932 6.905 6.896 6.877 6.857 6.828 6.794 6.743 6.718 6.696 6.690 6.673 6.650 6.605 6.558 6.529 6.505 6.482 6.445 6.422 6.381 6.354 6.331 6.291 6.280 6.270 6.258 6.245 6.220 6.209 6.201 6.198 6.188 6.164 6.139 6.113 6.085 6.072 6.069 6.066 6.039 6.017 5.994 5.972 5.954 5.930 5.912 5.893 5.886 5.866 5.848 5.834 5.811
7.556 7.549 7.518 7.476 7.429 7.383 7.340 7.318 7.309 7.305 7.281 7.262 7.230 7.209 7.185 7.171 7.152 7.117 7.092 7.078 7.060 7.024 7.000 6.976 6.954 6.919 6.884 6.870 6.849 6.821 6.788 6.740 6.714 6.697 6.696 6.688 6.663 6.629 6.566 6.535 6.513 6.497 6.482 6.448 6.408 6.380 6.342 6.322 6.295 6.282 6.269 6.243 6.230 6.215 6.202 6.195 6.179 6.158 6.135 6.109 6.079 6.069 6.068 6.064 6.045 6.014 5.985 5.958 5.931 5.918 5.901 5.887 5.875 5.865 5.841 5.829 5.799
7.548 7.535 7.499 7.460 7.413 7.366 7.322 7.305 7.302 7.300 7.276 7.251 7.218 7.191 7.173 7.161 7.140 7.114 7.091 7.075 7.057 7.039 7.005 6.985 6.966 6.919 6.898 6.867 6.844 6.809 6.779 6.740 6.715 6.698 6.697 6.690 6.666 6.631 6.583 6.539 6.520 6.510 6.491 6.473 6.434 6.402 6.361 6.338 6.320 6.300 6.276 6.249 6.236 6.225 6.198 6.188 6.176 6.159 6.134 6.105 6.081 6.071 6.067 6.062 6.040 6.013 5.974 5.942 5.913 5.900 5.894 5.889 5.873 5.862 5.850 5.827 5.818
7.525 7.508 7.483 7.443 7.402 7.359 7.319 7.302 7.301 7.298 7.272 7.243 7.212 7.178 7.159 7.147 7.137 7.116 7.101 7.071 7.056 7.039 7.018 6.985 6.963 6.928 6.895 6.874 6.836 6.810 6.782 6.754 6.716 6.700 6.690 6.681 6.658 6.616 6.580 6.550 6.524 6.520 6.516 6.496 6.464 6.420 6.369 6.343 6.324 6.310 6.284 6.261 6.247 6.233 6.207 6.189 6.176 6.160 6.141 6.111 5.285 5.241 5.286 5.119 5.026 5.002 5.116 5.099 5.899 5.886 5.887 5.881 5.864 5.849 5.836 5.825 5.807
7.509 7.490 7.465 7.435 7.389 7.356 7.321 7.306 7.301 7.293 7.262 7.233 7.200 7.170 7.145 7.139 7.135 7.119 7.095 7.069 7.050 7.035 7.014 7.002 6.962 6.928 6.904 6.880 6.843 6.818 6.790 6.765 6.730 6.689 6.680 6.667 6.639 6.609 6.574 6.547 6.525 6.526 6.526 6.508 6.474 6.424 6.373 6.346 6.328 6.317 6.307 6.284 6.258 6.228 6.212 6.193 6.179 6.165 6.142 6.107 5.341 5.099 5.037 5.179 5.081 4.993 4.962 4.823 4.912 4.901 4.960 4.857 4.950 4.974 4.906 4.968 5.055
7.495 7.473 7.449 7.413 7.385 7.359 7.326 7.307 7.289 7.276 7.256 7.222 7.191 7.162 7.140 7.136 7.134 7.116 7.094 7.070 7.051 7.034 7.021 7.003 6.988 6.950 6.921 6.876 6.849 6.825 6.803 6.767 6.728 6.694 6.676 6.658 6.628 6.601 6.573 6.546 6.524 6.524 6.523 6.505 6.470 6.421 6.382 6.343 6.328 6.321 6.314 6.295 6.275 6.235 6.209 6.193 6.180 6.162 6.150 6.115 5.320 5.120 5.167 5.185 5.040 5.069 4.975 4.868 4.843 4.758 4.742 4.911 4.662 4.814 4.912 4.850 4.809
7.486 7.461 7.436 7.402 7.380 7.346 7.331 7.292 7.280 7.265 7.245 7.220 7.182 7.156 7.138 7.135 7.131 7.111 7.088 7.065 7.046 7.028 7.028 7.025 7.005 6.965 6.929 6.879 6.852 6.831 6.815 6.777 6.737 6.702 6.680 6.658 6.621 6.596 6.571 6.550 6.524 6.510 6.506 6.488 6.447 6.410 6.373 6.346 6.326 6.324 6.321 6.301 6.277 6.241 6.210 6.194 6.182 6.172 6.152 6.125 6.109 5.040 5.242 5.203 5.229 5.169 5.090 4.914 4.856 4.716 4.720 4.774 4.748 4.733 4.948 4.704 4.757
7.476 7.446 7.413 7.388 7.370 7.356 7.307 7.281 7.267 7.251 7.236 7.204 7.181 7.163 7.136 7.131 7.124 7.104 7.079 7.058 7.041 7.029 7.033 7.033 7.013 6.969 6.926 6.879 6.853 6.837 6.824 6.796 6.755 6.713 6.683 6.656 6.620 6.595 6.570 6.551 6.512 6.492 6.482 6.455 6.426 6.394 6.366 6.342 6.326 6.326 6.321 6.303 6.269 6.239 6.214 6.191 6.183 6.170 6.160 6.137 6.118 5.273 5.188 5.080 5.117 5.170 5.207 5.204 5.270 4.823 4.826 4.923 4.799 4.849 4.627 4.748 4.757
7.467 7.431 7.395 7.372 7.358 7.333 7.292 7.276 7.260 7.242 7.215 7.198 7.182 7.154 7.132 7.115 7.105 7.091 7.074 7.051 7.037 7.026 7.029 7.028 7.008 6.962 6.918 6.882 6.852 6.842 6.837 6.814 6.776 6.733 6.687 6.654 6.616 6.592 6.571 6.533 6.484 6.471 6.463 6.432 6.407 6.381 6.357 6.328 6.324 6.320 6.315 6.295 6.261 6.232 6.208 6.183 6.180 6.177 6.169 6.147 6.119 5.230 5.192 4.996 4.922 4.930 4.910 4.995 4.905 4.918 4.864 4.696 4.775 4.778 4.754 4.793 4.812
7.454 7.412 7.374 7.351 7.335 7.322 7.288 7.270 7.249 7.233 7.205 7.190 7.176 7.146 7.120 7.104 7.092 7.079 7.064 7.037 7.027 7.014 7.010 7.006 6.986 6.943 6.904 6.873 6.855 6.846 6.849 6.834 6.791 6.742 6.672 6.631 6.600 6.577 6.544 6.508 6.479 6.459 6.439 6.412 6.390 6.368 6.349 6.321 6.312 6.308 6.291 6.267 6.242 6.224 6.202 6.182 6.182 6.183 6.170 6.148 6.123 4.907 5.023 4.837 4.817 4.685 4.790 5.014 4.925 4.774 4.668 4.693 4.732 4.698 4.688 4.785 4.719
7.443 7.386 7.349 7.327 7.317 7.314 7.288 7.266 7.241 7.218 7.194 7.180 7.168 7.140 7.113 7.092 7.078 7.064 7.038 7.026 7.019 7.001 6.986 6.967 6.948 6.921 6.888 6.864 6.851 6.848 6.855 6.840 6.789 6.729 6.673 6.619 6.589 6.570 6.545 6.513 6.490 6.453 6.426 6.395 6.371 6.352 6.316 6.287 6.296 6.278 6.261 6.246 6.226 6.208 6.198 6.180 6.181 6.181 6.169 6.149 6.118 5.025 5.001 5.110 5.044 4.981 4.814 5.041 5.025 4.877 4.846 4.636 4.813 4.494 4.621 4.742 4.776
7.428 7.373 7.337 7.316 7.314 7.312 7.291 7.260 7.230 7.203 7.179 7.165 7.146 7.138 7.095 7.079 7.062 7.052 7.024 7.013 7.005 6.985 6.947 6.936 6.919 6.897 6.874 6.845 6.839 6.832 6.838 6.821 6.770 6.711 6.656 6.612 6.577 6.562 6.550 6.532 6.490 6.454 6.391 6.359 6.333 6.333 6.297 6.268 6.250 6.244 6.239 6.226 6.211 6.197 6.187 6.173 6.170 6.168 6.157 6.124 6.112 5.115 4.993 5.103 5.066 5.119 5.148 5.214 4.830 4.891 4.745 4.784 4.624 4.794 4.695 4.751 4.823
7.418 7.368 7.338 7.318 7.315 7.310 7.285 7.256 7.222 7.184 7.157 7.146 7.142 7.118 7.092 7.071 7.050 7.031 7.016 6.997 6.989 6.959 6.921 6.907 6.890 6.872 6.837 6.831 6.825 6.803 6.801 6.782 6.731 6.683 6.634 6.595 6.566 6.563 6.559 6.537 6.485 6.433 6.375 6.336 6.308 6.290 6.266 6.243 6.231 6.223 6.209 6.198 6.187 6.178 6.162 6.154 6.138 6.135 6.122 6.107 6.094 5.281 5.146 5.182 4.996 4.970 4.985 4.935 5.064 4.975 4.995 4.681 4.614 4.607 4.545 4.621 4.660
7.392 7.357 7.336 7.321 7.314 7.304 7.275 7.245 7.210 7.166 7.145 7.136 7.134 7.117 7.090 7.063 7.036 7.013 6.997 6.982 6.958 6.932 6.905 6.887 6.869 6.830 6.815 6.804 6.785 6.776 6.741 6.721 6.689 6.649 6.613 6.583 6.562 6.562 6.564 6.538 6.478 6.417 6.362 6.309 6.280 6.261 6.254 6.230 6.220 6.206 6.191 6.181 6.171 6.164 6.147 6.127 6.105 6.110 6.098 6.087 6.078 5.286 5.148 5.216 5.072 5.015 4.807 4.775 4.751 4.760 4.813 4.586 4.650 4.909 4.537 4.500 4.553
7.384 7.363 7.339 7.310 7.299 7.285 7.265 7.234 7.187 7.160 7.138 7.136 7.134 7.116 7.088 7.056 7.020 6.994 6.968 6.960 6.953 6.905 6.882 6.858 6.830 6.809 6.791 6.780 6.743 6.705 6.692 6.671 6.649 6.618 6.579 6.560 6.545 6.546 6.543 6.514 6.453 6.392 6.335 6.289 6.253 6.243 6.240 6.223 6.210 6.175 6.159 6.147 6.139 6.132 6.116 6.108 6.082 6.074 6.056 6.066 6.059 5.352 4.971 4.958 5.275 5.065 4.961 4.749 4.746 4.717 4.715 4.904 4.614 4.487 4.723 4.702 4.325
7.379 7.361 7.345 7.303 7.290 7.274 7.254 7.230 7.191 7.154 7.138 7.134 7.129 7.106 7.077 7.043 6.993 6.970 6.956 6.947 6.939 6.909 6.873 6.841 6.807 6.784 6.768 6.733 6.722 6.675 6.656 6.634 6.608 6.562 6.542 6.540 6.515 6.510 6.485 6.455 6.407 6.360 6.310 6.269 6.241 6.236 6.232 6.212 6.187 6.164 6.143 6.132 6.126 6.119 6.098 6.082 6.065 6.052 6.033 6.024 6.019 5.244 5.041 5.152 5.062 5.114 5.075 4.852 4.665 4.839 4.726 4.942 4.588 4.436 4.589 4.685 4.531
7.374 7.358 7.323 7.294 7.268 7.252 7.234 7.215 7.174 7.154 7.137 7.128 7.112 7.094 7.063 7.031 6.982 6.961 6.950 6.950 6.940 6.906 6.867 6.819 6.784 6.759 6.743 6.715 6.702 6.639 6.629 6.601 6.574 6.527 6.509 6.497 6.479 6.440 6.426 6.399 6.360 6.318 6.288 6.258 6.237 6.233 6.228 6.202 6.173 6.148 6.131 6.122 6.118 6.115 6.100 6.068 6.046 6.016 5.999 6.000 5.993 5.987 5.254 5.201 5.020 4.937 5.029 4.969 4.824 4.709 4.820 4.582 4.772 4.729 4.590 4.761 4.651
