includes/estuary_coast/floodfiles/results/res-0006.wdfp
ncols         730
nrows         472
xllcorner     380617.130607059982140
yllcorner     6542069.774948899634182
cellsize      20.000000000000000
NODATA_value  -9999.000000
[rows 306 to 339 of 472, columns 77 to 153 of 730]
1.613 1.586 1.756 1.436 1.421 1.529 1.554 1.564 1.608 1.536 1.599 1.563 1.710 1.703 1.574 1.552 1.524 1.534 1.536 1.515 1.674 2.038 1.664 1.569 1.533 1.493 1.428 1.481 1.536 1.341 1.289 1.865 1.990 1.672 1.505 1.257 1.149 1.139 1.125 1.128 1.182 1.098 0.987 0.955 0.824 0.859 0.892 0.825 0.802 0.770 0.674 0.743 0.726 0.666 0.667 0.680 0.628 0.627 0.606 0.503 0.550 0.508 0.464 0.388 0.442 0.337 0.290 0.276 0.347 0.309 0.233 0.123 0.168 0.053 0.014 0.052 0.000
1.634 1.509 1.797 1.587 1.394 1.373 1.417 1.568 1.582 1.485 1.613 1.499 1.575 1.630 1.682 1.533 1.514 1.600 1.513 1.523 1.579 1.698 1.931 1.509 1.468 1.384 1.549 1.444 1.323 1.340 1.497 1.265 1.705 1.862 1.641 1.384 1.216 1.145 1.094 1.094 1.177 1.052 1.001 0.951 0.929 0.913 0.845 0.832 0.823 0.813 0.809 0.692 0.725 0.671 0.587 0.612 0.661 0.625 0.501 0.515 0.548 0.487 0.404 0.413 0.370 0.321 0.279 0.275 0.291 0.320 0.228 0.216 0.094 0.053 0.029 0.000 0.000
1.753 1.690 1.623 1.759 1.836 1.539 1.538 1.554 1.537 1.456 1.478 1.502 1.542 1.586 1.548 1.591 1.458 1.560 1.585 1.428 1.511 1.608 1.741 1.829 1.508 1.432 1.430 1.397 1.458 1.369 1.285 1.262 1.323 1.634 1.921 1.567 1.262 1.136 1.057 1.049 1.044 0.981 0.921 0.915 0.923 0.911 0.882 0.868 0.799 0.797 0.720 0.668 0.696 0.780 0.696 0.633 0.619 0.578 0.558 0.615 0.492 0.417 0.409 0.311 0.335 0.309 0.327 0.290 0.271 0.218 0.169 0.208 0.109 0.061 0.064 0.000 0.000
1.501 1.746 1.624 1.593 1.659 1.555 1.500 1.368 1.343 1.369 1.489 1.470 1.533 1.467 1.544 1.850 1.570 1.526 1.499 1.541 1.483 1.467 1.553 1.571 1.722 1.718 1.394 1.319 1.411 1.412 1.290 1.241 1.287 1.260 1.631 1.832 1.580 1.366 1.181 1.097 1.026 0.974 1.093 0.951 0.837 0.891 0.862 0.789 0.861 0.801 0.740 0.709 0.688 0.738 0.709 0.691 0.577 0.645 0.524 0.522 0.463 0.430 0.433 0.347 0.353 0.326 0.319 0.325 0.182 0.237 0.188 0.217 0.165 0.082 0.033 0.001 0.000
1.648 1.776 1.762 1.823 1.490 1.629 1.691 1.412 1.390 1.378 1.466 1.385 1.410 1.505 1.518 1.500 1.492 1.469 1.404 1.454 1.494 1.386 1.569 1.467 1.810 1.604 1.559 1.571 1.264 1.228 1.175 1.221 1.140 1.153 1.418 1.603 1.843 1.351 1.384 1.110 1.143 1.131 0.945 0.961 0.930 0.890 0.883 0.865 0.807 0.828 0.753 0.731 0.737 0.693 0.701 0.661 0.598 0.559 0.591 0.466 0.392 0.363 0.367 0.429 0.363 0.342 0.313 0.218 0.273 0.203 0.169 0.055 0.103 0.094 0.014 0.001 0.000
1.474 1.478 1.442 1.579 1.721 1.519 1.421 1.553 1.286 1.330 1.324 1.366 1.308 1.528 1.487 1.500 1.574 1.400 1.453 1.384 1.328 1.541 1.368 1.564 1.544 1.471 1.534 1.413 1.618 1.292 1.281 1.153 1.202 1.151 1.302 1.397 1.678 1.748 1.448 1.295 1.200 1.027 1.034 0.991 0.987 0.892 0.884 0.859 0.800 0.836 0.735 0.728 0.723 0.758 0.635 0.675 0.668 0.562 0.572 0.464 0.407 0.390 0.387 0.373 0.341 0.323 0.230 0.266 0.230 0.201 0.223 0.192 0.075 0.078 0.044 0.001 0.000
1.564 1.526 1.504 1.312 1.334 1.475 1.461 1.730 1.316 1.296 1.351 1.301 1.236 1.328 1.369 1.407 1.582 1.344 1.356 1.309 1.289 1.300 1.330 1.290 1.445 1.550 1.543 1.479 1.419 1.630 1.540 1.228 1.242 1.212 1.258 1.181 1.345 1.644 1.531 1.337 1.161 1.095 0.963 0.903 0.973 0.930 0.915 0.874 0.843 0.815 0.731 0.760 0.701 0.642 0.718 0.626 0.645 0.572 0.534 0.462 0.391 0.390 0.394 0.419 0.361 0.293 0.271 0.228 0.249 0.182 0.214 0.265 0.067 0.030 0.005 0.037 0.000
1.618 1.459 1.425 1.425 1.338 1.365 1.395 1.757 1.730 1.221 1.304 1.319 1.314 1.150 1.262 1.322 1.373 1.472 1.421 1.421 1.299 1.325 1.296 1.398 1.395 1.420 1.485 1.457 1.377 1.322 1.415 1.527 1.383 1.269 1.259 1.130 1.257 1.436 1.653 1.285 1.323 1.166 1.029 1.028 0.950 0.906 0.831 0.894 0.828 0.842 0.733 0.761 0.740 0.730 0.646 0.595 0.601 0.541 0.467 0.438 0.375 0.391 0.427 0.374 0.340 0.306 0.295 0.303 0.274 0.199 0.166 0.193 0.101 0.011 0.001 0.002 0.002
1.744 1.472 1.535 1.389 1.385 1.341 1.394 1.684 1.399 1.412 1.261 1.301 1.405 1.222 1.223 1.354 1.315 1.358 1.406 1.412 1.257 1.220 1.352 1.348 1.278 1.361 1.334 1.352 1.396 1.433 1.172 1.264 1.366 1.347 1.303 1.017 1.171 1.236 1.602 1.328 1.347 1.163 1.066 1.003 0.923 0.950 0.891 0.882 0.811 0.824 0.774 0.755 0.740 0.672 0.673 0.621 0.571 0.490 0.473 0.504 0.443 0.362 0.381 0.393 0.344 0.267 0.294 0.298 0.245 0.209 0.181 0.061 0.093 0.032 0.001 0.000 0.000
1.655 1.486 1.352 1.355 1.367 1.409 1.377 1.410 1.557 1.447 1.303 1.270 1.251 1.171 1.171 1.177 1.321 1.310 1.393 1.482 1.284 1.334 1.436 1.393 1.264 1.228 1.245 1.260 1.351 1.271 1.309 1.117 1.337 1.291 1.214 1.275 1.198 1.281 1.509 1.231 1.322 1.202 1.116 1.148 0.985 0.905 0.875 0.881 0.889 0.832 0.844 0.709 0.711 0.725 0.668 0.586 0.583 0.594 0.515 0.488 0.473 0.410 0.418 0.325 0.324 0.344 0.286 0.177 0.260 0.201 0.256 0.185 0.143 0.028 0.000 0.018 0.018
1.714 1.890 1.332 1.383 1.319 1.356 1.382 1.397 1.680 1.326 1.391 1.347 1.273 1.173 1.200 1.243 1.190 1.212 1.301 1.393 1.358 1.279 1.319 1.203 1.272 1.150 1.130 1.181 1.240 1.194 1.249 1.206 1.203 1.406 1.403 1.283 1.238 1.342 1.462 1.278 1.151 1.191 1.237 1.045 1.115 0.973 0.958 0.944 0.893 0.795 0.750 0.748 0.785 0.740 0.571 0.644 0.655 0.507 0.551 0.498 0.462 0.550 0.465 0.421 0.397 0.342 0.253 0.164 0.213 0.226 0.179 0.096 0.100 0.001 0.020 0.000 0.000
1.609 1.952 1.492 1.317 1.374 1.346 1.337 1.384 1.466 1.584 1.318 1.398 1.343 1.188 1.142 1.086 1.203 1.112 1.225 1.307 1.299 1.318 1.268 1.257 1.248 1.118 1.114 1.048 1.164 1.231 1.274 1.180 1.234 1.220 1.348 1.324 1.237 1.330 1.410 1.203 1.240 1.177 1.212 1.088 1.091 0.983 1.087 0.966 0.917 0.868 0.826 0.661 0.822 0.686 0.611 0.647 0.594 0.596 0.533 0.523 0.566 0.517 0.462 0.337 0.387 0.250 0.342 0.231 0.165 0.168 0.179 0.089 0.108 0.007 0.000 0.000 0.002
1.609 1.677 1.509 1.318 1.386 1.401 1.398 1.207 1.341 1.333 1.717 1.309 1.404 1.281 1.147 1.177 1.146 1.196 1.127 1.328 1.276 1.328 1.225 1.156 1.129 1.138 1.189 1.098 1.125 1.170 1.214 1.162 1.278 1.266 1.222 1.371 1.304 1.296 1.464 1.127 1.222 1.116 1.101 1.111 1.203 1.041 1.046 1.002 0.910 0.852 0.845 0.804 0.718 0.650 0.642 0.573 0.585 0.550 0.541 0.532 0.471 0.478 0.381 0.366 0.290 0.326 0.280 0.228 0.202 0.149 0.138 0.110 0.101 0.031 0.000 0.025 0.019
1.666 1.744 1.626 1.503 1.445 1.322 1.381 1.323 1.251 1.353 1.358 1.663 1.236 1.373 1.335 1.203 1.136 1.140 1.180 1.161 1.180 1.225 1.265 1.168 1.178 1.072 1.140 1.135 1.187 1.192 1.151 1.153 1.249 1.185 1.274 1.240 1.390 1.360 1.247 1.097 1.138 1.071 1.137 1.137 1.096 0.966 1.016 0.943 0.959 0.876 0.813 0.790 0.745 0.634 0.616 0.599 0.608 0.503 0.510 0.536 0.456 0.433 0.454 0.350 0.366 0.219 0.254 0.229 0.236 0.224 0.211 0.069 0.029 0.114 0.070 0.000 0.076
1.515 1.568 1.681 1.513 1.467 1.280 1.319 1.421 1.396 1.265 1.372 1.382 1.380 1.264 1.272 1.224 1.309 1.099 1.164 1.186 1.200 1.151 1.099 1.050 1.154 1.196 1.082 1.130 1.118 1.126 1.039 1.068 1.165 1.181 1.151 1.256 1.320 1.416 1.306 1.191 1.101 1.116 1.161 1.095 1.174 1.081 0.976 0.875 0.993 0.941 0.819 0.747 0.683 0.682 0.617 0.614 0.548 0.586 0.604 0.465 0.461 0.422 0.384 0.393 0.325 0.315 0.260 0.260 0.255 0.207 0.213 0.141 0.168 0.133 0.000 0.012 0.009
1.574 1.533 1.887 1.878 1.339 1.426 1.364 1.472 1.437 1.417 1.321 1.318 1.384 1.272 1.286 1.283 1.306 1.250 1.136 1.162 1.145 1.101 1.167 1.042 1.067 1.086 1.098 1.091 1.077 1.115 1.011 1.090 1.095 1.108 1.149 1.179 1.170 1.208 1.574 1.197 1.136 0.919 1.062 1.159 1.101 1.040 1.024 1.039 0.970 0.888 0.772 0.713 0.688 0.712 0.631 0.618 0.621 0.517 0.528 0.442 0.462 0.385 0.516 0.421 0.306 0.304 0.296 0.271 0.257 0.232 0.216 0.230 0.100 0.093 0.016 0.007 0.055
1.530 1.596 1.727 1.689 1.640 1.428 1.494 1.359 1.339 1.326 1.345 1.325 1.446 1.416 1.254 1.272 1.296 1.272 1.209 1.146 1.160 1.085 1.171 1.105 1.148 1.142 1.127 1.063 1.105 1.106 1.073 1.062 1.008 1.081 1.093 1.275 1.244 1.237 1.405 1.201 1.070 0.963 1.110 1.035 1.039 1.005 1.079 0.965 0.918 0.913 0.712 0.772 0.696 0.686 0.622 0.699 0.615 0.538 0.504 0.578 0.475 0.470 0.456 0.372 0.354 0.323 0.318 0.253 0.275 0.202 0.211 0.207 0.189 0.080 0.066 0.001 0.001
1.655 1.534 1.607 1.729 1.831 1.462 1.438 1.337 1.310 1.314 1.289 1.371 1.418 1.362 1.500 1.235 1.186 1.214 1.208 1.081 1.089 1.042 1.203 1.116 1.135 1.068 0.989 1.058 1.081 1.011 1.158 1.065 1.028 1.022 0.999 1.122 1.252 1.204 1.205 1.321 1.045 1.004 1.220 1.080 0.991 1.094 0.982 0.968 1.040 0.829 0.776 0.729 0.733 0.745 0.703 0.614 0.675 0.669 0.549 0.529 0.479 0.488 0.443 0.421 0.389 0.370 0.311 0.321 0.255 0.246 0.206 0.147 0.183 0.166 0.113 0.077 0.004
1.565 1.547 1.554 1.717 1.613 1.532 1.522 1.377 1.395 1.393 1.334 1.262 1.344 1.332 1.340 1.634 1.302 1.152 1.163 1.143 1.178 1.073 1.094 1.145 1.072 1.104 1.034 1.122 0.984 1.026 0.973 1.028 1.057 1.128 1.058 1.098 1.090 1.123 1.110 1.300 1.167 0.957 1.188 1.108 1.031 1.030 1.034 0.938 0.897 0.825 0.824 0.749 0.711 0.703 0.633 0.641 0.617 0.570 0.582 0.521 0.509 0.482 0.449 0.383 0.387 0.357 0.309 0.332 0.311 0.250 0.252 0.210 0.128 0.123 0.113 0.046 0.002
1.570 1.457 1.583 1.499 1.594 1.652 1.412 1.341 1.320 1.313 1.273 1.285 1.290 1.297 1.278 1.234 1.498 1.080 1.093 1.162 1.082 1.175 1.006 1.088 1.188 1.034 1.118 0.988 1.037 0.965 0.961 1.067 1.051 0.985 1.014 1.116 0.940 1.046 1.067 1.069 1.232 1.070 1.153 1.147 1.052 1.025 1.032 0.932 0.859 0.800 0.801 0.772 0.778 0.774 0.652 0.690 0.616 0.572 0.577 0.487 0.506 0.490 0.457 0.416 0.427 0.327 0.268 0.346 0.317 0.322 0.178 0.217 0.234 0.177 0.151 0.043 0.000
1.604 1.549 1.547 1.478 1.549 1.672 1.597 1.402 1.493 1.348 1.414 1.360 1.290 1.249 1.277 1.245 1.203 1.199 1.080 1.147 1.060 1.033 1.212 1.065 1.102 1.041 0.971 0.965 1.033 1.090 1.001 1.052 1.099 1.053 0.920 0.920 0.936 1.044 1.037 1.007 1.044 0.973 1.190 1.197 1.018 0.891 0.983 0.944 0.844 0.849 0.790 0.789 0.752 0.694 0.671 0.625 0.628 0.682 0.542 0.591 0.519 0.504 0.503 0.464 0.357 0.358 0.374 0.374 0.289 0.295 0.257 0.189 0.191 0.071 0.124 0.096 0.099
1.498 1.523 1.503 1.444 1.508 1.620 1.657 1.516 1.454 1.447 1.268 1.303 1.196 1.252 1.245 1.195 1.677 1.152 1.140 1.033 1.054 1.012 1.040 1.208 0.959 0.940 1.014 0.978 1.028 1.094 1.009 1.043 1.041 1.027 0.924 0.914 0.924 0.922 0.994 0.948 1.053 0.968 1.114 1.119 1.027 1.023 0.975 0.887 0.844 0.953 0.886 0.769 0.787 0.725 0.668 0.673 0.660 0.592 0.565 0.530 0.520 0.518 0.430 0.371 0.430 0.466 0.407 0.395 0.360 0.366 0.348 0.289 0.243 0.146 0.198 0.099 0.071
1.410 1.484 1.433 1.415 1.285 1.491 1.478 1.521 1.465 1.409 1.321 1.267 1.271 1.236 1.166 1.320 1.197 1.104 1.040 1.205 1.019 0.981 1.003 1.031 1.125 0.952 1.078 1.013 0.975 0.923 1.025 1.058 0.978 0.909 0.967 0.883 0.889 0.864 0.908 1.020 1.099 1.023 1.214 1.040 1.024 1.060 0.887 0.872 0.860 0.847 0.823 0.810 0.783 0.729 0.706 0.707 0.659 0.593 0.561 0.524 0.496 0.478 0.448 0.519 0.447 0.508 0.402 0.389 0.407 0.449 0.302 0.169 0.157 0.222 0.150 0.113 0.046
1.387 1.523 1.423 1.520 1.428 1.395 1.389 1.637 1.395 1.457 1.294 1.338 1.339 1.120 1.175 1.188 1.156 1.410 1.128 1.153 1.180 0.986 1.039 0.983 0.942 0.990 0.993 1.050 0.934 0.978 0.955 1.083 0.914 0.928 0.964 0.981 0.868 0.919 0.910 0.919 0.993 1.013 1.074 0.965 1.113 0.948 0.878 0.931 0.892 0.836 0.791 0.759 0.722 0.749 0.682 0.710 0.653 0.642 0.633 0.614 0.579 0.487 0.475 0.433 0.475 0.457 0.515 0.350 0.374 0.301 0.296 0.281 0.215 0.205 0.167 0.099 0.006
1.402 1.495 1.450 1.418 1.406 1.434 1.338 1.464 1.458 1.368 1.332 1.298 1.294 1.332 1.243 1.123 1.155 1.098 1.090 1.089 1.030 1.090 1.063 1.004 0.967 1.024 0.943 1.017 1.043 0.881 0.994 0.936 0.840 0.860 0.895 0.869 0.918 0.919 0.864 0.928 0.964 0.911 0.998 1.119 1.040 0.924 0.913 0.861 0.832 0.856 0.766 0.800 0.741 0.784 0.734 0.721 0.728 0.638 0.629 0.637 0.581 0.500 0.543 0.524 0.553 0.506 0.443 0.466 0.380 0.378 0.326 0.260 0.217 0.155 0.138 0.115 0.093
1.306 1.344 1.426 1.389 1.395 1.434 1.355 1.412 1.304 1.263 1.355 1.157 1.105 1.131 1.145 1.134 1.122 1.133 1.313 1.068 1.013 1.008 1.028 1.090 1.034 0.931 1.022 1.085 0.901 0.936 0.900 0.890 0.897 0.930 0.820 0.886 0.851 0.923 0.962 0.882 0.871 0.878 1.009 0.957 0.934 0.886 0.870 0.860 0.804 0.809 0.846 0.696 0.791 0.794 0.742 0.662 0.723 0.625 0.654 0.603 0.591 0.543 0.528 0.454 0.478 0.470 0.375 0.418 0.321 0.359 0.265 0.311 0.249 0.198 0.222 0.129 0.125
1.334 1.350 1.250 1.311 1.373 1.372 1.374 1.347 1.487 1.325 1.200 1.219 1.208 1.157 1.063 1.116 1.061 1.121 1.188 1.065 1.036 0.977 1.020 1.075 1.073 0.947 0.945 0.882 0.850 0.972 0.890 0.855 0.842 0.861 0.874 0.925 0.843 0.869 0.852 0.810 0.843 0.860 0.954 0.943 1.144 0.994 0.865 0.895 0.786 0.885 0.746 0.800 0.723 0.704 0.721 0.663 0.646 0.687 0.599 0.625 0.700 0.570 0.557 0.599 0.560 0.426 0.438 0.483 0.357 0.378 0.379 0.360 0.256 0.294 0.217 0.219 0.140
1.248 1.247 1.310 1.188 1.447 1.273 1.400 1.267 1.285 1.270 1.104 1.182 1.158 1.143 1.176 0.965 1.056 1.021 1.024 0.989 1.047 1.006 1.076 1.069 0.946 0.975 0.933 0.910 1.011 0.918 0.928 0.955 0.963 0.915 0.844 0.818 0.828 0.880 0.782 0.788 0.832 0.837 0.969 0.986 0.927 0.847 0.864 0.832 0.900 0.857 0.786 0.752 0.819 0.709 0.728 0.654 0.659 0.660 0.632 0.608 0.623 0.579 0.475 0.595 0.542 0.533 0.472 0.417 0.320 0.372 0.355 0.281 0.273 0.250 0.179 0.193 0.130
1.268 1.282 1.225 1.259 1.264 1.425 1.274 1.265 1.230 1.134 1.116 1.125 1.070 1.071 1.071 1.060 0.984 1.033 1.078 1.238 0.993 1.075 1.046 0.985 1.005 1.019 0.999 0.973 0.944 1.018 0.960 0.879 0.941 0.915 0.937 0.905 0.959 0.844 0.874 0.824 0.789 0.903 0.948 0.940 0.964 0.905 0.813 0.819 0.772 0.785 0.767 0.733 0.773 0.778 0.745 0.670 0.694 0.686 0.650 0.586 0.652 0.569 0.499 0.566 0.551 0.465 0.446 0.379 0.397 0.404 0.340 0.302 0.317 0.197 0.213 0.249 0.144
1.455 1.285 1.243 1.238 1.177 1.267 1.219 1.214 1.171 1.167 1.158 1.009 1.087 1.101 1.003 1.060 1.033 1.029 1.015 1.028 1.061 1.153 1.002 0.938 0.980 0.910 0.955 0.948 0.923 0.948 0.832 0.887 0.884 0.878 0.917 0.782 0.830 0.831 0.911 0.750 0.833 0.934 0.876 0.891 0.892 1.014 0.962 0.973 0.814 0.809 0.773 0.878 0.795 0.774 0.755 0.680 0.657 0.665 0.604 0.648 0.621 0.524 0.617 0.552 0.445 0.458 0.427 0.459 0.360 0.392 0.352 0.300 0.299 0.293 0.255 0.231 0.204
1.451 1.494 1.479 1.329 1.297 1.349 1.402 1.238 1.221 1.220 1.124 1.065 1.110 1.049 1.091 1.045 1.074 1.016 1.043 1.092 1.016 0.931 0.852 1.018 0.870 0.951 0.998 0.938 0.950 0.964 0.919 0.958 0.808 0.846 0.836 0.795 0.812 0.797 0.823 0.907 0.860 0.858 0.956 0.924 0.892 0.901 0.874 0.757 1.003 0.822 0.805 0.826 0.774 0.778 0.700 0.721 0.710 0.741 0.653 0.617 0.639 0.610 0.572 0.580 0.491 0.427 0.476 0.482 0.408 0.351 0.332 0.377 0.378 0.246 0.285 0.234 0.182
1.346 1.389 1.332 1.339 1.442 1.394 1.314 1.247 1.249 1.226 1.186 1.141 1.088 1.093 1.054 1.080 1.005 1.036 1.197 0.990 0.906 1.032 1.039 0.944 0.953 0.972 1.015 0.938 0.933 0.988 0.960 0.893 0.866 0.831 0.890 0.825 0.799 0.798 0.855 0.834 0.831 0.842 0.883 0.923 0.834 0.918 0.879 0.839 0.836 0.838 0.852 0.809 0.780 0.718 0.724 0.760 0.721 0.706 0.695 0.642 0.640 0.556 0.549 0.512 0.481 0.544 0.472 0.449 0.419 0.414 0.365 0.386 0.338 0.269 0.289 0.196 0.175
1.589 1.531 1.501 1.364 1.250 1.375 1.363 1.321 1.213 1.216 1.088 1.136 1.101 1.053 1.073 1.024 1.175 1.117 1.064 1.012 0.988 0.950 0.964 1.003 0.968 0.952 1.008 0.979 0.882 0.945 0.945 0.917 0.886 0.821 0.819 0.894 0.872 0.875 0.841 0.883 0.807 0.810 0.894 0.948 0.816 0.893 0.853 0.839 0.845 0.943 0.809 0.810 0.778 0.775 0.790 0.718 0.742 0.702 0.613 0.615 0.607 0.535 0.526 0.522 0.570 0.570 0.433 0.458 0.484 0.418 0.384 0.402 0.377 0.331 0.356 0.263 0.192
1.307 1.393 1.388 1.318 1.247 1.359 1.302 1.288 1.265 1.329 1.321 1.215 1.105 1.172 1.209 1.167 1.160 1.088 0.997 1.028 1.060 1.055 1.072 1.052 1.182 1.050 1.000 0.984 1.023 0.962 0.898 0.922 0.844 0.835 0.826 0.860 0.881 0.917 0.904 0.801 0.817 0.758 0.894 0.849 0.910 0.867 0.936 0.853 0.811 0.805 0.856 0.847 0.698 0.853 0.761 0.788 0.761 0.661 0.726 0.686 0.650 0.551 0.564 0.622 0.553 0.541 0.523 0.560 0.496 0.437 0.425 0.414 0.379 0.360 0.271 0.274 0.205
