includes/estuary_coast/floodfiles/results/res-0011.wdfp
ncols         730
nrows         472
xllcorner     380617.130607
yllcorner     6542069.774949
cellsize      20.000000
NODATA_value  -9999.000000
[rows 0 to 33 of 472, columns 0 to 76 of 730]
0.004 0.004 0.004 0.004 0.004 0.003 0.000 2.629 2.600 2.563 2.511 2.473 2.440 2.431 2.426 2.415 2.397 2.352 2.325 2.300 2.280 2.262 2.246 2.197 2.150 2.130 2.082 2.055 2.022 1.984 1.922 1.898 1.890 1.888 1.874 1.844 1.778 1.745 1.744 1.754 1.748 1.702 1.600 1.477 1.390 1.299 1.262 1.240 1.191 1.175 1.149 1.092 1.086 1.083 1.050 1.029 0.944 0.913 0.907 0.872 0.774 0.723 0.678 0.655 0.635 0.569 0.484 0.435 0.423 0.407 0.348 0.271 0.241 0.230 0.201 0.150 0.124
0.004 0.004 0.004 0.004 0.004 0.003 0.000 2.662 2.632 2.594 2.551 2.512 2.481 2.466 2.449 2.447 2.416 2.402 2.384 2.334 2.330 2.310 2.282 2.264 2.221 2.189 2.176 2.123 2.085 2.034 1.957 1.918 1.894 1.890 1.888 1.874 1.820 1.786 1.773 1.796 1.801 1.755 1.666 1.535 1.423 1.341 1.279 1.261 1.258 1.219 1.201 1.192 1.196 1.173 1.149 1.127 1.079 0.993 0.954 0.919 0.856 0.775 0.724 0.685 0.650 0.602 0.509 0.454 0.426 0.405 0.351 0.274 0.237 0.239 0.227 0.189 0.167
0.004 0.004 0.004 0.004 0.003 0.003 0.000 2.684 2.666 2.635 2.587 2.552 2.525 2.509 2.476 2.473 2.467 2.429 2.417 2.402 2.370 2.360 2.314 2.291 2.265 2.245 2.238 2.212 2.160 2.100 2.002 1.945 1.911 1.898 1.895 1.883 1.847 1.799 1.783 1.803 1.808 1.766 1.680 1.560 1.430 1.335 1.265 1.247 1.253 1.242 1.236 1.257 1.272 1.277 1.267 1.219 1.149 1.084 1.005 0.978 0.928 0.879 0.820 0.732 0.685 0.633 0.548 0.497 0.462 0.413 0.368 0.297 0.263 0.252 0.234 0.220 0.199
0.003 0.003 0.003 0.003 0.003 0.002 0.000 2.698 2.681 2.659 2.620 2.593 2.570 2.553 2.534 2.503 2.495 2.458 2.451 2.441 2.423 2.396 2.365 2.314 2.276 2.265 2.265 2.260 2.221 2.164 2.048 1.987 1.946 1.925 1.913 1.899 1.862 1.811 1.781 1.784 1.780 1.743 1.662 1.551 1.449 1.354 1.280 1.252 1.260 1.268 1.276 1.286 1.308 1.332 1.348 1.292 1.201 1.121 1.074 1.056 1.014 0.970 0.898 0.830 0.743 0.681 0.628 0.560 0.503 0.460 0.397 0.350 0.303 0.277 0.257 0.229 0.226
0.000 0.000 0.000 0.000 0.000 0.000 0.000 2.713 2.713 2.691 2.677 2.662 2.614 2.597 2.582 2.574 2.522 2.512 2.485 2.479 2.463 2.433 2.395 2.345 2.291 2.274 2.273 2.272 2.245 2.197 2.120 2.032 1.992 1.965 1.946 1.926 1.892 1.864 1.818 1.770 1.753 1.734 1.681 1.560 1.477 1.391 1.329 1.300 1.306 1.292 1.300 1.308 1.324 1.347 1.360 1.318 1.219 1.148 1.101 1.087 1.086 1.032 0.946 0.866 0.810 0.751 0.698 0.641 0.578 0.527 0.458 0.394 0.357 0.307 0.267 0.239 0.227
2.947 2.909 2.867 2.825 2.787 2.763 2.754 2.735 2.736 2.734 2.715 2.704 2.689 2.672 2.648 2.603 2.567 2.547 2.529 2.519 2.499 2.468 2.419 2.370 2.327 2.295 2.275 2.274 2.250 2.222 2.184 2.110 2.078 2.047 1.998 1.976 1.930 1.899 1.869 1.813 1.768 1.736 1.693 1.613 1.550 1.479 1.398 1.370 1.373 1.359 1.329 1.329 1.327 1.334 1.334 1.293 1.218 1.153 1.108 1.094 1.096 1.060 0.964 0.881 0.823 0.797 0.768 0.712 0.646 0.586 0.545 0.467 0.420 0.378 0.312 0.272 0.239
2.988 2.957 2.919 2.867 2.835 2.812 2.793 2.791 2.767 2.777 2.753 2.748 2.737 2.715 2.684 2.648 2.585 2.549 2.533 2.529 2.524 2.503 2.467 2.400 2.357 2.323 2.303 2.296 2.277 2.242 2.217 2.183 2.131 2.120 2.102 2.012 1.981 1.944 1.908 1.868 1.829 1.801 1.727 1.685 1.636 1.549 1.506 1.455 1.443 1.412 1.407 1.378 1.341 1.332 1.320 1.295 1.210 1.161 1.119 1.096 1.077 1.045 0.982 0.893 0.831 0.802 0.798 0.761 0.672 0.608 0.570 0.533 0.484 0.435 0.381 0.313 0.265
3.003 2.979 2.951 2.907 2.881 2.861 2.838 2.831 2.812 2.810 2.791 2.792 2.783 2.759 2.723 2.677 2.628 2.561 2.540 2.530 2.528 2.515 2.485 2.454 2.394 2.364 2.343 2.320 2.310 2.293 2.279 2.267 2.215 2.185 2.171 2.127 2.090 2.031 1.970 1.929 1.893 1.817 1.769 1.738 1.699 1.657 1.580 1.554 1.500 1.496 1.485 1.466 1.405 1.354 1.331 1.305 1.251 1.207 1.139 1.109 1.088 1.036 0.985 0.905 0.846 0.808 0.795 0.763 0.702 0.615 0.573 0.559 0.542 0.478 0.422 0.356 0.303
3.019 3.012 3.000 2.969 2.951 2.923 2.907 2.868 2.867 2.837 2.837 2.832 2.825 2.801 2.760 2.711 2.670 2.611 2.563 2.550 2.550 2.533 2.508 2.486 2.463 2.410 2.391 2.363 2.341 2.328 2.316 2.308 2.283 2.253 2.253 2.227 2.178 2.110 2.052 2.007 1.920 1.865 1.845 1.793 1.760 1.742 1.684 1.656 1.606 1.563 1.552 1.529 1.471 1.436 1.362 1.341 1.300 1.267 1.229 1.140 1.108 1.076 1.014 0.948 0.892 0.835 0.795 0.761 0.707 0.622 0.576 0.561 0.554 0.505 0.459 0.425 0.370
3.034 3.033 3.029 3.008 2.997 2.970 2.962 2.937 2.911 2.874 2.859 2.852 2.851 2.835 2.803 2.756 2.716 2.655 2.622 2.605 2.579 2.579 2.573 2.521 2.507 2.493 2.463 2.447 2.386 2.368 2.352 2.343 2.327 2.336 2.324 2.306 2.254 2.160 2.094 2.028 1.972 1.913 1.868 1.856 1.832 1.798 1.734 1.716 1.698 1.658 1.626 1.600 1.550 1.501 1.460 1.397 1.342 1.313 1.273 1.213 1.161 1.105 1.072 0.999 0.946 0.879 0.815 0.776 0.726 0.651 0.597 0.567 0.554 0.528 0.469 0.439 0.422
3.076 3.060 3.063 3.059 3.045 3.032 3.006 2.974 2.937 2.893 2.866 2.856 2.854 2.844 2.821 2.792 2.758 2.725 2.677 2.658 2.623 2.615 2.607 2.598 2.589 2.546 2.541 2.509 2.476 2.448 2.407 2.388 2.376 2.377 2.380 2.357 2.299 2.205 2.120 2.042 1.974 1.915 1.891 1.888 1.863 1.830 1.778 1.746 1.728 1.724 1.715 1.676 1.604 1.539 1.488 1.454 1.392 1.368 1.314 1.239 1.188 1.157 1.119 1.059 1.002 0.926 0.882 0.828 0.757 0.700 0.634 0.588 0.565 0.536 0.475 0.445 0.435
3.107 3.110 3.093 3.101 3.102 3.083 3.053 3.013 2.970 2.930 2.895 2.875 2.864 2.863 2.836 2.820 2.798 2.777 2.757 2.713 2.707 2.656 2.644 2.633 2.626 2.609 2.594 2.567 2.536 2.487 2.438 2.410 2.400 2.394 2.395 2.376 2.320 2.227 2.140 2.056 1.979 1.912 1.887 1.888 1.889 1.850 1.800 1.766 1.745 1.741 1.744 1.725 1.641 1.564 1.503 1.469 1.458 1.436 1.363 1.273 1.205 1.173 1.163 1.120 1.044 0.986 0.933 0.896 0.820 0.748 0.683 0.621 0.591 0.556 0.500 0.451 0.434
3.137 3.136 3.137 3.138 3.144 3.132 3.096 3.066 3.022 2.968 2.934 2.912 2.904 2.885 2.882 2.850 2.839 2.827 2.818 2.803 2.758 2.737 2.706 2.681 2.667 2.651 2.636 2.613 2.578 2.535 2.481 2.442 2.413 2.399 2.389 2.368 2.326 2.263 2.168 2.089 2.011 1.936 1.899 1.897 1.900 1.864 1.819 1.784 1.757 1.741 1.745 1.729 1.651 1.575 1.511 1.475 1.469 1.465 1.408 1.299 1.216 1.175 1.170 1.147 1.081 0.997 0.967 0.941 0.902 0.820 0.741 0.703 0.667 0.604 0.541 0.497 0.451
3.177 3.169 3.162 3.166 3.168 3.159 3.133 3.095 3.057 3.008 2.979 2.958 2.946 2.936 2.915 2.909 2.904 2.889 2.874 2.857 2.830 2.778 2.736 2.701 2.680 2.668 2.663 2.644 2.610 2.566 2.511 2.470 2.437 2.415 2.387 2.355 2.322 2.270 2.212 2.123 2.056 1.985 1.936 1.927 1.940 1.933 1.842 1.809 1.777 1.746 1.737 1.729 1.670 1.581 1.523 1.483 1.469 1.458 1.410 1.309 1.233 1.188 1.173 1.155 1.077 1.028 0.984 0.974 0.947 0.875 0.802 0.762 0.709 0.676 0.611 0.535 0.479
3.205 3.188 3.171 3.169 3.170 3.166 3.142 3.115 3.086 3.062 3.025 3.007 2.986 2.976 2.950 2.943 2.940 2.932 2.925 2.908 2.877 2.835 2.766 2.723 2.688 2.669 2.666 2.662 2.626 2.594 2.557 2.501 2.469 2.443 2.409 2.395 2.330 2.289 2.246 2.186 2.132 2.073 2.013 1.996 1.987 1.972 1.952 1.881 1.837 1.783 1.762 1.740 1.676 1.595 1.546 1.505 1.489 1.461 1.407 1.317 1.257 1.213 1.185 1.147 1.077 1.022 0.985 0.984 0.963 0.898 0.815 0.776 0.747 0.724 0.660 0.586 0.510
3.231 3.207 3.187 3.176 3.172 3.170 3.156 3.145 3.114 3.101 3.094 3.079 3.065 3.024 3.007 2.972 2.968 2.971 2.966 2.952 2.918 2.872 2.821 2.750 2.709 2.683 2.677 2.667 2.661 2.614 2.586 2.558 2.506 2.497 2.475 2.424 2.402 2.372 2.315 2.244 2.203 2.150 2.116 2.094 2.080 2.028 2.010 1.975 1.895 1.831 1.801 1.772 1.740 1.666 1.645 1.562 1.512 1.480 1.445 1.368 1.284 1.243 1.198 1.158 1.084 1.031 0.988 0.982 0.962 0.898 0.817 0.777 0.770 0.755 0.693 0.614 0.578
3.265 3.236 3.205 3.190 3.183 3.180 3.180 3.163 3.161 3.156 3.153 3.133 3.113 3.087 3.039 3.011 2.994 2.987 2.987 2.979 2.953 2.914 2.856 2.808 2.765 2.735 2.723 2.688 2.680 2.668 2.653 2.609 2.586 2.542 2.517 2.496 2.470 2.438 2.386 2.344 2.309 2.270 2.191 2.163 2.144 2.119 2.072 2.048 1.982 1.940 1.880 1.845 1.808 1.739 1.704 1.664 1.560 1.518 1.476 1.419 1.357 1.302 1.262 1.197 1.136 1.061 1.013 0.983 0.966 0.898 0.830 0.787 0.771 0.760 0.698 0.635 0.585
3.287 3.257 3.225 3.210 3.201 3.198 3.199 3.185 3.191 3.198 3.203 3.189 3.165 3.129 3.090 3.042 3.006 2.991 2.988 2.983 2.965 2.935 2.887 2.849 2.814 2.787 2.778 2.745 2.741 2.736 2.692 2.688 2.680 2.656 2.593 2.532 2.508 2.488 2.464 2.437 2.411 2.375 2.293 2.257 2.202 2.182 2.175 2.130 2.088 2.033 1.979 1.931 1.855 1.797 1.772 1.718 1.667 1.611 1.544 1.454 1.406 1.378 1.323 1.262 1.180 1.115 1.040 1.011 0.980 0.926 0.850 0.802 0.780 0.764 0.706 0.634 0.582
3.300 3.272 3.243 3.230 3.240 3.219 3.220 3.209 3.222 3.239 3.254 3.245 3.216 3.172 3.124 3.081 3.028 3.006 2.997 2.985 2.973 2.959 2.917 2.890 2.863 2.840 2.830 2.819 2.779 2.772 2.765 2.741 2.725 2.700 2.667 2.603 2.560 2.513 2.515 2.489 2.468 2.431 2.350 2.305 2.274 2.260 2.246 2.219 2.164 2.097 2.027 1.967 1.924 1.872 1.841 1.793 1.736 1.665 1.599 1.503 1.443 1.423 1.382 1.321 1.259 1.160 1.115 1.044 0.995 0.958 0.915 0.832 0.802 0.775 0.715 0.646 0.591
3.304 3.288 3.275 3.267 3.261 3.256 3.240 3.240 3.255 3.274 3.291 3.289 3.256 3.213 3.170 3.115 3.078 3.052 3.038 3.032 3.015 2.985 2.972 2.933 2.912 2.899 2.878 2.860 2.814 2.804 2.806 2.782 2.769 2.742 2.703 2.647 2.596 2.561 2.532 2.529 2.518 2.467 2.416 2.341 2.316 2.293 2.279 2.278 2.234 2.148 2.064 1.991 1.939 1.910 1.894 1.864 1.786 1.701 1.619 1.543 1.498 1.461 1.440 1.373 1.304 1.243 1.187 1.084 1.054 1.018 0.975 0.905 0.840 0.808 0.740 0.671 0.617
3.300 3.294 3.291 3.289 3.282 3.270 3.266 3.262 3.271 3.285 3.303 3.303 3.275 3.233 3.192 3.148 3.117 3.094 3.078 3.068 3.047 3.041 3.012 3.008 3.000 2.979 2.924 2.900 2.874 2.835 2.826 2.823 2.806 2.779 2.736 2.673 2.613 2.568 2.537 2.536 2.531 2.492 2.443 2.382 2.335 2.303 2.290 2.291 2.261 2.176 2.090 2.016 1.951 1.914 1.910 1.892 1.814 1.726 1.628 1.547 1.492 1.477 1.468 1.414 1.343 1.279 1.230 1.160 1.106 1.069 1.020 0.966 0.906 0.849 0.796 0.736 0.680
3.299 3.301 3.306 3.309 3.299 3.290 3.281 3.272 3.276 3.285 3.295 3.289 3.269 3.239 3.211 3.187 3.156 3.137 3.124 3.112 3.098 3.075 3.072 3.060 3.049 3.027 2.995 2.956 2.904 2.864 2.834 2.832 2.830 2.813 2.767 2.714 2.636 2.585 2.552 2.538 2.536 2.523 2.456 2.407 2.360 2.321 2.295 2.289 2.259 2.208 2.117 2.042 1.975 1.932 1.908 1.892 1.846 1.766 1.651 1.568 1.501 1.483 1.474 1.443 1.352 1.287 1.224 1.198 1.173 1.120 1.053 0.991 0.934 0.911 0.870 0.795 0.735
3.304 3.311 3.325 3.334 3.326 3.312 3.298 3.282 3.277 3.279 3.283 3.284 3.271 3.259 3.230 3.218 3.213 3.202 3.185 3.145 3.130 3.121 3.117 3.101 3.096 3.074 3.035 2.995 2.944 2.878 2.847 2.833 2.833 2.823 2.785 2.745 2.694 2.621 2.586 2.562 2.552 2.549 2.509 2.473 2.397 2.358 2.317 2.302 2.289 2.259 2.166 2.082 2.021 1.965 1.921 1.899 1.860 1.793 1.721 1.616 1.541 1.501 1.483 1.450 1.357 1.291 1.225 1.198 1.196 1.166 1.077 1.002 0.947 0.933 0.912 0.869 0.783
3.304 3.324 3.344 3.358 3.354 3.334 3.310 3.288 3.279 3.276 3.276 3.279 3.278 3.262 3.268 3.270 3.269 3.248 3.227 3.201 3.159 3.152 3.138 3.134 3.134 3.110 3.075 3.026 2.973 2.909 2.872 2.854 2.839 2.832 2.807 2.776 2.737 2.697 2.639 2.605 2.598 2.586 2.548 2.521 2.485 2.428 2.397 2.347 2.327 2.295 2.258 2.177 2.107 2.023 1.996 1.929 1.881 1.836 1.779 1.696 1.637 1.543 1.509 1.469 1.411 1.294 1.237 1.204 1.198 1.171 1.109 1.000 0.954 0.935 0.932 0.904 0.820
3.301 3.327 3.355 3.372 3.367 3.342 3.316 3.292 3.280 3.275 3.274 3.280 3.284 3.277 3.295 3.310 3.311 3.301 3.273 3.236 3.195 3.166 3.146 3.143 3.144 3.130 3.096 3.052 3.006 2.962 2.927 2.891 2.884 2.859 2.834 2.814 2.787 2.757 2.731 2.695 2.687 2.642 2.631 2.605 2.575 2.539 2.466 2.407 2.386 2.357 2.330 2.285 2.235 2.139 2.095 2.061 1.982 1.928 1.881 1.777 1.697 1.646 1.601 1.534 1.450 1.371 1.273 1.232 1.217 1.171 1.121 1.028 0.973 0.948 0.942 0.907 0.856
3.292 3.318 3.345 3.362 3.358 3.336 3.312 3.295 3.279 3.289 3.289 3.279 3.288 3.305 3.329 3.350 3.365 3.356 3.319 3.275 3.228 3.189 3.154 3.145 3.144 3.131 3.111 3.074 3.039 3.005 2.977 2.959 2.934 2.929 2.890 2.862 2.843 2.820 2.810 2.794 2.753 2.748 2.699 2.683 2.655 2.619 2.574 2.512 2.492 2.466 2.414 2.379 2.327 2.267 2.164 2.122 2.077 2.006 1.970 1.917 1.780 1.715 1.641 1.589 1.491 1.436 1.364 1.311 1.265 1.231 1.146 1.058 1.010 0.979 0.959 0.910 0.861
3.276 3.297 3.320 3.334 3.332 3.319 3.302 3.292 3.288 3.286 3.288 3.294 3.293 3.315 3.346 3.381 3.405 3.395 3.352 3.300 3.250 3.207 3.179 3.156 3.150 3.145 3.135 3.095 3.071 3.047 3.026 3.018 3.011 2.980 2.979 2.955 2.942 2.897 2.874 2.856 2.816 2.811 2.812 2.794 2.767 2.726 2.655 2.609 2.586 2.545 2.530 2.501 2.438 2.346 2.259 2.201 2.131 2.114 2.067 2.011 1.898 1.818 1.736 1.676 1.632 1.545 1.490 1.402 1.350 1.279 1.234 1.101 1.058 1.021 0.963 0.921 0.874
3.253 3.274 3.291 3.300 3.301 3.295 3.279 3.281 3.279 3.281 3.277 3.283 3.296 3.319 3.350 3.383 3.408 3.399 3.361 3.311 3.263 3.228 3.202 3.188 3.180 3.161 3.153 3.138 3.127 3.111 3.095 3.067 3.061 3.033 3.037 3.030 3.017 2.994 2.954 2.929 2.889 2.872 2.884 2.877 2.848 2.795 2.734 2.660 2.635 2.624 2.630 2.596 2.523 2.403 2.305 2.231 2.188 2.173 2.146 2.091 1.985 1.894 1.818 1.763 1.692 1.630 1.580 1.507 1.446 1.381 1.293 1.193 1.152 1.106 1.046 0.949 0.893
3.230 3.242 3.263 3.270 3.273 3.273 3.272 3.273 3.273 3.271 3.274 3.280 3.293 3.312 3.337 3.366 3.381 3.377 3.346 3.311 3.274 3.246 3.226 3.215 3.204 3.184 3.182 3.173 3.166 3.152 3.136 3.127 3.099 3.100 3.103 3.106 3.094 3.050 3.004 2.969 2.947 2.941 2.945 2.951 2.924 2.850 2.773 2.707 2.675 2.671 2.679 2.666 2.585 2.470 2.340 2.250 2.202 2.181 2.177 2.127 2.023 1.924 1.838 1.777 1.745 1.700 1.648 1.578 1.508 1.439 1.393 1.316 1.231 1.199 1.111 0.997 0.936
3.213 3.225 3.234 3.241 3.249 3.254 3.260 3.266 3.271 3.273 3.273 3.275 3.285 3.300 3.316 3.338 3.350 3.346 3.333 3.316 3.281 3.279 3.265 3.237 3.232 3.231 3.216 3.218 3.214 3.199 3.179 3.160 3.148 3.129 3.142 3.152 3.143 3.110 3.058 3.015 2.966 2.959 2.965 2.975 2.951 2.886 2.816 2.732 2.692 2.680 2.685 2.675 2.617 2.494 2.381 2.285 2.218 2.188 2.178 2.152 2.056 1.942 1.850 1.777 1.743 1.739 1.712 1.643 1.576 1.519 1.473 1.412 1.336 1.293 1.225 1.151 1.030
3.200 3.203 3.208 3.216 3.225 3.237 3.250 3.262 3.271 3.275 3.273 3.271 3.277 3.283 3.297 3.313 3.324 3.328 3.320 3.310 3.306 3.296 3.286 3.277 3.256 3.258 3.265 3.268 3.266 3.242 3.215 3.188 3.177 3.155 3.162 3.176 3.169 3.136 3.083 3.037 2.984 2.968 2.967 2.965 2.946 2.891 2.832 2.753 2.710 2.687 2.672 2.653 2.607 2.498 2.407 2.323 2.257 2.219 2.192 2.139 2.081 1.995 1.872 1.793 1.751 1.743 1.734 1.697 1.602 1.538 1.492 1.460 1.439 1.374 1.302 1.226 1.161
3.170 3.178 3.181 3.189 3.202 3.219 3.238 3.255 3.268 3.273 3.270 3.265 3.265 3.270 3.279 3.291 3.306 3.316 3.311 3.321 3.323 3.318 3.308 3.293 3.289 3.289 3.289 3.301 3.303 3.284 3.252 3.218 3.192 3.177 3.170 3.174 3.168 3.142 3.095 3.055 3.021 2.983 2.972 2.965 2.932 2.888 2.852 2.807 2.766 2.708 2.671 2.649 2.614 2.543 2.479 2.370 2.313 2.255 2.225 2.195 2.150 2.038 1.955 1.862 1.797 1.766 1.752 1.717 1.659 1.553 1.499 1.471 1.466 1.443 1.356 1.287 1.224
3.144 3.139 3.149 3.158 3.166 3.198 3.213 3.235 3.252 3.260 3.258 3.258 3.256 3.258 3.266 3.279 3.295 3.304 3.327 3.344 3.352 3.343 3.330 3.313 3.306 3.303 3.309 3.320 3.325 3.306 3.271 3.235 3.206 3.183 3.171 3.169 3.156 3.137 3.105 3.070 3.043 3.020 2.986 2.974 2.939 2.916 2.873 2.840 2.805 2.773 2.727 2.666 2.634 2.572 2.525 2.467 2.393 2.350 2.279 2.247 2.207 2.105 2.037 1.969 1.885 1.818 1.790 1.750 1.690 1.577 1.510 1.477 1.472 1.456 1.416 1.362 1.281
3.111 3.109 3.108 3.117 3.138 3.165 3.190 3.213 3.229 3.237 3.239 3.239 3.237 3.238 3.245 3.260 3.283 3.309 3.342 3.373 3.386 3.383 3.361 3.338 3.318 3.309 3.310 3.321 3.323 3.306 3.276 3.244 3.213 3.195 3.184 3.170 3.163 3.131 3.114 3.088 3.067 3.048 3.032 3.003 2.990 2.944 2.940 2.883 2.867 2.835 2.770 2.736 2.710 2.636 2.602 2.560 2.513 2.425 2.344 2.313 2.282 2.240 2.143 2.077 1.987 1.942 1.850 1.802 1.741 1.624 1.552 1.510 1.494 1.486 1.467 1.392 1.364
