includes/estuary_coast/floodfiles/results/res-0011.wdfp
ncols         730
nrows         472
xllcorner     380617.130607059982140
yllcorner     6542069.774948899634182
cellsize      20.000000000000000
NODATA_value  -9999.000000
[rows 170 to 203 of 472, columns 308 to 384 of 730]
0.000 0.000 0.000 0.000 0.000 0.000 0.000 0.000 0.000 0.000 0.000 0.000 0.000 0.000 0.000 0.000 0.000 0.000 0.013 0.247 0.419 0.588 0.906 1.061 1.325 1.401 1.665 1.678 2.002 1.931 2.088 2.124 2.310 2.672 2.634 2.866 2.886 2.819 2.926 3.038 3.304 3.549 3.400 3.694 3.884 3.777 4.227 4.485 3.976 3.980 4.023 3.832 4.171 4.255 4.167 4.499 4.588 4.617 4.812 4.933 4.770 4.791 5.184 5.259 4.930 4.864 5.007 5.007 4.955 5.017 5.068 5.188 5.238 5.113 5.192 5.108 4.789
0.000 0.000 0.000 0.000 0.000 0.000 0.000 0.000 0.000 0.000 0.000 0.000 0.000 0.000 0.000 0.193 0.155 0.413 0.748 0.886 1.202 1.293 1.346 1.361 1.500 1.648 1.975 1.989 2.194 2.274 2.326 2.447 2.699 2.830 2.976 3.104 3.208 3.248 3.213 3.389 3.579 3.651 3.725 3.926 4.008 4.093 4.503 4.642 4.217 4.147 4.104 4.244 4.618 4.672 4.571 4.614 4.682 4.712 4.835 4.950 4.876 4.885 4.922 5.037 4.921 4.882 4.985 5.014 5.127 5.183 5.258 5.500 5.534 5.374 5.580 5.606 5.010
0.000 0.000 0.000 0.000 0.000 0.000 0.000 0.000 0.000 0.000 0.000 0.000 0.002 0.099 0.153 0.326 0.495 0.793 0.988 1.215 1.427 1.549 1.620 1.657 1.791 1.886 2.140 2.293 2.531 2.949 2.959 3.226 3.679 3.624 3.639 4.058 4.119 3.882 3.990 4.132 4.057 4.137 4.282 4.290 4.295 4.429 4.496 4.526 4.488 4.520 4.480 4.411 4.544 4.561 4.702 4.857 4.950 4.830 5.006 5.395 5.129 4.680 4.544 4.664 4.679 4.794 4.921 5.048 5.277 5.232 5.208 5.412 5.438 5.294 5.478 5.525 4.924
0.000 0.000 0.000 0.000 0.000 0.000 0.000 0.000 0.000 0.178 0.201 0.491 0.537 0.567 0.671 0.943 1.002 1.446 1.575 2.253 2.410 2.052 2.041 2.032 1.945 2.142 2.601 2.737 3.014 3.592 3.546 3.828 4.377 4.198 4.230 4.662 4.667 4.449 4.709 4.849 4.622 4.748 5.042 4.823 4.763 4.877 4.773 4.664 4.732 4.914 4.739 4.631 4.588 4.555 4.703 4.999 5.129 4.773 4.758 5.112 4.773 4.404 4.239 4.203 4.563 4.817 4.762 4.833 5.145 5.130 5.074 5.093 5.076 5.002 4.895 4.807 4.612
0.000 0.000 0.000 0.000 0.000 0.029 0.007 0.115 0.176 0.306 0.497 0.627 0.896 0.962 1.077 1.141 1.491 1.761 1.966 2.585 2.746 2.419 2.258 2.350 2.390 2.546 2.772 2.933 3.251 3.598 3.775 4.007 4.278 4.305 4.389 4.581 4.661 4.584 4.781 4.868 4.770 5.028 5.413 5.067 4.933 5.179 4.914 4.648 4.700 4.846 4.711 4.592 4.632 4.629 4.590 4.596 4.592 4.352 4.223 4.200 4.256 4.322 3.987 3.920 4.321 4.840 4.675 4.605 4.753 4.834 4.863 4.921 4.904 4.953 4.619 4.205 4.118
0.000 0.000 0.000 0.000 0.001 0.246 0.241 0.362 0.851 0.846 1.103 1.178 1.261 1.475 1.522 1.718 1.970 2.113 2.490 2.929 3.039 3.146 2.979 3.090 3.193 3.139 3.359 3.593 3.730 4.049 4.471 4.582 4.571 4.743 4.803 4.787 4.765 4.760 4.754 4.795 4.761 4.864 4.973 4.844 4.745 4.766 4.577 4.386 4.346 4.310 4.268 4.417 4.817 4.815 4.316 4.095 3.975 3.859 3.758 3.663 3.770 3.901 3.750 3.738 3.748 4.091 4.294 4.510 4.708 4.897 4.783 4.840 4.646 4.795 4.331 3.912 3.826
0.003 0.000 0.110 0.760 0.696 1.209 0.721 0.670 0.973 1.145 1.496 1.601 1.786 2.146 2.107 2.456 2.647 2.882 3.697 3.857 3.525 3.614 3.522 3.602 3.769 3.772 3.969 4.340 4.287 4.641 5.351 5.246 5.063 5.191 5.287 5.104 5.036 5.034 4.918 4.788 4.773 4.674 4.572 4.433 4.390 4.307 4.203 4.121 3.912 3.760 3.716 3.895 4.412 4.441 3.901 3.731 3.781 3.787 3.624 3.550 3.320 3.155 3.115 3.122 3.041 3.318 3.861 4.567 4.175 4.166 4.106 4.154 4.504 4.187 3.858 3.557 3.262
0.068 0.815 0.978 0.890 1.069 1.201 0.998 0.865 1.241 1.572 1.839 2.079 2.232 2.325 2.471 2.728 2.766 3.262 4.068 4.163 3.839 3.739 3.815 3.825 3.897 4.001 4.211 4.369 4.503 4.891 5.464 5.394 5.215 5.398 5.481 5.199 5.127 5.341 5.055 4.721 4.784 4.648 4.312 4.118 3.939 3.944 4.105 3.994 3.635 3.561 3.559 3.440 3.447 3.422 3.526 3.865 3.598 3.279 3.090 2.933 2.909 2.894 2.632 2.572 2.578 2.917 3.130 3.259 3.407 3.679 3.491 3.712 5.112 4.101 3.847 3.171 2.622
1.121 0.979 1.182 1.618 1.721 1.582 1.687 1.729 2.057 2.373 2.598 3.099 3.104 3.075 3.260 3.244 3.386 3.778 4.099 4.271 4.356 4.400 4.473 4.312 4.348 4.457 4.580 4.647 4.770 4.963 5.154 5.171 5.174 5.226 5.218 5.011 4.954 5.085 4.788 4.426 4.334 4.194 4.030 4.094 3.853 3.561 3.506 3.410 3.224 3.252 3.206 3.129 2.980 2.951 3.031 3.224 2.987 2.803 2.637 2.566 2.421 2.313 2.403 2.239 2.210 2.630 2.709 2.706 2.681 2.588 2.598 2.728 3.024 3.207 2.816 2.508 2.418
1.371 1.548 1.849 1.851 1.923 1.976 1.969 2.216 2.966 3.312 3.120 3.450 3.446 3.548 3.895 3.720 4.105 4.655 4.699 4.674 5.005 5.352 5.117 5.024 5.062 5.087 5.008 5.005 5.105 5.075 5.079 5.100 5.077 4.919 4.833 4.665 4.506 4.377 4.125 3.909 3.689 3.537 3.624 3.578 3.283 2.971 2.792 2.761 2.717 2.617 2.675 2.856 2.927 2.723 2.891 2.602 2.474 2.751 2.399 2.200 2.063 1.885 1.833 1.702 1.446 1.573 1.645 1.905 1.988 1.933 1.977 1.968 2.153 3.230 2.313 1.863 1.529
1.779 2.149 2.338 2.327 2.418 2.425 2.356 2.828 3.179 3.348 3.403 3.513 3.711 3.813 3.944 4.118 4.554 5.258 5.174 5.046 5.273 5.557 5.336 5.271 5.473 5.429 5.166 5.222 5.365 5.145 5.062 5.168 5.038 4.782 4.725 4.656 4.222 3.781 3.622 3.423 3.335 3.238 2.908 2.825 2.661 2.675 2.491 2.659 2.507 2.372 2.304 2.245 2.164 2.077 2.193 2.086 2.001 2.005 1.770 1.477 1.490 1.384 1.317 1.528 1.096 1.093 1.061 1.264 1.886 0.791 0.737 0.587 0.932 1.116 1.046 1.008 0.977
2.528 2.398 2.584 2.783 3.149 3.128 3.465 3.736 3.505 3.612 3.706 3.995 4.181 4.134 4.240 4.400 4.634 4.980 5.108 5.077 5.220 5.325 5.314 5.252 5.257 5.228 5.079 5.005 5.072 4.861 4.853 5.157 4.869 4.496 4.642 4.896 4.028 3.559 3.515 3.137 3.086 2.854 2.433 2.296 2.324 2.282 2.051 2.005 1.924 2.084 1.977 1.798 1.708 1.707 1.660 1.648 1.585 1.731 1.592 1.067 0.941 0.945 0.878 0.746 1.293 1.013 0.968 1.136 0.200 0.020 0.000 0.000 0.069 0.179 0.131 0.188 0.225
2.688 2.758 3.042 3.263 3.388 3.611 4.568 4.818 4.224 4.113 4.354 4.660 4.773 4.487 4.454 4.499 4.616 4.861 4.961 5.123 5.244 5.248 5.270 5.177 5.072 4.955 4.825 4.639 4.484 4.326 4.296 4.303 4.130 3.946 3.870 3.806 3.393 3.177 2.804 2.549 2.341 2.183 2.104 2.223 1.785 1.696 1.665 1.605 1.577 1.512 1.441 1.592 1.218 1.099 1.102 1.221 1.405 1.267 0.604 0.453 0.504 0.685 0.057 0.000 0.000 0.000 0.000 0.000 0.000 0.000 0.000 0.000 0.000 0.000 0.000 0.000 0.000
3.174 3.637 3.914 3.720 3.764 4.052 4.674 4.836 4.609 4.589 4.642 4.877 4.902 4.649 4.541 4.504 4.621 4.779 4.947 5.306 5.347 5.216 5.323 5.280 4.947 4.953 4.853 4.386 4.149 4.022 3.816 3.635 3.745 3.890 3.350 3.067 2.903 2.791 2.414 2.405 2.094 2.079 1.735 1.625 1.585 1.567 1.330 1.107 1.258 1.410 1.219 1.001 0.989 0.615 0.574 0.659 0.020 0.000 0.000 0.000 0.000 0.000 0.000 0.000 0.000 0.000 0.000 0.000 0.000 0.000 0.000 0.000 0.000 0.000 0.000 0.000 0.000
3.895 4.077 4.269 4.111 4.202 4.328 4.555 4.645 4.792 4.868 4.832 4.785 4.705 4.638 4.569 4.563 4.666 4.793 4.815 5.196 5.271 5.132 5.759 5.653 4.782 4.888 4.770 4.142 4.013 3.820 3.444 3.340 3.293 3.234 2.686 2.621 2.717 2.500 2.095 1.857 1.591 1.448 1.318 1.258 1.196 0.971 1.079 0.711 0.581 0.243 0.743 0.796 0.002 0.000 0.000 0.000 0.000 0.000 0.000 0.000 0.000 0.000 0.000 0.000 0.000 0.000 0.000 0.000 0.000 0.000 0.000 0.000 0.000 0.000 0.000 0.000 0.000
4.158 4.202 4.322 4.544 4.722 4.841 4.816 4.809 4.958 5.083 4.893 4.726 4.612 4.503 4.549 4.486 4.574 4.794 4.601 4.600 4.543 4.547 5.090 4.891 4.157 3.929 3.675 3.408 3.328 3.099 3.200 3.036 2.348 2.200 2.391 2.242 1.930 1.904 1.843 1.650 1.358 1.357 0.803 0.702 0.736 0.616 0.170 0.003 0.462 0.000 0.000 0.000 0.000 0.000 0.000 0.000 0.000 0.000 0.000 0.000 0.000 0.000 0.000 0.000 0.000 0.000 0.000 0.000 0.000 0.000 0.000 0.000 0.000 0.000 0.000 0.000 0.000
4.461 4.578 4.688 4.829 5.127 5.233 4.996 4.886 4.919 4.940 4.800 4.676 4.620 4.522 4.602 4.427 4.158 4.175 3.977 3.841 3.738 3.684 3.781 3.500 3.184 3.044 2.850 2.802 2.718 2.600 2.433 2.223 1.821 1.795 1.697 1.669 1.875 1.470 1.208 0.900 0.698 0.371 0.271 0.278 0.003 0.000 0.000 0.000 0.000 0.000 0.000 0.000 0.165 0.000 0.000 0.000 0.000 0.000 0.000 0.000 0.000 0.000 0.000 0.000 0.000 0.000 0.000 0.000 0.000 0.000 0.000 0.000 0.000 0.000 0.000 0.000 0.000
4.943 5.214 5.222 5.131 5.128 5.111 4.937 4.821 4.734 4.695 4.603 4.707 4.753 4.526 4.412 4.118 3.620 3.491 3.468 3.398 3.388 3.382 3.118 2.911 2.742 2.652 2.582 2.557 2.537 2.496 1.850 1.598 1.481 1.303 1.514 1.183 0.956 1.082 0.642 0.462 0.061 0.001 0.000 0.000 0.000 0.000 0.000 0.000 0.000 0.000 0.000 0.000 0.000 0.000 0.000 0.000 0.000 0.000 0.000 0.000 0.000 0.000 0.000 0.000 0.000 0.000 0.000 0.000 0.000 0.000 0.000 0.000 0.000 0.000 0.000 0.000 0.000
5.273 5.712 5.499 5.153 4.964 4.908 4.820 4.736 4.608 4.456 4.331 4.616 4.895 4.415 3.928 3.429 2.929 3.029 3.241 3.255 3.117 2.870 2.364 2.364 2.442 2.046 1.978 1.808 1.801 1.707 1.535 1.327 1.085 0.948 0.732 0.498 0.618 0.102 0.006 0.000 0.000 0.000 0.000 0.000 0.000 0.000 0.000 0.000 0.000 0.000 0.000 0.000 0.000 0.000 0.000 0.000 0.000 0.000 0.000 0.000 0.000 0.000 0.000 0.000 0.000 0.000 0.000 0.000 0.000 0.000 0.000 0.000 0.000 0.000 0.000 0.000 0.000
5.238 5.458 5.312 5.021 4.830 4.737 4.706 4.847 4.524 4.094 4.016 4.041 4.154 3.782 3.413 3.132 2.878 2.843 2.836 2.720 2.348 2.122 2.038 1.877 1.726 1.541 1.495 1.627 1.378 1.346 1.007 1.055 0.543 0.366 0.207 0.005 0.000 0.000 0.000 0.000 0.000 0.000 0.000 0.000 0.000 0.000 0.000 0.000 0.000 0.000 0.000 0.000 0.000 0.000 0.000 0.000 0.000 0.000 0.000 0.000 0.000 0.000 0.000 0.000 0.000 0.000 0.000 0.000 0.000 0.000 0.000 0.000 0.000 0.000 0.000 0.000 0.000
5.104 5.140 5.023 4.855 4.745 4.634 4.431 4.434 4.098 3.815 3.790 3.693 3.520 3.270 3.082 2.979 2.668 2.406 2.245 2.092 1.945 1.892 1.787 1.552 1.403 1.360 1.080 0.971 0.653 0.699 1.134 0.160 0.021 0.000 0.000 0.000 0.000 0.000 0.000 0.000 0.000 0.000 0.000 0.000 0.000 0.000 0.000 0.000 0.000 0.000 0.000 0.000 0.000 0.000 0.000 0.000 0.000 0.000 0.000 0.000 0.000 0.000 0.000 0.000 0.000 0.000 0.000 0.000 0.000 0.000 0.000 0.000 0.000 0.000 0.000 0.000 0.000
5.037 4.965 4.869 4.777 4.824 4.731 4.140 3.767 3.457 3.444 3.478 3.247 3.346 3.123 2.977 2.947 2.438 1.920 1.810 1.813 1.876 1.516 1.157 1.311 1.105 0.749 0.450 0.285 0.250 0.001 0.000 0.000 0.000 0.000 0.000 0.000 0.000 0.000 0.000 0.000 0.000 0.000 0.000 0.000 0.000 0.000 0.000 0.000 0.000 0.000 0.000 0.000 0.000 0.000 0.000 0.000 0.000 0.000 0.000 0.000 0.000 0.000 0.000 0.000 0.000 0.000 0.000 0.000 0.000 0.000 0.000 0.000 0.000 0.000 0.000 0.000 0.000
4.907 4.893 4.976 4.645 4.606 4.432 3.564 2.980 2.900 2.892 2.811 2.927 3.449 3.141 2.466 2.184 1.964 1.745 1.609 1.274 1.070 0.843 0.749 0.776 0.698 0.776 0.189 0.000 0.000 0.000 0.000 0.000 0.000 0.000 0.000 0.000 0.000 0.000 0.000 0.000 0.000 0.000 0.000 0.000 0.000 0.000 0.000 0.000 0.000 0.000 0.000 0.000 0.000 0.000 0.000 0.000 0.000 0.000 0.000 0.000 0.000 0.000 0.000 0.000 0.000 0.000 0.000 0.000 0.000 0.000 0.000 0.000 0.000 0.000 0.000 0.000 0.000
4.598 4.605 4.654 4.187 3.840 3.465 3.069 2.737 2.653 2.401 2.201 2.245 2.526 2.284 1.823 1.685 1.690 1.330 0.964 0.681 0.635 0.547 0.659 0.647 0.306 0.013 0.000 0.000 0.000 0.000 0.000 0.000 0.003 0.000 0.000 0.000 0.000 0.000 0.000 0.000 0.000 0.000 0.000 0.000 0.000 0.000 0.000 0.000 0.000 0.000 0.000 0.000 0.000 0.000 0.000 0.000 0.000 0.000 0.000 0.000 0.000 0.000 0.000 0.000 0.000 0.000 0.000 0.000 0.000 0.000 0.000 0.000 0.000 0.000 0.000 0.000 0.000
3.979 3.984 3.790 3.552 3.271 2.947 2.736 2.486 2.203 1.931 2.053 1.799 1.631 1.418 1.498 1.392 1.597 0.975 0.579 0.359 0.086 0.000 0.000 0.000 0.000 0.005 0.282 0.000 0.000 0.000 0.000 0.000 0.128 0.000 0.000 0.000 0.000 0.000 0.000 0.000 0.000 0.000 0.000 0.000 0.000 0.000 0.000 0.000 0.000 0.000 0.000 0.000 0.000 0.000 0.000 0.000 0.000 0.000 0.000 0.000 0.000 0.000 0.000 0.000 0.000 0.000 0.000 0.000 0.000 0.000 0.000 0.000 0.000 0.000 0.000 0.000 0.000
3.764 3.713 3.402 3.376 3.070 2.775 2.756 2.082 1.623 1.534 1.407 1.217 1.209 1.067 1.111 0.711 0.442 0.377 0.433 0.000 0.000 0.000 0.000 0.000 0.000 0.003 0.079 0.000 0.000 0.061 0.000 0.000 0.000 0.000 0.000 0.000 0.000 0.000 0.000 0.000 0.000 0.000 0.000 0.000 0.000 0.000 0.000 0.000 0.000 0.000 0.000 0.000 0.000 0.000 0.000 0.000 0.000 0.000 0.000 0.000 0.000 0.000 0.000 0.000 0.000 0.000 0.000 0.000 0.000 0.000 0.000 0.000 0.000 0.000 0.000 0.000 0.000
3.563 3.439 2.897 2.871 2.548 2.268 2.206 1.611 1.449 1.258 0.669 0.595 0.654 0.447 0.466 0.030 0.026 0.000 0.000 0.000 0.000 0.000 0.000 0.000 0.189 0.383 0.000 0.000 0.000 0.000 0.000 0.000 0.000 0.000 0.000 0.000 0.000 0.000 0.000 0.000 0.000 0.000 0.000 0.000 0.000 0.000 0.000 0.000 0.000 0.000 0.000 0.000 0.000 0.000 0.000 0.000 0.000 0.000 0.000 0.000 0.000 0.000 0.000 0.000 0.000 0.000 0.000 0.000 0.000 0.000 0.000 0.000 0.000 0.000 0.000 0.000 0.000
2.553 2.407 2.174 1.988 1.708 1.444 1.151 0.819 0.789 0.606 0.380 0.229 0.387 0.013 0.000 0.000 0.000 0.000 0.000 0.000 0.000 0.000 0.000 0.047 0.005 0.000 0.000 0.000 0.000 0.000 0.000 0.000 0.000 0.000 0.000 0.000 0.000 0.000 0.000 0.000 0.000 0.000 0.000 0.000 0.000 0.000 0.000 0.000 0.000 0.000 0.000 0.000 0.000 0.000 0.000 0.000 0.000 0.000 0.000 0.000 0.000 0.000 0.000 0.000 0.000 0.000 0.000 0.000 0.000 0.000 0.000 0.000 0.000 0.000 0.000 0.000 0.000
1.939 1.882 1.763 1.567 1.605 1.051 0.978 0.516 0.350 1.030 0.002 0.000 0.000 0.000 0.000 0.000 0.000 0.000 0.000 0.000 0.000 0.000 0.000 0.000 0.067 0.000 0.000 0.000 0.000 0.000 0.000 0.000 0.000 0.000 0.000 0.000 0.000 0.000 0.000 0.000 0.000 0.000 0.000 0.000 0.000 0.000 0.000 0.000 0.000 0.000 0.000 0.000 0.000 0.000 0.000 0.000 0.000 0.000 0.000 0.000 0.000 0.000 0.000 0.000 0.000 0.000 0.000 0.000 0.000 0.000 0.000 0.000 0.000 0.000 0.000 0.000 0.000
1.535 1.458 1.265 0.864 0.714 0.398 0.062 0.000 0.000 0.000 0.000 0.000 0.000 0.000 0.000 0.000 0.000 0.000 0.000 0.000 0.000 0.000 0.031 0.000 0.285 0.000 0.000 0.000 0.000 0.000 0.000 0.000 0.000 0.000 0.000 0.000 0.000 0.000 0.000 0.000 0.000 0.000 0.000 0.000 0.000 0.000 0.000 0.000 0.000 0.000 0.000 0.000 0.000 0.000 0.000 0.000 0.000 0.000 0.000 0.000 0.000 0.000 0.000 0.000 0.000 0.000 0.000 0.000 0.000 0.000 0.000 0.000 0.000 0.000 0.000 0.000 0.000
1.356 1.002 1.501 0.587 0.563 0.472 0.000 0.000 0.000 0.000 0.000 0.000 0.000 0.000 0.000 0.000 0.000 0.000 0.000 0.000 0.000 0.000 0.000 0.000 0.167 0.000 0.000 0.000 0.000 0.000 0.000 0.000 0.000 0.000 0.000 0.000 0.000 0.000 0.000 0.000 0.000 0.000 0.000 0.000 0.000 0.000 0.000 0.000 0.000 0.000 0.000 0.000 0.000 0.000 0.000 0.000 0.000 0.000 0.000 0.000 0.000 0.000 0.000 0.000 0.000 0.000 0.000 0.000 0.000 0.000 0.000 0.000 0.000 0.000 0.000 0.000 0.000
0.855 0.030 0.002 0.000 0.000 0.000 0.000 0.000 0.000 0.000 0.000 0.000 0.000 0.000 0.000 0.000 0.000 0.000 0.000 0.000 0.000 0.000 0.000 0.000 0.000 0.000 0.000 0.000 0.000 0.000 0.000 0.000 0.000 0.000 0.000 0.000 0.000 0.000 0.000 0.000 0.000 0.000 0.000 0.000 0.000 0.000 0.000 0.000 0.000 0.000 0.000 0.000 0.000 0.000 0.000 0.000 0.000 0.000 0.000 0.000 0.000 0.000 0.000 0.000 0.000 0.000 0.000 0.000 0.000 0.000 0.000 0.000 0.000 0.000 0.000 0.000 0.000
0.000 0.000 0.000 0.000 0.000 0.000 0.000 0.000 0.000 0.000 0.000 0.000 0.000 0.000 0.000 0.000 0.000 0.000 0.000 0.134 0.020 0.000 0.000 0.000 0.000 2.358 0.000 0.000 0.000 0.000 0.000 0.000 0.000 0.000 0.000 0.000 0.000 0.000 0.000 0.000 0.000 0.000 0.000 0.000 0.000 0.000 0.000 0.000 0.000 0.000 0.000 0.000 0.000 0.000 0.000 0.000 0.000 0.000 0.000 0.000 0.000 0.000 0.000 0.000 0.000 0.000 0.000 0.000 0.000 0.000 0.000 0.000 0.000 0.000 0.000 0.000 0.000
0.000 0.000 0.000 0.000 0.000 0.000 0.000 0.000 0.000 0.000 0.000 0.000 0.000 0.000 0.000 0.000 0.000 0.000 0.000 0.097 0.069 0.036 0.043 0.000 0.000 2.402 0.000 0.000 0.000 0.000 0.000 0.000 0.000 0.000 0.000 0.000 0.000 0.000 0.000 0.000 0.000 0.000 0.000 0.000 0.000 0.000 0.000 0.000 0.000 0.000 0.000 0.000 0.000 0.000 0.000 0.000 0.000 0.000 0.000 0.000 0.000 0.000 0.000 0.000 0.000 0.000 0.000 0.000 0.000 0.000 0.000 0.000 0.000 0.000 0.000 0.000 0.000
