includes/estuary_coast/floodfiles/results/res-0005.wdfp
ncols         730
nrows         472
xllcorner     380617.130607
yllcorner     6542069.774949
cellsize      20.000000
NODATA_value  -9999.000000
[rows 306 to 339 of 472, columns 77 to 153 of 730]
0.000 0.000 0.146 0.000 0.000 0.000 0.004 0.018 0.063 0.000 0.005 0.000 0.059 0.053 0.000 0.000 0.000 0.003 0.002 0.000 0.011 0.380 0.012 0.000 0.000 0.000 0.000 0.002 0.058 0.000 0.000 0.249 0.375 0.061 0.001 0.000 0.002 0.004 0.006 0.014 0.070 0.004 0.001 0.000 0.000 0.000 0.036 0.000 0.000 0.000 0.000 0.006 0.004 0.002 0.009 0.025 0.004 0.006 0.002 0.000 0.020 0.002 0.001 0.001 0.060 0.000 0.000 0.000 0.073 0.040 0.002 0.000 0.046 0.000 0.000 0.052 0.000
0.007 0.000 0.187 0.000 0.000 0.000 0.000 0.023 0.037 0.000 0.021 0.000 0.000 0.014 0.072 0.000 0.000 0.073 0.000 0.000 0.000 0.045 0.283 0.000 0.000 0.000 0.108 0.002 0.000 0.000 0.159 0.000 0.094 0.254 0.049 0.001 0.002 0.002 0.000 0.000 0.065 0.001 0.002 0.001 0.001 0.000 0.000 0.000 0.000 0.000 0.000 0.000 0.008 0.000 0.000 0.000 0.040 0.006 0.000 0.000 0.018 0.000 0.001 0.014 0.000 0.000 0.000 0.000 0.020 0.053 0.004 0.007 0.000 0.000 0.007 0.000 0.000
0.133 0.071 0.014 0.158 0.235 0.000 0.000 0.010 0.000 0.000 0.001 0.001 0.001 0.008 0.008 0.059 0.000 0.034 0.060 0.000 0.000 0.000 0.094 0.183 0.000 0.001 0.001 0.001 0.066 0.000 0.000 0.000 0.000 0.043 0.339 0.009 0.000 0.000 0.000 0.000 0.000 0.000 0.000 0.000 0.002 0.000 0.000 0.000 0.000 0.000 0.000 0.000 0.004 0.092 0.010 0.000 0.001 0.001 0.001 0.062 0.000 0.000 0.000 0.000 0.000 0.000 0.010 0.000 0.000 0.000 0.000 0.008 0.000 0.000 0.037 0.000 0.000
0.000 0.129 0.011 0.000 0.059 0.010 0.000 0.000 0.000 0.000 0.016 0.001 0.001 0.000 0.012 0.319 0.040 0.002 0.001 0.046 0.000 0.000 0.000 0.018 0.184 0.180 0.000 0.000 0.019 0.022 0.000 0.000 0.000 0.000 0.066 0.278 0.038 0.000 0.000 0.000 0.000 0.000 0.121 0.000 0.000 0.000 0.000 0.000 0.055 0.000 0.000 0.000 0.000 0.051 0.024 0.010 0.000 0.071 0.000 0.001 0.000 0.000 0.007 0.000 0.002 0.001 0.003 0.013 0.000 0.025 0.000 0.023 0.005 0.001 0.001 0.000 0.000
0.022 0.159 0.146 0.208 0.000 0.093 0.156 0.000 0.000 0.000 0.003 0.000 0.000 0.002 0.007 0.007 0.004 0.000 0.000 0.000 0.014 0.000 0.019 0.000 0.272 0.068 0.032 0.045 0.000 0.000 0.000 0.000 0.000 0.000 0.000 0.060 0.307 0.000 0.000 0.000 0.003 0.004 0.000 0.000 0.000 0.000 0.001 0.001 0.000 0.021 0.004 0.005 0.017 0.004 0.017 0.004 0.000 0.001 0.037 0.000 0.000 0.000 0.000 0.060 0.004 0.002 0.000 0.000 0.042 0.000 0.000 0.000 0.003 0.023 0.000 0.000 0.000
0.000 0.000 0.000 0.012 0.163 0.012 0.000 0.119 0.000 0.000 0.000 0.001 0.000 0.027 0.000 0.015 0.093 0.000 0.052 0.000 0.000 0.158 0.000 0.029 0.010 0.000 0.025 0.000 0.211 0.000 0.000 0.000 0.000 0.000 0.000 0.000 0.145 0.217 0.002 0.003 0.004 0.002 0.017 0.005 0.009 0.000 0.000 0.000 0.000 0.029 0.001 0.003 0.005 0.045 0.000 0.025 0.020 0.003 0.019 0.003 0.003 0.004 0.006 0.003 0.000 0.000 0.000 0.031 0.002 0.002 0.035 0.014 0.000 0.019 0.020 0.000 0.001
0.000 0.001 0.001 0.000 0.000 0.016 0.021 0.298 0.000 0.000 0.032 0.000 0.000 0.000 0.000 0.000 0.103 0.000 0.000 0.000 0.000 0.000 0.000 0.000 0.001 0.048 0.041 0.016 0.013 0.233 0.145 0.000 0.000 0.000 0.000 0.000 0.000 0.116 0.046 0.002 0.000 0.001 0.000 0.000 0.007 0.004 0.005 0.004 0.005 0.005 0.000 0.010 0.000 0.000 0.072 0.000 0.005 0.002 0.002 0.002 0.002 0.008 0.016 0.044 0.003 0.000 0.000 0.000 0.002 0.000 0.029 0.087 0.000 0.000 0.003 0.038 0.000
0.011 0.000 0.000 0.002 0.000 0.000 0.000 0.326 0.299 0.000 0.002 0.019 0.015 0.000 0.000 0.000 0.007 0.115 0.066 0.067 0.000 0.028 0.000 0.007 0.002 0.001 0.006 0.005 0.005 0.000 0.025 0.141 0.015 0.000 0.000 0.000 0.000 0.000 0.185 0.000 0.019 0.002 0.000 0.004 0.001 0.000 0.000 0.018 0.002 0.022 0.000 0.011 0.000 0.000 0.000 0.000 0.000 0.000 0.000 0.000 0.000 0.011 0.050 0.003 0.002 0.004 0.006 0.021 0.004 0.000 0.000 0.018 0.000 0.000 0.000 0.002 0.003
0.143 0.000 0.066 0.000 0.000 0.000 0.000 0.254 0.004 0.022 0.000 0.003 0.107 0.000 0.000 0.034 0.000 0.003 0.052 0.059 0.000 0.000 0.007 0.002 0.000 0.000 0.000 0.000 0.033 0.072 0.000 0.000 0.015 0.010 0.000 0.000 0.000 0.000 0.136 0.012 0.044 0.000 0.000 0.001 0.002 0.035 0.003 0.005 0.000 0.004 0.002 0.004 0.000 0.001 0.004 0.000 0.000 0.000 0.000 0.015 0.000 0.000 0.004 0.021 0.002 0.000 0.007 0.017 0.001 0.001 0.000 0.000 0.000 0.000 0.000 0.000 0.000
0.055 0.000 0.000 0.000 0.000 0.033 0.000 0.013 0.168 0.058 0.000 0.000 0.000 0.000 0.000 0.000 0.010 0.000 0.040 0.130 0.000 0.000 0.092 0.050 0.000 0.000 0.000 0.000 0.006 0.004 0.051 0.000 0.008 0.006 0.000 0.004 0.000 0.000 0.057 0.000 0.027 0.012 0.001 0.038 0.001 0.000 0.000 0.002 0.010 0.006 0.023 0.000 0.000 0.001 0.000 0.000 0.000 0.015 0.000 0.000 0.000 0.000 0.004 0.000 0.000 0.002 0.000 0.000 0.022 0.000 0.067 0.011 0.000 0.000 0.000 0.018 0.018
0.120 0.297 0.000 0.031 0.000 0.000 0.000 0.007 0.292 0.002 0.074 0.030 0.000 0.000 0.010 0.054 0.000 0.000 0.000 0.042 0.011 0.000 0.001 0.000 0.011 0.000 0.000 0.000 0.000 0.000 0.008 0.000 0.000 0.133 0.131 0.012 0.000 0.008 0.042 0.005 0.000 0.019 0.073 0.000 0.034 0.001 0.003 0.005 0.005 0.002 0.003 0.012 0.054 0.012 0.000 0.046 0.058 0.000 0.020 0.000 0.000 0.045 0.004 0.001 0.001 0.000 0.000 0.000 0.000 0.022 0.000 0.000 0.000 0.000 0.020 0.000 0.000
0.017 0.360 0.000 0.000 0.000 0.000 0.000 0.000 0.079 0.198 0.001 0.083 0.028 0.000 0.000 0.000 0.016 0.000 0.000 0.004 0.004 0.030 0.001 0.000 0.000 0.000 0.000 0.000 0.000 0.006 0.039 0.000 0.011 0.000 0.077 0.054 0.000 0.014 0.034 0.006 0.057 0.010 0.049 0.004 0.011 0.000 0.065 0.005 0.006 0.004 0.003 0.000 0.093 0.004 0.004 0.050 0.006 0.016 0.003 0.006 0.057 0.012 0.001 0.000 0.001 0.000 0.065 0.000 0.000 0.000 0.003 0.000 0.017 0.000 0.000 0.000 0.002
0.018 0.087 0.000 0.000 0.001 0.019 0.017 0.000 0.005 0.008 0.399 0.000 0.091 0.003 0.000 0.000 0.000 0.052 0.000 0.028 0.002 0.041 0.001 0.000 0.000 0.004 0.056 0.000 0.000 0.003 0.004 0.000 0.057 0.046 0.001 0.103 0.037 0.020 0.097 0.000 0.040 0.005 0.011 0.029 0.125 0.010 0.025 0.007 0.002 0.002 0.007 0.003 0.002 0.003 0.007 0.000 0.004 0.003 0.007 0.007 0.000 0.001 0.000 0.001 0.000 0.044 0.005 0.000 0.000 0.000 0.000 0.001 0.022 0.000 0.000 0.026 0.021
0.078 0.157 0.046 0.001 0.001 0.000 0.002 0.000 0.000 0.035 0.041 0.347 0.000 0.100 0.063 0.000 0.000 0.000 0.016 0.000 0.002 0.003 0.046 0.001 0.014 0.000 0.009 0.003 0.027 0.032 0.000 0.000 0.029 0.001 0.036 0.001 0.129 0.099 0.000 0.000 0.005 0.000 0.055 0.057 0.019 0.000 0.001 0.000 0.004 0.001 0.000 0.002 0.002 0.000 0.001 0.002 0.018 0.000 0.000 0.013 0.000 0.000 0.028 0.000 0.024 0.000 0.000 0.000 0.002 0.003 0.003 0.000 0.000 0.046 0.026 0.000 0.077
0.000 0.000 0.107 0.000 0.000 0.000 0.000 0.068 0.044 0.000 0.057 0.068 0.067 0.000 0.005 0.000 0.045 0.000 0.000 0.013 0.028 0.002 0.001 0.000 0.001 0.045 0.000 0.004 0.000 0.003 0.000 0.000 0.000 0.001 0.000 0.002 0.060 0.158 0.056 0.005 0.006 0.033 0.082 0.018 0.099 0.010 0.000 0.000 0.030 0.002 0.000 0.000 0.000 0.002 0.000 0.003 0.000 0.042 0.062 0.000 0.000 0.000 0.000 0.002 0.001 0.004 0.000 0.003 0.006 0.000 0.008 0.003 0.059 0.042 0.000 0.013 0.010
0.042 0.000 0.315 0.306 0.000 0.008 0.004 0.120 0.086 0.067 0.004 0.005 0.072 0.002 0.021 0.019 0.043 0.000 0.000 0.002 0.002 0.002 0.074 0.000 0.000 0.000 0.009 0.002 0.000 0.004 0.000 0.000 0.000 0.000 0.000 0.000 0.000 0.000 0.332 0.007 0.005 0.000 0.010 0.085 0.029 0.004 0.008 0.027 0.004 0.000 0.000 0.000 0.001 0.029 0.002 0.002 0.007 0.000 0.000 0.000 0.000 0.000 0.065 0.002 0.000 0.003 0.006 0.008 0.010 0.010 0.012 0.041 0.000 0.007 0.004 0.008 0.056
0.000 0.024 0.156 0.119 0.071 0.003 0.068 0.004 0.003 0.005 0.030 0.013 0.136 0.106 0.000 0.010 0.034 0.012 0.001 0.001 0.018 0.000 0.079 0.015 0.058 0.054 0.040 0.000 0.003 0.004 0.002 0.000 0.000 0.000 0.000 0.060 0.029 0.018 0.164 0.014 0.000 0.000 0.070 0.000 0.000 0.000 0.065 0.000 0.001 0.003 0.000 0.044 0.001 0.002 0.000 0.083 0.002 0.000 0.000 0.053 0.002 0.004 0.006 0.001 0.003 0.004 0.010 0.000 0.027 0.000 0.009 0.018 0.015 0.000 0.004 0.001 0.001
0.067 0.000 0.038 0.160 0.263 0.003 0.005 0.000 0.000 0.000 0.000 0.061 0.109 0.054 0.193 0.000 0.000 0.001 0.002 0.000 0.000 0.000 0.113 0.027 0.047 0.000 0.000 0.000 0.001 0.000 0.090 0.001 0.000 0.000 0.000 0.005 0.040 0.007 0.016 0.145 0.000 0.000 0.182 0.043 0.000 0.074 0.003 0.006 0.083 0.001 0.002 0.002 0.012 0.026 0.001 0.000 0.064 0.060 0.002 0.004 0.000 0.013 0.004 0.006 0.006 0.006 0.002 0.006 0.003 0.002 0.001 0.000 0.014 0.014 0.006 0.005 0.002
0.000 0.000 0.002 0.149 0.046 0.005 0.009 0.001 0.022 0.021 0.000 0.000 0.036 0.024 0.034 0.329 0.008 0.000 0.001 0.002 0.038 0.000 0.005 0.058 0.000 0.035 0.000 0.067 0.000 0.018 0.000 0.000 0.018 0.085 0.010 0.011 0.001 0.001 0.000 0.126 0.027 0.000 0.152 0.073 0.006 0.011 0.019 0.002 0.003 0.004 0.010 0.001 0.000 0.000 0.000 0.005 0.004 0.001 0.020 0.003 0.005 0.005 0.002 0.000 0.003 0.000 0.000 0.008 0.005 0.003 0.018 0.005 0.000 0.000 0.002 0.000 0.001
0.002 0.000 0.036 0.000 0.032 0.094 0.000 0.000 0.000 0.000 0.000 0.000 0.000 0.006 0.005 0.000 0.207 0.000 0.000 0.023 0.000 0.096 0.000 0.005 0.107 0.000 0.087 0.000 0.030 0.000 0.000 0.033 0.018 0.000 0.000 0.030 0.000 0.000 0.000 0.000 0.105 0.020 0.118 0.114 0.021 0.008 0.018 0.000 0.000 0.000 0.005 0.004 0.017 0.015 0.003 0.049 0.003 0.003 0.016 0.000 0.004 0.003 0.002 0.002 0.021 0.000 0.000 0.009 0.006 0.019 0.000 0.016 0.044 0.008 0.005 0.000 0.000
0.039 0.006 0.004 0.000 0.000 0.115 0.041 0.000 0.042 0.000 0.071 0.018 0.001 0.000 0.012 0.006 0.004 0.002 0.000 0.010 0.000 0.000 0.147 0.000 0.022 0.000 0.000 0.000 0.028 0.086 0.000 0.020 0.068 0.023 0.000 0.000 0.000 0.001 0.000 0.000 0.003 0.000 0.157 0.165 0.002 0.000 0.005 0.004 0.001 0.010 0.002 0.007 0.001 0.001 0.003 0.000 0.006 0.067 0.002 0.061 0.005 0.004 0.009 0.002 0.000 0.000 0.002 0.010 0.000 0.000 0.000 0.000 0.000 0.000 0.001 0.003 0.037
0.000 0.006 0.000 0.000 0.000 0.064 0.102 0.008 0.003 0.005 0.000 0.000 0.000 0.008 0.003 0.003 0.486 0.000 0.000 0.000 0.000 0.000 0.000 0.147 0.000 0.000 0.039 0.002 0.025 0.092 0.004 0.014 0.012 0.003 0.001 0.000 0.000 0.000 0.000 0.000 0.018 0.000 0.083 0.090 0.015 0.015 0.004 0.003 0.002 0.116 0.051 0.000 0.007 0.000 0.000 0.006 0.007 0.002 0.005 0.004 0.006 0.009 0.000 0.000 0.000 0.022 0.008 0.011 0.000 0.001 0.001 0.000 0.000 0.000 0.056 0.001 0.003
0.000 0.005 0.000 0.000 0.000 0.000 0.000 0.020 0.003 0.002 0.000 0.000 0.000 0.000 0.000 0.134 0.011 0.000 0.000 0.087 0.000 0.000 0.000 0.000 0.096 0.000 0.104 0.041 0.002 0.000 0.005 0.031 0.000 0.000 0.049 0.000 0.000 0.000 0.000 0.003 0.067 0.001 0.185 0.016 0.016 0.055 0.003 0.005 0.008 0.011 0.005 0.007 0.005 0.003 0.004 0.010 0.004 0.001 0.000 0.000 0.000 0.000 0.000 0.069 0.000 0.064 0.002 0.005 0.030 0.077 0.000 0.000 0.000 0.026 0.001 0.000 0.000
0.000 0.050 0.002 0.104 0.013 0.000 0.000 0.138 0.000 0.056 0.000 0.045 0.046 0.000 0.000 0.009 0.005 0.265 0.006 0.037 0.065 0.000 0.017 0.000 0.000 0.017 0.021 0.080 0.000 0.023 0.000 0.058 0.000 0.010 0.047 0.065 0.000 0.014 0.004 0.001 0.002 0.001 0.048 0.000 0.115 0.004 0.005 0.068 0.031 0.006 0.003 0.002 0.000 0.022 0.000 0.010 0.001 0.004 0.004 0.000 0.000 0.000 0.000 0.000 0.006 0.007 0.070 0.000 0.000 0.000 0.002 0.003 0.002 0.006 0.001 0.000 0.000
0.000 0.023 0.004 0.003 0.003 0.036 0.000 0.006 0.007 0.003 0.006 0.004 0.005 0.046 0.002 0.000 0.007 0.000 0.000 0.003 0.002 0.069 0.043 0.000 0.000 0.053 0.000 0.048 0.075 0.000 0.042 0.000 0.000 0.000 0.000 0.000 0.013 0.015 0.000 0.001 0.001 0.000 0.012 0.122 0.045 0.003 0.007 0.002 0.002 0.032 0.004 0.049 0.012 0.059 0.014 0.013 0.024 0.002 0.004 0.017 0.000 0.000 0.031 0.021 0.057 0.018 0.002 0.033 0.002 0.008 0.002 0.000 0.001 0.000 0.000 0.000 0.000
0.000 0.000 0.000 0.000 0.002 0.037 0.000 0.002 0.000 0.000 0.031 0.000 0.000 0.000 0.002 0.003 0.003 0.019 0.200 0.000 0.000 0.000 0.010 0.074 0.019 0.000 0.054 0.118 0.000 0.016 0.000 0.000 0.010 0.045 0.000 0.022 0.000 0.022 0.062 0.000 0.000 0.000 0.036 0.005 0.001 0.000 0.001 0.001 0.000 0.004 0.047 0.000 0.066 0.071 0.022 0.000 0.021 0.000 0.032 0.002 0.004 0.005 0.009 0.000 0.000 0.000 0.000 0.000 0.000 0.000 0.000 0.000 0.000 0.000 0.008 0.000 0.002
0.000 0.009 0.000 0.000 0.002 0.002 0.008 0.002 0.147 0.004 0.002 0.028 0.018 0.003 0.000 0.000 0.000 0.008 0.076 0.000 0.001 0.000 0.004 0.061 0.059 0.000 0.000 0.000 0.000 0.055 0.000 0.000 0.000 0.000 0.009 0.062 0.000 0.000 0.000 0.000 0.000 0.000 0.015 0.009 0.215 0.067 0.003 0.038 0.000 0.062 0.000 0.047 0.000 0.000 0.002 0.000 0.000 0.030 0.000 0.020 0.097 0.007 0.010 0.055 0.019 0.000 0.001 0.052 0.000 0.016 0.023 0.010 0.000 0.050 0.003 0.016 0.002
0.000 0.000 0.062 0.000 0.078 0.000 0.036 0.000 0.000 0.000 0.000 0.003 0.002 0.003 0.040 0.000 0.000 0.000 0.000 0.000 0.015 0.000 0.062 0.056 0.000 0.002 0.000 0.000 0.068 0.000 0.006 0.037 0.046 0.003 0.000 0.000 0.000 0.015 0.000 0.000 0.000 0.000 0.039 0.057 0.006 0.000 0.006 0.003 0.077 0.036 0.000 0.000 0.046 0.000 0.002 0.000 0.000 0.004 0.002 0.003 0.021 0.006 0.000 0.052 0.005 0.006 0.002 0.001 0.000 0.011 0.002 0.000 0.002 0.003 0.000 0.000 0.000
0.000 0.000 0.000 0.000 0.000 0.151 0.000 0.000 0.000 0.000 0.000 0.000 0.000 0.000 0.003 0.005 0.000 0.009 0.056 0.217 0.000 0.061 0.033 0.003 0.030 0.046 0.027 0.006 0.003 0.080 0.024 0.000 0.026 0.005 0.030 0.003 0.059 0.000 0.033 0.000 0.000 0.001 0.022 0.018 0.049 0.014 0.000 0.000 0.000 0.000 0.000 0.000 0.001 0.009 0.002 0.002 0.031 0.026 0.003 0.000 0.049 0.000 0.000 0.025 0.013 0.000 0.002 0.002 0.031 0.043 0.000 0.000 0.022 0.000 0.000 0.021 0.000
0.025 0.000 0.000 0.000 0.000 0.000 0.000 0.000 0.000 0.000 0.000 0.000 0.002 0.017 0.000 0.008 0.003 0.006 0.000 0.010 0.048 0.140 0.000 0.000 0.007 0.000 0.000 0.000 0.000 0.010 0.000 0.000 0.000 0.000 0.012 0.000 0.000 0.000 0.072 0.000 0.000 0.036 0.000 0.003 0.006 0.132 0.081 0.094 0.000 0.000 0.000 0.078 0.007 0.005 0.003 0.001 0.000 0.003 0.000 0.037 0.014 0.000 0.054 0.006 0.000 0.000 0.000 0.004 0.000 0.032 0.001 0.000 0.002 0.005 0.001 0.002 0.002
0.028 0.074 0.060 0.007 0.000 0.052 0.106 0.000 0.000 0.000 0.000 0.000 0.023 0.000 0.039 0.002 0.035 0.000 0.009 0.064 0.003 0.000 0.000 0.073 0.000 0.000 0.001 0.000 0.009 0.025 0.001 0.041 0.000 0.000 0.000 0.000 0.000 0.000 0.000 0.048 0.003 0.000 0.070 0.040 0.010 0.024 0.004 0.000 0.178 0.003 0.002 0.028 0.001 0.009 0.000 0.010 0.008 0.046 0.002 0.003 0.024 0.010 0.007 0.021 0.000 0.000 0.008 0.019 0.000 0.000 0.000 0.005 0.013 0.000 0.004 0.002 0.001
0.000 0.005 0.006 0.026 0.145 0.099 0.020 0.002 0.008 0.003 0.002 0.002 0.002 0.010 0.002 0.030 0.000 0.000 0.146 0.000 0.000 0.067 0.076 0.000 0.000 0.000 0.016 0.000 0.000 0.051 0.024 0.000 0.000 0.000 0.057 0.000 0.000 0.000 0.014 0.000 0.000 0.000 0.001 0.041 0.000 0.046 0.014 0.007 0.012 0.019 0.038 0.011 0.007 0.000 0.006 0.049 0.013 0.014 0.019 0.013 0.022 0.000 0.000 0.000 0.000 0.008 0.002 0.000 0.000 0.000 0.000 0.004 0.000 0.000 0.003 0.000 0.001
0.190 0.133 0.105 0.022 0.000 0.082 0.071 0.030 0.000 0.000 0.000 0.000 0.001 0.000 0.001 0.000 0.031 0.009 0.007 0.000 0.000 0.000 0.000 0.001 0.000 0.000 0.011 0.000 0.000 0.007 0.011 0.000 0.000 0.000 0.000 0.022 0.000 0.001 0.001 0.045 0.000 0.000 0.011 0.067 0.000 0.024 0.005 0.009 0.023 0.124 0.005 0.013 0.011 0.019 0.039 0.003 0.019 0.007 0.000 0.000 0.000 0.000 0.000 0.000 0.029 0.033 0.000 0.000 0.000 0.000 0.000 0.006 0.002 0.002 0.037 0.000 0.000
0.000 0.015 0.011 0.000 0.000 0.069 0.016 0.008 0.008 0.080 0.074 0.001 0.000 0.000 0.011 0.009 0.013 0.001 0.000 0.002 0.034 0.030 0.051 0.035 0.167 0.036 0.002 0.000 0.022 0.004 0.000 0.000 0.000 0.000 0.000 0.000 0.001 0.041 0.030 0.000 0.000 0.000 0.010 0.000 0.045 0.009 0.088 0.015 0.000 0.000 0.052 0.044 0.000 0.099 0.013 0.048 0.028 0.000 0.035 0.005 0.002 0.000 0.006 0.071 0.012 0.007 0.008 0.053 0.007 0.005 0.008 0.009 0.003 0.003 0.000 0.012 0.000
