includes/estuary_coast/floodfiles/results/res-0000.wdfp
ncols         730
nrows         472
xllcorner     380617.130607059982140
yllcorner     6542069.774948899634182
cellsize      20.000000000000000
NODATA_value  -9999.000000
[rows 374 to 407 of 472, columns 0 to 76 of 730]
3.772 3.764 3.746 3.745 3.715 3.714 3.707 3.690 3.671 3.639 3.601 3.562 3.513 3.500 3.500 3.494 3.463 3.412 3.352 3.264 3.220 3.192 3.169 3.153 3.099 3.058 2.988 2.946 2.885 2.853 2.821 2.729 2.690 2.652 2.618 2.580 2.530 2.501 2.461 2.410 2.338 2.279 2.236 2.216 2.217 2.223 2.224 2.213 2.193 2.187 2.183 2.181 2.178 2.171 2.169 2.167 2.174 2.176 2.177 2.177 2.171 2.170 2.170 2.171 2.176 2.177 2.177 2.181 2.192 2.200 2.227 2.253 2.266 2.259 2.239 2.222 2.221
3.725 3.718 3.715 3.691 3.686 3.681 3.656 3.645 3.627 3.601 3.573 3.531 3.500 3.491 3.479 3.470 3.437 3.385 3.304 3.246 3.190 3.172 3.166 3.144 3.106 3.049 2.970 2.899 2.856 2.823 2.796 2.720 2.686 2.649 2.615 2.554 2.512 2.482 2.446 2.384 2.340 2.293 2.257 2.234 2.232 2.229 2.222 2.214 2.196 2.188 2.183 2.181 2.179 2.178 2.176 2.181 2.185 2.189 2.191 2.189 2.179 2.171 2.164 2.159 2.159 2.158 2.159 2.166 2.177 2.188 2.207 2.227 2.239 2.235 2.226 2.214 2.222
3.696 3.689 3.673 3.665 3.659 3.650 3.619 3.604 3.575 3.566 3.527 3.509 3.466 3.450 3.445 3.415 3.382 3.334 3.281 3.208 3.178 3.168 3.169 3.151 3.104 3.040 2.932 2.870 2.825 2.796 2.777 2.741 2.684 2.645 2.578 2.542 2.500 2.471 2.412 2.380 2.338 2.305 2.274 2.243 2.236 2.231 2.225 2.207 2.197 2.188 2.182 2.180 2.180 2.181 2.184 2.189 2.196 2.204 2.207 2.201 2.189 2.174 2.160 2.151 2.145 2.135 2.135 2.142 2.147 2.164 2.183 2.196 2.206 2.207 2.205 2.207 1.428
3.673 3.657 3.652 3.637 3.623 3.600 3.562 3.542 3.523 3.507 3.491 3.451 3.438 3.427 3.384 3.364 3.334 3.296 3.254 3.197 3.169 3.163 3.158 3.136 3.084 3.015 2.916 2.840 2.790 2.769 2.758 2.727 2.685 2.641 2.566 2.516 2.483 2.456 2.417 2.372 2.344 2.317 2.290 2.254 2.244 2.236 2.229 2.209 2.202 2.192 2.185 2.183 2.182 1.044 1.164 2.197 2.207 2.219 2.224 2.219 2.202 2.179 2.154 2.138 2.120 2.108 2.102 2.110 2.117 2.135 2.152 2.166 2.173 2.177 1.439 1.381 1.368
3.653 3.652 3.649 3.628 3.609 3.562 3.533 3.508 3.488 3.473 3.439 3.424 3.409 3.362 3.343 3.316 3.289 3.258 3.205 3.177 3.154 3.130 3.123 3.084 3.031 2.964 2.887 2.810 2.771 2.757 2.751 2.730 2.689 2.620 2.540 2.494 2.460 2.437 2.413 2.371 2.348 2.324 2.283 2.267 2.253 2.239 2.222 2.215 2.207 2.200 2.191 2.190 2.189 1.289 1.010 1.128 1.199 2.229 2.238 2.233 2.211 2.179 2.145 2.117 2.087 2.067 2.062 2.064 2.083 2.104 2.122 2.137 2.144 1.358 1.424 1.397 1.318
3.650 3.653 3.647 3.624 3.591 3.541 3.506 3.477 3.457 3.445 3.422 3.402 3.381 3.328 3.301 3.256 3.231 3.190 3.172 3.125 3.113 3.092 3.057 3.028 2.983 2.928 2.869 2.796 2.766 2.756 2.751 2.726 2.677 2.595 2.517 2.466 2.432 2.417 2.409 2.376 2.355 2.308 2.286 2.272 2.252 2.243 2.222 2.220 2.216 2.212 2.202 2.195 2.196 2.199 1.037 1.106 1.137 1.289 1.221 1.268 1.352 1.264 1.248 1.256 1.173 1.229 1.257 1.264 2.048 2.075 2.096 2.108 1.298 1.275 1.357 1.251 1.310
3.644 3.645 3.636 3.609 3.561 3.518 3.480 3.439 3.425 3.418 3.395 3.373 3.328 3.268 3.230 3.198 3.173 3.149 3.105 3.091 3.077 3.031 3.003 2.975 2.938 2.895 2.829 2.787 2.764 2.745 2.735 2.705 2.655 2.571 2.504 2.440 2.406 2.396 2.390 2.381 2.353 2.306 2.283 2.262 2.249 2.242 2.220 2.220 2.220 2.220 2.205 2.204 2.205 2.206 1.258 1.259 1.301 1.327 1.361 1.346 1.345 1.305 1.205 1.265 1.168 1.083 1.081 1.199 1.194 1.315 1.241 1.246 1.246 1.272 1.185 1.304 1.215
3.614 3.617 3.606 3.570 3.532 3.494 3.446 3.425 3.419 3.418 3.398 3.361 3.292 3.237 3.188 3.150 3.125 3.095 3.071 3.057 3.040 2.986 2.963 2.925 2.895 2.835 2.806 2.774 2.735 2.723 2.689 2.656 2.607 2.548 2.476 2.424 2.393 2.386 2.387 2.378 2.356 2.300 2.269 2.243 2.228 2.225 2.225 2.219 2.223 2.220 2.215 2.217 2.217 2.212 1.220 1.351 1.258 1.346 1.317 1.259 1.314 1.352 1.252 1.211 1.243 1.237 1.153 1.199 1.290 1.171 1.118 1.261 1.246 1.208 1.118 1.246 1.179
3.572 3.565 3.553 3.531 3.501 3.471 3.431 3.418 3.417 3.415 3.394 3.347 3.268 3.203 3.145 3.102 3.067 3.058 3.031 3.011 2.970 2.913 2.882 2.854 2.819 2.797 2.751 2.734 2.719 2.670 2.649 2.619 2.577 2.529 2.468 2.424 2.397 2.388 2.385 2.373 2.347 2.297 2.250 2.219 2.202 2.202 2.209 2.217 2.229 2.228 2.232 2.235 2.236 2.233 1.334 1.271 1.218 1.257 1.302 1.322 1.343 1.328 1.299 1.268 1.309 1.252 1.304 1.064 1.144 1.144 1.146 1.124 1.144 1.064 1.128 1.068 1.228
3.518 3.520 3.509 3.491 3.470 3.434 3.414 3.407 3.396 3.392 3.366 3.305 3.238 3.169 3.094 3.055 3.038 3.037 3.014 2.989 2.917 2.874 2.835 2.805 2.784 2.735 2.722 2.707 2.660 2.643 2.613 2.585 2.552 2.499 2.465 2.433 2.401 2.391 2.373 2.354 2.324 2.284 2.236 2.197 2.176 2.179 2.198 2.220 2.233 2.235 2.245 2.252 2.254 2.249 2.237 1.230 1.256 1.247 1.301 1.195 1.321 1.341 1.381 1.246 1.323 1.271 1.255 1.182 1.111 1.080 1.122 1.129 1.063 1.197 1.041 1.173 1.129
3.479 3.472 3.467 3.453 3.410 3.407 3.368 3.366 3.362 3.340 3.311 3.264 3.206 3.142 3.072 3.039 3.029 3.026 3.007 2.968 2.889 2.834 2.787 2.754 2.738 2.718 2.694 2.681 2.632 2.611 2.580 2.556 2.509 2.485 2.443 2.422 2.406 2.377 2.363 2.343 2.315 2.278 2.231 2.193 2.172 2.175 2.197 2.222 2.233 2.246 2.261 2.273 2.277 2.266 2.250 1.246 1.392 1.301 1.278 1.286 1.333 1.275 1.300 1.347 1.257 1.312 1.297 1.221 1.115 1.038 1.098 1.115 1.122 1.126 1.103 1.187 0.998
3.417 3.405 3.392 3.387 3.377 3.344 3.337 3.331 3.303 3.288 3.261 3.222 3.176 3.106 3.064 3.039 3.026 3.018 2.992 2.925 2.861 2.794 2.740 2.699 2.689 2.675 2.667 2.631 2.587 2.561 2.536 2.515 2.488 2.454 2.436 2.418 2.383 2.369 2.353 2.334 2.309 2.272 2.239 2.210 2.190 2.191 2.209 2.231 2.242 2.261 2.279 2.294 2.298 2.286 2.266 1.256 1.304 1.272 1.352 1.353 1.345 1.340 1.299 1.363 1.348 1.296 1.268 1.289 1.188 1.057 1.076 1.127 1.066 1.131 1.104 1.083 1.004
3.389 3.372 3.357 3.347 3.345 3.314 3.305 3.295 3.257 3.241 3.216 3.185 3.149 3.089 3.055 3.021 3.011 2.995 2.949 2.897 2.830 2.752 2.701 2.672 2.668 2.665 2.652 2.598 2.564 2.532 2.506 2.487 2.470 2.442 2.427 2.411 2.375 2.360 2.343 2.326 2.296 2.276 2.254 2.228 2.217 2.211 2.222 2.238 2.255 2.266 2.287 2.304 2.309 2.296 2.272 1.308 1.256 1.292 1.350 1.279 1.330 1.302 1.282 1.338 1.220 1.352 1.262 1.304 1.233 1.357 1.079 1.135 1.091 1.142 1.068 1.127 1.126
3.363 3.342 3.326 3.317 3.301 3.290 3.278 3.236 3.217 3.165 3.144 3.120 3.095 3.043 3.022 2.997 2.966 2.945 2.910 2.863 2.808 2.734 2.691 2.668 2.664 2.659 2.640 2.588 2.540 2.503 2.475 2.457 2.450 2.431 2.418 2.380 2.355 2.338 2.324 2.309 2.296 2.274 2.261 2.249 2.232 2.232 2.239 2.249 2.262 2.272 2.285 2.300 2.304 2.292 2.269 2.244 1.292 1.214 1.242 1.267 1.322 1.385 1.328 1.338 1.291 1.245 1.398 1.288 1.329 1.230 1.240 1.147 1.121 1.069 1.075 0.986 1.035
3.341 3.318 3.294 3.288 3.282 3.253 3.232 3.182 3.153 3.126 3.104 3.086 3.039 3.018 2.998 2.950 2.927 2.902 2.870 2.831 2.769 2.728 2.692 2.666 2.660 2.648 2.608 2.567 2.523 2.474 2.448 2.437 2.437 2.424 2.410 2.366 2.344 2.324 2.310 2.300 2.282 2.276 2.270 2.251 2.248 2.249 2.253 2.259 2.260 2.271 2.280 2.287 2.288 2.276 2.258 2.236 2.212 1.206 1.232 1.247 1.271 1.231 1.340 1.270 1.357 1.322 1.305 1.260 1.225 1.323 1.279 1.172 1.086 1.075 1.055 1.175 1.101
3.320 3.293 3.288 3.288 3.275 3.248 3.211 3.157 3.120 3.090 3.069 3.054 3.015 2.995 2.971 2.917 2.890 2.859 2.830 2.799 2.746 2.693 2.670 2.657 2.630 2.612 2.582 2.546 2.503 2.458 2.437 2.430 2.429 2.420 2.402 2.356 2.329 2.306 2.291 2.284 2.284 2.275 2.275 2.261 2.261 2.259 2.262 2.265 2.264 2.267 2.272 2.276 2.268 2.260 2.246 2.229 2.210 2.187 2.175 1.333 1.252 1.355 1.294 1.405 1.335 1.215 1.221 1.285 1.276 1.278 1.345 1.145 1.137 1.152 1.144 1.136 1.086
3.292 3.285 3.286 3.287 3.272 3.237 3.177 3.132 3.090 3.058 3.026 3.014 2.999 2.976 2.915 2.854 2.818 2.787 2.758 2.735 2.690 2.672 2.656 2.613 2.599 2.579 2.553 2.523 2.479 2.452 2.436 2.429 2.425 2.414 2.380 2.349 2.312 2.286 2.270 2.266 2.265 2.270 2.263 2.265 2.268 2.271 1.275 1.262 1.357 1.238 2.267 2.264 2.256 2.249 2.239 2.225 2.205 2.190 2.179 2.174 1.384 1.266 1.283 1.328 1.332 1.288 1.291 1.199 1.260 1.241 1.234 1.310 1.142 1.186 1.186 1.099 1.189
3.271 3.272 3.265 3.266 3.249 3.200 3.151 3.102 3.049 3.025 3.016 3.010 2.981 2.941 2.872 2.821 2.776 2.741 2.716 2.698 2.660 2.645 2.629 2.586 2.563 2.543 2.522 2.500 2.464 2.445 2.426 2.422 2.415 2.388 2.363 2.335 2.297 2.269 2.252 2.251 2.257 2.267 2.265 2.271 2.278 2.283 2.286 1.286 1.330 1.291 1.355 1.342 1.192 1.304 2.235 2.221 2.210 2.195 2.185 2.180 2.177 1.413 1.428 1.285 1.358 1.379 1.343 1.341 1.296 1.243 1.226 1.205 1.212 1.117 1.130 1.244 1.006
3.223 3.227 3.233 3.215 3.196 3.161 3.120 3.079 3.033 3.017 3.015 3.010 2.981 2.930 2.847 2.785 2.730 2.691 2.669 2.650 2.631 2.617 2.568 2.550 2.501 2.476 2.460 2.447 2.421 2.415 2.412 2.393 2.384 2.369 2.347 2.321 2.289 2.264 2.248 2.247 2.255 2.266 2.268 2.277 2.288 2.298 2.302 1.317 1.320 1.379 1.315 1.265 1.350 1.264 1.200 1.314 1.329 1.289 1.310 2.183 1.381 1.441 1.359 1.430 1.353 1.350 1.310 1.296 1.326 1.239 1.328 1.221 1.206 1.129 1.091 1.111 1.115
3.187 3.189 3.168 3.164 3.147 3.120 3.089 3.059 3.021 3.011 3.006 2.999 2.965 2.907 2.818 2.746 2.684 2.634 2.618 2.616 2.593 2.570 2.517 2.485 2.457 2.437 2.419 2.395 2.394 2.393 2.375 2.369 2.362 2.349 2.333 2.313 2.288 2.270 2.255 2.253 2.259 2.261 2.271 2.283 2.298 2.312 2.319 2.314 1.346 1.417 1.437 1.359 1.320 1.313 1.318 1.320 1.306 1.331 1.336 1.322 1.328 1.332 1.345 1.344 1.402 1.404 1.357 1.435 1.441 1.364 1.348 1.286 1.282 1.236 1.190 1.167 1.098
3.149 3.149 3.121 3.112 3.099 3.079 3.058 3.018 3.004 2.979 2.978 2.964 2.915 2.856 2.786 2.713 2.641 2.605 2.596 2.593 2.580 2.540 2.488 2.444 2.407 2.383 2.375 2.357 2.363 2.367 2.351 2.349 2.340 2.331 2.320 2.297 2.272 2.267 2.263 2.255 2.257 2.263 2.272 2.286 2.302 2.321 2.330 2.321 1.334 1.350 1.306 1.379 1.306 1.335 1.312 1.358 1.370 1.237 1.311 1.219 1.241 1.199 1.263 1.237 1.263 1.243 1.222 1.327 1.276 1.317 1.281 1.280 1.267 1.192 1.195 1.169 1.175
3.114 3.087 3.078 3.066 3.051 3.009 2.995 2.961 2.954 2.950 2.921 2.902 2.867 2.817 2.757 2.681 2.630 2.599 2.592 2.589 2.569 2.513 2.456 2.400 2.351 2.317 2.314 2.322 2.333 2.322 2.313 2.311 2.307 2.298 2.292 2.275 2.269 2.264 2.257 2.256 2.258 2.262 2.270 2.281 2.299 2.316 2.324 2.316 1.334 1.344 1.337 1.301 1.430 1.381 1.327 1.334 1.304 1.265 1.219 1.238 1.282 1.217 1.253 1.309 1.241 1.202 1.222 1.182 1.150 1.198 1.243 1.182 1.298 1.166 1.147 1.127 1.101
3.064 3.030 3.012 2.995 2.978 2.966 2.960 2.928 2.921 2.885 2.873 2.853 2.822 2.781 2.735 2.671 2.631 2.598 2.591 2.579 2.538 2.489 2.427 2.352 2.296 2.266 2.269 2.283 2.302 2.294 2.296 2.293 2.289 2.285 2.280 2.266 2.263 2.260 2.249 2.253 2.254 2.258 2.265 2.272 2.287 2.298 2.304 2.298 1.284 1.368 1.289 1.292 1.290 1.347 1.346 1.311 1.225 1.229 1.264 1.310 1.215 1.240 1.293 1.277 1.091 1.189 1.187 1.220 1.181 1.182 1.205 1.177 1.157 1.129 1.088 1.129 1.245
3.044 3.006 2.980 2.957 2.939 2.928 2.904 2.897 2.888 2.847 2.830 2.808 2.782 2.750 2.697 2.637 2.612 2.594 2.566 2.546 2.512 2.463 2.402 2.327 2.270 2.240 2.245 2.268 2.288 2.282 2.282 2.277 2.272 2.270 2.266 2.258 2.256 2.244 2.243 2.242 2.242 2.245 2.254 2.255 2.265 2.275 2.275 1.301 1.328 1.347 1.332 1.324 1.374 1.305 1.401 1.395 1.331 1.297 1.408 1.233 1.188 1.227 1.180 1.135 1.120 1.220 1.100 1.147 1.119 1.141 1.084 1.121 1.096 1.109 1.121 1.071 1.151
3.014 2.981 2.951 2.923 2.904 2.882 2.876 2.872 2.859 2.814 2.763 2.739 2.716 2.693 2.646 2.622 2.600 2.560 2.542 2.518 2.485 2.442 2.390 2.323 2.276 2.248 2.252 2.268 2.283 2.278 2.271 2.265 2.257 2.255 2.255 2.251 2.245 2.234 2.231 2.229 2.228 2.235 2.235 2.240 2.246 2.246 2.249 1.211 1.251 1.246 1.351 1.394 1.340 1.337 1.490 1.358 1.252 1.266 1.226 1.187 1.217 1.164 1.094 1.206 1.232 1.125 1.218 1.151 1.079 1.067 1.059 1.171 1.084 1.140 1.095 1.023 1.082
2.994 2.958 2.923 2.886 2.873 2.869 2.865 2.837 2.804 2.760 2.730 2.704 2.683 2.666 2.626 2.605 2.583 2.537 2.515 2.490 2.460 2.425 2.371 2.332 2.288 2.271 2.269 2.265 2.268 2.272 2.267 2.255 2.251 2.249 2.248 2.246 2.240 2.228 1.366 2.220 2.218 2.219 2.222 2.226 2.229 2.225 2.226 1.338 1.348 1.271 1.262 1.273 1.383 1.429 1.337 1.334 1.357 1.333 1.318 1.270 1.202 1.161 1.179 1.217 1.168 1.205 1.082 1.055 1.062 1.215 1.019 1.074 1.086 1.080 1.026 1.064 0.934
2.965 2.936 2.905 2.875 2.868 2.867 2.855 2.828 2.774 2.735 2.700 2.672 2.654 2.626 2.610 2.589 2.541 2.514 2.487 2.462 2.412 2.387 2.344 2.320 2.299 2.273 2.268 2.266 2.265 2.262 2.255 2.252 2.249 2.248 2.247 2.243 2.231 2.222 1.349 1.252 2.208 2.208 2.208 2.214 2.211 2.210 2.208 1.355 1.308 1.306 1.341 1.302 1.288 1.329 1.253 1.209 1.271 1.392 1.383 1.269 1.322 1.168 1.248 1.172 1.140 1.085 1.125 1.116 1.104 1.138 1.018 1.095 0.998 1.034 1.078 0.932 0.967
2.935 2.911 2.880 2.868 2.865 2.861 2.844 2.813 2.753 2.708 2.672 2.637 2.625 2.617 2.601 2.559 2.503 2.467 2.435 2.408 2.386 2.368 2.334 2.317 2.283 2.273 2.266 2.262 2.258 2.255 2.246 2.249 2.245 2.245 2.242 2.237 2.225 1.251 1.289 1.299 1.178 1.227 2.203 2.206 2.200 2.195 2.189 2.184 1.391 1.328 1.402 1.365 1.340 1.261 1.293 1.289 1.336 1.389 1.303 1.335 1.282 1.280 1.272 1.136 1.170 1.102 1.079 1.048 1.063 1.090 1.058 1.062 1.101 0.987 0.943 1.001 0.961
2.904 2.887 2.856 2.840 2.840 2.836 2.817 2.770 2.727 2.685 2.642 2.625 2.620 2.616 2.589 2.550 2.486 2.441 2.403 2.375 2.357 2.331 2.320 2.308 2.276 2.265 2.257 2.250 2.247 2.238 2.230 2.233 2.237 2.237 2.231 2.225 2.219 1.343 1.321 1.306 1.288 1.344 1.310 1.385 2.190 2.180 2.169 2.161 2.158 1.279 1.337 1.211 1.314 1.250 1.334 1.275 1.358 1.354 1.264 1.256 1.217 1.203 1.219 1.209 1.100 1.148 1.132 1.082 0.962 1.006 1.009 0.974 0.909 0.997 0.963 0.938 0.919
2.868 2.830 2.804 2.805 2.808 2.783 2.764 2.734 2.700 2.666 2.631 2.621 2.620 2.612 2.583 2.522 2.465 2.411 2.367 2.338 2.319 2.311 2.306 2.296 2.265 2.242 2.231 2.224 2.222 2.212 2.216 2.221 2.214 2.221 2.219 2.216 2.212 2.208 1.358 1.267 1.128 1.327 1.389 1.289 1.219 2.167 2.151 2.139 2.136 1.191 1.199 1.375 1.280 1.272 1.355 1.331 1.276 1.143 1.289 1.252 1.233 1.239 1.180 1.243 1.256 1.177 1.121 1.134 1.180 0.999 1.063 0.991 1.000 0.889 0.923 1.023 0.941
2.798 2.792 2.766 2.766 2.742 2.737 2.720 2.697 2.672 2.648 2.622 2.603 2.605 2.594 2.560 2.499 2.440 2.382 2.329 2.302 2.295 2.298 2.289 2.266 2.243 2.224 2.209 2.200 2.199 2.193 2.200 2.206 2.199 2.201 2.207 2.206 2.204 2.203 1.301 1.204 0.983 1.172 1.303 1.255 1.286 1.105 1.199 2.120 2.116 2.126 1.127 1.160 1.462 1.129 1.236 1.212 1.157 1.251 1.162 1.221 1.178 1.254 1.187 1.167 1.150 1.159 1.129 1.134 1.023 1.054 0.993 0.979 0.984 0.955 0.918 0.987 0.952
2.748 2.739 2.726 2.726 2.699 2.689 2.678 2.660 2.642 2.627 2.601 2.579 2.575 2.548 2.514 2.467 2.415 2.361 2.311 2.287 2.284 2.286 2.281 2.252 2.227 2.201 2.181 2.169 2.166 2.171 2.182 2.179 2.185 2.187 2.194 2.193 2.194 2.195 2.196 1.341 1.329 1.293 1.340 1.218 1.307 1.266 1.121 1.128 2.111 1.275 1.220 1.070 1.123 1.478 1.337 1.241 1.206 1.184 1.240 1.199 1.209 1.211 1.173 1.155 1.110 1.175 1.202 1.107 1.114 1.037 0.991 0.984 0.892 0.910 0.980 0.963 0.942
2.687 2.685 2.681 2.669 2.660 2.647 2.616 2.601 2.582 2.556 2.551 2.548 2.521 2.504 2.475 2.437 2.394 2.345 2.310 2.290 2.284 2.283 2.274 2.241 2.210 2.176 2.145 2.132 2.136 2.149 2.164 2.165 2.171 2.173 2.174 2.181 2.184 2.187 2.191 1.306 1.280 1.302 1.281 1.337 1.308 1.317 1.234 1.166 1.061 1.042 1.247 1.271 1.240 1.172 1.194 1.201 1.329 1.187 1.146 1.177 1.164 1.204 1.233 1.112 1.201 1.170 1.043 1.090 1.043 1.042 0.961 1.020 0.961 0.956 0.861 0.883 0.825
2.655 2.658 2.657 2.620 2.603 2.584 2.565 2.551 2.545 2.522 2.518 2.490 2.480 2.463 2.439 2.410 2.378 2.341 2.317 2.292 2.286 2.279 2.253 2.228 2.194 2.153 2.120 2.104 2.112 2.132 2.152 2.157 2.162 2.162 2.161 2.162 2.171 2.178 2.184 1.260 1.127 1.329 1.298 1.220 1.266 1.338 1.343 1.243 1.268 1.111 1.058 1.076 1.362 1.141 0.967 1.194 1.179 1.339 1.189 1.162 1.100 1.067 1.154 1.122 1.130 1.049 1.076 1.090 1.087 0.978 1.087 0.961 0.977 0.911 0.829 0.897 0.902
