includes/estuary_coast/floodfiles/results/res-0011.wdfp
ncols         730
nrows         472
xllcorner     380617.130607
yllcorner     6542069.774949
cellsize      20.000000
NODATA_value  -9999.000000
[rows 306 to 339 of 472, columns 0 to 76 of 730]
2.667 2.649 2.610 2.590 2.564 2.548 2.533 2.494 2.477 2.462 2.445 2.416 2.403 2.384 2.360 2.327 2.282 2.255 2.253 2.252 2.238 2.199 2.155 2.110 2.065 2.032 2.021 2.010 1.976 1.930 1.891 1.853 1.820 1.791 1.774 1.762 1.719 1.687 1.672 1.645 1.614 1.582 1.546 1.531 1.514 1.515 1.506 1.476 1.448 1.426 1.416 1.413 1.422 1.423 1.401 1.357 1.320 1.295 1.274 1.260 1.252 1.244 1.235 0.455 0.413 0.459 0.098 0.382 0.219 0.032 0.057 0.184 0.093 0.110 0.095 0.108 0.064
2.668 2.646 2.605 2.582 2.562 2.540 2.527 2.492 2.476 2.460 2.425 2.407 2.391 2.373 2.339 2.306 2.269 2.256 2.244 2.237 2.220 2.178 2.136 2.092 2.039 2.022 2.015 2.008 1.974 1.922 1.870 1.822 1.782 1.751 1.734 1.694 1.662 1.635 1.611 1.583 1.554 1.503 1.487 1.471 1.481 1.452 1.441 1.420 1.397 1.402 1.401 1.408 1.427 1.430 1.404 1.351 1.306 1.272 1.253 1.240 1.225 1.219 1.201 1.170 0.429 0.228 0.490 0.374 0.293 0.124 0.024 0.030 0.189 0.149 0.044 0.003 0.129
2.672 2.642 2.598 2.571 2.550 2.536 2.513 2.492 2.465 2.446 2.407 2.388 2.367 2.350 2.331 2.285 2.267 2.248 2.219 2.207 2.187 2.157 2.116 2.056 2.030 2.013 2.018 2.009 1.969 1.912 1.845 1.788 1.743 1.713 1.686 1.668 1.607 1.574 1.537 1.533 1.472 1.449 1.436 1.403 1.389 1.392 1.383 1.368 1.354 1.349 1.377 1.388 1.403 1.407 1.381 1.327 1.283 1.251 1.234 1.223 1.222 1.217 1.199 1.161 0.231 0.285 0.288 0.091 0.002 0.002 0.125 0.077 0.108 0.220 0.000 0.006 0.005
2.668 2.628 2.581 2.552 2.532 2.521 2.507 2.495 2.467 2.443 2.401 2.379 2.357 2.341 2.325 2.279 2.260 2.242 2.199 2.181 2.159 2.133 2.102 2.055 2.014 2.003 2.003 1.990 1.943 1.885 1.820 1.756 1.699 1.678 1.662 1.644 1.596 1.547 1.495 1.447 1.408 1.385 1.374 1.343 1.322 1.310 1.301 1.308 1.300 1.278 1.308 1.324 1.350 1.352 1.317 1.281 1.251 1.229 1.221 1.221 1.228 1.219 1.183 1.144 1.109 0.034 0.188 0.230 0.246 0.212 0.118 0.000 0.171 0.070 0.307 0.001 0.000
2.648 2.614 2.569 2.542 2.524 2.518 2.513 2.500 2.470 2.424 2.394 2.370 2.351 2.334 2.295 2.276 2.254 2.211 2.170 2.140 2.117 2.093 2.069 2.017 1.998 1.980 1.972 1.944 1.906 1.850 1.791 1.713 1.682 1.669 1.669 1.646 1.588 1.520 1.451 1.390 1.342 1.311 1.289 1.282 1.266 1.251 1.238 1.225 1.208 1.211 1.226 1.245 1.256 1.261 1.249 1.228 1.209 1.204 1.206 1.215 1.224 1.214 1.173 1.129 1.093 1.071 0.186 0.206 0.025 0.000 0.225 0.139 0.049 0.027 0.233 0.158 0.166
2.632 2.589 2.560 2.536 2.522 2.518 2.516 2.500 2.471 2.418 2.385 2.359 2.342 2.319 2.295 2.265 2.234 2.180 2.148 2.114 2.090 2.069 2.015 1.996 1.980 1.961 1.920 1.897 1.862 1.819 1.767 1.696 1.662 1.665 1.663 1.634 1.566 1.488 1.405 1.332 1.265 1.240 1.231 1.214 1.199 1.180 1.156 1.133 1.129 1.128 1.142 1.142 1.145 1.180 1.178 1.170 1.164 1.153 1.167 1.180 1.191 1.181 1.141 1.103 1.074 1.061 0.037 0.129 0.077 0.215 0.145 0.054 0.043 0.153 0.079 0.080 0.078
2.601 2.574 2.553 2.535 2.523 2.514 2.509 2.491 2.461 2.398 2.364 2.341 2.330 2.326 2.307 2.273 2.231 2.168 2.127 2.092 2.061 2.042 1.993 1.974 1.955 1.899 1.877 1.850 1.790 1.757 1.708 1.657 1.647 1.640 1.630 1.595 1.524 1.446 1.364 1.274 1.223 1.200 1.200 1.191 1.167 1.134 1.094 1.055 1.026 1.033 1.028 1.036 1.060 1.071 1.076 1.087 1.089 1.099 1.112 1.127 1.125 1.118 1.097 1.073 1.051 1.048 1.061 0.027 0.045 0.009 0.054 0.084 0.333 0.001 0.013 0.105 0.146
2.583 2.568 2.545 2.531 2.508 2.502 2.486 2.467 2.439 2.384 2.355 2.337 2.331 2.331 2.317 2.278 2.214 2.152 2.101 2.061 2.035 1.994 1.952 1.928 1.900 1.840 1.803 1.774 1.746 1.719 1.651 1.632 1.614 1.578 1.560 1.523 1.467 1.404 1.313 1.252 1.205 1.195 1.195 1.175 1.139 1.089 1.031 0.973 0.932 0.912 0.926 0.941 0.968 0.983 1.007 1.019 1.023 1.035 1.039 1.045 1.056 1.055 1.045 1.033 1.026 1.026 1.041 0.126 0.024 0.092 0.209 0.259 0.435 0.177 0.180 0.207 0.166
2.547 2.536 2.525 2.515 2.497 2.476 2.465 2.447 2.413 2.376 2.348 2.334 2.331 2.329 2.312 2.269 2.198 2.112 2.055 2.015 1.993 1.969 1.951 1.916 1.877 1.807 1.766 1.726 1.699 1.678 1.613 1.595 1.572 1.521 1.497 1.461 1.414 1.360 1.289 1.227 1.204 1.196 1.187 1.155 1.107 1.044 0.972 0.890 0.840 0.832 0.850 0.002 0.002 0.925 0.926 0.922 0.948 0.960 0.966 0.968 0.982 0.975 0.991 0.988 0.976 0.103 0.000 0.072 0.000 0.015 0.136 0.002 0.393 0.292 0.221 0.000 0.049
2.531 2.523 2.514 2.504 2.467 2.458 2.446 2.418 2.399 2.365 2.345 2.332 2.312 2.308 2.288 2.241 2.166 2.089 2.033 1.995 1.979 1.971 1.952 1.908 1.832 1.773 1.721 1.680 1.650 1.594 1.577 1.557 1.498 1.431 1.402 1.367 1.330 1.291 1.230 1.210 1.192 1.180 1.147 1.113 1.070 1.005 0.921 0.847 0.793 0.788 0.000 0.002 0.000 0.002 0.868 0.853 0.847 0.862 0.892 0.901 0.908 0.917 0.920 0.924 0.000 0.071 0.002 0.083 0.000 0.203 0.030 0.000 0.076 0.098 0.192 0.117 0.160
2.513 2.507 2.498 2.475 2.464 2.441 2.429 2.403 2.367 2.349 2.332 2.304 2.295 2.272 2.249 2.211 2.136 2.071 2.022 1.989 1.978 1.974 1.949 1.899 1.809 1.736 1.672 1.608 1.580 1.547 1.520 1.492 1.424 1.386 1.342 1.308 1.277 1.220 1.195 1.180 1.163 1.121 1.098 1.064 1.020 0.975 0.902 0.842 0.797 0.792 0.005 0.002 0.001 0.004 0.002 0.002 0.766 0.777 0.800 0.836 0.856 0.865 0.866 0.051 0.000 0.261 0.140 0.091 0.081 0.237 0.044 0.002 0.161 0.088 0.076 0.098 0.001
2.507 2.499 2.488 2.463 2.436 2.423 2.412 2.387 2.359 2.341 2.323 2.307 2.273 2.242 2.218 2.174 2.110 2.065 2.019 1.992 1.973 1.964 1.934 1.877 1.758 1.678 1.610 1.567 1.552 1.533 1.506 1.466 1.388 1.336 1.290 1.249 1.223 1.174 1.153 1.132 1.087 1.066 1.040 1.010 0.951 0.924 0.878 0.845 0.823 0.000 0.000 0.007 0.000 0.000 0.000 0.000 0.004 0.000 0.761 0.798 0.818 0.022 0.008 0.131 0.171 0.129 0.118 0.000 0.001 0.107 0.008 0.000 0.000 0.000 0.109 0.149 0.064
2.502 2.496 2.476 2.441 2.425 2.413 2.404 2.383 2.357 2.336 2.314 2.275 2.235 2.215 2.192 2.153 2.093 2.057 2.023 1.987 1.959 1.934 1.898 1.841 1.728 1.651 1.586 1.547 1.537 1.530 1.499 1.421 1.352 1.286 1.231 1.193 1.154 1.131 1.112 1.057 0.998 0.975 0.946 0.921 0.900 0.867 0.854 0.852 0.828 0.829 0.833 0.002 0.002 0.008 0.008 0.027 0.002 0.001 0.010 0.009 0.090 0.026 0.103 0.063 0.164 0.138 0.202 0.360 0.118 0.312 0.237 0.123 0.045 0.171 0.000 0.050 0.036
2.501 2.491 2.473 2.432 2.417 2.401 2.395 2.379 2.354 2.326 2.296 2.259 2.213 2.193 2.172 2.106 2.078 2.046 2.016 1.967 1.930 1.904 1.867 1.801 1.713 1.638 1.582 1.550 1.538 1.526 1.485 1.398 1.314 1.219 1.159 1.126 1.102 1.083 1.057 0.991 0.943 0.897 0.868 0.845 0.836 0.820 0.825 0.839 0.821 0.825 0.828 0.828 0.822 0.810 0.002 0.000 0.003 0.102 0.013 0.101 0.124 0.302 0.300 0.256 0.125 0.132 0.041 0.135 0.246 0.167 0.110 0.206 0.221 0.070 0.086 0.000 0.000
2.498 2.484 2.450 2.419 2.407 2.403 2.402 2.387 2.359 2.322 2.280 2.222 2.193 2.171 2.129 2.098 2.071 2.041 2.010 1.934 1.908 1.878 1.825 1.779 1.698 1.642 1.588 1.542 1.529 1.506 1.450 1.365 1.260 1.180 1.120 1.093 1.086 1.075 1.034 0.954 0.884 0.817 0.765 0.748 0.736 0.758 0.782 0.780 0.803 0.811 0.798 0.800 0.798 0.787 0.783 0.768 0.762 0.036 0.071 0.084 0.128 0.000 0.079 0.154 0.181 0.180 0.105 0.154 0.000 0.014 0.034 0.120 0.000 0.110 0.152 0.129 0.148
2.483 2.469 2.436 2.414 2.406 2.406 2.407 2.392 2.359 2.314 2.253 2.204 2.173 2.153 2.123 2.091 2.062 2.027 1.979 1.947 1.888 1.858 1.806 1.729 1.682 1.635 1.566 1.538 1.496 1.464 1.414 1.324 1.233 1.161 1.108 1.086 1.084 1.067 1.017 0.914 0.818 0.722 0.650 0.614 0.629 0.673 0.717 0.729 0.751 0.777 0.785 0.789 0.786 0.785 0.788 0.784 0.770 0.773 0.014 0.121 0.065 0.086 0.165 0.158 0.115 0.189 0.173 0.000 0.199 0.004 0.103 0.134 0.310 0.287 0.185 0.135 0.046
2.474 2.461 2.429 2.417 2.402 2.402 2.398 2.381 2.347 2.301 2.237 2.178 2.149 2.132 2.120 2.099 2.063 2.020 1.967 1.903 1.871 1.841 1.778 1.723 1.677 1.631 1.588 1.518 1.463 1.426 1.363 1.288 1.225 1.157 1.115 1.090 1.081 1.052 0.973 0.859 0.741 0.618 0.525 0.495 0.537 0.609 0.677 0.706 0.736 0.752 0.772 0.778 0.778 0.781 0.782 0.775 0.776 0.077 0.122 0.206 0.310 0.315 0.250 0.182 0.170 0.120 0.331 0.230 0.127 0.139 0.206 0.436 0.261 0.348 0.252 0.095 0.203
2.464 2.445 2.423 2.413 2.406 2.392 2.377 2.356 2.324 2.281 2.221 2.167 2.141 2.132 2.127 2.105 2.064 2.007 1.930 1.887 1.856 1.832 1.778 1.724 1.674 1.621 1.548 1.467 1.430 1.392 1.330 1.263 1.214 1.167 1.114 1.085 1.057 1.018 0.948 0.821 0.695 0.558 0.449 0.419 0.475 0.566 0.638 0.694 0.728 0.745 0.753 0.760 0.770 0.775 0.773 0.755 0.056 0.003 0.218 0.446 0.337 0.368 0.323 0.249 0.103 0.212 0.328 0.170 0.223 0.203 0.100 0.008 0.231 0.204 0.117 0.283 0.143
2.458 2.437 2.411 2.402 2.395 2.375 2.350 2.332 2.304 2.268 2.213 2.164 2.142 2.135 2.127 2.102 2.055 1.998 1.914 1.870 1.831 1.816 1.780 1.727 1.665 1.589 1.520 1.429 1.387 1.334 1.269 1.234 1.196 1.158 1.108 1.059 1.031 0.987 0.900 0.799 0.685 0.559 0.456 0.427 0.479 0.568 0.634 0.695 0.728 0.737 0.744 0.749 0.755 0.761 0.767 0.141 0.046 0.052 0.216 0.304 0.284 0.366 0.269 0.365 0.254 0.155 0.224 0.167 0.002 0.192 0.112 0.079 0.000 0.038 0.077 0.204 0.210
2.444 2.413 2.405 2.396 2.387 2.354 2.342 2.314 2.290 2.244 2.211 2.180 2.142 2.133 2.114 2.085 2.039 1.963 1.889 1.851 1.834 1.828 1.799 1.742 1.659 1.566 1.447 1.382 1.337 1.284 1.241 1.215 1.182 1.148 1.062 1.034 1.004 0.936 0.882 0.798 0.709 0.613 0.529 0.508 0.540 0.592 0.654 0.698 0.728 0.742 0.746 0.748 0.751 0.007 0.106 0.106 0.225 0.147 0.232 0.287 0.133 0.158 0.229 0.385 0.363 0.269 0.281 0.145 0.242 0.000 0.004 0.073 0.023 0.010 0.077 0.112 0.309
2.433 2.414 2.402 2.391 2.379 2.343 2.329 2.311 2.280 2.257 2.213 2.184 2.139 2.124 2.092 2.062 2.019 1.948 1.880 1.847 1.836 1.835 1.809 1.742 1.647 1.511 1.400 1.322 1.276 1.241 1.206 1.184 1.153 1.097 1.062 1.006 0.975 0.915 0.853 0.802 0.741 0.668 0.622 0.594 0.604 0.639 0.679 0.711 0.734 0.000 0.000 0.011 0.032 0.010 0.039 0.028 0.159 0.236 0.147 0.179 0.273 0.253 0.318 0.300 0.487 0.391 0.474 0.137 0.228 0.085 0.000 0.009 0.047 0.000 0.004 0.036 0.115
2.418 2.412 2.404 2.388 2.364 2.331 2.316 2.302 2.288 2.236 2.213 2.188 2.166 2.116 2.074 2.044 2.006 1.940 1.896 1.845 1.834 1.822 1.791 1.721 1.619 1.472 1.335 1.248 1.206 1.192 1.192 1.169 1.125 1.074 1.011 0.974 0.945 0.902 0.853 0.820 0.780 0.741 0.700 0.674 0.000 0.000 0.000 0.000 0.000 0.000 0.000 0.000 0.043 0.076 0.162 0.053 0.120 0.197 0.192 0.211 0.311 0.247 0.307 0.250 0.322 0.411 0.458 0.418 0.130 0.147 0.002 0.073 0.002 0.000 0.000 0.002 0.105
2.416 2.411 2.401 2.385 2.343 2.324 2.309 2.297 2.269 2.241 2.217 2.191 2.134 2.109 2.084 2.033 1.993 1.938 1.900 1.864 1.825 1.792 1.752 1.683 1.584 1.415 1.300 1.209 1.169 1.173 1.180 1.163 1.108 1.029 0.975 0.934 0.910 0.883 0.852 0.834 0.810 0.770 0.740 0.734 0.003 0.002 0.005 0.042 0.004 0.000 0.021 0.000 0.000 0.000 0.032 0.103 0.179 0.218 0.206 0.138 0.289 0.361 0.352 0.210 0.363 0.381 0.486 0.386 0.062 0.036 0.004 0.023 0.040 0.121 0.000 0.000 0.017
2.417 2.413 2.401 2.381 2.341 2.317 2.302 2.286 2.274 2.256 2.221 2.191 2.131 2.102 2.067 2.042 1.993 1.935 1.901 1.869 1.811 1.760 1.717 1.653 1.564 1.429 1.297 1.213 1.175 1.177 1.180 1.155 1.100 0.999 0.931 0.880 0.862 0.854 0.848 0.843 0.813 0.802 0.782 0.777 0.770 0.770 0.015 0.095 0.029 0.004 0.002 0.006 0.004 0.000 0.000 0.000 0.000 0.062 0.084 0.119 0.272 0.288 0.310 0.328 0.372 0.414 0.300 0.258 0.341 0.009 0.050 0.107 0.099 0.015 0.075 0.006 0.000
2.420 2.413 2.399 2.362 2.336 2.304 2.293 2.289 2.282 2.259 2.226 2.180 2.119 2.089 2.064 2.042 1.973 1.942 1.908 1.874 1.804 1.769 1.697 1.639 1.530 1.441 1.348 1.256 1.205 1.196 1.184 1.148 1.065 0.966 0.888 0.835 0.823 0.834 0.844 0.848 0.835 0.813 0.809 0.808 0.801 0.793 0.795 0.012 0.030 0.004 0.044 0.028 0.007 0.009 0.000 0.000 0.000 0.000 0.001 0.038 0.104 0.225 0.231 0.291 0.324 0.404 0.267 0.257 0.307 0.165 0.146 0.000 0.002 0.009 0.004 0.115 0.009
2.423 2.415 2.400 2.377 2.334 2.303 2.294 2.293 2.286 2.263 2.227 2.160 2.110 2.077 2.055 2.039 2.000 1.952 1.915 1.877 1.801 1.764 1.713 1.634 1.573 1.468 1.391 1.308 1.243 1.219 1.193 1.147 1.058 0.956 0.874 0.818 0.808 0.829 0.850 0.859 0.843 0.826 0.825 0.825 0.819 0.812 0.811 0.812 0.806 0.004 0.018 0.063 0.061 0.164 0.024 0.006 0.000 0.000 0.000 0.000 0.005 0.000 0.200 0.241 0.289 0.224 0.229 0.249 0.147 0.065 0.093 0.054 0.085 0.079 0.017 0.003 0.000
2.430 2.420 2.405 2.383 2.354 2.308 2.298 2.294 2.285 2.261 2.221 2.151 2.102 2.055 2.038 2.029 2.008 1.978 1.930 1.869 1.800 1.763 1.726 1.676 1.565 1.504 1.441 1.385 1.314 1.246 1.208 1.157 1.067 0.986 0.895 0.844 0.828 0.843 0.860 0.865 0.848 0.834 0.834 0.836 0.832 0.825 0.822 0.822 0.817 0.823 0.827 0.154 0.039 0.153 0.101 0.000 0.000 0.000 0.031 0.000 0.000 0.000 0.000 0.052 0.051 0.077 0.258 0.170 0.132 0.085 0.124 0.038 0.065 0.014 0.025 0.000 0.000
2.456 2.430 2.415 2.395 2.370 2.339 2.302 2.294 2.281 2.259 2.219 2.142 2.090 2.045 2.033 2.031 2.016 1.984 1.939 1.841 1.797 1.763 1.734 1.669 1.596 1.540 1.482 1.398 1.353 1.312 1.230 1.169 1.091 1.021 0.948 0.894 0.866 0.869 0.874 0.874 0.842 0.839 0.838 0.839 0.839 0.838 0.837 0.828 0.827 0.832 0.837 0.840 0.844 0.058 0.007 0.030 0.002 0.002 0.003 0.007 0.000 0.000 0.000 0.000 0.000 0.000 0.007 0.192 0.201 0.149 0.091 0.151 0.098 0.007 0.038 0.003 0.014
2.470 2.461 2.431 2.414 2.397 2.367 2.328 2.303 2.285 2.259 2.219 2.167 2.091 2.046 2.034 2.032 2.019 1.984 1.933 1.849 1.788 1.757 1.728 1.693 1.652 1.572 1.513 1.429 1.384 1.328 1.288 1.201 1.126 1.065 1.008 0.944 0.905 0.896 0.891 0.884 0.859 0.843 0.841 0.841 0.841 0.841 0.841 0.843 0.834 0.840 0.846 0.848 0.853 0.857 0.155 0.038 0.040 0.051 0.002 0.000 0.000 0.000 0.002 0.000 0.001 0.000 0.000 0.161 0.235 0.077 0.082 0.126 0.091 0.113 0.083 0.023 0.068
2.493 2.486 2.476 2.446 2.416 2.395 2.358 2.338 2.294 2.267 2.229 2.182 2.123 2.060 2.042 2.035 2.017 1.980 1.900 1.837 1.767 1.743 1.734 1.720 1.675 1.603 1.522 1.451 1.407 1.370 1.332 1.223 1.167 1.107 1.053 0.987 0.959 0.916 0.904 0.874 0.866 0.858 0.846 0.842 0.843 0.844 0.845 0.847 0.843 0.848 0.852 0.852 0.855 0.861 0.871 0.016 0.132 0.035 0.013 0.003 0.001 0.006 0.012 0.000 0.002 0.000 0.012 0.007 0.083 0.133 0.152 0.112 0.049 0.184 0.125 0.230 0.128
2.510 2.506 2.499 2.488 2.446 2.424 2.383 2.360 2.337 2.284 2.250 2.209 2.156 2.102 2.057 2.043 2.020 1.981 1.924 1.832 1.763 1.740 1.738 1.726 1.688 1.629 1.540 1.460 1.419 1.390 1.361 1.298 1.206 1.141 1.082 1.010 0.976 0.931 0.894 0.886 0.872 0.856 0.851 0.845 0.846 0.847 0.849 0.845 0.846 0.851 0.853 0.853 0.855 0.863 0.877 0.896 0.158 0.097 0.075 0.049 0.056 0.003 0.055 0.025 0.002 0.000 0.000 0.002 0.008 0.000 0.022 0.069 0.220 0.001 0.166 0.067 0.016
2.526 2.525 2.522 2.509 2.476 2.436 2.409 2.384 2.360 2.320 2.284 2.249 2.201 2.166 2.115 2.058 2.028 1.988 1.933 1.868 1.771 1.747 1.739 1.726 1.689 1.629 1.538 1.459 1.419 1.400 1.382 1.332 1.270 1.177 1.076 1.012 0.971 0.945 0.912 0.878 0.875 0.873 0.870 0.865 0.851 0.852 0.854 0.848 0.851 0.851 0.853 0.854 0.858 0.868 0.885 0.907 0.940 0.158 0.134 0.224 0.116 0.096 0.047 0.032 0.009 0.000 0.033 0.020 0.000 0.000 0.002 0.000 0.082 0.186 0.263 0.215 0.084
2.539 2.538 2.539 2.531 2.514 2.465 2.436 2.411 2.389 2.368 2.344 2.281 2.245 2.185 2.151 2.120 2.046 2.006 1.956 1.898 1.829 1.759 1.744 1.723 1.689 1.631 1.534 1.468 1.416 1.406 1.399 1.356 1.286 1.181 1.061 0.989 0.940 0.915 0.891 0.870 0.875 0.878 0.874 0.875 0.857 0.858 0.851 0.853 0.855 0.855 0.854 0.858 0.863 0.882 0.901 0.924 0.954 0.983 0.198 0.046 0.071 0.130 0.095 0.193 0.086 0.038 0.006 0.000 0.000 0.000 0.000 0.002 0.009 0.043 0.103 0.109 0.214
2.546 2.548 2.550 2.546 2.530 2.493 2.453 2.429 2.411 2.397 2.380 2.325 2.288 2.225 2.185 2.149 2.114 2.033 1.989 1.940 1.882 1.813 1.761 1.733 1.693 1.636 1.563 1.471 1.418 1.408 1.402 1.363 1.287 1.170 1.033 0.941 0.879 0.863 0.856 0.877 0.871 0.880 0.881 0.883 0.870 0.871 0.857 0.872 0.872 0.871 0.866 0.871 0.877 0.889 0.906 0.933 0.957 0.034 0.079 0.170 0.044 0.151 0.220 0.120 0.155 0.002 0.031 0.003 0.054 0.000 0.000 0.004 0.000 0.000 0.025 0.035 0.005
