includes/estuary_coast/floodfiles/results/res-0006.wdfp
ncols         730
nrows         472
xllcorner     380617.130607
yllcorner     6542069.774949
cellsize      20.000000
NODATA_value  -9999.000000
[rows 170 to 203 of 472, columns 154 to 230 of 730]
6.434 6.577 6.750 6.832 6.860 6.863 6.857 6.824 6.789 6.780 6.762 6.630 6.462 6.395 6.469 6.158 5.596 4.897 4.350 3.756 3.559 3.413 2.559 1.758 0.968 0.000 0.000 0.000 0.000 0.000 0.000 0.000 0.000 0.000 0.000 0.000 0.000 0.000 0.000 0.000 0.000 0.000 0.000 0.000 0.000 0.000 0.000 0.000 0.000 0.000 0.000 0.000 0.000 0.000 0.000 0.000 0.000 0.000 0.000 0.000 0.000 0.000 0.000 0.000 0.000 0.000 0.000 0.000 0.000 0.000 0.000 0.000 0.000 0.000 0.000 0.000 0.000
6.326 6.508 6.809 6.989 7.019 6.958 6.923 6.964 6.953 6.898 6.902 6.838 6.693 6.481 6.453 6.222 5.769 5.431 5.059 4.186 3.631 3.297 2.761 2.265 0.748 0.042 0.000 0.000 0.000 0.000 0.000 0.000 0.000 0.000 0.000 0.000 0.000 0.000 0.000 0.000 0.000 0.000 0.000 0.000 0.000 0.000 0.000 0.000 0.000 0.000 0.000 0.000 0.000 0.000 0.000 0.000 0.000 0.000 0.000 0.000 0.000 0.000 0.000 0.000 0.000 0.000 0.000 0.000 0.000 0.000 0.000 0.000 0.000 0.000 0.000 0.000 0.000
6.110 6.439 6.764 7.059 7.088 6.996 6.994 7.076 7.058 6.991 6.984 6.995 6.823 6.591 6.379 6.201 5.825 5.830 5.510 4.747 4.126 3.556 2.994 2.840 2.255 0.425 0.000 0.000 0.000 0.000 0.000 0.000 0.000 0.000 0.000 0.000 0.000 0.000 0.000 0.000 0.000 0.000 0.000 0.000 0.000 0.000 0.000 0.000 0.000 0.000 0.000 0.000 0.000 0.000 0.000 0.000 0.000 0.000 0.000 0.000 0.000 0.000 0.000 0.000 0.000 0.000 0.000 0.000 0.000 0.000 0.000 0.000 0.000 0.000 0.000 0.000 0.000
5.749 6.180 6.628 6.876 6.974 6.987 7.062 7.176 7.141 7.039 6.999 6.974 6.860 6.684 6.435 6.231 5.925 5.838 5.640 5.117 4.680 4.087 3.210 2.936 2.532 1.780 0.328 0.000 0.000 0.000 0.000 0.000 0.000 0.000 0.000 0.000 0.000 0.000 0.000 0.000 0.000 0.000 0.000 0.000 0.000 0.000 0.000 0.000 0.000 0.000 0.000 0.000 0.000 0.000 0.000 0.000 0.000 0.000 0.000 0.000 0.000 0.000 0.000 0.000 0.000 0.000 0.000 0.000 0.000 0.000 0.000 0.000 0.000 0.000 0.000 0.000 0.000
5.526 5.845 6.318 6.640 6.791 6.896 7.038 7.139 7.146 7.065 7.030 7.040 6.984 6.845 6.647 6.473 6.072 5.911 5.602 5.279 5.199 4.742 3.894 3.093 2.611 2.127 0.611 0.100 0.000 0.000 0.000 0.000 0.000 0.000 0.000 0.000 0.000 0.000 0.000 0.000 0.000 0.000 0.000 0.000 0.000 0.000 0.000 0.000 0.000 0.000 0.000 0.000 0.000 0.000 0.000 0.000 0.000 0.000 0.000 0.000 0.000 0.000 0.000 0.000 0.000 0.000 0.000 0.000 0.000 0.000 0.000 0.000 0.000 0.000 0.000 0.000 0.000
5.379 5.691 6.107 6.413 6.568 6.800 6.903 6.992 7.122 7.161 7.152 7.182 7.153 7.183 7.053 6.804 6.394 6.119 5.767 5.361 5.315 4.982 4.314 3.781 2.767 2.236 2.148 0.411 0.000 0.000 0.000 0.000 0.000 0.000 0.000 0.000 0.000 0.000 0.000 0.000 0.000 0.000 0.000 0.000 0.000 0.000 0.000 0.000 0.000 0.000 0.000 0.000 0.000 0.000 0.000 0.000 0.000 0.000 0.000 0.000 0.000 0.000 0.000 0.000 0.000 0.000 0.000 0.000 0.000 0.000 0.000 0.000 0.000 0.000 0.000 0.000 0.000
5.381 5.715 6.015 6.356 6.464 6.599 6.808 6.922 7.094 7.277 7.355 7.306 7.273 7.381 7.335 6.990 6.661 6.475 6.123 5.698 5.311 4.991 4.767 4.419 3.468 2.567 2.184 1.805 0.353 0.000 0.000 0.000 0.000 0.000 0.000 0.000 0.000 0.000 0.000 0.000 0.000 0.000 0.000 0.000 0.000 0.000 0.000 0.000 0.000 0.000 0.000 0.000 0.000 0.000 0.000 0.000 0.000 0.000 0.000 0.000 0.000 0.000 0.000 0.000 0.000 0.000 0.000 0.000 0.000 0.000 0.000 0.000 0.000 0.000 0.000 0.000 0.000
5.401 5.843 6.250 6.321 6.355 6.586 6.661 6.770 7.155 7.467 7.564 7.413 7.344 7.367 7.317 7.012 6.714 6.646 6.416 5.985 5.682 5.112 5.056 5.109 4.253 3.274 2.477 1.914 0.868 0.227 0.000 0.000 0.000 0.000 0.000 0.000 0.000 0.000 0.000 0.000 0.000 0.000 0.000 0.000 0.000 0.000 0.000 0.000 0.000 0.000 0.000 0.000 0.000 0.000 0.000 0.000 0.000 0.000 0.000 0.000 0.000 0.000 0.000 0.000 0.000 0.000 0.000 0.000 0.000 0.000 0.000 0.000 0.000 0.000 0.000 0.000 0.000
5.281 5.827 6.332 6.346 6.316 6.578 6.656 6.719 7.146 7.536 7.626 7.472 7.366 7.328 7.241 7.032 6.812 6.714 6.591 6.361 6.124 5.591 5.184 5.045 4.420 3.988 3.347 2.430 1.973 0.672 0.049 0.000 0.000 0.000 0.000 0.000 0.000 0.000 0.000 0.000 0.000 0.000 0.000 0.000 0.000 0.000 0.000 0.000 0.000 0.000 0.000 0.000 0.000 0.000 0.000 0.000 0.000 0.000 0.000 0.000 0.000 0.000 0.000 0.000 0.000 0.000 0.000 0.000 0.000 0.000 0.000 0.000 0.000 0.000 0.000 0.000 0.000
4.655 5.342 5.818 6.007 6.079 6.447 6.582 6.727 6.982 7.309 7.413 7.390 7.435 7.408 7.311 7.178 7.037 6.878 6.752 6.744 6.586 6.049 5.435 5.008 4.711 4.592 4.346 3.222 2.748 1.893 0.620 0.004 0.000 0.000 0.000 0.000 0.000 0.000 0.000 0.000 0.000 0.000 0.000 0.000 0.000 0.000 0.000 0.000 0.000 0.000 0.000 0.000 0.000 0.000 0.000 0.000 0.000 0.000 0.000 0.000 0.000 0.000 0.000 0.000 0.000 0.000 0.000 0.000 0.000 0.000 0.000 0.000 0.000 0.000 0.000 0.000 0.000
3.871 4.461 5.058 5.364 5.713 5.936 6.291 6.493 6.821 7.114 7.261 7.382 7.518 7.521 7.483 7.480 7.334 7.137 6.931 6.944 6.821 6.307 5.907 5.478 4.858 4.647 4.406 3.843 3.665 2.844 2.021 0.509 0.065 0.000 0.000 0.000 0.000 0.000 0.000 0.000 0.000 0.000 0.000 0.000 0.000 0.000 0.000 0.000 0.000 0.000 0.000 0.000 0.000 0.000 0.000 0.000 0.000 0.000 0.000 0.000 0.000 0.000 0.000 0.000 0.000 0.000 0.000 0.000 0.000 0.000 0.000 0.000 0.000 0.000 0.000 0.000 0.000
3.047 3.534 4.246 4.695 5.113 5.477 5.873 6.357 6.595 6.879 7.135 7.524 7.660 7.657 7.683 7.806 7.711 7.412 7.094 6.961 6.825 6.586 6.409 5.934 5.245 4.720 4.426 3.966 3.859 3.396 2.622 2.294 0.483 0.002 0.000 0.000 0.000 0.000 0.000 0.000 0.000 0.000 0.000 0.000 0.000 0.000 0.000 0.000 0.000 0.000 0.000 0.000 0.000 0.000 0.000 0.000 0.000 0.000 0.000 0.000 0.000 0.000 0.000 0.000 0.000 0.000 0.000 0.000 0.000 0.000 0.000 0.000 0.000 0.000 0.000 0.000 0.000
1.538 2.897 3.722 4.408 4.703 5.026 5.623 6.266 6.660 6.792 7.123 7.656 7.929 7.762 7.752 7.957 7.886 7.549 7.308 7.078 6.958 6.810 6.876 6.517 5.867 5.198 4.692 4.313 3.998 3.534 2.993 3.026 2.024 0.497 0.000 0.000 0.000 0.000 0.000 0.000 0.000 0.000 0.000 0.000 0.000 0.000 0.000 0.000 0.000 0.000 0.000 0.000 0.000 0.000 0.000 0.000 0.000 0.000 0.000 0.000 0.000 0.000 0.000 0.000 0.000 0.000 0.000 0.000 0.000 0.000 0.000 0.000 0.000 0.000 0.000 0.000 0.000
1.150 1.528 3.605 4.305 4.526 4.638 5.414 6.293 6.771 6.694 6.998 7.503 7.766 7.639 7.667 7.758 7.733 7.586 7.511 7.314 7.127 6.909 6.913 6.776 6.429 6.038 5.565 4.971 4.637 4.118 3.335 2.827 2.379 1.899 0.527 0.000 0.000 0.000 0.000 0.000 0.000 0.000 0.000 0.000 0.000 0.000 0.000 0.000 0.000 0.000 0.000 0.000 0.000 0.000 0.000 0.000 0.000 0.000 0.000 0.000 0.000 0.000 0.000 0.000 0.000 0.000 0.000 0.000 0.000 0.000 0.000 0.000 0.000 0.000 0.000 0.000 0.000
0.957 1.121 1.490 4.102 4.470 4.579 5.102 5.797 6.298 6.408 6.671 7.093 7.302 7.385 7.511 7.569 7.605 7.665 7.718 7.621 7.306 7.011 6.892 6.783 6.649 6.666 6.218 5.533 5.531 5.156 4.104 3.372 2.985 2.805 2.308 1.267 0.117 0.000 0.000 0.000 0.000 0.000 0.000 0.000 0.000 0.000 0.000 0.000 0.000 0.000 0.000 0.000 0.000 0.000 0.000 0.000 0.000 0.000 0.000 0.000 0.000 0.000 0.000 0.000 0.000 0.000 0.000 0.000 0.000 0.000 0.000 0.000 0.000 0.000 0.000 0.000 0.000
0.980 1.230 1.087 1.490 4.003 4.175 4.563 5.020 5.602 5.856 6.200 6.438 6.660 7.009 7.106 7.309 7.473 7.713 7.869 7.739 7.434 7.309 7.081 6.863 6.695 6.742 6.448 5.927 5.637 5.387 4.901 4.543 3.533 2.942 2.666 1.881 1.462 0.111 0.000 0.000 0.000 0.000 0.000 0.000 0.000 0.000 0.000 0.000 0.000 0.000 0.000 0.000 0.000 0.000 0.000 0.000 0.000 0.000 0.000 0.000 0.000 0.000 0.000 0.000 0.000 0.000 0.000 0.000 0.000 0.000 0.000 0.000 0.000 0.000 0.000 0.000 0.000
0.816 0.746 1.023 1.070 1.502 3.599 3.750 4.135 4.834 5.379 5.916 6.105 6.298 6.653 6.926 7.103 7.232 7.522 7.706 7.685 7.617 7.503 7.310 7.054 6.875 6.675 6.406 6.108 5.715 5.404 5.271 5.355 4.371 3.468 2.952 2.565 2.467 1.888 0.243 0.000 0.000 0.000 0.000 0.000 0.000 0.000 0.000 0.000 0.000 0.000 0.000 0.000 0.000 0.000 0.000 0.000 0.000 0.000 0.000 0.000 0.000 0.000 0.000 0.000 0.000 0.000 0.000 0.000 0.000 0.000 0.000 0.000 0.000 0.000 0.000 0.000 0.000
0.601 0.762 0.876 1.038 1.099 1.476 2.898 3.324 4.278 5.311 5.877 5.919 6.163 6.703 6.980 7.009 7.074 7.345 7.471 7.534 7.724 7.830 7.682 7.376 7.191 6.973 6.660 6.441 6.211 5.671 5.385 5.186 4.797 4.288 3.804 3.283 3.175 2.581 1.603 1.242 0.000 0.000 0.000 0.000 0.000 0.000 0.000 0.000 0.000 0.000 0.000 0.000 0.000 0.000 0.000 0.000 0.000 0.000 0.000 0.000 0.000 0.000 0.000 0.000 0.000 0.000 0.000 0.000 0.000 0.000 0.000 0.000 0.000 0.000 0.000 0.000 0.000
0.611 0.647 0.709 0.770 0.911 1.074 1.384 2.818 3.854 5.090 5.820 5.840 6.043 6.654 7.022 6.897 6.988 7.097 7.280 7.471 7.802 8.084 7.904 7.642 7.566 7.441 7.248 7.015 6.857 6.339 5.836 5.562 5.285 5.340 4.921 3.799 3.267 2.846 2.440 2.077 1.395 0.161 0.000 0.000 0.000 0.000 0.000 0.000 0.000 0.000 0.000 0.000 0.000 0.000 0.000 0.000 0.000 0.000 0.000 0.000 0.000 0.000 0.000 0.000 0.000 0.000 0.000 0.000 0.000 0.000 0.000 0.000 0.000 0.000 0.000 0.000 0.000
0.515 0.574 0.530 0.709 0.780 1.039 1.064 1.407 3.591 4.482 5.057 5.390 5.701 6.143 6.506 6.583 6.939 7.118 7.131 7.262 7.676 7.917 7.834 7.768 7.863 7.705 7.434 7.430 7.362 6.843 6.505 6.181 5.751 5.576 5.418 4.526 3.971 3.470 3.441 3.381 2.528 1.535 1.305 0.000 0.000 0.000 0.000 0.000 0.000 0.000 0.000 0.000 0.000 0.000 0.000 0.000 0.000 0.000 0.000 0.000 0.000 0.000 0.000 0.000 0.000 0.000 0.000 0.000 0.000 0.000 0.000 0.000 0.000 0.000 0.000 0.000 0.000
0.379 0.500 0.558 0.662 0.745 0.699 0.912 1.001 1.383 3.499 4.090 4.366 4.907 5.325 5.878 6.311 6.739 7.132 7.047 7.098 7.398 7.571 7.647 7.799 8.011 7.857 7.522 7.426 7.368 6.995 6.856 6.808 6.140 5.648 5.440 5.082 4.811 4.377 4.085 4.206 3.328 2.740 2.189 1.644 1.264 0.000 0.000 0.000 0.000 0.000 0.000 0.000 0.000 0.000 0.000 0.000 0.000 0.000 0.000 0.000 0.000 0.000 0.000 0.000 0.000 0.000 0.000 0.000 0.000 0.000 0.000 0.000 0.000 0.000 0.000 0.000 0.000
0.409 0.438 0.405 0.476 0.674 0.630 0.687 0.841 1.021 1.380 3.194 3.428 3.653 4.230 4.881 5.499 6.149 6.567 6.613 6.640 6.895 7.203 7.387 7.631 7.775 7.707 7.540 7.399 7.284 7.083 6.914 6.891 6.539 6.210 5.869 5.811 5.833 5.234 4.467 4.072 3.636 3.467 3.338 2.909 2.265 1.891 0.628 0.171 0.000 0.000 0.000 0.000 0.000 0.000 0.000 0.000 0.000 0.000 0.000 0.000 0.000 0.000 0.000 0.000 0.000 0.000 0.000 0.000 0.000 0.000 0.000 0.000 0.000 0.000 0.000 0.000 0.000
0.359 0.451 0.497 0.405 0.463 0.468 0.604 0.689 0.864 1.042 1.246 2.874 2.919 3.452 4.323 4.886 5.320 5.916 6.176 6.284 6.571 6.784 7.124 7.349 7.471 7.621 7.542 7.458 7.374 7.200 7.091 6.977 6.831 6.677 6.306 6.156 6.294 5.802 5.089 4.488 3.968 3.719 3.678 3.306 3.275 3.023 2.193 1.896 1.465 0.463 0.022 0.000 0.000 0.000 0.000 0.000 0.000 0.000 0.000 0.000 0.000 0.000 0.000 0.000 0.000 0.000 0.000 0.000 0.000 0.000 0.000 0.000 0.000 0.000 0.000 0.000 0.000
0.291 0.336 0.393 0.347 0.448 0.543 0.489 0.548 0.649 0.797 1.075 1.208 2.536 3.177 4.102 4.362 4.676 5.385 5.861 6.079 6.196 6.687 7.043 7.212 7.369 7.554 7.734 7.618 7.410 7.348 7.264 7.146 7.167 7.113 6.805 6.327 6.167 5.862 5.558 5.186 4.661 4.017 3.795 3.580 3.462 3.324 3.047 3.042 2.817 2.196 1.597 1.257 0.696 0.386 0.044 0.000 0.000 0.000 0.000 0.000 0.000 0.000 0.000 0.000 0.000 0.000 0.000 0.000 0.000 0.000 0.000 0.000 0.000 0.000 0.000 0.000 0.000
0.301 0.205 0.310 0.365 0.379 0.337 0.423 0.330 0.578 0.716 0.861 1.040 1.191 1.448 4.051 4.297 4.387 4.999 5.769 6.045 6.102 6.705 7.277 7.222 7.376 7.836 8.032 7.700 7.515 7.475 7.422 7.304 7.346 7.397 7.033 6.687 6.458 6.282 6.290 6.327 5.675 4.751 4.323 4.023 3.813 3.617 3.372 3.438 3.292 3.094 3.090 2.374 1.717 1.464 1.577 1.784 1.513 0.575 0.315 0.002 0.000 0.000 0.000 0.000 0.000 0.000 0.000 0.000 0.000 0.000 0.000 0.000 0.000 0.000 0.000 0.000 0.000
0.301 0.132 0.251 0.236 0.377 0.266 0.336 0.395 0.519 0.437 0.563 0.788 1.003 1.117 1.348 4.014 4.077 4.481 5.239 5.599 5.778 6.416 6.947 7.029 7.214 7.959 8.232 7.735 7.509 7.482 7.436 7.397 7.372 7.355 7.186 7.057 6.818 6.614 6.694 6.806 6.239 5.751 5.074 4.741 4.500 4.419 4.145 3.771 3.574 3.575 3.842 3.260 2.712 2.400 2.228 2.328 2.069 2.200 2.086 1.381 1.300 1.113 0.879 0.749 0.589 0.326 0.163 0.063 0.000 0.000 0.000 0.000 0.000 0.000 0.000 0.000 0.000
0.256 0.196 0.141 0.236 0.266 0.348 0.235 0.349 0.322 0.378 0.380 0.587 0.620 0.910 1.044 1.376 3.493 3.586 4.111 4.496 5.090 5.590 6.164 6.376 6.844 7.413 7.625 7.486 7.399 7.468 7.451 7.473 7.439 7.393 7.282 7.279 7.133 6.880 6.678 6.593 6.317 6.000 5.897 5.489 5.288 5.295 4.890 4.447 4.218 3.930 3.833 3.721 3.633 3.617 3.024 2.656 2.465 2.310 2.326 2.428 2.801 2.341 1.944 1.625 1.300 1.223 0.975 0.940 0.815 1.047 1.389 1.239 1.211 1.108 1.122 1.164 1.106
0.213 0.183 0.203 0.243 0.240 0.213 0.310 0.332 0.312 0.338 0.377 0.354 0.467 0.595 0.829 1.072 1.174 2.722 3.109 3.673 3.895 4.324 4.957 5.329 5.865 6.394 6.950 7.014 7.209 7.316 7.429 7.546 7.578 7.472 7.412 7.474 7.369 7.045 6.823 6.513 6.271 6.106 6.098 5.828 5.539 5.485 5.283 5.167 5.031 4.607 4.408 4.064 3.921 3.875 3.588 3.471 3.305 3.312 3.359 3.197 3.089 2.857 2.818 2.953 2.515 2.497 2.154 1.716 1.771 1.846 1.905 2.079 2.768 2.145 2.512 1.906 2.006
0.297 0.221 0.127 0.281 0.211 0.114 0.269 0.162 0.268 0.245 0.245 0.339 0.346 0.492 0.644 0.778 0.846 1.071 1.488 3.160 3.188 3.350 4.106 4.700 4.993 5.433 5.989 6.323 6.677 7.067 7.513 7.973 7.912 7.601 7.368 7.433 7.341 7.119 7.016 6.717 6.460 6.191 6.108 5.968 5.781 5.589 5.569 5.667 5.600 5.416 5.251 4.962 4.277 4.169 4.287 4.429 4.456 4.145 4.411 4.110 3.617 3.434 3.145 3.094 2.957 2.704 2.755 3.015 3.235 2.897 2.563 2.610 2.722 2.644 2.621 2.737 2.635
0.110 0.168 0.138 0.119 0.106 0.172 0.209 0.139 0.234 0.174 0.157 0.288 0.235 0.374 0.414 0.513 0.603 0.961 1.121 1.412 2.945 3.025 3.756 4.446 4.562 4.931 5.736 6.213 6.456 6.828 7.579 8.385 8.155 7.519 7.354 7.286 7.303 7.244 7.197 7.069 6.768 6.549 6.401 6.170 6.050 5.919 5.764 5.744 5.696 5.742 6.034 5.646 5.208 4.883 4.736 4.696 4.676 4.550 4.694 4.545 4.229 4.288 3.935 3.597 3.512 3.521 3.497 3.601 3.687 3.664 4.205 4.100 3.522 3.494 3.498 3.574 3.552
0.228 0.125 0.124 0.075 0.078 0.058 0.037 0.126 0.163 0.215 0.062 0.147 0.164 0.301 0.284 0.327 0.516 0.597 0.901 0.981 1.239 3.129 3.585 4.302 4.500 4.728 5.566 6.314 6.367 6.480 7.187 7.831 7.705 7.340 7.163 7.104 7.118 7.290 7.341 7.236 7.084 7.004 6.838 6.737 6.539 6.356 6.161 5.956 5.924 5.971 6.123 5.934 5.700 5.638 5.341 4.994 4.912 4.887 4.937 4.920 5.033 5.201 4.817 4.901 4.728 4.577 4.782 4.551 4.303 4.253 4.446 4.447 4.120 4.185 4.024 3.971 4.037
0.101 0.007 0.000 0.077 0.104 0.009 0.045 0.001 0.078 0.139 0.157 0.129 0.150 0.132 0.131 0.265 0.288 0.402 0.592 0.702 0.926 1.187 3.153 3.699 4.171 4.541 5.236 5.813 5.935 5.966 6.480 6.803 6.927 7.103 7.087 7.015 7.021 7.229 7.346 7.279 7.326 7.427 7.199 6.899 6.774 6.682 6.518 6.349 6.319 6.178 6.129 5.987 5.889 5.835 5.703 5.544 5.370 5.469 5.510 5.478 5.353 5.325 5.341 5.658 5.729 5.199 5.107 5.012 5.004 5.038 4.915 4.644 4.490 4.394 4.395 4.394 4.508
0.001 0.056 0.000 0.008 0.129 0.000 0.000 0.000 0.097 0.121 0.184 0.058 0.161 0.010 0.231 0.193 0.250 0.277 0.301 0.349 0.812 0.825 1.031 2.836 3.348 3.818 4.233 4.920 5.089 5.047 5.370 5.906 6.331 7.048 7.221 6.866 6.708 7.004 7.128 7.227 7.508 7.829 7.463 6.990 6.785 6.777 6.731 6.763 6.684 6.602 6.427 6.311 6.147 6.035 6.175 6.235 6.247 6.181 6.324 6.111 5.776 5.637 5.603 5.756 5.762 5.532 5.414 5.421 5.877 6.009 5.573 5.417 5.251 5.181 5.064 5.116 5.220
0.000 0.004 0.000 0.000 0.000 0.050 0.037 0.000 0.006 0.002 0.036 0.047 0.000 0.038 0.102 0.136 0.180 0.099 0.121 0.327 0.308 0.511 0.656 0.972 2.522 2.739 3.086 3.653 4.042 4.407 4.548 5.008 5.648 6.523 6.867 6.464 6.237 6.433 6.620 6.998 7.347 7.531 7.286 7.083 6.910 6.844 6.837 6.841 6.846 6.897 6.958 6.833 6.623 6.527 6.585 6.766 6.716 6.534 6.497 6.347 6.187 6.130 6.003 5.873 5.906 5.910 5.984 5.954 6.069 6.089 5.948 6.215 5.985 5.757 5.816 5.666 5.632
