includes/estuary_coast/floodfiles/results/res-0003.wd
ncols         730
nrows         472
xllcorner     380617.130607
yllcorner     6542069.774949
cellsize      20.000000
NODATA_value  -9999.000000
[rows 34 to 67 of 472, columns 0 to 76 of 730]
5.774 5.761 5.755 5.764 5.781 5.811 5.835 5.854 5.867 5.873 5.877 5.874 5.869 5.865 5.870 5.887 5.915 5.952 5.998 6.044 6.068 6.061 6.027 5.991 5.961 5.945 5.937 5.940 5.939 5.927 5.897 5.867 5.845 5.828 5.816 5.807 5.782 5.775 5.758 5.746 5.707 5.689 5.682 5.670 5.629 5.621 5.589 5.554 5.524 5.488 5.416 5.379 5.354 5.332 5.265 5.225 5.175 5.085 5.039 4.965 4.945 4.920 4.832 4.762 4.664 4.608 4.541 4.487 4.422 4.308 4.190 4.140 4.109 4.089 4.063 3.984 3.958
5.762 5.749 5.742 5.747 5.768 5.791 5.816 5.833 5.845 5.852 5.858 5.854 5.848 5.840 5.842 5.862 5.897 5.945 6.001 6.056 6.088 6.080 6.039 5.998 5.965 5.939 5.931 5.929 5.925 5.916 5.899 5.879 5.853 5.840 5.830 5.822 5.797 5.794 5.783 5.775 5.762 5.754 5.737 5.702 5.667 5.664 5.660 5.620 5.587 5.566 5.525 5.444 5.404 5.391 5.374 5.308 5.246 5.166 5.085 5.040 5.028 5.002 4.955 4.890 4.797 4.729 4.684 4.579 4.523 4.455 4.338 4.218 4.178 4.144 4.108 4.064 3.975
5.752 5.747 5.742 5.745 5.759 5.782 5.795 5.807 5.818 5.826 5.836 5.831 5.832 5.823 5.823 5.843 5.880 5.930 5.986 6.037 6.067 6.060 6.027 5.992 5.964 5.934 5.924 5.919 5.916 5.899 5.891 5.882 5.872 5.866 5.858 5.837 5.839 5.819 5.815 5.819 5.806 5.786 5.765 5.749 5.714 5.709 5.717 5.703 5.667 5.614 5.548 5.487 5.464 5.459 5.454 5.411 5.315 5.214 5.132 5.087 5.067 5.062 5.026 4.944 4.880 4.800 4.767 4.733 4.634 4.567 4.440 4.378 4.310 4.264 4.214 4.103 4.007
5.747 5.745 5.745 5.747 5.751 5.773 5.782 5.790 5.799 5.808 5.816 5.822 5.825 5.821 5.821 5.836 5.867 5.908 5.953 5.992 6.018 6.016 5.994 5.972 5.950 5.932 5.924 5.919 5.917 5.897 5.894 5.889 5.883 5.874 5.866 5.861 5.861 5.861 5.866 5.859 5.844 5.817 5.788 5.761 5.740 5.752 5.769 5.764 5.717 5.652 5.576 5.509 5.486 5.489 5.496 5.472 5.381 5.275 5.165 5.097 5.068 5.065 5.055 4.969 4.914 4.854 4.839 4.823 4.780 4.692 4.588 4.518 4.402 4.354 4.301 4.235 4.065
5.736 5.741 5.743 5.744 5.745 5.757 5.766 5.771 5.778 5.788 5.801 5.812 5.820 5.824 5.825 5.840 5.863 5.891 5.923 5.948 5.963 5.963 5.956 5.945 5.928 5.918 5.913 5.911 5.912 5.905 5.907 5.907 5.902 5.887 5.876 5.870 5.869 5.877 5.892 5.898 5.883 5.843 5.807 5.774 5.752 5.766 5.786 5.785 5.746 5.683 5.604 5.525 5.497 5.496 5.504 5.484 5.418 5.301 5.194 5.123 5.086 5.073 5.062 5.008 4.943 4.916 4.910 4.907 4.890 4.823 4.718 4.656 4.609 4.514 4.468 4.360 4.279
5.729 5.733 5.736 5.737 5.736 5.741 5.747 5.747 5.754 5.766 5.783 5.799 5.804 5.816 5.823 5.837 5.852 5.872 5.894 5.911 5.920 5.921 5.915 5.908 5.901 5.902 5.902 5.893 5.900 5.912 5.918 5.924 5.919 5.902 5.886 5.883 5.883 5.886 5.906 5.914 5.897 5.860 5.823 5.786 5.756 5.769 5.778 5.770 5.737 5.682 5.610 5.559 5.505 5.493 5.488 5.466 5.416 5.346 5.227 5.164 5.122 5.099 5.078 5.018 4.985 4.949 4.928 4.927 4.915 4.864 4.768 4.714 4.679 4.613 4.585 4.491 4.404
5.721 5.725 5.727 5.728 5.726 5.727 5.720 5.721 5.725 5.737 5.756 5.775 5.788 5.798 5.813 5.821 5.840 5.854 5.865 5.877 5.887 5.888 5.884 5.877 5.880 5.874 5.878 5.885 5.897 5.913 5.933 5.941 5.935 5.917 5.898 5.885 5.882 5.884 5.899 5.905 5.888 5.856 5.823 5.797 5.766 5.761 5.761 5.741 5.716 5.675 5.630 5.575 5.540 5.516 5.480 5.453 5.415 5.366 5.293 5.209 5.169 5.138 5.109 5.048 5.006 4.965 4.933 4.928 4.921 4.881 4.799 4.755 4.731 4.726 4.694 4.628 4.522
5.698 5.701 5.704 5.706 5.717 5.712 5.703 5.699 5.703 5.720 5.741 5.761 5.773 5.783 5.791 5.806 5.814 5.832 5.843 5.853 5.859 5.864 5.862 5.860 5.862 5.865 5.867 5.877 5.891 5.913 5.935 5.948 5.941 5.918 5.894 5.882 5.877 5.872 5.880 5.882 5.865 5.840 5.816 5.787 5.774 5.766 5.748 5.731 5.715 5.670 5.641 5.595 5.565 5.538 5.516 5.458 5.427 5.392 5.333 5.297 5.233 5.198 5.162 5.122 5.043 4.999 4.954 4.942 4.933 4.895 4.856 4.784 4.764 4.765 4.762 4.712 4.608
5.687 5.691 5.695 5.698 5.700 5.697 5.699 5.694 5.696 5.708 5.725 5.740 5.760 5.769 5.775 5.780 5.789 5.798 5.810 5.821 5.834 5.844 5.846 5.849 5.848 5.854 5.856 5.865 5.881 5.902 5.923 5.935 5.929 5.908 5.885 5.869 5.856 5.856 5.859 5.857 5.842 5.821 5.796 5.781 5.771 5.763 5.752 5.723 5.713 5.700 5.660 5.641 5.600 5.572 5.544 5.480 5.452 5.426 5.399 5.363 5.337 5.260 5.220 5.174 5.134 5.071 5.018 4.993 4.979 4.922 4.884 4.811 4.783 4.774 4.775 4.754 4.677
5.662 5.666 5.671 5.681 5.690 5.693 5.696 5.697 5.700 5.709 5.721 5.733 5.743 5.757 5.752 5.756 5.770 5.780 5.792 5.806 5.816 5.829 5.840 5.846 5.846 5.844 5.843 5.853 5.865 5.876 5.894 5.907 5.899 5.884 5.866 5.850 5.842 5.839 5.838 5.834 5.812 5.802 5.791 5.773 5.766 5.756 5.752 5.724 5.720 5.717 5.711 5.680 5.645 5.614 5.574 5.542 5.516 5.473 5.459 5.426 5.407 5.377 5.293 5.271 5.225 5.145 5.111 5.060 5.039 5.012 4.938 4.888 4.832 4.799 4.780 4.761 4.694
5.650 5.654 5.661 5.664 5.672 5.679 5.693 5.699 5.702 5.710 5.719 5.729 5.737 5.741 5.744 5.746 5.752 5.763 5.776 5.791 5.804 5.820 5.835 5.845 5.844 5.837 5.833 5.834 5.839 5.849 5.861 5.867 5.865 5.855 5.843 5.828 5.822 5.822 5.819 5.808 5.793 5.785 5.777 5.771 5.762 5.759 5.758 5.737 5.734 5.741 5.747 5.746 5.714 5.687 5.633 5.583 5.553 5.535 5.512 5.489 5.479 5.466 5.390 5.340 5.297 5.264 5.248 5.144 5.132 5.100 5.055 4.955 4.921 4.876 4.816 4.786 4.757
5.639 5.639 5.647 5.655 5.662 5.669 5.675 5.681 5.689 5.708 5.715 5.719 5.731 5.737 5.741 5.742 5.744 5.752 5.764 5.775 5.790 5.806 5.821 5.827 5.830 5.823 5.814 5.814 5.815 5.821 5.828 5.827 5.826 5.814 5.807 5.808 5.804 5.794 5.792 5.789 5.778 5.772 5.763 5.759 5.756 5.756 5.757 5.750 5.747 5.766 5.791 5.796 5.773 5.729 5.678 5.610 5.575 5.556 5.552 5.557 5.547 5.521 5.480 5.440 5.403 5.382 5.370 5.286 5.263 5.200 5.175 5.119 5.016 4.972 4.928 4.844 4.819
5.631 5.633 5.637 5.634 5.639 5.658 5.663 5.665 5.680 5.684 5.702 5.711 5.722 5.733 5.740 5.742 5.742 5.741 5.744 5.751 5.773 5.786 5.791 5.796 5.794 5.799 5.783 5.775 5.774 5.784 5.789 5.794 5.797 5.789 5.787 5.789 5.782 5.780 5.779 5.776 5.764 5.757 5.753 5.752 5.752 5.752 5.755 5.753 5.763 5.791 5.823 5.839 5.815 5.762 5.701 5.648 5.590 5.569 5.565 5.573 5.574 5.558 5.512 5.478 5.452 5.446 5.462 5.425 5.377 5.334 5.280 5.224 5.176 5.086 5.037 4.948 4.906
5.630 5.627 5.626 5.627 5.630 5.633 5.636 5.640 5.653 5.659 5.677 5.688 5.702 5.719 5.730 5.737 5.735 5.727 5.733 5.731 5.737 5.745 5.753 5.761 5.759 5.751 5.745 5.742 5.740 5.751 5.758 5.766 5.762 5.771 5.771 5.770 5.773 5.772 5.769 5.766 5.753 5.751 5.750 5.749 5.749 5.750 5.745 5.752 5.764 5.795 5.831 5.849 5.828 5.771 5.709 5.653 5.619 5.592 5.579 5.572 5.573 5.561 5.541 5.504 5.491 5.509 5.527 5.540 5.490 5.441 5.379 5.324 5.285 5.228 5.213 5.124 5.074
5.625 5.624 5.621 5.620 5.621 5.623 5.625 5.627 5.639 5.645 5.663 5.675 5.688 5.699 5.711 5.715 5.713 5.712 5.704 5.712 5.714 5.718 5.716 5.726 5.723 5.716 5.708 5.700 5.693 5.699 5.708 5.723 5.737 5.751 5.759 5.770 5.770 5.768 5.763 5.756 5.752 5.747 5.748 5.749 5.748 5.747 5.749 5.756 5.756 5.781 5.809 5.822 5.803 5.749 5.699 5.654 5.625 5.601 5.585 5.578 5.567 5.559 5.549 5.542 5.528 5.546 5.575 5.599 5.594 5.560 5.488 5.447 5.427 5.405 5.356 5.338 5.232
5.613 5.609 5.613 5.612 5.613 5.614 5.615 5.616 5.619 5.632 5.632 5.641 5.668 5.680 5.685 5.690 5.681 5.675 5.681 5.676 5.688 5.683 5.686 5.687 5.692 5.684 5.667 5.657 5.658 5.666 5.681 5.701 5.722 5.740 5.760 5.773 5.773 5.766 5.757 5.749 5.746 5.741 5.744 5.746 5.745 5.742 5.744 5.743 5.753 5.767 5.782 5.778 5.759 5.730 5.683 5.650 5.623 5.609 5.595 5.587 5.567 5.562 5.557 5.556 5.571 5.567 5.597 5.622 5.618 5.588 5.531 5.506 5.494 5.518 5.548 5.516 5.420
5.595 5.589 5.588 5.603 5.606 5.604 5.610 5.610 5.612 5.615 5.620 5.624 5.632 5.639 5.646 5.644 5.653 5.648 5.641 5.649 5.645 5.654 5.657 5.647 5.652 5.643 5.643 5.628 5.626 5.635 5.653 5.678 5.702 5.721 5.753 5.768 5.769 5.758 5.743 5.741 5.726 5.728 5.732 5.735 5.733 5.723 5.723 5.731 5.736 5.743 5.749 5.748 5.719 5.699 5.678 5.643 5.624 5.614 5.603 5.595 5.574 5.570 5.569 5.580 5.585 5.593 5.600 5.613 5.611 5.593 5.577 5.551 5.564 5.623 5.691 5.717 5.616
5.558 5.571 5.573 5.579 5.595 5.602 5.608 5.609 5.607 5.606 5.611 5.612 5.616 5.621 5.619 5.616 5.628 5.624 5.617 5.598 5.605 5.613 5.619 5.625 5.629 5.628 5.623 5.617 5.614 5.622 5.639 5.654 5.675 5.700 5.724 5.740 5.748 5.740 5.717 5.715 5.711 5.712 5.715 5.717 5.711 5.711 5.709 5.709 5.719 5.721 5.707 5.704 5.702 5.674 5.660 5.658 5.630 5.620 5.612 5.616 5.606 5.617 5.594 5.595 5.608 5.612 5.617 5.599 5.600 5.595 5.595 5.600 5.618 5.701 5.796 5.840 5.785
5.512 5.528 5.535 5.546 5.562 5.587 5.603 5.607 5.602 5.601 5.597 5.595 5.596 5.592 5.593 5.597 5.596 5.593 5.588 5.582 5.582 5.583 5.598 5.606 5.604 5.601 5.607 5.614 5.615 5.620 5.627 5.628 5.655 5.674 5.692 5.703 5.705 5.692 5.691 5.679 5.690 5.691 5.694 5.697 5.693 5.693 5.693 5.696 5.686 5.686 5.685 5.680 5.669 5.658 5.660 5.660 5.651 5.650 5.646 5.627 5.635 5.636 5.638 5.616 5.624 5.628 5.631 5.619 5.622 5.626 5.635 5.657 5.676 5.747 5.828 5.865 5.820
5.488 5.505 5.514 5.527 5.543 5.564 5.579 5.587 5.588 5.580 5.587 5.586 5.582 5.583 5.583 5.585 5.583 5.581 5.577 5.573 5.572 5.573 5.577 5.576 5.580 5.587 5.595 5.602 5.609 5.609 5.606 5.610 5.633 5.646 5.657 5.665 5.654 5.656 5.648 5.650 5.647 5.649 5.650 5.670 5.664 5.676 5.671 5.681 5.673 5.672 5.670 5.664 5.653 5.647 5.645 5.643 5.649 5.649 5.649 5.652 5.644 5.645 5.642 5.652 5.657 5.672 5.668 5.674 5.646 5.652 5.661 5.688 5.683 5.732 5.787 5.811 5.774
5.468 5.483 5.492 5.505 5.520 5.533 5.549 5.557 5.551 5.546 5.541 5.575 5.578 5.580 5.580 5.577 5.570 5.567 5.560 5.570 5.571 5.571 5.570 5.565 5.564 5.569 5.576 5.583 5.585 5.583 5.581 5.582 5.586 5.593 5.601 5.616 5.617 5.621 5.616 5.618 5.617 5.615 5.624 5.633 5.646 5.654 5.661 5.663 5.664 5.664 5.672 5.661 5.649 5.641 5.629 5.628 5.637 5.649 5.665 5.658 5.647 5.665 5.668 5.679 5.705 5.696 5.699 5.710 5.720 5.727 5.705 5.711 5.722 5.707 5.756 5.757 5.728
5.440 5.445 5.458 5.475 5.489 5.504 5.517 5.517 5.521 5.523 5.527 5.543 5.579 5.585 5.583 5.568 5.565 5.560 5.551 5.558 5.564 5.561 5.552 5.537 5.545 5.546 5.551 5.556 5.546 5.557 5.555 5.556 5.558 5.562 5.555 5.561 5.564 5.573 5.586 5.576 5.583 5.589 5.601 5.615 5.629 5.638 5.649 5.657 5.657 5.667 5.666 5.659 5.652 5.638 5.625 5.624 5.635 5.649 5.661 5.672 5.656 5.663 5.674 5.698 5.713 5.715 5.733 5.752 5.765 5.771 5.761 5.739 5.767 5.725 5.731 5.720 5.694
5.439 5.440 5.443 5.456 5.446 5.477 5.487 5.485 5.491 5.500 5.512 5.536 5.566 5.588 5.584 5.566 5.547 5.535 5.526 5.531 5.534 5.529 5.516 5.500 5.493 5.489 5.501 5.505 5.515 5.517 5.521 5.528 5.529 5.521 5.528 5.535 5.541 5.550 5.551 5.548 5.554 5.567 5.581 5.599 5.614 5.634 5.653 5.664 5.663 5.660 5.656 5.662 5.653 5.643 5.634 5.634 5.642 5.653 5.666 5.660 5.648 5.638 5.652 5.688 5.732 5.757 5.785 5.814 5.819 5.817 5.806 5.804 5.789 5.748 5.729 5.713 5.687
5.443 5.442 5.433 5.427 5.426 5.428 5.430 5.437 5.461 5.470 5.489 5.517 5.548 5.569 5.566 5.543 5.518 5.503 5.503 5.501 5.498 5.489 5.478 5.462 5.455 5.452 5.441 5.448 5.458 5.466 5.498 5.499 5.497 5.501 5.506 5.514 5.523 5.531 5.538 5.543 5.545 5.548 5.557 5.573 5.604 5.622 5.650 5.664 5.664 5.659 5.653 5.650 5.657 5.652 5.648 5.649 5.655 5.671 5.661 5.660 5.640 5.625 5.642 5.687 5.741 5.791 5.821 5.862 5.887 5.895 5.880 5.840 5.836 5.819 5.793 5.728 5.704
5.445 5.442 5.421 5.403 5.406 5.402 5.404 5.409 5.417 5.439 5.458 5.483 5.509 5.516 5.514 5.509 5.482 5.474 5.466 5.466 5.459 5.446 5.433 5.417 5.409 5.394 5.402 5.415 5.430 5.447 5.465 5.472 5.482 5.481 5.492 5.498 5.486 5.501 5.531 5.541 5.544 5.544 5.549 5.554 5.582 5.606 5.631 5.647 5.655 5.652 5.639 5.633 5.648 5.648 5.661 5.664 5.654 5.670 5.670 5.662 5.657 5.645 5.663 5.707 5.762 5.813 5.876 5.918 5.942 5.945 5.930 5.900 5.861 5.870 5.858 5.799 5.779
5.421 5.418 5.399 5.381 5.383 5.380 5.381 5.385 5.390 5.398 5.413 5.418 5.423 5.435 5.457 5.434 5.416 5.419 5.409 5.401 5.420 5.404 5.388 5.368 5.348 5.349 5.361 5.381 5.405 5.430 5.449 5.475 5.488 5.484 5.474 5.466 5.469 5.485 5.505 5.522 5.535 5.537 5.523 5.529 5.542 5.582 5.603 5.618 5.628 5.620 5.629 5.627 5.629 5.652 5.656 5.658 5.664 5.682 5.685 5.682 5.683 5.691 5.708 5.739 5.786 5.832 5.884 5.936 5.959 5.958 5.942 5.925 5.900 5.887 5.878 5.871 5.820
5.354 5.355 5.341 5.326 5.345 5.360 5.365 5.370 5.373 5.376 5.361 5.363 5.371 5.375 5.371 5.379 5.366 5.358 5.371 5.364 5.356 5.315 5.312 5.316 5.301 5.306 5.323 5.349 5.354 5.401 5.422 5.461 5.482 5.479 5.461 5.450 5.426 5.435 5.475 5.490 5.501 5.499 5.485 5.503 5.511 5.527 5.568 5.590 5.602 5.598 5.604 5.612 5.628 5.640 5.647 5.654 5.688 5.697 5.704 5.709 5.716 5.722 5.745 5.782 5.802 5.867 5.903 5.934 5.951 5.954 5.943 5.929 5.911 5.901 5.896 5.888 5.882
5.263 5.290 5.287 5.286 5.274 5.317 5.345 5.363 5.366 5.355 5.340 5.331 5.328 5.324 5.318 5.310 5.309 5.297 5.293 5.290 5.291 5.287 5.273 5.279 5.273 5.275 5.283 5.304 5.328 5.352 5.389 5.424 5.446 5.441 5.418 5.401 5.393 5.397 5.436 5.447 5.454 5.451 5.449 5.448 5.473 5.484 5.497 5.556 5.561 5.577 5.592 5.608 5.622 5.646 5.654 5.662 5.686 5.713 5.718 5.732 5.759 5.771 5.785 5.807 5.829 5.884 5.907 5.925 5.936 5.944 5.940 5.933 5.931 5.923 5.907 5.903 5.901
5.188 5.224 5.230 5.216 5.239 5.279 5.326 5.365 5.371 5.347 5.315 5.303 5.291 5.284 5.277 5.258 5.256 5.265 5.263 5.262 5.261 5.254 5.258 5.261 5.269 5.268 5.273 5.286 5.301 5.292 5.343 5.369 5.373 5.369 5.355 5.339 5.351 5.351 5.358 5.371 5.376 5.408 5.407 5.407 5.410 5.418 5.430 5.469 5.496 5.558 5.585 5.611 5.637 5.651 5.662 5.680 5.692 5.705 5.731 5.769 5.808 5.825 5.836 5.849 5.877 5.889 5.903 5.924 5.930 5.945 5.939 5.935 5.939 5.929 5.918 5.909 5.908
5.071 5.108 5.120 5.141 5.191 5.217 5.279 5.336 5.343 5.322 5.287 5.260 5.257 5.250 5.237 5.239 5.241 5.247 5.243 5.239 5.206 5.209 5.239 5.244 5.250 5.255 5.246 5.235 5.237 5.246 5.292 5.309 5.304 5.304 5.298 5.288 5.282 5.288 5.295 5.305 5.327 5.334 5.366 5.364 5.350 5.357 5.395 5.422 5.465 5.507 5.554 5.601 5.640 5.674 5.678 5.680 5.697 5.719 5.757 5.802 5.858 5.884 5.898 5.915 5.910 5.910 5.915 5.952 5.957 5.956 5.948 5.945 5.939 5.940 5.924 5.912 5.911
5.003 5.006 5.048 5.074 5.100 5.150 5.205 5.248 5.265 5.244 5.216 5.193 5.185 5.179 5.221 5.237 5.247 5.242 5.218 5.195 5.180 5.177 5.186 5.209 5.205 5.203 5.211 5.198 5.193 5.184 5.192 5.187 5.202 5.208 5.244 5.239 5.235 5.240 5.249 5.261 5.275 5.297 5.303 5.294 5.298 5.318 5.350 5.384 5.430 5.488 5.550 5.608 5.663 5.692 5.689 5.684 5.695 5.730 5.785 5.857 5.920 5.966 5.983 5.959 5.935 5.921 5.932 5.931 5.969 5.966 5.965 5.961 5.955 5.952 5.940 5.937 5.939
4.938 4.929 4.971 4.987 5.025 5.070 5.069 5.102 5.123 5.109 5.145 5.136 5.140 5.146 5.205 5.234 5.252 5.240 5.192 5.143 5.109 5.138 5.140 5.144 5.145 5.144 5.134 5.122 5.113 5.115 5.110 5.120 5.132 5.155 5.164 5.169 5.168 5.193 5.211 5.225 5.242 5.259 5.268 5.280 5.285 5.287 5.306 5.353 5.403 5.462 5.529 5.602 5.665 5.695 5.690 5.681 5.677 5.715 5.787 5.906 5.997 6.051 6.050 6.010 5.966 5.941 5.937 5.966 5.976 5.993 5.990 5.984 5.976 5.974 5.965 5.970 5.981
4.878 4.869 4.886 4.917 4.908 4.940 4.968 4.988 5.008 5.003 5.001 5.005 5.024 5.063 5.135 5.171 5.208 5.197 5.154 5.102 5.063 5.043 5.037 5.030 5.035 5.039 5.037 5.070 5.064 5.064 5.061 5.071 5.086 5.105 5.132 5.146 5.163 5.170 5.174 5.177 5.186 5.200 5.228 5.272 5.283 5.285 5.294 5.319 5.380 5.436 5.500 5.568 5.628 5.658 5.664 5.653 5.664 5.710 5.795 5.913 6.047 6.114 6.101 6.037 5.983 5.954 5.966 5.987 6.005 6.016 6.010 6.022 6.013 6.006 6.010 6.010 6.028
4.821 4.821 4.817 4.820 4.853 4.869 4.882 4.888 4.870 4.901 4.909 4.923 4.951 4.955 5.033 5.083 5.111 5.089 5.083 5.039 5.004 4.982 4.968 4.940 4.969 4.977 4.985 4.991 5.009 5.022 5.024 5.033 5.049 5.048 5.074 5.137 5.168 5.179 5.170 5.161 5.162 5.173 5.203 5.239 5.267 5.279 5.289 5.283 5.330 5.406 5.459 5.515 5.563 5.600 5.594 5.617 5.635 5.686 5.774 5.894 6.018 6.096 6.088 6.018 5.957 5.931 5.976 6.010 6.041 6.057 6.048 6.048 6.037 6.033 6.043 6.054 6.073
