includes/estuary_coast/floodfiles/results/res-0009.wdfp
ncols         730
nrows         472
xllcorner     380617.130607059982140
yllcorner     6542069.774948899634182
cellsize      20.000000000000000
NODATA_value  -9999.000000
[rows 170 to 203 of 472, columns 308 to 384 of 730]
0.000 0.000 0.000 0.000 0.000 0.000 0.000 0.000 0.000 0.000 0.000 0.000 0.000 0.000 0.000 0.541 0.801 0.963 1.195 1.445 1.616 1.783 2.099 2.252 2.513 2.587 2.849 2.860 3.181 3.108 3.263 3.297 3.481 3.841 3.801 4.030 4.048 3.980 4.084 4.193 4.456 4.698 4.547 4.838 5.024 4.914 5.361 5.616 5.104 5.104 5.144 4.949 5.285 5.366 5.274 5.603 5.688 5.714 5.906 6.024 5.858 5.875 6.265 6.337 6.004 5.934 6.075 6.071 6.018 6.077 6.126 6.243 6.292 6.164 6.241 6.154 5.832
0.000 0.000 0.000 0.000 0.000 0.000 0.000 0.000 0.000 0.000 0.522 0.511 0.771 0.829 0.974 1.401 1.361 1.615 1.949 2.085 2.400 2.489 2.540 2.552 2.688 2.834 3.159 3.170 3.373 3.451 3.501 3.621 3.870 3.999 4.143 4.269 4.371 4.408 4.371 4.544 4.731 4.800 4.871 5.070 5.149 5.230 5.637 5.773 5.345 5.271 5.225 5.361 5.732 5.783 5.678 5.718 5.783 5.809 5.929 6.041 5.964 5.969 6.002 6.114 5.995 5.952 6.053 6.079 6.189 6.243 6.316 6.555 6.587 6.425 6.629 6.652 6.053
0.000 0.000 0.000 0.000 0.000 0.000 0.000 0.018 0.362 0.597 0.730 0.974 1.130 1.312 1.364 1.534 1.701 1.996 2.190 2.415 2.625 2.746 2.814 2.849 2.981 3.072 3.324 3.474 3.710 4.126 4.134 4.400 4.850 4.794 4.806 5.223 5.282 5.043 5.148 5.287 5.209 5.287 5.429 5.433 5.436 5.567 5.631 5.657 5.615 5.644 5.601 5.528 5.658 5.672 5.809 5.960 6.050 5.928 6.100 6.486 6.217 5.765 5.625 5.742 5.753 5.865 5.989 6.113 6.339 6.292 6.266 6.468 6.491 6.345 6.527 6.571 5.966
0.000 0.000 0.000 0.000 0.005 0.145 0.417 0.777 0.770 1.400 1.422 1.710 1.754 1.782 1.883 2.153 2.209 2.650 2.777 3.453 3.608 3.249 3.236 3.224 3.135 3.329 3.785 3.919 4.194 4.770 4.721 5.001 5.549 5.367 5.398 5.827 5.830 5.610 5.867 6.005 5.774 5.897 6.189 5.966 5.903 6.015 5.907 5.795 5.860 6.038 5.860 5.748 5.701 5.665 5.810 6.102 6.230 5.870 5.853 6.204 5.861 5.488 5.320 5.280 5.637 5.887 5.829 5.898 6.207 6.190 6.131 6.148 6.130 6.053 5.943 5.853 5.655
0.000 0.000 0.000 0.336 0.699 1.249 1.214 1.343 1.403 1.530 1.719 1.847 2.114 2.177 2.290 2.351 2.698 2.966 3.169 3.785 3.945 3.616 3.453 3.543 3.580 3.734 3.957 4.116 4.431 4.775 4.951 5.180 5.450 5.474 5.557 5.747 5.824 5.745 5.939 6.023 5.923 6.177 6.560 6.211 6.074 6.316 6.049 5.779 5.827 5.970 5.832 5.709 5.745 5.740 5.697 5.700 5.693 5.450 5.318 5.291 5.344 5.406 5.068 4.998 5.395 5.910 5.742 5.670 5.815 5.893 5.921 5.976 5.957 6.004 5.668 5.251 5.161
0.002 0.618 0.983 1.012 1.100 1.482 1.475 1.593 2.079 2.071 2.326 2.398 2.479 2.690 2.735 2.928 3.178 3.318 3.693 4.130 4.238 4.344 4.174 4.283 4.383 4.327 4.544 4.776 4.911 5.227 5.647 5.756 5.743 5.913 5.971 5.953 5.929 5.921 5.912 5.950 5.914 6.014 6.120 5.988 5.885 5.903 5.712 5.517 5.474 5.434 5.389 5.534 5.931 5.926 5.423 5.199 5.076 4.957 4.852 4.754 4.858 4.986 4.831 4.815 4.822 5.161 5.362 5.575 5.771 5.957 5.841 5.896 5.699 5.846 5.380 4.958 4.869
1.112 1.070 1.352 2.000 1.936 2.447 1.956 1.902 2.200 2.370 2.719 2.822 3.005 3.363 3.321 3.666 3.854 4.087 4.900 5.058 4.724 4.812 4.717 4.795 4.960 4.960 5.154 5.523 5.468 5.819 6.527 6.420 6.235 6.361 6.455 6.270 6.200 6.195 6.076 5.944 5.926 5.824 5.719 5.577 5.531 5.445 5.338 5.252 5.040 4.885 4.837 5.012 5.526 5.552 5.008 4.835 4.882 4.885 4.719 4.642 4.408 4.240 4.196 4.199 4.115 4.389 4.928 5.632 5.237 5.226 5.163 5.209 5.557 5.238 4.907 4.603 4.305
1.314 2.060 2.221 2.132 2.309 2.439 2.233 2.098 2.469 2.798 3.063 3.301 3.452 3.542 3.685 3.939 3.975 4.467 5.271 5.365 5.039 4.936 5.011 5.019 5.088 5.190 5.397 5.552 5.684 6.070 6.640 6.569 6.387 6.568 6.650 6.365 6.291 6.502 6.214 5.878 5.937 5.799 5.460 5.262 5.081 5.082 5.239 5.125 4.762 4.686 4.679 4.557 4.560 4.533 4.633 4.969 4.699 4.377 4.185 4.024 3.998 3.979 3.713 3.649 3.651 3.987 4.197 4.324 4.470 4.739 4.548 4.767 6.165 5.152 4.896 4.218 3.665
2.369 2.224 2.426 2.860 2.961 2.820 2.922 2.961 3.286 3.600 3.823 4.321 4.324 4.292 4.474 4.456 4.594 4.984 5.303 5.472 5.556 5.597 5.668 5.505 5.539 5.646 5.767 5.831 5.952 6.142 6.331 6.345 6.346 6.396 6.386 6.178 6.118 6.247 5.947 5.583 5.487 5.345 5.177 5.239 4.994 4.699 4.640 4.541 4.352 4.377 4.327 4.246 4.094 4.061 4.138 4.328 4.089 3.902 3.732 3.657 3.509 3.397 3.484 3.316 3.284 3.700 3.777 3.771 3.744 3.648 3.656 3.783 4.077 4.258 3.865 3.554 3.461
2.619 2.794 3.093 3.094 3.163 3.214 3.205 3.449 4.196 4.539 4.345 4.672 4.666 4.765 5.110 4.932 5.314 5.861 5.903 5.876 6.205 6.550 6.313 6.217 6.253 6.276 6.195 6.189 6.287 6.255 6.256 6.275 6.250 6.090 6.002 5.832 5.670 5.539 5.285 5.065 4.843 4.688 4.771 4.723 4.424 4.109 3.927 3.893 3.845 3.741 3.796 3.973 4.041 3.834 3.998 3.706 3.576 3.849 3.494 3.292 3.152 2.969 2.914 2.779 2.519 2.643 2.713 2.970 3.050 2.993 3.035 3.023 3.206 4.281 3.362 2.910 2.572
3.028 3.395 3.582 3.570 3.659 3.663 3.592 4.061 4.409 4.576 4.628 4.736 4.932 5.031 5.159 5.330 5.763 6.464 6.378 6.248 6.473 6.755 6.532 6.465 6.664 6.619 6.353 6.407 6.547 6.325 6.239 6.343 6.211 5.953 5.894 5.823 5.387 4.944 4.782 4.580 4.489 4.389 4.056 3.970 3.802 3.813 3.625 3.790 3.634 3.496 3.424 3.363 3.278 3.188 3.301 3.190 3.102 3.104 2.866 2.569 2.578 2.468 2.398 2.606 2.170 2.163 2.129 2.329 2.949 1.851 1.794 1.642 1.984 2.167 2.095 2.054 2.020
3.777 3.645 3.829 4.025 4.390 4.367 4.701 4.969 4.736 4.841 4.932 5.218 5.402 5.352 5.455 5.612 5.843 6.187 6.313 6.279 6.420 6.523 6.509 6.446 6.448 6.418 6.266 6.189 6.254 6.041 6.031 6.332 6.042 5.667 5.811 6.063 5.193 4.722 4.674 4.294 4.240 4.005 3.581 3.440 3.465 3.421 3.185 3.136 3.051 3.209 3.098 2.915 2.822 2.818 2.767 2.752 2.686 2.830 2.688 2.159 2.029 2.030 1.959 1.823 2.366 2.083 2.036 2.201 1.262 1.067 0.881 0.825 1.119 1.230 1.180 1.233 1.268
3.937 4.005 4.287 4.506 4.629 4.849 5.804 6.052 5.455 5.342 5.580 5.884 5.994 5.705 5.670 5.712 5.825 6.068 6.166 6.325 6.444 6.446 6.466 6.371 6.264 6.145 6.012 5.823 5.666 5.506 5.474 5.479 5.303 5.118 5.039 4.974 4.558 4.340 3.964 3.706 3.495 3.335 3.252 3.369 2.927 2.834 2.800 2.737 2.705 2.636 2.561 2.710 2.333 2.209 2.209 2.325 2.507 2.366 1.700 1.545 1.592 1.770 1.136 0.815 0.000 0.000 0.000 0.000 0.000 0.000 0.000 0.000 0.000 0.000 0.000 0.000 0.000
4.424 4.884 5.159 4.963 5.005 5.291 5.910 6.070 5.840 5.819 5.868 6.101 6.123 5.868 5.757 5.717 5.831 5.986 6.152 6.508 6.547 6.414 6.519 6.474 6.139 6.143 6.041 5.571 5.332 5.203 4.994 4.811 4.919 5.062 4.519 4.234 4.068 3.954 3.574 3.563 3.249 3.231 2.883 2.771 2.727 2.705 2.465 2.238 2.385 2.534 2.340 2.119 2.104 1.726 1.681 1.764 1.100 0.732 0.000 0.000 0.000 0.000 0.000 0.000 0.000 0.000 0.000 0.000 0.000 0.000 0.000 0.000 0.000 0.000 0.000 0.000 0.000
5.145 5.325 5.515 5.355 5.444 5.568 5.792 5.880 6.024 6.097 6.059 6.009 5.927 5.857 5.785 5.777 5.876 6.000 6.020 6.399 6.471 6.330 6.955 6.848 5.974 6.078 5.958 5.327 5.196 5.001 4.623 4.516 4.466 4.405 3.855 3.789 3.882 3.664 3.256 3.015 2.746 2.601 2.467 2.404 2.338 2.110 2.215 1.843 1.710 1.367 1.863 1.914 0.932 0.000 0.000 0.000 0.000 0.000 0.000 0.000 0.000 0.000 0.000 0.000 0.000 0.000 0.000 0.000 0.000 0.000 0.000 0.000 0.000 0.000 0.000 0.000 0.000
5.408 5.450 5.568 5.788 5.963 6.080 6.053 6.044 6.190 6.313 6.120 5.951 5.834 5.723 5.766 5.699 5.784 6.002 5.806 5.803 5.743 5.745 6.286 6.086 5.349 5.119 4.863 4.593 4.511 4.280 4.379 4.212 3.522 3.372 3.560 3.410 3.095 3.068 3.004 2.809 2.513 2.510 1.952 1.848 1.879 1.756 1.305 1.048 1.591 0.000 0.000 0.000 0.000 0.000 0.000 0.000 0.000 0.000 0.000 0.000 0.000 0.000 0.000 0.000 0.000 0.000 0.000 0.000 0.000 0.000 0.000 0.000 0.000 0.000 0.000 0.000 0.000
5.712 5.827 5.935 6.073 6.369 6.473 6.234 6.121 6.151 6.170 6.027 5.901 5.843 5.742 5.820 5.641 5.370 5.383 5.183 5.045 4.939 4.883 4.978 4.695 4.376 4.234 4.038 3.987 3.901 3.781 3.613 3.400 2.995 2.967 2.867 2.836 3.040 2.634 2.369 2.059 1.854 1.525 1.420 1.424 1.007 0.000 0.000 0.000 0.000 0.000 0.000 0.000 0.163 0.000 0.000 0.000 0.000 0.000 0.000 0.000 0.000 0.000 0.000 0.000 0.000 0.000 0.000 0.000 0.000 0.000 0.000 0.000 0.000 0.000 0.000 0.000 0.000
6.194 6.463 6.469 6.375 6.371 6.352 6.175 6.057 5.967 5.925 5.830 5.932 5.976 5.747 5.629 5.333 4.832 4.700 4.674 4.602 4.589 4.581 4.315 4.106 3.934 3.842 3.770 3.743 3.720 3.678 3.029 2.776 2.656 2.476 2.684 2.351 2.122 2.246 1.803 1.621 1.216 0.893 0.000 0.000 0.000 0.000 0.000 0.000 0.000 0.000 0.000 0.000 0.000 0.000 0.000 0.000 0.000 0.000 0.000 0.000 0.000 0.000 0.000 0.000 0.000 0.000 0.000 0.000 0.000 0.000 0.000 0.000 0.000 0.000 0.000 0.000 0.000
6.524 6.961 6.746 6.398 6.207 6.148 6.058 5.972 5.842 5.687 5.559 5.841 6.118 5.635 5.146 4.644 4.142 4.239 4.448 4.459 4.319 4.070 3.562 3.559 3.635 3.236 3.167 2.994 2.985 2.889 2.715 2.504 2.260 2.121 1.903 1.667 1.784 1.266 1.086 0.000 0.000 0.000 0.000 0.000 0.000 0.000 0.000 0.000 0.000 0.000 0.000 0.000 0.000 0.000 0.000 0.000 0.000 0.000 0.000 0.000 0.000 0.000 0.000 0.000 0.000 0.000 0.000 0.000 0.000 0.000 0.000 0.000 0.000 0.000 0.000 0.000 0.000
6.489 6.707 6.559 6.267 6.073 5.978 5.944 6.083 5.757 5.325 5.244 5.266 5.377 5.003 4.632 4.348 4.090 4.053 4.043 3.925 3.550 3.322 3.236 3.073 2.919 2.732 2.683 2.814 2.562 2.528 2.187 2.233 1.719 1.540 1.378 1.077 0.000 0.000 0.000 0.000 0.000 0.000 0.000 0.000 0.000 0.000 0.000 0.000 0.000 0.000 0.000 0.000 0.000 0.000 0.000 0.000 0.000 0.000 0.000 0.000 0.000 0.000 0.000 0.000 0.000 0.000 0.000 0.000 0.000 0.000 0.000 0.000 0.000 0.000 0.000 0.000 0.000
6.356 6.390 6.270 6.101 5.988 5.876 5.670 5.671 5.332 5.046 5.018 4.919 4.744 4.492 4.301 4.195 3.881 3.616 3.452 3.298 3.147 3.093 2.985 2.748 2.596 2.552 2.269 2.157 1.837 1.882 2.315 1.338 1.179 0.000 0.000 0.000 0.000 0.000 0.000 0.000 0.000 0.000 0.000 0.000 0.000 0.000 0.000 0.000 0.000 0.000 0.000 0.000 0.000 0.000 0.000 0.000 0.000 0.000 0.000 0.000 0.000 0.000 0.000 0.000 0.000 0.000 0.000 0.000 0.000 0.000 0.000 0.000 0.000 0.000 0.000 0.000 0.000
6.288 6.215 6.117 6.023 6.068 5.973 5.380 5.003 4.691 4.675 4.707 4.473 4.569 4.344 4.196 4.164 3.652 3.131 3.019 3.018 3.079 2.717 2.355 2.507 2.299 1.942 1.640 1.473 1.435 0.960 0.000 0.000 0.000 0.000 0.000 0.000 0.000 0.000 0.000 0.000 0.000 0.000 0.000 0.000 0.000 0.000 0.000 0.000 0.000 0.000 0.000 0.000 0.000 0.000 0.000 0.000 0.000 0.000 0.000 0.000 0.000 0.000 0.000 0.000 0.000 0.000 0.000 0.000 0.000 0.000 0.000 0.000 0.000 0.000 0.000 0.000 0.000
6.159 6.143 6.224 5.891 5.851 5.675 4.804 4.217 4.134 4.123 4.040 4.153 4.673 4.363 3.686 3.401 3.179 2.957 2.819 2.480 2.274 2.044 1.947 1.973 1.893 1.970 1.380 0.152 0.000 0.000 0.000 0.000 0.000 0.000 0.000 0.000 0.000 0.000 0.000 0.000 0.000 0.000 0.000 0.000 0.000 0.000 0.000 0.000 0.000 0.000 0.000 0.000 0.000 0.000 0.000 0.000 0.000 0.000 0.000 0.000 0.000 0.000 0.000 0.000 0.000 0.000 0.000 0.000 0.000 0.000 0.000 0.000 0.000 0.000 0.000 0.000 0.000
5.850 5.855 5.903 5.433 5.085 4.708 4.309 3.974 3.888 3.632 3.430 3.471 3.750 3.506 3.042 2.903 2.906 2.543 2.174 1.888 1.839 1.748 1.858 1.844 1.501 1.160 0.000 0.000 0.000 0.000 0.000 0.000 0.002 0.000 0.000 0.000 0.000 0.000 0.000 0.000 0.000 0.000 0.000 0.000 0.000 0.000 0.000 0.000 0.000 0.000 0.000 0.000 0.000 0.000 0.000 0.000 0.000 0.000 0.000 0.000 0.000 0.000 0.000 0.000 0.000 0.000 0.000 0.000 0.000 0.000 0.000 0.000 0.000 0.000 0.000 0.000 0.000
5.231 5.235 5.039 4.799 4.516 4.190 3.977 3.724 3.439 3.164 3.282 3.025 2.855 2.640 2.718 2.610 2.812 2.188 1.790 1.567 1.290 0.852 0.000 0.000 0.000 0.313 0.580 0.000 0.000 0.000 0.000 0.000 0.127 0.000 0.000 0.000 0.000 0.000 0.000 0.000 0.000 0.000 0.000 0.000 0.000 0.000 0.000 0.000 0.000 0.000 0.000 0.000 0.000 0.000 0.000 0.000 0.000 0.000 0.000 0.000 0.000 0.000 0.000 0.000 0.000 0.000 0.000 0.000 0.000 0.000 0.000 0.000 0.000 0.000 0.000 0.000 0.000
5.016 4.964 4.651 4.623 4.315 4.018 3.997 3.321 2.858 2.767 2.637 2.444 2.433 2.289 2.331 1.929 1.658 1.591 1.645 0.168 0.000 0.000 0.000 0.000 0.000 0.001 0.377 0.000 0.000 0.061 0.000 0.000 0.000 0.000 0.000 0.000 0.000 0.000 0.000 0.000 0.000 0.000 0.000 0.000 0.000 0.000 0.000 0.000 0.000 0.000 0.000 0.000 0.000 0.000 0.000 0.000 0.000 0.000 0.000 0.000 0.000 0.000 0.000 0.000 0.000 0.000 0.000 0.000 0.000 0.000 0.000 0.000 0.000 0.000 0.000 0.000 0.000
4.816 4.690 4.146 4.118 3.793 3.512 3.447 2.850 2.686 2.491 1.899 1.822 1.878 1.669 1.687 1.236 1.224 0.000 0.000 0.000 0.000 0.000 0.000 0.000 0.180 0.374 0.000 0.000 0.000 0.000 0.000 0.000 0.000 0.000 0.000 0.000 0.000 0.000 0.000 0.000 0.000 0.000 0.000 0.000 0.000 0.000 0.000 0.000 0.000 0.000 0.000 0.000 0.000 0.000 0.000 0.000 0.000 0.000 0.000 0.000 0.000 0.000 0.000 0.000 0.000 0.000 0.000 0.000 0.000 0.000 0.000 0.000 0.000 0.000 0.000 0.000 0.000
3.806 3.658 3.424 3.236 2.954 2.687 2.393 2.058 2.026 1.840 1.610 1.457 1.612 1.202 0.100 0.000 0.000 0.000 0.000 0.000 0.000 0.000 0.000 0.042 0.002 0.000 0.000 0.000 0.000 0.000 0.000 0.000 0.000 0.000 0.000 0.000 0.000 0.000 0.000 0.000 0.000 0.000 0.000 0.000 0.000 0.000 0.000 0.000 0.000 0.000 0.000 0.000 0.000 0.000 0.000 0.000 0.000 0.000 0.000 0.000 0.000 0.000 0.000 0.000 0.000 0.000 0.000 0.000 0.000 0.000 0.000 0.000 0.000 0.000 0.000 0.000 0.000
3.192 3.133 3.013 2.815 2.851 2.295 2.221 1.756 1.587 2.265 1.072 0.489 0.000 0.000 0.000 0.000 0.000 0.000 0.000 0.000 0.000 0.000 0.000 0.000 0.061 0.000 0.000 0.000 0.000 0.000 0.000 0.000 0.000 0.000 0.000 0.000 0.000 0.000 0.000 0.000 0.000 0.000 0.000 0.000 0.000 0.000 0.000 0.000 0.000 0.000 0.000 0.000 0.000 0.000 0.000 0.000 0.000 0.000 0.000 0.000 0.000 0.000 0.000 0.000 0.000 0.000 0.000 0.000 0.000 0.000 0.000 0.000 0.000 0.000 0.000 0.000 0.000
2.789 2.709 2.515 2.112 1.961 1.643 1.304 0.799 0.514 0.407 0.000 0.000 0.000 0.000 0.000 0.000 0.000 0.000 0.000 0.000 0.000 0.000 0.031 0.000 0.279 0.000 0.000 0.000 0.000 0.000 0.000 0.000 0.000 0.000 0.000 0.000 0.000 0.000 0.000 0.000 0.000 0.000 0.000 0.000 0.000 0.000 0.000 0.000 0.000 0.000 0.000 0.000 0.000 0.000 0.000 0.000 0.000 0.000 0.000 0.000 0.000 0.000 0.000 0.000 0.000 0.000 0.000 0.000 0.000 0.000 0.000 0.000 0.000 0.000 0.000 0.000 0.000
2.609 2.253 2.751 1.835 1.810 1.718 0.551 0.000 0.000 0.000 0.000 0.000 0.000 0.000 0.000 0.000 0.000 0.000 0.000 0.000 0.000 0.000 0.000 0.000 0.161 0.000 0.000 0.000 0.000 0.000 0.000 0.000 0.000 0.000 0.000 0.000 0.000 0.000 0.000 0.000 0.000 0.000 0.000 0.000 0.000 0.000 0.000 0.000 0.000 0.000 0.000 0.000 0.000 0.000 0.000 0.000 0.000 0.000 0.000 0.000 0.000 0.000 0.000 0.000 0.000 0.000 0.000 0.000 0.000 0.000 0.000 0.000 0.000 0.000 0.000 0.000 0.000
2.109 1.272 1.093 0.521 0.000 0.000 0.000 0.000 0.000 0.000 0.000 0.000 0.000 0.000 0.000 0.000 0.000 0.000 0.000 0.000 0.000 0.000 0.000 0.000 0.001 0.000 0.000 0.000 0.000 0.000 0.000 0.000 0.000 0.000 0.000 0.000 0.000 0.000 0.000 0.000 0.000 0.000 0.000 0.000 0.000 0.000 0.000 0.000 0.000 0.000 0.000 0.000 0.000 0.000 0.000 0.000 0.000 0.000 0.000 0.000 0.000 0.000 0.000 0.000 0.000 0.000 0.000 0.000 0.000 0.000 0.000 0.000 0.000 0.000 0.000 0.000 0.000
0.310 0.000 0.000 0.000 0.000 0.000 0.000 0.000 0.000 0.000 0.000 0.000 0.000 0.000 0.000 0.000 0.000 0.000 0.000 0.135 0.021 0.000 0.000 0.000 0.000 2.357 0.000 0.000 0.000 0.000 0.000 0.000 0.000 0.000 0.000 0.000 0.000 0.000 0.000 0.000 0.000 0.000 0.000 0.000 0.000 0.000 0.000 0.000 0.000 0.000 0.000 0.000 0.000 0.000 0.000 0.000 0.000 0.000 0.000 0.000 0.000 0.000 0.000 0.000 0.000 0.000 0.000 0.000 0.000 0.000 0.000 0.000 0.000 0.000 0.000 0.000 0.000
0.000 0.000 0.000 0.000 0.000 0.000 0.000 0.000 0.000 0.000 0.000 0.000 0.000 0.000 0.000 0.000 0.000 0.000 0.000 0.098 0.070 0.037 0.044 0.000 0.000 2.401 0.000 0.000 0.000 0.000 0.000 0.000 0.000 0.000 0.000 0.000 0.000 0.000 0.000 0.000 0.000 0.000 0.000 0.000 0.000 0.000 0.000 0.000 0.000 0.000 0.000 0.000 0.000 0.000 0.000 0.000 0.000 0.000 0.000 0.000 0.000 0.000 0.000 0.000 0.000 0.000 0.000 0.000 0.000 0.000 0.000 0.000 0.000 0.000 0.000 0.000 0.000
