includes/estuary_coast/floodfiles/results/res-0014.wdfp
ncols         730
nrows         472
xllcorner     380617.130607
yllcorner     6542069.774949
cellsize      20.000000
NODATA_value  -9999.000000
[rows 68 to 101 of 472, columns 308 to 384 of 730]
0.000 0.000 0.000 0.000 0.000 0.000 0.604 0.070 0.000 0.000 0.000 0.000 0.271 0.525 0.448 0.561 0.488 0.303 0.304 0.142 0.002 0.104 0.015 0.000 0.000 0.000 0.003 0.233 0.567 0.357 0.819 0.827 0.906 0.898 0.933 0.843 0.857 0.606 1.055 1.020 1.068 1.106 1.042 1.048 1.077 0.993 0.727 0.726 0.987 0.731 0.857 0.865 0.977 0.595 0.773 0.840 0.789 0.809 0.860 0.701 0.744 0.773 0.918 0.951 0.909 0.898 0.923 0.961 0.792 0.745 0.831 0.838 0.786 0.783 0.753 0.621 0.516
0.000 0.000 0.000 0.000 0.000 0.001 0.000 0.000 0.000 0.012 0.000 0.417 0.480 0.508 0.604 0.652 0.528 0.317 0.353 0.021 0.039 0.307 0.040 0.276 0.519 0.631 0.236 0.653 0.429 0.637 0.651 0.845 0.902 0.969 0.908 0.982 0.819 0.719 0.897 1.007 1.115 1.092 1.032 1.018 1.016 1.000 0.964 0.647 0.475 0.636 0.838 0.972 0.840 0.811 0.957 0.751 0.753 0.816 0.876 0.816 0.858 0.665 0.868 0.890 0.908 0.900 0.935 0.860 0.883 0.696 0.848 0.802 0.779 0.837 0.740 0.770 0.553
0.000 0.000 0.000 0.000 0.000 0.000 0.007 0.007 0.190 0.446 0.401 0.248 0.403 0.521 0.609 0.704 0.406 0.347 0.597 0.203 0.692 0.569 0.583 0.602 0.793 0.258 0.369 0.383 0.208 0.419 0.677 0.908 0.940 0.982 0.969 0.971 0.967 0.764 0.645 0.976 1.089 1.071 1.027 1.060 1.008 0.995 0.891 0.784 0.753 0.777 0.890 0.832 0.674 0.947 0.871 0.908 0.802 0.854 0.901 0.684 0.556 0.852 0.907 0.892 0.935 0.872 0.850 0.859 0.790 1.124 0.813 0.847 0.709 0.843 0.849 0.942 0.781
0.000 0.000 0.000 0.143 0.000 0.158 0.366 0.127 0.458 0.676 0.573 0.525 0.000 0.378 0.670 0.529 0.582 0.679 0.499 0.307 0.652 0.830 0.290 0.560 0.345 0.634 0.584 0.281 0.502 0.554 0.468 0.797 0.953 0.944 0.961 0.983 0.947 0.914 0.426 0.945 1.081 0.976 0.968 0.967 1.068 0.971 1.020 0.690 0.724 1.007 0.892 0.735 0.877 0.863 0.677 0.809 0.819 0.913 0.803 0.836 0.566 0.670 0.671 0.888 0.888 0.866 0.889 0.886 0.702 0.755 0.820 0.779 0.752 0.766 0.787 0.818 0.821
0.000 0.000 0.000 0.000 0.000 0.000 0.236 0.386 0.000 0.734 0.616 0.431 0.680 0.192 0.512 0.710 0.641 0.622 0.456 0.617 0.610 0.719 0.843 0.520 0.621 0.361 0.370 0.566 0.892 0.973 0.300 0.730 0.960 1.012 1.001 0.865 1.063 0.871 0.806 0.711 1.095 1.088 1.012 0.947 0.980 1.023 0.742 0.735 0.953 0.978 0.683 0.912 0.892 0.737 0.692 0.866 0.860 0.874 0.802 0.714 0.730 0.816 0.820 0.778 0.846 0.868 0.811 0.822 0.664 0.765 0.747 0.782 0.798 0.812 0.795 0.770 0.842
0.000 0.000 0.000 0.000 0.031 0.000 0.116 0.509 0.177 0.574 0.822 0.604 0.279 0.399 0.361 0.296 0.649 0.600 0.464 0.726 0.606 0.738 0.298 0.517 0.547 0.797 0.889 0.605 0.968 1.062 0.911 0.453 0.748 0.863 1.020 1.007 0.999 1.020 0.791 0.695 1.045 0.939 0.998 1.026 1.026 0.833 0.745 0.973 1.000 0.716 0.706 0.920 0.860 0.871 0.839 0.824 0.932 0.733 0.951 0.941 0.739 0.750 0.586 0.683 0.883 0.934 0.869 0.816 1.027 0.815 0.818 0.806 0.781 0.833 0.805 0.806 0.854
0.000 0.000 0.000 0.000 0.000 0.242 0.460 0.280 0.752 0.488 0.550 0.288 0.088 0.194 0.270 0.621 0.621 0.364 0.582 0.663 0.746 0.469 0.415 0.574 0.979 1.014 1.031 0.730 0.486 1.001 1.029 0.612 0.912 0.789 0.994 1.129 1.039 0.992 0.975 0.685 0.729 1.038 0.950 1.004 0.845 0.783 1.040 0.864 0.843 0.782 0.890 0.908 0.721 0.850 0.863 0.838 0.857 0.782 0.533 0.714 0.804 0.760 0.775 0.619 0.821 0.906 0.843 0.729 0.654 0.796 0.805 0.807 0.818 0.822 0.809 0.822 0.813
0.000 0.000 0.000 0.000 0.052 0.304 0.576 0.670 0.173 0.259 0.228 0.000 0.577 0.618 0.674 0.645 0.347 0.422 0.397 0.636 0.567 0.604 0.773 0.868 1.001 1.048 1.047 0.922 0.683 1.036 1.104 0.964 0.659 0.792 0.981 0.991 1.061 0.988 1.024 0.849 0.790 0.911 0.984 0.876 0.786 1.024 0.974 0.905 0.694 0.940 0.923 0.775 0.630 0.800 0.796 0.827 0.782 0.730 0.890 0.824 0.864 0.660 0.757 0.670 0.601 0.828 0.828 0.823 0.859 0.836 0.847 0.845 0.852 0.811 0.863 0.797 0.834
0.000 0.000 0.000 0.000 0.056 0.324 0.499 0.582 0.116 0.195 0.193 0.307 0.548 0.527 0.623 0.632 0.328 0.406 0.604 0.695 0.740 0.756 0.766 0.856 1.071 0.977 1.076 1.136 0.792 0.759 0.933 1.078 0.623 1.035 1.025 0.957 1.013 1.101 1.032 0.955 0.658 0.636 0.762 0.781 0.855 0.997 0.949 0.770 0.847 0.942 0.845 0.626 0.845 0.832 0.783 0.831 0.740 0.914 0.900 0.869 0.675 0.794 0.736 0.822 0.578 0.828 0.799 0.982 0.944 0.835 0.822 0.859 0.852 0.934 0.860 0.921 0.887
0.000 0.000 0.000 0.000 0.140 0.267 0.347 0.486 0.315 0.311 0.219 0.303 0.819 0.600 0.475 0.172 0.175 0.354 0.569 0.953 0.638 0.867 0.849 0.740 0.975 1.068 1.074 0.987 1.030 0.766 1.054 1.052 0.966 0.787 0.892 1.051 0.971 0.939 1.124 0.917 0.891 0.889 0.799 0.865 0.905 1.041 0.811 0.816 0.941 0.873 0.693 0.766 0.828 0.827 0.794 0.654 0.991 0.827 0.719 0.973 0.779 0.814 0.622 0.681 0.617 0.743 0.717 0.827 0.880 0.901 0.868 0.848 0.875 0.876 0.883 0.898 0.959
0.000 0.000 0.000 0.000 0.167 0.284 0.122 0.344 0.356 0.000 0.544 0.530 0.516 0.649 0.503 0.332 0.401 0.137 0.987 0.649 0.772 0.981 0.877 0.835 0.819 1.063 1.027 1.040 0.999 0.857 0.607 0.951 1.033 0.860 0.847 0.654 1.013 1.027 1.042 1.064 0.770 0.663 1.037 0.867 1.067 0.824 0.830 0.949 0.980 0.834 0.683 0.829 0.891 0.821 0.828 0.732 0.838 0.950 0.819 0.783 0.704 0.655 0.748 0.700 0.823 0.642 0.762 0.754 0.851 0.873 0.822 0.884 0.896 0.913 0.881 0.937 0.953
0.000 0.000 0.000 0.000 0.057 0.180 0.246 0.344 0.056 0.014 0.539 0.742 0.581 0.353 0.518 0.566 0.186 0.671 0.928 0.831 0.828 0.886 0.932 0.873 0.855 0.863 1.040 1.021 1.037 0.986 0.794 0.992 0.991 0.977 0.680 0.911 1.037 1.068 1.046 1.047 1.005 0.851 0.644 0.875 0.994 0.797 0.996 0.961 0.923 0.727 0.819 0.851 0.855 0.886 0.593 0.784 0.898 0.894 0.619 0.608 0.819 0.785 0.624 0.636 0.651 0.806 0.456 0.785 0.589 0.971 0.842 0.822 0.925 0.993 0.933 0.957 1.012
0.000 0.000 0.000 0.000 0.000 0.070 0.150 0.313 0.176 0.379 0.762 0.764 0.815 0.495 0.283 0.781 0.767 0.751 0.947 0.919 0.690 0.922 0.881 1.003 0.957 0.852 1.053 1.057 0.982 1.012 0.866 0.589 0.950 1.048 0.820 0.819 0.796 0.981 1.012 1.049 1.035 0.845 0.556 0.701 0.709 0.971 0.946 0.970 0.767 0.707 0.839 0.828 0.882 0.832 0.653 0.722 0.799 0.817 0.879 0.882 0.759 0.700 0.679 0.749 0.871 0.786 0.491 0.802 0.581 0.681 0.827 0.772 0.643 0.621 1.031 0.827 0.883
0.000 0.000 0.000 0.000 0.000 0.000 0.058 0.000 0.002 0.751 0.733 0.774 0.758 0.801 0.525 0.532 0.698 0.847 0.958 0.914 0.883 0.979 0.909 0.971 0.970 0.901 0.894 1.029 0.997 0.971 0.994 0.805 0.925 0.983 0.941 0.694 0.913 0.976 0.974 0.970 1.059 0.864 0.859 0.762 0.762 1.005 0.942 0.839 0.742 0.839 0.818 0.809 0.821 0.686 0.754 0.838 0.811 0.819 0.842 0.667 0.526 0.793 0.847 0.758 0.718 0.755 0.752 0.710 0.774 0.815 0.810 0.823 0.842 0.837 0.839 0.877 0.823
0.000 0.000 0.000 0.000 0.000 0.000 0.000 0.215 0.663 0.766 0.700 0.656 0.661 0.778 0.557 0.545 0.686 0.859 1.002 0.987 0.938 0.839 0.886 0.953 0.968 0.991 0.815 1.025 1.024 1.087 1.014 1.041 0.672 0.994 1.040 0.911 0.674 0.639 1.068 0.990 0.853 0.946 0.788 0.597 0.715 0.917 0.906 0.550 0.803 0.806 0.787 0.814 0.794 0.516 0.628 0.816 0.791 0.807 0.803 0.779 0.787 0.717 0.668 0.638 0.763 0.853 0.745 0.552 0.696 0.810 0.840 0.827 0.829 0.866 0.878 0.878 0.893
0.000 0.000 0.000 0.000 0.000 0.000 0.000 0.282 0.745 0.738 0.793 0.659 0.697 0.776 0.602 0.443 0.744 0.943 1.000 0.993 1.043 1.094 0.859 1.007 0.964 0.954 0.923 0.888 1.072 1.017 0.953 1.091 0.950 0.897 1.013 0.960 0.654 0.829 0.799 0.839 0.903 0.985 0.912 0.770 0.886 0.907 0.672 0.659 0.829 0.787 0.791 0.834 0.675 0.758 0.669 0.833 0.824 0.824 0.852 0.773 0.568 0.506 0.750 0.780 0.695 0.699 0.683 0.909 0.932 0.818 0.829 0.863 0.790 0.840 0.847 0.868 0.874
0.000 0.000 0.000 0.000 0.000 0.000 0.000 0.560 0.734 0.695 0.787 0.803 0.814 0.668 0.510 0.739 0.668 0.834 1.038 0.985 0.982 1.033 0.869 0.984 0.972 0.997 0.997 0.944 1.109 1.057 1.017 1.060 1.016 0.632 0.966 0.989 0.998 0.735 0.908 0.926 0.947 0.997 0.932 0.773 0.540 0.594 0.590 0.807 0.817 0.811 0.810 0.694 0.570 0.641 0.701 0.757 0.939 0.776 0.817 0.733 0.625 0.828 0.721 0.656 0.613 0.776 0.802 0.771 0.580 0.742 0.837 0.830 0.850 0.788 0.822 0.814 0.823
0.000 0.000 0.000 0.000 0.000 0.000 0.532 0.759 0.765 0.672 0.816 0.799 0.885 0.732 0.512 0.936 0.819 0.703 1.016 1.011 0.934 1.010 0.914 0.900 0.962 0.975 0.920 1.042 0.855 1.087 1.062 1.024 1.066 0.866 0.847 1.028 0.946 0.583 0.896 0.863 0.891 0.944 0.950 0.953 0.796 0.684 0.672 0.829 0.795 0.842 0.853 0.596 0.683 0.733 0.662 0.687 0.755 0.772 0.711 0.760 0.787 0.604 0.488 0.770 0.863 0.758 0.657 0.633 0.815 0.931 0.772 0.815 0.876 0.840 0.855 0.792 0.895
0.000 0.000 0.000 0.000 0.000 0.000 0.620 0.721 0.727 0.759 0.806 0.848 0.811 0.418 0.724 0.989 1.053 0.696 0.887 1.006 0.996 0.988 0.982 1.000 0.903 1.022 0.921 1.041 0.709 1.068 1.032 1.107 1.028 0.879 0.634 0.909 1.051 0.624 0.659 0.527 0.922 0.907 0.987 0.936 0.684 0.519 0.573 0.740 0.801 0.827 0.782 0.572 0.747 0.834 0.750 0.843 0.781 0.783 0.606 0.728 0.796 0.825 0.387 0.829 0.574 0.774 0.738 0.907 0.819 0.654 0.605 0.855 0.831 0.837 0.827 0.831 0.795
0.000 0.000 0.000 0.000 0.000 0.000 0.231 0.665 0.836 0.768 0.869 0.861 0.696 0.806 0.910 1.021 0.954 0.820 0.824 1.036 1.030 1.030 0.991 0.897 0.715 1.028 0.973 1.003 0.914 0.890 1.003 1.076 1.086 1.044 0.811 0.599 0.553 0.723 0.776 0.825 0.888 0.910 0.848 0.844 0.798 0.845 0.869 0.735 0.899 0.803 0.660 0.745 0.822 0.821 0.762 0.782 0.597 0.583 0.721 0.810 0.825 0.805 0.525 0.599 0.876 0.804 0.864 0.703 0.671 0.842 1.009 0.791 0.791 0.776 0.868 0.859 0.794
0.000 0.000 0.000 0.000 0.000 0.000 0.276 0.512 0.596 1.005 1.116 0.949 0.607 0.684 0.992 1.062 1.032 0.999 0.719 0.845 0.976 0.970 1.006 0.945 0.993 0.925 0.965 1.020 0.955 0.821 1.033 1.042 1.083 1.055 0.964 0.652 0.820 0.882 0.924 0.951 0.661 0.973 0.857 0.694 0.812 0.518 0.559 0.550 0.820 0.729 0.594 0.772 0.802 0.786 0.808 0.832 0.714 0.577 0.798 0.779 0.815 0.668 0.570 0.636 0.820 0.691 0.783 0.786 0.730 0.809 0.623 0.693 0.841 0.840 0.856 0.818 0.815
0.000 0.000 0.000 0.000 0.000 0.000 0.000 0.240 0.830 0.853 0.810 0.983 0.341 0.885 1.062 1.099 1.046 1.015 0.878 0.788 1.005 0.953 1.002 0.935 0.892 0.849 0.996 1.031 1.004 0.900 0.861 1.036 1.045 1.159 1.120 1.070 0.959 0.975 0.908 0.900 0.728 0.579 0.843 0.760 0.897 0.764 0.917 0.737 0.736 0.634 0.720 0.861 0.840 0.819 0.810 0.726 0.697 0.788 0.823 0.778 0.638 0.609 0.896 0.995 0.684 0.839 1.060 0.849 0.642 0.705 0.815 0.872 0.822 0.828 0.861 0.801 0.781
0.000 0.000 0.000 0.000 0.000 0.432 0.635 0.321 0.907 0.871 0.825 0.888 0.438 0.819 1.025 1.039 1.023 0.987 1.011 0.707 0.769 0.932 0.927 0.939 0.980 0.926 0.984 1.024 1.024 0.999 0.844 0.962 1.098 1.154 1.034 1.022 1.001 0.907 0.879 0.852 0.909 0.675 0.882 0.860 0.832 0.843 0.617 0.520 0.587 0.548 0.717 0.897 0.873 0.865 0.823 0.741 0.836 0.826 0.776 0.611 0.396 0.987 0.929 0.915 0.756 0.846 0.679 0.708 0.788 0.653 0.816 0.627 0.539 0.796 0.824 0.850 0.820
0.000 0.000 0.000 0.000 0.000 0.393 0.718 0.800 0.827 0.949 1.139 0.816 0.566 0.900 1.064 1.012 0.989 1.014 0.948 0.786 0.784 0.945 0.965 0.996 0.952 0.941 0.842 0.989 0.967 0.980 0.890 0.806 1.032 1.022 0.997 0.882 0.974 0.872 0.925 1.010 0.914 0.760 0.805 0.866 0.878 0.842 0.844 0.708 0.873 0.710 0.928 0.890 0.814 0.889 0.667 0.787 0.735 0.861 0.740 0.498 0.994 0.925 0.936 0.909 0.431 0.372 0.820 0.886 0.869 0.695 0.660 0.785 0.555 0.799 0.801 0.823 0.807
0.000 0.000 0.000 0.000 0.000 0.575 0.828 0.744 0.859 0.984 1.048 0.598 0.636 0.908 0.976 0.996 0.948 1.029 0.899 0.994 0.636 0.810 0.980 0.950 0.971 1.004 0.953 1.034 1.039 0.989 1.042 0.907 0.962 0.999 0.898 0.954 0.794 0.903 0.964 0.940 0.953 0.943 0.663 0.893 0.848 0.873 0.829 0.685 0.517 0.583 0.877 0.917 0.870 0.739 0.756 0.810 0.827 0.690 0.621 0.882 0.954 0.932 0.913 0.796 0.334 0.559 0.919 0.621 0.803 0.840 0.655 0.694 0.756 0.532 0.753 0.789 0.790
0.000 0.000 0.000 0.000 0.000 0.596 0.913 0.993 0.922 0.953 0.988 0.358 0.785 1.034 1.086 0.999 1.063 0.943 0.981 0.932 0.761 0.696 0.944 0.975 1.004 1.014 0.981 0.823 1.021 0.958 1.004 0.957 0.755 0.906 0.847 0.820 0.838 0.725 0.788 0.924 0.926 0.855 0.764 0.725 0.861 0.937 0.975 0.837 0.859 0.718 0.973 0.957 0.814 0.753 0.821 0.921 0.587 0.556 0.866 0.903 0.891 0.918 0.758 0.534 0.740 0.861 0.677 0.804 0.741 0.769 0.745 0.576 0.809 0.690 0.760 0.813 0.821
0.000 0.000 0.000 0.000 0.000 0.294 0.660 0.905 1.236 1.054 0.870 0.494 0.861 0.957 1.096 0.981 0.980 0.910 0.920 0.948 0.977 0.600 0.782 0.949 1.007 0.980 0.967 1.089 1.006 1.009 1.016 0.906 0.821 0.780 0.766 0.750 0.855 0.771 0.771 0.901 0.934 0.857 0.867 0.780 0.877 0.897 0.883 0.925 0.657 0.661 0.738 0.937 0.831 0.898 0.911 0.502 0.758 0.825 0.914 0.913 0.868 0.879 0.687 0.728 0.796 0.759 0.704 0.764 0.696 0.644 0.803 0.652 0.768 0.742 0.534 0.826 0.878
0.000 0.000 0.000 0.059 0.567 0.055 0.488 0.320 0.511 0.841 0.758 0.327 0.869 1.002 1.035 1.069 0.935 1.040 0.895 0.918 0.931 0.809 0.802 0.928 1.063 1.022 0.944 0.983 0.789 1.018 0.949 0.888 1.092 0.840 0.728 0.952 0.931 0.911 0.683 0.785 0.961 0.914 0.915 0.857 0.677 0.840 0.863 0.934 0.838 0.765 0.739 0.802 0.905 0.924 0.824 0.782 0.911 0.769 0.900 0.733 0.803 0.666 0.776 0.764 0.732 0.759 0.748 0.673 0.822 0.792 0.814 0.745 0.652 0.776 0.588 0.684 0.807
0.000 0.000 0.000 0.615 0.597 0.840 0.888 0.860 0.968 0.980 0.112 0.367 0.821 0.944 0.998 0.990 0.968 0.976 1.025 0.906 0.973 0.987 0.728 0.807 0.942 0.920 0.916 0.908 1.073 0.809 0.923 0.673 0.869 0.877 0.572 0.844 0.868 0.880 0.791 0.690 0.962 0.959 0.952 0.899 0.826 0.877 0.904 0.867 0.903 0.630 0.556 0.582 0.916 0.672 0.703 0.892 0.537 0.846 0.498 0.577 0.515 0.748 0.749 0.775 0.725 0.659 0.772 0.845 0.880 0.697 0.691 0.788 0.613 0.599 0.706 0.757 0.853
0.000 0.000 0.000 0.622 0.779 1.020 1.016 1.075 1.003 0.887 0.535 0.642 0.920 1.024 0.903 1.006 1.038 0.960 0.904 0.928 0.946 0.967 0.833 0.744 0.921 0.955 0.886 0.967 0.955 0.987 0.798 0.886 0.864 0.971 0.750 0.714 0.899 0.878 0.836 0.742 0.678 0.857 0.920 0.856 0.805 0.627 0.909 0.873 0.801 0.788 0.837 0.734 0.561 0.819 0.881 0.903 0.932 0.838 0.686 0.877 0.836 0.617 0.758 0.779 0.716 0.722 0.763 0.745 0.712 0.830 0.750 0.645 0.713 0.694 0.818 0.861 0.900
0.000 0.000 0.140 0.736 0.767 1.019 1.035 1.103 1.094 0.902 0.354 0.715 1.107 0.977 0.947 0.975 0.988 0.884 1.004 0.913 0.953 0.943 1.008 0.727 0.813 0.996 0.949 0.937 0.955 0.915 0.904 0.880 0.887 1.024 0.985 0.669 0.954 0.817 0.835 0.827 0.751 0.908 0.878 0.958 0.938 0.731 0.785 0.871 0.825 0.864 0.586 0.502 0.805 0.827 0.958 0.872 0.973 0.748 0.849 0.868 0.885 0.686 0.766 0.716 0.792 0.781 0.788 0.815 0.842 0.584 0.681 0.739 0.906 1.042 0.910 0.882 0.815
0.000 0.000 0.372 0.601 0.905 0.966 1.137 1.048 1.136 0.747 0.515 0.860 0.981 0.968 0.954 0.939 1.026 0.956 0.979 1.009 0.993 0.982 0.961 0.827 0.782 0.976 0.933 0.974 0.956 0.843 0.612 0.859 0.933 0.929 0.867 0.791 0.767 0.904 0.851 0.859 0.754 0.793 0.974 0.971 0.962 0.986 0.640 0.917 0.881 0.839 0.839 0.681 0.620 0.913 0.776 0.885 0.840 0.875 0.905 0.904 0.837 0.811 0.759 0.750 0.733 0.714 0.753 0.699 0.724 0.591 0.594 0.825 0.943 0.839 0.774 0.713 0.775
0.000 0.000 0.511 0.296 0.858 1.017 1.025 1.023 0.854 0.479 0.810 0.853 0.928 1.041 0.967 0.885 0.958 0.916 0.942 0.963 0.991 0.961 0.962 1.017 0.734 0.738 0.855 0.842 0.796 0.841 0.814 0.904 0.943 0.924 0.888 0.998 0.660 0.838 0.832 0.859 0.830 0.769 0.895 0.963 0.935 0.955 0.734 0.744 0.886 0.912 0.843 0.575 0.497 0.316 0.798 0.848 0.862 0.940 0.889 0.962 0.871 0.829 0.720 0.679 0.742 0.781 0.776 0.710 0.808 0.789 0.835 0.758 0.799 0.836 0.692 0.791 0.823
0.000 0.000 0.658 0.812 0.974 0.751 0.960 0.906 0.597 0.454 0.765 0.978 0.910 1.004 0.968 0.993 0.969 1.002 1.029 1.021 0.943 1.001 1.008 0.929 0.749 0.650 0.913 0.890 0.918 0.924 0.912 0.578 0.908 0.891 0.853 1.005 0.733 0.747 0.885 0.867 0.881 0.761 0.693 0.983 0.973 0.965 0.930 0.684 0.875 0.820 0.849 0.815 0.832 0.913 0.817 0.899 0.926 0.950 0.891 0.917 0.921 0.962 0.815 0.881 0.716 0.636 0.815 0.826 0.858 0.845 0.617 0.617 0.618 0.693 0.713 0.816 0.742
