includes/estuary_coast/floodfiles/results/res-0011.wdfp
ncols         730
nrows         472
xllcorner     380617.130607059982140
yllcorner     6542069.774948899634182
cellsize      20.000000000000000
NODATA_value  -9999.000000
[rows 136 to 169 of 472, columns 77 to 153 of 730]
0.013 0.030 0.070 0.133 0.086 0.026 0.000 0.000 0.001 0.000 0.000 0.092 0.013 0.087 0.121 0.006 0.092 0.177 0.140 0.001 0.008 0.013 0.000 0.314 0.029 0.000 0.104 0.000 0.108 0.014 0.006 0.002 0.071 0.116 0.392 0.002 0.043 0.005 0.031 0.055 0.015 0.015 0.005 1.294 1.616 1.899 2.312 2.730 3.167 3.413 3.442 3.361 3.329 3.474 3.597 3.713 3.759 3.776 3.789 3.823 3.922 3.983 4.035 4.039 3.996 3.932 3.881 3.832 3.650 3.436 3.296 3.227 3.274 3.001 2.459 1.919 1.543
0.002 0.006 0.018 0.016 0.017 0.078 0.000 0.000 0.000 0.000 0.000 0.000 0.098 0.000 0.099 0.061 0.284 0.126 0.169 0.004 0.006 0.008 0.147 0.726 0.000 0.000 0.000 0.000 0.022 0.040 0.107 0.081 0.043 0.273 0.078 0.012 0.002 0.005 0.012 0.046 0.027 0.008 0.007 1.062 1.267 1.700 2.035 2.405 2.803 3.062 3.187 3.198 3.247 3.452 3.621 3.771 3.822 3.784 3.786 3.813 3.947 3.997 4.021 4.029 3.994 3.963 3.947 3.927 3.778 3.606 3.420 3.485 3.650 3.489 2.819 2.073 1.636
0.024 0.003 0.011 0.000 0.000 0.038 0.105 0.000 0.001 0.001 0.002 0.000 0.006 0.134 0.113 0.083 0.073 0.055 0.052 0.000 0.000 0.069 0.321 0.069 0.001 0.003 0.000 0.038 0.046 0.113 0.004 0.003 0.130 0.464 0.002 0.003 0.000 0.044 0.069 0.002 0.118 0.107 0.020 0.012 0.943 1.283 1.596 2.034 2.413 2.700 2.830 3.009 3.129 3.383 3.571 3.729 3.792 3.758 3.769 3.793 3.935 3.979 3.988 4.000 3.976 4.003 4.041 4.069 3.960 3.755 3.511 3.510 3.616 3.488 2.897 2.222 1.844
0.022 0.088 0.000 0.152 0.047 0.019 0.061 0.078 0.068 0.001 0.000 0.000 0.019 0.004 0.151 0.034 0.136 0.195 0.000 0.162 0.016 0.208 0.227 0.100 0.000 0.000 0.000 0.008 0.031 0.080 0.045 0.120 0.450 0.017 0.007 0.075 0.164 0.027 0.000 0.024 0.049 0.064 0.015 0.136 0.005 0.947 1.255 1.568 2.026 2.258 2.440 2.704 2.978 3.175 3.445 3.591 3.673 3.673 3.731 3.761 3.820 3.879 3.964 3.985 4.016 4.054 4.147 4.232 4.167 3.916 3.684 3.537 3.404 3.265 2.741 2.375 1.977
0.093 0.059 0.067 0.060 0.025 0.072 0.012 0.013 0.058 0.016 0.003 0.028 0.006 0.011 0.000 0.234 0.060 0.058 0.053 0.037 0.179 0.450 0.087 0.059 0.254 0.006 0.040 0.086 0.092 0.146 0.024 0.094 0.177 0.065 0.001 0.163 0.161 0.000 0.021 0.033 0.016 0.041 0.176 0.096 0.006 0.587 0.968 1.348 1.622 1.941 2.149 2.352 2.777 3.082 3.262 3.403 3.515 3.559 3.674 3.727 3.786 3.846 3.973 3.980 4.012 4.056 4.181 4.296 4.262 4.041 3.797 3.639 3.528 3.186 2.922 2.630 2.378
0.053 0.000 0.000 0.168 0.067 0.029 0.028 0.024 0.057 0.060 0.041 0.037 0.052 0.000 0.000 0.025 0.252 0.009 0.033 0.054 0.385 0.000 0.090 0.026 0.032 0.000 0.001 0.110 0.098 0.058 0.011 0.322 0.062 0.028 0.016 0.025 0.037 0.005 0.035 0.000 0.024 0.078 0.120 0.060 0.057 0.009 0.753 1.115 1.355 1.549 1.756 1.974 2.323 2.767 3.013 3.203 3.313 3.402 3.573 3.687 3.760 3.826 3.991 4.018 4.064 4.079 4.159 4.229 4.186 4.064 3.860 3.691 3.464 3.255 3.060 2.922 2.956
0.000 0.075 0.046 0.037 0.024 0.115 0.000 0.048 0.141 0.137 0.058 0.114 0.000 0.037 0.070 0.037 0.048 0.111 0.056 0.436 0.021 0.026 0.098 0.031 0.105 0.005 0.146 0.105 0.055 0.063 0.199 0.352 0.017 0.056 0.075 0.030 0.000 0.004 0.016 0.074 0.129 0.100 0.051 0.034 0.058 0.006 0.566 0.852 1.097 1.267 1.465 1.700 2.124 2.493 2.701 2.910 3.053 3.287 3.505 3.604 3.700 3.783 3.944 4.014 4.055 4.100 4.144 4.145 4.102 4.035 3.890 3.817 3.735 3.533 3.293 3.219 3.391
0.046 0.014 0.000 0.003 0.017 0.000 0.322 0.119 0.065 0.006 0.299 0.142 0.057 0.122 0.028 0.071 0.047 0.162 0.434 0.068 0.160 0.060 0.078 0.047 0.019 0.076 0.145 0.110 0.170 0.000 0.295 0.156 0.102 0.034 0.028 0.001 0.000 0.000 0.128 0.135 0.188 0.174 0.002 0.044 0.105 0.042 0.505 0.682 0.762 0.868 1.156 1.474 1.880 2.221 2.461 2.750 2.913 3.075 3.345 3.589 3.721 3.827 3.880 3.975 4.049 4.092 4.123 4.085 4.070 4.032 3.937 3.929 3.897 3.704 3.500 3.307 3.345
0.039 0.093 0.002 0.000 0.038 0.004 0.027 0.161 0.171 0.059 0.036 0.053 0.035 0.048 0.004 0.018 0.026 0.026 0.021 0.281 0.204 0.290 0.233 0.208 0.122 0.057 0.047 0.077 0.177 0.100 0.506 0.077 0.006 0.017 0.022 0.003 0.020 0.038 0.005 0.143 0.076 0.056 0.105 0.057 0.062 0.014 0.447 0.521 0.503 0.549 0.773 1.137 1.612 2.070 2.340 2.627 2.793 2.977 3.284 3.514 3.788 3.904 3.940 3.987 4.013 4.099 4.135 4.104 4.092 4.059 4.046 4.051 4.087 3.905 3.626 3.421 3.171
0.077 0.012 0.000 0.000 0.000 0.021 0.047 0.020 0.008 0.031 0.050 0.000 0.130 0.083 0.102 0.057 0.027 0.000 0.011 0.101 0.136 0.152 0.065 0.065 0.123 0.057 0.056 0.123 0.066 0.086 0.110 0.010 0.088 0.025 0.005 0.136 0.000 0.024 0.165 0.076 0.075 0.002 0.017 0.079 0.060 0.074 0.008 0.357 0.237 0.221 0.477 0.902 1.469 1.897 2.374 2.547 2.684 2.868 3.206 3.522 3.808 3.998 4.012 4.009 4.035 4.088 4.152 4.196 4.159 4.106 4.075 4.109 4.142 3.980 3.707 3.433 3.268
0.065 0.019 0.040 0.006 0.006 0.097 0.000 0.021 0.000 0.022 0.022 0.072 0.022 0.127 0.041 0.146 0.029 0.096 0.023 0.018 0.008 0.016 0.001 0.235 0.373 0.149 0.117 0.240 0.084 0.252 0.102 0.165 0.021 0.006 0.000 0.012 0.036 0.083 0.104 0.054 0.066 0.088 0.142 0.162 0.108 0.069 0.136 0.020 0.087 0.034 0.275 0.769 1.413 1.913 2.319 2.515 2.592 2.747 3.104 3.461 3.794 3.999 4.021 4.010 4.046 4.133 4.243 4.304 4.293 4.202 4.140 4.115 4.069 3.902 3.736 3.504 3.354
0.013 0.023 0.000 0.006 0.000 0.000 0.035 0.052 0.055 0.008 0.007 0.007 0.050 0.098 0.000 0.031 0.092 0.074 0.442 0.001 0.001 0.006 0.116 0.059 0.182 0.110 0.098 0.197 0.092 0.153 0.000 0.000 0.062 0.062 0.000 0.013 0.024 0.090 0.073 0.049 0.148 0.220 0.210 0.049 0.127 0.063 0.021 0.115 0.000 0.082 0.319 0.793 1.437 1.962 2.336 2.512 2.542 2.690 2.983 3.335 3.651 3.850 3.900 3.987 4.050 4.168 4.324 4.414 4.367 4.253 4.163 4.112 4.076 3.992 3.828 3.687 3.592
0.027 0.016 0.149 0.033 0.028 0.090 0.008 0.000 0.000 0.006 0.033 0.013 0.026 0.116 0.061 0.014 0.026 0.059 0.000 0.017 0.007 0.000 0.002 0.082 0.165 0.109 0.108 0.198 0.150 0.154 0.003 0.001 0.130 0.132 0.000 0.045 0.047 0.022 0.133 0.128 0.033 0.113 0.094 0.062 0.071 0.000 0.050 0.005 0.005 0.002 0.545 0.933 1.495 1.967 2.329 2.504 2.527 2.620 2.902 3.196 3.462 3.646 3.744 3.952 4.036 4.159 4.309 4.390 4.348 4.256 4.178 4.126 4.082 4.001 3.889 3.881 3.854
0.016 0.046 0.082 0.012 0.008 0.058 0.092 0.012 0.014 0.042 0.047 0.017 0.077 0.000 0.105 0.038 0.037 0.303 0.065 0.000 0.000 0.000 0.000 0.178 0.104 0.101 0.172 0.072 0.299 0.252 0.031 0.000 0.080 0.000 0.000 0.092 0.103 0.088 0.210 0.097 0.087 0.000 0.054 0.105 0.107 0.159 0.062 0.000 0.000 0.001 0.045 1.057 1.514 1.890 2.201 2.385 2.481 2.606 2.852 3.079 3.295 3.469 3.695 3.799 4.001 4.109 4.204 4.263 4.267 4.238 4.197 4.160 4.120 4.026 3.984 3.981 4.006
0.004 0.014 0.000 0.002 0.024 0.066 0.000 0.045 0.016 0.011 0.000 0.000 0.017 0.108 0.003 0.102 0.189 0.085 0.040 0.013 0.000 0.001 0.015 0.229 0.087 0.122 0.167 0.018 0.119 0.081 0.018 0.088 0.051 0.051 0.050 0.060 0.124 0.079 0.245 0.116 0.001 0.000 0.086 0.054 0.180 0.060 0.034 0.156 0.000 0.153 0.033 0.000 1.382 1.675 1.940 2.129 2.256 2.501 2.636 2.901 3.089 3.261 3.418 3.643 3.869 3.968 4.093 4.148 4.196 4.205 4.249 4.208 4.135 4.065 4.007 3.979 3.987
0.011 0.010 0.001 0.000 0.013 0.020 0.070 0.000 0.076 0.031 0.000 0.004 0.004 0.041 0.034 0.130 0.060 0.050 0.000 0.000 0.109 0.000 0.014 0.163 0.002 0.223 0.142 0.161 0.215 0.097 0.000 0.000 0.056 0.010 0.181 0.208 0.209 0.103 0.223 0.045 0.149 0.030 0.048 0.053 0.070 0.069 0.056 0.077 0.090 0.784 0.000 0.072 0.000 1.488 1.707 1.922 2.063 2.282 2.410 2.674 2.947 3.126 3.413 3.571 3.800 3.887 3.961 4.029 4.169 4.223 4.273 4.289 4.235 4.151 4.037 4.002 3.934
0.106 0.000 0.021 0.031 0.000 0.009 0.061 0.096 0.038 0.038 0.116 0.001 0.000 0.019 0.016 0.043 0.011 0.080 0.069 0.023 0.011 0.134 0.032 0.031 0.002 0.010 0.131 0.264 0.093 0.059 0.077 0.006 0.037 0.012 0.039 0.066 0.242 0.076 0.042 0.017 0.031 0.053 0.034 0.040 0.098 0.019 0.013 0.035 0.916 0.037 0.000 0.000 0.006 1.078 1.493 1.693 1.875 2.147 2.290 2.428 2.678 2.880 3.313 3.524 3.683 3.848 3.903 4.000 4.079 4.216 4.308 4.343 4.282 4.192 4.095 4.029 3.982
0.148 0.070 0.000 0.049 0.000 0.007 0.030 0.001 0.011 0.000 0.002 0.000 0.087 0.025 0.000 0.055 0.000 0.004 0.052 0.036 0.015 0.059 0.009 0.060 0.016 0.017 0.034 0.139 0.166 0.075 0.116 0.182 0.110 0.128 0.040 0.088 0.106 0.068 0.006 0.103 0.012 0.136 0.196 0.005 0.062 0.011 0.079 0.651 0.048 0.026 0.000 0.046 0.015 0.006 1.121 1.366 1.720 2.026 2.176 2.291 2.498 2.808 3.117 3.510 3.739 3.842 3.888 3.954 4.046 4.150 4.284 4.317 4.299 4.229 4.189 4.091 4.047
0.004 0.033 0.017 0.000 0.093 0.015 0.000 0.035 0.000 0.025 0.037 0.012 0.040 0.002 0.000 0.091 0.022 0.102 0.026 0.019 0.061 0.073 0.006 0.060 0.018 0.014 0.038 0.008 0.050 0.299 0.074 0.026 0.256 0.120 0.043 0.143 0.103 0.001 0.114 0.079 0.069 0.065 0.090 0.079 0.085 0.000 0.286 0.010 0.057 0.070 0.037 0.050 0.015 0.024 0.005 1.142 1.566 1.940 2.102 2.174 2.263 2.604 2.998 3.424 3.795 3.914 3.894 3.923 4.000 4.096 4.174 4.249 4.286 4.283 4.279 4.206 4.118
0.008 0.005 0.079 0.008 0.000 0.045 0.000 0.000 0.016 0.000 0.013 0.058 0.017 0.002 0.000 0.035 0.000 0.013 0.002 0.106 0.004 0.024 0.000 0.053 0.044 0.000 0.053 0.015 0.007 0.156 0.045 0.147 0.093 0.143 0.289 0.166 0.097 0.159 0.173 0.138 0.039 0.120 0.052 0.042 0.021 0.561 0.068 0.123 0.031 0.008 0.006 0.010 0.035 0.000 0.000 0.003 1.438 1.800 2.073 2.117 2.148 2.411 2.824 3.316 3.678 3.872 3.879 3.898 3.963 4.052 4.122 4.211 4.292 4.318 4.346 4.301 4.195
0.016 0.000 0.004 0.170 0.063 0.020 0.000 0.000 0.000 0.000 0.001 0.002 0.011 0.083 0.000 0.028 0.000 0.001 0.004 0.065 0.060 0.059 0.138 0.114 0.038 0.054 0.040 0.202 0.000 0.000 0.058 0.100 0.058 0.253 0.135 0.116 0.062 0.148 0.051 0.117 0.209 0.044 0.134 0.039 0.713 0.350 0.000 0.009 0.000 0.042 0.104 0.016 0.042 0.015 0.022 0.008 0.005 1.728 1.998 2.111 2.144 2.360 2.706 3.137 3.448 3.607 3.777 3.819 3.897 4.026 4.087 4.194 4.250 4.360 4.425 4.411 4.268
0.009 0.008 0.006 0.003 0.003 0.015 0.014 0.000 0.034 0.000 0.000 0.002 0.033 0.044 0.028 0.086 0.000 0.001 0.005 0.032 0.041 0.013 0.137 0.059 0.062 0.133 0.096 0.013 0.000 0.003 0.000 0.186 0.052 0.275 0.065 0.103 0.215 0.121 0.134 0.025 0.150 0.092 0.143 0.952 0.000 0.007 0.043 0.012 0.001 0.023 0.001 0.001 0.014 0.000 0.015 0.000 0.000 0.003 1.942 2.070 2.161 2.368 2.613 2.890 3.190 3.375 3.582 3.791 3.897 3.979 4.034 4.130 4.243 4.326 4.427 4.421 4.314
0.000 0.088 0.007 0.000 0.004 0.010 0.021 0.007 0.000 0.000 0.000 0.001 0.028 0.000 0.017 0.004 0.014 0.104 0.047 0.023 0.078 0.013 0.003 0.000 0.081 0.076 0.117 0.072 0.028 0.003 0.000 0.013 0.162 0.076 0.131 0.107 0.004 0.259 0.199 0.159 0.152 0.224 0.654 0.142 0.067 0.000 0.002 0.005 0.002 0.028 0.003 0.024 0.018 0.108 0.008 0.140 0.006 0.004 0.006 1.905 2.104 2.326 2.494 2.748 2.961 3.174 3.480 3.779 3.948 4.046 4.067 4.115 4.161 4.278 4.370 4.374 4.295
0.000 0.000 0.001 0.001 0.005 0.002 0.083 0.093 0.000 0.000 0.000 0.000 0.001 0.137 0.043 0.106 0.113 0.010 0.033 0.010 0.024 0.156 0.068 0.116 0.030 0.105 0.107 0.010 0.140 0.043 0.046 0.029 0.015 0.082 0.234 0.033 0.121 0.038 0.056 0.134 0.661 0.164 0.119 0.131 0.000 0.037 0.087 0.000 0.010 0.119 0.092 0.007 0.004 0.002 0.005 0.005 0.016 0.006 0.003 1.610 1.847 2.091 2.258 2.407 2.605 2.866 3.352 3.689 4.021 4.154 4.122 4.108 4.146 4.201 4.351 4.350 4.334
0.000 0.000 0.000 0.000 0.004 0.003 0.003 0.000 0.040 0.016 0.037 0.114 0.023 0.025 0.106 0.067 0.020 0.000 0.000 0.019 0.064 0.010 0.016 0.056 0.024 0.052 0.008 0.049 0.090 0.056 0.065 0.003 0.020 0.024 0.217 0.117 0.109 0.067 0.169 0.726 0.119 0.000 0.052 0.006 0.006 0.000 0.002 0.009 0.005 0.036 0.000 0.021 0.000 0.000 0.008 0.015 0.011 0.000 0.000 0.008 1.674 1.791 2.023 2.107 2.282 2.663 3.068 3.585 3.963 4.161 4.124 4.094 4.118 4.168 4.283 4.295 4.341
0.000 0.014 0.033 0.006 0.040 0.004 0.003 0.008 0.031 0.055 0.031 0.017 0.004 0.002 0.025 0.006 0.057 0.195 0.000 0.000 0.053 0.001 0.046 0.017 0.024 0.197 0.000 0.000 0.035 0.000 0.072 0.078 0.016 0.045 0.000 0.092 0.146 0.064 0.384 0.182 0.107 0.000 0.000 0.014 0.000 0.000 0.097 0.004 0.000 0.018 0.062 0.011 0.010 0.076 0.013 0.009 0.019 0.063 0.027 0.014 0.014 1.660 1.705 1.761 1.892 2.312 2.797 3.284 3.755 3.990 4.020 4.064 4.130 4.213 4.248 4.310 4.365
0.000 0.002 0.000 0.020 0.000 0.007 0.013 0.009 0.007 0.000 0.079 0.006 0.041 0.000 0.014 0.008 0.049 0.042 0.050 0.012 0.050 0.068 0.022 0.045 0.010 0.042 0.026 0.026 0.035 0.033 0.102 0.300 0.200 0.035 0.239 0.251 0.468 0.188 0.184 0.123 0.018 0.013 0.000 0.003 0.000 0.114 0.015 0.000 0.056 0.019 0.004 0.053 0.006 0.009 0.007 0.004 0.001 0.019 0.040 0.000 0.002 1.516 1.545 1.503 1.583 2.005 2.527 3.001 3.480 3.777 3.941 4.060 4.203 4.308 4.320 4.333 4.346
0.002 0.003 0.000 0.000 0.052 0.069 0.000 0.000 0.013 0.002 0.005 0.184 0.000 0.065 0.025 0.000 0.017 0.031 0.000 0.000 0.037 0.065 0.043 0.066 0.026 0.095 0.009 0.030 0.012 0.051 0.062 0.070 0.053 0.097 0.081 0.018 0.003 0.050 0.052 0.443 0.007 0.014 0.055 0.040 0.209 0.098 0.073 0.000 0.060 0.020 0.000 0.006 0.023 0.012 0.005 0.009 0.019 0.046 0.015 0.000 0.003 0.012 1.461 1.455 1.521 1.840 2.363 2.779 3.172 3.482 3.837 4.048 4.280 4.441 4.421 4.367 4.351
0.001 0.001 0.039 0.006 0.006 0.025 0.013 0.002 0.002 0.004 0.030 0.004 0.122 0.109 0.007 0.000 0.000 0.000 0.180 0.022 0.016 0.025 0.019 0.001 0.002 0.000 0.042 0.029 0.027 0.160 0.001 0.045 0.055 0.086 0.065 0.028 0.000 0.019 0.076 0.083 0.001 0.068 0.034 0.105 0.157 0.031 0.000 0.000 0.000 0.070 0.001 0.007 0.004 0.066 0.002 0.003 0.029 0.002 0.027 0.028 0.008 0.015 0.012 1.493 1.613 1.892 2.197 2.617 2.818 3.093 3.498 3.896 4.261 4.436 4.416 4.374 4.367
0.000 0.000 0.009 0.000 0.048 0.000 0.000 0.004 0.003 0.004 0.007 0.018 0.007 0.003 0.016 0.055 0.000 0.000 0.014 0.003 0.010 0.020 0.052 0.033 0.065 0.035 0.045 0.015 0.082 0.012 0.002 0.049 0.068 0.156 0.096 0.083 0.081 0.018 0.018 0.105 0.061 0.014 0.019 0.008 0.019 0.000 0.039 0.047 0.009 0.065 0.134 0.000 0.015 0.056 0.016 0.080 0.017 0.017 0.069 0.014 0.011 0.157 0.003 1.489 1.684 1.852 2.038 2.267 2.572 2.817 3.158 3.595 4.004 4.243 4.313 4.320 4.371
0.000 0.000 0.004 0.036 0.049 0.000 0.001 0.005 0.000 0.001 0.007 0.012 0.000 0.003 0.009 0.019 0.027 0.051 0.015 0.022 0.012 0.014 0.015 0.000 0.031 0.159 0.041 0.019 0.033 0.022 0.003 0.081 0.001 0.100 0.081 0.111 0.000 0.018 0.000 0.038 0.007 0.012 0.058 0.013 0.011 0.084 0.000 0.121 0.008 0.009 0.024 0.000 0.037 0.000 0.012 0.035 0.008 0.011 0.064 0.000 0.011 0.015 0.004 0.005 1.675 1.832 1.969 2.096 2.204 2.492 2.851 3.338 3.753 3.937 4.097 4.282 4.378
0.009 0.056 0.005 0.001 0.000 0.002 0.000 0.008 0.002 0.002 0.010 0.055 0.013 0.001 0.004 0.062 0.034 0.000 0.010 0.007 0.010 0.084 0.019 0.028 0.029 0.004 0.011 0.021 0.015 0.000 0.020 0.107 0.035 0.161 0.109 0.077 0.115 0.027 0.023 0.027 0.001 0.018 0.004 0.056 0.048 0.000 0.043 0.032 0.000 0.101 0.006 0.015 0.028 0.000 0.000 0.018 0.051 0.018 0.018 0.010 0.012 0.013 0.011 0.009 0.008 1.774 1.919 1.956 1.970 2.222 2.632 3.158 3.447 3.749 3.978 4.161 4.390
0.007 0.000 0.018 0.000 0.026 0.000 0.000 0.004 0.081 0.000 0.017 0.000 0.046 0.024 0.006 0.014 0.070 0.000 0.000 0.003 0.085 0.005 0.003 0.054 0.005 0.111 0.000 0.043 0.000 0.079 0.000 0.060 0.016 0.022 0.037 0.176 0.197 0.144 0.009 0.446 0.000 0.023 0.012 0.000 0.017 0.058 0.001 0.006 0.097 0.065 0.000 0.012 0.017 0.000 0.000 0.081 0.077 0.012 0.005 0.615 0.013 0.014 0.056 0.015 0.008 0.009 1.817 1.916 1.906 2.127 2.561 2.990 3.374 3.537 3.840 4.115 4.468
0.000 0.000 0.000 0.000 0.000 0.003 0.047 0.003 0.002 0.036 0.028 0.005 0.000 0.027 0.000 0.007 0.061 0.056 0.000 0.008 0.003 0.064 0.009 0.058 0.054 0.011 0.060 0.040 0.044 0.130 0.043 0.086 0.163 0.125 0.212 0.155 0.061 0.199 0.171 0.000 0.000 0.000 0.170 0.009 0.000 0.004 0.005 0.000 0.001 0.000 0.038 0.077 0.006 0.036 0.000 0.001 0.069 0.036 0.549 0.025 0.038 0.018 0.018 0.055 0.007 0.005 1.714 1.861 1.966 2.204 2.595 3.042 3.423 3.536 3.633 4.001 4.351
