includes/estuary_coast/floodfiles/results/res-0003.wd
ncols         730
nrows         472
xllcorner     380617.130607
yllcorner     6542069.774949
cellsize      20.000000
NODATA_value  -9999.000000
[rows 170 to 203 of 472, columns 154 to 230 of 730]
6.141 6.284 6.458 6.539 6.568 6.571 6.565 6.533 6.498 6.489 6.472 6.340 6.172 6.105 6.179 5.868 5.307 4.608 4.061 3.468 3.271 3.125 2.271 1.471 0.681 0.000 0.000 0.000 0.000 0.000 0.000 0.000 0.000 0.000 0.000 0.000 0.000 0.000 0.000 0.000 0.000 0.000 0.000 0.000 0.000 0.000 0.000 0.000 0.000 0.000 0.000 0.000 0.000 0.000 0.000 0.000 0.000 0.000 0.000 0.000 0.000 0.000 0.000 0.000 0.000 0.000 0.000 0.000 0.000 0.000 0.000 0.000 0.000 0.000 0.000 0.000 0.000
6.033 6.215 6.516 6.697 6.727 6.667 6.631 6.673 6.662 6.608 6.612 6.548 6.403 6.192 6.164 5.933 5.480 5.142 4.770 3.898 3.343 3.010 2.474 1.978 0.461 0.000 0.000 0.000 0.000 0.000 0.000 0.000 0.000 0.000 0.000 0.000 0.000 0.000 0.000 0.000 0.000 0.000 0.000 0.000 0.000 0.000 0.000 0.000 0.000 0.000 0.000 0.000 0.000 0.000 0.000 0.000 0.000 0.000 0.000 0.000 0.000 0.000 0.000 0.000 0.000 0.000 0.000 0.000 0.000 0.000 0.000 0.000 0.000 0.000 0.000 0.000 0.000
5.818 6.147 6.472 6.767 6.797 6.705 6.704 6.786 6.767 6.701 6.694 6.706 6.533 6.302 6.090 5.912 5.537 5.542 5.222 4.459 3.839 3.268 2.707 2.554 1.969 0.139 0.000 0.000 0.000 0.000 0.000 0.000 0.000 0.000 0.000 0.000 0.000 0.000 0.000 0.000 0.000 0.000 0.000 0.000 0.000 0.000 0.000 0.000 0.000 0.000 0.000 0.000 0.000 0.000 0.000 0.000 0.000 0.000 0.000 0.000 0.000 0.000 0.000 0.000 0.000 0.000 0.000 0.000 0.000 0.000 0.000 0.000 0.000 0.000 0.000 0.000 0.000
5.457 5.888 6.337 6.585 6.683 6.696 6.772 6.886 6.852 6.749 6.710 6.685 6.571 6.395 6.147 5.943 5.637 5.550 5.352 4.830 4.393 3.801 2.924 2.650 2.246 1.494 0.042 0.000 0.000 0.000 0.000 0.000 0.000 0.000 0.000 0.000 0.000 0.000 0.000 0.000 0.000 0.000 0.000 0.000 0.000 0.000 0.000 0.000 0.000 0.000 0.000 0.000 0.000 0.000 0.000 0.000 0.000 0.000 0.000 0.000 0.000 0.000 0.000 0.000 0.000 0.000 0.000 0.000 0.000 0.000 0.000 0.000 0.000 0.000 0.000 0.000 0.000
5.235 5.554 6.027 6.349 6.500 6.606 6.748 6.849 6.856 6.776 6.741 6.751 6.695 6.557 6.359 6.185 5.784 5.623 5.315 4.992 4.912 4.456 3.608 2.807 2.326 1.842 0.327 0.000 0.000 0.000 0.000 0.000 0.000 0.000 0.000 0.000 0.000 0.000 0.000 0.000 0.000 0.000 0.000 0.000 0.000 0.000 0.000 0.000 0.000 0.000 0.000 0.000 0.000 0.000 0.000 0.000 0.000 0.000 0.000 0.000 0.000 0.000 0.000 0.000 0.000 0.000 0.000 0.000 0.000 0.000 0.000 0.000 0.000 0.000 0.000 0.000 0.000
5.088 5.400 5.817 6.123 6.278 6.510 6.614 6.703 6.833 6.872 6.864 6.894 6.865 6.895 6.766 6.517 6.107 5.833 5.481 5.075 5.029 4.696 4.029 3.496 2.482 1.952 1.864 0.127 0.000 0.000 0.000 0.000 0.000 0.000 0.000 0.000 0.000 0.000 0.000 0.000 0.000 0.000 0.000 0.000 0.000 0.000 0.000 0.000 0.000 0.000 0.000 0.000 0.000 0.000 0.000 0.000 0.000 0.000 0.000 0.000 0.000 0.000 0.000 0.000 0.000 0.000 0.000 0.000 0.000 0.000 0.000 0.000 0.000 0.000 0.000 0.000 0.000
5.090 5.425 5.725 6.066 6.175 6.310 6.519 6.633 6.805 6.989 7.068 7.018 6.986 7.094 7.048 6.704 6.374 6.189 5.837 5.412 5.026 4.706 4.482 4.134 3.184 2.283 1.901 1.522 0.071 0.000 0.000 0.000 0.000 0.000 0.000 0.000 0.000 0.000 0.000 0.000 0.000 0.000 0.000 0.000 0.000 0.000 0.000 0.000 0.000 0.000 0.000 0.000 0.000 0.000 0.000 0.000 0.000 0.000 0.000 0.000 0.000 0.000 0.000 0.000 0.000 0.000 0.000 0.000 0.000 0.000 0.000 0.000 0.000 0.000 0.000 0.000 0.000
5.111 5.553 5.961 6.031 6.066 6.297 6.373 6.482 6.867 7.180 7.277 7.126 7.057 7.081 7.030 6.725 6.428 6.360 6.131 5.699 5.397 4.827 4.771 4.825 3.969 2.990 2.194 1.631 0.586 0.000 0.000 0.000 0.000 0.000 0.000 0.000 0.000 0.000 0.000 0.000 0.000 0.000 0.000 0.000 0.000 0.000 0.000 0.000 0.000 0.000 0.000 0.000 0.000 0.000 0.000 0.000 0.000 0.000 0.000 0.000 0.000 0.000 0.000 0.000 0.000 0.000 0.000 0.000 0.000 0.000 0.000 0.000 0.000 0.000 0.000 0.000 0.000
4.991 5.538 6.043 6.057 6.027 6.289 6.368 6.431 6.858 7.248 7.339 7.185 7.080 7.042 6.954 6.746 6.526 6.429 6.306 6.076 5.840 5.307 4.900 4.761 4.137 3.705 3.064 2.148 1.691 0.391 0.000 0.000 0.000 0.000 0.000 0.000 0.000 0.000 0.000 0.000 0.000 0.000 0.000 0.000 0.000 0.000 0.000 0.000 0.000 0.000 0.000 0.000 0.000 0.000 0.000 0.000 0.000 0.000 0.000 0.000 0.000 0.000 0.000 0.000 0.000 0.000 0.000 0.000 0.000 0.000 0.000 0.000 0.000 0.000 0.000 0.000 0.000
4.366 5.053 5.529 5.718 5.791 6.159 6.294 6.439 6.695 7.022 7.126 7.103 7.149 7.122 7.025 6.892 6.752 6.593 6.467 6.459 6.302 5.766 5.152 4.725 4.428 4.310 4.064 2.941 2.467 1.613 0.341 0.000 0.000 0.000 0.000 0.000 0.000 0.000 0.000 0.000 0.000 0.000 0.000 0.000 0.000 0.000 0.000 0.000 0.000 0.000 0.000 0.000 0.000 0.000 0.000 0.000 0.000 0.000 0.000 0.000 0.000 0.000 0.000 0.000 0.000 0.000 0.000 0.000 0.000 0.000 0.000 0.000 0.000 0.000 0.000 0.000 0.000
3.582 4.172 4.770 5.076 5.425 5.648 6.004 6.206 6.534 6.828 6.975 7.096 7.232 7.236 7.198 7.195 7.050 6.853 6.647 6.660 6.538 6.024 5.624 5.195 4.576 4.366 4.125 3.562 3.384 2.565 1.741 0.230 0.000 0.000 0.000 0.000 0.000 0.000 0.000 0.000 0.000 0.000 0.000 0.000 0.000 0.000 0.000 0.000 0.000 0.000 0.000 0.000 0.000 0.000 0.000 0.000 0.000 0.000 0.000 0.000 0.000 0.000 0.000 0.000 0.000 0.000 0.000 0.000 0.000 0.000 0.000 0.000 0.000 0.000 0.000 0.000 0.000
2.758 3.246 3.958 4.407 4.825 5.190 5.586 6.070 6.309 6.593 6.849 7.239 7.375 7.372 7.398 7.522 7.426 7.128 6.811 6.678 6.542 6.304 6.127 5.652 4.964 4.438 4.145 3.685 3.579 3.116 2.343 2.015 0.205 0.000 0.000 0.000 0.000 0.000 0.000 0.000 0.000 0.000 0.000 0.000 0.000 0.000 0.000 0.000 0.000 0.000 0.000 0.000 0.000 0.000 0.000 0.000 0.000 0.000 0.000 0.000 0.000 0.000 0.000 0.000 0.000 0.000 0.000 0.000 0.000 0.000 0.000 0.000 0.000 0.000 0.000 0.000 0.000
1.250 2.609 3.434 4.121 4.416 4.739 5.337 5.980 6.374 6.506 6.837 7.371 7.644 7.478 7.467 7.673 7.602 7.266 7.025 6.795 6.675 6.528 6.595 6.236 5.586 4.918 4.412 4.033 3.718 3.255 2.714 2.748 1.746 0.220 0.000 0.000 0.000 0.000 0.000 0.000 0.000 0.000 0.000 0.000 0.000 0.000 0.000 0.000 0.000 0.000 0.000 0.000 0.000 0.000 0.000 0.000 0.000 0.000 0.000 0.000 0.000 0.000 0.000 0.000 0.000 0.000 0.000 0.000 0.000 0.000 0.000 0.000 0.000 0.000 0.000 0.000 0.000
0.863 1.240 3.317 4.018 4.239 4.351 5.128 6.007 6.485 6.408 6.713 7.219 7.481 7.354 7.383 7.474 7.449 7.303 7.229 7.032 6.845 6.627 6.632 6.495 6.149 5.758 5.285 4.692 4.358 3.839 3.057 2.549 2.102 1.623 0.251 0.000 0.000 0.000 0.000 0.000 0.000 0.000 0.000 0.000 0.000 0.000 0.000 0.000 0.000 0.000 0.000 0.000 0.000 0.000 0.000 0.000 0.000 0.000 0.000 0.000 0.000 0.000 0.000 0.000 0.000 0.000 0.000 0.000 0.000 0.000 0.000 0.000 0.000 0.000 0.000 0.000 0.000
0.670 0.834 1.203 3.815 4.184 4.293 4.816 5.512 6.013 6.123 6.386 6.808 7.017 7.101 7.227 7.286 7.322 7.382 7.436 7.338 7.024 6.730 6.611 6.502 6.369 6.386 5.939 5.254 5.253 4.878 3.827 3.095 2.708 2.529 2.033 0.992 0.000 0.000 0.000 0.000 0.000 0.000 0.000 0.000 0.000 0.000 0.000 0.000 0.000 0.000 0.000 0.000 0.000 0.000 0.000 0.000 0.000 0.000 0.000 0.000 0.000 0.000 0.000 0.000 0.000 0.000 0.000 0.000 0.000 0.000 0.000 0.000 0.000 0.000 0.000 0.000 0.000
0.694 0.944 0.801 1.204 3.717 3.889 4.277 4.735 5.317 5.571 5.916 6.154 6.376 6.725 6.823 7.026 7.191 7.430 7.587 7.457 7.152 7.028 6.800 6.583 6.415 6.462 6.169 5.648 5.359 5.109 4.624 4.266 3.257 2.667 2.391 1.607 1.188 0.000 0.000 0.000 0.000 0.000 0.000 0.000 0.000 0.000 0.000 0.000 0.000 0.000 0.000 0.000 0.000 0.000 0.000 0.000 0.000 0.000 0.000 0.000 0.000 0.000 0.000 0.000 0.000 0.000 0.000 0.000 0.000 0.000 0.000 0.000 0.000 0.000 0.000 0.000 0.000
0.531 0.461 0.738 0.785 1.216 3.314 3.465 3.851 4.550 5.095 5.632 5.822 6.015 6.370 6.643 6.820 6.950 7.240 7.425 7.403 7.336 7.223 7.029 6.774 6.596 6.396 6.128 5.830 5.438 5.127 4.995 5.079 4.096 3.193 2.677 2.291 2.194 1.615 0.000 0.000 0.000 0.000 0.000 0.000 0.000 0.000 0.000 0.000 0.000 0.000 0.000 0.000 0.000 0.000 0.000 0.000 0.000 0.000 0.000 0.000 0.000 0.000 0.000 0.000 0.000 0.000 0.000 0.000 0.000 0.000 0.000 0.000 0.000 0.000 0.000 0.000 0.000
0.317 0.478 0.592 0.754 0.814 1.191 2.613 3.039 3.994 5.027 5.593 5.636 5.880 6.420 6.698 6.727 6.792 7.064 7.190 7.253 7.444 7.549 7.402 7.097 6.912 6.694 6.382 6.163 5.934 5.394 5.109 4.910 4.521 4.014 3.530 3.010 2.903 2.309 1.332 0.972 0.000 0.000 0.000 0.000 0.000 0.000 0.000 0.000 0.000 0.000 0.000 0.000 0.000 0.000 0.000 0.000 0.000 0.000 0.000 0.000 0.000 0.000 0.000 0.000 0.000 0.000 0.000 0.000 0.000 0.000 0.000 0.000 0.000 0.000 0.000 0.000 0.000
0.328 0.364 0.426 0.486 0.628 0.790 1.100 2.534 3.571 4.806 5.537 5.557 5.760 6.371 6.740 6.615 6.707 6.815 6.999 7.191 7.522 7.804 7.624 7.363 7.288 7.162 6.971 6.738 6.580 6.062 5.560 5.287 5.010 5.066 4.647 3.526 2.994 2.575 2.169 1.807 1.125 0.000 0.000 0.000 0.000 0.000 0.000 0.000 0.000 0.000 0.000 0.000 0.000 0.000 0.000 0.000 0.000 0.000 0.000 0.000 0.000 0.000 0.000 0.000 0.000 0.000 0.000 0.000 0.000 0.000 0.000 0.000 0.000 0.000 0.000 0.000 0.000
0.232 0.292 0.247 0.426 0.496 0.755 0.781 1.124 3.307 4.199 4.774 5.107 5.419 5.860 6.224 6.302 6.658 6.837 6.850 6.982 7.396 7.637 7.555 7.489 7.585 7.427 7.156 7.153 7.086 6.568 6.229 5.906 5.476 5.302 5.145 4.253 3.699 3.199 3.171 3.111 2.259 1.267 1.037 0.000 0.000 0.000 0.000 0.000 0.000 0.000 0.000 0.000 0.000 0.000 0.000 0.000 0.000 0.000 0.000 0.000 0.000 0.000 0.000 0.000 0.000 0.000 0.000 0.000 0.000 0.000 0.000 0.000 0.000 0.000 0.000 0.000 0.000
0.098 0.219 0.276 0.380 0.462 0.417 0.629 0.718 1.100 3.216 3.807 4.083 4.625 5.043 5.596 6.029 6.458 6.851 6.767 6.818 7.118 7.291 7.368 7.520 7.733 7.579 7.245 7.150 7.092 6.719 6.581 6.534 5.866 5.374 5.167 4.809 4.540 4.107 3.815 3.937 3.059 2.472 1.922 1.377 0.998 0.000 0.000 0.000 0.000 0.000 0.000 0.000 0.000 0.000 0.000 0.000 0.000 0.000 0.000 0.000 0.000 0.000 0.000 0.000 0.000 0.000 0.000 0.000 0.000 0.000 0.000 0.000 0.000 0.000 0.000 0.000 0.000
0.128 0.157 0.124 0.195 0.393 0.348 0.405 0.559 0.738 1.097 2.911 3.145 3.371 3.948 4.599 5.218 5.868 6.287 6.333 6.361 6.616 6.924 7.108 7.353 7.498 7.430 7.264 7.122 7.008 6.808 6.639 6.616 6.265 5.937 5.597 5.539 5.562 4.963 4.197 3.802 3.368 3.199 3.071 2.643 1.999 1.627 0.364 0.000 0.000 0.000 0.000 0.000 0.000 0.000 0.000 0.000 0.000 0.000 0.000 0.000 0.000 0.000 0.000 0.000 0.000 0.000 0.000 0.000 0.000 0.000 0.000 0.000 0.000 0.000 0.000 0.000 0.000
0.080 0.171 0.217 0.125 0.182 0.187 0.323 0.407 0.582 0.760 0.964 2.592 2.637 3.171 4.042 4.605 5.040 5.636 5.896 6.004 6.292 6.505 6.845 7.071 7.193 7.344 7.265 7.182 7.098 6.925 6.817 6.703 6.557 6.404 6.034 5.885 6.023 5.532 4.819 4.219 3.700 3.451 3.411 3.040 3.010 2.758 1.929 1.633 1.203 0.202 0.000 0.000 0.000 0.000 0.000 0.000 0.000 0.000 0.000 0.000 0.000 0.000 0.000 0.000 0.000 0.000 0.000 0.000 0.000 0.000 0.000 0.000 0.000 0.000 0.000 0.000 0.000
0.002 0.057 0.113 0.067 0.169 0.263 0.209 0.267 0.368 0.516 0.793 0.927 2.254 2.896 3.822 4.082 4.396 5.105 5.582 5.800 5.917 6.409 6.765 6.935 7.092 7.278 7.458 7.342 7.135 7.074 6.990 6.872 6.894 6.840 6.533 6.055 5.896 5.592 5.289 4.917 4.393 3.750 3.529 3.314 3.197 3.060 2.784 2.780 2.555 1.935 1.337 0.998 0.437 0.128 0.000 0.000 0.000 0.000 0.000 0.000 0.000 0.000 0.000 0.000 0.000 0.000 0.000 0.000 0.000 0.000 0.000 0.000 0.000 0.000 0.000 0.000 0.000
0.000 0.000 0.018 0.085 0.100 0.057 0.143 0.049 0.298 0.436 0.581 0.759 0.910 1.168 3.771 4.017 4.108 4.719 5.490 5.767 5.824 6.427 7.000 6.945 7.099 7.560 7.756 7.425 7.240 7.200 7.148 7.031 7.074 7.124 6.761 6.416 6.188 6.012 6.021 6.059 5.407 4.483 4.056 3.758 3.548 3.353 3.109 3.176 3.031 2.834 2.830 2.115 1.459 1.206 1.321 1.529 1.258 0.321 0.061 0.000 0.000 0.000 0.000 0.000 0.000 0.000 0.000 0.000 0.000 0.000 0.000 0.000 0.000 0.000 0.000 0.000 0.000
0.000 0.000 0.000 0.000 0.100 0.000 0.056 0.114 0.239 0.157 0.283 0.507 0.723 0.837 1.069 3.734 3.798 4.202 4.960 5.321 5.500 6.138 6.669 6.752 6.937 7.683 7.957 7.460 7.234 7.208 7.162 7.124 7.099 7.083 6.914 6.786 6.548 6.344 6.425 6.537 5.971 5.484 4.808 4.476 4.236 4.156 3.882 3.509 3.313 3.315 3.582 3.001 2.454 2.143 1.972 2.072 1.814 1.946 1.833 1.128 1.048 0.862 0.629 0.499 0.340 0.077 0.000 0.000 0.000 0.000 0.000 0.000 0.000 0.000 0.000 0.000 0.000
0.000 0.000 0.000 0.000 0.000 0.000 0.000 0.061 0.036 0.098 0.100 0.307 0.340 0.631 0.765 1.097 3.214 3.307 3.833 4.218 4.812 5.312 5.887 6.099 6.568 7.138 7.349 7.211 7.125 7.194 7.178 7.200 7.166 7.121 7.010 7.008 6.862 6.611 6.409 6.325 6.049 5.734 5.632 5.224 5.024 5.031 4.627 4.185 3.957 3.670 3.574 3.462 3.375 3.360 2.768 2.401 2.210 2.056 2.072 2.175 2.549 2.089 1.693 1.376 1.051 0.974 0.728 0.694 0.570 0.804 1.146 0.997 0.970 0.868 0.884 0.927 0.870
0.000 0.000 0.000 0.000 0.000 0.000 0.000 0.026 0.014 0.057 0.098 0.075 0.188 0.316 0.550 0.794 0.896 2.444 2.831 3.395 3.617 4.047 4.681 5.052 5.589 6.118 6.675 6.740 6.935 7.043 7.156 7.273 7.306 7.201 7.141 7.203 7.099 6.776 6.555 6.245 6.004 5.839 5.832 5.563 5.275 5.222 5.020 4.905 4.771 4.347 4.149 3.806 3.663 3.618 3.332 3.216 3.050 3.058 3.106 2.944 2.837 2.606 2.567 2.703 2.266 2.249 1.907 1.470 1.526 1.602 1.662 1.837 2.527 1.905 2.273 1.668 1.770
0.000 0.000 0.000 0.000 0.000 0.000 0.000 0.000 0.000 0.000 0.000 0.061 0.068 0.214 0.365 0.499 0.568 0.793 1.210 2.883 2.911 3.073 3.830 4.424 4.717 5.158 5.715 6.048 6.403 6.793 7.240 7.701 7.640 7.330 7.097 7.163 7.071 6.850 6.748 6.449 6.193 5.925 5.843 5.703 5.518 5.326 5.307 5.405 5.339 5.157 4.992 4.704 4.020 3.912 4.031 4.173 4.202 3.891 4.157 3.858 3.365 3.183 2.894 2.844 2.708 2.456 2.508 2.769 2.990 2.653 2.320 2.368 2.481 2.404 2.383 2.500 2.398
0.000 0.000 0.000 0.000 0.000 0.000 0.000 0.000 0.000 0.000 0.000 0.000 0.000 0.096 0.136 0.235 0.326 0.684 0.844 1.135 2.668 2.749 3.480 4.171 4.287 4.656 5.462 5.939 6.182 6.555 7.306 8.113 7.883 7.247 7.083 7.016 7.034 6.975 6.929 6.801 6.501 6.283 6.136 5.906 5.786 5.657 5.502 5.482 5.436 5.482 5.775 5.388 4.950 4.626 4.480 4.440 4.421 4.296 4.441 4.293 3.978 4.037 3.685 3.348 3.263 3.273 3.250 3.355 3.442 3.420 3.962 3.858 3.281 3.254 3.259 3.337 3.315
0.000 0.000 0.000 0.000 0.000 0.000 0.000 0.000 0.000 0.000 0.000 0.000 0.000 0.005 0.000 0.049 0.239 0.320 0.624 0.704 0.963 2.853 3.309 4.027 4.225 4.453 5.292 6.040 6.094 6.207 6.914 7.559 7.433 7.069 6.893 6.835 6.849 7.022 7.073 6.969 6.817 6.738 6.573 6.473 6.276 6.093 5.899 5.695 5.663 5.711 5.864 5.676 5.443 5.381 5.085 4.739 4.657 4.633 4.684 4.668 4.781 4.950 4.566 4.651 4.479 4.329 4.535 4.305 4.058 4.009 4.203 4.205 3.878 3.945 3.786 3.734 3.800
0.000 0.000 0.000 0.000 0.000 0.000 0.000 0.000 0.000 0.000 0.000 0.000 0.000 0.000 0.000 0.000 0.001 0.126 0.315 0.425 0.650 0.911 2.878 3.424 3.896 4.267 4.962 5.540 5.662 5.693 6.207 6.531 6.656 6.832 6.817 6.746 6.752 6.961 7.078 7.012 7.060 7.161 6.935 6.635 6.511 6.420 6.257 6.088 6.059 5.919 5.871 5.729 5.631 5.579 5.447 5.288 5.116 5.215 5.257 5.225 5.102 5.074 5.091 5.409 5.480 4.951 4.860 4.766 4.759 4.794 4.671 4.402 4.249 4.154 4.156 4.156 4.271
0.000 0.000 0.000 0.000 0.000 0.000 0.000 0.000 0.000 0.000 0.000 0.000 0.000 0.000 0.000 0.000 0.000 0.000 0.010 0.071 0.537 0.550 0.756 2.561 3.074 3.544 3.959 4.647 4.816 4.774 5.098 5.634 6.060 6.777 6.951 6.596 6.439 6.736 6.860 6.960 7.242 7.564 7.198 6.727 6.522 6.514 6.470 6.503 6.424 6.343 6.169 6.053 5.890 5.779 5.919 5.980 5.993 5.927 6.071 5.859 5.524 5.386 5.353 5.506 5.514 5.284 5.167 5.175 5.632 5.765 5.330 5.175 5.010 4.941 4.825 4.879 4.984
0.000 0.000 0.000 0.000 0.000 0.000 0.000 0.000 0.000 0.000 0.000 0.000 0.000 0.000 0.000 0.000 0.000 0.000 0.000 0.041 0.023 0.235 0.381 0.697 2.248 2.465 2.813 3.379 3.769 4.135 4.276 4.736 5.377 6.252 6.597 6.195 5.968 6.165 6.353 6.732 7.081 7.266 7.022 6.819 6.647 6.582 6.575 6.580 6.586 6.638 6.700 6.576 6.366 6.270 6.330 6.511 6.461 6.280 6.244 6.094 5.935 5.879 5.753 5.623 5.657 5.662 5.737 5.708 5.824 5.845 5.705 5.973 5.744 5.517 5.577 5.429 5.396
