includes/estuary_coast/floodfiles/results/res-0014.wd
ncols         730
nrows         472
xllcorner     380617.130607059982140
yllcorner     6542069.774948899634182
cellsize      20.000000000000000
NODATA_value  -9999.000000
[rows 102 to 135 of 472, columns 77 to 153 of 730]
0.437 0.507 0.592 0.673 0.571 0.586 0.507 1.939 2.052 2.218 2.314 2.364 2.469 2.578 2.667 2.804 2.851 2.959 3.143 3.365 3.616 3.861 3.953 4.009 4.016 4.067 4.229 4.345 4.456 4.522 4.536 4.547 4.577 4.656 4.811 4.892 4.973 4.986 4.949 4.887 4.848 4.810 4.865 4.923 4.982 4.981 4.889 4.689 4.530 4.371 4.322 4.342 4.357 4.227 3.946 3.516 3.149 2.846 2.607 2.297 2.013 1.802 1.346 1.089 0.003 0.001 0.002 0.002 0.004 0.007 0.020 0.003 0.002 0.005 0.005 0.000 0.011
0.376 0.552 0.555 0.445 0.603 0.418 0.542 1.866 1.957 2.025 2.092 2.186 2.335 2.476 2.640 2.792 2.830 2.847 2.958 3.187 3.394 3.623 3.724 3.764 3.783 3.926 4.075 4.108 4.275 4.337 4.375 4.381 4.430 4.542 4.626 4.767 4.826 4.868 4.847 4.825 4.813 4.824 4.856 4.909 4.948 4.947 4.858 4.728 4.544 4.462 4.405 4.488 4.568 4.506 4.228 3.780 3.391 3.073 2.723 2.443 2.314 2.040 1.754 1.292 0.845 0.002 0.003 0.003 0.002 0.067 0.009 0.081 0.002 0.002 0.007 0.007 0.006
0.481 0.574 0.472 0.483 0.439 0.517 0.436 0.456 1.795 1.818 1.891 1.982 2.172 2.378 2.600 2.792 2.840 2.826 2.880 2.983 3.195 3.334 3.493 3.552 3.609 3.660 3.748 3.915 3.960 4.043 4.106 4.247 4.260 4.327 4.492 4.571 4.704 4.741 4.758 4.763 4.772 4.820 4.867 4.844 4.854 4.847 4.783 4.689 4.600 4.478 4.442 4.545 4.645 4.590 4.316 3.928 3.453 3.118 2.891 2.605 2.547 2.332 2.001 1.560 0.916 0.002 0.002 0.002 0.044 0.000 0.078 0.038 0.000 0.003 0.000 0.000 0.001
0.333 0.436 0.443 0.587 0.309 0.414 0.453 0.502 0.597 1.670 1.684 1.803 2.003 2.239 2.487 2.711 2.783 2.774 2.764 2.859 2.946 3.108 3.193 3.254 3.304 3.386 3.552 3.613 3.711 3.889 3.974 4.044 4.138 4.199 4.361 4.439 4.584 4.648 4.684 4.676 4.698 4.724 4.790 4.817 4.763 4.752 4.709 4.647 4.585 4.549 4.485 4.497 4.558 4.482 4.244 3.898 3.444 3.126 2.909 2.737 2.755 2.609 2.247 1.755 1.155 0.748 0.001 0.001 0.001 0.005 0.000 0.105 0.007 0.008 0.002 0.053 0.000
0.273 0.237 0.322 0.344 0.307 0.398 0.361 0.640 0.631 0.438 1.578 1.629 1.800 2.081 2.311 2.537 2.624 2.639 2.633 2.716 2.747 2.815 2.884 2.965 3.055 3.121 3.239 3.334 3.548 3.765 3.880 3.967 4.026 4.108 4.176 4.331 4.387 4.580 4.633 4.642 4.669 4.735 4.753 4.771 4.735 4.688 4.660 4.619 4.576 4.546 4.526 4.405 4.366 4.289 4.097 3.821 3.418 3.130 2.863 2.787 2.831 2.745 2.379 1.910 1.334 0.936 0.002 0.001 0.002 0.003 0.066 0.008 0.000 0.000 0.000 0.000 0.068
0.417 0.206 0.267 0.350 0.455 0.420 0.387 0.439 0.506 0.502 0.379 1.582 1.721 1.896 2.059 2.262 2.346 2.368 2.438 2.415 2.456 2.522 2.606 2.802 2.890 2.979 3.083 3.183 3.331 3.580 3.758 3.896 4.019 4.037 4.084 4.227 4.330 4.439 4.521 4.578 4.671 4.687 4.728 4.740 4.699 4.697 4.639 4.612 4.588 4.560 4.527 4.407 4.228 4.138 3.981 3.764 3.411 3.161 2.895 2.812 2.774 2.649 2.363 1.984 1.565 1.133 0.820 0.005 0.008 0.006 0.010 0.014 0.105 0.021 0.011 0.038 0.003
0.152 0.237 0.221 0.225 0.267 0.264 0.313 0.510 0.463 0.355 0.384 0.428 1.696 1.798 1.902 1.987 2.034 2.045 2.107 2.178 2.151 2.241 2.382 2.623 2.806 2.920 2.964 3.052 3.218 3.448 3.745 3.933 4.026 4.029 4.051 4.126 4.301 4.437 4.547 4.622 4.691 4.692 4.716 4.717 4.726 4.694 4.692 4.637 4.611 4.582 4.540 4.418 4.261 4.172 3.937 3.762 3.446 3.137 2.957 2.834 2.695 2.579 2.353 1.989 1.653 1.279 0.992 0.002 0.003 0.005 0.005 0.000 0.000 0.011 0.077 0.010 0.032
0.124 0.329 0.259 0.252 0.127 0.306 0.371 0.345 0.304 0.411 0.394 0.280 0.312 1.718 1.771 1.815 1.836 1.800 1.844 1.851 1.880 1.998 2.204 2.498 2.723 2.889 2.908 2.964 3.122 3.371 3.701 3.932 4.026 4.026 4.033 4.103 4.233 4.451 4.597 4.696 4.716 4.715 4.689 4.710 4.688 4.699 4.709 4.710 4.709 4.622 4.572 4.437 4.374 4.182 4.076 3.837 3.546 3.326 3.057 2.879 2.756 2.505 2.321 2.050 1.827 1.497 1.357 1.113 0.006 0.016 0.006 0.008 0.013 0.010 0.008 0.042 0.074
0.105 0.392 0.274 0.146 0.130 0.313 0.390 0.270 0.270 0.260 0.400 0.299 0.361 0.403 1.584 1.605 1.645 1.615 1.564 1.497 1.563 1.706 1.984 2.370 2.680 2.873 2.902 2.930 3.057 3.279 3.585 3.825 3.934 3.985 4.006 4.081 4.166 4.413 4.623 4.737 4.755 4.700 4.646 4.630 4.693 4.720 4.750 4.761 4.745 4.677 4.608 4.487 4.425 4.244 4.172 4.061 3.808 3.476 3.288 2.992 2.784 2.613 2.296 2.086 1.860 1.609 1.523 1.344 0.003 0.003 0.103 0.000 0.000 0.010 0.000 0.000 0.099
0.075 0.352 0.209 0.081 0.131 0.197 0.328 0.253 0.214 0.257 0.241 0.391 0.379 0.371 0.351 0.162 1.469 1.434 1.345 1.261 1.217 1.400 1.738 2.183 2.535 2.775 2.838 2.903 3.003 3.176 3.441 3.657 3.774 3.844 3.891 3.976 4.125 4.363 4.543 4.689 4.712 4.668 4.623 4.595 4.657 4.749 4.801 4.826 4.805 4.758 4.638 4.531 4.479 4.405 4.354 4.215 4.057 3.841 3.518 3.215 2.904 2.713 2.352 2.125 1.911 1.695 1.659 1.586 1.381 0.001 0.000 0.001 0.003 0.010 0.000 0.000 0.027
0.216 0.318 0.173 0.087 0.083 0.224 0.164 0.112 0.176 0.160 0.338 0.282 0.293 0.304 0.438 0.335 0.139 0.245 0.189 1.131 1.055 1.195 1.544 1.993 2.324 2.588 2.693 2.750 2.825 3.086 3.253 3.480 3.602 3.709 3.791 3.893 4.033 4.261 4.414 4.524 4.602 4.590 4.550 4.564 4.626 4.767 4.838 4.874 4.846 4.774 4.662 4.597 4.507 4.503 4.493 4.415 4.283 4.013 3.685 3.483 3.178 2.976 2.613 2.233 1.980 1.769 1.718 1.720 1.523 1.173 0.003 0.006 0.043 0.040 0.000 0.062 0.001
0.130 0.097 0.111 0.146 0.038 0.417 0.114 0.180 0.337 0.101 0.142 0.327 0.247 0.291 0.241 0.358 0.202 0.119 0.220 0.091 0.088 1.218 1.498 1.792 2.136 2.388 2.511 2.594 2.679 2.925 3.067 3.225 3.369 3.479 3.579 3.691 3.822 4.044 4.250 4.350 4.404 4.459 4.476 4.517 4.595 4.741 4.825 4.862 4.836 4.767 4.662 4.611 4.561 4.602 4.657 4.582 4.432 4.160 3.835 3.646 3.487 3.309 2.945 2.420 2.063 1.838 1.736 1.681 1.526 1.180 0.004 0.005 0.000 0.005 0.002 0.001 0.000
0.105 0.342 0.099 0.105 0.166 0.052 0.023 0.240 0.154 0.170 0.135 0.138 0.215 0.227 0.353 0.224 0.253 0.189 0.289 0.193 0.132 0.066 0.091 0.079 1.900 2.115 2.321 2.407 2.528 2.573 2.807 2.960 3.104 3.243 3.366 3.579 3.780 3.899 4.096 4.192 4.261 4.350 4.394 4.452 4.604 4.683 4.747 4.794 4.777 4.730 4.644 4.614 4.640 4.686 4.727 4.684 4.525 4.253 4.056 3.925 3.709 3.586 3.257 2.862 2.384 1.980 1.797 1.683 1.442 1.104 0.810 0.000 0.000 0.004 0.010 0.001 0.000
0.185 0.175 0.137 0.259 0.366 0.026 0.041 0.054 0.208 0.105 0.057 0.253 0.240 0.308 0.364 0.398 0.230 0.199 0.213 0.260 0.163 0.161 0.135 0.075 0.056 0.072 2.030 2.016 2.149 2.257 2.391 2.678 2.971 3.150 3.296 3.407 3.578 3.775 3.878 4.064 4.145 4.253 4.311 4.330 4.490 4.564 4.651 4.667 4.664 4.640 4.617 4.625 4.639 4.682 4.715 4.686 4.527 4.278 4.122 4.053 3.962 3.923 3.607 3.223 2.790 2.307 1.929 1.730 1.403 1.051 0.740 0.002 0.004 0.003 0.000 0.090 0.001
0.042 0.136 0.162 0.254 0.111 0.000 0.003 0.037 0.104 0.053 0.068 0.121 0.126 0.037 0.144 0.184 0.207 0.211 0.175 0.208 0.253 0.117 0.066 0.069 0.040 0.030 0.036 1.779 1.830 2.001 2.175 2.420 2.785 3.046 3.305 3.405 3.526 3.592 3.732 3.925 4.017 4.140 4.193 4.255 4.408 4.472 4.538 4.577 4.595 4.624 4.618 4.611 4.619 4.625 4.643 4.612 4.463 4.330 4.161 4.161 4.199 4.233 4.005 3.561 3.078 2.548 2.238 1.850 1.452 1.060 0.681 0.330 0.003 0.008 0.067 0.020 0.016
0.155 0.173 0.049 0.094 0.245 0.025 0.000 0.050 0.108 0.122 0.074 0.259 0.077 0.180 0.112 0.056 0.121 0.087 0.265 0.139 0.237 0.200 0.107 0.058 0.055 0.008 0.033 0.056 1.584 1.716 1.922 2.253 2.655 3.104 3.371 3.498 3.514 3.526 3.592 3.773 3.929 4.021 4.155 4.205 4.336 4.394 4.458 4.503 4.534 4.555 4.589 4.627 4.569 4.574 4.569 4.536 4.391 4.302 4.180 4.217 4.320 4.401 4.225 3.746 3.255 2.861 2.446 2.172 1.670 1.176 0.746 0.326 0.002 0.002 0.006 0.007 0.006
0.164 0.007 0.135 0.054 0.124 0.010 0.072 0.067 0.069 0.015 0.151 0.068 0.075 0.104 0.054 0.078 0.018 0.034 0.159 0.027 0.101 0.134 0.336 0.123 0.063 0.037 0.032 0.044 0.069 1.398 1.634 2.063 2.594 3.164 3.516 3.617 3.555 3.513 3.562 3.754 3.934 4.046 4.110 4.187 4.218 4.337 4.403 4.456 4.496 4.520 4.542 4.583 4.586 4.541 4.523 4.491 4.345 4.283 4.203 4.224 4.295 4.314 4.177 3.798 3.318 3.004 2.826 2.506 2.104 1.579 0.988 0.563 0.269 0.002 0.005 0.000 0.000
0.161 0.175 0.145 0.396 0.022 0.006 0.042 0.002 0.172 0.100 0.161 0.000 0.006 0.084 0.048 0.162 0.131 0.042 0.160 0.017 0.198 0.229 0.229 0.111 0.185 0.041 0.014 0.025 0.060 1.146 1.398 1.884 2.478 3.099 3.497 3.605 3.533 3.476 3.528 3.716 3.966 4.124 4.189 4.173 4.198 4.238 4.365 4.428 4.477 4.516 4.537 4.603 4.579 4.489 4.469 4.471 4.330 4.279 4.191 4.182 4.196 4.125 4.008 3.698 3.371 3.178 3.077 2.811 2.580 2.135 1.365 0.924 0.650 0.001 0.001 0.075 0.005
0.187 0.054 0.162 0.307 0.018 0.014 0.123 0.155 0.129 0.188 0.256 0.087 0.223 0.179 0.321 0.122 0.129 0.098 0.023 0.099 0.065 0.250 0.238 0.186 0.188 0.117 0.060 0.043 0.047 1.119 1.355 1.797 2.325 2.862 3.250 3.377 3.401 3.386 3.466 3.685 3.976 4.177 4.249 4.203 4.157 4.229 4.364 4.447 4.509 4.543 4.553 4.577 4.625 4.491 4.470 4.445 4.447 4.294 4.192 4.154 4.122 3.986 3.882 3.616 3.384 3.301 3.268 3.340 3.183 2.693 2.015 1.392 0.928 0.710 0.000 0.000 0.001
0.150 0.034 0.014 0.271 0.003 0.000 0.037 0.153 0.122 0.119 0.098 0.003 0.179 0.286 0.043 0.277 0.009 0.103 0.125 0.028 0.016 0.050 0.174 0.065 0.143 0.177 0.095 0.067 0.049 0.070 1.424 1.799 2.228 2.597 2.932 3.068 3.147 3.189 3.303 3.515 3.843 4.108 4.195 4.164 4.130 4.169 4.389 4.500 4.581 4.611 4.600 4.580 4.563 4.554 4.495 4.475 4.483 4.447 4.220 4.162 4.103 4.035 3.826 3.705 3.483 3.444 3.490 3.676 3.562 3.002 2.359 1.621 1.328 1.040 0.002 0.004 0.154
0.134 0.197 0.077 0.311 0.177 0.044 0.093 0.101 0.074 0.162 0.046 0.170 0.214 0.243 0.011 0.052 0.132 0.175 0.000 0.004 0.046 0.063 0.063 0.167 0.233 0.102 0.114 0.116 0.044 0.124 1.518 0.087 0.139 2.365 2.596 2.719 2.790 2.884 3.092 3.302 3.628 3.860 4.023 4.047 4.071 4.153 4.363 4.572 4.679 4.701 4.658 4.607 4.578 4.572 4.571 4.561 4.574 4.540 4.325 4.257 4.183 4.072 3.980 3.741 3.516 3.472 3.488 3.630 3.506 3.002 2.421 1.900 1.574 1.374 0.951 0.002 0.000
0.073 0.075 0.020 0.091 0.044 0.015 0.101 0.038 0.070 0.170 0.104 0.097 0.167 0.128 0.004 0.000 0.029 0.020 0.006 0.004 0.035 0.134 0.013 0.118 0.125 0.188 0.123 0.068 0.082 0.182 0.209 0.086 0.130 2.112 2.340 2.433 2.498 2.597 2.737 3.019 3.345 3.568 3.720 3.887 3.976 4.115 4.372 4.612 4.740 4.758 4.692 4.623 4.591 4.654 4.664 4.670 4.689 4.608 4.493 4.320 4.256 4.151 4.067 3.839 3.714 3.491 3.459 3.388 3.183 2.806 2.346 1.946 1.812 1.765 1.333 0.000 0.000
0.143 0.088 0.068 0.059 0.047 0.125 0.271 0.191 0.001 0.117 0.215 0.191 0.056 0.125 0.003 0.020 0.000 0.008 0.001 0.002 0.061 0.013 0.099 0.013 0.190 0.044 0.266 0.132 0.069 0.207 0.182 0.079 0.243 0.114 2.043 2.120 2.155 2.269 2.396 2.679 3.027 3.276 3.474 3.715 3.861 4.038 4.261 4.532 4.698 4.721 4.666 4.610 4.595 4.672 4.699 4.714 4.702 4.659 4.551 4.500 4.352 4.310 4.207 3.986 3.708 3.554 3.432 3.239 2.957 2.669 2.284 1.967 1.954 1.971 1.589 0.898 0.000
0.247 0.100 0.037 0.175 0.573 0.140 0.186 0.242 0.121 0.135 0.143 0.079 0.088 0.286 0.174 0.058 0.142 0.000 0.002 0.083 0.149 0.022 0.000 0.036 0.001 0.122 0.193 0.165 0.189 0.159 0.153 0.105 0.109 0.232 0.103 1.906 1.892 1.891 2.040 2.336 2.726 3.022 3.262 3.457 3.725 3.916 4.128 4.396 4.571 4.609 4.593 4.593 4.611 4.687 4.730 4.753 4.740 4.676 4.595 4.555 4.546 4.489 4.454 4.195 3.893 3.677 3.492 3.300 2.967 2.580 2.296 1.992 1.915 1.824 1.471 0.900 0.000
0.132 0.218 0.279 0.058 0.124 0.127 0.180 0.086 0.066 0.131 0.186 0.070 0.064 0.026 0.166 0.076 0.212 0.089 0.000 0.003 0.062 0.024 0.036 0.028 0.257 0.277 0.179 0.155 0.117 0.657 0.128 0.078 0.198 0.114 0.060 0.059 1.664 1.635 1.719 2.019 2.425 2.756 3.014 3.221 3.488 3.768 3.964 4.225 4.351 4.432 4.530 4.554 4.597 4.687 4.734 4.761 4.747 4.686 4.638 4.620 4.641 4.680 4.639 4.431 4.241 3.896 3.589 3.398 3.197 2.680 2.419 2.171 1.895 1.627 1.304 0.796 0.245
0.108 0.047 0.141 0.219 0.441 0.024 0.132 0.247 0.100 0.233 0.201 0.093 0.146 0.224 0.149 0.186 0.083 0.267 0.194 0.000 0.024 0.051 0.002 0.027 0.096 0.148 0.129 0.179 0.371 0.292 0.167 0.163 0.137 0.118 0.028 0.066 0.106 1.532 1.601 1.865 2.205 2.602 2.927 3.120 3.355 3.522 3.698 4.062 4.126 4.302 4.459 4.511 4.568 4.663 4.707 4.730 4.722 4.668 4.640 4.641 4.688 4.759 4.772 4.658 4.377 4.142 3.855 3.713 3.420 3.087 2.657 2.372 2.120 1.707 1.398 0.818 0.394
0.059 0.127 0.000 0.129 0.186 0.084 0.084 0.150 0.189 0.098 0.236 0.113 0.188 0.192 0.160 0.161 0.203 0.119 0.170 0.022 0.007 0.182 0.035 0.219 0.076 0.149 0.071 0.258 0.579 0.224 0.147 0.078 0.146 0.088 0.068 0.007 0.139 1.598 1.672 1.911 2.232 2.621 2.862 3.079 3.261 3.398 3.556 3.813 3.987 4.101 4.196 4.368 4.443 4.630 4.665 4.685 4.686 4.693 4.694 4.680 4.698 4.760 4.778 4.665 4.485 4.320 4.115 3.950 3.776 3.525 3.064 2.707 2.419 2.072 1.665 1.183 0.794
0.000 0.095 0.063 0.049 0.190 0.101 0.094 0.249 0.187 0.127 0.200 0.121 0.184 0.204 0.088 0.110 0.107 0.246 0.158 0.182 0.019 0.066 0.003 0.045 0.088 0.011 0.101 0.265 0.475 0.044 0.090 0.108 0.025 0.078 0.081 0.026 0.084 0.220 1.821 2.033 2.330 2.711 2.985 3.104 3.171 3.261 3.458 3.625 3.896 4.026 4.131 4.316 4.389 4.544 4.627 4.647 4.674 4.680 4.689 4.642 4.671 4.704 4.703 4.588 4.463 4.355 4.224 4.234 4.223 4.077 3.679 2.988 2.560 2.439 2.182 1.746 1.149
0.101 0.000 0.000 0.072 0.057 0.059 0.193 0.097 0.196 0.217 0.218 0.135 0.273 0.087 0.109 0.223 0.109 0.171 0.168 0.177 0.097 0.180 0.001 0.040 0.155 0.033 0.241 0.724 0.113 0.093 0.114 0.098 0.058 0.042 0.073 0.113 0.114 0.183 0.070 2.123 2.416 2.802 3.078 3.167 3.176 3.227 3.409 3.530 3.779 3.911 4.104 4.186 4.349 4.486 4.599 4.642 4.658 4.671 4.646 4.629 4.640 4.645 4.635 4.596 4.440 4.302 4.318 4.423 4.583 4.469 3.954 3.282 2.861 2.831 2.802 2.213 1.490
0.079 0.054 0.018 0.293 0.119 0.049 0.039 0.190 0.215 0.135 0.128 0.185 0.144 0.250 0.176 0.169 0.131 0.110 0.230 0.113 0.210 0.074 0.000 0.103 0.030 0.171 0.476 0.148 0.073 0.024 0.277 0.064 0.038 0.009 0.057 0.103 0.172 0.143 0.083 2.132 2.429 2.827 3.113 3.198 3.183 3.188 3.305 3.552 3.817 3.955 4.041 4.095 4.142 4.356 4.420 4.632 4.653 4.670 4.686 4.686 4.691 4.620 4.608 4.582 4.361 4.324 4.352 4.456 4.623 4.519 4.014 3.375 2.968 3.002 3.091 2.420 1.548
0.027 0.065 0.072 0.091 0.000 0.007 0.005 0.031 0.069 0.170 0.159 0.195 0.159 0.137 0.232 0.154 0.093 0.111 0.164 0.116 0.216 0.002 0.029 0.101 0.081 0.338 0.796 0.087 0.013 0.048 0.091 0.063 0.031 0.164 0.054 0.109 0.322 0.077 0.054 0.045 2.334 2.671 3.004 3.123 3.135 3.182 3.340 3.639 3.937 4.085 4.142 4.149 4.155 4.324 4.409 4.519 4.623 4.672 4.690 4.703 4.710 4.642 4.635 4.616 4.441 4.400 4.286 4.348 4.363 4.245 3.805 3.371 3.063 2.872 2.744 2.260 1.560
0.126 0.196 0.260 0.027 0.091 0.006 0.000 0.000 0.011 0.033 0.196 0.093 0.149 0.122 0.036 0.165 0.220 0.224 0.121 0.133 0.197 0.020 0.029 0.089 0.157 0.752 0.039 0.067 0.002 0.007 0.167 0.185 0.106 0.132 0.149 0.267 0.282 0.051 0.052 0.008 0.038 2.406 2.743 2.960 3.048 3.169 3.397 3.834 4.124 4.292 4.304 4.225 4.234 4.321 4.356 4.517 4.549 4.646 4.703 4.715 4.729 4.681 4.685 4.673 4.590 4.440 4.277 4.248 4.216 3.998 3.779 3.366 3.123 2.869 2.562 2.102 1.640
0.059 0.187 0.514 0.022 0.008 0.000 0.000 0.001 0.006 0.112 0.080 0.068 0.139 0.191 0.192 0.135 0.231 0.269 0.288 0.178 0.043 0.052 0.154 0.200 0.443 0.176 0.021 0.034 0.009 0.005 0.036 0.195 0.101 0.111 0.205 0.422 0.048 0.071 0.112 0.123 0.048 2.140 2.485 2.681 2.932 3.133 3.430 3.889 4.291 4.485 4.452 4.306 4.254 4.335 4.382 4.530 4.561 4.585 4.692 4.716 4.722 4.757 4.809 4.757 4.675 4.607 4.458 4.367 4.169 4.061 3.775 3.468 3.286 2.991 2.664 2.211 1.929
0.079 0.112 0.093 0.153 0.192 0.000 0.004 0.022 0.010 0.000 0.051 0.233 0.128 0.174 0.133 0.250 0.215 0.393 0.224 0.091 0.051 0.090 0.176 0.291 0.837 0.130 0.057 0.051 0.072 0.102 0.169 0.063 0.201 0.236 0.316 0.557 0.100 0.057 0.103 0.000 0.069 0.011 2.246 2.463 2.688 2.950 3.374 3.799 4.290 4.503 4.463 4.332 4.245 4.340 4.416 4.495 4.595 4.605 4.643 4.688 4.774 4.822 4.872 4.875 4.821 4.689 4.602 4.495 4.329 4.112 4.017 3.818 3.723 3.378 2.887 2.511 2.195
