includes/estuary_coast/floodfiles/results/res-0005.wdfp
ncols         730
nrows         472
xllcorner     380617.130607
yllcorner     6542069.774949
cellsize      20.000000
NODATA_value  -9999.000000
[rows 102 to 135 of 472, columns 0 to 76 of 730]
0.000 0.009 0.007 0.021 0.041 0.051 0.063 0.071 0.090 0.114 0.136 0.154 0.157 0.153 0.138 0.133 0.002 0.011 0.017 0.001 0.002 0.000 0.000 0.000 0.001 0.000 0.000 0.000 0.045 0.000 0.009 0.033 0.011 0.016 0.019 0.007 0.000 0.052 0.003 0.022 0.009 0.083 0.011 0.032 0.034 0.022 0.090 0.084 0.143 0.081 0.076 0.000 0.000 0.001 0.000 0.092 0.084 0.043 0.000 0.000 0.001 0.000 0.000 0.444 0.000 0.000 0.000 0.085 0.000 0.009 0.000 0.001 0.000 0.035 0.031 0.000 0.002
0.000 0.002 0.005 0.010 0.026 0.051 0.056 0.060 0.074 0.093 0.133 0.164 0.185 0.175 0.158 0.151 0.159 0.000 0.009 0.083 0.027 0.000 0.008 0.005 0.000 0.003 0.057 0.002 0.004 0.001 0.000 0.000 0.000 0.066 0.000 0.035 0.003 0.006 0.000 0.021 0.000 0.024 0.053 0.157 0.029 0.031 0.023 0.030 0.000 0.125 0.131 0.082 0.006 0.000 0.080 0.007 0.000 0.032 0.057 0.000 0.039 0.027 0.116 0.045 0.000 0.000 0.003 0.045 0.002 0.023 0.000 0.076 0.000 0.005 0.000 0.001 0.000
0.000 0.002 0.003 0.006 0.022 0.047 0.058 0.055 0.055 0.070 0.125 0.180 0.213 0.192 0.161 0.169 0.203 0.215 0.003 0.000 0.011 0.017 0.043 0.003 0.009 0.002 0.000 0.004 0.006 0.007 0.057 0.040 0.008 0.014 0.131 0.006 0.000 0.000 0.000 0.024 0.016 0.011 0.000 0.000 0.037 0.054 0.002 0.056 0.180 0.048 0.226 0.081 0.037 0.057 0.000 0.000 0.000 0.000 0.039 0.044 0.000 0.000 0.312 0.000 0.000 0.004 0.003 0.000 0.000 0.009 0.000 0.000 0.000 0.004 0.025 0.000 0.002
0.000 0.002 0.003 0.003 0.009 0.034 0.054 0.045 0.032 0.046 0.087 0.155 0.186 0.166 0.144 0.175 0.253 0.296 0.002 0.034 0.107 0.022 0.014 0.048 0.004 0.003 0.000 0.023 0.009 0.006 0.000 0.028 0.010 0.000 0.105 0.081 0.002 0.000 0.000 0.006 0.010 0.009 0.000 0.008 0.032 0.003 0.010 0.008 0.099 0.005 0.069 0.050 0.216 0.067 0.018 0.000 0.022 0.000 0.000 0.050 0.057 0.004 0.365 0.000 0.008 0.117 0.086 0.000 0.000 0.010 0.003 0.000 0.000 0.000 0.004 0.000 0.002
0.000 0.004 0.003 0.003 0.008 0.017 0.033 0.023 0.006 0.005 0.032 0.070 0.102 0.087 0.092 0.160 0.259 0.315 0.237 0.013 0.015 0.051 0.040 0.027 0.100 0.131 0.050 0.059 0.000 0.046 0.014 0.001 0.004 0.057 0.003 0.026 0.013 0.000 0.028 0.009 0.000 0.056 0.144 0.001 0.032 0.000 0.000 0.014 0.016 0.008 0.000 0.058 0.138 0.057 0.113 0.000 0.000 0.003 0.000 0.000 0.090 0.002 0.516 0.386 0.000 0.000 0.000 0.000 0.000 0.006 0.006 0.000 0.000 0.000 0.071 0.000 0.015
0.000 0.004 0.003 0.002 0.009 0.011 0.025 0.012 0.005 0.000 0.000 0.004 0.005 0.009 0.022 0.077 0.146 0.187 0.137 0.083 0.005 0.023 0.034 0.020 0.029 0.008 0.044 0.066 0.043 0.039 0.018 0.008 0.059 0.000 0.000 0.000 0.098 0.011 0.027 0.001 0.000 0.000 0.010 0.046 0.035 0.017 0.000 0.024 0.000 0.015 0.064 0.022 0.101 0.125 0.130 0.079 0.002 0.002 0.000 0.000 0.044 0.136 0.000 0.322 0.027 0.083 0.000 0.047 0.019 0.000 0.011 0.041 0.000 0.114 0.005 0.007 0.108
0.000 0.000 0.001 0.000 0.000 0.000 0.029 0.012 0.003 0.000 0.002 0.002 0.000 0.005 0.003 0.002 0.013 0.037 0.025 0.000 0.011 0.006 0.007 0.009 0.012 0.000 0.002 0.003 0.010 0.010 0.021 0.021 0.014 0.048 0.019 0.000 0.040 0.014 0.180 0.001 0.000 0.002 0.062 0.000 0.053 0.053 0.000 0.073 0.004 0.000 0.000 0.012 0.213 0.050 0.003 0.132 0.122 0.024 0.015 0.062 0.004 0.017 0.164 0.256 0.000 0.070 0.040 0.053 0.000 0.035 0.102 0.000 0.005 0.011 0.000 0.000 0.000
0.000 0.000 0.004 0.000 0.002 0.000 0.013 0.006 0.008 0.000 0.028 0.000 0.017 0.003 0.000 0.000 0.000 0.000 0.000 0.000 0.026 0.000 0.000 0.000 0.030 0.058 0.000 0.006 0.002 0.005 0.001 0.000 0.067 0.073 0.016 0.079 0.000 0.013 0.045 0.003 0.019 0.018 0.014 0.022 0.023 0.022 0.130 0.017 0.002 0.001 0.003 0.098 0.026 0.029 0.072 0.058 0.090 0.075 0.059 0.029 0.058 0.038 0.018 0.081 0.026 0.145 0.008 0.141 0.019 0.011 0.000 0.000 0.005 0.003 0.054 0.079 0.000
0.000 0.000 0.002 0.000 0.028 0.001 0.028 0.018 0.000 0.000 0.087 0.001 0.000 0.041 0.002 0.000 0.000 0.002 0.001 0.000 0.009 0.000 0.000 0.000 0.006 0.012 0.000 0.002 0.003 0.005 0.001 0.001 0.012 0.130 0.004 0.013 0.000 0.000 0.026 0.009 0.021 0.004 0.002 0.001 0.047 0.087 0.005 0.064 0.000 0.002 0.000 0.000 0.000 0.000 0.175 0.091 0.074 0.062 0.024 0.101 0.182 0.080 0.131 0.186 0.172 0.000 0.000 0.039 0.323 0.000 0.081 0.004 0.000 0.000 0.083 0.003 0.028
0.000 0.000 0.005 0.062 0.000 0.096 0.000 0.106 0.000 0.070 0.173 0.003 0.000 0.006 0.004 0.000 0.000 0.001 0.000 0.000 0.116 0.000 0.000 0.000 0.000 0.036 0.005 0.001 0.005 0.001 0.001 0.018 0.000 0.015 0.010 0.012 0.117 0.035 0.001 0.076 0.008 0.008 0.047 0.000 0.000 0.013 0.007 0.021 0.091 0.002 0.000 0.147 0.000 0.001 0.000 0.000 0.017 0.194 0.136 0.000 0.029 0.022 0.014 0.000 0.171 0.102 0.007 0.052 0.089 0.210 0.204 0.129 0.033 0.000 0.000 0.038 0.060
0.000 0.000 0.000 0.011 0.000 0.000 0.001 0.153 0.000 0.000 0.000 0.157 0.006 0.003 0.006 0.000 0.000 0.002 0.165 0.124 0.011 0.097 0.000 0.000 0.021 0.013 0.000 0.000 0.007 0.002 0.000 0.000 0.019 0.004 0.000 0.000 0.041 0.006 0.001 0.020 0.087 0.102 0.000 0.000 0.000 0.000 0.005 0.022 0.016 0.097 0.000 0.000 0.000 0.000 0.000 0.000 0.000 0.037 0.049 0.000 0.086 0.001 0.044 0.000 0.000 0.031 0.022 0.000 0.159 0.000 0.039 0.000 0.040 0.000 0.000 0.003 0.000
0.000 0.000 0.000 0.001 0.000 0.000 0.000 0.073 0.000 0.000 0.352 0.000 0.035 0.000 0.023 0.000 0.000 0.045 0.000 0.097 0.041 0.001 0.003 0.000 0.009 0.009 0.000 0.000 0.039 0.000 0.029 0.000 0.026 0.002 0.005 0.079 0.039 0.000 0.035 0.000 0.000 0.034 0.111 0.066 0.000 0.000 0.114 0.034 0.041 0.098 0.008 0.008 0.000 0.109 0.000 0.000 0.000 0.012 0.041 0.032 0.000 0.108 0.030 0.030 0.000 0.107 0.003 0.078 0.000 0.262 0.094 0.000 0.000 0.075 0.000 0.002 0.000
0.000 0.000 0.000 0.000 0.000 0.000 0.003 0.027 0.080 0.000 0.000 0.000 0.000 0.000 0.007 0.063 0.000 0.018 0.000 0.013 0.006 0.000 0.003 0.005 0.007 0.013 0.000 0.000 0.006 0.000 0.000 0.014 0.000 0.000 0.011 0.007 0.011 0.047 0.000 0.000 0.001 0.032 0.052 0.079 0.003 0.000 0.000 0.011 0.108 0.005 0.005 0.144 0.000 0.000 0.000 0.000 0.018 0.022 0.000 0.020 0.012 0.000 0.019 0.017 0.000 0.010 0.094 0.006 0.002 0.000 0.267 0.127 0.000 0.147 0.000 0.003 0.042
0.000 0.000 0.000 0.001 0.000 0.061 0.000 0.038 0.223 0.000 0.000 0.000 0.000 0.000 0.000 0.006 0.000 0.000 0.000 0.000 0.027 0.079 0.002 0.000 0.037 0.009 0.000 0.000 0.080 0.000 0.064 0.000 0.000 0.036 0.000 0.071 0.001 0.085 0.002 0.000 0.000 0.000 0.007 0.026 0.007 0.000 0.000 0.018 0.000 0.005 0.055 0.000 0.000 0.000 0.000 0.000 0.013 0.003 0.036 0.008 0.045 0.000 0.004 0.137 0.000 0.000 0.000 0.004 0.001 0.103 0.086 0.028 0.000 0.000 0.000 0.000 0.000
0.000 0.000 0.000 0.000 0.001 0.001 0.000 0.033 0.000 0.092 0.000 0.000 0.000 0.000 0.000 0.093 0.046 0.000 0.000 0.000 0.083 0.076 0.000 0.125 0.000 0.125 0.002 0.002 0.049 0.000 0.000 0.005 0.000 0.002 0.068 0.016 0.005 0.005 0.004 0.000 0.000 0.002 0.056 0.006 0.066 0.000 0.047 0.017 0.000 0.063 0.011 0.000 0.000 0.001 0.000 0.000 0.011 0.009 0.006 0.006 0.060 0.000 0.007 0.019 0.018 0.000 0.000 0.005 0.000 0.312 0.041 0.028 0.011 0.008 0.275 0.000 0.016
0.000 0.000 0.000 0.104 0.033 0.000 0.081 0.031 0.000 0.039 0.000 0.000 0.000 0.031 0.000 0.000 0.145 0.000 0.086 0.000 0.020 0.000 0.097 0.012 0.072 0.017 0.005 0.000 0.005 0.069 0.000 0.000 0.003 0.059 0.000 0.008 0.011 0.002 0.073 0.048 0.000 0.001 0.010 0.010 0.000 0.122 0.005 0.016 0.000 0.000 0.012 0.174 0.008 0.060 0.000 0.061 0.026 0.006 0.004 0.004 0.016 0.011 0.021 0.003 0.052 0.000 0.000 0.004 0.000 0.007 0.261 0.014 0.000 0.021 0.000 0.066 0.106
0.000 0.000 0.000 0.000 0.029 0.000 0.080 0.006 0.008 0.084 0.152 0.000 0.000 0.000 0.000 0.000 0.065 0.043 0.000 0.000 0.009 0.011 0.011 0.000 0.037 0.004 0.034 0.000 0.006 0.003 0.000 0.000 0.030 0.000 0.000 0.000 0.092 0.173 0.000 0.011 0.001 0.002 0.002 0.027 0.012 0.000 0.214 0.009 0.000 0.000 0.000 0.009 0.000 0.200 0.000 0.004 0.062 0.041 0.005 0.004 0.006 0.001 0.034 0.138 0.014 0.071 0.000 0.005 0.005 0.000 0.046 0.143 0.130 0.003 0.007 0.004 0.007
0.000 0.000 0.000 0.037 0.000 0.000 0.166 0.009 0.000 0.024 0.330 0.000 0.000 0.034 0.000 0.000 0.000 0.013 0.023 0.071 0.093 0.000 0.035 0.000 0.000 0.100 0.000 0.000 0.072 0.002 0.000 0.000 0.107 0.000 0.047 0.000 0.021 0.166 0.000 0.096 0.000 0.032 0.000 0.005 0.013 0.016 0.000 0.144 0.000 0.000 0.000 0.006 0.006 0.062 0.000 0.006 0.000 0.015 0.019 0.000 0.002 0.114 0.000 0.003 0.049 0.105 0.000 0.000 0.005 0.088 0.029 0.056 0.030 0.044 0.000 0.010 0.006
0.000 0.000 0.000 0.000 0.000 0.000 0.021 0.244 0.000 0.006 0.000 0.000 0.000 0.001 0.000 0.000 0.024 0.000 0.000 0.026 0.000 0.000 0.000 0.000 0.000 0.018 0.036 0.000 0.003 0.003 0.000 0.000 0.000 0.073 0.000 0.000 0.000 0.082 0.002 0.000 0.000 0.007 0.012 0.013 0.000 0.103 0.000 0.071 0.103 0.000 0.000 0.000 0.050 0.007 0.033 0.062 0.025 0.013 0.018 0.007 0.001 0.000 0.072 0.011 0.005 0.047 0.134 0.003 0.053 0.005 0.026 0.017 0.005 0.000 0.000 0.000 0.000
0.000 0.002 0.000 0.000 0.000 0.000 0.000 0.088 0.027 0.010 0.020 0.155 0.028 0.145 0.000 0.000 0.000 0.006 0.000 0.036 0.000 0.002 0.000 0.000 0.000 0.014 0.000 0.075 0.000 0.005 0.000 0.104 0.000 0.085 0.023 0.000 0.000 0.012 0.003 0.039 0.000 0.005 0.042 0.000 0.000 0.010 0.074 0.001 0.114 0.029 0.006 0.000 0.000 0.000 0.000 0.047 0.214 0.069 0.054 0.000 0.029 0.000 0.008 0.000 0.000 0.027 0.013 0.061 0.004 0.120 0.015 0.052 0.022 0.078 0.046 0.000 0.000
0.000 0.002 0.000 0.000 0.044 0.000 0.000 0.249 0.014 0.016 0.000 0.036 0.270 0.000 0.000 0.000 0.000 0.012 0.000 0.022 0.012 0.000 0.000 0.000 0.000 0.062 0.000 0.000 0.000 0.114 0.000 0.024 0.000 0.206 0.000 0.000 0.000 0.011 0.047 0.073 0.002 0.009 0.005 0.000 0.000 0.069 0.000 0.002 0.002 0.007 0.008 0.000 0.137 0.000 0.000 0.000 0.002 0.021 0.027 0.000 0.002 0.027 0.084 0.000 0.000 0.011 0.135 0.000 0.000 0.332 0.024 0.000 0.000 0.066 0.120 0.005 0.000
0.000 0.000 0.000 0.000 0.000 0.006 0.000 0.205 0.005 0.004 0.006 0.113 0.013 0.154 0.000 0.000 0.032 0.000 0.000 0.006 0.012 0.000 0.000 0.000 0.003 0.008 0.007 0.015 0.063 0.004 0.051 0.153 0.000 0.000 0.000 0.000 0.000 0.091 0.000 0.000 0.033 0.000 0.012 0.063 0.000 0.008 0.068 0.015 0.169 0.000 0.042 0.048 0.000 0.197 0.000 0.002 0.000 0.064 0.065 0.000 0.055 0.012 0.003 0.034 0.007 0.009 0.016 0.082 0.035 0.033 0.028 0.000 0.003 0.010 0.011 0.138 0.069
0.000 0.000 0.000 0.014 0.000 0.000 0.000 0.133 0.004 0.006 0.004 0.000 0.013 0.220 0.000 0.104 0.021 0.039 0.000 0.000 0.213 0.000 0.000 0.140 0.063 0.004 0.000 0.000 0.067 0.002 0.003 0.001 0.055 0.000 0.000 0.004 0.020 0.119 0.000 0.000 0.000 0.000 0.202 0.002 0.140 0.031 0.000 0.003 0.073 0.000 0.024 0.062 0.014 0.000 0.000 0.000 0.000 0.078 0.015 0.021 0.000 0.021 0.008 0.000 0.000 0.000 0.000 0.000 0.000 0.115 0.031 0.045 0.000 0.045 0.023 0.000 0.054
0.000 0.048 0.000 0.045 0.000 0.001 0.060 0.127 0.000 0.037 0.006 0.122 0.023 0.000 0.000 0.000 0.064 0.093 0.004 0.032 0.017 0.000 0.000 0.000 0.002 0.007 0.002 0.076 0.003 0.004 0.005 0.051 0.023 0.054 0.000 0.000 0.011 0.000 0.024 0.018 0.000 0.000 0.005 0.037 0.038 0.028 0.000 0.052 0.002 0.048 0.000 0.008 0.003 0.017 0.007 0.050 0.000 0.000 0.014 0.023 0.002 0.001 0.054 0.027 0.000 0.000 0.000 0.018 0.074 0.024 0.071 0.156 0.000 0.000 0.000 0.000 0.000
0.000 0.000 0.025 0.000 0.000 0.000 0.000 0.065 0.018 0.000 0.000 0.000 0.062 0.052 0.015 0.109 0.004 0.000 0.004 0.038 0.000 0.133 0.000 0.000 0.096 0.000 0.000 0.000 0.004 0.000 0.034 0.008 0.002 0.000 0.000 0.000 0.131 0.224 0.005 0.120 0.011 0.007 0.079 0.000 0.002 0.003 0.001 0.187 0.000 0.003 0.000 0.015 0.195 0.003 0.065 0.000 0.000 0.002 0.026 0.000 0.129 0.000 0.044 0.000 0.000 0.025 0.000 0.000 0.000 0.000 0.000 0.168 0.027 0.000 0.000 0.000 0.000
0.000 0.001 0.018 0.000 0.000 0.000 0.070 0.000 0.003 0.000 0.000 0.000 0.069 0.000 0.000 0.000 0.006 0.033 0.000 0.016 0.000 0.004 0.011 0.002 0.004 0.016 0.101 0.000 0.032 0.003 0.003 0.002 0.019 0.000 0.000 0.001 0.022 0.089 0.000 0.000 0.000 0.000 0.000 0.025 0.002 0.000 0.001 0.004 0.000 0.003 0.070 0.145 0.000 0.079 0.001 0.000 0.003 0.000 0.036 0.024 0.002 0.051 0.008 0.000 0.122 0.000 0.000 0.000 0.015 0.000 0.000 0.031 0.009 0.153 0.000 0.000 0.012
0.000 0.001 0.001 0.000 0.000 0.000 0.142 0.191 0.005 0.000 0.000 0.096 0.084 0.119 0.000 0.000 0.008 0.001 0.000 0.011 0.019 0.080 0.000 0.000 0.000 0.000 0.216 0.132 0.000 0.000 0.051 0.000 0.000 0.000 0.009 0.148 0.070 0.000 0.000 0.000 0.000 0.000 0.009 0.000 0.002 0.056 0.002 0.003 0.002 0.157 0.002 0.214 0.005 0.000 0.106 0.130 0.000 0.035 0.174 0.000 0.014 0.004 0.004 0.029 0.395 0.005 0.000 0.000 0.000 0.000 0.000 0.045 0.026 0.016 0.028 0.058 0.007
0.000 0.000 0.001 0.000 0.000 0.000 0.031 0.053 0.130 0.000 0.025 0.000 0.081 0.136 0.037 0.000 0.046 0.000 0.000 0.000 0.053 0.065 0.021 0.000 0.000 0.000 0.000 0.001 0.000 0.046 0.037 0.024 0.000 0.010 0.002 0.000 0.175 0.012 0.007 0.004 0.174 0.000 0.000 0.000 0.000 0.000 0.005 0.000 0.002 0.000 0.005 0.003 0.023 0.000 0.069 0.000 0.019 0.039 0.009 0.052 0.000 0.068 0.083 0.000 0.067 0.000 0.000 0.098 0.000 0.000 0.000 0.052 0.000 0.059 0.027 0.007 0.101
0.000 0.000 0.022 0.092 0.000 0.000 0.003 0.000 0.107 0.000 0.050 0.000 0.027 0.138 0.003 0.004 0.002 0.073 0.000 0.000 0.000 0.006 0.005 0.005 0.054 0.019 0.000 0.000 0.014 0.021 0.000 0.012 0.000 0.001 0.001 0.016 0.124 0.007 0.004 0.000 0.044 0.042 0.000 0.044 0.025 0.017 0.003 0.000 0.015 0.000 0.000 0.108 0.000 0.086 0.000 0.000 0.071 0.012 0.015 0.000 0.000 0.002 0.082 0.019 0.016 0.000 0.000 0.000 0.000 0.000 0.000 0.063 0.000 0.005 0.014 0.027 0.005
0.000 0.000 0.000 0.035 0.011 0.000 0.004 0.017 0.001 0.001 0.201 0.000 0.074 0.200 0.000 0.038 0.121 0.000 0.002 0.056 0.087 0.000 0.019 0.005 0.002 0.003 0.000 0.037 0.000 0.031 0.017 0.001 0.069 0.000 0.000 0.013 0.000 0.026 0.007 0.009 0.017 0.011 0.000 0.036 0.000 0.020 0.001 0.001 0.031 0.000 0.003 0.166 0.056 0.000 0.235 0.000 0.000 0.068 0.155 0.006 0.000 0.000 0.102 0.233 0.160 0.089 0.001 0.003 0.007 0.000 0.016 0.030 0.000 0.000 0.065 0.008 0.005
0.000 0.000 0.000 0.000 0.053 0.000 0.171 0.000 0.020 0.000 0.000 0.000 0.018 0.013 0.039 0.015 0.045 0.005 0.035 0.009 0.015 0.012 0.004 0.005 0.009 0.005 0.000 0.000 0.000 0.001 0.016 0.000 0.000 0.002 0.001 0.042 0.001 0.000 0.032 0.025 0.000 0.097 0.024 0.001 0.000 0.000 0.047 0.000 0.000 0.000 0.018 0.074 0.001 0.009 0.000 0.007 0.000 0.000 0.084 0.039 0.000 0.000 0.008 0.021 0.000 0.009 0.000 0.000 0.001 0.000 0.042 0.000 0.000 0.000 0.055 0.016 0.000
0.000 0.000 0.000 0.000 0.000 0.000 0.001 0.000 0.000 0.000 0.000 0.000 0.000 0.000 0.015 0.002 0.166 0.012 0.000 0.043 0.000 0.123 0.004 0.077 0.074 0.048 0.011 0.002 0.001 0.001 0.000 0.028 0.000 0.001 0.098 0.000 0.009 0.000 0.003 0.002 0.020 0.010 0.000 0.054 0.017 0.004 0.000 0.025 0.000 0.007 0.069 0.035 0.007 0.002 0.002 0.000 0.000 0.068 0.000 0.094 0.009 0.000 0.000 0.000 0.000 0.002 0.001 0.014 0.000 0.039 0.017 0.000 0.038 0.000 0.064 0.105 0.041
0.000 0.000 0.000 0.000 0.000 0.000 0.002 0.025 0.000 0.000 0.000 0.000 0.000 0.029 0.065 0.000 0.000 0.000 0.009 0.000 0.025 0.000 0.032 0.090 0.000 0.000 0.005 0.002 0.000 0.003 0.002 0.000 0.000 0.002 0.000 0.013 0.002 0.000 0.000 0.015 0.008 0.030 0.012 0.000 0.000 0.000 0.065 0.000 0.031 0.000 0.000 0.000 0.074 0.001 0.001 0.007 0.000 0.000 0.000 0.026 0.027 0.000 0.000 0.000 0.000 0.000 0.000 0.005 0.066 0.124 0.010 0.047 0.001 0.009 0.000 0.007 0.377
0.000 0.000 0.000 0.000 0.000 0.000 0.000 0.001 0.000 0.000 0.000 0.000 0.000 0.000 0.007 0.000 0.057 0.000 0.001 0.000 0.000 0.000 0.002 0.036 0.026 0.003 0.003 0.003 0.035 0.000 0.002 0.073 0.001 0.025 0.000 0.000 0.002 0.000 0.002 0.000 0.000 0.000 0.036 0.007 0.022 0.078 0.117 0.034 0.036 0.000 0.000 0.043 0.000 0.021 0.000 0.021 0.002 0.000 0.000 0.179 0.009 0.109 0.061 0.050 0.000 0.000 0.043 0.000 0.010 0.000 0.029 0.054 0.000 0.028 0.000 0.049 0.144
