includes/estuary_coast/floodfiles/results/res-0009.wdfp
ncols         730
nrows         472
xllcorner     380617.130607
yllcorner     6542069.774949
cellsize      20.000000
NODATA_value  -9999.000000
[rows 408 to 441 of 472, columns 0 to 76 of 730]
1.950 1.949 1.942 1.909 1.886 1.860 1.837 1.822 1.816 1.800 1.796 1.767 1.754 1.737 1.697 1.694 1.652 1.626 1.611 1.601 1.580 1.568 1.550 1.525 1.494 1.454 1.421 1.406 1.414 1.436 1.450 1.460 1.463 1.459 1.455 1.456 1.461 1.476 0.401 0.559 0.544 0.487 0.594 0.512 0.704 0.577 0.614 0.611 0.587 0.471 0.357 0.166 0.383 0.452 0.316 0.135 0.323 0.434 0.408 0.340 0.362 0.242 0.340 0.289 0.355 0.300 0.292 0.233 0.338 0.154 0.208 0.210 0.006 0.042 0.028 0.001 0.036
1.948 1.944 1.919 1.890 1.857 1.827 1.800 1.775 1.771 1.765 1.758 1.739 1.701 1.681 1.663 1.646 1.631 1.612 1.601 1.575 1.567 1.554 1.538 1.517 1.490 1.458 1.432 1.420 1.426 1.443 1.452 1.459 1.457 1.449 1.440 1.439 1.449 0.553 0.569 0.615 0.552 0.529 0.604 0.542 0.539 0.676 0.602 0.565 0.662 0.516 0.529 0.466 0.206 0.412 0.514 0.627 0.312 0.240 0.311 0.236 0.558 0.386 0.251 0.359 0.269 0.442 0.455 0.299 0.158 0.205 0.217 0.000 0.233 0.104 0.212 0.204 0.136
1.942 1.933 1.901 1.869 1.833 1.798 1.765 1.754 1.754 1.746 1.727 1.698 1.673 1.649 1.630 1.616 1.601 1.594 1.586 1.560 1.550 1.540 1.526 1.510 1.492 1.472 1.451 1.444 1.436 1.444 1.452 1.461 1.455 1.442 1.430 1.428 0.643 0.603 0.628 0.553 0.590 0.540 0.492 0.560 0.491 0.654 0.601 0.583 0.571 0.473 0.543 0.435 0.467 0.392 0.634 0.379 0.528 0.586 0.401 0.237 0.209 0.256 0.238 0.435 0.251 0.294 0.374 0.237 0.266 0.281 0.036 0.026 0.048 0.022 0.006 0.006 0.007
1.912 1.894 1.871 1.842 1.813 1.782 1.755 1.748 1.747 1.738 1.707 1.676 1.647 1.617 1.596 1.582 1.578 1.575 1.554 1.545 1.533 1.513 1.502 1.481 1.470 1.463 1.457 1.448 1.450 1.455 1.459 1.459 1.451 1.445 1.432 1.431 0.555 0.588 0.604 0.701 0.566 0.674 0.630 0.540 0.502 0.454 0.512 0.584 0.618 0.605 0.518 0.495 0.450 0.465 0.593 0.264 0.337 0.463 0.505 0.678 0.337 0.236 0.316 0.280 0.250 0.248 0.174 0.208 0.293 0.085 0.085 0.046 0.059 0.107 0.006 0.000 0.029
1.876 1.861 1.841 1.818 1.794 1.765 1.753 1.745 1.741 1.727 1.691 1.656 1.620 1.585 1.563 1.556 1.559 1.554 1.525 1.510 1.495 1.482 1.472 1.468 1.464 1.463 1.454 1.456 1.462 1.466 1.468 1.467 1.458 1.455 1.446 1.445 0.685 0.663 0.656 0.584 0.656 0.652 0.692 0.557 0.676 0.573 0.569 0.467 0.421 0.655 0.622 0.543 0.418 0.381 0.420 0.297 0.298 0.246 0.441 0.446 0.459 0.459 0.412 0.139 0.141 0.092 0.251 0.224 0.229 0.133 0.153 0.089 0.036 0.070 0.042 0.044 0.000
1.833 1.827 1.810 1.792 1.776 1.750 1.735 1.733 1.725 1.700 1.671 1.636 1.600 1.566 1.545 1.541 1.540 1.529 1.515 1.496 1.476 1.460 1.450 1.448 1.452 1.459 1.457 1.464 1.470 1.475 1.480 1.482 1.474 1.467 1.466 1.467 0.728 0.717 0.757 0.860 0.612 0.548 0.569 0.596 0.613 0.421 0.531 0.352 0.464 0.529 0.486 0.357 0.475 0.560 0.477 0.514 0.327 0.353 0.305 0.439 0.416 0.424 0.300 0.512 0.259 0.114 0.257 0.128 0.203 0.134 0.166 0.182 0.048 0.036 0.043 0.053 0.175
1.788 1.773 1.759 1.747 1.735 1.716 1.715 1.696 1.691 1.674 1.651 1.623 1.589 1.560 1.543 1.539 1.537 1.523 1.504 1.480 1.455 1.435 1.425 1.427 1.435 1.443 1.458 1.475 1.486 1.495 1.501 1.500 1.491 1.486 1.482 1.489 1.491 0.675 0.785 0.765 0.780 0.678 0.594 0.568 0.429 0.524 0.509 0.526 0.290 0.299 0.372 0.364 0.382 0.308 0.338 0.554 0.366 0.322 0.294 0.339 0.148 0.256 0.359 0.272 0.525 0.377 0.285 0.132 0.053 0.066 0.121 0.099 0.120 0.097 0.007 0.073 0.075
1.748 1.729 1.722 1.709 1.703 1.686 1.667 1.665 1.662 1.648 1.630 1.608 1.586 1.561 1.541 1.537 1.532 1.513 1.492 1.465 1.437 1.413 1.399 1.404 1.422 1.440 1.463 1.485 1.503 1.516 1.521 1.518 1.512 1.506 1.501 1.500 1.511 0.423 0.631 0.754 0.843 0.766 0.649 0.558 0.554 0.458 0.547 0.633 0.333 0.572 0.311 0.335 0.339 0.354 0.406 0.472 0.499 0.405 0.273 0.221 0.179 0.120 0.271 0.318 0.273 0.403 0.145 0.170 0.304 0.093 0.090 0.055 0.059 0.072 0.048 0.092 0.088
1.717 1.693 1.673 1.661 1.655 1.652 1.637 1.635 1.614 1.604 1.591 1.594 1.566 1.542 1.536 1.530 1.515 1.501 1.480 1.454 1.426 1.401 1.387 1.393 1.414 1.438 1.467 1.498 1.525 1.543 1.547 1.542 1.534 1.525 1.520 0.656 0.560 0.726 0.594 0.646 0.716 0.684 0.746 0.725 0.648 0.574 0.509 0.407 0.610 0.382 0.257 0.440 0.294 0.341 0.416 0.352 0.300 0.456 0.276 0.157 0.239 0.151 0.256 0.255 0.127 0.124 0.335 0.083 0.048 0.045 0.000 0.000 0.202 0.122 0.116 0.077 0.107
1.686 1.654 1.628 1.606 1.607 1.610 1.609 1.608 1.588 1.579 1.570 1.563 1.555 1.532 1.519 1.510 1.501 1.488 1.470 1.449 1.424 1.406 1.394 1.399 1.418 1.442 1.475 1.512 1.548 1.574 1.580 1.569 1.551 1.539 0.521 0.888 0.723 0.662 0.724 0.711 0.590 0.757 0.814 0.706 0.634 0.769 0.653 0.592 0.453 0.484 0.575 0.265 0.359 0.257 0.310 0.305 0.281 0.195 0.337 0.184 0.205 0.238 0.017 0.059 0.076 0.068 0.009 0.299 0.257 0.018 0.017 0.063 0.080 0.096 0.000 0.113 0.150
1.659 1.610 1.581 1.570 1.576 1.576 1.578 1.571 1.563 1.552 1.543 1.542 1.522 1.518 1.506 1.501 1.488 1.476 1.462 1.446 1.422 1.415 1.409 1.413 1.425 1.449 1.483 1.524 1.568 1.600 1.606 1.587 1.563 0.804 0.768 0.679 0.711 0.785 0.766 0.569 0.806 0.634 0.635 0.693 0.795 0.645 0.654 0.545 0.573 0.519 0.335 0.722 0.310 0.291 0.405 0.365 0.144 0.233 0.167 0.207 0.218 0.058 0.003 0.000 0.000 0.038 0.000 0.000 0.094 0.001 0.134 0.000 0.009 0.043 0.006 0.021 0.018
1.637 1.587 1.557 1.548 1.555 1.557 1.556 1.554 1.541 1.528 1.518 1.508 1.493 1.496 1.493 1.475 1.467 1.457 1.447 1.434 1.427 1.419 1.415 1.419 1.430 1.451 1.483 1.524 1.569 1.602 1.608 1.589 0.699 0.672 0.724 0.718 0.754 0.683 0.820 0.795 0.470 0.719 0.717 0.512 0.552 0.652 0.634 0.504 0.412 0.498 0.433 0.437 0.405 0.602 0.221 0.190 0.255 0.263 0.147 0.029 0.092 0.284 0.000 0.037 0.007 0.010 0.038 0.000 0.015 0.023 0.134 0.187 0.005 0.068 0.013 0.016 0.117
1.625 1.580 1.555 1.547 1.553 1.551 1.547 1.535 1.517 1.503 1.483 1.480 1.479 1.474 1.472 1.466 1.458 1.448 1.437 1.429 1.425 1.418 1.416 1.417 1.426 1.443 1.470 1.508 1.547 1.576 1.583 0.636 0.655 0.668 0.734 0.870 0.675 0.822 0.769 0.698 0.789 0.522 0.584 0.725 0.557 0.545 0.528 0.719 0.671 0.521 0.432 0.491 0.359 0.376 0.430 0.368 0.223 0.293 0.106 0.085 0.032 0.003 0.372 0.050 0.000 0.000 0.005 0.009 0.027 0.015 0.015 0.141 0.146 0.000 0.000 0.032 0.008
1.603 1.572 1.560 1.555 1.556 1.547 1.539 1.523 1.503 1.477 1.466 1.466 1.467 1.465 1.464 1.457 1.449 1.441 1.434 1.423 1.420 1.412 1.407 1.402 1.406 1.419 1.445 1.475 1.509 0.699 0.753 0.767 0.732 0.794 0.781 0.711 0.736 0.710 0.689 0.779 0.826 0.686 0.688 0.514 0.613 0.361 0.676 0.524 0.488 0.482 0.431 0.434 0.278 0.355 0.372 0.209 0.424 0.176 0.112 0.190 0.000 0.037 0.000 0.094 0.043 0.000 0.000 0.024 0.000 0.007 0.031 0.052 0.102 0.162 0.030 0.055 0.032
1.595 1.570 1.565 1.548 1.546 1.541 1.532 1.516 1.495 1.470 1.460 1.460 1.463 1.460 1.454 1.449 0.483 0.507 1.428 1.423 1.410 1.402 1.392 1.380 1.378 1.384 1.395 1.424 0.644 0.652 0.723 0.560 0.738 0.876 0.778 0.785 0.627 0.730 0.677 0.551 0.777 0.846 0.752 0.496 0.456 0.504 0.570 0.571 0.446 0.386 0.432 0.665 0.494 0.401 0.078 0.177 0.283 0.322 0.305 0.072 0.000 0.000 0.000 0.000 0.006 0.095 0.000 0.012 0.003 0.000 0.000 0.000 0.001 0.000 0.249 0.093 0.010
1.578 1.560 1.543 1.542 1.539 0.488 0.312 1.513 1.495 1.472 1.462 1.461 1.462 1.457 1.449 1.439 0.506 0.368 0.454 0.346 0.278 0.453 1.363 1.342 1.327 1.324 1.337 0.641 0.668 0.639 0.764 0.646 0.649 0.783 0.762 0.581 0.670 0.641 0.684 0.746 0.630 0.698 0.919 0.788 0.447 0.443 0.490 0.462 0.458 0.359 0.339 0.400 0.405 0.090 0.238 0.155 0.188 0.190 0.173 0.167 0.000 0.000 0.286 0.000 0.000 0.004 0.163 0.000 0.003 0.000 0.036 0.000 0.011 0.000 0.020 0.009 0.093
1.538 1.541 1.529 0.310 0.348 0.426 0.655 0.546 0.640 1.462 1.467 1.452 1.447 1.453 1.444 1.433 0.508 0.485 0.583 0.436 0.382 0.262 0.156 0.645 0.532 1.251 0.656 0.630 0.620 0.702 0.786 0.757 0.817 0.633 0.632 0.695 0.797 0.813 0.621 0.702 0.637 0.522 0.476 0.885 0.848 0.401 0.314 0.413 0.334 0.547 0.528 0.272 0.371 0.212 0.275 0.270 0.147 0.044 0.042 0.117 0.160 0.130 0.003 0.000 0.085 0.037 0.000 0.149 0.084 0.000 0.014 0.000 0.023 0.000 0.000 0.000 0.000
1.479 0.270 0.390 0.304 0.143 0.431 0.480 0.424 0.458 0.352 0.385 0.293 1.440 1.432 1.441 1.430 1.423 0.329 0.319 0.285 0.180 0.200 0.112 0.171 0.490 0.537 0.540 0.503 0.582 0.530 0.721 0.585 0.530 0.527 0.649 0.535 0.575 0.500 0.461 0.531 0.502 0.492 0.429 0.531 0.795 0.820 0.445 0.358 0.203 0.152 0.256 0.187 0.250 0.124 0.000 0.000 0.002 0.000 0.005 0.002 0.000 0.023 0.194 0.000 0.000 0.003 0.000 0.000 0.000 0.000 0.000 0.000 0.000 0.000 0.000 0.000 0.000
0.099 0.100 0.398 0.069 0.269 0.472 0.609 0.494 0.415 0.478 0.507 0.406 0.346 0.426 1.427 1.416 1.415 0.342 0.362 0.267 0.333 0.279 0.257 0.147 0.068 0.207 0.430 0.684 0.631 0.701 0.690 0.617 0.712 0.633 0.550 0.613 0.549 0.468 0.557 0.462 0.524 0.509 0.442 0.443 0.421 0.666 0.690 0.181 0.194 0.320 0.189 0.160 0.040 0.223 0.010 0.053 0.083 0.039 0.001 0.015 0.000 0.000 0.027 0.206 0.000 0.021 0.026 0.000 0.038 0.000 0.171 0.000 0.000 0.000 0.045 0.142 0.079
0.252 0.210 0.217 0.256 0.205 0.443 0.473 0.417 0.418 0.436 0.584 0.374 0.491 0.263 0.292 0.386 0.346 0.112 0.384 0.318 0.359 0.180 0.096 0.131 0.007 0.038 0.251 0.609 0.670 0.609 0.537 0.650 0.599 0.589 0.553 0.657 0.480 0.524 0.467 0.412 0.430 0.490 0.506 0.424 0.383 0.360 0.435 0.679 0.268 0.174 0.173 0.175 0.165 0.122 0.059 0.000 0.135 0.000 0.022 0.003 0.000 0.000 0.000 0.039 0.335 0.003 0.000 0.081 0.007 0.000 0.000 0.088 0.000 0.000 0.000 0.000 0.070
0.167 0.258 0.162 0.361 0.332 0.381 0.500 0.367 0.386 0.477 0.456 0.423 0.471 0.422 0.358 0.193 0.343 0.304 0.212 0.300 0.353 0.202 0.185 0.329 0.113 0.025 0.000 0.208 0.517 0.552 0.599 0.590 0.619 0.651 0.568 0.709 0.547 0.636 0.359 0.374 0.508 0.555 0.513 0.451 0.333 0.436 0.248 0.347 0.688 0.275 0.123 0.093 0.003 0.208 0.003 0.004 0.071 0.000 0.000 0.020 0.026 0.003 0.004 0.027 0.036 0.124 0.225 0.000 0.001 0.000 0.000 0.006 0.046 0.095 0.000 0.000 0.011
0.121 0.122 0.367 0.273 0.148 0.291 0.286 0.371 0.321 0.384 0.467 0.420 0.487 0.436 0.511 0.395 0.028 0.394 0.250 0.126 0.190 0.332 0.120 0.179 0.053 0.004 0.000 0.000 0.000 0.469 0.581 0.626 0.623 0.636 0.537 0.731 0.601 0.568 0.424 0.415 0.273 0.407 0.315 0.291 0.345 0.197 0.231 0.178 0.061 0.710 0.138 0.000 0.083 0.000 0.014 0.000 0.000 0.000 0.000 0.000 0.000 0.000 0.094 0.000 0.003 0.000 0.028 0.000 0.000 0.000 0.000 0.000 0.077 0.003 0.151 0.000 0.000
0.317 0.355 0.225 0.428 0.473 0.395 0.295 0.337 0.291 0.677 0.380 0.470 0.482 0.551 0.520 0.384 0.460 0.007 0.227 0.315 0.115 0.060 0.309 0.218 0.072 0.086 0.000 0.000 0.000 0.059 0.570 0.585 0.717 0.613 0.660 0.623 0.514 0.443 0.512 0.522 0.306 0.549 0.309 0.272 0.256 0.248 0.257 0.154 0.061 0.092 0.716 0.444 0.000 0.000 0.001 0.062 0.000 0.000 0.000 0.000 0.019 0.000 0.006 0.009 0.005 0.000 0.055 0.072 0.048 0.086 0.000 0.015 0.024 0.054 0.007 0.096 0.027
0.337 0.206 0.163 0.129 0.223 0.292 0.416 0.387 0.266 0.272 0.203 0.263 0.436 0.540 0.476 0.427 0.491 0.399 0.214 0.182 0.216 0.241 0.089 0.269 0.139 0.014 0.035 0.000 0.005 0.000 0.033 0.412 0.480 0.665 0.566 0.532 0.616 0.482 0.506 0.510 0.338 0.353 0.458 0.381 0.314 0.279 0.294 0.222 0.150 0.065 0.110 0.678 0.493 0.000 0.000 0.000 0.033 0.039 0.010 0.006 0.164 0.072 0.000 0.000 0.095 0.017 0.000 0.000 0.000 0.124 0.068 0.042 0.000 0.000 0.009 0.000 0.108
0.213 0.323 0.154 0.006 0.281 0.181 0.173 0.382 0.244 0.342 0.339 0.430 0.432 0.409 0.610 0.537 0.454 0.396 0.303 0.350 0.200 0.273 0.119 0.063 0.070 0.000 0.000 0.099 0.000 0.000 0.000 0.134 0.516 0.466 0.616 0.501 0.647 0.613 0.552 0.387 0.438 0.374 0.496 0.400 0.271 0.337 0.133 0.203 0.083 0.065 0.007 0.062 0.413 0.287 0.000 0.000 0.009 0.018 0.019 0.000 0.028 0.104 0.006 0.000 0.084 0.003 0.041 0.000 0.000 0.002 0.047 0.012 0.124 0.021 0.006 0.000 0.010
0.097 0.322 0.169 0.049 0.039 0.058 0.000 0.221 0.369 0.209 0.146 0.442 0.455 0.476 0.555 0.529 0.569 0.514 0.372 0.214 0.311 0.113 0.171 0.224 0.029 0.004 0.000 0.000 0.068 0.117 0.000 0.000 0.258 0.515 0.505 0.610 0.503 0.533 0.463 0.408 0.415 0.533 0.345 0.416 0.366 0.176 0.366 0.183 0.198 0.035 0.000 0.000 0.000 0.318 0.344 0.449 0.000 0.000 0.029 0.032 0.009 0.002 0.036 0.000 0.006 0.000 0.036 0.069 0.036 0.012 0.002 0.000 0.000 0.024 0.021 0.097 0.000
0.118 0.026 0.193 0.111 0.096 0.159 0.000 0.181 0.224 0.237 0.115 0.170 0.349 0.442 0.468 0.567 0.466 0.575 0.432 0.362 0.375 0.188 0.112 0.254 0.059 0.009 0.001 0.093 0.000 0.000 0.026 0.000 0.000 0.541 0.510 0.567 0.666 0.629 0.369 0.312 0.347 0.481 0.423 0.326 0.241 0.239 0.098 0.257 0.144 0.016 0.001 0.000 0.000 0.000 0.214 0.399 0.350 0.115 0.017 0.000 0.011 0.000 0.086 0.001 0.012 0.048 0.000 0.085 0.000 0.000 0.000 0.000 0.038 0.000 0.000 0.118 0.000
0.025 0.154 0.094 0.164 0.056 0.125 0.185 0.000 0.187 0.266 0.234 0.182 0.271 0.028 0.271 0.526 0.494 0.487 0.458 0.342 0.327 0.360 0.206 0.097 0.057 0.050 0.002 0.049 0.000 0.014 0.000 0.000 0.000 0.000 0.336 0.540 0.435 0.674 0.595 0.284 0.469 0.363 0.281 0.314 0.263 0.228 0.195 0.098 0.135 0.000 0.000 0.000 0.000 0.004 0.000 0.467 0.233 0.000 0.260 0.000 0.016 0.009 0.014 0.002 0.000 0.000 0.105 0.058 0.000 0.017 0.024 0.022 0.000 0.038 0.000 0.022 0.060
0.080 0.000 0.068 0.001 0.002 0.030 0.007 0.020 0.195 0.100 0.310 0.416 0.122 0.168 0.214 0.039 0.506 0.546 0.527 0.419 0.533 0.302 0.297 0.134 0.190 0.176 0.087 0.001 0.127 0.001 0.000 0.000 0.000 0.000 0.000 0.398 0.468 0.556 0.585 0.523 0.363 0.270 0.378 0.342 0.331 0.175 0.111 0.305 0.005 0.023 0.000 0.055 0.000 0.000 0.000 0.047 0.161 0.169 0.002 0.483 0.007 0.002 0.000 0.031 0.000 0.014 0.030 0.000 0.000 0.000 0.000 0.000 0.000 0.000 0.000 0.000 0.000
0.190 0.000 0.010 0.096 0.080 0.061 0.007 0.031 0.020 0.335 0.406 0.259 0.258 0.219 0.003 0.151 0.000 0.394 0.455 0.392 0.352 0.377 0.397 0.342 0.261 0.099 0.090 0.000 0.009 0.122 0.000 0.102 0.000 0.053 0.000 0.000 0.491 0.569 0.450 0.468 0.408 0.381 0.452 0.208 0.192 0.278 0.153 0.026 0.093 0.000 0.029 0.000 0.035 0.000 0.000 0.084 0.000 0.260 0.239 0.000 0.031 0.346 0.049 0.005 0.056 0.045 0.085 0.063 0.000 0.000 0.000 0.036 0.000 0.000 0.020 0.050 0.000
0.029 0.096 0.020 0.000 0.045 0.021 0.004 0.000 0.000 0.028 0.206 0.347 0.269 0.277 0.038 0.001 0.008 0.082 0.099 0.453 0.437 0.429 0.452 0.400 0.239 0.261 0.010 0.001 0.023 0.000 0.218 0.000 0.000 0.000 0.000 0.000 0.000 0.433 0.464 0.581 0.426 0.417 0.308 0.329 0.267 0.111 0.133 0.040 0.000 0.064 0.003 0.116 0.000 0.000 0.096 0.000 0.000 0.008 0.008 0.333 0.000 0.000 0.044 0.193 0.084 0.085 0.025 0.037 0.023 0.035 0.004 0.000 0.015 0.019 0.018 0.000 0.010
0.166 0.003 0.255 0.000 0.085 0.006 0.011 0.021 0.051 0.043 0.000 0.000 0.166 0.198 0.250 0.009 0.004 0.028 0.000 0.004 0.296 0.476 0.398 0.329 0.231 0.173 0.223 0.067 0.000 0.018 0.000 0.159 0.000 0.000 0.000 0.000 0.000 0.002 0.105 0.563 0.662 0.492 0.409 0.330 0.237 0.191 0.000 0.000 0.022 0.043 0.000 0.000 0.136 0.000 0.000 0.000 0.000 0.000 0.002 0.142 0.416 0.000 0.000 0.102 0.000 0.000 0.000 0.051 0.131 0.063 0.005 0.097 0.012 0.036 0.004 0.104 0.000
0.219 0.250 0.000 0.091 0.000 0.000 0.066 0.074 0.036 0.000 0.000 0.055 0.000 0.186 0.185 0.129 0.000 0.000 0.000 0.000 0.013 0.000 0.417 0.542 0.423 0.267 0.200 0.243 0.120 0.001 0.021 0.057 0.038 0.000 0.004 0.000 0.000 0.000 0.000 0.260 0.480 0.650 0.486 0.298 0.318 0.146 0.131 0.137 0.000 0.014 0.000 0.000 0.000 0.143 0.000 0.000 0.000 0.000 0.000 0.052 0.003 0.444 0.000 0.000 0.000 0.043 0.000 0.000 0.000 0.000 0.047 0.081 0.014 0.068 0.000 0.034 0.000
0.279 0.135 0.243 0.000 0.000 0.000 0.008 0.244 0.105 0.106 0.000 0.000 0.000 0.000 0.218 0.039 0.159 0.052 0.000 0.029 0.000 0.002 0.028 0.241 0.500 0.313 0.182 0.153 0.098 0.000 0.052 0.000 0.185 0.000 0.000 0.000 0.000 0.000 0.000 0.189 0.001 0.160 0.542 0.570 0.219 0.217 0.227 0.104 0.006 0.024 0.052 0.017 0.000 0.000 0.270 0.000 0.000 0.000 0.000 0.008 0.263 0.236 0.408 0.000 0.035 0.000 0.038 0.000 0.000 0.000 0.000 0.003 0.000 0.000 0.000 0.010 0.031
