includes/estuary_coast/floodfiles/results/res-0008.wd
ncols         730
nrows         472
xllcorner     380617.130607059982140
yllcorner     6542069.774948899634182
cellsize      20.000000000000000
NODATA_value  -9999.000000
[rows 102 to 135 of 472, columns 77 to 153 of 730]
0.000 0.000 0.016 0.036 0.005 0.003 0.000 0.460 0.573 0.739 0.835 0.886 0.991 1.100 1.190 1.327 1.375 1.483 1.668 1.890 2.141 2.387 2.479 2.535 2.542 2.593 2.757 2.873 2.984 3.050 3.065 3.076 3.107 3.186 3.341 3.423 3.504 3.518 3.481 3.419 3.381 3.343 3.398 3.456 3.515 3.515 3.423 3.223 3.064 2.906 2.857 2.878 2.892 2.763 2.482 2.052 1.685 1.382 1.144 0.834 0.551 0.341 0.002 0.000 0.000 0.000 0.001 0.000 0.001 0.002 0.008 0.000 0.000 0.002 0.002 0.000 0.004
0.000 0.035 0.028 0.000 0.046 0.000 0.002 0.387 0.478 0.546 0.614 0.707 0.857 0.999 1.164 1.316 1.354 1.371 1.483 1.712 1.919 2.148 2.250 2.290 2.309 2.453 2.603 2.636 2.803 2.865 2.904 2.911 2.960 3.072 3.157 3.298 3.358 3.400 3.379 3.358 3.346 3.357 3.390 3.442 3.482 3.481 3.392 3.262 3.079 2.997 2.941 3.024 3.104 3.042 2.764 2.317 1.927 1.610 1.260 0.981 0.852 0.578 0.293 0.001 0.000 0.000 0.000 0.000 0.000 0.060 0.003 0.072 0.000 0.000 0.003 0.003 0.002
0.011 0.061 0.013 0.036 0.007 0.093 0.004 0.000 0.316 0.339 0.413 0.505 0.696 0.902 1.124 1.316 1.365 1.351 1.404 1.508 1.720 1.860 2.019 2.079 2.135 2.188 2.276 2.443 2.489 2.572 2.636 2.777 2.791 2.858 3.024 3.102 3.236 3.273 3.291 3.297 3.305 3.353 3.401 3.379 3.388 3.381 3.318 3.224 3.135 3.014 2.978 3.081 3.181 3.126 2.852 2.465 1.989 1.655 1.428 1.142 1.085 0.871 0.540 0.100 0.000 0.000 0.000 0.000 0.040 0.000 0.069 0.028 0.000 0.000 0.000 0.000 0.000
0.005 0.006 0.010 0.141 0.000 0.015 0.015 0.009 0.011 0.193 0.206 0.326 0.527 0.763 1.011 1.236 1.308 1.298 1.288 1.384 1.471 1.634 1.719 1.781 1.831 1.914 2.080 2.142 2.240 2.419 2.504 2.575 2.669 2.731 2.893 2.971 3.117 3.181 3.218 3.210 3.232 3.258 3.325 3.352 3.298 3.287 3.244 3.182 3.121 3.085 3.021 3.033 3.094 3.019 2.780 2.434 1.981 1.663 1.446 1.275 1.293 1.148 0.785 0.294 0.000 0.000 0.000 0.000 0.000 0.002 0.000 0.095 0.002 0.002 0.000 0.050 0.000
0.007 0.002 0.007 0.010 0.000 0.025 0.000 0.085 0.076 0.000 0.103 0.154 0.325 0.605 0.835 1.062 1.148 1.163 1.157 1.241 1.272 1.341 1.410 1.492 1.583 1.649 1.769 1.863 2.078 2.296 2.412 2.499 2.559 2.641 2.709 2.864 2.920 3.114 3.167 3.177 3.204 3.270 3.288 3.307 3.271 3.224 3.196 3.155 3.112 3.083 3.062 2.942 2.903 2.826 2.634 2.357 1.955 1.668 1.401 1.325 1.369 1.283 0.918 0.448 0.001 0.000 0.000 0.001 0.000 0.001 0.061 0.003 0.000 0.000 0.000 0.000 0.062
0.153 0.004 0.011 0.021 0.091 0.054 0.012 0.009 0.026 0.022 0.002 0.108 0.246 0.421 0.584 0.786 0.870 0.893 0.962 0.940 0.982 1.048 1.134 1.331 1.420 1.509 1.613 1.713 1.862 2.112 2.291 2.428 2.552 2.570 2.618 2.760 2.864 2.974 3.056 3.113 3.206 3.223 3.264 3.276 3.235 3.233 3.176 3.149 3.125 3.097 3.064 2.944 2.765 2.675 2.518 2.301 1.949 1.699 1.434 1.351 1.312 1.187 0.901 0.522 0.106 0.001 0.002 0.002 0.003 0.003 0.005 0.006 0.091 0.008 0.004 0.027 0.000
0.000 0.037 0.015 0.013 0.009 0.002 0.001 0.083 0.027 0.000 0.017 0.005 0.221 0.323 0.427 0.511 0.558 0.570 0.631 0.703 0.676 0.768 0.911 1.152 1.336 1.451 1.495 1.584 1.750 1.981 2.278 2.466 2.559 2.563 2.585 2.660 2.836 2.972 3.083 3.158 3.227 3.229 3.253 3.254 3.264 3.231 3.230 3.175 3.149 3.120 3.078 2.956 2.799 2.711 2.475 2.301 1.985 1.676 1.496 1.374 1.234 1.118 0.891 0.528 0.193 0.002 0.001 0.000 0.001 0.002 0.002 0.000 0.000 0.005 0.066 0.004 0.022
0.000 0.125 0.055 0.049 0.000 0.003 0.056 0.019 0.007 0.057 0.038 0.000 0.000 0.243 0.296 0.340 0.360 0.324 0.368 0.375 0.406 0.526 0.734 1.030 1.255 1.421 1.440 1.496 1.655 1.904 2.234 2.465 2.560 2.560 2.568 2.638 2.768 2.987 3.133 3.232 3.253 3.252 3.227 3.247 3.226 3.237 3.248 3.248 3.248 3.161 3.111 2.976 2.914 2.722 2.616 2.377 2.086 1.867 1.598 1.420 1.297 1.045 0.861 0.590 0.368 0.047 0.003 0.003 0.002 0.008 0.003 0.004 0.006 0.005 0.004 0.034 0.064
0.000 0.184 0.067 0.001 0.000 0.007 0.074 0.008 0.016 0.009 0.044 0.000 0.027 0.016 0.117 0.132 0.171 0.140 0.090 0.031 0.094 0.236 0.516 0.903 1.213 1.406 1.435 1.463 1.590 1.812 2.119 2.360 2.469 2.520 2.542 2.616 2.703 2.950 3.160 3.275 3.292 3.238 3.184 3.168 3.232 3.259 3.289 3.301 3.285 3.217 3.148 3.027 2.966 2.785 2.714 2.602 2.350 2.019 1.831 1.535 1.327 1.155 0.838 0.628 0.403 0.158 0.076 0.003 0.000 0.001 0.098 0.000 0.000 0.005 0.000 0.000 0.089
0.000 0.139 0.009 0.001 0.002 0.002 0.021 0.012 0.017 0.022 0.002 0.068 0.054 0.046 0.030 0.000 0.025 0.017 0.016 0.012 0.000 0.003 0.272 0.717 1.068 1.308 1.371 1.436 1.536 1.710 1.975 2.191 2.309 2.380 2.427 2.512 2.661 2.901 3.081 3.226 3.250 3.206 3.162 3.134 3.196 3.289 3.341 3.366 3.346 3.299 3.179 3.072 3.020 2.947 2.896 2.758 2.600 2.385 2.062 1.759 1.448 1.257 0.896 0.669 0.456 0.244 0.211 0.138 0.003 0.000 0.000 0.000 0.000 0.005 0.000 0.000 0.016
0.019 0.100 0.009 0.005 0.002 0.029 0.000 0.000 0.030 0.006 0.078 0.018 0.023 0.036 0.160 0.076 0.000 0.004 0.010 0.017 0.000 0.000 0.080 0.528 0.858 1.122 1.227 1.283 1.359 1.620 1.788 2.015 2.137 2.244 2.327 2.430 2.570 2.799 2.952 3.063 3.140 3.129 3.089 3.104 3.166 3.307 3.379 3.415 3.387 3.315 3.204 3.139 3.050 3.046 3.036 2.959 2.827 2.557 2.229 2.029 1.723 1.522 1.159 0.780 0.527 0.318 0.269 0.271 0.076 0.002 0.000 0.003 0.034 0.030 0.000 0.059 0.000
0.012 0.010 0.009 0.045 0.000 0.220 0.000 0.047 0.200 0.000 0.004 0.068 0.017 0.054 0.030 0.107 0.018 0.000 0.058 0.000 0.000 0.000 0.037 0.328 0.670 0.922 1.044 1.128 1.213 1.459 1.602 1.761 1.905 2.016 2.117 2.229 2.360 2.583 2.788 2.889 2.944 2.999 3.016 3.058 3.136 3.282 3.366 3.404 3.378 3.310 3.205 3.154 3.105 3.146 3.201 3.126 2.977 2.705 2.381 2.193 2.034 1.857 1.493 0.968 0.612 0.388 0.287 0.232 0.079 0.003 0.000 0.002 0.000 0.001 0.000 0.000 0.000
0.010 0.247 0.005 0.010 0.069 0.000 0.000 0.105 0.030 0.046 0.010 0.003 0.026 0.036 0.167 0.036 0.073 0.024 0.125 0.036 0.001 0.000 0.000 0.000 0.434 0.649 0.854 0.941 1.062 1.107 1.343 1.496 1.641 1.781 1.904 2.118 2.319 2.438 2.636 2.732 2.801 2.891 2.935 2.994 3.146 3.225 3.290 3.336 3.320 3.273 3.187 3.158 3.184 3.230 3.272 3.230 3.071 2.799 2.603 2.472 2.257 2.134 1.806 1.412 0.934 0.531 0.348 0.235 0.013 0.002 0.002 0.000 0.000 0.001 0.007 0.000 0.000
0.082 0.072 0.034 0.155 0.263 0.000 0.000 0.002 0.084 0.006 0.007 0.079 0.060 0.120 0.177 0.211 0.051 0.035 0.051 0.103 0.020 0.017 0.003 0.000 0.000 0.000 0.563 0.549 0.683 0.792 0.927 1.216 1.510 1.689 1.836 1.947 2.118 2.315 2.418 2.605 2.687 2.794 2.853 2.872 3.033 3.107 3.194 3.210 3.208 3.185 3.162 3.169 3.184 3.227 3.261 3.232 3.073 2.825 2.670 2.602 2.510 2.472 2.157 1.773 1.340 0.859 0.481 0.282 0.004 0.001 0.001 0.000 0.002 0.001 0.000 0.078 0.000
0.000 0.028 0.054 0.148 0.005 0.000 0.000 0.003 0.025 0.003 0.016 0.028 0.019 0.000 0.028 0.032 0.044 0.047 0.022 0.057 0.107 0.000 0.000 0.000 0.000 0.000 0.000 0.312 0.363 0.536 0.713 0.959 1.326 1.587 1.846 1.946 2.067 2.133 2.273 2.466 2.559 2.683 2.736 2.798 2.952 3.016 3.082 3.121 3.140 3.169 3.163 3.156 3.165 3.172 3.189 3.159 3.010 2.878 2.709 2.709 2.749 2.783 2.554 2.111 1.629 1.099 0.791 0.403 0.019 0.001 0.002 0.002 0.001 0.003 0.057 0.008 0.006
0.034 0.054 0.000 0.000 0.128 0.000 0.000 0.006 0.033 0.053 0.024 0.163 0.007 0.108 0.037 0.019 0.021 0.003 0.112 0.001 0.088 0.058 0.015 0.000 0.000 0.000 0.000 0.000 0.121 0.252 0.461 0.795 1.197 1.646 1.913 2.040 2.056 2.068 2.134 2.316 2.472 2.565 2.699 2.749 2.881 2.939 3.003 3.048 3.080 3.101 3.135 3.173 3.116 3.121 3.116 3.084 2.939 2.851 2.729 2.766 2.870 2.951 2.775 2.297 1.806 1.413 0.999 0.726 0.225 0.001 0.000 0.000 0.000 0.000 0.001 0.001 0.001
0.038 0.000 0.019 0.000 0.004 0.000 0.008 0.010 0.013 0.000 0.084 0.015 0.012 0.033 0.012 0.040 0.000 0.004 0.020 0.000 0.004 0.032 0.235 0.021 0.000 0.000 0.000 0.000 0.000 0.003 0.175 0.606 1.137 1.707 2.059 2.159 2.097 2.055 2.104 2.298 2.478 2.591 2.655 2.732 2.763 2.883 2.950 3.002 3.043 3.067 3.089 3.131 3.134 3.089 3.071 3.039 2.894 2.833 2.753 2.774 2.846 2.864 2.728 2.349 1.869 1.557 1.379 1.060 0.659 0.136 0.000 0.000 0.000 0.000 0.000 0.000 0.000
0.028 0.039 0.021 0.266 0.000 0.000 0.000 0.000 0.094 0.016 0.070 0.000 0.000 0.023 0.001 0.115 0.084 0.008 0.024 0.000 0.094 0.125 0.124 0.007 0.079 0.000 0.000 0.000 0.000 0.000 0.005 0.428 1.021 1.642 2.040 2.148 2.075 2.019 2.072 2.260 2.510 2.669 2.734 2.719 2.744 2.785 2.912 2.975 3.025 3.065 3.085 3.152 3.128 3.038 3.019 3.021 2.880 2.829 2.741 2.733 2.746 2.676 2.559 2.249 1.923 1.731 1.631 1.366 1.135 0.690 0.003 0.000 0.000 0.000 0.000 0.070 0.000
0.045 0.000 0.034 0.176 0.000 0.000 0.038 0.070 0.042 0.093 0.159 0.007 0.140 0.100 0.254 0.066 0.081 0.053 0.000 0.033 0.002 0.144 0.131 0.078 0.080 0.016 0.000 0.000 0.000 0.000 0.003 0.341 0.869 1.405 1.793 1.919 1.943 1.929 2.010 2.229 2.521 2.723 2.795 2.750 2.704 2.777 2.913 2.996 3.058 3.092 3.103 3.126 3.175 3.041 3.020 2.996 2.998 2.846 2.744 2.706 2.673 2.538 2.434 2.169 1.938 1.855 1.822 1.895 1.738 1.248 0.569 0.004 0.000 0.000 0.000 0.000 0.000
0.016 0.000 0.000 0.135 0.000 0.000 0.000 0.066 0.034 0.039 0.016 0.000 0.089 0.196 0.000 0.221 0.000 0.058 0.083 0.001 0.000 0.003 0.063 0.000 0.041 0.075 0.013 0.000 0.000 0.000 0.071 0.343 0.772 1.140 1.475 1.611 1.689 1.731 1.847 2.060 2.389 2.654 2.742 2.711 2.678 2.718 2.938 3.050 3.131 3.161 3.150 3.131 3.114 3.105 3.047 3.027 3.036 2.999 2.772 2.715 2.656 2.588 2.379 2.258 2.037 1.999 2.045 2.231 2.116 1.556 0.914 0.177 0.002 0.001 0.000 0.002 0.147
0.014 0.080 0.000 0.169 0.033 0.000 0.032 0.028 0.001 0.080 0.000 0.068 0.115 0.147 0.000 0.002 0.084 0.127 0.000 0.000 0.005 0.008 0.004 0.065 0.130 0.012 0.030 0.032 0.000 0.003 0.195 0.000 0.002 0.908 1.139 1.261 1.332 1.427 1.635 1.847 2.174 2.407 2.570 2.595 2.620 2.702 2.913 3.122 3.230 3.252 3.210 3.159 3.130 3.124 3.123 3.114 3.128 3.094 2.879 2.811 2.737 2.626 2.534 2.296 2.071 2.027 2.043 2.185 2.061 1.556 0.975 0.456 0.131 0.004 0.001 0.001 0.000
0.004 0.007 0.000 0.004 0.000 0.000 0.031 0.000 0.000 0.082 0.032 0.023 0.063 0.037 0.000 0.000 0.000 0.000 0.000 0.000 0.004 0.072 0.000 0.019 0.027 0.094 0.031 0.000 0.000 0.050 0.032 0.001 0.007 0.654 0.882 0.974 1.040 1.140 1.281 1.564 1.892 2.116 2.268 2.436 2.526 2.666 2.923 3.164 3.292 3.310 3.244 3.176 3.144 3.208 3.218 3.224 3.243 3.163 3.048 2.875 2.811 2.706 2.622 2.395 2.270 2.047 2.015 1.944 1.738 1.360 0.901 0.502 0.369 0.323 0.002 0.000 0.000
0.054 0.012 0.005 0.004 0.000 0.045 0.191 0.110 0.000 0.037 0.135 0.111 0.000 0.043 0.000 0.000 0.000 0.000 0.000 0.000 0.011 0.000 0.074 0.001 0.091 0.000 0.163 0.029 0.000 0.077 0.051 0.002 0.124 0.006 0.585 0.661 0.697 0.812 0.940 1.226 1.575 1.825 2.023 2.265 2.412 2.590 2.813 3.084 3.251 3.274 3.219 3.164 3.149 3.227 3.254 3.269 3.257 3.214 3.106 3.056 2.908 2.867 2.764 2.543 2.265 2.111 1.988 1.796 1.514 1.225 0.840 0.524 0.511 0.529 0.146 0.000 0.000
0.148 0.018 0.000 0.099 0.494 0.059 0.104 0.160 0.037 0.051 0.059 0.001 0.006 0.197 0.076 0.000 0.065 0.000 0.000 0.023 0.089 0.002 0.000 0.010 0.000 0.010 0.082 0.055 0.079 0.054 0.047 0.010 0.018 0.127 0.003 0.447 0.433 0.433 0.585 0.883 1.276 1.573 1.813 2.009 2.277 2.469 2.681 2.950 3.125 3.163 3.147 3.148 3.166 3.242 3.285 3.309 3.296 3.233 3.152 3.112 3.104 3.047 3.012 2.753 2.451 2.235 2.050 1.858 1.525 1.138 0.854 0.550 0.473 0.381 0.032 0.000 0.000
0.039 0.128 0.186 0.000 0.040 0.044 0.095 0.008 0.000 0.044 0.099 0.000 0.000 0.000 0.067 0.002 0.135 0.010 0.000 0.000 0.005 0.002 0.005 0.002 0.135 0.156 0.060 0.040 0.009 0.552 0.028 0.000 0.100 0.020 0.000 0.000 0.205 0.179 0.267 0.571 0.978 1.309 1.568 1.775 2.042 2.322 2.518 2.779 2.906 2.987 3.085 3.109 3.153 3.243 3.290 3.318 3.304 3.243 3.196 3.178 3.200 3.239 3.197 2.990 2.800 2.455 2.148 1.957 1.757 1.240 0.980 0.732 0.456 0.188 0.000 0.000 0.000
0.022 0.002 0.049 0.125 0.347 0.000 0.046 0.162 0.014 0.142 0.109 0.008 0.057 0.134 0.057 0.093 0.003 0.183 0.110 0.000 0.000 0.008 0.000 0.000 0.002 0.023 0.010 0.063 0.255 0.181 0.060 0.061 0.037 0.019 0.000 0.000 0.000 0.091 0.159 0.423 0.762 1.159 1.483 1.676 1.911 2.077 2.254 2.618 2.681 2.858 3.015 3.067 3.125 3.220 3.264 3.287 3.280 3.226 3.198 3.200 3.247 3.319 3.332 3.218 2.937 2.702 2.416 2.275 1.981 1.649 1.219 0.935 0.684 0.270 0.006 0.000 0.000
0.004 0.075 0.000 0.032 0.088 0.002 0.002 0.063 0.100 0.008 0.141 0.024 0.097 0.101 0.068 0.067 0.108 0.034 0.085 0.000 0.000 0.124 0.000 0.137 0.002 0.018 0.000 0.136 0.459 0.109 0.034 0.005 0.039 0.002 0.001 0.000 0.009 0.164 0.235 0.471 0.792 1.180 1.420 1.637 1.818 1.955 2.113 2.370 2.544 2.659 2.753 2.925 3.001 3.188 3.224 3.244 3.245 3.252 3.253 3.240 3.258 3.320 3.338 3.226 3.045 2.881 2.677 2.512 2.338 2.088 1.627 1.271 0.983 0.637 0.231 0.000 0.000
0.000 0.043 0.010 0.006 0.088 0.010 0.008 0.159 0.096 0.034 0.105 0.030 0.093 0.112 0.004 0.022 0.020 0.160 0.072 0.096 0.000 0.002 0.000 0.000 0.003 0.000 0.001 0.136 0.352 0.000 0.008 0.023 0.000 0.002 0.006 0.000 0.019 0.026 0.385 0.595 0.891 1.271 1.545 1.663 1.729 1.820 2.017 2.183 2.455 2.584 2.689 2.875 2.948 3.103 3.186 3.206 3.234 3.240 3.249 3.202 3.231 3.265 3.264 3.149 3.024 2.917 2.787 2.797 2.786 2.640 2.242 1.552 1.125 1.004 0.747 0.312 0.000
0.036 0.000 0.000 0.021 0.005 0.002 0.104 0.006 0.102 0.122 0.122 0.043 0.181 0.003 0.023 0.135 0.021 0.085 0.081 0.091 0.013 0.099 0.000 0.000 0.062 0.000 0.106 0.584 0.002 0.003 0.024 0.009 0.000 0.000 0.000 0.026 0.040 0.071 0.002 0.685 0.977 1.363 1.639 1.727 1.736 1.786 1.969 2.090 2.339 2.471 2.664 2.746 2.908 3.046 3.159 3.202 3.218 3.231 3.207 3.190 3.202 3.206 3.197 3.158 3.002 2.864 2.881 2.987 3.146 3.033 2.518 1.846 1.426 1.396 1.367 0.777 0.058
0.014 0.003 0.000 0.234 0.063 0.001 0.000 0.096 0.121 0.041 0.035 0.093 0.053 0.162 0.088 0.080 0.042 0.022 0.142 0.026 0.123 0.001 0.000 0.033 0.000 0.020 0.330 0.012 0.000 0.000 0.174 0.000 0.000 0.000 0.000 0.019 0.094 0.066 0.010 0.693 0.990 1.388 1.674 1.759 1.743 1.748 1.866 2.113 2.378 2.516 2.602 2.656 2.703 2.916 2.981 3.194 3.214 3.231 3.248 3.248 3.253 3.183 3.171 3.145 2.924 2.887 2.915 3.019 3.187 3.083 2.577 1.939 1.533 1.566 1.656 0.985 0.114
0.000 0.007 0.011 0.019 0.000 0.000 0.000 0.000 0.000 0.078 0.065 0.102 0.068 0.048 0.143 0.065 0.006 0.022 0.075 0.028 0.129 0.000 0.000 0.022 0.002 0.180 0.647 0.000 0.000 0.000 0.009 0.000 0.000 0.061 0.000 0.020 0.236 0.009 0.003 0.000 0.895 1.232 1.565 1.684 1.696 1.743 1.901 2.200 2.498 2.646 2.703 2.710 2.716 2.886 2.971 3.081 3.185 3.234 3.253 3.266 3.273 3.205 3.199 3.179 3.005 2.964 2.851 2.913 2.927 2.809 2.369 1.935 1.628 1.437 1.308 0.825 0.126
0.060 0.129 0.193 0.000 0.063 0.000 0.000 0.000 0.000 0.000 0.100 0.004 0.058 0.032 0.000 0.074 0.129 0.133 0.031 0.044 0.109 0.000 0.000 0.000 0.042 0.584 0.000 0.000 0.000 0.000 0.076 0.093 0.011 0.026 0.042 0.164 0.186 0.000 0.001 0.000 0.002 0.966 1.304 1.521 1.609 1.731 1.959 2.396 2.686 2.854 2.867 2.787 2.796 2.883 2.919 3.080 3.111 3.210 3.266 3.279 3.293 3.245 3.250 3.237 3.155 3.005 2.842 2.813 2.781 2.563 2.345 1.931 1.689 1.434 1.128 0.667 0.207
0.000 0.119 0.447 0.000 0.000 0.000 0.000 0.000 0.000 0.036 0.003 0.000 0.048 0.100 0.100 0.043 0.140 0.177 0.196 0.086 0.000 0.000 0.028 0.078 0.324 0.050 0.000 0.000 0.000 0.000 0.000 0.100 0.003 0.005 0.093 0.311 0.000 0.005 0.050 0.069 0.007 0.701 1.046 1.242 1.494 1.694 1.993 2.452 2.854 3.048 3.015 2.868 2.817 2.898 2.945 3.094 3.125 3.149 3.256 3.280 3.287 3.322 3.374 3.322 3.240 3.172 3.024 2.933 2.735 2.627 2.342 2.034 1.853 1.558 1.231 0.778 0.498
0.008 0.040 0.023 0.081 0.120 0.000 0.000 0.011 0.000 0.000 0.000 0.142 0.037 0.082 0.041 0.157 0.123 0.300 0.131 0.003 0.000 0.002 0.049 0.164 0.716 0.011 0.002 0.001 0.013 0.030 0.107 0.009 0.084 0.120 0.198 0.443 0.006 0.000 0.034 0.000 0.020 0.000 0.807 1.025 1.250 1.512 1.936 2.362 2.853 3.065 3.026 2.895 2.808 2.904 2.980 3.059 3.159 3.170 3.208 3.253 3.339 3.388 3.438 3.441 3.387 3.255 3.169 3.061 2.896 2.679 2.584 2.386 2.291 1.946 1.455 1.080 0.765
