includes/estuary_coast/floodfiles/results/res.mxe
ncols         730
nrows         472
xllcorner     380617.130607
yllcorner     6542069.774949
cellsize      20.000000
NODATA_value  -9999.000000
[rows 403 to 433 of 472, columns 560 to 629 of 730]
-9999.000 -9999.000 -9999.000 -9999.000 3.754 3.754 3.753 3.753 3.753 3.753 3.753 3.753 3.753 3.753 3.753 3.753 3.753 3.753 3.752 3.752 3.752 -9999.000 3.675 3.675 3.675 -9999.000 3.662 3.662 3.657 -9999.000 -9999.000 -9999.000 -9999.000 -9999.000 -9999.000 -9999.000 -9999.000 -9999.000 -9999.000 -9999.000 -9999.000 -9999.000 -9999.000 -9999.000 -9999.000 -9999.000 -9999.000 -9999.000 -9999.000 -9999.000 -9999.000 -9999.000 -9999.000 -9999.000 -9999.000 -9999.000 -9999.000 -9999.000 -9999.000 -9999.000 -9999.000 -9999.000 -9999.000 -9999.000 -9999.000 -9999.000 -9999.000 -9999.000 -9999.000 -9999.000
3.690 3.690 3.690 3.690 -9999.000 -9999.000 3.753 3.753 3.753 3.752 3.752 3.752 3.752 3.752 3.753 3.753 3.753 3.752 3.752 3.752 3.752 -9999.000 3.673 3.673 3.673 3.673 -9999.000 3.661 3.634 -9999.000 -9999.000 -9999.000 -9999.000 -9999.000 -9999.000 -9999.000 -9999.000 -9999.000 -9999.000 -9999.000 -9999.000 -9999.000 -9999.000 -9999.000 -9999.000 -9999.000 -9999.000 -9999.000 -9999.000 -9999.000 -9999.000 -9999.000 -9999.000 -9999.000 -9999.000 -9999.000 -9999.000 -9999.000 -9999.000 -9999.000 -9999.000 -9999.000 -9999.000 -9999.000 -9999.000 -9999.000 -9999.000 3.406 -9999.000 -9999.000
3.690 3.690 3.690 3.690 3.690 3.690 -9999.000 -9999.000 3.752 3.751 3.752 3.752 3.752 3.752 3.752 3.752 3.752 3.752 3.752 3.752 -9999.000 3.668 3.670 3.670 3.667 3.666 -9999.000 3.644 3.609 -9999.000 -9999.000 -9999.000 -9999.000 -9999.000 -9999.000 -9999.000 -9999.000 -9999.000 -9999.000 -9999.000 -9999.000 -9999.000 -9999.000 -9999.000 -9999.000 -9999.000 -9999.000 -9999.000 -9999.000 -9999.000 -9999.000 -9999.000 -9999.000 -9999.000 -9999.000 -9999.000 -9999.000 -9999.000 -9999.000 -9999.000 -9999.000 -9999.000 -9999.000 -9999.000 -9999.000 -9999.000 -9999.000 3.414 3.414 3.414
3.690 3.690 3.690 3.690 3.690 3.690 3.690 3.690 -9999.000 3.739 3.750 3.752 3.752 3.752 3.752 3.752 3.753 3.752 3.752 3.752 -9999.000 3.667 3.667 3.661 3.650 3.650 3.650 -9999.000 3.609 3.609 3.609 -9999.000 -9999.000 -9999.000 -9999.000 -9999.000 -9999.000 -9999.000 -9999.000 -9999.000 -9999.000 -9999.000 -9999.000 -9999.000 -9999.000 -9999.000 -9999.000 -9999.000 -9999.000 -9999.000 -9999.000 -9999.000 -9999.000 -9999.000 -9999.000 -9999.000 -9999.000 -9999.000 -9999.000 -9999.000 -9999.000 -9999.000 -9999.000 -9999.000 -9999.000 -9999.000 -9999.000 -9999.000 3.414 3.414
3.690 3.690 3.690 3.690 3.690 3.690 3.690 3.690 3.690 3.690 -9999.000 3.752 3.752 3.752 3.752 3.752 3.752 3.752 3.753 -9999.000 3.647 -9999.000 3.659 3.651 3.650 3.650 3.650 3.650 -9999.000 3.609 -9999.000 -9999.000 -9999.000 -9999.000 -9999.000 -9999.000 -9999.000 -9999.000 -9999.000 -9999.000 -9999.000 -9999.000 -9999.000 -9999.000 -9999.000 -9999.000 -9999.000 -9999.000 -9999.000 -9999.000 -9999.000 -9999.000 -9999.000 -9999.000 -9999.000 -9999.000 -9999.000 -9999.000 -9999.000 -9999.000 -9999.000 -9999.000 -9999.000 -9999.000 -9999.000 -9999.000 -9999.000 -9999.000 -9999.000 3.414
3.690 3.690 3.690 3.690 3.690 3.690 3.690 3.690 3.690 3.690 3.690 -9999.000 -9999.000 -9999.000 -9999.000 3.753 3.752 3.753 -9999.000 -9999.000 3.647 3.647 -9999.000 3.650 3.650 3.650 3.650 3.650 3.650 -9999.000 -9999.000 -9999.000 -9999.000 -9999.000 -9999.000 -9999.000 -9999.000 -9999.000 -9999.000 -9999.000 -9999.000 -9999.000 -9999.000 -9999.000 -9999.000 -9999.000 -9999.000 -9999.000 -9999.000 -9999.000 -9999.000 -9999.000 -9999.000 -9999.000 -9999.000 -9999.000 -9999.000 -9999.000 -9999.000 -9999.000 -9999.000 -9999.000 -9999.000 -9999.000 -9999.000 -9999.000 -9999.000 -9999.000 -9999.000 3.414
3.690 3.690 3.690 3.690 3.690 3.690 3.690 3.690 3.690 3.690 3.690 3.690 -9999.000 -9999.000 -9999.000 -9999.000 -9999.000 -9999.000 -9999.000 3.646 3.647 3.647 3.648 3.649 3.649 3.650 3.650 3.650 3.650 3.650 -9999.000 -9999.000 -9999.000 -9999.000 -9999.000 -9999.000 -9999.000 -9999.000 -9999.000 -9999.000 -9999.000 -9999.000 -9999.000 -9999.000 -9999.000 -9999.000 -9999.000 -9999.000 -9999.000 -9999.000 -9999.000 -9999.000 -9999.000 -9999.000 -9999.000 -9999.000 -9999.000 -9999.000 -9999.000 -9999.000 -9999.000 -9999.000 -9999.000 -9999.000 -9999.000 -9999.000 -9999.000 -9999.000 3.412 3.414
3.690 3.690 3.690 3.690 3.690 3.690 3.690 3.690 3.690 3.690 3.690 3.690 3.690 -9999.000 -9999.000 -9999.000 -9999.000 3.646 3.646 3.646 3.646 -9999.000 3.641 3.626 3.639 3.648 3.649 3.649 3.649 3.649 3.650 -9999.000 -9999.000 -9999.000 -9999.000 -9999.000 -9999.000 -9999.000 -9999.000 -9999.000 -9999.000 -9999.000 -9999.000 -9999.000 -9999.000 -9999.000 -9999.000 -9999.000 -9999.000 -9999.000 -9999.000 -9999.000 -9999.000 -9999.000 -9999.000 -9999.000 -9999.000 -9999.000 3.076 -9999.000 -9999.000 -9999.000 -9999.000 -9999.000 -9999.000 -9999.000 -9999.000 -9999.000 -9999.000 3.414
3.690 3.690 3.690 3.690 3.690 3.690 3.690 3.690 3.690 3.690 3.690 3.690 3.690 3.690 -9999.000 -9999.000 -9999.000 -9999.000 3.646 3.646 3.646 3.646 -9999.000 3.585 3.584 3.633 3.642 3.646 3.649 3.649 -9999.000 -9999.000 -9999.000 -9999.000 -9999.000 -9999.000 -9999.000 -9999.000 -9999.000 -9999.000 -9999.000 -9999.000 -9999.000 -9999.000 -9999.000 -9999.000 -9999.000 -9999.000 -9999.000 -9999.000 -9999.000 -9999.000 -9999.000 -9999.000 -9999.000 -9999.000 -9999.000 -9999.000 3.076 3.076 3.076 3.076 3.076 -9999.000 -9999.000 -9999.000 -9999.000 -9999.000 3.414 3.413
3.690 3.690 3.690 3.690 3.690 3.690 3.690 3.690 3.690 3.690 3.690 3.690 3.690 3.690 -9999.000 -9999.000 3.632 3.632 -9999.000 -9999.000 3.646 3.646 3.592 3.572 3.582 -9999.000 -9999.000 3.640 3.613 3.635 3.310 -9999.000 3.432 -9999.000 3.426 -9999.000 3.416 -9999.000 -9999.000 -9999.000 -9999.000 -9999.000 -9999.000 -9999.000 -9999.000 -9999.000 -9999.000 -9999.000 -9999.000 -9999.000 -9999.000 -9999.000 -9999.000 -9999.000 -9999.000 3.076 3.076 3.076 -9999.000 3.076 3.076 3.076 3.076 3.076 3.076 3.076 -9999.000 -9999.000 3.414 3.413
3.690 3.690 3.690 3.690 3.690 3.690 3.690 3.690 3.690 3.690 3.690 3.690 3.690 3.690 -9999.000 3.632 3.632 3.632 3.632 3.632 -9999.000 3.626 3.449 3.500 3.563 3.447 3.447 3.447 3.447 -9999.000 -9999.000 -9999.000 3.432 3.432 3.432 -9999.000 3.417 -9999.000 3.401 -9999.000 -9999.000 -9999.000 -9999.000 -9999.000 -9999.000 -9999.000 -9999.000 -9999.000 -9999.000 -9999.000 -9999.000 -9999.000 -9999.000 -9999.000 -9999.000 3.076 3.076 3.076 3.076 3.076 3.076 3.076 3.076 3.076 3.076 3.076 -9999.000 -9999.000 3.414 3.413
3.690 3.690 3.690 3.690 3.690 3.690 3.690 3.690 3.690 3.690 3.690 3.690 3.690 -9999.000 3.632 3.632 3.632 3.632 3.632 3.632 3.632 -9999.000 3.449 3.449 3.448 3.447 3.447 3.447 3.447 3.447 -9999.000 3.437 -9999.000 3.433 3.432 -9999.000 3.417 3.409 3.409 -9999.000 -9999.000 -9999.000 -9999.000 -9999.000 -9999.000 -9999.000 -9999.000 -9999.000 -9999.000 -9999.000 -9999.000 -9999.000 -9999.000 -9999.000 -9999.000 3.076 3.076 3.076 3.076 3.076 3.076 3.076 3.076 3.076 3.076 3.076 -9999.000 -9999.000 -9999.000 3.414
3.690 3.690 3.690 3.690 3.690 3.690 3.690 3.690 3.690 3.690 3.690 3.690 3.690 -9999.000 3.632 3.632 3.632 3.632 3.632 3.632 3.632 -9999.000 3.449 3.448 3.447 3.447 3.447 3.447 3.447 3.447 -9999.000 3.437 3.437 3.437 3.432 3.427 3.418 3.398 -9999.000 -9999.000 -9999.000 -9999.000 3.290 3.290 -9999.000 -9999.000 -9999.000 -9999.000 -9999.000 -9999.000 -9999.000 -9999.000 -9999.000 -9999.000 -9999.000 3.076 3.076 3.076 3.076 3.076 3.076 3.076 3.076 3.076 3.076 -9999.000 -9999.000 -9999.000 3.424 3.414
3.690 3.690 3.690 3.690 3.690 3.690 3.690 3.690 3.690 3.690 3.690 3.690 -9999.000 3.632 3.632 3.632 3.632 3.632 3.632 3.632 3.632 -9999.000 3.448 -9999.000 3.447 3.447 3.447 3.447 3.447 3.447 3.447 3.443 3.442 3.442 -9999.000 3.426 -9999.000 3.360 3.342 3.318 -9999.000 -9999.000 3.290 3.290 -9999.000 -9999.000 -9999.000 -9999.000 -9999.000 -9999.000 -9999.000 -9999.000 -9999.000 -9999.000 -9999.000 3.076 3.076 3.076 3.076 3.076 3.076 3.076 3.076 3.076 -9999.000 -9999.000 -9999.000 -9999.000 3.432 3.440
3.690 3.690 3.690 3.690 3.690 3.690 3.690 3.690 3.690 3.690 3.690 -9999.000 3.632 3.632 3.632 3.632 3.632 3.632 3.632 3.632 -9999.000 3.447 3.447 -9999.000 3.447 3.447 3.447 3.447 3.447 3.447 3.446 3.445 3.445 3.444 -9999.000 3.419 -9999.000 3.352 3.340 3.305 3.295 3.292 3.290 3.290 3.277 -9999.000 -9999.000 -9999.000 -9999.000 -9999.000 -9999.000 -9999.000 -9999.000 -9999.000 -9999.000 3.076 3.076 3.076 3.076 3.076 3.076 3.076 3.076 3.214 -9999.000 -9999.000 -9999.000 -9999.000 -9999.000 3.461
-9999.000 -9999.000 -9999.000 3.690 3.690 3.690 3.690 3.690 3.690 3.683 -9999.000 3.633 3.632 3.632 3.632 3.632 3.632 3.632 3.632 3.632 -9999.000 3.447 3.447 3.447 3.447 3.447 3.447 3.447 3.447 -9999.000 3.446 3.445 3.445 3.444 -9999.000 3.350 3.350 3.351 -9999.000 3.296 3.296 -9999.000 3.281 3.290 -9999.000 -9999.000 -9999.000 -9999.000 -9999.000 -9999.000 -9999.000 -9999.000 -9999.000 -9999.000 -9999.000 -9999.000 3.076 3.076 3.076 3.076 3.076 3.258 3.308 3.328 3.360 -9999.000 -9999.000 -9999.000 3.488 3.482
3.719 3.719 -9999.000 -9999.000 -9999.000 -9999.000 -9999.000 -9999.000 -9999.000 3.646 3.639 3.634 3.633 3.632 3.632 3.631 3.631 3.631 3.631 -9999.000 3.447 3.447 3.447 3.447 3.447 3.447 3.447 3.447 3.447 -9999.000 3.446 3.446 3.445 3.445 -9999.000 3.350 3.350 3.350 -9999.000 3.296 3.296 -9999.000 3.244 -9999.000 -9999.000 -9999.000 -9999.000 -9999.000 -9999.000 -9999.000 -9999.000 -9999.000 -9999.000 -9999.000 -9999.000 3.131 3.131 3.269 3.287 -9999.000 3.312 3.323 3.378 3.499 3.544 -9999.000 -9999.000 3.493 3.493 3.488
3.719 3.719 3.719 -9999.000 -9999.000 3.659 3.655 3.650 3.645 3.643 3.639 3.635 3.633 3.632 3.632 3.631 3.631 3.631 3.631 -9999.000 3.447 3.447 3.447 3.447 3.447 3.447 3.447 3.447 3.447 3.447 3.447 3.447 -9999.000 -9999.000 3.350 3.350 3.350 3.350 -9999.000 3.295 3.296 -9999.000 -9999.000 -9999.000 -9999.000 -9999.000 -9999.000 -9999.000 -9999.000 -9999.000 -9999.000 -9999.000 -9999.000 -9999.000 -9999.000 3.262 3.276 3.306 3.322 3.330 3.334 3.334 3.548 3.570 3.578 3.585 -9999.000 3.556 3.500 3.490
3.719 3.719 3.719 3.719 3.701 3.663 3.655 3.650 3.645 3.642 3.638 3.635 3.633 3.632 3.631 3.631 3.631 3.631 -9999.000 3.447 3.447 3.447 3.447 3.447 3.447 3.447 3.447 3.447 3.447 3.447 3.447 3.447 3.483 3.501 3.379 3.350 3.350 -9999.000 -9999.000 -9999.000 3.294 3.293 -9999.000 -9999.000 -9999.000 -9999.000 -9999.000 -9999.000 -9999.000 -9999.000 -9999.000 -9999.000 -9999.000 -9999.000 3.235 3.235 3.240 3.295 3.322 3.330 3.336 3.371 3.400 3.606 3.601 3.741 3.640 3.561 3.528 3.499
3.719 3.719 3.719 3.719 3.701 3.663 3.655 3.649 3.645 3.642 3.638 3.635 3.633 3.632 3.631 3.630 3.629 -9999.000 3.448 3.447 3.447 3.447 3.447 3.447 3.447 3.447 3.447 3.447 3.447 3.447 3.447 3.447 3.526 3.603 -9999.000 -9999.000 3.350 -9999.000 -9999.000 -9999.000 -9999.000 -9999.000 -9999.000 -9999.000 -9999.000 -9999.000 -9999.000 -9999.000 -9999.000 -9999.000 -9999.000 -9999.000 -9999.000 -9999.000 3.235 -9999.000 3.255 3.260 3.309 3.324 -9999.000 3.385 3.722 3.734 3.840 3.838 3.760 3.599 3.549 -9999.000
3.719 3.719 3.719 3.719 3.701 3.663 3.653 3.647 3.644 3.641 3.638 3.635 3.633 3.632 3.631 3.629 3.620 -9999.000 3.448 -9999.000 -9999.000 -9999.000 3.447 3.447 3.447 3.447 3.447 3.447 3.447 3.447 3.447 3.450 3.562 3.612 3.630 3.630 -9999.000 -9999.000 -9999.000 -9999.000 3.182 -9999.000 -9999.000 -9999.000 -9999.000 -9999.000 -9999.000 -9999.000 -9999.000 -9999.000 -9999.000 -9999.000 -9999.000 -9999.000 -9999.000 -9999.000 -9999.000 -9999.000 -9999.000 -9999.000 -9999.000 -9999.000 4.000 3.956 3.913 3.910 3.862 3.677 -9999.000 -9999.000
3.719 3.719 3.719 3.719 -9999.000 3.656 3.647 3.643 3.643 3.641 3.638 3.635 3.632 3.632 3.632 -9999.000 3.518 3.448 3.448 3.448 3.448 3.447 3.447 3.447 3.447 3.447 3.447 3.447 3.447 3.447 3.447 -9999.000 3.591 3.612 3.633 3.647 3.648 3.618 3.190 3.182 3.182 -9999.000 -9999.000 -9999.000 -9999.000 -9999.000 -9999.000 -9999.000 -9999.000 -9999.000 -9999.000 -9999.000 -9999.000 -9999.000 -9999.000 -9999.000 -9999.000 -9999.000 4.135 4.135 4.135 4.135 4.068 3.943 3.922 3.911 3.845 3.720 -9999.000 4.144
3.979 3.914 -9999.000 -9999.000 -9999.000 -9999.000 3.618 3.617 3.638 -9999.000 -9999.000 -9999.000 -9999.000 -9999.000 -9999.000 3.448 3.448 3.448 3.448 3.448 3.448 3.447 3.447 3.447 3.447 3.447 3.447 -9999.000 3.447 3.447 3.447 3.447 4.072 4.091 4.093 4.093 4.094 -9999.000 -9999.000 -9999.000 -9999.000 -9999.000 -9999.000 4.130 4.130 4.131 4.131 4.131 4.132 4.132 4.132 4.133 4.133 4.134 4.134 4.135 4.135 4.135 4.135 4.135 4.135 4.135 4.082 3.945 3.929 3.901 3.799 3.756 4.128 4.144
4.103 4.103 4.102 3.452 3.452 3.452 3.452 3.451 3.449 3.448 3.448 3.448 3.448 3.448 3.448 3.448 3.448 3.448 3.448 3.448 4.067 4.077 4.066 4.066 4.066 4.067 4.068 -9999.000 -9999.000 -9999.000 -9999.000 -9999.000 -9999.000 4.126 4.126 4.126 4.127 4.127 4.127 4.128 4.128 4.129 4.129 4.130 4.130 4.131 4.131 4.131 4.132 4.132 4.132 4.133 4.133 4.134 4.134 4.135 4.135 4.135 4.136 4.136 4.136 4.135 4.094 3.949 3.940 -9999.000 3.799 4.095 4.135 4.144
4.109 4.110 4.106 4.102 -9999.000 -9999.000 -9999.000 -9999.000 -9999.000 -9999.000 -9999.000 -9999.000 -9999.000 -9999.000 -9999.000 -9999.000 -9999.000 -9999.000 4.079 4.084 4.106 4.120 4.120 4.120 4.121 4.121 4.121 4.122 4.122 4.123 4.123 4.124 4.125 4.125 4.126 4.126 4.127 4.127 4.127 4.128 4.128 4.129 4.129 4.130 4.130 4.131 4.131 4.131 4.132 4.132 4.132 4.133 4.133 4.134 4.134 4.135 4.135 4.135 4.136 4.136 4.136 4.136 4.118 4.075 -9999.000 -9999.000 -9999.000 -9999.000 4.141 4.143
4.109 4.110 4.110 4.111 4.112 4.112 4.113 4.113 4.113 4.114 4.114 4.115 4.116 4.116 4.116 4.117 4.117 4.118 4.118 4.119 4.119 4.120 4.120 4.120 4.121 4.121 4.121 4.122 4.122 4.123 4.123 4.124 4.125 4.125 4.126 4.126 4.127 4.127 4.127 4.128 4.128 4.129 4.129 4.130 4.130 4.130 4.131 4.131 4.132 4.132 4.132 4.133 4.133 4.134 4.134 4.135 4.135 4.136 4.136 4.136 4.137 4.137 4.134 -9999.000 -9999.000 4.140 4.140 4.141 4.141 4.141
4.109 4.110 4.110 4.111 4.112 4.112 4.113 4.113 4.113 4.114 4.114 4.115 4.116 4.116 4.116 4.117 4.117 4.118 4.118 4.119 4.119 4.120 4.120 4.120 4.121 4.121 4.122 4.122 4.122 4.123 4.123 4.124 4.125 4.125 4.126 4.126 4.126 4.127 4.127 4.128 4.128 4.129 4.129 4.130 4.130 4.130 4.131 4.131 4.132 4.132 4.132 4.133 4.133 4.134 4.134 4.135 4.135 4.136 4.136 4.137 4.137 4.138 4.138 4.139 4.139 4.140 4.140 4.140 4.141 4.141
4.110 4.110 4.110 4.111 4.112 4.112 4.113 4.113 4.113 4.114 4.114 4.115 4.116 4.116 4.116 4.117 4.117 4.118 4.118 4.119 4.119 4.120 4.120 4.120 4.121 4.121 4.122 4.122 4.122 4.123 4.123 4.124 4.124 4.125 4.125 4.126 4.126 4.127 4.127 4.128 4.128 4.129 4.129 4.129 4.130 4.130 4.131 4.131 4.132 4.132 4.132 4.133 4.133 4.134 4.134 4.135 4.135 4.136 4.136 4.137 4.137 4.138 4.138 4.139 4.139 4.140 4.140 4.140 4.141 4.141
4.110 4.110 4.110 4.111 4.112 4.112 4.113 4.113 4.113 4.114 4.114 4.115 4.116 4.116 4.116 4.117 4.117 4.118 4.118 4.119 4.119 4.120 4.120 4.120 4.121 4.121 4.121 4.122 4.122 4.123 4.123 4.124 4.124 4.125 4.125 4.126 4.126 4.127 4.127 4.128 4.128 4.129 4.129 4.129 4.130 4.130 4.131 4.131 4.132 4.132 4.132 4.133 4.133 4.134 4.134 4.135 4.135 4.136 4.136 4.137 4.137 4.138 4.138 4.139 4.139 4.140 4.140 4.140 4.141 4.141
4.110 4.110 4.110 4.111 4.112 4.112 4.113 4.113 4.113 4.114 4.115 4.115 4.116 4.116 4.116 4.117 4.117 4.117 4.118 4.118 4.119 4.119 4.120 4.120 4.121 4.121 4.121 4.122 4.122 4.123 4.123 4.124 4.124 4.125 4.125 4.126 4.126 4.127 4.127 4.128 4.128 4.128 4.129 4.129 4.130 4.130 4.131 4.131 4.132 4.132 4.132 4.133 4.133 4.134 4.134 4.135 4.135 4.136 4.136 4.137 4.137 4.138 4.138 4.139 4.139 4.140 4.140 4.140 4.141 4.141
4.110 4.110 4.111 4.111 4.112 4.112 4.113 4.113 4.113 4.114 4.114 4.115 4.115 4.116 4.116 4.117 4.117 4.117 4.118 4.118 4.119 4.119 4.120 4.120 4.121 4.121 4.121 4.122 4.122 4.123 4.123 4.124 4.124 4.125 4.125 4.126 4.126 4.126 4.127 4.127 4.128 4.128 4.129 4.129 4.130 4.130 4.131 4.131 4.131 4.132 4.132 4.133 4.133 4.134 4.134 4.135 4.135 4.136 4.136 4.137 4.137 4.138 4.138 4.139 4.139 4.140 4.140 4.141 4.141 4.141
