includes/estuary_coast/floodfiles/results/res.max
ncols         730
nrows         472
xllcorner     380617.130607059982140
yllcorner     6542069.774948899634182
cellsize      20.000000000000000
NODATA_value  -9999.000000
[rows 34 to 67 of 472, columns 77 to 153 of 730]
8.200 8.209 8.181 8.072 7.954 7.841 7.772 7.730 7.649 7.529 7.417 7.299 7.182 7.143 7.111 7.038 6.991 6.956 6.942 6.890 6.811 6.740 6.663 6.620 6.616 6.621 6.617 6.601 6.593 6.576 6.566 6.566 6.573 6.582 5.648 5.565 5.543 5.501 5.568 5.483 5.497 5.514 5.471 5.422 5.408 5.192 0.077 4.062 4.125 4.109 4.020 4.051 4.011 3.772 4.048 3.968 3.974 4.007 3.893 3.230 2.084 0.000 0.000 0.000 0.000 0.000 0.000 0.000 0.000 0.000 0.000 0.000 0.000 0.000 0.000 0.000 0.000
8.217 8.225 8.209 8.128 7.978 7.862 7.808 7.789 7.755 7.626 7.508 7.380 7.245 7.187 7.134 7.045 6.993 6.966 6.965 6.925 6.852 6.762 6.682 6.639 6.630 6.626 6.613 6.598 6.587 6.578 6.567 6.567 6.576 6.584 6.587 5.586 5.602 5.578 5.626 5.498 5.546 5.484 5.499 5.419 5.476 5.311 0.077 4.375 4.541 4.312 4.103 4.190 4.162 3.993 3.913 4.048 4.084 4.009 4.038 3.603 2.754 0.000 0.000 0.000 0.000 0.000 0.000 0.000 0.000 0.000 0.000 0.000 0.000 0.000 0.000 0.000 0.000
8.229 8.217 8.189 8.120 8.002 7.871 7.821 7.816 7.795 7.718 7.555 7.441 7.356 7.284 7.211 7.056 7.003 6.969 6.965 6.930 6.862 6.796 6.718 6.675 6.644 6.625 6.605 6.585 6.585 6.585 6.579 6.576 6.579 6.584 6.585 5.609 5.601 5.558 5.604 5.485 5.532 5.609 5.472 5.452 5.408 5.272 5.381 5.245 4.592 4.565 4.332 4.343 4.309 4.130 4.158 3.995 4.160 4.174 4.094 3.998 3.442 0.000 0.000 0.000 0.000 0.000 0.000 0.000 0.000 0.000 0.000 0.000 0.000 0.000 0.000 0.000 0.000
8.266 8.249 8.214 8.124 8.034 7.910 7.843 7.820 7.804 7.752 7.612 7.480 7.406 7.336 7.260 7.139 7.031 6.981 6.962 6.916 6.862 6.811 6.754 6.699 6.671 6.626 6.593 6.574 6.579 6.586 6.583 6.584 6.579 6.584 6.581 6.589 5.592 5.724 5.571 5.686 5.555 5.521 5.529 5.466 5.493 5.408 5.334 5.403 5.147 4.973 4.822 4.452 4.505 4.553 4.312 4.305 4.211 4.207 4.307 4.122 3.754 0.000 0.000 0.000 0.000 0.000 0.000 0.000 0.000 0.000 0.000 0.000 0.000 0.000 0.000 0.000 0.000
8.417 8.349 8.271 8.210 8.067 7.947 7.879 7.840 7.798 7.732 7.656 7.545 7.488 7.434 7.330 7.225 7.097 7.004 6.969 6.928 6.857 6.818 6.775 6.725 6.692 6.650 6.600 6.581 6.582 6.586 6.586 6.585 6.583 6.582 6.575 6.570 5.717 5.596 5.620 5.602 5.631 5.500 5.560 5.550 5.534 5.366 5.418 5.368 5.341 5.239 5.093 4.904 4.747 4.699 4.556 4.483 4.289 4.210 4.247 4.215 3.441 0.000 0.000 0.000 0.000 0.000 0.000 0.000 0.000 0.000 0.000 0.000 0.000 0.000 0.000 0.000 0.000
8.530 8.445 8.346 8.280 8.153 8.011 7.941 7.884 7.807 7.724 7.641 7.542 7.510 7.478 7.393 7.286 7.200 7.097 6.998 6.920 6.857 6.829 6.805 6.770 6.728 6.681 6.630 6.604 6.594 6.589 6.582 6.579 6.581 6.572 6.556 6.533 5.683 5.569 5.703 5.595 5.599 5.535 5.487 5.601 5.446 5.369 5.458 5.372 5.282 5.226 5.188 5.004 4.894 4.834 4.720 4.591 4.557 4.509 4.469 4.286 3.556 0.000 0.000 0.000 0.000 0.000 0.000 0.000 0.000 0.000 0.000 0.000 0.000 0.000 0.000 0.000 0.000
8.640 8.545 8.437 8.375 8.311 8.170 8.086 8.000 7.881 7.728 7.623 7.546 7.516 7.504 7.423 7.335 7.207 7.137 7.075 6.962 6.880 6.829 6.810 6.796 6.770 6.710 6.659 6.630 6.615 6.598 6.576 6.567 6.572 6.572 6.540 6.500 5.686 5.611 5.636 5.572 5.600 5.517 5.471 5.516 5.459 5.463 5.461 5.387 5.257 5.300 5.266 5.191 5.006 4.951 4.812 4.729 4.649 4.644 4.501 4.408 3.832 0.000 0.000 0.000 0.000 0.000 0.000 0.000 0.000 0.000 0.000 0.000 0.000 0.000 0.000 0.000 0.000
8.757 8.657 8.589 8.534 8.428 8.308 8.246 8.133 7.945 7.802 7.631 7.543 7.515 7.512 7.456 7.379 7.301 7.173 7.110 7.008 6.900 6.836 6.807 6.806 6.784 6.751 6.710 6.672 6.633 6.608 6.570 6.552 6.571 6.582 6.561 6.541 5.579 5.647 5.693 5.593 5.660 5.559 5.516 5.459 5.558 5.429 5.490 5.450 5.323 5.285 5.320 5.221 5.218 4.941 4.974 4.766 4.694 4.645 4.596 4.620 4.569 0.000 0.000 0.000 0.000 0.000 0.000 0.469 0.860 1.883 0.000 0.000 0.000 0.000 0.000 0.000 0.000
8.852 8.785 8.738 8.648 8.589 8.511 8.405 8.264 8.107 7.873 7.728 7.596 7.545 7.520 7.485 7.390 7.320 7.259 7.151 7.060 6.976 6.888 6.826 6.815 6.787 6.757 6.726 6.711 6.680 6.642 6.592 6.576 6.586 6.597 6.598 6.600 6.628 5.635 5.646 5.712 5.564 5.487 5.559 5.533 5.496 5.454 5.578 5.448 5.404 5.428 5.257 5.321 5.117 5.017 4.983 5.035 4.751 4.750 4.595 4.578 4.515 3.751 0.000 0.000 0.000 0.000 0.000 0.000 0.000 3.066 2.883 0.000 0.000 0.000 0.000 0.000 0.000
8.889 8.835 8.802 8.792 8.750 8.692 8.573 8.405 8.212 8.037 7.847 7.709 7.651 7.545 7.497 7.432 7.366 7.271 7.231 7.150 7.066 6.982 6.865 6.837 6.792 6.757 6.727 6.722 6.705 6.673 6.626 6.612 6.608 6.613 6.617 6.624 6.657 5.654 5.698 5.652 5.657 5.568 5.615 5.495 5.507 5.511 5.565 5.472 5.409 5.466 5.413 5.226 5.224 5.076 4.984 4.905 4.926 4.830 4.878 4.595 4.579 4.530 3.337 0.000 0.000 0.000 0.000 2.931 3.591 3.350 3.629 3.221 0.000 0.000 0.000 0.000 0.000
8.925 8.879 8.845 8.844 8.859 8.836 8.703 8.534 8.321 8.153 7.966 7.825 7.752 7.656 7.520 7.436 7.356 7.300 7.258 7.214 7.138 7.057 6.949 6.868 6.808 6.758 6.728 6.725 6.724 6.710 6.689 6.651 6.633 6.624 6.620 6.624 6.651 5.683 5.640 5.555 5.587 5.583 5.524 5.474 5.413 5.562 5.501 5.562 5.510 5.358 5.392 5.291 5.184 5.147 5.106 5.090 4.922 4.851 4.870 4.800 4.606 4.634 4.203 3.174 3.393 3.240 3.388 3.753 3.848 3.868 3.719 3.299 2.850 2.514 0.000 0.000 0.000
9.027 8.918 8.877 8.865 8.876 8.864 8.755 8.594 8.433 8.294 8.080 7.943 7.825 7.735 7.629 7.452 7.343 7.286 7.276 7.250 7.190 7.120 7.057 6.955 6.873 6.813 6.773 6.762 6.753 6.742 6.727 6.701 6.648 6.621 6.605 6.617 6.639 5.563 5.716 5.560 5.677 5.598 5.794 5.508 5.507 5.510 5.570 5.526 5.530 5.467 5.360 5.295 5.316 5.194 5.211 5.129 5.082 4.978 4.897 4.880 4.746 4.756 4.728 4.446 4.265 4.303 4.127 4.161 4.170 4.068 4.034 3.686 3.188 2.808 2.317 2.204 0.000
9.103 9.033 8.916 8.879 8.866 8.835 8.734 8.610 8.483 8.367 8.252 8.120 7.952 7.842 7.708 7.554 7.377 7.305 7.289 7.265 7.243 7.198 7.150 7.048 6.981 6.914 6.840 6.821 6.818 6.810 6.775 6.739 6.686 6.632 6.613 6.619 6.627 6.633 5.693 5.723 5.574 5.528 5.560 5.657 5.575 5.561 5.619 5.463 5.481 5.461 5.341 5.368 5.243 5.245 5.243 5.077 5.061 5.120 4.955 4.857 4.826 4.745 4.783 4.694 4.481 4.415 4.356 4.252 4.287 4.111 4.183 4.070 3.510 2.985 2.840 2.655 2.831
9.256 9.167 9.015 8.946 8.888 8.853 8.804 8.677 8.590 8.514 8.381 8.325 8.245 8.053 7.895 7.721 7.509 7.376 7.347 7.304 7.280 7.249 7.210 7.158 7.077 7.006 6.911 6.876 6.861 6.857 6.848 6.804 6.747 6.695 6.639 6.630 6.619 6.605 5.646 5.745 5.627 5.590 5.655 5.563 5.533 5.494 5.598 5.515 5.520 5.483 5.388 5.357 5.285 5.236 5.328 5.183 5.041 5.032 5.051 4.963 4.964 4.923 4.854 4.715 4.697 4.469 4.389 4.323 4.291 4.228 4.137 4.100 4.011 3.318 3.364 3.480 3.681
9.399 9.292 9.186 9.049 8.982 8.887 8.829 8.709 8.633 8.543 8.505 8.451 8.391 8.213 8.041 7.866 7.693 7.546 7.426 7.352 7.325 7.303 7.268 7.256 7.216 7.107 7.022 6.920 6.885 6.877 6.875 6.838 6.786 6.740 6.690 6.641 6.603 6.570 5.717 5.621 5.698 5.622 5.554 5.557 5.521 5.452 5.674 5.523 5.427 5.460 5.488 5.398 5.328 5.260 5.254 5.201 5.221 5.114 5.121 5.057 4.916 4.970 4.818 4.836 4.772 4.776 4.526 4.421 4.431 4.312 4.173 4.148 4.211 3.810 3.931 3.977 3.905
9.565 9.434 9.336 9.157 9.074 8.949 8.886 8.807 8.666 8.580 8.553 8.542 8.505 8.349 8.173 7.980 7.834 7.670 7.596 7.547 7.416 7.389 7.359 7.360 7.319 7.236 7.092 6.999 6.918 6.886 6.880 6.850 6.813 6.757 6.723 6.674 6.601 6.549 5.616 5.626 5.648 5.573 5.529 5.583 5.611 5.452 5.535 5.530 5.528 5.459 5.418 5.495 5.387 5.344 5.322 5.222 5.091 5.133 5.105 4.973 4.995 4.949 4.833 4.850 4.720 4.697 4.724 4.519 4.410 4.411 4.332 4.262 4.240 4.171 4.224 4.038 4.001
9.730 9.593 9.456 9.348 9.174 9.090 9.004 8.869 8.746 8.649 8.571 8.570 8.548 8.437 8.274 8.139 8.015 7.855 7.772 7.634 7.557 7.424 7.384 7.386 7.376 7.303 7.193 7.071 6.998 6.917 6.901 6.884 6.861 6.815 6.787 6.732 6.661 6.583 5.643 5.625 5.547 5.606 5.626 5.559 5.567 5.540 5.707 5.519 5.482 5.551 5.503 5.442 5.374 5.297 5.339 5.237 5.155 5.144 5.120 5.164 4.994 5.053 4.919 5.085 4.936 4.707 4.645 4.693 4.527 4.496 4.381 4.287 4.249 4.251 4.212 4.164 4.164
9.880 9.692 9.550 9.442 9.341 9.194 9.103 9.010 8.818 8.700 8.599 8.568 8.549 8.477 8.326 8.208 8.108 7.965 7.883 7.730 7.633 7.532 7.405 7.387 7.368 7.324 7.260 7.184 7.106 7.014 6.943 6.912 6.883 6.865 6.839 6.789 6.721 6.667 5.548 5.655 5.610 5.649 5.559 5.599 5.607 5.532 5.469 5.610 5.478 5.485 5.453 5.457 5.413 5.292 5.232 5.188 5.234 5.192 5.087 5.125 5.079 5.015 4.879 4.846 4.892 4.697 4.713 4.670 4.640 4.510 4.417 4.397 4.360 4.302 4.227 4.179 4.180
9.941 9.780 9.666 9.579 9.515 9.378 9.249 9.135 8.988 8.824 8.715 8.625 8.591 8.499 8.351 8.259 8.182 8.069 8.000 7.909 7.737 7.618 7.523 7.425 7.374 7.347 7.311 7.262 7.198 7.141 7.041 6.945 6.894 6.877 6.873 6.831 6.768 6.715 5.744 5.607 5.580 5.616 5.732 5.556 5.659 5.528 5.405 5.531 5.624 5.518 5.463 5.370 5.413 5.422 5.398 5.246 5.255 5.211 5.197 5.041 5.065 5.000 5.029 4.892 4.838 4.855 4.694 4.694 4.727 4.718 4.522 4.400 4.354 4.370 4.331 4.288 4.167
9.945 9.789 9.692 9.629 9.591 9.507 9.439 9.277 9.130 8.976 8.856 8.772 8.730 8.617 8.471 8.390 8.239 8.163 8.118 8.035 7.858 7.732 7.629 7.490 7.457 7.393 7.377 7.358 7.314 7.253 7.126 7.029 6.918 6.882 6.874 6.843 6.793 6.745 6.680 5.571 5.569 5.613 5.662 5.598 5.622 5.408 5.452 5.557 5.565 5.567 5.505 5.510 5.410 5.316 5.294 5.413 5.225 5.248 5.130 5.111 5.093 5.003 4.966 4.974 4.918 4.842 4.771 4.860 4.723 4.620 4.641 4.410 4.490 4.392 4.358 4.350 4.170
9.926 9.816 9.706 9.665 9.653 9.619 9.569 9.463 9.273 9.119 8.996 8.899 8.839 8.696 8.596 8.417 8.306 8.265 8.239 8.192 8.049 7.844 7.736 7.616 7.526 7.503 7.488 7.483 7.476 7.417 7.273 7.147 7.038 6.914 6.885 6.842 6.797 6.752 6.708 5.583 5.594 5.707 5.721 5.633 5.672 5.502 5.412 5.662 5.625 5.582 5.560 5.457 5.313 5.343 5.315 5.260 5.249 5.118 5.134 5.144 5.173 4.992 4.989 5.106 4.934 4.864 4.687 4.809 4.715 4.624 4.652 4.639 4.404 4.439 4.366 4.336 4.255
9.905 9.817 9.760 9.689 9.690 9.697 9.656 9.582 9.423 9.245 9.131 9.134 8.964 8.793 8.662 8.508 8.331 8.261 8.256 8.241 8.143 8.044 7.879 7.798 7.730 7.563 7.549 7.556 7.573 7.520 7.371 7.234 7.139 7.049 6.933 6.856 6.804 6.754 6.713 5.601 5.591 5.559 5.697 5.647 5.600 5.430 5.527 5.602 5.479 5.484 5.397 5.428 5.470 5.360 5.348 5.295 5.272 5.307 5.186 5.128 5.118 5.107 4.947 4.924 4.912 4.843 4.780 4.899 4.794 4.623 4.656 4.656 4.580 4.510 4.391 4.341 4.304
9.905 9.824 9.773 9.730 9.699 9.705 9.684 9.626 9.521 9.436 9.360 9.282 9.187 8.930 8.771 8.585 8.389 8.282 8.274 8.294 8.232 8.176 8.104 7.968 7.882 7.716 7.577 7.578 7.592 7.551 7.426 7.308 7.217 7.129 7.019 6.950 6.828 6.754 6.704 6.689 5.622 5.657 5.449 5.633 5.609 5.385 5.381 5.512 5.546 5.542 5.514 5.378 5.436 5.297 5.350 5.213 5.290 5.243 5.206 5.188 5.122 5.032 4.958 4.995 4.883 4.949 4.890 4.815 4.792 4.692 4.723 4.624 4.558 4.624 4.431 4.332 4.353
9.947 9.902 9.832 9.777 9.737 9.724 9.701 9.663 9.630 9.536 9.499 9.453 9.373 9.181 8.998 8.784 8.537 8.420 8.357 8.361 8.298 8.259 8.205 8.136 7.998 7.809 7.709 7.593 7.574 7.537 7.431 7.341 7.276 7.206 7.099 7.006 6.888 6.746 6.685 6.684 5.512 5.481 5.542 5.473 5.499 5.395 5.611 5.625 5.572 5.486 5.447 5.430 5.452 5.370 5.265 5.239 5.246 5.225 5.202 5.152 5.147 5.135 5.041 4.950 4.945 5.069 4.828 4.793 4.780 4.798 4.672 4.722 4.576 4.605 4.470 4.376 4.330
10.006 9.931 9.879 9.828 9.787 9.779 9.779 9.753 9.699 9.707 9.722 9.657 9.609 9.454 9.256 9.002 8.803 8.668 8.493 8.466 8.384 8.354 8.319 8.267 8.144 8.018 7.819 7.715 7.650 7.532 7.462 7.358 7.314 7.280 7.227 7.118 6.943 6.806 6.714 6.704 5.598 5.595 5.471 5.533 5.458 5.477 5.599 5.476 5.652 5.523 5.536 5.423 5.324 5.375 5.398 5.312 5.315 5.188 5.180 5.160 5.115 5.032 5.053 5.059 4.969 4.887 4.927 4.844 4.950 4.783 4.678 4.630 4.601 4.615 4.558 4.493 4.361
10.052 9.986 9.939 9.893 9.864 9.855 9.853 9.864 9.849 9.822 9.880 9.905 9.885 9.723 9.508 9.241 9.036 8.887 8.727 8.585 8.482 8.453 8.436 8.409 8.309 8.176 8.023 7.825 7.727 7.643 7.475 7.372 7.334 7.329 7.294 7.189 7.014 6.885 6.807 6.740 6.703 5.651 5.509 5.557 5.402 5.401 5.629 5.504 5.642 5.498 5.489 5.385 5.462 5.375 5.418 5.357 5.297 5.278 5.163 5.225 5.133 5.160 4.978 5.075 4.946 4.884 4.824 4.833 4.847 4.793 4.778 4.712 4.592 4.625 4.574 4.519 4.526
10.100 10.078 10.002 9.972 9.941 9.938 9.934 9.944 9.929 9.977 10.016 10.093 10.101 9.953 9.722 9.448 9.240 9.083 8.964 8.783 8.641 8.580 8.553 8.535 8.487 8.320 8.155 8.014 7.820 7.711 7.512 7.396 7.340 7.333 7.308 7.220 7.101 6.949 6.869 6.815 6.700 5.561 5.490 5.478 5.437 5.417 5.374 5.644 5.519 5.542 5.403 5.376 5.377 5.418 5.355 5.408 5.258 5.175 5.142 5.162 5.108 5.162 5.111 4.990 5.003 4.884 4.906 4.869 4.726 4.828 4.748 4.762 4.631 4.564 4.646 4.502 4.635
10.150 10.120 10.066 10.085 10.069 10.058 10.052 10.011 9.996 10.038 10.098 10.181 10.195 10.064 9.864 9.596 9.473 9.328 9.197 9.000 8.857 8.673 8.574 8.572 8.548 8.458 8.259 8.123 8.006 7.804 7.697 7.496 7.400 7.355 7.327 7.230 7.138 6.995 6.912 6.837 6.740 6.633 5.520 5.431 5.412 5.358 5.378 5.418 5.566 5.416 5.403 5.320 5.518 5.362 5.286 5.221 5.299 5.284 5.179 5.133 5.173 5.083 5.108 5.039 4.949 4.875 4.897 4.871 4.838 4.899 4.769 4.744 4.742 4.570 4.693 4.485 4.450
10.164 10.166 10.187 10.143 10.140 10.138 10.132 10.082 10.083 10.094 10.128 10.168 10.156 10.056 9.901 9.744 9.612 9.496 9.372 9.158 8.978 8.748 8.621 8.575 8.558 8.493 8.370 8.270 8.178 8.079 7.909 7.753 7.495 7.415 7.360 7.301 7.174 7.093 6.970 6.874 6.744 6.615 5.562 5.505 5.441 5.373 5.377 5.338 5.472 5.524 5.422 5.387 5.494 5.322 5.289 5.258 5.366 5.153 5.131 5.142 5.030 4.999 5.048 4.992 5.031 4.933 4.960 4.838 4.866 4.859 4.795 4.706 4.653 4.683 4.518 4.524 4.522
10.184 10.193 10.224 10.248 10.269 10.224 10.222 10.205 10.143 10.127 10.127 10.136 10.131 10.032 9.961 9.825 9.757 9.689 9.590 9.378 9.174 8.938 8.731 8.655 8.608 8.565 8.425 8.359 8.304 8.216 8.088 7.929 7.689 7.518 7.431 7.353 7.237 7.167 7.050 6.929 6.733 6.595 6.519 5.476 5.439 5.484 5.290 5.310 5.355 5.528 5.432 5.385 5.455 5.354 5.314 5.191 5.396 5.187 5.191 5.066 5.139 5.078 5.048 5.006 5.058 4.965 4.925 4.911 4.841 4.814 4.741 4.777 4.636 4.698 4.682 4.575 4.543
10.211 10.240 10.268 10.306 10.342 10.360 10.325 10.297 10.215 10.173 10.147 10.134 10.123 10.071 9.998 9.930 9.936 9.935 9.881 9.718 9.490 9.182 8.954 8.828 8.753 8.623 8.485 8.445 8.417 8.389 8.294 8.117 7.929 7.679 7.466 7.373 7.272 7.220 7.118 6.986 6.806 6.616 6.532 5.510 5.383 5.368 5.336 5.363 5.281 5.358 5.425 5.480 5.355 5.250 5.336 5.271 5.192 5.189 5.220 5.207 5.138 5.068 5.118 4.975 5.154 4.906 5.128 4.841 4.863 4.854 4.835 4.732 4.705 4.825 4.567 4.577 4.570
10.253 10.282 10.334 10.366 10.417 10.449 10.451 10.391 10.298 10.229 10.189 10.160 10.150 10.146 10.132 10.124 10.209 10.290 10.239 10.094 9.831 9.502 9.181 8.998 8.870 8.766 8.598 8.513 8.519 8.531 8.445 8.259 8.036 7.736 7.556 7.370 7.292 7.267 7.206 7.055 6.891 6.738 6.625 5.417 5.479 5.442 5.325 5.295 5.253 5.261 5.255 5.366 5.363 5.277 5.300 5.264 5.259 5.141 5.146 5.149 5.059 5.130 5.033 5.009 4.951 4.932 4.986 4.967 4.782 4.840 4.736 4.699 4.742 4.713 4.633 4.493 4.504
10.299 10.326 10.377 10.429 10.487 10.524 10.527 10.454 10.364 10.284 10.231 10.241 10.235 10.252 10.246 10.311 10.445 10.606 10.646 10.496 10.184 9.837 9.462 9.231 9.056 8.909 8.709 8.544 8.557 8.578 8.510 8.333 8.105 7.780 7.569 7.396 7.293 7.285 7.245 7.125 6.977 6.847 6.760 6.666 5.423 5.347 5.337 5.320 5.406 5.252 5.233 5.322 5.434 5.392 5.333 5.243 5.262 5.229 5.193 5.167 5.139 5.069 5.106 4.979 4.979 4.968 4.944 4.992 5.068 4.774 4.792 4.727 4.699 4.588 4.781 4.599 4.554
10.343 10.346 10.408 10.454 10.510 10.553 10.556 10.499 10.419 10.344 10.295 10.271 10.269 10.294 10.314 10.431 10.580 10.800 10.898 10.743 10.396 10.020 9.623 9.370 9.172 9.003 8.848 8.680 8.578 8.563 8.485 8.342 8.145 7.828 7.615 7.429 7.315 7.301 7.262 7.162 7.046 6.933 6.837 6.706 5.373 5.394 5.328 5.315 5.344 5.373 5.303 5.230 5.206 5.406 5.356 5.248 5.200 5.259 5.128 5.161 5.031 5.066 5.043 4.987 5.097 4.888 4.919 4.890 4.842 4.776 4.797 4.726 4.721 4.556 4.646 4.572 4.596
