includes/estuary_coast/floodfiles/results/res.totaltm
ncols         730
nrows         472
xllcorner     380617.130607
yllcorner     6542069.774949
cellsize      20.000000
NODATA_value  -9999.000000
[rows 374 to 407 of 472, columns 152 to 227 of 730]
43.147 43.134 43.108 24.413 43.059 41.768 42.995 25.688 30.148 31.005 42.904 23.283 22.685 26.658 21.411 42.771 42.752 20.742 42.667 21.510 21.266 38.874 42.572 26.528 42.515 20.420 42.448 23.386 17.975 20.182 19.624 21.054 17.966 13.528 1.430 5.527 5.563 5.548 5.465 5.481 5.472 5.473 5.439 5.421 5.407 5.399 5.285 5.289 5.278 5.269 5.255 5.266 5.270 5.270 5.252 5.272 5.230 5.223 5.106 4.644 5.176 5.169 5.155 5.145 5.093 5.067 4.967 0.941 0.840 0.314 0.947 1.283 1.683 3.245 4.896 4.873
43.178 43.146 43.132 39.318 34.798 42.070 42.929 34.523 34.497 42.931 42.904 29.377 42.854 42.835 42.804 42.792 24.941 42.726 21.697 22.532 41.011 40.645 21.046 25.577 18.479 21.534 31.447 42.447 22.036 23.952 21.321 17.984 19.126 41.658 1.912 5.601 5.573 5.558 5.546 5.533 5.513 5.492 5.477 5.459 5.402 5.390 5.306 5.292 5.280 5.270 5.278 5.282 5.296 5.296 5.275 5.288 5.254 5.235 5.198 5.191 5.184 5.160 5.134 1.254 1.069 0.000 0.000 0.000 0.000 0.000 0.000 0.000 0.899 1.628 3.336 4.835
43.183 43.171 43.144 25.489 43.061 43.040 43.009 42.999 24.923 34.189 42.905 24.961 42.850 28.101 22.676 29.767 24.476 23.454 42.696 42.677 42.648 30.211 42.596 38.806 20.684 22.043 42.492 23.113 23.720 19.243 17.535 15.415 13.459 16.362 2.151 5.664 5.667 5.601 5.535 5.523 5.495 5.483 5.465 5.450 5.394 5.388 5.310 5.290 5.269 5.260 5.285 5.290 5.319 5.325 5.305 5.297 5.284 5.256 5.221 5.197 2.449 2.348 0.495 0.000 0.000 0.000 0.000 0.000 0.000 0.000 0.000 0.000 0.000 0.717 1.665 1.338
26.655 42.551 42.552 43.106 43.060 24.614 25.401 42.975 38.734 42.932 42.891 42.878 42.853 34.562 28.769 42.788 20.668 42.697 42.689 22.753 42.645 24.757 22.784 38.259 36.789 42.535 36.901 21.628 20.605 42.219 19.167 19.286 17.315 15.532 5.776 5.710 5.693 5.587 5.463 5.490 5.483 5.471 5.431 5.414 5.405 5.387 5.346 5.268 5.245 5.260 5.315 5.329 5.345 5.343 5.322 5.302 5.284 5.260 5.242 4.380 1.762 0.804 0.000 0.000 0.000 0.000 0.000 0.000 0.000 0.000 0.000 0.000 0.000 0.000 0.523 0.864
26.648 25.349 43.115 31.713 33.147 43.039 42.999 25.755 27.234 42.922 42.894 42.883 31.924 30.414 42.816 25.824 26.194 42.728 42.700 26.615 20.437 42.616 29.768 32.837 35.025 27.077 21.720 21.475 23.029 22.233 18.885 17.041 15.520 15.330 5.862 5.724 5.703 3.221 5.322 5.492 5.477 5.466 5.455 5.429 5.386 4.268 5.294 2.405 5.218 5.239 5.324 5.368 5.364 5.353 5.338 5.303 5.295 5.245 2.475 4.403 1.456 0.000 0.000 0.000 0.000 0.000 0.000 0.000 0.000 0.000 0.000 0.000 0.000 0.000 0.000 0.000
43.170 43.158 43.115 43.099 43.078 24.717 42.479 25.701 33.752 32.501 38.125 42.889 42.719 22.805 22.870 42.772 42.744 42.731 42.716 42.688 24.537 34.061 28.473 42.598 31.013 25.767 21.665 23.516 17.960 42.174 21.708 18.545 17.273 15.019 6.233 5.724 0.849 5.484 5.522 5.508 5.491 5.454 5.401 1.694 4.924 5.319 2.723 5.299 5.236 5.260 5.358 5.393 5.373 5.362 5.352 5.304 5.295 5.257 5.196 2.382 0.000 0.000 0.000 0.000 0.000 0.000 0.000 0.000 0.000 0.000 0.000 0.000 0.000 0.000 0.000 0.000
25.255 43.149 26.534 43.098 42.641 43.047 37.905 25.279 42.966 30.747 23.701 42.889 42.870 42.855 42.816 42.789 27.600 25.874 42.708 42.278 42.658 42.644 42.618 42.606 23.248 26.322 19.726 20.523 42.230 20.009 19.507 42.063 16.919 15.669 13.080 5.535 10.944 1.916 5.544 5.524 5.503 5.432 5.410 5.416 5.452 5.427 2.219 5.321 5.338 5.324 5.425 5.415 5.408 5.386 5.329 5.319 5.310 5.193 5.188 2.147 0.000 0.000 0.000 0.000 0.000 0.000 0.000 0.000 0.000 0.000 0.000 0.000 0.000 0.000 0.000 0.000
43.185 42.847 43.135 26.198 43.075 37.271 42.182 42.997 42.971 42.959 34.327 33.752 42.886 23.049 42.802 42.783 42.772 25.747 25.170 42.693 22.847 23.609 42.621 32.824 42.556 33.252 19.508 42.298 18.597 22.917 22.676 17.682 16.638 15.566 15.074 14.798 7.260 9.088 2.946 5.546 5.528 5.447 5.430 5.464 5.475 5.461 3.777 5.456 5.376 5.388 5.435 5.431 5.400 5.390 5.361 5.317 5.313 5.217 4.303 1.479 0.000 0.000 0.000 0.000 0.000 0.000 0.000 0.000 0.000 0.000 0.000 0.000 0.000 0.000 0.000 0.000
24.894 24.958 43.121 26.354 42.561 36.592 24.842 24.837 34.477 30.064 24.118 23.672 22.851 22.447 42.808 42.775 26.004 42.748 23.756 21.698 42.683 42.664 20.607 20.207 19.130 42.415 31.839 31.437 32.913 42.225 22.618 24.652 21.474 17.295 15.586 15.809 14.443 5.326 2.781 5.531 5.514 5.458 5.466 5.526 5.488 5.475 2.052 5.462 5.388 5.393 5.444 5.438 5.374 5.387 5.363 5.350 5.342 5.277 3.691 0.896 0.000 0.000 0.000 0.000 0.000 0.000 0.000 0.000 0.000 0.000 0.000 0.000 0.000 0.000 0.000 0.000
43.170 43.153 43.129 23.740 42.988 43.044 42.078 43.008 42.982 32.516 27.664 42.904 26.837 42.863 42.696 23.233 21.465 28.476 34.673 32.094 28.607 23.892 20.515 20.469 18.207 42.393 40.976 42.339 20.314 42.216 19.289 16.450 21.515 17.243 17.415 17.850 14.665 4.958 2.429 5.503 5.489 5.474 5.525 5.537 5.505 5.487 4.923 5.477 5.425 5.443 5.457 5.444 5.427 5.394 5.352 5.356 5.332 5.210 1.611 0.000 0.000 0.000 0.000 0.000 0.000 0.000 0.000 0.000 0.000 0.000 0.000 0.000 0.000 0.000 0.000 0.000
43.192 26.006 43.121 43.104 43.074 42.937 43.039 43.004 24.816 29.923 42.932 24.799 42.880 42.851 41.571 24.963 42.789 33.779 38.659 26.290 27.176 24.282 29.203 19.940 29.287 26.192 42.364 20.029 19.833 42.205 17.457 17.317 20.072 41.815 18.169 15.927 17.363 4.958 2.702 2.782 5.503 5.487 5.500 5.550 5.539 5.527 5.497 5.493 5.500 5.484 5.475 5.439 5.434 5.394 5.387 5.378 5.355 5.231 1.847 0.000 0.000 0.000 0.000 0.000 0.000 0.000 0.000 0.000 0.000 0.000 0.000 0.000 0.000 0.000 0.000 0.000
43.186 25.912 43.122 32.036 34.404 37.502 23.679 43.000 25.961 23.155 24.832 24.430 32.029 42.855 27.903 42.813 42.787 42.777 27.040 25.117 26.972 30.005 26.622 30.135 42.467 29.245 20.698 19.818 20.325 42.200 27.294 19.761 18.963 14.113 17.152 14.055 30.775 4.992 3.268 2.567 4.325 5.481 5.584 5.581 5.547 5.486 5.503 5.372 5.511 5.489 5.478 5.468 5.444 5.434 5.397 5.390 5.314 5.240 2.142 0.000 0.000 0.000 0.000 0.000 0.000 0.000 0.000 0.000 0.000 0.000 0.000 0.000 0.000 0.000 0.000 0.000
27.200 43.145 43.113 43.103 35.312 43.058 43.047 43.010 23.362 26.839 42.914 42.899 42.886 42.864 33.695 24.994 41.034 25.837 22.190 21.134 20.751 21.958 20.515 42.494 20.842 19.947 20.971 21.367 20.687 21.563 22.933 24.976 18.923 16.455 14.027 14.280 13.668 5.012 1.624 1.826 1.461 4.159 5.600 5.593 5.580 3.390 5.543 5.557 5.523 5.505 5.489 5.476 5.416 5.381 5.388 5.358 5.271 5.194 1.740 0.000 0.000 0.000 0.000 0.000 0.000 0.000 0.000 0.000 0.000 0.000 0.000 0.000 0.000 0.000 0.000 0.000
27.264 24.782 32.714 25.026 43.094 43.050 32.510 43.006 42.980 42.964 42.939 23.822 24.765 29.239 42.840 42.827 42.812 22.869 22.844 22.811 21.785 42.599 32.646 30.068 21.626 23.022 42.344 42.301 20.591 21.710 16.565 42.075 19.494 15.789 19.380 16.779 12.833 5.074 2.850 5.577 5.597 5.629 5.619 5.607 5.476 5.575 5.546 5.579 5.478 5.521 5.478 5.423 5.152 2.494 4.066 3.207 5.205 2.846 1.370 0.000 0.000 0.000 0.000 0.000 0.000 0.000 0.000 0.000 0.000 0.000 0.000 0.000 0.000 0.000 0.000 0.000
43.213 43.175 36.628 43.139 43.125 43.081 36.093 43.001 42.953 42.956 24.839 25.027 32.904 42.869 42.857 38.023 24.025 24.760 21.581 21.097 42.603 42.577 20.329 22.986 21.801 18.178 42.347 42.316 21.882 19.345 22.811 19.575 21.041 21.937 13.414 30.797 10.403 5.388 3.640 3.172 2.612 5.786 2.032 5.609 3.088 5.641 5.655 5.599 5.489 5.536 5.458 1.746 2.446 2.271 2.194 2.074 2.493 1.595 0.893 0.000 0.000 0.000 0.000 0.000 0.000 0.000 0.000 0.000 0.000 0.000 0.000 0.000 0.000 0.000 0.000 0.000
35.307 39.082 27.619 43.131 25.680 33.712 32.438 25.068 42.659 27.014 42.930 32.116 42.895 42.089 28.595 34.585 23.354 21.458 21.409 25.457 24.137 42.566 20.607 42.482 28.411 30.250 31.266 25.533 22.153 22.727 42.156 19.344 19.860 15.350 13.853 12.732 5.125 9.412 3.093 2.968 5.791 5.812 5.897 5.877 5.843 5.605 5.672 5.620 5.607 5.547 2.060 5.192 1.731 0.816 0.670 1.210 0.895 0.000 0.000 0.000 0.000 0.000 0.000 0.000 0.000 0.000 0.000 0.000 0.000 0.000 0.000 0.000 0.000 0.000 0.000 0.000
43.194 43.171 43.158 43.129 27.190 25.304 32.249 26.222 42.980 28.779 34.791 42.922 42.909 42.885 34.787 31.973 23.448 20.842 22.711 42.629 38.590 42.575 22.069 42.499 41.413 25.740 40.490 20.114 19.537 42.204 21.366 24.874 22.527 17.901 17.029 15.865 6.852 2.722 4.252 6.037 5.770 5.836 5.916 2.125 5.829 5.772 5.688 5.681 5.618 5.533 5.512 1.706 0.655 0.000 0.000 0.000 0.000 0.000 0.000 0.000 0.000 0.000 0.000 0.000 0.000 0.000 0.000 0.000 0.000 0.000 0.000 0.000 0.000 0.000 0.000 0.000
43.214 25.146 43.145 43.110 28.115 43.056 43.021 43.006 42.980 28.470 42.943 42.933 41.471 42.887 33.175 41.344 23.297 42.696 42.679 42.647 42.636 36.822 42.530 42.509 42.475 33.834 32.236 35.040 42.328 24.812 24.413 18.410 17.469 13.370 10.813 14.212 7.455 2.601 6.042 6.131 6.117 6.062 6.038 5.088 4.480 5.833 5.774 5.761 5.614 5.579 2.076 1.039 0.000 0.000 0.000 0.000 0.000 0.000 0.000 0.000 0.000 0.000 0.000 0.000 0.000 0.000 0.000 0.000 0.000 0.000 0.000 0.000 0.000 0.000 0.000 0.000
43.087 29.342 43.150 43.109 43.079 43.069 43.050 34.270 42.991 42.974 42.958 42.874 42.837 42.854 42.835 42.795 42.770 42.703 24.120 23.808 32.167 42.544 20.133 42.474 23.176 30.473 21.079 35.276 29.768 19.024 42.151 20.768 17.513 15.200 13.757 11.115 7.458 3.203 6.167 6.141 6.093 3.749 5.169 5.912 1.075 5.865 5.625 5.691 5.631 4.051 1.468 0.000 0.000 0.000 0.000 0.000 0.000 0.000 0.000 0.000 0.000 0.000 0.000 0.000 0.000 0.000 0.000 0.000 0.000 0.000 0.000 0.000 0.000 0.000 0.000 0.000
39.782 43.184 42.949 43.127 43.083 43.063 34.169 41.219 40.009 33.983 27.887 33.696 22.433 22.428 22.326 42.778 42.743 42.698 42.585 42.650 20.733 42.529 21.100 32.490 20.698 20.271 42.347 20.162 32.905 42.241 18.419 18.526 17.092 16.296 15.038 12.781 7.465 6.195 6.181 6.078 6.109 6.118 6.156 2.032 5.814 5.880 2.062 5.597 5.681 2.167 1.356 0.000 0.000 0.000 0.000 0.000 0.000 0.000 0.000 0.000 0.000 0.000 0.000 0.000 0.000 0.000 0.000 0.000 0.000 0.000 0.000 0.000 0.000 0.000 0.000 0.000
43.215 43.184 43.167 43.141 35.903 25.289 32.406 41.251 43.016 33.806 30.295 42.924 23.933 24.240 22.458 42.750 21.514 28.822 24.979 42.618 42.602 21.085 42.498 42.462 21.259 42.358 34.215 19.393 42.251 27.119 18.887 17.277 18.814 16.522 14.585 12.214 7.577 9.800 6.183 3.670 6.120 6.111 6.166 6.131 6.055 5.915 4.777 4.574 5.707 5.523 2.038 0.814 0.000 0.000 0.000 0.000 0.000 0.000 0.000 0.000 0.000 0.000 0.000 0.000 0.000 0.000 0.000 0.000 0.000 0.000 0.000 0.000 0.000 0.000 0.000 0.000
26.628 24.739 43.141 28.261 27.873 31.048 43.052 43.043 43.033 38.959 42.789 26.073 42.852 22.876 42.768 41.748 21.556 21.265 42.612 22.718 37.888 42.532 42.485 31.162 36.969 30.813 24.403 42.281 19.953 42.204 20.492 19.982 20.415 16.699 15.071 11.492 7.937 8.167 6.419 6.181 6.198 6.162 6.200 6.138 6.098 6.017 5.984 5.863 5.831 5.561 4.794 1.686 0.800 0.000 0.000 0.000 0.000 0.000 0.000 0.000 0.000 0.000 0.000 0.000 0.000 0.000 0.000 0.000 0.000 0.000 0.000 0.000 0.000 0.000 0.000 0.000
43.205 37.749 41.587 32.852 32.658 43.084 43.069 42.564 24.466 23.995 42.814 42.824 42.789 42.789 42.373 40.056 28.904 28.855 27.419 28.555 26.351 42.509 20.984 20.805 42.385 29.715 19.260 42.258 19.412 42.196 18.980 17.289 17.045 19.345 17.084 14.702 13.243 7.546 6.303 6.208 6.243 6.229 6.218 6.143 6.090 5.912 5.661 5.843 5.714 5.687 4.776 3.053 2.640 2.163 0.000 0.000 0.000 0.000 0.000 0.000 0.000 0.000 0.000 0.000 0.000 0.000 0.000 0.000 0.000 0.000 0.000 0.000 0.000 0.000 0.000 0.000
43.085 43.172 25.820 43.129 43.115 43.089 29.546 43.051 42.519 40.459 42.939 31.128 23.435 26.340 21.077 41.355 26.701 21.094 42.603 21.411 42.517 20.654 20.964 22.050 42.363 42.346 21.122 23.811 42.237 20.167 17.183 19.785 17.963 41.937 17.605 15.613 14.826 7.466 6.390 6.307 6.262 6.245 6.231 6.123 5.206 5.035 5.166 5.801 5.703 5.658 5.629 5.334 2.765 5.262 1.977 0.328 0.000 0.000 0.000 0.000 0.000 0.000 0.000 0.000 0.000 0.000 0.000 0.000 0.000 0.000 0.000 0.000 0.000 0.000 0.000 0.000
43.198 43.178 43.165 43.138 34.117 42.112 25.685 25.599 43.005 37.132 24.821 42.869 42.839 25.063 23.939 41.675 42.342 30.845 22.471 29.201 30.530 42.480 28.839 23.904 21.584 25.170 27.119 25.295 18.151 42.137 18.196 19.250 41.992 27.889 22.647 17.135 15.129 7.445 9.487 6.366 6.289 6.268 6.231 5.989 3.412 2.606 5.600 5.617 5.590 5.646 5.558 5.549 5.390 4.206 3.264 2.953 1.389 0.605 0.000 0.000 0.000 0.000 0.000 0.000 1.788 1.589 0.000 0.000 0.000 0.000 0.000 0.000 0.000 0.000 0.000 0.000
43.201 27.679 38.438 43.137 42.580 37.870 22.683 26.274 25.354 24.789 25.359 27.106 42.818 25.501 42.718 25.264 42.651 31.509 42.569 42.542 42.516 22.911 42.438 21.392 42.325 25.585 20.362 18.615 18.120 18.632 42.076 42.047 36.771 18.395 18.054 17.855 14.811 30.769 7.567 9.566 6.209 6.228 6.138 3.769 3.239 5.510 5.583 5.512 5.573 5.530 5.551 5.537 5.495 5.483 5.369 3.784 2.459 1.640 5.122 2.347 5.115 4.620 4.160 4.386 5.020 3.763 2.617 1.870 0.000 0.000 0.000 0.000 0.000 0.000 0.000 0.000
43.204 25.019 43.154 30.050 31.564 36.821 34.395 23.399 22.349 42.891 26.886 42.824 21.864 25.422 21.387 21.151 38.690 38.519 20.507 42.514 29.235 20.075 29.540 22.502 19.042 42.277 18.813 18.099 17.444 20.680 19.385 42.040 17.480 21.674 41.962 16.457 13.014 20.065 15.151 7.648 6.328 5.721 3.895 1.420 5.491 5.501 5.506 5.497 5.555 5.514 5.468 5.460 5.485 5.391 5.382 5.356 5.255 5.245 5.254 5.248 5.236 5.213 5.150 5.174 5.181 5.158 5.092 3.154 4.992 2.195 1.579 0.000 0.000 0.000 0.000 0.000
25.061 30.888 43.155 43.137 42.301 42.665 34.659 22.415 42.897 30.639 30.972 42.814 42.790 26.479 25.817 24.111 21.955 42.607 28.077 24.588 42.513 26.473 42.425 26.406 20.431 19.471 18.431 19.891 19.330 22.204 42.090 31.808 42.038 42.020 17.748 16.901 13.591 20.160 15.041 7.493 6.356 5.717 3.472 5.563 1.254 5.391 5.493 5.483 5.472 5.479 5.472 5.449 5.425 2.621 5.275 5.349 5.321 5.315 5.297 5.256 5.257 5.249 5.239 5.211 5.200 5.216 5.196 5.149 5.132 3.680 2.959 2.465 0.340 0.000 0.000 0.000
43.201 43.179 43.164 35.168 28.360 43.070 39.023 24.459 37.915 22.963 31.846 23.529 23.523 22.256 25.181 24.523 21.111 20.957 20.556 42.513 25.378 42.433 20.375 42.373 19.069 22.912 22.444 41.807 41.288 42.140 38.389 34.371 42.056 23.139 24.470 22.351 17.712 18.955 15.940 7.475 5.574 5.750 2.376 3.187 5.442 5.394 5.437 5.466 4.169 5.378 5.378 5.411 5.368 5.358 5.342 5.308 3.411 5.308 5.296 5.276 5.269 5.262 5.254 5.244 5.231 5.222 5.218 5.209 5.196 5.164 5.069 4.219 1.907 1.313 0.000 0.000
43.201 43.191 26.833 43.124 40.565 33.986 42.994 42.952 42.927 42.911 41.667 22.232 22.199 42.707 24.620 23.338 24.893 20.529 22.297 21.023 42.448 19.742 20.284 19.883 20.223 18.989 19.020 41.721 42.174 19.625 33.272 42.090 18.078 20.773 16.364 21.693 19.175 14.967 14.992 7.407 5.591 4.135 3.579 2.629 3.516 5.383 5.413 5.416 5.406 5.393 5.352 5.405 5.321 5.338 5.344 5.341 5.332 5.282 5.284 5.271 5.261 5.256 5.247 5.239 5.223 5.213 5.207 5.195 5.191 5.185 5.171 5.152 5.078 2.837 0.163 0.000
30.214 26.522 28.490 30.907 27.784 30.919 23.014 30.997 23.264 42.892 33.927 42.797 38.372 42.715 27.286 27.497 23.269 42.571 42.515 20.643 42.448 22.650 21.985 20.284 20.344 42.267 42.231 42.216 20.819 35.502 42.132 18.150 42.023 19.086 41.885 17.782 15.638 15.806 14.921 6.205 4.394 4.395 3.661 0.695 5.375 3.743 5.398 5.404 5.337 5.400 5.396 5.402 5.401 5.380 5.371 5.345 5.340 5.328 5.296 5.287 5.264 5.254 5.248 5.240 5.231 5.222 5.208 5.202 5.195 5.182 5.170 5.165 5.155 5.142 5.077 2.681
28.725 23.411 31.434 27.642 25.495 43.005 37.843 30.532 42.883 31.844 42.828 25.968 26.492 42.706 39.633 35.035 34.651 27.415 20.843 42.482 25.686 20.451 19.911 21.335 42.299 42.260 22.700 42.218 39.110 42.171 27.014 29.786 30.904 17.559 16.348 18.148 14.747 15.276 14.548 6.755 5.513 4.900 4.112 5.530 5.467 5.485 5.412 5.398 5.435 5.413 5.394 5.423 5.416 5.373 5.357 5.342 5.306 5.293 5.284 5.276 5.268 5.256 5.244 5.239 5.232 5.213 5.206 5.203 5.197 5.186 5.180 5.167 5.162 5.149 5.144 5.134
43.187 26.260 25.534 28.144 43.012 42.993 42.966 40.753 33.951 28.609 30.192 32.998 22.673 29.000 24.128 25.332 42.594 28.039 35.731 42.496 20.922 20.329 19.605 36.053 42.282 24.498 22.186 42.219 20.568 42.164 19.319 25.244 42.021 18.945 16.558 16.906 30.792 15.628 14.391 7.518 5.458 5.429 3.197 5.539 5.398 5.500 5.365 5.402 5.445 5.462 5.432 5.429 5.423 5.398 5.392 5.357 5.314 5.305 5.281 5.285 5.267 5.269 5.258 5.249 5.234 5.227 5.215 5.210 5.202 5.197 5.183 5.174 5.163 5.157 5.149 5.141
24.125 24.063 43.058 43.017 42.535 29.463 27.701 27.840 42.865 42.829 42.811 33.838 39.405 21.591 20.914 42.593 32.257 27.814 20.334 42.471 20.151 20.865 33.975 31.529 42.286 26.350 25.909 26.009 19.602 18.534 17.479 42.013 22.624 16.340 15.596 15.640 16.601 16.943 13.168 7.770 7.986 4.573 5.567 5.549 5.552 5.565 3.310 5.392 5.488 5.472 5.444 5.439 5.402 5.354 5.362 5.358 5.303 5.308 5.298 5.294 5.286 5.278 5.270 5.244 5.237 5.230 5.221 5.208 5.203 5.195 5.185 5.178 5.157 5.152 5.146 5.130
