includes/estuary_coast/floodfiles/results/res.maxtm
ncols         730
nrows         472
xllcorner     380617.130607
yllcorner     6542069.774949
cellsize      20.000000
NODATA_value  -9999.000000
[rows 377 to 405 of 472, columns 512 to 575 of 730]
51.774 51.780 51.801 51.821 51.841 51.854 51.871 51.889 51.901 51.911 51.920 -9999.000 52.155 52.170 52.178 52.187 52.196 52.205 52.213 52.219 52.226 52.238 52.519 52.519 52.519 52.519 52.507 52.490 52.466 52.466 52.465 52.463 52.464 52.436 52.435 52.434 52.432 52.430 52.428 52.425 52.422 52.421 52.420 52.417 52.416 52.415 52.413 52.420 52.426 52.423 52.424 52.421 52.420 52.416 52.413 52.410 52.409 52.408 -9999.000 -9999.000 -9999.000 -9999.000 -9999.000 -9999.000
51.763 51.772 51.792 51.817 51.837 51.851 51.869 51.888 51.900 51.910 51.920 52.049 52.153 52.172 52.179 52.187 52.195 52.203 52.210 52.216 52.221 -9999.000 52.515 52.517 52.517 52.516 52.509 52.508 52.489 52.489 52.466 52.464 52.465 52.437 52.436 52.435 52.433 52.431 52.429 52.426 52.423 52.421 52.420 52.418 52.417 52.417 52.415 52.429 52.426 52.427 52.425 52.425 52.424 52.417 52.416 52.413 52.409 52.406 52.405 -9999.000 -9999.000 -9999.000 -9999.000 -9999.000
51.750 51.768 51.786 51.811 51.834 51.848 51.868 51.887 51.899 51.909 51.919 51.989 -9999.000 52.177 52.181 52.187 52.193 52.199 52.206 52.212 -9999.000 52.511 52.512 52.513 52.516 52.514 52.509 52.508 52.488 52.488 52.485 52.478 52.476 52.438 52.437 52.435 52.434 52.432 52.430 52.428 52.424 52.423 52.422 52.423 52.421 52.419 52.417 52.431 52.428 52.426 52.424 52.424 52.422 52.421 52.420 52.420 52.416 52.417 52.415 52.413 -9999.000 -9999.000 -9999.000 -9999.000
51.700 51.756 51.782 51.806 51.833 51.848 51.867 51.887 51.898 51.909 51.925 51.953 52.009 -9999.000 52.184 52.187 52.191 52.195 52.201 -9999.000 52.510 52.511 52.511 52.512 52.513 52.513 52.511 52.508 52.488 52.487 52.485 52.480 52.476 52.439 52.438 52.436 52.435 52.433 52.431 52.429 52.426 52.424 52.424 52.424 52.423 52.420 52.434 52.433 52.429 52.426 52.423 52.423 52.422 52.421 52.421 52.421 52.420 52.418 52.413 52.413 -9999.000 -9999.000 -9999.000 -9999.000
51.683 51.705 51.766 51.798 51.832 51.847 51.867 51.886 51.898 51.911 51.931 51.989 52.039 52.048 -9999.000 52.186 52.190 52.192 -9999.000 52.511 52.510 52.510 52.510 52.511 52.511 52.511 52.510 52.507 52.488 52.486 52.485 52.480 52.475 52.440 52.439 52.437 52.436 52.434 52.432 52.431 52.428 52.426 52.425 52.425 52.425 52.434 52.433 52.432 52.430 52.426 52.421 52.426 52.424 52.424 52.423 52.421 52.420 52.418 52.413 52.409 52.406 -9999.000 -9999.000 -9999.000
51.675 51.690 51.742 51.781 51.831 51.847 51.867 51.886 51.898 51.914 51.935 52.002 52.045 52.070 52.133 52.179 52.185 -9999.000 52.520 52.510 52.510 52.510 52.510 52.510 52.509 52.509 52.508 52.506 52.502 52.486 52.486 52.480 52.474 52.473 52.440 52.438 52.437 52.435 52.434 52.432 52.430 52.428 52.429 52.428 52.437 52.435 52.433 52.430 52.428 52.427 52.424 52.422 52.426 52.424 52.420 52.418 52.418 52.418 52.414 52.412 -9999.000 55.528 -9999.000 -9999.000
51.674 51.682 51.701 51.773 51.831 51.846 51.869 51.886 51.899 51.919 51.940 52.025 52.054 52.079 52.129 52.173 -9999.000 52.523 52.522 52.519 52.509 52.508 52.508 52.507 52.507 52.506 52.505 52.503 52.502 52.503 52.488 52.488 52.475 52.473 52.441 52.439 52.438 52.437 52.435 52.434 52.433 52.432 52.432 52.431 52.437 52.436 52.437 52.436 52.433 52.430 52.425 52.426 52.425 52.424 52.421 52.420 52.416 52.416 52.415 52.416 52.444 52.472 54.733 -9999.000
51.674 51.676 51.685 51.713 51.830 51.848 51.872 51.888 51.902 51.926 51.953 52.039 52.064 52.089 52.151 52.528 52.524 52.523 52.522 52.521 52.517 52.507 52.506 52.506 52.506 52.505 52.503 52.502 52.502 52.502 52.488 52.488 52.486 52.473 52.442 52.441 52.440 52.439 52.438 52.437 52.435 52.434 52.432 52.439 52.437 52.436 52.437 52.436 52.436 52.429 52.428 52.427 52.426 52.427 52.424 52.420 52.421 52.418 52.418 52.459 52.481 52.525 54.733 54.733
51.673 51.675 51.676 51.703 51.830 51.853 51.878 51.892 51.911 51.938 52.018 52.049 52.073 52.094 52.526 52.526 52.523 52.522 52.521 52.520 52.517 52.506 52.505 52.505 52.505 52.504 52.502 52.501 52.500 52.500 52.487 52.487 52.487 52.487 52.479 52.441 52.441 52.441 52.440 52.438 52.435 52.446 52.447 52.440 52.438 52.436 52.439 52.435 52.435 52.433 52.432 52.432 52.432 52.427 52.424 52.420 52.418 52.420 -9999.000 52.952 52.976 53.172 54.733 54.733
51.672 51.674 51.675 -9999.000 -9999.000 51.873 51.888 51.903 51.927 51.948 52.041 52.061 52.077 52.120 52.525 52.525 52.522 52.522 52.521 52.519 52.517 52.505 52.504 52.504 52.503 52.502 52.501 52.499 52.498 52.499 52.487 52.487 52.487 52.487 52.476 52.443 52.442 52.441 52.441 52.442 52.449 52.447 52.446 52.443 52.442 52.441 52.439 52.437 52.436 52.436 52.435 52.434 52.434 52.430 52.422 52.420 -9999.000 52.481 52.490 52.869 54.687 54.690 54.728 54.732
51.672 51.674 51.673 51.675 -9999.000 -9999.000 51.902 51.929 51.942 52.034 52.055 52.074 52.093 52.523 52.524 52.523 52.522 52.522 52.516 52.516 52.516 52.504 52.504 52.503 52.502 52.501 52.498 52.497 52.497 52.498 52.488 52.487 52.487 52.486 52.476 52.444 52.443 52.443 52.444 52.446 52.449 52.448 52.445 52.444 52.442 52.442 52.443 52.441 52.438 52.437 52.435 52.434 52.433 52.433 52.433 52.421 52.426 52.426 52.495 54.685 54.687 54.693 54.723 54.732
51.674 51.673 51.674 51.675 51.676 -9999.000 -9999.000 52.001 52.037 52.055 52.074 52.096 52.522 52.522 52.523 52.523 52.522 52.521 52.517 52.516 52.516 52.504 52.504 52.503 52.502 52.501 52.499 52.497 52.497 52.497 52.490 52.488 52.488 52.478 52.476 52.445 52.445 52.445 52.447 52.449 52.449 52.448 52.447 52.446 52.445 52.441 52.443 52.441 52.439 52.438 52.435 52.434 52.434 52.435 52.434 52.430 52.424 -9999.000 52.515 52.894 52.975 54.693 -9999.000 54.739
51.673 51.672 51.673 51.675 51.675 51.677 -9999.000 52.041 52.059 52.078 52.096 52.518 52.520 52.522 52.522 52.522 52.521 52.520 52.518 52.516 52.507 52.505 52.504 52.503 52.502 52.501 52.499 52.497 52.497 52.497 52.491 52.488 52.488 52.480 52.476 52.447 52.447 52.447 52.447 52.449 52.449 52.449 52.448 52.446 52.444 52.442 52.443 52.442 52.440 52.438 52.436 52.435 52.435 52.435 52.432 -9999.000 52.425 52.470 -9999.000 -9999.000 -9999.000 -9999.000 54.743 54.742
51.673 51.674 51.673 51.675 51.676 51.676 -9999.000 -9999.000 52.079 52.097 52.110 52.517 52.518 52.520 52.521 52.521 52.521 52.519 52.517 52.515 52.509 52.506 52.505 52.504 52.502 52.501 52.498 52.497 52.496 52.496 52.494 52.488 52.486 52.481 52.473 52.465 52.448 52.448 52.448 52.449 52.450 52.450 52.449 52.447 52.445 52.445 52.444 52.441 52.440 52.438 52.436 52.434 52.433 52.435 -9999.000 -9999.000 -9999.000 -9999.000 -9999.000 -9999.000 -9999.000 -9999.000 54.750 54.755
51.672 51.673 51.676 51.675 51.674 51.677 51.677 -9999.000 -9999.000 52.111 52.516 52.516 52.517 52.517 52.519 52.519 52.519 52.518 52.514 52.513 52.512 52.509 52.506 52.505 52.502 52.500 52.497 52.496 52.496 52.496 52.493 52.489 52.487 52.481 52.467 52.465 52.449 52.449 52.449 52.449 52.449 52.449 52.449 52.448 52.446 52.446 52.445 52.442 52.441 52.438 52.436 52.434 52.432 -9999.000 -9999.000 -9999.000 -9999.000 -9999.000 -9999.000 -9999.000 -9999.000 -9999.000 -9999.000 54.755
51.673 51.675 51.674 51.676 51.676 51.676 51.677 51.678 -9999.000 -9999.000 52.517 52.516 52.516 52.516 52.517 52.518 52.518 52.516 52.513 52.512 52.512 52.511 52.507 52.505 52.502 52.499 52.497 52.496 52.496 52.495 52.492 52.489 52.488 52.485 52.466 52.464 52.450 52.450 52.450 52.450 52.450 52.450 52.451 52.449 52.448 52.446 52.446 52.444 52.442 52.440 52.437 52.435 52.432 52.430 -9999.000 -9999.000 -9999.000 -9999.000 -9999.000 -9999.000 -9999.000 -9999.000 -9999.000 -9999.000
51.674 51.673 51.674 51.677 51.677 51.677 51.678 51.678 -9999.000 -9999.000 -9999.000 52.515 52.515 52.516 52.516 52.517 52.517 52.515 52.513 52.512 52.512 52.511 52.507 52.505 52.501 52.498 52.496 52.496 52.495 52.494 52.491 52.489 52.488 52.470 52.467 52.464 52.452 52.450 52.451 52.451 52.451 52.452 52.452 52.450 52.449 52.448 52.447 52.445 52.444 52.441 52.438 52.433 52.432 -9999.000 -9999.000 -9999.000 -9999.000 -9999.000 -9999.000 -9999.000 -9999.000 -9999.000 -9999.000 -9999.000
51.674 51.674 51.676 51.675 51.677 51.678 51.679 51.679 51.678 -9999.000 52.517 52.514 52.514 52.515 52.516 52.516 52.516 52.515 52.513 52.512 52.512 52.510 52.507 52.505 52.499 52.498 52.496 52.496 52.495 52.492 52.490 52.489 52.488 52.470 52.468 52.464 52.453 52.451 52.451 52.452 52.452 52.453 52.452 52.451 52.450 52.450 52.449 52.448 52.445 52.444 52.437 -9999.000 -9999.000 -9999.000 -9999.000 -9999.000 -9999.000 -9999.000 -9999.000 -9999.000 -9999.000 -9999.000 -9999.000 -9999.000
51.675 51.675 51.676 51.676 51.679 51.678 51.677 51.680 51.680 -9999.000 -9999.000 52.513 52.514 52.514 52.515 52.514 52.515 52.514 52.512 52.512 52.511 52.509 52.507 52.503 52.497 52.497 52.496 52.496 52.493 52.491 52.490 52.490 52.488 52.470 52.468 52.466 52.454 52.452 52.452 52.452 52.453 52.453 52.452 52.451 52.450 52.450 52.450 52.449 52.448 -9999.000 -9999.000 -9999.000 -9999.000 -9999.000 -9999.000 -9999.000 -9999.000 -9999.000 -9999.000 -9999.000 -9999.000 -9999.000 -9999.000 -9999.000
51.675 51.675 51.676 51.676 51.678 51.678 51.680 51.680 51.679 51.679 -9999.000 -9999.000 52.514 52.513 52.509 52.508 52.512 52.512 52.512 52.511 52.509 52.509 52.506 52.497 52.497 52.497 52.496 52.495 52.493 52.491 52.490 52.490 52.487 52.471 52.469 52.466 52.455 52.453 52.453 52.454 52.455 52.454 52.453 52.451 52.450 52.450 52.450 52.450 52.449 -9999.000 -9999.000 -9999.000 -9999.000 -9999.000 -9999.000 -9999.000 -9999.000 -9999.000 -9999.000 -9999.000 -9999.000 -9999.000 -9999.000 -9999.000
51.676 51.676 51.676 51.679 51.679 51.680 51.678 51.679 51.681 51.681 51.680 -9999.000 52.514 52.513 -9999.000 52.506 -9999.000 52.505 52.506 52.507 52.507 52.507 52.505 52.497 52.497 52.496 52.496 52.495 52.493 52.492 52.491 52.490 52.484 52.475 52.470 52.467 52.455 52.455 52.455 52.455 52.455 52.455 52.454 52.452 52.451 52.450 52.449 52.450 52.448 52.448 -9999.000 -9999.000 -9999.000 -9999.000 -9999.000 -9999.000 -9999.000 -9999.000 -9999.000 -9999.000 -9999.000 -9999.000 -9999.000 -9999.000
51.676 51.676 51.678 51.678 51.678 51.678 51.679 51.680 51.682 51.681 51.682 -9999.000 -9999.000 -9999.000 -9999.000 52.502 52.502 52.504 -9999.000 52.507 52.506 52.506 52.503 52.497 52.497 52.496 52.496 52.495 52.493 52.492 52.492 52.490 52.482 52.477 52.472 52.460 52.457 52.456 52.456 52.455 52.455 52.455 52.454 52.453 52.452 52.451 52.449 52.450 52.452 -9999.000 -9999.000 -9999.000 -9999.000 -9999.000 -9999.000 -9999.000 -9999.000 -9999.000 -9999.000 -9999.000 -9999.000 -9999.000 -9999.000 -9999.000
51.677 51.678 51.679 51.678 51.678 51.680 51.682 51.680 51.681 51.683 51.681 -9999.000 -9999.000 -9999.000 -9999.000 -9999.000 -9999.000 -9999.000 -9999.000 52.505 52.504 -9999.000 52.498 52.497 52.497 52.497 52.496 52.495 52.494 52.493 52.492 52.491 52.481 52.478 52.474 52.460 52.458 52.457 52.456 52.456 52.456 52.455 52.454 52.453 52.452 52.452 -9999.000 -9999.000 52.460 -9999.000 -9999.000 -9999.000 -9999.000 -9999.000 -9999.000 -9999.000 -9999.000 -9999.000 -9999.000 -9999.000 -9999.000 -9999.000 -9999.000 -9999.000
51.677 51.678 51.679 51.680 51.680 51.680 51.680 51.682 51.680 51.682 51.681 51.683 51.685 -9999.000 -9999.000 -9999.000 -9999.000 -9999.000 -9999.000 -9999.000 -9999.000 52.505 52.506 52.506 52.504 -9999.000 -9999.000 52.495 52.496 52.495 52.494 52.491 52.482 52.480 -9999.000 52.459 52.458 52.458 52.457 52.457 52.457 52.456 52.454 52.453 52.453 -9999.000 -9999.000 -9999.000 -9999.000 -9999.000 -9999.000 -9999.000 -9999.000 -9999.000 -9999.000 -9999.000 -9999.000 -9999.000 -9999.000 -9999.000 -9999.000 -9999.000 -9999.000 -9999.000
51.679 51.679 51.680 51.680 51.680 51.681 51.681 51.682 51.681 51.684 51.683 51.684 51.683 51.683 -9999.000 -9999.000 -9999.000 -9999.000 -9999.000 -9999.000 -9999.000 -9999.000 52.508 52.800 -9999.000 -9999.000 -9999.000 -9999.000 52.497 52.496 52.496 52.487 52.521 52.479 52.464 52.460 52.459 52.460 52.459 52.458 52.458 52.457 -9999.000 52.451 -9999.000 -9999.000 -9999.000 -9999.000 -9999.000 -9999.000 -9999.000 -9999.000 -9999.000 -9999.000 -9999.000 -9999.000 -9999.000 -9999.000 -9999.000 -9999.000 -9999.000 -9999.000 -9999.000 -9999.000
51.678 51.679 51.680 51.680 51.680 51.682 51.683 51.680 51.682 51.681 51.683 51.682 51.684 51.685 -9999.000 -9999.000 -9999.000 -9999.000 -9999.000 -9999.000 -9999.000 -9999.000 -9999.000 52.856 52.854 52.850 52.846 52.845 -9999.000 -9999.000 -9999.000 -9999.000 -9999.000 52.867 52.465 52.463 52.462 52.459 52.459 52.459 52.458 52.458 -9999.000 -9999.000 -9999.000 -9999.000 -9999.000 -9999.000 -9999.000 -9999.000 -9999.000 -9999.000 -9999.000 -9999.000 -9999.000 -9999.000 -9999.000 -9999.000 -9999.000 -9999.000 -9999.000 -9999.000 -9999.000 -9999.000
51.679 51.681 51.681 51.681 51.681 51.682 51.682 51.681 51.682 51.682 51.684 51.684 51.684 51.684 51.683 -9999.000 -9999.000 -9999.000 -9999.000 -9999.000 -9999.000 -9999.000 52.855 52.856 52.854 52.848 52.845 52.844 52.843 52.843 52.845 52.850 52.862 52.866 -9999.000 -9999.000 -9999.000 -9999.000 52.462 52.475 -9999.000 -9999.000 -9999.000 -9999.000 -9999.000 -9999.000 -9999.000 -9999.000 -9999.000 -9999.000 -9999.000 -9999.000 -9999.000 -9999.000 -9999.000 -9999.000 -9999.000 -9999.000 -9999.000 -9999.000 -9999.000 -9999.000 -9999.000 -9999.000
51.679 51.681 51.681 51.681 51.681 51.682 51.684 51.683 51.684 51.684 51.685 51.684 51.686 51.685 51.685 51.685 -9999.000 -9999.000 -9999.000 -9999.000 53.183 53.180 52.869 52.855 52.851 52.848 52.845 52.843 52.842 52.843 52.846 52.849 52.859 52.861 52.860 -9999.000 -9999.000 -9999.000 -9999.000 52.799 -9999.000 -9999.000 -9999.000 -9999.000 -9999.000 -9999.000 -9999.000 -9999.000 -9999.000 -9999.000 -9999.000 -9999.000 -9999.000 -9999.000 -9999.000 -9999.000 -9999.000 -9999.000 -9999.000 -9999.000 -9999.000 -9999.000 -9999.000 -9999.000
51.680 51.681 51.681 51.681 51.682 51.683 51.683 51.684 51.686 51.683 51.686 51.686 51.686 51.688 51.686 51.688 -9999.000 -9999.000 -9999.000 -9999.000 53.293 -9999.000 -9999.000 -9999.000 -9999.000 52.847 52.845 52.844 52.843 52.845 52.847 52.850 52.855 52.859 52.860 -9999.000 -9999.000 -9999.000 -9999.000 -9999.000 -9999.000 -9999.000 -9999.000 -9999.000 -9999.000 -9999.000 -9999.000 -9999.000 -9999.000 -9999.000 -9999.000 -9999.000 -9999.000 -9999.000 -9999.000 -9999.000 -9999.000 -9999.000 -9999.000 -9999.000 -9999.000 -9999.000 -9999.000 -9999.000
