includes/estuary_coast/floodfiles/results/res.inittm
ncols         730
nrows         472
xllcorner     380617.130607059982140
yllcorner     6542069.774948899634182
cellsize      20.000000000000000
NODATA_value  -9999.000000
[rows 420 to 449 of 472, columns 136 to 203 of 730]
0.000 0.000 0.000 0.000 2.834 11.300 2.979 3.200 11.368 11.402 11.479 11.499 11.557 11.570 11.615 11.671 11.709 11.734 11.753 11.795 11.807 11.838 11.861 11.884 11.979 11.954 11.993 12.026 12.045 12.064 12.100 12.116 12.141 12.164 12.187 12.211 12.255 12.293 12.322 12.335 12.398 12.414 12.457 12.531 12.575 12.597 12.622 12.707 12.724 12.811 12.948 24.522 50.110 50.129 50.140 50.157 50.190 50.210 50.227 50.232 50.241 50.255 50.330 50.295 50.321 50.331 50.338 50.353
0.000 0.000 1.274 2.462 2.535 2.736 2.913 11.349 11.402 11.414 11.487 11.508 11.571 11.590 11.631 11.662 11.678 11.716 11.735 11.776 11.811 11.826 11.857 11.907 11.972 11.974 12.002 12.023 12.043 12.083 12.093 12.118 12.135 12.153 12.168 12.217 12.249 12.297 12.364 12.368 12.397 12.473 12.474 12.528 12.551 12.603 12.621 12.651 12.737 12.780 12.825 24.772 50.112 50.224 50.184 50.183 50.194 50.208 50.227 50.232 50.254 50.267 50.365 50.322 50.326 50.340 50.346 50.355
0.000 0.000 0.000 2.910 2.723 11.327 11.357 11.391 11.464 11.462 11.488 11.588 11.588 11.614 11.676 11.678 11.695 11.739 11.760 11.800 11.812 11.826 11.923 11.955 11.973 11.989 12.011 12.051 12.063 12.075 12.116 12.136 12.149 12.169 12.215 12.238 12.253 12.290 12.328 12.347 12.391 12.421 12.480 12.558 12.566 12.609 12.630 12.697 12.779 12.825 12.874 25.158 50.112 50.128 50.140 50.158 50.174 50.250 50.253 50.240 50.258 50.284 50.364 50.373 50.350 50.347 50.354 50.365
0.000 1.397 2.478 2.395 2.666 2.729 11.354 11.376 11.426 11.475 11.545 11.585 11.600 11.648 11.664 11.687 11.721 11.739 11.755 11.798 11.812 11.910 11.950 11.950 11.983 12.005 12.015 12.036 12.069 12.084 12.116 12.134 12.173 12.207 12.223 12.263 12.285 12.308 12.329 12.369 12.415 12.430 12.463 12.479 12.540 12.609 12.637 12.658 12.703 12.735 12.905 49.036 50.112 50.127 50.140 50.187 50.278 50.258 50.263 50.257 50.265 50.313 50.373 50.378 50.375 50.368 50.368 50.371
0.000 2.210 2.182 2.251 2.772 3.389 11.379 11.394 11.435 11.474 11.492 11.555 11.589 11.602 11.652 11.690 11.704 11.742 11.775 11.813 11.835 11.885 11.902 11.926 11.991 12.001 12.035 12.072 12.067 12.104 12.114 12.158 12.174 12.190 12.237 12.252 12.287 12.301 12.358 12.392 12.410 12.445 12.494 12.563 12.559 12.612 12.652 12.731 12.770 12.780 24.503 49.274 50.112 50.128 50.142 50.158 50.334 50.266 50.295 50.274 50.272 50.294 50.368 50.357 50.371 50.378 50.379 50.384
0.000 1.725 1.727 2.653 11.322 11.369 11.422 11.450 11.459 11.477 11.532 11.592 11.601 11.620 11.684 11.705 11.716 11.749 11.782 11.807 11.888 11.899 11.935 11.947 11.980 12.001 12.017 12.031 12.060 12.086 12.116 12.155 12.171 12.191 12.230 12.251 12.294 12.327 12.374 12.392 12.443 12.458 12.495 12.538 12.577 12.652 12.688 12.728 12.746 12.965 24.878 50.110 50.129 50.140 50.151 50.188 50.253 50.258 50.297 50.287 50.284 50.299 50.357 50.342 50.351 50.359 50.369 50.387
1.151 0.000 2.598 2.859 11.332 11.372 11.390 11.451 11.467 11.493 11.588 11.601 11.638 11.649 11.676 11.694 11.718 11.734 11.795 11.855 11.870 11.922 11.953 11.961 11.980 11.991 12.022 12.057 12.075 12.109 12.120 12.158 12.170 12.239 12.256 12.262 12.297 12.349 12.366 12.400 12.477 12.491 12.504 12.544 12.588 12.607 12.659 12.676 12.865 12.905 25.242 50.112 50.172 50.155 50.166 50.187 50.250 50.252 50.297 50.293 50.290 50.307 50.322 50.333 50.348 50.357 50.367 50.395
1.404 1.526 2.688 2.791 11.334 11.446 11.423 11.465 11.480 11.526 11.563 11.585 11.609 11.657 11.679 11.704 11.717 11.828 11.818 11.843 11.862 11.902 11.920 11.953 11.960 11.993 12.046 12.058 12.085 12.103 12.115 12.151 12.168 12.195 12.256 12.291 12.302 12.325 12.396 12.417 12.461 12.480 12.515 12.575 12.590 12.613 12.669 12.805 12.926 13.062 49.085 50.112 50.128 50.144 50.156 50.188 50.236 50.243 50.311 50.305 50.296 50.353 50.325 50.341 50.353 50.358 50.383 50.391
1.431 2.516 2.721 11.327 11.346 11.373 11.414 11.454 11.494 11.544 11.559 11.599 11.630 11.650 11.693 11.711 11.784 11.801 11.820 11.866 11.880 11.906 11.922 11.950 11.984 12.000 12.036 12.062 12.098 12.109 12.128 12.163 12.195 12.211 12.271 12.298 12.305 12.347 12.389 12.410 12.427 12.512 12.534 12.553 12.591 12.613 12.671 12.898 12.932 24.592 49.303 50.112 50.128 50.145 50.159 50.210 50.230 50.236 50.298 50.303 50.305 50.387 50.454 50.349 50.356 50.367 50.381 50.404
2.498 2.677 2.892 11.371 11.362 11.418 11.427 11.463 11.507 11.566 11.576 11.599 11.619 11.666 11.720 11.757 11.775 11.798 11.820 11.842 11.889 11.923 11.966 11.963 12.013 12.020 12.045 12.055 12.085 12.100 12.141 12.160 12.175 12.210 12.224 12.274 12.287 12.364 12.416 12.427 12.470 12.513 12.529 12.565 12.592 12.603 12.750 12.905 13.012 24.878 50.110 50.129 50.140 50.156 50.166 50.219 50.234 50.240 50.328 50.310 50.322 50.357 50.363 50.356 50.391 50.374 50.380 50.399
2.493 2.580 2.838 2.945 11.425 11.431 11.456 11.486 11.496 11.553 11.567 11.620 11.646 11.678 11.758 11.770 11.786 11.803 11.819 11.863 11.892 11.943 11.968 11.978 12.000 12.011 12.030 12.064 12.101 12.124 12.147 12.161 12.197 12.254 12.278 12.328 12.341 12.363 12.393 12.419 12.434 12.501 12.537 12.566 12.581 12.641 12.746 12.997 13.027 25.367 50.112 50.129 50.145 50.158 50.169 50.243 50.257 50.260 50.322 50.328 50.336 50.353 50.358 50.365 50.395 50.512 50.406 50.403
2.953 2.828 3.291 11.370 11.388 11.405 11.439 11.510 11.531 11.554 11.578 11.611 11.643 11.716 11.747 11.761 11.832 11.823 11.860 11.873 11.886 11.914 11.934 11.982 11.985 12.010 12.047 12.121 12.139 12.163 12.160 12.195 12.209 12.231 12.280 12.317 12.334 12.390 12.405 12.456 12.478 12.499 12.526 12.553 12.620 12.721 12.853 13.030 13.238 49.157 50.112 50.133 50.148 50.162 50.173 50.227 50.248 50.254 50.325 50.324 50.328 50.353 50.359 50.376 50.384 50.393 50.457 50.441
2.017 2.865 2.961 3.494 11.396 11.431 11.490 11.505 11.541 11.598 11.590 11.622 11.658 11.742 11.763 11.780 11.809 11.824 11.846 11.877 11.890 11.913 11.936 11.946 11.972 12.036 12.107 12.118 12.137 12.161 12.175 12.229 12.229 12.257 12.301 12.321 12.368 12.381 12.429 12.455 12.491 12.530 12.529 12.561 12.646 12.852 12.909 13.013 24.673 49.418 50.112 50.256 50.169 50.175 50.187 50.232 50.242 50.249 50.325 50.309 50.352 50.443 50.383 50.384 50.395 50.403 50.448 50.443
11.340 11.378 11.364 11.452 11.417 11.432 11.479 11.548 11.555 11.597 11.625 11.639 11.670 11.696 11.734 11.753 11.820 11.841 11.852 11.885 11.901 11.936 11.962 11.983 11.996 12.039 12.066 12.088 12.105 12.125 12.169 12.208 12.225 12.260 12.274 12.303 12.316 12.415 12.433 12.446 12.472 12.498 12.513 12.585 12.746 12.798 12.933 13.034 25.065 50.109 50.129 50.145 50.158 50.171 50.185 50.236 50.268 50.275 50.292 50.298 50.436 50.447 50.391 50.403 50.426 50.429 50.434 50.463
3.114 3.037 11.396 11.427 11.449 11.478 11.500 11.527 11.552 11.567 11.617 11.628 11.693 11.704 11.752 11.765 11.802 11.813 11.845 11.873 11.898 11.930 11.948 11.972 12.006 12.022 12.078 12.095 12.132 12.148 12.185 12.223 12.238 12.268 12.280 12.322 12.337 12.371 12.383 12.443 12.456 12.535 12.597 12.644 12.875 12.873 12.994 13.129 49.002 50.112 50.152 50.158 50.169 50.178 50.221 50.254 50.303 50.286 50.279 50.423 50.433 50.436 50.430 50.411 50.435 50.466 50.446 50.451
2.770 2.955 11.427 11.439 11.468 11.488 11.524 11.548 11.566 11.642 11.690 11.660 11.692 11.704 11.749 11.762 11.814 11.829 11.880 11.897 11.916 11.942 11.966 12.002 12.018 12.033 12.064 12.076 12.135 12.167 12.195 12.219 12.255 12.270 12.299 12.323 12.378 12.382 12.396 12.436 12.457 12.532 12.668 12.786 12.852 12.885 12.968 13.835 49.282 50.112 50.151 50.164 50.176 50.187 50.201 50.232 50.239 50.249 50.270 50.419 50.450 50.461 50.436 50.470 50.443 50.464 50.468 50.463
2.649 11.424 11.435 11.454 11.513 11.537 11.540 11.553 11.591 11.634 11.650 11.685 11.695 11.712 11.749 11.788 11.804 11.860 11.893 11.902 11.934 11.953 11.968 12.022 12.037 12.054 12.084 12.100 12.155 12.175 12.192 12.224 12.239 12.288 12.304 12.350 12.364 12.393 12.414 12.438 12.499 12.536 12.684 12.779 12.807 12.874 13.037 24.816 50.109 50.129 50.145 50.158 50.172 50.183 50.209 50.221 50.240 50.250 50.317 50.323 50.331 50.567 50.462 50.443 50.484 50.471 50.426 50.440
3.191 3.258 11.442 11.465 11.509 11.524 11.578 11.592 11.630 11.644 11.679 11.693 11.705 11.727 11.780 11.793 11.812 11.826 11.865 11.891 11.901 11.954 12.000 12.012 12.066 12.067 12.102 12.118 12.157 12.191 12.204 12.229 12.256 12.293 12.306 12.344 12.366 12.396 12.418 12.467 12.575 12.607 12.729 12.777 12.839 12.914 13.069 25.312 50.112 50.128 50.173 50.180 50.189 50.198 50.213 50.226 50.239 50.251 50.318 50.325 50.334 50.595 50.615 50.431 50.401 50.418 50.420 50.425
11.427 3.621 11.448 11.478 11.537 11.541 11.587 11.635 11.642 11.657 11.675 11.764 11.761 11.793 11.792 11.830 11.839 11.849 11.882 11.904 11.958 11.968 12.005 12.016 12.048 12.075 12.101 12.114 12.129 12.161 12.202 12.223 12.261 12.287 12.297 12.344 12.355 12.403 12.476 12.514 12.585 12.815 12.749 12.792 12.860 12.973 13.138 49.159 50.112 50.233 50.181 50.189 50.198 50.208 50.222 50.236 50.247 50.314 50.318 50.339 50.347 50.354 50.721 50.385 50.385 50.402 50.409 50.420
11.431 11.440 11.454 11.487 11.539 11.574 11.609 11.623 11.641 11.659 11.679 11.712 11.743 11.773 11.791 11.802 11.831 11.854 11.897 11.928 11.962 11.974 12.013 12.021 12.054 12.065 12.089 12.101 12.170 12.227 12.219 12.248 12.286 12.297 12.333 12.344 12.363 12.401 12.495 12.535 12.649 12.698 12.721 12.815 12.855 13.050 24.669 50.109 50.129 50.201 50.192 50.201 50.207 50.219 50.236 50.250 50.255 50.315 50.321 50.346 50.349 50.354 50.360 50.376 50.379 50.385 50.401 50.409
3.187 11.442 11.479 11.493 11.534 11.606 11.618 11.646 11.671 11.695 11.707 11.734 11.744 11.773 11.792 11.846 11.844 11.883 11.910 11.920 11.956 11.980 11.996 12.026 12.047 12.065 12.093 12.120 12.136 12.175 12.212 12.259 12.276 12.293 12.320 12.330 12.374 12.433 12.610 12.626 12.659 12.697 12.742 12.800 12.978 13.078 25.141 50.112 50.128 50.203 50.211 50.213 50.222 50.234 50.244 50.253 50.347 50.563 50.345 50.348 50.357 50.361 50.374 50.378 50.386 50.390 50.407 50.412
3.241 3.297 11.485 11.509 11.567 11.583 11.620 11.638 11.657 11.682 11.727 11.739 11.765 11.784 11.855 11.856 11.853 11.875 11.903 11.931 11.946 11.984 12.055 12.068 12.098 12.105 12.106 12.124 12.141 12.169 12.244 12.260 12.274 12.301 12.309 12.356 12.421 12.528 12.668 12.649 12.723 12.738 12.772 12.845 13.003 13.075 49.069 50.149 50.144 50.195 50.202 50.210 50.218 50.227 50.236 50.264 50.312 51.467 50.679 50.356 50.360 50.364 50.375 50.385 50.388 50.393 50.405 50.411
11.455 3.664 11.535 11.544 11.557 11.574 11.598 11.617 11.671 11.688 11.717 11.726 11.767 11.784 11.794 11.834 11.846 11.886 11.916 11.930 11.971 11.997 12.008 12.043 12.081 12.097 12.140 12.160 12.169 12.218 12.229 12.253 12.273 12.302 12.314 12.407 12.440 12.527 12.638 12.658 12.710 12.743 12.851 12.903 13.011 24.562 49.378 50.149 50.164 50.192 50.199 50.206 50.214 50.224 50.250 50.321 50.319 50.461 50.479 50.364 50.365 50.379 50.386 50.393 50.400 50.410 50.446 50.441
3.450 11.498 11.513 11.531 11.577 11.593 11.636 11.652 11.669 11.731 11.746 11.766 11.794 11.795 11.819 11.837 11.853 11.893 11.933 11.949 12.004 12.008 12.046 12.072 12.083 12.114 12.123 12.168 12.203 12.216 12.229 12.250 12.275 12.313 12.358 12.397 12.531 12.554 12.664 12.682 12.739 12.766 12.866 12.915 12.943 25.030 50.147 50.166 50.260 50.203 50.209 50.218 50.223 50.249 50.422 50.326 50.327 50.334 50.347 50.351 50.367 50.381 50.387 50.403 50.406 50.420 50.449 50.459
11.472 11.508 11.521 11.537 11.570 4.092 4.140 4.420 11.665 11.683 11.725 11.764 11.783 11.798 11.810 11.846 11.891 11.911 11.935 11.993 12.003 12.022 12.036 12.058 12.073 12.116 12.131 12.175 12.197 12.211 12.219 12.252 12.275 12.324 12.382 12.496 12.548 12.561 12.612 12.670 12.762 12.800 12.832 12.953 13.091 48.997 50.149 50.161 50.270 50.214 50.227 50.241 50.256 50.359 50.368 50.333 50.335 50.341 50.348 50.364 50.376 50.382 50.391 50.398 50.412 50.417 50.457 50.472
11.513 3.862 3.773 11.575 0.000 3.973 11.657 11.662 11.675 11.689 11.726 11.746 11.758 11.800 11.830 11.856 11.886 11.903 11.929 11.959 11.992 12.006 12.057 12.064 12.113 12.131 12.144 12.159 12.179 12.191 12.215 12.229 12.290 12.322 12.362 12.430 12.510 12.537 12.621 12.723 12.754 12.875 12.923 12.969 24.493 49.358 50.149 50.162 50.261 50.228 50.239 50.253 50.269 50.282 50.311 50.326 50.341 50.347 50.354 50.364 50.374 50.381 50.388 50.405 50.416 50.423 50.454 50.465
11.511 4.071 3.693 3.604 3.708 11.622 11.633 11.665 11.701 11.715 11.739 11.765 11.783 11.822 11.843 11.860 11.899 11.920 11.937 11.953 11.965 12.003 12.016 12.049 12.086 12.121 12.140 12.162 12.177 12.203 12.221 12.264 12.294 12.457 12.431 12.517 12.532 12.602 12.646 12.679 12.827 12.876 12.954 13.038 24.940 50.147 50.166 50.176 50.252 50.245 50.264 50.272 50.279 50.290 50.302 50.317 50.325 50.353 50.366 50.373 50.378 50.385 50.392 50.408 50.424 50.429 50.446 50.451
11.531 3.863 3.388 3.549 3.631 11.632 11.648 11.673 11.685 11.722 11.743 11.793 11.809 11.834 11.868 11.875 11.904 11.931 11.944 11.987 11.999 12.014 12.027 12.059 12.088 12.099 12.138 12.147 12.163 12.215 12.232 12.321 12.385 12.417 12.438 12.509 12.545 12.598 12.652 12.686 12.809 12.965 13.019 13.159 48.969 50.149 50.165 50.267 50.257 50.261 50.267 50.272 50.289 50.295 50.303 50.314 50.325 50.342 50.365 50.373 50.382 50.395 50.406 50.411 50.423 50.428 50.448 50.456
3.787 3.243 0.000 3.895 11.612 11.626 11.661 11.672 11.730 11.742 11.769 11.789 11.802 11.838 11.849 11.896 11.905 11.939 11.976 11.992 12.017 12.036 12.041 12.095 12.100 12.130 12.140 12.160 12.208 12.234 12.305 12.363 12.396 12.415 12.498 12.512 12.615 12.641 12.673 12.756 12.865 12.996 13.022 24.466 49.321 50.149 50.164 50.274 50.264 50.269 50.272 50.280 50.287 50.294 50.303 50.311 50.334 50.339 50.348 50.371 50.386 50.400 50.405 50.420 50.433 50.440 50.455 50.463
0.000 3.140 3.227 11.611 11.625 11.698 11.674 11.712 11.722 11.749 11.781 11.794 11.824 11.847 11.859 11.907 11.919 11.944 11.963 11.979 12.021 12.035 12.066 12.078 12.106 12.118 12.130 12.168 12.207 12.250 12.343 12.412 12.413 12.463 12.507 12.523 12.570 12.662 12.708 12.789 12.819 12.896 13.082 24.898 50.147 50.165 50.180 50.249 50.262 50.272 50.283 50.287 50.296 50.304 50.310 50.323 50.328 50.345 50.352 50.368 50.382 50.397 50.415 50.427 50.438 50.444 50.466 50.477
