includes/estuary_coast/floodfiles/results/res.mxe
ncols         730
nrows         472
xllcorner     380617.130607
yllcorner     6542069.774949
cellsize      20.000000
NODATA_value  -9999.000000
[rows 87 to 115 of 472, columns 462 to 527 of 730]
3.709 3.723 3.734 3.746 3.757 3.772 3.791 3.805 3.823 3.863 3.882 3.884 3.884 3.884 3.884 3.885 3.885 3.885 3.886 3.886 3.886 3.886 3.886 3.887 3.887 3.887 3.887 3.887 3.888 3.888 3.888 3.888 3.888 3.888 3.889 3.889 3.889 3.889 3.889 3.889 3.890 3.890 3.890 3.890 3.890 3.890 3.890 3.890 3.890 -9999.000 -9999.000 3.559 3.086 2.675 -9999.000 -9999.000 -9999.000 -9999.000 -9999.000 -9999.000 -9999.000 -9999.000 -9999.000 -9999.000 -9999.000 -9999.000
3.714 3.727 3.739 3.750 3.764 3.778 3.793 3.804 3.814 3.857 3.882 3.884 3.884 3.884 3.884 3.884 3.885 3.885 3.885 3.886 3.886 3.886 3.886 3.886 3.887 3.887 3.887 3.887 3.887 3.888 3.888 3.888 3.888 3.888 3.888 3.889 3.889 3.889 3.889 3.889 3.889 3.890 3.890 3.890 3.890 3.890 3.890 3.890 3.890 3.891 -9999.000 3.608 -9999.000 3.036 -9999.000 -9999.000 -9999.000 -9999.000 -9999.000 -9999.000 -9999.000 -9999.000 -9999.000 -9999.000 -9999.000 -9999.000
3.718 3.732 3.745 3.757 3.772 3.787 3.794 3.803 3.811 3.853 3.882 3.884 3.884 3.884 3.884 3.884 3.885 3.885 3.885 3.885 3.886 3.886 3.886 3.886 3.886 3.887 3.887 3.887 3.887 3.888 3.888 3.888 3.888 3.888 3.888 3.889 3.889 3.889 3.889 3.889 3.889 3.890 3.890 3.890 3.890 3.890 3.890 3.890 3.891 3.891 3.891 3.877 3.329 3.575 3.069 -9999.000 -9999.000 -9999.000 -9999.000 -9999.000 -9999.000 -9999.000 -9999.000 -9999.000 -9999.000 -9999.000
3.723 3.738 3.752 3.766 3.781 3.789 3.796 3.803 3.811 3.851 3.881 3.883 3.884 3.884 3.884 3.884 3.884 3.885 3.885 3.885 3.885 3.886 3.886 3.886 3.886 3.887 3.887 3.887 3.887 3.887 3.888 3.888 3.888 3.888 3.888 3.888 3.889 3.889 3.889 3.889 3.889 3.890 3.890 3.890 3.890 3.890 3.890 3.890 3.891 3.891 3.891 3.891 3.874 3.579 -9999.000 -9999.000 -9999.000 -9999.000 -9999.000 -9999.000 -9999.000 -9999.000 -9999.000 -9999.000 -9999.000 -9999.000
3.730 3.746 3.760 3.773 3.784 3.792 3.798 3.804 3.811 3.851 3.879 3.883 3.884 3.884 3.884 3.884 3.884 3.884 3.885 3.885 3.885 3.886 3.886 3.886 3.886 3.886 3.887 3.887 3.887 3.887 3.887 3.888 3.888 3.888 3.888 3.888 3.889 3.889 3.889 3.889 3.889 3.889 3.890 3.890 3.890 3.890 3.890 3.890 3.891 3.891 3.891 3.891 3.891 -9999.000 -9999.000 -9999.000 -9999.000 -9999.000 -9999.000 -9999.000 -9999.000 -9999.000 -9999.000 -9999.000 -9999.000 -9999.000
3.737 3.752 3.766 3.779 3.788 3.796 3.802 3.807 3.813 3.851 3.878 3.882 3.883 3.883 3.883 3.883 3.884 3.884 3.885 3.885 3.885 3.885 3.886 3.886 3.886 3.886 3.886 3.887 3.887 3.887 3.887 3.887 3.888 3.888 3.888 3.888 3.888 3.889 3.889 3.889 3.889 3.889 3.890 3.890 3.890 3.890 3.890 3.890 3.891 3.891 3.891 3.891 3.891 3.891 -9999.000 -9999.000 -9999.000 -9999.000 -9999.000 -9999.000 -9999.000 -9999.000 -9999.000 -9999.000 -9999.000 -9999.000
3.743 3.759 3.773 3.786 3.795 3.802 3.807 3.812 3.817 3.852 3.878 3.881 3.883 3.883 3.883 3.883 3.883 3.884 3.885 3.885 3.885 3.885 3.885 3.886 3.886 3.886 3.886 3.886 3.887 3.887 3.887 3.887 3.887 3.888 3.888 3.888 3.888 3.888 3.889 3.889 3.889 3.889 3.889 3.890 3.890 3.890 3.890 3.890 3.891 3.891 3.891 3.891 3.891 3.892 3.892 -9999.000 -9999.000 -9999.000 -9999.000 -9999.000 -9999.000 -9999.000 -9999.000 -9999.000 -9999.000 -9999.000
3.746 3.765 3.781 3.792 3.801 3.809 3.815 3.820 3.822 3.855 3.878 3.880 3.882 3.883 3.883 3.883 3.883 3.883 3.884 3.885 3.885 3.885 3.885 3.885 3.886 3.886 3.886 3.886 3.886 3.887 3.887 3.887 3.887 3.887 3.888 3.888 3.888 3.888 3.889 3.889 3.889 3.889 3.889 3.890 3.890 3.890 3.890 3.890 3.891 3.891 3.891 3.891 3.891 3.892 3.892 3.892 -9999.000 -9999.000 -9999.000 -9999.000 -9999.000 -9999.000 -9999.000 -9999.000 -9999.000 -9999.000
3.749 3.771 3.788 3.800 3.809 3.817 3.824 3.828 3.830 3.860 3.878 3.880 3.882 3.883 3.883 3.883 3.883 3.883 3.883 3.884 3.885 3.885 3.885 3.885 3.885 3.886 3.886 3.886 3.886 3.886 3.887 3.887 3.887 3.887 3.888 3.888 3.888 3.888 3.888 3.889 3.889 3.889 3.889 3.890 3.890 3.890 3.890 3.890 3.891 3.891 3.891 3.891 3.891 3.892 3.892 3.892 3.892 -9999.000 -9999.000 -9999.000 -9999.000 -9999.000 -9999.000 -9999.000 -9999.000 -9999.000
3.751 3.779 3.797 3.810 3.821 3.829 3.835 3.840 3.845 3.867 3.877 3.880 3.882 3.882 3.882 3.882 3.882 3.882 3.883 3.883 3.884 3.885 3.885 3.885 3.885 3.886 3.886 3.886 3.886 3.886 3.886 3.887 3.887 3.887 3.887 3.888 3.888 3.888 3.888 3.888 3.889 3.889 3.889 3.889 3.890 3.890 3.890 3.890 3.891 3.891 3.891 3.891 3.892 3.892 3.892 3.892 3.892 3.893 -9999.000 -9999.000 -9999.000 -9999.000 -9999.000 2.384 2.384 2.468
3.752 3.795 3.817 3.830 3.838 3.844 3.850 3.853 3.858 3.872 3.878 3.880 3.882 3.882 3.882 3.882 3.882 3.882 3.882 3.882 3.883 3.884 3.885 3.885 3.885 3.885 3.885 3.886 3.886 3.886 3.886 3.886 3.887 3.887 3.887 3.887 3.888 3.888 3.888 3.888 3.888 3.889 3.889 3.889 3.890 3.890 3.890 3.890 3.891 3.891 3.891 3.891 3.892 3.892 3.892 3.892 3.892 3.893 3.893 -9999.000 -9999.000 -9999.000 -9999.000 -9999.000 2.399 2.554
-9999.000 3.850 3.855 3.859 3.863 3.867 3.870 3.872 3.875 3.878 3.880 3.881 3.881 3.882 3.882 3.882 3.882 3.882 3.882 3.882 3.883 3.884 3.884 3.884 3.885 3.885 3.885 3.885 3.886 3.886 3.886 3.886 3.886 3.887 3.887 3.887 3.887 3.888 3.888 3.888 3.888 3.889 3.889 3.889 3.889 3.890 3.890 3.890 3.890 3.891 3.891 3.891 3.892 3.892 3.892 3.892 3.893 3.893 3.893 3.893 -9999.000 -9999.000 -9999.000 -9999.000 2.685 2.663
-9999.000 3.875 3.878 3.879 3.879 3.880 3.880 3.880 3.880 3.880 3.881 3.881 3.881 3.881 3.882 3.882 3.882 3.882 3.882 3.882 3.882 3.883 3.883 3.884 3.885 3.885 3.885 3.885 3.885 3.886 3.886 3.886 3.886 3.886 3.887 3.887 3.887 3.887 3.888 3.888 3.888 3.888 3.889 3.889 3.889 3.889 3.890 3.890 3.890 3.891 3.891 3.891 3.891 3.892 3.892 3.892 3.893 3.893 3.893 3.893 3.894 -9999.000 -9999.000 -9999.000 2.961 -9999.000
3.880 3.880 3.880 3.880 3.880 3.880 3.880 3.880 3.880 3.881 3.881 3.881 3.881 3.881 3.881 3.881 3.882 3.882 3.882 3.882 3.882 3.882 3.882 3.883 3.883 3.884 3.884 3.885 3.885 3.885 3.886 3.886 3.886 3.886 3.886 3.887 3.887 3.887 3.887 3.888 3.888 3.888 3.888 3.889 3.889 3.889 3.890 3.890 3.890 3.891 3.891 3.891 3.891 3.892 3.892 3.892 3.893 3.893 3.893 3.893 3.894 3.894 -9999.000 -9999.000 3.693 2.906
3.880 3.880 3.880 3.880 3.880 3.880 3.880 3.880 3.880 3.881 3.881 3.881 3.881 3.881 3.881 3.881 3.881 3.881 3.882 3.882 3.882 3.882 3.882 3.882 3.882 3.882 3.883 3.883 3.884 3.884 3.885 3.885 3.886 3.886 3.886 3.886 3.887 3.887 3.887 3.887 3.888 3.888 3.888 3.888 3.889 3.889 3.889 3.890 3.890 3.890 3.891 3.891 3.891 3.892 3.892 3.892 3.893 3.893 3.893 3.894 3.894 3.894 3.895 -9999.000 3.780 3.651
3.880 3.880 3.880 3.880 3.880 3.880 3.880 3.880 3.880 3.880 3.881 3.881 3.881 3.881 3.881 3.881 3.881 3.881 3.881 3.882 3.882 3.882 3.882 3.882 3.882 3.882 3.882 3.882 3.882 3.883 3.883 3.884 3.884 3.885 3.886 3.886 3.886 3.886 3.887 3.887 3.887 3.887 3.887 3.887 3.888 3.888 3.889 3.889 3.890 3.890 3.891 3.891 3.891 3.892 3.892 3.892 3.893 3.893 3.893 3.894 3.894 3.894 3.895 3.893 3.866 3.735
3.880 3.880 3.880 3.880 3.880 3.880 3.880 3.880 3.880 3.880 3.881 3.881 3.881 3.881 3.881 3.881 3.881 3.881 3.881 3.881 3.882 3.882 3.882 3.882 3.882 3.882 3.882 3.882 3.882 3.882 3.883 3.883 3.883 3.884 3.884 3.885 3.885 3.886 3.886 3.886 3.886 3.886 3.886 3.886 3.886 3.887 3.888 3.888 3.889 3.890 3.890 3.891 3.891 3.892 3.892 3.892 3.893 3.893 3.893 3.894 3.894 3.895 3.895 3.895 3.895 -9999.000
3.880 3.880 3.880 3.880 3.880 3.880 3.880 3.880 3.880 3.880 3.881 3.881 3.881 3.881 3.881 3.881 3.881 3.881 3.881 3.881 3.882 3.882 3.882 3.882 3.882 3.882 3.882 3.882 3.882 3.882 3.882 3.883 3.883 3.883 3.883 3.883 3.884 3.885 3.885 3.885 3.885 3.885 3.885 3.886 3.886 3.886 3.887 3.887 3.888 3.888 3.889 3.890 3.891 3.891 3.892 3.892 3.893 3.893 3.894 3.894 3.894 3.895 3.895 3.896 3.896 3.896
3.880 3.880 3.880 3.880 3.880 3.880 3.880 3.880 3.880 3.880 3.880 3.881 3.881 3.881 3.881 3.881 3.881 3.881 3.881 3.881 3.882 3.882 3.882 3.882 3.882 3.882 3.882 3.882 3.882 3.882 3.882 3.882 3.883 3.883 3.883 3.883 3.883 3.884 3.884 3.884 3.885 3.885 3.885 3.886 3.886 3.886 3.886 3.886 3.887 3.887 3.888 3.889 3.890 3.891 3.892 3.892 3.893 3.893 3.894 3.894 3.895 3.895 3.895 3.896 3.896 3.897
3.880 3.880 3.880 3.880 3.880 3.880 3.880 3.880 3.880 3.880 3.880 3.881 3.881 3.881 3.881 3.881 3.881 3.881 3.881 3.881 3.882 3.882 3.882 3.882 3.882 3.882 3.882 3.882 3.882 3.882 3.882 3.882 3.883 3.883 3.883 3.883 3.883 3.884 3.884 3.884 3.884 3.885 3.885 3.885 3.886 3.886 3.886 3.886 3.887 3.887 3.887 3.888 3.889 3.890 3.891 3.892 3.893 3.893 3.894 3.894 3.895 3.895 3.896 3.896 3.897 3.897
3.880 3.880 3.880 3.880 3.880 3.880 3.880 3.880 3.880 3.880 3.880 3.881 3.881 3.881 3.881 3.881 3.881 3.881 3.881 3.881 3.882 3.882 3.882 3.882 3.882 3.882 3.882 3.882 3.882 3.882 3.882 3.882 3.883 3.883 3.883 3.883 3.883 3.883 3.884 3.884 3.884 3.884 3.885 3.885 3.885 3.886 3.886 3.886 3.887 3.887 3.887 3.887 3.888 3.888 3.890 3.891 3.893 3.893 3.894 3.895 3.895 3.896 3.896 3.897 3.897 3.898
3.880 3.880 3.880 3.880 3.880 3.880 3.880 3.880 3.880 3.880 3.880 3.881 3.881 3.881 3.881 3.881 3.881 3.881 3.881 3.881 3.882 3.882 3.882 3.882 3.882 3.882 3.882 3.882 3.882 3.882 3.882 3.882 3.883 3.883 3.883 3.883 3.883 3.883 3.883 3.884 3.884 3.884 3.884 3.885 3.885 3.885 3.886 3.886 3.886 3.887 3.887 3.887 3.887 3.888 3.888 3.890 3.891 3.893 3.894 3.895 3.896 3.896 3.897 3.897 3.898 3.898
3.879 3.879 3.880 3.880 3.880 3.880 3.880 3.880 3.880 3.880 3.880 3.881 3.881 3.881 3.881 3.881 3.881 3.881 3.881 3.881 3.882 3.882 3.882 3.882 3.882 3.882 3.882 3.882 3.882 3.882 3.882 3.883 3.883 3.883 3.883 3.883 3.883 3.883 3.883 3.883 3.884 3.884 3.884 3.885 3.885 3.885 3.885 3.886 3.886 3.886 3.887 3.887 3.887 3.888 3.888 3.888 3.890 3.891 3.894 3.895 3.896 3.897 3.897 3.898 3.898 3.898
3.879 3.879 3.880 3.880 3.880 3.880 3.880 3.880 3.880 3.880 3.880 3.881 3.881 3.881 3.881 3.881 3.881 3.881 3.881 3.882 3.882 3.882 3.882 3.882 3.882 3.882 3.882 3.882 3.882 3.882 3.882 3.883 3.883 3.883 3.883 3.883 3.883 3.883 3.883 3.883 3.884 3.884 3.884 3.884 3.885 3.885 3.885 3.886 3.886 3.886 3.887 3.887 3.887 3.887 3.888 3.888 3.888 3.888 3.891 3.892 3.895 3.897 3.898 3.898 3.899 3.899
3.879 3.879 3.879 3.880 3.880 3.880 3.880 3.880 3.880 3.880 3.880 3.881 3.881 3.881 3.881 3.881 3.881 3.881 3.881 3.882 3.882 3.882 3.882 3.882 3.882 3.882 3.882 3.882 3.882 3.882 3.883 3.883 3.883 3.883 3.883 3.883 3.883 3.883 3.883 3.883 3.884 3.884 3.884 3.884 3.884 3.885 3.885 3.885 3.886 3.886 3.886 3.887 3.887 3.887 3.887 3.888 3.888 3.888 3.888 3.888 3.893 3.897 3.898 3.899 3.899 3.900
3.879 3.879 3.879 3.880 3.880 3.880 3.880 3.880 3.880 3.880 3.880 3.881 3.881 3.881 3.881 3.881 3.881 3.881 3.881 3.882 3.882 3.882 3.882 3.882 3.882 3.882 3.882 3.882 3.882 3.882 3.883 3.883 3.883 3.883 3.883 3.883 3.883 3.883 3.883 3.883 3.884 3.884 3.884 3.884 3.884 3.885 3.885 3.885 3.886 3.886 3.886 3.886 3.887 3.887 3.887 3.887 3.888 3.888 3.888 3.888 3.891 3.896 3.899 3.899 3.900 3.900
3.879 3.879 3.879 3.879 3.880 3.880 3.880 3.880 3.880 3.880 3.880 3.881 3.881 3.881 3.881 3.881 3.881 3.881 3.882 3.882 3.882 3.882 3.882 3.882 3.882 3.882 3.882 3.882 3.882 3.883 3.883 3.883 3.883 3.883 3.883 3.883 3.883 3.883 3.883 3.883 3.884 3.884 3.884 3.884 3.884 3.884 3.885 3.885 3.885 3.886 3.886 3.886 3.887 3.887 3.887 3.887 3.887 3.887 3.888 3.888 3.888 3.895 3.900 3.900 3.900 3.900
3.879 3.879 3.879 3.879 3.880 3.880 3.880 3.880 3.880 3.880 3.880 3.881 3.881 3.881 3.881 3.881 3.881 3.881 3.882 3.882 3.882 3.882 3.882 3.882 3.882 3.882 3.882 3.882 3.883 3.883 3.883 3.883 3.883 3.883 3.883 3.883 3.883 3.883 3.883 3.883 3.884 3.884 3.884 3.884 3.884 3.884 3.884 3.885 3.885 3.885 3.886 3.886 3.886 3.887 3.887 3.887 3.887 3.887 3.887 3.888 3.888 3.895 3.900 3.900 3.900 3.900
3.879 3.879 3.879 3.879 3.880 3.880 3.880 3.880 3.880 3.880 3.880 3.881 3.881 3.881 3.881 3.881 3.881 3.881 3.882 3.882 3.882 3.882 3.882 3.882 3.882 3.882 3.882 3.882 3.883 3.883 3.883 3.883 3.883 3.883 3.883 3.883 3.883 3.883 3.883 3.883 3.884 3.884 3.884 3.884 3.884 3.884 3.884 3.885 3.885 3.885 3.886 3.886 3.886 3.886 3.887 3.887 3.887 3.887 3.887 3.887 3.887 3.895 3.900 3.900 3.901 3.901
