includes/estuary_coast/floodfiles/results/res.totaltm
ncols         730
nrows         472
xllcorner     380617.130607
yllcorner     6542069.774949
cellsize      20.000000
NODATA_value  -9999.000000
[rows 136 to 169 of 472, columns 304 to 379 of 730]
4.832 4.822 4.817 4.802 4.798 4.795 4.786 4.797 4.791 4.807 4.801 4.794 4.787 4.799 4.807 4.821 4.814 4.811 4.823 4.821 4.802 4.792 4.790 4.796 4.803 4.803 4.811 4.804 4.805 4.790 4.782 4.777 4.795 4.799 4.792 4.802 4.805 4.783 4.747 4.781 4.766 4.768 4.754 4.757 4.756 4.736 4.724 4.723 4.720 4.693 4.682 4.664 4.637 4.626 4.615 4.602 4.589 4.559 4.553 4.560 4.563 4.587 4.545 4.620 4.558 4.624 4.719 4.755 4.796 4.813 4.832 4.844 4.863 4.816 4.833 4.926
4.838 4.836 4.826 4.815 4.801 4.802 4.798 4.803 4.807 4.817 4.812 4.814 4.809 4.804 4.814 4.829 4.820 4.829 4.831 4.837 4.828 4.818 4.797 4.816 4.811 4.812 4.821 4.825 4.814 4.810 4.788 4.797 4.808 4.806 4.814 4.812 4.822 4.818 4.802 4.793 4.770 4.776 4.773 4.768 4.765 4.760 4.747 4.735 4.726 4.706 4.687 4.671 4.623 4.616 4.601 4.590 4.594 4.570 4.566 4.570 4.573 4.596 4.582 4.643 4.615 4.733 4.754 4.797 4.813 4.827 4.860 4.882 4.904 4.878 4.738 4.941
4.851 4.845 4.835 4.825 4.810 4.808 4.804 4.822 4.824 4.832 4.822 4.820 4.815 4.810 4.829 4.835 4.844 4.837 4.836 4.845 4.849 4.796 4.822 4.823 4.832 4.828 4.837 4.835 4.836 4.837 4.789 4.807 4.816 4.832 4.825 4.822 4.830 4.829 4.789 4.800 4.805 4.798 4.788 4.782 4.775 4.768 4.742 4.733 4.722 4.693 4.675 4.659 4.568 4.628 4.620 4.619 4.607 4.591 4.575 4.589 4.597 4.613 4.574 4.662 4.482 4.729 4.765 4.785 4.805 4.815 4.860 4.882 4.922 4.942 4.951 4.961
4.859 4.851 4.845 4.836 4.829 4.820 4.811 4.833 4.833 4.842 4.829 4.832 4.832 4.833 4.822 4.842 4.853 4.848 4.854 4.853 4.858 4.849 4.833 4.839 4.841 4.845 4.845 4.847 4.845 4.849 4.794 4.813 4.823 4.841 4.835 4.831 4.841 4.837 4.830 4.821 4.816 4.807 4.797 4.801 4.784 4.782 4.761 4.718 4.705 4.712 4.629 4.662 4.666 4.648 4.621 4.632 4.622 4.601 4.591 4.601 4.612 4.645 4.663 4.678 4.700 4.747 4.779 4.794 4.822 4.824 4.858 4.875 4.907 4.925 4.942 4.883
4.865 4.866 4.855 4.849 4.831 4.841 4.840 4.842 4.835 4.848 4.857 4.838 4.839 4.841 4.831 4.858 4.860 4.860 4.860 4.868 4.865 4.874 4.845 4.847 4.862 4.853 4.865 4.857 4.860 4.871 4.852 4.842 4.845 4.855 4.845 4.840 4.850 4.864 4.858 4.828 4.829 4.826 4.813 4.811 4.801 4.790 4.775 4.756 4.709 4.722 4.708 4.698 4.684 4.674 4.656 4.641 4.633 4.615 4.582 4.605 4.623 4.648 4.660 4.675 4.689 4.766 4.789 4.802 4.837 4.850 4.865 4.889 4.916 4.933 4.947 4.958
4.869 4.874 4.866 4.856 4.855 4.852 4.847 4.850 4.854 4.872 4.866 4.861 4.863 4.877 4.874 4.864 4.867 4.868 4.879 4.875 4.887 4.884 4.873 4.846 4.873 4.874 4.879 4.869 4.874 4.888 4.876 4.822 4.843 4.864 4.862 4.861 4.875 4.874 4.867 4.859 4.837 4.837 4.828 4.823 4.807 4.800 4.778 4.760 4.732 4.748 4.732 4.475 4.697 4.681 4.665 4.651 4.640 4.617 4.606 4.624 4.645 4.659 4.681 4.688 4.732 4.775 4.785 4.806 4.842 4.852 4.874 4.903 4.916 4.944 4.951 4.963
4.883 4.880 4.874 4.865 4.863 4.857 4.860 4.875 4.877 4.881 4.887 4.868 4.871 4.884 4.882 4.871 4.887 4.877 4.889 4.896 4.896 4.892 4.898 4.885 4.883 4.882 4.898 4.881 4.887 4.900 4.892 4.843 4.864 4.870 4.877 4.877 4.888 4.883 4.880 4.886 4.860 4.847 4.838 4.833 4.818 4.808 4.798 4.782 4.769 4.756 4.743 4.731 4.713 4.693 4.642 4.621 4.602 4.609 4.608 4.620 4.663 4.692 4.709 4.692 4.777 4.793 4.810 4.820 4.849 4.860 4.885 4.910 4.938 4.964 4.980 5.003
4.904 4.893 4.869 4.857 4.872 4.874 4.878 4.884 4.900 4.900 4.895 4.891 4.892 4.899 4.888 4.895 4.898 4.895 4.900 4.904 4.904 4.893 4.916 4.896 4.893 4.904 4.915 4.899 4.901 4.912 4.900 4.881 4.867 4.899 4.902 4.909 4.902 4.898 4.899 4.920 4.873 4.836 4.842 4.852 4.829 4.815 4.804 4.796 4.761 4.753 4.740 4.728 4.709 4.694 4.672 4.658 4.643 4.631 4.641 4.666 4.682 4.709 4.718 4.757 4.768 4.795 4.808 4.822 4.862 4.873 4.884 4.892 4.933 4.951 4.968 4.985
4.909 4.905 4.888 4.883 4.892 4.895 4.886 4.898 4.921 4.910 4.913 4.900 4.905 4.910 4.913 4.916 4.905 4.902 4.906 4.910 4.912 4.916 4.923 4.915 4.903 4.914 4.929 4.908 4.898 4.925 4.935 4.927 4.853 4.908 4.913 4.918 4.943 4.910 4.916 4.937 4.919 4.882 4.872 4.873 4.852 4.840 4.821 4.805 4.789 4.741 4.745 4.736 4.719 4.710 4.692 4.674 4.650 4.635 4.622 4.635 4.668 4.682 4.690 4.733 4.785 4.792 4.811 4.822 4.833 4.861 4.885 4.895 4.922 4.937 4.953 4.969
4.927 4.909 4.889 4.893 4.910 4.901 4.906 4.924 4.938 4.931 4.923 4.919 4.929 4.924 4.924 4.922 4.919 4.909 4.919 4.930 4.935 4.936 4.940 4.938 4.904 4.926 4.937 4.923 4.944 4.939 4.943 4.961 4.937 4.925 4.937 4.929 4.950 4.929 4.930 4.951 4.948 4.877 4.868 4.887 4.866 4.832 4.818 4.811 4.799 4.735 4.756 4.747 4.736 4.723 4.654 4.663 4.634 4.603 4.630 4.640 4.682 4.695 4.708 4.747 4.769 4.775 4.814 4.825 4.838 4.856 4.869 4.877 4.880 4.893 4.888 4.950
4.935 4.908 4.912 4.905 4.916 4.918 4.908 4.936 4.956 4.954 4.966 4.950 4.937 4.934 4.936 4.941 4.950 4.927 4.944 4.944 4.943 4.953 4.953 4.950 4.908 4.922 4.958 4.971 4.965 4.966 4.974 4.972 4.962 4.897 4.956 4.939 4.972 4.982 4.957 4.963 4.958 4.919 4.878 4.904 4.865 4.858 4.826 4.819 4.802 4.778 4.767 4.756 4.732 4.721 4.643 4.656 4.634 4.614 4.607 4.632 4.646 4.662 4.739 4.770 4.780 4.797 4.814 4.826 4.845 4.863 4.874 4.890 4.880 4.904 4.935 4.971
4.941 4.934 4.923 4.916 4.943 4.946 4.950 4.917 4.971 4.962 4.978 4.960 4.946 4.944 4.952 4.951 4.959 4.927 4.949 4.955 4.961 4.969 4.975 4.968 4.969 4.951 4.969 4.982 4.988 4.999 4.984 5.004 4.991 4.994 4.982 4.959 4.972 5.039 5.006 4.994 4.994 4.956 4.937 4.917 4.893 4.874 4.856 4.838 4.825 4.809 4.779 4.752 4.743 4.731 4.677 4.667 4.656 4.584 4.615 4.627 4.629 4.721 4.758 4.765 4.785 4.800 4.811 4.831 4.855 4.866 4.873 4.898 4.917 4.932 4.953 4.966
4.980 4.935 4.937 4.961 4.962 4.956 4.962 4.969 4.977 4.998 4.991 4.977 4.965 4.954 4.964 4.959 4.964 4.961 4.956 4.966 4.974 4.981 4.988 4.979 4.981 4.946 4.980 4.999 5.007 5.010 5.016 5.018 4.996 5.013 4.950 5.004 5.018 5.047 5.079 5.048 5.037 5.002 4.881 4.888 4.889 4.870 4.859 4.846 4.827 4.814 4.787 4.567 4.742 4.728 4.687 4.673 4.631 4.630 4.637 4.634 4.711 4.750 4.757 4.774 4.781 4.807 4.817 4.830 4.823 4.876 4.891 4.899 4.912 4.930 4.942 4.963
5.000 5.016 4.998 4.970 4.978 4.978 4.960 4.978 5.000 5.006 5.002 4.987 4.954 4.951 4.975 4.946 4.978 4.968 4.963 4.977 4.982 4.996 5.000 4.986 4.988 5.013 4.999 5.014 5.022 5.028 5.028 5.033 5.055 5.030 4.928 4.967 5.039 5.048 5.090 5.098 5.077 5.069 4.955 4.881 4.912 4.889 4.874 4.858 4.834 4.823 4.803 4.763 4.753 4.742 4.716 4.637 4.633 4.635 4.672 4.703 4.733 4.745 4.758 4.772 4.801 4.815 4.829 4.841 4.866 4.877 4.894 4.905 4.919 4.932 4.958 4.975
5.022 5.031 5.009 5.008 5.025 4.994 4.944 5.003 5.007 5.013 5.008 5.002 4.988 4.957 4.981 4.988 4.985 4.979 4.973 4.985 5.003 5.009 5.024 5.028 5.037 5.023 5.019 5.014 5.042 5.048 5.077 5.081 5.068 5.061 5.057 5.002 5.048 5.079 5.106 5.107 5.115 5.097 4.990 4.952 4.928 4.911 4.885 4.866 4.851 4.824 4.814 4.757 4.646 4.715 4.692 4.666 4.640 4.666 4.680 4.705 4.719 4.734 4.755 4.770 4.786 4.822 4.841 4.856 4.869 4.880 4.894 4.906 4.923 4.952 4.965 4.989
5.074 5.078 5.014 5.017 5.036 4.989 5.002 5.013 5.007 5.028 5.027 4.944 4.999 5.006 4.997 5.005 5.000 5.004 4.987 4.987 5.014 5.024 5.033 5.042 5.048 5.051 5.035 4.989 5.052 5.061 5.090 5.093 5.081 5.075 5.089 4.910 5.020 5.087 5.125 5.150 5.134 5.112 5.100 5.049 4.909 4.909 4.896 4.876 4.855 4.829 4.814 4.800 4.608 4.594 4.698 4.694 4.685 4.678 4.690 4.698 4.715 4.730 4.740 4.787 4.806 4.827 4.835 4.843 4.852 4.833 4.859 4.909 4.928 4.950 4.981 4.990
5.090 5.101 5.082 5.078 5.048 5.051 5.017 5.028 5.005 5.042 5.042 5.032 5.012 5.014 5.008 5.012 5.011 5.013 5.004 4.980 5.020 5.036 5.046 5.058 5.060 5.061 5.079 5.045 5.063 5.072 5.107 5.109 5.116 5.116 5.105 5.085 5.037 5.032 5.147 5.169 5.174 5.134 5.110 5.082 4.945 4.929 4.912 4.864 4.852 4.838 4.824 4.806 4.760 4.746 4.732 4.715 4.695 4.687 4.679 4.677 4.684 4.744 4.774 4.788 4.798 4.805 4.841 4.852 4.861 4.887 4.899 4.916 4.934 4.943 4.960 4.973
5.114 5.113 5.113 5.090 5.074 5.068 4.992 5.041 5.054 5.057 5.054 5.046 5.015 5.045 5.033 5.030 5.018 5.031 5.031 5.022 5.027 5.047 5.067 5.074 5.072 5.076 5.087 5.061 5.071 5.093 5.120 5.123 5.126 5.130 5.128 5.140 5.023 5.055 5.166 5.186 5.188 5.188 5.116 5.100 4.978 4.951 4.927 4.885 4.856 4.827 4.814 4.782 4.769 4.758 4.744 4.722 4.716 4.693 4.672 4.710 4.737 4.763 4.776 4.788 4.801 4.810 4.827 4.838 4.858 4.877 4.891 4.906 4.903 4.876 0.000 0.000
5.125 5.122 5.119 5.108 5.059 5.102 5.097 5.084 5.070 5.071 5.062 5.065 5.068 5.060 5.048 5.041 5.037 5.041 5.039 5.030 5.032 5.064 5.078 5.086 5.094 5.100 5.105 5.098 5.108 5.120 5.131 5.142 5.156 5.151 5.158 5.159 5.101 5.076 5.172 5.208 5.202 5.205 5.202 5.122 5.073 4.854 4.898 4.877 4.858 4.831 4.763 4.769 4.759 4.751 4.740 4.727 4.702 4.690 4.690 4.717 4.730 4.753 4.763 4.777 4.781 4.791 4.802 4.829 4.847 4.843 0.000 0.000 0.000 0.000 0.000 4.513
5.133 5.147 5.142 5.139 5.136 5.123 5.109 5.098 5.086 5.079 5.065 5.075 5.086 5.076 5.063 5.055 5.051 5.048 5.047 5.048 5.054 5.079 5.088 5.114 5.113 5.113 5.118 5.111 5.076 5.123 5.150 5.169 5.170 5.187 5.181 5.177 5.192 5.016 5.205 5.229 5.226 5.214 5.224 5.152 5.110 4.938 4.916 4.842 4.834 4.801 4.791 4.785 4.777 4.746 4.735 4.706 4.700 4.696 4.693 4.700 4.725 4.732 4.741 4.744 4.771 4.779 0.000 0.000 0.000 0.000 0.000 6.002 3.304 3.972 3.057 3.360
5.153 5.174 5.153 5.148 5.151 5.138 5.133 5.125 5.096 5.092 5.075 5.085 5.093 5.086 5.072 5.070 5.063 5.067 5.085 5.056 5.064 5.084 5.107 5.124 5.125 5.133 5.143 5.142 5.149 5.132 5.157 5.177 5.189 5.200 5.195 5.201 5.221 5.079 5.236 5.251 5.249 5.255 5.247 5.225 5.135 4.923 4.862 4.849 4.845 4.837 4.827 4.806 4.781 4.764 4.751 4.735 4.718 4.703 4.696 4.685 4.696 4.724 0.000 0.000 0.000 0.000 0.000 3.373 3.278 3.496 3.198 4.385 2.997 4.106 3.269 3.468
5.177 5.183 5.163 5.178 5.171 5.135 5.126 5.114 5.113 5.102 5.079 5.091 5.118 5.111 5.092 5.081 5.095 5.094 5.106 5.109 5.104 5.049 5.121 5.145 5.144 5.156 5.155 5.151 5.159 5.109 5.161 5.223 5.202 5.215 5.209 5.240 5.243 5.193 5.271 5.273 5.270 5.271 5.270 5.116 5.089 5.058 4.948 4.926 4.903 4.844 4.834 4.772 4.770 4.760 4.741 4.726 4.715 4.705 4.691 0.000 0.000 0.000 0.000 3.159 3.372 3.148 3.371 3.482 3.443 3.566 3.500 3.948 3.284 3.900 3.506 4.190
5.184 5.191 5.188 5.196 5.137 5.069 5.052 5.116 5.125 5.136 5.126 5.134 5.133 5.128 5.128 5.121 5.105 5.105 5.116 5.117 5.149 5.056 5.125 5.154 5.159 5.168 5.168 5.199 5.205 5.180 5.166 5.242 5.238 5.255 5.257 5.260 5.274 5.276 5.291 5.292 5.292 5.292 1.697 0.000 0.000 4.964 4.947 4.895 4.880 4.843 4.830 4.813 4.789 4.766 4.756 0.000 0.000 0.000 0.000 0.000 3.677 6.207 6.448 7.804 8.075 7.431 8.253 8.416 7.883 8.466 8.970 8.566 8.143 8.055 8.914 8.594
5.215 5.207 5.208 5.207 5.200 5.183 5.035 5.147 5.136 5.144 5.151 5.143 5.144 5.153 5.155 5.155 5.150 5.075 5.127 5.151 5.161 5.198 5.082 5.200 5.214 5.216 5.217 5.214 5.224 5.217 5.234 5.257 5.255 5.274 5.275 5.276 5.293 1.700 1.718 1.721 1.723 1.726 1.729 3.211 0.000 0.000 0.000 0.000 0.000 0.000 0.000 0.000 0.000 0.000 0.000 0.000 8.932 10.489 10.723 11.774 11.695 12.802 12.480 13.199 13.634 14.118 14.296 15.025 16.725 16.037 16.876 16.142 17.091 15.310 17.173 15.816
5.224 5.225 5.227 5.221 5.231 5.197 5.181 5.154 5.146 5.177 5.184 5.169 5.156 5.168 5.172 5.181 5.193 5.074 5.124 5.162 5.180 5.212 5.226 5.165 5.228 5.231 5.233 5.241 5.248 5.237 5.222 5.275 5.277 5.293 5.293 1.700 1.723 1.727 2.936 2.767 2.950 3.090 3.643 6.508 8.087 9.702 8.780 9.621 10.535 0.000 0.000 12.059 13.481 16.477 17.496 19.548 20.507 20.912 21.888 22.474 23.862 24.363 24.768 25.598 26.619 27.424 26.492 27.237 34.181 32.327 37.094 40.676 39.303 32.048 29.993 34.697
5.240 5.233 5.244 5.237 5.243 5.232 5.186 5.158 5.150 5.184 5.207 5.182 5.186 5.201 5.212 5.191 5.213 5.209 5.198 5.159 5.218 5.223 5.242 5.159 5.254 5.245 5.249 5.265 5.274 5.256 5.276 5.295 1.697 1.718 1.721 1.716 3.068 3.483 3.812 8.499 8.886 9.704 10.700 11.636 13.167 14.956 17.005 18.513 20.303 22.316 23.802 25.668 26.945 30.177 44.672 43.757 43.565 43.836 43.414 43.547 43.959 44.811 44.119 44.760 44.905 46.187 46.281 44.557 45.526 43.654 43.244 44.226 43.968 45.240 43.984 46.763
5.257 5.247 5.265 5.257 5.267 5.215 5.199 5.175 5.180 5.194 5.253 5.216 5.197 5.242 5.225 5.248 5.248 5.253 5.214 5.235 5.240 5.277 5.275 5.182 5.278 5.257 5.263 5.281 5.296 5.296 1.696 1.708 1.713 3.152 6.423 7.545 8.824 10.895 11.664 12.647 14.181 17.377 19.926 21.957 23.644 25.911 27.781 32.741 42.942 43.686 44.555 43.845 44.776 46.522 51.149 48.917 48.265 47.069 46.398 47.033 48.520 47.782 48.893 49.453 48.772 49.085 47.591 47.298 46.717 47.700 47.774 50.053 47.802 49.222 48.143 47.256
5.266 5.259 5.276 5.263 5.288 5.274 5.260 5.235 5.177 5.204 5.274 5.276 5.243 5.261 5.261 5.275 5.273 5.275 5.230 5.258 5.278 5.295 5.296 5.297 5.297 5.297 5.297 1.692 1.703 1.706 1.703 8.788 9.279 9.789 11.352 12.599 14.777 17.924 21.184 23.294 26.084 28.567 43.589 44.470 46.765 46.189 46.307 47.078 45.909 46.881 47.112 46.312 47.048 49.033 50.899 50.861 52.223 50.641 49.939 48.936 49.611 50.572 51.528 51.197 51.725 52.497 51.895 54.457 50.459 53.610 51.053 50.847 50.176 50.674 52.418 53.137
5.275 5.263 5.286 5.290 5.317 5.285 5.312 5.248 5.238 5.277 5.297 5.297 5.279 5.277 5.278 5.297 5.297 5.297 5.297 5.299 1.693 1.711 1.711 1.703 1.702 1.702 1.701 1.680 8.723 8.864 10.552 11.880 13.661 17.553 20.008 22.832 25.799 38.663 40.900 42.333 44.287 44.478 45.962 47.234 48.669 49.404 49.600 49.806 48.477 51.116 50.171 50.153 49.248 50.755 51.928 52.740 53.484 52.977 52.421 54.070 52.609 53.942 54.084 54.500 53.840 54.166 54.662 54.946 54.616 54.459 54.350 55.553 55.553 55.553 55.553 55.553
5.286 5.300 5.311 5.274 5.329 5.289 5.333 5.227 5.280 1.696 1.706 1.706 1.693 5.297 1.695 1.710 1.711 1.712 1.712 1.705 1.707 2.852 3.007 3.384 6.688 9.632 9.855 10.334 12.298 13.674 17.587 20.423 23.949 26.687 42.039 43.334 44.399 45.650 48.314 46.923 47.160 48.202 48.488 52.089 52.142 55.553 50.911 50.440 53.418 52.785 54.206 52.792 54.010 53.630 54.000 55.287 54.562 55.459 54.868 54.441 54.833 55.553 55.553 55.553 55.553 55.553 55.553 55.553 55.553 55.553 55.553 55.553 55.553 55.553 55.553 55.553
5.301 5.304 5.326 5.336 5.340 5.306 5.356 1.619 1.823 1.722 4.350 5.943 1.716 1.719 1.717 2.900 3.016 3.621 7.107 3.327 3.010 5.957 8.786 10.800 11.614 13.007 14.302 17.732 20.387 23.055 43.449 40.882 44.841 46.622 48.479 49.057 47.519 47.797 48.397 48.488 48.787 49.510 51.048 52.002 53.524 54.786 52.218 53.356 55.128 55.364 55.553 55.309 54.762 55.455 55.553 55.553 55.553 55.553 55.553 55.553 55.553 55.553 55.553 55.553 55.553 55.553 55.553 55.553 55.553 55.553 55.553 55.553 55.553 55.553 55.553 55.553
5.307 5.320 5.327 5.346 5.353 5.353 5.380 3.874 1.428 5.920 4.582 4.996 2.967 3.148 3.320 3.328 3.523 10.008 9.324 9.966 10.405 12.738 12.940 14.157 17.392 19.793 22.741 40.605 43.183 44.217 46.464 48.022 48.046 48.739 49.806 49.962 51.083 50.191 52.992 51.574 52.789 52.852 53.585 54.085 55.553 55.553 55.553 55.553 55.553 55.553 55.553 55.553 55.553 55.553 55.553 55.553 55.553 55.553 55.553 55.553 55.553 55.553 55.553 55.553 55.553 55.553 55.553 55.553 55.553 55.553 55.553 55.553 55.553 55.553 55.553 55.553
5.329 5.324 5.346 5.354 5.375 5.397 5.415 3.369 5.906 4.893 4.575 4.517 4.017 3.596 6.004 8.799 10.166 11.016 12.270 13.726 13.908 16.730 19.636 22.433 39.434 40.281 43.119 44.402 46.104 47.369 47.875 49.170 50.052 52.063 51.025 51.394 52.521 53.454 53.552 54.702 54.245 54.745 55.190 55.553 55.553 55.553 55.553 55.553 55.553 55.553 55.553 55.553 55.553 55.553 55.553 55.553 55.553 55.553 55.553 55.553 55.553 55.553 55.553 55.553 55.553 55.553 55.553 55.553 55.553 55.553 55.553 55.553 55.553 55.553 55.553 55.553
5.346 5.357 5.386 5.363 5.378 5.408 5.422 3.293 3.529 3.392 4.419 8.386 7.714 9.446 10.080 11.137 12.770 13.863 17.408 19.723 21.379 32.552 38.806 41.845 43.513 45.789 46.154 47.255 48.496 50.068 50.335 51.129 52.012 52.705 53.453 54.085 55.451 55.553 55.553 55.553 55.553 55.553 55.553 55.553 55.553 55.553 55.553 55.553 55.553 55.553 55.553 55.553 55.553 55.553 55.553 55.553 55.553 55.553 55.553 55.553 55.553 55.553 55.553 55.553 55.553 55.553 55.553 55.553 55.553 55.553 55.553 55.553 55.553 55.553 55.553 55.553
