includes/estuary_coast/floodfiles/results/res.max
ncols         730
nrows         472
xllcorner     380617.130607
yllcorner     6542069.774949
cellsize      20.000000
NODATA_value  -9999.000000
[rows 374 to 407 of 472, columns 154 to 230 of 730]
3.857 3.791 3.887 3.790 3.779 3.735 3.738 3.737 3.758 3.687 3.657 3.691 3.594 3.696 3.684 3.544 3.568 3.523 3.488 3.508 3.544 3.468 3.535 3.390 3.469 3.374 3.284 3.303 3.204 3.190 3.076 2.951 0.361 0.846 2.236 1.647 1.186 1.502 1.545 1.677 1.650 1.614 1.597 2.113 0.844 0.974 0.984 1.196 1.110 1.150 1.121 1.115 1.081 1.220 0.964 0.969 0.681 0.664 0.909 0.985 0.943 0.943 0.813 0.805 0.693 0.204 0.164 0.016 0.224 0.355 0.469 0.611 0.993 0.898 1.404 1.405 1.411
3.884 3.863 3.807 3.795 3.783 3.771 3.741 3.775 3.755 3.713 3.739 3.734 3.673 3.708 3.620 3.642 3.548 3.557 3.584 3.553 3.469 3.478 3.352 3.412 3.421 3.432 3.351 3.346 3.298 3.102 3.066 3.121 0.582 0.861 1.495 1.442 1.522 1.585 1.595 1.595 2.009 2.076 1.719 1.663 0.937 0.919 0.976 1.073 1.212 1.170 1.204 1.186 1.116 1.246 1.088 0.997 0.773 0.774 0.899 0.758 0.703 0.285 0.230 0.000 0.000 0.000 0.000 0.000 0.000 0.000 0.212 0.464 0.615 0.829 0.990 1.264 1.316
3.894 3.793 3.835 3.833 3.797 3.873 3.720 3.730 3.787 3.701 3.748 3.709 3.633 3.663 3.622 3.591 3.615 3.648 3.632 3.531 3.564 3.528 3.442 3.461 3.494 3.409 3.381 3.241 3.161 3.092 2.982 3.040 0.672 0.877 1.858 1.675 1.327 1.701 1.648 1.722 1.715 1.765 1.612 1.930 0.950 0.890 0.849 1.006 1.161 1.148 1.265 1.345 1.232 1.239 1.218 1.108 0.933 0.771 0.540 0.520 0.038 0.000 0.000 0.000 0.000 0.000 0.000 0.000 0.000 0.000 0.000 0.141 0.434 0.403 0.656 0.670 0.622
3.833 3.869 3.816 3.766 3.768 3.800 3.733 3.816 3.741 3.742 3.726 3.716 3.665 3.677 3.543 3.628 3.670 3.578 3.617 3.534 3.518 3.524 3.505 3.587 3.484 3.369 3.245 3.245 3.178 3.163 3.092 3.012 0.967 0.900 1.818 1.562 1.142 1.648 1.714 1.757 1.683 1.718 1.802 1.640 1.164 0.772 0.737 1.050 1.229 1.212 1.340 1.388 1.297 1.207 1.177 1.120 1.048 0.654 0.383 0.075 0.000 0.000 0.000 0.000 0.000 0.000 0.000 0.000 0.000 0.000 0.000 0.000 0.063 0.186 0.207 0.552 0.688
3.901 3.823 3.797 3.878 3.804 3.728 3.722 3.753 3.734 3.822 3.716 3.698 3.713 3.626 3.607 3.675 3.654 3.604 3.505 3.579 3.544 3.530 3.516 3.496 3.400 3.312 3.273 3.226 3.186 3.116 3.046 2.978 1.036 0.916 1.256 0.721 0.943 2.316 1.803 2.016 2.110 1.978 1.448 0.724 0.894 0.590 0.717 0.926 1.155 1.297 1.381 1.352 1.315 1.190 1.325 0.985 0.579 0.646 0.273 0.000 0.000 0.000 0.000 0.000 0.000 0.000 0.000 0.000 0.000 0.000 0.000 0.000 0.000 0.000 0.078 0.327 0.474
3.857 3.853 3.849 3.782 3.796 3.752 3.762 3.723 3.724 3.732 3.724 3.640 3.620 3.660 3.631 3.642 3.657 3.639 3.569 3.574 3.565 3.605 3.521 3.459 3.354 3.338 3.201 3.238 3.215 3.172 3.088 2.939 1.492 0.939 0.135 1.117 1.111 1.432 1.653 1.611 1.434 0.456 0.754 0.854 0.642 0.920 0.814 0.943 1.218 1.367 1.301 1.295 1.318 1.177 1.318 1.033 0.765 0.549 0.000 0.000 0.000 0.000 0.000 0.000 0.000 0.000 0.000 0.000 0.000 0.000 0.000 0.000 0.000 0.000 0.000 0.135 0.323
3.831 3.957 3.835 3.847 3.793 3.756 3.819 3.745 3.697 3.731 3.729 3.756 3.699 3.654 3.619 3.606 3.644 3.597 3.596 3.623 3.586 3.594 3.450 3.380 3.276 3.251 3.260 3.221 3.180 3.236 3.081 3.019 2.538 0.944 1.983 0.574 0.987 1.176 1.388 1.229 1.119 1.117 1.331 1.158 0.578 0.911 0.961 1.085 1.357 1.461 1.507 1.396 1.175 1.237 1.478 0.730 0.783 0.504 0.000 0.000 0.000 0.000 0.000 0.000 0.000 0.000 0.000 0.000 0.000 0.000 0.000 0.000 0.000 0.000 0.000 0.000 0.278
3.880 3.818 3.870 3.802 3.788 3.808 3.787 3.814 3.757 3.719 3.735 3.655 3.686 3.672 3.751 3.623 3.590 3.644 3.560 3.562 3.612 3.505 3.516 3.367 3.289 3.372 3.219 3.235 3.219 3.155 3.079 3.021 2.902 2.848 1.984 1.981 0.747 1.239 1.400 1.236 1.127 1.211 1.346 1.203 0.693 1.391 0.984 1.249 1.298 1.513 1.351 1.417 1.330 1.144 1.145 0.842 0.674 0.290 0.000 0.000 0.000 0.000 0.000 0.000 0.000 0.000 0.000 0.000 0.000 0.000 0.000 0.000 0.000 0.000 0.000 0.000 0.000
3.916 3.817 3.831 3.818 3.771 3.763 3.784 3.778 3.720 3.696 3.666 3.639 3.761 3.681 3.661 3.671 3.591 3.551 3.620 3.619 3.451 3.398 3.335 3.366 3.347 3.315 3.267 3.274 3.213 3.208 3.166 3.070 2.972 2.965 2.795 1.982 0.746 0.960 1.311 1.223 1.211 1.386 1.209 1.187 0.545 1.304 1.005 1.073 1.297 1.397 1.133 1.475 1.387 1.338 1.346 1.026 0.652 0.081 0.000 0.000 0.000 0.000 0.000 0.000 0.000 0.000 0.000 0.000 0.000 0.000 0.000 0.000 0.000 0.000 0.000 0.000 0.000
3.876 3.781 3.830 3.848 3.814 3.875 3.818 3.794 3.727 3.737 3.715 3.741 3.688 3.653 3.583 3.666 3.677 3.655 3.578 3.528 3.426 3.389 3.309 3.374 3.358 3.390 3.252 3.294 3.208 3.122 3.139 3.058 3.027 3.002 2.868 1.983 0.706 0.832 1.035 1.221 1.342 1.259 1.206 1.182 0.745 1.423 1.104 1.176 1.325 1.298 1.258 1.211 1.132 1.293 1.227 0.817 0.368 0.000 0.000 0.000 0.000 0.000 0.000 0.000 0.000 0.000 0.000 0.000 0.000 0.000 0.000 0.000 0.000 0.000 0.000 0.000 0.000
3.874 3.874 3.849 3.825 3.853 3.809 3.752 3.758 3.763 3.708 3.752 3.732 3.699 3.685 3.715 3.686 3.684 3.613 3.560 3.461 3.454 3.366 3.401 3.357 3.384 3.287 3.246 3.274 3.172 3.095 3.091 3.139 3.045 2.939 2.896 1.983 0.778 0.709 0.824 1.143 0.998 1.247 1.269 1.304 1.198 1.514 1.363 1.345 1.366 1.194 1.346 1.199 1.246 1.340 1.289 0.884 0.426 0.000 0.000 0.000 0.000 0.000 0.000 0.000 0.000 0.000 0.000 0.000 0.000 0.000 0.000 0.000 0.000 0.000 0.000 0.000 0.000
3.910 3.852 3.837 3.826 3.756 3.798 3.770 3.703 3.722 3.705 3.725 3.742 3.697 3.762 3.706 3.711 3.668 3.565 3.514 3.498 3.424 3.409 3.430 3.401 3.328 3.258 3.246 3.280 3.259 3.182 3.114 3.028 3.031 2.895 2.910 1.983 1.244 0.704 0.765 0.954 1.029 1.295 1.181 1.087 1.198 0.874 1.219 1.140 1.198 1.357 1.329 1.380 1.243 1.371 1.117 0.914 0.470 0.000 0.000 0.000 0.000 0.000 0.000 0.000 0.000 0.000 0.000 0.000 0.000 0.000 0.000 0.000 0.000 0.000 0.000 0.000 0.000
3.876 3.928 3.844 3.850 3.880 3.765 3.715 3.736 3.749 3.741 3.757 3.743 3.731 3.690 3.705 3.689 3.563 3.503 3.457 3.480 3.408 3.531 3.348 3.314 3.314 3.306 3.245 3.228 3.213 3.198 3.138 3.065 2.961 2.910 2.869 1.984 0.503 0.531 0.377 0.760 0.978 1.125 1.221 0.700 1.698 1.216 1.191 1.091 1.134 1.236 1.160 1.133 1.263 1.215 0.982 0.754 0.395 0.000 0.000 0.000 0.000 0.000 0.000 0.000 0.000 0.000 0.000 0.000 0.000 0.000 0.000 0.000 0.000 0.000 0.000 0.000 0.000
3.865 3.838 3.917 3.846 3.762 3.852 3.825 3.820 3.784 3.702 3.707 3.726 3.772 3.765 3.736 3.632 3.559 3.532 3.486 3.525 3.493 3.435 3.340 3.337 3.404 3.365 3.248 3.235 3.171 3.274 3.148 3.033 3.017 2.928 2.798 1.984 0.804 0.944 0.907 0.923 0.988 1.082 0.805 1.210 0.947 1.076 0.897 1.037 0.984 0.944 0.717 0.598 0.662 0.641 0.797 0.619 0.253 0.000 0.000 0.000 0.000 0.000 0.000 0.000 0.000 0.000 0.000 0.000 0.000 0.000 0.000 0.000 0.000 0.000 0.000 0.000 0.000
3.889 3.906 3.936 3.880 3.766 3.763 3.763 3.779 3.725 3.719 3.732 3.786 3.795 3.730 3.661 3.653 3.520 3.476 3.529 3.526 3.401 3.430 3.396 3.277 3.399 3.354 3.291 3.214 3.216 3.168 3.151 3.147 2.920 3.003 2.441 1.983 1.213 0.803 0.734 1.193 0.582 0.857 0.706 1.697 1.265 0.914 0.763 0.971 0.874 0.425 0.543 0.525 0.511 0.505 0.551 0.342 0.083 0.000 0.000 0.000 0.000 0.000 0.000 0.000 0.000 0.000 0.000 0.000 0.000 0.000 0.000 0.000 0.000 0.000 0.000 0.000 0.000
3.875 3.905 3.809 3.834 3.781 3.752 3.772 3.754 3.813 3.765 3.772 3.737 3.692 3.693 3.614 3.510 3.496 3.543 3.506 3.526 3.408 3.479 3.418 3.373 3.343 3.338 3.273 3.222 3.245 3.172 3.159 3.091 2.983 2.819 1.985 1.983 1.002 0.811 1.568 1.077 1.164 1.206 1.183 0.840 1.101 0.907 1.010 0.855 0.448 0.696 0.394 0.056 0.037 0.146 0.079 0.000 0.000 0.000 0.000 0.000 0.000 0.000 0.000 0.000 0.000 0.000 0.000 0.000 0.000 0.000 0.000 0.000 0.000 0.000 0.000 0.000 0.000
3.939 3.908 3.803 3.780 3.788 3.770 3.846 3.761 3.768 3.789 3.818 3.769 3.691 3.625 3.587 3.471 3.525 3.575 3.528 3.518 3.437 3.472 3.461 3.358 3.357 3.315 3.247 3.280 3.195 3.193 3.188 3.111 3.053 2.973 1.985 1.069 1.204 1.290 0.938 0.982 1.049 0.620 1.479 1.128 0.991 1.066 0.901 0.806 0.801 0.395 0.036 0.000 0.000 0.000 0.000 0.000 0.000 0.000 0.000 0.000 0.000 0.000 0.000 0.000 0.000 0.000 0.000 0.000 0.000 0.000 0.000 0.000 0.000 0.000 0.000 0.000 0.000
3.912 3.860 3.797 3.827 3.811 3.849 3.802 3.764 3.788 3.822 3.745 3.746 3.638 3.621 3.551 3.621 3.636 3.588 3.614 3.463 3.480 3.493 3.469 3.414 3.356 3.339 3.368 3.253 3.231 3.183 3.126 2.951 2.546 2.666 1.985 1.028 1.306 1.773 1.775 1.432 1.304 1.059 0.793 1.189 1.125 1.311 0.892 0.870 0.524 0.142 0.000 0.000 0.000 0.000 0.000 0.000 0.000 0.000 0.000 0.000 0.000 0.000 0.000 0.000 0.000 0.000 0.000 0.000 0.000 0.000 0.000 0.000 0.000 0.000 0.000 0.000 0.000
3.883 3.850 3.815 3.914 3.914 3.789 3.826 3.836 3.822 3.772 3.720 3.669 3.664 3.622 3.621 3.581 3.537 3.474 3.472 3.488 3.388 3.467 3.410 3.412 3.328 3.338 3.318 3.224 3.255 3.218 3.122 2.965 2.652 2.255 1.985 1.189 1.675 1.652 1.472 1.071 1.079 1.099 0.194 1.194 0.899 1.127 0.927 0.717 0.318 0.000 0.000 0.000 0.000 0.000 0.000 0.000 0.000 0.000 0.000 0.000 0.000 0.000 0.000 0.000 0.000 0.000 0.000 0.000 0.000 0.000 0.000 0.000 0.000 0.000 0.000 0.000 0.000
3.883 3.887 3.813 3.811 3.805 3.835 3.794 3.779 3.736 3.751 3.616 3.595 3.575 3.670 3.623 3.586 3.554 3.561 3.444 3.497 3.423 3.454 3.349 3.329 3.349 3.294 3.305 3.309 3.194 3.185 3.111 3.053 2.885 2.444 1.985 1.427 1.558 1.366 1.474 1.449 1.652 0.691 0.944 0.987 0.550 0.872 0.971 0.531 0.292 0.000 0.000 0.000 0.000 0.000 0.000 0.000 0.000 0.000 0.000 0.000 0.000 0.000 0.000 0.000 0.000 0.000 0.000 0.000 0.000 0.000 0.000 0.000 0.000 0.000 0.000 0.000 0.000
3.926 3.926 3.813 3.794 3.816 3.852 3.897 3.757 3.716 3.761 3.630 3.615 3.576 3.669 3.519 3.573 3.506 3.548 3.559 3.429 3.474 3.463 3.339 3.353 3.342 3.280 3.348 3.291 3.218 3.128 3.133 3.062 2.847 2.391 1.985 1.983 1.403 1.219 1.370 1.358 1.604 1.479 1.223 1.016 0.828 0.726 0.895 0.788 0.459 0.085 0.000 0.000 0.000 0.000 0.000 0.000 0.000 0.000 0.000 0.000 0.000 0.000 0.000 0.000 0.000 0.000 0.000 0.000 0.000 0.000 0.000 0.000 0.000 0.000 0.000 0.000 0.000
3.921 3.865 3.814 3.846 3.864 3.899 3.915 3.737 3.717 3.646 3.693 3.591 3.635 3.618 3.515 3.487 3.541 3.452 3.457 3.557 3.496 3.394 3.367 3.345 3.304 3.350 3.279 3.380 3.226 3.158 3.151 3.078 2.948 2.318 2.010 1.983 1.862 1.400 1.517 1.482 1.700 1.454 1.328 1.132 1.095 0.917 0.959 0.818 0.670 0.348 0.080 0.000 0.000 0.000 0.000 0.000 0.000 0.000 0.000 0.000 0.000 0.000 0.000 0.000 0.000 0.000 0.000 0.000 0.000 0.000 0.000 0.000 0.000 0.000 0.000 0.000 0.000
3.889 3.882 3.870 3.882 3.888 3.843 3.769 3.687 3.702 3.676 3.655 3.647 3.625 3.598 3.566 3.542 3.499 3.484 3.446 3.466 3.377 3.351 3.398 3.357 3.280 3.324 3.272 3.322 3.221 3.127 3.118 3.185 3.115 2.861 2.558 1.984 1.622 1.442 1.548 1.573 1.691 1.453 1.300 1.011 0.804 1.382 0.890 1.010 0.661 0.532 0.466 0.391 0.000 0.000 0.000 0.000 0.000 0.000 0.000 0.000 0.000 0.000 0.000 0.000 0.000 0.000 0.000 0.000 0.000 0.000 0.000 0.000 0.000 0.000 0.000 0.000 0.000
3.864 3.922 3.938 3.901 3.835 3.855 3.784 3.715 3.740 3.653 3.615 3.619 3.500 3.570 3.534 3.472 3.568 3.437 3.519 3.380 3.355 3.356 3.389 3.399 3.297 3.294 3.296 3.225 3.130 3.167 3.161 3.263 3.145 3.046 2.861 1.984 1.800 1.629 1.535 1.569 1.632 1.375 0.954 0.757 0.719 1.375 1.240 1.149 1.127 0.662 0.482 0.579 0.333 0.005 0.000 0.000 0.000 0.000 0.000 0.000 0.000 0.000 0.000 0.000 0.000 0.000 0.000 0.000 0.000 0.000 0.000 0.000 0.000 0.000 0.000 0.000 0.000
3.960 3.932 3.888 3.893 3.813 3.770 3.806 3.729 3.646 3.706 3.695 3.593 3.540 3.549 3.539 3.495 3.446 3.450 3.444 3.493 3.412 3.386 3.314 3.315 3.312 3.305 3.183 3.226 3.171 3.177 3.296 3.229 3.221 3.111 2.905 1.984 1.982 1.752 1.592 1.587 1.538 1.307 0.820 0.559 1.138 1.059 1.018 1.440 0.999 1.073 0.821 0.542 0.479 0.426 0.173 0.026 0.000 0.000 0.000 0.000 0.000 0.000 0.090 0.080 0.000 0.000 0.000 0.000 0.000 0.000 0.000 0.000 0.000 0.000 0.000 0.000 0.000
3.906 3.919 3.904 3.877 3.703 3.759 3.747 3.657 3.639 3.639 3.682 3.553 3.569 3.529 3.542 3.466 3.522 3.518 3.507 3.410 3.455 3.316 3.367 3.311 3.297 3.215 3.174 3.197 3.274 3.277 3.239 3.185 3.166 3.125 2.877 2.938 1.982 1.979 1.443 1.539 1.385 1.093 0.643 1.049 1.257 0.937 1.243 0.934 1.347 1.246 1.150 1.134 0.736 0.480 0.317 0.155 0.442 0.235 0.482 0.392 0.365 0.368 0.393 0.327 0.226 0.133 0.000 0.000 0.000 0.000 0.000 0.000 0.000 0.000 0.000 0.000 0.000
3.963 3.887 3.844 3.821 3.782 3.733 3.634 3.684 3.639 3.659 3.565 3.573 3.513 3.488 3.528 3.518 3.419 3.484 3.447 3.375 3.410 3.385 3.276 3.318 3.231 3.181 3.146 3.243 3.221 3.382 3.154 3.205 3.223 3.084 2.736 2.917 2.847 1.980 1.678 1.388 1.157 0.374 1.402 1.098 1.006 1.065 1.389 1.261 1.021 1.005 1.166 0.817 1.017 0.934 0.523 0.631 0.681 0.772 0.800 0.746 0.545 0.684 0.777 0.717 0.540 0.287 0.382 0.181 0.097 0.000 0.000 0.000 0.000 0.000 0.000 0.000 0.000
3.963 3.933 3.867 3.816 3.750 3.642 3.710 3.660 3.641 3.649 3.642 3.608 3.586 3.555 3.496 3.533 3.505 3.434 3.488 3.410 3.430 3.396 3.332 3.252 3.206 3.234 3.232 3.271 3.391 3.242 3.268 3.273 3.164 3.105 2.771 2.934 2.851 1.980 1.738 1.443 0.805 0.790 0.246 0.841 1.028 1.158 1.050 1.094 1.491 1.325 0.925 0.404 0.583 1.156 0.955 0.968 0.879 0.675 0.912 0.922 0.943 0.775 0.797 1.056 0.954 0.705 0.697 0.322 0.266 0.217 0.007 0.000 0.000 0.000 0.000 0.000 0.000
3.949 3.869 3.810 3.832 3.718 3.683 3.702 3.647 3.673 3.624 3.618 3.542 3.561 3.552 3.469 3.440 3.413 3.482 3.413 3.441 3.370 3.422 3.244 3.262 3.266 3.316 3.312 3.383 3.280 3.256 3.300 3.224 3.217 3.179 3.039 2.956 2.905 1.981 1.629 1.480 0.634 0.647 0.753 0.686 0.994 1.191 0.606 0.810 0.805 0.988 0.746 1.420 1.423 0.843 0.394 1.078 1.048 0.876 0.919 1.071 1.123 1.119 1.069 1.038 1.217 1.211 1.169 0.838 0.568 0.358 0.150 0.067 0.000 0.000 0.000 0.000 0.000
3.856 3.874 3.849 3.717 3.775 3.732 3.713 3.715 3.701 3.573 3.541 3.576 3.542 3.507 3.497 3.421 3.440 3.404 3.431 3.340 3.343 3.295 3.286 3.236 3.236 3.318 3.416 3.253 3.271 3.310 3.181 3.198 3.085 3.164 3.102 2.892 2.843 1.981 1.737 1.357 0.781 0.592 0.608 0.904 1.015 0.978 1.133 1.189 0.765 1.097 0.653 0.738 0.828 1.388 1.143 0.749 0.919 0.878 0.845 0.940 0.955 1.029 0.962 0.935 1.154 1.111 1.204 1.212 1.007 0.847 0.647 0.260 0.002 0.000 0.000 0.000 0.000
3.828 3.839 3.761 3.726 3.672 3.688 3.648 3.723 3.617 3.652 3.563 3.571 3.542 3.529 3.465 3.557 3.470 3.400 3.491 3.392 3.377 3.303 3.298 3.339 3.336 3.365 3.279 3.290 3.296 3.183 3.248 3.134 3.135 3.086 3.009 2.960 2.833 1.981 1.577 1.425 0.759 0.071 0.688 0.602 0.913 1.009 0.710 0.961 1.257 1.127 1.140 0.935 0.993 0.817 0.965 0.949 0.897 1.108 0.964 0.900 0.914 0.959 0.993 1.104 1.093 1.130 1.148 1.081 1.021 1.129 1.087 0.956 0.714 0.248 0.000 0.000 0.000
3.827 3.790 3.733 3.752 3.742 3.662 3.669 3.638 3.655 3.586 3.556 3.579 3.557 3.530 3.502 3.465 3.424 3.489 3.414 3.353 3.313 3.336 3.375 3.362 3.311 3.366 3.312 3.331 3.249 3.219 3.207 3.130 3.049 3.050 2.900 2.911 2.778 1.980 1.764 1.503 0.739 0.879 0.812 1.048 0.748 0.912 1.284 0.874 0.841 1.263 1.249 0.872 0.834 0.768 0.667 0.747 0.899 0.944 1.057 1.015 0.863 1.040 1.250 0.909 0.930 1.102 1.143 1.101 1.185 1.130 1.211 1.099 1.164 1.115 0.941 0.360 0.000
3.749 3.742 3.748 3.761 3.753 3.721 3.634 3.627 3.618 3.607 3.544 3.554 3.512 3.490 3.502 3.454 3.448 3.473 3.396 3.335 3.302 3.382 3.384 3.349 3.310 3.341 3.282 3.316 3.191 3.193 3.223 3.141 3.038 2.990 3.029 2.939 2.746 1.980 1.717 1.526 0.649 1.369 0.721 1.059 0.667 0.884 1.002 1.201 0.971 1.179 1.220 1.025 1.195 0.828 0.694 0.928 0.782 0.905 0.859 1.025 1.053 1.186 1.115 1.072 1.025 1.057 1.069 1.267 1.221 1.186 1.135 1.196 1.207 1.233 1.147 1.144 1.018
3.825 3.784 3.751 3.736 3.696 3.633 3.681 3.651 3.649 3.601 3.598 3.526 3.466 3.497 3.490 3.459 3.404 3.468 3.333 3.337 3.403 3.385 3.426 3.368 3.331 3.319 3.266 3.206 3.145 3.204 3.166 3.069 3.020 2.969 2.959 2.945 2.537 1.979 1.962 0.763 1.122 1.282 1.408 1.351 0.545 0.734 1.135 1.107 1.026 1.208 0.915 0.747 0.924 1.223 0.709 0.868 0.827 0.871 0.911 0.968 1.150 1.026 1.068 1.077 1.079 0.982 1.137 1.155 1.135 1.152 1.077 1.161 1.281 1.108 1.141 1.308 1.237
