includes/estuary_coast/floodfiles/results/res.totaltm
ncols         730
nrows         472
xllcorner     380617.130607059982140
yllcorner     6542069.774948899634182
cellsize      20.000000000000000
NODATA_value  -9999.000000
[rows 306 to 339 of 472, columns 76 to 151 of 730]
55.076 47.313 48.025 55.553 43.562 43.496 44.656 55.553 55.553 55.553 45.947 55.553 44.707 55.553 55.553 48.190 48.916 45.620 55.553 52.390 44.550 54.437 55.553 53.819 45.570 45.070 44.632 44.315 52.439 55.553 43.596 41.748 55.553 55.553 55.553 52.825 50.424 53.038 55.553 55.553 55.553 55.553 54.972 51.124 46.558 35.986 40.289 55.553 37.114 36.614 35.769 31.612 53.534 52.639 47.815 53.121 53.040 45.219 51.971 43.476 28.781 44.206 44.145 43.763 40.721 44.030 34.557 34.536 35.542 43.853 43.811 43.762 26.426 43.645 32.221 36.059
55.553 54.654 44.031 55.553 47.290 43.322 42.562 43.467 55.553 55.553 44.018 55.553 44.477 48.618 55.553 55.553 48.433 45.509 55.553 45.602 45.895 47.073 55.553 55.553 44.743 44.650 43.669 55.553 53.769 42.312 47.160 55.553 41.655 55.553 55.553 55.553 53.006 54.433 55.356 41.141 42.269 55.553 48.884 49.876 47.769 48.156 45.905 40.556 43.303 44.367 43.285 42.833 33.318 55.080 43.843 28.553 31.171 52.160 44.359 28.238 30.708 44.187 36.592 35.546 44.051 33.559 33.111 33.458 37.085 43.826 43.805 43.762 43.744 28.096 30.896 43.581
44.764 55.553 55.553 55.553 55.553 55.553 47.199 47.935 55.553 47.458 43.864 51.523 51.127 50.649 55.553 55.553 55.553 43.925 55.553 55.553 43.729 47.528 48.388 55.553 55.553 46.833 46.446 52.144 50.549 55.553 46.765 42.201 42.103 43.506 55.553 55.553 55.446 48.237 40.593 39.174 39.737 40.379 39.377 38.419 39.035 48.064 45.871 44.893 44.713 38.104 38.985 34.093 31.911 50.566 55.553 53.535 40.485 43.073 41.824 43.143 44.267 34.941 30.312 33.982 26.769 31.009 30.904 43.886 39.024 39.553 33.378 27.254 43.722 29.479 30.072 43.600
41.659 44.018 55.553 55.553 47.889 55.553 55.553 44.960 42.835 42.159 42.956 55.553 47.088 51.108 44.134 55.553 55.553 55.553 52.355 50.784 55.553 49.889 44.838 50.018 55.553 55.553 55.553 44.082 42.207 55.553 55.553 43.016 42.170 43.509 41.743 55.553 55.553 55.553 45.254 41.155 40.587 39.925 40.575 55.553 39.811 36.142 42.643 37.396 35.942 55.553 43.480 41.192 40.264 40.123 55.553 53.723 53.503 33.883 44.347 33.986 40.755 36.115 37.223 44.085 31.907 43.627 42.755 43.881 43.863 26.158 43.750 32.387 43.704 43.672 40.065 42.153
55.553 55.553 55.553 55.553 55.553 44.339 55.553 55.553 46.144 46.261 46.101 55.553 47.154 45.298 53.429 55.553 55.553 55.329 48.487 48.520 48.304 55.553 44.942 55.553 45.009 55.553 55.553 55.553 55.553 41.468 40.995 40.106 42.673 39.767 40.233 45.357 55.553 55.553 44.426 46.044 39.948 54.778 55.471 37.869 46.241 45.404 46.400 48.039 47.329 44.875 55.553 53.426 54.490 55.553 50.929 53.839 48.677 39.409 41.920 44.312 38.360 28.707 28.480 34.196 43.997 43.937 42.976 36.275 27.326 43.777 31.356 27.931 25.143 43.642 43.629 36.108
55.553 43.812 44.108 43.540 55.553 55.553 55.553 46.619 55.553 41.227 46.723 49.394 51.788 41.678 55.553 49.179 55.553 55.553 46.889 55.553 44.600 42.460 55.553 44.371 55.553 55.553 46.455 55.553 50.049 55.553 42.850 42.723 39.959 42.209 40.114 43.504 45.248 55.553 55.553 55.553 55.553 55.553 53.718 55.553 55.418 55.553 43.721 45.937 40.432 39.261 55.553 49.159 52.352 54.558 55.553 32.330 53.170 53.019 44.346 44.318 44.177 44.091 44.045 44.017 43.977 30.859 30.540 27.861 43.794 43.641 43.269 43.715 43.682 28.915 43.610 43.592
55.553 47.591 48.265 48.452 41.519 42.220 55.553 55.553 55.553 42.320 41.940 55.553 44.974 40.567 42.279 43.377 45.386 55.553 44.647 48.321 42.487 41.960 43.524 44.483 41.747 50.875 55.553 55.553 55.553 55.553 55.553 55.553 41.605 43.032 41.416 43.155 40.690 44.511 55.553 55.553 55.553 47.045 52.221 37.892 37.053 55.425 54.568 55.223 54.304 54.748 54.612 37.873 55.553 35.139 31.731 55.553 32.509 47.112 44.355 43.859 43.757 43.219 44.041 44.014 43.990 43.938 29.943 30.262 29.885 43.623 28.329 43.710 43.692 29.181 32.544 43.579
55.553 53.477 45.255 46.450 55.553 42.418 43.567 46.288 55.553 55.553 40.284 55.323 55.553 55.553 39.362 41.472 45.300 55.553 55.553 55.553 55.553 43.645 55.553 42.665 55.553 53.417 50.108 55.553 55.553 55.553 43.574 55.553 55.553 55.553 43.397 43.350 39.858 42.337 47.817 55.553 44.899 55.553 53.672 48.260 55.553 48.864 38.698 36.296 55.553 53.368 55.553 37.078 55.553 44.047 43.695 35.018 29.061 31.242 30.003 29.752 30.365 30.360 44.023 44.010 43.965 43.932 43.897 43.875 43.856 43.815 28.567 27.930 43.685 29.840 27.669 35.417
46.741 55.553 47.755 55.553 46.579 48.662 42.615 47.521 55.553 54.521 55.553 41.098 55.553 55.553 41.162 41.060 55.553 47.674 52.630 55.553 55.553 41.374 40.617 55.553 53.649 43.293 45.363 43.395 45.810 55.553 55.553 40.402 42.881 55.553 55.553 45.928 38.305 40.919 42.076 55.553 55.553 55.553 46.645 47.758 48.610 53.054 55.553 54.996 55.521 38.091 54.094 52.737 54.506 44.294 36.628 53.479 34.587 29.686 28.492 29.010 44.171 30.533 28.843 44.024 44.005 43.344 27.950 43.868 43.848 40.584 36.235 28.702 25.268 35.352 36.166 35.494
55.553 55.553 46.052 42.983 46.147 45.974 55.553 47.713 55.553 55.553 55.553 43.126 41.680 41.195 39.951 40.206 40.211 55.553 44.577 55.553 55.553 42.137 47.122 55.553 55.553 45.266 41.532 42.042 42.210 55.553 55.553 55.553 39.669 55.553 55.553 41.973 52.825 41.740 43.636 55.553 42.266 55.553 55.553 52.899 55.553 48.007 38.950 39.054 52.658 55.553 54.350 55.553 35.269 37.229 45.916 37.513 33.065 37.455 44.346 32.701 33.364 32.122 30.575 44.060 27.687 28.746 43.946 35.581 26.213 43.785 39.139 43.725 43.676 37.044 28.316 24.865
44.152 55.553 55.553 42.094 55.553 42.060 44.329 48.807 55.541 55.553 54.600 55.553 55.553 42.163 40.161 55.553 55.553 45.550 42.923 43.933 55.553 55.553 43.779 50.563 40.476 55.553 40.836 40.678 41.135 42.770 41.711 55.553 43.972 42.136 55.553 55.553 55.553 43.480 55.553 55.553 55.553 43.077 55.553 55.553 40.414 55.553 50.558 53.303 54.828 54.428 50.555 52.121 55.553 55.553 52.622 29.215 44.395 44.376 28.899 44.254 32.607 29.225 44.144 44.097 39.187 39.797 37.467 27.118 25.970 39.500 43.727 34.526 26.065 28.997 27.439 43.553
47.267 53.896 55.553 44.917 41.947 45.976 43.240 42.840 48.719 55.553 55.553 49.358 55.553 55.553 40.446 39.677 38.737 55.553 39.103 41.112 55.553 55.553 55.553 48.887 45.414 43.594 40.639 40.941 38.710 41.216 55.553 55.553 42.131 55.553 45.140 55.553 55.553 43.486 55.553 55.553 55.553 55.553 55.553 55.553 52.163 55.553 44.050 55.553 54.315 54.415 52.862 52.428 31.622 55.553 48.329 44.447 44.425 44.348 44.323 44.274 44.239 44.216 44.157 39.757 27.082 37.826 26.570 43.850 27.901 26.394 27.933 43.696 26.013 43.628 27.311 26.344
45.447 54.240 55.553 45.356 41.984 50.916 55.553 55.553 40.160 55.553 55.553 55.553 45.741 55.553 55.553 39.679 43.512 42.659 55.553 39.503 55.553 54.962 55.553 49.702 41.582 41.819 55.553 55.553 40.100 40.636 54.933 55.403 42.549 55.553 55.553 50.216 55.553 55.553 55.553 55.553 40.991 55.553 55.553 55.553 55.553 55.553 55.553 55.553 54.560 51.002 51.913 53.534 51.158 49.947 47.309 47.405 31.578 44.352 44.297 44.270 44.245 31.585 43.049 32.124 40.365 31.464 43.903 43.851 27.960 27.970 27.589 31.459 38.865 43.652 28.977 25.879
43.689 55.553 55.553 55.553 49.333 50.217 42.269 52.007 43.112 40.958 55.553 55.553 55.553 40.963 55.553 55.553 42.755 39.743 41.332 55.553 42.033 55.045 55.553 55.553 50.402 55.553 39.190 55.553 54.841 55.553 55.553 43.835 43.357 55.553 45.318 55.553 49.186 55.553 55.553 47.600 40.347 55.553 43.431 55.553 55.553 55.553 38.648 48.297 39.783 52.953 50.458 47.396 50.743 50.501 39.210 45.078 44.410 44.388 28.953 31.253 44.224 34.697 40.155 44.081 38.478 43.986 26.156 29.084 28.665 43.800 43.781 43.759 25.669 25.578 43.660 43.633
55.553 45.203 49.352 55.553 48.654 49.404 41.261 42.669 55.553 55.553 41.416 55.553 55.553 55.553 44.366 55.553 42.136 55.553 38.965 49.326 55.553 55.553 54.378 49.128 39.078 50.747 55.553 40.911 54.204 43.111 53.410 38.971 39.816 44.996 48.050 41.911 51.400 55.553 55.553 55.553 55.553 55.553 55.553 55.553 55.553 55.553 55.500 39.498 36.978 55.553 52.287 44.291 41.945 39.354 48.861 42.430 46.117 33.322 44.311 44.286 29.918 35.253 28.500 27.817 44.025 43.979 43.945 32.173 43.858 43.835 32.479 43.772 43.718 43.704 43.676 25.393
45.455 55.553 47.570 55.553 55.553 42.272 55.553 55.553 55.553 55.553 55.553 53.032 52.112 55.553 54.761 55.553 55.553 55.553 44.676 39.884 55.535 55.388 55.553 55.553 39.053 40.058 43.314 55.553 50.975 40.710 53.951 38.529 45.865 44.620 43.493 44.293 44.066 42.088 45.259 55.553 55.553 55.553 37.493 55.027 55.553 55.553 54.604 55.530 55.553 53.475 41.107 40.952 42.552 44.542 55.553 45.705 46.596 52.463 28.723 31.901 27.764 33.595 27.262 44.105 44.049 31.487 43.936 43.912 43.880 43.854 43.813 43.789 43.773 30.598 43.673 43.625
55.553 46.173 55.553 55.553 55.553 55.553 55.079 55.553 55.218 55.553 55.553 55.553 55.553 55.553 55.553 43.548 55.553 55.553 55.553 50.449 46.187 55.553 41.619 55.553 55.553 55.553 55.553 55.553 42.015 52.529 53.668 49.887 43.357 38.934 41.569 41.283 55.553 55.553 55.553 55.553 55.553 41.462 38.824 55.553 46.104 46.543 42.162 55.553 47.479 48.851 53.382 35.231 55.553 46.549 49.634 40.319 55.553 48.113 28.923 28.567 44.260 44.180 44.156 44.120 42.077 44.002 43.968 43.949 33.183 43.856 31.051 43.795 43.776 43.749 31.370 43.660
55.553 55.553 46.402 55.553 55.553 55.553 55.032 55.553 43.516 42.950 44.552 43.073 55.553 55.553 55.553 55.553 41.715 40.445 51.743 54.864 39.135 39.825 38.873 55.553 55.553 55.553 41.614 38.096 44.761 46.185 40.532 55.553 48.147 42.636 40.957 38.612 55.553 55.553 55.553 55.553 55.553 41.472 41.518 55.553 55.553 40.809 55.553 53.579 55.364 55.553 50.710 51.256 52.309 55.553 55.553 49.562 37.734 52.776 52.631 44.336 44.280 41.780 44.167 44.121 44.085 44.044 44.011 43.958 43.938 43.870 43.849 43.723 27.246 43.729 43.709 43.691
55.553 47.909 47.858 52.788 55.553 55.553 55.553 55.553 48.292 55.553 55.553 44.771 41.770 55.553 55.553 55.553 55.553 55.553 40.839 51.938 53.354 55.553 40.512 55.553 55.553 44.744 55.553 41.276 55.553 39.102 55.553 38.544 43.726 55.553 55.553 55.553 55.553 47.405 47.535 43.412 55.553 55.553 38.748 55.553 55.553 55.553 55.553 55.553 52.518 53.088 53.449 55.553 50.092 38.095 37.878 34.359 50.560 49.283 43.953 44.338 44.276 44.236 44.177 44.130 29.599 44.038 37.465 36.144 43.941 43.912 43.865 43.850 43.810 27.153 30.868 43.710
55.553 50.607 44.162 55.553 45.444 55.553 55.553 43.914 42.964 42.682 42.657 41.899 43.957 46.842 55.553 55.553 43.278 55.553 38.973 39.907 55.553 42.202 55.553 38.439 55.553 55.553 41.078 55.553 39.570 55.553 38.734 38.440 55.553 55.553 39.079 39.714 55.553 38.499 43.583 44.192 42.343 55.553 55.553 55.553 55.553 55.553 54.539 55.553 45.440 45.875 44.424 53.934 53.348 55.553 55.553 49.170 55.553 47.483 44.360 44.339 28.608 44.212 44.180 44.143 44.098 44.080 27.331 26.659 43.965 43.934 43.915 26.549 43.812 43.810 43.765 43.744
55.553 55.553 55.553 54.829 45.254 49.057 55.553 55.553 43.996 55.553 49.467 55.553 55.553 49.302 49.194 55.553 55.553 55.553 51.472 39.181 55.553 41.210 39.380 55.553 48.016 55.553 41.746 39.990 39.186 55.553 55.553 43.823 55.553 55.553 55.553 38.425 38.585 40.026 50.760 43.780 40.250 55.553 39.912 55.553 55.553 48.871 37.556 54.347 53.571 48.130 55.553 52.111 55.553 47.956 49.532 49.849 39.035 48.259 55.553 44.323 44.300 44.237 44.211 44.188 44.141 27.518 28.697 43.954 43.994 28.251 33.292 29.298 29.280 36.770 25.617 43.625
50.326 45.286 55.553 49.304 45.412 46.286 55.553 55.553 55.553 55.244 55.553 41.461 44.151 40.342 55.553 54.368 53.432 55.553 41.799 42.242 38.733 42.734 38.948 40.627 55.553 38.040 37.897 55.553 55.302 55.553 55.553 55.553 55.553 55.553 54.508 50.360 38.942 40.721 38.741 43.428 38.729 55.553 39.862 55.553 55.553 55.553 55.553 54.698 53.055 51.775 55.553 55.553 38.534 55.553 48.727 41.311 49.631 49.534 45.700 44.346 44.291 44.250 44.224 27.979 27.284 32.084 44.063 44.035 44.018 32.237 42.592 41.784 37.440 37.267 28.095 43.771
45.006 43.915 55.553 48.653 45.843 41.400 46.616 45.763 55.553 55.553 55.140 46.064 42.413 44.848 43.139 41.205 55.553 55.553 40.105 38.801 55.553 38.804 38.407 39.740 44.677 55.553 38.662 55.553 55.553 54.717 37.555 55.553 55.553 39.894 38.282 55.553 37.498 38.889 37.207 42.094 55.553 55.553 48.973 55.553 55.553 55.553 55.553 53.537 55.213 55.553 55.553 53.506 52.939 52.336 50.895 50.735 51.933 48.988 43.642 41.258 34.393 30.880 31.695 31.697 44.134 39.828 44.101 44.044 44.024 44.008 43.993 37.137 26.313 26.469 43.814 42.529
41.300 43.852 55.553 54.386 55.553 55.553 45.664 44.107 55.553 45.287 55.553 45.930 55.553 55.553 39.337 44.277 55.553 55.553 55.553 55.553 55.553 55.553 38.914 55.553 39.000 37.950 55.553 55.553 55.553 37.977 55.553 43.072 55.553 39.093 55.553 55.553 55.553 37.524 55.553 55.553 50.511 51.750 50.670 55.553 41.269 55.553 54.956 55.535 55.553 55.553 55.553 53.586 51.671 38.948 55.553 36.662 52.099 49.117 49.949 49.708 39.541 33.913 31.662 31.960 29.563 44.134 44.115 44.102 28.091 38.176 32.535 43.847 43.900 43.479 43.836 41.684
46.374 45.016 55.553 55.553 55.520 55.553 55.553 42.677 55.553 55.553 55.553 55.553 55.553 55.553 55.553 53.533 41.460 55.553 43.330 46.087 53.900 52.424 55.553 55.553 42.219 40.195 55.553 38.372 55.553 55.553 37.141 55.553 42.474 36.550 37.265 44.505 43.643 55.553 55.553 37.535 47.843 48.974 39.014 55.553 55.553 55.553 54.819 55.553 52.225 52.384 55.553 54.706 55.553 55.553 55.553 55.512 54.715 55.553 49.004 50.037 53.390 35.056 32.552 44.245 44.214 44.198 44.153 44.096 44.093 43.940 44.012 43.779 33.313 36.631 27.933 29.419
42.668 41.949 45.557 48.062 45.145 54.088 55.553 44.249 55.553 42.159 41.334 55.553 40.153 39.247 40.520 51.480 54.932 54.666 55.553 55.553 43.778 41.631 42.317 55.553 55.553 55.553 37.965 55.553 55.553 38.103 55.553 41.045 44.132 55.553 55.553 36.422 55.553 37.760 55.553 55.553 39.238 38.540 38.975 55.553 54.687 48.178 45.396 52.833 50.925 38.131 54.859 55.553 35.419 55.553 55.553 55.553 34.631 55.553 39.614 53.426 46.843 46.573 44.290 44.262 28.918 34.774 35.144 27.550 32.092 27.291 34.822 26.742 37.714 34.959 27.879 43.824
41.670 45.908 55.553 42.020 42.665 53.784 55.553 55.553 55.489 55.553 55.553 54.898 55.553 55.553 55.553 38.863 44.693 42.110 55.553 55.553 46.203 46.764 38.797 51.219 55.553 55.553 39.784 40.219 37.193 36.646 55.553 38.516 37.275 36.942 38.322 55.553 55.553 37.699 45.845 38.319 36.739 38.498 38.800 55.553 55.553 55.553 55.553 55.032 55.553 36.995 55.553 37.320 55.553 43.843 37.104 49.931 37.056 35.449 55.553 35.937 50.359 55.553 45.858 44.817 52.001 44.232 28.571 41.735 44.104 30.935 44.010 43.988 43.954 38.623 43.882 43.836
45.292 41.249 41.510 55.553 40.129 55.553 43.101 55.553 42.483 43.354 42.134 39.276 55.477 54.859 55.553 55.553 37.675 44.997 41.547 45.037 38.647 55.553 42.488 55.553 55.553 38.981 48.886 39.039 38.486 55.553 45.643 55.553 55.553 55.553 49.238 37.354 36.619 37.112 55.553 36.112 36.489 38.437 38.151 55.553 55.553 53.106 38.665 55.553 54.765 55.553 55.553 45.707 45.379 55.553 36.939 50.048 36.571 45.457 51.279 46.781 46.246 53.165 46.539 28.312 51.921 44.211 44.192 44.097 42.112 27.265 43.992 42.239 36.359 43.903 43.879 26.988
48.210 41.674 45.536 40.848 44.956 43.667 55.553 46.213 44.029 41.744 39.907 39.928 41.116 39.782 43.466 55.553 55.553 38.199 55.553 55.553 55.553 39.805 55.553 55.553 55.113 55.553 55.553 55.553 54.795 51.115 55.553 55.553 38.272 55.553 55.553 55.553 54.967 55.553 43.665 55.553 39.879 36.504 48.983 55.553 55.553 55.553 55.553 37.682 38.922 36.932 38.359 37.734 36.539 49.465 55.553 50.610 49.466 55.553 55.553 48.453 32.851 55.553 37.506 28.958 45.148 44.219 38.323 43.743 43.317 44.048 44.027 36.846 37.272 43.931 26.478 28.185
55.553 55.553 43.470 41.595 41.552 40.115 44.512 41.475 41.660 41.194 42.588 43.021 38.203 53.623 55.553 38.345 55.553 55.464 55.553 42.533 55.553 55.553 55.553 43.450 38.488 55.553 37.800 42.276 42.617 39.785 55.553 36.462 40.376 40.249 39.808 55.553 35.952 38.831 39.179 55.553 35.619 38.588 55.553 41.689 50.470 53.400 55.553 55.553 55.553 41.832 42.411 38.445 55.553 53.705 53.222 51.067 46.430 39.752 52.507 34.652 53.587 52.757 28.924 52.745 45.052 28.060 31.465 28.293 44.101 31.909 44.031 39.187 31.191 43.944 43.928 43.039
44.136 55.553 55.553 55.553 55.553 48.557 55.553 55.553 44.011 43.963 46.148 39.855 39.330 55.553 40.428 55.553 54.832 55.553 40.561 55.553 55.553 49.563 37.932 36.480 55.553 36.863 39.956 47.304 42.312 55.553 55.553 43.529 55.553 36.179 39.815 40.028 36.502 38.819 36.740 37.920 55.553 55.553 44.806 55.553 55.553 54.717 55.553 51.497 36.374 55.553 50.153 49.528 55.553 49.912 55.553 37.947 54.964 54.333 55.553 49.200 48.056 54.002 49.001 47.875 52.713 29.553 27.917 44.154 44.134 31.962 30.279 28.230 43.999 43.985 27.143 43.907
52.834 44.498 55.553 55.553 55.553 55.553 55.553 55.553 52.884 55.553 55.494 54.740 54.360 53.547 55.553 53.896 55.553 38.584 40.962 55.553 39.033 37.234 55.553 55.553 40.848 40.462 42.566 55.553 41.812 42.443 55.553 55.553 38.360 38.079 37.648 55.553 37.831 36.782 36.980 55.553 38.945 38.748 39.589 46.637 55.553 39.133 55.553 55.421 54.100 55.283 55.553 55.553 54.850 53.242 40.234 52.003 55.553 55.553 55.553 55.553 53.353 54.191 33.214 33.342 29.223 28.457 45.938 44.170 31.402 31.280 32.099 28.820 44.026 28.516 27.804 43.924
55.553 55.553 55.553 55.553 55.553 42.708 55.553 55.553 55.553 42.449 43.990 39.237 48.133 51.123 39.111 48.758 38.697 55.553 55.553 55.553 41.483 40.090 38.735 44.024 47.402 40.629 39.405 55.553 42.803 37.314 55.553 55.553 40.390 39.260 37.012 37.044 55.553 45.091 47.896 42.345 55.553 37.408 37.910 55.553 55.553 38.058 55.553 54.662 55.553 55.553 55.553 52.500 55.553 54.932 55.553 55.553 50.956 55.553 51.571 33.325 36.819 37.055 29.585 29.872 30.232 52.237 52.160 28.078 30.899 36.519 31.268 30.110 44.040 44.012 43.983 43.969
43.293 43.075 55.553 55.553 44.842 42.528 55.553 55.397 54.610 54.896 55.553 55.553 49.964 42.382 44.080 55.553 55.553 55.553 45.139 39.161 48.400 55.553 55.553 55.553 55.553 55.553 55.553 50.594 43.140 55.553 55.553 37.917 40.760 37.304 37.535 37.199 38.637 49.624 55.553 55.553 37.018 40.444 35.938 55.553 40.476 55.553 55.553 55.553 55.553 43.247 43.983 55.553 55.553 35.670 55.553 53.105 55.553 55.553 36.094 55.553 51.097 50.112 30.887 49.609 52.698 51.346 45.561 44.211 44.197 44.158 44.123 44.095 44.069 44.022 43.999 32.389
