includes/estuary_coast/floodfiles/results/res.dem
ncols         730
nrows         472
xllcorner     380617.130607
yllcorner     6542069.774949
cellsize      20.000000
NODATA_value  -9999.000000
[rows 231 to 263 of 472, columns 532 to 607 of 730]
3.046 3.124 3.150 3.650 3.342 3.452 3.442 4.484 3.118 3.259 3.334 3.118 3.039 3.141 3.336 3.514 4.216 4.759 5.340 5.866 6.493 6.894 7.317 8.173 8.488 8.630 8.656 8.651 8.673 8.798 7.835 8.840 8.180 7.573 7.329 7.011 6.874 7.138 7.261 7.697 7.714 7.829 8.247 8.212 8.087 7.958 8.324 8.379 9.677 11.771 10.686 10.858 11.236 11.888 12.454 13.998 14.457 16.087 15.831 16.200 18.020 18.052 18.320 18.756 19.117 19.020 18.981 17.147 16.963 17.056 17.948 17.485 16.926 16.622 16.110 15.448
3.081 3.161 3.620 3.194 3.498 3.321 4.280 3.259 3.123 3.263 3.276 3.033 3.020 3.113 3.366 3.433 3.844 4.501 5.102 5.647 6.243 6.308 7.144 7.986 8.020 8.529 8.480 7.960 7.981 8.101 7.681 7.816 7.289 6.643 6.422 6.388 6.249 6.249 6.405 7.394 7.617 7.420 7.551 7.619 7.834 7.800 8.028 8.115 8.366 11.810 11.199 10.879 11.196 11.626 12.088 12.431 13.866 15.713 15.673 16.374 17.962 17.929 18.382 18.855 18.901 18.728 18.886 16.895 17.083 16.894 17.616 17.288 17.136 16.384 15.265 14.975
3.312 3.779 3.471 3.559 3.327 3.573 4.084 3.214 3.259 3.363 3.463 3.493 3.225 3.169 3.372 3.786 3.831 4.246 4.678 5.140 5.596 5.964 6.841 7.398 7.707 7.808 7.587 7.564 7.337 7.225 6.738 6.932 6.630 6.387 6.082 5.715 5.637 5.675 5.870 7.258 7.334 7.825 7.809 8.096 8.133 7.856 8.101 8.155 8.210 8.726 11.765 11.643 11.185 11.493 12.147 12.264 12.840 15.475 15.319 16.476 17.851 17.797 17.941 18.740 19.081 18.726 18.902 16.766 16.946 16.937 17.329 17.354 16.886 16.223 15.799 15.030
3.208 3.096 3.199 3.009 3.335 4.606 3.177 3.218 3.388 3.385 3.606 3.364 3.417 3.487 3.353 3.808 3.652 3.912 4.196 4.677 4.997 5.183 6.091 7.334 7.506 7.831 7.780 7.973 7.842 8.040 5.771 5.618 5.521 5.717 5.869 5.732 5.130 5.230 5.621 7.183 7.165 7.317 7.743 8.061 7.906 8.018 8.136 8.411 8.123 8.360 9.346 11.358 12.102 11.604 11.895 12.308 13.150 15.286 15.240 16.104 16.710 17.687 17.869 18.597 18.875 18.812 19.009 16.869 17.100 16.870 17.131 17.048 16.617 16.347 15.759 16.084
3.146 3.136 3.204 3.037 3.978 4.136 3.357 3.371 3.207 3.473 3.259 3.228 3.276 3.195 3.215 3.634 3.829 3.540 3.743 4.020 4.206 4.400 4.446 6.606 7.413 7.600 7.813 7.705 7.465 7.720 5.259 5.398 5.029 5.142 5.291 5.392 5.458 5.335 5.857 6.976 7.041 7.119 7.131 7.023 7.348 7.578 7.704 7.757 7.908 8.155 8.340 10.419 11.417 12.140 12.136 12.521 12.964 15.104 15.525 15.729 16.598 17.650 17.852 18.539 19.007 18.833 18.989 16.907 17.067 16.797 16.673 16.757 16.496 16.368 15.885 15.342
3.361 3.446 3.373 3.523 4.679 3.530 3.723 4.464 3.264 3.219 3.171 3.282 3.243 3.236 3.181 3.174 3.554 3.657 3.539 3.627 3.781 3.735 3.749 4.570 6.114 5.584 5.432 4.989 4.709 4.670 4.929 4.995 4.952 5.372 5.420 5.404 5.538 5.440 5.875 7.174 7.114 6.694 6.583 6.500 6.728 6.889 7.106 7.352 7.497 7.864 8.616 8.787 10.602 11.786 12.578 13.155 13.170 13.995 15.095 16.170 16.968 17.561 17.834 18.524 18.610 18.660 18.988 16.961 16.887 16.905 16.314 15.998 15.912 16.027 15.865 15.295
3.891 3.929 3.881 4.061 4.037 3.629 3.984 3.649 3.627 3.204 3.211 3.194 3.172 3.212 3.185 3.183 3.152 3.433 3.369 3.379 3.553 3.594 3.527 3.505 3.558 3.523 4.029 4.213 4.656 4.718 4.805 4.896 5.271 5.581 5.577 5.741 5.688 5.850 5.919 7.208 7.423 6.978 6.860 6.591 6.583 6.842 7.112 7.342 7.759 7.684 8.396 8.669 9.695 10.621 11.983 13.439 13.823 14.483 15.631 16.023 17.005 17.307 17.612 18.692 18.644 18.644 18.588 17.537 16.578 16.283 15.595 15.555 15.219 15.294 14.682 14.246
4.384 3.470 4.021 4.723 4.351 5.866 4.294 3.559 3.569 3.510 3.227 3.207 3.145 3.129 3.110 3.115 3.192 3.194 3.192 3.292 3.435 3.507 3.464 3.378 3.415 3.553 4.047 4.477 4.623 4.793 4.900 5.078 5.687 5.688 5.746 6.189 6.058 6.114 6.354 7.289 7.466 7.625 7.289 7.018 6.629 7.882 7.823 7.910 8.014 8.053 8.254 9.315 9.736 10.493 10.433 11.261 13.968 14.923 15.743 15.824 15.939 17.252 17.749 18.403 18.523 18.507 18.555 17.902 16.513 15.270 14.991 14.530 14.679 14.335 13.996 13.592
4.136 4.120 4.354 4.309 4.761 5.188 4.940 3.703 3.424 3.371 3.949 3.309 3.224 3.180 3.196 3.229 3.274 3.242 3.279 3.261 3.334 3.381 3.273 3.447 4.401 4.550 4.313 4.886 5.042 5.196 5.705 5.542 5.553 5.715 6.214 6.523 6.551 6.911 6.616 7.466 7.788 7.702 7.358 7.575 6.890 7.263 7.523 7.676 8.126 8.286 8.349 9.249 9.529 10.638 11.161 11.209 10.523 15.041 15.707 15.655 15.733 17.018 17.521 17.777 18.095 18.222 18.308 17.699 15.211 15.086 14.599 14.223 14.020 13.901 13.385 13.312
4.313 4.785 4.758 4.676 8.696 4.448 4.390 4.629 3.907 3.625 3.383 3.804 3.627 3.263 3.259 3.331 3.276 3.396 3.270 3.362 3.442 3.344 3.857 4.412 4.428 4.800 4.569 4.871 4.985 5.419 5.333 5.805 6.019 6.022 6.654 6.782 7.126 8.265 7.073 7.734 8.095 8.160 8.073 7.825 7.295 7.542 8.077 8.035 8.116 8.545 8.968 9.325 10.419 11.315 11.728 12.404 12.088 9.529 13.966 15.580 15.764 16.758 17.068 17.522 17.730 18.065 17.958 15.761 14.868 14.753 14.609 13.827 13.406 13.214 12.703 12.683
4.874 4.466 4.953 6.369 5.535 4.422 4.494 4.391 4.629 3.872 3.529 3.488 3.793 3.699 3.314 3.311 4.318 3.853 3.527 3.708 3.567 4.055 4.706 4.720 4.683 5.133 5.365 5.685 5.576 5.703 5.666 6.100 6.180 6.263 6.633 7.437 7.808 8.007 7.617 8.022 8.777 8.609 8.933 8.279 7.627 7.787 8.097 8.595 8.554 8.700 9.207 10.025 10.522 11.359 11.516 13.143 13.706 13.040 9.458 13.931 16.358 16.490 16.943 17.241 17.409 17.602 17.432 15.893 14.872 14.796 14.531 13.715 13.071 12.794 12.089 11.232
5.325 4.703 5.517 8.962 4.499 4.574 4.532 4.533 4.344 4.320 3.873 3.981 3.632 3.600 3.710 4.722 5.005 4.799 4.799 3.998 4.354 4.657 4.570 5.081 5.513 5.735 5.844 6.011 5.898 6.489 6.358 7.002 7.133 7.521 8.040 8.615 8.730 8.583 8.375 8.708 9.013 9.304 9.002 8.831 9.902 9.865 9.963 10.294 9.221 8.678 9.253 11.014 11.169 11.651 12.749 12.927 13.248 14.215 13.490 10.191 11.815 16.113 16.735 16.877 16.915 16.986 16.956 16.652 16.041 15.328 14.656 13.765 12.988 12.517 11.554 10.864
4.357 4.483 6.309 5.025 4.399 4.402 4.639 4.492 4.087 4.146 4.113 3.953 3.907 3.603 4.069 4.933 4.966 4.963 4.815 4.442 4.468 5.123 5.134 5.402 6.130 6.452 6.626 6.536 6.807 7.582 7.180 7.454 7.655 8.686 8.997 9.339 9.841 9.470 10.101 9.815 9.652 9.798 9.404 9.337 9.738 9.959 10.082 10.438 9.854 9.397 9.410 11.514 12.052 12.150 12.868 13.668 13.755 14.055 14.725 14.859 11.915 9.728 15.076 16.513 16.744 16.898 16.870 16.504 16.286 15.148 14.280 12.928 12.622 11.883 11.136 10.404
4.793 5.402 8.684 4.420 4.431 4.460 4.315 4.320 4.222 4.110 4.034 4.112 4.160 4.238 4.854 5.080 5.176 5.139 5.040 4.579 4.791 5.230 5.778 6.160 6.880 6.844 7.155 7.133 7.668 8.032 7.926 8.262 9.524 9.446 9.470 9.483 9.651 9.851 10.069 10.167 10.432 10.644 10.759 10.670 10.736 10.423 10.473 10.391 10.411 10.380 12.420 11.954 12.424 12.713 12.980 13.753 13.922 14.304 14.797 15.175 15.322 13.118 8.281 13.767 16.353 16.351 16.328 16.305 15.110 14.803 13.951 12.943 12.170 12.006 10.980 9.903
4.101 5.870 5.729 4.348 4.206 4.221 4.348 4.186 4.338 4.177 4.052 4.314 4.273 4.454 4.972 5.094 5.337 5.050 5.113 5.241 5.072 5.741 6.408 6.609 7.159 7.716 7.941 7.928 8.157 8.185 8.673 9.055 9.488 9.935 10.039 10.553 10.243 10.874 10.712 11.190 11.096 11.296 11.731 11.206 11.020 11.292 11.582 11.480 11.482 11.763 12.521 12.254 12.589 12.925 13.108 13.551 13.851 14.227 14.486 14.910 14.954 15.248 14.199 8.056 12.899 16.130 15.241 15.022 14.143 14.474 14.016 13.055 11.914 11.557 10.666 9.596
4.643 8.796 4.132 4.274 4.267 4.141 4.112 4.270 4.326 4.155 4.484 4.347 4.391 4.603 4.785 4.962 4.842 5.743 5.073 5.627 5.737 6.416 6.642 7.659 7.888 7.843 8.113 8.476 8.655 8.868 9.333 9.905 10.393 10.611 11.093 11.537 11.691 11.607 11.687 11.860 12.278 11.967 12.496 11.745 12.245 12.387 11.957 12.009 12.141 12.315 12.299 12.476 12.712 13.089 13.317 13.601 13.703 15.091 15.807 15.479 14.706 14.976 14.993 15.250 8.873 10.760 14.661 14.654 14.455 14.012 13.443 12.980 11.458 11.324 10.537 9.580
4.569 6.253 4.015 4.134 4.058 3.997 4.068 4.204 4.167 4.108 4.500 4.643 4.592 4.749 4.808 5.028 5.655 5.671 5.674 5.809 6.033 6.801 7.686 7.589 7.886 8.867 9.118 9.088 9.477 9.860 10.296 10.969 10.905 11.113 11.630 11.852 12.318 12.195 12.393 12.340 12.482 12.653 12.995 12.861 12.695 12.478 12.336 12.662 12.574 13.134 13.129 13.052 13.141 13.247 13.396 13.745 13.713 13.993 14.425 14.610 14.343 14.756 14.732 14.916 14.547 10.416 8.831 13.521 14.023 13.349 12.898 11.915 11.174 10.716 10.307 9.556
8.025 3.561 4.013 4.218 4.135 4.101 4.130 4.001 4.069 4.692 4.936 4.810 4.957 4.970 5.256 5.306 5.672 6.112 6.298 6.426 6.783 7.415 7.766 8.218 8.810 9.398 9.534 9.890 10.511 10.599 10.946 11.378 11.390 11.934 12.132 12.469 12.499 12.822 12.721 12.793 13.190 13.324 13.376 13.371 13.400 13.432 12.904 13.209 12.944 13.395 13.099 13.097 13.325 13.208 13.334 13.640 13.784 13.828 14.025 14.067 13.996 14.519 14.542 14.424 14.257 14.027 12.217 6.919 12.404 12.825 12.528 11.607 11.074 10.467 10.228 9.440
5.326 3.346 3.584 4.129 3.675 4.102 3.995 3.989 4.222 4.836 4.983 5.292 5.227 5.326 5.412 5.432 6.110 6.219 5.776 6.665 7.250 7.896 8.188 8.732 9.213 9.765 10.239 10.713 11.048 11.159 11.882 12.222 12.463 12.913 12.650 13.205 13.549 13.597 13.623 13.591 13.870 13.772 13.734 13.668 13.789 13.671 13.774 13.753 13.511 13.386 13.359 13.405 13.426 13.550 13.673 13.623 13.875 13.879 13.892 13.681 14.044 13.995 14.197 14.139 14.240 13.904 13.759 12.738 6.741 11.223 11.236 11.056 10.698 10.280 9.625 9.008
4.004 3.562 3.668 3.699 4.102 4.412 3.962 4.718 4.513 5.069 5.204 5.343 5.423 5.641 6.022 6.173 6.393 6.657 5.875 6.856 7.977 8.405 8.577 9.515 10.106 10.758 11.101 11.440 11.766 12.039 12.048 12.938 13.008 13.978 13.653 14.107 14.293 14.373 14.513 14.261 14.266 14.133 14.180 14.118 13.942 14.067 14.139 14.033 13.953 13.673 13.676 13.374 13.618 13.543 13.834 13.478 13.552 13.540 13.761 13.801 13.740 13.792 13.934 13.877 13.560 13.742 13.400 12.995 11.890 7.331 9.797 10.186 10.161 9.908 9.696 8.829
4.741 4.153 3.835 4.311 4.345 4.575 4.933 4.558 5.303 5.424 5.241 5.502 5.663 6.239 6.248 6.658 6.822 7.420 7.560 8.218 8.392 8.918 9.544 9.978 10.410 11.063 11.911 12.468 12.465 13.099 13.598 13.669 14.416 14.266 14.615 14.917 14.841 14.973 14.927 15.432 14.833 14.478 14.495 14.862 14.407 14.969 14.658 14.425 14.213 14.110 13.878 13.780 13.665 13.671 13.809 13.610 13.224 13.352 13.118 13.240 13.109 13.211 13.461 13.299 13.300 13.089 12.900 13.103 11.956 11.048 8.645 7.475 9.258 9.695 9.990 8.764
4.066 3.704 4.079 4.102 4.333 4.554 4.853 5.017 5.337 5.398 5.658 5.789 5.980 6.331 6.695 7.027 7.527 7.719 8.372 8.745 9.225 9.444 10.050 10.353 11.316 12.022 12.162 12.686 13.265 13.741 13.951 14.334 14.952 14.877 15.089 15.466 15.720 15.548 15.544 15.719 15.066 14.654 14.583 14.924 15.037 14.880 14.735 14.689 14.774 14.699 14.311 14.055 13.846 14.041 13.585 13.348 13.130 12.958 12.716 13.008 12.991 13.115 12.749 12.657 13.149 13.178 13.185 12.817 12.984 10.708 10.077 9.278 5.887 9.509 9.978 10.168
4.293 4.054 4.138 4.203 4.391 4.435 4.720 4.970 5.279 5.595 6.269 6.065 6.459 6.745 7.058 7.665 8.383 8.323 9.068 9.157 10.001 10.299 10.814 11.001 12.035 12.209 12.832 13.319 14.164 14.097 14.336 14.876 15.246 15.309 15.699 15.767 16.004 15.905 16.346 15.907 15.339 14.911 15.107 15.093 15.289 15.103 14.845 14.792 14.701 14.621 14.255 14.171 13.954 13.865 13.825 13.412 13.058 12.881 12.720 12.684 12.592 12.495 12.554 12.724 12.865 12.964 13.220 12.677 12.606 10.729 9.991 9.628 8.861 5.528 8.534 10.309
4.562 3.883 4.218 4.384 4.611 4.756 4.884 5.238 5.399 5.691 6.021 6.236 6.716 7.244 7.883 8.182 8.728 8.966 9.774 9.777 10.366 11.008 11.417 11.495 12.361 13.019 13.516 13.624 14.428 14.529 14.940 15.391 15.375 15.602 15.670 16.162 16.254 16.001 16.030 16.123 15.861 15.449 15.183 15.464 15.448 15.233 15.229 14.857 14.785 14.600 14.327 14.136 14.034 13.832 13.579 13.482 13.256 12.766 12.508 12.523 12.318 12.252 12.083 12.213 12.310 12.080 12.016 11.754 11.523 11.130 10.606 9.772 9.118 9.179 5.936 7.183
4.838 3.680 4.354 4.320 4.648 4.841 5.106 5.239 5.528 5.970 6.359 6.698 7.151 7.596 8.256 8.707 9.526 9.803 10.466 10.388 10.925 11.330 11.873 12.466 12.742 13.473 13.878 14.160 14.547 14.893 14.657 15.402 15.619 15.816 15.697 15.959 16.078 16.116 16.086 15.954 15.811 15.925 15.353 15.740 15.569 15.297 15.318 15.167 15.062 14.980 14.586 14.437 14.174 14.087 13.594 13.372 13.240 12.884 12.544 12.348 12.294 12.134 11.977 11.880 11.708 11.751 11.878 11.908 11.534 10.863 10.591 10.011 9.207 9.152 10.203 6.599
4.093 4.056 3.949 4.230 4.550 4.872 5.025 5.305 5.862 6.082 6.618 7.135 7.693 7.794 8.403 9.078 10.174 10.644 11.000 11.431 11.669 11.970 11.937 12.909 13.336 13.849 14.023 14.643 14.993 14.855 14.960 15.027 15.545 15.654 15.754 15.663 15.934 16.006 15.906 16.072 15.869 15.692 15.486 15.523 15.548 15.728 15.557 15.324 15.079 15.069 14.713 14.551 14.501 14.172 13.704 13.456 13.311 12.802 12.332 12.383 12.052 11.926 11.798 11.962 11.689 11.605 11.455 11.470 11.065 10.784 10.457 10.041 9.876 9.442 9.531 8.071
3.859 4.103 4.215 4.257 4.426 4.861 4.997 5.402 5.582 6.272 6.835 7.655 7.715 8.272 8.588 9.318 10.123 11.138 11.747 11.755 11.919 12.301 12.892 12.946 13.272 13.880 14.355 14.686 14.869 14.854 15.086 15.104 15.565 15.458 15.911 15.336 15.274 15.655 15.372 15.559 16.032 15.868 15.475 15.492 15.653 15.701 15.516 15.275 15.437 14.942 14.829 14.332 14.317 14.177 13.760 13.370 13.037 12.856 12.525 12.401 11.836 11.603 11.573 11.251 11.277 11.546 11.720 11.467 11.305 10.927 10.773 10.305 9.940 9.495 8.997 8.513
3.529 3.298 4.386 4.641 4.869 4.622 4.928 5.561 5.799 6.456 6.978 7.374 7.784 8.195 8.998 9.687 10.514 11.556 12.011 12.168 12.561 12.624 13.035 13.306 13.589 13.925 14.200 14.545 14.786 14.877 15.055 15.080 15.292 15.176 15.377 15.344 14.835 15.069 15.001 15.180 15.583 16.008 15.216 15.474 15.521 15.517 15.356 15.519 15.247 14.946 14.707 14.287 14.144 13.808 13.510 13.608 12.973 12.688 12.374 12.066 11.926 11.795 11.421 11.139 10.904 11.565 11.493 11.258 11.503 11.301 10.955 10.769 10.068 9.755 9.244 8.613
3.337 3.340 4.139 4.712 4.811 5.049 5.053 5.468 5.829 6.583 7.262 7.456 8.143 8.421 9.116 9.941 10.770 11.899 12.051 12.216 12.529 12.881 13.107 13.437 13.577 13.862 14.319 14.292 14.587 14.650 14.680 14.914 14.818 15.212 14.949 14.856 14.834 14.792 14.696 14.620 15.399 15.178 15.065 15.734 16.215 15.688 15.272 14.880 15.004 14.912 14.811 14.474 14.087 13.831 13.538 13.282 12.747 12.486 12.097 12.271 11.618 11.329 11.450 11.585 11.717 12.033 11.140 11.203 11.288 11.158 11.199 10.880 10.731 10.182 9.938 9.201
3.219 3.557 4.062 4.014 4.843 5.041 5.406 5.903 5.946 7.097 7.866 7.885 8.326 8.786 9.078 10.140 11.224 12.182 12.316 12.673 12.967 12.933 12.945 13.184 13.525 13.426 13.570 14.248 14.281 14.299 14.484 14.706 14.690 14.799 14.771 14.386 14.057 14.552 14.456 14.141 14.676 14.854 14.538 14.452 14.791 15.028 15.060 14.946 14.532 14.342 14.474 14.008 13.895 13.524 13.602 13.136 12.863 12.468 12.247 11.962 11.515 11.172 11.111 11.164 11.437 11.462 11.374 11.267 11.826 11.562 11.582 11.313 10.806 10.718 10.623 9.955
3.700 4.070 4.229 4.418 4.620 4.933 5.452 5.975 6.482 6.989 7.405 7.823 8.322 8.734 9.567 10.048 11.266 11.941 12.105 12.773 13.027 12.790 13.023 13.100 12.953 13.154 13.367 13.522 13.821 13.653 13.868 14.204 14.209 13.818 14.092 13.722 13.522 13.557 13.726 13.812 14.007 14.367 14.107 14.118 14.253 14.324 14.545 14.385 14.228 14.250 13.878 13.596 13.379 13.222 12.933 12.656 12.568 12.425 12.062 11.738 11.275 11.136 10.930 10.429 10.656 11.207 11.433 11.746 11.481 11.660 11.669 11.728 11.278 11.163 10.841 10.380
4.012 4.635 4.398 4.474 4.816 4.883 5.710 5.907 6.463 6.732 7.429 8.068 8.526 8.982 9.595 10.228 11.157 11.582 12.154 12.515 12.618 12.772 12.795 12.646 12.463 12.395 12.741 13.005 13.363 13.294 13.397 13.550 13.238 13.359 13.137 13.039 13.041 12.826 12.680 13.259 13.684 13.874 13.729 13.738 13.815 13.953 13.705 13.858 13.820 13.724 13.430 13.247 13.047 12.985 12.758 12.675 12.203 11.952 11.501 11.278 10.850 10.816 10.365 9.940 9.962 10.418 11.050 11.435 11.839 11.847 11.853 11.863 12.061 11.409 11.427 10.795
4.579 4.572 4.575 4.701 4.799 4.776 5.770 6.292 6.877 7.048 7.607 7.820 8.473 9.195 9.686 10.246 11.095 11.564 11.829 12.089 12.224 12.564 12.593 12.318 12.112 12.558 12.329 12.470 12.731 13.260 12.922 12.843 12.771 12.678 12.722 12.747 12.259 12.115 11.825 12.494 13.325 13.208 13.137 13.119 13.274 13.307 13.308 13.282 13.403 13.424 13.375 13.101 12.696 12.677 12.471 12.112 11.814 11.677 11.239 11.381 10.703 10.229 9.932 9.477 9.575 9.863 10.590 11.028 11.623 11.957 12.194 12.212 12.184 11.840 12.239 11.744
