includes/estuary_coast/floodfiles/results/res.maxtm
ncols         730
nrows         472
xllcorner     380617.130607
yllcorner     6542069.774949
cellsize      20.000000
NODATA_value  -9999.000000
[rows 360 to 389 of 472, columns 201 to 267 of 730]
53.493 53.493 53.495 53.498 53.498 53.498 53.498 53.501 53.503 53.509 53.512 53.514 53.516 53.518 53.519 53.523 53.531 53.542 53.557 53.559 53.562 53.564 53.566 53.568 53.570 53.571 53.573 53.575 53.577 53.578 53.579 53.579 53.581 53.582 53.583 53.585 53.586 53.588 53.589 53.591 53.592 53.593 53.594 53.594 53.595 53.595 53.595 53.595 53.596 53.596 53.597 53.598 53.599 53.600 53.601 53.602 53.602 53.603 53.606 53.609 53.646 53.689 53.702 53.708 53.718 53.727 53.733
53.454 53.455 53.459 53.463 53.466 53.473 53.475 53.480 53.483 53.490 53.495 53.500 53.503 53.509 53.515 53.522 53.531 53.539 53.550 53.555 53.560 53.563 53.565 53.568 53.570 53.571 53.573 53.576 53.577 53.578 53.579 53.580 53.581 53.583 53.584 53.586 53.587 53.588 53.590 53.591 53.592 53.593 53.594 53.594 53.595 53.595 53.595 53.595 53.596 53.596 53.597 53.598 53.600 53.600 53.601 53.602 53.603 53.605 53.608 53.613 53.648 53.687 53.702 53.707 53.717 53.727 53.736
53.409 53.413 53.417 53.425 53.429 53.441 53.451 53.457 53.462 53.465 53.472 53.484 53.493 53.503 53.510 53.518 53.526 53.537 53.544 53.549 53.557 53.561 53.564 53.568 53.570 53.572 53.574 53.576 53.578 53.578 53.579 53.581 53.582 53.583 53.585 53.586 53.587 53.589 53.590 53.591 53.592 53.593 53.594 53.594 53.594 53.595 53.595 53.596 53.596 53.597 53.598 53.599 53.600 53.600 53.601 53.602 53.604 53.607 53.608 53.616 53.658 53.690 53.703 53.707 53.717 53.726 53.736
53.392 53.398 53.399 53.400 53.402 53.407 53.430 53.446 53.454 53.458 53.463 53.469 53.476 53.499 53.511 53.518 53.526 53.534 53.542 53.548 53.553 53.558 53.561 53.566 53.570 53.572 53.575 53.577 53.578 53.579 53.580 53.581 53.583 53.584 53.585 53.586 53.587 53.589 53.590 53.591 53.592 53.593 53.594 53.594 53.594 53.594 53.595 53.596 53.596 53.597 53.598 53.599 53.600 53.600 53.601 53.603 53.606 53.608 53.609 -9999.000 53.680 53.690 53.703 53.708 53.719 53.727 53.735
51.748 51.762 53.339 53.370 53.373 53.378 53.390 53.409 53.437 53.450 53.456 53.463 53.474 53.496 53.507 53.514 53.525 53.531 53.539 53.546 53.553 53.557 53.560 53.565 53.570 53.573 53.575 53.577 53.579 53.579 53.580 53.581 53.583 53.584 53.585 53.586 53.587 53.589 53.590 53.591 53.592 53.593 53.593 53.594 53.594 53.595 53.595 53.596 53.596 53.597 53.598 53.599 53.600 53.601 53.602 53.604 53.606 53.607 53.615 53.663 53.680 53.691 53.703 53.709 53.723 53.731 53.736
51.705 51.709 51.733 51.757 51.763 51.771 53.318 53.365 53.396 53.421 53.440 53.448 -9999.000 53.496 53.504 53.512 53.522 53.529 53.536 53.545 53.552 53.556 53.560 53.565 53.569 53.573 53.576 53.578 53.579 53.579 53.581 53.582 53.583 53.584 53.585 53.586 53.587 53.589 53.590 53.590 53.592 53.592 53.593 53.594 53.594 53.595 53.595 53.596 53.597 53.597 53.598 53.600 53.600 53.601 53.602 53.604 53.605 53.607 -9999.000 53.682 53.686 53.691 53.702 53.709 53.724 53.734 53.737
51.676 51.684 51.695 51.708 51.732 51.739 51.757 53.299 53.366 53.395 53.417 53.446 53.467 53.486 53.499 53.510 53.520 53.527 53.533 53.542 53.551 53.556 53.560 53.565 53.569 53.573 53.576 53.578 53.579 53.580 53.581 53.582 53.584 53.584 53.586 53.587 53.588 53.589 53.590 53.591 53.592 53.592 53.593 53.593 53.594 53.595 53.595 53.596 53.597 53.598 53.599 53.600 53.601 53.602 53.603 53.604 53.606 53.607 53.657 53.685 53.687 53.692 53.701 53.713 53.728 53.735 53.740
51.667 51.670 51.675 51.683 51.695 51.702 51.713 51.744 53.323 53.372 53.403 53.442 53.468 53.478 53.494 53.507 53.518 53.525 53.531 53.540 53.550 53.555 53.559 53.566 53.569 53.573 53.576 53.578 53.579 53.580 53.582 53.583 53.584 53.585 53.586 53.587 53.588 53.589 53.590 53.591 53.591 53.592 53.592 53.593 53.594 53.595 53.596 53.597 53.597 53.598 53.600 53.601 53.601 53.602 53.603 53.604 53.606 53.609 53.666 53.685 53.687 53.692 53.701 53.714 53.729 53.736 53.741
51.659 51.661 51.665 51.669 51.676 51.683 51.692 51.706 51.737 51.772 53.400 53.441 53.460 53.476 53.493 53.505 53.515 53.524 53.529 53.538 53.549 53.555 53.560 53.566 53.570 53.574 53.576 53.578 53.579 53.581 53.582 53.583 53.584 53.585 53.586 53.587 53.589 53.590 53.590 53.591 53.591 53.592 53.593 53.593 53.594 53.596 53.597 53.597 53.598 53.599 53.600 53.601 53.602 53.603 53.603 53.604 53.606 -9999.000 53.683 53.685 53.687 53.692 53.702 53.717 53.730 53.737 53.742
51.655 51.654 51.656 51.660 51.667 51.673 51.678 51.688 51.704 51.754 53.401 53.435 53.456 53.476 53.491 53.503 53.514 53.522 53.528 53.536 53.547 53.555 53.561 53.566 53.570 53.574 53.577 53.578 53.580 53.581 53.583 53.584 53.585 53.585 53.586 53.588 53.589 53.590 53.590 53.591 53.591 53.592 53.593 53.594 53.595 53.596 53.597 53.598 53.599 53.600 53.601 53.602 53.603 53.603 53.604 53.605 53.608 53.665 53.683 53.685 53.687 53.693 53.705 53.722 53.730 53.737 53.743
51.648 51.649 51.649 51.651 51.655 51.659 51.665 51.672 51.682 51.709 53.401 53.429 53.456 53.475 53.489 53.502 53.513 53.521 53.528 53.535 53.545 53.555 53.561 53.566 53.570 53.575 53.577 53.579 53.580 53.582 53.583 53.584 53.584 53.585 53.586 53.588 53.589 53.590 53.590 53.591 53.591 53.592 53.593 53.594 53.596 53.597 53.597 53.598 53.600 53.601 53.602 53.602 53.603 53.604 53.604 53.605 -9999.000 53.679 53.683 53.685 53.688 53.696 53.705 53.719 53.731 53.737 53.743
51.647 51.646 51.647 51.647 51.648 51.651 51.654 51.658 51.665 51.674 51.729 53.417 53.460 53.475 53.488 53.499 53.510 53.520 53.528 53.534 53.540 53.554 53.564 53.567 53.570 53.576 53.578 53.579 53.581 53.582 53.584 53.585 53.585 53.586 53.587 53.589 53.589 53.590 53.590 53.591 53.592 53.593 53.594 53.596 53.596 53.597 53.598 53.599 53.600 53.601 53.602 53.603 53.604 53.604 53.605 53.606 53.631 53.679 53.683 53.685 53.689 53.697 53.706 53.717 53.731 53.738 53.744
51.645 51.644 51.643 51.644 51.645 51.646 51.648 51.649 51.653 51.659 51.668 51.680 51.704 53.477 53.488 53.496 53.506 53.517 53.525 53.534 53.539 53.551 53.564 53.567 53.590 53.578 53.579 53.581 53.582 53.584 53.585 53.585 53.586 53.586 53.588 53.589 53.590 53.590 53.591 53.592 53.593 53.594 53.595 53.596 53.596 53.597 53.598 53.600 53.601 53.602 53.603 53.603 53.604 53.605 53.605 53.609 53.626 53.660 53.682 53.683 53.688 53.697 53.708 53.716 53.727 53.738 53.747
51.643 51.642 51.642 51.642 51.643 51.643 51.643 51.645 51.646 51.649 51.654 51.664 51.671 51.705 53.488 53.495 53.502 53.516 53.521 53.547 -9999.000 53.568 53.568 53.570 53.577 53.580 53.581 53.582 53.584 53.584 53.585 53.586 53.586 53.587 53.588 53.590 53.591 53.591 53.591 53.593 53.594 53.595 53.596 53.596 53.597 53.598 53.599 53.600 53.601 53.602 53.603 53.603 53.604 53.605 53.605 53.623 53.640 53.654 53.671 53.679 53.684 53.696 53.711 53.716 53.723 53.735 53.753
51.639 51.640 51.640 51.639 51.639 51.640 51.640 51.641 51.642 51.645 51.648 51.655 51.665 51.676 53.438 53.484 53.493 53.505 -9999.000 -9999.000 -9999.000 -9999.000 -9999.000 -9999.000 -9999.000 53.581 53.583 53.584 53.585 53.586 53.586 53.587 53.587 53.589 53.589 53.590 53.591 53.591 53.591 53.594 53.595 53.595 53.596 53.597 53.597 53.598 53.599 53.600 53.601 53.602 53.603 53.604 53.604 53.606 53.607 53.632 53.644 53.654 53.666 53.675 53.679 53.692 53.706 53.717 53.724 53.728 53.753
51.637 51.637 51.637 51.637 51.637 51.637 51.637 51.639 51.640 51.641 51.644 51.649 51.655 51.662 -9999.000 -9999.000 -9999.000 -9999.000 -9999.000 -9999.000 -9999.000 -9999.000 -9999.000 -9999.000 -9999.000 -9999.000 53.585 53.585 53.586 53.586 53.587 53.588 53.589 53.590 53.591 53.591 53.592 53.592 53.593 53.595 53.595 53.597 53.597 53.597 53.598 53.598 53.599 53.601 53.602 53.602 53.603 53.604 53.605 53.607 53.608 53.632 53.645 53.654 53.662 53.671 53.678 53.688 53.702 53.717 53.725 53.732 53.754
51.635 51.634 51.634 51.635 51.635 51.635 51.636 51.637 51.637 51.637 51.640 51.645 51.650 -9999.000 -9999.000 -9999.000 -9999.000 -9999.000 -9999.000 -9999.000 -9999.000 -9999.000 -9999.000 -9999.000 -9999.000 -9999.000 -9999.000 -9999.000 -9999.000 -9999.000 53.588 53.589 53.589 53.590 53.591 53.592 53.592 53.593 53.594 53.595 53.596 53.597 53.597 53.598 53.598 53.599 53.600 53.601 53.601 53.602 53.603 53.604 53.606 53.607 53.637 53.635 53.646 53.654 53.662 53.668 53.675 53.687 53.701 53.716 53.728 53.740 53.761
51.632 51.632 51.632 51.634 51.633 51.633 51.635 51.634 51.636 51.636 51.637 51.646 -9999.000 -9999.000 -9999.000 -9999.000 -9999.000 -9999.000 -9999.000 -9999.000 -9999.000 -9999.000 -9999.000 -9999.000 -9999.000 -9999.000 -9999.000 -9999.000 -9999.000 53.596 53.598 53.590 53.590 53.591 53.592 53.592 53.593 53.594 53.595 53.596 53.597 53.597 53.597 53.598 53.598 53.599 53.600 53.601 53.602 53.603 53.604 53.604 53.606 53.610 53.620 53.633 53.646 53.654 53.661 53.667 53.673 53.686 53.697 53.715 53.732 53.743 53.763
51.628 51.630 51.630 51.631 51.632 51.631 51.633 51.633 51.632 51.634 51.635 51.671 -9999.000 -9999.000 -9999.000 -9999.000 -9999.000 -9999.000 -9999.000 -9999.000 -9999.000 -9999.000 -9999.000 -9999.000 -9999.000 -9999.000 -9999.000 -9999.000 -9999.000 -9999.000 -9999.000 53.591 53.591 53.592 53.593 53.593 53.594 53.594 53.596 53.597 53.597 53.597 53.597 53.597 53.598 53.599 53.600 53.600 53.602 53.603 53.603 53.604 53.606 53.611 53.621 53.632 53.647 53.654 53.661 53.665 53.672 53.683 53.696 53.715 53.732 53.753 53.770
51.626 51.628 51.629 51.629 51.630 51.630 51.630 51.632 51.630 51.631 51.632 -9999.000 -9999.000 -9999.000 -9999.000 -9999.000 -9999.000 -9999.000 -9999.000 -9999.000 -9999.000 -9999.000 -9999.000 -9999.000 -9999.000 -9999.000 -9999.000 -9999.000 -9999.000 -9999.000 -9999.000 53.591 53.592 53.592 53.593 53.594 53.595 53.595 53.596 53.597 53.597 53.597 53.597 53.597 53.598 53.599 53.600 53.601 53.602 53.602 53.603 53.605 53.606 -9999.000 53.622 53.630 53.647 53.655 53.660 53.663 53.672 53.679 53.700 53.726 -9999.000 53.767 53.774
51.624 51.626 51.627 51.627 51.628 51.629 51.629 51.630 51.629 51.631 51.631 -9999.000 -9999.000 -9999.000 -9999.000 -9999.000 -9999.000 -9999.000 -9999.000 -9999.000 -9999.000 -9999.000 -9999.000 -9999.000 -9999.000 -9999.000 -9999.000 -9999.000 -9999.000 -9999.000 -9999.000 53.582 -9999.000 53.594 53.594 53.595 53.595 53.596 53.596 53.596 53.597 53.597 53.597 53.597 53.598 53.600 53.600 53.601 53.602 53.603 53.604 53.606 53.607 53.618 53.622 53.627 53.645 53.656 53.660 53.662 53.668 -9999.000 -9999.000 53.725 53.721 -9999.000 53.812
51.623 51.624 51.625 51.626 51.627 51.627 51.627 51.627 51.627 51.629 51.636 -9999.000 -9999.000 -9999.000 -9999.000 -9999.000 -9999.000 -9999.000 -9999.000 -9999.000 -9999.000 -9999.000 -9999.000 -9999.000 -9999.000 -9999.000 -9999.000 -9999.000 -9999.000 -9999.000 -9999.000 -9999.000 53.591 53.596 53.596 53.596 53.596 53.596 53.596 53.597 53.597 53.597 53.597 53.597 53.598 53.600 53.600 53.601 53.602 53.603 53.604 53.606 53.613 53.619 53.621 53.626 53.641 53.652 53.651 53.660 53.670 53.789 53.874 53.731 -9999.000 -9999.000 -9999.000
51.621 51.623 51.624 51.625 51.625 51.626 51.626 51.625 51.626 51.627 -9999.000 -9999.000 -9999.000 -9999.000 -9999.000 -9999.000 -9999.000 -9999.000 -9999.000 -9999.000 -9999.000 -9999.000 -9999.000 -9999.000 -9999.000 -9999.000 -9999.000 -9999.000 -9999.000 -9999.000 -9999.000 -9999.000 -9999.000 -9999.000 53.600 53.597 53.596 53.596 53.596 53.596 53.596 53.597 53.597 53.597 53.598 53.600 53.600 53.601 53.601 53.602 53.603 53.609 53.613 53.618 53.621 -9999.000 53.635 53.637 53.635 53.641 -9999.000 -9999.000 -9999.000 -9999.000 -9999.000 -9999.000 -9999.000
51.619 51.621 51.622 51.624 51.624 51.625 51.625 51.624 51.626 51.624 -9999.000 -9999.000 -9999.000 -9999.000 -9999.000 -9999.000 -9999.000 -9999.000 -9999.000 -9999.000 -9999.000 -9999.000 -9999.000 -9999.000 -9999.000 -9999.000 -9999.000 -9999.000 -9999.000 -9999.000 -9999.000 -9999.000 -9999.000 -9999.000 53.603 53.598 53.596 53.596 53.595 53.596 53.596 53.597 53.597 53.597 53.598 53.600 53.601 53.601 53.601 53.602 53.605 53.611 53.616 53.621 53.621 53.624 53.626 53.626 53.627 53.626 53.626 53.624 53.623 53.622 -9999.000 54.288 -9999.000
51.616 51.619 51.621 51.622 51.623 51.624 51.625 51.624 51.625 51.623 -9999.000 -9999.000 -9999.000 -9999.000 -9999.000 -9999.000 -9999.000 -9999.000 -9999.000 -9999.000 -9999.000 -9999.000 -9999.000 -9999.000 -9999.000 -9999.000 -9999.000 -9999.000 -9999.000 -9999.000 -9999.000 -9999.000 -9999.000 -9999.000 -9999.000 53.598 53.596 -9999.000 53.595 53.596 53.597 53.597 53.597 53.597 53.598 53.600 53.601 53.601 53.601 53.601 -9999.000 53.614 53.619 53.622 53.623 53.623 53.626 53.626 53.627 53.626 53.626 53.624 53.625 53.628 53.629 53.702 -9999.000
51.614 51.617 51.620 51.621 51.623 51.624 51.624 51.624 51.624 51.622 -9999.000 -9999.000 -9999.000 -9999.000 -9999.000 -9999.000 -9999.000 -9999.000 -9999.000 -9999.000 -9999.000 -9999.000 -9999.000 -9999.000 -9999.000 -9999.000 -9999.000 -9999.000 -9999.000 -9999.000 -9999.000 -9999.000 -9999.000 -9999.000 -9999.000 -9999.000 53.590 -9999.000 53.593 53.595 53.598 53.598 53.597 53.598 53.598 53.601 53.602 -9999.000 53.602 53.602 -9999.000 -9999.000 53.621 53.622 53.621 53.622 53.624 53.626 53.627 53.627 53.626 53.626 53.620 53.628 53.628 53.625 53.623
51.612 51.615 51.618 51.620 51.622 51.623 51.624 51.624 51.624 51.623 -9999.000 -9999.000 -9999.000 -9999.000 -9999.000 -9999.000 -9999.000 -9999.000 -9999.000 -9999.000 -9999.000 -9999.000 -9999.000 -9999.000 -9999.000 -9999.000 -9999.000 -9999.000 -9999.000 -9999.000 -9999.000 -9999.000 -9999.000 -9999.000 -9999.000 -9999.000 -9999.000 -9999.000 -9999.000 -9999.000 53.612 53.591 -9999.000 53.593 -9999.000 -9999.000 -9999.000 -9999.000 -9999.000 -9999.000 -9999.000 -9999.000 -9999.000 -9999.000 -9999.000 53.619 53.622 53.624 53.627 53.625 53.626 53.619 53.621 53.621 53.626 53.627 53.622
51.609 51.613 51.617 51.620 51.621 51.622 51.624 51.625 51.623 51.624 -9999.000 -9999.000 -9999.000 -9999.000 -9999.000 -9999.000 -9999.000 -9999.000 -9999.000 -9999.000 -9999.000 -9999.000 -9999.000 -9999.000 -9999.000 -9999.000 -9999.000 -9999.000 -9999.000 -9999.000 -9999.000 -9999.000 -9999.000 -9999.000 -9999.000 -9999.000 -9999.000 -9999.000 -9999.000 -9999.000 -9999.000 -9999.000 -9999.000 -9999.000 -9999.000 -9999.000 -9999.000 -9999.000 -9999.000 -9999.000 -9999.000 -9999.000 -9999.000 -9999.000 -9999.000 -9999.000 53.626 -9999.000 -9999.000 53.625 53.624 53.621 53.620 53.620 53.624 53.629 53.632
51.606 51.609 51.612 51.618 51.621 51.623 51.625 51.625 51.623 -9999.000 -9999.000 -9999.000 -9999.000 -9999.000 -9999.000 -9999.000 -9999.000 -9999.000 -9999.000 -9999.000 -9999.000 -9999.000 -9999.000 -9999.000 -9999.000 -9999.000 -9999.000 -9999.000 -9999.000 -9999.000 -9999.000 -9999.000 -9999.000 -9999.000 -9999.000 -9999.000 -9999.000 -9999.000 -9999.000 -9999.000 -9999.000 -9999.000 -9999.000 -9999.000 -9999.000 -9999.000 -9999.000 -9999.000 -9999.000 -9999.000 -9999.000 -9999.000 -9999.000 -9999.000 -9999.000 -9999.000 -9999.000 -9999.000 -9999.000 -9999.000 -9999.000 -9999.000 -9999.000 53.622 53.624 53.627 53.629
51.600 51.605 51.607 51.612 -9999.000 -9999.000 -9999.000 -9999.000 -9999.000 -9999.000 -9999.000 -9999.000 -9999.000 -9999.000 -9999.000 -9999.000 -9999.000 -9999.000 -9999.000 -9999.000 -9999.000 -9999.000 -9999.000 -9999.000 -9999.000 -9999.000 -9999.000 -9999.000 -9999.000 -9999.000 -9999.000 -9999.000 -9999.000 -9999.000 -9999.000 -9999.000 -9999.000 -9999.000 -9999.000 -9999.000 -9999.000 -9999.000 -9999.000 -9999.000 -9999.000 -9999.000 -9999.000 -9999.000 -9999.000 -9999.000 -9999.000 -9999.000 -9999.000 -9999.000 -9999.000 -9999.000 -9999.000 -9999.000 -9999.000 -9999.000 -9999.000 -9999.000 -9999.000 -9999.000 53.627 53.634 53.632
