includes/estuary_coast/floodfiles/results/res.maxtm
ncols         730
nrows         472
xllcorner     380617.130607059982140
yllcorner     6542069.774948899634182
cellsize      20.000000000000000
NODATA_value  -9999.000000
[rows 390 to 419 of 472, columns 67 to 133 of 730]
50.787 50.789 50.791 50.790 50.790 50.790 50.790 50.790 50.790 50.790 50.791 50.791 50.790 50.789 50.792 50.791 50.790 50.790 50.790 50.792 50.792 50.792 50.792 50.792 50.792 50.792 50.792 50.794 50.793 50.793 50.794 50.795 50.795 50.795 50.794 50.795 50.794 50.793 50.794 50.810 50.810 50.810 50.812 50.811 50.814 50.814 50.809 50.808 50.808 50.807 50.807 50.805 50.808 50.819 50.819 50.818 50.818 50.803 50.824 50.824 50.824 50.824 50.825 50.825 50.825 50.825 50.826
50.789 50.789 50.789 50.790 50.789 50.789 50.789 50.789 50.789 50.789 50.789 50.790 50.790 50.789 50.789 50.790 50.790 50.790 50.791 50.792 50.792 50.792 50.792 50.792 50.792 50.792 50.794 50.794 50.793 50.793 50.794 50.794 50.795 50.795 50.796 50.792 50.793 50.793 50.791 50.792 50.792 50.813 50.812 50.811 50.811 50.810 50.809 50.810 50.811 50.816 50.809 50.808 50.808 50.820 50.819 50.820 50.821 50.821 50.824 50.824 50.824 50.824 50.824 50.824 50.825 50.825 50.826
50.788 50.789 50.789 50.790 50.791 50.788 50.789 50.788 50.788 50.789 50.789 50.789 50.789 50.788 50.788 50.791 50.786 50.786 50.791 50.791 50.791 50.791 50.794 50.792 50.792 50.794 50.793 50.793 50.794 50.792 50.793 50.794 50.794 50.794 50.793 50.792 50.792 50.792 50.792 50.792 50.792 50.792 50.812 50.812 50.811 50.810 50.809 50.809 50.810 50.816 50.809 50.816 50.820 50.820 50.819 50.820 50.820 50.821 50.825 50.826 50.826 50.826 50.823 50.824 50.824 50.825 50.826
50.788 50.788 50.791 50.787 50.791 50.791 50.788 50.788 50.788 50.788 50.789 50.789 50.789 50.788 50.788 50.787 50.787 50.787 50.788 50.791 50.790 50.790 50.793 50.793 50.793 50.793 50.793 50.793 50.794 50.793 50.793 50.793 50.794 50.794 50.795 50.792 50.793 50.792 50.792 50.791 50.792 50.792 50.793 50.812 50.811 50.811 50.811 50.811 50.812 50.818 50.818 50.810 50.820 50.820 50.821 50.821 50.821 50.822 50.822 50.826 50.825 50.825 50.826 50.824 50.824 50.824 50.826
50.789 50.790 50.791 50.787 50.787 50.787 50.787 50.787 50.787 50.787 50.790 50.790 50.790 50.789 50.787 50.787 50.787 50.787 50.787 50.787 50.789 50.789 50.789 50.792 50.793 50.793 50.793 50.793 50.794 50.793 50.793 50.793 50.794 50.794 50.794 50.793 50.793 50.793 50.794 50.794 50.794 50.793 50.793 50.792 50.794 50.811 50.811 50.813 50.813 50.811 50.814 50.814 50.820 50.820 50.822 50.823 50.823 50.823 50.824 50.821 50.825 50.825 50.824 50.824 50.825 50.825 50.829
50.790 50.790 50.789 50.789 50.787 50.787 50.787 50.786 50.786 50.787 50.786 50.787 50.788 50.789 50.789 50.788 50.788 50.788 50.786 50.789 50.789 50.789 50.789 50.788 50.788 50.792 50.792 50.793 50.794 50.792 50.793 50.792 50.793 50.791 50.792 50.792 50.794 50.794 50.793 50.793 50.793 50.792 50.793 50.793 50.794 50.813 50.813 50.813 50.813 50.813 50.812 50.813 50.821 50.822 50.822 50.823 50.823 50.823 50.823 50.824 50.825 50.825 50.826 50.825 50.826 50.826 50.829
50.790 50.790 50.789 50.785 50.785 50.785 50.785 50.785 50.785 50.785 50.786 50.785 50.785 50.788 50.786 50.787 50.788 50.787 50.787 50.787 50.785 50.788 50.786 50.787 50.788 50.792 50.792 50.793 50.792 50.792 50.792 50.792 50.792 50.792 50.792 50.792 50.794 50.792 50.792 50.793 50.792 50.792 50.793 50.793 50.791 50.792 50.812 50.812 50.812 50.812 50.812 50.813 50.813 50.821 50.821 50.824 50.824 50.823 50.824 50.824 50.823 50.829 50.829 50.827 50.827 50.826 50.830
50.784 50.790 50.784 50.784 50.784 50.785 50.784 50.784 50.785 50.785 50.786 50.784 50.785 50.785 50.786 50.787 50.787 50.787 50.786 50.786 50.787 50.787 50.787 50.787 50.787 50.787 50.786 50.785 50.790 50.793 50.792 50.792 50.791 50.792 50.792 50.793 50.794 50.795 50.792 50.792 50.792 50.792 50.791 50.791 50.791 50.792 50.792 50.811 50.811 50.811 50.811 50.814 50.814 50.822 50.821 50.824 50.824 50.825 50.824 50.827 50.827 50.828 50.828 50.828 50.831 50.831 50.831
50.784 50.783 50.784 50.784 50.784 50.783 50.784 50.784 50.785 50.785 50.786 50.784 50.785 50.785 50.786 50.786 50.786 50.786 50.786 50.786 50.788 50.787 50.786 50.786 50.786 50.787 50.786 50.786 50.786 50.790 50.792 50.792 50.792 50.792 50.792 50.793 50.794 50.794 50.794 50.794 50.791 50.791 50.791 50.790 50.793 50.792 50.792 50.811 50.811 50.811 50.815 50.811 50.815 50.822 50.823 50.823 50.825 50.825 50.825 50.826 50.828 50.828 50.828 50.829 50.832 50.832 50.832
50.784 50.783 50.783 50.783 50.783 50.783 50.783 50.784 50.785 50.785 50.783 50.784 50.784 50.785 50.786 50.786 50.786 50.788 50.785 50.785 50.785 50.785 50.785 50.785 50.785 50.788 50.787 50.787 50.786 50.786 50.787 50.787 50.792 50.792 50.792 50.793 50.793 50.793 50.793 50.793 50.790 50.791 50.791 50.792 50.792 50.792 50.792 50.786 50.812 50.812 50.784 50.784 50.784 50.783 50.782 50.782 50.826 50.826 50.826 50.827 50.827 50.828 50.830 50.829 50.832 50.832 50.832
50.784 50.784 50.783 50.782 50.782 50.782 50.782 50.782 50.782 50.782 50.784 50.784 50.784 50.784 50.781 50.781 50.781 50.782 50.782 50.782 50.784 50.784 50.784 50.785 50.785 50.784 50.787 50.787 50.787 50.788 50.788 50.787 50.786 50.792 50.791 50.794 50.795 50.789 50.789 50.789 50.790 50.791 50.792 50.792 50.792 50.791 50.791 50.790 50.782 50.782 50.784 50.784 50.784 50.772 50.782 50.782 50.782 50.827 50.827 50.827 50.827 50.828 50.830 50.830 50.831 50.831 50.831
50.784 50.784 50.784 50.781 50.781 50.784 50.784 50.783 50.782 50.782 50.781 50.781 50.783 50.782 50.782 50.782 50.781 50.783 50.783 50.783 50.783 50.783 50.784 50.784 50.785 50.786 50.786 50.788 50.788 50.788 50.788 50.787 50.789 50.796 50.788 50.791 50.795 50.795 50.794 50.794 50.794 50.790 50.788 50.788 50.788 50.788 50.782 50.781 50.777 50.770 50.770 50.783 50.771 50.773 50.773 50.773 50.774 50.774 50.828 50.828 50.828 50.829 50.830 50.830 50.829 50.832 50.832
50.785 50.785 50.783 50.783 50.781 50.784 50.784 50.783 50.783 50.783 50.781 50.782 50.783 50.783 50.782 50.782 50.782 50.783 50.783 50.783 50.782 50.783 50.784 50.785 50.785 50.786 50.786 50.786 50.786 50.788 50.788 50.788 50.789 50.789 50.788 50.791 50.792 50.791 50.784 50.794 50.794 50.773 50.773 50.773 50.773 50.773 50.782 50.768 50.770 50.770 50.771 50.771 50.771 50.771 50.773 50.774 50.774 50.774 50.774 50.774 50.828 50.829 50.830 50.830 50.830 50.831 50.831
50.785 50.782 50.782 50.783 50.783 50.784 50.784 50.783 50.783 50.783 50.781 50.782 50.782 50.782 50.782 50.782 50.782 50.782 50.782 50.781 50.782 50.782 50.782 50.784 50.784 50.784 50.786 50.786 50.786 50.786 50.785 50.784 50.783 50.783 50.784 50.784 50.768 50.767 50.769 50.769 50.764 50.764 50.772 50.773 50.766 50.767 50.767 50.768 50.770 50.769 50.769 50.770 50.771 50.772 50.773 50.774 50.775 50.775 50.775 50.774 50.777 50.827 50.828 50.831 50.830 50.830 50.831
50.781 50.784 50.784 50.783 50.782 50.784 50.784 50.782 50.782 50.781 50.781 50.781 50.780 50.780 50.780 50.782 50.781 50.781 50.781 50.781 50.781 50.783 50.783 50.783 50.784 50.784 50.785 50.785 50.785 50.783 50.784 50.784 50.778 50.784 50.784 50.768 50.768 50.767 50.769 50.773 50.764 50.764 50.772 50.771 50.766 50.767 50.767 50.769 50.768 50.769 50.769 50.770 50.771 50.772 50.772 50.774 50.774 50.775 50.775 50.775 50.778 50.779 50.779 50.779 50.778 50.830 50.830
50.783 50.784 50.784 50.783 50.783 50.784 50.781 50.781 50.781 50.781 50.780 50.780 50.780 50.780 50.780 50.782 50.783 50.783 50.783 50.781 50.781 50.783 50.783 50.783 50.783 50.776 50.783 50.775 50.775 50.784 50.784 50.778 50.778 50.770 50.766 50.772 50.768 50.768 50.768 50.768 50.765 50.771 50.765 50.765 50.767 50.767 50.768 50.769 50.769 50.768 50.770 50.770 50.773 50.772 50.772 50.774 50.777 50.776 50.776 50.776 50.778 50.778 50.778 50.778 50.778 50.779 50.779
50.782 50.782 50.783 50.783 50.784 50.784 50.786 50.785 50.779 50.781 50.780 50.780 50.780 50.780 50.780 50.782 50.782 50.782 50.783 50.779 50.779 50.779 50.779 50.778 50.784 50.776 50.776 50.775 50.775 50.772 50.772 50.772 50.771 50.770 50.770 50.772 50.768 50.768 50.768 50.767 50.767 50.767 50.766 50.766 50.769 50.765 50.768 50.770 50.769 50.771 50.770 50.769 50.773 50.773 50.772 50.778 50.777 50.776 50.776 50.776 50.777 50.777 50.777 50.778 50.778 50.778 50.778
50.782 50.785 50.785 50.785 50.786 50.786 50.786 50.779 50.779 50.779 50.779 50.779 50.779 50.781 50.781 50.781 50.781 50.781 50.779 50.779 50.778 50.778 50.778 50.778 50.778 50.776 50.776 50.775 50.774 50.773 50.773 50.772 50.771 50.770 50.770 50.770 50.769 50.768 50.768 50.767 50.767 50.767 50.765 50.766 50.766 50.768 50.765 50.769 50.770 50.771 50.771 50.775 50.775 50.776 50.776 50.777 50.777 50.776 50.776 50.776 50.776 50.777 50.776 50.779 50.779 50.778 50.778
50.784 50.784 50.784 50.786 50.785 50.786 50.786 50.786 50.779 50.778 50.778 50.778 50.778 50.778 50.780 50.780 50.777 50.777 50.777 50.777 50.778 50.777 50.777 50.777 50.777 50.773 50.773 50.774 50.774 50.773 50.773 50.772 50.772 50.771 50.770 50.769 50.769 50.770 50.768 50.768 50.766 50.767 50.765 50.764 50.764 50.764 50.766 50.766 50.766 50.771 50.771 50.775 50.775 50.775 50.776 50.777 50.777 50.776 50.775 50.775 50.776 50.776 50.776 50.779 50.779 50.779 50.778
50.784 50.784 50.784 50.784 50.785 50.785 50.785 50.777 50.784 50.779 50.779 50.778 50.778 50.778 50.779 50.779 50.777 50.777 50.777 50.777 50.778 50.779 50.779 50.779 50.772 50.772 50.773 50.772 50.771 50.770 50.770 50.772 50.772 50.768 50.768 50.768 50.769 50.769 50.768 50.768 50.766 50.766 50.768 50.768 50.767 50.763 50.763 50.764 50.766 50.765 50.773 50.774 50.775 50.775 50.776 50.776 50.776 50.776 50.775 50.775 50.776 50.777 50.776 50.778 50.778 50.779 50.780
50.783 50.784 50.784 50.784 50.784 50.785 50.785 50.784 50.784 50.779 50.779 50.777 50.777 50.779 50.779 50.779 50.779 50.776 50.776 50.778 50.778 50.778 50.779 50.779 50.772 50.772 50.773 50.772 50.772 50.772 50.771 50.771 50.771 50.768 50.768 50.768 50.768 50.769 50.768 50.768 50.766 50.766 50.766 50.763 50.763 50.763 50.764 50.764 50.764 50.764 50.764 50.774 50.774 50.775 50.776 50.775 50.776 50.776 50.775 50.776 50.776 50.777 50.777 50.778 50.778 50.780 50.780
50.782 50.785 50.784 50.784 50.784 50.784 50.785 50.785 50.785 50.784 50.778 50.777 50.777 50.779 50.778 50.778 50.778 50.778 50.778 50.777 50.777 50.777 50.778 50.775 50.774 50.774 50.773 50.773 50.772 50.772 50.770 50.770 50.770 50.769 50.769 50.768 50.768 50.768 50.768 50.768 50.765 50.767 50.767 50.767 50.762 50.762 50.764 50.764 50.764 50.764 50.764 50.765 50.774 50.776 50.776 50.777 50.778 50.778 50.777 50.777 50.776 50.776 50.778 50.777 50.776 50.780 50.780
50.777 50.777 50.783 50.783 50.784 50.783 50.783 50.783 50.783 50.784 50.781 50.781 50.783 50.782 50.774 50.774 50.774 50.778 50.777 50.777 50.776 50.777 50.777 50.774 50.774 50.774 50.774 50.773 50.773 50.769 50.770 50.770 50.770 50.769 50.769 50.767 50.768 50.768 50.767 50.766 50.765 50.766 50.767 50.764 50.765 50.765 50.764 50.764 50.765 50.763 50.763 50.765 50.767 50.776 50.776 50.777 50.778 50.778 50.777 50.777 50.779 50.779 50.778 50.777 50.776 50.782 50.781
50.777 50.777 50.782 50.782 50.782 50.783 50.782 50.782 50.783 50.782 50.782 50.782 50.783 50.773 50.773 50.773 50.774 50.774 50.775 50.776 50.776 50.776 50.770 50.770 50.769 50.773 50.773 50.768 50.772 50.769 50.770 50.770 50.768 50.768 50.768 50.770 50.771 50.769 50.769 50.766 50.766 50.766 50.766 50.764 50.764 50.764 50.764 50.764 50.765 50.765 50.764 50.764 50.761 50.766 50.766 50.778 50.778 50.779 50.779 50.778 50.778 50.779 50.777 50.777 50.783 50.783 50.782
50.776 50.780 50.779 50.782 50.782 50.781 50.782 50.781 50.781 50.774 50.773 50.782 50.783 50.773 50.773 50.773 50.773 50.774 50.775 50.775 50.769 50.769 50.768 50.768 50.769 50.766 50.768 50.768 50.772 50.769 50.770 50.770 50.768 50.768 50.770 50.770 50.769 50.765 50.765 50.764 50.765 50.766 50.766 50.767 50.764 50.764 50.764 50.765 50.765 50.765 50.764 50.764 50.765 50.762 50.770 50.770 50.778 50.778 50.777 50.771 50.780 50.779 50.773 50.778 50.776 50.775 50.782
50.779 50.780 50.780 50.781 50.781 50.780 50.781 50.781 50.781 50.773 50.773 50.782 50.774 50.774 50.774 50.775 50.775 50.775 50.775 50.768 50.768 50.768 50.768 50.768 50.768 50.766 50.766 50.768 50.767 50.766 50.769 50.769 50.769 50.769 50.770 50.769 50.769 50.769 50.765 50.764 50.764 50.764 50.766 50.766 50.766 50.765 50.763 50.765 50.765 50.765 50.763 50.764 50.764 50.762 50.769 50.770 50.771 50.769 50.769 50.770 50.780 50.773 50.773 50.779 50.779 50.776 50.776
50.779 50.779 50.779 50.781 50.781 50.780 50.780 50.782 50.782 50.773 50.773 50.784 50.784 50.774 50.774 50.771 50.775 50.775 50.770 50.770 50.769 50.769 50.768 50.768 50.768 50.767 50.767 50.767 50.767 50.767 50.771 50.771 50.770 50.770 50.771 50.771 50.769 50.764 50.764 50.763 50.764 50.768 50.765 50.766 50.766 50.766 50.763 50.763 50.764 50.764 50.763 50.763 50.764 50.764 50.764 50.764 50.768 50.769 50.769 50.769 50.769 50.769 50.768 50.769 50.772 50.772 50.776
50.778 50.773 50.773 50.774 50.780 50.779 50.776 50.772 50.782 50.773 50.783 50.784 50.784 50.773 50.772 50.771 50.771 50.770 50.770 50.770 50.769 50.769 50.767 50.767 50.767 50.766 50.769 50.766 50.766 50.766 50.771 50.771 50.762 50.762 50.762 50.768 50.768 50.768 50.763 50.763 50.767 50.764 50.767 50.766 50.767 50.767 50.767 50.767 50.765 50.765 50.764 50.763 50.764 50.765 50.762 50.768 50.768 50.769 50.769 50.770 50.769 50.769 50.768 50.773 50.772 50.772 50.773
50.773 50.773 50.773 50.773 50.775 50.779 50.781 50.781 50.778 50.778 50.784 50.784 50.784 50.772 50.772 50.771 50.765 50.765 50.764 50.765 50.765 50.763 50.763 50.769 50.768 50.764 50.765 50.765 50.765 50.763 50.762 50.762 50.762 50.761 50.761 50.763 50.763 50.766 50.766 50.766 50.766 50.766 50.763 50.763 50.765 50.765 50.766 50.766 50.765 50.765 50.765 50.763 50.764 50.765 50.766 50.767 50.767 50.768 50.770 50.770 50.770 50.770 50.771 50.770 50.772 50.774 50.774
50.775 50.777 50.777 50.776 50.776 50.776 50.777 50.777 50.777 50.778 50.778 50.760 50.762 50.762 50.760 50.761 50.761 50.765 50.765 50.764 50.764 50.764 50.765 50.762 50.765 50.764 50.764 50.764 50.763 50.763 50.763 50.763 50.763 50.762 50.762 50.762 50.763 50.761 50.761 50.761 50.765 50.769 50.763 50.763 50.768 50.768 50.768 50.766 50.766 50.766 50.765 50.763 50.764 50.767 50.767 50.767 50.767 50.768 50.768 50.771 50.770 50.771 50.771 50.772 50.772 50.771 50.774
