includes/estuary_coast/floodfiles/results/res.inittm
ncols         730
nrows         472
xllcorner     380617.130607
yllcorner     6542069.774949
cellsize      20.000000
NODATA_value  -9999.000000
[rows 261 to 289 of 472, columns 650 to 714 of 730]
-9999.000 -9999.000 -9999.000 -9999.000 -9999.000 -9999.000 -9999.000 -9999.000 0.000 50.979 -9999.000 -9999.000 51.470 49.979 49.826 24.989 24.965 24.945 24.943 0.000 0.000 0.000 0.000 0.000 0.000 0.000 0.000 49.805 49.822 49.844 49.861 -9999.000 -9999.000 -9999.000 52.308 52.218 52.183 -9999.000 52.184 52.120 52.082 52.044 52.023 51.968 51.945 51.935 51.968 52.014 52.043 52.407 -9999.000 51.625 -9999.000 -9999.000 -9999.000 49.791 49.794 0.000 0.000 0.000 0.000 0.000 0.000 0.000 51.111
-9999.000 -9999.000 -9999.000 -9999.000 -9999.000 51.819 51.608 -9999.000 -9999.000 0.000 -9999.000 -9999.000 50.923 50.025 50.111 50.226 24.945 0.000 0.000 0.000 0.000 0.000 0.000 0.000 0.000 49.771 49.743 49.831 49.841 -9999.000 -9999.000 -9999.000 -9999.000 52.301 52.204 52.186 52.145 52.104 -9999.000 52.216 52.064 52.036 51.971 51.946 51.916 51.903 51.931 51.936 52.062 -9999.000 51.626 51.602 51.579 51.325 -9999.000 49.775 49.761 49.736 0.000 0.000 0.000 0.000 0.000 0.000 0.000
-9999.000 -9999.000 -9999.000 51.614 51.452 50.876 51.015 -9999.000 -9999.000 50.713 0.000 -9999.000 51.485 50.903 50.687 25.405 24.943 0.000 0.000 0.000 0.000 0.000 0.000 0.000 49.867 49.819 49.760 -9999.000 -9999.000 -9999.000 52.282 52.111 -9999.000 -9999.000 52.181 52.135 52.113 52.084 52.076 -9999.000 52.079 51.986 51.964 51.893 51.893 51.878 51.889 51.910 52.028 -9999.000 51.657 -9999.000 51.388 51.305 -9999.000 -9999.000 49.774 49.788 12.895 0.000 0.000 0.000 0.000 0.000 0.000
-9999.000 -9999.000 51.390 51.130 51.001 50.846 50.770 50.937 -9999.000 50.850 25.459 25.451 49.592 50.905 25.421 25.402 0.000 0.000 0.000 0.000 0.000 0.000 0.000 49.727 49.761 49.780 -9999.000 -9999.000 -9999.000 52.478 52.178 52.077 52.031 -9999.000 52.483 52.061 52.089 52.068 52.051 52.037 52.064 52.007 51.907 51.875 51.843 51.830 51.826 51.852 -9999.000 -9999.000 51.703 -9999.000 51.354 51.285 51.275 -9999.000 49.786 49.772 49.758 0.000 0.000 0.000 0.000 0.000 0.000
-9999.000 51.226 51.140 51.216 51.079 50.759 50.629 51.068 -9999.000 -9999.000 25.415 25.412 25.423 25.423 25.405 0.000 0.000 0.000 0.000 0.000 0.000 0.000 49.849 49.766 49.776 -9999.000 -9999.000 52.029 -9999.000 52.311 52.069 51.891 51.978 51.930 52.056 52.032 52.061 52.045 52.030 52.021 51.966 51.946 51.879 51.851 51.819 51.793 51.770 51.784 52.235 -9999.000 51.746 -9999.000 51.306 51.275 51.263 -9999.000 -9999.000 49.793 49.777 13.160 0.000 0.000 0.000 0.000 0.000
-9999.000 -9999.000 51.024 51.080 51.096 50.707 50.580 50.812 51.088 50.703 25.113 25.093 25.404 25.405 25.403 0.000 0.000 0.000 0.000 0.000 0.000 0.000 49.784 49.783 -9999.000 -9999.000 51.991 51.898 52.103 -9999.000 52.021 51.834 51.900 51.865 51.900 51.943 51.971 52.026 52.012 51.974 51.953 51.902 51.856 51.834 51.816 51.769 51.758 51.768 51.710 -9999.000 51.788 -9999.000 51.331 51.241 51.229 51.234 -9999.000 -9999.000 49.794 49.848 12.009 0.000 0.000 0.000 0.000
-9999.000 -9999.000 50.991 50.824 50.784 50.671 50.281 50.215 50.150 50.056 51.443 25.075 25.199 13.157 0.000 0.000 0.000 0.000 0.000 0.000 0.000 49.798 49.805 -9999.000 -9999.000 52.179 52.258 51.873 51.709 -9999.000 51.896 51.769 51.941 51.825 51.802 51.875 51.968 52.002 51.974 51.958 51.944 51.926 51.881 51.935 51.792 51.763 51.727 51.725 51.688 -9999.000 51.831 -9999.000 51.292 51.228 51.209 51.206 51.188 -9999.000 49.813 49.805 0.000 0.000 0.000 0.000 0.000
-9999.000 51.378 51.332 50.965 50.937 50.890 50.851 50.294 50.733 49.434 51.565 25.056 25.115 24.851 0.000 0.000 0.000 0.000 0.000 0.000 49.882 49.817 -9999.000 -9999.000 51.925 52.135 51.855 51.676 51.683 51.710 51.866 51.709 51.679 51.752 51.759 51.835 51.975 52.206 51.965 51.941 51.925 51.903 51.888 51.872 51.779 51.759 51.715 51.672 51.651 -9999.000 52.017 51.980 51.293 51.196 51.192 51.179 51.168 -9999.000 49.832 49.824 25.698 12.427 0.000 0.000 0.000
-9999.000 51.514 51.071 51.012 51.105 51.388 50.928 50.458 49.754 25.086 25.060 25.037 0.000 0.000 0.000 0.000 0.000 0.000 0.000 0.000 49.809 49.827 -9999.000 52.014 51.891 51.820 51.702 51.632 51.651 51.709 -9999.000 51.667 51.636 51.676 51.728 51.749 51.836 51.908 -9999.000 51.924 51.909 51.893 51.868 51.785 51.765 51.732 51.696 51.678 51.634 -9999.000 -9999.000 51.379 51.362 51.182 51.169 51.162 51.152 -9999.000 -9999.000 49.824 49.808 24.901 0.000 0.000 0.000
-9999.000 51.503 51.205 -9999.000 51.418 51.437 50.971 -9999.000 -9999.000 25.071 25.051 25.035 0.000 0.000 0.000 0.000 0.000 0.000 0.000 49.876 49.831 -9999.000 -9999.000 52.406 51.853 51.801 51.760 51.543 51.586 51.672 51.541 51.561 51.620 51.636 51.658 51.726 51.755 51.904 52.075 52.214 51.884 51.864 51.836 51.802 51.769 51.747 51.707 51.637 51.593 51.584 -9999.000 51.408 51.588 51.221 51.136 51.121 51.140 51.153 -9999.000 49.800 49.784 12.948 0.000 0.000 0.000
-9999.000 51.557 -9999.000 -9999.000 -9999.000 51.477 51.015 -9999.000 -9999.000 50.740 25.038 24.899 0.000 0.000 0.000 0.000 0.000 0.000 0.000 49.841 49.861 -9999.000 51.995 51.843 51.982 51.687 51.478 51.442 51.542 51.519 51.459 51.569 51.725 51.668 51.769 51.774 51.838 51.861 51.973 52.085 52.315 51.851 51.823 51.806 51.782 51.743 51.724 51.640 51.571 51.563 51.749 51.432 -9999.000 51.178 51.122 51.109 51.101 51.139 -9999.000 -9999.000 49.790 0.000 0.000 0.000 0.000
51.992 51.684 -9999.000 -9999.000 51.707 51.496 -9999.000 51.176 50.961 50.921 25.038 12.952 0.000 0.000 0.000 0.000 0.000 0.000 49.825 49.838 49.851 -9999.000 51.908 51.792 51.812 51.547 51.412 51.405 51.447 51.418 51.442 51.462 51.525 51.702 51.738 51.829 51.853 51.946 51.968 52.002 51.968 51.885 51.801 51.782 51.764 51.744 51.714 51.774 51.557 51.544 51.636 51.483 -9999.000 51.143 51.129 51.078 51.077 51.106 51.461 -9999.000 49.808 49.845 24.954 0.000 0.000
-9999.000 51.920 51.969 52.013 -9999.000 -9999.000 51.399 -9999.000 -9999.000 -9999.000 25.038 13.371 12.696 0.000 0.000 0.000 0.000 0.000 49.756 49.786 -9999.000 -9999.000 51.461 51.523 51.345 51.487 51.338 51.365 51.347 51.369 51.388 51.535 51.640 51.669 51.737 51.804 51.827 51.877 52.121 52.029 51.987 51.961 51.801 51.764 51.751 51.704 51.683 51.651 51.584 51.523 51.509 -9999.000 51.173 51.172 51.108 51.047 51.026 51.122 51.090 -9999.000 50.817 49.834 25.290 0.000 0.000
-9999.000 -9999.000 -9999.000 -9999.000 50.166 0.000 25.429 -9999.000 -9999.000 -9999.000 25.038 0.000 0.000 0.000 0.000 0.000 0.000 0.000 50.501 49.846 -9999.000 51.453 51.420 51.353 51.305 51.386 51.238 51.261 51.313 51.322 51.398 51.429 51.588 51.613 51.707 51.754 52.155 52.007 52.061 52.108 52.042 51.996 52.037 51.756 51.713 51.696 51.679 51.568 51.550 51.509 51.495 51.541 51.149 51.137 51.037 50.990 50.975 50.959 50.862 50.840 50.821 49.853 49.841 13.692 0.000
-9999.000 -9999.000 -9999.000 -9999.000 -9999.000 -9999.000 25.163 0.000 0.000 25.060 25.038 0.000 0.000 0.000 0.000 0.000 0.000 0.000 49.729 50.692 -9999.000 51.415 51.311 51.358 51.256 51.261 51.178 51.164 51.244 51.298 51.371 51.444 51.520 51.625 51.921 51.690 51.859 51.948 52.049 52.134 52.046 51.993 51.975 52.051 51.697 51.679 51.572 51.538 51.501 51.678 51.476 51.482 51.204 -9999.000 51.026 50.961 50.937 50.914 50.887 50.860 50.846 50.817 49.861 49.964 0.000
-9999.000 -9999.000 -9999.000 -9999.000 -9999.000 -9999.000 -9999.000 -9999.000 -9999.000 25.060 25.038 0.000 0.000 0.000 0.000 0.000 0.000 49.843 49.744 49.785 -9999.000 51.190 51.184 51.166 51.116 51.099 51.113 51.132 51.188 51.258 51.287 51.381 51.464 51.507 51.594 51.618 51.761 51.786 52.281 -9999.000 52.205 51.975 51.907 51.984 51.960 51.689 51.680 51.511 51.489 51.476 51.467 51.437 51.378 -9999.000 51.012 50.982 50.989 50.983 50.890 50.866 50.841 50.821 49.883 49.912 50.003
-9999.000 -9999.000 -9999.000 -9999.000 -9999.000 -9999.000 -9999.000 -9999.000 -9999.000 -9999.000 25.038 0.000 0.000 0.000 0.000 0.000 0.000 49.659 49.826 49.794 -9999.000 51.125 51.101 51.063 51.056 51.064 51.088 51.098 51.174 51.296 51.305 51.386 51.382 51.462 51.482 51.860 51.791 52.070 51.978 -9999.000 52.069 52.035 51.822 51.800 51.781 51.763 51.702 -9999.000 51.507 51.490 51.478 -9999.000 -9999.000 51.139 51.128 51.022 50.995 50.972 50.955 50.880 50.861 50.846 50.817 49.899 49.899
-9999.000 -9999.000 -9999.000 -9999.000 -9999.000 -9999.000 -9999.000 -9999.000 -9999.000 -9999.000 25.038 0.000 0.000 0.000 0.000 0.000 0.000 49.719 49.731 49.792 -9999.000 51.478 51.276 51.030 51.029 51.025 51.031 51.068 51.096 51.128 51.274 51.310 51.326 51.443 51.471 51.799 51.821 51.926 51.949 -9999.000 52.149 -9999.000 -9999.000 51.950 51.958 51.915 51.950 -9999.000 -9999.000 51.507 51.478 51.465 -9999.000 51.158 51.208 51.038 51.019 50.987 50.953 50.953 50.863 50.841 50.821 49.812 49.795
-9999.000 -9999.000 -9999.000 -9999.000 -9999.000 -9999.000 -9999.000 -9999.000 -9999.000 -9999.000 25.038 0.000 0.000 0.000 0.000 0.000 0.000 49.732 49.743 49.768 -9999.000 51.349 51.265 51.001 51.005 51.000 51.018 51.043 51.061 51.134 51.160 51.182 51.297 51.344 51.444 51.466 51.969 51.953 51.888 51.860 51.835 51.932 51.905 52.131 52.149 51.765 51.660 51.610 51.560 51.471 51.452 51.441 51.520 51.203 -9999.000 51.042 51.021 50.968 50.940 50.921 50.879 50.860 50.845 50.816 49.817
-9999.000 -9999.000 -9999.000 -9999.000 -9999.000 -9999.000 51.315 51.246 51.094 51.684 25.038 0.000 0.000 0.000 0.000 0.000 12.673 49.920 50.075 -9999.000 -9999.000 51.413 51.222 50.970 50.978 50.986 50.975 51.031 51.116 51.105 51.140 51.218 51.252 51.389 51.540 51.634 -9999.000 52.025 51.897 51.960 51.761 -9999.000 51.826 51.728 51.721 51.610 51.581 51.565 51.530 51.455 51.437 51.424 51.412 51.352 -9999.000 51.037 50.987 50.968 50.950 50.933 50.881 50.859 50.837 50.820 49.825
-9999.000 -9999.000 -9999.000 -9999.000 -9999.000 51.419 51.186 51.688 50.941 51.595 25.038 0.000 0.000 0.000 0.000 0.000 12.469 49.746 49.761 -9999.000 51.264 50.968 50.955 50.951 50.953 50.903 50.955 51.010 51.042 51.072 51.140 51.188 51.346 51.434 51.515 52.310 51.904 51.889 51.870 51.855 51.722 -9999.000 52.022 51.696 51.682 51.646 51.628 51.594 51.559 51.563 51.448 51.436 51.423 -9999.000 51.179 51.165 51.003 50.989 50.968 50.966 50.930 51.141 50.866 -9999.000 -9999.000
-9999.000 -9999.000 -9999.000 -9999.000 -9999.000 -9999.000 51.123 51.009 50.912 25.051 25.036 0.000 0.000 0.000 0.000 0.000 49.791 49.775 49.794 -9999.000 51.212 -9999.000 50.805 50.864 50.928 50.890 50.905 50.990 51.013 51.108 51.137 51.170 51.326 -9999.000 51.899 51.802 51.873 51.785 51.791 51.581 51.645 51.902 -9999.000 51.728 51.697 51.696 51.608 51.586 51.567 51.502 51.485 51.480 51.480 -9999.000 51.206 51.613 51.068 51.025 51.021 51.087 51.094 51.028 50.884 50.904 -9999.000
-9999.000 -9999.000 -9999.000 -9999.000 -9999.000 -9999.000 -9999.000 -9999.000 51.040 25.038 0.000 0.000 0.000 0.000 0.000 0.000 49.900 49.874 49.834 -9999.000 50.947 51.298 50.792 50.795 50.815 50.836 50.935 50.965 50.991 51.096 51.470 52.126 51.742 51.242 51.320 51.337 51.507 51.547 51.458 51.512 51.596 51.712 52.286 52.059 51.714 51.684 51.654 51.659 51.712 51.706 51.638 51.678 51.677 51.763 51.278 -9999.000 51.167 51.132 51.212 51.480 51.097 51.062 51.704 51.036 51.049
-9999.000 -9999.000 -9999.000 -9999.000 -9999.000 -9999.000 -9999.000 -9999.000 51.263 25.038 0.000 0.000 0.000 0.000 0.000 0.000 49.797 49.813 49.843 -9999.000 50.915 -9999.000 50.577 50.784 50.797 50.814 50.912 51.005 51.077 -9999.000 51.126 51.161 51.179 51.224 51.247 51.273 51.307 51.348 51.425 51.489 51.521 51.684 51.843 52.027 51.813 51.710 51.771 51.881 51.745 51.679 51.636 51.620 51.605 51.594 51.555 -9999.000 51.184 51.152 51.214 51.167 51.106 51.078 51.098 51.050 51.062
0.000 -9999.000 -9999.000 -9999.000 -9999.000 -9999.000 -9999.000 -9999.000 50.783 25.038 0.000 0.000 0.000 0.000 0.000 0.000 49.915 25.042 25.061 -9999.000 50.885 51.406 50.509 50.845 50.807 50.958 51.555 51.013 51.000 51.042 51.095 51.074 51.188 51.216 51.250 51.277 51.311 51.341 51.373 51.480 51.516 51.557 51.719 -9999.000 -9999.000 51.743 51.751 51.737 51.691 51.674 51.658 51.633 51.622 51.605 -9999.000 51.210 51.194 51.173 51.249 51.199 51.115 51.097 -9999.000 51.505 51.080
0.000 0.000 -9999.000 -9999.000 51.448 51.076 25.720 25.438 25.048 25.038 0.000 0.000 0.000 0.000 0.000 24.974 24.996 25.019 49.771 50.735 50.857 50.431 50.487 50.517 50.786 50.812 50.843 50.925 50.947 50.969 50.996 51.033 51.310 51.312 51.284 51.304 51.516 51.372 51.479 51.506 51.645 51.893 51.818 51.839 -9999.000 51.781 51.792 51.747 51.728 51.708 51.673 51.652 51.635 51.621 -9999.000 51.223 -9999.000 51.544 51.285 51.233 51.285 51.124 51.408 51.724 51.117
0.000 0.000 -9999.000 0.000 0.000 51.091 -9999.000 -9999.000 25.052 25.036 0.000 0.000 0.000 0.000 0.000 24.977 49.744 50.121 49.942 50.138 50.164 50.197 50.837 50.550 50.597 50.804 50.851 50.872 50.967 50.989 51.036 51.118 51.167 51.190 51.216 51.252 51.285 51.347 51.462 51.738 51.815 51.804 51.844 51.939 -9999.000 52.100 51.796 51.782 51.734 51.710 51.687 51.605 51.569 51.563 -9999.000 51.266 -9999.000 51.359 51.316 51.251 51.302 51.151 51.371 51.310 51.187
0.000 0.000 -9999.000 -9999.000 -9999.000 -9999.000 -9999.000 -9999.000 -9999.000 0.000 0.000 0.000 0.000 0.000 0.000 24.977 49.566 49.831 49.855 50.952 50.568 50.430 50.962 50.580 50.634 50.826 50.847 50.868 50.891 50.939 51.038 51.089 51.143 51.168 51.201 51.244 51.279 51.511 51.498 51.646 51.701 51.770 51.853 51.901 51.915 -9999.000 51.833 51.800 51.751 51.722 51.702 51.648 51.552 51.537 51.525 51.471 -9999.000 51.439 51.366 51.270 51.323 51.385 51.349 51.330 51.505
-9999.000 -9999.000 -9999.000 -9999.000 -9999.000 -9999.000 -9999.000 -9999.000 -9999.000 -9999.000 0.000 0.000 0.000 0.000 0.000 24.976 50.599 49.870 49.874 49.929 -9999.000 51.272 50.841 50.793 50.852 50.912 50.867 50.887 50.909 50.956 50.983 51.065 51.556 51.200 51.296 51.395 51.392 51.546 51.548 51.581 51.703 51.722 51.748 51.882 51.992 -9999.000 -9999.000 51.839 51.802 51.724 51.705 51.638 51.565 51.551 51.537 -9999.000 51.614 51.597 51.386 51.372 51.583 51.403 51.422 51.463 51.432
