includes/estuary_coast/floodfiles/results/res.maxtm
ncols         730
nrows         472
xllcorner     380617.130607059982140
yllcorner     6542069.774948899634182
cellsize      20.000000000000000
NODATA_value  -9999.000000
[rows 180 to 209 of 472, columns 67 to 133 of 730]
50.871 50.871 50.870 50.870 50.873 50.872 50.872 50.872 50.870 50.866 50.866 50.864 50.864 50.863 50.863 50.863 50.863 50.863 50.857 50.857 50.859 50.853 50.853 50.852 50.851 50.852 50.849 50.850 50.850 50.849 50.849 50.849 50.849 50.851 50.850 50.849 50.850 50.848 50.849 50.849 50.850 50.846 50.846 50.846 50.847 50.847 50.845 50.846 50.847 50.847 50.846 50.850 50.850 50.849 50.849 50.849 50.849 50.852 50.852 50.853 50.853 50.852 50.855 50.858 50.858 50.858 50.859
50.872 50.871 50.872 50.870 50.870 50.872 50.871 50.873 50.873 50.866 50.865 50.864 50.864 50.864 50.863 50.864 50.865 50.864 50.856 50.855 50.855 50.856 50.854 50.854 50.853 50.851 50.850 50.850 50.850 50.850 50.850 50.850 50.850 50.850 50.850 50.849 50.850 50.849 50.848 50.848 50.848 50.845 50.845 50.846 50.847 50.847 50.848 50.847 50.847 50.847 50.847 50.849 50.850 50.850 50.849 50.851 50.853 50.853 50.854 50.853 50.853 50.854 50.858 50.857 50.858 50.858 50.859
50.873 50.872 50.871 50.870 50.870 50.872 50.873 50.873 50.873 50.872 50.867 50.867 50.866 50.865 50.864 50.864 50.865 50.864 50.860 50.858 50.855 50.855 50.855 50.855 50.854 50.854 50.850 50.850 50.849 50.849 50.849 50.850 50.850 50.850 50.850 50.849 50.849 50.847 50.847 50.848 50.848 50.844 50.844 50.846 50.846 50.846 50.848 50.848 50.847 50.848 50.848 50.849 50.849 50.850 50.851 50.852 50.853 50.854 50.854 50.855 50.854 50.854 50.857 50.857 50.857 50.858 50.859
50.873 50.874 50.872 50.871 50.871 50.872 50.872 50.871 50.872 50.872 50.867 50.867 50.866 50.865 50.866 50.866 50.865 50.860 50.857 50.856 50.857 50.856 50.856 50.856 50.855 50.854 50.850 50.850 50.850 50.850 50.851 50.852 50.849 50.850 50.850 50.851 50.848 50.851 50.851 50.851 50.852 50.843 50.844 50.844 50.846 50.847 50.847 50.846 50.847 50.847 50.848 50.849 50.849 50.850 50.850 50.852 50.852 50.854 50.854 50.855 50.855 50.855 50.855 50.856 50.856 50.858 50.858
50.877 50.875 50.871 50.870 50.871 50.871 50.872 50.871 50.872 50.872 50.868 50.867 50.868 50.866 50.866 50.866 50.859 50.858 50.858 50.857 50.857 50.856 50.856 50.856 50.855 50.855 50.852 50.853 50.851 50.850 50.850 50.852 50.852 50.849 50.850 50.850 50.852 50.852 50.851 50.851 50.851 50.844 50.844 50.845 50.845 50.845 50.844 50.845 50.846 50.847 50.847 50.849 50.848 50.850 50.851 50.852 50.852 50.853 50.853 50.854 50.855 50.855 50.855 50.856 50.856 50.857 50.856
50.875 50.876 50.874 50.872 50.871 50.871 50.870 50.870 50.870 50.870 50.870 50.869 50.868 50.868 50.867 50.867 50.858 50.857 50.857 50.857 50.857 50.858 50.855 50.855 50.855 50.855 50.855 50.852 50.852 50.852 50.853 50.853 50.853 50.853 50.850 50.850 50.849 50.849 50.850 50.850 50.841 50.844 50.843 50.845 50.845 50.846 50.845 50.845 50.846 50.847 50.848 50.848 50.848 50.851 50.851 50.852 50.852 50.854 50.854 50.855 50.855 50.856 50.855 50.855 50.855 50.857 50.857
50.876 50.874 50.873 50.873 50.872 50.872 50.871 50.870 50.870 50.870 50.870 50.869 50.869 50.869 50.868 50.858 50.858 50.857 50.857 50.857 50.857 50.858 50.858 50.859 50.854 50.854 50.854 50.855 50.852 50.852 50.852 50.853 50.853 50.852 50.851 50.851 50.852 50.851 50.849 50.840 50.841 50.843 50.843 50.843 50.843 50.846 50.845 50.845 50.846 50.847 50.848 50.849 50.849 50.849 50.852 50.853 50.852 50.855 50.855 50.855 50.855 50.855 50.855 50.855 50.855 50.855 50.855
50.876 50.868 50.873 50.872 50.871 50.872 50.870 50.871 50.870 50.870 50.869 50.869 50.870 50.870 50.869 50.859 50.859 50.859 50.858 50.858 50.857 50.858 50.858 50.858 50.858 50.858 50.854 50.854 50.854 50.854 50.854 50.854 50.853 50.852 50.852 50.852 50.851 50.851 50.841 50.840 50.841 50.842 50.842 50.844 50.844 50.844 50.846 50.846 50.847 50.847 50.848 50.849 50.849 50.849 50.851 50.853 50.853 50.853 50.853 50.854 50.854 50.855 50.856 50.856 50.856 50.856 50.856
50.871 50.870 50.868 50.870 50.871 50.871 50.870 50.869 50.869 50.870 50.869 50.869 50.870 50.870 50.863 50.864 50.859 50.859 50.858 50.859 50.858 50.859 50.859 50.860 50.860 50.856 50.855 50.855 50.854 50.854 50.855 50.854 50.854 50.854 50.852 50.851 50.851 50.851 50.841 50.841 50.841 50.842 50.842 50.842 50.845 50.845 50.846 50.846 50.847 50.847 50.848 50.848 50.850 50.851 50.851 50.852 50.853 50.854 50.853 50.853 50.854 50.854 50.855 50.855 50.855 50.855 50.855
50.871 50.869 50.868 50.868 50.864 50.865 50.865 50.868 50.867 50.866 50.867 50.867 50.863 50.863 50.863 50.863 50.860 50.860 50.860 50.859 50.859 50.860 50.860 50.860 50.860 50.860 50.856 50.855 50.855 50.855 50.855 50.855 50.855 50.854 50.853 50.853 50.854 50.840 50.840 50.842 50.841 50.842 50.842 50.840 50.841 50.841 50.846 50.846 50.847 50.848 50.847 50.847 50.850 50.850 50.852 50.853 50.853 50.852 50.852 50.853 50.854 50.855 50.855 50.855 50.855 50.853 50.855
50.869 50.867 50.866 50.867 50.866 50.866 50.866 50.867 50.867 50.866 50.866 50.867 50.863 50.862 50.862 50.862 50.862 50.862 50.861 50.862 50.860 50.861 50.861 50.861 50.861 50.861 50.863 50.857 50.856 50.856 50.856 50.858 50.858 50.855 50.853 50.849 50.849 50.838 50.838 50.839 50.840 50.840 50.840 50.840 50.840 50.840 50.841 50.837 50.837 50.838 50.837 50.837 50.851 50.839 50.839 50.852 50.852 50.852 50.852 50.853 50.853 50.853 50.853 50.853 50.853 50.853 50.854
50.867 50.866 50.865 50.866 50.866 50.866 50.866 50.866 50.865 50.866 50.866 50.865 50.863 50.863 50.864 50.862 50.862 50.862 50.861 50.862 50.862 50.862 50.862 50.862 50.862 50.861 50.862 50.858 50.858 50.857 50.857 50.857 50.857 50.858 50.844 50.845 50.837 50.838 50.838 50.839 50.838 50.838 50.839 50.839 50.840 50.840 50.840 50.837 50.838 50.839 50.839 50.840 50.840 50.838 50.839 50.840 50.840 50.851 50.851 50.853 50.853 50.854 50.850 50.850 50.851 50.851 50.852
50.867 50.867 50.866 50.865 50.866 50.867 50.867 50.868 50.866 50.865 50.865 50.864 50.864 50.864 50.864 50.863 50.863 50.863 50.863 50.862 50.863 50.863 50.863 50.863 50.863 50.864 50.864 50.865 50.857 50.858 50.858 50.857 50.857 50.847 50.848 50.846 50.837 50.837 50.838 50.839 50.839 50.839 50.839 50.838 50.839 50.839 50.841 50.838 50.838 50.839 50.838 50.840 50.841 50.841 50.842 50.840 50.841 50.841 50.842 50.849 50.848 50.848 50.849 50.849 50.849 50.848 50.849
50.867 50.867 50.865 50.865 50.866 50.864 50.866 50.869 50.867 50.864 50.866 50.864 50.865 50.865 50.864 50.864 50.864 50.864 50.863 50.862 50.863 50.863 50.864 50.864 50.863 50.865 50.865 50.866 50.857 50.858 50.858 50.858 50.859 50.859 50.847 50.846 50.838 50.838 50.838 50.839 50.837 50.837 50.838 50.839 50.839 50.839 50.841 50.839 50.839 50.839 50.840 50.839 50.840 50.842 50.842 50.842 50.842 50.846 50.846 50.846 50.848 50.848 50.849 50.849 50.849 50.849 50.849
50.869 50.866 50.866 50.865 50.864 50.865 50.865 50.865 50.868 50.869 50.869 50.869 50.867 50.866 50.865 50.863 50.864 50.863 50.863 50.864 50.865 50.863 50.864 50.864 50.864 50.865 50.865 50.866 50.864 50.859 50.858 50.858 50.858 50.844 50.845 50.845 50.838 50.839 50.839 50.838 50.837 50.838 50.838 50.839 50.840 50.840 50.840 50.840 50.840 50.839 50.840 50.840 50.840 50.843 50.843 50.843 50.844 50.847 50.847 50.847 50.848 50.848 50.847 50.847 50.847 50.847 50.850
50.870 50.868 50.867 50.864 50.864 50.865 50.865 50.866 50.867 50.870 50.871 50.867 50.867 50.867 50.867 50.865 50.863 50.863 50.863 50.864 50.865 50.865 50.865 50.865 50.866 50.865 50.865 50.865 50.863 50.863 50.860 50.859 50.859 50.844 50.845 50.846 50.840 50.837 50.837 50.838 50.837 50.837 50.839 50.839 50.838 50.840 50.840 50.841 50.841 50.841 50.840 50.841 50.841 50.841 50.844 50.844 50.844 50.844 50.846 50.847 50.847 50.847 50.847 50.848 50.848 50.848 50.848
50.869 50.869 50.863 50.866 50.865 50.865 50.865 50.865 50.868 50.870 50.870 50.869 50.868 50.867 50.867 50.866 50.865 50.864 50.865 50.863 50.865 50.864 50.864 50.865 50.864 50.864 50.865 50.866 50.863 50.862 50.861 50.861 50.844 50.844 50.845 50.835 50.835 50.840 50.834 50.835 50.836 50.836 50.838 50.838 50.839 50.839 50.839 50.839 50.839 50.840 50.840 50.840 50.841 50.842 50.842 50.843 50.845 50.845 50.846 50.846 50.846 50.846 50.847 50.846 50.846 50.846 50.848
50.865 50.864 50.867 50.866 50.867 50.867 50.867 50.866 50.870 50.870 50.870 50.869 50.869 50.869 50.869 50.869 50.868 50.864 50.865 50.866 50.865 50.864 50.864 50.865 50.865 50.864 50.865 50.864 50.862 50.862 50.862 50.861 50.861 50.846 50.847 50.834 50.835 50.834 50.834 50.835 50.835 50.835 50.834 50.838 50.840 50.839 50.838 50.838 50.839 50.840 50.840 50.839 50.841 50.842 50.842 50.844 50.844 50.845 50.846 50.846 50.846 50.846 50.847 50.847 50.846 50.846 50.847
50.866 50.864 50.865 50.866 50.867 50.867 50.868 50.866 50.870 50.869 50.869 50.869 50.869 50.870 50.868 50.869 50.868 50.866 50.866 50.866 50.864 50.864 50.865 50.865 50.864 50.864 50.865 50.866 50.862 50.862 50.862 50.862 50.863 50.846 50.846 50.834 50.834 50.834 50.834 50.835 50.836 50.835 50.835 50.836 50.836 50.838 50.838 50.839 50.839 50.840 50.840 50.840 50.840 50.843 50.843 50.843 50.844 50.845 50.844 50.844 50.844 50.845 50.844 50.844 50.846 50.847 50.847
50.866 50.865 50.865 50.868 50.867 50.867 50.867 50.867 50.870 50.871 50.871 50.870 50.870 50.870 50.868 50.869 50.871 50.866 50.866 50.867 50.867 50.865 50.866 50.864 50.863 50.865 50.865 50.867 50.864 50.861 50.863 50.863 50.863 50.845 50.836 50.835 50.835 50.837 50.834 50.836 50.836 50.836 50.836 50.836 50.836 50.836 50.837 50.837 50.839 50.839 50.841 50.842 50.840 50.841 50.842 50.842 50.843 50.844 50.845 50.844 50.844 50.844 50.844 50.844 50.845 50.845 50.845
50.867 50.869 50.868 50.867 50.867 50.866 50.866 50.866 50.869 50.870 50.871 50.871 50.871 50.871 50.872 50.870 50.871 50.871 50.866 50.866 50.867 50.868 50.869 50.865 50.864 50.864 50.865 50.863 50.864 50.865 50.864 50.863 50.863 50.835 50.835 50.836 50.836 50.836 50.838 50.835 50.836 50.838 50.838 50.837 50.837 50.836 50.836 50.836 50.837 50.837 50.837 50.841 50.841 50.841 50.842 50.842 50.844 50.844 50.845 50.845 50.844 50.842 50.845 50.845 50.845 50.845 50.844
50.868 50.868 50.868 50.866 50.866 50.866 50.867 50.868 50.869 50.869 50.872 50.871 50.871 50.871 50.871 50.870 50.871 50.871 50.871 50.868 50.869 50.868 50.869 50.868 50.868 50.861 50.862 50.863 50.864 50.865 50.865 50.863 50.864 50.836 50.837 50.837 50.836 50.836 50.837 50.838 50.837 50.838 50.838 50.837 50.836 50.835 50.836 50.836 50.837 50.837 50.837 50.838 50.839 50.842 50.843 50.843 50.844 50.844 50.845 50.843 50.843 50.843 50.843 50.844 50.843 50.843 50.844
50.867 50.867 50.867 50.867 50.867 50.864 50.867 50.868 50.871 50.871 50.871 50.870 50.871 50.871 50.871 50.870 50.870 50.871 50.871 50.871 50.870 50.870 50.861 50.862 50.862 50.860 50.862 50.862 50.864 50.865 50.864 50.864 50.864 50.836 50.837 50.837 50.837 50.837 50.837 50.837 50.837 50.836 50.836 50.836 50.836 50.836 50.837 50.837 50.838 50.838 50.839 50.839 50.839 50.840 50.843 50.843 50.843 50.843 50.844 50.844 50.843 50.843 50.843 50.844 50.844 50.843 50.844
50.866 50.866 50.865 50.865 50.865 50.865 50.869 50.869 50.868 50.871 50.871 50.870 50.872 50.872 50.872 50.869 50.870 50.870 50.870 50.870 50.870 50.870 50.860 50.862 50.862 50.860 50.860 50.861 50.863 50.863 50.863 50.863 50.863 50.838 50.838 50.838 50.838 50.838 50.838 50.839 50.840 50.840 50.840 50.837 50.837 50.837 50.837 50.836 50.839 50.839 50.839 50.839 50.839 50.839 50.841 50.841 50.843 50.844 50.844 50.841 50.841 50.841 50.842 50.844 50.844 50.843 50.843
50.867 50.866 50.865 50.866 50.865 50.865 50.869 50.869 50.869 50.871 50.871 50.871 50.871 50.872 50.873 50.870 50.871 50.871 50.870 50.870 50.869 50.869 50.860 50.871 50.871 50.861 50.860 50.860 50.863 50.863 50.864 50.864 50.863 50.838 50.838 50.839 50.839 50.839 50.839 50.840 50.840 50.840 50.839 50.838 50.838 50.838 50.838 50.838 50.838 50.838 50.838 50.839 50.840 50.840 50.840 50.841 50.841 50.841 50.842 50.842 50.841 50.842 50.842 50.842 50.842 50.843 50.843
50.867 50.864 50.864 50.864 50.867 50.867 50.867 50.870 50.870 50.869 50.872 50.871 50.874 50.874 50.873 50.870 50.871 50.872 50.870 50.874 50.869 50.864 50.864 50.870 50.870 50.871 50.865 50.861 50.862 50.862 50.864 50.864 50.865 50.875 50.839 50.839 50.840 50.840 50.840 50.840 50.840 50.840 50.839 50.839 50.839 50.840 50.838 50.838 50.838 50.837 50.838 50.840 50.840 50.840 50.841 50.842 50.842 50.842 50.842 50.842 50.841 50.842 50.842 50.842 50.842 50.842 50.842
50.863 50.864 50.864 50.863 50.866 50.866 50.867 50.867 50.869 50.869 50.869 50.873 50.873 50.873 50.866 50.866 50.871 50.872 50.873 50.874 50.872 50.873 50.873 50.866 50.863 50.863 50.863 50.863 50.861 50.862 50.866 50.864 50.865 50.875 50.838 50.838 50.838 50.841 50.840 50.841 50.841 50.840 50.840 50.840 50.839 50.840 50.840 50.839 50.839 50.839 50.840 50.840 50.840 50.840 50.841 50.841 50.840 50.840 50.841 50.841 50.840 50.842 50.842 50.841 50.841 50.840 50.841
50.863 50.864 50.864 50.862 50.862 50.866 50.868 50.868 50.867 50.865 50.871 50.866 50.873 50.873 50.874 50.874 50.865 50.865 50.866 50.865 50.866 50.866 50.867 50.872 50.864 50.863 50.863 50.862 50.861 50.862 50.866 50.873 50.874 50.875 50.872 50.872 50.838 50.841 50.841 50.841 50.842 50.842 50.840 50.841 50.838 50.840 50.839 50.839 50.840 50.839 50.840 50.839 50.839 50.840 50.840 50.839 50.840 50.840 50.840 50.840 50.840 50.840 50.840 50.840 50.840 50.840 50.840
50.863 50.863 50.863 50.863 50.862 50.861 50.868 50.868 50.866 50.867 50.867 50.872 50.872 50.868 50.865 50.864 50.864 50.864 50.865 50.865 50.866 50.866 50.867 50.868 50.864 50.868 50.863 50.862 50.861 50.861 50.872 50.872 50.871 50.873 50.873 50.872 50.872 50.872 50.843 50.843 50.842 50.843 50.843 50.837 50.838 50.837 50.839 50.836 50.837 50.837 50.838 50.839 50.839 50.840 50.840 50.840 50.840 50.840 50.840 50.840 50.840 50.839 50.839 50.840 50.840 50.840 50.840
50.861 50.863 50.863 50.863 50.861 50.860 50.860 50.859 50.866 50.866 50.871 50.871 50.872 50.864 50.864 50.866 50.863 50.863 50.865 50.864 50.865 50.866 50.867 50.865 50.869 50.869 50.862 50.869 50.860 50.869 50.879 50.871 50.876 50.877 50.874 50.873 50.872 50.872 50.873 50.842 50.842 50.842 50.843 50.839 50.839 50.837 50.838 50.837 50.837 50.837 50.838 50.838 50.838 50.839 50.837 50.838 50.838 50.840 50.839 50.840 50.840 50.840 50.840 50.840 50.840 50.840 50.837
