includes/estuary_coast/floodfiles/results/res.dem
ncols         730
nrows         472
xllcorner     380617.130607
yllcorner     6542069.774949
cellsize      20.000000
NODATA_value  -9999.000000
[rows 363 to 395 of 472, columns 456 to 531 of 730]
3.460 3.280 3.114 3.077 3.370 3.383 3.726 6.315 6.315 6.315 3.037 3.009 2.990 3.028 3.065 2.997 2.944 3.014 2.939 2.940 2.930 2.916 2.912 -6.576 -7.130 -7.149 -7.100 -6.856 -6.707 -6.702 -6.707 -6.689 -6.452 -7.100 -6.681 -6.076 1.675 3.177 3.053 3.412 3.653 3.731 3.112 3.112 2.936 2.877 2.876 2.854 2.909 2.886 2.871 2.882 2.845 2.962 2.966 2.554 2.789 2.970 2.997 2.950 3.006 2.861 2.979 2.747 2.908 2.923 2.936 2.906 2.893 2.855 2.944 2.876 2.958 2.900 2.963 3.054
3.156 3.253 3.408 3.404 3.580 5.122 6.614 5.106 5.155 6.315 6.315 6.315 3.050 3.030 3.059 2.962 3.010 2.940 2.927 2.933 2.822 2.982 3.116 3.184 2.003 -6.878 -7.130 -7.107 -6.751 -6.702 -6.724 -6.794 -6.744 -7.105 -7.206 -7.130 -6.501 -2.884 3.189 3.346 3.164 3.146 3.509 3.112 3.112 2.934 2.835 2.784 2.891 2.898 2.887 2.945 2.742 2.220 2.119 2.574 2.555 2.886 2.990 2.937 2.865 2.916 2.966 2.821 2.724 2.951 2.919 2.888 2.840 2.943 2.915 2.859 2.902 2.940 2.972 3.163
3.305 3.185 3.621 4.612 8.260 11.687 12.623 12.694 12.605 12.450 10.170 6.315 6.315 6.315 3.040 3.049 2.981 2.968 2.979 2.886 2.977 3.247 3.136 3.310 2.902 2.843 -5.360 -6.293 -6.966 -6.751 -6.716 -6.704 -6.709 -7.103 -7.918 -7.081 -7.015 -6.680 -4.924 3.157 3.084 3.100 3.237 3.485 3.112 3.112 2.970 2.853 2.880 3.056 3.022 2.900 3.001 2.900 2.423 2.628 2.614 2.811 2.910 2.912 2.899 2.916 2.876 2.804 2.869 2.757 2.809 2.894 2.951 2.954 2.932 2.880 2.898 2.939 2.956 2.997
3.569 3.266 3.634 5.850 11.305 12.292 12.673 12.716 12.759 12.723 12.811 12.505 9.161 6.315 6.315 3.027 3.051 3.036 2.923 2.961 3.274 2.979 3.257 3.088 3.256 2.656 3.667 2.099 -6.801 -7.079 -6.801 -6.708 -6.703 -6.731 -6.712 -5.840 -5.873 -6.970 -7.130 -5.868 3.384 3.157 3.135 3.102 3.442 3.112 3.112 2.985 2.717 2.710 2.505 2.314 2.810 2.822 2.404 2.792 2.652 2.921 2.926 2.920 2.871 2.594 2.798 2.756 2.817 2.751 2.890 2.950 2.904 2.878 2.886 2.932 2.850 2.926 2.913 2.916
3.309 3.185 3.572 9.073 11.578 12.406 12.743 12.922 12.851 12.916 13.087 13.061 13.104 13.299 6.315 6.315 3.022 2.998 2.974 3.289 3.305 3.034 3.216 3.055 2.748 2.820 2.830 3.257 2.926 -5.337 -6.880 -6.870 -6.738 -6.703 -6.703 -6.595 -6.432 -5.696 -6.986 -7.120 -6.443 3.269 3.136 3.048 3.186 3.482 3.112 3.112 3.032 2.840 2.744 2.870 2.625 2.686 2.912 2.820 2.533 2.801 2.944 2.864 2.721 2.747 3.000 2.827 3.097 2.899 2.875 2.853 2.885 2.865 2.949 2.961 2.919 2.888 2.968 2.853
3.167 3.253 4.985 11.101 11.998 12.503 12.880 12.983 13.141 13.298 13.317 13.449 13.299 13.302 10.485 6.315 6.315 3.027 3.175 3.057 3.199 3.069 3.312 2.988 2.737 2.881 2.797 2.762 2.907 2.876 -2.728 -6.586 -7.075 -6.746 -6.728 -6.704 -6.680 -6.624 -6.769 -7.078 -7.114 -4.960 3.251 3.170 3.087 3.160 3.112 3.472 3.058 2.816 2.487 2.167 2.691 2.702 2.795 2.289 2.741 2.782 2.839 2.754 2.675 3.024 2.902 2.815 2.836 2.908 2.986 2.904 2.899 2.826 2.899 2.973 2.924 2.867 2.842 2.885
3.220 3.524 8.829 11.528 12.220 12.792 13.151 13.214 13.556 13.564 13.538 13.588 13.525 13.272 13.060 11.716 6.315 6.315 3.065 3.035 3.235 3.158 3.461 2.777 2.905 2.848 2.746 2.796 2.679 2.790 3.570 1.449 -7.084 -7.096 -6.968 -6.754 -6.711 -6.704 -6.737 -6.843 -6.870 -6.887 -6.311 3.228 3.178 3.050 3.350 3.472 2.856 2.989 2.609 2.508 2.625 2.580 2.791 2.536 2.547 2.375 2.929 2.689 2.912 2.971 2.850 2.820 2.904 2.840 2.910 2.870 2.949 2.869 2.909 2.969 2.908 2.967 2.954 2.959
3.648 6.498 11.562 11.957 12.691 13.079 13.242 13.638 13.700 13.752 13.679 13.858 13.805 13.551 13.367 13.056 9.688 6.315 2.991 3.143 3.093 3.579 3.221 2.773 2.857 2.897 2.791 2.744 2.783 2.678 2.861 3.720 2.173 -5.733 -6.997 -7.068 -6.804 -6.726 -6.705 -6.705 -6.714 -6.706 -6.853 -6.681 3.106 3.039 3.327 3.472 3.472 3.063 2.698 2.553 2.555 2.779 2.800 2.819 2.854 2.855 2.447 2.407 2.845 2.851 2.928 2.758 2.814 2.873 2.854 2.805 3.029 2.998 2.942 2.959 2.981 2.953 2.882 2.865
4.193 10.578 11.828 12.475 12.930 13.256 13.758 13.851 13.844 13.860 13.911 13.850 13.783 13.661 13.521 13.125 13.368 6.315 3.237 3.168 3.081 3.691 2.781 2.850 2.951 2.758 2.814 2.690 2.720 2.715 2.808 2.769 3.141 2.214 -3.833 -6.697 -7.097 -6.907 -6.741 -6.705 -6.704 -6.498 -5.260 -7.022 -6.990 3.201 3.031 1.504 3.472 3.472 2.968 2.523 2.669 2.806 2.841 2.923 2.922 2.974 2.796 2.948 2.540 2.929 2.905 2.815 2.828 2.789 2.732 2.877 2.998 2.919 2.950 3.027 3.052 2.950 2.928 2.933
7.802 11.742 12.409 12.885 13.114 13.531 13.898 14.049 13.979 13.997 13.897 13.826 13.679 13.668 13.490 13.251 13.683 6.315 3.248 3.142 3.107 3.892 2.788 2.885 2.857 2.824 2.724 2.724 2.661 2.733 2.644 2.812 2.679 2.817 2.666 -1.705 -6.187 -7.108 -7.067 -6.716 -6.725 -6.922 -5.657 -5.186 -6.843 -5.656 -3.926 -0.454 3.672 3.472 3.472 2.849 2.714 2.805 2.844 2.888 2.845 2.892 2.913 2.861 3.042 3.062 2.675 2.950 2.767 2.779 2.989 2.928 2.988 2.929 2.946 2.902 2.857 2.884 2.905 2.997
9.741 12.113 12.922 13.300 13.818 14.065 13.951 14.166 14.172 14.053 14.169 13.980 13.756 13.696 13.547 13.236 9.712 6.315 3.188 3.196 3.531 3.258 2.903 2.849 2.801 2.757 2.772 2.712 2.698 2.733 2.868 2.714 2.769 2.683 2.655 2.878 -0.080 -5.988 -7.072 -7.161 -8.795 -7.646 -6.362 -5.666 -5.721 -5.802 -5.197 -4.154 3.053 2.974 3.472 3.472 3.061 2.950 2.858 2.860 2.907 2.880 2.898 2.944 2.947 2.993 3.124 3.143 2.728 2.675 2.797 2.888 2.889 2.940 3.013 2.841 2.861 2.900 2.925 2.947
11.748 12.789 13.418 13.668 13.901 13.965 14.135 14.347 14.413 14.416 14.070 13.970 13.968 13.756 13.402 13.332 4.570 6.315 3.208 3.348 3.689 3.279 3.089 3.018 2.811 2.808 2.749 2.663 2.753 2.646 2.759 2.759 2.734 2.803 2.695 2.720 3.549 -0.861 -5.909 -6.976 -8.807 -8.323 -7.545 -6.865 -6.229 -5.919 -5.176 3.219 2.978 2.969 2.960 3.472 3.122 3.028 2.870 2.870 2.893 2.907 2.884 2.891 2.911 2.953 2.911 2.783 2.937 2.988 2.974 2.832 2.957 3.039 2.901 2.972 2.881 2.878 2.905 2.956
12.425 13.138 13.952 13.836 13.960 14.173 14.238 14.403 14.523 14.453 14.205 14.065 13.834 13.617 13.321 11.300 4.151 6.315 3.192 3.247 3.725 3.381 3.146 2.972 2.915 2.867 2.780 2.733 2.613 2.802 2.684 2.857 2.678 2.750 2.861 2.731 2.636 2.930 -0.467 -4.577 -6.936 -8.401 -8.674 -7.757 -6.785 -6.044 -5.653 -5.148 3.088 3.007 2.941 3.472 3.472 3.062 2.885 2.849 2.859 2.923 2.933 2.889 2.985 3.161 2.890 2.767 2.646 2.892 3.684 2.955 2.915 2.949 2.904 2.832 2.825 2.821 2.852 2.822
13.118 13.373 13.800 14.251 14.425 14.346 14.668 14.685 14.683 14.300 14.326 14.032 13.820 13.541 13.368 8.050 6.315 6.315 3.135 3.263 3.825 3.172 3.157 3.079 2.992 2.873 2.793 2.779 2.660 2.665 2.763 2.694 2.767 2.658 2.754 2.774 2.675 2.511 1.840 -0.517 -3.908 -6.884 -8.588 -8.211 -7.848 -7.123 -6.276 -5.301 -5.679 2.937 3.044 2.994 3.472 3.472 3.056 2.825 2.878 2.941 2.970 3.012 3.144 2.969 2.913 2.937 2.790 2.763 3.136 2.891 2.925 2.882 2.801 2.810 2.893 2.943 2.848 2.881
13.668 13.848 14.401 14.418 14.417 14.524 14.641 14.519 14.502 14.402 14.269 13.988 13.742 13.470 13.211 6.414 6.315 3.285 3.209 3.241 3.836 3.084 3.236 3.082 3.036 2.914 2.885 2.679 2.696 2.656 2.686 2.690 2.778 2.722 2.726 2.716 2.749 2.679 2.631 1.335 -0.921 -3.314 -6.177 -8.310 -8.397 -7.371 -6.402 -5.949 -5.190 -4.945 3.070 2.963 2.932 3.472 3.472 3.025 2.835 2.905 3.217 3.190 2.818 2.917 2.871 2.964 2.986 2.678 2.979 3.600 2.884 2.762 2.721 2.850 2.962 2.970 2.906 2.840
13.956 14.393 14.557 14.517 14.452 14.541 14.675 14.643 14.427 14.056 14.170 13.894 13.690 13.371 11.584 4.096 6.315 3.251 3.372 3.302 3.584 3.264 3.243 3.191 3.002 3.070 2.947 2.934 2.759 2.820 2.672 2.730 2.672 2.551 2.675 2.742 2.607 2.708 2.688 3.203 0.845 -0.227 -3.390 -6.609 -8.346 -8.033 -7.490 -6.447 -5.724 -4.980 3.046 3.006 2.962 3.003 3.472 3.472 2.968 2.791 3.160 2.939 2.905 2.951 2.845 3.036 3.001 2.879 2.779 3.145 2.998 2.810 2.893 2.825 2.947 2.898 2.887 2.884
14.489 14.789 14.478 14.587 14.471 14.591 14.519 14.387 14.332 14.281 14.009 13.895 13.803 13.355 7.762 6.315 6.315 3.181 3.147 3.259 3.577 3.278 3.373 3.248 3.001 3.128 3.042 2.979 2.867 2.791 2.668 2.561 2.692 2.569 2.652 2.744 2.594 2.691 2.720 2.695 3.084 0.027 -1.056 -4.131 -6.944 -8.036 -7.544 -6.914 -6.138 -5.434 -4.772 3.003 3.103 3.021 2.954 3.472 3.029 2.823 2.999 2.937 2.903 2.873 2.972 2.944 2.945 2.940 2.512 3.347 3.649 2.882 2.873 2.897 2.869 2.852 2.834 3.029
14.984 14.814 14.547 14.544 14.802 14.682 14.384 14.471 14.626 14.584 13.889 13.682 13.462 13.243 5.447 6.315 3.087 3.191 3.187 3.367 3.400 3.140 3.290 3.392 3.231 3.090 3.037 3.004 3.059 2.908 2.793 2.769 2.421 2.631 2.518 2.615 2.671 2.629 2.534 2.655 2.780 3.239 -0.215 -1.765 -4.904 -6.771 -7.443 -7.154 -6.462 -6.068 -5.284 -3.981 2.991 3.033 2.993 3.472 3.472 3.110 2.935 2.922 2.940 2.988 2.973 2.917 2.844 2.972 2.959 2.690 3.079 3.640 3.174 2.848 2.850 2.869 3.139 4.199
15.045 14.953 14.659 14.737 14.804 14.621 14.661 14.801 14.736 14.244 13.794 13.628 13.015 12.727 5.435 6.315 3.163 3.211 3.253 3.673 3.229 3.005 3.038 3.309 3.414 3.179 3.089 3.108 3.043 3.058 2.910 2.787 2.567 2.537 2.573 2.651 2.619 2.681 2.582 2.532 2.502 2.782 2.709 0.009 -2.757 -5.630 -6.791 -7.071 -6.745 -6.481 -5.615 -4.628 3.012 2.995 3.026 2.985 3.472 3.472 3.102 3.063 2.914 2.942 3.015 2.958 3.010 2.935 2.955 2.911 2.767 2.667 3.610 3.081 2.864 2.974 4.440 2.441
14.983 15.085 15.037 15.063 14.937 14.909 14.809 14.904 14.532 14.145 13.525 13.458 13.138 11.821 4.868 6.315 3.119 3.263 3.122 3.604 2.995 3.205 3.148 3.114 3.362 3.409 3.165 3.010 3.107 3.014 3.051 2.807 2.615 2.626 2.511 2.546 2.584 2.647 2.602 2.508 2.501 2.613 2.524 1.481 -0.732 -3.513 -6.418 -8.025 -7.436 -6.502 -6.292 -5.472 -4.775 3.002 3.051 3.000 2.984 3.472 3.170 3.186 2.878 2.968 2.899 2.978 2.995 2.960 2.944 2.975 2.842 2.951 3.011 2.967 3.095 4.185 2.387 3.129
15.026 15.161 15.231 15.208 15.002 14.976 15.032 14.720 14.263 14.072 13.816 13.404 12.865 11.757 5.413 6.315 3.173 3.242 3.204 3.558 3.067 3.128 3.149 3.230 3.275 3.010 3.142 3.184 3.171 2.940 3.012 3.026 2.922 2.621 2.552 2.578 2.504 2.651 2.539 2.465 2.560 2.537 2.592 2.920 -0.194 -2.908 -4.849 -6.385 -7.576 -7.262 -6.710 -5.433 -4.411 3.057 3.025 3.033 2.988 3.472 3.472 3.114 2.813 2.860 2.993 2.953 2.996 2.941 2.903 2.962 2.987 2.781 3.109 3.215 4.209 2.159 3.094 3.037
15.302 15.388 15.284 15.462 15.184 15.308 15.047 14.592 14.331 14.207 13.453 13.339 13.118 11.944 4.648 6.315 3.210 3.186 3.059 3.390 3.226 3.261 3.151 3.034 3.065 3.857 4.707 8.728 7.189 3.910 2.890 3.044 3.030 2.924 2.689 2.558 2.561 2.447 2.597 2.591 2.569 2.425 2.546 2.599 2.120 -0.607 -2.521 -6.070 -8.418 -7.441 -7.014 -6.025 -4.867 -3.833 3.019 3.048 2.987 3.038 3.472 3.472 3.004 2.858 2.947 2.994 2.397 3.035 2.952 2.953 2.943 2.981 2.751 3.015 2.284 3.054 2.983 3.019
15.570 15.622 15.405 15.582 15.382 15.360 15.030 14.615 14.331 14.047 13.888 13.297 13.022 12.721 6.271 6.315 3.293 3.241 3.566 3.319 3.216 3.248 3.238 3.276 3.487 4.924 9.197 10.824 11.469 11.580 5.659 2.896 2.970 2.897 2.867 2.682 2.522 2.482 2.544 2.572 2.633 2.661 2.597 2.479 3.058 0.072 -0.902 -4.102 -5.997 -7.000 -7.117 -5.997 -5.741 -4.597 3.198 3.062 3.000 2.965 3.020 3.472 2.979 2.869 2.868 2.937 3.068 2.938 2.940 2.983 2.883 2.962 3.135 3.174 3.056 3.023 2.990 3.053
15.656 15.624 15.657 15.550 15.319 15.189 14.979 14.883 14.320 13.914 13.740 13.329 12.741 12.358 7.433 3.729 3.315 3.283 3.394 3.105 3.190 3.117 3.244 3.183 4.872 7.861 10.793 10.841 11.574 11.526 10.426 4.718 3.013 3.130 2.926 2.829 2.596 2.502 2.552 2.680 2.569 2.507 2.661 2.476 2.529 0.566 0.455 -3.443 -5.211 -7.463 -8.440 -7.088 -6.102 -5.544 -3.673 2.964 3.002 3.031 3.096 4.159 4.159 3.185 2.884 2.951 2.915 3.029 2.925 2.852 2.901 3.136 3.032 2.918 3.178 3.167 2.922 2.974
16.074 16.009 15.808 15.744 15.508 15.126 15.108 14.804 14.302 14.207 13.778 13.629 13.201 12.326 9.303 3.489 3.161 3.187 3.044 3.150 3.142 3.116 3.198 3.125 6.581 10.465 11.161 11.777 11.835 11.730 18.607 12.223 4.879 3.102 3.071 2.951 2.766 2.647 2.545 2.537 2.680 2.784 2.686 2.774 3.032 -0.486 -1.170 -1.142 -4.220 -5.977 -7.518 -7.839 -7.047 -5.623 -5.003 3.166 3.030 3.006 3.031 3.165 4.159 4.159 3.134 2.936 2.880 2.947 2.995 2.966 3.041 3.216 2.883 2.980 3.006 3.085 3.359 3.032
16.198 15.800 15.781 15.585 15.668 15.239 14.931 14.443 14.340 14.343 13.772 13.399 11.356 12.336 9.726 3.492 3.216 3.000 3.026 3.145 3.042 2.995 3.157 3.897 9.449 11.299 11.689 11.957 12.066 12.202 18.607 18.607 18.607 4.258 3.101 3.082 2.919 2.829 2.631 2.675 2.815 2.816 2.417 2.583 2.630 2.678 0.186 0.759 -2.605 -7.446 -7.526 -7.789 -6.973 -5.779 -5.357 3.021 3.078 2.986 2.988 3.269 2.949 4.159 4.159 2.953 2.949 2.949 2.973 3.065 3.079 2.939 2.904 2.967 3.040 2.964 3.258 3.194
16.188 15.863 15.846 15.627 15.428 15.417 14.746 14.561 14.430 14.368 14.295 13.296 11.794 11.864 9.291 3.426 3.177 3.140 3.064 3.107 3.113 2.980 3.062 5.494 10.660 11.507 12.212 12.190 12.470 12.568 9.100 9.646 18.607 18.607 3.445 3.073 2.886 2.882 2.868 2.891 2.426 2.670 2.627 2.683 2.648 2.506 3.007 1.058 -1.511 -4.889 -8.336 -8.459 -8.101 -6.482 -5.710 -4.604 3.068 3.026 2.992 3.535 3.042 3.087 4.159 3.137 2.861 2.903 2.915 2.868 2.973 2.844 2.876 2.880 3.047 2.870 2.926 3.285
16.252 15.967 15.724 15.653 15.596 15.243 15.092 14.633 14.379 14.261 14.001 13.473 12.618 11.553 9.308 3.497 3.007 3.098 3.019 3.064 3.113 3.147 3.169 6.856 11.304 11.992 12.062 12.538 12.820 9.640 9.539 9.775 10.762 8.101 4.131 3.300 3.197 3.095 2.967 2.856 2.827 2.703 2.631 2.702 2.442 2.506 2.699 -0.328 -0.478 -4.371 -6.912 -8.101 -7.914 -6.480 -5.980 -5.194 3.146 3.088 3.023 3.207 3.000 2.975 4.159 4.159 3.147 2.896 2.882 2.994 2.955 2.975 2.922 2.891 3.049 2.995 2.868 2.918
16.154 16.138 15.806 15.648 15.599 15.485 15.080 14.634 14.059 13.906 13.730 12.876 12.156 11.620 7.311 3.361 3.165 3.209 2.994 2.910 3.079 3.252 3.161 7.958 11.589 12.298 12.393 12.519 12.522 9.989 10.080 10.032 10.241 12.596 5.536 4.151 3.190 3.249 3.067 3.263 3.095 2.723 2.613 2.528 2.513 2.547 2.449 3.195 0.014 -2.345 -5.408 -7.096 -6.637 -5.892 -5.948 -5.709 -4.808 3.322 3.160 3.118 3.265 3.017 2.980 4.159 4.159 2.982 2.927 2.945 2.957 3.041 2.924 2.957 2.953 3.207 2.913 2.895
16.331 16.017 15.818 15.679 15.467 15.256 15.213 14.741 14.212 13.811 13.718 12.991 12.496 11.535 7.309 3.423 3.148 3.103 3.100 2.957 3.117 3.124 3.347 9.720 11.991 12.127 12.259 12.675 11.128 10.417 10.326 10.092 10.292 10.531 12.636 8.955 4.863 3.157 3.430 3.214 2.861 2.806 2.643 2.671 2.580 2.544 2.539 2.927 -0.990 -1.511 -4.483 -5.843 -6.422 -6.139 -5.993 -5.819 -5.288 3.181 3.314 3.093 3.416 2.997 3.223 3.152 4.159 3.599 3.095 3.027 2.912 3.013 3.093 2.926 2.965 3.222 2.919 2.890
16.348 16.024 15.944 15.448 15.303 15.188 15.459 14.836 14.341 14.030 13.437 12.681 12.239 11.536 5.742 3.222 3.073 3.067 3.107 3.038 3.087 3.165 4.338 11.158 12.059 12.408 12.258 12.781 11.576 10.776 10.366 9.975 10.520 10.503 10.030 13.887 11.158 3.126 3.106 3.033 3.010 2.880 2.972 2.879 2.643 2.547 2.625 2.584 2.347 -0.244 -3.413 -5.142 -6.410 -6.060 -5.973 -5.788 -5.580 2.248 3.257 3.357 3.346 3.093 3.070 3.036 4.159 4.159 3.615 3.101 3.069 2.919 2.988 3.026 3.162 3.067 3.101 3.030
16.115 15.628 15.751 15.438 15.438 14.999 15.083 14.796 13.808 13.427 13.206 12.801 11.945 10.815 4.072 3.321 3.294 3.059 2.866 2.878 3.049 3.110 6.806 11.744 12.819 12.226 12.354 12.859 11.038 10.733 10.709 8.043 5.098 10.247 10.347 10.198 14.403 6.627 2.819 3.017 3.085 3.155 3.107 2.809 2.654 2.615 2.597 2.590 3.331 -1.160 -1.980 -6.391 -6.401 -6.476 -6.368 -5.922 -5.803 -5.471 3.024 3.113 3.015 3.059 3.054 3.049 3.069 4.159 3.449 3.433 3.050 3.251 2.977 2.950 2.870 2.965 3.067 2.945
15.620 15.881 15.573 15.548 15.265 14.805 14.340 14.396 13.275 13.015 13.042 12.505 11.681 8.370 4.071 3.199 3.028 3.054 3.063 2.974 3.065 3.297 10.161 12.705 13.290 13.152 13.114 12.602 10.763 10.867 10.461 6.088 4.900 4.920 10.328 10.152 9.621 13.702 6.558 2.943 3.169 3.199 3.059 2.903 2.727 2.645 2.644 2.663 2.737 -0.220 -0.417 -4.182 -5.986 -6.625 -6.615 -6.112 -5.965 -5.720 2.924 2.953 3.077 2.966 2.985 3.026 3.071 4.159 4.159 3.310 3.103 3.452 2.975 3.225 3.018 2.974 2.892 2.827
