includes/estuary_coast/floodfiles/results/res.max
ncols         730
nrows         472
xllcorner     380617.130607059982140
yllcorner     6542069.774948899634182
cellsize      20.000000000000000
NODATA_value  -9999.000000
[rows 374 to 407 of 472, columns 154 to 230 of 730]
4.312 4.245 4.342 4.244 4.234 4.190 4.193 4.192 4.212 4.142 4.112 4.146 4.049 4.151 4.138 3.998 4.022 3.978 3.942 3.963 3.999 3.923 3.990 3.845 3.923 3.828 3.738 3.758 3.658 3.645 3.531 3.406 0.840 0.000 2.274 1.688 1.235 1.558 1.606 1.742 1.719 1.687 1.674 2.193 0.945 0.000 0.820 1.035 0.950 0.990 0.963 0.957 0.924 1.064 0.805 0.809 0.516 0.493 0.728 0.800 0.755 0.752 0.621 0.613 0.499 0.010 0.000 0.000 0.026 0.157 0.270 0.411 0.793 0.698 1.204 1.205 1.210
4.338 4.318 4.261 4.249 4.237 4.225 4.195 4.229 4.210 4.167 4.194 4.189 4.127 4.162 4.074 4.097 4.002 4.011 4.039 4.008 3.924 3.932 3.807 3.867 3.876 3.886 3.805 3.800 3.753 3.556 3.521 3.575 1.058 0.000 1.528 1.480 1.567 1.636 1.651 1.655 2.073 2.143 1.791 1.739 1.032 0.000 0.820 0.920 1.061 1.019 1.054 1.036 0.967 1.097 0.938 0.846 0.616 0.610 0.723 0.576 0.518 0.097 0.041 0.000 0.000 0.000 0.000 0.000 0.000 0.000 0.013 0.265 0.416 0.629 0.789 1.063 1.115
4.349 4.248 4.289 4.287 4.251 4.328 4.174 4.184 4.242 4.156 4.203 4.163 4.088 4.117 4.077 4.045 4.069 4.102 4.086 3.986 4.018 3.982 3.896 3.915 3.949 3.864 3.835 3.695 3.616 3.546 3.437 3.495 1.145 0.000 1.885 1.708 1.368 1.749 1.700 1.777 1.775 1.828 1.680 2.002 1.039 0.000 0.702 0.863 1.020 1.008 1.127 1.207 1.093 1.098 1.077 0.965 0.787 0.617 0.372 0.346 0.000 0.000 0.000 0.000 0.000 0.000 0.000 0.000 0.000 0.000 0.000 0.000 0.233 0.202 0.455 0.469 0.421
4.287 4.323 4.270 4.220 4.222 4.254 4.187 4.270 4.195 4.197 4.180 4.170 4.120 4.132 3.998 4.082 4.124 4.032 4.072 3.989 3.972 3.978 3.960 4.042 3.939 3.824 3.699 3.700 3.632 3.618 3.547 3.467 1.434 0.000 1.840 1.592 1.181 1.693 1.762 1.808 1.737 1.776 1.865 1.710 1.004 0.034 0.612 0.927 1.107 1.091 1.218 1.266 1.175 1.083 1.051 0.990 0.912 0.513 0.232 0.000 0.000 0.000 0.000 0.000 0.000 0.000 0.000 0.000 0.000 0.000 0.000 0.000 0.000 0.000 0.004 0.351 0.486
4.355 4.277 4.251 4.333 4.258 4.182 4.176 4.207 4.188 4.277 4.171 4.152 4.167 4.080 4.061 4.129 4.109 4.059 3.960 4.033 3.999 3.984 3.970 3.951 3.854 3.767 3.727 3.681 3.640 3.571 3.501 3.433 1.499 0.000 1.266 0.749 0.978 2.360 1.848 2.064 2.161 2.032 1.504 0.782 0.016 0.524 0.628 0.826 1.052 1.191 1.273 1.243 1.206 1.080 1.215 0.873 0.463 0.526 0.138 0.000 0.000 0.000 0.000 0.000 0.000 0.000 0.000 0.000 0.000 0.000 0.000 0.000 0.000 0.000 0.000 0.125 0.273
4.312 4.307 4.303 4.236 4.251 4.206 4.217 4.178 4.179 4.187 4.178 4.094 4.075 4.114 4.086 4.097 4.111 4.094 4.023 4.028 4.019 4.059 3.976 3.914 3.808 3.793 3.656 3.693 3.670 3.627 3.542 3.394 1.949 0.000 0.203 1.158 0.133 0.632 0.231 0.094 0.128 0.493 0.793 0.889 0.648 0.880 0.753 0.864 1.130 1.276 1.207 1.199 1.220 1.078 1.218 0.931 0.664 0.446 0.000 0.000 0.000 0.000 0.000 0.000 0.000 0.000 0.000 0.000 0.000 0.000 0.000 0.000 0.000 0.000 0.000 0.000 0.122
4.285 4.411 4.289 4.301 4.248 4.211 4.273 4.199 4.151 4.185 4.184 4.210 4.153 4.108 4.073 4.060 4.099 4.052 4.050 4.077 4.040 4.048 3.904 3.834 3.731 3.706 3.715 3.676 3.634 3.691 3.536 3.474 2.994 0.000 0.278 0.582 1.024 1.215 1.427 1.266 1.152 1.146 1.359 1.184 0.581 0.875 0.911 1.019 1.282 1.382 1.425 1.312 1.088 1.148 1.388 0.639 0.691 0.408 0.000 0.000 0.000 0.000 0.000 0.000 0.000 0.000 0.000 0.000 0.000 0.000 0.000 0.000 0.000 0.000 0.000 0.000 0.076
4.334 4.272 4.324 4.256 4.242 4.262 4.242 4.268 4.211 4.173 4.189 4.109 4.140 4.127 4.205 4.077 4.044 4.098 4.014 4.016 4.066 3.960 3.971 3.822 3.744 3.827 3.674 3.689 3.673 3.609 3.534 3.476 3.358 3.304 0.452 0.306 0.756 1.272 1.435 1.269 1.157 1.238 1.372 1.225 0.693 1.361 0.941 1.191 1.232 1.442 1.275 1.339 1.252 1.064 1.064 0.761 0.592 0.201 0.000 0.000 0.000 0.000 0.000 0.000 0.000 0.000 0.000 0.000 0.000 0.000 0.000 0.000 0.000 0.000 0.000 0.000 0.000
4.371 4.271 4.285 4.273 4.225 4.217 4.238 4.232 4.174 4.150 4.120 4.094 4.216 4.135 4.115 4.125 4.045 4.005 4.074 4.073 3.905 3.853 3.789 3.821 3.801 3.769 3.721 3.729 3.668 3.663 3.621 3.525 3.427 3.421 3.251 0.375 0.753 0.987 1.343 1.253 1.239 1.411 1.232 1.207 0.545 1.276 0.967 1.023 1.238 1.333 1.065 1.403 1.314 1.264 1.272 0.951 0.575 0.001 0.000 0.000 0.000 0.000 0.000 0.000 0.000 0.000 0.000 0.000 0.000 0.000 0.000 0.000 0.000 0.000 0.000 0.000 0.000
4.331 4.235 4.284 4.302 4.268 4.329 4.272 4.249 4.181 4.191 4.169 4.195 4.142 4.107 4.037 4.121 4.131 4.109 4.032 3.983 3.880 3.843 3.763 3.829 3.812 3.845 3.707 3.749 3.663 3.577 3.593 3.512 3.482 3.457 3.324 0.389 0.712 0.853 1.063 1.249 1.368 1.283 1.227 1.198 0.743 1.399 1.071 1.133 1.274 1.240 1.196 1.146 1.064 1.223 1.157 0.747 0.297 0.000 0.000 0.000 0.000 0.000 0.000 0.000 0.000 0.000 0.000 0.000 0.000 0.000 0.000 0.000 0.000 0.000 0.000 0.000 0.000
4.328 4.328 4.303 4.279 4.307 4.263 4.206 4.212 4.217 4.162 4.206 4.186 4.153 4.140 4.170 4.140 4.139 4.067 4.014 3.915 3.909 3.820 3.855 3.811 3.838 3.742 3.701 3.729 3.627 3.550 3.546 3.594 3.500 3.395 3.351 0.390 0.780 0.723 0.847 1.168 1.022 1.269 1.287 1.316 1.195 1.493 1.334 1.308 1.320 1.141 1.288 1.137 1.182 1.274 1.222 0.817 0.359 0.000 0.000 0.000 0.000 0.000 0.000 0.000 0.000 0.000 0.000 0.000 0.000 0.000 0.000 0.000 0.000 0.000 0.000 0.000 0.000
4.364 4.306 4.291 4.281 4.211 4.252 4.224 4.157 4.176 4.160 4.180 4.196 4.151 4.216 4.161 4.165 4.123 4.020 3.969 3.953 3.878 3.864 3.885 3.855 3.782 3.713 3.701 3.735 3.713 3.637 3.569 3.483 3.486 3.351 3.365 0.392 1.240 0.714 0.784 0.976 1.050 1.315 1.198 1.097 1.195 0.859 1.192 1.106 1.156 1.307 1.274 1.320 1.180 1.306 1.052 0.848 0.405 0.000 0.000 0.000 0.000 0.000 0.000 0.000 0.000 0.000 0.000 0.000 0.000 0.000 0.000 0.000 0.000 0.000 0.000 0.000 0.000
4.330 4.382 4.298 4.304 4.334 4.219 4.169 4.190 4.203 4.195 4.211 4.197 4.185 4.144 4.159 4.143 4.017 3.957 3.911 3.934 3.862 3.985 3.803 3.769 3.768 3.761 3.700 3.682 3.667 3.652 3.593 3.520 3.416 3.365 3.324 0.395 0.512 0.539 0.389 0.776 0.996 1.141 1.235 0.707 1.695 1.204 1.169 1.061 1.096 1.189 1.107 1.075 1.201 1.151 0.917 0.689 0.330 0.000 0.000 0.000 0.000 0.000 0.000 0.000 0.000 0.000 0.000 0.000 0.000 0.000 0.000 0.000 0.000 0.000 0.000 0.000 0.000
4.319 4.292 4.371 4.301 4.216 4.306 4.279 4.275 4.238 4.156 4.161 4.180 4.226 4.219 4.190 4.087 4.013 3.987 3.940 3.980 3.948 3.889 3.794 3.791 3.858 3.820 3.702 3.690 3.626 3.729 3.603 3.488 3.472 3.383 3.253 0.395 0.810 0.949 0.913 0.932 1.001 1.095 0.815 1.213 0.945 1.067 0.880 1.011 0.951 0.902 0.668 0.541 0.601 0.578 0.733 0.554 0.188 0.000 0.000 0.000 0.000 0.000 0.000 0.000 0.000 0.000 0.000 0.000 0.000 0.000 0.000 0.000 0.000 0.000 0.000 0.000 0.000
4.343 4.360 4.390 4.334 4.220 4.217 4.217 4.233 4.179 4.173 4.186 4.240 4.249 4.184 4.115 4.107 3.974 3.930 3.983 3.981 3.855 3.885 3.850 3.732 3.853 3.808 3.745 3.669 3.670 3.623 3.606 3.601 3.375 3.458 2.896 0.385 1.215 0.806 0.737 1.199 0.589 0.865 0.713 1.699 1.264 0.908 0.751 0.951 0.848 0.392 0.497 0.470 0.451 0.442 0.487 0.278 0.016 0.000 0.000 0.000 0.000 0.000 0.000 0.000 0.000 0.000 0.000 0.000 0.000 0.000 0.000 0.000 0.000 0.000 0.000 0.000 0.000
4.329 4.359 4.263 4.288 4.235 4.206 4.226 4.208 4.267 4.219 4.226 4.191 4.146 4.147 4.068 3.964 3.950 3.998 3.960 3.981 3.863 3.933 3.872 3.827 3.798 3.793 3.728 3.677 3.700 3.627 3.614 3.546 3.438 3.274 0.481 0.333 1.003 0.812 1.569 1.080 1.167 1.210 1.185 0.841 1.099 0.903 1.003 0.844 0.432 0.673 0.362 0.023 0.002 0.083 0.013 0.000 0.000 0.000 0.000 0.000 0.000 0.000 0.000 0.000 0.000 0.000 0.000 0.000 0.000 0.000 0.000 0.000 0.000 0.000 0.000 0.000 0.000
4.393 4.361 4.257 4.234 4.242 4.224 4.300 4.215 4.222 4.243 4.272 4.223 4.145 4.080 4.041 3.925 3.979 4.029 3.982 3.973 3.892 3.926 3.916 3.812 3.812 3.769 3.702 3.735 3.650 3.648 3.643 3.565 3.507 3.428 0.440 1.083 1.205 1.288 0.936 0.982 1.049 0.620 1.480 1.128 0.990 1.064 0.897 0.800 0.793 0.382 0.020 0.000 0.000 0.000 0.000 0.000 0.000 0.000 0.000 0.000 0.000 0.000 0.000 0.000 0.000 0.000 0.000 0.000 0.000 0.000 0.000 0.000 0.000 0.000 0.000 0.000 0.000
4.365 4.314 4.251 4.281 4.264 4.303 4.256 4.218 4.242 4.275 4.199 4.200 4.092 4.075 4.005 4.075 4.090 4.042 4.068 3.918 3.934 3.947 3.923 3.868 3.811 3.794 3.822 3.708 3.685 3.638 3.581 3.405 3.001 3.121 0.430 1.040 1.307 1.771 1.772 1.429 1.301 1.056 0.793 1.189 1.124 1.310 0.890 0.867 0.520 0.134 0.000 0.000 0.000 0.000 0.000 0.000 0.000 0.000 0.000 0.000 0.000 0.000 0.000 0.000 0.000 0.000 0.000 0.000 0.000 0.000 0.000 0.000 0.000 0.000 0.000 0.000 0.000
4.337 4.304 4.269 4.368 4.368 4.243 4.280 4.289 4.276 4.226 4.174 4.123 4.118 4.076 4.075 4.035 3.991 3.928 3.926 3.942 3.842 3.921 3.864 3.867 3.782 3.792 3.773 3.678 3.709 3.673 3.577 3.419 3.107 2.710 0.430 1.198 1.675 1.649 1.468 1.067 1.075 1.094 0.191 1.194 0.898 1.126 0.926 0.716 0.317 0.000 0.000 0.000 0.000 0.000 0.000 0.000 0.000 0.000 0.000 0.000 0.000 0.000 0.000 0.000 0.000 0.000 0.000 0.000 0.000 0.000 0.000 0.000 0.000 0.000 0.000 0.000 0.000
4.336 4.341 4.266 4.265 4.258 4.289 4.247 4.233 4.190 4.205 4.070 4.049 4.029 4.124 4.077 4.040 4.008 4.015 3.898 3.951 3.877 3.908 3.803 3.784 3.803 3.748 3.759 3.764 3.648 3.640 3.566 3.508 3.339 2.899 0.439 1.436 1.556 1.362 1.469 1.444 1.647 0.686 0.940 0.985 0.549 0.872 0.970 0.531 0.292 0.000 0.000 0.000 0.000 0.000 0.000 0.000 0.000 0.000 0.000 0.000 0.000 0.000 0.000 0.000 0.000 0.000 0.000 0.000 0.000 0.000 0.000 0.000 0.000 0.000 0.000 0.000 0.000
4.380 4.380 4.266 4.247 4.269 4.306 4.351 4.210 4.169 4.215 4.083 4.069 4.030 4.122 3.972 4.027 3.960 4.002 4.013 3.883 3.928 3.917 3.793 3.807 3.796 3.734 3.802 3.745 3.672 3.582 3.588 3.516 3.302 2.846 0.481 0.335 1.399 1.214 1.364 1.352 1.598 1.474 1.219 1.014 0.829 0.732 0.910 0.810 0.489 0.135 0.000 0.000 0.000 0.000 0.000 0.000 0.000 0.000 0.000 0.000 0.000 0.000 0.000 0.000 0.000 0.000 0.000 0.000 0.000 0.000 0.000 0.000 0.000 0.000 0.000 0.000 0.000
4.375 4.318 4.267 4.299 4.318 4.352 4.368 4.191 4.171 4.099 4.147 4.045 4.088 4.072 3.969 3.941 3.995 3.906 3.910 4.011 3.950 3.848 3.821 3.799 3.758 3.804 3.733 3.835 3.680 3.613 3.606 3.532 3.402 2.772 2.465 0.392 1.856 1.393 1.510 1.475 1.694 1.448 1.324 1.130 1.095 0.939 0.990 0.858 0.722 0.421 0.172 0.045 0.000 0.000 0.000 0.000 0.000 0.000 0.000 0.000 0.000 0.000 0.000 0.000 0.000 0.000 0.000 0.000 0.000 0.000 0.000 0.000 0.000 0.000 0.000 0.000 0.000
4.342 4.335 4.323 4.336 4.341 4.296 4.223 4.140 4.156 4.129 4.109 4.100 4.079 4.052 4.019 3.996 3.953 3.938 3.900 3.920 3.831 3.805 3.852 3.811 3.734 3.778 3.727 3.776 3.675 3.581 3.573 3.639 3.569 3.316 3.013 0.412 1.615 1.434 1.540 1.565 1.684 1.447 1.295 1.009 0.812 1.425 0.940 1.070 0.731 0.625 0.582 0.519 0.000 0.000 0.000 0.000 0.000 0.000 0.000 0.000 0.000 0.000 0.000 0.000 0.000 0.000 0.000 0.000 0.000 0.000 0.000 0.000 0.000 0.000 0.000 0.000 0.000
4.318 4.375 4.392 4.354 4.288 4.308 4.237 4.168 4.194 4.106 4.068 4.073 3.954 4.023 3.988 3.926 4.022 3.891 3.972 3.834 3.809 3.809 3.842 3.853 3.751 3.748 3.750 3.679 3.584 3.622 3.615 3.718 3.600 3.500 3.315 0.434 1.792 1.620 1.526 1.560 1.624 1.369 0.950 0.756 0.746 1.429 1.305 1.225 1.214 0.767 0.606 0.719 0.490 0.173 0.000 0.000 0.000 0.000 0.000 0.000 0.000 0.000 0.000 0.000 0.000 0.000 0.000 0.000 0.000 0.000 0.000 0.000 0.000 0.000 0.000 0.000 0.000
4.413 4.385 4.342 4.347 4.266 4.223 4.259 4.182 4.099 4.159 4.149 4.046 3.993 4.002 3.993 3.948 3.900 3.904 3.898 3.947 3.866 3.840 3.768 3.769 3.766 3.759 3.637 3.680 3.625 3.631 3.750 3.683 3.675 3.566 3.360 0.489 0.361 1.740 1.582 1.578 1.530 1.301 0.816 0.572 1.197 1.125 1.096 1.528 1.102 1.193 0.955 0.692 0.654 0.627 0.397 0.267 0.074 0.086 0.041 0.286 0.189 0.332 0.481 0.472 0.334 0.000 0.000 0.000 0.000 0.000 0.000 0.000 0.000 0.000 0.000 0.000 0.000
4.359 4.372 4.357 4.330 4.157 4.212 4.200 4.110 4.092 4.092 4.136 4.007 4.022 3.982 3.995 3.920 3.975 3.971 3.961 3.863 3.908 3.770 3.821 3.765 3.750 3.669 3.628 3.651 3.728 3.731 3.693 3.639 3.620 3.579 3.332 3.393 0.465 0.323 1.433 1.531 1.379 1.086 0.641 1.103 1.322 1.015 1.334 1.036 1.464 1.374 1.293 1.293 0.925 0.696 0.569 0.454 0.779 0.587 0.848 0.766 0.746 0.755 0.784 0.720 0.621 0.528 0.358 0.199 0.000 0.000 0.000 0.000 0.000 0.000 0.000 0.000 0.000
4.416 4.340 4.297 4.274 4.236 4.186 4.087 4.137 4.092 4.112 4.019 4.026 3.967 3.941 3.981 3.972 3.872 3.938 3.901 3.829 3.863 3.839 3.729 3.772 3.685 3.635 3.600 3.697 3.674 3.836 3.608 3.659 3.678 3.538 3.190 3.372 3.303 0.384 1.669 1.382 1.155 0.368 1.443 1.158 1.082 1.155 1.489 1.372 1.146 1.141 1.313 0.986 1.227 1.175 0.806 0.949 1.017 1.125 1.165 1.120 0.927 1.071 1.167 1.111 0.936 0.682 0.776 0.575 0.490 0.134 0.000 0.000 0.000 0.000 0.000 0.000 0.000
4.416 4.386 4.320 4.269 4.203 4.095 4.163 4.113 4.095 4.102 4.095 4.061 4.040 4.008 3.949 3.986 3.958 3.888 3.941 3.864 3.884 3.849 3.785 3.706 3.659 3.687 3.686 3.724 3.844 3.696 3.722 3.727 3.618 3.560 3.226 3.389 3.307 0.397 1.730 1.437 0.811 0.058 0.287 0.918 1.118 1.257 1.157 1.214 1.625 1.468 1.079 0.597 0.816 1.419 1.245 1.288 1.214 1.028 1.278 1.297 1.325 1.161 1.187 1.451 1.350 1.099 1.091 0.716 0.659 0.610 0.404 0.034 0.000 0.000 0.000 0.000 0.000
4.402 4.322 4.263 4.285 4.171 4.136 4.155 4.100 4.126 4.077 4.071 3.995 4.014 4.005 3.923 3.894 3.866 3.935 3.866 3.894 3.823 3.875 3.698 3.716 3.720 3.769 3.765 3.837 3.734 3.710 3.754 3.678 3.671 3.633 3.493 3.411 3.361 0.401 1.622 1.475 0.644 0.000 0.809 0.770 1.094 1.297 0.728 0.947 0.954 1.150 0.929 1.652 1.663 1.107 0.688 1.402 1.384 1.228 1.284 1.446 1.504 1.506 1.460 1.432 1.613 1.606 1.563 1.231 0.961 0.750 0.541 0.457 0.088 0.000 0.000 0.000 0.000
4.309 4.327 4.302 4.170 4.228 4.185 4.166 4.168 4.154 4.026 3.994 4.029 3.995 3.960 3.950 3.874 3.893 3.857 3.884 3.794 3.796 3.748 3.740 3.689 3.689 3.772 3.870 3.707 3.724 3.764 3.635 3.652 3.539 3.619 3.557 3.348 3.299 0.402 1.729 1.351 0.792 0.148 0.000 1.001 1.125 1.099 1.271 1.338 0.930 1.277 0.853 0.971 1.080 1.667 1.440 1.071 1.257 1.231 1.210 1.315 1.337 1.415 1.353 1.329 1.549 1.505 1.597 1.605 1.399 1.238 1.038 0.650 0.396 0.242 0.166 0.028 0.000
4.281 4.291 4.214 4.179 4.125 4.141 4.101 4.176 4.070 4.105 4.016 4.024 3.995 3.982 3.918 4.010 3.923 3.853 3.944 3.846 3.830 3.756 3.751 3.793 3.790 3.818 3.733 3.744 3.750 3.637 3.701 3.588 3.589 3.540 3.464 3.415 3.289 0.403 1.569 1.420 0.765 0.108 0.000 0.707 1.033 1.139 0.858 1.125 1.437 1.320 1.351 1.169 1.248 1.097 1.266 1.271 1.235 1.461 1.330 1.274 1.296 1.346 1.384 1.499 1.488 1.524 1.541 1.473 1.412 1.521 1.477 1.345 1.103 0.636 0.286 0.169 0.341
4.279 4.243 4.186 4.205 4.195 4.115 4.122 4.091 4.108 4.039 4.009 4.032 4.010 3.983 3.955 3.918 3.877 3.942 3.867 3.806 3.766 3.790 3.829 3.815 3.765 3.819 3.766 3.785 3.703 3.673 3.661 3.584 3.503 3.504 3.355 3.366 3.234 0.403 1.756 1.497 0.748 0.953 0.046 1.160 0.873 1.056 1.444 1.046 1.027 1.466 1.462 1.109 1.092 1.049 0.970 1.070 1.237 1.297 1.422 1.390 1.246 1.428 1.641 1.304 1.324 1.496 1.536 1.493 1.576 1.521 1.602 1.489 1.553 1.504 1.329 0.747 0.288
4.202 4.194 4.201 4.214 4.205 4.174 4.087 4.080 4.070 4.060 3.997 4.007 3.965 3.943 3.955 3.906 3.901 3.926 3.849 3.788 3.755 3.836 3.837 3.803 3.763 3.794 3.735 3.769 3.645 3.646 3.677 3.595 3.493 3.444 3.483 3.394 3.202 0.402 1.709 1.521 0.668 1.454 0.822 1.173 0.797 1.035 1.168 1.380 1.161 1.384 1.438 1.264 1.456 1.111 0.998 1.252 1.121 1.259 1.225 1.401 1.437 1.574 1.506 1.467 1.419 1.450 1.461 1.659 1.612 1.577 1.524 1.585 1.596 1.621 1.535 1.532 1.405
4.278 4.237 4.204 4.189 4.149 4.085 4.134 4.104 4.102 4.053 4.051 3.979 3.919 3.950 3.943 3.912 3.857 3.921 3.786 3.790 3.856 3.838 3.879 3.821 3.784 3.772 3.719 3.659 3.599 3.658 3.620 3.523 3.474 3.423 3.414 3.400 2.993 0.400 1.955 0.766 1.196 1.375 1.516 1.467 0.680 0.889 1.307 1.289 1.218 1.414 1.135 0.991 1.193 1.511 1.015 1.193 1.166 1.225 1.278 1.345 1.534 1.414 1.460 1.471 1.472 1.375 1.529 1.546 1.525 1.543 1.467 1.550 1.670 1.496 1.528 1.695 1.623
