includes/estuary_coast/floodfiles/results/res.inittm
ncols         730
nrows         472
xllcorner     380617.130607
yllcorner     6542069.774949
cellsize      20.000000
NODATA_value  -9999.000000
[rows 300 to 329 of 472, columns 476 to 543 of 730]
50.571 50.590 50.681 50.672 50.684 50.730 50.847 50.865 50.833 50.843 50.879 50.896 50.974 50.992 50.951 50.964 51.074 51.090 51.115 51.139 51.159 51.225 51.243 51.334 -9999.000 51.555 51.321 51.295 51.278 51.458 51.371 51.435 51.693 51.582 51.564 51.624 51.644 51.686 51.777 51.927 51.953 51.997 52.024 52.095 52.115 52.139 52.175 52.244 52.416 52.430 52.292 52.315 52.324 52.339 52.348 52.357 52.375 52.389 52.422 52.564 52.595 52.554 52.550 52.609 -9999.000 -9999.000 -9999.000 -9999.000
50.567 50.590 50.670 50.652 50.679 50.688 50.706 50.884 50.806 50.823 50.844 50.870 50.892 50.916 50.930 50.947 51.021 51.054 51.073 51.169 51.114 51.110 51.156 51.194 51.360 51.509 51.537 51.270 51.250 51.278 51.300 51.332 51.611 51.527 51.543 51.624 51.636 51.750 51.823 51.889 51.915 51.948 52.066 52.113 52.101 52.178 -9999.000 52.409 -9999.000 52.385 52.264 52.297 52.311 52.324 52.330 52.342 52.358 52.377 52.407 52.490 -9999.000 52.496 52.481 52.540 -9999.000 -9999.000 -9999.000 -9999.000
50.496 50.606 50.617 50.631 50.661 50.711 50.750 50.759 50.792 50.866 50.863 50.872 50.903 50.910 50.925 50.938 51.006 51.218 51.116 51.055 51.052 51.094 51.141 51.165 51.164 51.321 51.307 51.211 51.209 51.327 51.292 51.342 51.417 51.455 51.483 51.576 51.602 51.641 51.715 51.861 51.932 51.993 51.994 52.045 52.084 52.104 52.170 52.410 52.322 52.347 52.245 52.234 52.265 52.317 52.316 52.325 52.345 52.355 52.385 52.407 52.506 52.473 52.460 52.514 -9999.000 -9999.000 -9999.000 -9999.000
50.474 50.606 50.617 50.647 50.672 50.746 50.776 50.782 50.800 50.821 50.854 50.864 50.874 50.899 50.911 50.948 50.985 50.996 51.085 51.007 51.028 51.099 51.180 51.160 51.149 51.130 51.160 51.165 51.194 51.205 51.271 51.307 51.340 51.421 51.503 51.588 51.623 51.697 51.752 51.900 51.923 51.932 51.980 51.994 52.073 52.096 52.120 52.219 52.225 52.174 52.198 52.218 52.267 52.284 52.286 52.312 52.312 52.346 52.368 52.385 52.434 52.430 52.441 -9999.000 52.549 52.588 -9999.000 -9999.000
50.628 50.619 50.635 50.662 50.802 50.858 50.790 50.817 50.809 50.797 50.852 50.857 50.866 50.900 50.912 51.012 50.963 50.973 50.982 50.992 51.023 51.118 51.152 51.151 51.083 51.088 51.202 51.156 51.162 51.203 51.282 51.617 51.347 51.396 51.626 51.609 51.646 51.757 51.781 51.833 51.876 51.901 52.014 52.005 52.047 52.074 52.107 52.169 52.202 52.125 52.172 52.178 52.216 52.233 52.275 52.276 52.298 52.331 52.381 52.371 52.411 52.356 52.457 52.442 52.490 52.504 -9999.000 -9999.000
50.619 50.630 50.645 50.663 50.732 50.767 50.783 50.798 50.771 50.771 50.815 50.847 50.888 50.903 51.069 50.941 50.947 50.965 50.963 50.980 51.104 51.142 51.151 51.313 51.064 51.074 51.109 51.139 51.150 51.181 51.244 51.289 51.316 51.368 51.484 51.575 51.672 51.719 51.884 51.846 51.868 51.913 51.923 51.968 52.005 52.034 52.064 52.049 52.061 52.105 52.130 52.157 52.175 52.195 52.230 52.265 52.288 52.323 52.360 52.332 52.345 52.336 52.363 52.417 52.627 52.454 52.603 -9999.000
50.668 50.621 50.639 50.660 50.686 50.774 50.914 50.765 50.753 50.762 50.815 50.935 50.916 50.944 50.942 50.926 50.934 50.949 50.950 50.960 51.106 51.025 51.055 51.032 51.057 51.091 51.102 51.163 51.175 51.231 51.251 51.318 51.500 51.516 51.517 51.648 51.967 51.818 51.805 51.825 51.836 51.868 51.888 51.961 52.006 51.990 52.000 52.020 52.033 52.060 52.091 52.203 52.216 52.192 52.255 52.266 52.261 52.292 52.335 52.300 52.343 52.311 52.312 52.373 52.390 52.423 52.638 52.752
50.584 50.603 50.621 50.646 50.682 50.694 50.716 50.724 50.742 50.756 50.861 50.876 50.939 50.906 50.930 50.914 50.924 50.959 50.940 50.950 50.971 50.987 51.001 51.008 51.033 51.065 51.105 51.139 51.178 51.220 51.242 51.358 51.417 51.526 51.740 51.682 51.722 51.748 51.790 51.809 51.817 51.834 52.027 51.929 51.982 51.955 51.969 51.981 52.022 52.067 52.090 52.156 52.205 52.173 52.192 52.255 52.239 52.272 52.271 52.244 52.253 52.246 52.292 52.444 52.462 52.460 52.530 52.554
50.493 50.583 50.662 50.674 50.697 50.705 50.718 50.727 50.743 50.822 50.903 50.914 50.902 50.899 50.866 50.906 50.904 50.912 50.922 50.934 50.943 50.965 50.975 50.994 51.068 51.093 51.145 51.157 51.216 51.236 51.266 51.327 51.617 51.492 51.629 51.629 51.677 51.802 51.736 51.771 51.803 51.818 51.829 51.863 51.885 51.913 51.932 51.973 52.051 52.077 52.102 52.151 52.150 52.154 52.217 52.363 52.197 52.214 52.247 52.218 52.230 52.232 52.264 52.443 52.487 -9999.000 52.562 52.684
50.550 50.574 50.605 50.790 50.715 50.721 50.728 50.748 50.753 50.797 50.861 50.875 50.885 50.889 50.859 50.872 50.897 50.905 50.914 50.937 50.957 50.968 51.001 51.042 51.083 51.123 51.177 51.200 51.217 51.257 51.313 51.328 51.408 51.439 51.529 51.568 51.696 51.703 51.719 51.762 51.759 51.772 51.808 51.825 51.847 51.910 51.929 51.979 52.032 52.080 52.103 52.135 52.135 52.141 52.146 52.158 52.183 52.195 52.210 52.198 52.213 52.219 52.273 52.515 52.632 -9999.000 -9999.000 52.717
50.551 50.567 50.585 50.699 50.833 50.739 50.770 50.756 50.763 50.780 50.788 50.882 50.876 50.818 50.827 50.865 50.885 50.913 50.921 50.933 50.971 50.984 51.087 51.099 51.136 51.175 51.192 51.214 51.271 51.276 51.327 51.344 51.407 51.478 51.507 51.562 51.593 51.687 51.675 51.703 51.730 51.792 51.803 51.838 51.887 51.925 51.965 52.032 52.120 52.180 52.146 52.131 52.108 52.113 52.121 52.151 52.155 52.190 52.218 52.180 52.180 52.187 52.604 -9999.000 -9999.000 -9999.000 -9999.000 -9999.000
50.501 50.560 50.574 50.599 50.697 50.780 50.781 50.759 50.766 50.748 50.808 50.779 50.812 50.800 50.815 50.827 50.862 50.881 50.972 50.993 51.066 51.133 51.116 51.121 51.145 51.167 51.193 51.239 51.275 51.289 51.312 51.357 51.374 51.472 51.495 51.582 51.602 51.621 51.666 51.705 51.724 51.752 51.781 51.821 51.920 51.942 52.022 52.130 52.162 52.160 52.143 52.118 52.091 52.077 52.097 52.110 52.129 52.266 52.149 52.131 52.144 52.174 -9999.000 -9999.000 -9999.000 -9999.000 -9999.000 -9999.000
50.482 50.502 50.561 50.580 50.607 50.623 50.762 50.748 50.745 50.741 50.750 50.761 50.772 50.788 50.804 50.815 50.851 50.967 50.953 51.084 51.078 51.168 51.150 51.181 51.166 51.185 51.209 51.238 51.275 51.324 51.343 51.359 51.377 51.395 51.481 51.503 51.581 51.613 51.661 51.742 51.768 51.791 51.837 51.847 51.916 52.040 52.088 52.156 52.140 52.114 52.107 52.089 52.051 52.054 52.030 52.103 52.106 52.079 52.086 52.089 52.137 52.403 -9999.000 -9999.000 -9999.000 -9999.000 -9999.000 -9999.000
50.511 50.531 50.569 50.596 50.610 50.627 50.653 50.710 50.737 50.724 50.745 50.751 50.762 50.785 50.801 50.854 50.864 50.903 50.922 51.001 51.034 51.057 51.080 51.106 51.168 51.182 51.410 51.305 51.289 51.323 51.352 51.367 51.461 51.436 51.449 51.515 51.564 51.597 51.693 51.738 51.762 51.793 51.822 51.851 51.921 51.966 52.119 52.093 52.093 52.073 52.067 52.045 52.033 52.029 52.018 52.033 52.014 52.067 52.061 52.066 52.175 -9999.000 -9999.000 -9999.000 -9999.000 -9999.000 -9999.000 -9999.000
50.514 50.533 50.555 50.585 50.598 50.661 50.661 50.673 50.701 50.710 50.735 50.743 50.754 50.781 50.805 50.910 50.895 50.926 50.970 50.967 51.032 51.034 51.062 51.098 51.114 51.182 51.205 51.208 51.260 51.274 51.368 51.388 51.406 51.449 51.487 51.528 51.587 51.613 51.654 51.729 51.748 51.803 51.822 51.895 51.903 51.971 52.029 52.042 52.024 52.027 52.022 52.030 52.018 52.019 52.008 52.006 51.996 52.014 52.044 52.049 52.049 52.269 -9999.000 -9999.000 -9999.000 -9999.000 -9999.000 -9999.000
50.531 50.541 50.581 50.594 50.610 50.624 50.648 50.663 50.695 50.706 50.742 50.752 50.784 50.802 50.857 50.873 50.906 50.923 50.935 50.952 50.970 51.010 51.030 51.077 51.097 51.129 51.171 51.188 51.256 51.391 51.374 51.400 51.443 51.459 51.525 51.538 51.584 51.600 51.619 51.693 51.733 51.771 51.800 51.819 51.885 51.903 51.933 51.959 51.983 52.014 52.006 52.014 52.008 52.008 51.994 51.965 51.982 52.017 51.992 51.992 52.008 52.229 -9999.000 -9999.000 -9999.000 -9999.000 -9999.000 -9999.000
50.524 50.555 50.565 50.594 50.607 50.626 50.655 50.671 50.690 50.726 50.736 50.760 50.806 50.814 50.856 50.869 50.875 50.886 50.907 50.951 50.968 50.991 51.039 51.055 51.078 51.136 51.166 51.327 51.279 51.309 51.362 51.379 51.430 51.455 51.512 51.526 51.564 51.601 51.616 51.654 51.715 51.744 51.766 51.788 51.872 51.888 51.924 51.946 51.982 51.996 51.993 51.999 51.982 51.954 51.961 51.952 51.950 51.944 51.954 51.961 51.982 52.063 -9999.000 -9999.000 -9999.000 -9999.000 -9999.000 -9999.000
50.510 50.570 50.581 50.625 50.631 50.642 50.676 50.703 50.709 50.812 50.746 50.778 50.789 50.802 50.816 50.832 50.850 50.871 50.893 50.919 50.930 50.956 51.089 51.042 51.058 51.179 51.188 51.207 51.253 51.331 51.356 51.381 51.405 51.452 51.469 51.532 51.581 51.600 51.638 51.653 51.697 51.711 51.744 51.807 51.867 51.893 51.910 51.943 51.972 51.979 51.967 51.945 51.940 51.928 51.953 51.912 51.902 51.909 51.919 51.918 51.956 52.006 -9999.000 -9999.000 -9999.000 -9999.000 -9999.000 -9999.000
50.549 50.572 50.590 50.604 50.670 50.665 50.684 50.759 50.736 50.745 50.760 50.780 50.787 50.804 50.858 50.837 50.847 50.885 50.920 50.929 50.948 50.965 50.990 51.030 51.258 51.205 51.203 51.242 51.291 51.319 51.370 51.390 51.418 51.441 51.481 51.529 51.563 51.579 51.625 51.679 51.702 51.744 51.800 52.204 51.940 51.891 51.895 51.921 51.942 51.931 51.935 51.900 51.960 51.888 51.879 51.901 51.888 51.875 51.894 51.899 51.914 51.969 -9999.000 -9999.000 -9999.000 -9999.000 -9999.000 -9999.000
50.573 50.612 50.604 50.623 50.640 50.676 50.702 50.715 50.727 50.749 50.757 50.765 50.776 50.793 50.807 50.829 50.854 50.934 50.956 50.943 50.978 50.981 51.044 51.067 51.088 51.116 51.178 51.220 51.303 51.330 51.372 51.398 51.421 51.447 51.495 51.529 51.569 51.622 51.651 51.713 51.734 51.782 51.949 51.901 51.881 51.872 51.867 51.879 51.893 51.887 51.926 51.886 51.856 51.851 51.866 51.871 51.861 51.860 51.869 51.877 51.890 51.920 -9999.000 -9999.000 -9999.000 -9999.000 -9999.000 -9999.000
50.629 50.624 50.638 50.637 50.724 50.781 50.709 50.717 50.725 50.738 50.746 50.757 50.766 50.792 50.800 50.834 50.872 50.906 50.928 50.994 51.006 51.090 51.061 51.081 51.105 51.131 51.176 51.223 51.256 51.318 51.346 51.423 51.440 51.465 51.536 51.545 51.577 51.615 51.636 51.700 51.788 51.812 51.831 51.825 51.837 51.827 51.826 51.879 51.880 51.874 51.821 51.818 51.830 51.815 51.836 51.851 51.844 51.840 51.833 51.854 51.874 51.906 -9999.000 -9999.000 -9999.000 -9999.000 -9999.000 -9999.000
50.643 50.637 50.738 50.647 50.669 50.696 50.696 50.703 50.715 50.722 50.741 50.749 50.761 50.823 50.803 50.812 50.902 50.921 50.952 51.061 51.021 51.075 51.149 51.109 51.136 51.162 51.191 51.218 51.292 51.317 51.353 51.419 51.456 51.488 51.646 51.574 51.599 51.669 51.645 51.692 51.707 51.733 51.753 51.776 51.794 51.811 51.810 51.891 51.826 51.818 51.805 51.801 51.812 51.794 51.818 51.832 51.831 51.810 51.810 51.834 51.852 51.871 -9999.000 -9999.000 -9999.000 -9999.000 -9999.000 -9999.000
50.745 50.616 50.636 50.646 50.647 50.657 50.663 50.671 50.704 50.712 50.731 50.738 50.757 50.767 50.788 50.828 50.891 50.958 50.984 51.050 51.069 51.114 51.139 51.167 51.198 51.203 51.262 51.281 51.298 51.376 51.409 51.425 51.466 51.481 51.504 51.549 51.565 51.606 51.624 51.667 51.771 51.738 51.756 51.771 51.784 51.810 51.784 51.803 51.811 51.809 51.777 51.768 51.801 51.773 51.811 51.797 51.795 51.792 51.791 51.806 51.829 51.826 -9999.000 52.463 -9999.000 -9999.000 -9999.000 -9999.000
51.001 50.599 50.614 50.618 50.633 50.637 50.652 50.672 50.679 50.700 50.718 50.727 50.744 50.770 50.899 51.025 50.931 51.003 51.125 51.065 51.082 51.152 51.178 51.198 51.275 51.324 51.284 51.321 51.344 51.381 51.400 51.417 51.454 51.477 51.500 51.586 51.592 51.643 51.663 51.675 51.708 51.719 51.731 51.774 51.776 51.769 51.762 51.773 51.800 51.788 51.760 51.751 51.770 51.752 51.754 51.765 51.778 51.776 51.771 51.791 51.818 51.815 -9999.000 52.296 -9999.000 -9999.000 -9999.000 -9999.000
51.989 50.541 50.737 50.591 50.609 50.627 50.641 50.657 50.668 50.678 50.715 50.744 50.799 50.819 50.870 50.918 51.188 51.000 51.026 51.047 51.088 51.119 51.181 51.273 51.357 51.322 51.324 51.340 51.365 51.373 51.396 51.418 51.439 51.456 51.492 51.545 51.578 51.631 51.644 51.661 51.695 51.693 51.744 51.734 51.742 51.737 51.732 51.737 51.763 51.768 51.746 51.706 51.752 51.739 51.741 51.749 51.763 51.766 51.755 51.775 51.786 51.795 -9999.000 52.235 52.465 -9999.000 -9999.000 -9999.000
50.503 50.511 50.565 50.577 50.594 50.614 50.625 50.641 50.660 50.671 50.722 50.765 50.913 50.832 50.915 50.931 50.947 50.980 51.021 51.042 51.064 51.090 51.206 51.271 51.289 51.304 51.307 51.312 51.341 51.357 51.374 51.394 51.433 51.461 51.488 51.507 51.546 51.600 51.628 51.639 51.660 51.669 51.699 51.710 51.729 51.718 51.702 51.710 51.733 51.800 51.703 51.689 51.700 51.715 51.713 51.732 51.724 51.736 51.741 51.757 51.761 51.772 -9999.000 52.179 52.400 -9999.000 -9999.000 -9999.000
50.506 50.559 50.566 50.584 50.596 50.605 50.627 50.636 50.781 50.804 50.856 50.783 50.809 50.836 50.869 50.890 50.929 50.950 50.975 51.028 51.045 51.105 51.124 51.192 51.210 51.232 51.266 51.301 51.312 51.358 51.372 51.432 51.450 51.477 51.493 51.543 51.560 51.590 51.603 51.619 51.642 51.656 51.679 51.694 51.688 51.704 51.684 51.685 51.717 51.718 51.691 51.666 51.683 51.692 51.692 51.710 51.707 51.724 51.723 51.748 51.746 51.757 -9999.000 52.135 52.167 -9999.000 52.480 -9999.000
50.517 50.530 50.560 50.571 50.584 50.609 50.845 50.762 50.848 50.888 50.874 50.806 50.829 50.858 50.892 50.907 50.935 50.964 50.987 51.017 51.048 51.093 51.125 51.179 51.193 51.238 51.277 51.293 51.313 51.344 51.360 51.437 51.462 51.487 51.504 51.529 51.549 51.574 51.586 51.619 51.633 51.649 51.666 51.680 51.649 51.651 51.671 51.663 51.701 51.711 51.672 51.650 51.669 51.681 51.676 51.679 51.684 51.700 51.694 51.722 51.728 51.742 51.740 52.103 52.133 52.220 52.285 -9999.000
50.501 50.537 50.544 50.562 50.629 50.638 50.778 50.781 50.901 50.885 50.867 50.842 50.872 50.893 50.906 50.929 50.953 50.979 50.997 51.052 51.072 51.098 51.149 51.166 51.250 51.258 51.273 51.295 51.316 51.335 51.369 51.391 51.421 51.478 51.496 51.528 51.540 51.573 51.587 51.607 51.622 51.639 51.665 51.665 51.633 51.622 51.633 51.649 51.689 51.697 51.627 51.631 51.645 51.654 51.637 51.645 51.658 51.663 51.676 51.694 51.701 51.715 51.726 -9999.000 -9999.000 52.285 52.340 52.396
50.515 50.549 50.601 50.570 50.736 50.654 50.798 50.804 50.801 50.858 50.894 50.893 50.906 50.919 50.928 50.942 50.972 50.991 51.012 51.048 51.066 51.107 51.128 51.157 51.181 51.200 51.267 51.283 51.306 51.323 51.343 51.383 51.402 51.425 51.474 51.498 51.540 51.553 51.581 51.595 51.609 51.637 51.655 51.615 51.617 51.595 51.631 51.619 51.601 51.608 51.598 51.612 51.611 51.639 51.617 51.592 51.618 51.647 51.654 51.682 51.670 51.694 51.695 -9999.000 -9999.000 52.332 52.393 52.693
