includes/estuary_coast/floodfiles/results/res.mxe
ncols         730
nrows         472
xllcorner     380617.130607059982140
yllcorner     6542069.774948899634182
cellsize      20.000000000000000
NODATA_value  -9999.000000
[rows 341 to 371 of 472, columns 142 to 212 of 730]
4.507 4.507 4.507 4.507 4.507 4.507 4.507 4.507 4.508 4.508 4.508 4.508 4.508 4.508 4.508 4.508 4.508 4.508 4.508 4.508 4.508 4.509 4.509 4.509 4.509 4.509 4.509 4.509 4.509 4.509 4.509 4.509 4.509 4.509 4.510 4.510 4.510 4.510 4.510 4.510 4.510 4.510 4.510 -9999.000 -9999.000 -9999.000 -9999.000 4.002 4.002 4.002 4.002 4.002 4.002 4.002 4.001 4.001 -9999.000 3.629 3.629 3.629 3.629 3.629 3.629 3.629 3.629 3.629 3.629 3.629 3.629 3.629 3.629
4.507 4.507 4.507 4.507 4.507 4.507 4.507 4.508 4.508 4.508 4.508 4.508 4.508 4.508 4.508 4.508 4.508 4.508 4.508 4.508 4.508 4.509 4.509 4.509 4.509 4.509 4.509 4.509 4.509 4.509 4.509 4.509 4.509 4.509 4.510 4.510 4.510 4.510 4.510 4.510 4.510 4.510 4.510 -9999.000 -9999.000 -9999.000 -9999.000 4.000 4.000 4.000 4.000 4.000 4.000 4.000 4.000 4.000 -9999.000 3.629 3.629 3.629 3.629 3.629 3.629 3.629 3.629 3.629 3.629 3.629 3.629 3.629 3.629
4.507 4.507 4.507 4.507 4.507 4.507 4.507 4.508 4.508 4.508 4.508 4.508 4.508 4.508 4.508 4.508 4.508 4.508 4.508 4.508 4.508 4.509 4.509 4.509 4.509 4.509 4.509 4.509 4.509 4.509 4.509 4.509 4.509 4.509 4.510 4.510 4.510 4.510 4.510 4.510 4.510 4.510 4.510 4.510 -9999.000 -9999.000 -9999.000 4.000 3.999 3.999 3.999 3.999 3.999 3.999 3.999 3.999 -9999.000 3.629 3.629 3.629 3.629 3.629 3.629 3.629 3.629 3.629 3.629 3.629 3.629 3.629 3.629
4.507 4.507 4.507 4.507 4.507 4.507 4.508 4.508 4.508 4.508 4.508 4.508 4.508 4.508 4.508 4.508 4.508 4.508 4.508 4.508 4.509 4.509 4.509 4.509 4.509 4.509 4.509 4.509 4.509 4.509 4.509 4.509 4.509 4.509 4.510 4.510 4.510 4.510 4.510 4.510 4.510 4.510 4.510 4.510 -9999.000 -9999.000 -9999.000 3.999 3.998 3.998 3.998 3.997 3.997 3.997 3.997 3.997 -9999.000 3.629 3.629 3.629 3.629 3.629 3.629 3.629 3.629 3.629 3.629 3.629 3.629 3.629 3.629
4.507 4.507 4.507 4.507 4.507 4.507 4.508 4.508 4.508 4.508 4.508 4.508 4.508 4.508 4.508 4.508 4.508 4.508 4.508 4.508 4.509 4.509 4.509 4.509 4.509 4.509 4.509 4.509 4.509 4.509 4.509 4.509 4.509 4.509 4.509 4.510 4.510 4.510 4.510 4.510 4.510 4.510 4.510 4.510 4.510 -9999.000 -9999.000 3.998 3.996 3.996 3.996 3.996 3.996 3.996 3.995 3.995 3.923 3.629 3.629 3.629 3.629 3.629 3.629 3.629 3.629 3.630 3.630 3.630 3.630 3.630 3.630
4.507 4.507 4.507 4.507 4.507 4.508 4.508 4.508 4.508 4.508 4.508 4.508 4.508 4.508 4.508 4.508 4.508 4.508 4.508 4.508 4.509 4.509 4.509 4.509 4.509 4.509 4.509 4.509 4.509 4.509 4.509 4.509 4.509 4.509 4.509 4.510 4.510 4.510 4.510 4.510 4.510 4.510 4.510 4.510 4.510 -9999.000 -9999.000 -9999.000 3.995 3.995 3.995 3.995 3.994 3.994 3.994 3.993 3.966 3.754 3.629 3.629 3.629 3.629 3.630 3.630 3.630 3.630 3.630 3.630 3.630 3.630 3.630
4.507 4.507 4.507 4.507 4.507 4.508 4.508 4.508 4.508 4.508 4.508 4.508 4.508 4.508 4.508 4.508 4.508 4.508 4.508 4.508 4.509 4.509 4.509 4.509 4.509 4.509 4.509 4.509 4.509 4.509 4.509 4.509 4.509 4.509 4.509 4.509 4.510 4.510 4.510 4.510 4.510 4.510 4.510 4.510 4.510 -9999.000 -9999.000 -9999.000 3.993 3.993 3.993 3.993 3.993 3.993 3.993 3.992 3.989 3.971 3.630 3.630 3.630 3.630 3.630 3.630 3.630 3.630 3.630 3.630 3.630 3.630 3.630
4.507 4.507 4.507 4.508 4.508 4.508 4.508 4.508 4.508 4.508 4.508 4.508 4.508 4.508 4.508 4.508 4.508 4.508 4.508 4.508 4.509 4.509 4.509 4.509 4.509 4.509 4.509 4.509 4.509 4.509 4.509 4.509 4.509 4.509 4.509 4.509 4.510 4.510 4.510 4.510 4.510 4.510 4.510 4.510 4.510 -9999.000 -9999.000 -9999.000 3.992 3.992 3.992 3.992 3.992 3.992 3.992 3.991 3.989 -9999.000 3.630 3.630 3.630 3.630 3.630 3.630 3.630 3.630 3.630 3.630 3.630 3.630 3.630
4.507 4.507 4.508 4.508 4.508 4.508 4.508 4.508 4.508 4.508 4.508 4.508 4.508 4.508 4.508 4.508 4.508 4.508 4.508 4.508 4.508 4.509 4.509 4.509 4.509 4.509 4.509 4.509 4.509 4.509 4.509 4.509 4.509 4.509 4.509 4.509 4.509 4.510 4.510 4.510 4.510 4.510 4.510 4.510 4.510 4.510 -9999.000 -9999.000 3.991 3.991 3.991 3.991 3.991 3.991 3.990 3.990 3.989 3.914 3.630 3.630 3.630 3.630 3.630 3.630 3.630 3.630 3.630 3.630 3.630 3.630 3.630
4.507 4.508 4.508 4.508 4.508 4.508 4.508 4.508 4.508 4.508 4.508 4.508 4.508 4.508 4.508 4.508 4.508 4.508 4.508 4.508 4.508 4.509 4.509 4.509 4.509 4.509 4.509 4.509 4.509 4.509 4.509 4.509 4.509 4.509 4.509 4.509 4.509 4.509 4.510 4.510 4.510 4.510 4.510 4.510 4.510 4.510 -9999.000 -9999.000 3.990 3.990 3.990 3.990 3.990 3.990 3.989 3.989 3.989 -9999.000 3.630 3.630 3.630 3.630 3.630 3.630 3.630 3.630 3.630 3.630 3.630 3.630 3.630
4.508 4.508 4.508 4.508 4.508 4.508 4.508 4.508 4.508 4.508 4.508 4.508 4.508 4.508 4.508 4.508 4.508 4.508 4.508 4.508 4.508 4.509 4.509 4.509 4.509 4.509 4.509 4.509 4.509 4.509 4.509 4.509 4.509 4.509 4.509 4.509 4.509 4.509 4.509 4.510 4.510 4.510 4.510 4.510 4.510 4.510 -9999.000 -9999.000 3.989 3.989 3.989 3.989 3.989 3.988 3.988 3.988 3.988 3.937 3.630 3.630 3.630 3.630 3.630 3.630 3.630 3.630 3.630 3.630 3.630 3.630 3.630
4.508 4.508 4.508 4.508 4.508 4.508 4.508 4.508 4.508 4.508 4.508 4.508 4.508 4.508 4.508 4.508 4.508 4.508 4.508 4.508 4.508 4.509 4.509 4.509 4.509 4.509 4.509 4.509 4.509 4.509 4.509 4.509 4.509 4.509 4.509 4.509 4.509 4.509 4.509 4.510 4.510 4.510 4.510 4.510 4.510 4.510 -9999.000 -9999.000 3.989 3.988 3.987 3.987 3.987 3.987 3.987 3.987 3.986 3.852 3.630 3.630 3.630 3.630 3.630 3.630 3.630 3.630 3.630 3.630 3.630 3.630 3.630
4.508 4.508 4.508 4.508 4.508 4.508 4.508 4.508 4.508 4.508 4.508 4.508 4.508 4.508 4.508 4.508 4.508 4.508 4.508 4.508 4.508 4.509 4.509 4.509 4.509 4.509 4.509 4.509 4.509 4.509 4.509 4.509 4.509 4.509 4.509 4.509 4.509 4.509 4.509 4.510 4.510 4.510 4.510 4.510 4.510 4.510 -9999.000 -9999.000 -9999.000 3.987 3.987 3.986 3.986 3.986 3.986 3.986 3.985 3.849 3.630 3.630 3.631 3.631 3.631 3.631 3.631 3.631 3.631 3.631 3.631 3.631 3.631
4.508 4.508 4.508 4.508 4.508 4.508 4.508 4.508 4.508 4.508 4.508 4.508 4.508 4.508 4.508 4.508 4.508 4.508 4.508 4.508 4.508 4.508 4.509 4.509 4.509 4.509 4.509 4.509 4.509 4.509 4.509 4.509 4.509 4.509 4.509 4.509 4.509 4.509 4.509 4.509 4.509 4.509 4.510 4.510 4.510 4.510 -9999.000 -9999.000 -9999.000 3.986 3.986 3.986 3.986 3.985 3.985 3.985 3.984 3.862 3.631 3.631 3.631 3.631 3.631 3.631 3.631 3.631 3.631 3.631 3.631 3.631 3.631
4.508 4.508 4.508 4.508 4.508 4.508 4.508 4.508 4.508 4.508 4.508 4.508 4.508 4.508 4.508 4.508 4.508 4.508 4.508 4.508 4.508 4.508 4.509 4.509 4.509 4.509 4.509 4.509 4.509 4.509 4.509 4.509 4.509 4.509 4.509 4.509 4.509 4.509 4.509 4.509 4.509 4.509 4.510 4.510 4.510 4.510 -9999.000 -9999.000 -9999.000 3.985 3.985 3.985 3.985 3.985 3.985 3.985 3.984 3.930 3.864 3.631 3.631 3.631 3.631 3.631 3.631 3.631 3.631 3.631 3.631 3.631 3.631
4.508 4.508 4.508 4.508 4.508 4.508 4.508 4.508 4.508 4.508 4.508 4.508 4.508 4.508 4.508 4.508 4.508 4.508 4.508 4.508 4.508 4.509 4.509 4.509 4.509 4.509 4.509 4.509 4.509 4.509 4.509 4.509 4.509 4.509 4.509 4.509 4.509 4.509 4.509 4.509 4.509 4.509 4.509 4.510 4.510 4.510 -9999.000 -9999.000 -9999.000 3.985 3.985 3.985 3.985 3.985 3.984 3.984 3.984 3.972 3.841 3.631 3.631 3.631 3.631 3.631 3.631 3.631 3.631 3.631 3.631 3.631 3.631
4.508 4.508 4.508 4.508 4.508 4.508 4.508 4.508 4.508 4.508 4.508 4.508 4.508 4.508 4.508 4.508 4.508 4.508 4.508 4.508 4.508 4.509 4.509 4.509 4.509 4.509 4.509 4.509 4.509 4.509 4.509 4.509 4.509 4.509 4.509 4.509 4.509 4.509 4.509 4.509 4.509 4.509 4.509 4.509 4.509 4.509 -9999.000 -9999.000 -9999.000 3.984 3.984 3.984 3.984 3.984 3.984 3.984 3.983 3.983 3.955 3.632 3.632 3.632 3.632 3.632 3.632 3.632 3.632 3.632 3.632 3.632 3.631
4.508 4.508 4.508 4.508 4.508 4.508 4.508 4.508 4.508 4.508 4.508 4.508 4.508 4.508 4.508 4.508 4.508 4.508 4.508 4.508 4.508 4.509 4.509 4.509 4.509 4.509 4.509 4.509 4.509 4.509 4.509 4.509 4.509 4.509 4.509 4.509 4.509 4.509 4.509 4.509 4.509 4.509 4.509 4.509 4.509 4.509 -9999.000 3.982 3.982 3.983 3.983 3.983 3.983 3.983 3.983 3.983 3.983 3.983 3.937 3.632 3.632 3.632 3.632 3.632 3.632 3.632 3.632 3.632 3.632 3.632 3.632
4.508 4.508 4.508 4.508 4.508 4.508 4.508 4.508 4.508 4.508 4.508 4.508 4.508 4.508 4.508 4.508 4.508 4.508 4.508 4.508 4.508 4.508 4.509 4.509 4.509 4.509 4.509 4.509 4.509 4.509 4.509 4.509 4.509 4.509 4.509 4.509 4.509 4.509 4.509 4.509 4.509 4.509 4.509 4.509 4.509 4.509 -9999.000 3.982 3.982 3.982 3.982 3.982 3.982 3.982 3.982 3.982 3.982 3.982 3.882 3.632 3.632 3.632 3.632 3.632 3.632 3.632 3.632 3.632 3.632 3.632 3.632
4.508 4.508 4.508 4.508 4.508 4.508 4.508 4.508 4.508 4.508 4.508 4.508 4.508 4.508 4.508 4.508 4.508 4.508 4.508 4.508 4.508 4.508 4.508 4.509 4.509 4.509 4.509 4.509 4.509 4.509 4.509 4.509 4.509 4.509 4.509 4.509 4.509 4.509 4.509 4.509 4.509 4.509 4.509 4.509 4.509 4.509 -9999.000 3.982 3.982 3.982 3.982 3.982 3.982 3.982 3.982 3.982 3.982 3.982 3.931 3.633 3.633 3.633 3.633 3.633 3.633 3.633 3.633 3.633 3.633 3.632 3.632
4.508 4.508 4.508 4.508 4.508 4.508 4.508 4.508 4.508 4.508 4.508 4.508 4.508 4.508 4.508 4.508 4.508 4.508 4.508 4.508 4.508 4.508 4.508 4.508 4.509 4.509 4.509 4.509 4.509 4.509 4.509 4.509 4.509 4.509 4.509 4.509 4.509 4.509 4.509 4.509 4.509 4.509 4.509 4.509 4.509 4.509 -9999.000 3.982 3.982 3.982 3.982 3.982 3.982 3.982 3.982 3.982 3.982 3.974 3.905 3.634 3.634 3.634 3.634 3.634 3.634 3.634 3.634 3.634 3.633 3.633 3.633
4.508 4.508 4.508 4.508 4.508 4.508 4.508 4.508 4.508 4.508 4.508 4.508 4.508 4.508 4.508 4.508 4.508 4.508 4.508 4.508 4.508 4.508 4.508 4.508 4.508 4.509 4.509 4.509 4.509 4.509 4.509 4.509 4.509 4.509 4.509 4.509 4.509 4.509 4.509 4.509 4.509 4.509 4.509 4.509 4.509 4.509 -9999.000 3.981 3.981 3.981 3.981 3.981 3.981 3.981 3.982 3.982 3.981 3.962 3.821 3.635 3.635 3.635 3.635 3.635 3.635 3.635 3.635 3.634 3.634 3.634 3.634
4.508 4.508 4.508 4.508 4.508 4.508 4.508 4.508 4.508 4.508 4.508 4.508 4.508 4.508 4.508 4.508 4.508 4.508 4.508 4.508 4.508 4.508 4.508 4.508 4.508 4.508 4.508 4.508 4.508 4.508 4.509 4.509 4.509 4.509 4.509 4.509 4.509 4.509 4.509 4.509 4.509 4.509 4.509 4.509 4.509 4.509 -9999.000 3.981 3.981 3.981 3.981 3.981 3.981 3.981 3.981 3.981 3.981 3.931 3.638 3.636 3.636 3.636 3.636 3.636 3.636 3.636 3.635 3.635 3.635 3.635 3.634
4.508 4.508 4.508 4.508 4.508 4.508 4.508 4.508 4.508 4.508 4.508 4.508 4.508 4.508 4.508 4.508 4.508 4.508 4.508 4.508 4.508 4.508 4.508 4.508 4.508 4.508 4.508 4.508 4.508 4.508 4.508 4.509 4.509 4.509 4.509 4.509 4.509 4.509 4.509 4.509 4.509 4.509 4.509 4.509 4.509 4.509 -9999.000 3.981 3.981 3.981 3.981 3.981 3.981 3.981 3.981 3.981 3.981 3.873 3.639 3.638 3.637 3.637 3.637 3.637 3.637 3.637 3.636 3.636 3.635 3.635 3.635
4.508 4.508 4.508 4.508 4.508 4.508 4.508 4.508 4.508 4.508 4.508 4.508 4.508 4.508 4.508 4.508 4.508 4.508 4.508 4.508 4.508 4.508 4.508 4.508 4.508 4.508 4.508 4.508 4.508 4.508 4.508 4.508 4.509 4.509 4.509 4.509 4.509 4.509 4.509 4.509 4.509 4.509 4.509 4.509 4.509 -9999.000 -9999.000 3.981 3.981 3.981 3.981 3.981 3.981 3.981 3.981 3.981 3.981 3.889 3.640 3.639 3.639 3.639 3.639 3.638 3.638 3.638 3.637 3.637 3.636 3.636 3.635
4.508 4.508 4.508 4.508 4.508 4.508 4.508 4.508 4.508 4.508 4.508 4.508 4.508 4.508 4.508 4.508 4.508 4.508 4.508 4.508 4.508 4.508 4.508 4.508 4.508 4.508 4.508 4.508 4.508 4.508 4.508 4.508 4.508 4.508 4.509 4.509 4.509 4.509 4.509 4.509 4.509 4.509 4.509 4.509 4.509 -9999.000 -9999.000 3.980 3.980 3.980 3.980 3.980 3.980 3.980 3.981 3.981 3.981 -9999.000 3.643 3.642 3.642 3.641 3.640 3.640 3.639 3.639 3.638 3.638 3.637 3.637 3.636
4.508 4.508 4.508 4.508 4.508 4.508 4.508 4.508 4.508 4.508 4.508 4.508 4.508 4.508 4.508 4.508 4.508 4.508 4.508 4.508 4.508 4.508 4.508 4.508 4.508 4.508 4.508 4.508 4.508 4.508 4.508 4.508 4.508 4.508 4.509 4.509 4.509 4.509 4.509 4.509 4.509 4.509 4.509 4.509 4.509 -9999.000 3.980 3.980 3.980 3.980 3.980 3.980 3.980 3.980 3.980 3.980 3.980 3.910 3.647 3.646 3.645 3.644 3.643 3.642 3.641 3.641 3.640 3.639 3.638 3.637 3.636
4.508 4.508 4.508 4.508 4.508 4.508 4.508 4.508 4.508 4.508 4.508 4.508 4.508 4.508 4.508 4.508 4.508 4.508 4.508 4.508 4.508 4.508 4.508 4.508 4.508 4.508 4.508 4.508 4.508 4.508 4.508 4.508 4.508 4.508 4.508 4.508 4.508 4.509 4.509 4.509 4.509 4.509 4.509 4.509 4.509 -9999.000 3.980 3.980 3.980 3.980 3.980 3.980 3.980 3.980 3.980 3.980 3.980 3.933 3.651 3.651 3.650 3.649 3.647 3.645 3.644 3.643 3.641 3.640 3.639 3.638 3.637
4.508 4.508 4.508 4.508 4.508 4.508 4.508 4.508 4.508 4.508 4.508 4.508 4.508 4.508 4.508 4.508 4.508 4.508 4.508 4.508 4.508 4.508 4.508 4.508 4.508 4.508 4.508 4.508 4.508 4.508 4.508 4.508 4.508 4.508 4.508 4.508 4.508 4.508 4.508 4.509 4.509 4.509 4.509 4.509 4.509 -9999.000 3.980 3.980 3.980 3.980 3.980 3.980 3.980 3.980 3.980 3.980 3.980 -9999.000 3.659 3.658 3.658 3.656 3.653 3.649 3.647 3.645 3.643 3.642 3.640 3.639 3.637
4.508 4.508 4.508 4.508 4.508 4.508 4.508 4.508 4.508 4.508 4.508 4.508 4.508 4.508 4.508 4.508 4.508 4.508 4.508 4.508 4.508 4.508 4.508 4.508 4.508 4.508 4.508 4.508 4.508 4.508 4.508 4.508 4.508 4.508 4.508 4.508 4.508 4.508 4.508 4.508 4.509 4.509 4.509 4.509 4.509 -9999.000 3.980 3.980 3.979 3.979 3.979 3.980 3.980 3.980 3.980 3.980 3.980 -9999.000 3.667 3.667 3.667 3.666 3.663 3.659 3.655 3.650 3.647 3.644 3.641 3.639 3.638
4.508 4.508 4.508 4.508 4.508 4.508 4.508 4.508 4.508 4.508 4.508 4.508 4.508 4.508 4.508 4.508 4.508 4.508 4.508 4.508 4.508 4.508 4.508 4.508 4.508 4.508 4.508 4.508 4.508 4.508 4.508 4.508 4.508 4.508 4.508 4.508 4.508 4.508 4.508 4.508 4.508 4.508 4.509 4.509 4.509 -9999.000 3.979 3.979 3.979 3.979 3.979 3.979 3.979 3.979 3.979 3.979 3.980 -9999.000 3.670 3.670 3.670 3.670 3.670 3.667 3.663 3.660 3.655 3.650 3.645 3.641 3.639
