includes/estuary_coast/floodfiles/results/res.mxe
ncols         730
nrows         472
xllcorner     380617.130607059982140
yllcorner     6542069.774948899634182
cellsize      20.000000000000000
NODATA_value  -9999.000000
[rows 248 to 278 of 472, columns 355 to 425 of 730]
4.179 4.179 4.179 4.179 4.179 4.179 4.179 4.179 4.179 4.179 4.179 4.179 4.179 4.179 4.179 4.179 4.179 4.179 4.179 4.179 4.179 4.179 4.179 4.180 4.180 4.179 4.179 4.179 4.179 4.179 4.179 4.179 4.179 4.178 4.177 4.177 -9999.000 -9999.000 4.163 4.163 4.162 4.162 4.162 4.162 4.162 4.161 4.161 4.161 4.160 4.160 4.159 4.158 4.158 4.157 4.157 4.157 4.156 4.156 4.155 4.155 4.154 4.153 4.152 4.151 4.150 4.148 4.146 4.143 4.141 4.137 4.133
4.179 4.179 4.179 4.179 4.179 4.179 4.179 4.179 4.179 4.179 4.179 4.179 4.179 4.179 4.179 4.179 4.179 4.179 4.179 4.179 4.179 4.179 4.179 4.179 4.179 4.179 4.179 4.179 4.179 4.179 4.179 4.179 4.179 4.179 -9999.000 4.177 4.177 -9999.000 4.163 4.163 4.163 4.162 4.162 4.162 4.162 4.161 4.161 4.161 4.160 4.160 4.159 4.158 4.158 4.157 4.157 4.157 4.156 4.156 4.155 4.154 4.154 4.153 4.152 4.151 4.150 4.148 4.146 4.144 4.141 4.137 4.133
4.179 4.179 4.179 4.179 4.179 4.179 4.179 4.179 4.179 4.179 4.179 4.179 4.179 4.179 4.179 4.179 4.179 4.179 4.179 4.179 4.179 4.179 4.179 4.179 4.179 4.179 4.179 4.179 4.179 4.179 4.179 4.179 4.179 4.177 4.172 -9999.000 -9999.000 4.164 4.163 4.163 4.163 4.162 4.162 4.162 4.162 4.161 4.161 4.161 4.160 4.160 4.159 4.158 4.158 4.157 4.157 4.157 4.156 4.155 4.155 4.154 4.154 4.153 4.152 4.151 4.149 4.148 4.146 4.144 4.141 4.138 4.134
4.179 4.179 4.179 4.179 4.179 4.179 4.179 4.179 4.179 4.179 4.179 4.179 4.179 4.179 4.179 4.179 4.179 4.179 4.179 4.179 4.179 4.179 4.179 4.179 4.179 4.179 4.179 4.179 4.179 4.179 4.179 4.179 -9999.000 -9999.000 4.171 4.171 4.171 4.167 4.164 4.163 4.163 4.162 4.162 4.162 4.162 4.161 4.161 4.161 4.160 4.160 4.159 4.158 4.158 4.157 4.157 4.156 4.156 4.155 4.155 4.154 4.154 4.153 4.152 4.151 4.149 4.148 4.146 4.144 4.141 4.139 4.135
4.179 4.179 4.179 4.179 4.179 4.179 4.179 4.179 4.179 4.179 4.179 4.179 4.179 4.179 4.179 4.179 4.179 4.179 4.179 4.179 4.179 4.179 4.179 4.179 4.179 4.179 4.179 4.179 -9999.000 -9999.000 4.175 4.174 4.171 4.171 4.171 4.171 4.171 4.169 4.165 4.164 4.163 4.163 4.162 4.162 4.162 4.161 4.161 4.161 4.160 4.160 4.159 4.158 4.158 4.157 4.157 4.156 4.156 4.155 4.155 4.154 4.154 4.153 4.152 4.151 4.149 4.147 4.146 4.144 4.141 4.139 4.136
4.179 4.179 4.179 4.179 4.179 4.179 4.179 4.179 4.179 4.179 4.179 4.179 4.179 4.179 4.179 4.179 4.179 4.179 4.179 4.179 4.178 4.178 4.178 4.178 4.178 4.178 4.177 4.177 4.174 4.172 4.172 4.171 4.171 4.171 4.171 4.171 4.171 4.169 4.166 4.164 4.163 4.163 4.162 4.162 4.162 4.161 4.161 4.161 4.160 4.160 4.159 4.158 4.158 4.157 4.157 4.156 4.156 4.155 4.155 4.154 4.154 4.153 4.152 4.151 4.149 4.147 4.146 4.144 4.142 4.139 4.136
4.179 4.179 4.179 4.179 4.179 4.179 4.179 4.179 4.179 4.179 4.179 4.179 4.179 4.179 4.179 4.179 4.178 4.178 4.178 4.178 4.178 4.178 4.178 4.178 4.177 4.177 4.175 4.174 4.173 4.172 4.172 4.171 4.171 4.171 4.171 4.171 4.171 4.169 4.166 4.164 4.163 4.163 4.163 4.162 4.162 4.161 4.161 4.161 4.160 4.160 4.159 4.158 4.158 4.157 4.157 4.156 4.156 4.155 4.155 4.154 4.154 4.153 4.152 4.151 4.149 4.147 4.146 4.144 4.142 4.139 4.137
4.179 4.179 4.179 4.179 4.179 4.179 4.179 4.179 4.179 4.179 4.179 4.179 4.179 4.178 4.178 4.178 4.178 4.178 4.178 4.178 4.178 4.177 4.177 4.177 4.176 4.176 4.174 4.173 4.172 4.172 4.172 4.171 4.171 4.171 4.171 4.171 4.171 4.170 4.168 4.166 4.164 4.163 4.163 4.162 4.162 4.161 4.161 4.161 4.160 4.160 4.159 4.158 4.158 4.157 4.157 4.156 4.156 4.155 4.155 4.154 4.154 4.153 4.152 4.151 4.149 4.147 4.146 4.144 4.142 4.139 4.137
4.179 4.179 4.179 4.179 4.179 4.179 4.179 4.179 4.179 4.179 4.179 4.179 4.178 4.178 4.178 4.178 4.178 4.178 4.177 4.177 4.177 4.177 4.177 4.176 4.176 4.175 4.174 4.173 4.172 4.172 4.172 4.171 4.171 4.171 4.171 4.171 4.171 4.170 4.170 4.167 4.165 4.164 4.163 4.162 4.162 4.162 4.161 4.161 4.160 4.160 4.159 4.158 4.158 4.157 4.157 4.156 4.156 4.155 4.155 4.154 4.154 4.153 4.152 4.151 4.150 4.148 4.146 4.144 4.142 4.140 4.138
4.179 4.179 4.179 4.179 4.179 4.179 4.179 4.179 4.179 4.179 4.179 4.179 4.178 4.178 4.178 4.178 4.178 4.177 4.177 4.177 4.177 4.176 4.176 4.176 4.175 4.174 4.174 4.173 4.172 4.172 4.172 4.171 4.171 4.171 4.171 4.171 4.171 4.170 4.170 4.169 4.168 4.166 4.164 4.163 4.162 4.162 4.161 4.161 4.160 4.160 4.159 4.158 4.158 4.157 4.157 4.156 4.156 4.155 4.155 4.154 4.154 4.153 4.152 4.151 4.150 4.148 4.146 4.144 4.142 4.140 4.138
4.179 4.179 4.179 4.179 4.179 4.179 4.179 4.179 4.179 4.179 4.179 4.178 4.178 4.178 4.178 4.178 4.177 4.177 4.177 4.177 4.176 4.176 4.176 4.175 4.175 4.174 4.173 4.173 4.172 4.172 4.172 4.171 4.171 4.171 4.171 4.171 4.171 4.170 4.170 4.169 4.168 4.167 4.166 4.164 4.163 4.162 4.161 4.161 4.160 4.160 4.160 4.158 4.158 4.157 4.157 4.156 4.156 4.155 4.155 4.154 4.154 4.153 4.152 4.151 4.150 4.148 4.146 4.145 4.143 4.140 4.138
4.179 4.179 4.179 4.179 4.179 4.179 4.179 4.179 4.179 4.179 4.178 4.178 4.178 4.178 4.178 4.178 4.177 4.177 4.176 4.176 4.176 4.176 4.175 4.175 4.174 4.174 4.173 4.173 4.172 4.172 4.172 4.171 4.171 4.171 4.171 4.171 4.171 4.170 4.170 4.169 4.168 4.167 4.166 4.165 4.163 4.162 4.161 4.161 4.161 4.160 4.160 4.159 4.158 4.157 4.157 4.156 4.156 4.155 4.155 4.154 4.154 4.153 4.152 4.151 4.150 4.148 4.147 4.146 4.144 4.141 4.139
4.179 4.179 4.179 4.179 4.179 4.179 4.179 4.179 4.179 4.178 4.178 4.178 4.178 4.178 4.178 4.177 4.176 4.176 4.176 4.176 4.176 4.175 4.175 4.174 4.174 4.174 4.173 4.173 4.172 4.172 4.172 4.171 4.171 4.171 4.171 4.171 4.171 4.170 4.170 4.169 4.169 4.168 4.167 4.166 4.164 4.162 4.161 4.161 4.161 4.160 4.160 4.159 4.159 4.158 4.157 4.156 4.156 4.155 4.155 4.154 4.154 4.153 4.152 4.151 4.150 4.149 4.147 4.146 4.145 4.142 4.139
4.179 4.179 4.179 4.179 4.179 4.179 4.179 4.179 4.179 4.178 4.178 4.178 4.178 4.177 4.177 4.177 4.177 4.176 4.176 4.176 4.176 4.175 4.175 4.174 4.174 4.174 4.173 4.173 4.172 4.172 4.172 4.171 4.171 4.171 4.171 4.171 4.171 4.170 4.170 4.169 4.169 4.168 4.167 4.166 4.165 4.163 4.162 4.161 4.161 4.161 4.160 4.160 4.159 4.158 4.158 4.157 4.156 4.155 4.155 4.154 4.154 4.153 4.152 4.151 4.150 4.149 4.148 4.147 4.146 4.143 4.140
4.179 4.179 4.179 4.179 4.179 4.179 4.179 4.179 4.178 4.178 4.178 4.178 4.178 4.177 4.177 4.177 4.177 4.176 4.176 4.176 4.176 4.175 4.175 4.174 4.174 4.174 4.173 4.173 4.172 4.172 4.172 4.171 4.171 4.171 4.171 4.171 4.170 4.170 4.169 4.169 4.168 4.168 4.167 4.166 4.165 4.163 4.162 4.162 4.162 4.161 4.161 4.160 4.159 4.159 4.158 4.157 4.156 4.156 4.155 4.154 4.154 4.153 4.152 4.152 4.151 4.150 4.149 4.148 4.146 4.145 4.142
4.179 4.179 4.179 4.179 4.179 4.179 4.179 4.179 4.178 4.178 4.178 4.178 4.178 4.177 4.177 4.177 4.177 4.176 4.176 4.176 4.175 4.175 4.175 4.174 4.174 4.174 4.173 4.173 4.172 4.172 4.172 4.171 4.171 4.171 4.171 4.171 4.170 4.170 4.169 4.169 4.168 4.168 4.167 4.166 4.165 4.164 4.163 4.162 4.162 4.162 4.161 4.160 4.160 4.159 4.158 4.158 4.157 4.156 4.155 4.154 4.154 4.153 4.153 4.152 4.151 4.150 4.149 4.148 4.147 4.146 4.145
4.179 4.179 4.179 4.179 4.179 4.179 4.179 4.179 4.178 4.178 4.178 4.178 4.177 4.177 4.177 4.177 4.176 4.176 4.176 4.176 4.175 4.175 4.175 4.174 4.174 4.173 4.173 4.173 4.172 4.172 4.172 4.171 4.171 4.171 4.171 4.171 4.170 4.170 4.169 4.168 4.168 4.167 4.167 4.166 4.166 4.165 4.163 4.163 4.162 4.162 4.161 4.161 4.160 4.159 4.159 4.158 4.157 4.157 4.156 4.155 4.154 4.153 4.153 4.152 4.152 4.151 4.150 4.149 4.148 4.147 4.145
4.180 4.180 4.179 4.179 4.179 4.179 4.179 4.179 4.178 4.178 4.178 4.178 4.177 4.177 4.177 4.177 4.176 4.176 4.176 4.176 4.175 4.175 4.175 4.174 4.174 4.173 4.173 4.173 4.172 4.172 4.172 4.171 4.171 4.171 4.171 4.170 4.170 4.169 4.169 4.168 4.168 4.167 4.167 4.166 4.166 4.165 4.165 4.163 4.163 4.162 4.162 4.161 4.160 4.160 4.159 4.158 4.158 4.157 4.156 4.155 4.154 4.154 4.153 4.152 4.152 4.151 4.151 4.149 4.148 4.147 4.146
4.180 4.180 4.180 4.179 4.179 4.179 4.179 4.179 4.178 4.178 4.178 4.178 4.177 4.177 4.177 4.177 4.176 4.176 4.176 4.176 4.175 4.175 4.175 4.174 4.174 4.173 4.173 4.173 4.172 4.172 4.172 4.171 4.171 4.171 4.171 4.170 4.170 4.169 4.169 4.168 4.168 4.167 4.167 4.166 4.166 4.165 4.165 4.164 4.164 4.163 4.162 4.162 4.161 4.160 4.159 4.158 4.158 4.157 4.156 4.155 4.155 4.154 4.153 4.153 4.152 4.152 4.151 4.150 4.149 4.148 4.147
4.180 4.180 4.180 4.179 4.179 4.179 4.179 4.179 4.178 4.178 4.178 4.177 4.177 4.177 4.177 4.177 4.176 4.176 4.176 4.176 4.175 4.175 4.175 4.174 4.174 4.173 4.173 4.173 4.172 4.172 4.172 4.171 4.171 4.171 4.171 4.170 4.170 4.169 4.169 4.168 4.168 4.167 4.167 4.166 4.166 4.165 4.165 4.164 4.164 4.163 4.163 4.162 4.161 4.160 4.160 4.159 4.158 4.157 4.156 4.156 4.155 4.154 4.154 4.153 4.153 4.152 4.151 4.150 4.150 4.149 4.148
4.180 4.180 4.180 4.179 4.179 4.179 4.179 4.179 4.178 4.178 4.178 4.177 4.177 4.177 4.177 4.177 4.176 4.176 4.176 4.176 4.175 4.175 4.175 4.174 4.174 4.173 4.173 4.173 4.172 4.172 4.172 4.171 4.171 4.171 4.171 4.170 4.170 4.169 4.169 4.168 4.168 4.167 4.167 4.166 4.166 4.165 4.165 4.164 4.164 4.163 4.163 4.162 4.162 4.161 4.160 4.159 4.158 4.157 4.157 4.156 4.155 4.155 4.154 4.154 4.153 4.153 4.152 4.151 4.150 4.149 4.148
4.180 4.180 4.180 4.179 4.179 4.179 4.179 4.179 4.178 4.178 4.178 4.177 4.177 4.177 4.177 4.177 4.176 4.176 4.176 4.176 4.175 4.175 4.175 4.174 4.174 4.173 4.173 4.173 4.172 4.172 4.172 4.171 4.171 4.171 4.170 4.170 4.170 4.169 4.169 4.168 4.168 4.167 4.167 4.166 4.166 4.165 4.165 4.164 4.164 4.163 4.163 4.163 4.162 4.161 4.161 4.160 4.159 4.158 4.157 4.156 4.156 4.155 4.154 4.154 4.153 4.153 4.152 4.152 4.151 4.150 4.149
4.180 4.180 4.180 4.179 4.179 4.179 4.179 4.179 4.178 4.178 4.178 4.178 4.177 4.177 4.177 4.177 4.176 4.176 4.176 4.176 4.175 4.175 4.175 4.174 4.174 4.173 4.173 4.173 4.172 4.172 4.172 4.171 4.171 4.171 4.170 4.170 4.170 4.169 4.169 4.168 4.168 4.167 4.167 4.166 4.166 4.165 4.165 4.164 4.164 4.163 4.163 4.163 4.162 4.162 4.161 4.160 4.159 4.158 4.158 4.157 4.156 4.155 4.155 4.154 4.154 4.153 4.153 4.152 4.151 4.151 4.150
4.180 4.180 4.180 4.180 4.179 4.179 4.179 4.179 4.178 4.178 4.178 4.178 4.177 4.177 4.177 4.177 4.177 4.176 4.176 4.176 4.175 4.175 4.175 4.174 4.174 4.173 4.173 4.173 4.172 4.172 4.172 4.171 4.171 4.171 4.170 4.170 4.170 4.169 4.169 4.168 4.168 4.167 4.167 4.166 4.166 4.165 4.165 4.164 4.164 4.163 4.163 4.163 4.162 4.162 4.161 4.160 4.160 4.159 4.158 4.158 4.157 4.156 4.156 4.155 4.154 4.154 4.153 4.153 4.152 4.151 4.151
4.180 4.180 4.180 4.180 4.180 4.179 4.179 4.178 4.178 4.178 4.178 4.178 4.177 4.177 4.177 4.177 4.177 4.176 4.176 4.176 4.175 4.175 4.175 4.174 4.174 4.173 4.173 4.173 4.172 4.172 4.172 4.171 4.171 4.171 4.170 4.170 4.170 4.169 4.169 4.168 4.168 4.167 4.167 4.166 4.165 4.165 4.165 4.164 4.164 4.163 4.163 4.162 4.162 4.161 4.161 4.161 4.160 4.160 4.159 4.159 4.158 4.157 4.157 4.156 4.155 4.154 4.154 4.153 4.153 4.152 4.152
4.180 4.180 4.180 4.180 4.180 4.179 4.179 4.178 4.178 4.178 4.178 4.178 4.177 4.177 4.177 4.177 4.177 4.176 4.176 4.176 4.175 4.175 4.174 4.174 4.174 4.174 4.173 4.173 4.172 4.172 4.172 4.171 4.171 4.171 4.170 4.170 4.169 4.169 4.169 4.168 4.168 4.167 4.167 4.166 4.165 4.165 4.164 4.164 4.164 4.163 4.163 4.162 4.162 4.161 4.161 4.161 4.160 4.160 4.159 4.159 4.158 4.158 4.157 4.157 4.156 4.155 4.154 4.154 4.153 4.152 4.152
4.180 4.180 4.180 4.180 4.180 4.179 4.179 4.178 4.178 4.178 4.178 4.178 4.178 4.177 4.177 4.177 4.177 4.176 4.176 4.176 4.175 4.175 4.174 4.174 4.174 4.174 4.173 4.173 4.172 4.172 4.172 4.171 4.171 4.171 4.170 4.170 4.169 4.169 4.169 4.168 4.167 4.167 4.166 4.166 4.165 4.165 4.164 4.164 4.164 4.163 4.163 4.162 4.162 4.161 4.161 4.161 4.160 4.160 4.160 4.159 4.159 4.158 4.158 4.157 4.157 4.156 4.155 4.154 4.154 4.153 4.152
4.180 4.180 4.180 4.180 4.180 4.179 4.179 4.179 4.178 4.178 4.178 4.178 4.178 4.177 4.177 4.177 4.177 4.176 4.176 4.176 4.175 4.175 4.174 4.174 4.174 4.173 4.173 4.173 4.173 4.172 4.172 4.171 4.171 4.171 4.170 4.170 4.169 4.169 4.169 4.168 4.167 4.167 4.166 4.166 4.165 4.165 4.164 4.164 4.164 4.163 4.163 4.162 4.162 4.161 4.161 4.161 4.160 4.160 4.160 4.159 4.159 4.159 4.158 4.158 4.158 4.157 4.156 4.155 4.155 4.154 4.153
4.180 4.180 4.180 4.180 4.180 4.179 4.179 4.179 4.179 4.178 4.178 4.178 4.178 4.178 4.177 4.177 4.177 4.176 4.176 4.176 4.175 4.175 4.174 4.174 4.174 4.173 4.173 4.173 4.172 4.172 4.172 4.171 4.171 4.171 4.170 4.170 4.169 4.169 4.168 4.168 4.167 4.167 4.166 4.166 4.165 4.165 4.164 4.164 4.164 4.163 4.163 4.162 4.162 4.161 4.161 4.161 4.160 4.160 4.160 4.159 4.159 4.159 4.158 4.158 4.158 4.157 4.157 4.156 4.155 4.155 4.154
4.180 4.180 4.180 4.180 4.180 4.179 4.179 4.179 4.179 4.178 4.178 4.178 4.178 4.178 4.177 4.177 4.177 4.176 4.176 4.176 4.175 4.175 4.174 4.174 4.174 4.173 4.173 4.173 4.172 4.172 4.172 4.171 4.171 4.170 4.170 4.170 4.169 4.169 4.168 4.168 4.167 4.167 4.166 4.166 4.165 4.165 4.164 4.164 4.163 4.163 4.163 4.162 4.162 4.161 4.161 4.161 4.160 4.160 4.160 4.159 4.159 4.159 4.159 4.158 4.158 4.158 4.157 4.157 4.156 4.156 4.155
4.180 4.180 4.180 4.180 4.180 4.179 4.179 4.179 4.179 4.179 4.178 4.178 4.178 4.178 4.177 4.177 4.177 4.176 4.176 4.176 4.175 4.175 4.174 4.174 4.174 4.173 4.173 4.173 4.172 4.172 4.172 4.171 4.171 4.170 4.170 4.170 4.169 4.169 4.168 4.168 4.167 4.167 4.166 4.166 4.165 4.165 4.164 4.164 4.163 4.163 4.163 4.162 4.162 4.161 4.161 4.161 4.160 4.160 4.160 4.159 4.159 4.159 4.159 4.158 4.158 4.158 4.157 4.157 4.157 4.156 4.156
