includes/estuary_coast/floodfiles/results/res.maxtm
ncols         730
nrows         472
xllcorner     380617.130607
yllcorner     6542069.774949
cellsize      20.000000
NODATA_value  -9999.000000
[rows 87 to 115 of 472, columns 192 to 255 of 730]
-9999.000 -9999.000 -9999.000 -9999.000 -9999.000 -9999.000 -9999.000 -9999.000 -9999.000 -9999.000 -9999.000 -9999.000 -9999.000 -9999.000 -9999.000 -9999.000 -9999.000 -9999.000 -9999.000 -9999.000 -9999.000 -9999.000 -9999.000 -9999.000 -9999.000 -9999.000 -9999.000 -9999.000 -9999.000 -9999.000 -9999.000 -9999.000 -9999.000 -9999.000 -9999.000 -9999.000 -9999.000 -9999.000 -9999.000 -9999.000 -9999.000 -9999.000 -9999.000 -9999.000 -9999.000 -9999.000 -9999.000 -9999.000 -9999.000 -9999.000 -9999.000 -9999.000 -9999.000 55.553 55.553 55.553 55.553 55.553 55.553 55.553 55.553 55.553 55.553 55.553
51.574 -9999.000 -9999.000 -9999.000 -9999.000 -9999.000 -9999.000 -9999.000 -9999.000 -9999.000 -9999.000 -9999.000 -9999.000 -9999.000 -9999.000 -9999.000 -9999.000 -9999.000 -9999.000 -9999.000 -9999.000 -9999.000 -9999.000 -9999.000 -9999.000 -9999.000 -9999.000 -9999.000 -9999.000 -9999.000 -9999.000 -9999.000 -9999.000 -9999.000 -9999.000 -9999.000 -9999.000 -9999.000 -9999.000 -9999.000 -9999.000 -9999.000 -9999.000 -9999.000 -9999.000 -9999.000 -9999.000 -9999.000 -9999.000 -9999.000 -9999.000 -9999.000 -9999.000 -9999.000 55.553 55.553 55.553 55.553 55.553 55.553 55.553 55.553 55.553 55.553
51.580 -9999.000 -9999.000 -9999.000 -9999.000 -9999.000 -9999.000 -9999.000 -9999.000 -9999.000 -9999.000 -9999.000 -9999.000 -9999.000 -9999.000 -9999.000 -9999.000 -9999.000 -9999.000 -9999.000 -9999.000 -9999.000 -9999.000 -9999.000 -9999.000 -9999.000 -9999.000 -9999.000 -9999.000 -9999.000 -9999.000 -9999.000 -9999.000 -9999.000 -9999.000 -9999.000 -9999.000 -9999.000 -9999.000 -9999.000 -9999.000 -9999.000 -9999.000 -9999.000 -9999.000 -9999.000 -9999.000 -9999.000 -9999.000 -9999.000 -9999.000 -9999.000 -9999.000 -9999.000 -9999.000 52.531 55.553 55.553 55.553 55.553 55.553 55.553 55.553 55.553
51.583 51.581 -9999.000 -9999.000 51.585 51.571 -9999.000 -9999.000 -9999.000 -9999.000 -9999.000 -9999.000 -9999.000 51.550 -9999.000 -9999.000 -9999.000 -9999.000 -9999.000 -9999.000 -9999.000 -9999.000 -9999.000 -9999.000 -9999.000 -9999.000 -9999.000 -9999.000 -9999.000 -9999.000 -9999.000 -9999.000 -9999.000 -9999.000 -9999.000 -9999.000 -9999.000 -9999.000 -9999.000 -9999.000 -9999.000 -9999.000 -9999.000 -9999.000 -9999.000 -9999.000 -9999.000 -9999.000 -9999.000 -9999.000 -9999.000 -9999.000 52.412 52.412 52.413 52.417 52.440 52.681 55.553 55.553 55.553 55.553 55.553 55.553
51.582 51.580 51.591 51.591 51.571 51.568 51.564 51.580 51.570 51.572 51.573 51.575 -9999.000 51.585 51.558 -9999.000 -9999.000 -9999.000 -9999.000 -9999.000 -9999.000 -9999.000 -9999.000 -9999.000 -9999.000 -9999.000 -9999.000 -9999.000 -9999.000 -9999.000 -9999.000 -9999.000 -9999.000 -9999.000 -9999.000 -9999.000 -9999.000 -9999.000 -9999.000 -9999.000 -9999.000 -9999.000 -9999.000 -9999.000 -9999.000 -9999.000 -9999.000 -9999.000 -9999.000 -9999.000 -9999.000 -9999.000 -9999.000 52.410 52.410 52.412 52.414 -9999.000 55.553 55.553 55.553 55.553 55.553 55.553
51.582 51.581 51.589 51.573 51.572 51.571 51.569 51.572 51.573 51.571 51.571 51.571 51.571 51.586 51.564 -9999.000 -9999.000 -9999.000 -9999.000 -9999.000 -9999.000 -9999.000 -9999.000 -9999.000 -9999.000 -9999.000 -9999.000 -9999.000 -9999.000 -9999.000 -9999.000 -9999.000 -9999.000 -9999.000 -9999.000 -9999.000 -9999.000 -9999.000 -9999.000 -9999.000 -9999.000 -9999.000 -9999.000 -9999.000 -9999.000 -9999.000 -9999.000 -9999.000 -9999.000 -9999.000 -9999.000 -9999.000 -9999.000 52.408 52.408 52.408 52.412 52.630 55.553 55.553 55.553 55.553 55.553 55.553
51.583 51.583 51.587 51.573 51.571 51.569 51.567 51.576 51.575 51.574 51.574 51.571 51.567 51.563 -9999.000 -9999.000 -9999.000 -9999.000 -9999.000 -9999.000 -9999.000 -9999.000 -9999.000 -9999.000 -9999.000 -9999.000 -9999.000 -9999.000 -9999.000 -9999.000 -9999.000 -9999.000 -9999.000 -9999.000 -9999.000 -9999.000 -9999.000 -9999.000 -9999.000 -9999.000 -9999.000 -9999.000 -9999.000 -9999.000 -9999.000 -9999.000 -9999.000 -9999.000 -9999.000 -9999.000 -9999.000 -9999.000 -9999.000 52.399 52.403 52.401 -9999.000 55.553 55.553 55.553 55.553 55.553 55.553 55.553
51.585 51.591 51.589 51.575 51.571 51.568 51.568 51.576 51.575 51.574 51.573 51.571 51.568 -9999.000 -9999.000 -9999.000 -9999.000 -9999.000 -9999.000 -9999.000 -9999.000 -9999.000 -9999.000 -9999.000 -9999.000 -9999.000 -9999.000 -9999.000 -9999.000 52.231 -9999.000 -9999.000 -9999.000 -9999.000 -9999.000 -9999.000 -9999.000 -9999.000 -9999.000 -9999.000 -9999.000 -9999.000 -9999.000 -9999.000 -9999.000 -9999.000 -9999.000 -9999.000 -9999.000 -9999.000 -9999.000 -9999.000 52.367 52.386 -9999.000 52.390 52.390 52.548 55.553 55.553 55.553 55.553 55.553 55.553
51.586 51.611 51.581 51.577 51.581 51.569 51.568 51.569 51.572 51.572 51.572 51.571 51.576 -9999.000 -9999.000 -9999.000 -9999.000 -9999.000 -9999.000 -9999.000 -9999.000 -9999.000 -9999.000 -9999.000 -9999.000 -9999.000 -9999.000 -9999.000 52.229 52.230 52.229 -9999.000 -9999.000 -9999.000 -9999.000 -9999.000 -9999.000 -9999.000 -9999.000 -9999.000 -9999.000 -9999.000 -9999.000 -9999.000 -9999.000 -9999.000 -9999.000 -9999.000 -9999.000 -9999.000 -9999.000 -9999.000 52.354 -9999.000 52.368 52.381 52.387 52.560 55.553 55.553 55.553 55.553 55.553 55.553
51.577 51.581 51.581 51.587 51.585 51.573 51.572 51.571 51.571 51.570 51.573 51.567 -9999.000 -9999.000 -9999.000 -9999.000 -9999.000 -9999.000 -9999.000 -9999.000 -9999.000 -9999.000 -9999.000 -9999.000 -9999.000 -9999.000 52.223 52.228 52.228 52.229 52.229 52.229 52.229 52.229 -9999.000 -9999.000 -9999.000 -9999.000 -9999.000 -9999.000 -9999.000 -9999.000 -9999.000 -9999.000 -9999.000 -9999.000 -9999.000 -9999.000 -9999.000 -9999.000 52.339 52.341 52.344 52.348 52.359 52.370 52.387 52.562 52.719 55.553 55.553 55.553 55.553 55.553
51.584 51.584 51.582 51.582 51.581 51.574 51.573 51.571 51.570 51.582 -9999.000 51.563 -9999.000 -9999.000 -9999.000 -9999.000 -9999.000 -9999.000 -9999.000 -9999.000 -9999.000 -9999.000 -9999.000 -9999.000 -9999.000 52.225 52.224 52.225 52.228 52.229 52.229 52.229 52.229 52.229 52.229 52.231 52.232 52.234 -9999.000 -9999.000 -9999.000 -9999.000 -9999.000 -9999.000 -9999.000 -9999.000 -9999.000 52.303 52.303 52.313 52.328 52.334 52.341 52.345 52.352 52.362 52.381 52.561 52.687 52.771 55.553 55.553 55.553 55.553
51.581 51.580 51.577 51.582 51.578 51.575 51.573 51.573 51.574 51.569 -9999.000 -9999.000 -9999.000 -9999.000 -9999.000 -9999.000 -9999.000 -9999.000 -9999.000 -9999.000 -9999.000 -9999.000 -9999.000 -9999.000 52.224 52.227 52.225 52.226 52.227 52.229 52.228 52.229 52.229 52.228 52.229 52.230 52.231 52.232 52.234 52.235 52.236 52.236 52.346 52.255 -9999.000 -9999.000 -9999.000 52.302 52.302 52.310 52.323 52.328 52.334 52.341 52.346 52.358 52.379 52.504 52.639 52.708 52.740 52.757 52.758 52.775
51.584 51.580 51.578 51.580 51.578 51.567 51.566 51.568 51.627 -9999.000 -9999.000 -9999.000 -9999.000 -9999.000 -9999.000 -9999.000 -9999.000 -9999.000 -9999.000 -9999.000 -9999.000 -9999.000 -9999.000 -9999.000 52.223 52.223 52.226 52.226 52.227 52.228 52.228 52.228 52.228 52.228 52.229 52.229 52.230 52.231 52.233 52.234 52.235 52.236 52.244 52.254 -9999.000 -9999.000 52.295 52.300 52.301 52.307 52.317 52.324 52.328 52.334 52.339 52.348 52.371 52.391 52.579 52.630 52.648 52.659 52.670 52.697
51.584 51.582 51.585 51.576 51.573 51.570 51.568 51.571 -9999.000 -9999.000 -9999.000 -9999.000 -9999.000 -9999.000 -9999.000 -9999.000 -9999.000 -9999.000 -9999.000 -9999.000 -9999.000 -9999.000 -9999.000 -9999.000 52.221 52.224 52.226 52.226 52.227 52.227 52.227 52.228 52.228 52.228 52.228 52.229 52.229 52.230 52.232 52.234 52.235 52.235 52.244 52.254 52.262 52.275 52.289 52.294 52.300 52.306 52.312 52.319 52.325 52.331 52.336 52.340 52.354 52.377 52.454 52.546 52.582 52.596 52.623 52.652
51.583 51.582 51.581 51.578 51.574 51.571 51.570 51.572 -9999.000 -9999.000 -9999.000 -9999.000 -9999.000 -9999.000 -9999.000 -9999.000 -9999.000 -9999.000 -9999.000 -9999.000 -9999.000 -9999.000 -9999.000 52.214 -9999.000 52.223 52.223 52.225 52.226 52.226 52.227 52.227 52.227 52.227 52.228 52.229 52.229 52.230 52.231 52.233 52.234 52.236 52.240 52.252 52.263 52.275 52.284 52.289 52.296 52.302 52.309 52.317 52.324 52.329 52.335 52.340 52.348 52.362 52.399 52.514 52.525 52.544 52.581 52.614
51.585 51.582 51.581 51.579 51.575 51.573 51.576 51.578 -9999.000 -9999.000 -9999.000 -9999.000 -9999.000 -9999.000 -9999.000 -9999.000 -9999.000 -9999.000 -9999.000 -9999.000 -9999.000 -9999.000 -9999.000 52.211 52.212 52.216 -9999.000 52.226 52.226 52.226 52.226 52.226 52.227 52.227 52.228 52.228 52.229 52.229 52.230 52.232 52.234 52.236 52.239 52.250 52.263 52.277 52.282 52.286 52.293 52.298 52.307 52.316 52.322 52.329 52.334 52.339 52.346 52.355 52.370 52.402 52.505 52.522 52.547 -9999.000
51.587 51.590 51.591 51.588 51.586 51.580 51.582 51.580 51.656 -9999.000 -9999.000 -9999.000 -9999.000 -9999.000 -9999.000 -9999.000 -9999.000 -9999.000 -9999.000 -9999.000 -9999.000 -9999.000 -9999.000 52.209 52.211 52.219 52.222 52.225 52.226 52.226 52.226 52.226 52.227 52.227 52.228 52.228 52.229 52.229 52.230 52.231 52.234 52.236 52.239 52.245 52.259 52.277 52.281 52.284 52.291 52.297 52.304 52.313 52.322 52.327 52.333 52.338 52.345 52.353 52.363 52.379 52.416 52.468 -9999.000 -9999.000
51.590 51.591 51.590 51.591 51.588 51.592 51.651 51.655 51.656 51.659 -9999.000 -9999.000 -9999.000 -9999.000 -9999.000 -9999.000 -9999.000 -9999.000 -9999.000 -9999.000 -9999.000 -9999.000 -9999.000 -9999.000 -9999.000 52.222 52.223 52.224 52.225 52.226 52.226 52.226 52.227 52.227 52.228 52.228 52.229 52.228 52.229 52.230 52.233 52.236 52.238 52.244 52.256 52.275 52.278 52.281 52.288 52.295 52.302 52.310 52.318 52.326 52.331 52.338 52.344 52.352 52.360 52.372 52.385 52.391 52.390 -9999.000
51.589 51.589 51.588 51.591 51.592 51.648 51.652 51.654 51.656 51.658 51.661 -9999.000 -9999.000 -9999.000 -9999.000 -9999.000 -9999.000 -9999.000 -9999.000 -9999.000 -9999.000 -9999.000 -9999.000 52.222 52.223 52.223 52.223 52.224 52.225 52.225 52.226 52.226 52.226 52.227 52.227 52.228 52.228 52.228 52.228 52.230 52.232 52.236 52.238 52.244 52.254 52.268 52.276 52.280 52.286 52.293 52.301 52.308 52.315 52.323 52.331 52.338 52.344 52.352 52.359 52.371 52.382 52.385 52.390 52.453
51.634 51.636 51.638 51.641 51.642 51.644 51.651 51.653 51.656 51.657 51.660 -9999.000 -9999.000 -9999.000 -9999.000 52.275 -9999.000 -9999.000 -9999.000 -9999.000 -9999.000 -9999.000 52.714 -9999.000 52.224 52.224 52.224 52.224 52.225 52.225 52.226 52.226 52.226 52.226 52.226 52.227 52.227 52.227 52.227 52.228 52.232 52.236 52.238 52.243 52.254 52.267 52.272 52.279 52.285 52.292 52.299 52.306 52.313 52.320 52.326 -9999.000 -9999.000 52.353 52.360 -9999.000 52.379 52.385 -9999.000 -9999.000
51.633 51.636 51.639 51.642 51.642 51.646 51.648 51.651 51.652 51.654 51.656 51.657 -9999.000 -9999.000 -9999.000 51.676 -9999.000 -9999.000 -9999.000 -9999.000 52.237 52.236 52.313 52.226 52.225 52.224 52.224 52.224 52.225 52.225 52.225 52.226 52.226 52.226 52.226 52.226 52.226 52.226 52.227 52.227 52.230 52.234 52.237 52.243 52.253 52.265 52.271 52.277 52.283 52.291 52.298 52.303 52.309 -9999.000 -9999.000 -9999.000 -9999.000 -9999.000 -9999.000 -9999.000 -9999.000 -9999.000 -9999.000 -9999.000
51.633 51.636 51.641 51.642 51.644 51.645 51.648 51.649 51.651 51.653 51.655 51.653 51.655 51.661 -9999.000 51.658 51.713 -9999.000 -9999.000 -9999.000 52.235 52.236 -9999.000 52.226 52.226 52.224 52.224 52.224 52.224 52.224 52.224 52.225 52.225 52.225 52.225 52.225 52.225 52.226 52.226 52.226 52.226 52.232 52.236 52.243 52.253 52.262 52.269 52.277 52.279 -9999.000 -9999.000 -9999.000 -9999.000 -9999.000 -9999.000 -9999.000 -9999.000 -9999.000 -9999.000 -9999.000 -9999.000 -9999.000 -9999.000 -9999.000
51.635 51.638 51.641 51.641 51.644 51.646 51.647 51.648 51.649 51.651 51.653 51.654 51.655 51.655 51.655 51.656 -9999.000 -9999.000 52.235 52.235 52.236 52.235 52.228 52.227 52.226 52.226 52.222 52.222 52.222 52.222 52.222 52.223 52.223 52.223 52.224 52.224 52.224 52.223 52.223 52.222 52.222 52.228 52.236 52.242 52.251 52.258 52.263 -9999.000 -9999.000 -9999.000 -9999.000 -9999.000 -9999.000 -9999.000 -9999.000 -9999.000 -9999.000 -9999.000 -9999.000 -9999.000 -9999.000 -9999.000 -9999.000 -9999.000
51.636 51.637 51.639 51.643 51.643 51.645 51.646 51.647 51.649 51.651 51.650 51.654 51.655 51.655 51.652 51.655 51.660 -9999.000 52.234 52.233 52.236 52.236 -9999.000 52.226 52.225 52.232 52.217 52.217 52.218 52.219 52.219 52.219 52.219 52.221 52.221 52.220 52.220 52.219 52.219 52.219 52.219 52.219 52.227 52.242 52.250 52.254 -9999.000 -9999.000 -9999.000 -9999.000 -9999.000 -9999.000 -9999.000 -9999.000 -9999.000 -9999.000 -9999.000 -9999.000 -9999.000 -9999.000 -9999.000 -9999.000 -9999.000 -9999.000
51.636 51.636 51.638 51.641 51.642 51.644 51.645 51.647 51.648 51.649 51.651 51.651 51.653 51.653 51.653 51.655 51.650 51.649 51.658 -9999.000 52.235 52.234 52.227 52.225 52.223 52.218 52.215 52.214 52.214 52.213 52.213 52.213 52.213 52.212 52.212 52.212 52.213 52.212 52.212 52.213 52.213 52.213 52.214 52.228 52.247 -9999.000 -9999.000 -9999.000 -9999.000 -9999.000 -9999.000 -9999.000 -9999.000 -9999.000 -9999.000 -9999.000 -9999.000 -9999.000 -9999.000 -9999.000 -9999.000 -9999.000 -9999.000 -9999.000
51.635 51.637 51.638 51.640 51.642 51.643 51.646 51.647 51.646 51.649 51.651 51.650 51.650 51.651 51.653 51.648 51.645 51.644 -9999.000 -9999.000 -9999.000 52.228 52.227 52.223 52.220 52.216 52.213 52.212 52.211 52.210 52.205 52.205 52.204 52.203 52.203 52.204 52.205 52.206 52.208 52.208 52.208 52.206 52.206 52.220 52.245 -9999.000 -9999.000 -9999.000 -9999.000 -9999.000 -9999.000 -9999.000 -9999.000 -9999.000 -9999.000 -9999.000 -9999.000 -9999.000 -9999.000 -9999.000 -9999.000 -9999.000 -9999.000 -9999.000
51.636 51.637 51.639 51.641 51.641 51.642 51.645 51.645 51.647 51.648 51.649 51.650 51.648 51.648 51.646 51.643 51.643 51.641 -9999.000 -9999.000 -9999.000 -9999.000 -9999.000 52.219 52.218 52.212 52.209 52.209 52.208 52.204 52.199 52.199 52.198 52.198 52.197 52.197 52.196 52.196 52.198 52.197 52.197 52.197 52.197 52.199 -9999.000 -9999.000 -9999.000 -9999.000 -9999.000 -9999.000 -9999.000 -9999.000 -9999.000 -9999.000 -9999.000 -9999.000 -9999.000 -9999.000 -9999.000 -9999.000 -9999.000 -9999.000 -9999.000 -9999.000
51.636 51.637 51.638 51.640 51.640 51.642 51.644 51.644 51.646 51.646 51.646 51.645 51.644 51.645 51.644 51.642 51.640 51.639 51.636 51.634 -9999.000 -9999.000 -9999.000 52.227 -9999.000 52.204 52.203 52.202 52.200 52.197 52.196 52.195 52.195 52.195 52.194 52.193 52.193 52.193 52.193 52.193 52.193 52.193 52.193 52.193 -9999.000 -9999.000 -9999.000 -9999.000 -9999.000 -9999.000 -9999.000 -9999.000 -9999.000 -9999.000 -9999.000 -9999.000 -9999.000 -9999.000 -9999.000 -9999.000 -9999.000 -9999.000 -9999.000 -9999.000
51.634 51.637 51.637 51.639 51.640 51.641 51.642 51.644 51.644 51.646 51.646 51.643 51.644 51.645 51.643 51.639 51.638 51.637 51.635 51.636 51.634 -9999.000 -9999.000 -9999.000 52.195 52.197 52.196 52.196 52.195 52.194 52.193 52.193 52.193 52.192 52.192 52.192 52.191 52.191 52.191 52.190 52.190 52.190 52.190 52.189 -9999.000 -9999.000 -9999.000 -9999.000 -9999.000 -9999.000 -9999.000 -9999.000 -9999.000 -9999.000 -9999.000 -9999.000 -9999.000 -9999.000 -9999.000 -9999.000 -9999.000 -9999.000 -9999.000 -9999.000
