includes/estuary_coast/floodfiles/results/res.mxe
ncols         730
nrows         472
xllcorner     380617.130607
yllcorner     6542069.774949
cellsize      20.000000
NODATA_value  -9999.000000
[rows 279 to 309 of 472, columns 350 to 419 of 730]
3.882 3.882 3.882 3.881 3.881 3.881 3.881 3.881 3.881 3.881 3.881 3.881 3.881 3.881 3.881 3.881 3.881 3.881 3.881 3.881 3.881 3.881 3.882 3.882 3.882 3.883 3.883 3.883 3.884 3.884 3.884 3.885 3.885 3.886 3.886 3.887 3.887 3.888 3.889 3.889 3.890 3.891 3.892 3.893 3.895 3.896 3.897 3.898 3.899 3.901 3.902 3.904 3.905 3.906 3.907 3.908 3.909 3.910 3.911 3.912 3.913 3.914 3.915 3.916 3.917 3.918 3.918 3.919 3.920 3.921
3.882 3.882 3.882 3.881 3.881 3.881 3.881 3.881 3.881 3.881 3.881 3.881 3.881 3.881 3.881 3.881 3.881 3.881 3.881 3.881 3.881 3.881 3.882 3.882 3.882 3.883 3.883 3.883 3.884 3.884 3.884 3.885 3.885 3.886 3.886 3.887 3.887 3.888 3.889 3.889 3.890 3.891 3.893 3.893 3.895 3.896 3.897 3.898 3.899 3.901 3.902 3.904 3.905 3.906 3.907 3.908 3.909 3.910 3.912 3.912 3.913 3.914 3.915 3.916 3.917 3.918 3.918 3.919 3.920 3.921
3.882 3.882 3.881 3.881 3.881 3.881 3.881 3.881 3.881 3.881 3.881 3.881 3.881 3.881 3.881 3.881 3.881 3.881 3.881 3.881 3.881 3.881 3.882 3.882 3.882 3.883 3.883 3.883 3.884 3.884 3.885 3.885 3.885 3.886 3.887 3.887 3.888 3.888 3.889 3.890 3.891 3.892 3.893 3.894 3.895 3.896 3.897 3.898 3.900 3.901 3.902 3.904 3.905 3.906 3.907 3.908 3.909 3.911 3.912 3.913 3.913 3.914 3.915 3.916 3.917 3.918 3.918 3.919 3.920 3.921
3.882 3.882 3.881 3.881 3.881 3.881 3.881 3.881 3.881 3.881 3.881 3.881 3.881 3.881 3.881 3.881 3.881 3.881 3.881 3.881 3.881 3.881 3.882 3.882 3.882 3.883 3.883 3.884 3.884 3.884 3.885 3.885 3.886 3.886 3.887 3.887 3.888 3.888 3.889 3.890 3.891 3.892 3.893 3.894 3.895 3.897 3.898 3.899 3.900 3.901 3.903 3.904 3.905 3.906 3.907 3.908 3.910 3.911 3.912 3.913 3.914 3.914 3.915 3.916 3.917 3.918 3.918 3.919 3.920 3.921
3.882 3.881 3.881 3.881 3.881 3.881 3.881 3.881 3.881 3.881 3.881 3.881 3.881 3.881 3.881 3.881 3.881 3.881 3.881 3.881 3.881 3.881 3.882 3.882 3.882 3.883 3.883 3.884 3.884 3.884 3.885 3.885 3.886 3.886 3.887 3.887 3.888 3.889 3.890 3.891 3.891 3.892 3.893 3.894 3.896 3.897 3.898 3.899 3.900 3.902 3.903 3.904 3.905 3.906 3.907 3.908 3.910 3.911 3.912 3.913 3.914 3.914 3.915 3.916 3.917 3.918 3.919 3.919 3.920 3.921
3.882 3.881 3.881 3.881 3.881 3.881 3.881 3.881 3.881 3.881 3.881 3.881 3.881 3.881 3.881 3.881 3.881 3.881 3.881 3.881 3.881 3.881 3.882 3.882 3.882 3.883 3.883 3.884 3.884 3.885 3.885 3.886 3.886 3.887 3.887 3.888 3.888 3.889 3.890 3.891 3.892 3.893 3.894 3.895 3.896 3.897 3.898 3.899 3.901 3.902 3.903 3.904 3.905 3.906 3.907 3.909 3.910 3.911 3.912 3.913 3.914 3.915 3.915 3.916 3.917 3.918 3.919 3.919 3.920 3.921
3.881 3.881 3.881 3.881 3.881 3.881 3.881 3.881 3.881 3.881 3.881 3.881 3.881 3.881 3.881 3.881 3.881 3.881 3.881 3.881 3.881 3.881 3.882 3.882 3.882 3.883 3.883 3.884 3.884 3.885 3.885 3.886 3.886 3.887 3.887 3.888 3.889 3.890 3.891 3.891 3.892 3.893 3.894 3.895 3.896 3.897 3.898 3.899 3.901 3.902 3.903 3.904 3.905 3.906 3.907 3.909 3.910 3.911 3.912 3.913 3.914 3.915 3.916 3.916 3.917 3.918 3.919 3.919 3.920 3.921
3.881 3.881 3.881 3.881 3.881 3.881 3.881 3.881 3.881 3.881 3.881 3.881 3.881 3.881 3.881 3.881 3.881 3.881 3.881 3.881 3.881 3.881 3.882 3.882 3.882 3.883 3.884 3.884 3.885 3.885 3.885 3.886 3.887 3.887 3.888 3.888 3.889 3.890 3.891 3.892 3.893 3.894 3.894 3.895 3.897 3.897 3.898 3.900 3.901 3.902 3.903 3.904 3.905 3.906 3.908 3.909 3.910 3.911 3.912 3.913 3.914 3.915 3.916 3.917 3.917 3.918 3.919 3.919 3.920 3.921
3.881 3.881 3.881 3.881 3.881 3.881 3.881 3.881 3.881 3.881 3.881 3.881 3.881 3.881 3.881 3.881 3.881 3.881 3.881 3.881 3.881 3.881 3.882 3.882 3.883 3.883 3.884 3.884 3.885 3.885 3.886 3.886 3.887 3.888 3.888 3.889 3.890 3.891 3.892 3.892 3.893 3.894 3.895 3.896 3.897 3.898 3.899 3.900 3.901 3.902 3.903 3.904 3.905 3.907 3.908 3.909 3.910 3.911 3.912 3.913 3.914 3.915 3.916 3.917 3.917 3.918 3.919 3.920 3.920 3.921
3.882 3.881 3.881 3.881 3.881 3.881 3.881 3.881 3.881 3.881 3.881 3.881 3.881 3.881 3.881 3.881 3.881 3.881 3.881 3.881 3.881 3.881 3.882 3.882 3.883 3.883 3.884 3.885 3.885 3.886 3.886 3.887 3.888 3.888 3.889 3.890 3.891 3.891 3.892 3.893 3.894 3.895 3.895 3.896 3.897 3.898 3.899 3.900 3.901 3.902 3.903 3.905 3.906 3.907 3.908 3.909 3.910 3.912 3.912 3.913 3.914 3.915 3.916 3.917 3.917 3.918 3.919 3.920 3.920 3.921
3.882 3.882 3.881 3.881 3.881 3.881 3.881 3.881 3.881 3.881 3.881 3.881 3.881 3.881 3.881 3.881 3.881 3.881 3.881 3.881 3.881 3.881 3.882 3.882 3.883 3.883 3.884 3.885 3.885 3.886 3.887 3.888 3.888 3.889 3.890 3.890 3.891 3.892 3.892 3.893 3.895 3.895 3.896 3.896 3.897 3.898 3.899 3.900 3.901 3.902 3.904 3.905 3.906 3.907 3.908 3.909 3.911 3.912 3.913 3.914 3.914 3.915 3.916 3.917 3.918 3.918 3.919 3.920 3.920 3.921
3.882 3.882 3.881 3.881 3.881 3.881 3.881 3.881 3.881 3.881 3.881 3.881 3.881 3.881 3.881 3.881 3.881 3.881 3.881 3.881 3.881 3.881 3.882 3.882 3.883 3.884 3.884 3.885 3.886 3.887 3.888 3.889 3.889 3.890 3.890 3.891 3.892 3.892 3.893 3.894 3.895 3.896 3.896 3.897 3.897 3.898 3.899 3.900 3.901 3.902 3.904 3.905 3.907 3.908 3.909 3.910 3.911 3.912 3.913 3.914 3.915 3.915 3.916 3.917 3.918 3.918 3.919 3.920 3.921 3.921
3.882 3.881 3.881 3.881 3.881 3.881 3.881 3.881 3.881 3.881 3.881 3.881 3.881 3.881 3.881 3.881 3.881 3.881 3.881 3.881 3.881 3.881 3.882 3.882 3.883 3.884 3.885 3.886 3.887 3.887 3.888 3.889 3.890 3.891 3.891 3.892 3.892 3.893 3.894 3.895 3.895 3.896 3.896 3.897 3.898 3.899 3.899 3.900 3.901 3.902 3.904 3.906 3.907 3.908 3.909 3.910 3.911 3.912 3.913 3.914 3.915 3.915 3.916 3.917 3.918 3.918 3.919 3.920 3.921 3.921
3.882 3.881 3.881 3.881 3.881 3.881 3.881 3.881 3.881 3.881 3.881 3.881 3.881 3.881 3.881 3.881 3.881 3.881 3.881 3.881 3.881 3.881 3.882 3.883 3.884 3.886 3.886 3.887 3.887 3.888 3.889 3.890 3.891 3.891 3.892 3.892 3.893 3.894 3.894 3.895 3.895 3.896 3.896 3.897 3.898 3.899 3.900 3.901 3.902 3.903 3.905 3.907 3.907 3.908 3.909 3.910 3.911 3.912 3.913 3.914 3.915 3.916 3.916 3.917 3.918 3.919 3.919 3.920 3.921 3.922
3.881 3.881 3.881 3.881 3.881 3.881 3.881 3.881 3.881 3.881 3.881 3.881 3.881 3.881 3.881 3.881 3.881 3.881 3.881 3.881 3.881 3.881 3.882 3.883 3.885 3.887 3.888 3.888 3.889 3.889 3.890 3.891 3.891 3.892 3.892 3.893 3.893 3.894 3.894 3.895 3.895 3.896 3.896 3.897 3.898 3.899 3.900 3.901 3.902 3.903 3.905 3.907 3.908 3.908 3.909 3.910 3.911 3.912 3.913 3.914 3.915 3.916 3.917 3.917 3.918 3.919 3.919 3.920 3.921 3.922
3.881 3.881 3.881 3.881 3.881 3.881 3.881 3.881 3.881 3.881 3.881 3.881 3.881 3.881 3.881 3.881 3.881 3.881 3.881 3.881 3.881 3.881 3.882 3.883 3.885 3.888 3.889 3.890 3.890 3.891 3.891 3.892 3.892 3.892 3.893 3.893 3.894 3.894 3.895 3.895 3.895 3.896 3.896 3.897 3.898 3.899 3.900 3.901 3.902 3.904 3.906 3.907 3.908 3.909 3.910 3.910 3.912 3.912 3.913 3.914 3.915 3.916 3.917 3.917 3.918 3.919 3.919 3.920 3.921 3.922
3.881 3.881 3.881 3.881 3.881 3.881 3.881 3.881 3.881 3.881 3.881 3.881 3.881 3.881 3.881 3.881 3.881 3.881 -9999.000 -9999.000 3.881 3.881 3.882 3.883 3.886 3.890 3.891 3.891 3.892 3.892 3.892 3.892 3.892 3.893 3.893 3.893 3.894 3.894 3.895 3.895 3.896 3.896 3.897 3.898 3.898 3.899 3.900 3.901 3.903 3.904 3.906 3.907 3.908 3.909 3.910 3.911 3.912 3.913 3.913 3.914 3.915 3.916 3.917 3.918 3.918 3.919 3.920 3.920 3.921 3.922
-9999.000 3.881 3.881 3.881 3.881 3.881 3.881 3.881 3.881 3.881 3.881 3.881 3.881 3.881 3.881 -9999.000 -9999.000 -9999.000 -9999.000 -9999.000 -9999.000 -9999.000 -9999.000 3.885 3.887 3.892 3.892 3.892 3.892 3.892 3.893 3.893 3.893 3.893 3.894 3.894 3.894 3.894 3.895 3.895 3.896 3.896 3.897 3.898 3.899 3.899 3.900 3.902 3.903 3.905 3.906 3.907 3.908 3.909 3.910 3.911 3.912 3.913 3.914 3.914 3.915 3.916 3.917 3.918 3.918 3.919 3.920 3.920 3.921 3.922
-9999.000 -9999.000 3.881 3.881 3.881 3.881 3.881 3.881 3.881 3.881 3.881 3.881 3.881 3.881 3.881 -9999.000 -9999.000 -9999.000 -9999.000 -9999.000 -9999.000 -9999.000 -9999.000 -9999.000 3.889 3.892 3.893 3.893 3.893 3.893 3.893 3.893 3.893 3.894 3.894 3.894 3.894 3.895 3.895 3.895 3.896 3.896 3.897 3.898 3.899 3.900 3.901 3.902 3.904 3.905 3.906 3.907 3.908 3.909 3.910 3.911 3.912 3.913 3.914 3.915 3.915 3.916 3.917 3.918 3.918 3.919 3.920 3.920 3.921 3.922
-9999.000 -9999.000 -9999.000 3.881 3.881 3.881 3.881 3.881 3.881 3.881 3.881 3.881 3.881 3.881 -9999.000 -9999.000 -9999.000 -9999.000 -9999.000 -9999.000 -9999.000 -9999.000 -9999.000 -9999.000 -9999.000 -9999.000 3.893 3.893 3.893 3.893 3.893 3.893 3.894 3.894 3.894 3.894 3.895 3.895 3.895 3.896 3.896 3.897 3.897 3.898 3.899 3.900 3.901 3.903 3.905 3.906 3.906 3.907 3.908 3.909 3.910 3.911 3.912 3.913 3.914 3.915 3.916 3.916 3.917 3.918 3.919 3.919 3.920 3.921 3.921 3.922
-9999.000 -9999.000 -9999.000 3.881 3.881 3.881 3.881 3.881 3.881 3.881 3.881 3.881 3.881 -9999.000 -9999.000 -9999.000 -9999.000 -9999.000 -9999.000 -9999.000 -9999.000 -9999.000 -9999.000 -9999.000 -9999.000 -9999.000 3.893 3.893 3.893 3.893 3.894 3.894 3.894 3.894 3.894 3.895 3.895 3.895 3.895 3.896 3.896 3.897 3.898 3.898 3.899 3.900 3.902 3.903 3.905 3.906 3.907 3.907 3.908 3.909 3.910 3.911 3.912 3.913 3.914 3.915 3.916 3.916 3.917 3.918 3.919 3.919 3.920 3.921 3.921 3.922
-9999.000 -9999.000 -9999.000 -9999.000 3.881 3.881 3.881 3.881 3.881 3.881 3.881 -9999.000 -9999.000 -9999.000 -9999.000 -9999.000 -9999.000 -9999.000 -9999.000 -9999.000 -9999.000 -9999.000 -9999.000 -9999.000 -9999.000 -9999.000 -9999.000 3.893 3.893 3.894 3.894 3.894 3.894 3.894 3.895 3.895 3.895 3.895 3.896 3.896 3.897 3.897 3.898 3.898 3.899 3.900 3.902 3.904 3.905 3.906 3.907 3.908 3.909 3.910 3.910 3.911 3.912 3.913 3.914 3.915 3.916 3.917 3.917 3.918 3.919 3.919 3.920 3.921 3.921 3.922
-9999.000 -9999.000 -9999.000 -9999.000 -9999.000 3.881 3.881 3.881 3.881 3.881 -9999.000 -9999.000 -9999.000 -9999.000 -9999.000 -9999.000 -9999.000 -9999.000 -9999.000 -9999.000 -9999.000 -9999.000 -9999.000 -9999.000 -9999.000 -9999.000 -9999.000 -9999.000 -9999.000 3.894 3.894 3.894 3.894 3.895 3.895 3.895 3.895 3.896 3.896 3.897 3.897 3.897 3.898 3.899 3.899 3.901 3.902 3.904 3.905 3.906 3.907 3.908 3.909 3.910 3.911 3.912 3.913 3.914 3.914 3.915 3.916 3.917 3.918 3.918 3.919 3.920 3.920 3.921 3.922 3.922
-9999.000 -9999.000 -9999.000 -9999.000 -9999.000 3.881 3.881 3.881 3.881 3.881 -9999.000 -9999.000 -9999.000 -9999.000 -9999.000 -9999.000 -9999.000 -9999.000 -9999.000 -9999.000 -9999.000 -9999.000 -9999.000 -9999.000 -9999.000 -9999.000 -9999.000 -9999.000 -9999.000 -9999.000 3.894 3.894 3.895 3.895 3.895 3.895 3.895 3.896 3.896 3.897 3.897 3.898 3.898 3.899 3.900 3.901 3.903 3.904 3.905 3.906 3.907 3.908 3.909 3.910 3.911 3.912 3.913 3.914 3.915 3.915 3.916 3.917 3.918 3.918 3.919 3.920 3.920 3.921 3.922 3.922
-9999.000 -9999.000 -9999.000 -9999.000 -9999.000 -9999.000 -9999.000 3.881 -9999.000 -9999.000 -9999.000 -9999.000 -9999.000 -9999.000 -9999.000 -9999.000 -9999.000 -9999.000 -9999.000 -9999.000 -9999.000 -9999.000 -9999.000 -9999.000 -9999.000 -9999.000 -9999.000 -9999.000 -9999.000 -9999.000 -9999.000 3.895 3.895 3.895 3.895 3.895 3.896 3.896 3.897 3.897 3.897 3.898 3.898 3.899 3.900 3.902 3.903 3.904 3.905 3.906 3.907 3.908 3.909 3.910 3.911 3.912 3.913 3.914 3.915 3.916 3.916 3.917 3.918 3.918 3.919 3.920 3.920 3.921 3.922 3.923
-9999.000 -9999.000 -9999.000 -9999.000 -9999.000 -9999.000 -9999.000 -9999.000 -9999.000 -9999.000 -9999.000 -9999.000 -9999.000 -9999.000 -9999.000 -9999.000 -9999.000 -9999.000 -9999.000 -9999.000 -9999.000 -9999.000 -9999.000 -9999.000 -9999.000 -9999.000 -9999.000 -9999.000 -9999.000 -9999.000 -9999.000 -9999.000 3.895 3.895 3.895 3.896 3.896 3.896 3.897 3.897 3.898 3.898 3.899 3.899 3.900 3.902 3.903 3.904 3.905 3.906 3.907 3.908 3.909 3.910 3.911 3.912 3.914 3.915 3.915 3.916 3.917 3.917 3.918 3.919 3.919 3.920 3.921 3.921 3.922 3.923
-9999.000 -9999.000 -9999.000 -9999.000 -9999.000 -9999.000 -9999.000 -9999.000 -9999.000 -9999.000 -9999.000 -9999.000 -9999.000 -9999.000 -9999.000 -9999.000 -9999.000 -9999.000 -9999.000 -9999.000 -9999.000 -9999.000 -9999.000 -9999.000 -9999.000 -9999.000 -9999.000 -9999.000 -9999.000 -9999.000 3.809 3.889 3.895 3.895 3.896 3.896 3.896 3.896 3.897 3.897 3.898 3.898 3.899 3.899 3.901 3.902 3.903 3.904 3.905 3.906 3.907 3.908 3.909 3.910 3.911 3.913 3.914 3.915 3.915 3.916 3.917 3.917 3.918 3.919 3.919 3.920 3.921 3.921 3.922 3.923
-9999.000 -9999.000 -9999.000 -9999.000 -9999.000 -9999.000 -9999.000 -9999.000 -9999.000 -9999.000 -9999.000 -9999.000 -9999.000 -9999.000 -9999.000 -9999.000 -9999.000 -9999.000 -9999.000 -9999.000 -9999.000 -9999.000 -9999.000 -9999.000 -9999.000 -9999.000 -9999.000 -9999.000 -9999.000 -9999.000 -9999.000 3.536 -9999.000 3.896 3.896 3.896 3.896 3.897 3.897 3.898 3.898 3.898 3.899 3.900 3.901 3.902 3.903 3.904 3.905 3.907 3.907 3.908 3.910 3.910 3.911 3.913 3.915 3.915 3.916 3.916 3.917 3.917 3.918 3.919 3.919 3.920 3.921 3.921 3.922 3.923
-9999.000 -9999.000 -9999.000 -9999.000 -9999.000 -9999.000 -9999.000 -9999.000 -9999.000 -9999.000 -9999.000 -9999.000 -9999.000 -9999.000 -9999.000 -9999.000 -9999.000 -9999.000 -9999.000 -9999.000 -9999.000 -9999.000 -9999.000 -9999.000 -9999.000 -9999.000 -9999.000 -9999.000 -9999.000 -9999.000 -9999.000 -9999.000 -9999.000 -9999.000 3.896 3.896 3.896 3.897 3.898 3.898 3.898 3.899 3.900 3.900 3.901 3.902 3.903 3.904 3.906 3.907 3.908 3.909 3.910 3.911 3.912 3.914 3.915 3.915 3.916 3.916 3.917 3.918 3.918 3.919 3.920 3.920 3.921 3.922 3.922 3.923
-9999.000 -9999.000 -9999.000 -9999.000 -9999.000 -9999.000 -9999.000 -9999.000 -9999.000 -9999.000 -9999.000 -9999.000 -9999.000 -9999.000 -9999.000 -9999.000 -9999.000 -9999.000 -9999.000 -9999.000 -9999.000 -9999.000 -9999.000 -9999.000 -9999.000 -9999.000 -9999.000 -9999.000 -9999.000 -9999.000 -9999.000 -9999.000 -9999.000 -9999.000 -9999.000 3.896 3.896 3.898 3.898 3.898 3.899 3.899 3.900 3.900 3.901 3.902 3.903 3.904 3.906 3.907 3.908 3.909 3.910 3.911 3.913 3.914 3.915 3.915 3.916 3.916 3.917 3.918 3.918 3.919 3.920 3.920 3.921 3.922 3.922 3.923
-9999.000 -9999.000 -9999.000 -9999.000 -9999.000 -9999.000 -9999.000 -9999.000 -9999.000 -9999.000 -9999.000 -9999.000 -9999.000 -9999.000 -9999.000 -9999.000 -9999.000 -9999.000 -9999.000 -9999.000 -9999.000 -9999.000 -9999.000 -9999.000 -9999.000 -9999.000 -9999.000 -9999.000 -9999.000 -9999.000 -9999.000 -9999.000 -9999.000 -9999.000 3.897 3.897 3.898 3.898 3.898 3.899 3.899 3.900 3.900 3.901 3.901 3.902 3.903 3.904 3.906 3.907 3.908 3.909 3.910 3.912 3.914 3.915 3.915 3.916 3.916 3.917 3.917 3.918 3.918 3.919 3.920 3.920 3.921 3.922 3.922 3.923
