includes/estuary_coast/floodfiles/results/res.maxtm
ncols         730
nrows         472
xllcorner     380617.130607
yllcorner     6542069.774949
cellsize      20.000000
NODATA_value  -9999.000000
[rows 420 to 449 of 472, columns 134 to 200 of 730]
50.720 50.720 50.722 50.722 50.724 50.724 50.724 50.724 50.725 50.725 50.725 50.727 50.726 50.728 50.728 50.728 50.727 50.728 50.730 50.733 50.732 50.732 50.732 50.733 50.733 50.733 50.732 50.733 50.733 50.731 50.731 50.737 50.729 50.738 50.728 50.728 50.727 50.728 50.729 50.729 50.731 50.731 50.732 50.733 50.733 50.734 50.733 50.738 50.737 50.738 50.739 50.739 50.739 50.739 -9999.000 50.747 51.558 51.559 51.560 51.552 51.550 51.554 51.553 51.560 51.558 51.566 51.564
50.720 50.720 50.723 50.723 50.723 50.722 50.723 50.727 50.727 50.725 50.726 50.727 50.728 50.728 50.729 50.728 50.728 50.731 50.730 50.730 50.732 50.732 50.733 50.734 50.733 50.733 50.734 50.734 50.734 50.735 50.709 50.708 50.708 50.706 50.706 50.708 50.729 50.728 50.729 50.730 50.731 50.731 50.703 50.733 50.732 50.732 50.733 50.738 50.738 50.738 50.738 50.740 50.741 50.742 -9999.000 50.816 51.557 51.559 51.560 51.559 51.562 51.563 51.562 51.561 51.566 51.565 51.563
50.720 50.719 50.719 50.719 50.723 50.722 50.722 50.726 50.726 50.726 50.726 50.727 50.727 50.727 50.727 50.729 50.728 50.730 50.731 50.731 50.732 50.732 50.733 50.732 50.735 50.735 50.734 50.734 50.734 50.709 50.709 50.709 50.710 50.706 50.706 50.708 50.707 50.707 50.730 50.730 50.730 50.702 50.703 50.704 50.705 50.732 50.738 50.737 50.738 50.738 50.741 50.740 50.740 50.741 -9999.000 51.565 51.562 51.562 51.562 51.563 51.561 51.563 51.562 51.561 51.565 51.563 51.562
50.717 50.718 50.718 50.720 50.730 50.730 50.726 50.726 50.727 50.727 50.726 50.726 50.727 50.728 50.727 50.730 50.731 50.732 50.732 50.731 50.734 50.735 50.734 50.701 50.701 50.702 50.735 50.736 50.709 50.709 50.709 50.709 50.709 50.707 50.707 50.708 50.708 50.707 50.707 50.700 50.701 50.702 50.702 50.702 50.704 50.700 50.699 50.699 50.696 50.696 50.697 50.739 50.739 50.741 -9999.000 51.566 51.564 51.561 51.562 51.562 51.560 51.562 51.562 51.559 51.565 51.562 51.561
50.717 50.718 50.718 50.717 50.716 50.716 50.728 50.728 50.728 50.729 50.726 50.726 50.726 50.728 50.728 50.730 50.706 50.704 50.721 50.702 50.703 50.702 50.702 50.701 50.701 50.702 50.702 50.702 50.702 50.709 50.710 50.708 50.708 50.708 50.709 50.709 50.709 50.708 50.702 50.702 50.704 50.702 50.702 50.702 50.704 50.700 50.699 50.697 50.697 50.696 50.696 50.697 50.698 50.700 -9999.000 51.565 51.566 51.566 51.565 51.557 51.559 51.561 51.561 51.557 51.557 51.560 51.570
50.717 50.717 50.718 50.717 50.716 50.717 50.717 50.727 50.729 50.729 50.729 50.730 50.705 50.705 50.706 50.706 50.707 50.704 50.700 50.702 50.703 50.703 50.702 50.700 50.700 50.701 50.701 50.701 50.702 50.709 50.710 50.711 50.706 50.706 50.705 50.709 50.709 50.709 50.708 50.702 50.704 50.704 50.702 50.702 50.700 50.700 50.699 50.698 50.697 50.697 50.696 50.696 50.699 -9999.000 -9999.000 51.568 51.565 51.564 51.563 51.557 51.558 51.560 51.559 51.558 51.556 51.567 51.565
50.716 50.715 50.718 50.718 50.716 50.718 50.717 50.727 50.728 50.729 50.729 50.705 50.706 50.706 50.706 50.706 50.705 50.705 50.706 50.702 50.701 50.703 50.702 50.700 50.700 50.699 50.698 50.701 50.701 50.709 50.709 50.705 50.706 50.706 50.706 50.707 50.707 50.707 50.701 50.702 50.699 50.700 50.700 50.702 50.698 50.699 50.698 50.697 50.698 50.698 50.697 50.697 50.699 -9999.000 51.576 51.558 51.556 51.562 51.561 51.556 51.557 51.558 51.557 51.557 51.559 51.566 51.564
50.716 50.716 50.715 50.715 50.716 50.717 50.717 50.702 50.702 50.702 50.703 50.704 50.706 50.706 50.707 50.704 50.705 50.707 50.702 50.702 50.701 50.702 50.702 50.701 50.698 50.699 50.699 50.698 50.699 50.700 50.705 50.705 50.706 50.707 50.707 50.707 50.708 50.708 50.705 50.706 50.700 50.700 50.701 50.698 50.699 50.700 50.700 50.700 50.699 50.696 50.696 50.697 50.698 -9999.000 51.545 51.567 51.570 51.559 51.560 51.559 51.560 51.558 51.554 51.561 51.566 51.564 51.563
50.716 50.716 50.716 50.715 50.716 50.716 50.700 50.701 50.701 50.702 50.703 50.704 50.705 50.703 50.704 50.705 50.705 50.707 50.707 50.702 50.701 50.702 50.702 50.697 50.697 50.699 50.699 50.698 50.699 50.699 50.704 50.704 50.703 50.706 50.706 50.706 50.706 50.705 50.705 50.706 50.701 50.701 50.701 50.699 50.699 50.700 50.700 50.700 50.698 50.698 50.696 50.695 50.696 -9999.000 51.565 51.566 51.569 51.559 51.552 51.558 51.556 51.556 51.560 51.561 51.564 51.563 51.561
50.717 50.716 50.716 50.715 50.700 50.701 50.701 50.701 50.702 50.702 50.703 50.704 50.705 50.703 50.703 50.705 50.705 50.700 50.701 50.701 50.700 50.701 50.702 50.697 50.697 50.698 50.699 50.697 50.698 50.699 50.703 50.704 50.703 50.704 50.705 50.705 50.706 50.706 50.706 50.707 50.707 50.698 50.697 50.697 50.701 50.700 50.699 50.698 50.698 50.698 50.697 50.696 -9999.000 -9999.000 51.567 51.564 51.570 51.554 51.560 51.557 51.556 51.557 51.558 51.563 51.565 51.562 51.560
50.715 50.713 50.702 50.699 50.700 50.699 50.699 50.702 50.702 50.702 50.703 50.704 50.702 50.703 50.703 50.705 50.705 50.700 50.701 50.700 50.700 50.700 50.698 50.697 50.697 50.696 50.696 50.697 50.701 50.701 50.700 50.702 50.703 50.704 50.705 50.705 50.705 50.705 50.705 50.707 50.698 50.699 50.699 50.698 50.698 50.699 50.699 50.699 50.697 50.697 50.698 50.698 -9999.000 51.562 51.565 51.567 51.568 51.573 51.574 51.557 51.557 51.560 51.566 51.565 51.567 51.569 51.569
50.715 50.701 50.701 50.702 50.702 50.703 50.703 50.701 50.701 50.703 50.703 50.704 50.702 50.703 50.704 50.705 50.704 50.700 50.702 50.699 50.700 50.699 50.698 50.698 50.697 50.695 50.696 50.697 50.701 50.700 50.700 50.702 50.703 50.703 50.704 50.704 50.705 50.705 50.705 50.705 50.697 50.698 50.699 50.699 50.698 50.698 50.698 50.699 50.700 50.697 50.697 50.696 -9999.000 51.562 51.567 51.569 51.575 51.557 51.557 51.556 51.554 51.559 51.567 51.568 51.566 51.569 51.568
50.702 50.700 50.701 50.701 50.702 50.703 50.704 50.704 50.702 50.702 50.702 50.705 50.702 50.703 50.704 50.705 50.703 50.703 50.701 50.700 50.700 50.700 50.697 50.697 50.695 50.695 50.695 50.695 50.696 50.700 50.700 50.702 50.694 50.694 50.703 50.704 50.704 50.706 50.706 50.704 50.697 50.697 50.698 50.698 50.698 50.698 50.698 50.699 50.700 50.700 50.698 50.700 -9999.000 -9999.000 51.580 51.582 51.583 51.574 51.574 51.555 51.562 51.564 51.563 51.588 51.585 51.568 51.567
50.702 50.700 50.700 50.701 50.702 50.702 50.702 50.704 50.702 50.702 50.702 50.701 50.701 50.703 50.704 50.704 50.703 50.703 50.703 50.701 50.700 50.696 50.697 50.697 50.696 50.696 50.695 50.698 50.699 50.699 50.701 50.702 50.694 50.690 50.695 50.692 50.704 50.703 50.703 50.703 50.696 50.696 50.696 50.698 50.698 50.699 50.698 50.700 50.700 50.700 50.702 -9999.000 -9999.000 51.584 51.585 51.584 51.579 51.591 51.590 51.575 51.575 51.572 51.588 51.587 51.585 51.589 51.584
50.702 50.703 50.703 50.704 50.702 50.702 50.702 50.703 50.703 50.703 50.703 50.703 50.702 50.703 50.703 50.703 50.703 50.702 50.703 50.703 50.698 50.699 50.697 50.697 50.695 50.697 50.697 50.698 50.698 50.698 50.698 50.692 50.692 50.692 50.691 50.691 50.693 50.693 50.691 50.691 50.692 50.700 50.700 50.698 50.698 50.698 50.698 50.699 50.699 50.701 50.701 -9999.000 50.769 51.582 51.583 51.581 51.581 51.576 51.588 51.592 51.590 51.586 51.587 51.589 51.588 51.587 51.586
50.703 50.703 50.703 50.702 50.702 50.703 50.702 50.704 50.704 50.704 50.703 50.703 50.702 50.702 50.702 50.702 50.702 50.702 50.703 50.703 50.699 50.698 50.695 50.695 50.696 50.696 50.696 50.696 50.697 50.698 50.698 50.699 50.692 50.692 50.691 50.691 50.693 50.692 50.692 50.691 50.693 50.694 50.693 50.699 50.700 50.697 50.697 50.698 50.699 50.698 50.701 -9999.000 50.764 51.580 51.581 51.592 51.594 51.588 51.592 51.591 51.590 51.588 51.586 51.584 51.587 51.581 51.584
50.703 50.703 50.703 50.702 50.702 50.701 50.705 50.706 50.701 50.704 50.703 50.704 50.701 50.706 50.702 50.702 50.702 50.703 50.703 50.704 50.700 50.694 50.694 50.696 50.695 50.696 50.696 50.697 50.697 50.697 50.698 50.691 50.692 50.692 50.692 50.691 50.691 50.692 50.692 50.693 50.693 50.692 50.694 50.699 50.695 50.696 50.697 50.697 50.696 50.698 50.699 50.700 50.750 51.546 51.591 51.591 51.593 51.591 51.591 51.591 51.589 51.587 51.586 51.586 51.585 51.588 51.578
50.702 50.701 50.701 50.705 50.706 50.701 50.705 50.706 50.706 50.702 50.703 50.700 50.701 50.701 50.700 50.703 50.704 50.705 50.705 50.705 50.705 50.694 50.694 50.694 50.694 50.695 50.697 50.697 50.698 50.697 50.698 50.698 50.691 50.693 50.690 50.691 50.691 50.692 50.692 50.692 50.692 50.692 50.693 50.694 50.695 50.695 50.695 50.695 50.696 50.697 50.698 50.699 50.751 51.545 51.592 51.590 51.592 51.591 51.588 51.593 51.591 51.590 51.600 51.583 51.598 51.595 51.597
50.702 50.701 50.701 50.705 50.705 50.704 50.705 50.706 50.706 50.702 50.703 50.700 50.701 50.701 50.707 50.703 50.704 50.705 50.705 50.705 50.706 50.706 50.695 50.695 50.694 50.694 50.695 50.695 50.695 50.696 50.696 50.695 50.696 50.693 50.693 50.689 50.690 50.690 50.691 50.691 50.692 50.692 50.693 50.701 50.694 50.694 50.697 50.696 50.697 50.698 50.698 50.700 50.765 51.579 51.589 51.590 51.591 51.590 51.594 51.587 51.600 51.593 51.598 51.597 51.594 51.594 51.593
50.702 50.702 50.703 50.704 50.704 50.704 50.704 50.703 50.702 50.707 50.703 50.700 50.701 50.702 50.702 50.703 50.703 50.704 50.704 50.700 50.707 50.702 50.693 50.694 50.693 50.695 50.695 50.695 50.695 50.696 50.694 50.695 50.695 50.695 50.695 50.689 50.690 50.690 50.690 50.691 50.691 50.692 50.692 50.692 50.694 50.698 50.697 50.699 50.699 50.699 50.699 50.701 50.766 51.593 51.601 51.592 51.592 51.596 51.596 51.596 51.598 51.599 51.598 51.595 51.596 51.596 51.598
50.701 50.702 50.703 50.704 50.704 50.704 50.704 50.703 50.703 50.704 50.704 50.703 50.706 50.706 50.702 50.703 50.704 50.704 50.704 50.704 50.702 50.702 50.693 50.694 50.695 50.692 50.694 50.694 50.695 50.694 50.694 50.695 50.695 50.696 50.697 50.696 50.691 50.691 50.692 50.693 50.694 50.694 50.704 50.695 50.695 50.698 50.699 50.697 50.699 50.701 50.700 50.711 50.767 51.591 51.600 51.599 51.598 51.599 51.585 51.595 51.601 51.600 51.596 51.596 51.597 51.596 51.597
50.702 50.702 50.702 50.703 50.703 50.702 50.705 50.705 50.703 50.704 50.705 50.702 50.702 50.701 50.704 50.704 50.704 50.705 50.703 50.703 50.703 50.701 50.704 50.694 50.694 50.693 50.693 50.693 50.693 50.694 50.694 50.695 50.696 50.696 50.697 50.696 50.695 50.695 50.692 50.693 50.694 50.695 50.696 50.704 50.700 50.699 50.699 50.700 50.699 50.700 50.702 50.712 50.768 51.591 51.599 51.601 51.596 51.597 51.600 51.591 51.601 51.599 51.603 51.603 51.596 51.599 51.599
50.702 50.702 50.702 50.703 50.703 50.702 50.702 50.704 50.704 50.703 50.703 50.702 50.702 50.703 50.704 50.701 50.701 50.701 50.702 50.703 50.703 50.704 50.702 50.703 50.694 50.694 50.693 50.693 50.692 50.692 50.694 50.695 50.695 50.695 50.694 50.696 50.695 50.694 50.696 50.696 50.695 50.695 50.702 50.698 50.697 50.697 50.697 50.702 50.708 50.700 50.702 50.713 50.770 51.599 51.604 51.602 51.596 51.598 51.600 51.602 51.599 51.597 51.602 51.597 51.600 51.600 51.599
50.702 50.703 50.703 50.703 50.703 50.702 50.702 50.703 50.703 50.703 50.703 50.703 50.703 50.703 50.702 50.702 50.702 50.701 50.702 50.702 50.704 50.705 50.705 50.703 50.696 50.697 50.692 50.693 50.692 50.693 50.693 50.694 50.693 50.694 50.694 50.696 50.695 50.694 50.697 50.701 50.695 50.695 50.702 50.702 50.698 50.698 50.697 50.702 50.702 50.702 50.704 50.767 50.906 51.600 51.603 51.595 51.601 51.599 51.600 51.603 51.598 51.596 51.596 51.596 51.598 51.598 51.596
50.703 50.701 50.703 50.703 50.701 50.702 50.702 50.703 50.703 50.703 50.704 50.702 50.703 50.703 50.703 50.702 50.702 50.701 50.702 50.703 50.703 50.704 50.704 50.704 50.697 50.696 50.692 50.694 50.694 50.693 50.693 50.694 50.693 50.694 50.695 50.695 50.695 50.699 50.699 50.699 50.700 50.701 50.700 50.701 50.702 50.703 50.703 50.700 50.700 50.702 50.705 50.769 51.600 51.599 51.603 51.601 51.599 51.598 51.602 51.604 51.602 51.601 51.594 51.599 51.598 51.608 51.595
50.702 50.702 50.702 50.702 50.701 50.701 50.702 50.702 50.703 50.704 50.704 50.705 50.704 50.704 50.704 50.702 50.702 50.702 50.702 50.703 50.703 50.704 50.698 50.697 50.701 50.696 50.696 50.694 50.695 50.693 50.695 50.695 50.695 50.695 50.695 50.696 50.696 50.699 50.698 50.699 50.699 50.701 50.700 50.701 50.702 50.702 50.699 50.704 50.701 50.703 50.713 50.771 51.604 51.600 51.605 51.606 51.599 51.599 51.595 51.596 51.604 51.601 51.599 51.598 51.597 51.595 51.594
50.703 50.702 50.702 50.702 50.702 50.702 50.702 50.702 50.702 50.705 50.706 50.706 50.704 50.704 50.704 50.701 50.702 50.701 50.702 50.702 50.704 50.699 50.699 50.702 50.701 50.701 50.696 50.694 50.694 50.693 50.696 50.695 50.695 50.695 50.696 50.697 50.697 50.698 50.698 50.698 50.699 50.698 50.699 50.700 50.701 50.701 50.702 50.706 50.707 50.704 50.769 51.598 51.601 51.602 51.604 51.603 51.602 51.600 51.601 51.598 51.599 51.606 51.596 51.597 51.607 51.612 51.606
50.703 50.704 50.704 50.703 50.703 50.702 50.704 50.704 50.704 50.706 50.706 50.706 50.706 50.705 50.706 50.700 50.701 50.701 50.702 50.703 50.703 50.703 50.698 50.699 50.701 50.701 50.702 50.694 50.693 50.696 50.695 50.695 50.696 50.696 50.696 50.697 50.697 50.697 50.697 50.698 50.699 50.700 50.699 50.700 50.700 50.701 50.702 50.705 50.707 50.710 50.908 51.602 51.605 51.600 51.602 51.604 51.603 51.599 51.603 51.599 51.600 51.601 51.609 51.609 51.607 51.612 51.593
50.703 50.703 50.704 50.703 50.703 50.704 50.704 50.704 50.704 50.705 50.705 50.707 50.707 50.705 50.706 50.702 50.703 50.702 50.702 50.702 50.700 50.700 50.700 50.699 50.701 50.701 50.700 50.695 50.693 50.696 50.695 50.694 50.695 50.696 50.695 50.695 50.698 50.697 50.696 50.700 50.699 50.701 50.701 50.702 50.702 50.702 50.702 50.705 50.709 50.712 50.914 51.602 51.603 51.608 51.607 51.602 51.603 51.601 51.601 51.598 51.600 51.606 51.607 51.609 51.605 51.610 51.629
50.703 50.704 50.702 50.702 50.702 50.705 50.704 50.705 50.706 50.706 50.706 50.708 50.707 50.706 50.706 50.704 50.703 50.703 50.702 50.702 50.702 50.700 50.701 50.700 50.700 50.700 50.700 50.701 50.697 50.697 50.695 50.695 50.695 50.696 50.696 50.698 50.698 50.698 50.699 50.700 50.699 50.701 50.701 50.701 50.702 50.704 50.703 50.706 50.710 50.771 50.914 51.605 51.605 51.606 51.600 51.605 51.602 51.600 51.601 51.599 51.599 51.606 51.602 51.602 51.611 51.630 51.629
