includes/estuary_coast/floodfiles/results/res.totaltm
ncols         730
nrows         472
xllcorner     380617.130607
yllcorner     6542069.774949
cellsize      20.000000
NODATA_value  -9999.000000
[rows 204 to 237 of 472, columns 456 to 531 of 730]
5.477 5.470 5.481 5.485 5.443 5.547 5.556 5.561 5.527 5.552 5.584 5.596 5.595 5.599 5.602 5.610 5.617 5.625 5.703 5.718 5.711 5.729 5.771 5.770 5.748 5.759 5.782 5.837 5.827 5.840 5.800 5.791 2.304 5.966 5.942 5.936 3.190 7.525 37.091 45.389 55.553 55.553 55.553 55.553 55.553 55.553 55.553 55.553 55.553 55.553 55.553 50.328 43.358 6.287 6.270 6.236 6.211 6.194 4.983 27.460 27.259 5.995 5.987 5.952 5.943 5.934 5.915 5.889 4.858 3.782 5.714 5.774 5.708 5.695 5.675 5.639
5.483 5.475 5.496 5.494 5.518 5.560 5.568 5.582 5.583 5.590 5.585 5.604 5.602 5.607 5.611 5.618 5.634 5.649 5.681 5.679 5.691 5.705 5.727 5.631 5.725 5.721 5.718 5.816 5.816 5.801 5.774 2.315 2.285 5.994 5.997 5.977 3.396 23.166 26.618 43.947 54.355 55.553 55.553 55.553 55.553 55.553 55.553 55.553 55.553 55.553 53.841 43.110 26.747 4.126 6.234 6.224 6.208 6.164 4.186 27.647 5.981 5.986 5.952 4.726 5.934 5.926 5.906 5.872 5.809 3.895 5.743 5.766 5.697 5.686 5.672 5.662
5.510 5.458 5.504 5.516 5.524 5.569 5.580 5.596 5.601 5.622 5.634 5.622 5.625 5.639 5.633 5.642 5.639 5.655 5.681 5.689 5.661 5.709 5.703 5.713 5.734 5.714 5.692 5.656 5.631 5.748 5.748 2.308 6.003 6.043 6.018 3.568 3.293 26.013 38.739 48.605 52.985 55.553 55.553 55.553 55.553 55.553 55.553 55.553 55.553 55.553 46.809 42.320 23.639 4.705 6.177 6.184 6.165 6.149 3.235 27.822 5.997 4.041 3.771 5.909 5.864 5.890 5.882 5.871 5.787 5.776 5.752 5.742 5.709 5.699 5.672 5.662
5.519 5.466 5.447 5.520 5.444 5.547 5.614 5.606 5.596 5.649 5.658 5.654 5.629 5.650 5.649 5.659 5.673 5.670 5.690 5.702 5.717 5.719 5.728 5.736 5.753 5.725 5.711 5.669 5.737 5.747 5.736 2.302 6.014 6.065 6.036 3.635 4.128 23.012 39.344 47.335 54.933 55.553 55.553 55.553 55.553 55.553 55.553 55.553 55.553 55.553 44.820 39.744 6.274 6.224 6.203 6.170 6.148 6.129 28.135 27.984 6.008 5.976 5.827 5.927 5.904 5.872 5.859 5.821 4.107 5.755 5.742 5.729 5.716 5.682 5.670 5.641
5.530 5.546 5.540 5.548 5.595 5.604 5.628 5.640 5.648 5.659 5.668 5.661 5.657 5.664 5.655 5.677 5.708 5.698 5.707 5.715 5.725 5.748 5.757 5.767 5.765 5.758 5.765 5.742 5.745 5.758 5.749 2.298 6.067 6.089 6.106 3.403 18.927 22.560 37.947 45.533 55.553 55.553 55.553 55.553 55.553 55.553 55.553 55.553 55.553 55.014 43.087 26.969 5.179 5.296 6.182 6.152 6.129 4.114 28.274 5.567 3.549 5.126 5.933 4.655 5.906 5.895 5.881 5.804 5.309 5.728 5.715 5.684 5.691 5.644 5.621 5.603
5.558 5.559 5.546 5.436 5.618 5.626 5.642 5.654 5.661 5.674 5.686 5.681 5.682 5.685 5.682 5.710 5.720 5.708 5.720 5.715 5.732 5.758 5.776 5.781 5.796 5.769 5.789 5.770 5.774 5.775 2.258 2.274 6.083 6.103 6.124 6.252 18.484 41.183 43.847 47.563 55.553 55.553 55.553 55.553 55.553 55.553 55.553 55.553 55.553 48.581 42.311 22.250 4.368 6.177 6.157 6.130 6.120 3.917 28.403 6.024 3.911 3.473 5.944 3.739 5.917 5.906 5.819 3.369 4.171 3.352 5.046 3.497 5.668 5.535 4.120 5.508
5.566 5.568 5.491 5.417 5.557 5.634 5.652 5.664 5.684 5.687 5.706 5.692 5.693 5.696 5.701 5.722 5.734 5.695 5.734 5.744 5.763 5.793 5.787 5.809 5.806 5.807 5.799 5.780 5.783 5.795 2.787 6.048 6.069 6.086 3.410 5.754 21.799 44.554 45.575 51.506 55.553 55.553 55.553 55.553 55.553 55.553 55.553 55.553 55.553 50.767 38.817 15.010 5.668 6.231 6.166 6.150 6.084 28.632 28.522 6.037 6.027 5.991 5.985 5.951 5.927 3.562 5.797 5.780 5.768 3.944 5.600 5.619 5.631 5.419 2.955 5.479
5.579 5.590 5.607 5.536 5.597 5.585 5.667 5.678 5.696 5.705 5.714 5.712 5.706 5.705 5.727 5.733 5.747 5.749 5.774 5.762 5.745 5.811 5.814 5.828 5.819 5.837 5.832 5.835 5.832 5.822 2.786 6.064 6.087 6.104 3.456 12.744 22.812 38.228 44.675 55.263 55.553 55.553 55.553 55.553 55.553 55.553 55.553 55.553 55.553 46.238 26.547 6.338 6.279 6.251 6.163 6.146 6.091 28.732 6.028 6.027 5.990 5.981 5.951 5.904 5.902 5.885 5.069 5.752 5.722 5.582 5.637 5.584 5.619 5.599 5.516 5.428
5.607 5.624 5.632 5.629 5.630 5.641 5.682 5.692 5.711 5.721 5.726 5.724 5.719 5.728 5.747 5.758 5.760 5.774 5.788 5.669 5.807 5.825 5.829 5.839 5.843 5.853 5.869 5.853 5.843 2.832 2.769 6.040 3.778 6.122 5.950 23.971 33.927 42.546 49.253 55.553 55.553 55.553 55.553 55.553 55.553 55.553 55.553 55.553 54.389 45.742 24.074 4.438 6.259 6.240 6.189 6.162 28.911 28.825 3.653 3.631 4.006 5.304 5.939 5.925 2.016 5.868 5.849 5.822 5.797 5.743 5.698 5.538 5.602 5.579 5.539 3.331
5.629 5.630 5.643 5.653 5.655 5.670 5.651 5.685 5.712 5.729 5.741 5.734 5.766 5.759 5.757 5.772 5.761 5.783 5.800 5.826 5.829 5.846 5.842 5.856 5.852 5.870 5.881 5.876 5.833 2.804 6.020 6.031 6.081 4.000 4.917 25.374 46.414 47.177 54.337 55.553 55.553 55.553 55.553 55.553 55.553 55.553 55.553 55.553 50.295 48.147 18.177 6.261 6.244 6.205 6.148 6.139 28.989 3.847 4.719 5.917 5.920 5.920 5.921 4.092 5.108 5.848 5.829 5.790 5.753 5.720 5.699 5.637 5.619 5.597 5.561 5.516
5.637 5.650 5.658 5.663 5.714 5.724 5.609 5.731 5.764 5.775 5.789 5.796 5.781 5.773 5.748 5.783 5.809 5.809 5.826 5.842 5.845 5.865 5.870 5.864 5.872 5.884 5.892 5.886 5.876 2.789 6.030 6.044 6.084 3.802 7.592 23.807 43.012 52.379 53.720 55.553 55.553 55.553 55.553 55.553 55.553 55.553 55.553 55.553 46.700 38.584 8.441 6.275 6.237 6.172 6.155 6.117 29.062 4.931 5.968 5.968 5.953 5.916 5.908 5.861 5.829 5.820 5.806 5.787 5.746 5.695 5.685 5.673 5.599 5.581 5.557 5.499
5.653 5.657 5.666 5.689 5.723 5.732 5.757 5.765 5.772 5.782 5.797 5.805 5.797 5.823 5.843 5.840 5.823 5.828 5.803 5.854 5.857 5.874 5.877 5.890 5.877 5.911 5.912 5.892 2.830 2.771 6.039 4.298 4.326 4.148 17.458 33.939 43.519 49.160 54.038 55.553 55.553 55.553 55.553 55.553 55.553 55.553 55.553 55.182 46.299 39.008 4.307 6.250 6.228 6.180 6.164 29.193 29.130 3.910 5.978 5.975 3.686 5.906 5.860 5.828 5.821 5.781 5.785 5.757 5.747 5.719 5.693 5.673 5.124 5.556 5.500 5.458
5.661 5.676 5.680 5.708 5.718 5.730 5.762 5.785 5.795 5.804 5.811 5.828 5.837 5.846 5.852 5.848 5.836 5.842 5.886 5.890 5.898 5.921 5.904 5.902 5.841 5.922 5.923 5.911 2.807 5.941 3.620 3.238 3.476 4.303 42.863 55.553 45.806 50.384 55.553 55.553 55.553 55.553 55.553 55.553 55.553 55.553 55.553 55.553 48.143 22.160 6.281 6.264 6.208 6.169 6.153 29.253 6.017 6.042 6.032 5.999 3.931 4.549 5.852 5.814 5.809 3.299 5.751 5.723 5.726 5.713 5.698 5.642 5.492 5.476 5.485 5.452
5.677 5.687 5.704 5.714 5.731 5.729 5.780 5.790 5.802 5.814 5.826 5.835 5.848 5.857 5.863 5.881 5.850 5.882 5.906 5.911 5.908 5.927 5.914 5.913 5.931 5.957 5.942 5.935 2.793 5.984 4.850 5.622 4.833 5.287 34.607 44.693 50.749 52.361 55.553 55.553 55.553 55.553 55.553 55.553 55.553 55.553 55.553 47.615 37.239 11.108 6.284 6.266 6.208 6.180 6.156 29.310 6.046 6.054 6.046 5.979 5.968 5.955 3.546 2.897 5.724 5.738 5.741 5.708 5.714 5.702 5.672 5.655 5.645 5.493 5.476 5.453
5.678 5.710 5.721 5.724 5.744 5.783 5.797 5.808 5.816 5.829 5.837 5.845 5.856 5.863 5.882 5.890 5.904 5.913 5.937 5.950 5.954 5.963 5.963 5.941 5.977 5.984 5.933 2.822 2.773 5.983 5.999 6.024 3.391 14.807 23.283 42.707 47.851 53.286 55.553 55.553 55.553 55.553 55.553 55.553 55.553 55.553 54.924 45.506 26.576 5.045 6.265 6.197 6.194 6.175 29.417 29.365 6.088 6.075 6.029 5.990 5.979 5.956 5.464 3.422 2.839 5.649 5.683 5.679 5.652 5.665 5.657 5.647 5.614 5.184 5.442 5.425
5.695 5.721 5.730 5.738 5.758 5.769 5.795 5.809 5.829 5.838 5.844 5.853 5.856 5.864 5.887 5.903 5.907 5.931 5.944 5.971 5.974 5.975 6.010 6.015 6.006 5.994 5.948 2.802 5.961 3.724 3.155 5.736 4.774 22.156 36.118 43.565 46.026 55.553 55.553 55.553 55.553 55.553 55.553 55.553 55.553 55.553 55.553 54.407 23.153 4.493 6.211 6.195 6.173 6.143 29.468 4.357 6.050 6.047 6.011 5.998 5.981 5.962 5.936 2.280 4.334 5.676 5.670 5.639 5.638 5.632 5.647 5.633 5.611 5.598 5.454 5.445
5.708 5.716 5.725 5.727 5.717 5.763 5.771 5.795 5.839 5.849 5.858 5.866 5.880 5.898 5.912 5.912 5.923 5.935 5.969 5.981 6.022 6.026 6.046 6.033 6.023 6.013 5.988 2.789 5.989 4.037 3.076 4.391 4.311 23.024 44.324 46.212 51.190 55.553 55.553 55.553 55.553 55.553 55.553 55.553 55.553 55.553 53.630 43.953 6.291 6.276 6.221 6.205 6.183 6.140 29.517 6.055 6.041 6.026 4.498 5.976 5.962 5.954 5.930 2.642 5.761 5.724 5.691 5.644 5.622 5.619 5.618 5.621 5.581 5.582 3.755 5.471
5.710 5.717 5.731 5.750 5.758 5.558 5.783 5.810 5.810 5.844 5.827 5.806 5.834 5.887 5.920 5.931 5.949 5.958 5.971 6.017 6.045 6.064 6.056 6.044 6.017 5.973 2.805 2.764 6.036 5.969 3.263 3.384 7.588 36.626 39.841 44.965 55.553 55.553 55.553 55.553 55.553 55.553 55.553 55.553 55.553 55.553 48.325 37.382 6.305 6.253 6.208 6.190 6.165 29.611 29.564 6.060 6.041 6.001 5.989 5.970 5.950 5.935 5.926 4.629 4.455 5.757 5.727 5.682 5.598 5.575 5.603 5.593 5.581 5.561 5.504 5.488
5.714 5.732 5.753 5.766 5.773 5.794 5.812 5.823 5.832 5.854 5.850 5.888 5.890 5.766 5.883 5.967 5.962 5.898 5.981 6.030 6.049 6.077 6.063 6.055 6.040 6.013 2.784 6.095 6.048 3.149 3.136 3.290 18.756 31.232 38.593 49.733 55.553 55.553 55.553 55.553 55.553 55.553 55.553 55.553 55.553 54.346 49.766 37.759 6.270 6.215 6.199 6.165 6.148 29.657 5.335 6.039 6.013 6.001 5.978 5.958 5.926 5.925 3.977 3.902 5.757 5.732 5.707 5.585 5.576 5.562 5.560 5.579 5.235 4.091 3.407 5.314
5.718 5.736 5.764 5.774 5.781 5.803 5.757 5.747 5.832 5.864 5.888 5.897 5.906 5.954 5.965 5.977 5.985 6.011 6.031 6.017 6.039 6.088 6.067 6.067 6.051 6.036 2.768 6.115 3.588 2.945 3.261 3.860 25.079 39.658 45.759 51.444 55.553 55.553 55.553 55.553 55.553 55.553 55.553 55.553 55.553 50.607 47.051 15.898 6.272 6.226 5.546 6.146 6.129 29.703 6.041 6.029 6.004 5.994 5.981 5.952 5.941 5.919 3.604 4.106 5.772 5.707 5.496 5.564 5.557 5.539 5.547 5.458 2.765 5.393 5.279 3.004
5.710 5.735 5.744 5.776 5.783 5.811 5.795 5.755 5.828 5.858 5.874 5.877 5.872 5.887 5.905 5.985 6.012 6.029 6.044 6.061 6.072 6.101 6.106 6.125 6.054 2.781 2.741 6.141 6.096 4.276 4.272 4.495 55.553 44.601 50.586 53.016 55.553 55.553 55.553 55.553 55.553 55.553 55.553 55.553 55.553 45.039 26.509 15.961 5.172 5.437 6.139 6.087 29.805 29.751 6.034 6.020 6.004 5.973 5.961 5.949 5.916 5.905 5.855 5.831 5.812 5.699 4.401 5.464 5.533 5.528 5.516 2.121 5.346 5.373 5.328 5.296
5.723 5.733 5.743 5.765 5.774 5.823 5.846 5.855 5.864 5.880 5.897 5.905 5.881 5.900 5.864 5.973 6.023 6.036 6.051 6.073 6.092 6.111 6.119 6.143 6.124 2.760 6.169 6.164 6.143 6.111 3.932 10.524 36.263 44.857 49.467 55.458 55.553 55.553 55.553 55.553 55.553 55.553 55.553 55.553 52.142 52.472 47.088 30.218 30.172 30.119 30.065 4.095 29.859 4.747 6.017 5.996 5.981 5.958 5.951 5.938 3.638 3.367 5.840 3.406 5.767 5.722 5.696 5.497 5.485 5.515 3.734 2.856 5.391 5.357 5.363 5.321
5.741 5.751 5.761 5.768 5.764 5.799 5.839 5.843 5.848 5.866 5.883 5.913 5.938 5.948 5.980 5.994 6.012 6.034 6.063 6.094 6.105 6.125 6.135 6.150 6.160 2.739 6.179 6.180 6.204 4.753 4.851 25.495 35.292 44.140 49.249 55.553 55.553 55.553 55.553 55.553 55.553 55.553 55.553 55.553 46.993 43.721 20.551 13.279 1.942 2.116 30.011 29.958 29.908 3.734 3.817 5.955 5.963 5.954 5.941 5.925 4.108 4.030 5.783 5.771 2.996 5.698 5.592 5.570 3.654 5.481 5.449 5.439 5.422 5.389 5.377 5.355
5.744 5.761 5.770 5.782 5.788 5.798 5.847 5.837 5.853 5.795 5.859 5.859 5.934 5.949 5.956 5.951 6.018 6.036 6.061 6.091 6.117 6.143 6.151 6.170 6.170 2.664 6.213 6.215 6.219 6.251 6.370 24.082 46.095 47.193 53.922 55.553 55.553 55.553 55.553 55.553 55.553 55.553 55.553 55.553 51.786 26.880 4.389 6.269 0.903 3.159 2.551 1.541 6.011 5.990 5.972 5.941 5.922 5.923 5.897 5.907 5.877 5.171 5.813 5.800 5.651 5.385 5.580 5.554 5.521 3.614 5.436 5.444 5.419 5.410 5.379 5.372
5.726 5.752 5.766 5.785 5.816 5.827 5.867 5.877 5.899 5.910 5.925 5.935 5.946 5.958 5.951 5.919 5.992 5.991 5.985 6.026 6.103 6.134 6.136 6.179 6.185 6.217 6.237 6.251 6.256 6.193 11.127 32.246 44.057 48.049 55.553 55.553 55.553 55.553 55.553 55.553 55.553 55.553 55.553 54.293 45.226 35.610 5.644 5.104 5.076 5.012 2.610 2.813 5.699 5.973 5.936 5.925 5.911 5.909 5.884 5.892 5.880 5.868 5.824 5.808 5.780 3.768 5.508 5.523 5.513 5.488 3.310 5.457 5.440 5.421 5.407 5.385
5.685 5.720 5.717 5.741 5.823 5.828 5.845 5.882 5.895 5.925 5.937 5.945 5.960 5.967 5.983 5.994 6.016 6.017 6.030 6.047 6.067 6.082 6.139 6.192 6.200 6.225 6.238 6.262 6.273 6.225 23.233 35.255 42.863 54.051 55.553 55.553 55.553 55.553 55.553 55.553 55.553 55.553 55.553 47.559 36.754 4.498 6.249 2.434 5.019 4.848 2.075 5.769 5.947 5.933 5.920 5.906 5.881 5.896 5.872 5.883 4.669 4.839 5.808 5.797 5.781 5.741 2.699 5.514 5.535 5.495 5.480 5.469 5.457 5.445 5.412 5.328
5.769 5.787 5.804 5.816 5.871 5.885 5.898 5.894 5.846 5.788 5.921 5.971 5.979 5.912 5.943 6.005 6.043 6.028 6.038 6.071 6.084 6.092 6.189 6.198 6.215 6.253 6.266 6.287 6.294 18.706 25.178 38.228 47.174 55.287 55.553 55.553 55.553 55.553 55.553 55.553 55.553 55.553 55.553 53.050 43.607 4.515 3.920 1.937 2.365 2.503 1.836 3.958 5.858 5.913 5.900 5.887 5.872 5.877 5.862 5.845 5.825 4.567 5.793 5.761 5.746 5.734 5.719 4.351 5.555 5.516 5.503 3.019 5.415 5.415 5.404 5.358
5.794 5.807 5.819 5.833 5.847 5.900 5.909 5.919 5.940 5.951 5.963 5.982 5.988 6.008 6.018 6.062 6.075 6.032 6.028 6.026 6.086 6.095 6.173 6.125 6.251 6.267 6.285 6.300 6.337 13.738 26.884 45.394 55.553 55.553 55.553 55.553 55.553 55.553 55.553 55.553 55.553 55.553 55.553 44.532 26.406 4.003 4.072 4.341 2.770 3.345 5.695 4.242 5.836 3.592 5.863 5.870 5.858 5.860 5.835 5.835 5.810 5.177 5.758 5.740 5.728 5.714 5.701 5.582 5.567 5.554 5.539 5.474 2.735 5.383 5.391 5.361
5.770 5.766 5.808 5.816 5.819 5.821 5.856 5.893 5.906 5.946 5.978 6.005 6.018 6.030 6.055 6.081 6.095 6.065 6.075 6.086 6.088 6.096 6.112 6.135 6.255 6.273 6.286 6.308 6.326 24.227 43.837 45.859 55.553 55.553 55.553 55.553 55.553 55.553 55.553 55.553 55.553 55.553 51.291 34.268 3.644 5.764 2.193 3.412 3.120 2.097 5.706 5.793 5.818 5.818 5.828 3.315 5.822 5.842 5.822 5.818 5.802 4.901 5.704 5.702 5.713 5.681 5.678 5.663 3.943 5.504 5.497 5.484 3.922 5.352 5.308 5.342
5.771 5.782 5.799 5.804 5.813 5.868 5.907 5.918 5.928 5.904 5.936 6.007 5.988 6.000 6.058 6.090 6.109 6.026 6.105 6.127 6.119 6.117 6.132 6.242 6.254 6.265 6.274 6.291 6.365 24.146 41.513 45.126 53.708 55.553 55.553 55.553 55.553 55.553 55.553 55.553 55.553 55.553 55.553 37.838 3.858 3.020 5.311 4.570 2.402 2.897 5.710 5.782 5.792 5.806 5.817 5.788 5.800 3.572 4.667 5.808 5.789 5.762 4.181 5.686 5.683 5.667 5.650 5.625 5.614 2.640 5.487 5.453 5.437 2.781 5.303 5.268
5.767 5.774 5.784 5.790 5.765 5.882 5.920 5.931 5.968 5.984 5.997 6.024 5.980 6.017 5.988 6.077 6.120 6.057 6.116 6.138 6.130 6.115 6.131 6.251 6.265 6.276 6.290 6.322 6.292 26.586 38.504 47.001 55.553 55.553 55.553 55.553 55.553 55.553 55.553 55.553 55.553 55.553 52.149 26.881 5.803 5.488 5.341 3.188 2.438 5.600 5.658 5.762 5.777 5.777 5.802 5.783 5.789 5.768 5.761 5.781 4.329 5.750 4.452 5.641 5.638 5.651 5.637 5.615 5.591 5.557 3.765 5.483 5.401 3.944 5.317 5.272
5.779 5.784 5.795 5.810 5.796 5.888 5.923 5.933 5.982 5.996 6.011 6.040 6.064 6.092 6.115 6.124 6.132 6.138 6.125 6.145 6.139 6.099 6.128 6.240 6.253 6.265 6.293 6.334 22.686 42.330 44.178 55.553 55.553 55.553 55.553 55.553 55.553 55.553 55.553 55.553 55.553 55.553 43.529 4.155 5.761 5.500 4.238 1.790 5.358 5.562 3.688 3.953 5.752 5.765 5.771 5.749 5.775 5.748 5.756 5.767 5.748 5.615 5.672 5.646 3.685 3.137 4.497 3.091 3.659 4.518 5.498 5.475 5.450 5.379 5.333 5.321
5.797 5.790 5.813 5.824 5.875 5.919 5.933 5.946 5.989 6.001 6.027 6.060 6.071 6.105 6.123 6.132 6.145 6.154 6.169 6.194 6.206 6.220 6.233 6.247 6.259 6.288 6.307 6.346 27.314 45.716 47.068 55.553 55.553 55.553 55.553 55.553 55.553 55.553 55.553 55.553 55.553 49.595 55.553 0.000 2.771 1.907 4.983 0.000 5.297 4.262 1.659 1.782 3.226 2.975 5.743 5.723 5.723 5.724 5.743 5.731 5.702 5.637 5.616 5.599 5.575 5.524 5.510 5.489 5.472 5.498 5.479 5.458 5.414 5.375 5.363 5.324
5.813 5.809 5.823 5.817 5.887 5.943 5.953 5.963 5.989 6.001 6.022 6.059 6.069 6.093 6.115 6.124 6.131 6.157 6.164 6.186 6.202 6.224 6.236 6.250 6.269 6.285 6.311 8.053 27.436 42.221 50.003 55.553 55.553 55.553 55.553 55.553 55.553 55.553 55.553 55.553 47.985 31.018 0.000 0.000 2.147 4.753 3.933 3.567 5.137 2.757 2.158 1.746 0.000 1.837 2.581 5.639 5.702 5.698 5.723 4.039 3.499 4.951 5.592 5.575 5.524 5.498 5.468 5.446 5.425 5.401 5.423 5.392 5.389 5.357 2.423 1.442
