includes/estuary_coast/floodfiles/results/res.mxe
ncols         730
nrows         472
xllcorner     380617.130607
yllcorner     6542069.774949
cellsize      20.000000
NODATA_value  -9999.000000
[rows 174 to 202 of 472, columns 198 to 263 of 730]
3.593 3.593 3.593 3.593 3.593 3.592 3.592 3.592 3.592 3.592 3.592 3.592 3.591 3.591 3.591 3.591 3.591 3.591 3.591 3.590 3.590 3.590 3.590 3.590 3.591 3.591 3.591 3.591 3.591 3.591 3.591 3.591 3.591 3.591 3.591 3.591 3.591 3.591 3.591 3.591 3.591 3.593 3.598 3.599 3.600 3.601 3.602 3.602 3.604 3.608 3.609 3.610 3.611 3.613 3.614 3.616 3.617 3.619 3.622 3.626 3.629 3.632 3.634 3.637 3.641 3.644
-9999.000 -9999.000 3.593 3.593 3.592 3.592 3.592 3.592 3.592 3.592 3.592 3.591 3.591 3.591 3.591 3.591 3.591 3.591 3.590 3.590 3.590 3.590 3.590 3.590 3.590 3.591 3.591 3.591 3.591 3.591 3.591 3.591 3.591 3.591 3.591 3.591 3.591 3.591 3.591 3.591 3.592 3.594 3.598 3.599 3.600 3.601 3.601 3.602 3.605 3.608 3.609 3.610 3.611 3.613 3.614 3.616 3.618 3.621 3.624 3.627 3.631 3.634 3.637 3.641 3.644 3.646
3.973 -9999.000 -9999.000 -9999.000 3.592 3.592 3.592 3.592 3.592 3.592 3.592 3.591 3.591 3.591 3.591 3.591 3.591 3.591 3.590 3.590 3.590 3.590 3.590 3.590 3.590 3.590 3.590 3.591 3.591 3.590 3.590 3.591 3.591 3.591 3.591 3.591 3.591 3.591 3.591 3.592 3.593 3.595 3.598 3.599 3.600 3.601 3.601 3.602 3.605 3.608 3.609 3.610 3.611 3.613 3.616 3.618 3.620 3.623 3.626 3.629 3.633 3.639 3.642 3.646 3.649 3.653
3.973 3.973 3.973 -9999.000 -9999.000 -9999.000 3.592 3.592 3.592 3.592 3.592 3.591 3.591 3.591 3.591 3.591 3.591 3.590 3.590 3.590 3.590 3.590 3.590 3.590 3.590 3.590 3.590 3.590 3.590 3.590 3.590 3.591 3.591 3.591 3.591 3.591 3.591 3.591 3.592 3.592 3.593 3.595 3.597 3.599 3.600 3.601 3.602 3.603 3.606 3.608 3.609 3.610 3.611 3.614 3.617 3.619 3.621 3.624 3.627 3.630 3.636 3.642 3.646 3.651 3.655 3.658
3.973 3.973 3.973 3.973 3.973 -9999.000 -9999.000 3.592 3.592 3.592 3.591 3.591 3.591 3.591 3.591 3.591 3.591 3.590 3.590 3.590 3.590 3.590 3.590 3.590 3.590 3.590 3.590 3.590 3.590 3.590 3.590 3.590 3.591 3.591 3.591 3.591 3.591 3.591 3.592 3.593 3.593 3.595 3.597 3.599 3.600 3.601 3.602 3.604 3.606 3.608 3.609 3.610 3.612 3.615 3.618 3.620 3.622 3.625 3.627 3.633 3.640 3.645 3.649 3.653 3.657 3.663
3.973 3.973 3.973 3.973 3.973 3.973 -9999.000 -9999.000 -9999.000 3.591 3.591 3.591 3.591 3.591 3.591 3.591 3.590 3.590 3.590 3.590 3.590 3.590 3.590 3.590 3.590 3.590 3.590 3.590 3.590 3.590 3.590 3.590 3.590 3.590 3.591 3.591 3.591 3.591 3.592 3.593 3.593 3.595 3.597 3.599 3.600 3.601 3.602 3.604 3.606 3.607 3.609 3.611 3.612 3.615 3.619 3.620 3.623 3.625 3.628 3.635 3.642 3.647 3.652 3.656 3.661 3.667
3.973 3.973 3.973 3.973 3.973 3.972 3.972 3.972 -9999.000 -9999.000 -9999.000 3.591 3.591 3.591 3.591 3.590 3.590 3.590 3.590 3.590 3.590 3.590 3.590 3.590 3.590 3.590 3.590 3.590 3.590 3.590 3.590 3.590 3.590 3.590 3.590 3.590 3.591 3.591 3.592 3.593 3.593 3.595 3.597 3.598 3.600 3.601 3.602 3.604 3.606 3.607 3.609 3.611 3.612 3.616 3.619 3.621 3.623 3.626 3.630 3.637 3.645 3.650 3.655 3.659 3.664 3.670
3.973 3.973 3.973 3.972 3.972 3.972 3.972 3.972 3.970 3.969 -9999.000 -9999.000 -9999.000 3.591 3.591 3.590 3.590 3.590 3.590 3.590 3.589 3.590 3.590 3.590 3.590 3.590 3.590 3.590 3.590 3.590 3.590 3.590 3.590 3.590 3.590 3.590 3.591 3.591 3.592 3.593 3.594 3.595 3.597 3.598 3.600 3.601 3.602 3.604 3.606 3.607 3.609 3.611 3.613 3.616 3.619 3.621 3.624 3.627 3.631 3.639 3.647 3.653 3.658 3.663 3.669 3.674
3.973 3.973 3.972 3.972 3.972 3.972 3.971 3.970 3.969 3.968 3.968 3.968 -9999.000 -9999.000 -9999.000 3.590 3.590 3.590 3.590 3.589 3.589 3.590 3.590 3.590 3.590 3.590 3.590 3.590 3.590 3.590 3.590 3.590 3.590 3.590 3.590 3.590 3.591 3.591 3.592 3.593 3.594 3.595 3.597 3.598 3.599 3.601 3.602 3.604 3.606 3.608 3.609 3.611 3.613 3.616 3.620 3.622 3.625 3.628 3.633 3.641 3.649 3.655 3.662 3.668 3.673 3.678
3.972 3.972 3.972 3.972 3.972 3.971 3.970 3.969 3.968 3.968 3.968 3.968 3.968 3.967 -9999.000 -9999.000 -9999.000 3.590 3.590 3.589 3.589 3.590 3.590 3.590 3.590 3.590 3.590 3.590 3.590 3.590 3.590 3.590 3.590 3.590 3.590 3.590 3.590 3.591 3.592 3.593 3.594 3.595 3.597 3.598 3.599 3.601 3.602 3.604 3.607 3.608 3.609 3.611 3.613 3.616 3.620 3.622 3.625 3.630 3.634 3.643 3.652 3.659 3.665 3.670 3.676 3.681
3.972 3.972 3.972 3.972 3.971 3.971 3.970 3.969 3.968 3.968 3.968 3.968 3.967 3.967 3.966 3.966 -9999.000 -9999.000 3.736 3.589 3.589 3.589 3.590 3.590 3.590 3.590 3.590 3.590 3.590 3.590 3.590 3.590 3.590 3.590 3.590 3.590 3.591 3.591 3.592 3.593 3.594 3.595 3.597 3.598 3.600 3.601 3.602 3.605 3.607 3.608 3.610 3.611 3.613 3.617 3.621 3.623 3.626 3.631 3.636 3.645 3.655 3.661 3.668 3.673 3.678 3.683
3.972 3.972 3.971 3.971 3.971 3.971 3.970 3.969 3.968 3.968 3.968 3.968 3.967 3.967 3.966 3.966 3.964 3.962 3.894 3.830 3.763 3.589 3.589 3.590 3.590 3.590 3.590 3.590 3.590 3.590 3.590 3.590 3.590 3.590 3.590 3.590 3.591 3.592 3.592 3.593 3.594 3.595 3.597 3.599 3.600 3.601 3.603 3.605 3.607 3.608 3.610 3.611 3.613 3.617 3.621 3.623 3.627 3.632 3.637 3.648 3.659 3.664 3.669 3.674 3.679 3.684
3.972 3.972 3.971 3.971 3.971 3.971 3.970 3.969 3.968 3.968 3.968 3.967 3.967 3.967 3.966 3.966 3.965 3.962 3.956 3.953 3.894 3.832 3.766 3.590 3.590 3.590 3.590 3.590 3.590 3.590 3.589 3.589 3.589 3.590 3.590 3.590 3.591 3.592 3.592 3.593 3.594 3.594 3.597 3.599 3.600 3.601 3.603 3.605 3.607 3.608 3.610 3.611 3.613 3.617 3.621 3.623 3.627 3.633 3.639 3.650 3.660 3.665 3.669 3.798 3.837 3.848
3.972 3.971 3.971 3.971 3.971 3.970 3.970 3.969 3.969 3.968 3.968 3.967 3.967 3.967 3.966 3.966 3.965 3.962 3.959 3.956 3.953 3.951 3.892 3.832 3.767 3.589 3.589 3.589 3.589 3.589 3.589 3.589 3.589 3.589 3.590 3.590 3.591 3.591 3.592 3.593 3.593 3.594 3.596 3.599 3.600 3.601 3.603 3.605 3.607 3.608 3.609 3.611 3.614 3.618 3.621 3.624 3.627 3.784 3.819 3.837 3.845 3.853 3.865 3.895 3.935 3.936
3.971 3.971 3.971 3.971 3.970 3.970 3.970 3.969 3.969 3.968 3.968 3.967 3.967 3.967 3.966 3.966 3.965 3.963 3.960 3.957 3.955 3.954 3.949 3.946 3.892 3.834 3.770 3.589 3.589 3.589 3.589 3.589 3.589 3.589 3.589 3.590 3.591 3.591 3.592 3.593 3.593 3.594 3.596 3.599 3.600 3.601 3.603 3.605 3.607 3.608 3.609 3.770 3.818 3.830 3.837 3.844 3.856 3.890 3.928 3.935 3.936 3.938 3.938 3.938 3.938 3.938
3.971 3.971 3.971 3.970 3.970 3.970 3.969 3.969 3.969 3.968 3.967 3.967 3.967 3.966 3.966 3.966 3.965 3.963 3.961 3.959 3.957 3.955 3.953 3.951 3.951 3.951 3.895 3.840 3.782 3.589 3.589 3.589 3.589 3.589 3.589 3.590 3.590 3.591 3.592 3.592 3.593 3.594 3.759 3.804 3.816 3.825 3.831 3.834 3.837 3.842 3.854 3.891 3.935 3.937 3.938 3.938 3.939 3.940 3.940 3.940 3.940 3.940 3.940 3.939 3.939 3.939
3.971 3.971 3.970 3.970 3.970 3.969 3.969 3.969 3.968 3.968 3.967 3.967 3.967 3.966 3.966 3.966 3.965 3.964 3.962 3.961 3.959 3.958 3.956 3.955 3.953 3.953 3.953 3.952 3.906 3.864 3.851 3.847 3.845 3.845 3.844 3.844 3.844 3.843 3.843 3.844 3.844 3.853 3.892 3.940 3.940 3.939 3.943 3.943 3.943 3.942 3.942 3.942 3.942 3.942 3.943 3.943 3.943 3.942 3.942 3.942 3.941 3.941 3.940 3.940 3.939 3.939
3.971 3.971 3.970 3.970 3.970 3.969 3.969 3.968 3.968 3.968 3.967 3.967 3.967 3.966 3.966 3.965 3.965 3.964 3.963 3.962 3.960 3.959 3.959 3.958 3.956 3.956 3.955 3.955 3.955 3.955 3.955 3.955 3.954 3.954 3.953 3.953 3.952 3.952 3.951 3.947 3.946 3.946 3.946 3.946 3.946 3.946 3.946 3.945 3.946 3.946 3.946 3.945 3.945 3.945 3.945 3.944 3.944 3.943 3.942 3.942 3.941 3.941 3.940 3.940 3.939 3.939
3.971 3.970 3.970 3.970 3.969 3.969 3.969 3.968 3.968 3.968 3.967 3.967 3.966 3.966 3.966 3.965 3.965 3.964 3.964 3.963 3.963 3.961 3.960 3.959 3.958 3.958 3.957 3.957 3.956 3.956 3.956 3.955 3.955 3.955 3.954 3.954 3.953 3.953 3.952 3.950 3.949 3.948 3.948 3.948 3.948 3.948 3.948 3.948 3.947 3.947 3.947 3.947 3.946 3.946 3.945 3.944 3.944 3.943 3.943 3.942 3.941 3.941 3.940 3.940 3.939 3.939
3.971 3.970 3.970 3.970 3.969 3.969 3.969 3.968 3.968 3.967 3.967 3.967 3.966 3.966 3.966 3.965 3.965 3.964 3.964 3.964 3.963 3.963 3.962 3.961 3.961 3.960 3.959 3.959 3.958 3.957 3.957 3.956 3.956 3.956 3.955 3.955 3.955 3.954 3.953 3.953 3.952 3.951 3.951 3.950 3.950 3.950 3.949 3.949 3.948 3.948 3.947 3.947 3.946 3.946 3.945 3.945 3.944 3.943 3.943 3.942 3.941 3.941 3.940 3.940 3.939 3.939
3.970 3.970 3.970 3.970 3.969 3.969 3.969 3.968 3.968 3.967 3.967 3.967 3.966 3.966 3.966 3.965 3.965 3.964 3.964 3.964 3.963 3.963 3.962 3.962 3.961 3.961 3.960 3.960 3.959 3.959 3.958 3.958 3.957 3.956 3.956 3.956 3.955 3.955 3.954 3.954 3.953 3.952 3.952 3.951 3.951 3.950 3.950 3.949 3.949 3.948 3.947 3.947 3.946 3.946 3.945 3.945 3.944 3.943 3.943 3.942 3.942 3.941 3.940 3.940 3.939 3.939
3.970 3.970 3.970 3.969 3.969 3.969 3.968 3.968 3.968 3.967 3.967 3.967 3.966 3.966 3.966 3.965 3.965 3.964 3.964 3.964 3.963 3.963 3.962 3.962 3.961 3.961 3.960 3.960 3.959 3.959 3.958 3.958 3.957 3.957 3.956 3.956 3.955 3.955 3.954 3.954 3.953 3.952 3.952 3.951 3.951 3.950 3.950 3.949 3.949 3.948 3.947 3.947 3.946 3.946 3.945 3.945 3.944 3.943 3.943 3.942 3.942 3.941 3.940 3.940 3.939 3.939
3.970 3.970 3.970 3.969 3.969 3.969 3.968 3.968 3.968 3.967 3.967 3.967 3.966 3.966 3.966 3.965 3.965 3.964 3.964 3.964 3.963 3.963 3.962 3.962 3.961 3.961 3.960 3.960 3.959 3.959 3.958 3.958 3.957 3.957 3.956 3.956 3.955 3.955 3.954 3.954 3.953 3.952 3.952 3.951 3.951 3.950 3.950 3.949 3.949 3.948 3.948 3.947 3.946 3.946 3.945 3.945 3.944 3.943 3.943 3.942 3.942 3.941 3.940 3.940 3.939 3.939
3.970 3.970 3.970 3.969 3.969 3.969 3.968 3.968 3.968 3.967 3.967 3.967 3.966 3.966 3.965 3.965 3.965 3.964 3.964 3.964 3.963 3.963 3.962 3.962 3.961 3.961 3.960 3.960 3.959 3.959 3.958 3.958 3.957 3.957 3.956 3.956 3.955 3.955 3.954 3.954 3.953 3.952 3.952 3.951 3.951 3.950 3.950 3.949 3.949 3.948 3.948 3.947 3.946 3.946 3.945 3.945 3.944 3.944 3.943 3.942 3.942 3.941 3.940 3.940 3.939 3.939
3.970 3.970 3.970 3.969 3.969 3.969 3.968 3.968 3.968 3.967 3.967 3.967 3.966 3.966 3.965 3.965 3.965 3.964 3.964 3.964 3.963 3.963 3.962 3.962 3.961 3.961 3.960 3.960 3.959 3.959 3.958 3.958 3.957 3.957 3.956 3.956 3.955 3.955 3.954 3.954 3.953 3.952 3.952 3.951 3.951 3.950 3.950 3.949 3.949 3.948 3.948 3.947 3.946 3.946 3.945 3.945 3.944 3.944 3.943 3.942 3.942 3.941 3.941 3.940 3.939 3.939
3.970 3.970 3.969 3.969 3.969 3.969 3.968 3.968 3.968 3.967 3.967 3.966 3.966 3.966 3.965 3.965 3.965 3.964 3.964 3.964 3.963 3.963 3.962 3.962 3.961 3.961 3.960 3.960 3.959 3.959 3.958 3.958 3.957 3.957 3.956 3.956 3.955 3.955 3.954 3.954 3.953 3.952 3.952 3.951 3.951 3.950 3.950 3.949 3.949 3.948 3.948 3.947 3.946 3.946 3.945 3.945 3.944 3.944 3.943 3.942 3.942 3.941 3.941 3.940 3.940 3.939
3.970 3.970 3.969 3.969 3.969 3.968 3.968 3.968 3.968 3.967 3.967 3.966 3.966 3.966 3.965 3.965 3.965 3.964 3.964 3.964 3.963 3.963 3.962 3.962 3.961 3.961 3.960 3.960 3.959 3.959 3.958 3.958 3.957 3.957 3.956 3.956 3.955 3.955 3.954 3.954 3.953 3.952 3.952 3.951 3.951 3.950 3.950 3.949 3.949 3.948 3.948 3.947 3.946 3.946 3.945 3.945 3.944 3.944 3.943 3.942 3.942 3.941 3.941 3.940 3.940 3.939
3.970 3.970 3.969 3.969 3.969 3.968 3.968 3.968 3.967 3.967 3.967 3.966 3.966 3.966 3.965 3.965 3.965 3.964 3.964 3.964 3.963 3.963 3.962 3.962 3.961 3.961 3.960 3.960 3.959 3.959 3.958 3.958 3.957 3.957 3.956 3.956 3.955 3.955 3.954 3.954 3.953 3.952 3.952 3.951 3.951 3.950 3.950 3.949 3.949 3.948 3.948 3.947 3.947 3.946 3.945 3.945 3.944 3.944 3.943 3.942 3.942 3.941 3.941 3.940 3.940 3.939
3.970 3.970 3.969 3.969 3.969 3.968 3.968 3.968 3.967 3.967 3.967 3.966 3.966 3.966 3.965 3.965 3.965 3.964 3.964 3.964 3.963 3.963 3.962 3.962 3.961 3.961 3.960 3.960 3.959 3.959 3.958 3.958 3.957 3.957 3.956 3.956 3.955 3.955 3.954 3.954 3.953 3.952 3.952 3.951 3.951 3.950 3.950 3.949 3.949 3.948 3.948 3.947 3.947 3.946 3.945 3.945 3.944 3.944 3.943 3.943 3.942 3.941 3.941 3.940 3.940 3.939
