includes/estuary_coast/floodfiles/results/res.totaltm
ncols         730
nrows         472
xllcorner     380617.130607059982140
yllcorner     6542069.774948899634182
cellsize      20.000000000000000
NODATA_value  -9999.000000
[rows 170 to 203 of 472, columns 228 to 303 of 730]
5.581 5.582 5.564 5.613 5.615 5.616 5.636 5.636 5.643 5.642 5.653 5.616 5.559 5.659 5.678 5.686 5.688 5.695 5.691 5.577 5.708 5.717 5.717 5.726 5.737 5.749 5.753 5.760 5.724 5.642 5.739 5.755 5.750 5.739 5.715 5.706 5.706 5.722 5.732 5.738 5.734 5.749 5.760 5.765 5.763 5.733 5.711 5.778 5.783 5.730 5.773 5.782 5.774 5.757 5.733 5.687 5.677 5.658 5.652 5.661 5.629 5.618 5.605 5.590 5.572 5.609 5.579 5.552 5.531 5.572 5.602 5.641 5.660 5.635 5.664 5.694
5.587 5.589 5.565 5.619 5.632 5.636 5.647 5.657 5.654 5.652 5.662 5.635 4.308 5.606 5.682 5.708 5.697 5.705 5.707 5.591 5.722 5.724 5.730 5.736 5.750 5.757 5.763 5.770 5.759 5.609 5.738 5.768 5.759 5.757 5.742 5.713 5.722 5.729 5.744 5.748 5.755 5.803 5.783 5.776 5.776 5.766 5.751 5.675 5.800 5.748 5.781 5.794 5.784 5.766 5.758 5.708 5.695 5.688 5.677 5.677 5.603 5.616 5.607 5.597 5.584 5.622 5.617 5.524 5.579 5.569 5.478 5.647 5.704 5.703 5.719 5.727
5.599 5.607 5.613 5.632 5.640 5.649 5.666 5.668 5.670 5.673 5.684 5.644 5.576 5.585 5.600 5.718 5.715 5.714 5.718 5.704 5.732 5.739 5.737 5.746 5.758 5.776 5.771 5.779 5.703 5.749 5.768 5.777 5.791 5.768 5.750 5.719 5.728 5.749 5.754 5.762 5.729 5.816 5.807 5.799 5.786 5.779 5.784 5.768 5.817 5.782 5.817 5.823 5.804 5.794 5.763 5.710 5.721 5.698 5.697 5.684 5.587 5.628 5.617 5.615 5.617 5.645 5.630 5.516 5.594 5.612 5.706 5.711 5.725 5.725 5.746 5.745
5.613 5.605 5.636 5.646 5.653 5.662 5.688 5.708 5.680 5.681 5.697 5.622 5.583 5.712 5.720 5.741 5.734 5.725 5.727 5.735 5.740 5.746 5.753 5.761 5.767 5.791 5.782 5.787 5.793 5.786 5.783 5.814 5.804 5.789 5.716 5.725 5.756 5.786 5.766 5.780 5.800 5.829 5.820 5.811 5.804 5.797 5.797 5.826 5.833 5.847 5.827 5.836 5.815 5.742 5.781 5.734 5.731 5.727 5.714 5.701 5.615 5.650 5.627 5.624 5.640 5.655 5.576 5.600 5.694 5.725 5.727 5.727 5.747 3.460 3.315 3.284
5.630 5.622 5.616 5.657 5.665 5.676 5.709 5.719 5.709 5.718 5.711 5.633 5.705 5.721 5.736 5.754 5.745 5.738 5.691 5.765 5.776 5.757 5.759 5.776 5.794 5.804 5.791 5.798 5.806 5.791 5.795 5.824 5.816 5.760 5.771 5.776 5.797 5.801 5.782 5.804 5.818 5.841 5.833 5.822 5.817 5.815 5.762 5.861 5.818 5.863 5.863 5.849 5.806 5.800 5.791 5.753 5.742 5.737 5.725 5.713 4.510 5.663 5.652 5.678 5.663 5.707 5.711 5.729 5.728 5.748 5.164 3.456 3.310 3.268 7.449 11.171
5.637 5.647 5.656 5.664 5.600 5.680 5.684 5.726 5.716 5.730 5.725 5.590 5.718 5.729 5.746 5.762 5.753 5.748 5.715 5.773 5.788 5.773 5.785 5.790 5.804 5.815 5.796 5.780 5.818 5.827 5.835 5.833 5.824 5.757 5.796 5.796 5.809 5.813 5.768 5.799 5.814 5.857 5.842 5.831 5.828 5.828 5.856 5.873 5.887 5.875 5.876 5.859 5.812 5.824 5.792 5.767 5.763 5.766 5.726 5.662 5.648 5.678 5.673 5.704 5.698 5.727 5.731 5.749 3.442 3.307 3.275 3.263 11.151 12.392 13.282 12.596
5.656 5.655 5.626 5.693 5.715 5.728 5.736 5.748 5.753 5.740 5.736 5.740 5.728 5.743 5.757 5.781 5.770 5.756 5.764 5.791 5.795 5.772 5.797 5.733 5.784 5.826 5.806 5.818 5.813 5.836 5.842 5.861 5.874 5.766 5.809 5.785 5.837 5.826 5.814 5.803 5.840 5.871 5.851 5.844 5.849 5.856 5.925 5.859 5.904 5.902 5.905 5.882 5.826 5.833 5.826 5.699 5.815 5.805 5.767 5.643 5.624 5.691 5.656 5.731 5.751 4.599 3.430 3.285 3.251 4.103 12.224 12.572 13.169 13.893 14.844 18.573
5.664 5.669 5.687 5.692 5.727 5.735 5.749 5.757 5.767 5.784 5.791 5.753 5.719 5.745 5.757 5.788 5.779 5.761 5.786 5.801 5.836 5.793 5.807 5.737 5.804 5.843 5.831 5.837 5.836 5.852 5.846 5.870 5.906 5.896 5.886 5.881 5.890 5.119 3.852 5.807 5.814 5.878 5.895 5.850 5.813 5.926 5.938 5.916 5.919 5.922 5.916 5.888 5.868 5.864 5.827 5.740 5.826 5.797 5.782 5.656 5.736 5.737 5.753 3.414 3.271 3.246 3.236 11.993 12.022 12.650 13.846 14.535 17.640 19.676 21.778 35.641
5.683 5.689 5.704 5.712 5.727 5.736 5.759 5.770 5.782 5.806 5.804 5.764 5.772 5.804 5.820 5.819 5.820 5.784 5.834 5.835 5.847 5.859 5.844 5.829 5.864 5.861 5.854 5.858 5.855 5.865 5.907 5.889 5.918 5.905 5.894 5.872 5.913 5.901 5.910 5.910 5.913 5.925 5.903 5.866 5.890 5.888 5.948 5.931 5.986 5.972 5.932 5.900 5.779 5.877 5.890 5.834 5.835 5.807 5.797 5.783 5.756 3.393 3.253 3.220 7.686 12.646 13.150 13.201 14.217 16.235 18.985 20.982 36.792 35.075 40.893 43.659
5.678 5.684 5.709 5.716 5.733 5.752 5.762 5.781 5.785 5.820 5.843 5.769 5.821 5.835 5.860 5.836 5.831 5.833 5.866 5.856 5.861 5.870 5.861 5.844 5.877 5.875 5.863 5.869 5.856 5.868 5.918 5.916 5.928 5.924 5.918 5.931 5.933 5.892 5.919 5.922 5.928 5.936 5.955 5.965 5.899 6.003 6.016 6.070 6.002 5.935 5.833 5.875 5.922 5.920 5.898 5.888 5.878 5.837 3.333 3.200 3.179 3.200 11.259 12.370 13.319 13.991 15.681 18.834 20.761 22.783 40.613 39.869 40.924 43.389 44.586 46.101
5.675 5.660 5.714 5.722 5.752 5.762 5.761 5.795 5.805 5.831 5.850 5.823 5.867 5.870 5.876 5.856 5.846 5.871 5.878 5.867 5.875 5.888 5.892 5.869 5.909 5.902 5.897 5.893 5.894 5.870 5.932 5.912 5.942 5.937 5.935 5.943 5.946 5.957 5.962 5.961 5.969 5.967 5.969 5.979 5.983 5.993 6.004 6.088 6.089 6.089 6.025 5.980 5.966 5.951 5.920 3.850 3.296 3.148 3.143 11.077 12.071 12.991 13.738 14.816 18.733 20.748 23.316 39.898 40.637 42.885 43.494 45.040 45.791 48.506 47.580 49.223
5.712 5.722 5.731 5.727 5.766 5.778 5.780 5.806 5.817 5.841 5.865 5.854 5.878 5.883 5.890 5.874 5.868 5.879 5.895 5.896 5.889 5.898 5.911 5.879 5.923 5.924 5.911 5.920 5.914 5.892 5.951 5.919 5.962 5.947 5.945 5.960 5.968 5.965 5.975 5.971 5.980 5.980 5.981 5.993 5.997 6.005 6.017 6.107 6.106 6.109 6.090 5.985 5.956 3.248 3.103 3.092 3.105 12.010 13.139 13.458 16.179 17.909 20.072 22.694 35.953 39.187 43.200 44.142 45.947 46.569 47.987 47.059 48.327 48.735 51.879 55.405
5.721 5.733 5.746 5.738 5.778 5.790 5.822 5.835 5.849 5.860 5.882 5.891 5.900 5.895 5.908 5.864 5.875 5.887 5.905 5.907 5.904 5.922 5.924 5.871 5.935 5.938 5.922 5.933 5.928 5.922 5.982 5.937 5.974 5.977 5.980 5.977 5.979 5.988 5.993 5.991 6.001 6.018 6.012 6.036 6.076 6.089 6.111 6.128 6.127 5.824 3.029 3.039 3.045 3.058 11.456 12.810 13.354 14.793 18.721 20.543 23.239 36.905 38.620 40.867 44.035 45.155 47.845 46.740 47.783 48.094 49.182 52.419 53.690 53.848 54.676 55.517
5.721 5.743 5.758 5.750 5.758 5.770 5.780 5.808 5.808 5.852 5.863 5.892 5.928 5.938 5.924 5.933 5.895 5.836 5.921 5.947 5.920 5.935 5.949 5.881 5.952 5.952 5.934 5.946 5.954 5.931 5.994 5.960 5.999 5.992 5.999 6.009 6.006 6.021 6.042 6.058 6.066 6.068 6.111 6.130 6.130 6.130 5.778 5.505 5.463 5.439 10.698 13.514 13.701 14.183 14.833 19.161 21.817 24.016 36.071 42.077 44.766 43.360 44.619 46.092 47.383 47.828 49.680 50.452 51.739 51.940 53.559 53.740 54.636 55.553 55.553 55.553
5.764 5.773 5.780 5.761 5.771 5.738 5.711 5.316 5.736 5.862 5.855 5.872 5.941 5.952 5.957 5.944 5.898 5.888 5.947 5.964 5.955 5.958 5.989 5.864 5.969 5.974 5.952 5.967 5.995 5.939 6.031 5.979 6.049 6.038 6.101 6.084 6.102 6.066 6.112 6.110 6.131 6.131 5.763 5.509 5.456 5.448 5.410 11.956 13.698 14.507 15.487 17.942 20.032 22.424 24.777 40.703 42.921 43.392 44.612 44.652 45.935 47.433 48.600 48.299 48.786 50.287 51.699 52.380 53.402 55.553 55.553 55.553 55.553 55.553 55.553 55.553
5.760 5.785 5.799 5.809 5.835 5.851 5.876 5.895 5.914 5.947 5.961 5.882 5.896 5.982 6.004 5.968 5.891 5.967 5.962 6.009 5.968 6.004 6.006 5.913 6.013 6.022 6.006 6.014 6.060 5.952 6.080 6.078 6.110 6.109 6.131 6.131 6.130 6.132 6.129 5.749 5.500 5.447 5.407 8.588 12.056 13.513 14.700 15.763 19.517 22.404 23.930 26.415 34.213 42.904 43.619 44.869 45.812 46.942 50.565 49.123 53.649 50.791 51.712 53.715 53.950 55.366 55.553 55.553 55.553 55.553 55.553 55.553 55.553 55.553 55.553 55.553
5.785 5.786 5.809 5.822 5.837 5.851 5.868 5.890 5.933 5.966 5.981 5.985 5.823 6.052 6.080 6.055 6.070 6.005 6.040 6.066 6.074 6.069 6.064 6.095 6.104 6.063 6.077 6.091 6.110 6.132 6.132 6.132 6.131 5.725 5.550 5.505 5.465 5.426 5.416 5.396 6.790 9.729 15.020 14.995 17.290 20.476 23.224 26.198 27.622 42.202 43.441 44.322 44.856 46.747 48.555 55.553 49.288 50.069 52.479 52.551 53.420 53.340 54.036 54.440 55.553 55.553 55.553 55.553 55.553 55.553 55.553 55.553 55.553 55.553 55.553 55.553
5.816 5.821 5.841 5.854 5.880 5.907 5.929 5.957 5.978 6.014 6.051 6.072 5.896 6.111 6.108 6.081 6.107 6.107 6.105 6.088 6.101 6.105 6.130 6.129 6.129 6.130 6.130 5.817 5.888 5.554 5.513 5.477 5.444 5.430 5.801 5.734 5.901 10.463 13.127 14.462 15.463 19.216 22.188 24.443 27.277 35.905 43.068 45.301 44.210 45.234 46.875 48.170 49.887 49.035 49.611 51.232 51.291 52.098 53.487 55.553 55.553 55.553 55.553 55.553 55.553 55.553 55.553 55.553 55.553 55.553 55.553 55.553 55.553 55.553 55.553 55.553
5.839 5.841 5.844 5.854 5.891 5.896 5.949 5.973 6.007 6.025 6.077 6.093 6.108 6.135 6.135 6.108 6.132 6.133 6.133 6.132 6.132 5.698 5.529 5.499 5.505 5.505 5.557 5.625 4.452 6.058 5.627 5.747 5.896 8.256 10.771 13.264 15.059 18.058 21.185 23.814 25.934 34.305 39.476 43.180 43.902 45.195 47.301 46.848 47.261 47.870 48.364 49.120 50.142 51.250 52.108 53.539 54.250 55.553 55.553 55.553 55.553 55.553 55.553 55.553 55.553 55.553 55.553 55.553 55.553 55.553 55.553 55.553 55.553 55.553 55.553 55.553
5.867 5.866 5.866 5.879 5.911 5.927 5.941 5.962 5.974 6.067 6.088 6.134 5.634 5.418 5.465 5.893 5.430 5.362 5.373 5.463 5.478 5.421 6.314 6.361 5.763 5.918 5.599 5.843 5.745 5.933 9.835 12.415 14.535 15.729 20.258 22.903 25.037 27.697 37.700 43.010 44.698 45.016 46.710 48.095 48.278 49.090 48.205 51.578 51.456 51.910 50.927 53.917 53.120 54.014 54.374 55.186 55.553 55.553 55.553 55.553 55.553 55.553 55.553 55.553 55.553 55.553 55.553 55.553 55.553 55.553 55.553 55.553 55.553 55.553 55.553 55.553
3.254 3.254 3.254 3.254 3.254 3.254 3.254 3.255 3.258 3.282 5.943 5.431 5.292 6.023 5.878 3.124 9.342 30.003 7.317 5.769 5.658 5.864 4.983 6.380 5.979 6.039 9.438 9.719 13.437 14.675 19.649 22.726 24.903 27.474 36.292 41.901 43.525 44.474 45.666 46.658 47.874 49.422 51.254 50.508 50.787 52.804 55.553 53.549 54.007 54.795 55.061 54.708 54.902 55.553 55.553 55.553 55.553 55.553 55.553 55.553 55.553 55.553 55.553 55.553 55.553 55.553 55.553 55.553 55.553 55.553 55.553 55.553 55.553 55.553 55.553 55.553
29.766 29.811 29.936 29.933 29.892 29.787 29.754 29.676 29.640 4.244 4.099 29.944 8.606 19.899 8.226 20.247 14.599 16.579 30.022 4.781 5.664 5.847 5.641 9.077 13.216 15.382 19.750 22.484 25.289 27.557 36.453 41.261 43.730 44.996 47.067 46.075 47.236 50.111 50.402 54.264 53.508 54.078 54.579 55.353 55.553 55.553 55.553 55.553 55.553 55.553 55.553 55.553 55.553 55.553 55.553 55.553 55.553 55.553 55.553 55.553 55.553 55.553 55.553 55.553 55.553 55.553 55.553 55.553 55.553 55.553 55.553 55.553 55.553 55.553 55.553 55.553
29.814 29.851 29.981 29.978 29.935 29.682 29.561 29.538 29.503 3.076 4.326 30.054 30.080 30.161 27.773 30.292 11.296 3.929 4.304 5.590 10.871 15.283 20.137 23.048 25.295 27.857 37.033 43.184 43.259 45.231 44.323 46.898 47.753 48.442 48.910 50.839 55.553 53.410 55.323 55.553 55.553 55.553 55.553 55.553 55.553 55.553 55.553 55.553 55.553 55.553 55.553 55.553 55.553 55.553 55.553 55.553 55.553 55.553 55.553 55.553 55.553 55.553 55.553 55.553 55.553 55.553 55.553 55.553 55.553 55.553 55.553 55.553 55.553 55.553 55.553 55.553
29.670 8.857 30.026 30.081 5.024 3.962 3.784 3.553 3.647 4.042 4.518 3.914 3.650 3.858 4.505 14.699 13.473 20.348 21.951 24.561 26.618 34.667 38.522 43.315 47.484 45.504 45.315 46.219 47.109 47.015 48.968 48.148 52.816 55.553 55.553 55.553 55.553 55.553 55.553 55.553 55.553 55.553 55.553 55.553 55.553 55.553 55.553 55.553 55.553 55.553 55.553 55.553 55.553 55.553 55.553 55.553 55.553 55.553 55.553 55.553 55.553 55.553 55.553 55.553 55.553 55.553 55.553 55.553 55.553 55.553 55.553 55.553 55.553 55.553 55.553 55.553
3.625 3.758 3.789 17.523 5.396 7.590 7.849 8.731 10.442 8.382 12.255 17.539 20.271 22.643 24.976 27.881 32.373 38.223 41.591 44.661 43.908 44.676 46.481 47.959 48.284 51.648 49.578 49.913 49.980 52.286 51.017 54.822 54.515 55.553 55.553 55.553 55.553 55.553 55.553 55.553 55.553 55.553 55.553 55.553 55.553 55.553 55.553 55.553 55.553 55.553 55.553 55.553 55.553 55.553 55.553 55.553 55.553 55.553 55.553 55.553 55.553 55.553 55.553 55.553 55.553 55.553 55.553 55.553 55.553 55.553 55.553 55.553 55.553 55.553 55.553 55.553
20.219 16.959 21.978 26.001 24.826 25.090 24.735 25.401 26.331 27.596 34.687 36.738 40.151 43.456 44.433 46.292 44.760 48.491 46.806 48.630 55.553 50.377 51.688 52.882 54.011 51.953 51.878 52.076 53.563 54.399 54.863 55.553 55.553 55.553 55.553 55.553 55.553 55.553 55.553 55.553 55.553 55.553 55.553 55.553 55.553 55.553 55.553 55.553 55.553 55.553 55.553 55.553 55.553 55.553 55.553 55.553 55.553 55.553 55.553 55.553 55.553 55.553 55.553 55.553 55.553 55.553 55.553 55.553 55.553 55.553 55.553 55.553 55.553 55.553 55.553 55.553
43.384 43.746 43.199 45.185 44.751 44.199 45.964 43.640 45.569 44.450 45.107 46.360 51.968 48.429 47.969 48.582 52.034 51.348 55.553 54.516 53.840 53.922 54.790 54.771 54.569 55.553 55.449 55.553 55.553 55.553 55.553 55.553 55.553 55.553 55.553 55.553 55.553 55.553 55.553 55.553 55.553 55.553 55.553 55.553 55.553 55.553 55.553 55.553 55.553 55.553 55.553 55.553 55.553 55.553 55.553 55.553 55.553 55.553 55.553 55.553 55.553 55.553 55.553 55.553 55.553 55.553 55.553 55.553 55.553 55.553 55.553 55.553 55.553 55.553 55.553 55.553
50.241 46.888 47.384 53.049 47.078 48.179 47.668 49.686 50.471 49.995 55.553 51.561 52.899 55.553 55.553 55.511 55.553 55.553 55.553 55.553 55.553 55.553 55.553 55.553 55.553 55.553 55.553 55.553 55.553 55.553 55.553 55.553 55.553 55.553 55.553 55.553 55.553 55.553 55.553 55.553 55.553 55.553 55.553 55.553 55.553 55.553 55.553 55.553 55.553 55.553 55.553 55.553 55.553 55.553 55.553 55.553 55.553 55.553 55.553 55.553 55.553 55.553 55.553 55.553 55.553 55.553 55.553 55.553 55.553 55.553 55.553 55.553 55.553 55.553 55.553 55.553
50.535 51.667 50.549 52.968 52.894 54.815 53.399 55.553 54.162 55.553 55.040 55.553 55.553 55.553 55.553 55.553 55.553 55.553 55.553 55.553 55.553 55.553 55.553 55.553 55.553 55.553 55.553 55.553 55.553 55.553 55.553 55.553 55.553 55.553 55.553 55.553 55.553 55.553 55.553 55.553 55.553 55.553 55.553 55.553 55.553 55.553 55.553 55.553 55.553 55.553 55.553 55.553 55.553 55.553 55.553 55.553 55.553 55.553 55.553 55.553 55.553 55.553 55.553 55.553 55.553 55.553 55.553 55.553 55.553 55.553 55.553 55.553 55.553 55.553 55.553 55.553
55.553 55.553 55.553 55.553 55.553 55.553 55.553 55.553 55.553 55.553 55.553 55.553 55.553 55.553 55.553 55.553 55.553 55.553 55.553 55.553 55.553 55.553 55.553 55.553 55.553 55.553 55.553 55.553 55.553 55.553 55.553 55.553 55.553 55.553 55.553 55.553 55.553 55.553 55.553 55.553 55.553 55.553 55.553 55.553 55.553 55.553 55.553 55.553 55.553 55.553 55.553 55.553 55.553 55.553 55.553 55.553 55.553 55.553 55.553 55.553 55.553 55.553 55.553 55.553 55.553 55.553 55.553 55.553 55.553 55.553 55.553 55.553 55.553 55.553 55.553 55.553
55.553 55.553 55.553 55.553 55.553 55.553 55.553 55.553 55.553 55.553 55.553 55.553 55.553 55.553 55.553 55.553 55.553 55.553 55.553 55.553 55.553 55.553 55.553 55.553 55.553 55.553 55.553 55.553 55.553 55.553 55.553 55.553 55.553 55.553 55.553 55.553 55.553 55.553 55.553 55.553 55.553 55.553 55.553 55.553 55.553 55.553 55.553 55.553 55.553 55.553 55.553 55.553 55.553 55.553 55.553 55.553 55.553 55.553 55.553 55.553 55.553 55.553 55.553 55.553 55.553 55.553 55.553 55.553 55.553 55.553 55.553 55.553 55.553 55.553 55.553 55.553
55.553 55.553 55.553 55.553 55.553 55.553 55.553 55.553 55.553 55.553 55.553 55.553 55.553 55.553 55.553 55.553 55.553 55.553 55.553 55.553 55.553 55.553 55.553 55.553 55.553 55.553 55.553 55.553 55.553 55.553 55.553 55.553 55.553 55.553 55.553 55.553 55.553 55.553 55.553 55.553 55.553 55.553 55.553 55.553 55.553 55.553 55.553 55.553 55.553 55.553 55.553 55.553 55.553 55.553 55.553 55.553 55.553 55.553 55.553 55.553 55.553 55.553 55.553 55.553 55.553 55.553 55.553 55.553 55.553 55.553 55.553 54.651 55.368 54.299 54.317 54.209
55.553 55.553 55.553 55.553 55.553 55.553 55.553 55.553 55.553 55.553 55.553 55.553 55.553 55.553 55.553 55.553 55.553 55.553 55.553 55.553 55.553 55.553 55.553 55.553 55.553 55.553 55.553 55.553 55.553 55.553 55.553 55.553 55.553 55.553 55.553 55.553 55.553 55.553 55.553 55.553 55.553 55.553 55.553 55.553 55.553 55.553 55.553 55.553 55.553 55.553 55.553 55.553 55.553 55.553 55.553 55.553 55.553 55.553 55.553 55.553 55.553 55.553 55.553 55.553 55.553 55.553 55.553 55.455 55.072 55.511 53.266 52.740 51.655 54.135 53.143 55.553
55.553 55.553 55.553 55.553 55.553 55.553 55.553 55.553 55.553 55.553 55.553 55.553 55.553 55.553 55.553 55.553 55.553 55.553 55.553 55.553 55.553 55.553 55.553 55.553 55.553 55.553 55.553 55.553 55.553 55.553 55.553 55.553 55.553 55.553 55.553 55.553 55.553 55.553 55.553 55.553 55.553 55.553 55.553 55.553 55.553 55.553 55.553 55.553 55.553 55.553 55.553 55.553 55.553 55.553 55.553 55.553 55.553 55.553 55.553 55.553 55.553 55.553 55.553 55.553 55.553 53.635 51.474 50.707 53.434 55.553 52.430 50.601 49.371 50.636 48.002 49.627
