includes/estuary_coast/floodfiles/results/res.totaltm
ncols         730
nrows         472
xllcorner     380617.130607
yllcorner     6542069.774949
cellsize      20.000000
NODATA_value  -9999.000000
[rows 136 to 169 of 472, columns 152 to 227 of 730]
55.553 55.553 55.553 53.728 49.506 46.430 44.567 27.349 25.150 25.195 25.338 23.998 22.141 21.627 20.427 19.765 16.948 12.170 3.588 2.046 5.546 5.527 5.495 5.483 5.474 5.448 5.429 5.418 5.410 5.387 5.380 5.369 5.363 5.354 5.341 5.305 5.306 5.295 5.286 5.276 5.270 5.245 5.238 5.232 5.205 5.186 5.178 5.150 5.144 5.133 5.127 5.112 5.102 5.078 5.065 5.048 5.020 5.003 4.994 4.986 4.970 4.947 4.913 4.909 4.839 4.826 4.868 4.861 4.849 4.844 4.835 4.820 4.812 4.797 4.789 4.776
55.553 55.553 55.553 54.887 50.689 47.815 46.566 34.624 26.170 25.538 24.574 22.315 21.273 23.428 20.207 19.623 19.674 12.385 3.855 2.044 5.545 5.527 5.492 5.473 5.465 5.441 5.432 5.422 5.410 5.404 5.387 5.375 5.369 5.357 5.347 5.339 5.312 5.307 5.242 5.253 5.242 5.240 5.235 5.217 5.203 5.195 5.157 5.092 5.077 5.127 5.110 5.105 5.092 5.078 5.060 5.030 5.020 5.005 4.994 4.952 4.928 4.919 4.910 4.903 4.890 4.886 4.878 4.866 4.855 4.847 4.836 4.828 4.803 4.798 4.788 4.782
55.553 55.553 55.553 54.453 52.631 50.332 48.228 45.618 27.245 26.426 28.280 29.390 27.980 28.906 21.976 19.922 17.784 14.087 9.105 1.952 2.007 5.509 5.490 5.468 5.454 5.442 5.431 5.420 5.410 5.402 5.385 5.376 5.361 5.354 5.346 5.328 5.312 5.302 5.291 5.282 5.272 5.209 5.204 5.204 5.197 5.181 5.130 4.998 5.100 5.110 5.103 5.082 5.077 5.071 5.047 5.035 5.011 4.973 4.985 4.958 4.950 4.939 4.912 4.908 4.903 4.891 4.883 4.865 4.858 4.850 4.842 4.828 4.822 4.801 4.796 4.789
55.553 55.553 55.553 55.325 53.302 53.489 52.196 47.619 32.045 26.109 23.439 24.695 21.971 43.183 21.047 20.639 18.290 14.184 10.398 2.717 1.990 5.528 5.509 5.483 5.450 5.447 5.430 5.418 5.409 5.401 5.393 5.368 5.350 5.343 5.333 5.326 5.307 5.299 5.293 5.275 5.270 5.248 5.197 5.209 5.186 5.175 5.124 5.115 5.102 5.101 5.093 5.073 5.069 5.048 5.022 5.003 5.000 4.964 4.953 4.957 4.938 4.936 4.929 4.919 4.913 4.902 4.894 4.877 4.862 4.852 4.841 4.832 4.822 4.808 4.796 4.792
55.553 55.553 55.553 55.553 53.816 54.118 52.975 48.097 44.088 27.028 24.648 25.782 22.856 43.182 21.312 19.726 19.993 14.928 12.468 3.819 1.988 5.528 5.510 5.493 5.472 5.457 5.433 5.412 5.405 5.391 5.384 5.377 5.351 5.344 5.333 5.323 5.311 5.300 5.290 5.277 5.205 5.241 5.227 5.215 5.067 5.038 5.114 5.087 5.080 5.089 5.071 5.047 5.009 5.020 5.012 4.960 4.973 4.978 4.979 4.966 4.959 4.944 4.938 4.924 4.917 4.909 4.900 4.884 4.873 4.858 4.852 4.830 4.823 4.813 4.782 4.777
55.553 55.553 55.553 55.553 55.429 52.911 50.575 48.138 45.471 29.356 25.267 22.826 22.978 22.826 22.443 20.880 20.611 16.893 13.794 5.326 1.973 2.005 5.529 5.512 5.482 5.468 5.429 5.419 5.400 5.385 5.374 5.366 5.349 5.343 5.329 5.321 5.302 5.294 5.283 5.276 5.249 5.241 5.232 5.208 5.185 5.172 5.109 5.096 5.009 5.018 5.047 5.015 4.986 5.006 5.019 5.005 4.987 4.999 4.988 4.980 4.967 4.953 4.944 4.932 4.923 4.914 4.897 4.882 4.877 4.862 4.847 4.840 4.830 4.817 4.807 4.793
55.553 55.553 55.553 55.553 55.553 53.887 51.894 49.258 47.447 45.579 26.987 24.717 23.667 43.253 21.941 21.614 18.812 16.443 13.857 7.940 3.023 1.950 5.550 5.538 5.506 5.478 5.445 5.413 5.404 5.379 5.373 5.366 5.344 5.339 5.331 5.322 5.295 5.287 5.278 5.269 5.217 5.217 5.107 5.199 5.176 5.149 5.130 5.044 5.084 5.036 5.025 5.055 5.037 5.038 5.039 5.031 5.023 5.015 4.996 4.972 4.968 4.954 4.945 4.939 4.920 4.910 4.904 4.889 4.876 4.870 4.851 4.839 4.822 4.729 4.801 4.790
55.553 55.553 55.553 55.553 55.553 55.553 53.519 50.386 49.929 47.559 31.117 25.461 23.825 21.299 43.166 21.038 23.041 14.851 14.245 9.674 2.927 2.932 3.093 5.550 5.535 5.479 5.422 5.404 5.408 5.394 5.370 5.352 5.342 5.334 5.311 5.306 5.290 5.284 5.274 5.266 5.259 5.223 5.211 5.197 5.177 5.154 5.144 5.131 5.120 5.091 5.086 5.079 5.071 5.063 5.050 5.044 5.028 5.022 5.009 4.991 4.976 4.969 4.948 4.939 4.928 4.919 4.908 4.886 4.879 4.866 4.858 4.842 4.820 4.776 4.790 4.758
55.553 55.553 55.553 55.553 55.553 55.553 55.553 51.908 50.688 48.527 45.299 26.719 24.242 23.863 24.522 20.621 19.702 18.647 13.180 7.534 2.467 5.841 2.973 5.569 5.511 5.497 5.476 5.455 5.420 5.408 5.388 5.371 5.359 5.333 5.325 5.318 5.300 5.290 5.279 5.269 5.229 5.224 5.217 5.192 5.186 5.161 5.154 5.139 5.123 5.102 5.094 5.084 5.074 5.067 5.047 5.042 5.035 5.021 5.015 5.002 4.991 4.974 4.967 4.956 4.937 4.919 4.910 4.887 4.878 4.869 4.851 4.834 4.735 4.785 4.770 4.702
55.553 55.553 55.553 55.553 55.553 55.553 55.553 53.584 50.708 48.737 46.597 44.674 25.577 23.627 23.023 22.005 20.305 17.356 14.724 10.785 3.679 5.857 2.894 3.090 5.552 5.538 5.500 5.438 5.418 5.402 5.384 5.369 5.328 5.323 5.318 5.310 5.296 5.287 5.278 5.258 5.223 5.170 5.176 5.187 5.185 5.175 5.157 5.150 5.129 5.114 5.099 5.092 5.080 5.069 5.063 5.046 5.037 5.025 5.006 4.996 4.975 4.964 4.956 4.948 4.937 4.924 4.910 4.889 4.880 4.871 4.847 4.825 4.746 4.802 4.789 4.739
55.553 55.553 55.553 55.553 55.553 55.553 55.553 55.553 53.136 50.255 47.900 47.479 26.680 23.968 23.386 23.659 21.695 19.240 17.898 12.575 4.249 2.371 3.648 2.868 1.307 5.478 5.474 5.460 5.412 5.397 5.373 5.362 5.349 5.340 5.312 5.307 5.294 5.284 5.266 5.246 5.236 5.228 5.219 5.210 5.195 5.186 5.176 5.142 5.136 5.120 5.111 5.100 5.084 5.077 5.068 5.053 5.036 5.022 5.013 4.993 4.984 4.966 4.955 4.950 4.940 4.922 4.913 4.900 4.883 4.863 4.848 4.839 4.818 4.812 4.740 4.734
55.553 55.553 55.553 55.553 55.553 55.553 55.553 55.553 55.553 53.499 49.000 48.463 46.567 24.963 23.490 21.256 20.791 19.189 16.933 14.351 10.229 2.752 4.803 6.190 1.413 5.446 5.432 5.436 5.419 5.380 5.368 5.355 5.342 5.314 5.298 5.298 5.289 5.274 5.268 5.242 5.036 5.157 5.211 5.202 5.194 5.181 5.173 5.143 5.131 5.122 5.112 5.099 5.091 5.078 5.071 5.041 5.030 5.019 5.006 4.993 4.985 4.970 4.956 4.949 4.940 4.929 4.910 4.890 4.882 4.867 4.835 4.774 4.812 4.804 4.745 4.739
55.553 55.553 55.553 55.553 55.553 55.553 55.553 55.553 55.553 55.553 51.129 48.192 46.135 27.095 24.484 22.218 21.595 19.534 16.560 17.762 13.887 6.613 4.033 2.997 1.458 0.000 5.329 5.421 5.392 5.380 5.367 5.346 5.337 5.316 5.310 5.276 5.272 5.266 5.257 5.228 5.219 5.209 5.203 5.197 5.181 5.175 5.163 5.155 5.129 5.122 5.108 5.093 5.077 5.068 5.046 5.036 5.027 5.019 5.012 4.993 4.983 4.971 4.958 4.939 4.934 4.925 4.913 4.891 4.873 4.864 4.848 4.824 4.818 4.769 4.762 4.744
55.553 55.553 55.553 55.553 55.553 55.553 55.553 55.553 55.553 55.553 53.291 50.123 46.301 43.901 25.674 22.794 21.546 19.528 17.844 19.222 14.868 9.654 5.351 3.813 3.430 0.000 5.367 5.405 5.375 5.325 5.348 5.328 5.312 5.309 5.272 5.248 5.258 5.257 5.237 5.230 5.221 5.213 5.197 5.187 5.173 5.165 5.157 5.149 5.131 5.115 5.108 5.098 5.084 5.073 5.060 5.045 5.033 5.022 5.012 5.000 4.982 4.972 4.965 4.947 4.941 4.927 4.910 4.889 4.875 4.849 4.821 4.818 4.808 4.744 4.754 4.736
55.553 55.553 55.553 55.553 55.553 55.553 55.553 55.553 55.553 55.553 55.054 53.430 48.795 45.444 27.152 23.639 23.105 21.333 21.039 19.328 17.045 14.079 9.394 3.962 3.749 0.000 0.000 5.344 5.365 5.356 5.341 5.327 5.304 5.299 5.282 5.273 5.256 5.250 5.225 5.067 5.198 5.197 5.192 5.178 5.165 5.154 5.148 5.133 5.116 5.099 5.099 5.089 5.073 5.065 5.055 5.040 5.027 5.018 5.007 4.997 4.986 4.971 4.958 4.933 4.928 4.921 4.899 4.880 4.873 4.847 4.811 4.825 4.812 4.769 4.762 4.749
55.553 55.553 55.553 55.553 55.553 55.553 55.553 55.553 55.553 55.553 55.553 55.553 53.085 48.169 45.242 25.953 22.887 21.472 20.769 21.158 19.006 14.830 11.682 7.814 8.021 6.470 0.000 0.000 5.326 5.319 5.317 5.320 5.303 5.294 5.272 5.241 5.228 5.231 5.210 5.204 5.184 5.178 5.169 5.160 5.155 5.149 5.139 5.114 5.110 5.101 5.089 5.072 5.065 5.055 5.046 5.036 5.026 5.013 5.001 4.992 4.982 4.964 4.959 4.928 4.919 4.907 4.894 4.883 4.867 4.854 4.845 4.837 4.767 4.763 4.754 4.757
55.553 55.553 55.553 55.553 55.553 55.553 55.553 55.553 55.553 55.553 55.553 55.553 53.310 49.385 47.469 27.641 24.080 21.441 20.783 19.789 19.331 17.582 16.840 14.455 12.499 8.523 3.972 0.000 5.289 5.301 5.310 5.311 5.304 5.277 5.269 5.253 5.243 5.219 4.991 5.187 5.181 5.169 5.112 5.133 5.138 5.112 5.122 5.116 5.104 5.094 5.081 5.064 5.051 5.047 5.034 5.026 5.019 5.005 4.992 4.984 4.970 4.960 4.952 4.941 4.926 4.920 4.901 4.879 4.845 4.824 4.837 4.826 4.764 4.762 4.766 4.712
55.553 55.553 55.553 55.553 55.553 55.553 55.553 55.553 55.553 55.553 55.553 55.553 52.392 48.884 49.094 46.011 25.835 22.007 21.478 20.595 22.038 22.592 42.452 18.131 15.547 13.476 8.637 0.000 1.105 5.236 5.296 5.304 5.279 5.273 5.259 5.248 5.241 5.204 5.197 5.190 5.180 5.171 5.123 5.123 5.124 5.106 5.116 5.100 5.084 5.074 5.066 5.060 5.047 5.040 5.026 5.019 5.010 5.002 4.983 4.975 4.957 4.951 4.946 4.935 4.924 4.918 4.900 4.885 4.874 4.844 4.838 4.781 4.773 4.770 4.788 4.795
55.553 55.553 55.553 55.553 55.553 55.553 55.553 55.553 55.553 55.553 55.553 55.553 53.148 49.500 47.901 45.660 34.393 24.144 21.937 21.646 22.489 19.031 19.112 42.364 18.981 17.846 14.390 11.349 1.210 5.218 5.288 5.275 5.273 5.266 5.254 5.241 5.214 5.055 5.189 5.180 5.171 5.161 5.139 5.132 5.102 5.097 5.075 5.080 5.076 5.069 5.054 5.048 5.042 5.032 5.022 5.015 5.006 4.991 4.982 4.972 4.959 4.948 4.938 4.931 4.903 4.909 4.895 4.865 4.834 4.838 4.828 4.764 4.768 4.768 4.768 4.818
55.553 55.553 55.553 55.553 55.553 55.553 55.553 55.553 55.553 55.553 55.553 55.553 55.553 52.229 49.396 46.936 44.573 25.996 23.638 22.204 23.014 19.026 18.290 42.403 18.596 17.305 16.341 14.532 1.251 1.168 5.244 5.268 5.256 5.253 5.248 5.237 5.184 5.112 5.097 5.141 5.132 5.151 5.140 5.131 5.121 5.100 5.064 5.058 5.035 5.046 5.048 5.039 5.029 5.026 5.016 5.009 5.001 4.986 4.978 4.968 4.953 4.943 4.934 4.925 4.912 4.894 4.890 4.874 4.826 4.826 4.814 4.775 4.777 4.789 4.798 4.832
55.553 55.553 55.553 55.553 55.553 55.553 55.553 55.553 55.553 55.553 55.553 55.553 55.553 55.553 52.722 49.134 46.387 28.014 24.655 22.777 21.850 42.849 21.621 22.439 24.177 17.568 17.608 16.541 15.292 1.262 1.154 5.214 5.248 5.246 5.241 5.219 5.198 5.189 5.178 5.147 4.994 5.126 5.123 5.123 5.108 5.095 5.088 5.068 5.047 5.040 4.994 5.025 5.021 5.014 5.009 5.003 4.995 4.984 4.977 4.960 4.950 4.940 4.931 4.921 4.913 4.905 4.897 4.841 4.832 4.823 4.768 4.782 4.785 4.795 4.806 4.839
55.553 55.553 55.553 55.553 55.553 55.553 55.553 55.553 55.553 55.553 55.553 55.553 55.553 55.553 54.448 52.556 47.126 45.291 26.434 23.727 22.298 20.007 42.879 18.869 23.416 20.431 18.313 17.504 16.083 14.421 1.213 5.204 5.222 5.233 5.226 5.214 4.992 5.146 5.168 5.157 5.146 5.000 5.091 5.088 5.096 5.091 5.079 5.068 5.062 5.046 5.017 5.012 4.993 5.008 5.000 4.996 4.983 4.978 4.971 4.956 4.945 4.938 4.925 4.918 4.906 4.888 4.855 4.820 4.823 4.810 4.767 4.794 4.802 4.721 4.840 4.844
55.553 55.553 55.553 55.553 55.553 55.553 55.553 55.553 55.553 55.553 55.553 55.553 55.553 55.553 54.615 53.040 48.509 46.450 44.911 25.253 24.213 25.076 25.588 24.385 27.037 20.746 42.400 20.843 42.337 15.764 1.248 1.111 5.161 5.213 5.212 5.192 5.089 5.133 5.026 5.036 5.136 5.127 5.082 4.983 5.075 5.065 5.069 5.062 5.045 5.035 5.026 5.016 4.998 4.993 4.970 4.983 4.978 4.966 4.956 4.950 4.940 4.931 4.923 4.915 4.904 4.878 4.868 4.831 4.824 4.782 4.780 4.790 4.826 4.833 4.865 4.856
55.553 55.553 55.553 55.553 55.553 55.553 55.553 55.553 55.553 55.553 55.553 55.553 55.553 55.553 55.553 53.748 51.718 48.833 46.435 27.306 24.847 23.711 22.545 22.494 19.483 19.625 17.723 21.525 17.553 18.409 16.674 1.178 5.180 5.186 5.192 5.081 5.082 5.118 5.101 5.047 4.958 5.103 5.098 5.090 4.969 5.028 5.052 5.056 5.044 5.024 5.018 5.004 4.997 4.987 4.970 4.964 4.962 4.956 4.946 4.937 4.931 4.921 4.915 4.907 4.899 4.875 4.785 4.826 4.819 4.750 4.781 4.788 4.679 4.870 4.873 4.872
55.553 55.553 55.553 55.553 55.553 55.553 55.553 55.553 55.553 55.553 55.553 55.553 55.553 55.553 55.553 55.553 53.537 53.372 49.764 45.248 25.456 24.040 22.336 22.564 21.825 20.782 18.970 22.341 19.688 19.170 17.918 1.193 1.148 5.135 5.174 5.115 5.100 5.083 5.063 5.022 5.015 4.972 5.008 5.077 5.071 5.040 4.915 5.033 5.018 5.018 5.005 4.998 4.990 4.982 4.975 4.954 4.941 4.934 4.912 4.930 4.924 4.917 4.903 4.897 4.892 4.880 4.838 4.843 4.831 4.794 4.788 4.807 4.616 4.887 4.878 4.886
55.553 55.553 55.553 55.553 55.553 55.553 55.553 55.553 55.553 55.553 55.553 55.553 55.553 55.553 55.553 55.553 55.553 53.602 51.044 47.479 34.467 24.846 23.312 22.735 20.616 21.276 19.207 42.734 20.475 19.670 18.145 18.915 1.193 1.161 5.124 5.106 5.091 5.023 4.979 5.015 4.976 4.987 4.998 4.939 5.054 5.049 5.037 4.987 4.978 4.997 4.994 4.992 4.986 4.975 4.961 4.954 4.947 4.926 4.916 4.914 4.894 4.904 4.899 4.891 4.880 4.868 4.861 4.854 4.789 4.822 4.807 4.818 4.853 4.898 4.898 4.898
55.553 55.553 55.553 55.553 55.553 55.553 55.553 55.553 55.553 55.553 55.553 55.553 55.553 55.553 55.553 55.553 55.553 54.856 50.944 48.182 47.061 26.096 24.286 22.542 21.609 21.051 20.743 23.508 24.381 19.868 19.807 25.562 22.068 1.214 5.146 5.069 5.065 5.048 5.022 4.963 4.977 4.967 4.960 4.958 4.969 5.004 5.031 5.025 5.007 4.914 4.989 4.971 4.972 4.963 4.958 4.951 4.943 4.928 4.921 4.905 4.884 4.880 4.882 4.880 4.875 4.834 4.854 4.845 4.797 4.846 4.804 4.655 4.909 4.905 4.909 4.910
55.553 55.553 55.553 55.553 55.553 55.553 55.553 55.553 55.553 55.553 55.553 55.553 55.553 55.553 55.553 55.553 55.553 55.553 52.822 48.426 48.119 45.886 26.176 23.504 23.183 21.697 22.836 21.874 22.020 43.877 43.854 43.808 16.639 1.135 1.120 5.106 5.084 5.063 5.039 5.010 4.985 4.952 4.951 4.932 4.985 4.995 4.927 5.012 5.007 4.998 4.956 4.950 4.958 4.957 4.953 4.942 4.933 4.926 4.915 4.907 4.899 4.882 4.875 4.864 4.865 4.845 4.844 4.822 4.868 4.867 4.814 4.658 4.925 4.915 4.919 4.923
55.553 55.553 55.553 55.553 55.553 55.553 55.553 55.553 55.553 55.553 55.553 55.553 55.553 55.553 55.553 55.553 55.553 55.553 55.553 50.715 48.170 46.271 27.073 24.746 22.718 22.013 21.528 21.332 32.659 31.713 20.494 19.243 17.757 16.553 1.217 1.112 5.092 5.075 4.981 4.999 4.981 4.972 4.919 4.938 4.968 4.956 4.947 4.934 4.958 4.993 4.986 4.965 4.918 4.936 4.927 4.934 4.925 4.921 4.912 4.906 4.896 4.890 4.868 4.849 4.848 4.859 4.852 4.794 4.884 4.889 4.650 4.927 4.932 4.923 4.932 4.933
55.553 55.553 55.553 55.553 55.553 55.553 55.553 55.553 55.553 55.553 55.553 55.553 55.553 55.553 55.553 55.553 55.553 55.553 55.553 55.553 50.169 47.009 44.376 25.861 24.445 22.357 23.010 22.165 44.240 21.872 17.748 17.799 42.365 21.656 15.067 1.183 5.118 5.092 5.011 4.992 4.981 4.968 4.958 4.931 4.911 4.947 4.907 4.927 4.950 4.827 4.971 4.967 4.958 4.913 4.866 4.909 4.907 4.909 4.902 4.891 4.886 4.878 4.869 4.864 4.826 4.875 4.862 4.855 4.898 4.908 4.616 4.941 4.937 4.914 4.938 4.943
55.553 55.553 55.553 55.553 55.553 55.553 55.553 55.553 55.553 55.553 55.553 55.553 55.553 55.553 55.553 55.553 55.553 55.553 55.553 55.553 54.415 48.824 45.179 32.363 25.536 23.659 33.284 44.417 44.391 20.756 22.955 22.844 22.687 18.678 19.709 1.242 1.114 5.091 5.069 4.936 4.994 4.944 4.944 4.937 4.925 4.880 4.901 4.910 4.900 4.892 4.875 4.892 4.950 4.945 4.927 4.814 4.866 4.870 4.888 4.886 4.873 4.859 4.838 4.852 4.860 4.889 4.836 4.897 4.908 4.914 4.929 4.965 4.962 4.963 4.949 4.949
55.553 55.553 55.553 55.553 55.553 55.553 55.553 55.553 55.553 55.553 55.553 55.553 55.553 55.553 55.553 55.553 55.553 55.553 55.553 55.553 55.553 53.635 48.065 45.563 27.447 25.410 47.847 26.413 25.258 20.645 18.270 18.145 42.521 19.562 19.125 19.577 1.183 5.116 5.080 5.063 5.007 4.996 4.949 4.937 4.923 4.907 4.895 4.835 4.892 4.860 4.868 4.883 4.820 4.929 4.925 4.918 4.860 4.826 4.871 4.863 4.864 4.858 4.843 4.837 4.891 4.900 4.849 4.902 4.898 4.713 4.967 4.980 4.974 4.974 4.974 4.971
55.553 55.553 55.553 55.553 55.553 55.553 55.553 55.553 55.553 55.553 55.553 55.553 55.553 55.553 55.553 55.553 55.553 55.553 55.553 55.553 55.553 55.553 52.602 48.078 45.157 26.443 48.167 24.380 21.570 19.719 22.310 21.905 23.120 23.205 42.508 20.497 1.242 1.110 5.095 5.075 5.048 5.017 4.883 4.904 4.880 4.903 4.890 4.881 4.821 4.856 4.852 4.840 4.854 4.863 4.839 4.908 4.903 4.884 4.830 4.846 4.851 4.851 4.865 4.847 4.902 4.907 4.915 4.917 4.917 4.924 4.987 4.989 4.986 4.986 4.988 4.981
55.553 55.553 55.553 55.553 55.553 55.553 55.553 55.553 55.553 55.553 55.553 55.553 55.553 55.553 55.553 55.553 55.553 55.553 55.553 55.553 55.553 55.553 54.471 52.786 47.497 36.222 55.553 23.577 21.378 19.816 25.523 21.363 42.687 42.653 18.865 18.331 13.788 1.159 5.114 4.662 4.893 4.918 4.907 4.895 4.887 4.868 4.874 4.877 4.877 4.853 4.814 4.835 4.824 4.855 4.831 4.827 4.888 4.883 4.876 4.835 4.826 4.863 4.873 4.905 4.915 4.850 4.943 4.933 4.851 4.964 4.995 4.997 4.994 5.016 4.997 4.989
