includes/estuary_coast/floodfiles/results/res.max
ncols         730
nrows         472
xllcorner     380617.130607
yllcorner     6542069.774949
cellsize      20.000000
NODATA_value  -9999.000000
[rows 68 to 101 of 472, columns 462 to 538 of 730]
0.906 0.887 0.330 0.422 0.132 0.187 0.149 0.000 0.000 0.000 0.000 0.000 0.000 0.000 0.000 0.000 0.886 0.000 0.000 0.000 0.000 0.000 0.000 0.000 0.000 0.000 0.000 0.000 0.000 0.000 0.000 0.000 0.000 0.000 0.000 0.000 0.000 0.000 0.000 0.000 0.000 0.000 0.000 0.000 0.000 0.000 0.000 0.000 0.000 0.000 0.000 0.000 0.000 0.000 0.000 0.000 0.000 0.000 0.000 0.000 0.000 0.000 0.000 0.000 0.000 0.000 0.000 0.000 0.000 0.000 0.000 0.000 0.000 0.000 0.000 0.000 0.000
0.952 0.829 0.113 0.444 0.173 0.271 0.000 0.000 0.000 0.000 0.000 0.000 0.000 0.331 0.303 0.491 0.886 3.701 2.837 0.325 0.283 0.619 0.697 0.125 0.160 0.180 0.000 0.000 0.000 0.000 0.000 0.000 0.000 0.000 0.000 0.000 0.000 0.000 0.000 0.000 0.000 0.000 0.000 0.000 0.000 0.000 0.000 0.000 0.000 0.000 0.000 0.000 0.000 0.000 0.000 0.000 0.000 0.000 0.000 0.000 0.000 0.000 0.000 0.000 0.000 0.000 0.000 0.000 0.000 0.000 0.000 0.000 0.000 0.000 0.000 0.000 0.000
0.768 0.856 0.129 0.599 0.235 0.354 0.000 0.000 0.000 0.000 0.000 0.000 0.614 0.632 1.189 0.974 0.886 4.727 3.546 1.002 0.283 1.356 1.030 1.094 0.974 0.700 0.120 0.000 0.118 0.072 0.009 0.000 0.000 0.000 0.000 0.000 0.000 0.000 0.000 0.000 0.000 0.000 0.000 0.000 0.000 0.000 0.000 0.000 0.000 0.000 0.000 0.000 0.000 0.000 0.000 0.000 0.000 0.000 0.000 0.000 0.000 0.000 0.000 0.000 0.000 0.000 0.000 0.000 0.000 0.000 0.000 0.000 0.000 0.000 0.000 0.000 0.000
0.801 0.820 0.199 0.565 0.264 0.000 0.000 0.000 0.000 0.000 0.000 0.000 0.659 1.060 0.948 0.885 0.886 4.754 1.560 0.761 0.283 1.256 1.189 1.165 1.114 1.141 1.209 1.128 0.841 0.635 0.657 0.267 0.121 0.000 0.000 0.000 0.000 0.000 0.000 0.000 0.000 0.000 0.000 0.000 0.000 0.000 0.000 0.000 0.000 0.000 0.000 0.000 0.000 0.000 0.000 0.000 0.000 0.000 0.000 0.000 0.000 0.000 0.000 0.000 0.000 0.000 0.000 0.000 0.000 0.000 0.000 0.000 0.000 0.000 0.000 0.000 0.000
0.910 0.789 0.516 0.568 0.146 0.000 0.000 0.000 0.000 0.000 0.377 0.537 1.069 1.113 1.003 0.885 3.582 4.506 0.784 0.724 0.283 1.135 0.971 1.159 1.224 1.192 1.131 1.185 1.121 1.284 0.918 1.361 0.387 0.000 0.128 0.000 0.000 0.000 0.000 0.000 0.000 0.000 0.000 0.000 0.000 0.000 0.000 0.000 0.000 0.000 0.000 0.000 0.000 0.000 0.000 0.000 0.000 0.000 0.000 0.000 0.000 0.000 0.000 0.000 0.000 0.000 0.000 0.000 0.000 0.000 0.000 0.000 0.000 0.000 0.000 0.000 0.000
0.994 0.730 0.490 0.541 0.050 0.000 0.000 0.000 0.000 0.000 0.933 0.817 1.288 0.918 0.885 0.885 4.786 3.187 0.863 0.284 0.283 1.193 0.811 1.165 1.236 1.202 1.122 1.111 1.112 1.258 1.295 1.044 1.175 1.061 0.329 0.000 0.000 0.000 0.000 0.000 0.000 0.000 0.000 0.000 0.000 0.000 0.000 0.000 0.000 0.000 0.000 0.000 0.000 0.000 0.000 0.000 0.000 0.000 0.000 0.000 0.000 0.000 0.000 0.000 0.000 0.000 0.000 0.000 0.000 0.000 0.000 0.000 0.000 0.000 0.000 0.000 0.000
0.912 0.227 0.043 0.071 0.057 0.000 0.000 0.000 0.598 1.105 1.061 0.240 0.716 0.314 0.885 2.348 4.725 4.841 2.250 0.284 1.035 1.116 1.231 1.137 1.231 1.066 1.196 1.146 1.093 1.269 1.330 1.229 1.237 1.006 1.313 0.672 0.000 0.000 0.000 0.000 0.000 0.000 0.000 0.000 0.000 0.000 0.000 0.000 0.000 0.000 0.000 0.000 0.000 0.000 0.000 0.000 0.000 0.000 0.000 0.000 0.000 0.000 0.000 0.000 0.000 0.000 0.000 0.000 0.000 0.000 0.000 0.000 0.000 0.000 0.000 0.000 0.000
0.952 0.000 0.000 0.000 0.000 0.000 0.000 0.579 0.887 1.344 0.996 0.517 0.208 0.000 0.885 1.358 4.646 4.948 0.964 0.283 1.039 1.162 1.174 1.214 1.096 1.159 1.192 1.170 1.074 1.383 1.332 1.364 1.303 1.250 0.871 1.318 0.606 0.000 0.014 0.000 0.000 0.000 0.000 0.000 0.000 0.000 0.000 0.000 0.000 0.047 0.000 0.000 0.000 0.000 0.000 0.000 0.000 0.000 0.000 0.000 0.000 0.000 0.000 0.000 0.000 0.000 0.000 0.000 0.000 0.000 0.000 0.000 0.000 0.000 0.000 0.000 0.000
1.033 0.233 0.000 0.000 0.000 0.000 0.313 0.792 0.938 1.156 1.286 0.053 0.068 0.884 0.884 1.561 4.822 4.941 1.550 0.283 0.950 1.221 1.170 1.176 1.122 1.133 1.187 1.269 1.419 1.250 1.288 1.276 1.257 1.343 1.323 1.202 1.109 1.039 0.006 0.000 0.000 0.000 0.000 0.000 0.000 0.000 0.095 0.063 0.000 0.011 0.000 0.000 0.000 0.000 0.000 0.000 0.000 0.000 0.000 0.000 0.000 0.000 0.000 0.000 0.000 0.000 0.000 0.000 0.000 0.000 0.000 0.000 0.000 0.000 0.000 0.000 0.000
0.916 0.271 0.161 0.000 0.000 0.000 0.810 0.984 1.140 0.865 1.444 0.539 0.228 0.884 0.399 2.981 4.932 4.644 0.893 0.283 1.046 1.204 1.144 1.156 1.157 1.246 1.216 1.251 1.259 1.073 1.302 1.304 1.316 1.310 1.272 1.230 1.240 0.991 1.079 0.000 0.001 0.000 0.000 0.000 0.000 0.000 0.000 0.037 0.033 0.062 0.000 0.000 0.000 0.000 0.000 0.000 0.000 0.000 0.000 0.000 0.000 0.000 0.000 0.000 0.000 0.000 0.000 0.000 0.000 0.000 0.000 0.000 0.000 0.000 0.000 0.000 0.000
0.835 0.966 0.041 0.000 0.000 0.397 0.502 1.115 1.173 1.088 1.433 0.712 0.814 0.883 2.934 4.807 4.925 4.136 0.283 0.283 1.113 1.162 1.145 1.138 1.230 1.308 1.316 1.228 1.289 1.477 1.242 1.242 1.278 1.224 1.270 1.254 1.286 1.207 1.006 1.100 0.002 0.008 0.000 0.000 0.000 0.000 0.011 0.035 0.034 0.028 0.000 0.000 0.000 0.000 0.000 0.000 0.000 0.000 0.000 0.000 0.000 0.000 0.000 0.000 0.000 0.000 0.000 0.000 0.000 0.000 0.000 0.000 0.000 0.000 0.000 0.000 0.000
1.031 0.976 0.732 0.736 0.583 0.375 0.667 0.999 0.846 1.469 1.384 0.000 0.882 0.883 4.958 4.968 4.706 2.415 0.283 1.073 1.149 1.142 1.153 1.153 1.291 1.328 1.387 1.309 1.234 1.109 1.160 1.307 1.238 1.240 1.156 1.349 1.241 1.215 1.258 1.135 0.589 0.005 0.005 0.000 0.000 0.000 0.103 0.108 0.145 0.031 0.019 0.000 0.000 0.000 0.000 0.000 0.000 0.000 0.000 0.000 0.000 0.000 0.000 0.000 0.000 0.000 0.000 0.000 0.000 0.000 0.000 0.000 0.000 0.000 0.000 0.000 0.000
1.009 0.970 0.932 0.961 0.924 0.874 0.709 0.803 0.864 1.417 0.528 0.683 0.882 4.944 4.625 4.235 2.733 0.776 0.283 0.917 1.125 1.167 1.200 1.260 1.311 1.288 1.333 1.328 1.294 1.255 1.103 1.180 1.234 1.194 1.224 1.207 1.277 1.260 1.258 1.116 1.121 0.485 0.000 0.000 0.000 0.000 0.078 0.018 0.011 0.045 0.310 0.103 0.110 0.000 0.000 0.000 0.000 0.000 0.000 0.000 0.000 0.000 0.000 0.000 0.000 0.000 0.000 0.000 0.000 0.000 0.000 0.000 0.000 0.000 0.000 0.000 0.000
0.947 0.970 0.955 0.974 0.975 1.041 0.921 0.564 0.874 1.360 0.035 0.881 0.882 5.000 1.960 0.964 0.664 0.774 0.282 0.949 1.236 1.164 1.273 1.311 1.353 1.336 1.262 1.233 1.195 1.264 0.975 1.132 1.195 1.163 1.158 1.217 1.222 1.192 1.155 1.127 1.100 1.152 0.521 0.020 0.128 0.000 0.034 0.036 0.074 0.115 0.086 0.006 0.069 0.086 0.000 0.000 0.000 0.000 0.000 0.000 0.000 0.000 0.000 0.000 0.000 0.000 0.000 0.000 0.000 0.000 0.000 0.000 0.000 0.000 0.000 0.000 0.000
0.975 0.945 0.998 1.005 1.000 0.993 0.917 0.927 0.962 0.727 0.724 0.880 5.078 4.619 1.547 0.871 0.578 0.367 0.282 1.116 1.182 1.315 1.314 1.280 1.313 1.354 1.289 1.240 1.266 1.273 1.299 0.913 1.189 1.222 1.194 1.297 1.286 1.111 1.100 1.101 1.113 1.128 1.366 0.416 0.000 0.464 0.052 0.045 0.164 0.137 0.105 0.165 0.000 0.113 0.023 0.000 0.000 0.000 0.000 0.000 0.000 0.000 0.000 0.000 0.000 0.000 0.000 0.000 0.000 0.000 0.000 0.000 0.000 0.000 0.000 0.000 0.000
0.985 0.979 1.008 1.038 0.961 0.995 1.044 1.127 0.869 0.865 0.876 0.880 4.982 2.084 1.117 1.218 1.094 0.282 0.282 1.090 1.212 1.247 1.256 1.289 1.613 1.227 1.245 1.242 1.205 1.243 1.247 1.218 1.167 1.168 1.198 1.162 1.153 1.163 1.157 1.254 1.254 1.349 1.237 1.143 0.504 0.079 0.341 0.024 0.016 0.092 0.099 0.091 0.000 0.238 0.086 0.285 0.000 0.000 0.000 0.000 0.000 0.000 0.000 0.000 0.000 0.000 0.000 0.000 0.000 0.000 0.000 0.000 0.000 0.000 0.000 0.000 0.000
0.973 1.001 0.950 0.914 0.982 1.021 1.018 1.151 0.837 0.866 2.937 5.049 4.934 1.815 1.196 1.136 0.999 0.281 1.022 0.981 1.306 1.284 1.284 1.314 1.269 1.203 1.299 1.257 1.212 1.206 1.161 1.024 0.993 1.146 1.051 1.136 1.125 1.114 1.542 1.219 1.078 1.143 1.175 1.171 1.223 0.548 0.023 0.019 0.003 0.001 0.005 0.000 0.000 0.000 0.067 0.017 0.013 0.000 0.000 0.000 0.000 0.000 0.000 0.000 0.000 0.000 0.000 0.000 0.000 0.000 0.000 0.000 0.000 0.000 0.000 0.000 0.000
1.034 0.985 1.018 1.002 1.018 1.007 0.937 1.103 0.824 0.365 4.287 5.098 3.493 1.056 1.141 1.189 0.701 0.281 1.216 1.065 1.219 1.295 1.293 1.349 1.298 1.316 1.211 1.201 1.224 1.209 1.249 1.213 1.264 0.946 1.039 1.190 1.208 1.264 1.397 1.126 1.126 1.170 1.191 1.183 1.179 1.160 0.613 0.018 0.091 0.000 0.000 0.002 0.000 0.000 0.042 0.000 0.000 0.000 0.000 0.000 0.000 0.000 0.000 0.000 0.000 0.000 0.000 0.000 0.000 0.000 0.000 0.000 0.000 0.000 0.000 0.000 0.000
0.948 0.954 1.106 1.003 0.991 0.964 0.775 1.047 0.902 0.938 4.588 5.052 1.922 1.166 1.069 1.054 0.376 0.281 1.337 1.259 1.304 1.334 1.347 1.301 1.267 1.228 1.206 1.221 1.197 1.207 1.143 1.268 1.196 1.166 1.311 1.107 1.258 1.230 1.322 1.352 1.130 1.188 1.146 1.161 1.201 1.179 1.060 0.453 0.010 0.028 0.000 0.001 0.002 0.002 0.010 0.000 0.000 0.000 0.000 0.000 0.000 0.000 0.000 0.000 0.000 0.000 0.000 0.000 0.000 0.000 0.000 0.000 0.000 0.000 0.000 0.000 0.000
1.060 0.988 0.986 0.953 0.933 0.780 1.095 1.000 1.069 0.938 0.957 5.051 4.086 2.013 0.970 1.157 0.200 0.281 1.272 1.241 1.227 1.294 1.294 1.227 1.308 1.231 1.208 1.205 1.223 1.224 1.228 1.215 1.220 1.254 1.160 1.042 1.419 1.215 1.372 1.342 1.201 1.165 1.103 1.178 1.130 0.934 0.973 0.940 0.432 0.000 0.000 0.002 0.001 0.002 0.000 0.000 0.000 0.000 0.000 0.000 0.000 0.000 0.000 0.000 0.000 0.000 0.000 0.000 0.000 0.000 0.000 0.000 0.000 0.000 0.000 0.000 0.000
0.999 1.005 0.974 0.957 0.834 0.840 1.054 0.986 1.176 0.461 0.956 5.014 5.034 3.685 0.781 1.098 0.280 0.281 1.227 1.291 1.020 1.252 1.268 1.286 1.232 1.182 1.195 1.192 1.126 1.142 1.275 1.258 1.236 1.223 1.184 1.188 1.211 1.015 1.039 1.407 1.155 1.191 1.195 0.984 0.996 0.981 0.983 0.741 1.225 0.283 0.000 0.007 0.000 0.001 0.000 0.000 0.000 0.000 0.000 0.000 0.000 0.000 0.000 0.000 0.000 0.000 0.000 0.000 0.000 0.000 0.000 0.000 0.000 0.000 0.000 0.000 0.000
0.980 1.119 0.928 0.868 0.779 1.070 1.083 1.037 1.153 0.351 0.956 2.843 5.135 4.578 1.869 1.115 0.280 1.183 0.929 0.976 1.076 1.315 1.262 1.280 1.301 1.220 1.168 1.180 1.051 1.212 1.227 1.209 1.199 1.211 1.191 1.180 1.157 1.195 1.210 1.163 1.144 1.178 1.203 1.060 0.951 1.135 1.276 0.948 1.091 1.140 0.551 0.007 0.059 0.001 0.001 0.000 0.000 0.000 0.000 0.000 0.000 0.000 0.000 0.000 0.000 0.000 0.000 0.000 0.000 0.000 0.000 0.000 0.000 0.000 0.000 0.000 0.000
0.972 1.160 1.014 0.934 1.113 1.076 1.160 1.193 1.066 0.532 0.955 0.957 5.213 5.240 4.011 1.000 0.280 1.379 1.475 1.454 1.296 1.379 1.259 1.219 1.232 1.270 1.155 1.085 1.163 1.243 1.198 1.214 1.227 1.197 1.190 1.192 1.191 1.179 1.128 1.409 1.275 1.219 0.966 0.906 0.887 0.806 1.061 1.089 1.125 1.125 1.186 0.862 0.010 0.027 0.000 0.000 0.000 0.000 0.000 0.000 0.000 0.000 0.000 0.000 0.000 0.000 0.000 0.000 0.000 0.000 0.000 0.000 0.000 0.000 0.000 0.000 0.000
0.905 1.052 1.069 1.122 1.107 1.113 1.088 1.176 1.012 0.519 0.802 0.957 4.602 5.299 5.026 2.780 0.279 0.280 1.373 1.405 1.392 1.355 1.201 1.184 1.199 1.327 1.186 0.946 1.207 1.212 1.187 1.057 1.463 1.230 1.216 1.235 1.198 1.201 1.216 1.232 1.361 1.404 1.426 0.814 0.861 0.974 1.108 1.092 1.098 1.113 1.129 1.134 0.686 0.000 0.000 0.000 0.000 0.000 0.000 0.000 0.000 0.000 0.000 0.000 0.000 0.000 0.000 0.000 0.000 0.000 0.000 0.000 0.000 0.000 0.000 0.000 0.000
1.016 0.982 1.084 1.110 1.112 1.105 1.188 1.094 1.017 0.505 1.039 0.956 0.958 5.111 5.377 4.454 0.746 0.280 1.360 1.395 1.356 1.193 1.266 1.162 1.231 1.300 1.109 1.186 1.247 1.218 1.300 1.417 1.167 1.257 1.212 1.170 1.224 1.261 1.195 1.215 1.258 1.353 1.443 0.783 0.958 1.098 1.104 1.095 1.058 1.109 1.080 1.146 1.166 0.630 0.000 0.000 0.000 0.000 0.000 0.000 0.000 0.000 0.000 0.000 0.000 0.000 0.000 0.000 0.000 0.000 0.000 0.000 0.000 0.000 0.000 0.000 0.000
0.962 1.017 0.983 1.093 1.218 1.158 1.141 1.101 0.992 0.457 1.200 0.422 0.957 4.100 5.444 5.442 2.822 0.279 1.366 1.371 1.314 1.336 1.344 1.340 1.370 1.158 0.988 1.189 1.174 1.257 1.232 1.341 1.194 1.203 1.203 1.192 1.170 1.181 1.177 1.193 1.240 1.208 1.248 0.976 1.141 1.123 1.094 1.044 1.517 1.108 1.118 1.209 1.114 1.110 0.478 0.000 0.000 0.000 0.000 0.000 0.000 0.000 0.000 0.000 0.000 0.000 0.000 0.000 0.000 0.000 0.000 0.000 0.000 0.000 0.000 0.000 0.000
1.058 1.042 1.170 1.141 1.128 1.220 1.185 1.156 1.186 0.361 1.198 0.944 0.957 3.686 4.902 5.561 4.362 0.279 0.280 1.342 1.309 1.286 1.437 1.239 1.220 1.256 1.173 1.245 1.245 1.246 1.243 1.358 1.178 1.185 1.206 1.187 1.162 1.264 1.265 1.326 1.140 1.095 1.101 1.096 1.130 1.088 1.104 1.153 1.046 1.138 1.124 1.128 1.165 0.973 0.808 0.568 0.000 0.000 0.000 0.000 0.000 0.000 0.000 0.000 0.000 0.000 0.000 0.000 0.000 0.000 0.000 0.000 0.000 0.000 0.000 0.000 0.000
1.042 1.149 1.080 1.237 1.136 1.157 1.220 1.271 1.191 0.379 1.032 1.011 0.956 3.581 4.620 5.621 5.020 1.602 0.279 0.280 1.274 1.336 1.241 1.258 1.136 1.083 1.266 1.168 1.216 1.241 1.169 1.223 1.246 1.257 1.336 1.365 1.426 1.423 1.317 1.195 1.004 1.158 1.135 1.098 1.095 1.143 1.172 1.132 1.095 1.134 1.161 1.176 1.115 0.999 1.271 1.154 0.899 0.000 0.000 0.000 0.000 0.000 0.000 0.000 0.000 0.000 0.000 0.000 0.000 0.000 0.000 0.000 0.000 0.000 0.000 0.000 0.000
1.033 1.136 1.122 1.095 1.080 1.116 1.155 1.224 1.220 0.942 0.951 0.875 0.956 3.503 4.775 5.589 5.031 2.885 0.764 0.279 0.280 1.357 1.200 1.324 1.133 1.257 1.225 1.191 1.217 1.228 1.228 1.235 1.243 1.470 1.354 1.417 1.349 1.243 1.207 1.067 1.126 1.197 1.102 1.190 1.330 1.371 1.167 1.154 1.189 1.193 1.263 1.137 1.261 1.071 1.129 1.192 1.123 0.241 0.000 0.000 0.000 0.000 0.000 0.032 0.071 0.003 0.000 0.000 0.000 0.000 0.000 0.000 0.000 0.000 0.000 0.000 0.000
1.092 1.022 0.973 0.965 1.029 1.070 1.043 1.241 1.419 0.946 0.952 0.955 0.956 2.540 4.933 5.523 5.052 3.397 2.458 1.099 0.279 1.238 1.407 1.153 1.167 1.143 1.177 1.228 1.195 1.234 1.216 1.218 1.250 1.309 1.373 1.347 1.157 0.992 1.027 1.147 1.125 1.134 1.195 1.259 1.234 1.171 1.237 1.183 1.201 1.157 1.082 0.993 1.128 1.135 1.106 1.252 1.216 1.044 0.313 0.000 0.000 0.000 0.000 0.000 0.019 0.004 0.000 0.000 0.000 0.000 0.000 0.000 0.000 0.000 0.000 0.000 0.000
0.000 0.924 0.929 0.934 0.937 0.941 0.944 0.946 0.949 0.952 1.141 0.902 1.282 1.298 4.474 5.736 5.495 3.950 3.118 1.146 0.278 0.723 0.264 0.265 1.168 1.226 1.187 1.228 1.218 1.271 1.225 1.311 1.297 1.267 1.315 1.183 1.025 1.186 1.135 1.119 1.124 1.199 1.248 1.248 1.071 1.088 1.145 1.155 1.115 1.151 0.997 0.768 1.065 1.073 1.084 1.118 1.084 1.153 1.110 0.463 0.000 0.000 0.000 0.000 0.013 0.007 0.000 0.000 0.000 0.000 0.000 0.000 0.000 0.000 0.000 0.000 0.000
0.000 0.949 1.526 1.855 2.419 2.524 2.692 2.727 2.744 2.809 2.699 2.696 2.731 2.892 3.303 5.443 5.904 5.145 3.613 1.817 0.278 0.278 0.279 0.264 1.354 1.073 1.156 1.305 1.277 1.273 1.252 1.282 1.277 1.196 1.190 1.198 1.327 1.192 1.131 1.196 1.179 1.250 1.267 1.351 1.073 1.108 1.081 1.112 1.115 1.174 1.096 1.092 1.034 0.863 0.995 1.086 1.112 1.156 1.200 1.185 0.232 0.000 0.000 0.000 0.015 0.000 0.000 0.000 0.000 0.000 0.000 0.000 0.000 0.000 0.000 0.000 0.000
3.203 3.480 3.680 4.034 5.265 4.839 4.941 5.346 5.276 5.706 4.972 4.663 4.817 4.991 5.388 6.488 5.988 5.917 4.221 2.637 2.533 2.048 1.458 0.263 0.263 0.264 0.264 1.380 1.090 1.224 1.374 1.263 1.206 1.113 1.161 1.369 1.418 1.323 1.544 1.490 1.155 1.162 1.151 1.132 1.133 1.128 1.092 1.141 1.138 0.965 1.017 1.099 1.147 1.197 1.222 0.355 0.918 1.201 1.154 1.123 1.132 0.442 0.000 0.000 0.012 0.198 0.351 0.000 0.000 0.000 0.000 0.000 0.000 0.000 0.000 0.000 0.000
5.610 6.349 6.033 6.261 6.974 6.538 6.975 6.442 6.115 6.027 6.421 6.706 7.149 6.359 6.472 6.962 6.704 6.469 6.394 5.333 3.832 3.383 2.866 2.562 2.050 1.401 0.263 0.264 0.264 0.264 0.265 1.180 1.201 1.223 1.284 1.242 1.364 1.373 1.351 1.237 1.099 0.897 1.114 1.036 0.918 1.021 1.133 1.161 1.100 1.111 1.278 1.171 1.136 1.261 1.218 1.336 1.233 1.333 1.014 1.080 0.763 1.182 0.158 0.000 0.035 0.021 0.045 0.337 0.000 0.000 0.000 0.000 0.000 0.000 0.000 0.000 0.000
