includes/estuary_coast/floodfiles/results/res.inittm
ncols         730
nrows         472
xllcorner     380617.130607
yllcorner     6542069.774949
cellsize      20.000000
NODATA_value  -9999.000000
[rows 58 to 86 of 472, columns 325 to 389 of 730]
-9999.000 -9999.000 -9999.000 -9999.000 -9999.000 -9999.000 -9999.000 -9999.000 -9999.000 -9999.000 -9999.000 -9999.000 -9999.000 -9999.000 -9999.000 51.958 51.832 51.875 51.856 51.803 51.807 51.804 51.802 51.847 51.781 51.770 51.760 51.736 51.734 51.792 51.779 51.700 51.712 51.732 51.615 51.607 51.584 51.569 51.560 51.549 51.537 51.528 51.520 51.485 51.478 51.469 51.459 51.452 51.444 51.437 51.424 51.428 51.432 51.500 51.390 51.363 51.352 51.340 51.328 51.316 51.305 51.268 51.256 51.241 51.233
-9999.000 -9999.000 -9999.000 -9999.000 -9999.000 -9999.000 -9999.000 -9999.000 -9999.000 -9999.000 -9999.000 -9999.000 52.213 -9999.000 51.842 51.891 51.821 51.833 51.929 51.795 51.779 51.797 51.796 51.817 51.790 51.751 51.757 51.722 51.713 51.851 51.700 51.689 51.647 51.626 51.616 51.609 51.577 51.565 51.554 51.545 51.532 51.526 51.498 51.492 51.473 51.458 51.448 51.480 51.458 51.429 51.405 51.416 51.423 51.507 51.410 51.380 51.346 51.334 51.320 51.312 51.300 51.261 51.247 51.232 51.226
-9999.000 -9999.000 -9999.000 -9999.000 -9999.000 -9999.000 -9999.000 -9999.000 -9999.000 -9999.000 -9999.000 51.975 51.898 51.882 51.822 51.817 51.803 51.820 51.820 51.777 51.766 51.804 51.786 51.780 51.780 51.738 51.830 51.715 51.705 51.695 51.653 51.639 51.631 51.617 51.610 51.602 51.580 51.569 51.559 51.535 51.529 51.499 51.492 51.485 51.479 51.443 51.435 51.428 51.424 51.413 51.397 51.398 51.393 51.400 51.443 51.389 51.352 51.338 51.333 51.316 51.288 51.260 51.246 51.236 51.229
-9999.000 -9999.000 -9999.000 -9999.000 -9999.000 -9999.000 -9999.000 -9999.000 -9999.000 -9999.000 52.339 52.005 51.911 -9999.000 -9999.000 51.917 51.788 51.785 51.770 51.764 51.762 51.765 51.782 51.762 51.759 51.727 51.709 51.695 51.669 51.661 51.655 51.629 51.620 51.604 51.599 51.586 51.580 51.573 51.567 51.575 51.513 51.490 51.486 51.451 51.440 51.432 51.442 51.405 51.397 51.392 51.378 51.390 51.375 51.375 51.513 51.401 51.340 51.327 51.317 51.305 51.243 51.235 51.237 51.252 51.236
-9999.000 -9999.000 -9999.000 -9999.000 -9999.000 -9999.000 -9999.000 -9999.000 -9999.000 -9999.000 51.979 51.950 -9999.000 51.862 -9999.000 51.801 51.784 51.775 51.766 51.762 51.748 51.769 51.808 51.756 51.762 51.716 51.710 51.682 51.672 51.659 51.654 51.631 51.613 51.593 51.583 51.576 51.564 51.557 51.641 51.529 51.480 51.480 51.462 51.472 51.429 51.422 51.414 51.422 51.385 51.376 51.371 51.363 51.360 51.366 51.382 51.355 51.361 51.349 51.311 51.324 51.254 51.225 51.216 51.228 51.222
-9999.000 -9999.000 -9999.000 -9999.000 -9999.000 -9999.000 -9999.000 -9999.000 -9999.000 -9999.000 -9999.000 51.903 51.877 51.820 51.808 51.785 51.782 51.768 51.764 51.752 51.744 51.741 51.735 51.721 51.714 51.709 51.696 51.681 51.667 51.661 51.647 51.611 51.602 51.584 51.573 51.562 51.553 51.546 51.515 51.481 51.472 51.464 51.455 51.421 51.416 51.426 51.398 51.389 51.369 51.368 51.353 51.354 51.350 51.349 51.394 51.344 51.767 51.356 51.280 51.243 51.222 51.210 51.202 51.180 51.211
-9999.000 -9999.000 -9999.000 -9999.000 -9999.000 -9999.000 -9999.000 -9999.000 -9999.000 -9999.000 -9999.000 -9999.000 51.900 51.819 51.788 51.776 51.763 51.759 51.760 51.747 51.734 51.734 51.734 51.731 51.720 51.713 51.712 51.700 51.668 51.663 51.647 51.634 51.623 51.577 51.563 51.554 51.548 51.548 51.487 51.474 51.466 51.437 51.425 51.415 51.409 51.392 51.405 51.374 51.362 51.350 51.342 51.336 51.331 51.337 51.326 51.333 51.326 51.308 51.260 51.232 51.217 51.196 51.181 51.168 51.156
-9999.000 -9999.000 -9999.000 -9999.000 -9999.000 -9999.000 -9999.000 -9999.000 -9999.000 -9999.000 -9999.000 -9999.000 -9999.000 51.817 51.782 51.743 51.734 51.742 51.729 51.730 51.722 51.729 51.724 51.724 51.722 51.713 51.703 51.696 51.674 51.659 51.640 51.625 51.614 51.578 51.567 51.583 51.531 51.503 51.494 51.474 51.462 51.452 51.420 51.410 51.432 51.386 51.375 51.369 51.352 51.344 51.334 51.329 51.321 51.328 51.319 51.292 51.284 51.345 51.291 51.249 51.234 51.214 51.197 51.195 51.152
-9999.000 -9999.000 -9999.000 -9999.000 -9999.000 -9999.000 -9999.000 -9999.000 -9999.000 -9999.000 -9999.000 -9999.000 52.048 52.004 51.739 51.716 51.715 51.718 51.721 51.721 51.704 51.715 51.719 51.714 51.714 51.707 51.694 51.685 51.679 51.644 51.623 51.598 51.580 51.567 51.557 51.547 51.518 51.506 51.498 51.478 51.465 51.467 51.410 51.399 51.389 51.382 51.368 51.355 51.352 51.334 51.327 51.314 51.306 51.329 51.293 51.272 51.276 51.324 51.392 51.258 51.230 51.215 51.202 51.170 51.141
-9999.000 -9999.000 -9999.000 -9999.000 -9999.000 -9999.000 -9999.000 -9999.000 -9999.000 -9999.000 -9999.000 51.808 51.866 51.789 51.693 51.685 51.683 51.690 51.702 51.690 51.697 51.705 51.713 51.709 51.708 51.704 51.703 51.692 51.687 51.674 51.645 51.635 51.618 51.617 51.574 51.555 51.548 51.502 51.484 51.468 51.455 51.448 51.476 51.489 51.391 51.367 51.356 51.350 51.338 51.328 51.321 51.306 51.301 51.280 51.274 51.265 51.257 51.274 51.395 51.307 51.252 51.242 51.263 51.156 51.143
51.880 51.865 51.978 -9999.000 51.970 -9999.000 -9999.000 -9999.000 -9999.000 -9999.000 51.831 51.764 51.776 51.698 51.690 51.678 51.678 51.674 51.677 51.677 51.716 51.696 51.705 51.702 51.701 51.698 51.694 51.686 51.681 51.683 51.676 51.621 51.614 51.591 51.582 51.559 51.591 51.529 51.478 51.464 51.446 51.418 51.407 51.389 51.374 51.358 51.347 51.341 51.335 51.326 51.314 51.306 51.297 51.275 51.263 51.257 51.250 51.246 51.260 51.281 51.265 51.298 51.183 51.159 51.145
51.854 51.829 -9999.000 -9999.000 51.768 -9999.000 51.802 51.739 51.748 51.824 51.763 51.745 51.679 51.696 51.682 51.671 51.666 51.667 51.663 51.671 51.681 51.688 51.693 51.693 51.695 51.692 51.688 51.678 51.667 51.657 51.674 51.698 51.632 51.592 51.559 51.551 51.542 51.509 51.495 51.473 51.439 51.418 51.410 51.393 51.386 51.353 51.344 51.335 51.328 51.316 51.310 51.302 51.298 51.266 51.257 51.250 51.238 51.237 51.228 51.253 51.232 51.209 51.197 51.193 51.210
51.828 51.727 51.846 51.663 51.690 51.684 51.650 51.667 51.808 51.782 51.789 51.817 51.663 51.656 51.667 51.662 51.657 51.652 51.657 51.652 51.666 51.691 51.680 51.686 51.689 51.686 51.680 51.669 51.657 51.647 51.637 51.627 51.614 51.594 51.584 51.577 51.512 51.503 51.479 51.468 51.447 51.427 51.440 51.425 51.358 51.344 51.337 51.326 51.320 51.311 51.302 51.297 51.271 51.266 51.255 51.250 51.230 51.222 51.209 51.206 51.204 51.183 51.176 51.160 51.146
51.716 51.707 51.762 51.645 51.652 51.772 51.631 51.721 51.701 51.693 51.774 51.628 51.624 51.645 51.655 51.652 51.652 51.645 51.648 51.647 51.647 51.742 51.670 51.678 51.685 51.682 51.677 51.670 51.666 51.654 51.649 51.634 51.594 51.585 51.578 51.549 51.539 51.534 51.487 51.475 51.450 51.435 51.409 51.424 51.384 51.367 51.329 51.321 51.315 51.306 51.297 51.293 51.274 51.255 51.248 51.240 51.228 51.215 51.204 51.196 51.188 51.178 51.174 51.156 51.141
51.697 51.687 51.631 51.631 51.642 51.627 51.615 51.594 51.683 51.675 51.593 51.603 51.598 51.755 51.654 51.641 51.639 51.630 51.642 51.633 51.642 51.647 51.665 51.668 51.676 51.674 51.673 51.666 51.655 51.649 51.641 51.619 51.598 51.590 51.552 51.542 51.542 51.528 51.478 51.465 51.428 51.410 51.396 51.378 51.351 51.337 51.329 51.316 51.307 51.301 51.290 51.291 51.263 51.254 51.240 51.229 51.218 51.209 51.202 51.189 51.178 51.170 51.163 51.148 51.135
51.676 51.661 51.597 51.621 51.626 51.746 51.601 51.583 51.557 51.551 51.577 51.582 51.583 51.591 51.641 51.637 51.633 51.613 51.627 51.627 51.627 51.639 51.657 51.660 51.671 51.668 51.663 51.657 51.651 51.645 51.625 51.609 51.599 51.588 51.541 51.532 51.516 51.506 51.498 51.466 51.457 51.412 51.397 51.387 51.375 51.382 51.334 51.307 51.295 51.289 51.283 51.259 51.253 51.243 51.234 51.225 51.209 51.202 51.194 51.181 51.171 51.174 51.150 51.138 51.129
51.716 51.621 51.586 51.593 51.615 51.642 51.579 51.541 51.539 51.534 51.559 51.610 51.574 51.580 51.610 51.610 51.623 51.604 51.609 51.618 51.621 51.620 51.646 51.652 51.649 51.663 51.657 51.653 51.649 51.625 51.616 51.603 51.595 51.570 51.555 51.549 51.521 51.508 51.499 51.482 51.468 51.516 51.428 51.395 51.384 51.357 51.344 51.306 51.290 51.284 51.284 51.284 51.249 51.238 51.229 51.215 51.204 51.195 51.182 51.175 51.165 51.154 51.148 51.131 51.120
51.669 51.654 51.578 51.585 51.573 51.520 51.527 51.531 51.525 51.523 51.534 51.563 51.551 51.561 51.572 51.603 51.611 51.595 51.603 51.608 51.616 51.609 51.623 51.636 51.642 51.649 51.653 51.649 51.633 51.627 51.622 51.617 51.590 51.580 51.580 51.570 51.525 51.513 51.489 51.479 51.470 51.435 51.427 51.406 51.411 51.359 51.345 51.332 51.285 51.276 51.265 51.248 51.241 51.230 51.221 51.210 51.202 51.188 51.181 51.167 51.154 51.146 51.139 51.126 51.115
51.647 51.561 51.554 51.525 51.510 51.510 51.516 51.504 51.517 51.508 51.514 51.533 51.543 51.552 51.554 51.602 51.575 51.577 51.597 51.602 51.603 51.603 51.604 51.640 51.649 51.644 51.650 51.642 51.628 51.622 51.618 51.608 51.590 51.583 51.577 51.537 51.523 51.514 51.485 51.476 51.454 51.444 51.434 51.426 51.389 51.380 51.344 51.335 51.282 51.276 51.254 51.245 51.237 51.229 51.213 51.205 51.187 51.181 51.166 51.157 51.149 51.137 51.131 51.117 51.109
51.681 51.542 51.507 51.530 51.489 51.489 51.507 51.492 51.493 51.498 51.508 51.510 51.531 51.537 51.543 51.551 51.567 51.569 51.577 51.595 51.598 51.591 51.598 51.608 51.617 51.633 51.638 51.635 51.621 51.618 51.612 51.592 51.583 51.578 51.560 51.540 51.529 51.519 51.508 51.475 51.467 51.458 51.424 51.417 51.398 51.389 51.333 51.321 51.290 51.282 51.261 51.243 51.230 51.222 51.213 51.195 51.186 51.176 51.167 51.153 51.146 51.142 51.128 51.109 51.104
51.896 51.433 51.494 51.479 51.458 51.475 51.480 51.484 51.481 51.490 51.492 51.503 51.513 51.566 51.535 51.533 51.549 51.560 51.607 51.579 51.587 51.584 51.579 51.602 51.616 51.624 51.631 51.621 51.617 51.612 51.599 51.589 51.584 51.577 51.555 51.529 51.520 51.508 51.501 51.480 51.452 51.439 51.420 51.405 51.394 51.361 51.351 51.316 51.306 51.277 51.268 51.247 51.229 51.223 51.208 51.196 51.181 51.175 51.158 51.146 51.139 51.128 51.122 51.102 51.096
51.485 51.424 51.439 51.452 51.450 51.455 51.467 51.470 51.474 51.479 51.485 51.489 51.498 51.512 51.518 51.522 51.531 51.567 51.557 51.565 51.574 51.576 51.571 51.569 51.569 51.620 51.612 51.616 51.611 51.597 51.591 51.584 51.581 51.566 51.554 51.546 51.529 51.529 51.494 51.465 51.453 51.463 51.445 51.405 51.394 51.388 51.374 51.359 51.315 51.387 51.276 51.289 51.228 51.220 51.212 51.195 51.176 51.169 51.160 51.146 51.141 51.125 51.120 51.098 51.087
51.445 51.408 51.415 51.472 51.435 51.446 51.443 51.452 51.465 51.467 51.470 51.481 51.485 51.498 51.556 51.511 51.512 51.538 51.548 51.563 51.570 51.569 51.562 51.558 51.557 51.630 51.601 51.612 51.593 51.592 51.583 51.577 51.579 51.560 51.552 51.535 51.526 51.520 51.498 51.459 51.446 51.423 51.407 51.396 51.383 51.372 51.355 51.320 51.305 51.359 51.275 51.287 51.257 51.234 51.229 51.240 51.232 51.175 51.171 51.147 51.142 51.134 51.117 51.092 51.083
51.409 51.394 51.404 51.414 51.418 51.427 51.433 51.439 51.452 51.461 51.460 51.469 51.478 51.484 51.495 51.502 51.504 51.517 51.550 51.557 51.566 51.564 51.556 51.548 51.546 51.551 51.573 51.584 51.577 51.583 51.577 51.571 51.563 51.557 51.545 51.530 51.524 51.504 51.471 51.461 51.445 51.429 51.447 51.440 51.377 51.350 51.337 51.324 51.290 51.276 51.267 51.251 51.237 51.229 51.219 51.209 51.198 51.181 51.149 51.140 51.133 51.121 51.112 51.091 51.083
51.389 51.378 51.385 51.401 51.410 51.416 51.425 51.430 51.436 51.455 51.449 51.458 51.462 51.475 51.478 51.512 51.492 51.499 51.519 51.552 51.571 51.550 51.545 51.543 51.533 51.544 51.588 51.587 51.568 51.578 51.587 51.559 51.555 51.553 51.546 51.539 51.544 51.521 51.473 51.456 51.431 51.419 51.410 51.396 51.384 51.367 51.351 51.324 51.298 51.289 51.303 51.257 51.235 51.223 51.215 51.206 51.193 51.175 51.161 51.147 51.139 51.190 51.116 51.094 51.083
51.358 51.369 51.374 51.381 51.386 51.409 51.410 51.420 51.430 51.439 51.442 51.446 51.457 51.469 51.465 51.475 51.486 51.492 51.507 51.551 51.549 51.545 51.540 51.526 51.521 51.526 51.537 51.546 51.557 51.570 51.562 51.547 51.547 51.544 51.534 51.530 51.521 51.514 51.470 51.456 51.444 51.428 51.421 51.438 51.422 51.354 51.326 51.311 51.290 51.280 51.251 51.236 51.228 51.217 51.205 51.203 51.190 51.180 51.172 51.161 51.150 51.146 51.105 51.087 51.079
51.350 51.353 51.366 51.374 51.378 51.401 51.401 51.409 51.417 51.425 51.429 51.434 51.446 51.456 51.457 51.463 51.512 51.486 51.496 51.507 51.542 51.513 51.521 51.508 51.511 51.517 51.527 51.577 51.572 51.568 51.548 51.538 51.537 51.533 51.526 51.523 51.517 51.512 51.497 51.465 51.459 51.424 51.413 51.406 51.376 51.366 51.351 51.335 51.293 51.279 51.272 51.284 51.231 51.206 51.198 51.188 51.183 51.172 51.165 51.158 51.153 51.183 51.105 51.083 51.074
51.345 51.343 51.353 51.369 51.371 51.385 51.395 51.400 51.409 51.421 51.413 51.434 51.431 51.439 51.450 51.450 51.467 51.479 51.486 51.507 51.527 51.502 51.514 51.501 51.504 51.508 51.507 51.525 51.545 51.555 51.538 51.531 51.523 51.515 51.520 51.507 51.503 51.508 51.504 51.481 51.465 51.455 51.425 51.412 51.408 51.400 51.333 51.311 51.304 51.295 51.282 51.244 51.213 51.205 51.191 51.175 51.168 51.159 51.158 51.140 51.133 51.130 51.102 51.090 51.085
51.340 51.334 51.343 51.354 51.363 51.372 51.379 51.395 51.400 51.412 51.403 51.445 51.422 51.430 51.432 51.443 51.456 51.492 51.501 51.505 51.499 51.495 51.530 51.489 51.498 51.492 51.498 51.514 51.559 51.548 51.534 51.525 51.513 51.506 51.509 51.494 51.488 51.492 51.487 51.485 51.475 51.469 51.447 51.423 51.413 51.457 51.340 51.349 51.290 51.284 51.259 51.250 51.245 51.239 51.177 51.168 51.159 51.151 51.142 51.133 51.125 51.107 51.100 51.084 51.076
