includes/estuary_coast/floodfiles/results/res.inittm
ncols         730
nrows         472
xllcorner     380617.130607059982140
yllcorner     6542069.774948899634182
cellsize      20.000000000000000
NODATA_value  -9999.000000
[rows 120 to 149 of 472, columns 136 to 203 of 730]
0.000 0.000 0.000 0.000 0.000 0.000 0.000 0.000 0.000 0.000 0.000 0.000 0.000 0.000 0.000 11.047 11.361 11.374 11.395 11.443 11.546 11.492 11.553 11.833 11.903 12.000 12.077 12.050 12.075 12.224 12.331 12.486 12.890 50.034 49.673 49.509 49.590 49.597 49.613 49.621 49.630 49.649 49.661 49.667 49.678 49.687 49.719 49.755 49.716 49.730 49.775 49.738 49.754 49.773 49.775 49.780 49.879 49.889 49.899 49.942 50.033 49.976 50.035 49.987 50.009 50.011 50.016 50.017
0.000 0.000 0.000 0.000 0.000 0.000 0.000 0.000 0.000 0.000 0.000 0.000 0.000 0.000 0.000 0.000 11.333 11.352 11.430 11.552 11.565 11.594 11.571 11.619 11.819 12.056 12.075 12.145 12.160 12.295 12.317 12.437 13.329 50.035 49.581 49.486 49.594 49.590 49.596 49.604 49.615 49.688 49.700 49.684 49.686 49.689 49.687 49.711 49.702 49.729 49.726 49.730 49.720 49.789 49.767 49.772 49.779 49.964 49.886 49.954 49.969 49.954 49.948 49.970 49.952 49.942 50.012 50.004
0.000 0.000 0.000 0.000 0.000 0.000 0.000 0.000 0.000 0.000 0.000 0.000 0.000 0.000 0.000 0.000 11.155 11.531 11.441 11.474 11.571 11.627 11.678 11.662 11.682 11.902 12.028 12.189 12.253 12.279 12.330 12.680 13.018 50.036 49.437 49.462 49.585 49.573 49.591 49.599 49.608 49.678 49.688 49.704 49.678 49.679 49.677 49.680 49.676 49.695 49.704 49.728 49.709 49.716 49.747 49.753 49.772 49.861 49.877 49.886 49.986 49.930 49.938 49.931 49.941 49.931 49.944 49.989
0.000 0.000 0.000 0.000 0.000 0.000 0.000 0.000 0.000 0.000 0.000 0.000 0.000 0.000 0.000 0.000 0.000 11.125 11.461 11.482 11.514 11.604 11.661 11.748 11.727 11.896 12.080 12.117 12.410 12.420 12.399 12.658 13.500 50.038 49.411 49.443 49.556 49.565 49.596 49.609 49.724 49.711 49.726 49.692 49.666 49.667 49.658 49.668 49.670 49.686 49.699 49.661 49.703 49.707 49.745 49.771 49.766 49.779 49.946 49.918 49.906 49.899 50.027 49.911 50.037 49.921 49.967 49.909
0.000 0.000 0.000 0.000 0.000 0.000 0.000 0.000 0.000 0.000 0.000 0.000 0.000 0.000 0.000 0.000 0.000 11.006 11.448 11.683 11.523 11.703 11.707 11.767 11.882 11.902 11.945 12.134 12.312 12.480 12.419 12.756 13.423 49.363 49.380 49.400 49.545 49.552 49.574 49.619 49.615 49.689 49.712 49.641 49.654 49.660 49.645 49.646 49.636 49.624 49.635 49.649 49.692 49.696 49.686 49.746 49.756 49.766 49.808 50.007 49.898 49.891 49.901 49.884 49.846 49.847 49.838 49.844
0.000 0.000 0.000 0.000 0.000 0.000 0.000 0.000 0.000 0.000 0.000 0.000 0.000 0.000 0.000 0.000 0.000 0.000 11.363 11.579 11.660 11.677 11.772 11.816 12.037 11.974 11.979 12.049 12.259 12.396 12.659 12.877 24.397 49.363 49.380 49.400 49.539 49.547 49.556 49.582 49.591 49.705 49.700 49.633 49.645 49.641 49.633 49.638 49.627 49.603 49.621 49.678 49.642 49.694 49.678 49.789 49.754 49.761 49.771 49.999 50.015 49.860 49.938 49.938 49.831 49.912 49.802 49.837
0.000 0.000 0.000 0.000 0.000 0.000 0.000 0.000 0.000 0.000 0.000 0.000 0.000 0.000 0.000 0.000 0.000 0.000 11.035 11.354 11.571 11.788 11.784 11.834 11.915 12.001 12.003 12.092 12.263 12.311 12.694 13.144 24.514 49.363 49.380 49.398 49.491 49.566 49.564 49.577 49.584 49.681 49.603 49.614 49.629 49.630 49.619 49.630 49.589 49.589 49.602 49.596 49.632 49.642 49.651 49.681 49.727 49.829 49.765 49.796 50.037 49.839 49.813 49.799 49.815 49.778 49.795 49.838
0.000 0.000 0.000 0.000 0.000 0.000 0.000 0.000 0.000 0.000 0.000 0.000 0.000 0.000 0.000 0.000 0.000 0.000 0.000 11.332 11.588 11.726 11.890 11.852 11.897 12.036 12.058 12.147 12.170 12.457 12.496 13.196 24.636 49.362 49.396 49.416 49.441 49.545 49.559 49.576 49.672 49.612 49.591 49.600 49.618 49.622 49.610 49.632 49.578 49.564 49.611 49.576 49.636 49.616 49.834 49.688 49.727 49.747 49.751 49.773 49.805 49.830 49.804 49.777 49.760 49.766 49.805 49.816
0.000 0.000 0.000 0.000 0.000 0.000 0.000 0.000 0.000 0.000 0.000 0.000 0.000 0.000 0.000 0.000 0.000 0.000 0.000 11.151 11.618 11.635 11.781 11.838 11.857 11.936 12.045 12.161 12.227 12.441 12.752 24.255 24.815 49.900 49.444 49.445 49.475 49.501 49.532 49.562 49.566 49.566 49.583 49.589 49.619 49.599 49.583 49.568 49.583 49.552 49.560 49.558 49.568 49.605 49.635 49.684 49.667 49.728 49.744 49.747 49.762 49.864 49.758 49.732 49.738 49.765 49.782 49.790
0.000 0.000 0.000 0.000 0.000 0.000 0.000 0.000 0.000 0.000 0.000 0.000 0.000 0.000 0.000 0.000 0.000 0.000 0.000 0.885 11.426 11.619 11.721 11.834 11.887 12.031 12.177 12.197 12.242 12.265 12.689 24.307 24.972 49.792 49.516 49.491 49.481 49.491 49.520 49.531 49.551 49.545 49.579 49.589 49.572 49.586 49.570 49.558 49.547 49.530 49.571 49.547 49.559 49.573 49.634 49.897 49.651 49.638 49.723 49.740 49.794 49.739 49.688 49.697 49.736 49.745 49.755 49.802
0.000 0.000 0.000 0.000 0.000 0.000 0.000 0.000 0.000 0.000 0.000 0.000 0.000 0.000 0.000 0.000 0.000 0.000 0.000 0.000 10.978 11.632 11.728 11.751 12.025 12.044 12.108 12.284 12.259 12.306 12.812 24.334 25.073 49.804 49.459 49.460 49.463 49.479 49.527 49.534 49.518 49.528 49.537 49.580 49.561 49.583 49.575 49.525 49.518 49.515 49.492 49.523 49.696 49.589 49.601 49.605 49.765 49.584 49.708 49.786 49.685 49.647 49.660 49.705 49.720 49.731 49.778 49.794
0.000 0.000 0.000 0.000 0.000 0.000 0.000 0.000 0.000 0.000 0.000 0.000 0.000 0.000 0.000 0.000 0.000 0.000 0.000 0.000 1.612 11.457 11.689 11.749 11.946 12.103 12.150 12.171 12.244 12.321 12.588 24.289 25.015 49.668 49.403 49.429 49.449 49.452 49.479 49.500 49.507 49.519 49.528 49.585 49.529 49.515 49.508 49.503 49.483 49.484 49.467 49.474 49.558 49.594 49.562 49.552 49.716 49.565 49.762 49.658 49.603 49.637 49.667 49.680 49.689 49.830 49.789 49.804
0.000 0.000 0.000 0.000 0.000 0.000 0.000 0.000 0.000 0.000 0.000 0.000 0.000 0.000 0.000 0.000 0.000 0.000 0.000 0.000 0.000 11.152 11.507 11.768 11.895 11.916 12.263 12.240 12.329 12.407 12.502 13.057 24.950 49.291 49.363 49.380 49.403 49.437 49.481 49.489 49.481 49.487 49.501 49.577 49.498 49.482 49.480 49.493 49.468 49.475 49.445 49.478 49.453 49.656 49.537 49.497 49.519 49.544 49.612 49.553 49.590 49.640 49.633 49.639 49.750 49.764 49.805 49.816
0.000 0.000 0.000 0.000 0.000 0.000 0.000 0.000 0.000 0.000 0.000 0.000 0.000 0.000 0.000 0.000 0.000 0.000 0.000 0.000 0.000 3.486 11.355 11.656 11.808 12.040 12.203 12.429 12.353 12.534 12.776 13.042 24.452 48.950 49.362 49.380 49.406 49.436 49.433 49.439 49.461 49.480 49.498 49.478 49.480 49.468 49.462 49.457 49.450 49.441 49.436 49.490 49.440 49.449 49.593 49.485 49.500 49.532 49.521 49.543 49.597 49.585 49.591 49.751 49.763 49.725 49.740 49.754
0.000 0.000 0.000 0.000 0.000 0.000 0.000 0.000 0.000 0.000 0.000 0.000 0.000 0.000 0.000 0.000 0.000 0.000 0.000 0.000 0.000 0.000 11.305 11.746 11.776 11.977 12.096 12.245 12.480 12.571 12.719 13.084 24.261 25.535 49.362 49.379 49.399 49.420 49.420 49.421 49.449 49.473 49.482 49.459 49.479 49.444 49.423 49.445 49.436 49.430 49.418 49.453 49.430 49.439 49.603 49.467 49.475 49.479 49.513 49.534 49.548 49.553 49.590 49.740 49.758 49.699 49.751 49.803
0.000 0.000 0.000 0.000 0.000 0.000 0.000 0.000 0.000 0.000 0.000 0.000 0.000 0.000 0.000 0.000 0.000 0.000 0.000 0.000 0.000 0.000 1.996 11.554 11.712 11.884 12.006 12.242 12.314 12.762 12.812 13.110 24.284 24.799 49.358 49.385 49.400 49.406 49.393 49.398 49.419 49.457 49.460 49.433 49.397 49.425 49.409 49.410 49.415 49.399 49.407 49.426 49.410 49.407 49.425 49.419 49.558 49.469 49.536 49.514 49.519 49.546 49.688 49.675 49.693 49.651 49.735 49.739
0.000 0.000 0.000 0.000 0.000 0.000 0.000 0.000 0.000 0.000 0.000 0.000 0.000 0.000 0.000 0.000 0.000 0.000 0.000 0.000 0.000 0.000 0.000 11.112 11.734 11.894 11.968 12.087 12.346 12.465 12.774 12.958 13.539 24.681 49.100 49.363 49.379 49.387 49.380 49.380 49.387 49.405 49.418 49.414 49.380 49.427 49.395 49.392 49.391 49.386 49.397 49.440 49.400 49.398 49.409 49.408 49.414 49.462 49.473 49.482 49.513 49.549 49.560 49.607 49.618 49.640 49.651 49.680
0.000 0.000 0.000 0.000 0.000 0.000 0.000 0.000 0.000 0.000 0.000 0.000 0.000 0.000 0.000 0.000 0.000 0.000 0.000 0.000 0.000 0.000 0.000 0.000 11.499 11.819 12.009 12.216 12.439 12.431 12.765 12.959 13.062 24.642 48.958 49.362 49.379 49.375 49.364 49.365 49.370 49.389 49.385 49.367 49.351 49.351 49.363 49.368 49.374 49.371 49.367 49.361 49.368 49.364 49.547 49.398 49.405 49.415 49.429 49.477 49.514 49.515 49.599 49.788 49.810 49.652 49.686 49.692
0.000 0.000 0.000 0.000 0.000 0.000 0.000 0.000 0.000 0.000 0.000 0.000 0.000 0.000 0.000 0.000 0.000 0.000 0.000 0.000 0.000 0.000 0.000 0.000 11.262 11.809 12.011 12.111 12.261 12.345 12.494 12.839 13.240 24.397 25.085 49.362 49.395 49.383 49.351 49.343 49.356 49.346 49.360 49.345 49.329 49.336 49.354 49.342 49.364 49.331 49.335 49.355 49.358 49.353 49.357 49.342 49.358 49.552 49.539 49.467 49.477 49.503 49.699 49.931 49.701 49.686 49.696 49.734
0.000 0.000 0.000 0.000 0.000 0.000 0.000 0.000 0.000 0.000 0.000 0.000 0.000 0.000 0.000 0.000 0.000 0.000 0.000 0.000 0.000 0.000 0.000 0.000 1.828 11.556 12.074 12.109 12.356 12.370 12.571 12.768 13.142 24.368 24.923 49.625 49.400 49.367 49.337 49.329 49.344 49.315 49.342 49.330 49.314 49.319 49.320 49.332 49.361 49.317 49.323 49.315 49.332 49.342 49.333 49.332 49.340 49.374 49.583 49.431 49.487 49.525 49.714 49.708 49.716 49.698 49.686 49.730
0.000 0.000 0.000 0.000 0.000 0.000 0.000 0.000 0.000 0.000 0.000 0.000 0.000 0.000 0.000 0.000 0.000 0.000 0.000 0.000 0.000 0.000 0.000 0.000 0.000 11.244 11.945 12.012 12.346 12.371 12.528 12.844 12.893 24.238 24.625 48.978 49.362 49.339 49.329 49.320 49.312 49.294 49.330 49.329 49.293 49.303 49.307 49.301 49.333 49.296 49.310 49.306 49.319 49.314 49.321 49.325 49.569 49.355 49.402 49.423 49.826 49.878 49.673 49.692 49.707 49.685 49.670 49.729
0.000 0.000 0.000 0.000 0.000 0.000 0.000 0.000 0.000 0.000 0.000 0.000 0.000 0.000 0.000 0.000 0.000 0.000 0.000 0.000 0.000 0.000 0.000 0.000 0.000 3.191 11.669 12.182 12.325 12.378 12.467 12.706 12.835 13.716 24.456 25.518 49.362 49.395 49.339 49.306 49.295 49.277 49.317 49.292 49.285 49.292 49.297 49.295 49.288 49.280 49.306 49.280 49.309 49.302 49.310 49.296 49.330 49.340 49.353 49.451 49.561 49.589 49.662 49.674 49.749 49.682 49.657 49.713
0.000 0.000 0.000 0.000 0.000 0.000 0.000 0.000 0.000 0.000 0.000 0.000 0.000 0.000 0.000 0.000 0.000 0.000 0.000 0.000 0.000 0.000 0.000 0.000 0.000 0.000 11.224 11.841 12.278 12.301 12.471 12.641 12.973 13.781 24.448 25.253 49.783 49.441 49.337 49.287 49.274 49.263 49.284 49.289 49.250 49.261 49.246 49.259 49.273 49.263 49.278 49.267 49.297 49.283 49.287 49.287 49.448 49.427 49.729 49.476 49.546 49.602 49.599 49.695 49.518 49.628 49.641 49.545
0.000 0.000 0.000 0.000 0.000 0.000 0.000 0.000 0.000 0.000 0.000 0.000 0.000 0.000 0.000 0.000 0.000 0.000 0.000 0.000 0.000 0.000 0.000 0.000 0.000 0.000 2.262 11.618 12.061 12.428 12.387 12.737 12.774 24.231 24.419 25.076 49.913 49.511 49.593 49.314 49.260 49.251 49.271 49.273 49.237 49.223 49.233 49.262 49.254 49.246 49.299 49.258 49.271 49.253 49.264 49.271 49.281 49.417 49.438 49.447 49.460 49.503 49.472 49.447 49.457 49.493 49.489 49.499
0.000 0.000 0.000 0.000 0.000 0.000 0.000 0.000 0.000 0.000 0.000 0.000 0.000 0.000 0.000 0.000 0.000 0.000 0.000 0.000 0.000 0.000 0.000 0.000 0.000 0.000 0.000 11.295 11.941 12.210 12.362 12.674 12.814 13.169 24.496 25.279 49.845 49.564 49.564 49.290 49.278 49.241 49.229 49.219 49.223 49.210 49.200 49.196 49.208 49.232 49.249 49.240 49.242 49.239 49.254 49.261 49.346 49.360 49.375 49.438 49.377 49.438 49.419 49.436 49.451 49.471 49.477 49.491
0.000 0.000 0.000 0.000 0.000 0.000 0.000 0.000 0.000 0.000 0.000 0.000 0.000 0.000 0.000 0.000 0.000 0.000 0.000 0.000 0.000 0.000 0.000 0.000 0.000 0.000 0.000 0.000 11.589 12.103 12.322 12.385 12.697 13.373 24.284 24.896 49.696 49.719 49.528 49.506 49.259 49.209 49.198 49.206 49.199 49.196 49.180 49.180 49.235 49.223 49.230 49.227 49.228 49.224 49.232 49.251 49.357 49.575 49.498 49.366 49.357 49.372 49.401 49.412 49.433 49.449 49.467 49.473
0.000 0.000 0.000 0.000 0.000 0.000 0.000 0.000 0.000 0.000 0.000 0.000 0.000 0.000 0.000 0.000 0.000 0.000 0.000 0.000 0.000 0.000 0.000 0.000 0.000 0.000 0.000 0.000 11.297 11.972 12.205 12.278 12.538 12.997 13.498 24.604 48.939 49.805 49.518 49.493 49.442 49.207 49.187 49.172 49.184 49.176 49.162 49.164 49.175 49.184 49.223 49.219 49.213 49.203 49.224 49.241 49.252 49.264 49.279 49.296 49.337 49.354 49.367 49.404 49.412 49.435 49.446 49.459
0.000 0.000 0.000 0.000 0.000 0.000 0.000 0.000 0.000 0.000 0.000 0.000 0.000 0.000 0.000 0.000 0.000 0.000 0.000 0.000 0.000 0.000 0.000 0.000 0.000 0.000 0.000 0.000 0.000 11.708 12.053 12.448 12.575 12.976 13.600 24.331 24.925 49.574 49.352 49.371 49.397 49.199 49.185 49.160 49.142 49.165 49.148 49.148 49.163 49.179 49.223 49.205 49.186 49.188 49.195 49.227 49.799 49.504 49.295 49.310 49.325 49.348 49.358 49.396 49.416 49.427 49.439 49.456
0.000 0.000 0.000 0.000 0.000 0.000 0.000 0.000 0.000 0.000 0.000 0.000 0.000 0.000 0.000 0.000 0.000 0.000 0.000 0.000 0.000 0.000 0.000 0.000 0.000 0.000 0.000 0.000 0.000 11.157 11.805 12.276 12.465 12.907 13.612 13.551 24.406 25.438 49.279 49.442 49.364 49.393 49.301 49.141 49.125 49.138 49.125 49.133 49.149 49.149 49.156 49.197 49.174 49.179 49.188 49.246 49.227 49.244 49.260 49.276 49.328 49.340 49.363 49.374 49.408 49.417 49.439 49.469
0.000 0.000 0.000 0.000 0.000 0.000 0.000 0.000 0.000 0.000 0.000 0.000 0.000 0.000 0.000 0.000 0.000 0.000 0.000 0.000 0.000 0.000 0.000 0.000 0.000 0.000 0.000 0.000 0.000 0.000 11.531 12.144 12.436 12.877 13.234 13.198 24.250 25.001 25.602 48.995 49.196 49.364 49.167 49.122 49.100 49.170 49.115 49.121 49.147 49.122 49.159 49.187 49.164 49.170 49.189 49.200 49.212 49.224 49.256 49.276 49.337 49.348 49.361 49.374 49.400 49.427 49.439 49.456
