scripts/pre_processing/step2_DEM_and_Bathy_merge/includes/copy of raw files for estuary_coast/dem.asc
ncols         730
nrows         472
xllcorner     380617.13060706
yllcorner     6542069.7749489
cellsize      20
NODATA_value  -9999
[rows 252 to 279 of 472, columns 630 to 692 of 730]
4.53392 4.706718 4.274568 4.236028 4.09005 4.298561 4.717796 4.340541 4.229804 4.228045 4.14508 4.225738 4.136411 4.674207 4.736809 4.408606 4.208508 4.081282 4.572953 4.544851 4.157361 4.30929 3.828175 -1.03 -1.02 -1.02 -1.02 -1.02 -1.02 3.730967 3.939334 3.975618 3.597827 3.4891 3.528332 3.48098 3.718277 3.704551 3.185951 3.517856 3.31536 3.316086 3.201039 3.244066 3.828866 4.000104 3.698857 3.685612 3.439714 3.526064 0.9348769 -2.376526 -2.517172 -2.491942 -4.712152 -5.206974 -7.440794 -5.881861 -5.917167 -8.904154 -6.745856 -6.54197 -7.48642
4.239712 4.064544 4.068712 4.386007 4.799758 4.586734 4.363787 4.175512 4.251021 4.256972 4.092797 4.073027 4.585773 4.446934 4.363104 4.465378 4.496566 4.072218 4.538001 4.429729 4.186045 4.182815 3.907686 -1.03 -1.02 -1.02 -1.02 -1.02 1.954091 3.807166 3.606384 3.608056 3.455219 3.371063 3.467801 3.623785 3.588282 3.538907 3.343089 3.239065 3.34911 3.378449 3.628328 3.698991 3.427192 3.46131 3.621603 3.182487 -1.144542 -0.9485081 -1.83974 -5.345903 -5.392026 -6.693766 -6.178201 -6.080097 -7.755365 -6.361986 -5.74432 -5.386208 -5.25926 -6.108661 -4.362349
4.154082 4.471323 4.570731 4.652174 4.488158 4.475293 4.292996 4.184354 4.247995 4.084764 4.2357 4.350687 4.529203 4.523206 4.574186 4.251491 4.133031 4.10932 4.089488 4.120787 4.174032 4.144528 3.73222 -1.020739 -1.02 -1.02 -1.02 -1.02 -1.02 3.940878 3.707347 3.443638 3.412528 3.509611 3.726655 3.717042 3.729161 3.704139 3.292885 3.103348 3.282902 3.66918 3.386011 3.365433 3.340974 3.218504 1.107074 -1.087367 -3.606626 -4.346708 -5.82753 -5.612389 -6.160232 -9.145535 -6.564965 -6.746063 -4.387751 -4.439512 -4.026165 -3.478753 -2.268791 -1.84741 -2.261562
4.623501 4.393327 4.437689 4.278538 4.306027 4.108644 4.365865 4.154272 4.178733 4.211684 4.171603 4.265978 4.753218 4.519892 4.559423 4.559043 4.189156 4.257429 4.132646 3.982768 4.200669 3.666199 3.644642 -1.02 -1.02 -1.02 -1.02 -1.02 -1.02 3.883723 3.71081 3.456649 3.53636 3.558244 3.454719 3.528558 3.648086 3.551838 3.326143 3.185627 3.236323 3.594936 3.426548 3.242123 0.556609 -0.2658865 -2.809043 -3.807665 -4.283874 -5.922515 -9.495273 -6.596735 -6.224967 -4.592183 -3.393115 -3.235486 -3.148228 -1.925694 -1.694407 0.1171716 0.3008754 -0.151507 2.691895
4.194643 4.269644 4.242594 4.67246 4.33267 4.4429 4.229321 5.326018 4.433963 4.064877 4.45761 4.505172 4.595431 4.471558 4.543476 4.314661 4.191261 4.612955 4.122651 4.013177 4.212724 3.931391 3.758945 -1.02 -1.02 -1.02 -1.02 -1.02 -1.02 3.780974 3.868032 3.3812 3.538491 3.691944 3.398939 3.501569 3.60668 3.687264 3.58643 3.252673 3.395968 3.280628 3.297646 -0.04074991 -0.285974 -1.28444 -6.488228 -7.084266 -6.684908 -6.094206 -5.231597 -4.26499 -4.158918 -3.178089 -2.076632 -1.786166 0.6598853 0.7692528 2.990949 3.410906 3.273025 3.309715 3.1734
4.242439 4.368903 4.513571 4.464672 4.324828 4.203767 5.263849 4.185827 4.254408 4.060287 4.057915 4.012021 4.256306 3.875055 4.191197 4.364786 4.259797 4.528394 4.034711 4.136567 4.212382 3.590736 3.575368 -1.02 -1.02 -1.02 -1.02 -1.02 -1.02 3.971194 3.741915 3.468174 3.304343 3.704564 3.775552 3.664804 3.427559 3.459703 3.539934 3.313315 3.215729 3.336732 0.06813705 -0.2205961 -4.170424 -5.764661 -6.447066 -6.293723 -6.664083 -4.748446 -3.702397 -2.797484 -2.069113 0.5362694 1.757698 3.361814 3.290296 3.240057 3.238466 3.247777 3.133889 3.148194 3.072675
4.176411 4.455712 4.347858 4.294753 4.17995 5.364365 4.323431 4.326845 4.006171 4.041502 4.057755 4.154987 4.04125 3.776764 3.909338 4.258329 4.140869 4.621713 4.054663 3.979241 4.334098 3.864579 3.653358 -1.02 -1.02 -1.02 -1.02 -1.02 -1.010739 3.994367 3.913762 3.493851 3.754699 3.658316 3.614835 3.541152 3.574489 3.447976 3.209414 3.331828 -0.2602597 -2.045944 -1.771682 -2.56057 -8.19209 -8.48876 -5.947674 -4.505161 -3.161772 -1.837387 -0.3982433 0.549956 3.315754 3.255511 3.168957 3.339818 3.144006 3.237522 3.712796 3.852357 3.433601 3.001129 3.002738
4.37586 4.334698 4.496911 4.228452 5.265911 4.492946 4.175505 3.993699 4.037794 3.882631 3.873139 3.824627 3.883692 4.070381 4.097115 4.203228 4.305943 4.39901 4.181839 3.984168 4.140043 3.895809 3.655191 -0.8275353 -1.02 -1.02 -1.02 -1.02 4.231002 3.968788 3.779887 3.85529 3.950411 3.930342 3.646113 3.444763 3.286236 3.36537 3.25624 1.964167 -2.215488 -5.818899 -6.414966 -7.207968 -6.947765 -6.259851 -5.533632 -3.138518 -1.543478 -0.373533 3.438841 3.255222 3.19798 3.171551 2.987408 3.748956 3.567286 3.050967 2.982981 3.115627 3.096971 3.097027 3.027327
4.348049 4.398429 4.873976 5.085446 5.12828 4.220789 4.056376 3.73824 3.839373 3.98626 3.611127 3.624685 3.975276 3.998007 4.110433 4.220151 4.325675 4.417825 4.521149 4.112707 4.219954 3.886478 3.679727 4.023777 -1.02 -0.005461246 4.015031 4.219514 -1.01 4.30024 3.863613 4.218111 4.202549 4.027996 3.427099 3.274205 3.222739 3.391456 -0.2001733 -1.684602 -4.362363 -6.111705 -8.113723 -9.185116 -6.180161 -5.475074 -4.145963 -3.522185 3.279867 3.277061 3.298881 3.160959 3.166386 3.761178 3.089918 3.053958 3.223083 3.192458 3.001221 2.94717 2.96493 2.938339 2.95267
4.365291 4.227593 4.543292 5.190688 4.287783 4.082314 3.947196 4.036837 4.079418 4.011476 3.876724 3.965878 3.910878 4.010004 3.98101 4.119646 4.332913 4.825409 4.588771 4.10692 4.107318 3.833212 3.71655 4.288861 1.828778 4.106303 4.026317 4.315405 -0.6577827 0.5912279 4.256305 4.23817 3.878144 3.393048 3.265213 3.272444 2.848467 0.6800126 0.9512427 -4.354935 -8.831101 -7.897431 -7.89282 -6.251118 -4.884625 -3.032452 -0.3931022 3.253022 3.159315 3.162997 3.078828 3.626565 2.990672 3.0942 3.117531 3.042824 3.015482 3.214047 2.993409 2.939987 2.927558 2.918158 2.9526
4.107527 4.207784 5.514558 4.32773 4.211576 4.074007 3.944236 3.928111 4.061153 4.164427 4.119595 4.050673 4.130217 4.246543 4.268431 4.211765 4.374952 4.391322 4.362704 3.987359 4.089399 3.943412 3.780336 3.996805 3.974966 3.918523 3.882588 4.106898 4.378611 -1.01 4.458712 4.09477 3.744741 3.305826 3.450239 3.492869 0.3750959 -0.7881041 -1.726445 -5.746876 -9.531412 -8.379003 -8.087182 -5.968207 -4.076035 3.206782 3.154748 3.264642 3.138644 3.627981 3.108503 3.247855 3.509117 3.111069 3.021757 3.030302 2.968349 2.917689 3.283074 3.045009 2.919924 2.965526 2.936787
4.14258 4.247404 4.240934 4.223317 4.060361 3.982325 3.862309 3.814449 4.040656 4.02043 4.047281 4.035339 3.966339 4.045106 4.261398 4.261705 4.141047 4.395812 4.506785 4.112071 4.030357 4.16912 3.95792 3.885149 3.834233 3.310074 3.561308 3.937519 4.396004 3.614107 -1.01 4.836339 3.88375 3.737435 3.606833 1.012018 -0.2667797 -2.995236 -4.313715 -6.234674 -6.874627 -6.493448 -5.481488 -3.681514 3.323375 3.254375 3.075958 3.003965 3.306836 3.015929 3.118773 3.030577 3.352876 3.429581 3.016883 2.948647 2.943909 2.919692 2.932517 3.217838 2.987974 2.916209 2.971069
4.103267 4.124972 4.23258 4.317262 4.250038 4.029812 3.896818 4.209208 4.184912 4.216088 4.229864 4.148358 4.196817 4.201838 4.267557 4.320076 4.181521 4.307076 4.27908 4.096448 3.985624 3.95979 3.803305 3.648444 3.537851 3.368812 3.295514 3.471535 4.300212 3.699019 2.973016 3.054864 2.862635 3.745697 1.476416 0.262142 -1.34989 -3.543685 -4.835526 -6.684409 -6.123415 -5.962344 -4.897408 3.127416 3.173231 3.167629 3.309094 2.916197 3.378791 3.163221 3.08564 3.042935 2.998938 3.215284 3.165731 2.912441 2.979956 2.930602 2.924756 2.934428 3.016526 3.002662 2.939007
4.074768 4.109943 4.211472 4.185656 4.558806 4.135595 4.197201 4.151279 4.097273 4.105378 4.194083 4.103254 4.208769 4.216609 4.160342 4.318086 4.478589 4.408046 4.130964 4.063976 4.067979 3.649234 3.540814 3.702077 3.623344 3.312367 3.216563 3.675122 4.255291 4.36062 2.983712 2.935286 2.819652 2.124966 0.9329158 -0.6898871 -4.324619 -5.025374 -5.659182 -5.619398 -5.063484 -4.111635 3.303312 3.186503 3.124471 3.543672 2.745509 3.03585 3.227328 3.127717 3.038065 2.918435 2.964842 2.933173 3.036747 3.015089 2.997153 2.923992 2.920606 2.95715 2.857148 2.952904 2.91624
4.169488 4.308462 4.183195 4.351527 4.344095 4.206332 4.333666 4.239423 4.134052 4.254911 4.211801 4.202568 4.500133 4.23891 4.314697 4.228597 4.192591 4.510151 4.138082 4.08934 3.898465 3.987994 3.388228 3.555596 3.638155 3.321956 3.286877 3.544135 3.801069 3.608382 2.947685 2.74898 2.554552 1.578405 0.8197266 -1.415162 -6.381355 -5.827041 -6.639045 -5.220011 -5.211865 -4.38207 3.221094 3.091406 3.531237 2.831832 3.00455 2.951599 3.121092 3.232086 3.028602 2.966648 2.947637 2.909131 2.947381 2.98311 2.923743 2.94966 2.937125 2.919292 2.926826 2.89457 2.871006
4.441432 4.297032 4.357646 4.30695 4.41605 4.250346 3.929446 3.708379 3.725631 3.900221 3.802631 4.011359 4.184661 4.361045 4.403962 4.163589 4.158997 4.57362 4.401043 4.401274 3.986032 3.962073 3.445185 3.234109 3.376526 3.340921 3.211556 3.375252 3.436586 3.433712 3.873299 2.237507 1.856159 0.8373692 -1.123311 -3.547561 -5.355582 -6.187753 -5.494719 -4.214973 -0.9846319 3.244208 3.180308 3.61828 2.815958 3.060142 3.14257 3.067556 2.890312 3.246057 2.994698 2.976862 3.00122 2.92637 2.850989 2.921086 2.99987 2.969525 2.855126 2.89086 2.912038 2.902359 2.861821
4.562542 4.53757 4.613925 4.341318 4.469374 4.303798 -0.7656263 -1.04 -1.04 -1.04 -1.04 3.996836 4.248379 4.245504 4.390233 4.474834 4.40395 4.742508 4.623533 4.485494 3.956448 3.760616 3.771272 3.388808 3.462164 3.472813 3.591748 3.319281 3.630381 2.518337 3.903054 3.010253 1.715723 1.28791 -2.963117 -6.248659 -6.071336 -6.658688 -5.676744 -3.901849 3.335258 3.205054 3.323748 2.73613 2.991729 3.12845 3.068984 3.002603 3.004112 2.901255 3.059778 2.977803 2.855093 2.899686 2.843678 2.893533 3.011487 3.099147 2.895469 2.894315 2.929432 2.894073 2.955863
4.807509 4.762966 4.538951 5.285235 4.594392 4.496509 -0.783449 -1.04 -1.04 -1.04 -1.04 3.989866 4.276484 4.193573 4.463152 4.602701 4.539188 4.61035 4.51937 4.32196 4.03079 3.850993 3.489176 3.42771 3.610167 3.804358 3.705928 3.518402 3.164621 7.62693 4.430763 1.362931 -0.2338176 -2.119195 -4.037277 -5.932288 -5.95099 -5.55264 -4.549193 -3.687352 3.253306 3.085793 3.285113 3.087728 3.065274 3.057076 3.020875 2.994968 3.005928 3.029143 3.189256 2.981798 2.835397 2.85195 2.87579 2.824541 2.893642 2.958235 3.22958 2.915205 2.953699 2.966497 2.947366
4.832208 4.564644 4.800338 4.892629 4.591022 4.595507 -0.8288438 -1.04 -1.04 -1.04 -1.04 3.991322 4.221731 4.227918 4.495624 4.705109 4.562418 4.619905 4.391294 4.194108 3.929659 3.846728 3.662935 4.267552 3.812957 3.747497 3.310392 5.556654 7.212682 6.422109 6.241423 1.260333 -2.942257 -4.750836 -5.20841 -6.144012 -6.088066 -5.415698 -5.880066 3.329195 3.187717 3.321059 2.871353 3.162233 3.052368 3.080818 3.06813 2.929807 2.969525 3.03138 2.942687 2.874078 2.915494 2.832153 2.79585 2.835121 2.835646 2.954119 3.056091 3.102626 2.928726 2.917087 2.883168
5.201283 5.04807 5.349366 4.792663 4.706696 4.392218 -0.8710031 -1.04 -1.04 -1.04 -1.04 3.72779 3.630874 3.91722 4.337568 4.533066 4.367658 4.097997 4.091405 3.800889 3.86424 3.551846 4.139178 4.237661 4.193674 3.519757 2.716714 5.33185 4.467187 3.636914 3.731115 1.371202 -2.160847 -4.275223 -6.11897 -6.421923 -5.790671 -4.504851 -3.262833 3.28801 3.19338 3.671101 3.121895 3.065879 3.122989 3.048501 2.974135 2.886034 2.973561 2.947385 2.835729 2.97503 3.053895 2.836262 2.897432 2.850865 2.895213 2.89625 3.002603 3.041962 3.136327 2.905618 2.894757
5.245792 4.999485 5.005317 5.124514 4.841274 4.43231 -1.04 -1.04 -1.04 -1.04 -1.030336 3.81701 4.0609 4.154546 4.443742 4.538874 4.370641 4.231852 4.137589 3.969394 3.742918 3.573628 3.948686 4.083489 3.811345 2.981295 4.891585 3.772563 3.615348 3.749233 4.937105 0.7145398 -1.163705 -4.668178 -5.806008 -6.052572 -5.324918 -5.867075 3.274668 3.251827 3.067984 2.677275 3.121343 3.096473 3.100723 3.01474 2.969537 2.941622 2.956925 2.893013 2.868349 2.864501 2.917586 3.045346 2.887572 2.998776 2.92038 2.987215 2.936417 2.948529 3.051557 2.999166 2.841477
5.708039 5.373866 5.482711 4.938213 4.868777 4.595448 -1.04 -1.04 -1.04 -1.04 -1.03 3.876065 4.131547 4.229828 4.298155 4.458257 4.398112 4.180381 4.035561 3.978678 3.93247 3.706544 3.616678 3.029601 4.366617 4.229794 3.860129 4.127381 4.201762 4.073756 3.874035 0.9560902 0.5406971 -5.604193 -6.21642 -5.933895 -5.575885 -2.845502 3.176183 3.186367 3.174953 2.715235 2.936947 3.021959 2.933679 3.005966 2.947397 2.964023 2.930228 2.865428 2.803548 2.982136 3.026285 2.965434 2.990535 3.037983 2.974432 2.976304 3.067076 2.916956 2.897775 3.060225 2.907266
5.714852 6.040675 5.995937 4.754563 4.876722 4.875104 -1.04 -1.04 -1.04 -1.030739 -1.03 3.771216 4.080181 5.028217 4.555793 4.479297 4.086956 3.98406 3.860565 3.907049 3.86924 3.771513 4.53467 4.424905 3.473783 -1.386713 2.146582 4.122365 4.216697 4.348257 1.62557 -0.09596938 -2.281157 -4.836176 -6.105573 -5.798625 -4.614965 -5.722239 3.53737 3.267343 3.701535 2.976698 2.996306 2.944668 2.943028 2.98291 2.896262 2.910484 2.936122 2.846068 2.934234 2.915428 3.016823 2.891436 2.957539 3.016262 3.116055 3.018605 3.024785 3.027508 2.940336 2.981046 3.093006
6.274144 6.60559 6.460823 5.115614 5.209195 5.214657 4.901909 5.041048 4.883451 4.89517 -1.03 5.936198 5.699774 4.966073 4.725415 4.431108 4.026032 3.930315 3.841035 3.785163 3.107066 5.986248 4.704303 4.513731 4.317207 4.087326 0.2386768 -2.317069 -2.222795 2.016712 1.164405 -0.9573091 -5.495251 -5.662543 -6.606673 -5.891531 -6.009046 -1.643885 3.12671 3.613156 3.44127 3.005167 2.969389 2.985974 2.938771 2.940033 2.88691 2.855405 2.898432 2.923564 2.945135 2.97624 3.000352 3.039437 3.115221 2.980863 3.076165 3.078279 3.070911 3.034215 2.950646 2.927322 2.998499
6.69698 6.695239 7.066392 5.848054 5.80163 5.70363 5.624444 5.747562 5.797326 5.800973 5.804574 1.0221 5.089481 5.016293 5.092155 4.162801 5.198743 6.072397 3.642349 5.523492 4.871774 4.456739 4.740451 4.402969 4.317533 4.301668 4.319039 4.328139 4.104452 1.843094 1.430704 -1.019981 -4.876164 -5.892683 -6.32503 -5.43226 -4.348297 3.293063 2.941532 2.99675 3.241982 2.877041 2.877093 2.880296 2.845927 2.868834 2.871101 2.868554 2.882107 2.90485 2.875646 2.950691 2.987643 2.992121 3.022844 2.947862 3.036579 2.799547 3.14674 3.196396 3.096782 2.998842 2.930872
7.373799 7.237144 7.265448 6.962482 6.728918 6.28543 6.254516 6.407737 5.994816 5.665519 5.780766 2.547151 -1.03 5.299417 5.915193 5.116577 4.715048 4.300828 4.685846 4.435055 4.336855 4.303503 4.312321 4.300606 4.573734 4.566918 4.334483 4.322161 4.226502 4.321704 -0.005327284 -3.294534 -5.336821 -6.219 -6.339126 -5.537046 -4.366779 2.992355 3.265011 2.799826 2.751676 2.787451 2.788857 2.786946 2.807926 2.845387 2.891525 2.871819 2.896971 2.943164 2.916795 2.963496 2.922991 2.976572 2.871068 3.110729 2.958441 3.057702 2.828969 3.178351 2.956984 3.041669 2.835549
7.086413 7.844647 7.861617 7.937634 7.681915 6.946552 6.696415 6.187407 5.984334 7.97842 5.016461 5.340685 -0.7819701 1.451903 5.085869 4.623541 4.460346 4.953241 4.669211 4.5107 4.676334 4.58005 4.313882 4.062671 4.407858 4.450322 4.610736 4.580369 4.301716 4.212906 0.2393026 -4.405726 -6.242191 -6.248439 -6.394285 -4.975254 -3.327456 3.110342 2.835 2.970365 3.049495 3.029605 2.96091 2.837613 2.870304 2.811307 2.849596 2.89157 2.837679 2.819542 2.926338 2.942005 2.914266 2.968798 2.967886 3.100822 2.876998 2.9261 2.862653 3.300089 3.101239 3.31923 3.245385
9.092127 8.582747 8.36781 8.656851 8.411121 7.362249 6.825166 6.451383 7.816396 8.59368 8.012883 4.995356 5.186663 -1.024953 4.94616 5.002171 4.240776 4.399429 4.904679 4.657772 4.620812 4.560887 4.122389 4.091874 4.256357 4.203573 4.508904 4.234486 4.036386 3.97288 0.7249166 -3.158005 -5.726877 -6.942149 -6.091986 -4.835934 -4.161139 3.131204 2.804023 2.829524 3.058995 3.020936 3.025321 2.933746 2.911922 2.813555 2.900162 2.911452 2.757425 2.843081 2.808417 2.738352 2.928805 2.93182 2.96138 2.903919 3.130533 2.902341 2.782733 2.850754 2.914862 2.964661 3.092061
