scripts/pre_processing/step2_DEM_and_Bathy_merge/includes/copy of raw files for estuary_coast/dem.asc
ncols         730
nrows         472
xllcorner     380617.13060706
yllcorner     6542069.7749489
cellsize      20
NODATA_value  -9999
[rows 168 to 195 of 472, columns 63 to 125 of 730]
3.709366 3.605409 1.090016 0.6459512 0.5789082 0.5172344 0.5104796 0.5466714 0.4099522 0.3679839 0.4420471 0.3787565 0.3006724 0.3696178 0.2322109 0.3165893 0.1976175 0.2775867 0.1851866 0.2087414 0.2604285 0.1231238 0.0464097 0.1722315 0.0840923 0.1212881 -0.01058989 0.01100739 0.02054824 -0.04868312 -0.1081446 0.05743162 -0.006250038 -0.08861548 -0.212128 -0.08227931 -0.08142082 -0.2090872 -0.1595766 -0.263736 -0.06532751 -0.199482 -0.1303591 -0.2257568 -0.1352585 -0.2303379 -0.1806058 -0.1853692 -0.1995571 -0.3331086 -0.3534376 -0.2972987 -0.1662137 -0.7185679 -0.07516716 -0.3442957 -0.3208969 -0.2190143 -0.3385926 -0.3780429 -0.2562777 -0.3093896 -0.4029157
3.670996 3.274488 1.84523 0.7000424 0.6367983 0.6384028 0.5710537 0.4671732 0.51582 0.548142 0.3807139 0.3178606 0.387281 0.2863582 0.4192346 0.3771808 0.3631752 0.3254307 0.3008685 0.180815 0.1302215 0.1707212 0.1646031 0.07378343 0.07969455 0.1088542 0.1226678 0.008511709 0.08736873 0.003750743 -0.09816685 -0.09295623 0.01680977 -0.08638515 -0.03668103 -0.1325421 -0.08084086 -0.2113076 -0.2069952 -0.1586184 -0.2021455 -0.1850201 -0.1892267 -0.2762583 -0.1929134 -0.2444798 -0.3184268 -0.2796415 -0.3671495 -0.3104958 -0.2122232 -0.3463406 -0.3171333 -0.1150517 -0.04594478 -0.006132856 -0.4726363 -0.2624318 -0.2415592 -0.2512673 -0.2561756 -0.2406324 -0.2534927
3.420291 2.517385 1.75752 0.7844673 0.6428053 0.6356223 0.5787253 0.5159696 0.4969349 0.3759477 0.4907089 0.4074536 0.4606539 0.334739 0.4688862 0.4169143 0.4136425 0.3335689 0.3046718 0.269762 0.09676776 0.2490758 0.1573994 0.0967724 0.2660368 0.1556018 0.1673784 0.08150345 0.05439745 0.06910262 0.07658546 -0.04721344 -0.1561439 -0.02292565 -0.031177 -0.04507328 -0.1138963 -0.08419257 -0.1410839 -0.1029774 -0.143342 -0.1400442 -0.1706661 -0.1710724 -0.1783042 -0.1555778 -0.1704188 -0.2506377 -0.3522023 -0.211427 -0.2444079 -0.2877614 -0.3148774 -0.06108179 -0.06458444 -0.0846858 -0.1238405 -0.3130544 -0.2604106 -0.2694837 -0.2267058 -0.375358 -0.2410987
3.309383 1.780188 1.126771 0.866094 0.732096 0.684259 0.6271991 0.5778764 0.4845442 0.5295283 0.5246538 0.4667382 0.4325751 0.2873123 0.3814669 0.3963539 0.2814011 0.3466491 0.2278286 0.211694 0.330229 0.1427528 0.1989952 0.2139822 0.1921951 0.1326057 0.1359035 0.1420478 0.1169003 0.07389633 -0.00103069 0.06845231 -0.09619971 -0.006540858 -0.09671233 -0.01382436 -0.06923822 -0.02426413 0.02983425 -0.1757182 -0.1445934 -0.1948134 -0.1133294 -0.1672631 -0.1595106 -0.1309779 -0.2000923 -0.348357 -0.315475 -0.2444258 -0.1328451 -0.2800194 -0.2736709 -0.2454122 -0.1160249 0.001731377 -0.06686834 -0.07692257 -0.3547743 -0.2671674 -0.229899 -0.3683401 -0.3638201
2.702209 1.830209 1.13099 0.8809621 0.8693604 0.6937284 0.6337524 0.6304843 0.5614704 0.5124575 0.5032948 0.5054998 0.4377466 0.4038438 0.3591793 0.4064301 0.3831328 0.2726366 0.3686155 0.2616681 0.2433509 0.1667944 0.2535408 0.2631159 0.1458438 0.1654393 0.07564168 0.1479868 0.1069481 0.1852243 0.1159566 0.07483108 0.01009925 0.0491149 0.01993632 -0.03244 0.03426082 -0.05841066 -0.03499245 -0.05228828 -0.1332632 -0.2396516 -0.1072301 -0.09313239 -0.07717649 -0.1318954 -0.2064434 -0.1972419 -0.1540966 -0.2440196 -0.1836788 -0.3656687 -0.2264524 -0.3118354 -0.1116833 -0.04357241 0.01894018 0.004733586 -0.1255698 -0.2868313 -0.2763477 -0.2136497 -0.2153951
3.264468 3.502007 1.12739 0.9857365 0.9596125 0.8027272 0.6793532 0.5698084 0.6251237 0.6819611 0.5923461 0.4961091 0.4757924 0.4739344 0.4573138 0.430824 0.447774 0.4572667 0.3978775 0.2582058 0.2667612 0.2616943 0.2889951 0.2603135 0.2668853 0.07695489 0.2057668 0.1123156 0.1678404 0.1116926 0.06311584 0.08567984 0.04475483 0.02737811 -0.02542458 -0.09968968 0.02859868 -0.0328444 -0.09951141 -0.1063992 -0.1154145 -0.1089841 -0.1323691 -0.09473256 -0.0780336 -0.1459459 -0.1916009 -0.1558502 -0.26717 -0.2708649 -0.3417777 -0.3628566 -0.1754224 -0.4332661 -0.1077671 -0.09309893 -0.1175866 -0.07916377 0.01040367 -0.1585713 -0.3166857 -0.273672 -0.2710609
2.619726 3.384384 1.358861 0.9946545 0.9463068 0.8166925 0.8369464 0.7018104 0.682628 0.566611 0.5567271 0.5455356 0.4041286 0.493105 0.4199094 0.3224823 0.4730637 0.360532 0.3519838 0.3269597 0.3918105 0.3758243 0.2740097 0.3008143 0.2396318 0.1625978 0.247482 0.06543355 0.08690029 0.2095646 0.2214893 0.07969654 0.02715891 -0.03371186 0.05402466 0.01456397 0.05689529 0.04701392 -0.01024484 0.001207938 -0.001547689 -0.09285337 -0.0930813 -0.08117092 -0.1065347 -0.199327 -0.1371581 -0.2424694 -0.2390433 -0.1686063 -0.1298048 -0.1552014 -0.2408327 -0.2580116 -0.0522591 -0.1404641 -0.1073577 -0.008408857 -0.03789541 0.04093144 -0.2134947 -0.3622059 -0.2230084
2.866664 2.67997 2.522292 0.9890614 0.9533607 0.8175662 0.8215203 0.7438111 0.6690552 0.5848763 0.6188301 0.5266537 0.5369686 0.5178947 0.4408585 0.2750152 0.3540052 0.3939894 0.3030899 0.3365099 0.3965757 0.3373508 0.3894539 0.1593579 0.1838367 0.1472947 0.1968345 0.07211278 0.1566616 0.02253023 0.133365 0.02055871 0.1199363 0.124598 0.03916166 0.08647435 0.02350952 -0.04382369 0.02280342 0.01362742 0.04474406 0.006931229 -0.02846923 -0.04328087 -0.1608542 -0.0525758 -0.03753056 -0.08417463 -0.1516124 -0.129208 -0.1245356 -0.2279164 -0.1268798 -0.09213469 -0.03137044 0.01159758 -0.07140132 0.01738816 -0.04381106 -0.03448592 0.03884707 -0.1027956 -0.226662
2.573282 2.797598 3.678565 1.328953 1.297858 0.902194 0.8416746 0.8133668 0.7450572 0.7086148 0.5695219 0.6082377 0.6320622 0.5461224 0.4543439 0.4837704 0.3226597 0.4567062 0.3646617 0.3840401 0.3902625 0.3322131 0.2742073 0.261428 0.2057578 0.2584107 0.2057988 0.1950262 0.1963549 0.1109746 0.1786709 0.1211505 0.1269215 0.1166739 0.1114449 0.07976666 0.03815072 -0.00809065 0.08615362 0.1266317 0.0633251 0.1208233 -0.01651275 0.03959122 -0.03520887 -0.08404693 -0.01230839 -0.05491089 -0.06646105 -0.08716632 -0.1417526 -0.2644161 -0.1041793 -0.1274608 -0.03636717 -0.01680796 -0.08910877 -0.09012435 0.001556655 0.02354148 -0.0681899 0.05254641 -0.1135904
2.812345 2.84522 3.182844 1.886286 1.440788 0.9277506 0.9314207 0.8484966 0.8080975 0.7390901 0.6932496 0.6071557 0.6205835 0.5235167 0.4735734 0.4225942 0.4082784 0.3549993 0.3710961 0.4596063 0.4353322 0.3489951 0.3592205 0.2965534 0.3121685 0.1998609 0.170174 0.3260437 0.2266483 0.2268623 0.1963079 0.1044992 0.003126254 0.1170686 0.04547057 0.1210501 0.1571646 0.06849907 -0.008307082 0.01274666 0.117061 0.04440003 0.09597354 -0.004895004 -0.01076719 -0.02458191 -0.001230989 -0.07019158 -0.09614465 -0.1240711 -0.1264344 -0.2276606 -0.1125827 -0.08986699 0.02477427 -0.01797419 -0.01625178 -0.09093217 -0.01895059 -0.02511143 -0.2321005 0.03768517 0.03189177
2.757583 2.908743 3.003049 3.792711 1.603892 0.9233639 0.8346243 0.8702642 0.8944489 0.7224098 0.6935548 0.6910138 0.6258624 0.5652595 0.5799202 0.5004088 0.4126413 0.4578447 0.4792986 0.396524 0.3260994 0.2969597 0.368754 0.3049568 0.3539459 0.2235523 0.2558394 0.1857499 0.1485702 0.2754289 0.1233381 0.1726183 0.1021304 0.1579548 0.1210235 0.1476381 0.1292141 0.149226 0.00720056 0.001780667 0.00550403 0.06882299 -0.01221666 0.1027017 0.06345987 -0.02073626 -0.05071754 -0.02725773 -0.03801771 -0.110307 -0.1201898 -0.1115052 -0.05687014 -0.02261648 -0.003034227 -0.07992025 -0.1012428 -0.06775421 -0.09462537 -0.1731352 0.07671486 0.05903587 0.0424701
2.705968 3.139215 2.542987 3.336209 2.827593 1.198341 0.8853168 0.9123929 0.8933977 0.8251769 0.7738021 0.7820913 0.6048832 0.6024036 0.5189284 0.5666084 0.5545589 0.469954 0.4582305 0.4577836 0.322775 0.3338126 0.3844392 0.3339761 0.367436 0.3077686 0.2808175 0.2385605 0.1394144 0.2836418 0.1622196 0.1663316 0.08793424 0.09289581 0.176768 0.1779379 0.2121074 0.1506712 0.05963257 0.06939242 0.0774206 0.04565679 0.06837787 0.1389056 0.07581568 0.04325318 -0.02490475 -0.07625828 -0.126918 -0.09823696 -0.06647436 -0.08552269 -0.03225626 -0.06233096 0.01705388 0.04603288 0.06703872 -0.05127986 0.005671889 0.02727675 -0.00281244 0.09277686 0.03146427
2.554213 2.490769 2.617207 2.999673 3.483922 1.863578 1.024287 1.007419 0.9234332 0.8936062 0.8302092 0.7295503 0.7353419 0.6896222 0.6155638 0.5118242 0.5259991 0.6118015 0.4533125 0.4304932 0.3974741 0.4259663 0.3875381 0.2982028 0.2884318 0.2846322 0.2752222 0.207678 0.358104 0.2826136 0.1819813 0.1041692 0.0552344 0.1384524 0.1680159 0.0548282 0.1275672 0.1520984 0.1751254 0.1291343 0.1429163 0.0417835 0.08863859 0.1108222 0.1463183 0.04999459 0.06570391 -0.007805609 -0.09881975 -0.08599906 0.01534905 -0.0698145 0.0571955 0.004046202 0.006164092 -0.04310687 -0.04198127 -0.07053494 -0.0710742 -0.07580237 0.002625141 0.07401604 0.03419504
2.770199 3.166197 2.849438 3.122813 2.947999 4.015154 1.366911 1.013572 0.9385171 0.8934563 0.8245143 0.7814625 0.7038942 0.7637792 0.656722 0.6191077 0.5863032 0.4947778 0.541044 0.5110731 0.4528542 0.4263732 0.3164043 0.383145 0.3399371 0.4141261 0.2981551 0.2720923 0.2295254 0.2528614 0.1902412 0.1757578 0.2338234 0.1863985 0.1796566 0.1805812 0.2080888 0.1195581 0.04273155 0.1360178 0.1868878 0.1152851 0.09779947 0.1075381 0.1417367 0.06225807 0.1323166 0.01548212 -0.06691185 -0.05502519 -0.01467316 0.01784942 0.03174973 0.100142 -0.01212794 0.00403368 -0.03913001 0.002888638 -0.005909562 -0.08190677 0.06211175 -0.01244067 -0.02778364
2.451266 3.199845 2.960418 2.885563 2.584318 3.160763 3.350683 1.286302 1.06315 0.9228692 0.8975007 0.8754555 0.7626129 0.7772329 0.7413348 0.6886429 0.659052 0.5287547 0.5565544 0.4616095 0.496391 0.4772311 0.4448666 0.4047494 0.3771617 0.3513266 0.3668054 0.4266867 0.273553 0.1905134 0.223269 0.2398793 0.1861241 0.1880188 0.1388992 0.110823 0.1237417 0.1257971 0.2069377 0.1648924 0.2251042 0.2121685 0.1918731 0.02092675 0.1222102 0.1168266 0.09342176 0.1024824 -0.02901813 -0.114346 0.02215702 -0.03909804 0.05476169 0.00345373 0.0392425 0.01704233 -0.004568556 0.04189532 -0.05862095 0.08834776 0.0880044 0.01547562 0.02566936
2.744361 3.282247 3.041994 2.92832 2.79181 3.047263 3.229971 1.855529 1.164164 0.9058553 0.9141757 0.8740548 0.818117 0.8212497 0.7937917 0.7135716 0.678667 0.6136622 0.582848 0.4774066 0.5061065 0.4549073 0.5256852 0.3937781 0.4400888 0.3701658 0.3396042 0.336071 0.3128347 0.2508053 0.2734588 0.248306 0.2748666 0.2760904 0.2515682 0.278284 0.1522164 0.09227059 0.2032499 0.2074122 0.1789517 0.2086238 0.08534622 0.1145647 0.08511649 0.02371626 0.1143381 0.03061191 0.06435934 0.00345373 0.01574526 0.08456603 0.001340949 0.07033542 0.05660478 -0.06416591 -0.02868132 -0.005843056 0.03096599 0.04415977 0.1387205 0.05977208 0.05841066
2.422384 3.109252 2.968985 3.160856 2.794658 2.62589 2.777948 3.759238 1.332083 1.182304 0.955224 0.9063503 0.823535 0.7960088 0.8221686 0.8133215 0.7736763 0.5823739 0.5768291 0.5528603 0.5344841 0.4794165 0.4481572 0.367725 0.4133082 0.3166605 0.3408416 0.3830741 0.364285 0.3234279 0.2428822 0.3135796 0.209404 0.2738741 0.2487389 0.157692 0.2307646 0.2101686 0.1909002 0.02976816 0.1792691 0.1687319 0.1276363 0.1997117 0.1642041 0.1163593 0.04939773 0.1 0.08232385 0.1105731 0.06151567 0.04900488 0.1008337 0.01822336 0.006048711 0.05173493 0.04113457 0.0152214 0.09013151 -0.03867704 0.08628839 0.06751401 0.08570391
2.445325 2.682155 3.034328 3.311823 3.21246 2.567673 2.405368 3.294977 1.718547 1.119838 1.013605 0.9877642 0.8770359 0.7994374 0.8304472 0.8171973 0.7492613 0.689927 0.6808337 0.5841214 0.50858 0.5203264 0.5243691 0.4945855 0.5221146 0.4194928 0.3820125 0.3165638 0.3856471 0.3726697 0.3370672 0.3169003 0.2293259 0.2389455 0.3352179 0.22091 0.1431112 0.1260426 0.07024195 0.1417127 0.1477837 0.09268545 0.1447843 0.1253649 0.2208685 0.1550565 0.08860151 0.1422131 0.1212967 0.1281676 0.05307913 0.01356958 0.08397867 0.1218867 0.04175076 0.08738997 0.009235334 0.03351307 -0.06676651 0.06251801 0.02793429 0.1265375 0.0823885
2.658287 2.591153 3.033139 3.116674 3.379515 2.935924 2.833387 3.049456 3.816299 1.237106 1.094077 1.020536 0.9393985 0.8629825 0.8448612 0.8052444 0.8664417 0.7935867 0.6611102 0.6368691 0.5459332 0.502244 0.5537791 0.4910562 0.4657826 0.4040656 0.4149702 0.4441376 0.3883043 0.3635451 0.3939603 0.2999814 0.2333291 0.3229551 0.3313413 0.2207129 0.2939183 0.1967752 0.2295672 0.1005587 0.1604505 0.1291034 0.1747645 0.1969766 0.1393881 0.1424637 0.08501832 0.07611806 0.1151592 0.1053552 0.08935685 0.1840577 0.1582234 0.0799256 0.07677595 0.05227781 -0.02482561 0.06866513 0.09267582 0.1029048 0.09549176 0.09074776 0.08804101
2.845358 2.669589 2.655455 2.980655 3.139647 3.229248 2.8167 3.026715 3.502032 1.473243 1.109252 1.09141 1.056942 0.8981676 0.8577482 0.9042832 0.8144427 0.836071 0.7224097 0.663795 0.6105508 0.5716738 0.5593852 0.5992419 0.5127485 0.3987572 0.5094662 0.379217 0.4485631 0.3892328 0.4146635 0.2971883 0.3758279 0.2306623 0.3118943 0.2738219 0.290628 0.203741 0.2058528 0.2845897 0.216566 0.1229444 0.1627362 0.07332221 0.1405784 0.2143238 0.1323033 -0.01400918 0.0896984 0.1099529 0.02212758 0.06270061 0.1879638 0.1361465 0.0641304 0.01610011 -0.0001251215 0.05821722 0.1012799 0.08034841 0.1773342 0.04641037 0.06464125
3.207772 3.186831 2.888695 3.025242 3.083153 3.736818 2.801435 3.027367 2.898561 3.132309 1.196226 1.358876 1.289165 1.00883 0.8787529 0.8896737 0.8628027 0.7616318 0.8326057 0.8003868 0.7442803 0.6600568 0.5700064 0.5568417 0.5545046 0.4994313 0.4855838 0.4732736 0.4219651 0.4073533 0.3163794 0.402344 0.3344921 0.3890998 0.3202625 0.2629907 0.1911904 0.2767663 0.2027999 0.1629685 0.2627175 0.1543342 0.1616329 0.1784523 0.1547743 0.1175025 0.1420567 0.08499678 0.1240132 0.1477635 0.1263902 0.1410394 0.1858085 0.1495272 0.1332222 0.07144561 -0.001556655 0.08654189 0.1449536 0.1573774 0.09679105 0.1236328 0.1796311
3.60525 3.634145 3.55135 2.689501 2.506593 3.432402 2.636108 3.111372 2.615289 3.347322 1.589893 1.281104 1.210109 1.110093 0.9229037 0.8593755 0.8042508 0.8486723 0.8027599 0.7954102 0.7598705 0.7336648 0.5851812 0.6169711 0.5809491 0.5718457 0.5255238 0.4405311 0.4993206 0.4103749 0.4629163 0.3979016 0.3915735 0.3734243 0.3122332 0.3478297 0.2294855 0.3326786 0.1769489 0.1958154 0.2953138 0.2202768 0.1973127 0.17255 0.160063 0.152486 0.1951424 0.2740897 0.2460364 0.01674399 0.1602466 0.1503998 0.1165099 0.1944665 0.1158021 0.09703414 0.1329961 0.07855414 0.04031026 0.1818486 0.01861445 0.1206679 0.04703765
2.485507 2.409016 2.907817 3.425106 3.645823 3.19628 2.742739 2.6658 2.752819 2.859354 3.661777 1.747987 1.515589 1.130032 1.025022 0.9623361 0.8137605 0.8650705 0.8329764 0.8503264 0.7868357 0.730321 0.7215379 0.5313578 0.5076956 0.6038359 0.6011993 0.5275777 0.4464417 0.4344133 0.5178325 0.4961101 0.3726945 0.4480587 0.2549364 0.258453 0.3291655 0.2595244 0.3182909 0.1585994 0.1427492 0.189506 0.1888967 0.2304656 0.1631104 0.2442609 0.2279257 0.1610458 0.2168098 0.1746351 0.101404 0.1354875 0.1683165 0.1901046 0.2341685 0.1170136 0.1021197 0.1534297 0.08816046 0.1547239 0.05396356 0.1916577 0.1557963
1.60114 1.490636 1.544588 1.075561 1.246859 2.328215 2.87829 3.401208 3.524499 2.880233 3.131212 3.341364 1.703049 1.214706 1.123826 0.972674 0.9301906 0.9706014 0.8972408 0.9132488 0.8286428 0.794172 0.7631238 0.6875856 0.6293997 0.566025 0.5826722 0.5260397 0.5415797 0.5777563 0.4874226 0.4321473 0.3559645 0.437427 0.4228657 0.3793241 0.394423 0.3647983 0.326964 0.2255698 0.2354304 0.2409002 0.1582651 0.2094873 0.2183797 0.1821721 0.2037561 0.2174972 0.1908549 0.2084114 0.1818332 0.1748149 0.09872123 0.1985534 0.2241508 0.1766768 0.154776 0.1617846 0.1723389 0.1764 0.1310836 0.1183804 0.1139477
1.568785 1.282063 0.9351683 0.871758 0.8437673 1.171631 1.608087 2.116737 2.96784 3.250715 3.187932 3.345738 2.960946 1.532866 1.196258 1.042517 1.100377 1.008227 0.9123965 0.8286907 0.866924 0.8239848 0.7711317 0.7959922 0.7437083 0.6290776 0.6563568 0.5488461 0.5963736 0.5569625 0.3679271 0.4662615 0.4282367 0.3901898 0.4071311 0.3057542 0.405293 0.3442652 0.3383387 0.3488931 0.3397678 0.2441623 0.2503635 0.2412663 0.2290272 0.2044622 0.1792637 0.1738572 0.1628282 0.2127523 0.2304088 0.2680177 0.2010598 0.1721704 0.2320132 0.2311317 0.2055742 0.2687018 0.1643442 0.1755673 0.1016513 0.06177917 0.07024201
1.304717 0.72185 0.7352071 0.6997358 0.9007035 0.7569916 1.007632 1.297528 1.810071 2.732948 3.574222 3.808356 3.635427 3.718874 1.922487 1.127989 1.116842 1.035815 0.9863849 1.280969 0.9978591 0.8879361 0.8991113 0.7554501 0.7615919 0.6165614 0.6336433 0.5935893 0.595412 0.6040239 0.5630342 0.5213136 0.5505989 0.4512497 0.4263147 0.3859398 0.4171646 0.4005295 0.4115186 0.2474205 0.2780522 0.2180831 0.3890174 0.192711 0.175906 0.2378811 0.2169809 0.2387583 0.2589625 0.2185961 0.1966943 0.2472984 0.2261695 0.1997357 0.2300614 0.305688 0.2205037 0.2525464 0.2714653 0.1772718 0.2169722 0.202212 0.1462694
0.7477418 0.7177304 0.5674554 0.7053146 0.7097828 0.8019646 0.7905436 0.9786403 1.621547 1.970724 2.277738 2.134219 1.723934 1.711398 2.10667 1.814377 1.640439 1.435733 1.382609 1.214887 0.9882413 0.9508531 0.9098066 0.9357251 0.8904268 0.7748832 0.6549533 0.6582952 0.6332406 0.5948921 0.5892185 0.6200629 0.5357571 0.4595938 0.4832852 0.4314298 0.4390448 0.3999662 0.3250676 0.3352937 0.324579 0.2707654 0.3531575 0.3501891 0.3139977 0.2063371 0.2417817 0.2079839 0.2310048 0.164578 0.2205996 0.3017393 0.2606884 0.2160772 0.224565 0.2275921 0.2695434 0.2606935 0.3131194 0.2124569 0.0989923 0.2111184 0.1703768
0.6829048 0.6900277 0.4723138 0.6028746 0.5989721 0.7499299 0.8123407 0.8149648 1.41418 1.904243 1.893551 1.162865 0.8012497 0.7811141 0.7722103 0.8003983 1.070416 1.106537 1.368754 1.619855 1.721005 1.360676 1.151128 1.11462 0.9321969 0.8642396 0.8176823 0.706973 0.6536347 0.6374989 0.5019503 0.5542138 0.4802215 0.4534624 0.5736558 0.4393827 0.4472185 0.3680619 0.4160879 0.4258847 0.30963 0.2568479 0.3463725 0.3742483 0.2896674 0.2796426 0.2623087 0.2865624 0.2430899 0.2503911 0.2325471 0.2438834 0.2316807 0.2921995 0.3050241 0.2564179 0.216754 0.263466 0.3353322 0.2930734 0.200045 0.2395618 0.2133746
