includes/oleron/floodfiles/results/res-0004.wdfp
ncols         631
nrows         906
xllcorner     364927.146667
yllcorner     6531972.565556
cellsize      20.000000
NODATA_value  -9999.000000
[rows 272 to 305 of 906, columns 462 to 538 of 631]
5.213 5.233 5.253 5.273 5.294 5.314 5.335 5.355 5.381 5.434 5.488 5.542 5.579 5.604 5.629 5.654 5.679 5.704 5.729 5.754 5.779 5.804 5.829 5.854 5.879 5.904 5.929 5.936 5.934 5.931 5.929 5.955 5.981 6.007 6.033 6.059 6.085 6.111 6.137 6.163 6.189 6.215 6.241 6.259 6.268 6.277 6.286 6.287 6.286 6.285 6.284 6.283 6.281 6.280 6.279 6.278 6.277 6.276 6.285 6.302 6.319 6.337 6.374 6.458 6.543 6.628 6.713 6.798 6.882 6.967 7.052 7.137 7.233 7.345 7.458 7.570 7.683
5.202 5.222 5.242 5.263 5.283 5.304 5.324 5.344 5.380 5.434 5.488 5.541 5.595 5.625 5.650 5.675 5.700 5.725 5.750 5.775 5.800 5.826 5.850 5.876 5.901 5.926 5.946 5.943 5.941 5.939 5.937 5.944 5.970 5.996 6.022 6.048 6.074 6.100 6.125 6.151 6.177 6.203 6.229 6.239 6.248 6.257 6.265 6.273 6.272 6.271 6.270 6.269 6.268 6.267 6.266 6.265 6.263 6.263 6.280 6.298 6.315 6.332 6.350 6.406 6.491 6.576 6.661 6.746 6.830 6.915 7.000 7.085 7.194 7.306 7.419 7.531 7.643
5.191 5.212 5.232 5.252 5.273 5.293 5.313 5.334 5.380 5.434 5.487 5.541 5.595 5.647 5.672 5.697 5.722 5.747 5.772 5.797 5.822 5.847 5.872 5.897 5.922 5.947 5.953 5.951 5.949 5.947 5.944 5.942 5.959 5.985 6.010 6.036 6.062 6.088 6.114 6.140 6.166 6.192 6.210 6.219 6.228 6.236 6.245 6.254 6.259 6.258 6.257 6.255 6.254 6.253 6.252 6.251 6.250 6.259 6.276 6.293 6.310 6.328 6.345 6.362 6.439 6.524 6.609 6.693 6.778 6.863 6.948 7.042 7.154 7.267 7.379 7.492 7.604
5.180 5.201 5.221 5.242 5.262 5.282 5.303 5.326 5.380 5.434 5.487 5.541 5.594 5.648 5.693 5.718 5.743 5.768 5.793 5.818 5.843 5.869 5.894 5.919 5.944 5.963 5.961 5.959 5.956 5.954 5.952 5.950 5.948 5.973 5.999 6.025 6.051 6.077 6.103 6.129 6.155 6.181 6.190 6.199 6.207 6.216 6.225 6.234 6.242 6.244 6.243 6.242 6.241 6.240 6.239 6.238 6.237 6.254 6.271 6.289 6.306 6.323 6.341 6.358 6.387 6.472 6.557 6.641 6.726 6.811 6.896 7.003 7.115 7.228 7.340 7.452 7.565
5.170 5.190 5.211 5.231 5.251 5.272 5.292 5.326 5.380 5.433 5.487 5.541 5.594 5.648 5.702 5.740 5.765 5.790 5.815 5.840 5.865 5.890 5.915 5.940 5.965 5.971 5.969 5.966 5.964 5.962 5.960 5.957 5.955 5.962 5.988 6.014 6.040 6.066 6.092 6.117 6.143 6.161 6.170 6.178 6.187 6.196 6.205 6.213 6.222 6.231 6.230 6.228 6.227 6.226 6.225 6.224 6.232 6.250 6.267 6.284 6.302 6.319 6.336 6.353 6.371 6.420 6.505 6.589 6.674 6.759 6.851 6.963 7.076 7.188 7.301 7.413 7.526
5.159 5.180 5.200 5.220 5.241 5.261 5.281 5.326 5.379 5.433 5.487 5.540 5.594 5.648 5.701 5.755 5.786 5.811 5.837 5.861 5.887 5.912 5.937 5.962 5.981 5.978 5.976 5.974 5.972 5.970 5.967 5.965 5.963 5.961 5.977 6.002 6.028 6.054 6.080 6.106 6.132 6.141 6.149 6.158 6.167 6.176 6.184 6.193 6.202 6.211 6.216 6.215 6.214 6.213 6.212 6.211 6.228 6.245 6.263 6.280 6.297 6.314 6.332 6.349 6.366 6.384 6.453 6.537 6.622 6.707 6.812 6.924 7.036 7.149 7.261 7.374 7.486
5.149 5.169 5.189 5.210 5.230 5.251 5.272 5.326 5.379 5.433 5.486 5.540 5.594 5.647 5.701 5.755 5.808 5.833 5.858 5.883 5.908 5.933 5.958 5.983 5.988 5.986 5.984 5.982 5.979 5.977 5.975 5.973 5.970 5.968 5.966 5.991 6.017 6.043 6.069 6.095 6.112 6.120 6.129 6.138 6.147 6.155 6.164 6.173 6.182 6.190 6.199 6.201 6.200 6.199 6.198 6.206 6.224 6.241 6.258 6.275 6.293 6.310 6.327 6.345 6.362 6.379 6.400 6.485 6.570 6.660 6.772 6.885 6.997 7.110 7.222 7.334 7.447
5.138 5.159 5.179 5.199 5.220 5.240 5.272 5.325 5.379 5.433 5.486 5.540 5.593 5.647 5.701 5.754 5.808 5.855 5.880 5.905 5.930 5.955 5.980 5.998 5.996 5.994 5.991 5.989 5.987 5.985 5.983 5.980 5.978 5.976 5.974 5.980 6.006 6.032 6.058 6.083 6.091 6.100 6.109 6.118 6.126 6.135 6.144 6.153 6.161 6.170 6.179 6.188 6.187 6.186 6.185 6.202 6.219 6.236 6.254 6.271 6.288 6.306 6.323 6.340 6.357 6.375 6.392 6.433 6.518 6.620 6.733 6.845 6.958 7.070 7.183 7.295 7.408
5.128 5.148 5.168 5.189 5.209 5.229 5.271 5.325 5.379 5.432 5.486 5.540 5.593 5.647 5.700 5.754 5.808 5.861 5.901 5.926 5.951 5.976 6.001 6.006 6.003 6.001 5.999 5.997 5.995 5.992 5.990 5.988 5.986 5.983 5.981 5.979 5.995 6.020 6.046 6.062 6.071 6.080 6.089 6.098 6.106 6.115 6.124 6.133 6.141 6.150 6.159 6.168 6.173 6.172 6.180 6.197 6.215 6.232 6.249 6.267 6.284 6.301 6.318 6.336 6.353 6.370 6.388 6.405 6.469 6.581 6.694 6.806 6.919 7.031 7.142 7.252 7.362
5.117 5.137 5.158 5.178 5.198 5.219 5.271 5.325 5.378 5.432 5.486 5.539 5.593 5.647 5.700 5.754 5.807 5.861 5.915 5.948 5.973 5.998 6.016 6.013 6.011 6.009 6.007 6.005 6.002 6.000 5.998 5.996 5.993 5.991 5.989 5.987 5.984 6.009 6.034 6.042 6.051 6.060 6.069 6.077 6.086 6.095 6.104 6.112 6.121 6.130 6.139 6.147 6.156 6.159 6.176 6.193 6.210 6.227 6.245 6.262 6.279 6.297 6.315 6.333 6.351 6.369 6.387 6.405 6.423 6.527 6.637 6.748 6.858 6.968 7.079 7.189 7.300
5.108 5.127 5.147 5.168 5.188 5.217 5.271 5.325 5.378 5.432 5.486 5.539 5.593 5.646 5.700 5.754 5.807 5.861 5.915 5.968 5.994 6.019 6.023 6.021 6.019 6.017 6.014 6.012 6.010 6.008 6.006 6.003 6.001 5.999 5.997 5.994 5.992 5.998 6.014 6.022 6.031 6.040 6.048 6.057 6.066 6.075 6.083 6.092 6.100 6.108 6.116 6.125 6.133 6.156 6.176 6.194 6.212 6.230 6.248 6.266 6.284 6.302 6.320 6.338 6.356 6.374 6.392 6.409 6.428 6.464 6.574 6.685 6.795 6.905 7.016 7.126 7.237
5.106 5.117 5.137 5.157 5.177 5.217 5.271 5.324 5.378 5.432 5.485 5.539 5.593 5.646 5.700 5.753 5.807 5.861 5.914 5.968 6.016 6.033 6.031 6.029 6.027 6.024 6.022 6.020 6.018 6.015 6.013 6.010 6.004 5.998 5.992 5.986 5.980 5.976 5.990 5.998 6.006 6.014 6.023 6.031 6.039 6.047 6.056 6.064 6.072 6.080 6.089 6.097 6.105 6.144 6.181 6.199 6.217 6.235 6.253 6.271 6.288 6.306 6.324 6.342 6.360 6.378 6.396 6.414 6.433 6.451 6.511 6.622 6.732 6.842 6.953 7.063 7.174
5.103 5.114 5.126 5.146 5.167 5.217 5.271 5.324 5.378 5.431 5.485 5.539 5.592 5.646 5.700 5.753 5.807 5.860 5.914 5.962 6.010 6.022 6.016 6.010 6.004 5.998 5.991 5.985 5.979 5.973 5.967 5.961 5.955 5.949 5.943 5.937 5.930 5.939 5.960 5.971 5.979 5.987 5.995 6.003 6.012 6.020 6.028 6.036 6.045 6.053 6.061 6.069 6.089 6.131 6.172 6.203 6.221 6.239 6.257 6.275 6.293 6.311 6.329 6.347 6.365 6.383 6.401 6.419 6.438 6.456 6.474 6.559 6.669 6.779 6.890 7.000 7.111
5.100 5.112 5.123 5.136 5.163 5.217 5.270 5.324 5.378 5.431 5.485 5.533 5.581 5.629 5.677 5.724 5.772 5.820 5.868 5.915 5.956 5.967 5.967 5.960 5.954 5.948 5.942 5.936 5.930 5.924 5.918 5.912 5.906 5.899 5.893 5.887 5.881 5.901 5.923 5.943 5.951 5.959 5.968 5.976 5.984 5.992 6.001 6.009 6.017 6.025 6.034 6.042 6.077 6.118 6.160 6.201 6.226 6.244 6.262 6.280 6.298 6.316 6.334 6.352 6.370 6.388 6.406 6.424 6.442 6.461 6.479 6.498 6.606 6.716 6.827 6.937 7.048
5.098 5.109 5.119 5.129 5.152 5.200 5.248 5.295 5.343 5.391 5.439 5.486 5.534 5.582 5.630 5.678 5.725 5.773 5.821 5.869 5.894 5.904 5.915 5.911 5.905 5.899 5.893 5.887 5.881 5.875 5.868 5.862 5.856 5.850 5.844 5.838 5.843 5.864 5.885 5.907 5.924 5.932 5.940 5.948 5.957 5.965 5.973 5.981 5.990 5.998 6.006 6.023 6.064 6.106 6.147 6.189 6.230 6.249 6.267 6.285 6.303 6.321 6.339 6.356 6.374 6.392 6.411 6.429 6.447 6.466 6.484 6.502 6.543 6.653 6.764 6.874 6.985
5.076 5.086 5.095 5.105 5.120 5.153 5.201 5.249 5.296 5.344 5.392 5.440 5.487 5.535 5.583 5.631 5.679 5.726 5.774 5.821 5.831 5.842 5.853 5.862 5.856 5.850 5.844 5.838 5.831 5.825 5.819 5.813 5.807 5.801 5.795 5.789 5.805 5.827 5.848 5.869 5.890 5.904 5.913 5.921 5.929 5.937 5.946 5.954 5.962 5.970 5.979 6.010 6.052 6.093 6.135 6.176 6.218 6.254 6.271 6.289 6.307 6.325 6.343 6.361 6.379 6.397 6.416 6.434 6.452 6.471 6.489 6.507 6.526 6.590 6.701 6.811 6.922
5.052 5.062 5.071 5.083 5.098 5.114 5.154 5.202 5.250 5.297 5.345 5.393 5.441 5.488 5.536 5.584 5.632 5.679 5.727 5.758 5.769 5.780 5.791 5.801 5.807 5.800 5.794 5.788 5.782 5.776 5.770 5.764 5.758 5.751 5.745 5.747 5.768 5.789 5.811 5.832 5.853 5.874 5.885 5.893 5.901 5.910 5.918 5.926 5.934 5.943 5.956 5.998 6.039 6.081 6.122 6.164 6.205 6.247 6.276 6.294 6.312 6.330 6.348 6.366 6.384 6.402 6.420 6.439 6.457 6.475 6.494 6.512 6.531 6.549 6.638 6.748 6.859
5.028 5.037 5.047 5.062 5.077 5.092 5.107 5.155 5.203 5.251 5.298 5.346 5.394 5.442 5.489 5.537 5.585 5.633 5.680 5.696 5.707 5.718 5.728 5.739 5.750 5.751 5.745 5.739 5.733 5.727 5.721 5.714 5.708 5.702 5.696 5.710 5.731 5.752 5.773 5.795 5.816 5.837 5.857 5.866 5.874 5.882 5.890 5.899 5.907 5.915 5.943 5.985 6.026 6.068 6.109 6.151 6.192 6.234 6.276 6.299 6.317 6.335 6.353 6.371 6.389 6.407 6.425 6.444 6.462 6.480 6.499 6.517 6.535 6.554 6.575 6.685 6.796
5.004 5.013 5.025 5.040 5.055 5.071 5.086 5.108 5.156 5.204 5.252 5.299 5.347 5.395 5.443 5.490 5.538 5.586 5.623 5.634 5.644 5.655 5.666 5.677 5.688 5.698 5.696 5.690 5.683 5.677 5.671 5.665 5.659 5.653 5.651 5.672 5.693 5.715 5.736 5.757 5.778 5.800 5.821 5.838 5.846 5.855 5.863 5.871 5.879 5.889 5.931 5.972 6.014 6.055 6.097 6.138 6.180 6.221 6.263 6.304 6.321 6.339 6.357 6.375 6.394 6.412 6.430 6.449 6.467 6.485 6.504 6.522 6.540 6.559 6.577 6.622 6.733
4.980 4.989 5.004 5.019 5.034 5.049 5.064 5.079 5.109 5.157 5.205 5.253 5.300 5.348 5.396 5.443 5.491 5.539 5.561 5.571 5.582 5.593 5.604 5.614 5.625 5.636 5.646 5.640 5.634 5.628 5.622 5.616 5.610 5.604 5.614 5.635 5.656 5.677 5.699 5.720 5.741 5.762 5.784 5.805 5.819 5.827 5.835 5.844 5.852 5.877 5.918 5.960 6.001 6.043 6.084 6.126 6.167 6.209 6.250 6.292 6.326 6.344 6.362 6.380 6.398 6.417 6.435 6.454 6.472 6.490 6.508 6.527 6.545 6.563 6.582 6.600 6.670
4.955 4.967 4.982 4.997 5.012 5.028 5.043 5.058 5.073 5.110 5.158 5.206 5.253 5.301 5.349 5.397 5.444 5.488 5.498 5.509 5.520 5.531 5.541 5.552 5.563 5.574 5.584 5.591 5.585 5.579 5.573 5.566 5.560 5.555 5.576 5.597 5.619 5.640 5.661 5.683 5.704 5.725 5.746 5.768 5.789 5.800 5.808 5.816 5.824 5.864 5.906 5.947 5.989 6.030 6.072 6.113 6.155 6.196 6.238 6.279 6.321 6.349 6.367 6.385 6.403 6.422 6.440 6.458 6.477 6.495 6.513 6.532 6.550 6.568 6.587 6.605 6.623
4.931 4.945 4.961 4.976 4.991 5.006 5.021 5.036 5.051 5.067 5.111 5.159 5.207 5.254 5.302 5.350 5.398 5.425 5.436 5.447 5.457 5.468 5.479 5.490 5.500 5.511 5.522 5.533 5.536 5.529 5.523 5.517 5.511 5.518 5.539 5.560 5.581 5.603 5.624 5.645 5.666 5.688 5.709 5.730 5.751 5.772 5.780 5.788 5.810 5.852 5.893 5.935 5.976 6.018 6.059 6.101 6.142 6.184 6.225 6.267 6.308 6.350 6.372 6.390 6.408 6.427 6.445 6.463 6.482 6.500 6.518 6.536 6.554 6.571 6.589 6.607 6.625
4.909 4.924 4.939 4.954 4.969 4.984 5.000 5.015 5.030 5.045 5.064 5.112 5.160 5.208 5.255 5.303 5.351 5.363 5.374 5.384 5.395 5.406 5.417 5.427 5.438 5.449 5.460 5.470 5.481 5.480 5.474 5.468 5.462 5.480 5.501 5.523 5.544 5.565 5.587 5.608 5.629 5.650 5.672 5.693 5.714 5.735 5.753 5.761 5.798 5.839 5.881 5.922 5.964 6.005 6.046 6.088 6.129 6.171 6.212 6.253 6.294 6.335 6.374 6.392 6.410 6.428 6.446 6.463 6.481 6.499 6.517 6.535 6.552 6.570 6.588 6.606 6.620
4.887 4.902 4.917 4.933 4.948 4.963 4.978 4.993 5.008 5.024 5.039 5.065 5.113 5.161 5.208 5.256 5.290 5.301 5.311 5.322 5.333 5.344 5.354 5.365 5.376 5.386 5.397 5.408 5.419 5.429 5.425 5.418 5.422 5.443 5.464 5.485 5.507 5.528 5.549 5.570 5.592 5.613 5.634 5.655 5.677 5.698 5.719 5.744 5.785 5.826 5.867 5.907 5.948 5.989 6.029 6.070 6.110 6.151 6.192 6.232 6.273 6.314 6.357 6.391 6.409 6.426 6.444 6.462 6.480 6.498 6.515 6.533 6.551 6.569 6.587 6.604 6.613
4.866 4.881 4.896 4.911 4.926 4.941 4.957 4.972 4.987 5.002 5.017 5.032 5.066 5.114 5.162 5.209 5.227 5.238 5.249 5.260 5.270 5.281 5.292 5.303 5.313 5.324 5.335 5.346 5.356 5.367 5.375 5.369 5.384 5.406 5.427 5.448 5.469 5.491 5.512 5.533 5.554 5.580 5.605 5.630 5.655 5.681 5.706 5.729 5.764 5.805 5.846 5.886 5.927 5.967 6.008 6.049 6.089 6.130 6.171 6.211 6.252 6.293 6.337 6.380 6.407 6.425 6.443 6.461 6.479 6.496 6.514 6.532 6.550 6.567 6.585 6.601 6.605
4.844 4.859 4.874 4.890 4.905 4.920 4.935 4.950 4.965 4.980 4.996 5.011 5.026 5.067 5.115 5.154 5.165 5.176 5.187 5.197 5.208 5.219 5.230 5.240 5.251 5.262 5.272 5.283 5.294 5.305 5.315 5.326 5.348 5.373 5.398 5.424 5.449 5.474 5.500 5.525 5.550 5.576 5.601 5.626 5.652 5.677 5.702 5.723 5.744 5.784 5.825 5.865 5.906 5.946 5.987 6.028 6.068 6.109 6.150 6.190 6.231 6.273 6.317 6.360 6.403 6.424 6.442 6.459 6.477 6.495 6.513 6.531 6.548 6.566 6.584 6.593 6.597
4.823 4.838 4.853 4.868 4.883 4.898 4.914 4.929 4.944 4.959 4.974 4.989 5.004 5.020 5.068 5.092 5.103 5.113 5.124 5.135 5.146 5.156 5.167 5.178 5.192 5.209 5.227 5.244 5.261 5.279 5.296 5.318 5.344 5.369 5.394 5.420 5.445 5.470 5.496 5.521 5.546 5.572 5.597 5.622 5.648 5.673 5.697 5.718 5.739 5.763 5.804 5.844 5.885 5.925 5.966 6.007 6.047 6.088 6.128 6.169 6.210 6.253 6.297 6.340 6.383 6.423 6.440 6.458 6.476 6.494 6.511 6.529 6.547 6.565 6.582 6.586 6.589
4.801 4.816 4.831 4.847 4.862 4.877 4.892 4.907 4.922 4.937 4.953 4.968 4.983 4.998 5.019 5.030 5.046 5.063 5.081 5.098 5.115 5.133 5.150 5.167 5.185 5.202 5.219 5.237 5.254 5.271 5.289 5.314 5.340 5.365 5.390 5.416 5.441 5.466 5.492 5.517 5.542 5.568 5.593 5.618 5.644 5.669 5.691 5.712 5.734 5.755 5.782 5.823 5.864 5.904 5.945 5.986 6.026 6.067 6.107 6.148 6.190 6.233 6.277 6.320 6.363 6.406 6.439 6.457 6.475 6.492 6.510 6.528 6.546 6.563 6.574 6.578 6.582
4.780 4.795 4.810 4.825 4.840 4.855 4.872 4.888 4.905 4.921 4.937 4.954 4.970 4.987 5.004 5.021 5.039 5.056 5.073 5.091 5.108 5.125 5.143 5.160 5.177 5.195 5.212 5.229 5.247 5.264 5.284 5.310 5.335 5.361 5.387 5.412 5.437 5.462 5.488 5.513 5.538 5.564 5.589 5.614 5.640 5.664 5.686 5.707 5.728 5.749 5.770 5.802 5.843 5.883 5.924 5.964 6.005 6.046 6.086 6.127 6.170 6.213 6.257 6.300 6.343 6.386 6.429 6.455 6.473 6.491 6.509 6.527 6.544 6.562 6.566 6.570 6.574
4.765 4.781 4.798 4.814 4.831 4.847 4.864 4.880 4.896 4.913 4.929 4.946 4.962 4.979 4.996 5.014 5.031 5.049 5.066 5.083 5.101 5.118 5.135 5.153 5.170 5.187 5.205 5.222 5.240 5.257 5.280 5.306 5.331 5.357 5.383 5.408 5.433 5.458 5.484 5.509 5.535 5.560 5.585 5.610 5.636 5.659 5.680 5.701 5.723 5.744 5.765 5.786 5.821 5.862 5.903 5.943 5.984 6.024 6.065 6.107 6.150 6.193 6.237 6.280 6.323 6.366 6.409 6.452 6.472 6.490 6.507 6.525 6.543 6.555 6.559 6.562 6.566
4.757 4.773 4.790 4.806 4.823 4.839 4.856 4.872 4.888 4.905 4.921 4.938 4.954 4.971 4.989 5.006 5.024 5.041 5.059 5.076 5.093 5.111 5.128 5.145 5.163 5.180 5.197 5.215 5.232 5.250 5.276 5.301 5.327 5.353 5.378 5.404 5.429 5.455 5.480 5.505 5.531 5.556 5.581 5.606 5.632 5.653 5.675 5.696 5.717 5.738 5.759 5.781 5.802 5.841 5.882 5.922 5.963 6.003 6.044 6.087 6.130 6.173 6.217 6.260 6.303 6.346 6.389 6.432 6.471 6.488 6.506 6.524 6.542 6.547 6.551 6.554 6.558
4.749 4.765 4.782 4.798 4.815 4.831 4.847 4.864 4.880 4.897 4.913 4.930 4.946 4.963 4.981 4.999 5.016 5.034 5.051 5.069 5.086 5.103 5.121 5.138 5.155 5.173 5.190 5.207 5.225 5.246 5.271 5.297 5.323 5.348 5.374 5.400 5.425 5.451 5.476 5.501 5.527 5.552 5.577 5.603 5.627 5.648 5.669 5.690 5.712 5.733 5.754 5.775 5.796 5.820 5.861 5.901 5.942 5.982 6.024 6.067 6.110 6.153 6.196 6.240 6.283 6.326 6.369 6.412 6.455 6.487 6.505 6.522 6.536 6.539 6.543 6.547 6.550
4.741 4.757 4.774 4.790 4.807 4.823 4.839 4.856 4.872 4.889 4.905 4.922 4.938 4.956 4.974 4.991 5.009 5.026 5.044 5.061 5.079 5.096 5.114 5.131 5.148 5.165 5.183 5.200 5.218 5.242 5.267 5.293 5.318 5.344 5.370 5.395 5.421 5.447 5.472 5.497 5.523 5.548 5.573 5.599 5.621 5.642 5.664 5.685 5.706 5.727 5.749 5.770 5.791 5.812 5.839 5.880 5.921 5.961 6.004 6.047 6.090 6.133 6.176 6.220 6.263 6.306 6.349 6.392 6.435 6.479 6.503 6.521 6.528 6.532 6.535 6.539 6.543
4.733 4.749 4.766 4.782 4.799 4.815 4.831 4.848 4.864 4.881 4.897 4.914 4.931 4.948 4.966 4.984 5.001 5.019 5.037 5.054 5.071 5.089 5.106 5.124 5.141 5.158 5.176 5.193 5.212 5.237 5.263 5.289 5.314 5.340 5.366 5.391 5.417 5.442 5.468 5.493 5.519 5.544 5.569 5.595 5.616 5.637 5.658 5.679 5.701 5.722 5.743 5.764 5.785 5.807 5.828 5.859 5.899 5.941 5.984 6.027 6.070 6.113 6.156 6.200 6.243 6.286 6.329 6.372 6.415 6.458 6.502 6.517 6.520 6.524 6.528 6.531 6.535
