includes/oleron/floodfiles/results/res-0004.wdfp
ncols         631
nrows         906
xllcorner     364927.146667
yllcorner     6531972.565556
cellsize      20.000000
NODATA_value  -9999.000000
[rows 374 to 407 of 906, columns 0 to 76 of 631]
7.442 7.424 7.407 7.389 7.372 7.354 7.337 7.320 7.302 7.285 7.268 7.250 7.213 7.110 7.007 6.905 6.802 6.699 6.597 6.494 6.391 6.289 6.186 6.083 5.981 5.878 5.775 5.673 5.570 5.467 5.365 5.262 5.159 5.057 4.954 4.851 4.749 4.646 4.543 4.441 4.338 4.235 4.133 4.030 3.927 3.825 3.722 3.619 3.517 3.329 3.107 2.885 2.662 2.440 2.218 1.996 1.774 1.551 1.329 1.107 0.885 0.663 0.441 0.218 0.000 0.000 0.000 0.000 0.000 0.000 0.000 0.000 0.000 0.000 0.000 0.000 0.000
7.439 7.421 7.404 7.386 7.369 7.352 7.334 7.317 7.299 7.282 7.265 7.247 7.230 7.213 7.149 7.047 6.944 6.841 6.739 6.636 6.533 6.431 6.328 6.225 6.123 6.020 5.917 5.815 5.712 5.609 5.507 5.404 5.301 5.199 5.096 4.993 4.891 4.788 4.685 4.583 4.480 4.377 4.275 4.172 4.069 3.967 3.864 3.761 3.659 3.490 3.268 3.046 2.824 2.602 2.379 2.157 1.935 1.713 1.491 1.268 1.046 0.824 0.602 0.380 0.158 0.000 0.000 0.000 0.000 0.000 0.000 0.000 0.000 0.000 0.000 0.000 0.000
7.436 7.418 7.401 7.383 7.366 7.349 7.331 7.314 7.296 7.279 7.262 7.244 7.227 7.210 7.192 7.175 7.086 6.983 6.881 6.778 6.675 6.573 6.470 6.367 6.265 6.162 6.059 5.957 5.854 5.751 5.649 5.546 5.443 5.341 5.238 5.135 5.033 4.930 4.827 4.725 4.622 4.519 4.417 4.314 4.211 4.109 4.006 3.903 3.801 3.652 3.430 3.207 2.985 2.763 2.541 2.319 2.096 1.874 1.652 1.430 1.208 0.986 0.763 0.541 0.319 0.097 0.000 0.000 0.000 0.000 0.000 0.000 0.000 0.000 0.000 0.000 0.000
7.433 7.415 7.398 7.380 7.363 7.346 7.328 7.311 7.293 7.276 7.259 7.241 7.224 7.207 7.189 7.172 7.154 7.125 7.023 6.920 6.817 6.715 6.612 6.509 6.407 6.304 6.201 6.099 5.996 5.893 5.791 5.688 5.585 5.483 5.380 5.277 5.175 5.072 4.969 4.867 4.764 4.661 4.559 4.456 4.353 4.251 4.148 4.045 3.943 3.813 3.591 3.369 3.147 2.924 2.702 2.480 2.258 2.036 1.813 1.591 1.369 1.147 0.925 0.703 0.480 0.258 0.036 0.000 0.000 0.000 0.000 0.000 0.000 0.000 0.000 0.000 0.000
7.430 7.412 7.395 7.377 7.360 7.343 7.325 7.308 7.291 7.273 7.256 7.238 7.221 7.204 7.186 7.169 7.151 7.134 7.117 7.062 6.959 6.856 6.754 6.651 6.548 6.446 6.343 6.240 6.138 6.035 5.932 5.830 5.727 5.625 5.522 5.419 5.316 5.214 5.111 5.009 4.906 4.803 4.701 4.598 4.495 4.393 4.290 4.187 4.085 3.974 3.752 3.530 3.308 3.086 2.863 2.641 2.419 2.197 1.975 1.753 1.530 1.308 1.086 0.864 0.642 0.420 0.197 0.000 0.000 0.000 0.000 0.000 0.000 0.000 0.000 0.000 0.000
7.427 7.409 7.392 7.375 7.357 7.340 7.322 7.305 7.288 7.270 7.253 7.235 7.218 7.201 7.183 7.166 7.149 7.131 7.114 7.096 7.079 6.998 6.896 6.793 6.691 6.588 6.485 6.383 6.280 6.177 6.075 5.972 5.869 5.767 5.664 5.561 5.459 5.356 5.253 5.150 5.048 4.945 4.843 4.740 4.637 4.535 4.432 4.329 4.226 4.124 3.914 3.691 3.469 3.247 3.025 2.803 2.580 2.358 2.136 1.914 1.692 1.470 1.248 1.025 0.803 0.581 0.359 0.137 0.000 0.000 0.000 0.000 0.000 0.000 0.000 0.000 0.000
7.424 7.406 7.389 7.372 7.354 7.337 7.319 7.302 7.285 7.267 7.250 7.232 7.215 7.198 7.180 7.163 7.146 7.128 7.111 7.093 7.076 7.059 7.038 6.935 6.832 6.730 6.627 6.524 6.422 6.319 6.216 6.114 6.011 5.908 5.806 5.703 5.600 5.498 5.395 5.292 5.190 5.087 4.984 4.882 4.779 4.676 4.574 4.471 4.368 4.266 4.075 3.853 3.631 3.408 3.186 2.964 2.742 2.520 2.298 2.075 1.853 1.631 1.409 1.187 0.965 0.742 0.520 0.298 0.000 0.000 0.000 0.000 0.000 0.000 0.000 0.000 0.000
7.421 7.403 7.386 7.369 7.351 7.334 7.317 7.299 7.282 7.264 7.247 7.230 7.212 7.195 7.178 7.160 7.143 7.125 7.108 7.091 7.073 7.056 7.038 7.021 6.974 6.872 6.769 6.666 6.564 6.461 6.358 6.256 6.153 6.050 5.948 5.845 5.742 5.640 5.537 5.434 5.332 5.229 5.126 5.024 4.921 4.818 4.716 4.613 4.510 4.408 4.236 4.014 3.792 3.570 3.348 3.125 2.903 2.681 2.459 2.237 2.015 1.792 1.570 1.348 1.126 0.904 0.682 0.459 0.237 0.128 0.000 0.000 0.000 0.000 0.000 0.000 0.000
7.418 7.401 7.383 7.366 7.348 7.331 7.314 7.296 7.279 7.261 7.244 7.227 7.209 7.192 7.175 7.157 7.140 7.122 7.105 7.088 7.070 7.053 7.035 7.018 7.001 6.983 6.911 6.808 6.706 6.603 6.500 6.398 6.295 6.192 6.090 5.987 5.884 5.782 5.679 5.576 5.474 5.371 5.268 5.166 5.063 4.960 4.858 4.755 4.652 4.550 4.398 4.176 3.953 3.731 3.509 3.287 3.065 2.842 2.620 2.398 2.176 1.954 1.732 1.509 1.287 1.065 0.843 0.621 0.505 0.469 0.432 0.396 0.000 0.000 0.000 0.000 0.000
7.415 7.398 7.380 7.363 7.345 7.328 7.311 7.293 7.276 7.259 7.241 7.224 7.206 7.189 7.172 7.154 7.137 7.119 7.102 7.085 7.067 7.050 7.033 7.015 6.998 6.980 6.963 6.946 6.848 6.745 6.642 6.540 6.437 6.334 6.232 6.129 6.026 5.924 5.821 5.718 5.616 5.513 5.410 5.308 5.205 5.102 5.000 4.897 4.794 4.692 4.559 4.337 4.115 3.893 3.670 3.448 3.226 3.004 2.782 2.559 2.337 2.115 1.893 1.671 1.449 1.227 1.004 0.883 0.846 0.810 0.773 0.737 0.000 0.000 0.000 0.591 0.000
7.412 7.395 7.377 7.360 7.343 7.325 7.308 7.290 7.273 7.256 7.238 7.221 7.203 7.186 7.169 7.151 7.134 7.117 7.099 7.082 7.064 7.047 7.030 7.012 6.995 6.977 6.960 6.943 6.925 6.887 6.784 6.682 6.579 6.476 6.374 6.271 6.168 6.066 5.963 5.860 5.758 5.655 5.552 5.450 5.347 5.244 5.142 5.039 4.936 4.834 4.721 4.498 4.276 4.054 3.832 3.610 3.387 3.165 2.943 2.721 2.499 2.277 2.054 1.832 1.610 1.388 1.261 1.224 1.188 1.151 1.115 1.078 1.042 1.005 0.000 0.932 0.895
7.409 7.392 7.374 7.357 7.340 7.322 7.305 7.287 7.270 7.253 7.235 7.218 7.201 7.183 7.166 7.148 7.131 7.114 7.096 7.079 7.061 7.044 7.027 7.009 6.992 6.974 6.957 6.940 6.922 6.905 6.888 6.824 6.721 6.618 6.516 6.413 6.310 6.208 6.105 6.002 5.900 5.797 5.694 5.592 5.489 5.386 5.284 5.181 5.078 4.975 4.873 4.660 4.438 4.215 3.993 3.771 3.549 3.327 3.104 2.882 2.660 2.438 2.216 1.994 1.771 1.638 1.602 1.565 1.529 1.492 1.456 1.419 1.383 1.346 1.310 1.273 1.236
7.406 7.389 7.371 7.354 7.337 7.319 7.302 7.284 7.267 7.250 7.232 7.215 7.197 7.180 7.163 7.145 7.128 7.111 7.093 7.076 7.059 7.041 7.024 7.006 6.989 6.972 6.954 6.937 6.919 6.902 6.885 6.867 6.850 6.760 6.657 6.555 6.452 6.350 6.247 6.144 6.042 5.939 5.836 5.733 5.631 5.528 5.425 5.323 5.220 5.117 5.015 4.821 4.599 4.377 4.155 3.932 3.710 3.488 3.266 3.044 2.822 2.599 2.377 2.155 2.016 1.980 1.943 1.906 1.870 1.833 1.797 1.760 1.724 1.687 1.651 1.614 1.578
7.403 7.386 7.368 7.351 7.334 7.316 7.299 7.282 7.264 7.247 7.229 7.212 7.195 7.177 7.160 7.143 7.125 7.108 7.090 7.073 7.055 7.038 7.021 7.003 6.986 6.969 6.951 6.934 6.916 6.899 6.882 6.864 6.847 6.830 6.800 6.697 6.594 6.491 6.389 6.286 6.184 6.081 5.978 5.875 5.773 5.670 5.568 5.465 5.362 5.259 5.157 4.982 4.760 4.538 4.316 4.094 3.872 3.649 3.427 3.205 2.983 2.761 2.538 2.394 2.357 2.321 2.284 2.248 2.211 2.175 2.138 2.101 2.065 2.028 1.992 1.955 1.919
7.400 7.383 7.365 7.348 7.331 7.313 7.296 7.279 7.261 7.244 7.226 7.209 7.192 7.174 7.157 7.140 7.122 7.105 7.087 7.070 7.053 7.035 7.018 7.001 6.983 6.966 6.948 6.931 6.913 6.896 6.879 6.861 6.844 6.827 6.809 6.792 6.736 6.633 6.531 6.428 6.325 6.223 6.120 6.017 5.915 5.812 5.709 5.607 5.504 5.401 5.299 5.144 4.922 4.700 4.477 4.255 4.033 3.811 3.589 3.367 3.144 2.922 2.772 2.735 2.698 2.662 2.625 2.589 2.552 2.516 2.479 2.443 2.406 2.370 2.333 2.296 2.260
7.397 7.380 7.363 7.345 7.328 7.310 7.293 7.276 7.258 7.241 7.224 7.206 7.189 7.171 7.154 7.137 7.119 7.102 7.084 7.067 7.050 7.032 7.015 6.997 6.980 6.963 6.945 6.928 6.911 6.893 6.876 6.858 6.841 6.824 6.806 6.789 6.771 6.754 6.673 6.570 6.467 6.365 6.262 6.159 6.057 5.954 5.851 5.749 5.646 5.543 5.441 5.305 5.083 4.861 4.639 4.417 4.194 3.972 3.750 3.528 3.306 3.149 3.113 3.076 3.040 3.003 2.967 2.930 2.893 2.857 2.820 2.784 2.747 2.711 2.674 2.638 2.601
7.394 7.377 7.360 7.342 7.325 7.307 7.290 7.273 7.255 7.238 7.221 7.203 7.186 7.168 7.151 7.134 7.116 7.099 7.081 7.064 7.047 7.029 7.012 6.995 6.977 6.960 6.942 6.925 6.908 6.890 6.873 6.855 6.838 6.821 6.803 6.786 6.769 6.751 6.734 6.712 6.609 6.507 6.404 6.301 6.199 6.096 5.993 5.891 5.788 5.685 5.583 5.467 5.245 5.022 4.800 4.578 4.356 4.134 3.911 3.689 3.527 3.490 3.454 3.417 3.381 3.344 3.308 3.271 3.235 3.198 3.161 3.125 3.088 3.052 3.015 2.979 2.942
7.391 7.374 7.357 7.339 7.322 7.304 7.287 7.270 7.252 7.235 7.218 7.200 7.183 7.165 7.148 7.131 7.113 7.096 7.079 7.061 7.044 7.026 7.009 6.992 6.974 6.957 6.940 6.922 6.905 6.887 6.870 6.853 6.835 6.818 6.800 6.783 6.766 6.748 6.731 6.713 6.696 6.649 6.546 6.443 6.341 6.238 6.135 6.033 5.930 5.827 5.725 5.622 5.406 5.184 4.962 4.739 4.517 4.295 4.073 3.905 3.868 3.832 3.795 3.758 3.722 3.685 3.649 3.612 3.576 3.539 3.503 3.466 3.430 3.393 3.356 3.320 3.283
7.389 7.371 7.354 7.336 7.319 7.302 7.284 7.267 7.249 7.232 7.215 7.197 7.180 7.163 7.145 7.128 7.110 7.093 7.076 7.058 7.041 7.024 7.006 6.989 6.971 6.954 6.937 6.919 6.902 6.884 6.867 6.850 6.832 6.815 6.798 6.780 6.763 6.745 6.728 6.711 6.693 6.676 6.658 6.585 6.483 6.380 6.277 6.175 6.072 5.969 5.867 5.764 5.567 5.345 5.123 4.901 4.679 4.456 4.282 4.246 4.209 4.173 4.136 4.099 4.063 4.026 3.990 3.953 3.917 3.880 3.844 3.807 3.771 3.734 3.697 3.661 3.624
7.386 7.368 7.351 7.333 7.316 7.299 7.281 7.264 7.246 7.229 7.212 7.194 7.177 7.160 7.142 7.125 7.108 7.090 7.073 7.055 7.038 7.020 7.003 6.986 6.968 6.951 6.934 6.916 6.899 6.882 6.864 6.847 6.829 6.812 6.795 6.777 6.760 6.742 6.725 6.708 6.690 6.673 6.655 6.638 6.621 6.522 6.419 6.317 6.214 6.111 6.008 5.906 5.729 5.507 5.284 5.062 4.840 4.660 4.623 4.587 4.550 4.514 4.477 4.441 4.404 4.368 4.331 4.295 4.258 4.221 4.185 4.148 4.112 4.075 4.039 4.002 3.966
7.383 7.365 7.348 7.331 7.313 7.296 7.278 7.261 7.244 7.226 7.209 7.191 7.174 7.157 7.139 7.122 7.104 7.087 7.070 7.052 7.035 7.018 7.000 6.983 6.965 6.948 6.931 6.913 6.896 6.878 6.861 6.844 6.826 6.809 6.792 6.774 6.757 6.740 6.722 6.705 6.687 6.670 6.652 6.635 6.618 6.600 6.561 6.459 6.356 6.253 6.150 6.048 5.890 5.668 5.446 5.224 5.038 5.001 4.964 4.928 4.891 4.855 4.818 4.782 4.745 4.709 4.672 4.636 4.599 4.562 4.526 4.489 4.453 4.416 4.380 4.343 4.307
7.380 7.362 7.345 7.328 7.310 7.293 7.275 7.258 7.241 7.223 7.206 7.189 7.171 7.154 7.136 7.119 7.102 7.084 7.067 7.049 7.032 7.015 6.997 6.980 6.963 6.945 6.928 6.910 6.893 6.876 6.858 6.841 6.823 6.806 6.789 6.771 6.754 6.737 6.719 6.702 6.684 6.667 6.650 6.632 6.615 6.597 6.580 6.563 6.498 6.395 6.292 6.190 6.051 5.829 5.607 5.415 5.379 5.342 5.306 5.269 5.233 5.196 5.160 5.123 5.086 5.050 5.013 4.977 4.940 4.904 4.867 4.831 4.794 4.757 4.721 4.684 4.648
7.377 7.359 7.342 7.325 7.307 7.290 7.273 7.255 7.238 7.220 7.203 7.186 7.168 7.151 7.133 7.116 7.099 7.081 7.064 7.047 7.029 7.012 6.994 6.977 6.960 6.942 6.925 6.907 6.890 6.873 6.855 6.838 6.821 6.803 6.786 6.768 6.751 6.734 6.716 6.699 6.681 6.664 6.647 6.629 6.612 6.594 6.577 6.560 6.542 6.525 6.434 6.332 6.213 5.991 5.793 5.757 5.720 5.683 5.647 5.610 5.574 5.537 5.501 5.464 5.428 5.391 5.354 5.318 5.281 5.245 5.208 5.172 5.135 5.099 5.062 5.026 4.989
7.374 7.356 7.339 7.322 7.304 7.287 7.269 7.252 7.235 7.217 7.200 7.183 7.165 7.148 7.131 7.113 7.096 7.078 7.061 7.044 7.026 7.009 6.991 6.974 6.957 6.939 6.922 6.905 6.887 6.870 6.852 6.835 6.818 6.800 6.783 6.765 6.748 6.731 6.713 6.696 6.678 6.661 6.644 6.626 6.609 6.592 6.574 6.557 6.539 6.522 6.505 6.474 6.371 6.171 6.134 6.098 6.061 6.025 5.988 5.951 5.915 5.878 5.842 5.805 5.769 5.732 5.696 5.659 5.622 5.586 5.549 5.502 5.453 5.405 5.356 5.307 5.258
7.371 7.354 7.336 7.319 7.301 7.284 7.267 7.249 7.232 7.214 7.197 7.180 7.162 7.145 7.128 7.110 7.093 7.075 7.058 7.041 7.023 7.006 6.988 6.971 6.954 6.936 6.919 6.901 6.884 6.867 6.849 6.832 6.815 6.797 6.780 6.762 6.745 6.728 6.710 6.693 6.676 6.658 6.641 6.623 6.606 6.589 6.571 6.554 6.537 6.519 6.502 6.484 6.473 6.436 6.387 6.339 6.290 6.241 6.192 6.143 6.095 6.046 5.997 5.948 5.899 5.850 5.802 5.753 5.704 5.655 5.607 5.558 5.509 5.460 5.411 5.362 5.314
7.368 7.351 7.333 7.316 7.298 7.281 7.264 7.246 7.229 7.212 7.194 7.177 7.159 7.142 7.125 7.107 7.090 7.072 7.055 7.038 7.020 7.003 6.985 6.968 6.951 6.933 6.916 6.899 6.881 6.864 6.847 6.829 6.812 6.794 6.777 6.759 6.742 6.725 6.707 6.690 6.673 6.655 6.638 6.620 6.603 6.586 6.568 6.551 6.534 6.516 6.511 6.509 6.504 6.481 6.443 6.394 6.345 6.297 6.248 6.199 6.150 6.101 6.052 6.004 5.955 5.906 5.857 5.808 5.760 5.711 5.662 5.613 5.564 5.515 5.467 5.418 5.369
7.365 7.348 7.330 7.313 7.296 7.278 7.261 7.243 7.226 7.209 7.191 7.174 7.156 7.139 7.122 7.104 7.087 7.069 7.052 7.035 7.017 7.000 6.983 6.965 6.948 6.930 6.913 6.896 6.878 6.861 6.844 6.826 6.809 6.791 6.774 6.757 6.739 6.722 6.705 6.687 6.670 6.652 6.635 6.617 6.600 6.583 6.565 6.551 6.549 6.546 6.544 6.542 6.533 6.510 6.488 6.450 6.401 6.352 6.303 6.254 6.205 6.157 6.108 6.059 6.010 5.961 5.913 5.864 5.815 5.766 5.717 5.669 5.620 5.571 5.522 5.473 5.425
7.362 7.345 7.327 7.310 7.293 7.275 7.258 7.240 7.223 7.206 7.188 7.171 7.154 7.136 7.119 7.101 7.084 7.067 7.049 7.032 7.014 6.997 6.980 6.962 6.945 6.928 6.910 6.893 6.875 6.858 6.841 6.823 6.806 6.788 6.771 6.754 6.736 6.719 6.701 6.684 6.667 6.649 6.632 6.615 6.597 6.589 6.587 6.584 6.582 6.580 6.578 6.575 6.562 6.540 6.517 6.494 6.456 6.407 6.359 6.310 6.261 6.212 6.163 6.114 6.066 6.017 5.968 5.919 5.871 5.822 5.773 5.724 5.675 5.626 5.578 5.529 5.480
7.359 7.342 7.324 7.307 7.290 7.272 7.255 7.237 7.220 7.203 7.185 7.168 7.150 7.133 7.116 7.098 7.081 7.064 7.046 7.029 7.012 6.994 6.977 6.959 6.942 6.925 6.907 6.890 6.872 6.855 6.838 6.820 6.803 6.785 6.768 6.751 6.733 6.716 6.699 6.681 6.664 6.646 6.629 6.627 6.625 6.622 6.620 6.618 6.616 6.613 6.611 6.609 6.591 6.568 6.546 6.523 6.500 6.463 6.414 6.365 6.316 6.268 6.219 6.170 6.121 6.072 6.024 5.975 5.926 5.877 5.828 5.779 5.731 5.682 5.633 5.584 5.536
7.356 7.339 7.321 7.304 7.287 7.269 7.252 7.235 7.217 7.200 7.182 7.165 7.148 7.130 7.113 7.096 7.078 7.061 7.043 7.026 7.008 6.991 6.974 6.956 6.939 6.922 6.904 6.887 6.870 6.852 6.835 6.817 6.800 6.783 6.765 6.748 6.730 6.713 6.696 6.678 6.667 6.665 6.663 6.660 6.658 6.656 6.654 6.651 6.649 6.647 6.644 6.642 6.620 6.598 6.575 6.552 6.529 6.506 6.470 6.421 6.372 6.323 6.274 6.226 6.177 6.128 6.079 6.030 5.981 5.933 5.884 5.835 5.786 5.737 5.689 5.640 5.591
7.353 7.336 7.319 7.301 7.284 7.266 7.249 7.232 7.214 7.197 7.179 7.162 7.145 7.127 7.110 7.092 7.075 7.058 7.040 7.023 7.006 6.988 6.971 6.953 6.936 6.919 6.901 6.884 6.867 6.849 6.832 6.814 6.797 6.780 6.762 6.745 6.728 6.710 6.705 6.703 6.701 6.698 6.696 6.694 6.691 6.689 6.687 6.684 6.682 6.680 6.678 6.673 6.650 6.627 6.604 6.581 6.558 6.535 6.512 6.476 6.427 6.379 6.330 6.281 6.232 6.183 6.135 6.086 6.037 5.988 5.939 5.891 5.842 5.793 5.744 5.695 5.646
7.350 7.333 7.316 7.298 7.281 7.263 7.246 7.229 7.211 7.194 7.176 7.159 7.142 7.124 7.107 7.090 7.072 7.055 7.037 7.020 7.003 6.985 6.968 6.951 6.933 6.916 6.898 6.881 6.864 6.846 6.829 6.811 6.794 6.777 6.759 6.746 6.743 6.741 6.739 6.736 6.734 6.732 6.729 6.727 6.725 6.722 6.720 6.718 6.716 6.713 6.711 6.702 6.679 6.656 6.633 6.610 6.587 6.564 6.541 6.518 6.483 6.434 6.385 6.336 6.288 6.239 6.190 6.141 6.092 6.043 5.995 5.946 5.897 5.848 5.799 5.751 5.702
7.347 7.330 7.313 7.295 7.278 7.260 7.243 7.226 7.208 7.191 7.174 7.156 7.139 7.121 7.104 7.087 7.069 7.052 7.035 7.017 7.000 6.982 6.965 6.948 6.930 6.913 6.895 6.878 6.861 6.843 6.826 6.809 6.791 6.784 6.781 6.779 6.777 6.774 6.772 6.770 6.767 6.765 6.763 6.760 6.758 6.756 6.753 6.751 6.749 6.746 6.744 6.731 6.708 6.685 6.662 6.639 6.616 6.593 6.570 6.548 6.525 6.489 6.441 6.392 6.343 6.294 6.245 6.197 6.148 6.099 6.050 6.001 5.953 5.904 5.855 5.806 5.757
7.345 7.327 7.310 7.292 7.275 7.258 7.240 7.223 7.205 7.188 7.171 7.153 7.136 7.118 7.101 7.084 7.066 7.049 7.032 7.014 6.997 6.979 6.962 6.945 6.927 6.910 6.893 6.875 6.858 6.840 6.824 6.821 6.819 6.817 6.815 6.812 6.810 6.808 6.805 6.803 6.801 6.798 6.796 6.794 6.791 6.789 6.787 6.784 6.782 6.780 6.777 6.760 6.737 6.714 6.691 6.668 6.645 6.622 6.599 6.576 6.554 6.531 6.496 6.447 6.398 6.350 6.301 6.252 6.203 6.155 6.106 6.057 6.008 5.959 5.910 5.862 5.813
