includes/oleron/floodfiles/results/res-0014.wd
ncols         631
nrows         906
xllcorner     364927.146667
yllcorner     6531972.565556
cellsize      20.000000
NODATA_value  -9999.000000
[rows 476 to 509 of 906, columns 154 to 230 of 631]
2.096 1.916 1.735 1.554 1.374 1.193 1.092 0.993 0.894 0.795 0.696 0.597 0.498 0.399 0.300 0.201 0.103 0.004 0.000 0.000 0.000 0.000 0.000 0.000 0.000 0.000 0.000 0.000 0.000 0.000 0.000 0.000 0.000 0.000 0.000 0.000 0.000 0.000 0.000 0.000 0.000 0.000 0.000 0.000 0.000 0.000 0.000 0.000 0.000 0.000 0.000 0.000 0.000 0.000 0.000 0.000 0.000 0.000 0.000 0.000 0.000 0.000 0.000 0.000 0.000 0.000 0.000 0.000 0.000 0.000 0.000 0.000 0.000 0.000 0.000 0.000 0.000
2.263 2.083 1.902 1.721 1.541 1.382 1.283 1.184 1.085 0.986 0.888 0.789 0.690 0.591 0.492 0.393 0.294 0.195 0.096 0.000 0.000 0.000 0.000 0.000 0.000 0.000 0.000 0.000 0.000 0.000 0.000 0.000 0.000 0.000 0.000 0.000 0.000 0.000 0.000 0.000 0.000 0.000 0.000 0.000 0.000 0.000 0.000 0.000 0.000 0.000 0.000 0.000 0.000 0.000 0.000 0.000 0.000 0.000 0.000 0.000 0.000 0.000 0.000 0.000 0.000 0.000 0.000 0.000 0.000 0.000 0.000 0.000 0.000 0.000 0.000 0.000 0.000
2.430 2.249 2.069 1.888 1.707 1.574 1.475 1.376 1.277 1.178 1.079 0.980 0.881 0.782 0.683 0.584 0.485 0.386 0.287 0.188 0.089 0.000 0.000 0.000 0.000 0.000 0.000 0.000 0.000 0.000 0.000 0.000 0.000 0.000 0.000 0.000 0.000 0.000 0.000 0.000 0.000 0.000 0.000 0.000 0.000 0.000 0.000 0.000 0.000 0.000 0.000 0.000 0.000 0.000 0.000 0.000 0.000 0.000 0.000 0.000 0.000 0.000 0.000 0.000 0.000 0.000 0.000 0.000 0.000 0.000 0.000 0.000 0.000 0.000 0.000 0.000 0.000
2.597 2.416 2.235 2.055 1.874 1.765 1.666 1.567 1.468 1.369 1.270 1.171 1.072 0.973 0.874 0.775 0.676 0.577 0.478 0.379 0.280 0.182 0.083 0.000 0.000 0.000 0.000 0.000 0.000 0.000 0.000 0.000 0.000 0.000 0.000 0.000 0.000 0.000 0.000 0.000 0.000 0.000 0.000 0.000 0.000 0.000 0.000 0.000 0.000 0.000 0.000 0.000 0.000 0.000 0.000 0.000 0.000 0.000 0.000 0.000 0.000 0.000 0.000 0.000 0.000 0.000 0.000 0.000 0.000 0.000 0.000 0.000 0.000 0.000 0.000 0.000 0.000
2.763 2.583 2.402 2.221 2.055 1.956 1.857 1.758 1.659 1.560 1.461 1.362 1.263 1.164 1.065 0.966 0.868 0.769 0.670 0.571 0.472 0.373 0.274 0.175 0.000 0.000 0.000 0.000 0.000 0.000 0.000 0.000 0.000 0.000 0.000 0.000 0.000 0.000 0.000 0.000 0.000 0.000 0.000 0.000 0.000 0.000 0.000 0.000 0.000 0.000 0.000 0.000 0.000 0.000 0.000 0.000 0.000 0.000 0.000 0.000 0.000 0.000 0.000 0.000 0.000 0.000 0.000 0.000 0.000 0.000 0.000 0.000 0.000 0.000 0.000 0.000 0.000
2.930 2.749 2.569 2.388 2.246 2.147 2.048 1.949 1.850 1.751 1.653 1.554 1.455 1.356 1.257 1.158 1.059 0.960 0.861 0.762 0.663 0.564 0.465 0.366 0.267 0.000 0.000 0.000 0.000 0.000 0.000 0.000 0.000 0.000 0.000 0.000 0.000 0.000 0.000 0.000 0.000 0.000 0.000 0.000 0.000 0.000 0.000 0.000 0.000 0.000 0.000 0.000 0.000 0.000 0.000 0.000 0.000 0.000 0.000 0.000 0.000 0.000 0.000 0.000 0.000 0.000 0.000 0.000 0.000 0.000 0.000 0.000 0.000 0.000 0.000 0.000 0.000
3.097 2.916 2.736 2.555 2.437 2.339 2.240 2.141 2.042 1.943 1.844 1.745 1.646 1.547 1.448 1.349 1.250 1.151 1.052 0.953 0.854 0.755 0.656 0.557 0.000 0.000 0.000 0.000 0.000 0.000 0.000 0.000 0.000 0.000 0.000 0.000 0.000 0.000 0.000 0.000 0.000 0.000 0.000 0.000 0.000 0.000 0.000 0.000 0.000 0.000 0.000 0.000 0.000 0.000 0.000 0.000 0.000 0.000 0.000 0.000 0.000 0.000 0.000 0.000 0.000 0.000 0.000 0.000 0.000 0.000 0.000 0.000 0.000 0.000 0.000 0.000 0.000
3.264 3.083 2.902 2.728 2.629 2.530 2.431 2.332 2.233 2.134 2.035 1.936 1.837 1.738 1.639 1.540 1.441 1.342 1.243 1.144 1.045 0.946 0.848 0.749 0.650 0.551 0.452 0.353 0.000 0.000 0.000 0.000 0.000 0.000 0.000 0.000 0.000 0.000 0.000 0.000 0.000 0.000 0.000 0.000 0.000 0.000 0.000 0.000 0.000 0.000 0.000 0.000 0.000 0.000 0.000 0.000 0.000 0.000 0.000 0.000 0.000 0.000 0.000 0.000 0.000 0.000 0.000 0.000 0.000 0.000 0.000 0.000 0.000 0.000 0.000 0.000 0.000
3.430 3.250 3.069 2.919 2.820 2.721 2.622 2.523 2.424 2.325 2.226 2.127 2.028 1.929 1.830 1.731 1.632 1.534 1.435 1.336 1.237 1.138 1.039 0.940 0.841 0.742 0.643 0.544 0.445 0.346 0.000 0.000 0.000 0.000 0.000 0.000 0.000 0.000 0.000 0.000 0.000 0.000 0.000 0.000 0.000 0.000 0.000 0.000 0.000 0.000 0.000 0.000 0.000 0.000 0.000 0.000 0.000 0.000 0.000 0.000 0.000 0.000 0.000 0.000 0.000 0.000 0.000 0.000 0.000 0.000 0.000 0.000 0.000 0.000 0.000 0.000 0.000
3.597 3.416 3.236 3.110 3.011 2.912 2.813 2.714 2.615 2.516 2.418 2.319 2.220 2.121 2.022 1.923 1.824 1.725 1.626 1.527 1.428 1.329 1.230 1.131 1.032 0.933 0.834 0.731 0.621 0.511 0.401 0.000 0.000 0.000 0.000 0.000 0.000 0.000 0.000 0.000 0.000 0.000 0.000 0.000 0.000 0.000 0.000 0.000 0.000 0.000 0.000 0.000 0.000 0.000 0.000 0.000 0.000 0.000 0.000 0.000 0.000 0.000 0.000 0.000 0.000 0.000 0.000 0.000 0.000 0.000 0.000 0.000 0.000 0.000 0.000 0.000 0.000
3.764 3.583 3.402 3.301 3.203 3.103 3.005 2.906 2.807 2.708 2.609 2.510 2.411 2.312 2.213 2.114 2.015 1.916 1.817 1.718 1.619 1.520 1.421 1.322 1.219 1.109 0.999 0.889 0.779 0.670 0.560 0.450 0.340 0.230 0.000 0.000 0.000 0.000 0.000 0.000 0.000 0.000 0.000 0.000 0.000 0.000 0.000 0.000 0.000 0.000 0.000 0.000 0.000 0.000 0.000 0.000 0.000 0.000 0.000 0.000 0.000 0.000 0.000 0.000 0.000 0.000 0.000 0.000 0.000 0.000 0.000 0.000 0.000 0.000 0.000 0.000 0.000
3.930 3.750 3.592 3.493 3.394 3.295 3.196 3.097 2.998 2.899 2.800 2.701 2.602 2.503 2.404 2.305 2.206 2.107 2.008 1.909 1.810 1.708 1.598 1.488 1.378 1.268 1.158 1.048 0.938 0.828 0.718 0.609 0.499 0.389 0.000 0.000 0.000 0.000 0.000 0.000 0.000 0.000 0.000 0.000 0.000 0.000 0.000 0.000 0.000 0.000 0.000 0.000 0.000 0.000 0.000 0.000 0.000 0.000 0.000 0.000 0.000 0.000 0.000 0.000 0.000 0.000 0.000 0.000 0.000 0.000 0.000 0.000 0.000 0.000 0.000 0.000 0.000
4.097 3.917 3.783 3.684 3.585 3.486 3.387 3.288 3.189 3.090 2.991 2.892 2.793 2.694 2.595 2.496 2.397 2.298 2.196 2.086 1.976 1.866 1.756 1.647 1.537 1.427 1.317 1.207 1.097 0.987 0.877 0.767 0.000 0.000 0.000 0.000 0.000 0.000 0.000 0.000 0.000 0.000 0.000 0.000 0.000 0.000 0.000 0.000 0.000 0.000 0.000 0.000 0.000 0.000 0.000 0.000 0.000 0.000 0.000 0.000 0.000 0.000 0.000 0.000 0.000 0.000 0.000 0.000 0.000 0.000 0.000 0.000 0.000 0.000 0.000 0.000 0.000
4.264 4.083 3.974 3.875 3.776 3.677 3.578 3.479 3.380 3.281 3.182 3.083 2.985 2.886 2.787 2.685 2.575 2.465 2.355 2.245 2.135 2.025 1.915 1.805 1.695 1.586 1.476 1.366 1.256 1.146 1.036 0.926 0.816 0.000 0.000 0.000 0.000 0.000 0.000 0.000 0.000 0.000 0.000 0.000 0.000 0.000 0.000 0.000 0.000 0.000 0.000 0.000 0.000 0.000 0.000 0.000 0.000 0.000 0.000 0.000 0.000 0.000 0.000 0.000 0.000 0.000 0.000 0.000 0.000 0.000 0.000 0.000 0.000 0.000 0.000 0.000 0.000
4.431 4.264 4.165 4.066 3.967 3.868 3.769 3.671 3.572 3.473 3.374 3.275 3.173 3.063 2.953 2.843 2.733 2.624 2.514 2.404 2.294 2.184 2.074 1.964 1.854 1.744 1.634 1.525 1.415 1.305 1.195 1.085 0.975 0.865 0.755 0.607 0.456 0.306 0.000 0.000 0.000 0.000 0.000 0.000 0.000 0.000 0.000 0.000 0.000 0.000 0.000 0.000 0.000 0.000 0.000 0.000 0.000 0.000 0.000 0.000 0.000 0.000 0.000 0.000 0.000 0.000 0.000 0.000 0.000 0.000 0.000 0.000 0.000 0.000 0.000 0.000 0.000
4.597 4.456 4.357 4.258 4.159 4.060 3.961 3.862 3.763 3.662 3.552 3.442 3.332 3.222 3.112 3.002 2.892 2.782 2.672 2.562 2.453 2.343 2.233 2.123 2.013 1.903 1.793 1.683 1.573 1.463 1.354 1.244 1.134 1.024 0.901 0.751 0.600 0.449 0.000 0.000 0.000 0.000 0.000 0.000 0.000 0.000 0.000 0.000 0.000 0.000 0.000 0.000 0.000 0.000 0.000 0.000 0.000 0.000 0.000 0.000 0.000 0.000 0.000 0.000 0.000 0.000 0.000 0.000 0.000 0.000 0.000 0.000 0.000 0.000 0.000 0.000 0.000
4.764 4.647 4.548 4.449 4.350 4.251 4.150 4.040 3.930 3.820 3.710 3.601 3.491 3.381 3.271 3.161 3.051 2.941 2.831 2.721 2.611 2.502 2.392 2.282 2.172 2.062 1.952 1.842 1.732 1.622 1.512 1.402 1.293 1.183 1.045 0.894 0.743 0.593 0.442 0.291 0.140 0.000 0.000 0.000 0.000 0.000 0.000 0.000 0.000 0.000 0.000 0.000 0.000 0.000 0.000 0.000 0.000 0.000 0.000 0.000 0.000 0.000 0.000 0.000 0.000 0.000 0.000 0.000 0.000 0.000 0.000 0.000 0.000 0.000 0.000 0.000 0.000
4.937 4.838 4.739 4.639 4.529 4.419 4.309 4.199 4.089 3.979 3.869 3.759 3.649 3.540 3.430 3.320 3.210 3.100 2.990 2.880 2.770 2.660 2.550 2.441 2.331 2.221 2.111 2.001 1.891 1.781 1.671 1.561 1.451 1.339 1.188 1.038 0.887 0.736 0.585 0.434 0.284 0.000 0.000 0.000 0.000 0.000 0.000 0.000 0.000 0.000 0.000 0.000 0.000 0.000 0.000 0.000 0.000 0.000 0.000 0.000 0.000 0.000 0.000 0.000 0.000 0.000 0.000 0.000 0.000 0.000 0.000 0.000 0.000 0.000 0.000 0.000 0.000
5.127 5.017 4.907 4.797 4.687 4.578 4.468 4.358 4.248 4.138 4.028 3.918 3.808 3.698 3.588 3.479 3.369 3.259 3.149 3.039 2.929 2.819 2.709 2.599 2.489 2.379 2.269 2.160 2.050 1.940 1.830 1.720 1.610 1.483 1.332 1.181 1.030 0.880 0.729 0.578 0.427 0.000 0.126 0.000 0.000 0.000 0.000 0.000 0.000 0.000 0.000 0.000 0.000 0.000 0.000 0.000 0.000 0.000 0.000 0.000 0.000 0.000 0.000 0.000 0.000 0.000 0.000 0.000 0.000 0.000 0.000 0.000 0.000 0.000 0.000 0.000 0.000
5.233 5.176 5.066 4.956 4.846 4.736 4.626 4.517 4.407 4.297 4.187 4.077 3.967 3.857 3.747 3.637 3.527 3.418 3.308 3.198 3.088 2.978 2.868 2.758 2.648 2.538 2.428 2.318 2.208 2.099 1.989 1.879 1.769 1.626 1.475 1.325 1.174 1.023 0.872 0.721 0.571 0.000 0.269 0.118 0.000 0.000 0.000 0.000 0.000 0.000 0.000 0.000 0.000 0.000 0.000 0.000 0.000 0.000 0.000 0.000 0.000 0.000 0.000 0.000 0.000 0.000 0.000 0.000 0.000 0.000 0.000 0.000 0.000 0.000 0.000 0.000 0.000
5.301 5.262 5.224 5.115 5.005 4.895 4.785 4.675 4.565 4.456 4.346 4.236 4.126 4.016 3.906 3.796 3.686 3.576 3.466 3.356 3.247 3.137 3.027 2.917 2.807 2.697 2.587 2.477 2.367 2.257 2.147 2.038 1.921 1.770 1.619 1.468 1.317 1.167 1.016 0.865 0.714 0.563 0.413 0.262 0.111 0.000 0.000 0.000 0.000 0.000 0.000 0.000 0.000 0.000 0.000 0.000 0.000 0.000 0.000 0.000 0.000 0.000 0.000 0.000 0.000 0.000 0.000 0.000 0.000 0.000 0.000 0.000 0.000 0.000 0.000 0.000 0.000
5.368 5.330 5.292 5.254 5.164 5.054 4.944 4.834 4.724 4.614 4.504 4.394 4.285 4.175 4.065 3.955 3.845 3.735 3.625 3.515 3.405 3.295 3.185 3.076 2.966 2.856 2.746 2.636 2.526 2.416 2.306 2.196 2.064 1.913 1.763 1.612 1.461 1.310 1.159 1.009 0.858 0.707 0.556 0.405 0.254 0.104 0.000 0.000 0.000 0.000 0.000 0.000 0.000 0.000 0.000 0.000 0.000 0.000 0.000 0.000 0.000 0.000 0.000 0.000 0.000 0.000 0.000 0.000 0.000 0.000 0.000 0.000 0.000 0.000 0.000 0.000 0.000
5.436 5.397 5.359 5.321 5.283 5.213 5.103 4.993 4.883 4.773 4.663 4.553 4.443 4.334 4.224 4.114 4.004 3.894 3.784 3.674 3.564 3.454 3.344 3.234 3.125 3.015 2.905 2.795 2.685 2.575 2.465 2.355 2.208 2.057 1.906 1.755 1.604 1.454 1.303 1.152 1.001 0.850 0.700 0.549 0.398 0.247 0.096 0.000 0.000 0.000 0.000 0.000 0.000 0.000 0.000 0.000 0.000 0.000 0.000 0.000 0.000 0.000 0.000 0.000 0.000 0.000 0.000 0.000 0.000 0.000 0.000 0.000 0.000 0.000 0.000 0.000 0.000
5.503 5.465 5.427 5.389 5.351 5.312 5.262 5.152 5.042 4.932 4.822 4.712 4.602 4.492 4.382 4.272 4.162 4.053 3.943 3.833 3.723 3.613 3.503 3.393 3.283 3.173 3.064 2.954 2.844 2.734 2.624 2.502 2.351 2.200 2.050 1.899 1.748 1.597 1.446 1.296 1.145 0.994 0.843 0.692 0.541 0.391 0.240 0.089 0.000 0.000 0.000 0.000 0.000 0.000 0.000 0.000 0.000 0.000 0.000 0.000 0.000 0.000 0.000 0.000 0.000 0.000 0.000 0.000 0.000 0.000 0.000 0.000 0.000 0.000 0.000 0.000 0.000
5.571 5.532 5.494 5.456 5.418 5.380 5.342 5.304 5.201 5.091 4.981 4.871 4.761 4.651 4.541 4.431 4.321 4.211 4.102 3.992 3.882 3.772 3.662 3.552 3.442 3.332 3.222 3.112 3.002 2.893 2.783 2.645 2.495 2.344 2.193 2.042 1.891 1.741 1.590 1.439 1.288 1.137 0.987 0.836 0.685 0.534 0.383 0.233 0.082 0.000 0.000 0.000 0.000 0.000 0.000 0.000 0.000 0.000 0.000 0.000 0.000 0.000 0.000 0.000 0.000 0.000 0.000 0.000 0.000 0.000 0.000 0.000 0.000 0.000 0.000 0.000 0.000
5.638 5.600 5.562 5.524 5.486 5.447 5.409 5.371 5.333 5.249 5.139 5.030 4.920 4.810 4.700 4.590 4.480 4.370 4.260 4.150 4.040 3.931 3.821 3.711 3.601 3.491 3.381 3.271 3.161 3.051 2.940 2.789 2.638 2.487 2.336 2.186 2.035 1.884 1.733 1.583 1.432 1.281 1.130 0.979 0.828 0.678 0.527 0.376 0.225 0.074 0.000 0.000 0.000 0.000 0.000 0.000 0.000 0.000 0.000 0.000 0.000 0.000 0.000 0.000 0.000 0.000 0.000 0.000 0.000 0.000 0.000 0.000 0.000 0.000 0.000 0.000 0.000
5.706 5.668 5.629 5.591 5.553 5.515 5.477 5.439 5.401 5.362 5.298 5.188 5.078 4.969 4.859 4.749 4.639 4.529 4.419 4.309 4.199 4.089 3.979 3.869 3.760 3.650 3.540 3.430 3.320 3.210 3.083 2.932 2.782 2.631 2.480 2.329 2.178 2.028 1.877 1.726 1.575 1.424 1.274 1.123 0.972 0.821 0.670 0.520 0.369 0.218 0.067 0.000 0.000 0.000 0.000 0.000 0.000 0.000 0.000 0.000 0.000 0.000 0.000 0.000 0.000 0.000 0.000 0.000 0.000 0.000 0.000 0.000 0.000 0.000 0.000 0.000 0.000
5.773 5.735 5.697 5.659 5.621 5.582 5.544 5.506 5.468 5.430 5.392 5.347 5.237 5.127 5.017 4.908 4.798 4.688 4.578 4.468 4.358 4.248 4.138 4.028 3.918 3.808 3.699 3.589 3.479 3.369 3.227 3.076 2.925 2.774 2.623 2.473 2.322 2.171 2.020 1.869 1.719 1.568 1.417 1.266 1.115 0.965 0.814 0.663 0.512 0.361 0.211 0.060 0.000 0.000 0.013 0.000 0.000 0.000 0.000 0.000 0.000 0.000 0.000 0.000 0.000 0.000 0.000 0.000 0.000 0.000 0.000 0.000 0.000 0.000 0.000 0.000 0.000
5.841 5.803 5.765 5.726 5.688 5.650 5.612 5.574 5.535 5.497 5.459 5.421 5.383 5.286 5.176 5.066 4.956 4.846 4.737 4.627 4.517 4.407 4.297 4.187 4.077 3.967 3.857 3.748 3.638 3.521 3.370 3.219 3.069 2.918 2.767 2.616 2.465 2.315 2.164 2.013 1.862 1.711 1.561 1.410 1.259 1.108 0.957 0.807 0.656 0.505 0.354 0.203 0.053 0.028 0.046 0.000 0.000 0.000 0.000 0.000 0.000 0.000 0.000 0.000 0.000 0.000 0.000 0.000 0.000 0.000 0.000 0.000 0.000 0.000 0.000 0.000 0.000
5.908 5.870 5.832 5.794 5.756 5.717 5.679 5.641 5.603 5.565 5.527 5.489 5.450 5.412 5.335 5.225 5.115 5.005 4.895 4.785 4.676 4.566 4.456 4.346 4.236 4.126 4.016 3.906 3.796 3.664 3.514 3.363 3.212 3.061 2.910 2.760 2.609 2.458 2.307 2.156 2.006 1.855 1.704 1.553 1.403 1.252 1.101 0.950 0.799 0.648 0.498 0.347 0.196 0.061 0.078 0.000 0.000 0.000 0.000 0.000 0.000 0.000 0.000 0.000 0.000 0.000 0.000 0.000 0.000 0.000 0.000 0.000 0.000 0.000 0.000 0.000 0.000
5.976 5.938 5.900 5.861 5.823 5.785 5.747 5.709 5.671 5.632 5.594 5.556 5.518 5.480 5.442 5.384 5.274 5.164 5.054 4.944 4.834 4.724 4.615 4.505 4.395 4.285 4.175 4.065 3.955 3.808 3.657 3.506 3.356 3.205 3.054 2.903 2.752 2.602 2.451 2.300 2.149 1.998 1.848 1.697 1.546 1.395 1.244 1.093 0.943 0.792 0.641 0.490 0.340 0.189 0.110 0.128 0.000 0.000 0.000 0.000 0.000 0.000 0.000 0.000 0.000 0.000 0.000 0.000 0.000 0.000 0.000 0.000 0.000 0.000 0.000 0.000 0.000
6.043 6.005 5.967 5.929 5.891 5.853 5.814 5.776 5.738 5.700 5.662 5.624 5.585 5.547 5.509 5.471 5.433 5.323 5.213 5.103 4.993 4.883 4.773 4.663 4.554 4.444 4.334 4.224 4.102 3.952 3.801 3.650 3.499 3.348 3.198 3.047 2.896 2.745 2.594 2.444 2.293 2.142 1.991 1.840 1.689 1.539 1.388 1.237 1.086 0.935 0.785 0.634 0.483 0.332 0.181 0.000 0.000 0.000 0.000 0.000 0.000 0.000 0.000 0.000 0.000 0.000 0.000 0.000 0.000 0.000 0.000 0.000 0.000 0.000 0.000 0.000 0.000
6.111 6.073 6.035 5.996 5.958 5.920 5.882 5.844 5.806 5.767 5.729 5.691 5.653 5.615 5.577 5.539 5.500 5.462 5.372 5.262 5.152 5.042 4.932 4.822 4.712 4.602 4.493 4.383 4.246 4.095 3.944 3.793 3.643 3.492 3.341 3.190 3.039 2.889 2.738 2.587 2.436 2.285 2.135 1.984 1.833 1.682 1.531 1.381 1.230 1.079 0.928 0.777 0.627 0.476 0.325 0.192 0.000 0.000 0.000 0.000 0.000 0.000 0.000 0.000 0.000 0.000 0.000 0.000 0.000 0.000 0.000 0.000 0.000 0.000 0.000 0.000 0.000
6.178 6.140 6.102 6.064 6.026 5.988 5.949 5.911 5.873 5.835 5.797 5.759 5.720 5.682 5.644 5.606 5.568 5.530 5.492 5.421 5.311 5.201 5.091 4.981 4.871 4.761 4.651 4.540 4.389 4.239 4.088 3.937 3.786 3.635 3.484 3.334 3.183 3.032 2.881 2.731 2.580 2.429 2.278 2.127 1.976 1.826 1.675 1.524 1.373 1.222 1.072 0.921 0.770 0.619 0.468 0.318 0.000 0.000 0.000 0.000 0.000 0.000 0.000 0.000 0.000 0.000 0.000 0.000 0.000 0.000 0.000 0.000 0.000 0.000 0.000 0.000 0.000
