includes/oleron/floodfiles/results/res-0011.wdfp
ncols         631
nrows         906
xllcorner     364927.146667
yllcorner     6531972.565556
cellsize      20.000000
NODATA_value  -9999.000000
[rows 238 to 271 of 906, columns 385 to 461 of 631]
0.000 0.182 0.000 0.000 0.000 0.000 0.002 0.002 0.291 0.069 0.000 0.000 0.362 0.108 0.048 0.003 0.005 0.000 0.024 0.034 0.000 0.000 0.007 0.012 0.011 0.010 0.010 0.010 0.009 0.009 0.009 0.009 0.010 0.010 0.012 0.016 0.014 0.012 0.009 0.007 0.005 0.004 0.003 0.002 0.001 0.001 0.001 0.002 0.003 0.002 0.000 0.000 0.001 0.002 0.002 0.003 0.003 0.003 0.003 0.003 0.003 0.003 0.004 0.004 0.005 0.022 0.017 0.013 0.009 0.007 0.006 0.006 0.006 0.005 0.005 0.004 0.003
0.002 0.019 0.103 0.000 0.061 0.000 0.123 0.000 0.003 0.109 0.000 0.082 0.000 0.058 0.068 0.007 0.009 0.004 0.000 0.000 0.000 0.000 0.008 0.009 0.009 0.009 0.009 0.009 0.009 0.009 0.009 0.009 0.009 0.010 0.013 0.016 0.013 0.010 0.008 0.006 0.004 0.003 0.002 0.001 0.001 0.000 0.000 0.000 0.001 0.002 0.001 0.001 0.002 0.002 0.002 0.002 0.002 0.003 0.003 0.003 0.003 0.003 0.004 0.004 0.005 0.021 0.016 0.012 0.009 0.007 0.006 0.006 0.006 0.006 0.005 0.005 0.005
0.064 0.001 0.019 0.000 0.000 0.000 0.001 0.041 0.007 0.009 0.049 0.000 0.028 0.038 0.000 0.007 0.013 0.008 0.000 0.000 0.000 0.017 0.016 0.010 0.010 0.009 0.009 0.009 0.009 0.009 0.009 0.009 0.010 0.010 0.013 0.014 0.012 0.009 0.007 0.005 0.003 0.002 0.001 0.001 0.000 0.000 0.000 0.000 0.000 0.001 0.001 0.001 0.002 0.002 0.002 0.002 0.002 0.003 0.003 0.003 0.003 0.004 0.004 0.004 0.005 0.019 0.016 0.012 0.009 0.007 0.006 0.006 0.006 0.006 0.005 0.008 0.009
0.000 0.123 0.053 0.082 0.062 0.122 0.062 0.004 0.043 0.000 0.000 0.054 0.003 0.000 0.000 0.000 0.000 0.022 0.021 0.022 0.022 0.020 0.019 0.014 0.009 0.008 0.008 0.008 0.009 0.009 0.009 0.009 0.010 0.010 0.014 0.013 0.010 0.007 0.005 0.004 0.002 0.001 0.001 0.000 0.000 0.000 0.000 0.000 0.001 0.001 0.002 0.002 0.002 0.002 0.002 0.002 0.002 0.003 0.003 0.003 0.003 0.004 0.004 0.004 0.005 0.016 0.016 0.012 0.008 0.006 0.006 0.005 0.005 0.006 0.010 0.012 0.013
0.002 0.000 0.000 0.000 0.072 0.122 0.002 0.000 0.009 0.019 0.026 0.001 0.044 0.000 0.025 0.000 0.000 0.000 0.017 0.019 0.019 0.019 0.022 0.000 0.009 0.008 0.008 0.008 0.009 0.009 0.009 0.010 0.010 0.010 0.014 0.011 0.008 0.006 0.004 0.003 0.002 0.001 0.000 0.000 0.000 0.000 0.000 0.000 0.001 0.002 0.002 0.002 0.002 0.002 0.002 0.002 0.002 0.003 0.003 0.003 0.003 0.004 0.004 0.004 0.005 0.013 0.016 0.011 0.008 0.006 0.005 0.005 0.007 0.010 0.013 0.015 0.016
0.006 0.012 0.023 0.222 0.020 0.000 0.012 0.081 0.012 0.012 0.011 0.043 0.000 0.000 0.045 0.008 0.274 0.284 0.005 0.016 0.016 0.017 0.018 0.018 0.015 0.011 0.008 0.008 0.009 0.009 0.010 0.010 0.009 0.010 0.012 0.009 0.006 0.004 0.003 0.002 0.001 0.001 0.000 0.000 0.000 0.000 0.000 0.000 0.001 0.002 0.002 0.002 0.002 0.002 0.003 0.003 0.003 0.003 0.003 0.003 0.003 0.004 0.004 0.005 0.005 0.011 0.015 0.011 0.007 0.006 0.005 0.008 0.011 0.013 0.015 0.017 0.018
0.000 0.014 0.000 0.001 0.071 0.110 0.039 0.003 0.002 0.004 0.002 0.053 0.052 0.131 0.007 0.005 0.271 0.000 0.000 0.015 0.014 0.015 0.015 0.015 0.013 0.012 0.010 0.008 0.009 0.010 0.010 0.009 0.009 0.010 0.011 0.007 0.005 0.003 0.002 0.001 0.000 0.000 0.000 0.000 0.000 0.000 0.000 0.000 0.001 0.002 0.002 0.002 0.002 0.002 0.003 0.003 0.003 0.003 0.003 0.003 0.003 0.004 0.004 0.005 0.005 0.010 0.014 0.010 0.007 0.006 0.009 0.012 0.014 0.016 0.017 0.019 0.020
0.026 0.066 0.056 0.000 0.000 0.000 0.000 0.003 0.000 0.117 0.000 0.142 0.373 0.007 0.019 0.000 0.000 0.009 0.023 0.021 0.000 0.015 0.013 0.012 0.011 0.010 0.012 0.011 0.010 0.010 0.010 0.009 0.008 0.009 0.009 0.005 0.003 0.002 0.000 0.000 0.000 0.000 0.000 0.000 0.000 0.000 0.000 0.000 0.001 0.002 0.002 0.002 0.002 0.002 0.003 0.003 0.003 0.003 0.004 0.004 0.004 0.004 0.004 0.005 0.006 0.009 0.013 0.008 0.008 0.011 0.013 0.015 0.016 0.018 0.019 0.020 0.021
0.003 0.036 0.016 0.003 0.006 0.024 0.009 0.118 0.000 0.067 0.009 0.355 0.000 0.004 0.028 0.012 0.033 0.042 0.000 0.014 0.016 0.021 0.000 0.000 0.000 0.006 0.014 0.016 0.014 0.010 0.009 0.008 0.007 0.008 0.006 0.003 0.001 0.000 0.000 0.000 0.000 0.000 0.000 0.000 0.000 0.000 0.000 0.000 0.001 0.002 0.002 0.002 0.002 0.002 0.003 0.003 0.003 0.003 0.004 0.004 0.005 0.005 0.006 0.006 0.006 0.008 0.010 0.010 0.012 0.014 0.015 0.016 0.018 0.019 0.020 0.021 0.022
0.000 0.076 0.000 0.000 0.074 0.104 0.000 0.128 0.048 0.138 0.000 0.000 0.071 0.000 0.027 0.012 0.295 0.305 0.000 0.000 0.000 0.020 0.030 0.034 0.041 0.000 0.020 0.020 0.018 0.011 0.007 0.006 0.007 0.008 0.000 0.000 0.000 0.000 0.000 0.000 0.000 0.000 0.000 0.000 0.000 0.000 0.000 0.000 0.000 0.001 0.002 0.002 0.002 0.002 0.002 0.003 0.003 0.003 0.004 0.004 0.005 0.006 0.006 0.007 0.008 0.009 0.011 0.013 0.014 0.015 0.017 0.018 0.019 0.020 0.021 0.023 0.023
0.087 0.002 0.003 0.044 0.044 0.013 0.017 0.019 0.098 0.000 0.000 0.000 0.031 0.000 0.000 0.000 0.000 0.301 0.000 0.000 0.000 0.019 0.030 0.000 0.035 0.037 0.028 0.022 0.021 0.000 0.000 0.004 0.008 0.000 0.000 0.000 0.000 0.000 0.000 0.000 0.000 0.000 0.000 0.000 0.000 0.000 0.000 0.000 0.000 0.001 0.002 0.002 0.002 0.002 0.002 0.003 0.003 0.003 0.004 0.005 0.005 0.006 0.007 0.008 0.009 0.010 0.012 0.013 0.014 0.016 0.018 0.019 0.020 0.021 0.023 0.024 0.024
0.000 0.023 0.006 0.044 0.044 0.034 0.000 0.068 0.078 0.015 0.000 0.000 0.001 0.031 0.000 0.000 0.326 0.000 0.000 0.000 0.047 0.000 0.032 0.033 0.032 0.037 0.000 0.000 0.015 0.020 0.000 0.007 0.007 0.047 0.000 0.000 0.000 0.000 0.000 0.000 0.000 0.000 0.000 0.000 0.000 0.000 0.000 0.000 0.000 0.001 0.002 0.002 0.002 0.002 0.002 0.003 0.003 0.004 0.004 0.005 0.006 0.007 0.008 0.009 0.009 0.010 0.012 0.013 0.014 0.015 0.017 0.018 0.020 0.022 0.024 0.025 0.025
0.000 0.113 0.000 0.006 0.000 0.000 0.013 0.002 0.000 0.008 0.000 0.000 0.000 0.000 0.000 0.031 0.000 0.038 0.048 0.000 0.044 0.043 0.042 0.000 0.000 0.034 0.000 0.000 0.000 0.013 0.013 0.013 0.000 0.000 0.000 0.000 0.000 0.000 0.000 0.000 0.000 0.000 0.000 0.000 0.000 0.000 0.000 0.000 0.000 0.000 0.001 0.002 0.002 0.002 0.002 0.003 0.003 0.004 0.005 0.005 0.006 0.007 0.008 0.009 0.010 0.010 0.012 0.014 0.015 0.016 0.017 0.018 0.019 0.021 0.022 0.024 0.025
0.022 0.006 0.081 0.191 0.000 0.000 0.000 0.000 0.000 0.006 0.024 0.000 0.000 0.000 0.031 0.000 0.000 0.000 0.045 0.046 0.048 0.000 0.000 0.000 0.000 0.000 0.026 0.000 0.000 0.000 0.013 0.000 0.000 0.000 0.000 0.000 0.000 0.000 0.000 0.000 0.000 0.000 0.000 0.000 0.000 0.000 0.000 0.000 0.000 0.000 0.001 0.002 0.002 0.002 0.002 0.003 0.004 0.004 0.005 0.006 0.007 0.008 0.009 0.009 0.010 0.011 0.012 0.014 0.015 0.016 0.017 0.019 0.020 0.021 0.022 0.023 0.024
0.062 0.082 0.000 0.020 0.007 0.000 0.015 0.000 0.000 0.007 0.133 0.023 0.073 0.000 0.000 0.036 0.043 0.046 0.050 0.000 0.000 0.000 0.021 0.000 0.000 0.000 0.026 0.396 0.004 0.000 0.000 0.000 0.000 0.000 0.000 0.000 0.000 0.000 0.000 0.000 0.000 0.000 0.000 0.000 0.000 0.000 0.000 0.000 0.000 0.000 0.001 0.002 0.002 0.002 0.003 0.003 0.004 0.005 0.006 0.007 0.008 0.008 0.009 0.010 0.010 0.011 0.012 0.015 0.016 0.017 0.018 0.019 0.020 0.021 0.022 0.023 0.024
0.000 0.000 0.000 0.000 0.026 0.004 0.005 0.059 0.019 0.002 0.163 0.008 0.000 0.000 0.040 0.041 0.048 0.000 0.000 0.101 0.000 0.093 0.000 0.011 0.000 0.379 0.389 0.000 0.029 0.000 0.000 0.000 0.000 0.000 0.000 0.000 0.000 0.000 0.000 0.000 0.000 0.000 0.000 0.000 0.000 0.000 0.000 0.000 0.000 0.000 0.001 0.002 0.002 0.002 0.003 0.004 0.005 0.006 0.007 0.007 0.008 0.009 0.009 0.010 0.011 0.012 0.013 0.015 0.016 0.018 0.019 0.020 0.021 0.022 0.023 0.023 0.024
0.000 0.000 0.002 0.016 0.136 0.156 0.000 0.129 0.000 0.003 0.000 0.198 0.230 0.253 0.015 0.000 0.000 0.000 0.022 0.000 0.000 0.053 0.000 0.000 0.000 0.000 0.000 0.000 0.008 0.000 0.000 0.000 0.000 0.000 0.000 0.000 0.000 0.000 0.000 0.000 0.000 0.000 0.000 0.000 0.000 0.000 0.000 0.000 0.000 0.000 0.000 0.001 0.002 0.002 0.003 0.004 0.005 0.006 0.007 0.008 0.009 0.009 0.010 0.011 0.011 0.012 0.013 0.016 0.017 0.018 0.020 0.021 0.022 0.023 0.023 0.024 0.024
0.015 0.002 0.002 0.046 0.004 0.000 0.000 0.000 0.000 0.133 0.159 0.190 0.221 0.000 0.000 0.000 0.000 0.000 0.001 0.000 0.002 0.002 0.000 0.015 0.000 0.000 0.041 0.000 0.406 0.000 0.000 0.000 0.000 0.000 0.000 0.000 0.000 0.000 0.000 0.000 0.000 0.000 0.000 0.000 0.000 0.000 0.000 0.000 0.000 0.001 0.000 0.001 0.002 0.003 0.004 0.005 0.006 0.007 0.007 0.008 0.009 0.010 0.010 0.011 0.012 0.013 0.013 0.016 0.018 0.019 0.021 0.022 0.023 0.023 0.024 0.024 0.024
0.000 0.000 0.000 0.000 0.003 0.000 0.000 0.073 0.096 0.119 0.000 0.000 0.000 0.241 0.000 0.002 0.000 0.000 0.001 0.002 0.054 0.024 0.000 0.045 0.000 0.384 0.000 0.000 0.003 0.001 0.002 0.001 0.001 0.001 0.001 0.001 0.001 0.001 0.001 0.001 0.001 0.001 0.002 0.002 0.002 0.002 0.002 0.002 0.001 0.001 0.001 0.001 0.002 0.003 0.004 0.005 0.006 0.007 0.008 0.009 0.010 0.010 0.011 0.012 0.012 0.013 0.014 0.016 0.019 0.020 0.022 0.023 0.024 0.024 0.024 0.024 0.024
0.000 0.000 0.000 0.000 0.022 0.027 0.040 0.060 0.000 0.000 0.000 0.000 0.031 0.000 0.000 0.011 0.000 0.023 0.000 0.001 0.001 0.014 0.051 0.004 0.004 0.002 0.002 0.009 0.000 0.002 0.003 0.003 0.003 0.003 0.003 0.002 0.002 0.002 0.002 0.002 0.002 0.002 0.002 0.003 0.003 0.003 0.003 0.002 0.002 0.002 0.002 0.002 0.002 0.004 0.005 0.006 0.007 0.008 0.009 0.009 0.010 0.011 0.011 0.012 0.013 0.014 0.015 0.016 0.020 0.021 0.023 0.024 0.024 0.024 0.024 0.025 0.025
0.000 0.010 0.019 0.020 0.022 0.000 0.000 0.000 0.000 0.000 0.004 0.231 0.000 0.021 0.091 0.071 0.000 0.113 0.013 0.002 0.000 0.094 0.000 0.359 0.043 0.008 0.004 0.009 0.007 0.006 0.007 0.007 0.006 0.005 0.005 0.004 0.004 0.004 0.003 0.003 0.003 0.003 0.003 0.003 0.003 0.003 0.003 0.003 0.003 0.004 0.004 0.006 0.007 0.007 0.007 0.007 0.008 0.008 0.009 0.010 0.011 0.011 0.012 0.013 0.013 0.014 0.015 0.017 0.021 0.022 0.024 0.024 0.025 0.025 0.025 0.025 0.025
0.160 0.183 0.000 0.000 0.000 0.000 0.000 0.000 0.000 0.000 0.003 0.081 0.061 0.417 0.151 0.061 0.000 0.000 0.000 0.000 0.000 0.074 0.014 0.000 0.002 0.000 0.000 0.007 0.008 0.009 0.012 0.000 0.005 0.005 0.006 0.005 0.005 0.005 0.005 0.005 0.005 0.004 0.004 0.004 0.004 0.004 0.004 0.005 0.005 0.006 0.008 0.009 0.010 0.008 0.010 0.010 0.011 0.011 0.011 0.010 0.011 0.012 0.012 0.013 0.014 0.015 0.016 0.018 0.021 0.024 0.025 0.025 0.025 0.026 0.026 0.026 0.026
0.000 0.000 0.000 0.000 0.000 0.066 0.000 0.001 0.004 0.004 0.127 0.000 0.121 0.031 0.041 0.091 0.031 0.000 0.000 0.002 0.001 0.054 0.000 0.386 0.397 0.407 0.000 0.000 0.011 0.013 0.013 0.011 0.009 0.008 0.008 0.007 0.007 0.006 0.006 0.006 0.006 0.006 0.006 0.006 0.006 0.006 0.006 0.006 0.008 0.010 0.011 0.012 0.012 0.011 0.012 0.013 0.013 0.014 0.014 0.014 0.014 0.014 0.013 0.014 0.015 0.016 0.017 0.019 0.022 0.025 0.026 0.026 0.026 0.026 0.026 0.026 0.025
0.000 0.001 0.034 0.002 0.056 0.046 0.046 0.002 0.003 0.000 0.000 0.011 0.061 0.031 0.061 0.111 0.008 0.000 0.000 0.001 0.000 0.014 0.000 0.000 0.400 0.000 0.021 0.020 0.020 0.019 0.015 0.013 0.012 0.011 0.010 0.009 0.008 0.008 0.008 0.007 0.007 0.007 0.007 0.007 0.007 0.007 0.008 0.010 0.012 0.014 0.014 0.014 0.015 0.014 0.013 0.014 0.015 0.016 0.016 0.017 0.017 0.017 0.018 0.017 0.017 0.017 0.018 0.020 0.023 0.027 0.027 0.027 0.027 0.027 0.026 0.025 0.025
0.000 0.003 0.000 0.000 0.000 0.006 0.026 0.000 0.000 0.000 0.000 0.001 0.000 0.392 0.161 0.000 0.011 0.107 0.000 0.002 0.000 0.000 0.004 0.042 0.000 0.007 0.032 0.000 0.025 0.000 0.011 0.012 0.012 0.012 0.011 0.011 0.010 0.009 0.009 0.009 0.008 0.008 0.008 0.008 0.009 0.010 0.012 0.014 0.016 0.016 0.017 0.017 0.017 0.016 0.015 0.016 0.016 0.017 0.018 0.018 0.019 0.019 0.020 0.021 0.021 0.022 0.023 0.025 0.026 0.028 0.028 0.028 0.027 0.026 0.025 0.024 0.023
0.004 0.094 0.000 0.041 0.000 0.046 0.000 0.000 0.000 0.000 0.001 0.032 0.092 0.000 0.000 0.087 0.077 0.047 0.157 0.000 0.037 0.097 0.008 0.032 0.381 0.395 0.000 0.022 0.031 0.000 0.009 0.013 0.012 0.012 0.012 0.011 0.011 0.010 0.010 0.010 0.010 0.010 0.010 0.011 0.012 0.014 0.016 0.018 0.018 0.019 0.019 0.019 0.019 0.019 0.017 0.017 0.018 0.019 0.019 0.020 0.020 0.021 0.022 0.023 0.024 0.026 0.028 0.031 0.033 0.030 0.029 0.028 0.026 0.025 0.024 0.023 0.022
0.001 0.000 0.000 0.000 0.041 0.000 0.000 0.000 0.004 0.022 0.007 0.000 0.000 0.045 0.005 0.002 0.037 0.000 0.037 0.011 0.000 0.038 0.000 0.003 0.003 0.004 0.030 0.030 0.035 0.000 0.015 0.000 0.010 0.012 0.012 0.012 0.012 0.012 0.011 0.011 0.011 0.012 0.013 0.014 0.016 0.018 0.020 0.020 0.021 0.021 0.021 0.021 0.021 0.021 0.019 0.019 0.019 0.020 0.021 0.021 0.022 0.023 0.024 0.025 0.027 0.029 0.032 0.034 0.032 0.030 0.028 0.027 0.025 0.024 0.022 0.021 0.020
0.000 0.011 0.000 0.000 0.000 0.005 0.000 0.020 0.110 0.000 0.014 0.012 0.105 0.000 0.066 0.003 0.087 0.077 0.005 0.095 0.018 0.098 0.078 0.037 0.009 0.007 0.041 0.003 0.030 0.023 0.020 0.017 0.014 0.014 0.013 0.013 0.013 0.013 0.013 0.013 0.014 0.015 0.017 0.019 0.021 0.022 0.023 0.023 0.023 0.023 0.023 0.023 0.023 0.023 0.022 0.020 0.021 0.021 0.022 0.022 0.023 0.024 0.025 0.027 0.029 0.032 0.034 0.033 0.031 0.028 0.026 0.025 0.023 0.022 0.021 0.020 0.019
0.000 0.000 0.000 0.002 0.000 0.014 0.000 0.004 0.170 0.000 0.000 0.000 0.125 0.024 0.008 0.000 0.097 0.000 0.000 0.010 0.120 0.000 0.000 0.027 0.020 0.038 0.005 0.433 0.000 0.021 0.023 0.019 0.017 0.016 0.015 0.015 0.015 0.016 0.016 0.016 0.017 0.019 0.021 0.023 0.025 0.025 0.025 0.025 0.025 0.025 0.025 0.025 0.025 0.025 0.024 0.021 0.022 0.022 0.023 0.024 0.024 0.025 0.027 0.029 0.032 0.034 0.032 0.030 0.028 0.026 0.024 0.022 0.021 0.020 0.019 0.018 0.017
0.000 0.000 0.061 0.000 0.000 0.014 0.041 0.004 0.002 0.074 0.144 0.000 0.003 0.000 0.088 0.038 0.037 0.025 0.023 0.058 0.000 0.049 0.049 0.023 0.007 0.058 0.000 0.438 0.000 0.000 0.000 0.014 0.016 0.016 0.016 0.017 0.018 0.020 0.020 0.020 0.021 0.023 0.025 0.027 0.027 0.027 0.028 0.028 0.028 0.027 0.027 0.027 0.027 0.027 0.026 0.024 0.023 0.024 0.024 0.025 0.026 0.027 0.029 0.032 0.033 0.031 0.029 0.027 0.025 0.023 0.021 0.020 0.018 0.017 0.016 0.016 0.015
0.022 0.000 0.000 0.020 0.006 0.026 0.000 0.002 0.003 0.000 0.154 0.002 0.002 0.042 0.004 0.008 0.000 0.000 0.043 0.002 0.003 0.000 0.060 0.000 0.000 0.000 0.021 0.006 0.004 0.003 0.009 0.015 0.018 0.017 0.018 0.020 0.022 0.025 0.025 0.024 0.025 0.028 0.029 0.030 0.030 0.030 0.030 0.030 0.030 0.030 0.029 0.029 0.029 0.029 0.028 0.026 0.024 0.025 0.025 0.026 0.027 0.029 0.032 0.032 0.030 0.028 0.026 0.024 0.022 0.020 0.018 0.017 0.016 0.015 0.014 0.014 0.014
0.000 0.002 0.010 0.008 0.000 0.000 0.001 0.003 0.026 0.076 0.014 0.111 0.007 0.007 0.000 0.017 0.084 0.000 0.000 0.000 0.001 0.030 0.026 0.000 0.000 0.481 0.498 0.514 0.000 0.000 0.000 0.000 0.001 0.017 0.021 0.024 0.027 0.031 0.030 0.028 0.030 0.032 0.032 0.032 0.032 0.032 0.032 0.032 0.032 0.032 0.032 0.031 0.031 0.031 0.030 0.029 0.025 0.026 0.026 0.027 0.028 0.031 0.031 0.029 0.027 0.025 0.022 0.021 0.019 0.017 0.015 0.014 0.013 0.013 0.013 0.013 0.013
0.000 0.001 0.001 0.060 0.001 0.002 0.001 0.008 0.026 0.036 0.000 0.071 0.051 0.000 0.007 0.009 0.023 0.020 0.113 0.017 0.035 0.442 0.002 0.029 0.469 0.004 0.014 0.004 0.001 0.004 0.006 0.462 0.479 0.000 0.015 0.021 0.027 0.036 0.000 0.030 0.034 0.035 0.035 0.035 0.034 0.034 0.034 0.034 0.034 0.034 0.034 0.033 0.033 0.033 0.032 0.031 0.028 0.027 0.027 0.028 0.030 0.030 0.027 0.025 0.023 0.021 0.019 0.017 0.015 0.014 0.013 0.012 0.011 0.011 0.011 0.012 0.012
0.005 0.003 0.001 0.002 0.004 0.000 0.001 0.000 0.000 0.000 0.002 0.031 0.000 0.000 0.004 0.002 0.003 0.000 0.043 0.000 0.075 0.000 0.002 0.009 0.447 0.000 0.006 0.004 0.028 0.004 0.000 0.000 0.000 0.014 0.012 0.010 0.010 0.013 0.020 0.020 0.022 0.024 0.027 0.030 0.033 0.036 0.036 0.036 0.036 0.036 0.035 0.035 0.035 0.035 0.034 0.033 0.030 0.027 0.027 0.029 0.028 0.025 0.023 0.020 0.018 0.016 0.015 0.013 0.012 0.011 0.010 0.010 0.010 0.010 0.011 0.012 0.013
