includes/oleron/floodfiles/results/res-0008.wdfp
ncols         631
nrows         906
xllcorner     364927.146667
yllcorner     6531972.565556
cellsize      20.000000
NODATA_value  -9999.000000
[rows 136 to 169 of 906, columns 462 to 538 of 631]
3.739 3.801 3.862 3.924 3.986 4.048 4.109 4.171 4.261 4.355 4.449 4.543 4.637 4.730 4.825 4.923 5.021 5.119 5.217 5.315 5.422 5.565 5.707 5.850 5.993 6.136 6.278 6.421 6.564 6.706 6.849 6.992 7.135 7.268 7.371 7.486 7.622 7.758 7.893 8.029 8.164 8.300 8.436 8.571 8.707 8.843 8.978 9.114 9.249 9.285 9.269 9.252 9.236 9.219 9.260 9.303 9.347 9.390 9.434 9.477 9.521 9.565 9.608 9.651 9.695 9.658 9.566 9.474 9.391 9.315 9.239 9.162 9.086 9.010 8.933 8.857 8.780
3.637 3.699 3.761 3.822 3.884 3.946 4.007 4.069 4.149 4.243 4.337 4.431 4.525 4.619 4.717 4.815 4.913 5.011 5.109 5.207 5.305 5.445 5.588 5.731 5.873 6.016 6.159 6.302 6.444 6.587 6.730 6.872 7.000 7.093 7.192 7.302 7.412 7.522 7.632 7.765 7.901 8.036 8.172 8.308 8.443 8.579 8.714 8.850 8.986 9.082 9.065 9.048 9.032 9.049 9.093 9.137 9.180 9.224 9.267 9.311 9.354 9.398 9.441 9.485 9.528 9.572 9.480 9.391 9.315 9.239 9.162 9.086 9.010 8.933 8.857 8.781 8.705
3.535 3.597 3.659 3.720 3.782 3.843 3.905 3.967 4.037 4.131 4.225 4.319 4.414 4.512 4.609 4.707 4.805 4.903 5.001 5.099 5.197 5.326 5.468 5.611 5.754 5.897 6.039 6.182 6.325 6.468 6.610 6.732 6.824 6.917 7.013 7.123 7.233 7.343 7.453 7.563 7.673 7.783 7.908 8.044 8.179 8.315 8.451 8.586 8.722 8.857 8.861 8.845 8.839 8.883 8.926 8.970 9.013 9.057 9.100 9.144 9.187 9.231 9.274 9.318 9.361 9.405 9.395 9.315 9.239 9.162 9.086 9.012 8.942 8.871 8.800 8.730 8.659
3.449 3.504 3.560 3.618 3.680 3.742 3.803 3.865 3.927 4.019 4.113 4.208 4.306 4.404 4.502 4.600 4.697 4.795 4.893 4.991 5.089 5.206 5.349 5.492 5.634 5.777 5.920 6.063 6.205 6.348 6.463 6.556 6.649 6.741 6.834 6.943 7.053 7.163 7.273 7.383 7.493 7.603 7.713 7.823 7.933 8.051 8.187 8.322 8.458 8.594 8.658 8.641 8.672 8.716 8.759 8.803 8.846 8.890 8.933 8.977 9.020 9.064 9.107 9.158 9.216 9.273 9.317 9.269 9.198 9.128 9.057 8.986 8.916 8.845 8.775 8.704 8.634
3.366 3.421 3.477 3.532 3.588 3.643 3.701 3.763 3.825 3.907 4.002 4.100 4.198 4.296 4.394 4.492 4.590 4.688 4.786 4.884 4.982 5.087 5.229 5.372 5.515 5.658 5.800 5.943 6.086 6.195 6.288 6.380 6.473 6.566 6.658 6.764 6.874 6.984 7.094 7.204 7.314 7.424 7.534 7.644 7.754 7.864 7.974 8.084 8.194 8.330 8.454 8.462 8.505 8.549 8.592 8.636 8.692 8.750 8.807 8.864 8.922 8.979 9.036 9.093 9.151 9.208 9.234 9.218 9.172 9.102 9.031 8.961 8.890 8.820 8.749 8.678 8.608
3.282 3.338 3.394 3.449 3.505 3.560 3.616 3.671 3.727 3.797 3.895 3.993 4.090 4.188 4.286 4.384 4.482 4.580 4.678 4.776 4.874 4.972 5.110 5.253 5.395 5.538 5.681 5.824 5.927 6.019 6.112 6.205 6.297 6.390 6.483 6.585 6.695 6.805 6.915 7.025 7.135 7.245 7.355 7.465 7.575 7.685 7.795 7.905 8.015 8.125 8.267 8.341 8.398 8.455 8.513 8.570 8.627 8.685 8.742 8.799 8.856 8.914 8.971 9.028 9.086 9.143 9.152 9.136 9.119 9.076 9.005 8.935 8.864 8.794 8.723 8.653 8.587
3.199 3.255 3.310 3.366 3.422 3.477 3.533 3.588 3.646 3.709 3.800 3.890 3.983 4.081 4.178 4.276 4.374 4.472 4.570 4.668 4.766 4.864 4.990 5.133 5.276 5.419 5.561 5.658 5.751 5.844 5.937 6.029 6.122 6.215 6.307 6.406 6.516 6.626 6.736 6.846 6.956 7.066 7.176 7.286 7.396 7.506 7.616 7.726 7.836 8.020 8.241 8.300 8.333 8.390 8.448 8.505 8.562 8.620 8.677 8.734 8.791 8.849 8.906 8.963 9.020 9.078 9.070 9.053 9.037 9.020 8.980 8.909 8.838 8.768 8.697 8.627 8.570
3.116 3.172 3.227 3.283 3.338 3.394 3.449 3.508 3.567 3.625 3.714 3.805 3.895 3.986 4.077 4.169 4.267 4.365 4.462 4.560 4.658 4.756 4.871 5.014 5.156 5.298 5.390 5.483 5.576 5.668 5.761 5.854 5.946 6.039 6.132 6.226 6.336 6.446 6.556 6.666 6.776 6.886 6.996 7.107 7.217 7.327 7.437 7.551 7.772 7.994 8.215 8.273 8.298 8.325 8.382 8.440 8.497 8.554 8.612 8.669 8.726 8.784 8.841 8.898 8.955 9.005 8.988 8.971 8.955 8.938 8.921 8.883 8.813 8.742 8.672 8.601 8.553
3.033 3.089 3.144 3.200 3.255 3.311 3.370 3.429 3.487 3.546 3.628 3.719 3.809 3.900 3.991 4.082 4.173 4.263 4.355 4.453 4.551 4.648 4.752 4.894 5.029 5.122 5.215 5.307 5.400 5.493 5.585 5.678 5.771 5.863 5.956 6.049 6.157 6.267 6.377 6.487 6.597 6.707 6.817 6.927 7.037 7.147 7.304 7.525 7.747 7.968 8.190 8.246 8.271 8.296 8.322 8.375 8.432 8.489 8.547 8.604 8.661 8.718 8.776 8.833 8.890 8.922 8.906 8.889 8.872 8.856 8.839 8.822 8.787 8.716 8.646 8.575 8.536
2.950 3.005 3.061 3.116 3.174 3.232 3.291 3.350 3.408 3.467 3.542 3.633 3.723 3.814 3.905 3.996 4.087 4.177 4.268 4.359 4.450 4.541 4.639 4.761 4.854 4.946 5.039 5.132 5.224 5.317 5.410 5.502 5.595 5.688 5.780 5.873 5.978 6.088 6.198 6.308 6.418 6.528 6.638 6.748 6.858 7.057 7.278 7.500 7.721 7.943 8.164 8.219 8.244 8.269 8.294 8.320 8.367 8.424 8.482 8.539 8.596 8.653 8.711 8.768 8.825 8.840 8.824 8.807 8.790 8.774 8.757 8.740 8.724 8.691 8.620 8.550 8.518
2.867 2.922 2.978 3.036 3.094 3.153 3.212 3.270 3.329 3.388 3.456 3.547 3.638 3.728 3.819 3.910 4.001 4.091 4.182 4.273 4.364 4.455 4.537 4.606 4.678 4.771 4.863 4.956 5.049 5.141 5.234 5.327 5.419 5.512 5.605 5.698 5.799 5.909 6.019 6.129 6.239 6.349 6.459 6.588 6.810 7.031 7.253 7.474 7.696 7.917 8.139 8.192 8.217 8.242 8.267 8.293 8.318 8.359 8.417 8.474 8.531 8.588 8.646 8.703 8.760 8.758 8.741 8.725 8.708 8.691 8.675 8.658 8.641 8.625 8.594 8.524 8.501
2.784 2.840 2.898 2.957 3.015 3.074 3.133 3.191 3.250 3.308 3.370 3.461 3.552 3.642 3.733 3.824 3.915 4.006 4.096 4.187 4.278 4.356 4.427 4.496 4.565 4.633 4.702 4.780 4.873 4.966 5.059 5.151 5.244 5.337 5.429 5.522 5.619 5.730 5.840 5.950 6.060 6.170 6.341 6.563 6.784 7.006 7.227 7.449 7.670 7.892 8.113 8.165 8.190 8.215 8.240 8.266 8.291 8.316 8.351 8.409 8.466 8.523 8.581 8.638 8.692 8.676 8.659 8.643 8.626 8.609 8.593 8.576 8.559 8.543 8.526 8.498 8.473
2.702 2.760 2.819 2.878 2.936 2.995 3.054 3.112 3.171 3.229 3.288 3.375 3.466 3.557 3.647 3.738 3.829 3.920 4.010 4.101 4.176 4.246 4.317 4.386 4.455 4.524 4.592 4.661 4.730 4.798 4.883 4.976 5.068 5.161 5.254 5.346 5.440 5.550 5.660 5.770 5.880 6.094 6.316 6.537 6.759 6.980 7.202 7.423 7.645 7.866 8.088 8.138 8.163 8.188 8.213 8.238 8.264 8.289 8.314 8.344 8.401 8.458 8.516 8.573 8.610 8.594 8.577 8.560 8.544 8.527 8.510 8.494 8.477 8.460 8.443 8.426 8.414
2.623 2.682 2.740 2.799 2.857 2.916 2.974 3.033 3.092 3.150 3.209 3.289 3.380 3.471 3.562 3.652 3.743 3.834 3.925 3.996 4.066 4.136 4.207 4.277 4.345 4.414 4.483 4.551 4.620 4.689 4.757 4.826 4.895 4.985 5.078 5.171 5.264 5.371 5.481 5.625 5.847 6.068 6.290 6.512 6.733 6.955 7.176 7.398 7.619 7.841 8.062 8.111 8.136 8.161 8.186 8.211 8.237 8.262 8.287 8.312 8.337 8.393 8.451 8.508 8.528 8.511 8.495 8.478 8.462 8.445 8.428 8.411 8.393 8.376 8.358 8.342 8.330
2.544 2.603 2.661 2.720 2.778 2.837 2.895 2.954 3.013 3.071 3.130 3.204 3.294 3.385 3.476 3.566 3.657 3.745 3.815 3.886 3.956 4.026 4.097 4.167 4.236 4.304 4.373 4.441 4.510 4.579 4.648 4.716 4.785 4.854 4.922 4.995 5.088 5.192 5.378 5.600 5.821 6.043 6.265 6.486 6.708 6.929 7.151 7.372 7.594 7.815 8.037 8.083 8.109 8.134 8.159 8.184 8.209 8.235 8.260 8.285 8.310 8.335 8.385 8.443 8.446 8.429 8.413 8.396 8.379 8.361 8.344 8.326 8.309 8.292 8.274 8.258 8.246
2.509 2.548 2.587 2.641 2.699 2.758 2.816 2.875 2.933 2.992 3.051 3.118 3.208 3.299 3.390 3.481 3.565 3.635 3.705 3.776 3.846 3.916 3.987 4.057 4.126 4.195 4.263 4.332 4.400 4.469 4.538 4.607 4.675 4.744 4.813 4.881 4.953 5.138 5.353 5.574 5.796 6.017 6.239 6.461 6.682 6.904 7.125 7.347 7.568 7.790 8.011 8.056 8.082 8.107 8.132 8.157 8.182 8.208 8.233 8.258 8.283 8.308 8.333 8.378 8.364 8.347 8.329 8.312 8.294 8.277 8.260 8.242 8.225 8.207 8.190 8.174 8.162
2.480 2.519 2.558 2.597 2.636 2.679 2.737 2.796 2.855 2.913 2.972 3.032 3.123 3.213 3.304 3.385 3.455 3.525 3.596 3.666 3.736 3.806 3.877 3.947 4.016 4.085 4.154 4.222 4.291 4.359 4.428 4.497 4.566 4.634 4.703 4.808 4.984 5.167 5.361 5.555 5.770 5.992 6.213 6.435 6.657 6.878 7.100 7.321 7.543 7.764 7.986 8.029 8.054 8.080 8.105 8.130 8.155 8.180 8.206 8.231 8.256 8.281 8.298 8.287 8.280 8.262 8.245 8.227 8.210 8.193 8.175 8.158 8.140 8.123 8.105 8.090 8.078
2.452 2.491 2.530 2.569 2.608 2.647 2.686 2.725 2.776 2.834 2.893 2.951 3.037 3.128 3.205 3.275 3.345 3.415 3.486 3.556 3.626 3.696 3.767 3.837 3.907 3.975 4.044 4.113 4.181 4.250 4.318 4.387 4.456 4.525 4.662 4.838 5.015 5.196 5.390 5.584 5.778 5.972 6.188 6.410 6.631 6.853 7.074 7.296 7.517 7.739 7.960 8.002 8.027 8.053 8.078 8.103 8.128 8.153 8.179 8.204 8.215 8.204 8.193 8.183 8.180 8.177 8.160 8.143 8.126 8.108 8.091 8.073 8.056 8.038 8.021 8.006 7.994
2.424 2.463 2.502 2.541 2.580 2.619 2.658 2.696 2.735 2.774 2.814 2.872 2.951 3.025 3.095 3.165 3.235 3.305 3.376 3.446 3.516 3.586 3.657 3.727 3.797 3.866 3.934 4.003 4.072 4.140 4.209 4.277 4.346 4.516 4.692 4.869 5.046 5.225 5.419 5.613 5.807 6.001 6.195 6.389 6.606 6.827 7.049 7.270 7.492 7.713 7.935 7.975 8.000 8.025 8.051 8.076 8.101 8.126 8.133 8.122 8.111 8.100 8.088 8.079 8.076 8.073 8.070 8.059 8.041 8.024 8.007 7.989 7.972 7.954 7.937 7.922 7.910
2.396 2.434 2.473 2.512 2.551 2.590 2.629 2.668 2.707 2.746 2.785 2.824 2.859 2.915 2.985 3.055 3.125 3.196 3.266 3.336 3.406 3.477 3.547 3.617 3.687 3.756 3.825 3.893 3.962 4.030 4.099 4.193 4.370 4.546 4.723 4.900 5.077 5.254 5.448 5.642 5.836 6.030 6.224 6.418 6.611 6.805 7.023 7.245 7.466 7.688 7.909 7.948 7.973 7.998 8.024 8.049 8.051 8.040 8.029 8.017 8.006 7.995 7.984 7.975 7.972 7.969 7.966 7.963 7.957 7.940 7.922 7.905 7.887 7.870 7.852 7.838 7.826
2.367 2.406 2.445 2.484 2.523 2.562 2.601 2.640 2.679 2.718 2.754 2.779 2.809 2.858 2.906 2.954 3.016 3.086 3.156 3.226 3.296 3.367 3.437 3.507 3.577 3.646 3.715 3.784 3.852 3.921 4.047 4.224 4.400 4.577 4.754 4.931 5.107 5.284 5.477 5.671 5.865 6.059 6.253 6.447 6.640 6.834 7.028 7.222 7.441 7.662 7.884 7.921 7.946 7.971 7.969 7.958 7.946 7.935 7.924 7.913 7.902 7.891 7.879 7.870 7.868 7.865 7.862 7.859 7.856 7.853 7.838 7.820 7.803 7.786 7.768 7.754 7.742
2.339 2.378 2.417 2.456 2.495 2.534 2.572 2.611 2.650 2.685 2.710 2.735 2.760 2.808 2.856 2.905 2.953 3.001 3.050 3.116 3.186 3.257 3.327 3.397 3.467 3.537 3.605 3.674 3.743 3.901 4.078 4.255 4.431 4.608 4.785 4.961 5.138 5.315 5.506 5.700 5.894 6.088 6.282 6.476 6.669 6.863 7.057 7.251 7.445 7.639 7.858 7.894 7.887 7.875 7.864 7.853 7.842 7.831 7.819 7.808 7.797 7.786 7.775 7.766 7.763 7.760 7.757 7.755 7.752 7.749 7.746 7.736 7.719 7.701 7.684 7.670 7.659
2.311 2.350 2.389 2.427 2.466 2.505 2.544 2.583 2.615 2.640 2.665 2.690 2.715 2.758 2.807 2.855 2.903 2.952 3.000 3.049 3.097 3.147 3.217 3.287 3.358 3.427 3.496 3.579 3.756 3.932 4.109 4.285 4.462 4.639 4.815 4.992 5.169 5.346 5.535 5.729 5.923 6.117 6.311 6.505 6.698 6.892 7.086 7.280 7.474 7.668 7.862 7.793 7.782 7.771 7.760 7.748 7.737 7.726 7.715 7.704 7.693 7.681 7.670 7.662 7.659 7.656 7.653 7.650 7.647 7.644 7.642 7.639 7.634 7.617 7.600 7.587 7.575
2.283 2.322 2.360 2.399 2.438 2.477 2.516 2.546 2.571 2.596 2.621 2.646 2.671 2.709 2.757 2.805 2.854 2.902 2.950 2.999 3.047 3.096 3.144 3.193 3.248 3.318 3.433 3.610 3.786 3.963 4.140 4.316 4.493 4.670 4.846 5.023 5.200 5.376 5.564 5.758 5.952 6.146 6.340 6.534 6.727 6.921 7.115 7.309 7.503 7.698 7.893 7.816 7.714 7.666 7.655 7.644 7.633 7.622 7.610 7.599 7.588 7.577 7.566 7.558 7.555 7.552 7.549 7.546 7.543 7.540 7.537 7.535 7.532 7.529 7.515 7.503 7.507
2.255 2.293 2.332 2.371 2.410 2.449 2.476 2.501 2.526 2.551 2.576 2.601 2.626 2.659 2.708 2.756 2.804 2.852 2.901 2.949 2.998 3.046 3.094 3.143 3.191 3.244 3.455 3.641 3.817 3.994 4.170 4.347 4.524 4.700 4.877 5.054 5.230 5.407 5.593 5.787 5.981 6.175 6.369 6.563 6.756 6.950 7.144 7.339 7.534 7.729 7.924 7.855 7.752 7.650 7.551 7.539 7.528 7.517 7.506 7.495 7.483 7.472 7.461 7.454 7.451 7.448 7.445 7.442 7.439 7.436 7.433 7.430 7.428 7.425 7.472 7.459 7.470
2.226 2.265 2.304 2.343 2.382 2.407 2.432 2.457 2.482 2.507 2.532 2.557 2.582 2.610 2.658 2.706 2.755 2.803 2.851 2.900 2.948 2.996 3.045 3.093 3.147 3.202 3.388 3.607 3.827 4.025 4.201 4.378 4.554 4.731 4.908 5.084 5.261 5.438 5.622 5.816 6.010 6.204 6.398 6.592 6.785 6.980 7.175 7.370 7.565 7.759 7.954 7.893 7.790 7.688 7.586 7.484 7.424 7.412 7.401 7.390 7.379 7.368 7.357 7.350 7.347 7.344 7.341 7.338 7.335 7.332 7.329 7.326 7.377 7.435 7.494 7.468 7.441
2.197 2.237 2.276 2.313 2.338 2.363 2.388 2.412 2.437 2.462 2.487 2.512 2.537 2.562 2.608 2.657 2.705 2.753 2.802 2.850 2.898 2.947 2.995 3.050 3.105 3.160 3.321 3.540 3.760 3.979 4.199 4.409 4.585 4.762 4.939 5.115 5.292 5.469 5.651 5.845 6.039 6.233 6.427 6.621 6.816 7.010 7.205 7.400 7.595 7.790 7.985 7.931 7.829 7.726 7.624 7.522 7.420 7.318 7.297 7.286 7.274 7.263 7.252 7.246 7.243 7.240 7.237 7.234 7.231 7.228 7.282 7.341 7.399 7.457 7.516 7.489 7.461
2.168 2.209 2.244 2.269 2.294 2.318 2.343 2.368 2.393 2.418 2.443 2.468 2.493 2.517 2.559 2.607 2.655 2.704 2.752 2.800 2.849 2.898 2.953 3.008 3.063 3.118 3.253 3.473 3.692 3.912 4.131 4.351 4.570 4.790 4.969 5.146 5.323 5.499 5.680 5.874 6.068 6.262 6.456 6.651 6.846 7.041 7.236 7.431 7.626 7.821 8.016 7.969 7.867 7.764 7.662 7.560 7.458 7.356 7.254 7.181 7.170 7.159 7.148 7.142 7.139 7.136 7.133 7.130 7.188 7.246 7.304 7.363 7.421 7.479 7.536 7.508 7.481
2.143 2.175 2.200 2.225 2.249 2.274 2.299 2.324 2.349 2.373 2.398 2.423 2.448 2.473 2.509 2.557 2.606 2.654 2.702 2.751 2.802 2.857 2.912 2.966 3.021 3.076 3.186 3.405 3.625 3.844 4.064 4.283 4.503 4.722 4.942 5.162 5.353 5.530 5.709 5.903 6.097 6.292 6.487 6.682 6.877 7.072 7.267 7.461 7.656 7.851 8.046 8.007 7.905 7.803 7.700 7.598 7.496 7.394 7.292 7.190 7.087 7.054 7.043 7.037 7.035 7.035 7.093 7.151 7.210 7.268 7.326 7.385 7.443 7.501 7.556 7.528 7.501
2.107 2.118 2.147 2.176 2.205 2.230 2.255 2.279 2.304 2.329 2.354 2.379 2.404 2.428 2.460 2.508 2.556 2.604 2.653 2.705 2.760 2.815 2.870 2.925 2.979 3.035 3.118 3.338 3.557 3.777 3.996 4.216 4.435 4.655 4.874 5.094 5.314 5.533 5.738 5.933 6.128 6.323 6.518 6.712 6.907 7.102 7.297 7.492 7.687 7.882 8.077 8.045 7.943 7.841 7.739 7.636 7.534 7.432 7.330 7.228 7.126 7.023 6.939 6.940 6.998 7.057 7.115 7.173 7.232 7.290 7.348 7.407 7.465 7.523 7.576 7.548 7.521
2.054 2.063 2.089 2.118 2.147 2.176 2.206 2.235 2.260 2.285 2.310 2.334 2.359 2.384 2.410 2.458 2.507 2.555 2.608 2.663 2.718 2.773 2.828 2.883 2.938 2.993 3.051 3.270 3.490 3.709 3.929 4.148 4.368 4.588 4.807 5.027 5.246 5.451 5.607 5.903 6.158 6.353 6.548 6.743 6.938 7.133 7.328 7.523 7.718 7.913 8.107 8.083 7.981 7.879 7.777 7.674 7.572 7.470 7.368 7.266 7.164 7.062 7.049 7.005 7.020 7.079 7.137 7.195 7.254 7.312 7.370 7.429 7.487 7.545 7.596 7.568 7.541
2.001 2.010 2.031 2.060 2.089 2.118 2.147 2.177 2.206 2.235 2.264 2.290 2.315 2.340 2.364 2.409 2.457 2.512 2.566 2.621 2.676 2.731 2.786 2.841 2.896 2.951 3.006 3.203 3.423 3.642 3.861 4.081 4.300 4.520 4.740 4.959 5.135 5.292 5.448 5.734 6.037 6.339 6.579 6.774 6.969 7.163 7.358 7.553 7.748 7.943 8.138 8.121 8.019 7.917 7.815 7.713 7.610 7.508 7.406 7.304 7.275 7.263 7.250 7.207 7.151 7.101 7.159 7.217 7.276 7.334 7.392 7.451 7.509 7.567 7.616 7.588 7.561
1.948 1.957 1.973 2.002 2.031 2.060 2.089 2.118 2.148 2.177 2.206 2.235 2.264 2.294 2.320 2.360 2.415 2.470 2.525 2.579 2.634 2.689 2.744 2.799 2.854 2.909 2.964 3.136 3.355 3.575 3.794 4.013 4.233 4.453 4.664 4.820 4.976 5.133 5.289 5.566 5.868 6.170 6.472 6.774 6.999 7.194 7.389 7.584 7.779 7.974 8.169 8.159 8.057 7.955 7.853 7.751 7.649 7.546 7.501 7.488 7.476 7.464 7.452 7.408 7.352 7.296 7.240 7.239 7.298 7.356 7.414 7.473 7.531 7.589 7.636 7.608 7.581
1.896 1.904 1.915 1.944 1.973 2.002 2.031 2.060 2.089 2.119 2.148 2.177 2.206 2.235 2.263 2.299 2.369 2.428 2.483 2.538 2.592 2.647 2.702 2.757 2.812 2.867 2.922 3.068 3.288 3.507 3.727 3.946 4.166 4.349 4.505 4.661 4.818 4.974 5.130 5.397 5.699 6.001 6.303 6.606 6.908 7.210 7.420 7.614 7.809 8.004 8.199 8.197 8.095 7.993 7.891 7.789 7.726 7.714 7.702 7.690 7.678 7.666 7.653 7.610 7.554 7.498 7.441 7.385 7.329 7.378 7.436 7.495 7.553 7.611 7.656 7.628 7.601
