includes/oleron/floodfiles/results/res-0003.wd
ncols         631
nrows         906
xllcorner     364927.146667
yllcorner     6531972.565556
cellsize      20.000000
NODATA_value  -9999.000000
[rows 68 to 101 of 906, columns 308 to 384 of 631]
0.000 0.000 0.000 0.000 0.000 0.000 0.000 0.000 0.000 0.000 0.000 0.000 0.000 0.000 0.000 0.000 0.000 0.000 0.000 0.000 0.623 0.263 1.824 0.835 1.385 0.672 0.675 3.143 3.443 3.473 3.563 3.514 3.754 3.464 3.304 3.505 3.685 3.755 3.695 3.716 3.796 3.886 4.037 4.047 3.877 3.867 3.798 3.438 3.249 3.479 3.710 4.681 4.668 4.654 4.640 4.627 4.613 4.599 4.591 4.779 4.967 5.155 5.343 5.424 5.474 5.524 5.574 5.625 5.675 5.725 5.775 5.825 5.875 5.925 5.976 6.030 6.085
0.000 0.000 0.000 0.000 0.000 0.000 0.000 0.000 0.000 0.000 0.000 0.000 0.000 0.000 0.000 0.000 0.000 0.000 0.000 0.000 0.574 0.904 1.745 0.965 1.216 0.673 2.603 3.423 3.493 3.463 3.584 3.674 4.044 3.444 3.675 3.695 3.825 3.915 3.846 3.826 3.876 3.956 3.937 4.007 3.977 4.008 3.568 3.538 3.489 3.669 4.687 4.746 4.805 4.864 4.872 4.858 4.844 4.831 4.817 4.942 5.130 5.318 5.394 5.445 5.495 5.545 5.595 5.645 5.695 5.745 5.795 5.846 5.896 5.946 5.996 6.049 6.104
0.000 0.000 0.000 0.000 0.000 0.000 0.000 0.000 0.000 0.000 0.000 0.000 0.000 0.000 0.000 0.000 0.000 0.000 0.000 0.000 0.494 1.035 1.615 1.185 1.496 0.674 3.243 3.423 3.544 3.624 3.794 3.764 3.534 3.475 3.635 3.795 3.815 4.026 3.996 3.946 3.956 3.937 3.907 4.339 4.368 3.918 3.788 3.889 4.029 4.660 4.719 4.778 4.838 4.897 4.956 5.015 5.074 5.062 5.048 5.104 5.292 5.365 5.415 5.465 5.515 5.565 5.615 5.666 5.716 5.766 5.816 5.866 5.916 5.966 6.016 6.067 6.122
0.000 0.000 0.000 0.000 0.000 0.000 0.000 0.000 0.000 0.000 0.000 0.000 0.000 0.000 0.000 0.000 0.000 0.000 0.000 0.000 0.425 1.175 1.995 1.346 0.967 0.674 3.233 3.544 3.514 3.734 3.824 3.995 3.465 3.725 3.675 3.835 3.886 4.026 3.956 3.976 4.057 3.987 4.342 4.371 4.400 4.456 4.515 4.575 4.634 4.693 4.752 4.811 4.870 4.929 4.988 5.047 5.106 5.165 5.225 5.267 5.335 5.385 5.435 5.486 5.536 5.586 5.636 5.686 5.736 5.786 5.836 5.886 5.937 5.987 6.037 6.087 6.141
0.000 0.000 0.000 0.000 0.000 0.000 0.000 0.000 0.000 0.000 0.000 0.000 0.000 0.000 0.000 0.000 0.000 0.000 0.000 0.000 0.485 1.135 1.806 1.466 0.671 0.675 3.354 3.504 3.634 3.684 3.785 3.435 3.565 3.725 3.845 3.886 3.996 3.986 3.986 4.288 4.057 4.346 4.375 4.404 4.433 4.489 4.548 4.607 4.666 4.725 4.784 4.843 4.902 4.961 5.021 5.080 5.139 5.198 5.253 5.280 5.328 5.386 5.444 5.503 5.556 5.606 5.656 5.707 5.757 5.807 5.857 5.907 5.957 6.007 6.057 6.107 6.159
0.000 0.000 0.000 0.000 0.000 0.000 0.000 0.000 0.000 0.000 0.000 0.000 0.000 0.000 0.000 0.000 0.000 0.000 0.000 0.000 0.114 1.016 1.616 1.266 0.671 0.000 3.344 3.534 3.615 3.645 3.960 3.665 3.805 3.916 3.866 3.996 3.936 4.262 4.037 4.320 4.349 4.378 4.407 4.436 4.465 4.521 4.580 4.639 4.698 4.757 4.817 4.876 4.935 4.994 5.053 5.112 5.171 5.217 5.244 5.271 5.308 5.366 5.425 5.483 5.542 5.600 5.659 5.717 5.776 5.827 5.877 5.927 5.978 6.028 6.078 6.128 6.178
0.000 0.000 0.000 0.000 0.000 0.000 0.000 0.000 0.000 0.000 0.000 0.000 0.000 0.000 0.000 0.000 0.000 0.000 0.000 0.000 0.000 1.036 1.766 1.287 0.148 0.678 3.265 3.495 3.605 3.865 4.035 3.775 3.926 3.976 3.866 3.926 4.266 4.017 4.324 4.353 4.382 4.410 4.439 4.468 4.497 4.554 4.613 4.672 4.731 4.790 4.849 4.908 4.967 5.026 5.085 5.144 5.181 5.208 5.235 5.261 5.289 5.347 5.405 5.464 5.522 5.581 5.639 5.697 5.756 5.814 5.873 5.931 5.990 6.048 6.098 6.148 6.198
0.000 0.000 0.000 0.000 0.000 0.000 0.000 0.000 0.000 0.000 0.000 0.000 0.000 0.000 0.000 0.000 0.000 0.000 0.000 0.000 0.000 1.016 1.247 1.827 0.674 0.678 3.295 3.515 3.695 3.725 3.936 3.906 3.806 3.936 3.886 4.007 4.290 4.067 4.356 4.385 4.414 4.443 4.472 4.501 4.530 4.586 4.645 4.704 4.763 4.822 4.881 4.940 4.999 5.058 5.118 5.145 5.172 5.199 5.226 5.252 5.279 5.327 5.386 5.444 5.502 5.561 5.619 5.678 5.736 5.795 5.853 5.912 5.970 6.028 6.087 6.145 6.204
0.000 0.000 0.000 0.000 0.000 0.000 0.000 0.000 0.000 0.000 0.000 0.000 0.000 0.000 0.000 0.000 0.000 0.000 0.000 0.000 0.000 0.877 1.747 1.887 0.675 2.055 3.515 3.665 3.776 3.696 3.826 4.076 3.836 3.936 4.057 4.247 4.300 4.352 4.388 4.417 4.446 4.475 4.504 4.533 4.562 4.618 4.677 4.736 4.796 4.855 4.914 4.973 5.032 5.082 5.109 5.136 5.163 5.189 5.216 5.243 5.270 5.308 5.366 5.425 5.483 5.541 5.600 5.658 5.717 5.775 5.833 5.892 5.950 6.009 6.067 6.126 6.179
0.000 0.000 0.000 0.000 0.000 0.000 0.000 0.000 0.000 0.000 0.000 0.000 0.000 0.000 0.000 0.000 0.000 0.000 0.000 0.000 0.000 1.077 1.967 1.647 0.675 2.235 3.445 3.616 3.666 3.856 3.926 3.916 3.947 3.977 4.007 4.257 4.309 4.361 4.413 4.450 4.479 4.508 4.536 4.565 4.594 4.651 4.710 4.769 4.828 4.887 4.946 5.005 5.046 5.073 5.100 5.127 5.154 5.180 5.207 5.234 5.261 5.288 5.347 5.405 5.463 5.522 5.580 5.639 5.697 5.755 5.814 5.872 5.931 5.989 6.047 6.102 6.147
0.000 0.000 0.000 0.000 0.000 0.000 0.000 0.000 0.000 0.000 0.000 0.000 0.000 0.000 0.000 0.000 0.000 0.000 0.000 0.000 0.000 0.987 1.927 1.827 0.145 2.205 3.536 3.556 3.856 3.856 3.967 4.027 4.047 4.017 4.214 4.266 4.318 4.370 4.422 4.474 4.511 4.540 4.569 4.598 4.627 4.683 4.742 4.801 4.860 4.919 4.978 5.010 5.037 5.064 5.091 5.118 5.144 5.171 5.198 5.225 5.252 5.279 5.327 5.385 5.444 5.502 5.561 5.619 5.677 5.736 5.794 5.853 5.911 5.969 6.024 6.069 6.115
0.000 0.000 0.000 0.000 0.000 0.000 0.000 0.000 0.000 0.000 0.000 0.000 0.000 0.000 0.000 0.000 0.000 0.000 0.000 0.000 0.000 0.587 1.877 1.587 0.145 2.166 3.466 3.466 3.767 3.777 3.847 3.997 4.027 4.057 4.027 4.058 4.327 4.379 4.431 4.483 4.535 4.572 4.601 4.630 4.659 4.716 4.775 4.834 4.893 4.947 4.974 5.001 5.028 5.055 5.082 5.109 5.135 5.162 5.189 5.216 5.243 5.270 5.307 5.366 5.424 5.483 5.541 5.599 5.658 5.716 5.775 5.833 5.891 5.946 5.992 6.037 6.083
0.000 0.000 0.000 0.000 0.000 0.000 0.000 0.000 0.000 0.000 0.000 0.000 0.000 0.000 0.000 0.000 0.000 0.000 0.000 0.000 0.000 0.000 1.406 1.026 0.144 2.206 3.526 3.737 3.707 3.777 3.867 3.947 3.927 3.968 4.068 4.284 4.336 4.388 4.440 4.493 4.545 4.597 4.634 4.663 4.691 4.748 4.807 4.866 4.911 4.938 4.965 4.992 5.019 5.046 5.073 5.099 5.126 5.153 5.180 5.207 5.234 5.261 5.288 5.346 5.405 5.463 5.521 5.580 5.638 5.696 5.755 5.813 5.869 5.914 5.959 6.005 6.050
0.000 0.000 0.000 0.000 0.000 0.000 0.000 0.000 0.000 0.000 0.000 0.000 0.000 0.000 0.000 0.000 0.000 0.000 0.000 0.000 0.000 0.000 2.106 1.126 0.143 0.148 3.457 3.687 3.817 3.837 3.997 4.008 4.137 4.068 4.241 4.293 4.346 4.398 4.450 4.502 4.554 4.606 4.658 4.695 4.724 4.780 4.839 4.876 4.902 4.929 4.956 4.983 5.010 5.037 5.064 5.090 5.117 5.144 5.171 5.198 5.225 5.252 5.279 5.326 5.385 5.443 5.502 5.560 5.618 5.677 5.735 5.791 5.836 5.882 5.927 5.972 6.018
0.000 0.000 0.000 0.000 0.000 0.000 0.000 0.000 0.000 0.000 0.000 0.000 0.000 0.000 0.000 0.000 0.000 0.000 0.000 0.000 0.000 0.000 1.196 1.856 0.000 0.147 3.547 3.797 3.707 3.948 4.028 3.848 3.948 4.199 4.251 4.303 4.355 4.407 4.459 4.511 4.563 4.615 4.667 4.719 4.756 4.813 4.840 4.867 4.893 4.920 4.947 4.974 5.001 5.028 5.055 5.081 5.108 5.135 5.162 5.189 5.216 5.243 5.270 5.307 5.365 5.424 5.482 5.540 5.599 5.657 5.713 5.759 5.804 5.849 5.895 5.940 5.986
0.000 0.000 0.000 0.000 0.000 0.000 0.000 0.000 0.000 0.000 0.000 0.000 0.000 0.000 0.000 0.000 0.000 0.000 0.000 0.000 0.000 0.000 0.506 1.976 0.416 0.146 3.588 3.688 3.768 4.008 3.968 3.788 3.988 4.088 4.260 4.312 4.364 4.416 4.468 4.520 4.572 4.624 4.672 4.717 4.765 4.804 4.831 4.858 4.884 4.911 4.938 4.965 4.992 5.019 5.045 5.072 5.099 5.126 5.153 5.180 5.207 5.234 5.260 5.287 5.346 5.404 5.462 5.521 5.579 5.636 5.681 5.726 5.772 5.817 5.863 5.908 5.953
0.000 0.000 0.000 0.000 0.000 0.000 0.000 0.000 0.000 0.000 0.000 0.000 0.000 0.000 0.000 0.000 0.000 0.000 0.000 0.000 0.000 0.000 0.926 1.896 0.576 0.145 3.458 3.608 3.688 3.788 3.848 3.878 3.919 4.059 3.929 4.300 4.344 4.389 4.434 4.478 4.523 4.567 4.612 4.657 4.729 4.792 4.820 4.847 4.875 4.902 4.929 4.956 4.983 5.010 5.036 5.063 5.090 5.117 5.144 5.171 5.198 5.225 5.251 5.278 5.326 5.384 5.443 5.501 5.558 5.603 5.649 5.694 5.740 5.785 5.830 5.876 5.921
0.000 0.000 0.000 0.000 0.000 0.000 0.000 0.000 0.000 0.000 0.000 0.000 0.000 0.000 0.000 0.000 0.000 0.000 0.000 0.000 0.000 0.000 0.356 1.505 1.106 0.144 3.148 3.528 3.728 3.728 3.849 3.869 3.919 4.089 4.195 4.240 4.284 4.329 4.373 4.418 4.463 4.507 4.552 4.609 4.693 4.777 4.808 4.836 4.863 4.890 4.918 4.945 4.973 5.000 5.027 5.054 5.081 5.108 5.135 5.162 5.189 5.215 5.242 5.269 5.306 5.365 5.423 5.481 5.526 5.571 5.617 5.662 5.707 5.753 5.798 5.843 5.889
0.000 0.000 0.000 0.000 0.000 0.000 0.000 0.000 0.000 0.000 0.000 0.000 0.000 0.000 0.000 0.000 0.000 0.000 0.000 0.000 0.000 0.000 0.000 2.015 1.225 0.143 2.718 3.498 3.518 3.859 3.939 3.909 3.969 4.009 4.059 4.060 4.224 4.269 4.313 4.358 4.403 4.447 4.492 4.572 4.656 4.740 4.797 4.824 4.852 4.879 4.906 4.934 4.961 4.989 5.016 5.043 5.071 5.098 5.126 5.153 5.179 5.206 5.233 5.260 5.287 5.345 5.403 5.448 5.494 5.539 5.584 5.630 5.675 5.720 5.766 5.811 5.856
0.000 0.000 0.000 0.000 0.000 0.000 0.000 0.000 0.000 0.000 0.000 0.000 0.000 0.000 0.000 0.000 0.000 0.000 0.000 0.000 0.000 0.000 0.000 1.425 1.725 0.142 0.148 3.469 3.649 3.659 3.889 3.939 3.979 4.020 3.960 3.970 4.090 4.209 4.253 4.298 4.342 4.387 4.452 4.536 4.620 4.704 4.786 4.813 4.840 4.868 4.895 4.922 4.950 4.977 5.005 5.032 5.059 5.087 5.114 5.142 5.169 5.197 5.224 5.251 5.278 5.325 5.371 5.416 5.461 5.507 5.552 5.597 5.643 5.688 5.733 5.779 5.824
0.000 0.000 0.000 0.000 0.000 0.000 0.000 0.000 0.000 0.000 0.000 0.000 0.000 0.000 0.000 0.000 0.000 0.000 0.000 0.000 0.000 0.000 0.000 1.015 1.795 0.435 0.145 3.489 3.569 3.819 3.929 3.860 3.960 3.950 4.015 3.990 4.104 4.148 4.193 4.238 4.282 4.332 4.416 4.500 4.584 4.668 4.751 4.802 4.829 4.856 4.884 4.911 4.938 4.966 4.993 5.021 5.048 5.075 5.103 5.130 5.158 5.185 5.212 5.240 5.267 5.293 5.339 5.384 5.429 5.474 5.520 5.565 5.610 5.656 5.701 5.746 5.792
0.000 0.000 0.000 0.000 0.000 0.000 0.000 0.000 0.000 0.000 0.000 0.000 0.000 0.000 0.000 0.000 0.000 0.000 0.000 0.000 0.000 0.000 0.000 0.000 1.575 1.235 0.144 3.339 3.489 3.669 3.760 3.820 3.900 3.990 4.020 3.999 4.044 4.088 4.133 4.178 4.222 4.296 4.380 4.464 4.547 4.631 4.715 4.790 4.818 4.845 4.872 4.900 4.927 4.954 4.982 5.009 5.037 5.064 5.091 5.119 5.146 5.174 5.201 5.228 5.249 5.266 5.307 5.352 5.398 5.443 5.488 5.533 5.578 5.624 5.669 5.714 5.760
0.000 0.000 0.000 0.000 0.000 0.000 0.000 0.000 0.000 0.000 0.000 0.000 0.000 0.000 0.000 0.000 0.000 0.000 0.000 0.000 0.000 0.000 0.000 0.000 1.324 1.784 0.143 0.151 3.610 3.480 3.810 3.840 3.980 3.920 4.041 3.981 4.071 4.028 4.073 4.117 4.176 4.260 4.343 4.427 4.511 4.595 4.679 4.762 4.806 4.834 4.861 4.888 4.916 4.943 4.970 4.998 5.025 5.053 5.080 5.107 5.135 5.162 5.190 5.211 5.229 5.247 5.276 5.321 5.366 5.411 5.457 5.502 5.547 5.592 5.637 5.682 5.728
0.000 0.000 0.000 0.000 0.000 0.000 0.000 0.000 0.000 0.000 0.000 0.000 0.000 0.000 0.000 0.000 0.000 0.000 0.000 0.000 0.000 0.000 0.000 0.000 0.974 1.784 0.000 0.151 3.460 3.650 3.590 3.780 3.920 4.061 3.981 3.879 3.971 4.091 4.013 4.057 4.139 4.223 4.307 4.391 4.475 4.559 4.642 4.726 4.795 4.822 4.850 4.877 4.904 4.932 4.959 4.986 5.014 5.041 5.069 5.096 5.123 5.151 5.174 5.192 5.209 5.227 5.245 5.290 5.335 5.380 5.425 5.470 5.515 5.561 5.606 5.651 5.696
0.000 0.000 0.000 0.000 0.000 0.000 0.000 0.000 0.000 0.000 0.000 0.000 0.000 0.000 0.000 0.000 0.000 0.000 0.000 0.000 0.000 0.000 0.000 0.000 0.004 1.644 0.000 0.151 3.130 3.550 3.670 3.891 3.801 3.911 3.911 3.971 4.061 4.041 4.092 4.019 4.103 4.187 4.271 4.355 4.438 4.522 4.606 4.690 4.774 4.811 4.838 4.866 4.893 4.920 4.948 4.975 5.002 5.030 5.057 5.085 5.112 5.137 5.154 5.172 5.190 5.208 5.225 5.258 5.303 5.349 5.394 5.439 5.484 5.529 5.574 5.620 5.665
0.000 0.000 0.000 0.000 0.000 0.000 0.000 0.000 0.000 0.000 0.000 0.000 0.000 0.000 0.000 0.000 0.000 0.000 0.000 0.000 0.000 0.000 0.000 0.000 0.000 0.993 0.000 0.149 2.510 3.351 3.641 3.561 3.791 3.811 3.931 3.931 3.803 4.072 4.092 3.983 4.072 4.151 4.234 4.318 4.402 4.486 4.570 4.653 4.737 4.800 4.827 4.854 4.882 4.909 4.936 4.964 4.991 5.018 5.046 5.073 5.099 5.117 5.135 5.153 5.170 5.188 5.206 5.227 5.272 5.317 5.362 5.407 5.453 5.498 5.543 5.588 5.633
0.000 0.000 0.000 0.000 0.000 0.000 0.000 0.000 0.000 0.000 0.000 0.000 0.000 0.000 0.000 0.000 0.000 0.000 0.000 0.000 0.000 0.000 0.000 0.000 0.000 0.262 0.612 0.145 0.152 3.371 3.541 3.691 3.731 3.931 3.852 3.982 4.002 4.022 4.002 4.042 4.031 4.114 4.198 4.282 4.366 4.450 4.533 4.617 4.701 4.785 4.816 4.843 4.870 4.898 4.925 4.952 4.980 5.007 5.034 5.062 5.080 5.097 5.115 5.133 5.151 5.169 5.186 5.204 5.241 5.286 5.331 5.376 5.421 5.466 5.512 5.557 5.602
0.000 0.000 0.000 0.000 0.000 0.000 0.000 0.000 0.000 0.000 0.000 0.000 0.000 0.000 0.000 0.000 0.000 0.000 0.000 0.000 0.000 0.000 0.000 0.000 0.000 0.191 0.812 0.000 0.154 2.951 3.491 3.561 3.731 3.822 3.762 4.042 3.922 4.042 4.082 3.910 3.994 4.078 4.162 4.246 4.329 4.413 4.497 4.581 4.665 4.748 4.804 4.832 4.859 4.886 4.913 4.941 4.968 4.995 5.023 5.042 5.060 5.078 5.096 5.113 5.131 5.149 5.167 5.185 5.209 5.254 5.299 5.345 5.390 5.435 5.480 5.525 5.570
0.000 0.000 0.000 0.000 0.000 0.000 0.000 0.000 0.000 0.000 0.000 0.000 0.000 0.000 0.000 0.000 0.000 0.000 0.000 0.000 0.000 0.000 0.000 0.000 0.000 0.000 0.000 0.000 0.508 2.341 3.422 3.452 3.752 3.712 3.762 3.742 3.623 3.912 4.042 3.874 3.958 4.093 4.125 4.209 4.293 4.377 4.461 4.544 4.628 4.712 4.793 4.820 4.847 4.875 4.902 4.929 4.957 4.984 5.005 5.023 5.041 5.058 5.076 5.094 5.112 5.129 5.147 5.165 5.183 5.223 5.268 5.313 5.358 5.404 5.449 5.494 5.539
0.000 0.000 0.000 0.000 0.000 0.000 0.000 0.000 0.000 0.000 0.000 0.000 0.000 0.000 0.000 0.000 0.000 0.000 0.000 0.000 0.000 0.000 0.007 0.001 0.000 0.000 0.782 0.592 0.508 0.508 3.372 3.432 3.572 3.572 3.822 3.752 3.852 4.022 4.063 4.003 4.093 4.005 4.089 4.173 4.257 4.341 4.424 4.508 4.592 4.676 4.759 4.809 4.836 4.863 4.891 4.918 4.945 4.968 4.986 5.003 5.021 5.039 5.057 5.074 5.092 5.110 5.128 5.145 5.163 5.192 5.237 5.282 5.327 5.372 5.417 5.462 5.508
0.000 0.000 0.000 0.000 0.000 0.000 0.000 0.000 0.000 0.000 0.000 0.000 0.000 0.000 0.000 0.000 0.000 0.000 0.000 0.000 0.002 0.007 0.376 0.299 0.000 0.000 0.000 0.000 0.160 0.508 2.532 3.302 3.422 3.822 3.612 3.812 3.772 4.063 4.083 4.063 4.063 3.969 4.093 4.137 4.220 4.304 4.388 4.472 4.556 4.639 4.723 4.797 4.825 4.852 4.879 4.907 4.931 4.948 4.966 4.984 5.002 5.019 5.037 5.055 5.072 5.090 5.108 5.126 5.144 5.161 5.205 5.250 5.296 5.341 5.386 5.431 5.476
0.000 0.000 0.000 0.000 0.000 0.000 0.000 0.000 0.000 0.000 0.000 0.000 0.000 0.000 0.000 0.000 0.000 0.000 0.000 0.013 0.021 0.000 0.529 0.510 0.390 0.000 0.000 0.000 0.999 0.507 0.507 3.222 3.472 3.512 3.802 3.852 3.893 3.943 4.043 4.033 3.983 3.933 3.904 4.094 4.184 4.268 4.352 4.435 4.519 4.603 4.687 4.771 4.813 4.841 4.868 4.893 4.911 4.929 4.947 4.964 4.982 5.000 5.017 5.035 5.053 5.071 5.088 5.106 5.124 5.142 5.174 5.219 5.264 5.309 5.354 5.400 5.448
0.000 0.000 0.000 0.000 0.000 0.000 0.000 0.000 0.000 0.000 0.000 0.000 0.000 0.000 0.000 0.000 0.000 0.000 0.000 0.082 0.070 1.165 0.718 0.630 0.462 0.000 0.000 0.000 0.256 0.235 0.505 2.722 3.452 3.572 3.712 3.772 3.863 3.783 3.943 3.913 3.973 4.054 4.054 4.064 4.148 4.231 4.315 4.399 4.483 4.567 4.650 4.734 4.802 4.829 4.856 4.874 4.892 4.909 4.927 4.945 4.962 4.980 4.998 5.016 5.033 5.051 5.069 5.087 5.104 5.122 5.142 5.188 5.233 5.278 5.323 5.369 5.434
0.000 0.000 0.000 0.000 0.000 0.000 0.000 0.000 0.000 0.000 0.000 0.000 0.000 0.000 0.000 0.000 0.000 0.000 0.000 0.147 0.647 0.412 0.620 0.643 0.447 0.374 0.000 0.000 0.000 0.827 0.500 0.504 3.272 3.542 3.522 3.683 3.713 3.823 3.803 3.692 3.983 4.024 3.944 4.027 4.111 4.195 4.279 4.363 4.446 4.530 4.614 4.698 4.782 4.818 4.837 4.855 4.872 4.890 4.908 4.925 4.943 4.961 4.978 4.996 5.014 5.032 5.049 5.067 5.085 5.103 5.120 5.156 5.201 5.246 5.292 5.355 5.420
