includes/oleron/floodfiles/results/res-0008.wd
ncols         631
nrows         906
xllcorner     364927.146667
yllcorner     6531972.565556
cellsize      20.000000
NODATA_value  -9999.000000
[rows 714 to 747 of 906, columns 0 to 76 of 631]
14.628 14.601 14.573 14.546 14.518 14.491 14.464 14.436 14.409 14.381 14.354 14.327 14.299 14.272 14.239 14.206 14.173 14.140 14.107 14.075 14.042 14.009 13.976 13.943 13.910 13.878 13.845 13.812 13.779 13.746 13.713 13.680 13.648 13.615 13.582 13.549 13.516 13.483 13.450 13.418 13.385 13.352 13.319 13.286 13.253 13.221 13.188 13.155 13.122 13.085 13.047 13.009 12.971 12.932 12.894 12.856 12.818 12.780 12.742 12.704 12.666 12.627 12.593 12.566 12.539 12.512 12.485 12.458 12.432 12.405 12.378 12.351 12.324 12.297 12.270 12.243 12.215
14.631 14.604 14.576 14.549 14.521 14.494 14.467 14.439 14.412 14.384 14.357 14.330 14.302 14.274 14.241 14.208 14.175 14.142 14.110 14.077 14.044 14.011 13.978 13.945 13.912 13.880 13.847 13.814 13.781 13.748 13.715 13.682 13.650 13.617 13.584 13.551 13.518 13.485 13.453 13.420 13.387 13.354 13.321 13.288 13.255 13.223 13.190 13.157 13.124 13.091 13.055 13.017 12.979 12.941 12.903 12.865 12.827 12.788 12.750 12.712 12.674 12.636 12.602 12.575 12.549 12.522 12.495 12.468 12.441 12.414 12.387 12.360 12.334 12.306 12.279 12.251 12.224
14.634 14.607 14.579 14.552 14.525 14.497 14.470 14.442 14.415 14.388 14.360 14.333 14.305 14.276 14.243 14.210 14.177 14.144 14.112 14.079 14.046 14.013 13.980 13.947 13.914 13.882 13.849 13.816 13.783 13.750 13.717 13.685 13.652 13.619 13.586 13.553 13.520 13.487 13.455 13.422 13.389 13.356 13.323 13.290 13.257 13.225 13.192 13.159 13.126 13.093 13.060 13.026 12.988 12.949 12.911 12.873 12.835 12.797 12.759 12.721 12.683 12.644 12.612 12.585 12.558 12.531 12.504 12.477 12.450 12.424 12.397 12.370 12.342 12.315 12.287 12.260 12.232
14.637 14.610 14.582 14.555 14.528 14.500 14.473 14.445 14.418 14.391 14.363 14.336 14.308 14.278 14.245 14.212 14.179 14.146 14.114 14.081 14.048 14.015 13.982 13.949 13.917 13.884 13.851 13.818 13.785 13.752 13.719 13.687 13.654 13.621 13.588 13.555 13.522 13.489 13.457 13.424 13.391 13.358 13.325 13.292 13.260 13.227 13.194 13.161 13.128 13.095 13.062 13.030 12.996 12.958 12.920 12.882 12.844 12.805 12.767 12.729 12.691 12.653 12.621 12.594 12.567 12.541 12.514 12.487 12.460 12.433 12.406 12.379 12.351 12.324 12.296 12.269 12.241
14.640 14.613 14.586 14.558 14.531 14.503 14.476 14.449 14.421 14.394 14.366 14.339 14.312 14.280 14.247 14.214 14.181 14.149 14.116 14.083 14.050 14.017 13.984 13.951 13.919 13.886 13.853 13.820 13.787 13.754 13.721 13.689 13.656 13.623 13.590 13.557 13.524 13.492 13.459 13.426 13.393 13.360 13.327 13.294 13.262 13.229 13.196 13.163 13.130 13.097 13.064 13.032 12.999 12.966 12.928 12.890 12.852 12.814 12.776 12.738 12.700 12.661 12.631 12.604 12.577 12.550 12.523 12.496 12.469 12.442 12.415 12.387 12.360 12.332 12.305 12.277 12.250
14.644 14.616 14.589 14.561 14.534 14.507 14.479 14.452 14.424 14.397 14.370 14.342 14.315 14.282 14.249 14.216 14.183 14.151 14.118 14.085 14.052 14.019 13.986 13.953 13.921 13.888 13.855 13.822 13.789 13.756 13.724 13.691 13.658 13.625 13.592 13.559 13.526 13.494 13.461 13.428 13.395 13.362 13.329 13.296 13.264 13.231 13.198 13.165 13.132 13.099 13.067 13.034 13.001 12.968 12.935 12.899 12.861 12.822 12.784 12.746 12.708 12.670 12.640 12.613 12.586 12.559 12.533 12.506 12.478 12.451 12.423 12.396 12.368 12.341 12.313 12.286 12.258
14.647 14.619 14.592 14.564 14.537 14.510 14.482 14.455 14.427 14.400 14.373 14.345 14.317 14.284 14.251 14.218 14.185 14.153 14.120 14.087 14.054 14.021 13.988 13.956 13.923 13.890 13.857 13.824 13.791 13.758 13.726 13.693 13.660 13.627 13.594 13.561 13.528 13.496 13.463 13.430 13.397 13.364 13.331 13.299 13.266 13.233 13.200 13.167 13.134 13.101 13.069 13.036 13.003 12.970 12.937 12.904 12.869 12.831 12.793 12.755 12.717 12.678 12.649 12.623 12.596 12.569 12.542 12.515 12.487 12.460 12.432 12.405 12.377 12.350 12.322 12.295 12.267
14.650 14.622 14.595 14.568 14.540 14.513 14.485 14.458 14.431 14.403 14.376 14.348 14.319 14.286 14.253 14.220 14.188 14.155 14.122 14.089 14.056 14.023 13.990 13.958 13.925 13.892 13.859 13.826 13.793 13.760 13.728 13.695 13.662 13.629 13.596 13.563 13.531 13.498 13.465 13.432 13.399 13.366 13.333 13.301 13.268 13.235 13.202 13.169 13.136 13.103 13.071 13.038 13.005 12.972 12.939 12.906 12.874 12.839 12.801 12.763 12.725 12.687 12.659 12.632 12.605 12.578 12.551 12.523 12.496 12.468 12.441 12.413 12.386 12.358 12.331 12.303 12.276
14.653 14.625 14.598 14.571 14.543 14.516 14.488 14.461 14.434 14.406 14.379 14.351 14.321 14.288 14.255 14.222 14.190 14.157 14.124 14.091 14.058 14.025 13.992 13.960 13.927 13.894 13.861 13.828 13.795 13.763 13.730 13.697 13.664 13.631 13.598 13.565 13.533 13.500 13.467 13.434 13.401 13.368 13.335 13.303 13.270 13.237 13.204 13.171 13.138 13.106 13.073 13.040 13.007 12.974 12.941 12.908 12.876 12.843 12.810 12.772 12.733 12.695 12.668 12.641 12.614 12.587 12.559 12.532 12.504 12.477 12.449 12.422 12.394 12.367 12.339 12.312 12.284
14.656 14.629 14.601 14.574 14.546 14.519 14.492 14.464 14.437 14.409 14.382 14.355 14.323 14.290 14.257 14.224 14.192 14.159 14.126 14.093 14.060 14.027 13.995 13.962 13.929 13.896 13.863 13.830 13.797 13.765 13.732 13.699 13.666 13.633 13.600 13.567 13.535 13.502 13.469 13.436 13.403 13.370 13.338 13.305 13.272 13.239 13.206 13.173 13.140 13.108 13.075 13.042 13.009 12.976 12.943 12.910 12.878 12.845 12.812 12.779 12.742 12.705 12.678 12.651 12.623 12.596 12.568 12.541 12.513 12.486 12.458 12.431 12.403 12.375 12.348 12.320 12.293
14.659 14.632 14.604 14.577 14.550 14.522 14.495 14.467 14.440 14.413 14.385 14.358 14.325 14.292 14.259 14.227 14.194 14.161 14.128 14.095 14.062 14.029 13.997 13.964 13.931 13.898 13.865 13.832 13.799 13.767 13.734 13.701 13.668 13.635 13.602 13.570 13.537 13.504 13.471 13.438 13.405 13.372 13.340 13.307 13.274 13.241 13.208 13.175 13.142 13.110 13.077 13.044 13.011 12.978 12.945 12.913 12.880 12.847 12.814 12.781 12.748 12.714 12.687 12.659 12.632 12.604 12.577 12.549 12.522 12.494 12.467 12.439 12.412 12.384 12.357 12.329 12.302
14.662 14.635 14.607 14.580 14.553 14.525 14.498 14.470 14.443 14.416 14.388 14.360 14.327 14.294 14.261 14.229 14.196 14.163 14.130 14.097 14.064 14.031 13.999 13.966 13.933 13.900 13.867 13.834 13.802 13.769 13.736 13.703 13.670 13.637 13.604 13.572 13.539 13.506 13.473 13.440 13.407 13.374 13.342 13.309 13.276 13.243 13.210 13.177 13.145 13.112 13.079 13.046 13.013 12.980 12.947 12.915 12.882 12.849 12.816 12.783 12.750 12.719 12.692 12.665 12.638 12.612 12.585 12.558 12.530 12.503 12.475 12.448 12.420 12.393 12.365 12.338 12.310
14.665 14.638 14.611 14.583 14.556 14.528 14.501 14.474 14.446 14.419 14.391 14.362 14.329 14.296 14.263 14.231 14.198 14.165 14.132 14.099 14.066 14.034 14.001 13.968 13.935 13.902 13.869 13.836 13.804 13.771 13.738 13.705 13.672 13.639 13.606 13.574 13.541 13.508 13.475 13.442 13.409 13.377 13.344 13.311 13.278 13.245 13.212 13.179 13.147 13.114 13.081 13.048 13.015 12.982 12.949 12.917 12.884 12.851 12.818 12.785 12.752 12.722 12.693 12.667 12.640 12.613 12.587 12.560 12.533 12.507 12.480 12.453 12.427 12.400 12.373 12.346 12.319
14.668 14.641 14.614 14.586 14.559 14.531 14.504 14.477 14.449 14.422 14.394 14.364 14.331 14.298 14.266 14.233 14.200 14.167 14.134 14.101 14.068 14.036 14.003 13.970 13.937 13.904 13.871 13.838 13.806 13.773 13.740 13.707 13.674 13.641 13.609 13.576 13.543 13.510 13.477 13.444 13.411 13.379 13.346 13.313 13.280 13.247 13.214 13.181 13.149 13.116 13.083 13.050 13.017 12.984 12.951 12.918 12.885 12.852 12.819 12.786 12.754 12.725 12.696 12.668 12.642 12.615 12.588 12.562 12.535 12.508 12.482 12.455 12.428 12.402 12.375 12.348 12.322
14.672 14.644 14.617 14.589 14.562 14.535 14.507 14.480 14.452 14.425 14.398 14.366 14.333 14.300 14.268 14.235 14.202 14.169 14.136 14.103 14.070 14.038 14.005 13.972 13.939 13.906 13.873 13.841 13.808 13.775 13.742 13.709 13.676 13.643 13.611 13.578 13.545 13.512 13.479 13.446 13.413 13.381 13.348 13.315 13.282 13.249 13.216 13.184 13.151 13.118 13.085 13.052 13.019 12.986 12.953 12.920 12.887 12.854 12.821 12.788 12.757 12.728 12.699 12.670 12.643 12.617 12.590 12.563 12.537 12.510 12.483 12.457 12.430 12.403 12.377 12.350 12.323
14.675 14.647 14.620 14.593 14.565 14.538 14.510 14.483 14.456 14.428 14.401 14.368 14.335 14.302 14.270 14.237 14.204 14.171 14.138 14.105 14.073 14.040 14.007 13.974 13.941 13.908 13.875 13.843 13.810 13.777 13.744 13.711 13.678 13.645 13.613 13.580 13.547 13.514 13.481 13.448 13.416 13.383 13.350 13.317 13.284 13.251 13.218 13.185 13.152 13.119 13.086 13.053 13.021 12.988 12.955 12.922 12.889 12.856 12.823 12.790 12.760 12.732 12.703 12.674 12.645 12.619 12.592 12.565 12.538 12.512 12.485 12.458 12.432 12.405 12.378 12.352 12.325
14.678 14.650 14.623 14.596 14.568 14.541 14.513 14.486 14.459 14.431 14.403 14.370 14.337 14.305 14.272 14.239 14.206 14.173 14.140 14.107 14.075 14.042 14.009 13.976 13.943 13.910 13.877 13.845 13.812 13.779 13.746 13.713 13.680 13.648 13.615 13.582 13.549 13.516 13.483 13.450 13.418 13.385 13.352 13.319 13.286 13.253 13.220 13.187 13.154 13.121 13.088 13.055 13.022 12.989 12.956 12.923 12.890 12.857 12.824 12.793 12.764 12.735 12.706 12.677 12.648 12.620 12.594 12.567 12.540 12.514 12.487 12.460 12.434 12.407 12.380 12.353 12.327
14.681 14.654 14.626 14.599 14.571 14.544 14.517 14.489 14.462 14.434 14.405 14.372 14.339 14.307 14.274 14.241 14.208 14.175 14.142 14.109 14.077 14.044 14.011 13.978 13.945 13.912 13.880 13.847 13.814 13.781 13.748 13.715 13.682 13.650 13.617 13.584 13.551 13.518 13.485 13.452 13.419 13.386 13.353 13.321 13.288 13.255 13.222 13.189 13.156 13.123 13.090 13.057 13.024 12.991 12.958 12.925 12.892 12.859 12.826 12.796 12.767 12.738 12.709 12.680 12.651 12.622 12.595 12.569 12.542 12.515 12.489 12.462 12.435 12.409 12.382 12.355 12.329
14.684 14.657 14.629 14.602 14.574 14.547 14.520 14.492 14.465 14.437 14.407 14.374 14.341 14.309 14.276 14.243 14.210 14.177 14.144 14.112 14.079 14.046 14.013 13.980 13.947 13.914 13.882 13.849 13.816 13.783 13.750 13.717 13.684 13.652 13.619 13.586 13.553 13.520 13.487 13.454 13.421 13.388 13.355 13.322 13.289 13.256 13.223 13.190 13.157 13.124 13.091 13.058 13.026 12.993 12.960 12.927 12.894 12.861 12.828 12.799 12.770 12.741 12.712 12.683 12.654 12.625 12.597 12.570 12.544 12.517 12.490 12.464 12.437 12.410 12.384 12.357 12.330
14.687 14.660 14.632 14.605 14.578 14.550 14.523 14.495 14.468 14.441 14.409 14.376 14.344 14.311 14.278 14.245 14.212 14.179 14.146 14.114 14.081 14.048 14.015 13.982 13.949 13.916 13.884 13.851 13.818 13.785 13.752 13.719 13.686 13.653 13.621 13.588 13.555 13.522 13.489 13.456 13.423 13.390 13.357 13.324 13.291 13.258 13.225 13.192 13.159 13.126 13.093 13.060 13.027 12.994 12.961 12.928 12.895 12.862 12.831 12.802 12.773 12.744 12.715 12.686 12.657 12.628 12.599 12.572 12.545 12.519 12.492 12.465 12.439 12.412 12.385 12.359 12.332
14.691 14.663 14.636 14.608 14.581 14.553 14.526 14.499 14.471 14.444 14.411 14.378 14.346 14.313 14.280 14.247 14.214 14.181 14.148 14.116 14.083 14.050 14.017 13.984 13.951 13.919 13.886 13.853 13.820 13.787 13.754 13.721 13.688 13.655 13.622 13.589 13.556 13.523 13.490 13.457 13.424 13.391 13.358 13.326 13.293 13.260 13.227 13.194 13.161 13.128 13.095 13.062 13.029 12.996 12.963 12.930 12.897 12.864 12.834 12.805 12.776 12.747 12.718 12.689 12.660 12.631 12.602 12.574 12.547 12.520 12.494 12.467 12.440 12.414 12.387 12.360 12.334
14.694 14.667 14.639 14.611 14.584 14.556 14.529 14.502 14.474 14.446 14.413 14.380 14.348 14.315 14.282 14.249 14.216 14.183 14.151 14.118 14.085 14.052 14.019 13.986 13.953 13.920 13.888 13.855 13.822 13.789 13.756 13.723 13.690 13.657 13.624 13.591 13.558 13.525 13.492 13.459 13.426 13.393 13.360 13.327 13.294 13.261 13.228 13.195 13.162 13.129 13.096 13.063 13.031 12.998 12.965 12.932 12.899 12.866 12.837 12.808 12.779 12.750 12.721 12.692 12.663 12.634 12.605 12.576 12.549 12.522 12.495 12.469 12.442 12.415 12.389 12.362 12.335
14.698 14.670 14.642 14.614 14.587 14.560 14.532 14.505 14.477 14.448 14.415 14.383 14.350 14.317 14.284 14.251 14.218 14.185 14.153 14.120 14.087 14.054 14.021 13.988 13.955 13.922 13.889 13.856 13.823 13.790 13.757 13.724 13.691 13.658 13.625 13.593 13.560 13.527 13.494 13.461 13.428 13.395 13.362 13.329 13.296 13.263 13.230 13.197 13.164 13.131 13.098 13.065 13.032 12.999 12.966 12.933 12.900 12.869 12.841 12.812 12.783 12.754 12.725 12.696 12.667 12.638 12.609 12.580 12.551 12.524 12.497 12.470 12.444 12.417 12.390 12.364 12.337
14.702 14.674 14.646 14.618 14.590 14.563 14.535 14.508 14.480 14.450 14.417 14.385 14.352 14.319 14.286 14.253 14.220 14.187 14.155 14.122 14.089 14.056 14.023 13.990 13.957 13.924 13.891 13.858 13.825 13.792 13.759 13.726 13.693 13.660 13.627 13.594 13.561 13.528 13.495 13.462 13.429 13.396 13.363 13.330 13.298 13.265 13.232 13.199 13.166 13.133 13.100 13.067 13.034 13.001 12.968 12.935 12.902 12.873 12.844 12.815 12.786 12.757 12.728 12.699 12.670 12.641 12.612 12.583 12.554 12.526 12.499 12.472 12.445 12.419 12.392 12.365 12.339
14.706 14.678 14.650 14.622 14.594 14.566 14.538 14.511 14.484 14.452 14.419 14.387 14.354 14.321 14.288 14.255 14.222 14.189 14.156 14.123 14.090 14.057 14.024 13.991 13.958 13.925 13.893 13.860 13.827 13.794 13.761 13.728 13.695 13.662 13.629 13.596 13.563 13.530 13.497 13.464 13.431 13.398 13.365 13.332 13.299 13.266 13.233 13.200 13.167 13.134 13.101 13.068 13.035 13.003 12.970 12.937 12.905 12.876 12.847 12.818 12.789 12.760 12.731 12.702 12.673 12.644 12.615 12.586 12.557 12.528 12.501 12.474 12.447 12.421 12.394 12.367 12.341
14.710 14.682 14.654 14.626 14.598 14.570 14.542 14.514 14.487 14.454 14.422 14.389 14.356 14.323 14.290 14.257 14.224 14.191 14.158 14.125 14.092 14.059 14.026 13.993 13.960 13.927 13.894 13.861 13.828 13.795 13.762 13.729 13.696 13.663 13.630 13.598 13.565 13.532 13.499 13.466 13.433 13.400 13.367 13.334 13.301 13.268 13.235 13.202 13.169 13.136 13.103 13.070 13.037 13.004 12.971 12.938 12.908 12.879 12.850 12.821 12.792 12.763 12.734 12.705 12.676 12.647 12.618 12.589 12.560 12.531 12.502 12.476 12.449 12.422 12.396 12.369 12.342
14.713 14.685 14.657 14.630 14.602 14.574 14.546 14.518 14.489 14.456 14.423 14.390 14.357 14.324 14.291 14.258 14.225 14.193 14.160 14.127 14.094 14.061 14.028 13.995 13.962 13.929 13.896 13.863 13.830 13.797 13.764 13.731 13.698 13.665 13.632 13.599 13.566 13.533 13.500 13.467 13.434 13.401 13.368 13.335 13.303 13.270 13.237 13.204 13.171 13.138 13.105 13.072 13.039 13.006 12.973 12.940 12.911 12.882 12.853 12.824 12.795 12.766 12.737 12.708 12.679 12.650 12.621 12.592 12.563 12.534 12.505 12.477 12.451 12.424 12.397 12.371 12.344
14.717 14.689 14.661 14.633 14.605 14.577 14.548 14.519 14.489 14.458 14.425 14.392 14.359 14.326 14.293 14.260 14.227 14.194 14.161 14.128 14.095 14.062 14.029 13.996 13.963 13.930 13.898 13.865 13.832 13.799 13.766 13.733 13.700 13.667 13.634 13.601 13.568 13.535 13.502 13.469 13.436 13.403 13.370 13.337 13.304 13.271 13.238 13.205 13.172 13.139 13.106 13.073 13.040 13.008 12.975 12.943 12.914 12.885 12.856 12.827 12.798 12.769 12.740 12.711 12.682 12.653 12.624 12.595 12.566 12.537 12.508 12.479 12.452 12.426 12.399 12.372 12.346
14.721 14.693 14.665 14.636 14.607 14.578 14.549 14.520 14.490 14.458 14.426 14.394 14.361 14.328 14.295 14.262 14.229 14.196 14.163 14.130 14.097 14.064 14.031 13.998 13.965 13.932 13.899 13.866 13.833 13.800 13.767 13.734 13.701 13.668 13.635 13.603 13.570 13.537 13.504 13.471 13.438 13.405 13.372 13.339 13.306 13.273 13.240 13.207 13.174 13.141 13.108 13.075 13.042 13.009 12.976 12.946 12.917 12.888 12.859 12.830 12.801 12.772 12.743 12.714 12.686 12.657 12.628 12.599 12.570 12.541 12.512 12.483 12.454 12.427 12.401 12.374 12.347
14.724 14.695 14.666 14.637 14.608 14.579 14.550 14.521 14.490 14.458 14.427 14.395 14.362 14.329 14.296 14.263 14.230 14.198 14.165 14.132 14.099 14.066 14.033 14.000 13.967 13.934 13.901 13.868 13.835 13.802 13.769 13.736 13.703 13.670 13.637 13.604 13.571 13.538 13.505 13.472 13.439 13.406 13.373 13.340 13.308 13.275 13.242 13.209 13.176 13.143 13.110 13.077 13.044 13.011 12.978 12.950 12.921 12.892 12.863 12.834 12.805 12.776 12.747 12.718 12.689 12.660 12.631 12.602 12.573 12.544 12.515 12.486 12.457 12.429 12.402 12.376 12.349
14.724 14.696 14.667 14.638 14.609 14.580 14.551 14.522 14.490 14.459 14.427 14.395 14.364 14.331 14.298 14.265 14.232 14.199 14.166 14.133 14.100 14.067 14.034 14.001 13.968 13.935 13.903 13.870 13.837 13.804 13.771 13.738 13.705 13.672 13.639 13.606 13.573 13.540 13.507 13.474 13.441 13.408 13.375 13.342 13.309 13.276 13.243 13.210 13.177 13.144 13.111 13.078 13.045 13.013 12.982 12.953 12.924 12.895 12.866 12.837 12.808 12.779 12.750 12.721 12.692 12.663 12.634 12.605 12.576 12.547 12.518 12.489 12.460 12.431 12.404 12.377 12.351
14.725 14.696 14.667 14.639 14.610 14.581 14.552 14.522 14.490 14.459 14.427 14.396 14.364 14.333 14.300 14.267 14.234 14.201 14.168 14.135 14.102 14.069 14.036 14.003 13.970 13.937 13.904 13.871 13.838 13.805 13.772 13.739 13.706 13.673 13.640 13.608 13.575 13.542 13.509 13.476 13.443 13.410 13.377 13.344 13.311 13.278 13.245 13.212 13.179 13.146 13.113 13.080 13.047 13.014 12.985 12.956 12.927 12.898 12.869 12.840 12.811 12.782 12.753 12.724 12.695 12.666 12.637 12.608 12.579 12.550 12.521 12.492 12.463 12.434 12.406 12.379 12.352
14.726 14.697 14.668 14.639 14.610 14.582 14.553 14.522 14.491 14.459 14.428 14.396 14.364 14.333 14.301 14.268 14.235 14.203 14.170 14.137 14.104 14.071 14.038 14.005 13.972 13.939 13.906 13.873 13.840 13.807 13.774 13.741 13.708 13.675 13.642 13.609 13.576 13.543 13.510 13.477 13.444 13.411 13.378 13.345 13.313 13.280 13.247 13.214 13.181 13.148 13.115 13.082 13.049 13.017 12.988 12.959 12.930 12.901 12.872 12.843 12.814 12.785 12.756 12.727 12.698 12.669 12.640 12.611 12.582 12.553 12.524 12.495 12.466 12.437 12.408 12.381 12.354
14.727 14.698 14.669 14.640 14.611 14.582 14.554 14.523 14.491 14.459 14.428 14.396 14.365 14.333 14.302 14.270 14.237 14.204 14.171 14.138 14.105 14.072 14.039 14.006 13.973 13.940 13.907 13.875 13.842 13.809 13.776 13.743 13.710 13.677 13.644 13.611 13.578 13.545 13.512 13.479 13.446 13.413 13.380 13.347 13.314 13.281 13.248 13.215 13.182 13.149 13.116 13.083 13.050 13.020 12.991 12.962 12.933 12.904 12.875 12.846 12.817 12.788 12.759 12.730 12.701 12.672 12.643 12.614 12.585 12.556 12.527 12.498 12.469 12.440 12.411 12.383 12.356
