includes/oleron/floodfiles/results/res-0007.wd
ncols         631
nrows         906
xllcorner     364927.146667
yllcorner     6531972.565556
cellsize      20.000000
NODATA_value  -9999.000000
[rows 340 to 373 of 906, columns 462 to 538 of 631]
1.882 2.228 1.875 1.776 1.717 1.809 2.257 1.902 1.883 1.895 2.286 2.294 2.302 2.310 2.319 2.330 2.341 2.351 2.362 2.373 2.384 2.394 2.405 2.416 2.426 2.437 2.448 2.458 2.470 2.483 2.495 2.507 2.527 2.555 2.583 2.612 2.640 2.668 2.696 2.724 2.752 2.780 2.808 2.836 2.864 2.892 2.917 2.937 2.956 2.976 2.997 3.019 3.042 3.064 3.087 3.109 3.132 3.154 3.176 3.199 3.221 3.244 3.272 3.309 3.346 3.383 3.420 3.459 3.500 3.541 3.581 3.622 3.663 3.704 3.745 3.786 3.827
1.632 1.783 1.645 1.726 1.857 2.230 2.236 2.242 2.248 2.256 2.263 2.271 2.279 2.287 2.298 2.309 2.319 2.330 2.341 2.352 2.362 2.373 2.384 2.394 2.405 2.416 2.426 2.437 2.448 2.460 2.473 2.485 2.513 2.541 2.569 2.598 2.626 2.654 2.682 2.710 2.738 2.767 2.795 2.823 2.851 2.879 2.907 2.927 2.947 2.967 2.989 3.012 3.034 3.057 3.079 3.102 3.124 3.147 3.169 3.191 3.214 3.236 3.259 3.293 3.330 3.367 3.404 3.445 3.486 3.527 3.568 3.609 3.650 3.691 3.731 3.772 3.813
1.712 1.694 1.845 2.197 1.817 2.209 1.770 2.221 1.843 1.895 1.876 2.249 2.257 2.266 2.277 2.287 2.298 2.309 2.320 2.330 2.341 2.352 2.363 2.373 2.384 2.395 2.405 2.416 2.427 2.438 2.450 2.471 2.499 2.527 2.555 2.584 2.612 2.640 2.668 2.696 2.725 2.753 2.781 2.809 2.837 2.865 2.893 2.918 2.937 2.959 2.981 3.004 3.027 3.049 3.072 3.094 3.117 3.139 3.161 3.184 3.206 3.229 3.251 3.277 3.314 3.351 3.391 3.432 3.473 3.514 3.555 3.595 3.636 3.677 3.718 3.759 3.800
1.802 1.744 1.675 1.786 1.837 1.769 1.830 1.772 1.803 1.855 2.218 2.226 2.234 2.244 2.255 2.266 2.277 2.287 2.298 2.309 2.320 2.331 2.341 2.352 2.363 2.374 2.384 2.395 2.406 2.416 2.428 2.457 2.485 2.513 2.541 2.570 2.598 2.626 2.654 2.683 2.711 2.739 2.767 2.795 2.823 2.851 2.879 2.907 2.929 2.951 2.974 2.996 3.019 3.041 3.064 3.086 3.109 3.131 3.154 3.176 3.199 3.221 3.244 3.266 3.299 3.337 3.377 3.418 3.459 3.500 3.541 3.582 3.623 3.664 3.704 3.745 3.786
1.712 1.754 1.775 1.806 1.687 1.719 1.760 1.892 2.184 1.825 2.196 1.908 2.212 1.821 2.234 2.245 2.255 2.266 2.277 2.288 2.299 2.309 2.320 2.331 2.342 2.355 2.367 2.380 2.392 2.405 2.419 2.447 2.475 2.504 2.532 2.560 2.588 2.617 2.645 2.673 2.701 2.730 2.758 2.786 2.814 2.842 2.870 2.898 2.926 2.948 2.970 2.992 3.014 3.036 3.058 3.081 3.103 3.125 3.147 3.169 3.191 3.214 3.236 3.259 3.283 3.323 3.364 3.405 3.446 3.487 3.528 3.568 3.609 3.650 3.691 3.732 3.773
1.643 1.664 1.695 1.736 1.837 1.789 1.760 1.902 1.803 1.765 1.746 1.808 1.910 1.821 2.217 1.885 2.243 2.255 2.268 2.281 2.293 2.306 2.319 2.331 2.344 2.357 2.369 2.382 2.394 2.407 2.422 2.442 2.470 2.498 2.526 2.555 2.583 2.611 2.640 2.668 2.696 2.724 2.752 2.780 2.808 2.837 2.865 2.893 2.923 2.948 2.970 2.992 3.014 3.037 3.059 3.081 3.103 3.125 3.147 3.169 3.191 3.213 3.235 3.258 3.293 3.339 3.379 3.418 3.458 3.498 3.538 3.578 3.617 3.657 3.697 3.737 3.776
1.653 1.794 1.685 1.696 1.737 1.789 1.860 2.134 1.713 1.805 1.726 1.718 2.193 1.831 1.793 1.825 2.244 2.257 2.270 2.282 2.295 2.308 2.320 2.333 2.346 2.359 2.371 2.384 2.396 2.410 2.426 2.442 2.464 2.493 2.521 2.549 2.578 2.606 2.634 2.663 2.691 2.719 2.747 2.775 2.803 2.831 2.859 2.889 2.919 2.948 2.971 2.993 3.015 3.037 3.059 3.081 3.103 3.125 3.147 3.170 3.192 3.214 3.236 3.258 3.311 3.364 3.404 3.444 3.484 3.524 3.563 3.603 3.643 3.683 3.722 3.762 3.802
1.633 1.574 1.645 1.656 1.637 1.759 1.710 1.682 1.813 1.705 1.726 1.668 1.890 1.851 1.723 2.233 1.857 2.259 2.271 2.284 2.297 2.310 2.322 2.335 2.348 2.361 2.373 2.386 2.398 2.414 2.429 2.445 2.461 2.487 2.516 2.544 2.572 2.601 2.629 2.657 2.685 2.714 2.742 2.770 2.798 2.826 2.855 2.885 2.914 2.944 2.971 2.993 3.015 3.037 3.059 3.081 3.104 3.126 3.148 3.170 3.192 3.214 3.236 3.277 3.329 3.382 3.430 3.470 3.509 3.549 3.589 3.629 3.669 3.708 3.748 3.788 3.828
1.603 1.624 1.625 1.686 1.808 1.669 1.750 1.672 1.713 1.685 1.706 1.778 1.660 1.802 1.823 1.815 2.248 2.260 2.273 2.286 2.299 2.311 2.324 2.337 2.350 2.362 2.375 2.388 2.401 2.417 2.433 2.448 2.464 2.482 2.510 2.539 2.567 2.595 2.624 2.652 2.680 2.708 2.736 2.765 2.793 2.821 2.850 2.880 2.910 2.940 2.970 2.993 3.015 3.038 3.060 3.082 3.104 3.126 3.148 3.170 3.192 3.214 3.242 3.295 3.347 3.400 3.453 3.495 3.535 3.575 3.615 3.654 3.694 3.734 3.774 3.814 3.853
1.613 1.614 1.745 1.616 1.578 1.749 1.610 1.642 1.673 1.665 1.666 1.698 1.620 1.772 1.724 1.825 1.737 1.759 2.275 1.862 2.300 2.313 2.326 2.339 2.352 2.364 2.377 2.390 2.405 2.421 2.436 2.452 2.468 2.483 2.505 2.533 2.562 2.590 2.618 2.647 2.675 2.703 2.731 2.759 2.787 2.816 2.846 2.876 2.906 2.935 2.965 2.994 3.016 3.038 3.060 3.082 3.104 3.126 3.149 3.171 3.193 3.215 3.260 3.313 3.366 3.418 3.471 3.521 3.561 3.601 3.640 3.680 3.720 3.760 3.799 3.839 3.879
1.683 1.634 1.705 1.556 1.648 1.629 1.590 1.652 1.553 1.645 1.657 1.808 1.690 1.562 1.744 1.715 1.677 1.809 1.721 1.843 1.785 1.876 1.828 1.900 2.354 2.366 2.379 2.392 2.408 2.424 2.440 2.455 2.471 2.487 2.502 2.528 2.556 2.585 2.613 2.641 2.670 2.698 2.726 2.754 2.782 2.812 2.842 2.871 2.901 2.931 2.961 2.991 3.016 3.038 3.060 3.083 3.105 3.127 3.149 3.171 3.193 3.226 3.278 3.331 3.384 3.436 3.489 3.541 3.586 3.626 3.666 3.706 3.746 3.785 3.825 3.865 3.904
1.853 1.584 1.585 1.657 1.498 1.559 1.621 1.552 1.834 1.555 1.637 1.728 1.560 1.592 1.634 1.626 1.737 1.759 1.791 1.743 1.755 1.847 1.849 2.343 1.832 2.368 2.381 2.396 2.412 2.427 2.443 2.459 2.475 2.490 2.506 2.523 2.551 2.579 2.608 2.636 2.664 2.693 2.721 2.749 2.778 2.808 2.837 2.867 2.897 2.927 2.956 2.986 3.016 3.039 3.061 3.083 3.105 3.127 3.149 3.171 3.194 3.244 3.297 3.349 3.402 3.454 3.507 3.560 3.612 3.652 3.692 3.731 3.771 3.811 3.851 3.890 3.930
1.613 1.554 1.606 1.607 1.578 1.509 1.491 1.642 1.594 1.606 1.657 1.619 1.650 1.462 1.684 1.676 1.718 1.750 1.781 1.773 1.735 1.877 1.849 1.841 1.813 2.370 1.876 2.399 2.415 2.431 2.447 2.462 2.478 2.494 2.509 2.525 2.546 2.574 2.603 2.631 2.659 2.687 2.715 2.744 2.774 2.803 2.833 2.863 2.893 2.922 2.952 2.982 3.012 3.039 3.061 3.083 3.106 3.128 3.150 3.172 3.209 3.262 3.315 3.367 3.420 3.473 3.525 3.578 3.630 3.678 3.717 3.757 3.797 3.837 3.876 3.916 3.951
1.463 1.584 1.446 1.667 1.578 1.580 1.481 1.563 1.594 1.556 1.537 1.709 1.551 1.723 1.614 1.546 1.638 1.770 2.282 1.703 1.775 2.320 1.819 1.881 1.903 2.372 1.887 2.403 2.419 2.434 2.450 2.466 2.481 2.497 2.513 2.529 2.544 2.569 2.597 2.626 2.654 2.682 2.710 2.739 2.769 2.799 2.829 2.859 2.888 2.918 2.948 2.978 3.007 3.037 3.062 3.084 3.106 3.128 3.150 3.175 3.228 3.280 3.333 3.386 3.438 3.491 3.543 3.596 3.648 3.701 3.743 3.783 3.822 3.862 3.902 3.942 3.966
1.593 1.525 1.566 1.617 1.569 1.500 1.521 1.483 1.634 1.676 1.568 1.729 1.651 1.593 1.635 1.696 1.788 1.650 1.712 1.744 1.756 1.908 1.820 1.861 1.843 2.374 2.390 2.406 2.422 2.438 2.453 2.469 2.485 2.501 2.516 2.532 2.548 2.564 2.592 2.620 2.649 2.677 2.705 2.735 2.765 2.795 2.825 2.854 2.884 2.914 2.944 2.973 3.003 3.033 3.062 3.084 3.106 3.129 3.151 3.193 3.246 3.298 3.351 3.404 3.456 3.509 3.561 3.614 3.667 3.719 3.769 3.808 3.848 3.888 3.927 3.959 3.980
1.454 1.705 1.506 1.498 1.509 1.610 1.492 1.633 1.485 1.536 1.568 1.580 1.521 1.493 1.655 1.607 1.679 1.730 1.722 1.914 1.836 2.324 2.337 2.350 1.814 2.377 2.393 2.409 2.425 2.441 2.457 2.473 2.488 2.504 2.520 2.535 2.551 2.567 2.587 2.615 2.643 2.671 2.701 2.731 2.761 2.790 2.820 2.850 2.880 2.910 2.939 2.969 2.999 3.029 3.059 3.085 3.107 3.129 3.159 3.211 3.264 3.317 3.369 3.422 3.474 3.527 3.580 3.632 3.685 3.737 3.790 3.834 3.874 3.913 3.953 3.974 3.995
1.384 1.395 1.337 1.598 1.499 1.381 1.592 1.574 1.455 1.487 1.589 1.540 1.572 1.564 1.595 1.667 1.579 1.641 1.803 1.754 1.776 1.778 2.339 2.351 2.364 2.380 2.396 1.939 2.428 2.444 2.460 2.476 2.492 2.507 2.523 2.539 2.555 2.570 2.586 2.610 2.638 2.667 2.697 2.726 2.756 2.786 2.816 2.846 2.876 2.906 2.935 2.965 2.995 3.025 3.055 3.084 3.107 3.129 3.177 3.230 3.282 3.335 3.387 3.440 3.493 3.545 3.598 3.650 3.703 3.755 3.808 3.859 3.899 3.939 3.968 3.988 4.009
1.444 1.475 1.357 1.428 1.550 1.421 1.473 1.494 1.476 1.387 1.589 1.461 1.582 1.534 1.636 1.717 1.609 1.561 1.613 1.665 1.647 1.619 1.790 1.892 2.367 2.383 2.399 2.416 2.432 2.448 2.463 2.479 2.495 2.511 2.527 2.542 2.558 2.574 2.590 2.605 2.633 2.662 2.692 2.722 2.752 2.782 2.812 2.842 2.871 2.901 2.931 2.961 2.991 3.021 3.050 3.080 3.108 3.143 3.195 3.248 3.300 3.353 3.406 3.458 3.511 3.563 3.616 3.668 3.721 3.773 3.826 3.878 3.925 3.961 3.982 4.003 4.024
1.535 1.426 1.487 1.409 1.520 1.332 1.413 1.445 1.466 1.558 1.399 1.521 1.533 1.514 1.546 1.558 1.569 1.641 1.593 1.785 1.767 1.809 1.801 1.813 1.854 1.936 1.878 2.419 2.435 2.451 2.467 2.483 2.498 2.514 2.530 2.546 2.562 2.577 2.593 2.609 2.627 2.656 2.686 2.715 2.745 2.774 2.803 2.833 2.862 2.891 2.920 2.950 2.979 3.008 3.038 3.067 3.096 3.158 3.211 3.264 3.317 3.369 3.422 3.475 3.528 3.581 3.633 3.686 3.739 3.791 3.844 3.896 3.949 3.976 3.997 4.017 4.038
1.375 1.446 1.358 1.319 1.391 1.582 1.444 1.385 1.537 1.508 1.480 1.512 1.503 1.425 1.506 1.608 1.650 1.522 1.774 1.565 1.817 1.849 1.821 2.358 2.374 2.390 2.402 2.411 2.419 2.428 1.915 2.445 2.453 2.462 2.470 1.953 2.487 2.495 2.503 2.512 2.564 2.616 2.645 2.675 2.704 2.733 2.763 2.792 2.821 2.851 2.880 2.909 2.938 2.968 2.997 3.026 3.083 3.165 3.218 3.271 3.324 3.376 3.429 3.482 3.535 3.588 3.640 3.693 3.746 3.799 3.851 3.904 3.944 3.959 3.981 4.003 4.025
1.525 1.527 1.438 1.310 1.471 1.493 1.514 1.396 1.417 1.439 1.540 1.432 1.534 1.505 1.437 1.659 1.560 1.592 1.564 1.566 1.908 1.810 1.821 1.903 1.905 1.907 2.301 2.310 2.318 2.327 2.335 2.344 2.352 1.951 2.369 2.378 2.386 2.394 2.402 2.415 2.491 2.566 2.605 2.634 2.664 2.693 2.722 2.751 2.781 2.810 2.839 2.869 2.898 2.927 2.956 2.988 3.072 3.156 3.225 3.278 3.331 3.384 3.436 3.489 3.542 3.595 3.647 3.700 3.753 3.806 3.858 3.911 3.927 3.940 3.960 3.982 4.003
1.496 1.557 1.399 1.330 1.282 1.333 1.435 1.396 1.428 1.429 1.401 1.592 1.474 1.446 1.537 1.609 1.531 1.633 1.654 1.676 1.868 1.840 1.872 1.903 1.905 1.937 2.200 2.208 2.217 2.225 1.946 2.243 2.251 2.260 2.268 2.276 2.285 2.293 2.301 2.342 2.418 2.493 2.564 2.594 2.623 2.652 2.682 2.711 2.740 2.769 2.799 2.828 2.857 2.887 2.916 2.976 3.060 3.144 3.228 3.285 3.338 3.391 3.443 3.496 3.549 3.602 3.654 3.707 3.760 3.813 3.865 3.898 3.911 3.924 3.938 3.960 3.982
1.366 1.398 1.579 1.421 1.432 1.344 1.255 1.447 1.378 1.340 1.561 1.543 1.544 1.436 1.498 1.569 1.511 1.553 1.655 1.677 1.678 1.640 1.892 1.884 1.935 2.090 2.099 2.107 2.115 1.834 2.133 2.141 2.150 2.159 2.167 2.175 2.184 2.192 2.201 2.269 2.345 2.421 2.496 2.553 2.582 2.612 2.641 2.670 2.700 2.729 2.758 2.788 2.817 2.846 2.880 2.964 3.048 3.132 3.216 3.292 3.345 3.398 3.450 3.503 3.556 3.609 3.661 3.714 3.767 3.820 3.870 3.882 3.895 3.908 3.921 3.939 3.961
1.377 1.378 1.510 1.371 1.283 1.264 1.386 1.397 1.429 1.390 1.492 1.503 1.525 1.407 1.448 1.500 1.492 1.654 1.615 1.617 1.679 1.750 1.762 1.864 2.075 1.927 1.997 1.901 1.892 2.023 2.032 2.040 2.049 2.057 2.066 2.075 2.083 1.948 2.121 2.196 2.272 2.348 2.423 2.499 2.542 2.571 2.601 2.630 2.659 2.688 2.718 2.747 2.776 2.806 2.868 2.952 3.036 3.120 3.204 3.288 3.352 3.405 3.457 3.510 3.563 3.616 3.669 3.721 3.774 3.827 3.853 3.866 3.879 3.892 3.905 3.918 3.939
1.307 1.309 1.400 1.342 1.403 1.225 1.316 1.388 1.339 1.611 1.412 1.444 1.376 1.657 1.659 1.720 1.612 1.574 1.726 1.767 1.859 1.741 1.752 1.904 2.018 1.867 1.919 1.891 1.913 1.904 1.916 1.939 1.948 1.956 1.965 1.974 1.982 1.991 2.048 2.123 2.199 2.275 2.350 2.426 2.501 2.531 2.560 2.590 2.619 2.648 2.677 2.707 2.736 2.773 2.857 2.941 3.025 3.109 3.193 3.276 3.359 3.412 3.465 3.517 3.570 3.623 3.676 3.728 3.781 3.824 3.837 3.850 3.863 3.876 3.888 3.901 3.918
1.348 1.290 1.331 1.322 1.344 1.395 1.287 1.358 1.310 1.361 1.353 1.404 1.436 1.428 1.509 1.591 1.632 1.694 1.566 1.688 1.619 1.841 1.622 1.854 1.836 1.915 1.868 1.931 1.812 1.820 1.906 1.838 1.847 1.855 1.864 1.873 1.881 1.899 1.975 2.051 2.126 2.202 2.278 2.353 2.429 2.490 2.520 2.549 2.578 2.608 2.637 2.666 2.695 2.761 2.845 2.929 3.013 3.097 3.181 3.265 3.349 3.419 3.472 3.524 3.577 3.630 3.683 3.735 3.788 3.808 3.821 3.834 3.847 3.860 3.872 3.885 3.898
1.308 1.470 1.301 1.353 1.284 1.326 1.297 1.399 1.330 1.312 1.293 1.295 1.497 1.498 1.430 1.421 1.463 1.565 1.656 1.588 1.709 1.711 1.713 1.734 1.836 1.859 1.879 1.765 1.893 1.875 1.897 1.868 1.950 1.754 1.763 1.776 1.780 1.826 1.902 1.934 2.053 2.129 2.205 2.280 2.356 2.432 2.479 2.509 2.538 2.567 2.596 2.626 2.665 2.749 2.833 2.917 3.001 3.085 3.169 3.253 3.337 3.421 3.479 3.531 3.584 3.637 3.689 3.742 3.779 3.792 3.805 3.818 3.831 3.843 3.856 3.869 3.882
1.199 1.261 1.132 1.204 1.425 1.367 1.308 1.350 1.221 1.293 1.324 1.355 1.507 1.438 1.430 1.432 1.553 1.545 1.577 1.598 1.560 1.611 1.693 1.655 1.736 1.848 1.830 1.709 1.753 1.935 1.827 1.635 1.921 1.943 1.875 1.671 1.680 1.753 1.829 1.955 1.846 1.678 1.869 2.208 1.912 2.359 2.434 2.468 2.498 2.527 2.556 2.585 2.654 2.738 2.822 2.906 2.990 3.074 3.157 3.241 3.325 3.409 3.486 3.538 3.591 3.644 3.696 3.749 3.763 3.776 3.789 3.802 3.815 3.827 3.840 3.853 3.866
1.389 1.311 1.323 1.324 1.226 1.427 1.259 1.310 1.182 1.303 1.184 1.256 1.617 1.469 1.641 1.502 1.454 1.495 1.647 1.489 1.600 1.652 1.673 1.775 1.767 1.768 1.810 1.932 1.903 1.925 1.797 1.889 1.851 1.723 1.735 1.868 1.604 1.681 1.904 1.866 1.877 1.879 1.890 1.932 2.211 2.286 2.362 2.428 2.457 2.486 2.516 2.558 2.642 2.726 2.810 2.894 2.978 3.062 3.146 3.229 3.313 3.397 3.481 3.545 3.598 3.651 3.703 3.734 3.747 3.760 3.773 3.786 3.798 3.811 3.824 3.837 3.850
1.230 1.301 1.283 1.264 1.346 1.247 1.379 1.350 1.282 1.243 1.205 1.376 1.458 1.339 1.451 1.433 1.484 1.426 1.497 1.669 1.731 1.652 1.624 1.635 1.677 1.709 1.750 1.882 1.873 1.795 1.456 1.859 1.781 1.634 1.706 1.748 1.921 1.608 1.765 1.837 1.928 1.840 1.771 1.933 2.138 2.214 2.289 2.364 2.417 2.446 2.475 2.546 2.630 2.714 2.798 2.882 2.966 3.050 3.134 3.218 3.302 3.385 3.469 3.552 3.605 3.658 3.706 3.718 3.731 3.744 3.757 3.770 3.782 3.795 3.808 3.821 3.834
1.131 1.182 1.163 1.335 1.126 1.208 1.300 1.251 1.342 1.204 1.205 1.277 1.318 1.310 1.282 1.473 1.495 1.386 1.458 1.680 1.531 1.643 1.604 1.666 1.627 1.619 1.681 1.792 1.754 1.835 1.787 1.609 1.352 1.504 1.797 1.699 1.751 1.884 1.876 1.967 1.849 1.911 1.914 1.944 2.066 2.141 2.216 2.292 2.367 2.406 2.451 2.535 2.619 2.703 2.787 2.871 2.955 3.038 3.122 3.206 3.290 3.374 3.457 3.541 3.612 3.665 3.689 3.702 3.715 3.728 3.741 3.753 3.766 3.779 3.792 3.805 3.818
1.211 1.152 1.174 1.215 1.227 1.249 1.250 1.272 1.283 1.345 1.386 1.388 1.349 1.211 1.302 1.394 1.385 1.527 1.389 1.590 1.542 1.613 1.625 1.616 1.628 1.770 1.601 1.933 1.774 1.666 1.387 1.020 0.992 1.045 0.947 1.160 1.472 1.805 1.547 1.449 1.311 1.302 1.924 1.575 1.993 2.068 2.144 2.219 2.294 2.365 2.439 2.523 2.607 2.691 2.775 2.859 2.943 3.027 3.111 3.194 3.278 3.362 3.446 3.529 3.613 3.661 3.673 3.686 3.699 3.712 3.725 3.737 3.750 3.763 3.776 3.788 3.801
1.182 1.283 1.264 1.206 1.227 1.219 1.261 1.372 1.203 1.185 1.217 1.278 1.160 1.221 1.393 1.274 1.366 1.358 1.369 1.471 1.612 1.484 1.596 1.607 1.549 1.660 1.652 1.783 1.705 1.626 1.138 0.691 0.743 0.656 0.739 0.821 0.894 1.076 1.259 1.291 1.362 1.334 1.325 1.446 1.718 1.709 1.900 1.951 1.932 2.387 1.794 1.815 2.611 2.694 2.778 2.861 2.945 3.029 3.112 3.195 3.279 3.362 3.446 3.529 3.613 3.636 3.650 3.663 3.676 3.690 3.703 3.716 3.729 3.743 3.756 3.769 3.783
1.222 1.114 1.195 1.107 1.318 1.290 1.281 1.292 1.254 1.226 1.207 1.159 1.340 1.292 1.334 1.355 1.267 1.358 1.460 1.642 1.453 1.585 1.586 1.508 1.559 1.471 1.693 1.644 1.526 1.517 0.999 0.532 0.525 0.688 0.661 0.673 0.646 0.839 0.921 1.323 1.224 1.195 1.297 1.498 1.549 1.880 2.205 2.294 2.383 2.427 2.458 2.536 2.619 2.703 2.786 2.870 2.954 3.037 3.121 3.204 3.287 3.371 3.454 3.538 3.590 3.604 3.618 3.631 3.645 3.658 3.671 3.685 3.698 3.711 3.725 3.738 3.751
