includes/oleron/floodfiles/results/res-0010.wdfp
ncols         631
nrows         906
xllcorner     364927.146667
yllcorner     6531972.565556
cellsize      20.000000
NODATA_value  -9999.000000
[rows 680 to 713 of 906, columns 462 to 538 of 631]
0.112 0.000 0.000 0.000 0.000 0.114 0.110 0.085 0.044 0.039 0.411 0.063 0.009 0.069 0.000 0.060 0.000 0.068 0.081 0.092 0.078 0.072 0.051 0.036 0.025 0.018 0.012 0.009 0.006 0.005 0.004 0.004 0.003 0.002 0.001 0.001 0.002 0.003 0.005 0.009 0.013 0.015 0.013 0.013 0.014 0.016 0.018 0.017 0.025 0.033 0.039 0.043 0.044 0.040 0.054 0.122 0.209 0.297 0.385 0.579 0.792 1.004 1.217 1.429 1.641 1.853 2.061 2.262 2.462 2.729 3.023 3.302 3.517 3.732 3.947 4.162 4.378
0.004 0.013 0.000 0.000 0.000 0.000 0.040 0.010 0.090 0.397 0.420 0.042 0.076 0.078 0.076 0.071 0.058 0.068 0.083 0.000 0.068 0.068 0.059 0.048 0.038 0.029 0.022 0.016 0.012 0.009 0.008 0.011 0.008 0.005 0.004 0.003 0.005 0.011 0.019 0.025 0.029 0.030 0.028 0.031 0.034 0.037 0.039 0.039 0.037 0.045 0.050 0.053 0.051 0.047 0.072 0.141 0.227 0.315 0.403 0.538 0.750 0.962 1.175 1.387 1.599 1.807 2.008 2.209 2.409 2.674 2.968 3.261 3.537 3.752 3.967 4.182 4.398
0.036 0.119 0.094 0.077 0.003 0.004 0.064 0.009 0.005 0.032 0.000 0.013 0.077 0.000 0.000 0.000 0.050 0.068 0.068 0.056 0.063 0.070 0.064 0.056 0.047 0.039 0.032 0.025 0.021 0.019 0.025 0.000 0.016 0.018 0.019 0.019 0.018 0.028 0.036 0.042 0.046 0.046 0.048 0.052 0.056 0.059 0.061 0.061 0.058 0.058 0.062 0.063 0.056 0.062 0.091 0.160 0.246 0.333 0.422 0.510 0.708 0.921 1.133 1.345 1.553 1.754 1.955 2.156 2.357 2.618 2.912 3.206 3.499 3.772 3.987 4.202 4.417
0.000 0.000 0.008 0.168 0.025 0.033 0.046 0.014 0.044 0.000 0.385 0.004 0.073 0.076 0.098 0.000 0.050 0.000 0.048 0.051 0.057 0.064 0.069 0.063 0.055 0.048 0.042 0.036 0.034 0.038 0.049 0.000 0.046 0.048 0.049 0.049 0.048 0.045 0.054 0.060 0.063 0.063 0.069 0.073 0.077 0.080 0.083 0.083 0.081 0.072 0.074 0.072 0.069 0.079 0.110 0.179 0.264 0.352 0.440 0.528 0.667 0.879 1.091 1.300 1.501 1.701 1.902 2.103 2.303 2.563 2.856 3.150 3.444 3.738 4.007 4.222 4.357
0.000 0.000 0.086 0.096 0.007 0.004 0.025 0.010 0.046 0.051 0.000 0.402 0.000 0.082 0.109 0.000 0.049 0.000 0.033 0.042 0.050 0.057 0.063 0.068 0.063 0.058 0.054 0.053 0.057 0.067 0.074 0.075 0.076 0.078 0.079 0.079 0.078 0.076 0.072 0.078 0.081 0.084 0.091 0.096 0.099 0.102 0.104 0.105 0.103 0.097 0.086 0.081 0.088 0.098 0.128 0.197 0.282 0.370 0.458 0.547 0.635 0.837 1.046 1.247 1.448 1.648 1.849 2.050 2.250 2.507 2.801 3.094 3.388 3.682 3.976 4.187 4.296
0.000 0.108 0.000 0.025 0.037 0.000 0.054 0.057 0.000 0.048 0.000 0.000 0.053 0.080 0.000 0.024 0.048 0.000 0.024 0.034 0.042 0.050 0.057 0.063 0.071 0.071 0.072 0.077 0.086 0.099 0.103 0.105 0.106 0.108 0.109 0.109 0.109 0.106 0.102 0.097 0.099 0.107 0.113 0.118 0.121 0.124 0.126 0.127 0.125 0.120 0.101 0.091 0.096 0.108 0.141 0.212 0.300 0.388 0.477 0.565 0.653 0.792 0.993 1.194 1.395 1.595 1.796 1.997 2.198 2.451 2.745 3.039 3.328 3.601 3.874 4.073 4.203
0.029 0.088 0.022 0.328 0.044 0.350 0.000 0.043 0.038 0.043 0.039 0.045 0.063 0.081 0.000 0.000 0.045 0.000 0.021 0.028 0.036 0.044 0.051 0.059 0.070 0.085 0.096 0.106 0.118 0.131 0.133 0.135 0.136 0.138 0.139 0.139 0.139 0.137 0.133 0.125 0.119 0.120 0.118 0.114 0.110 0.106 0.100 0.094 0.085 0.074 0.060 0.040 0.033 0.030 0.050 0.122 0.210 0.300 0.391 0.481 0.572 0.715 0.917 1.123 1.329 1.535 1.741 1.944 2.145 2.396 2.674 2.947 3.220 3.493 3.765 3.955 4.085
0.140 0.008 0.350 0.055 0.000 0.018 0.045 0.048 0.045 0.045 0.046 0.056 0.000 0.068 0.072 0.000 0.036 0.041 0.000 0.022 0.031 0.039 0.047 0.057 0.071 0.092 0.118 0.138 0.151 0.160 0.163 0.165 0.166 0.168 0.169 0.169 0.159 0.148 0.134 0.119 0.094 0.079 0.074 0.069 0.064 0.059 0.053 0.047 0.041 0.033 0.026 0.018 0.011 0.008 0.007 0.029 0.119 0.210 0.301 0.391 0.515 0.660 0.830 1.036 1.242 1.448 1.654 1.860 2.066 2.298 2.565 2.838 3.111 3.384 3.657 3.837 3.967
0.140 0.028 0.045 0.006 0.003 0.005 0.060 0.060 0.051 0.048 0.049 0.058 0.070 0.075 0.067 0.052 0.044 0.041 0.034 0.031 0.034 0.041 0.047 0.059 0.077 0.102 0.131 0.161 0.185 0.190 0.193 0.189 0.181 0.172 0.163 0.154 0.144 0.133 0.121 0.107 0.085 0.058 0.045 0.038 0.031 0.026 0.021 0.016 0.013 0.010 0.007 0.006 0.004 0.003 0.002 0.002 0.027 0.120 0.211 0.315 0.460 0.604 0.749 0.949 1.154 1.361 1.567 1.773 1.990 2.227 2.463 2.730 3.002 3.275 3.548 3.719 3.848
0.068 0.158 0.016 0.005 0.066 0.074 0.086 0.000 0.040 0.046 0.051 0.064 0.085 0.000 0.048 0.048 0.045 0.042 0.039 0.038 0.043 0.050 0.052 0.065 0.087 0.114 0.144 0.173 0.200 0.189 0.181 0.173 0.165 0.157 0.148 0.139 0.129 0.119 0.107 0.094 0.075 0.055 0.031 0.021 0.016 0.011 0.008 0.006 0.005 0.004 0.003 0.003 0.002 0.002 0.001 0.001 0.001 0.028 0.121 0.259 0.404 0.549 0.694 0.861 1.067 1.273 1.479 1.685 1.918 2.155 2.391 2.628 2.894 3.167 3.440 3.601 3.730
0.018 0.151 0.117 0.083 0.088 0.000 0.000 0.037 0.045 0.048 0.054 0.068 0.000 0.022 0.039 0.044 0.043 0.042 0.042 0.044 0.056 0.000 0.053 0.073 0.096 0.119 0.144 0.170 0.191 0.178 0.165 0.157 0.149 0.141 0.132 0.124 0.114 0.104 0.094 0.080 0.064 0.047 0.030 0.010 0.007 0.005 0.004 0.003 0.002 0.002 0.002 0.001 0.001 0.001 0.000 0.001 0.000 0.000 0.059 0.204 0.349 0.494 0.638 0.783 0.980 1.186 1.392 1.610 1.847 2.083 2.319 2.556 2.792 3.058 3.331 3.483 3.612
0.182 0.159 0.132 0.100 0.101 0.000 0.065 0.059 0.059 0.053 0.055 0.060 0.048 0.039 0.041 0.042 0.042 0.043 0.045 0.049 0.056 0.056 0.059 0.073 0.093 0.116 0.142 0.168 0.183 0.169 0.155 0.142 0.134 0.126 0.117 0.109 0.100 0.090 0.081 0.067 0.052 0.036 0.022 0.009 0.001 0.001 0.001 0.001 0.001 0.000 0.000 0.000 0.000 0.000 0.000 0.000 0.000 0.000 0.001 0.148 0.293 0.438 0.583 0.728 0.893 1.099 1.305 1.538 1.775 2.011 2.248 2.484 2.720 2.957 3.222 3.364 3.509
0.200 0.175 0.147 0.115 0.103 0.095 0.094 0.000 0.000 0.049 0.057 0.059 0.054 0.048 0.045 0.043 0.041 0.045 0.048 0.050 0.052 0.052 0.057 0.069 0.089 0.113 0.139 0.165 0.174 0.160 0.147 0.133 0.119 0.110 0.102 0.094 0.085 0.076 0.067 0.053 0.039 0.025 0.013 0.004 0.002 0.000 0.000 0.000 0.000 0.000 0.000 0.000 0.000 0.000 0.000 0.000 0.000 0.000 0.000 0.093 0.238 0.383 0.528 0.672 0.817 1.012 1.230 1.467 1.703 1.940 2.176 2.412 2.649 2.885 3.145 3.280 3.436
0.217 0.192 0.164 0.131 0.112 0.106 0.103 0.108 0.000 0.062 0.066 0.063 0.058 0.053 0.047 0.043 0.043 0.039 0.041 0.043 0.046 0.048 0.053 0.066 0.086 0.110 0.136 0.162 0.165 0.151 0.138 0.124 0.110 0.096 0.087 0.079 0.071 0.063 0.052 0.039 0.026 0.013 0.006 0.003 0.002 0.000 0.000 0.000 0.000 0.000 0.000 0.000 0.000 0.000 0.000 0.000 0.000 0.000 0.000 0.035 0.182 0.327 0.472 0.617 0.762 0.925 1.158 1.395 1.652 1.915 2.178 2.440 2.703 2.966 3.178 3.263 3.363
0.235 0.209 0.181 0.149 0.123 0.115 0.109 0.106 0.092 0.085 0.080 0.067 0.060 0.053 0.049 0.048 0.050 0.043 0.033 0.035 0.038 0.042 0.048 0.061 0.082 0.107 0.133 0.160 0.156 0.142 0.129 0.115 0.102 0.088 0.074 0.064 0.057 0.049 0.037 0.025 0.013 0.006 0.004 0.003 0.002 0.000 0.000 0.000 0.000 0.000 0.000 0.000 0.000 0.000 0.000 0.000 0.000 0.000 0.000 0.023 0.173 0.315 0.458 0.600 0.742 0.945 1.208 1.470 1.733 1.996 2.258 2.521 2.784 3.046 3.212 3.297 3.382
0.253 0.227 0.200 0.167 0.135 0.120 0.113 0.108 0.101 0.100 0.000 0.053 0.056 0.056 0.054 0.054 0.057 0.050 0.042 0.034 0.031 0.035 0.042 0.056 0.078 0.103 0.130 0.157 0.146 0.133 0.120 0.107 0.093 0.080 0.066 0.053 0.042 0.035 0.023 0.013 0.007 0.005 0.004 0.003 0.002 0.000 0.000 0.000 0.000 0.000 0.000 0.000 0.000 0.000 0.000 0.000 0.000 0.000 0.000 0.021 0.173 0.316 0.458 0.600 0.765 1.027 1.288 1.551 1.814 2.076 2.339 2.601 2.864 3.127 3.246 3.331 3.415
0.270 0.245 0.219 0.185 0.000 0.110 0.113 0.110 0.103 0.095 0.077 0.069 0.065 0.063 0.061 0.061 0.065 0.058 0.051 0.043 0.036 0.029 0.036 0.051 0.074 0.099 0.126 0.150 0.137 0.124 0.111 0.098 0.084 0.071 0.058 0.045 0.032 0.021 0.014 0.010 0.007 0.006 0.004 0.003 0.002 0.000 0.000 0.000 0.000 0.000 0.000 0.000 0.000 0.000 0.000 0.000 0.000 0.000 0.000 0.021 0.173 0.316 0.458 0.601 0.846 1.108 1.370 1.631 1.894 2.157 2.419 2.682 2.945 3.195 3.279 3.364 3.449
0.287 0.263 0.000 0.180 0.136 0.123 0.119 0.113 0.107 0.102 0.092 0.084 0.077 0.073 0.070 0.070 0.075 0.067 0.060 0.053 0.046 0.040 0.036 0.045 0.069 0.095 0.123 0.140 0.127 0.114 0.101 0.089 0.076 0.063 0.049 0.033 0.018 0.013 0.013 0.010 0.008 0.006 0.004 0.003 0.001 0.000 0.000 0.000 0.000 0.000 0.001 0.001 0.001 0.001 0.001 0.001 0.001 0.000 0.001 0.022 0.174 0.316 0.459 0.666 0.928 1.189 1.451 1.712 1.975 2.237 2.500 2.763 3.025 3.228 3.313 3.398 3.483
0.280 0.260 0.227 0.198 0.155 0.132 0.128 0.125 0.119 0.112 0.104 0.096 0.089 0.084 0.080 0.080 0.086 0.078 0.071 0.064 0.059 0.054 0.053 0.055 0.064 0.091 0.118 0.129 0.117 0.104 0.092 0.079 0.064 0.048 0.032 0.017 0.008 0.007 0.009 0.010 0.008 0.006 0.004 0.002 0.001 0.000 0.000 0.000 0.000 0.000 0.002 0.002 0.002 0.002 0.002 0.002 0.002 0.002 0.001 0.024 0.174 0.317 0.486 0.748 1.009 1.271 1.532 1.794 2.055 2.318 2.581 2.843 3.106 3.262 3.347 3.431 3.516
0.271 0.253 0.219 0.196 0.000 0.135 0.148 0.145 0.134 0.124 0.115 0.107 0.100 0.095 0.091 0.092 0.098 0.091 0.084 0.078 0.074 0.071 0.072 0.077 0.083 0.090 0.112 0.117 0.105 0.091 0.076 0.061 0.046 0.030 0.015 0.006 0.004 0.005 0.006 0.007 0.007 0.006 0.004 0.002 0.000 0.000 0.000 0.000 0.000 0.001 0.002 0.005 0.004 0.004 0.003 0.003 0.003 0.003 0.002 0.027 0.174 0.317 0.567 0.829 1.090 1.352 1.613 1.875 2.137 2.399 2.661 2.924 3.187 3.295 3.380 3.465 3.550
0.262 0.000 0.190 0.175 0.149 0.148 0.169 0.169 0.144 0.131 0.123 0.116 0.110 0.106 0.103 0.105 0.112 0.105 0.099 0.095 0.092 0.091 0.093 0.098 0.105 0.112 0.117 0.098 0.084 0.070 0.057 0.042 0.028 0.013 0.005 0.004 0.003 0.005 0.005 0.005 0.005 0.005 0.004 0.002 0.000 0.000 0.000 0.000 0.000 0.003 0.005 0.006 0.008 0.010 0.012 0.014 0.012 0.010 0.008 0.030 0.175 0.387 0.649 0.910 1.172 1.433 1.695 1.956 2.218 2.479 2.742 3.005 3.244 3.329 3.414 3.499 3.584
0.239 0.201 0.188 0.177 0.161 0.159 0.188 0.000 0.119 0.129 0.128 0.124 0.120 0.116 0.115 0.119 0.127 0.121 0.117 0.113 0.111 0.112 0.115 0.120 0.124 0.125 0.126 0.100 0.064 0.047 0.036 0.024 0.011 0.004 0.003 0.003 0.003 0.004 0.004 0.004 0.004 0.004 0.003 0.002 0.000 0.000 0.000 0.002 0.003 0.003 0.003 0.003 0.003 0.003 0.003 0.004 0.009 0.013 0.023 0.070 0.207 0.468 0.730 0.992 1.253 1.515 1.776 2.038 2.299 2.561 2.822 3.085 3.278 3.363 3.447 3.532 3.618
0.220 0.206 0.194 0.182 0.169 0.168 0.000 0.091 0.112 0.123 0.130 0.133 0.130 0.128 0.128 0.134 0.144 0.139 0.135 0.133 0.132 0.134 0.135 0.134 0.133 0.134 0.134 0.106 0.069 0.034 0.013 0.006 0.003 0.003 0.002 0.002 0.002 0.003 0.004 0.004 0.003 0.003 0.003 0.002 0.000 0.000 0.000 0.000 0.001 0.001 0.002 0.002 0.002 0.002 0.002 0.002 0.002 0.002 0.002 0.076 0.261 0.528 0.795 1.062 1.330 1.596 1.858 2.119 2.381 2.642 2.904 3.166 3.311 3.396 3.482 3.567 3.653
0.222 0.212 0.199 0.186 0.171 0.152 0.131 0.114 0.117 0.123 0.128 0.133 0.137 0.141 0.143 0.150 0.162 0.158 0.156 0.154 0.152 0.147 0.144 0.143 0.142 0.142 0.142 0.113 0.075 0.037 0.009 0.001 0.001 0.002 0.002 0.002 0.002 0.003 0.003 0.003 0.003 0.003 0.002 0.001 0.000 0.000 0.000 0.000 0.000 0.000 0.001 0.002 0.002 0.002 0.002 0.002 0.002 0.001 0.001 0.142 0.301 0.568 0.835 1.102 1.369 1.637 1.904 2.171 2.438 2.705 2.973 3.242 3.346 3.431 3.517 3.602 3.687
0.225 0.217 0.203 0.188 0.172 0.149 0.137 0.126 0.124 0.126 0.129 0.133 0.138 0.145 0.155 0.168 0.182 0.179 0.174 0.167 0.161 0.157 0.153 0.151 0.150 0.150 0.150 0.120 0.081 0.043 0.009 0.001 0.000 0.001 0.001 0.001 0.002 0.002 0.002 0.002 0.002 0.002 0.001 0.000 0.000 0.000 0.000 0.000 0.000 0.000 0.000 0.001 0.001 0.002 0.001 0.001 0.001 0.000 0.056 0.209 0.361 0.608 0.875 1.142 1.409 1.676 1.944 2.211 2.478 2.745 3.020 3.345 3.448 3.475 3.551 3.637 3.722
0.230 0.227 0.203 0.188 0.171 0.150 0.139 0.133 0.130 0.129 0.131 0.134 0.139 0.147 0.159 0.176 0.197 0.190 0.183 0.176 0.170 0.165 0.161 0.159 0.157 0.157 0.157 0.125 0.087 0.049 0.011 0.001 0.000 0.000 0.000 0.001 0.001 0.002 0.002 0.002 0.002 0.001 0.000 0.000 0.000 0.000 0.000 0.000 0.000 0.000 0.000 0.000 0.000 0.001 0.000 0.001 0.000 0.001 0.123 0.275 0.428 0.648 0.915 1.182 1.449 1.716 1.984 2.251 2.518 2.797 3.123 3.449 3.587 3.614 3.640 3.672 3.757
0.233 0.000 0.186 0.181 0.169 0.150 0.140 0.136 0.133 0.132 0.134 0.137 0.142 0.150 0.163 0.177 0.197 0.194 0.190 0.184 0.177 0.172 0.168 0.165 0.164 0.163 0.163 0.130 0.092 0.053 0.015 0.002 0.000 0.000 0.000 0.000 0.000 0.001 0.001 0.001 0.000 0.000 0.000 0.000 0.000 0.000 0.000 0.000 0.000 0.000 0.000 0.000 0.000 0.000 0.000 0.000 0.000 0.036 0.189 0.342 0.494 0.687 0.955 1.222 1.489 1.756 2.023 2.290 2.574 2.900 3.226 3.552 3.726 3.753 3.779 3.806 3.833
0.219 0.195 0.189 0.181 0.169 0.152 0.139 0.137 0.135 0.135 0.136 0.139 0.145 0.152 0.161 0.176 0.196 0.195 0.191 0.187 0.184 0.179 0.174 0.171 0.169 0.168 0.168 0.134 0.095 0.057 0.019 0.002 0.000 0.000 0.000 0.000 0.000 0.000 0.000 0.000 0.000 0.000 0.000 0.000 0.000 0.000 0.000 0.000 0.000 0.000 0.000 0.000 0.000 0.000 0.000 0.000 0.000 0.103 0.256 0.408 0.561 0.727 0.994 1.262 1.529 1.796 2.063 2.352 2.677 3.003 3.329 3.655 3.865 3.891 3.918 3.945 3.972
0.214 0.202 0.192 0.182 0.170 0.153 0.138 0.137 0.136 0.137 0.139 0.142 0.145 0.150 0.159 0.173 0.193 0.194 0.190 0.187 0.184 0.181 0.179 0.175 0.172 0.171 0.170 0.135 0.097 0.058 0.020 0.002 0.000 0.000 0.000 0.000 0.000 0.000 0.000 0.000 0.000 0.000 0.000 0.000 0.000 0.000 0.000 0.000 0.000 0.000 0.000 0.000 0.000 0.000 0.000 0.000 0.007 0.170 0.322 0.475 0.627 0.780 1.034 1.301 1.569 1.836 2.129 2.455 2.781 3.106 3.432 3.758 4.003 4.030 4.057 4.084 4.111
0.207 0.202 0.194 0.184 0.171 0.155 0.137 0.136 0.137 0.138 0.139 0.140 0.142 0.147 0.156 0.170 0.190 0.193 0.189 0.185 0.181 0.178 0.176 0.175 0.173 0.171 0.170 0.134 0.095 0.057 0.022 0.002 0.000 0.000 0.000 0.000 0.000 0.000 0.000 0.000 0.000 0.000 0.000 0.000 0.000 0.000 0.000 0.000 0.000 0.000 0.000 0.000 0.000 0.000 0.000 0.000 0.084 0.236 0.389 0.541 0.694 0.846 1.074 1.341 1.608 1.906 2.232 2.558 2.884 3.210 3.535 3.861 4.142 4.169 4.196 4.223 4.249
0.198 0.194 0.189 0.182 0.172 0.156 0.135 0.135 0.136 0.135 0.135 0.136 0.139 0.144 0.152 0.166 0.185 0.190 0.186 0.182 0.178 0.174 0.170 0.168 0.166 0.165 0.165 0.127 0.092 0.058 0.024 0.003 0.002 0.001 0.000 0.000 0.000 0.000 0.000 0.000 0.000 0.000 0.000 0.000 0.000 0.000 0.000 0.000 0.000 0.000 0.000 0.000 0.000 0.000 0.000 0.000 0.097 0.271 0.445 0.608 0.760 0.912 1.114 1.381 1.684 2.009 2.335 2.661 2.987 3.313 3.639 3.964 4.281 4.308 4.335 4.362 4.388
0.188 0.185 0.181 0.174 0.165 0.152 0.134 0.129 0.129 0.129 0.129 0.131 0.134 0.139 0.147 0.161 0.179 0.186 0.182 0.177 0.171 0.166 0.161 0.155 0.150 0.146 0.173 0.120 0.085 0.051 0.020 0.003 0.001 0.000 0.002 0.000 0.000 0.000 0.000 0.000 0.000 0.000 0.000 0.000 0.000 0.000 0.000 0.000 0.000 0.000 0.000 0.000 0.000 0.000 0.000 0.000 0.110 0.284 0.458 0.632 0.806 0.979 1.154 1.461 1.787 2.113 2.438 2.764 3.090 3.416 3.742 4.067 4.393 4.447 4.474 4.500 4.527
0.178 0.176 0.171 0.164 0.155 0.141 0.134 0.128 0.122 0.120 0.122 0.124 0.127 0.133 0.141 0.154 0.172 0.181 0.175 0.169 0.162 0.154 0.145 0.135 0.138 0.157 0.188 0.140 0.082 0.037 0.015 0.003 0.002 0.001 0.001 0.000 0.000 0.000 0.000 0.000 0.000 0.000 0.000 0.000 0.000 0.000 0.000 0.000 0.000 0.000 0.000 0.000 0.000 0.000 0.000 0.000 0.122 0.296 0.470 0.645 0.819 0.993 1.283 1.579 1.890 2.216 2.542 2.867 3.193 3.519 3.845 4.171 4.496 4.586 4.612 4.639 4.666
0.166 0.164 0.160 0.152 0.144 0.140 0.135 0.130 0.125 0.120 0.116 0.115 0.119 0.125 0.134 0.146 0.163 0.173 0.166 0.158 0.149 0.136 0.125 0.133 0.146 0.170 0.202 0.159 0.098 0.039 0.010 0.002 0.002 0.002 0.002 0.000 0.000 0.000 0.000 0.000 0.000 0.000 0.000 0.000 0.000 0.000 0.000 0.000 0.000 0.000 0.000 0.000 0.000 0.000 0.000 0.000 0.135 0.309 0.483 0.657 0.867 1.165 1.463 1.760 2.056 2.353 2.649 2.971 3.296 3.622 3.948 4.274 4.600 4.725 4.751 4.778 4.805
