includes/oleron/floodfiles/results/res-0012.wdfp
ncols         631
nrows         906
xllcorner     364927.146667
yllcorner     6531972.565556
cellsize      20.000000
NODATA_value  -9999.000000
[rows 170 to 203 of 906, columns 385 to 461 of 631]
0.000 0.000 0.000 0.000 0.000 0.000 0.000 0.000 0.041 0.061 0.000 0.000 0.000 0.000 0.000 0.000 0.000 0.202 0.001 0.002 0.000 0.000 0.000 0.000 0.000 0.000 0.000 0.000 0.000 0.000 0.000 0.000 0.000 0.000 0.002 0.002 0.002 0.002 0.002 0.002 0.015 0.010 0.005 0.001 0.000 0.000 0.000 0.000 0.000 0.000 0.000 0.000 0.000 0.000 0.000 0.000 0.000 0.000 0.033 0.093 0.139 0.183 0.226 0.268 0.309 0.351 0.392 0.434 0.475 0.516 0.557 0.575 0.586 0.597 0.607 0.618 0.629
0.000 0.000 0.000 0.000 0.000 0.000 0.000 0.000 0.000 0.000 0.000 0.000 0.000 0.000 0.000 0.000 0.000 0.000 0.000 0.000 0.000 0.000 0.000 0.000 0.000 0.000 0.000 0.000 0.000 0.000 0.000 0.000 0.001 0.000 0.004 0.003 0.002 0.002 0.002 0.001 0.004 0.011 0.007 0.003 0.000 0.000 0.000 0.000 0.000 0.000 0.000 0.000 0.000 0.000 0.000 0.000 0.000 0.000 0.011 0.071 0.111 0.156 0.200 0.243 0.286 0.327 0.369 0.411 0.453 0.494 0.506 0.517 0.529 0.540 0.551 0.562 0.573
0.000 0.000 0.000 0.000 0.000 0.000 0.000 0.000 0.000 0.000 0.000 0.000 0.000 0.000 0.011 0.000 0.000 0.000 0.000 0.000 0.000 0.000 0.000 0.000 0.000 0.000 0.000 0.000 0.000 0.000 0.001 0.001 0.001 0.000 0.007 0.000 0.000 0.000 0.000 0.000 0.000 0.012 0.008 0.004 0.001 0.000 0.000 0.000 0.000 0.000 0.000 0.000 0.000 0.000 0.000 0.000 0.000 0.000 0.003 0.061 0.105 0.144 0.180 0.217 0.260 0.303 0.345 0.388 0.423 0.435 0.447 0.459 0.471 0.482 0.494 0.505 0.516
0.000 0.000 0.000 0.000 0.000 0.000 0.000 0.000 0.000 0.000 0.051 0.000 0.000 0.000 0.000 0.000 0.000 0.011 0.051 0.000 0.000 0.111 0.000 0.000 0.000 0.000 0.000 0.000 0.000 0.000 0.001 0.000 0.000 0.000 0.007 0.000 0.000 0.000 0.000 0.000 0.000 0.017 0.012 0.007 0.003 0.000 0.000 0.000 0.000 0.000 0.000 0.000 0.000 0.000 0.000 0.000 0.000 0.000 0.001 0.048 0.097 0.138 0.175 0.210 0.245 0.279 0.318 0.348 0.361 0.374 0.387 0.399 0.412 0.424 0.436 0.447 0.459
0.000 0.000 0.000 0.000 0.000 0.000 0.000 0.000 0.000 0.000 0.000 0.000 0.000 0.141 0.000 0.000 0.000 0.000 0.000 0.000 0.000 0.000 0.053 0.000 0.000 0.000 0.000 0.000 0.000 0.000 0.000 0.053 0.000 0.000 0.007 0.060 0.000 0.000 0.000 0.001 0.001 0.006 0.013 0.009 0.005 0.002 0.000 0.000 0.000 0.000 0.000 0.000 0.000 0.000 0.000 0.000 0.000 0.000 0.001 0.034 0.090 0.132 0.169 0.205 0.239 0.274 0.307 0.303 0.295 0.309 0.324 0.338 0.351 0.364 0.377 0.389 0.401
0.000 0.000 0.000 0.000 0.000 0.000 0.000 0.000 0.000 0.101 0.000 0.081 0.051 0.000 0.000 0.000 0.000 0.000 0.000 0.000 0.000 0.053 0.371 0.043 0.000 0.000 0.000 0.000 0.000 0.000 0.001 0.000 0.002 0.003 0.004 0.050 0.102 0.000 0.000 0.001 0.002 0.003 0.016 0.012 0.007 0.003 0.002 0.001 0.000 0.000 0.000 0.000 0.000 0.000 0.000 0.000 0.000 0.000 0.000 0.023 0.084 0.126 0.164 0.199 0.233 0.266 0.299 0.299 0.284 0.271 0.258 0.271 0.287 0.301 0.315 0.329 0.342
0.000 0.000 0.000 0.000 0.000 0.000 0.000 0.000 0.000 0.000 0.022 0.000 0.091 0.000 0.000 0.000 0.000 0.000 0.000 0.331 0.001 0.053 0.000 0.001 0.003 0.405 0.000 0.002 0.000 0.000 0.000 0.002 0.002 0.004 0.000 0.000 0.000 0.000 0.002 0.002 0.003 0.003 0.021 0.015 0.010 0.007 0.005 0.004 0.003 0.002 0.001 0.001 0.001 0.000 0.000 0.000 0.000 0.000 0.000 0.015 0.078 0.120 0.157 0.192 0.226 0.259 0.291 0.294 0.279 0.265 0.251 0.239 0.227 0.233 0.250 0.266 0.280
0.000 0.000 0.000 0.000 0.000 0.000 0.000 0.091 0.000 0.000 0.142 0.000 0.000 0.000 0.012 0.002 0.000 0.071 0.000 0.041 0.000 0.000 0.424 0.000 0.406 0.000 0.000 0.002 0.002 0.002 0.001 0.002 0.003 0.000 0.000 0.000 0.000 0.002 0.003 0.003 0.003 0.003 0.011 0.019 0.017 0.015 0.012 0.010 0.008 0.006 0.005 0.003 0.002 0.002 0.001 0.000 0.000 0.000 0.000 0.009 0.072 0.114 0.150 0.185 0.218 0.250 0.282 0.290 0.274 0.259 0.244 0.231 0.218 0.207 0.197 0.195 0.214
0.000 0.000 0.000 0.000 0.000 0.000 0.000 0.000 0.000 0.011 0.000 0.013 0.000 0.041 0.000 0.000 0.022 0.000 0.000 0.000 0.000 0.000 0.041 0.000 0.000 0.000 0.000 0.002 0.002 0.003 0.001 0.003 0.000 0.000 0.002 0.003 0.004 0.003 0.003 0.003 0.003 0.003 0.004 0.020 0.027 0.026 0.023 0.020 0.017 0.015 0.012 0.009 0.007 0.005 0.002 0.002 0.002 0.002 0.002 0.006 0.065 0.106 0.143 0.177 0.210 0.242 0.274 0.285 0.269 0.253 0.238 0.223 0.210 0.197 0.186 0.176 0.167
0.000 0.000 0.000 0.000 0.000 0.000 0.000 0.000 0.000 0.000 0.000 0.013 0.023 0.000 0.000 0.032 0.001 0.000 0.011 0.000 0.000 0.000 0.000 0.000 0.000 0.000 0.002 0.003 0.003 0.003 0.002 0.002 0.002 0.003 0.003 0.002 0.002 0.002 0.002 0.002 0.002 0.002 0.002 0.004 0.009 0.016 0.024 0.030 0.029 0.025 0.022 0.019 0.015 0.012 0.007 0.006 0.006 0.005 0.005 0.007 0.057 0.099 0.135 0.170 0.202 0.234 0.265 0.281 0.264 0.248 0.232 0.217 0.202 0.188 0.176 0.164 0.154
0.000 0.000 0.000 0.000 0.000 0.000 0.000 0.061 0.000 0.000 0.000 0.000 0.000 0.013 0.001 0.000 0.000 0.003 0.001 0.000 0.005 0.005 0.005 0.005 0.004 0.004 0.004 0.003 0.003 0.003 0.003 0.002 0.002 0.002 0.002 0.002 0.002 0.002 0.002 0.002 0.002 0.002 0.002 0.002 0.002 0.003 0.006 0.012 0.019 0.026 0.032 0.030 0.026 0.021 0.015 0.011 0.010 0.010 0.009 0.010 0.051 0.093 0.129 0.163 0.195 0.227 0.258 0.277 0.260 0.243 0.227 0.211 0.195 0.180 0.166 0.153 0.142
0.000 0.000 0.000 0.000 0.000 0.000 0.081 0.000 0.000 0.000 0.000 0.111 0.000 0.000 0.002 0.034 0.000 0.000 0.008 0.393 0.002 0.000 0.000 0.000 0.004 0.004 0.004 0.004 0.004 0.004 0.003 0.002 0.002 0.002 0.002 0.002 0.002 0.002 0.002 0.002 0.002 0.002 0.002 0.002 0.002 0.001 0.001 0.001 0.002 0.007 0.013 0.020 0.025 0.029 0.024 0.017 0.015 0.013 0.012 0.013 0.047 0.087 0.123 0.157 0.189 0.220 0.251 0.274 0.257 0.239 0.222 0.206 0.189 0.173 0.158 0.144 0.131
0.000 0.000 0.000 0.000 0.000 0.000 0.000 0.000 0.051 0.000 0.041 0.000 0.000 0.001 0.000 0.104 0.000 0.000 0.005 0.000 0.052 0.000 0.000 0.000 0.002 0.003 0.003 0.004 0.004 0.004 0.004 0.003 0.002 0.002 0.002 0.002 0.002 0.002 0.002 0.002 0.002 0.001 0.001 0.001 0.001 0.001 0.000 0.001 0.001 0.000 0.001 0.003 0.006 0.010 0.013 0.014 0.016 0.015 0.014 0.015 0.045 0.084 0.119 0.152 0.184 0.215 0.245 0.272 0.255 0.237 0.220 0.202 0.185 0.168 0.152 0.136 0.122
0.000 0.000 0.000 0.000 0.000 0.000 0.000 0.000 0.000 0.000 0.000 0.091 0.000 0.052 0.000 0.094 0.002 0.274 0.047 0.000 0.002 0.000 0.000 0.000 0.001 0.002 0.003 0.003 0.003 0.004 0.004 0.004 0.002 0.002 0.002 0.002 0.002 0.002 0.002 0.002 0.001 0.001 0.001 0.000 0.001 0.000 0.001 0.000 0.000 0.000 0.000 0.001 0.001 0.001 0.003 0.004 0.008 0.012 0.015 0.017 0.044 0.081 0.116 0.148 0.180 0.210 0.241 0.271 0.254 0.236 0.218 0.201 0.183 0.165 0.148 0.131 0.115
0.000 0.000 0.000 0.000 0.000 0.000 0.000 0.000 0.000 0.000 0.000 0.000 0.000 0.000 0.031 0.000 0.000 0.067 0.000 0.000 0.000 0.000 0.000 0.000 0.001 0.002 0.002 0.003 0.003 0.003 0.004 0.004 0.003 0.002 0.002 0.002 0.001 0.002 0.001 0.001 0.000 0.000 0.001 0.000 0.000 0.000 0.001 0.001 0.000 0.000 0.000 0.001 0.000 0.001 0.002 0.002 0.002 0.004 0.007 0.013 0.044 0.080 0.114 0.146 0.177 0.208 0.238 0.268 0.255 0.237 0.219 0.201 0.183 0.165 0.147 0.124 0.095
0.000 0.000 0.000 0.000 0.000 0.000 0.051 0.000 0.000 0.000 0.000 0.071 0.000 0.000 0.061 0.000 0.000 0.000 0.000 0.000 0.001 0.000 0.443 0.000 0.000 0.000 0.002 0.002 0.003 0.004 0.003 0.003 0.003 0.002 0.001 0.001 0.001 0.001 0.001 0.000 0.000 0.000 0.000 0.000 0.000 0.000 0.000 0.001 0.001 0.000 0.000 0.000 0.001 0.002 0.002 0.002 0.002 0.002 0.002 0.004 0.033 0.077 0.114 0.145 0.176 0.206 0.236 0.266 0.258 0.240 0.221 0.203 0.185 0.164 0.135 0.105 0.074
0.000 0.000 0.000 0.000 0.000 0.000 0.000 0.000 0.000 0.003 0.000 0.000 0.000 0.000 0.000 0.002 0.000 0.001 0.457 0.000 0.000 0.000 0.000 0.000 0.000 0.000 0.000 0.001 0.003 0.000 0.002 0.003 0.003 0.002 0.001 0.001 0.001 0.001 0.000 0.000 0.000 0.000 0.000 0.000 0.000 0.000 0.000 0.000 0.000 0.001 0.001 0.001 0.002 0.002 0.002 0.002 0.002 0.002 0.002 0.002 0.016 0.065 0.105 0.142 0.176 0.206 0.236 0.266 0.262 0.243 0.225 0.207 0.178 0.149 0.119 0.088 0.055
0.000 0.000 0.000 0.000 0.000 0.000 0.000 0.000 0.000 0.022 0.082 0.142 0.001 0.003 0.000 0.000 0.043 0.000 0.000 0.001 0.001 0.000 0.000 0.000 0.000 0.000 0.000 0.001 0.001 0.001 0.001 0.002 0.002 0.002 0.001 0.000 0.001 0.000 0.000 0.000 0.000 0.000 0.000 0.000 0.000 0.000 0.000 0.000 0.000 0.000 0.001 0.001 0.002 0.002 0.002 0.002 0.002 0.002 0.002 0.002 0.005 0.054 0.094 0.131 0.168 0.205 0.237 0.267 0.267 0.249 0.222 0.193 0.164 0.134 0.104 0.072 0.037
0.000 0.000 0.000 0.000 0.000 0.000 0.000 0.000 0.000 0.000 0.000 0.000 0.000 0.003 0.001 0.000 0.113 0.000 0.475 0.000 0.001 0.000 0.000 0.000 0.000 0.000 0.000 0.000 0.001 0.001 0.001 0.001 0.001 0.001 0.001 0.000 0.000 0.000 0.000 0.000 0.000 0.000 0.000 0.000 0.000 0.000 0.000 0.000 0.001 0.001 0.001 0.002 0.002 0.002 0.002 0.002 0.002 0.002 0.002 0.002 0.002 0.043 0.083 0.120 0.157 0.194 0.230 0.266 0.268 0.239 0.209 0.180 0.150 0.120 0.090 0.057 0.014
0.000 0.000 0.000 0.000 0.000 0.000 0.000 0.000 0.000 0.141 0.000 0.003 0.000 0.000 0.000 0.000 0.001 0.002 0.000 0.000 0.001 0.000 0.000 0.000 0.000 0.000 0.000 0.000 0.000 0.001 0.001 0.001 0.001 0.001 0.001 0.000 0.000 0.001 0.000 0.000 0.000 0.000 0.000 0.000 0.000 0.000 0.000 0.000 0.000 0.001 0.001 0.001 0.002 0.002 0.002 0.001 0.001 0.001 0.001 0.001 0.001 0.030 0.072 0.110 0.147 0.184 0.218 0.247 0.247 0.226 0.197 0.167 0.137 0.107 0.076 0.043 0.002
0.000 0.000 0.000 0.000 0.000 0.000 0.000 0.000 0.000 0.000 0.033 0.033 0.043 0.000 0.000 0.000 0.001 0.000 0.002 0.002 0.002 0.002 0.001 0.001 0.000 0.000 0.000 0.001 0.000 0.001 0.001 0.001 0.001 0.001 0.001 0.000 0.000 0.000 0.001 0.000 0.000 0.000 0.000 0.000 0.000 0.001 0.001 0.000 0.000 0.000 0.001 0.001 0.001 0.001 0.001 0.001 0.001 0.001 0.001 0.001 0.001 0.014 0.062 0.100 0.136 0.165 0.194 0.223 0.222 0.201 0.180 0.155 0.125 0.094 0.063 0.028 0.000
0.000 0.000 0.000 0.000 0.000 0.000 0.000 0.000 0.000 0.000 0.003 0.000 0.073 0.000 0.000 0.000 0.000 0.000 0.004 0.000 0.001 0.002 0.002 0.001 0.001 0.000 0.000 0.000 0.001 0.000 0.001 0.001 0.001 0.001 0.001 0.001 0.001 0.000 0.000 0.000 0.000 0.001 0.000 0.000 0.000 0.000 0.000 0.000 0.000 0.000 0.000 0.001 0.000 0.000 0.001 0.000 0.001 0.001 0.000 0.000 0.001 0.003 0.052 0.083 0.113 0.142 0.171 0.200 0.196 0.176 0.155 0.134 0.112 0.082 0.050 0.008 0.000
0.000 0.000 0.000 0.000 0.000 0.000 0.000 0.000 0.011 0.031 0.000 0.081 0.000 0.000 0.000 0.000 0.021 0.000 0.000 0.001 0.001 0.002 0.002 0.002 0.001 0.000 0.001 0.000 0.000 0.001 0.001 0.001 0.001 0.001 0.001 0.001 0.001 0.001 0.000 0.000 0.000 0.001 0.000 0.000 0.001 0.001 0.000 0.000 0.000 0.000 0.000 0.000 0.001 0.000 0.000 0.000 0.000 0.000 0.000 0.000 0.000 0.001 0.028 0.060 0.090 0.119 0.148 0.177 0.171 0.150 0.129 0.108 0.087 0.065 0.038 0.001 0.000
0.000 0.000 0.000 0.000 0.000 0.000 0.000 0.000 0.000 0.000 0.072 0.000 0.007 0.067 0.077 0.000 0.000 0.001 0.000 0.000 0.000 0.001 0.002 0.002 0.002 0.001 0.001 0.000 0.000 0.001 0.001 0.001 0.001 0.001 0.002 0.001 0.001 0.000 0.000 0.000 0.000 0.000 0.001 0.000 0.000 0.001 0.001 0.001 0.000 0.000 0.000 0.000 0.000 0.000 0.000 0.000 0.000 0.000 0.000 0.000 0.000 0.000 0.001 0.036 0.067 0.096 0.125 0.154 0.146 0.125 0.104 0.083 0.061 0.039 0.009 0.000 0.000
0.000 0.000 0.000 0.000 0.000 0.000 0.000 0.011 0.121 0.000 0.000 0.001 0.077 0.027 0.000 0.000 0.000 0.000 0.032 0.000 0.000 0.000 0.001 0.002 0.002 0.002 0.001 0.001 0.001 0.001 0.001 0.001 0.001 0.002 0.002 0.002 0.001 0.001 0.001 0.000 0.000 0.001 0.000 0.000 0.001 0.000 0.001 0.000 0.001 0.001 0.000 0.000 0.000 0.000 0.000 0.000 0.000 0.000 0.000 0.000 0.000 0.000 0.000 0.005 0.043 0.073 0.102 0.131 0.120 0.100 0.079 0.058 0.035 0.006 0.000 0.000 0.000
0.000 0.000 0.000 0.000 0.000 0.000 0.000 0.001 0.000 0.000 0.021 0.000 0.037 0.007 0.000 0.005 0.002 0.013 0.001 0.000 0.001 0.001 0.001 0.002 0.003 0.002 0.002 0.002 0.001 0.001 0.001 0.001 0.001 0.002 0.002 0.002 0.002 0.001 0.001 0.001 0.000 0.000 0.000 0.000 0.000 0.001 0.001 0.001 0.000 0.000 0.001 0.000 0.000 0.000 0.000 0.000 0.000 0.000 0.000 0.000 0.000 0.000 0.000 0.000 0.014 0.049 0.079 0.108 0.095 0.074 0.053 0.032 0.003 0.000 0.000 0.000 0.000
0.000 0.000 0.000 0.000 0.000 0.000 0.000 0.000 0.000 0.011 0.000 0.007 0.057 0.087 0.137 0.002 0.007 0.000 0.000 0.000 0.000 0.000 0.001 0.001 0.002 0.003 0.002 0.002 0.002 0.001 0.001 0.001 0.002 0.002 0.002 0.002 0.002 0.002 0.001 0.001 0.000 0.000 0.000 0.001 0.000 0.000 0.000 0.000 0.001 0.000 0.000 0.000 0.000 0.000 0.000 0.000 0.000 0.000 0.000 0.000 0.000 0.000 0.000 0.000 0.000 0.025 0.055 0.084 0.070 0.049 0.028 0.002 0.000 0.000 0.000 0.000 0.000
0.000 0.000 0.000 0.000 0.000 0.000 0.000 0.000 0.000 0.000 0.117 0.077 0.057 0.000 0.000 0.000 0.003 0.004 0.024 0.000 0.000 0.000 0.000 0.000 0.001 0.003 0.003 0.003 0.002 0.002 0.002 0.002 0.002 0.002 0.002 0.002 0.002 0.002 0.002 0.001 0.001 0.000 0.001 0.000 0.001 0.000 0.000 0.000 0.000 0.000 0.000 0.000 0.000 0.000 0.000 0.000 0.000 0.000 0.000 0.000 0.000 0.000 0.000 0.000 0.000 0.001 0.032 0.060 0.044 0.022 0.001 0.000 0.000 0.000 0.000 0.000 0.000
0.000 0.000 0.000 0.000 0.000 0.000 0.000 0.000 0.000 0.000 0.027 0.000 0.000 0.000 0.000 0.014 0.413 0.000 0.471 0.000 0.000 0.000 0.000 0.001 0.002 0.003 0.005 0.004 0.003 0.003 0.002 0.002 0.002 0.002 0.002 0.002 0.002 0.002 0.002 0.002 0.001 0.001 0.000 0.000 0.000 0.001 0.000 0.000 0.000 0.000 0.000 0.000 0.000 0.000 0.000 0.000 0.000 0.000 0.000 0.000 0.000 0.000 0.000 0.000 0.000 0.000 0.003 0.036 0.015 0.000 0.000 0.000 0.000 0.000 0.000 0.000 0.000
0.000 0.000 0.000 0.000 0.000 0.000 0.000 0.000 0.000 0.051 0.000 0.000 0.022 0.012 0.000 0.034 0.034 0.444 0.473 0.004 0.015 0.000 0.000 0.004 0.005 0.005 0.006 0.007 0.005 0.004 0.003 0.003 0.002 0.002 0.002 0.002 0.002 0.002 0.002 0.002 0.002 0.001 0.001 0.000 0.000 0.000 0.000 0.000 0.000 0.000 0.000 0.000 0.000 0.000 0.000 0.000 0.000 0.000 0.000 0.000 0.000 0.000 0.000 0.000 0.000 0.000 0.000 0.006 0.000 0.000 0.000 0.000 0.000 0.000 0.000 0.000 0.000
0.000 0.000 0.000 0.000 0.000 0.000 0.000 0.000 0.000 0.000 0.000 0.000 0.012 0.000 0.001 0.000 0.418 0.000 0.475 0.000 0.010 0.012 0.012 0.010 0.008 0.008 0.008 0.011 0.010 0.007 0.005 0.004 0.003 0.003 0.002 0.002 0.002 0.002 0.002 0.002 0.002 0.002 0.001 0.001 0.000 0.000 0.000 0.000 0.000 0.000 0.000 0.000 0.000 0.000 0.000 0.000 0.000 0.000 0.000 0.000 0.000 0.000 0.000 0.000 0.000 0.000 0.000 0.000 0.000 0.000 0.000 0.000 0.000 0.000 0.000 0.000 0.000
0.000 0.000 0.000 0.000 0.000 0.000 0.061 0.000 0.000 0.000 0.022 0.032 0.000 0.005 0.005 0.024 0.420 0.003 0.000 0.484 0.000 0.015 0.000 0.000 0.007 0.010 0.011 0.013 0.017 0.013 0.009 0.007 0.005 0.004 0.003 0.003 0.003 0.002 0.002 0.002 0.002 0.002 0.001 0.001 0.000 0.001 0.000 0.000 0.000 0.000 0.000 0.000 0.000 0.000 0.000 0.000 0.000 0.000 0.000 0.000 0.000 0.000 0.000 0.000 0.000 0.000 0.000 0.000 0.000 0.000 0.000 0.000 0.000 0.000 0.000 0.000 0.000
0.000 0.000 0.000 0.000 0.000 0.000 0.000 0.041 0.000 0.000 0.000 0.000 0.000 0.281 0.365 0.024 0.422 0.001 0.010 0.000 0.019 0.018 0.015 0.013 0.013 0.013 0.013 0.014 0.016 0.019 0.014 0.011 0.008 0.006 0.005 0.004 0.003 0.003 0.003 0.003 0.002 0.002 0.001 0.001 0.001 0.001 0.000 0.000 0.000 0.001 0.000 0.000 0.000 0.000 0.000 0.000 0.000 0.000 0.000 0.000 0.000 0.000 0.000 0.000 0.000 0.000 0.000 0.000 0.000 0.000 0.000 0.000 0.000 0.000 0.000 0.000 0.000
0.000 0.000 0.000 0.022 0.000 0.000 0.121 0.000 0.112 0.001 0.000 0.000 0.000 0.000 0.005 0.000 0.000 0.000 0.012 0.021 0.030 0.000 0.009 0.011 0.010 0.010 0.009 0.009 0.009 0.014 0.018 0.015 0.012 0.009 0.007 0.006 0.004 0.004 0.003 0.003 0.003 0.002 0.002 0.001 0.001 0.001 0.001 0.001 0.001 0.000 0.000 0.001 0.000 0.000 0.001 0.003 0.000 0.000 0.000 0.000 0.000 0.000 0.000 0.000 0.000 0.000 0.000 0.000 0.000 0.000 0.000 0.000 0.001 0.002 0.007 0.016 0.028
