includes/oleron/floodfiles/results/res-0003.wd
ncols         631
nrows         906
xllcorner     364927.146667
yllcorner     6531972.565556
cellsize      20.000000
NODATA_value  -9999.000000
[rows 238 to 271 of 906, columns 539 to 615 of 631]
9.264 9.426 9.588 9.751 9.913 10.075 10.243 10.419 10.595 10.772 10.948 11.104 11.223 11.342 11.461 11.579 11.698 11.817 11.936 12.055 12.169 12.282 12.394 12.507 12.585 12.648 12.712 12.775 12.839 12.902 12.966 13.029 13.075 13.085 13.095 13.061 13.023 12.984 12.946 12.907 12.869 12.830 12.792 12.753 12.715 12.674 12.619 12.517 12.415 12.313 12.210 12.108 12.006 11.903 11.801 11.699 11.596 11.506 11.471 11.437 11.400 11.353 11.305 11.258 11.211 11.163 11.116 11.070 11.107 11.144 11.182 11.219 11.257 11.294 11.331 11.369 11.450
9.254 9.416 9.579 9.741 9.903 10.066 10.228 10.401 10.577 10.753 10.930 11.051 11.170 11.289 11.407 11.526 11.645 11.764 11.882 12.001 12.119 12.232 12.344 12.448 12.511 12.575 12.638 12.702 12.765 12.829 12.892 12.956 13.019 13.062 13.065 13.027 12.988 12.950 12.912 12.873 12.832 12.791 12.750 12.708 12.667 12.626 12.559 12.478 12.376 12.274 12.171 12.069 11.967 11.864 11.762 11.660 11.557 11.485 11.450 11.416 11.381 11.345 11.298 11.250 11.203 11.155 11.108 11.075 11.112 11.149 11.187 11.224 11.262 11.299 11.336 11.374 11.411
9.244 9.407 9.569 9.731 9.894 10.056 10.218 10.382 10.559 10.735 10.879 10.998 11.116 11.235 11.354 11.473 11.592 11.710 11.829 11.948 12.067 12.182 12.295 12.374 12.438 12.501 12.565 12.628 12.692 12.755 12.819 12.882 12.946 13.009 13.031 12.990 12.949 12.907 12.866 12.825 12.784 12.743 12.702 12.661 12.619 12.578 12.500 12.421 12.337 12.235 12.132 12.030 11.928 11.825 11.723 11.621 11.518 11.464 11.430 11.395 11.360 11.326 11.290 11.242 11.195 11.148 11.100 11.080 11.117 11.154 11.192 11.229 11.266 11.304 11.341 11.379 11.416
9.234 9.397 9.559 9.722 9.884 10.046 10.209 10.371 10.540 10.707 10.826 10.944 11.063 11.182 11.301 11.419 11.538 11.657 11.776 11.895 12.013 12.132 12.237 12.301 12.364 12.428 12.491 12.555 12.623 12.692 12.761 12.830 12.898 12.967 12.973 12.942 12.901 12.860 12.818 12.777 12.736 12.695 12.654 12.613 12.572 12.520 12.441 12.361 12.282 12.196 12.094 11.991 11.889 11.787 11.684 11.582 11.480 11.443 11.409 11.374 11.339 11.305 11.270 11.235 11.187 11.140 11.093 11.084 11.122 11.159 11.197 11.234 11.271 11.309 11.346 11.370 11.393
9.225 9.387 9.549 9.712 9.874 10.037 10.199 10.361 10.524 10.653 10.772 10.891 11.010 11.128 11.247 11.365 11.484 11.602 11.721 11.839 11.957 12.076 12.174 12.243 12.311 12.380 12.449 12.518 12.587 12.656 12.724 12.793 12.862 12.925 12.906 12.888 12.853 12.812 12.771 12.729 12.688 12.647 12.606 12.565 12.524 12.461 12.381 12.302 12.222 12.143 12.055 11.952 11.850 11.748 11.645 11.543 11.457 11.422 11.388 11.353 11.318 11.284 11.249 11.214 11.179 11.132 11.085 11.089 11.127 11.164 11.202 11.239 11.268 11.291 11.313 11.336 11.358
9.197 9.355 9.513 9.671 9.829 9.987 10.145 10.303 10.455 10.586 10.704 10.823 10.941 11.060 11.178 11.297 11.415 11.534 11.652 11.771 11.889 12.007 12.120 12.206 12.275 12.344 12.413 12.481 12.550 12.619 12.688 12.757 12.826 12.858 12.839 12.821 12.802 12.764 12.723 12.681 12.640 12.599 12.558 12.517 12.476 12.401 12.322 12.242 12.163 12.084 12.004 11.913 11.811 11.709 11.606 11.504 11.436 11.401 11.367 11.332 11.297 11.263 11.228 11.193 11.159 11.124 11.077 11.094 11.132 11.166 11.189 11.211 11.234 11.256 11.279 11.301 11.324
9.129 9.287 9.445 9.603 9.761 9.919 10.077 10.235 10.376 10.510 10.636 10.754 10.873 10.991 11.110 11.228 11.347 11.465 11.584 11.702 11.821 11.936 12.050 12.163 12.238 12.307 12.376 12.445 12.514 12.583 12.651 12.720 12.789 12.791 12.772 12.753 12.735 12.716 12.675 12.633 12.592 12.551 12.510 12.469 12.421 12.342 12.262 12.183 12.104 12.024 11.945 11.866 11.772 11.670 11.568 11.465 11.415 11.380 11.346 11.311 11.277 11.242 11.207 11.173 11.138 11.103 11.069 11.087 11.109 11.132 11.154 11.177 11.199 11.222 11.244 11.266 11.289
9.061 9.219 9.377 9.535 9.693 9.851 10.009 10.163 10.297 10.431 10.564 10.686 10.804 10.923 11.041 11.160 11.278 11.397 11.515 11.634 11.752 11.866 11.979 12.093 12.202 12.271 12.340 12.408 12.477 12.546 12.615 12.684 12.742 12.723 12.705 12.686 12.668 12.649 12.627 12.586 12.544 12.503 12.462 12.421 12.362 12.283 12.203 12.124 12.044 11.965 11.886 11.806 11.727 11.631 11.529 11.429 11.394 11.360 11.325 11.290 11.256 11.221 11.186 11.154 11.127 11.099 11.073 11.058 11.075 11.097 11.119 11.142 11.164 11.187 11.209 11.232 11.254
8.993 9.151 9.309 9.467 9.625 9.783 9.941 10.084 10.218 10.352 10.485 10.617 10.736 10.854 10.973 11.091 11.210 11.328 11.447 11.565 11.681 11.795 11.908 12.022 12.135 12.234 12.303 12.372 12.441 12.510 12.578 12.647 12.675 12.656 12.638 12.619 12.601 12.582 12.563 12.538 12.497 12.455 12.414 12.373 12.303 12.223 12.144 12.064 11.985 11.906 11.826 11.747 11.667 11.588 11.490 11.408 11.373 11.339 11.304 11.269 11.242 11.214 11.187 11.159 11.132 11.104 11.081 11.066 11.050 11.062 11.085 11.107 11.130 11.152 11.175 11.197 11.220
8.925 9.083 9.241 9.399 9.557 9.715 9.872 10.005 10.139 10.273 10.406 10.540 10.667 10.786 10.904 11.023 11.141 11.260 11.378 11.497 11.611 11.724 11.838 11.951 12.065 12.178 12.267 12.336 12.404 12.473 12.542 12.611 12.608 12.589 12.571 12.552 12.533 12.515 12.496 12.478 12.449 12.408 12.366 12.323 12.243 12.164 12.084 12.005 11.926 11.846 11.767 11.687 11.608 11.529 11.449 11.387 11.356 11.329 11.301 11.274 11.246 11.219 11.192 11.164 11.137 11.109 11.088 11.073 11.058 11.042 11.050 11.073 11.095 11.118 11.140 11.162 11.185
8.857 9.015 9.173 9.331 9.489 9.647 9.793 9.926 10.060 10.194 10.327 10.461 10.595 10.717 10.836 10.954 11.073 11.191 11.310 11.427 11.540 11.654 11.767 11.880 11.994 12.107 12.221 12.299 12.368 12.437 12.506 12.559 12.540 12.522 12.503 12.485 12.466 12.448 12.429 12.411 12.392 12.360 12.319 12.263 12.184 12.105 12.025 11.946 11.866 11.787 11.708 11.628 11.562 11.499 11.435 11.389 11.361 11.334 11.306 11.279 11.251 11.224 11.196 11.169 11.142 11.114 11.095 11.080 11.065 11.050 11.035 11.038 11.060 11.083 11.105 11.128 11.150
8.789 8.947 9.105 9.263 9.421 9.579 9.714 9.847 9.981 10.115 10.248 10.382 10.516 10.649 10.767 10.886 11.004 11.123 11.241 11.356 11.469 11.583 11.696 11.810 11.923 12.037 12.150 12.263 12.331 12.400 12.469 12.492 12.473 12.455 12.436 12.418 12.399 12.381 12.362 12.343 12.325 12.306 12.271 12.204 12.124 12.045 11.966 11.895 11.831 11.768 11.704 11.640 11.577 11.513 11.452 11.409 11.366 11.338 11.311 11.284 11.256 11.229 11.201 11.174 11.146 11.119 11.103 11.087 11.072 11.057 11.042 11.027 11.026 11.048 11.071 11.093 11.116
8.721 8.879 9.037 9.195 9.353 9.501 9.635 9.768 9.902 10.036 10.169 10.303 10.437 10.570 10.699 10.818 10.936 11.054 11.172 11.285 11.399 11.512 11.626 11.739 11.853 11.966 12.079 12.193 12.295 12.364 12.433 12.424 12.406 12.387 12.369 12.350 12.332 12.313 12.295 12.276 12.258 12.239 12.221 12.164 12.100 12.036 11.973 11.909 11.846 11.782 11.718 11.655 11.591 11.528 11.472 11.429 11.386 11.344 11.316 11.288 11.261 11.234 11.206 11.179 11.151 11.125 11.110 11.095 11.080 11.065 11.049 11.034 11.019 11.014 11.036 11.059 11.081
8.653 8.811 8.969 9.127 9.285 9.422 9.556 9.689 9.823 9.957 10.090 10.224 10.358 10.491 10.625 10.749 10.868 10.986 11.101 11.215 11.328 11.441 11.555 11.668 11.782 11.895 12.009 12.122 12.236 12.327 12.376 12.357 12.339 12.320 12.302 12.283 12.265 12.249 12.232 12.216 12.199 12.183 12.173 12.178 12.114 12.051 11.987 11.924 11.860 11.797 11.733 11.669 11.606 11.542 11.492 11.449 11.406 11.364 11.321 11.293 11.266 11.238 11.211 11.184 11.156 11.132 11.117 11.102 11.087 11.072 11.057 11.042 11.026 11.011 11.001 11.024 11.047
8.593 8.743 8.901 9.059 9.209 9.343 9.477 9.610 9.744 9.878 10.011 10.145 10.279 10.413 10.546 10.680 10.799 10.917 11.030 11.144 11.257 11.371 11.484 11.598 11.711 11.825 11.938 12.052 12.165 12.278 12.309 12.292 12.276 12.259 12.243 12.226 12.210 12.193 12.177 12.161 12.144 12.128 12.125 12.130 12.129 12.065 12.002 11.938 11.875 11.811 11.747 11.684 11.620 11.557 11.511 11.469 11.426 11.384 11.341 11.298 11.271 11.243 11.216 11.188 11.161 11.140 11.125 11.109 11.094 11.079 11.064 11.049 11.034 11.019 11.004 10.989 11.013
8.536 8.678 8.834 8.992 9.130 9.264 9.398 9.532 9.665 9.799 9.933 10.066 10.200 10.334 10.467 10.601 10.731 10.846 10.960 11.073 11.187 11.300 11.414 11.529 11.643 11.758 11.873 11.987 12.102 12.216 12.249 12.237 12.221 12.204 12.188 12.171 12.155 12.138 12.122 12.106 12.089 12.073 12.077 12.082 12.088 12.080 12.016 11.953 11.889 11.826 11.762 11.698 11.635 11.574 11.531 11.489 11.446 11.404 11.361 11.318 11.276 11.248 11.221 11.193 11.166 11.147 11.132 11.117 11.102 11.086 11.071 11.056 11.041 11.026 11.011 10.989 10.970
8.480 8.622 8.766 8.918 9.051 9.185 9.319 9.452 9.586 9.720 9.854 9.987 10.121 10.255 10.389 10.522 10.656 10.780 10.895 11.010 11.124 11.239 11.354 11.468 11.583 11.698 11.812 11.927 12.041 12.127 12.156 12.182 12.166 12.149 12.133 12.116 12.100 12.083 12.067 12.051 12.034 12.023 12.029 12.034 12.040 12.045 12.031 11.967 11.904 11.840 11.776 11.713 11.649 11.594 11.551 11.509 11.466 11.424 11.381 11.338 11.296 11.253 11.226 11.198 11.171 11.154 11.139 11.124 11.109 11.094 11.079 11.064 11.040 11.005 10.970 10.935 10.924
8.423 8.564 8.706 8.839 8.973 9.107 9.241 9.375 9.508 9.642 9.776 9.910 10.044 10.177 10.311 10.445 10.580 10.715 10.835 10.949 11.064 11.179 11.293 11.408 11.522 11.637 11.752 11.866 11.981 12.034 12.063 12.093 12.111 12.094 12.078 12.061 12.045 12.028 12.012 11.996 11.979 11.975 11.981 11.986 11.992 11.997 12.003 11.982 11.918 11.854 11.791 11.727 11.664 11.614 11.571 11.529 11.486 11.444 11.401 11.358 11.316 11.273 11.230 11.203 11.177 11.162 11.147 11.131 11.116 11.091 11.056 11.021 10.986 10.951 10.916 10.881 10.878
8.361 8.503 8.642 8.765 8.896 9.029 9.163 9.297 9.431 9.565 9.699 9.832 9.966 10.100 10.234 10.368 10.503 10.639 10.774 10.889 11.003 11.118 11.233 11.347 11.462 11.577 11.691 11.806 11.912 11.941 11.970 12.000 12.029 12.039 12.023 12.006 11.990 11.973 11.957 11.941 11.924 11.927 11.933 11.938 11.944 11.949 11.955 11.960 11.933 11.869 11.805 11.742 11.678 11.634 11.591 11.549 11.506 11.464 11.421 11.378 11.336 11.293 11.251 11.208 11.184 11.169 11.142 11.107 11.072 11.037 11.002 10.967 10.932 10.897 10.862 10.827 10.832
8.299 8.441 8.572 8.695 8.819 8.952 9.086 9.220 9.353 9.487 9.621 9.755 9.889 10.023 10.156 10.291 10.426 10.562 10.698 10.828 10.943 11.058 11.172 11.287 11.401 11.516 11.631 11.745 11.819 11.848 11.878 11.907 11.936 11.965 11.968 11.951 11.935 11.919 11.902 11.886 11.874 11.879 11.885 11.890 11.896 11.901 11.907 11.912 11.917 11.883 11.820 11.756 11.697 11.654 11.611 11.569 11.526 11.484 11.441 11.398 11.356 11.313 11.271 11.233 11.160 11.123 11.088 11.053 11.018 10.983 10.948 10.913 10.878 10.843 10.808 10.778 10.787
8.237 8.378 8.502 8.625 8.749 8.875 9.008 9.142 9.276 9.410 9.544 9.678 9.811 9.945 10.079 10.214 10.350 10.485 10.621 10.757 10.882 10.997 11.112 11.226 11.341 11.456 11.570 11.685 11.726 11.756 11.785 11.814 11.843 11.872 11.902 11.896 11.880 11.864 11.847 11.831 11.826 11.831 11.837 11.842 11.848 11.853 11.859 11.864 11.870 11.875 11.834 11.771 11.717 11.674 11.631 11.589 11.546 11.504 11.461 11.422 11.384 11.346 11.308 11.270 11.183 11.076 11.034 10.999 10.964 10.929 10.894 10.859 10.824 10.789 10.754 10.732 10.741
8.175 8.308 8.432 8.555 8.679 8.803 8.931 9.065 9.199 9.332 9.466 9.600 9.734 9.868 10.002 10.137 10.273 10.409 10.544 10.680 10.816 10.937 11.051 11.166 11.281 11.395 11.510 11.604 11.633 11.663 11.692 11.721 11.750 11.780 11.809 11.838 11.825 11.809 11.792 11.776 11.778 11.783 11.789 11.794 11.800 11.805 11.811 11.816 11.822 11.827 11.832 11.785 11.736 11.694 11.651 11.611 11.573 11.535 11.498 11.460 11.422 11.384 11.346 11.308 11.207 11.099 10.992 10.945 10.910 10.875 10.840 10.805 10.770 10.735 10.700 10.687 10.695
8.113 8.238 8.362 8.485 8.609 8.733 8.856 8.987 9.121 9.255 9.389 9.523 9.656 9.790 9.925 10.061 10.197 10.332 10.468 10.604 10.739 10.875 10.991 11.105 11.220 11.335 11.449 11.511 11.541 11.570 11.599 11.628 11.658 11.687 11.716 11.745 11.770 11.754 11.737 11.724 11.730 11.735 11.741 11.746 11.752 11.757 11.763 11.768 11.774 11.779 11.785 11.793 11.763 11.725 11.687 11.649 11.611 11.573 11.535 11.497 11.460 11.422 11.384 11.337 11.230 11.123 11.016 10.909 10.856 10.821 10.786 10.751 10.716 10.681 10.646 10.641 10.650
8.044 8.168 8.291 8.415 8.539 8.663 8.786 8.910 9.044 9.178 9.311 9.445 9.579 9.713 9.849 9.984 10.120 10.256 10.391 10.527 10.663 10.798 10.930 11.045 11.160 11.274 11.389 11.419 11.448 11.477 11.506 11.535 11.565 11.594 11.623 11.652 11.682 11.699 11.682 11.676 11.682 11.687 11.693 11.698 11.704 11.709 11.717 11.730 11.743 11.756 11.770 11.782 11.794 11.762 11.725 11.687 11.649 11.611 11.573 11.535 11.497 11.460 11.422 11.361 11.254 11.146 11.039 10.932 10.825 10.767 10.732 10.697 10.662 10.627 10.592 10.595 10.604
7.974 8.098 8.222 8.345 8.469 8.592 8.716 8.840 8.966 9.100 9.234 9.368 9.502 9.636 9.772 9.908 10.043 10.179 10.315 10.450 10.586 10.722 10.857 10.984 11.099 11.214 11.296 11.326 11.355 11.384 11.413 11.443 11.472 11.501 11.530 11.559 11.589 11.618 11.627 11.628 11.634 11.641 11.654 11.667 11.680 11.693 11.707 11.720 11.733 11.746 11.759 11.772 11.783 11.795 11.762 11.725 11.687 11.649 11.611 11.573 11.535 11.497 11.460 11.384 11.277 11.170 11.063 10.955 10.848 10.741 10.678 10.643 10.608 10.573 10.541 10.549 10.558
7.904 8.028 8.151 8.275 8.399 8.522 8.646 8.770 8.894 9.023 9.157 9.290 9.424 9.560 9.695 9.831 9.967 10.102 10.238 10.374 10.509 10.645 10.781 10.916 11.039 11.153 11.204 11.233 11.262 11.291 11.321 11.350 11.379 11.408 11.437 11.467 11.505 11.546 11.585 11.604 11.617 11.630 11.644 11.657 11.670 11.683 11.696 11.710 11.723 11.736 11.749 11.761 11.773 11.784 11.796 11.762 11.724 11.687 11.649 11.611 11.573 11.535 11.497 11.408 11.300 11.193 11.086 10.979 10.872 10.765 10.657 10.589 10.554 10.519 10.495 10.504 10.512
7.834 7.958 8.081 8.205 8.329 8.453 8.576 8.700 8.823 8.947 9.079 9.213 9.347 9.483 9.619 9.754 9.890 10.026 10.161 10.297 10.433 10.568 10.704 10.840 10.975 11.082 11.111 11.140 11.169 11.201 11.242 11.283 11.324 11.364 11.405 11.446 11.487 11.528 11.562 11.590 11.607 11.620 11.633 11.647 11.660 11.673 11.686 11.699 11.713 11.726 11.739 11.750 11.762 11.774 11.785 11.797 11.762 11.724 11.686 11.649 11.611 11.573 11.535 11.431 11.324 11.217 11.110 11.002 10.895 10.788 10.681 10.574 10.500 10.465 10.449 10.458 10.467
7.764 7.888 8.011 8.135 8.259 8.382 8.506 8.630 8.754 8.877 9.002 9.136 9.271 9.406 9.542 9.678 9.814 9.949 10.085 10.220 10.356 10.492 10.628 10.765 10.901 11.019 11.060 11.101 11.142 11.183 11.224 11.265 11.305 11.346 11.387 11.428 11.469 11.509 11.540 11.567 11.594 11.610 11.623 11.636 11.649 11.663 11.676 11.689 11.702 11.715 11.728 11.740 11.751 11.763 11.774 11.786 11.797 11.762 11.724 11.686 11.649 11.611 11.562 11.454 11.347 11.240 11.133 11.026 10.919 10.812 10.704 10.597 10.490 10.411 10.404 10.412 10.393
7.694 7.818 7.941 8.065 8.189 8.312 8.436 8.560 8.684 8.807 8.931 9.058 9.194 9.330 9.467 9.603 9.740 9.877 10.013 10.150 10.287 10.424 10.560 10.697 10.834 10.949 11.042 11.083 11.124 11.165 11.205 11.246 11.287 11.328 11.369 11.410 11.450 11.489 11.517 11.544 11.571 11.599 11.613 11.626 11.639 11.652 11.666 11.679 11.692 11.705 11.717 11.729 11.741 11.752 11.764 11.775 11.787 11.798 11.762 11.724 11.686 11.649 11.585 11.478 11.371 11.264 11.156 11.049 10.942 10.835 10.728 10.621 10.514 10.403 10.302 10.282 10.262
7.624 7.748 7.871 7.996 8.122 8.248 8.373 8.499 8.624 8.750 8.875 8.997 9.125 9.262 9.399 9.536 9.672 9.809 9.946 10.082 10.219 10.356 10.492 10.629 10.759 10.872 10.984 11.065 11.106 11.146 11.187 11.228 11.269 11.310 11.351 11.391 11.432 11.467 11.494 11.521 11.549 11.576 11.603 11.616 11.629 11.642 11.655 11.669 11.682 11.695 11.707 11.718 11.730 11.741 11.753 11.765 11.776 11.788 11.799 11.762 11.724 11.686 11.608 11.501 11.394 11.287 11.180 11.073 10.966 10.858 10.749 10.638 10.528 10.417 10.291 10.161 10.132
7.571 7.696 7.822 7.947 8.073 8.199 8.324 8.450 8.575 8.701 8.826 8.944 9.061 9.194 9.331 9.468 9.604 9.741 9.878 10.014 10.151 10.288 10.425 10.561 10.682 10.794 10.907 11.020 11.087 11.128 11.169 11.210 11.251 11.292 11.332 11.373 11.414 11.444 11.471 11.499 11.526 11.553 11.581 11.606 11.619 11.632 11.645 11.658 11.672 11.684 11.696 11.708 11.719 11.731 11.742 11.754 11.765 11.777 11.789 11.800 11.762 11.724 11.632 11.525 11.418 11.310 11.203 11.094 10.983 10.873 10.763 10.652 10.542 10.432 10.304 10.174 10.043
7.522 7.647 7.773 7.898 8.024 8.150 8.275 8.401 8.526 8.652 8.774 8.891 9.008 9.126 9.263 9.400 9.537 9.673 9.810 9.947 10.083 10.220 10.357 10.492 10.605 10.717 10.830 10.943 11.056 11.110 11.151 11.192 11.232 11.273 11.314 11.355 11.394 11.421 11.448 11.476 11.503 11.530 11.558 11.585 11.608 11.622 11.635 11.648 11.661 11.674 11.685 11.697 11.708 11.720 11.732 11.743 11.755 11.766 11.778 11.789 11.800 11.762 11.655 11.548 11.439 11.329 11.218 11.108 10.997 10.887 10.777 10.666 10.556 10.446 10.317 10.186 10.056
7.473 7.598 7.724 7.849 7.975 8.101 8.226 8.352 8.477 8.603 8.721 8.839 8.956 9.073 9.195 9.332 9.469 9.606 9.742 9.879 10.016 10.152 10.289 10.415 10.528 10.640 10.753 10.866 10.979 11.091 11.133 11.173 11.214 11.255 11.296 11.337 11.371 11.398 11.426 11.453 11.480 11.508 11.535 11.562 11.590 11.611 11.625 11.638 11.651 11.663 11.675 11.686 11.698 11.709 11.721 11.732 11.744 11.756 11.767 11.779 11.790 11.784 11.674 11.563 11.453 11.342 11.232 11.122 11.011 10.901 10.791 10.680 10.570 10.460 10.329 10.199 10.069
7.424 7.549 7.675 7.800 7.926 8.051 8.177 8.303 8.428 8.552 8.669 8.786 8.903 9.020 9.137 9.264 9.401 9.538 9.674 9.811 9.948 10.085 10.221 10.338 10.451 10.563 10.676 10.789 10.902 11.014 11.114 11.155 11.196 11.237 11.278 11.319 11.348 11.375 11.403 11.430 11.458 11.485 11.512 11.540 11.567 11.594 11.614 11.628 11.641 11.652 11.664 11.675 11.687 11.699 11.710 11.722 11.733 11.741 11.748 11.755 11.763 11.740 11.683 11.577 11.467 11.357 11.246 11.136 11.025 10.915 10.805 10.694 10.584 10.472 10.342 10.212 10.082
