includes/oleron/floodfiles/results/res-0006.wd
ncols         631
nrows         906
xllcorner     364927.146667
yllcorner     6531972.565556
cellsize      20.000000
NODATA_value  -9999.000000
[rows 850 to 883 of 906, columns 462 to 538 of 631]
7.148 7.183 7.272 7.386 7.499 7.613 7.726 7.839 7.953 8.062 8.152 8.234 8.310 8.387 8.463 8.535 8.607 8.679 8.752 8.824 8.939 9.061 9.117 9.094 9.071 9.048 9.025 9.002 8.986 8.988 8.991 8.994 8.996 8.999 8.994 8.959 8.924 8.908 8.897 8.886 8.876 8.865 8.854 8.847 8.840 8.837 8.831 8.781 8.732 8.683 8.633 8.584 8.535 8.485 8.492 8.507 8.523 8.538 8.543 8.541 8.538 8.536 8.462 8.294 8.126 7.958 7.790 7.623 7.455 7.341 7.261 7.163 7.063 6.963 6.863 6.763 6.663
7.288 7.323 7.397 7.511 7.624 7.738 7.851 7.964 8.073 8.163 8.253 8.337 8.413 8.489 8.566 8.642 8.719 8.794 8.866 8.939 9.046 9.090 9.067 9.044 9.021 8.998 8.975 8.952 8.931 8.934 8.936 8.939 8.942 8.935 8.900 8.865 8.830 8.809 8.798 8.788 8.777 8.766 8.756 8.745 8.734 8.709 8.661 8.611 8.562 8.513 8.463 8.414 8.364 8.315 8.308 8.324 8.339 8.344 8.342 8.340 8.338 8.335 8.303 8.136 7.968 7.800 7.632 7.464 7.337 7.257 7.178 7.088 6.988 6.888 6.788 6.688 6.588
7.429 7.463 7.522 7.636 7.749 7.862 7.976 8.083 8.173 8.263 8.353 8.439 8.516 8.592 8.669 8.745 8.821 8.898 8.974 9.051 9.063 9.040 9.017 8.994 8.971 8.948 8.925 8.902 8.879 8.879 8.882 8.884 8.876 8.841 8.806 8.771 8.735 8.710 8.700 8.689 8.678 8.668 8.657 8.646 8.612 8.519 8.473 8.431 8.388 8.342 8.293 8.244 8.194 8.145 8.124 8.140 8.146 8.144 8.141 8.139 8.137 8.135 8.132 7.977 7.810 7.642 7.474 7.334 7.254 7.174 7.095 7.013 6.913 6.813 6.713 6.613 6.513
7.569 7.604 7.647 7.761 7.874 7.987 8.094 8.184 8.274 8.363 8.453 8.542 8.618 8.695 8.771 8.848 8.924 9.000 9.077 9.063 9.018 8.993 8.968 8.944 8.921 8.898 8.874 8.852 8.828 8.825 8.827 8.817 8.781 8.746 8.711 8.676 8.641 8.612 8.601 8.590 8.580 8.569 8.558 8.522 8.429 8.336 8.280 8.238 8.195 8.153 8.110 8.068 8.024 7.975 7.941 7.947 7.945 7.943 7.941 7.938 7.936 7.934 7.932 7.819 7.651 7.484 7.331 7.251 7.171 7.091 7.011 6.932 6.838 6.738 6.638 6.538 6.438
7.709 7.744 7.779 7.886 7.999 8.105 8.194 8.284 8.374 8.464 8.554 8.644 8.721 8.798 8.874 8.950 9.027 9.103 9.082 9.025 8.974 8.949 8.924 8.899 8.874 8.849 8.824 8.801 8.778 8.770 8.758 8.722 8.687 8.652 8.617 8.582 8.547 8.513 8.502 8.492 8.481 8.470 8.432 8.339 8.246 8.153 8.087 8.045 8.002 7.959 7.917 7.874 7.832 7.789 7.780 7.754 7.744 7.742 7.740 7.738 7.735 7.733 7.731 7.661 7.493 7.327 7.247 7.168 7.088 7.008 6.928 6.849 6.763 6.663 6.563 6.463 6.365
7.849 7.884 7.919 8.011 8.115 8.205 8.295 8.385 8.474 8.564 8.654 8.744 8.824 8.900 8.977 9.053 9.129 9.100 9.043 8.986 8.930 8.904 8.879 8.854 8.829 8.804 8.779 8.754 8.729 8.699 8.663 8.628 8.593 8.558 8.523 8.488 8.453 8.418 8.404 8.393 8.382 8.341 8.249 8.156 8.063 7.970 7.894 7.851 7.809 7.766 7.724 7.681 7.639 7.631 7.655 7.638 7.613 7.587 7.562 7.537 7.534 7.532 7.530 7.503 7.335 7.244 7.164 7.084 7.005 6.925 6.845 6.766 6.686 6.588 6.488 6.388 6.308
7.984 8.021 8.059 8.126 8.215 8.305 8.395 8.485 8.575 8.665 8.754 8.844 8.927 9.003 9.079 9.156 9.118 9.061 9.004 8.947 8.891 8.860 8.835 8.810 8.785 8.760 8.735 8.710 8.673 8.624 8.582 8.540 8.499 8.464 8.429 8.394 8.359 8.324 8.305 8.294 8.251 8.158 8.066 7.973 7.880 7.787 7.701 7.658 7.616 7.573 7.531 7.488 7.480 7.504 7.529 7.523 7.497 7.472 7.446 7.420 7.395 7.369 7.343 7.327 7.241 7.161 7.081 7.001 6.922 6.842 6.762 6.682 6.603 6.514 6.414 6.316 6.251
8.115 8.152 8.158 8.168 8.282 8.395 8.496 8.585 8.675 8.765 8.855 8.945 9.029 9.106 9.182 9.137 9.080 9.023 8.966 8.909 8.852 8.816 8.791 8.766 8.741 8.716 8.691 8.652 8.602 8.553 8.510 8.468 8.426 8.383 8.341 8.300 8.264 8.229 8.206 8.161 8.068 7.975 7.883 7.790 7.697 7.604 7.511 7.465 7.423 7.380 7.338 7.330 7.354 7.378 7.402 7.407 7.382 7.356 7.330 7.305 7.279 7.253 7.228 7.240 7.188 7.097 7.006 6.918 6.838 6.759 6.679 6.599 6.520 6.439 6.339 6.259 6.194
8.246 8.253 8.213 8.191 8.305 8.418 8.532 8.646 8.759 8.865 8.955 9.045 9.132 9.208 9.155 9.098 9.041 8.984 8.927 8.870 8.813 8.772 8.747 8.722 8.697 8.672 8.631 8.582 8.532 8.482 8.439 8.396 8.354 8.312 8.269 8.227 8.185 8.142 8.073 7.978 7.885 7.792 7.699 7.607 7.514 7.421 7.328 7.272 7.229 7.187 7.179 7.204 7.228 7.252 7.276 7.292 7.266 7.241 7.215 7.189 7.164 7.138 7.150 7.179 7.152 7.061 6.970 6.879 6.788 6.697 6.606 6.516 6.437 6.357 6.267 6.202 6.137
8.348 8.308 8.268 8.228 8.328 8.442 8.555 8.669 8.783 8.896 9.010 9.123 9.230 9.173 9.116 9.059 9.002 8.946 8.889 8.832 8.775 8.727 8.702 8.677 8.652 8.611 8.561 8.511 8.462 8.412 8.367 8.325 8.282 8.240 8.198 8.155 8.113 8.084 8.057 7.913 7.770 7.626 7.516 7.423 7.331 7.238 7.145 7.079 7.036 7.029 7.053 7.077 7.102 7.126 7.150 7.174 7.151 7.125 7.099 7.074 7.048 7.061 7.089 7.118 7.116 7.025 6.934 6.843 6.752 6.661 6.570 6.479 6.388 6.297 6.259 6.219 6.178
8.403 8.363 8.323 8.282 8.351 8.465 8.579 8.692 8.806 8.919 9.033 9.133 9.011 9.000 9.009 9.017 8.964 8.907 8.850 8.793 8.736 8.683 8.658 8.633 8.590 8.541 8.491 8.441 8.391 8.341 8.295 8.253 8.210 8.168 8.126 8.083 8.056 8.042 8.029 7.896 7.753 7.610 7.466 7.323 7.179 7.055 6.962 6.885 6.879 6.903 6.927 6.951 6.975 6.999 7.024 7.048 7.035 7.010 6.984 6.958 6.971 6.999 7.028 7.057 7.080 6.989 6.898 6.807 6.716 6.625 6.534 6.443 6.352 6.315 6.286 6.267 6.232
8.458 8.418 8.378 8.337 8.374 8.488 8.602 8.715 8.829 8.943 9.038 8.916 8.793 8.758 8.766 8.775 8.783 8.792 8.800 8.754 8.697 8.640 8.614 8.570 8.520 8.470 8.420 8.371 8.321 8.271 8.223 8.181 8.139 8.096 8.054 8.027 8.014 8.000 7.987 7.880 7.736 7.593 7.449 7.306 7.163 7.019 6.876 6.746 6.752 6.777 6.801 6.825 6.849 6.873 6.897 6.922 6.920 6.894 6.868 6.881 6.910 6.938 6.967 6.996 7.024 6.953 6.862 6.771 6.680 6.589 6.498 6.411 6.377 6.344 6.314 6.295 6.275
8.513 8.473 8.432 8.392 8.398 8.511 8.625 8.739 8.852 8.942 8.820 8.698 8.576 8.515 8.524 8.532 8.540 8.549 8.557 8.566 8.574 8.583 8.550 8.500 8.450 8.400 8.350 8.300 8.250 8.200 8.152 8.109 8.067 8.024 7.999 7.985 7.972 7.958 7.944 7.863 7.720 7.576 7.433 7.289 7.146 7.002 6.852 6.696 6.688 6.694 6.700 6.706 6.723 6.747 6.771 6.795 6.804 6.778 6.791 6.820 6.849 6.877 6.906 6.935 6.963 6.916 6.826 6.735 6.644 6.553 6.473 6.440 6.406 6.372 6.342 6.322 6.303
8.568 8.528 8.487 8.447 8.421 8.534 8.648 8.762 8.846 8.724 8.602 8.480 8.358 8.272 8.281 8.289 8.298 8.306 8.315 8.323 8.331 8.408 8.428 8.399 8.371 8.330 8.280 8.230 8.180 8.130 8.080 8.037 7.995 7.970 7.957 7.943 7.930 7.916 7.902 7.846 7.703 7.560 7.416 7.273 7.129 6.979 6.822 6.666 6.625 6.631 6.637 6.643 6.649 6.655 6.661 6.669 6.689 6.701 6.730 6.759 6.787 6.816 6.845 6.873 6.902 6.880 6.789 6.699 6.608 6.536 6.502 6.468 6.434 6.401 6.370 6.350 6.331
8.623 8.582 8.542 8.502 8.462 8.558 8.671 8.751 8.629 8.506 8.384 8.262 8.140 8.030 8.038 8.047 8.055 8.063 8.072 8.080 8.161 8.250 8.291 8.262 8.234 8.205 8.176 8.148 8.110 8.060 8.010 7.966 7.942 7.928 7.915 7.901 7.887 7.874 7.860 7.830 7.686 7.543 7.399 7.256 7.105 6.949 6.793 6.637 6.561 6.567 6.573 6.579 6.585 6.591 6.597 6.603 6.648 6.664 6.674 6.697 6.726 6.755 6.784 6.812 6.841 6.844 6.753 6.663 6.598 6.564 6.530 6.497 6.463 6.429 6.398 6.378 6.359
8.671 8.637 8.597 8.557 8.517 8.581 8.655 8.533 8.411 8.289 8.166 8.044 7.922 7.800 7.795 7.804 7.812 7.821 7.829 7.913 8.002 8.091 8.154 8.125 8.097 8.068 8.039 8.011 7.982 7.954 7.925 7.914 7.900 7.886 7.873 7.859 7.845 7.832 7.818 7.804 7.670 7.526 7.383 7.232 7.075 6.919 6.763 6.607 6.498 6.504 6.510 6.516 6.522 6.528 6.534 6.579 6.640 6.667 6.677 6.686 6.696 6.706 6.722 6.751 6.780 6.808 6.717 6.660 6.626 6.592 6.559 6.525 6.491 6.458 6.426 6.406 6.386
8.512 8.531 8.550 8.568 8.571 8.560 8.437 8.315 8.193 8.071 7.949 7.826 7.704 7.582 7.553 7.561 7.569 7.578 7.665 7.754 7.843 7.932 8.017 7.988 7.960 7.931 7.902 7.874 7.845 7.817 7.941 8.025 7.958 7.892 7.830 7.817 7.803 7.789 7.776 7.762 7.653 7.509 7.358 7.202 7.046 6.890 6.734 6.578 6.434 6.440 6.446 6.452 6.458 6.464 6.509 6.571 6.632 6.669 6.679 6.689 6.699 6.709 6.718 6.728 6.738 6.748 6.722 6.688 6.655 6.621 6.587 6.553 6.520 6.486 6.454 6.434 6.414
8.353 8.372 8.390 8.409 8.415 8.343 8.220 8.097 7.975 7.853 7.731 7.608 7.486 7.364 7.310 7.318 7.328 7.417 7.506 7.595 7.684 7.773 7.862 7.851 7.823 7.794 7.765 7.737 7.708 7.842 8.022 8.152 8.086 8.019 7.953 7.887 7.821 7.755 7.734 7.720 7.636 7.485 7.329 7.173 7.016 6.860 6.704 6.548 6.392 6.377 6.383 6.389 6.395 6.440 6.501 6.563 6.624 6.672 6.682 6.692 6.702 6.711 6.721 6.731 6.741 6.772 6.759 6.720 6.683 6.649 6.616 6.582 6.548 6.515 6.482 6.462 6.442
8.194 8.213 8.231 8.238 8.185 8.128 8.005 7.882 7.759 7.636 7.513 7.390 7.268 7.146 7.067 7.080 7.169 7.258 7.347 7.436 7.525 7.614 7.703 7.714 7.686 7.657 7.628 7.600 7.742 7.922 8.102 8.279 8.213 8.147 8.081 8.014 7.948 7.882 7.816 7.750 7.611 7.455 7.299 7.143 6.987 6.831 6.675 6.518 6.362 6.313 6.319 6.326 6.370 6.432 6.493 6.555 6.616 6.675 6.685 6.694 6.704 6.714 6.724 6.734 6.766 6.803 6.801 6.762 6.722 6.683 6.644 6.610 6.577 6.543 6.510 6.490 6.470
8.035 8.053 8.061 8.008 7.955 7.902 7.790 7.667 7.544 7.421 7.298 7.175 7.052 6.929 6.832 6.921 7.010 7.099 7.188 7.277 7.366 7.455 7.544 7.577 7.548 7.520 7.491 7.643 7.823 8.003 8.183 8.363 8.341 8.274 8.208 8.142 8.076 8.010 7.943 7.779 7.572 7.419 7.265 7.111 6.957 6.801 6.645 6.489 6.333 6.250 6.256 6.301 6.362 6.424 6.485 6.547 6.608 6.670 6.687 6.697 6.707 6.717 6.727 6.760 6.797 6.834 6.843 6.804 6.765 6.725 6.686 6.647 6.608 6.572 6.538 6.519 6.590
7.875 7.884 7.831 7.778 7.725 7.672 7.574 7.451 7.328 7.205 7.082 6.959 6.836 6.749 6.926 6.935 6.934 6.940 7.029 7.118 7.207 7.296 7.385 7.440 7.411 7.383 7.544 7.724 7.904 8.084 8.264 8.444 8.468 8.402 8.336 8.269 8.203 8.137 7.968 7.753 7.538 7.380 7.227 7.073 6.919 6.766 6.612 6.459 6.303 6.186 6.231 6.293 6.354 6.416 6.477 6.539 6.600 6.662 6.690 6.700 6.710 6.720 6.754 6.791 6.828 6.865 6.885 6.846 6.807 6.767 6.728 6.689 6.650 6.611 6.592 6.667 6.739
7.706 7.654 7.601 7.548 7.495 7.442 7.359 7.236 7.113 6.990 6.866 6.743 6.663 6.840 7.017 7.060 7.060 7.059 7.058 7.057 7.057 7.137 7.226 7.303 7.274 7.445 7.625 7.805 7.985 8.165 8.345 8.524 8.596 8.529 8.463 8.397 8.331 8.158 7.943 7.728 7.512 7.342 7.188 7.035 6.881 6.728 6.574 6.420 6.267 6.173 6.228 6.284 6.346 6.408 6.469 6.531 6.592 6.654 6.693 6.703 6.712 6.749 6.786 6.823 6.860 6.897 6.927 6.888 6.849 6.810 6.770 6.731 6.692 6.691 6.715 6.790 6.873
7.476 7.423 7.371 7.318 7.265 7.212 7.143 7.020 6.897 6.774 6.651 6.578 6.755 6.932 7.109 7.186 7.185 7.184 7.184 7.183 7.182 7.181 7.181 7.180 7.345 7.525 7.705 7.885 8.065 8.245 8.425 8.605 8.723 8.657 8.591 8.524 8.348 8.132 7.917 7.702 7.487 7.304 7.150 6.997 6.843 6.689 6.536 6.382 6.284 6.214 6.243 6.298 6.354 6.409 6.464 6.523 6.584 6.646 6.696 6.706 6.743 6.780 6.817 6.854 6.891 6.928 6.965 6.930 6.891 6.852 6.813 6.773 6.790 6.814 6.839 6.912 6.994
7.246 7.193 7.140 7.087 7.034 6.981 6.928 6.805 6.682 6.558 6.492 6.669 6.846 7.023 7.200 7.311 7.310 7.310 7.309 7.308 7.307 7.307 7.311 7.419 7.544 7.675 7.805 7.966 8.146 8.326 8.506 8.686 8.851 8.784 8.718 8.537 8.322 8.107 7.891 7.676 7.461 7.265 7.112 6.958 6.805 6.651 6.498 6.398 6.329 6.259 6.258 6.314 6.369 6.424 6.479 6.535 6.590 6.645 6.701 6.737 6.774 6.811 6.848 6.885 6.922 6.959 6.997 6.973 6.933 6.894 6.864 6.889 6.913 6.938 6.962 7.033 7.116
7.016 6.963 6.910 6.857 6.804 6.751 6.698 6.589 6.466 6.406 6.583 6.760 6.937 7.114 7.291 7.437 7.436 7.435 7.434 7.434 7.433 7.442 7.550 7.658 7.779 7.910 8.040 8.171 8.302 8.433 8.587 8.767 8.947 8.912 8.727 8.512 8.296 8.081 7.866 7.651 7.435 7.227 7.074 6.920 6.766 6.613 6.513 6.443 6.373 6.303 6.274 6.329 6.384 6.439 6.495 6.550 6.605 6.660 6.749 6.791 6.819 6.846 6.880 6.917 6.954 6.991 7.028 7.015 6.976 6.963 6.988 7.012 7.037 7.061 7.086 7.154 7.237
6.979 6.855 6.732 6.627 6.574 6.521 6.468 6.373 6.320 6.497 6.674 6.851 7.028 7.205 7.382 7.560 7.561 7.561 7.560 7.559 7.574 7.682 7.790 7.898 8.014 8.145 8.276 8.406 8.537 8.668 8.799 8.930 9.060 8.916 8.701 8.486 8.271 8.055 7.840 7.625 7.410 7.195 7.035 6.882 6.728 6.627 6.557 6.487 6.417 6.347 6.289 6.344 6.399 6.455 6.510 6.565 6.620 6.708 6.797 6.854 6.881 6.909 6.936 6.964 6.992 7.022 7.060 7.057 7.062 7.087 7.111 7.136 7.160 7.185 7.209 7.275 7.358
6.999 6.875 6.751 6.628 6.504 6.380 6.256 6.234 6.411 6.588 6.765 6.943 7.120 7.297 7.474 7.651 7.687 7.686 7.685 7.705 7.813 7.921 8.029 8.137 8.249 8.380 8.511 8.642 8.772 8.903 9.034 9.165 8.947 8.736 8.573 8.411 8.245 8.030 7.814 7.599 7.384 7.169 6.997 6.844 6.741 6.671 6.601 6.531 6.461 6.391 6.321 6.359 6.415 6.470 6.525 6.580 6.666 6.755 6.844 6.916 6.944 6.971 6.999 7.026 7.054 7.082 7.109 7.156 7.186 7.210 7.235 7.259 7.284 7.308 7.333 7.397 7.480
7.019 6.895 6.772 6.648 6.524 6.400 6.317 6.375 6.533 6.690 6.857 7.034 7.211 7.388 7.565 7.742 7.812 7.812 7.837 7.945 8.053 8.161 8.268 8.376 8.484 8.615 8.746 8.877 9.007 9.138 9.269 9.028 8.768 8.539 8.376 8.214 8.051 7.889 7.727 7.564 7.358 7.143 6.959 6.855 6.785 6.715 6.645 6.575 6.505 6.435 6.365 6.375 6.430 6.485 6.540 6.624 6.713 6.802 6.892 6.978 7.006 7.034 7.061 7.089 7.116 7.144 7.201 7.256 7.292 7.328 7.358 7.383 7.407 7.432 7.456 7.518 7.601
7.039 6.916 6.792 6.668 6.544 6.460 6.497 6.533 6.688 6.845 7.003 7.160 7.318 7.479 7.656 7.833 7.938 7.968 8.076 8.184 8.292 8.400 8.508 8.616 8.724 8.850 8.981 9.112 9.243 9.369 9.109 8.849 8.589 8.341 8.179 8.016 7.854 7.692 7.529 7.367 7.205 7.042 6.958 6.899 6.829 6.759 6.689 6.619 6.549 6.479 6.409 6.390 6.445 6.500 6.582 6.671 6.760 6.850 6.939 7.028 7.068 7.096 7.124 7.151 7.179 7.235 7.297 7.356 7.392 7.428 7.464 7.500 7.531 7.555 7.580 7.639 7.722
7.059 6.936 6.812 6.688 6.604 6.640 6.677 6.713 6.843 7.001 7.158 7.316 7.473 7.631 7.788 7.946 8.094 8.208 8.316 8.424 8.531 8.639 8.747 8.855 8.963 9.086 9.216 9.347 9.449 9.189 8.930 8.670 8.410 8.150 7.981 7.819 7.657 7.494 7.332 7.170 7.007 6.942 6.932 6.880 6.829 6.777 6.726 6.663 6.593 6.523 6.453 6.405 6.460 6.540 6.629 6.719 6.808 6.897 6.987 7.076 7.131 7.158 7.186 7.214 7.269 7.331 7.394 7.456 7.492 7.528 7.564 7.600 7.636 7.672 7.703 7.761 7.826
7.080 6.956 6.832 6.748 6.784 6.820 6.857 6.893 6.998 7.156 7.313 7.471 7.628 7.786 7.944 8.050 8.077 8.268 8.460 8.651 8.771 8.879 8.987 9.095 9.202 9.321 9.452 9.530 9.270 9.010 8.750 8.490 8.231 7.971 7.784 7.622 7.459 7.297 7.135 6.972 6.912 6.905 6.898 6.853 6.802 6.750 6.699 6.648 6.596 6.545 6.494 6.427 6.497 6.587 6.676 6.766 6.855 6.945 7.034 7.123 7.193 7.221 7.248 7.304 7.366 7.428 7.490 7.552 7.592 7.628 7.664 7.700 7.736 7.772 7.728 7.824 7.914
7.100 6.976 6.891 6.928 6.964 7.000 7.037 7.073 7.153 7.311 7.469 7.626 7.784 7.941 8.042 8.064 8.085 8.252 8.443 8.634 8.825 9.016 9.208 9.334 9.442 9.556 9.611 9.351 9.091 8.831 8.571 8.311 8.051 7.792 7.587 7.424 7.262 7.100 6.937 6.882 6.875 6.868 6.861 6.826 6.775 6.724 6.672 6.621 6.569 6.518 6.467 6.452 6.520 6.618 6.716 6.813 6.903 6.992 7.081 7.171 7.255 7.283 7.338 7.400 7.462 7.524 7.586 7.649 7.691 7.727 7.763 7.799 7.779 7.680 7.580 7.731 7.935
7.120 7.035 7.071 7.108 7.144 7.181 7.217 7.253 7.309 7.466 7.624 7.781 7.939 8.034 8.056 8.078 8.099 8.234 8.426 8.617 8.808 8.999 9.191 9.382 9.573 9.679 9.432 9.172 8.912 8.652 8.392 8.132 7.872 7.612 7.389 7.227 7.065 6.902 6.852 6.845 6.838 6.831 6.824 6.799 6.748 6.697 6.645 6.594 6.543 6.491 6.470 6.483 6.525 6.623 6.721 6.819 6.916 7.014 7.112 7.210 7.307 7.372 7.434 7.496 7.558 7.621 7.683 7.745 7.791 7.827 7.831 7.732 7.632 7.532 7.435 7.638 7.842
7.179 7.215 7.251 7.288 7.324 7.361 7.397 7.434 7.470 7.621 7.779 7.937 8.027 8.048 8.070 8.092 8.113 8.217 8.409 8.600 8.791 8.982 9.174 9.365 9.457 9.362 9.155 8.938 8.722 8.473 8.213 7.953 7.693 7.433 7.192 7.029 6.867 6.822 6.815 6.808 6.801 6.794 6.788 6.772 6.721 6.670 6.618 6.567 6.516 6.489 6.502 6.514 6.530 6.628 6.725 6.823 6.921 7.019 7.117 7.215 7.255 7.288 7.385 7.482 7.579 7.676 7.773 7.841 7.883 7.783 7.684 7.584 7.485 7.385 7.342 7.546 7.749
