includes/oleron/floodfiles/results/res-0002.wdfp
ncols         631
nrows         906
xllcorner     364927.146667
yllcorner     6531972.565556
cellsize      20.000000
NODATA_value  -9999.000000
[rows 578 to 611 of 906, columns 539 to 615 of 631]
4.555 4.603 4.650 4.697 4.771 4.980 4.920 4.827 4.850 4.903 4.956 5.008 5.061 5.113 5.166 5.218 5.271 5.324 5.376 5.429 5.486 5.548 5.610 5.673 5.735 5.797 5.859 5.922 6.034 6.226 6.418 6.609 6.801 6.989 7.105 7.221 7.338 7.454 7.570 7.686 7.802 7.918 7.978 8.019 8.061 8.102 8.058 7.948 7.742 7.505 7.267 7.030 6.792 6.555 6.317 6.080 5.842 5.605 5.578 5.576 5.585 5.623 5.662 5.701 5.740 5.779 5.818 5.857 5.896 5.880 5.817 5.754 5.691 5.628 5.565 5.502 5.439
4.631 4.679 4.726 4.773 4.821 4.877 4.931 4.983 5.036 5.088 5.141 5.193 5.246 5.299 5.351 5.404 5.456 5.509 5.561 5.614 5.672 5.734 5.797 5.859 5.921 5.983 6.046 6.108 6.170 6.233 6.418 6.609 6.801 6.976 7.092 7.208 7.324 7.441 7.557 7.641 7.682 7.723 7.764 7.806 7.847 7.888 7.812 7.703 7.593 7.368 7.131 6.894 6.656 6.419 6.181 5.944 5.706 5.580 5.578 5.575 5.573 5.604 5.643 5.682 5.721 5.760 5.799 5.838 5.861 5.800 5.739 5.676 5.613 5.550 5.487 5.424 5.361
4.708 4.755 4.803 4.886 4.969 5.046 5.112 5.168 5.221 5.274 5.326 5.379 5.431 5.484 5.536 5.589 5.642 5.694 5.747 5.799 5.858 5.921 5.983 6.045 6.107 6.170 6.232 6.294 6.357 6.419 6.481 6.609 6.801 6.963 7.079 7.195 7.303 7.344 7.386 7.427 7.468 7.509 7.551 7.592 7.633 7.674 7.567 7.457 7.347 7.233 6.995 6.758 6.520 6.283 6.045 5.808 5.582 5.580 5.577 5.574 5.572 5.585 5.623 5.662 5.701 5.740 5.779 5.818 5.781 5.720 5.659 5.598 5.535 5.472 5.408 5.345 5.282
4.811 4.893 4.976 5.059 5.141 5.215 5.281 5.348 5.406 5.459 5.511 5.564 5.617 5.669 5.722 5.774 5.827 5.879 5.932 5.984 6.045 6.107 6.169 6.231 6.294 6.356 6.418 6.481 6.543 6.605 6.668 6.730 6.801 6.950 7.007 7.048 7.089 7.131 7.172 7.213 7.254 7.295 7.337 7.378 7.419 7.431 7.321 7.211 7.102 6.992 6.859 6.622 6.384 6.146 5.909 5.672 5.582 5.579 5.576 5.574 5.571 5.568 5.604 5.643 5.682 5.721 5.760 5.761 5.700 5.639 5.578 5.518 5.456 5.393 5.330 5.267 5.204
4.984 5.066 5.149 5.232 5.314 5.384 5.450 5.517 5.583 5.644 5.697 5.749 5.802 5.854 5.907 5.959 6.012 6.064 6.117 6.170 6.231 6.293 6.355 6.418 6.480 6.542 6.605 6.667 6.729 6.791 6.854 6.916 6.870 6.789 6.793 6.834 6.876 6.917 6.958 6.999 7.040 7.082 7.123 7.164 7.205 7.185 7.076 6.966 6.856 6.746 6.637 6.486 6.248 6.010 5.773 5.583 5.581 5.578 5.576 5.573 5.570 5.568 5.585 5.623 5.662 5.701 5.740 5.681 5.620 5.559 5.498 5.437 5.376 5.315 5.252 5.189 5.126
5.156 5.239 5.322 5.404 5.487 5.553 5.619 5.686 5.752 5.818 5.882 5.934 5.987 6.039 6.092 6.145 6.197 6.250 6.302 6.355 6.417 6.479 6.542 6.604 6.666 6.728 6.791 6.853 6.915 6.978 6.992 6.903 6.815 6.735 6.659 6.620 6.662 6.703 6.744 6.785 6.827 6.868 6.909 6.950 6.991 6.940 6.830 6.720 6.610 6.501 6.391 6.281 6.112 5.874 5.637 5.583 5.580 5.577 5.575 5.572 5.570 5.567 5.565 5.604 5.643 5.682 5.662 5.601 5.540 5.479 5.418 5.357 5.296 5.235 5.173 5.110 5.047
5.329 5.412 5.495 5.577 5.655 5.722 5.788 5.855 5.921 5.987 6.054 6.120 6.172 6.225 6.277 6.330 6.382 6.435 6.488 6.541 6.603 6.666 6.728 6.790 6.852 6.915 6.977 7.039 7.102 7.025 6.937 6.848 6.760 6.680 6.604 6.528 6.453 6.489 6.530 6.571 6.613 6.654 6.695 6.736 6.778 6.694 6.584 6.475 6.365 6.255 6.145 6.036 5.926 5.738 5.585 5.582 5.579 5.577 5.574 5.571 5.569 5.566 5.564 5.584 5.623 5.643 5.582 5.521 5.460 5.399 5.338 5.277 5.216 5.155 5.094 5.032 4.969
5.502 5.585 5.667 5.750 5.824 5.891 5.957 6.023 6.090 6.156 6.222 6.289 6.355 6.410 6.463 6.515 6.568 6.620 6.673 6.727 6.790 6.852 6.914 6.976 7.039 7.101 7.163 7.148 7.059 6.971 6.882 6.793 6.705 6.626 6.550 6.474 6.398 6.322 6.316 6.358 6.399 6.440 6.481 6.523 6.558 6.449 6.339 6.229 6.119 6.009 5.900 5.790 5.680 5.586 5.584 5.581 5.579 5.576 5.573 5.571 5.568 5.566 5.563 5.565 5.604 5.562 5.501 5.440 5.380 5.319 5.258 5.197 5.136 5.075 5.014 4.953 4.891
5.675 5.758 5.840 5.923 5.993 6.060 6.126 6.192 6.259 6.325 6.391 6.458 6.524 6.590 6.648 6.701 6.753 6.806 6.858 6.914 6.976 7.038 7.100 7.163 7.225 7.270 7.181 7.093 7.004 6.916 6.827 6.739 6.650 6.571 6.495 6.419 6.344 6.268 6.192 6.144 6.185 6.226 6.267 6.309 6.313 6.203 6.093 5.983 5.874 5.764 5.654 5.594 5.585 5.577 5.573 5.572 5.570 5.569 5.568 5.567 5.565 5.564 5.562 5.560 5.543 5.482 5.421 5.360 5.301 5.241 5.181 5.121 5.062 5.002 4.942 4.882 4.858
5.848 5.930 6.013 6.096 6.162 6.229 6.295 6.361 6.428 6.494 6.560 6.627 6.693 6.759 6.826 6.886 6.938 6.991 7.043 7.100 7.162 7.224 7.287 7.349 7.303 7.215 7.126 7.038 6.949 6.861 6.772 6.684 6.595 6.516 6.441 6.365 6.289 6.213 6.138 6.062 5.986 6.012 6.054 6.095 6.067 5.957 5.848 5.738 5.628 5.602 5.593 5.585 5.576 5.567 5.562 5.561 5.560 5.559 5.557 5.556 5.555 5.553 5.552 5.541 5.477 5.417 5.357 5.297 5.238 5.178 5.118 5.058 4.999 4.939 4.879 4.831 4.818
6.021 6.103 6.186 6.265 6.331 6.397 6.464 6.530 6.597 6.663 6.729 6.796 6.862 6.928 6.995 7.061 7.124 7.176 7.229 7.286 7.348 7.411 7.426 7.337 7.249 7.160 7.072 6.983 6.895 6.806 6.717 6.629 6.540 6.462 6.386 6.310 6.234 6.159 6.083 6.007 5.931 5.856 5.840 5.881 5.822 5.712 5.619 5.610 5.601 5.593 5.584 5.575 5.566 5.557 5.552 5.551 5.549 5.548 5.546 5.545 5.544 5.543 5.541 5.480 5.416 5.354 5.294 5.235 5.175 5.115 5.055 4.996 4.936 4.876 4.816 4.791 4.778
6.193 6.276 6.359 6.434 6.500 6.566 6.633 6.699 6.765 6.832 6.898 6.964 7.031 7.097 7.163 7.230 7.296 7.361 7.414 7.472 7.535 7.459 7.371 7.282 7.194 7.105 7.017 6.928 6.840 6.751 6.663 6.574 6.486 6.407 6.332 6.256 6.180 6.104 6.028 5.953 5.877 5.801 5.725 5.667 5.627 5.618 5.609 5.601 5.592 5.583 5.574 5.565 5.557 5.548 5.541 5.540 5.539 5.537 5.536 5.535 5.533 5.532 5.484 5.420 5.356 5.292 5.231 5.172 5.112 5.052 4.992 4.933 4.873 4.813 4.764 4.751 4.737
6.366 6.449 6.532 6.603 6.669 6.735 6.802 6.868 6.934 7.001 7.067 7.133 7.200 7.266 7.332 7.399 7.465 7.531 7.598 7.582 7.493 7.404 7.316 7.227 7.139 7.050 6.962 6.873 6.785 6.696 6.608 6.519 6.431 6.353 6.277 6.201 6.125 6.050 5.974 5.898 5.822 5.748 5.709 5.669 5.627 5.609 5.600 5.591 5.582 5.573 5.565 5.556 5.547 5.538 5.531 5.529 5.528 5.527 5.525 5.524 5.523 5.488 5.424 5.360 5.296 5.231 5.168 5.109 5.049 4.989 4.929 4.870 4.810 4.750 4.724 4.710 4.697
6.539 6.622 6.704 6.772 6.838 6.904 6.971 7.037 7.103 7.170 7.236 7.302 7.369 7.435 7.501 7.560 7.610 7.660 7.677 7.514 7.430 7.346 7.261 7.173 7.084 6.996 6.907 6.818 6.730 6.641 6.553 6.464 6.376 6.298 6.222 6.147 6.071 5.995 5.919 5.867 5.828 5.788 5.749 5.708 5.666 5.624 5.590 5.581 5.573 5.564 5.555 5.546 5.537 5.529 5.520 5.519 5.517 5.516 5.515 5.513 5.492 5.428 5.364 5.299 5.235 5.171 5.107 5.046 4.986 4.926 4.866 4.807 4.747 4.697 4.684 4.670 4.657
6.712 6.794 6.874 6.940 7.007 7.073 7.139 7.206 7.272 7.338 7.405 7.458 7.508 7.558 7.608 7.658 7.708 7.758 7.663 7.472 7.356 7.272 7.188 7.104 7.020 6.936 6.852 6.764 6.675 6.587 6.498 6.409 6.321 6.244 6.168 6.092 6.025 5.986 5.946 5.907 5.867 5.828 5.788 5.747 5.705 5.663 5.621 5.579 5.563 5.554 5.545 5.537 5.528 5.519 5.510 5.508 5.507 5.505 5.504 5.496 5.432 5.368 5.304 5.239 5.175 5.111 5.046 4.983 4.923 4.863 4.803 4.744 4.684 4.657 4.643 4.630 4.617
6.882 6.967 7.043 7.109 7.176 7.242 7.306 7.356 7.406 7.456 7.506 7.556 7.606 7.656 7.707 7.757 7.807 7.839 7.648 7.457 7.282 7.198 7.114 7.030 6.946 6.862 6.778 6.694 6.610 6.526 6.442 6.355 6.266 6.189 6.144 6.105 6.065 6.026 5.986 5.947 5.907 5.867 5.828 5.787 5.744 5.702 5.660 5.618 5.576 5.545 5.536 5.527 5.518 5.509 5.501 5.497 5.496 5.495 5.493 5.436 5.372 5.308 5.243 5.179 5.115 5.050 4.986 4.922 4.860 4.800 4.740 4.681 4.630 4.616 4.603 4.590 4.576
7.001 7.129 7.204 7.254 7.304 7.354 7.404 7.454 7.504 7.554 7.605 7.655 7.705 7.755 7.805 7.855 7.905 7.824 7.634 7.443 7.252 7.124 7.040 6.956 6.872 6.788 6.704 6.620 6.536 6.452 6.368 6.284 6.225 6.224 6.184 6.144 6.105 6.065 6.026 5.986 5.947 5.907 5.868 5.826 5.784 5.742 5.700 5.658 5.615 5.573 5.531 5.517 5.509 5.500 5.491 5.487 5.485 5.484 5.440 5.376 5.312 5.247 5.183 5.119 5.054 4.990 4.926 4.862 4.797 4.737 4.677 4.617 4.589 4.576 4.563 4.549 4.536
6.998 7.088 7.290 7.352 7.402 7.452 7.502 7.553 7.603 7.653 7.703 7.753 7.803 7.853 7.903 7.953 8.001 7.810 7.619 7.428 7.238 7.050 6.966 6.882 6.798 6.714 6.630 6.546 6.462 6.378 6.294 6.210 6.206 6.227 6.224 6.184 6.145 6.105 6.065 6.026 5.986 5.947 5.907 5.865 5.823 5.781 5.739 5.697 5.655 5.613 5.570 5.528 5.499 5.490 5.481 5.476 5.475 5.444 5.380 5.316 5.251 5.187 5.123 5.058 4.994 4.930 4.865 4.801 4.737 4.674 4.614 4.562 4.549 4.536 4.522 4.509 4.496
6.922 7.064 7.267 7.450 7.501 7.551 7.601 7.651 7.701 7.751 7.801 7.851 7.901 7.952 8.002 8.052 7.986 7.795 7.605 7.414 7.223 7.032 6.892 6.808 6.724 6.640 6.556 6.472 6.388 6.304 6.220 6.166 6.187 6.208 6.229 6.224 6.184 6.145 6.105 6.066 6.026 5.986 5.946 5.904 5.862 5.820 5.778 5.736 5.694 5.652 5.610 5.567 5.525 5.483 5.472 5.466 5.448 5.384 5.320 5.255 5.191 5.127 5.062 4.998 4.934 4.869 4.805 4.741 4.676 4.612 4.551 4.522 4.509 4.495 4.482 4.468 4.455
6.846 7.041 7.243 7.446 7.599 7.649 7.699 7.749 7.799 7.850 7.900 7.950 8.000 8.050 8.100 8.150 7.972 7.781 7.590 7.399 7.208 7.018 6.827 6.734 6.650 6.566 6.482 6.398 6.314 6.230 6.146 6.147 6.168 6.189 6.209 6.230 6.224 6.184 6.145 6.105 6.066 6.026 5.985 5.943 5.901 5.859 5.817 5.775 5.733 5.691 5.649 5.607 5.565 5.522 5.480 5.453 5.388 5.324 5.260 5.195 5.131 5.066 5.002 4.938 4.873 4.809 4.745 4.680 4.616 4.552 4.496 4.483 4.470 4.458 4.445 4.433 4.420
6.815 7.017 7.220 7.423 7.626 7.747 7.798 7.848 7.898 7.948 7.998 8.048 8.098 8.148 8.198 8.148 7.957 7.766 7.575 7.385 7.194 7.003 6.812 6.660 6.576 6.492 6.408 6.324 6.240 6.156 6.107 6.128 6.149 6.170 6.190 6.211 6.232 6.224 6.185 6.145 6.105 6.066 6.024 5.982 5.940 5.898 5.856 5.814 5.772 5.730 5.688 5.646 5.604 5.532 5.445 5.384 5.334 5.270 5.205 5.141 5.077 5.012 4.948 4.884 4.819 4.755 4.691 4.627 4.563 4.498 4.468 4.456 4.444 4.431 4.418 4.406 4.393
6.791 6.994 7.197 7.399 7.602 7.805 7.896 7.946 7.996 8.046 8.096 8.146 8.197 8.247 8.297 8.133 7.943 7.752 7.561 7.370 7.179 6.988 6.798 6.607 6.502 6.418 6.334 6.250 6.166 6.082 6.088 6.109 6.130 6.151 6.172 6.192 6.213 6.234 6.224 6.185 6.145 6.106 6.063 6.021 5.979 5.937 5.895 5.853 5.811 5.769 5.694 5.608 5.521 5.435 5.348 5.305 5.275 5.216 5.152 5.088 5.023 4.959 4.895 4.830 4.766 4.702 4.638 4.573 4.509 4.452 4.440 4.429 4.417 4.404 4.391 4.379 4.366
6.768 6.970 7.173 7.376 7.579 7.781 7.984 8.044 8.095 8.145 8.195 8.245 8.295 8.345 8.310 8.119 7.928 7.737 7.546 7.356 7.165 6.974 6.783 6.592 6.428 6.344 6.260 6.176 6.092 6.049 6.069 6.090 6.111 6.132 6.153 6.173 6.194 6.215 6.236 6.225 6.185 6.145 6.103 6.061 6.019 5.976 5.934 5.857 5.771 5.684 5.598 5.511 5.424 5.338 5.258 5.227 5.196 5.163 5.099 5.034 4.970 4.906 4.841 4.777 4.713 4.648 4.584 4.520 4.455 4.424 4.413 4.401 4.390 4.377 4.365 4.352 4.339
6.744 6.947 7.150 7.353 7.555 7.758 7.961 8.143 8.193 8.243 8.293 8.343 8.393 8.443 8.295 8.104 7.914 7.723 7.532 7.341 7.150 6.959 6.769 6.578 6.387 6.270 6.186 6.102 6.018 6.030 6.050 6.071 6.092 6.113 6.134 6.154 6.175 6.196 6.217 6.237 6.225 6.184 6.142 6.100 6.020 5.934 5.847 5.761 5.674 5.587 5.501 5.414 5.328 5.241 5.179 5.148 5.118 5.087 5.045 4.981 4.917 4.852 4.788 4.724 4.659 4.595 4.531 4.466 4.408 4.396 4.385 4.374 4.362 4.350 4.338 4.325 4.312
6.721 6.924 7.126 7.329 7.532 7.735 7.937 8.140 8.291 8.341 8.391 8.442 8.492 8.471 8.281 8.090 7.899 7.708 7.517 7.327 7.136 6.945 6.754 6.563 6.372 6.196 6.112 6.028 5.990 6.011 6.031 6.052 6.073 6.094 6.115 6.135 6.156 6.177 6.198 6.218 6.240 6.183 6.097 6.010 5.923 5.837 5.750 5.664 5.577 5.491 5.404 5.317 5.231 5.144 5.101 5.070 5.039 5.008 4.977 4.928 4.863 4.799 4.735 4.670 4.606 4.541 4.477 4.413 4.380 4.368 4.357 4.346 4.334 4.323 4.311 4.298 4.285
6.697 6.900 7.103 7.306 7.508 7.711 7.914 8.117 8.319 8.440 8.490 8.540 8.590 8.457 8.266 8.075 7.885 7.694 7.503 7.312 7.121 6.930 6.740 6.549 6.358 6.167 6.038 5.954 5.971 5.992 6.012 6.033 6.054 6.075 6.095 6.120 6.146 6.173 6.200 6.227 6.251 6.108 6.000 5.913 5.827 5.740 5.654 5.567 5.480 5.394 5.307 5.221 5.134 5.053 5.022 4.991 4.961 4.930 4.899 4.868 4.810 4.746 4.681 4.617 4.552 4.488 4.424 4.364 4.352 4.341 4.329 4.318 4.307 4.295 4.284 4.271 4.258
6.674 6.877 7.079 7.282 7.485 7.688 7.890 8.093 8.296 8.499 8.588 8.638 8.633 8.442 8.252 8.061 7.870 7.679 7.488 7.298 7.107 6.916 6.725 6.534 6.343 6.153 5.964 5.931 5.952 5.973 6.000 6.026 6.053 6.080 6.107 6.134 6.161 6.187 6.214 6.241 6.208 6.066 5.923 5.817 5.730 5.643 5.557 5.470 5.384 5.297 5.210 5.124 5.037 4.974 4.944 4.913 4.882 4.851 4.820 4.790 4.757 4.692 4.628 4.563 4.499 4.435 4.370 4.336 4.325 4.313 4.302 4.290 4.279 4.267 4.256 4.244 4.231
6.651 6.853 7.056 7.259 7.462 7.664 7.867 8.070 8.273 8.475 8.678 8.737 8.619 8.428 8.237 8.046 7.855 7.665 7.474 7.283 7.092 6.901 6.708 6.515 6.322 6.129 5.936 5.933 5.960 5.987 6.014 6.041 6.067 6.094 6.121 6.148 6.175 6.201 6.228 6.255 6.166 6.024 5.881 5.738 5.633 5.547 5.460 5.373 5.287 5.200 5.113 5.027 4.940 4.896 4.865 4.834 4.804 4.773 4.742 4.711 4.680 4.639 4.574 4.510 4.446 4.381 4.320 4.308 4.297 4.285 4.274 4.262 4.251 4.239 4.228 4.216 4.204
6.627 6.830 7.033 7.235 7.438 7.641 7.844 8.046 8.249 8.452 8.654 8.794 8.601 8.408 8.215 8.022 7.829 7.636 7.442 7.249 7.056 6.863 6.670 6.477 6.284 6.090 5.962 5.963 5.974 6.001 6.028 6.055 6.082 6.108 6.135 6.162 6.189 6.216 6.242 6.266 6.124 5.981 5.839 5.696 5.553 5.450 5.363 5.277 5.190 5.103 5.017 4.930 4.848 4.817 4.787 4.756 4.725 4.694 4.663 4.632 4.602 4.571 4.521 4.457 4.392 4.328 4.292 4.281 4.269 4.258 4.246 4.235 4.223 4.212 4.200 4.188 4.177
6.604 6.819 7.035 7.252 7.469 7.686 7.902 8.119 8.336 8.552 8.769 8.730 8.562 8.369 8.176 7.983 7.790 7.597 7.404 7.211 7.018 6.824 6.631 6.438 6.245 6.052 5.999 6.000 6.001 6.015 6.042 6.069 6.096 6.122 6.149 6.176 6.203 6.230 6.256 6.224 6.081 5.939 5.796 5.654 5.511 5.368 5.266 5.180 5.093 5.006 4.920 4.833 4.770 4.739 4.708 4.677 4.646 4.616 4.585 4.554 4.523 4.492 4.461 4.403 4.339 4.276 4.264 4.253 4.242 4.230 4.218 4.207 4.195 4.184 4.172 4.161 4.149
6.725 6.942 7.159 7.376 7.592 7.809 8.026 8.242 8.459 8.676 8.801 8.658 8.516 8.331 8.138 7.945 7.752 7.559 7.365 7.172 6.979 6.786 6.593 6.400 6.206 6.036 6.037 6.037 6.038 6.038 6.056 6.083 6.110 6.137 6.163 6.190 6.217 6.244 6.271 6.182 6.039 5.897 5.754 5.611 5.469 5.326 5.183 5.083 4.996 4.910 4.823 4.736 4.691 4.661 4.630 4.599 4.568 4.537 4.506 4.475 4.444 4.414 4.383 4.350 4.285 4.248 4.237 4.225 4.214 4.202 4.191 4.179 4.168 4.156 4.144 4.133 4.121
6.849 7.066 7.282 7.499 7.716 7.933 8.149 8.366 8.583 8.799 8.730 8.587 8.444 8.292 8.099 7.906 7.713 7.520 7.327 7.134 6.941 6.747 6.554 6.361 6.168 6.073 6.074 6.075 6.075 6.076 6.076 6.097 6.124 6.151 6.177 6.204 6.231 6.258 6.282 6.139 5.997 5.854 5.712 5.569 5.426 5.284 5.141 4.998 4.899 4.813 4.726 4.644 4.613 4.582 4.551 4.520 4.489 4.458 4.428 4.397 4.366 4.335 4.304 4.273 4.232 4.221 4.209 4.198 4.186 4.175 4.164 4.152 4.141 4.129 4.118 4.106 4.095
6.973 7.189 7.406 7.623 7.839 8.056 8.273 8.489 8.706 8.801 8.658 8.515 8.372 8.230 8.061 7.868 7.675 7.481 7.288 7.095 6.902 6.709 6.516 6.323 6.129 6.111 6.111 6.112 6.112 6.113 6.114 6.114 6.138 6.165 6.192 6.218 6.245 6.272 6.240 6.097 5.955 5.812 5.669 5.527 5.384 5.241 5.099 4.956 4.813 4.716 4.629 4.565 4.535 4.504 4.473 4.442 4.411 4.380 4.349 4.318 4.289 4.271 4.252 4.234 4.213 4.194 4.183 4.171 4.160 4.149 4.137 4.126 4.114 4.103 4.091 4.079 4.068
7.096 7.313 7.529 7.746 7.963 8.180 8.396 8.613 8.830 8.729 8.586 8.444 8.301 8.158 8.015 7.829 7.636 7.443 7.250 7.057 6.864 6.670 6.477 6.284 6.147 6.148 6.149 6.149 6.150 6.150 6.151 6.151 6.152 6.179 6.206 6.232 6.259 6.286 6.197 6.055 5.912 5.770 5.627 5.484 5.342 5.199 5.056 4.914 4.771 4.628 4.532 4.487 4.456 4.425 4.394 4.370 4.351 4.333 4.314 4.296 4.277 4.259 4.240 4.222 4.198 4.172 4.156 4.145 4.134 4.122 4.111 4.099 4.088 4.076 4.064 4.053 4.042
