includes/oleron/floodfiles/results/res-0005.wdfp
ncols         631
nrows         906
xllcorner     364927.146667
yllcorner     6531972.565556
cellsize      20.000000
NODATA_value  -9999.000000
[rows 816 to 849 of 906, columns 0 to 76 of 631]
15.071 15.041 15.011 14.981 14.951 14.921 14.891 14.861 14.831 14.800 14.770 14.740 14.710 14.680 14.650 14.620 14.590 14.560 14.530 14.500 14.470 14.440 14.410 14.380 14.350 14.319 14.289 14.259 14.230 14.201 14.168 14.133 14.098 14.063 14.029 13.993 13.956 13.920 13.883 13.847 13.810 13.774 13.737 13.701 13.664 13.628 13.591 13.555 13.518 13.482 13.445 13.409 13.372 13.336 13.299 13.263 13.226 13.190 13.153 13.117 13.080 13.044 13.007 12.970 12.934 12.897 12.861 12.824 12.791 12.762 12.734 12.705 12.677 12.648 12.619 12.591 12.562
15.082 15.052 15.022 14.991 14.961 14.931 14.901 14.871 14.841 14.811 14.781 14.751 14.721 14.691 14.661 14.631 14.601 14.571 14.541 14.511 14.480 14.450 14.420 14.390 14.360 14.330 14.300 14.270 14.240 14.210 14.175 14.139 14.102 14.066 14.029 13.992 13.956 13.919 13.883 13.846 13.810 13.773 13.737 13.700 13.664 13.627 13.591 13.554 13.518 13.481 13.445 13.408 13.372 13.335 13.299 13.262 13.226 13.189 13.153 13.116 13.079 13.043 13.006 12.970 12.933 12.897 12.860 12.824 12.793 12.765 12.736 12.707 12.679 12.650 12.622 12.593 12.564
15.092 15.062 15.032 15.002 14.972 14.942 14.912 14.882 14.852 14.822 14.792 14.762 14.732 14.702 14.671 14.641 14.611 14.581 14.551 14.521 14.491 14.461 14.431 14.401 14.371 14.341 14.311 14.281 14.251 14.217 14.175 14.138 14.101 14.065 14.028 13.992 13.955 13.919 13.882 13.846 13.809 13.773 13.736 13.700 13.663 13.627 13.590 13.554 13.517 13.481 13.444 13.408 13.371 13.335 13.298 13.262 13.225 13.188 13.152 13.115 13.079 13.042 13.006 12.969 12.933 12.896 12.860 12.824 12.795 12.767 12.738 12.710 12.681 12.652 12.624 12.595 12.567
15.103 15.073 15.043 15.013 14.983 14.953 14.923 14.893 14.862 14.832 14.802 14.772 14.742 14.712 14.682 14.652 14.622 14.592 14.562 14.532 14.502 14.472 14.442 14.412 14.382 14.352 14.322 14.292 14.262 14.224 14.179 14.137 14.101 14.064 14.028 13.991 13.955 13.918 13.882 13.845 13.809 13.772 13.736 13.699 13.663 13.626 13.590 13.553 13.517 13.480 13.444 13.407 13.371 13.334 13.298 13.261 13.224 13.188 13.151 13.115 13.078 13.042 13.005 12.969 12.932 12.896 12.859 12.826 12.798 12.769 12.740 12.712 12.683 12.655 12.626 12.597 12.569
15.114 15.084 15.054 15.023 14.993 14.963 14.933 14.903 14.873 14.843 14.813 14.783 14.753 14.723 14.693 14.663 14.633 14.603 14.573 14.543 14.512 14.483 14.453 14.423 14.393 14.363 14.333 14.303 14.273 14.231 14.186 14.142 14.100 14.064 14.027 13.991 13.954 13.918 13.881 13.845 13.808 13.772 13.735 13.699 13.662 13.626 13.589 13.553 13.516 13.480 13.443 13.407 13.370 13.333 13.297 13.260 13.224 13.187 13.151 13.114 13.078 13.041 13.005 12.968 12.932 12.895 12.859 12.828 12.800 12.771 12.743 12.714 12.685 12.657 12.628 12.600 12.571
15.124 15.094 15.064 15.034 15.004 14.974 14.944 14.914 14.884 14.854 14.824 14.794 14.764 14.734 14.703 14.673 14.643 14.613 14.583 14.553 14.524 14.494 14.464 14.434 14.404 14.374 14.344 14.314 14.283 14.238 14.194 14.149 14.104 14.063 14.027 13.990 13.954 13.917 13.881 13.844 13.808 13.771 13.735 13.698 13.662 13.625 13.589 13.552 13.516 13.479 13.443 13.406 13.369 13.333 13.296 13.260 13.223 13.187 13.150 13.114 13.077 13.041 13.004 12.968 12.931 12.895 12.859 12.831 12.802 12.773 12.745 12.716 12.688 12.659 12.630 12.602 12.573
15.135 15.105 15.075 15.045 15.015 14.985 14.955 14.925 14.894 14.864 14.834 14.804 14.774 14.744 14.714 14.684 14.654 14.624 14.594 14.565 14.535 14.505 14.475 14.445 14.415 14.385 14.355 14.325 14.291 14.246 14.201 14.156 14.112 14.067 14.026 13.990 13.953 13.917 13.880 13.844 13.807 13.771 13.734 13.698 13.661 13.625 13.588 13.552 13.515 13.478 13.442 13.405 13.369 13.332 13.296 13.259 13.223 13.186 13.150 13.113 13.077 13.040 13.004 12.967 12.931 12.894 12.861 12.833 12.804 12.776 12.747 12.718 12.690 12.661 12.633 12.604 12.575
15.146 15.116 15.086 15.055 15.025 14.995 14.965 14.935 14.905 14.875 14.845 14.815 14.785 14.755 14.725 14.695 14.665 14.635 14.606 14.576 14.546 14.516 14.486 14.456 14.426 14.396 14.366 14.336 14.298 14.253 14.208 14.164 14.119 14.074 14.030 13.989 13.953 13.916 13.880 13.843 13.807 13.770 13.734 13.697 13.661 13.624 13.588 13.551 13.514 13.478 13.441 13.405 13.368 13.332 13.295 13.259 13.222 13.186 13.149 13.113 13.076 13.040 13.003 12.967 12.930 12.894 12.864 12.835 12.806 12.778 12.749 12.721 12.692 12.663 12.635 12.606 12.578
15.156 15.126 15.096 15.066 15.036 15.006 14.976 14.946 14.916 14.886 14.856 14.826 14.796 14.766 14.736 14.706 14.676 14.647 14.617 14.587 14.557 14.527 14.497 14.467 14.437 14.407 14.377 14.347 14.305 14.260 14.216 14.171 14.126 14.082 14.037 13.992 13.952 13.916 13.879 13.843 13.806 13.770 13.733 13.697 13.660 13.623 13.587 13.550 13.514 13.477 13.441 13.404 13.368 13.331 13.295 13.258 13.222 13.185 13.149 13.112 13.076 13.039 13.003 12.966 12.930 12.894 12.866 12.837 12.809 12.780 12.751 12.723 12.694 12.666 12.637 12.608 12.580
15.167 15.137 15.107 15.077 15.047 15.017 14.987 14.957 14.927 14.897 14.867 14.837 14.807 14.777 14.747 14.717 14.688 14.658 14.628 14.598 14.568 14.538 14.508 14.478 14.448 14.418 14.388 14.357 14.312 14.268 14.223 14.178 14.134 14.089 14.044 13.999 13.955 13.915 13.879 13.842 13.806 13.769 13.732 13.696 13.659 13.623 13.586 13.550 13.513 13.477 13.440 13.404 13.367 13.331 13.294 13.258 13.221 13.185 13.148 13.112 13.075 13.039 13.002 12.966 12.929 12.897 12.868 12.839 12.811 12.782 12.754 12.725 12.696 12.668 12.639 12.611 12.582
15.178 15.148 15.118 15.088 15.058 15.028 14.998 14.968 14.938 14.908 14.878 14.848 14.818 14.788 14.758 14.729 14.699 14.669 14.639 14.609 14.579 14.549 14.519 14.489 14.459 14.429 14.399 14.365 14.320 14.275 14.230 14.186 14.141 14.096 14.052 14.007 13.962 13.917 13.878 13.842 13.805 13.768 13.732 13.695 13.659 13.622 13.586 13.549 13.513 13.476 13.440 13.403 13.367 13.330 13.294 13.257 13.221 13.184 13.148 13.111 13.075 13.038 13.002 12.965 12.929 12.899 12.870 12.842 12.813 12.784 12.756 12.727 12.699 12.670 12.641 12.613 12.584
15.189 15.159 15.129 15.099 15.069 15.039 15.009 14.979 14.949 14.919 14.889 14.859 14.829 14.799 14.770 14.740 14.710 14.680 14.650 14.620 14.590 14.560 14.530 14.500 14.470 14.440 14.410 14.372 14.327 14.282 14.238 14.193 14.148 14.104 14.059 14.014 13.969 13.925 13.880 13.841 13.804 13.768 13.731 13.695 13.658 13.622 13.585 13.549 13.512 13.476 13.439 13.403 13.366 13.330 13.293 13.257 13.220 13.184 13.147 13.111 13.074 13.038 13.001 12.965 12.930 12.901 12.873 12.844 12.815 12.787 12.758 12.729 12.701 12.672 12.644 12.615 12.586
15.200 15.170 15.140 15.110 15.080 15.050 15.020 14.990 14.960 14.930 14.900 14.870 14.840 14.811 14.781 14.751 14.721 14.691 14.661 14.631 14.601 14.571 14.541 14.511 14.481 14.451 14.421 14.379 14.334 14.290 14.245 14.200 14.156 14.111 14.066 14.021 13.977 13.932 13.887 13.843 13.804 13.767 13.731 13.694 13.658 13.621 13.585 13.548 13.512 13.475 13.439 13.402 13.366 13.329 13.293 13.256 13.220 13.183 13.147 13.110 13.074 13.037 13.000 12.964 12.932 12.903 12.875 12.846 12.817 12.789 12.760 12.732 12.703 12.674 12.646 12.617 12.589
15.211 15.181 15.151 15.121 15.091 15.061 15.031 15.001 14.971 14.941 14.911 14.881 14.852 14.822 14.792 14.762 14.732 14.702 14.672 14.642 14.612 14.582 14.552 14.522 14.492 14.462 14.431 14.387 14.342 14.297 14.252 14.208 14.163 14.118 14.073 14.029 13.984 13.939 13.895 13.850 13.805 13.767 13.730 13.694 13.657 13.621 13.584 13.548 13.511 13.475 13.438 13.402 13.365 13.329 13.292 13.256 13.219 13.183 13.146 13.110 13.073 13.036 13.000 12.963 12.934 12.906 12.877 12.848 12.820 12.791 12.762 12.734 12.705 12.677 12.648 12.619 12.591
15.222 15.192 15.162 15.132 15.102 15.072 15.042 15.012 14.982 14.952 14.922 14.893 14.863 14.833 14.803 14.773 14.743 14.713 14.683 14.653 14.623 14.593 14.563 14.533 14.503 14.473 14.439 14.394 14.349 14.304 14.260 14.215 14.170 14.126 14.081 14.036 13.991 13.947 13.902 13.857 13.813 13.768 13.730 13.693 13.657 13.620 13.584 13.547 13.511 13.474 13.438 13.401 13.365 13.328 13.292 13.255 13.219 13.182 13.145 13.109 13.072 13.036 12.999 12.965 12.936 12.908 12.879 12.851 12.822 12.793 12.765 12.736 12.707 12.679 12.650 12.622 12.593
15.233 15.203 15.173 15.143 15.113 15.083 15.053 15.023 14.993 14.964 14.934 14.904 14.874 14.844 14.814 14.784 14.754 14.724 14.694 14.664 14.634 14.604 14.574 14.544 14.514 14.485 14.446 14.401 14.356 14.312 14.267 14.222 14.178 14.133 14.088 14.043 13.999 13.954 13.909 13.865 13.820 13.775 13.730 13.693 13.656 13.620 13.583 13.547 13.510 13.474 13.437 13.401 13.364 13.328 13.291 13.254 13.218 13.181 13.145 13.108 13.072 13.035 12.999 12.967 12.939 12.910 12.881 12.853 12.824 12.796 12.767 12.738 12.710 12.681 12.652 12.624 12.595
15.244 15.214 15.184 15.154 15.124 15.094 15.064 15.034 15.005 14.975 14.945 14.915 14.885 14.855 14.825 14.795 14.765 14.735 14.705 14.675 14.645 14.615 14.585 14.555 14.526 14.496 14.453 14.408 14.364 14.319 14.274 14.230 14.185 14.140 14.095 14.051 14.006 13.961 13.917 13.872 13.827 13.782 13.738 13.693 13.656 13.619 13.583 13.546 13.510 13.473 13.437 13.400 13.364 13.327 13.290 13.254 13.217 13.181 13.144 13.108 13.071 13.035 12.998 12.969 12.941 12.912 12.884 12.855 12.826 12.798 12.769 12.740 12.712 12.683 12.655 12.626 12.597
15.255 15.225 15.195 15.165 15.135 15.105 15.075 15.046 15.016 14.986 14.956 14.926 14.896 14.866 14.836 14.806 14.776 14.746 14.716 14.686 14.656 14.626 14.596 14.567 14.537 14.505 14.461 14.416 14.371 14.326 14.282 14.237 14.192 14.148 14.103 14.058 14.013 13.969 13.924 13.879 13.834 13.790 13.745 13.700 13.656 13.619 13.582 13.546 13.509 13.473 13.436 13.399 13.363 13.326 13.290 13.253 13.217 13.180 13.144 13.107 13.071 13.034 13.000 12.972 12.943 12.914 12.886 12.857 12.829 12.800 12.771 12.743 12.714 12.685 12.657 12.628 12.600
15.266 15.236 15.206 15.176 15.146 15.116 15.087 15.057 15.027 14.997 14.967 14.937 14.907 14.877 14.847 14.817 14.787 14.757 14.727 14.697 14.667 14.637 14.608 14.578 14.548 14.513 14.468 14.423 14.378 14.334 14.289 14.244 14.200 14.155 14.110 14.065 14.021 13.976 13.931 13.887 13.842 13.797 13.752 13.708 13.663 13.618 13.582 13.545 13.509 13.472 13.435 13.399 13.362 13.326 13.289 13.253 13.216 13.180 13.143 13.107 13.070 13.034 13.002 12.974 12.945 12.917 12.888 12.859 12.831 12.802 12.774 12.745 12.716 12.688 12.659 12.630 12.602
15.277 15.247 15.217 15.187 15.157 15.128 15.098 15.068 15.038 15.008 14.978 14.948 14.918 14.888 14.858 14.828 14.798 14.768 14.738 14.708 14.678 14.649 14.619 14.589 14.559 14.520 14.475 14.430 14.386 14.341 14.296 14.252 14.207 14.162 14.117 14.073 14.028 13.983 13.939 13.894 13.849 13.804 13.760 13.715 13.670 13.626 13.581 13.544 13.508 13.471 13.435 13.398 13.362 13.325 13.289 13.252 13.216 13.179 13.143 13.106 13.070 13.033 13.005 12.976 12.947 12.919 12.890 12.862 12.833 12.804 12.776 12.747 12.719 12.690 12.661 12.633 12.604
15.288 15.258 15.228 15.198 15.169 15.139 15.109 15.079 15.049 15.019 14.989 14.959 14.929 14.899 14.869 14.839 14.809 14.779 14.749 14.720 14.690 14.660 14.630 14.600 14.570 14.527 14.483 14.438 14.393 14.348 14.304 14.259 14.214 14.169 14.125 14.080 14.035 13.991 13.946 13.901 13.856 13.812 13.767 13.722 13.678 13.633 13.588 13.544 13.507 13.471 13.434 13.398 13.361 13.325 13.288 13.252 13.215 13.179 13.142 13.106 13.069 13.035 13.007 12.978 12.950 12.921 12.892 12.864 12.835 12.807 12.778 12.749 12.721 12.692 12.664 12.635 12.606
15.299 15.269 15.239 15.210 15.180 15.150 15.120 15.090 15.060 15.030 15.000 14.970 14.940 14.910 14.880 14.850 14.820 14.790 14.761 14.731 14.701 14.671 14.641 14.611 14.579 14.535 14.490 14.445 14.400 14.356 14.311 14.266 14.222 14.177 14.132 14.087 14.043 13.998 13.953 13.909 13.864 13.819 13.774 13.730 13.685 13.640 13.595 13.551 13.507 13.470 13.434 13.397 13.361 13.324 13.288 13.251 13.215 13.178 13.142 13.105 13.069 13.038 13.009 12.980 12.952 12.923 12.895 12.866 12.837 12.809 12.780 12.752 12.723 12.694 12.666 12.637 12.608
15.310 15.280 15.251 15.221 15.191 15.161 15.131 15.101 15.071 15.041 15.011 14.981 14.951 14.921 14.891 14.861 14.831 14.802 14.772 14.742 14.712 14.682 14.652 14.622 14.587 14.542 14.497 14.452 14.408 14.363 14.318 14.274 14.229 14.184 14.139 14.095 14.050 14.005 13.961 13.916 13.871 13.826 13.782 13.737 13.692 13.648 13.603 13.558 13.513 13.470 13.433 13.397 13.360 13.324 13.287 13.251 13.214 13.178 13.141 13.105 13.068 13.040 13.011 12.983 12.954 12.925 12.897 12.868 12.840 12.811 12.782 12.754 12.725 12.697 12.668 12.639 12.611
15.321 15.292 15.262 15.232 15.202 15.172 15.142 15.112 15.082 15.052 15.022 14.992 14.962 14.932 14.902 14.872 14.843 14.813 14.783 14.753 14.723 14.693 14.663 14.633 14.594 14.549 14.504 14.460 14.415 14.370 14.326 14.281 14.236 14.191 14.147 14.102 14.057 14.013 13.968 13.923 13.878 13.834 13.789 13.744 13.700 13.655 13.610 13.565 13.521 13.476 13.433 13.396 13.360 13.323 13.287 13.250 13.214 13.177 13.141 13.104 13.071 13.042 13.013 12.985 12.956 12.928 12.899 12.870 12.842 12.813 12.785 12.756 12.727 12.699 12.670 12.642 12.613
15.333 15.303 15.273 15.243 15.213 15.183 15.153 15.123 15.093 15.063 15.033 15.003 14.973 14.943 14.913 14.884 14.854 14.824 14.794 14.764 14.734 14.704 14.674 14.644 14.601 14.557 14.512 14.467 14.422 14.378 14.333 14.288 14.244 14.199 14.154 14.109 14.065 14.020 13.975 13.930 13.886 13.841 13.796 13.752 13.707 13.662 13.617 13.573 13.528 13.483 13.439 13.396 13.359 13.323 13.286 13.250 13.213 13.177 13.140 13.104 13.073 13.044 13.016 12.987 12.958 12.930 12.901 12.873 12.844 12.815 12.787 12.758 12.730 12.701 12.672 12.644 12.615
15.343 15.314 15.284 15.254 15.224 15.194 15.164 15.134 15.104 15.074 15.044 15.014 14.984 14.954 14.925 14.895 14.865 14.835 14.805 14.775 14.745 14.715 14.685 14.653 14.609 14.564 14.519 14.474 14.430 14.385 14.340 14.296 14.251 14.206 14.161 14.117 14.072 14.027 13.983 13.938 13.893 13.848 13.804 13.759 13.714 13.670 13.625 13.580 13.535 13.491 13.446 13.401 13.359 13.322 13.286 13.249 13.213 13.176 13.140 13.104 13.075 13.046 13.018 12.989 12.961 12.932 12.903 12.875 12.846 12.818 12.789 12.760 12.732 12.703 12.675 12.646 12.617
15.350 15.324 15.295 15.265 15.235 15.205 15.175 15.145 15.115 15.085 15.055 15.025 14.995 14.966 14.936 14.906 14.876 14.846 14.816 14.786 14.756 14.726 14.696 14.661 14.616 14.571 14.526 14.482 14.437 14.392 14.348 14.303 14.258 14.213 14.169 14.124 14.079 14.035 13.990 13.945 13.900 13.856 13.811 13.766 13.722 13.677 13.632 13.587 13.543 13.498 13.453 13.409 13.364 13.322 13.285 13.249 13.212 13.176 13.139 13.106 13.077 13.049 13.020 12.991 12.963 12.934 12.906 12.877 12.848 12.820 12.791 12.763 12.734 12.705 12.677 12.648 12.620
15.357 15.331 15.304 15.276 15.246 15.216 15.186 15.156 15.126 15.096 15.066 15.036 15.007 14.977 14.947 14.917 14.887 14.857 14.827 14.797 14.767 14.737 14.707 14.668 14.623 14.579 14.534 14.489 14.444 14.400 14.355 14.310 14.265 14.221 14.176 14.131 14.087 14.042 13.997 13.952 13.908 13.863 13.818 13.774 13.729 13.684 13.639 13.595 13.550 13.505 13.461 13.416 13.371 13.326 13.285 13.248 13.211 13.175 13.138 13.108 13.080 13.051 13.022 12.994 12.965 12.936 12.908 12.879 12.851 12.822 12.793 12.765 12.736 12.708 12.679 12.650 12.622
15.364 15.338 15.311 15.285 15.257 15.227 15.197 15.167 15.137 15.107 15.077 15.048 15.018 14.988 14.958 14.928 14.898 14.868 14.838 14.808 14.778 14.748 14.718 14.675 14.631 14.586 14.541 14.496 14.452 14.407 14.362 14.318 14.273 14.228 14.183 14.139 14.094 14.049 14.005 13.960 13.915 13.870 13.826 13.781 13.736 13.691 13.647 13.602 13.557 13.513 13.468 13.423 13.378 13.334 13.289 13.247 13.211 13.174 13.139 13.110 13.082 13.053 13.025 12.996 12.967 12.939 12.910 12.881 12.853 12.824 12.796 12.768 12.740 12.711 12.683 12.655 12.627
15.371 15.345 15.318 15.292 15.266 15.238 15.208 15.178 15.148 15.118 15.089 15.059 15.029 14.999 14.969 14.939 14.909 14.879 14.849 14.819 14.789 14.759 14.727 14.683 14.638 14.593 14.548 14.504 14.459 14.414 14.370 14.325 14.280 14.235 14.191 14.146 14.101 14.057 14.012 13.967 13.922 13.878 13.833 13.788 13.744 13.699 13.654 13.609 13.565 13.520 13.475 13.430 13.386 13.341 13.296 13.252 13.210 13.174 13.141 13.113 13.084 13.055 13.027 12.998 12.969 12.941 12.913 12.885 12.857 12.829 12.801 12.773 12.745 12.717 12.688 12.660 12.632
15.378 15.352 15.325 15.299 15.273 15.246 15.219 15.189 15.159 15.130 15.100 15.070 15.040 15.010 14.980 14.950 14.920 14.890 14.860 14.830 14.800 14.770 14.735 14.690 14.645 14.600 14.556 14.511 14.466 14.422 14.377 14.332 14.287 14.243 14.198 14.153 14.109 14.064 14.019 13.974 13.930 13.885 13.840 13.796 13.751 13.706 13.661 13.617 13.572 13.527 13.483 13.438 13.393 13.348 13.304 13.259 13.214 13.173 13.143 13.115 13.086 13.058 13.030 13.002 12.974 12.946 12.918 12.890 12.862 12.834 12.806 12.778 12.750 12.722 12.694 12.665 12.637
15.385 15.359 15.333 15.306 15.280 15.253 15.227 15.200 15.171 15.141 15.111 15.081 15.051 15.021 14.991 14.961 14.931 14.901 14.871 14.841 14.811 14.781 14.742 14.697 14.653 14.608 14.563 14.518 14.474 14.429 14.384 14.339 14.295 14.250 14.205 14.161 14.116 14.071 14.026 13.982 13.937 13.892 13.848 13.803 13.758 13.713 13.669 13.624 13.579 13.535 13.490 13.445 13.400 13.356 13.311 13.266 13.218 13.173 13.148 13.120 13.091 13.063 13.035 13.007 12.979 12.951 12.923 12.895 12.867 12.839 12.811 12.783 12.755 12.727 12.699 12.671 12.643
15.392 15.366 15.340 15.313 15.287 15.260 15.234 15.207 15.181 15.152 15.122 15.092 15.062 15.032 15.002 14.972 14.942 14.912 14.882 14.852 14.822 14.792 14.749 14.705 14.660 14.615 14.570 14.526 14.481 14.436 14.392 14.347 14.302 14.257 14.213 14.168 14.123 14.079 14.034 13.989 13.944 13.900 13.855 13.810 13.765 13.721 13.676 13.631 13.587 13.542 13.497 13.452 13.406 13.358 13.309 13.261 13.212 13.174 13.151 13.125 13.097 13.068 13.040 13.012 12.984 12.956 12.928 12.900 12.872 12.844 12.816 12.788 12.760 12.732 12.704 12.676 12.648
15.400 15.373 15.347 15.320 15.294 15.267 15.241 15.215 15.188 15.162 15.133 15.103 15.073 15.043 15.013 14.983 14.953 14.923 14.893 14.863 14.833 14.801 14.757 14.712 14.667 14.622 14.578 14.533 14.488 14.444 14.399 14.354 14.309 14.265 14.220 14.175 14.131 14.086 14.041 13.996 13.952 13.907 13.862 13.818 13.773 13.728 13.683 13.639 13.594 13.546 13.497 13.449 13.400 13.352 13.303 13.255 13.206 13.174 13.151 13.128 13.102 13.074 13.046 13.017 12.989 12.961 12.933 12.905 12.877 12.849 12.821 12.793 12.765 12.737 12.709 12.681 12.653
