includes/oleron/floodfiles/results/res-0005.wd
ncols         631
nrows         906
xllcorner     364927.146667
yllcorner     6531972.565556
cellsize      20.000000
NODATA_value  -9999.000000
[rows 544 to 577 of 906, columns 539 to 615 of 631]
4.444 4.501 4.558 4.615 4.672 4.729 4.783 4.832 4.881 4.930 4.979 5.028 5.075 5.121 5.168 5.214 5.260 5.307 5.353 5.399 5.446 5.492 5.538 5.554 5.525 5.497 5.469 5.442 5.414 5.386 5.358 5.330 5.303 5.275 5.247 5.219 5.382 5.631 5.880 6.074 6.050 6.025 6.001 5.977 5.952 5.928 5.904 5.880 5.855 5.831 5.806 5.822 5.880 5.939 5.998 6.056 6.231 6.417 6.482 6.544 6.607 6.670 6.733 6.796 6.859 6.922 6.984 7.047 7.110 7.173 7.332 7.528 7.724 7.919 8.115 8.311 8.507
4.457 4.513 4.570 4.627 4.684 4.741 4.798 4.853 4.902 4.951 5.000 5.048 5.095 5.142 5.188 5.234 5.280 5.327 5.373 5.419 5.494 5.586 5.678 5.695 5.645 5.596 5.547 5.498 5.470 5.442 5.414 5.386 5.359 5.331 5.303 5.275 5.289 5.538 5.787 5.864 5.840 5.816 5.792 5.767 5.743 5.718 5.694 5.682 5.741 5.799 5.858 5.917 5.976 6.034 6.093 6.158 6.345 6.532 6.719 6.823 6.886 6.948 7.011 7.074 7.137 7.200 7.263 7.326 7.388 7.451 7.630 7.826 8.022 8.217 8.413 8.609 8.805
4.469 4.526 4.583 4.640 4.697 4.753 4.810 4.867 4.923 4.971 5.020 5.069 5.115 5.162 5.208 5.254 5.301 5.363 5.455 5.547 5.638 5.730 5.822 5.835 5.786 5.736 5.687 5.638 5.589 5.539 5.490 5.442 5.415 5.387 5.359 5.331 5.303 5.445 5.679 5.655 5.630 5.606 5.582 5.557 5.601 5.660 5.719 5.777 5.836 5.895 5.953 6.012 6.071 6.129 6.188 6.273 6.460 6.647 6.833 7.020 7.164 7.227 7.290 7.353 7.415 7.478 7.541 7.604 7.667 7.732 7.928 8.124 8.320 8.515 8.711 8.907 9.103
4.481 4.538 4.595 4.652 4.709 4.766 4.823 4.880 4.936 4.992 5.041 5.089 5.135 5.182 5.232 5.324 5.416 5.507 5.599 5.691 5.783 5.875 5.966 5.975 5.926 5.877 5.827 5.778 5.729 5.680 5.630 5.581 5.532 5.483 5.433 5.387 5.359 5.352 5.469 5.445 5.461 5.520 5.579 5.638 5.696 5.755 5.814 5.872 5.931 5.990 6.049 6.107 6.166 6.225 6.283 6.387 6.574 6.761 6.948 7.134 7.321 7.505 7.568 7.631 7.694 7.757 7.819 7.882 7.945 8.030 8.226 8.422 8.618 8.814 9.009 9.205 9.401
4.493 4.550 4.607 4.664 4.721 4.778 4.835 4.892 4.949 5.006 5.062 5.109 5.193 5.284 5.376 5.468 5.560 5.651 5.743 5.835 5.927 6.019 6.110 6.115 6.066 6.017 5.968 5.918 5.869 5.820 5.771 5.721 5.672 5.623 5.574 5.524 5.475 5.429 5.439 5.498 5.557 5.615 5.674 5.733 5.792 5.850 5.909 5.968 6.026 6.085 6.144 6.202 6.261 6.320 6.379 6.502 6.689 6.875 7.062 7.249 7.436 7.623 7.809 7.909 7.972 8.035 8.098 8.161 8.224 8.328 8.524 8.720 8.916 9.111 9.307 9.503 9.699
4.505 4.562 4.619 4.676 4.733 4.790 4.847 4.904 4.961 5.068 5.203 5.256 5.337 5.428 5.520 5.612 5.704 5.796 5.887 5.979 6.071 6.163 6.255 6.256 6.206 6.157 6.108 6.059 6.009 5.960 5.911 5.862 5.812 5.763 5.714 5.665 5.624 5.584 5.582 5.593 5.652 5.711 5.769 5.828 5.887 5.945 6.004 6.063 6.122 6.180 6.239 6.298 6.356 6.415 6.474 6.616 6.803 6.990 7.177 7.364 7.550 7.737 7.924 8.111 8.251 8.313 8.376 8.439 8.502 8.626 8.822 9.018 9.214 9.410 9.605 9.801 9.899
4.517 4.574 4.631 4.688 4.745 4.802 4.900 5.035 5.170 5.305 5.439 5.476 5.512 5.573 5.664 5.756 5.848 5.940 6.032 6.123 6.215 6.307 6.399 6.396 6.347 6.297 6.248 6.199 6.150 6.100 6.051 6.002 5.953 5.903 5.859 5.819 5.779 5.740 5.742 5.744 5.747 5.806 5.865 5.923 5.982 6.041 6.099 6.158 6.217 6.275 6.334 6.393 6.452 6.510 6.569 6.731 6.918 7.104 7.291 7.478 7.665 7.852 8.038 8.225 8.412 8.592 8.655 8.717 8.780 8.924 9.120 9.316 9.512 9.708 9.742 9.693 9.644
4.529 4.587 4.643 4.732 4.867 5.002 5.137 5.272 5.407 5.542 5.659 5.695 5.732 5.769 5.809 5.900 5.992 6.084 6.176 6.268 6.359 6.451 6.543 6.536 6.487 6.438 6.388 6.339 6.290 6.241 6.191 6.142 6.095 6.054 6.014 5.974 5.933 5.899 5.902 5.903 5.906 5.908 5.960 6.018 6.077 6.136 6.195 6.253 6.312 6.371 6.429 6.488 6.547 6.606 6.664 6.845 7.032 7.219 7.406 7.592 7.779 7.966 8.153 8.340 8.526 8.713 8.900 8.996 9.059 9.222 9.418 9.614 9.585 9.536 9.488 9.439 9.390
4.565 4.700 4.834 4.969 5.104 5.239 5.374 5.509 5.644 5.779 5.878 5.915 5.952 5.989 6.025 6.062 6.136 6.228 6.320 6.412 6.504 6.595 6.687 6.676 6.627 6.578 6.529 6.479 6.430 6.381 6.332 6.290 6.249 6.209 6.169 6.128 6.088 6.059 6.061 6.063 6.065 6.067 6.069 6.114 6.172 6.231 6.290 6.348 6.407 6.466 6.525 6.583 6.642 6.701 6.773 6.960 7.147 7.333 7.520 7.707 7.894 8.081 8.267 8.454 8.641 8.828 9.014 9.201 9.337 9.477 9.428 9.379 9.331 9.282 9.233 9.185 9.136
4.802 4.937 5.071 5.206 5.341 5.476 5.611 5.746 5.881 6.016 6.098 6.135 6.172 6.208 6.245 6.282 6.319 6.372 6.464 6.556 6.648 6.740 6.831 6.817 6.767 6.718 6.669 6.620 6.570 6.525 6.485 6.445 6.404 6.364 6.323 6.283 6.243 6.219 6.221 6.223 6.225 6.227 6.229 6.231 6.268 6.326 6.385 6.444 6.502 6.561 6.620 6.679 6.737 6.796 6.888 7.074 7.261 7.448 7.635 7.822 8.008 8.195 8.382 8.569 8.755 8.942 9.129 9.294 9.311 9.223 9.174 9.125 9.076 9.028 8.979 8.930 8.882
5.039 5.174 5.308 5.443 5.578 5.713 5.848 5.983 6.118 6.253 6.318 6.354 6.391 6.428 6.465 6.502 6.538 6.575 6.612 6.700 6.792 6.884 6.976 6.957 6.908 6.858 6.809 6.761 6.720 6.680 6.640 6.599 6.559 6.518 6.478 6.438 6.397 6.379 6.381 6.383 6.385 6.387 6.389 6.391 6.393 6.421 6.480 6.539 6.598 6.656 6.715 6.774 6.832 6.891 7.002 7.189 7.376 7.562 7.749 7.936 8.123 8.310 8.496 8.683 8.870 9.057 9.088 9.105 9.122 9.032 8.941 8.871 8.822 8.773 8.725 8.676 8.627
5.276 5.410 5.545 5.680 5.815 5.950 6.085 6.220 6.355 6.490 6.537 6.574 6.611 6.648 6.685 6.721 6.758 6.795 6.832 6.869 6.936 7.028 7.120 7.097 7.048 6.999 6.956 6.915 6.875 6.835 6.794 6.754 6.713 6.673 6.633 6.592 6.552 6.539 6.541 6.543 6.545 6.547 6.549 6.551 6.553 6.555 6.575 6.634 6.693 6.752 6.810 6.869 6.928 6.986 7.117 7.303 7.490 7.677 7.864 8.051 8.237 8.424 8.611 8.798 8.865 8.882 8.899 8.916 8.933 8.842 8.750 8.659 8.568 8.519 8.470 8.422 8.373
5.513 5.647 5.782 5.917 6.052 6.187 6.322 6.457 6.592 6.720 6.757 6.794 6.831 6.868 6.904 6.941 6.978 7.015 7.051 7.088 7.125 7.172 7.264 7.237 7.191 7.151 7.110 7.070 7.029 6.989 6.949 6.908 6.868 6.828 6.787 6.747 6.707 6.698 6.700 6.702 6.704 6.706 6.709 6.711 6.713 6.715 6.717 6.729 6.788 6.847 6.905 6.964 7.023 7.082 7.231 7.418 7.605 7.791 7.978 8.165 8.352 8.539 8.643 8.660 8.676 8.694 8.710 8.727 8.742 8.650 8.559 8.468 8.377 8.286 8.216 8.167 8.119
5.706 5.885 6.019 6.154 6.289 6.424 6.559 6.694 6.829 6.940 6.977 7.014 7.051 7.087 7.124 7.161 7.198 7.234 7.271 7.308 7.345 7.382 7.418 7.386 7.346 7.305 7.265 7.224 7.184 7.144 7.103 7.063 7.023 6.982 6.942 6.902 6.861 6.858 6.860 6.862 6.864 6.866 6.868 6.870 6.872 6.874 6.876 6.879 6.883 6.942 7.001 7.059 7.118 7.177 7.346 7.532 7.719 7.906 8.093 8.279 8.420 8.437 8.454 8.471 8.488 8.505 8.522 8.539 8.551 8.460 8.368 8.277 8.186 8.094 8.003 7.913 7.864
5.771 6.051 6.256 6.391 6.526 6.661 6.796 6.931 7.066 7.160 7.197 7.233 7.270 7.307 7.344 7.381 7.417 7.454 7.491 7.528 7.522 7.403 7.285 7.428 7.500 7.460 7.419 7.379 7.339 7.298 7.258 7.218 7.177 7.137 7.097 7.056 7.016 7.018 7.020 7.022 7.024 7.026 7.028 7.030 7.032 7.034 7.036 7.038 7.040 7.042 7.096 7.155 7.213 7.273 7.460 7.647 7.834 8.020 8.197 8.214 8.231 8.248 8.265 8.282 8.299 8.316 8.333 8.350 8.360 8.269 8.177 8.086 7.995 7.904 7.812 7.721 7.630
5.836 6.116 6.395 6.628 6.763 6.898 7.033 7.168 7.303 7.380 7.416 7.453 7.490 7.527 7.564 7.600 7.637 7.674 7.618 7.499 7.381 7.262 7.178 7.321 7.464 7.607 7.574 7.534 7.493 7.453 7.413 7.372 7.332 7.292 7.251 7.211 7.176 7.178 7.180 7.182 7.184 7.186 7.188 7.190 7.192 7.194 7.196 7.198 7.200 7.202 7.204 7.250 7.309 7.388 7.575 7.761 7.948 7.991 8.008 8.025 8.042 8.059 8.076 8.093 8.110 8.127 8.144 8.161 8.169 8.078 7.986 7.895 7.804 7.713 7.621 7.530 7.439
5.901 6.181 6.460 6.740 7.000 7.135 7.270 7.405 7.540 7.599 7.636 7.673 7.710 7.747 7.783 7.820 7.714 7.596 7.477 7.358 7.239 7.121 7.071 7.214 7.357 7.500 7.643 7.688 7.648 7.608 7.567 7.527 7.487 7.446 7.406 7.365 7.335 7.337 7.339 7.342 7.344 7.346 7.348 7.350 7.352 7.354 7.356 7.358 7.360 7.362 7.364 7.366 7.404 7.502 7.689 7.768 7.785 7.802 7.819 7.836 7.853 7.870 7.887 7.904 7.921 7.938 7.955 7.972 7.978 7.887 7.795 7.704 7.613 7.522 7.430 7.339 7.248
5.966 6.245 6.525 6.804 7.084 7.364 7.507 7.642 7.777 7.819 7.856 7.893 7.929 7.929 7.810 7.692 7.573 7.454 7.336 7.217 7.098 6.979 6.964 7.107 7.250 7.393 7.536 7.679 7.803 7.762 7.722 7.682 7.641 7.601 7.560 7.520 7.495 7.497 7.499 7.501 7.503 7.505 7.507 7.509 7.512 7.514 7.516 7.518 7.520 7.522 7.524 7.526 7.528 7.545 7.562 7.579 7.596 7.613 7.630 7.647 7.664 7.681 7.698 7.715 7.732 7.749 7.766 7.783 7.787 7.696 7.604 7.513 7.422 7.331 7.239 7.148 7.057
6.031 6.310 6.590 6.869 7.149 7.428 7.708 7.879 8.002 8.039 8.076 8.025 7.907 7.788 7.669 7.550 7.432 7.313 7.194 7.076 6.957 6.838 6.857 7.000 7.143 7.286 7.429 7.572 7.715 7.858 7.877 7.836 7.796 7.755 7.715 7.675 7.655 7.657 7.659 7.661 7.663 7.665 7.667 7.669 7.671 7.673 7.675 7.677 7.679 7.681 7.673 7.663 7.653 7.460 7.429 7.397 7.407 7.424 7.441 7.458 7.475 7.492 7.509 7.526 7.543 7.560 7.577 7.594 7.596 7.505 7.413 7.322 7.231 7.140 7.048 6.957 6.866
6.096 6.375 6.655 6.934 7.214 7.493 7.773 8.052 8.222 8.121 8.003 7.884 7.765 7.647 7.528 7.409 7.291 7.172 7.053 6.934 6.816 6.697 6.750 6.893 7.036 7.179 7.322 7.465 7.608 7.751 7.895 7.991 7.950 7.910 7.870 7.829 7.815 7.817 7.819 7.821 7.823 7.825 7.827 7.829 7.831 7.833 7.830 7.821 7.811 7.801 7.791 7.782 7.699 7.472 7.369 7.338 7.306 7.275 7.252 7.269 7.286 7.303 7.320 7.337 7.354 7.371 7.388 7.405 7.405 7.314 7.222 7.131 7.040 6.949 6.857 6.766 6.745
6.161 6.440 6.720 6.999 7.279 7.558 7.804 8.014 8.081 7.980 7.861 7.743 7.624 7.505 7.387 7.268 7.149 7.031 6.912 6.793 6.674 6.556 6.643 6.786 6.929 7.072 7.215 7.358 7.501 7.644 7.787 7.931 8.074 8.065 8.024 7.984 7.975 7.977 7.979 7.981 7.983 7.985 7.987 7.978 7.968 7.958 7.949 7.939 7.929 7.920 7.910 7.900 7.721 7.494 7.310 7.279 7.247 7.216 7.184 7.153 7.121 7.114 7.131 7.148 7.165 7.182 7.199 7.216 7.214 7.123 7.031 6.940 6.849 6.758 6.735 6.731 6.726
6.226 6.505 6.785 7.055 7.264 7.474 7.683 7.892 7.907 7.813 7.720 7.601 7.483 7.364 7.245 7.127 7.008 6.889 6.771 6.652 6.533 6.414 6.536 6.679 6.822 6.965 7.108 7.251 7.394 7.537 7.680 7.823 7.967 8.110 8.179 8.139 8.134 8.136 8.138 8.135 8.125 8.116 8.106 8.096 8.087 8.077 8.067 8.057 8.048 8.038 8.028 7.971 7.744 7.517 7.290 7.219 7.188 7.156 7.125 7.093 7.062 7.030 6.999 6.967 6.976 6.993 7.010 7.027 7.023 6.932 6.840 6.749 6.726 6.722 6.717 6.712 6.707
6.290 6.514 6.724 6.933 7.143 7.352 7.561 7.771 7.733 7.640 7.546 7.452 7.341 7.223 7.104 6.985 6.867 6.748 6.629 6.511 6.392 6.285 6.428 6.571 6.715 6.858 7.001 7.144 7.287 7.430 7.573 7.716 7.860 8.003 8.146 8.289 8.283 8.273 8.263 8.254 8.244 8.234 8.224 8.215 8.205 8.195 8.186 8.176 8.166 8.156 8.147 7.993 7.766 7.540 7.313 7.160 7.129 7.097 7.066 7.034 7.003 6.971 6.940 6.908 6.876 6.845 6.821 6.838 6.832 6.741 6.717 6.712 6.708 6.703 6.698 6.693 6.688
6.184 6.393 6.602 6.812 7.021 7.230 7.440 7.649 7.559 7.466 7.372 7.279 7.185 7.081 6.963 6.844 6.725 6.607 6.488 6.369 6.251 6.178 6.321 6.464 6.608 6.751 6.894 7.037 7.180 7.323 7.466 7.609 7.752 7.904 8.096 8.276 8.392 8.391 8.382 8.372 8.362 8.353 8.343 8.333 8.323 8.314 8.304 8.294 8.285 8.275 8.243 8.016 7.789 7.562 7.335 7.108 7.069 7.038 7.006 6.975 6.943 6.912 6.880 6.849 6.817 6.786 6.754 6.723 6.713 6.703 6.699 6.694 6.689 6.684 6.679 6.674 6.669
6.062 6.271 6.481 6.690 6.900 7.109 7.318 7.479 7.385 7.292 7.198 7.105 7.011 6.918 6.822 6.703 6.584 6.465 6.347 6.228 6.109 6.071 6.214 6.357 6.500 6.644 6.787 6.930 7.073 7.216 7.359 7.521 7.713 7.904 8.096 8.263 8.379 8.495 8.500 8.490 8.481 8.471 8.461 8.451 8.442 8.432 8.422 8.413 8.403 8.393 8.265 8.038 7.812 7.585 7.358 7.131 7.010 6.978 6.947 6.916 6.884 6.852 6.821 6.789 6.758 6.726 6.695 6.700 6.727 6.701 6.680 6.675 6.670 6.665 6.660 6.655 6.651
5.941 6.150 6.359 6.569 6.778 6.988 7.197 7.305 7.212 7.118 7.025 6.931 6.837 6.744 6.650 6.557 6.443 6.324 6.205 6.087 5.968 5.964 6.107 6.250 6.393 6.537 6.680 6.823 6.966 7.138 7.330 7.521 7.713 7.904 8.096 8.250 8.366 8.483 8.599 8.609 8.599 8.589 8.580 8.570 8.560 8.550 8.541 8.531 8.521 8.512 8.288 8.061 7.834 7.607 7.380 7.153 6.951 6.919 6.888 6.856 6.825 6.793 6.762 6.730 6.699 6.667 6.676 6.709 6.742 6.716 6.690 6.664 6.651 6.646 6.641 6.637 6.632
5.819 6.029 6.238 6.447 6.657 6.866 7.075 7.131 7.038 6.944 6.851 6.757 6.664 6.570 6.476 6.383 6.289 6.183 6.064 5.945 5.827 5.857 6.000 6.143 6.286 6.429 6.573 6.755 6.947 7.138 7.330 7.521 7.713 7.905 8.096 8.237 8.354 8.470 8.586 8.702 8.718 8.708 8.698 8.688 8.679 8.669 8.659 8.649 8.640 8.537 8.310 8.083 7.857 7.630 7.403 7.176 6.949 6.860 6.828 6.797 6.765 6.734 6.702 6.671 6.639 6.652 6.685 6.718 6.752 6.730 6.704 6.678 6.652 6.628 6.623 6.618 6.613
5.698 5.907 6.116 6.326 6.535 6.744 6.954 6.958 6.864 6.770 6.677 6.583 6.490 6.396 6.303 6.209 6.115 6.022 5.923 5.804 5.685 5.750 5.893 6.036 6.181 6.372 6.564 6.755 6.947 7.138 7.330 7.522 7.713 7.905 8.096 8.225 8.341 8.457 8.573 8.689 8.805 8.826 8.816 8.807 8.797 8.787 8.778 8.768 8.758 8.560 8.333 8.106 7.879 7.652 7.425 7.198 6.972 6.801 6.769 6.738 6.706 6.675 6.643 6.612 6.628 6.661 6.694 6.727 6.761 6.745 6.719 6.693 6.667 6.641 6.615 6.599 6.594
5.576 5.785 5.995 6.204 6.414 6.623 6.832 6.784 6.690 6.597 6.503 6.409 6.316 6.222 6.129 6.035 5.942 5.848 5.754 5.661 5.544 5.643 5.797 5.989 6.181 6.372 6.564 6.755 6.947 7.138 7.330 7.522 7.713 7.905 8.096 8.212 8.328 8.444 8.560 8.676 8.792 8.908 8.935 8.925 8.915 8.906 8.896 8.886 8.809 8.582 8.355 8.129 7.902 7.675 7.448 7.221 6.994 6.767 6.710 6.678 6.647 6.615 6.584 6.604 6.637 6.670 6.703 6.736 6.770 6.759 6.733 6.707 6.681 6.655 6.630 6.604 6.578
5.455 5.664 5.873 6.083 6.292 6.501 6.703 6.610 6.516 6.423 6.329 6.236 6.142 6.048 5.955 5.861 5.768 5.674 5.580 5.487 5.468 5.606 5.797 5.989 6.181 6.372 6.564 6.755 6.947 7.139 7.330 7.522 7.713 7.905 8.083 8.199 8.315 8.431 8.547 8.663 8.779 8.895 9.011 9.044 9.034 9.024 9.014 9.005 8.832 8.605 8.378 8.151 7.924 7.697 7.470 7.244 7.017 6.790 6.651 6.619 6.588 6.556 6.580 6.613 6.646 6.679 6.712 6.745 6.778 6.773 6.748 6.722 6.696 6.670 6.644 6.618 6.592
5.333 5.542 5.752 5.961 6.171 6.380 6.529 6.436 6.342 6.249 6.155 6.062 5.968 5.874 5.781 5.687 5.594 5.500 5.548 5.600 5.654 5.716 5.798 5.989 6.181 6.372 6.564 6.756 6.947 7.139 7.330 7.522 7.713 7.905 8.070 8.186 8.302 8.418 8.534 8.650 8.766 8.882 8.998 9.114 9.152 9.143 9.133 9.081 8.854 8.628 8.401 8.174 7.947 7.720 7.493 7.266 7.039 6.812 6.591 6.560 6.528 6.555 6.588 6.622 6.655 6.688 6.721 6.754 6.787 6.788 6.762 6.736 6.710 6.684 6.658 6.633 6.607
5.241 5.421 5.630 5.840 6.049 6.258 6.356 6.262 6.168 6.075 5.981 5.888 5.794 5.701 5.607 5.576 5.628 5.681 5.733 5.786 5.840 5.902 5.964 6.027 6.181 6.372 6.564 6.756 6.947 7.139 7.330 7.522 7.713 7.905 8.057 8.173 8.289 8.405 8.521 8.637 8.753 8.869 8.985 9.101 9.217 9.261 9.251 9.104 8.877 8.650 8.423 8.196 7.969 7.742 7.516 7.289 7.062 6.835 6.608 6.501 6.531 6.564 6.597 6.631 6.664 6.697 6.730 6.763 6.796 6.802 6.777 6.751 6.725 6.699 6.673 6.643 6.580
5.317 5.364 5.509 5.718 5.927 6.137 6.182 6.088 5.995 5.901 5.807 5.714 5.620 5.656 5.709 5.761 5.814 5.866 5.919 5.971 6.026 6.088 6.151 6.213 6.275 6.372 6.564 6.756 6.947 7.139 7.330 7.522 7.713 7.905 8.044 8.160 8.276 8.392 8.508 8.624 8.740 8.856 8.972 9.088 9.204 9.320 9.353 9.126 8.900 8.673 8.446 8.211 7.974 7.736 7.499 7.261 7.024 6.786 6.548 6.494 6.532 6.571 6.606 6.640 6.673 6.706 6.739 6.772 6.805 6.817 6.791 6.765 6.739 6.692 6.628 6.565 6.502
5.393 5.441 5.488 5.597 5.806 6.015 6.008 5.914 5.821 5.727 5.684 5.736 5.789 5.841 5.894 5.946 5.999 6.051 6.104 6.157 6.213 6.275 6.337 6.399 6.462 6.524 6.586 6.756 6.947 7.139 7.330 7.522 7.714 7.905 8.031 8.147 8.263 8.379 8.495 8.611 8.727 8.843 8.959 9.075 9.186 9.227 9.214 9.026 8.789 8.551 8.313 8.076 7.838 7.601 7.363 7.125 6.888 6.650 6.489 6.486 6.513 6.552 6.591 6.630 6.668 6.707 6.746 6.781 6.814 6.831 6.803 6.740 6.677 6.614 6.550 6.487 6.424
