includes/oleron/floodfiles/results/res-0012.wd
ncols         631
nrows         906
xllcorner     364927.146667
yllcorner     6531972.565556
cellsize      20.000000
NODATA_value  -9999.000000
[rows 544 to 577 of 906, columns 308 to 384 of 631]
0.000 0.000 0.000 0.000 0.000 0.279 1.020 0.070 0.000 0.392 0.432 0.000 0.467 0.005 0.242 0.522 0.362 0.072 0.602 0.000 0.000 0.615 0.000 0.000 0.112 0.221 0.439 0.399 0.369 0.121 0.166 0.121 0.229 0.485 0.585 0.605 0.135 0.035 0.126 0.106 0.000 0.000 0.000 0.609 0.448 0.637 0.657 0.000 0.000 0.862 0.592 0.602 0.000 0.410 0.140 0.000 0.129 0.939 0.000 0.000 0.058 0.419 0.239 0.279 0.349 0.299 0.169 0.019 0.239 0.099 0.229 0.000 0.221 0.000 0.000 0.000 0.000
0.000 0.101 0.000 0.210 1.020 0.950 1.100 0.420 0.171 0.312 0.000 0.000 0.000 0.342 0.402 0.432 0.082 0.352 0.342 0.372 0.013 0.385 0.000 0.290 0.127 0.163 0.429 0.118 0.016 0.230 0.000 0.203 0.203 0.000 0.445 0.565 0.225 0.000 0.001 0.000 0.142 0.222 0.000 0.039 0.000 0.567 0.145 0.480 0.658 0.327 0.000 0.000 0.000 0.240 0.200 0.059 0.139 1.019 0.239 0.000 0.534 0.000 0.299 0.369 0.359 0.489 0.209 0.209 0.409 0.169 0.000 0.000 0.000 0.000 0.000 0.000 0.000
0.000 0.000 0.100 0.720 0.640 0.610 0.000 0.510 0.000 0.082 0.000 0.000 0.382 0.552 0.602 0.582 0.322 0.362 0.000 0.112 0.252 0.000 0.120 0.380 0.760 0.510 0.000 0.332 0.141 0.260 0.368 0.225 0.224 0.061 0.465 0.175 0.000 0.000 0.000 0.000 0.000 0.000 0.000 0.003 0.035 0.000 0.000 0.000 0.758 0.508 0.798 0.538 0.000 0.000 0.000 0.119 0.189 0.000 0.729 0.000 0.294 0.000 0.000 0.819 0.000 0.000 0.000 0.000 0.079 0.289 0.036 0.000 0.000 0.000 0.000 0.000 0.000
0.000 0.000 0.820 0.830 0.690 0.000 0.000 0.251 0.552 0.000 0.000 0.792 0.562 0.612 0.682 0.592 0.532 0.532 0.482 0.000 0.672 0.000 0.460 0.580 0.510 0.440 0.116 0.372 0.301 0.351 0.000 0.245 0.174 0.102 0.168 0.000 0.001 0.000 0.000 0.000 0.000 0.000 0.000 0.000 0.000 0.000 0.000 0.000 0.000 0.000 0.588 0.578 0.838 0.758 0.708 0.000 0.000 0.000 0.439 0.000 0.664 0.000 0.000 0.649 0.649 0.000 0.389 0.709 0.000 0.000 0.224 0.000 0.000 0.000 0.000 0.000 0.000
0.000 0.810 0.740 0.650 0.340 0.000 0.130 0.000 0.097 0.000 0.342 0.592 0.692 0.592 0.562 0.522 0.442 0.202 0.242 0.481 0.000 0.771 0.731 0.600 0.480 0.290 0.228 0.047 0.341 0.140 0.335 0.305 0.245 0.093 0.139 0.000 0.000 0.072 0.000 0.000 0.000 0.000 0.000 0.000 0.000 0.000 0.000 0.000 0.000 0.000 0.000 0.000 0.000 0.000 0.308 0.558 0.598 0.000 0.000 0.000 0.594 0.000 0.000 0.000 0.379 0.439 0.569 0.399 0.659 0.529 0.000 0.000 0.000 0.000 0.000 0.000 0.000
0.430 0.720 0.420 0.130 0.360 0.380 0.030 0.003 0.682 0.342 0.452 0.532 0.502 0.482 0.452 0.422 0.402 0.412 0.362 0.481 0.481 0.621 0.651 0.581 0.170 0.000 0.128 0.000 0.181 0.090 0.000 0.475 0.405 0.144 0.024 0.000 0.000 0.072 0.000 0.000 0.000 0.000 0.000 0.000 0.000 0.000 0.000 0.000 0.000 0.000 0.000 0.000 0.000 0.000 0.000 0.000 0.548 0.538 0.548 0.358 0.000 0.000 0.000 0.000 0.000 0.000 0.000 0.000 0.000 0.000 0.000 0.000 0.000 0.000 0.000 0.000 0.000
0.400 0.820 0.000 0.310 0.000 0.000 0.000 0.262 0.722 0.582 0.762 0.802 0.632 0.602 0.522 0.442 0.382 0.402 0.462 0.000 0.031 0.491 0.661 0.651 0.151 0.000 0.062 0.143 0.101 0.150 0.108 0.116 0.006 0.154 0.174 0.000 0.012 0.112 0.000 0.000 0.000 0.000 0.000 0.000 0.000 0.000 0.000 0.000 0.000 0.000 0.000 0.000 0.000 0.000 0.000 0.047 0.009 0.000 0.000 0.458 0.018 0.000 0.000 0.000 0.000 0.000 0.000 0.000 0.407 0.247 0.000 0.237 0.000 0.000 0.000 0.000 0.000
0.660 0.920 0.000 0.020 0.169 0.025 0.000 0.392 0.572 0.372 0.602 0.702 0.582 0.522 0.462 0.442 0.000 0.442 0.492 0.362 0.522 0.252 0.321 0.071 0.061 0.000 0.000 0.000 0.000 0.000 0.000 0.000 0.000 0.001 0.344 0.000 0.000 0.000 0.000 0.051 0.000 0.000 0.000 0.000 0.000 0.000 0.000 0.000 0.000 0.000 0.000 0.000 0.000 0.000 0.000 0.296 0.011 0.087 0.000 0.000 0.468 0.000 0.000 0.197 0.907 1.537 1.037 0.827 0.947 0.567 0.687 0.507 0.737 0.817 0.000 0.000 0.000
0.541 0.000 0.000 0.228 0.040 0.598 0.071 0.552 0.492 0.342 0.582 0.572 0.552 0.552 0.492 0.442 0.442 0.442 0.000 0.512 0.492 0.552 0.572 0.000 0.000 0.000 0.243 0.000 0.075 0.205 0.105 0.000 0.000 0.254 0.394 0.304 0.000 0.000 0.000 0.000 0.000 0.000 0.000 0.000 0.000 0.000 0.000 0.000 0.000 0.000 0.000 0.000 0.000 0.000 0.000 0.000 0.000 0.517 0.000 0.000 0.000 0.667 0.627 1.017 0.127 0.657 0.657 0.677 0.087 0.727 0.047 0.000 0.207 0.747 0.987 1.267 0.000
0.237 0.068 0.035 0.548 0.000 0.000 0.722 0.000 0.512 0.832 0.692 0.712 0.582 0.482 0.422 0.332 0.402 0.472 0.000 0.492 0.522 0.562 0.802 0.582 0.000 0.000 0.002 0.165 0.155 0.000 0.115 0.000 0.000 0.000 0.000 0.000 0.000 0.000 0.000 0.034 0.014 0.000 0.000 0.000 0.000 0.000 0.000 0.000 0.000 0.000 0.000 0.000 0.000 0.000 0.000 0.000 0.000 0.000 0.000 0.000 0.627 0.747 0.117 0.967 1.037 0.417 0.027 1.147 1.047 0.397 0.000 1.047 0.000 0.987 0.147 0.927 1.047
0.842 0.000 0.195 0.548 0.000 0.242 0.582 0.622 0.382 0.232 0.502 0.612 0.562 0.502 0.412 0.000 0.452 0.482 0.000 0.472 0.000 0.512 0.000 0.462 0.582 0.632 0.000 0.000 0.035 0.305 0.115 0.000 0.162 0.001 0.552 0.422 0.592 0.292 0.000 0.000 0.001 0.000 0.000 0.000 0.000 0.000 0.000 0.000 0.000 0.000 0.000 0.000 0.000 0.000 0.000 0.000 0.000 0.000 0.000 0.000 0.287 0.307 0.597 1.167 0.027 0.587 0.807 0.307 0.227 0.997 0.947 0.837 0.667 0.617 0.000 0.000 0.008
1.232 1.032 0.722 0.152 0.000 0.742 0.332 0.022 0.432 0.452 0.452 0.502 0.532 0.482 0.362 0.252 0.452 0.362 0.973 0.743 0.000 0.082 0.633 0.112 0.000 0.093 0.353 0.094 0.000 0.445 0.000 0.165 0.000 0.000 0.022 0.332 0.472 0.272 0.000 0.000 0.332 0.000 0.000 0.000 0.000 0.000 0.000 0.000 0.000 0.000 0.000 0.000 0.000 0.000 0.000 0.000 0.000 0.000 0.111 0.000 0.000 0.167 0.257 0.327 0.487 0.197 0.937 0.637 0.967 0.307 0.287 0.777 0.757 0.287 0.337 1.897 1.767
0.000 0.000 0.000 0.822 0.662 0.832 0.000 0.112 0.682 0.352 0.442 0.462 0.322 0.262 0.042 0.433 0.343 0.000 0.853 0.663 0.000 0.373 0.413 0.643 0.683 0.000 0.000 0.204 0.214 0.095 0.000 0.095 0.000 0.000 0.000 0.552 0.000 0.132 0.342 0.412 0.372 0.552 0.612 0.000 0.000 0.031 0.061 0.011 0.051 0.000 0.000 0.000 0.000 0.000 0.000 0.000 0.000 0.000 0.000 0.000 0.000 0.000 0.000 0.000 0.000 0.107 0.457 0.547 0.000 1.067 0.427 0.297 0.427 0.777 0.797 0.487 0.000
0.000 0.000 0.036 0.000 0.000 1.092 1.022 0.842 0.602 0.012 0.992 0.172 0.000 0.302 0.000 0.453 0.403 0.000 0.703 0.553 0.793 1.083 0.000 0.000 0.623 0.673 0.573 0.000 0.000 0.055 0.325 0.165 0.000 0.346 0.005 0.000 0.000 0.532 0.452 0.000 0.000 0.000 0.502 0.000 0.551 0.000 0.061 0.000 0.000 0.000 0.000 0.000 0.000 0.000 0.000 0.000 0.000 0.000 0.000 0.000 0.000 0.000 0.000 0.000 0.000 0.000 0.117 0.157 0.000 0.167 0.087 0.827 0.417 0.327 0.787 0.767 0.717
0.000 0.000 0.000 0.332 0.822 0.652 0.000 0.000 1.112 1.122 1.082 0.102 0.000 0.393 0.000 0.483 0.463 0.913 0.743 0.000 0.000 0.953 0.723 0.213 0.000 0.000 0.583 0.873 0.053 0.000 0.355 0.000 0.381 0.000 0.252 0.332 0.372 0.362 0.000 0.402 0.562 0.512 0.000 0.000 0.651 0.002 0.161 0.031 0.000 0.000 0.000 0.000 0.000 0.000 0.000 0.000 0.000 0.011 0.000 0.000 0.000 0.000 0.000 0.000 0.000 0.000 0.000 0.000 0.097 0.137 0.000 0.000 0.307 0.917 0.387 0.297 0.127
0.334 0.000 0.000 0.000 0.622 0.702 0.632 0.572 0.182 0.000 0.802 0.152 0.000 0.273 0.000 0.093 0.273 1.013 0.803 0.000 0.663 0.000 0.013 0.993 0.633 0.000 0.001 0.000 0.583 0.543 0.000 0.000 0.471 0.000 0.521 0.000 0.222 0.242 0.362 0.272 0.000 0.532 0.000 0.671 0.031 0.781 0.201 0.231 0.000 0.000 0.000 0.000 0.000 0.000 0.000 0.000 0.102 0.000 0.000 0.000 0.000 0.000 0.000 0.000 0.011 0.000 0.073 0.093 0.000 0.277 0.457 0.147 0.137 0.137 0.000 0.527 0.187
0.000 0.164 0.114 0.424 0.000 0.000 0.922 0.822 0.922 0.832 0.352 0.242 0.000 0.303 0.413 0.473 0.000 0.943 0.773 0.273 0.463 0.223 0.563 0.000 1.033 0.633 0.000 0.000 0.000 0.833 0.483 0.000 0.221 0.581 0.541 0.941 0.072 0.000 0.302 0.272 0.312 0.000 0.000 0.321 0.321 0.151 0.711 0.000 0.000 0.000 0.000 0.000 0.000 0.000 0.547 0.117 0.000 0.000 0.000 0.000 0.000 0.000 0.000 0.000 0.000 0.181 0.000 0.000 0.018 0.077 0.000 0.327 0.367 0.177 0.037 0.137 0.057
0.000 1.034 0.184 0.000 0.473 0.323 0.612 0.000 0.000 0.552 0.000 0.172 0.073 0.000 0.443 0.453 0.000 0.923 0.673 0.283 0.463 0.213 0.383 0.683 0.563 0.000 0.566 0.576 0.166 0.000 0.000 0.000 0.000 0.000 0.771 0.861 0.911 0.921 0.000 0.000 0.292 0.202 0.342 0.000 0.000 0.261 0.041 0.000 0.000 0.000 0.000 0.000 0.000 0.000 0.000 0.197 0.107 0.000 0.001 0.000 0.000 0.000 0.000 0.161 0.000 0.000 0.000 0.001 0.000 0.000 0.000 0.337 0.000 0.000 0.067 0.067 0.147
0.364 0.184 0.000 0.523 0.723 0.000 0.000 0.613 0.263 0.363 0.000 0.000 0.123 0.353 0.533 0.523 0.963 0.553 0.053 0.183 0.000 0.253 0.723 0.000 0.643 0.593 0.000 0.086 0.576 0.476 1.146 0.136 0.846 0.000 0.000 0.000 0.871 0.871 0.911 0.921 0.000 0.000 0.062 0.006 0.443 0.000 0.007 0.000 0.000 0.000 0.000 0.000 0.051 0.000 0.000 0.117 0.167 0.087 0.000 0.000 0.000 0.000 0.000 0.000 0.000 0.021 0.000 0.012 0.212 0.112 0.000 0.000 0.000 0.000 0.000 0.227 0.000
0.334 0.424 0.394 0.374 0.000 0.000 0.304 0.000 0.514 0.000 0.484 0.424 0.364 0.244 0.014 0.253 0.000 0.423 0.084 0.464 0.474 0.000 0.733 0.513 0.593 0.057 0.002 0.186 0.216 0.886 0.000 0.016 0.596 0.626 0.001 0.000 0.000 0.000 0.861 0.781 0.931 0.881 0.000 0.000 0.573 0.373 0.503 0.000 0.000 0.000 0.269 0.000 0.000 0.000 0.000 0.000 0.027 0.004 0.000 0.000 0.000 0.000 0.000 0.000 0.000 0.000 0.000 0.000 0.000 0.202 0.000 0.000 0.000 0.000 0.000 0.000 0.157
0.000 0.000 0.304 0.644 0.504 0.394 0.434 0.000 0.434 0.364 0.534 0.594 0.384 0.414 0.484 0.434 0.474 0.514 0.444 0.454 0.524 0.704 0.005 0.543 0.000 0.466 0.386 0.156 0.426 0.346 0.276 0.000 0.786 0.756 0.666 0.756 0.826 0.000 0.000 0.871 0.821 0.881 0.871 0.821 0.000 0.000 0.613 0.343 0.000 0.929 0.599 0.109 0.000 0.000 0.389 0.000 0.000 0.029 0.089 0.049 0.000 0.000 0.000 0.000 0.000 0.000 0.000 0.122 0.192 0.000 0.000 0.091 0.000 0.000 0.000 0.000 0.000
0.960 0.000 0.000 0.000 0.000 0.814 0.394 0.524 0.734 0.624 0.584 0.564 0.044 0.194 0.074 0.204 0.274 0.000 0.414 0.000 0.404 0.264 0.394 0.154 0.074 0.000 0.376 0.026 0.396 0.456 0.106 0.000 0.000 0.636 0.000 0.766 0.096 0.000 0.761 0.471 0.000 0.821 0.811 0.871 0.891 0.000 0.000 0.000 0.649 0.739 0.649 0.699 0.000 0.759 0.549 0.829 0.829 0.000 0.179 0.000 0.000 0.000 0.000 0.000 0.000 0.000 0.000 0.000 0.000 0.000 0.000 0.000 0.000 0.000 0.221 0.000 0.000
0.000 0.790 0.580 0.089 0.876 0.058 0.000 0.524 0.634 0.000 0.424 0.634 0.494 0.514 0.364 0.424 0.000 0.484 0.224 0.364 0.224 0.904 0.000 0.445 0.515 0.000 0.426 0.276 0.000 0.686 0.676 0.466 0.466 0.516 0.376 0.636 0.226 0.000 0.000 0.149 0.000 0.781 0.000 0.761 0.741 0.441 0.000 0.519 0.619 0.239 0.709 0.619 0.479 0.559 0.579 0.559 0.819 0.000 0.649 0.039 0.000 0.011 0.000 0.000 0.021 0.000 0.000 0.000 0.000 0.000 0.000 0.000 0.000 0.000 0.000 0.000 0.211
0.610 0.820 0.800 0.550 0.000 0.718 0.000 0.594 0.114 0.254 0.000 0.664 1.124 0.194 0.374 0.524 0.454 0.484 0.504 0.000 0.634 0.134 0.315 0.275 0.000 0.506 0.496 0.000 0.536 0.116 0.000 0.066 0.516 0.106 0.596 0.596 0.576 0.596 0.436 0.786 0.706 0.000 0.741 0.000 0.000 0.000 0.369 0.999 0.089 0.699 0.379 0.729 0.799 0.459 0.429 0.839 0.029 0.839 0.879 0.119 0.529 0.000 0.322 0.142 0.000 0.043 0.000 0.000 0.000 0.222 0.232 0.000 0.000 0.000 0.000 0.000 0.171
0.640 0.740 0.000 0.020 0.000 0.000 0.964 0.304 0.444 0.364 0.144 0.000 0.744 0.974 0.104 0.514 0.524 0.005 0.424 0.275 0.000 0.405 0.485 0.000 0.566 0.576 0.000 0.686 0.516 0.706 0.656 0.276 0.346 0.000 0.736 0.000 0.000 0.000 0.000 0.596 0.000 0.000 0.000 0.000 0.000 0.399 0.829 0.179 0.769 0.459 0.709 0.669 0.219 0.169 0.849 0.002 0.799 0.309 0.000 0.000 0.269 0.000 0.000 0.000 0.134 0.001 0.000 0.000 0.055 0.000 0.000 0.042 0.302 0.000 0.000 0.000 0.000
0.000 0.000 0.000 0.000 0.216 0.276 0.000 0.114 0.464 0.154 0.854 0.274 0.294 0.484 0.484 0.564 0.384 0.594 0.564 0.275 0.345 0.445 0.000 0.415 0.556 0.446 0.586 0.726 0.706 0.000 0.026 0.536 0.556 0.476 0.396 0.476 0.526 0.386 0.000 0.566 0.000 0.331 0.000 0.000 0.862 0.000 0.000 0.759 0.749 0.559 0.789 0.229 0.000 0.809 0.569 0.879 0.849 0.000 0.609 0.000 0.499 0.479 0.000 0.554 0.274 0.055 0.245 0.295 0.145 0.000 0.182 0.000 0.000 0.121 0.000 0.000 0.000
0.000 0.000 0.000 0.436 0.000 0.506 0.406 0.075 0.384 0.000 0.000 0.000 0.714 0.000 0.464 0.474 0.654 1.314 0.000 0.596 0.606 0.000 0.515 0.495 0.000 0.616 0.156 0.000 0.246 0.066 0.000 0.556 0.056 0.346 0.000 0.000 0.000 0.246 0.516 0.416 0.366 0.000 0.000 0.000 0.112 1.192 1.232 0.000 0.109 0.000 0.000 0.169 0.679 0.699 0.869 0.819 0.109 0.579 0.629 0.709 0.000 0.439 0.014 0.354 0.000 0.000 0.215 0.055 0.155 0.000 0.222 0.000 0.011 0.000 0.000 0.022 0.002
0.000 0.000 0.496 0.096 0.496 0.456 0.396 0.006 0.384 0.314 0.374 0.344 0.194 0.144 0.464 0.000 0.075 0.000 1.206 0.000 0.527 0.367 0.000 0.785 0.445 0.175 0.236 0.716 0.606 0.526 0.696 0.656 0.526 0.536 0.186 0.436 0.000 0.000 0.776 0.000 0.336 0.000 0.662 0.000 0.782 0.052 0.782 0.000 1.269 0.000 0.189 0.139 0.729 0.809 0.599 0.579 0.279 0.000 0.679 0.699 0.579 0.469 0.000 0.000 0.000 0.000 0.545 0.315 0.010 0.202 0.182 0.000 0.000 0.000 0.000 0.000 0.262
0.000 0.326 0.466 0.326 0.256 0.000 0.000 0.000 0.304 0.000 0.314 0.384 0.544 0.574 0.584 0.000 0.566 0.576 0.746 0.207 0.397 0.348 0.312 0.375 0.445 0.345 1.106 0.000 0.000 0.026 0.156 0.126 0.676 0.376 0.616 0.000 0.000 0.816 1.136 0.000 0.000 0.000 0.352 0.582 0.332 0.732 0.402 0.005 0.709 0.309 0.799 0.849 0.799 0.000 0.529 0.609 0.000 0.678 0.000 0.379 0.659 0.699 0.669 0.000 0.000 0.101 0.000 0.000 0.092 0.302 0.000 0.000 0.000 0.000 0.000 0.000 0.000
0.336 0.486 0.456 0.176 0.096 0.000 0.000 0.000 0.000 0.000 0.000 0.334 0.464 0.144 0.464 0.904 0.275 0.003 0.946 0.117 0.117 0.000 0.124 0.015 0.245 0.255 0.806 0.000 0.000 1.106 0.316 0.296 0.186 0.596 0.000 0.486 0.000 0.886 0.000 0.000 0.552 0.000 0.000 0.632 0.000 0.722 0.000 0.199 0.589 0.000 0.189 0.000 0.909 0.549 0.329 0.000 0.000 0.078 0.508 0.000 0.000 0.549 0.649 0.679 0.639 0.000 0.000 0.000 1.212 0.782 0.000 0.000 0.000 0.000 0.000 0.000 0.000
0.496 0.196 0.000 0.506 0.000 0.000 0.000 0.000 0.000 0.000 0.000 0.006 0.294 0.000 0.374 0.424 0.000 0.135 0.000 0.112 0.000 0.165 0.595 0.215 0.075 0.186 0.476 0.496 0.426 0.002 0.166 0.000 0.266 0.476 0.000 0.286 0.676 0.776 0.000 0.000 0.422 0.562 0.402 0.402 0.482 0.692 0.000 0.289 0.409 0.109 0.139 0.959 0.049 0.239 0.059 0.000 0.000 0.000 0.208 0.000 0.071 0.000 0.669 0.389 0.479 0.549 0.000 1.201 0.000 0.000 0.163 0.000 0.000 0.000 0.121 0.000 0.000
0.000 0.000 0.000 0.000 0.000 0.000 0.000 0.000 0.000 0.000 0.000 0.000 0.000 0.352 0.000 0.000 0.002 0.315 0.525 0.545 0.835 0.125 0.000 0.116 0.306 0.316 0.606 0.000 0.576 1.016 0.336 0.000 0.000 0.406 0.576 0.166 0.000 0.746 0.000 0.322 0.000 0.000 0.662 0.000 0.462 0.000 0.000 0.000 0.000 0.000 0.000 1.209 0.049 0.779 0.569 0.000 0.000 0.000 0.005 0.000 0.000 0.693 0.000 0.000 0.519 0.000 0.000 0.000 0.502 0.000 0.553 0.253 0.000 0.000 0.011 0.000 0.000
0.572 0.000 0.000 0.000 0.000 0.000 0.000 0.000 0.000 0.000 0.000 0.000 0.000 0.142 0.000 0.000 0.000 0.485 0.585 0.000 0.595 0.256 0.306 0.166 0.286 0.186 0.000 0.000 0.896 0.436 0.806 1.086 0.576 0.966 0.866 0.000 0.000 0.002 0.000 0.252 0.000 0.000 0.562 0.000 0.642 0.000 0.661 0.571 0.601 0.191 0.451 0.000 0.000 0.000 0.049 0.010 0.006 0.190 0.680 0.000 0.000 0.483 0.013 0.153 0.000 0.000 0.000 0.000 0.492 0.001 0.043 0.103 0.000 0.811 0.000 0.000 0.000
0.000 0.016 0.146 0.000 0.000 0.000 0.000 0.000 0.000 0.000 0.000 0.000 0.000 0.000 0.000 0.000 0.000 0.000 0.000 0.166 0.166 0.000 0.436 0.376 0.366 0.036 0.846 0.296 0.596 0.000 0.000 0.000 0.506 1.076 1.106 1.176 1.166 0.000 0.000 0.712 0.672 0.000 0.702 0.712 0.582 0.142 0.441 0.000 0.081 0.321 0.000 0.186 1.526 0.846 0.024 0.182 0.000 0.000 0.001 0.000 0.251 0.000 0.000 0.000 0.000 0.830 0.530 0.700 0.000 0.001 0.000 0.000 0.913 0.000 0.502 0.000 0.000
