includes/oleron/floodfiles/results/res-0005.wdfp
ncols         631
nrows         906
xllcorner     364927.146667
yllcorner     6531972.565556
cellsize      20.000000
NODATA_value  -9999.000000
[rows 408 to 441 of 906, columns 539 to 615 of 631]
4.997 5.008 5.018 5.029 5.040 5.050 5.061 5.072 5.082 5.086 5.084 5.082 5.080 5.078 5.079 5.146 5.213 5.279 5.346 5.413 5.480 5.547 5.614 5.681 5.778 5.908 6.038 6.168 6.299 6.429 6.529 6.626 6.723 6.820 6.917 7.014 7.111 7.208 7.305 7.405 7.505 7.605 7.705 7.805 7.905 7.981 8.056 8.132 8.207 8.283 8.359 8.434 8.494 8.470 8.446 8.422 8.397 8.373 8.349 8.319 8.274 8.228 8.183 8.138 8.092 8.047 8.009 7.972 7.935 7.898 7.860 7.823 7.786 7.749 7.714 7.693 7.673
4.962 4.972 4.983 4.994 5.004 5.015 5.026 5.036 5.047 5.058 5.056 5.054 5.052 5.050 5.089 5.156 5.223 5.290 5.357 5.423 5.490 5.557 5.624 5.691 5.758 5.882 6.012 6.142 6.273 6.387 6.484 6.581 6.678 6.775 6.872 6.969 7.066 7.163 7.260 7.358 7.458 7.558 7.658 7.758 7.843 7.918 7.994 8.070 8.145 8.221 8.296 8.372 8.448 8.457 8.433 8.408 8.384 8.360 8.336 8.291 8.246 8.201 8.155 8.110 8.065 8.019 7.978 7.941 7.903 7.866 7.829 7.792 7.755 7.717 7.695 7.675 7.655
4.926 4.937 4.947 4.958 4.969 4.979 4.990 5.001 5.011 5.022 5.028 5.026 5.024 5.032 5.099 5.166 5.233 5.300 5.367 5.434 5.500 5.567 5.634 5.701 5.768 5.856 5.986 6.116 6.244 6.341 6.438 6.535 6.632 6.729 6.826 6.923 7.020 7.117 7.214 7.311 7.411 7.511 7.611 7.705 7.780 7.856 7.932 8.007 8.083 8.159 8.234 8.310 8.385 8.444 8.419 8.395 8.371 8.347 8.309 8.263 8.218 8.173 8.128 8.082 8.037 7.992 7.946 7.909 7.872 7.835 7.798 7.761 7.723 7.697 7.677 7.657 7.637
4.891 4.901 4.912 4.923 4.933 4.944 4.955 4.965 4.976 4.987 4.997 4.998 4.996 5.043 5.109 5.176 5.243 5.310 5.377 5.444 5.511 5.577 5.644 5.711 5.778 5.845 5.960 6.090 6.199 6.296 6.393 6.490 6.587 6.684 6.781 6.878 6.975 7.072 7.169 7.266 7.364 7.464 7.564 7.643 7.718 7.794 7.869 7.945 8.021 8.096 8.172 8.247 8.323 8.399 8.406 8.382 8.358 8.326 8.281 8.236 8.191 8.145 8.100 8.055 8.009 7.964 7.919 7.878 7.841 7.804 7.766 7.729 7.699 7.679 7.659 7.639 7.619
4.855 4.866 4.877 4.887 4.898 4.908 4.919 4.930 4.940 4.951 4.962 4.970 4.986 5.053 5.120 5.187 5.253 5.320 5.387 5.454 5.521 5.588 5.655 5.721 5.788 5.855 5.934 6.056 6.153 6.250 6.347 6.444 6.541 6.638 6.735 6.832 6.929 7.026 7.124 7.221 7.318 7.417 7.505 7.580 7.656 7.731 7.807 7.883 7.958 8.034 8.110 8.185 8.261 8.336 8.393 8.369 8.344 8.299 8.253 8.208 8.163 8.118 8.072 8.027 7.982 7.936 7.891 7.847 7.809 7.772 7.735 7.701 7.681 7.661 7.641 7.621 7.600
4.820 4.830 4.841 4.852 4.863 4.876 4.889 4.901 4.914 4.927 4.939 4.952 5.000 5.066 5.133 5.200 5.267 5.334 5.400 5.467 5.534 5.601 5.668 5.734 5.801 5.868 5.935 6.014 6.110 6.207 6.304 6.400 6.497 6.593 6.690 6.787 6.884 6.981 7.078 7.175 7.272 7.367 7.442 7.518 7.594 7.669 7.745 7.820 7.896 7.972 8.047 8.123 8.199 8.274 8.350 8.356 8.316 8.271 8.226 8.180 8.135 8.090 8.045 7.999 7.954 7.908 7.863 7.818 7.778 7.741 7.704 7.683 7.663 7.643 7.623 7.602 7.582
4.851 4.863 4.876 4.889 4.901 4.914 4.927 4.939 4.952 4.965 4.977 4.996 5.028 5.092 5.159 5.226 5.293 5.360 5.427 5.493 5.560 5.627 5.694 5.761 5.827 5.894 5.950 5.987 6.084 6.180 6.277 6.374 6.470 6.567 6.663 6.760 6.857 6.953 7.050 7.146 7.243 7.403 7.503 7.571 7.639 7.708 7.776 7.844 7.912 7.980 8.048 8.116 8.185 8.253 8.321 8.333 8.288 8.243 8.198 8.153 8.107 8.062 8.017 7.971 7.926 7.881 7.835 7.790 7.747 7.710 7.685 7.665 7.645 7.625 7.604 7.584 7.564
4.889 4.901 4.914 4.927 4.939 4.952 4.965 4.977 4.990 5.003 5.015 5.043 5.075 5.119 5.185 5.252 5.319 5.386 5.453 5.520 5.586 5.653 5.720 5.787 5.854 5.920 5.959 5.994 6.057 6.154 6.251 6.347 6.444 6.540 6.637 6.733 6.830 6.927 7.023 7.120 7.238 7.428 7.595 7.664 7.732 7.800 7.868 7.936 8.004 8.072 8.141 8.209 8.277 8.345 8.412 8.312 8.253 8.209 8.164 8.120 8.075 8.031 7.986 7.942 7.897 7.853 7.808 7.762 7.717 7.687 7.667 7.647 7.627 7.606 7.586 7.566 7.546
4.927 4.940 4.952 4.965 4.978 4.990 5.003 5.016 5.028 5.041 5.058 5.091 5.123 5.155 5.212 5.278 5.345 5.412 5.479 5.546 5.613 5.679 5.746 5.813 5.880 5.933 5.968 6.003 6.039 6.127 6.224 6.320 6.417 6.514 6.610 6.707 6.803 6.900 6.997 7.093 7.263 7.452 7.641 7.756 7.824 7.892 7.960 8.028 8.097 8.165 8.233 8.301 8.369 8.437 8.403 8.304 8.219 8.174 8.129 8.085 8.040 7.996 7.951 7.907 7.862 7.818 7.773 7.729 7.691 7.672 7.651 7.630 7.609 7.589 7.568 7.548 7.528
4.965 4.978 4.990 5.003 5.016 5.028 5.041 5.054 5.066 5.079 5.106 5.138 5.171 5.203 5.238 5.305 5.371 5.438 5.505 5.572 5.639 5.705 5.772 5.839 5.906 5.942 5.977 6.012 6.048 6.101 6.197 6.294 6.390 6.487 6.584 6.680 6.777 6.873 6.970 7.098 7.287 7.476 7.665 7.848 7.916 7.984 8.053 8.121 8.189 8.257 8.325 8.393 8.461 8.494 8.395 8.295 8.196 8.139 8.095 8.050 8.006 7.961 7.916 7.872 7.827 7.783 7.738 7.694 7.677 7.660 7.639 7.618 7.597 7.576 7.555 7.533 7.512
5.003 5.016 5.028 5.041 5.054 5.066 5.079 5.092 5.104 5.121 5.154 5.186 5.218 5.251 5.283 5.331 5.398 5.464 5.531 5.598 5.665 5.732 5.799 5.865 5.916 5.951 5.986 6.022 6.057 6.092 6.171 6.267 6.364 6.460 6.557 6.654 6.750 6.847 6.943 7.122 7.311 7.500 7.690 7.879 8.009 8.077 8.145 8.213 8.281 8.349 8.417 8.486 8.554 8.485 8.386 8.287 8.187 8.104 8.060 8.015 7.971 7.926 7.882 7.837 7.792 7.748 7.703 7.680 7.663 7.647 7.627 7.606 7.585 7.564 7.542 7.521 7.500
5.041 5.054 5.066 5.079 5.092 5.104 5.117 5.130 5.142 5.169 5.201 5.234 5.266 5.298 5.331 5.363 5.424 5.491 5.557 5.624 5.691 5.758 5.825 5.889 5.925 5.960 5.995 6.031 6.066 6.101 6.144 6.241 6.337 6.434 6.530 6.627 6.724 6.820 6.957 7.146 7.335 7.525 7.714 7.903 8.092 8.169 8.237 8.305 8.373 8.442 8.510 8.578 8.576 8.477 8.377 8.278 8.178 8.079 8.025 7.980 7.936 7.891 7.847 7.802 7.758 7.713 7.682 7.666 7.650 7.633 7.615 7.594 7.573 7.552 7.530 7.509 7.488
5.065 5.092 5.105 5.117 5.130 5.143 5.155 5.168 5.184 5.217 5.249 5.281 5.314 5.346 5.378 5.411 5.450 5.517 5.584 5.650 5.717 5.784 5.851 5.898 5.934 5.969 6.004 6.040 6.075 6.110 6.146 6.214 6.311 6.407 6.504 6.600 6.697 6.794 6.981 7.170 7.360 7.549 7.738 7.927 8.117 8.261 8.329 8.398 8.466 8.534 8.602 8.667 8.568 8.468 8.369 8.269 8.170 8.070 7.990 7.946 7.901 7.856 7.812 7.767 7.723 7.685 7.669 7.652 7.636 7.619 7.603 7.582 7.561 7.539 7.518 7.497 7.476
5.077 5.127 5.143 5.155 5.168 5.181 5.193 5.206 5.232 5.264 5.297 5.329 5.361 5.393 5.426 5.458 5.490 5.543 5.610 5.677 5.743 5.810 5.872 5.907 5.943 5.978 6.013 6.049 6.084 6.119 6.155 6.190 6.284 6.381 6.477 6.574 6.670 6.816 7.005 7.195 7.384 7.573 7.762 7.952 8.141 8.330 8.422 8.490 8.558 8.626 8.694 8.658 8.559 8.460 8.360 8.261 8.161 8.062 7.962 7.911 7.866 7.822 7.777 7.732 7.688 7.671 7.655 7.638 7.622 7.606 7.589 7.570 7.549 7.527 7.506 7.485 7.464
5.088 5.138 5.181 5.194 5.206 5.219 5.231 5.247 5.279 5.312 5.344 5.377 5.409 5.441 5.474 5.506 5.538 5.571 5.636 5.703 5.770 5.837 5.881 5.917 5.952 5.987 6.023 6.058 6.093 6.129 6.164 6.199 6.258 6.354 6.451 6.547 6.651 6.840 7.030 7.219 7.408 7.597 7.787 7.976 8.165 8.355 8.514 8.582 8.650 8.718 8.749 8.650 8.550 8.451 8.351 8.252 8.152 8.053 7.953 7.876 7.831 7.787 7.742 7.698 7.674 7.657 7.641 7.625 7.608 7.592 7.575 7.558 7.537 7.515 7.494 7.473 7.452
5.100 5.150 5.200 5.232 5.244 5.257 5.270 5.295 5.327 5.359 5.392 5.424 5.456 5.489 5.521 5.553 5.586 5.618 5.662 5.729 5.796 5.855 5.890 5.926 5.961 5.996 6.032 6.067 6.102 6.138 6.173 6.208 6.243 6.328 6.424 6.521 6.675 6.865 7.054 7.243 7.432 7.622 7.811 8.000 8.190 8.379 8.568 8.675 8.743 8.811 8.740 8.641 8.542 8.442 8.343 8.243 8.144 8.044 7.945 7.845 7.796 7.752 7.707 7.676 7.660 7.644 7.627 7.611 7.594 7.578 7.561 7.545 7.525 7.503 7.482 7.461 7.440
5.112 5.162 5.212 5.262 5.283 5.295 5.310 5.342 5.375 5.407 5.439 5.472 5.504 5.536 5.569 5.601 5.633 5.666 5.698 5.755 5.822 5.864 5.900 5.935 5.970 6.005 6.041 6.076 6.111 6.147 6.182 6.217 6.253 6.301 6.398 6.510 6.700 6.889 7.078 7.267 7.457 7.646 7.835 8.024 8.214 8.403 8.592 8.767 8.835 8.831 8.732 8.632 8.533 8.434 8.334 8.235 8.135 8.036 7.936 7.836 7.762 7.717 7.679 7.663 7.646 7.630 7.613 7.597 7.581 7.564 7.548 7.531 7.513 7.491 7.470 7.449 7.428
5.123 5.173 5.224 5.274 5.321 5.333 5.358 5.390 5.423 5.455 5.487 5.519 5.552 5.584 5.616 5.649 5.681 5.713 5.746 5.782 5.838 5.873 5.909 5.944 5.979 6.015 6.050 6.085 6.120 6.156 6.191 6.226 6.262 6.297 6.371 6.535 6.724 6.913 7.102 7.292 7.481 7.670 7.859 8.049 8.238 8.427 8.617 8.806 8.922 8.823 8.723 8.624 8.524 8.425 8.325 8.226 8.126 8.027 7.927 7.828 7.728 7.682 7.665 7.649 7.632 7.616 7.600 7.583 7.567 7.550 7.534 7.517 7.501 7.479 7.458 7.437 7.419
5.135 5.185 5.235 5.285 5.335 5.373 5.406 5.438 5.470 5.502 5.535 5.566 5.595 5.623 5.651 5.679 5.708 5.736 5.764 5.792 5.824 5.860 5.896 5.932 5.968 6.004 6.040 6.076 6.112 6.148 6.184 6.220 6.256 6.292 6.352 6.539 6.725 6.912 7.099 7.286 7.473 7.660 7.847 8.034 8.222 8.409 8.596 8.783 8.944 8.858 8.756 8.654 8.552 8.451 8.349 8.247 8.145 8.043 7.941 7.839 7.737 7.663 7.651 7.635 7.619 7.602 7.586 7.570 7.553 7.537 7.520 7.504 7.487 7.467 7.446 7.427 7.413
5.143 5.191 5.238 5.285 5.332 5.354 5.371 5.399 5.427 5.456 5.484 5.512 5.541 5.569 5.597 5.625 5.654 5.682 5.710 5.737 5.763 5.799 5.835 5.871 5.907 5.943 5.979 6.015 6.051 6.086 6.122 6.159 6.195 6.230 6.330 6.473 6.660 6.847 7.034 7.221 7.408 7.595 7.782 7.969 8.156 8.343 8.530 8.717 8.859 8.936 8.834 8.732 8.630 8.528 8.426 8.325 8.223 8.121 8.019 7.917 7.770 7.596 7.589 7.582 7.575 7.568 7.560 7.553 7.539 7.523 7.506 7.490 7.473 7.455 7.435 7.421 7.408
5.132 5.180 5.227 5.274 5.321 5.323 5.317 5.345 5.373 5.402 5.430 5.458 5.486 5.515 5.543 5.571 5.599 5.628 5.656 5.682 5.708 5.737 5.773 5.809 5.845 5.881 5.917 5.953 5.989 6.025 6.061 6.097 6.133 6.201 6.311 6.422 6.594 6.781 6.968 7.155 7.342 7.529 7.716 7.903 8.090 8.277 8.464 8.636 8.773 8.911 8.912 8.810 8.708 8.606 8.504 8.402 8.300 8.198 8.096 7.980 7.774 7.568 7.522 7.515 7.508 7.500 7.493 7.486 7.479 7.472 7.465 7.458 7.450 7.443 7.429 7.416 7.403
5.121 5.169 5.216 5.263 5.299 5.293 5.287 5.291 5.319 5.348 5.376 5.404 5.432 5.461 5.489 5.517 5.545 5.574 5.601 5.627 5.653 5.679 5.712 5.748 5.784 5.820 5.856 5.892 5.928 5.964 6.000 6.036 6.072 6.182 6.293 6.403 6.528 6.715 6.902 7.089 7.276 7.463 7.650 7.837 8.024 8.211 8.398 8.550 8.688 8.825 8.963 8.888 8.786 8.684 8.582 8.480 8.378 8.276 8.174 7.984 7.778 7.572 7.455 7.448 7.440 7.433 7.426 7.419 7.412 7.405 7.398 7.391 7.383 7.371 7.368 7.371 7.373
5.111 5.158 5.205 5.252 5.268 5.262 5.256 5.251 5.265 5.293 5.322 5.350 5.378 5.406 5.435 5.463 5.491 5.519 5.546 5.572 5.597 5.623 5.651 5.687 5.723 5.759 5.795 5.831 5.867 5.903 5.939 5.975 6.054 6.164 6.274 6.384 6.495 6.649 6.836 7.023 7.210 7.397 7.584 7.771 7.958 8.145 8.328 8.465 8.602 8.740 8.877 8.965 8.863 8.761 8.660 8.558 8.456 8.354 8.195 7.988 7.782 7.576 7.388 7.380 7.373 7.366 7.359 7.352 7.345 7.338 7.331 7.323 7.312 7.298 7.290 7.293 7.296
5.100 5.147 5.194 5.241 5.238 5.232 5.226 5.220 5.214 5.239 5.268 5.296 5.324 5.352 5.381 5.409 5.437 5.464 5.490 5.516 5.542 5.568 5.594 5.626 5.662 5.698 5.734 5.770 5.806 5.842 5.878 5.925 6.035 6.145 6.256 6.366 6.476 6.586 6.770 6.957 7.144 7.331 7.518 7.705 7.892 8.079 8.242 8.380 8.517 8.654 8.792 8.929 8.941 8.839 8.737 8.636 8.534 8.405 8.198 7.992 7.786 7.580 7.374 7.313 7.306 7.299 7.292 7.285 7.278 7.271 7.263 7.253 7.239 7.226 7.213 7.216 7.218
5.089 5.136 5.183 5.213 5.207 5.201 5.196 5.190 5.184 5.185 5.213 5.242 5.270 5.298 5.326 5.355 5.383 5.409 5.435 5.461 5.487 5.513 5.539 5.565 5.601 5.637 5.673 5.709 5.745 5.781 5.817 5.906 6.017 6.127 6.237 6.347 6.458 6.568 6.704 6.891 7.078 7.265 7.452 7.639 7.826 8.013 8.157 8.294 8.432 8.569 8.706 8.844 8.981 8.917 8.815 8.713 8.611 8.409 8.202 7.996 7.790 7.584 7.378 7.246 7.239 7.232 7.225 7.218 7.211 7.203 7.193 7.180 7.167 7.153 7.140 7.138 7.141
5.078 5.125 5.172 5.183 5.177 5.171 5.165 5.159 5.153 5.148 5.159 5.188 5.216 5.244 5.272 5.301 5.328 5.354 5.380 5.406 5.432 5.457 5.483 5.509 5.540 5.576 5.612 5.648 5.684 5.720 5.777 5.888 5.998 6.108 6.218 6.329 6.439 6.549 6.660 6.825 7.012 7.199 7.386 7.573 7.760 7.934 8.072 8.209 8.346 8.484 8.621 8.758 8.896 8.995 8.893 8.791 8.619 8.413 8.206 8.000 7.794 7.588 7.381 7.179 7.172 7.165 7.158 7.151 7.143 7.134 7.121 7.107 7.094 7.081 7.067 7.061 7.063
5.067 5.114 5.158 5.152 5.146 5.140 5.135 5.129 5.123 5.117 5.111 5.133 5.162 5.190 5.218 5.246 5.272 5.298 5.324 5.350 5.376 5.402 5.428 5.454 5.480 5.515 5.551 5.587 5.622 5.659 5.759 5.869 5.979 6.090 6.200 6.310 6.421 6.531 6.641 6.759 6.946 7.133 7.320 7.507 7.694 7.849 7.986 8.124 8.261 8.398 8.536 8.673 8.810 8.948 8.971 8.829 8.623 8.416 8.210 8.004 7.798 7.592 7.385 7.179 7.105 7.098 7.091 7.084 7.075 7.061 7.048 7.035 7.021 7.008 6.995 6.983 6.986
5.056 5.103 5.128 5.122 5.116 5.110 5.104 5.098 5.092 5.087 5.081 5.079 5.108 5.136 5.164 5.191 5.217 5.243 5.269 5.295 5.321 5.347 5.373 5.399 5.425 5.453 5.489 5.525 5.561 5.630 5.740 5.851 5.961 6.071 6.182 6.292 6.402 6.512 6.623 6.733 6.880 7.067 7.254 7.441 7.626 7.764 7.901 8.038 8.176 8.313 8.450 8.588 8.725 8.862 9.029 8.833 8.627 8.420 8.214 8.008 7.802 7.596 7.389 7.183 7.038 7.031 7.024 7.015 7.002 6.989 6.976 6.962 6.949 6.935 6.922 6.909 6.908
5.045 5.092 5.097 5.091 5.085 5.080 5.074 5.068 5.062 5.056 5.050 5.044 5.054 5.082 5.110 5.136 5.162 5.188 5.214 5.240 5.266 5.292 5.317 5.343 5.369 5.395 5.428 5.464 5.501 5.612 5.722 5.832 5.942 6.053 6.163 6.273 6.384 6.494 6.604 6.714 6.825 7.001 7.188 7.375 7.541 7.678 7.816 7.953 8.090 8.228 8.365 8.505 8.703 8.900 9.098 8.948 8.712 8.476 8.240 8.012 7.806 7.600 7.393 7.187 6.981 6.964 6.956 6.943 6.930 6.916 6.903 6.889 6.876 6.863 6.849 6.836 6.831
5.034 5.073 5.067 5.061 5.055 5.049 5.043 5.037 5.031 5.026 5.020 5.014 5.008 5.028 5.054 5.080 5.106 5.132 5.158 5.184 5.210 5.236 5.262 5.288 5.314 5.340 5.367 5.403 5.483 5.593 5.703 5.814 5.924 6.034 6.144 6.255 6.365 6.475 6.586 6.696 6.806 6.935 7.122 7.309 7.456 7.593 7.730 7.868 8.005 8.178 8.376 8.574 8.772 8.970 9.168 9.067 8.831 8.595 8.359 8.123 7.887 7.651 7.415 7.191 6.985 6.896 6.884 6.870 6.857 6.844 6.830 6.817 6.804 6.790 6.777 6.763 6.753
5.023 5.042 5.036 5.030 5.024 5.019 5.013 5.007 5.001 4.995 4.989 4.983 4.978 4.974 4.999 5.025 5.051 5.077 5.103 5.129 5.155 5.181 5.207 5.233 5.259 5.285 5.310 5.354 5.464 5.575 5.685 5.795 5.905 6.016 6.126 6.236 6.346 6.457 6.567 6.677 6.788 6.898 7.056 7.233 7.370 7.508 7.654 7.852 8.050 8.248 8.446 8.643 8.841 9.039 9.237 9.186 8.950 8.714 8.478 8.242 8.006 7.770 7.534 7.298 7.062 6.849 6.818 6.798 6.784 6.771 6.758 6.744 6.731 6.718 6.704 6.691 6.677
5.012 5.012 5.006 5.000 4.994 4.988 4.983 4.977 4.971 4.966 4.960 4.954 4.949 4.954 4.973 4.999 5.024 5.049 5.074 5.099 5.124 5.150 5.175 5.200 5.225 5.250 5.275 5.322 5.433 5.545 5.657 5.769 5.880 5.992 6.104 6.216 6.328 6.438 6.549 6.659 6.769 6.879 6.990 7.148 7.328 7.526 7.724 7.921 8.119 8.317 8.515 8.713 8.911 9.108 9.306 9.305 9.069 8.833 8.597 8.361 8.125 7.889 7.653 7.413 7.120 6.842 6.811 6.780 6.749 6.718 6.687 6.672 6.658 6.645 6.632 6.618 6.605
4.986 4.982 4.976 4.971 4.965 4.959 4.954 4.948 4.942 4.937 4.931 4.925 4.921 4.934 4.948 4.973 4.998 5.023 5.049 5.074 5.099 5.124 5.149 5.174 5.199 5.225 5.260 5.306 5.393 5.505 5.617 5.728 5.840 5.952 6.064 6.175 6.287 6.399 6.511 6.623 6.734 6.846 6.962 7.172 7.397 7.595 7.793 7.991 8.189 8.386 8.584 8.782 8.980 9.178 9.376 9.424 9.188 8.952 8.716 8.480 8.244 8.008 7.761 7.468 7.176 6.883 6.805 6.774 6.743 6.712 6.681 6.649 6.618 6.587 6.559 6.546 6.532
4.945 4.952 4.947 4.942 4.936 4.931 4.925 4.919 4.914 4.908 4.902 4.897 4.901 4.915 4.928 4.948 4.973 4.998 5.023 5.048 5.073 5.099 5.124 5.149 5.174 5.202 5.248 5.295 5.353 5.465 5.577 5.688 5.800 5.912 6.024 6.135 6.247 6.359 6.471 6.582 6.694 6.807 6.936 7.117 7.375 7.633 7.862 8.060 8.258 8.456 8.654 8.851 9.049 9.247 9.445 9.544 9.308 9.071 8.836 8.600 8.363 8.109 7.817 7.524 7.231 6.939 6.798 6.767 6.736 6.705 6.674 6.643 6.612 6.581 6.550 6.519 6.487
