includes/oleron/floodfiles/results/res-0006.wdfp
ncols         631
nrows         906
xllcorner     364927.146667
yllcorner     6531972.565556
cellsize      20.000000
NODATA_value  -9999.000000
[rows 204 to 237 of 906, columns 385 to 461 of 631]
1.022 1.692 2.652 2.762 2.802 2.672 2.792 2.852 2.912 2.882 3.001 2.971 3.031 2.961 3.151 3.081 3.554 3.581 3.608 3.635 3.101 3.161 3.161 3.744 3.771 3.798 3.825 3.853 3.882 3.918 3.954 3.981 3.990 3.999 4.008 4.016 4.025 4.034 4.043 4.051 4.060 4.069 4.090 4.133 4.176 4.219 4.262 4.304 4.347 4.388 4.425 4.463 4.500 4.538 4.575 4.574 4.568 4.561 4.555 4.548 4.542 4.535 4.529 4.522 4.512 4.498 4.483 4.476 4.488 4.499 4.503 4.506 4.509 4.513 4.516 4.519 4.523
1.822 2.522 2.602 2.582 2.622 2.692 2.832 2.842 2.902 2.932 3.082 3.011 3.021 3.151 3.151 3.091 3.547 3.101 3.602 3.151 3.656 3.683 3.710 3.738 3.765 3.792 3.819 3.846 3.878 3.914 3.950 3.986 4.011 4.020 4.029 4.038 4.046 4.055 4.064 4.072 4.081 4.090 4.120 4.162 4.205 4.248 4.291 4.334 4.377 4.420 4.461 4.499 4.536 4.573 4.611 4.604 4.598 4.591 4.585 4.579 4.572 4.566 4.553 4.539 4.524 4.510 4.495 4.491 4.503 4.515 4.527 4.533 4.536 4.540 4.543 4.546 4.550
2.382 2.532 2.492 2.722 2.672 2.692 2.852 2.872 3.002 3.002 3.002 3.032 3.072 3.452 3.091 3.061 3.541 3.131 3.595 3.623 3.650 3.677 3.704 3.731 3.758 3.786 3.813 3.840 3.875 3.910 3.946 3.982 4.017 4.041 4.050 4.059 4.067 4.076 4.085 4.094 4.102 4.111 4.149 4.192 4.235 4.278 4.321 4.364 4.407 4.449 4.492 4.535 4.572 4.609 4.641 4.635 4.628 4.622 4.615 4.609 4.594 4.580 4.565 4.551 4.537 4.522 4.508 4.505 4.517 4.529 4.541 4.553 4.563 4.566 4.570 4.573 4.577
2.422 2.562 2.612 2.702 2.812 2.852 2.782 2.802 2.832 2.962 2.882 2.952 3.002 3.042 3.011 3.091 3.535 3.562 3.589 3.141 3.643 3.670 3.698 3.725 3.752 3.779 3.806 3.835 3.871 3.907 3.942 3.978 4.014 4.049 4.071 4.080 4.089 4.097 4.106 4.115 4.123 4.136 4.179 4.222 4.265 4.307 4.350 4.393 4.436 4.479 4.522 4.565 4.608 4.645 4.672 4.665 4.659 4.650 4.635 4.621 4.607 4.592 4.578 4.563 4.549 4.534 4.520 4.520 4.532 4.544 4.556 4.568 4.580 4.592 4.597 4.600 4.603
2.482 2.412 2.692 2.582 2.752 2.822 2.702 2.792 2.952 2.842 2.922 2.882 3.072 3.032 3.082 3.498 2.991 3.151 3.131 3.610 3.131 3.664 3.691 3.718 3.746 3.773 3.800 3.832 3.867 3.903 3.939 3.974 4.010 4.046 4.081 4.101 4.110 4.118 4.127 4.136 4.145 4.165 4.208 4.251 4.294 4.337 4.380 4.423 4.466 4.509 4.551 4.594 4.637 4.680 4.702 4.691 4.677 4.662 4.648 4.633 4.619 4.604 4.590 4.575 4.561 4.546 4.532 4.534 4.546 4.558 4.570 4.582 4.594 4.606 4.618 4.627 4.630
2.403 2.553 2.553 2.652 2.672 2.852 2.722 2.812 2.822 2.902 3.042 2.982 2.982 3.092 3.162 3.112 3.082 3.081 3.151 3.603 3.631 3.658 3.685 3.712 3.739 3.766 3.794 3.828 3.864 3.899 3.935 3.971 4.006 4.042 4.078 4.113 4.131 4.140 4.148 4.157 4.166 4.195 4.238 4.281 4.324 4.367 4.409 4.452 4.495 4.538 4.581 4.624 4.662 4.686 4.705 4.703 4.689 4.674 4.660 4.645 4.631 4.617 4.602 4.588 4.573 4.559 4.544 4.549 4.561 4.573 4.585 4.597 4.609 4.621 4.633 4.645 4.657
2.433 2.633 2.503 2.533 2.563 2.772 2.642 2.802 2.842 2.832 2.882 2.992 3.022 3.002 3.072 3.072 3.142 3.162 3.570 3.597 3.624 3.651 3.679 3.706 3.733 3.760 3.789 3.824 3.860 3.896 3.931 3.967 4.003 4.038 4.074 4.110 4.145 4.161 4.169 4.178 4.187 4.225 4.267 4.310 4.353 4.396 4.439 4.482 4.525 4.565 4.589 4.613 4.637 4.661 4.679 4.692 4.701 4.687 4.672 4.658 4.643 4.629 4.614 4.600 4.585 4.571 4.556 4.563 4.575 4.587 4.599 4.611 4.623 4.635 4.647 4.659 4.671
2.333 2.423 2.483 2.473 2.633 2.653 2.773 2.732 2.782 2.872 3.032 2.992 2.982 2.992 2.952 3.112 3.487 3.527 3.151 3.591 3.618 3.645 3.672 3.699 3.727 3.754 3.785 3.821 3.856 3.892 3.928 3.963 3.999 4.035 4.070 4.106 4.141 4.177 4.190 4.199 4.211 4.254 4.297 4.340 4.383 4.426 4.469 4.493 4.517 4.541 4.564 4.588 4.612 4.636 4.652 4.666 4.680 4.694 4.684 4.670 4.655 4.641 4.626 4.612 4.597 4.583 4.569 4.578 4.590 4.602 4.614 4.626 4.638 4.650 4.662 4.674 4.685
2.323 2.383 2.413 2.533 2.583 2.573 2.643 2.723 2.702 2.792 2.842 2.992 3.022 2.992 3.092 3.072 3.062 3.510 3.549 3.151 3.612 3.639 3.666 3.693 3.720 3.747 3.781 3.817 3.852 3.888 3.924 3.959 3.995 4.031 4.066 4.102 4.138 4.173 4.209 4.220 4.241 4.284 4.327 4.369 4.396 4.420 4.444 4.468 4.492 4.516 4.540 4.564 4.587 4.611 4.626 4.640 4.654 4.668 4.682 4.682 4.667 4.653 4.639 4.624 4.610 4.595 4.581 4.592 4.604 4.616 4.628 4.640 4.652 4.664 4.676 4.688 4.700
2.273 2.493 2.463 2.553 2.583 2.603 2.633 2.703 2.993 2.902 2.822 2.822 2.922 2.872 3.022 3.022 3.082 3.152 3.533 3.572 3.605 3.632 3.660 3.687 3.714 3.742 3.777 3.813 3.849 3.884 3.920 3.956 3.991 4.027 4.063 4.098 4.134 4.170 4.205 4.241 4.270 4.300 4.324 4.347 4.371 4.395 4.419 4.443 4.467 4.491 4.515 4.539 4.563 4.586 4.600 4.614 4.628 4.641 4.655 4.669 4.680 4.665 4.651 4.636 4.622 4.607 4.595 4.607 4.619 4.631 4.643 4.655 4.666 4.679 4.691 4.705 4.727
2.323 2.313 2.433 2.493 2.583 2.453 2.663 2.653 2.873 2.803 2.902 2.852 2.982 2.952 3.102 3.112 3.112 3.122 3.122 3.555 3.595 3.626 3.653 3.680 3.707 3.738 3.774 3.809 3.845 3.881 3.916 3.952 3.988 4.023 4.059 4.095 4.130 4.167 4.209 4.251 4.255 4.275 4.299 4.323 4.347 4.370 4.394 4.418 4.442 4.466 4.490 4.514 4.538 4.560 4.574 4.588 4.601 4.615 4.629 4.643 4.657 4.671 4.663 4.649 4.634 4.620 4.609 4.621 4.633 4.645 4.657 4.669 4.681 4.697 4.719 4.741 4.762
2.283 2.273 2.363 2.433 2.373 2.493 2.583 2.583 2.673 2.793 2.773 2.892 2.872 3.002 3.042 3.382 3.042 3.122 3.500 3.539 3.578 3.617 3.647 3.674 3.701 3.734 3.770 3.806 3.841 3.877 3.913 3.948 3.984 4.020 4.060 4.102 4.144 4.186 4.228 4.270 4.265 4.260 4.274 4.298 4.322 4.345 4.369 4.393 4.417 4.441 4.465 4.489 4.513 4.534 4.548 4.561 4.575 4.589 4.603 4.617 4.631 4.645 4.658 4.661 4.646 4.632 4.624 4.636 4.648 4.660 4.672 4.690 4.711 4.733 4.755 4.776 4.798
2.633 2.343 2.393 2.083 2.353 2.573 2.603 2.693 2.663 2.793 2.873 2.883 2.883 3.022 2.932 3.365 3.072 3.444 3.483 3.522 3.561 3.601 3.640 3.668 3.695 3.731 3.766 3.802 3.838 3.873 3.912 3.954 3.996 4.038 4.080 4.122 4.164 4.206 4.248 4.280 4.275 4.270 4.265 4.273 4.297 4.321 4.345 4.368 4.392 4.416 4.440 4.464 4.488 4.507 4.521 4.535 4.549 4.563 4.577 4.591 4.604 4.618 4.632 4.646 4.658 4.644 4.638 4.650 4.662 4.682 4.704 4.725 4.747 4.769 4.790 4.812 4.834
2.693 2.728 2.333 2.343 2.203 2.473 2.703 2.703 2.783 2.813 2.913 2.873 3.073 3.002 2.952 3.132 3.132 3.112 3.162 3.506 3.545 3.584 3.623 3.661 3.691 3.727 3.763 3.805 3.847 3.889 3.931 3.973 4.015 4.058 4.100 4.142 4.184 4.226 4.268 4.291 4.286 4.281 4.275 4.270 4.272 4.296 4.320 4.344 4.367 4.391 4.415 4.439 4.463 4.481 4.495 4.509 4.523 4.537 4.551 4.564 4.578 4.592 4.606 4.620 4.634 4.648 4.653 4.674 4.696 4.717 4.739 4.761 4.782 4.804 4.826 4.847 4.869
3.144 2.731 2.767 2.802 2.133 2.533 2.593 2.723 2.773 2.773 2.853 2.953 2.893 2.943 3.072 3.032 3.112 3.410 3.102 3.489 3.528 3.568 3.607 3.650 3.698 3.740 3.783 3.825 3.867 3.909 3.951 3.993 4.035 4.077 4.119 4.161 4.204 4.246 4.288 4.301 4.296 4.291 4.286 4.281 4.276 4.271 4.295 4.319 4.343 4.367 4.390 4.414 4.438 4.455 4.469 4.483 4.497 4.511 4.524 4.538 4.552 4.566 4.580 4.594 4.612 4.649 4.682 4.710 4.731 4.753 4.775 4.796 4.818 4.840 4.861 4.883 4.904
1.884 2.204 3.024 2.805 2.841 2.893 2.343 2.553 2.753 2.873 2.853 2.883 3.033 2.963 3.023 3.072 3.355 3.142 3.435 3.478 3.521 3.565 3.608 3.651 3.707 3.760 3.802 3.844 3.887 3.929 3.971 4.013 4.055 4.097 4.139 4.181 4.223 4.265 4.307 4.311 4.306 4.301 4.296 4.291 4.286 4.281 4.276 4.294 4.318 4.342 4.366 4.389 4.413 4.429 4.443 4.457 4.470 4.484 4.498 4.512 4.526 4.540 4.564 4.600 4.637 4.673 4.706 4.736 4.766 4.789 4.810 4.832 4.853 4.875 4.897 4.918 4.940
2.034 2.084 2.334 2.364 3.004 2.881 2.935 2.985 3.024 2.833 2.853 2.943 2.893 2.933 3.103 3.102 3.349 3.393 3.436 3.479 3.523 3.566 3.609 3.655 3.712 3.768 3.822 3.864 3.906 3.948 3.990 4.033 4.075 4.117 4.159 4.201 4.243 4.285 4.327 4.321 4.316 4.311 4.306 4.301 4.296 4.291 4.286 4.281 4.293 4.317 4.341 4.365 4.388 4.403 4.417 4.430 4.444 4.458 4.472 4.486 4.515 4.552 4.588 4.625 4.661 4.698 4.730 4.760 4.790 4.819 4.846 4.867 4.889 4.911 4.932 4.954 4.976
2.334 2.364 2.394 2.424 2.364 2.534 2.813 2.968 3.007 3.048 3.091 3.073 3.023 3.003 2.993 3.163 3.351 3.394 3.437 3.481 3.524 3.567 3.611 3.661 3.717 3.773 3.830 3.884 3.926 3.968 4.010 4.052 4.094 4.136 4.179 4.221 4.263 4.305 4.337 4.332 4.327 4.322 4.316 4.311 4.306 4.301 4.296 4.291 4.286 4.292 4.316 4.340 4.363 4.377 4.390 4.404 4.418 4.432 4.467 4.503 4.540 4.576 4.613 4.649 4.686 4.722 4.754 4.784 4.813 4.843 4.873 4.903 4.924 4.946 4.968 4.989 5.011
2.224 2.374 2.384 2.534 2.364 2.594 2.694 2.673 2.753 3.049 3.092 3.136 3.179 3.222 3.133 3.083 3.122 3.395 3.439 3.482 3.525 3.569 3.612 3.666 3.722 3.779 3.835 3.891 3.946 3.988 4.030 4.072 4.114 4.156 4.198 4.240 4.282 4.325 4.347 4.342 4.337 4.332 4.327 4.322 4.316 4.311 4.306 4.301 4.296 4.291 4.291 4.315 4.337 4.350 4.364 4.382 4.418 4.455 4.491 4.528 4.564 4.601 4.637 4.674 4.710 4.746 4.778 4.808 4.837 4.867 4.897 4.927 4.957 4.982 5.003 5.025 5.047
2.374 2.414 2.474 2.514 2.604 2.534 2.614 2.644 2.763 2.713 2.863 3.137 3.180 3.224 3.267 2.983 3.093 3.052 3.440 3.483 3.527 3.152 3.615 3.671 3.727 3.784 3.840 3.896 3.953 4.008 4.050 4.092 4.134 4.176 4.218 4.260 4.302 4.344 4.357 4.352 4.347 4.342 4.337 4.332 4.327 4.322 4.317 4.312 4.306 4.301 4.296 4.291 4.310 4.334 4.370 4.406 4.443 4.479 4.516 4.552 4.589 4.625 4.662 4.698 4.735 4.771 4.802 4.831 4.861 4.891 4.921 4.951 4.981 5.010 5.039 5.061 5.082
2.444 2.344 2.424 2.494 2.484 2.604 2.604 2.624 2.724 2.703 2.893 2.903 2.963 3.123 3.268 3.312 3.355 3.398 3.032 3.485 3.528 3.571 3.620 3.676 3.733 3.789 3.845 3.902 3.958 4.014 4.069 4.112 4.154 4.196 4.238 4.280 4.322 4.364 4.368 4.362 4.357 4.352 4.347 4.342 4.337 4.332 4.327 4.322 4.317 4.312 4.307 4.294 4.312 4.358 4.394 4.431 4.467 4.504 4.540 4.577 4.613 4.650 4.686 4.722 4.759 4.795 4.826 4.855 4.885 4.915 4.945 4.975 5.004 5.034 5.064 5.094 5.118
2.424 2.464 2.544 2.554 2.614 2.584 2.704 2.734 2.684 2.813 2.773 2.703 2.823 2.983 2.953 2.953 3.356 3.399 3.443 3.486 3.529 3.573 3.625 3.681 3.738 3.794 3.851 3.907 3.963 4.020 4.076 4.131 4.173 4.215 4.258 4.300 4.342 4.383 4.378 4.373 4.368 4.362 4.357 4.352 4.347 4.342 4.337 4.332 4.326 4.311 4.296 4.281 4.304 4.362 4.419 4.455 4.492 4.528 4.565 4.601 4.637 4.674 4.710 4.747 4.783 4.820 4.850 4.879 4.909 4.939 4.969 4.999 5.028 5.058 5.088 5.118 5.148
2.474 2.504 2.534 2.584 2.634 2.614 2.674 2.724 2.814 2.794 2.803 2.953 2.843 3.228 3.271 2.893 2.933 3.083 3.444 3.487 3.531 3.574 3.630 3.687 3.743 3.799 3.856 3.912 3.968 4.025 4.081 4.137 4.193 4.235 4.277 4.319 4.362 4.393 4.388 4.383 4.378 4.373 4.368 4.363 4.358 4.352 4.342 4.327 4.312 4.297 4.282 4.267 4.295 4.354 4.412 4.470 4.516 4.553 4.589 4.625 4.662 4.698 4.735 4.771 4.808 4.844 4.873 4.903 4.933 4.963 4.993 5.022 5.052 5.082 5.112 5.142 5.172
2.494 2.564 2.594 2.604 2.654 2.674 2.854 2.824 2.884 2.854 2.824 2.813 2.893 2.913 3.013 3.073 2.983 2.983 3.113 3.072 3.532 3.579 3.635 3.692 3.748 3.805 3.861 3.917 3.974 4.030 4.086 4.143 4.199 4.255 4.297 4.339 4.381 4.403 4.398 4.393 4.388 4.383 4.378 4.373 4.359 4.343 4.328 4.313 4.298 4.283 4.269 4.254 4.287 4.345 4.403 4.461 4.519 4.577 4.613 4.650 4.686 4.723 4.759 4.796 4.832 4.868 4.897 4.927 4.957 4.987 5.017 5.046 5.076 5.106 5.136 5.166 5.177
2.424 2.524 2.564 2.644 2.674 2.704 2.774 2.804 2.844 2.834 2.894 2.763 2.683 2.873 2.913 3.063 2.963 3.083 2.913 2.973 3.132 3.042 3.641 3.697 3.753 3.810 3.866 3.922 3.979 4.035 4.092 4.148 4.204 4.261 4.317 4.359 4.401 4.414 4.409 4.404 4.398 4.390 4.375 4.360 4.345 4.330 4.315 4.300 4.285 4.270 4.255 4.240 4.278 4.337 4.395 4.453 4.511 4.569 4.627 4.674 4.711 4.747 4.784 4.820 4.857 4.891 4.921 4.951 4.981 5.011 5.041 5.070 5.100 5.130 5.135 5.136 5.136
2.524 2.494 2.624 2.714 2.804 2.644 2.614 2.724 2.794 2.924 2.784 2.894 2.773 2.733 2.793 2.913 2.893 2.903 3.043 3.003 3.112 3.132 3.646 3.702 3.759 3.815 3.871 3.928 3.984 4.040 4.097 4.153 4.209 4.266 4.322 4.378 4.421 4.424 4.419 4.406 4.391 4.376 4.361 4.346 4.331 4.316 4.301 4.286 4.271 4.256 4.241 4.226 4.270 4.328 4.386 4.444 4.502 4.560 4.619 4.677 4.735 4.772 4.808 4.844 4.881 4.915 4.945 4.975 5.005 5.035 5.064 5.093 5.093 5.094 5.094 5.095 5.095
2.424 2.664 2.564 2.634 2.654 2.764 2.774 2.704 2.854 2.844 2.944 2.944 2.823 2.763 2.803 2.873 2.943 2.883 3.083 3.013 3.538 3.162 3.651 3.707 3.764 3.820 3.877 3.933 3.989 4.046 4.102 4.158 4.215 4.271 4.327 4.384 4.437 4.423 4.408 4.393 4.378 4.363 4.348 4.333 4.318 4.303 4.288 4.273 4.258 4.243 4.228 4.213 4.262 4.320 4.378 4.436 4.494 4.552 4.610 4.668 4.726 4.784 4.832 4.869 4.905 4.939 4.969 4.999 5.029 5.051 5.052 5.052 5.052 5.053 5.053 5.053 5.054
2.474 2.664 2.664 2.654 2.684 2.754 2.774 2.694 2.754 2.904 2.884 3.034 3.034 3.003 2.833 2.893 3.003 3.003 3.023 3.093 3.544 3.113 3.656 3.713 3.769 3.825 3.882 3.938 3.994 4.051 4.107 4.163 4.220 4.268 4.313 4.357 4.394 4.399 4.394 4.379 4.364 4.349 4.334 4.319 4.304 4.289 4.274 4.259 4.244 4.229 4.214 4.199 4.253 4.311 4.369 4.427 4.485 4.543 4.602 4.660 4.718 4.776 4.834 4.892 4.930 4.963 4.993 5.010 5.010 5.010 5.011 5.011 5.011 5.012 5.012 5.012 5.013
2.574 2.634 2.724 2.804 2.684 2.724 2.734 2.834 2.804 2.814 2.864 3.004 2.954 3.023 2.683 2.923 3.013 3.409 3.053 3.153 3.549 3.605 3.662 3.152 3.774 3.831 3.887 3.943 4.000 4.054 4.099 4.143 4.188 4.232 4.277 4.321 4.352 4.357 4.362 4.366 4.351 4.336 4.321 4.306 4.291 4.276 4.261 4.246 4.231 4.216 4.201 4.186 4.245 4.303 4.361 4.419 4.477 4.535 4.593 4.651 4.709 4.767 4.826 4.884 4.942 4.968 4.968 4.969 4.969 4.969 4.970 4.970 4.970 4.971 4.971 4.971 4.972
2.554 2.604 2.554 2.684 2.704 2.694 2.804 2.794 2.894 2.934 2.994 3.014 2.974 3.313 2.923 2.913 2.923 3.063 3.454 3.498 3.554 3.063 3.143 3.723 3.779 3.836 3.132 3.929 3.973 3.132 4.063 3.162 4.152 4.196 4.241 4.285 4.310 4.314 4.319 4.324 4.329 4.322 4.307 4.292 4.277 4.262 4.247 4.232 4.217 4.202 4.187 4.178 4.236 4.294 4.352 4.410 4.468 4.527 4.585 4.643 4.701 4.759 4.817 4.869 4.912 4.934 4.929 4.928 4.928 4.928 4.929 4.929 4.929 4.930 4.930 4.930 4.931
2.624 2.644 2.594 2.714 2.814 2.764 2.844 2.844 2.964 2.904 2.924 3.064 3.164 3.334 2.983 2.913 3.399 3.421 3.455 3.063 2.993 3.043 3.670 3.143 3.759 3.804 3.012 3.893 3.937 3.982 3.152 4.071 4.116 4.160 4.205 4.249 4.267 4.272 4.277 4.282 4.287 4.292 4.294 4.279 4.264 4.249 4.234 4.219 4.204 4.189 4.174 4.169 4.228 4.286 4.344 4.402 4.460 4.518 4.576 4.634 4.692 4.748 4.791 4.834 4.877 4.901 4.897 4.892 4.887 4.887 4.888 4.888 4.888 4.889 4.889 4.889 4.890
2.685 2.604 2.694 2.704 2.774 2.844 2.804 2.874 2.944 3.044 2.954 2.924 3.104 2.934 2.844 3.399 3.420 3.442 3.464 3.083 3.093 3.063 3.123 3.679 3.723 3.768 3.142 3.857 3.901 3.946 3.991 4.035 4.080 4.124 4.169 4.213 4.225 4.230 4.234 4.239 4.244 4.249 4.254 4.259 4.250 4.235 4.220 4.205 4.190 4.175 4.160 4.161 4.219 4.277 4.335 4.393 4.451 4.510 4.568 4.626 4.670 4.713 4.756 4.798 4.841 4.869 4.865 4.860 4.855 4.850 4.847 4.847 4.847 4.848 4.848 4.848 4.849
2.785 2.675 2.754 2.774 2.714 2.844 2.804 2.904 2.904 3.289 3.064 3.014 3.354 3.376 3.394 3.013 3.103 2.963 3.023 3.083 3.033 3.033 3.133 3.643 3.133 3.732 3.132 3.821 3.865 3.910 3.955 3.999 4.044 4.088 4.133 4.177 4.182 4.187 4.192 4.197 4.202 4.207 4.212 4.217 4.221 4.222 4.207 4.192 4.177 4.162 4.147 4.152 4.211 4.269 4.327 4.385 4.443 4.501 4.549 4.592 4.635 4.677 4.720 4.763 4.806 4.837 4.832 4.828 4.823 4.818 4.813 4.809 4.806 4.807 4.807 4.807 4.808
2.765 2.845 2.775 2.744 2.854 2.814 2.854 2.804 2.884 3.305 3.054 3.340 3.164 3.376 2.994 2.874 3.013 3.043 2.993 3.113 2.993 3.093 3.083 3.083 3.651 3.696 3.740 3.785 3.829 3.874 3.918 3.963 4.008 4.052 4.097 4.135 4.140 4.145 4.150 4.155 4.159 4.164 4.169 4.174 4.179 4.184 4.189 4.178 4.163 4.148 4.133 4.144 4.202 4.260 4.318 4.376 4.428 4.471 4.514 4.556 4.599 4.642 4.685 4.728 4.771 4.805 4.800 4.795 4.791 4.786 4.781 4.777 4.772 4.767 4.766 4.766 4.767
