includes/oleron/floodfiles/results/res-0011.wd
ncols         631
nrows         906
xllcorner     364927.146667
yllcorner     6531972.565556
cellsize      20.000000
NODATA_value  -9999.000000
[rows 544 to 577 of 906, columns 462 to 538 of 631]
1.092 0.982 0.692 0.832 0.982 0.932 0.000 0.372 0.262 1.542 0.642 0.852 1.272 1.412 1.472 0.642 0.832 0.332 1.552 0.952 1.522 0.182 1.362 1.482 0.852 1.252 0.463 1.063 0.193 0.633 0.833 0.873 1.153 0.833 0.883 1.083 0.333 0.000 0.000 0.000 0.001 0.001 0.000 0.000 0.025 0.000 0.000 0.000 0.013 0.003 0.003 0.407 0.000 0.000 0.001 0.012 0.019 0.024 0.028 0.030 0.031 0.033 0.036 0.042 0.040 0.039 0.037 0.036 0.035 0.034 0.033 0.032 0.031 0.030 0.027 0.021 0.020
0.000 1.222 1.102 0.872 0.702 0.622 0.912 0.032 0.222 0.000 1.582 1.292 0.102 1.382 1.482 0.372 0.622 1.492 0.432 1.212 1.152 1.532 0.972 1.442 1.422 0.662 0.333 0.953 0.000 0.843 1.073 0.683 0.913 0.143 0.323 1.203 0.000 0.000 0.000 0.000 0.112 0.001 0.015 0.010 0.015 0.000 0.013 0.000 0.000 0.046 0.002 0.000 0.000 0.000 0.002 0.021 0.027 0.030 0.032 0.033 0.033 0.035 0.035 0.038 0.044 0.043 0.041 0.040 0.038 0.037 0.036 0.035 0.034 0.032 0.029 0.022 0.022
0.842 0.732 0.482 0.982 1.092 1.012 0.000 0.212 0.000 0.052 2.542 0.722 0.762 0.302 0.262 1.372 1.462 0.932 1.392 0.692 1.502 1.482 0.542 1.392 0.802 0.182 0.133 0.803 0.000 0.323 0.000 0.000 0.173 0.000 0.000 0.173 0.063 0.000 0.000 0.023 0.000 0.030 0.140 0.000 0.028 0.087 0.013 0.068 0.000 0.005 0.007 0.004 0.018 0.002 0.000 0.032 0.035 0.035 0.035 0.035 0.035 0.035 0.035 0.035 0.038 0.045 0.044 0.043 0.041 0.040 0.039 0.037 0.036 0.034 0.030 0.025 0.024
0.392 0.872 0.882 0.682 0.612 0.642 0.732 0.000 1.221 0.012 0.982 0.862 1.392 1.402 1.022 0.562 1.132 1.432 0.572 1.552 1.562 0.802 1.492 0.312 0.062 0.000 0.093 0.253 1.183 1.223 0.073 0.033 0.853 0.963 1.053 0.723 0.863 0.000 0.000 0.223 0.019 0.031 0.080 0.010 0.091 0.000 0.073 0.007 0.093 0.042 0.000 0.002 0.000 0.042 0.065 0.049 0.041 0.038 0.037 0.036 0.035 0.035 0.034 0.034 0.035 0.038 0.046 0.046 0.044 0.042 0.041 0.040 0.038 0.035 0.030 0.027 0.026
0.612 0.872 0.652 0.802 0.692 0.792 0.000 1.251 1.211 0.141 0.000 0.982 0.652 1.162 1.382 1.102 0.542 0.372 1.412 0.472 1.122 1.482 1.482 1.452 0.822 0.000 0.073 0.000 0.503 0.123 0.623 0.593 0.703 0.663 0.963 1.023 0.673 0.000 0.000 0.019 0.001 0.000 0.140 0.000 0.041 0.000 0.030 0.065 0.083 0.016 0.007 0.007 0.004 0.046 0.075 0.000 0.036 0.037 0.036 0.035 0.034 0.033 0.032 0.032 0.032 0.034 0.038 0.046 0.046 0.044 0.043 0.041 0.039 0.037 0.030 0.028 0.027
0.802 0.862 0.462 0.682 0.912 1.211 1.061 1.201 1.281 0.000 0.852 1.542 1.512 0.492 1.442 0.732 1.352 0.572 1.362 1.452 0.352 1.372 1.432 0.000 0.282 0.000 0.007 0.000 0.413 0.813 0.303 0.793 0.853 0.103 0.903 0.903 0.000 0.000 0.000 0.053 0.083 0.048 0.024 0.055 0.001 0.055 0.000 0.195 0.113 0.028 0.036 0.396 0.000 0.056 0.076 0.069 0.048 0.038 0.034 0.032 0.032 0.031 0.031 0.030 0.030 0.031 0.033 0.037 0.045 0.046 0.044 0.042 0.040 0.037 0.029 0.029 0.028
0.772 0.722 0.862 0.582 0.121 1.001 1.141 1.291 0.201 0.952 2.622 0.102 1.342 1.352 0.502 1.422 1.402 0.172 0.252 1.482 1.132 0.502 0.000 0.831 0.111 0.000 0.000 0.000 0.000 0.673 0.603 0.993 0.593 0.683 0.673 0.803 0.000 0.000 0.000 0.012 0.037 0.000 0.045 0.104 0.000 0.003 0.001 0.398 0.003 0.025 0.040 0.028 0.086 0.076 0.093 0.000 0.029 0.029 0.028 0.028 0.029 0.029 0.029 0.029 0.029 0.029 0.030 0.031 0.036 0.043 0.045 0.043 0.040 0.036 0.030 0.029 0.029
0.852 0.812 0.431 0.311 0.571 1.311 1.291 0.021 0.551 0.391 0.161 1.192 0.862 1.342 1.022 1.352 0.892 0.392 1.642 1.602 1.322 0.422 0.000 0.641 1.001 0.000 0.000 0.961 0.112 1.113 0.943 0.443 0.993 0.863 0.793 0.993 0.000 0.000 0.079 0.014 0.073 0.000 0.064 0.114 0.000 0.000 0.025 0.068 0.188 0.000 0.000 0.000 0.034 0.014 0.088 0.126 0.000 0.016 0.022 0.025 0.027 0.028 0.028 0.028 0.028 0.028 0.028 0.028 0.029 0.034 0.041 0.042 0.040 0.034 0.030 0.029 0.027
0.551 0.000 0.321 0.511 1.151 1.091 0.000 0.391 0.251 0.971 0.841 0.791 0.802 0.872 1.442 0.822 0.842 1.142 0.712 1.342 1.412 0.000 0.931 0.991 0.000 1.061 1.071 1.181 0.000 0.973 1.023 0.793 0.383 0.000 0.000 0.000 0.000 0.082 0.012 0.028 0.024 0.093 0.092 0.002 0.073 0.000 0.021 0.113 0.000 0.101 0.004 0.450 0.487 0.012 0.082 0.000 0.000 0.015 0.024 0.026 0.027 0.028 0.028 0.028 0.028 0.027 0.027 0.025 0.025 0.026 0.030 0.036 0.037 0.030 0.026 0.021 0.017
0.811 0.851 0.251 1.281 1.301 0.481 0.421 0.421 1.061 0.361 1.431 0.271 0.111 1.832 0.000 1.032 1.342 1.642 1.352 0.000 0.881 0.871 0.831 0.741 0.631 1.201 0.991 1.031 0.000 0.014 0.000 0.000 0.000 0.000 0.000 0.000 0.000 0.000 0.082 0.118 0.006 0.014 0.067 0.089 0.043 0.033 0.103 0.023 0.098 0.022 0.065 0.094 0.004 0.475 0.001 0.000 0.001 0.022 0.033 0.028 0.027 0.028 0.029 0.029 0.028 0.026 0.025 0.023 0.021 0.020 0.021 0.024 0.026 0.019 0.016 0.017 0.018
0.771 0.551 1.221 1.291 0.791 0.181 0.391 1.031 0.130 1.150 0.790 1.010 0.580 0.000 2.621 0.571 0.000 0.000 0.000 1.401 0.831 0.801 0.841 0.000 1.081 1.061 1.121 0.000 1.421 0.000 0.000 0.000 0.000 0.000 0.000 0.000 0.000 0.000 0.078 0.000 0.000 0.003 0.001 0.032 0.058 0.116 0.078 0.026 0.005 0.071 0.120 0.099 0.032 0.469 0.037 0.496 0.011 0.035 0.047 0.000 0.026 0.030 0.030 0.028 0.027 0.024 0.022 0.019 0.016 0.013 0.011 0.011 0.014 0.014 0.019 0.029 0.131
0.791 0.931 1.101 0.861 0.330 1.120 0.940 0.000 1.260 1.520 0.450 0.680 0.970 0.500 0.000 2.260 0.410 0.000 0.921 0.991 0.631 0.671 0.000 1.051 1.001 1.031 0.101 0.921 1.591 1.551 1.191 1.281 0.000 0.000 0.000 0.000 0.000 0.014 0.094 0.084 0.005 0.048 0.172 0.055 0.061 0.096 0.088 0.043 0.005 0.008 0.072 0.186 0.135 0.008 0.469 0.007 0.056 0.044 0.042 0.045 0.038 0.034 0.030 0.027 0.024 0.021 0.016 0.012 0.008 0.008 0.009 0.010 0.009 0.010 0.020 0.233 0.368
0.230 0.460 0.561 0.000 1.039 0.000 0.540 1.400 1.420 0.160 0.640 0.000 0.779 0.699 0.749 0.659 0.740 1.570 0.000 1.560 0.901 0.017 1.051 1.081 1.001 0.981 1.371 1.111 1.541 1.121 1.191 1.111 0.000 0.000 0.000 0.000 0.000 0.002 0.065 0.035 0.021 0.102 0.028 0.049 0.031 0.047 0.050 0.085 0.074 0.136 0.088 0.089 0.015 0.019 0.015 0.057 0.065 0.000 0.035 0.038 0.035 0.031 0.026 0.023 0.019 0.013 0.012 0.011 0.010 0.010 0.009 0.010 0.007 0.008 0.034 0.309 0.589
1.169 1.359 0.000 1.019 0.929 0.629 0.739 0.559 0.000 0.608 0.198 0.868 0.399 0.689 0.049 0.698 0.000 0.680 1.450 1.590 0.650 0.011 0.010 0.009 0.009 0.009 0.009 0.010 0.015 1.241 1.161 0.000 0.000 0.000 0.204 0.139 0.211 0.004 0.158 0.066 0.069 0.155 0.119 0.037 0.030 0.050 0.031 0.121 0.164 0.128 0.100 0.507 0.039 0.084 0.017 0.060 0.059 0.055 0.044 0.038 0.031 0.024 0.018 0.023 0.000 0.009 0.011 0.011 0.011 0.011 0.010 0.010 0.006 0.007 0.094 0.374 0.653
0.959 1.039 0.989 0.729 0.479 1.639 0.359 0.489 1.378 0.498 0.778 0.748 1.028 0.248 0.808 1.008 1.608 0.039 0.730 0.000 0.000 0.566 0.556 0.555 0.554 0.553 0.553 0.553 0.006 0.008 0.007 0.000 0.098 0.187 0.144 0.096 0.282 0.236 0.125 0.195 0.100 0.049 0.029 0.132 0.016 0.049 0.100 0.037 0.114 0.012 0.138 0.003 0.004 0.003 0.055 0.074 0.000 0.000 0.036 0.032 0.029 0.027 0.025 0.024 0.020 0.017 0.015 0.014 0.013 0.013 0.012 0.011 0.006 0.007 0.159 0.439 0.718
0.000 0.000 1.168 1.078 1.328 0.288 1.408 0.000 0.718 1.408 0.788 0.908 0.508 0.657 1.117 0.997 0.978 0.588 0.669 0.000 0.468 0.727 0.526 0.445 0.864 0.673 0.783 0.583 0.134 0.121 0.055 0.837 0.079 0.049 0.075 0.053 0.049 0.033 0.084 0.020 0.212 0.029 0.142 0.080 0.143 0.108 0.012 0.198 0.071 0.000 0.147 0.026 0.099 0.076 0.008 0.074 0.000 0.047 0.050 0.048 0.039 0.035 0.031 0.029 0.026 0.023 0.021 0.019 0.018 0.016 0.015 0.011 0.008 0.010 0.224 0.504 0.783
1.368 1.028 0.000 1.398 1.328 1.438 1.298 1.258 0.728 0.658 0.838 0.988 0.898 0.947 1.207 1.057 1.277 1.067 0.000 0.520 0.518 0.667 0.606 0.525 0.954 0.573 0.653 0.269 1.084 0.302 0.063 0.080 0.055 0.081 0.074 0.030 0.017 0.035 0.078 0.116 0.123 0.116 0.112 0.190 0.070 0.123 0.074 0.067 0.068 0.024 0.166 0.081 0.000 0.000 0.043 0.070 0.073 0.059 0.062 0.000 0.036 0.037 0.035 0.034 0.031 0.029 0.026 0.024 0.022 0.020 0.018 0.012 0.010 0.021 0.289 0.568 0.848
1.328 1.258 1.008 0.018 0.598 1.458 1.238 1.278 1.188 0.418 0.808 0.858 0.997 1.057 1.097 1.117 1.257 0.000 0.307 0.591 0.609 0.488 0.607 0.425 0.573 0.523 0.321 0.626 1.004 0.894 0.074 0.101 0.078 0.061 0.096 0.060 0.078 0.078 0.056 0.019 0.125 0.086 0.210 0.119 0.192 0.054 0.195 0.197 0.139 0.044 0.009 0.049 0.023 0.047 0.007 0.083 0.071 0.054 0.055 0.049 0.043 0.044 0.041 0.039 0.036 0.034 0.032 0.029 0.027 0.025 0.022 0.014 0.013 0.075 0.354 0.633 0.913
0.268 0.308 1.058 1.248 0.618 0.148 1.488 0.058 1.408 1.448 0.738 0.848 0.797 1.167 1.087 1.157 0.000 0.797 0.554 0.000 0.549 0.639 0.317 0.685 0.603 0.732 0.700 0.676 0.984 0.934 0.109 0.045 0.039 0.035 0.016 0.072 0.071 0.116 0.063 0.126 0.135 0.076 0.169 0.129 0.101 0.116 0.128 0.266 0.100 0.217 0.057 0.121 0.094 0.127 0.054 0.116 0.000 0.041 0.049 0.045 0.041 0.042 0.045 0.043 0.041 0.039 0.036 0.034 0.032 0.029 0.026 0.015 0.016 0.139 0.419 0.698 0.978
1.068 0.988 0.208 0.628 0.818 0.438 0.568 1.438 0.898 0.308 1.128 1.138 0.867 1.157 1.017 1.095 0.935 0.858 0.555 0.153 0.238 0.471 0.698 0.685 0.713 0.682 0.700 0.000 1.193 0.973 0.923 0.086 0.024 0.025 0.009 0.008 0.136 0.000 0.000 0.000 0.037 0.042 0.099 0.049 0.090 0.040 0.021 0.088 0.112 0.236 0.106 0.056 0.173 0.057 0.026 0.014 0.004 0.044 0.000 0.030 0.033 0.036 0.041 0.047 0.045 0.043 0.041 0.039 0.036 0.034 0.028 0.017 0.021 0.204 0.483 0.763 1.043
1.108 0.568 0.998 1.088 0.718 1.468 1.588 1.928 1.988 0.488 1.508 1.408 0.987 0.987 1.047 0.000 0.558 0.586 0.944 0.006 0.697 0.745 0.709 0.586 0.117 0.080 0.065 0.033 0.064 0.089 0.000 0.000 0.006 0.017 0.009 0.010 0.200 0.121 0.000 0.009 0.005 0.001 0.001 0.003 0.010 0.269 0.000 0.000 0.005 0.096 0.190 0.082 0.474 0.507 0.539 0.010 0.039 0.046 0.070 0.000 0.021 0.031 0.038 0.043 0.048 0.047 0.045 0.043 0.040 0.037 0.028 0.021 0.031 0.269 0.548 0.828 1.107
1.138 0.948 0.858 0.838 0.798 0.418 1.528 1.908 1.948 1.788 0.548 1.808 1.458 0.297 0.000 0.747 0.647 0.986 0.701 0.725 0.751 0.000 0.000 0.060 0.039 0.076 0.077 0.082 0.068 0.023 0.006 0.004 0.001 0.001 0.009 0.059 0.009 0.081 0.106 0.010 0.017 0.007 0.023 0.038 0.025 0.006 0.243 0.000 0.068 0.000 0.000 0.064 0.133 0.152 0.057 0.507 0.013 0.049 0.062 0.081 0.000 0.031 0.038 0.041 0.044 0.049 0.049 0.047 0.044 0.040 0.028 0.024 0.061 0.333 0.613 0.893 1.172
0.678 0.618 0.878 0.678 0.678 0.118 0.618 0.758 1.918 1.978 1.868 0.738 0.428 0.000 0.457 1.117 0.386 0.666 0.000 0.000 0.000 0.000 0.000 0.074 0.070 0.070 0.144 0.220 0.105 0.096 0.006 0.000 0.000 0.000 0.000 0.000 0.017 0.040 0.043 0.131 0.000 0.008 0.015 0.018 0.051 0.006 0.007 0.088 0.058 0.098 0.000 0.115 0.464 0.023 0.133 0.049 0.087 0.063 0.059 0.065 0.056 0.045 0.041 0.041 0.042 0.045 0.049 0.050 0.047 0.043 0.028 0.028 0.120 0.398 0.678 0.957 1.237
0.668 0.668 0.778 0.778 0.638 0.698 0.778 0.868 1.118 1.918 1.918 0.328 0.000 0.127 0.327 1.247 0.137 1.506 0.000 0.000 0.000 0.000 0.000 0.050 0.089 0.130 0.325 0.125 0.189 0.169 0.006 0.000 0.000 0.000 0.000 0.000 0.002 0.050 0.072 0.109 0.143 0.004 0.002 0.023 0.225 0.175 0.104 0.000 0.000 0.148 0.188 0.000 0.012 0.124 0.484 0.517 0.000 0.045 0.048 0.053 0.051 0.045 0.041 0.040 0.040 0.041 0.044 0.048 0.049 0.043 0.026 0.032 0.184 0.463 0.743 0.991 1.200
0.648 0.638 0.308 1.178 0.768 0.778 0.438 0.678 1.248 1.118 0.478 0.018 0.000 0.337 0.237 0.477 0.667 0.326 0.000 0.000 0.000 0.045 0.033 0.061 0.104 0.241 0.125 0.143 0.201 0.069 0.154 0.000 0.000 0.026 0.005 0.005 0.003 0.002 0.099 0.003 0.053 0.016 0.020 0.047 0.008 0.154 0.359 0.091 0.083 0.088 0.043 0.028 0.108 0.075 0.114 0.511 0.000 0.000 0.031 0.040 0.043 0.041 0.039 0.038 0.037 0.038 0.039 0.041 0.043 0.039 0.030 0.055 0.242 0.450 0.660 0.869 1.079
1.278 0.228 0.698 0.348 0.628 0.478 0.878 1.068 0.628 1.308 0.308 0.000 0.078 0.247 0.587 0.887 0.927 0.000 0.000 0.000 0.000 0.099 0.099 0.069 0.035 0.129 0.126 0.124 0.158 0.120 0.059 0.034 0.025 0.016 0.023 0.009 0.010 0.025 0.056 0.128 0.077 0.154 0.001 0.041 0.051 0.058 0.000 0.151 0.004 0.200 0.158 0.068 0.000 0.126 0.074 0.074 0.000 0.011 0.029 0.032 0.034 0.035 0.035 0.034 0.034 0.033 0.033 0.031 0.030 0.025 0.021 0.022 0.120 0.329 0.538 0.748 0.957
0.918 0.438 0.728 0.388 0.658 1.318 0.328 1.088 0.898 0.778 0.000 0.518 0.648 0.108 0.757 0.657 0.797 0.000 0.000 0.000 0.000 0.023 0.055 0.129 0.053 0.179 0.100 0.150 0.115 0.126 0.125 0.122 0.060 0.038 0.028 0.043 0.056 0.069 0.094 0.098 0.146 0.142 0.034 0.133 0.055 0.050 0.018 0.008 0.054 0.011 0.040 0.081 0.120 0.089 0.115 0.502 0.010 0.101 0.003 0.021 0.025 0.028 0.029 0.029 0.027 0.024 0.021 0.021 0.023 0.025 0.022 0.010 0.016 0.207 0.417 0.626 0.835
0.418 0.678 0.658 0.578 0.498 0.608 0.718 0.728 1.238 0.000 1.168 0.868 0.818 0.638 0.318 0.467 0.000 0.000 0.081 0.000 0.000 0.020 0.057 0.028 0.060 0.150 0.121 0.155 0.125 0.225 0.118 0.061 0.063 0.055 0.047 0.036 0.166 0.063 0.088 0.042 0.312 0.165 0.177 0.127 0.085 0.121 0.053 0.168 0.064 0.172 0.000 0.091 0.006 0.000 0.124 0.114 0.091 0.039 0.071 0.000 0.015 0.019 0.019 0.018 0.016 0.018 0.019 0.020 0.022 0.024 0.023 0.017 0.008 0.086 0.295 0.504 0.714
0.778 0.598 0.588 0.000 0.548 0.008 0.208 0.658 0.000 0.798 0.618 1.048 0.558 0.688 0.948 0.198 0.000 0.000 0.000 0.000 0.000 0.159 0.058 0.050 0.160 0.074 0.163 0.123 0.090 0.065 0.039 0.083 0.067 0.088 0.086 0.096 0.093 0.192 0.132 0.241 0.163 0.215 0.104 0.187 0.041 0.166 0.006 0.084 0.083 0.152 0.062 0.000 0.103 0.000 0.000 0.000 0.039 0.000 0.019 0.010 0.000 0.007 0.011 0.014 0.015 0.016 0.018 0.019 0.020 0.024 0.024 0.021 0.021 0.049 0.173 0.383 0.592
0.207 0.447 0.056 0.404 0.000 0.315 0.135 0.000 0.000 0.718 0.138 0.438 0.668 0.858 0.708 0.000 0.000 0.000 0.000 0.068 0.000 0.000 0.034 0.146 0.096 0.071 0.134 0.064 0.096 0.123 0.093 0.098 0.064 0.074 0.138 0.116 0.244 0.128 0.185 0.009 0.056 0.039 0.148 0.046 0.088 0.056 0.069 0.093 0.152 0.162 0.102 0.162 0.024 0.000 0.061 0.000 0.067 0.067 0.001 0.012 0.008 0.007 0.009 0.012 0.013 0.015 0.016 0.018 0.019 0.024 0.027 0.038 0.076 0.123 0.171 0.261 0.470
0.417 0.336 0.665 0.754 0.604 0.174 0.155 0.000 0.000 0.448 0.558 0.578 0.548 0.168 0.000 0.000 0.000 0.000 0.000 0.018 0.037 0.016 0.297 0.096 0.102 0.141 0.184 0.110 0.111 0.018 0.076 0.092 0.147 0.010 0.228 0.098 0.103 0.041 0.078 0.087 0.149 0.100 0.041 0.119 0.089 0.187 0.164 0.396 0.411 0.090 0.031 0.000 0.020 0.045 0.000 0.000 0.010 0.005 0.001 0.008 0.008 0.008 0.009 0.010 0.012 0.014 0.015 0.016 0.019 0.031 0.058 0.103 0.150 0.198 0.246 0.294 0.348
0.000 0.000 0.125 0.594 0.534 0.524 0.000 0.000 0.289 0.069 0.509 0.409 0.349 0.005 0.001 0.003 0.005 0.059 0.010 0.045 0.000 0.005 0.034 0.037 0.070 0.107 0.093 0.093 0.108 0.134 0.059 0.157 0.108 0.160 0.114 0.218 0.042 0.051 0.026 0.017 0.024 0.172 0.045 0.180 0.003 0.062 0.041 0.081 0.081 0.071 0.000 0.011 0.000 0.063 0.000 0.007 0.002 0.007 0.005 0.007 0.007 0.008 0.008 0.009 0.011 0.012 0.014 0.016 0.029 0.083 0.130 0.178 0.225 0.273 0.321 0.369 0.417
0.000 0.089 0.000 0.000 0.000 0.267 0.034 0.000 0.309 1.009 0.909 0.259 0.579 0.005 0.000 0.002 0.002 0.006 0.000 0.001 0.002 0.009 0.000 0.038 0.009 0.143 0.087 0.098 0.175 0.074 0.066 0.063 0.131 0.213 0.026 0.176 0.005 0.084 0.104 0.044 0.155 0.109 0.154 0.164 0.144 0.067 0.121 0.066 0.097 0.160 0.020 0.000 0.039 0.008 0.411 0.005 0.001 0.005 0.005 0.006 0.007 0.007 0.008 0.009 0.010 0.011 0.013 0.025 0.099 0.158 0.206 0.253 0.301 0.348 0.396 0.444 0.492
0.000 0.529 0.399 0.599 0.529 0.859 0.239 0.089 1.129 1.149 1.209 0.879 0.005 0.001 0.149 0.009 0.002 0.002 0.003 0.002 0.003 0.002 0.001 0.018 0.025 0.007 0.017 0.097 0.157 0.067 0.125 0.247 0.054 0.054 0.145 0.194 0.036 0.113 0.174 0.068 0.043 0.031 0.172 0.011 0.129 0.110 0.103 0.011 0.077 0.000 0.000 0.000 0.015 0.003 0.000 0.006 0.005 0.006 0.006 0.006 0.006 0.007 0.007 0.008 0.009 0.010 0.021 0.096 0.181 0.234 0.281 0.329 0.376 0.424 0.471 0.519 0.567
