includes/oleron/floodfiles/results/res-0007.wdfp
ncols         631
nrows         906
xllcorner     364927.146667
yllcorner     6531972.565556
cellsize      20.000000
NODATA_value  -9999.000000
[rows 204 to 237 of 906, columns 539 to 615 of 631]
11.701 11.738 11.774 11.810 11.847 11.883 11.919 11.956 11.891 11.791 11.780 11.753 11.699 11.644 11.589 11.534 11.480 11.425 11.370 11.315 11.282 11.349 11.415 11.482 11.548 11.615 11.681 11.748 11.791 11.819 11.825 11.831 11.837 11.843 11.849 11.855 11.861 11.867 11.872 11.869 11.866 11.852 11.809 11.766 11.723 11.679 11.636 11.593 11.550 11.516 11.487 11.457 11.428 11.394 11.349 11.285 11.206 11.127 11.049 10.970 10.892 10.813 10.734 10.656 10.692 10.784 10.876 10.969 11.061 11.210 11.394 11.578 11.762 11.946 12.130 12.322 12.517
11.547 11.583 11.619 11.656 11.692 11.728 11.765 11.801 11.837 11.874 11.839 11.784 11.730 11.675 11.620 11.565 11.511 11.456 11.401 11.346 11.297 11.364 11.430 11.496 11.563 11.629 11.694 11.736 11.779 11.821 11.828 11.834 11.840 11.846 11.852 11.858 11.864 11.870 11.870 11.867 11.864 11.861 11.821 11.778 11.735 11.692 11.649 11.606 11.563 11.520 11.477 11.434 11.397 11.366 11.301 11.223 11.144 11.065 10.987 10.908 10.830 10.751 10.672 10.594 10.575 10.667 10.760 10.852 10.979 11.163 11.347 11.531 11.716 11.900 12.084 12.271 12.466
11.392 11.428 11.464 11.501 11.537 11.574 11.610 11.646 11.687 11.737 11.761 11.774 11.761 11.706 11.651 11.597 11.542 11.487 11.432 11.378 11.323 11.378 11.445 11.511 11.578 11.639 11.682 11.724 11.767 11.809 11.832 11.838 11.844 11.850 11.855 11.861 11.867 11.871 11.868 11.865 11.862 11.859 11.834 11.791 11.748 11.705 11.662 11.619 11.576 11.533 11.490 11.447 11.404 11.350 11.259 11.162 11.082 11.003 10.925 10.846 10.768 10.689 10.610 10.532 10.458 10.550 10.643 10.749 10.933 11.117 11.301 11.485 11.669 11.854 12.038 12.222 12.414
11.237 11.273 11.310 11.346 11.382 11.419 11.455 11.501 11.551 11.601 11.631 11.644 11.657 11.670 11.682 11.628 11.573 11.518 11.463 11.409 11.354 11.393 11.459 11.526 11.585 11.627 11.670 11.712 11.755 11.797 11.835 11.841 11.847 11.853 11.859 11.865 11.871 11.869 11.865 11.862 11.859 11.856 11.847 11.804 11.761 11.718 11.675 11.632 11.589 11.546 11.503 11.460 11.410 11.345 11.265 11.168 11.071 10.974 10.877 10.784 10.706 10.627 10.549 10.470 10.391 10.434 10.526 10.702 10.886 11.071 11.255 11.439 11.623 11.808 11.992 12.176 12.364
11.082 11.119 11.155 11.191 11.228 11.266 11.316 11.366 11.416 11.466 11.501 11.514 11.527 11.540 11.553 11.566 11.579 11.549 11.495 11.440 11.385 11.407 11.474 11.530 11.573 11.615 11.658 11.700 11.743 11.785 11.828 11.844 11.850 11.856 11.862 11.868 11.869 11.866 11.863 11.860 11.857 11.854 11.851 11.817 11.774 11.731 11.688 11.645 11.602 11.559 11.516 11.469 11.404 11.340 11.270 11.173 11.076 10.979 10.882 10.785 10.688 10.591 10.495 10.408 10.329 10.317 10.471 10.656 10.840 11.024 11.208 11.393 11.577 11.761 11.946 12.130 12.314
10.928 10.964 11.000 11.037 11.080 11.130 11.180 11.230 11.280 11.330 11.371 11.384 11.397 11.410 11.423 11.436 11.449 11.462 11.475 11.471 11.416 11.422 11.476 11.518 11.561 11.603 11.646 11.689 11.731 11.774 11.816 11.848 11.854 11.860 11.866 11.870 11.867 11.864 11.861 11.858 11.855 11.852 11.849 11.830 11.787 11.744 11.701 11.658 11.615 11.572 11.527 11.463 11.399 11.334 11.270 11.179 11.082 10.985 10.888 10.791 10.694 10.597 10.500 10.403 10.306 10.237 10.424 10.609 10.794 10.978 11.162 11.346 11.531 11.715 11.899 12.084 12.268
10.773 10.809 10.846 10.895 10.945 10.995 11.045 11.095 11.145 11.195 11.241 11.255 11.267 11.281 11.294 11.307 11.320 11.333 11.346 11.359 11.372 11.424 11.464 11.506 11.549 11.592 11.634 11.677 11.719 11.762 11.804 11.846 11.857 11.863 11.869 11.868 11.865 11.862 11.859 11.856 11.852 11.849 11.847 11.842 11.799 11.757 11.714 11.671 11.628 11.585 11.522 11.458 11.393 11.329 11.265 11.184 11.087 10.990 10.893 10.796 10.699 10.602 10.506 10.409 10.314 10.222 10.367 10.554 10.741 10.928 11.115 11.300 11.484 11.669 11.853 12.038 12.222
10.618 10.659 10.709 10.759 10.809 10.859 10.909 10.959 11.009 11.059 11.109 11.125 11.138 11.151 11.164 11.177 11.190 11.203 11.216 11.229 11.326 11.439 11.474 11.510 11.545 11.581 11.622 11.665 11.707 11.750 11.792 11.835 11.861 11.867 11.868 11.865 11.862 11.859 11.856 11.853 11.850 11.847 11.844 11.841 11.812 11.769 11.726 11.683 11.641 11.581 11.517 11.452 11.388 11.323 11.259 11.189 11.092 10.995 10.898 10.802 10.705 10.608 10.511 10.416 10.324 10.232 10.309 10.496 10.683 10.870 11.058 11.245 11.432 11.619 11.807 11.991 12.176
10.474 10.524 10.574 10.624 10.674 10.724 10.774 10.824 10.874 10.924 10.974 10.995 11.008 11.021 11.034 11.047 11.060 11.073 11.086 11.199 11.318 11.438 11.489 11.524 11.560 11.595 11.631 11.666 11.702 11.738 11.780 11.823 11.864 11.869 11.866 11.863 11.860 11.857 11.854 11.851 11.848 11.845 11.842 11.839 11.825 11.782 11.739 11.696 11.640 11.575 11.511 11.447 11.382 11.318 11.254 11.189 11.098 11.001 10.904 10.807 10.710 10.613 10.518 10.426 10.334 10.242 10.251 10.438 10.626 10.813 11.000 11.187 11.374 11.562 11.749 11.936 12.124
10.338 10.388 10.438 10.488 10.538 10.588 10.638 10.688 10.738 10.788 10.838 10.865 10.878 10.891 10.904 10.917 10.930 10.951 11.071 11.191 11.311 11.431 11.504 11.539 11.574 11.610 11.645 11.681 11.716 11.752 11.787 11.823 11.858 11.867 11.864 11.861 11.858 11.855 11.852 11.849 11.846 11.843 11.840 11.837 11.834 11.795 11.752 11.699 11.634 11.570 11.506 11.441 11.377 11.313 11.248 11.184 11.103 11.006 10.909 10.812 10.716 10.620 10.528 10.436 10.344 10.252 10.193 10.381 10.568 10.755 10.942 11.129 11.317 11.504 11.691 11.879 12.066
10.187 10.247 10.303 10.353 10.403 10.453 10.503 10.553 10.603 10.653 10.703 10.735 10.748 10.761 10.774 10.787 10.824 10.944 11.064 11.184 11.304 11.424 11.518 11.554 11.589 11.625 11.660 11.695 11.731 11.766 11.802 11.837 11.862 11.875 11.870 11.865 11.861 11.856 11.851 11.846 11.843 11.840 11.837 11.834 11.831 11.808 11.758 11.693 11.629 11.564 11.500 11.436 11.371 11.307 11.243 11.178 11.108 11.012 10.915 10.818 10.722 10.630 10.538 10.446 10.354 10.262 10.169 10.323 10.510 10.697 10.884 11.072 11.259 11.446 11.634 11.821 12.002
10.028 10.088 10.148 10.208 10.267 10.317 10.367 10.417 10.467 10.517 10.567 10.605 10.618 10.631 10.644 10.697 10.817 10.937 11.057 11.177 11.296 11.416 11.533 11.568 11.604 11.639 11.675 11.710 11.745 11.781 11.817 11.841 11.862 11.883 11.878 11.873 11.869 11.864 11.859 11.855 11.850 11.845 11.840 11.836 11.831 11.816 11.752 11.688 11.623 11.559 11.495 11.430 11.366 11.302 11.237 11.173 11.109 11.017 10.920 10.824 10.732 10.640 10.548 10.455 10.363 10.271 10.179 10.265 10.452 10.639 10.827 11.014 11.201 11.389 11.576 11.749 11.906
9.869 9.929 9.989 10.049 10.109 10.169 10.229 10.282 10.332 10.382 10.432 10.475 10.488 10.501 10.570 10.690 10.810 10.930 11.049 11.169 11.289 11.409 11.529 11.583 11.618 11.654 11.689 11.725 11.760 11.796 11.821 11.841 11.862 11.882 11.886 11.881 11.877 11.872 11.867 11.863 11.858 11.853 11.848 11.844 11.839 11.791 11.732 11.671 11.610 11.548 11.487 11.425 11.361 11.296 11.232 11.167 11.103 11.022 10.926 10.834 10.742 10.650 10.557 10.465 10.373 10.281 10.189 10.207 10.394 10.582 10.769 10.956 11.143 11.331 11.497 11.653 11.810
9.710 9.770 9.830 9.890 9.950 10.010 10.070 10.130 10.190 10.246 10.296 10.346 10.359 10.443 10.563 10.682 10.802 10.922 11.042 11.162 11.282 11.402 11.521 11.597 11.633 11.668 11.704 11.739 11.775 11.800 11.820 11.841 11.862 11.883 11.894 11.890 11.885 11.880 11.875 11.871 11.866 11.861 11.856 11.852 11.818 11.765 11.710 11.648 11.587 11.526 11.464 11.403 11.342 11.280 11.219 11.158 11.097 11.028 10.936 10.844 10.751 10.659 10.567 10.475 10.383 10.291 10.199 10.149 10.336 10.524 10.711 10.898 11.086 11.244 11.401 11.557 11.714
9.551 9.611 9.671 9.731 9.791 9.851 9.911 9.971 10.031 10.091 10.151 10.211 10.316 10.435 10.555 10.675 10.795 10.915 11.035 11.155 11.274 11.394 11.514 11.612 11.647 11.683 11.718 11.754 11.779 11.800 11.821 11.841 11.862 11.882 11.902 11.898 11.893 11.888 11.883 11.879 11.874 11.869 11.865 11.845 11.792 11.738 11.685 11.626 11.564 11.503 11.442 11.380 11.319 11.258 11.196 11.135 11.074 10.972 10.898 10.833 10.761 10.669 10.577 10.485 10.393 10.301 10.209 10.117 10.279 10.466 10.653 10.835 10.992 11.148 11.305 11.462 11.618
9.392 9.452 9.512 9.572 9.632 9.692 9.752 9.812 9.872 9.932 9.992 10.159 10.305 10.426 10.547 10.668 10.788 10.908 11.027 11.147 11.267 11.387 11.507 11.626 11.662 11.697 11.733 11.759 11.779 11.800 11.820 11.841 11.862 11.882 11.903 11.906 11.901 11.896 11.892 11.887 11.882 11.877 11.873 11.819 11.766 11.712 11.658 11.603 11.542 11.480 11.419 11.358 11.296 11.235 11.174 11.113 11.025 10.913 10.824 10.758 10.693 10.628 10.563 10.495 10.403 10.311 10.219 10.127 10.221 10.408 10.583 10.739 10.896 11.052 11.209 11.366 11.522
9.233 9.293 9.353 9.413 9.473 9.533 9.593 9.653 9.713 9.773 9.951 10.130 10.294 10.415 10.536 10.657 10.778 10.899 11.020 11.140 11.260 11.380 11.499 11.619 11.676 11.712 11.738 11.759 11.779 11.800 11.820 11.841 11.862 11.882 11.903 11.914 11.909 11.904 11.900 11.895 11.890 11.885 11.846 11.793 11.739 11.686 11.632 11.578 11.519 11.458 11.396 11.335 11.274 11.213 11.151 11.079 10.967 10.854 10.749 10.684 10.618 10.553 10.488 10.423 10.358 10.293 10.228 10.136 10.163 10.330 10.487 10.643 10.800 10.956 11.113 11.269 11.426
9.074 9.134 9.194 9.254 9.314 9.374 9.434 9.494 9.565 9.743 9.922 10.100 10.279 10.403 10.524 10.645 10.767 10.888 11.009 11.130 11.251 11.372 11.492 11.612 11.691 11.717 11.738 11.758 11.779 11.800 11.820 11.841 11.862 11.882 11.903 11.922 11.917 11.912 11.908 11.903 11.898 11.874 11.820 11.766 11.713 11.659 11.606 11.552 11.496 11.435 11.374 11.312 11.251 11.190 11.129 11.021 10.908 10.796 10.683 10.609 10.543 10.478 10.413 10.348 10.283 10.218 10.153 10.088 10.095 10.234 10.391 10.547 10.704 10.860 11.017 11.173 11.330
8.915 8.975 9.035 9.095 9.155 9.215 9.275 9.356 9.535 9.714 9.892 10.071 10.250 10.392 10.513 10.634 10.755 10.876 10.997 11.118 11.239 11.360 11.481 11.602 11.696 11.717 11.738 11.759 11.779 11.800 11.820 11.841 11.862 11.882 11.903 11.924 11.925 11.920 11.916 11.911 11.901 11.847 11.794 11.740 11.687 11.633 11.579 11.526 11.472 11.412 11.351 11.290 11.229 11.167 11.074 10.962 10.850 10.737 10.625 10.534 10.469 10.403 10.338 10.273 10.208 10.143 10.084 10.050 10.059 10.180 10.301 10.451 10.608 10.764 10.921 11.077 11.234
8.757 8.817 8.876 8.936 8.996 9.056 9.148 9.327 9.506 9.684 9.863 10.041 10.220 10.380 10.501 10.622 10.743 10.864 10.986 11.107 11.228 11.349 11.470 11.585 11.694 11.715 11.737 11.758 11.779 11.800 11.820 11.841 11.862 11.882 11.903 11.924 11.933 11.928 11.924 11.919 11.875 11.821 11.767 11.714 11.660 11.607 11.553 11.499 11.446 11.390 11.328 11.267 11.206 11.128 11.016 10.903 10.791 10.679 10.566 10.459 10.394 10.328 10.263 10.198 10.133 10.084 10.050 10.016 10.023 10.144 10.265 10.386 10.512 10.668 10.825 10.981 11.138
8.598 8.658 8.717 8.777 8.837 8.940 9.119 9.298 9.476 9.655 9.833 10.012 10.191 10.369 10.490 10.611 10.732 10.853 10.974 11.095 11.216 11.337 11.452 11.562 11.672 11.713 11.735 11.756 11.778 11.799 11.820 11.841 11.862 11.882 11.903 11.924 11.941 11.937 11.932 11.902 11.848 11.795 11.741 11.687 11.634 11.580 11.527 11.473 11.420 11.366 11.306 11.245 11.182 11.069 10.957 10.845 10.732 10.620 10.508 10.395 10.319 10.254 10.188 10.123 10.083 10.050 10.015 9.982 9.986 10.107 10.228 10.349 10.470 10.591 10.729 10.885 11.042
8.439 8.499 8.559 8.619 8.732 8.911 9.089 9.268 9.447 9.625 9.804 9.983 10.161 10.340 10.478 10.599 10.720 10.841 10.962 11.083 11.205 11.320 11.430 11.540 11.649 11.711 11.733 11.754 11.776 11.797 11.818 11.840 11.861 11.882 11.903 11.924 11.944 11.945 11.929 11.876 11.822 11.768 11.715 11.661 11.608 11.554 11.500 11.447 11.393 11.340 11.283 11.222 11.123 11.011 10.898 10.786 10.674 10.561 10.449 10.337 10.244 10.179 10.117 10.083 10.049 10.015 9.981 9.947 9.950 10.071 10.192 10.313 10.434 10.555 10.676 10.797 10.945
8.280 8.340 8.400 8.524 8.703 8.881 9.060 9.239 9.417 9.596 9.775 9.953 10.132 10.310 10.467 10.588 10.709 10.830 10.951 11.072 11.188 11.298 11.408 11.517 11.627 11.709 11.731 11.752 11.774 11.795 11.816 11.838 11.859 11.881 11.902 11.924 11.944 11.953 11.903 11.849 11.795 11.742 11.688 11.635 11.581 11.528 11.474 11.420 11.367 11.313 11.260 11.177 11.065 10.952 10.840 10.727 10.615 10.503 10.390 10.278 10.169 10.117 10.083 10.049 10.015 9.981 9.947 9.913 9.914 10.035 10.156 10.277 10.397 10.518 10.640 10.760 10.882
8.121 8.181 8.316 8.495 8.673 8.852 9.031 9.209 9.388 9.566 9.745 9.924 10.102 10.281 10.455 10.576 10.697 10.818 10.939 11.056 11.166 11.275 11.385 11.495 11.604 11.707 11.729 11.750 11.771 11.793 11.814 11.836 11.857 11.879 11.900 11.921 11.941 11.932 11.879 11.825 11.772 11.718 11.665 11.611 11.558 11.504 11.451 11.397 11.344 11.290 11.237 11.134 11.022 10.910 10.797 10.685 10.572 10.460 10.348 10.235 10.130 10.082 10.048 10.014 9.980 9.946 9.912 9.878 9.877 9.998 10.119 10.240 10.361 10.482 10.603 10.724 10.845
7.962 8.108 8.287 8.465 8.644 8.822 9.001 9.180 9.358 9.537 9.716 9.894 10.073 10.252 10.430 10.565 10.686 10.807 10.924 11.034 11.143 11.253 11.363 11.472 11.582 11.691 11.726 11.748 11.769 11.791 11.812 11.834 11.855 11.876 11.898 11.908 11.919 11.898 11.858 11.805 11.751 11.698 11.644 11.591 11.537 11.484 11.430 11.377 11.323 11.270 11.199 11.097 10.990 10.877 10.765 10.652 10.540 10.428 10.315 10.203 10.115 10.066 10.017 9.980 9.946 9.912 9.878 9.844 9.841 9.962 10.083 10.204 10.325 10.446 10.567 10.688 10.806
7.908 8.083 8.260 8.437 8.614 8.793 8.972 9.150 9.329 9.508 9.686 9.865 10.043 10.222 10.401 10.553 10.674 10.792 10.902 11.011 11.121 11.230 11.340 11.450 11.559 11.669 11.724 11.746 11.767 11.789 11.810 11.831 11.853 11.865 11.875 11.886 11.897 11.865 11.827 11.784 11.731 11.677 11.624 11.570 11.517 11.463 11.410 11.356 11.303 11.249 11.158 11.056 10.954 10.845 10.733 10.620 10.508 10.395 10.283 10.171 10.101 10.052 10.003 9.954 9.911 9.877 9.843 9.809 9.804 9.925 10.046 10.167 10.288 10.409 10.529 10.630 10.731
7.899 8.065 8.242 8.419 8.596 8.773 8.950 9.127 9.303 9.480 9.657 9.835 10.014 10.193 10.371 10.541 10.660 10.769 10.879 10.989 11.098 11.208 11.318 11.427 11.537 11.646 11.722 11.744 11.765 11.787 11.808 11.821 11.832 11.842 11.853 11.864 11.870 11.832 11.794 11.756 11.710 11.657 11.603 11.550 11.496 11.443 11.389 11.336 11.282 11.220 11.118 11.016 10.914 10.812 10.700 10.588 10.475 10.363 10.251 10.138 10.086 10.037 9.988 9.939 9.890 9.843 9.809 9.775 9.768 9.889 10.010 10.131 10.252 10.354 10.454 10.555 10.656
7.890 8.053 8.225 8.402 8.579 8.756 8.932 9.109 9.286 9.463 9.640 9.817 9.993 10.170 10.347 10.518 10.633 10.746 10.857 10.966 11.076 11.185 11.295 11.405 11.514 11.624 11.720 11.742 11.763 11.777 11.788 11.799 11.809 11.820 11.831 11.842 11.836 11.798 11.761 11.723 11.685 11.636 11.582 11.529 11.475 11.422 11.368 11.315 11.261 11.180 11.078 10.976 10.874 10.772 10.668 10.555 10.443 10.331 10.218 10.121 10.072 10.023 9.974 9.925 9.876 9.827 9.778 9.740 9.732 9.853 9.973 10.077 10.178 10.279 10.380 10.480 10.581
7.881 8.044 8.207 8.384 8.561 8.738 8.915 9.092 9.269 9.445 9.622 9.799 9.976 10.153 10.330 10.466 10.584 10.697 10.810 10.923 11.036 11.149 11.263 11.376 11.489 11.602 11.711 11.733 11.744 11.755 11.766 11.776 11.787 11.798 11.809 11.819 11.803 11.765 11.727 11.689 11.651 11.613 11.562 11.508 11.455 11.401 11.348 11.294 11.241 11.140 11.038 10.936 10.834 10.731 10.629 10.523 10.411 10.298 10.186 10.107 10.058 10.009 9.960 9.911 9.862 9.813 9.764 9.715 9.695 9.801 9.901 10.002 10.103 10.204 10.305 10.406 10.506
7.872 8.035 8.198 8.367 8.544 8.721 8.897 9.074 9.251 9.428 9.605 9.782 9.958 10.135 10.294 10.413 10.532 10.648 10.761 10.874 10.987 11.100 11.214 11.327 11.440 11.553 11.652 11.711 11.722 11.733 11.743 11.754 11.765 11.776 11.786 11.797 11.770 11.732 11.694 11.656 11.618 11.580 11.541 11.488 11.434 11.381 11.327 11.274 11.202 11.100 10.997 10.895 10.793 10.691 10.589 10.487 10.378 10.266 10.154 10.092 10.043 9.994 9.945 9.896 9.847 9.798 9.751 9.704 9.680 9.726 9.827 9.927 10.028 10.129 10.230 10.331 10.432
7.864 8.026 8.189 8.352 8.526 8.703 8.880 9.057 9.234 9.410 9.587 9.764 9.941 10.118 10.242 10.361 10.480 10.599 10.712 10.825 10.938 11.052 11.165 11.278 11.391 11.504 11.579 11.643 11.700 11.710 11.721 11.732 11.743 11.753 11.764 11.774 11.736 11.699 11.661 11.623 11.585 11.547 11.509 11.467 11.414 11.360 11.307 11.253 11.161 11.059 10.957 10.855 10.753 10.651 10.549 10.447 10.345 10.234 10.127 10.078 10.029 9.980 9.931 9.883 9.837 9.790 9.743 9.697 9.686 9.724 9.762 9.853 9.953 10.054 10.155 10.256 10.357
7.855 8.018 8.180 8.343 8.509 8.686 8.862 9.039 9.216 9.393 9.570 9.747 9.923 10.070 10.189 10.308 10.427 10.547 10.663 10.776 10.889 11.003 11.116 11.229 11.342 11.443 11.507 11.570 11.634 11.688 11.699 11.710 11.720 11.731 11.742 11.741 11.703 11.665 11.627 11.589 11.551 11.513 11.476 11.438 11.393 11.340 11.286 11.223 11.121 11.019 10.917 10.815 10.713 10.611 10.509 10.407 10.304 10.202 10.113 10.064 10.016 9.969 9.923 9.876 9.829 9.783 9.736 9.690 9.691 9.729 9.767 9.806 9.878 9.979 10.080 10.181 10.282
7.846 8.009 8.172 8.334 8.497 8.668 8.845 9.022 9.199 9.375 9.552 9.729 9.898 10.017 10.137 10.256 10.375 10.494 10.613 10.727 10.840 10.954 11.067 11.180 11.293 11.370 11.434 11.498 11.562 11.626 11.677 11.687 11.698 11.709 11.720 11.708 11.670 11.632 11.594 11.556 11.518 11.480 11.442 11.404 11.366 11.319 11.265 11.183 11.081 10.979 10.877 10.775 10.672 10.570 10.468 10.366 10.264 10.163 10.102 10.055 10.009 9.962 9.916 9.869 9.822 9.776 9.729 9.683 9.697 9.735 9.773 9.811 9.849 9.904 10.005 10.106 10.207
7.837 8.000 8.163 8.326 8.488 8.651 8.828 9.004 9.181 9.358 9.535 9.712 9.846 9.965 10.084 10.203 10.323 10.442 10.561 10.678 10.791 10.905 11.018 11.131 11.233 11.297 11.361 11.425 11.489 11.553 11.617 11.665 11.676 11.687 11.697 11.675 11.637 11.599 11.561 11.523 11.485 11.447 11.409 11.371 11.333 11.295 11.245 11.143 11.041 10.938 10.836 10.735 10.633 10.531 10.430 10.328 10.226 10.125 10.085 10.048 10.002 9.955 9.908 9.862 9.815 9.769 9.722 9.675 9.702 9.740 9.778 9.817 9.855 9.893 9.931 10.031 10.132
