includes/oleron/floodfiles/results/res-0007.wdfp
ncols         631
nrows         906
xllcorner     364927.146667
yllcorner     6531972.565556
cellsize      20.000000
NODATA_value  -9999.000000
[rows 850 to 883 of 906, columns 77 to 153 of 631]
12.630 12.602 12.574 12.546 12.517 12.489 12.461 12.433 12.405 12.377 12.349 12.321 12.293 12.265 12.241 12.220 12.199 12.178 12.157 12.136 12.115 12.094 12.073 12.052 12.032 12.011 11.990 11.970 11.951 11.931 11.911 11.891 11.871 11.851 11.831 11.811 11.791 11.771 11.751 11.731 11.711 11.691 11.671 11.651 11.631 11.612 11.590 11.558 11.526 11.494 11.463 11.431 11.399 11.367 11.335 11.303 11.271 11.239 11.207 11.175 11.143 11.110 11.076 11.043 11.009 10.976 10.942 10.909 10.875 10.841 10.808 10.774 10.741 10.707 10.674 10.640 10.607
12.635 12.607 12.579 12.551 12.523 12.494 12.466 12.438 12.410 12.382 12.354 12.326 12.298 12.270 12.248 12.227 12.206 12.185 12.165 12.144 12.123 12.102 12.081 12.060 12.039 12.018 11.997 11.977 11.957 11.937 11.917 11.898 11.878 11.858 11.838 11.818 11.798 11.778 11.758 11.738 11.718 11.698 11.678 11.658 11.638 11.618 11.592 11.560 11.528 11.496 11.464 11.432 11.400 11.368 11.336 11.304 11.272 11.240 11.208 11.176 11.144 11.112 11.078 11.045 11.011 10.978 10.944 10.911 10.877 10.844 10.810 10.777 10.743 10.710 10.676 10.643 10.609
12.640 12.612 12.584 12.556 12.528 12.500 12.471 12.443 12.415 12.387 12.359 12.331 12.303 12.277 12.256 12.235 12.214 12.193 12.172 12.151 12.130 12.109 12.089 12.068 12.047 12.026 12.005 11.984 11.964 11.944 11.924 11.904 11.884 11.865 11.845 11.825 11.805 11.785 11.765 11.745 11.725 11.705 11.685 11.665 11.645 11.625 11.593 11.561 11.529 11.497 11.465 11.433 11.401 11.369 11.337 11.305 11.273 11.241 11.209 11.178 11.146 11.114 11.081 11.047 11.014 10.980 10.946 10.913 10.879 10.846 10.812 10.779 10.745 10.712 10.678 10.645 10.607
12.645 12.617 12.589 12.561 12.533 12.505 12.477 12.448 12.420 12.392 12.364 12.336 12.308 12.284 12.263 12.242 12.222 12.201 12.180 12.159 12.138 12.117 12.096 12.075 12.054 12.033 12.013 11.992 11.971 11.951 11.931 11.911 11.891 11.871 11.851 11.831 11.812 11.792 11.772 11.752 11.732 11.712 11.692 11.672 11.652 11.626 11.594 11.562 11.530 11.498 11.466 11.434 11.402 11.371 11.339 11.307 11.275 11.243 11.211 11.179 11.147 11.115 11.083 11.049 11.016 10.982 10.949 10.915 10.882 10.848 10.815 10.781 10.748 10.714 10.681 10.647 10.604
12.650 12.622 12.594 12.566 12.538 12.510 12.482 12.454 12.426 12.397 12.369 12.341 12.313 12.292 12.271 12.250 12.229 12.208 12.187 12.166 12.146 12.125 12.104 12.083 12.062 12.041 12.020 11.999 11.978 11.958 11.938 11.918 11.898 11.878 11.858 11.838 11.818 11.798 11.778 11.759 11.739 11.719 11.699 11.679 11.659 11.627 11.596 11.564 11.532 11.500 11.468 11.436 11.404 11.372 11.340 11.308 11.276 11.244 11.212 11.180 11.148 11.116 11.084 11.052 11.018 10.984 10.951 10.917 10.884 10.850 10.817 10.783 10.750 10.716 10.683 10.643 10.600
12.655 12.627 12.599 12.571 12.543 12.515 12.487 12.459 12.431 12.403 12.374 12.346 12.320 12.299 12.279 12.258 12.237 12.216 12.195 12.174 12.153 12.132 12.111 12.090 12.069 12.049 12.028 12.007 11.986 11.965 11.945 11.925 11.905 11.885 11.865 11.845 11.825 11.805 11.785 11.765 11.745 11.726 11.706 11.686 11.661 11.629 11.597 11.565 11.533 11.501 11.469 11.437 11.405 11.373 11.341 11.309 11.277 11.245 11.213 11.181 11.149 11.117 11.086 11.054 11.020 10.987 10.953 10.920 10.886 10.853 10.819 10.786 10.752 10.718 10.683 10.640 10.597
12.660 12.632 12.604 12.576 12.548 12.520 12.492 12.464 12.436 12.408 12.380 12.351 12.328 12.307 12.286 12.265 12.244 12.223 12.202 12.182 12.161 12.140 12.119 12.098 12.077 12.056 12.035 12.014 11.993 11.973 11.952 11.932 11.912 11.892 11.872 11.852 11.832 11.812 11.792 11.772 11.752 11.732 11.712 11.692 11.662 11.630 11.598 11.566 11.534 11.502 11.470 11.438 11.406 11.374 11.342 11.311 11.279 11.247 11.215 11.183 11.151 11.119 11.087 11.055 11.022 10.989 10.955 10.922 10.888 10.855 10.821 10.788 10.754 10.721 10.679 10.636 10.593
12.665 12.637 12.609 12.581 12.553 12.525 12.497 12.469 12.441 12.413 12.385 12.357 12.336 12.315 12.294 12.273 12.252 12.231 12.210 12.189 12.168 12.147 12.126 12.106 12.085 12.064 12.043 12.022 12.001 11.980 11.959 11.939 11.919 11.899 11.879 11.859 11.839 11.819 11.799 11.779 11.759 11.739 11.719 11.695 11.663 11.631 11.599 11.567 11.535 11.504 11.472 11.440 11.408 11.376 11.344 11.312 11.280 11.248 11.216 11.184 11.152 11.120 11.088 11.056 11.024 10.991 10.958 10.924 10.891 10.857 10.824 10.790 10.756 10.719 10.676 10.633 10.590
12.670 12.642 12.614 12.586 12.558 12.530 12.502 12.474 12.446 12.418 12.390 12.364 12.343 12.322 12.301 12.280 12.259 12.239 12.218 12.197 12.176 12.155 12.134 12.113 12.092 12.071 12.050 12.030 12.009 11.988 11.967 11.946 11.926 11.906 11.886 11.866 11.846 11.826 11.806 11.786 11.766 11.746 11.726 11.697 11.665 11.633 11.601 11.569 11.537 11.505 11.473 11.441 11.409 11.377 11.345 11.313 11.281 11.249 11.217 11.185 11.153 11.121 11.089 11.057 11.025 10.993 10.960 10.926 10.893 10.859 10.826 10.792 10.759 10.715 10.672 10.629 10.586
12.675 12.647 12.619 12.591 12.563 12.535 12.507 12.479 12.451 12.423 12.395 12.372 12.351 12.330 12.309 12.288 12.267 12.246 12.225 12.204 12.183 12.163 12.142 12.121 12.100 12.079 12.058 12.037 12.016 11.995 11.974 11.954 11.933 11.912 11.893 11.873 11.853 11.833 11.813 11.793 11.773 11.753 11.730 11.698 11.666 11.634 11.602 11.570 11.538 11.506 11.474 11.442 11.410 11.378 11.346 11.314 11.282 11.250 11.219 11.187 11.155 11.123 11.091 11.059 11.027 10.995 10.962 10.929 10.895 10.861 10.828 10.794 10.755 10.712 10.669 10.626 10.583
12.680 12.652 12.624 12.596 12.568 12.540 12.512 12.484 12.456 12.428 12.400 12.379 12.358 12.337 12.316 12.296 12.275 12.254 12.233 12.212 12.191 12.170 12.149 12.128 12.107 12.087 12.066 12.045 12.024 12.003 11.982 11.961 11.940 11.919 11.899 11.879 11.859 11.840 11.820 11.800 11.780 11.760 11.731 11.699 11.667 11.635 11.603 11.571 11.539 11.507 11.475 11.444 11.412 11.380 11.348 11.316 11.284 11.252 11.220 11.188 11.156 11.124 11.092 11.060 11.028 10.996 10.964 10.931 10.897 10.864 10.830 10.795 10.752 10.708 10.665 10.622 10.579
12.686 12.657 12.629 12.601 12.573 12.545 12.517 12.489 12.461 12.433 12.408 12.387 12.366 12.345 12.324 12.303 12.282 12.261 12.240 12.220 12.199 12.178 12.157 12.136 12.115 12.094 12.073 12.052 12.031 12.010 11.990 11.969 11.948 11.927 11.906 11.886 11.866 11.846 11.826 11.807 11.787 11.764 11.732 11.700 11.668 11.637 11.605 11.573 11.541 11.509 11.477 11.445 11.413 11.381 11.349 11.317 11.285 11.253 11.221 11.189 11.157 11.125 11.093 11.061 11.029 10.997 10.965 10.933 10.899 10.866 10.832 10.791 10.748 10.705 10.662 10.619 10.576
12.691 12.663 12.635 12.606 12.578 12.550 12.522 12.494 12.466 12.438 12.415 12.394 12.373 12.353 12.332 12.311 12.290 12.269 12.248 12.227 12.206 12.185 12.164 12.143 12.123 12.102 12.081 12.060 12.039 12.018 11.997 11.976 11.955 11.934 11.914 11.893 11.873 11.853 11.833 11.813 11.793 11.766 11.734 11.702 11.670 11.638 11.606 11.574 11.542 11.510 11.478 11.446 11.414 11.382 11.350 11.318 11.286 11.254 11.222 11.190 11.158 11.127 11.095 11.063 11.031 10.999 10.967 10.935 10.902 10.868 10.831 10.788 10.744 10.701 10.658 10.615 10.572
12.696 12.668 12.640 12.612 12.583 12.555 12.527 12.499 12.471 12.444 12.423 12.402 12.381 12.360 12.339 12.318 12.297 12.276 12.256 12.235 12.214 12.193 12.172 12.151 12.130 12.109 12.088 12.067 12.047 12.026 12.005 11.984 11.963 11.942 11.921 11.900 11.880 11.860 11.840 11.820 11.799 11.767 11.735 11.703 11.671 11.639 11.607 11.575 11.543 11.511 11.479 11.447 11.415 11.383 11.352 11.320 11.288 11.256 11.224 11.192 11.160 11.128 11.096 11.064 11.032 11.000 10.968 10.936 10.904 10.870 10.827 10.784 10.741 10.698 10.655 10.612 10.569
12.701 12.673 12.645 12.617 12.589 12.560 12.532 12.504 12.476 12.451 12.430 12.410 12.389 12.368 12.347 12.326 12.305 12.284 12.263 12.242 12.221 12.200 12.180 12.159 12.138 12.117 12.096 12.075 12.054 12.033 12.012 11.991 11.971 11.950 11.929 11.908 11.887 11.867 11.847 11.827 11.800 11.768 11.736 11.704 11.672 11.640 11.608 11.576 11.545 11.513 11.481 11.449 11.417 11.385 11.353 11.321 11.289 11.257 11.225 11.193 11.161 11.129 11.097 11.065 11.033 11.001 10.969 10.937 10.905 10.867 10.824 10.781 10.737 10.694 10.651 10.608 10.565
12.706 12.678 12.650 12.622 12.594 12.566 12.538 12.509 12.481 12.459 12.438 12.417 12.396 12.375 12.354 12.333 12.313 12.292 12.271 12.250 12.229 12.208 12.187 12.166 12.145 12.124 12.104 12.083 12.062 12.041 12.020 11.999 11.978 11.957 11.936 11.915 11.894 11.874 11.854 11.833 11.801 11.770 11.738 11.706 11.674 11.642 11.610 11.578 11.546 11.514 11.482 11.450 11.418 11.386 11.354 11.322 11.290 11.258 11.225 11.192 11.159 11.126 11.093 11.060 11.027 10.994 10.961 10.928 10.895 10.867 10.824 10.781 10.738 10.695 10.651 10.608 10.565
12.711 12.683 12.655 12.627 12.599 12.571 12.543 12.515 12.487 12.466 12.446 12.425 12.404 12.383 12.362 12.341 12.320 12.299 12.278 12.257 12.237 12.216 12.195 12.174 12.153 12.132 12.111 12.090 12.069 12.048 12.027 12.007 11.986 11.965 11.944 11.923 11.902 11.881 11.861 11.835 11.803 11.771 11.739 11.707 11.675 11.643 11.611 11.578 11.545 11.512 11.479 11.446 11.413 11.380 11.347 11.314 11.281 11.248 11.215 11.182 11.149 11.116 11.083 11.050 11.017 10.984 10.951 10.918 10.887 10.859 10.825 10.782 10.739 10.695 10.652 10.609 10.566
12.716 12.688 12.660 12.632 12.604 12.576 12.548 12.520 12.495 12.474 12.453 12.432 12.411 12.390 12.370 12.349 12.328 12.307 12.286 12.265 12.244 12.223 12.202 12.181 12.161 12.140 12.119 12.098 12.077 12.056 12.035 12.014 11.993 11.972 11.951 11.931 11.910 11.889 11.865 11.832 11.799 11.766 11.733 11.700 11.667 11.634 11.601 11.568 11.535 11.502 11.469 11.436 11.403 11.370 11.337 11.304 11.271 11.238 11.205 11.172 11.139 11.106 11.073 11.040 11.007 10.974 10.941 10.908 10.879 10.851 10.822 10.783 10.740 10.696 10.653 10.610 10.567
12.720 12.693 12.665 12.637 12.609 12.581 12.553 12.525 12.503 12.482 12.461 12.440 12.419 12.398 12.377 12.356 12.335 12.314 12.294 12.273 12.252 12.231 12.210 12.189 12.168 12.147 12.126 12.105 12.084 12.064 12.043 12.022 12.001 11.977 11.954 11.930 11.907 11.883 11.857 11.823 11.790 11.757 11.724 11.691 11.658 11.625 11.592 11.559 11.526 11.493 11.459 11.426 11.393 11.360 11.327 11.294 11.261 11.228 11.195 11.162 11.129 11.096 11.063 11.030 10.997 10.964 10.931 10.900 10.871 10.843 10.814 10.784 10.740 10.697 10.654 10.611 10.567
12.720 12.697 12.670 12.642 12.614 12.586 12.558 12.531 12.510 12.489 12.468 12.447 12.427 12.406 12.385 12.364 12.343 12.322 12.301 12.280 12.259 12.238 12.217 12.197 12.176 12.155 12.134 12.113 12.090 12.066 12.043 12.019 11.996 11.972 11.949 11.925 11.902 11.878 11.848 11.814 11.780 11.747 11.714 11.681 11.648 11.615 11.582 11.549 11.516 11.483 11.450 11.417 11.384 11.351 11.318 11.285 11.252 11.219 11.186 11.153 11.120 11.086 11.053 11.020 10.987 10.954 10.921 10.892 10.863 10.835 10.806 10.778 10.741 10.698 10.655 10.612 10.568
12.721 12.698 12.675 12.647 12.619 12.591 12.563 12.539 12.518 12.497 12.476 12.455 12.434 12.413 12.392 12.371 12.350 12.330 12.309 12.288 12.267 12.246 12.225 12.202 12.178 12.155 12.131 12.108 12.084 12.061 12.037 12.014 11.990 11.967 11.943 11.920 11.896 11.873 11.840 11.805 11.771 11.737 11.704 11.671 11.638 11.605 11.572 11.539 11.506 11.473 11.440 11.407 11.374 11.341 11.308 11.275 11.242 11.209 11.176 11.143 11.110 11.077 11.044 11.011 10.978 10.945 10.913 10.884 10.855 10.827 10.798 10.770 10.741 10.699 10.656 10.612 10.569
12.721 12.698 12.675 12.652 12.624 12.596 12.568 12.546 12.525 12.504 12.483 12.463 12.442 12.421 12.400 12.379 12.358 12.337 12.314 12.290 12.267 12.243 12.220 12.196 12.173 12.149 12.126 12.102 12.079 12.055 12.032 12.008 11.985 11.961 11.938 11.914 11.891 11.865 11.831 11.796 11.762 11.728 11.694 11.661 11.628 11.595 11.562 11.529 11.496 11.463 11.430 11.397 11.364 11.331 11.298 11.265 11.232 11.199 11.166 11.133 11.100 11.067 11.034 11.001 10.968 10.935 10.905 10.876 10.847 10.819 10.790 10.762 10.733 10.700 10.656 10.613 10.570
12.722 12.698 12.675 12.652 12.629 12.601 12.575 12.554 12.533 12.512 12.491 12.470 12.449 12.426 12.403 12.379 12.356 12.332 12.309 12.285 12.262 12.238 12.215 12.191 12.168 12.144 12.121 12.097 12.074 12.050 12.027 12.003 11.980 11.956 11.933 11.909 11.886 11.856 11.822 11.788 11.753 11.719 11.684 11.651 11.618 11.585 11.552 11.519 11.486 11.453 11.420 11.387 11.354 11.321 11.288 11.255 11.222 11.189 11.156 11.123 11.090 11.057 11.024 10.991 10.958 10.925 10.897 10.868 10.839 10.811 10.782 10.754 10.725 10.697 10.657 10.614 10.571
12.722 12.699 12.676 12.653 12.630 12.606 12.582 12.561 12.538 12.515 12.491 12.468 12.444 12.421 12.397 12.374 12.350 12.327 12.303 12.280 12.256 12.233 12.209 12.186 12.162 12.139 12.115 12.092 12.068 12.045 12.021 11.998 11.974 11.951 11.927 11.904 11.880 11.848 11.813 11.779 11.744 11.710 11.676 11.641 11.608 11.575 11.542 11.509 11.476 11.443 11.410 11.377 11.344 11.311 11.278 11.245 11.212 11.179 11.146 11.113 11.080 11.047 11.014 10.981 10.948 10.917 10.889 10.860 10.832 10.803 10.774 10.746 10.717 10.689 10.658 10.615 10.572
12.722 12.699 12.676 12.653 12.630 12.606 12.580 12.556 12.533 12.509 12.486 12.462 12.439 12.415 12.392 12.368 12.345 12.321 12.298 12.274 12.251 12.227 12.204 12.180 12.157 12.133 12.110 12.086 12.063 12.039 12.016 11.992 11.969 11.945 11.922 11.898 11.873 11.839 11.804 11.770 11.736 11.701 11.667 11.632 11.598 11.565 11.532 11.499 11.466 11.433 11.400 11.367 11.334 11.301 11.268 11.235 11.202 11.169 11.136 11.103 11.070 11.037 11.004 10.971 10.938 10.909 10.881 10.852 10.824 10.795 10.766 10.738 10.709 10.681 10.652 10.616 10.572
12.723 12.699 12.676 12.653 12.629 12.606 12.578 12.551 12.528 12.504 12.481 12.457 12.434 12.410 12.387 12.363 12.340 12.316 12.293 12.269 12.246 12.222 12.199 12.175 12.152 12.128 12.105 12.081 12.058 12.034 12.011 11.987 11.964 11.940 11.917 11.893 11.864 11.830 11.796 11.761 11.727 11.692 11.658 11.624 11.589 11.555 11.522 11.489 11.456 11.423 11.390 11.357 11.324 11.291 11.258 11.225 11.192 11.159 11.126 11.093 11.060 11.027 10.994 10.961 10.930 10.901 10.873 10.844 10.816 10.787 10.758 10.730 10.701 10.673 10.644 10.615 10.573
12.722 12.699 12.676 12.652 12.629 12.604 12.577 12.549 12.522 12.499 12.475 12.452 12.428 12.405 12.381 12.358 12.334 12.311 12.287 12.264 12.240 12.217 12.193 12.170 12.146 12.123 12.099 12.076 12.052 12.029 12.005 11.982 11.958 11.935 11.911 11.888 11.856 11.821 11.787 11.752 11.718 11.684 11.649 11.615 11.580 11.546 11.512 11.479 11.446 11.413 11.380 11.347 11.314 11.281 11.248 11.215 11.182 11.149 11.116 11.083 11.050 11.017 10.984 10.951 10.922 10.893 10.865 10.836 10.808 10.779 10.750 10.722 10.693 10.665 10.636 10.607 10.574
12.722 12.698 12.675 12.652 12.628 12.603 12.575 12.548 12.520 12.493 12.470 12.446 12.423 12.399 12.376 12.352 12.329 12.305 12.282 12.258 12.235 12.211 12.188 12.164 12.141 12.117 12.094 12.070 12.047 12.023 12.000 11.976 11.953 11.929 11.906 11.881 11.847 11.812 11.778 11.744 11.709 11.675 11.640 11.606 11.572 11.537 11.503 11.469 11.436 11.403 11.370 11.337 11.304 11.271 11.238 11.205 11.172 11.139 11.106 11.073 11.040 11.007 10.974 10.942 10.914 10.885 10.857 10.828 10.800 10.771 10.742 10.714 10.685 10.657 10.628 10.599 10.571
12.721 12.698 12.675 12.651 12.628 12.601 12.574 12.546 12.519 12.491 12.465 12.441 12.418 12.394 12.371 12.347 12.324 12.300 12.277 12.253 12.230 12.206 12.183 12.159 12.136 12.112 12.089 12.065 12.042 12.018 11.995 11.971 11.948 11.924 11.900 11.872 11.838 11.804 11.769 11.735 11.700 11.666 11.632 11.597 11.563 11.528 11.494 11.460 11.426 11.393 11.360 11.327 11.294 11.261 11.228 11.195 11.162 11.129 11.096 11.063 11.030 10.997 10.964 10.935 10.906 10.877 10.849 10.820 10.792 10.763 10.734 10.706 10.677 10.649 10.620 10.592 10.563
12.721 12.698 12.674 12.651 12.627 12.600 12.572 12.545 12.517 12.490 12.462 12.436 12.412 12.389 12.365 12.342 12.318 12.295 12.271 12.248 12.224 12.201 12.177 12.154 12.130 12.107 12.083 12.060 12.036 12.013 11.989 11.966 11.942 11.919 11.895 11.864 11.829 11.795 11.760 11.726 11.692 11.657 11.623 11.588 11.554 11.520 11.485 11.451 11.416 11.383 11.350 11.317 11.284 11.251 11.218 11.185 11.152 11.119 11.086 11.053 11.020 10.987 10.955 10.927 10.898 10.869 10.841 10.812 10.784 10.755 10.726 10.698 10.669 10.641 10.612 10.584 10.555
12.720 12.697 12.674 12.650 12.626 12.598 12.571 12.543 12.516 12.488 12.461 12.433 12.407 12.383 12.360 12.336 12.313 12.289 12.266 12.242 12.219 12.195 12.172 12.148 12.125 12.101 12.078 12.054 12.031 12.007 11.984 11.960 11.937 11.913 11.889 11.855 11.820 11.786 11.752 11.717 11.683 11.648 11.614 11.580 11.545 11.511 11.476 11.442 11.408 11.373 11.340 11.307 11.274 11.241 11.208 11.175 11.142 11.109 11.076 11.043 11.010 10.977 10.947 10.919 10.890 10.861 10.833 10.804 10.776 10.747 10.718 10.690 10.661 10.633 10.604 10.576 10.547
12.720 12.697 12.673 12.650 12.624 12.597 12.569 12.542 12.514 12.487 12.459 12.432 12.405 12.378 12.355 12.331 12.308 12.284 12.261 12.237 12.214 12.190 12.167 12.143 12.120 12.096 12.073 12.049 12.026 12.002 11.979 11.955 11.931 11.908 11.880 11.846 11.812 11.777 11.743 11.708 11.674 11.640 11.605 11.571 11.536 11.502 11.468 11.433 11.399 11.364 11.331 11.298 11.265 11.232 11.198 11.165 11.132 11.099 11.066 11.033 11.000 10.968 10.939 10.911 10.882 10.853 10.825 10.796 10.768 10.739 10.710 10.682 10.653 10.625 10.596 10.568 10.539
12.720 12.696 12.673 12.650 12.623 12.595 12.568 12.540 12.513 12.486 12.458 12.431 12.403 12.376 12.349 12.326 12.302 12.279 12.255 12.232 12.208 12.185 12.161 12.138 12.114 12.091 12.067 12.044 12.020 11.997 11.973 11.950 11.926 11.903 11.872 11.837 11.803 11.768 11.734 11.700 11.665 11.631 11.596 11.562 11.528 11.493 11.459 11.424 11.390 11.356 11.321 11.288 11.255 11.222 11.189 11.156 11.123 11.090 11.057 11.024 10.991 10.960 10.931 10.903 10.874 10.845 10.817 10.788 10.760 10.731 10.702 10.674 10.645 10.617 10.588 10.560 10.531
12.719 12.696 12.672 12.649 12.621 12.594 12.567 12.539 12.512 12.484 12.457 12.429 12.402 12.374 12.347 12.320 12.297 12.273 12.250 12.226 12.203 12.179 12.156 12.132 12.109 12.085 12.062 12.038 12.015 11.991 11.968 11.944 11.921 11.897 11.863 11.828 11.794 11.760 11.725 11.691 11.656 11.622 11.588 11.553 11.519 11.484 11.450 11.416 11.381 11.347 11.312 11.278 11.245 11.212 11.179 11.146 11.113 11.080 11.047 11.014 10.981 10.952 10.923 10.895 10.866 10.837 10.809 10.780 10.752 10.723 10.695 10.666 10.637 10.609 10.580 10.552 10.523
