includes/oleron/floodfiles/results/res-0002.wdfp
ncols         631
nrows         906
xllcorner     364927.146667
yllcorner     6531972.565556
cellsize      20.000000
NODATA_value  -9999.000000
[rows 850 to 883 of 906, columns 385 to 461 of 631]
0.000 0.000 0.000 0.000 0.000 0.000 0.000 0.000 0.000 0.000 0.000 0.000 0.000 0.000 0.000 0.000 0.000 0.000 0.000 0.000 0.000 0.000 0.000 0.000 0.000 0.000 0.000 1.250 2.060 2.370 3.087 3.949 5.034 6.119 7.204 8.289 9.374 10.459 11.400 11.069 10.739 10.389 10.039 9.688 9.337 8.987 8.636 8.285 7.935 7.584 7.366 7.172 6.961 6.747 6.534 6.320 6.106 5.893 5.679 5.465 5.352 5.291 5.449 5.606 5.763 5.921 6.078 6.235 6.393 6.532 6.594 6.656 6.718 6.780 6.815 6.849 6.884
0.000 0.000 0.000 0.000 0.000 0.000 0.000 0.000 0.000 0.000 0.000 0.000 0.000 0.000 0.000 0.000 0.000 0.000 0.000 0.000 0.000 0.000 0.000 0.000 0.000 0.000 1.320 2.130 2.280 2.490 4.015 4.738 5.814 6.899 7.984 9.069 10.154 11.240 11.040 10.710 10.380 10.038 9.687 9.336 8.986 8.635 8.284 7.934 7.583 7.356 7.219 7.024 6.829 6.634 6.439 6.244 6.049 5.854 5.644 5.430 5.277 5.435 5.592 5.749 5.906 6.064 6.221 6.378 6.536 6.693 6.761 6.823 6.885 6.921 6.956 6.990 7.024
0.000 0.000 0.000 0.000 0.000 0.000 0.000 0.000 0.000 0.000 0.000 0.000 0.000 0.000 0.000 0.000 0.000 0.000 0.000 0.000 0.000 0.000 0.000 0.000 0.000 1.490 2.090 2.330 3.498 4.221 4.943 5.666 6.594 7.679 8.764 9.850 10.935 11.012 10.681 10.351 10.021 9.686 9.336 8.985 8.634 8.284 7.933 7.582 7.321 7.188 7.055 6.876 6.681 6.486 6.291 6.096 5.901 5.706 5.511 5.316 5.396 5.563 5.730 5.892 6.050 6.207 6.364 6.522 6.679 6.836 6.928 6.990 7.028 7.062 7.096 7.130 7.165
0.000 0.000 0.000 0.000 0.000 0.000 0.000 0.000 0.000 0.000 0.000 0.000 0.000 0.000 0.000 0.000 0.000 0.000 0.000 0.000 0.000 0.000 0.000 0.000 1.479 2.019 2.339 2.580 4.427 5.149 5.871 6.594 7.374 8.459 9.545 10.630 10.983 10.653 10.322 9.992 9.662 9.331 8.984 8.634 8.283 7.932 7.582 7.287 7.153 7.020 6.886 6.728 6.533 6.338 6.143 5.948 5.753 5.559 5.364 5.395 5.500 5.660 5.827 5.994 6.161 6.328 6.495 6.661 6.822 6.979 7.095 7.134 7.168 7.203 7.237 7.271 7.305
0.000 0.000 0.000 0.000 0.000 0.000 0.000 0.000 0.000 0.000 0.000 0.000 0.000 0.000 0.000 0.000 0.000 0.000 0.000 0.000 0.000 0.000 0.000 1.359 2.009 2.279 2.369 4.632 5.355 6.077 6.800 7.522 8.245 9.240 10.325 10.954 10.624 10.294 9.963 9.633 9.302 8.972 8.633 8.282 7.931 7.581 7.252 7.118 6.985 6.851 6.718 6.580 6.385 6.190 5.996 5.801 5.606 5.411 5.406 5.510 5.615 5.758 5.925 6.091 6.258 6.425 6.592 6.759 6.925 7.092 7.236 7.273 7.309 7.343 7.377 7.411 7.446
0.000 0.000 0.000 0.000 0.000 0.000 0.000 0.000 0.000 0.000 0.000 0.000 0.000 0.000 0.000 0.000 0.000 0.000 0.000 0.000 0.000 0.000 1.319 2.019 2.249 2.279 4.838 5.560 6.283 7.005 7.728 8.450 9.173 10.020 10.925 10.595 10.265 9.934 9.604 9.274 8.943 8.613 8.281 7.930 7.580 7.229 7.083 6.950 6.817 6.683 6.550 6.416 6.238 6.043 5.848 5.653 5.458 5.417 5.521 5.626 5.730 5.855 6.022 6.189 6.355 6.522 6.689 6.856 7.023 7.191 7.360 7.404 7.441 7.478 7.514 7.551 7.586
0.000 0.000 0.000 0.000 0.000 0.000 0.000 0.000 0.000 0.000 0.000 0.000 0.000 0.000 0.000 0.000 0.000 0.000 0.000 0.000 0.000 1.329 1.939 2.169 2.349 4.446 5.243 6.039 6.836 7.633 8.430 9.226 10.023 10.820 10.566 10.236 9.906 9.575 9.245 8.914 8.584 8.254 7.923 7.579 7.228 7.048 6.915 6.782 6.648 6.515 6.381 6.248 6.090 5.895 5.700 5.505 5.428 5.532 5.636 5.741 5.845 5.952 6.119 6.286 6.453 6.620 6.786 6.953 7.121 7.291 7.460 7.535 7.572 7.609 7.645 7.682 7.719
0.000 0.000 0.000 0.000 0.000 0.000 0.000 0.000 0.000 0.000 0.000 0.000 0.000 0.000 0.000 0.000 0.000 0.000 0.000 0.000 0.879 1.859 1.869 2.479 4.073 4.848 5.644 6.441 7.238 8.035 8.831 9.628 10.425 10.596 10.356 9.997 9.639 9.281 8.922 8.564 8.225 7.895 7.564 7.227 7.014 6.880 6.747 6.613 6.480 6.347 6.213 6.080 5.942 5.747 5.552 5.438 5.543 5.647 5.751 5.856 5.960 6.064 6.216 6.383 6.550 6.717 6.884 7.052 7.221 7.390 7.559 7.666 7.703 7.740 7.776 7.813 7.850
0.000 0.000 0.000 0.000 0.000 0.000 0.000 0.000 0.000 0.000 0.000 0.000 0.000 0.000 0.000 0.000 0.000 0.000 0.000 0.000 1.719 2.039 2.439 2.629 4.513 5.249 6.046 6.843 7.640 8.436 9.233 10.030 10.404 10.311 10.172 9.814 9.455 9.097 8.739 8.380 8.022 7.663 7.305 7.044 6.883 6.720 6.579 6.445 6.312 6.178 6.045 5.912 5.778 5.599 5.449 5.553 5.658 5.762 5.866 5.971 6.075 6.179 6.314 6.480 6.647 6.814 6.982 7.151 7.320 7.490 7.659 7.797 7.834 7.871 7.907 7.944 7.981
0.000 0.000 0.000 0.000 0.000 0.000 0.000 0.000 0.000 0.000 0.000 0.000 0.000 0.000 0.000 0.000 0.000 0.000 0.000 1.478 1.758 1.999 2.589 4.247 4.952 5.658 6.448 7.245 8.041 8.838 9.635 10.212 10.119 10.026 9.932 9.630 9.272 8.913 8.555 8.196 7.838 7.480 7.181 7.034 6.877 6.715 6.553 6.390 6.228 6.066 5.904 5.743 5.610 5.460 5.564 5.668 5.773 5.877 5.981 6.086 6.190 6.294 6.411 6.578 6.744 6.912 7.081 7.251 7.420 7.589 7.758 7.927 7.965 8.002 8.038 8.075 8.112
0.000 0.000 0.000 0.000 0.000 0.000 0.000 0.000 0.000 0.000 0.000 0.000 0.000 0.000 0.000 0.000 0.000 0.000 1.078 1.708 2.088 2.298 3.981 4.687 5.392 6.098 6.850 7.646 8.443 9.240 10.020 9.927 9.834 9.740 9.647 9.446 9.088 8.729 8.371 8.013 7.654 7.318 7.170 7.023 6.871 6.709 6.547 6.385 6.222 6.060 5.898 5.736 5.573 5.548 5.661 5.774 5.887 5.992 6.096 6.201 6.305 6.409 6.514 6.675 6.843 7.012 7.181 7.350 7.519 7.688 7.858 8.027 8.096 8.133 8.169 8.206 8.216
0.000 0.000 0.000 0.000 0.000 0.000 0.000 0.000 0.000 0.000 0.000 0.000 0.000 0.000 0.000 0.000 0.000 1.028 1.578 2.158 3.010 3.715 4.421 5.126 5.832 6.538 7.251 8.048 8.845 9.642 9.735 9.642 9.549 9.455 9.362 9.262 8.904 8.546 8.187 7.829 7.470 7.307 7.159 7.012 6.865 6.704 6.541 6.379 6.217 6.055 5.892 5.730 5.673 5.649 5.734 5.847 5.960 6.073 6.186 6.299 6.412 6.524 6.629 6.773 6.942 7.111 7.280 7.450 7.619 7.788 7.957 8.126 8.227 8.264 8.301 8.312 8.271
0.000 0.000 0.000 0.000 0.000 0.000 0.000 0.000 0.000 0.000 0.000 0.000 0.000 0.000 0.000 0.000 0.368 1.458 2.048 2.744 3.450 4.155 4.861 5.566 6.272 6.977 7.683 8.450 9.247 9.543 9.450 9.357 9.263 9.170 9.077 8.984 8.720 8.362 8.003 7.645 7.443 7.296 7.149 7.002 6.854 6.698 6.536 6.374 6.211 6.049 5.887 5.810 5.786 5.762 5.806 5.919 6.032 6.145 6.258 6.371 6.484 6.597 6.710 6.846 7.026 7.206 7.380 7.549 7.718 7.887 8.057 8.226 8.358 8.395 8.408 8.367 8.327
0.000 0.000 0.000 0.000 0.000 0.000 0.000 0.000 0.000 0.000 0.000 0.000 0.000 0.000 0.000 0.000 0.618 1.648 2.578 3.239 3.901 4.595 5.300 6.006 6.712 7.417 8.123 8.852 9.351 9.258 9.165 9.072 8.978 8.885 8.792 8.699 8.536 8.178 7.820 7.580 7.433 7.285 7.138 6.991 6.844 6.692 6.530 6.368 6.206 6.043 5.948 5.924 5.900 5.876 5.878 5.991 6.104 6.217 6.330 6.443 6.556 6.669 6.781 6.898 7.079 7.259 7.440 7.620 7.800 7.981 8.156 8.325 8.489 8.504 8.463 8.422 8.382
0.000 0.000 0.000 0.000 0.000 0.000 0.000 0.000 0.000 0.000 0.000 0.000 0.000 0.000 0.000 1.428 1.838 1.568 3.401 4.063 4.724 5.386 6.048 6.709 7.371 8.033 8.695 9.260 9.090 8.973 8.880 8.786 8.693 8.600 8.507 8.414 8.321 7.994 7.717 7.569 7.422 7.275 7.127 6.980 6.833 6.686 6.525 6.362 6.200 6.086 6.062 6.038 6.014 5.990 5.966 6.064 6.177 6.290 6.403 6.516 6.629 6.740 6.852 6.963 7.132 7.312 7.492 7.673 7.853 8.034 8.214 8.394 8.521 8.530 8.518 8.478 8.437
0.000 0.000 0.000 0.000 0.000 0.000 0.000 0.000 0.000 0.000 0.000 0.000 0.000 0.000 1.427 1.917 2.407 3.390 4.171 4.886 5.548 6.210 6.871 7.533 8.195 8.856 9.518 9.357 9.110 8.970 8.830 8.690 8.549 8.409 8.269 8.129 8.036 7.853 7.706 7.558 7.411 7.264 7.117 6.969 6.822 6.675 6.519 6.357 6.223 6.199 6.175 6.151 6.127 6.103 6.079 6.136 6.249 6.362 6.475 6.588 6.700 6.811 6.923 7.034 7.184 7.365 7.545 7.726 7.906 8.086 8.267 8.405 8.374 8.371 8.390 8.408 8.426
0.000 0.000 0.000 0.000 0.000 0.000 0.000 0.000 0.000 0.000 0.000 0.000 0.000 1.317 1.797 2.347 3.375 4.156 4.937 5.710 6.371 7.033 7.695 8.356 9.018 9.680 9.786 9.454 9.130 8.990 8.850 8.710 8.570 8.429 8.289 8.149 8.009 7.645 7.550 7.455 7.360 7.253 7.106 6.959 6.811 6.664 6.513 6.361 6.337 6.313 6.289 6.265 6.241 6.217 6.193 6.208 6.322 6.434 6.547 6.659 6.771 6.882 6.994 7.105 7.237 7.418 7.598 7.778 7.959 8.139 8.288 8.258 8.227 8.212 8.231 8.249 8.268
0.000 0.000 0.000 0.000 0.000 0.000 0.000 0.000 0.000 0.000 0.000 0.000 1.217 1.797 2.637 3.360 4.141 4.922 5.704 6.485 7.195 7.856 8.518 9.180 9.842 10.216 9.884 9.551 9.219 9.010 8.870 8.730 8.590 8.450 8.309 8.169 7.817 7.410 7.249 7.154 7.059 6.964 6.870 6.775 6.680 6.586 6.491 6.475 6.451 6.427 6.403 6.379 6.355 6.331 6.307 6.283 6.394 6.507 6.619 6.730 6.842 6.953 7.065 7.176 7.290 7.470 7.651 7.831 8.012 8.172 8.141 8.110 8.079 8.054 8.072 8.090 8.109
0.000 0.000 0.000 0.000 0.000 0.000 0.000 0.000 0.000 0.000 0.000 1.177 1.787 2.637 3.344 4.126 4.907 5.688 6.470 7.251 8.018 8.680 9.342 10.003 10.646 10.313 9.981 9.649 9.316 9.031 8.890 8.750 8.610 8.470 8.330 8.033 7.626 7.218 6.947 6.853 6.758 6.663 6.569 6.474 6.379 6.284 6.392 6.464 6.470 6.476 6.482 6.488 6.468 6.444 6.421 6.397 6.466 6.578 6.690 6.801 6.913 7.024 7.136 7.247 7.359 7.523 7.704 7.884 8.056 8.025 7.994 7.963 7.932 7.901 7.913 7.932 7.950
0.000 0.000 0.000 0.000 0.000 0.000 0.000 0.000 0.000 0.000 1.106 1.896 2.177 3.329 4.111 4.892 5.673 6.455 7.236 8.017 8.798 9.503 10.165 10.827 10.743 10.410 10.078 9.746 9.413 9.081 8.911 8.771 8.630 8.490 8.249 7.842 7.435 7.027 6.646 6.552 6.457 6.362 6.267 6.173 6.078 6.146 6.310 6.432 6.437 6.443 6.449 6.455 6.461 6.467 6.473 6.478 6.538 6.649 6.761 6.872 6.984 7.095 7.207 7.318 7.430 7.576 7.756 7.937 7.908 7.877 7.847 7.816 7.785 7.754 7.754 7.773 7.791
0.000 0.000 0.000 0.000 0.000 0.000 0.000 0.000 0.000 0.646 1.736 2.236 3.314 4.096 4.877 5.658 6.439 7.221 8.002 8.783 9.565 10.327 10.989 11.172 10.840 10.508 10.175 9.843 9.510 9.178 8.931 8.791 8.650 8.465 8.058 7.651 7.243 6.836 6.429 6.250 6.156 6.061 5.966 5.871 5.900 6.064 6.228 6.392 6.405 6.411 6.417 6.422 6.428 6.434 6.440 6.508 6.666 6.764 6.862 6.961 7.059 7.166 7.278 7.389 7.501 7.629 7.809 7.792 7.761 7.730 7.699 7.668 7.637 7.606 7.596 7.614 7.633
0.000 0.000 0.000 0.000 0.000 0.000 0.000 0.000 0.000 1.246 2.286 3.114 3.949 4.760 5.572 6.384 7.196 7.987 8.768 9.549 10.331 11.112 11.602 11.270 10.937 10.605 10.272 9.940 9.608 9.275 8.951 8.811 8.671 8.274 7.867 7.459 7.052 6.645 6.237 5.949 5.854 5.760 5.665 5.654 5.818 5.982 6.146 6.310 6.372 6.378 6.384 6.390 6.396 6.401 6.452 6.617 6.782 6.892 6.990 7.088 7.187 7.285 7.384 7.482 7.581 7.683 7.676 7.645 7.614 7.583 7.552 7.521 7.490 7.459 7.437 7.455 7.474
0.000 0.000 0.000 0.000 0.000 0.000 0.000 0.000 0.776 1.936 2.572 3.506 4.321 5.119 5.930 6.742 7.554 8.366 9.178 9.989 10.801 11.613 11.567 11.271 10.975 10.679 10.370 10.037 9.705 9.372 9.040 8.831 8.490 8.083 7.675 7.268 6.861 6.453 6.046 5.648 5.553 5.459 5.408 5.572 5.736 5.900 6.064 6.228 6.340 6.345 6.351 6.357 6.363 6.396 6.561 6.726 6.891 7.019 7.118 7.216 7.314 7.413 7.511 7.610 7.708 7.607 7.540 7.505 7.469 7.436 7.405 7.374 7.343 7.312 7.281 7.297 7.306
0.000 0.000 0.000 0.000 0.000 0.000 0.000 0.000 1.386 2.486 2.964 3.898 4.707 5.484 6.289 7.101 7.912 8.724 9.536 10.348 11.160 11.577 11.397 11.122 10.826 10.530 10.234 9.938 9.643 9.347 9.051 8.660 8.296 7.891 7.484 7.077 6.669 6.262 5.855 5.447 5.252 5.162 5.326 5.490 5.654 5.818 5.982 6.147 6.307 6.313 6.319 6.325 6.340 6.505 6.670 6.835 7.000 7.147 7.245 7.344 7.442 7.541 7.639 7.738 7.653 7.505 7.411 7.375 7.340 7.304 7.269 7.233 7.198 7.165 7.134 7.130 7.077
0.000 0.000 0.000 0.000 0.000 0.000 0.000 0.786 2.006 2.422 3.356 4.290 5.093 5.870 6.647 7.459 8.271 9.083 9.894 10.706 11.518 11.380 11.200 10.973 10.677 10.381 10.085 9.790 9.494 9.198 8.823 8.253 7.866 7.501 7.137 6.772 6.407 6.043 5.663 5.256 4.951 5.080 5.244 5.408 5.572 5.736 5.901 6.065 6.229 6.280 6.286 6.292 6.449 6.614 6.779 6.944 7.109 7.274 7.373 7.471 7.570 7.668 7.767 7.700 7.552 7.404 7.281 7.246 7.210 7.175 7.139 7.104 7.068 7.033 7.007 6.985 6.861
0.000 0.000 0.000 0.000 0.000 0.000 0.000 1.416 2.386 2.813 3.747 4.681 5.479 6.256 7.033 7.817 8.629 9.441 10.253 11.064 11.364 11.183 11.003 10.822 10.528 10.232 9.936 9.641 9.345 9.037 8.467 7.897 7.437 7.072 6.707 6.342 5.978 5.613 5.248 4.884 4.942 5.068 5.192 5.326 5.490 5.655 5.819 5.983 6.147 6.248 6.253 6.393 6.558 6.723 6.888 7.053 7.218 7.383 7.500 7.599 7.697 7.796 7.747 7.599 7.451 7.303 7.155 7.116 7.081 7.045 7.010 6.974 6.939 6.909 6.982 7.006 6.882
0.000 0.000 0.000 0.000 0.000 0.000 0.000 1.685 2.271 3.205 4.139 5.073 5.865 6.642 7.420 8.197 8.987 9.799 10.611 11.347 11.167 10.986 10.806 10.625 10.379 10.083 9.788 9.492 9.196 8.681 8.111 7.541 7.007 6.642 6.278 5.913 5.548 5.184 4.819 4.775 5.013 5.174 5.299 5.424 5.549 5.674 5.799 5.923 6.065 6.215 6.337 6.502 6.667 6.832 6.997 7.162 7.327 7.492 7.628 7.726 7.825 7.794 7.646 7.498 7.350 7.202 7.054 6.987 6.951 6.916 6.880 6.845 6.811 6.884 6.958 7.026 6.902
0.000 0.000 0.000 0.000 0.000 0.000 0.785 2.105 2.663 3.597 4.531 5.465 6.251 7.029 7.806 8.583 9.360 10.158 10.969 11.150 10.970 10.789 10.608 10.428 10.230 9.934 9.639 9.343 8.895 8.325 7.755 7.185 6.615 6.213 5.848 5.483 5.119 4.754 4.608 4.846 5.084 5.281 5.405 5.530 5.655 5.780 5.905 6.030 6.155 6.298 6.457 6.617 6.777 6.941 7.106 7.271 7.436 7.601 7.756 7.854 7.841 7.693 7.545 7.397 7.249 7.101 6.953 6.857 6.822 6.786 6.751 6.715 6.786 6.860 6.933 7.007 6.923
0.000 0.000 0.000 0.000 0.000 0.000 0.985 2.476 3.055 3.989 4.923 5.857 6.637 7.415 8.192 8.969 9.747 10.524 11.133 10.953 10.772 10.592 10.411 10.231 10.050 9.786 9.490 9.109 8.539 7.969 7.400 6.830 6.260 5.783 5.418 5.054 4.689 4.440 4.679 4.917 5.155 5.387 5.512 5.637 5.762 5.887 6.012 6.136 6.277 6.431 6.589 6.748 6.908 7.068 7.228 7.387 7.547 7.710 7.875 7.888 7.740 7.592 7.444 7.296 7.148 7.000 6.852 6.728 6.692 6.657 6.621 6.688 6.762 6.835 6.909 6.982 6.943
0.000 0.000 0.000 0.000 0.000 0.426 1.745 2.513 3.447 4.381 5.315 6.246 7.024 7.801 8.578 9.355 10.133 10.744 10.940 10.758 10.576 10.395 10.214 10.034 9.853 9.637 9.324 8.754 8.184 7.614 7.044 6.474 5.904 5.354 4.989 4.624 4.273 4.511 4.749 4.988 5.226 5.464 5.619 5.743 5.868 5.993 6.118 6.255 6.410 6.564 6.720 6.880 7.040 7.200 7.359 7.519 7.679 7.839 7.937 7.820 7.651 7.490 7.342 7.194 7.046 6.898 6.750 6.602 6.563 6.527 6.590 6.663 6.737 6.811 6.884 6.958 6.964
0.000 0.000 0.000 0.076 0.976 1.756 2.444 3.094 3.839 4.773 5.707 6.633 7.410 8.187 8.964 9.683 10.073 10.463 10.750 10.568 10.386 10.204 10.022 9.839 9.657 9.476 8.968 8.398 7.828 7.258 6.688 6.118 5.548 4.978 4.559 4.195 4.344 4.582 4.820 5.059 5.297 5.535 5.725 5.850 5.975 6.100 6.233 6.388 6.543 6.698 6.852 7.012 7.172 7.331 7.491 7.651 7.811 7.925 7.885 7.802 7.633 7.464 7.296 7.127 6.959 6.797 6.649 6.501 6.433 6.492 6.565 6.639 6.713 6.786 6.860 6.934 6.985
0.000 0.075 0.586 1.466 1.826 2.556 3.227 3.878 4.528 5.179 6.098 7.019 7.796 8.573 9.013 9.402 9.792 10.182 10.560 10.378 10.196 10.014 9.831 9.649 9.467 9.146 8.648 8.070 7.492 6.914 6.336 5.762 5.192 4.622 4.130 4.177 4.415 4.653 4.891 5.129 5.368 5.606 5.832 5.957 6.081 6.211 6.366 6.521 6.676 6.831 6.986 7.144 7.303 7.463 7.623 7.783 7.913 7.873 7.833 7.783 7.615 7.446 7.277 7.109 6.940 6.771 6.603 6.434 6.417 6.467 6.541 6.614 6.688 6.762 6.835 6.909 6.983
0.645 1.515 1.705 1.945 2.375 3.360 4.011 4.661 5.312 5.962 6.613 7.405 7.952 8.342 8.731 9.121 9.511 9.900 10.290 10.188 10.006 9.823 9.641 9.459 9.185 8.775 8.337 7.759 7.181 6.604 6.026 5.448 4.870 4.292 4.056 4.268 4.486 4.724 4.962 5.200 5.439 5.677 5.915 6.063 6.189 6.344 6.499 6.654 6.809 6.964 7.119 7.275 7.435 7.595 7.755 7.901 7.861 7.821 7.781 7.741 7.596 7.428 7.259 7.090 6.922 6.753 6.584 6.543 6.550 6.581 6.613 6.645 6.676 6.737 6.811 6.884 6.958
1.525 1.945 2.015 2.265 3.493 4.144 4.794 5.445 6.095 6.746 7.360 7.749 7.671 8.060 8.450 8.840 9.230 9.619 10.009 9.998 9.815 9.633 9.451 9.223 8.814 8.404 7.994 7.449 6.871 6.293 5.715 5.137 4.559 4.197 4.285 4.463 4.675 4.887 5.099 5.311 5.522 5.748 5.986 6.170 6.322 6.477 6.632 6.787 6.942 7.097 7.252 7.407 7.567 7.727 7.886 7.849 7.809 7.769 7.729 7.689 7.578 7.409 7.240 7.072 6.903 6.735 6.684 6.683 6.682 6.713 6.745 6.777 6.808 6.840 6.872 6.903 6.935
