includes/oleron/floodfiles/results/res-0014.wd
ncols         631
nrows         906
xllcorner     364927.146667
yllcorner     6531972.565556
cellsize      20.000000
NODATA_value  -9999.000000
[rows 850 to 883 of 906, columns 539 to 615 of 631]
4.897 4.797 4.732 4.635 4.527 4.419 4.311 4.203 4.095 3.987 3.930 3.905 3.881 3.863 3.846 3.830 3.814 3.798 3.782 3.769 3.756 3.744 3.731 3.718 3.684 3.620 3.556 3.492 3.430 3.372 3.313 3.255 3.197 3.139 3.088 3.078 3.068 3.058 3.033 3.001 2.969 2.936 2.904 2.872 2.847 2.829 2.810 2.792 2.789 2.787 2.786 2.784 2.782 2.780 2.781 2.783 2.786 2.788 2.737 2.686 2.635 2.584 2.532 2.481 2.428 2.342 2.256 2.206 2.200 2.195 2.189 2.183 2.177 2.171 2.166 2.168 2.175
4.823 4.740 4.675 4.609 4.501 4.393 4.284 4.176 4.068 3.961 3.937 3.913 3.888 3.864 3.847 3.831 3.815 3.799 3.784 3.771 3.758 3.745 3.733 3.720 3.707 3.655 3.591 3.527 3.468 3.410 3.351 3.293 3.235 3.177 3.119 3.089 3.079 3.063 3.031 2.999 2.966 2.934 2.902 2.869 2.838 2.819 2.801 2.791 2.789 2.787 2.785 2.784 2.782 2.780 2.778 2.781 2.784 2.758 2.706 2.655 2.604 2.553 2.502 2.450 2.399 2.333 2.247 2.238 2.232 2.226 2.221 2.215 2.209 2.203 2.197 2.196 2.208
4.749 4.684 4.619 4.553 4.474 4.366 4.258 4.150 4.042 3.969 3.944 3.920 3.896 3.871 3.848 3.832 3.816 3.799 3.786 3.773 3.760 3.747 3.734 3.722 3.709 3.690 3.626 3.564 3.506 3.448 3.390 3.331 3.273 3.215 3.157 3.099 3.089 3.061 3.028 2.996 2.964 2.931 2.899 2.867 2.834 2.810 2.793 2.791 2.789 2.787 2.785 2.783 2.782 2.780 2.778 2.778 2.778 2.727 2.676 2.624 2.573 2.522 2.471 2.420 2.368 2.317 2.275 2.270 2.264 2.262 2.259 2.256 2.254 2.251 2.249 2.223 2.211
4.692 4.627 4.562 4.497 4.431 4.339 4.231 4.123 4.015 3.976 3.952 3.927 3.903 3.879 3.854 3.832 3.816 3.801 3.788 3.775 3.762 3.749 3.736 3.723 3.710 3.698 3.661 3.602 3.544 3.486 3.428 3.369 3.311 3.253 3.195 3.137 3.091 3.058 3.026 2.994 2.961 2.929 2.897 2.864 2.832 2.800 2.793 2.791 2.789 2.787 2.785 2.783 2.781 2.780 2.778 2.776 2.747 2.696 2.645 2.597 2.551 2.505 2.459 2.413 2.367 2.321 2.329 2.326 2.324 2.321 2.318 2.316 2.313 2.311 2.308 2.266 2.223
4.636 4.570 4.505 4.440 4.375 4.309 4.204 4.096 4.008 3.983 3.959 3.935 3.910 3.886 3.862 3.837 3.817 3.803 3.790 3.777 3.764 3.751 3.738 3.726 3.715 3.704 3.687 3.635 3.576 3.517 3.459 3.400 3.341 3.282 3.224 3.165 3.131 3.098 3.064 3.031 2.997 2.963 2.930 2.896 2.862 2.839 2.835 2.833 2.831 2.829 2.827 2.825 2.824 2.822 2.820 2.812 2.756 2.710 2.664 2.618 2.572 2.526 2.480 2.434 2.388 2.364 2.378 2.386 2.383 2.380 2.378 2.375 2.373 2.370 2.352 2.309 2.266
4.579 4.514 4.449 4.383 4.318 4.253 4.178 4.070 4.015 3.991 3.966 3.942 3.918 3.893 3.869 3.845 3.818 3.808 3.797 3.786 3.774 3.763 3.752 3.740 3.729 3.718 3.694 3.662 3.604 3.545 3.486 3.427 3.368 3.310 3.251 3.202 3.172 3.141 3.107 3.073 3.040 3.006 2.972 2.939 2.907 2.901 2.896 2.894 2.892 2.891 2.889 2.887 2.885 2.883 2.881 2.842 2.783 2.731 2.685 2.640 2.594 2.548 2.502 2.456 2.410 2.412 2.425 2.438 2.443 2.440 2.437 2.435 2.432 2.430 2.395 2.352 2.309
4.522 4.457 4.392 4.327 4.261 4.196 4.131 4.047 4.022 3.998 3.972 3.946 3.920 3.894 3.867 3.841 3.824 3.823 3.811 3.800 3.789 3.777 3.766 3.755 3.743 3.729 3.701 3.674 3.631 3.572 3.513 3.455 3.396 3.337 3.278 3.243 3.213 3.183 3.150 3.116 3.083 3.049 3.015 2.982 2.970 2.964 2.958 2.955 2.954 2.952 2.950 2.948 2.946 2.944 2.932 2.873 2.813 2.754 2.707 2.661 2.615 2.569 2.523 2.477 2.446 2.459 2.473 2.486 2.499 2.499 2.497 2.494 2.492 2.481 2.438 2.395 2.352
4.466 4.400 4.335 4.270 4.205 4.159 4.118 4.058 4.021 3.995 3.969 3.943 3.916 3.890 3.864 3.838 3.831 3.830 3.825 3.814 3.803 3.791 3.780 3.769 3.757 3.736 3.708 3.681 3.653 3.600 3.541 3.482 3.423 3.365 3.315 3.284 3.254 3.224 3.193 3.159 3.126 3.092 3.058 3.039 3.033 3.027 3.021 3.017 3.015 3.013 3.011 3.009 3.007 3.006 2.962 2.903 2.844 2.785 2.728 2.682 2.636 2.590 2.544 2.498 2.493 2.507 2.520 2.533 2.547 2.559 2.556 2.554 2.551 2.524 2.481 2.438 2.395
4.420 4.379 4.337 4.296 4.255 4.213 4.172 4.096 4.018 3.992 3.965 3.939 3.913 3.886 3.860 3.840 3.838 3.837 3.836 3.828 3.817 3.806 3.794 3.783 3.770 3.742 3.715 3.687 3.660 3.627 3.568 3.510 3.451 3.392 3.356 3.325 3.295 3.265 3.234 3.202 3.168 3.135 3.108 3.102 3.096 3.090 3.084 3.078 3.076 3.074 3.072 3.071 3.069 3.051 2.992 2.933 2.874 2.815 2.756 2.703 2.657 2.611 2.566 2.527 2.541 2.554 2.568 2.581 2.595 2.608 2.616 2.613 2.610 2.567 2.524 2.481 2.438
4.474 4.433 4.391 4.350 4.309 4.267 4.220 4.135 4.049 3.988 3.962 3.935 3.909 3.883 3.857 3.847 3.845 3.844 3.843 3.842 3.831 3.820 3.808 3.797 3.777 3.749 3.722 3.694 3.667 3.639 3.596 3.537 3.478 3.427 3.397 3.366 3.336 3.306 3.275 3.245 3.211 3.178 3.171 3.165 3.159 3.153 3.147 3.141 3.137 3.136 3.134 3.132 3.130 3.082 3.023 2.964 2.905 2.846 2.787 2.728 2.679 2.633 2.587 2.575 2.588 2.602 2.615 2.629 2.642 2.656 2.669 2.673 2.653 2.610 2.567 2.524 2.480
4.528 4.487 4.445 4.404 4.363 4.321 4.258 4.173 4.088 4.002 3.958 3.932 3.906 3.879 3.855 3.854 3.853 3.851 3.850 3.849 3.845 3.834 3.823 3.811 3.784 3.756 3.729 3.701 3.674 3.646 3.619 3.564 3.506 3.468 3.438 3.407 3.377 3.347 3.316 3.286 3.254 3.240 3.234 3.228 3.222 3.216 3.210 3.204 3.199 3.197 3.195 3.193 3.171 3.112 3.053 2.994 2.935 2.876 2.817 2.758 2.700 2.654 2.609 2.622 2.636 2.649 2.663 2.676 2.690 2.703 2.716 2.730 2.683 2.625 2.566 2.508 2.450
4.582 4.541 4.499 4.458 4.417 4.375 4.296 4.211 4.126 4.040 3.955 3.928 3.902 3.876 3.862 3.861 3.860 3.858 3.857 3.856 3.855 3.848 3.837 3.818 3.791 3.763 3.736 3.708 3.681 3.653 3.625 3.592 3.539 3.509 3.479 3.448 3.418 3.388 3.357 3.326 3.302 3.303 3.297 3.291 3.285 3.279 3.273 3.267 3.261 3.258 3.256 3.254 3.202 3.142 3.083 3.024 2.965 2.906 2.847 2.788 2.729 2.675 2.656 2.670 2.683 2.697 2.705 2.701 2.697 2.693 2.690 2.681 2.653 2.595 2.537 2.478 2.420
4.620 4.595 4.553 4.512 4.471 4.420 4.335 4.249 4.164 4.079 3.993 3.925 3.898 3.872 3.869 3.868 3.867 3.866 3.864 3.863 3.862 3.860 3.851 3.825 3.798 3.770 3.743 3.715 3.688 3.660 3.633 3.611 3.579 3.548 3.517 3.486 3.455 3.424 3.393 3.362 3.345 3.346 3.347 3.349 3.348 3.342 3.335 3.330 3.323 3.319 3.317 3.291 3.232 3.173 3.114 3.055 2.996 2.937 2.878 2.819 2.760 2.698 2.672 2.669 2.665 2.661 2.657 2.654 2.650 2.646 2.643 2.625 2.597 2.565 2.507 2.448 2.390
4.648 4.628 4.607 4.566 4.525 4.458 4.373 4.288 4.202 4.117 4.032 3.946 3.895 3.878 3.876 3.875 3.874 3.873 3.871 3.870 3.869 3.886 3.871 3.849 3.827 3.805 3.783 3.761 3.739 3.717 3.695 3.669 3.620 3.585 3.554 3.523 3.492 3.461 3.430 3.399 3.388 3.389 3.390 3.392 3.393 3.395 3.396 3.392 3.386 3.380 3.379 3.321 3.262 3.203 3.144 3.085 3.024 2.961 2.899 2.836 2.774 2.710 2.641 2.621 2.618 2.614 2.610 2.607 2.603 2.599 2.596 2.569 2.541 2.513 2.477 2.419 2.360
4.676 4.656 4.636 4.615 4.579 4.497 4.411 4.326 4.241 4.155 4.070 3.985 3.899 3.894 3.920 3.947 3.973 4.000 4.026 4.053 4.079 4.106 4.003 3.912 3.890 3.868 3.846 3.824 3.802 3.780 3.758 3.719 3.670 3.622 3.591 3.560 3.529 3.497 3.466 3.435 3.431 3.432 3.433 3.435 3.436 3.438 3.439 3.440 3.442 3.443 3.411 3.349 3.287 3.224 3.162 3.099 3.037 2.975 2.912 2.850 2.787 2.722 2.652 2.582 2.571 2.567 2.563 2.560 2.556 2.552 2.541 2.513 2.485 2.457 2.429 2.389 2.330
4.704 4.684 4.664 4.643 4.689 4.618 4.542 4.465 4.389 4.312 4.235 4.159 4.108 4.113 4.139 4.166 4.192 4.219 4.245 4.272 4.298 4.289 4.149 4.009 3.952 3.930 3.908 3.887 3.865 3.842 3.817 3.769 3.720 3.671 3.627 3.596 3.565 3.534 3.503 3.472 3.474 3.475 3.476 3.478 3.479 3.481 3.482 3.483 3.511 3.724 3.544 3.362 3.300 3.238 3.175 3.113 3.050 2.988 2.926 2.863 2.801 2.733 2.663 2.593 2.524 2.520 2.516 2.513 2.509 2.505 2.485 2.457 2.429 2.401 2.373 2.345 2.301
4.733 4.712 4.696 4.767 4.837 4.813 4.737 4.660 4.584 4.507 4.430 4.354 4.345 4.346 4.359 4.385 4.412 4.438 4.465 4.491 4.518 4.435 4.295 4.155 4.015 3.993 3.971 3.949 3.927 3.905 3.867 3.818 3.770 3.721 3.672 3.633 3.602 3.571 3.540 3.515 3.517 3.518 3.520 3.521 3.522 3.524 3.525 3.722 3.936 4.149 3.924 3.540 3.313 3.251 3.188 3.126 3.064 3.001 2.939 2.877 2.814 2.744 2.674 2.604 2.535 2.473 2.469 2.466 2.462 2.458 2.429 2.401 2.373 2.345 2.317 2.289 2.261
4.761 4.774 4.845 4.915 4.986 5.008 4.932 4.855 4.778 4.702 4.625 4.582 4.583 4.583 4.584 4.604 4.631 4.657 4.684 4.710 4.720 4.580 4.441 4.301 4.161 4.056 4.034 4.012 3.990 3.966 3.917 3.868 3.820 3.771 3.722 3.673 3.638 3.607 3.576 3.559 3.560 3.561 3.563 3.564 3.565 3.721 3.934 4.147 4.361 4.574 4.305 3.920 3.536 3.264 3.202 3.139 3.077 3.015 2.952 2.890 2.825 2.755 2.685 2.616 2.546 2.476 2.422 2.419 2.415 2.402 2.373 2.345 2.317 2.289 2.261 2.233 2.205
4.852 4.923 4.993 5.064 5.134 5.203 5.127 5.050 4.973 4.897 4.820 4.819 4.820 4.820 4.821 4.824 4.850 4.877 4.903 4.930 4.866 4.726 4.586 4.447 4.307 4.167 4.096 4.074 4.052 4.016 3.967 3.918 3.870 3.821 3.772 3.723 3.675 3.644 3.613 3.602 3.603 3.604 3.606 3.720 3.933 4.146 4.359 4.572 4.785 4.999 4.685 4.301 3.916 3.532 3.215 3.153 3.091 3.028 2.966 2.903 2.836 2.766 2.696 2.627 2.557 2.487 2.417 2.372 2.368 2.346 2.318 2.289 2.261 2.233 2.205 2.191 2.180
5.000 5.071 5.141 5.212 5.282 5.353 5.322 5.245 5.168 5.092 5.056 5.056 5.057 5.058 5.058 5.059 5.069 5.096 5.122 5.149 5.012 4.872 4.732 4.593 4.453 4.313 4.173 4.137 4.114 4.066 4.017 3.968 3.919 3.871 3.822 3.773 3.724 3.680 3.649 3.645 3.646 3.719 3.932 4.145 4.358 4.571 4.784 4.997 5.210 5.423 5.065 4.681 4.296 3.912 3.528 3.166 3.104 3.041 2.979 2.917 2.847 2.777 2.708 2.638 2.568 2.498 2.429 2.359 2.318 2.290 2.276 2.265 2.254 2.243 2.232 2.221 2.210
5.149 5.219 5.290 5.360 5.431 5.501 5.517 5.440 5.363 5.292 5.293 5.294 5.294 5.295 5.296 5.296 5.297 5.315 5.342 5.297 5.158 5.018 4.878 4.738 4.599 4.459 4.319 4.199 4.164 4.116 4.067 4.018 3.969 3.921 3.872 3.823 3.774 3.726 3.686 3.718 3.931 4.144 4.357 4.570 4.783 4.996 5.209 5.422 5.635 5.830 5.445 5.061 4.677 4.292 3.908 3.523 3.139 3.055 2.993 2.928 2.858 2.789 2.719 2.649 2.579 2.510 2.451 2.394 2.341 2.316 2.305 2.295 2.284 2.273 2.262 2.251 2.240
5.295 5.367 5.438 5.509 5.579 5.650 5.712 5.635 5.558 5.530 5.530 5.531 5.532 5.532 5.533 5.534 5.534 5.535 5.561 5.443 5.303 5.164 5.024 4.884 4.744 4.640 4.558 4.477 4.313 4.265 4.218 4.170 4.122 4.074 4.027 3.979 3.931 3.884 3.951 4.143 4.356 4.569 4.782 4.995 5.208 5.421 5.634 5.847 6.060 6.210 5.826 5.441 5.057 4.673 4.288 3.904 3.519 3.135 3.006 2.939 2.870 2.800 2.738 2.681 2.623 2.566 2.508 2.451 2.401 2.354 2.335 2.325 2.314 2.303 2.292 2.281 2.270
5.416 5.498 5.580 5.657 5.727 5.798 5.868 5.830 5.766 5.767 5.768 5.768 5.769 5.770 5.770 5.771 5.772 5.772 5.755 5.673 5.592 5.511 5.430 5.348 5.267 5.186 5.105 4.937 4.619 4.551 4.503 4.456 4.408 4.360 4.312 4.265 4.217 4.280 4.433 4.608 4.783 4.994 5.207 5.420 5.633 5.846 6.059 6.272 6.485 6.590 6.206 5.822 5.437 5.053 4.668 4.284 3.900 3.515 3.117 2.968 2.911 2.853 2.796 2.738 2.680 2.623 2.565 2.509 2.462 2.414 2.366 2.354 2.344 2.333 2.322 2.311 2.293
5.538 5.620 5.701 5.783 5.865 5.946 6.017 6.025 6.004 6.004 6.005 6.006 6.005 6.003 6.001 5.999 5.997 5.995 6.132 6.220 6.138 6.057 5.976 5.895 5.813 5.732 5.651 5.381 5.063 4.837 4.789 4.741 4.694 4.646 4.598 4.550 4.611 4.761 4.914 5.089 5.264 5.439 5.632 5.845 6.058 6.271 6.484 6.697 6.910 6.971 6.586 6.202 5.817 5.433 5.049 4.664 4.280 3.808 3.314 3.088 2.968 2.910 2.853 2.795 2.738 2.680 2.622 2.570 2.522 2.475 2.427 2.384 2.374 2.363 2.352 2.341 2.314
5.659 5.741 5.823 5.905 5.987 6.069 6.151 6.235 6.235 6.233 6.231 6.229 6.227 6.225 6.223 6.221 6.219 6.217 6.426 6.645 6.685 6.603 6.522 6.441 6.360 6.278 6.143 5.825 5.507 5.189 5.075 5.027 4.979 4.932 4.884 4.942 5.092 5.242 5.395 5.570 5.745 5.920 6.095 6.270 6.483 6.696 6.909 7.122 7.335 7.351 6.967 6.582 6.198 5.813 5.429 4.992 4.498 4.004 3.525 3.311 3.098 2.967 2.910 2.852 2.795 2.737 2.680 2.630 2.583 2.535 2.487 2.440 2.404 2.393 2.382 2.369 2.336
5.781 5.863 5.944 6.026 6.108 6.187 6.249 6.332 6.455 6.455 6.453 6.451 6.449 6.447 6.445 6.443 6.441 6.500 6.719 6.938 7.157 7.150 7.068 6.987 6.906 6.825 6.587 6.269 5.951 5.634 5.360 5.313 5.265 5.217 5.273 5.423 5.573 5.723 5.876 6.051 6.226 6.401 6.576 6.752 6.926 7.121 7.334 7.547 7.760 7.731 7.347 6.963 6.578 6.176 5.682 5.188 4.695 4.201 3.748 3.535 3.321 3.107 2.967 2.909 2.852 2.794 2.738 2.691 2.643 2.595 2.548 2.500 2.453 2.423 2.412 2.390 2.357
5.902 5.984 6.066 6.148 6.213 6.275 6.336 6.429 6.552 6.675 6.675 6.672 6.671 6.669 6.666 6.665 6.662 6.793 7.012 7.231 7.450 7.669 7.615 7.534 7.452 7.349 7.031 6.713 6.395 6.078 5.760 5.599 5.551 5.605 5.755 5.904 6.054 6.204 6.358 6.533 6.708 6.883 7.058 7.233 7.408 7.583 7.759 7.972 8.185 8.112 7.727 7.343 6.866 6.373 5.879 5.385 4.892 4.398 3.972 3.758 3.545 3.331 3.117 2.967 2.909 2.851 2.799 2.751 2.704 2.656 2.608 2.561 2.513 2.466 2.442 2.411 2.378
6.023 6.105 6.177 6.239 6.300 6.362 6.423 6.525 6.648 6.772 6.895 6.894 6.892 6.890 6.888 6.886 6.884 7.086 7.305 7.524 7.743 7.962 8.161 8.080 7.999 7.793 7.475 7.157 6.840 6.522 6.204 5.886 5.936 6.086 6.236 6.385 6.535 6.685 6.839 7.014 7.189 7.364 7.539 7.714 7.889 8.064 8.239 8.414 8.610 8.492 8.050 7.557 7.063 6.569 6.076 5.582 5.088 4.595 4.195 3.982 3.768 3.554 3.341 3.127 2.966 2.909 2.859 2.812 2.764 2.717 2.669 2.621 2.571 2.516 2.459 2.420 2.384
6.142 6.203 6.265 6.326 6.388 6.449 6.510 6.622 6.745 6.868 6.992 7.115 7.114 7.112 7.110 7.108 7.160 7.379 7.598 7.817 8.036 8.255 8.475 8.626 8.545 8.237 7.920 7.602 7.284 6.830 6.364 5.898 6.338 6.567 6.717 6.866 7.016 7.166 7.320 7.495 7.670 7.845 8.020 8.196 8.370 8.546 8.721 8.896 8.928 8.773 8.247 7.753 7.260 6.766 6.272 5.779 5.285 4.791 4.419 4.205 3.991 3.778 3.564 3.351 3.137 2.967 2.914 2.860 2.806 2.751 2.697 2.642 2.588 2.534 2.471 2.415 2.379
6.229 6.290 6.352 6.413 6.475 6.536 6.598 6.719 6.842 6.965 7.088 7.212 7.335 7.334 7.332 7.330 7.453 7.672 7.892 8.111 8.330 8.549 8.768 8.987 8.938 8.471 8.005 7.539 7.073 6.606 6.140 5.858 6.328 6.798 7.198 7.348 7.497 7.647 7.802 7.977 8.152 8.327 8.502 8.677 8.852 8.966 8.886 8.805 8.754 8.997 8.598 8.060 7.522 6.984 6.469 5.976 5.482 4.988 4.642 4.428 4.215 4.001 3.903 3.849 3.796 3.339 2.932 2.877 2.823 2.768 2.714 2.660 2.605 2.548 2.483 2.418 2.374
6.316 6.378 6.439 6.501 6.562 6.623 6.693 6.816 6.939 7.062 7.185 7.308 7.432 7.555 7.554 7.551 7.747 7.966 8.185 8.404 8.623 8.610 8.566 8.522 8.462 8.247 7.781 7.315 6.849 6.382 5.916 5.848 6.318 6.788 7.257 7.727 7.979 8.128 8.283 8.458 8.633 8.808 8.983 8.925 8.844 8.764 8.683 8.603 8.667 8.910 8.961 8.423 7.885 7.347 6.809 6.271 5.733 5.195 4.943 4.890 4.836 4.783 4.729 4.676 4.623 3.889 3.111 2.895 2.840 2.786 2.731 2.677 2.623 2.560 2.495 2.430 2.369
6.403 6.465 6.526 6.588 6.649 6.711 6.789 6.913 7.036 7.159 7.282 7.405 7.528 7.652 7.775 7.821 8.040 8.166 8.122 8.078 8.034 7.990 7.946 7.902 7.836 7.767 7.557 7.091 6.624 6.158 5.692 5.838 6.308 6.778 7.247 7.717 8.186 8.609 8.764 8.939 8.963 8.883 8.802 8.722 8.641 8.561 8.481 8.400 8.580 8.823 9.066 8.786 8.248 7.710 7.172 6.634 6.096 5.651 5.750 5.716 5.663 5.609 5.556 5.503 5.218 4.440 3.662 2.912 2.857 2.803 2.749 2.694 2.636 2.571 2.507 2.441 2.377
6.386 6.552 6.614 6.675 6.736 6.798 6.886 7.009 7.133 7.256 7.379 7.502 7.625 7.749 7.764 7.639 7.590 7.546 7.502 7.458 7.414 7.370 7.326 7.279 7.210 7.140 7.071 6.867 6.400 5.934 5.468 5.828 6.298 6.767 7.237 7.707 8.176 8.622 8.896 8.841 8.761 8.680 8.600 8.519 8.439 8.358 8.278 8.250 8.493 8.736 8.979 9.149 8.611 8.073 7.535 6.997 6.459 6.357 6.457 6.543 6.490 6.436 6.383 6.329 5.768 4.990 4.212 3.434 2.875 2.820 2.766 2.711 2.648 2.583 2.518 2.453 2.388
6.293 6.495 6.697 6.762 6.824 6.885 6.983 7.106 7.229 7.353 7.476 7.599 7.483 7.361 7.238 7.113 6.987 6.926 6.882 6.838 6.794 6.750 6.706 6.653 6.583 6.514 6.445 6.375 6.176 5.710 5.348 5.818 6.288 6.757 7.227 7.614 7.987 8.360 8.550 8.615 8.558 8.477 8.397 8.317 8.236 8.156 8.075 8.164 8.406 8.649 8.892 9.135 8.974 8.436 7.898 7.360 6.965 7.064 7.163 7.262 7.316 7.263 7.209 7.097 6.319 5.541 4.762 3.984 3.206 2.837 2.783 2.725 2.660 2.595 2.530 2.465 2.400
