includes/oleron/floodfiles/results/res-0002.wdfp
ncols         631
nrows         906
xllcorner     364927.146667
yllcorner     6531972.565556
cellsize      20.000000
NODATA_value  -9999.000000
[rows 34 to 67 of 906, columns 462 to 538 of 631]
16.688 16.611 16.535 16.460 16.385 16.310 16.236 16.162 16.090 16.022 15.954 15.885 15.817 15.749 15.680 15.612 15.543 15.482 15.437 15.391 15.345 15.300 15.253 15.207 15.161 15.116 15.070 15.024 14.979 14.933 14.874 14.810 14.746 14.682 14.617 14.553 14.489 14.424 14.360 14.296 14.231 14.167 14.103 14.062 14.031 14.000 13.969 13.938 13.907 13.876 13.845 13.814 13.826 13.867 13.909 13.950 14.013 14.109 14.205 14.302 14.398 14.494 14.595 14.702 14.810 14.917 15.024 15.131 15.239 15.346 15.450 15.554 15.658 15.761 15.865 15.924 15.967
16.692 16.617 16.541 16.466 16.391 16.316 16.242 16.168 16.093 16.019 15.951 15.882 15.814 15.746 15.677 15.609 15.541 15.481 15.435 15.390 15.344 15.298 15.252 15.206 15.160 15.114 15.069 15.023 14.981 14.939 14.890 14.834 14.769 14.705 14.641 14.577 14.512 14.448 14.384 14.319 14.255 14.191 14.126 14.088 14.057 14.026 13.995 13.964 13.933 13.902 13.871 13.840 13.809 13.791 13.832 13.874 13.940 14.036 14.133 14.229 14.332 14.439 14.547 14.654 14.761 14.868 14.976 15.083 15.190 15.297 15.401 15.505 15.609 15.713 15.817 15.921 16.004
16.698 16.622 16.547 16.472 16.397 16.322 16.248 16.174 16.099 16.025 15.951 15.879 15.811 15.743 15.674 15.606 15.538 15.480 15.434 15.388 15.343 15.296 15.250 15.205 15.159 15.113 15.072 15.031 14.989 14.948 14.897 14.845 14.792 14.729 14.664 14.600 14.536 14.472 14.407 14.343 14.279 14.214 14.150 14.115 14.084 14.053 14.022 13.991 13.960 13.929 13.898 13.867 13.836 13.805 13.774 13.797 13.868 13.964 14.069 14.176 14.284 14.391 14.498 14.605 14.713 14.820 14.927 15.035 15.142 15.249 15.353 15.456 15.560 15.664 15.768 15.872 15.976
16.704 16.628 16.553 16.478 16.403 16.328 16.254 16.180 16.105 16.031 15.957 15.882 15.808 15.740 15.671 15.603 15.535 15.479 15.433 15.387 15.341 15.295 15.249 15.204 15.163 15.122 15.081 15.039 14.998 14.957 14.905 14.852 14.800 14.747 14.688 14.624 14.559 14.495 14.431 14.367 14.302 14.238 14.174 14.141 14.110 14.079 14.048 14.017 13.986 13.955 13.924 13.893 13.862 13.832 13.801 13.770 13.806 13.913 14.021 14.128 14.235 14.343 14.450 14.557 14.664 14.772 14.879 14.986 15.093 15.200 15.304 15.408 15.512 15.616 15.719 15.823 15.927
16.709 16.634 16.559 16.484 16.409 16.334 16.260 16.186 16.111 16.037 15.962 15.888 15.814 15.739 15.669 15.600 15.532 15.477 15.432 15.386 15.339 15.296 15.254 15.213 15.172 15.130 15.089 15.048 15.007 14.965 14.912 14.860 14.807 14.755 14.702 14.647 14.583 14.519 14.454 14.390 14.326 14.262 14.199 14.168 14.137 14.106 14.075 14.043 14.013 13.982 13.951 13.920 13.889 13.857 13.821 13.785 13.814 13.871 13.972 14.080 14.187 14.294 14.401 14.509 14.616 14.723 14.830 14.938 15.045 15.151 15.255 15.359 15.463 15.567 15.671 15.775 15.878
16.715 16.640 16.565 16.490 16.415 16.340 16.266 16.191 16.117 16.043 15.968 15.894 15.820 15.745 15.671 15.597 15.529 15.476 15.430 15.387 15.346 15.304 15.263 15.222 15.180 15.139 15.098 15.057 15.015 14.973 14.920 14.867 14.815 14.762 14.710 14.657 14.604 14.542 14.478 14.414 14.350 14.285 14.225 14.194 14.163 14.131 14.100 14.069 14.038 14.007 13.976 13.943 13.907 13.871 13.836 13.801 13.837 13.895 13.952 14.031 14.138 14.246 14.353 14.460 14.568 14.675 14.782 14.889 14.997 15.103 15.207 15.311 15.414 15.518 15.622 15.726 15.830
16.721 16.646 16.571 16.496 16.420 16.346 16.272 16.197 16.123 16.049 15.974 15.900 15.826 15.751 15.677 15.603 15.528 15.479 15.437 15.395 15.354 15.313 15.272 15.230 15.189 15.148 15.106 15.065 15.024 14.980 14.927 14.875 14.822 14.770 14.717 14.664 14.612 14.559 14.502 14.437 14.373 14.309 14.252 14.221 14.189 14.158 14.127 14.096 14.065 14.030 13.994 13.959 13.923 13.887 13.852 13.816 13.860 13.917 13.976 14.034 14.091 14.197 14.305 14.412 14.519 14.626 14.734 14.841 14.948 15.054 15.158 15.262 15.366 15.470 15.573 15.677 15.781
16.727 16.652 16.577 16.502 16.426 16.352 16.278 16.203 16.129 16.055 15.980 15.906 15.832 15.757 15.683 15.607 15.531 15.485 15.445 15.404 15.363 15.321 15.280 15.239 15.198 15.156 15.115 15.074 15.032 14.987 14.935 14.882 14.830 14.777 14.725 14.672 14.619 14.567 14.514 14.461 14.397 14.332 14.278 14.246 14.215 14.184 14.152 14.117 14.081 14.046 14.010 13.974 13.939 13.903 13.867 13.832 13.883 13.941 13.998 14.056 14.115 14.172 14.256 14.364 14.471 14.578 14.685 14.793 14.900 15.006 15.109 15.213 15.317 15.421 15.525 15.629 15.733
16.733 16.658 16.583 16.507 16.432 16.358 16.284 16.209 16.135 16.061 15.986 15.912 15.837 15.761 15.685 15.610 15.534 15.491 15.452 15.412 15.371 15.330 15.289 15.248 15.206 15.165 15.124 15.082 15.041 14.995 14.942 14.890 14.837 14.785 14.732 14.679 14.627 14.574 14.522 14.469 14.416 14.356 14.304 14.273 14.240 14.204 14.168 14.133 14.097 14.061 14.026 13.990 13.954 13.919 13.883 13.849 13.906 13.964 14.022 14.080 14.137 14.195 14.253 14.315 14.422 14.530 14.637 14.744 14.851 14.957 15.061 15.165 15.268 15.372 15.476 15.580 15.684
16.739 16.664 16.589 16.513 16.438 16.364 16.290 16.215 16.141 16.067 15.992 15.916 15.840 15.764 15.688 15.612 15.536 15.497 15.458 15.418 15.379 15.339 15.297 15.256 15.215 15.174 15.132 15.091 15.050 15.002 14.950 14.897 14.845 14.792 14.739 14.687 14.634 14.582 14.529 14.477 14.424 14.370 14.327 14.291 14.255 14.220 14.184 14.148 14.113 14.077 14.042 14.006 13.970 13.935 13.899 13.872 13.930 13.988 14.045 14.103 14.161 14.218 14.276 14.334 14.392 14.481 14.589 14.696 14.803 14.908 15.012 15.116 15.220 15.324 15.428 15.538 15.648
16.724 16.670 16.594 16.519 16.444 16.370 16.296 16.221 16.146 16.070 15.994 15.918 15.842 15.767 15.691 15.614 15.542 15.503 15.464 15.424 15.385 15.346 15.306 15.265 15.223 15.182 15.141 15.100 15.058 15.010 14.957 14.905 14.852 14.800 14.747 14.694 14.642 14.589 14.537 14.485 14.436 14.388 14.346 14.307 14.271 14.235 14.200 14.164 14.129 14.093 14.057 14.022 13.986 13.950 13.915 13.896 13.953 14.011 14.069 14.126 14.184 14.242 14.299 14.357 14.415 14.473 14.539 14.647 14.755 14.860 14.963 15.067 15.172 15.283 15.393 15.503 15.613
16.694 16.643 16.593 16.525 16.450 16.376 16.300 16.224 16.149 16.073 15.997 15.921 15.845 15.769 15.692 15.616 15.548 15.509 15.470 15.430 15.391 15.351 15.312 15.273 15.232 15.191 15.150 15.108 15.067 15.017 14.965 14.912 14.860 14.807 14.754 14.702 14.649 14.600 14.551 14.503 14.455 14.407 14.366 14.327 14.288 14.251 14.216 14.180 14.144 14.109 14.073 14.037 14.002 13.966 13.931 13.919 13.977 14.034 14.092 14.150 14.208 14.265 14.323 14.381 14.438 14.496 14.554 14.611 14.705 14.811 14.917 15.027 15.138 15.248 15.358 15.468 15.578
16.663 16.613 16.562 16.512 16.455 16.379 16.303 16.227 16.151 16.075 15.999 15.924 15.848 15.771 15.695 15.619 15.554 15.515 15.476 15.436 15.397 15.357 15.318 15.279 15.239 15.199 15.158 15.117 15.076 15.025 14.972 14.920 14.867 14.815 14.763 14.714 14.666 14.618 14.570 14.522 14.474 14.426 14.386 14.347 14.308 14.269 14.231 14.196 14.160 14.125 14.089 14.053 14.018 13.982 13.946 13.943 14.000 14.058 14.116 14.173 14.231 14.289 14.346 14.404 14.462 14.519 14.577 14.635 14.669 14.771 14.881 14.993 15.103 15.213 15.323 15.433 15.544
16.632 16.584 16.541 16.498 16.442 16.378 16.306 16.230 16.154 16.078 16.002 15.926 15.849 15.773 15.698 15.622 15.560 15.521 15.482 15.442 15.403 15.363 15.324 15.285 15.245 15.206 15.167 15.125 15.084 15.032 14.980 14.927 14.878 14.830 14.781 14.733 14.685 14.637 14.589 14.540 14.492 14.444 14.406 14.367 14.328 14.289 14.250 14.212 14.176 14.140 14.105 14.069 14.033 13.998 13.962 13.966 14.024 14.081 14.139 14.197 14.254 14.312 14.370 14.428 14.485 14.543 14.573 14.586 14.599 14.711 14.841 14.957 15.067 15.178 15.289 15.399 15.509
16.612 16.569 16.526 16.483 16.426 16.363 16.299 16.232 16.156 16.081 16.005 15.928 15.852 15.776 15.700 15.624 15.566 15.527 15.488 15.448 15.409 15.369 15.330 15.291 15.251 15.212 15.173 15.133 15.092 15.041 14.993 14.945 14.896 14.848 14.800 14.752 14.704 14.655 14.607 14.559 14.511 14.464 14.426 14.387 14.348 14.309 14.270 14.232 14.193 14.156 14.120 14.085 14.049 14.014 13.978 13.989 14.047 14.105 14.163 14.220 14.278 14.336 14.393 14.451 14.477 14.490 14.503 14.517 14.530 14.645 14.776 14.906 15.032 15.143 15.253 15.363 15.474
16.598 16.555 16.512 16.469 16.410 16.347 16.284 16.220 16.157 16.083 16.006 15.931 15.855 15.779 15.703 15.627 15.572 15.533 15.494 15.454 15.415 15.375 15.336 15.297 15.257 15.218 15.178 15.135 15.093 15.060 15.012 14.963 14.915 14.867 14.818 14.770 14.722 14.674 14.626 14.578 14.530 14.484 14.446 14.407 14.368 14.329 14.290 14.252 14.213 14.174 14.136 14.101 14.065 14.029 13.994 14.013 14.071 14.128 14.186 14.244 14.301 14.359 14.380 14.394 14.407 14.421 14.434 14.447 14.461 14.580 14.710 14.840 14.971 15.101 15.218 15.328 15.438
16.584 16.541 16.498 16.455 16.394 16.331 16.268 16.204 16.141 16.077 16.009 15.933 15.857 15.781 15.706 15.630 15.578 15.539 15.500 15.460 15.421 15.381 15.342 15.303 15.262 15.218 15.173 15.128 15.088 15.058 15.029 14.981 14.933 14.885 14.837 14.789 14.741 14.693 14.645 14.597 14.549 14.504 14.466 14.427 14.388 14.349 14.310 14.272 14.233 14.194 14.155 14.116 14.081 14.045 14.009 14.036 14.094 14.152 14.209 14.267 14.284 14.298 14.311 14.325 14.338 14.351 14.365 14.378 14.391 14.514 14.644 14.775 14.905 15.035 15.166 15.293 15.404
16.570 16.527 16.484 16.441 16.378 16.315 16.252 16.189 16.124 16.061 15.998 15.935 15.860 15.784 15.708 15.632 15.584 15.545 15.506 15.466 15.427 15.387 15.345 15.300 15.255 15.211 15.166 15.121 15.082 15.054 15.025 14.996 14.952 14.904 14.856 14.808 14.760 14.712 14.664 14.615 14.567 14.524 14.486 14.447 14.408 14.369 14.330 14.292 14.253 14.214 14.175 14.136 14.098 14.061 14.025 14.060 14.117 14.175 14.188 14.202 14.215 14.229 14.242 14.255 14.269 14.282 14.295 14.309 14.322 14.449 14.579 14.709 14.839 14.970 15.100 15.230 15.361
16.556 16.513 16.470 16.426 16.363 16.299 16.236 16.172 16.109 16.045 15.982 15.919 15.856 15.787 15.711 15.635 15.590 15.551 15.511 15.472 15.427 15.383 15.338 15.293 15.248 15.203 15.158 15.113 15.078 15.049 15.020 14.991 14.962 14.923 14.875 14.827 14.778 14.730 14.682 14.634 14.586 14.544 14.506 14.467 14.428 14.389 14.350 14.312 14.273 14.234 14.195 14.156 14.118 14.079 14.041 14.079 14.092 14.106 14.119 14.132 14.146 14.159 14.173 14.186 14.199 14.213 14.226 14.239 14.253 14.383 14.513 14.644 14.774 14.904 15.034 15.165 15.295
16.541 16.498 16.455 16.410 16.347 16.284 16.219 16.156 16.093 16.030 15.966 15.903 15.840 15.777 15.713 15.638 15.596 15.555 15.510 15.465 15.420 15.376 15.331 15.286 15.241 15.195 15.151 15.106 15.073 15.044 15.015 14.986 14.957 14.928 14.893 14.845 14.797 14.749 14.701 14.653 14.605 14.564 14.525 14.487 14.448 14.409 14.370 14.332 14.293 14.254 14.215 14.176 14.138 14.096 14.054 14.016 14.023 14.036 14.050 14.063 14.077 14.090 14.103 14.117 14.130 14.143 14.157 14.170 14.187 14.317 14.448 14.578 14.708 14.839 14.969 15.099 15.229
16.527 16.484 16.441 16.394 16.331 16.267 16.203 16.140 16.077 16.014 15.950 15.887 15.824 15.761 15.698 15.638 15.592 15.548 15.503 15.458 15.413 15.368 15.324 15.279 15.233 15.188 15.143 15.099 15.068 15.039 15.010 14.981 14.953 14.924 14.895 14.864 14.816 14.768 14.720 14.672 14.624 14.584 14.545 14.507 14.468 14.429 14.390 14.351 14.313 14.274 14.234 14.191 14.149 14.106 14.063 14.026 13.989 13.967 13.980 13.994 14.007 14.021 14.034 14.047 14.061 14.074 14.087 14.101 14.122 14.252 14.382 14.512 14.643 14.773 14.903 15.034 15.164
16.513 16.470 16.427 16.378 16.314 16.251 16.188 16.124 16.061 15.998 15.935 15.871 15.808 15.749 15.690 15.632 15.586 15.541 15.496 15.451 15.406 15.361 15.317 15.272 15.226 15.181 15.136 15.092 15.063 15.035 15.006 14.977 14.948 14.919 14.890 14.861 14.832 14.787 14.739 14.690 14.643 14.604 14.565 14.527 14.488 14.449 14.410 14.371 14.329 14.286 14.243 14.201 14.158 14.115 14.073 14.036 13.999 13.961 13.924 13.925 13.938 13.951 13.965 13.978 13.991 14.005 14.018 14.032 14.056 14.186 14.317 14.447 14.577 14.707 14.838 14.968 15.098
16.499 16.456 16.413 16.362 16.298 16.235 16.172 16.109 16.045 15.982 15.919 15.860 15.801 15.742 15.683 15.627 15.581 15.535 15.489 15.444 15.399 15.354 15.309 15.264 15.219 15.174 15.129 15.088 15.059 15.030 15.001 14.972 14.943 14.914 14.885 14.856 14.827 14.798 14.757 14.709 14.663 14.624 14.585 14.547 14.508 14.467 14.424 14.381 14.338 14.296 14.253 14.210 14.167 14.125 14.083 14.046 14.008 13.971 13.934 13.897 13.869 13.882 13.895 13.909 13.922 13.936 13.949 13.962 13.990 14.121 14.251 14.381 14.512 14.642 14.772 14.903 15.033
16.485 16.442 16.398 16.346 16.282 16.219 16.156 16.093 16.030 15.971 15.912 15.853 15.794 15.735 15.677 15.621 15.575 15.529 15.483 15.437 15.392 15.347 15.301 15.256 15.212 15.167 15.122 15.083 15.054 15.025 14.996 14.967 14.938 14.909 14.880 14.852 14.823 14.794 14.765 14.728 14.683 14.644 14.604 14.561 14.519 14.476 14.433 14.390 14.348 14.305 14.262 14.219 14.177 14.134 14.093 14.056 14.018 13.981 13.944 13.907 13.869 13.832 13.826 13.839 13.853 13.866 13.880 13.893 13.925 14.055 14.185 14.316 14.446 14.576 14.707 14.837 14.968
16.468 16.427 16.384 16.330 16.267 16.203 16.141 16.082 16.023 15.965 15.906 15.847 15.788 15.729 15.670 15.615 15.569 15.524 15.478 15.432 15.386 15.339 15.294 15.249 15.205 15.160 15.115 15.078 15.049 15.020 14.991 14.962 14.934 14.905 14.876 14.847 14.818 14.789 14.760 14.731 14.699 14.656 14.613 14.571 14.528 14.485 14.442 14.400 14.357 14.314 14.271 14.229 14.186 14.143 14.103 14.065 14.028 13.991 13.954 13.916 13.879 13.842 13.805 13.770 13.784 13.797 13.810 13.824 13.859 13.990 14.120 14.250 14.380 14.511 14.642 14.773 14.905
16.271 16.354 16.369 16.314 16.252 16.194 16.135 16.076 16.017 15.958 15.899 15.840 15.781 15.722 15.663 15.610 15.564 15.518 15.472 15.426 15.380 15.333 15.287 15.242 15.197 15.153 15.108 15.073 15.044 15.016 14.987 14.958 14.929 14.900 14.871 14.842 14.812 14.782 14.752 14.722 14.695 14.666 14.623 14.580 14.537 14.495 14.452 14.409 14.366 14.324 14.281 14.238 14.195 14.153 14.113 14.075 14.038 14.001 13.964 13.926 13.889 13.852 13.815 13.777 13.740 13.728 13.741 13.754 13.794 13.924 14.054 14.185 14.316 14.447 14.579 14.710 14.842
16.076 16.158 16.272 16.305 16.246 16.187 16.128 16.069 16.010 15.951 15.893 15.834 15.775 15.716 15.657 15.604 15.558 15.512 15.466 15.420 15.374 15.328 15.282 15.236 15.190 15.146 15.101 15.069 15.040 15.011 14.982 14.953 14.924 14.894 14.864 14.834 14.804 14.774 14.744 14.714 14.687 14.661 14.632 14.589 14.547 14.504 14.461 14.418 14.376 14.333 14.290 14.247 14.205 14.162 14.122 14.084 14.047 14.010 13.972 13.935 13.898 13.861 13.823 13.786 13.749 13.713 13.675 13.685 13.728 13.858 13.989 14.121 14.252 14.384 14.515 14.647 14.778
15.919 16.066 16.213 16.242 16.218 16.180 16.122 16.063 16.004 15.945 15.886 15.827 15.768 15.709 15.650 15.599 15.553 15.507 15.461 15.414 15.368 15.322 15.276 15.230 15.184 15.138 15.094 15.064 15.035 15.005 14.975 14.945 14.915 14.885 14.855 14.825 14.795 14.765 14.735 14.706 14.680 14.653 14.627 14.599 14.556 14.513 14.470 14.428 14.385 14.342 14.299 14.257 14.213 14.170 14.131 14.094 14.057 14.020 13.982 13.945 13.908 13.871 13.833 13.796 13.759 13.722 13.684 13.647 13.662 13.793 13.925 14.056 14.188 14.319 14.452 14.583 14.715
15.861 16.008 16.155 16.178 16.155 16.131 16.107 16.056 15.997 15.938 15.879 15.820 15.762 15.703 15.644 15.593 15.547 15.501 15.454 15.408 15.362 15.316 15.271 15.225 15.179 15.133 15.089 15.057 15.027 14.997 14.967 14.937 14.907 14.877 14.847 14.816 14.786 14.756 14.726 14.699 14.672 14.646 14.619 14.593 14.565 14.523 14.480 14.437 14.394 14.351 14.308 14.265 14.222 14.180 14.141 14.104 14.067 14.029 13.992 13.955 13.918 13.880 13.843 13.806 13.769 13.731 13.694 13.653 13.638 13.745 13.861 13.993 14.125 14.256 14.388 14.519 14.651
15.802 15.949 16.096 16.115 16.091 16.067 16.044 16.020 15.991 15.932 15.873 15.814 15.755 15.696 15.637 15.587 15.541 15.495 15.449 15.403 15.357 15.311 15.265 15.219 15.175 15.132 15.089 15.050 15.018 14.988 14.958 14.928 14.898 14.868 14.838 14.808 14.778 14.748 14.718 14.691 14.665 14.638 14.612 14.585 14.559 14.532 14.489 14.445 14.403 14.360 14.317 14.274 14.232 14.189 14.151 14.114 14.077 14.039 14.002 13.965 13.928 13.890 13.853 13.816 13.779 13.738 13.696 13.654 13.623 13.731 13.838 13.945 14.061 14.193 14.324 14.456 14.587
15.743 15.890 16.037 16.051 16.027 16.004 15.980 15.957 15.933 15.909 15.866 15.807 15.748 15.690 15.631 15.582 15.535 15.489 15.443 15.397 15.351 15.306 15.262 15.219 15.175 15.132 15.090 15.050 15.011 14.979 14.949 14.919 14.889 14.859 14.829 14.799 14.769 14.739 14.710 14.684 14.657 14.631 14.604 14.578 14.551 14.524 14.497 14.455 14.412 14.369 14.326 14.284 14.241 14.198 14.161 14.124 14.086 14.049 14.012 13.975 13.937 13.900 13.863 13.824 13.782 13.740 13.698 13.656 13.613 13.716 13.823 13.931 14.038 14.145 14.261 14.392 14.524
15.684 15.831 15.978 15.988 15.964 15.940 15.917 15.893 15.869 15.846 15.822 15.799 15.742 15.683 15.624 15.575 15.529 15.483 15.437 15.393 15.349 15.306 15.262 15.219 15.175 15.131 15.091 15.051 15.011 14.972 14.941 14.911 14.881 14.851 14.820 14.790 14.760 14.730 14.702 14.676 14.649 14.623 14.596 14.570 14.542 14.516 14.489 14.463 14.421 14.379 14.336 14.293 14.250 14.208 14.171 14.134 14.096 14.059 14.022 13.985 13.947 13.910 13.868 13.826 13.784 13.741 13.699 13.657 13.615 13.702 13.809 13.916 14.023 14.131 14.238 14.345 14.460
15.625 15.772 15.919 15.924 15.900 15.877 15.853 15.829 15.806 15.782 15.759 15.735 15.711 15.676 15.617 15.570 15.524 15.480 15.437 15.393 15.349 15.306 15.262 15.218 15.175 15.131 15.091 15.052 15.012 14.972 14.933 14.902 14.872 14.842 14.812 14.782 14.752 14.722 14.695 14.668 14.642 14.615 14.589 14.561 14.535 14.508 14.482 14.455 14.429 14.388 14.345 14.302 14.260 14.218 14.181 14.143 14.106 14.069 14.032 13.994 13.954 13.912 13.870 13.827 13.785 13.743 13.701 13.659 13.616 13.687 13.794 13.902 14.009 14.116 14.223 14.331 14.438
15.567 15.714 15.861 15.860 15.837 15.813 15.790 15.766 15.742 15.719 15.695 15.671 15.648 15.623 15.607 15.567 15.524 15.480 15.436 15.393 15.349 15.306 15.262 15.218 15.175 15.132 15.092 15.052 15.013 14.973 14.933 14.894 14.863 14.833 14.803 14.773 14.743 14.714 14.687 14.661 14.634 14.607 14.580 14.554 14.527 14.501 14.474 14.448 14.421 14.395 14.354 14.312 14.269 14.228 14.191 14.153 14.116 14.079 14.040 13.998 13.955 13.913 13.871 13.829 13.787 13.744 13.702 13.660 13.618 13.672 13.780 13.887 13.994 14.102 14.209 14.316 14.424
