includes/oleron/floodfiles/results/res-0005.wdfp
ncols         631
nrows         906
xllcorner     364927.146667
yllcorner     6531972.565556
cellsize      20.000000
NODATA_value  -9999.000000
[rows 816 to 849 of 906, columns 231 to 307 of 631]
6.978 6.903 6.807 6.694 6.581 6.468 6.355 6.242 6.128 6.015 5.902 5.819 5.739 5.659 5.579 5.499 5.418 5.338 5.258 5.178 5.098 5.017 4.937 4.857 4.643 4.353 4.062 3.771 3.480 3.189 2.898 2.607 2.317 2.026 1.735 1.444 1.153 0.862 0.000 0.000 0.000 0.000 0.000 0.000 0.000 0.000 0.000 0.000 0.000 0.000 0.000 0.000 0.000 0.000 0.000 0.000 0.000 0.000 0.000 0.000 0.000 0.000 0.000 0.000 0.000 0.000 0.000 0.000 0.000 0.000 0.000 0.000 0.000 0.000 0.000 0.000 0.000
6.957 6.882 6.796 6.683 6.570 6.457 6.344 6.231 6.117 6.004 5.920 5.840 5.759 5.679 5.599 5.519 5.439 5.358 5.278 5.198 5.118 5.038 4.957 4.877 4.709 4.418 4.127 3.836 3.545 3.255 2.964 2.673 2.382 2.091 1.800 1.510 1.219 0.927 0.000 0.000 0.000 0.000 0.000 0.000 0.000 0.000 0.000 0.000 0.000 0.000 0.000 0.000 0.000 0.000 0.000 0.000 0.000 0.000 0.000 0.000 0.000 0.000 0.000 0.000 0.000 0.000 0.000 0.000 0.000 0.000 0.000 0.000 0.000 0.000 0.000 0.000 0.000
6.936 6.861 6.785 6.672 6.559 6.446 6.333 6.219 6.106 6.020 5.940 5.860 5.780 5.699 5.619 5.539 5.459 5.379 5.298 5.218 5.138 5.058 4.978 4.897 4.774 4.483 4.193 3.902 3.611 3.320 3.029 2.738 2.447 2.157 1.866 1.575 1.282 0.000 0.000 0.000 0.000 0.000 0.000 0.000 0.000 0.000 0.000 0.000 0.000 0.000 0.000 0.000 0.000 0.000 0.000 0.000 0.000 0.000 0.000 0.000 0.000 0.000 0.000 0.000 0.000 0.000 0.000 0.000 0.000 0.000 0.000 0.000 0.000 0.000 0.000 0.000 0.000
6.915 6.840 6.766 6.661 6.548 6.435 6.322 6.208 6.121 6.040 5.960 5.880 5.800 5.720 5.639 5.559 5.479 5.399 5.319 5.238 5.158 5.078 4.998 4.918 4.837 4.549 4.258 3.967 3.676 3.385 3.095 2.804 2.513 2.222 1.931 1.637 1.303 0.969 0.000 0.000 0.000 0.000 0.000 0.000 0.000 0.000 0.000 0.000 0.000 0.000 0.000 0.000 0.000 0.000 0.000 0.000 0.000 0.000 0.000 0.000 0.000 0.000 0.000 0.000 0.000 0.000 0.000 0.000 0.000 0.000 0.000 0.000 0.000 0.000 0.000 0.000 0.000
6.894 6.819 6.745 6.650 6.537 6.424 6.311 6.221 6.141 6.061 5.980 5.900 5.820 5.740 5.660 5.580 5.499 5.419 5.339 5.259 5.179 5.098 5.018 4.938 4.858 4.614 4.324 4.033 3.742 3.451 3.160 2.869 2.578 2.288 1.992 1.658 1.324 0.990 0.000 0.000 0.000 0.000 0.000 0.000 0.000 0.000 0.000 0.000 0.000 0.000 0.000 0.000 0.000 0.000 0.000 0.000 0.000 0.000 0.000 0.000 0.000 0.000 0.000 0.000 0.000 0.000 0.000 0.000 0.000 0.000 0.000 0.000 0.000 0.000 0.000 0.000 0.000
6.873 6.798 6.724 6.639 6.526 6.413 6.322 6.241 6.161 6.081 6.001 5.921 5.840 5.760 5.680 5.600 5.520 5.439 5.359 5.279 5.199 5.119 5.038 4.958 4.878 4.680 4.389 4.098 3.807 3.516 3.226 2.935 2.644 2.347 2.013 1.679 1.345 1.011 0.677 0.000 0.000 0.000 0.000 0.000 0.000 0.000 0.000 0.000 0.000 0.000 0.000 0.000 0.000 0.000 0.000 0.000 0.000 0.000 0.000 0.000 0.000 0.000 0.000 0.000 0.000 0.000 0.000 0.000 0.000 0.000 0.000 0.000 0.000 0.000 0.000 0.000 0.000
6.852 6.777 6.703 6.628 6.515 6.422 6.342 6.262 6.181 6.101 6.021 5.941 5.861 5.780 5.700 5.620 5.540 5.460 5.379 5.299 5.219 5.139 5.059 4.978 4.898 4.745 4.455 4.164 3.873 3.582 3.291 3.000 2.701 2.368 2.034 1.700 1.366 1.032 0.698 0.000 0.000 0.000 0.000 0.000 0.000 0.000 0.000 0.000 0.000 0.000 0.000 0.000 0.000 0.000 0.000 0.000 0.000 0.000 0.000 0.000 0.000 0.000 0.000 0.000 0.000 0.000 0.000 0.000 0.000 0.000 0.000 0.000 0.000 0.000 0.000 0.000 0.000
6.836 6.760 6.683 6.607 6.522 6.442 6.362 6.282 6.202 6.122 6.041 5.961 5.881 5.801 5.720 5.640 5.560 5.480 5.400 5.319 5.239 5.159 5.079 4.999 4.918 4.811 4.520 4.229 3.938 3.647 3.356 3.056 2.723 2.389 2.055 1.721 1.387 1.053 0.719 0.000 0.000 0.000 0.000 0.000 0.000 0.000 0.000 0.000 0.000 0.000 0.000 0.000 0.000 0.000 0.000 0.000 0.000 0.000 0.000 0.000 0.000 0.000 0.000 0.000 0.000 0.000 0.000 0.000 0.000 0.000 0.000 0.000 0.000 0.000 0.000 0.000 0.000
6.827 6.750 6.673 6.598 6.523 6.449 6.374 6.300 6.222 6.142 6.061 5.981 5.901 5.821 5.741 5.661 5.580 5.500 5.420 5.340 5.259 5.179 5.099 5.019 4.939 4.858 4.585 4.295 4.004 3.713 3.411 3.077 2.743 2.410 2.076 1.742 1.408 1.074 0.740 0.000 0.000 0.000 0.000 0.000 0.000 0.000 0.000 0.000 0.000 0.000 0.000 0.000 0.000 0.000 0.000 0.000 0.000 0.000 0.000 0.000 0.000 0.000 0.000 0.000 0.000 0.000 0.000 0.000 0.000 0.000 0.000 0.000 0.000 0.000 0.000 0.000 0.000
6.817 6.740 6.664 6.590 6.516 6.442 6.367 6.292 6.218 6.143 6.069 5.994 5.919 5.841 5.761 5.681 5.600 5.520 5.440 5.360 5.280 5.199 5.119 5.039 4.959 4.879 4.651 4.360 4.069 3.766 3.432 3.098 2.765 2.431 2.097 1.763 1.429 1.095 0.761 0.000 0.000 0.000 0.000 0.000 0.000 0.000 0.000 0.000 0.000 0.000 0.000 0.000 0.000 0.000 0.000 0.000 0.000 0.000 0.000 0.000 0.000 0.000 0.000 0.000 0.000 0.000 0.000 0.000 0.000 0.000 0.000 0.000 0.000 0.000 0.000 0.000 0.000
6.807 6.731 6.656 6.583 6.509 6.435 6.360 6.285 6.211 6.136 6.061 5.987 5.912 5.838 5.763 5.688 5.614 5.539 5.460 5.380 5.300 5.220 5.140 5.059 4.979 4.899 4.716 4.425 4.121 3.787 3.453 3.120 2.786 2.452 2.118 1.784 1.450 1.116 0.782 0.000 0.000 0.000 0.000 0.000 0.000 0.000 0.000 0.000 0.000 0.000 0.000 0.000 0.000 0.000 0.000 0.000 0.000 0.000 0.000 0.000 0.000 0.000 0.000 0.000 0.000 0.000 0.000 0.000 0.000 0.000 0.000 0.000 0.000 0.000 0.000 0.000 0.000
6.798 6.723 6.649 6.575 6.501 6.427 6.353 6.278 6.203 6.129 6.054 5.980 5.905 5.830 5.756 5.681 5.606 5.532 5.457 5.382 5.308 5.233 5.159 5.080 4.999 4.919 4.782 4.476 4.142 3.808 3.475 3.141 2.807 2.473 2.139 1.805 1.471 1.137 0.803 0.000 0.000 0.000 0.000 0.000 0.000 0.000 0.000 0.000 0.000 0.000 0.000 0.000 0.000 0.000 0.000 0.000 0.000 0.000 0.000 0.000 0.000 0.000 0.000 0.000 0.000 0.000 0.000 0.000 0.000 0.000 0.000 0.000 0.000 0.000 0.000 0.000 0.000
6.789 6.715 6.641 6.568 6.494 6.420 6.346 6.271 6.196 6.122 6.047 5.972 5.898 5.823 5.748 5.674 5.599 5.525 5.450 5.375 5.301 5.226 5.151 5.077 5.002 4.927 4.845 4.498 4.163 3.830 3.496 3.162 2.828 2.494 2.160 1.826 1.492 1.158 0.824 0.000 0.000 0.000 0.000 0.000 0.000 0.000 0.000 0.000 0.000 0.000 0.000 0.000 0.000 0.000 0.000 0.000 0.000 0.000 0.000 0.000 0.000 0.000 0.000 0.000 0.000 0.000 0.000 0.000 0.000 0.000 0.000 0.000 0.000 0.000 0.000 0.000 0.000
6.781 6.708 6.634 6.560 6.487 6.413 6.338 6.264 6.189 6.114 6.040 5.965 5.891 5.816 5.741 5.667 5.592 5.517 5.443 5.368 5.294 5.219 5.144 5.070 4.995 4.921 4.856 4.581 4.234 3.887 3.540 3.194 2.849 2.515 2.181 1.847 1.513 1.179 0.846 0.000 0.000 0.000 0.000 0.000 0.000 0.000 0.000 0.000 0.000 0.000 0.000 0.000 0.000 0.000 0.000 0.000 0.000 0.000 0.000 0.000 0.000 0.000 0.000 0.000 0.000 0.000 0.000 0.000 0.000 0.000 0.000 0.000 0.000 0.000 0.000 0.000 0.000
6.774 6.700 6.626 6.553 6.479 6.405 6.331 6.257 6.182 6.107 6.033 5.958 5.883 5.809 5.734 5.659 5.585 5.510 5.436 5.361 5.286 5.212 5.137 5.062 4.988 4.922 4.857 4.664 4.317 3.970 3.623 3.276 2.929 2.582 2.236 1.889 1.542 1.201 0.867 0.000 0.000 0.000 0.000 0.000 0.000 0.000 0.000 0.000 0.000 0.000 0.000 0.000 0.000 0.000 0.000 0.000 0.000 0.000 0.000 0.000 0.000 0.000 0.000 0.000 0.000 0.000 0.000 0.000 0.000 0.000 0.000 0.000 0.000 0.000 0.000 0.000 0.000
6.766 6.693 6.619 6.545 6.471 6.398 6.324 6.249 6.175 6.100 6.026 5.951 5.876 5.802 5.727 5.652 5.578 5.503 5.428 5.354 5.279 5.204 5.130 5.055 4.987 4.922 4.857 4.747 4.400 4.053 3.706 3.359 3.012 2.665 2.318 1.971 1.624 1.278 0.931 0.584 0.237 0.000 0.000 0.000 0.000 0.000 0.000 0.000 0.000 0.000 0.000 0.000 0.000 0.000 0.000 0.000 0.000 0.000 0.000 0.000 0.000 0.000 0.000 0.000 0.000 0.000 0.000 0.000 0.000 0.000 0.000 0.000 0.000 0.000 0.000 0.000 0.000
6.759 6.685 6.611 6.538 6.464 6.390 6.316 6.242 6.168 6.093 6.018 5.944 5.869 5.794 5.720 5.645 5.571 5.496 5.421 5.347 5.272 5.197 5.123 5.052 4.987 4.923 4.858 4.793 4.483 4.136 3.789 3.442 3.095 2.748 2.401 2.055 1.708 1.361 1.013 0.000 0.320 0.000 0.000 0.000 0.000 0.000 0.000 0.000 0.000 0.000 0.000 0.000 0.000 0.000 0.000 0.000 0.000 0.000 0.000 0.000 0.000 0.000 0.000 0.000 0.000 0.000 0.000 0.000 0.000 0.000 0.000 0.000 0.000 0.000 0.000 0.000 0.000
6.751 6.678 6.604 6.530 6.456 6.383 6.309 6.235 6.160 6.086 6.011 5.936 5.862 5.787 5.713 5.638 5.563 5.489 5.414 5.339 5.265 5.190 5.117 5.052 4.988 4.923 4.858 4.794 4.566 4.219 3.872 3.525 3.178 2.831 2.484 2.137 1.790 1.443 1.097 0.749 0.403 0.000 0.000 0.000 0.000 0.000 0.000 0.000 0.000 0.000 0.000 0.000 0.000 0.000 0.000 0.000 0.000 0.000 0.000 0.000 0.000 0.000 0.000 0.000 0.000 0.000 0.000 0.000 0.000 0.000 0.000 0.000 0.000 0.000 0.000 0.000 0.000
6.744 6.670 6.597 6.523 6.449 6.375 6.302 6.228 6.153 6.079 6.004 5.929 5.855 5.780 5.705 5.631 5.556 5.482 5.407 5.332 5.258 5.183 5.118 5.053 4.988 4.924 4.859 4.794 4.649 4.302 3.955 3.608 3.261 2.914 2.567 2.220 1.873 1.526 1.179 0.832 0.000 0.000 0.000 0.000 0.000 0.000 0.000 0.000 0.000 0.000 0.000 0.000 0.000 0.000 0.000 0.000 0.000 0.000 0.000 0.000 0.000 0.000 0.000 0.000 0.000 0.000 0.000 0.000 0.000 0.000 0.000 0.000 0.000 0.000 0.000 0.000 0.000
6.736 6.663 6.589 6.515 6.442 6.368 6.294 6.220 6.146 6.071 5.997 5.922 5.848 5.773 5.698 5.624 5.549 5.474 5.400 5.325 5.250 5.183 5.118 5.053 4.989 4.924 4.859 4.795 4.730 4.385 4.038 3.691 3.344 2.997 2.650 2.303 1.956 1.609 1.262 0.915 0.000 0.000 0.000 0.000 0.000 0.000 0.000 0.000 0.000 0.000 0.000 0.000 0.000 0.000 0.000 0.000 0.000 0.000 0.000 0.000 0.000 0.000 0.000 0.000 0.000 0.000 0.000 0.000 0.000 0.000 0.000 0.000 0.000 0.000 0.000 0.000 0.000
6.729 6.655 6.582 6.508 6.434 6.360 6.287 6.213 6.139 6.064 5.990 5.915 5.840 5.766 5.691 5.616 5.542 5.467 5.393 5.318 5.248 5.183 5.119 5.054 4.989 4.925 4.860 4.795 4.731 4.468 4.121 3.774 3.427 3.080 2.733 2.386 2.039 1.692 1.345 0.998 0.000 0.000 0.000 0.000 0.000 0.000 0.000 0.000 0.000 0.000 0.000 0.000 0.000 0.000 0.000 0.000 0.000 0.000 0.000 0.000 0.000 0.000 0.000 0.000 0.000 0.000 0.000 0.000 0.000 0.000 0.000 0.000 0.000 0.000 0.000 0.000 0.000
6.721 6.648 6.574 6.500 6.426 6.353 6.279 6.205 6.132 6.057 5.982 5.908 5.833 5.758 5.684 5.609 5.535 5.460 5.385 5.313 5.248 5.184 5.119 5.054 4.990 4.925 4.860 4.796 4.731 4.551 4.204 3.857 3.510 3.163 2.816 2.469 2.122 1.775 1.428 1.081 0.000 0.000 0.000 0.000 0.000 0.000 0.000 0.000 0.000 0.000 0.000 0.000 0.000 0.000 0.000 0.000 0.000 0.000 0.000 0.000 0.000 0.000 0.000 0.000 0.000 0.000 0.000 0.000 0.000 0.000 0.000 0.000 0.000 0.000 0.000 0.000 0.000
6.714 6.640 6.566 6.493 6.419 6.345 6.272 6.198 6.124 6.050 5.975 5.901 5.826 5.751 5.677 5.602 5.527 5.453 5.378 5.313 5.249 5.184 5.120 5.055 4.990 4.926 4.861 4.796 4.732 4.634 4.287 3.940 3.593 3.246 2.899 2.552 2.205 1.858 1.511 1.164 0.000 0.000 0.000 0.000 0.000 0.000 0.000 0.000 0.000 0.000 0.000 0.000 0.000 0.000 0.000 0.000 0.000 0.000 0.000 0.000 0.000 0.000 0.000 0.000 0.000 0.000 0.000 0.000 0.000 0.000 0.000 0.000 0.000 0.000 0.000 0.000 0.000
6.707 6.633 6.559 6.485 6.412 6.338 6.264 6.190 6.117 6.043 5.968 5.893 5.819 5.744 5.670 5.595 5.520 5.446 5.379 5.314 5.249 5.185 5.120 5.055 4.991 4.926 4.861 4.797 4.732 4.667 4.370 4.023 3.676 3.329 2.982 2.635 2.288 1.941 1.594 1.247 0.000 0.000 0.000 0.000 0.000 0.000 0.000 0.000 0.000 0.000 0.000 0.000 0.000 0.000 0.000 0.000 0.000 0.000 0.000 0.000 0.000 0.000 0.000 0.000 0.000 0.000 0.000 0.000 0.000 0.000 0.000 0.000 0.000 0.000 0.000 0.000 0.000
6.699 6.625 6.552 6.478 6.404 6.330 6.257 6.183 6.109 6.035 5.961 5.886 5.812 5.737 5.662 5.588 5.513 5.444 5.379 5.314 5.250 5.185 5.121 5.056 4.991 4.927 4.862 4.797 4.733 4.668 4.453 4.106 3.759 3.412 3.065 2.718 2.371 2.024 1.677 1.321 0.000 0.000 0.000 0.000 0.000 0.000 0.000 0.000 0.000 0.000 0.000 0.000 0.000 0.000 0.000 0.000 0.000 0.000 0.000 0.000 0.000 0.000 0.000 0.000 0.000 0.000 0.000 0.000 0.000 0.000 0.000 0.000 0.000 0.000 0.000 0.000 0.000
6.692 6.618 6.544 6.470 6.397 6.323 6.249 6.175 6.102 6.028 5.954 5.879 5.804 5.730 5.655 5.581 5.509 5.444 5.380 5.315 5.250 5.186 5.121 5.056 4.992 4.927 4.863 4.798 4.733 4.669 4.536 4.189 3.842 3.495 3.148 2.801 2.454 2.107 1.760 1.368 0.000 0.000 0.000 0.000 0.000 0.000 0.000 0.000 0.000 0.000 0.000 0.000 0.000 0.000 0.000 0.000 0.000 0.000 0.000 0.000 0.000 0.000 0.000 0.000 0.000 0.000 0.000 0.000 0.000 0.000 0.000 0.000 0.000 0.000 0.000 0.000 0.000
6.684 6.610 6.537 6.463 6.389 6.315 6.242 6.168 6.094 6.020 5.947 5.872 5.797 5.723 5.648 5.574 5.509 5.445 5.380 5.316 5.251 5.186 5.122 5.057 4.992 4.928 4.863 4.798 4.734 4.669 4.604 4.272 3.925 3.578 3.231 2.884 2.537 2.190 1.808 1.416 0.000 0.000 0.000 0.000 0.000 0.000 0.000 0.000 0.000 0.000 0.000 0.000 0.000 0.000 0.000 0.000 0.000 0.000 0.000 0.000 0.000 0.000 0.000 0.000 0.000 0.000 0.000 0.000 0.000 0.000 0.000 0.000 0.000 0.000 0.000 0.000 0.000
6.676 6.603 6.529 6.455 6.382 6.308 6.234 6.160 6.087 6.013 5.939 5.865 5.790 5.715 5.641 5.575 5.510 5.445 5.381 5.316 5.251 5.187 5.122 5.058 4.993 4.928 4.863 4.799 4.734 4.670 4.605 4.355 4.008 3.661 3.314 2.967 2.620 2.247 1.855 1.463 0.000 0.000 0.000 0.000 0.000 0.000 0.000 0.000 0.000 0.000 0.000 0.000 0.000 0.000 0.000 0.000 0.000 0.000 0.000 0.000 0.000 0.000 0.000 0.000 0.000 0.000 0.000 0.000 0.000 0.000 0.000 0.000 0.000 0.000 0.000 0.000 0.000
6.669 6.595 6.522 6.448 6.374 6.300 6.227 6.153 6.079 6.005 5.932 5.858 5.783 5.708 5.640 5.575 5.510 5.446 5.381 5.317 5.252 5.187 5.123 5.058 4.993 4.929 4.864 4.799 4.735 4.670 4.605 4.438 4.091 3.744 3.397 3.050 2.687 2.295 1.903 1.511 0.000 0.000 0.000 0.000 0.000 0.000 0.000 0.000 0.000 0.000 0.000 0.000 0.000 0.000 0.000 0.000 0.000 0.000 0.000 0.000 0.000 0.000 0.000 0.000 0.000 0.000 0.000 0.000 0.000 0.000 0.000 0.000 0.000 0.000 0.000 0.000 0.000
6.662 6.588 6.514 6.440 6.367 6.293 6.219 6.145 6.072 5.998 5.924 5.850 5.776 5.705 5.640 5.576 5.511 5.446 5.382 5.317 5.252 5.188 5.123 5.058 4.994 4.929 4.864 4.800 4.735 4.671 4.606 4.521 4.174 3.827 3.480 3.127 2.734 2.342 1.950 1.558 0.000 0.000 0.000 0.000 0.000 0.000 0.000 0.000 0.000 0.000 0.000 0.000 0.000 0.000 0.000 0.000 0.000 0.000 0.000 0.000 0.000 0.000 0.000 0.000 0.000 0.000 0.000 0.000 0.000 0.000 0.000 0.000 0.000 0.000 0.000 0.000 0.000
6.660 6.585 6.509 6.434 6.359 6.285 6.212 6.138 6.064 5.991 5.917 5.843 5.770 5.705 5.641 5.576 5.511 5.447 5.382 5.318 5.253 5.188 5.124 5.059 4.994 4.930 4.865 4.800 4.736 4.671 4.606 4.542 4.257 3.910 3.563 3.174 2.782 2.390 1.997 1.605 1.213 0.000 0.000 0.000 0.000 0.000 0.000 0.000 0.000 0.000 0.000 0.000 0.000 0.000 0.000 0.000 0.000 0.000 0.000 0.000 0.000 0.000 0.000 0.000 0.000 0.000 0.000 0.000 0.000 0.000 0.000 0.000 0.000 0.000 0.000 0.000 0.000
6.675 6.600 6.524 6.449 6.374 6.298 6.223 6.147 6.072 5.997 5.921 5.846 5.770 5.706 5.641 5.577 5.512 5.447 5.383 5.318 5.253 5.189 5.124 5.060 4.995 4.930 4.866 4.801 4.736 4.672 4.607 4.542 4.340 3.993 3.614 3.221 2.829 2.437 2.045 1.653 1.260 0.868 0.000 0.000 0.000 0.000 0.000 0.000 0.000 0.000 0.000 0.000 0.000 0.000 0.000 0.000 0.000 0.000 0.000 0.000 0.000 0.000 0.000 0.000 0.000 0.000 0.000 0.000 0.000 0.000 0.000 0.000 0.000 0.000 0.000 0.000 0.000
6.690 6.615 6.539 6.464 6.389 6.313 6.238 6.162 6.087 6.012 5.936 5.857 5.771 5.705 5.641 5.576 5.512 5.447 5.383 5.318 5.253 5.189 5.124 5.060 4.995 4.931 4.866 4.801 4.737 4.672 4.607 4.543 4.423 4.053 3.661 3.269 2.877 2.484 2.092 1.700 1.308 0.916 0.000 0.000 0.000 0.000 0.000 0.000 0.000 0.000 0.000 0.000 0.000 0.000 0.000 0.000 0.000 0.000 0.000 0.000 0.000 0.000 0.000 0.000 0.000 0.000 0.000 0.000 0.000 0.000 0.000 0.000 0.000 0.000 0.000 0.000 0.000
6.705 6.630 6.554 6.479 6.404 6.328 6.253 6.178 6.102 6.027 5.951 5.866 5.780 5.705 5.640 5.576 5.511 5.447 5.382 5.318 5.253 5.189 5.124 5.059 4.995 4.930 4.866 4.801 4.737 4.672 4.607 4.543 4.479 4.130 3.733 3.336 2.939 2.543 2.146 1.749 1.355 0.963 0.571 0.179 0.000 0.000 0.000 0.000 0.000 0.000 0.000 0.000 0.000 0.000 0.000 0.000 0.000 0.000 0.000 0.000 0.000 0.000 0.000 0.000 0.000 0.000 0.000 0.000 0.000 0.000 0.000 0.000 0.000 0.000 0.000 0.000 0.000
