includes/oleron/floodfiles/results/res-0011.wdfp
ncols         631
nrows         906
xllcorner     364927.146667
yllcorner     6531972.565556
cellsize      20.000000
NODATA_value  -9999.000000
[rows 748 to 781 of 906, columns 0 to 76 of 631]
14.728 14.699 14.670 14.641 14.612 14.583 14.554 14.523 14.491 14.460 14.428 14.397 14.365 14.333 14.302 14.270 14.239 14.206 14.173 14.140 14.107 14.074 14.041 14.008 13.975 13.942 13.909 13.876 13.843 13.810 13.777 13.744 13.711 13.678 13.645 13.612 13.580 13.547 13.514 13.481 13.448 13.415 13.382 13.349 13.316 13.283 13.250 13.217 13.184 13.151 13.118 13.085 13.052 13.023 12.994 12.965 12.936 12.907 12.878 12.849 12.820 12.791 12.762 12.733 12.704 12.675 12.646 12.617 12.588 12.559 12.530 12.502 12.473 12.444 12.415 12.386 12.358
14.729 14.700 14.671 14.642 14.613 14.584 14.555 14.523 14.492 14.460 14.428 14.397 14.365 14.334 14.302 14.271 14.239 14.207 14.175 14.142 14.109 14.076 14.043 14.010 13.977 13.944 13.911 13.878 13.845 13.812 13.779 13.746 13.713 13.680 13.647 13.614 13.581 13.548 13.515 13.482 13.449 13.416 13.383 13.350 13.317 13.285 13.252 13.219 13.186 13.153 13.120 13.087 13.055 13.026 12.997 12.968 12.939 12.910 12.881 12.852 12.823 12.795 12.766 12.737 12.708 12.679 12.650 12.621 12.592 12.563 12.534 12.505 12.476 12.447 12.418 12.389 12.360
14.730 14.701 14.672 14.643 14.614 14.585 14.555 14.523 14.492 14.460 14.429 14.397 14.366 14.334 14.302 14.271 14.239 14.208 14.176 14.143 14.110 14.077 14.044 14.011 13.978 13.945 13.912 13.880 13.847 13.814 13.781 13.748 13.715 13.682 13.649 13.616 13.583 13.550 13.517 13.484 13.451 13.418 13.385 13.352 13.319 13.286 13.253 13.220 13.187 13.154 13.121 13.088 13.059 13.030 13.001 12.972 12.943 12.914 12.885 12.856 12.827 12.798 12.769 12.740 12.711 12.682 12.653 12.624 12.595 12.566 12.537 12.508 12.479 12.450 12.421 12.392 12.363
14.731 14.702 14.673 14.644 14.615 14.586 14.555 14.524 14.492 14.461 14.429 14.397 14.366 14.334 14.303 14.271 14.239 14.208 14.176 14.145 14.112 14.079 14.046 14.013 13.980 13.947 13.914 13.881 13.848 13.815 13.782 13.749 13.716 13.683 13.650 13.617 13.585 13.552 13.519 13.486 13.453 13.420 13.387 13.354 13.321 13.288 13.255 13.222 13.189 13.156 13.123 13.091 13.062 13.033 13.004 12.975 12.946 12.917 12.888 12.859 12.830 12.801 12.772 12.743 12.714 12.685 12.656 12.627 12.598 12.569 12.540 12.511 12.482 12.453 12.424 12.395 12.366
14.732 14.703 14.674 14.645 14.616 14.587 14.556 14.524 14.492 14.461 14.429 14.398 14.366 14.335 14.303 14.271 14.240 14.208 14.177 14.145 14.113 14.081 14.048 14.015 13.982 13.949 13.916 13.883 13.850 13.817 13.784 13.751 13.718 13.685 13.652 13.619 13.586 13.553 13.520 13.487 13.454 13.421 13.388 13.355 13.322 13.290 13.257 13.224 13.191 13.158 13.125 13.094 13.065 13.036 13.007 12.978 12.949 12.920 12.891 12.862 12.833 12.804 12.775 12.746 12.717 12.688 12.659 12.630 12.601 12.572 12.543 12.514 12.485 12.456 12.427 12.398 12.369
14.733 14.704 14.675 14.646 14.617 14.588 14.556 14.524 14.493 14.461 14.430 14.398 14.366 14.335 14.303 14.272 14.240 14.208 14.177 14.145 14.114 14.082 14.049 14.016 13.983 13.950 13.917 13.885 13.852 13.819 13.786 13.753 13.720 13.687 13.654 13.621 13.588 13.555 13.522 13.489 13.456 13.423 13.390 13.357 13.324 13.291 13.258 13.225 13.192 13.159 13.126 13.097 13.068 13.039 13.010 12.981 12.952 12.923 12.894 12.865 12.836 12.807 12.778 12.749 12.720 12.691 12.662 12.633 12.604 12.575 12.546 12.517 12.488 12.459 12.430 12.401 12.372
14.733 14.705 14.676 14.647 14.618 14.588 14.556 14.525 14.493 14.461 14.430 14.398 14.367 14.335 14.304 14.272 14.240 14.209 14.177 14.146 14.114 14.082 14.051 14.018 13.985 13.952 13.919 13.886 13.853 13.820 13.787 13.754 13.721 13.688 13.655 13.622 13.590 13.557 13.524 13.491 13.458 13.425 13.392 13.359 13.326 13.293 13.260 13.227 13.194 13.161 13.129 13.100 13.071 13.042 13.013 12.984 12.955 12.926 12.897 12.868 12.839 12.810 12.781 12.752 12.723 12.694 12.665 12.636 12.607 12.578 12.549 12.520 12.491 12.462 12.433 12.404 12.375
14.734 14.705 14.677 14.648 14.619 14.588 14.556 14.525 14.493 14.462 14.430 14.399 14.367 14.335 14.304 14.272 14.241 14.209 14.177 14.146 14.114 14.083 14.051 14.020 13.987 13.954 13.921 13.888 13.855 13.822 13.789 13.756 13.723 13.690 13.657 13.624 13.591 13.558 13.525 13.492 13.459 13.426 13.393 13.360 13.327 13.295 13.262 13.229 13.196 13.163 13.132 13.103 13.074 13.045 13.016 12.987 12.958 12.929 12.900 12.871 12.842 12.813 12.784 12.755 12.726 12.697 12.668 12.639 12.611 12.582 12.553 12.524 12.495 12.466 12.437 12.408 12.379
14.735 14.706 14.677 14.648 14.620 14.588 14.557 14.525 14.494 14.462 14.430 14.399 14.367 14.336 14.304 14.273 14.241 14.209 14.178 14.146 14.115 14.083 14.051 14.020 13.988 13.955 13.922 13.890 13.857 13.824 13.791 13.758 13.725 13.692 13.659 13.626 13.593 13.560 13.527 13.494 13.461 13.428 13.395 13.362 13.329 13.296 13.263 13.230 13.197 13.164 13.135 13.106 13.077 13.048 13.019 12.990 12.961 12.932 12.904 12.875 12.846 12.817 12.788 12.759 12.730 12.701 12.672 12.643 12.614 12.585 12.556 12.527 12.498 12.469 12.440 12.411 12.382
14.736 14.707 14.678 14.649 14.620 14.589 14.557 14.525 14.494 14.462 14.431 14.399 14.368 14.336 14.304 14.273 14.241 14.210 14.178 14.146 14.115 14.083 14.052 14.020 13.989 13.957 13.924 13.891 13.858 13.825 13.792 13.759 13.726 13.693 13.660 13.627 13.595 13.562 13.529 13.496 13.463 13.430 13.397 13.364 13.331 13.298 13.265 13.232 13.199 13.168 13.139 13.110 13.081 13.052 13.023 12.994 12.965 12.936 12.907 12.878 12.849 12.820 12.791 12.762 12.733 12.704 12.675 12.646 12.617 12.588 12.559 12.530 12.501 12.472 12.443 12.414 12.385
14.737 14.708 14.679 14.650 14.621 14.589 14.557 14.526 14.494 14.463 14.431 14.399 14.368 14.336 14.305 14.273 14.242 14.210 14.178 14.147 14.115 14.084 14.052 14.020 13.989 13.957 13.926 13.893 13.860 13.827 13.794 13.761 13.728 13.695 13.662 13.629 13.596 13.563 13.530 13.497 13.464 13.431 13.398 13.365 13.332 13.300 13.267 13.234 13.201 13.171 13.142 13.113 13.084 13.055 13.026 12.997 12.968 12.939 12.910 12.881 12.852 12.823 12.794 12.765 12.736 12.707 12.678 12.649 12.620 12.591 12.562 12.533 12.504 12.475 12.446 12.417 12.388
14.738 14.709 14.680 14.651 14.621 14.589 14.558 14.526 14.494 14.463 14.431 14.400 14.368 14.337 14.305 14.273 14.242 14.210 14.179 14.147 14.115 14.084 14.052 14.021 13.989 13.958 13.926 13.894 13.862 13.829 13.796 13.763 13.730 13.697 13.664 13.631 13.598 13.565 13.532 13.499 13.466 13.433 13.400 13.367 13.334 13.301 13.268 13.235 13.203 13.174 13.145 13.116 13.087 13.058 13.029 13.000 12.971 12.942 12.913 12.884 12.855 12.826 12.797 12.768 12.739 12.710 12.681 12.652 12.623 12.594 12.565 12.536 12.507 12.478 12.449 12.420 12.391
14.739 14.710 14.681 14.652 14.621 14.590 14.558 14.526 14.495 14.463 14.432 14.400 14.368 14.337 14.305 14.274 14.242 14.210 14.179 14.147 14.116 14.084 14.053 14.021 13.989 13.958 13.926 13.895 13.863 13.830 13.797 13.764 13.731 13.698 13.665 13.632 13.599 13.567 13.534 13.501 13.468 13.435 13.402 13.369 13.336 13.303 13.270 13.237 13.206 13.177 13.148 13.119 13.090 13.061 13.032 13.003 12.974 12.945 12.916 12.887 12.858 12.829 12.800 12.771 12.742 12.713 12.684 12.655 12.626 12.597 12.568 12.539 12.510 12.481 12.452 12.423 12.394
14.740 14.711 14.682 14.653 14.621 14.590 14.558 14.527 14.495 14.463 14.432 14.400 14.369 14.337 14.306 14.274 14.242 14.211 14.179 14.148 14.116 14.084 14.053 14.021 13.990 13.958 13.927 13.895 13.863 13.832 13.799 13.766 13.733 13.700 13.667 13.634 13.601 13.568 13.535 13.502 13.469 13.436 13.403 13.370 13.337 13.304 13.272 13.239 13.209 13.180 13.151 13.122 13.093 13.064 13.035 13.006 12.977 12.948 12.919 12.890 12.861 12.832 12.803 12.774 12.745 12.716 12.687 12.658 12.629 12.600 12.571 12.542 12.513 12.484 12.455 12.427 12.398
14.741 14.712 14.683 14.653 14.622 14.590 14.559 14.527 14.495 14.464 14.432 14.401 14.369 14.337 14.306 14.274 14.243 14.211 14.179 14.148 14.116 14.085 14.053 14.022 13.990 13.958 13.927 13.895 13.864 13.832 13.800 13.768 13.735 13.702 13.669 13.636 13.603 13.570 13.537 13.504 13.471 13.438 13.405 13.372 13.339 13.306 13.273 13.241 13.212 13.183 13.154 13.125 13.096 13.067 13.038 13.009 12.980 12.951 12.922 12.893 12.864 12.835 12.806 12.777 12.748 12.720 12.691 12.662 12.633 12.604 12.575 12.546 12.517 12.488 12.459 12.430 12.401
14.742 14.713 14.684 14.654 14.622 14.590 14.559 14.527 14.496 14.464 14.432 14.401 14.369 14.338 14.306 14.275 14.243 14.211 14.180 14.148 14.117 14.085 14.053 14.022 13.990 13.959 13.927 13.896 13.864 13.832 13.801 13.769 13.736 13.703 13.670 13.637 13.604 13.572 13.539 13.506 13.473 13.440 13.407 13.374 13.341 13.308 13.275 13.244 13.215 13.186 13.157 13.128 13.099 13.070 13.041 13.013 12.984 12.955 12.926 12.897 12.868 12.839 12.810 12.781 12.752 12.723 12.694 12.665 12.636 12.607 12.578 12.549 12.520 12.491 12.462 12.433 12.404
14.743 14.714 14.685 14.654 14.622 14.591 14.559 14.528 14.496 14.464 14.433 14.401 14.370 14.338 14.306 14.275 14.243 14.212 14.180 14.148 14.117 14.085 14.054 14.022 13.991 13.959 13.927 13.896 13.864 13.833 13.801 13.769 13.738 13.705 13.672 13.639 13.606 13.573 13.540 13.507 13.474 13.441 13.408 13.375 13.342 13.309 13.277 13.248 13.219 13.190 13.161 13.132 13.103 13.074 13.045 13.016 12.987 12.958 12.929 12.900 12.871 12.842 12.813 12.784 12.755 12.726 12.697 12.668 12.639 12.610 12.581 12.552 12.523 12.494 12.465 12.436 12.407
14.743 14.714 14.686 14.654 14.623 14.591 14.559 14.528 14.496 14.465 14.433 14.401 14.370 14.338 14.307 14.275 14.244 14.212 14.180 14.149 14.117 14.086 14.054 14.022 13.991 13.959 13.928 13.896 13.864 13.833 13.801 13.770 13.738 13.707 13.674 13.641 13.608 13.575 13.542 13.509 13.476 13.443 13.410 13.377 13.344 13.311 13.280 13.251 13.222 13.193 13.164 13.135 13.106 13.077 13.048 13.019 12.990 12.961 12.932 12.903 12.874 12.845 12.816 12.787 12.758 12.729 12.700 12.671 12.642 12.613 12.584 12.555 12.526 12.497 12.468 12.439 12.410
14.744 14.715 14.686 14.654 14.623 14.591 14.560 14.528 14.496 14.465 14.433 14.402 14.370 14.339 14.307 14.275 14.244 14.212 14.181 14.149 14.117 14.086 14.054 14.023 13.991 13.960 13.928 13.896 13.865 13.833 13.802 13.770 13.738 13.707 13.675 13.642 13.609 13.577 13.544 13.511 13.478 13.445 13.412 13.379 13.346 13.313 13.283 13.254 13.225 13.196 13.167 13.138 13.109 13.080 13.051 13.022 12.993 12.964 12.935 12.906 12.877 12.848 12.819 12.790 12.761 12.732 12.703 12.674 12.645 12.616 12.587 12.558 12.529 12.500 12.471 12.442 12.413
14.745 14.716 14.686 14.655 14.623 14.592 14.560 14.528 14.497 14.465 14.434 14.402 14.370 14.339 14.307 14.276 14.244 14.213 14.181 14.149 14.118 14.086 14.055 14.023 13.991 13.960 13.928 13.897 13.865 13.833 13.802 13.770 13.739 13.707 13.676 13.644 13.611 13.578 13.545 13.512 13.479 13.446 13.413 13.380 13.347 13.315 13.286 13.257 13.228 13.199 13.170 13.141 13.112 13.083 13.054 13.025 12.996 12.967 12.938 12.909 12.880 12.851 12.822 12.793 12.764 12.735 12.706 12.677 12.648 12.619 12.590 12.561 12.532 12.503 12.474 12.445 12.416
14.746 14.717 14.687 14.655 14.623 14.592 14.560 14.529 14.497 14.465 14.434 14.402 14.371 14.339 14.308 14.276 14.244 14.213 14.181 14.150 14.118 14.086 14.055 14.023 13.992 13.960 13.929 13.897 13.865 13.834 13.802 13.771 13.739 13.707 13.676 13.644 13.613 13.580 13.547 13.514 13.481 13.448 13.415 13.382 13.349 13.318 13.289 13.260 13.231 13.202 13.173 13.144 13.115 13.086 13.057 13.028 12.999 12.970 12.941 12.912 12.883 12.854 12.825 12.796 12.767 12.738 12.709 12.680 12.651 12.622 12.593 12.564 12.536 12.507 12.478 12.449 12.420
14.747 14.718 14.687 14.655 14.624 14.592 14.561 14.529 14.497 14.466 14.434 14.403 14.371 14.339 14.308 14.276 14.245 14.213 14.181 14.150 14.118 14.087 14.055 14.024 13.992 13.960 13.929 13.897 13.866 13.834 13.802 13.771 13.739 13.708 13.676 13.645 13.613 13.581 13.549 13.516 13.483 13.450 13.417 13.384 13.351 13.321 13.292 13.263 13.234 13.205 13.176 13.147 13.118 13.089 13.060 13.031 13.002 12.973 12.944 12.915 12.886 12.857 12.829 12.800 12.771 12.742 12.713 12.684 12.655 12.626 12.597 12.568 12.539 12.510 12.481 12.452 12.423
14.748 14.719 14.687 14.656 14.624 14.592 14.561 14.529 14.498 14.466 14.434 14.403 14.371 14.340 14.308 14.277 14.245 14.213 14.182 14.150 14.119 14.087 14.055 14.024 13.992 13.961 13.929 13.898 13.866 13.834 13.803 13.771 13.740 13.708 13.676 13.645 13.613 13.582 13.550 13.517 13.484 13.451 13.418 13.385 13.353 13.324 13.295 13.266 13.237 13.208 13.179 13.150 13.122 13.093 13.064 13.035 13.006 12.977 12.948 12.919 12.890 12.861 12.832 12.803 12.774 12.745 12.716 12.687 12.658 12.629 12.600 12.571 12.542 12.513 12.484 12.455 12.426
14.749 14.719 14.687 14.656 14.624 14.593 14.561 14.530 14.498 14.466 14.435 14.403 14.372 14.340 14.308 14.277 14.245 14.214 14.182 14.150 14.119 14.087 14.056 14.024 13.993 13.961 13.929 13.898 13.866 13.835 13.803 13.771 13.740 13.708 13.677 13.645 13.614 13.582 13.550 13.519 13.486 13.453 13.420 13.387 13.357 13.328 13.299 13.270 13.241 13.212 13.183 13.154 13.125 13.096 13.067 13.038 13.009 12.980 12.951 12.922 12.893 12.864 12.835 12.806 12.777 12.748 12.719 12.690 12.661 12.632 12.603 12.574 12.545 12.516 12.487 12.458 12.429
14.750 14.719 14.688 14.656 14.625 14.593 14.561 14.530 14.498 14.467 14.435 14.403 14.372 14.340 14.309 14.277 14.246 14.214 14.182 14.151 14.119 14.088 14.056 14.024 13.993 13.961 13.930 13.898 13.867 13.835 13.803 13.772 13.740 13.709 13.677 13.645 13.614 13.582 13.551 13.519 13.487 13.455 13.422 13.389 13.360 13.331 13.302 13.273 13.244 13.215 13.186 13.157 13.128 13.099 13.070 13.041 13.012 12.983 12.954 12.925 12.896 12.867 12.838 12.809 12.780 12.751 12.722 12.693 12.664 12.635 12.606 12.577 12.548 12.519 12.490 12.461 12.432
14.751 14.720 14.688 14.656 14.625 14.593 14.562 14.530 14.499 14.467 14.435 14.404 14.372 14.341 14.309 14.277 14.246 14.214 14.183 14.151 14.119 14.088 14.056 14.025 13.993 13.962 13.930 13.898 13.867 13.835 13.804 13.772 13.740 13.709 13.677 13.646 13.614 13.583 13.551 13.519 13.488 13.456 13.423 13.392 13.363 13.334 13.305 13.276 13.247 13.218 13.189 13.160 13.131 13.102 13.073 13.044 13.015 12.986 12.957 12.928 12.899 12.870 12.841 12.812 12.783 12.754 12.725 12.696 12.667 12.638 12.609 12.580 12.551 12.522 12.493 12.464 12.435
14.751 14.720 14.688 14.657 14.625 14.594 14.562 14.530 14.499 14.467 14.436 14.404 14.372 14.341 14.309 14.278 14.246 14.215 14.183 14.151 14.120 14.088 14.057 14.025 13.993 13.962 13.930 13.899 13.867 13.835 13.804 13.772 13.741 13.709 13.678 13.646 13.614 13.583 13.551 13.520 13.488 13.456 13.425 13.395 13.366 13.337 13.308 13.279 13.250 13.221 13.192 13.163 13.134 13.105 13.076 13.047 13.018 12.989 12.960 12.931 12.902 12.873 12.844 12.815 12.786 12.757 12.728 12.699 12.670 12.641 12.612 12.583 12.554 12.525 12.496 12.467 12.438
14.752 14.720 14.689 14.657 14.625 14.594 14.562 14.531 14.499 14.467 14.436 14.404 14.373 14.341 14.310 14.278 14.246 14.215 14.183 14.152 14.120 14.088 14.057 14.025 13.994 13.962 13.931 13.899 13.867 13.836 13.804 13.773 13.741 13.709 13.678 13.646 13.615 13.583 13.552 13.520 13.491 13.462 13.432 13.398 13.369 13.340 13.311 13.282 13.253 13.224 13.195 13.166 13.137 13.108 13.079 13.050 13.021 12.992 12.963 12.934 12.905 12.876 12.847 12.818 12.789 12.760 12.731 12.702 12.673 12.644 12.615 12.586 12.557 12.528 12.499 12.470 12.441
14.752 14.720 14.689 14.657 14.626 14.594 14.563 14.531 14.499 14.468 14.436 14.405 14.373 14.341 14.310 14.278 14.247 14.215 14.184 14.152 14.120 14.089 14.057 14.026 13.994 13.962 13.931 13.899 13.868 13.836 13.804 13.773 13.741 13.710 13.678 13.647 13.616 13.587 13.558 13.529 13.500 13.471 13.440 13.405 13.372 13.343 13.314 13.285 13.256 13.227 13.198 13.169 13.140 13.111 13.082 13.053 13.024 12.995 12.966 12.937 12.908 12.879 12.850 12.821 12.792 12.763 12.734 12.705 12.676 12.647 12.618 12.589 12.560 12.531 12.502 12.473 12.444
14.752 14.721 14.689 14.658 14.626 14.594 14.563 14.531 14.500 14.468 14.436 14.405 14.373 14.342 14.310 14.279 14.247 14.215 14.184 14.152 14.121 14.089 14.057 14.026 13.994 13.963 13.931 13.900 13.868 13.836 13.805 13.773 13.742 13.713 13.684 13.655 13.626 13.597 13.568 13.539 13.510 13.481 13.448 13.413 13.378 13.346 13.317 13.288 13.259 13.230 13.201 13.172 13.143 13.114 13.085 13.056 13.027 12.998 12.969 12.940 12.911 12.882 12.853 12.824 12.795 12.766 12.737 12.708 12.679 12.650 12.621 12.592 12.563 12.534 12.505 12.476 12.447
14.753 14.721 14.689 14.658 14.626 14.595 14.563 14.532 14.500 14.468 14.437 14.405 14.374 14.342 14.310 14.279 14.247 14.216 14.184 14.153 14.121 14.089 14.058 14.026 13.995 13.963 13.931 13.900 13.868 13.838 13.809 13.780 13.751 13.722 13.693 13.664 13.635 13.606 13.577 13.548 13.519 13.490 13.456 13.421 13.386 13.351 13.320 13.291 13.262 13.233 13.204 13.175 13.146 13.117 13.088 13.059 13.030 13.001 12.972 12.943 12.914 12.885 12.856 12.827 12.798 12.769 12.740 12.711 12.682 12.653 12.624 12.595 12.566 12.537 12.508 12.479 12.450
14.753 14.721 14.690 14.658 14.627 14.595 14.563 14.532 14.500 14.469 14.437 14.405 14.374 14.342 14.311 14.279 14.248 14.216 14.184 14.153 14.121 14.090 14.058 14.026 13.995 13.964 13.935 13.906 13.877 13.848 13.819 13.790 13.761 13.732 13.703 13.674 13.645 13.616 13.587 13.558 13.529 13.498 13.463 13.429 13.394 13.359 13.324 13.294 13.265 13.236 13.207 13.178 13.149 13.120 13.091 13.062 13.033 13.004 12.975 12.946 12.917 12.888 12.859 12.830 12.801 12.772 12.743 12.714 12.685 12.656 12.627 12.598 12.569 12.540 12.511 12.482 12.453
14.753 14.722 14.690 14.658 14.627 14.595 14.564 14.532 14.501 14.469 14.437 14.406 14.374 14.343 14.311 14.279 14.248 14.216 14.185 14.153 14.121 14.090 14.060 14.031 14.002 13.973 13.944 13.915 13.886 13.857 13.828 13.799 13.770 13.741 13.712 13.683 13.654 13.625 13.596 13.567 13.538 13.506 13.471 13.436 13.402 13.367 13.332 13.298 13.268 13.239 13.210 13.181 13.152 13.123 13.094 13.065 13.036 13.007 12.978 12.949 12.920 12.891 12.862 12.833 12.804 12.775 12.746 12.717 12.688 12.659 12.630 12.601 12.572 12.543 12.514 12.485 12.456
14.753 14.722 14.690 14.659 14.627 14.596 14.564 14.532 14.501 14.469 14.438 14.406 14.374 14.343 14.311 14.280 14.248 14.217 14.186 14.157 14.128 14.099 14.070 14.041 14.012 13.983 13.954 13.925 13.896 13.867 13.838 13.809 13.780 13.751 13.722 13.693 13.664 13.635 13.606 13.577 13.548 13.514 13.479 13.444 13.409 13.375 13.340 13.305 13.271 13.242 13.213 13.184 13.155 13.126 13.097 13.068 13.039 13.010 12.981 12.952 12.923 12.894 12.865 12.836 12.807 12.778 12.749 12.720 12.691 12.662 12.633 12.604 12.575 12.546 12.517 12.488 12.459
