includes/oleron/floodfiles/results/res-0010.wdfp
ncols         631
nrows         906
xllcorner     364927.146667
yllcorner     6531972.565556
cellsize      20.000000
NODATA_value  -9999.000000
[rows 34 to 67 of 906, columns 385 to 461 of 631]
0.000 0.000 0.000 0.000 0.000 0.000 0.000 0.000 0.000 0.000 0.000 0.000 0.000 0.000 0.016 0.129 0.272 0.418 0.563 0.668 0.764 0.861 0.958 1.054 1.151 1.248 1.345 1.725 2.129 2.533 2.937 3.341 3.745 4.149 4.505 4.773 5.042 5.385 5.879 6.374 6.869 7.364 7.822 8.253 8.683 9.112 9.543 9.896 10.082 10.268 10.454 10.640 10.839 11.063 11.286 11.509 11.733 11.957 12.085 12.091 12.096 12.101 12.106 12.105 12.073 12.041 12.008 11.976 11.943 11.911 11.841 11.759 11.678 11.596 11.513 11.431 11.350
0.000 0.000 0.000 0.000 0.000 0.000 0.000 0.000 0.000 0.000 0.000 0.000 0.000 0.006 0.048 0.183 0.327 0.473 0.576 0.673 0.769 0.866 0.963 1.059 1.156 1.253 1.349 1.651 2.055 2.459 2.863 3.267 3.671 4.018 4.286 4.555 4.823 5.135 5.630 6.125 6.620 7.114 7.609 8.104 8.565 8.995 9.424 9.779 9.965 10.151 10.347 10.570 10.794 11.018 11.241 11.464 11.688 11.911 12.022 12.028 12.033 12.039 12.044 12.049 12.055 12.036 12.004 11.972 11.940 11.907 11.834 11.752 11.670 11.588 11.506 11.424 11.347
0.000 0.000 0.000 0.000 0.000 0.000 0.000 0.000 0.000 0.000 0.000 0.000 0.000 0.025 0.106 0.238 0.383 0.485 0.581 0.678 0.774 0.871 0.968 1.064 1.161 1.258 1.355 1.577 1.981 2.385 2.789 3.193 3.531 3.799 4.068 4.336 4.605 4.885 5.380 5.875 6.370 6.865 7.360 7.855 8.350 8.844 9.307 9.662 9.854 10.078 10.301 10.525 10.749 10.972 11.196 11.419 11.642 11.866 11.960 11.965 11.971 11.976 11.981 11.986 11.992 11.998 11.999 11.967 11.935 11.902 11.826 11.744 11.662 11.581 11.503 11.428 11.353
0.000 0.000 0.000 0.000 0.000 0.000 0.000 0.000 0.000 0.000 0.000 0.000 0.013 0.077 0.170 0.294 0.394 0.490 0.587 0.683 0.779 0.876 0.973 1.069 1.166 1.263 1.360 1.504 1.908 2.311 2.715 3.044 3.312 3.581 3.849 4.118 4.387 4.655 5.131 5.625 6.120 6.615 7.110 7.605 8.100 8.595 9.091 9.545 9.809 10.033 10.256 10.480 10.704 10.927 11.151 11.375 11.597 11.821 11.897 11.902 11.908 11.914 11.918 11.924 11.929 11.935 11.940 11.946 11.930 11.897 11.818 11.737 11.661 11.585 11.509 11.434 11.359
0.000 0.000 0.000 0.000 0.000 0.000 0.000 0.000 0.000 0.000 0.000 0.006 0.045 0.135 0.232 0.302 0.398 0.495 0.592 0.688 0.785 0.881 0.978 1.074 1.171 1.268 1.365 1.461 1.834 2.238 2.557 2.825 3.094 3.362 3.631 3.900 4.168 4.437 4.881 5.376 5.871 6.365 6.860 7.355 7.850 8.355 8.860 9.293 9.660 9.987 10.211 10.435 10.658 10.882 11.106 11.329 11.552 11.776 11.834 11.840 11.845 11.851 11.856 11.861 11.866 11.872 11.878 11.883 11.889 11.892 11.817 11.742 11.667 11.591 11.515 11.440 11.365
0.000 0.000 0.000 0.000 0.000 0.000 0.000 0.000 0.000 0.000 0.000 0.021 0.097 0.192 0.251 0.303 0.395 0.491 0.589 0.687 0.785 0.883 0.981 1.079 1.176 1.273 1.370 1.467 1.760 2.070 2.339 2.607 2.876 3.144 3.413 3.681 3.950 4.218 4.631 5.126 5.621 6.116 6.611 7.115 7.619 8.124 8.628 9.041 9.408 9.774 10.141 10.389 10.613 10.837 11.060 11.284 11.508 11.730 11.771 11.777 11.782 11.788 11.794 11.798 11.804 11.809 11.815 11.823 11.846 11.862 11.812 11.748 11.672 11.597 11.521 11.446 11.371
0.000 0.000 0.000 0.000 0.000 0.000 0.000 0.000 0.000 0.000 0.008 0.061 0.153 0.215 0.265 0.316 0.391 0.488 0.585 0.683 0.781 0.879 0.977 1.075 1.173 1.272 1.370 1.468 1.614 1.862 2.120 2.389 2.657 2.926 3.194 3.463 3.732 4.000 4.382 4.877 5.371 5.875 6.380 6.884 7.388 7.893 8.397 8.788 9.156 9.523 9.889 10.256 10.568 10.791 11.015 11.239 11.462 11.685 11.709 11.714 11.720 11.725 11.731 11.735 11.741 11.752 11.776 11.799 11.823 11.832 11.781 11.731 11.678 11.603 11.527 11.452 11.377
0.000 0.000 0.000 0.000 0.000 0.000 0.000 0.000 0.000 0.000 0.031 0.115 0.179 0.228 0.279 0.330 0.387 0.484 0.581 0.679 0.777 0.875 0.973 1.071 1.169 1.267 1.366 1.465 1.564 1.784 2.032 2.280 2.527 2.775 3.023 3.271 3.518 3.782 4.132 4.636 5.140 5.645 6.149 6.653 7.157 7.662 8.166 8.536 8.904 9.271 9.638 10.004 10.372 10.739 10.970 11.193 11.417 11.641 11.646 11.651 11.657 11.662 11.668 11.683 11.705 11.729 11.752 11.776 11.799 11.801 11.751 11.700 11.650 11.599 11.533 11.458 11.382
0.000 0.000 0.000 0.000 0.000 0.000 0.000 0.000 0.000 0.013 0.079 0.143 0.191 0.241 0.292 0.344 0.395 0.480 0.577 0.675 0.773 0.871 0.969 1.067 1.165 1.264 1.362 1.462 1.561 1.706 1.954 2.202 2.450 2.697 2.945 3.193 3.441 3.689 3.993 4.405 4.909 5.414 5.918 6.422 6.927 7.431 7.917 8.284 8.651 9.019 9.386 9.752 10.119 10.487 10.854 11.148 11.372 11.578 11.583 11.589 11.594 11.612 11.636 11.659 11.682 11.705 11.729 11.752 11.776 11.770 11.720 11.669 11.619 11.568 11.517 11.464 11.388
0.000 0.000 0.000 0.000 0.000 0.000 0.000 0.000 0.005 0.047 0.110 0.156 0.204 0.255 0.305 0.357 0.409 0.477 0.574 0.671 0.769 0.867 0.965 1.063 1.161 1.260 1.359 1.459 1.558 1.658 1.876 2.124 2.372 2.620 2.867 3.115 3.363 3.632 3.955 4.278 4.678 5.183 5.687 6.191 6.696 7.200 7.665 8.032 8.399 8.766 9.134 9.501 9.867 10.234 10.602 10.969 11.327 11.516 11.521 11.542 11.565 11.589 11.612 11.636 11.658 11.682 11.705 11.729 11.752 11.740 11.689 11.639 11.588 11.538 11.486 11.436 11.385
0.000 0.000 0.000 0.000 0.000 0.000 0.000 0.000 0.022 0.080 0.122 0.169 0.217 0.268 0.319 0.370 0.423 0.475 0.570 0.667 0.765 0.863 0.961 1.059 1.157 1.257 1.356 1.456 1.555 1.655 1.799 2.047 2.294 2.542 2.790 3.038 3.285 3.595 3.917 4.240 4.562 4.952 5.456 5.960 6.465 6.969 7.413 7.780 8.147 8.514 8.882 9.249 9.616 9.982 10.350 10.717 11.092 11.425 11.496 11.518 11.542 11.565 11.589 11.612 11.635 11.658 11.682 11.705 11.729 11.709 11.659 11.608 11.558 11.507 11.456 11.405 11.355
0.000 0.000 0.000 0.000 0.000 0.000 0.000 0.010 0.052 0.090 0.134 0.181 0.230 0.281 0.332 0.384 0.436 0.488 0.566 0.664 0.761 0.859 0.957 1.055 1.154 1.254 1.354 1.453 1.553 1.652 1.752 1.969 2.217 2.464 2.712 2.960 3.234 3.557 3.879 4.202 4.524 4.847 5.225 5.729 6.234 6.738 7.161 7.529 7.895 8.262 8.629 8.997 9.364 9.730 10.125 10.523 10.920 11.213 11.374 11.495 11.518 11.542 11.565 11.589 11.612 11.635 11.658 11.682 11.705 11.679 11.628 11.577 11.527 11.477 11.425 11.375 11.324
0.000 0.000 0.000 0.000 0.000 0.000 0.000 0.029 0.062 0.101 0.146 0.194 0.243 0.294 0.345 0.397 0.449 0.502 0.562 0.660 0.757 0.855 0.953 1.052 1.151 1.251 1.351 1.450 1.550 1.649 1.749 1.891 2.139 2.387 2.634 2.882 3.196 3.519 3.841 4.164 4.486 4.809 5.131 5.498 6.003 6.507 6.909 7.276 7.643 8.010 8.377 8.762 9.159 9.557 9.953 10.350 10.748 11.001 11.163 11.324 11.484 11.518 11.542 11.565 11.589 11.611 11.635 11.658 11.682 11.649 11.597 11.547 11.496 11.446 11.394 11.344 11.293
0.000 0.000 0.000 0.000 0.000 0.000 0.015 0.040 0.073 0.113 0.158 0.206 0.256 0.307 0.358 0.410 0.463 0.515 0.568 0.656 0.754 0.851 0.950 1.049 1.149 1.248 1.348 1.447 1.547 1.646 1.746 1.845 2.061 2.309 2.557 2.836 3.159 3.481 3.803 4.126 4.448 4.771 5.093 5.416 5.772 6.276 6.657 7.024 7.399 7.795 8.193 8.590 8.987 9.384 9.782 10.178 10.575 10.790 10.951 11.112 11.272 11.434 11.518 11.542 11.565 11.588 11.612 11.635 11.659 11.618 11.567 11.516 11.466 11.415 11.365 11.313 11.263
0.000 0.000 0.000 0.000 0.000 0.002 0.024 0.050 0.084 0.125 0.170 0.218 0.268 0.320 0.371 0.423 0.476 0.529 0.581 0.652 0.750 0.848 0.947 1.046 1.146 1.245 1.345 1.444 1.544 1.643 1.743 1.842 1.984 2.231 2.479 2.798 3.121 3.443 3.765 4.088 4.410 4.733 5.055 5.378 5.700 6.038 6.432 6.829 7.226 7.624 8.020 8.418 8.815 9.212 9.609 10.006 10.403 10.578 10.739 10.900 11.061 11.222 11.383 11.519 11.542 11.566 11.588 11.612 11.635 11.588 11.536 11.486 11.435 11.385 11.334 11.283 11.235
0.000 0.000 0.000 0.000 0.002 0.003 0.026 0.054 0.090 0.134 0.182 0.231 0.281 0.333 0.385 0.437 0.489 0.542 0.595 0.648 0.746 0.845 0.944 1.044 1.143 1.243 1.342 1.441 1.541 1.640 1.740 1.839 1.939 2.154 2.438 2.761 3.083 3.405 3.728 4.050 4.367 4.671 4.975 5.279 5.583 5.905 6.260 6.657 7.054 7.451 7.849 8.245 8.642 9.040 9.437 9.834 10.205 10.366 10.527 10.689 10.850 11.010 11.171 11.333 11.494 11.542 11.565 11.588 11.607 11.557 11.505 11.455 11.404 11.354 11.308 11.264 11.221
0.000 0.000 0.000 0.002 0.003 0.003 0.017 0.041 0.076 0.120 0.169 0.221 0.274 0.328 0.383 0.438 0.494 0.549 0.605 0.661 0.743 0.842 0.942 1.041 1.140 1.240 1.339 1.439 1.538 1.637 1.737 1.837 1.936 2.078 2.401 2.707 3.011 3.315 3.618 3.922 4.226 4.530 4.834 5.138 5.442 5.781 6.135 6.490 6.882 7.279 7.677 8.073 8.470 8.867 9.265 9.662 9.993 10.154 10.316 10.477 10.638 10.798 10.960 11.121 11.282 11.443 11.541 11.565 11.577 11.526 11.475 11.424 11.380 11.337 11.294 11.250 11.207
0.000 0.000 0.002 0.003 0.003 0.004 0.012 0.032 0.064 0.107 0.155 0.207 0.260 0.315 0.370 0.425 0.480 0.536 0.592 0.651 0.716 0.816 0.915 1.015 1.115 1.215 1.314 1.414 1.514 1.614 1.714 1.814 1.913 2.036 2.263 2.567 2.870 3.174 3.478 3.782 4.086 4.389 4.693 4.997 5.302 5.656 6.011 6.366 6.721 7.107 7.504 7.901 8.298 8.695 9.092 9.490 9.782 9.942 10.104 10.265 10.426 10.587 10.748 10.909 11.070 11.231 11.392 11.541 11.546 11.496 11.453 11.409 11.366 11.323 11.280 11.236 11.193
0.001 0.002 0.003 0.003 0.004 0.004 0.007 0.025 0.054 0.094 0.142 0.194 0.247 0.301 0.356 0.411 0.467 0.523 0.579 0.643 0.707 0.788 0.887 0.987 1.087 1.187 1.286 1.386 1.486 1.586 1.686 1.785 1.889 2.029 2.170 2.426 2.730 3.033 3.337 3.641 3.945 4.249 4.553 4.857 5.177 5.532 5.887 6.241 6.596 6.951 7.332 7.729 8.126 8.523 8.920 9.317 9.570 9.731 9.892 10.053 10.214 10.376 10.536 10.697 10.858 11.020 11.180 11.345 11.485 11.482 11.439 11.395 11.352 11.309 11.266 11.222 11.179
0.002 0.003 0.004 0.004 0.004 0.004 0.005 0.020 0.045 0.083 0.130 0.181 0.234 0.288 0.343 0.398 0.454 0.509 0.572 0.636 0.700 0.764 0.859 0.959 1.059 1.158 1.258 1.358 1.458 1.558 1.657 1.757 1.882 2.023 2.164 2.304 2.589 2.893 3.197 3.500 3.804 4.108 4.412 4.716 5.053 5.407 5.762 6.117 6.472 6.826 7.181 7.557 7.954 8.350 8.748 9.145 9.359 9.520 9.680 9.841 10.003 10.164 10.324 10.485 10.647 10.818 10.990 11.160 11.289 11.372 11.425 11.381 11.338 11.295 11.252 11.208 11.164
0.004 0.004 0.004 0.004 0.004 0.004 0.005 0.016 0.038 0.073 0.118 0.168 0.221 0.275 0.330 0.385 0.441 0.500 0.564 0.628 0.692 0.757 0.832 0.931 1.031 1.131 1.230 1.330 1.430 1.529 1.629 1.735 1.875 2.016 2.157 2.298 2.449 2.752 3.056 3.360 3.664 3.967 4.271 4.575 4.928 5.283 5.638 5.993 6.347 6.702 7.057 7.412 7.782 8.179 8.575 8.973 9.147 9.308 9.468 9.630 9.791 9.952 10.119 10.290 10.462 10.633 10.805 10.975 11.094 11.176 11.258 11.339 11.323 11.280 11.237 11.193 11.150
0.004 0.004 0.004 0.004 0.004 0.004 0.004 0.012 0.031 0.063 0.107 0.156 0.209 0.262 0.317 0.372 0.430 0.493 0.557 0.621 0.685 0.749 0.814 0.903 1.003 1.103 1.202 1.302 1.402 1.501 1.601 1.728 1.869 2.010 2.150 2.291 2.432 2.612 2.915 3.219 3.523 3.827 4.131 4.449 4.804 5.159 5.513 5.868 6.223 6.578 6.932 7.287 7.642 8.007 8.404 8.774 8.935 9.096 9.258 9.419 9.591 9.763 9.934 10.105 10.276 10.448 10.620 10.790 10.898 10.980 11.062 11.143 11.226 11.266 11.223 11.179 11.136
0.005 0.004 0.004 0.004 0.003 0.003 0.003 0.005 0.025 0.054 0.096 0.144 0.196 0.250 0.304 0.359 0.422 0.486 0.550 0.614 0.678 0.742 0.806 0.876 0.975 1.075 1.174 1.274 1.373 1.473 1.581 1.722 1.862 2.003 2.144 2.285 2.425 2.566 2.775 3.079 3.382 3.686 3.990 4.325 4.680 5.034 5.389 5.744 6.098 6.453 6.808 7.162 7.517 7.872 8.232 8.562 8.723 8.892 9.064 9.234 9.406 9.578 9.749 9.920 10.091 10.263 10.435 10.605 10.702 10.784 10.866 10.948 11.030 11.112 11.194 11.165 11.122
0.004 0.003 0.003 0.003 0.003 0.002 0.002 0.002 0.019 0.046 0.085 0.132 0.184 0.237 0.291 0.352 0.415 0.479 0.543 0.607 0.671 0.735 0.799 0.863 0.947 1.047 1.146 1.246 1.345 1.445 1.574 1.715 1.856 1.996 2.137 2.278 2.419 2.559 2.700 2.938 3.242 3.546 3.849 4.201 4.555 4.910 5.265 5.619 5.974 6.329 6.683 7.038 7.393 7.747 8.081 8.362 8.535 8.707 8.879 9.050 9.221 9.393 9.564 9.736 9.906 10.078 10.250 10.421 10.506 10.588 10.671 10.752 10.834 10.916 10.998 11.080 11.108
0.003 0.002 0.002 0.002 0.002 0.001 0.001 0.001 0.015 0.039 0.076 0.122 0.172 0.225 0.282 0.345 0.408 0.472 0.536 0.600 0.664 0.728 0.792 0.856 0.920 1.019 1.118 1.218 1.317 1.427 1.568 1.709 1.849 1.990 2.131 2.271 2.412 2.553 2.694 2.834 3.101 3.405 3.722 4.076 4.431 4.786 5.140 5.495 5.850 6.204 6.543 6.870 7.197 7.523 7.850 8.107 8.335 8.522 8.694 8.865 9.036 9.208 9.379 9.551 9.721 9.893 10.065 10.229 10.311 10.393 10.475 10.556 10.638 10.720 10.803 10.884 10.966
0.001 0.001 0.001 0.001 0.001 0.000 0.000 0.001 0.010 0.032 0.066 0.111 0.161 0.214 0.276 0.338 0.401 0.465 0.529 0.592 0.657 0.721 0.784 0.849 0.913 0.991 1.090 1.190 1.289 1.421 1.561 1.702 1.843 1.983 2.124 2.265 2.405 2.546 2.687 2.828 2.969 3.264 3.597 3.952 4.307 4.661 5.005 5.332 5.659 5.985 6.312 6.639 6.966 7.292 7.619 7.852 8.081 8.309 8.509 8.680 8.852 9.023 9.194 9.366 9.536 9.708 9.880 10.034 10.115 10.197 10.279 10.360 10.442 10.525 10.607 10.688 10.770
0.000 0.000 0.000 0.000 0.000 0.001 0.000 0.000 0.003 0.025 0.058 0.101 0.149 0.208 0.269 0.332 0.395 0.458 0.522 0.585 0.650 0.714 0.777 0.841 0.906 0.970 1.062 1.162 1.274 1.414 1.555 1.696 1.836 1.977 2.117 2.258 2.399 2.540 2.680 2.821 2.962 3.124 3.468 3.795 4.121 4.448 4.774 5.101 5.428 5.755 6.081 6.408 6.735 7.061 7.370 7.598 7.826 8.055 8.282 8.495 8.667 8.837 9.009 9.181 9.351 9.523 9.695 9.838 9.919 10.001 10.083 10.166 10.247 10.329 10.411 10.492 10.574
0.000 0.000 0.000 0.000 0.000 0.000 0.000 0.000 0.000 0.019 0.050 0.091 0.144 0.202 0.263 0.325 0.388 0.451 0.515 0.579 0.643 0.706 0.770 0.834 0.898 0.962 1.035 1.134 1.267 1.408 1.548 1.689 1.830 1.970 2.111 2.252 2.389 2.523 2.657 2.792 2.926 3.062 3.237 3.564 3.890 4.217 4.544 4.870 5.197 5.524 5.850 6.177 6.504 6.830 7.115 7.343 7.572 7.800 8.028 8.256 8.482 8.652 8.824 8.996 9.167 9.338 9.510 9.642 9.723 9.805 9.888 9.970 10.051 10.133 10.215 10.296 10.379
0.000 0.000 0.001 0.000 0.000 0.001 0.000 0.000 0.000 0.015 0.044 0.086 0.139 0.197 0.257 0.318 0.381 0.445 0.508 0.572 0.635 0.700 0.763 0.827 0.891 0.955 1.019 1.121 1.261 1.397 1.531 1.666 1.800 1.934 2.068 2.203 2.337 2.471 2.605 2.740 2.874 3.013 3.154 3.333 3.660 3.986 4.313 4.639 4.966 5.293 5.619 5.946 6.273 6.600 6.861 7.089 7.317 7.546 7.774 8.002 8.230 8.459 8.639 8.811 8.982 9.153 9.325 9.446 9.527 9.610 9.692 9.774 9.855 9.937 10.020 10.148 10.295
0.001 0.001 0.001 0.001 0.001 0.000 0.001 0.000 0.002 0.033 0.063 0.079 0.127 0.183 0.242 0.303 0.366 0.429 0.492 0.556 0.620 0.684 0.748 0.811 0.876 0.939 1.004 1.084 1.212 1.346 1.480 1.614 1.748 1.882 2.016 2.151 2.285 2.419 2.554 2.688 2.822 2.964 3.105 3.246 3.429 3.755 4.082 4.409 4.735 5.062 5.389 5.715 6.042 6.369 6.606 6.834 7.063 7.291 7.519 7.747 7.976 8.204 8.432 8.626 8.797 8.968 9.140 9.250 9.333 9.414 9.496 9.578 9.659 9.796 9.943 10.089 10.236
0.001 0.001 0.001 0.001 0.001 0.001 0.001 0.001 0.018 0.051 0.067 0.085 0.115 0.167 0.226 0.286 0.349 0.411 0.475 0.538 0.602 0.666 0.730 0.794 0.857 0.921 0.992 1.076 1.160 1.294 1.428 1.562 1.696 1.830 1.965 2.099 2.233 2.367 2.502 2.636 2.773 2.914 3.056 3.197 3.338 3.525 3.851 4.178 4.504 4.831 5.158 5.484 5.811 6.123 6.352 6.580 6.808 7.036 7.265 7.493 7.721 7.949 8.177 8.406 8.612 8.783 8.954 9.055 9.137 9.218 9.300 9.444 9.590 9.737 9.884 10.030 10.177
0.001 0.002 0.002 0.002 0.002 0.002 0.002 0.002 0.034 0.053 0.071 0.089 0.107 0.153 0.210 0.270 0.332 0.394 0.457 0.521 0.584 0.648 0.712 0.776 0.839 0.903 0.983 1.067 1.151 1.242 1.376 1.510 1.645 1.779 1.913 2.047 2.181 2.316 2.450 2.584 2.724 2.865 3.006 3.148 3.289 3.430 3.620 3.947 4.274 4.600 4.927 5.253 5.580 5.869 6.097 6.325 6.554 6.782 7.010 7.238 7.466 7.695 7.923 8.151 8.379 8.599 8.769 8.859 8.946 9.092 9.239 9.386 9.531 9.678 9.825 9.971 10.118
0.001 0.002 0.002 0.002 0.002 0.002 0.002 0.016 0.037 0.055 0.074 0.093 0.111 0.140 0.195 0.253 0.315 0.377 0.440 0.503 0.567 0.630 0.694 0.758 0.821 0.891 0.974 1.058 1.142 1.226 1.325 1.459 1.593 1.727 1.861 1.996 2.130 2.264 2.398 2.533 2.674 2.816 2.957 3.098 3.240 3.381 3.523 3.716 4.043 4.369 4.696 5.023 5.349 5.615 5.843 6.071 6.299 6.527 6.755 6.984 7.212 7.440 7.669 7.896 8.125 8.353 8.586 8.740 8.887 9.033 9.180 9.327 9.473 9.620 9.767 9.913 10.060
0.001 0.002 0.002 0.002 0.002 0.003 0.011 0.026 0.041 0.058 0.077 0.096 0.115 0.135 0.180 0.238 0.298 0.360 0.422 0.486 0.549 0.612 0.676 0.740 0.803 0.882 0.966 1.050 1.133 1.217 1.301 1.407 1.541 1.675 1.809 1.944 2.078 2.212 2.346 2.484 2.625 2.767 2.908 3.049 3.190 3.332 3.473 3.614 3.812 4.138 4.465 4.792 5.118 5.360 5.588 5.816 6.045 6.273 6.501 6.729 6.957 7.185 7.414 7.649 7.898 8.147 8.392 8.623 8.828 8.974 9.121 9.268 9.414 9.561 9.708 9.854 10.001
