includes/oleron/floodfiles/results/res-0006.wd
ncols         631
nrows         906
xllcorner     364927.146667
yllcorner     6531972.565556
cellsize      20.000000
NODATA_value  -9999.000000
[rows 680 to 713 of 906, columns 462 to 538 of 631]
3.188 3.038 3.168 3.108 3.188 3.348 3.348 3.328 3.308 3.358 3.757 3.418 3.378 3.828 3.399 3.875 3.359 3.922 3.947 3.972 3.987 4.002 4.018 4.033 4.049 4.064 4.080 4.095 4.111 4.127 4.142 4.156 4.159 4.163 4.166 4.181 4.201 4.221 4.241 4.261 4.281 4.301 4.321 4.350 4.383 4.416 4.449 4.482 4.542 4.603 4.665 4.726 4.788 4.849 4.926 5.015 5.103 5.191 5.280 5.474 5.686 5.899 6.111 6.323 6.536 6.748 6.956 7.157 7.357 7.624 7.918 8.197 8.412 8.627 8.842 9.058 9.273
3.087 3.247 3.177 3.158 3.208 3.218 3.298 3.268 3.428 3.743 3.766 3.418 3.813 3.837 3.861 3.885 3.910 3.934 3.959 3.368 4.020 4.036 4.051 4.067 4.082 4.098 4.113 4.129 4.144 4.160 4.175 4.185 4.188 4.192 4.195 4.199 4.216 4.236 4.256 4.276 4.296 4.316 4.338 4.371 4.404 4.437 4.470 4.503 4.543 4.604 4.666 4.727 4.789 4.856 4.944 5.032 5.121 5.209 5.297 5.431 5.644 5.856 6.069 6.281 6.493 6.701 6.902 7.103 7.304 7.568 7.862 8.156 8.431 8.646 8.861 9.077 9.292
3.157 3.357 3.337 3.327 3.257 3.317 3.397 3.337 3.347 3.377 3.337 3.407 3.824 3.357 3.407 3.387 3.922 3.946 3.972 4.005 4.038 4.069 4.084 4.100 4.115 4.131 4.146 4.162 4.177 4.193 4.208 3.410 4.218 4.221 4.225 4.228 4.232 4.250 4.270 4.290 4.310 4.330 4.358 4.391 4.424 4.457 4.490 4.523 4.556 4.605 4.667 4.728 4.790 4.873 4.962 5.050 5.138 5.226 5.315 5.403 5.601 5.814 6.026 6.239 6.447 6.647 6.848 7.049 7.250 7.512 7.805 8.099 8.393 8.665 8.880 9.096 9.311
3.106 3.216 3.256 3.426 3.296 3.356 3.396 3.386 3.738 3.317 3.787 3.407 3.836 3.861 3.885 3.427 3.934 3.387 3.986 4.019 4.052 4.085 4.118 4.133 4.149 4.164 4.180 4.195 4.211 4.226 4.240 3.429 4.247 4.250 4.254 4.257 4.261 4.265 4.285 4.305 4.325 4.346 4.379 4.412 4.445 4.478 4.511 4.544 4.577 4.610 4.668 4.729 4.803 4.891 4.979 5.067 5.156 5.244 5.332 5.421 5.559 5.771 5.984 6.192 6.393 6.594 6.795 6.995 7.196 7.455 7.749 8.043 8.337 8.630 8.900 9.115 9.250
3.206 3.096 3.346 3.356 3.276 3.306 3.426 3.426 3.751 3.775 3.326 3.824 3.426 3.873 3.897 3.336 3.946 3.406 3.999 4.032 4.066 4.099 4.132 4.165 4.182 4.197 4.213 4.228 4.244 4.259 4.269 4.273 4.276 4.280 4.283 4.287 4.290 4.293 4.300 4.320 4.340 4.366 4.399 4.432 4.465 4.498 4.531 4.564 4.597 4.630 4.669 4.732 4.820 4.908 4.997 5.085 5.173 5.262 5.350 5.438 5.526 5.729 5.938 6.139 6.339 6.540 6.741 6.942 7.142 7.399 7.693 7.987 8.280 8.574 8.868 9.080 9.188
3.225 3.395 3.245 3.305 3.355 3.175 3.714 3.738 3.405 3.787 3.375 3.425 3.860 3.885 3.416 3.934 3.958 3.396 4.013 4.046 4.079 4.112 4.145 4.178 4.212 4.231 4.246 4.262 4.277 4.293 4.299 4.302 4.306 4.309 4.312 4.316 4.319 4.323 4.326 4.334 4.354 4.387 4.420 4.453 4.486 4.519 4.552 4.585 4.618 4.651 4.677 4.737 4.827 4.918 5.009 5.100 5.190 5.279 5.368 5.456 5.544 5.683 5.884 6.085 6.286 6.486 6.687 6.888 7.089 7.343 7.636 7.930 8.220 8.493 8.765 8.965 9.095
3.285 3.375 3.325 3.655 3.375 3.702 3.305 3.750 3.775 3.799 3.824 3.848 3.873 3.897 3.375 3.335 3.970 3.405 4.027 4.060 4.093 4.126 4.159 4.192 4.225 4.258 4.279 4.295 4.310 4.325 4.328 4.331 4.335 4.338 4.342 4.345 4.349 4.352 4.355 4.359 4.371 4.396 4.422 4.447 4.473 4.498 4.524 4.549 4.575 4.600 4.626 4.654 4.737 4.827 4.918 5.009 5.100 5.190 5.281 5.372 5.462 5.605 5.807 6.013 6.219 6.425 6.631 6.834 7.035 7.286 7.564 7.837 8.110 8.383 8.656 8.846 8.976
3.404 3.284 3.681 3.384 3.304 3.394 3.739 3.763 3.787 3.811 3.836 3.860 3.384 3.909 3.934 3.384 3.982 4.007 3.425 4.074 4.107 4.140 4.173 4.206 4.239 4.272 4.305 4.328 4.344 4.354 4.357 4.361 4.364 4.368 4.371 4.374 4.368 4.361 4.354 4.348 4.337 4.345 4.370 4.396 4.422 4.447 4.473 4.498 4.524 4.549 4.576 4.603 4.646 4.737 4.827 4.918 5.009 5.099 5.190 5.281 5.404 5.549 5.719 5.925 6.131 6.337 6.543 6.749 6.955 7.188 7.455 7.728 8.001 8.274 8.547 8.727 8.857
3.424 3.344 3.384 3.344 3.364 3.394 3.752 3.776 3.800 3.824 3.848 3.872 3.897 3.921 3.946 3.970 3.995 4.021 4.054 4.087 4.120 4.153 4.187 4.220 4.253 4.286 4.319 4.352 4.377 4.383 4.387 4.384 4.378 4.371 4.364 4.358 4.351 4.345 4.338 4.331 4.319 4.307 4.319 4.345 4.370 4.396 4.421 4.447 4.472 4.498 4.525 4.553 4.580 4.646 4.737 4.827 4.918 5.009 5.099 5.203 5.348 5.493 5.638 5.837 6.043 6.249 6.455 6.661 6.879 7.116 7.352 7.619 7.892 8.164 8.437 8.608 8.738
3.393 3.740 3.393 3.393 3.718 3.742 3.766 3.403 3.813 3.837 3.860 3.885 3.909 3.423 3.958 3.982 4.007 4.035 4.068 4.101 4.134 4.167 4.200 4.233 4.266 4.299 4.332 4.363 4.391 4.381 4.374 4.368 4.361 4.355 4.348 4.341 4.335 4.328 4.322 4.313 4.301 4.289 4.277 4.293 4.319 4.344 4.370 4.395 4.421 4.447 4.475 4.502 4.530 4.557 4.646 4.736 4.827 4.918 5.008 5.147 5.292 5.437 5.582 5.749 5.955 6.161 6.368 6.574 6.807 7.043 7.279 7.516 7.782 8.055 8.328 8.489 8.619
3.372 3.759 3.738 3.717 3.732 3.362 3.402 3.803 3.826 3.850 3.874 3.897 3.382 3.945 3.970 3.994 4.019 4.049 4.082 4.115 4.148 3.423 4.214 4.247 4.278 4.305 4.333 4.360 4.382 4.370 4.358 4.351 4.345 4.338 4.332 4.325 4.318 4.312 4.305 4.295 4.283 4.271 4.259 4.247 4.267 4.293 4.319 4.344 4.370 4.397 4.424 4.452 4.479 4.507 4.555 4.646 4.736 4.827 4.946 5.091 5.236 5.381 5.526 5.670 5.868 6.074 6.280 6.498 6.734 6.970 7.207 7.443 7.680 7.946 8.219 8.370 8.500
3.800 3.778 3.757 3.736 3.745 3.402 3.792 3.816 3.840 3.863 3.887 3.911 3.934 3.958 3.982 4.007 4.031 4.062 4.095 4.128 4.161 4.192 4.220 4.247 4.275 4.302 4.330 4.357 4.373 4.360 4.347 4.335 4.328 4.322 4.315 4.308 4.302 4.295 4.289 4.277 4.265 4.253 4.241 4.229 4.217 4.242 4.267 4.293 4.319 4.347 4.374 4.401 4.429 4.456 4.484 4.555 4.645 4.745 4.890 5.035 5.180 5.324 5.469 5.614 5.780 5.986 6.192 6.425 6.661 6.898 7.134 7.371 7.607 7.844 8.109 8.251 8.396
3.819 3.798 3.776 3.755 3.758 3.782 3.806 3.341 3.341 3.877 3.900 3.924 3.948 3.971 3.995 4.019 4.043 4.076 4.106 4.134 4.162 4.189 4.217 4.244 4.272 4.299 4.327 4.355 4.364 4.351 4.338 4.325 4.312 4.305 4.299 4.292 4.285 4.279 4.271 4.259 4.247 4.235 4.223 4.211 4.199 4.190 4.216 4.241 4.269 4.296 4.324 4.351 4.378 4.406 4.433 4.464 4.554 4.689 4.834 4.978 5.123 5.268 5.413 5.558 5.703 5.898 6.116 6.352 6.589 6.825 7.062 7.298 7.534 7.771 8.031 8.166 8.322
3.838 3.817 3.795 3.774 3.772 3.795 3.819 3.842 3.400 3.890 3.913 3.937 3.961 3.984 4.008 4.032 4.060 4.076 4.103 4.131 4.159 4.186 4.214 4.241 4.269 4.296 4.324 4.352 4.354 4.341 4.329 4.316 4.303 4.290 4.282 4.276 4.269 4.262 4.253 4.241 4.229 4.217 4.205 4.193 4.181 4.169 4.164 4.191 4.218 4.246 4.273 4.300 4.328 4.355 4.383 4.410 4.488 4.632 4.777 4.922 5.067 5.212 5.357 5.502 5.646 5.810 6.043 6.280 6.537 6.800 7.062 7.325 7.588 7.851 8.063 8.148 8.248
3.857 3.836 3.814 3.793 3.785 3.808 3.832 3.856 3.879 3.903 3.927 3.950 3.974 3.998 4.028 4.059 4.087 4.094 4.101 4.128 4.156 4.183 4.211 4.238 4.266 4.293 4.321 4.349 4.345 4.332 4.319 4.306 4.294 4.281 4.268 4.259 4.253 4.246 4.235 4.223 4.211 4.199 4.187 4.175 4.163 4.151 4.142 4.174 4.207 4.240 4.273 4.307 4.340 4.373 4.406 4.441 4.493 4.630 4.772 4.914 5.057 5.199 5.341 5.484 5.626 5.829 6.091 6.354 6.617 6.880 7.142 7.405 7.668 7.930 8.096 8.181 8.266
3.876 3.855 3.834 3.812 3.798 3.822 3.845 3.869 3.893 3.916 3.409 3.964 3.993 4.024 4.055 4.085 4.114 4.121 4.128 4.135 4.153 4.180 4.208 4.235 4.263 4.290 4.318 4.346 4.336 4.323 4.310 4.297 4.284 4.271 4.259 4.246 4.236 4.229 4.217 4.205 4.193 4.181 4.172 4.162 4.153 4.143 4.134 4.190 4.238 4.271 4.304 4.337 4.371 4.404 4.437 4.483 4.536 4.629 4.771 4.914 5.056 5.198 5.341 5.483 5.648 5.910 6.171 6.434 6.697 6.959 7.222 7.485 7.747 8.010 8.129 8.214 8.299
3.895 3.874 3.853 3.831 3.369 3.835 3.859 3.882 3.906 3.930 3.958 3.989 4.020 4.051 4.081 4.112 4.141 4.148 4.155 4.162 4.169 4.177 4.205 4.232 4.260 4.287 4.315 4.339 4.326 4.313 4.301 4.288 4.275 4.262 4.249 4.236 4.223 4.212 4.202 4.193 4.183 4.174 4.164 4.155 4.145 4.136 4.140 4.199 4.257 4.302 4.335 4.368 4.402 4.435 4.473 4.526 4.578 4.631 4.771 4.913 5.056 5.198 5.340 5.483 5.728 5.990 6.252 6.514 6.776 7.039 7.302 7.564 7.827 8.077 8.162 8.247 8.332
3.915 3.893 3.418 3.850 3.829 3.848 3.872 3.895 3.923 3.954 3.985 4.016 4.047 4.077 4.108 4.139 4.168 4.175 4.182 4.189 4.196 4.203 4.210 4.229 4.257 4.284 4.312 4.330 4.317 4.304 4.291 4.278 4.265 4.253 4.239 4.223 4.207 4.198 4.195 4.185 4.176 4.166 4.157 4.147 4.138 4.128 4.149 4.207 4.266 4.324 4.366 4.399 4.432 4.466 4.516 4.568 4.621 4.673 4.771 4.913 5.055 5.197 5.340 5.547 5.809 6.071 6.332 6.594 6.856 7.119 7.381 7.644 7.907 8.110 8.195 8.280 8.364
3.911 3.899 3.886 3.870 3.848 3.861 3.888 3.919 3.950 3.981 4.012 4.043 4.073 4.104 4.135 4.166 4.195 4.202 4.209 4.216 4.223 4.230 4.237 4.244 4.254 4.281 4.309 4.320 4.307 4.295 4.282 4.269 4.253 4.237 4.221 4.205 4.189 4.181 4.179 4.177 4.168 4.159 4.149 4.140 4.130 4.121 4.157 4.216 4.274 4.333 4.391 4.430 4.463 4.505 4.558 4.611 4.663 4.716 4.770 4.912 5.055 5.197 5.366 5.628 5.889 6.151 6.413 6.674 6.936 7.199 7.461 7.724 7.987 8.143 8.227 8.312 8.397
3.907 3.894 3.881 3.869 3.357 3.884 3.915 3.946 3.977 4.008 4.039 4.069 4.100 4.131 4.162 4.193 4.222 4.229 4.236 4.243 4.250 4.257 4.264 4.271 4.278 4.285 4.306 4.311 4.298 4.283 4.267 4.251 4.234 4.218 4.202 4.186 4.170 4.164 4.163 4.161 4.159 4.151 4.142 4.132 4.123 4.113 4.166 4.224 4.283 4.341 4.400 4.458 4.495 4.548 4.601 4.653 4.706 4.758 4.811 4.912 5.054 5.197 5.447 5.708 5.970 6.232 6.493 6.755 7.016 7.278 7.541 7.804 8.066 8.175 8.260 8.345 8.430
3.902 3.386 3.877 3.871 3.875 3.896 3.935 3.973 4.004 4.035 4.065 4.096 4.127 4.158 4.189 4.220 4.249 4.256 4.263 4.270 4.277 4.284 4.291 4.298 4.305 4.312 4.317 4.296 4.280 4.264 4.248 4.232 4.216 4.200 4.184 4.168 4.151 4.148 4.146 4.144 4.142 4.140 4.134 4.125 4.115 4.116 4.174 4.233 4.291 4.350 4.408 4.458 4.510 4.579 4.643 4.696 4.748 4.801 4.853 4.911 5.054 5.266 5.527 5.789 6.051 6.312 6.574 6.835 7.097 7.358 7.621 7.884 8.123 8.208 8.293 8.378 8.463
3.897 3.884 3.884 3.888 3.892 3.907 3.946 3.375 4.024 4.061 4.092 4.123 4.154 4.185 4.216 4.247 4.276 4.283 4.290 4.297 4.304 4.311 4.318 4.325 4.329 4.330 4.331 4.304 4.266 4.246 4.229 4.213 4.197 4.181 4.165 4.149 4.133 4.131 4.129 4.127 4.125 4.124 4.122 4.117 4.108 4.125 4.183 4.241 4.297 4.340 4.383 4.426 4.477 4.546 4.615 4.684 4.753 4.822 4.891 4.948 5.085 5.346 5.608 5.870 6.131 6.393 6.654 6.916 7.177 7.439 7.701 7.963 8.156 8.241 8.326 8.411 8.496
3.892 3.896 3.900 3.904 3.908 3.918 3.415 3.996 4.035 4.074 4.113 4.150 4.181 4.212 4.243 4.273 4.303 4.310 4.317 4.324 4.331 4.338 4.342 4.343 4.344 4.344 4.345 4.317 4.279 4.241 4.211 4.195 4.179 4.162 4.146 4.130 4.116 4.114 4.112 4.111 4.109 4.107 4.105 4.103 4.100 4.133 4.180 4.223 4.266 4.308 4.351 4.394 4.443 4.512 4.581 4.650 4.719 4.788 4.858 4.953 5.138 5.405 5.672 5.940 6.207 6.473 6.735 6.996 7.258 7.520 7.781 8.043 8.189 8.274 8.359 8.445 8.530
3.909 3.913 3.917 3.921 3.925 3.930 3.969 4.007 4.046 4.085 4.124 4.163 4.202 4.238 4.269 4.300 4.330 4.337 4.344 4.351 4.354 4.355 4.356 4.357 4.358 4.358 4.359 4.330 4.292 4.254 4.216 4.178 4.160 4.144 4.128 4.112 4.100 4.098 4.096 4.094 4.092 4.090 4.088 4.086 4.083 4.108 4.148 4.191 4.234 4.277 4.320 4.362 4.409 4.478 4.548 4.617 4.686 4.755 4.866 5.018 5.177 5.444 5.711 5.979 6.246 6.513 6.780 7.048 7.315 7.582 7.849 8.119 8.222 8.308 8.393 8.479 8.564
3.926 3.929 3.933 3.937 3.941 3.945 3.980 4.019 4.058 4.097 4.136 4.175 4.214 4.253 4.292 4.327 4.357 4.363 4.367 4.368 4.369 4.369 4.370 4.371 4.372 4.372 4.373 4.343 4.305 4.267 4.229 4.191 4.153 4.125 4.109 4.093 4.083 4.081 4.079 4.077 4.075 4.072 4.069 4.066 4.062 4.090 4.124 4.159 4.202 4.245 4.288 4.331 4.376 4.445 4.514 4.583 4.652 4.779 4.932 5.084 5.237 5.483 5.750 6.018 6.285 6.552 6.819 7.087 7.354 7.621 7.895 8.221 8.324 8.351 8.427 8.513 8.598
3.942 3.946 3.950 3.954 3.958 3.962 3.991 4.030 4.069 4.108 4.147 4.186 4.225 4.264 4.303 4.342 4.378 4.380 4.381 4.382 4.383 4.383 4.384 4.385 4.386 4.387 4.387 4.356 4.318 4.280 4.242 4.204 4.166 4.128 4.090 4.074 4.066 4.064 4.062 4.058 4.055 4.052 4.048 4.045 4.042 4.073 4.106 4.140 4.174 4.213 4.256 4.299 4.342 4.411 4.480 4.549 4.692 4.845 4.997 5.150 5.302 5.522 5.790 6.057 6.324 6.591 6.858 7.126 7.393 7.672 7.998 8.324 8.462 8.489 8.516 8.547 8.632
3.959 3.412 3.966 3.970 3.974 3.978 4.002 4.041 4.080 4.119 4.158 4.197 4.236 4.275 4.314 4.349 4.384 4.390 4.394 4.396 4.397 4.397 4.398 4.399 4.400 4.401 4.401 4.369 4.331 4.293 4.255 4.217 4.179 4.141 4.103 4.065 4.048 4.045 4.041 4.038 4.035 4.031 4.028 4.025 4.021 4.055 4.089 4.122 4.156 4.190 4.224 4.267 4.310 4.377 4.453 4.606 4.758 4.911 5.063 5.216 5.368 5.561 5.829 6.096 6.363 6.630 6.897 7.165 7.448 7.774 8.100 8.426 8.600 8.627 8.654 8.681 8.707
3.975 3.979 3.983 3.987 3.991 3.995 4.013 4.052 4.091 4.130 4.169 4.208 4.247 4.284 4.319 4.354 4.389 4.397 4.402 4.406 4.411 4.412 4.412 4.413 4.414 4.415 4.415 4.382 4.344 4.306 4.268 4.230 4.192 4.154 4.119 4.085 4.053 4.024 4.021 4.018 4.014 4.011 4.008 4.004 4.004 4.038 4.071 4.105 4.139 4.172 4.206 4.239 4.278 4.366 4.519 4.671 4.824 4.976 5.129 5.281 5.434 5.600 5.868 6.135 6.402 6.669 6.936 7.225 7.551 7.877 8.203 8.528 8.738 8.765 8.792 8.819 8.846
3.992 3.995 3.999 4.003 4.007 4.011 4.025 4.064 4.103 4.142 4.181 4.219 4.254 4.289 4.324 4.359 4.394 4.405 4.409 4.414 4.418 4.423 4.426 4.427 4.428 4.429 4.429 4.395 4.357 4.319 4.281 4.243 4.208 4.174 4.140 4.106 4.074 4.042 4.010 3.997 3.994 3.991 3.987 3.984 3.987 4.020 4.054 4.087 4.121 4.155 4.188 4.222 4.268 4.421 4.584 4.737 4.890 5.042 5.195 5.347 5.499 5.652 5.907 6.174 6.441 6.708 7.002 7.327 7.653 7.979 8.305 8.631 8.876 8.903 8.930 8.957 8.984
4.003 4.010 4.016 4.020 4.024 4.028 4.036 4.075 4.114 4.153 4.189 4.224 4.259 4.294 4.329 4.364 4.399 4.412 4.417 4.421 4.426 4.430 4.435 4.439 4.442 4.443 4.444 4.408 4.370 4.332 4.298 4.264 4.230 4.196 4.162 4.128 4.095 4.063 4.031 3.999 3.973 3.970 3.967 3.963 3.969 4.003 4.036 4.070 4.104 4.138 4.185 4.232 4.279 4.433 4.608 4.782 4.955 5.108 5.260 5.413 5.565 5.718 5.946 6.213 6.480 6.778 7.104 7.430 7.756 8.082 8.407 8.733 9.014 9.041 9.068 9.095 9.122
4.010 4.018 4.026 4.033 4.040 4.044 4.048 4.086 4.124 4.159 4.194 4.229 4.264 4.299 4.334 4.368 4.403 4.419 4.424 4.428 4.433 4.438 4.442 4.447 4.451 4.456 4.458 4.421 4.387 4.353 4.319 4.285 4.251 4.217 4.183 4.149 4.116 4.084 4.052 4.020 3.988 3.956 3.946 3.943 3.952 3.985 4.019 4.054 4.102 4.149 4.196 4.243 4.290 4.445 4.619 4.794 4.968 5.142 5.316 5.478 5.631 5.783 5.985 6.252 6.555 6.881 7.206 7.532 7.858 8.184 8.510 8.836 9.153 9.179 9.206 9.233 9.260
4.018 4.026 4.034 4.041 4.049 4.056 4.064 4.094 4.129 4.164 4.199 4.234 4.269 4.303 4.338 4.373 4.408 4.427 4.431 4.436 4.440 4.445 4.449 4.454 4.459 4.463 4.497 4.444 4.409 4.375 4.340 4.306 4.272 3.408 4.204 4.170 4.138 4.106 4.074 4.042 4.010 3.978 3.946 3.922 3.934 3.971 4.018 4.065 4.113 4.160 4.207 4.254 4.301 4.457 4.631 4.805 4.979 5.154 5.328 5.502 5.676 5.849 6.024 6.331 6.657 6.983 7.309 7.635 7.961 8.286 8.612 8.938 9.264 9.318 9.344 9.371 9.398
4.026 4.034 4.041 4.049 4.057 4.065 4.087 4.111 4.136 4.169 4.204 4.238 4.273 4.308 4.343 4.378 4.413 4.434 4.439 4.443 4.448 4.452 4.457 4.461 4.483 4.520 4.557 4.511 4.451 4.396 4.362 4.328 4.293 4.259 4.225 4.191 4.159 4.127 4.095 4.063 4.031 3.999 3.967 3.930 3.934 3.982 4.029 4.076 4.124 4.171 4.218 4.265 4.312 4.469 4.643 4.817 4.991 5.166 5.340 5.514 5.688 5.862 6.152 6.449 6.760 7.085 7.411 7.737 8.063 8.389 8.715 9.041 9.367 9.456 9.483 9.509 9.536
4.034 4.042 4.049 4.057 4.068 4.090 4.112 4.136 4.161 4.187 4.212 4.243 4.278 4.313 4.348 4.383 4.418 4.441 4.446 4.451 4.455 4.460 4.470 4.507 4.544 4.580 4.617 4.577 4.517 4.458 4.398 4.349 4.315 4.281 4.247 4.213 4.180 4.148 4.116 4.084 4.052 4.013 3.968 3.923 3.941 3.992 4.040 4.087 4.135 4.182 4.229 4.276 4.323 4.481 4.655 4.829 5.003 5.177 5.352 5.526 5.736 6.034 6.332 6.629 6.925 7.222 7.518 7.840 8.166 8.491 8.817 9.143 9.469 9.594 9.621 9.648 9.674
