includes/oleron/floodfiles/results/res-0006.wd
ncols         631
nrows         906
xllcorner     364927.146667
yllcorner     6531972.565556
cellsize      20.000000
NODATA_value  -9999.000000
[rows 136 to 169 of 906, columns 539 to 615 of 631]
11.812 11.739 11.722 11.705 11.688 11.671 11.654 11.637 11.612 11.581 11.550 11.518 11.487 11.456 11.424 11.393 11.362 11.330 11.294 11.287 11.322 11.359 11.395 11.432 11.468 11.505 11.541 11.578 11.614 11.651 11.715 11.970 12.224 12.478 12.733 12.987 13.241 13.510 13.782 14.055 14.327 14.607 14.908 15.208 15.509 15.810 16.111 16.411 16.712 17.012 17.203 17.118 17.058 16.998 16.938 16.878 16.818 16.758 16.698 16.621 16.389 16.156 15.924 15.692 15.459 15.227 14.995 14.712 14.439 14.273 14.108 13.943 13.765 13.585 13.405 13.225 13.045
11.747 11.731 11.714 11.697 11.680 11.663 11.646 11.629 11.606 11.575 11.544 11.512 11.481 11.450 11.418 11.387 11.356 11.313 11.267 11.255 11.260 11.265 11.297 11.334 11.370 11.407 11.443 11.480 11.516 11.553 11.589 11.823 12.078 12.332 12.586 12.841 13.108 13.379 13.652 13.924 14.196 14.468 14.769 15.070 15.371 15.672 15.973 16.274 16.574 16.875 17.131 17.113 17.053 16.993 16.933 16.873 16.813 16.753 16.693 16.617 16.384 16.152 15.920 15.687 15.455 15.223 14.990 14.758 14.528 14.350 14.170 13.990 13.810 13.630 13.450 13.271 13.091
11.736 11.723 11.706 11.689 11.672 11.655 11.638 11.621 11.600 11.569 11.538 11.507 11.475 11.444 11.413 11.377 11.331 11.285 11.239 11.224 11.229 11.234 11.239 11.244 11.272 11.308 11.345 11.381 11.418 11.454 11.491 11.677 11.931 12.185 12.440 12.705 12.977 13.248 13.521 13.793 14.065 14.337 14.630 14.931 15.232 15.533 15.834 16.135 16.445 16.765 17.029 17.026 17.023 16.987 16.927 16.867 16.807 16.747 16.687 16.612 16.380 16.147 15.915 15.683 15.450 15.218 14.986 14.753 14.542 14.395 14.215 14.036 13.856 13.676 13.496 13.316 13.136
11.719 11.707 11.695 11.681 11.664 11.647 11.630 11.613 11.595 11.563 11.532 11.501 11.469 11.438 11.395 11.349 11.303 11.257 11.211 11.192 11.197 11.202 11.207 11.213 11.218 11.223 11.246 11.283 11.319 11.356 11.392 11.530 11.785 12.039 12.302 12.574 12.846 13.118 13.390 13.662 13.934 14.206 14.491 14.792 15.093 15.394 15.695 16.014 16.334 16.654 16.928 16.925 16.922 16.919 16.916 16.861 16.801 16.741 16.681 16.608 16.375 16.143 15.911 15.678 15.446 15.213 14.980 14.748 14.536 14.396 14.256 14.081 13.901 13.721 13.541 13.361 13.176
11.701 11.690 11.678 11.666 11.654 11.639 11.622 11.605 11.588 11.557 11.526 11.495 11.459 11.413 11.367 11.321 11.275 11.229 11.183 11.161 11.166 11.171 11.176 11.181 11.186 11.191 11.196 11.201 11.221 11.258 11.294 11.384 11.638 11.899 12.171 12.443 12.715 12.987 13.260 13.531 13.803 14.075 14.352 14.653 14.954 15.263 15.583 15.903 16.223 16.542 16.827 16.824 16.821 16.818 16.814 16.811 16.795 16.735 16.675 16.603 16.371 16.138 15.906 15.673 15.441 15.208 14.975 14.742 14.530 14.390 14.250 14.110 13.946 13.766 13.586 13.406 13.216
11.684 11.672 11.660 11.649 11.637 11.625 11.614 11.597 11.580 11.551 11.520 11.477 11.431 11.385 11.339 11.293 11.247 11.201 11.156 11.130 11.135 11.140 11.145 11.150 11.155 11.160 11.165 11.170 11.175 11.180 11.196 11.237 11.496 11.768 12.040 12.312 12.584 12.857 13.129 13.401 13.672 13.944 14.217 14.515 14.832 15.152 15.472 15.791 16.111 16.431 16.725 16.722 16.719 16.716 16.713 16.710 16.707 16.704 16.670 16.598 16.366 16.134 15.901 15.668 15.435 15.202 14.970 14.737 14.524 14.384 14.244 14.104 13.964 13.811 13.631 13.451 13.255
11.666 11.655 11.643 11.631 11.620 11.608 11.596 11.584 11.572 11.541 11.495 11.449 11.403 11.357 11.311 11.266 11.220 11.174 11.128 11.098 11.103 11.108 11.113 11.118 11.123 11.128 11.134 11.139 11.144 11.149 11.154 11.174 11.369 11.641 11.913 12.185 12.457 12.730 13.002 13.274 13.546 13.818 14.090 14.401 14.721 15.041 15.360 15.680 16.000 16.320 16.623 16.620 16.618 16.615 16.612 16.609 16.606 16.602 16.599 16.584 16.361 16.128 15.895 15.663 15.430 15.197 14.964 14.732 14.518 14.378 14.238 14.098 13.958 13.818 13.676 13.493 13.295
11.649 11.637 11.626 11.614 11.602 11.590 11.579 11.562 11.532 11.502 11.467 11.421 11.375 11.330 11.284 11.238 11.192 11.146 11.100 11.067 11.072 11.077 11.082 11.087 11.092 11.097 11.102 11.107 11.112 11.125 11.166 11.207 11.320 11.521 11.793 12.065 12.337 12.609 12.882 13.154 13.426 13.698 13.970 14.290 14.609 14.929 15.249 15.569 15.889 16.209 16.522 16.519 16.516 16.513 16.510 16.507 16.504 16.501 16.476 16.446 16.294 16.123 15.890 15.657 15.425 15.192 14.959 14.726 14.513 14.373 14.232 14.092 13.952 13.812 13.672 13.513 13.316
11.632 11.620 11.608 11.596 11.585 11.567 11.536 11.505 11.475 11.445 11.416 11.386 11.348 11.302 11.256 11.210 11.164 11.118 11.072 11.035 11.040 11.045 11.051 11.056 11.061 11.066 11.071 11.077 11.117 11.158 11.199 11.246 11.359 11.473 11.673 11.945 12.217 12.489 12.761 13.034 13.306 13.578 13.859 14.178 14.498 14.818 15.138 15.458 15.777 16.097 16.417 16.417 16.414 16.411 16.408 16.406 16.385 16.360 16.335 16.309 16.156 16.004 15.852 15.652 15.419 15.186 14.954 14.721 14.507 14.367 14.227 14.086 13.946 13.802 13.653 13.503 13.312
11.614 11.602 11.591 11.571 11.541 11.510 11.479 11.449 11.418 11.388 11.359 11.329 11.300 11.271 11.228 11.182 11.136 11.090 11.045 11.004 11.009 11.014 11.019 11.024 11.029 11.034 11.069 11.109 11.150 11.190 11.231 11.285 11.399 11.512 11.626 11.825 12.097 12.369 12.641 12.913 13.186 13.458 13.748 14.068 14.388 14.707 15.026 15.346 15.666 15.986 16.306 16.315 16.312 16.310 16.294 16.269 16.244 16.219 16.194 16.169 16.019 15.866 15.714 15.562 15.410 15.181 14.948 14.715 14.501 14.361 14.221 14.081 13.933 13.784 13.635 13.486 13.307
11.597 11.576 11.545 11.515 11.484 11.453 11.423 11.392 11.361 11.331 11.302 11.273 11.243 11.214 11.184 11.155 11.109 11.063 11.017 10.973 10.978 10.983 10.988 10.993 11.020 11.060 11.101 11.142 11.182 11.223 11.263 11.324 11.438 11.551 11.665 11.778 11.977 12.249 12.521 12.793 13.065 13.338 13.637 13.957 14.276 14.596 14.915 15.235 15.555 15.875 16.195 16.214 16.203 16.178 16.153 16.128 16.103 16.078 16.053 16.028 15.881 15.729 15.577 15.424 15.272 15.120 14.943 14.710 14.495 14.355 14.212 14.063 13.914 13.765 13.616 13.468 13.303
11.550 11.519 11.488 11.458 11.427 11.396 11.366 11.335 11.304 11.275 11.245 11.216 11.186 11.157 11.128 11.098 11.069 11.035 10.989 10.943 10.946 10.951 10.971 11.012 11.052 11.093 11.134 11.174 11.215 11.255 11.296 11.364 11.477 11.591 11.704 11.818 11.931 12.129 12.401 12.673 12.945 13.217 13.525 13.845 14.165 14.485 14.805 15.125 15.444 15.763 16.083 16.087 16.062 16.037 16.012 15.987 15.962 15.937 15.913 15.888 15.743 15.591 15.439 15.287 15.134 14.982 14.830 14.678 14.489 14.343 14.194 14.045 13.896 13.747 13.598 13.449 13.299
11.493 11.462 11.432 11.401 11.370 11.340 11.309 11.278 11.248 11.218 11.189 11.159 11.130 11.100 11.071 11.041 11.012 10.983 10.953 10.915 10.922 10.963 11.004 11.044 11.085 11.125 11.166 11.207 11.247 11.288 11.328 11.403 11.517 11.630 11.744 11.857 11.971 12.084 12.281 12.553 12.825 13.097 13.414 13.734 14.054 14.374 14.694 15.013 15.333 15.652 15.972 15.957 15.921 15.896 15.872 15.847 15.822 15.797 15.772 15.747 15.605 15.453 15.301 15.149 14.997 14.844 14.692 14.562 14.471 14.324 14.175 14.026 13.877 13.729 13.580 13.431 13.282
11.424 11.406 11.375 11.344 11.314 11.283 11.252 11.222 11.191 11.161 11.132 11.102 11.073 11.044 11.014 10.985 10.955 10.926 10.899 10.910 10.954 10.995 11.036 11.077 11.117 11.158 11.198 11.239 11.280 11.320 11.361 11.442 11.556 11.669 11.783 11.896 12.010 12.123 12.237 12.433 12.705 12.983 13.303 13.623 13.943 14.262 14.582 14.902 15.222 15.542 15.862 15.836 15.798 15.761 15.731 15.706 15.681 15.656 15.631 15.606 15.467 15.315 15.163 15.011 14.859 14.707 14.618 14.534 14.449 14.302 14.154 14.007 13.859 13.710 13.561 13.412 13.263
11.340 11.328 11.316 11.287 11.257 11.226 11.195 11.165 11.134 11.104 11.075 11.046 11.016 10.987 10.957 10.928 10.899 10.906 10.917 10.928 10.973 11.023 11.068 11.109 11.150 11.190 11.231 11.271 11.312 11.353 11.393 11.482 11.595 11.709 11.822 11.936 12.049 12.163 12.276 12.390 12.585 12.872 13.191 13.511 13.831 14.151 14.471 14.791 15.111 15.431 15.750 15.715 15.677 15.640 15.602 15.565 15.540 15.515 15.490 15.465 15.329 15.177 15.025 14.873 14.758 14.674 14.590 14.505 14.421 14.280 14.132 13.985 13.837 13.690 13.543 13.394 13.245
11.256 11.244 11.232 11.220 11.200 11.169 11.139 11.108 11.077 11.048 11.018 10.989 10.959 10.930 10.901 10.903 10.914 10.925 10.936 10.947 10.993 11.042 11.091 11.141 11.182 11.223 11.263 11.304 11.345 11.385 11.426 11.521 11.635 11.748 11.862 11.975 12.089 12.202 12.316 12.429 12.543 12.761 13.080 13.400 13.720 14.040 14.360 14.679 14.999 15.319 15.632 15.594 15.557 15.519 15.481 15.444 15.406 15.374 15.349 15.324 15.191 15.039 14.898 14.814 14.730 14.645 14.561 14.477 14.392 14.258 14.110 13.963 13.816 13.668 13.521 13.373 13.226
11.172 11.160 11.148 11.136 11.124 11.112 11.082 11.051 11.021 10.991 10.961 10.932 10.903 10.900 10.911 10.922 10.933 10.944 10.955 10.966 11.012 11.062 11.111 11.160 11.209 11.255 11.296 11.336 11.377 11.418 11.458 11.560 11.674 11.787 11.901 12.014 12.128 12.241 12.355 12.446 12.534 12.712 12.969 13.289 13.609 13.928 14.248 14.568 14.888 15.208 15.510 15.473 15.436 15.398 15.361 15.322 15.285 15.248 15.210 15.183 15.053 14.953 14.869 14.785 14.701 14.617 14.533 14.449 14.365 14.236 14.088 13.941 13.794 13.646 13.499 13.351 13.204
11.087 11.075 11.064 11.052 11.040 11.028 11.016 10.995 10.964 10.934 10.905 10.897 10.908 10.919 10.930 10.941 10.952 10.963 10.974 10.985 11.032 11.081 11.130 11.179 11.229 11.278 11.327 11.369 11.409 11.450 11.491 11.600 11.713 11.827 11.940 12.054 12.160 12.248 12.337 12.425 12.513 12.700 12.948 13.196 13.497 13.817 14.137 14.457 14.777 15.097 15.389 15.352 15.314 15.277 15.240 15.202 15.164 15.126 15.089 15.053 15.009 14.925 14.840 14.756 14.672 14.588 14.504 14.420 14.336 14.215 14.066 13.919 13.772 13.624 13.477 13.329 13.197
11.003 10.991 10.979 10.967 10.955 10.944 10.932 10.920 10.907 10.893 10.904 10.915 10.926 10.937 10.948 10.959 10.970 10.981 10.992 11.003 11.051 11.100 11.150 11.199 11.248 11.297 11.347 11.396 11.442 11.483 11.526 11.639 11.753 11.866 11.963 12.051 12.139 12.227 12.316 12.404 12.492 12.688 12.936 13.184 13.432 13.706 14.026 14.346 14.665 14.985 15.268 15.230 15.193 15.156 15.118 15.081 15.044 15.007 14.971 14.937 14.903 14.869 14.812 14.728 14.644 14.560 14.475 14.391 14.307 14.193 14.045 13.897 13.750 13.602 13.455 13.327 13.201
10.919 10.907 10.895 10.883 10.871 10.859 10.847 10.845 10.855 10.894 10.923 10.934 10.945 10.956 10.967 10.978 10.989 11.000 11.011 11.022 11.071 11.120 11.169 11.218 11.268 11.317 11.366 11.415 11.465 11.514 11.565 11.677 11.765 11.853 11.941 12.030 12.118 12.206 12.294 12.383 12.471 12.676 12.924 13.172 13.420 13.668 13.916 14.234 14.554 14.874 15.146 15.109 15.072 15.034 14.997 14.960 14.925 14.891 14.856 14.820 14.786 14.752 14.718 14.685 14.615 14.531 14.447 14.363 14.279 14.171 14.023 13.876 13.728 13.583 13.457 13.331 13.205
10.835 10.823 10.811 10.799 10.787 10.786 10.797 10.807 10.817 10.857 10.904 10.951 10.964 10.975 10.986 10.997 11.008 11.019 11.030 11.041 11.090 11.139 11.188 11.238 11.287 11.336 11.386 11.435 11.484 11.534 11.586 11.655 11.744 11.832 11.920 12.008 12.097 12.185 12.273 12.361 12.450 12.664 12.912 13.160 13.408 13.656 13.903 14.152 14.443 14.763 15.025 14.988 14.950 14.913 14.878 14.844 14.809 14.774 14.739 14.705 14.670 14.636 14.602 14.568 14.534 14.501 14.418 14.334 14.250 14.149 14.002 13.854 13.713 13.587 13.461 13.335 13.209
10.750 10.739 10.727 10.728 10.738 10.748 10.758 10.769 10.779 10.819 10.866 10.913 10.960 10.994 11.005 11.016 11.027 11.038 11.049 11.060 11.109 11.159 11.208 11.257 11.306 11.356 11.405 11.455 11.506 11.558 11.610 11.666 11.722 11.811 11.899 11.987 12.075 12.164 12.252 12.340 12.428 12.652 12.900 13.148 13.396 13.644 13.892 14.140 14.388 14.651 14.904 14.866 14.831 14.797 14.762 14.727 14.692 14.658 14.623 14.588 14.554 14.519 14.486 14.452 14.418 14.384 14.350 14.305 14.221 14.127 13.980 13.843 13.717 13.590 13.464 13.338 13.212
10.666 10.669 10.679 10.690 10.700 10.710 10.720 10.731 10.741 10.782 10.829 10.876 10.923 10.970 11.017 11.035 11.046 11.057 11.068 11.080 11.129 11.178 11.227 11.277 11.326 11.375 11.427 11.478 11.530 11.581 11.634 11.689 11.745 11.801 11.878 11.966 12.054 12.142 12.231 12.319 12.407 12.639 12.887 13.136 13.384 13.632 13.880 14.128 14.376 14.624 14.785 14.750 14.715 14.680 14.645 14.611 14.576 14.541 14.506 14.472 14.438 14.404 14.369 14.335 14.301 14.268 14.234 14.200 14.166 14.105 13.973 13.847 13.721 13.595 13.468 13.342 13.216
10.621 10.631 10.641 10.651 10.662 10.672 10.682 10.692 10.703 10.745 10.792 10.839 10.886 10.933 10.980 11.027 11.064 11.075 11.086 11.099 11.148 11.198 11.247 11.296 11.348 11.399 11.451 11.502 11.554 11.605 11.658 11.713 11.769 11.824 11.880 11.945 12.033 12.121 12.209 12.298 12.386 12.627 12.875 13.123 13.372 13.620 13.868 14.116 14.326 14.524 14.670 14.634 14.598 14.564 14.529 14.494 14.459 14.425 14.390 14.355 14.321 14.287 14.254 14.219 14.185 14.151 14.117 14.084 14.065 14.081 13.970 13.851 13.725 13.599 13.472 13.346 13.220
10.583 10.593 10.603 10.613 10.624 10.634 10.644 10.654 10.665 10.707 10.754 10.801 10.848 10.896 10.943 10.990 11.037 11.084 11.105 11.118 11.168 11.217 11.268 11.320 11.371 11.423 11.474 11.526 11.577 11.629 11.682 11.737 11.793 11.848 11.904 11.960 12.015 12.100 12.188 12.276 12.367 12.615 12.863 13.111 13.359 13.608 13.817 14.016 14.214 14.412 14.556 14.520 14.483 14.448 14.413 14.378 14.343 14.308 14.274 14.239 14.205 14.171 14.137 14.103 14.070 14.035 14.001 14.018 14.035 14.053 13.944 13.833 13.722 13.603 13.477 13.349 13.223
10.544 10.555 10.565 10.575 10.585 10.596 10.606 10.616 10.626 10.670 10.717 10.764 10.811 10.858 10.905 10.952 10.999 11.046 11.093 11.138 11.189 11.241 11.292 11.344 11.395 11.447 11.498 11.550 11.601 11.653 11.706 11.761 11.817 11.872 11.928 11.984 12.039 12.095 12.167 12.255 12.355 12.603 12.851 13.099 13.309 13.507 13.705 13.903 14.101 14.299 14.441 14.405 14.370 14.333 14.297 14.261 14.227 14.192 14.157 14.122 14.088 14.054 14.021 13.987 13.953 13.953 13.971 13.988 14.006 14.024 13.918 13.807 13.696 13.584 13.473 13.353 13.227
10.535 10.517 10.527 10.537 10.547 10.558 10.568 10.578 10.588 10.633 10.680 10.727 10.774 10.821 10.868 10.915 10.962 11.009 11.075 11.142 11.208 11.264 11.316 11.367 11.419 11.470 11.522 11.573 11.625 11.676 11.729 11.785 11.841 11.896 11.952 12.007 12.063 12.119 12.174 12.234 12.343 12.591 12.800 12.998 13.196 13.394 13.592 13.791 13.989 14.187 14.326 14.291 14.255 14.219 14.182 14.146 14.111 14.075 14.041 14.006 13.972 13.938 13.904 13.889 13.907 13.924 13.941 13.959 13.977 13.994 13.892 13.781 13.670 13.558 13.447 13.336 13.224
10.554 10.527 10.499 10.499 10.509 10.519 10.530 10.540 10.550 10.595 10.642 10.689 10.736 10.784 10.831 10.878 10.941 11.009 11.076 11.144 11.210 11.276 11.340 11.391 11.443 11.494 11.546 11.597 11.649 11.700 11.753 11.809 11.864 11.920 11.976 12.031 12.087 12.142 12.198 12.254 12.318 12.490 12.688 12.886 13.084 13.282 13.480 13.678 13.876 14.074 14.211 14.176 14.140 14.104 14.068 14.033 13.996 13.960 13.924 13.890 13.855 13.824 13.842 13.860 13.877 13.895 13.913 13.929 13.947 13.965 13.866 13.755 13.643 13.532 13.421 13.310 13.198
10.574 10.546 10.518 10.491 10.471 10.481 10.491 10.502 10.512 10.558 10.605 10.652 10.699 10.746 10.808 10.876 10.943 11.011 11.078 11.146 11.212 11.277 11.343 11.409 11.466 11.518 11.569 11.621 11.672 11.724 11.777 11.833 11.888 11.944 12.000 12.055 12.111 12.166 12.221 12.274 12.339 12.448 12.575 12.774 12.972 13.169 13.367 13.566 13.764 13.962 14.097 14.061 14.025 13.989 13.954 13.918 13.882 13.845 13.809 13.774 13.777 13.795 13.812 13.830 13.848 13.865 13.883 13.901 13.918 13.935 13.840 13.729 13.617 13.506 13.395 13.284 13.173
10.594 10.566 10.538 10.510 10.482 10.455 10.453 10.463 10.474 10.521 10.568 10.615 10.675 10.743 10.810 10.878 10.945 11.013 11.080 11.148 11.214 11.279 11.345 11.411 11.477 11.542 11.593 11.645 11.696 11.748 11.801 11.857 11.912 11.968 12.024 12.079 12.133 12.187 12.241 12.295 12.360 12.469 12.578 12.687 12.859 13.057 13.255 13.453 13.651 13.849 13.982 13.946 13.910 13.875 13.839 13.803 13.767 13.731 13.743 13.792 13.797 13.770 13.783 13.801 13.818 13.836 13.854 13.871 13.889 13.906 13.814 13.703 13.591 13.480 13.369 13.258 13.146
10.613 10.585 10.558 10.530 10.502 10.474 10.446 10.425 10.436 10.483 10.542 10.610 10.677 10.745 10.812 10.880 10.947 11.015 11.082 11.149 11.215 11.281 11.347 11.413 11.479 11.545 11.611 11.668 11.720 11.771 11.825 11.881 11.936 11.992 12.046 12.100 12.154 12.207 12.261 12.315 12.381 12.490 12.599 12.708 12.817 12.945 13.143 13.341 13.539 13.737 13.867 13.831 13.795 13.760 13.724 13.688 13.685 13.735 13.784 13.833 13.837 13.810 13.784 13.771 13.789 13.807 13.824 13.842 13.860 13.877 13.788 13.677 13.565 13.454 13.343 13.232 13.120
10.633 10.605 10.577 10.549 10.522 10.494 10.466 10.438 10.410 10.477 10.544 10.612 10.679 10.747 10.814 10.882 10.949 11.017 11.084 11.151 11.217 11.283 11.349 11.415 11.481 11.547 11.613 11.679 11.744 11.795 11.849 11.904 11.959 12.013 12.067 12.120 12.174 12.228 12.282 12.335 12.403 12.511 12.620 12.729 12.838 12.947 13.056 13.229 13.426 13.624 13.752 13.716 13.681 13.645 13.627 13.676 13.726 13.775 13.824 13.874 13.878 13.850 13.824 13.797 13.771 13.777 13.795 13.813 13.830 13.848 13.763 13.651 13.539 13.428 13.317 13.206 13.117
10.652 10.624 10.597 10.569 10.541 10.513 10.482 10.447 10.416 10.481 10.546 10.614 10.681 10.749 10.816 10.884 10.951 11.019 11.086 11.153 11.219 11.285 11.351 11.417 11.483 11.549 11.615 11.681 11.747 11.813 11.872 11.925 11.979 12.033 12.087 12.141 12.194 12.248 12.302 12.356 12.424 12.533 12.642 12.751 12.859 12.968 13.077 13.187 13.315 13.512 13.637 13.602 13.568 13.617 13.667 13.716 13.766 13.815 13.865 13.914 13.918 13.891 13.864 13.837 13.811 13.785 13.765 13.783 13.801 13.819 13.737 13.625 13.513 13.402 13.310 13.234 13.158
10.672 10.644 10.616 10.588 10.558 10.523 10.488 10.452 10.422 10.487 10.552 10.617 10.683 10.751 10.818 10.886 10.953 11.021 11.088 11.155 11.221 11.287 11.353 11.419 11.485 11.551 11.617 11.683 11.749 11.817 11.883 11.946 12.000 12.053 12.107 12.161 12.215 12.268 12.322 12.376 12.445 12.554 12.663 12.772 12.881 12.990 13.099 13.208 13.317 13.426 13.524 13.559 13.608 13.658 13.707 13.756 13.806 13.855 13.905 13.954 13.958 13.931 13.905 13.877 13.851 13.825 13.798 13.772 13.771 13.789 13.711 13.599 13.503 13.427 13.350 13.274 13.198
