includes/oleron/floodfiles/results/res-0003.wd
ncols         631
nrows         906
xllcorner     364927.146667
yllcorner     6531972.565556
cellsize      20.000000
NODATA_value  -9999.000000
[rows 612 to 645 of 906, columns 154 to 230 of 631]
9.603 9.571 9.538 9.506 9.474 9.442 9.410 9.377 9.345 9.313 9.281 9.249 9.217 9.184 9.152 9.120 9.088 9.049 8.971 8.893 8.816 8.738 8.660 8.582 8.504 8.426 8.348 8.270 8.193 8.115 8.037 7.959 7.881 7.804 7.722 7.633 7.545 7.457 7.369 7.280 7.192 7.104 7.016 6.927 6.839 6.751 6.663 6.574 6.486 6.398 6.310 6.221 6.133 6.045 5.957 5.868 5.780 5.692 5.598 5.421 5.244 5.068 4.891 4.714 4.537 4.360 4.184 4.007 3.830 3.653 3.476 3.300 3.123 2.946 2.769 2.592 2.416
9.625 9.592 9.560 9.528 9.496 9.464 9.431 9.399 9.367 9.335 9.303 9.270 9.238 9.206 9.174 9.142 9.109 9.077 9.010 8.932 8.854 8.776 8.698 8.620 8.543 8.465 8.387 8.309 8.231 8.153 8.075 7.998 7.920 7.839 7.751 7.663 7.575 7.486 7.398 7.310 7.222 7.133 7.045 6.957 6.869 6.780 6.692 6.604 6.515 6.427 6.339 6.251 6.162 6.074 5.986 5.898 5.810 5.721 5.633 5.469 5.293 5.116 4.939 4.762 4.585 4.409 4.232 4.055 3.878 3.701 3.525 3.348 3.171 2.994 2.817 2.641 2.464
9.646 9.614 9.582 9.550 9.518 9.485 9.453 9.421 9.389 9.357 9.324 9.292 9.260 9.228 9.196 9.163 9.131 9.099 9.048 8.970 8.892 8.815 8.737 8.659 8.581 8.503 8.425 8.348 8.270 8.192 8.114 8.036 7.957 7.869 7.780 7.692 7.604 7.516 7.427 7.339 7.251 7.163 7.074 6.986 6.898 6.810 6.721 6.633 6.545 6.457 6.368 6.280 6.192 6.104 6.015 5.927 5.839 5.751 5.662 5.517 5.341 5.164 4.987 4.810 4.634 4.457 4.280 4.103 3.926 3.750 3.573 3.396 3.219 3.042 2.866 2.689 2.512
9.668 9.636 9.604 9.572 9.539 9.507 9.475 9.443 9.410 9.378 9.346 9.314 9.282 9.250 9.217 9.185 9.153 9.121 9.087 9.009 8.931 8.853 8.775 8.697 8.620 8.542 8.464 8.386 8.308 8.230 8.153 8.075 7.986 7.898 7.810 7.721 7.633 7.545 7.457 7.369 7.280 7.192 7.104 7.015 6.927 6.839 6.751 6.662 6.574 6.486 6.398 6.309 6.221 6.133 6.045 5.956 5.868 5.780 5.692 5.566 5.389 5.212 5.035 4.859 4.682 4.505 4.328 4.151 3.975 3.798 3.621 3.444 3.267 3.091 2.914 2.737 2.560
9.690 9.658 9.625 9.593 9.561 9.529 9.497 9.464 9.432 9.400 9.368 9.336 9.303 9.271 9.239 9.207 9.175 9.143 9.110 9.047 8.969 8.892 8.814 8.736 8.658 8.580 8.503 8.425 8.347 8.269 8.191 8.104 8.016 7.927 7.839 7.751 7.663 7.574 7.486 7.398 7.310 7.221 7.133 7.045 6.957 6.868 6.780 6.692 6.604 6.515 6.427 6.339 6.251 6.162 6.074 5.986 5.898 5.809 5.721 5.614 5.437 5.260 5.084 4.907 4.730 4.553 4.376 4.200 4.023 3.846 3.669 3.492 3.316 3.139 2.962 2.785 2.608
9.711 9.679 9.647 9.615 9.583 9.551 9.518 9.486 9.454 9.422 9.390 9.357 9.325 9.293 9.261 9.229 9.196 9.164 9.132 9.086 9.008 8.930 8.852 8.774 8.697 8.619 8.541 8.463 8.385 8.308 8.221 8.133 8.045 7.957 7.869 7.780 7.692 7.604 7.515 7.427 7.339 7.251 7.162 7.074 6.986 6.898 6.809 6.721 6.633 6.545 6.456 6.368 6.280 6.192 6.103 6.015 5.927 5.839 5.750 5.662 5.485 5.309 5.132 4.955 4.778 4.601 4.425 4.248 4.071 3.894 3.717 3.541 3.364 3.187 3.010 2.833 2.657
9.733 9.701 9.669 9.637 9.604 9.572 9.540 9.508 9.476 9.444 9.411 9.379 9.347 9.315 9.283 9.250 9.218 9.186 9.154 9.122 9.047 8.969 8.891 8.813 8.735 8.657 8.580 8.502 8.424 8.339 8.251 8.163 8.074 7.986 7.898 7.810 7.721 7.633 7.545 7.457 7.368 7.280 7.192 7.104 7.015 6.927 6.839 6.750 6.662 6.574 6.486 6.398 6.309 6.221 6.133 6.045 5.956 5.868 5.780 5.691 5.534 5.357 5.180 5.003 4.826 4.650 4.473 4.296 4.119 3.942 3.766 3.589 3.412 3.235 3.058 2.882 2.705
9.755 9.723 9.691 9.658 9.626 9.594 9.562 9.530 9.497 9.465 9.433 9.401 9.369 9.336 9.304 9.272 9.240 9.208 9.176 9.143 9.085 9.007 8.929 8.852 8.774 8.696 8.618 8.540 8.457 8.368 8.280 8.192 8.104 8.015 7.927 7.839 7.751 7.662 7.574 7.486 7.398 7.309 7.221 7.133 7.045 6.956 6.868 6.780 6.692 6.603 6.515 6.427 6.339 6.250 6.162 6.074 5.986 5.897 5.809 5.721 5.582 5.405 5.228 5.051 4.875 4.698 4.521 4.344 4.167 3.991 3.814 3.637 3.460 3.283 3.107 2.930 2.753
9.777 9.744 9.712 9.680 9.648 9.616 9.584 9.551 9.519 9.487 9.455 9.423 9.390 9.358 9.326 9.294 9.262 9.229 9.197 9.165 9.124 9.046 8.968 8.890 8.812 8.734 8.657 8.574 8.486 8.398 8.310 8.221 8.133 8.045 7.956 7.868 7.780 7.692 7.604 7.515 7.427 7.339 7.250 7.162 7.074 6.986 6.898 6.809 6.721 6.633 6.545 6.456 6.368 6.280 6.191 6.103 6.015 5.927 5.839 5.750 5.630 5.453 5.276 5.100 4.923 4.746 4.569 4.392 4.216 4.039 3.862 3.685 3.508 3.332 3.155 2.978 2.801
9.798 9.766 9.734 9.702 9.670 9.637 9.605 9.573 9.541 9.509 9.477 9.444 9.412 9.380 9.348 9.316 9.283 9.251 9.219 9.187 9.155 9.084 9.006 8.929 8.851 8.773 8.692 8.604 8.515 8.427 8.339 8.251 8.162 8.074 7.986 7.898 7.809 7.721 7.633 7.545 7.456 7.368 7.280 7.192 7.103 7.015 6.927 6.839 6.750 6.662 6.574 6.486 6.397 6.309 6.221 6.133 6.044 5.956 5.868 5.780 5.678 5.501 5.325 5.148 4.971 4.794 4.617 4.441 4.264 4.087 3.910 3.733 3.557 3.380 3.203 3.026 2.849
9.820 9.788 9.756 9.724 9.691 9.659 9.627 9.595 9.563 9.530 9.498 9.466 9.434 9.402 9.369 9.337 9.305 9.273 9.241 9.208 9.176 9.123 9.045 8.967 8.889 8.809 8.721 8.633 8.545 8.456 8.368 8.280 8.192 8.104 8.015 7.927 7.839 7.751 7.662 7.574 7.486 7.397 7.309 7.221 7.133 7.044 6.956 6.868 6.780 6.691 6.603 6.515 6.427 6.339 6.250 6.162 6.074 5.985 5.897 5.809 5.721 5.550 5.373 5.196 5.019 4.842 4.666 4.489 4.312 4.135 3.958 3.782 3.605 3.428 3.251 3.074 2.898
9.842 9.810 9.778 9.745 9.713 9.681 9.649 9.617 9.584 9.552 9.520 9.488 9.456 9.423 9.391 9.359 9.327 9.295 9.262 9.230 9.198 9.161 9.084 9.006 8.927 8.839 8.751 8.662 8.574 8.486 8.398 8.309 8.221 8.133 8.045 7.956 7.868 7.780 7.692 7.603 7.515 7.427 7.339 7.250 7.162 7.074 6.986 6.897 6.809 6.721 6.633 6.544 6.456 6.368 6.280 6.191 6.103 6.015 5.926 5.838 5.750 5.598 5.421 5.244 5.067 4.891 4.714 4.537 4.360 4.183 4.007 3.830 3.653 3.476 3.299 3.123 2.946
9.845 9.815 9.785 9.755 9.724 9.694 9.664 9.634 9.604 9.574 9.542 9.510 9.477 9.445 9.413 9.381 9.349 9.316 9.284 9.252 9.220 9.188 9.122 9.044 8.957 8.868 8.780 8.692 8.603 8.515 8.427 8.339 8.251 8.162 8.074 7.986 7.898 7.809 7.721 7.633 7.545 7.456 7.368 7.280 7.191 7.103 7.015 6.927 6.838 6.750 6.662 6.574 6.485 6.397 6.309 6.221 6.132 6.044 5.956 5.868 5.779 5.646 5.469 5.292 5.116 4.939 4.762 4.585 4.408 4.232 4.055 3.878 3.701 3.524 3.348 3.171 2.994
9.848 9.818 9.788 9.758 9.728 9.697 9.667 9.637 9.607 9.577 9.547 9.517 9.487 9.456 9.426 9.396 9.366 9.336 9.306 9.274 9.241 9.209 9.161 9.074 8.986 8.898 8.809 8.721 8.633 8.545 8.456 8.368 8.280 8.192 8.103 8.015 7.927 7.839 7.750 7.662 7.574 7.486 7.397 7.309 7.221 7.133 7.044 6.956 6.868 6.780 6.691 6.603 6.515 6.427 6.338 6.250 6.162 6.073 5.985 5.897 5.809 5.694 5.517 5.341 5.164 4.987 4.810 4.633 4.457 4.280 4.103 3.926 3.749 3.573 3.396 3.219 3.042
9.851 9.821 9.791 9.761 9.730 9.700 9.670 9.640 9.610 9.580 9.550 9.520 9.490 9.460 9.429 9.399 9.369 9.339 9.309 9.279 9.249 9.219 9.194 9.105 9.015 8.927 8.839 8.750 8.662 8.574 8.486 8.397 8.309 8.221 8.133 8.044 7.956 7.868 7.780 7.691 7.603 7.515 7.427 7.338 7.250 7.162 7.074 6.985 6.897 6.809 6.721 6.632 6.544 6.456 6.368 6.279 6.191 6.103 6.015 5.926 5.838 5.742 5.566 5.389 5.212 5.035 4.858 4.682 4.505 4.328 4.151 3.974 3.798 3.621 3.444 3.267 3.091
9.854 9.824 9.794 9.764 9.733 9.703 9.673 9.643 9.613 9.583 9.553 9.523 9.493 9.463 9.432 9.402 9.372 9.342 9.312 9.282 9.252 9.224 9.203 9.139 9.049 8.960 8.870 8.781 8.692 8.603 8.515 8.427 8.338 8.250 8.162 8.074 7.985 7.897 7.809 7.721 7.632 7.544 7.456 7.368 7.280 7.191 7.103 7.015 6.926 6.838 6.750 6.662 6.573 6.485 6.397 6.309 6.221 6.132 6.044 5.956 5.867 5.779 5.614 5.437 5.260 5.083 4.907 4.730 4.553 4.376 4.199 4.023 3.846 3.669 3.492 3.316 3.141
9.857 9.827 9.797 9.767 9.737 9.706 9.676 9.646 9.616 9.586 9.556 9.526 9.496 9.465 9.435 9.405 9.375 9.345 9.315 9.285 9.255 9.233 9.211 9.173 9.083 8.994 8.904 8.815 8.726 8.636 8.547 8.458 8.368 8.280 8.191 8.103 8.015 7.927 7.838 7.750 7.662 7.574 7.485 7.397 7.309 7.221 7.132 7.044 6.956 6.868 6.779 6.691 6.603 6.515 6.426 6.338 6.250 6.162 6.073 5.985 5.897 5.809 5.662 5.485 5.308 5.132 4.955 4.778 4.601 4.424 4.248 4.071 3.894 3.717 3.542 3.366 3.191
9.860 9.830 9.800 9.770 9.739 9.709 9.679 9.649 9.619 9.589 9.559 9.529 9.499 9.468 9.438 9.408 9.378 9.348 9.318 9.288 9.264 9.242 9.220 9.199 9.117 9.028 8.938 8.849 8.760 8.670 8.581 8.491 8.402 8.313 8.223 8.134 8.045 7.956 7.868 7.780 7.691 7.603 7.515 7.427 7.338 7.250 7.162 7.074 6.985 6.897 6.809 6.721 6.632 6.544 6.456 6.368 6.279 6.191 6.103 6.014 5.926 5.838 5.710 5.533 5.357 5.180 5.003 4.826 4.649 4.473 4.296 4.119 3.942 3.767 3.592 3.417 3.242
9.863 9.833 9.803 9.773 9.743 9.712 9.682 9.652 9.622 9.592 9.562 9.532 9.502 9.472 9.441 9.411 9.381 9.351 9.321 9.295 9.273 9.251 9.229 9.207 9.151 9.062 8.972 8.883 8.794 8.704 8.615 8.525 8.436 8.347 8.257 8.168 8.079 7.989 7.900 7.810 7.721 7.632 7.544 7.456 7.368 7.279 7.191 7.103 7.015 6.926 6.838 6.750 6.662 6.573 6.485 6.397 6.309 6.220 6.132 6.044 5.956 5.867 5.758 5.582 5.405 5.228 5.051 4.874 4.698 4.521 4.344 4.168 3.993 3.818 3.642 3.467 3.292
9.866 9.836 9.806 9.776 9.746 9.715 9.685 9.655 9.625 9.595 9.565 9.535 9.505 9.474 9.444 9.414 9.384 9.354 9.326 9.304 9.282 9.260 9.238 9.216 9.185 9.096 9.006 8.917 8.828 8.738 8.649 8.559 8.470 8.381 8.291 8.202 8.112 8.023 7.934 7.844 7.755 7.666 7.576 7.487 7.397 7.309 7.220 7.132 7.044 6.956 6.867 6.779 6.691 6.603 6.514 6.426 6.338 6.250 6.161 6.073 5.985 5.897 5.807 5.630 5.453 5.276 5.099 4.923 4.746 4.569 4.394 4.218 4.043 3.868 3.693 3.517 3.342
9.869 9.839 9.809 9.779 9.749 9.718 9.688 9.658 9.628 9.598 9.568 9.538 9.508 9.478 9.447 9.417 9.387 9.357 9.335 9.313 9.291 9.269 9.247 9.225 9.204 9.130 9.040 8.951 8.861 8.772 8.683 8.593 8.504 8.415 8.325 8.236 8.146 8.057 7.968 7.878 7.789 7.700 7.610 7.521 7.431 7.342 7.253 7.163 7.074 6.985 6.897 6.809 6.720 6.632 6.544 6.456 6.367 6.279 6.191 6.102 6.014 5.926 5.838 5.678 5.501 5.324 5.148 4.971 4.794 4.619 4.444 4.269 4.094 3.918 3.743 3.568 3.392
9.872 9.842 9.812 9.782 9.751 9.721 9.691 9.661 9.631 9.601 9.571 9.541 9.511 9.481 9.450 9.420 9.390 9.365 9.344 9.322 9.300 9.278 9.256 9.234 9.212 9.163 9.074 8.985 8.895 8.806 8.717 8.627 8.538 8.448 8.359 8.270 8.180 8.091 8.002 7.912 7.823 7.734 7.644 7.555 7.465 7.376 7.287 7.197 7.108 7.018 6.929 6.840 6.750 6.661 6.573 6.485 6.397 6.308 6.220 6.132 6.044 5.955 5.867 5.726 5.549 5.373 5.196 5.020 4.845 4.669 4.494 4.319 4.144 3.969 3.793 3.618 3.443
9.875 9.845 9.815 9.785 9.755 9.724 9.694 9.664 9.634 9.604 9.574 9.544 9.514 9.484 9.453 9.423 9.396 9.374 9.353 9.331 9.309 9.287 9.265 9.243 9.221 9.197 9.108 9.019 8.929 8.840 8.751 8.661 8.572 8.482 8.393 8.304 8.214 8.125 8.036 7.946 7.857 7.767 7.678 7.589 7.499 7.410 7.321 7.231 7.142 7.053 6.963 6.874 6.784 6.695 6.606 6.516 6.427 6.338 6.250 6.161 6.073 5.985 5.897 5.774 5.598 5.421 5.246 5.070 4.895 4.720 4.545 4.369 4.194 4.019 3.844 3.668 3.493
9.878 9.848 9.818 9.788 9.757 9.727 9.697 9.667 9.637 9.607 9.577 9.547 9.517 9.487 9.456 9.427 9.405 9.383 9.361 9.340 9.318 9.296 9.274 9.252 9.230 9.208 9.142 9.053 8.963 8.874 8.785 8.695 8.606 8.516 8.427 8.338 8.248 8.159 8.070 7.980 7.891 7.801 7.712 7.623 7.533 7.444 7.355 7.265 7.176 7.086 6.997 6.908 6.818 6.729 6.639 6.550 6.461 6.371 6.282 6.193 6.103 6.014 5.926 5.823 5.646 5.471 5.296 5.121 4.945 4.770 4.595 4.420 4.244 4.069 3.894 3.719 3.543
9.881 9.851 9.821 9.791 9.761 9.730 9.700 9.670 9.640 9.610 9.580 9.550 9.520 9.490 9.460 9.436 9.414 9.392 9.370 9.349 9.327 9.305 9.283 9.261 9.239 9.217 9.176 9.086 8.997 8.908 8.818 8.729 8.640 8.550 8.461 8.372 8.282 8.193 8.103 8.014 7.925 7.835 7.746 7.657 7.567 7.478 7.388 7.299 7.210 7.120 7.031 6.942 6.852 6.763 6.673 6.584 6.495 6.405 6.316 6.227 6.137 6.048 5.958 5.881 5.703 5.521 5.346 5.171 4.996 4.821 4.645 4.470 4.295 4.120 3.944 3.769 3.594
9.884 9.854 9.824 9.794 9.763 9.733 9.703 9.673 9.643 9.613 9.583 9.553 9.523 9.493 9.467 9.445 9.423 9.401 9.379 9.357 9.336 9.314 9.292 9.270 9.248 9.226 9.204 9.120 9.031 8.942 8.852 8.763 8.674 8.584 8.495 8.406 8.316 8.227 8.137 8.048 7.959 7.869 7.780 7.691 7.601 7.512 7.422 7.333 7.244 7.154 7.065 6.975 6.886 6.797 6.707 6.618 6.529 6.439 6.350 6.261 6.171 6.082 6.002 5.936 5.792 5.605 5.417 5.230 5.046 4.871 4.696 4.520 4.345 4.170 3.995 3.819 3.644
9.887 9.857 9.827 9.797 9.767 9.736 9.706 9.676 9.646 9.616 9.586 9.556 9.526 9.497 9.476 9.454 9.432 9.410 9.388 9.366 9.345 9.323 9.301 9.279 9.257 9.235 9.213 9.154 9.065 8.976 8.886 8.797 8.707 8.618 8.529 8.439 8.350 8.261 8.171 8.082 7.993 7.903 7.814 7.724 7.635 7.546 7.456 7.367 7.277 7.188 7.099 7.009 6.920 6.831 6.741 6.652 6.563 6.473 6.384 6.294 6.205 6.123 6.057 5.990 5.882 5.695 5.507 5.320 5.132 4.945 4.757 4.571 4.395 4.220 4.045 3.870 3.695
9.890 9.860 9.830 9.800 9.770 9.739 9.709 9.679 9.649 9.619 9.589 9.559 9.529 9.506 9.485 9.463 9.441 9.419 9.397 9.375 9.353 9.332 9.310 9.288 9.266 9.244 9.222 9.188 9.099 9.010 8.920 8.831 8.741 8.652 8.563 8.473 8.384 8.295 8.205 8.116 8.026 7.937 7.848 7.758 7.669 7.580 7.490 7.401 7.312 7.222 7.133 7.043 6.954 6.865 6.775 6.686 6.596 6.507 6.418 6.328 6.244 6.178 6.112 6.046 5.972 5.784 5.597 5.409 5.222 5.034 4.847 4.659 4.472 4.284 4.097 3.920 3.745
9.893 9.863 9.833 9.803 9.773 9.742 9.712 9.682 9.652 9.622 9.592 9.562 9.537 9.515 9.493 9.472 9.450 9.428 9.406 9.384 9.362 9.341 9.319 9.297 9.275 9.253 9.231 9.209 9.133 9.043 8.954 8.865 8.775 8.686 8.597 8.507 8.418 8.328 8.239 8.150 8.060 7.971 7.882 7.792 7.703 7.613 7.524 7.435 7.345 7.256 7.167 7.077 6.988 6.898 6.809 6.720 6.630 6.541 6.452 6.365 6.299 6.233 6.167 6.100 6.034 5.874 5.686 5.499 5.311 5.124 4.937 4.749 4.562 4.374 4.187 3.999 3.812
9.896 9.866 9.836 9.806 9.776 9.745 9.715 9.685 9.655 9.625 9.595 9.568 9.546 9.524 9.502 9.481 9.459 9.437 9.415 9.393 9.371 9.349 9.328 9.306 9.284 9.262 9.240 9.218 9.167 9.077 8.988 8.899 8.809 8.720 8.630 8.541 8.452 8.362 8.273 8.184 8.094 8.005 7.916 7.826 7.737 7.647 7.558 7.469 7.379 7.290 7.201 7.111 7.022 6.932 6.843 6.754 6.664 6.575 6.486 6.420 6.354 6.288 6.222 6.155 6.089 5.964 5.776 5.589 5.401 5.214 5.026 4.839 4.651 4.464 4.276 4.089 3.901
9.899 9.869 9.839 9.809 9.779 9.749 9.718 9.688 9.658 9.628 9.599 9.577 9.555 9.533 9.511 9.490 9.468 9.446 9.424 9.402 9.380 9.358 9.337 9.315 9.293 9.271 9.249 9.227 9.201 9.111 9.022 8.933 8.843 8.754 8.665 8.575 8.486 8.396 8.307 8.218 8.128 8.039 7.949 7.860 7.771 7.681 7.592 7.503 7.413 7.324 7.234 7.145 7.056 6.966 6.877 6.788 6.698 6.609 6.541 6.475 6.409 6.342 6.276 6.210 6.144 6.053 5.866 5.678 5.491 5.303 5.116 4.928 4.741 4.553 4.366 4.178 3.991
9.902 9.872 9.842 9.812 9.782 9.752 9.721 9.691 9.661 9.631 9.608 9.586 9.564 9.542 9.520 9.498 9.477 9.455 9.433 9.411 9.389 9.367 9.345 9.324 9.302 9.280 9.258 9.236 9.214 9.145 9.056 8.966 8.877 8.788 8.698 8.609 8.520 8.430 8.341 8.252 8.162 8.073 7.983 7.894 7.805 7.715 7.626 7.537 7.447 7.358 7.268 7.179 7.090 7.000 6.911 6.822 6.732 6.662 6.596 6.530 6.464 6.398 6.331 6.265 6.199 6.133 5.955 5.768 5.580 5.393 5.206 5.018 4.831 4.643 4.456 4.268 4.081
9.905 9.875 9.845 9.815 9.785 9.754 9.724 9.694 9.664 9.638 9.617 9.595 9.573 9.551 9.529 9.507 9.486 9.464 9.442 9.420 9.398 9.376 9.354 9.333 9.311 9.289 9.267 9.245 9.223 9.179 9.090 9.000 8.911 8.822 8.732 8.643 8.554 8.464 8.375 8.286 8.196 8.107 8.017 7.928 7.839 7.749 7.660 7.570 7.481 7.392 7.302 7.213 7.124 7.034 6.945 6.856 6.783 6.717 6.651 6.585 6.519 6.452 6.386 6.320 6.254 6.188 6.045 5.858 5.670 5.483 5.295 5.108 4.920 4.733 4.545 4.358 4.170
9.908 9.878 9.848 9.818 9.788 9.757 9.727 9.697 9.669 9.647 9.626 9.604 9.582 9.560 9.538 9.516 9.494 9.473 9.451 9.429 9.407 9.385 9.363 9.341 9.320 9.298 9.276 9.254 9.232 9.210 9.124 9.034 8.945 8.856 8.766 8.677 8.587 8.498 8.409 8.319 8.230 8.141 8.051 7.962 7.872 7.783 7.694 7.604 7.515 7.426 7.336 7.247 7.158 7.068 6.979 6.904 6.838 6.772 6.706 6.640 6.574 6.507 6.441 6.375 6.309 6.243 6.135 5.947 5.760 5.572 5.385 5.197 5.010 4.822 4.635 4.447 4.260
