includes/oleron/floodfiles/results/res-0005.wd
ncols         631
nrows         906
xllcorner     364927.146667
yllcorner     6531972.565556
cellsize      20.000000
NODATA_value  -9999.000000
[rows 748 to 781 of 906, columns 539 to 615 of 631]
10.254 10.093 9.880 9.528 9.382 9.236 9.059 8.858 8.658 8.458 8.258 8.057 7.857 7.609 7.228 6.920 6.699 6.477 6.255 6.034 5.812 5.591 5.369 5.147 4.926 4.697 4.627 4.570 4.513 4.456 4.399 4.343 4.286 4.229 4.172 4.138 4.131 4.125 4.119 4.111 4.087 4.062 4.037 4.012 3.971 3.926 3.881 3.836 3.787 3.728 3.669 3.640 3.616 3.591 3.566 3.542 3.517 3.495 3.474 3.453 3.420 3.385 3.349 3.314 3.287 3.288 3.288 3.289 3.289 3.290 3.306 3.293 3.292 3.293 3.293 3.294 3.295
10.288 10.126 9.679 9.217 9.071 8.925 8.778 8.632 8.486 8.340 8.172 7.972 7.771 7.571 7.221 6.991 6.769 6.547 6.326 6.103 5.869 5.635 5.402 5.168 4.934 4.734 4.626 4.562 4.505 4.448 4.391 4.334 4.277 4.221 4.164 4.137 4.131 4.124 4.118 4.112 4.106 4.086 4.062 4.037 3.995 3.950 3.905 3.848 3.789 3.730 3.671 3.628 3.604 3.579 3.555 3.530 3.506 3.485 3.464 3.443 3.422 3.387 3.352 3.316 3.287 3.288 3.288 3.289 3.291 3.309 3.327 3.345 3.325 3.304 3.293 3.294 3.295
10.321 9.940 9.478 9.017 8.760 8.614 8.467 8.321 8.175 8.029 7.883 7.737 7.591 7.445 7.275 7.041 6.807 6.574 6.340 6.106 5.873 5.639 5.405 5.172 4.938 4.775 4.667 4.559 4.497 4.440 4.383 4.326 4.269 4.212 4.156 4.136 4.130 4.124 4.118 4.111 4.105 4.099 4.086 4.062 4.018 3.968 3.909 3.850 3.790 3.731 3.672 3.616 3.592 3.567 3.543 3.518 3.496 3.475 3.454 3.433 3.412 3.389 3.354 3.319 3.287 3.288 3.288 3.294 3.312 3.331 3.349 3.367 3.377 3.346 3.293 3.294 3.295
10.201 9.739 9.277 8.815 8.449 8.303 8.156 8.010 7.864 7.718 7.572 7.426 7.280 7.331 7.267 7.045 6.811 6.577 6.344 6.110 5.876 5.643 5.409 5.175 4.942 4.815 4.708 4.600 4.492 4.431 4.375 4.318 4.261 4.204 4.147 4.135 4.129 4.123 4.117 4.111 4.104 4.098 4.092 4.086 4.029 3.969 3.910 3.851 3.792 3.733 3.674 3.615 3.580 3.555 3.531 3.507 3.486 3.465 3.444 3.422 3.401 3.380 3.356 3.321 3.287 3.288 3.298 3.316 3.334 3.352 3.370 3.388 3.400 3.370 3.322 3.294 3.295
10.000 9.538 9.076 8.615 8.153 7.991 7.845 7.699 7.553 7.407 7.261 7.162 7.254 7.345 7.253 7.036 6.815 6.581 6.347 6.114 5.880 5.646 5.413 5.179 4.964 4.856 4.748 4.640 4.533 4.425 4.366 4.309 4.253 4.196 4.140 4.134 4.128 4.122 4.116 4.110 4.104 4.097 4.076 4.049 4.007 3.963 3.912 3.852 3.793 3.734 3.675 3.616 3.568 3.544 3.519 3.497 3.476 3.455 3.433 3.412 3.391 3.370 3.349 3.323 3.288 3.301 3.319 3.337 3.353 3.365 3.377 3.389 3.401 3.370 3.324 3.294 3.295
9.799 9.337 8.875 8.414 7.952 7.680 7.534 7.388 7.242 7.096 7.084 7.176 7.267 7.359 7.239 7.022 6.805 6.585 6.351 6.117 5.884 5.650 5.416 5.183 5.005 4.897 4.789 4.681 4.573 4.465 4.358 4.301 4.244 4.187 4.140 4.133 4.127 4.121 4.115 4.109 4.092 4.065 4.037 4.010 3.970 3.926 3.882 3.839 3.795 3.736 3.677 3.617 3.558 3.532 3.508 3.487 3.466 3.444 3.423 3.402 3.381 3.360 3.339 3.318 3.304 3.318 3.330 3.342 3.354 3.366 3.378 3.390 3.402 3.369 3.323 3.294 3.295
9.598 9.136 8.674 8.213 7.751 7.369 7.223 7.077 6.931 7.007 7.098 7.190 7.281 7.373 7.225 7.008 6.791 6.574 6.355 6.121 5.887 5.653 5.420 5.186 5.045 4.938 4.830 4.722 4.614 4.506 4.398 4.293 4.236 4.179 4.139 4.133 4.126 4.120 4.108 4.080 4.053 4.026 3.999 3.972 3.933 3.889 3.845 3.802 3.758 3.714 3.671 3.619 3.560 3.520 3.498 3.477 3.455 3.434 3.413 3.393 3.376 3.359 3.341 3.324 3.315 3.319 3.331 3.343 3.355 3.367 3.379 3.391 3.403 3.369 3.323 3.295 3.295
9.397 8.935 8.473 8.012 7.550 7.088 6.912 6.837 6.929 7.020 7.112 7.204 7.295 7.387 7.211 6.994 6.777 6.560 6.343 6.125 5.891 5.657 5.423 5.194 5.086 4.978 4.870 4.763 4.655 4.547 4.439 4.331 4.228 4.171 4.138 4.132 4.124 4.096 4.069 4.042 4.015 3.987 3.960 3.933 3.895 3.852 3.808 3.764 3.721 3.677 3.634 3.590 3.547 3.511 3.493 3.476 3.459 3.441 3.424 3.406 3.389 3.372 3.354 3.337 3.333 3.330 3.332 3.344 3.356 3.368 3.380 3.392 3.404 3.368 3.322 3.295 3.295
9.196 8.734 8.272 7.811 7.349 6.907 6.759 6.851 6.943 7.034 7.126 7.217 7.309 7.401 7.197 6.980 6.763 6.546 6.329 6.112 5.894 5.661 5.427 5.235 5.127 5.019 4.911 4.803 4.695 4.588 4.480 4.372 4.264 4.162 4.137 4.112 4.085 4.058 4.031 4.003 3.976 3.949 3.922 3.895 3.858 3.815 3.771 3.727 3.684 3.640 3.597 3.553 3.530 3.515 3.506 3.489 3.471 3.454 3.437 3.419 3.402 3.385 3.367 3.354 3.351 3.347 3.344 3.345 3.357 3.369 3.381 3.393 3.404 3.368 3.322 3.295 3.295
9.395 8.972 8.548 8.125 7.702 7.278 7.032 6.865 6.957 7.048 7.140 7.231 7.323 7.399 7.182 6.966 6.749 6.532 6.315 6.098 5.881 5.664 5.431 5.275 5.168 5.060 4.952 4.844 4.736 4.628 4.531 4.440 4.350 4.253 4.108 4.074 4.046 4.019 3.992 3.965 3.938 3.910 3.883 3.856 3.821 3.777 3.734 3.690 3.647 3.603 3.569 3.550 3.531 3.517 3.511 3.502 3.484 3.467 3.450 3.432 3.415 3.398 3.380 3.372 3.369 3.365 3.361 3.358 3.357 3.369 3.381 3.393 3.405 3.367 3.321 3.295 3.296
9.766 9.343 8.919 8.496 8.073 7.662 7.453 7.244 7.036 7.062 7.154 7.245 7.337 7.385 7.168 6.951 6.735 6.518 6.301 6.084 5.867 5.650 5.434 5.328 5.238 5.147 5.056 4.965 4.875 4.784 4.693 4.603 4.512 4.303 4.098 4.059 4.021 3.982 3.953 3.926 3.899 3.872 3.845 3.817 3.784 3.740 3.697 3.653 3.609 3.589 3.570 3.551 3.532 3.520 3.513 3.507 3.497 3.480 3.463 3.445 3.428 3.411 3.393 3.390 3.386 3.383 3.379 3.376 3.372 3.370 3.382 3.394 3.406 3.367 3.321 3.295 3.296
10.137 9.714 9.290 8.867 8.444 8.082 7.874 7.665 7.456 7.248 7.167 7.259 7.350 7.371 7.154 6.937 6.720 6.504 6.287 6.070 5.842 5.612 5.426 5.491 5.400 5.310 5.219 5.128 5.037 4.947 4.856 4.765 4.620 4.353 4.087 4.049 4.010 3.971 3.933 3.894 3.860 3.833 3.806 3.779 3.747 3.703 3.659 3.628 3.609 3.590 3.571 3.552 3.533 3.523 3.516 3.509 3.503 3.493 3.476 3.458 3.441 3.424 3.411 3.407 3.404 3.400 3.397 3.393 3.390 3.386 3.383 3.395 3.407 3.366 3.320 3.295 3.296
10.508 10.085 9.661 9.238 8.815 8.503 8.294 8.086 7.877 7.669 7.460 7.273 7.364 7.357 7.140 6.923 6.706 6.479 6.248 6.018 5.788 5.558 5.441 5.524 5.563 5.472 5.382 5.291 5.200 5.110 5.019 4.928 4.670 4.404 4.137 4.038 3.999 3.961 3.922 3.884 3.845 3.807 3.768 3.740 3.710 3.667 3.648 3.629 3.610 3.591 3.572 3.553 3.534 3.525 3.519 3.512 3.505 3.499 3.489 3.471 3.454 3.437 3.429 3.425 3.422 3.418 3.415 3.411 3.407 3.404 3.400 3.397 3.408 3.366 3.341 3.317 3.296
10.879 10.456 10.032 9.609 9.186 8.923 8.715 8.506 8.298 8.089 7.881 7.672 7.464 7.343 7.115 6.885 6.655 6.424 6.194 5.964 5.734 5.504 5.456 5.539 5.622 5.635 5.544 5.454 5.363 5.272 5.182 4.987 4.720 4.454 4.188 4.027 3.989 3.950 3.912 3.873 3.835 3.796 3.757 3.719 3.688 3.668 3.649 3.630 3.611 3.592 3.573 3.554 3.535 3.528 3.521 3.515 3.508 3.502 3.495 3.484 3.467 3.450 3.446 3.443 3.439 3.436 3.432 3.429 3.425 3.422 3.418 3.415 3.411 3.388 3.364 3.340 3.316
10.845 10.827 10.403 9.980 9.557 9.344 9.136 8.927 8.718 8.510 8.301 8.060 7.791 7.403 7.061 6.831 6.601 6.370 6.140 5.910 5.680 5.450 5.471 5.554 5.637 5.720 5.707 5.616 5.526 5.435 5.304 5.037 4.771 4.504 4.238 4.017 3.978 3.939 3.901 3.862 3.824 3.785 3.747 3.718 3.695 3.674 3.652 3.631 3.612 3.593 3.574 3.555 3.537 3.530 3.524 3.517 3.511 3.504 3.498 3.491 3.480 3.468 3.464 3.461 3.457 3.453 3.450 3.446 3.442 3.438 3.434 3.430 3.420 3.402 3.380 3.357 3.335
10.594 10.769 10.775 10.351 9.973 9.765 9.556 9.348 9.126 8.857 8.588 8.320 8.051 7.628 7.147 6.777 6.546 6.316 6.086 5.856 5.626 5.402 5.485 5.569 5.652 5.735 5.819 5.779 5.688 5.598 5.354 5.087 4.821 4.554 4.288 4.022 3.967 3.929 3.890 3.852 3.813 3.775 3.748 3.725 3.703 3.681 3.659 3.638 3.616 3.594 3.575 3.556 3.540 3.533 3.526 3.520 3.513 3.507 3.500 3.494 3.490 3.485 3.481 3.477 3.473 3.469 3.465 3.461 3.457 3.453 3.450 3.445 3.430 3.415 3.393 3.371 3.348
10.343 10.518 10.693 10.722 10.394 10.185 9.923 9.654 9.385 9.117 8.848 8.579 8.310 7.852 7.372 6.891 6.492 6.262 6.032 5.802 5.572 5.417 5.500 5.584 5.667 5.750 5.834 5.917 5.851 5.671 5.404 5.138 4.871 4.605 4.338 4.072 3.957 3.918 3.880 3.841 3.803 3.777 3.755 3.733 3.710 3.688 3.667 3.645 3.623 3.602 3.580 3.559 3.542 3.537 3.533 3.529 3.526 3.522 3.518 3.514 3.509 3.501 3.496 3.492 3.488 3.485 3.481 3.477 3.473 3.469 3.465 3.455 3.440 3.425 3.406 3.384 3.362
10.091 10.266 10.442 10.662 10.720 10.451 10.182 9.914 9.645 9.376 9.107 8.839 8.556 8.076 7.596 7.115 6.635 6.208 5.978 5.748 5.518 5.432 5.515 5.599 5.682 5.765 5.849 5.932 5.978 5.721 5.454 5.188 4.921 4.655 4.389 4.122 3.946 3.908 3.869 3.831 3.807 3.785 3.763 3.740 3.718 3.696 3.674 3.653 3.631 3.609 3.588 3.568 3.562 3.558 3.554 3.550 3.546 3.543 3.539 3.535 3.528 3.519 3.512 3.508 3.504 3.500 3.496 3.492 3.488 3.484 3.479 3.464 3.450 3.435 3.420 3.397 3.375
9.840 10.092 10.370 10.648 10.708 10.697 10.442 10.173 9.904 9.636 9.367 9.098 8.781 8.300 7.820 7.340 6.859 6.379 5.924 5.694 5.463 5.447 5.530 5.613 5.697 5.776 5.817 5.858 5.877 5.657 5.438 5.218 4.972 4.705 4.439 4.172 3.935 3.897 3.859 3.837 3.815 3.792 3.770 3.748 3.725 3.703 3.682 3.660 3.638 3.617 3.596 3.590 3.584 3.579 3.575 3.571 3.567 3.564 3.560 3.554 3.546 3.537 3.529 3.523 3.519 3.515 3.512 3.508 3.504 3.500 3.489 3.474 3.459 3.444 3.429 3.411 3.388
9.800 10.078 10.355 10.633 10.658 10.647 10.637 10.433 10.164 9.895 9.627 9.358 9.005 8.525 8.044 7.564 7.084 6.603 6.123 5.643 5.409 5.462 5.545 5.593 5.633 5.674 5.715 5.756 5.777 5.557 5.337 5.118 4.898 4.679 4.459 4.223 3.956 3.889 3.867 3.844 3.822 3.800 3.778 3.755 3.733 3.711 3.689 3.667 3.646 3.624 3.618 3.612 3.606 3.600 3.596 3.592 3.588 3.585 3.581 3.573 3.564 3.556 3.547 3.539 3.535 3.531 3.527 3.523 3.519 3.514 3.499 3.484 3.469 3.454 3.439 3.424 3.402
9.786 10.063 10.341 10.618 10.609 10.598 10.587 10.576 10.424 10.155 9.886 9.617 9.229 8.749 8.269 7.788 7.308 6.827 6.347 5.867 5.431 5.409 5.450 5.491 5.532 5.572 5.613 5.654 5.676 5.457 5.237 5.017 4.798 4.578 4.359 4.139 3.951 3.895 3.874 3.852 3.830 3.807 3.785 3.763 3.741 3.718 3.696 3.675 3.653 3.646 3.640 3.634 3.628 3.622 3.617 3.613 3.609 3.606 3.600 3.591 3.583 3.574 3.566 3.557 3.550 3.546 3.543 3.539 3.535 3.523 3.508 3.493 3.479 3.464 3.449 3.434 3.415
9.771 10.048 10.326 10.570 10.559 10.548 10.538 10.527 10.516 10.414 10.146 9.877 9.453 8.973 8.493 8.012 7.532 7.091 6.688 6.285 5.874 5.446 5.348 5.389 5.430 5.471 5.511 5.552 5.576 5.356 5.136 4.917 4.697 4.478 4.258 4.086 3.974 3.896 3.876 3.855 3.835 3.814 3.793 3.770 3.748 3.726 3.704 3.682 3.674 3.668 3.662 3.656 3.650 3.644 3.638 3.634 3.630 3.627 3.618 3.610 3.601 3.593 3.584 3.576 3.567 3.562 3.558 3.554 3.548 3.533 3.518 3.503 3.488 3.473 3.459 3.444 3.428
9.756 10.034 10.311 10.520 10.509 10.499 10.488 10.477 10.467 10.456 10.405 10.136 9.678 9.197 8.747 8.345 7.942 7.539 7.136 6.733 6.317 5.889 5.462 5.287 5.328 5.369 5.410 5.450 5.475 5.255 5.036 4.816 4.597 4.377 4.221 4.109 3.997 3.898 3.877 3.857 3.836 3.816 3.795 3.775 3.754 3.733 3.711 3.702 3.696 3.690 3.684 3.678 3.672 3.666 3.660 3.655 3.651 3.645 3.637 3.628 3.620 3.611 3.603 3.594 3.586 3.577 3.574 3.570 3.558 3.543 3.528 3.513 3.498 3.483 3.468 3.453 3.439
9.741 10.019 10.297 10.471 10.460 10.449 10.439 10.428 10.417 10.406 10.396 10.395 10.001 9.599 9.196 8.793 8.390 7.987 7.585 7.182 6.761 6.333 5.905 5.477 5.226 5.267 5.308 5.348 5.375 5.155 4.935 4.716 4.496 4.357 4.244 4.132 4.020 3.908 3.879 3.858 3.838 3.817 3.797 3.776 3.756 3.736 3.722 3.717 3.713 3.710 3.706 3.700 3.694 3.688 3.682 3.676 3.672 3.664 3.655 3.647 3.638 3.630 3.621 3.613 3.604 3.596 3.589 3.582 3.567 3.552 3.537 3.523 3.508 3.493 3.478 3.463 3.448
9.727 10.004 10.282 10.421 10.410 10.400 10.389 10.378 10.368 10.435 10.538 10.581 10.408 10.047 9.644 9.241 8.839 8.436 8.033 7.630 7.204 6.776 6.348 5.920 5.492 5.165 5.206 5.247 5.274 5.054 4.835 4.615 4.492 4.380 4.267 4.155 4.043 3.931 3.880 3.860 3.839 3.819 3.798 3.778 3.758 3.744 3.733 3.726 3.722 3.718 3.714 3.710 3.706 3.702 3.698 3.695 3.688 3.680 3.671 3.663 3.655 3.646 3.638 3.630 3.621 3.613 3.605 3.589 3.574 3.559 3.544 3.529 3.514 3.499 3.484 3.469 3.454
9.699 9.990 10.267 10.372 10.361 10.350 10.355 10.458 10.561 10.663 10.766 10.766 10.593 10.421 10.093 9.690 9.287 8.884 8.481 8.075 7.647 7.219 6.791 6.363 5.935 5.508 5.104 5.145 5.173 4.954 4.739 4.627 4.515 4.403 4.290 4.178 4.066 3.954 3.882 3.861 3.841 3.820 3.800 3.780 3.765 3.754 3.744 3.734 3.730 3.727 3.723 3.719 3.715 3.711 3.707 3.702 3.693 3.685 3.676 3.668 3.660 3.651 3.643 3.635 3.626 3.618 3.600 3.572 3.557 3.542 3.526 3.511 3.496 3.481 3.466 3.451 3.436
9.580 9.933 10.253 10.322 10.377 10.480 10.583 10.686 10.789 10.891 10.994 10.952 10.779 10.606 10.434 10.138 9.736 9.333 8.930 8.519 8.091 7.663 7.235 6.807 6.379 5.951 5.523 5.095 5.073 4.874 4.762 4.650 4.538 4.426 4.314 4.201 4.089 3.977 3.883 3.863 3.842 3.822 3.801 3.787 3.776 3.765 3.754 3.744 3.739 3.735 3.731 3.727 3.723 3.719 3.715 3.707 3.698 3.690 3.681 3.673 3.665 3.656 3.648 3.640 3.631 3.621 3.590 3.560 3.539 3.524 3.509 3.494 3.479 3.463 3.448 3.433 3.418
9.461 9.815 10.110 10.503 10.606 10.708 10.811 10.914 11.017 11.119 11.222 11.137 10.964 10.792 10.619 10.447 10.184 9.781 9.378 8.962 8.534 8.106 7.678 7.250 6.822 6.394 5.966 5.513 4.991 4.897 4.785 4.673 4.561 4.449 4.337 4.224 4.112 4.000 3.888 3.864 3.844 3.823 3.808 3.797 3.787 3.776 3.765 3.754 3.747 3.744 3.740 3.736 3.732 3.728 3.720 3.712 3.703 3.695 3.686 3.678 3.670 3.661 3.653 3.645 3.636 3.611 3.581 3.550 3.521 3.506 3.491 3.476 3.461 3.446 3.431 3.416 3.403
9.287 9.567 9.847 10.311 10.790 10.936 11.039 11.142 11.245 11.347 11.450 11.322 11.150 10.977 10.805 10.632 10.460 10.230 9.827 9.405 8.977 8.549 8.121 7.642 7.050 6.457 5.865 5.273 4.960 4.827 4.743 4.660 4.576 4.472 4.360 4.248 4.135 4.023 3.911 3.866 3.845 3.830 3.819 3.808 3.797 3.787 3.776 3.765 3.756 3.752 3.748 3.744 3.740 3.734 3.725 3.717 3.708 3.700 3.691 3.683 3.675 3.666 3.658 3.650 3.632 3.602 3.571 3.541 3.510 3.488 3.473 3.458 3.443 3.428 3.413 3.398 3.389
9.023 9.303 9.586 10.066 10.545 11.025 11.267 11.370 11.473 11.575 11.678 11.508 11.335 11.163 10.990 10.818 10.645 10.473 10.275 9.771 9.179 8.586 7.994 7.402 6.810 6.218 5.626 5.143 4.928 4.754 4.670 4.586 4.502 4.418 4.335 4.251 4.159 4.046 3.934 3.867 3.851 3.840 3.830 3.819 3.808 3.797 3.787 3.776 3.765 3.761 3.757 3.753 3.747 3.739 3.730 3.722 3.713 3.705 3.696 3.688 3.680 3.671 3.663 3.653 3.623 3.592 3.562 3.531 3.501 3.470 3.455 3.440 3.425 3.410 3.395 3.381 3.376
8.759 9.039 9.341 9.821 10.300 10.780 11.260 11.598 11.701 11.803 11.866 11.693 11.521 11.348 11.176 11.003 10.834 10.672 10.406 9.531 8.939 8.347 7.755 7.162 6.570 5.978 5.386 5.112 4.897 4.683 4.596 4.512 4.429 4.345 4.261 4.177 4.093 4.010 3.926 3.873 3.862 3.851 3.840 3.830 3.819 3.808 3.798 3.787 3.776 3.769 3.765 3.761 3.752 3.744 3.735 3.727 3.718 3.710 3.701 3.693 3.685 3.676 3.668 3.644 3.613 3.583 3.552 3.522 3.491 3.461 3.437 3.422 3.407 3.392 3.377 3.368 3.362
8.496 8.775 9.096 9.576 10.055 10.535 11.014 11.494 11.929 12.031 12.051 11.879 11.706 11.534 11.372 11.210 11.048 10.886 10.476 9.560 8.699 8.107 7.515 6.923 6.331 5.739 5.295 5.080 4.866 4.651 4.523 4.439 4.355 4.271 4.187 4.104 4.020 3.936 3.888 3.889 3.877 3.865 3.853 3.841 3.830 3.819 3.808 3.798 3.787 3.778 3.774 3.766 3.757 3.749 3.740 3.732 3.723 3.715 3.706 3.698 3.690 3.681 3.665 3.634 3.604 3.573 3.543 3.512 3.482 3.452 3.421 3.405 3.390 3.375 3.360 3.355 3.349
8.232 8.512 8.851 9.331 9.810 10.290 10.769 11.249 11.729 12.208 12.237 12.072 11.910 11.748 11.586 11.424 11.261 11.099 10.546 9.630 8.715 7.867 7.275 6.683 6.091 5.499 5.263 5.049 4.834 4.620 4.449 4.365 4.281 4.198 4.114 4.030 3.946 3.900 3.900 3.901 3.892 3.880 3.869 3.857 3.845 3.833 3.821 3.810 3.798 3.787 3.779 3.771 3.762 3.754 3.745 3.737 3.728 3.720 3.712 3.703 3.695 3.686 3.656 3.625 3.595 3.564 3.534 3.503 3.473 3.442 3.412 3.387 3.372 3.357 3.347 3.341 3.336
7.968 8.248 8.606 9.085 9.565 10.045 10.524 11.004 11.482 11.948 12.304 12.285 12.123 11.961 11.799 11.637 11.475 11.313 10.616 9.700 8.785 7.869 7.036 6.443 5.851 5.446 5.232 5.017 4.803 4.589 4.375 4.292 4.208 4.124 4.040 3.956 3.912 3.912 3.913 3.913 3.908 3.896 3.884 3.872 3.860 3.849 3.837 3.825 3.813 3.799 3.786 3.777 3.768 3.760 3.751 3.742 3.734 3.725 3.717 3.708 3.700 3.677 3.646 3.616 3.585 3.555 3.524 3.494 3.463 3.433 3.402 3.372 3.354 3.339 3.334 3.328 3.322
