includes/oleron/floodfiles/results/res-0007.wdfp
ncols         631
nrows         906
xllcorner     364927.146667
yllcorner     6531972.565556
cellsize      20.000000
NODATA_value  -9999.000000
[rows 34 to 67 of 906, columns 539 to 615 of 631]
15.238 15.281 15.325 15.368 15.412 15.455 15.427 15.356 15.284 15.213 15.141 15.069 14.998 14.926 14.854 14.784 14.712 14.640 14.568 14.496 14.399 14.291 14.183 14.076 13.968 13.860 13.752 13.645 13.537 13.429 13.320 13.213 13.105 13.007 12.923 12.840 12.756 12.671 12.587 12.503 12.420 12.336 12.252 12.215 12.181 12.147 12.113 12.086 12.066 12.046 12.026 12.007 11.987 11.967 11.950 11.933 11.916 11.899 11.883 11.866 11.849 11.871 11.905 11.939 11.973 12.007 12.032 12.023 12.015 12.006 11.998 11.990 11.981 11.973 11.965 11.948 11.926
15.276 15.319 15.362 15.406 15.450 15.493 15.455 15.384 15.312 15.240 15.168 15.098 15.026 14.954 14.882 14.811 14.740 14.668 14.596 14.523 14.438 14.349 14.241 14.133 14.025 13.917 13.809 13.702 13.594 13.486 13.378 13.271 13.163 13.067 12.983 12.900 12.815 12.731 12.647 12.564 12.480 12.396 12.312 12.228 12.173 12.139 12.105 12.079 12.059 12.039 12.019 12.001 11.984 11.967 11.950 11.933 11.916 11.899 11.882 11.865 11.848 11.874 11.907 11.941 11.975 12.009 12.043 12.077 12.080 12.072 12.064 12.055 12.047 12.038 12.030 12.012 11.991
15.308 15.356 15.401 15.444 15.487 15.530 15.483 15.411 15.340 15.268 15.197 15.125 15.053 14.981 14.911 14.839 14.768 14.696 14.626 14.549 14.465 14.381 14.298 14.191 14.083 13.975 13.867 13.759 13.651 13.543 13.436 13.328 13.220 13.127 13.044 12.959 12.875 12.791 12.707 12.624 12.540 12.456 12.372 12.288 12.204 12.130 12.096 12.072 12.052 12.034 12.017 12.000 11.983 11.966 11.949 11.932 11.915 11.898 11.881 11.864 11.847 11.876 11.910 11.944 11.978 12.012 12.046 12.079 12.113 12.137 12.129 12.121 12.112 12.104 12.095 12.076 12.055
15.259 15.363 15.438 15.481 15.525 15.568 15.511 15.439 15.367 15.295 15.225 15.153 15.081 15.010 14.939 14.868 14.796 14.724 14.654 14.576 14.492 14.409 14.325 14.240 14.140 14.033 13.925 13.817 13.709 13.601 13.493 13.385 13.277 13.187 13.104 13.019 12.935 12.851 12.768 12.684 12.600 12.516 12.431 12.348 12.264 12.180 12.096 12.067 12.050 12.033 12.016 11.999 11.982 11.965 11.948 11.931 11.914 11.897 11.880 11.863 11.847 11.878 11.912 11.946 11.980 12.014 12.048 12.082 12.116 12.150 12.184 12.186 12.177 12.169 12.161 12.141 12.120
15.210 15.315 15.419 15.519 15.562 15.607 15.539 15.467 15.395 15.324 15.253 15.181 15.109 15.039 14.967 14.896 14.824 14.754 14.682 14.603 14.518 14.435 14.351 14.267 14.183 14.090 13.982 13.874 13.766 13.659 13.551 13.443 13.335 13.248 13.163 13.079 12.995 12.912 12.828 12.744 12.660 12.576 12.492 12.408 12.324 12.222 12.121 12.077 12.049 12.032 12.015 11.998 11.981 11.965 11.948 11.931 11.914 11.897 11.880 11.863 11.847 11.881 11.915 11.949 11.983 12.017 12.050 12.084 12.118 12.152 12.186 12.220 12.243 12.235 12.227 12.205 12.184
15.162 15.267 15.370 15.474 15.579 15.638 15.566 15.495 15.424 15.352 15.281 15.209 15.139 15.067 14.995 14.924 14.853 14.782 14.710 14.629 14.546 14.462 14.378 14.294 14.211 14.126 14.039 13.931 13.824 13.716 13.608 13.500 13.393 13.307 13.223 13.139 13.055 12.972 12.888 12.804 12.720 12.635 12.548 12.445 12.343 12.241 12.139 12.101 12.066 12.032 12.015 11.998 11.981 11.964 11.947 11.930 11.913 11.896 11.879 11.862 11.850 11.883 11.917 11.951 11.985 12.019 12.053 12.087 12.121 12.155 12.189 12.222 12.256 12.291 12.291 12.270 12.235
15.114 15.218 15.322 15.426 15.533 15.626 15.594 15.523 15.452 15.381 15.309 15.237 15.167 15.095 15.024 14.952 14.882 14.810 14.738 14.657 14.573 14.489 14.405 14.321 14.237 14.153 14.069 13.986 13.882 13.773 13.665 13.557 13.451 13.367 13.283 13.199 13.116 13.032 12.948 12.864 12.770 12.668 12.566 12.464 12.362 12.259 12.159 12.124 12.090 12.056 12.022 11.997 11.980 11.963 11.946 11.929 11.912 11.895 11.878 11.861 11.852 11.886 11.920 11.954 11.988 12.022 12.055 12.089 12.123 12.157 12.191 12.225 12.259 12.287 12.301 12.298 12.263
15.065 15.169 15.277 15.388 15.498 15.582 15.565 15.550 15.480 15.409 15.337 15.267 15.195 15.123 15.052 14.981 14.910 14.838 14.767 14.684 14.600 14.515 14.431 14.348 14.264 14.180 14.096 14.013 13.928 13.831 13.723 13.616 13.511 13.427 13.343 13.260 13.176 13.092 12.993 12.890 12.789 12.687 12.585 12.482 12.380 12.279 12.183 12.148 12.114 12.080 12.046 12.012 11.979 11.962 11.945 11.929 11.912 11.895 11.878 11.861 11.855 11.888 11.922 11.956 11.990 12.024 12.058 12.092 12.126 12.160 12.193 12.219 12.232 12.245 12.259 12.277 12.291
15.022 15.132 15.243 15.353 15.464 15.537 15.522 15.505 15.489 15.437 15.366 15.295 15.223 15.152 15.081 15.009 14.938 14.866 14.794 14.710 14.626 14.542 14.459 14.375 14.291 14.207 14.123 14.039 13.955 13.871 13.781 13.673 13.571 13.487 13.403 13.318 13.216 13.113 13.011 12.909 12.808 12.705 12.603 12.501 12.400 12.297 12.206 12.172 12.138 12.104 12.070 12.036 12.002 11.968 11.945 11.928 11.911 11.894 11.877 11.860 11.857 11.891 11.925 11.959 11.993 12.026 12.060 12.094 12.128 12.151 12.164 12.177 12.190 12.202 12.216 12.235 12.255
14.987 15.097 15.209 15.319 15.429 15.493 15.477 15.461 15.444 15.428 15.395 15.323 15.251 15.181 15.109 15.038 14.966 14.896 14.821 14.737 14.653 14.570 14.486 14.401 14.317 14.234 14.150 14.066 13.982 13.898 13.815 13.730 13.631 13.540 13.439 13.336 13.234 13.132 13.030 12.928 12.826 12.724 12.622 12.519 12.418 12.316 12.230 12.196 12.162 12.128 12.094 12.060 12.026 11.992 11.958 11.927 11.910 11.893 11.876 11.859 11.860 11.893 11.927 11.961 11.995 12.029 12.063 12.083 12.096 12.109 12.121 12.134 12.147 12.160 12.174 12.194 12.212
14.952 15.064 15.174 15.284 15.394 15.449 15.433 15.416 15.400 15.384 15.368 15.351 15.280 15.209 15.137 15.066 14.994 14.924 14.848 14.764 14.680 14.596 14.512 14.428 14.344 14.261 14.177 14.093 14.008 13.925 13.841 13.764 13.666 13.559 13.457 13.355 13.253 13.150 13.049 12.947 12.845 12.742 12.640 12.539 12.436 12.334 12.254 12.220 12.186 12.152 12.118 12.084 12.050 12.016 11.982 11.948 11.914 11.893 11.876 11.859 11.862 11.896 11.930 11.964 11.998 12.015 12.028 12.041 12.053 12.066 12.079 12.092 12.104 12.117 12.133 12.152 12.170
14.918 15.029 15.139 15.249 15.360 15.404 15.388 15.372 15.356 15.340 15.323 15.307 15.292 15.237 15.166 15.094 15.024 14.952 14.875 14.790 14.707 14.623 14.539 14.455 14.372 14.288 14.203 14.119 14.042 13.965 13.888 13.811 13.707 13.590 13.476 13.373 13.271 13.170 13.068 12.965 12.863 12.761 12.659 12.557 12.455 12.353 12.278 12.244 12.210 12.176 12.142 12.108 12.074 12.040 12.006 11.972 11.938 11.903 11.875 11.858 11.865 11.898 11.932 11.947 11.960 11.973 11.986 11.998 12.011 12.024 12.036 12.049 12.062 12.075 12.091 12.110 12.128
14.884 14.994 15.104 15.214 15.326 15.360 15.343 15.328 15.312 15.295 15.279 15.263 15.247 15.231 15.194 15.123 15.052 14.980 14.901 14.818 14.734 14.650 14.566 14.483 14.398 14.318 14.242 14.166 14.089 14.012 13.936 13.859 13.749 13.631 13.512 13.393 13.290 13.188 13.086 12.984 12.881 12.780 12.678 12.576 12.473 12.371 12.302 12.268 12.234 12.200 12.165 12.132 12.098 12.064 12.030 11.996 11.961 11.927 11.893 11.859 11.867 11.879 11.892 11.905 11.918 11.930 11.943 11.956 11.969 11.981 11.994 12.007 12.020 12.032 12.049 12.068 12.086
14.849 14.959 15.069 15.181 15.291 15.315 15.299 15.283 15.267 15.251 15.234 15.219 15.202 15.186 15.171 15.151 15.080 15.008 14.929 14.845 14.761 14.677 14.596 14.519 14.442 14.366 14.289 14.213 14.136 14.060 13.983 13.907 13.791 13.672 13.553 13.434 13.317 13.207 13.104 13.002 12.901 12.799 12.696 12.594 12.492 12.390 12.326 12.292 12.258 12.223 12.190 12.156 12.122 12.088 12.053 12.019 11.985 11.951 11.916 11.869 11.840 11.837 11.850 11.862 11.875 11.888 11.901 11.913 11.926 11.939 11.952 11.964 11.977 11.990 12.007 12.026 12.044
14.814 14.925 15.036 15.146 15.256 15.270 15.255 15.239 15.222 15.206 15.191 15.174 15.158 15.141 15.126 15.110 15.093 15.038 14.956 14.872 14.796 14.720 14.643 14.567 14.490 14.413 14.337 14.261 14.184 14.107 14.031 13.950 13.832 13.713 13.594 13.477 13.358 13.239 13.123 13.021 12.919 12.817 12.715 12.612 12.511 12.409 12.350 12.316 12.281 12.248 12.214 12.180 12.146 12.111 12.077 12.043 12.006 11.959 11.912 11.865 11.838 11.822 11.807 11.820 11.833 11.845 11.858 11.871 11.884 11.896 11.909 11.922 11.935 11.947 11.965 11.984 12.002
14.780 14.890 15.001 15.111 15.221 15.227 15.210 15.194 15.178 15.162 15.146 15.129 15.113 15.098 15.081 15.065 15.049 15.040 14.997 14.920 14.843 14.767 14.691 14.614 14.537 14.461 14.385 14.308 14.231 14.155 14.079 13.991 13.873 13.754 13.636 13.518 13.399 13.280 13.162 13.044 12.938 12.835 12.733 12.632 12.530 12.427 12.374 12.339 12.306 12.272 12.238 12.203 12.169 12.135 12.097 12.050 12.003 11.956 11.909 11.862 11.836 11.821 11.805 11.789 11.790 11.803 11.816 11.829 11.841 11.854 11.867 11.880 11.892 11.905 11.923 11.942 11.960
14.745 14.856 14.966 15.076 15.187 15.182 15.166 15.149 15.134 15.118 15.101 15.085 15.069 15.053 15.040 15.032 15.025 15.017 15.013 14.967 14.891 14.815 14.738 14.661 14.586 14.509 14.432 14.355 14.280 14.203 14.126 14.033 13.914 13.796 13.677 13.559 13.440 13.321 13.204 13.085 12.966 12.854 12.753 12.650 12.548 12.446 12.397 12.364 12.330 12.296 12.261 12.227 12.188 12.141 12.094 12.047 12.000 11.953 11.906 11.858 11.834 11.819 11.803 11.787 11.772 11.761 11.773 11.786 11.799 11.812 11.824 11.837 11.850 11.863 11.881 11.900 11.918
14.711 14.821 14.931 15.042 15.153 15.138 15.121 15.106 15.089 15.073 15.057 15.041 15.033 15.025 15.017 15.009 15.001 14.995 14.990 14.986 14.939 14.862 14.785 14.710 14.633 14.556 14.479 14.404 14.327 14.250 14.173 14.074 13.956 13.837 13.719 13.600 13.481 13.363 13.245 13.126 13.007 12.889 12.771 12.669 12.567 12.464 12.422 12.388 12.354 12.319 12.278 12.232 12.185 12.138 12.090 12.043 11.996 11.949 11.902 11.855 11.832 11.817 11.801 11.786 11.770 11.754 11.739 11.744 11.756 11.769 11.782 11.795 11.807 11.820 11.839 11.858 11.877
14.657 14.786 14.897 15.008 15.109 15.093 15.077 15.061 15.045 15.032 15.025 15.017 15.009 15.001 14.994 14.986 14.978 14.972 14.968 14.963 14.959 14.909 14.834 14.757 14.680 14.604 14.528 14.451 14.374 14.298 14.221 14.116 13.997 13.878 13.760 13.641 13.523 13.405 13.286 13.167 13.048 12.931 12.812 12.693 12.585 12.484 12.446 12.412 12.369 12.322 12.276 12.229 12.181 12.134 12.087 12.040 11.993 11.946 11.899 11.852 11.831 11.815 11.799 11.784 11.768 11.752 11.737 11.721 11.714 11.727 11.739 11.752 11.765 11.778 11.797 11.816 11.835
14.592 14.722 14.853 14.973 15.065 15.048 15.033 15.025 15.017 15.010 15.002 14.994 14.986 14.979 14.971 14.963 14.955 14.950 14.946 14.941 14.936 14.932 14.881 14.804 14.728 14.652 14.575 14.498 14.422 14.345 14.269 14.157 14.038 13.920 13.801 13.683 13.564 13.446 13.327 13.209 13.091 12.972 12.853 12.734 12.617 12.504 12.460 12.413 12.366 12.320 12.272 12.225 12.178 12.131 12.084 12.037 11.990 11.943 11.895 11.848 11.829 11.813 11.798 11.782 11.766 11.751 11.735 11.719 11.704 11.688 11.697 11.710 11.722 11.736 11.755 11.774 11.793
14.526 14.657 14.788 14.918 15.025 15.018 15.010 15.002 14.994 14.987 14.979 14.971 14.963 14.955 14.947 14.939 14.933 14.928 14.923 14.918 14.914 14.909 14.905 14.852 14.776 14.699 14.623 14.546 14.469 14.393 14.317 14.198 14.079 13.962 13.843 13.724 13.606 13.487 13.369 13.250 13.132 13.013 12.894 12.777 12.659 12.543 12.465 12.410 12.363 12.316 12.269 12.221 12.174 12.127 12.080 12.033 11.986 11.939 11.892 11.845 11.827 11.811 11.796 11.780 11.764 11.749 11.733 11.718 11.702 11.686 11.671 11.667 11.680 11.695 11.713 11.732 11.751
14.461 14.592 14.723 14.854 14.967 14.982 14.986 14.978 14.971 14.963 14.955 14.947 14.940 14.932 14.924 14.917 14.910 14.905 14.900 14.896 14.892 14.887 14.882 14.877 14.823 14.747 14.670 14.593 14.517 14.441 14.358 14.239 14.122 14.003 13.884 13.765 13.647 13.529 13.410 13.292 13.173 13.054 12.937 12.819 12.701 12.586 12.508 12.431 12.360 12.312 12.265 12.219 12.172 12.124 12.077 12.030 11.983 11.936 11.889 11.842 11.825 11.810 11.794 11.778 11.763 11.747 11.731 11.716 11.700 11.684 11.669 11.653 11.638 11.653 11.673 11.696 11.720
14.396 14.528 14.659 14.792 14.909 14.923 14.938 14.954 14.948 14.940 14.932 14.925 14.917 14.909 14.901 14.894 14.887 14.882 14.879 14.874 14.869 14.864 14.859 14.855 14.851 14.794 14.717 14.642 14.565 14.488 14.399 14.281 14.163 14.044 13.925 13.807 13.689 13.570 13.451 13.333 13.215 13.098 12.980 12.862 12.744 12.629 12.552 12.475 12.397 12.319 12.263 12.215 12.168 12.121 12.074 12.027 11.980 11.932 11.885 11.839 11.823 11.808 11.792 11.776 11.761 11.745 11.730 11.714 11.698 11.683 11.667 11.651 11.634 11.626 11.642 11.665 11.688
14.333 14.464 14.596 14.728 14.850 14.865 14.880 14.895 14.910 14.916 14.909 14.901 14.893 14.885 14.878 14.870 14.865 14.860 14.856 14.851 14.846 14.841 14.838 14.833 14.828 14.823 14.766 14.689 14.612 14.535 14.441 14.322 14.204 14.085 13.966 13.849 13.730 13.611 13.493 13.377 13.259 13.141 13.023 12.905 12.788 12.673 12.596 12.518 12.440 12.364 12.286 12.212 12.164 12.117 12.070 12.023 11.976 11.929 11.882 11.837 11.822 11.806 11.790 11.775 11.759 11.743 11.728 11.712 11.696 11.681 11.663 11.645 11.627 11.621 11.625 11.634 11.657
14.270 14.401 14.534 14.665 14.791 14.807 14.822 14.837 14.851 14.867 14.882 14.878 14.870 14.863 14.855 14.847 14.842 14.838 14.833 14.828 14.824 14.820 14.815 14.810 14.805 14.802 14.797 14.736 14.660 14.584 14.482 14.364 14.245 14.127 14.008 13.890 13.772 13.654 13.537 13.419 13.302 13.184 13.066 12.949 12.831 12.716 12.639 12.561 12.484 12.407 12.329 12.252 12.174 12.114 12.067 12.020 11.973 11.926 11.879 11.836 11.820 11.804 11.789 11.773 11.757 11.742 11.726 11.710 11.693 11.675 11.657 11.639 11.621 11.615 11.619 11.623 11.627
14.206 14.339 14.470 14.602 14.734 14.748 14.763 14.778 14.794 14.809 14.823 14.838 14.848 14.840 14.831 14.824 14.820 14.815 14.811 14.806 14.802 14.797 14.792 14.787 14.784 14.779 14.774 14.769 14.708 14.631 14.523 14.405 14.287 14.168 14.051 13.933 13.815 13.698 13.580 13.462 13.345 13.228 13.110 12.992 12.874 12.760 12.683 12.605 12.528 12.450 12.372 12.296 12.218 12.140 12.064 12.017 11.970 11.922 11.875 11.834 11.818 11.802 11.787 11.771 11.756 11.740 11.722 11.704 11.686 11.668 11.650 11.632 11.614 11.610 11.614 11.618 11.622
14.144 14.275 14.407 14.538 14.671 14.690 14.705 14.720 14.735 14.750 14.765 14.780 14.795 14.810 14.808 14.802 14.798 14.793 14.789 14.784 14.779 14.774 14.771 14.766 14.761 14.756 14.752 14.748 14.743 14.679 14.565 14.447 14.329 14.211 14.094 13.977 13.859 13.741 13.623 13.505 13.388 13.271 13.153 13.035 12.917 12.804 12.726 12.648 12.571 12.493 12.417 12.339 12.261 12.184 12.106 12.029 11.966 11.919 11.872 11.832 11.816 11.801 11.785 11.769 11.751 11.734 11.716 11.698 11.680 11.662 11.644 11.626 11.608 11.605 11.609 11.613 11.617
14.080 14.212 14.343 14.476 14.607 14.631 14.647 14.662 14.677 14.691 14.707 14.722 14.737 14.751 14.767 14.805 14.799 14.795 14.789 14.784 14.779 14.774 14.769 14.763 14.758 14.754 14.748 14.743 14.737 14.728 14.608 14.490 14.372 14.254 14.137 14.020 13.902 13.784 13.666 13.549 13.431 13.314 13.196 13.079 12.961 12.847 12.769 12.692 12.615 12.537 12.460 12.382 12.304 12.227 12.150 12.072 11.995 11.917 11.869 11.830 11.815 11.799 11.781 11.763 11.745 11.727 11.709 11.691 11.673 11.655 11.637 11.619 11.601 11.600 11.604 11.608 11.612
14.017 14.149 14.281 14.413 14.544 14.574 14.588 14.603 14.618 14.634 14.648 14.663 14.678 14.721 14.813 14.884 14.880 14.875 14.869 14.864 14.859 14.854 14.849 14.843 14.839 14.833 14.828 14.822 14.816 14.784 14.670 14.535 14.415 14.298 14.180 14.063 13.945 13.828 13.710 13.592 13.474 13.356 13.240 13.122 13.004 12.890 12.813 12.736 12.658 12.581 12.503 12.425 12.349 12.271 12.193 12.116 12.038 11.961 11.883 11.828 11.810 11.792 11.774 11.756 11.738 11.720 11.703 11.685 11.667 11.649 11.631 11.613 11.595 11.594 11.598 11.602 11.606
13.954 14.086 14.218 14.349 14.481 14.515 14.530 14.545 14.560 14.575 14.590 14.605 14.680 14.772 14.864 14.957 14.960 14.954 14.949 14.944 14.939 14.934 14.928 14.924 14.918 14.913 14.908 14.902 14.871 14.839 14.743 14.609 14.476 14.341 14.223 14.105 13.989 13.871 13.753 13.635 13.518 13.400 13.283 13.165 13.047 12.934 12.857 12.779 12.701 12.624 12.546 12.470 12.392 12.314 12.237 12.159 12.082 12.001 11.898 11.823 11.804 11.786 11.768 11.750 11.732 11.714 11.696 11.678 11.660 11.642 11.624 11.606 11.588 11.589 11.593 11.597 11.601
13.891 14.023 14.154 14.286 14.418 14.456 14.471 14.487 14.502 14.516 14.547 14.640 14.732 14.824 14.917 15.008 15.039 15.034 15.030 15.024 15.019 15.013 15.009 15.004 14.998 14.993 14.988 14.957 14.926 14.894 14.818 14.683 14.549 14.415 14.281 14.149 14.032 13.914 13.796 13.679 13.561 13.443 13.325 13.208 13.091 12.978 12.900 12.822 12.745 12.668 12.590 12.513 12.435 12.357 12.280 12.203 12.099 11.996 11.893 11.819 11.800 11.780 11.761 11.743 11.725 11.707 11.689 11.671 11.654 11.636 11.618 11.600 11.582 11.584 11.588 11.592 11.596
13.828 13.959 14.091 14.224 14.355 14.398 14.413 14.428 14.443 14.506 14.599 14.691 14.783 14.876 14.968 15.060 15.119 15.115 15.109 15.104 15.098 15.094 15.089 15.083 15.078 15.073 15.044 15.012 14.981 14.950 14.891 14.757 14.623 14.489 14.355 14.221 14.087 13.957 13.840 13.722 13.604 13.486 13.369 13.252 13.134 13.021 12.943 12.866 12.789 12.711 12.634 12.556 12.478 12.402 12.301 12.197 12.094 11.991 11.888 11.815 11.796 11.776 11.757 11.737 11.719 11.701 11.683 11.665 11.647 11.629 11.611 11.593 11.575 11.579 11.583 11.586 11.590
13.781 13.896 14.029 14.160 14.292 14.340 14.355 14.374 14.466 14.559 14.651 14.743 14.836 14.927 15.019 15.111 15.200 15.194 15.189 15.184 15.179 15.174 15.168 15.163 15.159 15.131 15.099 15.067 15.036 15.005 14.964 14.830 14.697 14.563 14.428 14.294 14.161 14.027 13.892 13.765 13.647 13.530 13.412 13.294 13.177 13.064 12.987 12.910 12.832 12.754 12.677 12.599 12.502 12.399 12.295 12.192 12.089 11.986 11.883 11.811 11.792 11.772 11.753 11.733 11.713 11.695 11.677 11.659 11.641 11.623 11.605 11.587 11.570 11.573 11.577 11.581 11.585
13.767 13.875 13.982 14.097 14.228 14.281 14.333 14.425 14.518 14.610 14.702 14.795 14.887 14.979 15.071 15.164 15.256 15.274 15.270 15.264 15.259 15.253 15.249 15.244 15.218 15.186 15.155 15.123 15.091 15.060 15.028 14.905 14.770 14.636 14.502 14.369 14.234 14.100 13.966 13.832 13.698 13.573 13.455 13.337 13.221 13.108 13.031 12.953 12.875 12.798 12.703 12.600 12.497 12.393 12.290 12.187 12.084 11.981 11.878 11.807 11.788 11.768 11.748 11.729 11.709 11.690 11.670 11.652 11.634 11.616 11.598 11.580 11.564 11.568 11.572 11.576 11.580
