includes/oleron/floodfiles/results/res-0004.wdfp
ncols         631
nrows         906
xllcorner     364927.146667
yllcorner     6531972.565556
cellsize      20.000000
NODATA_value  -9999.000000
[rows 646 to 679 of 906, columns 385 to 461 of 631]
0.657 0.759 1.249 0.980 0.433 1.845 0.576 1.147 0.569 0.000 1.429 1.259 0.310 0.000 0.000 0.000 0.000 0.000 1.005 2.208 1.020 1.052 0.469 0.685 0.726 2.532 0.102 0.782 1.611 1.632 0.654 1.626 1.697 1.459 2.496 0.820 0.824 1.602 0.645 1.395 1.756 1.797 1.317 1.587 1.120 1.142 1.473 1.192 0.605 0.917 1.139 0.992 0.285 0.604 1.268 1.370 0.732 1.345 1.167 0.994 0.966 1.138 1.140 0.851 1.073 1.204 1.285 1.356 1.149 1.646 2.673 2.693 2.793 2.872 2.832 2.772 2.773
1.167 0.849 1.010 1.251 1.083 1.926 1.466 0.747 0.295 0.719 0.647 0.709 0.961 0.713 0.785 0.592 1.033 2.277 0.298 2.100 0.911 0.972 0.482 1.628 1.578 2.513 2.509 0.000 0.445 1.965 1.457 1.628 1.718 0.161 2.481 2.387 0.826 1.695 1.926 0.258 1.718 1.589 1.800 0.000 1.195 1.606 1.375 0.507 0.808 0.759 1.049 0.003 1.385 1.396 1.348 1.000 1.093 1.055 0.000 1.145 1.366 0.999 1.140 1.141 1.142 0.924 1.325 1.476 0.899 1.645 1.646 2.762 2.822 2.812 2.862 2.842 2.872
0.777 1.099 1.200 0.661 0.653 1.756 1.807 1.119 0.406 0.757 0.204 2.039 0.000 0.015 1.235 0.787 0.000 0.431 0.766 1.116 0.747 0.001 1.088 1.848 0.788 0.000 2.490 2.485 1.079 0.859 1.089 1.360 1.710 0.465 1.457 2.460 0.828 1.307 1.749 1.021 1.012 1.072 1.823 1.618 1.579 1.859 0.700 1.061 1.101 0.890 0.000 0.843 1.355 1.166 1.058 0.691 1.194 1.317 1.429 0.204 0.437 1.309 1.130 1.141 1.713 1.134 1.065 1.076 1.599 2.440 1.645 2.972 2.812 2.692 2.712 3.072 2.966
1.038 1.079 1.070 0.961 0.823 0.766 1.878 1.242 1.916 0.507 0.423 0.919 1.041 1.053 1.084 0.287 0.000 1.141 1.181 1.301 1.114 1.288 1.309 1.289 0.969 0.000 0.180 0.760 2.464 1.301 0.692 1.673 1.693 1.435 1.528 2.443 0.830 0.834 1.612 1.482 1.055 1.645 0.538 1.701 1.721 1.841 0.904 0.964 0.884 0.015 1.591 1.452 1.334 0.476 1.039 0.991 0.325 1.168 1.300 1.533 1.285 0.449 1.031 1.141 1.173 1.034 1.135 1.127 1.589 2.320 1.644 2.971 2.871 2.731 2.891 2.898 2.851
0.838 0.969 1.010 1.111 0.514 0.447 0.322 1.315 0.792 1.828 0.722 0.779 0.991 0.122 0.002 0.341 0.000 0.952 1.002 0.763 1.006 1.259 1.079 1.250 0.681 0.564 0.405 0.214 0.124 2.445 1.574 1.874 1.774 1.635 1.028 2.044 2.430 0.838 1.886 0.447 1.660 0.961 1.934 1.914 1.904 1.095 0.949 0.794 0.446 1.387 1.510 1.541 0.924 1.175 0.739 0.943 1.136 0.299 0.941 1.133 1.196 1.249 1.140 1.141 1.173 1.274 1.175 1.146 1.658 2.109 1.644 3.040 2.791 2.701 2.861 3.161 2.971
1.019 0.929 0.720 1.101 0.368 0.700 0.328 0.503 1.648 1.808 0.772 0.578 0.942 0.024 0.984 0.884 0.002 0.703 1.033 0.485 0.878 1.310 1.451 1.562 1.184 1.456 1.057 1.087 0.787 1.156 2.423 0.786 1.855 1.895 0.470 0.760 2.414 0.841 1.819 1.691 1.182 1.944 1.865 1.506 1.507 0.857 0.864 0.917 1.426 0.853 1.499 0.371 1.384 0.905 0.259 0.905 1.238 1.190 1.121 0.134 0.977 1.169 1.140 1.462 1.363 1.464 1.305 1.366 1.608 2.209 1.643 3.420 2.800 2.770 2.960 3.000 2.990
1.810 0.530 0.206 0.272 0.946 0.240 1.857 0.527 1.878 1.858 0.762 0.419 0.986 1.120 1.354 0.000 0.002 1.083 1.014 0.726 0.919 1.461 1.232 1.243 1.315 1.377 0.948 0.000 0.649 3.008 1.138 2.404 0.201 1.425 0.131 0.813 2.399 0.844 1.512 1.653 1.114 1.096 1.717 1.598 1.879 0.863 1.088 1.654 1.326 0.901 0.149 1.711 0.634 1.206 1.097 0.000 1.128 1.310 1.152 0.895 0.607 1.139 1.140 1.312 1.263 1.434 1.625 1.505 1.107 2.329 1.643 3.039 2.999 2.779 2.926 3.040 3.010
0.762 1.262 0.420 1.140 0.441 1.487 0.897 1.778 1.858 1.848 0.642 0.399 0.866 1.020 1.927 0.828 0.916 0.932 1.034 0.957 0.750 0.962 0.723 0.945 0.707 1.570 1.693 1.694 0.994 0.402 0.343 1.101 2.401 0.000 0.000 0.015 2.384 0.847 1.964 1.266 1.827 0.938 1.019 1.690 1.881 0.867 1.091 1.636 1.438 0.584 1.919 1.851 1.193 1.156 1.208 1.140 0.436 0.000 1.154 1.156 1.137 1.139 1.020 0.932 1.373 1.464 1.624 1.505 1.417 1.642 1.642 3.139 2.899 2.857 2.973 2.949 3.209
0.903 0.463 0.202 0.960 0.743 1.197 1.098 1.118 0.640 0.462 1.895 0.320 1.155 0.877 0.426 0.667 0.887 1.022 0.675 0.758 0.591 1.274 1.255 1.387 1.518 0.412 1.505 1.585 1.787 0.118 0.101 0.308 3.202 2.379 1.824 0.094 2.368 0.851 0.852 1.899 1.879 1.820 1.292 1.144 0.865 0.872 1.093 1.658 1.591 2.017 1.969 0.781 1.003 0.506 1.209 1.072 0.957 1.129 0.224 1.046 1.137 1.139 1.230 1.331 1.403 1.463 1.654 1.585 1.096 1.641 3.048 2.948 2.908 2.978 3.021 2.948 3.059
1.303 1.553 0.164 1.340 0.164 1.657 0.589 0.511 0.553 1.776 0.837 1.090 0.972 0.713 0.000 0.727 0.590 1.074 0.756 0.901 1.714 1.714 1.045 0.690 0.913 1.677 1.677 0.189 1.671 1.942 0.656 0.799 3.152 0.404 3.176 2.356 2.351 2.189 0.856 0.858 0.860 0.862 0.865 0.868 0.872 3.033 1.095 1.989 0.863 1.937 1.779 1.231 0.824 1.497 0.640 0.604 1.358 1.130 0.844 1.136 1.137 1.099 1.240 1.251 1.322 1.383 1.514 1.345 1.986 1.641 3.017 3.007 3.037 2.948 3.398 3.098 3.018
0.000 0.370 0.358 1.340 0.264 0.350 0.651 1.224 0.685 0.566 0.938 0.740 0.801 0.881 0.046 0.720 0.933 0.974 0.937 0.705 0.350 0.403 0.364 1.457 0.658 0.749 1.849 1.533 1.573 1.323 0.002 0.281 1.892 0.476 1.007 0.598 1.879 2.921 2.332 2.331 2.329 0.869 0.872 2.326 2.502 2.319 1.097 1.980 1.226 1.368 0.890 1.192 0.784 1.017 1.140 0.795 0.689 1.002 1.134 1.136 0.898 2.159 1.100 1.341 1.392 1.463 1.314 1.225 1.640 1.640 3.097 2.897 2.997 2.887 3.207 3.097 3.017
0.000 0.003 1.000 1.241 0.010 1.614 0.134 0.735 1.456 1.677 0.938 1.460 1.130 1.741 2.381 0.350 0.588 0.546 0.000 1.471 1.581 1.461 0.821 0.741 2.124 2.064 0.000 1.946 1.556 0.876 0.000 0.043 0.586 3.248 1.169 1.179 0.650 0.585 1.878 1.020 2.585 2.315 2.312 1.223 1.094 1.524 1.099 0.853 1.499 1.830 1.952 1.803 0.855 1.077 0.841 1.326 0.790 1.133 1.629 1.630 0.948 1.289 1.180 1.341 1.472 1.393 1.163 1.764 1.639 2.925 3.006 2.916 2.946 2.956 3.187 3.087 3.097
0.000 0.000 0.000 1.161 0.379 1.614 0.000 0.756 1.166 1.477 0.958 1.580 1.750 1.831 0.100 1.046 1.197 0.000 1.041 1.471 1.382 1.042 1.352 0.263 2.015 1.815 0.808 1.748 1.338 1.589 1.120 0.615 0.846 0.129 2.550 0.551 0.265 1.529 1.649 1.441 0.578 2.763 2.294 1.325 2.596 0.489 1.103 1.106 1.829 1.891 1.772 1.984 1.965 1.397 0.582 1.327 1.211 1.627 1.629 1.630 1.632 1.249 1.230 1.221 1.742 1.262 1.603 1.637 1.638 2.955 3.125 2.965 3.056 3.476 3.166 3.066 3.086
0.000 0.000 0.000 0.085 0.211 1.635 0.725 1.255 0.766 1.117 0.648 1.540 1.840 1.490 0.167 0.978 1.159 1.301 1.191 1.372 1.162 1.303 1.033 2.045 2.045 0.000 2.121 2.250 0.921 1.201 0.403 0.746 0.857 0.370 1.591 0.434 1.430 1.170 0.701 0.934 2.433 2.281 2.277 2.057 1.948 1.293 1.295 1.107 1.110 1.112 1.113 1.915 1.826 1.308 1.102 0.537 1.131 1.133 2.505 1.630 1.632 1.633 1.634 1.051 1.636 1.636 1.636 1.637 2.914 2.944 3.065 2.995 2.945 3.153 3.065 3.006 2.956
0.000 0.000 0.000 0.000 0.000 1.605 1.445 1.495 0.256 1.537 0.278 1.150 1.720 1.590 0.024 0.970 0.980 1.121 1.162 1.122 1.203 1.313 0.605 1.996 1.326 1.201 2.102 0.812 1.433 1.484 1.685 0.607 0.929 1.062 0.972 0.576 0.910 1.721 1.692 3.324 0.953 2.264 2.260 1.269 1.461 1.304 1.917 1.439 1.371 1.553 1.115 1.116 1.117 0.970 1.554 1.448 1.131 1.303 1.325 1.117 1.632 1.633 1.634 1.635 1.635 2.712 2.752 2.832 2.973 2.994 2.904 3.194 3.034 3.425 3.185 3.075 3.115
0.000 0.000 0.000 0.000 0.000 0.625 1.835 1.185 0.356 0.677 0.667 0.330 0.401 0.224 0.000 1.070 1.091 0.811 0.822 0.973 1.194 1.344 1.926 1.996 0.000 2.103 2.093 0.874 0.575 1.276 1.147 1.568 0.261 1.043 0.764 1.198 1.180 2.361 1.342 0.329 0.577 2.247 2.243 1.231 1.363 1.985 1.507 1.490 1.283 1.495 1.596 1.488 1.119 1.121 0.905 1.128 1.131 1.233 1.315 1.267 1.278 1.633 2.600 3.371 2.711 2.771 2.772 2.912 3.013 2.933 2.943 3.384 3.224 3.124 3.054 3.105 3.145
0.000 0.000 0.000 0.000 0.000 0.000 0.000 0.000 0.000 0.207 0.867 0.040 0.288 0.165 1.419 0.891 0.751 0.892 0.893 0.904 0.934 0.496 1.987 1.297 0.743 2.074 0.775 1.567 0.787 0.918 0.809 1.031 0.883 0.454 0.786 0.917 2.231 1.371 0.903 0.514 1.040 2.230 3.311 0.803 1.375 1.297 1.129 1.191 2.254 1.586 1.497 1.539 1.670 1.122 1.436 1.128 1.221 1.254 1.305 1.227 1.709 1.634 2.520 2.671 3.171 2.841 2.902 2.972 3.052 2.933 2.823 3.063 3.013 3.144 3.114 3.134 3.024
0.000 0.000 0.000 0.000 0.000 0.000 0.000 0.000 0.000 0.287 0.627 0.160 0.538 1.969 0.000 1.821 0.432 0.553 0.543 0.975 0.836 2.099 2.079 0.000 2.046 2.056 1.347 1.367 0.939 0.790 1.442 1.323 1.844 2.125 2.816 2.567 0.890 2.202 0.467 1.567 0.731 3.393 2.209 1.485 1.417 1.418 1.390 1.173 1.545 1.467 1.508 1.680 1.551 1.123 1.126 1.128 1.151 1.334 1.325 1.147 2.219 1.634 2.650 2.650 2.721 2.891 2.881 2.902 2.962 2.912 3.063 3.463 3.103 3.103 3.093 3.134 3.054
0.000 0.000 0.000 0.000 0.000 0.000 0.000 0.000 0.000 0.000 0.607 0.137 0.000 0.000 1.192 1.122 0.473 0.394 0.346 0.318 0.549 2.110 1.170 1.205 2.086 0.947 1.988 1.388 1.380 1.862 1.873 0.713 0.815 1.335 0.035 0.908 1.401 1.102 0.908 0.539 1.504 2.904 2.191 1.626 1.378 1.639 1.181 1.164 1.366 1.368 1.510 1.541 1.593 1.744 1.566 1.159 1.202 1.224 1.235 1.197 1.633 1.634 2.850 2.690 2.731 2.751 3.151 3.051 3.012 3.012 3.022 3.082 3.293 3.063 3.123 3.123 3.103
0.000 0.000 0.000 0.000 0.000 0.000 0.000 0.000 0.000 0.366 0.897 0.736 0.000 0.000 1.332 1.002 0.314 0.358 0.670 0.640 2.111 2.050 0.000 2.077 2.167 0.838 0.968 1.149 0.991 1.922 1.973 1.834 1.755 1.596 1.816 0.548 1.311 0.409 0.556 1.343 1.714 1.265 2.174 2.171 1.959 1.340 2.482 1.316 1.288 1.389 1.461 1.552 1.593 1.635 1.107 1.100 1.312 1.214 1.186 1.087 1.633 2.679 2.680 2.690 2.820 2.910 2.881 3.041 3.001 3.332 3.152 3.072 3.452 3.162 3.233 3.123 3.253
0.000 0.000 0.000 0.000 0.000 0.000 0.000 0.000 0.000 0.000 0.506 1.266 0.000 0.312 1.192 0.243 0.236 0.470 0.741 0.741 1.841 1.262 1.086 2.087 1.417 1.958 0.789 1.050 0.821 0.393 1.944 1.904 0.925 0.986 1.637 1.208 0.403 0.626 0.700 1.284 1.155 1.426 1.208 2.153 2.150 1.341 0.295 1.298 1.209 1.370 1.312 1.453 1.594 1.546 1.308 1.250 1.262 1.034 1.276 1.447 1.633 2.719 2.849 2.840 2.800 2.820 2.940 2.921 3.101 2.841 3.361 3.032 3.172 2.982 3.242 3.082 3.103
0.000 0.000 0.000 0.000 0.000 0.000 0.000 0.000 0.000 0.000 0.000 0.216 0.000 0.000 0.000 0.000 0.152 0.592 0.552 0.313 0.893 0.000 2.108 2.048 0.179 1.360 1.921 0.752 0.793 1.814 1.974 1.805 1.906 1.766 0.937 1.858 0.000 0.708 0.801 0.664 1.386 1.277 1.519 1.620 2.133 2.130 1.268 1.614 1.615 1.616 1.617 1.618 1.619 1.621 1.623 1.625 1.627 1.629 1.630 1.631 1.632 2.769 2.789 2.899 2.840 2.860 2.940 2.940 3.081 3.081 3.071 3.051 3.001 3.092 3.002 3.002 3.192
0.000 0.000 0.000 0.000 0.000 0.000 0.000 0.000 0.000 0.000 0.000 0.366 0.000 0.979 0.719 0.989 0.669 0.127 0.437 0.508 0.668 1.149 2.058 1.498 0.710 0.571 1.142 1.093 1.734 1.764 1.994 1.385 1.136 1.427 0.710 0.783 1.409 0.747 1.583 1.405 1.826 1.737 1.489 1.201 1.914 2.113 1.449 2.760 1.152 1.143 1.164 1.005 0.767 1.009 0.921 0.982 0.354 1.896 2.677 2.287 2.668 2.768 2.899 2.889 2.869 2.949 2.990 2.970 3.190 2.980 3.011 3.061 3.051 3.051 3.111 3.262 3.182
0.000 0.000 0.000 0.000 0.000 0.000 0.000 0.000 0.000 0.000 0.000 0.000 0.000 0.000 0.000 1.109 1.169 1.199 0.939 0.599 1.539 0.839 2.159 0.730 0.741 1.063 1.523 1.194 1.684 1.764 0.526 0.837 0.968 1.000 1.322 0.925 1.039 0.207 0.463 1.485 1.127 0.839 0.882 0.784 0.817 2.097 2.094 1.532 1.413 1.465 1.466 1.367 1.180 1.501 1.263 1.295 1.766 2.396 2.727 2.827 2.938 2.808 2.898 2.959 2.999 2.919 2.949 3.070 3.310 3.130 3.060 3.090 3.081 3.131 3.271 3.171 3.191
0.000 0.000 0.000 0.000 0.000 0.000 0.000 0.000 0.000 0.000 0.000 0.000 0.000 0.389 1.649 1.429 0.000 0.000 1.040 1.040 1.160 1.820 1.330 0.781 0.482 1.043 0.724 1.884 1.914 0.586 1.138 0.958 0.909 1.291 1.262 0.886 1.151 1.157 1.352 1.355 0.918 0.861 1.715 1.487 1.489 3.291 2.076 1.463 1.464 1.495 1.437 1.209 1.411 1.322 1.314 1.556 2.096 2.816 2.747 2.897 2.817 2.888 2.888 2.978 2.929 2.989 3.189 3.059 3.330 3.030 3.060 3.130 3.050 3.121 3.181 3.211 3.071
0.000 0.000 0.000 0.000 0.000 0.000 0.000 0.000 0.000 0.000 0.000 0.000 0.000 0.000 0.000 0.000 0.602 1.632 0.000 1.231 0.891 1.131 0.772 1.773 0.913 0.664 2.015 1.825 0.566 1.577 1.668 1.569 1.480 1.372 1.293 0.836 0.891 0.837 1.252 1.615 1.349 1.382 1.436 1.148 0.951 1.603 2.059 3.305 2.086 2.436 1.468 1.400 1.381 1.123 1.475 2.056 2.666 2.776 2.787 2.777 2.867 2.988 2.918 3.058 3.058 3.119 3.079 3.089 3.319 3.119 3.050 3.110 3.160 3.000 3.270 3.170 3.170
0.000 0.000 0.000 0.000 0.000 0.000 0.000 0.000 0.000 0.000 0.000 0.000 0.000 0.000 0.000 0.000 0.152 0.402 1.012 0.952 0.722 0.832 0.883 1.373 0.994 1.825 1.655 1.615 1.886 1.767 1.948 1.089 1.441 1.242 1.354 1.176 0.481 0.687 1.162 0.705 1.809 1.073 1.147 1.691 1.323 3.184 2.041 2.038 1.766 1.488 1.429 1.241 1.383 1.374 1.905 2.596 2.676 2.816 2.777 2.817 2.867 2.867 2.968 2.998 2.998 3.088 3.059 3.119 3.039 3.059 3.019 3.029 3.060 3.190 3.110 3.320 3.190
0.000 0.000 0.000 0.000 0.000 0.000 0.000 0.000 0.000 0.000 0.000 0.000 0.000 0.000 0.000 0.000 0.142 0.152 0.282 0.812 1.053 0.823 1.083 1.044 1.574 1.715 1.825 1.765 1.886 1.867 1.738 0.944 0.946 1.163 1.095 1.117 0.956 0.797 0.921 0.964 0.228 0.926 0.983 3.402 2.030 1.555 1.686 2.020 2.016 1.349 1.440 1.382 1.324 1.525 2.576 2.676 2.726 2.746 2.937 2.997 2.877 2.887 2.918 2.998 3.008 3.078 3.058 3.198 3.059 3.039 3.019 3.019 3.079 3.079 3.140 3.140 3.210
0.000 0.000 0.000 0.000 0.000 0.000 0.000 0.000 0.000 0.000 0.000 0.000 0.000 0.000 0.000 0.000 0.000 0.000 0.423 0.573 0.913 1.074 1.364 1.134 1.304 1.225 1.665 1.765 0.941 0.941 0.943 0.945 0.947 1.224 1.335 0.952 0.956 0.961 0.931 0.974 1.097 0.456 0.983 0.986 1.875 1.586 1.627 2.006 2.001 1.490 1.632 1.393 1.455 2.545 2.706 2.836 2.716 2.726 2.887 2.917 3.017 2.977 2.947 3.058 3.288 3.038 3.008 3.098 3.148 2.968 3.079 3.049 3.159 3.009 3.079 3.159 3.329
0.000 0.000 0.000 0.000 0.000 0.000 0.000 0.000 0.000 0.000 0.000 0.000 0.000 0.000 0.000 0.000 0.000 0.000 0.273 0.653 1.154 1.184 1.064 1.104 1.195 0.939 0.939 0.940 0.941 0.942 0.943 0.946 0.947 1.625 0.951 0.953 0.972 0.961 0.966 2.085 0.441 1.847 2.439 0.987 1.326 1.858 2.109 1.929 1.947 1.941 1.693 1.504 2.195 2.795 2.826 2.876 2.836 2.906 2.966 2.907 2.937 2.997 2.997 3.017 2.998 2.968 3.018 3.128 3.148 3.078 3.168 3.118 3.099 3.139 3.189 3.189 3.219
0.000 0.000 0.000 0.000 0.000 0.000 0.000 0.000 0.000 0.000 0.000 0.000 0.000 0.000 0.000 0.000 0.000 0.000 0.000 0.323 0.754 0.604 1.104 0.954 0.939 0.939 0.940 0.000 0.000 0.012 0.000 0.948 0.948 0.950 0.951 0.953 0.956 0.961 0.966 0.972 2.155 2.217 0.984 0.987 1.127 1.959 2.209 3.190 1.870 1.864 2.283 1.755 2.885 2.835 2.966 2.786 2.926 2.936 3.026 2.936 2.997 2.967 3.067 2.767 3.057 3.137 3.108 3.148 3.068 3.258 3.048 3.148 3.178 3.148 3.158 3.248 3.219
0.000 0.000 0.000 0.000 0.000 0.000 0.000 0.000 0.000 0.000 0.000 0.000 0.000 0.000 0.000 0.000 0.000 0.000 0.000 0.000 0.464 0.644 1.784 0.939 0.939 0.939 1.176 0.689 0.681 0.602 0.953 0.854 0.949 0.950 0.951 0.954 2.552 0.961 0.967 0.973 0.979 0.981 0.985 0.685 1.518 1.814 1.807 3.021 3.311 1.786 1.780 2.825 2.975 2.855 2.936 2.816 2.906 2.976 2.936 2.846 3.057 2.897 3.037 2.987 2.857 3.127 3.117 3.167 3.098 3.158 3.148 2.968 3.148 2.998 3.138 3.188 3.248
0.000 0.000 0.000 0.000 0.000 0.000 0.000 0.000 0.000 0.000 0.000 0.000 0.000 0.000 0.000 0.000 0.000 0.000 0.000 0.000 0.454 0.604 1.524 0.939 0.939 2.255 0.776 0.619 0.731 0.832 0.693 0.974 0.815 0.951 0.952 1.080 2.322 1.007 0.968 1.571 2.484 0.368 1.273 1.836 1.743 2.060 2.011 2.141 2.832 1.709 1.702 3.245 2.795 2.895 2.925 2.986 3.036 2.906 3.036 3.016 3.046 3.087 2.977 2.977 2.997 3.067 2.837 3.107 3.117 3.087 3.107 3.058 3.238 3.148 3.208 3.228 3.238
0.000 0.000 0.000 0.000 0.000 0.000 0.000 0.000 0.000 0.000 0.000 0.000 0.000 0.000 0.000 0.000 0.000 0.000 0.000 0.000 0.000 0.834 0.939 0.939 0.000 0.396 0.457 1.221 0.921 0.692 0.904 0.995 1.156 1.447 1.188 2.180 2.201 0.956 0.968 1.171 2.215 3.278 1.903 1.586 1.858 2.280 2.261 2.432 2.622 2.843 1.624 1.617 2.975 3.015 2.975 3.006 3.026 3.066 3.056 3.026 2.876 2.976 3.016 2.897 3.027 3.117 3.057 3.097 3.057 3.097 3.127 3.037 3.207 3.177 3.217 3.247 3.207
