includes/oleron/floodfiles/results/res-0007.wd
ncols         631
nrows         906
xllcorner     364927.146667
yllcorner     6531972.565556
cellsize      20.000000
NODATA_value  -9999.000000
[rows 544 to 577 of 906, columns 539 to 615 of 631]
3.298 3.355 3.412 3.469 3.527 3.584 3.638 3.687 3.736 3.785 3.834 3.883 3.931 3.978 4.024 4.071 4.117 4.164 4.211 4.257 4.304 4.350 4.397 4.413 4.384 4.357 4.329 4.301 4.274 4.247 4.219 4.192 4.164 4.137 4.109 4.082 4.245 4.495 4.744 4.938 4.914 4.890 4.866 4.842 4.818 4.794 4.770 4.747 4.723 4.699 4.675 4.690 4.749 4.809 4.868 4.927 5.102 5.289 5.354 5.417 5.480 5.543 5.607 5.670 5.734 5.797 5.860 5.924 5.987 6.050 6.210 6.406 6.603 6.799 6.996 7.192 7.388
3.310 3.368 3.425 3.482 3.539 3.596 3.653 3.708 3.757 3.806 3.855 3.904 3.951 3.998 4.045 4.091 4.138 4.184 4.231 4.277 4.352 4.444 4.537 4.553 4.504 4.456 4.406 4.358 4.330 4.303 4.275 4.248 4.220 4.193 4.165 4.138 4.152 4.401 4.651 4.729 4.705 4.681 4.657 4.633 4.609 4.585 4.561 4.549 4.608 4.667 4.726 4.786 4.845 4.904 4.963 5.029 5.216 5.403 5.591 5.695 5.759 5.822 5.885 5.949 6.012 6.075 6.139 6.202 6.265 6.329 6.508 6.705 6.901 7.097 7.294 7.490 7.686
3.323 3.380 3.437 3.494 3.551 3.608 3.666 3.723 3.778 3.827 3.876 3.925 3.972 4.018 4.065 4.111 4.158 4.221 4.313 4.405 4.497 4.589 4.681 4.694 4.645 4.596 4.547 4.498 4.449 4.400 4.351 4.304 4.276 4.249 4.221 4.194 4.166 4.308 4.543 4.519 4.495 4.471 4.447 4.423 4.467 4.526 4.585 4.644 4.704 4.763 4.822 4.881 4.940 4.999 5.058 5.144 5.331 5.518 5.705 5.893 6.037 6.100 6.164 6.227 6.290 6.354 6.417 6.481 6.544 6.610 6.806 7.002 7.199 7.395 7.592 7.788 7.984
3.335 3.392 3.449 3.506 3.564 3.621 3.678 3.735 3.792 3.848 3.897 3.945 3.992 4.039 4.089 4.181 4.273 4.365 4.457 4.549 4.641 4.733 4.825 4.834 4.785 4.736 4.687 4.638 4.589 4.540 4.491 4.442 4.393 4.345 4.296 4.250 4.222 4.215 4.333 4.309 4.326 4.385 4.444 4.503 4.562 4.621 4.680 4.740 4.799 4.858 4.917 4.976 5.035 5.095 5.154 5.258 5.445 5.633 5.820 6.007 6.195 6.379 6.442 6.506 6.569 6.632 6.696 6.759 6.822 6.908 7.104 7.301 7.497 7.693 7.890 8.086 8.282
3.347 3.405 3.462 3.519 3.576 3.633 3.690 3.747 3.804 3.862 3.918 3.966 4.049 4.141 4.233 4.325 4.417 4.509 4.601 4.693 4.785 4.877 4.969 4.974 4.925 4.876 4.827 4.778 4.729 4.680 4.632 4.583 4.534 4.485 4.436 4.387 4.338 4.292 4.303 4.362 4.421 4.480 4.539 4.598 4.658 4.717 4.776 4.835 4.894 4.953 5.012 5.071 5.131 5.190 5.249 5.373 5.560 5.747 5.934 6.122 6.309 6.496 6.684 6.784 6.847 6.911 6.974 7.037 7.101 7.206 7.402 7.599 7.795 7.991 8.188 8.384 8.580
3.360 3.417 3.474 3.531 3.588 3.645 3.702 3.760 3.817 3.924 4.059 4.112 4.193 4.285 4.377 4.469 4.562 4.653 4.745 4.837 4.929 5.021 5.113 5.115 5.066 5.017 4.968 4.919 4.870 4.821 4.772 4.723 4.674 4.625 4.576 4.527 4.487 4.447 4.446 4.457 4.516 4.575 4.634 4.694 4.753 4.812 4.871 4.930 4.989 5.048 5.108 5.167 5.226 5.285 5.344 5.487 5.675 5.862 6.049 6.236 6.424 6.611 6.798 6.985 7.126 7.189 7.252 7.316 7.379 7.504 7.700 7.897 8.093 8.289 8.486 8.682 8.780
3.372 3.429 3.486 3.543 3.601 3.658 3.756 3.891 4.026 4.161 4.295 4.332 4.369 4.430 4.522 4.614 4.706 4.798 4.890 4.982 5.074 5.166 5.258 5.255 5.206 5.157 5.108 5.059 5.010 4.961 4.912 4.863 4.814 4.765 4.722 4.682 4.642 4.603 4.605 4.608 4.611 4.671 4.730 4.789 4.848 4.907 4.966 5.025 5.084 5.144 5.203 5.262 5.321 5.380 5.440 5.602 5.789 5.976 6.164 6.351 6.538 6.725 6.913 7.100 7.287 7.467 7.531 7.594 7.657 7.802 7.998 8.195 8.391 8.587 8.622 8.574 8.526
3.384 3.442 3.499 3.588 3.723 3.858 3.993 4.128 4.263 4.398 4.515 4.552 4.589 4.626 4.666 4.758 4.850 4.942 5.034 5.126 5.218 5.310 5.402 5.395 5.346 5.297 5.248 5.199 5.150 5.101 5.052 5.003 4.956 4.916 4.876 4.836 4.796 4.763 4.765 4.767 4.770 4.772 4.825 4.884 4.943 5.002 5.061 5.121 5.180 5.239 5.298 5.357 5.416 5.476 5.535 5.716 5.904 6.091 6.278 6.465 6.653 6.840 7.027 7.214 7.402 7.589 7.776 7.873 7.936 8.100 8.296 8.493 8.464 8.416 8.368 8.320 8.271
3.420 3.555 3.690 3.825 3.960 4.095 4.230 4.365 4.500 4.635 4.735 4.772 4.809 4.846 4.883 4.920 4.994 5.086 5.178 5.270 5.362 5.454 5.546 5.536 5.487 5.438 5.389 5.340 5.291 5.242 5.193 5.151 5.111 5.071 5.031 4.991 4.951 4.922 4.925 4.927 4.930 4.932 4.935 4.979 5.038 5.097 5.157 5.216 5.275 5.334 5.393 5.452 5.512 5.571 5.644 5.831 6.018 6.205 6.393 6.580 6.767 6.954 7.142 7.329 7.516 7.703 7.891 8.078 8.214 8.355 8.306 8.258 8.210 8.162 8.113 8.065 8.017
3.657 3.792 3.927 4.062 4.197 4.332 4.467 4.602 4.737 4.872 4.955 4.992 5.029 5.066 5.103 5.140 5.177 5.231 5.323 5.415 5.507 5.599 5.691 5.676 5.627 5.578 5.529 5.480 5.431 5.386 5.346 5.306 5.266 5.226 5.186 5.145 5.106 5.082 5.085 5.087 5.089 5.092 5.094 5.097 5.133 5.193 5.252 5.311 5.370 5.429 5.488 5.548 5.607 5.666 5.758 5.945 6.133 6.320 6.507 6.694 6.882 7.069 7.256 7.443 7.631 7.818 8.005 8.171 8.188 8.101 8.052 8.004 7.956 7.907 7.859 7.811 7.763
3.894 4.029 4.164 4.299 4.434 4.569 4.704 4.839 4.974 5.109 5.175 5.212 5.249 5.285 5.322 5.359 5.396 5.433 5.470 5.559 5.651 5.743 5.835 5.816 5.767 5.718 5.669 5.621 5.581 5.541 5.501 5.460 5.420 5.380 5.340 5.300 5.260 5.242 5.244 5.247 5.249 5.252 5.254 5.257 5.259 5.288 5.347 5.406 5.465 5.524 5.584 5.643 5.702 5.761 5.873 6.060 6.247 6.434 6.622 6.809 6.996 7.183 7.371 7.558 7.745 7.932 7.965 7.982 7.999 7.910 7.819 7.749 7.701 7.653 7.605 7.557 7.508
4.131 4.266 4.401 4.536 4.671 4.806 4.941 5.076 5.211 5.347 5.394 5.431 5.468 5.505 5.542 5.579 5.616 5.653 5.690 5.727 5.795 5.887 5.979 5.957 5.908 5.859 5.816 5.776 5.736 5.695 5.655 5.615 5.575 5.535 5.495 5.455 5.415 5.402 5.404 5.407 5.409 5.411 5.414 5.416 5.419 5.421 5.442 5.501 5.560 5.620 5.679 5.738 5.797 5.856 5.987 6.174 6.362 6.549 6.736 6.923 7.111 7.298 7.485 7.672 7.741 7.758 7.776 7.793 7.810 7.719 7.628 7.538 7.447 7.399 7.350 7.302 7.254
4.368 4.503 4.638 4.773 4.908 5.043 5.178 5.314 5.449 5.577 5.614 5.651 5.688 5.725 5.762 5.799 5.836 5.873 5.910 5.947 5.984 6.031 6.123 6.097 6.051 6.011 5.970 5.930 5.890 5.850 5.810 5.770 5.730 5.690 5.650 5.610 5.570 5.562 5.564 5.566 5.569 5.571 5.574 5.576 5.579 5.581 5.583 5.596 5.656 5.715 5.774 5.833 5.892 5.952 6.102 6.289 6.476 6.663 6.851 7.038 7.225 7.412 7.517 7.534 7.552 7.569 7.587 7.604 7.619 7.528 7.437 7.347 7.256 7.165 7.096 7.048 7.000
4.562 4.740 4.875 5.010 5.145 5.281 5.416 5.551 5.686 5.797 5.834 5.871 5.908 5.945 5.982 6.019 6.056 6.093 6.130 6.167 6.204 6.241 6.278 6.246 6.205 6.165 6.125 6.085 6.045 6.005 5.965 5.925 5.884 5.844 5.804 5.764 5.724 5.721 5.724 5.726 5.729 5.731 5.733 5.736 5.738 5.741 5.743 5.746 5.751 5.810 5.869 5.928 5.988 6.047 6.216 6.403 6.591 6.778 6.965 7.152 7.293 7.310 7.328 7.345 7.363 7.380 7.398 7.415 7.428 7.337 7.246 7.155 7.065 6.974 6.883 6.794 6.745
4.627 4.907 5.113 5.247 5.383 5.518 5.653 5.788 5.923 6.017 6.054 6.091 6.128 6.165 6.202 6.239 6.276 6.313 6.350 6.387 6.381 6.263 6.144 6.288 6.360 6.320 6.280 6.240 6.200 6.159 6.119 6.079 6.039 5.999 5.959 5.919 5.879 5.881 5.884 5.886 5.888 5.891 5.893 5.896 5.898 5.900 5.903 5.905 5.908 5.910 5.964 6.024 6.083 6.143 6.330 6.518 6.705 6.892 7.069 7.087 7.104 7.121 7.139 7.156 7.174 7.191 7.209 7.226 7.237 7.146 7.055 6.964 6.874 6.783 6.692 6.601 6.511
4.692 4.972 5.251 5.485 5.620 5.755 5.890 6.025 6.160 6.237 6.274 6.311 6.348 6.385 6.422 6.458 6.495 6.532 6.477 6.358 6.240 6.121 6.037 6.181 6.324 6.467 6.435 6.394 6.354 6.314 6.274 6.234 6.194 6.154 6.114 6.074 6.039 6.041 6.043 6.046 6.048 6.051 6.053 6.055 6.058 6.060 6.063 6.065 6.068 6.070 6.072 6.119 6.178 6.258 6.445 6.632 6.819 6.863 6.880 6.898 6.915 6.933 6.950 6.967 6.985 7.002 7.020 7.037 7.046 6.955 6.864 6.773 6.683 6.592 6.501 6.410 6.320
4.757 5.037 5.316 5.596 5.857 5.992 6.127 6.262 6.397 6.457 6.494 6.531 6.567 6.604 6.641 6.678 6.573 6.454 6.336 6.217 6.099 5.980 5.930 6.074 6.217 6.360 6.504 6.549 6.509 6.469 6.429 6.389 6.349 6.308 6.268 6.228 6.199 6.201 6.203 6.206 6.208 6.210 6.213 6.215 6.218 6.220 6.222 6.225 6.227 6.230 6.232 6.235 6.273 6.372 6.559 6.639 6.656 6.674 6.691 6.709 6.726 6.744 6.761 6.778 6.796 6.813 6.831 6.848 6.855 6.764 6.673 6.582 6.492 6.401 6.310 6.219 6.129
4.822 5.102 5.381 5.661 5.941 6.220 6.364 6.499 6.634 6.676 6.713 6.750 6.787 6.787 6.669 6.550 6.431 6.313 6.194 6.076 5.958 5.839 5.823 5.967 6.110 6.253 6.397 6.540 6.664 6.624 6.584 6.543 6.503 6.463 6.423 6.383 6.358 6.361 6.363 6.365 6.368 6.370 6.372 6.375 6.377 6.380 6.382 6.385 6.387 6.389 6.392 6.394 6.397 6.415 6.432 6.450 6.467 6.485 6.502 6.520 6.537 6.555 6.572 6.589 6.607 6.624 6.642 6.659 6.664 6.573 6.482 6.391 6.301 6.210 6.119 6.028 5.937
4.887 5.167 5.446 5.726 6.006 6.285 6.565 6.736 6.859 6.896 6.933 6.883 6.764 6.646 6.527 6.409 6.290 6.172 6.053 5.935 5.816 5.698 5.716 5.860 6.003 6.146 6.290 6.433 6.577 6.720 6.738 6.698 6.658 6.618 6.578 6.538 6.518 6.521 6.523 6.525 6.528 6.530 6.532 6.535 6.537 6.539 6.542 6.544 6.547 6.549 6.541 6.532 6.522 6.330 6.299 6.268 6.278 6.296 6.313 6.331 6.348 6.366 6.383 6.400 6.418 6.435 6.453 6.470 6.473 6.382 6.291 6.200 6.109 6.019 5.928 5.837 5.746
4.952 5.231 5.511 5.791 6.070 6.350 6.630 6.909 7.079 6.979 6.860 6.742 6.623 6.505 6.386 6.268 6.149 6.031 5.912 5.793 5.675 5.557 5.609 5.753 5.896 6.039 6.183 6.326 6.469 6.613 6.756 6.853 6.813 6.772 6.732 6.692 6.678 6.680 6.683 6.685 6.687 6.690 6.692 6.694 6.697 6.699 6.697 6.687 6.678 6.669 6.659 6.650 6.568 6.341 6.239 6.208 6.177 6.146 6.124 6.142 6.159 6.177 6.194 6.211 6.229 6.246 6.264 6.281 6.282 6.191 6.100 6.009 5.918 5.828 5.737 5.646 5.625
5.017 5.297 5.576 5.856 6.135 6.415 6.661 6.871 6.938 6.838 6.719 6.600 6.482 6.363 6.245 6.126 6.008 5.889 5.771 5.652 5.534 5.415 5.502 5.646 5.789 5.932 6.076 6.219 6.362 6.506 6.649 6.792 6.936 6.927 6.887 6.847 6.838 6.840 6.842 6.845 6.847 6.849 6.852 6.843 6.834 6.824 6.815 6.806 6.796 6.787 6.778 6.768 6.590 6.364 6.180 6.149 6.118 6.087 6.056 6.025 5.994 5.987 6.005 6.022 6.040 6.057 6.075 6.092 6.091 6.000 5.909 5.818 5.727 5.637 5.615 5.611 5.606
5.082 5.361 5.641 5.911 6.121 6.330 6.540 6.749 6.764 6.671 6.577 6.459 6.341 6.222 6.104 5.985 5.867 5.748 5.630 5.511 5.393 5.274 5.395 5.539 5.682 5.825 5.969 6.112 6.255 6.399 6.542 6.685 6.829 6.972 7.042 7.002 6.998 7.000 7.002 6.999 6.990 6.980 6.971 6.962 6.952 6.943 6.933 6.924 6.915 6.905 6.896 6.839 6.613 6.386 6.160 6.089 6.059 6.028 5.997 5.966 5.935 5.904 5.872 5.841 5.851 5.868 5.886 5.903 5.900 5.809 5.718 5.627 5.605 5.600 5.596 5.592 5.587
5.147 5.371 5.580 5.790 5.999 6.209 6.418 6.628 6.590 6.497 6.404 6.310 6.199 6.081 5.962 5.844 5.725 5.607 5.488 5.370 5.251 5.145 5.288 5.432 5.575 5.718 5.862 6.005 6.148 6.292 6.435 6.578 6.722 6.865 7.008 7.152 7.146 7.137 7.127 7.118 7.108 7.099 7.089 7.080 7.071 7.061 7.052 7.042 7.033 7.024 7.014 6.861 6.635 6.409 6.182 6.030 5.999 5.968 5.937 5.906 5.875 5.844 5.813 5.782 5.751 5.720 5.697 5.714 5.708 5.618 5.595 5.590 5.586 5.582 5.577 5.573 5.568
5.040 5.249 5.459 5.668 5.878 6.087 6.297 6.506 6.417 6.323 6.230 6.136 6.043 5.940 5.821 5.702 5.584 5.465 5.347 5.229 5.110 5.038 5.181 5.325 5.468 5.611 5.755 5.898 6.041 6.185 6.328 6.471 6.615 6.767 6.959 7.139 7.256 7.255 7.246 7.236 7.227 7.217 7.208 7.198 7.189 7.180 7.170 7.161 7.151 7.142 7.110 6.884 6.657 6.431 6.205 5.978 5.940 5.909 5.878 5.847 5.816 5.785 5.754 5.723 5.692 5.661 5.630 5.599 5.589 5.580 5.576 5.572 5.567 5.563 5.558 5.554 5.549
4.918 5.128 5.337 5.547 5.756 5.966 6.175 6.336 6.243 6.149 6.056 5.963 5.869 5.776 5.680 5.561 5.443 5.324 5.206 5.087 4.969 4.931 5.074 5.217 5.361 5.504 5.648 5.791 5.934 6.078 6.221 6.383 6.575 6.767 6.959 7.126 7.243 7.359 7.364 7.355 7.345 7.336 7.326 7.317 7.307 7.298 7.289 7.279 7.270 7.260 7.133 6.906 6.680 6.453 6.227 6.001 5.880 5.849 5.818 5.787 5.756 5.725 5.694 5.663 5.632 5.601 5.570 5.576 5.604 5.578 5.557 5.553 5.548 5.544 5.539 5.535 5.531
4.797 5.006 5.216 5.425 5.635 5.844 6.054 6.162 6.069 5.975 5.882 5.789 5.695 5.602 5.508 5.415 5.301 5.183 5.064 4.946 4.827 4.824 4.967 5.110 5.254 5.397 5.540 5.684 5.827 6.000 6.191 6.383 6.575 6.767 6.959 7.114 7.230 7.346 7.462 7.473 7.464 7.454 7.445 7.435 7.426 7.416 7.407 7.398 7.388 7.379 7.155 6.929 6.702 6.476 6.249 6.023 5.821 5.790 5.759 5.728 5.697 5.666 5.635 5.604 5.573 5.542 5.552 5.585 5.618 5.592 5.567 5.542 5.529 5.525 5.520 5.516 5.512
4.675 4.885 5.094 5.304 5.513 5.723 5.932 5.988 5.895 5.801 5.708 5.615 5.521 5.428 5.334 5.241 5.148 5.041 4.923 4.804 4.686 4.717 4.860 5.003 5.147 5.290 5.433 5.616 5.808 6.000 6.192 6.383 6.575 6.767 6.959 7.101 7.217 7.333 7.449 7.566 7.582 7.573 7.563 7.554 7.544 7.535 7.525 7.516 7.507 7.404 7.178 6.951 6.725 6.498 6.272 6.045 5.819 5.731 5.700 5.669 5.638 5.607 5.576 5.545 5.513 5.527 5.560 5.594 5.628 5.607 5.581 5.556 5.530 5.506 5.502 5.497 5.493
4.553 4.763 4.972 5.182 5.392 5.601 5.811 5.814 5.721 5.628 5.534 5.441 5.347 5.254 5.161 5.067 4.974 4.880 4.782 4.663 4.545 4.609 4.753 4.896 5.041 5.233 5.424 5.616 5.808 6.000 6.192 6.384 6.575 6.767 6.959 7.088 7.204 7.320 7.437 7.553 7.669 7.691 7.681 7.672 7.663 7.653 7.644 7.634 7.625 7.427 7.200 6.974 6.747 6.521 6.294 6.068 5.842 5.671 5.640 5.609 5.578 5.547 5.516 5.485 5.502 5.536 5.569 5.603 5.637 5.621 5.596 5.570 5.545 5.519 5.494 5.478 5.474
4.432 4.641 4.851 5.060 5.270 5.480 5.689 5.640 5.547 5.454 5.360 5.267 5.173 5.080 4.987 4.893 4.800 4.706 4.613 4.520 4.403 4.502 4.657 4.849 5.041 5.233 5.424 5.616 5.808 6.000 6.192 6.384 6.575 6.767 6.958 7.075 7.191 7.307 7.423 7.540 7.656 7.772 7.800 7.790 7.781 7.772 7.762 7.753 7.676 7.449 7.223 6.996 6.770 6.543 6.317 6.090 5.864 5.638 5.581 5.550 5.519 5.488 5.457 5.477 5.511 5.545 5.578 5.612 5.645 5.636 5.610 5.585 5.559 5.534 5.508 5.483 5.457
4.310 4.520 4.729 4.939 5.148 5.358 5.560 5.466 5.373 5.279 5.186 5.093 4.999 4.906 4.812 4.719 4.626 4.532 4.439 4.346 4.326 4.465 4.657 4.849 5.041 5.232 5.424 5.616 5.808 6.000 6.192 6.384 6.575 6.767 6.945 7.062 7.178 7.294 7.411 7.527 7.643 7.759 7.876 7.909 7.899 7.890 7.881 7.871 7.699 7.472 7.245 7.019 6.792 6.566 6.339 6.113 5.886 5.660 5.522 5.490 5.459 5.428 5.452 5.486 5.520 5.553 5.587 5.621 5.654 5.650 5.624 5.599 5.574 5.548 5.523 5.497 5.472
4.188 4.398 4.607 4.817 5.027 5.236 5.386 5.292 5.199 5.105 5.012 4.919 4.825 4.732 4.638 4.545 4.452 4.358 4.406 4.459 4.512 4.575 4.657 4.849 5.040 5.232 5.424 5.616 5.808 6.000 6.192 6.384 6.575 6.767 6.932 7.049 7.165 7.281 7.398 7.514 7.630 7.746 7.863 7.979 8.018 8.008 7.999 7.948 7.721 7.494 7.268 7.041 6.815 6.588 6.362 6.135 5.909 5.683 5.462 5.431 5.400 5.428 5.461 5.495 5.529 5.562 5.596 5.630 5.663 5.664 5.639 5.613 5.588 5.562 5.537 5.512 5.486
4.096 4.276 4.486 4.695 4.905 5.114 5.212 5.118 5.025 4.931 4.838 4.744 4.651 4.558 4.464 4.433 4.486 4.538 4.591 4.644 4.698 4.761 4.823 4.886 5.040 5.232 5.424 5.616 5.808 6.000 6.192 6.383 6.575 6.767 6.919 7.035 7.152 7.268 7.385 7.501 7.617 7.733 7.850 7.966 8.082 8.127 8.117 7.970 7.744 7.517 7.290 7.064 6.837 6.611 6.384 6.158 5.931 5.705 5.479 5.372 5.403 5.436 5.470 5.504 5.538 5.571 5.605 5.638 5.672 5.678 5.653 5.628 5.602 5.577 5.551 5.522 5.460
4.172 4.219 4.364 4.573 4.783 4.993 5.037 4.944 4.851 4.757 4.664 4.570 4.477 4.513 4.565 4.618 4.671 4.724 4.776 4.829 4.884 4.947 5.010 5.072 5.135 5.232 5.424 5.616 5.808 6.000 6.192 6.383 6.575 6.767 6.906 7.022 7.139 7.255 7.372 7.488 7.604 7.721 7.837 7.953 8.069 8.186 8.219 7.993 7.766 7.539 7.313 7.079 6.842 6.605 6.367 6.130 5.893 5.656 5.419 5.365 5.404 5.443 5.479 5.513 5.546 5.580 5.614 5.647 5.681 5.693 5.667 5.642 5.616 5.570 5.507 5.444 5.381
4.248 4.295 4.343 4.452 4.661 4.871 4.863 4.770 4.676 4.583 4.540 4.593 4.645 4.698 4.751 4.803 4.856 4.909 4.961 5.014 5.071 5.133 5.196 5.258 5.321 5.383 5.446 5.616 5.808 6.000 6.191 6.383 6.575 6.767 6.893 7.009 7.126 7.242 7.358 7.475 7.591 7.707 7.824 7.940 8.051 8.092 8.080 7.892 7.655 7.418 7.180 6.943 6.706 6.469 6.232 5.994 5.757 5.520 5.359 5.357 5.385 5.424 5.463 5.503 5.542 5.581 5.620 5.656 5.690 5.707 5.680 5.617 5.554 5.491 5.429 5.366 5.303
