includes/oleron/floodfiles/results/res-0012.wd
ncols         631
nrows         906
xllcorner     364927.146667
yllcorner     6531972.565556
cellsize      20.000000
NODATA_value  -9999.000000
[rows 102 to 135 of 906, columns 308 to 384 of 631]
0.459 0.228 0.208 0.388 0.308 0.000 0.000 0.233 0.433 0.384 0.574 0.384 0.444 0.314 0.175 0.336 0.336 0.296 0.527 0.367 0.277 0.537 0.717 0.797 0.887 0.757 0.517 0.127 0.000 0.415 0.000 0.000 0.000 0.000 0.071 0.000 0.000 0.000 0.000 0.062 0.000 0.062 0.000 0.042 0.001 0.001 0.000 0.000 0.000 0.000 0.000 0.000 0.000 0.000 0.000 0.001 0.001 0.001 0.002 0.002 0.002 0.002 0.002 0.002 0.002 0.002 0.002 0.003 0.003 0.003 0.002 0.002 0.002 0.001 0.001 0.002 0.016
0.519 0.219 0.088 0.378 0.218 0.058 0.000 0.243 0.354 0.384 0.124 0.384 0.414 0.335 0.546 0.456 0.466 0.396 0.617 0.367 0.000 1.607 1.147 0.807 0.717 0.857 0.887 0.767 0.000 0.000 0.445 0.002 0.000 0.000 0.000 0.000 0.061 0.000 0.000 0.000 0.000 0.000 0.000 0.012 0.000 0.000 0.000 0.000 0.000 0.000 0.000 0.000 0.000 0.000 0.001 0.001 0.001 0.002 0.002 0.002 0.002 0.002 0.002 0.002 0.002 0.002 0.002 0.002 0.002 0.002 0.002 0.002 0.001 0.001 0.002 0.002 0.006
0.489 0.359 0.239 0.459 0.299 0.005 0.000 0.000 0.000 0.000 0.000 0.000 0.026 0.346 0.666 0.576 0.606 0.506 0.397 0.377 1.207 0.817 0.677 0.907 0.777 0.827 0.807 0.667 0.477 0.000 0.745 0.000 0.000 0.000 0.000 0.000 0.000 0.000 0.001 0.000 0.001 0.103 0.001 0.042 0.000 0.041 0.000 0.000 0.000 0.000 0.000 0.000 0.000 0.000 0.001 0.001 0.002 0.002 0.002 0.002 0.002 0.002 0.002 0.002 0.002 0.002 0.002 0.002 0.002 0.002 0.002 0.002 0.001 0.002 0.002 0.002 0.002
0.469 0.499 0.389 0.539 0.249 0.169 0.000 0.349 0.429 0.469 0.000 0.000 0.000 0.000 0.196 0.346 0.266 0.176 0.117 0.000 0.093 0.153 0.000 0.827 0.997 0.817 0.787 0.787 0.747 0.000 0.000 0.049 0.000 0.000 0.000 0.000 0.021 0.000 0.012 0.000 0.083 0.023 0.000 0.000 0.175 0.000 0.000 0.000 0.000 0.000 0.000 0.000 0.000 0.000 0.001 0.002 0.002 0.002 0.002 0.002 0.002 0.002 0.002 0.002 0.002 0.002 0.002 0.002 0.002 0.002 0.002 0.002 0.001 0.001 0.001 0.002 0.002
0.389 0.439 0.519 0.329 0.469 0.006 0.544 0.000 0.069 0.159 0.509 0.000 0.000 0.486 0.116 0.256 0.116 0.156 0.000 0.000 0.309 0.699 0.939 0.000 0.817 0.787 0.747 0.777 0.607 0.537 0.000 0.329 0.000 0.000 0.000 0.000 0.000 0.000 0.012 0.072 0.000 0.013 0.000 0.065 0.025 0.185 0.000 0.006 0.046 0.000 0.000 0.000 0.000 0.000 0.000 0.002 0.002 0.002 0.002 0.002 0.002 0.002 0.002 0.002 0.002 0.002 0.002 0.002 0.002 0.002 0.002 0.002 0.002 0.001 0.002 0.002 0.002
0.049 0.024 0.079 0.639 0.080 0.022 0.504 0.000 0.000 0.269 0.549 0.339 0.000 0.326 0.336 0.656 0.276 0.000 0.289 0.000 0.859 1.279 0.279 0.000 0.777 0.807 0.887 0.857 0.727 0.587 0.014 0.069 0.000 0.000 0.000 0.000 0.000 0.031 0.000 0.000 0.000 0.023 0.000 0.135 0.000 0.065 0.005 0.000 0.076 0.026 0.000 0.000 0.000 0.000 0.001 0.002 0.002 0.002 0.002 0.002 0.002 0.002 0.002 0.002 0.002 0.002 0.002 0.002 0.002 0.002 0.002 0.002 0.002 0.001 0.002 0.002 0.002
0.062 0.000 0.000 0.090 0.073 0.050 0.524 0.000 0.000 0.289 0.269 0.010 0.000 0.000 0.000 0.066 0.306 0.058 0.549 0.000 0.839 1.309 0.909 0.649 0.000 0.797 0.687 0.807 0.737 0.257 0.000 0.000 0.558 0.000 0.000 0.000 0.000 0.002 0.000 0.000 0.000 0.000 0.025 0.065 0.045 0.115 0.065 0.000 0.000 0.000 0.000 0.000 0.000 0.001 0.002 0.001 0.002 0.002 0.002 0.002 0.002 0.002 0.002 0.002 0.002 0.002 0.002 0.002 0.002 0.002 0.002 0.002 0.002 0.002 0.002 0.002 0.002
0.043 0.000 0.000 0.000 0.001 0.000 0.764 0.000 0.000 0.139 0.239 0.129 0.000 0.000 0.000 0.000 0.000 0.128 0.000 0.000 0.719 1.059 1.119 0.409 0.000 0.427 0.567 0.618 0.628 0.388 0.000 0.000 0.338 0.000 0.000 0.000 0.000 0.000 0.000 0.000 0.091 0.000 0.000 0.001 0.000 0.105 0.003 0.056 0.002 0.002 0.000 0.000 0.001 0.001 0.002 0.000 0.000 0.001 0.002 0.002 0.002 0.002 0.002 0.002 0.002 0.002 0.002 0.002 0.001 0.002 0.002 0.002 0.002 0.002 0.002 0.002 0.002
0.167 0.000 0.000 0.000 0.000 0.000 0.464 0.135 0.127 0.179 0.419 0.209 0.040 0.001 0.000 0.000 0.000 0.000 0.000 0.000 0.000 1.089 1.029 0.519 0.689 0.000 0.348 0.418 0.798 0.568 0.408 0.388 0.138 0.268 0.000 0.001 0.000 0.000 0.000 0.000 0.000 0.000 0.022 0.112 0.000 0.005 0.000 0.000 0.017 0.005 0.004 0.003 0.002 0.001 0.002 0.000 0.000 0.002 0.002 0.002 0.002 0.002 0.002 0.002 0.002 0.002 0.002 0.001 0.001 0.002 0.002 0.002 0.002 0.002 0.002 0.002 0.002
0.407 0.608 0.258 0.003 0.088 0.518 0.000 0.000 0.019 0.059 0.000 0.269 0.100 0.470 0.000 0.000 0.000 0.032 0.000 0.000 0.000 0.949 0.929 0.979 0.639 0.000 0.000 0.002 0.459 0.658 0.598 0.568 0.458 0.000 1.252 0.000 0.000 0.000 0.000 0.001 0.000 0.000 0.000 0.000 0.000 0.025 0.000 0.000 0.000 0.000 0.000 0.015 0.002 0.001 0.000 0.000 0.000 0.001 0.002 0.002 0.002 0.002 0.002 0.002 0.002 0.002 0.001 0.001 0.001 0.002 0.002 0.002 0.002 0.002 0.003 0.002 0.002
0.167 0.068 0.269 0.230 0.000 0.068 0.000 0.000 0.000 0.039 0.000 0.000 0.180 0.230 0.000 0.000 0.000 0.000 0.000 0.000 0.000 0.969 0.879 1.009 0.359 0.289 0.277 0.231 0.691 0.000 0.000 0.848 0.808 0.468 0.000 0.000 0.000 0.000 0.000 0.000 0.001 0.001 0.000 0.000 0.051 0.000 0.091 0.000 0.000 0.000 0.001 0.001 0.000 0.000 0.000 0.001 0.001 0.001 0.002 0.002 0.002 0.002 0.002 0.001 0.001 0.001 0.001 0.001 0.002 0.002 0.002 0.002 0.002 0.003 0.003 0.003 0.002
0.012 0.059 0.389 0.151 0.000 0.000 0.223 0.000 0.000 0.000 0.000 0.000 0.000 0.100 0.241 0.000 0.022 0.000 0.000 0.000 0.329 0.999 0.909 0.979 0.909 0.539 0.369 0.000 0.000 0.000 0.362 0.000 0.000 0.022 0.091 0.009 0.000 0.000 0.000 0.000 0.000 0.000 0.000 0.061 0.000 0.021 0.000 0.022 0.082 0.032 0.000 0.001 0.000 0.000 0.000 0.000 0.001 0.001 0.000 0.001 0.001 0.001 0.001 0.001 0.001 0.001 0.001 0.002 0.002 0.002 0.002 0.002 0.003 0.003 0.003 0.003 0.003
0.087 0.000 0.000 0.406 0.077 0.000 0.002 0.000 0.000 0.000 0.000 0.100 0.000 0.002 0.091 0.261 0.191 0.301 0.000 0.000 0.329 0.849 0.689 0.190 0.540 0.520 0.320 0.000 0.000 0.000 0.000 0.000 0.271 0.000 0.361 0.000 0.867 0.002 0.000 0.000 0.000 0.000 0.051 0.000 0.121 0.000 0.053 0.000 0.000 0.000 0.000 0.031 0.000 0.000 0.003 0.002 0.002 0.000 0.000 0.001 0.001 0.001 0.001 0.001 0.001 0.001 0.001 0.002 0.002 0.002 0.003 0.003 0.003 0.003 0.003 0.003 0.003
0.117 0.147 0.207 0.257 0.327 0.008 0.067 0.000 0.000 0.000 0.350 0.130 0.070 0.000 0.000 0.000 0.002 0.311 0.101 0.000 0.000 0.310 0.540 0.580 0.490 0.480 0.000 0.000 0.000 0.483 0.001 0.551 0.541 0.621 0.511 0.000 0.717 0.000 0.001 0.000 0.000 0.000 0.000 0.002 0.000 0.000 0.043 0.113 0.023 0.000 0.011 0.000 0.000 0.000 0.006 0.000 0.000 0.000 0.001 0.000 0.001 0.001 0.001 0.000 0.001 0.001 0.002 0.002 0.002 0.003 0.003 0.003 0.003 0.003 0.003 0.003 0.003
0.237 0.107 0.217 0.177 0.507 0.427 0.157 0.347 0.000 0.000 0.230 0.030 0.000 0.000 0.000 0.000 0.000 0.002 0.000 0.000 0.000 0.460 0.780 0.000 0.000 0.730 0.870 0.011 0.000 0.000 0.000 0.000 0.431 0.961 0.451 0.000 0.000 0.791 0.000 0.000 0.000 0.000 0.000 0.012 0.000 0.000 0.000 0.000 0.113 0.073 0.000 0.071 0.071 0.000 0.004 0.000 0.000 0.000 0.000 0.001 0.000 0.001 0.001 0.001 0.001 0.002 0.002 0.002 0.003 0.003 0.003 0.003 0.003 0.003 0.003 0.003 0.003
0.147 0.397 0.477 0.147 0.327 0.067 0.237 0.577 0.000 0.000 0.100 0.260 0.000 0.001 0.212 0.000 0.001 0.000 0.000 0.000 0.000 0.000 1.060 0.840 1.030 0.750 0.970 0.650 0.000 0.000 0.330 0.660 0.110 0.000 0.000 0.000 0.000 0.000 0.442 0.000 0.000 0.000 0.000 0.000 0.000 0.000 0.000 0.000 0.053 0.002 0.000 0.000 0.000 0.000 0.002 0.003 0.001 0.000 0.001 0.000 0.001 0.000 0.001 0.001 0.002 0.002 0.003 0.003 0.003 0.003 0.003 0.003 0.003 0.003 0.003 0.003 0.003
0.297 0.367 0.357 0.337 0.357 0.287 0.137 0.377 0.357 0.177 0.016 0.340 0.080 0.000 0.000 0.312 0.000 0.000 0.000 0.000 0.000 0.000 0.930 0.930 1.040 0.980 0.710 0.110 0.860 0.060 1.270 1.000 1.090 0.310 0.000 0.054 0.002 0.000 0.000 0.000 0.001 0.000 0.000 0.042 0.000 0.000 0.000 0.001 0.000 0.004 0.002 0.037 0.017 0.000 0.047 0.000 0.000 0.000 0.000 0.000 0.000 0.000 0.001 0.002 0.002 0.003 0.003 0.003 0.003 0.003 0.003 0.003 0.003 0.003 0.003 0.003 0.003
0.167 0.267 0.487 0.387 0.427 0.057 0.347 0.087 0.387 0.307 0.000 0.002 0.000 0.000 0.000 0.000 0.000 0.000 0.000 0.000 0.000 0.620 0.700 0.860 0.970 1.040 1.050 1.350 1.100 1.100 1.140 1.150 1.080 0.820 0.000 0.000 0.330 0.090 0.080 0.280 0.000 0.000 0.000 0.000 0.000 0.032 0.000 0.001 0.000 0.000 0.000 0.007 0.097 0.000 0.057 0.067 0.000 0.000 0.000 0.000 0.000 0.001 0.001 0.002 0.002 0.002 0.002 0.002 0.002 0.002 0.002 0.002 0.002 0.002 0.002 0.002 0.002
0.000 0.217 0.437 0.597 0.287 0.437 0.377 0.417 0.217 0.287 0.267 0.327 0.000 0.000 0.000 0.182 0.000 0.000 0.000 0.000 0.000 0.000 0.610 1.050 1.110 1.270 1.020 1.040 0.480 0.900 1.110 1.090 1.110 1.000 1.260 0.000 0.430 0.390 0.250 0.000 0.347 0.003 0.000 0.000 0.000 0.092 0.000 0.000 0.000 0.000 0.162 0.000 0.077 0.027 0.127 0.000 0.000 0.000 0.000 0.000 0.000 0.000 0.001 0.002 0.002 0.002 0.002 0.002 0.002 0.002 0.002 0.002 0.001 0.001 0.001 0.001 0.002
0.000 0.197 0.517 0.097 0.307 0.487 0.003 0.387 0.267 0.427 0.317 0.015 0.259 0.002 0.000 0.000 0.001 0.000 0.154 0.000 0.000 0.000 0.011 0.960 0.990 1.120 1.070 1.050 1.040 0.960 1.050 1.010 0.930 0.910 0.800 0.390 0.000 0.460 0.000 0.000 0.527 0.000 0.001 0.000 0.000 0.000 0.000 0.000 0.001 0.001 0.052 0.000 0.017 0.000 0.000 0.043 0.063 0.000 0.000 0.000 0.001 0.001 0.002 0.002 0.002 0.002 0.002 0.002 0.002 0.002 0.001 0.001 0.001 0.001 0.001 0.001 0.001
0.094 0.000 0.027 0.097 0.107 0.267 0.377 0.437 0.377 0.557 0.000 0.079 0.038 0.000 0.000 0.000 0.006 0.000 0.334 0.001 0.000 0.000 0.000 1.000 1.010 1.020 1.050 1.060 1.270 1.140 1.030 0.990 1.220 0.830 0.000 1.110 0.000 0.200 0.130 0.000 0.000 0.282 0.000 0.000 0.000 0.001 0.000 0.000 0.000 0.000 0.072 0.000 0.000 0.003 0.033 0.113 0.000 0.032 0.000 0.000 0.001 0.002 0.002 0.002 0.002 0.002 0.002 0.002 0.001 0.001 0.001 0.000 0.001 0.000 0.000 0.000 0.001
0.014 0.145 0.000 0.002 0.048 0.098 0.257 0.557 0.437 0.000 0.000 0.000 0.533 0.893 0.332 0.189 0.113 0.189 0.000 0.000 0.000 0.000 0.000 0.950 1.040 1.010 1.010 1.050 1.070 1.040 0.940 0.970 0.890 0.800 0.000 0.000 0.690 0.520 0.260 0.000 0.000 0.000 0.000 0.001 0.000 0.001 0.001 0.091 0.000 0.000 0.000 0.004 0.043 0.063 0.103 0.053 0.000 0.011 0.000 0.000 0.002 0.002 0.002 0.002 0.002 0.002 0.001 0.001 0.001 0.001 0.000 0.001 0.000 0.001 0.000 0.000 0.001
0.000 0.000 0.211 0.156 0.201 0.209 0.337 0.547 0.257 1.136 0.186 0.346 0.150 0.000 0.000 0.000 0.000 0.163 0.000 0.000 0.090 0.000 0.190 0.900 0.890 0.970 1.190 1.020 0.990 1.180 0.000 1.200 0.110 0.690 0.640 0.450 0.480 0.320 0.290 0.000 0.000 0.000 0.000 0.000 0.001 0.000 0.000 0.000 0.000 0.000 0.000 0.000 0.043 0.000 0.033 0.063 0.000 0.041 0.007 0.007 0.003 0.002 0.002 0.001 0.001 0.001 0.000 0.001 0.000 0.001 0.000 0.001 0.001 0.000 0.000 0.000 0.001
0.000 0.263 0.131 0.000 0.027 0.000 0.000 0.000 0.526 0.746 0.426 0.766 0.000 0.171 0.013 0.223 0.043 0.143 0.500 0.560 0.600 0.610 0.550 0.000 1.060 0.980 1.070 0.920 1.240 1.070 1.090 1.060 0.960 1.020 0.620 0.410 0.600 0.180 0.040 0.310 0.290 0.006 0.000 0.000 0.000 0.000 0.000 0.000 0.000 0.000 0.000 0.000 0.000 0.033 0.013 0.001 0.060 0.005 0.000 0.000 0.000 0.000 0.000 0.000 0.000 0.000 0.000 0.000 0.000 0.000 0.000 0.000 0.000 0.000 0.001 0.001 0.000
0.363 0.333 0.203 0.253 0.113 0.000 0.000 0.676 0.556 0.226 0.536 0.000 0.000 0.341 0.111 0.000 0.061 0.441 0.002 0.000 0.310 0.330 1.120 0.040 0.790 0.910 1.180 1.140 1.230 1.220 1.200 1.050 1.100 1.050 1.100 1.120 0.730 0.330 0.320 0.610 0.880 0.260 0.300 0.014 0.000 0.001 0.000 0.000 0.000 0.081 0.000 0.000 0.000 0.000 0.002 0.040 0.100 0.000 0.038 0.108 0.000 0.000 0.000 0.000 0.000 0.001 0.000 0.000 0.000 0.000 0.000 0.000 0.000 0.000 0.000 0.001 0.001
0.253 0.393 0.313 0.303 0.000 0.000 0.000 0.526 0.406 0.426 0.756 0.000 0.142 0.541 0.000 0.410 0.380 0.440 0.530 0.330 0.540 0.390 0.011 0.060 1.150 1.070 1.000 1.060 1.160 1.070 1.110 0.980 0.980 0.970 1.110 0.240 0.720 0.400 0.450 0.390 0.250 0.360 0.260 0.000 0.057 0.000 0.001 0.000 0.000 0.000 0.011 0.000 0.021 0.000 0.012 0.000 0.020 0.006 0.068 0.000 0.087 0.000 0.000 0.000 0.000 0.000 0.001 0.000 0.001 0.000 0.000 0.000 0.000 0.001 0.001 0.000 0.001
0.000 0.000 0.423 0.683 0.263 0.000 0.000 0.216 0.016 0.626 0.586 0.144 0.031 0.281 0.221 0.281 0.000 0.470 0.000 0.000 0.500 0.510 0.510 0.250 0.300 1.090 1.080 1.060 1.020 1.010 1.140 1.200 1.160 1.040 1.150 1.130 0.720 0.380 0.570 0.160 0.690 0.700 0.440 0.000 0.567 0.000 0.000 0.000 0.000 0.000 0.000 0.000 0.000 0.001 0.001 0.000 0.000 0.000 0.048 0.000 0.000 0.042 0.000 0.000 0.000 0.000 0.000 0.001 0.001 0.001 0.000 0.000 0.000 0.000 0.001 0.001 0.001
0.154 0.000 0.413 0.253 0.353 0.016 0.000 0.086 0.000 0.036 0.306 0.015 0.171 0.021 0.281 0.360 0.380 0.740 0.690 0.480 0.390 0.720 0.250 0.460 0.550 0.730 1.030 1.090 0.650 1.040 1.160 1.060 1.070 1.020 0.880 0.000 0.780 0.560 0.630 0.870 0.670 0.580 0.500 0.370 0.003 0.225 0.000 0.001 0.000 0.000 0.000 0.000 0.000 0.000 0.000 0.000 0.021 0.000 0.118 0.118 0.000 0.042 0.022 0.000 0.000 0.000 0.000 0.000 0.001 0.001 0.001 0.000 0.000 0.001 0.000 0.001 0.001
0.394 0.173 0.723 0.193 0.423 0.000 0.000 0.096 0.000 0.077 0.000 0.121 0.171 0.391 0.241 0.500 0.000 0.450 0.680 0.770 0.870 0.800 0.900 0.140 0.330 1.080 0.980 0.980 1.200 1.010 0.900 1.080 1.090 1.070 0.000 0.000 0.800 0.570 0.720 0.730 0.760 0.750 0.580 0.430 0.290 0.000 0.000 0.000 0.001 0.000 0.000 0.061 0.000 0.001 0.000 0.000 0.000 0.008 0.008 0.000 0.000 0.042 0.022 0.000 0.001 0.000 0.000 0.000 0.001 0.001 0.001 0.001 0.000 0.000 0.001 0.001 0.001
0.000 0.633 0.503 0.093 0.000 0.000 0.000 0.000 0.000 0.000 0.242 0.000 0.000 0.301 0.880 0.530 0.390 0.140 0.190 0.000 1.000 0.770 0.000 0.760 0.510 0.940 1.160 1.210 1.020 1.030 1.100 1.090 1.070 0.990 0.000 0.000 0.850 0.610 0.710 0.800 0.730 0.840 0.750 0.520 0.370 0.240 0.000 0.000 0.000 0.001 0.000 0.000 0.000 0.000 0.000 0.000 0.011 0.000 0.008 0.000 0.000 0.000 0.000 0.002 0.000 0.001 0.000 0.000 0.000 0.001 0.001 0.000 0.001 0.001 0.001 0.001 0.002
0.194 0.493 0.523 0.463 0.000 0.000 0.000 0.000 0.000 0.000 0.000 0.000 0.091 0.101 0.240 0.600 0.570 0.590 0.610 0.000 0.780 0.020 0.160 0.540 0.000 0.770 0.440 1.090 1.090 0.900 0.960 1.300 1.090 0.960 0.170 0.000 0.830 0.720 0.870 0.930 0.440 0.620 0.310 0.680 0.620 0.310 0.006 0.000 0.000 0.000 0.000 0.000 0.000 0.000 0.000 0.000 0.000 0.000 0.000 0.001 0.075 0.045 0.005 0.074 0.000 0.000 0.000 0.000 0.000 0.000 0.000 0.000 0.001 0.001 0.001 0.001 0.002
0.624 0.564 0.344 0.000 0.000 0.000 0.319 0.189 0.000 0.000 0.241 0.201 0.000 0.000 0.230 0.740 0.340 0.980 0.740 0.710 0.760 0.720 0.910 0.720 0.000 0.890 0.120 0.890 1.060 1.100 0.970 0.970 0.970 1.090 0.000 0.000 0.860 0.730 0.820 1.180 0.011 0.470 0.000 0.630 0.410 0.470 0.790 0.320 0.000 0.000 0.001 0.000 0.000 0.000 0.000 0.000 0.000 0.000 0.000 0.000 0.000 0.000 0.000 0.054 0.000 0.000 0.000 0.000 0.000 0.000 0.001 0.001 0.001 0.001 0.001 0.001 0.002
0.384 0.024 0.324 0.000 0.649 0.839 0.899 0.389 0.028 0.151 0.381 0.421 0.000 0.181 0.031 0.450 0.000 0.760 0.000 0.770 0.590 0.004 0.890 0.750 0.220 0.330 1.210 1.300 1.180 0.990 1.020 0.980 1.030 0.960 0.270 0.270 0.970 0.660 0.800 0.910 0.420 0.410 0.650 0.480 0.410 0.510 0.000 0.040 0.000 0.000 0.000 0.001 0.000 0.000 0.000 0.001 0.000 0.000 0.061 0.000 0.071 0.021 0.101 0.000 0.000 0.000 0.000 0.000 0.000 0.000 0.000 0.001 0.001 0.001 0.001 0.001 0.001
0.064 0.344 0.554 0.000 0.000 0.039 0.199 0.000 0.151 0.000 0.000 0.161 0.061 0.071 0.290 0.520 0.920 0.710 0.410 0.650 0.030 0.000 0.860 0.670 0.830 0.310 0.730 1.150 1.050 0.940 1.050 1.110 1.050 0.760 0.390 1.160 0.950 0.740 0.810 1.180 0.640 0.870 0.700 0.570 0.450 0.620 0.430 0.450 0.000 0.362 0.000 0.000 0.001 0.000 0.000 0.000 0.000 0.000 0.000 0.000 0.000 0.001 0.001 0.083 0.002 0.105 0.085 0.000 0.000 0.000 0.001 0.000 0.001 0.001 0.001 0.001 0.001
