includes/oleron/floodfiles/results/res-0011.wd
ncols         631
nrows         906
xllcorner     364927.146667
yllcorner     6531972.565556
cellsize      20.000000
NODATA_value  -9999.000000
[rows 102 to 135 of 906, columns 385 to 461 of 631]
0.003 0.003 0.003 0.003 0.003 0.003 0.004 0.038 0.130 0.201 0.266 0.328 0.387 0.445 0.504 0.562 0.620 0.658 0.694 0.731 0.767 0.804 0.840 0.877 0.913 0.949 0.986 1.037 1.088 1.139 1.190 1.242 1.293 1.344 1.395 1.443 1.491 1.538 1.585 1.633 1.680 1.733 1.792 1.851 1.910 1.970 2.029 2.088 2.147 2.207 2.266 2.325 2.378 2.428 2.479 2.529 2.586 2.689 2.792 2.895 2.998 3.101 3.204 3.307 3.410 3.514 3.617 3.720 3.823 3.927 4.032 4.136 4.401 4.683 4.965 5.247 5.530
0.003 0.003 0.003 0.003 0.003 0.004 0.004 0.020 0.115 0.186 0.252 0.317 0.376 0.434 0.493 0.551 0.592 0.628 0.664 0.701 0.737 0.774 0.810 0.846 0.883 0.919 0.956 1.001 1.052 1.103 1.155 1.206 1.257 1.308 1.357 1.404 1.451 1.498 1.546 1.593 1.641 1.688 1.746 1.806 1.865 1.924 1.984 2.043 2.102 2.161 2.221 2.276 2.326 2.376 2.427 2.477 2.527 2.613 2.716 2.819 2.922 3.025 3.128 3.231 3.334 3.437 3.540 3.643 3.746 3.851 3.956 4.061 4.254 4.536 4.819 5.101 5.383
0.003 0.003 0.003 0.003 0.004 0.004 0.004 0.010 0.107 0.174 0.239 0.304 0.364 0.423 0.482 0.526 0.562 0.599 0.635 0.671 0.707 0.744 0.780 0.816 0.853 0.889 0.926 0.965 1.016 1.067 1.119 1.170 1.221 1.271 1.318 1.365 1.412 1.459 1.506 1.553 1.601 1.648 1.701 1.760 1.820 1.879 1.938 1.998 2.057 2.116 2.174 2.224 2.274 2.324 2.375 2.425 2.475 2.536 2.639 2.742 2.845 2.948 3.051 3.154 3.257 3.360 3.463 3.566 3.671 3.776 3.880 3.985 4.108 4.390 4.672 4.954 5.236
0.003 0.003 0.003 0.004 0.004 0.004 0.004 0.005 0.088 0.160 0.226 0.291 0.353 0.412 0.459 0.496 0.533 0.569 0.605 0.642 0.678 0.714 0.750 0.786 0.823 0.859 0.895 0.932 0.980 1.031 1.083 1.134 1.184 1.231 1.278 1.325 1.372 1.419 1.467 1.514 1.561 1.609 1.656 1.715 1.774 1.834 1.893 1.952 2.012 2.071 2.122 2.172 2.222 2.272 2.323 2.373 2.423 2.474 2.563 2.666 2.768 2.871 2.974 3.077 3.180 3.283 3.387 3.490 3.595 3.700 3.805 3.910 4.015 4.243 4.525 4.807 5.090
0.003 0.003 0.003 0.003 0.004 0.004 0.004 0.004 0.053 0.143 0.213 0.278 0.341 0.392 0.429 0.466 0.503 0.539 0.576 0.612 0.648 0.685 0.721 0.757 0.793 0.829 0.865 0.902 0.944 0.995 1.046 1.098 1.145 1.192 1.239 1.286 1.333 1.380 1.427 1.474 1.522 1.569 1.616 1.670 1.729 1.788 1.848 1.907 1.966 2.020 2.070 2.120 2.170 2.220 2.271 2.321 2.371 2.422 2.486 2.589 2.692 2.795 2.898 3.001 3.104 3.207 3.310 3.415 3.520 3.625 3.729 3.834 3.939 4.097 4.379 4.661 4.943
0.003 0.003 0.003 0.003 0.004 0.004 0.004 0.004 0.018 0.114 0.186 0.254 0.315 0.357 0.396 0.434 0.472 0.509 0.546 0.582 0.619 0.655 0.691 0.727 0.763 0.799 0.835 0.872 0.908 0.959 1.010 1.059 1.106 1.153 1.200 1.247 1.294 1.341 1.388 1.435 1.482 1.529 1.577 1.624 1.684 1.743 1.802 1.862 1.918 1.968 2.018 2.068 2.118 2.168 2.219 2.269 2.319 2.369 2.420 2.512 2.615 2.718 2.821 2.924 3.027 3.130 3.235 3.339 3.444 3.549 3.654 3.759 3.864 3.968 4.232 4.514 4.796
0.003 0.003 0.003 0.004 0.004 0.004 0.004 0.004 0.006 0.093 0.162 0.230 0.275 0.319 0.358 0.396 0.434 0.472 0.510 0.548 0.585 0.623 0.660 0.697 0.734 0.770 0.806 0.842 0.878 0.922 0.972 1.019 1.066 1.113 1.160 1.208 1.255 1.302 1.349 1.396 1.443 1.490 1.537 1.585 1.638 1.697 1.757 1.816 1.866 1.916 1.966 2.016 2.066 2.116 2.167 2.217 2.267 2.317 2.368 2.436 2.539 2.642 2.744 2.847 2.950 3.054 3.159 3.264 3.369 3.473 3.578 3.683 3.788 3.893 4.086 4.368 4.650
0.003 0.003 0.004 0.004 0.004 0.004 0.004 0.004 0.005 0.049 0.137 0.190 0.235 0.280 0.320 0.358 0.396 0.434 0.472 0.510 0.548 0.585 0.623 0.660 0.698 0.735 0.772 0.809 0.846 0.884 0.932 0.979 1.026 1.074 1.121 1.168 1.215 1.263 1.310 1.357 1.404 1.451 1.498 1.545 1.593 1.652 1.712 1.764 1.814 1.864 1.914 1.964 2.014 2.064 2.115 2.165 2.215 2.265 2.316 2.366 2.462 2.565 2.668 2.771 2.874 2.979 3.084 3.188 3.293 3.398 3.503 3.608 3.712 3.817 3.939 4.221 4.503
0.003 0.004 0.004 0.004 0.004 0.004 0.004 0.004 0.005 0.012 0.096 0.147 0.194 0.239 0.283 0.321 0.359 0.396 0.434 0.472 0.510 0.548 0.585 0.623 0.660 0.698 0.735 0.772 0.809 0.844 0.887 0.935 0.983 1.031 1.079 1.127 1.175 1.223 1.270 1.317 1.364 1.411 1.459 1.506 1.553 1.607 1.662 1.712 1.762 1.813 1.862 1.913 1.963 2.013 2.063 2.113 2.163 2.213 2.264 2.314 2.385 2.488 2.591 2.694 2.799 2.903 3.008 3.113 3.218 3.322 3.427 3.532 3.637 3.742 3.846 4.074 4.357
0.004 0.004 0.004 0.004 0.004 0.004 0.004 0.005 0.005 0.006 0.030 0.100 0.151 0.198 0.243 0.284 0.322 0.359 0.397 0.434 0.472 0.510 0.548 0.585 0.623 0.660 0.698 0.735 0.770 0.805 0.843 0.890 0.938 0.986 1.034 1.082 1.130 1.178 1.226 1.274 1.322 1.369 1.417 1.465 1.512 1.560 1.610 1.660 1.711 1.761 1.811 1.861 1.911 1.961 2.011 2.061 2.111 2.161 2.212 2.262 2.312 2.412 2.514 2.619 2.723 2.828 2.933 3.037 3.142 3.247 3.352 3.456 3.561 3.666 3.771 3.928 4.210
0.004 0.004 0.004 0.004 0.004 0.004 0.004 0.005 0.005 0.005 0.005 0.037 0.103 0.154 0.201 0.246 0.285 0.322 0.360 0.397 0.434 0.472 0.510 0.548 0.585 0.623 0.660 0.696 0.732 0.767 0.802 0.846 0.893 0.941 0.989 1.037 1.086 1.134 1.182 1.229 1.277 1.325 1.372 1.420 1.468 1.512 1.559 1.610 1.660 1.710 1.760 1.809 1.859 1.909 1.959 2.009 2.059 2.109 2.160 2.210 2.260 2.335 2.439 2.543 2.648 2.753 2.857 2.962 3.067 3.171 3.276 3.381 3.486 3.590 3.695 3.800 4.063
0.004 0.004 0.004 0.004 0.004 0.004 0.004 0.005 0.005 0.004 0.004 0.004 0.044 0.107 0.157 0.205 0.246 0.285 0.323 0.360 0.397 0.435 0.472 0.510 0.547 0.585 0.622 0.658 0.693 0.728 0.764 0.802 0.849 0.897 0.944 0.993 1.041 1.089 1.137 1.185 1.232 1.280 1.328 1.375 1.421 1.464 1.509 1.559 1.609 1.659 1.709 1.759 1.808 1.858 1.908 1.958 2.008 2.058 2.108 2.159 2.209 2.255 2.361 2.467 2.573 2.677 2.782 2.886 2.991 3.096 3.201 3.305 3.410 3.515 3.620 3.725 3.917
0.004 0.004 0.004 0.004 0.004 0.004 0.005 0.004 0.004 0.004 0.004 0.004 0.004 0.052 0.112 0.161 0.207 0.246 0.285 0.323 0.360 0.398 0.435 0.472 0.510 0.547 0.583 0.619 0.654 0.690 0.725 0.760 0.805 0.852 0.900 0.948 0.996 1.044 1.092 1.140 1.188 1.235 1.283 1.329 1.373 1.417 1.460 1.508 1.558 1.608 1.658 1.708 1.758 1.808 1.858 1.908 1.957 2.008 2.058 2.108 2.157 2.199 2.274 2.380 2.486 2.592 2.699 2.805 2.911 3.017 3.123 3.230 3.335 3.439 3.544 3.649 3.770
0.004 0.004 0.004 0.004 0.004 0.004 0.004 0.004 0.004 0.003 0.003 0.003 0.003 0.004 0.060 0.116 0.164 0.206 0.246 0.285 0.323 0.361 0.398 0.435 0.472 0.508 0.544 0.580 0.615 0.651 0.686 0.722 0.761 0.808 0.855 0.903 0.951 0.999 1.047 1.095 1.143 1.191 1.238 1.282 1.325 1.369 1.413 1.457 1.507 1.557 1.607 1.657 1.707 1.757 1.807 1.857 1.907 1.957 2.007 2.057 2.100 2.143 2.188 2.294 2.400 2.506 2.612 2.718 2.824 2.930 3.036 3.143 3.249 3.355 3.462 3.568 3.674
0.004 0.004 0.004 0.004 0.004 0.004 0.004 0.003 0.003 0.003 0.003 0.003 0.003 0.003 0.004 0.067 0.120 0.166 0.206 0.246 0.284 0.323 0.361 0.398 0.433 0.469 0.505 0.540 0.576 0.612 0.648 0.683 0.718 0.764 0.811 0.858 0.906 0.954 1.002 1.050 1.098 1.146 1.190 1.234 1.278 1.321 1.365 1.409 1.456 1.506 1.556 1.606 1.656 1.706 1.756 1.806 1.856 1.906 1.956 2.002 2.044 2.087 2.129 2.207 2.313 2.419 2.525 2.631 2.737 2.843 2.950 3.056 3.162 3.268 3.375 3.481 3.578
0.005 0.003 0.003 0.003 0.004 0.003 0.003 0.003 0.003 0.003 0.003 0.003 0.003 0.003 0.003 0.005 0.072 0.124 0.166 0.206 0.245 0.284 0.323 0.359 0.395 0.430 0.466 0.501 0.536 0.572 0.608 0.644 0.680 0.719 0.767 0.814 0.862 0.909 0.957 1.005 1.053 1.099 1.142 1.186 1.230 1.274 1.317 1.361 1.406 1.456 1.505 1.555 1.605 1.655 1.705 1.755 1.805 1.855 1.904 1.946 1.988 2.030 2.073 2.120 2.226 2.332 2.438 2.544 2.650 2.756 2.863 2.969 3.075 3.181 3.288 3.388 3.482
0.004 0.004 0.003 0.003 0.003 0.003 0.003 0.003 0.003 0.003 0.003 0.003 0.003 0.003 0.003 0.003 0.006 0.077 0.125 0.166 0.206 0.245 0.284 0.320 0.356 0.392 0.427 0.462 0.497 0.533 0.569 0.605 0.641 0.676 0.722 0.770 0.817 0.865 0.913 0.961 1.007 1.051 1.095 1.138 1.182 1.226 1.269 1.313 1.357 1.405 1.455 1.504 1.554 1.604 1.654 1.704 1.754 1.804 1.847 1.890 1.932 1.974 2.017 2.059 2.139 2.245 2.351 2.457 2.563 2.670 2.776 2.882 2.988 3.094 3.198 3.292 3.385
0.004 0.004 0.003 0.003 0.002 0.002 0.002 0.002 0.003 0.003 0.003 0.003 0.003 0.003 0.003 0.003 0.003 0.008 0.081 0.125 0.166 0.205 0.243 0.280 0.316 0.353 0.388 0.423 0.458 0.494 0.530 0.566 0.602 0.637 0.678 0.726 0.773 0.821 0.869 0.916 0.960 1.003 1.047 1.090 1.134 1.178 1.222 1.265 1.309 1.354 1.404 1.454 1.504 1.553 1.604 1.653 1.703 1.749 1.791 1.833 1.876 1.918 1.960 2.003 2.052 2.158 2.264 2.370 2.477 2.583 2.689 2.795 2.901 3.007 3.102 3.195 3.289
0.002 0.002 0.002 0.002 0.002 0.002 0.002 0.002 0.003 0.003 0.003 0.003 0.003 0.003 0.003 0.003 0.003 0.004 0.010 0.081 0.125 0.164 0.202 0.239 0.276 0.313 0.349 0.384 0.419 0.455 0.491 0.527 0.562 0.598 0.634 0.681 0.729 0.776 0.824 0.868 0.912 0.955 0.999 1.043 1.086 1.130 1.174 1.218 1.261 1.305 1.353 1.403 1.453 1.503 1.553 1.603 1.651 1.693 1.735 1.777 1.819 1.862 1.904 1.946 1.989 2.072 2.177 2.284 2.390 2.496 2.602 2.708 2.814 2.912 3.005 3.099 3.193
0.002 0.002 0.002 0.002 0.002 0.002 0.003 0.003 0.003 0.003 0.003 0.003 0.003 0.003 0.003 0.003 0.003 0.003 0.004 0.012 0.079 0.121 0.160 0.198 0.235 0.273 0.309 0.345 0.380 0.416 0.452 0.487 0.523 0.559 0.595 0.637 0.684 0.732 0.777 0.821 0.864 0.908 0.951 0.995 1.039 1.082 1.126 1.170 1.214 1.257 1.302 1.352 1.402 1.452 1.502 1.552 1.594 1.637 1.679 1.721 1.763 1.805 1.848 1.890 1.932 1.985 2.091 2.197 2.303 2.409 2.515 2.621 2.722 2.816 2.909 3.003 3.097
0.002 0.002 0.002 0.002 0.002 0.003 0.003 0.003 0.003 0.003 0.003 0.003 0.003 0.003 0.004 0.004 0.004 0.004 0.004 0.005 0.011 0.076 0.118 0.157 0.195 0.233 0.270 0.305 0.342 0.378 0.413 0.448 0.483 0.519 0.555 0.592 0.639 0.686 0.729 0.773 0.816 0.860 0.904 0.947 0.991 1.035 1.078 1.122 1.166 1.209 1.253 1.301 1.351 1.401 1.451 1.496 1.538 1.580 1.623 1.665 1.707 1.749 1.791 1.834 1.876 1.918 2.004 2.110 2.216 2.322 2.428 2.532 2.626 2.719 2.813 2.907 3.001
0.002 0.002 0.002 0.002 0.002 0.003 0.003 0.003 0.003 0.003 0.003 0.003 0.003 0.003 0.004 0.004 0.004 0.004 0.005 0.005 0.004 0.009 0.074 0.117 0.156 0.194 0.231 0.268 0.305 0.340 0.374 0.409 0.444 0.480 0.516 0.552 0.594 0.638 0.682 0.725 0.769 0.812 0.856 0.900 0.944 0.987 1.031 1.074 1.118 1.162 1.205 1.251 1.300 1.350 1.398 1.440 1.482 1.524 1.566 1.609 1.651 1.693 1.735 1.777 1.820 1.862 1.917 2.023 2.129 2.235 2.341 2.436 2.530 2.623 2.717 2.811 2.904
0.002 0.002 0.002 0.002 0.003 0.003 0.003 0.003 0.003 0.003 0.003 0.003 0.003 0.003 0.003 0.004 0.004 0.004 0.004 0.004 0.004 0.004 0.009 0.073 0.116 0.155 0.193 0.230 0.268 0.303 0.338 0.373 0.409 0.444 0.479 0.515 0.557 0.598 0.639 0.680 0.721 0.765 0.808 0.852 0.896 0.940 0.983 1.027 1.070 1.114 1.158 1.201 1.250 1.299 1.342 1.384 1.426 1.468 1.510 1.552 1.594 1.637 1.679 1.721 1.763 1.806 1.848 1.936 2.042 2.148 2.246 2.340 2.433 2.527 2.621 2.715 2.808
0.002 0.002 0.002 0.003 0.003 0.003 0.003 0.003 0.003 0.003 0.003 0.003 0.003 0.003 0.003 0.004 0.004 0.004 0.004 0.004 0.004 0.004 0.004 0.008 0.071 0.115 0.154 0.192 0.230 0.266 0.301 0.337 0.373 0.408 0.443 0.483 0.527 0.569 0.610 0.652 0.693 0.734 0.775 0.817 0.858 0.899 0.941 0.982 1.023 1.066 1.110 1.154 1.199 1.243 1.286 1.328 1.370 1.412 1.454 1.496 1.538 1.580 1.623 1.665 1.707 1.749 1.792 1.849 1.955 2.056 2.150 2.243 2.337 2.431 2.525 2.618 2.712
0.002 0.002 0.002 0.003 0.003 0.003 0.003 0.003 0.003 0.003 0.003 0.003 0.003 0.003 0.003 0.004 0.004 0.004 0.004 0.004 0.004 0.004 0.004 0.004 0.008 0.070 0.114 0.153 0.191 0.228 0.265 0.302 0.337 0.372 0.409 0.453 0.497 0.540 0.582 0.623 0.664 0.705 0.747 0.788 0.829 0.871 0.912 0.953 0.994 1.036 1.077 1.118 1.148 1.185 1.227 1.270 1.312 1.355 1.397 1.440 1.482 1.524 1.566 1.609 1.651 1.693 1.735 1.777 1.867 1.960 2.054 2.147 2.241 2.335 2.428 2.522 2.616
0.002 0.002 0.002 0.003 0.003 0.003 0.003 0.003 0.003 0.003 0.003 0.003 0.003 0.003 0.003 0.004 0.004 0.004 0.004 0.004 0.004 0.004 0.004 0.004 0.004 0.008 0.069 0.113 0.152 0.190 0.228 0.265 0.300 0.336 0.379 0.423 0.467 0.511 0.553 0.594 0.635 0.677 0.718 0.759 0.800 0.842 0.883 0.924 0.966 1.007 1.048 1.085 1.101 1.123 1.166 1.208 1.251 1.293 1.335 1.378 1.420 1.463 1.505 1.548 1.591 1.633 1.676 1.718 1.779 1.870 1.962 2.053 2.145 2.238 2.332 2.426 2.520
0.002 0.002 0.003 0.003 0.003 0.003 0.003 0.003 0.003 0.003 0.003 0.003 0.003 0.003 0.003 0.004 0.003 0.004 0.004 0.004 0.004 0.004 0.004 0.004 0.004 0.005 0.008 0.068 0.112 0.151 0.190 0.227 0.262 0.305 0.349 0.393 0.437 0.481 0.524 0.565 0.606 0.648 0.689 0.730 0.772 0.813 0.854 0.895 0.937 0.978 1.019 1.037 1.053 1.069 1.104 1.146 1.189 1.231 1.273 1.316 1.358 1.401 1.443 1.486 1.529 1.571 1.614 1.659 1.716 1.794 1.886 1.977 2.068 2.160 2.251 2.343 2.434
0.002 0.002 0.003 0.003 0.003 0.003 0.003 0.003 0.003 0.003 0.003 0.003 0.003 0.003 0.003 0.003 0.003 0.003 0.003 0.004 0.004 0.004 0.004 0.004 0.004 0.005 0.005 0.008 0.068 0.111 0.151 0.188 0.230 0.275 0.319 0.363 0.407 0.450 0.494 0.536 0.577 0.619 0.660 0.701 0.743 0.784 0.825 0.867 0.908 0.949 0.974 0.990 1.006 1.022 1.042 1.085 1.127 1.169 1.212 1.254 1.297 1.339 1.382 1.424 1.467 1.509 1.552 1.604 1.661 1.718 1.809 1.901 1.992 2.084 2.175 2.267 2.358
0.002 0.003 0.003 0.003 0.003 0.003 0.003 0.003 0.003 0.003 0.003 0.003 0.003 0.003 0.003 0.003 0.003 0.003 0.003 0.004 0.004 0.004 0.004 0.004 0.004 0.005 0.005 0.005 0.008 0.067 0.111 0.153 0.199 0.245 0.289 0.333 0.376 0.420 0.464 0.507 0.548 0.590 0.631 0.673 0.714 0.755 0.797 0.838 0.879 0.911 0.926 0.943 0.958 0.974 0.990 1.023 1.065 1.107 1.150 1.192 1.235 1.277 1.320 1.362 1.405 1.447 1.493 1.549 1.606 1.663 1.734 1.825 1.916 2.008 2.099 2.190 2.282
0.002 0.003 0.003 0.003 0.003 0.003 0.003 0.003 0.003 0.002 0.002 0.003 0.003 0.003 0.003 0.003 0.003 0.003 0.003 0.004 0.004 0.004 0.004 0.005 0.005 0.005 0.005 0.005 0.005 0.008 0.068 0.121 0.169 0.215 0.259 0.302 0.346 0.390 0.434 0.478 0.519 0.561 0.603 0.644 0.685 0.727 0.768 0.809 0.847 0.863 0.879 0.895 0.911 0.927 0.943 0.961 1.004 1.046 1.088 1.130 1.173 1.215 1.258 1.300 1.343 1.385 1.437 1.494 1.551 1.608 1.665 1.749 1.840 1.931 2.023 2.114 2.206
0.002 0.003 0.003 0.003 0.003 0.003 0.002 0.002 0.002 0.002 0.002 0.003 0.003 0.003 0.003 0.003 0.003 0.003 0.004 0.004 0.004 0.004 0.004 0.005 0.005 0.005 0.005 0.005 0.005 0.005 0.014 0.086 0.136 0.182 0.227 0.271 0.316 0.360 0.404 0.448 0.491 0.532 0.574 0.615 0.657 0.698 0.739 0.780 0.800 0.816 0.832 0.848 0.863 0.879 0.895 0.911 0.942 0.984 1.026 1.069 1.111 1.154 1.196 1.239 1.281 1.326 1.383 1.439 1.496 1.553 1.610 1.673 1.764 1.855 1.947 2.038 2.129
0.002 0.002 0.002 0.002 0.002 0.002 0.002 0.002 0.002 0.002 0.002 0.002 0.002 0.003 0.003 0.003 0.003 0.003 0.004 0.004 0.004 0.004 0.004 0.005 0.005 0.005 0.005 0.005 0.005 0.005 0.006 0.035 0.099 0.149 0.195 0.241 0.286 0.330 0.374 0.418 0.461 0.503 0.545 0.586 0.628 0.669 0.710 0.736 0.752 0.768 0.784 0.800 0.816 0.832 0.848 0.864 0.880 0.922 0.964 1.007 1.049 1.092 1.134 1.177 1.219 1.271 1.328 1.384 1.441 1.498 1.555 1.612 1.688 1.779 1.871 1.962 2.053
0.002 0.002 0.002 0.002 0.002 0.002 0.002 0.002 0.002 0.002 0.002 0.002 0.002 0.003 0.003 0.003 0.003 0.003 0.004 0.004 0.004 0.004 0.005 0.005 0.005 0.005 0.005 0.005 0.005 0.006 0.006 0.007 0.062 0.117 0.165 0.211 0.256 0.300 0.344 0.387 0.431 0.474 0.516 0.557 0.599 0.640 0.673 0.689 0.705 0.721 0.737 0.753 0.769 0.784 0.800 0.816 0.832 0.861 0.903 0.945 0.987 1.030 1.072 1.115 1.159 1.216 1.272 1.329 1.386 1.443 1.500 1.557 1.614 1.703 1.794 1.886 1.977
0.002 0.002 0.002 0.002 0.002 0.002 0.002 0.002 0.002 0.002 0.002 0.002 0.003 0.003 0.003 0.003 0.003 0.004 0.004 0.004 0.004 0.004 0.005 0.005 0.005 0.005 0.005 0.005 0.006 0.006 0.006 0.006 0.011 0.082 0.133 0.179 0.224 0.269 0.313 0.357 0.401 0.445 0.486 0.528 0.570 0.609 0.625 0.641 0.657 0.673 0.689 0.705 0.721 0.737 0.753 0.769 0.784 0.800 0.841 0.883 0.926 0.968 1.010 1.053 1.104 1.161 1.217 1.274 1.331 1.388 1.445 1.502 1.559 1.627 1.718 1.810 1.896
