includes/oleron/floodfiles/results/res-0004.wdfp
ncols         631
nrows         906
xllcorner     364927.146667
yllcorner     6531972.565556
cellsize      20.000000
NODATA_value  -9999.000000
[rows 136 to 169 of 906, columns 462 to 538 of 631]
7.310 7.372 7.434 7.497 7.559 7.621 7.683 7.745 7.836 7.930 8.024 8.118 8.213 8.307 8.402 8.500 8.598 8.697 8.795 8.893 9.001 9.144 9.287 9.430 9.573 9.716 9.859 10.002 10.145 10.288 10.431 10.574 10.717 10.851 10.954 11.069 11.205 11.341 11.477 11.613 11.749 11.885 12.020 12.156 12.292 12.428 12.564 12.700 12.835 12.872 12.855 12.839 12.822 12.806 12.847 12.891 12.935 12.979 13.022 13.066 13.110 13.154 13.197 13.241 13.285 13.248 13.156 13.065 12.982 12.906 12.830 12.754 12.678 12.602 12.526 12.450 12.374
7.208 7.270 7.332 7.394 7.456 7.519 7.581 7.643 7.724 7.818 7.912 8.006 8.100 8.195 8.294 8.392 8.490 8.588 8.687 8.785 8.883 9.024 9.167 9.310 9.453 9.596 9.739 9.882 10.025 10.168 10.311 10.454 10.582 10.675 10.774 10.884 10.995 11.105 11.215 11.348 11.484 11.620 11.756 11.892 12.028 12.164 12.299 12.435 12.571 12.667 12.651 12.635 12.618 12.636 12.680 12.724 12.768 12.811 12.855 12.899 12.943 12.986 13.030 13.074 13.118 13.161 13.070 12.982 12.906 12.829 12.753 12.677 12.601 12.525 12.449 12.374 12.298
7.105 7.167 7.230 7.292 7.354 7.416 7.478 7.540 7.611 7.705 7.800 7.894 7.989 8.087 8.186 8.284 8.382 8.480 8.579 8.677 8.775 8.904 9.047 9.190 9.333 9.476 9.619 9.762 9.905 10.048 10.191 10.313 10.406 10.499 10.594 10.705 10.815 10.925 11.035 11.146 11.256 11.366 11.492 11.628 11.764 11.899 12.035 12.171 12.307 12.443 12.447 12.430 12.425 12.469 12.513 12.556 12.600 12.644 12.688 12.732 12.775 12.819 12.863 12.907 12.950 12.994 12.985 12.905 12.829 12.753 12.677 12.603 12.533 12.462 12.392 12.322 12.252
7.018 7.074 7.130 7.189 7.251 7.314 7.376 7.438 7.500 7.593 7.687 7.783 7.881 7.979 8.077 8.176 8.274 8.372 8.470 8.569 8.667 8.784 8.927 9.070 9.213 9.356 9.499 9.642 9.785 9.928 10.044 10.137 10.230 10.323 10.416 10.525 10.635 10.746 10.856 10.966 11.076 11.187 11.297 11.407 11.517 11.635 11.771 11.907 12.043 12.178 12.243 12.226 12.258 12.302 12.345 12.389 12.433 12.477 12.520 12.564 12.608 12.652 12.695 12.747 12.804 12.862 12.906 12.858 12.788 12.717 12.647 12.577 12.506 12.436 12.366 12.296 12.225
6.934 6.991 7.047 7.103 7.159 7.215 7.273 7.335 7.398 7.481 7.576 7.674 7.773 7.871 7.969 8.068 8.166 8.264 8.362 8.461 8.559 8.664 8.807 8.950 9.093 9.236 9.379 9.522 9.665 9.775 9.868 9.961 10.054 10.147 10.239 10.345 10.456 10.566 10.676 10.786 10.897 11.007 11.117 11.227 11.337 11.448 11.558 11.668 11.778 11.914 12.038 12.047 12.091 12.134 12.178 12.222 12.278 12.336 12.393 12.451 12.508 12.566 12.624 12.681 12.739 12.796 12.823 12.807 12.761 12.691 12.621 12.550 12.480 12.410 12.340 12.269 12.199
6.851 6.907 6.963 7.019 7.075 7.131 7.187 7.243 7.299 7.370 7.468 7.566 7.665 7.763 7.861 7.959 8.058 8.156 8.254 8.352 8.451 8.549 8.687 8.830 8.973 9.116 9.259 9.403 9.506 9.599 9.692 9.785 9.878 9.970 10.063 10.166 10.276 10.386 10.496 10.607 10.717 10.827 10.937 11.048 11.158 11.268 11.378 11.488 11.599 11.709 11.851 11.925 11.983 12.040 12.098 12.155 12.213 12.270 12.328 12.385 12.443 12.500 12.558 12.615 12.673 12.730 12.740 12.724 12.707 12.665 12.594 12.524 12.454 12.383 12.313 12.243 12.178
6.767 6.823 6.879 6.935 6.991 7.047 7.103 7.159 7.217 7.281 7.372 7.463 7.556 7.655 7.753 7.851 7.949 8.048 8.146 8.244 8.342 8.441 8.568 8.711 8.854 8.997 9.140 9.237 9.330 9.423 9.516 9.609 9.702 9.794 9.887 9.986 10.096 10.206 10.317 10.427 10.537 10.647 10.758 10.868 10.978 11.088 11.198 11.309 11.419 11.603 11.825 11.884 11.917 11.975 12.032 12.090 12.147 12.205 12.262 12.320 12.377 12.435 12.492 12.550 12.607 12.665 12.657 12.641 12.625 12.608 12.568 12.498 12.427 12.357 12.287 12.217 12.160
6.683 6.739 6.795 6.851 6.907 6.963 7.019 7.078 7.137 7.197 7.286 7.377 7.468 7.559 7.651 7.743 7.841 7.940 8.038 8.136 8.234 8.333 8.448 8.591 8.734 8.875 8.968 9.061 9.154 9.247 9.340 9.432 9.525 9.618 9.711 9.806 9.916 10.027 10.137 10.247 10.357 10.468 10.578 10.688 10.798 10.909 11.019 11.133 11.355 11.577 11.798 11.856 11.882 11.909 11.966 12.024 12.081 12.139 12.197 12.254 12.312 12.369 12.427 12.484 12.542 12.591 12.575 12.558 12.542 12.526 12.509 12.471 12.401 12.331 12.261 12.190 12.142
6.599 6.655 6.711 6.767 6.823 6.880 6.939 6.998 7.058 7.117 7.199 7.290 7.382 7.473 7.564 7.655 7.747 7.838 7.930 8.028 8.126 8.224 8.328 8.471 8.606 8.699 8.792 8.885 8.978 9.071 9.164 9.256 9.349 9.442 9.535 9.628 9.737 9.847 9.957 10.067 10.178 10.288 10.398 10.508 10.618 10.729 10.885 11.107 11.329 11.551 11.772 11.829 11.854 11.880 11.905 11.958 12.016 12.073 12.131 12.188 12.246 12.303 12.361 12.419 12.476 12.508 12.492 12.476 12.459 12.443 12.426 12.410 12.375 12.304 12.234 12.164 12.125
6.515 6.571 6.627 6.683 6.741 6.800 6.859 6.919 6.978 7.037 7.113 7.204 7.295 7.386 7.478 7.569 7.660 7.751 7.842 7.934 8.025 8.116 8.214 8.337 8.430 8.523 8.616 8.709 8.802 8.894 8.987 9.080 9.173 9.266 9.359 9.452 9.557 9.667 9.777 9.888 9.998 10.108 10.218 10.329 10.439 10.638 10.859 11.081 11.303 11.525 11.746 11.801 11.826 11.852 11.877 11.903 11.950 12.008 12.065 12.123 12.180 12.238 12.295 12.353 12.410 12.426 12.409 12.393 12.376 12.360 12.344 12.327 12.311 12.278 12.208 12.138 12.107
6.431 6.487 6.543 6.602 6.661 6.720 6.779 6.839 6.898 6.957 7.026 7.117 7.208 7.300 7.391 7.482 7.573 7.665 7.756 7.847 7.938 8.029 8.112 8.181 8.254 8.347 8.440 8.533 8.625 8.718 8.811 8.904 8.997 9.090 9.183 9.276 9.377 9.487 9.598 9.708 9.818 9.928 10.039 10.168 10.390 10.612 10.833 11.055 11.277 11.498 11.720 11.773 11.799 11.824 11.850 11.875 11.900 11.942 12.000 12.057 12.115 12.172 12.230 12.287 12.345 12.343 12.326 12.310 12.294 12.277 12.261 12.244 12.228 12.212 12.181 12.111 12.089
6.347 6.404 6.463 6.522 6.581 6.640 6.699 6.759 6.818 6.877 6.939 7.031 7.122 7.213 7.304 7.396 7.487 7.578 7.669 7.760 7.852 7.931 8.001 8.071 8.140 8.209 8.278 8.356 8.449 8.542 8.635 8.728 8.821 8.914 9.007 9.100 9.197 9.308 9.418 9.528 9.638 9.749 9.920 10.142 10.364 10.585 10.807 11.029 11.251 11.472 11.694 11.746 11.771 11.796 11.822 11.847 11.873 11.898 11.934 11.992 12.049 12.107 12.164 12.222 12.276 12.260 12.244 12.227 12.211 12.194 12.178 12.162 12.145 12.129 12.113 12.085 12.061
6.265 6.324 6.383 6.442 6.501 6.560 6.620 6.679 6.738 6.797 6.856 6.944 7.035 7.127 7.218 7.309 7.400 7.491 7.583 7.674 7.749 7.820 7.890 7.961 8.030 8.099 8.168 8.236 8.305 8.374 8.459 8.552 8.645 8.738 8.831 8.924 9.018 9.128 9.238 9.348 9.458 9.672 9.894 10.116 10.337 10.559 10.781 11.003 11.224 11.446 11.668 11.718 11.743 11.769 11.794 11.820 11.845 11.870 11.896 11.926 11.983 12.041 12.098 12.156 12.194 12.177 12.161 12.144 12.128 12.112 12.095 12.079 12.062 12.046 12.029 12.012 12.000
6.185 6.244 6.303 6.362 6.421 6.480 6.540 6.599 6.658 6.717 6.776 6.857 6.949 7.040 7.131 7.222 7.314 7.405 7.496 7.568 7.638 7.709 7.780 7.850 7.919 7.988 8.057 8.126 8.195 8.264 8.333 8.402 8.471 8.562 8.654 8.747 8.840 8.948 9.058 9.203 9.424 9.646 9.868 10.090 10.311 10.533 10.755 10.977 11.198 11.420 11.642 11.690 11.716 11.741 11.766 11.792 11.817 11.843 11.868 11.894 11.919 11.975 12.033 12.090 12.111 12.094 12.078 12.062 12.045 12.029 12.012 11.995 11.978 11.961 11.944 11.927 11.916
6.105 6.164 6.223 6.282 6.341 6.400 6.460 6.519 6.578 6.637 6.696 6.771 6.862 6.953 7.045 7.136 7.227 7.316 7.386 7.457 7.528 7.598 7.669 7.740 7.809 7.878 7.947 8.016 8.085 8.154 8.222 8.291 8.360 8.429 8.498 8.571 8.664 8.768 8.955 9.176 9.398 9.620 9.842 10.063 10.285 10.507 10.729 10.950 11.172 11.394 11.616 11.662 11.688 11.713 11.739 11.764 11.790 11.815 11.840 11.866 11.891 11.917 11.967 12.025 12.028 12.012 11.995 11.979 11.962 11.945 11.927 11.910 11.893 11.876 11.859 11.843 11.831
6.068 6.108 6.148 6.202 6.261 6.321 6.380 6.439 6.498 6.557 6.616 6.684 6.775 6.867 6.958 7.049 7.134 7.205 7.276 7.346 7.417 7.488 7.558 7.629 7.699 7.767 7.836 7.905 7.974 8.043 8.112 8.181 8.250 8.319 8.388 8.457 8.529 8.714 8.929 9.150 9.372 9.594 9.815 10.037 10.259 10.481 10.702 10.924 11.146 11.368 11.589 11.635 11.660 11.686 11.711 11.736 11.762 11.787 11.813 11.838 11.864 11.889 11.914 11.959 11.945 11.928 11.911 11.894 11.877 11.860 11.843 11.825 11.808 11.791 11.774 11.758 11.747
6.039 6.079 6.118 6.158 6.197 6.241 6.300 6.359 6.418 6.477 6.537 6.598 6.689 6.780 6.871 6.953 7.023 7.094 7.165 7.236 7.306 7.377 7.448 7.518 7.588 7.657 7.726 7.795 7.864 7.933 8.002 8.071 8.140 8.208 8.277 8.382 8.559 8.742 8.936 9.130 9.346 9.568 9.789 10.011 10.233 10.455 10.676 10.898 11.120 11.342 11.563 11.607 11.632 11.658 11.683 11.709 11.734 11.760 11.785 11.810 11.836 11.861 11.878 11.868 11.861 11.843 11.826 11.809 11.792 11.775 11.758 11.740 11.723 11.706 11.689 11.674 11.662
6.009 6.049 6.089 6.128 6.168 6.208 6.247 6.287 6.338 6.397 6.457 6.516 6.602 6.694 6.771 6.842 6.913 6.983 7.054 7.125 7.195 7.266 7.337 7.408 7.478 7.547 7.616 7.685 7.754 7.823 7.891 7.960 8.029 8.098 8.235 8.412 8.589 8.771 8.965 9.159 9.353 9.547 9.763 9.985 10.207 10.428 10.650 10.872 11.094 11.315 11.537 11.579 11.605 11.630 11.656 11.681 11.706 11.732 11.757 11.783 11.795 11.784 11.773 11.763 11.760 11.758 11.741 11.724 11.707 11.690 11.673 11.655 11.638 11.621 11.604 11.589 11.577
5.980 6.020 6.059 6.099 6.139 6.178 6.218 6.257 6.297 6.337 6.377 6.436 6.516 6.590 6.660 6.731 6.802 6.873 6.943 7.014 7.085 7.155 7.226 7.297 7.367 7.436 7.505 7.574 7.643 7.712 7.781 7.850 7.919 8.088 8.265 8.442 8.619 8.799 8.993 9.187 9.381 9.575 9.769 9.963 10.180 10.402 10.624 10.846 11.068 11.289 11.511 11.552 11.577 11.602 11.628 11.653 11.679 11.704 11.711 11.700 11.689 11.678 11.668 11.658 11.655 11.653 11.650 11.639 11.622 11.605 11.588 11.570 11.553 11.536 11.519 11.505 11.493
5.951 5.990 6.030 6.069 6.109 6.149 6.188 6.228 6.268 6.307 6.347 6.386 6.422 6.479 6.550 6.620 6.691 6.762 6.833 6.903 6.974 7.045 7.115 7.186 7.257 7.326 7.395 7.464 7.533 7.602 7.671 7.765 7.942 8.118 8.295 8.472 8.649 8.827 9.021 9.215 9.409 9.603 9.798 9.992 10.186 10.380 10.598 10.820 11.041 11.263 11.485 11.524 11.549 11.575 11.600 11.626 11.628 11.617 11.606 11.595 11.584 11.573 11.562 11.553 11.551 11.548 11.545 11.543 11.537 11.520 11.503 11.485 11.468 11.451 11.434 11.420 11.408
5.921 5.961 6.000 6.040 6.080 6.119 6.159 6.199 6.238 6.278 6.315 6.341 6.372 6.421 6.469 6.518 6.580 6.651 6.722 6.793 6.863 6.934 7.005 7.075 7.146 7.215 7.284 7.353 7.422 7.491 7.618 7.795 7.972 8.148 8.325 8.502 8.679 8.856 9.050 9.244 9.438 9.632 9.826 10.020 10.214 10.408 10.602 10.796 11.015 11.237 11.459 11.496 11.522 11.547 11.545 11.534 11.523 11.512 11.501 11.490 11.479 11.468 11.457 11.448 11.446 11.443 11.440 11.438 11.435 11.432 11.418 11.400 11.383 11.366 11.349 11.335 11.324
5.892 5.931 5.971 6.011 6.050 6.090 6.130 6.169 6.209 6.244 6.270 6.295 6.321 6.370 6.419 6.468 6.517 6.566 6.615 6.682 6.752 6.823 6.894 6.965 7.035 7.105 7.174 7.243 7.312 7.471 7.648 7.825 8.002 8.178 8.355 8.532 8.709 8.886 9.078 9.272 9.466 9.660 9.854 10.048 10.242 10.436 10.631 10.825 11.019 11.213 11.433 11.468 11.461 11.450 11.439 11.429 11.418 11.407 11.396 11.385 11.374 11.363 11.352 11.344 11.341 11.338 11.336 11.333 11.330 11.328 11.325 11.316 11.298 11.281 11.264 11.251 11.239
5.862 5.902 5.942 5.981 6.021 6.060 6.100 6.140 6.173 6.198 6.224 6.250 6.275 6.319 6.368 6.417 6.466 6.515 6.564 6.613 6.662 6.712 6.783 6.854 6.925 6.995 7.064 7.147 7.324 7.501 7.678 7.855 8.032 8.209 8.386 8.562 8.739 8.916 9.106 9.300 9.494 9.688 9.883 10.077 10.271 10.465 10.659 10.853 11.047 11.241 11.436 11.367 11.356 11.345 11.334 11.323 11.312 11.301 11.290 11.280 11.269 11.258 11.247 11.239 11.236 11.233 11.231 11.228 11.225 11.223 11.220 11.217 11.213 11.196 11.179 11.166 11.155
5.833 5.872 5.912 5.952 5.991 6.031 6.071 6.101 6.127 6.153 6.178 6.204 6.230 6.269 6.318 6.367 6.416 6.465 6.514 6.563 6.611 6.660 6.709 6.758 6.814 6.884 7.000 7.177 7.354 7.531 7.708 7.885 8.062 8.239 8.416 8.593 8.769 8.946 9.135 9.329 9.523 9.717 9.911 10.105 10.299 10.493 10.687 10.881 11.076 11.271 11.466 11.390 11.288 11.240 11.229 11.218 11.207 11.196 11.185 11.174 11.163 11.152 11.141 11.134 11.131 11.129 11.126 11.123 11.121 11.118 11.115 11.113 11.110 11.107 11.094 11.082 11.087
5.803 5.843 5.883 5.922 5.962 6.002 6.030 6.056 6.081 6.107 6.133 6.158 6.184 6.218 6.267 6.316 6.365 6.414 6.463 6.512 6.561 6.610 6.659 6.708 6.757 6.810 7.021 7.207 7.384 7.561 7.738 7.915 8.092 8.269 8.446 8.623 8.800 8.977 9.163 9.357 9.551 9.745 9.939 10.133 10.328 10.522 10.716 10.911 11.106 11.301 11.496 11.427 11.325 11.223 11.124 11.113 11.102 11.091 11.080 11.069 11.058 11.047 11.036 11.029 11.027 11.024 11.021 11.018 11.016 11.013 11.010 11.008 11.005 11.002 11.050 11.038 11.048
5.773 5.814 5.853 5.893 5.932 5.959 5.985 6.010 6.036 6.062 6.087 6.113 6.139 6.167 6.216 6.265 6.314 6.363 6.412 6.461 6.510 6.559 6.608 6.657 6.712 6.767 6.953 7.173 7.393 7.591 7.768 7.945 8.122 8.299 8.476 8.653 8.830 9.007 9.191 9.385 9.579 9.774 9.968 10.162 10.356 10.551 10.746 10.941 11.136 11.331 11.526 11.465 11.363 11.261 11.159 11.057 10.997 10.986 10.975 10.964 10.953 10.942 10.931 10.924 10.922 10.919 10.916 10.914 10.911 10.908 10.906 10.903 10.954 11.012 11.071 11.046 11.018
5.743 5.784 5.824 5.862 5.888 5.913 5.939 5.965 5.990 6.016 6.042 6.067 6.093 6.119 6.166 6.215 6.264 6.313 6.362 6.411 6.460 6.509 6.558 6.613 6.669 6.724 6.885 7.105 7.325 7.545 7.765 7.975 8.152 8.329 8.506 8.683 8.860 9.037 9.220 9.414 9.608 9.802 9.996 10.190 10.385 10.581 10.776 10.971 11.166 11.361 11.556 11.502 11.400 11.298 11.196 11.094 10.992 10.890 10.870 10.859 10.848 10.837 10.826 10.819 10.817 10.814 10.811 10.809 10.806 10.803 10.858 10.916 10.975 11.034 11.092 11.065 11.038
5.713 5.755 5.791 5.816 5.842 5.868 5.893 5.919 5.945 5.970 5.996 6.022 6.047 6.073 6.115 6.164 6.213 6.262 6.311 6.360 6.409 6.460 6.515 6.571 6.626 6.682 6.817 7.037 7.257 7.477 7.697 7.917 8.137 8.357 8.536 8.713 8.890 9.067 9.248 9.442 9.636 9.830 10.025 10.220 10.415 10.611 10.806 11.001 11.196 11.391 11.586 11.539 11.437 11.335 11.234 11.132 11.030 10.928 10.826 10.753 10.742 10.731 10.720 10.715 10.712 10.709 10.707 10.704 10.762 10.821 10.879 10.938 10.996 11.055 11.112 11.085 11.057
5.686 5.719 5.745 5.771 5.796 5.822 5.848 5.873 5.899 5.925 5.950 5.976 6.002 6.027 6.065 6.114 6.163 6.212 6.261 6.310 6.361 6.417 6.472 6.528 6.583 6.639 6.749 6.969 7.189 7.409 7.629 7.849 8.068 8.288 8.508 8.728 8.920 9.097 9.277 9.471 9.665 9.860 10.055 10.250 10.445 10.641 10.836 11.031 11.226 11.421 11.616 11.577 11.475 11.373 11.271 11.169 11.067 10.965 10.863 10.761 10.659 10.626 10.615 10.610 10.607 10.607 10.666 10.725 10.783 10.842 10.900 10.959 11.018 11.076 11.131 11.104 11.076
5.649 5.661 5.691 5.721 5.751 5.776 5.802 5.828 5.853 5.879 5.905 5.931 5.956 5.982 6.014 6.063 6.112 6.161 6.210 6.263 6.318 6.374 6.430 6.485 6.541 6.596 6.681 6.901 7.121 7.341 7.561 7.781 8.000 8.220 8.440 8.660 8.880 9.100 9.305 9.500 9.695 9.890 10.085 10.280 10.475 10.671 10.866 11.061 11.256 11.451 11.646 11.614 11.512 11.410 11.308 11.206 11.105 11.002 10.901 10.799 10.697 10.595 10.510 10.512 10.570 10.629 10.687 10.746 10.804 10.863 10.922 10.980 11.039 11.097 11.151 11.123 11.096
5.594 5.604 5.631 5.661 5.691 5.722 5.752 5.782 5.808 5.834 5.859 5.885 5.911 5.936 5.963 6.012 6.061 6.110 6.165 6.220 6.276 6.331 6.387 6.442 6.498 6.554 6.613 6.833 7.053 7.272 7.492 7.712 7.932 8.152 8.372 8.592 8.812 9.017 9.173 9.470 9.725 9.920 10.115 10.310 10.505 10.701 10.896 11.091 11.286 11.481 11.676 11.652 11.550 11.448 11.346 11.244 11.142 11.040 10.938 10.836 10.734 10.632 10.620 10.576 10.591 10.650 10.709 10.767 10.826 10.884 10.943 11.001 11.060 11.119 11.170 11.142 11.115
5.539 5.549 5.571 5.602 5.632 5.662 5.692 5.722 5.752 5.783 5.813 5.839 5.865 5.891 5.916 5.962 6.011 6.066 6.122 6.177 6.233 6.289 6.344 6.400 6.455 6.511 6.566 6.764 6.984 7.204 7.424 7.644 7.864 8.084 8.304 8.524 8.701 8.857 9.014 9.300 9.603 9.905 10.145 10.340 10.536 10.731 10.926 11.121 11.316 11.511 11.706 11.689 11.587 11.485 11.383 11.281 11.179 11.077 10.975 10.873 10.844 10.832 10.820 10.777 10.721 10.671 10.730 10.788 10.847 10.906 10.964 11.023 11.081 11.140 11.189 11.162 11.134
5.485 5.494 5.512 5.542 5.572 5.602 5.633 5.663 5.693 5.723 5.753 5.783 5.813 5.844 5.871 5.912 5.968 6.023 6.079 6.135 6.190 6.246 6.301 6.357 6.412 6.468 6.524 6.696 6.916 7.136 7.356 7.576 7.796 8.016 8.228 8.385 8.541 8.698 8.854 9.131 9.433 9.736 10.038 10.341 10.566 10.761 10.956 11.151 11.346 11.541 11.736 11.727 11.625 11.523 11.421 11.319 11.217 11.115 11.069 11.057 11.045 11.033 11.021 10.978 10.922 10.866 10.810 10.810 10.868 10.927 10.985 11.044 11.103 11.161 11.208 11.181 11.153
5.430 5.440 5.452 5.482 5.513 5.543 5.573 5.603 5.633 5.663 5.693 5.724 5.754 5.784 5.813 5.849 5.920 5.980 6.036 6.092 6.147 6.203 6.259 6.314 6.370 6.425 6.481 6.628 6.848 7.068 7.288 7.508 7.728 7.912 8.069 8.225 8.382 8.538 8.695 8.962 9.264 9.566 9.869 10.171 10.474 10.776 10.986 11.181 11.376 11.571 11.766 11.764 11.662 11.560 11.458 11.356 11.294 11.282 11.270 11.258 11.246 11.234 11.222 11.178 11.123 11.067 11.011 10.955 10.899 10.948 11.007 11.065 11.124 11.182 11.228 11.200 11.173
