includes/oleron/floodfiles/results/res-0009.wd
ncols         631
nrows         906
xllcorner     364927.146667
yllcorner     6531972.565556
cellsize      20.000000
NODATA_value  -9999.000000
[rows 612 to 645 of 906, columns 462 to 538 of 631]
0.000 0.000 0.302 0.500 0.917 1.339 0.000 0.000 0.000 0.000 0.000 0.000 0.000 0.000 0.000 0.000 0.000 0.000 0.000 0.000 0.000 0.000 0.000 0.000 0.000 0.001 0.018 0.197 0.127 0.107 0.013 0.056 0.003 0.003 0.088 0.004 0.037 0.023 0.000 0.003 0.000 0.000 0.000 0.031 0.116 0.218 0.346 0.524 0.702 0.880 1.059 1.237 1.415 1.593 1.772 1.950 2.127 2.258 2.389 2.520 2.651 2.768 2.771 2.775 2.778 2.781 2.785 2.788 2.791 2.795 2.798 2.982 3.172 3.362 3.552 3.743 3.944
0.000 0.000 0.000 0.000 1.112 1.538 1.750 0.000 0.000 0.062 0.000 0.000 0.000 0.000 0.000 0.000 0.000 0.000 0.000 0.000 0.000 0.000 0.000 0.000 0.000 0.000 0.000 0.000 0.000 0.000 0.125 0.115 0.026 0.005 0.000 0.206 0.279 0.000 0.000 0.002 0.004 0.067 0.000 0.000 0.153 0.255 0.358 0.506 0.684 0.862 1.040 1.219 1.397 1.575 1.753 1.932 2.083 2.214 2.345 2.476 2.607 2.738 2.805 2.808 2.812 2.815 2.818 2.822 2.825 2.829 2.932 3.122 3.312 3.503 3.693 3.883 4.073
0.000 0.000 0.000 0.000 0.523 1.635 1.682 0.000 0.000 0.000 0.000 0.000 0.000 0.000 0.000 0.000 0.000 0.000 0.000 0.000 0.000 0.000 0.000 0.000 0.000 0.000 0.000 0.237 0.207 0.000 0.000 0.006 0.045 0.020 0.035 0.045 0.008 0.017 0.000 0.002 0.017 0.094 0.000 0.088 0.190 0.292 0.395 0.498 0.666 0.844 1.022 1.200 1.379 1.557 1.735 1.908 2.039 2.170 2.301 2.432 2.563 2.694 2.825 2.842 2.845 2.849 2.852 2.856 2.859 2.882 3.072 3.263 3.453 3.643 3.833 4.023 4.213
0.000 0.000 0.000 0.000 0.000 1.540 1.587 0.008 0.000 0.000 0.002 0.000 0.000 0.000 0.000 0.000 0.000 0.000 0.000 0.000 0.000 0.015 0.015 0.000 0.000 0.000 0.000 0.000 0.187 0.002 0.002 0.007 0.000 0.030 0.012 0.012 0.000 0.017 0.000 0.002 0.018 0.000 0.029 0.125 0.227 0.330 0.432 0.535 0.647 0.826 1.004 1.182 1.360 1.539 1.717 1.864 1.995 2.126 2.257 2.388 2.519 2.650 2.781 2.876 2.879 2.882 2.886 2.889 2.893 3.023 3.213 3.403 3.593 3.783 3.974 4.164 4.354
0.766 0.000 0.000 0.000 0.000 1.446 1.492 1.538 0.001 0.000 0.035 0.000 0.000 0.000 0.000 0.124 0.000 0.042 0.000 0.000 0.000 0.245 0.000 0.000 0.000 0.000 0.000 0.000 0.000 0.098 0.001 0.005 0.012 0.010 0.030 0.000 0.000 0.010 0.008 0.007 0.013 0.013 0.061 0.162 0.264 0.367 0.470 0.572 0.675 0.807 0.986 1.164 1.342 1.520 1.689 1.820 1.951 2.082 2.213 2.344 2.475 2.606 2.737 2.868 2.913 2.916 2.919 2.923 2.973 3.163 3.353 3.544 3.734 3.924 4.114 4.304 4.494
0.776 0.000 0.000 0.000 0.000 0.170 1.396 1.443 0.003 0.026 0.002 0.000 0.000 0.000 0.000 0.064 0.000 0.000 0.000 0.000 0.000 0.000 0.000 0.000 0.003 0.001 0.000 0.000 0.000 0.005 0.002 0.004 0.008 0.012 0.032 0.000 0.000 0.007 0.008 0.008 0.011 0.021 0.097 0.199 0.301 0.404 0.507 0.610 0.712 0.815 0.967 1.146 1.324 1.502 1.645 1.776 1.907 2.038 2.169 2.300 2.431 2.562 2.693 2.824 2.946 2.950 2.953 2.956 3.113 3.304 3.494 3.684 3.874 4.064 4.254 4.445 4.635
0.000 0.000 0.000 0.013 0.000 0.000 1.301 1.347 0.526 0.000 0.032 0.012 0.000 0.000 0.000 0.000 0.000 0.000 0.000 0.028 0.000 0.034 0.004 0.001 0.001 0.004 0.003 0.002 0.000 0.000 0.008 0.005 0.007 0.010 0.021 0.016 0.013 0.011 0.010 0.010 0.012 0.039 0.134 0.236 0.338 0.441 0.544 0.647 0.750 0.853 0.956 1.127 1.306 1.470 1.601 1.732 1.863 1.994 2.125 2.256 2.387 2.518 2.649 2.780 2.910 2.983 2.987 3.064 3.254 3.444 3.634 3.824 4.015 4.205 4.395 4.585 4.775
0.000 0.006 0.000 0.000 0.000 0.376 0.002 1.248 0.442 0.000 0.010 0.113 0.001 0.003 0.000 0.017 0.000 0.000 0.008 0.098 0.098 0.000 0.000 0.003 0.002 0.002 0.030 0.007 0.000 0.000 0.000 0.000 0.006 0.008 0.015 0.015 0.014 0.013 0.012 0.012 0.016 0.071 0.171 0.273 0.376 0.478 0.581 0.684 0.787 0.890 0.993 1.109 1.287 1.426 1.557 1.688 1.819 1.950 2.081 2.212 2.343 2.474 2.605 2.736 2.866 2.997 3.020 3.204 3.394 3.584 3.775 3.965 4.155 4.345 4.535 4.725 4.916
0.000 0.015 0.000 0.000 0.513 0.000 0.002 1.148 1.194 0.214 0.154 0.031 0.091 0.030 0.028 0.105 0.000 0.001 0.000 0.000 0.004 0.002 0.045 0.001 0.000 0.115 0.000 0.079 0.005 0.006 0.000 0.000 0.000 0.005 0.010 0.013 0.014 0.014 0.013 0.014 0.026 0.107 0.208 0.310 0.413 0.516 0.618 0.721 0.824 0.927 1.030 1.133 1.251 1.382 1.513 1.647 1.780 1.913 2.047 2.180 2.313 2.447 2.580 2.713 2.847 2.980 3.101 3.290 3.479 3.668 3.857 4.045 4.234 4.423 4.612 4.801 4.989
0.426 0.000 0.000 0.403 0.023 0.000 0.002 1.050 1.097 0.342 0.051 0.004 0.240 0.160 0.057 0.064 0.099 0.047 0.000 0.074 0.001 0.006 0.000 0.001 0.001 0.000 0.000 0.000 0.007 0.005 0.003 0.003 0.002 0.005 0.011 0.012 0.013 0.013 0.014 0.016 0.048 0.137 0.236 0.335 0.435 0.536 0.636 0.736 0.836 0.936 1.036 1.137 1.307 1.446 1.579 1.713 1.846 1.979 2.113 2.246 2.379 2.513 2.646 2.779 2.913 3.032 3.079 3.224 3.413 3.602 3.791 3.979 4.168 4.357 4.546 4.735 4.923
0.003 0.003 0.054 0.033 0.022 0.013 0.020 0.954 0.999 1.043 0.112 0.085 0.220 0.279 0.156 0.184 0.057 0.028 0.056 0.001 0.008 0.006 0.000 0.067 0.001 0.000 0.000 0.003 0.006 0.005 0.005 0.004 0.007 0.000 0.000 0.007 0.010 0.012 0.014 0.020 0.047 0.137 0.236 0.336 0.436 0.536 0.636 0.736 0.836 0.936 1.037 1.180 1.351 1.512 1.646 1.779 1.912 2.046 2.179 2.312 2.446 2.579 2.712 2.846 2.979 3.044 3.092 3.158 3.347 3.536 3.725 3.913 4.102 4.291 4.480 4.669 4.857
0.065 0.000 0.384 0.014 0.000 0.000 0.000 0.000 0.899 0.946 0.470 0.244 0.261 0.098 0.166 0.089 0.092 0.031 0.072 0.070 0.000 0.082 0.000 0.107 0.000 0.000 0.000 0.000 0.000 0.007 0.006 0.006 0.007 0.005 0.004 0.006 0.008 0.011 0.015 0.026 0.061 0.137 0.236 0.336 0.436 0.536 0.636 0.736 0.836 0.937 1.053 1.224 1.396 1.567 1.712 1.845 1.978 2.112 2.245 2.378 2.512 2.645 2.778 2.912 3.010 3.057 3.105 3.152 3.281 3.470 3.659 3.847 4.036 4.225 4.414 4.603 4.791
0.002 0.124 0.094 0.003 0.000 0.000 0.009 0.061 0.801 0.846 0.366 0.170 0.137 0.136 0.007 0.029 0.077 0.079 0.090 0.028 0.073 0.005 0.015 0.002 0.003 0.041 0.005 0.015 0.014 0.004 0.006 0.007 0.007 0.007 0.006 0.006 0.008 0.011 0.016 0.035 0.080 0.137 0.236 0.336 0.436 0.536 0.636 0.736 0.836 0.937 1.097 1.268 1.440 1.611 1.778 1.911 2.044 2.178 2.311 2.445 2.578 2.711 2.844 2.976 3.023 3.070 3.117 3.164 3.215 3.404 3.593 3.781 3.970 4.159 4.348 4.537 4.725
0.000 0.054 0.000 0.054 0.013 0.031 0.007 0.000 0.434 0.740 0.784 0.229 0.287 0.099 0.000 0.075 0.182 0.073 0.001 0.017 0.090 0.000 0.008 0.049 0.001 0.000 0.014 0.008 0.009 0.016 0.012 0.010 0.010 0.009 0.008 0.008 0.009 0.012 0.025 0.049 0.099 0.155 0.236 0.336 0.436 0.536 0.636 0.736 0.837 0.970 1.141 1.312 1.484 1.655 1.827 1.977 2.111 2.244 2.377 2.511 2.644 2.777 2.911 2.989 3.036 3.083 3.130 3.177 3.224 3.338 3.527 3.715 3.904 4.093 4.282 4.470 4.659
0.000 0.000 0.000 0.000 0.013 0.121 0.000 0.000 0.005 0.635 0.681 0.341 0.321 0.044 0.157 0.009 0.110 0.059 0.004 0.125 0.048 0.010 0.017 0.014 0.008 0.079 0.049 0.000 0.004 0.001 0.008 0.009 0.010 0.010 0.010 0.010 0.011 0.022 0.000 0.064 0.119 0.176 0.237 0.336 0.436 0.536 0.636 0.736 0.842 1.014 1.185 1.357 1.528 1.699 1.871 2.042 2.177 2.310 2.444 2.577 2.710 2.843 2.954 3.001 3.049 3.096 3.143 3.190 3.237 3.284 3.460 3.649 3.838 4.027 4.216 4.404 4.593
0.011 0.071 0.011 0.051 0.000 0.006 0.005 0.027 0.004 0.527 0.573 0.298 0.238 0.221 0.167 0.070 0.080 0.092 0.258 0.094 0.089 0.015 0.002 0.022 0.031 0.038 0.099 0.003 0.001 0.010 0.010 0.010 0.010 0.011 0.012 0.012 0.012 0.020 0.035 0.083 0.138 0.196 0.254 0.336 0.436 0.536 0.636 0.737 0.887 1.058 1.229 1.401 1.572 1.743 1.915 2.086 2.243 2.376 2.510 2.643 2.776 2.910 2.967 3.014 3.061 3.109 3.156 3.203 3.250 3.297 3.394 3.583 3.772 3.961 4.150 4.338 4.515
0.091 0.121 0.091 0.041 0.000 0.000 0.004 0.055 0.234 0.414 0.451 0.386 0.000 0.325 0.060 0.001 0.118 0.117 0.061 0.044 0.089 0.061 0.014 0.008 0.073 0.073 0.001 0.125 0.000 0.002 0.000 0.009 0.010 0.011 0.012 0.012 0.014 0.023 0.052 0.103 0.159 0.216 0.275 0.337 0.436 0.536 0.637 0.759 0.931 1.102 1.274 1.445 1.616 1.788 1.959 2.130 2.302 2.442 2.576 2.709 2.842 2.933 2.980 3.027 3.074 3.121 3.169 3.216 3.263 3.310 3.357 3.517 3.706 3.895 4.084 4.271 4.428
0.171 0.101 0.191 0.031 0.000 0.018 0.006 0.000 0.107 0.177 0.416 0.443 0.465 0.091 0.188 0.039 0.100 0.149 0.051 0.067 0.012 0.037 0.032 0.017 0.049 0.132 0.000 0.004 0.088 0.002 0.000 0.000 0.007 0.009 0.011 0.012 0.015 0.030 0.070 0.122 0.179 0.236 0.295 0.354 0.437 0.537 0.637 0.803 0.975 1.146 1.318 1.489 1.660 1.832 2.003 2.175 2.346 2.509 2.642 2.775 2.898 2.946 2.993 3.040 3.087 3.134 3.181 3.229 3.276 3.323 3.370 3.451 3.640 3.829 4.018 4.184 4.340
0.161 0.000 0.111 0.000 0.150 0.000 0.056 0.136 0.002 0.035 0.409 0.435 0.459 0.485 0.130 0.078 0.049 0.033 0.106 0.066 0.125 0.095 0.048 0.414 0.421 0.000 0.431 0.000 0.000 0.003 0.002 0.005 0.006 0.007 0.009 0.011 0.018 0.043 0.089 0.142 0.199 0.257 0.315 0.375 0.437 0.537 0.676 0.848 1.019 1.190 1.362 1.533 1.705 1.876 2.047 2.219 2.390 2.561 2.708 2.841 2.911 2.958 3.006 3.053 3.100 3.147 3.194 3.241 3.289 3.336 3.383 3.430 3.574 3.763 3.941 4.097 4.253
0.211 0.121 0.015 0.000 0.040 0.000 0.056 0.000 0.030 0.078 0.124 0.430 0.455 0.483 0.286 0.112 0.035 0.144 0.101 0.003 0.069 0.000 0.186 0.010 0.453 0.460 0.114 0.026 0.044 0.000 0.000 0.000 0.005 0.008 0.011 0.015 0.029 0.064 0.112 0.165 0.220 0.277 0.336 0.395 0.454 0.549 0.720 0.892 1.063 1.235 1.406 1.577 1.749 1.920 2.091 2.263 2.434 2.606 2.774 2.877 2.924 2.971 3.018 3.065 3.113 3.160 3.207 3.254 3.301 3.348 3.396 3.443 3.508 3.697 3.853 4.010 4.166
0.007 0.000 0.141 0.005 0.007 0.000 0.025 0.009 0.007 0.004 0.021 0.157 0.451 0.469 0.479 0.486 0.516 0.148 0.000 0.003 0.035 0.406 0.000 0.015 0.486 0.105 0.079 0.470 0.045 0.095 0.088 0.000 0.027 0.033 0.031 0.034 0.055 0.094 0.143 0.196 0.251 0.308 0.366 0.424 0.482 0.575 0.747 0.919 1.091 1.262 1.434 1.606 1.778 1.950 2.122 2.294 2.466 2.638 2.809 2.883 2.930 2.978 3.026 3.073 3.121 3.169 3.216 3.264 3.311 3.359 3.406 3.454 3.502 3.617 3.766 3.922 4.078
0.139 0.000 0.070 0.080 0.000 0.000 0.000 0.001 0.000 0.011 0.050 0.088 0.008 0.463 0.487 0.492 0.519 0.157 0.000 0.011 0.019 0.036 0.000 0.000 0.000 0.523 0.000 0.000 0.000 0.000 0.095 0.089 0.074 0.068 0.056 0.059 0.085 0.125 0.174 0.227 0.282 0.339 0.397 0.455 0.532 0.628 0.762 0.934 1.106 1.278 1.450 1.622 1.793 1.965 2.137 2.309 2.481 2.653 2.778 2.877 2.926 2.973 3.021 3.069 3.116 3.164 3.211 3.259 3.307 3.354 3.402 3.449 3.555 3.776 3.920 4.064 4.207
0.429 0.059 0.169 0.000 0.035 0.046 0.002 0.038 0.003 0.001 0.002 0.014 0.020 0.029 0.061 0.482 0.498 0.419 0.364 0.327 0.301 0.285 0.277 0.279 0.286 0.013 0.048 0.047 0.047 0.058 0.000 0.000 0.121 0.000 0.055 0.082 0.115 0.156 0.205 0.258 0.313 0.370 0.428 0.494 0.589 0.684 0.779 0.949 1.121 1.293 1.465 1.637 1.809 1.981 2.153 2.325 2.496 2.647 2.746 2.845 2.921 2.969 3.016 3.064 3.111 3.159 3.207 3.254 3.302 3.349 3.397 3.445 3.672 3.900 4.079 4.223 4.367
0.061 0.002 0.247 0.177 0.060 0.028 0.044 0.000 0.092 0.100 0.118 0.057 0.020 0.002 0.004 0.000 0.043 0.364 0.377 0.356 0.331 0.314 0.306 0.307 0.000 0.523 0.000 0.000 0.000 0.096 0.097 0.105 0.000 0.056 0.085 0.113 0.146 0.188 0.236 0.289 0.344 0.401 0.459 0.550 0.645 0.741 0.836 0.965 1.137 1.309 1.480 1.652 1.824 1.996 2.168 2.340 2.512 2.615 2.714 2.813 2.912 2.964 3.012 3.059 3.107 3.154 3.202 3.250 3.297 3.345 3.392 3.561 3.790 4.018 4.239 4.383 4.526
0.103 0.002 0.000 0.016 0.028 0.269 0.310 0.078 0.327 0.030 0.113 0.016 0.041 0.002 0.046 0.051 0.034 0.347 0.378 0.384 0.355 0.338 0.328 0.321 0.312 0.004 0.199 0.188 0.171 0.152 0.143 0.137 0.124 0.114 0.118 0.144 0.178 0.219 0.268 0.320 0.375 0.432 0.512 0.607 0.702 0.797 0.892 0.988 1.152 1.324 1.496 1.668 1.840 2.012 2.183 2.355 2.484 2.583 2.682 2.781 2.880 2.959 3.007 3.054 3.102 3.150 3.197 3.245 3.292 3.340 3.451 3.679 3.907 4.136 4.364 4.542 4.686
0.022 0.066 0.017 0.058 0.000 0.003 0.219 0.004 0.006 0.324 0.062 0.038 0.069 0.070 0.063 0.018 0.000 0.351 0.386 0.000 0.365 0.356 0.347 0.339 0.326 0.298 0.259 0.235 0.216 0.199 0.187 0.178 0.169 0.160 0.154 0.177 0.210 0.251 0.299 0.351 0.407 0.474 0.568 0.663 0.758 0.853 0.949 1.044 1.168 1.339 1.511 1.683 1.855 2.027 2.199 2.352 2.452 2.551 2.650 2.749 2.848 2.948 3.002 3.050 3.097 3.145 3.193 3.240 3.288 3.340 3.568 3.797 4.025 4.253 4.482 4.702 4.845
0.030 0.036 0.089 0.000 0.000 0.092 0.110 0.039 0.022 0.045 0.040 0.082 0.086 0.049 0.042 0.148 0.000 0.000 0.375 0.392 0.397 0.377 0.368 0.361 0.352 0.332 0.308 0.280 0.260 0.242 0.230 0.221 0.213 0.206 0.200 0.209 0.242 0.282 0.330 0.382 0.438 0.530 0.625 0.719 0.814 0.910 1.005 1.100 1.196 1.355 1.527 1.699 1.870 2.042 2.214 2.320 2.420 2.519 2.618 2.717 2.816 2.915 2.997 3.045 3.093 3.140 3.188 3.235 3.283 3.458 3.686 3.914 4.143 4.371 4.599 4.827 5.005
0.040 0.135 0.021 0.037 0.062 0.076 0.000 0.089 0.032 0.322 0.011 0.000 0.390 0.433 0.067 0.029 0.102 0.041 0.000 0.405 0.000 0.384 0.387 0.387 0.382 0.382 0.355 0.318 0.301 0.283 0.271 0.263 0.256 0.251 0.246 0.244 0.274 0.314 0.361 0.413 0.493 0.587 0.681 0.776 0.871 0.966 1.061 1.157 1.252 1.370 1.542 1.714 1.886 2.058 2.189 2.288 2.388 2.487 2.586 2.685 2.784 2.883 2.983 3.040 3.088 3.136 3.183 3.231 3.347 3.575 3.804 4.032 4.260 4.489 4.717 4.945 5.165
0.094 0.053 0.060 0.082 0.053 0.016 0.068 0.021 0.000 0.071 0.318 0.155 0.403 0.049 0.094 0.505 0.044 0.527 0.034 0.000 0.376 0.407 0.414 0.418 0.424 0.441 0.000 0.337 0.341 0.320 0.312 0.306 0.301 0.296 0.292 0.291 0.305 0.345 0.392 0.457 0.549 0.643 0.738 0.832 0.927 1.023 1.118 1.213 1.308 1.404 1.558 1.729 1.901 2.058 2.157 2.256 2.355 2.455 2.554 2.653 2.752 2.851 2.951 3.036 3.083 3.131 3.178 3.236 3.465 3.693 3.921 4.150 4.378 4.606 4.834 5.063 5.291
0.000 0.017 0.013 0.022 0.081 0.031 0.015 0.112 0.070 0.034 0.331 0.374 0.416 0.157 0.113 0.000 0.018 0.007 0.287 0.330 0.000 0.428 0.444 0.454 0.000 0.000 0.000 0.000 0.000 0.347 0.353 0.350 0.345 0.341 0.338 0.338 0.340 0.376 0.425 0.514 0.606 0.700 0.794 0.889 0.984 1.079 1.174 1.270 1.365 1.460 1.573 1.745 1.917 2.026 2.125 2.224 2.323 2.423 2.522 2.621 2.720 2.819 2.918 3.018 3.078 3.126 3.174 3.354 3.582 3.811 4.039 4.267 4.495 4.724 4.952 5.180 5.409
0.124 0.039 0.019 0.006 0.004 0.415 0.000 0.040 0.030 0.054 0.344 0.387 0.070 0.021 0.061 0.000 0.007 0.258 0.301 0.343 0.000 0.438 0.475 0.000 0.395 0.000 0.356 0.373 0.386 0.394 0.398 0.396 0.389 0.386 0.384 0.384 0.386 0.407 0.480 0.570 0.662 0.756 0.850 0.945 1.040 1.135 1.231 1.326 1.421 1.517 1.612 1.760 1.895 1.994 2.093 2.192 2.291 2.391 2.490 2.589 2.688 2.787 2.886 2.986 3.074 3.121 3.243 3.472 3.700 3.928 4.156 4.385 4.613 4.841 5.070 5.298 5.526
0.000 0.003 0.014 0.088 0.205 0.019 0.074 0.048 0.072 0.008 0.012 0.000 0.024 0.136 0.175 0.200 0.232 0.267 0.308 0.350 0.392 0.435 0.000 0.361 0.364 0.350 0.340 0.350 0.364 0.377 0.380 0.380 0.373 0.373 0.375 0.378 0.382 0.419 0.505 0.597 0.692 0.788 0.885 0.982 1.080 1.177 1.275 1.372 1.470 1.568 1.666 1.763 1.863 1.962 2.061 2.160 2.259 2.358 2.458 2.557 2.656 2.755 2.854 2.953 3.053 3.133 3.361 3.589 3.817 4.046 4.274 4.502 4.731 4.959 5.187 5.416 5.644
0.000 0.004 0.030 0.243 0.075 0.027 0.159 0.083 0.006 0.003 0.003 0.000 0.005 0.002 0.001 0.000 0.000 0.271 0.000 0.353 0.395 0.433 0.396 0.333 0.303 0.284 0.277 0.287 0.302 0.324 0.000 0.000 0.293 0.304 0.309 0.312 0.316 0.395 0.483 0.576 0.671 0.767 0.864 0.961 1.059 1.156 1.254 1.351 1.449 1.547 1.644 1.731 1.824 1.923 2.023 2.122 2.222 2.321 2.420 2.520 2.619 2.719 2.818 2.918 3.017 3.155 3.397 3.639 3.880 4.122 4.364 4.605 4.847 5.077 5.305 5.533 5.762
0.040 0.000 0.189 0.083 0.164 0.050 0.064 0.000 0.008 0.014 0.085 0.018 0.006 0.010 0.152 0.192 0.233 0.275 0.316 0.358 0.399 0.401 0.368 0.335 0.000 0.201 0.213 0.223 0.239 0.261 0.000 0.222 0.229 0.235 0.241 0.244 0.288 0.370 0.460 0.554 0.649 0.746 0.843 0.940 1.037 1.135 1.232 1.330 1.428 1.525 1.617 1.700 1.785 1.885 1.984 2.084 2.183 2.282 2.382 2.481 2.581 2.680 2.779 2.879 2.988 3.111 3.316 3.558 3.800 4.041 4.283 4.525 4.767 5.008 5.250 5.492 5.734
