includes/oleron/floodfiles/results/res-0007.wdfp
ncols         631
nrows         906
xllcorner     364927.146667
yllcorner     6531972.565556
cellsize      20.000000
NODATA_value  -9999.000000
[rows 714 to 747 of 906, columns 539 to 615 of 631]
8.263 8.196 8.130 8.064 7.997 7.931 7.880 7.837 7.794 7.751 7.708 7.665 7.622 7.579 7.501 7.314 6.902 6.452 5.986 5.519 5.053 4.586 4.120 3.654 3.196 3.112 3.027 2.943 2.859 2.775 2.692 2.625 2.559 2.493 2.431 2.417 2.404 2.390 2.367 2.342 2.317 2.293 2.268 2.184 2.050 2.050 2.050 2.050 2.050 2.051 2.051 2.052 2.052 2.052 2.053 2.053 2.054 2.054 2.055 2.055 2.056 2.057 2.057 2.058 2.058 2.059 2.059 2.060 2.061 2.063 2.065 2.068 2.070 2.072 2.074 2.077 2.079
8.261 8.195 8.128 8.062 7.995 7.929 7.877 7.834 7.791 7.749 7.706 7.663 7.620 7.577 7.534 7.340 6.874 6.408 5.941 5.475 5.008 4.542 4.075 3.609 3.195 3.111 3.027 2.943 2.859 2.774 2.690 2.606 2.533 2.467 2.406 2.392 2.378 2.353 2.328 2.304 2.279 2.254 2.230 2.162 2.049 2.049 2.049 2.049 2.049 2.049 2.050 2.050 2.051 2.051 2.052 2.052 2.053 2.053 2.054 2.055 2.055 2.056 2.056 2.057 2.058 2.058 2.059 2.060 2.061 2.062 2.063 2.066 2.068 2.070 2.073 2.075 2.077
8.259 8.193 8.127 8.060 7.994 7.927 7.875 7.832 7.789 7.746 7.703 7.660 7.617 7.547 7.429 7.203 6.806 6.363 5.897 5.430 4.964 4.498 4.031 3.565 3.194 3.110 3.026 2.942 2.858 2.774 2.690 2.605 2.521 2.441 2.380 2.364 2.340 2.315 2.290 2.266 2.241 2.216 2.192 2.140 2.048 2.048 2.048 2.048 2.048 2.048 2.049 2.049 2.050 2.050 2.051 2.051 2.052 2.052 2.053 2.054 2.054 2.055 2.056 2.057 2.057 2.058 2.059 2.060 2.061 2.062 2.062 2.064 2.066 2.069 2.071 2.074 2.076
8.258 8.191 8.125 8.059 7.992 7.926 7.872 7.829 7.786 7.744 7.701 7.654 7.536 7.418 7.299 7.062 6.665 6.268 5.852 5.386 4.919 4.453 3.987 3.520 3.193 3.109 3.025 2.941 2.857 2.773 2.689 2.605 2.521 2.436 2.358 2.328 2.301 2.277 2.252 2.227 2.203 2.178 2.153 2.118 2.047 2.047 2.047 2.047 2.047 2.047 2.048 2.048 2.048 2.049 2.049 2.050 2.051 2.051 2.052 2.053 2.054 2.054 2.055 2.056 2.057 2.058 2.059 2.060 2.060 2.061 2.063 2.064 2.065 2.067 2.069 2.072 2.075
8.242 8.190 8.123 8.057 7.991 7.924 7.870 7.827 7.784 7.741 7.642 7.524 7.406 7.288 7.170 6.920 6.523 6.126 5.729 5.332 4.875 4.409 3.942 3.476 3.193 3.109 3.024 2.940 2.856 2.772 2.688 2.605 2.526 2.448 2.376 2.325 2.295 2.265 2.236 2.206 2.176 2.147 2.117 2.091 2.046 2.046 2.046 2.046 2.046 2.047 2.047 2.047 2.047 2.047 2.048 2.049 2.050 2.050 2.051 2.052 2.053 2.054 2.054 2.055 2.056 2.057 2.058 2.059 2.060 2.061 2.062 2.064 2.065 2.066 2.068 2.070 2.073
8.212 8.159 8.107 8.054 7.989 7.922 7.867 7.824 7.748 7.630 7.512 7.394 7.276 7.158 7.040 6.778 6.381 5.985 5.588 5.191 4.794 4.364 3.898 3.431 3.192 3.108 3.024 2.939 2.855 2.776 2.697 2.618 2.540 2.461 2.393 2.329 2.292 2.262 2.233 2.203 2.173 2.144 2.114 2.045 2.045 2.045 2.045 2.045 2.046 2.046 2.046 2.046 2.046 2.046 2.047 2.048 2.048 2.049 2.050 2.051 2.052 2.053 2.054 2.055 2.056 2.057 2.058 2.059 2.060 2.061 2.062 2.064 2.065 2.066 2.067 2.069 2.071
8.181 8.129 8.076 8.023 7.971 7.918 7.855 7.737 7.619 7.500 7.382 7.264 7.146 7.028 6.910 6.637 6.240 5.843 5.446 5.049 4.652 4.255 3.853 3.387 3.191 3.107 3.025 2.946 2.868 2.789 2.710 2.632 2.553 2.475 2.411 2.347 2.289 2.259 2.230 2.200 2.170 2.141 2.111 2.044 2.044 2.044 2.045 2.045 2.045 2.045 2.045 2.046 2.046 2.046 2.046 2.046 2.047 2.048 2.049 2.050 2.051 2.052 2.053 2.054 2.055 2.056 2.057 2.059 2.060 2.061 2.062 2.063 2.065 2.066 2.067 2.069 2.070
8.151 8.098 8.045 7.993 7.940 7.985 7.958 7.620 7.489 7.371 7.253 7.135 7.016 6.898 6.780 6.495 6.098 5.701 5.304 4.908 4.511 4.114 3.717 3.321 3.196 3.117 3.039 2.960 2.881 2.802 2.724 2.645 2.566 2.493 2.429 2.365 2.300 2.256 2.227 2.197 2.167 2.138 2.057 2.043 2.043 2.044 2.044 2.044 2.044 2.044 2.045 2.045 2.045 2.045 2.046 2.046 2.046 2.047 2.048 2.049 2.050 2.051 2.052 2.054 2.055 2.056 2.057 2.058 2.059 2.061 2.062 2.063 2.065 2.066 2.067 2.069 2.071
8.120 8.068 8.015 7.962 8.068 8.203 8.223 7.885 7.547 7.241 7.123 7.005 6.887 6.769 6.651 6.353 5.957 5.560 5.163 4.766 4.369 3.983 3.640 3.300 3.212 3.131 3.052 2.973 2.894 2.816 2.737 2.658 2.580 2.511 2.447 2.382 2.318 2.254 2.224 2.194 2.165 2.135 2.042 2.042 2.043 2.043 2.043 2.043 2.044 2.044 2.044 2.044 2.045 2.045 2.045 2.045 2.046 2.046 2.047 2.048 2.049 2.050 2.052 2.053 2.054 2.055 2.057 2.058 2.059 2.060 2.062 2.063 2.064 2.066 2.067 2.069 2.071
8.090 8.037 8.016 8.151 8.286 8.422 8.488 8.150 7.812 7.474 7.136 6.875 6.757 6.639 6.521 6.212 5.815 5.418 5.021 4.646 4.303 3.960 3.617 3.323 3.235 3.147 3.065 2.986 2.908 2.829 2.750 2.672 2.593 2.529 2.464 2.400 2.336 2.272 2.221 2.191 2.162 2.116 2.041 2.042 2.042 2.042 2.042 2.043 2.043 2.043 2.043 2.044 2.044 2.044 2.045 2.045 2.045 2.046 2.046 2.047 2.048 2.050 2.051 2.052 2.054 2.055 2.056 2.058 2.059 2.060 2.062 2.063 2.064 2.066 2.067 2.069 2.071
8.059 8.099 8.234 8.370 8.505 8.640 8.753 8.415 8.077 7.739 7.401 7.063 6.725 6.509 6.391 6.070 5.673 5.308 4.965 4.622 4.279 3.936 3.593 3.346 3.258 3.170 3.082 3.000 2.921 2.842 2.764 2.685 2.610 2.546 2.482 2.418 2.354 2.289 2.225 2.188 2.159 2.040 2.041 2.041 2.041 2.041 2.042 2.042 2.042 2.043 2.043 2.043 2.044 2.044 2.044 2.045 2.045 2.045 2.046 2.046 2.047 2.049 2.050 2.052 2.053 2.054 2.056 2.057 2.058 2.060 2.061 2.063 2.064 2.066 2.067 2.069 2.070
8.182 8.318 8.453 8.588 8.723 8.859 8.994 8.681 8.343 8.005 7.666 7.328 6.990 6.652 6.314 5.970 5.627 5.284 4.941 4.598 4.255 3.912 3.569 3.368 3.280 3.193 3.105 3.017 2.934 2.856 2.777 2.698 2.628 2.564 2.500 2.435 2.371 2.307 2.243 2.185 2.156 2.039 2.040 2.040 2.040 2.041 2.041 2.041 2.042 2.042 2.042 2.043 2.043 2.043 2.044 2.044 2.045 2.045 2.046 2.046 2.047 2.048 2.050 2.051 2.052 2.054 2.055 2.057 2.058 2.060 2.061 2.062 2.064 2.065 2.067 2.069 2.070
8.401 8.536 8.671 8.807 8.942 9.077 9.212 8.946 8.608 8.270 7.932 7.594 7.256 6.859 6.281 5.926 5.604 5.261 4.918 4.575 4.232 3.889 3.546 3.391 3.303 3.215 3.127 3.039 2.951 2.869 2.790 2.712 2.646 2.582 2.517 2.453 2.389 2.325 2.261 2.197 2.072 2.039 2.039 2.039 2.040 2.040 2.040 2.041 2.041 2.041 2.042 2.042 2.042 2.043 2.043 2.044 2.044 2.045 2.045 2.046 2.047 2.048 2.049 2.050 2.052 2.053 2.055 2.056 2.058 2.059 2.061 2.062 2.064 2.065 2.067 2.068 2.070
8.619 8.755 8.890 9.025 9.160 9.296 9.431 9.211 8.873 8.535 8.197 7.859 7.350 6.773 6.195 5.850 5.550 5.237 4.894 4.551 4.208 3.865 3.522 3.414 3.326 3.238 3.150 3.062 2.974 2.886 2.804 2.728 2.664 2.599 2.535 2.471 2.407 2.344 2.280 2.217 2.138 2.038 2.038 2.038 2.039 2.039 2.039 2.040 2.040 2.041 2.041 2.041 2.042 2.042 2.043 2.043 2.044 2.044 2.045 2.045 2.046 2.047 2.048 2.050 2.051 2.053 2.054 2.056 2.057 2.059 2.061 2.062 2.063 2.065 2.066 2.068 2.070
8.753 8.973 9.108 9.244 9.379 9.514 9.649 9.477 9.139 8.801 8.419 7.842 7.264 6.687 6.110 5.774 5.473 5.173 4.870 4.527 4.184 3.841 3.525 3.437 3.349 3.261 3.173 3.085 2.997 2.909 2.821 2.746 2.683 2.619 2.556 2.493 2.429 2.366 2.303 2.240 2.153 2.049 2.037 2.037 2.038 2.038 2.039 2.039 2.039 2.040 2.040 2.041 2.041 2.042 2.042 2.043 2.043 2.044 2.044 2.045 2.045 2.046 2.048 2.049 2.051 2.052 2.054 2.055 2.057 2.059 2.060 2.062 2.063 2.064 2.066 2.068 2.069
8.743 8.968 9.193 9.419 9.598 9.733 9.868 9.742 9.404 8.911 8.333 7.756 7.179 6.601 6.024 5.697 5.397 5.097 4.796 4.496 4.161 3.818 3.548 3.460 3.372 3.284 3.196 3.108 3.014 2.918 2.822 2.763 2.705 2.642 2.578 2.515 2.452 2.389 2.325 2.257 2.169 2.081 2.036 2.037 2.037 2.037 2.038 2.038 2.039 2.039 2.040 2.040 2.041 2.041 2.042 2.042 2.043 2.044 2.044 2.045 2.046 2.046 2.047 2.048 2.050 2.052 2.053 2.055 2.057 2.059 2.060 2.062 2.063 2.064 2.066 2.067 2.069
8.733 8.958 9.184 9.409 9.634 9.859 10.085 9.980 9.403 8.825 8.248 7.670 7.093 6.516 5.938 5.621 5.321 5.020 4.720 4.420 4.119 3.794 3.570 3.482 3.394 3.298 3.202 3.106 3.010 2.914 2.819 2.772 2.724 2.664 2.601 2.537 2.474 2.411 2.348 2.272 2.184 2.096 2.035 2.036 2.036 2.037 2.037 2.037 2.038 2.039 2.039 2.040 2.040 2.041 2.041 2.042 2.043 2.043 2.044 2.045 2.046 2.046 2.047 2.048 2.049 2.051 2.053 2.054 2.056 2.058 2.060 2.061 2.063 2.064 2.066 2.067 2.069
8.723 8.949 9.174 9.399 9.624 9.850 10.015 9.891 9.315 8.739 8.162 7.585 7.007 6.430 5.852 5.544 5.244 4.944 4.643 4.343 4.043 3.748 3.582 3.486 3.390 3.294 3.198 3.102 3.006 2.910 2.828 2.780 2.733 2.685 2.623 2.560 2.497 2.433 2.370 2.288 2.200 2.112 2.034 2.035 2.035 2.036 2.036 2.037 2.037 2.038 2.038 2.039 2.040 2.040 2.041 2.042 2.042 2.043 2.044 2.045 2.046 2.046 2.047 2.048 2.050 2.051 2.052 2.054 2.056 2.058 2.060 2.061 2.063 2.064 2.066 2.067 2.069
8.713 8.939 9.164 9.389 9.615 9.765 9.769 9.772 9.224 8.649 8.074 7.499 6.921 6.344 5.768 5.468 5.168 4.867 4.577 4.296 4.015 3.733 3.598 3.482 3.386 3.290 3.194 3.098 3.002 2.906 2.837 2.789 2.742 2.694 2.646 2.582 2.519 2.456 2.391 2.303 2.215 2.127 2.039 2.034 2.034 2.035 2.035 2.036 2.036 2.037 2.038 2.038 2.039 2.040 2.040 2.041 2.042 2.043 2.044 2.045 2.045 2.046 2.047 2.049 2.050 2.051 2.053 2.054 2.056 2.058 2.060 2.061 2.063 2.064 2.066 2.067 2.069
8.703 8.929 9.154 9.379 9.515 9.519 9.522 9.526 9.132 8.557 7.982 7.407 6.832 6.256 5.692 5.407 5.125 4.844 4.562 4.281 3.999 3.764 3.630 3.495 3.382 3.286 3.190 3.094 2.998 2.902 2.845 2.798 2.750 2.703 2.655 2.605 2.541 2.478 2.407 2.319 2.231 2.143 2.055 2.033 2.033 2.034 2.034 2.035 2.036 2.036 2.037 2.038 2.038 2.039 2.040 2.041 2.042 2.042 2.043 2.044 2.045 2.046 2.047 2.049 2.050 2.051 2.053 2.054 2.056 2.058 2.059 2.061 2.063 2.064 2.066 2.067 2.069
8.693 8.919 9.144 9.265 9.269 9.272 9.276 9.279 9.040 8.465 7.890 7.315 6.740 6.165 5.731 5.391 5.110 4.829 4.547 4.266 3.984 3.796 3.661 3.526 3.392 3.282 3.186 3.090 2.994 2.902 2.854 2.807 2.759 2.712 2.664 2.617 2.564 2.501 2.422 2.334 2.246 2.158 2.070 2.032 2.032 2.033 2.034 2.034 2.035 2.036 2.036 2.037 2.038 2.039 2.039 2.040 2.041 2.042 2.043 2.044 2.045 2.046 2.047 2.049 2.050 2.051 2.053 2.054 2.056 2.058 2.059 2.061 2.063 2.064 2.066 2.067 2.069
8.683 8.909 9.015 9.019 9.022 9.026 9.029 9.033 8.948 8.373 7.798 7.223 6.648 6.168 5.784 5.401 5.095 4.813 4.532 4.251 3.969 3.828 3.693 3.558 3.423 3.288 3.182 3.086 2.990 2.910 2.863 2.815 2.768 2.720 2.673 2.625 2.578 2.523 2.438 2.350 2.267 2.193 2.119 2.045 2.031 2.032 2.033 2.033 2.034 2.035 2.035 2.036 2.037 2.038 2.039 2.040 2.041 2.042 2.043 2.044 2.045 2.046 2.047 2.048 2.050 2.051 2.053 2.054 2.056 2.057 2.059 2.061 2.062 2.064 2.066 2.067 2.069
8.673 8.765 8.768 8.772 8.775 8.779 8.783 8.786 8.790 8.282 7.706 7.131 6.604 6.221 5.837 5.454 5.080 4.798 4.517 4.235 3.994 3.859 3.724 3.590 3.455 3.320 3.185 3.082 2.986 2.919 2.871 2.824 2.777 2.729 2.682 2.634 2.591 2.551 2.500 2.426 2.352 2.277 2.203 2.129 2.055 2.031 2.032 2.032 2.033 2.034 2.035 2.035 2.036 2.037 2.038 2.039 2.040 2.041 2.042 2.043 2.045 2.046 2.047 2.048 2.050 2.051 2.053 2.054 2.056 2.057 2.059 2.061 2.062 2.064 2.066 2.067 2.069
8.514 8.518 8.522 8.525 8.529 8.532 8.536 8.540 8.543 8.190 7.615 7.040 6.657 6.274 5.890 5.507 5.124 4.783 4.502 4.220 4.026 3.891 3.756 3.621 3.486 3.352 3.217 3.082 2.982 2.928 2.880 2.833 2.789 2.746 2.703 2.661 2.618 2.582 2.560 2.510 2.436 2.362 2.287 2.213 2.139 2.086 2.070 2.054 2.038 2.033 2.034 2.035 2.035 2.036 2.037 2.039 2.040 2.041 2.042 2.043 2.044 2.046 2.047 2.048 2.050 2.051 2.052 2.054 2.056 2.057 2.059 2.061 2.062 2.064 2.066 2.067 2.069
8.502 8.433 8.364 8.295 8.282 8.286 8.289 8.293 8.296 8.098 7.523 7.093 6.710 6.327 5.944 5.561 5.177 4.794 4.487 4.205 4.057 3.922 3.787 3.653 3.518 3.383 3.249 3.114 2.987 2.944 2.901 2.859 2.816 2.773 2.731 2.688 2.645 2.614 2.592 2.569 2.520 2.446 2.372 2.297 2.223 2.182 2.166 2.150 2.134 2.119 2.033 2.034 2.035 2.036 2.037 2.038 2.039 2.040 2.041 2.043 2.044 2.045 2.047 2.048 2.049 2.051 2.052 2.054 2.056 2.057 2.059 2.060 2.062 2.064 2.066 2.067 2.069
8.528 8.459 8.390 8.321 8.252 8.183 8.114 8.046 8.050 8.006 7.529 7.146 6.763 6.380 5.997 5.614 5.231 4.847 4.471 4.224 4.089 3.954 3.819 3.682 3.541 3.400 3.259 3.119 3.017 2.971 2.929 2.886 2.843 2.800 2.758 2.715 2.673 2.645 2.623 2.601 2.579 2.530 2.456 2.382 2.308 2.279 2.263 2.247 2.231 2.215 2.199 2.033 2.034 2.035 2.036 2.037 2.038 2.040 2.041 2.042 2.044 2.045 2.046 2.048 2.049 2.051 2.052 2.054 2.055 2.057 2.059 2.060 2.062 2.064 2.065 2.067 2.069
8.580 8.486 8.416 8.347 8.278 8.209 8.140 8.071 8.002 7.891 7.557 7.176 6.795 6.413 6.032 5.651 5.270 4.889 4.507 4.248 4.107 3.966 3.826 3.685 3.544 3.403 3.263 3.122 3.048 3.002 2.956 2.913 2.870 2.828 2.785 2.742 2.700 2.677 2.655 2.632 2.610 2.588 2.540 2.466 2.392 2.376 2.360 2.344 2.328 2.312 2.296 2.280 2.165 2.034 2.035 2.037 2.038 2.039 2.040 2.042 2.043 2.045 2.046 2.047 2.049 2.050 2.052 2.054 2.055 2.057 2.058 2.060 2.062 2.064 2.065 2.067 2.069
8.635 8.512 8.443 8.374 8.305 8.236 8.166 8.097 8.004 7.804 7.549 7.168 6.786 6.405 6.024 5.643 5.262 4.880 4.508 4.287 4.110 3.970 3.829 3.688 3.547 3.407 3.266 3.125 3.078 3.032 2.986 2.940 2.898 2.855 2.812 2.770 2.730 2.708 2.686 2.664 2.642 2.620 2.598 2.551 2.489 2.473 2.456 2.440 2.414 2.376 2.339 2.301 2.278 2.163 2.034 2.036 2.037 2.038 2.040 2.041 2.043 2.044 2.046 2.047 2.049 2.050 2.052 2.053 2.055 2.057 2.058 2.060 2.062 2.063 2.065 2.067 2.069
8.691 8.539 8.469 8.400 8.331 8.262 8.193 8.118 7.918 7.718 7.517 7.159 6.778 6.397 6.016 5.635 5.254 4.872 4.578 4.356 4.135 3.973 3.832 3.692 3.551 3.410 3.269 3.154 3.108 3.062 3.016 2.970 2.925 2.882 2.840 2.797 2.762 2.740 2.718 2.696 2.674 2.651 2.629 2.608 2.579 2.542 2.504 2.466 2.428 2.391 2.353 2.317 2.296 2.276 2.161 2.035 2.036 2.038 2.039 2.041 2.042 2.044 2.045 2.047 2.048 2.050 2.051 2.053 2.055 2.056 2.058 2.060 2.062 2.063 2.065 2.067 2.069
8.746 8.579 8.496 8.427 8.358 8.288 8.219 8.031 7.831 7.631 7.431 7.151 6.770 6.389 6.008 5.627 5.245 4.869 4.647 4.426 4.204 3.982 3.836 3.695 3.554 3.413 3.273 3.184 3.138 3.092 3.047 3.001 2.955 2.909 2.867 2.824 2.793 2.771 2.749 2.727 2.705 2.683 2.658 2.634 2.599 2.556 2.518 2.480 2.443 2.405 2.367 2.336 2.315 2.294 2.274 2.159 2.036 2.037 2.039 2.040 2.042 2.043 2.045 2.046 2.048 2.050 2.051 2.053 2.054 2.056 2.058 2.060 2.061 2.063 2.065 2.067 2.068
8.802 8.634 8.522 8.453 8.384 8.315 8.145 7.944 7.744 7.544 7.344 7.143 6.762 6.381 6.000 5.619 5.237 4.938 4.717 4.495 4.274 4.052 3.839 3.698 3.557 3.417 3.276 3.214 3.169 3.123 3.077 3.031 2.985 2.939 2.894 2.851 2.825 2.803 2.781 2.756 2.732 2.707 2.682 2.658 2.622 2.577 2.533 2.494 2.457 2.419 2.382 2.354 2.334 2.313 2.292 2.272 2.157 2.037 2.038 2.040 2.041 2.043 2.044 2.046 2.048 2.049 2.051 2.053 2.054 2.056 2.058 2.059 2.061 2.063 2.065 2.066 2.068
8.857 8.690 8.549 8.480 8.411 8.258 8.058 7.858 7.658 7.457 7.257 7.057 6.754 6.373 5.992 5.611 5.229 5.008 4.786 4.565 4.343 4.121 3.900 3.701 3.561 3.420 3.290 3.245 3.199 3.153 3.107 3.061 3.015 2.970 2.924 2.879 2.855 2.830 2.805 2.780 2.756 2.731 2.706 2.682 2.645 2.600 2.556 2.511 2.471 2.433 2.396 2.373 2.352 2.332 2.311 2.291 2.270 2.155 2.038 2.041 2.061 2.081 2.101 2.067 2.047 2.049 2.051 2.052 2.054 2.056 2.057 2.059 2.061 2.063 2.064 2.066 2.068
8.913 8.745 8.578 8.507 8.372 8.172 7.971 7.771 7.571 7.371 7.170 6.970 6.746 6.365 5.984 5.602 5.299 5.077 4.856 4.634 4.412 4.191 3.969 3.748 3.564 3.423 3.321 3.275 3.229 3.183 3.137 3.092 3.044 2.987 2.931 2.881 2.875 2.854 2.829 2.805 2.780 2.755 2.731 2.706 2.668 2.623 2.579 2.534 2.490 2.448 2.412 2.392 2.371 2.350 2.330 2.309 2.289 2.269 2.240 2.205 2.171 2.137 2.103 2.069 2.047 2.048 2.050 2.052 2.054 2.055 2.057 2.059 2.061 2.062 2.064 2.066 2.068
8.961 8.799 8.634 8.485 8.285 8.085 7.885 7.685 7.484 7.284 7.084 6.884 6.683 6.357 5.976 5.594 5.368 5.147 4.925 4.703 4.482 4.260 4.039 3.817 3.596 3.427 3.351 3.305 3.259 3.205 3.148 3.091 3.035 2.978 2.921 2.880 2.874 2.868 2.853 2.829 2.804 2.779 2.755 2.730 2.691 2.646 2.602 2.557 2.513 2.468 2.423 2.399 2.375 2.351 2.328 2.304 2.280 2.257 2.237 2.207 2.173 2.139 2.104 2.070 2.046 2.048 2.050 2.052 2.053 2.055 2.057 2.059 2.060 2.062 2.064 2.066 2.068
