includes/oleron/floodfiles/results/res-0009.wd
ncols         631
nrows         906
xllcorner     364927.146667
yllcorner     6531972.565556
cellsize      20.000000
NODATA_value  -9999.000000
[rows 68 to 101 of 906, columns 385 to 461 of 631]
0.274 0.326 0.379 0.432 0.485 0.539 0.582 0.614 0.645 0.676 0.708 0.739 0.771 0.802 0.841 0.905 0.970 1.035 1.100 1.164 1.229 1.294 1.359 1.424 1.494 1.579 1.663 1.748 1.833 1.918 2.002 2.087 2.201 2.336 2.471 2.606 2.740 2.875 3.010 3.151 3.293 3.435 3.577 3.719 3.861 4.002 4.144 4.286 4.428 4.630 4.957 5.284 5.601 5.830 6.058 6.287 6.515 6.744 6.972 7.201 7.439 7.688 7.937 8.186 8.435 8.684 8.928 9.158 9.389 9.618 9.791 9.938 10.085 10.232 10.379 10.526 10.673
0.293 0.345 0.398 0.451 0.504 0.551 0.582 0.613 0.645 0.676 0.708 0.739 0.771 0.802 0.834 0.886 0.951 1.016 1.081 1.145 1.210 1.275 1.340 1.405 1.484 1.569 1.654 1.738 1.823 1.908 1.993 2.078 2.162 2.284 2.418 2.553 2.688 2.823 2.960 3.101 3.243 3.385 3.527 3.669 3.811 3.953 4.095 4.237 4.378 4.520 4.726 5.053 5.346 5.575 5.803 6.032 6.261 6.501 6.750 6.999 7.248 7.497 7.746 7.995 8.244 8.493 8.734 8.965 9.195 9.425 9.655 9.879 10.026 10.173 10.320 10.467 10.614
0.311 0.364 0.416 0.469 0.520 0.551 0.582 0.613 0.644 0.676 0.707 0.739 0.770 0.802 0.833 0.867 0.932 0.997 1.062 1.126 1.191 1.256 1.321 1.390 1.475 1.559 1.644 1.729 1.814 1.898 1.983 2.068 2.153 2.238 2.366 2.501 2.636 2.770 2.910 3.052 3.194 3.335 3.477 3.619 3.761 3.903 4.045 4.187 4.329 4.470 4.612 4.821 5.092 5.320 5.563 5.812 6.061 6.310 6.559 6.808 7.057 7.305 7.554 7.803 8.052 8.301 8.541 8.771 9.001 9.231 9.462 9.692 9.923 10.115 10.261 10.408 10.555
0.330 0.382 0.435 0.488 0.520 0.551 0.582 0.613 0.644 0.675 0.707 0.738 0.770 0.801 0.833 0.864 0.913 0.978 1.042 1.107 1.172 1.237 1.302 1.380 1.465 1.550 1.635 1.719 1.804 1.889 1.974 2.058 2.143 2.228 2.314 2.448 2.583 2.718 2.860 3.002 3.144 3.286 3.428 3.569 3.711 3.853 3.995 4.137 4.279 4.421 4.558 4.693 4.874 5.123 5.372 5.621 5.870 6.119 6.368 6.616 6.865 7.114 7.363 7.612 7.861 8.110 8.347 8.577 8.807 9.038 9.269 9.499 9.730 9.960 10.191 10.350 10.497
0.348 0.401 0.454 0.488 0.519 0.550 0.581 0.612 0.644 0.675 0.706 0.738 0.769 0.801 0.832 0.864 0.896 0.959 1.024 1.088 1.153 1.218 1.286 1.371 1.455 1.540 1.625 1.710 1.794 1.879 1.964 2.049 2.134 2.218 2.303 2.396 2.531 2.668 2.810 2.952 3.094 3.236 3.378 3.520 3.661 3.795 3.930 4.065 4.199 4.334 4.469 4.606 4.750 4.932 5.181 5.430 5.679 5.927 6.176 6.425 6.674 6.923 7.172 7.421 7.669 7.918 8.154 8.384 8.614 8.845 9.075 9.306 9.536 9.767 9.997 10.228 10.438
0.367 0.419 0.457 0.488 0.519 0.550 0.581 0.612 0.643 0.675 0.706 0.737 0.769 0.800 0.832 0.864 0.895 0.940 1.005 1.069 1.134 1.199 1.277 1.361 1.446 1.531 1.615 1.700 1.785 1.870 1.954 2.039 2.124 2.209 2.294 2.379 2.478 2.619 2.761 2.898 3.033 3.167 3.302 3.437 3.572 3.706 3.841 3.976 4.110 4.245 4.380 4.520 4.665 4.810 4.990 5.238 5.487 5.736 5.985 6.234 6.483 6.732 6.980 7.229 7.478 7.727 7.960 8.191 8.421 8.651 8.882 9.112 9.343 9.573 9.804 10.034 10.265
0.386 0.427 0.457 0.488 0.518 0.549 0.580 0.611 0.643 0.674 0.705 0.737 0.768 0.800 0.831 0.863 0.895 0.926 0.986 1.050 1.115 1.182 1.267 1.352 1.436 1.521 1.606 1.691 1.775 1.860 1.945 2.030 2.114 2.199 2.283 2.363 2.442 2.540 2.674 2.809 2.944 3.078 3.213 3.348 3.482 3.617 3.752 3.886 4.021 4.156 4.291 4.435 4.580 4.724 4.869 5.047 5.296 5.545 5.794 6.043 6.291 6.540 6.789 7.038 7.287 7.536 7.767 7.997 8.227 8.458 8.688 8.919 9.149 9.380 9.610 9.841 10.071
0.391 0.425 0.457 0.487 0.518 0.549 0.580 0.611 0.642 0.674 0.705 0.736 0.768 0.799 0.831 0.862 0.894 0.926 0.967 1.031 1.096 1.173 1.257 1.342 1.427 1.511 1.596 1.681 1.766 1.851 1.934 2.013 2.093 2.173 2.253 2.333 2.409 2.480 2.585 2.720 2.855 2.989 3.124 3.259 3.393 3.528 3.663 3.797 3.932 4.067 4.205 4.350 4.494 4.639 4.783 4.928 5.105 5.354 5.602 5.851 6.100 6.349 6.598 6.847 7.096 7.343 7.573 7.804 8.034 8.264 8.495 8.725 8.956 9.186 9.417 9.647 9.878
0.360 0.396 0.431 0.465 0.500 0.535 0.570 0.605 0.641 0.673 0.704 0.736 0.767 0.799 0.830 0.862 0.894 0.925 0.957 1.012 1.079 1.163 1.248 1.332 1.417 1.502 1.584 1.664 1.744 1.824 1.904 1.984 2.064 2.144 2.224 2.304 2.377 2.448 2.519 2.631 2.766 2.900 3.035 3.170 3.304 3.439 3.574 3.708 3.843 3.978 4.120 4.264 4.409 4.553 4.698 4.842 4.987 5.162 5.411 5.660 5.909 6.158 6.407 6.655 6.904 7.149 7.380 7.610 7.841 8.071 8.301 8.532 8.762 8.993 9.224 9.454 9.699
0.327 0.368 0.402 0.437 0.471 0.506 0.542 0.577 0.612 0.647 0.683 0.718 0.754 0.789 0.825 0.861 0.893 0.925 0.957 0.993 1.069 1.154 1.236 1.316 1.395 1.475 1.555 1.635 1.715 1.795 1.875 1.955 2.035 2.115 2.195 2.274 2.345 2.416 2.486 2.557 2.676 2.811 2.946 3.081 3.215 3.350 3.485 3.619 3.754 3.890 4.035 4.179 4.324 4.468 4.613 4.757 4.902 5.046 5.220 5.469 5.718 5.966 6.215 6.464 6.713 6.956 7.186 7.417 7.647 7.878 8.108 8.339 8.569 8.800 9.030 9.301 9.572
0.295 0.338 0.373 0.408 0.443 0.478 0.513 0.548 0.583 0.618 0.654 0.689 0.725 0.760 0.796 0.832 0.867 0.903 0.939 0.981 1.047 1.127 1.206 1.286 1.366 1.446 1.526 1.606 1.685 1.765 1.845 1.925 2.005 2.085 2.165 2.242 2.313 2.384 2.454 2.525 2.596 2.722 2.857 2.992 3.126 3.261 3.396 3.530 3.665 3.805 3.949 4.094 4.238 4.383 4.527 4.672 4.816 4.961 5.105 5.277 5.526 5.775 6.024 6.273 6.522 6.762 6.993 7.223 7.454 7.684 7.915 8.145 8.376 8.632 8.903 9.174 9.445
0.263 0.306 0.345 0.379 0.414 0.449 0.484 0.519 0.554 0.590 0.625 0.660 0.696 0.732 0.767 0.803 0.839 0.874 0.916 0.974 1.037 1.105 1.177 1.257 1.337 1.417 1.496 1.576 1.656 1.736 1.816 1.896 1.976 2.056 2.136 2.210 2.281 2.351 2.422 2.493 2.564 2.634 2.768 2.902 3.037 3.172 3.307 3.441 3.576 3.719 3.864 4.008 4.153 4.297 4.442 4.586 4.731 4.875 5.020 5.164 5.335 5.584 5.833 6.081 6.330 6.569 6.799 7.030 7.260 7.491 7.721 7.962 8.233 8.505 8.776 9.047 9.318
0.232 0.274 0.316 0.350 0.385 0.420 0.455 0.490 0.525 0.561 0.596 0.632 0.667 0.703 0.738 0.774 0.810 0.851 0.909 0.967 1.028 1.096 1.164 1.231 1.307 1.387 1.467 1.547 1.627 1.707 1.787 1.866 1.946 2.026 2.106 2.178 2.248 2.319 2.390 2.461 2.531 2.602 2.679 2.813 2.948 3.083 3.217 3.352 3.489 3.634 3.778 3.923 4.068 4.212 4.357 4.501 4.645 4.790 4.935 5.079 5.224 5.392 5.641 5.890 6.139 6.376 6.606 6.836 7.067 7.297 7.564 7.835 8.106 8.378 8.649 8.920 9.191
0.200 0.242 0.285 0.322 0.357 0.391 0.426 0.461 0.497 0.532 0.567 0.603 0.638 0.674 0.709 0.745 0.787 0.845 0.903 0.961 1.020 1.087 1.155 1.222 1.290 1.358 1.438 1.518 1.597 1.677 1.757 1.837 1.917 1.997 2.075 2.145 2.216 2.287 2.358 2.428 2.499 2.570 2.641 2.724 2.859 2.994 3.128 3.263 3.404 3.549 3.693 3.838 3.982 4.127 4.271 4.416 4.560 4.705 4.849 4.994 5.138 5.283 5.450 5.699 5.948 6.182 6.413 6.643 6.895 7.166 7.437 7.708 7.979 8.250 8.522 8.793 9.063
0.169 0.211 0.253 0.293 0.328 0.363 0.398 0.433 0.468 0.503 0.538 0.574 0.609 0.645 0.681 0.722 0.780 0.838 0.896 0.954 1.012 1.079 1.146 1.214 1.281 1.349 1.417 1.488 1.568 1.648 1.728 1.808 1.888 1.968 2.043 2.113 2.184 2.255 2.325 2.396 2.467 2.538 2.608 2.679 2.770 2.905 3.039 3.174 3.319 3.463 3.608 3.752 3.897 4.041 4.186 4.330 4.475 4.619 4.764 4.908 5.053 5.197 5.342 5.508 5.756 5.989 6.226 6.497 6.768 7.039 7.310 7.581 7.852 8.123 8.395 8.665 8.936
0.138 0.179 0.222 0.265 0.299 0.334 0.369 0.404 0.439 0.474 0.510 0.545 0.580 0.616 0.657 0.715 0.773 0.831 0.890 0.948 1.006 1.070 1.138 1.205 1.273 1.340 1.408 1.476 1.543 1.619 1.698 1.778 1.858 1.938 2.010 2.081 2.152 2.223 2.293 2.364 2.435 2.505 2.576 2.647 2.718 2.816 2.950 3.089 3.233 3.378 3.522 3.667 3.811 3.956 4.100 4.245 4.389 4.534 4.678 4.823 4.967 5.112 5.256 5.401 5.565 5.827 6.099 6.370 6.641 6.912 7.183 7.454 7.725 7.996 8.267 8.538 8.809
0.109 0.149 0.190 0.233 0.271 0.306 0.340 0.375 0.410 0.445 0.481 0.516 0.551 0.593 0.651 0.709 0.767 0.825 0.883 0.941 0.999 1.061 1.129 1.197 1.264 1.332 1.399 1.467 1.535 1.602 1.670 1.749 1.829 1.907 1.978 2.049 2.120 2.190 2.261 2.332 2.402 2.473 2.544 2.615 2.685 2.756 2.861 3.004 3.148 3.293 3.437 3.582 3.726 3.871 4.015 4.159 4.303 4.447 4.590 4.734 4.878 5.022 5.166 5.310 5.433 5.672 5.961 6.242 6.514 6.785 7.056 7.327 7.598 7.869 8.140 8.411 8.682
0.082 0.119 0.159 0.202 0.243 0.277 0.312 0.347 0.381 0.417 0.452 0.487 0.528 0.586 0.644 0.702 0.760 0.818 0.876 0.934 0.993 1.053 1.120 1.188 1.256 1.323 1.391 1.458 1.526 1.594 1.662 1.729 1.799 1.875 1.946 2.017 2.087 2.158 2.229 2.300 2.370 2.440 2.511 2.581 2.652 2.722 2.790 2.915 3.059 3.203 3.347 3.491 3.634 3.778 3.922 4.066 4.210 4.354 4.498 4.642 4.786 4.930 5.074 5.208 5.317 5.488 5.778 6.068 6.357 6.647 6.929 7.200 7.471 7.742 8.013 8.284 8.555
0.059 0.091 0.129 0.170 0.213 0.249 0.283 0.318 0.353 0.388 0.423 0.464 0.522 0.579 0.637 0.695 0.753 0.811 0.870 0.928 0.986 1.044 1.112 1.179 1.247 1.315 1.382 1.450 1.518 1.585 1.653 1.721 1.784 1.841 1.911 1.981 2.052 2.122 2.193 2.263 2.334 2.404 2.475 2.545 2.616 2.686 2.748 2.823 2.966 3.110 3.254 3.398 3.542 3.686 3.830 3.974 4.118 4.262 4.406 4.550 4.694 4.838 4.981 5.093 5.202 5.311 5.594 5.884 6.174 6.463 6.753 7.043 7.333 7.615 7.886 8.157 8.428
0.042 0.066 0.100 0.140 0.182 0.220 0.255 0.289 0.324 0.359 0.400 0.457 0.515 0.573 0.631 0.689 0.747 0.805 0.863 0.921 0.979 1.038 1.103 1.171 1.238 1.306 1.374 1.441 1.509 1.577 1.644 1.707 1.758 1.809 1.875 1.945 2.016 2.086 2.157 2.227 2.298 2.368 2.439 2.509 2.580 2.645 2.705 2.766 2.874 3.018 3.162 3.306 3.450 3.594 3.738 3.882 4.026 4.169 4.313 4.457 4.601 4.745 4.868 4.977 5.086 5.195 5.411 5.700 5.990 6.280 6.570 6.859 7.149 7.439 7.729 8.018 8.301
0.031 0.047 0.074 0.110 0.151 0.192 0.226 0.261 0.295 0.336 0.393 0.451 0.508 0.566 0.624 0.682 0.740 0.798 0.856 0.915 0.973 1.031 1.094 1.162 1.230 1.297 1.365 1.433 1.500 1.568 1.629 1.680 1.731 1.782 1.839 1.909 1.979 2.050 2.120 2.191 2.261 2.332 2.402 2.473 2.542 2.602 2.663 2.723 2.784 2.926 3.070 3.214 3.357 3.501 3.645 3.789 3.933 4.077 4.221 4.365 4.509 4.643 4.753 4.862 4.971 5.080 5.227 5.517 5.807 6.096 6.386 6.676 6.966 7.255 7.545 7.835 8.124
0.026 0.034 0.052 0.083 0.121 0.162 0.198 0.232 0.272 0.329 0.386 0.444 0.502 0.559 0.617 0.675 0.734 0.792 0.850 0.908 0.966 1.024 1.086 1.153 1.221 1.289 1.356 1.424 1.492 1.552 1.603 1.654 1.705 1.756 1.807 1.873 1.943 2.014 2.084 2.155 2.225 2.296 2.366 2.437 2.499 2.560 2.620 2.681 2.741 2.833 2.977 3.121 3.265 3.409 3.553 3.697 3.841 3.985 4.129 4.273 4.417 4.528 4.637 4.746 4.855 4.964 5.073 5.333 5.623 5.913 6.202 6.492 6.782 7.072 7.361 7.651 7.941
0.023 0.027 0.037 0.059 0.092 0.131 0.170 0.209 0.265 0.322 0.380 0.437 0.495 0.553 0.611 0.669 0.727 0.785 0.843 0.901 0.960 1.018 1.077 1.145 1.212 1.280 1.348 1.415 1.474 1.525 1.576 1.627 1.678 1.729 1.780 1.837 1.907 1.978 2.048 2.119 2.189 2.259 2.330 2.396 2.457 2.517 2.578 2.638 2.699 2.759 2.885 3.029 3.173 3.317 3.461 3.605 3.748 3.892 4.036 4.180 4.303 4.412 4.521 4.630 4.739 4.849 4.958 5.150 5.439 5.729 6.019 6.309 6.598 6.888 7.178 7.467 7.757
0.021 0.023 0.028 0.041 0.066 0.101 0.145 0.202 0.259 0.316 0.373 0.431 0.489 0.546 0.604 0.662 0.720 0.779 0.837 0.895 0.953 1.011 1.069 1.136 1.204 1.271 1.339 1.396 1.447 1.498 1.549 1.600 1.651 1.702 1.753 1.805 1.871 1.941 2.012 2.082 2.153 2.223 2.293 2.354 2.414 2.475 2.535 2.596 2.656 2.717 2.793 2.937 3.080 3.224 3.368 3.512 3.656 3.800 3.944 4.078 4.188 4.297 4.406 4.515 4.624 4.733 4.842 4.966 5.256 5.546 5.835 6.125 6.415 6.704 6.994 7.284 7.574
0.020 0.021 0.023 0.030 0.046 0.076 0.132 0.190 0.248 0.306 0.364 0.423 0.482 0.540 0.598 0.656 0.714 0.772 0.830 0.888 0.946 1.005 1.063 1.128 1.195 1.263 1.319 1.370 1.421 1.472 1.523 1.574 1.625 1.676 1.727 1.778 1.835 1.905 1.976 2.046 2.117 2.187 2.251 2.311 2.372 2.432 2.493 2.553 2.614 2.674 2.735 2.844 2.988 3.132 3.276 3.420 3.564 3.708 3.852 3.963 4.072 4.181 4.290 4.399 4.508 4.617 4.726 4.836 5.072 5.362 5.652 5.941 6.231 6.521 6.811 7.100 7.390
0.019 0.019 0.020 0.022 0.031 0.065 0.119 0.179 0.236 0.294 0.352 0.411 0.470 0.529 0.588 0.647 0.706 0.765 0.824 0.882 0.940 0.998 1.056 1.119 1.187 1.241 1.292 1.343 1.394 1.445 1.496 1.547 1.598 1.649 1.700 1.751 1.802 1.869 1.939 2.010 2.080 2.148 2.208 2.269 2.329 2.390 2.450 2.511 2.571 2.632 2.692 2.753 2.896 3.040 3.184 3.327 3.471 3.615 3.738 3.847 3.956 4.065 4.175 4.284 4.393 4.502 4.611 4.720 4.889 5.178 5.468 5.758 6.048 6.337 6.627 6.917 7.206
0.018 0.018 0.017 0.017 0.027 0.055 0.106 0.165 0.224 0.282 0.341 0.399 0.458 0.517 0.576 0.635 0.695 0.754 0.813 0.872 0.932 0.991 1.050 1.110 1.164 1.215 1.266 1.317 1.368 1.418 1.470 1.521 1.572 1.623 1.674 1.725 1.776 1.833 1.903 1.974 2.044 2.105 2.166 2.226 2.287 2.347 2.408 2.468 2.529 2.589 2.650 2.710 2.803 2.947 3.091 3.235 3.379 3.514 3.623 3.732 3.841 3.950 4.059 4.168 4.277 4.386 4.495 4.604 4.713 4.995 5.285 5.574 5.864 6.154 6.443 6.733 7.023
0.017 0.016 0.014 0.016 0.024 0.047 0.094 0.152 0.213 0.270 0.329 0.387 0.446 0.505 0.564 0.623 0.683 0.742 0.801 0.860 0.920 0.979 1.039 1.081 1.132 1.185 1.238 1.290 1.341 1.392 1.443 1.494 1.545 1.596 1.647 1.698 1.749 1.800 1.867 1.938 2.002 2.063 2.123 2.184 2.244 2.305 2.365 2.426 2.486 2.547 2.607 2.668 2.728 2.855 2.999 3.143 3.287 3.398 3.507 3.616 3.725 3.834 3.943 4.052 4.162 4.271 4.380 4.489 4.598 4.811 5.101 5.391 5.680 5.970 6.260 6.550 6.840
0.015 0.014 0.014 0.016 0.022 0.040 0.082 0.139 0.200 0.259 0.317 0.375 0.434 0.493 0.552 0.612 0.671 0.730 0.789 0.849 0.908 0.967 1.012 1.050 1.095 1.148 1.201 1.254 1.306 1.359 1.412 1.465 1.517 1.569 1.620 1.671 1.722 1.773 1.831 1.899 1.960 2.020 2.081 2.141 2.202 2.262 2.323 2.383 2.444 2.504 2.565 2.625 2.686 2.763 2.907 3.050 3.173 3.283 3.392 3.501 3.610 3.719 3.828 3.937 4.046 4.155 4.264 4.373 4.482 4.628 4.917 5.207 5.497 5.787 6.076 6.367 6.657
0.013 0.013 0.014 0.015 0.020 0.035 0.071 0.126 0.187 0.247 0.305 0.364 0.422 0.481 0.541 0.600 0.659 0.718 0.777 0.837 0.896 0.944 0.982 1.020 1.059 1.111 1.164 1.217 1.270 1.322 1.375 1.428 1.481 1.534 1.586 1.639 1.692 1.745 1.798 1.857 1.917 1.978 2.038 2.099 2.159 2.220 2.280 2.341 2.401 2.462 2.522 2.583 2.643 2.704 2.814 2.949 3.058 3.167 3.276 3.385 3.494 3.603 3.712 3.821 3.930 4.039 4.148 4.258 4.367 4.476 4.734 5.024 5.313 5.603 5.893 6.184 6.475
0.012 0.013 0.014 0.015 0.019 0.030 0.061 0.113 0.173 0.235 0.293 0.352 0.411 0.470 0.529 0.588 0.647 0.706 0.766 0.825 0.875 0.913 0.951 0.989 1.027 1.074 1.127 1.180 1.233 1.286 1.338 1.391 1.444 1.497 1.550 1.602 1.655 1.708 1.758 1.811 1.872 1.933 1.993 2.054 2.115 2.175 2.236 2.297 2.358 2.418 2.479 2.540 2.600 2.661 2.722 2.833 2.942 3.051 3.160 3.269 3.379 3.488 3.597 3.706 3.815 3.924 4.033 4.142 4.251 4.360 4.550 4.840 5.130 5.420 5.711 6.001 6.292
0.012 0.013 0.014 0.015 0.018 0.027 0.052 0.100 0.160 0.222 0.282 0.340 0.399 0.458 0.517 0.576 0.635 0.694 0.754 0.807 0.845 0.882 0.920 0.958 0.996 1.038 1.090 1.143 1.196 1.249 1.301 1.354 1.407 1.460 1.513 1.565 1.618 1.669 1.718 1.767 1.826 1.887 1.947 2.008 2.069 2.129 2.190 2.251 2.312 2.372 2.433 2.494 2.554 2.615 2.670 2.749 2.853 2.958 3.062 3.166 3.270 3.374 3.481 3.590 3.699 3.808 3.917 4.026 4.135 4.244 4.367 4.656 4.947 5.237 5.528 5.819 6.109
0.012 0.013 0.014 0.016 0.018 0.025 0.045 0.088 0.146 0.208 0.270 0.328 0.387 0.446 0.505 0.564 0.623 0.683 0.738 0.776 0.814 0.852 0.890 0.928 0.965 1.003 1.054 1.106 1.159 1.212 1.265 1.317 1.370 1.423 1.476 1.529 1.581 1.629 1.678 1.727 1.780 1.841 1.901 1.962 2.023 2.084 2.144 2.205 2.266 2.326 2.387 2.448 2.508 2.566 2.617 2.672 2.776 2.881 2.985 3.089 3.193 3.297 3.402 3.506 3.610 3.714 3.818 3.922 4.027 4.131 4.238 4.473 4.764 5.055 5.345 5.636 5.927
0.013 0.014 0.015 0.016 0.018 0.023 0.039 0.077 0.133 0.194 0.257 0.316 0.375 0.434 0.493 0.552 0.611 0.670 0.708 0.746 0.783 0.821 0.859 0.897 0.935 0.973 1.017 1.070 1.122 1.175 1.228 1.281 1.333 1.386 1.439 1.492 1.541 1.589 1.638 1.687 1.735 1.795 1.856 1.916 1.977 2.038 2.098 2.159 2.220 2.280 2.341 2.402 2.462 2.513 2.565 2.617 2.700 2.804 2.908 3.012 3.116 3.220 3.325 3.429 3.533 3.637 3.741 3.845 3.950 4.054 4.158 4.317 4.600 4.883 5.166 5.453 5.744
