includes/oleron/floodfiles/results/res-0005.wdfp
ncols         631
nrows         906
xllcorner     364927.146667
yllcorner     6531972.565556
cellsize      20.000000
NODATA_value  -9999.000000
[rows 34 to 67 of 906, columns 231 to 307 of 631]
0.000 0.000 0.000 0.000 0.000 0.000 0.000 0.000 0.000 0.000 0.000 0.467 0.000 0.000 0.000 0.000 0.000 0.000 0.000 0.000 0.000 0.000 0.000 0.000 0.334 0.574 1.086 0.253 0.677 0.908 0.839 0.235 0.359 0.706 0.768 0.831 0.832 0.314 0.235 0.817 0.888 0.829 0.929 0.330 0.811 0.473 0.903 0.813 0.396 0.379 0.720 0.220 0.501 1.960 0.331 0.715 0.595 1.454 1.605 0.000 1.637 0.568 1.628 0.808 1.638 1.758 1.188 1.679 0.540 0.801 1.732 1.852 1.253 0.249 0.055 0.048 0.000
0.000 0.000 0.000 0.000 0.000 0.000 0.000 0.000 0.000 0.000 0.000 0.008 0.000 0.000 0.000 0.000 0.000 0.000 0.000 0.000 0.000 0.000 0.000 0.026 0.324 0.115 0.140 0.968 0.858 0.669 0.632 0.885 0.000 0.648 0.769 0.861 0.623 0.855 0.886 0.767 0.878 0.539 0.980 0.882 0.253 0.905 0.805 0.416 0.888 0.381 0.703 0.000 0.723 1.975 0.000 0.938 1.188 0.000 1.566 1.557 0.158 1.519 0.909 1.769 0.889 1.629 1.889 1.359 1.570 1.341 0.862 0.000 0.156 0.568 0.620 0.542 0.000
0.000 0.000 0.000 0.000 0.000 0.000 0.000 0.000 0.000 0.000 0.000 0.000 0.000 0.000 0.000 0.000 0.000 0.000 0.000 0.000 0.000 0.000 0.000 0.000 0.000 0.056 0.142 0.308 0.608 0.321 0.734 0.827 0.908 0.000 0.810 0.861 0.823 0.945 0.956 0.547 0.709 0.890 0.342 0.953 1.105 0.426 0.837 0.479 0.232 0.786 0.936 0.276 0.466 1.990 0.358 0.699 1.519 1.201 0.000 1.578 1.599 0.829 1.389 1.449 1.669 1.329 1.529 1.760 1.310 0.281 0.822 1.692 1.652 0.000 0.000 0.574 0.526
0.000 0.000 0.000 0.000 0.000 0.000 0.000 0.000 0.000 0.000 0.000 0.000 0.000 0.000 0.000 0.000 0.000 0.000 0.000 0.000 0.000 0.000 0.000 0.000 0.000 0.000 0.000 0.000 0.261 0.832 0.136 0.869 0.770 0.863 0.000 0.462 0.834 0.715 0.916 0.878 0.510 1.001 0.902 0.514 0.985 0.828 0.501 0.964 0.406 1.017 0.847 0.628 0.428 2.005 0.629 1.540 0.320 1.452 1.323 0.015 1.529 1.580 1.430 0.530 1.679 0.670 1.740 0.970 1.771 1.462 1.083 0.133 0.000 0.974 0.904 0.365 0.000
0.000 0.000 0.000 0.000 0.000 0.000 0.000 0.000 0.000 0.000 0.000 0.000 0.000 0.000 0.000 0.000 0.000 0.000 0.000 0.000 0.000 0.000 0.000 0.000 0.000 0.000 0.000 0.000 0.212 0.334 1.109 0.510 0.522 0.796 0.858 0.261 0.574 0.935 0.427 0.849 0.960 0.582 0.863 0.865 0.248 0.612 1.005 1.015 0.517 0.998 1.149 1.679 2.090 2.019 0.730 0.990 1.451 0.000 1.594 1.485 0.000 1.550 1.581 1.521 0.271 1.720 0.550 0.880 0.462 1.693 1.214 1.805 1.655 0.190 0.293 0.688 0.880
0.000 0.000 0.000 0.000 0.000 0.000 0.000 0.000 0.000 0.000 0.000 0.000 0.000 0.000 0.000 0.000 0.000 0.000 0.000 0.000 0.000 0.000 0.000 0.000 0.000 0.000 0.000 0.110 0.131 0.274 0.579 0.740 0.502 0.807 0.939 0.951 0.903 0.546 1.079 0.550 0.711 0.933 0.305 0.708 0.752 0.484 0.906 1.037 0.498 0.898 0.670 0.370 2.027 2.033 1.201 0.393 0.534 1.475 0.075 1.546 1.507 0.094 1.502 1.502 1.463 0.312 1.202 0.313 1.353 0.484 1.525 0.617 0.331 1.120 1.030 0.195 0.000
0.000 0.000 0.000 0.000 0.000 0.000 0.000 0.000 0.000 0.000 0.000 0.000 0.000 0.000 0.000 0.000 0.000 0.000 0.000 0.000 0.000 0.000 0.000 0.000 0.012 0.000 0.000 0.000 0.415 0.262 0.439 0.570 0.282 0.808 0.970 0.891 0.294 0.708 0.520 0.892 0.364 0.765 0.877 0.319 0.843 0.696 1.088 1.028 1.029 0.000 0.683 2.037 2.041 0.000 0.865 1.438 0.698 0.288 1.399 0.000 1.518 1.469 0.276 1.603 1.554 1.115 0.295 1.555 0.196 1.418 0.599 1.003 1.104 0.078 0.261 0.865 0.756
0.000 0.000 0.000 0.000 0.000 0.000 0.000 0.000 0.000 0.000 0.000 0.000 0.000 0.000 0.000 0.000 0.000 0.000 0.000 0.000 0.000 0.000 0.000 0.000 0.172 0.194 0.171 0.170 0.183 0.196 0.469 0.530 0.692 0.256 0.711 0.753 0.915 0.430 0.422 0.903 0.706 0.297 0.958 0.769 0.237 0.630 0.730 0.970 0.960 0.014 2.046 2.052 0.187 1.151 0.270 1.369 1.410 1.250 0.270 1.320 0.060 1.620 1.521 0.429 0.907 0.928 0.792 0.162 1.568 0.110 1.382 0.754 0.985 1.327 0.651 0.000 0.299
0.000 0.000 0.000 0.000 0.000 0.000 0.000 0.000 0.000 0.000 0.000 0.000 0.000 0.000 0.000 0.000 0.000 0.000 0.000 0.000 0.000 0.000 0.000 0.000 0.002 0.337 0.277 0.000 0.000 0.138 0.319 0.401 0.622 0.493 0.331 0.986 0.310 0.925 0.797 0.148 0.970 0.820 0.680 0.237 0.954 0.874 0.524 0.814 0.655 2.054 2.060 1.507 1.060 1.071 0.981 0.000 1.500 1.461 1.381 0.142 1.453 0.173 1.583 0.915 0.367 0.388 0.999 0.924 0.000 1.581 0.085 1.726 0.520 0.277 0.509 1.139 0.016
0.000 0.000 0.000 0.000 0.000 0.000 0.000 0.000 0.000 0.000 0.000 0.000 0.000 0.000 0.000 0.000 0.000 0.000 0.000 0.000 0.000 0.000 0.000 0.004 0.147 0.232 0.374 0.120 0.132 0.069 0.004 0.701 0.942 0.762 0.000 0.690 0.764 0.187 0.820 0.681 0.902 0.882 0.075 0.573 0.894 0.996 0.966 0.927 1.458 2.067 2.017 0.580 1.131 1.211 0.912 0.934 0.000 1.451 1.442 1.392 0.313 1.557 0.747 1.030 0.976 0.397 0.269 1.139 1.161 0.000 1.623 0.127 1.680 0.510 0.601 0.000 0.194
0.000 0.000 0.000 0.000 0.000 0.000 0.000 0.000 0.000 0.000 0.000 0.000 0.000 0.000 0.000 0.000 0.000 0.000 0.000 0.000 0.000 0.000 0.000 0.000 0.242 0.031 0.000 0.266 0.176 0.040 0.015 0.043 0.000 0.000 0.000 0.000 0.898 0.240 0.991 0.792 0.883 0.984 0.078 0.973 0.315 1.097 0.887 0.967 2.075 2.081 0.589 1.483 1.333 0.000 0.813 1.025 0.776 0.000 1.372 1.483 1.503 0.607 0.638 0.289 1.125 1.120 0.772 0.119 1.074 0.889 0.000 1.686 0.129 1.747 0.453 0.807 1.278
0.000 0.000 0.000 0.000 0.000 0.000 0.000 0.000 0.000 0.000 0.000 0.000 0.000 0.000 0.000 0.000 0.000 0.000 0.000 0.000 0.000 0.000 0.000 0.000 0.000 0.000 0.000 0.000 0.119 0.088 0.008 0.057 0.098 0.000 0.000 0.000 0.851 0.872 0.352 0.765 0.127 0.930 1.041 0.622 0.076 1.058 0.899 0.149 2.089 0.340 0.182 1.274 1.334 1.424 0.000 0.856 0.738 0.760 0.000 1.453 1.544 0.483 0.243 1.034 0.364 1.104 1.257 1.029 0.000 0.894 0.860 0.000 1.615 0.455 0.974 1.197 0.492
0.000 0.000 0.000 0.000 0.000 0.000 0.000 0.000 0.000 0.000 0.000 0.000 0.000 0.000 0.000 0.000 0.000 0.000 0.000 0.000 0.000 0.000 0.000 0.000 0.000 0.000 0.000 0.000 0.023 0.000 0.585 0.000 0.000 0.000 0.000 0.000 0.762 0.703 0.000 0.769 0.321 0.942 0.982 0.000 0.479 0.959 0.930 0.752 2.104 0.393 0.855 1.515 0.806 0.579 1.273 0.000 0.900 0.712 1.013 0.073 0.399 1.592 1.024 0.846 1.098 0.358 1.179 0.972 1.075 0.000 0.925 0.841 0.385 1.006 0.125 0.841 1.275
0.000 0.000 0.000 0.000 0.000 0.000 0.000 0.000 0.000 0.000 0.000 0.000 0.000 0.000 0.000 0.000 0.000 0.000 0.000 0.000 0.000 0.000 0.000 0.000 0.000 0.000 0.000 0.000 0.994 0.365 0.150 0.180 0.000 0.000 0.346 0.586 0.000 0.788 0.000 0.972 0.823 1.063 0.974 0.357 1.189 0.430 0.983 0.963 2.118 0.714 0.045 1.675 0.689 1.523 1.033 1.544 0.224 0.854 0.795 1.246 0.339 1.152 0.845 0.868 1.140 1.081 0.403 1.306 0.968 1.081 0.132 0.785 0.568 0.172 0.899 1.241 0.785
0.000 0.000 0.000 0.000 0.000 0.000 0.000 0.000 0.000 0.000 0.000 0.000 0.000 0.000 0.000 0.000 0.000 0.000 0.000 0.000 0.000 0.000 0.000 0.000 0.000 0.000 0.000 0.000 0.250 0.235 0.222 0.449 0.564 0.513 0.485 0.077 0.000 1.042 0.493 0.543 0.694 0.255 1.017 0.998 0.519 0.030 1.084 1.004 3.045 2.139 0.388 0.000 1.634 1.173 1.514 1.344 1.525 1.145 1.005 0.736 0.718 0.147 0.887 0.909 1.041 1.473 1.115 0.777 0.980 1.082 1.135 0.609 1.634 1.106 1.297 0.521 0.745
0.000 0.000 0.000 0.000 0.000 0.000 0.000 0.000 0.000 0.000 0.000 0.000 0.000 0.000 0.000 0.000 0.000 0.000 0.000 0.000 0.000 0.000 0.000 0.000 0.000 0.000 0.000 0.000 0.000 0.298 0.450 0.449 0.494 0.466 0.588 0.281 0.069 0.923 1.064 0.274 0.887 0.217 0.919 0.739 0.581 1.034 1.154 1.084 0.000 2.154 2.162 0.263 1.714 0.624 0.965 0.725 1.345 1.515 0.636 0.927 0.828 0.851 0.001 1.011 0.912 1.004 1.266 0.998 1.311 0.974 1.196 0.840 0.604 1.356 1.377 0.960 0.863
0.000 0.000 0.000 0.000 0.000 0.000 0.000 0.000 0.000 0.000 0.000 0.000 0.000 0.000 0.000 0.000 0.000 0.000 0.000 0.000 0.000 0.000 0.000 0.000 0.000 0.000 0.000 0.000 0.000 0.076 0.061 0.362 0.223 0.448 0.215 0.167 0.503 0.423 1.105 0.000 1.128 0.489 1.369 1.030 0.261 0.944 0.885 1.145 0.778 0.969 2.176 2.184 0.675 0.686 0.866 0.766 0.216 1.455 0.556 1.297 0.229 0.834 0.680 0.129 0.873 1.085 0.748 0.800 1.052 1.125 0.998 1.372 1.806 1.926 0.517 0.000 0.723
0.000 0.000 0.000 0.000 0.000 0.000 0.000 0.000 0.000 0.000 0.000 0.000 0.000 0.000 0.000 0.000 0.000 0.000 0.000 0.000 0.000 0.000 0.000 0.000 0.000 0.000 0.000 0.000 0.000 0.000 0.652 0.842 0.111 0.355 1.030 0.651 0.483 0.175 1.076 0.448 1.129 1.069 0.370 1.111 1.382 0.225 0.526 0.727 0.559 0.660 0.000 2.199 2.206 0.518 0.658 0.720 0.893 0.201 1.548 0.110 1.299 0.000 0.876 0.829 0.334 0.617 1.020 0.881 0.353 1.217 1.248 0.633 1.916 1.936 1.787 0.808 0.088
0.000 0.000 0.000 0.000 0.000 0.000 0.000 0.000 0.000 0.000 0.000 0.000 0.000 0.000 0.000 0.000 0.000 0.000 0.000 0.000 0.000 0.000 0.000 0.000 0.000 0.000 0.000 0.000 0.000 0.000 0.000 0.000 0.812 0.431 0.941 0.543 0.556 0.607 1.077 0.799 0.340 1.170 0.861 0.392 1.433 0.435 0.427 0.609 0.680 0.522 1.127 1.768 2.220 1.760 0.102 0.824 0.985 0.867 0.280 1.523 0.006 1.378 0.007 0.692 0.845 0.319 0.951 0.912 0.944 0.567 1.020 0.934 0.886 1.267 1.070 0.325 2.427
0.000 0.000 0.000 0.000 0.000 0.000 0.000 0.000 0.000 0.000 0.000 0.000 0.000 0.000 0.000 0.000 0.000 0.000 0.000 0.000 0.000 0.000 0.000 0.000 0.000 0.000 0.000 0.000 0.000 0.000 0.000 0.000 0.427 0.467 0.327 0.277 1.009 0.939 0.370 1.200 0.631 0.631 1.121 0.544 0.725 0.916 0.408 0.779 0.651 0.683 0.666 0.228 2.234 2.241 0.337 0.357 0.608 0.702 0.909 0.281 1.587 0.208 1.628 0.000 0.589 0.792 0.533 0.594 0.935 0.827 0.510 1.755 1.356 0.000 1.628 2.426 2.434
0.000 0.000 0.000 0.000 0.000 0.000 0.000 0.000 0.000 0.000 0.000 0.000 0.000 0.000 0.000 0.000 0.000 0.000 0.000 0.000 0.000 0.000 0.000 0.000 0.000 0.000 0.000 0.000 0.000 0.000 0.000 0.000 0.511 0.653 1.124 0.012 0.799 1.220 0.471 0.702 1.192 0.522 0.304 1.026 0.856 0.457 1.439 0.280 0.532 0.544 0.607 0.789 0.000 2.258 2.267 0.410 0.000 0.411 0.993 0.865 0.748 1.469 0.081 1.664 0.043 0.804 0.985 0.715 0.636 1.218 1.419 0.031 0.596 2.426 2.432 2.438 0.000
0.000 0.000 0.000 0.000 0.000 0.000 0.000 0.000 0.000 0.000 0.000 0.000 0.000 0.000 0.000 0.000 0.000 0.000 0.000 0.000 0.000 0.000 0.000 0.000 0.000 0.000 0.000 0.000 0.000 0.000 0.000 0.000 0.000 1.325 1.325 0.184 0.402 0.483 0.973 0.853 0.753 1.063 0.315 1.177 0.578 1.079 0.689 1.011 0.082 0.595 0.577 0.682 0.637 0.819 2.283 2.293 0.363 0.505 0.635 0.606 0.889 0.660 1.975 0.135 2.006 0.235 0.965 1.205 0.776 0.000 0.405 2.427 2.433 2.439 2.769 0.000 0.000
0.000 0.000 0.000 0.000 0.000 0.000 0.000 0.000 0.000 0.000 0.000 0.000 0.000 0.000 0.000 0.000 0.000 0.000 0.000 0.000 0.000 0.000 0.000 0.000 0.000 0.000 0.000 0.000 0.000 0.000 0.000 0.000 0.000 0.865 1.235 1.136 0.234 0.604 1.174 1.034 1.134 0.446 1.108 0.578 0.999 0.639 0.610 0.991 1.222 0.614 0.147 0.653 0.587 0.689 0.000 2.310 2.319 3.107 0.608 0.000 1.019 0.631 1.525 1.336 1.326 1.386 1.046 1.236 0.209 1.958 2.434 2.440 3.109 1.959 0.792 2.452 0.000
0.000 0.000 0.000 0.000 0.000 0.000 0.000 0.000 0.000 0.000 0.000 0.000 0.000 0.000 0.000 0.000 0.000 0.000 0.000 0.000 0.000 0.000 0.000 0.000 0.000 0.000 0.000 0.000 0.000 0.000 0.000 0.000 0.000 0.286 1.196 1.306 0.175 0.895 0.935 0.815 0.296 1.129 0.569 1.239 0.799 0.910 0.831 0.951 0.522 0.874 1.055 0.191 0.640 0.693 0.592 0.843 0.000 2.344 2.353 1.066 0.096 0.000 0.717 0.766 0.816 0.000 0.418 0.152 2.435 2.441 2.447 0.000 0.000 0.107 0.000 1.227 2.002
0.000 0.000 0.000 0.000 0.000 0.000 0.000 0.000 0.000 0.000 0.000 0.000 0.000 0.000 0.000 0.000 0.000 0.000 0.000 0.000 0.000 0.000 0.000 0.000 0.000 0.000 0.000 0.000 0.000 0.000 0.000 0.000 0.000 0.336 1.286 1.276 0.000 0.716 0.686 0.347 1.059 0.839 1.049 0.739 0.900 0.550 0.801 0.972 0.952 0.324 0.876 0.926 0.260 0.402 0.827 0.778 0.839 0.000 2.368 2.376 2.386 0.046 0.526 0.366 0.000 0.000 1.268 2.442 2.448 0.198 0.000 0.000 0.000 0.142 0.365 0.161 1.031
0.000 0.000 0.000 0.000 0.000 0.000 0.000 0.000 0.000 0.000 0.000 0.000 0.000 0.000 0.000 0.000 0.000 0.000 0.000 0.000 0.000 0.000 0.000 0.000 0.000 0.000 0.000 0.000 0.000 0.000 0.000 0.000 0.000 0.226 1.337 1.217 0.148 0.328 0.818 0.979 1.069 1.379 0.889 0.900 0.670 0.541 0.971 0.642 0.713 0.975 0.566 0.836 0.000 0.568 0.580 0.793 0.544 0.000 0.000 0.000 2.837 2.412 2.421 2.517 2.448 2.443 2.449 2.454 0.000 0.000 1.194 1.294 1.175 0.635 0.636 1.156 0.966
0.000 0.000 0.000 0.000 0.000 0.000 0.000 0.000 0.000 0.000 0.000 0.000 0.000 0.000 0.000 0.000 0.000 0.000 0.000 0.000 0.000 0.000 0.000 0.000 0.000 0.000 0.000 0.000 0.000 0.000 0.000 0.000 0.024 0.116 0.527 1.338 1.278 0.308 0.859 0.719 1.239 0.859 0.670 0.700 0.541 0.921 0.781 0.503 1.014 0.555 0.937 0.161 0.435 0.668 0.652 0.938 0.836 0.744 0.412 0.794 0.409 0.000 0.043 2.444 2.450 2.456 0.136 0.000 1.143 1.213 1.244 1.434 0.665 0.536 1.286 0.597 1.648
0.000 0.000 0.000 0.000 0.000 0.000 0.000 0.000 0.000 0.000 0.000 0.000 0.000 0.000 0.000 0.000 0.000 0.000 0.000 0.000 0.000 0.000 0.000 0.000 0.000 0.000 0.000 0.000 0.000 0.000 0.000 0.000 0.000 0.000 0.000 1.109 1.229 0.209 0.119 0.710 0.810 0.700 1.191 0.621 0.581 1.011 0.332 0.873 0.534 0.996 0.494 0.732 0.714 0.597 0.722 0.421 0.372 1.403 0.895 1.165 0.726 0.677 0.797 0.764 0.624 0.707 0.886 0.969 1.752 1.093 1.284 0.995 1.446 1.596 1.436 0.538 1.979
0.000 0.000 0.000 0.000 0.000 0.000 0.000 0.000 0.000 0.000 0.000 0.000 0.000 0.000 0.000 0.000 0.000 0.000 0.000 0.000 0.000 0.000 0.000 0.000 0.000 0.000 0.000 0.000 0.000 0.000 0.000 0.000 0.000 0.000 0.000 1.139 1.319 0.240 0.130 0.760 0.690 0.331 1.041 0.661 1.222 0.482 0.533 0.374 1.104 0.566 0.282 0.803 0.804 0.795 0.127 0.543 0.876 0.986 1.335 1.286 1.287 0.668 0.929 0.920 0.901 0.833 1.407 1.249 1.372 1.273 1.374 0.745 1.416 1.466 1.177 0.889 2.019
0.000 0.000 0.000 0.000 0.000 0.000 0.000 0.000 0.000 0.000 0.000 0.000 0.000 0.000 0.000 0.000 0.000 0.000 0.000 0.000 0.000 0.000 0.000 0.000 0.000 0.000 0.000 0.000 0.000 0.000 0.000 0.000 0.000 0.000 0.000 0.720 1.300 1.201 1.021 0.081 0.581 0.652 0.662 1.032 0.982 0.523 0.324 1.154 1.144 0.000 0.693 0.813 0.784 0.000 0.568 1.008 1.448 1.678 0.000 0.000 1.089 1.070 1.540 0.951 1.353 1.115 1.447 0.909 0.521 1.093 1.254 0.615 1.356 1.546 0.737 1.170 1.761
0.000 0.000 0.000 0.000 0.000 0.000 0.000 0.000 0.000 0.000 0.000 0.000 0.000 0.000 0.000 0.000 0.000 0.000 0.000 0.000 0.000 0.000 0.000 0.000 0.000 0.000 0.000 0.000 0.000 0.000 0.000 0.000 0.000 0.000 0.000 0.000 1.021 1.171 0.402 0.441 0.362 0.783 0.503 0.923 0.314 0.925 1.155 1.065 0.000 0.683 0.663 0.704 0.133 0.678 0.638 1.038 1.468 1.499 1.530 0.161 0.741 1.251 1.311 1.142 0.904 1.455 0.498 1.850 1.270 0.503 1.235 1.216 1.506 0.906 0.358 1.062 1.722
0.000 0.000 0.000 0.000 0.000 0.000 0.000 0.000 0.000 0.000 0.000 0.000 0.000 0.000 0.000 0.000 0.000 0.000 0.000 0.000 0.000 0.000 0.000 0.000 0.000 0.000 0.000 0.000 0.000 0.000 0.000 0.000 0.000 0.000 0.000 0.000 1.142 1.212 1.263 0.000 0.037 0.943 0.664 1.304 0.704 1.035 1.175 0.028 0.561 0.672 0.783 0.374 0.267 0.688 0.779 0.419 0.299 1.490 1.590 1.471 1.592 0.442 0.492 1.292 0.685 1.297 0.959 1.510 0.920 0.493 1.395 1.386 0.976 1.286 0.289 1.423 1.413
0.000 0.000 0.000 0.000 0.000 0.000 0.000 0.000 0.000 0.000 0.000 0.000 0.000 0.000 0.000 0.000 0.000 0.000 0.000 0.000 0.000 0.000 0.000 0.000 0.000 0.000 0.000 0.000 0.000 0.000 0.000 0.000 0.000 0.000 0.000 0.000 0.572 1.103 1.203 1.144 0.000 0.884 1.004 0.574 0.795 0.915 0.510 0.688 0.830 0.762 0.674 0.286 0.798 0.749 1.069 0.859 0.580 0.000 1.521 1.572 1.622 1.633 0.704 0.315 1.407 1.247 1.389 1.100 1.261 0.533 0.775 1.306 1.197 1.637 0.360 1.333 1.963
0.000 0.000 0.000 0.000 0.000 0.000 0.000 0.000 0.000 0.000 0.000 0.000 0.000 0.000 0.000 0.000 0.000 0.000 0.000 0.000 0.000 0.000 0.000 0.000 0.000 0.000 0.000 0.000 0.000 0.000 0.000 0.000 0.000 0.000 0.000 0.000 0.000 0.863 1.154 1.214 0.000 0.000 1.024 0.925 0.775 0.271 0.040 0.909 0.660 0.801 0.000 0.739 0.809 1.079 0.769 0.860 0.820 0.741 0.461 0.422 1.613 1.594 1.625 1.455 0.147 0.199 1.280 0.831 0.972 0.943 0.605 1.437 1.367 1.657 0.511 1.354 1.474
