includes/oleron/floodfiles/results/res-0013.wd
ncols         631
nrows         906
xllcorner     364927.146667
yllcorner     6531972.565556
cellsize      20.000000
NODATA_value  -9999.000000
[rows 714 to 747 of 906, columns 462 to 538 of 631]
0.630 0.638 0.646 0.662 0.684 0.706 0.728 0.752 0.777 0.803 0.828 0.854 0.880 0.909 0.944 0.979 1.014 1.041 1.045 1.050 1.055 1.086 1.123 1.160 1.197 1.234 1.270 1.237 1.177 1.117 1.057 0.998 0.938 0.894 0.860 0.826 0.794 0.761 0.729 0.687 0.642 0.597 0.552 0.507 0.539 0.590 0.641 0.690 0.738 0.785 0.833 0.880 0.927 1.086 1.260 1.434 1.609 1.783 1.957 2.211 2.509 2.808 3.106 3.403 3.700 3.996 4.293 4.589 4.886 5.188 5.514 5.839 6.165 6.326 6.352 6.359 6.292
0.641 0.649 0.668 0.690 0.712 0.734 0.757 0.779 0.805 0.831 0.856 0.882 0.907 0.933 0.959 0.987 1.022 1.051 1.056 1.075 1.112 1.149 1.186 1.223 1.260 1.297 1.334 1.307 1.247 1.187 1.127 1.067 1.007 0.947 0.887 0.850 0.818 0.773 0.728 0.683 0.637 0.592 0.547 0.502 0.548 0.599 0.650 0.701 0.751 0.799 0.846 0.894 0.941 1.100 1.274 1.449 1.623 1.797 2.095 2.393 2.691 2.990 3.288 3.585 3.882 4.178 4.475 4.771 5.068 5.364 5.661 5.957 6.270 6.466 6.426 6.359 6.293
0.651 0.674 0.696 0.718 0.741 0.763 0.785 0.807 0.833 0.859 0.884 0.910 0.935 0.961 0.986 1.012 1.038 1.064 1.101 1.138 1.175 1.212 1.249 1.286 1.323 1.360 1.397 1.376 1.316 1.256 1.197 1.137 1.077 1.017 0.957 0.883 0.814 0.769 0.723 0.678 0.633 0.587 0.542 0.506 0.557 0.608 0.659 0.711 0.762 0.812 0.860 0.907 0.955 1.114 1.289 1.463 1.680 1.979 2.277 2.575 2.873 3.171 3.470 3.767 4.064 4.360 4.657 4.954 5.250 5.547 5.843 6.139 6.423 6.482 6.427 6.360 6.294
0.680 0.702 0.724 0.747 0.769 0.791 0.813 0.835 0.861 0.886 0.912 0.937 0.963 0.989 1.014 1.040 1.061 1.077 1.140 1.201 1.238 1.275 1.312 1.349 1.386 1.423 1.460 1.446 1.386 1.326 1.266 1.206 1.146 1.079 1.001 0.924 0.852 0.782 0.719 0.673 0.628 0.582 0.537 0.515 0.566 0.617 0.668 0.720 0.771 0.822 0.873 0.921 0.968 1.128 1.303 1.564 1.862 2.161 2.459 2.757 3.055 3.353 3.651 3.949 4.246 4.542 4.839 5.136 5.432 5.729 6.025 6.265 6.372 6.454 6.401 6.348 6.294
0.708 0.730 0.753 0.775 0.797 0.819 0.841 0.864 0.888 0.914 0.939 0.965 0.991 1.016 1.042 1.059 1.075 1.091 1.147 1.211 1.274 1.337 1.375 1.412 1.449 1.486 1.522 1.515 1.455 1.395 1.335 1.275 1.198 1.120 1.042 0.965 0.892 0.822 0.752 0.681 0.623 0.577 0.532 0.524 0.575 0.626 0.677 0.728 0.779 0.830 0.881 0.933 0.981 1.149 1.447 1.746 2.044 2.342 2.640 2.939 3.237 3.535 3.833 4.131 4.428 4.724 5.021 5.318 5.614 5.911 6.107 6.214 6.322 6.426 6.373 6.320 6.267
0.736 0.759 0.781 0.803 0.825 0.847 0.870 0.892 0.916 0.941 0.967 0.993 1.018 1.041 1.057 1.073 1.089 1.105 1.155 1.218 1.281 1.344 1.408 1.471 1.511 1.548 1.585 1.584 1.524 1.464 1.394 1.316 1.239 1.161 1.083 1.005 0.933 0.862 0.792 0.722 0.651 0.581 0.527 0.533 0.584 0.635 0.686 0.737 0.788 0.839 0.890 0.940 0.981 1.308 1.629 1.927 2.226 2.524 2.822 3.120 3.418 3.717 4.015 4.313 4.610 4.906 5.203 5.499 5.796 5.948 6.056 6.163 6.271 6.378 6.345 6.292 6.239
0.744 0.777 0.809 0.831 0.853 0.875 0.898 0.920 0.943 0.969 0.994 1.020 1.040 1.056 1.071 1.087 1.103 1.119 1.163 1.226 1.289 1.352 1.415 1.478 1.541 1.604 1.648 1.653 1.590 1.512 1.435 1.357 1.279 1.202 1.124 1.046 0.973 0.902 0.832 0.762 0.691 0.621 0.551 0.541 0.592 0.642 0.693 0.744 0.794 0.845 0.896 0.946 0.945 1.146 1.562 1.979 2.395 2.705 3.003 3.302 3.600 3.898 4.196 4.494 4.791 5.088 5.385 5.681 5.790 5.897 6.005 6.113 6.220 6.328 6.317 6.264 6.211
0.747 0.780 0.812 0.845 0.877 0.903 0.926 0.948 0.971 0.996 1.022 1.038 1.054 1.070 1.085 1.101 1.117 1.133 1.171 1.234 1.297 1.360 1.423 1.486 1.549 1.612 1.675 1.703 1.631 1.553 1.475 1.398 1.320 1.242 1.165 1.087 1.013 0.942 0.872 0.802 0.731 0.664 0.600 0.548 0.598 0.649 0.699 0.750 0.801 0.851 0.902 0.913 0.909 0.984 1.400 1.817 2.233 2.650 3.066 3.482 3.781 4.079 4.378 4.676 4.973 5.270 5.524 5.631 5.739 5.846 5.954 6.062 6.169 6.277 6.288 6.236 6.183
0.750 0.783 0.815 0.848 0.880 0.913 0.945 0.976 0.998 1.020 1.036 1.052 1.068 1.084 1.099 1.115 1.131 1.147 1.179 1.242 1.305 1.368 1.431 1.494 1.556 1.618 1.671 1.712 1.648 1.584 1.516 1.438 1.361 1.283 1.205 1.128 1.053 0.982 0.912 0.842 0.776 0.712 0.649 0.585 0.605 0.655 0.706 0.756 0.807 0.857 0.881 0.877 0.873 0.868 1.238 1.655 2.071 2.487 2.904 3.320 3.737 4.153 4.559 4.857 5.155 5.365 5.473 5.580 5.688 5.796 5.903 6.011 6.119 6.226 6.260 6.208 6.155
0.753 0.785 0.818 0.850 0.883 0.915 0.948 0.980 1.009 1.032 1.050 1.066 1.082 1.098 1.113 1.129 1.145 1.161 1.186 1.249 1.312 1.375 1.438 1.501 1.559 1.611 1.663 1.715 1.658 1.594 1.530 1.466 1.401 1.324 1.246 1.168 1.093 1.022 0.952 0.888 0.824 0.761 0.697 0.633 0.611 0.662 0.712 0.762 0.813 0.849 0.845 0.841 0.836 0.832 1.077 1.493 1.909 2.326 2.742 3.158 3.575 3.991 4.407 4.823 5.159 5.314 5.422 5.529 5.637 5.745 5.852 5.960 6.068 6.175 6.232 6.180 6.127
0.756 0.788 0.821 0.853 0.886 0.918 0.950 0.978 1.006 1.030 1.052 1.075 1.096 1.112 1.127 1.143 1.159 1.175 1.194 1.257 1.320 1.383 1.446 1.499 1.552 1.604 1.656 1.708 1.668 1.603 1.539 1.475 1.411 1.347 1.283 1.209 1.133 1.064 1.000 0.937 0.873 0.809 0.746 0.682 0.618 0.668 0.718 0.769 0.818 0.813 0.809 0.805 0.800 0.796 0.915 1.331 1.747 2.164 2.580 2.996 3.413 3.829 4.245 4.599 4.929 5.109 5.280 5.451 5.586 5.694 5.802 5.909 6.017 6.125 6.204 6.152 6.099
0.759 0.791 0.824 0.856 0.888 0.920 0.948 0.975 1.002 1.027 1.050 1.072 1.095 1.118 1.141 1.157 1.173 1.189 1.205 1.265 1.328 1.388 1.440 1.492 1.544 1.597 1.649 1.701 1.677 1.613 1.549 1.485 1.421 1.357 1.293 1.229 1.171 1.112 1.049 0.985 0.921 0.858 0.794 0.730 0.667 0.675 0.725 0.775 0.782 0.778 0.773 0.769 0.765 0.760 0.756 1.169 1.585 2.002 2.418 2.834 3.251 3.667 4.013 4.343 4.673 4.888 5.059 5.230 5.401 5.573 5.744 5.859 5.966 6.074 6.176 6.124 6.071
0.762 0.794 0.826 0.859 0.890 0.917 0.944 0.971 0.999 1.024 1.047 1.070 1.092 1.115 1.138 1.161 1.184 1.203 1.219 1.272 1.328 1.381 1.433 1.485 1.537 1.589 1.642 1.694 1.687 1.623 1.559 1.495 1.431 1.367 1.303 1.249 1.200 1.143 1.085 1.027 0.969 0.906 0.843 0.779 0.715 0.682 0.732 0.751 0.747 0.742 0.738 0.733 0.729 0.725 0.720 1.008 1.424 1.840 2.256 2.673 3.089 3.428 3.758 4.088 4.418 4.666 4.838 5.009 5.180 5.351 5.523 5.694 5.865 6.024 6.131 6.122 6.258
0.764 0.797 0.829 0.859 0.886 0.913 0.941 0.968 0.995 1.021 1.044 1.067 1.090 1.113 1.135 1.158 1.181 1.204 1.227 1.269 1.321 1.373 1.426 1.478 1.530 1.582 1.635 1.687 1.697 1.633 1.569 1.505 1.441 1.377 1.327 1.278 1.228 1.173 1.115 1.057 0.999 0.941 0.883 0.825 0.764 0.700 0.721 0.716 0.711 0.707 0.702 0.698 0.693 0.689 0.685 0.846 1.262 1.678 2.095 2.511 2.842 3.172 3.502 3.832 4.163 4.445 4.617 4.788 4.959 5.130 5.302 5.473 5.644 5.816 6.049 6.307 6.479
0.767 0.799 0.828 0.855 0.883 0.910 0.937 0.964 0.992 1.019 1.041 1.064 1.087 1.110 1.133 1.156 1.179 1.208 1.253 1.295 1.334 1.372 1.419 1.471 1.523 1.575 1.628 1.680 1.707 1.643 1.579 1.515 1.455 1.405 1.356 1.306 1.257 1.204 1.146 1.088 1.029 0.971 0.913 0.855 0.797 0.739 0.703 0.684 0.677 0.672 0.667 0.663 0.658 0.654 0.649 0.685 1.101 1.517 1.927 2.257 2.587 2.917 3.247 3.577 3.907 4.224 4.396 4.567 4.738 4.910 5.081 5.252 5.424 5.678 6.018 6.299 6.525
0.770 0.797 0.825 0.852 0.879 0.906 0.934 0.961 0.988 1.015 1.039 1.062 1.084 1.107 1.130 1.153 1.189 1.234 1.279 1.323 1.361 1.399 1.438 1.476 1.516 1.568 1.620 1.673 1.717 1.653 1.589 1.533 1.483 1.434 1.384 1.335 1.285 1.234 1.176 1.118 1.060 1.002 0.944 0.885 0.828 0.770 0.725 0.706 0.687 0.667 0.648 0.629 0.624 0.619 0.614 0.610 0.940 1.342 1.671 2.002 2.332 2.662 2.992 3.322 3.652 3.982 4.175 4.346 4.517 4.689 4.860 5.031 5.307 5.647 5.987 6.292 6.518
0.767 0.794 0.821 0.848 0.875 0.903 0.930 0.957 0.985 1.012 1.036 1.059 1.082 1.105 1.128 1.169 1.215 1.260 1.305 1.350 1.388 1.427 1.465 1.503 1.542 1.580 1.618 1.666 1.718 1.663 1.611 1.562 1.512 1.462 1.413 1.363 1.314 1.264 1.206 1.148 1.090 1.032 0.974 0.916 0.859 0.802 0.747 0.728 0.709 0.689 0.670 0.651 0.632 0.612 0.593 0.575 0.757 1.087 1.417 1.747 2.077 2.407 2.737 3.067 3.397 3.727 3.954 4.126 4.297 4.468 4.640 4.937 5.276 5.616 5.956 6.285 6.510
0.765 0.792 0.818 0.845 0.872 0.899 0.927 0.954 0.981 1.008 1.033 1.056 1.079 1.104 1.150 1.195 1.241 1.286 1.332 1.377 1.416 1.454 1.492 1.531 1.569 1.607 1.646 1.684 1.720 1.689 1.640 1.590 1.541 1.491 1.442 1.392 1.342 1.293 1.237 1.179 1.121 1.063 1.005 0.948 0.890 0.833 0.776 0.750 0.731 0.712 0.692 0.673 0.654 0.635 0.615 0.605 0.674 0.921 1.168 1.493 1.823 2.153 2.483 2.813 3.143 3.473 3.734 3.905 4.076 4.248 4.566 4.906 5.246 5.585 5.925 6.265 6.503
0.763 0.790 0.816 0.843 0.870 0.896 0.923 0.950 0.978 1.005 1.031 1.054 1.085 1.131 1.176 1.221 1.267 1.312 1.358 1.403 1.443 1.481 1.520 1.558 1.596 1.635 1.673 1.704 1.723 1.705 1.661 1.616 1.569 1.520 1.470 1.421 1.371 1.322 1.267 1.209 1.151 1.094 1.036 0.979 0.922 0.864 0.807 0.772 0.753 0.734 0.714 0.695 0.676 0.657 0.648 0.660 0.673 0.919 1.166 1.413 1.660 1.907 2.229 2.558 2.889 3.219 3.514 3.685 3.856 4.196 4.535 4.875 5.215 5.555 5.894 6.234 6.496
0.761 0.788 0.815 0.841 0.868 0.895 0.921 0.948 0.975 1.002 1.028 1.066 1.111 1.156 1.202 1.247 1.293 1.338 1.383 1.429 1.470 1.508 1.547 1.585 1.624 1.662 1.688 1.707 1.726 1.721 1.676 1.631 1.587 1.542 1.497 1.449 1.400 1.350 1.298 1.240 1.182 1.125 1.068 1.010 0.953 0.896 0.839 0.794 0.775 0.756 0.736 0.717 0.698 0.691 0.702 0.714 0.726 0.918 1.164 1.411 1.658 1.905 2.152 2.399 2.646 2.965 3.294 3.486 3.826 4.165 4.505 4.845 5.184 5.524 5.864 6.203 6.489
0.717 0.786 0.813 0.840 0.866 0.893 0.920 0.946 0.973 1.000 1.023 1.083 1.137 1.182 1.228 1.273 1.319 1.364 1.409 1.455 1.497 1.536 1.574 1.612 1.651 1.671 1.691 1.710 1.729 1.736 1.692 1.647 1.602 1.557 1.513 1.468 1.423 1.379 1.328 1.271 1.214 1.156 1.099 1.042 0.985 0.927 0.870 0.815 0.796 0.777 0.759 0.740 0.733 0.745 0.757 0.768 0.780 0.916 1.163 1.410 1.657 1.904 2.151 2.398 2.645 2.892 3.210 3.485 3.795 4.135 4.475 4.814 5.154 5.493 5.833 6.173 6.482
0.669 0.785 0.811 0.838 0.865 0.891 0.918 0.945 0.971 0.994 1.017 1.069 1.129 1.189 1.249 1.299 1.345 1.390 1.435 1.481 1.524 1.563 1.601 1.636 1.655 1.675 1.694 1.713 1.733 1.752 1.707 1.662 1.618 1.573 1.528 1.484 1.439 1.394 1.368 1.307 1.245 1.188 1.130 1.073 1.016 0.959 0.902 0.844 0.818 0.799 0.780 0.776 0.787 0.799 0.811 0.823 0.834 0.914 1.161 1.408 1.655 1.902 2.149 2.396 2.643 2.986 3.542 3.903 4.097 4.292 4.486 4.784 5.124 5.463 5.802 6.142 6.476
0.622 0.783 0.810 0.837 0.863 0.890 0.917 0.942 0.965 0.987 1.010 1.055 1.115 1.175 1.235 1.295 1.356 1.416 1.461 1.507 1.551 1.590 1.620 1.639 1.658 1.678 1.697 1.717 1.736 1.755 1.723 1.678 1.633 1.589 1.544 1.499 1.457 1.432 1.407 1.355 1.292 1.230 1.167 1.105 1.048 0.990 0.933 0.876 0.840 0.821 0.818 0.829 0.841 0.853 0.865 0.877 0.888 0.912 1.159 1.406 1.653 1.900 2.147 2.394 2.762 3.318 3.873 4.322 4.516 4.710 4.904 5.098 5.292 5.486 5.772 6.111 6.451
0.575 0.782 0.808 0.835 0.862 0.888 0.913 0.936 0.958 0.981 1.004 1.041 1.101 1.161 1.221 1.281 1.341 1.401 1.462 1.522 1.578 1.604 1.623 1.642 1.662 1.681 1.700 1.720 1.739 1.758 1.738 1.693 1.649 1.604 1.559 1.521 1.496 1.472 1.447 1.402 1.340 1.277 1.215 1.152 1.090 1.027 0.965 0.907 0.862 0.859 0.871 0.883 0.895 0.907 0.919 0.931 0.942 0.954 1.156 1.403 1.650 1.898 2.145 2.538 3.093 3.649 4.204 4.739 4.934 5.128 5.322 5.516 5.710 5.904 6.098 6.292 6.486
0.527 0.780 0.807 0.833 0.860 0.884 0.907 0.929 0.952 0.975 0.997 1.026 1.087 1.147 1.207 1.267 1.327 1.387 1.447 1.508 1.584 1.616 1.629 1.645 1.665 1.684 1.704 1.723 1.742 1.762 1.754 1.709 1.664 1.620 1.585 1.560 1.536 1.511 1.486 1.449 1.387 1.324 1.262 1.199 1.137 1.075 1.012 0.950 0.913 0.914 0.925 0.937 0.949 0.961 0.973 0.984 0.996 1.008 1.154 1.401 1.648 1.895 2.313 2.869 3.424 3.979 4.535 5.090 5.351 5.545 5.740 5.934 6.128 6.322 6.516 6.710 6.664
0.480 0.738 0.805 0.832 0.855 0.878 0.900 0.923 0.945 0.968 0.991 1.013 1.072 1.133 1.193 1.253 1.313 1.373 1.436 1.514 1.591 1.637 1.650 1.663 1.676 1.688 1.707 1.726 1.746 1.765 1.769 1.724 1.680 1.649 1.624 1.600 1.575 1.550 1.525 1.496 1.434 1.371 1.309 1.247 1.184 1.122 1.059 1.027 1.003 1.001 1.002 1.002 1.003 1.014 1.026 1.038 1.050 1.062 1.151 1.398 1.645 2.089 2.644 3.199 3.754 4.310 4.865 5.420 5.769 5.963 6.157 6.351 6.545 6.739 6.933 6.890 6.722
0.433 0.691 0.804 0.826 0.849 0.871 0.894 0.916 0.939 0.962 0.984 1.007 1.058 1.118 1.179 1.239 1.299 1.365 1.443 1.521 1.599 1.658 1.671 1.684 1.697 1.709 1.722 1.735 1.749 1.768 1.785 1.740 1.713 1.688 1.664 1.639 1.614 1.589 1.564 1.540 1.481 1.419 1.356 1.294 1.231 1.169 1.142 1.119 1.096 1.088 1.089 1.089 1.090 1.091 1.091 1.092 1.103 1.115 1.149 1.396 1.864 2.419 2.974 3.529 4.085 4.640 5.195 5.750 6.186 6.380 6.574 6.768 6.962 7.156 7.116 6.948 6.781
0.517 0.722 0.799 0.820 0.842 0.865 0.887 0.910 0.933 0.955 0.978 1.001 1.044 1.104 1.165 1.225 1.295 1.373 1.451 1.529 1.606 1.679 1.692 1.705 1.718 1.730 1.743 1.756 1.769 1.782 1.793 1.777 1.752 1.728 1.703 1.678 1.653 1.628 1.604 1.579 1.528 1.466 1.403 1.341 1.280 1.257 1.234 1.211 1.187 1.175 1.175 1.176 1.177 1.178 1.178 1.179 1.180 1.180 1.181 1.639 2.194 2.749 3.304 3.859 4.415 4.970 5.525 6.080 6.603 6.797 6.991 7.185 7.379 7.342 7.174 7.006 6.838
0.582 0.697 0.797 0.818 0.839 0.860 0.881 0.903 0.926 0.949 0.971 0.994 1.030 1.090 1.150 1.224 1.302 1.380 1.458 1.536 1.614 1.692 1.713 1.726 1.738 1.751 1.764 1.777 1.790 1.799 1.801 1.792 1.778 1.763 1.742 1.717 1.692 1.667 1.643 1.618 1.575 1.513 1.450 1.395 1.372 1.349 1.326 1.302 1.279 1.261 1.262 1.263 1.264 1.264 1.265 1.266 1.266 1.267 1.339 1.781 2.429 3.078 3.634 4.189 4.744 5.300 5.855 6.410 6.965 7.214 7.408 7.602 7.567 7.400 7.232 7.064 6.896
0.556 0.671 0.786 0.816 0.837 0.858 0.879 0.901 0.922 0.943 0.965 0.988 1.016 1.076 1.154 1.232 1.310 1.388 1.466 1.544 1.621 1.699 1.734 1.747 1.759 1.772 1.785 1.798 1.805 1.806 1.808 1.802 1.788 1.774 1.759 1.745 1.730 1.706 1.682 1.657 1.622 1.559 1.510 1.487 1.464 1.440 1.417 1.394 1.371 1.348 1.349 1.350 1.350 1.351 1.352 1.352 1.358 1.436 1.513 1.834 2.482 3.130 3.778 4.427 5.074 5.629 6.185 6.740 7.295 7.631 7.825 7.793 7.625 7.457 7.290 7.122 6.954
0.530 0.645 0.761 0.814 0.835 0.856 0.877 0.899 0.920 0.941 0.962 0.984 1.003 1.083 1.161 1.239 1.317 1.395 1.473 1.551 1.629 1.707 1.755 1.767 1.780 1.793 1.806 1.811 1.812 1.814 1.815 1.813 1.798 1.784 1.770 1.755 1.741 1.726 1.712 1.696 1.669 1.625 1.601 1.578 1.555 1.532 1.509 1.486 1.463 1.439 1.435 1.436 1.437 1.438 1.438 1.455 1.532 1.609 1.686 1.886 2.534 3.182 3.831 4.479 5.127 5.776 6.424 7.069 7.625 8.047 8.018 7.850 7.683 7.515 7.347 7.180 7.012
0.504 0.620 0.735 0.812 0.833 0.854 0.875 0.897 0.918 0.939 0.960 0.978 0.989 1.056 1.148 1.240 1.325 1.403 1.481 1.558 1.636 1.714 1.775 1.788 1.801 1.814 1.816 1.818 1.819 1.821 1.822 1.823 1.809 1.795 1.780 1.766 1.751 1.737 1.722 1.708 1.699 1.701 1.693 1.670 1.647 1.624 1.601 1.577 1.554 1.531 1.522 1.522 1.523 1.524 1.551 1.629 1.706 1.783 1.860 1.939 2.587 3.235 3.883 4.531 5.180 5.828 6.476 7.125 7.773 8.235 8.074 7.908 7.740 7.573 7.405 7.237 7.070
0.478 0.594 0.710 0.810 0.831 0.852 0.874 0.895 0.916 0.937 0.953 0.964 0.976 1.023 1.115 1.207 1.299 1.391 1.483 1.566 1.644 1.722 1.796 1.809 1.820 1.822 1.824 1.825 1.827 1.828 1.830 1.831 1.819 1.805 1.791 1.776 1.762 1.747 1.733 1.725 1.719 1.720 1.724 1.727 1.731 1.715 1.692 1.669 1.646 1.622 1.608 1.609 1.610 1.648 1.725 1.802 1.879 1.956 2.033 2.110 2.639 3.287 3.936 4.584 5.232 5.880 6.529 7.177 7.692 8.166 8.108 7.946 7.784 7.623 7.461 7.295 7.127
0.452 0.568 0.684 0.800 0.829 0.850 0.872 0.893 0.914 0.928 0.940 0.951 0.962 0.990 1.082 1.174 1.266 1.358 1.450 1.542 1.634 1.726 1.807 1.826 1.828 1.829 1.831 1.832 1.834 1.835 1.837 1.838 1.830 1.815 1.801 1.786 1.772 1.758 1.752 1.746 1.740 1.738 1.742 1.746 1.749 1.753 1.757 1.760 1.737 1.714 1.694 1.695 1.744 1.821 1.899 1.976 2.053 2.130 2.207 2.284 2.692 3.340 3.988 4.636 5.285 5.933 6.581 7.078 7.552 8.025 8.142 7.981 7.819 7.657 7.495 7.334 7.172
