includes/oleron/floodfiles/results/res-0007.wd
ncols         631
nrows         906
xllcorner     364927.146667
yllcorner     6531972.565556
cellsize      20.000000
NODATA_value  -9999.000000
[rows 68 to 101 of 906, columns 385 to 461 of 631]
3.877 3.932 3.986 4.041 4.096 4.151 4.195 4.228 4.260 4.293 4.325 4.358 4.390 4.423 4.462 4.528 4.593 4.659 4.724 4.790 4.855 4.921 4.986 5.052 5.122 5.208 5.293 5.378 5.463 5.549 5.634 5.719 5.834 5.969 6.104 6.240 6.375 6.510 6.646 6.787 6.929 7.072 7.214 7.356 7.499 7.641 7.783 7.926 8.068 8.270 8.597 8.925 9.243 9.472 9.700 9.929 10.158 10.387 10.616 10.845 11.084 11.333 11.582 11.831 12.081 12.330 12.574 12.804 13.036 13.266 13.439 13.586 13.734 13.881 14.028 14.175 14.323
3.895 3.950 4.004 4.059 4.114 4.162 4.195 4.227 4.259 4.292 4.324 4.357 4.389 4.422 4.455 4.508 4.574 4.639 4.705 4.771 4.836 4.902 4.967 5.033 5.113 5.198 5.283 5.368 5.454 5.539 5.624 5.710 5.795 5.917 6.052 6.187 6.322 6.458 6.595 6.737 6.879 7.022 7.164 7.306 7.449 7.591 7.733 7.876 8.018 8.160 8.366 8.694 8.988 9.217 9.446 9.675 9.904 10.145 10.394 10.643 10.892 11.142 11.391 11.640 11.890 12.139 12.380 12.611 12.842 13.073 13.303 13.527 13.675 13.822 13.969 14.116 14.264
3.913 3.968 4.022 4.077 4.129 4.161 4.194 4.226 4.259 4.291 4.323 4.356 4.389 4.421 4.454 4.489 4.555 4.620 4.686 4.751 4.817 4.882 4.948 5.017 5.103 5.188 5.273 5.359 5.444 5.529 5.614 5.700 5.785 5.870 5.999 6.134 6.270 6.405 6.545 6.687 6.829 6.972 7.114 7.256 7.399 7.541 7.683 7.826 7.968 8.110 8.253 8.462 8.733 8.962 9.205 9.455 9.704 9.953 10.202 10.452 10.701 10.950 11.199 11.449 11.698 11.947 12.187 12.417 12.649 12.879 13.110 13.340 13.572 13.764 13.910 14.058 14.205
3.931 3.986 4.040 4.095 4.128 4.160 4.193 4.225 4.258 4.290 4.323 4.355 4.388 4.420 4.453 4.485 4.535 4.601 4.666 4.732 4.797 4.863 4.929 5.008 5.093 5.178 5.264 5.349 5.434 5.519 5.605 5.690 5.775 5.861 5.947 6.082 6.217 6.353 6.495 6.637 6.779 6.922 7.064 7.206 7.349 7.491 7.634 7.776 7.918 8.061 8.198 8.333 8.516 8.765 9.014 9.263 9.513 9.762 10.011 10.260 10.510 10.759 11.008 11.257 11.507 11.756 11.993 12.224 12.455 12.686 12.917 13.148 13.379 13.609 13.840 14.000 14.147
3.949 4.004 4.059 4.095 4.127 4.160 4.192 4.224 4.257 4.289 4.322 4.354 4.387 4.419 4.452 4.485 4.517 4.581 4.647 4.713 4.778 4.844 4.913 4.998 5.083 5.168 5.254 5.339 5.424 5.510 5.595 5.680 5.766 5.851 5.936 6.029 6.165 6.303 6.445 6.587 6.730 6.872 7.014 7.157 7.298 7.433 7.568 7.704 7.839 7.974 8.109 8.246 8.391 8.573 8.823 9.072 9.321 9.571 9.820 10.069 10.318 10.568 10.817 11.066 11.315 11.565 11.800 12.031 12.262 12.493 12.723 12.955 13.185 13.416 13.646 13.878 14.088
3.967 4.022 4.062 4.094 4.126 4.159 4.191 4.223 4.256 4.288 4.321 4.353 4.386 4.419 4.451 4.484 4.516 4.562 4.628 4.693 4.759 4.824 4.903 4.988 5.073 5.159 5.244 5.329 5.415 5.500 5.585 5.671 5.756 5.841 5.926 6.012 6.112 6.253 6.395 6.533 6.668 6.803 6.938 7.074 7.209 7.344 7.479 7.614 7.749 7.885 8.020 8.161 8.306 8.451 8.631 8.881 9.130 9.379 9.629 9.878 10.127 10.376 10.626 10.875 11.124 11.373 11.607 11.838 12.069 12.299 12.530 12.761 12.992 13.222 13.453 13.684 13.915
3.985 4.028 4.061 4.093 4.125 4.158 4.190 4.222 4.255 4.287 4.320 4.352 4.385 4.418 4.450 4.483 4.516 4.548 4.608 4.674 4.740 4.808 4.893 4.978 5.064 5.149 5.234 5.319 5.405 5.490 5.575 5.661 5.746 5.831 5.915 5.996 6.075 6.173 6.308 6.444 6.579 6.714 6.849 6.984 7.120 7.255 7.390 7.525 7.660 7.795 7.931 8.076 8.220 8.365 8.510 8.689 8.939 9.188 9.437 9.686 9.936 10.185 10.434 10.684 10.933 11.182 11.413 11.644 11.875 12.106 12.336 12.568 12.798 13.029 13.259 13.491 13.721
3.990 4.026 4.060 4.092 4.124 4.157 4.189 4.221 4.254 4.286 4.319 4.352 4.384 4.417 4.449 4.482 4.515 4.547 4.589 4.655 4.720 4.798 4.883 4.968 5.054 5.139 5.224 5.310 5.395 5.480 5.564 5.644 5.725 5.805 5.886 5.966 6.043 6.114 6.219 6.355 6.490 6.625 6.760 6.895 7.030 7.166 7.301 7.436 7.571 7.706 7.845 7.990 8.135 8.280 8.425 8.570 8.747 8.997 9.246 9.495 9.744 9.994 10.243 10.492 10.742 10.989 11.220 11.451 11.682 11.912 12.143 12.374 12.605 12.835 13.066 13.297 13.528
3.958 3.997 4.033 4.070 4.106 4.142 4.179 4.215 4.252 4.285 4.318 4.351 4.383 4.416 4.449 4.481 4.514 4.547 4.579 4.635 4.702 4.788 4.873 4.958 5.044 5.129 5.212 5.293 5.373 5.454 5.534 5.615 5.695 5.776 5.856 5.936 6.010 6.081 6.153 6.265 6.401 6.536 6.671 6.806 6.941 7.076 7.211 7.347 7.482 7.617 7.760 7.905 8.050 8.194 8.339 8.484 8.629 8.805 9.055 9.304 9.553 9.802 10.052 10.301 10.550 10.796 11.027 11.257 11.488 11.719 11.949 12.181 12.411 12.642 12.874 13.104 13.349
3.925 3.968 4.004 4.040 4.077 4.113 4.150 4.186 4.223 4.259 4.296 4.333 4.369 4.406 4.443 4.480 4.513 4.546 4.578 4.616 4.693 4.778 4.861 4.941 5.022 5.102 5.183 5.263 5.344 5.424 5.505 5.585 5.666 5.746 5.826 5.907 5.978 6.049 6.120 6.191 6.311 6.446 6.582 6.717 6.852 6.987 7.122 7.257 7.393 7.529 7.674 7.819 7.964 8.109 8.254 8.399 8.544 8.689 8.863 9.113 9.362 9.611 9.860 10.110 10.359 10.602 10.833 11.064 11.295 11.526 11.757 11.988 12.218 12.449 12.680 12.951 13.222
3.893 3.938 3.975 4.011 4.047 4.084 4.120 4.157 4.193 4.230 4.267 4.303 4.340 4.377 4.414 4.450 4.487 4.524 4.560 4.603 4.670 4.751 4.831 4.911 4.992 5.072 5.153 5.233 5.314 5.394 5.475 5.555 5.636 5.716 5.797 5.874 5.945 6.017 6.088 6.159 6.230 6.357 6.492 6.628 6.763 6.898 7.033 7.168 7.303 7.444 7.589 7.734 7.879 8.024 8.169 8.314 8.459 8.604 8.749 8.921 9.170 9.420 9.669 9.918 10.168 10.409 10.640 10.871 11.101 11.332 11.563 11.794 12.025 12.281 12.553 12.824 13.095
3.860 3.905 3.945 3.982 4.018 4.054 4.091 4.128 4.164 4.201 4.237 4.274 4.311 4.348 4.384 4.421 4.458 4.495 4.537 4.596 4.660 4.728 4.801 4.882 4.962 5.043 5.123 5.204 5.284 5.365 5.445 5.526 5.606 5.687 5.767 5.842 5.913 5.984 6.056 6.127 6.198 6.269 6.403 6.538 6.674 6.809 6.944 7.079 7.214 7.358 7.503 7.648 7.793 7.938 8.083 8.228 8.373 8.518 8.663 8.808 8.979 9.229 9.478 9.727 9.976 10.215 10.446 10.677 10.908 11.139 11.370 11.611 11.882 12.154 12.426 12.697 12.968
3.827 3.872 3.916 3.952 3.989 4.025 4.062 4.098 4.135 4.171 4.208 4.245 4.282 4.318 4.355 4.392 4.429 4.471 4.530 4.589 4.651 4.719 4.787 4.856 4.933 5.013 5.094 5.174 5.255 5.335 5.416 5.496 5.577 5.657 5.738 5.809 5.881 5.952 6.023 6.094 6.166 6.237 6.314 6.449 6.584 6.719 6.855 6.990 7.128 7.273 7.418 7.563 7.708 7.853 7.998 8.143 8.288 8.433 8.578 8.723 8.868 9.037 9.287 9.536 9.785 10.022 10.253 10.484 10.715 10.945 11.213 11.484 11.756 12.027 12.299 12.570 12.841
3.794 3.839 3.884 3.923 3.959 3.996 4.032 4.069 4.106 4.142 4.179 4.216 4.252 4.289 4.326 4.363 4.405 4.464 4.523 4.582 4.642 4.710 4.778 4.847 4.915 4.983 5.064 5.144 5.225 5.305 5.386 5.467 5.547 5.627 5.706 5.777 5.848 5.920 5.991 6.062 6.133 6.204 6.276 6.360 6.495 6.630 6.765 6.901 7.042 7.187 7.332 7.477 7.622 7.767 7.912 8.057 8.202 8.347 8.492 8.637 8.782 8.927 9.095 9.344 9.594 9.829 10.059 10.290 10.543 10.814 11.086 11.357 11.629 11.900 12.172 12.443 12.714
3.762 3.807 3.852 3.894 3.930 3.967 4.003 4.040 4.076 4.113 4.150 4.186 4.223 4.260 4.297 4.339 4.398 4.457 4.516 4.575 4.634 4.701 4.769 4.838 4.906 4.974 5.043 5.115 5.195 5.276 5.356 5.437 5.517 5.598 5.673 5.745 5.816 5.887 5.958 6.030 6.101 6.172 6.243 6.314 6.406 6.541 6.676 6.812 6.957 7.102 7.247 7.392 7.537 7.682 7.827 7.972 8.117 8.262 8.407 8.552 8.697 8.842 8.987 9.153 9.402 9.635 9.873 10.144 10.416 10.687 10.959 11.230 11.502 11.773 12.045 12.316 12.587
3.729 3.774 3.819 3.864 3.901 3.937 3.974 4.010 4.047 4.084 4.120 4.157 4.194 4.231 4.273 4.332 4.391 4.450 4.509 4.568 4.627 4.692 4.760 4.829 4.897 4.965 5.034 5.102 5.170 5.246 5.327 5.407 5.488 5.568 5.641 5.712 5.783 5.855 5.926 5.997 6.068 6.140 6.211 6.282 6.353 6.452 6.587 6.726 6.871 7.016 7.161 7.306 7.451 7.596 7.741 7.886 8.031 8.176 8.321 8.467 8.611 8.756 8.901 9.046 9.211 9.474 9.745 10.017 10.289 10.560 10.832 11.103 11.375 11.646 11.918 12.189 12.461
3.696 3.741 3.786 3.831 3.871 3.908 3.944 3.981 4.018 4.054 4.091 4.128 4.165 4.207 4.266 4.325 4.384 4.443 4.502 4.561 4.620 4.683 4.751 4.820 4.888 4.957 5.025 5.093 5.161 5.230 5.298 5.377 5.458 5.537 5.608 5.680 5.751 5.822 5.893 5.965 6.036 6.107 6.178 6.250 6.321 6.392 6.498 6.641 6.786 6.931 7.076 7.221 7.366 7.511 7.655 7.800 7.944 8.089 8.233 8.378 8.522 8.667 8.811 8.956 9.079 9.318 9.608 9.890 10.161 10.433 10.704 10.976 11.247 11.519 11.790 12.062 12.334
3.663 3.708 3.754 3.799 3.842 3.879 3.915 3.952 3.988 4.025 4.062 4.099 4.141 4.200 4.259 4.318 4.377 4.436 4.495 4.554 4.613 4.674 4.742 4.811 4.879 4.948 5.016 5.084 5.153 5.221 5.289 5.358 5.428 5.505 5.576 5.647 5.719 5.790 5.861 5.932 6.003 6.074 6.145 6.216 6.287 6.358 6.427 6.552 6.696 6.841 6.985 7.130 7.274 7.419 7.563 7.708 7.852 7.997 8.141 8.285 8.430 8.574 8.719 8.854 8.963 9.135 9.425 9.715 10.005 10.295 10.577 10.849 11.121 11.392 11.663 11.935 12.207
3.631 3.676 3.721 3.766 3.811 3.849 3.886 3.923 3.959 3.996 4.033 4.075 4.134 4.193 4.252 4.311 4.370 4.429 4.488 4.547 4.606 4.665 4.733 4.802 4.870 4.939 5.007 5.075 5.144 5.212 5.280 5.349 5.413 5.470 5.541 5.612 5.683 5.754 5.825 5.896 5.967 6.038 6.109 6.180 6.251 6.322 6.384 6.459 6.604 6.748 6.893 7.037 7.182 7.326 7.471 7.615 7.760 7.904 8.048 8.193 8.337 8.482 8.626 8.738 8.848 8.957 9.241 9.531 9.822 10.112 10.402 10.692 10.983 11.265 11.536 11.808 12.080
3.598 3.643 3.688 3.733 3.778 3.820 3.857 3.893 3.930 3.967 4.009 4.068 4.127 4.186 4.245 4.304 4.363 4.422 4.481 4.540 4.599 4.658 4.724 4.793 4.861 4.930 4.998 5.066 5.135 5.203 5.271 5.334 5.386 5.438 5.504 5.575 5.646 5.717 5.788 5.859 5.930 6.002 6.073 6.144 6.215 6.280 6.341 6.402 6.511 6.656 6.800 6.945 7.089 7.234 7.378 7.523 7.667 7.812 7.956 8.100 8.245 8.390 8.513 8.623 8.732 8.842 9.058 9.348 9.638 9.928 10.219 10.509 10.799 11.089 11.379 11.670 11.953
3.565 3.610 3.655 3.701 3.746 3.791 3.827 3.864 3.901 3.943 4.002 4.061 4.120 4.179 4.238 4.297 4.356 4.415 4.474 4.533 4.592 4.651 4.715 4.784 4.852 4.921 4.989 5.057 5.126 5.194 5.256 5.307 5.359 5.411 5.468 5.539 5.610 5.681 5.752 5.823 5.894 5.965 6.036 6.107 6.177 6.238 6.299 6.360 6.421 6.563 6.708 6.852 6.997 7.141 7.286 7.430 7.575 7.719 7.864 8.008 8.153 8.288 8.397 8.507 8.617 8.726 8.874 9.164 9.455 9.745 10.035 10.325 10.615 10.906 11.196 11.486 11.776
3.532 3.577 3.623 3.668 3.713 3.758 3.798 3.835 3.877 3.936 3.995 4.054 4.113 4.172 4.231 4.290 4.349 4.408 4.467 4.526 4.585 4.644 4.706 4.775 4.843 4.912 4.980 5.048 5.117 5.177 5.229 5.281 5.332 5.384 5.436 5.502 5.573 5.644 5.716 5.787 5.858 5.929 6.000 6.071 6.134 6.195 6.256 6.317 6.378 6.471 6.615 6.760 6.904 7.049 7.193 7.338 7.482 7.627 7.771 7.916 8.060 8.172 8.282 8.391 8.501 8.611 8.720 8.981 9.271 9.561 9.852 10.142 10.432 10.722 11.012 11.302 11.593
3.500 3.545 3.590 3.635 3.680 3.726 3.769 3.811 3.870 3.929 3.988 4.047 4.106 4.165 4.224 4.283 4.342 4.401 4.460 4.519 4.578 4.637 4.697 4.766 4.834 4.903 4.971 5.039 5.099 5.150 5.202 5.254 5.305 5.357 5.409 5.466 5.537 5.608 5.679 5.750 5.821 5.892 5.963 6.030 6.091 6.152 6.213 6.274 6.336 6.397 6.523 6.667 6.812 6.956 7.101 7.245 7.390 7.534 7.679 7.823 7.947 8.056 8.166 8.276 8.385 8.495 8.605 8.797 9.088 9.378 9.668 9.958 10.248 10.539 10.829 11.119 11.409
3.468 3.513 3.558 3.603 3.648 3.693 3.743 3.804 3.863 3.922 3.981 4.040 4.099 4.158 4.217 4.276 4.335 4.394 4.453 4.512 4.571 4.630 4.689 4.757 4.825 4.894 4.962 5.020 5.072 5.123 5.175 5.227 5.278 5.330 5.382 5.434 5.500 5.572 5.643 5.714 5.785 5.856 5.927 5.988 6.049 6.110 6.171 6.232 6.293 6.354 6.430 6.575 6.719 6.864 7.008 7.153 7.297 7.442 7.586 7.721 7.831 7.941 8.050 8.160 8.270 8.379 8.489 8.614 8.904 9.194 9.485 9.775 10.065 10.355 10.645 10.935 11.226
3.436 3.481 3.526 3.571 3.616 3.663 3.728 3.791 3.851 3.911 3.972 4.032 4.092 4.151 4.210 4.269 4.328 4.387 4.446 4.505 4.564 4.623 4.682 4.748 4.816 4.885 4.941 4.993 5.045 5.096 5.148 5.200 5.251 5.303 5.355 5.407 5.464 5.535 5.606 5.677 5.748 5.819 5.884 5.945 6.006 6.067 6.128 6.189 6.250 6.311 6.372 6.482 6.627 6.771 6.916 7.060 7.205 7.349 7.494 7.606 7.716 7.825 7.935 8.045 8.154 8.264 8.373 8.483 8.720 9.011 9.301 9.591 9.881 10.171 10.462 10.752 11.042
3.404 3.449 3.494 3.539 3.585 3.649 3.714 3.779 3.839 3.899 3.959 4.019 4.080 4.140 4.200 4.260 4.320 4.380 4.439 4.498 4.557 4.616 4.675 4.739 4.807 4.863 4.914 4.966 5.018 5.069 5.121 5.173 5.225 5.276 5.328 5.380 5.431 5.499 5.570 5.641 5.712 5.780 5.841 5.902 5.963 6.024 6.085 6.146 6.208 6.269 6.330 6.391 6.534 6.679 6.823 6.968 7.112 7.257 7.381 7.490 7.600 7.710 7.819 7.929 8.039 8.148 8.258 8.367 8.537 8.827 9.117 9.408 9.698 9.988 10.278 10.568 10.859
3.372 3.417 3.462 3.507 3.569 3.634 3.700 3.765 3.827 3.887 3.947 4.007 4.067 4.127 4.188 4.248 4.308 4.368 4.428 4.488 4.548 4.609 4.668 4.730 4.784 4.836 4.887 4.939 4.991 5.043 5.094 5.146 5.198 5.249 5.301 5.353 5.404 5.462 5.533 5.605 5.676 5.737 5.798 5.859 5.921 5.982 6.043 6.104 6.165 6.226 6.287 6.348 6.442 6.586 6.731 6.875 7.020 7.155 7.265 7.375 7.484 7.594 7.704 7.813 7.923 8.033 8.142 8.252 8.362 8.644 8.934 9.224 9.514 9.805 10.095 10.385 10.675
3.340 3.385 3.430 3.490 3.555 3.620 3.685 3.750 3.814 3.875 3.935 3.995 4.055 4.115 4.175 4.235 4.296 4.356 4.416 4.476 4.536 4.596 4.657 4.700 4.752 4.806 4.859 4.912 4.964 5.016 5.067 5.119 5.171 5.222 5.274 5.326 5.378 5.429 5.497 5.568 5.634 5.695 5.756 5.817 5.878 5.939 6.000 6.061 6.122 6.183 6.244 6.305 6.366 6.494 6.638 6.783 6.928 7.040 7.149 7.259 7.369 7.478 7.588 7.698 7.807 7.917 8.027 8.136 8.246 8.460 8.750 9.040 9.331 9.621 9.911 10.201 10.492
3.309 3.354 3.410 3.475 3.540 3.606 3.671 3.736 3.801 3.862 3.922 3.982 4.043 4.103 4.163 4.223 4.283 4.343 4.403 4.464 4.524 4.584 4.630 4.669 4.715 4.768 4.822 4.876 4.929 4.983 5.036 5.090 5.143 5.196 5.247 5.299 5.351 5.402 5.461 5.530 5.591 5.652 5.713 5.774 5.835 5.896 5.957 6.018 6.080 6.141 6.202 6.263 6.324 6.401 6.546 6.691 6.814 6.924 7.034 7.143 7.253 7.363 7.473 7.582 7.692 7.801 7.911 8.021 8.130 8.276 8.567 8.857 9.147 9.437 9.728 10.019 10.310
3.277 3.330 3.396 3.461 3.526 3.591 3.656 3.722 3.787 3.850 3.910 3.970 4.030 4.091 4.151 4.211 4.271 4.331 4.391 4.451 4.512 4.560 4.599 4.638 4.678 4.731 4.785 4.838 4.892 4.945 4.999 5.052 5.106 5.160 5.213 5.267 5.320 5.374 5.427 5.487 5.548 5.609 5.670 5.731 5.793 5.854 5.915 5.976 6.037 6.098 6.159 6.220 6.281 6.342 6.454 6.589 6.699 6.808 6.918 7.028 7.138 7.247 7.357 7.467 7.576 7.686 7.795 7.905 8.015 8.124 8.383 8.673 8.964 9.254 9.545 9.836 10.127
3.251 3.316 3.381 3.446 3.511 3.577 3.642 3.707 3.773 3.837 3.898 3.958 4.018 4.078 4.138 4.198 4.259 4.319 4.379 4.439 4.490 4.529 4.568 4.607 4.645 4.694 4.748 4.801 4.855 4.908 4.962 5.015 5.069 5.122 5.176 5.229 5.283 5.337 5.388 5.441 5.503 5.564 5.625 5.686 5.748 5.809 5.870 5.932 5.993 6.054 6.116 6.177 6.238 6.300 6.361 6.473 6.583 6.693 6.802 6.912 7.022 7.132 7.241 7.351 7.461 7.570 7.680 7.789 7.899 8.009 8.200 8.490 8.780 9.071 9.362 9.653 9.945
3.236 3.302 3.367 3.432 3.497 3.562 3.628 3.693 3.758 3.823 3.885 3.946 4.006 4.066 4.126 4.186 4.246 4.306 4.367 4.421 4.459 4.498 4.537 4.576 4.614 4.657 4.710 4.764 4.817 4.871 4.925 4.978 5.032 5.085 5.139 5.192 5.246 5.298 5.347 5.397 5.456 5.518 5.579 5.640 5.702 5.763 5.824 5.886 5.947 6.008 6.070 6.131 6.192 6.254 6.309 6.389 6.494 6.599 6.704 6.809 6.914 7.018 7.126 7.235 7.345 7.455 7.564 7.674 7.783 7.893 8.016 8.306 8.597 8.888 9.180 9.471 9.762
3.222 3.287 3.352 3.417 3.483 3.548 3.613 3.678 3.744 3.809 3.873 3.933 3.993 4.053 4.114 4.174 4.234 4.294 4.351 4.389 4.428 4.467 4.506 4.545 4.583 4.622 4.673 4.727 4.780 4.834 4.887 4.941 4.995 5.048 5.102 5.155 5.208 5.257 5.307 5.356 5.410 5.472 5.533 5.594 5.656 5.717 5.778 5.840 5.901 5.962 6.024 6.085 6.146 6.204 6.257 6.312 6.417 6.522 6.627 6.732 6.836 6.941 7.046 7.151 7.256 7.360 7.465 7.570 7.675 7.780 7.887 8.123 8.414 8.706 8.997 9.288 9.579
3.208 3.273 3.338 3.403 3.468 3.533 3.599 3.664 3.729 3.795 3.860 3.921 3.981 4.041 4.101 4.161 4.222 4.281 4.320 4.358 4.397 4.436 4.475 4.514 4.552 4.591 4.636 4.690 4.743 4.797 4.850 4.904 4.957 5.011 5.065 5.118 5.168 5.217 5.267 5.316 5.365 5.426 5.487 5.548 5.610 5.671 5.732 5.794 5.855 5.916 5.978 6.039 6.100 6.152 6.204 6.256 6.340 6.445 6.550 6.655 6.759 6.864 6.969 7.074 7.179 7.283 7.388 7.493 7.598 7.703 7.808 7.967 8.251 8.534 8.818 9.106 9.397
