includes/oleron/floodfiles/results/res-0004.wd
ncols         631
nrows         906
xllcorner     364927.146667
yllcorner     6531972.565556
cellsize      20.000000
NODATA_value  -9999.000000
[rows 340 to 373 of 906, columns 385 to 461 of 631]
0.000 0.000 0.000 0.000 0.000 0.000 0.000 0.000 0.000 0.000 0.000 0.000 0.000 0.000 0.000 0.000 0.000 0.272 0.272 2.189 2.409 2.489 2.739 2.669 2.749 2.889 2.869 2.970 3.070 3.020 3.060 3.110 3.160 3.270 3.240 3.210 3.230 3.240 3.270 3.390 3.350 3.240 3.421 3.401 3.441 3.461 3.462 3.562 3.582 3.403 3.533 3.693 3.584 3.594 3.585 3.785 3.755 3.786 3.836 3.796 3.767 3.717 3.897 3.868 4.207 3.958 3.918 4.240 3.819 4.262 4.273 4.284 3.800 4.303 4.307 3.900 3.961
0.000 0.000 0.000 0.000 0.000 0.000 0.000 0.000 0.000 0.000 0.000 0.000 0.000 0.000 0.000 0.000 0.000 0.000 0.271 0.271 1.859 2.349 2.599 2.389 2.549 2.759 2.849 2.949 2.929 3.000 3.090 3.020 3.090 3.050 3.220 3.270 3.210 3.270 3.320 3.210 3.240 3.290 3.451 3.371 3.341 3.391 3.392 3.492 3.632 3.603 3.603 3.583 3.584 3.864 3.724 3.725 3.835 3.795 3.866 3.816 3.847 3.827 3.917 3.858 4.184 3.918 3.938 3.919 3.809 4.244 3.729 3.799 3.890 3.880 3.980 4.291 3.871
0.000 0.000 0.000 0.000 0.000 0.000 0.000 0.000 0.000 0.000 0.000 0.000 0.000 0.000 0.000 0.000 0.000 0.000 0.000 0.271 0.271 2.289 2.599 2.559 2.679 2.709 2.899 2.949 2.949 2.939 3.050 3.010 3.210 2.990 3.070 3.150 3.150 3.200 3.150 3.270 3.280 3.280 3.301 3.271 3.481 3.451 3.492 3.452 3.472 3.513 3.523 3.603 3.574 3.634 3.644 3.715 3.595 3.625 3.706 3.676 3.797 3.947 3.767 3.847 3.818 3.878 3.828 3.849 4.214 3.799 3.779 3.849 3.819 3.900 4.265 4.269 3.841
0.000 0.000 0.000 0.000 0.000 0.000 0.000 0.000 0.000 0.000 0.000 0.000 0.000 0.000 0.000 0.000 0.000 0.000 0.000 0.000 0.271 0.271 2.519 2.489 2.569 2.809 2.749 2.909 2.819 3.019 2.959 2.960 3.030 3.100 3.030 3.160 3.090 3.210 3.180 3.340 3.210 3.340 3.251 3.291 3.301 3.611 3.361 3.362 3.572 3.512 3.443 3.603 3.593 3.504 3.604 3.635 3.605 3.635 3.686 3.816 3.796 3.867 3.897 3.857 3.778 3.838 4.172 4.185 3.899 3.749 3.839 3.749 3.739 3.830 3.730 3.760 3.880
0.000 0.000 0.000 0.000 0.000 0.000 0.000 0.000 0.000 0.000 0.000 0.000 0.000 0.000 0.000 0.000 0.000 0.000 0.000 0.000 0.000 0.271 0.271 2.679 2.599 2.669 2.749 2.939 2.889 2.899 2.909 2.969 3.070 2.930 3.070 3.080 3.110 3.220 3.190 3.230 3.210 3.250 3.231 3.331 3.201 3.451 3.521 3.402 3.562 3.472 3.543 3.443 3.553 3.614 3.564 3.585 3.635 3.685 3.846 3.796 3.806 3.887 3.817 3.767 4.111 4.129 4.148 3.748 3.909 3.819 3.799 3.699 4.213 3.580 3.740 3.860 3.910
0.000 0.000 0.000 0.000 0.000 0.000 0.000 0.000 0.000 0.000 0.000 0.000 0.000 0.000 0.000 0.000 0.000 0.000 0.000 0.000 0.000 0.000 0.271 2.169 2.669 2.759 2.739 2.749 2.839 2.899 3.019 2.909 2.939 2.960 3.080 2.990 3.080 3.040 3.100 3.130 3.140 3.120 3.381 3.141 3.301 3.301 3.411 3.422 3.392 3.482 3.503 3.563 3.573 3.534 3.464 3.684 3.695 3.715 3.586 3.636 3.776 3.787 3.847 3.697 4.086 3.748 3.608 3.908 3.778 3.749 3.839 3.919 3.669 3.729 3.720 3.830 3.940
0.000 0.000 0.000 0.000 0.000 0.000 0.000 0.000 0.000 0.000 0.000 0.000 0.000 0.000 0.000 0.000 0.000 0.000 0.000 0.000 0.000 0.000 0.271 0.271 2.379 2.659 2.669 2.719 2.709 2.749 2.959 2.959 2.819 2.940 2.880 3.050 3.070 3.090 3.070 3.180 3.130 3.110 3.191 3.221 3.211 3.261 3.391 3.302 3.382 3.462 3.543 3.493 3.603 3.614 3.604 3.634 3.555 3.605 3.675 3.566 3.666 3.587 3.747 4.043 4.062 3.728 3.728 3.788 3.728 3.658 3.749 3.679 3.969 3.729 3.760 3.740 3.800
0.000 0.000 0.000 0.000 0.000 0.000 0.000 0.000 0.000 0.000 0.000 0.000 0.000 0.000 0.000 0.000 0.000 0.000 0.000 0.000 0.000 0.000 0.000 0.271 0.271 2.509 2.619 2.759 2.649 2.769 2.949 2.909 2.879 2.890 2.920 3.010 3.020 2.960 3.090 3.110 3.180 3.200 3.171 3.201 3.161 3.211 3.441 3.422 3.242 3.402 3.413 3.433 3.403 3.654 3.524 3.604 3.615 3.525 3.635 3.626 3.706 3.706 3.577 4.019 3.547 3.748 3.778 3.818 3.768 3.728 3.799 4.143 3.589 3.719 3.729 3.660 3.700
0.000 0.000 0.000 0.000 0.000 0.000 0.000 0.000 0.000 0.000 0.000 0.000 0.000 0.000 0.000 0.000 0.000 0.000 0.000 0.000 0.000 0.000 0.000 0.000 0.271 0.271 2.339 2.709 2.699 2.779 2.859 2.859 2.949 2.919 2.900 3.080 2.930 2.960 3.010 3.080 3.030 3.200 3.141 3.201 3.201 3.191 3.301 3.342 3.342 3.312 3.392 3.433 3.483 3.463 3.574 3.464 3.595 3.525 3.785 3.921 3.940 3.959 3.978 3.687 3.817 3.737 3.728 3.908 3.838 3.688 3.649 3.639 3.539 3.739 3.769 3.720 3.690
0.000 0.000 0.000 0.000 0.000 0.000 0.000 0.000 0.000 0.000 0.000 0.000 0.000 0.000 0.000 0.000 0.000 0.000 0.000 0.000 0.000 0.000 0.000 0.000 0.000 0.271 0.271 2.519 2.819 2.739 2.699 2.779 2.969 2.869 2.960 2.800 3.010 3.030 2.970 3.060 3.070 3.060 3.200 3.171 3.241 3.211 3.181 3.372 3.302 3.372 3.382 3.443 3.353 3.413 3.524 3.644 3.564 3.555 3.881 3.886 3.676 3.456 3.447 3.687 3.647 3.747 3.778 3.778 3.728 3.668 3.668 3.629 3.599 3.629 3.659 3.669 4.114
0.000 0.000 0.000 0.000 0.000 0.000 0.000 0.000 0.000 0.000 0.000 0.000 0.000 0.000 0.000 0.000 0.000 0.000 0.000 0.000 0.000 0.000 0.000 0.000 0.000 0.000 0.271 0.271 2.469 2.669 2.749 2.849 2.879 2.849 2.880 2.810 2.940 2.890 2.990 3.010 2.980 3.150 3.080 3.101 3.181 3.251 3.211 3.191 3.312 3.352 3.322 3.373 3.463 3.403 3.474 3.504 3.384 3.615 3.859 3.535 3.606 3.706 3.516 3.597 3.667 3.617 3.677 3.638 3.658 3.718 3.648 4.066 3.719 3.699 3.569 3.639 3.590
0.000 0.000 0.000 0.000 0.000 0.000 0.000 0.000 0.000 0.000 0.000 0.000 0.000 0.000 0.000 0.000 0.000 0.000 0.000 0.000 0.000 0.000 0.000 0.000 0.000 0.000 0.000 0.271 0.271 2.749 2.739 2.889 2.779 2.959 2.850 2.760 2.920 2.910 2.910 2.980 2.990 2.910 3.190 3.111 3.241 3.131 3.171 3.201 3.392 3.422 3.322 3.333 3.363 3.433 3.354 3.464 3.404 3.625 3.838 3.545 3.356 3.506 3.716 3.587 3.677 3.727 3.637 3.617 3.578 3.618 3.698 4.039 3.689 3.629 3.589 3.499 3.659
0.000 0.000 0.000 0.000 0.000 0.000 0.000 0.000 0.000 0.000 0.000 0.000 0.000 0.000 0.000 0.000 0.000 0.000 0.000 0.000 0.000 0.000 0.000 0.000 0.000 0.000 0.000 0.000 0.271 0.272 2.599 2.839 2.909 2.829 3.039 2.850 2.870 2.880 2.960 2.980 3.050 2.990 3.140 3.251 3.141 3.211 3.211 3.181 3.342 3.282 3.402 3.353 3.273 3.373 3.344 3.334 3.424 3.945 3.885 3.455 3.465 3.536 3.576 3.576 3.597 3.677 3.587 3.667 3.648 3.618 3.588 3.628 3.759 3.709 3.679 3.549 3.589
0.000 0.000 0.000 0.000 0.000 0.000 0.000 0.000 0.000 0.000 0.000 0.000 0.000 0.000 0.000 0.000 0.000 0.000 0.000 0.000 0.000 0.000 0.000 0.000 0.000 0.000 0.000 0.000 0.000 0.272 0.272 2.739 2.889 2.809 2.929 2.880 2.930 2.950 3.010 2.960 3.000 3.090 3.080 3.081 3.261 3.231 3.201 3.221 3.442 3.382 3.362 3.412 3.463 3.686 3.720 3.739 3.758 3.905 3.595 3.535 3.465 3.506 3.516 3.616 3.517 3.797 3.607 3.627 3.488 3.438 3.508 3.618 3.678 3.699 3.719 3.559 3.659
0.000 0.000 0.000 0.000 0.000 0.000 0.000 0.000 0.000 0.000 0.000 0.000 0.000 0.000 0.000 0.000 0.000 0.000 0.000 0.000 0.000 0.000 0.000 0.000 0.000 0.000 0.000 0.000 0.000 0.000 0.272 2.559 2.819 2.859 2.810 2.910 2.920 2.910 2.900 2.980 3.010 3.050 3.160 3.141 3.151 3.211 3.301 3.281 3.302 3.492 3.422 3.592 3.552 3.433 3.423 3.344 3.424 3.364 3.515 3.575 3.655 3.576 3.566 3.586 3.686 3.517 3.547 3.557 3.508 3.498 3.448 3.628 3.628 3.669 3.719 3.579 3.529
0.000 0.000 0.000 0.000 0.000 0.000 0.000 0.000 0.000 0.000 0.000 0.000 0.000 0.000 0.000 0.000 0.000 0.000 0.000 0.000 0.000 0.000 0.000 0.000 0.000 0.000 0.000 0.000 0.000 0.000 0.272 0.272 2.689 2.709 2.910 2.900 2.940 3.040 2.890 2.890 2.970 2.980 3.040 3.181 3.111 3.201 3.361 3.211 3.372 3.442 3.349 3.417 3.343 3.123 3.253 3.204 3.394 3.324 3.455 3.455 3.525 3.505 3.546 3.446 3.546 3.567 3.607 3.908 3.507 3.508 3.628 3.558 3.668 3.589 3.659 3.669 3.619
0.000 0.000 0.000 0.000 0.000 0.000 0.000 0.000 0.000 0.000 0.000 0.000 0.000 0.000 0.000 0.000 0.000 0.000 0.000 0.000 0.000 0.000 0.000 0.000 0.000 0.000 0.000 0.000 0.000 0.000 0.000 0.272 0.272 2.719 2.749 2.950 2.960 3.020 3.080 2.960 3.040 3.040 3.111 3.071 3.231 3.251 3.301 3.077 3.146 3.215 3.952 2.972 3.303 3.243 3.383 3.213 3.404 3.404 3.524 3.305 3.425 3.555 3.526 3.496 3.556 3.546 3.417 3.477 3.937 3.508 3.488 3.638 3.638 3.618 3.589 3.719 3.549
0.000 0.000 0.000 0.000 0.000 0.000 0.000 0.000 0.000 0.000 0.000 0.000 0.000 0.000 0.000 0.000 0.000 0.000 0.000 0.000 0.000 0.000 0.000 0.000 0.000 0.000 0.000 0.000 0.000 0.000 0.000 0.000 0.272 2.229 2.629 2.870 2.870 2.960 3.030 3.220 3.300 3.230 3.191 3.231 3.141 3.341 2.943 3.012 3.072 3.142 3.092 3.072 3.192 3.173 3.243 3.203 3.304 3.344 3.324 3.495 3.485 3.485 3.355 3.436 3.456 3.506 3.537 3.587 3.947 3.577 3.598 3.618 3.608 3.468 3.639 3.669 3.489
0.000 0.000 0.000 0.000 0.000 0.000 0.000 0.000 0.000 0.000 0.000 0.000 0.000 0.000 0.000 0.000 0.000 0.000 0.000 0.000 0.000 0.000 0.000 0.000 0.000 0.000 0.000 0.000 0.000 0.000 0.000 0.000 0.273 0.273 2.670 2.700 2.820 3.010 3.040 3.100 3.110 3.160 3.141 3.501 2.659 2.783 2.871 2.941 3.131 3.102 3.252 3.192 3.252 3.233 3.313 3.323 3.324 3.364 3.314 3.404 3.295 3.405 3.455 3.466 3.626 3.396 3.486 3.717 3.437 3.647 3.598 3.548 3.588 3.618 3.569 3.459 3.599
0.000 0.000 0.000 0.000 0.000 0.000 0.000 0.000 0.000 0.000 0.000 0.000 0.000 0.000 0.000 0.000 0.000 0.000 0.000 0.000 0.000 0.000 0.000 0.000 0.000 0.000 0.000 0.000 0.000 0.000 0.000 0.000 0.000 0.273 0.272 2.779 2.890 2.830 2.920 2.950 3.150 3.000 2.369 2.494 3.061 2.881 3.051 3.121 3.121 2.842 3.122 3.302 3.132 3.113 3.233 3.253 3.333 3.344 3.374 3.344 3.405 3.375 3.395 3.375 3.536 3.326 3.686 3.417 3.427 3.757 3.477 3.538 3.458 3.488 3.578 3.479 3.499
0.000 0.000 0.000 0.000 0.000 0.000 0.000 0.000 0.000 0.000 0.000 0.000 0.000 0.000 0.000 0.000 0.000 0.000 0.000 0.000 0.000 0.000 0.000 0.000 0.000 0.000 0.000 0.000 0.000 0.000 0.000 0.000 0.000 0.000 0.272 2.049 2.999 2.900 2.910 2.700 3.650 2.204 3.070 2.421 2.881 3.011 2.981 3.061 3.021 3.072 3.072 3.282 3.222 3.203 3.143 3.273 3.303 3.284 3.264 3.274 3.375 3.495 3.485 3.695 3.406 3.476 3.436 3.387 3.457 3.487 3.477 3.518 3.498 3.558 3.628 3.479 3.479
0.000 0.000 0.000 0.000 0.000 0.000 0.000 0.000 0.000 0.000 0.000 0.000 0.000 0.000 0.000 0.000 0.000 0.000 0.000 0.000 0.000 0.000 0.000 0.000 0.000 0.000 0.000 0.000 0.000 0.000 0.000 0.000 0.000 0.000 0.272 0.272 2.259 1.919 3.140 1.915 3.320 1.950 2.090 2.190 2.811 2.891 2.761 2.861 2.901 3.002 3.162 3.142 3.182 3.142 3.263 3.103 3.233 3.184 3.284 3.304 3.314 3.385 3.395 3.255 3.376 3.406 3.736 3.386 3.427 3.397 3.417 3.468 3.428 3.498 3.568 3.448 3.549
0.000 0.000 0.000 0.000 0.000 0.000 0.000 0.000 0.000 0.000 0.000 0.000 0.000 0.000 0.000 0.000 0.000 0.000 0.000 0.000 0.000 0.000 0.000 0.000 0.000 0.000 0.000 0.000 0.000 0.000 0.000 0.000 0.000 0.000 0.000 0.271 1.338 1.795 0.000 0.000 0.000 1.750 2.390 2.360 2.741 2.861 2.791 2.721 2.961 3.161 3.012 3.122 3.172 3.252 3.123 3.243 3.133 3.694 3.314 3.274 3.844 3.155 3.395 3.215 3.405 3.226 3.196 3.466 3.337 3.407 3.457 3.367 3.488 3.538 3.438 3.378 3.498
0.000 0.000 0.000 0.000 0.000 0.000 0.000 0.000 0.000 0.000 0.000 0.000 0.000 0.000 0.000 0.000 0.000 0.000 0.000 0.000 0.000 0.000 0.000 0.000 0.000 0.000 0.000 0.000 0.000 0.000 0.000 0.000 0.000 0.000 0.000 2.847 3.758 1.067 1.667 1.787 0.000 1.820 1.850 2.550 2.781 2.611 2.671 2.911 2.991 3.071 3.022 3.152 3.122 3.282 3.243 3.103 3.353 3.253 3.144 3.104 3.164 3.225 3.325 3.205 3.325 3.216 3.396 3.346 3.407 3.407 3.387 3.437 3.478 3.548 3.458 3.478 3.538
0.000 0.000 0.000 0.000 0.000 0.000 0.000 0.000 0.000 0.000 0.000 0.000 0.000 0.000 0.000 0.000 0.000 0.000 0.000 0.000 0.000 0.000 0.000 0.000 0.000 0.000 0.000 0.000 0.000 0.000 0.000 0.000 0.000 0.000 1.822 2.347 0.001 1.817 1.827 1.706 0.000 0.000 2.350 2.540 2.531 2.681 2.691 2.951 2.911 3.031 3.132 3.072 3.052 3.042 3.163 3.253 3.163 3.163 3.334 3.044 3.204 3.434 3.215 3.215 3.345 3.276 3.326 3.316 3.346 3.477 3.427 3.457 3.407 3.378 3.428 3.438 3.388
0.000 0.000 0.000 0.000 0.000 0.000 0.000 0.000 0.000 0.000 0.000 0.000 0.000 0.000 0.000 0.000 0.000 0.000 0.000 0.000 0.000 0.000 0.000 0.000 0.000 0.000 0.000 0.000 0.000 0.000 0.000 0.000 0.324 3.745 1.096 0.000 1.666 1.926 1.886 1.806 2.026 0.000 2.230 2.590 2.660 2.751 2.671 2.921 2.971 3.022 2.962 3.162 3.112 3.032 3.263 3.453 3.153 3.123 2.974 3.054 3.284 3.134 3.235 3.215 3.225 3.306 3.236 3.356 3.376 3.357 3.307 3.307 3.357 3.348 3.468 3.458 3.528
0.000 0.000 0.000 0.000 0.000 0.000 0.000 0.000 0.000 0.000 0.000 0.000 0.000 0.000 0.000 0.000 0.000 0.000 0.000 0.000 0.000 0.000 0.000 0.000 0.000 0.000 0.000 0.000 0.000 0.000 0.000 1.184 2.624 1.334 0.105 0.175 1.536 1.756 1.846 1.846 0.000 0.000 2.060 2.580 2.661 2.811 2.881 2.931 2.991 2.982 3.072 2.942 2.942 2.922 2.913 3.073 3.043 3.093 2.964 3.124 3.264 3.174 3.245 3.205 3.305 3.236 3.346 3.276 3.406 3.347 3.287 3.387 3.387 3.358 3.338 3.348 3.408
0.000 0.000 0.000 0.000 0.000 0.000 0.000 0.000 0.000 0.000 0.000 0.000 0.000 0.000 0.000 0.000 0.000 0.000 0.000 0.000 0.000 0.000 0.000 0.000 0.000 0.000 0.000 0.000 0.000 0.003 2.454 0.394 0.015 0.255 0.595 1.295 0.725 0.615 0.005 0.546 0.000 0.000 0.000 2.491 2.621 2.521 2.851 2.771 3.141 2.872 3.352 2.892 2.872 2.843 2.803 2.813 3.023 3.053 2.874 2.914 3.294 3.254 3.345 3.285 3.365 3.236 3.276 3.376 3.366 3.357 3.397 3.417 3.367 3.288 3.378 3.258 3.318
0.000 0.000 0.000 0.000 0.000 0.000 0.000 0.000 0.000 0.000 0.000 0.000 0.000 0.000 0.000 0.000 0.000 0.000 0.000 0.000 0.000 0.000 0.000 0.000 0.000 0.000 0.000 0.268 0.608 3.728 0.107 0.004 0.048 1.054 1.164 0.505 1.095 1.205 0.965 0.895 1.675 1.375 0.000 0.000 2.320 2.560 2.591 2.481 2.751 3.032 2.702 2.792 2.712 2.793 2.933 2.953 2.953 2.973 2.924 3.054 3.214 3.174 3.115 3.265 3.125 3.326 3.316 3.276 3.336 3.217 3.327 3.367 3.277 3.338 3.278 3.328 3.368
0.000 0.000 0.000 0.000 0.000 0.000 0.000 0.000 0.000 0.000 0.000 0.000 0.000 0.000 0.000 0.000 0.000 0.000 0.000 0.000 0.000 0.000 0.000 0.000 0.000 0.000 0.001 0.000 2.618 0.017 0.000 0.654 0.894 1.004 0.924 1.205 0.695 1.285 1.285 1.185 1.395 1.095 1.625 0.000 0.000 2.710 2.720 2.791 3.081 2.872 2.822 2.662 2.862 2.773 2.853 2.853 2.883 3.053 2.904 3.014 3.174 3.144 3.125 3.125 3.055 3.186 3.216 3.196 3.176 3.357 3.297 3.307 3.337 3.278 3.328 3.258 3.228
0.000 0.000 0.000 0.000 0.000 0.000 0.000 0.000 0.000 0.000 0.000 0.000 0.000 0.000 0.000 0.000 0.000 0.000 0.000 0.000 0.000 0.000 0.000 0.000 0.000 0.000 0.000 0.024 0.000 0.000 0.039 0.664 1.244 1.134 1.164 0.624 1.245 1.235 1.295 0.945 1.345 1.185 1.285 1.406 0.000 0.885 0.885 0.885 0.000 2.692 2.722 2.812 2.793 2.763 2.943 2.893 2.823 2.993 3.114 3.034 3.024 3.135 2.945 3.125 3.045 3.156 3.156 3.136 3.236 3.257 3.397 3.147 3.247 3.288 3.348 3.318 3.158
0.000 0.000 0.000 0.000 0.000 0.000 0.000 0.000 0.000 0.000 0.000 0.000 0.000 0.000 0.000 0.000 0.000 0.000 0.000 0.000 0.000 0.000 0.000 0.000 0.000 0.000 0.000 0.000 0.000 0.013 0.002 0.144 0.744 1.364 0.764 1.094 1.134 1.295 1.535 1.095 1.195 1.195 1.295 1.416 1.196 1.007 0.108 1.168 0.000 0.000 0.000 2.792 2.863 2.783 2.943 2.813 2.953 2.974 3.074 3.024 3.014 2.955 3.095 3.175 2.986 2.956 3.196 3.086 3.286 3.227 3.257 3.257 3.237 3.278 3.218 3.268 3.258
0.000 0.000 0.000 0.000 0.000 0.000 0.000 0.000 0.000 0.000 0.000 0.000 0.000 0.000 0.000 0.000 0.000 0.000 0.000 0.000 0.000 0.000 0.000 0.177 0.000 0.000 0.406 0.346 0.041 0.012 0.002 0.004 0.056 0.644 1.184 0.554 1.254 1.175 1.195 1.345 1.185 1.295 1.155 1.276 0.996 1.157 0.967 1.387 1.217 1.206 0.000 0.000 2.813 2.803 2.783 2.883 2.893 2.874 2.914 3.004 2.994 2.945 3.015 3.065 3.046 3.056 3.096 3.126 3.147 3.187 3.237 3.097 3.177 3.198 3.198 3.368 3.288
0.000 0.000 0.000 0.000 0.000 0.000 0.000 0.000 0.000 0.000 0.000 0.000 0.000 0.000 0.000 0.000 0.000 0.000 0.000 0.000 0.000 0.000 0.000 0.008 0.000 0.000 0.396 0.456 0.426 0.001 0.001 0.002 0.011 0.060 0.039 0.824 1.414 0.715 1.135 1.195 1.215 0.935 1.025 1.436 1.176 0.956 1.056 0.717 1.356 1.276 1.286 0.000 2.593 2.743 2.943 2.853 2.844 2.934 2.864 2.894 3.114 3.035 3.025 3.085 2.986 3.086 3.106 3.146 3.167 3.257 3.157 3.137 3.217 3.268 3.178 3.248 3.268
