includes/oleron/floodfiles/results/res-0008.wdfp
ncols         631
nrows         906
xllcorner     364927.146667
yllcorner     6531972.565556
cellsize      20.000000
NODATA_value  -9999.000000
[rows 544 to 577 of 906, columns 462 to 538 of 631]
0.000 0.000 0.000 0.000 0.000 0.000 0.000 0.000 0.000 0.000 0.000 0.000 0.000 0.000 0.000 0.000 0.000 0.000 0.000 0.000 0.000 0.000 0.000 0.000 0.000 0.000 0.000 0.000 0.000 0.000 0.000 0.000 0.000 0.000 0.000 0.000 0.000 0.000 0.000 0.201 0.211 0.210 0.168 0.205 0.332 0.259 0.276 0.422 0.461 0.450 0.518 0.967 0.556 0.595 1.084 1.123 1.163 1.203 1.242 1.280 1.318 1.356 1.391 1.423 1.445 1.466 1.488 1.509 1.531 1.552 1.574 1.595 1.617 1.638 1.660 1.681 1.733
0.000 0.000 0.000 0.000 0.000 0.000 0.000 0.000 0.000 0.000 0.000 0.000 0.000 0.000 0.000 0.000 0.000 0.000 0.000 0.000 0.000 0.000 0.000 0.000 0.000 0.000 0.000 0.000 0.000 0.000 0.000 0.000 0.000 0.000 0.000 0.000 0.000 0.000 0.000 0.142 0.331 0.220 0.249 0.256 0.322 0.260 0.357 0.284 0.422 0.490 0.449 0.418 0.517 0.556 1.081 1.121 1.159 1.197 1.235 1.273 1.311 1.349 1.383 1.416 1.449 1.470 1.492 1.513 1.535 1.556 1.578 1.599 1.621 1.642 1.664 1.689 1.746
0.000 0.000 0.000 0.000 0.000 0.000 0.000 0.000 0.000 0.000 0.000 0.000 0.000 0.000 0.000 0.000 0.000 0.000 0.000 0.000 0.000 0.000 0.000 0.000 0.000 0.000 0.000 0.000 0.000 0.000 0.000 0.000 0.000 0.000 0.000 0.000 0.000 0.000 0.000 0.242 0.161 0.260 0.369 0.206 0.352 0.420 0.358 0.436 0.363 0.412 0.460 0.479 0.548 0.537 0.596 1.114 1.152 1.190 1.228 1.266 1.304 1.341 1.374 1.407 1.440 1.474 1.496 1.517 1.539 1.560 1.582 1.603 1.625 1.646 1.668 1.701 1.758
0.000 0.000 0.000 0.000 0.000 0.000 0.000 0.000 0.000 0.000 0.000 0.000 0.000 0.000 0.000 0.000 0.000 0.000 0.000 0.000 0.000 0.000 0.000 0.000 0.000 0.000 0.000 0.000 0.000 0.000 0.000 0.000 0.000 0.000 0.000 0.000 0.000 0.000 0.000 0.442 0.242 0.260 0.309 0.247 0.413 0.231 0.467 0.386 0.494 0.443 0.401 0.489 0.508 1.032 1.069 1.107 1.145 1.183 1.221 1.259 1.297 1.333 1.366 1.399 1.432 1.465 1.498 1.521 1.543 1.564 1.586 1.608 1.629 1.651 1.672 1.714 1.771
0.000 0.000 0.000 0.000 0.000 0.000 0.000 0.000 0.000 0.000 0.000 0.000 0.000 0.000 0.000 0.000 0.000 0.000 0.000 0.000 0.000 0.000 0.000 0.000 0.000 0.000 0.000 0.000 0.000 0.000 0.000 0.000 0.000 0.000 0.000 0.000 0.000 0.000 0.038 0.232 0.212 0.181 0.370 0.188 0.363 0.271 0.427 0.466 0.485 0.423 0.441 0.530 0.569 1.024 1.062 0.607 1.138 1.176 1.214 1.252 1.290 1.325 1.358 1.391 1.424 1.457 1.490 1.523 1.547 1.568 1.590 1.612 1.633 1.655 1.676 1.726 1.783
0.000 0.000 0.000 0.000 0.000 0.000 0.000 0.000 0.000 0.000 0.000 0.000 0.000 0.000 0.000 0.000 0.000 0.000 0.000 0.000 0.000 0.000 0.000 0.000 0.000 0.000 0.000 0.000 0.000 0.000 0.000 0.000 0.000 0.000 0.000 0.000 0.000 0.000 0.174 0.263 0.292 0.262 0.250 0.289 0.235 0.342 0.199 0.596 0.515 0.453 0.562 0.943 0.519 1.017 1.055 1.093 1.130 1.169 1.207 1.245 1.283 1.316 1.349 1.382 1.415 1.448 1.482 1.515 1.548 1.573 1.594 1.616 1.637 1.659 1.682 1.739 1.796
0.000 0.000 0.000 0.000 0.000 0.000 0.000 0.000 0.000 0.000 0.000 0.000 0.000 0.000 0.000 0.000 0.000 0.000 0.000 0.000 0.000 0.000 0.000 0.000 0.000 0.000 0.000 0.000 0.000 0.000 0.000 0.000 0.000 0.000 0.000 0.000 0.000 0.000 0.115 0.193 0.233 0.182 0.280 0.339 0.226 0.292 0.310 0.799 0.395 0.493 0.572 0.590 0.972 1.010 1.048 0.558 1.123 1.161 1.199 1.238 1.275 1.308 1.341 1.374 1.407 1.440 1.473 1.506 1.539 1.572 1.598 1.620 1.641 1.663 1.694 1.751 1.808
0.000 0.000 0.000 0.000 0.000 0.000 0.000 0.000 0.000 0.000 0.000 0.000 0.000 0.000 0.000 0.000 0.000 0.000 0.000 0.000 0.000 0.000 0.000 0.000 0.000 0.000 0.000 0.000 0.000 0.000 0.000 0.000 0.000 0.000 0.000 0.000 0.000 0.011 0.206 0.145 0.263 0.152 0.300 0.349 0.187 0.223 0.390 0.458 0.576 0.375 0.383 0.461 0.550 0.589 1.041 1.079 0.568 1.154 1.192 1.230 1.266 1.300 1.333 1.366 1.399 1.432 1.465 1.498 1.531 1.564 1.597 1.624 1.645 1.667 1.707 1.764 1.821
0.000 0.000 0.000 0.000 0.000 0.000 0.000 0.000 0.000 0.000 0.000 0.000 0.000 0.000 0.000 0.000 0.000 0.000 0.000 0.000 0.000 0.000 0.000 0.000 0.000 0.000 0.000 0.000 0.000 0.000 0.000 0.000 0.000 0.000 0.000 0.000 0.000 0.191 0.120 0.147 0.203 0.331 0.330 0.239 0.338 0.245 0.341 0.499 0.347 0.506 0.414 0.923 0.960 0.510 1.033 0.559 1.109 1.147 1.185 1.223 1.258 1.291 1.324 1.357 1.390 1.423 1.456 1.489 1.523 1.556 1.589 1.622 1.649 1.671 1.719 1.777 1.834
0.000 0.000 0.000 0.000 0.000 0.000 0.000 0.000 0.000 0.000 0.000 0.000 0.000 0.000 0.000 0.000 0.000 0.000 0.000 0.000 0.000 0.000 0.000 0.000 0.000 0.000 0.000 0.000 0.000 0.000 0.000 0.000 0.000 0.000 0.000 0.000 0.011 0.056 0.181 0.219 0.115 0.251 0.310 0.339 0.307 0.315 0.403 0.340 0.488 0.426 0.495 0.534 0.443 0.991 0.520 0.540 0.569 1.140 1.178 1.216 1.250 1.283 1.316 1.349 1.382 1.415 1.448 1.481 1.514 1.547 1.580 1.613 1.646 1.675 1.746 1.881 2.016
0.000 0.000 0.000 0.000 0.000 0.000 0.000 0.000 0.000 0.000 0.000 0.000 0.000 0.000 0.000 0.000 0.000 0.000 0.000 0.000 0.000 0.000 0.000 0.000 0.000 0.000 0.000 0.000 0.000 0.000 0.000 0.000 0.000 0.000 0.003 0.002 0.008 0.076 0.174 0.036 0.069 0.191 0.191 0.279 0.327 0.405 0.374 0.332 0.319 0.497 0.546 0.525 0.463 0.984 0.571 1.058 0.600 1.133 1.171 0.609 1.241 1.274 1.307 1.341 1.374 1.407 1.440 1.473 1.506 1.539 1.572 1.606 1.647 1.743 1.983 2.118 2.253
0.000 0.000 0.000 0.000 0.000 0.000 0.000 0.000 0.000 0.000 0.000 0.000 0.000 0.000 0.000 0.000 0.000 0.000 0.000 0.000 0.000 0.000 0.000 0.000 0.000 0.000 0.000 0.000 0.000 0.000 0.000 0.000 0.000 0.000 0.000 0.009 0.002 0.106 0.184 0.174 0.100 0.232 0.391 0.289 0.327 0.385 0.384 0.352 0.320 0.398 0.486 0.605 0.554 0.443 1.015 0.571 1.089 1.126 1.164 1.201 1.233 1.266 1.299 1.332 1.365 1.398 1.431 1.464 1.498 1.539 1.580 1.621 1.662 1.808 2.087 2.355 2.490
0.000 0.000 0.000 0.000 0.000 0.000 0.000 0.000 0.000 0.000 0.000 0.000 0.000 0.000 0.000 0.000 0.000 0.000 0.000 0.000 0.000 0.000 0.000 0.000 0.000 0.000 0.000 0.000 0.000 0.000 0.000 0.000 0.000 0.000 0.005 0.010 0.008 0.027 0.144 0.123 0.130 0.274 0.212 0.280 0.278 0.336 0.354 0.442 0.441 0.519 0.487 0.496 0.435 0.533 0.572 1.045 1.082 0.531 1.157 1.192 1.225 1.258 1.291 1.324 1.357 1.390 1.431 1.472 1.513 1.554 1.595 1.636 1.677 1.873 2.152 2.432 2.712
0.000 0.000 0.000 0.000 0.000 0.000 0.000 0.000 0.000 0.000 0.000 0.000 0.000 0.000 0.000 0.000 0.000 0.000 0.000 0.000 0.000 0.000 0.000 0.000 0.000 0.000 0.000 0.000 0.000 0.000 0.000 0.000 0.000 0.002 0.150 0.097 0.196 0.010 0.224 0.152 0.189 0.324 0.293 0.241 0.268 0.336 0.335 0.482 0.531 0.509 0.498 0.914 0.465 0.603 0.572 1.043 1.076 1.112 1.150 1.184 1.217 1.250 1.283 1.324 0.580 1.405 1.447 1.488 1.529 1.570 1.610 1.651 1.692 1.938 2.217 2.497 2.777
0.000 0.000 0.000 0.000 0.000 0.000 0.000 0.000 0.000 0.000 0.000 0.000 0.000 0.000 0.000 0.000 0.000 0.000 0.000 0.000 0.000 0.000 0.000 0.000 0.000 0.000 0.000 0.000 0.000 0.000 0.000 0.000 0.002 0.075 0.072 0.049 0.274 0.243 0.175 0.281 0.218 0.195 0.203 0.351 0.249 0.327 0.405 0.363 0.472 0.380 0.538 0.407 0.435 0.504 1.007 1.041 0.512 0.562 1.142 1.175 1.216 1.257 1.298 1.339 1.380 1.421 1.462 1.503 1.544 1.585 1.626 1.667 1.723 2.003 2.283 2.562 2.841
0.000 0.000 0.000 0.000 0.000 0.000 0.000 0.000 0.000 0.000 0.000 0.000 0.000 0.000 0.000 0.000 0.000 0.000 0.000 0.000 0.000 0.000 0.000 0.000 0.000 0.000 0.000 0.000 0.000 0.000 0.000 0.664 0.000 0.000 0.007 0.010 0.032 0.044 0.144 0.100 0.357 0.185 0.353 0.301 0.390 0.368 0.286 0.524 0.403 0.221 0.548 0.437 0.595 0.574 0.533 1.038 0.612 1.104 1.144 1.190 1.231 1.272 1.313 1.354 1.395 1.436 1.477 1.518 1.559 1.600 1.641 1.682 1.789 2.068 2.348 2.627 2.906
0.000 0.000 0.000 0.000 0.000 0.000 0.000 0.000 0.000 0.000 0.000 0.000 0.000 0.000 0.000 0.000 0.000 0.000 0.000 0.000 0.000 0.000 0.000 0.000 0.000 0.000 0.000 0.000 0.000 0.000 0.000 0.000 0.000 0.000 0.002 0.001 0.004 0.077 0.153 0.249 0.276 0.295 0.323 0.411 0.310 0.388 0.366 0.385 0.394 0.362 0.569 0.488 0.317 0.365 1.001 1.034 1.066 1.099 1.145 0.612 1.247 1.288 1.329 1.369 1.410 1.451 1.492 1.533 1.574 1.615 1.656 1.697 1.854 2.133 2.413 2.692 2.971
0.000 0.000 0.000 0.000 0.000 0.000 0.000 0.000 0.000 0.000 0.000 0.000 0.000 0.000 0.000 0.000 0.000 0.000 0.000 0.000 0.000 0.000 0.000 0.000 0.000 0.000 0.000 0.000 0.000 0.000 0.000 0.000 0.000 0.000 0.006 0.008 0.097 0.126 0.123 0.108 0.286 0.264 0.422 0.341 0.430 0.318 0.506 0.515 0.464 0.382 0.360 0.469 0.458 0.516 0.494 1.028 1.061 1.093 1.144 1.199 1.253 1.303 1.344 1.385 1.426 1.467 1.508 1.548 1.589 1.630 1.671 1.712 1.919 2.198 2.477 2.757 3.036
0.000 0.000 0.000 0.000 0.000 0.000 0.000 0.000 0.000 0.000 0.000 0.000 0.000 0.000 0.000 0.000 0.000 0.000 0.000 0.000 0.000 0.000 0.000 0.000 0.000 0.000 0.000 0.000 0.000 0.000 0.000 0.000 0.000 0.000 0.000 0.040 0.097 0.165 0.133 0.277 0.295 0.254 0.382 0.351 0.340 0.388 0.436 0.585 0.434 0.582 0.441 0.549 0.538 0.597 0.565 1.023 0.593 1.090 1.144 1.198 1.252 1.307 1.359 1.400 1.441 1.482 1.523 1.564 1.604 1.645 1.686 1.727 1.984 2.263 2.542 2.822 3.101
0.000 0.000 0.000 0.000 0.000 0.000 0.000 0.000 0.000 0.000 0.000 0.000 0.000 0.000 0.000 0.000 0.000 0.000 0.000 0.000 0.000 0.000 0.000 0.000 0.000 0.000 0.000 0.000 0.000 0.000 0.000 0.000 0.000 0.000 0.000 0.000 0.205 0.011 0.036 0.097 0.205 0.223 0.312 0.271 0.330 0.298 0.296 0.414 0.453 0.602 0.491 0.469 0.618 0.507 0.486 0.534 0.574 1.090 0.613 1.198 1.252 1.307 1.361 1.415 1.456 1.497 1.538 1.579 1.620 1.660 1.701 1.769 2.049 2.328 2.607 2.887 3.166
0.000 0.000 0.000 0.000 0.000 0.000 0.000 0.000 0.000 0.000 0.000 0.000 0.000 0.000 0.000 0.000 0.000 0.000 0.000 0.000 0.000 0.000 0.000 0.000 0.000 0.000 0.000 0.000 0.000 0.000 0.000 0.000 0.000 0.000 0.000 0.002 0.274 0.203 0.053 0.147 0.155 0.154 0.182 0.231 0.260 0.529 0.187 0.235 0.353 0.472 0.581 0.499 0.919 0.952 0.984 0.475 1.046 1.090 1.145 0.583 1.252 1.306 1.361 1.415 1.469 1.512 1.553 1.594 1.635 1.676 1.716 1.834 2.113 2.393 2.672 2.952 3.231
0.000 0.000 0.000 0.000 0.000 0.000 0.000 0.000 0.000 0.000 0.000 0.000 0.000 0.000 0.000 0.000 0.000 0.000 0.000 0.000 0.000 0.000 0.000 0.000 0.000 0.000 0.000 0.000 0.000 0.000 0.000 0.000 0.000 0.000 0.000 0.052 0.012 0.180 0.219 0.137 0.205 0.213 0.351 0.370 0.360 0.279 0.597 0.346 0.484 0.323 0.351 0.499 0.578 0.598 0.517 1.010 0.554 1.090 1.145 1.199 0.543 1.306 1.361 1.415 1.469 1.523 1.568 1.609 1.650 1.691 1.731 1.899 2.178 2.458 2.737 3.017 3.296
0.000 0.000 0.000 0.000 0.000 0.000 0.000 0.000 0.000 0.000 0.000 0.000 0.000 0.000 0.000 0.000 0.000 0.000 0.000 0.000 0.000 0.000 0.000 0.000 0.000 0.000 0.000 0.038 0.000 0.001 0.000 0.000 0.000 0.000 0.000 0.000 0.120 0.159 0.178 0.306 0.145 0.262 0.341 0.350 0.409 0.358 0.367 0.505 0.474 0.513 0.412 0.560 0.909 0.478 0.617 0.556 1.036 1.090 1.144 1.198 1.252 1.306 1.361 1.415 1.469 1.523 1.577 1.624 1.665 1.706 1.746 1.964 2.243 2.523 2.802 3.082 3.361
0.000 0.000 0.000 0.000 0.000 0.000 0.000 0.000 0.000 0.000 0.000 0.000 0.000 0.000 0.000 0.000 0.000 0.000 0.000 0.000 0.000 0.000 0.000 0.000 0.000 0.000 0.151 0.002 0.010 0.008 0.000 0.000 0.000 0.000 0.000 0.015 0.100 0.207 0.246 0.285 0.324 0.192 0.250 0.349 0.588 0.538 0.467 0.316 0.344 0.563 0.602 0.390 0.469 0.608 0.968 1.001 0.485 1.089 1.144 1.198 1.252 1.306 1.360 1.415 1.469 1.523 1.577 1.631 1.680 1.721 1.762 2.029 2.308 2.588 2.867 3.115 3.324
0.000 0.000 0.000 0.000 0.000 0.000 0.000 0.000 0.000 0.000 0.000 0.000 0.000 0.000 0.000 0.000 0.000 0.000 0.000 0.000 0.000 0.006 0.001 0.001 0.003 0.076 0.004 0.004 0.019 0.000 0.069 0.000 0.000 0.022 0.005 0.020 0.050 0.136 0.285 0.184 0.253 0.232 0.300 0.359 0.328 0.517 0.722 0.465 0.474 0.503 0.462 0.461 0.589 0.558 0.597 0.995 0.456 0.514 1.143 1.198 1.252 1.306 1.360 1.414 1.469 1.523 1.577 1.631 1.685 1.736 1.814 2.094 2.366 2.575 2.784 2.994 3.203
0.000 0.000 0.000 0.000 0.000 0.000 0.000 0.000 0.000 0.000 0.000 0.000 0.000 0.000 0.000 0.000 0.000 0.000 0.000 0.005 0.005 0.047 0.046 0.007 0.000 0.008 0.007 0.005 0.017 0.010 0.003 0.002 0.002 0.003 0.022 0.023 0.136 0.205 0.254 0.353 0.312 0.401 0.250 0.348 0.368 0.397 0.306 0.525 0.384 0.623 0.582 0.501 0.430 0.608 0.558 0.557 0.436 0.535 1.143 1.197 1.251 1.306 1.360 1.414 1.468 1.523 1.577 1.631 1.685 1.739 1.826 2.035 2.244 2.454 2.663 2.872 3.081
0.000 0.000 0.000 0.000 0.000 0.000 0.000 0.000 0.000 0.000 0.000 0.000 0.000 0.000 0.000 0.000 0.000 0.000 0.000 0.000 0.001 0.002 0.015 0.080 0.008 0.041 0.004 0.017 0.009 0.012 0.025 0.051 0.015 0.010 0.024 0.137 0.205 0.244 0.293 0.322 0.391 0.390 0.299 0.428 0.367 0.386 0.366 0.375 0.474 0.433 0.472 0.531 0.590 0.568 0.598 0.985 0.496 0.605 0.514 1.197 1.251 1.305 1.360 1.414 1.468 1.523 1.577 1.645 1.730 1.816 1.880 1.927 2.123 2.332 2.541 2.751 2.960
0.000 0.000 0.000 0.000 0.000 0.000 0.000 0.000 0.000 0.000 0.000 0.000 0.000 0.000 0.000 0.000 0.000 0.000 0.088 0.004 0.004 0.005 0.019 0.004 0.008 0.045 0.020 0.039 0.020 0.106 0.030 0.010 0.015 0.026 0.071 0.127 0.315 0.234 0.283 0.262 0.560 0.420 0.448 0.417 0.396 0.466 0.415 0.584 0.483 0.593 0.332 0.541 0.440 0.429 0.607 0.597 0.576 0.535 0.575 0.404 1.251 1.305 1.360 1.414 1.472 1.558 1.643 1.728 1.814 1.899 1.956 2.003 2.051 2.211 2.420 2.629 2.839
0.000 0.000 0.000 0.000 0.000 0.000 0.000 0.000 0.000 0.000 0.000 0.000 0.000 0.000 0.000 0.000 0.000 0.000 0.000 0.000 0.005 0.133 0.028 0.018 0.098 0.008 0.065 0.032 0.014 0.006 0.002 0.024 0.026 0.095 0.149 0.197 0.235 0.363 0.322 0.471 0.410 0.469 0.378 0.477 0.356 0.515 0.364 0.504 0.503 0.573 0.482 0.411 0.530 0.379 0.418 0.447 0.526 0.446 0.535 0.595 0.584 1.305 1.385 1.470 1.555 1.641 1.726 1.812 1.897 1.982 2.032 2.080 2.127 2.174 2.299 2.508 2.717
0.000 0.000 0.000 0.000 0.000 0.000 0.000 0.000 0.000 0.000 0.000 0.000 0.000 0.000 0.000 0.000 0.000 0.001 0.007 0.084 0.000 0.003 0.016 0.109 0.054 0.021 0.057 0.006 0.020 0.036 0.034 0.054 0.037 0.085 0.219 0.217 0.384 0.293 0.372 0.210 0.319 0.308 0.437 0.356 0.465 0.434 0.484 0.513 0.573 0.582 0.522 0.581 0.450 0.369 0.478 0.417 0.556 0.556 0.495 1.212 1.298 1.383 1.468 1.553 1.639 1.724 1.810 1.895 1.980 2.061 2.109 2.156 2.203 2.250 2.297 2.386 2.596
0.000 0.000 0.000 0.000 0.000 0.000 0.000 0.000 0.000 0.000 0.000 0.000 0.000 0.000 0.000 0.000 0.000 0.000 0.000 0.031 0.053 0.027 0.278 0.069 0.068 0.092 0.129 0.059 0.058 0.002 0.041 0.067 0.139 0.016 0.309 0.197 0.234 0.202 0.280 0.339 0.438 0.407 0.356 0.515 0.485 0.604 0.583 0.817 0.832 0.512 0.451 0.400 0.459 0.508 0.397 0.397 0.506 0.505 0.525 1.295 1.381 1.466 1.551 1.637 1.722 1.808 1.893 1.978 2.064 2.137 2.185 2.232 2.279 2.326 2.374 2.421 2.474
0.000 0.000 0.000 0.000 0.000 0.000 0.000 0.000 0.000 0.000 0.000 0.000 0.000 0.000 0.000 0.000 0.000 0.054 0.009 0.055 0.002 0.016 0.025 0.022 0.041 0.066 0.052 0.052 0.067 0.107 0.036 0.152 0.115 0.199 0.181 0.317 0.164 0.250 0.239 0.268 0.327 0.516 0.405 0.585 0.404 0.493 0.473 0.512 0.512 0.502 0.361 0.450 0.439 0.528 0.427 0.596 0.516 1.208 1.294 1.379 1.464 1.549 1.635 1.720 1.806 1.891 1.976 2.062 2.147 2.214 2.261 2.308 2.355 2.403 2.450 2.497 2.544
0.000 0.000 0.000 0.000 0.000 0.000 0.000 0.000 0.000 0.000 0.000 0.000 0.000 0.000 0.000 0.000 0.000 0.003 0.000 0.001 0.004 0.022 0.000 0.032 0.006 0.108 0.055 0.064 0.147 0.054 0.055 0.065 0.151 0.250 0.082 0.276 0.113 0.348 0.378 0.337 0.506 0.465 0.554 0.574 0.583 0.523 0.602 0.512 0.542 0.601 0.460 0.439 0.598 0.488 0.992 0.596 0.606 1.291 1.377 1.462 1.547 1.633 1.718 1.803 1.889 1.974 2.060 2.145 2.230 2.290 2.337 2.384 2.432 2.479 2.526 2.573 2.621
0.000 0.000 0.000 0.000 0.000 0.000 0.000 0.000 0.000 0.000 0.000 0.000 0.000 0.000 0.000 0.000 0.000 0.000 0.002 0.001 0.004 0.003 0.004 0.018 0.027 0.008 0.008 0.071 0.135 0.055 0.130 0.256 0.074 0.106 0.246 0.296 0.171 0.378 0.447 0.366 0.385 0.395 0.574 0.423 0.593 0.592 0.612 0.471 0.541 0.411 0.400 0.469 0.578 0.517 0.546 1.152 1.263 1.375 1.460 1.545 1.631 1.716 1.801 1.887 1.972 2.057 2.143 2.228 2.314 2.366 2.413 2.461 2.508 2.555 2.602 2.650 2.697
