includes/oleron/floodfiles/results/res-0007.wd
ncols         631
nrows         906
xllcorner     364927.146667
yllcorner     6531972.565556
cellsize      20.000000
NODATA_value  -9999.000000
[rows 748 to 781 of 906, columns 539 to 615 of 631]
8.994 8.832 8.620 8.268 8.122 7.976 7.799 7.598 7.398 7.198 6.998 6.797 6.597 6.349 5.968 5.660 5.438 5.217 4.995 4.773 4.552 4.330 4.109 3.887 3.665 3.436 3.367 3.310 3.253 3.196 3.139 3.083 3.026 2.969 2.913 2.878 2.872 2.866 2.861 2.853 2.828 2.804 2.779 2.755 2.714 2.669 2.625 2.580 2.532 2.474 2.415 2.387 2.363 2.339 2.315 2.292 2.268 2.247 2.226 2.206 2.175 2.140 2.106 2.072 2.046 2.048 2.050 2.051 2.053 2.055 2.072 2.060 2.060 2.062 2.064 2.065 2.067
9.027 8.865 8.418 7.957 7.810 7.664 7.518 7.372 7.225 7.079 6.911 6.711 6.511 6.310 5.960 5.729 5.508 5.286 5.064 4.841 4.608 4.374 4.140 3.906 3.673 3.473 3.365 3.300 3.244 3.187 3.130 3.074 3.017 2.960 2.904 2.877 2.871 2.865 2.859 2.853 2.847 2.828 2.803 2.779 2.737 2.692 2.648 2.592 2.533 2.475 2.416 2.374 2.351 2.327 2.303 2.279 2.256 2.236 2.216 2.196 2.176 2.142 2.108 2.074 2.046 2.047 2.049 2.051 2.054 2.073 2.093 2.112 2.092 2.073 2.063 2.065 2.067
9.059 8.678 8.216 7.755 7.498 7.352 7.206 7.060 6.914 6.768 6.621 6.475 6.329 6.183 6.013 5.779 5.545 5.312 5.078 4.844 4.610 4.377 4.143 3.909 3.676 3.512 3.405 3.297 3.234 3.178 3.121 3.064 3.008 2.951 2.894 2.875 2.869 2.863 2.857 2.851 2.846 2.840 2.827 2.803 2.760 2.710 2.651 2.593 2.534 2.475 2.417 2.362 2.338 2.314 2.291 2.267 2.246 2.225 2.205 2.185 2.165 2.144 2.109 2.075 2.045 2.047 2.049 2.056 2.075 2.094 2.114 2.133 2.144 2.114 2.063 2.065 2.067
8.938 8.476 8.015 7.553 7.186 7.040 6.894 6.748 6.602 6.456 6.309 6.163 6.017 6.069 6.004 5.782 5.548 5.314 5.081 4.847 4.613 4.379 4.146 3.912 3.678 3.552 3.444 3.337 3.229 3.168 3.112 3.055 2.998 2.942 2.885 2.873 2.867 2.861 2.856 2.850 2.844 2.838 2.832 2.827 2.770 2.711 2.652 2.593 2.535 2.476 2.418 2.359 2.326 2.302 2.278 2.255 2.235 2.215 2.195 2.174 2.154 2.134 2.111 2.077 2.045 2.047 2.058 2.077 2.096 2.115 2.135 2.154 2.167 2.138 2.091 2.064 2.066
8.736 8.275 7.813 7.351 6.889 6.728 6.582 6.436 6.290 6.144 5.997 5.898 5.990 6.081 5.989 5.772 5.551 5.317 5.083 4.849 4.616 4.382 4.148 3.915 3.700 3.592 3.484 3.376 3.268 3.161 3.102 3.046 2.989 2.932 2.877 2.871 2.866 2.860 2.854 2.848 2.842 2.837 2.815 2.789 2.747 2.704 2.653 2.594 2.536 2.477 2.419 2.360 2.313 2.290 2.266 2.244 2.224 2.204 2.184 2.164 2.144 2.124 2.104 2.079 2.045 2.059 2.079 2.098 2.115 2.128 2.141 2.154 2.167 2.137 2.092 2.064 2.066
8.534 8.073 7.611 7.149 6.687 6.416 6.270 6.124 5.978 5.831 5.820 5.911 6.003 6.094 5.974 5.757 5.540 5.320 5.086 4.852 4.618 4.385 4.151 3.917 3.739 3.632 3.524 3.416 3.308 3.200 3.093 3.036 2.980 2.923 2.876 2.870 2.864 2.858 2.852 2.847 2.830 2.803 2.776 2.749 2.709 2.666 2.623 2.580 2.537 2.478 2.420 2.361 2.303 2.277 2.254 2.234 2.214 2.193 2.173 2.153 2.133 2.113 2.093 2.073 2.061 2.076 2.089 2.102 2.115 2.128 2.141 2.155 2.168 2.136 2.091 2.064 2.066
8.333 7.871 7.409 6.947 6.485 6.104 5.958 5.812 5.665 5.741 5.832 5.924 6.015 6.107 5.959 5.742 5.525 5.308 5.088 4.855 4.621 4.387 4.154 3.920 3.779 3.671 3.563 3.455 3.348 3.240 3.132 3.027 2.970 2.914 2.874 2.868 2.862 2.856 2.844 2.817 2.790 2.764 2.737 2.710 2.672 2.628 2.585 2.542 2.499 2.456 2.413 2.362 2.304 2.265 2.243 2.223 2.203 2.183 2.162 2.144 2.127 2.111 2.095 2.079 2.071 2.076 2.089 2.102 2.116 2.129 2.142 2.155 2.168 2.135 2.090 2.063 2.065
8.131 7.669 7.207 6.745 6.283 5.821 5.646 5.571 5.662 5.754 5.845 5.937 6.028 6.120 5.944 5.727 5.510 5.293 5.076 4.857 4.624 4.390 4.156 3.927 3.819 3.711 3.603 3.495 3.387 3.280 3.172 3.064 2.961 2.904 2.872 2.866 2.858 2.831 2.805 2.778 2.751 2.724 2.698 2.671 2.634 2.591 2.547 2.504 2.461 2.418 2.375 2.333 2.290 2.255 2.238 2.222 2.205 2.189 2.172 2.156 2.140 2.124 2.107 2.091 2.088 2.086 2.090 2.103 2.116 2.129 2.142 2.155 2.168 2.134 2.089 2.063 2.065
7.928 7.467 7.005 6.543 6.081 5.640 5.492 5.583 5.675 5.766 5.858 5.949 6.041 6.132 5.928 5.711 5.495 5.278 5.061 4.844 4.626 4.392 4.159 3.966 3.858 3.750 3.643 3.535 3.427 3.319 3.211 3.104 2.996 2.895 2.870 2.845 2.819 2.792 2.765 2.738 2.712 2.685 2.658 2.632 2.596 2.553 2.510 2.467 2.424 2.381 2.338 2.295 2.273 2.258 2.251 2.234 2.218 2.201 2.185 2.168 2.152 2.136 2.120 2.108 2.105 2.103 2.101 2.103 2.116 2.129 2.142 2.155 2.168 2.133 2.088 2.062 2.065
8.126 7.703 7.279 6.856 6.433 6.009 5.763 5.596 5.687 5.779 5.870 5.962 6.054 6.130 5.913 5.696 5.479 5.263 5.046 4.829 4.612 4.395 4.161 4.006 3.898 3.790 3.682 3.574 3.466 3.359 3.261 3.171 3.080 2.984 2.840 2.806 2.779 2.752 2.726 2.699 2.672 2.646 2.619 2.592 2.558 2.515 2.472 2.429 2.386 2.343 2.309 2.291 2.273 2.260 2.255 2.246 2.230 2.214 2.197 2.181 2.164 2.148 2.132 2.125 2.123 2.120 2.118 2.116 2.116 2.129 2.143 2.156 2.169 2.132 2.087 2.062 2.064
8.496 8.073 7.649 7.226 6.802 6.391 6.182 5.974 5.765 5.791 5.883 5.975 6.066 6.115 5.898 5.681 5.464 5.247 5.030 4.814 4.597 4.380 4.163 4.058 3.967 3.876 3.785 3.695 3.604 3.513 3.423 3.332 3.242 3.033 2.828 2.790 2.752 2.714 2.686 2.659 2.633 2.606 2.579 2.553 2.520 2.477 2.434 2.391 2.348 2.328 2.310 2.292 2.274 2.262 2.257 2.251 2.242 2.226 2.209 2.193 2.177 2.161 2.144 2.142 2.140 2.137 2.135 2.133 2.130 2.130 2.143 2.156 2.169 2.131 2.086 2.062 2.064
8.866 8.443 8.019 7.596 7.172 6.811 6.602 6.393 6.185 5.976 5.896 5.987 6.079 6.099 5.883 5.666 5.449 5.232 5.015 4.798 4.570 4.340 4.154 4.219 4.128 4.038 3.947 3.856 3.765 3.675 3.584 3.494 3.348 3.082 2.816 2.778 2.740 2.702 2.665 2.627 2.593 2.567 2.540 2.513 2.482 2.439 2.396 2.365 2.347 2.328 2.310 2.292 2.274 2.264 2.259 2.253 2.247 2.238 2.222 2.205 2.189 2.173 2.162 2.159 2.157 2.154 2.152 2.150 2.147 2.145 2.143 2.156 2.169 2.130 2.085 2.061 2.063
9.236 8.813 8.389 7.966 7.542 7.230 7.022 6.813 6.604 6.396 6.187 6.000 6.091 6.084 5.867 5.650 5.434 5.206 4.976 4.745 4.515 4.285 4.168 4.251 4.290 4.199 4.109 4.018 3.927 3.836 3.746 3.655 3.397 3.131 2.866 2.767 2.729 2.691 2.653 2.615 2.577 2.539 2.501 2.474 2.444 2.402 2.383 2.365 2.347 2.329 2.311 2.292 2.274 2.266 2.261 2.255 2.249 2.244 2.234 2.218 2.202 2.185 2.179 2.176 2.174 2.171 2.169 2.167 2.164 2.162 2.160 2.157 2.170 2.129 2.106 2.083 2.063
9.606 9.183 8.759 8.336 7.912 7.650 7.441 7.232 7.024 6.815 6.607 6.398 6.190 6.069 5.841 5.611 5.381 5.151 4.921 4.690 4.460 4.230 4.182 4.265 4.348 4.361 4.270 4.180 4.089 3.998 3.908 3.713 3.447 3.181 2.915 2.755 2.717 2.679 2.641 2.603 2.565 2.528 2.490 2.452 2.421 2.402 2.384 2.365 2.347 2.329 2.311 2.293 2.275 2.268 2.262 2.257 2.251 2.246 2.240 2.230 2.214 2.198 2.196 2.193 2.191 2.188 2.186 2.184 2.181 2.179 2.177 2.175 2.172 2.151 2.128 2.105 2.082
9.572 9.553 9.129 8.706 8.282 8.070 7.861 7.652 7.444 7.235 7.026 6.785 6.516 6.128 5.786 5.556 5.326 5.096 4.865 4.635 4.405 4.175 4.196 4.279 4.362 4.446 4.432 4.341 4.251 4.160 4.029 3.762 3.496 3.230 2.964 2.743 2.706 2.668 2.630 2.592 2.554 2.516 2.478 2.450 2.428 2.407 2.386 2.366 2.348 2.329 2.311 2.293 2.276 2.270 2.264 2.259 2.253 2.248 2.242 2.236 2.226 2.215 2.213 2.210 2.208 2.205 2.203 2.200 2.197 2.195 2.192 2.190 2.181 2.164 2.143 2.122 2.101
9.319 9.495 9.500 9.076 8.698 8.489 8.280 8.072 7.850 7.581 7.312 7.043 6.775 6.352 5.871 5.501 5.270 5.040 4.810 4.580 4.350 4.126 4.210 4.293 4.376 4.460 4.543 4.503 4.413 4.322 4.078 3.812 3.546 3.279 3.013 2.748 2.694 2.656 2.618 2.580 2.542 2.505 2.478 2.456 2.435 2.414 2.393 2.372 2.351 2.330 2.312 2.294 2.278 2.272 2.266 2.261 2.255 2.249 2.244 2.238 2.235 2.232 2.229 2.226 2.223 2.220 2.218 2.215 2.212 2.210 2.207 2.204 2.190 2.177 2.156 2.135 2.114
9.067 9.242 9.417 9.446 9.118 8.909 8.646 8.377 8.108 7.840 7.571 7.302 7.033 6.575 6.094 5.614 5.215 4.985 4.755 4.525 4.295 4.140 4.224 4.307 4.390 4.474 4.557 4.640 4.575 4.394 4.128 3.861 3.595 3.329 3.063 2.797 2.682 2.644 2.607 2.569 2.531 2.506 2.485 2.463 2.441 2.420 2.399 2.378 2.357 2.337 2.316 2.295 2.280 2.275 2.272 2.270 2.267 2.264 2.261 2.258 2.254 2.247 2.244 2.241 2.238 2.235 2.233 2.230 2.227 2.225 2.222 2.213 2.199 2.186 2.169 2.148 2.127
8.815 8.990 9.165 9.385 9.442 9.174 8.905 8.636 8.367 8.098 7.829 7.561 7.278 6.798 6.318 5.837 5.357 4.930 4.700 4.470 4.240 4.154 4.237 4.321 4.404 4.488 4.571 4.654 4.700 4.444 4.177 3.911 3.644 3.378 3.112 2.846 2.671 2.633 2.595 2.557 2.534 2.513 2.491 2.470 2.448 2.427 2.406 2.385 2.364 2.343 2.322 2.304 2.299 2.295 2.293 2.290 2.287 2.284 2.281 2.279 2.272 2.265 2.258 2.256 2.253 2.250 2.247 2.245 2.242 2.239 2.236 2.222 2.208 2.195 2.181 2.160 2.139
8.562 8.815 9.092 9.370 9.430 9.419 9.163 8.894 8.626 8.357 8.088 7.819 7.502 7.021 6.541 6.060 5.580 5.100 4.645 4.415 4.185 4.168 4.251 4.335 4.418 4.498 4.539 4.579 4.599 4.379 4.160 3.940 3.694 3.428 3.162 2.896 2.659 2.622 2.584 2.563 2.541 2.519 2.498 2.476 2.455 2.433 2.412 2.392 2.371 2.350 2.330 2.325 2.320 2.316 2.313 2.310 2.307 2.304 2.302 2.297 2.290 2.282 2.275 2.270 2.268 2.265 2.262 2.260 2.257 2.254 2.245 2.231 2.217 2.204 2.191 2.173 2.152
8.522 8.799 9.077 9.354 9.379 9.368 9.357 9.153 8.884 8.615 8.347 8.078 7.725 7.244 6.764 6.284 5.803 5.323 4.843 4.362 4.129 4.182 4.265 4.313 4.354 4.395 4.436 4.477 4.498 4.278 4.059 3.839 3.620 3.400 3.181 2.945 2.680 2.613 2.591 2.569 2.548 2.526 2.505 2.483 2.461 2.440 2.419 2.398 2.377 2.357 2.351 2.346 2.341 2.336 2.333 2.330 2.327 2.325 2.322 2.315 2.307 2.300 2.293 2.285 2.282 2.280 2.277 2.274 2.272 2.267 2.254 2.240 2.227 2.213 2.200 2.186 2.165
8.506 8.784 9.061 9.339 9.329 9.318 9.307 9.296 9.143 8.874 8.605 8.336 7.948 7.468 6.987 6.507 6.026 5.546 5.066 4.585 4.150 4.128 4.169 4.210 4.251 4.292 4.333 4.374 4.396 4.177 3.957 3.738 3.518 3.299 3.080 2.861 2.673 2.618 2.598 2.576 2.554 2.533 2.511 2.490 2.468 2.447 2.426 2.405 2.384 2.378 2.372 2.367 2.362 2.357 2.353 2.350 2.348 2.345 2.340 2.333 2.325 2.318 2.310 2.303 2.297 2.295 2.292 2.289 2.287 2.276 2.263 2.249 2.236 2.222 2.209 2.196 2.178
8.491 8.768 9.046 9.289 9.278 9.267 9.257 9.246 9.235 9.133 8.864 8.595 8.171 7.691 7.210 6.730 6.250 5.808 5.405 5.002 4.592 4.164 4.066 4.107 4.148 4.189 4.230 4.271 4.295 4.075 3.856 3.636 3.417 3.198 2.979 2.807 2.695 2.618 2.598 2.579 2.559 2.539 2.518 2.496 2.475 2.453 2.432 2.411 2.404 2.399 2.394 2.389 2.384 2.379 2.374 2.371 2.368 2.365 2.358 2.350 2.343 2.336 2.328 2.321 2.314 2.309 2.307 2.304 2.299 2.285 2.272 2.258 2.245 2.231 2.218 2.205 2.191
8.475 8.753 9.030 9.239 9.228 9.217 9.206 9.195 9.184 9.173 9.123 8.854 8.395 7.914 7.464 7.061 6.658 6.255 5.853 5.450 5.034 4.606 4.178 4.004 4.045 4.086 4.127 4.168 4.193 3.974 3.754 3.535 3.316 3.097 2.941 2.829 2.718 2.619 2.599 2.579 2.559 2.540 2.520 2.500 2.481 2.460 2.439 2.430 2.425 2.420 2.415 2.410 2.405 2.400 2.395 2.391 2.388 2.383 2.376 2.368 2.361 2.353 2.346 2.339 2.331 2.324 2.322 2.319 2.308 2.295 2.281 2.268 2.254 2.241 2.227 2.214 2.201
8.460 8.737 9.014 9.188 9.178 9.167 9.156 9.145 9.134 9.123 9.112 9.111 8.717 8.314 7.911 7.509 7.106 6.703 6.300 5.897 5.476 5.048 4.620 4.192 3.942 3.983 4.024 4.065 4.092 3.872 3.653 3.434 3.214 3.075 2.963 2.851 2.740 2.628 2.600 2.580 2.560 2.540 2.521 2.501 2.481 2.462 2.449 2.445 2.442 2.439 2.436 2.431 2.426 2.421 2.416 2.411 2.408 2.401 2.393 2.386 2.378 2.371 2.364 2.356 2.349 2.342 2.336 2.331 2.317 2.304 2.290 2.277 2.263 2.250 2.237 2.223 2.210
8.444 8.721 8.999 9.138 9.127 9.116 9.105 9.094 9.083 9.151 9.254 9.296 9.123 8.762 8.359 7.956 7.553 7.150 6.747 6.345 5.918 5.490 5.062 4.634 4.207 3.880 3.921 3.962 3.990 3.771 3.551 3.332 3.209 3.097 2.985 2.874 2.762 2.651 2.601 2.581 2.561 2.541 2.521 2.502 2.482 2.469 2.459 2.453 2.450 2.447 2.444 2.441 2.438 2.435 2.432 2.429 2.423 2.416 2.409 2.401 2.394 2.387 2.380 2.373 2.365 2.358 2.351 2.338 2.324 2.310 2.296 2.283 2.269 2.256 2.242 2.229 2.215
8.415 8.706 8.983 9.088 9.077 9.066 9.070 9.173 9.276 9.378 9.481 9.480 9.308 9.135 8.807 8.404 8.001 7.598 7.195 6.789 6.361 5.933 5.505 5.077 4.649 4.221 3.818 3.859 3.888 3.669 3.455 3.343 3.231 3.119 3.008 2.896 2.784 2.673 2.601 2.581 2.562 2.542 2.522 2.503 2.489 2.479 2.469 2.461 2.458 2.455 2.452 2.449 2.446 2.443 2.440 2.435 2.428 2.420 2.413 2.406 2.399 2.391 2.384 2.377 2.370 2.363 2.346 2.319 2.305 2.292 2.278 2.264 2.251 2.237 2.224 2.210 2.197
8.295 8.649 8.968 9.037 9.092 9.195 9.297 9.400 9.503 9.605 9.708 9.665 9.492 9.320 9.147 8.851 8.448 8.045 7.643 7.231 6.803 6.375 5.947 5.519 5.091 4.664 4.236 3.809 3.787 3.589 3.477 3.365 3.253 3.142 3.030 2.918 2.807 2.695 2.602 2.582 2.562 2.543 2.523 2.509 2.499 2.489 2.479 2.469 2.465 2.462 2.459 2.456 2.453 2.450 2.447 2.440 2.432 2.425 2.417 2.410 2.403 2.396 2.388 2.381 2.374 2.365 2.335 2.306 2.287 2.273 2.260 2.246 2.233 2.219 2.206 2.192 2.179
8.176 8.529 8.825 9.217 9.320 9.422 9.525 9.627 9.730 9.832 9.935 9.850 9.677 9.504 9.332 9.159 8.896 8.493 8.090 7.674 7.246 6.818 6.390 5.962 5.534 5.106 4.678 4.226 3.704 3.611 3.499 3.387 3.276 3.164 3.052 2.940 2.829 2.717 2.606 2.583 2.563 2.544 2.529 2.519 2.509 2.499 2.489 2.479 2.473 2.470 2.467 2.464 2.461 2.458 2.451 2.444 2.436 2.429 2.422 2.414 2.407 2.400 2.393 2.386 2.379 2.355 2.325 2.296 2.268 2.255 2.241 2.228 2.214 2.201 2.187 2.174 2.162
8.001 8.281 8.560 9.024 9.504 9.649 9.752 9.855 9.957 10.060 10.162 10.034 9.862 9.689 9.516 9.344 9.171 8.941 8.538 8.117 7.689 7.260 6.832 6.353 5.761 5.169 4.577 3.985 3.672 3.540 3.457 3.373 3.290 3.186 3.074 2.963 2.851 2.740 2.629 2.584 2.564 2.549 2.539 2.529 2.519 2.509 2.499 2.489 2.481 2.478 2.475 2.472 2.469 2.463 2.456 2.448 2.441 2.433 2.426 2.419 2.411 2.404 2.397 2.390 2.374 2.344 2.315 2.286 2.257 2.236 2.223 2.209 2.196 2.182 2.169 2.156 2.149
7.737 8.016 8.299 8.778 9.258 9.737 9.979 10.082 10.184 10.287 10.390 10.219 10.046 9.874 9.701 9.529 9.356 9.183 8.986 8.482 7.889 7.297 6.705 6.113 5.521 4.929 4.337 3.854 3.640 3.466 3.382 3.299 3.216 3.132 3.049 2.965 2.874 2.762 2.651 2.585 2.569 2.559 2.549 2.539 2.529 2.519 2.509 2.499 2.489 2.486 2.483 2.480 2.475 2.467 2.460 2.452 2.445 2.438 2.430 2.423 2.416 2.409 2.401 2.393 2.363 2.334 2.305 2.276 2.247 2.218 2.204 2.191 2.177 2.164 2.151 2.139 2.135
7.472 7.752 8.053 8.533 9.012 9.492 9.971 10.309 10.412 10.514 10.577 10.404 10.231 10.059 9.886 9.713 9.544 9.382 9.116 8.241 7.649 7.057 6.465 5.873 5.280 4.688 4.096 3.822 3.608 3.394 3.308 3.225 3.141 3.058 2.974 2.891 2.808 2.725 2.642 2.589 2.579 2.569 2.559 2.549 2.539 2.529 2.519 2.509 2.499 2.493 2.490 2.487 2.479 2.472 2.464 2.457 2.449 2.442 2.435 2.427 2.420 2.413 2.406 2.383 2.353 2.324 2.295 2.266 2.237 2.208 2.186 2.172 2.159 2.146 2.132 2.125 2.121
7.207 7.487 7.807 8.287 8.766 9.246 9.725 10.205 10.639 10.742 10.761 10.589 10.416 10.244 10.082 9.919 9.757 9.595 9.185 8.270 7.409 6.816 6.224 5.632 5.040 4.448 4.004 3.790 3.576 3.362 3.234 3.150 3.067 2.984 2.900 2.817 2.734 2.651 2.603 2.604 2.593 2.582 2.571 2.560 2.549 2.539 2.529 2.519 2.509 2.501 2.498 2.491 2.483 2.476 2.468 2.461 2.454 2.446 2.439 2.431 2.424 2.417 2.402 2.372 2.343 2.314 2.285 2.256 2.227 2.198 2.169 2.154 2.140 2.127 2.115 2.111 2.107
6.943 7.222 7.561 8.041 8.520 9.000 9.479 9.959 10.438 10.918 10.946 10.781 10.619 10.457 10.294 10.132 9.970 9.808 9.255 8.339 7.423 6.576 5.984 5.392 4.800 4.208 3.972 3.758 3.544 3.330 3.159 3.076 2.993 2.909 2.826 2.743 2.659 2.614 2.615 2.616 2.608 2.597 2.585 2.574 2.563 2.552 2.542 2.531 2.520 2.510 2.503 2.495 2.488 2.480 2.473 2.465 2.458 2.450 2.443 2.436 2.428 2.421 2.391 2.362 2.333 2.304 2.275 2.245 2.216 2.188 2.159 2.135 2.122 2.109 2.100 2.097 2.093
6.678 6.957 7.315 7.795 8.274 8.754 9.234 9.713 10.190 10.657 11.013 10.994 10.832 10.669 10.507 10.345 10.183 10.021 9.324 8.408 7.493 6.577 5.743 5.151 4.559 4.155 3.940 3.726 3.512 3.298 3.085 3.001 2.918 2.835 2.751 2.668 2.624 2.625 2.626 2.627 2.622 2.611 2.600 2.589 2.578 2.567 2.556 2.545 2.535 2.521 2.509 2.501 2.493 2.485 2.478 2.470 2.462 2.455 2.447 2.440 2.433 2.411 2.381 2.352 2.323 2.293 2.264 2.235 2.206 2.177 2.148 2.120 2.103 2.090 2.086 2.083 2.079
