includes/oleron/floodfiles/results/res-0006.wdfp
ncols         631
nrows         906
xllcorner     364927.146667
yllcorner     6531972.565556
cellsize      20.000000
NODATA_value  -9999.000000
[rows 170 to 203 of 906, columns 539 to 615 of 631]
10.692 10.664 10.634 10.599 10.564 10.529 10.493 10.458 10.428 10.493 10.558 10.623 10.688 10.753 10.820 10.888 10.955 11.023 11.090 11.157 11.223 11.289 11.355 11.421 11.487 11.553 11.620 11.687 11.755 11.823 11.888 11.952 12.016 12.074 12.128 12.181 12.235 12.289 12.343 12.397 12.467 12.575 12.684 12.793 12.902 13.011 13.120 13.229 13.338 13.428 13.513 13.600 13.649 13.699 13.747 13.797 13.846 13.895 13.945 13.994 13.998 13.971 13.945 13.918 13.892 13.865 13.838 13.812 13.785 13.760 13.697 13.620 13.544 13.468 13.391 13.315 13.238
10.710 10.675 10.640 10.604 10.569 10.534 10.499 10.463 10.434 10.499 10.564 10.629 10.694 10.759 10.824 10.890 10.957 11.025 11.092 11.159 11.225 11.291 11.357 11.423 11.489 11.557 11.625 11.693 11.761 11.828 11.893 11.957 12.021 12.085 12.148 12.202 12.255 12.309 12.363 12.417 12.488 12.597 12.706 12.815 12.923 13.032 13.141 13.236 13.316 13.396 13.481 13.576 13.671 13.739 13.788 13.837 13.886 13.936 13.985 14.034 14.038 14.011 13.985 13.958 13.932 13.906 13.878 13.852 13.827 13.810 13.740 13.661 13.585 13.508 13.431 13.355 13.279
10.715 10.680 10.645 10.610 10.574 10.539 10.504 10.469 10.440 10.505 10.570 10.635 10.700 10.765 10.830 10.895 10.960 11.027 11.094 11.161 11.227 11.293 11.359 11.427 11.495 11.563 11.630 11.698 11.766 11.834 11.899 11.963 12.026 12.090 12.154 12.218 12.276 12.330 12.383 12.437 12.509 12.618 12.727 12.836 12.945 13.045 13.125 13.205 13.285 13.365 13.450 13.545 13.640 13.735 13.829 13.878 13.927 13.976 14.025 14.075 14.078 14.051 14.025 13.998 13.972 13.946 13.920 13.902 13.884 13.867 13.791 13.706 13.625 13.549 13.473 13.395 13.319
10.721 10.686 10.650 10.615 10.580 10.544 10.509 10.474 10.446 10.511 10.576 10.641 10.706 10.770 10.835 10.900 10.965 11.030 11.096 11.163 11.229 11.297 11.365 11.433 11.500 11.568 11.636 11.704 11.771 11.839 11.904 11.968 12.032 12.095 12.159 12.223 12.287 12.350 12.404 12.458 12.530 12.639 12.748 12.853 12.933 13.013 13.094 13.173 13.254 13.334 13.419 13.514 13.609 13.704 13.798 13.893 13.968 14.017 14.065 14.115 14.118 14.091 14.065 14.038 14.012 13.995 13.977 13.960 13.941 13.924 13.843 13.757 13.672 13.589 13.513 13.437 13.360
10.726 10.691 10.656 10.620 10.585 10.550 10.514 10.479 10.452 10.516 10.581 10.646 10.711 10.776 10.841 10.906 10.971 11.036 11.101 11.168 11.235 11.302 11.370 11.438 11.506 11.573 11.641 11.709 11.777 11.844 11.910 11.973 12.037 12.101 12.165 12.228 12.292 12.356 12.420 12.478 12.552 12.661 12.742 12.822 12.902 12.982 13.063 13.143 13.223 13.303 13.387 13.482 13.577 13.672 13.767 13.862 13.957 14.052 14.106 14.155 14.158 14.131 14.105 14.086 14.069 14.051 14.034 14.016 13.999 13.979 13.894 13.809 13.723 13.638 13.553 13.477 13.400
10.779 10.696 10.661 10.626 10.590 10.555 10.520 10.484 10.457 10.522 10.587 10.652 10.717 10.782 10.847 10.912 10.977 11.044 11.111 11.178 11.242 11.308 11.376 11.443 11.511 11.579 11.647 11.714 11.782 11.850 11.915 11.979 12.042 12.106 12.170 12.234 12.297 12.361 12.425 12.489 12.550 12.631 12.711 12.791 12.871 12.951 13.031 13.112 13.192 13.272 13.356 13.451 13.546 13.641 13.736 13.831 13.926 14.021 14.116 14.196 14.199 14.178 14.161 14.143 14.126 14.108 14.091 14.073 14.056 14.032 13.946 13.860 13.775 13.690 13.604 13.519 13.441
10.913 10.798 10.683 10.631 10.596 10.560 10.525 10.490 10.463 10.528 10.593 10.658 10.723 10.788 10.853 10.919 10.987 11.054 11.121 11.187 11.252 11.317 11.382 11.449 11.517 11.584 11.652 11.720 11.788 11.855 11.920 11.984 12.048 12.111 12.175 12.239 12.303 12.367 12.440 12.520 12.584 12.623 12.680 12.760 12.840 12.920 13.000 13.081 13.161 13.241 13.325 13.420 13.515 13.610 13.705 13.800 13.894 13.989 14.084 14.135 14.225 14.236 14.218 14.200 14.183 14.165 14.148 14.130 14.113 14.084 13.998 13.912 13.827 13.741 13.656 13.570 13.485
11.046 10.932 10.817 10.702 10.601 10.566 10.530 10.495 10.469 10.534 10.599 10.664 10.729 10.795 10.862 10.929 10.997 11.064 11.131 11.197 11.262 11.327 11.392 11.457 11.522 11.590 11.657 11.725 11.793 11.861 11.926 11.989 12.053 12.117 12.181 12.244 12.316 12.395 12.474 12.554 12.619 12.658 12.697 12.737 12.809 12.889 12.969 13.050 13.130 13.210 13.295 13.389 13.483 13.578 13.673 13.768 13.863 13.937 13.952 13.967 14.057 14.195 14.276 14.257 14.240 14.222 14.205 14.187 14.170 14.135 14.050 13.964 13.878 13.793 13.707 13.622 13.537
11.180 11.065 10.950 10.836 10.721 10.606 10.536 10.500 10.475 10.540 10.605 10.671 10.738 10.805 10.872 10.939 11.006 11.074 11.141 11.207 11.272 11.337 11.402 11.467 11.532 11.597 11.663 11.731 11.798 11.866 11.931 11.995 12.058 12.122 12.191 12.271 12.350 12.429 12.509 12.588 12.653 12.692 12.732 12.771 12.810 12.858 12.938 13.018 13.099 13.179 13.263 13.358 13.453 13.548 13.642 13.737 13.754 13.769 13.784 13.799 13.888 14.027 14.166 14.304 14.297 14.279 14.261 14.244 14.226 14.187 14.101 14.016 13.931 13.844 13.759 13.674 13.588
11.313 11.199 11.084 10.969 10.855 10.740 10.625 10.511 10.481 10.546 10.613 10.681 10.748 10.815 10.882 10.949 11.016 11.083 11.150 11.217 11.282 11.347 11.412 11.477 11.542 11.606 11.671 11.736 11.804 11.872 11.936 12.000 12.067 12.146 12.225 12.305 12.384 12.464 12.543 12.623 12.687 12.727 12.766 12.806 12.845 12.884 12.924 12.987 13.068 13.148 13.232 13.327 13.422 13.517 13.557 13.571 13.586 13.601 13.616 13.632 13.720 13.859 13.997 14.136 14.274 14.337 14.318 14.301 14.283 14.238 14.153 14.067 13.982 13.897 13.810 13.725 13.663
11.447 11.332 11.218 11.103 10.988 10.874 10.759 10.644 10.519 10.556 10.623 10.690 10.758 10.825 10.892 10.959 11.026 11.093 11.160 11.227 11.292 11.357 11.422 11.487 11.551 11.616 11.681 11.746 11.811 11.877 11.942 12.021 12.101 12.180 12.260 12.339 12.419 12.498 12.577 12.657 12.722 12.761 12.801 12.840 12.879 12.919 12.958 12.998 13.037 13.117 13.201 13.296 13.359 13.374 13.389 13.404 13.420 13.434 13.449 13.464 13.552 13.690 13.829 13.967 14.106 14.244 14.376 14.358 14.340 14.290 14.204 14.119 14.034 13.957 13.909 13.859 13.811
11.581 11.466 11.351 11.237 11.122 11.007 10.872 10.730 10.600 10.624 10.648 10.700 10.767 10.835 10.902 10.969 11.036 11.103 11.170 11.237 11.302 11.367 11.431 11.496 11.561 11.626 11.691 11.756 11.821 11.896 11.976 12.056 12.135 12.215 12.294 12.373 12.453 12.532 12.612 12.691 12.756 12.796 12.835 12.874 12.914 12.953 12.993 13.032 13.071 13.111 13.161 13.176 13.191 13.206 13.222 13.237 13.252 13.267 13.282 13.296 13.383 13.522 13.660 13.799 13.937 14.076 14.215 14.353 14.397 14.341 14.256 14.202 14.153 14.105 14.056 14.007 13.959
11.714 11.599 11.485 11.370 11.241 11.099 10.957 10.814 10.680 10.704 10.729 10.753 10.777 10.844 10.912 10.979 11.046 11.113 11.180 11.247 11.312 11.376 11.441 11.506 11.571 11.636 11.701 11.774 11.851 11.928 12.008 12.089 12.169 12.249 12.328 12.408 12.487 12.567 12.646 12.725 12.791 12.830 12.869 12.909 12.948 12.988 13.027 13.066 13.106 13.115 13.101 13.037 13.024 13.039 13.054 13.069 13.084 13.099 13.114 13.129 13.215 13.353 13.492 13.630 13.769 13.907 14.046 14.185 14.330 14.447 14.398 14.349 14.301 14.252 14.204 14.156 14.106
11.848 11.733 11.611 11.468 11.326 11.184 11.041 10.899 10.761 10.785 10.809 10.833 10.857 10.882 10.921 10.989 11.056 11.123 11.190 11.256 11.321 11.386 11.451 11.516 11.581 11.653 11.729 11.806 11.883 11.960 12.040 12.121 12.202 12.283 12.363 12.442 12.521 12.601 12.680 12.760 12.825 12.864 12.904 12.943 12.983 13.022 13.061 13.085 13.084 13.083 13.073 13.009 12.945 12.881 12.886 12.901 12.917 12.932 12.947 12.962 13.047 13.186 13.323 13.462 13.600 13.739 13.878 14.048 14.219 14.412 14.546 14.497 14.449 14.400 14.352 14.303 14.255
11.980 11.838 11.695 11.553 11.411 11.268 11.126 10.984 10.842 10.866 10.890 10.914 10.938 10.962 10.986 11.010 11.066 11.133 11.200 11.266 11.331 11.396 11.461 11.531 11.608 11.685 11.761 11.838 11.915 11.992 12.072 12.153 12.234 12.315 12.396 12.476 12.556 12.635 12.715 12.794 12.859 12.899 12.938 12.978 13.017 13.055 13.054 13.053 13.052 13.051 13.045 12.981 12.917 12.853 12.788 12.734 12.749 12.764 12.779 12.794 12.879 13.017 13.156 13.294 13.432 13.597 13.767 13.938 14.108 14.305 14.506 14.646 14.596 14.548 14.499 14.451 14.402
12.065 11.922 11.780 11.638 11.495 11.353 11.211 11.068 10.926 10.947 10.971 10.995 11.019 11.043 11.067 11.091 11.115 11.143 11.210 11.276 11.341 11.409 11.486 11.563 11.640 11.717 11.793 11.870 11.947 12.024 12.104 12.185 12.266 12.347 12.428 12.509 12.590 12.669 12.749 12.828 12.894 12.933 12.973 13.012 13.025 13.023 13.022 13.021 13.020 13.019 13.017 12.953 12.888 12.824 12.760 12.696 12.632 12.597 12.612 12.627 12.710 12.849 12.987 13.146 13.317 13.486 13.656 13.827 13.997 14.197 14.398 14.599 14.745 14.695 14.647 14.598 14.550
12.149 12.007 11.865 11.722 11.580 11.438 11.295 11.153 11.011 11.027 11.052 11.076 11.100 11.124 11.148 11.172 11.196 11.220 11.244 11.287 11.364 11.441 11.518 11.595 11.672 11.749 11.825 11.902 11.979 12.056 12.136 12.217 12.298 12.379 12.460 12.541 12.622 12.703 12.783 12.863 12.928 12.968 12.995 12.994 12.993 12.991 12.990 12.989 12.988 12.987 12.986 12.924 12.860 12.796 12.732 12.668 12.604 12.540 12.476 12.459 12.542 12.695 12.865 13.035 13.206 13.376 13.547 13.716 13.889 14.090 14.291 14.491 14.692 14.844 14.794 14.746 14.698
12.234 12.092 11.949 11.807 11.665 11.522 11.380 11.238 11.095 11.108 11.132 11.156 11.180 11.204 11.229 11.253 11.277 11.301 11.319 11.345 11.399 11.473 11.550 11.627 11.704 11.781 11.857 11.934 12.011 12.088 12.168 12.249 12.330 12.411 12.492 12.573 12.654 12.735 12.816 12.897 12.963 12.964 12.963 12.962 12.961 12.959 12.958 12.957 12.956 12.955 12.954 12.896 12.832 12.768 12.704 12.640 12.576 12.512 12.448 12.384 12.421 12.584 12.754 12.925 13.095 13.265 13.436 13.606 13.782 13.982 14.183 14.384 14.585 14.786 14.943 14.894 14.845
12.310 12.176 12.034 11.892 11.749 11.607 11.465 11.322 11.180 11.189 11.213 11.237 11.261 11.285 11.309 11.333 11.354 11.370 11.387 11.412 11.467 11.521 11.582 11.659 11.736 11.813 11.889 11.966 12.043 12.120 12.201 12.281 12.362 12.443 12.524 12.605 12.686 12.767 12.848 12.911 12.946 12.932 12.931 12.930 12.929 12.928 12.926 12.925 12.924 12.923 12.922 12.868 12.804 12.740 12.676 12.612 12.547 12.483 12.425 12.373 12.379 12.513 12.646 12.814 12.984 13.155 13.325 13.496 13.675 13.876 14.076 14.277 14.477 14.678 14.879 15.042 14.993
12.375 12.244 12.113 11.976 11.834 11.692 11.549 11.407 11.265 11.270 11.294 11.318 11.342 11.366 11.388 11.405 11.422 11.438 11.455 11.479 11.534 11.588 11.643 11.697 11.768 11.845 11.921 11.998 12.075 12.152 12.233 12.314 12.394 12.475 12.556 12.637 12.718 12.783 12.842 12.902 12.936 12.923 12.909 12.898 12.897 12.896 12.894 12.893 12.892 12.891 12.890 12.840 12.776 12.712 12.647 12.583 12.519 12.465 12.413 12.361 12.338 12.471 12.604 12.738 12.874 13.044 13.214 13.385 13.568 13.768 13.969 14.169 14.370 14.571 14.772 14.972 15.141
12.440 12.308 12.177 12.046 11.915 11.776 11.634 11.492 11.349 11.350 11.374 11.399 11.423 11.439 11.456 11.473 11.490 11.506 11.523 11.546 11.601 11.655 11.710 11.764 11.819 11.877 11.954 12.030 12.107 12.184 12.265 12.346 12.426 12.507 12.588 12.655 12.714 12.773 12.833 12.892 12.927 12.913 12.900 12.886 12.873 12.864 12.862 12.861 12.860 12.859 12.858 12.812 12.747 12.683 12.619 12.557 12.505 12.453 12.401 12.349 12.297 12.429 12.563 12.696 12.830 12.963 13.104 13.274 13.460 13.661 13.862 14.063 14.262 14.455 14.649 14.843 15.035
12.505 12.373 12.242 12.111 11.980 11.849 11.718 11.576 11.434 11.431 11.455 11.474 11.491 11.507 11.524 11.541 11.558 11.574 11.591 11.613 11.668 11.723 11.777 11.832 11.886 11.941 11.995 12.062 12.139 12.216 12.297 12.378 12.459 12.526 12.586 12.645 12.704 12.763 12.823 12.882 12.917 12.904 12.890 12.877 12.864 12.850 12.837 12.829 12.828 12.827 12.826 12.783 12.719 12.655 12.598 12.546 12.494 12.442 12.390 12.338 12.286 12.388 12.521 12.655 12.788 12.921 13.055 13.188 13.343 13.537 13.731 13.925 14.119 14.313 14.506 14.700 14.889
12.569 12.438 12.307 12.176 12.045 11.914 11.783 11.652 11.519 11.509 11.525 11.542 11.559 11.576 11.592 11.609 11.626 11.642 11.659 11.681 11.735 11.790 11.844 11.899 11.953 12.008 12.062 12.117 12.172 12.248 12.329 12.398 12.457 12.517 12.576 12.635 12.694 12.754 12.813 12.872 12.908 12.894 12.881 12.867 12.854 12.841 12.827 12.814 12.800 12.795 12.794 12.755 12.691 12.638 12.586 12.534 12.482 12.430 12.378 12.326 12.274 12.346 12.480 12.613 12.746 12.880 13.013 13.113 13.200 13.394 13.588 13.782 13.975 14.169 14.363 14.557 14.742
12.634 12.503 12.372 12.241 12.110 11.979 11.848 11.718 11.617 11.589 11.593 11.610 11.627 11.644 11.660 11.677 11.694 11.710 11.727 11.748 11.802 11.857 11.911 11.966 12.020 12.075 12.130 12.184 12.239 12.290 12.329 12.388 12.447 12.507 12.566 12.625 12.685 12.744 12.803 12.863 12.898 12.885 12.871 12.858 12.844 12.831 12.818 12.804 12.791 12.777 12.764 12.730 12.678 12.626 12.574 12.522 12.470 12.418 12.366 12.314 12.262 12.305 12.438 12.571 12.705 12.838 12.941 13.026 13.112 13.251 13.445 13.638 13.832 14.026 14.220 14.410 14.597
12.699 12.568 12.437 12.306 12.175 12.044 11.932 11.831 11.730 11.694 11.691 11.687 11.695 11.712 11.728 11.745 11.762 11.778 11.795 11.815 11.869 11.924 11.978 12.033 12.088 12.142 12.197 12.249 12.295 12.341 12.352 12.378 12.438 12.497 12.556 12.616 12.675 12.734 12.793 12.853 12.889 12.875 12.862 12.848 12.835 12.822 12.808 12.795 12.781 12.768 12.744 12.708 12.663 12.615 12.563 12.511 12.459 12.407 12.355 12.303 12.251 12.263 12.396 12.530 12.663 12.768 12.854 12.939 13.025 13.111 13.302 13.496 13.690 13.882 14.076 14.264 14.451
12.764 12.633 12.502 12.371 12.248 12.146 12.045 11.944 11.843 11.800 11.796 11.793 11.789 11.785 11.796 11.813 11.830 11.846 11.863 11.882 11.937 11.991 12.046 12.100 12.155 12.208 12.254 12.300 12.346 12.389 12.401 12.413 12.428 12.487 12.547 12.606 12.665 12.724 12.784 12.843 12.879 12.866 12.852 12.839 12.825 12.812 12.799 12.785 12.772 12.743 12.713 12.680 12.635 12.589 12.544 12.498 12.447 12.395 12.343 12.291 12.239 12.221 12.355 12.488 12.595 12.681 12.767 12.852 12.938 13.024 13.158 13.352 13.546 13.740 13.932 14.118 14.304
12.829 12.698 12.567 12.462 12.361 12.259 12.158 12.057 11.955 11.905 11.902 11.898 11.894 11.891 11.887 11.883 11.898 11.915 11.931 11.949 12.004 12.058 12.113 12.167 12.213 12.259 12.306 12.352 12.398 12.437 12.449 12.461 12.473 12.485 12.537 12.596 12.655 12.715 12.774 12.833 12.869 12.856 12.843 12.829 12.816 12.802 12.789 12.771 12.741 12.711 12.681 12.651 12.606 12.561 12.515 12.470 12.424 12.379 12.331 12.279 12.227 12.180 12.313 12.423 12.508 12.594 12.680 12.765 12.851 12.937 13.023 13.209 13.403 13.597 13.785 13.972 14.159
12.894 12.777 12.676 12.575 12.473 12.372 12.271 12.169 12.068 12.010 12.007 12.003 12.000 11.996 11.992 11.989 11.985 11.983 11.999 12.016 12.071 12.125 12.173 12.219 12.265 12.311 12.357 12.403 12.449 12.486 12.498 12.509 12.521 12.533 12.545 12.586 12.646 12.705 12.764 12.824 12.860 12.846 12.833 12.820 12.806 12.793 12.770 12.740 12.710 12.680 12.650 12.620 12.578 12.533 12.487 12.442 12.396 12.350 12.305 12.259 12.214 12.164 12.250 12.336 12.421 12.507 12.593 12.678 12.764 12.850 12.936 13.066 13.259 13.452 13.639 13.826 14.013
12.991 12.890 12.789 12.687 12.586 12.485 12.383 12.282 12.181 12.116 12.112 12.109 12.105 12.101 12.098 12.094 12.091 12.087 12.083 12.084 12.132 12.178 12.224 12.270 12.316 12.362 12.409 12.455 12.501 12.534 12.546 12.558 12.570 12.582 12.593 12.605 12.636 12.695 12.754 12.814 12.850 12.837 12.823 12.810 12.797 12.768 12.738 12.708 12.678 12.648 12.618 12.588 12.550 12.504 12.459 12.413 12.368 12.322 12.277 12.231 12.186 12.125 12.148 12.240 12.332 12.420 12.506 12.591 12.677 12.763 12.849 12.934 13.116 13.307 13.493 13.680 13.866
13.104 13.003 12.901 12.800 12.699 12.597 12.496 12.395 12.293 12.221 12.218 12.214 12.210 12.207 12.203 12.200 12.196 12.192 12.176 12.121 12.170 12.229 12.276 12.322 12.368 12.414 12.460 12.506 12.552 12.583 12.594 12.606 12.618 12.630 12.642 12.654 12.665 12.685 12.745 12.804 12.841 12.827 12.814 12.797 12.767 12.737 12.707 12.677 12.647 12.617 12.587 12.557 12.522 12.476 12.431 12.385 12.339 12.294 12.248 12.203 12.142 12.062 12.031 12.122 12.214 12.306 12.398 12.489 12.581 12.673 12.762 12.847 12.973 13.161 13.347 13.534 13.721
13.217 13.115 13.014 12.913 12.811 12.710 12.609 12.507 12.406 12.327 12.323 12.319 12.316 12.312 12.309 12.305 12.301 12.262 12.207 12.152 12.184 12.250 12.316 12.373 12.419 12.466 12.512 12.558 12.604 12.631 12.643 12.655 12.667 12.678 12.690 12.702 12.714 12.726 12.738 12.794 12.831 12.818 12.796 12.766 12.736 12.705 12.675 12.645 12.615 12.585 12.555 12.525 12.493 12.448 12.402 12.357 12.311 12.266 12.220 12.158 12.079 12.000 11.921 12.005 12.097 12.188 12.280 12.372 12.464 12.555 12.647 12.739 12.881 13.073 13.266 13.460 13.654
13.137 13.173 13.127 13.025 12.924 12.823 12.721 12.620 12.519 12.432 12.428 12.425 12.421 12.418 12.414 12.404 12.348 12.293 12.238 12.182 12.198 12.264 12.330 12.396 12.462 12.517 12.563 12.609 12.656 12.679 12.691 12.703 12.715 12.727 12.739 12.750 12.762 12.774 12.786 12.798 12.822 12.794 12.764 12.734 12.704 12.674 12.644 12.614 12.584 12.554 12.524 12.494 12.464 12.420 12.374 12.328 12.283 12.237 12.175 12.096 12.017 11.937 11.858 11.888 11.979 12.071 12.163 12.255 12.346 12.438 12.530 12.650 12.834 13.021 13.214 13.408 13.601
12.982 13.018 13.053 13.089 13.037 12.935 12.834 12.733 12.631 12.537 12.534 12.530 12.527 12.523 12.490 12.434 12.379 12.324 12.268 12.213 12.213 12.278 12.344 12.410 12.476 12.542 12.608 12.661 12.707 12.728 12.740 12.751 12.763 12.775 12.787 12.799 12.805 12.810 12.815 12.821 12.818 12.774 12.733 12.703 12.673 12.643 12.613 12.583 12.552 12.522 12.492 12.462 12.432 12.391 12.346 12.300 12.255 12.192 12.112 12.033 11.954 11.875 11.796 11.770 11.862 11.954 12.045 12.137 12.229 12.320 12.420 12.603 12.787 12.970 13.163 13.356 13.550
12.827 12.862 12.898 12.934 12.970 13.005 12.947 12.845 12.744 12.643 12.639 12.635 12.631 12.576 12.520 12.465 12.410 12.354 12.299 12.244 12.227 12.293 12.359 12.424 12.490 12.556 12.622 12.688 12.754 12.770 12.775 12.780 12.786 12.791 12.797 12.802 12.807 12.813 12.818 12.820 12.817 12.786 12.743 12.699 12.656 12.612 12.581 12.551 12.521 12.491 12.461 12.431 12.401 12.363 12.318 12.272 12.208 12.129 12.050 11.971 11.892 11.812 11.733 11.654 11.744 11.836 11.928 12.020 12.111 12.203 12.373 12.556 12.740 12.923 13.110 13.304 13.497
