includes/oleron/floodfiles/results/res-0011.wd
ncols         631
nrows         906
xllcorner     364927.146667
yllcorner     6531972.565556
cellsize      20.000000
NODATA_value  -9999.000000
[rows 238 to 271 of 906, columns 462 to 538 of 631]
0.005 0.006 0.008 0.012 0.043 0.091 0.140 0.190 0.240 0.290 0.340 0.390 0.440 0.490 0.506 0.493 0.464 0.436 0.408 0.382 0.357 0.332 0.307 0.282 0.258 0.233 0.210 0.186 0.163 0.140 0.118 0.131 0.146 0.160 0.174 0.184 0.177 0.171 0.164 0.157 0.151 0.144 0.138 0.133 0.135 0.137 0.139 0.141 0.142 0.143 0.150 0.197 0.244 0.289 0.324 0.358 0.392 0.426 0.460 0.494 0.528 0.699 0.901 1.102 1.304 1.505 1.706 1.917 2.139 2.361 2.583 2.805 3.027 3.249 3.416 3.578 3.740
0.007 0.009 0.010 0.012 0.025 0.070 0.119 0.169 0.219 0.269 0.319 0.369 0.419 0.445 0.460 0.463 0.435 0.406 0.378 0.350 0.322 0.294 0.267 0.242 0.217 0.193 0.169 0.145 0.122 0.099 0.076 0.082 0.098 0.112 0.121 0.114 0.107 0.100 0.093 0.087 0.080 0.075 0.069 0.063 0.063 0.064 0.066 0.068 0.070 0.070 0.113 0.160 0.206 0.253 0.295 0.329 0.363 0.397 0.431 0.465 0.530 0.731 0.932 1.134 1.335 1.537 1.738 1.939 2.152 2.374 2.596 2.818 3.040 3.245 3.407 3.569 3.731
0.009 0.011 0.012 0.013 0.018 0.050 0.098 0.148 0.198 0.248 0.298 0.348 0.385 0.399 0.414 0.429 0.405 0.377 0.349 0.320 0.292 0.264 0.236 0.208 0.180 0.152 0.128 0.103 0.079 0.054 0.027 0.021 0.041 0.048 0.040 0.030 0.019 0.012 0.007 0.003 0.002 0.001 0.000 0.000 0.000 0.000 0.000 0.000 0.000 0.017 0.075 0.123 0.169 0.215 0.262 0.300 0.334 0.368 0.402 0.436 0.561 0.763 0.964 1.165 1.367 1.568 1.770 1.971 2.173 2.388 2.610 2.832 3.054 3.235 3.397 3.559 3.721
0.011 0.012 0.013 0.014 0.016 0.032 0.078 0.127 0.177 0.227 0.277 0.324 0.339 0.354 0.368 0.383 0.376 0.347 0.319 0.291 0.262 0.234 0.206 0.178 0.149 0.121 0.093 0.066 0.037 0.005 0.000 0.000 0.000 0.000 0.000 0.000 0.000 0.000 0.000 0.000 0.000 0.000 0.000 0.000 0.000 0.000 0.000 0.000 0.000 0.000 0.033 0.086 0.132 0.178 0.225 0.271 0.305 0.339 0.373 0.407 0.593 0.794 0.996 1.197 1.398 1.600 1.801 2.003 2.204 2.406 2.623 2.845 3.063 3.225 3.387 3.549 3.711
0.013 0.014 0.014 0.015 0.016 0.023 0.058 0.107 0.156 0.206 0.257 0.278 0.293 0.308 0.323 0.337 0.346 0.318 0.289 0.261 0.233 0.204 0.176 0.147 0.119 0.091 0.063 0.034 0.004 0.000 0.000 0.000 0.000 0.000 0.000 0.000 0.000 0.000 0.000 0.000 0.000 0.000 0.000 0.000 0.000 0.000 0.000 0.000 0.000 0.000 0.000 0.049 0.096 0.141 0.187 0.233 0.276 0.310 0.345 0.423 0.624 0.826 1.027 1.229 1.430 1.632 1.833 2.035 2.236 2.437 2.639 2.859 3.054 3.216 3.378 3.540 3.702
0.017 0.015 0.015 0.016 0.017 0.020 0.040 0.086 0.136 0.186 0.218 0.232 0.247 0.262 0.277 0.291 0.306 0.288 0.260 0.231 0.203 0.175 0.146 0.118 0.089 0.060 0.032 0.003 0.000 0.000 0.000 0.000 0.000 0.000 0.000 0.000 0.000 0.000 0.000 0.000 0.000 0.000 0.000 0.000 0.000 0.000 0.000 0.000 0.000 0.000 0.000 0.002 0.058 0.104 0.149 0.195 0.241 0.281 0.315 0.454 0.656 0.857 1.059 1.260 1.462 1.663 1.865 2.066 2.268 2.469 2.671 2.872 3.044 3.205 3.363 3.521 3.678
0.019 0.015 0.016 0.017 0.018 0.020 0.029 0.066 0.115 0.157 0.172 0.187 0.201 0.216 0.231 0.246 0.260 0.259 0.230 0.202 0.173 0.145 0.116 0.088 0.059 0.030 0.004 0.000 0.000 0.000 0.000 0.000 0.000 0.000 0.000 0.000 0.000 0.000 0.000 0.000 0.000 0.000 0.000 0.000 0.000 0.000 0.000 0.000 0.000 0.000 0.000 0.000 0.005 0.064 0.110 0.157 0.203 0.250 0.286 0.486 0.687 0.889 1.090 1.292 1.493 1.687 1.881 2.074 2.268 2.461 2.655 2.834 2.980 3.138 3.295 3.453 3.611
0.021 0.019 0.017 0.018 0.019 0.020 0.026 0.050 0.095 0.112 0.126 0.141 0.156 0.170 0.185 0.200 0.215 0.229 0.201 0.172 0.144 0.115 0.087 0.058 0.029 0.003 0.000 0.000 0.000 0.000 0.000 0.000 0.001 0.000 0.000 0.000 0.000 0.000 0.000 0.000 0.000 0.000 0.000 0.000 0.000 0.000 0.000 0.000 0.000 0.000 0.000 0.000 0.001 0.047 0.093 0.138 0.183 0.228 0.298 0.493 0.686 0.880 1.073 1.267 1.460 1.654 1.847 2.041 2.234 2.428 2.621 2.777 2.919 3.070 3.227 3.385 3.543
0.023 0.021 0.018 0.018 0.019 0.021 0.026 0.041 0.056 0.068 0.081 0.095 0.110 0.125 0.139 0.154 0.169 0.184 0.171 0.143 0.114 0.086 0.057 0.028 0.003 0.000 0.000 0.000 0.000 0.000 0.000 0.000 0.001 0.001 0.000 0.000 0.000 0.000 0.000 0.000 0.000 0.000 0.000 0.000 0.000 0.000 0.000 0.000 0.000 0.000 0.000 0.000 0.011 0.074 0.122 0.168 0.214 0.260 0.334 0.459 0.653 0.846 1.040 1.233 1.427 1.621 1.814 2.008 2.201 2.395 2.579 2.721 2.863 3.004 3.159 3.317 3.475
0.024 0.023 0.019 0.019 0.020 0.023 0.029 0.034 0.034 0.036 0.042 0.052 0.065 0.079 0.094 0.108 0.123 0.138 0.142 0.113 0.085 0.056 0.028 0.003 0.000 0.000 0.000 0.000 0.000 0.000 0.000 0.000 0.008 0.062 0.016 0.001 0.000 0.000 0.000 0.000 0.000 0.000 0.000 0.000 0.000 0.000 0.000 0.000 0.000 0.000 0.000 0.001 0.057 0.106 0.153 0.200 0.246 0.307 0.382 0.458 0.619 0.813 1.006 1.200 1.394 1.587 1.781 1.974 2.168 2.361 2.523 2.664 2.806 2.948 3.092 3.249 3.407
0.025 0.025 0.022 0.020 0.021 0.026 0.032 0.029 0.026 0.025 0.025 0.026 0.030 0.038 0.050 0.063 0.078 0.092 0.107 0.084 0.056 0.027 0.003 0.000 0.000 0.000 0.000 0.000 0.000 0.000 0.000 0.005 0.063 0.106 0.103 0.070 0.023 0.001 0.000 0.000 0.000 0.000 0.000 0.000 0.000 0.000 0.000 0.000 0.000 0.000 0.000 0.030 0.089 0.138 0.185 0.232 0.279 0.355 0.431 0.507 0.585 0.779 0.973 1.166 1.360 1.554 1.747 1.941 2.134 2.324 2.466 2.608 2.750 2.892 3.033 3.182 3.339
0.026 0.026 0.025 0.020 0.023 0.029 0.028 0.025 0.023 0.022 0.021 0.021 0.021 0.022 0.024 0.028 0.036 0.049 0.063 0.057 0.028 0.003 0.000 0.000 0.000 0.000 0.000 0.000 0.000 0.000 0.002 0.057 0.102 0.144 0.172 0.139 0.106 0.072 0.024 0.001 0.000 0.000 0.000 0.000 0.000 0.000 0.000 0.000 0.000 0.000 0.005 0.068 0.120 0.169 0.217 0.264 0.328 0.404 0.480 0.556 0.631 0.745 0.939 1.133 1.327 1.520 1.714 1.907 2.101 2.268 2.410 2.552 2.693 2.835 2.977 3.119 3.271
0.027 0.027 0.026 0.023 0.025 0.027 0.024 0.023 0.022 0.021 0.020 0.020 0.019 0.019 0.019 0.019 0.019 0.021 0.029 0.038 0.012 0.000 0.000 0.000 0.000 0.000 0.000 0.000 0.000 0.000 0.042 0.093 0.136 0.179 0.221 0.205 0.172 0.139 0.106 0.072 0.024 0.001 0.000 0.000 0.000 0.000 0.000 0.000 0.000 0.001 0.048 0.101 0.152 0.201 0.249 0.300 0.377 0.453 0.529 0.605 0.680 0.756 0.905 1.099 1.293 1.487 1.680 1.874 2.068 2.211 2.353 2.495 2.637 2.779 2.921 3.062 3.204
0.024 0.025 0.026 0.026 0.025 0.023 0.022 0.021 0.021 0.020 0.019 0.019 0.019 0.019 0.018 0.017 0.017 0.016 0.017 0.024 0.012 0.000 0.000 0.000 0.000 0.000 0.000 0.000 0.000 0.023 0.081 0.127 0.170 0.212 0.254 0.270 0.237 0.204 0.172 0.139 0.106 0.085 0.064 0.031 0.007 0.001 0.000 0.000 0.000 0.010 0.077 0.132 0.183 0.232 0.281 0.349 0.426 0.502 0.578 0.654 0.729 0.805 0.880 1.066 1.260 1.453 1.647 1.841 2.013 2.155 2.297 2.439 2.581 2.722 2.864 3.006 3.148
0.024 0.024 0.024 0.025 0.027 0.026 0.024 0.023 0.021 0.019 0.019 0.019 0.019 0.018 0.018 0.017 0.016 0.015 0.014 0.015 0.014 0.000 0.000 0.000 0.000 0.000 0.000 0.000 0.006 0.069 0.115 0.159 0.202 0.245 0.287 0.329 0.301 0.268 0.236 0.204 0.180 0.161 0.141 0.121 0.102 0.084 0.066 0.044 0.033 0.041 0.107 0.162 0.214 0.264 0.320 0.398 0.475 0.551 0.627 0.703 0.778 0.854 0.929 1.032 1.226 1.420 1.614 1.807 1.957 2.099 2.240 2.382 2.524 2.666 2.808 2.949 3.091
0.024 0.024 0.024 0.025 0.028 0.029 0.028 0.028 0.027 0.026 0.025 0.023 0.021 0.020 0.018 0.016 0.015 0.014 0.013 0.011 0.012 0.000 0.000 0.000 0.000 0.000 0.000 0.001 0.054 0.103 0.148 0.191 0.234 0.276 0.319 0.361 0.363 0.331 0.299 0.272 0.252 0.233 0.214 0.195 0.177 0.160 0.143 0.128 0.115 0.107 0.134 0.192 0.245 0.296 0.369 0.447 0.524 0.600 0.676 0.752 0.828 0.903 0.978 1.054 1.193 1.386 1.580 1.758 1.900 2.042 2.184 2.326 2.468 2.609 2.751 2.893 3.035
0.024 0.024 0.025 0.025 0.027 0.030 0.030 0.029 0.028 0.028 0.027 0.026 0.025 0.024 0.023 0.021 0.019 0.017 0.014 0.010 0.006 0.007 0.008 0.009 0.009 0.008 0.007 0.026 0.086 0.134 0.179 0.222 0.265 0.308 0.350 0.392 0.426 0.393 0.363 0.343 0.324 0.304 0.285 0.267 0.249 0.232 0.215 0.200 0.186 0.175 0.167 0.222 0.276 0.338 0.418 0.496 0.573 0.649 0.726 0.801 0.877 0.952 1.028 1.103 1.178 1.353 1.547 1.702 1.844 1.986 2.127 2.269 2.411 2.553 2.695 2.837 2.978
0.024 0.025 0.025 0.025 0.027 0.030 0.030 0.029 0.029 0.028 0.027 0.027 0.026 0.025 0.024 0.022 0.020 0.018 0.015 0.011 0.008 0.006 0.006 0.007 0.010 0.012 0.015 0.047 0.105 0.157 0.207 0.253 0.296 0.339 0.381 0.423 0.465 0.456 0.434 0.414 0.394 0.375 0.356 0.338 0.320 0.302 0.286 0.271 0.257 0.244 0.234 0.251 0.307 0.386 0.466 0.545 0.622 0.699 0.775 0.851 0.926 1.002 1.077 1.152 1.227 1.320 1.503 1.645 1.787 1.929 2.071 2.213 2.355 2.497 2.638 2.780 2.922
0.025 0.025 0.025 0.025 0.026 0.029 0.029 0.029 0.028 0.028 0.027 0.026 0.026 0.024 0.023 0.022 0.020 0.017 0.013 0.009 0.009 0.007 0.007 0.007 0.007 0.008 0.009 0.040 0.099 0.151 0.200 0.248 0.296 0.343 0.389 0.436 0.482 0.507 0.489 0.472 0.455 0.439 0.423 0.407 0.390 0.373 0.356 0.341 0.326 0.314 0.302 0.292 0.351 0.435 0.515 0.594 0.671 0.748 0.824 0.900 0.976 1.051 1.123 1.195 1.268 1.340 1.446 1.587 1.729 1.870 2.012 2.153 2.295 2.436 2.577 2.719 2.860
0.025 0.025 0.025 0.025 0.025 0.027 0.029 0.028 0.028 0.027 0.026 0.026 0.025 0.024 0.022 0.020 0.018 0.014 0.009 0.009 0.009 0.009 0.006 0.007 0.007 0.007 0.008 0.030 0.092 0.144 0.194 0.242 0.289 0.336 0.383 0.430 0.471 0.499 0.497 0.480 0.463 0.446 0.430 0.414 0.399 0.384 0.371 0.358 0.346 0.336 0.327 0.319 0.346 0.427 0.505 0.581 0.655 0.729 0.803 0.876 0.948 1.021 1.093 1.165 1.237 1.312 1.398 1.525 1.667 1.808 1.950 2.091 2.233 2.374 2.516 2.657 2.798
0.025 0.025 0.025 0.025 0.024 0.025 0.028 0.027 0.027 0.026 0.025 0.025 0.024 0.022 0.021 0.018 0.015 0.010 0.010 0.010 0.010 0.010 0.008 0.007 0.007 0.008 0.008 0.022 0.086 0.138 0.187 0.235 0.283 0.330 0.377 0.423 0.453 0.480 0.504 0.487 0.470 0.453 0.437 0.421 0.406 0.391 0.378 0.365 0.353 0.343 0.333 0.334 0.344 0.395 0.474 0.550 0.625 0.699 0.772 0.845 0.918 0.991 1.063 1.135 1.207 1.289 1.375 1.463 1.605 1.747 1.888 2.030 2.171 2.312 2.454 2.595 2.737
0.025 0.025 0.024 0.024 0.023 0.024 0.027 0.026 0.026 0.025 0.024 0.023 0.022 0.021 0.019 0.016 0.011 0.010 0.010 0.010 0.010 0.010 0.009 0.007 0.007 0.008 0.008 0.016 0.080 0.131 0.181 0.229 0.276 0.323 0.370 0.406 0.434 0.462 0.490 0.494 0.477 0.461 0.444 0.429 0.413 0.399 0.385 0.372 0.360 0.349 0.342 0.351 0.359 0.367 0.442 0.519 0.594 0.668 0.742 0.815 0.888 0.961 1.033 1.105 1.179 1.266 1.352 1.438 1.543 1.685 1.826 1.968 2.109 2.251 2.392 2.534 2.675
0.025 0.024 0.023 0.023 0.022 0.022 0.024 0.025 0.025 0.024 0.023 0.022 0.021 0.019 0.016 0.012 0.009 0.010 0.010 0.010 0.010 0.010 0.010 0.008 0.008 0.008 0.008 0.013 0.073 0.125 0.174 0.222 0.270 0.317 0.359 0.387 0.415 0.443 0.471 0.499 0.485 0.468 0.452 0.436 0.421 0.406 0.392 0.379 0.367 0.356 0.359 0.367 0.374 0.382 0.410 0.488 0.563 0.638 0.712 0.785 0.858 0.930 1.003 1.075 1.156 1.243 1.329 1.416 1.502 1.623 1.765 1.906 2.047 2.189 2.330 2.472 2.613
0.024 0.023 0.022 0.022 0.021 0.021 0.022 0.024 0.024 0.023 0.022 0.021 0.019 0.017 0.013 0.009 0.009 0.010 0.010 0.010 0.011 0.011 0.011 0.010 0.007 0.008 0.008 0.010 0.066 0.118 0.167 0.215 0.263 0.310 0.340 0.368 0.396 0.424 0.453 0.481 0.492 0.476 0.459 0.443 0.428 0.413 0.399 0.386 0.374 0.368 0.376 0.383 0.390 0.397 0.404 0.456 0.532 0.607 0.681 0.755 0.828 0.900 0.973 1.047 1.133 1.220 1.306 1.393 1.479 1.565 1.703 1.844 1.986 2.127 2.269 2.410 2.551
0.023 0.022 0.021 0.020 0.020 0.020 0.020 0.023 0.023 0.022 0.021 0.020 0.017 0.014 0.009 0.009 0.009 0.010 0.010 0.010 0.011 0.011 0.011 0.011 0.009 0.008 0.008 0.009 0.055 0.110 0.160 0.208 0.256 0.293 0.321 0.349 0.377 0.406 0.434 0.462 0.491 0.483 0.467 0.451 0.435 0.421 0.407 0.394 0.381 0.386 0.393 0.399 0.406 0.412 0.419 0.424 0.501 0.576 0.651 0.724 0.797 0.870 0.943 1.024 1.110 1.197 1.284 1.370 1.456 1.543 1.641 1.782 1.924 2.065 2.207 2.348 2.490
0.021 0.020 0.020 0.019 0.019 0.018 0.019 0.021 0.022 0.021 0.020 0.018 0.015 0.010 0.010 0.010 0.010 0.010 0.010 0.010 0.011 0.011 0.011 0.011 0.010 0.007 0.008 0.009 0.043 0.102 0.152 0.201 0.245 0.273 0.302 0.330 0.359 0.387 0.415 0.444 0.472 0.491 0.474 0.458 0.443 0.428 0.414 0.401 0.397 0.403 0.410 0.416 0.422 0.428 0.434 0.439 0.469 0.545 0.620 0.694 0.767 0.840 0.914 1.001 1.088 1.174 1.261 1.347 1.433 1.520 1.606 1.721 1.862 2.004 2.145 2.286 2.422
0.019 0.019 0.018 0.018 0.017 0.017 0.018 0.019 0.021 0.020 0.018 0.016 0.012 0.010 0.010 0.010 0.010 0.010 0.010 0.011 0.011 0.011 0.011 0.011 0.011 0.009 0.008 0.009 0.032 0.094 0.145 0.194 0.225 0.254 0.282 0.311 0.340 0.368 0.397 0.425 0.454 0.482 0.482 0.466 0.450 0.436 0.421 0.409 0.414 0.421 0.427 0.433 0.439 0.444 0.450 0.455 0.460 0.513 0.589 0.663 0.736 0.810 0.891 0.978 1.065 1.151 1.238 1.324 1.411 1.497 1.583 1.669 1.800 1.942 2.083 2.225 2.352
0.018 0.017 0.017 0.017 0.017 0.017 0.017 0.018 0.020 0.019 0.017 0.013 0.009 0.009 0.010 0.010 0.010 0.010 0.010 0.011 0.011 0.011 0.011 0.011 0.011 0.010 0.007 0.008 0.023 0.086 0.137 0.176 0.205 0.234 0.263 0.292 0.321 0.349 0.378 0.407 0.435 0.464 0.489 0.473 0.458 0.443 0.429 0.426 0.432 0.438 0.444 0.450 0.455 0.460 0.466 0.470 0.475 0.482 0.558 0.632 0.706 0.781 0.868 0.955 1.042 1.128 1.215 1.301 1.388 1.474 1.560 1.647 1.739 1.880 2.022 2.159 2.282
0.016 0.016 0.016 0.016 0.016 0.016 0.017 0.017 0.019 0.018 0.014 0.009 0.009 0.009 0.010 0.010 0.010 0.010 0.010 0.011 0.011 0.011 0.011 0.011 0.011 0.011 0.009 0.008 0.016 0.079 0.126 0.156 0.186 0.215 0.244 0.273 0.302 0.330 0.359 0.388 0.417 0.446 0.474 0.481 0.465 0.450 0.439 0.444 0.450 0.455 0.461 0.466 0.472 0.477 0.482 0.486 0.491 0.495 0.526 0.602 0.676 0.757 0.845 0.932 1.019 1.105 1.192 1.278 1.365 1.451 1.537 1.624 1.710 1.818 1.960 2.089 2.213
0.015 0.015 0.015 0.015 0.016 0.016 0.016 0.017 0.018 0.016 0.010 0.010 0.010 0.010 0.010 0.010 0.010 0.010 0.010 0.010 0.010 0.010 0.010 0.011 0.011 0.011 0.010 0.007 0.012 0.071 0.106 0.137 0.166 0.196 0.225 0.254 0.282 0.311 0.340 0.369 0.398 0.427 0.456 0.485 0.472 0.458 0.457 0.462 0.467 0.473 0.478 0.483 0.489 0.494 0.498 0.503 0.507 0.511 0.514 0.571 0.646 0.734 0.822 0.909 0.996 1.083 1.169 1.256 1.342 1.428 1.515 1.601 1.687 1.773 1.896 2.019 2.143
0.014 0.014 0.015 0.015 0.016 0.016 0.017 0.017 0.016 0.013 0.010 0.010 0.009 0.009 0.008 0.008 0.008 0.008 0.008 0.008 0.009 0.009 0.009 0.009 0.009 0.009 0.009 0.007 0.010 0.052 0.085 0.116 0.146 0.176 0.205 0.234 0.263 0.292 0.321 0.350 0.379 0.408 0.437 0.467 0.480 0.470 0.475 0.480 0.485 0.490 0.495 0.500 0.505 0.510 0.515 0.519 0.523 0.527 0.530 0.540 0.623 0.711 0.799 0.886 0.973 1.060 1.146 1.231 1.315 1.400 1.484 1.569 1.653 1.737 1.837 1.962 2.088
0.013 0.014 0.015 0.015 0.016 0.017 0.017 0.017 0.015 0.013 0.012 0.010 0.009 0.008 0.008 0.007 0.007 0.007 0.007 0.007 0.007 0.007 0.007 0.007 0.007 0.007 0.007 0.007 0.010 0.025 0.063 0.096 0.127 0.157 0.187 0.216 0.245 0.274 0.303 0.332 0.361 0.390 0.419 0.448 0.478 0.485 0.488 0.492 0.496 0.500 0.504 0.509 0.513 0.516 0.520 0.523 0.526 0.529 0.531 0.534 0.582 0.668 0.754 0.840 0.925 1.010 1.094 1.179 1.263 1.348 1.432 1.517 1.601 1.686 1.798 1.913 2.039
0.013 0.014 0.015 0.016 0.016 0.017 0.017 0.017 0.014 0.014 0.017 0.014 0.012 0.011 0.010 0.009 0.008 0.008 0.007 0.007 0.007 0.007 0.007 0.007 0.007 0.007 0.009 0.022 0.023 0.022 0.052 0.084 0.116 0.146 0.175 0.205 0.234 0.263 0.292 0.321 0.350 0.379 0.408 0.438 0.461 0.472 0.475 0.479 0.483 0.487 0.491 0.495 0.499 0.503 0.506 0.510 0.512 0.515 0.517 0.529 0.549 0.616 0.702 0.788 0.873 0.958 1.042 1.127 1.212 1.296 1.380 1.465 1.549 1.647 1.759 1.871 1.990
0.013 0.014 0.015 0.016 0.017 0.018 0.018 0.017 0.013 0.014 0.016 0.018 0.016 0.014 0.012 0.011 0.010 0.009 0.008 0.008 0.008 0.008 0.007 0.007 0.008 0.010 0.022 0.039 0.034 0.026 0.039 0.072 0.104 0.134 0.164 0.194 0.223 0.252 0.281 0.310 0.339 0.368 0.398 0.427 0.441 0.454 0.462 0.466 0.470 0.474 0.478 0.482 0.486 0.490 0.493 0.496 0.499 0.501 0.504 0.525 0.544 0.564 0.650 0.735 0.821 0.906 0.990 1.075 1.160 1.244 1.328 1.413 1.497 1.608 1.720 1.832 1.944
