includes/oleron/floodfiles/results/res.totaltm
ncols         631
nrows         906
xllcorner     364927.146667
yllcorner     6531972.565556
cellsize      20.000000
NODATA_value  -9999.000000
[rows 165 to 197 of 906, columns 222 to 295 of 631]
0.000 0.000 0.000 8.090 2.215 0.000 8.811 0.000 8.953 8.998 8.587 9.002 3.860 0.000 8.745 8.766 1.035 9.573 9.597 9.620 9.688 9.676 1.898 9.828 9.835 9.859 9.856 9.882 0.000 2.931 2.342 0.000 0.000 0.000 0.000 10.171 2.947 1.737 2.426 10.348 10.341 10.404 10.412 10.394 10.418 10.427 10.437 5.745 10.486 10.491 10.494 10.526 10.529 10.562 10.569 10.576 10.591 10.598 10.604 10.599 10.592 9.791 10.649 10.658 7.090 5.009 3.166 10.746 10.798 1.024 10.816 6.588 5.321 2.383
0.000 0.000 0.000 8.163 8.141 0.000 8.890 8.900 8.943 0.000 8.926 8.943 8.591 0.000 8.727 0.000 9.529 9.539 9.565 0.000 9.701 0.000 9.783 9.802 5.711 9.871 9.878 9.889 9.929 3.216 0.000 0.000 0.000 0.000 9.363 0.000 10.169 2.351 1.255 0.000 10.345 10.353 10.421 10.426 4.765 10.439 10.453 10.461 10.464 10.487 10.490 10.495 10.526 6.370 10.568 10.578 10.586 10.594 10.611 10.607 10.598 10.602 10.657 10.668 6.294 6.995 10.728 10.797 10.805 10.313 10.832 10.870 10.874 10.878
0.000 0.000 1.037 8.292 0.000 8.779 8.848 0.000 0.000 8.896 8.918 0.000 8.576 8.557 0.000 9.483 9.491 9.529 0.000 2.350 7.827 9.757 9.780 9.785 2.087 9.877 9.884 9.929 9.934 9.941 9.927 3.810 0.000 0.000 1.999 2.320 4.363 0.000 0.000 0.000 0.000 10.323 3.236 10.437 10.442 2.002 10.449 10.455 10.461 6.525 10.486 10.488 10.507 10.515 10.519 10.568 7.823 1.710 10.616 10.628 2.560 2.503 3.458 10.673 10.702 10.710 10.720 10.740 10.740 10.806 2.897 10.831 10.871 10.879
0.000 2.387 8.288 8.331 0.000 8.759 8.619 0.000 8.868 8.882 0.000 8.279 7.861 0.000 9.426 9.437 9.272 9.508 9.549 9.589 4.209 9.735 9.772 9.779 9.770 1.961 5.393 6.729 9.944 9.968 9.974 9.978 9.996 6.545 9.953 10.074 10.098 0.000 0.000 0.000 0.000 0.000 10.311 5.855 10.453 10.458 0.000 10.462 10.469 10.472 10.475 10.491 10.488 10.519 10.529 10.523 2.384 10.593 10.631 10.636 10.650 10.654 10.666 10.674 7.822 10.709 10.714 7.811 10.845 10.815 10.789 4.331 10.878 7.516
0.000 0.000 8.169 8.376 8.417 0.000 8.811 8.819 8.860 0.000 0.000 0.000 9.331 9.360 9.408 0.000 0.000 9.465 8.580 9.567 9.588 9.727 0.000 2.898 2.325 9.794 4.448 8.864 9.935 9.938 0.000 3.133 10.002 10.008 10.022 10.039 10.071 10.058 0.000 0.000 0.000 0.000 0.000 10.317 4.433 10.463 10.472 0.000 10.465 10.469 4.195 10.495 10.513 10.493 10.535 1.006 10.609 10.617 10.624 0.000 2.258 10.653 10.665 10.675 10.683 9.923 10.732 10.793 10.852 2.722 3.394 10.893 3.339 10.903
0.000 0.000 0.000 8.410 8.445 8.667 8.761 8.811 0.000 0.000 0.000 9.297 9.324 9.337 0.000 9.100 0.000 9.462 4.395 9.542 9.688 9.703 0.000 4.866 2.456 9.754 9.787 1.108 9.909 9.932 0.000 9.835 0.000 0.000 9.985 10.033 10.057 10.061 10.087 0.000 0.000 0.000 0.000 0.000 10.351 7.347 10.482 10.486 0.000 10.466 10.472 2.787 10.518 10.535 10.540 10.553 10.559 10.611 10.607 10.631 10.642 10.653 10.468 0.000 1.438 10.705 10.710 10.852 10.857 10.869 10.875 10.903 10.907 10.930
6.499 7.530 0.000 1.465 2.417 5.354 8.754 0.000 0.000 0.000 9.253 9.271 9.307 0.000 9.153 9.119 9.455 9.479 9.551 9.669 9.681 4.498 1.387 9.645 5.242 4.073 9.801 8.962 9.897 0.000 9.754 9.849 9.859 9.912 6.419 0.000 10.023 10.082 10.090 10.106 10.053 0.000 0.000 0.000 0.000 10.394 10.404 10.499 10.506 0.000 10.492 10.501 0.000 9.003 3.777 3.948 10.596 10.604 0.000 1.004 10.634 10.658 10.667 10.681 10.689 6.438 10.817 10.844 3.105 1.352 10.871 10.860 10.903 10.898
1.553 6.289 0.000 1.741 1.495 8.184 0.000 0.000 0.000 9.214 9.224 0.000 0.480 2.094 9.362 9.372 9.428 9.431 9.644 9.655 9.485 9.463 9.576 8.360 4.425 9.672 0.000 9.805 0.000 9.675 9.789 9.803 9.848 9.853 4.563 9.643 0.000 10.045 10.103 10.111 10.115 10.140 0.000 0.000 0.000 0.000 10.439 10.446 10.516 10.524 0.953 10.512 5.059 4.737 10.572 10.580 10.589 0.000 10.611 10.622 10.640 10.649 0.000 9.253 10.697 10.702 10.810 10.763 10.834 10.845 10.857 10.864 10.871 10.895
8.151 8.309 8.322 8.160 4.152 8.156 0.000 9.151 9.160 9.201 0.000 3.301 5.904 9.272 9.373 9.385 9.371 9.357 9.629 9.566 9.555 9.534 9.562 0.000 9.573 0.000 9.510 0.000 9.661 9.754 9.773 9.787 3.658 0.000 9.612 1.867 9.823 3.273 3.469 10.114 10.139 10.146 10.153 0.000 0.000 0.000 0.000 10.502 10.523 10.529 10.539 5.534 10.538 0.432 3.253 10.600 10.595 3.274 2.543 10.616 7.612 10.640 4.110 10.714 8.474 10.783 10.790 10.753 0.000 10.841 10.786 10.853 10.862 10.855
0.000 8.216 8.335 3.347 7.679 0.000 9.088 9.096 9.151 0.000 8.950 5.769 9.193 9.257 7.016 9.395 9.499 9.504 9.618 9.571 1.922 9.519 9.516 9.535 9.556 0.000 9.530 2.878 9.652 9.658 9.654 3.529 0.000 9.225 9.533 0.000 9.800 9.823 3.096 0.000 10.108 10.161 10.160 10.186 0.000 0.000 0.000 0.000 10.529 10.536 10.550 10.556 10.561 10.585 10.599 10.607 3.046 10.631 10.604 5.368 2.387 6.852 4.806 10.718 10.733 10.765 5.264 10.759 10.814 10.831 10.816 10.821 0.838 10.847
2.082 0.000 8.416 8.525 0.000 9.036 9.076 9.088 0.000 8.368 8.966 7.052 0.000 9.229 9.383 9.400 9.506 9.581 9.587 3.341 9.470 9.485 9.471 0.000 4.514 4.100 9.548 9.576 9.624 9.590 0.000 0.000 9.343 0.000 0.587 9.637 9.661 9.796 9.800 0.000 0.000 10.165 10.192 10.190 10.211 5.631 3.057 1.177 2.525 10.491 10.526 10.533 10.540 4.720 10.608 10.612 10.630 10.635 10.642 10.646 10.662 10.670 10.691 10.701 2.973 10.697 10.690 0.000 10.808 10.765 10.810 4.054 10.829 10.843
7.087 8.199 3.512 8.541 8.999 9.026 4.091 0.000 0.000 0.000 8.984 0.000 9.171 9.216 0.000 0.000 9.237 9.345 9.384 1.661 0.000 9.469 9.450 9.343 0.000 9.452 9.531 4.099 9.590 0.000 0.000 2.797 2.541 9.497 9.538 9.572 9.625 9.749 9.784 9.813 0.000 0.000 10.203 10.214 10.217 10.235 10.335 0.289 10.464 10.494 10.503 10.511 1.299 10.593 10.604 10.607 10.626 0.000 10.355 10.661 10.669 10.678 10.683 10.732 10.745 10.754 10.761 10.766 10.785 8.655 10.749 10.753 10.812 10.819
7.064 0.000 8.954 8.965 8.990 0.000 8.339 5.115 0.000 8.457 9.074 9.086 9.155 0.000 8.167 8.197 9.208 6.152 9.359 9.238 9.222 0.000 9.420 9.410 9.410 9.423 2.965 9.549 9.576 9.542 9.482 9.462 7.553 9.471 9.497 2.798 3.888 9.703 0.000 9.848 9.874 0.903 10.212 10.219 3.679 10.335 10.349 4.026 10.465 10.479 10.491 0.000 10.546 10.553 10.594 10.604 0.458 10.599 10.607 10.612 0.000 4.649 10.670 10.674 10.722 10.736 10.753 10.763 10.766 10.761 10.754 10.746 8.371 5.905
0.000 8.926 8.943 8.956 0.000 0.000 0.000 8.858 8.990 9.030 9.056 0.000 0.000 8.683 5.469 0.000 9.000 8.986 4.688 6.128 9.025 9.012 0.000 0.000 9.393 9.411 9.394 0.000 5.303 5.223 9.459 9.442 4.569 9.445 5.596 1.927 9.502 0.468 1.754 0.000 10.002 10.024 10.246 10.239 10.213 10.322 5.800 5.097 4.554 9.078 4.431 0.000 0.000 0.000 3.180 0.000 10.572 10.578 10.578 10.590 10.639 10.646 4.746 10.703 10.713 10.710 10.728 10.720 10.762 10.754 10.758 10.773 10.783 10.793
8.886 8.897 8.916 0.000 0.000 0.000 0.000 8.965 8.979 8.893 0.000 8.782 8.822 8.847 0.000 8.965 8.985 0.000 8.640 8.831 9.012 0.000 8.896 8.907 0.000 9.337 9.318 9.285 0.000 0.000 9.435 9.367 9.372 9.396 1.000 0.000 1.948 9.751 2.365 4.766 5.353 0.000 10.278 10.196 5.187 10.302 5.148 6.019 10.389 10.397 5.760 0.000 0.000 0.000 0.000 0.000 0.000 10.582 10.594 10.633 10.645 10.653 9.277 10.698 10.705 10.713 10.720 10.726 10.736 10.732 0.000 0.000 1.954 10.798
8.872 0.000 8.770 0.000 0.000 0.000 8.898 8.908 8.840 8.867 8.713 0.000 0.000 8.866 8.917 8.940 8.706 0.000 8.747 8.760 8.879 8.863 0.000 8.918 9.040 0.000 9.295 9.285 9.272 0.000 0.000 9.349 9.334 9.375 0.903 2.360 1.909 3.540 9.755 0.000 3.135 0.000 10.293 10.298 10.315 10.326 10.340 10.348 10.355 4.015 10.328 0.000 0.000 0.000 0.000 0.000 0.000 0.000 0.000 10.592 10.598 10.645 10.654 1.452 0.000 3.617 10.688 10.712 10.732 10.742 10.752 10.763 10.780 10.790
0.000 0.000 8.755 3.074 8.842 8.857 8.870 0.000 8.809 8.769 0.000 0.000 8.733 8.848 6.249 8.182 8.661 8.673 8.684 0.000 5.067 7.074 8.622 0.000 9.053 9.259 9.270 0.000 9.242 9.233 9.212 2.540 9.301 9.271 9.257 9.334 4.582 9.498 4.203 0.000 0.000 0.000 10.282 1.685 10.294 10.299 5.283 3.946 0.000 10.248 0.000 0.000 0.000 0.000 0.000 0.000 0.000 0.000 0.000 0.000 0.000 0.000 10.646 10.647 10.654 9.594 10.700 10.722 10.730 10.737 10.745 10.758 10.724 1.419
2.703 8.192 0.000 8.758 8.824 8.843 0.000 8.678 8.760 1.809 3.548 8.671 8.703 8.300 2.626 8.154 6.229 8.165 8.674 8.661 4.978 5.955 8.653 9.010 9.035 0.000 9.256 9.240 0.000 9.220 9.194 9.213 1.547 0.000 0.000 9.072 9.333 0.000 0.000 0.000 0.000 0.000 10.251 10.260 10.288 10.225 10.215 10.180 5.026 1.336 0.000 0.000 0.000 0.000 0.000 0.000 0.000 0.000 0.000 0.000 0.000 0.000 0.000 0.000 0.000 0.000 0.000 0.000 0.000 0.000 4.195 0.488 0.000 10.776
8.364 8.624 8.693 8.709 8.563 8.714 8.649 0.000 0.000 7.647 7.702 4.672 8.377 8.357 8.179 8.151 8.112 8.158 8.211 8.423 8.401 8.379 4.860 0.000 9.017 9.029 9.041 9.196 9.177 0.000 9.040 9.153 9.119 0.000 0.000 9.193 9.223 0.000 0.000 0.000 0.000 0.000 3.497 10.254 1.082 10.201 10.165 2.394 10.080 9.899 0.000 0.000 0.000 0.000 0.000 0.000 0.000 0.000 0.000 0.000 0.000 0.000 0.000 0.000 0.000 0.000 0.000 0.000 0.000 0.000 3.670 2.886 1.123 0.901
0.000 8.613 8.624 0.000 8.534 6.034 8.628 8.534 0.000 7.686 0.000 8.276 8.354 8.291 8.172 5.632 7.924 8.147 8.176 8.173 8.097 8.333 0.000 8.802 8.958 5.593 9.030 0.000 9.039 9.073 9.098 0.000 9.089 1.793 8.992 2.403 3.323 0.000 0.000 0.000 0.000 0.000 0.000 10.219 10.143 10.170 10.136 3.373 10.061 0.000 0.000 0.000 0.000 0.000 0.000 0.000 0.000 0.000 0.000 0.000 0.000 0.000 0.000 0.000 0.000 0.000 0.000 0.000 0.000 0.000 0.000 0.000 0.000 4.580
0.000 8.536 8.419 6.454 8.291 8.256 3.088 8.479 4.034 7.727 6.005 8.057 8.168 8.274 8.182 8.108 7.897 0.000 8.139 0.000 0.000 8.357 8.369 0.000 0.115 8.970 8.985 5.189 9.023 8.921 9.176 9.064 0.000 8.473 8.949 6.006 0.000 0.000 0.000 0.000 9.663 9.725 9.737 0.000 10.095 0.000 9.937 10.089 10.074 0.000 0.000 0.000 0.000 0.000 0.000 0.000 0.000 0.000 0.000 0.000 0.000 0.000 0.000 0.000 0.000 0.000 0.000 0.000 0.000 0.000 0.000 0.000 0.000 3.292
8.479 8.492 0.000 8.263 0.000 8.215 8.055 8.098 7.882 7.894 7.915 8.086 8.127 0.000 8.173 8.101 8.068 8.054 0.000 7.800 0.000 1.550 8.444 1.380 8.787 8.807 8.840 8.824 6.330 8.951 9.229 5.120 9.118 9.141 0.667 8.960 0.000 0.000 0.000 9.623 9.637 2.743 10.019 10.059 10.083 10.074 10.089 10.076 9.749 0.000 0.000 0.000 0.000 0.000 0.000 0.000 0.000 0.000 0.000 0.000 0.000 0.000 0.000 0.000 0.000 0.000 0.000 0.000 0.000 0.000 0.000 0.000 0.000 2.197
8.278 8.348 8.324 8.281 8.262 8.187 8.149 7.297 4.558 7.871 7.893 3.981 8.092 7.816 7.916 7.900 7.832 8.034 7.854 7.838 7.806 0.000 8.460 8.525 0.000 8.785 4.400 5.995 8.882 8.921 9.270 9.330 0.000 3.804 9.416 0.000 0.000 1.488 8.155 9.637 9.688 3.819 9.973 9.984 10.068 10.059 10.071 10.005 0.000 0.000 0.000 0.000 0.000 0.000 0.000 0.000 0.000 0.000 0.000 0.000 0.000 0.000 0.000 0.000 0.000 0.000 0.000 0.000 0.000 0.000 0.000 0.000 2.496 10.588
1.856 2.816 0.000 6.151 8.028 7.971 7.909 0.186 7.585 7.670 7.630 7.552 0.000 0.000 7.881 0.000 0.000 7.981 0.000 7.292 7.739 7.712 0.000 8.569 8.591 8.606 0.000 8.778 8.910 8.933 9.326 9.359 9.389 4.461 3.494 3.392 9.516 2.988 5.167 2.676 0.000 9.726 9.740 0.000 0.000 0.000 10.044 9.978 7.261 3.182 9.597 0.000 0.000 0.000 0.000 0.000 0.000 0.000 0.000 0.000 0.000 0.000 0.000 0.000 0.000 0.000 0.000 0.000 0.000 0.000 0.000 0.000 1.849 1.062
2.629 2.618 0.000 7.995 8.014 7.946 0.000 6.900 0.000 6.751 0.000 7.503 7.364 0.000 0.000 0.000 0.000 0.000 0.000 0.000 7.713 7.684 7.652 0.000 8.513 0.000 0.000 0.000 0.000 8.869 2.448 9.293 9.318 4.131 9.415 2.874 0.000 9.512 0.000 0.000 9.494 2.418 3.296 0.000 0.000 0.000 0.000 2.115 7.193 9.689 0.000 0.000 0.000 0.000 0.000 0.000 0.000 0.000 0.000 0.000 0.000 0.000 0.000 0.000 0.000 0.000 0.000 0.000 0.000 0.000 10.471 0.000 10.569 0.000
7.106 0.000 7.939 7.980 5.883 5.840 7.130 7.036 0.000 0.000 0.000 0.000 7.348 0.000 0.000 0.000 0.000 0.000 0.000 0.000 0.000 7.542 7.489 0.000 8.357 0.000 0.000 8.036 1.970 8.850 0.000 9.238 9.283 0.000 4.792 3.007 0.000 0.000 0.000 9.014 0.203 0.000 0.000 0.000 0.000 0.000 0.000 0.000 0.000 0.000 0.000 0.000 0.000 0.000 0.000 0.000 0.000 0.000 0.000 0.000 0.000 0.000 0.000 0.000 0.000 0.000 0.000 0.000 0.000 0.000 2.982 3.185 1.706 2.995
0.000 7.863 7.915 7.828 0.000 7.151 7.044 6.965 6.936 6.984 7.106 7.188 7.202 7.165 7.139 0.000 0.000 0.000 0.000 0.000 0.000 0.000 0.000 8.021 7.859 0.000 0.000 1.879 2.186 0.000 0.000 9.182 9.246 0.000 0.000 0.000 0.000 0.000 0.000 0.000 0.000 0.000 0.000 0.000 0.000 0.000 0.000 0.000 0.000 0.000 0.000 0.000 0.000 0.000 0.000 0.000 0.000 0.000 0.000 0.000 0.000 0.000 0.000 0.000 0.000 0.000 0.000 0.000 0.000 0.000 0.000 2.457 3.623 4.653
0.000 7.867 7.878 0.000 6.929 7.095 6.931 6.896 6.919 0.000 2.279 0.000 0.000 6.999 0.000 0.000 0.000 0.000 0.000 0.000 0.000 0.000 0.000 0.000 0.000 0.000 0.000 0.000 0.000 0.000 0.000 8.602 8.597 0.000 0.000 0.000 0.000 0.000 0.000 0.000 0.000 0.000 0.000 0.000 0.000 0.000 0.000 0.000 0.000 0.000 0.000 0.000 0.000 0.000 0.000 0.000 0.000 0.000 0.000 0.000 0.000 0.000 0.000 0.000 0.000 0.000 0.000 0.000 0.000 0.000 0.000 2.423 2.483 3.181
7.833 7.851 0.000 0.000 6.748 6.678 0.000 6.824 6.809 0.000 4.129 0.000 6.783 6.960 0.000 0.000 0.000 0.000 0.000 0.000 0.000 0.000 0.000 0.000 0.000 0.000 0.000 0.000 0.000 0.000 0.000 0.000 0.000 0.000 0.000 0.000 0.000 0.000 0.000 0.000 0.000 0.000 0.000 0.000 0.000 0.000 0.000 0.000 0.000 0.000 0.000 0.000 0.000 0.000 0.000 0.000 0.000 0.000 0.000 0.000 0.000 0.000 0.000 0.000 0.000 0.000 0.000 0.000 0.000 0.000 0.909 1.219 3.546 4.868
7.755 0.000 0.000 6.559 6.580 0.000 0.000 0.000 0.000 0.000 0.000 0.000 0.000 0.000 0.000 0.000 0.000 0.000 0.000 0.000 0.000 0.000 0.000 0.000 0.000 0.000 0.000 0.000 0.000 0.000 0.000 0.000 0.000 0.000 0.000 0.000 0.000 0.000 0.000 0.000 0.000 0.000 0.000 0.000 0.000 0.000 0.000 0.000 0.000 0.000 0.000 0.000 0.000 0.000 0.000 0.000 0.000 0.000 0.000 0.000 0.000 0.000 0.000 0.000 0.000 0.000 0.000 0.000 0.000 0.000 1.183 10.712 3.011 3.484
0.000 0.000 6.419 6.532 0.000 0.000 0.000 0.000 0.000 0.000 0.000 0.000 0.000 0.000 0.000 0.000 0.000 0.000 0.000 0.000 0.000 0.000 0.000 0.000 0.000 0.000 0.000 0.000 0.000 0.000 0.000 0.000 0.000 0.000 0.000 0.000 0.000 0.000 0.000 0.000 0.000 0.000 0.000 0.000 0.000 0.000 0.000 0.000 0.000 0.000 0.000 0.000 0.000 0.000 0.000 0.000 0.000 0.000 0.000 0.000 0.000 0.000 0.000 0.000 0.000 0.000 0.000 0.000 2.917 0.000 10.660 3.054 1.090 1.577
0.000 6.295 6.402 5.837 5.810 0.000 0.000 0.000 0.000 0.000 0.000 0.000 0.000 0.000 0.000 0.000 0.000 0.000 0.000 0.000 0.000 0.000 0.000 0.000 0.000 0.000 0.000 0.000 0.000 0.000 0.000 0.000 0.000 0.000 0.000 0.000 0.000 0.000 0.000 0.000 0.000 0.000 0.000 0.000 0.000 0.000 0.000 0.000 0.000 0.000 0.000 0.000 0.000 0.000 0.000 0.000 0.000 0.000 0.000 0.000 0.000 0.000 0.000 0.000 0.000 0.000 1.589 1.131 2.942 10.667 1.028 10.711 10.745 10.758
5.867 6.293 6.382 0.000 0.000 0.000 0.000 0.000 0.000 0.000 0.000 0.000 0.000 0.000 0.000 0.000 0.000 0.000 0.000 0.000 0.000 0.000 0.000 0.000 0.000 0.000 0.000 0.000 0.000 0.000 0.000 0.000 0.000 0.000 0.000 0.000 0.000 0.000 0.000 0.000 0.000 0.000 0.000 0.000 0.000 0.000 0.000 0.000 0.000 0.000 0.000 0.000 0.000 0.000 0.000 0.000 0.000 0.000 0.000 0.000 0.000 0.000 0.000 0.000 0.000 1.013 1.794 1.064 1.685 3.406 10.709 3.629 2.810 5.348
