includes/oleron/floodfiles/results/res.max
ncols         631
nrows         906
xllcorner     364927.146667
yllcorner     6531972.565556
cellsize      20.000000
NODATA_value  -9999.000000
[rows 102 to 135 of 906, columns 385 to 461 of 631]
5.276 5.340 5.404 5.468 5.532 5.596 5.660 5.725 5.789 5.853 5.917 5.979 6.038 6.097 6.156 6.215 6.274 6.314 6.351 6.389 6.426 6.464 6.501 6.539 6.577 6.614 6.652 6.704 6.757 6.809 6.861 6.914 6.966 7.019 7.071 7.120 7.169 7.217 7.265 7.314 7.362 7.415 7.476 7.536 7.596 7.657 7.717 7.777 7.837 7.898 7.958 8.018 8.071 8.123 8.174 8.225 8.283 8.387 8.491 8.594 8.698 8.802 8.906 9.010 9.114 9.217 9.321 9.425 9.529 9.633 9.739 9.844 10.109 10.392 10.675 10.957 11.240
5.262 5.326 5.390 5.454 5.518 5.582 5.646 5.710 5.775 5.839 5.903 5.967 6.026 6.085 6.144 6.203 6.245 6.283 6.320 6.358 6.395 6.433 6.471 6.508 6.546 6.583 6.621 6.667 6.720 6.772 6.824 6.877 6.929 6.982 7.032 7.080 7.129 7.177 7.225 7.274 7.322 7.370 7.430 7.490 7.550 7.611 7.671 7.731 7.791 7.852 7.912 7.968 8.019 8.070 8.121 8.172 8.223 8.310 8.413 8.517 8.621 8.725 8.829 8.933 9.036 9.140 9.244 9.348 9.452 9.557 9.663 9.768 9.962 10.245 10.528 10.810 11.093
5.248 5.312 5.376 5.440 5.504 5.568 5.632 5.696 5.761 5.825 5.889 5.953 6.014 6.073 6.132 6.177 6.214 6.252 6.290 6.327 6.365 6.402 6.440 6.477 6.515 6.552 6.590 6.630 6.683 6.735 6.788 6.840 6.892 6.943 6.992 7.040 7.088 7.137 7.185 7.233 7.282 7.330 7.384 7.444 7.504 7.565 7.625 7.685 7.745 7.806 7.864 7.915 7.966 8.018 8.069 8.120 8.171 8.233 8.336 8.440 8.544 8.648 8.752 8.855 8.959 9.063 9.167 9.271 9.376 9.481 9.587 9.692 9.815 10.098 10.381 10.663 10.946
5.230 5.295 5.361 5.426 5.490 5.554 5.618 5.682 5.746 5.811 5.875 5.939 6.002 6.061 6.108 6.146 6.184 6.221 6.259 6.296 6.334 6.371 6.409 6.447 6.484 6.522 6.559 6.597 6.646 6.698 6.751 6.803 6.855 6.903 6.952 7.000 7.048 7.097 7.145 7.193 7.242 7.290 7.338 7.398 7.458 7.519 7.579 7.639 7.699 7.760 7.812 7.863 7.914 7.965 8.016 8.067 8.118 8.170 8.259 8.363 8.467 8.571 8.675 8.778 8.882 8.986 9.090 9.194 9.300 9.405 9.511 9.616 9.722 9.951 10.234 10.516 10.799
5.205 5.271 5.336 5.402 5.468 5.533 5.599 5.664 5.730 5.796 5.861 5.925 5.989 6.040 6.078 6.115 6.153 6.190 6.228 6.265 6.303 6.341 6.378 6.416 6.453 6.491 6.528 6.566 6.609 6.661 6.713 6.766 6.815 6.863 6.911 6.960 7.008 7.056 7.105 7.153 7.201 7.250 7.298 7.352 7.412 7.473 7.533 7.593 7.653 7.708 7.759 7.810 7.861 7.913 7.964 8.015 8.066 8.117 8.182 8.286 8.390 8.494 8.597 8.701 8.805 8.909 9.013 9.118 9.224 9.329 9.435 9.540 9.646 9.804 10.087 10.369 10.652
5.181 5.246 5.312 5.378 5.443 5.509 5.574 5.640 5.705 5.771 5.837 5.902 5.963 6.005 6.044 6.083 6.121 6.159 6.197 6.235 6.272 6.310 6.347 6.385 6.422 6.460 6.497 6.535 6.573 6.624 6.677 6.726 6.774 6.823 6.871 6.920 6.968 7.016 7.064 7.113 7.161 7.210 7.258 7.306 7.366 7.427 7.487 7.547 7.604 7.656 7.707 7.758 7.809 7.860 7.911 7.962 8.013 8.064 8.116 8.209 8.313 8.416 8.520 8.624 8.728 8.832 8.937 9.042 9.148 9.253 9.359 9.464 9.570 9.675 9.940 10.222 10.505
5.156 5.222 5.287 5.353 5.419 5.484 5.550 5.615 5.681 5.747 5.812 5.878 5.922 5.967 6.006 6.045 6.083 6.122 6.161 6.199 6.238 6.277 6.315 6.354 6.391 6.429 6.466 6.504 6.542 6.587 6.638 6.686 6.734 6.783 6.831 6.879 6.928 6.976 7.024 7.073 7.121 7.169 7.218 7.266 7.320 7.381 7.441 7.501 7.552 7.603 7.654 7.705 7.756 7.807 7.859 7.910 7.961 8.012 8.063 8.132 8.236 8.339 8.443 8.547 8.651 8.756 8.861 8.967 9.072 9.177 9.283 9.388 9.494 9.599 9.793 10.075 10.358
5.132 5.197 5.263 5.329 5.394 5.460 5.525 5.591 5.657 5.722 5.788 5.837 5.881 5.926 5.968 6.006 6.045 6.084 6.122 6.161 6.200 6.238 6.277 6.316 6.354 6.393 6.432 6.470 6.509 6.548 6.597 6.646 6.694 6.742 6.791 6.839 6.887 6.936 6.984 7.032 7.081 7.129 7.177 7.226 7.274 7.335 7.395 7.448 7.499 7.550 7.602 7.653 7.704 7.755 7.806 7.857 7.908 7.959 8.011 8.062 8.159 8.262 8.366 8.470 8.574 8.680 8.785 8.891 8.996 9.101 9.207 9.312 9.418 9.523 9.646 9.928 10.211
5.107 5.173 5.239 5.304 5.370 5.435 5.501 5.566 5.632 5.698 5.751 5.796 5.840 5.885 5.929 5.968 6.007 6.045 6.084 6.123 6.161 6.200 6.239 6.277 6.316 6.355 6.393 6.432 6.471 6.507 6.552 6.601 6.650 6.699 6.748 6.797 6.846 6.895 6.944 6.992 7.040 7.089 7.137 7.186 7.234 7.289 7.345 7.396 7.447 7.498 7.549 7.600 7.651 7.702 7.754 7.805 7.856 7.907 7.958 8.009 8.081 8.185 8.289 8.393 8.498 8.604 8.709 8.815 8.920 9.026 9.131 9.236 9.342 9.447 9.553 9.781 10.064
5.083 5.149 5.214 5.280 5.345 5.411 5.476 5.542 5.607 5.666 5.710 5.755 5.799 5.844 5.889 5.930 5.969 6.007 6.046 6.085 6.123 6.162 6.200 6.239 6.278 6.316 6.355 6.394 6.431 6.468 6.507 6.556 6.605 6.654 6.703 6.752 6.801 6.850 6.898 6.947 6.996 7.045 7.094 7.143 7.192 7.241 7.292 7.343 7.394 7.445 7.496 7.548 7.599 7.650 7.701 7.752 7.803 7.854 7.905 7.957 8.008 8.108 8.212 8.317 8.423 8.528 8.633 8.739 8.844 8.950 9.055 9.161 9.266 9.371 9.477 9.634 9.917
5.058 5.124 5.190 5.255 5.321 5.386 5.452 5.517 5.580 5.625 5.669 5.714 5.759 5.803 5.848 5.892 5.930 5.969 6.008 6.046 6.085 6.123 6.162 6.201 6.239 6.278 6.317 6.354 6.391 6.428 6.465 6.510 6.559 6.608 6.657 6.706 6.755 6.804 6.853 6.902 6.951 7.000 7.049 7.098 7.147 7.192 7.240 7.292 7.342 7.394 7.444 7.495 7.546 7.598 7.649 7.700 7.751 7.802 7.853 7.904 7.955 8.031 8.136 8.241 8.347 8.452 8.558 8.663 8.768 8.874 8.979 9.085 9.190 9.295 9.401 9.506 9.770
5.034 5.100 5.165 5.231 5.296 5.362 5.427 5.493 5.539 5.584 5.628 5.673 5.717 5.762 5.807 5.851 5.892 5.931 5.969 6.008 6.047 6.085 6.124 6.163 6.201 6.240 6.278 6.315 6.351 6.388 6.425 6.465 6.514 6.563 6.612 6.661 6.710 6.759 6.808 6.857 6.906 6.955 7.004 7.053 7.099 7.144 7.189 7.240 7.291 7.342 7.393 7.444 7.495 7.546 7.597 7.648 7.699 7.750 7.801 7.852 7.903 7.951 8.058 8.165 8.271 8.376 8.482 8.587 8.692 8.798 8.903 9.009 9.114 9.220 9.325 9.430 9.623
5.010 5.075 5.141 5.206 5.272 5.337 5.403 5.454 5.498 5.543 5.587 5.632 5.676 5.721 5.766 5.810 5.854 5.892 5.931 5.970 6.008 6.047 6.086 6.124 6.163 6.201 6.238 6.275 6.312 6.348 6.385 6.422 6.468 6.517 6.566 6.615 6.664 6.713 6.762 6.811 6.860 6.909 6.958 7.005 7.050 7.095 7.140 7.188 7.239 7.290 7.341 7.392 7.443 7.494 7.545 7.597 7.647 7.699 7.750 7.801 7.851 7.894 7.970 8.077 8.184 8.291 8.398 8.505 8.612 8.719 8.826 8.933 9.038 9.144 9.249 9.354 9.476
4.989 5.051 5.116 5.182 5.247 5.313 5.368 5.413 5.457 5.502 5.546 5.591 5.636 5.680 5.725 5.769 5.814 5.854 5.893 5.931 5.970 6.009 6.047 6.086 6.125 6.161 6.198 6.235 6.272 6.309 6.345 6.382 6.423 6.472 6.521 6.570 6.619 6.668 6.717 6.766 6.815 6.864 6.912 6.957 7.002 7.047 7.091 7.137 7.188 7.239 7.290 7.341 7.392 7.443 7.494 7.545 7.596 7.647 7.698 7.749 7.794 7.837 7.883 7.990 8.097 8.204 8.311 8.418 8.525 8.632 8.738 8.845 8.952 9.059 9.166 9.273 9.380
4.983 5.026 5.092 5.157 5.223 5.283 5.327 5.372 5.416 5.461 5.505 5.550 5.594 5.639 5.684 5.728 5.773 5.816 5.855 5.893 5.932 5.970 6.009 6.048 6.085 6.122 6.159 6.195 6.232 6.269 6.306 6.343 6.379 6.426 6.475 6.524 6.573 6.622 6.671 6.720 6.769 6.818 6.863 6.908 6.953 6.998 7.043 7.088 7.136 7.187 7.238 7.289 7.340 7.391 7.442 7.493 7.544 7.595 7.646 7.694 7.737 7.780 7.823 7.902 8.009 8.116 8.223 8.330 8.437 8.544 8.651 8.758 8.865 8.972 9.079 9.186 9.283
4.978 5.005 5.067 5.133 5.197 5.242 5.286 5.331 5.375 5.420 5.464 5.509 5.553 5.598 5.643 5.687 5.732 5.776 5.816 5.855 5.893 5.932 5.971 6.009 6.045 6.082 6.119 6.156 6.192 6.229 6.266 6.303 6.340 6.381 6.430 6.479 6.528 6.577 6.626 6.675 6.724 6.770 6.815 6.860 6.905 6.949 6.994 7.039 7.085 7.136 7.187 7.238 7.289 7.340 7.391 7.442 7.493 7.544 7.593 7.637 7.680 7.723 7.767 7.815 7.922 8.029 8.136 8.243 8.350 8.457 8.564 8.671 8.778 8.885 8.992 9.092 9.187
4.972 4.999 5.043 5.108 5.156 5.201 5.245 5.290 5.334 5.379 5.423 5.468 5.512 5.557 5.602 5.646 5.691 5.735 5.778 5.817 5.855 5.894 5.932 5.969 6.005 6.042 6.079 6.116 6.153 6.189 6.226 6.263 6.300 6.337 6.384 6.433 6.482 6.531 6.580 6.629 6.677 6.722 6.766 6.811 6.856 6.901 6.946 6.990 7.035 7.084 7.135 7.186 7.237 7.288 7.339 7.390 7.441 7.492 7.537 7.580 7.623 7.667 7.710 7.753 7.835 7.942 8.048 8.155 8.262 8.369 8.476 8.583 8.690 8.797 8.901 8.996 9.090
4.967 4.994 5.021 5.071 5.115 5.160 5.204 5.249 5.293 5.338 5.382 5.427 5.471 5.516 5.561 5.605 5.650 5.694 5.739 5.778 5.817 5.856 5.892 5.929 5.966 6.002 6.039 6.076 6.113 6.150 6.186 6.223 6.260 6.297 6.339 6.388 6.437 6.486 6.535 6.583 6.628 6.673 6.718 6.763 6.807 6.852 6.897 6.942 6.987 7.033 7.084 7.135 7.186 7.237 7.288 7.339 7.390 7.436 7.480 7.523 7.566 7.610 7.653 7.696 7.747 7.854 7.961 8.068 8.175 8.282 8.389 8.496 8.603 8.710 8.805 8.899 8.993
4.947 4.976 5.005 5.040 5.083 5.125 5.168 5.211 5.253 5.297 5.341 5.386 5.430 5.475 5.519 5.564 5.609 5.653 5.698 5.740 5.779 5.816 5.852 5.889 5.926 5.963 5.999 6.036 6.073 6.110 6.147 6.183 6.220 6.257 6.294 6.342 6.391 6.440 6.489 6.535 6.580 6.624 6.669 6.714 6.759 6.804 6.848 6.893 6.938 6.983 7.032 7.083 7.134 7.185 7.236 7.287 7.336 7.379 7.423 7.466 7.509 7.553 7.596 7.639 7.683 7.767 7.874 7.981 8.088 8.195 8.302 8.408 8.515 8.614 8.708 8.802 8.897
4.927 4.955 4.986 5.017 5.058 5.100 5.143 5.186 5.228 5.271 5.314 5.356 5.399 5.442 5.484 5.527 5.569 5.612 5.657 5.701 5.739 5.776 5.813 5.849 5.886 5.923 5.960 5.996 6.033 6.070 6.107 6.144 6.180 6.217 6.254 6.297 6.346 6.395 6.441 6.486 6.531 6.576 6.621 6.665 6.710 6.755 6.800 6.845 6.889 6.934 6.980 7.031 7.082 7.133 7.185 7.235 7.279 7.322 7.366 7.409 7.452 7.496 7.539 7.583 7.626 7.679 7.786 7.893 8.000 8.107 8.214 8.321 8.422 8.517 8.611 8.706 8.800
4.906 4.937 4.967 4.998 5.033 5.075 5.118 5.161 5.203 5.246 5.288 5.331 5.374 5.416 5.459 5.502 5.544 5.587 5.630 5.668 5.701 5.738 5.774 5.810 5.847 5.883 5.920 5.957 5.993 6.030 6.067 6.104 6.141 6.177 6.214 6.251 6.300 6.348 6.393 6.438 6.482 6.527 6.572 6.617 6.662 6.706 6.751 6.796 6.841 6.886 6.930 6.980 7.031 7.082 7.133 7.179 7.222 7.266 7.309 7.352 7.396 7.439 7.482 7.526 7.569 7.612 7.699 7.806 7.913 8.020 8.127 8.231 8.326 8.420 8.515 8.609 8.704
4.887 4.918 4.949 4.979 5.010 5.050 5.093 5.135 5.178 5.221 5.263 5.306 5.349 5.391 5.434 5.477 5.519 5.562 5.604 5.634 5.665 5.701 5.737 5.773 5.810 5.846 5.882 5.919 5.955 5.992 6.028 6.064 6.101 6.137 6.174 6.211 6.255 6.299 6.344 6.389 6.434 6.479 6.523 6.568 6.613 6.658 6.703 6.747 6.792 6.837 6.882 6.928 6.979 7.030 7.079 7.122 7.165 7.209 7.252 7.295 7.339 7.382 7.425 7.469 7.512 7.555 7.612 7.718 7.825 7.932 8.039 8.135 8.229 8.324 8.418 8.513 8.607
4.868 4.899 4.930 4.961 4.991 5.025 5.068 5.110 5.153 5.196 5.238 5.281 5.324 5.366 5.409 5.451 5.494 5.537 5.570 5.600 5.631 5.664 5.700 5.736 5.773 5.809 5.845 5.882 5.918 5.955 5.991 6.027 6.064 6.100 6.137 6.173 6.216 6.258 6.301 6.343 6.386 6.430 6.475 6.519 6.564 6.609 6.654 6.699 6.744 6.788 6.833 6.878 6.928 6.978 7.022 7.065 7.108 7.152 7.195 7.238 7.282 7.325 7.368 7.412 7.455 7.498 7.542 7.631 7.738 7.845 7.944 8.038 8.133 8.227 8.321 8.416 8.510
4.850 4.880 4.911 4.942 4.973 5.004 5.043 5.085 5.128 5.171 5.213 5.256 5.298 5.341 5.384 5.426 5.469 5.505 5.536 5.566 5.596 5.627 5.663 5.699 5.736 5.772 5.808 5.845 5.881 5.918 5.954 5.990 6.027 6.063 6.100 6.141 6.185 6.229 6.271 6.313 6.356 6.398 6.441 6.483 6.526 6.568 6.610 6.653 6.695 6.740 6.785 6.830 6.876 6.922 6.965 7.008 7.051 7.095 7.138 7.181 7.225 7.268 7.312 7.355 7.398 7.442 7.485 7.544 7.650 7.753 7.847 7.941 8.036 8.130 8.225 8.319 8.414
4.831 4.862 4.892 4.923 4.954 4.985 5.018 5.060 5.103 5.146 5.188 5.231 5.273 5.316 5.359 5.401 5.441 5.471 5.502 5.532 5.562 5.593 5.626 5.662 5.699 5.735 5.771 5.808 5.844 5.881 5.917 5.953 5.990 6.026 6.065 6.110 6.155 6.199 6.241 6.284 6.326 6.369 6.411 6.453 6.496 6.538 6.581 6.623 6.666 6.708 6.751 6.793 6.824 6.862 6.906 6.949 6.993 7.037 7.081 7.124 7.168 7.211 7.255 7.298 7.341 7.385 7.428 7.471 7.562 7.656 7.750 7.845 7.939 8.034 8.128 8.223 8.317
4.812 4.843 4.874 4.904 4.935 4.966 4.997 5.035 5.078 5.120 5.163 5.206 5.248 5.291 5.334 5.376 5.407 5.437 5.468 5.498 5.528 5.559 5.589 5.625 5.662 5.698 5.734 5.771 5.807 5.844 5.880 5.916 5.953 5.990 6.034 6.079 6.124 6.168 6.211 6.254 6.296 6.339 6.381 6.424 6.466 6.508 6.551 6.593 6.636 6.678 6.721 6.759 6.776 6.799 6.843 6.887 6.930 6.974 7.018 7.062 7.105 7.149 7.193 7.236 7.280 7.324 7.368 7.411 7.473 7.565 7.658 7.750 7.843 7.937 8.031 8.126 8.220
4.793 4.824 4.855 4.886 4.916 4.947 4.978 5.010 5.053 5.095 5.138 5.181 5.223 5.266 5.308 5.342 5.373 5.403 5.434 5.464 5.494 5.525 5.555 5.588 5.625 5.661 5.697 5.734 5.770 5.807 5.843 5.879 5.916 5.959 6.004 6.048 6.093 6.138 6.182 6.224 6.267 6.309 6.351 6.394 6.436 6.479 6.521 6.564 6.606 6.649 6.691 6.710 6.727 6.745 6.780 6.824 6.868 6.912 6.955 6.999 7.043 7.086 7.130 7.174 7.218 7.261 7.305 7.352 7.410 7.489 7.581 7.673 7.766 7.858 7.950 8.042 8.135
4.775 4.805 4.836 4.867 4.898 4.928 4.959 4.990 5.027 5.070 5.113 5.155 5.198 5.241 5.278 5.308 5.339 5.369 5.399 5.430 5.460 5.490 5.521 5.551 5.588 5.624 5.660 5.697 5.733 5.770 5.806 5.842 5.884 5.928 5.973 6.017 6.062 6.107 6.151 6.194 6.237 6.279 6.322 6.364 6.406 6.449 6.491 6.534 6.576 6.619 6.645 6.662 6.679 6.696 6.718 6.761 6.805 6.849 6.893 6.936 6.980 7.024 7.067 7.111 7.155 7.199 7.242 7.296 7.354 7.412 7.504 7.597 7.689 7.781 7.874 7.966 8.058
4.756 4.787 4.817 4.848 4.879 4.910 4.940 4.971 5.002 5.045 5.088 5.130 5.173 5.214 5.244 5.274 5.305 5.335 5.365 5.396 5.426 5.456 5.487 5.517 5.551 5.587 5.623 5.660 5.696 5.733 5.769 5.808 5.853 5.897 5.942 5.987 6.031 6.076 6.121 6.165 6.207 6.249 6.292 6.334 6.377 6.419 6.462 6.504 6.546 6.579 6.596 6.613 6.631 6.648 6.665 6.699 6.743 6.786 6.830 6.874 6.917 6.961 7.005 7.048 7.092 7.136 7.183 7.240 7.298 7.356 7.428 7.520 7.612 7.705 7.797 7.889 7.982
4.737 4.768 4.799 4.829 4.860 4.891 4.922 4.952 4.983 5.020 5.062 5.105 5.148 5.180 5.210 5.240 5.271 5.301 5.331 5.362 5.392 5.422 5.453 5.483 5.514 5.550 5.586 5.623 5.659 5.696 5.733 5.777 5.822 5.867 5.911 5.956 6.000 6.045 6.090 6.134 6.177 6.220 6.262 6.304 6.347 6.389 6.432 6.474 6.513 6.531 6.548 6.565 6.582 6.599 6.616 6.636 6.680 6.724 6.767 6.811 6.855 6.898 6.942 6.986 7.030 7.073 7.127 7.185 7.243 7.301 7.359 7.443 7.536 7.628 7.720 7.813 7.905
4.718 4.749 4.780 4.811 4.841 4.872 4.903 4.933 4.964 4.995 5.037 5.080 5.115 5.145 5.176 5.206 5.236 5.267 5.297 5.328 5.358 5.388 5.419 5.449 5.479 5.513 5.549 5.586 5.622 5.659 5.702 5.746 5.791 5.836 5.880 5.925 5.970 6.014 6.059 6.103 6.147 6.190 6.232 6.275 6.317 6.359 6.402 6.444 6.465 6.482 6.499 6.516 6.534 6.551 6.568 6.585 6.617 6.661 6.705 6.748 6.792 6.836 6.880 6.923 6.967 7.013 7.071 7.129 7.187 7.245 7.303 7.367 7.459 7.551 7.644 7.736 7.828
4.699 4.730 4.761 4.792 4.823 4.853 4.884 4.915 4.946 4.976 5.012 5.051 5.081 5.111 5.142 5.172 5.202 5.233 5.263 5.293 5.324 5.354 5.384 5.415 5.445 5.476 5.512 5.549 5.585 5.626 5.671 5.716 5.760 5.805 5.849 5.894 5.939 5.983 6.028 6.073 6.117 6.160 6.202 6.245 6.287 6.330 6.372 6.399 6.416 6.434 6.451 6.468 6.485 6.502 6.520 6.537 6.555 6.598 6.642 6.686 6.729 6.773 6.817 6.861 6.904 6.958 7.015 7.073 7.131 7.189 7.247 7.305 7.382 7.475 7.567 7.659 7.752
4.672 4.704 4.735 4.767 4.798 4.829 4.861 4.892 4.924 4.955 4.987 5.017 5.047 5.077 5.108 5.138 5.168 5.199 5.229 5.259 5.290 5.320 5.350 5.381 5.411 5.441 5.475 5.512 5.551 5.595 5.640 5.685 5.729 5.774 5.819 5.863 5.908 5.952 5.997 6.042 6.086 6.130 6.173 6.215 6.257 6.300 6.334 6.351 6.368 6.385 6.402 6.419 6.437 6.454 6.471 6.488 6.505 6.536 6.580 6.623 6.667 6.711 6.754 6.798 6.844 6.902 6.960 7.018 7.076 7.134 7.192 7.250 7.308 7.398 7.490 7.583 7.675
4.645 4.676 4.708 4.739 4.771 4.802 4.834 4.865 4.897 4.928 4.961 4.993 5.022 5.051 5.080 5.109 5.138 5.167 5.197 5.226 5.255 5.286 5.316 5.346 5.377 5.407 5.438 5.475 5.520 5.565 5.609 5.654 5.698 5.743 5.788 5.832 5.877 5.922 5.966 6.011 6.056 6.100 6.143 6.185 6.228 6.268 6.285 6.302 6.319 6.337 6.354 6.371 6.388 6.405 6.423 6.440 6.457 6.474 6.517 6.561 6.604 6.648 6.692 6.735 6.788 6.846 6.904 6.962 7.020 7.078 7.136 7.194 7.252 7.321 7.414 7.506 7.594
