includes/oleron/floodfiles/results/res.totaltm
ncols         631
nrows         906
xllcorner     364927.146667
yllcorner     6531972.565556
cellsize      20.000000
NODATA_value  -9999.000000
[rows 627 to 659 of 906, columns 444 to 517 of 631]
11.615 11.603 11.587 11.557 11.521 11.524 11.515 5.276 11.421 11.372 0.000 5.755 13.430 6.313 5.515 5.785 7.300 9.379 12.733 13.861 12.612 13.892 8.800 11.575 11.006 12.001 8.844 14.500 14.500 13.469 12.670 14.047 11.143 9.608 12.647 13.865 14.083 14.086 14.093 9.407 9.171 13.214 13.274 14.091 14.193 10.065 9.776 11.600 11.532 11.710 11.968 12.256 12.478 12.633 12.842 13.690 13.524 13.839 14.281 14.481 14.374 14.444 14.500 14.500 14.500 14.500 14.500 14.500 14.500 14.500 14.500 14.500 14.500 14.500
11.572 11.588 11.577 11.617 11.588 11.535 3.528 11.522 11.464 0.000 0.000 8.032 7.802 9.104 7.629 7.325 7.321 9.023 13.854 13.878 13.891 13.901 9.783 9.597 10.221 11.019 12.519 14.192 14.227 14.212 8.690 14.078 9.425 8.926 14.080 14.082 10.095 9.644 14.103 14.110 9.524 9.544 14.164 14.154 9.529 14.197 9.496 10.144 9.951 11.645 11.855 12.138 12.357 12.550 12.737 13.238 13.403 13.618 13.959 14.281 14.348 14.106 14.446 14.500 14.500 14.500 14.500 14.500 14.500 14.500 14.500 14.500 14.500 14.500
3.570 11.564 11.618 11.660 3.721 4.015 6.969 4.079 0.000 0.000 8.304 8.237 8.121 8.729 8.294 13.818 10.686 10.571 13.859 13.865 13.891 13.903 8.783 13.939 10.984 9.017 9.806 10.761 14.249 14.500 14.500 10.379 14.128 9.430 14.093 14.098 11.517 11.590 9.343 14.119 13.956 11.403 14.174 14.165 9.505 10.232 14.229 10.341 9.838 9.794 11.664 11.960 12.206 12.438 12.641 12.959 13.210 13.427 13.690 14.004 14.220 14.147 14.328 14.500 14.500 14.500 14.500 14.500 14.500 14.500 14.500 14.500 14.500 14.500
6.056 3.824 3.857 3.946 7.054 11.735 11.734 7.363 0.000 8.053 8.383 8.460 8.425 13.775 8.290 13.809 8.250 13.845 13.863 9.191 13.892 8.364 13.919 8.578 13.960 13.988 9.578 9.552 14.500 14.500 14.500 14.500 11.003 11.318 12.213 9.839 13.508 11.289 14.174 14.153 13.032 14.500 14.500 9.304 14.500 9.180 9.222 10.566 10.350 11.282 11.474 11.788 12.053 12.294 12.517 12.773 13.022 13.248 13.484 13.760 14.023 14.148 14.097 14.322 14.500 14.500 14.500 14.500 14.500 14.500 14.500 14.500 14.500 14.500
3.874 3.792 5.556 3.810 3.827 3.890 3.893 0.000 0.000 10.110 13.746 13.763 13.771 13.783 13.789 8.184 13.821 13.830 13.883 13.892 13.898 9.302 13.928 9.447 13.976 8.966 13.075 13.360 11.839 14.500 14.500 14.500 12.900 10.837 10.578 13.494 12.616 9.304 14.187 9.197 14.157 9.548 14.500 14.500 14.250 10.094 11.375 9.697 9.604 9.648 11.264 11.611 11.921 12.176 12.402 12.639 12.866 13.081 13.301 13.536 13.788 14.031 14.065 14.315 14.500 14.500 14.500 14.500 14.500 14.500 14.500 14.500 14.500 14.500
12.107 12.126 2.896 12.593 12.617 12.651 12.667 12.687 0.000 0.000 13.728 13.747 13.781 13.791 13.798 13.798 13.842 8.631 12.065 9.134 13.926 12.511 13.503 8.590 13.985 13.417 12.749 10.974 10.039 11.583 14.500 14.500 14.500 14.500 14.500 12.182 9.223 9.463 14.194 14.500 9.305 9.903 14.500 14.250 14.264 14.500 14.320 14.500 14.500 9.645 11.183 11.535 11.836 12.098 12.330 12.557 12.775 12.988 13.211 13.439 13.699 13.974 14.029 14.344 14.500 14.500 14.500 14.500 14.500 14.500 14.500 14.500 14.500 14.500
12.129 10.410 2.534 12.551 12.571 12.665 12.685 12.703 0.000 0.000 13.723 13.746 13.778 13.801 13.183 9.196 13.849 13.874 13.896 11.185 13.931 13.942 9.432 9.686 8.749 9.414 8.852 11.618 11.955 11.879 9.173 14.500 14.500 14.500 14.500 11.411 9.326 10.771 12.331 13.897 9.628 9.471 9.331 14.500 9.570 9.720 9.584 9.358 14.500 14.500 14.500 14.500 14.500 14.500 14.500 14.500 14.456 14.116 13.812 13.748 13.859 13.979 14.204 14.500 14.500 14.500 14.500 14.500 14.500 14.500 14.500 14.500 14.500 14.500
7.917 7.310 6.599 12.540 12.510 12.664 12.697 12.720 12.738 12.755 13.719 13.772 13.782 13.820 13.836 13.848 13.855 9.860 13.924 13.929 13.947 10.067 13.971 13.986 11.781 14.022 12.050 11.069 10.718 10.098 11.169 10.874 10.585 14.500 14.500 14.500 14.500 14.500 14.500 14.500 14.500 14.500 14.500 10.037 11.688 11.897 11.966 12.033 9.744 9.748 14.500 9.682 14.500 14.500 14.500 14.500 14.500 14.500 14.500 14.401 14.229 14.175 14.441 14.500 14.500 14.500 14.500 14.500 14.500 14.500 14.500 14.500 14.500 14.500
12.254 12.268 12.323 12.340 12.429 12.576 12.651 12.710 12.733 12.755 13.706 13.719 13.771 13.816 13.848 13.853 13.865 13.890 13.907 11.433 13.969 13.977 13.986 13.997 14.005 8.971 14.055 14.064 14.075 14.082 14.091 9.745 9.674 9.241 14.227 14.500 14.500 14.500 14.500 14.500 14.500 14.500 9.577 14.500 9.432 9.598 9.746 12.080 12.027 12.103 9.706 11.253 14.500 14.500 14.500 14.500 14.500 14.500 14.500 14.500 14.500 14.500 14.500 14.500 14.500 14.500 14.500 14.500 14.500 14.500 14.500 14.500 14.500 14.500
12.235 4.707 12.306 4.451 12.475 12.665 12.681 12.695 12.739 12.755 13.709 13.740 13.774 13.784 13.822 13.840 9.126 12.827 13.895 10.134 9.387 13.968 13.996 14.024 14.034 14.038 14.500 14.062 14.083 14.086 14.106 9.723 14.181 14.208 14.228 14.500 14.500 14.500 14.500 14.500 14.500 14.500 14.500 10.082 14.202 14.202 14.213 14.195 14.132 14.025 13.869 13.623 14.160 14.500 14.500 14.500 14.500 14.500 14.500 14.500 14.500 14.500 14.500 14.500 14.500 14.500 14.500 14.500 14.500 14.500 14.500 14.500 14.500 14.500
3.877 12.310 12.328 12.366 12.437 12.670 12.684 12.703 12.739 12.755 13.748 13.762 13.777 13.789 13.814 13.840 9.931 13.026 13.892 13.912 13.920 13.956 8.647 10.487 14.033 11.025 11.907 14.500 14.091 14.101 14.132 14.152 14.168 11.976 9.273 14.500 14.500 9.672 14.500 14.500 14.500 14.500 14.500 14.500 14.500 14.500 14.500 14.500 14.500 14.500 14.500 14.500 14.500 14.500 14.500 14.500 14.500 14.500 14.500 14.500 14.500 14.500 14.500 14.500 14.500 14.500 14.500 14.500 14.500 14.500 14.500 14.500 14.500 14.500
12.266 12.362 12.376 12.423 3.904 12.657 12.669 12.716 12.735 12.755 13.730 13.756 13.768 13.800 11.599 13.858 13.874 13.883 13.896 13.910 13.934 9.359 9.437 14.022 14.042 14.050 14.062 14.086 14.094 14.112 14.125 14.132 14.145 14.165 9.691 9.526 14.500 14.500 14.500 14.500 14.500 14.500 14.500 14.500 14.500 14.500 14.500 14.500 14.500 14.500 14.500 14.500 14.500 14.500 14.500 14.500 14.500 14.500 14.500 14.500 14.500 14.500 14.500 14.500 14.500 14.500 14.500 14.500 14.500 14.500 14.500 14.500 14.500 14.500
12.267 12.277 4.711 12.466 12.481 12.607 5.304 12.681 12.717 0.000 8.193 13.770 13.794 13.805 10.099 13.868 13.879 13.890 13.903 13.934 13.942 13.972 13.987 14.004 8.768 14.065 14.073 14.500 13.022 10.214 14.500 14.500 14.163 14.172 14.206 14.214 9.665 14.500 9.754 14.500 14.500 14.500 14.500 14.500 14.500 14.500 14.500 14.500 14.500 14.500 14.500 14.500 14.500 14.500 14.500 14.500 14.500 14.500 14.500 14.500 14.500 14.500 14.500 14.500 14.500 14.500 14.500 14.500 14.500 14.500 14.500 14.500 14.500 14.500
12.232 12.295 12.317 4.994 12.431 12.581 12.642 12.668 12.682 0.000 7.894 13.766 8.759 13.810 13.834 13.857 8.972 13.890 13.928 13.936 13.953 13.982 14.001 14.012 14.044 14.053 9.068 14.112 14.500 14.145 14.500 14.156 14.199 14.500 14.212 14.500 14.271 9.769 14.500 14.500 14.500 14.500 14.500 14.500 9.749 14.500 14.500 14.500 14.500 14.500 14.500 14.500 14.500 14.500 14.500 14.500 14.500 14.500 14.500 14.500 14.500 14.500 14.500 14.500 14.500 14.500 14.500 14.500 14.500 14.500 14.500 14.500 14.500 14.500
12.231 12.314 12.332 4.118 12.431 12.580 12.608 12.637 12.662 0.000 8.371 13.747 13.782 8.196 13.821 13.835 13.872 13.881 8.446 11.964 13.940 13.961 14.000 14.009 14.032 14.082 14.091 14.102 14.500 14.500 14.500 14.213 14.229 9.487 14.220 12.898 14.500 14.500 9.715 14.500 14.500 14.500 9.715 9.606 9.813 9.757 9.761 14.500 14.500 14.500 14.500 14.500 14.500 14.500 14.500 14.500 14.500 14.500 14.500 14.500 14.500 14.500 14.500 14.500 14.500 14.500 14.500 14.500 14.500 14.500 14.500 14.500 14.500 14.500
2.339 5.481 12.345 12.411 12.427 12.444 12.595 12.622 12.626 0.000 7.914 8.400 13.790 13.801 13.816 9.618 12.303 13.900 13.910 13.918 13.929 12.462 11.388 14.003 8.858 14.067 14.081 14.110 14.500 14.500 14.188 12.662 14.250 9.564 13.373 14.500 14.500 14.500 9.469 14.500 14.500 9.604 14.500 9.640 14.500 14.500 14.500 14.500 14.500 14.500 14.500 14.500 14.500 14.500 14.500 14.500 14.500 14.500 14.500 14.500 14.500 14.500 14.500 14.500 14.500 14.500 14.500 14.500 14.500 14.500 14.500 14.500 14.500 14.500
3.121 4.362 4.463 5.217 12.410 12.428 12.442 12.442 9.225 0.000 10.467 8.834 8.560 9.536 8.243 8.007 13.862 8.417 8.448 8.894 13.939 13.959 13.994 10.039 14.040 14.048 14.069 9.415 9.848 9.368 14.206 14.500 14.500 14.500 14.500 14.500 14.500 14.500 14.500 14.500 9.742 14.500 14.500 14.500 14.500 14.500 14.500 14.500 14.500 14.500 14.500 14.500 14.500 14.500 14.500 14.500 14.500 14.500 14.500 14.500 14.500 14.500 14.500 14.500 14.500 14.500 14.500 14.500 14.500 14.500 14.500 14.500 14.500 14.500
12.183 12.203 5.764 12.365 12.389 12.413 12.426 7.294 5.207 11.554 6.192 9.907 8.586 13.797 13.805 8.148 8.162 8.722 8.259 9.075 13.943 13.983 13.993 10.127 14.035 14.041 9.254 9.231 9.399 9.064 10.439 10.020 9.747 9.411 9.723 14.500 9.704 14.500 14.500 14.500 14.500 14.500 14.500 14.500 14.500 14.500 14.500 14.500 9.780 9.644 14.500 14.500 14.500 14.500 14.500 14.500 14.500 14.500 14.500 14.500 14.500 14.500 14.500 14.500 14.500 14.500 14.500 14.500 14.500 14.500 14.500 14.500 14.500 14.500
4.029 4.425 12.320 12.343 4.641 12.371 12.392 12.396 12.415 4.654 11.297 13.758 13.790 13.801 13.817 13.835 8.312 8.790 9.357 8.440 13.965 13.971 13.991 13.998 14.014 8.856 9.617 9.879 14.109 11.843 10.364 10.340 14.500 14.500 14.500 14.500 14.500 14.500 14.500 14.500 14.500 14.500 9.419 14.490 14.500 14.500 14.500 14.500 9.691 13.758 14.100 14.500 14.500 14.500 14.500 14.500 14.500 14.500 14.500 14.500 14.500 14.500 14.500 14.500 14.500 14.500 14.500 14.500 14.500 14.500 14.500 14.500 14.500 14.500
7.150 5.482 12.300 12.320 4.548 5.410 12.372 12.382 12.480 12.501 12.822 13.760 13.770 13.810 13.837 13.846 8.399 8.303 9.135 13.936 13.958 13.966 8.588 13.998 14.018 11.938 9.652 9.425 9.338 9.529 10.216 14.231 14.247 9.668 14.500 14.500 14.500 14.500 14.500 14.500 14.500 14.500 9.275 14.357 14.271 14.051 13.676 13.415 13.497 13.409 9.492 12.223 12.330 12.462 13.965 14.500 14.500 14.500 14.500 14.500 14.500 14.500 14.500 14.500 14.500 14.500 14.500 14.500 14.500 14.500 14.500 14.500 14.500 14.500
12.227 12.258 6.225 12.328 12.368 12.330 4.656 12.377 12.457 4.589 12.805 9.097 13.790 13.830 13.842 13.866 13.876 13.898 13.918 13.931 8.635 13.972 13.988 12.245 14.016 8.815 9.603 9.823 10.200 10.094 14.176 14.185 14.233 9.325 9.692 14.500 14.500 14.500 14.500 14.500 14.500 9.605 14.500 14.500 14.024 13.644 12.962 12.698 9.721 11.699 9.716 9.751 11.864 12.145 12.477 13.161 13.987 14.500 14.500 14.500 14.500 14.500 14.500 14.500 14.500 14.500 14.500 14.500 14.500 14.500 14.500 14.500 14.500 14.500
2.340 3.712 12.327 12.352 12.403 12.435 7.795 5.191 5.145 6.909 12.809 12.823 13.800 13.808 8.046 8.122 13.899 13.905 13.914 13.938 8.930 13.978 9.454 12.463 14.036 14.049 14.091 14.102 14.112 14.136 14.146 10.626 10.177 14.500 9.582 14.500 9.657 14.500 14.500 14.500 9.635 14.500 14.500 11.456 11.379 12.968 9.625 9.591 9.657 9.458 9.515 11.849 12.062 12.242 12.345 12.463 12.710 13.250 14.287 14.500 14.500 14.500 14.500 14.500 14.500 14.500 14.500 14.500 14.500 14.500 14.500 14.500 14.500 14.500
12.348 12.361 3.704 5.200 12.430 12.446 4.930 5.821 5.214 6.158 12.809 12.823 13.815 13.831 8.202 9.192 8.870 8.349 13.917 8.522 13.948 8.726 9.824 9.109 8.997 8.773 14.079 8.944 9.243 8.975 9.842 11.082 11.524 11.109 14.500 14.500 14.500 14.500 9.755 9.721 9.834 9.749 14.500 9.742 9.524 12.866 9.526 14.500 9.888 14.272 9.550 11.715 12.223 12.292 12.325 12.361 12.474 12.703 13.396 14.500 14.500 14.500 14.500 14.500 14.500 14.500 14.500 14.500 14.500 14.500 14.500 14.500 14.500 14.500
12.333 12.374 12.417 12.432 12.449 12.461 12.506 5.726 5.160 12.731 12.809 12.823 13.812 8.267 8.073 8.364 13.897 8.902 13.933 13.946 9.857 13.968 13.877 13.989 13.998 8.709 9.128 14.072 8.735 10.559 14.170 10.938 10.886 10.466 14.500 14.500 14.500 14.500 14.500 9.799 14.500 14.500 14.500 12.548 12.443 12.781 14.500 14.500 9.616 9.805 11.908 11.966 12.345 9.692 11.717 11.915 12.120 12.424 12.786 14.313 14.500 14.500 14.500 14.500 14.500 14.500 14.500 14.500 14.500 14.500 14.500 14.500 14.500 14.500
1.918 5.407 12.432 12.449 12.512 12.521 12.569 6.477 7.923 8.227 12.810 12.824 13.831 8.364 8.242 9.045 11.639 9.299 13.924 8.419 13.954 8.857 13.985 8.310 9.375 9.194 8.716 14.081 9.365 14.119 8.995 10.427 9.729 14.181 14.500 14.500 14.500 14.500 14.500 9.607 14.500 13.651 11.357 11.145 9.456 9.725 9.440 11.164 11.381 11.511 11.826 9.660 9.693 11.646 11.796 11.936 12.098 12.376 12.680 13.875 14.500 14.500 14.500 14.500 14.500 14.500 14.500 14.500 14.500 14.500 14.500 14.500 14.500 14.500
4.879 3.956 12.430 12.449 12.498 6.502 12.563 12.637 12.654 4.894 12.812 12.826 13.838 13.846 8.238 8.540 13.902 12.438 13.927 13.949 8.722 13.987 13.994 9.127 8.719 14.058 14.074 14.086 11.151 10.285 11.572 10.495 14.420 9.630 14.500 14.500 14.500 14.500 13.398 12.815 9.689 13.281 11.184 11.100 9.685 9.465 10.819 10.811 10.800 10.759 11.811 9.716 11.573 11.746 11.859 11.961 12.089 12.316 12.567 13.547 14.500 14.500 14.500 14.500 14.500 14.500 14.500 14.500 14.500 14.500 14.500 14.500 14.500 14.500
12.379 12.405 12.429 5.040 4.658 9.589 12.573 12.663 12.683 12.700 12.810 12.829 13.847 9.123 8.391 9.137 8.669 13.920 9.052 8.807 8.921 8.973 13.675 14.018 9.647 9.777 10.054 10.720 12.158 9.692 9.596 10.629 14.500 9.730 14.500 14.500 14.500 14.359 12.712 9.644 14.500 13.214 11.076 11.087 11.114 10.915 10.516 9.671 9.747 9.609 11.698 11.838 11.859 11.857 11.864 11.909 12.002 12.203 12.453 13.159 14.500 14.500 14.500 14.500 14.500 14.500 14.500 14.500 14.500 14.500 14.500 14.500 14.500 14.500
5.622 12.429 12.449 12.490 12.528 12.578 12.596 12.641 12.661 4.872 12.827 13.846 13.853 9.066 10.510 10.720 8.660 13.910 13.927 8.614 12.207 8.597 13.959 14.011 14.034 9.356 9.380 14.127 14.142 10.262 14.197 11.177 14.500 14.500 14.500 14.500 14.500 14.255 12.430 12.455 12.258 12.457 10.734 10.628 10.532 9.743 9.655 9.588 10.694 11.680 12.357 9.649 11.015 11.219 11.407 11.566 11.731 11.966 12.268 12.644 14.380 14.500 14.500 14.500 14.500 14.500 14.500 14.500 14.500 14.500 14.500 14.500 14.500 14.500
12.453 12.418 5.842 12.507 11.181 9.386 11.286 12.636 6.974 12.815 8.636 13.849 13.855 13.869 10.431 13.903 13.911 13.290 13.936 13.949 9.576 8.860 8.927 11.014 13.937 14.076 14.100 13.798 14.154 14.175 14.205 14.222 14.500 9.675 9.727 14.500 14.500 14.169 9.825 9.644 9.760 10.457 9.453 9.535 9.258 9.163 9.209 9.225 14.500 9.287 9.725 9.616 11.034 11.249 11.443 11.609 11.781 12.028 12.330 12.716 14.500 14.500 14.500 14.500 14.500 14.500 14.500 14.500 14.500 14.500 14.500 14.500 14.500 14.500
11.081 4.622 12.560 4.937 12.370 12.561 12.659 6.418 5.145 9.784 6.800 13.854 8.543 13.868 8.432 13.904 13.909 11.040 8.641 8.802 13.353 11.057 10.695 14.007 8.617 9.618 9.146 9.184 14.146 14.158 9.663 12.724 10.456 14.500 9.615 14.500 14.500 9.449 9.634 9.473 9.163 14.137 9.597 8.958 9.038 14.112 9.202 10.560 10.518 14.215 9.004 9.845 11.103 11.314 11.502 11.669 11.846 12.115 12.406 13.173 14.500 14.500 14.500 14.500 14.500 14.500 14.500 14.500 14.500 14.500 14.500 14.500 14.500 14.500
12.715 4.706 12.573 5.196 8.167 12.280 10.843 4.993 12.815 6.956 9.763 13.858 8.737 10.462 10.226 13.910 13.916 13.924 9.012 8.877 8.449 9.033 8.702 8.661 9.301 9.246 14.084 9.221 9.510 14.170 10.071 14.500 14.500 14.500 9.737 14.500 9.897 9.244 9.136 8.990 14.109 14.110 9.722 9.413 9.130 9.018 13.028 10.783 9.201 14.500 9.606 9.679 11.227 11.383 11.553 11.719 11.905 12.192 12.479 13.525 14.500 14.500 14.500 14.500 14.500 14.500 14.500 14.500 14.500 14.500 14.500 14.500 14.500 14.500
12.733 12.749 6.833 5.431 5.228 12.804 5.183 5.775 8.811 6.104 11.937 13.872 11.521 12.293 13.909 13.915 12.829 13.931 9.358 13.951 10.093 13.967 13.981 13.996 8.667 9.158 10.257 14.500 14.148 9.654 14.500 14.500 14.500 14.500 14.500 14.500 10.156 9.174 14.100 14.086 9.187 9.509 9.123 9.004 11.563 14.130 9.427 9.371 14.500 14.238 14.263 9.704 9.795 11.416 11.592 11.765 11.962 12.275 12.585 13.801 14.500 14.500 14.500 14.500 14.500 14.500 14.500 14.500 14.500 14.500 14.500 14.500 14.500 14.500
12.749 12.767 12.785 12.803 4.779 12.818 10.049 7.288 6.026 9.678 11.643 13.877 13.881 8.843 13.906 12.824 9.397 8.711 9.098 8.979 13.969 8.925 12.459 13.998 8.761 14.076 9.710 14.132 11.957 14.178 11.394 14.500 14.500 14.500 14.500 9.979 10.783 14.175 10.360 9.213 9.111 14.094 14.100 11.282 14.111 9.235 8.952 14.171 13.058 9.176 12.563 14.500 9.451 11.445 11.627 11.805 12.035 12.344 12.697 14.500 14.500 14.500 14.500 14.500 14.500 14.500 14.500 14.500 14.500 14.500 14.500 14.500 14.500 14.500
