includes/oleron/floodfiles/results/res.max
ncols         631
nrows         906
xllcorner     364927.146667
yllcorner     6531972.565556
cellsize      20.000000
NODATA_value  -9999.000000
[rows 578 to 611 of 906, columns 385 to 461 of 631]
0.000 0.000 0.000 0.000 0.000 0.000 0.000 1.251 0.771 1.411 0.611 0.000 0.821 1.191 1.201 0.551 1.232 0.492 0.262 0.000 1.325 0.086 0.297 0.197 1.427 0.437 0.707 0.547 0.347 0.597 0.847 0.857 1.207 0.773 1.407 2.877 0.308 1.669 0.015 0.262 0.000 0.000 0.000 0.000 0.672 0.000 0.158 0.018 1.212 0.412 0.252 0.014 0.036 0.053 0.000 0.000 0.000 0.000 0.000 0.000 0.000 0.000 0.000 0.000 0.000 0.000 0.000 0.000 0.000 0.000 0.000 0.000 0.000 0.000 0.000 0.000 0.000
0.000 0.000 0.000 0.000 0.000 0.000 0.141 0.371 1.221 0.951 0.831 0.000 1.041 0.231 0.572 1.142 0.992 0.073 0.223 1.354 1.484 0.317 0.447 1.457 0.467 0.257 1.377 0.277 0.437 0.667 0.837 0.927 0.957 0.773 0.773 0.028 2.849 0.329 0.809 1.078 1.149 1.119 0.509 0.000 0.000 0.000 0.178 0.000 1.072 0.202 0.134 0.000 0.038 0.048 0.000 0.000 0.000 0.000 0.000 0.000 0.000 0.000 0.000 0.000 0.000 0.000 0.000 0.000 0.000 0.000 0.000 0.000 0.000 0.000 0.000 0.000 0.000
0.953 0.000 0.000 0.000 0.000 0.000 0.000 0.160 0.070 1.311 1.351 0.751 0.121 0.322 1.142 0.982 0.412 0.994 0.084 1.644 0.025 0.867 0.337 1.257 0.467 1.507 0.847 0.937 0.447 0.757 0.467 0.108 1.108 0.988 0.774 0.775 0.629 3.010 0.580 0.359 0.119 0.809 0.949 0.000 0.000 0.000 0.000 0.000 0.000 0.090 0.247 0.158 0.143 0.154 0.002 0.000 0.000 0.000 0.000 0.000 0.000 0.000 0.000 0.000 0.000 0.000 0.000 0.000 0.000 0.000 0.000 0.000 0.000 0.000 0.000 0.000 0.000
0.943 0.673 0.573 0.000 0.000 0.000 0.359 0.410 0.270 0.390 1.261 0.681 0.271 1.162 1.192 0.482 0.493 1.254 1.434 1.414 0.000 0.267 1.627 1.617 1.557 0.877 0.367 0.297 0.328 0.598 0.458 0.418 0.000 0.918 0.929 0.775 1.269 2.750 2.990 0.440 0.210 0.119 0.749 0.000 0.000 0.000 0.000 0.000 0.000 0.462 0.472 0.354 0.385 0.158 0.003 0.027 0.000 0.000 0.000 0.000 0.000 0.000 0.000 0.000 0.000 0.000 0.000 0.000 0.000 0.000 0.000 0.000 0.000 0.000 0.000 0.000 0.098
1.023 0.913 0.533 0.723 0.833 0.000 0.889 0.179 0.180 0.290 0.101 1.491 0.731 1.001 0.892 1.423 0.103 0.274 1.344 0.105 1.667 1.677 1.677 0.307 0.000 0.607 1.567 0.258 0.348 0.528 0.579 1.039 0.319 0.619 0.879 0.775 0.775 0.580 3.010 2.720 0.190 0.030 0.000 0.000 0.000 0.000 0.000 0.000 0.000 0.813 0.354 0.257 0.201 0.370 0.119 0.058 0.000 0.000 0.000 0.000 0.000 0.000 0.000 0.000 0.000 0.000 0.000 0.000 0.000 0.000 0.000 0.000 0.000 0.000 0.000 0.000 0.088
0.763 1.153 0.933 0.743 0.343 0.000 1.059 0.839 0.179 0.000 0.931 1.401 1.211 1.481 0.000 1.453 1.233 1.194 0.164 0.000 0.000 0.147 1.527 1.577 1.377 1.637 1.717 0.148 0.278 0.358 0.929 1.119 0.775 0.775 0.775 0.775 0.775 0.610 0.360 2.280 2.870 0.172 0.000 1.976 0.000 0.002 0.000 0.000 0.623 0.000 0.317 0.851 0.582 0.160 0.309 0.000 0.096 0.000 0.000 0.000 0.000 0.000 0.000 0.000 0.000 0.000 0.000 0.000 0.000 0.000 0.000 0.000 0.000 0.000 0.000 0.000 0.000
0.000 0.312 1.063 0.843 0.865 0.825 0.057 0.869 0.949 0.000 1.161 1.241 1.241 1.061 0.571 0.293 0.864 1.104 1.065 1.135 1.176 1.136 0.817 0.000 0.000 0.000 1.218 1.438 1.578 0.758 1.019 0.775 0.775 0.489 0.000 0.530 0.000 0.780 1.180 1.130 0.702 2.816 2.886 0.356 0.166 0.002 0.000 0.153 0.733 0.000 0.000 0.000 0.171 0.766 0.447 0.162 0.176 0.168 0.000 0.000 0.000 0.000 0.000 0.000 0.000 0.000 0.182 0.142 0.000 0.000 0.000 0.000 0.000 0.000 0.000 0.000 0.000
1.442 1.322 1.032 0.084 1.186 1.026 0.896 0.000 0.829 0.979 0.000 0.781 1.241 1.281 0.000 0.974 0.964 0.894 0.000 0.000 0.686 1.206 1.317 0.977 0.807 0.878 0.768 0.774 0.774 1.138 0.529 0.775 1.219 2.120 1.490 0.776 0.776 0.776 0.777 0.012 0.665 1.886 3.186 2.856 2.916 1.217 0.000 0.000 0.413 0.695 0.190 0.000 0.000 0.509 0.649 0.152 0.166 0.142 0.053 0.000 0.000 0.000 0.025 0.000 0.151 0.101 0.192 0.172 0.252 0.332 0.000 0.000 0.000 0.000 0.000 0.000 0.002
1.412 1.422 0.173 0.945 0.000 1.126 1.027 0.978 1.118 1.098 0.459 0.920 0.411 0.561 1.051 0.000 0.444 0.294 0.405 0.256 0.486 0.636 0.000 0.000 0.087 0.918 0.988 0.774 0.774 0.774 0.775 0.775 0.775 0.775 0.776 0.776 1.140 1.011 0.778 0.779 0.625 0.996 1.396 0.806 1.286 3.047 3.227 1.018 0.381 0.345 0.955 0.547 0.869 0.690 0.811 0.492 0.000 0.216 0.230 0.266 0.215 0.276 0.206 0.380 0.351 0.311 0.341 0.402 0.242 0.322 0.272 0.142 0.000 0.021 0.011 0.000 0.072
0.717 0.718 0.718 0.719 0.905 0.000 1.167 0.188 1.038 1.198 0.909 0.900 0.910 1.210 0.510 1.100 0.000 0.000 0.706 0.406 0.166 0.316 0.336 0.696 0.406 0.197 0.848 0.818 0.774 0.774 0.775 0.775 0.040 0.510 0.650 0.510 0.000 0.472 1.133 0.780 1.125 1.795 0.000 0.000 0.307 0.168 2.208 3.118 2.208 0.156 0.685 0.637 0.659 0.191 0.772 0.804 0.108 0.000 0.340 0.366 0.364 0.289 0.297 0.380 0.541 0.621 0.631 0.641 0.602 0.602 0.482 0.282 0.142 0.000 0.047 0.291 0.251
1.413 1.183 1.143 0.720 0.720 0.946 1.197 0.578 0.728 1.078 0.739 0.270 0.750 0.931 1.061 0.131 1.161 0.351 0.000 0.866 0.000 0.286 0.126 0.926 0.916 0.058 0.658 0.000 1.199 1.029 0.859 0.290 1.111 0.981 1.221 1.031 0.662 0.952 0.683 0.780 0.615 0.000 0.668 0.838 0.838 0.608 1.148 1.718 2.869 0.616 0.400 0.000 0.652 0.384 0.000 0.777 0.791 0.555 0.534 0.539 0.121 0.630 0.580 0.821 0.941 0.771 0.751 0.781 0.722 0.682 0.732 0.632 0.532 0.442 0.000 0.103 0.241
0.000 0.753 0.295 0.945 0.721 1.246 0.577 1.018 0.618 0.458 0.229 0.460 0.400 1.071 0.951 1.431 0.721 1.061 0.000 0.556 0.535 0.026 0.000 0.636 0.000 0.033 0.000 1.298 1.379 0.000 0.580 1.141 1.141 1.321 1.041 1.011 1.162 0.778 0.779 0.780 0.866 1.017 0.788 0.528 0.149 0.000 0.931 0.781 1.262 3.178 0.131 0.454 0.594 0.967 0.608 0.000 0.862 0.505 0.372 0.143 0.519 1.040 0.881 0.891 0.961 0.821 1.001 1.091 1.061 1.012 0.972 0.932 0.872 0.562 0.592 0.171 0.000
1.263 0.185 1.086 0.446 0.721 0.721 1.227 0.947 0.828 0.398 0.749 0.530 0.550 0.681 1.051 0.831 1.121 1.201 0.871 0.063 0.385 0.726 1.066 0.000 0.304 0.394 0.000 1.178 1.188 0.130 1.150 0.681 1.301 1.111 0.971 1.051 0.778 0.778 0.779 0.780 0.782 0.783 0.784 0.786 0.790 0.791 0.985 0.245 0.000 3.169 2.779 0.123 0.257 0.478 0.840 0.541 0.000 0.495 0.000 0.666 0.309 1.250 1.111 1.131 1.001 0.931 0.941 1.021 1.011 1.022 0.962 0.972 0.942 0.672 0.832 0.852 0.292
0.655 1.316 1.246 0.726 1.166 0.721 0.722 0.807 0.778 0.698 0.619 0.590 0.670 1.030 0.891 0.531 1.011 0.961 0.751 1.191 0.265 0.846 1.106 0.000 0.404 0.000 1.188 1.218 0.000 0.680 1.000 0.481 0.671 1.111 1.031 0.777 0.778 0.778 0.779 0.781 0.782 1.258 1.328 0.652 1.586 0.793 0.794 0.910 1.150 1.189 3.149 0.214 0.808 0.489 0.711 1.282 0.213 0.000 0.000 0.196 0.840 1.020 0.831 1.091 1.171 0.951 1.011 1.041 0.971 1.031 0.232 0.792 1.022 0.762 0.962 1.092 0.682
1.085 0.000 2.096 1.176 1.136 1.037 0.722 1.068 0.908 0.668 0.529 1.010 0.480 1.010 1.101 1.731 1.371 0.881 1.061 0.000 1.206 0.526 0.000 0.367 0.000 0.978 1.018 1.118 1.108 0.460 0.920 0.131 1.141 0.000 0.777 0.777 0.777 0.778 0.544 1.435 0.356 1.308 1.209 0.663 1.247 0.879 0.796 0.798 0.782 0.000 0.863 2.928 0.308 0.000 0.721 1.882 0.535 0.566 0.028 1.422 0.000 1.101 0.821 1.011 1.091 1.131 0.991 1.031 1.081 1.041 0.000 1.183 0.593 0.000 0.223 0.762 0.742
1.135 0.746 0.496 1.056 1.006 1.077 0.722 0.722 0.828 0.529 0.830 1.110 0.580 0.970 0.470 0.771 1.211 0.601 1.091 1.042 0.000 1.037 1.227 1.107 1.217 0.768 1.218 1.308 0.608 0.219 1.000 0.440 1.131 0.971 0.777 0.777 0.402 0.432 1.065 1.245 1.107 0.399 1.183 1.155 1.088 1.202 1.393 0.801 0.804 0.983 1.636 2.368 2.779 1.069 0.412 0.564 0.766 0.428 0.802 0.052 0.000 1.091 0.950 0.570 0.651 0.911 0.711 1.091 0.721 0.000 0.772 1.363 0.863 1.584 0.914 0.064 0.000
1.126 1.106 0.986 0.996 0.906 1.117 1.047 0.722 0.723 0.719 1.050 1.090 0.960 1.240 0.960 0.491 0.851 0.951 0.000 0.972 0.983 0.000 0.817 0.417 1.197 0.797 0.000 1.118 1.318 1.198 0.000 0.140 0.000 0.776 0.776 0.777 0.541 0.412 0.225 0.000 1.020 0.992 1.183 1.315 0.819 1.074 1.246 1.288 0.806 0.809 2.176 1.198 2.659 3.159 0.962 1.474 1.057 0.909 0.622 0.826 0.647 0.000 0.120 1.379 0.000 1.381 1.561 0.951 0.851 1.222 1.392 0.683 0.874 0.914 0.894 0.874 0.224
1.226 1.146 1.056 1.126 1.206 0.677 0.797 0.858 0.723 1.039 0.729 1.090 1.080 1.170 0.780 1.461 0.491 0.451 0.422 0.533 1.143 0.974 0.226 1.056 0.317 0.587 0.918 0.000 0.748 1.388 1.129 0.759 0.775 0.776 0.776 0.420 0.112 0.113 0.496 0.128 1.232 1.163 0.336 0.679 0.582 1.196 1.178 1.379 1.901 0.809 0.812 1.769 2.649 2.849 0.592 0.184 1.558 0.870 0.743 0.696 0.788 0.769 1.150 0.140 0.000 0.891 1.261 1.561 1.572 1.652 1.462 0.203 1.314 1.094 0.744 0.964 0.904
1.156 1.176 1.116 0.866 0.416 0.137 1.868 1.478 0.723 0.769 0.689 1.040 1.150 1.150 0.971 0.911 0.991 1.302 1.052 1.033 0.303 1.115 1.055 0.916 1.086 0.000 0.578 0.788 0.908 0.000 1.229 0.775 0.775 0.775 0.540 0.081 0.092 0.124 0.327 0.000 0.000 1.227 0.839 1.250 0.983 0.836 1.390 1.271 1.312 1.474 0.812 0.814 1.230 1.511 3.186 0.000 0.000 0.822 0.934 0.676 0.888 0.799 0.870 0.622 0.078 1.391 0.211 0.931 1.581 1.412 0.762 0.000 1.094 1.044 1.065 1.625 0.265
1.076 1.146 1.136 0.666 0.516 1.157 1.538 0.538 0.723 0.724 0.569 1.110 0.610 0.871 0.901 0.691 0.891 0.681 0.322 1.273 0.644 0.675 1.155 1.246 1.096 0.000 0.000 0.658 0.838 0.758 0.774 0.775 0.775 0.249 0.420 0.561 0.692 0.000 0.429 0.123 1.308 1.128 1.049 0.000 0.626 0.429 1.291 1.292 1.253 1.014 1.166 0.815 0.817 0.843 2.916 2.637 0.148 0.000 0.835 0.917 0.628 0.620 0.921 0.862 0.398 1.120 1.551 1.131 2.021 0.102 0.000 1.575 1.595 1.475 1.025 1.145 0.915
1.236 1.296 1.086 0.806 0.206 1.367 1.507 0.528 0.728 0.724 0.679 0.630 0.630 1.021 0.821 1.101 1.011 1.691 0.693 0.793 0.134 0.645 1.225 0.055 1.306 1.136 0.517 0.637 0.028 0.774 0.774 0.774 0.209 0.269 0.799 0.081 0.612 0.016 0.731 0.443 0.117 0.000 1.082 0.796 1.078 0.901 1.392 1.343 1.314 1.055 0.817 0.879 0.817 0.819 1.756 3.147 2.899 0.000 0.000 0.768 0.699 0.950 0.781 0.692 0.253 0.660 1.111 1.121 1.142 1.434 1.485 1.215 1.425 1.275 0.000 0.945 0.995
1.246 1.106 1.146 0.826 0.367 1.237 1.207 1.957 0.000 0.724 0.724 0.690 0.710 1.451 0.871 0.871 0.641 0.000 0.874 1.274 1.514 0.000 1.255 0.585 0.000 1.057 1.057 1.107 0.467 0.298 0.774 1.549 1.659 1.439 1.109 0.000 0.762 0.366 0.981 0.524 0.550 0.592 0.543 0.786 0.039 0.832 0.783 1.394 1.374 1.356 1.378 1.220 1.421 0.820 0.822 0.498 3.220 2.753 0.711 0.362 0.000 0.512 0.901 0.013 0.887 0.619 1.251 0.732 0.653 0.435 1.176 0.707 0.057 0.625 1.115 1.125 0.775
1.196 1.176 1.086 0.786 0.856 1.377 1.497 0.148 2.108 0.739 0.724 0.610 0.871 1.421 0.681 1.001 1.002 0.992 0.000 1.604 1.534 1.505 1.015 0.025 0.257 0.997 0.000 1.257 1.187 1.047 1.258 0.000 0.000 0.738 1.438 1.208 0.082 0.128 0.501 0.167 0.481 0.462 0.165 0.929 1.201 0.982 1.163 1.114 1.195 1.296 1.058 1.190 1.361 0.925 0.823 0.825 0.000 1.629 3.278 2.759 2.872 0.362 0.083 0.414 0.817 0.828 0.361 0.453 0.625 0.417 2.788 0.575 0.796 0.420 1.625 0.365 1.245
1.055 1.236 0.886 0.896 0.676 1.607 1.367 1.488 1.178 0.379 0.725 0.820 1.091 1.491 0.581 0.000 0.942 0.662 0.764 1.024 0.495 1.595 1.435 1.365 0.000 0.766 0.517 0.757 0.077 1.397 1.338 1.238 1.398 1.338 0.868 0.678 0.000 0.870 0.030 0.441 0.411 0.593 0.926 0.699 0.871 0.732 1.203 0.954 1.095 1.227 1.279 1.070 0.624 1.418 1.248 0.828 1.486 0.729 0.096 1.161 2.565 3.191 2.758 0.982 0.000 0.148 0.693 0.167 0.629 0.277 0.485 1.904 0.476 0.273 0.000 0.000 0.885
0.995 1.085 1.096 0.766 0.756 0.437 1.377 1.398 0.000 2.169 0.724 0.725 0.881 1.391 0.791 0.922 1.052 0.153 0.834 1.054 0.805 0.000 0.085 1.546 1.486 1.406 0.000 0.457 0.767 1.437 0.218 1.338 1.238 0.688 1.148 0.320 1.019 0.410 0.801 0.861 0.451 0.293 0.926 0.190 0.312 0.883 0.973 1.154 0.595 0.488 1.581 1.342 1.016 1.358 0.660 0.829 0.833 0.836 0.840 2.138 0.243 1.011 2.869 2.760 3.173 2.761 0.703 2.212 0.406 0.405 0.589 2.937 0.680 0.663 0.000 0.000 0.000
0.825 0.995 0.966 0.736 0.666 0.666 0.307 1.498 0.139 2.279 0.050 0.726 1.041 1.371 0.681 0.842 1.302 0.743 0.000 0.995 1.475 1.245 1.615 0.000 1.376 1.516 1.446 1.017 1.247 1.357 0.000 1.288 0.429 0.839 0.969 0.000 1.290 1.140 0.571 0.631 0.911 0.303 0.029 0.883 0.903 0.603 0.303 1.284 0.366 1.231 1.171 0.514 1.399 1.569 1.401 0.854 0.917 0.837 0.840 0.843 0.846 0.849 0.000 0.000 0.000 3.298 2.772 3.242 2.781 2.796 3.103 3.207 2.576 3.431 0.000 0.000 0.000
0.925 1.015 1.156 1.216 0.666 0.866 0.137 1.408 1.079 1.569 0.000 0.726 0.726 1.371 0.611 0.502 0.773 0.773 1.014 0.824 0.305 1.565 1.535 1.455 0.000 0.000 1.296 1.477 1.477 0.000 1.123 0.311 0.921 1.000 0.000 0.000 0.130 1.291 1.051 0.571 0.481 0.086 1.063 0.813 0.823 0.293 0.114 0.765 0.885 0.400 0.814 1.267 1.049 0.681 1.403 1.364 1.007 0.838 0.841 0.842 0.149 0.847 1.322 1.052 0.000 0.000 0.000 0.000 0.000 2.819 2.797 2.796 3.228 3.353 3.484 3.400 3.483
1.325 0.735 1.135 0.846 0.706 0.716 0.617 1.628 1.229 1.369 1.699 0.311 0.726 0.781 0.942 0.782 0.993 0.813 0.674 0.864 0.165 0.000 1.515 1.425 1.356 1.576 0.106 0.536 1.196 0.232 1.533 1.413 0.783 0.186 0.562 0.803 0.000 0.201 1.161 0.811 0.000 0.957 0.000 0.563 0.653 0.000 1.365 0.665 0.345 0.000 0.339 0.120 1.351 1.042 1.133 1.054 0.530 0.839 0.841 0.843 0.898 0.580 0.882 1.042 1.152 1.313 0.823 1.573 0.000 0.000 0.000 0.000 2.639 1.984 3.324 2.806 2.808
1.335 1.415 1.305 1.056 0.546 0.727 0.947 0.278 1.369 0.089 2.199 0.000 0.726 0.922 0.792 0.312 0.773 0.954 0.895 1.065 1.086 0.727 0.337 0.000 1.436 1.536 1.596 1.016 0.000 1.384 0.444 0.594 0.916 1.102 0.102 0.633 0.863 1.073 0.642 1.141 1.101 0.000 0.984 0.000 0.733 1.293 0.154 0.000 0.000 0.000 1.133 0.992 0.752 0.535 0.387 0.650 1.383 0.840 0.842 0.843 1.408 0.750 0.641 0.392 0.822 0.973 1.733 1.193 0.984 1.414 1.144 0.000 0.000 0.000 0.765 0.926 1.803
1.335 1.385 1.285 0.466 0.926 0.647 0.797 0.568 0.869 0.990 0.950 0.940 0.726 0.726 1.102 0.532 0.903 0.544 0.745 0.756 0.677 0.638 1.189 0.889 0.409 0.168 1.396 1.036 0.353 0.414 0.515 0.000 0.000 1.101 1.025 1.135 0.255 0.186 0.205 0.841 0.049 1.104 0.544 0.794 0.000 0.000 0.000 0.123 1.623 1.553 1.183 1.003 0.000 0.500 0.532 0.673 0.964 0.841 0.842 0.843 1.618 0.970 0.731 0.952 0.882 0.493 0.493 0.784 0.994 1.394 1.434 1.504 1.144 0.000 0.000 1.088 0.997
1.315 1.385 1.005 0.536 0.256 0.577 0.327 0.388 0.469 0.920 0.810 0.511 2.032 0.727 0.727 0.727 0.728 0.729 0.906 1.017 0.898 1.079 1.189 0.291 1.413 1.023 0.182 0.000 1.075 1.296 0.516 0.432 0.805 0.745 0.907 1.018 1.269 0.383 0.635 0.000 0.000 1.104 1.054 0.794 0.924 0.099 0.293 0.513 0.883 0.000 0.000 0.000 0.000 0.433 1.043 0.884 1.184 0.841 0.842 1.378 1.618 0.490 0.841 0.792 0.912 0.333 0.814 1.234 0.484 0.424 0.964 1.424 1.594 1.405 0.000 0.000 1.221
1.285 0.975 0.676 0.746 0.666 0.597 0.107 0.758 1.249 0.400 1.241 1.991 1.032 1.332 1.962 1.602 1.313 0.729 0.731 0.732 1.058 0.839 1.220 0.662 1.093 0.514 1.135 1.075 1.186 0.000 0.000 0.000 0.438 1.329 1.509 1.119 0.701 1.505 1.406 1.349 1.591 1.394 1.434 0.494 0.000 0.000 0.000 0.000 0.694 0.684 0.665 0.259 0.693 0.783 1.063 1.374 0.840 0.841 0.843 1.078 1.399 0.890 0.811 0.782 0.862 0.293 0.384 0.934 1.204 1.324 1.434 0.555 0.625 1.255 1.085 0.000 0.000
0.165 0.066 0.456 0.256 0.527 0.597 0.848 1.048 0.299 1.441 1.461 1.321 0.552 1.652 1.262 0.143 0.375 0.365 2.517 0.733 0.734 1.111 1.021 1.032 1.093 1.325 0.385 0.000 0.690 1.242 1.155 1.217 1.139 1.319 0.940 0.821 0.652 1.254 0.000 0.000 0.223 1.264 1.604 1.396 1.618 1.489 1.321 0.874 0.884 0.215 0.000 0.000 0.000 0.000 0.053 0.154 0.841 0.842 1.257 0.838 0.579 1.221 1.051 0.752 0.623 1.133 0.174 0.000 0.034 1.014 1.014 1.185 1.395 0.755 0.735 1.535 0.000
1.596 1.726 1.787 1.537 2.007 2.197 0.748 0.000 0.389 0.000 1.701 1.031 1.372 1.602 0.913 0.855 1.195 0.545 0.108 2.914 0.736 1.041 1.052 0.803 0.844 1.295 1.326 0.728 0.580 0.000 0.196 0.000 1.190 1.270 1.341 1.142 1.454 1.374 0.965 0.669 1.093 0.584 0.535 0.000 0.000 0.000 0.913 1.534 1.445 1.457 1.529 1.470 1.591 0.972 1.473 0.875 1.075 0.127 0.389 1.299 0.550 0.851 0.742 0.743 0.813 0.584 0.754 1.334 1.155 0.065 0.000 0.655 1.035 1.575 1.155 1.395 1.275
