includes/oleron/floodfiles/results/res.dem
ncols         631
nrows         906
xllcorner     364927.146667
yllcorner     6531972.565556
cellsize      20.000000
NODATA_value  -9999.000000
[rows 132 to 164 of 906, columns 296 to 369 of 631]
4.990 4.930 4.690 4.150 4.670 4.070 2.990 4.650 5.390 4.750 5.120 4.100 2.940 2.640 2.610 2.670 4.380 4.140 4.440 3.680 3.920 3.340 3.690 3.160 2.940 2.930 2.790 2.430 2.460 2.440 2.420 3.080 2.250 3.010 2.870 2.490 3.130 2.260 2.590 1.940 1.940 2.130 2.070 1.730 1.940 2.070 2.860 3.300 2.200 2.310 2.160 2.100 2.590 2.410 2.720 2.350 2.410 2.720 3.030 3.540 4.030 5.030 3.593 1.530 0.740 0.580 0.490 0.410 0.270 0.220 0.280 0.100 0.020 0.050
4.520 4.480 4.490 4.370 3.980 3.870 3.980 5.410 7.000 6.640 5.520 3.760 2.510 2.570 2.790 3.640 3.770 3.230 2.730 2.860 3.550 3.450 2.790 2.830 3.430 3.270 2.800 2.290 2.690 2.050 2.290 2.320 2.270 2.310 2.120 2.310 3.040 2.140 2.910 2.140 1.970 1.930 2.060 2.060 2.060 1.940 3.230 3.340 2.170 2.300 2.210 1.850 3.020 2.560 3.440 2.400 2.620 2.560 2.240 2.710 3.640 4.010 3.593 3.593 1.220 0.630 0.610 0.510 0.300 0.290 0.230 0.160 0.270 0.150
4.170 4.140 3.670 3.930 3.770 3.240 3.600 5.120 5.470 6.950 5.500 3.280 2.750 3.110 2.810 3.230 2.400 2.210 2.150 2.660 3.010 2.880 2.650 2.610 3.160 2.850 3.000 2.580 3.590 2.270 3.300 2.260 2.440 3.030 2.140 2.280 2.810 2.700 1.820 1.730 1.850 2.040 2.010 2.050 2.000 2.070 2.760 2.760 2.060 2.370 2.230 2.120 2.610 2.620 2.380 2.550 2.620 2.520 3.120 2.990 3.180 3.770 4.590 3.593 3.593 0.880 0.580 0.390 0.390 0.400 0.170 0.260 0.080 0.130
3.610 2.510 2.630 3.040 3.550 3.610 3.160 3.860 4.880 4.830 3.610 3.310 3.070 2.790 2.580 3.190 3.820 3.010 2.850 3.150 2.880 3.070 3.510 2.870 2.970 2.960 2.740 2.510 2.110 2.320 2.620 2.380 3.000 3.250 2.170 2.360 2.200 2.720 2.300 1.880 1.980 2.090 1.980 1.920 1.980 2.270 2.640 1.870 2.080 2.290 2.220 1.850 2.390 2.160 2.330 2.460 2.580 2.410 2.600 2.580 3.610 3.190 3.610 4.910 3.593 3.593 0.800 0.550 0.460 0.370 0.250 0.310 0.170 0.150
2.900 1.430 2.870 2.710 3.700 3.830 2.710 2.550 3.720 3.080 2.650 2.960 3.150 2.820 2.710 2.530 3.720 2.940 3.410 2.710 2.770 3.300 2.830 2.740 2.620 3.280 3.170 3.710 2.260 2.710 2.350 2.200 2.910 2.960 2.220 3.030 2.770 2.140 1.870 1.880 1.970 1.960 1.920 1.990 1.980 2.140 1.670 1.750 2.060 2.330 2.260 2.090 2.000 2.060 2.120 2.230 2.320 2.160 2.120 2.230 2.300 3.550 3.810 3.850 4.910 3.593 3.593 0.670 0.510 0.390 0.260 0.310 0.300 0.270
3.170 1.620 3.360 1.610 3.220 2.580 2.610 3.650 3.100 3.450 2.610 3.690 3.350 3.520 3.370 3.100 2.950 3.460 3.860 3.440 2.180 2.220 2.790 2.210 2.460 2.010 2.310 2.940 2.020 3.540 2.160 2.440 2.300 2.310 2.390 3.080 2.110 2.020 1.890 1.950 1.710 1.990 1.950 1.950 1.930 1.950 3.210 3.320 2.100 2.390 2.360 2.170 2.090 2.070 2.010 2.210 2.020 2.110 2.060 2.100 2.130 2.090 3.440 3.680 3.960 4.910 3.593 1.390 0.600 0.470 0.400 0.280 0.370 0.250
2.070 2.070 2.660 1.980 3.380 3.470 2.840 3.070 3.480 3.540 3.140 2.990 3.510 3.520 3.310 2.970 3.330 3.890 3.880 3.370 2.630 2.690 2.550 2.680 2.810 2.250 2.480 2.480 1.880 2.740 2.150 2.940 2.410 2.300 2.720 2.950 2.400 1.930 1.960 1.930 1.930 2.100 2.410 2.030 2.000 2.250 1.800 1.840 3.120 2.010 1.930 2.050 2.140 2.140 2.060 2.260 2.260 2.110 1.960 2.030 2.780 2.610 2.180 3.080 3.400 4.160 3.593 3.593 1.180 0.680 0.430 0.510 0.290 0.320
2.010 2.960 2.710 2.910 1.450 2.960 2.860 2.800 2.810 3.250 2.830 3.080 3.360 3.580 3.840 3.570 3.910 4.010 3.540 3.620 2.620 2.900 2.930 2.700 2.610 2.960 3.830 1.780 2.410 2.090 2.170 3.120 2.200 2.350 2.410 3.430 2.270 2.000 2.000 1.990 2.000 2.030 2.090 2.140 3.310 3.390 2.430 2.850 2.190 3.180 3.060 1.730 1.740 1.650 1.950 2.100 2.730 2.530 2.120 1.930 2.480 2.040 2.010 2.670 2.290 3.410 4.490 3.593 3.593 0.970 0.580 0.500 0.480 0.500
2.740 3.160 1.840 2.270 3.080 3.080 2.810 2.560 2.470 2.530 2.870 2.670 3.110 3.330 3.580 3.530 3.270 3.360 3.140 3.210 2.590 2.560 2.760 2.910 2.580 3.160 3.870 1.740 3.190 1.970 2.380 2.690 2.230 2.400 2.480 2.440 3.030 2.130 2.100 1.890 3.330 1.780 2.620 2.980 2.970 2.980 2.000 1.910 2.180 2.050 3.100 2.060 3.150 1.610 1.590 2.300 2.510 2.170 2.190 1.950 1.910 1.990 2.060 2.130 1.950 2.400 3.420 5.030 3.593 3.593 0.870 0.560 0.480 0.280
1.790 3.080 2.240 1.360 2.930 2.930 2.690 2.660 2.390 2.970 2.660 2.960 3.220 3.010 3.070 2.960 3.180 3.150 2.650 3.320 2.860 2.630 2.790 2.190 2.390 2.050 2.720 1.830 2.580 2.800 2.580 2.260 2.360 2.300 2.380 2.510 2.040 2.330 3.180 3.090 2.530 1.900 1.860 2.040 2.140 2.040 2.290 1.960 2.030 1.980 2.200 1.820 3.270 3.120 1.750 2.180 2.710 2.540 2.300 2.180 2.130 2.030 2.110 2.140 1.750 1.790 2.940 3.160 5.000 3.593 1.940 0.790 0.550 0.560
2.040 1.870 3.510 1.910 3.000 3.110 2.530 2.880 2.660 2.900 3.070 2.800 2.560 2.510 2.520 2.610 2.830 2.650 2.670 2.970 2.890 3.560 2.120 2.690 2.780 2.050 2.460 2.240 2.250 2.610 1.990 1.890 2.180 2.330 2.450 3.090 2.240 1.940 2.730 2.050 1.920 1.920 1.780 1.950 1.970 1.910 2.090 2.330 2.240 2.440 1.960 2.090 1.740 1.570 2.070 2.150 2.280 2.520 2.620 2.010 1.970 2.040 2.040 2.150 2.110 2.080 2.690 3.180 3.080 3.593 3.593 1.740 0.720 0.580
1.730 1.820 4.120 1.380 3.160 2.730 2.690 2.620 2.730 2.750 2.670 2.780 2.640 2.730 2.960 2.970 2.590 2.460 2.420 2.940 3.230 3.190 2.470 2.960 1.880 2.120 2.300 2.880 3.020 2.960 1.610 1.460 2.680 2.140 2.690 3.070 2.560 1.910 2.080 1.820 1.910 1.880 1.830 1.960 1.950 1.960 1.960 2.040 2.600 2.010 1.910 1.960 1.950 2.940 1.720 1.870 1.800 1.690 1.980 2.290 1.910 1.970 1.870 1.980 2.010 2.060 2.060 1.570 2.380 3.760 3.593 3.593 1.640 0.720
2.830 2.080 2.230 3.030 2.890 2.710 2.600 2.610 2.780 2.650 2.570 2.820 3.230 2.550 2.250 2.430 2.230 2.250 2.990 2.780 3.530 2.660 2.780 2.000 1.990 2.080 2.410 2.050 2.630 2.100 1.810 2.590 2.860 1.960 2.930 2.990 1.810 2.090 1.940 2.090 1.990 1.910 1.960 1.960 1.810 2.030 1.880 2.090 2.390 2.040 2.020 2.010 2.020 1.910 2.930 3.340 1.780 1.740 1.910 1.760 2.060 2.380 2.110 1.950 2.550 2.950 2.630 1.970 2.230 2.790 4.360 3.593 3.593 1.290
2.280 2.560 4.030 2.570 2.610 2.870 2.790 2.570 2.720 3.220 2.910 2.480 2.430 2.360 2.400 2.360 3.370 2.900 2.630 3.300 2.900 2.940 3.460 2.820 2.750 3.110 2.500 2.400 3.180 2.920 1.650 2.780 2.620 2.010 2.000 3.600 2.290 1.990 2.110 2.130 2.050 2.000 2.040 1.950 1.880 2.040 2.040 2.070 1.770 2.200 2.200 2.040 2.110 2.060 1.700 1.750 3.640 3.370 3.080 1.960 3.360 1.860 1.720 1.790 1.850 2.730 2.220 2.600 2.320 2.640 2.720 3.320 3.593 3.593
2.620 3.210 2.470 2.820 2.610 2.860 3.060 3.160 2.510 2.390 2.080 2.370 2.370 3.590 3.320 1.980 1.980 2.130 2.790 3.040 3.430 2.970 3.200 1.940 2.120 2.930 2.310 2.540 1.850 1.870 1.600 2.100 3.250 2.100 2.150 2.130 3.470 2.070 1.800 2.240 2.030 2.020 1.910 1.950 2.040 1.920 2.060 2.030 1.950 2.150 2.120 2.010 1.890 2.090 2.040 3.160 3.120 3.060 3.220 2.900 1.900 3.320 1.820 1.890 1.650 1.630 2.170 2.250 3.310 2.370 2.360 2.600 3.210 3.593
3.330 2.800 2.860 2.990 3.400 2.630 2.510 2.510 2.280 2.280 2.480 3.570 2.220 2.010 2.000 2.180 2.100 2.250 2.790 3.090 2.850 2.890 2.810 2.850 2.860 2.330 2.350 3.570 2.470 1.800 1.640 2.090 2.240 4.030 2.120 1.970 1.940 3.380 2.170 1.940 2.090 2.050 2.000 1.820 1.990 2.090 2.050 2.040 2.050 2.220 2.260 2.170 2.310 2.250 1.970 2.010 2.100 2.140 1.970 2.050 3.110 2.530 3.270 1.900 2.730 2.730 2.530 2.910 2.890 3.320 2.180 2.520 2.790 3.320
2.630 3.320 2.700 2.720 2.630 2.460 2.590 2.280 3.830 3.310 2.170 2.090 2.130 2.290 2.170 3.200 2.900 2.280 2.200 2.860 2.720 2.650 2.640 2.080 3.030 2.280 2.370 1.610 1.890 1.870 1.980 2.290 1.730 1.920 3.490 1.930 1.960 1.910 2.250 2.190 2.150 1.920 2.110 2.100 1.860 1.930 2.160 2.230 1.880 2.490 2.170 2.010 2.090 2.110 1.880 1.980 1.760 1.950 1.940 1.980 2.030 3.050 2.550 3.570 3.320 2.600 2.010 2.630 3.610 2.650 2.730 3.300 2.760 2.680
3.910 2.590 2.560 2.580 2.510 4.190 4.170 2.310 2.110 2.260 2.240 2.450 2.310 2.970 2.740 2.640 2.330 2.120 2.190 2.290 2.760 2.780 2.810 2.920 2.410 2.320 3.460 3.000 2.510 2.040 1.840 1.720 2.760 2.530 1.930 3.150 2.160 2.010 2.240 2.320 2.230 1.980 2.070 2.010 1.960 2.140 2.040 2.430 2.360 2.260 2.160 2.020 1.970 2.030 1.960 1.810 1.980 1.940 1.920 2.030 2.010 2.870 3.180 3.480 3.650 2.730 2.350 2.660 1.620 2.300 2.610 2.340 2.600 2.690
4.310 2.410 2.830 4.720 2.400 1.910 1.990 2.190 2.280 2.270 3.420 2.790 2.550 2.210 2.540 2.170 2.550 2.270 2.230 2.280 2.550 2.500 2.270 3.050 2.460 2.510 1.370 2.640 2.250 2.350 1.920 2.480 1.790 2.650 2.760 2.100 3.430 1.930 2.030 3.400 2.440 2.180 1.940 1.980 2.000 1.790 2.540 2.140 2.100 2.110 2.020 2.060 2.140 1.960 2.000 1.890 1.800 2.070 1.840 1.950 1.880 2.010 2.690 2.030 2.510 3.570 3.060 2.780 1.640 2.650 1.770 2.440 2.820 2.590
3.230 3.240 2.040 2.070 1.960 2.020 2.150 3.450 3.500 1.980 1.990 2.660 2.910 2.160 2.430 2.170 2.130 2.240 2.310 2.050 2.140 2.520 3.110 2.300 2.320 2.760 1.450 2.450 2.440 2.210 2.370 1.890 2.600 1.900 2.200 2.720 2.130 2.940 1.900 2.040 3.450 2.490 2.310 2.350 2.320 2.080 2.040 2.050 1.980 1.980 2.220 2.030 1.940 2.040 2.160 1.900 2.160 2.060 1.990 2.180 2.540 2.530 1.940 1.910 1.900 1.870 3.480 2.710 1.750 3.880 2.240 2.200 2.530 2.430
1.380 3.400 2.120 2.070 2.670 3.460 2.930 2.110 2.240 2.800 2.190 2.170 2.760 2.190 2.120 2.060 2.860 2.050 2.580 2.340 2.420 3.000 4.000 2.210 2.330 2.320 1.680 2.220 2.270 2.400 2.080 2.220 1.890 2.330 1.820 1.820 2.510 2.040 2.300 1.910 1.750 3.480 3.040 2.510 2.050 1.970 2.170 1.860 2.080 2.100 1.940 2.030 2.090 2.110 1.930 2.240 2.420 2.030 2.030 1.960 1.840 1.800 1.840 1.750 1.900 1.910 1.870 2.730 1.600 2.790 2.420 1.840 2.450 2.950
3.610 0.990 3.410 3.490 3.050 2.040 2.760 2.340 2.630 2.750 2.440 2.560 2.930 2.240 2.090 2.230 2.870 2.310 2.450 2.080 2.170 3.730 2.440 2.310 2.930 2.660 2.060 2.780 2.300 2.080 2.110 2.550 2.350 2.610 1.860 2.580 2.380 2.120 2.810 1.880 1.870 1.890 2.160 2.140 2.070 2.080 2.010 2.160 2.120 2.150 2.160 2.110 2.660 2.130 2.010 1.910 1.820 1.870 1.870 1.750 1.820 1.890 1.860 1.810 1.890 1.910 1.820 2.670 3.570 2.880 2.360 2.140 2.150 2.740
2.710 2.550 3.330 1.420 2.190 3.550 3.570 3.220 3.260 2.740 2.620 2.420 2.930 2.580 2.140 1.980 3.110 1.960 2.820 2.090 3.080 3.360 2.560 2.660 2.210 2.160 2.550 2.360 2.210 2.390 2.550 1.780 2.420 2.370 2.000 2.410 1.850 2.430 2.550 2.650 1.810 2.340 2.590 2.390 2.100 2.200 2.230 2.210 2.650 2.610 1.640 2.030 2.040 1.870 1.790 1.860 1.710 1.860 1.840 1.780 1.890 1.870 1.810 1.680 1.570 1.640 1.850 3.480 3.950 1.510 3.290 1.960 1.770 2.440
2.510 2.890 2.640 2.950 3.490 3.300 3.140 2.810 3.220 2.450 1.350 3.150 2.830 2.530 2.970 2.120 2.170 2.760 2.550 2.450 2.910 2.210 2.670 2.960 2.720 2.690 2.960 2.560 2.470 1.920 2.620 2.100 2.430 2.550 2.340 2.220 2.140 1.470 2.590 2.810 2.560 2.210 2.210 2.200 2.270 2.480 1.820 2.230 2.100 2.060 1.960 1.900 1.720 1.880 1.880 1.880 1.780 1.900 1.840 1.800 1.790 1.830 1.610 1.740 1.890 1.900 1.960 2.450 3.170 2.870 1.740 3.900 2.000 1.890
3.420 2.500 2.930 2.530 2.700 2.450 2.820 2.880 2.430 2.980 3.230 2.050 2.180 2.630 2.680 2.230 2.230 2.130 3.430 2.840 3.480 2.180 2.330 2.420 2.210 2.210 3.110 2.770 2.800 2.140 2.610 2.490 2.580 1.950 2.620 2.560 2.710 2.440 2.530 2.400 2.370 2.150 1.900 2.220 2.120 2.010 2.050 2.100 1.970 1.950 1.740 1.850 1.870 1.980 1.980 2.000 1.930 1.990 1.970 1.580 1.660 1.720 1.690 1.820 1.810 1.810 1.820 1.580 2.720 2.690 2.550 1.410 3.050 1.950
2.010 3.250 2.710 2.850 3.570 2.970 3.040 2.440 2.530 2.950 2.320 3.280 2.890 1.910 2.670 2.500 2.800 2.070 2.720 2.940 2.660 2.390 3.050 2.490 2.560 2.730 2.810 2.650 2.590 2.390 2.600 2.010 2.160 2.190 2.090 2.020 2.260 2.470 2.800 2.530 2.630 1.840 2.180 2.090 2.630 1.980 1.980 1.990 1.940 1.960 1.930 1.900 1.890 1.910 1.930 1.990 1.970 1.880 1.810 1.730 1.810 1.430 1.780 1.830 1.910 1.990 1.860 1.900 2.930 2.640 2.650 3.350 2.010 2.120
2.970 1.870 2.990 2.530 3.110 2.560 2.570 2.760 2.840 2.620 2.840 2.750 3.010 3.590 1.320 3.020 2.320 2.640 2.590 3.290 2.450 2.660 2.240 2.430 2.510 2.450 2.600 2.780 2.550 1.800 1.740 2.510 2.780 2.460 2.470 2.760 2.600 2.850 2.650 2.430 3.070 2.950 2.320 2.140 2.370 2.150 2.100 1.930 1.800 1.690 1.840 1.970 1.930 2.080 2.020 2.040 1.950 1.960 1.870 1.910 1.960 1.960 1.920 1.870 1.910 1.840 1.600 1.570 3.160 2.500 2.690 2.590 1.860 3.900
1.880 2.350 2.080 3.490 2.460 2.830 2.940 2.900 2.550 2.950 2.660 2.510 2.670 2.340 3.490 1.170 3.120 2.890 2.490 2.620 2.380 2.980 2.500 2.520 2.280 3.200 2.640 2.410 1.690 2.040 2.300 3.330 1.930 1.950 2.450 2.230 3.050 2.110 2.500 3.390 2.110 2.980 2.190 2.420 2.080 2.600 2.190 2.120 2.080 2.100 2.060 1.900 1.850 1.530 1.590 1.740 2.030 1.910 1.990 1.930 1.910 1.900 1.820 1.830 1.800 1.770 1.750 1.760 1.630 2.600 2.610 3.410 3.570 2.920
3.650 2.660 2.930 2.250 2.940 3.050 2.400 2.850 2.740 2.870 2.530 2.670 2.400 2.010 3.040 2.350 1.940 1.370 3.110 2.130 2.780 2.810 2.340 2.000 2.360 3.220 2.690 2.490 2.010 2.460 2.270 2.590 2.110 3.340 2.330 3.200 2.360 2.760 2.400 2.810 2.190 2.920 2.630 2.290 1.900 2.660 2.200 2.080 1.970 1.980 1.970 1.910 1.870 1.800 1.800 1.820 1.890 1.860 1.880 1.790 1.740 1.770 1.800 1.890 1.790 1.860 1.770 1.670 1.810 2.850 3.000 3.760 2.790 2.360
3.070 3.190 2.480 3.810 2.850 2.320 2.960 2.630 2.450 2.900 2.740 2.780 2.710 2.390 2.640 2.770 3.110 3.600 0.940 2.870 3.200 2.420 2.590 2.430 2.450 3.450 2.590 2.540 2.270 2.090 3.030 2.360 2.070 3.400 2.180 3.430 2.090 2.670 2.650 2.290 2.880 2.470 2.090 2.470 2.240 2.830 2.090 2.030 2.060 1.930 1.990 1.980 1.900 1.920 1.860 1.800 1.900 1.880 1.820 1.880 1.840 1.680 1.850 1.800 1.680 1.700 1.780 1.750 1.830 3.200 3.600 3.280 2.800 1.650
3.250 2.550 2.440 3.490 3.310 2.430 2.460 2.650 2.610 2.680 2.660 2.690 2.760 2.370 1.850 2.210 1.900 3.030 1.830 2.700 1.110 2.480 2.880 2.500 2.490 3.400 2.570 2.470 2.170 2.180 3.070 2.210 2.990 2.270 2.660 2.210 2.030 2.400 2.980 2.860 2.220 2.830 2.440 2.890 2.470 2.940 2.210 2.210 1.900 1.950 2.000 2.090 1.910 1.920 1.870 1.840 1.860 1.930 1.770 1.870 1.840 1.670 1.520 1.690 1.620 1.820 1.710 1.750 1.750 2.230 3.540 2.880 2.740 3.600
2.690 2.490 4.050 2.590 2.570 2.660 3.010 2.910 2.640 2.830 2.640 2.020 2.180 2.660 2.890 2.820 2.730 2.920 2.220 2.820 2.620 3.210 1.180 3.170 2.380 3.320 2.400 2.500 2.290 2.560 2.580 2.130 3.250 1.920 3.460 2.190 3.030 2.780 2.980 2.280 1.690 1.910 1.590 2.860 2.190 2.840 2.510 2.040 1.950 2.010 1.910 1.940 1.890 1.860 1.740 1.950 1.790 1.880 1.920 1.810 1.860 1.860 1.850 1.750 1.780 1.830 1.750 1.780 1.670 1.680 2.730 2.740 2.990 3.490
3.100 3.240 2.870 2.400 2.660 4.330 2.830 2.610 2.780 3.320 2.670 2.350 1.930 2.030 2.300 2.400 2.320 1.910 1.830 2.500 2.920 2.780 2.880 1.130 3.080 2.550 2.470 2.680 2.520 2.170 2.130 2.400 2.440 1.830 3.040 2.120 2.900 2.510 2.190 1.820 2.030 3.080 1.490 2.960 2.810 2.230 2.870 2.550 2.610 2.550 2.420 2.350 2.460 2.330 2.240 2.230 2.290 2.060 1.980 2.040 1.960 1.860 1.820 1.810 1.740 1.830 1.870 1.800 1.860 1.940 2.720 3.000 3.190 3.600
