includes/oleron/floodfiles/results/res.totaltm
ncols         631
nrows         906
xllcorner     364927.146667
yllcorner     6531972.565556
cellsize      20.000000
NODATA_value  -9999.000000
[rows 165 to 197 of 906, columns 296 to 369 of 631]
10.902 10.905 10.923 10.927 6.924 10.969 10.990 10.994 11.010 11.031 11.037 11.025 11.057 11.079 11.095 11.098 11.103 11.110 11.132 11.144 11.161 11.171 11.071 9.949 11.222 11.226 11.217 11.221 11.237 11.280 11.287 9.985 11.296 3.800 11.315 7.811 11.397 11.402 11.437 11.432 9.262 11.433 11.447 11.463 7.629 11.556 11.563 11.550 11.678 11.687 11.692 11.700 11.715 11.730 11.743 11.752 11.770 11.780 11.792 11.797 11.806 11.805 11.824 11.848 11.855 11.866 11.881 11.872 11.842 11.723 6.531 5.480 3.910 5.037
10.896 10.901 0.000 10.939 6.991 3.888 10.985 10.991 10.987 11.019 11.035 11.049 11.054 11.080 11.082 11.089 11.094 11.099 11.111 11.118 11.150 11.157 11.174 11.178 3.474 11.222 11.216 11.223 11.242 11.275 11.283 11.260 11.291 4.798 11.358 11.364 11.394 11.401 11.419 7.278 11.407 11.419 11.433 11.539 11.552 11.561 11.602 11.613 11.681 11.687 11.694 11.704 11.710 11.718 11.724 11.758 11.765 11.787 11.802 11.809 11.816 11.823 11.832 11.842 11.860 11.869 11.894 11.900 11.904 11.905 11.896 11.783 5.958 11.900
7.030 0.000 5.525 10.944 10.964 6.099 4.125 11.012 11.021 11.027 11.032 11.042 11.056 11.074 11.075 11.085 11.082 6.328 11.108 11.114 11.141 11.164 11.168 11.187 11.191 11.196 11.224 11.227 11.240 11.254 11.258 11.287 11.291 11.326 11.361 11.366 11.372 11.394 10.177 11.404 11.405 11.403 11.475 11.527 9.834 11.533 11.553 11.664 11.683 11.692 11.699 11.705 11.720 11.726 11.734 11.764 11.775 11.789 11.796 11.813 11.822 11.838 11.846 11.865 11.879 11.890 11.901 11.906 11.910 11.912 11.876 11.712 4.328 2.208
10.935 10.940 8.128 3.221 10.984 10.987 10.998 11.002 10.977 4.178 4.760 11.057 11.065 11.069 11.075 11.085 11.093 9.744 6.225 11.124 11.154 11.159 11.169 11.173 11.191 11.194 11.203 11.229 11.232 11.250 6.236 11.280 3.342 11.320 4.744 11.362 11.368 11.363 10.803 11.408 11.445 11.461 11.469 11.473 11.128 6.894 11.289 11.666 11.685 11.694 11.707 11.712 11.721 11.728 11.733 11.737 11.770 11.781 11.793 11.819 11.831 11.849 11.855 11.878 11.887 11.895 11.907 11.915 11.926 11.926 11.900 4.105 11.736 5.172
10.908 10.953 10.965 10.969 10.977 10.938 1.780 10.958 10.982 11.001 11.007 8.978 11.037 11.036 11.033 11.077 6.031 3.046 1.589 3.211 11.132 11.159 11.164 11.170 4.764 11.190 2.890 5.121 11.232 11.235 11.260 11.292 11.297 11.329 11.339 11.345 11.363 11.339 11.366 11.395 11.385 11.432 11.466 11.470 11.555 11.564 11.606 11.683 11.687 11.697 11.704 11.711 11.723 11.729 11.738 11.753 11.760 11.794 11.802 11.809 11.825 11.842 11.849 11.875 11.883 11.898 11.917 11.924 11.938 11.941 11.945 11.850 7.222 1.449
10.933 10.950 2.668 1.256 2.770 10.938 10.946 10.952 1.251 7.198 10.984 3.128 1.709 2.555 11.057 11.073 11.030 2.858 3.438 11.072 4.934 3.066 11.159 11.157 11.176 11.184 4.442 11.200 3.242 11.236 11.244 11.249 11.292 11.284 11.317 11.308 11.319 11.329 7.844 11.393 11.399 11.404 11.317 11.454 11.543 5.940 11.614 11.665 11.696 11.701 11.712 11.718 11.724 11.735 11.740 11.758 11.767 11.777 11.777 11.741 11.792 11.828 11.855 11.858 11.878 11.887 11.912 11.922 11.944 11.953 11.965 11.943 4.311 3.010
10.929 10.895 10.888 2.750 10.898 10.902 0.000 10.944 10.933 10.929 2.232 10.957 10.967 4.874 11.039 11.041 11.033 11.051 11.057 3.279 3.122 1.828 11.151 7.789 11.172 9.335 5.029 11.211 3.894 11.239 11.241 11.260 11.286 11.281 11.314 11.327 11.342 11.346 11.367 11.372 11.360 11.472 11.491 11.508 9.456 11.564 11.576 11.623 11.671 11.713 11.718 11.725 11.734 11.740 11.758 11.763 11.777 11.786 11.794 11.830 11.837 11.850 11.871 11.883 11.893 11.906 11.923 11.931 11.950 11.958 11.971 11.949 3.929 4.784
9.255 10.886 4.735 10.869 2.317 10.899 10.870 10.938 10.925 1.795 3.467 10.946 10.970 6.846 5.610 11.023 10.069 5.739 11.062 11.066 11.064 11.123 6.698 4.781 11.181 11.184 11.187 11.228 11.233 11.239 11.243 11.267 11.272 11.295 11.319 11.324 10.140 11.332 3.971 11.363 11.362 11.365 11.451 11.516 11.526 11.534 3.988 11.615 11.694 11.717 11.720 11.730 11.739 11.748 11.764 11.782 11.786 11.810 11.818 11.824 11.846 11.853 11.873 11.884 11.901 11.909 11.928 11.945 11.961 11.975 11.989 11.985 7.387 9.508
10.865 2.304 10.845 10.873 10.877 10.904 10.911 10.917 2.599 10.918 10.931 10.941 1.924 10.991 11.000 11.005 11.020 11.030 6.359 11.083 11.105 11.112 11.122 11.145 7.453 6.028 3.044 11.230 11.236 11.237 11.257 11.260 11.283 11.289 11.293 11.289 11.320 11.322 11.321 11.326 8.878 11.412 11.443 11.409 11.520 11.527 4.441 5.804 11.705 11.723 11.730 11.744 11.751 11.756 11.768 11.774 11.784 11.793 11.806 11.814 11.837 11.827 11.878 11.900 11.907 11.923 11.950 11.957 11.974 11.981 11.993 11.990 5.223 11.936
0.640 10.759 2.378 10.849 10.874 3.550 10.905 1.051 1.286 10.887 4.889 10.943 10.956 5.311 2.821 11.016 11.027 11.032 11.055 11.060 9.764 5.923 11.134 11.139 11.154 5.369 11.156 3.560 11.248 11.252 11.256 11.262 11.278 11.272 11.286 11.288 11.294 11.319 11.321 11.333 11.352 11.358 11.400 11.424 11.497 5.962 5.174 11.655 11.725 11.731 11.731 11.741 11.749 11.757 11.766 11.775 11.788 11.804 11.814 11.836 11.842 11.854 11.861 11.892 11.855 11.885 11.899 11.948 11.962 11.986 11.998 12.011 11.981 2.978
10.768 6.536 10.759 0.959 2.706 10.834 10.838 10.843 9.249 10.903 10.911 0.000 3.519 10.956 6.668 2.278 11.042 11.052 8.981 11.085 11.090 11.106 11.110 11.155 11.158 11.177 11.160 11.164 2.940 11.248 11.237 6.845 11.256 11.265 11.271 11.283 10.112 11.277 11.309 11.333 11.349 11.386 11.394 11.365 11.419 4.431 3.605 11.654 11.719 11.743 11.747 11.753 11.761 11.770 11.773 11.795 11.805 11.813 11.828 11.842 11.855 11.867 11.878 11.895 11.898 11.918 11.918 11.934 11.975 11.998 12.011 12.026 12.038 12.034
10.802 10.747 10.743 0.793 1.114 10.828 10.839 10.848 10.882 10.911 10.916 10.928 10.898 3.386 10.964 9.545 2.530 11.063 11.072 11.077 11.102 11.107 11.114 11.130 4.785 11.181 11.194 3.882 11.237 11.243 11.245 6.666 11.263 5.754 11.267 11.281 11.302 11.307 11.302 11.297 11.352 11.379 11.399 11.413 5.883 3.449 9.170 11.664 11.735 11.740 11.749 11.752 11.759 11.777 11.793 11.800 11.806 11.823 11.829 11.838 11.848 11.876 11.885 11.902 11.918 11.925 11.943 11.958 11.969 11.978 11.992 12.018 12.045 12.057
10.746 10.743 0.000 1.621 10.863 10.852 10.837 10.844 10.913 10.919 10.924 10.936 10.959 10.964 10.967 10.992 10.992 2.478 11.063 11.073 11.080 11.086 11.109 11.110 11.141 4.340 11.199 11.203 11.205 11.248 11.253 11.257 11.268 11.268 5.983 3.325 11.283 11.321 11.333 11.341 11.298 11.297 11.418 11.429 9.988 7.379 3.520 11.694 11.742 11.749 11.760 11.765 11.771 11.776 11.785 11.780 11.771 11.795 11.804 11.804 11.811 11.861 11.878 11.900 11.923 11.932 11.941 11.950 11.960 11.976 11.986 5.312 12.057 12.066
10.799 1.130 10.852 10.861 10.870 10.834 10.839 10.862 10.868 10.915 10.919 10.932 10.937 5.263 10.992 10.996 11.043 11.049 11.055 9.825 3.302 11.087 6.692 11.124 11.147 5.637 11.192 11.196 11.202 10.394 11.248 11.268 11.272 11.294 11.303 7.907 3.623 4.301 11.329 11.361 11.382 11.410 11.427 11.445 6.009 4.194 8.471 11.663 11.741 11.752 11.760 11.769 11.776 11.785 11.798 11.810 11.819 11.837 11.853 11.866 11.872 11.888 11.903 11.909 11.919 11.931 11.937 11.944 11.964 11.977 11.992 8.463 12.056 12.070
6.490 10.839 10.846 0.000 10.875 10.856 6.980 2.532 10.885 10.891 10.939 10.944 10.945 8.320 4.153 11.027 11.030 11.011 11.006 1.832 11.087 11.092 11.128 11.140 4.898 11.170 11.188 11.181 11.195 3.173 11.246 0.000 11.296 11.314 11.320 11.325 11.350 2.942 11.302 11.353 11.376 11.388 11.400 4.508 6.210 7.543 11.594 11.657 11.748 11.756 11.767 11.771 11.782 11.792 11.801 11.812 11.822 11.832 11.850 11.864 11.872 11.889 11.900 11.908 11.930 11.942 11.955 11.962 11.981 11.997 12.012 12.026 12.050 12.060
10.798 3.155 7.913 10.862 10.884 10.887 10.901 3.263 2.596 10.875 10.947 10.954 10.954 10.939 4.263 3.805 9.079 11.012 0.000 11.086 11.092 11.109 11.134 11.145 5.105 11.173 11.177 11.191 11.200 11.199 3.959 11.207 1.719 11.308 11.331 11.335 11.358 11.358 4.435 3.440 7.854 5.242 2.944 6.318 5.383 11.570 11.401 11.680 11.747 11.762 11.770 11.777 11.792 11.800 11.811 11.818 11.826 11.841 11.850 11.858 11.871 11.878 11.896 11.904 11.923 11.942 11.965 11.972 11.987 11.993 12.025 12.033 12.041 12.050
1.468 10.805 10.820 10.824 10.879 2.838 10.906 10.897 5.082 10.887 10.918 11.003 11.009 11.012 7.462 11.027 11.048 2.395 11.084 11.090 11.106 11.134 11.140 11.149 11.153 11.157 5.835 11.200 11.205 9.240 11.219 3.304 11.301 11.308 11.323 11.359 11.362 11.371 11.395 9.999 0.000 11.453 11.500 11.529 11.537 11.575 4.262 11.634 11.752 11.764 11.769 11.776 11.781 11.788 11.796 11.805 11.821 11.841 11.846 11.864 11.872 11.882 11.891 11.908 11.921 11.937 11.957 11.965 11.967 11.981 4.853 12.024 12.030 12.045
10.789 8.198 10.822 9.411 10.862 2.287 10.911 10.924 9.753 1.724 10.973 11.009 11.015 11.022 11.026 11.048 11.052 11.069 11.077 4.924 11.122 11.128 11.135 3.648 11.160 11.166 7.798 11.206 11.209 11.234 11.242 11.246 4.688 11.329 11.335 11.340 11.370 11.373 11.401 11.405 11.418 11.478 11.505 11.518 11.548 11.590 4.895 11.645 11.751 11.762 11.773 11.778 11.787 11.793 11.802 11.811 11.824 11.832 11.847 11.855 11.880 11.889 11.901 11.913 11.925 11.934 11.942 11.938 11.959 11.824 11.968 12.025 12.031 12.041
3.136 6.192 7.367 10.844 10.845 10.848 3.380 10.930 10.925 9.977 10.953 4.202 3.261 2.635 3.275 10.909 11.046 10.432 8.426 11.101 11.129 11.133 11.137 11.144 11.168 11.172 11.205 11.209 5.908 11.225 11.229 10.405 11.272 11.274 11.329 2.570 11.363 11.367 11.396 11.401 5.232 11.492 11.512 11.548 11.567 11.600 11.605 11.625 11.751 11.766 11.772 11.783 11.788 11.795 11.798 11.811 11.807 11.814 11.851 11.858 11.877 11.883 11.894 11.898 11.910 11.910 11.929 11.928 11.952 11.891 12.021 12.041 12.048 12.053
10.774 7.927 2.744 10.847 10.867 10.886 10.891 10.944 10.946 10.949 7.964 11.007 11.010 11.021 11.021 11.026 11.048 11.059 7.642 11.082 11.106 11.117 4.333 11.159 11.165 11.171 11.209 11.212 11.226 11.229 11.231 11.263 11.279 3.606 11.332 11.337 11.345 3.805 11.383 11.410 11.414 11.507 11.545 11.560 11.575 11.589 4.750 11.683 11.755 11.760 11.772 11.782 11.790 11.800 11.811 11.817 11.840 11.851 11.858 11.864 11.870 11.875 11.885 11.892 11.896 11.904 11.913 11.917 7.603 12.018 12.025 11.955 11.986 12.014
4.055 4.550 3.754 10.863 10.902 10.890 10.907 10.958 10.954 10.961 10.994 10.989 10.995 11.027 11.032 11.048 11.046 11.056 11.069 2.218 0.786 3.814 11.121 11.151 5.909 11.203 11.211 4.413 11.229 11.231 11.261 11.279 5.478 4.624 4.020 11.349 11.337 4.593 11.382 11.395 11.400 10.373 11.524 11.563 11.575 11.586 6.950 11.653 11.754 11.765 11.769 11.782 11.789 11.795 11.802 11.812 11.820 11.826 11.850 11.857 11.861 11.865 11.874 11.877 11.890 11.889 11.885 4.817 11.948 12.027 12.032 12.044 12.050 12.069
3.015 1.842 3.441 10.902 10.905 10.901 9.495 10.964 10.971 10.977 11.001 11.006 11.021 11.039 11.044 11.055 11.062 11.063 11.077 1.149 0.000 4.733 11.144 11.149 3.714 11.212 11.217 11.229 11.232 11.257 11.265 2.138 5.479 11.342 11.349 11.355 10.443 6.485 11.383 11.389 11.408 5.643 11.441 11.577 11.587 11.595 11.603 11.611 11.722 11.729 11.759 11.741 11.756 11.784 11.799 11.812 11.823 11.833 11.845 11.850 11.855 11.862 11.869 11.875 11.882 11.885 11.893 11.904 12.008 12.021 12.027 12.028 11.946 11.961
0.000 0.343 1.522 3.585 10.932 4.089 10.939 10.962 10.967 10.975 10.974 11.038 10.981 11.035 11.053 11.041 11.072 11.079 11.085 11.095 1.658 11.147 11.158 11.165 11.185 11.205 11.210 11.223 8.063 11.264 6.197 11.302 11.310 5.785 11.350 11.364 11.370 11.382 11.392 11.399 11.423 11.433 11.417 11.407 11.566 11.586 5.060 11.613 11.720 11.745 11.753 11.742 11.753 11.779 11.765 11.802 11.802 11.820 11.828 11.832 11.844 11.848 11.863 11.869 11.874 11.879 4.834 11.903 11.949 12.017 12.026 12.030 12.038 12.072
10.615 0.000 0.000 3.218 10.940 5.928 10.950 10.968 10.976 10.984 10.967 11.048 9.569 11.049 11.085 11.073 11.074 11.090 11.096 11.101 2.774 11.148 11.157 11.175 11.181 11.186 11.192 11.219 3.252 7.708 11.304 11.309 11.315 11.336 11.344 11.356 11.368 11.379 11.384 11.397 11.470 11.478 11.454 9.239 11.408 11.575 7.875 11.634 11.719 11.738 11.744 11.707 11.761 11.770 11.773 11.785 11.780 11.798 11.819 11.828 11.839 11.832 11.857 11.829 11.854 3.498 11.948 11.954 11.969 11.981 11.989 12.013 11.960 11.962
2.294 1.218 0.000 2.178 10.953 10.937 10.957 10.956 10.963 10.994 11.006 11.053 11.097 11.057 11.094 11.084 11.068 11.096 11.100 11.104 11.146 4.106 2.772 11.172 9.045 11.207 11.216 5.106 11.243 4.286 11.308 11.322 11.328 11.345 11.352 11.358 11.364 11.373 11.377 11.388 11.420 11.485 11.534 11.471 3.484 11.560 5.855 11.644 11.736 11.746 11.747 11.749 11.760 11.767 11.773 11.786 11.790 11.812 11.822 11.829 11.846 11.853 11.870 11.855 3.250 11.866 11.942 11.904 11.900 11.897 11.934 11.944 11.991 12.007
3.646 10.777 0.960 0.000 10.964 10.975 10.972 10.914 11.013 11.019 11.025 10.995 11.102 5.705 11.112 11.104 11.081 11.098 11.102 11.130 11.154 11.162 11.172 11.194 11.200 11.220 11.227 11.235 11.241 3.635 11.303 4.876 11.321 11.327 11.341 11.342 11.368 11.377 11.384 11.413 11.455 11.466 11.553 11.570 11.555 10.440 8.008 11.671 11.744 11.750 11.759 11.758 11.758 11.768 11.787 11.787 11.807 11.796 11.804 11.833 11.851 11.857 11.885 11.843 6.062 11.927 11.944 11.949 11.983 12.001 11.989 11.970 11.925 11.950
7.296 10.809 1.852 1.460 10.978 10.989 10.995 11.013 11.021 11.024 11.078 11.088 11.108 11.129 11.132 11.109 11.080 5.751 11.103 10.562 11.127 11.134 11.187 11.196 11.206 11.222 11.239 11.244 11.247 6.603 11.272 11.302 6.565 11.320 11.343 11.362 11.368 11.405 11.412 11.385 11.404 11.550 11.569 11.585 11.600 11.611 11.671 11.697 11.748 11.758 11.763 11.766 11.755 11.783 11.797 11.807 11.813 11.819 11.836 11.842 11.849 11.854 11.890 11.891 11.888 4.378 0.000 1.948 5.193 12.013 12.001 11.974 11.982 11.996
2.753 7.225 2.720 10.920 10.941 10.969 3.916 11.004 11.030 11.040 11.084 11.095 11.102 11.136 11.145 11.155 7.226 6.256 11.126 11.133 11.143 11.163 11.183 11.193 11.201 11.208 11.231 11.237 11.242 11.247 3.757 4.582 11.315 11.318 11.332 10.324 11.420 11.456 11.479 11.488 11.508 11.538 11.550 11.576 11.587 9.285 11.621 11.696 11.753 11.764 11.772 11.781 11.785 11.793 11.805 11.811 11.816 11.821 11.826 11.836 11.843 11.850 11.894 11.920 11.928 11.981 11.989 11.994 12.046 12.050 6.400 0.840 3.491 11.984
10.867 10.399 10.901 10.918 10.924 10.968 4.770 11.000 11.015 10.963 11.062 11.012 11.101 11.040 11.169 11.171 11.190 11.177 11.129 11.128 11.136 6.200 11.164 11.168 11.193 11.202 11.201 11.232 11.228 11.238 5.181 3.514 11.311 4.146 11.344 11.352 11.430 11.449 11.454 11.455 11.484 11.513 11.556 11.544 11.570 11.592 11.603 11.674 11.732 11.753 11.751 11.756 11.762 11.759 11.779 11.789 11.805 11.813 11.820 11.803 3.446 11.858 11.918 11.923 11.947 11.952 11.947 12.044 12.055 12.102 12.092 12.054 12.109 12.083
8.327 10.877 10.898 10.901 10.898 10.975 10.918 11.029 11.003 10.956 11.078 10.987 11.112 11.124 11.213 11.190 11.204 11.186 11.198 4.096 11.129 11.117 2.961 11.166 11.171 11.196 11.199 11.193 11.267 11.232 11.239 2.220 11.277 2.792 11.333 11.339 11.409 11.469 11.481 11.489 11.507 11.527 11.579 11.589 8.569 9.461 11.609 11.692 11.726 11.732 11.743 11.746 11.748 11.754 11.781 11.787 11.797 11.803 11.808 0.000 11.857 11.902 11.906 11.937 11.941 11.934 12.013 11.987 12.086 12.112 11.978 12.115 12.124 2.893
7.080 10.600 10.884 10.881 3.989 11.009 11.019 11.040 11.048 11.076 11.084 11.117 11.108 11.118 11.221 11.263 11.215 11.219 11.219 11.193 2.965 11.123 11.197 3.444 11.196 11.213 10.748 8.094 11.286 11.281 11.241 0.000 1.873 11.386 2.704 11.348 11.379 11.446 11.474 11.423 4.217 4.681 11.596 11.610 11.623 7.251 11.633 11.703 11.714 11.724 11.731 11.741 11.754 11.762 11.770 11.783 11.790 11.796 0.000 11.834 11.926 11.907 11.965 11.948 11.951 12.012 12.027 12.040 12.097 12.118 12.118 12.127 12.137 12.099
2.392 10.871 10.879 10.869 3.453 10.981 11.008 11.013 10.926 11.052 4.234 11.127 11.004 11.058 3.411 11.271 11.251 11.235 11.255 11.226 11.234 4.201 11.212 11.197 3.088 11.226 11.263 11.269 11.303 11.294 5.449 1.857 2.135 11.399 11.401 11.413 11.417 11.460 11.468 11.472 11.481 11.486 3.250 4.426 11.496 8.334 4.998 11.710 11.719 11.728 11.735 11.742 11.748 11.752 11.765 11.772 11.721 0.000 11.819 11.934 11.933 11.994 11.982 11.959 11.993 12.006 11.974 12.026 12.114 12.148 12.129 12.138 12.147 11.913
10.848 10.861 10.867 10.862 3.745 6.628 10.989 10.925 11.026 11.037 11.048 11.146 11.021 11.071 11.136 11.289 11.295 11.240 11.281 11.235 11.241 11.238 11.225 9.269 11.248 7.259 11.319 11.304 11.317 11.306 2.357 1.988 4.043 3.733 1.895 2.856 3.267 3.016 3.380 3.943 4.364 4.705 11.630 11.636 6.733 3.589 11.709 11.696 1.577 11.732 11.728 11.731 11.753 11.761 11.750 11.681 1.262 11.817 11.935 11.949 11.902 12.008 12.018 12.007 12.007 12.021 12.109 12.097 12.231 12.155 12.161 7.824 11.228 9.295
