includes/oleron/floodfiles/results/res.max
ncols         631
nrows         906
xllcorner     364927.146667
yllcorner     6531972.565556
cellsize      20.000000
NODATA_value  -9999.000000
[rows 850 to 883 of 906, columns 385 to 461 of 631]
0.000 0.000 0.000 0.000 0.000 0.000 0.000 0.000 0.000 0.000 0.000 0.000 0.000 0.000 0.000 0.000 0.000 0.000 0.000 0.000 0.000 0.000 0.000 0.000 0.000 0.000 0.000 1.921 2.731 3.041 3.758 4.620 5.705 6.790 7.875 8.960 10.045 11.130 12.071 11.741 11.410 11.061 10.710 10.359 10.009 9.658 9.308 8.957 8.607 8.256 8.039 7.844 7.634 7.421 7.207 6.994 6.781 6.567 6.354 6.141 6.028 5.968 6.125 6.283 6.441 6.599 6.756 6.914 7.072 7.211 7.274 7.336 7.398 7.461 7.497 7.531 7.566
0.000 0.000 0.000 0.000 0.000 0.000 0.000 0.000 0.000 0.000 0.000 0.000 0.000 0.000 0.000 0.000 0.000 0.000 0.000 0.000 0.000 0.000 0.000 0.000 0.000 0.000 1.990 2.801 2.951 3.161 4.686 5.409 6.485 7.570 8.655 9.740 10.825 11.911 11.712 11.381 11.051 10.709 10.358 10.008 9.657 9.307 8.956 8.606 8.255 8.029 7.891 7.696 7.502 7.307 7.113 6.918 6.723 6.529 6.319 6.106 5.953 6.111 6.268 6.426 6.584 6.742 6.899 7.057 7.215 7.372 7.441 7.503 7.566 7.602 7.637 7.672 7.706
0.000 0.000 0.000 0.000 0.000 0.000 0.000 0.000 0.000 0.000 0.000 0.000 0.000 0.000 0.000 0.000 0.000 0.000 0.000 0.000 0.000 0.000 0.000 0.000 0.000 2.160 2.760 3.000 4.169 4.892 5.614 6.337 7.265 8.350 9.435 10.521 11.606 11.683 11.353 11.022 10.692 10.358 10.007 9.656 9.306 8.955 8.605 8.254 7.993 7.860 7.727 7.549 7.354 7.159 6.965 6.770 6.576 6.381 6.186 5.992 6.072 6.239 6.407 6.569 6.727 6.885 7.042 7.200 7.358 7.515 7.608 7.670 7.708 7.743 7.777 7.812 7.847
0.000 0.000 0.000 0.000 0.000 0.000 0.000 0.000 0.000 0.000 0.000 0.000 0.000 0.000 0.000 0.000 0.000 0.000 0.000 0.000 0.000 0.000 0.000 0.000 2.150 2.690 3.010 3.250 5.097 5.820 6.542 7.265 8.045 9.130 10.216 11.301 11.654 11.324 10.993 10.663 10.333 10.003 9.655 9.305 8.954 8.604 8.253 7.958 7.825 7.692 7.559 7.401 7.206 7.012 6.817 6.622 6.428 6.233 6.039 6.071 6.175 6.337 6.504 6.671 6.838 7.005 7.173 7.340 7.501 7.658 7.775 7.814 7.848 7.883 7.918 7.952 7.987
0.000 0.000 0.000 0.000 0.000 0.000 0.000 0.000 0.000 0.000 0.000 0.000 0.000 0.000 0.000 0.000 0.000 0.000 0.000 0.000 0.000 0.000 0.000 2.030 2.680 2.950 3.040 5.303 6.025 6.748 7.470 8.193 8.915 9.910 10.996 11.625 11.295 10.965 10.634 10.304 9.974 9.643 9.304 8.953 8.603 8.252 7.923 7.790 7.657 7.524 7.391 7.253 7.058 6.864 6.669 6.474 6.280 6.085 6.081 6.186 6.290 6.434 6.601 6.768 6.935 7.103 7.270 7.437 7.604 7.771 7.916 7.953 7.989 8.023 8.058 8.093 8.127
0.000 0.000 0.000 0.000 0.000 0.000 0.000 0.000 0.000 0.000 0.000 0.000 0.000 0.000 0.000 0.000 0.000 0.000 0.000 0.000 0.000 0.000 1.989 2.690 2.920 2.950 5.509 6.231 6.953 7.676 8.399 9.121 9.844 10.691 11.596 11.266 10.936 10.605 10.275 9.945 9.614 9.284 8.952 8.602 8.251 7.901 7.755 7.622 7.489 7.355 7.222 7.089 6.911 6.716 6.521 6.327 6.132 6.091 6.196 6.301 6.405 6.531 6.698 6.865 7.033 7.200 7.367 7.534 7.701 7.870 8.040 8.084 8.121 8.158 8.195 8.232 8.268
0.000 0.000 0.000 0.000 0.000 0.000 0.000 0.000 0.000 0.000 0.000 0.000 0.000 0.000 0.000 0.000 0.000 0.000 0.000 0.000 0.000 1.999 2.609 2.839 3.019 5.116 5.913 6.710 7.507 8.304 9.100 9.897 10.694 11.491 11.237 10.907 10.576 10.246 9.916 9.586 9.255 8.925 8.595 8.250 7.900 7.720 7.587 7.454 7.320 7.187 7.054 6.921 6.763 6.568 6.373 6.179 6.102 6.206 6.311 6.416 6.520 6.628 6.795 6.963 7.130 7.297 7.464 7.631 7.800 7.969 8.139 8.214 8.252 8.289 8.326 8.363 8.400
0.000 0.000 0.000 0.000 0.000 0.000 0.000 0.000 0.000 0.000 0.000 0.000 0.000 0.000 0.000 0.000 0.000 0.000 0.000 0.000 1.549 2.529 2.539 3.149 4.743 5.518 6.315 7.112 7.908 8.705 9.502 10.299 11.096 11.266 11.027 10.668 10.310 9.952 9.593 9.235 8.896 8.566 8.236 7.899 7.685 7.552 7.418 7.285 7.152 7.019 6.886 6.752 6.615 6.420 6.226 6.112 6.217 6.321 6.426 6.531 6.635 6.740 6.893 7.060 7.227 7.394 7.561 7.730 7.899 8.069 8.238 8.345 8.382 8.419 8.457 8.494 8.531
0.000 0.000 0.000 0.000 0.000 0.000 0.000 0.000 0.000 0.000 0.000 0.000 0.000 0.000 0.000 0.000 0.000 0.000 0.000 0.000 2.389 2.709 3.109 3.299 5.183 5.920 6.717 7.513 8.310 9.107 9.904 10.701 11.074 10.981 10.843 10.484 10.126 9.768 9.409 9.051 8.693 8.335 7.976 7.716 7.554 7.392 7.250 7.117 6.984 6.851 6.717 6.584 6.451 6.272 6.122 6.227 6.332 6.436 6.541 6.646 6.750 6.855 6.990 7.157 7.324 7.491 7.659 7.829 7.998 8.168 8.337 8.476 8.513 8.550 8.587 8.624 8.662
0.000 0.000 0.000 0.000 0.000 0.000 0.000 0.000 0.000 0.000 0.000 0.000 0.000 0.000 0.000 0.000 0.000 0.000 0.668 2.148 2.428 2.668 3.259 4.917 5.622 6.328 7.118 7.915 8.712 9.509 10.305 10.882 10.789 10.696 10.603 10.301 9.942 9.584 9.226 8.867 8.509 8.151 7.852 7.705 7.548 7.386 7.224 7.062 6.900 6.738 6.576 6.416 6.283 6.133 6.237 6.342 6.447 6.551 6.656 6.761 6.865 6.970 7.087 7.254 7.421 7.589 7.759 7.928 8.098 8.267 8.437 8.606 8.644 8.681 8.718 8.755 8.792
0.000 0.000 0.000 0.000 0.000 0.000 0.000 0.000 0.000 0.000 0.000 0.000 0.000 0.000 0.000 0.000 0.000 0.398 1.748 2.378 2.758 2.968 4.651 5.356 6.062 6.768 7.520 8.317 9.113 9.910 10.690 10.597 10.504 10.411 10.318 10.117 9.758 9.400 9.042 8.683 8.325 7.989 7.841 7.694 7.543 7.381 7.218 7.056 6.894 6.732 6.570 6.408 6.246 6.221 6.335 6.448 6.561 6.666 6.771 6.876 6.980 7.085 7.189 7.351 7.519 7.689 7.858 8.028 8.197 8.366 8.536 8.705 8.775 8.812 8.849 8.886 8.896
0.000 0.000 0.000 0.000 0.000 0.000 0.000 0.000 0.000 0.000 0.000 0.000 0.000 0.000 0.000 0.000 0.000 1.697 2.248 2.828 3.679 4.385 5.091 5.796 6.502 7.207 7.921 8.718 9.515 10.312 10.405 10.312 10.219 10.126 10.033 9.933 9.575 9.216 8.858 8.500 8.141 7.978 7.831 7.683 7.536 7.375 7.213 7.051 6.889 6.727 6.565 6.402 6.345 6.322 6.407 6.520 6.633 6.747 6.860 6.973 7.087 7.200 7.304 7.449 7.618 7.788 7.957 8.127 8.296 8.466 8.635 8.805 8.906 8.943 8.980 8.992 8.951
0.000 0.000 0.000 0.000 0.000 0.000 0.000 0.000 0.000 0.000 0.000 0.000 0.000 0.000 0.000 0.138 1.037 2.127 2.717 3.413 4.119 4.825 5.530 6.236 6.941 7.647 8.353 9.120 9.917 10.213 10.120 10.027 9.934 9.841 9.748 9.655 9.391 9.032 8.674 8.316 8.114 7.967 7.820 7.673 7.525 7.369 7.207 7.045 6.883 6.721 6.559 6.483 6.459 6.435 6.479 6.592 6.706 6.819 6.932 7.046 7.159 7.272 7.385 7.522 7.702 7.883 8.057 8.226 8.396 8.565 8.735 8.904 9.037 9.074 9.087 9.047 9.006
0.000 0.000 0.000 0.000 0.000 0.000 0.000 0.000 0.000 0.000 0.000 0.000 0.000 0.000 0.000 0.477 1.287 2.317 3.247 3.908 4.570 5.264 5.970 6.675 7.381 8.087 8.792 9.522 10.021 9.928 9.835 9.742 9.649 9.555 9.462 9.369 9.207 8.849 8.490 8.251 8.103 7.956 7.809 7.662 7.515 7.364 7.202 7.039 6.877 6.715 6.620 6.596 6.573 6.549 6.551 6.665 6.778 6.891 7.005 7.118 7.231 7.344 7.456 7.574 7.755 7.936 8.116 8.297 8.478 8.658 8.834 9.003 9.168 9.183 9.142 9.102 9.061
0.000 0.000 0.000 0.000 0.000 0.000 0.000 0.000 0.000 0.000 0.000 0.000 0.000 0.000 0.656 2.096 2.506 2.237 4.070 4.732 5.393 6.055 6.717 7.379 8.041 8.702 9.364 9.929 9.760 9.642 9.549 9.456 9.363 9.270 9.177 9.084 8.991 8.665 8.387 8.240 8.093 7.946 7.798 7.651 7.504 7.357 7.196 7.034 6.872 6.758 6.734 6.710 6.686 6.662 6.639 6.737 6.850 6.964 7.077 7.190 7.303 7.415 7.527 7.639 7.808 7.988 8.169 8.350 8.530 8.711 8.892 9.072 9.200 9.209 9.197 9.157 9.116
0.000 0.000 0.000 0.000 0.000 0.000 0.000 0.000 0.000 0.000 0.000 0.000 0.000 0.000 2.096 2.586 3.076 4.059 4.840 5.555 6.217 6.879 7.540 8.202 8.864 9.526 10.187 10.026 9.780 9.640 9.499 9.359 9.219 9.079 8.939 8.799 8.706 8.523 8.376 8.229 8.082 7.935 7.788 7.640 7.493 7.346 7.190 7.028 6.895 6.871 6.847 6.824 6.800 6.776 6.752 6.809 6.922 7.036 7.149 7.262 7.374 7.486 7.598 7.710 7.860 8.041 8.222 8.402 8.583 8.764 8.944 9.083 9.052 9.050 9.068 9.087 9.106
0.000 0.000 0.000 0.000 0.000 0.000 0.000 0.000 0.000 0.000 0.000 0.000 0.000 1.986 2.466 3.016 4.043 4.825 5.606 6.378 7.040 7.702 8.364 9.025 9.687 10.349 10.456 10.124 9.800 9.660 9.520 9.380 9.239 9.099 8.959 8.819 8.679 8.315 8.220 8.126 8.031 7.924 7.777 7.630 7.482 7.335 7.185 7.033 7.009 6.985 6.961 6.937 6.913 6.890 6.866 6.881 6.995 7.108 7.221 7.333 7.445 7.557 7.669 7.781 7.913 8.093 8.274 8.455 8.636 8.816 8.966 8.935 8.905 8.891 8.909 8.928 8.947
0.000 0.000 0.000 0.000 0.000 0.000 0.000 0.000 0.000 0.000 0.000 0.000 1.885 2.465 3.306 4.028 4.810 5.591 6.372 7.153 7.863 8.525 9.187 9.849 10.510 10.885 10.553 10.221 9.888 9.680 9.540 9.400 9.259 9.119 8.979 8.839 8.487 8.080 7.919 7.824 7.730 7.635 7.540 7.446 7.351 7.257 7.162 7.146 7.122 7.099 7.075 7.051 7.027 7.003 6.979 6.956 7.067 7.180 7.292 7.404 7.516 7.628 7.740 7.851 7.965 8.146 8.327 8.508 8.688 8.849 8.818 8.788 8.757 8.732 8.750 8.769 8.788
0.000 0.000 0.000 0.000 0.000 0.000 0.000 0.000 0.000 0.000 0.000 1.845 2.455 3.305 4.013 4.794 5.576 6.357 7.138 7.920 8.687 9.349 10.010 10.672 11.315 10.982 10.650 10.318 9.985 9.700 9.560 9.420 9.280 9.139 8.999 8.703 8.296 7.889 7.618 7.523 7.428 7.334 7.239 7.145 7.050 6.955 7.063 7.135 7.141 7.147 7.153 7.160 7.141 7.117 7.093 7.069 7.139 7.252 7.363 7.475 7.587 7.699 7.810 7.922 8.034 8.199 8.379 8.560 8.732 8.701 8.671 8.640 8.609 8.579 8.591 8.610 8.629
0.000 0.000 0.000 0.000 0.000 0.000 0.000 0.000 0.000 0.000 1.775 2.565 2.845 3.998 4.779 5.560 6.342 7.123 7.904 8.686 9.467 10.172 10.834 11.495 11.412 11.079 10.747 10.415 10.082 9.750 9.580 9.440 9.300 9.160 8.919 8.512 8.104 7.697 7.316 7.222 7.127 7.033 6.938 6.843 6.749 6.817 6.981 7.103 7.109 7.115 7.121 7.127 7.133 7.139 7.145 7.151 7.211 7.322 7.434 7.546 7.658 7.769 7.881 7.993 8.105 8.251 8.432 8.613 8.584 8.554 8.523 8.493 8.462 8.431 8.432 8.451 8.470
0.000 0.000 0.000 0.000 0.000 0.000 0.000 0.000 0.000 1.315 2.405 2.905 3.982 4.764 5.545 6.326 7.108 7.889 8.670 9.452 10.233 10.995 11.657 11.841 11.509 11.176 10.844 10.512 10.179 9.847 9.600 9.460 9.320 9.135 8.727 8.320 7.913 7.506 7.099 6.920 6.826 6.731 6.637 6.542 6.571 6.735 6.899 7.063 7.076 7.082 7.088 7.094 7.100 7.106 7.112 7.180 7.338 7.437 7.536 7.634 7.733 7.840 7.952 8.064 8.175 8.304 8.485 8.467 8.437 8.406 8.376 8.345 8.314 8.284 8.273 8.292 8.311
0.000 0.000 0.000 0.000 0.000 0.000 0.000 0.000 0.000 1.914 2.954 3.782 4.617 5.428 6.240 7.052 7.864 8.655 9.436 10.218 10.999 11.780 12.270 11.938 11.606 11.273 10.941 10.609 10.276 9.944 9.620 9.480 9.340 8.943 8.536 8.129 7.722 7.314 6.907 6.619 6.525 6.430 6.335 6.325 6.489 6.653 6.817 6.981 7.043 7.049 7.055 7.061 7.067 7.074 7.124 7.289 7.454 7.564 7.663 7.762 7.860 7.959 8.058 8.157 8.255 8.358 8.351 8.320 8.289 8.259 8.228 8.197 8.167 8.136 8.114 8.133 8.152
0.000 0.000 0.000 0.000 0.000 0.000 0.000 0.000 1.444 2.604 3.240 4.174 4.989 5.787 6.598 7.410 8.222 9.034 9.846 10.658 11.469 12.281 12.235 11.939 11.643 11.348 11.038 10.706 10.374 10.041 9.709 9.500 9.159 8.752 8.345 7.937 7.530 7.123 6.716 6.318 6.223 6.129 6.078 6.243 6.407 6.571 6.735 6.899 7.011 7.017 7.023 7.029 7.035 7.068 7.233 7.398 7.563 7.692 7.790 7.889 7.988 8.086 8.185 8.284 8.383 8.281 8.215 8.180 8.145 8.111 8.080 8.050 8.019 7.988 7.958 7.974 7.984
0.000 0.000 0.000 0.000 0.000 0.000 0.000 0.000 2.054 3.154 3.632 4.566 5.375 6.152 6.957 7.768 8.580 9.392 10.204 11.016 11.828 12.246 12.065 11.790 11.494 11.199 10.903 10.607 10.311 10.016 9.720 9.329 8.965 8.561 8.153 7.746 7.339 6.932 6.524 6.117 5.922 5.832 5.996 6.161 6.325 6.489 6.653 6.817 6.978 6.984 6.990 6.996 7.011 7.177 7.342 7.507 7.672 7.819 7.918 8.016 8.115 8.214 8.312 8.411 8.327 8.180 8.085 8.050 8.015 7.979 7.944 7.909 7.874 7.841 7.810 7.807 7.754
0.000 0.000 0.000 0.000 0.000 0.000 0.000 1.454 2.674 3.089 4.023 4.957 5.761 6.538 7.315 8.127 8.938 9.750 10.562 11.374 12.186 12.048 11.868 11.641 11.345 11.050 10.754 10.458 10.162 9.866 9.491 8.922 8.535 8.170 7.806 7.441 7.077 6.712 6.333 5.926 5.621 5.750 5.914 6.079 6.243 6.407 6.571 6.735 6.900 6.951 6.957 6.963 7.120 7.285 7.451 7.616 7.781 7.946 8.045 8.144 8.243 8.341 8.440 8.374 8.226 8.078 7.955 7.920 7.885 7.850 7.814 7.779 7.744 7.709 7.683 7.662 7.538
0.000 0.000 0.000 0.000 0.000 0.000 0.000 2.084 3.054 3.481 4.415 5.349 6.146 6.924 7.701 8.485 9.297 10.109 10.920 11.732 12.032 11.851 11.671 11.490 11.196 10.900 10.605 10.309 10.013 9.705 9.136 8.566 8.105 7.741 7.376 7.012 6.647 6.282 5.918 5.553 5.612 5.737 5.862 5.996 6.161 6.325 6.489 6.653 6.817 6.918 6.924 7.064 7.229 7.394 7.559 7.724 7.890 8.055 8.173 8.271 8.370 8.469 8.420 8.272 8.124 7.977 7.829 7.790 7.755 7.720 7.685 7.649 7.614 7.584 7.658 7.682 7.558
0.000 0.000 0.000 0.000 0.000 0.000 0.000 2.353 2.939 3.873 4.807 5.741 6.532 7.310 8.087 8.864 9.655 10.467 11.279 12.015 11.834 11.654 11.473 11.293 11.047 10.751 10.456 10.160 9.864 9.349 8.780 8.210 7.676 7.311 6.946 6.582 6.217 5.853 5.488 5.444 5.683 5.844 5.969 6.094 6.219 6.344 6.469 6.594 6.735 6.886 7.008 7.173 7.338 7.503 7.668 7.833 7.998 8.163 8.300 8.399 8.497 8.466 8.319 8.171 8.023 7.875 7.727 7.660 7.625 7.590 7.555 7.519 7.485 7.559 7.633 7.702 7.578
0.000 0.000 0.000 0.000 0.000 0.000 1.453 2.773 3.330 4.264 5.198 6.132 6.918 7.696 8.473 9.250 10.028 10.825 11.637 11.818 11.637 11.457 11.276 11.096 10.898 10.602 10.307 10.011 9.563 8.993 8.424 7.854 7.284 6.881 6.517 6.152 5.788 5.423 5.277 5.515 5.753 5.950 6.075 6.200 6.325 6.450 6.575 6.700 6.825 6.969 7.128 7.288 7.447 7.612 7.777 7.942 8.107 8.272 8.427 8.526 8.513 8.365 8.217 8.069 7.921 7.774 7.626 7.531 7.495 7.460 7.425 7.390 7.460 7.534 7.608 7.682 7.598
0.000 0.000 0.000 0.000 0.000 0.000 1.652 3.143 3.722 4.656 5.590 6.524 7.304 8.082 8.859 9.636 10.414 11.191 11.801 11.620 11.440 11.259 11.079 10.898 10.718 10.453 10.157 9.777 9.207 8.638 8.068 7.498 6.928 6.452 6.087 5.722 5.358 5.109 5.347 5.586 5.824 6.056 6.181 6.306 6.431 6.556 6.681 6.806 6.947 7.102 7.259 7.419 7.579 7.739 7.899 8.058 8.218 8.381 8.546 8.559 8.411 8.263 8.116 7.968 7.820 7.672 7.524 7.401 7.366 7.330 7.295 7.362 7.436 7.509 7.583 7.657 7.618
0.000 0.000 0.000 0.000 0.000 1.092 2.412 3.179 4.113 5.047 5.981 6.913 7.690 8.468 9.245 10.022 10.800 11.411 11.607 11.425 11.243 11.062 10.882 10.701 10.521 10.304 9.991 9.421 8.851 8.282 7.712 7.142 6.572 6.022 5.657 5.293 4.942 5.180 5.418 5.656 5.895 6.133 6.288 6.413 6.538 6.663 6.788 6.924 7.079 7.234 7.391 7.550 7.710 7.870 8.030 8.190 8.350 8.510 8.609 8.491 8.323 8.162 8.014 7.866 7.718 7.571 7.423 7.275 7.236 7.200 7.263 7.337 7.411 7.484 7.558 7.632 7.639
0.000 0.000 0.311 0.741 1.641 2.421 3.109 3.760 4.505 5.439 6.373 7.299 8.076 8.854 9.631 10.350 10.740 11.130 11.417 11.235 11.053 10.871 10.689 10.507 10.325 10.143 9.635 9.065 8.496 7.926 7.356 6.786 6.216 5.646 5.228 4.863 5.012 5.251 5.489 5.727 5.965 6.204 6.394 6.519 6.644 6.769 6.902 7.057 7.212 7.367 7.522 7.682 7.842 8.001 8.161 8.321 8.481 8.596 8.556 8.473 8.304 8.136 7.967 7.799 7.630 7.469 7.321 7.173 7.106 7.164 7.238 7.312 7.386 7.460 7.533 7.607 7.659
0.311 0.740 1.250 2.131 2.491 3.221 3.893 4.543 5.194 5.845 6.764 7.685 8.462 9.240 9.679 10.069 10.459 10.848 11.226 11.044 10.862 10.680 10.499 10.317 10.134 9.813 9.315 8.737 8.159 7.582 7.004 6.430 5.860 5.290 4.798 4.845 5.083 5.321 5.559 5.798 6.036 6.274 6.500 6.625 6.750 6.880 7.035 7.190 7.345 7.500 7.655 7.813 7.973 8.133 8.293 8.453 8.584 8.544 8.504 8.454 8.285 8.117 7.948 7.780 7.611 7.443 7.274 7.106 7.089 7.139 7.213 7.287 7.361 7.435 7.509 7.582 7.656
1.310 2.180 2.370 2.610 3.041 4.025 4.676 5.327 5.977 6.628 7.279 8.071 8.618 9.008 9.398 9.787 10.177 10.567 10.957 10.854 10.672 10.490 10.308 10.126 9.852 9.442 9.004 8.427 7.849 7.271 6.693 6.115 5.538 4.960 4.724 4.936 5.154 5.392 5.630 5.868 6.107 6.345 6.583 6.732 6.858 7.013 7.168 7.323 7.478 7.633 7.788 7.945 8.104 8.264 8.424 8.571 8.531 8.491 8.451 8.411 8.267 8.098 7.930 7.761 7.593 7.424 7.256 7.215 7.221 7.253 7.285 7.317 7.349 7.410 7.484 7.557 7.631
2.190 2.610 2.680 2.930 4.158 4.809 5.459 6.110 6.761 7.411 8.026 8.415 8.337 8.726 9.116 9.506 9.896 10.286 10.675 10.664 10.482 10.300 10.118 9.890 9.480 9.071 8.661 8.116 7.538 6.960 6.383 5.805 5.227 4.864 4.953 5.131 5.343 5.555 5.767 5.978 6.190 6.416 6.654 6.838 6.991 7.146 7.301 7.456 7.611 7.766 7.921 8.076 8.236 8.396 8.556 8.519 8.479 8.439 8.399 8.359 8.248 8.079 7.911 7.742 7.574 7.405 7.355 7.354 7.354 7.385 7.417 7.448 7.480 7.512 7.544 7.576 7.608
