includes/oleron/floodfiles/results/res.totaltm
ncols         631
nrows         906
xllcorner     364927.146667
yllcorner     6531972.565556
cellsize      20.000000
NODATA_value  -9999.000000
[rows 396 to 428 of 906, columns 444 to 517 of 631]
0.000 0.000 0.000 0.000 0.000 0.000 0.000 0.000 0.000 0.000 0.000 0.000 0.000 0.000 0.000 0.000 0.000 0.000 4.976 2.207 2.530 1.985 1.927 13.256 7.168 7.278 7.349 7.297 6.325 6.766 7.003 7.349 13.537 7.946 8.317 13.732 7.647 13.817 7.730 8.419 8.692 14.035 14.056 8.635 8.692 9.378 9.464 10.685 10.507 11.686 12.570 10.486 10.437 14.302 10.341 13.894 13.663 13.614 13.676 13.702 13.690 13.641 13.544 13.357 12.981 12.750 13.653 13.922 14.122 14.272 14.404 14.491 14.500 14.500
0.000 0.000 0.000 0.000 0.000 0.000 0.000 0.000 0.000 0.000 0.000 0.000 0.000 0.000 0.000 0.000 0.000 0.000 0.000 0.000 8.579 0.000 5.031 2.139 1.913 1.898 6.761 5.951 7.364 7.742 7.433 7.737 7.359 13.730 7.617 8.907 9.261 8.747 8.870 8.918 9.617 13.955 9.068 14.095 12.049 9.312 8.921 9.058 9.772 14.238 14.246 14.257 9.929 9.327 14.500 11.488 13.807 13.759 13.749 13.756 13.767 13.774 13.770 13.749 13.704 13.806 14.016 14.192 14.307 14.374 14.467 14.500 14.500 14.500
0.000 0.000 0.000 0.000 0.000 0.000 0.000 0.000 0.000 0.000 0.000 0.000 0.000 0.000 0.000 0.000 0.000 0.000 0.000 0.000 0.000 0.000 0.000 0.000 0.000 4.999 2.113 1.752 7.166 13.577 7.897 8.207 13.733 10.823 13.751 7.841 8.855 9.511 10.836 8.437 8.706 14.060 13.952 14.040 14.121 14.145 10.569 14.183 9.772 9.072 14.254 14.132 14.500 14.295 14.308 12.653 14.500 14.455 14.361 14.257 14.171 14.113 14.074 14.048 14.150 14.430 14.500 14.500 14.500 14.500 14.500 14.500 14.500 14.500
0.000 0.000 0.000 0.000 0.000 0.000 0.000 0.000 0.000 0.000 0.000 0.000 0.000 0.000 0.000 0.000 0.000 0.000 0.000 0.000 0.000 0.000 0.000 0.000 0.000 0.000 0.000 2.365 9.437 8.614 13.689 13.460 11.030 12.387 8.468 12.362 10.294 8.054 14.001 11.327 11.467 14.049 14.075 9.460 14.105 8.808 8.752 11.341 14.195 14.205 9.187 9.257 9.309 9.656 9.430 10.451 13.852 14.429 14.426 14.405 14.370 14.332 14.301 14.355 14.500 14.500 14.500 14.500 14.500 14.500 14.500 14.500 14.500 14.500
0.000 0.000 0.000 0.000 0.000 0.000 0.000 0.000 0.000 0.000 0.000 0.000 0.000 0.000 0.000 0.000 0.000 0.000 0.000 0.000 0.000 0.000 0.000 0.000 0.000 1.595 0.000 3.455 8.826 11.420 11.327 7.924 9.366 13.493 13.812 8.309 9.325 9.922 10.408 8.515 8.335 8.746 8.877 9.486 14.116 8.840 14.153 9.422 9.941 14.225 10.167 10.314 13.451 14.285 14.228 11.924 14.500 9.404 13.701 14.143 14.272 14.316 14.385 14.500 14.500 14.500 14.500 14.500 14.500 14.500 14.500 14.500 14.500 14.500
0.000 0.000 0.000 0.000 0.000 0.000 0.000 0.000 0.000 0.000 0.000 0.000 0.000 0.000 0.000 0.000 0.000 0.000 0.000 0.000 0.000 0.000 0.000 0.000 3.549 11.458 11.483 7.377 11.366 13.599 12.393 13.738 13.575 13.796 13.809 7.910 10.144 8.971 9.013 14.052 12.118 13.511 12.403 12.305 13.559 14.138 8.968 9.278 9.262 14.226 13.119 14.275 13.413 10.512 9.368 9.471 14.499 14.438 14.343 14.299 14.313 14.375 14.500 14.500 14.500 14.500 14.500 14.500 14.500 14.500 14.500 14.500 14.500 14.500
0.000 0.000 0.000 0.000 0.000 0.000 0.000 0.000 0.000 0.000 0.000 0.000 0.000 0.000 0.000 0.000 0.000 0.000 0.000 0.000 0.000 0.000 0.000 0.000 11.166 11.425 11.460 11.480 3.753 13.594 7.626 7.803 7.626 8.013 13.829 13.043 13.921 8.388 14.024 12.746 8.814 8.867 11.247 14.127 14.134 14.144 14.167 9.501 9.004 9.150 9.542 9.492 12.369 14.436 14.467 14.500 9.420 13.653 14.057 14.189 14.285 14.500 14.500 14.500 14.500 14.500 14.500 14.500 14.500 14.500 14.500 14.500 14.500 14.500
0.000 0.000 0.000 0.000 0.000 0.000 0.000 0.000 0.000 0.000 0.000 0.000 0.000 0.000 0.000 0.000 0.000 0.000 0.000 0.000 0.000 0.000 0.000 0.000 0.495 11.410 11.433 0.000 2.532 7.593 8.187 8.364 8.396 8.409 8.238 13.926 13.961 14.014 14.029 14.047 14.064 14.083 8.865 14.129 9.222 14.156 14.181 14.191 14.213 9.554 9.924 10.248 9.248 10.170 9.711 14.500 14.497 14.430 14.356 14.330 14.500 14.500 14.500 14.500 14.500 14.500 14.500 14.500 14.500 14.500 14.500 14.500 14.500 14.500
0.000 0.000 0.000 0.000 0.000 0.000 0.000 0.000 0.000 0.000 0.000 0.000 0.000 0.000 0.000 0.000 0.000 0.000 0.000 0.000 0.000 0.000 0.000 0.000 6.846 11.390 11.277 0.000 1.823 13.732 0.000 0.000 9.045 8.359 8.469 13.911 8.334 8.311 8.706 8.518 8.631 14.090 14.098 14.116 8.845 9.394 9.161 10.621 14.202 9.186 9.265 10.659 10.575 10.441 10.029 9.633 14.070 14.277 14.332 14.494 14.500 14.500 14.500 14.500 14.500 14.500 14.500 14.500 14.500 14.500 14.500 14.500 14.500 14.500
0.000 0.000 0.000 0.000 0.000 0.000 0.000 0.000 0.000 0.000 0.000 0.000 0.000 0.000 0.000 0.000 0.000 0.000 0.000 0.000 0.000 0.000 0.000 0.000 11.254 11.282 3.175 0.000 13.730 13.754 13.773 7.854 13.850 13.900 13.917 8.522 8.643 9.834 14.022 14.055 11.319 10.701 14.117 8.955 9.039 14.168 10.244 14.500 14.500 9.304 9.054 9.480 10.946 9.564 11.689 12.270 9.437 13.421 14.156 14.304 14.393 14.470 14.500 14.500 14.500 14.500 14.500 14.500 14.500 14.500 14.500 14.500 14.500 14.500
0.000 0.000 0.000 0.000 0.000 0.000 0.000 0.000 0.000 0.000 0.000 0.000 0.000 0.000 0.000 0.000 0.000 0.000 0.000 0.000 0.000 0.000 0.000 0.000 11.160 0.000 0.000 1.481 13.754 13.770 13.783 13.792 12.241 13.277 13.915 13.282 13.828 8.891 14.032 8.556 11.072 10.692 14.126 9.378 10.841 9.208 13.934 14.195 14.215 10.039 14.252 9.947 10.958 14.500 10.395 12.098 12.057 12.772 13.554 13.764 13.936 14.097 14.257 14.394 14.496 14.500 14.500 14.500 14.500 14.500 14.500 14.500 14.500 14.500
0.000 0.000 0.000 0.000 0.000 0.000 0.000 0.000 0.000 0.000 0.000 0.000 0.000 0.000 0.000 0.000 0.000 0.000 0.000 0.000 0.000 0.000 0.000 0.000 0.000 0.000 0.000 0.000 13.740 13.757 13.770 7.641 12.680 8.103 13.966 13.974 14.023 14.032 8.977 9.652 9.275 8.628 14.132 14.152 14.165 14.179 14.187 14.197 14.207 14.500 9.091 14.253 9.347 9.248 11.719 11.922 12.081 12.450 14.313 9.377 13.037 13.406 13.686 13.919 14.130 14.317 14.456 14.500 14.500 14.500 14.500 14.500 14.500 14.500
0.000 0.000 0.000 0.000 0.000 0.000 0.000 0.000 0.000 0.000 0.000 0.000 0.000 0.000 0.000 0.000 0.000 0.000 0.000 0.000 0.000 0.000 0.000 0.000 0.000 0.000 0.000 0.000 7.602 13.757 10.219 8.229 13.840 13.854 11.556 13.962 8.550 14.053 14.058 14.074 10.476 9.170 8.848 14.147 14.163 11.827 14.196 14.207 14.213 14.227 10.095 11.599 10.252 9.626 9.588 12.428 12.618 12.689 13.122 13.191 13.248 13.329 13.454 13.611 13.784 13.968 14.157 14.340 14.486 14.500 14.500 14.500 14.500 14.500
0.000 0.000 0.000 0.000 0.000 0.000 0.000 0.000 0.000 0.000 0.000 0.000 0.000 0.000 0.000 0.000 0.000 0.000 0.000 0.000 0.000 0.000 0.000 0.000 0.000 0.000 0.000 0.000 7.880 10.589 13.752 13.781 8.399 8.630 9.191 12.840 13.948 8.384 8.320 14.102 14.114 14.118 14.133 14.145 14.156 9.177 14.195 9.344 14.500 14.238 14.500 14.258 9.597 9.926 11.389 14.500 9.435 12.024 12.402 12.610 12.771 12.923 13.085 13.263 13.453 13.655 13.868 14.094 14.323 14.500 14.500 14.500 14.500 14.500
0.000 0.000 0.000 0.000 0.000 0.000 0.000 0.000 0.000 0.000 0.000 0.000 0.000 0.000 0.000 0.000 0.000 0.000 0.000 0.000 0.000 0.000 0.000 0.000 0.000 0.000 0.000 7.300 7.440 9.311 7.692 9.221 8.380 9.220 9.719 13.922 13.950 8.621 14.022 9.019 9.118 9.022 9.763 9.379 14.167 14.178 9.291 14.211 9.306 9.718 11.941 14.500 14.500 11.947 10.591 11.625 11.743 11.892 12.120 12.332 12.501 12.687 12.896 13.136 13.366 13.612 13.881 14.161 14.424 14.500 14.500 14.500 14.500 14.500
0.000 0.000 0.000 0.000 0.000 0.000 0.000 0.000 0.000 0.000 0.000 0.000 0.000 0.000 0.000 0.000 0.000 0.000 0.000 0.000 0.000 0.000 0.000 0.000 0.000 0.000 0.000 7.666 8.860 8.605 13.747 8.958 9.038 9.006 9.703 8.592 8.594 9.096 8.510 8.580 9.413 8.912 14.122 8.991 14.174 11.955 14.197 14.220 14.235 14.253 14.500 14.500 14.281 14.500 14.500 9.837 11.705 11.866 12.048 12.256 12.476 12.725 12.973 13.205 13.530 13.909 14.283 14.498 14.500 14.500 14.500 14.500 14.500 14.500
0.000 0.000 0.000 0.000 0.000 0.000 0.000 0.000 0.000 0.000 0.000 0.000 0.000 0.000 0.000 0.000 0.000 0.000 0.000 0.000 0.000 0.000 0.000 0.000 0.000 0.000 0.000 8.186 8.416 7.706 7.786 13.763 7.953 8.198 11.361 12.231 13.047 14.010 8.651 11.976 13.508 13.441 9.016 14.159 14.172 14.180 14.195 10.388 10.356 14.500 14.259 13.120 14.292 9.272 11.175 14.500 9.991 11.761 12.162 12.633 13.085 13.472 13.792 14.063 14.293 14.468 14.500 14.500 14.500 14.500 14.500 14.500 14.500 14.500
0.000 0.000 0.000 0.000 0.000 0.000 0.000 0.000 0.000 0.000 0.000 0.000 0.000 0.000 0.000 0.000 0.000 0.000 0.000 0.000 0.000 0.000 0.000 0.000 0.000 0.000 7.445 7.969 7.078 8.533 13.759 13.770 8.164 13.821 13.856 8.146 10.824 14.018 8.797 12.082 12.277 14.123 14.139 14.151 14.001 14.179 14.196 10.534 14.232 14.500 9.638 9.641 14.500 9.409 14.500 11.247 9.623 12.597 13.415 14.038 14.415 14.500 14.500 14.500 14.500 14.500 14.500 14.500 14.500 14.500 14.500 14.500 14.500 14.500
0.000 0.000 0.000 0.000 0.000 0.000 0.000 0.000 0.000 0.000 0.000 0.000 0.000 0.000 0.000 0.000 0.000 0.000 0.000 0.000 0.000 0.000 0.000 0.000 0.000 0.000 7.359 7.719 13.608 8.109 13.767 10.358 13.810 11.358 7.996 13.902 11.384 14.024 13.678 14.067 11.221 14.112 14.125 14.145 9.257 9.306 14.199 14.207 14.231 9.456 14.500 10.066 14.500 14.500 14.500 9.528 9.619 14.500 14.500 14.500 14.500 14.500 14.500 14.500 14.500 14.500 14.500 14.500 14.500 14.500 14.500 14.500 14.500 14.500
0.000 0.000 0.000 0.000 0.000 0.000 0.000 0.000 0.000 0.000 0.000 0.000 0.000 0.000 0.000 0.000 0.000 0.000 0.000 0.000 0.000 0.000 0.000 0.000 0.000 0.000 7.286 7.496 7.416 7.704 7.813 8.086 8.131 13.842 11.470 13.889 8.881 8.691 14.048 12.522 14.092 14.102 8.913 9.544 14.157 13.065 9.099 9.315 13.757 9.432 9.528 9.215 9.432 14.500 14.500 14.500 9.532 14.500 14.500 14.500 14.500 14.500 14.500 14.500 14.500 14.500 14.500 14.500 14.500 14.500 14.500 14.500 14.500 14.500
0.000 0.000 0.000 0.000 0.000 0.000 0.000 0.000 0.000 0.000 0.000 0.000 0.000 0.000 0.000 0.000 0.000 0.000 0.000 0.000 0.000 0.000 0.000 0.000 0.000 0.000 0.000 7.139 13.582 7.576 13.732 13.199 13.773 7.882 8.301 11.002 13.979 12.951 8.561 8.694 14.056 9.098 12.669 14.151 13.189 12.531 14.207 14.225 13.910 13.373 14.500 14.500 14.500 14.500 14.500 14.500 9.436 14.500 14.500 14.500 14.500 14.500 14.500 14.500 14.500 14.500 14.500 14.500 14.500 14.500 14.500 14.500 14.500 14.500
0.000 0.000 0.000 0.000 0.000 0.000 0.000 0.000 0.000 0.000 0.000 0.000 0.000 0.000 0.000 0.000 0.000 0.000 0.000 0.000 0.000 0.000 0.000 0.000 0.000 0.000 0.000 7.069 8.350 8.683 13.723 8.279 13.797 13.409 13.846 12.677 12.467 14.032 14.039 14.070 14.087 13.454 14.126 11.560 13.420 14.177 14.191 14.208 9.859 9.216 9.315 10.054 10.265 14.354 9.385 14.500 14.500 14.500 14.500 14.500 14.500 14.500 14.500 14.500 14.500 14.500 14.500 14.500 14.500 14.500 14.500 14.500 14.500 14.500
0.000 0.000 0.000 0.000 0.000 0.000 0.000 0.000 0.000 0.000 0.000 0.000 0.000 0.000 0.000 0.000 0.000 0.000 0.000 0.000 0.000 0.000 0.000 0.000 0.000 0.000 0.000 7.234 7.529 7.602 13.706 7.886 8.228 8.025 8.034 12.526 13.962 10.348 10.733 9.433 8.624 14.094 8.894 8.970 11.890 12.368 9.092 9.334 14.223 9.903 14.251 10.485 14.278 9.268 14.338 14.500 14.500 14.500 14.500 14.500 14.500 14.500 14.500 14.500 14.500 14.500 14.500 14.500 14.500 14.500 14.500 14.500 14.500 14.500
0.000 0.000 0.000 0.000 0.000 0.000 0.000 0.000 0.000 0.000 0.000 0.000 0.000 0.000 0.000 0.000 0.000 0.000 0.000 0.000 0.000 0.000 0.000 0.000 0.000 0.000 0.000 0.000 13.583 9.604 13.078 7.853 13.772 13.791 8.205 8.496 9.536 10.731 11.757 10.735 14.092 14.103 14.122 14.133 13.551 14.175 14.188 14.197 14.217 9.444 9.471 14.258 9.714 9.292 14.500 14.500 14.500 9.418 9.465 14.500 14.500 14.500 14.500 14.500 14.500 14.500 14.500 14.500 14.500 14.500 14.500 14.500 14.500 14.500
0.000 0.000 0.000 0.000 0.000 0.000 0.000 0.000 0.000 0.000 0.000 0.000 0.000 0.000 0.000 0.000 0.000 0.000 0.000 0.000 0.000 0.000 0.000 0.000 0.000 0.000 0.000 0.000 13.573 13.313 10.427 8.154 13.764 13.795 10.681 9.977 11.057 8.304 8.350 8.662 13.754 12.893 11.291 14.136 14.155 14.165 13.573 9.339 14.222 14.232 14.250 14.280 10.285 14.500 14.500 14.500 14.500 14.500 14.500 9.448 14.500 14.500 14.500 14.500 14.500 14.500 14.500 14.500 14.500 14.500 14.500 14.500 14.500 14.500
0.000 0.000 0.000 0.000 0.000 0.000 0.000 0.000 0.000 0.000 0.000 0.000 0.000 0.000 0.000 0.000 0.000 0.000 0.000 0.000 0.000 0.000 0.000 0.000 0.000 0.000 0.000 0.000 7.693 13.573 7.392 7.719 7.870 8.107 13.827 8.959 11.416 13.899 10.816 14.043 14.029 8.490 8.834 13.612 12.655 13.997 14.166 14.196 9.607 10.342 9.312 14.278 14.500 14.308 14.500 14.500 14.500 14.500 14.500 14.500 14.500 14.500 14.500 14.500 14.500 14.500 14.500 14.500 14.500 14.500 14.500 14.500 14.500 14.500
0.000 0.000 0.000 0.000 0.000 0.000 0.000 0.000 0.000 0.000 0.000 0.000 0.000 0.000 0.000 0.000 0.000 0.000 0.000 0.000 0.000 0.000 0.000 0.000 0.000 0.000 0.000 0.000 4.595 13.557 13.566 7.638 7.778 8.071 13.821 13.763 8.626 13.116 13.993 12.617 10.971 12.880 14.120 14.131 9.664 13.899 14.188 14.197 9.646 14.241 14.252 14.262 10.277 9.956 14.500 9.388 9.492 13.126 14.500 14.500 14.500 14.500 14.500 14.500 14.500 14.500 14.500 14.500 14.500 14.500 14.500 14.500 14.500 14.500
0.000 0.000 0.000 0.000 0.000 0.000 0.000 0.000 0.000 0.000 0.000 0.000 0.000 0.000 0.000 0.000 0.000 0.000 0.000 0.000 0.000 0.000 0.000 0.000 0.000 0.000 0.000 0.000 4.941 7.564 13.562 7.489 8.556 9.704 9.470 13.830 13.842 13.428 8.174 9.919 9.401 9.349 13.211 8.939 10.807 10.217 14.185 14.195 9.623 14.235 9.835 10.060 13.681 14.500 9.410 9.307 9.496 11.610 14.467 14.500 14.500 14.500 14.500 14.500 14.500 14.500 14.500 14.500 14.500 14.500 14.500 14.500 14.500 14.500
0.000 0.000 0.000 0.000 0.000 0.000 0.000 0.000 0.000 0.000 0.000 0.000 0.000 0.000 0.000 0.000 0.000 0.000 0.000 0.000 0.000 0.000 0.000 0.000 0.000 0.000 0.000 0.000 11.499 4.760 8.292 8.422 8.341 9.024 9.115 13.825 9.027 10.247 13.945 10.859 11.028 11.580 14.094 8.630 14.133 8.790 9.212 14.195 14.203 14.224 9.739 10.816 11.470 14.500 9.442 14.500 9.229 9.404 14.500 14.500 14.500 14.500 14.500 14.500 14.500 14.500 14.500 14.500 14.500 14.500 14.500 14.500 14.500 14.500
0.000 0.000 0.000 0.000 0.000 0.000 0.000 0.000 0.000 0.000 0.000 0.000 0.000 0.000 0.000 0.000 0.000 0.000 0.000 0.000 0.000 0.000 0.000 0.000 0.000 0.000 0.000 0.000 0.000 4.941 7.421 13.631 8.950 9.293 9.238 9.757 13.827 8.119 8.290 10.103 14.030 8.638 8.770 8.926 9.032 14.153 14.175 13.957 12.622 10.001 14.241 13.542 13.379 14.500 14.500 14.500 14.500 14.500 14.500 14.500 14.500 14.500 14.500 14.500 14.500 14.500 14.500 14.500 14.500 14.495 14.463 14.433 14.456 14.500
0.000 0.000 0.000 0.000 0.000 0.000 0.000 0.000 0.000 0.000 0.000 0.000 0.000 0.000 0.000 0.000 0.000 0.000 0.000 0.000 0.000 0.000 0.000 0.000 0.000 0.000 0.000 0.000 0.000 11.656 4.753 7.524 11.474 8.907 8.917 8.546 13.829 13.866 13.879 8.897 9.080 9.154 14.091 8.906 8.971 9.025 14.167 9.266 14.210 14.220 14.229 14.257 14.265 14.287 10.553 13.806 14.064 14.237 14.500 14.500 14.500 14.500 14.500 14.500 14.500 14.500 14.500 14.458 14.377 14.299 14.247 14.274 14.393 14.500
0.000 0.000 0.000 0.000 0.000 0.000 0.000 0.000 0.000 0.000 0.000 0.000 0.000 0.000 0.000 0.000 0.000 0.000 0.000 0.000 0.000 0.000 0.000 0.000 0.000 0.000 0.000 0.000 0.000 0.000 4.711 7.295 13.617 7.677 7.776 13.798 8.476 13.846 8.209 13.915 8.500 12.369 14.098 14.118 14.140 14.156 14.171 14.188 14.200 10.150 14.227 10.419 10.309 10.148 14.500 10.361 12.422 13.937 14.500 14.500 14.500 14.500 14.500 14.500 14.498 14.429 14.304 14.159 14.048 14.020 14.072 14.234 14.427 14.500
0.000 0.000 0.000 0.000 0.000 0.000 0.000 0.000 0.000 0.000 0.000 0.000 0.000 0.000 0.000 0.000 0.000 0.000 0.000 0.000 0.000 0.000 0.000 0.000 0.000 0.000 0.000 0.000 0.000 0.000 0.000 0.000 13.601 7.554 8.248 8.188 8.826 12.696 13.902 13.918 14.014 12.011 13.151 9.746 14.128 9.148 9.514 9.398 13.950 9.644 9.661 11.591 14.252 9.399 10.260 9.224 13.444 14.500 14.500 14.500 14.500 14.500 14.500 14.438 14.281 14.072 13.862 13.728 13.716 13.871 14.070 14.325 14.488 14.500
