includes/oleron/floodfiles/results/res.totaltm
ncols         631
nrows         906
xllcorner     364927.146667
yllcorner     6531972.565556
cellsize      20.000000
NODATA_value  -9999.000000
[rows 594 to 626 of 906, columns 370 to 443 of 631]
5.846 8.436 3.632 3.240 10.840 10.848 10.858 0.000 3.699 6.780 7.903 10.971 10.977 11.006 11.027 11.040 11.053 11.064 11.077 11.082 11.096 11.102 11.107 11.117 11.126 11.158 11.173 11.169 11.200 11.169 6.765 11.133 11.130 3.075 11.153 11.159 1.564 11.265 5.770 11.352 11.363 2.047 11.498 11.527 11.534 2.529 4.218 2.394 11.744 11.787 11.816 7.792 6.031 4.517 3.081 12.076 12.091 12.188 12.219 12.133 12.252 12.381 12.444 12.456 12.469 12.569 9.556 12.670 12.699 12.495 12.488 12.441 12.385 6.727
0.806 10.805 10.558 10.839 9.610 8.133 5.234 6.204 10.934 10.941 10.949 10.953 5.503 10.996 11.026 11.046 11.053 11.059 11.071 11.088 11.093 11.106 11.115 11.128 11.146 11.134 11.182 11.190 11.209 11.173 11.189 6.845 6.333 5.997 7.469 11.171 11.175 4.476 11.186 5.004 10.190 11.271 3.021 11.403 11.585 11.599 11.614 11.657 11.701 11.744 5.949 4.149 4.115 11.443 4.163 12.065 12.079 4.930 8.357 6.461 12.304 12.326 12.426 12.449 12.458 12.470 12.586 12.676 12.706 6.190 4.185 12.436 12.373 11.675
1.420 3.509 10.833 5.659 10.858 10.890 10.900 10.914 6.242 4.616 9.924 10.951 4.827 11.022 11.035 11.039 11.052 11.060 11.071 5.971 3.964 11.143 11.134 11.143 11.156 11.140 11.187 11.209 11.217 11.211 11.195 11.196 11.187 11.176 11.181 4.952 11.186 11.191 11.191 11.215 0.000 8.722 11.361 11.479 2.482 11.593 11.605 11.629 11.657 8.466 3.904 4.049 4.383 6.304 3.613 1.575 12.063 12.040 12.119 12.132 12.146 12.356 12.371 12.398 12.450 12.458 12.471 12.593 12.711 12.867 3.431 3.055 12.346 12.335
10.806 10.828 4.578 10.850 3.200 10.883 3.175 4.395 6.040 10.973 10.987 5.530 7.924 11.024 11.041 11.041 11.062 11.073 11.081 7.450 11.136 11.149 7.673 11.155 11.167 8.263 11.184 9.479 11.222 11.221 11.192 11.205 11.182 5.095 11.202 11.124 11.173 11.202 11.218 11.223 3.101 3.541 11.320 11.513 11.538 11.569 11.587 11.605 4.624 8.404 11.332 11.386 3.244 6.754 4.044 12.026 12.037 12.049 3.335 7.036 5.356 12.345 12.373 12.390 12.400 12.449 12.458 12.470 12.488 12.878 12.888 4.051 3.110 12.287
10.834 10.834 6.309 10.869 10.881 10.887 10.904 10.908 10.938 4.443 10.995 7.990 11.026 11.022 11.050 11.062 11.075 11.080 11.086 4.329 11.155 11.157 7.422 11.167 11.178 11.183 10.478 10.585 11.234 11.233 11.261 11.240 11.235 11.195 11.208 4.053 11.124 11.205 3.716 11.245 11.252 7.132 10.703 3.621 11.527 11.552 11.569 4.391 4.880 11.312 3.931 11.399 3.695 11.642 5.787 3.998 0.000 12.075 12.084 12.158 12.174 12.337 12.358 12.376 12.387 12.346 12.448 12.462 12.480 12.735 12.998 13.005 1.438 3.471
10.839 10.842 10.862 6.764 3.788 10.894 5.995 10.949 10.950 5.798 11.007 11.007 11.058 11.044 11.064 11.075 11.081 11.100 11.107 5.514 11.159 11.162 11.158 3.183 11.188 11.199 11.207 11.216 11.254 11.258 11.267 11.011 2.314 11.213 11.265 11.291 3.019 11.214 9.138 2.463 11.259 11.267 11.289 6.548 4.888 11.527 11.558 11.543 11.460 11.364 3.581 11.482 5.621 11.746 11.762 11.803 11.872 9.586 12.075 3.636 12.113 12.120 12.353 12.369 12.386 12.420 12.435 12.454 12.464 12.480 5.658 13.064 13.075 6.415
3.629 2.026 10.867 10.873 10.909 10.927 10.961 10.970 3.167 9.357 11.032 11.026 11.066 11.067 11.060 11.086 11.100 11.109 11.116 11.133 11.167 11.180 4.042 11.188 11.195 11.203 9.494 11.229 11.260 11.245 11.289 11.297 11.288 0.000 11.319 11.301 11.290 11.218 3.608 5.068 11.246 3.338 11.297 11.306 11.313 11.506 0.000 0.000 11.299 11.379 11.355 3.978 4.082 7.507 4.123 6.546 5.816 4.098 12.111 12.172 12.182 12.257 12.270 12.306 12.350 12.332 12.390 12.437 12.451 12.462 12.437 3.394 13.084 13.236
4.825 3.620 1.127 10.887 10.905 10.112 10.973 10.981 7.960 5.272 11.048 11.049 11.082 11.074 11.062 11.064 11.089 11.095 11.109 11.115 11.180 11.185 11.196 11.175 5.579 11.211 11.224 11.243 11.276 8.648 0.000 11.302 11.260 11.254 11.326 6.792 11.283 11.252 11.237 1.216 11.212 7.265 11.247 3.819 11.434 11.473 11.356 11.378 11.388 11.383 11.314 2.412 11.303 3.640 6.489 5.682 6.841 12.041 9.824 12.103 9.260 12.241 12.194 12.260 12.314 12.322 12.337 6.512 12.438 12.448 12.398 12.452 8.010 3.747
10.823 4.366 5.129 9.734 6.392 11.000 10.982 3.446 11.032 11.061 11.057 11.066 11.097 11.071 11.062 11.062 11.075 11.087 11.091 11.104 6.139 11.194 11.201 0.000 11.226 11.215 11.228 11.239 11.283 11.288 11.301 11.311 4.160 11.299 11.342 11.288 0.000 3.923 11.247 11.253 11.258 1.347 6.299 11.261 11.395 4.511 11.375 11.388 11.397 11.415 5.127 11.345 5.884 11.551 11.656 6.273 4.779 12.021 4.170 4.735 12.122 12.178 12.181 6.497 5.620 12.307 12.321 12.253 12.390 6.870 12.434 12.471 12.507 12.536
10.818 3.619 10.913 2.921 10.977 11.007 4.755 11.035 11.061 11.067 11.089 11.084 11.107 11.109 11.061 11.066 11.076 11.081 11.086 11.095 11.101 5.067 11.212 4.093 11.235 3.712 11.245 11.262 11.292 11.280 11.304 11.326 11.328 0.000 11.349 11.343 11.319 11.315 0.000 11.257 11.272 11.278 11.281 11.307 11.323 3.283 11.370 6.031 11.430 11.423 3.577 11.397 11.415 9.496 11.450 11.648 5.301 3.606 11.917 11.972 11.993 4.687 12.168 4.972 12.218 12.226 5.748 12.332 12.378 12.387 12.394 12.459 12.481 12.512
3.395 5.046 10.936 0.000 10.998 11.013 11.028 11.048 11.052 11.087 11.103 11.113 11.115 11.118 11.128 11.094 11.086 11.114 11.108 11.106 11.139 4.019 11.217 11.220 11.239 1.794 11.259 11.269 11.302 9.633 7.015 11.332 11.340 11.349 11.354 5.080 11.315 11.325 11.323 2.786 0.233 11.283 11.314 11.331 0.000 11.430 5.067 11.459 11.453 0.000 1.947 4.103 11.401 11.414 8.960 6.310 4.204 11.836 11.851 11.871 4.713 3.870 12.091 12.076 5.183 12.165 12.248 12.258 7.160 12.408 12.426 12.441 12.455 12.481
2.236 10.938 10.948 10.988 10.998 11.007 11.036 11.054 11.071 11.091 11.099 11.126 11.150 11.162 11.161 11.156 11.065 11.122 11.117 11.130 11.151 9.964 11.232 11.236 11.242 11.253 5.140 11.284 11.306 11.325 11.329 11.345 11.349 11.349 11.365 4.332 3.491 11.339 11.339 11.351 11.360 3.969 7.512 11.342 4.680 11.455 11.460 11.463 4.377 7.673 11.464 2.691 4.313 11.408 11.397 2.487 11.269 0.000 6.602 11.719 3.405 11.999 8.690 4.983 1.447 4.886 3.841 12.248 12.246 12.280 12.264 5.846 12.430 12.452
3.962 10.892 10.941 5.664 10.996 11.003 11.024 11.059 11.059 11.071 11.104 11.134 11.125 11.175 11.176 11.171 11.164 11.143 11.114 7.817 11.142 11.168 4.825 11.255 3.846 11.278 3.191 11.283 11.302 11.307 5.112 11.348 11.371 11.379 11.386 11.389 11.392 5.357 2.418 11.385 11.373 11.363 11.361 2.967 11.391 6.443 8.188 11.473 11.492 3.934 11.471 11.464 11.456 11.413 11.408 11.394 2.835 11.476 2.136 11.703 11.690 4.142 0.000 0.000 0.000 12.107 12.125 12.139 6.077 4.956 7.279 12.388 12.405 12.424
2.612 10.887 6.853 10.982 10.990 9.332 11.029 11.068 11.084 11.094 11.092 11.159 11.175 11.186 11.193 11.185 11.174 11.149 6.511 11.144 11.155 11.179 8.566 11.260 11.277 11.283 11.285 11.292 11.306 11.328 7.582 11.366 7.612 11.384 11.391 11.394 9.918 11.440 11.415 5.910 4.366 11.372 11.381 5.408 5.710 11.422 0.814 0.000 11.503 11.513 11.515 4.607 4.269 4.401 11.388 3.788 11.575 6.908 11.507 3.306 0.000 0.000 3.979 12.054 12.072 12.088 12.101 0.000 5.854 6.068 7.873 12.343 12.373 12.393
10.864 4.310 10.888 1.531 10.982 10.989 0.000 11.050 11.094 11.104 11.138 11.169 11.180 11.203 11.209 11.197 11.186 11.138 7.867 4.672 8.831 5.266 5.760 6.652 11.283 11.288 7.173 11.326 11.320 11.339 11.361 11.375 11.383 11.396 11.409 11.413 11.430 11.450 4.923 11.477 11.453 4.449 3.068 11.471 11.464 7.890 5.896 11.494 11.504 11.520 11.520 11.515 5.253 8.341 2.929 3.173 11.589 11.585 11.517 11.509 3.940 4.857 6.279 11.902 3.062 0.000 0.000 1.653 5.213 12.150 12.162 12.313 12.326 12.351
10.743 3.867 10.880 10.912 3.177 10.945 10.940 4.066 11.082 11.110 11.150 11.163 11.189 11.210 11.214 11.209 11.137 11.144 11.167 11.179 9.739 3.920 11.196 11.240 5.842 11.304 11.326 11.329 11.351 11.371 11.365 11.373 11.381 11.393 11.401 11.426 11.431 11.464 9.438 11.482 6.653 11.463 11.471 11.490 3.272 2.972 3.449 5.679 11.562 11.556 11.532 9.529 11.591 11.597 11.603 11.627 11.632 11.642 5.972 3.209 1.409 0.000 3.333 9.434 9.818 8.934 4.459 8.643 12.016 12.130 12.153 12.170 12.255 12.282
10.894 10.914 0.000 10.917 10.918 10.924 3.969 11.056 11.071 4.081 11.098 11.182 11.207 11.215 11.235 4.198 3.680 6.632 4.703 7.558 9.504 11.245 11.234 5.052 11.309 11.315 11.321 7.863 11.372 11.378 4.185 5.772 5.533 11.408 11.415 11.425 11.463 11.470 11.478 11.487 11.504 5.512 3.565 11.495 11.536 11.543 11.563 11.571 11.571 11.540 11.527 8.125 11.565 2.629 0.000 4.374 11.631 11.662 11.668 11.747 11.772 11.793 11.809 11.834 4.254 2.013 2.737 2.684 3.453 3.638 3.963 12.128 12.170 12.229
10.912 10.923 6.720 10.935 1.986 10.933 10.960 2.738 11.057 11.030 0.982 11.171 10.272 11.238 11.240 11.248 11.254 11.262 11.265 11.278 11.290 11.254 3.246 6.199 2.475 11.326 11.325 11.355 11.378 11.385 11.380 11.399 8.084 4.050 11.421 11.426 11.451 11.463 11.466 11.478 11.512 11.523 11.481 7.485 3.578 4.435 2.881 11.586 11.579 11.589 11.566 11.584 11.569 11.540 10.924 11.514 6.952 6.489 3.069 2.923 2.922 11.707 11.808 11.823 11.805 11.802 11.811 11.841 11.847 11.950 11.963 12.102 3.815 4.871
7.197 5.201 5.861 10.941 10.972 1.990 10.968 11.026 6.012 11.040 11.035 5.132 11.220 11.223 11.161 3.228 11.226 11.247 11.269 11.275 11.293 11.298 11.306 11.321 11.326 11.331 11.336 11.369 4.391 11.393 6.560 11.403 4.270 5.130 11.419 11.425 11.435 11.464 11.475 11.480 11.520 11.532 11.537 11.559 11.563 11.588 11.596 11.606 11.559 11.594 11.558 11.598 11.586 11.580 6.708 11.525 8.316 5.756 11.586 11.652 11.666 11.678 7.109 9.926 2.840 3.726 11.819 4.616 1.476 2.951 11.885 12.072 5.079 11.973
3.334 10.983 9.425 3.112 10.979 11.002 3.113 11.032 11.025 11.055 4.457 11.205 11.208 6.397 11.165 11.189 8.061 11.217 11.223 3.332 4.991 7.100 4.870 11.302 5.471 11.313 11.356 11.380 11.385 11.398 11.415 11.427 11.435 7.333 11.415 11.438 11.445 11.461 11.471 11.510 11.519 11.532 11.543 11.558 11.568 11.586 11.589 11.612 7.306 11.620 11.612 11.606 11.528 11.589 4.022 6.410 11.588 11.564 8.884 11.534 6.417 6.225 3.217 5.944 7.108 4.148 11.829 11.946 11.968 11.995 12.010 12.027 4.181 11.943
10.961 10.988 5.504 10.054 4.049 11.017 11.032 7.487 0.000 11.070 4.178 11.162 11.205 11.198 10.779 11.197 11.202 11.220 5.512 11.212 11.203 4.629 3.641 11.297 3.349 11.369 11.360 4.565 11.382 7.439 11.409 11.435 11.444 11.456 9.023 11.440 11.533 4.644 11.494 11.514 11.525 11.532 11.539 11.536 11.553 11.607 11.615 11.627 11.627 11.627 11.627 7.778 11.602 11.596 4.307 5.956 11.610 11.576 7.227 5.140 4.825 11.582 11.666 11.690 11.878 11.900 11.914 11.938 11.930 6.533 4.307 1.262 7.917 4.701
6.490 10.993 11.004 11.009 11.047 6.877 6.240 11.060 11.075 6.488 11.149 11.159 11.168 11.174 11.169 11.190 3.263 8.521 5.011 11.221 11.212 1.127 11.202 3.477 11.407 11.375 3.415 11.380 11.380 6.077 11.421 4.211 11.442 11.464 10.089 11.439 11.542 11.543 11.510 11.523 11.531 11.544 11.559 9.989 11.550 11.573 11.627 11.633 11.643 11.648 11.635 10.008 11.633 4.662 11.581 5.632 11.619 7.369 6.114 3.995 11.596 11.611 11.622 4.176 4.547 3.255 3.966 3.618 8.749 6.517 11.676 7.423 11.692 11.687
3.641 11.001 11.014 11.017 11.063 11.059 9.766 5.709 11.096 11.104 11.139 6.551 11.161 5.389 11.203 4.566 11.239 11.251 5.997 10.965 3.749 11.331 6.130 3.283 11.417 3.664 11.413 11.388 6.292 11.423 11.457 11.454 11.436 11.487 11.489 11.545 11.552 11.551 11.543 11.532 11.533 4.918 11.671 11.561 6.805 11.600 11.614 11.642 11.649 11.656 11.637 11.633 11.639 11.632 11.613 11.647 11.655 4.787 11.613 11.626 11.613 11.622 10.990 11.640 11.651 6.491 11.705 9.939 11.753 11.711 11.684 11.740 11.731 4.206
11.056 5.180 11.052 11.066 11.072 11.066 3.749 11.076 11.088 11.100 3.444 11.078 1.112 11.202 6.167 11.234 6.610 11.266 11.265 10.263 7.488 11.353 1.721 11.394 11.431 11.442 10.275 6.762 11.487 6.396 11.471 11.467 11.517 11.528 11.540 11.552 9.369 9.658 4.241 6.244 8.129 11.693 11.688 4.445 11.578 11.617 11.621 11.617 11.651 11.666 11.689 11.713 11.671 11.621 4.010 3.947 11.660 9.114 6.813 7.070 6.273 5.213 6.201 11.637 5.177 6.960 11.724 11.730 11.734 2.716 3.053 11.748 5.861 4.196
11.082 11.087 8.883 6.475 11.098 11.075 3.416 11.131 11.108 2.010 10.798 0.000 11.182 11.197 4.236 11.245 11.266 11.271 11.315 11.340 11.352 11.362 11.320 11.381 4.765 11.453 11.457 11.488 11.494 11.514 11.481 11.537 11.526 5.356 11.521 3.325 11.632 11.628 11.599 11.588 11.729 11.724 5.006 11.620 11.624 6.693 11.680 11.642 11.663 11.668 11.718 11.736 11.697 11.680 11.670 7.029 11.687 11.659 4.560 5.573 3.830 4.013 6.049 2.901 3.290 4.572 11.727 11.739 11.755 11.761 11.785 11.757 4.454 0.816
2.232 11.103 11.107 11.117 11.104 6.139 11.140 11.136 2.482 10.915 1.009 11.168 10.562 3.445 7.875 5.910 7.123 11.307 11.340 11.349 11.363 11.370 11.381 8.588 7.960 11.482 11.469 11.475 11.469 11.525 11.562 11.542 11.514 11.542 11.522 5.962 11.666 3.371 11.615 7.083 11.736 11.730 11.574 11.623 11.632 11.649 11.684 11.691 11.673 11.671 11.731 11.752 11.739 11.688 1.448 11.702 11.695 4.378 4.452 7.550 8.346 11.712 11.705 11.711 11.721 11.718 11.722 11.742 11.753 11.762 11.793 11.787 11.802 9.685
11.035 4.031 11.097 11.131 11.136 11.140 11.144 7.468 11.133 3.488 11.250 11.173 3.939 5.081 11.384 5.273 3.134 4.195 4.596 5.208 8.112 6.068 11.379 11.445 11.454 11.513 11.519 11.535 11.468 11.577 11.582 11.534 11.564 11.556 2.768 2.507 11.670 11.720 11.731 5.541 11.824 3.289 11.568 5.557 7.406 4.413 7.935 11.694 11.731 11.716 11.748 11.765 11.753 11.738 11.726 11.708 4.921 11.735 5.352 3.704 6.408 11.726 11.706 11.721 11.731 11.724 7.343 3.119 3.308 4.530 11.846 11.817 11.813 4.612
3.751 11.090 11.107 11.112 11.144 4.198 11.171 11.163 3.995 11.175 11.261 11.270 6.016 11.350 11.390 11.430 11.440 11.448 11.454 11.464 11.476 11.474 6.314 3.680 3.502 6.812 11.543 11.551 11.559 11.583 11.588 11.583 11.570 2.387 0.000 11.629 11.654 11.731 11.737 11.828 11.837 11.830 0.000 11.931 11.922 11.801 11.791 8.706 11.744 11.756 11.765 11.773 11.765 11.751 11.731 4.434 11.767 11.741 6.026 4.580 11.757 3.822 1.643 2.832 11.756 11.784 11.792 11.856 11.869 11.864 11.854 11.847 11.829 4.820
8.596 11.100 3.266 5.996 11.150 11.156 11.174 4.834 2.943 11.258 11.268 8.385 11.340 11.346 11.384 0.000 0.000 0.000 0.000 11.447 11.480 11.496 11.501 11.513 11.523 11.531 11.543 11.540 11.576 11.589 11.594 11.565 11.577 11.597 11.614 2.326 11.647 6.874 10.972 7.823 11.843 11.906 10.252 11.945 11.933 11.853 11.803 5.536 11.767 11.772 11.774 11.779 11.776 11.761 11.736 11.747 11.770 11.759 4.001 11.789 11.814 11.820 11.826 8.278 11.742 11.781 11.790 11.864 11.877 11.871 11.787 11.796 11.834 11.800
11.091 11.105 11.105 11.139 11.144 5.491 11.189 11.192 11.165 4.333 11.259 4.670 10.298 11.340 5.829 11.394 11.409 11.436 11.446 11.453 11.474 11.455 3.713 2.167 2.411 3.755 11.555 11.563 11.571 11.551 11.602 11.610 3.708 11.549 11.630 11.642 2.334 5.568 10.043 11.890 11.905 11.916 11.956 11.955 10.982 8.603 11.772 11.754 11.772 11.776 11.780 11.794 3.761 6.711 11.731 11.736 11.782 11.792 11.783 9.417 9.387 11.826 7.602 5.237 4.923 3.834 4.872 5.529 11.884 11.877 5.976 11.850 11.846 11.826
11.091 11.112 3.819 11.140 11.127 4.187 11.195 11.197 11.206 11.204 11.174 11.269 11.280 5.597 11.364 11.368 3.008 2.302 2.402 3.466 3.941 10.299 5.908 8.241 11.469 11.486 11.496 11.584 11.589 11.602 11.607 11.616 11.629 5.035 4.216 11.651 11.676 3.497 2.584 11.872 11.822 8.690 11.968 11.971 2.067 11.858 11.847 11.827 3.655 11.779 11.787 11.808 7.145 3.425 8.397 11.730 4.034 11.798 11.808 11.814 11.822 11.863 8.415 11.895 11.956 11.965 11.976 4.273 11.911 11.893 11.879 11.856 11.854 11.838
6.022 11.117 11.134 11.145 1.601 10.088 11.201 11.206 11.228 3.133 11.256 11.277 11.282 11.288 11.339 5.587 8.435 11.292 11.289 5.479 11.362 7.008 11.422 3.986 3.993 6.055 11.512 11.569 3.533 7.383 3.731 3.421 11.636 11.645 11.650 3.044 11.689 11.700 11.709 11.827 11.890 10.357 11.981 11.984 12.072 12.053 5.889 5.433 8.239 11.787 11.820 11.812 11.810 6.704 3.427 5.491 7.395 11.810 11.815 11.815 11.863 11.870 11.879 11.911 11.972 11.970 11.990 3.831 11.929 11.909 11.859 5.228 11.863 11.852
11.089 7.236 11.141 11.152 11.162 5.585 11.183 5.240 11.238 11.242 11.251 4.572 10.575 11.287 11.334 8.468 10.788 5.991 4.354 11.347 4.049 6.004 11.449 11.447 11.455 11.479 4.165 11.566 11.578 4.032 11.636 11.643 4.349 11.660 11.657 11.669 8.077 6.058 11.877 11.890 11.900 11.970 11.994 10.573 12.132 4.648 5.874 11.771 11.793 11.794 11.839 11.814 11.814 11.810 4.500 2.475 6.491 11.781 11.826 11.832 5.288 11.877 5.535 11.917 11.981 11.990 11.997 4.552 11.939 11.914 7.871 11.926 11.890 11.844
