includes/oleron/floodfiles/results/res.totaltm
ncols         631
nrows         906
xllcorner     364927.146667
yllcorner     6531972.565556
cellsize      20.000000
NODATA_value  -9999.000000
[rows 198 to 230 of 906, columns 296 to 369 of 631]
10.836 10.850 10.852 8.580 4.790 10.921 10.992 10.929 11.001 10.988 11.147 11.161 11.067 11.240 11.255 11.284 11.315 11.295 11.289 11.300 11.289 11.248 11.287 11.330 11.257 11.324 11.340 11.360 11.368 2.971 11.340 2.838 11.476 1.908 11.568 11.574 11.578 11.572 11.566 6.626 9.629 11.591 2.852 3.410 11.668 11.723 11.726 3.542 11.739 11.735 4.076 3.322 2.991 10.601 3.484 4.007 11.819 11.934 11.951 11.961 12.011 11.977 12.053 12.001 11.932 11.997 12.123 12.255 12.267 12.242 12.171 12.171 12.172 7.334
7.676 10.838 9.852 4.444 4.358 11.016 11.007 11.008 11.020 11.030 11.145 11.169 11.205 11.132 0.000 1.254 11.323 11.335 11.324 11.312 11.245 11.343 11.354 11.351 11.303 11.343 11.354 11.401 11.387 3.577 11.351 7.263 11.483 6.925 11.572 11.578 11.596 11.601 11.605 11.612 11.652 11.659 11.688 11.681 1.606 5.037 11.740 11.786 11.793 3.080 11.752 11.757 5.833 11.811 11.816 4.207 3.972 3.570 4.048 12.046 12.054 12.063 12.075 12.081 12.173 12.209 12.248 12.281 12.298 12.253 12.331 12.362 12.347 12.210
10.815 10.824 6.845 5.063 1.992 11.023 10.933 11.008 11.019 11.029 11.132 2.502 11.215 11.009 1.075 0.000 11.336 11.341 11.332 11.296 11.339 11.351 11.370 11.387 11.371 10.989 11.399 11.411 3.538 1.482 3.167 11.352 2.008 11.551 11.560 11.578 11.604 11.606 11.622 11.659 11.660 11.667 11.711 11.647 3.456 11.739 4.484 3.690 11.799 11.794 11.749 4.620 7.121 9.738 11.844 7.450 4.415 11.817 8.194 11.799 12.048 6.789 3.416 3.257 12.089 12.258 12.284 12.303 12.319 7.313 12.332 12.431 9.117 12.300
10.096 10.207 6.893 6.380 1.424 11.043 3.402 10.966 10.966 11.052 11.112 2.818 11.254 8.504 2.243 0.000 11.340 11.356 11.366 11.360 11.302 11.315 11.394 11.401 4.090 4.637 3.537 11.452 4.433 3.644 2.887 3.681 0.957 8.679 11.554 11.569 11.615 11.631 11.633 11.668 11.680 11.698 11.718 11.740 2.754 4.037 5.160 11.801 11.805 3.667 4.422 11.864 11.895 11.899 11.870 11.921 11.966 11.970 11.992 11.996 12.003 11.847 11.893 11.923 11.949 9.430 5.557 12.319 10.285 12.400 8.048 12.452 12.441 12.311
5.064 10.848 7.935 4.347 10.958 11.073 11.087 11.021 11.019 11.080 11.138 4.703 11.267 11.293 0.707 0.000 0.709 11.360 11.370 11.251 0.000 0.908 11.403 11.462 11.467 11.473 11.487 11.493 11.498 11.517 6.384 2.906 11.572 11.555 11.556 11.566 11.575 11.644 11.662 11.669 11.678 11.721 11.730 11.750 3.944 11.829 11.843 11.862 11.869 11.864 3.717 3.854 11.888 11.901 11.851 6.605 4.149 3.516 3.689 3.734 4.395 11.908 11.940 11.951 11.961 11.887 12.081 12.286 5.128 12.450 11.192 12.853 6.507 3.980
4.513 5.699 5.592 4.103 11.023 11.089 11.100 11.126 10.999 11.033 11.152 11.167 11.266 11.303 9.494 3.080 5.485 11.366 11.386 11.390 11.403 11.432 11.442 11.428 11.446 11.483 11.499 11.504 11.517 11.523 11.506 3.468 11.612 11.614 10.267 4.532 11.598 11.637 11.663 11.672 11.679 11.734 11.743 11.759 6.166 11.821 11.852 11.867 11.875 11.887 2.749 11.883 11.900 11.937 11.862 11.875 11.925 11.937 10.418 4.369 4.138 2.820 11.932 11.965 11.971 11.792 12.185 12.199 10.656 6.540 10.453 13.076 8.656 7.243
7.111 10.849 5.934 4.830 11.014 10.953 11.101 11.142 11.147 4.057 2.954 6.991 11.045 11.317 11.330 11.361 11.367 11.381 11.391 11.399 11.431 11.439 11.447 11.470 11.482 11.493 11.504 11.513 11.519 11.534 11.516 3.502 11.615 11.640 11.647 11.655 11.673 11.682 11.637 4.437 11.711 11.699 11.734 11.678 4.286 11.831 11.844 11.864 11.886 11.891 11.913 11.914 11.939 11.940 11.942 11.950 11.942 11.982 3.825 11.991 12.006 12.027 11.978 1.696 8.603 12.154 12.175 6.595 12.383 11.963 9.217 13.086 9.499 12.634
10.816 5.279 3.778 4.447 11.012 11.026 11.041 11.160 11.161 11.271 11.292 11.308 11.322 11.330 11.342 11.348 11.365 11.371 3.277 4.681 11.368 11.391 11.317 11.414 11.349 0.000 1.114 11.516 11.524 11.545 11.548 11.585 4.550 11.609 3.495 11.668 11.677 11.690 11.698 11.715 11.721 7.787 9.618 11.767 3.827 11.808 11.835 11.843 11.883 11.889 11.936 11.940 11.943 11.953 11.971 11.976 11.982 11.988 11.997 12.013 12.021 12.045 12.064 12.075 12.140 1.534 3.515 12.416 12.451 4.811 5.296 13.125 4.766 12.578
6.274 9.011 10.882 5.757 10.961 11.007 3.038 11.178 11.258 11.266 11.279 11.292 11.315 11.320 11.250 11.045 11.311 11.342 11.205 5.456 11.207 11.360 11.390 11.405 11.397 11.317 11.396 11.408 5.854 11.539 4.340 11.589 11.612 11.618 11.622 11.641 3.779 4.416 11.667 11.703 11.727 11.738 11.768 8.610 9.170 11.827 11.828 11.853 11.869 11.882 1.625 11.937 11.940 11.944 11.970 11.981 11.983 12.001 12.008 12.017 12.026 12.048 12.075 12.085 12.148 12.188 12.196 1.657 12.463 13.060 13.103 13.135 5.713 3.218
4.345 9.760 5.441 3.490 4.834 10.985 10.806 11.006 3.874 3.645 7.633 11.043 11.061 11.154 11.240 11.254 11.272 11.108 11.094 5.981 3.907 3.536 10.929 11.257 11.350 11.368 11.382 11.400 11.350 6.480 11.428 0.395 3.511 11.570 8.617 11.644 11.650 11.657 11.666 11.671 5.216 11.672 11.769 7.897 11.812 11.838 11.843 11.857 11.862 1.805 11.880 11.931 11.937 11.942 11.957 11.978 11.982 11.999 12.036 12.044 12.053 12.058 12.092 12.091 12.150 12.203 12.210 12.192 12.448 2.112 4.948 13.155 13.180 6.210
10.898 10.921 10.266 10.570 7.747 10.994 11.004 11.099 11.106 11.111 11.117 11.152 11.156 11.152 11.132 11.234 11.108 11.222 11.227 11.223 11.225 11.230 11.238 11.247 6.470 11.212 11.271 11.341 11.365 11.371 7.715 2.220 11.583 11.622 11.615 11.642 11.643 8.333 11.696 11.720 11.727 11.732 11.760 3.358 11.821 11.834 11.849 11.860 11.863 11.887 11.896 11.917 11.937 11.936 11.954 11.988 11.992 12.006 12.050 12.059 12.068 12.106 12.127 12.087 12.161 12.217 12.247 12.347 12.364 12.353 4.904 3.254 13.190 13.287
10.888 10.917 10.929 10.973 10.316 9.151 11.012 11.089 11.097 11.081 11.129 11.155 11.205 11.152 11.076 2.945 11.148 11.229 11.244 11.234 11.231 11.235 11.241 11.248 11.253 11.256 11.285 11.289 11.278 11.376 11.386 11.504 3.811 11.631 11.642 11.647 11.653 11.685 11.692 10.853 3.805 11.752 11.772 7.218 11.830 11.839 11.852 11.858 11.861 11.909 11.916 11.927 11.942 11.965 11.975 11.982 11.987 11.996 12.058 12.066 12.101 12.126 12.141 12.118 12.186 12.208 12.234 12.234 12.347 12.305 12.412 5.437 5.407 3.746
10.879 3.844 10.934 10.959 4.143 5.850 11.026 11.072 11.061 11.070 11.143 11.150 11.211 11.216 11.222 11.226 11.233 11.248 11.254 6.938 4.673 3.970 2.545 3.600 6.583 11.254 11.252 11.292 11.320 11.343 11.502 5.472 11.617 11.625 1.173 11.619 11.639 8.791 11.678 11.757 11.778 11.782 3.728 11.793 11.816 11.833 11.845 11.849 11.858 1.459 11.915 11.923 11.937 11.947 11.973 11.987 11.992 12.000 11.970 12.066 12.080 12.139 12.153 12.163 12.183 12.208 12.231 12.221 12.206 5.319 12.437 12.453 12.471 12.604
10.917 0.000 4.006 3.394 10.998 4.052 11.012 11.022 11.033 11.045 11.135 11.133 11.205 11.210 11.190 11.195 11.224 11.245 11.262 11.268 11.274 11.279 11.293 11.270 11.273 11.299 11.307 11.408 11.426 11.438 11.446 3.053 3.464 4.396 7.771 11.666 11.671 6.250 6.484 11.771 11.778 11.785 11.809 11.812 11.830 11.814 11.845 11.849 2.996 11.840 11.911 11.933 11.941 11.967 11.985 11.991 11.999 12.006 9.697 12.066 12.075 12.121 12.041 12.175 12.183 12.207 12.241 12.271 12.245 3.220 12.448 12.499 12.511 12.586
10.921 10.938 0.000 0.000 11.005 6.468 11.012 11.019 11.044 11.055 11.143 11.148 11.194 11.155 11.182 11.189 11.203 11.217 11.228 11.239 11.258 11.226 11.340 11.351 11.366 11.374 11.385 11.412 11.422 11.430 11.439 4.831 2.891 3.289 2.716 11.651 11.675 3.113 11.728 11.746 11.771 3.807 4.458 11.809 11.837 11.845 11.847 11.874 11.878 11.897 11.906 11.917 11.949 11.959 11.987 11.996 12.001 12.043 12.048 12.060 4.122 12.117 12.141 12.186 12.147 12.249 12.271 12.280 12.334 3.220 12.389 12.460 12.501 12.485
10.839 10.944 10.968 0.880 11.010 11.026 11.036 6.155 11.038 11.062 11.142 11.148 11.164 11.161 11.150 11.087 11.119 11.208 11.166 11.274 11.278 4.148 11.303 11.274 11.262 11.305 11.277 11.273 11.323 11.341 11.366 4.853 0.964 1.560 3.288 11.665 11.680 11.684 5.540 11.704 11.759 4.327 4.307 11.805 11.818 11.851 11.855 11.857 11.884 11.887 11.899 11.907 11.934 11.950 11.954 11.889 11.996 0.781 12.054 12.074 12.086 12.111 12.185 12.202 12.254 12.237 12.075 12.336 12.349 12.289 12.414 12.424 12.439 12.433
10.799 7.165 10.995 11.000 11.032 11.037 11.043 11.043 5.571 11.082 11.129 11.155 11.160 11.156 11.101 11.115 11.228 11.266 11.271 11.279 11.286 5.648 5.856 11.325 11.308 11.322 11.369 11.309 11.372 11.390 11.445 11.426 9.251 2.772 1.574 3.491 11.675 11.696 11.751 11.759 7.567 7.436 11.798 11.806 11.810 11.820 11.849 11.850 3.290 11.901 11.906 11.920 11.921 11.924 11.943 11.922 11.989 2.391 12.108 12.116 12.049 12.173 12.190 12.146 12.274 12.297 12.323 12.347 12.366 12.380 12.406 12.417 12.435 12.450
5.395 10.938 10.944 11.002 2.455 11.049 11.049 11.093 6.015 11.086 11.111 11.149 11.102 11.141 11.111 11.083 11.190 11.260 11.215 11.281 11.304 0.000 11.339 11.333 11.271 11.346 11.380 11.386 11.416 11.430 11.485 8.316 11.540 11.535 3.930 11.570 5.733 4.149 11.741 11.757 8.223 3.796 11.802 11.812 11.815 5.851 11.846 3.232 11.857 11.896 11.915 11.928 11.940 11.943 11.918 11.940 0.000 12.022 12.109 12.125 12.169 12.190 12.205 12.263 12.273 12.295 12.318 12.330 12.354 12.365 12.367 12.411 12.419 12.429
10.952 10.967 11.002 11.008 11.050 11.052 6.344 11.098 11.112 11.117 11.120 11.129 11.110 11.123 11.137 11.137 11.140 11.253 11.240 11.289 11.308 0.000 11.353 10.998 11.329 11.374 11.369 11.336 11.453 11.465 11.515 11.526 11.560 4.430 11.615 4.139 11.696 0.952 5.413 11.761 10.223 11.782 10.549 11.819 11.834 11.847 11.848 3.976 1.887 11.905 11.913 11.940 11.946 11.948 11.941 11.992 11.997 7.644 12.101 12.052 12.148 12.183 12.210 12.218 12.230 12.272 12.281 12.304 12.330 12.320 12.321 12.402 12.411 12.315
10.949 10.957 9.743 11.002 7.611 11.077 11.082 11.086 11.049 11.072 11.085 11.095 11.102 11.115 11.143 11.152 11.234 11.237 11.234 11.308 11.315 0.000 11.362 3.321 11.337 11.382 11.351 11.374 11.391 11.442 11.430 6.146 11.566 11.571 11.623 8.478 11.699 11.719 11.747 8.020 7.216 9.611 11.806 11.819 11.846 11.851 11.870 11.874 11.865 11.921 11.925 11.946 11.952 11.958 11.949 3.685 12.032 12.042 12.054 12.081 12.143 12.129 12.188 12.210 12.253 12.264 12.175 12.289 12.151 3.251 12.370 12.392 12.398 7.334
10.895 3.664 10.965 11.011 11.019 7.910 11.035 11.082 11.047 11.070 11.049 11.055 6.827 11.107 11.131 11.223 11.228 11.232 11.161 11.332 11.329 0.000 11.368 8.213 11.390 11.417 11.435 11.408 6.841 11.454 11.536 11.554 11.561 3.813 11.629 11.690 11.696 11.700 11.749 11.760 9.593 9.609 10.863 11.830 11.840 11.857 11.862 11.878 11.921 11.928 11.938 11.923 11.958 11.962 5.535 12.002 12.011 12.040 12.060 12.117 12.128 12.137 12.180 12.151 12.245 12.258 12.271 12.281 12.092 12.307 12.316 12.372 7.901 7.344
6.487 10.956 10.962 10.966 11.026 11.028 11.041 4.687 11.070 11.073 11.081 11.092 11.100 11.124 11.153 11.210 11.187 11.222 6.770 11.340 11.335 0.000 11.376 11.356 11.384 11.304 11.443 11.477 7.165 11.512 11.534 11.538 1.929 6.440 9.455 11.604 11.609 11.696 0.342 11.758 11.765 11.773 5.858 11.818 11.849 11.857 11.869 11.918 11.926 11.935 11.941 11.951 11.941 12.003 12.008 12.021 12.035 12.045 12.095 12.103 12.141 12.167 12.172 12.194 12.234 12.143 12.237 12.216 12.239 12.246 12.308 8.338 8.110 12.377
10.941 10.961 10.966 10.969 11.019 11.023 11.054 11.059 11.063 11.050 11.079 11.094 11.121 11.143 11.148 11.183 11.098 11.215 5.891 11.345 11.360 2.038 11.382 9.549 11.367 11.385 1.218 11.485 11.497 11.504 11.502 2.070 8.245 11.551 11.588 11.596 6.253 11.690 11.683 5.067 11.759 6.258 11.762 5.181 6.755 11.850 11.863 11.903 11.928 11.935 11.952 11.960 11.964 2.907 12.037 12.051 12.029 12.035 12.103 12.110 12.117 12.124 12.167 12.145 12.137 12.192 12.202 0.000 12.234 12.255 12.278 8.494 8.199 12.417
10.917 10.908 10.970 10.974 10.990 11.019 11.021 11.017 5.786 11.072 11.090 11.097 9.001 11.107 11.142 11.132 9.095 11.196 6.162 11.360 11.367 11.366 11.398 11.404 11.411 11.420 11.429 11.476 11.490 1.365 4.210 11.453 11.496 3.706 11.565 11.575 11.569 5.075 11.692 11.700 11.708 11.679 11.754 11.758 4.677 6.552 11.857 11.902 11.935 11.942 11.958 11.962 11.997 12.004 12.015 12.059 12.065 12.090 12.065 12.079 12.121 12.130 12.139 12.145 12.173 12.204 12.215 12.225 12.233 12.268 12.284 12.301 8.144 11.457
10.929 10.960 10.921 10.970 5.366 11.012 11.016 5.300 11.060 11.033 11.101 11.102 11.105 11.111 11.133 4.887 6.973 11.184 9.583 11.362 11.373 11.378 11.292 11.331 11.421 11.424 11.449 11.466 3.768 3.450 11.468 11.501 4.666 11.547 11.554 11.563 11.575 11.581 7.292 11.692 11.606 11.678 11.681 11.737 3.545 11.785 5.439 11.910 11.931 11.937 11.952 11.958 11.944 12.001 11.982 12.038 12.021 12.098 12.120 12.125 12.092 12.126 12.133 12.140 12.144 12.191 11.789 5.988 12.224 12.203 12.283 8.625 8.271 12.476
10.900 10.984 10.948 10.997 11.009 11.018 9.876 11.044 11.064 11.100 11.104 11.134 11.114 11.140 3.580 11.124 11.160 11.169 11.182 10.944 11.293 11.385 11.414 11.422 11.427 11.435 1.644 2.706 11.393 0.967 3.537 11.507 11.525 11.547 11.558 11.568 11.591 6.080 11.636 11.617 11.636 11.666 11.678 4.668 3.681 11.776 3.861 11.888 11.918 11.941 11.949 11.956 11.999 12.018 11.993 12.040 11.660 12.099 12.190 12.200 12.199 12.207 12.101 12.139 12.171 12.185 0.000 12.205 12.231 12.300 12.326 8.845 3.951 5.940
10.961 10.988 11.010 10.952 10.997 11.034 4.870 11.092 9.787 11.100 7.163 11.137 11.143 11.146 11.155 11.159 11.165 11.169 11.170 4.027 11.287 11.296 11.251 3.637 11.434 11.439 11.447 2.931 4.787 11.511 11.525 11.532 11.516 11.521 11.568 11.575 11.596 11.602 11.641 11.602 11.663 11.639 11.665 2.075 11.754 11.779 5.095 11.863 11.912 11.931 8.038 11.980 11.994 12.029 12.039 12.048 12.037 12.028 12.047 12.209 12.207 12.215 12.207 12.171 12.179 12.191 12.212 12.222 12.237 12.327 12.347 8.377 12.495 8.950
11.000 11.007 11.017 11.026 11.033 11.041 6.080 11.113 11.128 11.105 11.148 3.941 11.131 11.132 11.152 7.476 8.812 11.172 11.227 11.254 11.277 11.286 2.741 1.285 5.746 11.437 11.450 11.477 3.510 11.483 11.532 11.537 11.548 11.526 11.565 11.583 11.586 1.381 11.657 11.660 11.673 11.678 3.531 4.969 5.174 11.775 4.268 11.880 11.932 11.937 11.968 11.976 12.010 12.021 12.031 12.082 12.102 12.117 12.213 12.224 12.234 12.262 12.075 4.164 12.172 4.242 4.948 12.232 12.246 12.312 8.810 8.680 9.082 8.571
11.002 11.016 11.023 11.031 10.998 11.045 11.053 7.657 11.135 4.742 11.155 11.159 11.174 11.182 6.736 11.209 11.263 11.262 11.241 11.247 11.234 11.239 11.258 4.420 11.229 1.798 11.455 11.484 11.520 11.488 6.093 11.535 11.570 11.575 11.557 7.277 11.619 11.627 1.757 11.640 11.636 11.683 3.009 11.738 3.784 11.789 8.966 3.689 11.909 4.497 11.952 11.959 11.975 11.806 12.052 12.059 12.089 12.102 12.228 12.237 12.262 12.272 12.283 12.270 12.262 4.025 12.413 6.214 12.296 12.305 9.551 12.353 4.002 9.175
10.914 11.021 11.040 11.045 11.050 11.056 11.081 11.084 11.149 11.155 4.499 11.212 5.000 11.188 11.265 11.224 11.268 11.267 11.226 9.943 11.244 11.328 11.265 11.258 8.467 11.323 2.577 11.432 11.526 11.533 4.311 4.001 11.582 11.593 11.605 11.601 4.933 11.633 11.647 11.707 6.076 11.706 11.717 11.743 11.795 11.808 4.906 11.899 11.914 10.447 11.958 5.058 11.996 11.806 12.065 12.130 12.136 12.028 12.229 12.091 12.285 12.281 12.291 12.364 4.134 12.408 12.425 12.298 12.319 8.970 12.335 8.158 8.491 9.290
10.907 5.481 11.022 11.045 11.050 11.041 11.061 11.103 7.118 11.160 11.163 11.222 11.228 11.266 11.271 11.283 11.311 11.318 11.326 11.331 11.339 11.337 11.257 11.258 11.250 11.335 9.288 6.137 11.502 11.538 11.565 1.113 8.525 11.604 11.612 11.644 11.654 3.933 11.613 11.720 11.732 11.707 7.164 11.770 11.783 9.951 4.535 11.908 11.949 11.967 11.975 11.980 12.005 12.030 12.047 12.054 12.166 12.085 12.246 12.145 12.301 12.223 12.367 12.384 12.399 12.422 12.432 4.236 8.668 8.669 12.343 3.812 9.336 13.318
10.901 10.933 9.721 11.052 11.058 11.066 11.102 11.107 11.090 8.355 11.160 10.454 11.232 11.240 11.251 11.261 11.264 6.775 11.255 9.956 11.342 11.353 11.359 11.369 11.377 11.338 4.587 11.442 11.472 6.138 11.570 11.591 0.000 11.531 11.615 11.652 11.658 11.689 3.608 11.731 11.738 4.457 11.818 4.488 5.763 11.851 6.355 11.958 11.984 11.989 11.995 12.001 12.027 12.037 12.053 12.105 12.178 12.073 12.286 12.078 12.314 12.203 12.413 5.442 12.446 3.837 12.489 12.421 7.929 12.571 3.394 5.293 6.211 8.707
10.887 7.499 10.995 6.161 11.081 11.086 11.083 11.111 11.128 11.120 11.154 4.766 6.622 11.207 11.252 11.257 11.282 11.288 11.291 11.278 2.426 3.765 11.343 11.379 11.392 11.406 11.413 11.421 11.444 11.440 11.444 11.599 11.615 2.307 11.599 3.109 11.687 11.699 10.243 11.717 11.761 11.819 11.824 11.873 11.889 11.898 11.903 11.952 11.922 11.993 11.998 12.021 12.023 12.035 12.090 12.178 12.188 12.288 12.299 12.311 12.339 12.355 12.429 12.446 12.469 12.488 12.499 12.559 12.575 12.592 12.779 13.092 13.275 13.372
