includes/overflow_coast_v/floodfiles/results/res-0005.wd
ncols         631
nrows         906
xllcorner     364927.146600
yllcorner     6531972.565600
cellsize      20.000000
NODATA_value  -9999.000000
[rows 34 to 67 of 906, columns 462 to 538 of 631]
17.116 17.039 16.963 16.888 16.813 16.738 16.664 16.590 16.517 16.449 16.381 16.312 16.244 16.176 16.107 16.039 15.970 15.909 15.864 15.818 15.771 15.726 15.680 15.634 15.588 15.543 15.497 15.451 15.406 15.360 15.301 15.237 15.172 15.108 15.043 14.979 14.915 14.850 14.786 14.722 14.657 14.593 14.529 14.488 14.457 14.426 14.394 14.363 14.332 14.301 14.270 14.239 14.251 14.292 14.334 14.375 14.438 14.534 14.630 14.726 14.822 14.918 15.019 15.126 15.234 15.341 15.448 15.555 15.663 15.770 15.874 15.978 16.082 16.184 16.288 16.347 16.390
17.120 17.045 16.969 16.894 16.819 16.744 16.670 16.596 16.520 16.446 16.378 16.309 16.241 16.173 16.104 16.036 15.968 15.908 15.862 15.817 15.770 15.724 15.679 15.633 15.587 15.541 15.496 15.450 15.408 15.366 15.317 15.261 15.195 15.131 15.067 15.003 14.938 14.874 14.810 14.745 14.681 14.617 14.552 14.514 14.483 14.452 14.420 14.389 14.358 14.327 14.296 14.265 14.234 14.216 14.257 14.299 14.365 14.461 14.558 14.654 14.756 14.863 14.971 15.078 15.185 15.292 15.400 15.507 15.614 15.721 15.825 15.929 16.033 16.136 16.240 16.344 16.427
17.126 17.050 16.975 16.900 16.825 16.750 16.676 16.602 16.526 16.452 16.378 16.306 16.238 16.170 16.101 16.033 15.965 15.907 15.861 15.815 15.769 15.723 15.677 15.632 15.586 15.540 15.499 15.458 15.416 15.375 15.324 15.272 15.218 15.155 15.090 15.026 14.962 14.898 14.833 14.769 14.705 14.640 14.576 14.541 14.510 14.479 14.448 14.416 14.385 14.354 14.323 14.292 14.261 14.230 14.199 14.222 14.293 14.389 14.494 14.601 14.708 14.815 14.922 15.029 15.137 15.244 15.351 15.459 15.566 15.673 15.777 15.880 15.984 16.088 16.191 16.295 16.399
17.132 17.056 16.981 16.906 16.831 16.756 16.682 16.608 16.532 16.458 16.384 16.309 16.235 16.167 16.098 16.030 15.962 15.906 15.860 15.814 15.767 15.722 15.676 15.631 15.590 15.549 15.508 15.466 15.425 15.384 15.332 15.279 15.227 15.173 15.114 15.050 14.985 14.921 14.857 14.793 14.728 14.664 14.600 14.567 14.536 14.505 14.474 14.442 14.411 14.380 14.349 14.318 14.287 14.257 14.226 14.195 14.231 14.338 14.446 14.553 14.660 14.767 14.874 14.981 15.088 15.196 15.303 15.410 15.517 15.624 15.728 15.832 15.936 16.040 16.143 16.246 16.350
17.137 17.062 16.987 16.912 16.837 16.762 16.688 16.614 16.538 16.464 16.389 16.315 16.241 16.166 16.096 16.027 15.959 15.904 15.859 15.813 15.766 15.723 15.681 15.640 15.599 15.557 15.516 15.475 15.434 15.392 15.339 15.287 15.234 15.181 15.128 15.073 15.009 14.945 14.880 14.816 14.752 14.688 14.625 14.594 14.563 14.532 14.501 14.470 14.438 14.407 14.376 14.345 14.314 14.282 14.246 14.210 14.239 14.296 14.397 14.505 14.612 14.718 14.825 14.933 15.040 15.147 15.254 15.362 15.469 15.575 15.679 15.783 15.887 15.991 16.095 16.198 16.301
17.143 17.068 16.993 16.918 16.843 16.768 16.694 16.619 16.544 16.470 16.395 16.321 16.247 16.172 16.098 16.024 15.956 15.903 15.857 15.815 15.773 15.731 15.690 15.649 15.607 15.566 15.525 15.484 15.442 15.400 15.347 15.294 15.242 15.188 15.136 15.083 15.030 14.968 14.904 14.840 14.776 14.711 14.651 14.620 14.589 14.558 14.527 14.496 14.464 14.433 14.402 14.369 14.333 14.297 14.262 14.226 14.262 14.320 14.377 14.456 14.563 14.670 14.777 14.884 14.992 15.099 15.206 15.313 15.421 15.527 15.631 15.735 15.838 15.942 16.046 16.150 16.253
17.149 17.074 16.999 16.924 16.848 16.774 16.700 16.625 16.550 16.476 16.401 16.327 16.253 16.178 16.104 16.030 15.955 15.906 15.865 15.823 15.781 15.740 15.699 15.657 15.616 15.575 15.533 15.492 15.451 15.407 15.354 15.302 15.249 15.197 15.143 15.090 15.038 14.985 14.928 14.863 14.799 14.735 14.678 14.647 14.616 14.585 14.554 14.523 14.491 14.456 14.420 14.385 14.349 14.313 14.278 14.242 14.286 14.343 14.401 14.459 14.516 14.622 14.729 14.836 14.943 15.050 15.158 15.265 15.372 15.478 15.582 15.686 15.790 15.894 15.997 16.101 16.204
17.155 17.080 17.005 16.930 16.854 16.780 16.706 16.631 16.556 16.482 16.407 16.333 16.259 16.184 16.110 16.034 15.958 15.913 15.873 15.832 15.790 15.748 15.707 15.666 15.625 15.583 15.542 15.501 15.459 15.414 15.362 15.309 15.257 15.204 15.151 15.098 15.045 14.993 14.940 14.887 14.823 14.758 14.704 14.673 14.642 14.611 14.579 14.544 14.508 14.472 14.436 14.400 14.365 14.329 14.293 14.258 14.309 14.367 14.424 14.482 14.540 14.597 14.680 14.788 14.895 15.002 15.109 15.217 15.324 15.430 15.533 15.637 15.741 15.845 15.949 16.053 16.157
17.161 17.086 17.011 16.935 16.860 16.786 16.712 16.637 16.562 16.488 16.413 16.339 16.264 16.188 16.112 16.037 15.961 15.919 15.880 15.840 15.799 15.757 15.716 15.675 15.633 15.592 15.551 15.509 15.468 15.422 15.369 15.317 15.264 15.212 15.158 15.105 15.053 15.000 14.948 14.895 14.842 14.782 14.731 14.700 14.667 14.631 14.595 14.560 14.524 14.487 14.452 14.416 14.380 14.345 14.309 14.275 14.332 14.390 14.448 14.506 14.563 14.621 14.679 14.739 14.846 14.954 15.061 15.168 15.275 15.381 15.485 15.589 15.692 15.796 15.900 16.004 16.108
17.167 17.092 17.017 16.941 16.866 16.792 16.718 16.643 16.568 16.494 16.419 16.343 16.267 16.191 16.115 16.039 15.964 15.925 15.886 15.846 15.807 15.766 15.724 15.683 15.642 15.601 15.559 15.518 15.477 15.429 15.377 15.324 15.272 15.219 15.166 15.113 15.060 15.008 14.955 14.903 14.850 14.797 14.754 14.718 14.682 14.647 14.611 14.575 14.540 14.503 14.468 14.432 14.396 14.361 14.325 14.298 14.356 14.414 14.471 14.529 14.587 14.644 14.702 14.759 14.816 14.905 15.013 15.120 15.227 15.332 15.436 15.540 15.644 15.748 15.852 15.962 16.072
17.152 17.098 17.022 16.947 16.872 16.798 16.724 16.649 16.573 16.497 16.421 16.345 16.269 16.194 16.118 16.042 15.970 15.931 15.892 15.852 15.813 15.773 15.733 15.692 15.650 15.609 15.568 15.527 15.485 15.437 15.384 15.332 15.279 15.227 15.174 15.120 15.068 15.015 14.963 14.911 14.863 14.815 14.773 14.734 14.698 14.662 14.627 14.591 14.556 14.520 14.483 14.448 14.412 14.376 14.341 14.322 14.379 14.437 14.495 14.552 14.610 14.668 14.725 14.783 14.840 14.898 14.964 15.071 15.179 15.284 15.387 15.491 15.596 15.707 15.817 15.927 16.037
17.122 17.071 17.021 16.953 16.878 16.804 16.728 16.652 16.576 16.500 16.424 16.348 16.272 16.196 16.120 16.044 15.976 15.937 15.898 15.858 15.819 15.778 15.739 15.700 15.659 15.618 15.577 15.535 15.494 15.444 15.392 15.339 15.287 15.234 15.181 15.128 15.075 15.026 14.978 14.930 14.882 14.834 14.793 14.754 14.715 14.678 14.643 14.607 14.571 14.536 14.499 14.463 14.428 14.392 14.357 14.345 14.403 14.460 14.518 14.576 14.634 14.691 14.749 14.807 14.863 14.921 14.979 15.036 15.130 15.235 15.341 15.451 15.562 15.672 15.782 15.892 16.002
17.091 17.041 16.990 16.940 16.883 16.807 16.731 16.655 16.578 16.502 16.426 16.351 16.275 16.199 16.123 16.047 15.982 15.943 15.904 15.864 15.825 15.784 15.745 15.706 15.666 15.626 15.585 15.544 15.503 15.452 15.399 15.347 15.294 15.242 15.190 15.141 15.093 15.045 14.997 14.949 14.901 14.853 14.813 14.774 14.735 14.696 14.658 14.623 14.587 14.552 14.515 14.479 14.444 14.408 14.372 14.369 14.426 14.484 14.542 14.599 14.657 14.715 14.772 14.830 14.888 14.944 15.002 15.060 15.094 15.196 15.306 15.417 15.527 15.637 15.747 15.857 15.968
17.060 17.012 16.969 16.926 16.870 16.806 16.734 16.658 16.581 16.505 16.429 16.353 16.277 16.201 16.126 16.050 15.988 15.949 15.910 15.870 15.831 15.790 15.751 15.712 15.672 15.633 15.594 15.552 15.511 15.459 15.407 15.354 15.305 15.257 15.209 15.161 15.112 15.064 15.016 14.967 14.919 14.871 14.833 14.794 14.755 14.716 14.677 14.639 14.603 14.567 14.532 14.495 14.459 14.424 14.388 14.392 14.450 14.507 14.565 14.623 14.680 14.738 14.796 14.854 14.911 14.968 14.998 15.011 15.024 15.136 15.266 15.382 15.492 15.602 15.713 15.823 15.933
17.040 16.997 16.954 16.911 16.854 16.791 16.727 16.660 16.583 16.508 16.432 16.356 16.280 16.204 16.128 16.052 15.994 15.955 15.916 15.876 15.837 15.796 15.757 15.718 15.678 15.639 15.600 15.560 15.519 15.468 15.420 15.372 15.324 15.276 15.228 15.180 15.131 15.082 15.034 14.986 14.938 14.891 14.853 14.814 14.775 14.736 14.697 14.659 14.620 14.583 14.547 14.511 14.475 14.440 14.404 14.415 14.473 14.531 14.589 14.646 14.704 14.762 14.819 14.877 14.903 14.916 14.928 14.942 14.955 15.070 15.201 15.331 15.457 15.568 15.678 15.788 15.898
17.026 16.983 16.940 16.897 16.838 16.775 16.712 16.648 16.584 16.510 16.434 16.359 16.283 16.207 16.131 16.055 16.000 15.961 15.922 15.882 15.843 15.803 15.763 15.724 15.684 15.645 15.605 15.562 15.520 15.487 15.439 15.391 15.343 15.295 15.246 15.198 15.149 15.101 15.053 15.005 14.957 14.911 14.873 14.834 14.795 14.756 14.717 14.679 14.640 14.601 14.563 14.528 14.491 14.455 14.420 14.439 14.497 14.554 14.612 14.670 14.727 14.785 14.806 14.820 14.833 14.847 14.859 14.872 14.886 15.005 15.135 15.265 15.396 15.526 15.643 15.753 15.863
17.012 16.969 16.926 16.883 16.822 16.759 16.696 16.632 16.568 16.505 16.437 16.361 16.285 16.209 16.134 16.058 16.006 15.967 15.928 15.888 15.849 15.809 15.769 15.730 15.689 15.645 15.600 15.555 15.515 15.486 15.457 15.409 15.361 15.313 15.265 15.217 15.169 15.120 15.072 15.024 14.976 14.931 14.893 14.854 14.815 14.776 14.737 14.699 14.660 14.621 14.582 14.543 14.507 14.471 14.435 14.462 14.520 14.578 14.635 14.693 14.710 14.724 14.737 14.751 14.764 14.777 14.791 14.803 14.816 14.939 15.069 15.200 15.330 15.460 15.591 15.718 15.829
16.998 16.955 16.912 16.869 16.806 16.743 16.680 16.617 16.552 16.489 16.426 16.363 16.288 16.212 16.136 16.060 16.012 15.973 15.934 15.894 15.855 15.815 15.772 15.727 15.682 15.638 15.593 15.548 15.510 15.482 15.453 15.424 15.380 15.332 15.284 15.236 15.188 15.139 15.091 15.042 14.994 14.951 14.913 14.874 14.835 14.796 14.757 14.719 14.680 14.641 14.602 14.563 14.524 14.487 14.451 14.486 14.543 14.601 14.614 14.628 14.641 14.655 14.668 14.681 14.695 14.708 14.721 14.734 14.747 14.874 15.004 15.134 15.264 15.395 15.525 15.655 15.786
16.984 16.941 16.898 16.854 16.791 16.727 16.664 16.601 16.537 16.473 16.410 16.347 16.284 16.215 16.139 16.063 16.018 15.979 15.939 15.900 15.855 15.811 15.765 15.720 15.675 15.630 15.586 15.541 15.506 15.477 15.448 15.419 15.390 15.351 15.303 15.255 15.206 15.157 15.109 15.061 15.013 14.971 14.933 14.894 14.855 14.816 14.777 14.739 14.700 14.661 14.622 14.583 14.545 14.505 14.467 14.505 14.518 14.532 14.545 14.558 14.572 14.585 14.599 14.612 14.625 14.639 14.652 14.665 14.678 14.808 14.938 15.069 15.199 15.329 15.459 15.590 15.720
16.969 16.926 16.883 16.838 16.775 16.712 16.648 16.585 16.521 16.458 16.394 16.331 16.268 16.205 16.141 16.066 16.024 15.983 15.938 15.893 15.848 15.804 15.758 15.713 15.668 15.623 15.579 15.534 15.501 15.472 15.443 15.414 15.385 15.356 15.321 15.273 15.225 15.177 15.128 15.080 15.032 14.991 14.952 14.914 14.875 14.836 14.797 14.759 14.720 14.681 14.642 14.603 14.565 14.522 14.480 14.442 14.449 14.462 14.476 14.489 14.503 14.516 14.529 14.543 14.556 14.569 14.583 14.596 14.612 14.742 14.873 15.003 15.133 15.264 15.394 15.524 15.654
16.955 16.912 16.869 16.822 16.759 16.696 16.632 16.569 16.505 16.442 16.378 16.315 16.252 16.189 16.126 16.066 16.020 15.976 15.931 15.886 15.841 15.796 15.752 15.706 15.661 15.616 15.571 15.527 15.496 15.467 15.438 15.409 15.381 15.352 15.323 15.292 15.244 15.196 15.147 15.099 15.051 15.011 14.972 14.934 14.895 14.856 14.817 14.778 14.740 14.701 14.661 14.618 14.576 14.532 14.489 14.452 14.415 14.393 14.406 14.420 14.433 14.447 14.460 14.473 14.487 14.500 14.513 14.527 14.548 14.677 14.807 14.937 15.068 15.198 15.328 15.459 15.589
16.941 16.898 16.855 16.806 16.743 16.680 16.617 16.553 16.489 16.426 16.363 16.299 16.236 16.177 16.118 16.060 16.014 15.969 15.924 15.879 15.834 15.789 15.745 15.699 15.654 15.609 15.564 15.520 15.491 15.463 15.434 15.405 15.376 15.347 15.318 15.289 15.260 15.215 15.167 15.117 15.070 15.031 14.992 14.954 14.915 14.876 14.837 14.798 14.756 14.713 14.670 14.628 14.585 14.542 14.499 14.462 14.425 14.387 14.350 14.351 14.364 14.377 14.391 14.404 14.417 14.431 14.444 14.458 14.482 14.611 14.742 14.872 15.002 15.132 15.263 15.393 15.523
16.927 16.884 16.841 16.791 16.727 16.664 16.601 16.538 16.473 16.410 16.347 16.288 16.229 16.170 16.111 16.055 16.009 15.963 15.917 15.872 15.827 15.782 15.737 15.692 15.647 15.602 15.557 15.516 15.487 15.458 15.429 15.400 15.371 15.342 15.313 15.284 15.255 15.226 15.185 15.136 15.090 15.051 15.012 14.974 14.935 14.894 14.851 14.808 14.765 14.723 14.680 14.637 14.594 14.552 14.509 14.472 14.434 14.397 14.360 14.323 14.295 14.308 14.321 14.335 14.348 14.362 14.375 14.388 14.416 14.547 14.676 14.806 14.937 15.067 15.197 15.328 15.458
16.913 16.870 16.827 16.775 16.711 16.648 16.585 16.522 16.458 16.399 16.340 16.281 16.222 16.163 16.105 16.049 16.003 15.957 15.911 15.865 15.820 15.775 15.730 15.684 15.640 15.595 15.550 15.511 15.482 15.453 15.424 15.395 15.366 15.337 15.308 15.280 15.251 15.222 15.193 15.155 15.110 15.071 15.031 14.988 14.946 14.903 14.860 14.817 14.775 14.732 14.689 14.646 14.604 14.561 14.520 14.482 14.444 14.407 14.370 14.333 14.295 14.258 14.252 14.265 14.279 14.292 14.306 14.319 14.351 14.481 14.611 14.741 14.871 15.001 15.132 15.262 15.393
16.896 16.856 16.813 16.759 16.696 16.632 16.570 16.511 16.451 16.393 16.334 16.275 16.216 16.157 16.098 16.043 15.997 15.952 15.906 15.860 15.814 15.768 15.723 15.677 15.633 15.588 15.543 15.506 15.477 15.448 15.419 15.390 15.362 15.333 15.304 15.275 15.246 15.217 15.188 15.158 15.126 15.083 15.040 14.998 14.955 14.912 14.869 14.827 14.784 14.741 14.698 14.656 14.613 14.570 14.530 14.491 14.454 14.417 14.380 14.342 14.305 14.268 14.231 14.196 14.210 14.223 14.236 14.250 14.285 14.416 14.546 14.675 14.805 14.936 15.067 15.198 15.330
16.700 16.783 16.798 16.743 16.681 16.623 16.564 16.505 16.445 16.386 16.327 16.268 16.209 16.150 16.091 16.038 15.992 15.946 15.900 15.854 15.808 15.762 15.716 15.670 15.625 15.581 15.536 15.501 15.472 15.444 15.415 15.386 15.357 15.328 15.299 15.270 15.240 15.210 15.180 15.150 15.122 15.093 15.050 15.007 14.964 14.922 14.879 14.836 14.793 14.751 14.708 14.665 14.622 14.580 14.540 14.502 14.464 14.427 14.390 14.352 14.315 14.278 14.241 14.203 14.166 14.154 14.167 14.180 14.220 14.350 14.480 14.611 14.741 14.872 15.004 15.135 15.267
16.505 16.587 16.701 16.734 16.675 16.616 16.557 16.498 16.438 16.379 16.321 16.262 16.203 16.144 16.085 16.032 15.986 15.940 15.894 15.848 15.803 15.757 15.711 15.665 15.618 15.574 15.529 15.497 15.468 15.439 15.410 15.381 15.352 15.322 15.292 15.262 15.232 15.202 15.172 15.142 15.114 15.088 15.059 15.016 14.974 14.931 14.888 14.845 14.803 14.760 14.717 14.674 14.632 14.589 14.549 14.512 14.474 14.437 14.399 14.362 14.325 14.288 14.250 14.213 14.176 14.139 14.101 14.111 14.154 14.284 14.415 14.547 14.677 14.809 14.940 15.072 15.203
16.348 16.495 16.642 16.671 16.647 16.609 16.551 16.492 16.432 16.373 16.314 16.255 16.196 16.137 16.078 16.027 15.981 15.935 15.889 15.843 15.797 15.751 15.705 15.659 15.612 15.566 15.522 15.492 15.463 15.433 15.403 15.373 15.343 15.313 15.283 15.253 15.223 15.193 15.163 15.134 15.108 15.080 15.054 15.026 14.983 14.940 14.897 14.855 14.812 14.769 14.726 14.684 14.641 14.598 14.559 14.522 14.484 14.447 14.409 14.372 14.335 14.298 14.260 14.223 14.186 14.149 14.111 14.074 14.089 14.220 14.352 14.483 14.615 14.745 14.877 15.008 15.140
16.290 16.437 16.584 16.607 16.584 16.560 16.536 16.485 16.425 16.366 16.307 16.248 16.190 16.131 16.072 16.021 15.975 15.929 15.883 15.837 15.791 15.745 15.700 15.654 15.607 15.561 15.517 15.485 15.455 15.425 15.395 15.365 15.335 15.305 15.275 15.244 15.214 15.184 15.154 15.127 15.100 15.073 15.046 15.020 14.992 14.950 14.907 14.864 14.821 14.779 14.736 14.693 14.650 14.608 14.569 14.532 14.495 14.456 14.419 14.382 14.345 14.307 14.270 14.233 14.196 14.158 14.121 14.080 14.065 14.172 14.288 14.420 14.552 14.683 14.814 14.945 15.077
16.231 16.378 16.525 16.544 16.520 16.496 16.473 16.449 16.419 16.360 16.301 16.242 16.183 16.124 16.065 16.015 15.969 15.924 15.878 15.832 15.786 15.740 15.694 15.648 15.603 15.560 15.517 15.478 15.446 15.416 15.386 15.356 15.326 15.296 15.266 15.236 15.206 15.176 15.146 15.119 15.093 15.065 15.039 15.012 14.986 14.959 14.916 14.873 14.831 14.788 14.745 14.702 14.660 14.617 14.579 14.542 14.505 14.467 14.429 14.392 14.355 14.317 14.280 14.243 14.206 14.165 14.123 14.081 14.050 14.158 14.265 14.372 14.488 14.620 14.750 14.882 15.013
16.172 16.319 16.466 16.480 16.456 16.433 16.409 16.386 16.361 16.337 16.294 16.235 16.176 16.118 16.059 16.010 15.964 15.918 15.872 15.826 15.780 15.735 15.691 15.648 15.603 15.560 15.518 15.478 15.439 15.407 15.377 15.347 15.317 15.287 15.257 15.227 15.197 15.167 15.138 15.112 15.085 15.059 15.031 15.005 14.978 14.951 14.925 14.883 14.840 14.797 14.754 14.712 14.669 14.626 14.589 14.552 14.514 14.477 14.439 14.402 14.364 14.327 14.290 14.251 14.209 14.167 14.125 14.083 14.040 14.143 14.250 14.358 14.465 14.572 14.688 14.818 14.950
16.113 16.260 16.407 16.417 16.393 16.369 16.346 16.322 16.297 16.274 16.250 16.227 16.170 16.111 16.052 16.004 15.958 15.912 15.866 15.822 15.778 15.735 15.691 15.648 15.604 15.559 15.519 15.479 15.439 15.400 15.369 15.339 15.309 15.279 15.248 15.218 15.188 15.158 15.130 15.104 15.077 15.051 15.023 14.997 14.970 14.944 14.917 14.891 14.849 14.807 14.764 14.721 14.678 14.636 14.599 14.562 14.524 14.487 14.449 14.412 14.374 14.337 14.295 14.253 14.211 14.168 14.126 14.084 14.042 14.129 14.236 14.343 14.450 14.558 14.665 14.772 14.886
16.054 16.201 16.348 16.353 16.329 16.306 16.282 16.258 16.234 16.210 16.187 16.163 16.139 16.104 16.046 15.999 15.953 15.909 15.866 15.822 15.778 15.735 15.691 15.647 15.604 15.559 15.519 15.480 15.440 15.400 15.361 15.330 15.300 15.270 15.240 15.210 15.180 15.150 15.123 15.096 15.070 15.043 15.016 14.989 14.963 14.936 14.910 14.883 14.857 14.816 14.773 14.730 14.688 14.646 14.609 14.571 14.534 14.497 14.460 14.421 14.381 14.339 14.297 14.254 14.212 14.170 14.128 14.086 14.043 14.114 14.221 14.329 14.436 14.543 14.650 14.758 14.865
15.996 16.143 16.290 16.289 16.266 16.242 16.219 16.195 16.170 16.147 16.123 16.099 16.076 16.052 16.036 15.996 15.953 15.909 15.865 15.822 15.778 15.735 15.691 15.647 15.604 15.560 15.520 15.480 15.441 15.401 15.361 15.322 15.291 15.261 15.231 15.201 15.171 15.142 15.115 15.089 15.062 15.036 15.008 14.982 14.955 14.929 14.902 14.876 14.849 14.823 14.782 14.740 14.697 14.656 14.619 14.581 14.544 14.507 14.468 14.425 14.382 14.340 14.298 14.256 14.214 14.171 14.129 14.087 14.045 14.099 14.207 14.314 14.421 14.529 14.636 14.743 14.851
