includes/overflow_coast_v/floodfiles/results/res-0004.wd
ncols         631
nrows         906
xllcorner     364927.146600
yllcorner     6531972.565600
cellsize      20.000000
NODATA_value  -9999.000000
[rows 408 to 441 of 906, columns 462 to 538 of 631]
0.000 0.000 0.000 0.000 0.000 0.000 0.000 0.000 0.000 0.000 2.594 2.854 2.753 2.733 2.923 2.893 2.892 3.022 2.962 3.492 3.152 3.222 3.212 3.173 3.133 3.273 3.293 3.293 3.463 3.484 3.444 3.504 3.444 3.464 3.435 3.415 3.465 3.981 4.011 4.037 4.062 4.088 4.114 4.140 4.166 4.192 4.218 4.243 4.269 4.295 4.321 4.347 4.373 4.399 4.426 4.453 4.479 4.506 4.533 4.548 4.558 4.569 4.579 4.589 4.600 4.610 4.620 4.631 4.641 4.651 4.673 4.706 4.738 4.771 4.803 4.836 4.856
0.000 0.000 0.000 0.000 0.000 0.000 0.000 0.000 0.000 0.000 2.644 2.754 2.784 2.923 2.743 2.873 2.893 3.003 3.043 2.923 2.913 3.443 3.483 3.263 3.363 3.383 3.273 3.243 3.453 3.354 3.749 3.534 3.815 3.534 3.415 3.465 3.948 3.982 3.536 4.037 4.062 4.088 4.114 4.140 4.166 4.192 4.217 4.243 4.269 4.295 4.321 4.347 4.373 4.399 4.426 4.452 4.479 4.505 4.527 4.537 4.548 4.558 4.568 4.579 4.589 4.599 4.610 4.620 4.631 4.641 4.651 4.682 4.714 4.747 4.780 4.810 4.821
0.000 0.000 0.000 0.000 0.000 0.000 0.000 0.000 0.000 2.415 2.495 2.744 2.624 2.734 2.733 2.883 2.923 3.043 3.053 2.963 3.103 3.013 3.133 3.143 3.193 3.203 3.343 3.313 3.273 3.454 3.364 3.424 3.494 3.843 3.876 3.495 3.485 3.980 4.012 4.038 4.063 4.089 4.114 4.140 4.166 4.192 4.217 4.243 4.269 4.295 4.321 4.347 4.373 4.398 4.425 4.452 4.478 4.505 4.516 4.527 4.537 4.547 4.558 4.568 4.579 4.589 4.599 4.610 4.620 4.630 4.641 4.658 4.691 4.723 4.756 4.774 4.785
0.000 0.000 0.000 0.000 0.000 0.000 0.000 0.000 0.000 2.555 2.635 2.645 2.724 2.704 2.764 2.834 2.883 2.883 2.943 3.003 2.963 2.993 3.173 3.143 3.213 3.183 3.343 3.303 3.354 3.454 3.474 3.524 3.805 3.838 3.535 3.905 3.940 3.466 4.013 4.039 4.064 4.090 4.115 4.141 4.166 4.192 4.217 4.243 4.269 4.295 4.321 4.347 4.372 4.398 4.425 4.451 4.478 4.495 4.506 4.516 4.526 4.537 4.547 4.558 4.568 4.578 4.589 4.599 4.609 4.620 4.630 4.640 4.667 4.699 4.728 4.739 4.750
0.000 0.000 0.000 0.000 0.000 0.000 0.000 0.000 0.000 2.575 2.605 2.595 2.634 2.834 2.704 2.824 2.884 2.974 3.024 3.153 2.993 3.153 3.213 3.233 3.183 3.333 3.343 3.314 3.334 3.324 3.424 3.767 3.514 3.505 3.525 3.385 3.495 3.975 3.516 4.040 4.065 4.091 4.116 4.142 4.167 4.193 4.218 4.244 4.269 4.295 4.321 4.347 4.372 4.398 4.424 4.451 4.474 4.485 4.495 4.506 4.516 4.526 4.537 4.547 4.557 4.568 4.578 4.588 4.599 4.609 4.620 4.630 4.643 4.676 4.692 4.703 4.714
0.000 0.000 0.000 0.000 0.000 0.000 0.000 0.000 2.415 2.545 2.335 2.685 2.795 2.754 2.724 2.884 2.974 2.834 2.984 3.074 3.014 3.104 3.184 3.273 3.283 3.264 3.274 3.314 3.334 3.324 3.514 3.762 3.434 3.445 3.862 3.495 3.935 3.526 3.516 4.041 4.067 4.092 4.117 4.143 4.168 4.194 4.219 4.245 4.270 4.296 4.321 4.346 4.372 4.398 4.424 4.450 4.464 4.474 4.485 4.495 4.505 4.516 4.526 4.537 4.547 4.557 4.568 4.578 4.588 4.599 4.609 4.619 4.630 4.646 4.657 4.668 4.678
0.000 0.000 0.000 0.000 0.000 0.000 0.000 0.000 2.395 2.535 2.655 2.585 2.755 2.735 2.885 2.854 2.764 2.944 2.934 3.054 3.054 3.174 3.104 3.224 3.254 3.284 3.234 3.254 3.354 3.334 3.454 3.394 3.790 3.485 3.859 3.896 3.933 3.516 3.536 4.042 4.068 4.093 4.119 4.144 4.169 4.195 4.220 4.246 4.271 4.297 4.322 4.348 4.373 4.398 4.424 4.443 4.453 4.464 4.474 4.485 4.496 4.506 4.517 4.528 4.539 4.549 4.560 4.571 4.581 4.592 4.603 4.613 4.624 4.663 4.681 4.694 4.707
0.000 0.000 0.000 0.000 0.000 0.000 0.000 0.000 2.295 2.455 2.465 2.565 2.635 2.695 2.735 2.885 2.885 2.944 2.924 2.934 3.134 3.084 3.224 3.194 3.154 3.244 3.324 3.274 3.244 3.304 3.394 3.374 3.455 3.365 3.505 3.894 3.930 3.967 3.536 4.041 4.069 4.094 4.120 4.145 4.171 4.196 4.221 4.247 4.272 4.298 4.323 4.349 4.374 4.399 4.417 4.436 4.449 4.460 4.470 4.481 4.492 4.502 4.513 4.524 4.535 4.545 4.556 4.567 4.577 4.588 4.599 4.609 4.624 4.674 4.719 4.732 4.745
0.000 0.000 0.000 0.000 0.000 0.000 0.000 0.000 0.000 2.335 2.715 2.545 2.725 2.715 2.775 2.695 2.835 2.895 3.014 2.994 2.974 3.054 3.144 3.134 3.204 3.334 3.264 3.294 3.364 3.364 3.354 3.485 3.781 3.818 3.854 3.891 3.928 3.965 3.516 4.038 4.070 4.095 4.121 4.146 4.172 4.197 4.223 4.248 4.273 4.299 4.324 4.350 4.371 4.388 4.405 4.424 4.444 4.456 4.466 4.477 4.488 4.499 4.509 4.520 4.531 4.541 4.552 4.563 4.573 4.584 4.595 4.605 4.636 4.686 4.737 4.771 4.784
0.000 0.000 0.000 0.000 0.000 0.000 0.000 0.000 0.000 2.305 2.555 2.645 2.735 2.695 2.785 2.775 2.865 2.865 2.955 3.135 3.064 3.244 3.254 3.144 3.304 3.204 3.284 3.334 3.354 3.364 3.334 3.305 3.395 3.475 3.505 3.889 3.496 3.962 3.999 4.036 4.071 4.097 4.122 4.148 4.173 4.198 4.224 4.249 4.275 4.300 4.325 4.342 4.359 4.376 4.393 4.412 4.432 4.452 4.463 4.473 4.484 4.495 4.505 4.516 4.527 4.537 4.548 4.559 4.569 4.580 4.591 4.601 4.647 4.698 4.748 4.799 4.822
0.000 0.000 0.000 0.000 0.000 0.000 0.000 0.000 0.000 2.335 2.515 2.545 2.735 2.645 2.735 2.725 2.735 2.905 2.965 2.955 3.034 3.044 3.034 3.184 3.134 3.164 3.264 3.314 3.254 3.304 3.464 3.355 3.485 3.455 3.525 3.396 3.923 3.960 3.997 4.034 4.070 4.098 4.123 4.149 4.174 4.200 4.225 4.250 4.276 4.295 4.312 4.329 4.346 4.363 4.381 4.401 4.420 4.440 4.459 4.469 4.480 4.491 4.501 4.512 4.523 4.533 4.544 4.555 4.565 4.576 4.587 4.609 4.659 4.709 4.760 4.810 4.860
0.000 0.000 0.000 0.000 0.000 0.000 0.000 0.000 0.000 0.000 2.575 2.565 2.695 2.595 2.845 2.835 2.755 2.815 2.915 2.995 3.045 3.064 3.184 3.174 3.204 3.204 3.254 3.324 3.364 3.374 3.465 3.335 3.375 3.505 3.455 3.406 3.921 3.957 3.994 3.517 3.537 4.099 4.125 4.150 4.175 4.201 4.226 4.249 4.266 4.283 4.300 4.317 4.334 4.351 4.369 4.389 4.408 4.428 4.448 4.465 4.476 4.487 4.497 4.508 4.519 4.529 4.540 4.551 4.561 4.572 4.583 4.620 4.671 4.721 4.772 4.822 4.872
0.000 0.000 0.000 0.000 0.000 0.000 0.000 0.000 0.000 0.000 2.625 2.565 2.575 2.575 2.795 2.815 2.775 2.815 2.905 2.885 2.905 3.025 3.124 3.144 3.164 3.234 3.284 3.284 3.304 3.284 3.385 3.395 3.455 3.535 3.475 3.881 3.918 3.955 3.992 4.029 4.065 3.537 4.126 4.151 4.177 4.202 4.220 4.237 4.254 4.271 4.288 4.305 4.322 4.339 4.357 4.377 4.397 4.416 4.436 4.456 4.472 4.483 4.493 4.504 4.515 4.525 4.536 4.547 4.557 4.568 4.582 4.632 4.682 4.733 4.783 4.834 4.884
0.000 0.000 0.000 0.000 0.000 0.000 0.000 0.000 0.000 0.000 2.536 2.656 2.486 2.556 2.635 2.745 2.855 2.825 2.915 2.955 2.925 3.145 3.075 2.974 3.124 3.214 3.244 3.294 3.314 3.335 3.295 3.385 3.355 3.505 3.842 3.526 3.916 3.952 3.989 4.026 4.063 4.100 4.127 4.152 4.173 4.190 4.207 4.224 4.241 4.258 4.275 4.292 4.309 4.326 4.345 4.365 4.385 4.405 4.424 4.444 4.464 4.479 4.490 4.500 4.511 4.521 4.532 4.543 4.553 4.564 4.593 4.644 4.694 4.745 4.795 4.845 4.896
0.000 0.000 0.000 0.000 0.000 0.000 0.000 0.000 0.000 0.000 0.000 2.675 2.606 2.536 2.616 2.745 2.865 2.845 2.835 2.915 3.005 2.985 3.025 3.185 3.244 3.224 3.204 3.304 3.445 3.375 3.295 3.465 3.465 3.445 3.435 3.486 3.913 3.486 3.527 4.024 4.060 4.097 4.127 4.144 4.161 4.178 4.195 4.212 4.229 4.246 4.263 4.280 4.297 4.314 4.333 4.353 4.373 4.393 4.412 4.432 4.452 4.472 4.486 4.496 4.507 4.518 4.528 4.539 4.549 4.560 4.605 4.655 4.706 4.756 4.807 4.857 4.907
0.000 0.000 0.000 0.000 0.000 0.000 0.000 0.000 0.000 0.000 0.000 2.475 2.736 2.516 2.705 2.795 2.815 2.905 2.875 2.855 2.835 2.965 3.005 3.115 3.195 3.155 3.235 3.255 3.375 3.355 3.295 3.425 3.395 3.415 3.836 3.873 3.496 3.436 3.517 4.020 4.057 4.094 4.115 4.132 4.149 4.166 4.183 4.200 4.217 4.234 4.251 4.268 4.285 4.302 4.321 4.341 4.361 4.381 4.401 4.420 4.440 4.460 4.480 4.492 4.503 4.514 4.524 4.535 4.545 4.566 4.617 4.667 4.718 4.768 4.818 4.869 4.919
0.000 0.000 0.000 0.000 0.000 0.000 0.000 0.000 0.000 0.000 0.000 0.000 2.555 2.585 2.605 2.735 2.785 2.885 2.845 2.855 2.965 2.955 3.015 3.125 3.205 3.045 3.255 3.125 3.255 3.325 3.325 3.385 3.365 3.385 3.495 3.870 3.526 3.943 3.387 3.507 4.054 4.088 4.104 4.120 4.136 4.153 4.170 4.187 4.204 4.221 4.238 4.255 4.272 4.289 4.309 4.329 4.349 4.369 4.389 4.408 4.428 4.448 4.468 4.488 4.499 4.510 4.520 4.531 4.541 4.578 4.628 4.679 4.729 4.780 4.830 4.880 4.931
0.000 0.000 0.000 0.000 0.000 0.000 0.000 0.000 0.000 0.000 0.000 0.000 2.426 2.636 2.595 2.685 2.755 2.845 2.925 2.815 2.865 2.965 3.015 2.995 3.085 3.105 3.165 3.285 3.345 3.285 3.305 3.305 3.425 3.385 3.435 3.866 3.903 3.940 3.977 4.014 4.051 4.076 4.092 4.109 4.125 4.141 4.158 4.175 4.192 4.209 4.226 4.243 4.260 4.278 4.297 4.317 4.337 4.357 4.377 4.397 4.416 4.436 4.456 4.476 4.495 4.506 4.516 4.527 4.539 4.590 4.640 4.690 4.741 4.791 4.842 4.892 4.942
0.000 0.000 0.000 0.000 0.000 0.000 0.000 0.000 0.000 0.000 0.000 0.000 0.000 2.495 2.596 2.605 2.705 2.775 2.925 3.005 2.925 2.895 2.975 3.055 3.235 3.115 3.145 3.185 3.275 3.255 3.455 3.385 3.385 3.495 3.425 3.486 3.486 3.937 3.974 4.011 4.048 4.065 4.081 4.097 4.113 4.129 4.146 4.163 4.180 4.197 4.214 4.230 4.247 4.266 4.285 4.305 4.325 4.345 4.365 4.385 4.404 4.424 4.444 4.464 4.483 4.502 4.512 4.523 4.551 4.601 4.652 4.702 4.753 4.803 4.853 4.904 4.954
0.000 0.000 0.000 0.000 0.000 0.000 0.000 0.000 0.000 0.000 0.000 0.000 0.000 2.415 2.605 2.565 2.625 2.815 2.785 2.995 2.855 3.025 2.935 3.075 3.165 3.205 3.235 3.235 3.265 3.425 3.465 3.355 3.515 3.375 3.405 3.436 3.897 3.526 3.971 4.007 4.038 4.054 4.070 4.086 4.102 4.118 4.134 4.150 4.167 4.184 4.201 4.218 4.235 4.254 4.274 4.293 4.313 4.333 4.353 4.373 4.392 4.412 4.432 4.452 4.472 4.491 4.508 4.519 4.563 4.613 4.664 4.714 4.764 4.815 4.865 4.915 4.965
0.000 0.000 0.000 0.000 0.000 0.000 0.000 0.000 0.000 0.000 0.000 0.000 0.000 0.000 2.655 2.525 2.686 2.716 2.846 2.905 2.995 2.985 3.055 2.975 3.075 3.075 3.255 3.175 3.245 3.255 3.305 3.295 3.325 3.405 3.505 3.416 3.496 3.376 3.967 4.004 4.026 4.042 4.058 4.075 4.091 4.107 4.122 4.139 4.155 4.172 4.189 4.206 4.223 4.242 4.262 4.281 4.301 4.321 4.341 4.361 4.380 4.400 4.420 4.440 4.460 4.479 4.499 4.524 4.574 4.621 4.669 4.717 4.764 4.812 4.859 4.907 4.954
0.000 0.000 0.000 0.000 0.000 0.000 0.000 0.000 0.000 0.000 0.000 0.000 0.000 0.000 2.185 2.496 2.616 2.566 2.816 2.896 2.945 3.115 2.925 3.055 3.005 3.135 3.165 3.155 3.245 3.425 3.365 3.255 3.235 3.385 3.817 3.496 3.890 3.496 3.964 3.999 4.015 4.031 4.047 4.063 4.079 4.095 4.111 4.127 4.143 4.159 4.176 4.193 4.210 4.230 4.250 4.269 4.289 4.309 4.329 4.349 4.368 4.388 4.408 4.428 4.449 4.470 4.491 4.520 4.563 4.611 4.658 4.706 4.753 4.801 4.848 4.896 4.943
0.000 0.000 0.000 0.000 0.000 0.000 0.000 0.000 0.000 0.000 0.000 0.000 0.000 0.000 0.000 2.466 2.656 2.696 2.786 2.796 2.906 3.055 2.975 2.975 3.055 2.985 2.995 3.095 3.155 3.245 3.205 3.385 3.445 3.365 3.466 3.436 3.516 3.924 3.961 3.988 4.004 4.020 4.036 4.052 4.068 4.084 4.100 4.116 4.132 4.148 4.164 4.181 4.198 4.218 4.238 4.258 4.277 4.297 4.317 4.337 4.358 4.379 4.400 4.421 4.443 4.464 4.485 4.518 4.556 4.600 4.647 4.695 4.742 4.790 4.837 4.885 4.932
0.000 0.000 0.000 0.000 0.000 0.000 0.000 0.000 0.000 0.000 0.000 0.000 0.000 0.000 0.000 1.686 2.646 2.596 2.656 2.716 2.876 2.996 2.845 2.985 2.975 3.105 3.045 3.225 3.195 3.235 3.215 3.335 3.425 3.355 3.376 3.416 3.436 3.921 3.958 3.467 3.507 4.008 4.024 4.040 4.056 4.072 4.088 4.104 4.120 4.136 4.152 4.168 4.186 4.206 4.226 4.246 4.267 4.288 4.309 4.331 4.352 4.373 4.394 4.415 4.437 4.458 4.479 4.516 4.554 4.591 4.636 4.684 4.731 4.779 4.826 4.874 4.921
0.000 0.000 0.000 0.000 0.000 0.000 0.000 0.000 0.000 0.000 0.000 0.000 0.000 0.000 0.000 0.000 2.086 2.726 2.686 2.716 2.836 2.866 2.965 3.025 3.115 3.045 3.215 3.185 3.195 3.195 3.265 3.375 3.305 3.306 3.426 3.446 3.881 3.426 3.467 3.965 3.981 3.997 4.013 3.518 4.045 4.061 4.077 4.093 4.109 4.125 4.141 4.157 4.176 4.197 4.218 4.240 4.261 4.282 4.303 4.324 4.346 4.367 4.388 4.409 4.431 4.452 4.476 4.514 4.551 4.589 4.626 4.673 4.720 4.768 4.815 4.863 4.910
0.000 0.000 0.000 0.000 0.000 0.000 0.000 0.000 0.000 0.000 0.000 0.000 0.000 0.000 0.000 0.000 0.000 2.506 2.736 2.716 2.796 2.836 3.045 3.015 2.925 2.965 3.025 3.025 3.175 3.215 3.285 3.285 3.255 3.326 3.476 3.466 3.476 3.536 3.507 3.954 3.970 3.986 4.002 4.018 4.033 4.049 4.065 4.082 4.099 4.116 4.134 4.151 4.170 4.191 4.212 4.233 4.255 4.276 4.297 4.318 4.340 4.361 4.382 4.403 4.424 4.446 4.474 4.512 4.549 4.587 4.624 4.662 4.709 4.757 4.805 4.852 4.899
0.000 0.000 0.000 0.000 0.000 0.000 0.000 0.000 0.000 0.000 0.000 0.000 0.000 0.000 0.000 0.000 0.000 1.686 2.696 2.726 2.816 2.886 2.896 2.935 3.105 2.965 3.095 3.075 3.055 3.135 3.295 3.246 3.326 3.386 3.366 3.386 3.286 3.910 3.507 3.497 3.507 3.974 3.991 4.008 4.025 4.042 4.059 4.076 4.093 4.110 4.127 4.144 4.165 4.185 4.206 4.227 4.249 4.270 4.291 4.312 4.334 4.355 4.376 4.397 4.418 4.440 4.472 4.510 4.547 4.585 4.622 4.660 4.699 4.746 4.794 4.841 4.889
0.000 0.000 0.000 0.000 0.000 0.000 0.000 0.000 0.000 0.000 0.000 0.000 0.000 0.000 0.000 0.000 0.000 0.000 2.136 2.576 2.736 2.846 2.825 2.836 2.956 2.986 2.976 3.116 3.166 3.196 3.206 3.276 3.246 3.226 3.316 3.486 3.386 3.516 3.916 3.497 3.950 3.967 3.984 4.001 4.018 4.036 4.053 4.070 4.087 4.104 4.121 4.139 4.159 4.180 4.201 4.221 4.243 4.264 4.285 4.306 4.327 4.349 4.370 4.391 4.412 4.433 4.470 4.508 4.545 4.583 4.620 4.658 4.695 4.735 4.783 4.830 4.878
0.000 0.000 0.000 0.000 0.000 0.000 0.000 0.000 0.000 0.000 0.000 0.000 0.000 0.000 0.000 0.000 0.000 0.000 0.000 2.546 2.676 2.785 2.895 2.965 2.805 2.916 3.046 3.026 3.096 3.076 3.216 3.306 3.376 3.396 3.426 3.496 3.406 3.516 3.517 3.457 3.517 3.961 3.978 3.995 4.012 4.029 4.046 4.063 4.081 4.098 4.115 4.133 4.154 4.175 4.195 4.216 4.237 4.258 4.279 4.300 4.321 4.343 4.364 4.385 4.406 4.430 4.468 4.505 4.543 4.580 4.618 4.655 4.693 4.730 4.772 4.819 4.867
0.000 0.000 0.000 0.000 0.000 0.000 0.000 0.000 0.000 0.000 0.000 0.000 0.000 0.000 0.000 0.000 0.000 0.000 0.000 1.566 2.535 2.645 2.755 2.855 2.905 3.016 3.136 3.076 3.076 3.056 3.166 3.176 3.286 3.296 3.306 3.386 3.366 3.456 3.885 3.921 3.487 3.955 3.972 3.989 4.006 4.023 4.040 4.057 4.074 4.091 4.108 4.128 4.149 4.169 4.190 4.210 4.231 4.252 4.273 4.294 4.315 4.337 4.358 4.379 4.400 4.428 4.466 4.503 4.541 4.578 4.616 4.653 4.691 4.728 4.766 4.808 4.856
0.000 0.000 0.000 0.000 0.000 0.000 0.000 0.000 0.000 0.000 0.000 0.000 0.000 0.000 0.000 0.000 0.000 0.000 0.000 0.000 1.925 2.695 2.615 2.645 2.896 2.996 3.006 3.076 3.046 3.166 3.146 3.116 3.236 3.286 3.366 3.356 3.416 3.356 3.407 3.907 3.487 3.949 3.966 3.983 4.000 4.017 4.034 4.051 4.068 4.085 4.102 4.123 4.143 4.164 4.184 4.205 4.225 4.246 4.267 4.288 4.309 4.330 4.352 4.373 4.394 4.426 4.464 4.501 4.539 4.576 4.614 4.651 4.689 4.726 4.764 4.801 4.845
0.000 0.000 0.000 0.000 0.000 0.000 0.000 0.000 0.000 0.000 0.000 0.000 0.000 0.000 0.000 0.000 0.000 0.000 0.000 0.000 0.895 2.465 2.705 2.706 2.836 2.906 2.996 2.936 2.986 3.126 3.156 3.156 3.236 3.266 3.366 3.296 3.491 3.456 3.507 3.820 3.925 3.497 3.537 3.977 3.994 4.011 4.028 4.045 4.062 4.079 4.097 4.117 4.138 4.158 4.179 4.200 4.220 4.241 4.261 4.282 4.303 4.324 4.346 4.367 4.388 4.424 4.461 4.499 4.537 4.574 4.612 4.649 4.686 4.724 4.762 4.799 4.837
0.000 0.000 0.000 0.000 0.000 0.000 0.000 0.000 0.000 0.000 0.000 0.000 0.000 0.000 0.000 0.000 0.000 0.000 0.000 0.000 0.000 1.435 2.706 2.576 2.736 2.946 2.956 3.016 3.076 2.916 3.186 3.086 3.256 3.346 3.296 3.396 3.366 3.513 3.527 3.527 3.537 3.936 3.953 3.538 3.987 4.004 4.021 4.039 4.056 4.073 4.091 4.112 4.133 4.153 4.174 4.194 4.215 4.235 4.256 4.276 4.297 4.318 4.340 4.361 4.384 4.422 4.459 4.497 4.534 4.572 4.609 4.647 4.684 4.722 4.759 4.797 4.832
0.000 0.000 0.000 0.000 0.000 0.000 0.000 0.000 0.000 0.000 0.000 0.000 0.000 0.000 0.000 0.000 0.000 0.000 0.000 0.000 0.000 0.000 1.786 2.706 2.646 2.906 2.886 2.946 3.066 3.036 3.006 3.236 3.176 3.206 3.266 3.406 3.296 3.377 3.497 3.457 3.457 3.863 3.947 3.964 3.508 3.998 4.015 4.032 4.049 4.066 4.086 4.107 4.127 4.148 4.168 4.189 4.209 4.230 4.250 4.271 4.291 4.312 4.334 4.355 4.382 4.420 4.457 4.495 4.532 4.570 4.607 4.645 4.682 4.713 4.740 4.767 4.794
