includes/overflow_coast_v/floodfiles/results/res-0003.wd
ncols         631
nrows         906
xllcorner     364927.146600
yllcorner     6531972.565600
cellsize      20.000000
NODATA_value  -9999.000000
[rows 714 to 747 of 906, columns 539 to 615 of 631]
9.549 9.482 9.416 9.350 9.284 9.217 9.166 9.123 9.081 9.038 8.995 8.952 8.909 8.867 8.788 8.601 8.189 7.740 7.273 6.807 6.341 5.874 5.408 4.942 4.484 4.400 4.316 4.232 4.148 4.064 3.980 3.914 3.848 3.782 3.720 3.706 3.692 3.678 3.655 3.631 3.606 3.581 3.556 3.472 3.338 3.338 3.338 3.338 3.338 3.338 3.338 3.338 3.338 3.339 3.339 3.339 3.339 3.339 3.339 3.339 3.340 3.340 3.340 3.340 3.340 3.340 3.340 3.341 3.341 3.341 3.342 3.343 3.344 3.344 3.345 3.345 3.346
9.547 9.481 9.414 9.348 9.282 9.216 9.164 9.121 9.078 9.035 8.992 8.950 8.907 8.864 8.821 8.628 8.162 7.695 7.229 6.763 6.296 5.830 5.364 4.897 4.483 4.399 4.315 4.231 4.147 4.063 3.979 3.895 3.822 3.756 3.694 3.681 3.667 3.642 3.617 3.592 3.568 3.543 3.518 3.450 3.337 3.337 3.337 3.337 3.337 3.337 3.337 3.337 3.337 3.337 3.338 3.338 3.338 3.338 3.338 3.339 3.339 3.339 3.339 3.339 3.339 3.340 3.340 3.340 3.340 3.340 3.341 3.342 3.342 3.343 3.344 3.344 3.345
9.545 9.479 9.413 9.346 9.280 9.214 9.161 9.118 9.076 9.033 8.990 8.947 8.904 8.834 8.716 8.490 8.094 7.651 7.184 6.718 6.252 5.786 5.319 4.853 4.482 4.398 4.314 4.230 4.146 4.062 3.978 3.894 3.810 3.730 3.669 3.653 3.628 3.604 3.579 3.554 3.530 3.505 3.480 3.428 3.336 3.336 3.336 3.336 3.336 3.336 3.336 3.336 3.336 3.336 3.337 3.337 3.337 3.337 3.337 3.338 3.338 3.338 3.338 3.339 3.339 3.339 3.339 3.340 3.340 3.340 3.340 3.341 3.341 3.342 3.343 3.343 3.344
9.544 9.477 9.411 9.345 9.278 9.212 9.159 9.116 9.073 9.030 8.987 8.941 8.823 8.705 8.587 8.349 7.952 7.555 7.140 6.674 6.207 5.741 5.275 4.808 4.482 4.398 4.314 4.230 4.146 4.061 3.977 3.893 3.809 3.725 3.647 3.617 3.590 3.566 3.541 3.516 3.491 3.467 3.442 3.406 3.335 3.335 3.335 3.335 3.335 3.335 3.335 3.335 3.335 3.335 3.336 3.336 3.336 3.336 3.337 3.337 3.337 3.337 3.338 3.338 3.338 3.339 3.339 3.339 3.339 3.340 3.340 3.340 3.340 3.341 3.342 3.342 3.343
9.528 9.476 9.409 9.343 9.277 9.210 9.156 9.113 9.070 9.028 8.929 8.811 8.693 8.575 8.457 8.207 7.810 7.414 7.017 6.620 6.163 5.697 5.230 4.764 4.481 4.397 4.313 4.229 4.145 4.061 3.977 3.894 3.815 3.737 3.665 3.614 3.584 3.554 3.525 3.495 3.465 3.435 3.406 3.379 3.334 3.334 3.334 3.334 3.334 3.334 3.334 3.334 3.334 3.334 3.335 3.335 3.335 3.336 3.336 3.336 3.336 3.337 3.337 3.337 3.338 3.338 3.338 3.339 3.339 3.339 3.340 3.340 3.340 3.340 3.341 3.342 3.342
9.498 9.445 9.393 9.340 9.275 9.209 9.153 9.111 9.035 8.917 8.799 8.681 8.563 8.445 8.327 8.066 7.669 7.272 6.875 6.479 6.082 5.652 5.186 4.719 4.480 4.396 4.312 4.228 4.144 4.064 3.986 3.907 3.829 3.750 3.682 3.618 3.581 3.551 3.522 3.492 3.462 3.432 3.403 3.333 3.333 3.333 3.333 3.333 3.333 3.333 3.333 3.333 3.333 3.333 3.334 3.334 3.334 3.335 3.335 3.335 3.336 3.336 3.336 3.337 3.337 3.337 3.338 3.338 3.338 3.339 3.339 3.340 3.340 3.340 3.341 3.341 3.342
9.467 9.415 9.362 9.309 9.257 9.204 9.141 9.023 8.905 8.787 8.669 8.551 8.433 8.315 8.197 7.924 7.527 7.131 6.734 6.337 5.940 5.543 5.141 4.675 4.479 4.395 4.314 4.235 4.156 4.078 3.999 3.921 3.842 3.764 3.700 3.636 3.578 3.548 3.519 3.489 3.459 3.429 3.400 3.332 3.333 3.333 3.333 3.333 3.333 3.333 3.333 3.333 3.333 3.333 3.333 3.333 3.333 3.334 3.334 3.335 3.335 3.335 3.336 3.336 3.337 3.337 3.337 3.338 3.338 3.338 3.339 3.339 3.340 3.340 3.340 3.341 3.341
9.437 9.384 9.331 9.279 9.226 9.271 9.244 8.906 8.775 8.657 8.539 8.421 8.303 8.185 8.068 7.782 7.386 6.989 6.592 6.195 5.798 5.402 5.005 4.609 4.484 4.406 4.327 4.248 4.170 4.091 4.013 3.934 3.855 3.782 3.718 3.654 3.589 3.545 3.516 3.486 3.456 3.427 3.345 3.332 3.332 3.332 3.332 3.332 3.332 3.332 3.332 3.332 3.332 3.332 3.332 3.332 3.333 3.333 3.333 3.334 3.334 3.335 3.335 3.336 3.336 3.336 3.337 3.337 3.338 3.338 3.338 3.339 3.339 3.340 3.340 3.341 3.341
9.406 9.354 9.301 9.248 9.354 9.490 9.509 9.172 8.834 8.527 8.410 8.292 8.174 8.056 7.938 7.641 7.244 6.847 6.450 6.054 5.657 5.271 4.929 4.588 4.501 4.419 4.340 4.262 4.183 4.105 4.026 3.947 3.869 3.800 3.736 3.671 3.607 3.543 3.513 3.483 3.453 3.424 3.331 3.331 3.331 3.331 3.331 3.331 3.331 3.331 3.331 3.331 3.332 3.332 3.332 3.332 3.332 3.332 3.333 3.333 3.334 3.334 3.335 3.335 3.335 3.336 3.336 3.337 3.337 3.338 3.338 3.339 3.339 3.340 3.340 3.340 3.341
9.376 9.323 9.302 9.437 9.573 9.708 9.775 9.437 9.099 8.761 8.423 8.162 8.044 7.926 7.808 7.499 7.102 6.706 6.309 5.934 5.591 5.248 4.905 4.611 4.523 4.435 4.354 4.275 4.197 4.118 4.039 3.961 3.882 3.818 3.753 3.689 3.625 3.561 3.510 3.480 3.450 3.405 3.330 3.330 3.330 3.330 3.330 3.330 3.330 3.331 3.331 3.331 3.331 3.331 3.331 3.331 3.332 3.332 3.332 3.332 3.333 3.334 3.334 3.334 3.335 3.335 3.336 3.336 3.337 3.337 3.338 3.338 3.339 3.339 3.340 3.340 3.341
9.345 9.385 9.521 9.656 9.791 9.927 10.040 9.702 9.364 9.026 8.688 8.350 8.012 7.796 7.678 7.357 6.961 6.596 6.253 5.910 5.567 5.224 4.881 4.634 4.546 4.458 4.371 4.289 4.210 4.131 4.053 3.974 3.900 3.835 3.771 3.707 3.643 3.578 3.514 3.477 3.447 3.329 3.329 3.329 3.329 3.329 3.330 3.330 3.330 3.330 3.330 3.330 3.330 3.331 3.331 3.331 3.331 3.331 3.332 3.332 3.332 3.333 3.333 3.334 3.334 3.335 3.335 3.336 3.336 3.337 3.337 3.338 3.338 3.339 3.339 3.340 3.341
9.468 9.604 9.739 9.874 10.010 10.145 10.280 9.967 9.630 9.292 8.954 8.616 8.278 7.940 7.602 7.258 6.915 6.572 6.229 5.886 5.543 5.201 4.858 4.657 4.569 4.481 4.393 4.305 4.223 4.145 4.066 3.988 3.917 3.853 3.789 3.725 3.660 3.596 3.532 3.474 3.444 3.328 3.328 3.328 3.329 3.329 3.329 3.329 3.329 3.329 3.329 3.330 3.330 3.330 3.330 3.330 3.331 3.331 3.331 3.332 3.332 3.332 3.333 3.333 3.334 3.334 3.335 3.335 3.336 3.336 3.337 3.338 3.338 3.339 3.339 3.340 3.340
9.687 9.822 9.958 10.093 10.228 10.364 10.499 10.233 9.895 9.557 9.219 8.881 8.543 8.146 7.569 7.214 6.892 6.549 6.206 5.863 5.520 5.177 4.834 4.680 4.592 4.504 4.416 4.328 4.241 4.158 4.080 4.001 3.935 3.871 3.807 3.743 3.678 3.614 3.550 3.486 3.361 3.327 3.327 3.328 3.328 3.328 3.328 3.328 3.328 3.329 3.329 3.329 3.329 3.329 3.330 3.330 3.330 3.330 3.331 3.331 3.331 3.332 3.332 3.333 3.333 3.334 3.334 3.335 3.335 3.336 3.337 3.337 3.338 3.338 3.339 3.339 3.340
9.906 10.041 10.176 10.312 10.447 10.582 10.718 10.498 10.160 9.822 9.484 9.146 8.638 8.060 7.483 7.138 6.838 6.525 6.182 5.839 5.496 5.153 4.810 4.703 4.615 4.527 4.439 4.351 4.263 4.176 4.093 4.017 3.953 3.889 3.825 3.760 3.696 3.633 3.570 3.507 3.427 3.327 3.327 3.327 3.327 3.327 3.327 3.328 3.328 3.328 3.328 3.328 3.329 3.329 3.329 3.329 3.330 3.330 3.330 3.330 3.331 3.331 3.332 3.332 3.333 3.333 3.334 3.334 3.335 3.336 3.336 3.337 3.337 3.338 3.338 3.339 3.340
10.039 10.259 10.395 10.530 10.666 10.801 10.936 10.764 10.426 10.088 9.706 9.129 8.552 7.975 7.397 7.061 6.761 6.461 6.159 5.816 5.473 5.130 4.813 4.725 4.638 4.550 4.462 4.374 4.286 4.198 4.111 4.035 3.972 3.909 3.845 3.782 3.719 3.656 3.592 3.529 3.443 3.338 3.326 3.326 3.326 3.327 3.327 3.327 3.327 3.327 3.327 3.328 3.328 3.328 3.328 3.329 3.329 3.329 3.330 3.330 3.330 3.331 3.331 3.332 3.332 3.333 3.333 3.334 3.335 3.335 3.336 3.336 3.337 3.338 3.338 3.339 3.339
10.029 10.255 10.480 10.705 10.884 11.020 11.155 11.029 10.691 10.198 9.621 9.043 8.466 7.889 7.312 6.985 6.685 6.385 6.084 5.784 5.449 5.106 4.836 4.748 4.660 4.573 4.485 4.397 4.303 4.207 4.111 4.053 3.995 3.931 3.868 3.805 3.741 3.678 3.615 3.546 3.458 3.370 3.325 3.325 3.326 3.326 3.326 3.326 3.326 3.327 3.327 3.327 3.327 3.328 3.328 3.328 3.329 3.329 3.329 3.329 3.330 3.330 3.330 3.331 3.331 3.332 3.333 3.333 3.334 3.335 3.335 3.336 3.337 3.337 3.338 3.339 3.339
10.019 10.245 10.470 10.695 10.921 11.146 11.371 11.267 10.690 10.112 9.535 8.958 8.380 7.803 7.226 6.909 6.608 6.308 6.008 5.708 5.408 5.083 4.859 4.771 4.683 4.587 4.491 4.395 4.299 4.203 4.109 4.061 4.014 3.954 3.890 3.827 3.764 3.701 3.637 3.562 3.474 3.386 3.324 3.325 3.325 3.325 3.325 3.325 3.326 3.326 3.326 3.326 3.327 3.327 3.327 3.328 3.328 3.328 3.329 3.329 3.329 3.330 3.330 3.331 3.331 3.332 3.332 3.333 3.334 3.334 3.335 3.336 3.336 3.337 3.338 3.338 3.339
10.010 10.235 10.460 10.686 10.911 11.136 11.302 11.177 10.603 10.027 9.449 8.872 8.295 7.717 7.140 6.832 6.532 6.232 5.932 5.631 5.331 5.037 4.871 4.775 4.679 4.583 4.487 4.391 4.295 4.199 4.118 4.070 4.023 3.975 3.913 3.850 3.786 3.723 3.660 3.578 3.489 3.401 3.324 3.324 3.324 3.324 3.325 3.325 3.325 3.325 3.326 3.326 3.326 3.326 3.327 3.327 3.327 3.328 3.328 3.329 3.329 3.329 3.330 3.330 3.331 3.331 3.332 3.333 3.333 3.334 3.335 3.335 3.336 3.337 3.337 3.338 3.339
10.000 10.225 10.451 10.676 10.901 11.052 11.056 11.059 10.511 9.936 9.361 8.786 8.209 7.632 7.056 6.756 6.456 6.155 5.866 5.584 5.303 5.022 4.887 4.771 4.675 4.579 4.483 4.387 4.291 4.195 4.126 4.079 4.031 3.984 3.935 3.872 3.809 3.746 3.681 3.593 3.505 3.417 3.329 3.323 3.323 3.324 3.324 3.324 3.324 3.325 3.325 3.325 3.325 3.326 3.326 3.327 3.327 3.327 3.328 3.328 3.329 3.329 3.329 3.330 3.331 3.331 3.332 3.332 3.333 3.334 3.334 3.335 3.336 3.336 3.337 3.338 3.339
9.990 10.215 10.441 10.666 10.802 10.806 10.809 10.813 10.419 9.844 9.269 8.694 8.119 7.544 6.980 6.694 6.413 6.132 5.851 5.569 5.288 5.053 4.918 4.784 4.671 4.575 4.479 4.383 4.287 4.191 4.135 4.088 4.040 3.993 3.945 3.895 3.831 3.768 3.697 3.609 3.521 3.432 3.344 3.322 3.323 3.323 3.323 3.323 3.324 3.324 3.324 3.325 3.325 3.325 3.326 3.326 3.326 3.327 3.327 3.328 3.328 3.329 3.329 3.330 3.330 3.331 3.331 3.332 3.333 3.333 3.334 3.335 3.336 3.336 3.337 3.338 3.338
9.980 10.206 10.431 10.552 10.556 10.559 10.563 10.566 10.328 9.753 9.178 8.603 8.028 7.453 7.019 6.679 6.398 6.117 5.835 5.554 5.273 5.085 4.950 4.815 4.681 4.571 4.475 4.379 4.283 4.191 4.144 4.096 4.049 4.002 3.954 3.907 3.854 3.791 3.712 3.624 3.536 3.448 3.360 3.321 3.322 3.322 3.322 3.323 3.323 3.323 3.324 3.324 3.324 3.325 3.325 3.325 3.326 3.326 3.327 3.327 3.328 3.328 3.329 3.329 3.330 3.330 3.331 3.332 3.332 3.333 3.334 3.335 3.335 3.336 3.337 3.337 3.338
9.970 10.196 10.302 10.306 10.309 10.313 10.317 10.320 10.236 9.661 9.086 8.511 7.936 7.455 7.072 6.689 6.383 6.102 5.820 5.539 5.258 5.116 4.982 4.847 4.712 4.578 4.471 4.375 4.279 4.200 4.153 4.105 4.058 4.010 3.963 3.916 3.868 3.813 3.728 3.640 3.558 3.483 3.409 3.335 3.321 3.321 3.322 3.322 3.322 3.323 3.323 3.323 3.324 3.324 3.324 3.325 3.325 3.326 3.326 3.327 3.327 3.328 3.328 3.329 3.329 3.330 3.331 3.331 3.332 3.333 3.333 3.334 3.335 3.336 3.336 3.337 3.338
9.961 10.052 10.056 10.059 10.063 10.066 10.070 10.074 10.077 9.569 8.994 8.419 7.892 7.509 7.126 6.743 6.368 6.087 5.805 5.524 5.283 5.148 5.013 4.879 4.744 4.609 4.475 4.371 4.275 4.209 4.161 4.114 4.067 4.019 3.972 3.924 3.881 3.841 3.791 3.716 3.642 3.568 3.493 3.419 3.345 3.321 3.321 3.321 3.322 3.322 3.322 3.323 3.323 3.323 3.324 3.324 3.325 3.325 3.326 3.326 3.327 3.327 3.328 3.329 3.329 3.330 3.330 3.331 3.332 3.332 3.333 3.334 3.335 3.335 3.336 3.337 3.337
9.802 9.805 9.809 9.813 9.816 9.820 9.824 9.827 9.831 9.478 8.903 8.328 7.945 7.562 7.179 6.796 6.413 6.072 5.790 5.509 5.314 5.180 5.045 4.910 4.776 4.641 4.506 4.372 4.271 4.218 4.170 4.123 4.079 4.036 3.994 3.951 3.908 3.873 3.850 3.801 3.726 3.652 3.578 3.503 3.429 3.376 3.359 3.343 3.327 3.321 3.322 3.322 3.322 3.323 3.323 3.324 3.324 3.325 3.325 3.326 3.326 3.327 3.328 3.328 3.329 3.329 3.330 3.331 3.331 3.332 3.333 3.333 3.334 3.335 3.336 3.336 3.337
9.790 9.721 9.652 9.583 9.570 9.574 9.577 9.581 9.584 9.386 8.811 8.381 7.998 7.615 7.232 6.849 6.466 6.083 5.775 5.494 5.346 5.211 5.077 4.942 4.807 4.673 4.538 4.404 4.277 4.234 4.191 4.149 4.106 4.064 4.021 3.978 3.936 3.904 3.882 3.860 3.811 3.736 3.662 3.588 3.514 3.472 3.456 3.440 3.423 3.407 3.321 3.321 3.322 3.322 3.323 3.323 3.324 3.324 3.325 3.325 3.326 3.327 3.327 3.328 3.328 3.329 3.330 3.330 3.331 3.332 3.332 3.333 3.334 3.335 3.335 3.336 3.337
9.816 9.747 9.678 9.609 9.540 9.471 9.402 9.334 9.338 9.294 8.817 8.434 8.051 7.668 7.285 6.902 6.519 6.136 5.760 5.512 5.378 5.243 5.108 4.971 4.830 4.690 4.549 4.408 4.307 4.261 4.219 4.176 4.133 4.091 4.048 4.006 3.963 3.936 3.913 3.891 3.869 3.821 3.746 3.672 3.598 3.569 3.553 3.537 3.520 3.504 3.488 3.321 3.321 3.322 3.322 3.323 3.323 3.324 3.324 3.325 3.325 3.326 3.327 3.327 3.328 3.329 3.329 3.330 3.331 3.331 3.332 3.333 3.334 3.334 3.335 3.336 3.337
9.868 9.774 9.705 9.636 9.566 9.497 9.428 9.359 9.290 9.179 8.845 8.464 8.083 7.702 7.321 6.940 6.559 6.177 5.796 5.537 5.396 5.255 5.115 4.974 4.834 4.693 4.552 4.412 4.337 4.292 4.246 4.203 4.161 4.118 4.075 4.033 3.990 3.967 3.945 3.923 3.901 3.879 3.831 3.757 3.682 3.666 3.650 3.633 3.617 3.601 3.584 3.568 3.453 3.321 3.321 3.322 3.323 3.323 3.324 3.324 3.325 3.326 3.326 3.327 3.328 3.328 3.329 3.330 3.330 3.331 3.332 3.332 3.333 3.334 3.335 3.335 3.336
9.923 9.800 9.731 9.662 9.593 9.524 9.455 9.386 9.293 9.093 8.837 8.456 8.075 7.694 7.313 6.932 6.550 6.169 5.797 5.576 5.400 5.259 5.118 4.978 4.837 4.696 4.556 4.415 4.368 4.322 4.276 4.230 4.188 4.145 4.103 4.060 4.021 3.999 3.977 3.955 3.932 3.910 3.888 3.841 3.779 3.763 3.746 3.730 3.703 3.665 3.627 3.589 3.565 3.450 3.321 3.321 3.322 3.323 3.323 3.324 3.324 3.325 3.326 3.326 3.327 3.328 3.328 3.329 3.330 3.331 3.331 3.332 3.333 3.334 3.334 3.335 3.336
9.979 9.827 9.758 9.689 9.619 9.550 9.481 9.406 9.206 9.006 8.806 8.448 8.067 7.686 7.305 6.923 6.542 6.161 5.867 5.645 5.424 5.262 5.122 4.981 4.840 4.700 4.559 4.444 4.398 4.352 4.306 4.261 4.215 4.172 4.130 4.087 4.052 4.030 4.008 3.986 3.964 3.942 3.920 3.898 3.870 3.832 3.794 3.756 3.718 3.680 3.642 3.605 3.584 3.563 3.447 3.321 3.321 3.322 3.323 3.323 3.324 3.325 3.325 3.326 3.327 3.327 3.328 3.329 3.329 3.330 3.331 3.332 3.332 3.333 3.334 3.335 3.336
10.034 9.867 9.784 9.715 9.646 9.577 9.508 9.320 9.120 8.919 8.719 8.440 8.059 7.678 7.297 6.915 6.534 6.158 5.936 5.715 5.493 5.272 5.125 4.984 4.844 4.703 4.562 4.474 4.428 4.383 4.337 4.291 4.245 4.200 4.157 4.115 4.084 4.062 4.040 4.018 3.996 3.973 3.949 3.924 3.889 3.846 3.808 3.770 3.732 3.694 3.656 3.624 3.602 3.581 3.560 3.445 3.321 3.321 3.322 3.323 3.323 3.324 3.325 3.326 3.326 3.327 3.328 3.328 3.329 3.330 3.331 3.331 3.332 3.333 3.334 3.335 3.335
10.090 9.923 9.811 9.742 9.673 9.603 9.433 9.233 9.033 8.833 8.633 8.432 8.051 7.670 7.288 6.907 6.526 6.227 6.006 5.784 5.563 5.341 5.128 4.988 4.847 4.706 4.566 4.504 4.459 4.413 4.367 4.321 4.276 4.230 4.184 4.142 4.115 4.093 4.071 4.047 4.022 3.997 3.973 3.948 3.912 3.867 3.822 3.784 3.746 3.708 3.670 3.642 3.621 3.600 3.579 3.558 3.442 3.321 3.321 3.322 3.323 3.324 3.324 3.325 3.326 3.326 3.327 3.328 3.329 3.329 3.330 3.331 3.332 3.333 3.333 3.334 3.335
10.145 9.978 9.837 9.768 9.699 9.547 9.346 9.146 8.946 8.746 8.546 8.346 8.043 7.662 7.280 6.899 6.518 6.297 6.075 5.854 5.632 5.411 5.189 4.991 4.850 4.710 4.580 4.535 4.489 4.443 4.397 4.352 4.306 4.260 4.214 4.169 4.145 4.120 4.096 4.071 4.046 4.021 3.997 3.972 3.935 3.890 3.845 3.800 3.760 3.722 3.684 3.661 3.640 3.619 3.597 3.576 3.555 3.440 3.321 3.324 3.343 3.362 3.381 3.346 3.325 3.326 3.327 3.327 3.328 3.329 3.330 3.331 3.331 3.332 3.333 3.334 3.335
10.201 10.034 9.866 9.795 9.660 9.460 9.260 9.060 8.859 8.659 8.459 8.259 8.035 7.653 7.272 6.891 6.588 6.366 6.145 5.923 5.702 5.480 5.258 5.037 4.854 4.713 4.611 4.565 4.519 4.473 4.428 4.382 4.334 4.278 4.221 4.172 4.166 4.144 4.120 4.095 4.070 4.046 4.021 3.996 3.958 3.913 3.868 3.823 3.779 3.736 3.700 3.679 3.658 3.637 3.616 3.595 3.574 3.553 3.523 3.488 3.453 3.418 3.383 3.348 3.325 3.325 3.326 3.327 3.328 3.329 3.329 3.330 3.331 3.332 3.333 3.334 3.335
10.249 10.087 9.922 9.773 9.573 9.373 9.173 8.973 8.773 8.573 8.372 8.172 7.972 7.645 7.264 6.883 6.657 6.436 6.214 5.992 5.771 5.549 5.328 5.107 4.885 4.716 4.641 4.595 4.549 4.495 4.438 4.382 4.325 4.269 4.212 4.170 4.164 4.158 4.144 4.119 4.094 4.070 4.045 4.020 3.981 3.936 3.891 3.846 3.802 3.757 3.711 3.687 3.662 3.638 3.614 3.589 3.565 3.541 3.520 3.490 3.455 3.419 3.384 3.349 3.324 3.325 3.326 3.327 3.327 3.328 3.329 3.330 3.331 3.332 3.332 3.333 3.334
