includes/overflow_coast_v/floodfiles/results/res-0009.wd
ncols         631
nrows         906
xllcorner     364927.146600
yllcorner     6531972.565600
cellsize      20.000000
NODATA_value  -9999.000000
[rows 612 to 645 of 906, columns 0 to 76 of 631]
15.808 15.740 15.669 15.592 15.515 15.439 15.362 15.285 15.208 15.132 15.055 14.978 14.901 14.825 14.748 14.671 14.594 14.518 14.441 14.364 14.288 14.211 14.134 14.057 13.981 13.904 13.827 13.750 13.674 13.597 13.520 13.443 13.367 13.290 13.213 13.137 13.077 13.032 12.987 12.941 12.896 12.851 12.806 12.761 12.716 12.670 12.625 12.580 12.535 12.490 12.444 12.399 12.354 12.309 12.264 12.219 12.173 12.128 12.083 12.038 11.993 11.947 11.902 11.857 11.812 11.767 11.722 11.676 11.631 11.586 11.541 11.492 11.442 11.393 11.343 11.293 11.243
15.792 15.724 15.656 15.585 15.508 15.432 15.355 15.278 15.202 15.125 15.048 14.971 14.895 14.818 14.741 14.664 14.588 14.511 14.434 14.357 14.281 14.204 14.127 14.051 13.974 13.897 13.820 13.744 13.667 13.590 13.513 13.437 13.360 13.283 13.206 13.130 13.079 13.034 12.989 12.944 12.898 12.853 12.808 12.763 12.718 12.673 12.627 12.582 12.537 12.492 12.447 12.401 12.356 12.311 12.266 12.221 12.176 12.130 12.085 12.040 11.995 11.950 11.904 11.859 11.814 11.769 11.724 11.679 11.633 11.588 11.543 11.498 11.448 11.399 11.349 11.299 11.249
15.776 15.708 15.640 15.571 15.502 15.425 15.348 15.271 15.195 15.118 15.041 14.965 14.888 14.811 14.734 14.658 14.581 14.504 14.427 14.351 14.274 14.197 14.120 14.044 13.967 13.890 13.814 13.737 13.660 13.583 13.507 13.430 13.353 13.276 13.200 13.126 13.081 13.036 12.991 12.946 12.901 12.855 12.810 12.765 12.720 12.675 12.630 12.584 12.539 12.494 12.449 12.404 12.358 12.313 12.268 12.223 12.178 12.133 12.087 12.042 11.997 11.952 11.907 11.861 11.816 11.771 11.726 11.681 11.636 11.590 11.545 11.500 11.455 11.405 11.355 11.305 11.255
15.760 15.692 15.623 15.555 15.487 15.418 15.341 15.265 15.188 15.111 15.034 14.958 14.881 14.804 14.728 14.651 14.574 14.497 14.421 14.344 14.267 14.190 14.114 14.037 13.960 13.883 13.807 13.730 13.653 13.577 13.500 13.423 13.346 13.270 13.193 13.129 13.083 13.038 12.993 12.948 12.903 12.858 12.812 12.767 12.722 12.677 12.632 12.586 12.541 12.496 12.451 12.406 12.361 12.315 12.270 12.225 12.180 12.135 12.090 12.044 11.999 11.954 11.909 11.864 11.818 11.773 11.728 11.683 11.638 11.593 11.547 11.502 11.457 11.411 11.361 11.311 11.262
15.744 15.675 15.607 15.539 15.471 15.403 15.335 15.258 15.181 15.104 15.028 14.951 14.874 14.797 14.721 14.644 14.567 14.491 14.414 14.337 14.260 14.184 14.107 14.030 13.953 13.877 13.800 13.723 13.646 13.570 13.493 13.416 13.340 13.263 13.186 13.131 13.086 13.040 12.995 12.950 12.905 12.860 12.815 12.769 12.724 12.679 12.634 12.589 12.543 12.498 12.453 12.408 12.363 12.318 12.272 12.227 12.182 12.137 12.092 12.047 12.001 11.956 11.911 11.866 11.821 11.775 11.730 11.685 11.640 11.595 11.550 11.504 11.459 11.414 11.367 11.318 11.268
15.728 15.659 15.591 15.523 15.455 15.387 15.318 15.250 15.174 15.098 15.021 14.944 14.867 14.791 14.714 14.637 14.560 14.484 14.407 14.330 14.254 14.177 14.100 14.023 13.947 13.870 13.793 13.716 13.640 13.563 13.486 13.410 13.333 13.256 13.179 13.133 13.088 13.043 12.997 12.952 12.907 12.862 12.817 12.772 12.726 12.681 12.636 12.591 12.546 12.500 12.455 12.410 12.365 12.320 12.275 12.229 12.184 12.139 12.094 12.049 12.004 11.958 11.913 11.868 11.823 11.778 11.732 11.687 11.642 11.597 11.552 11.507 11.461 11.416 11.371 11.324 11.274
15.711 15.643 15.575 15.507 15.439 15.371 15.302 15.234 15.166 15.091 15.014 14.937 14.861 14.784 14.707 14.630 14.554 14.477 14.400 14.323 14.247 14.170 14.093 14.017 13.940 13.863 13.786 13.710 13.633 13.556 13.479 13.403 13.326 13.249 13.180 13.135 13.090 13.045 13.000 12.954 12.909 12.864 12.819 12.774 12.729 12.683 12.638 12.593 12.548 12.503 12.457 12.412 12.367 12.322 12.277 12.232 12.186 12.141 12.096 12.051 12.006 11.960 11.915 11.870 11.825 11.780 11.735 11.689 11.644 11.599 11.554 11.509 11.464 11.418 11.373 11.328 11.280
15.695 15.627 15.559 15.491 15.423 15.354 15.286 15.218 15.150 15.082 15.007 14.931 14.854 14.777 14.700 14.624 14.547 14.470 14.393 14.317 14.240 14.163 14.086 14.010 13.933 13.856 13.780 13.703 13.626 13.549 13.473 13.396 13.319 13.242 13.183 13.137 13.092 13.047 13.002 12.957 12.911 12.866 12.821 12.776 12.731 12.686 12.640 12.595 12.550 12.505 12.460 12.414 12.369 12.324 12.279 12.234 12.189 12.143 12.098 12.053 12.008 11.963 11.917 11.872 11.827 11.782 11.737 11.692 11.646 11.601 11.556 11.511 11.466 11.421 11.375 11.330 11.285
15.679 15.611 15.543 15.475 15.406 15.338 15.270 15.202 15.134 15.066 14.997 14.924 14.847 14.770 14.694 14.617 14.540 14.463 14.387 14.310 14.233 14.156 14.080 14.003 13.926 13.850 13.773 13.696 13.619 13.543 13.466 13.389 13.312 13.236 13.185 13.139 13.094 13.049 13.004 12.959 12.914 12.868 12.823 12.778 12.733 12.688 12.643 12.597 12.552 12.507 12.462 12.417 12.371 12.326 12.281 12.236 12.191 12.146 12.100 12.055 12.010 11.965 11.920 11.874 11.829 11.784 11.739 11.694 11.649 11.603 11.558 11.513 11.468 11.423 11.378 11.332 11.287
15.663 15.595 15.527 15.459 15.390 15.322 15.254 15.186 15.118 15.049 14.981 14.913 14.840 14.763 14.687 14.610 14.533 14.457 14.380 14.303 14.226 14.150 14.073 13.996 13.919 13.843 13.766 13.689 13.613 13.536 13.459 13.382 13.306 13.232 13.187 13.142 13.096 13.051 13.006 12.961 12.916 12.871 12.825 12.780 12.735 12.690 12.645 12.600 12.554 12.509 12.464 12.419 12.374 12.328 12.283 12.238 12.193 12.148 12.103 12.057 12.012 11.967 11.922 11.877 11.831 11.786 11.741 11.696 11.651 11.606 11.560 11.515 11.470 11.425 11.380 11.335 11.289
15.647 15.579 15.511 15.442 15.374 15.306 15.238 15.170 15.102 15.033 14.965 14.897 14.829 14.757 14.680 14.603 14.526 14.450 14.373 14.296 14.220 14.143 14.066 13.989 13.913 13.836 13.759 13.682 13.606 13.529 13.452 13.376 13.299 13.234 13.189 13.144 13.099 13.053 13.008 12.963 12.918 12.873 12.828 12.782 12.737 12.692 12.647 12.602 12.557 12.511 12.466 12.421 12.376 12.331 12.285 12.240 12.195 12.150 12.105 12.060 12.014 11.969 11.924 11.879 11.834 11.788 11.743 11.698 11.653 11.608 11.563 11.517 11.472 11.427 11.382 11.337 11.291
15.631 15.563 15.494 15.426 15.358 15.290 15.222 15.154 15.085 15.017 14.949 14.881 14.813 14.745 14.673 14.596 14.520 14.443 14.366 14.290 14.213 14.136 14.059 13.983 13.906 13.829 13.752 13.676 13.599 13.522 13.445 13.369 13.292 13.236 13.191 13.146 13.101 13.056 13.010 12.965 12.920 12.875 12.830 12.785 12.739 12.694 12.649 12.604 12.559 12.514 12.468 12.423 12.378 12.333 12.288 12.242 12.197 12.152 12.107 12.062 12.017 11.971 11.926 11.881 11.836 11.791 11.745 11.700 11.655 11.610 11.565 11.520 11.474 11.429 11.384 11.339 11.294
15.615 15.546 15.478 15.410 15.342 15.274 15.206 15.137 15.069 15.001 14.933 14.865 14.797 14.728 14.660 14.590 14.513 14.436 14.359 14.283 14.206 14.129 14.053 13.976 13.899 13.822 13.746 13.669 13.592 13.515 13.439 13.362 13.285 13.239 13.193 13.148 13.103 13.058 13.013 12.967 12.922 12.877 12.832 12.787 12.742 12.696 12.651 12.606 12.561 12.516 12.470 12.425 12.380 12.335 12.290 12.245 12.199 12.154 12.109 12.064 12.019 11.974 11.928 11.883 11.838 11.793 11.748 11.702 11.657 11.612 11.567 11.522 11.477 11.431 11.386 11.341 11.296
15.599 15.530 15.462 15.394 15.326 15.258 15.189 15.121 15.053 14.985 14.917 14.849 14.780 14.712 14.644 14.576 14.506 14.429 14.353 14.276 14.199 14.122 14.046 13.969 13.892 13.816 13.739 13.662 13.585 13.509 13.432 13.355 13.286 13.241 13.196 13.150 13.105 13.060 13.015 12.970 12.924 12.879 12.834 12.789 12.744 12.699 12.653 12.608 12.563 12.518 12.473 12.427 12.382 12.337 12.292 12.247 12.202 12.156 12.111 12.066 12.021 11.976 11.931 11.885 11.840 11.795 11.750 11.705 11.659 11.614 11.569 11.524 11.479 11.434 11.388 11.343 11.299
15.582 15.514 15.446 15.378 15.310 15.242 15.173 15.105 15.037 14.969 14.901 14.833 14.764 14.696 14.628 14.560 14.492 14.423 14.346 14.269 14.192 14.116 14.039 13.962 13.885 13.809 13.732 13.655 13.579 13.502 13.425 13.348 13.288 13.243 13.198 13.153 13.107 13.062 13.017 12.972 12.927 12.881 12.836 12.791 12.746 12.701 12.656 12.610 12.565 12.520 12.475 12.430 12.384 12.339 12.294 12.249 12.204 12.159 12.113 12.068 12.023 11.978 11.933 11.888 11.842 11.797 11.752 11.707 11.662 11.616 11.571 11.526 11.482 11.438 11.394 11.350 11.307
15.566 15.498 15.430 15.362 15.294 15.225 15.157 15.089 15.021 14.953 14.885 14.816 14.748 14.680 14.612 14.544 14.476 14.407 14.339 14.262 14.186 14.109 14.032 13.955 13.879 13.802 13.725 13.648 13.572 13.495 13.418 13.342 13.290 13.245 13.200 13.155 13.110 13.064 13.019 12.974 12.929 12.884 12.838 12.793 12.748 12.703 12.658 12.613 12.567 12.522 12.477 12.432 12.387 12.341 12.296 12.251 12.206 12.161 12.116 12.070 12.025 11.980 11.935 11.890 11.844 11.799 11.754 11.709 11.665 11.621 11.577 11.533 11.489 11.445 11.402 11.358 11.314
15.550 15.482 15.414 15.346 15.277 15.209 15.141 15.073 15.005 14.937 14.868 14.800 14.732 14.664 14.596 14.528 14.459 14.391 14.323 14.255 14.179 14.102 14.025 13.949 13.872 13.795 13.718 13.642 13.565 13.488 13.411 13.338 13.292 13.247 13.202 13.157 13.112 13.067 13.021 12.976 12.931 12.886 12.841 12.795 12.750 12.705 12.660 12.615 12.570 12.524 12.479 12.434 12.389 12.344 12.298 12.253 12.208 12.163 12.118 12.073 12.027 11.982 11.937 11.892 11.848 11.804 11.760 11.716 11.672 11.628 11.584 11.540 11.497 11.453 11.409 11.365 11.321
15.534 15.466 15.398 15.330 15.261 15.193 15.125 15.057 14.989 14.920 14.852 14.784 14.716 14.648 14.580 14.511 14.443 14.375 14.307 14.239 14.171 14.095 14.019 13.942 13.865 13.788 13.712 13.635 13.558 13.481 13.405 13.340 13.295 13.249 13.204 13.159 13.114 13.069 13.023 12.978 12.933 12.888 12.843 12.798 12.752 12.707 12.662 12.617 12.572 12.527 12.481 12.436 12.391 12.346 12.301 12.255 12.210 12.165 12.120 12.075 12.031 11.987 11.943 11.899 11.855 11.811 11.767 11.723 11.679 11.636 11.592 11.548 11.504 11.460 11.416 11.372 11.328
15.518 15.450 15.382 15.313 15.245 15.177 15.109 15.041 14.973 14.904 14.836 14.768 14.700 14.632 14.564 14.495 14.427 14.359 14.291 14.223 14.154 14.086 14.012 13.935 13.858 13.782 13.705 13.628 13.551 13.475 13.398 13.342 13.297 13.252 13.206 13.161 13.116 13.071 13.026 12.980 12.935 12.890 12.845 12.800 12.755 12.709 12.664 12.619 12.574 12.529 12.484 12.438 12.393 12.348 12.303 12.258 12.214 12.170 12.126 12.082 12.038 11.994 11.950 11.906 11.862 11.818 11.774 11.731 11.687 11.643 11.599 11.555 11.511 11.467 11.423 11.379 11.335
15.502 15.434 15.365 15.297 15.229 15.161 15.093 15.025 14.956 14.888 14.820 14.752 14.684 14.616 14.547 14.479 14.411 14.343 14.275 14.207 14.138 14.070 14.002 13.928 13.851 13.775 13.698 13.621 13.545 13.468 13.391 13.344 13.299 13.254 13.209 13.163 13.118 13.073 13.028 12.983 12.937 12.892 12.847 12.802 12.757 12.712 12.666 12.621 12.576 12.531 12.486 12.441 12.397 12.353 12.309 12.265 12.221 12.177 12.133 12.089 12.045 12.001 11.957 11.913 11.869 11.826 11.782 11.738 11.694 11.650 11.606 11.562 11.518 11.474 11.430 11.386 11.342
15.486 15.418 15.349 15.281 15.213 15.145 15.077 15.008 14.940 14.872 14.804 14.736 14.668 14.599 14.531 14.463 14.395 14.327 14.259 14.190 14.122 14.054 13.986 13.918 13.845 13.768 13.691 13.614 13.538 13.461 13.391 13.346 13.301 13.256 13.211 13.166 13.120 13.075 13.030 12.985 12.940 12.894 12.849 12.804 12.759 12.714 12.669 12.623 12.580 12.536 12.492 12.448 12.404 12.360 12.316 12.272 12.228 12.184 12.140 12.096 12.052 12.008 11.965 11.921 11.877 11.833 11.789 11.745 11.701 11.657 11.613 11.569 11.525 11.481 11.437 11.393 11.349
15.470 15.401 15.333 15.265 15.197 15.129 15.061 14.992 14.924 14.856 14.788 14.720 14.651 14.583 14.515 14.447 14.379 14.311 14.242 14.174 14.106 14.038 13.970 13.902 13.833 13.761 13.684 13.608 13.531 13.454 13.394 13.348 13.303 13.258 13.213 13.168 13.123 13.077 13.032 12.987 12.942 12.897 12.851 12.806 12.762 12.719 12.675 12.631 12.587 12.543 12.499 12.455 12.411 12.367 12.323 12.279 12.235 12.191 12.147 12.103 12.060 12.016 11.972 11.928 11.884 11.840 11.796 11.752 11.708 11.664 11.620 11.576 11.532 11.488 11.444 11.401 11.357
15.453 15.385 15.317 15.249 15.181 15.113 15.044 14.976 14.908 14.840 14.772 14.704 14.635 14.567 14.499 14.431 14.363 14.295 14.226 14.158 14.090 14.022 13.954 13.885 13.817 13.749 13.678 13.601 13.524 13.447 13.396 13.351 13.305 13.260 13.215 13.170 13.125 13.080 13.034 12.989 12.945 12.901 12.857 12.814 12.770 12.726 12.682 12.638 12.594 12.550 12.506 12.462 12.418 12.374 12.330 12.286 12.242 12.198 12.155 12.111 12.067 12.023 11.979 11.935 11.891 11.847 11.803 11.759 11.715 11.671 11.627 11.583 11.540 11.496 11.452 11.408 11.364
15.437 15.369 15.301 15.233 15.165 15.096 15.028 14.960 14.892 14.824 14.756 14.687 14.619 14.551 14.483 14.415 14.347 14.278 14.210 14.142 14.074 14.006 13.938 13.869 13.801 13.733 13.665 13.594 13.517 13.443 13.398 13.353 13.308 13.262 13.217 13.172 13.128 13.084 13.040 12.996 12.952 12.909 12.865 12.821 12.777 12.733 12.689 12.645 12.601 12.557 12.513 12.469 12.425 12.381 12.337 12.294 12.250 12.206 12.162 12.118 12.074 12.030 11.986 11.942 11.898 11.854 11.810 11.766 11.722 11.678 11.635 11.591 11.547 11.503 11.459 11.415 11.371
15.421 15.353 15.285 15.217 15.149 15.080 15.012 14.944 14.876 14.808 14.739 14.671 14.603 14.535 14.467 14.399 14.330 14.262 14.194 14.126 14.058 13.990 13.921 13.853 13.785 13.717 13.649 13.581 13.511 13.445 13.400 13.355 13.311 13.267 13.223 13.179 13.135 13.091 13.048 13.004 12.960 12.916 12.872 12.828 12.784 12.740 12.696 12.652 12.608 12.564 12.520 12.476 12.432 12.389 12.345 12.301 12.257 12.213 12.169 12.125 12.081 12.037 11.993 11.949 11.905 11.861 11.817 11.773 11.730 11.686 11.642 11.598 11.554 11.510 11.466 11.422 11.378
15.405 15.337 15.269 15.201 15.132 15.064 14.996 14.928 14.860 14.792 14.723 14.655 14.587 14.519 14.451 14.382 14.314 14.246 14.178 14.110 14.042 13.973 13.905 13.837 13.769 13.701 13.633 13.564 13.500 13.450 13.406 13.362 13.318 13.274 13.230 13.186 13.143 13.099 13.055 13.011 12.967 12.923 12.879 12.835 12.791 12.747 12.703 12.659 12.615 12.571 12.527 12.484 12.440 12.396 12.352 12.308 12.264 12.220 12.176 12.132 12.088 12.044 12.000 11.956 11.912 11.868 11.825 11.781 11.737 11.693 11.649 11.605 11.561 11.517 11.473 11.429 11.385
15.389 15.321 15.253 15.184 15.116 15.048 14.980 14.912 14.844 14.775 14.707 14.639 14.571 14.503 14.435 14.366 14.298 14.230 14.162 14.094 14.026 13.957 13.889 13.821 13.753 13.687 13.624 13.561 13.498 13.454 13.413 13.369 13.325 13.281 13.238 13.194 13.150 13.106 13.062 13.018 12.974 12.930 12.886 12.842 12.798 12.754 12.710 12.666 12.623 12.579 12.535 12.491 12.447 12.403 12.359 12.315 12.271 12.227 12.183 12.139 12.095 12.051 12.007 11.964 11.920 11.876 11.832 11.788 11.744 11.700 11.656 11.612 11.568 11.524 11.480 11.436 11.395
15.373 15.305 15.236 15.168 15.100 15.032 14.964 14.896 14.827 14.759 14.691 14.623 14.555 14.487 14.418 14.350 14.282 14.214 14.146 14.078 14.009 13.941 13.875 13.812 13.749 13.686 13.623 13.560 13.497 13.457 13.417 13.377 13.333 13.289 13.245 13.201 13.157 13.113 13.069 13.025 12.981 12.937 12.893 12.849 12.805 12.761 12.718 12.674 12.630 12.586 12.542 12.498 12.454 12.410 12.366 12.322 12.278 12.234 12.190 12.146 12.102 12.059 12.015 11.971 11.927 11.883 11.839 11.795 11.751 11.707 11.663 11.619 11.575 11.531 11.487 11.443 11.409
15.357 15.289 15.220 15.152 15.084 15.016 14.948 14.880 14.811 14.743 14.675 14.607 14.539 14.470 14.402 14.334 14.266 14.198 14.130 14.063 14.000 13.937 13.874 13.811 13.747 13.684 13.621 13.558 13.500 13.460 13.420 13.380 13.340 13.296 13.252 13.208 13.164 13.120 13.076 13.032 12.988 12.944 12.900 12.856 12.813 12.769 12.725 12.681 12.637 12.593 12.549 12.505 12.461 12.417 12.373 12.329 12.285 12.241 12.197 12.154 12.110 12.066 12.022 11.978 11.934 11.890 11.846 11.802 11.758 11.714 11.670 11.626 11.582 11.539 11.495 11.451 11.422
15.341 15.272 15.204 15.136 15.068 15.000 14.932 14.863 14.795 14.727 14.659 14.591 14.523 14.454 14.386 14.318 14.251 14.188 14.125 14.061 13.998 13.935 13.872 13.809 13.746 13.683 13.620 13.557 13.503 13.463 13.423 13.383 13.343 13.303 13.259 13.215 13.171 13.127 13.083 13.039 12.995 12.951 12.908 12.864 12.820 12.776 12.732 12.688 12.644 12.600 12.556 12.512 12.468 12.424 12.380 12.336 12.293 12.249 12.205 12.161 12.117 12.073 12.029 11.985 11.941 11.897 11.853 11.809 11.765 11.721 11.677 11.634 11.590 11.546 11.502 11.460 11.435
15.324 15.256 15.188 15.120 15.052 14.984 14.915 14.847 14.779 14.711 14.643 14.575 14.506 14.439 14.375 14.312 14.249 14.186 14.123 14.060 13.997 13.934 13.871 13.808 13.744 13.681 13.618 13.555 13.506 13.466 13.426 13.386 13.346 13.306 13.266 13.222 13.178 13.134 13.090 13.047 13.003 12.959 12.915 12.871 12.827 12.783 12.739 12.695 12.651 12.607 12.563 12.519 12.475 12.431 12.388 12.344 12.300 12.256 12.212 12.168 12.124 12.080 12.036 11.992 11.948 11.904 11.860 11.816 11.772 11.729 11.685 11.641 11.597 11.553 11.509 11.473 11.449
15.308 15.240 15.172 15.104 15.036 14.967 14.899 14.831 14.763 14.695 14.627 14.563 14.500 14.437 14.374 14.311 14.248 14.185 14.122 14.058 13.995 13.932 13.869 13.806 13.743 13.680 13.617 13.554 13.510 13.469 13.429 13.389 13.349 13.309 13.269 13.229 13.185 13.142 13.098 13.054 13.010 12.966 12.922 12.878 12.834 12.790 12.746 12.702 12.658 12.614 12.570 12.526 12.483 12.439 12.395 12.351 12.307 12.263 12.219 12.175 12.131 12.087 12.043 11.999 11.955 11.911 11.868 11.824 11.780 11.736 11.692 11.648 11.604 11.560 11.516 11.486 11.462
15.292 15.224 15.156 15.088 15.020 14.951 14.883 14.815 14.751 14.688 14.625 14.562 14.499 14.436 14.372 14.309 14.246 14.183 14.120 14.057 13.994 13.931 13.868 13.805 13.741 13.678 13.615 13.553 13.513 13.473 13.433 13.393 13.352 13.312 13.272 13.232 13.192 13.149 13.105 13.061 13.017 12.973 12.929 12.885 12.841 12.797 12.753 12.709 12.665 12.622 12.578 12.534 12.490 12.446 12.402 12.358 12.314 12.270 12.226 12.182 12.138 12.094 12.050 12.006 11.963 11.919 11.875 11.831 11.787 11.743 11.699 11.655 11.611 11.567 11.524 11.500 11.475
15.276 15.208 15.140 15.072 15.003 14.939 14.876 14.813 14.750 14.686 14.623 14.560 14.497 14.434 14.371 14.308 14.245 14.182 14.119 14.055 13.992 13.929 13.866 13.803 13.740 13.677 13.614 13.556 13.516 13.476 13.436 13.396 13.356 13.316 13.275 13.235 13.195 13.155 13.112 13.068 13.024 12.980 12.936 12.892 12.848 12.804 12.760 12.717 12.673 12.629 12.585 12.541 12.497 12.453 12.409 12.365 12.321 12.277 12.233 12.189 12.145 12.101 12.058 12.014 11.970 11.926 11.882 11.838 11.794 11.750 11.706 11.662 11.618 11.574 11.537 11.513 11.489
