includes/overflow_coast_v/floodfiles/results/res-0007.wd
ncols         631
nrows         906
xllcorner     364927.146600
yllcorner     6531972.565600
cellsize      20.000000
NODATA_value  -9999.000000
[rows 408 to 441 of 906, columns 462 to 538 of 631]
0.000 0.000 0.000 0.000 0.000 0.000 0.000 0.000 0.000 0.000 1.050 1.310 1.209 1.189 1.379 1.348 1.348 1.478 1.419 1.949 1.609 1.680 1.670 1.631 1.592 1.732 1.753 1.754 1.925 1.945 1.906 1.967 1.908 1.928 1.899 1.880 1.930 2.447 2.477 2.503 2.529 2.555 2.582 2.608 2.634 2.660 2.686 2.713 2.739 2.765 2.792 2.818 2.844 2.871 2.898 2.925 2.952 2.979 3.006 3.022 3.032 3.043 3.054 3.064 3.075 3.086 3.096 3.107 3.118 3.129 3.151 3.184 3.217 3.250 3.283 3.316 3.336
0.000 0.000 0.000 0.000 0.000 0.000 0.000 0.000 0.000 0.000 1.101 1.211 1.240 1.380 1.200 1.329 1.349 1.459 1.500 1.380 1.370 1.901 1.942 1.722 1.822 1.843 1.734 1.705 1.915 1.816 2.212 1.998 2.279 1.999 1.880 1.931 2.414 2.449 2.003 2.504 2.530 2.556 2.582 2.608 2.635 2.661 2.687 2.713 2.740 2.766 2.792 2.819 2.845 2.872 2.899 2.926 2.953 2.980 3.001 3.012 3.023 3.033 3.044 3.055 3.065 3.076 3.087 3.098 3.108 3.119 3.130 3.161 3.194 3.227 3.260 3.290 3.302
0.000 0.000 0.000 0.000 0.000 0.000 0.000 0.000 0.000 0.872 0.951 1.201 1.081 1.191 1.191 1.340 1.380 1.500 1.510 1.421 1.561 1.472 1.592 1.603 1.653 1.664 1.805 1.776 1.736 1.917 1.828 1.889 1.959 2.309 2.342 1.961 1.952 2.447 2.480 2.506 2.532 2.557 2.583 2.609 2.635 2.662 2.688 2.714 2.740 2.767 2.793 2.819 2.845 2.872 2.899 2.926 2.953 2.980 2.992 3.002 3.013 3.024 3.034 3.045 3.056 3.067 3.077 3.088 3.099 3.109 3.120 3.138 3.171 3.204 3.237 3.256 3.267
0.000 0.000 0.000 0.000 0.000 0.000 0.000 0.000 0.000 1.012 1.092 1.102 1.182 1.162 1.222 1.291 1.341 1.341 1.401 1.462 1.422 1.453 1.633 1.604 1.674 1.645 1.806 1.766 1.817 1.918 1.939 1.989 2.271 2.304 2.001 2.372 2.408 1.934 2.482 2.508 2.533 2.559 2.585 2.611 2.636 2.662 2.689 2.715 2.741 2.767 2.794 2.820 2.846 2.872 2.899 2.926 2.953 2.971 2.982 2.993 3.003 3.014 3.025 3.035 3.046 3.057 3.068 3.078 3.089 3.100 3.111 3.121 3.148 3.181 3.210 3.221 3.233
0.000 0.000 0.000 0.000 0.000 0.000 0.000 0.000 0.000 1.033 1.063 1.053 1.093 1.293 1.163 1.282 1.342 1.432 1.482 1.613 1.453 1.613 1.674 1.694 1.645 1.796 1.806 1.777 1.798 1.789 1.890 2.233 1.981 1.971 1.992 1.853 1.964 2.444 1.985 2.510 2.535 2.561 2.587 2.613 2.638 2.664 2.690 2.716 2.742 2.768 2.794 2.820 2.847 2.873 2.900 2.927 2.951 2.961 2.972 2.983 2.994 3.004 3.015 3.026 3.036 3.047 3.058 3.069 3.079 3.090 3.101 3.112 3.125 3.158 3.175 3.187 3.198
0.000 0.000 0.000 0.000 0.000 0.000 0.000 0.000 0.874 1.003 0.793 1.143 1.253 1.213 1.183 1.343 1.433 1.293 1.443 1.533 1.474 1.564 1.645 1.735 1.746 1.726 1.737 1.778 1.799 1.790 1.980 2.229 1.902 1.912 2.330 1.964 2.405 1.995 1.986 2.512 2.537 2.563 2.589 2.614 2.640 2.666 2.692 2.718 2.743 2.769 2.795 2.821 2.847 2.874 2.900 2.927 2.941 2.952 2.962 2.973 2.984 2.995 3.005 3.016 3.027 3.037 3.048 3.059 3.070 3.080 3.091 3.102 3.113 3.129 3.141 3.152 3.163
0.000 0.000 0.000 0.000 0.000 0.000 0.000 0.000 0.854 0.994 1.114 1.044 1.214 1.194 1.344 1.314 1.224 1.404 1.394 1.514 1.515 1.635 1.565 1.686 1.717 1.747 1.698 1.719 1.819 1.800 1.921 1.862 2.258 1.953 2.328 2.366 2.403 1.986 2.007 2.513 2.539 2.565 2.591 2.616 2.642 2.668 2.694 2.719 2.745 2.771 2.797 2.823 2.849 2.875 2.900 2.920 2.931 2.942 2.953 2.964 2.975 2.986 2.997 3.008 3.019 3.030 3.041 3.052 3.064 3.075 3.086 3.097 3.108 3.147 3.166 3.180 3.193
0.000 0.000 0.000 0.000 0.000 0.000 0.000 0.000 0.755 0.915 0.925 1.025 1.095 1.155 1.195 1.345 1.345 1.405 1.385 1.395 1.595 1.546 1.686 1.657 1.617 1.708 1.789 1.739 1.710 1.771 1.862 1.842 1.923 1.834 1.975 2.364 2.401 2.438 2.008 2.513 2.541 2.567 2.593 2.618 2.644 2.670 2.695 2.721 2.747 2.773 2.799 2.825 2.850 2.876 2.895 2.914 2.927 2.938 2.950 2.961 2.972 2.983 2.994 3.005 3.016 3.027 3.038 3.049 3.060 3.072 3.083 3.094 3.109 3.160 3.205 3.219 3.232
0.000 0.000 0.000 0.000 0.000 0.000 0.000 0.000 0.000 0.795 1.175 1.005 1.186 1.176 1.236 1.156 1.296 1.356 1.476 1.456 1.436 1.517 1.607 1.598 1.668 1.799 1.729 1.760 1.831 1.832 1.823 1.953 2.250 2.287 2.325 2.362 2.399 2.436 1.988 2.511 2.543 2.569 2.594 2.620 2.646 2.672 2.697 2.723 2.749 2.775 2.801 2.826 2.848 2.866 2.883 2.903 2.923 2.935 2.946 2.958 2.969 2.980 2.991 3.002 3.013 3.024 3.035 3.046 3.057 3.068 3.080 3.091 3.122 3.173 3.223 3.258 3.271
0.000 0.000 0.000 0.000 0.000 0.000 0.000 0.000 0.000 0.766 1.016 1.106 1.196 1.156 1.247 1.237 1.327 1.327 1.417 1.597 1.527 1.708 1.718 1.609 1.769 1.670 1.750 1.801 1.822 1.833 1.803 1.774 1.865 1.945 1.976 2.360 1.968 2.435 2.472 2.509 2.545 2.571 2.596 2.622 2.648 2.673 2.699 2.725 2.751 2.776 2.802 2.819 2.836 2.854 2.871 2.892 2.912 2.932 2.943 2.954 2.965 2.977 2.988 2.999 3.010 3.021 3.032 3.043 3.054 3.065 3.076 3.088 3.134 3.185 3.236 3.287 3.310
0.000 0.000 0.000 0.000 0.000 0.000 0.000 0.000 0.000 0.796 0.976 1.007 1.197 1.107 1.197 1.187 1.197 1.368 1.428 1.418 1.498 1.508 1.499 1.649 1.600 1.631 1.731 1.782 1.723 1.773 1.934 1.825 1.956 1.926 1.997 1.868 2.396 2.433 2.470 2.507 2.545 2.572 2.598 2.624 2.650 2.675 2.701 2.727 2.753 2.772 2.790 2.807 2.825 2.842 2.860 2.880 2.901 2.921 2.940 2.951 2.962 2.973 2.985 2.996 3.007 3.018 3.029 3.040 3.051 3.062 3.073 3.096 3.147 3.198 3.248 3.299 3.349
0.000 0.000 0.000 0.000 0.000 0.000 0.000 0.000 0.000 0.000 1.037 1.027 1.157 1.058 1.308 1.298 1.218 1.278 1.378 1.459 1.509 1.529 1.650 1.640 1.671 1.671 1.722 1.793 1.833 1.844 1.935 1.806 1.846 1.977 1.928 1.879 2.394 2.431 2.468 1.991 2.012 2.574 2.600 2.626 2.652 2.677 2.703 2.726 2.743 2.761 2.778 2.796 2.813 2.831 2.849 2.869 2.889 2.910 2.930 2.948 2.959 2.970 2.981 2.993 3.004 3.015 3.026 3.037 3.048 3.059 3.070 3.108 3.159 3.210 3.261 3.312 3.363
0.000 0.000 0.000 0.000 0.000 0.000 0.000 0.000 0.000 0.000 1.088 1.028 1.038 1.038 1.258 1.278 1.239 1.279 1.369 1.349 1.370 1.490 1.590 1.611 1.632 1.702 1.753 1.753 1.774 1.755 1.856 1.867 1.927 2.008 1.949 2.355 2.392 2.430 2.467 2.504 2.541 2.013 2.602 2.628 2.653 2.679 2.697 2.715 2.732 2.749 2.767 2.784 2.801 2.819 2.838 2.858 2.878 2.899 2.919 2.939 2.956 2.967 2.978 2.989 3.001 3.012 3.023 3.034 3.045 3.056 3.070 3.121 3.172 3.223 3.274 3.324 3.375
0.000 0.000 0.000 0.000 0.000 0.000 0.000 0.000 0.000 0.000 0.998 1.118 0.948 1.019 1.099 1.209 1.319 1.289 1.380 1.420 1.390 1.611 1.541 1.442 1.592 1.683 1.713 1.764 1.785 1.806 1.767 1.857 1.828 1.979 2.316 2.000 2.391 2.428 2.465 2.502 2.539 2.577 2.604 2.630 2.651 2.668 2.686 2.703 2.720 2.738 2.755 2.772 2.790 2.807 2.826 2.847 2.867 2.887 2.908 2.928 2.948 2.964 2.975 2.986 2.997 3.008 3.020 3.031 3.042 3.053 3.083 3.134 3.184 3.235 3.286 3.337 3.388
0.000 0.000 0.000 0.000 0.000 0.000 0.000 0.000 0.000 0.000 0.000 1.138 1.069 0.999 1.079 1.209 1.329 1.310 1.300 1.380 1.471 1.451 1.492 1.653 1.713 1.694 1.674 1.775 1.916 1.846 1.767 1.938 1.939 1.920 1.911 1.961 2.389 1.963 2.003 2.501 2.538 2.575 2.605 2.622 2.640 2.657 2.674 2.692 2.709 2.726 2.743 2.761 2.778 2.796 2.815 2.835 2.856 2.876 2.896 2.917 2.937 2.957 2.972 2.983 2.994 3.005 3.016 3.027 3.039 3.050 3.095 3.146 3.197 3.248 3.299 3.349 3.400
0.000 0.000 0.000 0.000 0.000 0.000 0.000 0.000 0.000 0.000 0.000 0.939 1.199 0.979 1.170 1.260 1.280 1.370 1.341 1.321 1.301 1.432 1.473 1.583 1.664 1.624 1.705 1.726 1.846 1.827 1.768 1.899 1.870 1.891 2.312 2.350 1.973 1.914 1.994 2.498 2.536 2.573 2.594 2.611 2.628 2.645 2.663 2.680 2.697 2.715 2.732 2.749 2.767 2.784 2.804 2.824 2.845 2.865 2.885 2.906 2.926 2.946 2.966 2.980 2.991 3.002 3.013 3.024 3.035 3.057 3.108 3.159 3.209 3.260 3.311 3.362 3.413
0.000 0.000 0.000 0.000 0.000 0.000 0.000 0.000 0.000 0.000 0.000 0.000 1.020 1.050 1.070 1.200 1.250 1.351 1.311 1.322 1.432 1.423 1.483 1.594 1.674 1.515 1.726 1.597 1.727 1.798 1.799 1.860 1.841 1.862 1.972 2.347 2.004 2.422 1.865 1.986 2.533 2.567 2.583 2.600 2.617 2.634 2.651 2.668 2.686 2.703 2.720 2.738 2.755 2.773 2.793 2.813 2.833 2.854 2.874 2.894 2.915 2.935 2.955 2.975 2.987 2.999 3.010 3.021 3.032 3.069 3.120 3.171 3.222 3.273 3.324 3.374 3.425
0.000 0.000 0.000 0.000 0.000 0.000 0.000 0.000 0.000 0.000 0.000 0.000 0.890 1.100 1.061 1.151 1.221 1.311 1.392 1.282 1.333 1.433 1.484 1.465 1.555 1.576 1.637 1.757 1.818 1.759 1.780 1.781 1.902 1.862 1.913 2.345 2.382 2.419 2.456 2.494 2.531 2.557 2.573 2.589 2.605 2.622 2.639 2.657 2.674 2.691 2.709 2.726 2.743 2.761 2.782 2.802 2.822 2.842 2.863 2.883 2.903 2.924 2.944 2.964 2.984 2.995 3.007 3.018 3.031 3.082 3.133 3.183 3.234 3.285 3.336 3.387 3.438
0.000 0.000 0.000 0.000 0.000 0.000 0.000 0.000 0.000 0.000 0.000 0.000 0.000 0.961 1.061 1.071 1.172 1.242 1.392 1.473 1.393 1.364 1.445 1.525 1.706 1.587 1.618 1.658 1.749 1.730 1.931 1.861 1.862 1.973 1.904 1.965 1.965 2.417 2.454 2.491 2.528 2.546 2.562 2.579 2.595 2.611 2.628 2.645 2.662 2.680 2.697 2.714 2.732 2.750 2.770 2.791 2.811 2.831 2.851 2.872 2.892 2.912 2.933 2.953 2.973 2.992 3.003 3.014 3.043 3.094 3.145 3.196 3.247 3.298 3.348 3.399 3.450
0.000 0.000 0.000 0.000 0.000 0.000 0.000 0.000 0.000 0.000 0.000 0.000 0.000 0.881 1.072 1.032 1.092 1.283 1.253 1.464 1.324 1.495 1.406 1.546 1.637 1.678 1.708 1.709 1.740 1.901 1.941 1.832 1.993 1.854 1.885 1.915 2.377 2.007 2.452 2.489 2.519 2.535 2.552 2.568 2.584 2.601 2.617 2.634 2.651 2.668 2.686 2.703 2.720 2.739 2.759 2.780 2.800 2.820 2.840 2.861 2.881 2.901 2.921 2.942 2.962 2.982 3.000 3.011 3.055 3.106 3.157 3.208 3.259 3.310 3.361 3.412 3.462
0.000 0.000 0.000 0.000 0.000 0.000 0.000 0.000 0.000 0.000 0.000 0.000 0.000 0.000 1.122 0.993 1.153 1.183 1.314 1.374 1.465 1.456 1.526 1.447 1.548 1.548 1.729 1.650 1.721 1.731 1.782 1.773 1.804 1.885 1.985 1.896 1.977 1.858 2.449 2.486 2.509 2.525 2.541 2.558 2.574 2.590 2.607 2.623 2.640 2.657 2.674 2.691 2.709 2.728 2.748 2.768 2.789 2.809 2.829 2.849 2.870 2.890 2.910 2.930 2.951 2.971 2.991 3.017 3.067 3.115 3.163 3.212 3.260 3.308 3.356 3.404 3.452
0.000 0.000 0.000 0.000 0.000 0.000 0.000 0.000 0.000 0.000 0.000 0.000 0.000 0.000 0.653 0.963 1.083 1.034 1.284 1.365 1.416 1.586 1.397 1.528 1.478 1.609 1.640 1.631 1.721 1.902 1.843 1.734 1.714 1.865 2.297 1.977 2.372 1.978 2.446 2.482 2.498 2.514 2.531 2.547 2.563 2.580 2.596 2.612 2.629 2.645 2.663 2.680 2.697 2.717 2.737 2.757 2.777 2.798 2.818 2.838 2.858 2.879 2.899 2.919 2.941 2.962 2.984 3.014 3.057 3.105 3.153 3.201 3.249 3.297 3.346 3.394 3.442
0.000 0.000 0.000 0.000 0.000 0.000 0.000 0.000 0.000 0.000 0.000 0.000 0.000 0.000 0.000 0.933 1.124 1.164 1.255 1.265 1.376 1.527 1.448 1.448 1.529 1.460 1.471 1.571 1.632 1.723 1.684 1.864 1.925 1.846 1.947 1.918 1.998 2.407 2.444 2.471 2.487 2.504 2.520 2.536 2.553 2.569 2.585 2.602 2.618 2.635 2.651 2.668 2.686 2.706 2.726 2.746 2.766 2.787 2.807 2.827 2.848 2.870 2.892 2.913 2.935 2.957 2.979 3.012 3.050 3.095 3.143 3.191 3.239 3.287 3.335 3.383 3.431
0.000 0.000 0.000 0.000 0.000 0.000 0.000 0.000 0.000 0.000 0.000 0.000 0.000 0.000 0.000 0.152 1.114 1.065 1.125 1.186 1.347 1.468 1.318 1.459 1.450 1.581 1.522 1.702 1.673 1.714 1.694 1.815 1.906 1.837 1.858 1.898 1.919 2.404 2.441 1.951 1.992 2.493 2.509 2.526 2.542 2.559 2.575 2.591 2.608 2.624 2.640 2.657 2.675 2.695 2.715 2.735 2.757 2.778 2.800 2.822 2.843 2.865 2.886 2.908 2.930 2.952 2.973 3.011 3.049 3.087 3.133 3.181 3.229 3.277 3.325 3.373 3.421
0.000 0.000 0.000 0.000 0.000 0.000 0.000 0.000 0.000 0.000 0.000 0.000 0.000 0.000 0.000 0.000 0.555 1.195 1.156 1.187 1.308 1.338 1.439 1.500 1.591 1.521 1.692 1.663 1.674 1.674 1.745 1.856 1.787 1.788 1.908 1.929 2.364 1.910 1.951 2.450 2.466 2.482 2.499 2.004 2.532 2.548 2.564 2.581 2.597 2.613 2.630 2.646 2.665 2.687 2.708 2.730 2.751 2.773 2.795 2.816 2.838 2.859 2.881 2.903 2.924 2.946 2.971 3.010 3.048 3.086 3.124 3.171 3.219 3.267 3.315 3.363 3.411
0.000 0.000 0.000 0.000 0.000 0.000 0.000 0.000 0.000 0.000 0.000 0.000 0.000 0.000 0.000 0.000 0.000 0.976 1.207 1.187 1.268 1.309 1.520 1.491 1.401 1.442 1.503 1.504 1.654 1.695 1.766 1.767 1.738 1.808 1.959 1.950 1.961 2.021 1.992 2.439 2.456 2.472 2.488 2.505 2.521 2.537 2.554 2.571 2.588 2.606 2.623 2.641 2.661 2.682 2.703 2.725 2.746 2.768 2.789 2.811 2.833 2.854 2.876 2.898 2.919 2.941 2.970 3.008 3.046 3.084 3.122 3.161 3.209 3.257 3.305 3.353 3.401
0.000 0.000 0.000 0.000 0.000 0.000 0.000 0.000 0.000 0.000 0.000 0.000 0.000 0.000 0.000 0.000 0.000 0.157 1.167 1.198 1.289 1.360 1.370 1.411 1.582 1.443 1.574 1.554 1.535 1.616 1.777 1.728 1.808 1.869 1.850 1.871 1.771 2.396 1.993 1.983 1.994 2.461 2.478 2.495 2.513 2.530 2.548 2.565 2.583 2.600 2.618 2.635 2.656 2.677 2.698 2.720 2.741 2.763 2.784 2.806 2.827 2.849 2.871 2.892 2.914 2.936 2.969 3.007 3.045 3.083 3.121 3.159 3.198 3.246 3.294 3.342 3.390
0.000 0.000 0.000 0.000 0.000 0.000 0.000 0.000 0.000 0.000 0.000 0.000 0.000 0.000 0.000 0.000 0.000 0.000 0.608 1.048 1.209 1.320 1.301 1.312 1.433 1.464 1.454 1.595 1.646 1.677 1.688 1.758 1.729 1.710 1.801 1.971 1.872 2.003 2.403 1.984 2.438 2.455 2.473 2.490 2.507 2.525 2.542 2.560 2.577 2.595 2.612 2.630 2.651 2.672 2.693 2.714 2.736 2.757 2.779 2.801 2.822 2.844 2.865 2.887 2.909 2.930 2.967 3.005 3.043 3.081 3.119 3.157 3.196 3.236 3.284 3.332 3.380
0.000 0.000 0.000 0.000 0.000 0.000 0.000 0.000 0.000 0.000 0.000 0.000 0.000 0.000 0.000 0.000 0.000 0.000 0.000 1.019 1.150 1.261 1.372 1.442 1.283 1.394 1.525 1.506 1.577 1.557 1.698 1.789 1.860 1.881 1.911 1.982 1.893 2.003 2.004 1.945 2.005 2.450 2.467 2.484 2.502 2.519 2.537 2.554 2.572 2.589 2.607 2.626 2.647 2.668 2.689 2.709 2.731 2.752 2.774 2.795 2.817 2.838 2.860 2.882 2.903 2.928 2.966 3.004 3.042 3.080 3.118 3.156 3.194 3.232 3.274 3.322 3.370
0.000 0.000 0.000 0.000 0.000 0.000 0.000 0.000 0.000 0.000 0.000 0.000 0.000 0.000 0.000 0.000 0.000 0.000 0.000 0.072 1.011 1.122 1.232 1.333 1.384 1.495 1.616 1.557 1.557 1.538 1.649 1.660 1.771 1.781 1.792 1.873 1.853 1.944 2.374 2.409 1.976 2.444 2.461 2.479 2.496 2.514 2.531 2.549 2.566 2.584 2.601 2.621 2.642 2.663 2.684 2.705 2.726 2.747 2.768 2.790 2.812 2.833 2.855 2.876 2.898 2.926 2.964 3.002 3.040 3.078 3.116 3.154 3.193 3.231 3.269 3.312 3.360
0.000 0.000 0.000 0.000 0.000 0.000 0.000 0.000 0.000 0.000 0.000 0.000 0.000 0.000 0.000 0.000 0.000 0.000 0.000 0.000 0.403 1.173 1.093 1.124 1.375 1.476 1.487 1.557 1.528 1.649 1.630 1.600 1.721 1.772 1.853 1.843 1.904 1.845 1.895 2.396 1.977 2.438 2.456 2.473 2.491 2.508 2.526 2.543 2.561 2.578 2.596 2.616 2.637 2.658 2.679 2.700 2.721 2.742 2.763 2.785 2.806 2.828 2.849 2.871 2.893 2.925 2.963 3.001 3.039 3.077 3.115 3.153 3.191 3.229 3.267 3.305 3.349
0.000 0.000 0.000 0.000 0.000 0.000 0.000 0.000 0.000 0.000 0.000 0.000 0.000 0.000 0.000 0.000 0.000 0.000 0.000 0.000 0.000 0.943 1.184 1.185 1.316 1.387 1.477 1.418 1.469 1.610 1.640 1.641 1.722 1.753 1.853 1.784 1.980 1.945 1.996 2.309 2.416 1.988 2.028 2.468 2.485 2.503 2.520 2.538 2.555 2.573 2.591 2.612 2.633 2.654 2.675 2.696 2.716 2.737 2.758 2.779 2.801 2.823 2.844 2.866 2.887 2.924 2.962 3.000 3.038 3.076 3.114 3.152 3.190 3.228 3.266 3.304 3.342
0.000 0.000 0.000 0.000 0.000 0.000 0.000 0.000 0.000 0.000 0.000 0.000 0.000 0.000 0.000 0.000 0.000 0.000 0.000 0.000 0.000 0.006 1.185 1.056 1.217 1.427 1.438 1.499 1.560 1.400 1.671 1.572 1.743 1.833 1.784 1.885 1.856 2.002 2.017 2.017 2.028 2.427 2.445 2.030 2.480 2.497 2.515 2.532 2.550 2.567 2.586 2.607 2.628 2.649 2.670 2.691 2.712 2.733 2.754 2.774 2.796 2.817 2.839 2.860 2.884 2.922 2.960 2.998 3.036 3.074 3.112 3.150 3.188 3.226 3.264 3.302 3.338
0.000 0.000 0.000 0.000 0.000 0.000 0.000 0.000 0.000 0.000 0.000 0.000 0.000 0.000 0.000 0.000 0.000 0.000 0.000 0.000 0.000 0.000 0.266 1.187 1.128 1.388 1.369 1.430 1.551 1.521 1.492 1.723 1.664 1.694 1.755 1.896 1.786 1.867 1.987 1.948 1.949 2.355 2.439 2.457 2.001 2.492 2.509 2.527 2.544 2.561 2.582 2.602 2.623 2.644 2.665 2.686 2.707 2.728 2.749 2.770 2.791 2.812 2.834 2.855 2.883 2.921 2.959 2.997 3.035 3.073 3.111 3.149 3.187 3.218 3.245 3.273 3.301
