includes/overflow_coast_v/floodfiles/results/res-0003.wd
ncols         631
nrows         906
xllcorner     364927.146600
yllcorner     6531972.565600
cellsize      20.000000
NODATA_value  -9999.000000
[rows 34 to 67 of 906, columns 462 to 538 of 631]
17.453 17.377 17.301 17.226 17.151 17.077 17.003 16.929 16.857 16.790 16.722 16.653 16.586 16.518 16.449 16.381 16.313 16.252 16.207 16.161 16.116 16.071 16.025 15.980 15.934 15.889 15.843 15.798 15.753 15.707 15.649 15.585 15.521 15.458 15.393 15.329 15.266 15.201 15.137 15.074 15.009 14.945 14.881 14.841 14.810 14.779 14.749 14.718 14.688 14.657 14.626 14.596 14.608 14.649 14.692 14.733 14.796 14.893 14.989 15.087 15.183 15.279 15.381 15.488 15.597 15.704 15.811 15.919 16.027 16.135 16.239 16.343 16.448 16.551 16.656 16.715 16.758
17.457 17.383 17.307 17.232 17.157 17.083 17.009 16.935 16.860 16.787 16.719 16.650 16.583 16.515 16.446 16.378 16.311 16.251 16.205 16.160 16.115 16.069 16.024 15.979 15.933 15.887 15.842 15.797 15.755 15.713 15.665 15.609 15.544 15.481 15.417 15.353 15.288 15.225 15.161 15.096 15.033 14.969 14.904 14.867 14.836 14.805 14.775 14.744 14.713 14.683 14.652 14.621 14.591 14.573 14.615 14.657 14.723 14.820 14.917 15.014 15.117 15.224 15.333 15.440 15.547 15.655 15.763 15.871 15.978 16.086 16.190 16.294 16.399 16.503 16.608 16.712 16.795
17.463 17.388 17.313 17.238 17.163 17.089 17.015 16.941 16.866 16.793 16.719 16.647 16.579 16.512 16.443 16.375 16.308 16.250 16.204 16.158 16.114 16.068 16.022 15.977 15.932 15.886 15.845 15.805 15.763 15.722 15.672 15.620 15.567 15.504 15.440 15.376 15.312 15.249 15.184 15.120 15.057 14.992 14.928 14.894 14.863 14.832 14.802 14.771 14.740 14.710 14.679 14.648 14.618 14.587 14.556 14.580 14.651 14.748 14.853 14.960 15.069 15.176 15.284 15.391 15.499 15.607 15.714 15.823 15.930 16.037 16.142 16.245 16.350 16.454 16.558 16.663 16.767
17.469 17.394 17.319 17.244 17.169 17.095 17.021 16.947 16.872 16.799 16.725 16.650 16.576 16.509 16.440 16.372 16.305 16.249 16.203 16.157 16.112 16.067 16.021 15.976 15.936 15.895 15.854 15.813 15.772 15.731 15.680 15.627 15.575 15.522 15.464 15.400 15.335 15.272 15.208 15.144 15.080 15.016 14.952 14.920 14.889 14.858 14.828 14.797 14.766 14.736 14.705 14.674 14.644 14.614 14.583 14.553 14.589 14.697 14.805 14.912 15.020 15.128 15.235 15.343 15.450 15.559 15.666 15.773 15.881 15.988 16.093 16.197 16.301 16.406 16.509 16.614 16.718
17.474 17.400 17.325 17.250 17.175 17.101 17.027 16.953 16.878 16.805 16.730 16.656 16.582 16.508 16.438 16.369 16.301 16.247 16.202 16.156 16.111 16.068 16.026 15.985 15.945 15.903 15.862 15.822 15.781 15.739 15.686 15.635 15.582 15.530 15.478 15.423 15.359 15.296 15.231 15.167 15.103 15.040 14.977 14.946 14.916 14.885 14.854 14.824 14.793 14.762 14.732 14.701 14.671 14.639 14.603 14.568 14.597 14.654 14.756 14.864 14.972 15.079 15.186 15.295 15.402 15.510 15.617 15.725 15.833 15.939 16.044 16.148 16.252 16.357 16.461 16.566 16.669
17.480 17.406 17.331 17.256 17.181 17.107 17.033 16.958 16.884 16.811 16.736 16.662 16.588 16.514 16.440 16.366 16.298 16.246 16.200 16.158 16.118 16.076 16.035 15.994 15.953 15.912 15.871 15.831 15.789 15.747 15.694 15.642 15.590 15.537 15.486 15.433 15.380 15.318 15.255 15.191 15.127 15.063 15.003 14.972 14.942 14.911 14.880 14.850 14.819 14.788 14.758 14.725 14.689 14.654 14.619 14.584 14.620 14.678 14.736 14.815 14.922 15.031 15.138 15.246 15.354 15.461 15.569 15.676 15.785 15.891 15.995 16.100 16.203 16.308 16.412 16.516 16.621
17.486 17.411 17.337 17.262 17.186 17.112 17.039 16.964 16.890 16.817 16.742 16.668 16.594 16.520 16.446 16.372 16.297 16.249 16.208 16.166 16.125 16.085 16.044 16.002 15.962 15.921 15.879 15.838 15.798 15.754 15.701 15.650 15.597 15.545 15.493 15.440 15.388 15.335 15.279 15.214 15.150 15.087 15.030 14.999 14.969 14.938 14.907 14.877 14.846 14.811 14.776 14.741 14.705 14.670 14.635 14.599 14.644 14.701 14.760 14.818 14.875 14.982 15.090 15.198 15.305 15.412 15.521 15.628 15.735 15.842 15.946 16.051 16.155 16.259 16.363 16.467 16.572
17.492 17.417 17.343 17.268 17.192 17.118 17.045 16.970 16.896 16.822 16.748 16.674 16.600 16.525 16.452 16.376 16.300 16.256 16.216 16.175 16.134 16.093 16.052 16.011 15.971 15.929 15.888 15.847 15.806 15.761 15.709 15.657 15.605 15.552 15.500 15.448 15.395 15.343 15.291 15.238 15.174 15.110 15.056 15.025 14.995 14.964 14.932 14.898 14.862 14.827 14.792 14.756 14.721 14.686 14.650 14.615 14.667 14.725 14.782 14.841 14.899 14.957 15.041 15.149 15.257 15.364 15.472 15.580 15.687 15.794 15.897 16.002 16.106 16.210 16.315 16.419 16.524
17.498 17.423 17.349 17.273 17.198 17.124 17.051 16.976 16.902 16.828 16.754 16.680 16.605 16.529 16.454 16.379 16.303 16.261 16.223 16.183 16.142 16.102 16.061 16.020 15.978 15.938 15.897 15.855 15.815 15.769 15.716 15.665 15.612 15.560 15.507 15.455 15.403 15.350 15.299 15.246 15.193 15.134 15.083 15.052 15.019 14.984 14.948 14.913 14.878 14.842 14.807 14.772 14.736 14.702 14.666 14.632 14.690 14.748 14.806 14.865 14.922 14.981 15.039 15.100 15.208 15.316 15.423 15.531 15.638 15.745 15.849 15.953 16.057 16.161 16.266 16.370 16.474
17.504 17.429 17.355 17.279 17.204 17.130 17.057 16.982 16.908 16.834 16.760 16.684 16.608 16.532 16.457 16.381 16.306 16.267 16.229 16.189 16.150 16.111 16.069 16.028 15.987 15.947 15.905 15.864 15.824 15.776 15.724 15.671 15.620 15.567 15.514 15.463 15.410 15.358 15.305 15.254 15.201 15.148 15.106 15.070 15.034 15.000 14.964 14.928 14.894 14.858 14.823 14.788 14.752 14.717 14.682 14.655 14.714 14.772 14.829 14.888 14.946 15.003 15.062 15.120 15.178 15.267 15.375 15.483 15.590 15.695 15.800 15.904 16.009 16.113 16.217 16.328 16.438
17.489 17.435 17.360 17.285 17.210 17.136 17.063 16.988 16.913 16.837 16.762 16.686 16.610 16.535 16.460 16.384 16.312 16.273 16.235 16.195 16.156 16.117 16.078 16.037 15.995 15.955 15.914 15.873 15.832 15.784 15.731 15.679 15.627 15.575 15.522 15.470 15.418 15.365 15.313 15.262 15.214 15.166 15.125 15.086 15.050 15.015 14.980 14.944 14.910 14.874 14.838 14.804 14.768 14.732 14.698 14.679 14.736 14.795 14.853 14.910 14.969 15.027 15.085 15.143 15.201 15.260 15.326 15.434 15.542 15.647 15.751 15.855 15.961 16.072 16.182 16.293 16.403
17.459 17.408 17.359 17.291 17.216 17.142 17.067 16.991 16.916 16.840 16.765 16.689 16.613 16.537 16.462 16.386 16.318 16.279 16.241 16.201 16.162 16.122 16.084 16.045 16.004 15.964 15.923 15.881 15.840 15.791 15.739 15.686 15.635 15.582 15.529 15.477 15.425 15.376 15.328 15.281 15.233 15.185 15.145 15.106 15.067 15.030 14.996 14.960 14.924 14.890 14.854 14.818 14.784 14.748 14.714 14.702 14.760 14.818 14.876 14.934 14.993 15.050 15.108 15.167 15.224 15.283 15.341 15.398 15.493 15.598 15.705 15.815 15.926 16.037 16.147 16.258 16.368
17.428 17.378 17.328 17.278 17.221 17.145 17.070 16.994 16.918 16.842 16.766 16.692 16.616 16.540 16.464 16.389 16.324 16.285 16.247 16.207 16.168 16.128 16.090 16.051 16.011 15.972 15.931 15.890 15.849 15.799 15.746 15.694 15.642 15.590 15.538 15.490 15.443 15.395 15.347 15.300 15.252 15.204 15.164 15.126 15.087 15.048 15.011 14.976 14.940 14.906 14.870 14.834 14.800 14.764 14.728 14.726 14.783 14.841 14.900 14.957 15.016 15.074 15.131 15.190 15.248 15.305 15.364 15.422 15.457 15.559 15.669 15.781 15.891 16.002 16.112 16.222 16.334
17.397 17.349 17.307 17.264 17.208 17.144 17.072 16.997 16.921 16.845 16.769 16.694 16.618 16.542 16.467 16.392 16.330 16.291 16.252 16.213 16.174 16.134 16.096 16.057 16.017 15.978 15.940 15.898 15.857 15.806 15.754 15.701 15.652 15.605 15.557 15.509 15.462 15.414 15.366 15.317 15.270 15.222 15.184 15.146 15.107 15.068 15.030 14.992 14.956 14.921 14.886 14.850 14.815 14.780 14.744 14.749 14.807 14.864 14.923 14.981 15.038 15.097 15.155 15.214 15.271 15.329 15.360 15.373 15.387 15.499 15.629 15.746 15.856 15.966 16.078 16.188 16.299
17.377 17.334 17.292 17.249 17.192 17.129 17.065 16.999 16.923 16.848 16.772 16.697 16.621 16.545 16.469 16.394 16.336 16.297 16.258 16.219 16.180 16.140 16.102 16.063 16.023 15.984 15.946 15.906 15.865 15.814 15.767 15.719 15.671 15.624 15.576 15.528 15.480 15.432 15.384 15.336 15.289 15.242 15.204 15.166 15.127 15.088 15.050 15.012 14.973 14.936 14.901 14.866 14.830 14.796 14.760 14.772 14.830 14.888 14.947 15.004 15.062 15.121 15.178 15.236 15.263 15.276 15.290 15.304 15.317 15.433 15.564 15.695 15.821 15.932 16.043 16.153 16.263
17.363 17.320 17.277 17.235 17.176 17.113 17.050 16.987 16.924 16.850 16.774 16.700 16.624 16.548 16.472 16.397 16.342 16.303 16.264 16.225 16.186 16.146 16.107 16.069 16.029 15.990 15.951 15.908 15.866 15.833 15.786 15.738 15.690 15.643 15.594 15.546 15.498 15.451 15.403 15.355 15.308 15.262 15.224 15.185 15.147 15.108 15.069 15.032 14.993 14.954 14.917 14.882 14.846 14.811 14.776 14.795 14.854 14.911 14.969 15.028 15.085 15.144 15.165 15.179 15.193 15.207 15.220 15.234 15.248 15.368 15.498 15.628 15.760 15.890 16.008 16.118 16.228
17.349 17.306 17.263 17.221 17.160 17.097 17.034 16.971 16.908 16.845 16.777 16.702 16.626 16.550 16.475 16.400 16.348 16.309 16.270 16.231 16.192 16.152 16.113 16.075 16.034 15.990 15.946 15.901 15.861 15.832 15.804 15.756 15.708 15.660 15.613 15.565 15.517 15.470 15.422 15.374 15.327 15.282 15.244 15.205 15.167 15.128 15.089 15.052 15.013 14.974 14.936 14.897 14.862 14.827 14.791 14.818 14.877 14.935 14.992 15.051 15.068 15.082 15.096 15.110 15.124 15.137 15.151 15.165 15.178 15.301 15.432 15.563 15.694 15.824 15.955 16.083 16.194
17.335 17.292 17.249 17.207 17.144 17.081 17.018 16.956 16.892 16.829 16.766 16.703 16.629 16.553 16.477 16.401 16.354 16.315 16.276 16.237 16.198 16.158 16.116 16.072 16.027 15.983 15.938 15.894 15.856 15.828 15.800 15.771 15.727 15.679 15.632 15.584 15.536 15.489 15.441 15.392 15.344 15.302 15.264 15.225 15.187 15.148 15.109 15.072 15.033 14.994 14.955 14.917 14.879 14.842 14.807 14.842 14.900 14.958 14.971 14.986 14.999 15.013 15.027 15.040 15.054 15.068 15.081 15.096 15.109 15.236 15.367 15.497 15.627 15.759 15.889 16.020 16.151
17.321 17.278 17.235 17.192 17.129 17.065 17.002 16.940 16.877 16.813 16.750 16.687 16.625 16.556 16.480 16.404 16.360 16.321 16.281 16.242 16.198 16.154 16.109 16.065 16.020 15.975 15.931 15.887 15.852 15.823 15.794 15.766 15.737 15.698 15.651 15.603 15.554 15.506 15.459 15.411 15.363 15.322 15.284 15.245 15.207 15.168 15.129 15.091 15.053 15.014 14.975 14.937 14.899 14.860 14.823 14.861 14.874 14.889 14.902 14.915 14.930 14.943 14.958 14.971 14.984 14.999 15.012 15.025 15.040 15.170 15.301 15.432 15.562 15.693 15.823 15.954 16.085
17.306 17.263 17.220 17.176 17.113 17.050 16.986 16.923 16.861 16.798 16.734 16.671 16.609 16.546 16.482 16.407 16.366 16.325 16.280 16.235 16.191 16.147 16.102 16.057 16.013 15.968 15.924 15.880 15.847 15.818 15.789 15.761 15.732 15.703 15.668 15.621 15.573 15.525 15.478 15.430 15.382 15.342 15.303 15.265 15.226 15.188 15.149 15.111 15.073 15.034 14.995 14.957 14.919 14.877 14.836 14.798 14.805 14.819 14.833 14.846 14.861 14.874 14.887 14.902 14.915 14.929 14.943 14.956 14.974 15.104 15.235 15.366 15.496 15.628 15.758 15.888 16.019
17.292 17.249 17.206 17.160 17.097 17.034 16.970 16.907 16.845 16.782 16.718 16.655 16.593 16.530 16.467 16.407 16.362 16.318 16.273 16.228 16.184 16.139 16.095 16.050 16.006 15.961 15.916 15.872 15.842 15.813 15.784 15.756 15.728 15.699 15.670 15.640 15.592 15.544 15.497 15.449 15.401 15.361 15.323 15.285 15.246 15.208 15.169 15.130 15.093 15.054 15.014 14.971 14.930 14.887 14.844 14.808 14.771 14.750 14.763 14.777 14.791 14.805 14.818 14.832 14.846 14.859 14.873 14.887 14.909 15.039 15.169 15.300 15.431 15.561 15.692 15.823 15.954
17.278 17.235 17.192 17.143 17.081 17.018 16.955 16.891 16.829 16.766 16.703 16.639 16.577 16.518 16.459 16.401 16.356 16.311 16.266 16.221 16.177 16.132 16.088 16.043 15.999 15.954 15.909 15.865 15.837 15.809 15.780 15.751 15.723 15.694 15.665 15.637 15.608 15.563 15.515 15.467 15.420 15.381 15.343 15.305 15.266 15.227 15.189 15.150 15.108 15.066 15.023 14.981 14.939 14.896 14.854 14.818 14.781 14.743 14.707 14.708 14.721 14.735 14.749 14.763 14.776 14.790 14.804 14.818 14.842 14.973 15.104 15.235 15.365 15.495 15.627 15.757 15.887
17.264 17.221 17.178 17.128 17.065 17.002 16.939 16.876 16.813 16.750 16.687 16.628 16.569 16.511 16.452 16.396 16.350 16.305 16.259 16.214 16.169 16.125 16.080 16.036 15.991 15.947 15.902 15.861 15.833 15.804 15.775 15.746 15.718 15.689 15.660 15.632 15.603 15.574 15.533 15.486 15.440 15.401 15.362 15.325 15.286 15.245 15.203 15.160 15.117 15.076 15.033 14.990 14.948 14.906 14.864 14.828 14.790 14.753 14.717 14.680 14.652 14.666 14.679 14.693 14.707 14.721 14.734 14.748 14.776 14.908 15.038 15.168 15.300 15.430 15.560 15.692 15.822
17.250 17.207 17.164 17.112 17.049 16.986 16.923 16.860 16.798 16.739 16.680 16.621 16.562 16.504 16.446 16.390 16.344 16.299 16.253 16.207 16.162 16.118 16.073 16.028 15.984 15.940 15.895 15.856 15.827 15.799 15.770 15.741 15.713 15.684 15.655 15.627 15.599 15.570 15.541 15.505 15.460 15.421 15.381 15.339 15.297 15.254 15.212 15.169 15.127 15.084 15.042 14.999 14.957 14.915 14.874 14.837 14.800 14.763 14.726 14.690 14.652 14.616 14.610 14.623 14.638 14.651 14.665 14.679 14.711 14.841 14.972 15.103 15.234 15.364 15.495 15.626 15.757
17.233 17.193 17.150 17.096 17.034 16.970 16.908 16.849 16.790 16.733 16.674 16.615 16.556 16.498 16.439 16.384 16.338 16.294 16.248 16.202 16.156 16.111 16.066 16.021 15.977 15.933 15.888 15.851 15.822 15.794 15.765 15.736 15.708 15.680 15.651 15.622 15.594 15.565 15.536 15.507 15.476 15.433 15.390 15.349 15.306 15.263 15.220 15.179 15.136 15.093 15.051 15.009 14.966 14.924 14.884 14.846 14.810 14.773 14.736 14.699 14.662 14.625 14.589 14.554 14.568 14.582 14.595 14.610 14.645 14.776 14.907 15.037 15.167 15.299 15.430 15.562 15.694
17.037 17.120 17.135 17.080 17.019 16.961 16.902 16.843 16.784 16.726 16.667 16.608 16.549 16.491 16.432 16.379 16.333 16.288 16.242 16.196 16.150 16.105 16.059 16.014 15.969 15.925 15.881 15.846 15.817 15.790 15.761 15.732 15.703 15.675 15.646 15.617 15.587 15.558 15.528 15.498 15.472 15.443 15.400 15.357 15.315 15.273 15.230 15.188 15.145 15.103 15.061 15.018 14.975 14.933 14.894 14.856 14.819 14.783 14.746 14.709 14.672 14.635 14.599 14.561 14.524 14.513 14.526 14.539 14.580 14.710 14.841 14.972 15.103 15.235 15.367 15.498 15.631
16.842 16.924 17.038 17.071 17.012 16.954 16.895 16.836 16.777 16.719 16.661 16.602 16.543 16.484 16.426 16.373 16.327 16.281 16.236 16.190 16.145 16.099 16.054 16.008 15.962 15.918 15.874 15.842 15.813 15.784 15.756 15.727 15.698 15.669 15.639 15.609 15.579 15.550 15.520 15.490 15.463 15.438 15.409 15.366 15.325 15.282 15.239 15.196 15.155 15.112 15.069 15.027 14.985 14.942 14.903 14.866 14.829 14.793 14.755 14.718 14.682 14.645 14.607 14.571 14.534 14.498 14.460 14.470 14.514 14.644 14.775 14.908 15.039 15.171 15.303 15.435 15.567
16.685 16.832 16.979 17.008 16.984 16.947 16.889 16.830 16.771 16.713 16.654 16.595 16.536 16.477 16.419 16.368 16.322 16.276 16.231 16.185 16.139 16.093 16.048 16.002 15.956 15.910 15.867 15.837 15.808 15.778 15.749 15.719 15.689 15.659 15.630 15.600 15.570 15.541 15.511 15.482 15.456 15.430 15.404 15.376 15.333 15.291 15.248 15.206 15.164 15.121 15.078 15.037 14.994 14.951 14.913 14.876 14.839 14.803 14.765 14.728 14.692 14.655 14.617 14.581 14.544 14.507 14.470 14.433 14.448 14.580 14.712 14.844 14.976 15.107 15.240 15.371 15.503
16.627 16.774 16.921 16.944 16.921 16.898 16.874 16.823 16.764 16.705 16.647 16.588 16.530 16.471 16.413 16.362 16.316 16.270 16.225 16.179 16.133 16.087 16.042 15.997 15.951 15.905 15.861 15.830 15.800 15.770 15.741 15.711 15.681 15.651 15.622 15.591 15.561 15.531 15.502 15.475 15.448 15.423 15.396 15.370 15.342 15.301 15.258 15.215 15.173 15.131 15.088 15.045 15.003 14.961 14.922 14.886 14.849 14.811 14.775 14.738 14.701 14.664 14.627 14.590 14.554 14.516 14.480 14.439 14.424 14.532 14.648 14.780 14.913 15.044 15.176 15.308 15.440
16.568 16.715 16.862 16.881 16.857 16.834 16.811 16.787 16.758 16.699 16.641 16.582 16.523 16.464 16.406 16.356 16.310 16.265 16.219 16.174 16.128 16.082 16.036 15.991 15.947 15.904 15.861 15.823 15.791 15.761 15.731 15.702 15.672 15.642 15.612 15.583 15.553 15.523 15.494 15.467 15.441 15.414 15.389 15.362 15.336 15.310 15.267 15.224 15.182 15.140 15.097 15.054 15.013 14.970 14.932 14.896 14.859 14.821 14.785 14.748 14.711 14.674 14.637 14.600 14.564 14.523 14.481 14.440 14.409 14.517 14.625 14.732 14.849 14.981 15.112 15.245 15.376
16.508 16.656 16.803 16.817 16.793 16.770 16.747 16.724 16.700 16.676 16.634 16.575 16.516 16.458 16.399 16.351 16.305 16.259 16.213 16.168 16.122 16.077 16.033 15.991 15.947 15.904 15.862 15.823 15.784 15.752 15.722 15.693 15.663 15.633 15.603 15.574 15.544 15.514 15.485 15.460 15.433 15.407 15.381 15.355 15.328 15.301 15.276 15.234 15.191 15.149 15.106 15.064 15.021 14.979 14.942 14.905 14.868 14.831 14.794 14.758 14.720 14.683 14.647 14.608 14.566 14.525 14.483 14.442 14.399 14.502 14.610 14.718 14.825 14.933 15.049 15.180 15.313
16.449 16.597 16.744 16.754 16.730 16.706 16.684 16.660 16.636 16.613 16.590 16.567 16.510 16.451 16.392 16.345 16.299 16.253 16.207 16.164 16.120 16.077 16.033 15.990 15.947 15.903 15.863 15.823 15.784 15.745 15.714 15.685 15.655 15.625 15.594 15.565 15.535 15.505 15.477 15.452 15.425 15.399 15.372 15.347 15.320 15.294 15.268 15.242 15.200 15.158 15.116 15.073 15.030 14.989 14.952 14.915 14.878 14.841 14.804 14.768 14.730 14.693 14.652 14.610 14.568 14.526 14.484 14.442 14.401 14.488 14.595 14.703 14.810 14.919 15.026 15.133 15.249
16.390 16.538 16.685 16.690 16.666 16.643 16.620 16.596 16.573 16.549 16.526 16.503 16.479 16.444 16.386 16.340 16.294 16.250 16.207 16.163 16.120 16.077 16.033 15.989 15.947 15.903 15.863 15.824 15.785 15.745 15.706 15.675 15.646 15.616 15.586 15.556 15.527 15.497 15.470 15.443 15.418 15.391 15.365 15.339 15.313 15.286 15.260 15.234 15.208 15.167 15.125 15.082 15.040 14.998 14.962 14.924 14.887 14.851 14.814 14.776 14.737 14.695 14.653 14.611 14.569 14.527 14.486 14.444 14.402 14.473 14.580 14.689 14.796 14.903 15.011 15.119 15.226
16.332 16.480 16.627 16.626 16.603 16.579 16.557 16.533 16.509 16.486 16.462 16.439 16.416 16.392 16.376 16.337 16.294 16.250 16.206 16.163 16.120 16.077 16.033 15.989 15.947 15.904 15.864 15.824 15.786 15.746 15.706 15.667 15.637 15.607 15.577 15.547 15.518 15.489 15.462 15.436 15.410 15.384 15.357 15.331 15.305 15.279 15.252 15.227 15.200 15.174 15.133 15.092 15.049 15.008 14.972 14.934 14.897 14.861 14.822 14.780 14.738 14.696 14.654 14.613 14.571 14.528 14.487 14.445 14.403 14.458 14.566 14.673 14.781 14.889 14.997 15.104 15.212
