includes/overflow_coast_v/floodfiles/results/res-0004.wdfp
ncols         631
nrows         906
xllcorner     364927.146667
yllcorner     6531972.565556
cellsize      20.000000
NODATA_value  -9999.000000
[rows 238 to 271 of 906, columns 385 to 461 of 631]
3.089 3.349 3.109 3.110 3.140 3.170 3.201 3.251 3.664 3.442 3.342 3.322 3.736 3.483 3.423 3.384 3.454 3.444 3.485 3.495 3.295 3.406 3.909 3.954 3.999 4.044 4.089 4.134 4.179 4.224 4.269 4.314 4.359 4.404 4.449 4.481 4.486 4.492 4.497 4.502 4.508 4.513 4.518 4.524 4.529 4.534 4.540 4.545 4.544 4.530 4.515 4.532 4.590 4.649 4.705 4.748 4.792 4.835 4.878 4.922 4.965 5.008 5.052 5.095 5.138 5.176 5.172 5.168 5.164 5.159 5.155 5.151 5.147 5.143 5.139 5.134 5.136
3.119 3.189 3.279 3.040 3.210 3.150 3.330 3.211 3.311 3.481 3.342 3.422 3.282 3.433 3.443 3.393 3.474 3.474 3.354 3.285 3.435 3.485 3.876 3.918 3.963 4.008 4.053 4.098 4.143 4.188 4.233 4.278 4.323 4.368 4.412 4.438 4.444 4.449 4.454 4.459 4.465 4.470 4.475 4.481 4.486 4.492 4.497 4.502 4.508 4.513 4.501 4.523 4.582 4.626 4.669 4.712 4.756 4.799 4.842 4.886 4.929 4.972 5.016 5.059 5.103 5.144 5.139 5.135 5.131 5.127 5.123 5.118 5.114 5.110 5.106 5.102 5.113
3.179 3.119 3.199 3.089 3.100 3.160 3.190 3.320 3.291 3.351 3.391 3.232 3.402 3.412 3.343 3.443 3.513 3.544 3.314 3.484 3.505 3.862 3.872 3.882 3.926 3.971 4.016 4.061 4.106 4.151 4.196 4.241 4.286 4.331 4.376 4.396 4.401 4.406 4.411 4.417 4.422 4.427 4.433 4.438 4.443 4.449 4.454 4.460 4.465 4.470 4.476 4.503 4.546 4.590 4.633 4.677 4.720 4.763 4.807 4.850 4.893 4.937 4.980 5.023 5.067 5.110 5.107 5.103 5.098 5.094 5.090 5.086 5.082 5.078 5.074 5.089 5.105
3.039 3.309 3.239 3.269 3.249 3.310 3.250 3.200 3.321 3.271 3.271 3.382 3.332 3.322 3.433 3.423 3.453 3.817 3.827 3.837 3.848 3.858 3.868 3.878 3.890 3.935 3.980 4.025 4.070 4.115 4.160 4.205 4.250 4.295 4.340 4.353 4.358 4.363 4.369 4.374 4.379 4.385 4.390 4.395 4.401 4.406 4.411 4.417 4.422 4.435 4.458 4.485 4.519 4.554 4.597 4.641 4.684 4.728 4.771 4.814 4.858 4.901 4.944 4.988 5.031 5.074 5.074 5.070 5.066 5.062 5.058 5.053 5.049 5.051 5.066 5.082 5.098
3.088 3.039 3.169 3.179 3.259 3.310 3.190 3.160 3.280 3.301 3.311 3.291 3.372 3.232 3.472 3.383 3.433 3.523 3.823 3.834 3.844 3.854 3.864 3.495 3.885 3.899 3.944 3.989 4.034 4.079 4.124 4.169 4.214 4.259 4.303 4.310 4.315 4.321 4.326 4.331 4.337 4.342 4.347 4.353 4.358 4.363 4.369 4.376 4.399 4.422 4.445 4.471 4.505 4.538 4.572 4.605 4.648 4.692 4.735 4.778 4.822 4.865 4.909 4.952 4.995 5.039 5.042 5.037 5.033 5.029 5.025 5.021 5.027 5.043 5.059 5.075 5.090
3.178 3.188 3.209 3.409 3.209 3.119 3.220 3.330 3.270 3.291 3.301 3.401 3.322 3.322 3.492 3.463 3.799 3.809 3.544 3.830 3.840 3.850 3.861 3.871 3.881 3.891 3.908 3.953 3.998 4.042 4.087 4.132 4.177 4.222 4.262 4.267 4.273 4.278 4.283 4.288 4.294 4.299 4.304 4.310 4.315 4.320 4.340 4.363 4.386 4.409 4.431 4.457 4.490 4.524 4.557 4.591 4.625 4.658 4.699 4.743 4.786 4.829 4.873 4.916 4.959 5.003 5.009 5.005 5.001 4.997 4.992 5.004 5.020 5.036 5.051 5.067 5.083
3.148 3.188 3.089 3.189 3.269 3.309 3.239 3.210 3.220 3.260 3.281 3.411 3.411 3.492 3.382 3.442 3.795 3.413 3.513 3.826 3.836 3.847 3.857 3.867 3.877 3.887 3.898 3.916 3.961 4.006 4.051 4.096 4.141 4.186 4.219 4.225 4.230 4.235 4.240 4.246 4.251 4.256 4.262 4.267 4.281 4.304 4.327 4.350 4.373 4.396 4.418 4.442 4.476 4.510 4.543 4.577 4.610 4.644 4.678 4.711 4.750 4.794 4.837 4.880 4.924 4.967 4.977 4.972 4.968 4.965 4.981 4.997 5.012 5.028 5.044 5.060 5.075
3.198 3.238 3.228 3.159 3.159 3.179 3.149 3.220 3.200 3.370 3.251 3.501 3.732 3.372 3.472 3.412 3.463 3.513 3.812 3.822 3.524 3.843 3.853 3.863 3.873 3.884 3.894 3.904 3.925 3.970 4.015 4.060 4.105 4.150 4.177 4.182 4.187 4.192 4.198 4.203 4.208 4.213 4.223 4.246 4.268 4.291 4.314 4.337 4.360 4.383 4.405 4.428 4.462 4.495 4.529 4.563 4.596 4.630 4.663 4.697 4.730 4.764 4.801 4.845 4.888 4.931 4.944 4.940 4.942 4.958 4.974 4.989 5.005 5.021 5.036 5.052 5.068
3.128 3.208 3.188 3.178 3.229 3.249 3.239 3.369 3.230 3.320 3.270 3.713 3.271 3.381 3.492 3.482 3.522 3.533 3.433 3.819 3.829 3.839 3.514 3.545 3.495 3.880 3.890 3.900 3.910 3.934 3.979 4.024 4.068 4.113 4.134 4.139 4.144 4.150 4.155 4.160 4.165 4.187 4.210 4.232 4.255 4.278 4.301 4.324 4.347 4.370 4.392 4.415 4.447 4.481 4.515 4.548 4.582 4.615 4.649 4.683 4.716 4.750 4.783 4.817 4.852 4.895 4.911 4.919 4.935 4.950 4.966 4.982 4.998 5.013 5.029 5.045 5.061
2.978 3.248 3.148 3.158 3.298 3.329 3.079 3.379 3.300 3.390 3.180 3.321 3.421 3.351 3.492 3.482 3.784 3.794 3.483 3.513 3.444 3.835 3.845 3.856 3.866 3.505 3.886 3.896 3.907 3.917 3.942 3.987 4.032 4.077 3.518 4.096 4.102 4.107 4.112 4.128 4.151 4.174 4.197 4.219 4.242 4.265 4.288 4.311 4.334 4.356 4.379 4.402 4.433 4.467 4.500 4.534 4.568 4.601 4.635 4.668 4.702 4.735 4.769 4.803 4.836 4.870 4.895 4.911 4.927 4.943 4.959 4.974 4.990 5.006 5.022 5.037 5.053
3.177 3.098 3.158 3.268 3.268 3.239 3.259 3.269 3.349 3.180 3.190 3.290 3.381 3.351 3.401 3.442 3.342 3.791 3.483 3.463 3.433 3.832 3.842 3.484 3.862 3.872 3.882 3.893 3.903 3.496 3.923 3.951 3.996 3.527 4.048 4.054 4.059 4.070 4.093 4.115 4.138 4.161 4.184 4.206 4.229 4.252 4.275 4.298 4.321 4.343 4.366 4.389 4.419 4.452 4.486 4.520 4.553 4.587 4.620 4.654 4.688 4.721 4.755 4.788 4.822 4.852 4.880 4.898 4.916 4.934 4.951 4.967 4.983 4.998 5.014 5.030 5.046
3.067 3.167 3.158 3.268 3.268 3.258 3.209 3.319 3.329 3.270 3.180 3.250 3.351 3.401 3.371 3.382 3.777 3.452 3.543 3.463 3.818 3.453 3.838 3.848 3.858 3.868 3.445 3.355 3.899 3.909 3.516 3.929 3.959 4.000 3.547 4.011 4.034 4.057 4.080 4.102 4.125 4.148 4.171 4.193 4.216 4.239 4.262 4.285 4.308 4.330 4.353 4.376 4.405 4.438 4.472 4.505 4.539 4.573 4.606 4.640 4.673 4.707 4.740 4.773 4.804 4.834 4.865 4.883 4.900 4.918 4.936 4.954 4.972 4.990 5.007 5.023 5.038
3.057 3.257 3.088 3.188 3.168 3.058 3.259 3.249 3.169 3.269 3.190 3.260 3.280 3.311 3.311 3.481 3.452 3.783 3.793 3.433 3.814 3.824 3.834 3.544 3.254 3.865 3.385 3.425 3.445 3.905 3.915 3.926 3.476 3.317 3.527 3.998 4.021 4.044 4.067 4.089 4.112 4.135 4.158 4.180 4.203 4.226 4.249 4.272 4.295 4.317 4.340 4.363 4.390 4.424 4.458 4.491 4.525 4.558 4.592 4.625 4.659 4.693 4.724 4.755 4.786 4.816 4.847 4.867 4.885 4.903 4.921 4.939 4.957 4.975 4.993 5.011 5.029
3.107 3.097 3.258 3.368 3.048 3.098 3.168 3.199 3.259 3.319 3.380 3.260 3.340 3.351 3.471 3.441 3.452 3.532 3.790 3.800 3.810 3.403 3.313 3.514 3.504 3.434 3.515 3.475 3.335 3.525 3.915 3.486 3.506 3.949 3.966 3.985 4.008 4.031 4.054 4.076 4.099 4.122 4.145 4.167 4.190 4.213 4.236 4.259 4.282 4.304 4.327 4.350 4.376 4.410 4.443 4.477 4.511 4.544 4.578 4.611 4.645 4.676 4.706 4.737 4.768 4.798 4.829 4.852 4.870 4.888 4.906 4.924 4.942 4.960 4.978 4.996 5.014
3.147 3.167 3.037 3.198 3.188 3.178 3.268 3.119 3.179 3.339 3.489 3.380 3.430 3.270 3.311 3.757 3.767 3.778 3.789 3.292 3.403 3.353 3.433 3.414 3.364 3.474 3.514 3.885 3.495 3.475 3.495 3.506 3.940 3.954 3.970 3.987 4.004 4.021 4.041 4.063 4.086 4.109 4.132 4.154 4.177 4.200 4.223 4.246 4.269 4.291 4.314 4.337 4.362 4.396 4.429 4.463 4.496 4.530 4.563 4.596 4.627 4.658 4.688 4.719 4.750 4.780 4.811 4.837 4.855 4.873 4.891 4.909 4.927 4.945 4.963 4.981 4.999
3.067 3.067 3.047 3.068 3.218 3.198 3.258 3.348 3.309 3.299 3.519 3.370 3.300 3.210 3.749 3.759 3.770 3.282 3.332 3.432 3.312 3.513 3.413 3.423 3.384 3.867 3.877 3.404 3.525 3.415 3.465 3.931 3.945 3.959 3.974 3.991 4.008 4.025 4.042 4.059 4.076 4.096 4.119 4.142 4.164 4.187 4.210 4.233 4.256 4.278 4.301 4.324 4.348 4.381 4.415 4.449 4.482 4.516 4.548 4.578 4.609 4.640 4.670 4.701 4.732 4.762 4.793 4.822 4.840 4.858 4.876 4.894 4.912 4.930 4.948 4.966 4.984
3.057 3.037 3.177 3.207 3.328 3.348 3.148 3.418 3.189 3.429 3.279 3.685 3.717 3.741 3.520 3.201 3.211 3.311 3.392 3.222 3.402 3.473 3.303 3.393 3.403 3.454 3.434 3.474 3.504 3.465 3.465 3.936 3.950 3.964 3.979 3.995 4.012 4.029 4.046 4.063 4.080 4.097 4.114 4.131 4.151 4.174 4.197 4.220 4.243 4.265 4.288 4.311 4.334 4.367 4.401 4.434 4.468 4.499 4.530 4.561 4.591 4.622 4.652 4.683 4.714 4.744 4.775 4.806 4.825 4.843 4.861 4.879 4.897 4.915 4.932 4.950 4.968
3.107 3.097 3.147 3.237 3.198 3.078 3.168 3.268 3.339 3.619 3.645 3.677 3.708 3.230 3.310 3.191 3.271 3.351 3.371 3.372 3.422 3.422 3.353 3.453 3.413 3.463 3.524 3.484 3.904 3.494 3.545 3.941 3.955 3.969 3.983 4.000 4.016 4.033 4.050 4.067 4.084 4.101 4.118 4.135 4.152 4.169 4.186 4.207 4.230 4.252 4.275 4.298 4.321 4.353 4.387 4.420 4.451 4.481 4.512 4.543 4.573 4.604 4.635 4.665 4.696 4.727 4.757 4.788 4.810 4.828 4.846 4.864 4.881 4.899 4.917 4.935 4.953
3.007 3.067 3.067 3.137 3.238 3.088 3.188 3.558 3.582 3.605 3.009 3.339 3.189 3.500 3.220 3.290 3.291 3.321 3.381 3.402 3.482 3.452 3.362 3.483 3.373 3.875 3.463 3.504 3.504 3.524 3.932 3.946 3.960 3.974 3.989 4.004 4.021 4.037 4.054 4.071 4.088 4.105 4.122 4.139 4.156 4.173 4.190 4.207 4.224 4.241 4.262 4.285 4.308 4.339 4.371 4.402 4.433 4.464 4.494 4.525 4.555 4.586 4.617 4.647 4.678 4.709 4.739 4.770 4.795 4.812 4.830 4.848 4.866 4.884 4.902 4.920 4.940
2.967 3.137 3.077 3.057 3.475 3.498 3.521 3.544 3.078 3.109 3.209 3.189 3.289 3.260 3.280 3.300 3.191 3.391 3.361 3.391 3.412 3.442 3.482 3.443 3.483 3.493 3.543 3.899 3.514 3.923 3.937 3.951 3.965 3.979 3.994 4.008 4.025 4.042 4.058 4.075 4.092 4.109 4.126 4.143 4.160 4.177 4.194 4.211 4.228 4.245 4.263 4.280 4.297 4.323 4.354 4.384 4.415 4.446 4.476 4.507 4.538 4.568 4.599 4.629 4.660 4.691 4.721 4.752 4.779 4.797 4.815 4.833 4.851 4.869 4.887 4.907 4.927
2.977 3.217 3.414 3.437 3.461 3.028 2.988 3.098 3.118 3.098 3.279 3.519 3.199 3.310 3.380 3.360 3.250 3.481 3.381 3.371 3.371 3.522 3.422 3.859 3.543 3.513 3.543 3.901 3.914 3.928 3.942 3.956 3.970 3.985 3.999 4.013 4.029 4.046 4.063 4.079 4.096 4.113 4.130 4.147 4.164 4.181 4.198 4.215 4.232 4.249 4.267 4.284 4.300 4.318 4.344 4.369 4.397 4.428 4.458 4.489 4.520 4.550 4.581 4.612 4.642 4.673 4.703 4.734 4.764 4.782 4.800 4.818 4.836 4.854 4.874 4.894 4.914
3.354 3.377 2.967 2.997 3.147 3.008 3.058 2.978 3.138 3.208 3.259 3.369 3.349 3.706 3.440 3.350 3.260 3.290 3.311 3.341 3.381 3.502 3.442 3.422 3.482 3.473 3.483 3.905 3.919 3.933 3.947 3.514 3.975 3.990 4.004 4.018 4.033 4.050 4.067 4.084 4.101 4.117 4.134 4.151 4.168 4.185 4.202 4.219 4.236 4.254 4.271 4.287 4.301 4.317 4.342 4.368 4.394 4.419 4.445 4.471 4.502 4.532 4.563 4.594 4.624 4.655 4.686 4.716 4.747 4.767 4.785 4.803 4.821 4.841 4.861 4.881 4.901
2.777 2.887 2.997 2.937 3.037 3.147 3.078 3.088 3.198 3.218 3.379 3.229 3.409 3.319 3.330 3.380 3.320 3.200 3.301 3.371 3.381 3.481 3.402 3.864 3.875 3.885 3.463 3.463 3.924 3.938 3.952 3.966 3.981 3.995 4.009 4.023 4.037 4.054 4.071 4.088 4.105 4.122 4.139 4.155 4.172 4.189 4.206 4.223 4.241 4.258 4.274 4.288 4.303 4.318 4.341 4.367 4.392 4.418 4.444 4.469 4.495 4.521 4.546 4.576 4.606 4.637 4.668 4.698 4.729 4.752 4.770 4.788 4.808 4.828 4.848 4.868 4.889
2.836 2.957 3.077 3.047 3.137 3.127 3.128 3.088 3.168 3.138 3.108 3.299 3.349 3.319 3.349 3.400 3.300 3.290 3.340 3.361 3.301 3.441 3.422 3.412 3.878 3.452 3.901 3.915 3.929 3.943 3.957 3.972 3.986 4.000 4.014 4.028 4.042 4.058 4.075 4.092 4.109 4.126 4.143 4.160 4.177 4.194 4.211 4.228 4.245 4.261 4.276 4.290 4.305 4.320 4.340 4.365 4.391 4.417 4.442 4.468 4.494 4.519 4.545 4.571 4.596 4.622 4.650 4.680 4.711 4.737 4.755 4.775 4.795 4.815 4.836 4.856 4.876
2.916 2.957 2.887 2.977 2.907 3.087 3.107 3.058 3.098 3.108 3.108 3.249 3.179 3.680 3.449 3.290 3.340 3.440 3.300 3.361 3.311 3.371 3.431 3.542 3.442 3.522 3.906 3.513 3.934 3.503 3.963 3.977 3.991 4.005 4.019 4.033 4.047 4.062 4.079 4.096 4.113 4.130 4.147 4.164 4.181 4.198 4.215 4.232 4.248 4.263 4.277 4.292 4.307 4.322 4.338 4.364 4.390 4.415 4.441 4.467 4.492 4.518 4.544 4.569 4.595 4.621 4.646 4.672 4.698 4.722 4.742 4.763 4.783 4.803 4.823 4.843 4.863
2.956 3.047 2.947 3.017 2.957 3.127 2.977 3.068 3.108 3.198 3.248 3.278 3.339 3.239 3.279 3.419 3.410 3.380 3.490 3.331 3.451 3.511 3.431 3.532 3.883 3.897 3.502 3.925 3.939 3.483 3.968 3.982 3.996 4.010 4.024 4.038 4.053 4.067 4.083 4.100 4.117 4.134 4.151 4.168 4.185 4.202 4.219 4.235 4.250 4.265 4.279 4.294 4.309 4.324 4.339 4.363 4.388 4.414 4.440 4.465 4.491 4.517 4.542 4.568 4.594 4.619 4.645 4.671 4.694 4.711 4.730 4.750 4.770 4.790 4.810 4.830 4.851
2.876 2.787 2.847 2.917 2.997 2.957 2.967 3.088 3.138 3.268 3.258 3.188 3.159 3.339 3.299 3.299 3.370 3.270 3.370 3.350 3.281 3.451 3.371 3.421 3.432 3.492 3.916 3.930 3.945 3.493 3.973 3.543 4.001 4.015 4.029 4.044 4.058 4.072 4.087 4.104 4.121 4.138 4.155 4.172 4.189 4.206 4.222 4.237 4.252 4.267 4.281 4.296 4.311 4.326 4.341 4.361 4.387 4.413 4.438 4.464 4.490 4.515 4.541 4.567 4.592 4.618 4.644 4.667 4.683 4.700 4.718 4.738 4.758 4.778 4.798 4.818 4.838
2.756 2.907 2.897 2.947 2.897 3.037 3.017 3.147 3.238 3.108 3.288 3.288 3.389 3.259 3.359 3.299 3.420 3.410 3.340 3.460 3.391 3.511 3.491 3.451 3.432 3.462 3.922 3.522 3.950 3.964 3.978 3.992 4.006 4.020 4.035 4.049 4.063 4.077 4.092 4.108 4.125 4.142 4.159 4.176 4.193 4.209 4.224 4.239 4.254 4.269 4.283 4.298 4.313 4.328 4.343 4.360 4.386 4.411 4.437 4.463 4.488 4.514 4.540 4.565 4.591 4.617 4.639 4.656 4.672 4.688 4.707 4.726 4.746 4.766 4.786 4.806 4.826
2.816 2.837 2.847 2.987 2.987 3.047 2.987 3.117 3.298 3.108 3.098 3.238 3.409 3.309 3.299 3.269 3.430 3.300 3.280 3.360 3.490 3.361 3.391 3.441 3.441 3.482 3.462 3.941 3.492 3.969 3.983 3.997 4.011 4.026 4.040 4.054 4.068 4.082 4.096 4.113 4.130 4.146 4.163 4.180 4.197 4.211 4.226 4.241 4.256 4.271 4.285 4.300 4.315 4.330 4.345 4.360 4.384 4.410 4.436 4.461 4.487 4.513 4.538 4.564 4.590 4.612 4.628 4.645 4.661 4.677 4.695 4.715 4.734 4.754 4.774 4.794 4.814
2.636 2.806 2.997 2.937 2.977 3.047 3.077 3.047 3.078 3.218 3.288 3.058 3.228 3.169 3.419 3.369 3.369 3.360 3.360 3.400 3.320 3.451 3.451 3.431 3.421 3.502 3.412 3.946 3.432 3.483 3.543 4.003 4.017 4.031 4.045 4.059 4.073 4.087 4.101 4.117 4.134 4.151 4.168 4.184 4.199 4.213 4.228 4.243 4.258 4.273 4.287 4.302 4.317 4.332 4.347 4.362 4.383 4.409 4.434 4.460 4.486 4.511 4.537 4.563 4.585 4.601 4.617 4.634 4.650 4.666 4.683 4.703 4.723 4.743 4.762 4.782 4.802
2.856 2.836 2.907 3.007 2.997 3.057 2.987 3.057 3.117 3.108 3.298 3.148 3.158 3.259 3.229 3.339 3.319 3.270 3.380 3.340 3.350 3.341 3.461 3.261 3.391 3.392 3.462 3.452 3.472 3.542 3.994 4.008 4.022 4.036 4.050 4.064 4.078 4.092 4.107 4.121 4.138 4.155 4.171 4.186 4.201 4.215 4.230 4.245 4.260 4.275 4.289 4.304 4.319 4.334 4.349 4.364 4.382 4.407 4.433 4.459 4.484 4.510 4.536 4.557 4.573 4.590 4.606 4.623 4.639 4.655 4.672 4.691 4.711 4.731 4.751 4.770 4.790
2.776 2.876 2.987 2.987 2.887 2.937 3.057 3.137 3.167 3.218 3.158 3.258 3.158 3.189 3.179 3.359 3.429 3.340 3.330 3.290 3.350 3.420 3.421 3.341 3.301 3.921 3.938 3.955 3.412 3.482 3.523 3.523 3.543 4.041 4.055 4.069 4.084 4.098 4.112 4.126 4.142 4.158 4.173 4.188 4.203 4.217 4.232 4.247 4.262 4.277 4.291 4.306 4.321 4.336 4.351 4.366 4.381 4.406 4.432 4.457 4.483 4.509 4.530 4.546 4.562 4.579 4.595 4.611 4.628 4.644 4.661 4.680 4.699 4.719 4.739 4.759 4.778
2.766 2.806 2.887 3.037 2.957 3.017 3.027 3.147 3.167 3.178 3.108 3.218 3.198 3.149 3.319 3.349 3.369 3.369 3.470 3.380 3.420 3.830 3.391 3.441 3.881 3.421 3.452 3.442 3.442 3.492 3.533 3.999 4.016 3.543 4.050 4.066 4.083 4.100 3.534 4.131 4.146 4.160 4.175 4.190 4.205 4.219 4.234 4.249 4.264 4.279 4.293 4.308 4.323 4.338 4.353 4.368 4.383 4.405 4.431 4.456 4.482 4.502 4.519 4.535 4.551 4.568 4.584 4.600 4.617 4.633 4.649 4.668 4.688 4.707 4.727 4.747 4.767
2.776 2.796 2.826 2.947 2.957 2.897 2.987 2.997 3.057 3.058 3.118 3.178 3.148 3.118 3.189 3.219 3.319 3.309 3.400 3.340 3.460 3.190 3.391 3.421 3.859 3.351 3.421 3.432 3.492 3.472 3.462 3.463 3.533 4.010 4.027 4.044 4.061 4.077 4.094 4.111 4.128 4.147 4.166 4.185 4.204 4.221 4.236 4.251 4.266 4.281 4.295 4.310 4.325 4.340 4.355 4.370 4.385 4.404 4.429 4.455 4.475 4.491 4.508 4.524 4.540 4.557 4.573 4.589 4.606 4.622 4.638 4.656 4.676 4.696 4.715 4.735 4.755
