includes/overflow_coast_v/floodfiles/results/res-0012.wd
ncols         631
nrows         906
xllcorner     364927.146667
yllcorner     6531972.565556
cellsize      20.000000
NODATA_value  -9999.000000
[rows 476 to 509 of 906, columns 539 to 615 of 631]
0.014 0.011 0.008 0.006 0.005 0.004 0.004 0.004 0.004 0.003 0.003 0.003 0.002 0.002 0.000 0.000 0.000 0.001 0.002 0.019 0.077 0.123 0.168 0.211 0.254 0.297 0.340 0.383 0.426 0.469 0.513 0.571 0.638 0.706 0.775 0.843 0.911 0.979 1.047 1.115 1.183 1.300 1.483 1.665 1.848 2.039 2.279 2.519 2.758 2.998 3.132 3.032 2.931 2.831 2.733 2.664 2.595 2.525 2.456 2.387 2.317 2.246 2.172 2.098 2.025 1.951 1.877 1.803 1.730 1.656 1.582 1.509 1.417 1.396 1.376 1.356 1.336
0.015 0.012 0.009 0.007 0.005 0.005 0.004 0.004 0.004 0.003 0.003 0.003 0.002 0.001 0.000 0.000 0.000 0.000 0.000 0.007 0.067 0.113 0.157 0.201 0.244 0.287 0.330 0.373 0.416 0.458 0.508 0.565 0.623 0.691 0.759 0.827 0.895 0.964 1.032 1.100 1.168 1.306 1.488 1.671 1.853 2.036 2.218 2.421 2.660 2.900 3.075 2.974 2.874 2.787 2.718 2.648 2.579 2.510 2.441 2.371 2.302 2.231 2.158 2.084 2.010 1.936 1.862 1.789 1.715 1.641 1.568 1.494 1.420 1.379 1.363 1.343 1.323
0.016 0.013 0.010 0.007 0.006 0.005 0.005 0.004 0.004 0.004 0.003 0.003 0.002 0.001 0.000 0.000 0.000 0.000 0.000 0.002 0.057 0.103 0.147 0.191 0.234 0.277 0.320 0.363 0.405 0.448 0.502 0.560 0.617 0.675 0.744 0.812 0.880 0.948 1.016 1.084 1.152 1.311 1.493 1.676 1.858 2.041 2.223 2.406 2.588 2.802 3.018 2.917 2.841 2.772 2.702 2.633 2.564 2.494 2.425 2.356 2.287 2.217 2.143 2.069 1.995 1.921 1.847 1.774 1.700 1.626 1.553 1.477 1.400 1.351 1.337 1.324 1.310
0.017 0.014 0.011 0.008 0.006 0.005 0.005 0.004 0.004 0.004 0.003 0.003 0.002 0.001 0.000 0.000 0.000 0.000 0.000 0.001 0.046 0.093 0.137 0.181 0.224 0.267 0.310 0.352 0.395 0.439 0.497 0.554 0.612 0.670 0.728 0.796 0.864 0.933 1.001 1.069 1.137 1.316 1.498 1.681 1.864 2.046 2.229 2.411 2.594 2.776 2.969 2.895 2.826 2.756 2.687 2.618 2.548 2.479 2.410 2.341 2.271 2.202 2.128 2.054 1.980 1.906 1.833 1.759 1.685 1.611 1.534 1.457 1.380 1.323 1.309 1.296 1.282
0.018 0.015 0.012 0.009 0.007 0.006 0.005 0.005 0.005 0.004 0.003 0.002 0.002 0.001 0.000 0.000 0.000 0.000 0.000 0.000 0.031 0.082 0.127 0.170 0.213 0.256 0.299 0.342 0.385 0.433 0.491 0.549 0.606 0.664 0.721 0.781 0.849 0.917 0.985 1.053 1.139 1.321 1.504 1.686 1.869 2.051 2.234 2.416 2.607 2.839 3.071 2.952 2.824 2.741 2.671 2.602 2.533 2.464 2.394 2.325 2.256 2.187 2.113 2.039 1.965 1.891 1.818 1.744 1.669 1.592 1.515 1.438 1.361 1.295 1.281 1.268 1.254
0.019 0.016 0.013 0.010 0.008 0.007 0.006 0.005 0.005 0.004 0.003 0.002 0.001 0.000 0.000 0.000 0.000 0.001 0.000 0.000 0.012 0.071 0.116 0.160 0.203 0.246 0.289 0.332 0.374 0.428 0.485 0.543 0.601 0.658 0.716 0.773 0.833 0.901 0.970 1.038 1.144 1.326 1.509 1.691 1.874 2.057 2.246 2.477 2.709 2.941 3.173 3.052 2.924 2.796 2.668 2.587 2.517 2.448 2.379 2.310 2.241 2.171 2.098 2.024 1.950 1.877 1.803 1.727 1.650 1.572 1.495 1.418 1.341 1.267 1.253 1.240 1.226
0.020 0.017 0.014 0.012 0.010 0.008 0.006 0.005 0.004 0.004 0.003 0.002 0.001 0.001 0.000 0.000 0.001 0.000 0.000 0.000 0.003 0.061 0.106 0.149 0.193 0.236 0.278 0.321 0.364 0.422 0.480 0.537 0.595 0.653 0.710 0.768 0.825 0.886 0.954 1.022 1.149 1.332 1.514 1.697 1.884 2.116 2.348 2.579 2.812 3.043 3.275 3.152 3.024 2.896 2.768 2.640 2.512 2.433 2.364 2.294 2.225 2.156 2.083 2.009 1.935 1.862 1.784 1.707 1.630 1.553 1.475 1.398 1.321 1.244 1.225 1.212 1.198
0.022 0.019 0.017 0.013 0.010 0.008 0.006 0.005 0.004 0.004 0.003 0.002 0.001 0.000 0.000 0.001 0.000 0.000 0.000 0.000 0.004 0.048 0.095 0.139 0.182 0.225 0.268 0.311 0.359 0.416 0.474 0.532 0.589 0.647 0.704 0.762 0.820 0.877 0.939 1.007 1.154 1.337 1.522 1.754 1.986 2.218 2.450 2.682 2.914 3.145 3.377 3.251 3.123 2.995 2.867 2.740 2.612 2.484 2.356 2.279 2.210 2.140 2.068 1.994 1.919 1.842 1.765 1.687 1.610 1.533 1.456 1.378 1.301 1.224 1.197 1.183 1.170
0.025 0.022 0.018 0.014 0.010 0.008 0.006 0.005 0.004 0.003 0.003 0.002 0.000 0.000 0.000 0.000 0.000 0.000 0.000 0.000 0.008 0.047 0.083 0.128 0.171 0.214 0.257 0.300 0.353 0.411 0.468 0.526 0.584 0.641 0.699 0.756 0.814 0.872 0.929 0.991 1.160 1.392 1.624 1.856 2.088 2.320 2.552 2.784 3.016 3.248 3.479 3.351 3.223 3.095 2.967 2.839 2.711 2.583 2.456 2.328 2.200 2.125 2.053 1.977 1.900 1.822 1.745 1.668 1.590 1.513 1.436 1.359 1.282 1.205 1.169 1.155 1.142
0.027 0.023 0.018 0.014 0.011 0.008 0.006 0.005 0.004 0.003 0.003 0.002 0.000 0.000 0.000 0.000 0.000 0.000 0.000 0.001 0.022 0.056 0.081 0.117 0.160 0.204 0.247 0.290 0.347 0.405 0.463 0.520 0.578 0.636 0.693 0.751 0.808 0.866 0.930 1.004 1.262 1.494 1.726 1.958 2.190 2.422 2.654 2.886 3.118 3.350 3.578 3.450 3.322 3.195 3.067 2.939 2.811 2.683 2.555 2.427 2.300 2.172 2.033 1.957 1.880 1.803 1.725 1.648 1.570 1.493 1.416 1.339 1.262 1.185 1.141 1.127 1.113
0.028 0.023 0.019 0.015 0.011 0.008 0.007 0.005 0.004 0.003 0.002 0.002 0.001 0.000 0.000 0.000 0.000 0.000 0.000 0.003 0.038 0.067 0.091 0.113 0.149 0.193 0.236 0.284 0.341 0.399 0.457 0.515 0.572 0.630 0.687 0.753 0.822 0.890 0.959 1.059 1.323 1.588 1.828 2.060 2.292 2.524 2.756 2.988 3.220 3.452 3.678 3.550 3.422 3.294 3.166 3.038 2.910 2.783 2.655 2.527 2.351 2.137 1.987 1.922 1.857 1.783 1.705 1.628 1.551 1.473 1.396 1.319 1.242 1.165 1.113 1.099 1.085
0.029 0.024 0.019 0.015 0.011 0.009 0.007 0.005 0.004 0.003 0.002 0.001 0.000 0.000 0.000 0.000 0.000 0.000 0.001 0.016 0.051 0.077 0.100 0.123 0.145 0.182 0.225 0.278 0.336 0.393 0.451 0.509 0.576 0.645 0.713 0.782 0.851 0.919 0.988 1.113 1.378 1.643 1.907 2.162 2.394 2.626 2.858 3.090 3.322 3.554 3.778 3.650 3.522 3.394 3.266 3.138 3.010 2.882 2.742 2.527 2.313 2.099 1.941 1.875 1.810 1.745 1.680 1.608 1.531 1.453 1.376 1.299 1.222 1.145 1.084 1.071 1.057
0.029 0.025 0.020 0.016 0.012 0.009 0.007 0.005 0.004 0.003 0.002 0.001 0.000 0.000 0.000 0.000 0.000 0.001 0.002 0.036 0.063 0.087 0.111 0.133 0.155 0.176 0.215 0.272 0.330 0.399 0.468 0.536 0.605 0.674 0.742 0.811 0.880 0.948 1.017 1.167 1.432 1.697 1.962 2.226 2.491 2.728 2.960 3.192 3.424 3.656 3.877 3.749 3.621 3.493 3.365 3.238 3.110 2.918 2.703 2.489 2.274 2.060 1.894 1.829 1.764 1.699 1.634 1.568 1.503 1.433 1.356 1.279 1.202 1.125 1.056 1.042 1.028
0.031 0.026 0.021 0.017 0.013 0.009 0.007 0.006 0.004 0.003 0.002 0.001 0.000 0.000 0.000 0.000 0.001 0.000 0.017 0.050 0.075 0.098 0.121 0.143 0.165 0.186 0.221 0.290 0.359 0.428 0.497 0.565 0.634 0.703 0.771 0.840 0.909 0.977 1.046 1.222 1.486 1.751 2.016 2.281 2.545 2.810 3.062 3.294 3.526 3.758 3.977 3.849 3.721 3.593 3.465 3.308 3.094 2.879 2.665 2.451 2.236 2.022 1.847 1.782 1.717 1.652 1.587 1.522 1.457 1.392 1.327 1.259 1.182 1.105 1.028 1.014 1.000
0.033 0.028 0.023 0.018 0.014 0.010 0.008 0.006 0.004 0.003 0.002 0.001 0.000 0.000 0.000 0.000 0.000 0.003 0.037 0.063 0.086 0.109 0.131 0.156 0.181 0.206 0.248 0.319 0.388 0.457 0.526 0.594 0.663 0.732 0.800 0.869 0.938 1.006 1.075 1.276 1.541 1.806 2.070 2.335 2.600 2.864 3.129 3.394 3.628 3.860 4.077 3.949 3.821 3.693 3.484 3.270 3.055 2.841 2.626 2.412 2.197 1.983 1.801 1.736 1.671 1.605 1.540 1.475 1.410 1.345 1.280 1.215 1.150 1.084 1.007 0.988 1.043
0.036 0.031 0.026 0.021 0.016 0.012 0.009 0.006 0.005 0.003 0.002 0.001 0.000 0.000 0.000 0.000 0.000 0.022 0.051 0.075 0.101 0.126 0.151 0.176 0.201 0.225 0.277 0.347 0.416 0.486 0.555 0.623 0.692 0.761 0.829 0.898 0.967 1.036 1.104 1.331 1.595 1.860 2.125 2.389 2.654 2.919 3.183 3.448 3.713 3.962 4.176 4.048 3.875 3.661 3.446 3.232 3.017 2.803 2.588 2.373 2.159 1.944 1.754 1.689 1.624 1.559 1.494 1.428 1.363 1.298 1.233 1.168 1.103 1.039 1.013 1.049 1.096
0.039 0.034 0.029 0.024 0.020 0.015 0.011 0.007 0.005 0.003 0.002 0.001 0.000 0.000 0.000 0.001 0.008 0.043 0.070 0.096 0.121 0.146 0.171 0.196 0.220 0.245 0.305 0.375 0.444 0.514 0.584 0.652 0.721 0.790 0.859 0.927 0.996 1.065 1.133 1.385 1.650 1.914 2.179 2.444 2.708 2.973 3.238 3.503 3.767 4.032 4.265 4.051 3.837 3.622 3.408 3.193 2.979 2.764 2.549 2.335 2.120 1.906 1.708 1.643 1.577 1.512 1.447 1.382 1.316 1.251 1.186 1.121 1.056 1.081 1.132 1.171 1.201
0.044 0.039 0.034 0.029 0.024 0.019 0.014 0.010 0.007 0.004 0.002 0.000 0.001 0.000 0.001 0.004 0.039 0.066 0.091 0.117 0.141 0.166 0.191 0.215 0.240 0.264 0.333 0.403 0.473 0.542 0.612 0.681 0.750 0.819 0.888 0.956 1.025 1.094 1.175 1.439 1.704 1.969 2.234 2.498 2.763 3.028 3.292 3.557 3.814 3.960 4.082 3.949 3.799 3.584 3.369 3.155 2.940 2.726 2.511 2.296 2.082 1.867 1.661 1.596 1.531 1.465 1.400 1.335 1.270 1.204 1.139 1.099 1.150 1.200 1.251 1.293 1.322
0.049 0.044 0.039 0.034 0.029 0.024 0.019 0.014 0.010 0.006 0.003 0.001 0.000 0.000 0.002 0.035 0.062 0.087 0.112 0.137 0.162 0.186 0.211 0.235 0.259 0.291 0.361 0.431 0.501 0.571 0.640 0.710 0.779 0.848 0.917 0.985 1.054 1.123 1.229 1.494 1.758 2.023 2.288 2.553 2.817 3.082 3.347 3.493 3.639 3.784 3.899 3.766 3.634 3.501 3.331 3.116 2.902 2.687 2.472 2.258 2.043 1.829 1.615 1.549 1.484 1.419 1.353 1.288 1.223 1.158 1.168 1.218 1.268 1.319 1.370 1.414 1.444
0.055 0.050 0.045 0.040 0.035 0.030 0.025 0.020 0.015 0.009 0.004 0.000 0.000 0.001 0.030 0.057 0.083 0.108 0.133 0.157 0.182 0.206 0.230 0.255 0.279 0.319 0.389 0.459 0.529 0.599 0.668 0.738 0.807 0.877 0.946 1.015 1.083 1.152 1.283 1.548 1.813 2.078 2.342 2.607 2.872 3.026 3.172 3.317 3.463 3.608 3.716 3.583 3.451 3.318 3.185 3.053 2.863 2.649 2.434 2.219 2.005 1.790 1.576 1.503 1.437 1.372 1.307 1.241 1.186 1.236 1.286 1.337 1.387 1.438 1.488 1.536 1.566
0.061 0.056 0.051 0.046 0.041 0.036 0.030 0.024 0.017 0.011 0.005 0.002 0.002 0.010 0.052 0.078 0.104 0.128 0.153 0.177 0.202 0.226 0.250 0.274 0.299 0.348 0.418 0.487 0.557 0.627 0.696 0.766 0.836 0.905 0.975 1.044 1.112 1.181 1.338 1.603 1.867 2.132 2.397 2.560 2.705 2.851 2.996 3.142 3.287 3.433 3.533 3.400 3.268 3.135 3.002 2.869 2.737 2.604 2.395 2.181 1.966 1.752 1.537 1.456 1.391 1.325 1.260 1.255 1.305 1.355 1.405 1.456 1.506 1.557 1.607 1.658 1.687
0.067 0.062 0.057 0.052 0.046 0.039 0.033 0.026 0.020 0.014 0.006 0.004 0.004 0.031 0.066 0.098 0.124 0.149 0.173 0.197 0.222 0.246 0.270 0.294 0.318 0.376 0.446 0.516 0.585 0.655 0.725 0.794 0.864 0.933 1.003 1.073 1.142 1.210 1.392 1.657 1.922 2.093 2.238 2.384 2.529 2.675 2.820 2.966 3.111 3.257 3.350 3.217 3.085 2.952 2.819 2.686 2.554 2.421 2.288 2.142 1.928 1.713 1.498 1.409 1.344 1.279 1.324 1.374 1.424 1.474 1.524 1.575 1.625 1.675 1.726 1.776 1.809
0.074 0.068 0.061 0.055 0.049 0.042 0.036 0.029 0.023 0.016 0.006 0.005 0.008 0.045 0.079 0.111 0.143 0.169 0.193 0.217 0.241 0.266 0.290 0.314 0.338 0.404 0.474 0.544 0.614 0.683 0.753 0.822 0.892 0.962 1.031 1.101 1.170 1.240 1.447 1.626 1.771 1.917 2.063 2.208 2.354 2.499 2.645 2.790 2.936 3.081 3.167 3.034 2.901 2.769 2.636 2.503 2.370 2.237 2.105 1.972 1.839 1.674 1.460 1.363 1.343 1.393 1.443 1.493 1.543 1.593 1.643 1.694 1.744 1.794 1.844 1.895 1.930
0.077 0.071 0.065 0.058 0.052 0.045 0.039 0.032 0.025 0.017 0.007 0.006 0.024 0.059 0.091 0.123 0.155 0.187 0.213 0.237 0.261 0.285 0.310 0.334 0.363 0.433 0.503 0.572 0.642 0.711 0.781 0.851 0.920 0.990 1.059 1.129 1.198 1.261 1.304 1.450 1.596 1.741 1.887 2.032 2.178 2.324 2.469 2.614 2.760 2.905 2.984 2.851 2.718 2.585 2.453 2.320 2.187 2.054 1.921 1.788 1.656 1.523 1.390 1.412 1.462 1.512 1.562 1.612 1.662 1.712 1.762 1.812 1.862 1.913 1.963 2.013 2.052
0.081 0.074 0.068 0.061 0.055 0.048 0.041 0.034 0.027 0.018 0.008 0.009 0.039 0.072 0.104 0.136 0.167 0.199 0.230 0.257 0.281 0.305 0.329 0.353 0.391 0.461 0.531 0.600 0.670 0.740 0.809 0.879 0.949 1.018 1.084 1.146 1.209 1.271 1.306 1.338 1.420 1.566 1.711 1.857 2.002 2.148 2.293 2.439 2.584 2.729 2.801 2.668 2.535 2.402 2.270 2.137 2.004 1.871 1.738 1.605 1.472 1.411 1.399 1.472 1.571 1.632 1.682 1.731 1.781 1.831 1.881 1.931 1.981 2.031 2.082 2.132 2.173
0.084 0.078 0.071 0.065 0.058 0.051 0.044 0.037 0.029 0.018 0.012 0.019 0.052 0.084 0.116 0.148 0.180 0.211 0.243 0.274 0.301 0.325 0.349 0.373 0.420 0.489 0.559 0.629 0.698 0.768 0.838 0.907 0.969 1.032 1.094 1.156 1.218 1.280 1.314 1.346 1.378 1.409 1.535 1.681 1.826 1.972 2.118 2.263 2.408 2.554 2.618 2.485 2.352 2.219 2.086 1.954 1.821 1.688 1.555 1.463 1.450 1.438 1.425 1.503 1.601 1.700 1.798 1.851 1.901 1.950 2.000 2.050 2.100 2.150 2.200 2.250 2.295
0.071 0.081 0.075 0.068 0.061 0.054 0.046 0.039 0.030 0.018 0.015 0.033 0.065 0.097 0.128 0.160 0.192 0.223 0.254 0.286 0.317 0.345 0.369 0.393 0.448 0.518 0.587 0.657 0.727 0.792 0.855 0.917 0.979 1.041 1.103 1.165 1.227 1.289 1.321 1.353 1.385 1.417 1.449 1.505 1.651 1.796 1.942 2.087 2.233 2.378 2.435 2.302 2.169 2.036 1.903 1.770 1.637 1.514 1.502 1.489 1.477 1.464 1.452 1.533 1.631 1.730 1.828 1.926 2.020 2.069 2.119 2.169 2.219 2.269 2.319 2.369 2.416
0.053 0.067 0.078 0.071 0.064 0.056 0.049 0.041 0.032 0.018 0.020 0.046 0.077 0.109 0.141 0.172 0.204 0.235 0.266 0.298 0.329 0.360 0.389 0.412 0.476 0.546 0.615 0.678 0.740 0.802 0.864 0.926 0.989 1.051 1.113 1.175 1.237 1.296 1.328 1.360 1.392 1.424 1.456 1.488 1.520 1.621 1.766 1.911 2.057 2.202 2.252 2.119 1.986 1.853 1.720 1.587 1.553 1.541 1.528 1.516 1.503 1.490 1.478 1.563 1.661 1.760 1.858 1.956 2.055 2.153 2.238 2.288 2.338 2.388 2.438 2.488 2.538
0.036 0.049 0.062 0.074 0.067 0.059 0.051 0.042 0.032 0.018 0.027 0.058 0.090 0.121 0.153 0.184 0.216 0.247 0.278 0.310 0.341 0.372 0.403 0.435 0.500 0.563 0.625 0.687 0.749 0.812 0.874 0.936 0.998 1.060 1.122 1.184 1.246 1.304 1.336 1.368 1.400 1.431 1.463 1.495 1.527 1.559 1.591 1.736 1.881 2.027 2.069 1.936 1.803 1.670 1.605 1.593 1.580 1.567 1.555 1.542 1.529 1.517 1.504 1.593 1.691 1.790 1.888 1.986 2.085 2.183 2.281 2.379 2.457 2.507 2.556 2.606 2.656
0.018 0.031 0.044 0.057 0.069 0.061 0.053 0.044 0.032 0.023 0.039 0.071 0.102 0.134 0.165 0.197 0.228 0.259 0.290 0.322 0.353 0.388 0.425 0.464 0.510 0.572 0.635 0.697 0.759 0.821 0.883 0.946 1.008 1.070 1.132 1.194 1.256 1.311 1.343 1.375 1.407 1.439 1.471 1.503 1.534 1.566 1.598 1.630 1.705 1.851 1.886 1.753 1.657 1.644 1.632 1.619 1.606 1.594 1.581 1.569 1.556 1.543 1.531 1.623 1.722 1.820 1.918 2.016 2.115 2.213 2.311 2.409 2.508 2.606 2.675 2.725 2.775
0.004 0.014 0.026 0.039 0.051 0.064 0.055 0.045 0.032 0.029 0.052 0.083 0.115 0.146 0.178 0.209 0.240 0.271 0.308 0.345 0.382 0.419 0.456 0.496 0.538 0.582 0.644 0.707 0.769 0.831 0.893 0.955 1.017 1.079 1.141 1.204 1.266 1.319 1.351 1.382 1.414 1.446 1.478 1.510 1.542 1.574 1.605 1.637 1.669 1.700 1.709 1.696 1.684 1.671 1.658 1.646 1.633 1.620 1.608 1.595 1.582 1.570 1.557 1.653 1.752 1.850 1.948 2.046 2.145 2.243 2.341 2.439 2.537 2.636 2.734 2.832 2.894
0.001 0.002 0.009 0.021 0.033 0.044 0.055 0.046 0.032 0.036 0.064 0.096 0.127 0.158 0.190 0.228 0.265 0.302 0.339 0.375 0.412 0.449 0.486 0.528 0.570 0.613 0.656 0.716 0.778 0.841 0.903 0.965 1.027 1.089 1.151 1.213 1.275 1.326 1.358 1.390 1.422 1.454 1.486 1.517 1.549 1.581 1.613 1.644 1.676 1.661 1.657 1.723 1.710 1.698 1.685 1.672 1.660 1.647 1.634 1.621 1.609 1.596 1.585 1.684 1.782 1.880 1.978 2.076 2.175 2.273 2.371 2.469 2.567 2.665 2.764 2.862 2.958
0.001 0.001 0.000 0.004 0.014 0.025 0.035 0.044 0.031 0.046 0.077 0.110 0.147 0.184 0.221 0.259 0.295 0.332 0.369 0.406 0.443 0.480 0.517 0.560 0.603 0.645 0.688 0.730 0.788 0.850 0.912 0.974 1.037 1.099 1.161 1.223 1.285 1.334 1.366 1.397 1.429 1.461 1.493 1.525 1.557 1.588 1.620 1.652 1.601 1.548 1.537 1.611 1.685 1.724 1.712 1.699 1.686 1.673 1.661 1.648 1.635 1.623 1.615 1.714 1.812 1.910 2.008 2.107 2.205 2.303 2.401 2.499 2.597 2.695 2.787 2.868 2.948
0.000 0.000 0.000 0.000 0.000 0.006 0.014 0.020 0.030 0.067 0.104 0.141 0.178 0.215 0.252 0.289 0.326 0.363 0.400 0.437 0.474 0.511 0.549 0.592 0.635 0.677 0.720 0.762 0.805 0.860 0.922 0.984 1.046 1.108 1.170 1.232 1.294 1.341 1.373 1.405 1.437 1.469 1.500 1.532 1.564 1.596 1.594 1.541 1.487 1.434 1.417 1.491 1.565 1.639 1.712 1.725 1.713 1.700 1.687 1.675 1.662 1.649 1.646 1.744 1.842 1.940 2.039 2.137 2.235 2.333 2.431 2.529 2.618 2.698 2.778 2.858 2.938
