includes/overflow_coast_v/floodfiles/results/res-0006.wdfp
ncols         631
nrows         906
xllcorner     364927.146600
yllcorner     6531972.565600
cellsize      20.000000
NODATA_value  -9999.000000
[rows 578 to 611 of 906, columns 462 to 538 of 631]
0.000 0.000 0.000 0.000 0.000 0.000 0.000 0.000 0.000 0.000 0.000 0.000 0.000 0.650 0.259 0.399 0.278 0.278 1.748 1.868 1.928 1.987 2.157 2.107 2.207 2.327 2.277 2.277 2.407 2.547 2.557 2.587 2.458 2.618 2.638 2.648 2.798 2.798 2.788 2.838 3.028 2.989 3.039 2.999 3.318 3.059 3.361 3.009 3.100 2.880 3.030 2.900 3.070 3.512 3.583 3.695 3.807 3.919 4.032 4.125 4.211 4.296 4.382 4.468 4.553 4.639 4.725 4.810 4.894 4.942 4.989 5.037 5.084 5.132 5.179 5.227 5.274
0.000 0.000 0.000 0.000 0.000 0.000 0.000 0.000 0.000 0.000 0.000 0.460 0.680 0.170 0.449 0.619 0.399 0.278 0.277 0.277 1.957 2.017 2.177 2.187 2.197 2.397 2.267 2.287 2.377 2.527 2.517 2.537 2.587 2.677 2.677 2.697 2.738 2.838 2.828 2.848 2.968 2.978 2.928 2.988 2.999 2.979 3.395 3.089 3.069 2.969 3.019 3.020 3.010 3.546 3.631 3.743 3.855 3.968 4.080 4.192 4.294 4.379 4.465 4.550 4.636 4.722 4.807 4.893 4.970 5.017 5.065 5.112 5.160 5.207 5.255 5.302 5.350
0.000 0.000 0.000 0.000 0.000 0.000 0.000 0.000 0.000 0.000 0.560 0.530 0.720 0.650 0.510 0.450 0.179 0.278 0.277 0.277 0.277 1.887 2.107 2.237 2.247 2.317 2.267 2.347 2.317 2.487 2.497 2.587 2.657 2.707 2.607 2.797 2.807 2.907 2.907 3.017 3.008 2.948 3.048 3.088 3.386 3.408 3.429 3.451 3.472 3.494 3.515 3.079 3.558 3.580 3.679 3.791 3.904 4.016 4.128 4.240 4.352 4.462 4.548 4.633 4.719 4.805 4.890 4.976 5.045 5.093 5.140 5.188 5.235 5.283 5.331 5.378 5.426
0.000 0.000 0.000 0.000 0.000 0.000 0.000 0.000 0.000 0.840 0.320 0.070 0.480 0.490 0.450 0.180 0.005 0.277 0.967 0.997 0.276 0.276 2.237 2.246 2.336 2.306 2.366 2.296 2.416 2.416 2.466 2.566 2.657 2.587 2.707 2.817 2.777 2.877 2.927 2.907 2.887 3.017 3.377 3.098 3.420 3.442 3.463 3.485 3.078 3.528 3.549 3.571 3.592 3.615 3.727 3.840 3.952 4.064 4.176 4.288 4.400 4.512 4.625 4.716 4.802 4.887 4.973 5.059 5.121 5.168 5.216 5.264 5.311 5.359 5.406 5.454 5.501
0.000 0.000 0.000 0.000 0.000 0.000 0.000 0.000 0.226 0.000 0.002 0.690 0.620 0.480 0.270 0.189 0.277 0.277 0.957 0.947 0.937 0.276 0.275 2.326 2.246 2.306 2.496 2.346 2.536 2.546 2.556 2.696 2.586 2.626 2.706 2.676 2.816 2.907 2.877 2.987 3.037 3.047 3.411 3.433 3.454 3.476 3.497 3.519 3.540 3.562 3.583 3.605 3.626 3.664 3.776 3.888 4.000 4.112 4.224 4.336 4.448 4.561 4.673 4.785 4.884 4.970 5.056 5.141 5.197 5.244 5.292 5.339 5.387 5.434 5.500 5.583 5.665
0.000 0.000 0.000 0.000 0.000 0.000 0.000 0.000 0.046 0.171 0.531 0.490 0.420 0.340 0.389 0.278 0.277 0.747 0.917 0.857 0.847 1.006 0.275 2.145 2.235 2.355 2.295 2.385 2.386 2.466 2.526 2.556 2.566 2.596 2.746 2.786 2.836 2.886 3.086 2.936 3.037 3.424 3.445 3.047 3.488 3.510 3.531 3.553 3.574 3.596 3.617 3.639 3.660 3.712 3.824 3.936 4.048 4.160 4.272 4.385 4.497 4.609 4.721 4.833 4.945 5.053 5.138 5.224 5.272 5.320 5.367 5.424 5.507 5.589 5.672 5.755 5.838
0.000 0.000 0.000 0.000 0.000 0.000 0.000 0.000 0.306 0.000 0.000 0.630 0.920 0.400 0.278 0.277 0.847 0.627 0.567 0.887 0.747 0.275 0.275 2.265 2.325 2.385 2.415 2.465 2.415 2.625 2.505 2.655 2.705 2.775 2.756 2.966 2.856 2.906 2.866 2.916 3.066 2.936 3.026 3.007 3.057 3.544 3.565 3.587 3.608 3.630 3.651 3.673 3.694 3.760 3.872 3.984 4.096 4.209 4.321 4.433 4.545 4.657 4.769 4.881 4.993 5.105 5.218 5.300 5.348 5.431 5.513 5.596 5.679 5.762 5.845 5.928 6.010
0.000 0.095 0.000 0.000 0.000 0.000 0.000 0.000 0.002 1.695 0.000 0.000 0.470 0.278 0.277 0.797 0.817 0.927 0.907 0.727 0.817 0.275 2.254 2.185 2.365 2.435 2.515 2.365 2.525 2.585 2.515 2.795 2.745 2.675 2.865 2.895 2.845 2.956 2.886 2.886 2.966 3.036 3.066 3.086 3.556 3.578 3.599 3.621 3.642 3.664 3.685 3.707 3.728 3.808 3.920 4.032 4.145 4.257 4.369 4.481 4.593 4.705 4.817 4.929 5.041 5.154 5.276 5.420 5.520 5.603 5.686 5.769 5.852 5.934 6.017 6.100 6.183
0.122 0.003 0.000 0.000 0.000 0.000 0.000 0.000 0.000 0.000 0.000 0.278 0.278 0.277 0.817 0.837 0.747 0.777 0.827 0.787 0.275 0.274 2.134 2.284 2.414 2.514 2.554 2.534 2.494 2.595 2.515 2.685 2.695 2.775 2.895 2.915 2.875 3.045 2.975 3.035 3.016 2.936 2.996 3.056 3.590 3.612 3.106 3.655 3.676 3.698 3.719 3.741 3.762 3.856 3.968 4.081 4.193 4.305 4.417 4.529 4.641 4.753 4.865 4.978 5.094 5.245 5.397 5.538 5.666 5.775 5.858 5.941 6.024 6.107 6.190 6.272 6.355
0.132 0.000 0.000 0.013 0.000 0.000 0.000 0.000 0.000 0.000 0.000 0.278 0.278 0.868 0.777 0.787 0.847 0.737 0.737 0.275 0.274 2.184 2.214 2.324 2.324 2.374 2.524 2.684 2.604 2.644 2.634 2.654 2.794 2.794 2.865 2.925 2.895 2.935 2.885 3.005 2.995 2.965 3.542 3.579 3.616 3.646 3.667 3.688 3.710 3.731 3.753 3.775 3.796 3.904 4.017 4.129 4.241 4.353 4.465 4.577 4.689 4.801 4.914 5.063 5.215 5.366 5.517 5.656 5.784 5.912 6.031 6.114 6.196 6.279 6.362 6.445 6.528
0.000 0.000 0.013 0.002 0.002 0.000 0.000 0.188 0.000 0.000 0.000 0.038 1.988 0.797 0.757 0.687 0.747 0.807 0.757 0.274 2.263 2.253 2.354 2.304 2.424 2.364 2.534 2.554 2.634 2.624 2.734 2.834 2.774 2.724 2.884 2.844 2.884 2.894 2.945 3.015 3.487 3.523 3.085 3.596 3.633 3.095 3.701 3.722 3.744 3.765 3.787 3.808 3.841 3.953 4.065 4.177 4.289 4.401 4.513 4.625 4.738 4.881 5.032 5.184 5.335 5.487 5.638 5.775 5.902 6.030 6.158 6.286 6.369 6.452 6.535 6.617 6.700
0.452 0.000 0.000 0.002 0.002 0.002 0.005 0.338 0.000 0.000 0.121 0.036 0.037 2.007 0.727 0.597 0.656 0.716 0.275 0.274 2.233 2.273 2.263 2.293 2.313 2.373 2.523 2.543 2.633 2.653 2.614 2.714 2.724 2.994 2.874 2.854 2.934 2.934 3.014 3.054 3.104 3.054 3.577 3.614 3.650 3.687 3.723 3.756 3.778 3.799 3.821 3.842 3.889 4.001 4.113 4.225 4.337 4.449 4.561 4.699 4.850 5.002 5.153 5.305 5.456 5.608 5.759 5.893 6.021 6.149 6.276 6.404 6.532 6.624 6.707 6.790 6.873
0.000 0.057 0.000 0.000 0.000 0.000 0.000 0.198 0.000 0.000 0.740 1.030 0.036 0.037 0.037 1.106 0.735 0.796 0.274 2.153 2.073 2.333 2.303 2.343 2.353 2.343 2.363 2.603 2.683 2.553 2.643 2.703 2.623 2.823 2.823 2.904 2.914 2.914 2.994 3.064 3.521 3.104 3.594 3.631 3.667 3.704 3.741 3.777 3.812 3.833 3.855 3.876 3.937 4.049 4.161 4.273 4.385 4.517 4.668 4.820 4.971 5.122 5.274 5.425 5.577 5.728 5.880 6.012 6.139 6.267 6.395 6.522 6.650 6.778 6.880 6.963 7.045
0.017 0.000 0.000 0.000 0.000 0.000 0.000 0.000 0.000 0.000 0.020 0.640 0.530 0.841 0.035 0.035 1.763 0.273 0.272 2.233 2.233 2.303 2.283 2.333 2.453 2.393 2.363 2.633 2.563 2.723 2.783 2.863 2.763 2.743 2.893 2.943 2.983 3.429 3.003 3.502 3.538 3.034 3.612 3.648 3.685 3.721 3.758 3.794 3.831 3.867 3.889 3.910 3.985 4.097 4.209 4.335 4.486 4.638 4.789 4.940 5.092 5.243 5.395 5.546 5.698 5.849 6.001 6.130 6.258 6.385 6.513 6.641 6.768 6.896 7.024 7.135 7.218
0.093 0.000 0.000 0.000 0.000 0.000 0.000 0.000 0.000 0.000 0.000 0.000 0.000 0.711 1.211 0.034 2.042 2.142 2.122 2.162 2.152 2.272 2.292 2.302 2.452 2.422 2.482 2.452 2.722 2.672 2.722 2.792 2.713 2.743 2.803 2.903 2.943 2.983 3.483 3.083 3.556 3.592 3.629 3.665 3.702 3.739 3.775 3.812 3.848 3.885 3.922 3.944 4.033 4.153 4.304 4.456 4.607 4.758 4.910 5.061 5.213 5.364 5.516 5.667 5.818 5.970 6.121 6.248 6.376 6.504 6.631 6.759 6.887 7.014 7.142 7.270 7.390
0.415 0.030 0.000 0.000 0.000 0.000 0.000 0.000 0.000 0.000 0.000 0.000 0.000 0.000 0.582 1.922 1.922 2.162 1.962 2.102 2.292 2.312 2.312 2.372 2.332 2.482 2.622 2.552 2.572 2.712 2.832 2.752 2.732 2.782 2.862 2.962 2.862 2.993 3.003 2.953 3.573 3.610 3.646 3.683 3.719 3.756 3.792 3.829 3.866 3.902 3.939 3.975 4.122 4.273 4.425 4.576 4.728 4.879 5.031 5.182 5.334 5.485 5.636 5.788 5.939 6.091 6.239 6.367 6.494 6.622 6.750 6.877 7.005 7.133 7.260 7.388 7.516
0.335 0.030 0.000 0.000 0.000 0.000 0.000 0.000 0.000 0.000 0.000 0.000 0.000 0.000 0.000 1.862 2.092 2.052 2.292 2.152 2.292 2.412 2.362 2.332 2.402 2.482 2.502 2.542 2.612 2.742 2.672 2.932 2.912 2.842 2.892 2.902 3.062 3.082 3.042 3.554 3.042 3.627 3.663 3.700 3.737 3.773 3.810 3.845 3.878 3.911 3.943 4.039 4.216 4.377 4.539 4.697 4.849 5.000 5.151 5.303 5.454 5.606 5.757 5.909 6.060 6.212 6.357 6.485 6.613 6.740 6.868 6.996 7.124 7.251 7.379 7.507 7.634
0.000 0.000 0.000 0.000 0.000 0.000 0.000 0.000 0.000 0.000 0.000 0.000 0.000 0.000 0.000 0.000 0.000 2.052 2.172 2.252 2.382 2.262 2.472 2.442 2.371 2.531 2.591 2.591 2.621 2.661 2.761 2.871 2.861 2.981 2.932 2.882 2.992 3.498 3.534 3.042 2.982 3.644 3.681 3.716 3.748 3.781 3.814 3.846 3.879 3.912 3.945 4.114 4.300 4.464 4.626 4.788 4.950 5.112 5.272 5.424 5.575 5.727 5.878 6.030 6.181 6.332 6.476 6.603 6.731 6.859 6.987 7.114 7.242 7.370 7.497 7.603 7.681
0.147 0.000 0.000 0.000 0.121 0.000 0.000 0.000 0.000 0.000 0.000 0.000 0.000 0.000 0.000 0.000 0.000 0.000 2.142 2.072 2.252 2.341 2.441 2.421 2.561 2.511 2.541 2.581 2.641 2.661 2.711 2.801 2.741 2.831 2.941 2.981 2.921 3.041 3.021 3.101 3.032 3.652 3.684 3.717 3.750 3.782 3.815 3.848 3.880 3.913 4.003 4.189 4.375 4.551 4.713 4.875 5.037 5.199 5.361 5.522 5.684 5.846 5.999 6.150 6.302 6.453 6.594 6.722 6.850 6.977 7.105 7.213 7.292 7.370 7.448 7.526 7.604
0.457 0.016 0.017 0.400 0.000 0.000 0.000 0.000 0.000 0.000 0.000 0.000 0.000 0.000 0.000 0.000 0.000 0.000 0.000 2.101 2.261 2.251 2.401 2.461 2.531 2.651 2.601 2.561 2.691 2.691 2.731 2.621 2.931 2.921 2.951 3.021 2.891 2.991 3.041 3.081 3.620 3.653 3.685 3.718 3.751 3.784 3.816 3.849 3.882 3.914 4.079 4.264 4.450 4.636 4.800 4.962 5.124 5.285 5.447 5.609 5.771 5.933 6.095 6.257 6.419 6.574 6.713 6.824 6.903 6.981 7.059 7.137 7.215 7.293 7.371 7.449 7.528
0.013 0.000 0.030 0.350 0.000 0.000 0.000 0.000 0.000 0.000 0.000 0.000 0.000 0.000 0.000 0.000 0.000 0.000 0.000 1.931 2.001 2.241 2.481 2.101 2.311 2.620 2.750 2.690 2.690 2.740 2.890 2.890 2.810 2.970 2.960 2.990 3.000 2.991 3.061 3.589 3.621 3.654 3.687 3.719 3.752 3.785 3.818 3.850 3.883 3.968 4.154 4.340 4.525 4.711 4.887 5.049 5.210 5.372 5.534 5.696 5.858 6.020 6.182 6.344 6.505 6.660 6.670 6.748 6.826 6.904 6.982 7.060 7.138 7.217 7.295 7.373 7.451
0.020 0.000 0.590 0.000 0.000 0.000 0.000 0.000 0.000 0.000 0.000 0.000 0.000 0.000 0.000 0.000 0.000 0.000 0.000 1.391 1.731 2.170 2.230 2.560 2.440 2.520 2.640 2.760 2.700 2.900 2.770 2.740 2.790 2.910 3.060 3.090 2.960 3.050 3.557 3.590 3.623 3.655 3.688 3.721 3.753 3.786 3.819 3.852 3.884 4.043 4.229 4.415 4.601 4.786 4.972 5.135 5.297 5.459 5.621 5.783 5.945 6.107 6.269 6.430 6.592 6.638 6.640 6.671 6.749 6.828 6.906 6.984 7.062 7.140 7.218 7.296 7.374
0.394 0.023 0.000 0.000 0.000 0.000 0.000 0.000 0.000 0.000 0.000 0.000 0.000 0.000 0.000 0.000 0.000 0.000 0.000 1.210 1.370 1.610 2.210 2.350 2.550 2.600 2.469 2.870 2.720 2.790 2.820 2.860 2.920 2.900 3.392 3.449 3.493 2.940 3.559 3.591 3.624 3.657 3.689 3.722 3.755 3.787 3.820 3.853 3.933 4.119 4.304 4.490 4.676 4.862 5.047 5.222 5.384 5.546 5.708 5.870 6.032 6.193 6.355 6.517 6.613 6.616 6.618 6.620 6.673 6.751 6.829 6.907 6.985 7.064 7.142 7.220 7.324
0.243 0.000 0.000 0.572 0.000 0.000 0.000 0.000 0.000 0.000 0.000 0.000 0.000 0.000 0.000 0.000 0.000 0.000 0.000 0.000 1.320 1.379 1.929 2.469 2.489 2.759 2.639 2.439 2.689 2.819 2.809 2.809 2.779 2.959 2.969 3.429 3.089 3.079 3.560 3.592 3.625 3.658 3.690 3.723 3.756 3.789 3.821 3.854 4.008 4.194 4.380 4.565 4.751 4.937 5.123 5.308 5.471 5.633 5.795 5.957 6.118 6.280 6.442 6.589 6.591 6.593 6.596 6.598 6.600 6.674 6.752 6.831 6.909 6.987 7.065 7.143 7.300
0.237 0.111 0.813 0.413 0.923 0.000 0.000 0.000 0.000 0.000 0.000 0.000 0.000 0.000 0.000 0.000 0.000 0.000 0.000 0.000 0.000 2.158 2.178 2.169 2.699 2.679 2.669 2.729 2.809 2.729 2.799 3.079 2.879 2.969 3.079 3.409 3.059 3.523 3.561 3.594 3.626 3.659 3.692 3.724 3.757 3.790 3.823 3.898 4.083 4.269 4.455 4.641 4.826 5.012 5.198 5.384 5.558 5.720 5.881 6.043 6.205 6.367 6.529 6.566 6.569 6.571 6.573 6.576 6.578 6.598 6.676 6.754 6.832 6.910 6.989 7.073 7.276
0.230 0.000 0.000 0.000 0.000 0.000 0.000 0.000 0.000 0.000 0.000 0.000 0.000 0.000 0.000 0.000 0.000 0.000 0.000 0.000 0.000 2.228 2.548 2.538 2.708 2.668 2.708 2.688 2.748 2.848 2.718 2.788 2.818 3.068 3.331 3.388 3.078 3.502 3.559 3.595 3.628 3.660 3.693 3.726 3.758 3.791 3.824 3.973 4.159 4.344 4.530 4.716 4.902 5.087 5.273 5.459 5.644 5.806 5.968 6.130 6.292 6.454 6.542 6.544 6.546 6.549 6.551 6.553 6.556 6.558 6.599 6.677 6.756 6.834 6.912 7.050 7.253
0.225 0.224 0.000 0.000 0.181 0.000 0.000 0.000 0.000 0.000 0.000 0.000 0.000 0.000 0.000 0.000 0.000 0.000 0.000 0.000 0.000 2.168 2.528 2.698 2.648 2.738 2.738 2.758 2.778 2.838 2.828 2.748 2.858 2.938 2.988 3.018 3.018 3.058 3.539 3.596 3.629 3.662 3.694 3.727 3.760 3.792 3.862 4.048 4.234 4.420 4.605 4.791 4.977 5.163 5.348 5.534 5.720 5.893 6.055 6.217 6.379 6.517 6.519 6.522 6.524 6.526 6.529 6.531 6.533 6.536 6.538 6.601 6.679 6.757 6.835 7.026 7.229
2.377 0.223 0.223 0.000 0.221 0.221 0.222 0.000 0.000 0.000 0.000 0.000 0.000 0.000 0.000 0.000 0.000 0.000 0.000 0.000 0.000 1.597 2.317 2.677 2.637 2.857 2.787 2.777 2.877 2.757 2.807 2.977 2.867 2.917 2.947 2.977 3.047 3.461 3.518 3.575 3.088 3.663 3.695 3.728 3.761 3.793 3.937 4.123 4.309 4.495 4.680 4.866 5.052 5.238 5.423 5.609 5.795 5.980 6.142 6.304 6.466 6.495 6.497 6.499 6.502 6.504 6.506 6.509 6.511 6.513 6.515 6.524 6.602 6.680 6.799 7.002 7.205
2.376 2.370 0.222 0.222 0.221 0.222 0.222 0.000 1.011 0.611 0.052 0.000 0.000 0.000 0.000 0.000 0.000 0.000 0.000 0.000 0.000 1.517 2.097 2.437 2.737 2.677 2.757 2.717 2.907 2.817 2.887 2.877 2.897 2.977 2.737 2.957 3.057 2.997 3.097 3.087 3.612 3.664 3.697 3.729 3.762 3.827 4.013 4.198 4.384 4.570 4.756 4.941 5.127 5.313 5.499 5.684 5.870 6.056 6.229 6.391 6.470 6.472 6.475 6.477 6.479 6.481 6.484 6.486 6.488 6.491 6.493 6.495 6.526 6.604 6.775 6.978 7.181
1.692 2.369 0.222 0.221 2.430 0.221 0.221 1.081 1.341 1.181 0.881 0.431 0.000 0.000 0.000 0.000 0.000 0.000 0.000 0.000 0.000 1.416 1.936 2.236 2.676 2.846 2.836 2.826 2.806 2.886 2.896 2.806 2.896 2.926 3.249 2.736 2.946 3.420 3.477 3.534 3.591 3.648 3.698 3.730 3.763 3.902 4.088 4.274 4.459 4.645 4.831 5.017 5.202 5.388 5.574 5.760 5.945 6.131 6.315 6.445 6.448 6.450 6.452 6.455 6.457 6.459 6.461 6.464 6.466 6.468 6.471 6.473 6.475 6.548 6.751 6.954 7.157
1.372 2.721 2.362 2.356 2.631 0.901 0.221 0.221 1.081 1.261 1.091 0.811 0.000 0.000 0.000 0.000 0.000 0.000 0.000 0.000 0.000 1.576 2.216 2.286 2.426 2.736 2.926 2.986 2.885 2.805 2.845 2.835 2.846 2.956 2.956 3.016 2.996 3.399 3.457 3.514 3.571 3.628 3.685 3.732 3.792 3.977 4.163 4.349 4.534 4.720 4.906 5.092 5.278 5.463 5.649 5.834 6.013 6.191 6.369 6.438 6.442 6.445 6.449 6.452 6.456 6.459 6.463 6.467 6.470 6.474 6.477 6.481 6.484 6.615 6.831 7.048 7.265
1.121 2.091 2.361 2.405 2.833 1.781 0.601 0.221 0.221 0.691 1.051 0.000 0.430 0.081 0.000 0.000 0.000 0.000 0.000 0.000 0.000 1.736 2.395 2.475 2.695 2.495 2.835 2.995 2.985 2.875 2.895 2.875 2.895 2.935 2.955 2.965 2.995 3.015 2.916 3.076 3.550 3.607 3.664 3.721 3.853 4.031 4.210 4.388 4.567 4.745 4.924 5.102 5.280 5.459 5.637 5.816 5.994 6.172 6.332 6.463 6.475 6.479 6.482 6.486 6.489 6.493 6.496 6.500 6.503 6.507 6.510 6.514 6.564 6.755 6.954 7.171 7.388
0.000 1.491 2.931 2.606 3.034 2.121 1.321 0.931 0.221 0.221 0.000 0.391 0.341 0.491 0.591 0.000 0.000 0.000 0.000 0.000 0.000 0.000 2.005 2.335 2.435 2.804 2.914 2.984 3.004 2.784 2.864 2.924 2.944 2.894 2.944 2.954 3.085 3.095 3.415 2.985 3.065 3.601 3.674 3.747 3.849 4.013 4.191 4.370 4.548 4.726 4.905 5.083 5.262 5.440 5.618 5.797 5.975 6.154 6.288 6.419 6.508 6.512 6.515 6.519 6.522 6.526 6.529 6.533 6.536 6.540 6.544 6.547 6.704 6.895 7.085 7.294 7.511
0.000 0.761 1.801 2.808 3.236 3.001 2.041 1.611 1.631 0.221 0.221 0.221 0.221 0.221 0.221 0.000 0.000 0.000 0.000 0.000 0.000 0.000 0.000 2.135 2.534 2.644 2.844 2.984 2.983 3.003 2.943 2.853 3.073 2.934 2.954 3.084 2.934 3.074 2.984 3.094 3.555 3.075 3.700 3.783 3.886 3.994 4.172 4.351 4.529 4.708 4.886 5.064 5.243 5.421 5.600 5.778 5.956 6.112 6.243 6.374 6.505 6.545 6.549 6.552 6.556 6.559 6.563 6.566 6.570 6.573 6.577 6.654 6.844 7.034 7.225 7.417 7.634
