includes/overflow_coast_v/floodfiles/results/res-0003.wd
ncols         631
nrows         906
xllcorner     364927.146667
yllcorner     6531972.565556
cellsize      20.000000
NODATA_value  -9999.000000
[rows 136 to 169 of 906, columns 385 to 461 of 631]
4.354 4.387 4.419 4.452 4.484 4.516 4.549 4.581 4.614 4.647 4.681 4.716 4.747 4.777 4.806 4.837 4.867 4.897 4.927 4.957 4.987 5.017 5.047 5.077 5.107 5.137 5.167 5.206 5.252 5.297 5.343 5.388 5.434 5.479 5.525 5.570 5.616 5.661 5.707 5.752 5.797 5.843 5.887 5.930 5.974 5.996 6.014 6.032 6.050 6.068 6.086 6.104 6.122 6.140 6.158 6.176 6.194 6.212 6.241 6.286 6.330 6.375 6.419 6.466 6.524 6.583 6.642 6.701 6.759 6.818 6.877 6.935 6.994 7.053 7.136 7.229 7.292
4.327 4.359 4.392 4.424 4.457 4.489 4.522 4.554 4.586 4.621 4.655 4.690 4.723 4.753 4.783 4.813 4.843 4.873 4.903 4.933 4.963 4.993 5.023 5.053 5.083 5.113 5.142 5.174 5.220 5.265 5.311 5.357 5.402 5.448 5.494 5.539 5.585 5.630 5.676 5.721 5.767 5.812 5.857 5.901 5.930 5.948 5.966 5.984 6.002 6.020 6.037 6.055 6.073 6.091 6.109 6.127 6.145 6.163 6.181 6.223 6.268 6.312 6.357 6.410 6.469 6.528 6.586 6.645 6.704 6.762 6.821 6.880 6.938 6.997 7.060 7.127 7.189
4.299 4.332 4.364 4.397 4.429 4.462 4.494 4.527 4.560 4.595 4.629 4.663 4.698 4.729 4.759 4.789 4.819 4.849 4.879 4.909 4.939 4.969 4.999 5.029 5.059 5.089 5.117 5.146 5.187 5.233 5.279 5.324 5.370 5.416 5.461 5.507 5.553 5.598 5.644 5.690 5.735 5.781 5.827 5.863 5.881 5.899 5.917 5.935 5.953 5.971 5.989 6.007 6.025 6.043 6.061 6.079 6.097 6.115 6.133 6.160 6.205 6.249 6.296 6.354 6.413 6.472 6.531 6.589 6.648 6.707 6.765 6.824 6.877 6.928 6.978 7.034 7.090
4.272 4.304 4.337 4.369 4.402 4.434 4.467 4.500 4.534 4.568 4.603 4.637 4.672 4.705 4.735 4.765 4.795 4.825 4.855 4.885 4.915 4.945 4.975 5.005 5.035 5.064 5.093 5.122 5.155 5.201 5.246 5.292 5.338 5.383 5.429 5.475 5.520 5.566 5.612 5.657 5.703 5.749 5.793 5.818 5.835 5.852 5.869 5.887 5.905 5.923 5.941 5.959 5.976 5.994 6.012 6.030 6.048 6.066 6.084 6.102 6.142 6.187 6.240 6.299 6.357 6.416 6.475 6.534 6.591 6.642 6.692 6.743 6.793 6.844 6.895 6.950 7.006
4.245 4.277 4.309 4.342 4.374 4.407 4.439 4.473 4.508 4.542 4.576 4.611 4.645 4.680 4.711 4.741 4.771 4.801 4.831 4.861 4.891 4.921 4.951 4.981 5.010 5.039 5.068 5.097 5.126 5.168 5.214 5.260 5.305 5.351 5.397 5.442 5.488 5.534 5.579 5.625 5.671 5.716 5.745 5.771 5.791 5.808 5.825 5.842 5.860 5.877 5.894 5.912 5.929 5.946 5.964 5.982 6.000 6.018 6.036 6.054 6.080 6.125 6.184 6.243 6.302 6.355 6.406 6.457 6.508 6.558 6.609 6.660 6.710 6.761 6.811 6.866 6.922
4.217 4.250 4.282 4.314 4.347 4.379 4.413 4.447 4.481 4.516 4.550 4.585 4.619 4.653 4.687 4.717 4.747 4.777 4.807 4.837 4.867 4.897 4.927 4.957 4.985 5.014 5.043 5.072 5.101 5.136 5.182 5.227 5.273 5.319 5.364 5.410 5.456 5.501 5.547 5.593 5.638 5.670 5.697 5.723 5.746 5.763 5.781 5.798 5.815 5.833 5.850 5.867 5.884 5.902 5.919 5.936 5.954 5.971 5.988 6.006 6.023 6.069 6.120 6.171 6.221 6.272 6.323 6.373 6.424 6.475 6.525 6.576 6.627 6.677 6.728 6.782 6.838
4.190 4.222 4.255 4.287 4.319 4.352 4.386 4.421 4.455 4.490 4.524 4.558 4.593 4.627 4.662 4.693 4.723 4.753 4.783 4.813 4.843 4.873 4.903 4.932 4.961 4.990 5.018 5.047 5.076 5.105 5.149 5.195 5.241 5.286 5.332 5.378 5.423 5.469 5.515 5.560 5.596 5.622 5.649 5.676 5.702 5.719 5.736 5.754 5.771 5.788 5.805 5.823 5.840 5.857 5.875 5.892 5.909 5.927 5.944 5.961 5.978 6.002 6.037 6.087 6.138 6.189 6.239 6.290 6.341 6.391 6.442 6.493 6.543 6.594 6.645 6.699 6.755
4.162 4.195 4.227 4.260 4.292 4.326 4.360 4.395 4.429 4.463 4.498 4.532 4.567 4.601 4.635 4.669 4.699 4.729 4.759 4.789 4.819 4.849 4.878 4.907 4.936 4.965 4.994 5.023 5.051 5.080 5.117 5.163 5.208 5.254 5.300 5.345 5.391 5.437 5.482 5.521 5.548 5.574 5.601 5.628 5.654 5.675 5.692 5.709 5.727 5.744 5.761 5.778 5.796 5.813 5.830 5.848 5.865 5.882 5.900 5.916 5.933 5.954 5.985 6.016 6.055 6.105 6.156 6.207 6.257 6.308 6.359 6.409 6.460 6.511 6.561 6.615 6.671
4.076 4.167 4.200 4.232 4.265 4.300 4.334 4.368 4.403 4.437 4.471 4.506 4.540 4.575 4.609 4.643 4.675 4.705 4.735 4.765 4.795 4.824 4.853 4.882 4.911 4.940 4.969 4.998 5.027 5.056 5.085 5.130 5.176 5.222 5.267 5.313 5.359 5.404 5.447 5.473 5.500 5.527 5.553 5.580 5.606 5.630 5.648 5.665 5.682 5.699 5.717 5.734 5.751 5.769 5.786 5.803 5.821 5.838 5.855 5.871 5.887 5.906 5.937 5.968 5.999 6.029 6.073 6.123 6.174 6.225 6.275 6.326 6.376 6.427 6.478 6.531 6.587
3.960 4.131 4.172 4.205 4.239 4.273 4.308 4.342 4.376 4.411 4.445 4.480 4.514 4.548 4.583 4.617 4.651 4.681 4.711 4.741 4.771 4.800 4.828 4.857 4.886 4.915 4.944 4.973 5.002 5.031 5.060 5.098 5.144 5.189 5.235 5.281 5.326 5.372 5.399 5.426 5.452 5.479 5.505 5.532 5.559 5.585 5.603 5.620 5.638 5.655 5.672 5.690 5.707 5.724 5.741 5.759 5.776 5.793 5.809 5.825 5.841 5.858 5.889 5.920 5.950 5.981 6.012 6.043 6.090 6.141 6.192 6.242 6.293 6.344 6.394 6.447 6.503
3.845 4.016 3.640 4.178 4.213 4.247 4.282 4.316 4.350 4.385 4.419 4.453 4.488 4.522 4.556 4.591 4.625 4.657 4.687 4.717 4.746 4.775 4.804 4.833 4.862 4.890 4.919 4.948 4.977 5.006 5.035 5.066 5.111 5.157 5.203 5.248 5.294 5.324 5.351 5.378 5.404 5.431 5.457 5.484 5.511 5.537 5.559 5.576 5.593 5.611 5.628 5.645 5.662 5.680 5.697 5.714 5.731 5.747 5.764 5.780 5.796 5.812 5.841 5.871 5.902 5.933 5.964 5.995 6.026 6.058 6.108 6.159 6.210 6.260 6.311 6.363 6.419
3.648 3.828 4.037 4.151 4.186 4.220 4.255 4.290 4.324 4.358 4.393 4.427 4.461 4.496 4.530 4.565 4.599 4.633 4.663 4.692 4.721 4.750 4.779 4.808 4.837 4.866 4.894 4.923 4.952 4.981 5.010 5.039 5.079 5.125 5.170 5.216 5.250 5.277 5.303 5.330 5.356 5.383 5.410 5.436 5.463 5.489 5.514 5.532 5.549 5.566 5.584 5.601 5.618 5.635 5.653 5.669 5.686 5.702 5.718 5.734 5.750 5.766 5.792 5.823 5.854 5.885 5.916 5.947 5.978 6.009 6.040 6.075 6.126 6.177 6.227 6.279 6.335
3.406 3.586 3.853 4.121 4.156 4.191 4.225 4.260 4.295 4.329 4.364 4.399 4.433 4.468 4.503 4.538 4.572 4.607 4.639 4.668 4.696 4.725 4.754 4.783 4.812 4.841 4.870 4.899 4.927 4.956 4.985 5.014 5.047 5.092 5.138 5.176 5.202 5.229 5.255 5.282 5.308 5.335 5.362 5.388 5.415 5.441 5.468 5.487 5.505 5.522 5.539 5.556 5.574 5.591 5.608 5.624 5.640 5.656 5.672 5.688 5.705 5.721 5.744 5.775 5.806 5.837 5.868 5.899 5.930 5.961 5.991 6.022 6.053 6.093 6.144 6.196 6.251
3.429 3.589 3.639 3.619 4.127 4.161 4.196 4.231 4.265 4.300 4.335 4.369 4.404 4.439 4.473 4.508 4.543 4.577 4.607 4.637 4.667 4.697 4.727 4.757 4.787 4.816 4.845 4.874 4.903 4.932 4.960 4.989 5.018 5.060 5.101 5.128 5.154 5.181 5.207 5.234 5.261 5.287 5.314 5.340 5.367 5.394 5.420 5.443 5.460 5.477 5.495 5.512 5.529 5.546 5.562 5.578 5.594 5.610 5.627 5.643 5.659 5.675 5.696 5.727 5.758 5.789 5.820 5.851 5.882 5.913 5.943 5.974 6.005 6.036 6.067 6.112 6.170
3.578 3.469 3.609 3.579 4.093 4.132 4.166 4.201 4.236 4.270 4.305 4.340 4.374 4.409 4.444 4.479 4.513 4.545 4.575 4.605 4.635 4.665 4.695 4.725 4.754 4.784 4.814 4.844 4.874 4.904 4.934 4.964 4.993 5.026 5.053 5.080 5.106 5.133 5.159 5.186 5.213 5.239 5.266 5.292 5.319 5.346 5.372 5.398 5.416 5.433 5.450 5.468 5.484 5.500 5.516 5.533 5.549 5.565 5.581 5.597 5.613 5.629 5.648 5.679 5.710 5.741 5.772 5.803 5.833 5.864 5.895 5.926 5.957 5.988 6.019 6.063 6.103
3.548 3.558 3.638 3.607 3.910 4.102 4.137 4.172 4.206 4.241 4.276 4.310 4.345 4.380 4.414 4.449 4.482 4.512 4.542 4.572 4.602 4.632 4.662 4.692 4.722 4.752 4.782 4.812 4.842 4.872 4.902 4.932 4.962 4.991 5.015 5.038 5.061 5.085 5.112 5.138 5.165 5.191 5.218 5.245 5.271 5.298 5.324 5.351 5.371 5.389 5.406 5.422 5.439 5.455 5.471 5.487 5.503 5.519 5.535 5.552 5.568 5.584 5.600 5.631 5.662 5.693 5.724 5.754 5.785 5.816 5.847 5.878 5.909 5.944 5.988 6.033 6.073
3.528 3.448 3.598 3.578 3.548 4.030 4.107 4.142 4.177 4.211 4.246 4.281 4.315 4.350 4.385 4.420 4.450 4.480 4.510 4.540 4.570 4.600 4.630 4.660 4.690 4.720 4.750 4.779 4.809 4.839 4.869 4.899 4.929 4.958 4.984 5.007 5.030 5.053 5.076 5.099 5.123 5.146 5.170 5.197 5.223 5.250 5.276 5.303 5.327 5.344 5.361 5.377 5.393 5.409 5.425 5.441 5.457 5.474 5.490 5.506 5.522 5.538 5.554 5.583 5.614 5.644 5.675 5.706 5.737 5.768 5.799 5.830 5.869 5.913 5.958 6.002 6.044
3.548 3.538 3.578 3.528 3.568 3.847 4.078 4.113 4.147 4.182 4.217 4.251 4.286 4.321 4.355 4.387 4.417 4.447 4.477 4.508 4.538 4.568 4.597 4.627 4.657 4.687 4.717 4.747 4.777 4.807 4.837 4.866 4.896 4.925 4.953 4.976 4.999 5.022 5.046 5.069 5.092 5.115 5.138 5.161 5.184 5.207 5.230 5.255 5.282 5.299 5.315 5.331 5.347 5.364 5.380 5.396 5.412 5.428 5.444 5.460 5.476 5.493 5.509 5.534 5.565 5.596 5.627 5.658 5.689 5.720 5.751 5.794 5.839 5.883 5.928 5.972 6.014
3.478 3.438 3.538 3.628 3.458 3.508 3.598 4.083 4.118 4.152 4.187 4.222 4.256 4.291 4.325 4.355 4.385 4.415 4.445 4.475 4.505 4.535 4.565 4.595 4.625 4.655 4.685 4.715 4.745 4.775 4.804 4.834 4.863 4.892 4.921 4.945 4.969 4.992 5.015 5.038 5.061 5.084 5.107 5.130 5.153 5.176 5.200 5.223 5.241 5.254 5.270 5.286 5.302 5.318 5.334 5.350 5.366 5.382 5.399 5.415 5.431 5.447 5.463 5.486 5.517 5.548 5.579 5.610 5.641 5.675 5.720 5.764 5.808 5.853 5.897 5.942 5.985
3.447 3.437 3.577 3.577 3.607 3.480 3.567 3.618 4.088 4.123 4.158 4.192 4.227 4.262 4.292 4.322 4.352 4.383 4.413 4.443 4.473 4.503 4.533 4.563 4.592 4.622 4.652 4.682 4.712 4.742 4.771 4.800 4.830 4.859 4.888 4.915 4.938 4.961 4.984 5.007 5.030 5.053 5.076 5.100 5.123 5.146 5.169 5.188 5.198 5.210 5.226 5.241 5.257 5.273 5.288 5.305 5.321 5.337 5.353 5.369 5.385 5.401 5.417 5.438 5.469 5.500 5.531 5.562 5.600 5.645 5.689 5.734 5.778 5.823 5.867 5.911 5.956
3.377 3.327 3.457 3.377 3.607 3.587 3.487 3.904 3.577 4.093 3.478 4.163 4.197 4.230 4.260 4.290 4.320 4.350 4.380 4.410 4.440 4.470 4.500 4.530 4.560 4.590 4.620 4.650 4.680 4.709 4.738 4.767 4.797 4.826 4.855 4.884 4.907 4.930 4.953 4.976 4.999 5.023 5.046 5.069 5.092 5.115 5.135 5.145 5.155 5.166 5.181 5.197 5.213 5.228 5.244 5.260 5.275 5.291 5.307 5.323 5.340 5.356 5.372 5.390 5.421 5.452 5.483 5.526 5.570 5.615 5.659 5.703 5.748 5.792 5.837 5.881 5.925
3.217 3.357 3.407 3.567 3.477 3.497 3.507 3.720 4.024 3.507 3.547 3.607 3.597 4.197 4.227 4.258 4.288 4.318 4.348 4.378 4.408 4.438 4.468 4.498 4.528 4.557 4.587 4.617 4.647 4.676 4.705 4.734 4.764 4.793 4.822 4.851 4.876 4.899 4.923 4.946 4.969 4.992 5.015 5.038 5.061 5.082 5.092 5.102 5.112 5.123 5.137 5.153 5.168 5.184 5.200 5.215 5.231 5.247 5.262 5.278 5.294 5.310 5.326 5.342 5.373 5.406 5.451 5.495 5.540 5.584 5.629 5.673 5.718 5.762 5.806 5.851 5.895
3.237 3.367 3.416 3.456 3.557 3.507 3.637 3.637 3.537 3.537 3.477 4.104 4.135 4.165 4.195 4.225 4.255 4.285 4.315 4.345 4.375 4.405 4.435 4.465 4.495 4.525 4.555 4.585 4.614 4.643 4.672 4.701 4.730 4.760 4.789 4.818 4.846 4.869 4.892 4.915 4.938 4.961 4.984 5.007 5.029 5.039 5.049 5.059 5.070 5.080 5.093 5.108 5.124 5.140 5.155 5.171 5.187 5.202 5.218 5.234 5.250 5.265 5.281 5.297 5.332 5.376 5.420 5.465 5.509 5.554 5.598 5.643 5.687 5.732 5.776 5.820 5.865
3.296 3.396 3.496 3.496 3.606 3.506 3.576 3.354 3.366 3.446 4.039 4.073 4.103 4.133 4.163 4.193 4.223 4.253 4.283 4.313 4.343 4.373 4.403 4.433 4.463 4.492 4.522 4.552 4.581 4.610 4.639 4.668 4.697 4.727 4.756 4.785 4.814 4.838 4.861 4.884 4.907 4.930 4.953 4.976 4.986 4.996 5.006 5.017 5.027 5.037 5.049 5.064 5.080 5.096 5.111 5.127 5.143 5.158 5.174 5.190 5.205 5.221 5.237 5.268 5.308 5.347 5.390 5.435 5.479 5.524 5.568 5.612 5.657 5.701 5.746 5.790 5.835
3.186 3.346 3.256 3.506 3.476 3.576 2.872 3.170 3.476 3.777 3.606 4.040 4.070 4.100 4.130 4.160 4.190 4.220 4.250 4.280 4.310 4.340 4.370 4.400 4.430 4.460 4.489 4.518 4.548 4.577 4.606 4.635 4.664 4.693 4.723 4.752 4.781 4.807 4.830 4.853 4.876 4.899 4.923 4.933 4.943 4.954 4.964 4.974 4.984 4.994 5.004 5.020 5.036 5.051 5.067 5.083 5.098 5.114 5.130 5.145 5.161 5.177 5.211 5.251 5.290 5.329 5.369 5.408 5.449 5.493 5.538 5.582 5.627 5.671 5.715 5.760 5.804
3.196 3.326 3.436 3.386 3.406 3.416 2.839 3.596 3.526 3.616 3.936 4.003 4.033 4.064 4.095 4.125 4.156 4.187 4.217 4.247 4.277 4.307 4.337 4.367 4.397 4.427 4.456 4.485 4.515 4.544 4.573 4.602 4.631 4.660 4.690 4.719 4.748 4.776 4.799 4.823 4.846 4.869 4.880 4.890 4.901 4.911 4.921 4.931 4.941 4.951 4.962 4.976 4.991 5.007 5.023 5.038 5.054 5.070 5.085 5.101 5.117 5.154 5.194 5.233 5.272 5.312 5.351 5.391 5.430 5.469 5.509 5.552 5.596 5.641 5.685 5.729 5.774
3.175 3.315 3.405 3.395 3.465 3.295 2.807 3.535 3.475 3.635 3.831 3.962 3.993 4.024 4.054 4.085 4.116 4.146 4.177 4.208 4.239 4.269 4.300 4.331 4.364 4.395 4.423 4.452 4.481 4.511 4.540 4.569 4.598 4.627 4.656 4.686 4.715 4.744 4.769 4.792 4.815 4.828 4.838 4.848 4.858 4.868 4.878 4.888 4.898 4.909 4.919 4.931 4.947 4.963 4.978 4.994 5.010 5.025 5.041 5.058 5.097 5.136 5.176 5.215 5.254 5.294 5.333 5.373 5.412 5.452 5.491 5.530 5.570 5.610 5.655 5.699 5.744
2.105 3.135 3.245 3.375 3.355 3.365 3.465 3.555 3.545 3.455 3.725 3.863 3.953 3.983 3.565 4.045 4.075 4.106 4.137 4.167 4.198 4.229 4.259 4.290 4.330 4.364 4.393 4.422 4.450 4.479 4.507 4.536 4.565 4.594 4.623 4.653 4.682 4.711 4.738 4.761 4.775 4.785 4.795 4.805 4.815 4.825 4.835 4.845 4.856 4.866 4.876 4.887 4.903 4.918 4.934 4.950 4.965 4.981 5.001 5.040 5.079 5.119 5.158 5.197 5.236 5.276 5.315 5.355 5.394 5.434 5.473 5.513 5.552 5.591 5.631 5.670 5.713
0.755 2.535 3.155 3.315 3.495 3.415 3.435 3.274 3.584 3.595 3.565 3.757 3.635 3.555 3.625 4.004 4.035 4.065 4.096 4.127 4.158 4.188 4.219 4.256 4.295 4.334 4.362 4.391 4.420 4.448 4.477 4.506 4.534 4.563 4.592 4.620 4.649 4.678 4.707 4.722 4.732 4.742 4.752 4.762 4.772 4.782 4.793 4.803 4.813 4.823 4.833 4.843 4.858 4.874 4.890 4.905 4.921 4.944 4.983 5.022 5.061 5.101 5.140 5.179 5.218 5.258 5.297 5.337 5.376 5.416 5.455 5.495 5.534 5.574 5.613 5.652 5.692
0.753 0.756 2.794 3.254 3.284 3.374 3.254 3.344 3.494 3.494 3.514 3.604 3.464 3.484 3.494 3.414 3.584 4.025 4.056 4.086 4.117 4.148 4.182 4.221 4.261 4.300 4.332 4.361 4.389 4.418 4.447 4.475 4.504 4.533 4.561 4.590 4.619 4.647 4.688 4.705 4.701 4.699 4.709 4.719 4.729 4.740 4.750 4.760 4.770 4.780 4.790 4.800 4.814 4.830 4.845 4.861 4.886 4.926 4.965 5.004 5.044 5.083 5.122 5.161 5.201 5.240 5.280 5.319 5.359 5.398 5.437 5.477 5.516 5.556 5.595 5.634 5.674
0.000 0.756 1.694 2.894 3.274 3.294 3.324 3.434 3.594 3.494 3.434 3.524 3.424 3.604 3.594 3.923 3.954 3.984 4.015 4.046 4.077 4.108 4.148 4.187 4.226 4.266 4.302 4.330 4.359 4.388 4.416 4.445 4.474 4.502 4.531 4.560 4.588 4.625 4.677 4.713 4.709 4.706 4.702 4.699 4.695 4.697 4.707 4.717 4.727 4.737 4.748 4.758 4.770 4.785 4.801 4.829 4.869 4.908 4.947 4.986 5.026 5.065 5.104 5.144 5.183 5.222 5.262 5.301 5.341 5.380 5.420 5.459 5.498 5.538 5.577 5.617 5.630
0.180 0.756 0.756 1.784 3.124 3.124 3.323 3.333 3.403 3.163 3.253 3.323 3.493 3.603 3.852 3.882 3.913 3.944 3.975 4.005 4.036 4.074 4.113 4.153 4.192 4.231 4.271 4.300 4.328 4.357 4.386 4.415 4.443 4.472 4.501 4.529 4.563 4.615 4.667 4.719 4.717 4.713 4.710 4.707 4.703 4.700 4.696 4.693 4.690 4.695 4.705 4.715 4.725 4.741 4.772 4.811 4.851 4.890 4.929 4.969 5.008 5.047 5.086 5.126 5.165 5.204 5.244 5.283 5.323 5.362 5.402 5.441 5.480 5.520 5.556 5.566 5.575
0.836 0.000 0.756 0.756 1.913 3.003 3.013 3.083 3.143 3.192 3.342 3.242 3.452 3.582 3.503 3.842 3.873 3.623 3.593 3.965 4.000 4.040 3.523 4.118 4.157 4.197 4.236 4.269 4.298 4.327 4.355 4.384 4.413 4.441 4.470 4.500 4.552 4.604 4.656 4.708 4.725 4.721 4.718 4.714 4.711 4.708 4.704 4.701 4.697 4.694 4.691 4.687 4.684 4.715 4.754 4.794 4.833 4.872 4.911 4.951 4.990 5.029 5.068 5.108 5.147 5.186 5.226 5.265 5.305 5.344 5.384 5.423 5.463 5.492 5.502 5.511 5.521
1.094 0.000 0.000 0.755 0.755 1.832 2.782 2.922 3.122 3.132 3.372 3.382 3.432 3.492 3.362 3.592 3.442 3.522 3.893 3.552 3.966 3.573 4.044 4.084 4.123 4.162 4.202 4.239 4.268 4.296 4.325 4.354 4.382 4.411 4.440 4.490 4.542 4.594 4.646 4.698 4.732 4.729 4.726 4.722 4.719 4.715 4.712 4.708 4.705 4.702 4.698 4.695 4.695 4.713 4.744 4.776 4.815 4.854 4.893 4.933 4.972 5.011 5.051 5.090 5.129 5.168 5.208 5.247 5.287 5.326 5.366 5.405 5.428 5.437 5.447 5.456 5.466
