includes/overflow_coast_v/floodfiles/results/res-0003.wd
ncols         631
nrows         906
xllcorner     364927.146667
yllcorner     6531972.565556
cellsize      20.000000
NODATA_value  -9999.000000
[rows 408 to 441 of 906, columns 77 to 153 of 631]
5.819 5.771 5.722 5.673 5.624 5.575 5.527 5.478 5.429 5.380 5.331 5.283 5.234 5.185 5.136 5.087 5.038 4.990 4.941 4.892 4.843 4.794 4.746 4.697 4.648 4.599 4.550 4.502 4.453 4.373 4.276 4.179 4.081 3.984 3.887 3.790 3.692 3.595 3.498 3.401 3.303 3.206 3.109 3.012 2.914 2.817 2.720 2.623 2.559 2.524 2.490 0.000 0.000 0.000 0.000 0.000 0.000 0.000 0.000 0.000 0.000 0.000 0.000 0.000 0.000 0.000 0.000 0.000 0.000 0.000 0.000 0.000 0.000 0.000 0.000 0.000 0.000
5.875 5.826 5.777 5.729 5.680 5.631 5.582 5.533 5.484 5.436 5.387 5.338 5.289 5.240 5.192 5.143 5.094 5.045 4.996 4.948 4.899 4.850 4.801 4.752 4.703 4.655 4.606 4.557 4.501 4.404 4.306 4.209 4.112 4.015 3.918 3.820 3.723 3.626 3.529 3.431 3.334 3.237 3.139 3.042 2.945 2.848 2.751 2.653 2.556 2.493 2.459 2.424 0.000 0.000 0.000 0.000 0.000 0.000 0.000 0.000 0.000 0.000 0.000 0.000 0.000 0.000 0.000 0.000 0.000 0.000 0.000 0.000 0.000 0.000 0.000 0.000 0.000
5.930 5.882 5.833 5.784 5.735 5.686 5.638 5.589 5.540 5.491 5.442 5.393 5.345 5.296 5.247 5.198 5.149 5.101 5.052 5.003 4.954 4.905 4.856 4.808 4.759 4.710 4.661 4.613 4.532 4.434 4.337 4.240 4.143 4.045 3.948 3.851 3.754 3.656 3.559 3.462 3.365 3.267 3.170 3.073 2.976 2.878 2.781 2.684 2.587 2.489 2.428 2.393 2.359 0.000 0.000 0.000 0.000 0.000 0.000 0.000 0.000 0.000 0.000 0.000 0.000 0.000 0.000 0.000 0.000 0.000 0.000 0.000 0.000 0.000 0.000 0.000 0.000
5.986 5.937 5.888 5.839 5.791 5.742 5.693 5.644 5.595 5.547 5.498 5.449 5.400 5.351 5.302 5.254 5.205 5.156 5.107 5.058 5.010 4.961 4.912 4.863 4.814 4.766 4.717 4.659 4.562 4.465 4.368 4.270 4.173 4.076 3.979 3.881 3.784 3.687 3.590 3.493 3.395 3.298 3.201 3.104 3.006 2.909 2.812 2.715 2.617 2.520 2.423 2.362 2.328 2.293 0.000 0.000 0.000 0.000 0.000 0.000 0.000 0.000 0.000 0.000 0.000 0.000 0.000 0.000 0.000 0.000 0.000 0.000 0.000 0.000 0.000 0.000 0.000
6.041 5.992 5.944 5.895 5.846 5.797 5.748 5.700 5.651 5.602 5.553 5.504 5.456 5.407 5.358 5.309 5.260 5.212 5.163 5.114 5.065 5.016 4.968 4.919 4.870 4.821 4.772 4.690 4.593 4.496 4.398 4.301 4.204 4.107 4.009 3.912 3.815 3.718 3.620 3.523 3.426 3.329 3.231 3.134 3.037 2.940 2.842 2.745 2.648 2.551 2.453 2.356 2.297 2.263 2.228 0.000 0.000 0.000 0.000 0.000 0.000 0.000 0.000 0.000 0.000 0.000 0.000 0.000 0.000 0.000 0.000 0.000 0.000 0.000 0.000 0.000 0.000
6.097 6.048 5.999 5.950 5.902 5.853 5.804 5.755 5.706 5.658 5.609 5.560 5.511 5.462 5.413 5.365 5.316 5.267 5.218 5.169 5.121 5.072 5.023 4.974 4.925 4.876 4.818 4.721 4.623 4.526 4.429 4.332 4.234 4.137 4.040 3.943 3.845 3.748 3.651 3.554 3.456 3.359 3.262 3.165 3.068 2.970 2.873 2.776 2.678 2.581 2.484 2.387 2.289 2.232 2.197 0.000 0.000 0.000 0.000 0.000 0.000 0.000 0.000 0.000 0.000 0.000 0.000 0.000 0.000 0.000 0.000 0.000 0.000 0.000 0.000 0.000 0.000
6.152 6.103 6.055 6.006 5.957 5.908 5.859 5.811 5.762 5.713 5.664 5.615 5.566 5.518 5.469 5.420 5.371 5.323 5.274 5.225 5.176 5.127 5.078 5.030 4.981 4.932 4.849 4.751 4.654 4.557 4.460 4.362 4.265 4.168 4.071 3.973 3.876 3.779 3.682 3.584 3.487 3.390 3.293 3.195 3.098 3.001 2.904 2.806 2.709 2.612 2.515 2.417 2.320 2.223 2.166 2.132 2.097 0.000 0.000 0.000 0.000 0.000 0.000 0.000 0.000 0.000 0.000 0.000 0.000 0.000 0.000 0.000 0.000 0.000 0.000 0.000 0.000
6.208 6.159 6.110 6.061 6.012 5.964 5.915 5.866 5.817 5.768 5.720 5.671 5.622 5.573 5.524 5.476 5.427 5.378 5.329 5.280 5.232 5.183 5.134 5.085 5.036 4.977 4.879 4.782 4.685 4.588 4.490 4.393 4.296 4.199 4.101 4.004 3.907 3.809 3.712 3.615 3.518 3.421 3.323 3.226 3.129 3.031 2.934 2.837 2.740 2.643 2.545 2.448 2.351 2.254 2.156 2.101 2.066 2.032 0.000 0.000 0.000 0.000 0.000 0.000 0.000 0.000 0.000 0.000 0.000 0.000 0.000 0.000 0.000 0.000 0.000 0.000 0.000
6.263 6.214 6.166 6.117 6.068 6.019 5.970 5.922 5.873 5.824 5.775 5.726 5.677 5.629 5.580 5.531 5.482 5.433 5.385 5.336 5.287 5.238 5.189 5.141 5.092 5.007 4.910 4.813 4.715 4.618 4.521 4.424 4.326 4.229 4.132 4.035 3.937 3.840 3.743 3.646 3.548 3.451 3.354 3.257 3.159 3.062 2.965 2.868 2.770 2.673 2.576 2.479 2.381 2.284 2.187 2.090 2.035 2.001 1.966 0.000 0.000 0.000 0.000 0.000 0.000 0.000 0.000 0.000 0.000 0.000 0.000 0.000 0.000 0.000 0.000 0.000 0.000
6.319 6.270 6.221 6.172 6.123 6.075 6.026 5.977 5.928 5.879 5.831 5.782 5.733 5.684 5.635 5.587 5.538 5.489 5.440 5.391 5.342 5.294 5.245 5.196 5.135 5.038 4.940 4.843 4.746 4.649 4.551 4.454 4.357 4.260 4.163 4.065 3.968 3.871 3.774 3.676 3.579 3.482 3.385 3.287 3.190 3.093 2.996 2.898 2.801 2.704 2.607 2.509 2.412 2.315 2.218 2.120 2.023 1.970 1.935 0.000 0.000 0.000 0.000 0.000 0.000 0.000 0.000 0.000 0.000 0.000 0.000 0.000 0.000 0.000 0.000 0.000 0.000
6.374 6.325 6.277 6.228 6.179 6.130 6.081 6.032 5.984 5.935 5.886 5.837 5.788 5.740 5.691 5.642 5.593 5.544 5.496 5.447 5.398 5.349 5.300 5.251 5.166 5.068 4.971 4.874 4.777 4.679 4.582 4.485 4.388 4.290 4.193 4.096 3.999 3.901 3.804 3.707 3.610 3.512 3.415 3.318 3.221 3.123 3.026 2.929 2.832 2.734 2.637 2.540 2.443 2.346 2.248 2.151 2.054 1.956 1.905 1.870 0.000 0.000 0.000 0.000 0.000 0.000 0.000 0.000 0.000 0.000 0.000 0.000 0.000 0.000 0.000 0.000 0.000
6.430 6.381 6.332 6.283 6.234 6.186 6.137 6.088 6.039 5.990 5.942 5.893 5.844 5.795 5.746 5.697 5.649 5.600 5.551 5.502 5.453 5.405 5.356 5.294 5.196 5.099 5.002 4.905 4.807 4.710 4.613 4.516 4.418 4.321 4.224 4.127 4.029 3.932 3.835 3.738 3.640 3.543 3.446 3.349 3.251 3.154 3.057 2.960 2.862 2.765 2.668 2.571 2.473 2.376 2.279 2.182 2.084 1.987 1.890 1.839 1.805 0.000 0.000 0.000 0.000 0.000 0.000 0.000 0.000 0.000 0.000 0.000 0.000 0.000 0.000 0.000 0.000
6.485 6.436 6.387 6.339 6.290 6.241 6.192 6.143 6.095 6.046 5.997 5.948 5.899 5.850 5.802 5.753 5.704 5.655 5.606 5.558 5.509 5.460 5.411 5.324 5.227 5.130 5.032 4.935 4.838 4.741 4.643 4.546 4.449 4.352 4.254 4.157 4.060 3.963 3.865 3.768 3.671 3.574 3.477 3.379 3.282 3.185 3.087 2.990 2.893 2.796 2.699 2.601 2.504 2.407 2.309 2.212 2.115 2.018 1.920 1.823 1.774 1.739 0.000 0.000 0.000 0.000 0.000 0.000 0.000 0.000 0.000 0.000 0.000 0.000 0.000 0.000 0.000
6.541 6.492 6.443 6.394 6.345 6.297 6.248 6.199 6.150 6.101 6.052 6.004 5.955 5.906 5.857 5.808 5.760 5.711 5.662 5.613 5.564 5.516 5.452 5.355 5.258 5.160 5.063 4.966 4.869 4.771 4.674 4.577 4.480 4.382 4.285 4.188 4.091 3.993 3.896 3.799 3.702 3.604 3.507 3.410 3.313 3.215 3.118 3.021 2.924 2.826 2.729 2.632 2.535 2.437 2.340 2.243 2.146 2.048 1.951 1.854 1.757 1.708 0.000 0.000 0.000 0.000 0.000 0.000 0.000 0.000 0.000 0.000 0.000 0.000 0.000 0.000 0.000
6.596 6.547 6.498 6.450 6.401 6.352 6.303 6.254 6.206 6.157 6.108 6.059 6.010 5.961 5.913 5.864 5.815 5.766 5.717 5.669 5.620 5.571 5.483 5.385 5.288 5.191 5.094 4.996 4.899 4.802 4.705 4.607 4.510 4.413 4.316 4.219 4.121 4.024 3.927 3.830 3.732 3.635 3.538 3.441 3.343 3.246 3.149 3.052 2.954 2.857 2.760 2.663 2.565 2.468 2.371 2.273 2.176 2.079 1.982 1.885 1.787 1.690 1.643 0.000 0.000 0.000 0.000 0.000 0.000 0.000 0.000 0.000 0.000 0.000 0.000 0.000 0.000
6.630 6.603 6.554 6.505 6.456 6.407 6.359 6.310 6.261 6.212 6.163 6.115 6.066 6.017 5.968 5.919 5.870 5.822 5.773 5.724 5.675 5.611 5.513 5.416 5.319 5.222 5.124 5.027 4.930 4.833 4.735 4.638 4.541 4.444 4.346 4.249 4.152 4.055 3.957 3.860 3.763 3.666 3.568 3.471 3.374 3.277 3.179 3.082 2.985 2.888 2.790 2.693 2.596 2.499 2.401 2.304 2.207 2.110 2.012 1.915 1.818 1.721 1.623 1.578 0.000 0.000 0.000 0.000 0.000 0.000 0.000 0.000 0.000 0.000 0.000 0.000 0.000
6.659 6.636 6.609 6.561 6.512 6.463 6.414 6.365 6.317 6.268 6.219 6.170 6.121 6.072 6.024 5.975 5.926 5.877 5.828 5.780 5.731 5.641 5.544 5.447 5.349 5.252 5.155 5.058 4.961 4.863 4.766 4.669 4.572 4.474 4.377 4.280 4.182 4.085 3.988 3.891 3.794 3.696 3.599 3.502 3.405 3.307 3.210 3.113 3.016 2.918 2.821 2.724 2.627 2.529 2.432 2.335 2.238 2.140 2.043 1.946 1.848 1.751 1.658 1.534 1.436 0.000 0.000 0.000 0.000 0.000 0.000 0.000 0.000 0.000 0.000 0.000 0.000
6.688 6.665 6.642 6.616 6.567 6.518 6.470 6.421 6.372 6.323 6.274 6.226 6.177 6.128 6.079 6.030 5.981 5.933 5.884 5.835 5.769 5.672 5.575 5.477 5.380 5.283 5.186 5.088 4.991 4.894 4.797 4.699 4.602 4.505 4.408 4.310 4.213 4.116 4.019 3.921 3.824 3.727 3.630 3.532 3.435 3.338 3.241 3.143 3.046 2.949 2.852 2.754 2.657 2.560 2.463 2.365 2.268 2.171 2.077 1.990 1.904 1.817 1.730 1.552 1.323 1.241 0.000 0.000 0.000 0.000 0.000 0.000 0.000 0.000 0.000 0.000 0.000
6.717 6.694 6.671 6.648 6.623 6.574 6.525 6.476 6.427 6.379 6.330 6.281 6.232 6.183 6.134 6.086 6.037 5.988 5.939 5.891 5.800 5.703 5.605 5.508 5.411 5.313 5.216 5.119 5.022 4.924 4.827 4.730 4.633 4.536 4.438 4.341 4.244 4.147 4.049 3.952 3.855 3.757 3.660 3.563 3.466 3.369 3.271 3.174 3.077 2.980 2.882 2.785 2.688 2.590 2.497 2.410 2.323 2.236 2.149 2.063 1.976 1.889 1.799 1.570 1.340 1.124 0.000 0.000 0.000 0.000 0.000 0.000 0.000 0.000 0.000 0.000 0.000
6.746 6.723 6.700 6.677 6.654 6.629 6.581 6.532 6.483 6.434 6.385 6.336 6.288 6.239 6.190 6.141 6.092 6.044 5.995 5.928 5.830 5.733 5.636 5.539 5.441 5.344 5.247 5.150 5.052 4.955 4.858 4.761 4.663 4.566 4.469 4.372 4.274 4.177 4.080 3.983 3.885 3.788 3.691 3.594 3.496 3.399 3.302 3.205 3.107 3.010 2.916 2.829 2.742 2.656 2.569 2.482 2.395 2.308 2.222 2.135 2.048 1.961 1.817 1.587 1.358 1.129 0.929 0.000 0.000 0.000 0.000 0.000 0.000 0.000 0.000 0.000 0.000
6.775 6.752 6.729 6.706 6.684 6.661 6.636 6.587 6.538 6.489 6.441 6.392 6.343 6.294 6.245 6.197 6.148 6.099 6.050 5.958 5.861 5.764 5.667 5.569 5.472 5.375 5.278 5.180 5.083 4.986 4.888 4.791 4.694 4.597 4.500 4.402 4.305 4.208 4.111 4.013 3.916 3.819 3.721 3.624 3.527 3.430 3.336 3.249 3.162 3.075 2.988 2.901 2.815 2.728 2.641 2.554 2.467 2.381 2.294 2.207 2.120 2.033 1.834 1.605 1.376 1.146 0.917 0.733 0.000 0.000 0.000 0.000 0.000 0.000 0.000 0.000 0.000
6.804 6.781 6.758 6.735 6.713 6.690 6.667 6.643 6.594 6.545 6.496 6.447 6.399 6.350 6.301 6.252 6.203 6.154 6.086 5.989 5.892 5.794 5.697 5.600 5.503 5.405 5.308 5.211 5.114 5.016 4.919 4.822 4.725 4.627 4.530 4.433 4.336 4.238 4.141 4.044 3.947 3.849 3.755 3.668 3.581 3.495 3.408 3.321 3.234 3.147 3.061 2.974 2.887 2.800 2.713 2.626 2.540 2.453 2.366 2.279 2.192 2.081 1.852 1.623 1.393 1.164 0.935 0.705 0.538 0.000 0.000 0.000 0.000 0.000 0.000 0.000 0.000
6.833 6.810 6.787 6.764 6.742 6.719 6.696 6.673 6.649 6.601 6.552 6.503 6.454 6.405 6.356 6.308 6.259 6.210 6.117 6.020 5.922 5.825 5.728 5.631 5.533 5.436 5.339 5.241 5.144 5.047 4.950 4.853 4.755 4.658 4.561 4.464 4.366 4.269 4.174 4.088 4.001 3.914 3.827 3.740 3.654 3.567 3.480 3.393 3.306 3.219 3.133 3.046 2.959 2.872 2.785 2.698 2.612 2.525 2.438 2.351 2.264 2.099 1.870 1.640 1.411 1.182 0.952 0.723 0.494 0.000 0.000 0.000 0.000 0.000 0.000 0.000 0.000
6.862 6.839 6.816 6.794 6.771 6.748 6.725 6.702 6.679 6.656 6.607 6.558 6.510 6.461 6.412 6.363 6.314 6.245 6.147 6.050 5.953 5.856 5.758 5.661 5.564 5.467 5.369 5.272 5.175 5.078 4.980 4.883 4.786 4.689 4.594 4.507 4.420 4.333 4.247 4.160 4.073 3.986 3.899 3.813 3.726 3.639 3.552 3.465 3.378 3.292 3.205 3.118 3.031 2.944 2.858 2.771 2.684 2.597 2.510 2.423 2.337 2.117 1.887 1.658 1.429 1.199 0.970 0.741 0.511 0.282 0.000 0.000 0.000 0.000 0.000 0.000 0.000
6.891 6.868 6.846 6.823 6.800 6.777 6.754 6.731 6.708 6.685 6.662 6.614 6.565 6.516 6.467 6.419 6.370 6.275 6.178 6.081 5.984 5.886 5.789 5.692 5.595 5.497 5.400 5.303 5.205 5.108 5.013 4.927 4.840 4.753 4.666 4.579 4.493 4.406 4.319 4.232 4.145 4.058 3.972 3.885 3.798 3.711 3.624 3.537 3.451 3.364 3.277 3.190 3.103 3.017 2.930 2.843 2.756 2.669 2.582 2.496 2.364 2.134 1.905 1.676 1.446 1.217 0.988 0.758 0.529 0.300 0.071 0.000 0.000 0.000 0.000 0.000 0.000
6.920 6.898 6.875 6.852 6.829 6.806 6.783 6.760 6.737 6.714 6.691 6.669 6.620 6.572 6.523 6.474 6.403 6.306 6.209 6.111 6.014 5.917 5.820 5.722 5.625 5.528 5.433 5.346 5.259 5.172 5.086 4.999 4.912 4.825 4.738 4.652 4.565 4.478 4.391 4.304 4.217 4.130 4.044 3.957 3.870 3.783 3.696 3.610 3.523 3.436 3.349 3.262 3.176 3.089 3.002 2.915 2.828 2.741 2.655 2.568 2.381 2.152 1.923 1.693 1.464 1.235 1.005 0.776 0.547 0.317 0.088 0.000 0.000 0.000 0.000 0.000 0.000
6.950 6.927 6.904 6.881 6.858 6.835 6.812 6.789 6.766 6.743 6.721 6.698 6.675 6.627 6.578 6.530 6.434 6.336 6.239 6.142 6.045 5.948 5.852 5.765 5.679 5.592 5.505 5.418 5.331 5.245 5.158 5.071 4.984 4.897 4.811 4.724 4.637 4.550 4.463 4.376 4.290 4.203 4.116 4.029 3.942 3.855 3.769 3.682 3.595 3.508 3.421 3.335 3.248 3.161 3.074 2.987 2.900 2.813 2.727 2.628 2.399 2.170 1.940 1.711 1.482 1.252 1.023 0.794 0.564 0.335 0.106 0.000 0.000 0.000 0.000 0.000 0.000
6.979 6.956 6.933 6.910 6.887 6.864 6.841 6.818 6.795 6.773 6.750 6.727 6.704 6.681 6.634 6.562 6.464 6.367 6.272 6.185 6.098 6.011 5.925 5.838 5.751 5.664 5.577 5.490 5.404 5.317 5.230 5.143 5.056 4.969 4.883 4.796 4.709 4.622 4.535 4.448 4.362 4.275 4.188 4.101 4.014 3.928 3.841 3.754 3.667 3.580 3.494 3.407 3.320 3.233 3.146 3.059 2.973 2.886 2.799 2.646 2.417 2.187 1.958 1.729 1.499 1.270 1.041 0.811 0.582 0.353 0.124 0.000 0.000 0.000 0.000 0.000 0.000
7.008 6.985 6.962 6.939 6.916 6.893 6.870 6.847 6.824 6.802 6.779 6.756 6.733 6.710 6.687 6.604 6.518 6.431 6.344 6.257 6.170 6.083 5.997 5.910 5.823 5.736 5.649 5.562 5.476 5.389 5.302 5.215 5.128 5.042 4.955 4.868 4.781 4.694 4.607 4.521 4.434 4.347 4.260 4.173 4.087 4.000 3.913 3.826 3.739 3.652 3.566 3.479 3.392 3.305 3.218 3.131 3.045 2.958 2.871 2.664 2.434 2.205 1.976 1.746 1.517 1.288 1.058 0.829 0.600 0.371 0.141 0.000 0.000 0.000 0.000 0.000 0.000
7.037 7.014 6.991 6.968 6.945 6.922 6.899 6.876 6.854 6.831 6.808 6.784 6.758 6.733 6.704 6.670 6.590 6.503 6.416 6.329 6.242 6.156 6.069 5.982 5.895 5.808 5.721 5.635 5.548 5.461 5.374 5.287 5.201 5.114 5.027 4.940 4.853 4.767 4.680 4.593 4.506 4.419 4.332 4.245 4.159 4.072 3.985 3.898 3.811 3.725 3.638 3.551 3.464 3.377 3.291 3.204 3.117 3.030 2.911 2.681 2.452 2.223 1.993 1.764 1.535 1.305 1.076 0.847 0.617 0.388 0.159 0.000 0.000 0.000 0.000 0.000 0.000
7.066 7.043 7.020 6.997 6.974 6.951 6.929 6.906 6.880 6.855 6.829 6.804 6.778 6.753 6.722 6.687 6.653 6.575 6.488 6.402 6.315 6.228 6.141 6.054 5.967 5.880 5.794 5.707 5.620 5.533 5.446 5.360 5.273 5.186 5.099 5.012 4.926 4.839 4.752 4.665 4.578 4.491 4.404 4.318 4.231 4.144 4.057 3.970 3.884 3.797 3.710 3.623 3.536 3.449 3.363 3.276 3.189 3.102 2.928 2.699 2.470 2.240 2.011 1.782 1.552 1.323 1.094 0.864 0.635 0.406 0.177 0.000 0.000 0.000 0.000 0.000 0.000
7.095 7.072 7.049 7.026 7.003 6.977 6.952 6.926 6.900 6.875 6.849 6.824 6.798 6.773 6.739 6.705 6.670 6.636 6.560 6.474 6.387 6.300 6.213 6.126 6.039 5.953 5.866 5.779 5.692 5.605 5.519 5.432 5.345 5.258 5.171 5.084 4.998 4.911 4.824 4.737 4.650 4.563 4.477 4.390 4.303 4.216 4.129 4.043 3.956 3.869 3.782 3.695 3.608 3.522 3.435 3.348 3.261 3.174 2.946 2.717 2.487 2.258 2.029 1.799 1.570 1.341 1.111 0.882 0.653 0.424 0.194 0.000 0.000 0.000 0.000 0.000 0.000
7.124 7.099 7.074 7.048 7.023 6.997 6.972 6.946 6.921 6.895 6.870 6.844 6.819 6.791 6.757 6.722 6.688 6.653 6.619 6.546 6.459 6.372 6.285 6.199 6.112 6.025 5.938 5.851 5.764 5.678 5.591 5.504 5.417 5.330 5.243 5.157 5.070 4.983 4.896 4.809 4.722 4.636 4.549 4.462 4.375 4.288 4.202 4.115 4.028 3.941 3.854 3.768 3.681 3.594 3.507 3.420 3.333 3.193 2.963 2.734 2.505 2.276 2.046 1.817 1.588 1.358 1.129 0.900 0.671 0.441 0.212 0.000 0.000 0.000 0.000 0.000 0.000
7.145 7.120 7.094 7.068 7.043 7.017 6.992 6.966 6.941 6.915 6.890 6.864 6.839 6.809 6.775 6.740 6.705 6.671 6.636 6.602 6.531 6.444 6.358 6.271 6.184 6.097 6.010 5.923 5.837 5.750 5.663 5.576 5.489 5.402 5.316 5.229 5.142 5.055 4.968 4.881 4.795 4.708 4.621 4.534 4.447 4.361 4.274 4.187 4.100 4.013 3.926 3.840 3.753 3.666 3.579 3.492 3.405 3.210 2.981 2.752 2.523 2.293 2.064 1.835 1.605 1.376 1.147 0.917 0.688 0.459 0.230 0.000 0.000 0.000 0.000 0.000 0.000
