includes/overflow_coast_v/floodfiles/results/res-0005.wd
ncols         631
nrows         906
xllcorner     364927.146600
yllcorner     6531972.565600
cellsize      20.000000
NODATA_value  -9999.000000
[rows 816 to 849 of 906, columns 539 to 615 of 631]
11.018 11.346 11.675 12.003 12.331 12.660 12.988 13.317 13.629 13.389 12.732 12.076 11.421 10.765 10.109 9.454 8.798 8.143 7.487 6.832 6.233 5.643 5.517 5.400 5.282 5.164 5.046 4.928 4.826 4.768 4.711 4.654 4.596 4.548 4.500 4.452 4.424 4.412 4.399 4.387 4.374 4.362 4.351 4.344 4.337 4.346 4.339 4.327 4.315 4.303 4.291 4.280 4.268 4.256 4.245 4.232 4.218 4.212 4.212 4.211 4.210 4.209 4.209 4.208 4.208 4.202 4.195 4.179 4.156 4.134 4.112 4.090 4.068 4.046 4.028 4.020 4.012
11.699 12.028 12.356 12.684 13.013 13.341 13.391 13.427 13.463 12.997 12.365 11.709 11.052 10.395 9.739 9.082 8.425 7.770 7.114 6.459 5.844 5.693 5.575 5.457 5.339 5.222 5.104 4.986 4.868 4.811 4.753 4.696 4.648 4.600 4.552 4.504 4.472 4.459 4.447 4.434 4.422 4.409 4.397 4.384 4.372 4.366 4.354 4.342 4.331 4.319 4.307 4.296 4.284 4.272 4.260 4.249 4.239 4.238 4.237 4.236 4.236 4.235 4.234 4.234 4.233 4.231 4.221 4.198 4.176 4.154 4.132 4.110 4.088 4.066 4.044 4.033 4.022
12.381 12.709 13.038 13.119 13.155 13.190 13.225 13.260 13.164 12.589 11.999 11.342 10.685 10.029 9.372 8.715 8.059 7.402 6.746 6.089 5.851 5.744 5.633 5.515 5.397 5.279 5.162 5.044 4.926 4.853 4.796 4.748 4.700 4.652 4.604 4.556 4.519 4.507 4.494 4.482 4.469 4.457 4.444 4.427 4.405 4.380 4.368 4.357 4.345 4.333 4.322 4.310 4.298 4.287 4.275 4.264 4.249 4.249 4.249 4.250 4.250 4.251 4.251 4.252 4.253 4.253 4.235 4.213 4.191 4.169 4.147 4.126 4.104 4.082 4.060 4.041 4.029
12.847 12.882 12.918 12.953 12.988 13.023 13.058 13.093 12.756 12.181 11.606 10.975 10.319 9.662 9.005 8.349 7.692 7.036 6.379 5.986 5.858 5.750 5.642 5.534 5.427 5.319 5.212 5.102 4.984 4.896 4.848 4.800 4.752 4.704 4.656 4.608 4.567 4.554 4.542 4.529 4.517 4.498 4.476 4.454 4.430 4.401 4.382 4.370 4.359 4.347 4.335 4.324 4.312 4.300 4.289 4.269 4.240 4.237 4.237 4.238 4.238 4.238 4.239 4.240 4.240 4.232 4.212 4.190 4.168 4.146 4.125 4.103 4.081 4.059 4.037 4.024 4.012
12.680 12.716 12.751 12.786 12.821 12.856 12.891 12.923 12.348 11.773 11.198 10.609 9.952 9.296 8.639 7.982 7.326 6.669 6.128 6.000 5.872 5.755 5.648 5.540 5.433 5.325 5.218 5.110 5.003 4.911 4.877 4.843 4.804 4.756 4.708 4.660 4.614 4.602 4.589 4.568 4.546 4.524 4.502 4.481 4.454 4.425 4.397 4.384 4.373 4.361 4.349 4.337 4.326 4.314 4.302 4.272 4.243 4.224 4.225 4.225 4.226 4.226 4.227 4.227 4.227 4.208 4.188 4.168 4.146 4.124 4.102 4.080 4.058 4.036 4.019 4.007 3.996
12.514 12.549 12.584 12.619 12.654 12.690 12.725 12.515 11.940 11.365 10.790 10.214 9.586 8.929 8.272 7.616 6.959 6.303 6.141 6.013 5.886 5.762 5.654 5.546 5.439 5.331 5.224 5.116 5.013 4.911 4.862 4.828 4.794 4.760 4.726 4.692 4.658 4.639 4.617 4.595 4.573 4.551 4.529 4.507 4.478 4.450 4.421 4.398 4.386 4.375 4.363 4.351 4.340 4.328 4.305 4.276 4.247 4.217 4.212 4.213 4.213 4.214 4.214 4.215 4.203 4.184 4.164 4.145 4.123 4.101 4.079 4.057 4.035 4.014 4.002 3.990 3.979
12.710 12.382 12.417 12.452 12.488 12.523 12.558 12.107 11.532 10.957 10.382 9.807 9.219 8.562 7.906 7.249 6.593 6.283 6.155 6.027 5.899 5.771 5.660 5.552 5.445 5.337 5.230 5.125 5.024 4.922 4.847 4.813 4.779 4.744 4.710 4.676 4.666 4.665 4.643 4.622 4.600 4.578 4.556 4.531 4.502 4.474 4.445 4.417 4.400 4.388 4.377 4.365 4.353 4.338 4.309 4.280 4.250 4.221 4.200 4.200 4.201 4.201 4.202 4.198 4.179 4.159 4.140 4.121 4.100 4.078 4.056 4.034 4.012 3.997 3.985 3.973 3.962
12.929 12.539 12.251 12.286 12.321 12.356 12.274 11.699 11.124 10.549 9.974 9.399 8.824 8.196 7.539 6.883 6.424 6.296 6.169 6.041 5.913 5.785 5.666 5.558 5.451 5.343 5.237 5.136 5.034 4.933 4.832 4.797 4.763 4.729 4.695 4.672 4.675 4.678 4.670 4.648 4.626 4.604 4.582 4.555 4.527 4.498 4.470 4.441 4.414 4.402 4.390 4.379 4.367 4.342 4.312 4.283 4.254 4.224 4.195 4.188 4.188 4.189 4.189 4.174 4.154 4.135 4.116 4.096 4.077 4.055 4.033 4.011 3.991 3.980 3.968 3.956 3.945
13.149 12.758 12.367 12.119 12.154 12.189 11.866 11.291 10.716 10.141 9.566 8.991 8.416 7.829 7.173 6.566 6.438 6.310 6.182 6.054 5.926 5.798 5.672 5.565 5.457 5.350 5.248 5.146 5.045 4.943 4.842 4.782 4.748 4.714 4.680 4.681 4.684 4.687 4.690 4.675 4.653 4.631 4.608 4.579 4.551 4.522 4.494 4.465 4.437 4.416 4.404 4.392 4.375 4.345 4.316 4.287 4.257 4.228 4.199 4.175 4.176 4.176 4.169 4.149 4.130 4.111 4.091 4.072 4.053 4.032 4.010 3.988 3.974 3.963 3.951 3.939 3.928
13.368 12.977 12.587 12.196 11.987 12.022 11.458 10.883 10.308 9.733 9.158 8.583 8.008 7.433 6.806 6.580 6.452 6.324 6.196 6.068 5.940 5.812 5.684 5.571 5.463 5.360 5.259 5.157 5.056 4.954 4.853 4.767 4.733 4.699 4.686 4.689 4.693 4.696 4.699 4.702 4.680 4.658 4.632 4.604 4.575 4.547 4.518 4.490 4.461 4.433 4.418 4.406 4.378 4.349 4.320 4.290 4.261 4.231 4.202 4.173 4.163 4.164 4.144 4.125 4.106 4.086 4.067 4.048 4.028 4.009 3.987 3.969 3.957 3.946 3.934 3.922 3.911
13.587 13.197 12.806 12.415 12.025 11.625 11.050 10.476 9.905 9.334 8.763 8.192 7.621 7.050 6.700 6.580 6.459 6.337 6.209 6.081 5.953 5.826 5.698 5.577 5.473 5.371 5.269 5.168 5.066 4.965 4.863 4.762 4.718 4.692 4.695 4.698 4.701 4.705 4.708 4.711 4.706 4.684 4.656 4.628 4.599 4.571 4.542 4.514 4.485 4.457 4.432 4.411 4.382 4.352 4.323 4.294 4.264 4.235 4.206 4.176 4.151 4.140 4.120 4.101 4.081 4.062 4.043 4.023 4.004 3.985 3.965 3.952 3.940 3.929 3.917 3.905 3.894
13.807 13.416 12.830 12.244 11.658 11.266 10.723 10.152 9.581 9.010 8.439 7.868 7.297 6.756 6.642 6.523 6.403 6.282 6.162 6.042 5.922 5.801 5.681 5.587 5.486 5.383 5.280 5.178 5.077 4.975 4.874 4.772 4.703 4.701 4.704 4.707 4.710 4.713 4.717 4.720 4.723 4.709 4.681 4.652 4.624 4.595 4.565 4.536 4.507 4.477 4.448 4.419 4.390 4.361 4.332 4.302 4.273 4.244 4.215 4.186 4.162 4.155 4.136 4.117 4.098 4.079 4.060 4.041 4.022 4.003 3.965 3.945 3.934 3.922 3.911 3.899 3.888
13.436 12.850 12.264 11.678 11.139 10.800 10.400 9.829 9.258 8.687 8.116 7.545 6.974 6.696 6.582 6.467 6.346 6.226 6.106 5.985 5.865 5.745 5.628 5.586 5.510 5.407 5.304 5.201 5.098 4.995 4.892 4.790 4.714 4.718 4.722 4.726 4.729 4.733 4.737 4.741 4.745 4.725 4.696 4.666 4.637 4.608 4.578 4.549 4.520 4.491 4.462 4.434 4.405 4.376 4.346 4.317 4.288 4.259 4.229 4.200 4.198 4.205 4.186 4.167 4.148 4.129 4.110 4.091 4.072 4.052 3.993 3.945 3.934 3.923 3.911 3.900 3.888
12.870 12.284 11.698 11.112 10.674 10.335 9.996 9.505 8.934 8.363 7.792 7.221 6.751 6.637 6.523 6.409 6.290 6.169 6.049 5.929 5.809 5.688 5.628 5.586 5.534 5.431 5.328 5.225 5.122 5.019 4.917 4.823 4.769 4.746 4.750 4.753 4.757 4.761 4.765 4.769 4.762 4.736 4.709 4.680 4.650 4.621 4.592 4.562 4.533 4.504 4.476 4.448 4.419 4.390 4.361 4.332 4.302 4.273 4.244 4.225 4.233 4.241 4.237 4.218 4.199 4.180 4.161 4.142 4.123 4.080 4.020 3.961 3.934 3.923 3.912 3.900 3.889
12.304 11.718 11.132 10.547 10.208 9.870 9.531 9.182 8.611 8.040 7.469 6.898 6.692 6.578 6.464 6.350 6.233 6.113 5.993 5.872 5.752 5.669 5.628 5.586 5.544 5.455 5.352 5.249 5.146 5.044 4.941 4.880 4.826 4.773 4.777 4.781 4.785 4.789 4.792 4.796 4.774 4.748 4.722 4.693 4.663 4.634 4.605 4.575 4.546 4.518 4.490 4.462 4.434 4.405 4.375 4.346 4.317 4.288 4.259 4.260 4.268 4.276 4.284 4.268 4.249 4.230 4.211 4.192 4.166 4.107 4.047 3.988 3.935 3.923 3.912 3.901 3.889
11.738 11.152 10.566 10.082 9.743 9.404 9.065 8.727 8.287 7.716 7.145 6.747 6.633 6.519 6.405 6.291 6.177 6.056 5.936 5.816 5.711 5.669 5.627 5.586 5.544 5.480 5.377 5.274 5.171 5.068 4.991 4.937 4.883 4.829 4.805 4.809 4.813 4.816 4.820 4.811 4.785 4.759 4.733 4.706 4.677 4.647 4.618 4.589 4.559 4.531 4.503 4.476 4.448 4.419 4.390 4.361 4.332 4.302 4.288 4.295 4.303 4.311 4.319 4.318 4.299 4.280 4.261 4.242 4.194 4.134 4.075 4.015 3.956 3.924 3.912 3.901 3.890
11.172 10.586 9.999 9.616 9.277 8.939 8.600 8.261 7.922 7.392 6.822 6.688 6.574 6.459 6.345 6.231 6.117 6.000 5.880 5.759 5.711 5.669 5.627 5.585 5.544 5.502 5.401 5.298 5.195 5.101 5.047 4.993 4.939 4.885 4.833 4.836 4.840 4.844 4.848 4.822 4.796 4.770 4.744 4.718 4.690 4.660 4.631 4.602 4.573 4.545 4.517 4.489 4.461 4.434 4.405 4.375 4.346 4.317 4.323 4.331 4.339 4.346 4.354 4.362 4.350 4.330 4.312 4.281 4.221 4.162 4.102 4.043 3.983 3.924 3.913 3.901 3.890
10.580 10.019 9.490 9.151 8.812 8.473 8.135 7.796 7.457 7.069 6.742 6.628 6.514 6.400 6.286 6.172 6.058 5.943 5.823 5.752 5.710 5.669 5.627 5.585 5.544 5.502 5.425 5.322 5.219 5.158 5.104 5.050 4.996 4.942 4.888 4.864 4.868 4.872 4.859 4.833 4.807 4.781 4.755 4.729 4.703 4.674 4.644 4.615 4.587 4.559 4.531 4.503 4.475 4.447 4.419 4.390 4.361 4.350 4.358 4.366 4.374 4.382 4.390 4.397 4.400 4.381 4.362 4.308 4.248 4.189 4.129 4.070 4.010 3.951 3.913 3.902 3.891
9.940 9.443 9.024 8.685 8.351 8.036 7.721 7.406 7.091 6.794 6.685 6.570 6.456 6.341 6.227 6.113 5.999 5.885 5.794 5.752 5.710 5.668 5.627 5.585 5.543 5.502 5.449 5.346 5.269 5.215 5.161 5.107 5.053 4.999 4.945 4.892 4.896 4.897 4.871 4.845 4.819 4.793 4.767 4.741 4.715 4.687 4.657 4.629 4.601 4.573 4.545 4.517 4.489 4.461 4.433 4.405 4.378 4.386 4.393 4.401 4.409 4.417 4.425 4.433 4.441 4.431 4.395 4.335 4.276 4.216 4.157 4.097 4.038 3.978 3.919 3.902 3.893
9.489 9.063 8.810 8.495 8.180 7.865 7.550 7.235 6.920 6.732 6.631 6.516 6.402 6.287 6.173 6.058 5.944 5.840 5.796 5.754 5.711 5.669 5.627 5.585 5.543 5.501 5.460 5.380 5.326 5.272 5.218 5.164 5.110 5.056 5.002 4.948 4.923 4.908 4.882 4.856 4.830 4.804 4.778 4.752 4.726 4.700 4.671 4.643 4.615 4.587 4.559 4.531 4.503 4.475 4.447 4.419 4.413 4.421 4.429 4.436 4.444 4.452 4.460 4.468 4.476 4.481 4.422 4.363 4.303 4.243 4.183 4.122 4.062 4.002 3.941 3.906 3.897
9.153 8.843 8.608 8.323 8.008 7.693 7.378 7.064 6.770 6.670 6.571 6.462 6.348 6.233 6.119 6.004 5.890 5.845 5.800 5.758 5.716 5.673 5.631 5.589 5.546 5.504 5.462 5.405 5.353 5.301 5.249 5.197 5.145 5.093 5.042 4.990 4.947 4.921 4.895 4.869 4.843 4.817 4.791 4.765 4.739 4.714 4.690 4.663 4.635 4.608 4.580 4.553 4.525 4.498 4.470 4.448 4.455 4.463 4.471 4.479 4.487 4.495 4.503 4.511 4.519 4.478 4.405 4.344 4.284 4.223 4.163 4.102 4.042 3.981 3.922 3.925 3.919
8.857 8.622 8.388 8.152 7.837 7.522 7.207 6.892 6.708 6.609 6.509 6.408 6.293 6.179 6.065 5.950 5.895 5.850 5.805 5.762 5.720 5.678 5.635 5.593 5.551 5.509 5.453 5.390 5.337 5.285 5.233 5.181 5.129 5.077 5.026 4.974 4.956 4.939 4.913 4.887 4.861 4.836 4.810 4.784 4.758 4.735 4.717 4.692 4.664 4.636 4.609 4.581 4.554 4.526 4.499 4.495 4.500 4.508 4.516 4.524 4.532 4.540 4.548 4.556 4.557 4.472 4.387 4.324 4.264 4.203 4.142 4.082 4.022 3.961 3.937 3.940 3.941
8.636 8.402 8.168 7.934 7.666 7.351 7.036 6.745 6.646 6.547 6.448 6.348 6.239 6.125 6.010 5.945 5.900 5.855 5.810 5.767 5.725 5.682 5.640 5.598 5.555 5.505 5.442 5.379 5.320 5.269 5.217 5.165 5.113 5.061 5.009 4.975 4.966 4.956 4.932 4.906 4.880 4.854 4.828 4.802 4.776 4.758 4.740 4.720 4.693 4.665 4.638 4.610 4.583 4.555 4.536 4.541 4.546 4.552 4.560 4.568 4.576 4.585 4.593 4.601 4.552 4.466 4.381 4.304 4.243 4.183 4.122 4.062 4.001 3.949 3.952 3.955 3.958
8.416 8.182 7.948 7.713 7.479 7.180 6.865 6.683 6.584 6.485 6.386 6.286 6.185 6.071 5.995 5.950 5.905 5.860 5.815 5.771 5.729 5.687 5.644 5.602 5.557 5.494 5.431 5.368 5.305 5.252 5.201 5.149 5.097 5.045 4.994 4.984 4.975 4.966 4.950 4.924 4.898 4.872 4.847 4.821 4.798 4.781 4.763 4.746 4.721 4.694 4.666 4.639 4.611 4.584 4.582 4.588 4.593 4.598 4.605 4.613 4.621 4.629 4.637 4.631 4.546 4.461 4.375 4.290 4.223 4.163 4.102 4.042 3.981 3.964 3.967 3.970 3.973
8.196 7.962 7.727 7.493 7.259 7.008 6.721 6.621 6.522 6.423 6.324 6.225 6.126 6.046 6.001 5.955 5.910 5.865 5.820 5.776 5.733 5.691 5.649 5.606 5.546 5.483 5.420 5.357 5.294 5.236 5.185 5.133 5.081 5.029 5.003 4.994 4.985 4.976 4.966 4.943 4.917 4.891 4.865 4.839 4.822 4.804 4.786 4.769 4.750 4.722 4.695 4.667 4.640 4.624 4.629 4.634 4.639 4.644 4.650 4.658 4.666 4.674 4.682 4.625 4.540 4.455 4.369 4.284 4.203 4.142 4.082 4.021 3.976 3.979 3.982 3.985 3.988
7.976 7.741 7.507 7.273 7.039 6.806 6.660 6.562 6.465 6.367 6.269 6.172 6.074 6.033 6.006 5.961 5.915 5.870 5.825 5.780 5.738 5.695 5.653 5.598 5.535 5.472 5.409 5.347 5.284 5.221 5.168 5.117 5.065 5.022 5.013 5.004 4.994 4.985 4.976 4.961 4.935 4.909 4.884 4.862 4.845 4.827 4.810 4.792 4.774 4.751 4.723 4.696 4.668 4.670 4.675 4.680 4.686 4.691 4.696 4.703 4.711 4.719 4.705 4.619 4.534 4.449 4.364 4.278 4.193 4.122 4.062 4.001 3.991 3.994 3.997 4.000 4.003
7.852 7.624 7.395 7.166 6.938 6.723 6.613 6.513 6.416 6.318 6.220 6.123 6.030 6.004 5.978 5.952 5.921 5.875 5.830 5.785 5.742 5.700 5.650 5.587 5.524 5.461 5.399 5.336 5.273 5.210 5.152 5.100 5.049 5.032 5.022 5.013 5.004 4.995 4.985 4.976 4.954 4.928 4.903 4.885 4.868 4.850 4.833 4.815 4.797 4.780 4.752 4.725 4.712 4.717 4.722 4.727 4.732 4.737 4.742 4.747 4.755 4.763 4.699 4.613 4.528 4.443 4.358 4.272 4.187 4.102 4.041 4.003 4.006 4.009 4.012 4.015 4.018
7.755 7.526 7.298 7.069 6.840 6.683 6.573 6.464 6.367 6.269 6.171 6.074 6.001 5.975 5.949 5.923 5.897 5.871 5.835 5.790 5.747 5.702 5.639 5.577 5.514 5.451 5.388 5.325 5.262 5.199 5.136 5.084 5.050 5.041 5.032 5.023 5.013 5.004 4.995 4.986 4.972 4.946 4.926 4.909 4.891 4.873 4.856 4.838 4.821 4.803 4.781 4.753 4.758 4.763 4.768 4.773 4.778 4.784 4.789 4.794 4.800 4.778 4.693 4.608 4.522 4.437 4.352 4.267 4.182 4.097 4.021 4.018 4.021 4.024 4.027 4.030 4.034
7.658 7.429 7.201 6.972 6.753 6.643 6.533 6.423 6.318 6.220 6.122 6.025 5.972 5.946 5.920 5.894 5.868 5.842 5.816 5.790 5.751 5.692 5.629 5.566 5.503 5.440 5.377 5.314 5.251 5.188 5.125 5.069 5.060 5.051 5.041 5.032 5.023 5.014 5.005 4.995 4.986 4.967 4.949 4.932 4.914 4.896 4.879 4.861 4.844 4.826 4.808 4.799 4.804 4.810 4.815 4.820 4.825 4.830 4.835 4.840 4.844 4.772 4.687 4.601 4.516 4.430 4.345 4.260 4.174 4.089 4.039 4.040 4.044 4.047 4.051 4.054 4.057
7.561 7.332 7.103 6.875 6.713 6.603 6.493 6.383 6.274 6.171 6.073 5.976 5.943 5.917 5.891 5.865 5.839 5.813 5.787 5.771 5.757 5.710 5.647 5.583 5.520 5.457 5.393 5.330 5.267 5.203 5.140 5.080 5.070 5.061 5.052 5.043 5.033 5.024 5.015 5.006 4.996 4.971 4.953 4.935 4.918 4.900 4.882 4.864 4.846 4.828 4.812 4.812 4.815 4.818 4.822 4.825 4.828 4.832 4.835 4.838 4.821 4.763 4.678 4.593 4.507 4.422 4.336 4.251 4.166 4.081 4.071 4.067 4.071 4.074 4.077 4.081 4.084
7.463 7.235 7.006 6.783 6.673 6.563 6.453 6.344 6.234 6.124 6.024 5.941 5.914 5.888 5.862 5.836 5.820 5.804 5.788 5.773 5.759 5.746 5.682 5.619 5.556 5.492 5.429 5.366 5.302 5.239 5.176 5.119 5.081 5.072 5.063 5.054 5.044 5.035 5.026 5.017 4.999 4.967 4.944 4.926 4.908 4.890 4.872 4.854 4.837 4.819 4.812 4.811 4.813 4.816 4.819 4.823 4.826 4.829 4.833 4.836 4.790 4.740 4.669 4.584 4.499 4.413 4.328 4.243 4.157 4.107 4.103 4.098 4.098 4.101 4.104 4.108 4.111
7.297 7.137 6.909 6.743 6.633 6.523 6.414 6.304 6.194 6.084 5.975 5.912 5.886 5.868 5.852 5.837 5.821 5.805 5.790 5.774 5.762 5.749 5.718 5.655 5.591 5.528 5.465 5.401 5.338 5.275 5.215 5.157 5.099 5.083 5.074 5.065 5.055 5.046 5.037 5.028 4.997 4.965 4.935 4.917 4.899 4.881 4.863 4.845 4.827 4.813 4.812 4.811 4.811 4.814 4.817 4.820 4.824 4.827 4.830 4.810 4.760 4.709 4.659 4.575 4.490 4.405 4.319 4.234 4.149 4.139 4.135 4.130 4.125 4.128 4.131 4.135 4.138
7.132 7.035 6.813 6.703 6.593 6.484 6.374 6.264 6.154 6.047 5.939 5.901 5.885 5.869 5.854 5.838 5.822 5.806 5.791 5.776 5.764 5.751 5.739 5.690 5.627 5.563 5.500 5.437 5.373 5.311 5.253 5.196 5.138 5.094 5.085 5.076 5.066 5.057 5.048 5.026 4.995 4.963 4.931 4.908 4.890 4.872 4.854 4.836 4.818 4.814 4.812 4.811 4.810 4.811 4.815 4.818 4.821 4.825 4.828 4.780 4.729 4.678 4.628 4.567 4.481 4.396 4.311 4.225 4.176 4.171 4.167 4.162 4.157 4.155 4.158 4.161 4.165
6.976 6.876 6.775 6.667 6.559 6.452 6.344 6.236 6.128 6.021 5.930 5.906 5.886 5.871 5.855 5.839 5.823 5.808 5.792 5.779 5.766 5.754 5.741 5.726 5.662 5.599 5.536 5.472 5.409 5.350 5.292 5.234 5.177 5.119 5.096 5.086 5.077 5.068 5.056 5.024 4.992 4.961 4.929 4.899 4.881 4.863 4.845 4.827 4.815 4.814 4.813 4.811 4.810 4.809 4.812 4.816 4.819 4.822 4.800 4.749 4.698 4.648 4.597 4.547 4.473 4.387 4.302 4.217 4.208 4.203 4.198 4.194 4.189 4.184 4.185 4.188 4.192
