includes/overflow_coast_v/floodfiles/results/res-0008.wdfp
ncols         631
nrows         906
xllcorner     364927.146600
yllcorner     6531972.565600
cellsize      20.000000
NODATA_value  -9999.000000
[rows 0 to 33 of 906, columns 385 to 461 of 631]
2.011 2.091 2.176 2.300 2.424 2.548 2.672 2.796 2.952 3.163 3.373 3.584 3.794 4.005 4.215 4.426 4.636 4.847 5.057 5.268 5.491 5.961 6.803 7.648 8.493 9.338 10.182 11.027 11.872 12.717 13.562 14.406 15.251 16.096 16.275 16.269 16.264 16.258 16.252 16.246 16.241 16.235 16.236 16.251 16.266 16.281 16.275 16.245 16.216 16.185 16.156 16.106 16.040 15.974 15.907 15.841 15.775 15.709 15.640 15.565 15.490 15.414 15.339 15.264 15.189 15.120 15.053 14.985 14.917 14.850 14.783 14.672 14.555 14.439 14.322 14.206 14.089
1.910 1.996 2.120 2.244 2.368 2.492 2.616 2.740 2.884 3.095 3.305 3.516 3.726 3.937 4.147 4.358 4.568 4.779 4.989 5.200 5.402 5.764 6.617 7.465 8.310 9.155 10.000 10.844 11.689 12.534 13.379 14.224 15.069 15.913 16.157 16.151 16.145 16.140 16.134 16.128 16.123 16.132 16.147 16.162 16.177 16.193 16.188 16.159 16.129 16.099 16.070 16.040 16.011 15.959 15.893 15.827 15.761 15.694 15.626 15.551 15.476 15.400 15.325 15.254 15.186 15.119 15.052 14.984 14.917 14.850 14.782 14.671 14.554 14.438 14.321 14.205 14.088
1.816 1.940 2.064 2.188 2.312 2.436 2.560 2.684 2.816 3.027 3.237 3.448 3.658 3.869 4.079 4.290 4.500 4.711 4.921 5.115 5.279 5.559 6.413 7.267 8.120 8.972 9.817 10.662 11.506 12.351 13.196 14.041 14.886 15.731 16.039 16.033 16.027 16.022 16.016 16.013 16.028 16.044 16.059 16.074 16.089 16.104 16.102 16.073 16.043 16.013 15.983 15.954 15.925 15.895 15.866 15.813 15.746 15.680 15.612 15.537 15.462 15.387 15.320 15.253 15.186 15.119 15.052 14.983 14.916 14.849 14.782 14.670 14.554 14.437 14.321 14.204 14.088
1.760 1.884 2.008 2.132 2.255 2.379 2.503 2.627 2.751 2.959 3.169 3.380 3.590 3.801 4.011 4.222 4.432 4.643 4.829 4.993 5.157 5.354 6.208 7.062 7.916 8.770 9.623 10.477 11.324 12.168 13.013 13.858 14.703 15.548 15.921 15.915 15.909 15.903 15.910 15.925 15.940 15.955 15.970 15.985 16.000 16.015 16.016 15.986 15.957 15.927 15.897 15.868 15.838 15.809 15.780 15.750 15.721 15.666 15.598 15.523 15.454 15.387 15.320 15.252 15.185 15.118 15.051 14.983 14.916 14.848 14.781 14.670 14.553 14.437 14.320 14.204 14.087
1.703 1.827 1.951 2.075 2.199 2.323 2.447 2.571 2.695 2.891 3.101 3.312 3.522 3.733 3.943 4.154 4.364 4.543 4.707 4.871 5.035 5.199 6.003 6.857 7.711 8.565 9.419 10.272 11.126 11.980 12.831 13.675 14.520 15.365 15.803 15.797 15.791 15.806 15.821 15.836 15.851 15.866 15.882 15.897 15.912 15.927 15.929 15.900 15.871 15.840 15.811 15.782 15.752 15.723 15.693 15.664 15.635 15.605 15.586 15.521 15.453 15.386 15.319 15.252 15.185 15.118 15.050 14.982 14.915 14.848 14.781 14.669 14.553 14.436 14.320 14.203 14.087
1.647 1.771 1.895 2.019 2.143 2.267 2.391 2.515 2.639 2.823 3.033 3.244 3.454 3.665 3.875 4.086 4.257 4.421 4.585 4.749 4.912 5.076 5.799 6.652 7.506 8.360 9.214 10.068 10.922 11.776 12.629 13.483 14.337 15.182 15.684 15.687 15.702 15.717 15.733 15.748 15.763 15.778 15.793 15.808 15.823 15.838 15.843 15.814 15.784 15.754 15.725 15.695 15.666 15.637 15.607 15.578 15.549 15.564 15.570 15.511 15.453 15.386 15.318 15.251 15.184 15.117 15.050 14.982 14.915 14.847 14.780 14.668 14.552 14.435 14.319 14.202 14.086
1.591 1.715 1.839 1.963 2.087 2.211 2.335 2.459 2.583 2.755 2.965 3.176 3.386 3.597 3.807 3.971 4.135 4.298 4.462 4.626 4.790 4.954 5.594 6.448 7.302 8.156 9.009 9.863 10.717 11.571 12.425 13.279 14.132 14.986 15.526 15.599 15.614 15.629 15.644 15.659 15.674 15.689 15.705 15.720 15.735 15.750 15.757 15.727 15.698 15.668 15.638 15.609 15.580 15.550 15.521 15.517 15.532 15.546 15.553 15.495 15.437 15.378 15.318 15.251 15.184 15.116 15.049 14.981 14.914 14.847 14.780 14.668 14.551 14.435 14.318 14.202 14.085
1.535 1.659 1.783 1.907 2.031 2.155 2.279 2.403 2.527 2.687 2.897 3.108 3.318 3.521 3.685 3.848 4.012 4.176 4.340 4.504 4.668 4.832 5.389 6.243 7.097 7.951 8.805 9.659 10.512 11.366 12.220 13.074 13.918 14.568 15.108 15.274 15.439 15.540 15.556 15.571 15.586 15.601 15.616 15.631 15.646 15.661 15.670 15.641 15.612 15.581 15.552 15.523 15.493 15.470 15.485 15.500 15.514 15.529 15.537 15.479 15.420 15.362 15.304 15.245 15.183 15.116 15.049 14.982 14.913 14.846 14.779 14.667 14.551 14.434 14.318 14.201 14.085
1.450 1.595 1.727 1.851 1.974 2.098 2.222 2.346 2.470 2.619 2.829 3.040 3.234 3.398 3.562 3.726 3.890 4.054 4.218 4.382 4.546 4.709 5.185 6.038 6.892 7.746 8.600 9.454 10.308 11.161 12.015 12.805 13.454 14.104 14.690 14.855 15.021 15.187 15.353 15.482 15.497 15.512 15.527 15.543 15.558 15.573 15.584 15.555 15.525 15.496 15.466 15.436 15.438 15.453 15.467 15.482 15.497 15.512 15.521 15.463 15.404 15.346 15.287 15.229 15.170 15.112 15.048 14.981 14.913 14.846 14.778 14.667 14.550 14.434 14.317 14.201 14.086
1.319 1.465 1.611 1.756 1.902 2.042 2.166 2.290 2.414 2.551 2.761 2.948 3.112 3.276 3.440 3.604 3.768 3.932 4.096 4.259 4.423 4.587 4.980 5.834 6.688 7.541 8.395 9.249 10.103 10.957 11.691 12.341 12.991 13.641 14.271 14.437 14.603 14.769 14.934 15.100 15.266 15.424 15.439 15.454 15.469 15.484 15.498 15.469 15.439 15.410 15.391 15.406 15.420 15.435 15.450 15.465 15.480 15.495 15.505 15.446 15.388 15.330 15.271 15.213 15.154 15.096 15.037 14.979 14.912 14.845 14.778 14.666 14.549 14.433 14.318 14.203 14.089
1.188 1.334 1.480 1.626 1.771 1.917 2.063 2.209 2.355 2.483 2.662 2.826 2.990 3.154 3.318 3.482 3.645 3.809 3.973 4.137 4.301 4.465 4.775 5.629 6.483 7.337 8.191 9.044 9.898 10.578 11.228 11.877 12.527 13.177 13.827 14.019 14.185 14.350 14.516 14.682 14.848 15.013 15.179 15.345 15.381 15.396 15.411 15.382 15.353 15.360 15.374 15.388 15.403 15.418 15.433 15.448 15.463 15.478 15.489 15.430 15.372 15.313 15.255 15.197 15.138 15.080 15.021 14.963 14.903 14.845 14.777 14.665 14.550 14.435 14.321 14.206 14.091
1.057 1.203 1.349 1.495 1.641 1.787 1.932 2.078 2.224 2.398 2.555 2.707 2.868 3.031 3.195 3.359 3.523 3.687 3.851 4.015 4.179 4.343 4.571 5.424 6.278 7.132 7.986 8.815 9.465 10.114 10.764 11.414 12.064 12.713 13.363 13.601 13.766 13.932 14.098 14.264 14.429 14.595 14.761 14.927 15.093 15.258 15.322 15.313 15.328 15.342 15.356 15.371 15.386 15.401 15.416 15.431 15.446 15.461 15.473 15.414 15.356 15.297 15.239 15.180 15.122 15.064 15.005 14.947 14.887 14.829 14.769 14.667 14.553 14.438 14.323 14.208 14.094
0.926 1.072 1.218 1.364 1.510 1.656 1.802 1.948 2.124 2.308 2.469 2.621 2.773 2.926 3.078 3.237 3.401 3.565 3.729 3.892 4.056 4.220 4.384 5.220 6.074 6.927 7.701 8.351 9.001 9.651 10.300 10.950 11.600 12.250 12.900 13.182 13.348 13.514 13.680 13.845 14.011 14.177 14.343 14.509 14.674 14.840 15.165 15.274 15.310 15.325 15.339 15.354 15.369 15.384 15.399 15.414 15.429 15.444 15.456 15.398 15.340 15.281 15.223 15.164 15.106 15.047 14.989 14.930 14.870 14.808 14.747 14.649 14.550 14.440 14.326 14.211 14.096
0.795 0.941 1.087 1.233 1.379 1.525 1.671 1.850 2.033 2.217 2.383 2.535 2.688 2.840 2.992 3.144 3.296 3.448 3.606 3.770 3.934 4.098 4.262 5.015 5.869 6.588 7.238 7.887 8.537 9.187 9.837 10.487 11.136 11.786 12.436 12.764 12.930 13.096 13.261 13.427 13.593 13.759 13.925 14.090 14.306 14.660 15.013 15.134 15.213 15.291 15.322 15.337 15.352 15.367 15.382 15.397 15.412 15.427 15.440 15.382 15.323 15.265 15.206 15.148 15.090 15.031 14.973 14.911 14.848 14.786 14.725 14.627 14.527 14.428 14.328 14.213 14.099
0.665 0.810 0.956 1.102 1.248 1.394 1.576 1.759 1.943 2.126 2.298 2.450 2.602 2.754 2.906 3.058 3.210 3.362 3.514 3.666 3.818 3.976 4.139 4.810 5.475 6.124 6.774 7.424 8.074 8.723 9.373 10.023 10.673 11.322 11.972 12.346 12.512 12.677 12.843 13.009 13.175 13.341 13.506 13.801 14.155 14.508 14.862 14.994 15.073 15.152 15.229 15.308 15.335 15.350 15.365 15.380 15.395 15.409 15.424 15.366 15.307 15.249 15.190 15.132 15.073 15.012 14.951 14.889 14.826 14.764 14.703 14.604 14.504 14.405 14.306 14.206 14.101
0.534 0.680 0.825 0.971 1.118 1.302 1.485 1.668 1.852 2.035 2.212 2.364 2.516 2.668 2.820 2.972 3.124 3.276 3.428 3.580 3.732 3.884 4.040 4.422 5.011 5.661 6.311 6.960 7.610 8.260 8.910 9.559 10.209 10.859 11.509 11.928 12.093 12.259 12.425 12.591 12.757 12.943 13.296 13.650 14.003 14.357 14.710 14.854 14.933 15.012 15.090 15.168 15.247 15.325 15.348 15.362 15.377 15.392 15.407 15.349 15.291 15.233 15.174 15.114 15.052 14.991 14.929 14.867 14.804 14.742 14.680 14.581 14.482 14.382 14.283 14.183 14.084
0.403 0.549 0.695 0.844 1.028 1.211 1.394 1.577 1.761 1.944 2.126 2.278 2.430 2.582 2.734 2.886 3.038 3.190 3.343 3.495 3.647 3.805 3.981 4.307 4.829 5.350 5.872 6.497 7.146 7.796 8.446 9.096 9.746 10.395 11.045 11.509 11.675 11.841 12.007 12.173 12.438 12.791 13.145 13.498 13.852 14.205 14.559 14.715 14.793 14.872 14.951 15.028 15.107 15.186 15.264 15.343 15.360 15.375 15.390 15.333 15.275 15.216 15.154 15.092 15.030 14.969 14.907 14.845 14.783 14.721 14.657 14.558 14.459 14.359 14.260 14.161 14.061
0.272 0.418 0.570 0.753 0.937 1.120 1.303 1.487 1.670 1.853 2.036 2.192 2.344 2.496 2.648 2.800 2.953 3.105 3.257 3.409 3.570 3.746 3.922 4.191 4.713 5.235 5.757 6.278 6.800 7.333 7.982 8.632 9.282 9.932 10.581 11.091 11.257 11.423 11.589 11.932 12.286 12.640 12.993 13.347 13.700 14.054 14.407 14.575 14.654 14.732 14.811 14.888 14.967 15.046 15.124 15.203 15.282 15.358 15.373 15.317 15.255 15.194 15.132 15.070 15.008 14.947 14.885 14.823 14.761 14.699 14.635 14.535 14.436 14.336 14.237 14.138 14.038
0.141 0.296 0.479 0.662 0.846 1.029 1.212 1.396 1.579 1.762 1.946 2.106 2.259 2.411 2.563 2.715 2.867 3.019 3.171 3.335 3.511 3.687 3.863 4.076 4.598 5.119 5.641 6.163 6.685 7.207 7.728 8.250 8.818 9.468 10.118 10.673 10.839 11.074 11.427 11.781 12.134 12.488 12.841 13.195 13.549 13.902 14.256 14.435 14.514 14.592 14.671 14.749 14.827 14.906 14.985 15.063 15.142 15.221 15.342 15.295 15.233 15.172 15.110 15.048 14.986 14.925 14.863 14.801 14.739 14.677 14.612 14.512 14.413 14.314 14.214 14.115 14.015
0.036 0.205 0.388 0.572 0.755 0.938 1.122 1.305 1.488 1.671 1.855 2.021 2.173 2.325 2.477 2.629 2.781 2.933 3.100 3.276 3.452 3.628 3.804 3.979 4.482 5.004 5.526 6.047 6.569 7.091 7.613 8.135 8.656 9.178 9.700 10.255 10.569 10.922 11.276 11.629 11.983 12.336 12.690 13.043 13.397 13.750 14.104 14.295 14.374 14.453 14.531 14.610 14.688 14.766 14.845 14.924 15.023 15.164 15.304 15.257 15.206 15.150 15.088 15.026 14.964 14.903 14.841 14.779 14.717 14.655 14.589 14.490 14.390 14.291 14.191 14.092 13.993
0.009 0.115 0.297 0.481 0.664 0.847 1.031 1.214 1.397 1.581 1.764 1.935 2.087 2.239 2.391 2.543 2.695 2.865 3.041 3.217 3.393 3.569 3.745 3.920 4.367 4.888 5.410 5.932 6.454 6.976 7.497 8.019 8.541 9.063 9.581 10.027 10.402 10.771 11.124 11.478 11.831 12.185 12.538 12.892 13.245 13.599 13.952 14.156 14.234 14.313 14.392 14.470 14.548 14.626 14.705 14.845 14.985 15.126 15.267 15.217 15.166 15.115 15.064 15.004 14.942 14.881 14.819 14.757 14.695 14.633 14.566 14.467 14.367 14.268 14.169 14.069 13.970
0.005 0.038 0.207 0.390 0.573 0.757 0.940 1.123 1.307 1.490 1.673 1.849 2.001 2.153 2.305 2.457 2.630 2.806 2.982 3.158 3.334 3.510 3.685 3.861 4.251 4.773 5.295 5.817 6.338 6.860 7.382 7.904 8.426 8.928 9.373 9.819 10.203 10.578 10.953 11.326 11.680 12.033 12.387 12.740 13.094 13.447 13.801 14.016 14.095 14.173 14.252 14.330 14.408 14.526 14.666 14.807 14.948 15.089 15.227 15.176 15.125 15.074 15.024 14.973 14.921 14.859 14.797 14.735 14.673 14.611 14.543 14.444 14.345 14.245 14.146 14.046 13.947
0.089 0.013 0.118 0.300 0.483 0.666 0.849 1.033 1.216 1.399 1.582 1.763 1.916 2.067 2.220 2.396 2.571 2.747 2.923 3.099 3.275 3.451 3.626 3.802 4.136 4.658 5.179 5.701 6.223 6.745 7.266 7.788 8.274 8.720 9.166 9.611 10.003 10.378 10.753 11.129 11.504 11.879 12.235 12.589 12.942 13.296 13.649 13.876 13.955 14.033 14.112 14.208 14.349 14.488 14.629 14.770 14.911 15.052 15.187 15.136 15.085 15.034 14.983 14.932 14.881 14.830 14.775 14.713 14.652 14.590 14.521 14.421 14.322 14.222 14.123 14.030 13.943
0.002 0.068 0.191 0.327 0.463 0.600 0.759 0.942 1.125 1.309 1.492 1.675 1.830 1.985 2.161 2.337 2.513 2.688 2.864 3.040 3.216 3.392 3.568 3.743 4.020 4.542 5.064 5.586 6.107 6.629 7.151 7.621 8.066 8.512 8.958 9.404 9.804 10.179 10.554 10.929 11.304 11.679 12.054 12.429 12.791 13.144 13.498 13.736 13.815 13.894 14.030 14.170 14.311 14.451 14.592 14.733 14.874 15.015 15.146 15.095 15.044 14.994 14.943 14.892 14.841 14.790 14.739 14.688 14.630 14.568 14.498 14.398 14.299 14.205 14.118 14.031 13.943
0.001 0.022 0.295 0.432 0.568 0.705 0.841 0.978 1.114 1.251 1.401 1.584 1.750 1.926 2.102 2.278 2.454 2.629 2.805 2.981 3.157 3.333 3.508 3.684 3.905 4.427 4.948 5.470 5.992 6.514 6.967 7.413 7.859 8.304 8.750 9.196 9.604 9.979 10.354 10.729 11.104 11.480 11.855 12.230 12.605 12.980 13.346 13.597 13.711 13.851 13.992 14.133 14.274 14.414 14.555 14.696 14.836 14.977 15.106 15.055 15.004 14.953 14.902 14.851 14.800 14.750 14.699 14.648 14.597 14.546 14.475 14.380 14.293 14.205 14.118 14.031 13.944
0.000 0.001 0.399 0.536 0.673 0.809 0.946 1.082 1.219 1.355 1.492 1.616 1.741 1.888 2.043 2.219 2.395 2.570 2.746 2.922 3.098 3.274 3.449 3.625 3.801 4.311 4.833 5.355 5.868 6.314 6.760 7.205 7.651 8.097 8.543 8.988 9.404 9.779 10.154 10.530 10.905 11.280 11.655 12.030 12.405 12.780 13.162 13.507 13.673 13.814 13.955 14.096 14.237 14.378 14.517 14.658 14.799 14.940 15.065 15.014 14.964 14.913 14.862 14.811 14.760 14.709 14.658 14.607 14.557 14.510 14.464 14.380 14.293 14.206 14.119 14.032 13.945
0.000 0.000 0.504 0.640 0.777 0.914 1.050 1.187 1.323 1.460 1.582 1.683 1.796 1.943 2.089 2.235 2.381 2.528 2.687 2.863 3.039 3.215 3.390 3.566 3.742 4.196 4.718 5.215 5.660 6.106 6.552 6.998 7.443 7.889 8.335 8.781 9.205 9.580 9.955 10.330 10.705 11.080 11.455 11.830 12.206 12.614 13.044 13.389 13.575 13.761 13.918 14.059 14.199 14.340 14.480 14.621 14.762 14.903 15.025 14.974 14.923 14.872 14.821 14.770 14.720 14.669 14.618 14.570 14.537 14.505 14.457 14.375 14.293 14.207 14.120 14.033 13.946
0.000 0.000 0.005 0.745 0.882 1.018 1.155 1.291 1.428 1.548 1.648 1.749 1.851 1.998 2.144 2.290 2.436 2.583 2.729 2.875 3.021 3.167 3.331 3.507 3.683 4.080 4.561 5.007 5.453 5.898 6.344 6.790 7.236 7.681 8.127 8.573 9.005 9.380 9.755 10.130 10.505 10.881 11.256 11.635 12.065 12.495 12.926 13.272 13.458 13.644 13.830 14.016 14.162 14.303 14.443 14.584 14.725 14.865 14.984 14.933 14.883 14.832 14.781 14.730 14.679 14.629 14.597 14.565 14.533 14.501 14.450 14.367 14.286 14.204 14.121 14.034 13.947
0.000 0.001 0.713 0.849 0.986 1.123 1.259 1.396 1.514 1.614 1.714 1.815 1.915 2.053 2.199 2.345 2.491 2.637 2.784 2.930 3.076 3.222 3.369 3.515 3.661 3.913 4.354 4.799 5.245 5.691 6.136 6.582 7.028 7.474 7.919 8.365 8.805 9.181 9.556 9.931 10.306 10.681 11.086 11.516 11.946 12.377 12.807 13.155 13.340 13.526 13.712 13.898 14.084 14.266 14.407 14.547 14.687 14.828 14.944 14.893 14.842 14.791 14.740 14.690 14.656 14.624 14.592 14.560 14.528 14.496 14.443 14.360 14.278 14.196 14.115 14.033 13.947
0.544 0.681 0.817 0.954 1.090 1.227 1.364 1.479 1.580 1.680 1.781 1.881 1.982 2.108 2.254 2.400 2.546 2.692 2.839 2.985 3.131 3.277 3.424 3.570 3.680 3.839 4.243 4.647 5.051 5.483 5.929 6.374 6.820 7.266 7.712 8.157 8.603 8.981 9.356 9.731 10.107 10.537 10.967 11.398 11.828 12.258 12.689 13.037 13.223 13.409 13.595 13.781 13.967 14.153 14.339 14.509 14.650 14.791 14.903 14.853 14.802 14.751 14.716 14.683 14.651 14.619 14.587 14.555 14.523 14.491 14.435 14.352 14.270 14.189 14.107 14.025 13.944
0.649 0.785 0.922 1.058 1.195 1.331 1.445 1.546 1.646 1.746 1.847 1.947 2.048 2.163 2.309 2.455 2.601 2.747 2.894 3.040 3.186 3.332 3.479 3.588 3.685 3.782 4.169 4.573 4.977 5.381 5.785 6.189 6.612 7.058 7.504 7.950 8.395 8.781 9.156 9.558 9.988 10.419 10.849 11.279 11.710 12.140 12.570 12.920 13.106 13.292 13.478 13.664 13.849 14.035 14.221 14.407 14.592 14.754 14.863 14.812 14.775 14.743 14.711 14.679 14.647 14.615 14.583 14.550 14.518 14.486 14.427 14.345 14.263 14.181 14.099 14.018 13.936
0.753 0.890 1.026 1.163 1.299 1.411 1.511 1.612 1.712 1.813 1.913 2.014 2.114 2.218 2.364 2.510 2.656 2.802 2.949 3.095 3.241 3.387 3.495 3.592 3.689 3.786 4.095 4.499 4.903 5.307 5.711 6.115 6.519 6.924 7.327 7.742 8.188 8.582 9.009 9.440 9.870 10.300 10.731 11.161 11.591 12.022 12.452 12.802 12.988 13.174 13.360 13.546 13.732 13.918 14.104 14.290 14.475 14.661 14.827 14.802 14.770 14.738 14.706 14.674 14.642 14.610 14.578 14.546 14.514 14.482 14.420 14.338 14.255 14.174 14.092 14.010 13.928
0.857 0.994 1.130 1.267 1.376 1.477 1.577 1.678 1.778 1.879 1.979 2.080 2.180 2.281 2.419 2.565 2.711 2.857 3.004 3.150 3.296 3.403 3.500 3.597 3.694 3.791 4.021 4.425 4.829 5.233 5.637 6.041 6.446 6.850 7.254 7.658 8.032 8.437 8.891 9.321 9.752 10.182 10.612 11.043 11.473 11.903 12.334 12.685 12.871 13.057 13.243 13.429 13.615 13.801 13.987 14.172 14.378 14.601 14.765 14.770 14.765 14.733 14.701 14.669 14.637 14.605 14.573 14.541 14.509 14.477 14.412 14.331 14.248 14.166 14.084 14.003 13.921
0.962 1.098 1.235 1.342 1.443 1.543 1.643 1.744 1.844 1.945 2.045 2.146 2.246 2.347 2.474 2.620 2.766 2.912 3.058 3.205 3.311 3.408 3.505 3.602 3.699 3.796 3.948 4.352 4.756 5.160 5.564 5.968 6.372 6.776 7.180 7.545 7.813 8.188 8.683 9.177 9.633 10.063 10.494 10.924 11.354 11.785 12.215 12.568 12.754 12.940 13.125 13.311 13.497 13.683 13.886 14.110 14.333 14.556 14.702 14.707 14.713 14.719 14.696 14.664 14.632 14.600 14.568 14.536 14.504 14.472 14.405 14.323 14.240 14.158 14.077 13.995 13.913
