includes/overflow_coast_v/floodfiles/results/res-0010.wd
ncols         631
nrows         906
xllcorner     364927.146600
yllcorner     6531972.565600
cellsize      20.000000
NODATA_value  -9999.000000
[rows 238 to 271 of 906, columns 462 to 538 of 631]
0.009 0.012 0.020 0.054 0.101 0.151 0.200 0.250 0.299 0.349 0.399 0.449 0.499 0.549 0.565 0.551 0.522 0.493 0.465 0.439 0.413 0.387 0.361 0.334 0.308 0.282 0.255 0.228 0.201 0.173 0.143 0.148 0.156 0.164 0.171 0.174 0.160 0.144 0.127 0.110 0.090 0.070 0.049 0.029 0.020 0.012 0.008 0.005 0.003 0.002 0.000 0.000 0.001 0.001 0.002 0.002 0.002 0.002 0.003 0.002 0.002 0.089 0.291 0.492 0.694 0.895 1.096 1.307 1.529 1.751 1.973 2.195 2.416 2.638 2.806 2.968 3.130
0.012 0.015 0.019 0.038 0.081 0.130 0.180 0.229 0.279 0.329 0.378 0.428 0.478 0.504 0.519 0.522 0.493 0.464 0.436 0.407 0.378 0.349 0.322 0.296 0.269 0.243 0.217 0.190 0.162 0.134 0.105 0.102 0.109 0.117 0.119 0.106 0.091 0.076 0.061 0.045 0.031 0.018 0.008 0.003 0.002 0.002 0.001 0.000 0.000 0.000 0.000 0.000 0.000 0.000 0.000 0.001 0.001 0.002 0.002 0.002 0.001 0.121 0.322 0.524 0.725 0.926 1.128 1.330 1.542 1.764 1.986 2.208 2.430 2.634 2.796 2.958 3.120
0.016 0.018 0.021 0.029 0.062 0.110 0.159 0.209 0.258 0.308 0.358 0.408 0.444 0.459 0.473 0.488 0.464 0.435 0.407 0.378 0.349 0.320 0.292 0.263 0.234 0.204 0.178 0.152 0.124 0.097 0.067 0.057 0.063 0.064 0.052 0.039 0.028 0.018 0.010 0.005 0.002 0.001 0.000 0.000 0.000 0.000 0.000 0.000 0.000 0.000 0.000 0.000 0.000 0.000 0.000 0.000 0.000 0.001 0.001 0.000 0.001 0.152 0.354 0.555 0.757 0.958 1.159 1.361 1.562 1.777 1.999 2.221 2.443 2.624 2.786 2.948 3.110
0.018 0.020 0.022 0.027 0.047 0.090 0.139 0.188 0.238 0.288 0.337 0.384 0.399 0.413 0.428 0.443 0.435 0.406 0.378 0.349 0.320 0.292 0.263 0.234 0.205 0.176 0.147 0.118 0.088 0.060 0.033 0.018 0.018 0.010 0.005 0.003 0.002 0.001 0.000 0.000 0.000 0.000 0.000 0.000 0.000 0.000 0.000 0.000 0.000 0.000 0.000 0.000 0.000 0.000 0.000 0.000 0.000 0.000 0.000 0.000 0.001 0.183 0.385 0.587 0.788 0.990 1.191 1.393 1.594 1.795 2.013 2.235 2.453 2.615 2.776 2.938 3.100
0.022 0.022 0.024 0.026 0.037 0.071 0.118 0.168 0.217 0.267 0.317 0.338 0.353 0.368 0.382 0.397 0.406 0.377 0.349 0.320 0.291 0.263 0.234 0.205 0.177 0.148 0.119 0.090 0.061 0.033 0.008 0.005 0.000 0.000 0.000 0.000 0.000 0.000 0.000 0.000 0.000 0.000 0.000 0.000 0.000 0.000 0.000 0.000 0.000 0.000 0.000 0.000 0.000 0.000 0.000 0.000 0.000 0.000 0.000 0.000 0.014 0.215 0.417 0.618 0.820 1.021 1.223 1.424 1.626 1.827 2.028 2.248 2.443 2.605 2.767 2.929 3.091
0.027 0.024 0.025 0.027 0.032 0.055 0.099 0.147 0.197 0.247 0.278 0.293 0.307 0.322 0.337 0.352 0.366 0.348 0.320 0.291 0.263 0.234 0.205 0.177 0.148 0.119 0.091 0.063 0.034 0.009 0.004 0.011 0.004 0.000 0.000 0.000 0.000 0.000 0.000 0.000 0.000 0.000 0.000 0.000 0.000 0.000 0.000 0.000 0.000 0.000 0.000 0.000 0.000 0.000 0.000 0.000 0.000 0.000 0.000 0.000 0.047 0.247 0.449 0.650 0.852 1.053 1.254 1.456 1.657 1.859 2.060 2.262 2.433 2.594 2.752 2.910 3.067
0.031 0.025 0.026 0.028 0.031 0.044 0.080 0.128 0.177 0.218 0.233 0.247 0.262 0.277 0.291 0.306 0.321 0.319 0.291 0.262 0.234 0.205 0.177 0.148 0.120 0.091 0.063 0.035 0.011 0.002 0.005 0.011 0.013 0.001 0.000 0.000 0.000 0.000 0.000 0.000 0.000 0.000 0.000 0.000 0.000 0.000 0.000 0.000 0.000 0.000 0.000 0.000 0.000 0.000 0.000 0.000 0.000 0.000 0.000 0.000 0.078 0.279 0.480 0.682 0.883 1.077 1.270 1.464 1.657 1.851 2.044 2.223 2.369 2.527 2.684 2.842 2.999
0.034 0.030 0.028 0.029 0.031 0.038 0.065 0.108 0.157 0.173 0.188 0.202 0.217 0.231 0.246 0.261 0.276 0.290 0.262 0.233 0.205 0.176 0.148 0.120 0.091 0.063 0.035 0.011 0.001 0.003 0.006 0.010 0.022 0.004 0.000 0.000 0.000 0.000 0.000 0.000 0.000 0.000 0.000 0.000 0.000 0.000 0.000 0.000 0.000 0.000 0.000 0.000 0.000 0.000 0.000 0.000 0.000 0.000 0.000 0.000 0.077 0.270 0.463 0.657 0.850 1.044 1.237 1.430 1.624 1.817 2.011 2.166 2.308 2.459 2.616 2.774 2.931
0.036 0.033 0.028 0.029 0.031 0.037 0.054 0.091 0.115 0.129 0.143 0.157 0.171 0.186 0.201 0.215 0.230 0.245 0.233 0.204 0.176 0.148 0.119 0.091 0.063 0.035 0.011 0.000 0.002 0.004 0.006 0.010 0.021 0.018 0.002 0.000 0.000 0.000 0.000 0.000 0.000 0.000 0.000 0.000 0.000 0.000 0.000 0.000 0.000 0.000 0.000 0.000 0.000 0.000 0.000 0.000 0.000 0.000 0.000 0.000 0.045 0.236 0.430 0.623 0.817 1.010 1.204 1.397 1.590 1.784 1.968 2.110 2.252 2.393 2.548 2.706 2.863
0.038 0.036 0.030 0.030 0.032 0.037 0.051 0.068 0.076 0.087 0.099 0.113 0.127 0.141 0.156 0.170 0.185 0.200 0.204 0.176 0.147 0.119 0.091 0.062 0.034 0.011 0.001 0.002 0.003 0.005 0.007 0.010 0.018 0.032 0.005 0.001 0.000 0.000 0.000 0.000 0.000 0.000 0.000 0.000 0.000 0.000 0.000 0.000 0.000 0.000 0.000 0.000 0.000 0.000 0.000 0.000 0.000 0.000 0.000 0.000 0.009 0.203 0.396 0.590 0.783 0.977 1.170 1.364 1.557 1.750 1.912 2.053 2.195 2.337 2.480 2.638 2.795
0.039 0.038 0.034 0.031 0.034 0.040 0.050 0.049 0.050 0.054 0.061 0.071 0.084 0.097 0.111 0.126 0.140 0.155 0.170 0.147 0.119 0.091 0.062 0.034 0.011 0.001 0.002 0.003 0.005 0.006 0.008 0.010 0.017 0.034 0.024 0.003 0.000 0.000 0.000 0.000 0.000 0.000 0.000 0.000 0.000 0.000 0.000 0.000 0.000 0.000 0.000 0.000 0.000 0.000 0.000 0.000 0.000 0.000 0.000 0.000 0.000 0.170 0.363 0.557 0.750 0.943 1.137 1.330 1.524 1.714 1.855 1.997 2.139 2.280 2.422 2.570 2.728
0.040 0.040 0.038 0.031 0.035 0.044 0.043 0.040 0.038 0.038 0.039 0.043 0.049 0.058 0.069 0.082 0.096 0.111 0.126 0.119 0.091 0.063 0.034 0.011 0.002 0.002 0.003 0.004 0.006 0.007 0.009 0.011 0.017 0.036 0.055 0.021 0.004 0.001 0.000 0.000 0.000 0.000 0.000 0.000 0.000 0.000 0.000 0.000 0.000 0.000 0.000 0.000 0.000 0.000 0.000 0.000 0.000 0.000 0.000 0.000 0.025 0.136 0.330 0.523 0.717 0.910 1.103 1.297 1.490 1.657 1.799 1.940 2.082 2.224 2.365 2.507 2.660
0.041 0.041 0.040 0.035 0.038 0.041 0.037 0.035 0.034 0.033 0.033 0.033 0.034 0.036 0.040 0.046 0.056 0.069 0.083 0.093 0.065 0.036 0.012 0.002 0.001 0.003 0.004 0.005 0.007 0.008 0.009 0.012 0.022 0.050 0.088 0.071 0.037 0.009 0.002 0.000 0.000 0.000 0.000 0.000 0.000 0.000 0.000 0.000 0.000 0.000 0.000 0.000 0.000 0.000 0.000 0.000 0.000 0.000 0.000 0.002 0.074 0.147 0.296 0.490 0.683 0.877 1.070 1.263 1.457 1.601 1.742 1.884 2.026 2.167 2.309 2.451 2.592
0.038 0.039 0.040 0.039 0.038 0.035 0.034 0.033 0.032 0.031 0.031 0.030 0.030 0.030 0.030 0.031 0.032 0.037 0.046 0.060 0.043 0.015 0.003 0.000 0.002 0.003 0.005 0.006 0.007 0.009 0.011 0.016 0.038 0.076 0.115 0.129 0.095 0.061 0.027 0.006 0.002 0.001 0.000 0.000 0.000 0.000 0.000 0.000 0.000 0.000 0.000 0.000 0.000 0.000 0.000 0.000 0.001 0.001 0.002 0.049 0.123 0.197 0.271 0.456 0.650 0.843 1.037 1.230 1.402 1.544 1.686 1.827 1.969 2.111 2.252 2.394 2.536
0.037 0.037 0.037 0.038 0.041 0.039 0.036 0.034 0.032 0.030 0.030 0.029 0.029 0.029 0.028 0.027 0.026 0.025 0.026 0.032 0.030 0.005 0.000 0.001 0.003 0.004 0.006 0.007 0.008 0.010 0.013 0.029 0.065 0.105 0.145 0.185 0.155 0.121 0.086 0.052 0.027 0.010 0.004 0.002 0.001 0.000 0.000 0.000 0.000 0.000 0.000 0.000 0.000 0.000 0.000 0.001 0.002 0.002 0.027 0.099 0.173 0.247 0.321 0.423 0.617 0.810 1.003 1.197 1.346 1.488 1.629 1.771 1.913 2.054 2.196 2.337 2.479
0.036 0.036 0.037 0.038 0.042 0.043 0.042 0.041 0.040 0.039 0.037 0.035 0.033 0.030 0.028 0.025 0.024 0.022 0.020 0.019 0.022 0.000 0.001 0.002 0.004 0.005 0.007 0.008 0.010 0.013 0.024 0.056 0.095 0.134 0.174 0.214 0.215 0.181 0.147 0.117 0.095 0.072 0.050 0.028 0.011 0.004 0.002 0.000 0.000 0.000 0.000 0.000 0.000 0.001 0.001 0.002 0.002 0.007 0.076 0.149 0.222 0.296 0.370 0.445 0.583 0.776 0.970 1.148 1.289 1.431 1.573 1.714 1.856 1.998 2.139 2.281 2.423
0.036 0.036 0.037 0.039 0.042 0.045 0.044 0.043 0.043 0.042 0.041 0.039 0.038 0.036 0.034 0.032 0.029 0.026 0.021 0.016 0.010 0.012 0.015 0.016 0.017 0.017 0.017 0.018 0.020 0.027 0.050 0.086 0.125 0.164 0.204 0.244 0.276 0.242 0.209 0.186 0.164 0.141 0.118 0.095 0.073 0.050 0.028 0.010 0.003 0.001 0.000 0.000 0.001 0.002 0.002 0.003 0.009 0.058 0.126 0.199 0.272 0.346 0.420 0.494 0.569 0.743 0.937 1.091 1.233 1.375 1.516 1.658 1.800 1.941 2.083 2.225 2.366
0.036 0.037 0.037 0.038 0.041 0.045 0.045 0.044 0.044 0.043 0.042 0.041 0.040 0.038 0.036 0.034 0.031 0.028 0.023 0.017 0.013 0.010 0.012 0.014 0.018 0.021 0.025 0.029 0.035 0.048 0.077 0.116 0.154 0.194 0.234 0.274 0.314 0.302 0.278 0.256 0.233 0.210 0.187 0.165 0.142 0.118 0.095 0.072 0.048 0.026 0.006 0.004 0.005 0.007 0.015 0.030 0.059 0.110 0.177 0.249 0.322 0.396 0.470 0.544 0.618 0.710 0.893 1.035 1.176 1.318 1.460 1.602 1.743 1.885 2.026 2.168 2.310
0.037 0.037 0.038 0.038 0.040 0.044 0.045 0.044 0.044 0.043 0.042 0.041 0.040 0.038 0.036 0.034 0.031 0.026 0.020 0.015 0.014 0.012 0.012 0.012 0.014 0.016 0.018 0.022 0.028 0.041 0.070 0.110 0.154 0.197 0.241 0.286 0.330 0.352 0.332 0.313 0.293 0.273 0.253 0.233 0.211 0.187 0.164 0.140 0.116 0.090 0.063 0.028 0.040 0.055 0.068 0.085 0.113 0.162 0.228 0.299 0.372 0.445 0.516 0.588 0.659 0.730 0.836 0.977 1.118 1.259 1.401 1.542 1.683 1.824 1.965 2.107 2.248
0.037 0.037 0.038 0.038 0.039 0.042 0.044 0.044 0.043 0.042 0.042 0.040 0.039 0.037 0.035 0.032 0.028 0.023 0.016 0.016 0.016 0.015 0.011 0.012 0.013 0.014 0.015 0.017 0.022 0.034 0.063 0.104 0.147 0.190 0.235 0.279 0.318 0.343 0.339 0.319 0.299 0.279 0.259 0.239 0.219 0.198 0.178 0.156 0.135 0.112 0.086 0.055 0.046 0.055 0.065 0.078 0.101 0.146 0.207 0.275 0.345 0.416 0.487 0.558 0.629 0.702 0.788 0.915 1.056 1.198 1.339 1.480 1.621 1.762 1.904 2.045 2.186
0.038 0.037 0.037 0.037 0.038 0.040 0.044 0.043 0.042 0.042 0.041 0.039 0.038 0.036 0.033 0.030 0.025 0.017 0.017 0.017 0.017 0.016 0.013 0.013 0.013 0.014 0.014 0.015 0.018 0.028 0.056 0.097 0.140 0.184 0.228 0.272 0.299 0.324 0.345 0.326 0.306 0.286 0.266 0.245 0.225 0.205 0.184 0.162 0.141 0.117 0.091 0.072 0.054 0.051 0.057 0.066 0.083 0.121 0.179 0.246 0.316 0.386 0.457 0.528 0.599 0.680 0.765 0.853 0.995 1.136 1.277 1.418 1.559 1.700 1.842 1.983 2.124
0.037 0.037 0.037 0.036 0.037 0.038 0.042 0.042 0.041 0.041 0.040 0.038 0.036 0.034 0.031 0.026 0.019 0.018 0.018 0.018 0.018 0.017 0.016 0.012 0.013 0.014 0.014 0.015 0.017 0.024 0.050 0.090 0.133 0.177 0.221 0.254 0.279 0.305 0.330 0.332 0.312 0.292 0.272 0.252 0.232 0.211 0.190 0.168 0.146 0.122 0.099 0.089 0.076 0.052 0.058 0.065 0.076 0.102 0.153 0.218 0.286 0.357 0.427 0.498 0.571 0.657 0.743 0.828 0.933 1.074 1.215 1.356 1.497 1.639 1.780 1.921 2.062
0.037 0.036 0.036 0.035 0.035 0.036 0.040 0.041 0.040 0.039 0.038 0.036 0.034 0.031 0.027 0.021 0.017 0.018 0.018 0.018 0.018 0.018 0.017 0.015 0.014 0.014 0.014 0.015 0.016 0.021 0.044 0.083 0.126 0.170 0.209 0.235 0.260 0.285 0.311 0.336 0.318 0.298 0.278 0.258 0.238 0.217 0.196 0.174 0.151 0.127 0.115 0.106 0.095 0.078 0.063 0.068 0.075 0.092 0.131 0.190 0.258 0.327 0.398 0.468 0.548 0.634 0.720 0.806 0.892 1.012 1.153 1.294 1.436 1.577 1.718 1.859 2.001
0.036 0.035 0.035 0.034 0.034 0.035 0.037 0.040 0.039 0.038 0.037 0.035 0.032 0.028 0.023 0.017 0.017 0.018 0.018 0.018 0.019 0.019 0.018 0.017 0.013 0.014 0.014 0.015 0.016 0.020 0.038 0.077 0.119 0.163 0.190 0.216 0.241 0.266 0.291 0.316 0.325 0.305 0.285 0.264 0.244 0.223 0.202 0.180 0.157 0.137 0.131 0.122 0.112 0.099 0.076 0.071 0.077 0.088 0.115 0.166 0.230 0.298 0.368 0.440 0.526 0.611 0.697 0.783 0.869 0.955 1.091 1.233 1.374 1.515 1.656 1.798 1.939
0.035 0.034 0.033 0.033 0.033 0.033 0.035 0.039 0.038 0.037 0.035 0.032 0.029 0.024 0.017 0.017 0.018 0.018 0.018 0.019 0.019 0.019 0.019 0.018 0.015 0.014 0.015 0.015 0.016 0.019 0.035 0.071 0.113 0.146 0.171 0.196 0.222 0.247 0.272 0.297 0.322 0.311 0.291 0.271 0.250 0.229 0.208 0.185 0.162 0.153 0.147 0.139 0.130 0.118 0.102 0.073 0.080 0.088 0.106 0.145 0.203 0.269 0.339 0.418 0.503 0.589 0.674 0.760 0.846 0.932 1.030 1.171 1.312 1.453 1.594 1.736 1.877
0.033 0.033 0.032 0.032 0.032 0.032 0.033 0.036 0.036 0.035 0.033 0.030 0.026 0.019 0.017 0.018 0.018 0.018 0.019 0.019 0.019 0.019 0.020 0.019 0.018 0.014 0.014 0.015 0.016 0.019 0.033 0.065 0.103 0.127 0.152 0.177 0.202 0.228 0.253 0.278 0.303 0.317 0.297 0.277 0.256 0.235 0.213 0.190 0.175 0.170 0.163 0.156 0.147 0.137 0.123 0.102 0.086 0.091 0.102 0.129 0.178 0.241 0.311 0.395 0.481 0.566 0.652 0.737 0.823 0.909 0.995 1.109 1.250 1.391 1.533 1.674 1.809
0.032 0.031 0.031 0.030 0.030 0.031 0.031 0.034 0.035 0.033 0.031 0.027 0.021 0.017 0.018 0.018 0.018 0.018 0.019 0.019 0.019 0.020 0.020 0.020 0.019 0.016 0.015 0.015 0.016 0.020 0.032 0.062 0.086 0.109 0.134 0.158 0.183 0.208 0.233 0.258 0.283 0.308 0.303 0.283 0.262 0.241 0.219 0.196 0.192 0.186 0.180 0.173 0.165 0.155 0.142 0.125 0.098 0.094 0.101 0.119 0.157 0.214 0.289 0.373 0.458 0.543 0.629 0.715 0.800 0.886 0.972 1.058 1.189 1.330 1.471 1.612 1.739
0.030 0.029 0.029 0.029 0.029 0.030 0.030 0.032 0.034 0.032 0.028 0.022 0.017 0.017 0.018 0.018 0.018 0.019 0.019 0.019 0.019 0.020 0.020 0.020 0.019 0.018 0.014 0.015 0.017 0.022 0.035 0.052 0.070 0.092 0.116 0.140 0.164 0.189 0.214 0.239 0.264 0.289 0.310 0.289 0.268 0.247 0.225 0.213 0.208 0.203 0.197 0.190 0.182 0.173 0.161 0.146 0.125 0.095 0.102 0.114 0.140 0.190 0.268 0.351 0.435 0.521 0.606 0.692 0.778 0.864 0.950 1.035 1.127 1.268 1.409 1.546 1.669
0.028 0.028 0.028 0.028 0.028 0.029 0.029 0.030 0.032 0.029 0.024 0.017 0.017 0.017 0.018 0.018 0.018 0.018 0.018 0.019 0.019 0.019 0.019 0.019 0.019 0.018 0.015 0.015 0.018 0.026 0.037 0.046 0.059 0.077 0.099 0.122 0.146 0.170 0.195 0.220 0.245 0.269 0.294 0.295 0.274 0.253 0.233 0.230 0.225 0.220 0.214 0.207 0.200 0.190 0.179 0.165 0.148 0.123 0.105 0.111 0.127 0.173 0.247 0.329 0.413 0.498 0.584 0.669 0.755 0.841 0.927 1.012 1.098 1.206 1.347 1.476 1.599
0.027 0.027 0.027 0.028 0.028 0.028 0.029 0.029 0.030 0.027 0.019 0.018 0.017 0.017 0.017 0.017 0.017 0.017 0.018 0.018 0.018 0.018 0.018 0.018 0.018 0.018 0.017 0.015 0.021 0.032 0.037 0.043 0.052 0.066 0.084 0.105 0.128 0.152 0.176 0.201 0.225 0.250 0.274 0.298 0.280 0.259 0.250 0.246 0.242 0.237 0.231 0.225 0.217 0.208 0.197 0.184 0.168 0.147 0.115 0.110 0.119 0.158 0.226 0.306 0.391 0.476 0.561 0.646 0.732 0.818 0.904 0.990 1.076 1.161 1.283 1.407 1.530
0.026 0.026 0.027 0.027 0.028 0.028 0.029 0.028 0.027 0.023 0.018 0.017 0.016 0.016 0.015 0.015 0.015 0.015 0.015 0.015 0.016 0.016 0.016 0.016 0.016 0.016 0.017 0.019 0.027 0.035 0.039 0.043 0.049 0.058 0.072 0.090 0.111 0.134 0.158 0.182 0.206 0.231 0.255 0.279 0.287 0.271 0.267 0.264 0.259 0.254 0.249 0.242 0.234 0.225 0.214 0.202 0.187 0.167 0.142 0.108 0.116 0.145 0.206 0.285 0.368 0.453 0.538 0.622 0.706 0.789 0.873 0.957 1.041 1.125 1.225 1.350 1.475
0.025 0.026 0.027 0.027 0.028 0.029 0.029 0.028 0.025 0.023 0.020 0.018 0.016 0.015 0.014 0.014 0.013 0.013 0.013 0.013 0.013 0.013 0.013 0.013 0.013 0.014 0.017 0.026 0.033 0.038 0.042 0.045 0.049 0.055 0.065 0.079 0.097 0.118 0.140 0.164 0.188 0.212 0.236 0.260 0.284 0.285 0.280 0.276 0.271 0.265 0.258 0.250 0.242 0.232 0.220 0.207 0.191 0.172 0.147 0.116 0.103 0.119 0.167 0.240 0.321 0.403 0.487 0.570 0.654 0.738 0.821 0.905 0.989 1.074 1.186 1.301 1.426
0.025 0.026 0.027 0.028 0.028 0.029 0.029 0.028 0.023 0.023 0.027 0.024 0.021 0.019 0.017 0.016 0.015 0.014 0.014 0.014 0.014 0.014 0.014 0.014 0.015 0.021 0.036 0.052 0.051 0.045 0.047 0.050 0.054 0.058 0.065 0.076 0.091 0.110 0.131 0.154 0.177 0.201 0.225 0.249 0.266 0.271 0.267 0.263 0.257 0.251 0.245 0.237 0.229 0.219 0.207 0.194 0.179 0.160 0.137 0.117 0.095 0.095 0.125 0.190 0.269 0.352 0.435 0.518 0.602 0.686 0.770 0.853 0.937 1.035 1.147 1.258 1.377
0.025 0.026 0.027 0.028 0.029 0.029 0.029 0.027 0.021 0.022 0.026 0.029 0.026 0.024 0.021 0.019 0.018 0.017 0.016 0.015 0.015 0.015 0.015 0.016 0.022 0.039 0.058 0.073 0.065 0.053 0.051 0.054 0.057 0.061 0.066 0.074 0.087 0.103 0.123 0.144 0.167 0.191 0.215 0.238 0.247 0.253 0.254 0.249 0.244 0.238 0.232 0.224 0.215 0.206 0.194 0.181 0.166 0.147 0.126 0.116 0.102 0.079 0.094 0.143 0.219 0.300 0.383 0.467 0.550 0.634 0.718 0.802 0.885 0.996 1.108 1.219 1.331
