includes/overflow_coast_v/floodfiles/results/res-0012.wd
ncols         631
nrows         906
xllcorner     364927.146667
yllcorner     6531972.565556
cellsize      20.000000
NODATA_value  -9999.000000
[rows 136 to 169 of 906, columns 539 to 615 of 631]
7.542 7.468 7.451 7.434 7.417 7.400 7.383 7.366 7.342 7.310 7.279 7.248 7.216 7.185 7.154 7.122 7.091 7.059 7.023 7.015 7.051 7.088 7.124 7.161 7.197 7.234 7.270 7.306 7.343 7.379 7.444 7.698 7.952 8.207 8.461 8.715 8.969 9.238 9.510 9.783 10.055 10.335 10.635 10.935 11.236 11.537 11.838 12.139 12.440 12.739 12.930 12.845 12.785 12.725 12.665 12.605 12.545 12.484 12.424 12.347 12.115 11.882 11.650 11.418 11.184 10.952 10.720 10.438 10.165 9.998 9.833 9.668 9.490 9.310 9.129 8.949 8.769
7.477 7.460 7.443 7.426 7.409 7.392 7.375 7.358 7.336 7.304 7.273 7.241 7.210 7.179 7.147 7.116 7.085 7.041 6.995 6.984 6.989 6.994 7.026 7.062 7.098 7.135 7.171 7.208 7.244 7.281 7.317 7.551 7.806 8.060 8.314 8.568 8.835 9.107 9.380 9.652 9.924 10.195 10.496 10.797 11.098 11.399 11.700 12.001 12.300 12.602 12.858 12.840 12.780 12.720 12.660 12.600 12.539 12.479 12.419 12.343 12.110 11.878 11.646 11.412 11.180 10.948 10.715 10.483 10.253 10.075 9.895 9.715 9.535 9.354 9.174 8.995 8.814
7.465 7.452 7.435 7.418 7.401 7.384 7.367 7.350 7.329 7.298 7.267 7.235 7.204 7.172 7.141 7.105 7.059 7.013 6.967 6.952 6.957 6.962 6.967 6.972 7.000 7.036 7.073 7.109 7.146 7.182 7.219 7.405 7.659 7.913 8.167 8.432 8.704 8.976 9.249 9.520 9.792 10.064 10.357 10.658 10.959 11.260 11.561 11.861 12.171 12.491 12.756 12.753 12.750 12.714 12.653 12.593 12.533 12.473 12.413 12.338 12.106 11.873 11.640 11.408 11.175 10.943 10.711 10.478 10.266 10.120 9.940 9.761 9.581 9.400 9.220 9.040 8.860
7.448 7.436 7.424 7.410 7.393 7.376 7.359 7.342 7.323 7.292 7.260 7.229 7.198 7.166 7.123 7.077 7.031 6.985 6.939 6.920 6.925 6.930 6.935 6.940 6.945 6.950 6.974 7.011 7.047 7.083 7.120 7.258 7.512 7.766 8.029 8.301 8.573 8.845 9.117 9.389 9.661 9.933 10.218 10.519 10.820 11.120 11.421 11.740 12.060 12.380 12.654 12.651 12.649 12.645 12.642 12.587 12.527 12.467 12.407 12.334 12.100 11.868 11.636 11.403 11.171 10.938 10.705 10.472 10.260 10.120 9.980 9.806 9.625 9.445 9.265 9.085 8.900
7.430 7.418 7.407 7.395 7.383 7.368 7.350 7.334 7.317 7.286 7.254 7.223 7.187 7.141 7.095 7.049 7.003 6.957 6.911 6.889 6.894 6.899 6.904 6.909 6.914 6.919 6.924 6.929 6.948 6.985 7.021 7.111 7.365 7.626 7.898 8.170 8.442 8.714 8.986 9.258 9.530 9.802 10.079 10.380 10.680 10.989 11.309 11.629 11.949 12.268 12.553 12.550 12.546 12.543 12.540 12.537 12.521 12.461 12.401 12.328 12.096 11.863 11.631 11.398 11.166 10.933 10.699 10.466 10.254 10.114 9.974 9.834 9.670 9.490 9.310 9.130 8.940
7.412 7.401 7.389 7.377 7.365 7.354 7.342 7.325 7.308 7.279 7.248 7.205 7.159 7.113 7.067 7.021 6.975 6.929 6.883 6.857 6.862 6.867 6.872 6.877 6.882 6.887 6.892 6.897 6.902 6.907 6.923 6.964 7.223 7.495 7.767 8.039 8.311 8.583 8.855 9.127 9.399 9.671 9.943 10.241 10.558 10.878 11.198 11.517 11.837 12.157 12.450 12.447 12.444 12.441 12.438 12.436 12.433 12.430 12.395 12.323 12.091 11.859 11.626 11.393 11.160 10.926 10.694 10.461 10.248 10.108 9.968 9.827 9.687 9.535 9.355 9.175 8.978
7.395 7.383 7.371 7.359 7.348 7.336 7.324 7.312 7.300 7.269 7.223 7.177 7.131 7.085 7.039 6.993 6.947 6.901 6.855 6.825 6.830 6.835 6.840 6.845 6.850 6.855 6.860 6.865 6.870 6.875 6.880 6.901 7.095 7.367 7.640 7.912 8.184 8.456 8.728 9.000 9.272 9.544 9.816 10.127 10.447 10.767 11.086 11.406 11.726 12.045 12.348 12.345 12.343 12.340 12.337 12.334 12.331 12.327 12.324 12.309 12.086 11.853 11.620 11.388 11.154 10.921 10.688 10.456 10.242 10.102 9.961 9.821 9.681 9.541 9.400 9.216 9.018
7.377 7.365 7.353 7.342 7.330 7.318 7.306 7.290 7.259 7.229 7.195 7.149 7.103 7.057 7.011 6.965 6.919 6.873 6.827 6.794 6.799 6.804 6.809 6.814 6.819 6.824 6.829 6.834 6.839 6.852 6.892 6.933 7.046 7.247 7.519 7.791 8.063 8.335 8.607 8.880 9.151 9.423 9.696 10.016 10.335 10.655 10.975 11.294 11.614 11.934 12.247 12.244 12.241 12.238 12.235 12.232 12.228 12.225 12.200 12.171 12.019 11.848 11.615 11.381 11.149 10.916 10.683 10.450 10.237 10.096 9.955 9.815 9.675 9.535 9.395 9.236 9.039
7.359 7.348 7.336 7.324 7.312 7.294 7.264 7.233 7.202 7.172 7.143 7.113 7.075 7.029 6.983 6.937 6.891 6.845 6.799 6.762 6.767 6.772 6.777 6.782 6.787 6.792 6.797 6.803 6.843 6.884 6.925 6.972 7.085 7.198 7.399 7.671 7.943 8.215 8.487 8.759 9.031 9.303 9.584 9.904 10.224 10.544 10.863 11.183 11.502 11.822 12.142 12.142 12.139 12.136 12.132 12.130 12.109 12.084 12.059 12.033 11.881 11.729 11.576 11.376 11.143 10.910 10.678 10.445 10.230 10.090 9.950 9.809 9.669 9.525 9.375 9.226 9.035
7.342 7.330 7.318 7.299 7.268 7.237 7.206 7.176 7.145 7.115 7.086 7.056 7.027 6.997 6.955 6.909 6.863 6.817 6.771 6.730 6.735 6.740 6.745 6.750 6.755 6.760 6.795 6.835 6.876 6.916 6.957 7.011 7.124 7.238 7.351 7.550 7.822 8.095 8.367 8.639 8.911 9.183 9.473 9.793 10.113 10.432 10.751 11.071 11.391 11.711 12.031 12.040 12.037 12.034 12.018 11.993 11.968 11.943 11.918 11.893 11.743 11.590 11.438 11.286 11.134 10.905 10.672 10.439 10.224 10.084 9.944 9.804 9.656 9.507 9.357 9.208 9.030
7.324 7.303 7.272 7.242 7.211 7.180 7.149 7.119 7.088 7.058 7.029 6.999 6.970 6.940 6.911 6.881 6.835 6.789 6.743 6.699 6.704 6.709 6.714 6.719 6.746 6.786 6.827 6.867 6.908 6.948 6.989 7.050 7.163 7.277 7.390 7.504 7.702 7.974 8.246 8.518 8.790 9.063 9.362 9.681 10.000 10.320 10.640 10.960 11.280 11.600 11.920 11.938 11.927 11.902 11.877 11.852 11.827 11.802 11.777 11.751 11.604 11.452 11.300 11.148 10.996 10.844 10.667 10.433 10.218 10.078 9.935 9.786 9.637 9.487 9.338 9.190 9.025
7.277 7.246 7.215 7.185 7.154 7.123 7.092 7.062 7.031 7.001 6.972 6.942 6.913 6.883 6.854 6.824 6.795 6.761 6.715 6.669 6.672 6.677 6.697 6.737 6.778 6.818 6.859 6.899 6.940 6.980 7.021 7.089 7.202 7.316 7.429 7.543 7.656 7.854 8.126 8.398 8.670 8.942 9.249 9.569 9.889 10.209 10.529 10.849 11.169 11.488 11.807 11.811 11.786 11.761 11.736 11.711 11.686 11.661 11.636 11.611 11.466 11.314 11.162 11.010 10.858 10.706 10.553 10.401 10.212 10.066 9.917 9.768 9.618 9.469 9.320 9.171 9.021
7.220 7.189 7.158 7.127 7.097 7.066 7.035 7.005 6.974 6.944 6.915 6.885 6.856 6.826 6.797 6.767 6.738 6.708 6.679 6.641 6.648 6.688 6.729 6.769 6.810 6.850 6.891 6.932 6.972 7.013 7.053 7.128 7.241 7.355 7.468 7.582 7.695 7.809 8.005 8.277 8.549 8.822 9.138 9.458 9.778 10.098 10.418 10.737 11.056 11.376 11.696 11.681 11.645 11.620 11.596 11.571 11.546 11.520 11.495 11.470 11.328 11.176 11.024 10.872 10.719 10.567 10.415 10.285 10.194 10.047 9.898 9.748 9.599 9.451 9.302 9.153 9.004
7.151 7.132 7.101 7.070 7.040 7.009 6.978 6.948 6.917 6.887 6.857 6.828 6.799 6.769 6.740 6.710 6.681 6.651 6.624 6.635 6.679 6.720 6.761 6.802 6.842 6.883 6.923 6.964 7.004 7.045 7.085 7.167 7.280 7.394 7.507 7.621 7.734 7.848 7.961 8.157 8.429 8.707 9.027 9.347 9.667 9.986 10.306 10.625 10.945 11.265 11.585 11.560 11.522 11.485 11.455 11.429 11.404 11.379 11.354 11.329 11.190 11.038 10.886 10.733 10.581 10.429 10.341 10.257 10.172 10.025 9.876 9.729 9.581 9.432 9.283 9.134 8.985
7.066 7.054 7.042 7.013 6.983 6.952 6.921 6.890 6.860 6.830 6.800 6.771 6.741 6.712 6.683 6.653 6.624 6.631 6.642 6.653 6.698 6.747 6.793 6.834 6.874 6.915 6.955 6.996 7.036 7.077 7.118 7.206 7.319 7.433 7.546 7.660 7.773 7.887 8.000 8.114 8.309 8.596 8.915 9.235 9.555 9.874 10.194 10.514 10.834 11.154 11.473 11.438 11.401 11.364 11.325 11.288 11.263 11.238 11.213 11.188 11.052 10.900 10.747 10.595 10.480 10.396 10.312 10.228 10.144 10.002 9.854 9.707 9.559 9.412 9.265 9.116 8.966
6.982 6.970 6.958 6.946 6.926 6.895 6.864 6.833 6.803 6.773 6.743 6.714 6.684 6.655 6.626 6.628 6.639 6.650 6.661 6.672 6.717 6.767 6.816 6.865 6.906 6.947 6.988 7.028 7.069 7.109 7.150 7.245 7.358 7.472 7.585 7.699 7.812 7.926 8.039 8.153 8.266 8.484 8.804 9.123 9.443 9.763 10.083 10.402 10.722 11.042 11.355 11.317 11.279 11.241 11.204 11.167 11.129 11.097 11.072 11.047 10.914 10.761 10.620 10.536 10.452 10.367 10.283 10.199 10.114 9.980 9.832 9.685 9.538 9.390 9.243 9.094 8.947
6.897 6.885 6.873 6.861 6.849 6.837 6.807 6.776 6.746 6.716 6.686 6.657 6.627 6.624 6.635 6.646 6.657 6.668 6.679 6.690 6.736 6.786 6.835 6.884 6.933 6.979 7.020 7.060 7.101 7.141 7.182 7.284 7.397 7.511 7.624 7.738 7.851 7.965 8.078 8.169 8.258 8.435 8.692 9.012 9.332 9.651 9.971 10.291 10.611 10.931 11.233 11.195 11.158 11.120 11.083 11.045 11.008 10.971 10.933 10.905 10.775 10.675 10.591 10.507 10.423 10.339 10.255 10.170 10.086 9.958 9.810 9.663 9.516 9.368 9.220 9.072 8.925
6.813 6.801 6.789 6.777 6.765 6.753 6.741 6.719 6.689 6.659 6.629 6.621 6.632 6.643 6.654 6.665 6.676 6.687 6.698 6.709 6.756 6.805 6.854 6.903 6.952 7.002 7.051 7.092 7.133 7.174 7.214 7.323 7.436 7.550 7.663 7.777 7.883 7.971 8.060 8.148 8.236 8.423 8.671 8.919 9.220 9.540 9.860 10.180 10.500 10.819 11.111 11.074 11.036 10.999 10.962 10.924 10.887 10.849 10.811 10.775 10.731 10.647 10.562 10.478 10.394 10.310 10.225 10.141 10.057 9.936 9.788 9.641 9.494 9.345 9.198 9.050 8.918
6.728 6.716 6.704 6.692 6.680 6.668 6.656 6.644 6.631 6.618 6.629 6.640 6.650 6.661 6.672 6.683 6.694 6.705 6.716 6.727 6.775 6.824 6.873 6.922 6.971 7.021 7.070 7.119 7.165 7.206 7.249 7.362 7.476 7.589 7.685 7.774 7.862 7.950 8.038 8.126 8.214 8.410 8.658 8.906 9.155 9.429 9.749 10.068 10.387 10.707 10.990 10.952 10.915 10.878 10.840 10.803 10.766 10.728 10.693 10.659 10.625 10.591 10.534 10.450 10.366 10.281 10.196 10.112 10.028 9.914 9.766 9.619 9.471 9.323 9.176 9.048 8.922
6.644 6.632 6.620 6.608 6.596 6.584 6.572 6.569 6.579 6.618 6.647 6.658 6.669 6.680 6.691 6.702 6.713 6.724 6.735 6.746 6.794 6.843 6.892 6.941 6.991 7.040 7.089 7.138 7.187 7.237 7.288 7.399 7.488 7.576 7.664 7.752 7.840 7.928 8.017 8.105 8.193 8.398 8.646 8.894 9.142 9.390 9.638 9.956 10.276 10.596 10.868 10.831 10.794 10.756 10.719 10.681 10.646 10.612 10.577 10.542 10.508 10.474 10.440 10.406 10.336 10.252 10.168 10.084 10.000 9.892 9.744 9.596 9.449 9.304 9.178 9.052 8.926
6.559 6.547 6.535 6.523 6.511 6.510 6.521 6.531 6.541 6.580 6.627 6.674 6.687 6.698 6.709 6.720 6.731 6.742 6.753 6.764 6.813 6.862 6.911 6.961 7.010 7.059 7.108 7.157 7.207 7.256 7.308 7.378 7.466 7.554 7.642 7.731 7.819 7.907 7.995 8.083 8.171 8.386 8.634 8.882 9.129 9.377 9.625 9.874 10.165 10.485 10.747 10.710 10.672 10.634 10.599 10.565 10.530 10.495 10.460 10.426 10.392 10.358 10.323 10.289 10.255 10.222 10.139 10.055 9.971 9.870 9.722 9.574 9.434 9.308 9.182 9.056 8.930
6.475 6.463 6.451 6.452 6.462 6.472 6.482 6.492 6.502 6.543 6.590 6.637 6.684 6.717 6.728 6.739 6.750 6.761 6.772 6.783 6.832 6.881 6.931 6.980 7.029 7.078 7.127 7.177 7.228 7.280 7.332 7.388 7.445 7.533 7.621 7.709 7.797 7.885 7.974 8.062 8.150 8.373 8.621 8.869 9.117 9.365 9.613 9.861 10.110 10.373 10.626 10.587 10.552 10.518 10.483 10.448 10.413 10.379 10.344 10.309 10.275 10.240 10.207 10.173 10.139 10.105 10.071 10.026 9.942 9.847 9.700 9.563 9.437 9.311 9.185 9.059 8.933
6.390 6.393 6.403 6.413 6.423 6.434 6.444 6.454 6.464 6.505 6.552 6.599 6.646 6.693 6.740 6.757 6.768 6.779 6.790 6.802 6.851 6.900 6.950 6.999 7.048 7.097 7.149 7.200 7.252 7.303 7.356 7.411 7.467 7.522 7.599 7.687 7.776 7.864 7.952 8.040 8.128 8.361 8.609 8.857 9.105 9.353 9.601 9.849 10.097 10.345 10.506 10.471 10.436 10.401 10.366 10.332 10.297 10.262 10.227 10.192 10.158 10.124 10.090 10.056 10.022 9.989 9.955 9.921 9.886 9.825 9.693 9.567 9.441 9.315 9.189 9.063 8.936
6.344 6.354 6.365 6.375 6.385 6.395 6.405 6.415 6.426 6.467 6.514 6.561 6.608 6.655 6.702 6.749 6.787 6.798 6.809 6.821 6.870 6.920 6.969 7.018 7.069 7.121 7.172 7.224 7.275 7.327 7.379 7.435 7.490 7.546 7.601 7.666 7.754 7.842 7.931 8.019 8.107 8.348 8.596 8.844 9.093 9.341 9.589 9.837 10.046 10.244 10.391 10.355 10.319 10.285 10.250 10.215 10.180 10.145 10.110 10.075 10.041 10.007 9.974 9.940 9.906 9.872 9.837 9.804 9.785 9.801 9.690 9.571 9.445 9.319 9.193 9.066 8.940
6.306 6.316 6.326 6.336 6.346 6.357 6.367 6.377 6.387 6.430 6.477 6.524 6.571 6.618 6.665 6.712 6.759 6.806 6.827 6.840 6.889 6.939 6.990 7.041 7.093 7.144 7.196 7.247 7.299 7.350 7.403 7.458 7.514 7.569 7.625 7.681 7.736 7.821 7.909 7.997 8.088 8.336 8.584 8.832 9.080 9.329 9.537 9.736 9.934 10.132 10.276 10.240 10.204 10.169 10.134 10.099 10.063 10.028 9.994 9.959 9.925 9.891 9.857 9.823 9.790 9.755 9.721 9.738 9.755 9.773 9.664 9.553 9.442 9.323 9.196 9.069 8.943
6.267 6.277 6.288 6.298 6.308 6.318 6.328 6.338 6.349 6.392 6.439 6.486 6.533 6.580 6.627 6.674 6.721 6.768 6.815 6.859 6.911 6.962 7.014 7.065 7.116 7.168 7.219 7.271 7.322 7.373 7.426 7.482 7.537 7.593 7.649 7.704 7.760 7.815 7.888 7.976 8.075 8.323 8.572 8.820 9.029 9.227 9.425 9.623 9.821 10.019 10.161 10.125 10.090 10.054 10.017 9.981 9.947 9.912 9.877 9.842 9.808 9.774 9.741 9.706 9.672 9.673 9.691 9.708 9.726 9.744 9.638 9.527 9.416 9.303 9.192 9.073 8.947
6.257 6.239 6.249 6.259 6.269 6.280 6.290 6.300 6.310 6.354 6.401 6.448 6.495 6.542 6.589 6.636 6.683 6.730 6.796 6.863 6.929 6.986 7.037 7.088 7.140 7.191 7.243 7.294 7.345 7.397 7.450 7.505 7.561 7.617 7.672 7.728 7.783 7.839 7.894 7.954 8.063 8.311 8.520 8.718 8.916 9.114 9.312 9.511 9.709 9.907 10.046 10.011 9.974 9.938 9.902 9.866 9.831 9.795 9.761 9.726 9.692 9.658 9.623 9.608 9.626 9.643 9.661 9.679 9.697 9.714 9.612 9.500 9.389 9.277 9.166 9.055 8.944
6.276 6.249 6.221 6.221 6.231 6.241 6.251 6.262 6.272 6.317 6.364 6.411 6.458 6.505 6.552 6.599 6.663 6.730 6.797 6.865 6.930 6.996 7.060 7.112 7.163 7.215 7.266 7.317 7.369 7.420 7.473 7.529 7.585 7.640 7.696 7.751 7.807 7.862 7.918 7.974 8.037 8.209 8.408 8.606 8.804 9.002 9.200 9.398 9.596 9.794 9.930 9.895 9.859 9.823 9.787 9.752 9.716 9.680 9.644 9.610 9.574 9.543 9.561 9.579 9.596 9.614 9.632 9.649 9.667 9.684 9.585 9.474 9.362 9.251 9.140 9.029 8.918
6.296 6.268 6.240 6.212 6.192 6.203 6.213 6.223 6.233 6.279 6.326 6.373 6.420 6.467 6.529 6.597 6.664 6.732 6.799 6.866 6.932 6.998 7.064 7.130 7.187 7.238 7.289 7.341 7.392 7.444 7.497 7.553 7.608 7.664 7.719 7.775 7.831 7.886 7.940 7.994 8.058 8.167 8.295 8.493 8.691 8.889 9.087 9.286 9.483 9.681 9.816 9.780 9.744 9.708 9.673 9.637 9.601 9.565 9.528 9.493 9.496 9.514 9.531 9.549 9.567 9.584 9.602 9.620 9.637 9.654 9.559 9.448 9.336 9.225 9.114 9.003 8.892
6.315 6.287 6.259 6.231 6.204 6.176 6.174 6.185 6.195 6.242 6.288 6.336 6.396 6.464 6.531 6.598 6.666 6.733 6.801 6.868 6.934 7.000 7.065 7.131 7.197 7.262 7.313 7.364 7.416 7.467 7.521 7.576 7.632 7.687 7.743 7.799 7.853 7.906 7.960 8.014 8.079 8.188 8.297 8.406 8.578 8.776 8.974 9.172 9.370 9.568 9.701 9.665 9.629 9.594 9.558 9.522 9.485 9.449 9.462 9.511 9.516 9.489 9.502 9.520 9.537 9.555 9.572 9.589 9.607 9.625 9.533 9.422 9.310 9.199 9.088 8.977 8.865
6.334 6.306 6.279 6.251 6.223 6.195 6.167 6.146 6.157 6.204 6.263 6.330 6.398 6.465 6.533 6.600 6.667 6.735 6.802 6.869 6.935 7.001 7.067 7.133 7.199 7.265 7.330 7.388 7.439 7.491 7.544 7.600 7.655 7.711 7.765 7.819 7.873 7.926 7.980 8.034 8.100 8.209 8.318 8.427 8.536 8.664 8.862 9.060 9.258 9.456 9.586 9.550 9.514 9.479 9.442 9.406 9.403 9.453 9.502 9.552 9.556 9.529 9.503 9.490 9.507 9.525 9.542 9.560 9.578 9.595 9.507 9.396 9.284 9.173 9.062 8.950 8.839
6.354 6.326 6.298 6.270 6.242 6.214 6.186 6.159 6.130 6.197 6.264 6.332 6.399 6.467 6.534 6.602 6.669 6.736 6.804 6.871 6.937 7.003 7.069 7.134 7.200 7.266 7.332 7.398 7.463 7.514 7.568 7.623 7.678 7.732 7.785 7.839 7.893 7.947 8.000 8.054 8.121 8.230 8.339 8.448 8.557 8.665 8.774 8.947 9.145 9.343 9.471 9.435 9.399 9.363 9.345 9.394 9.444 9.493 9.542 9.592 9.596 9.569 9.542 9.515 9.489 9.495 9.513 9.531 9.548 9.566 9.481 9.370 9.258 9.147 9.035 8.924 8.836
6.373 6.345 6.317 6.289 6.261 6.234 6.203 6.167 6.136 6.201 6.266 6.333 6.401 6.468 6.536 6.603 6.671 6.738 6.805 6.873 6.939 7.004 7.070 7.136 7.202 7.268 7.334 7.400 7.465 7.531 7.590 7.644 7.698 7.752 7.805 7.859 7.913 7.967 8.020 8.074 8.142 8.251 8.360 8.469 8.578 8.686 8.795 8.905 9.033 9.231 9.355 9.320 9.286 9.335 9.385 9.434 9.484 9.533 9.583 9.632 9.635 9.608 9.582 9.555 9.529 9.503 9.483 9.501 9.519 9.537 9.455 9.342 9.231 9.120 9.028 8.952 8.876
6.392 6.364 6.336 6.308 6.278 6.243 6.208 6.172 6.142 6.207 6.271 6.336 6.402 6.470 6.537 6.605 6.672 6.740 6.807 6.874 6.940 7.006 7.072 7.138 7.204 7.269 7.335 7.401 7.468 7.536 7.601 7.664 7.718 7.772 7.825 7.879 7.933 7.987 8.040 8.094 8.163 8.272 8.381 8.490 8.599 8.707 8.816 8.925 9.034 9.143 9.241 9.277 9.326 9.376 9.425 9.474 9.524 9.573 9.622 9.671 9.675 9.648 9.622 9.595 9.569 9.543 9.516 9.490 9.489 9.506 9.428 9.316 9.221 9.145 9.068 8.992 8.916
