includes/overflow_coast_v/floodfiles/results/res-0011.wd
ncols         631
nrows         906
xllcorner     364927.146600
yllcorner     6531972.565600
cellsize      20.000000
NODATA_value  -9999.000000
[rows 306 to 339 of 906, columns 385 to 461 of 631]
0.000 0.000 0.000 0.012 0.042 0.000 0.012 0.000 0.000 0.001 0.106 0.106 0.000 0.072 0.000 0.000 0.080 0.160 0.180 0.000 0.000 0.000 0.000 0.000 0.000 0.000 0.000 0.000 0.000 0.000 0.000 0.000 0.083 0.000 0.002 0.084 0.000 0.000 0.036 0.000 0.000 0.000 0.000 0.000 0.070 0.002 0.022 0.000 0.000 0.000 0.001 0.000 0.000 0.539 0.000 0.028 0.025 0.022 0.018 0.016 0.016 0.017 0.017 0.017 0.017 0.016 0.016 0.015 0.014 0.014 0.012 0.011 0.011 0.011 0.011 0.011 0.011
0.101 0.000 0.000 0.000 0.000 0.044 0.000 0.000 0.000 0.003 0.026 0.056 0.000 0.000 0.000 0.021 0.000 0.000 0.170 0.000 0.000 0.000 0.111 0.000 0.000 0.000 0.000 0.082 0.002 0.000 0.001 0.000 0.000 0.031 0.000 0.084 0.002 0.146 0.000 0.005 0.000 0.130 0.190 0.024 0.042 0.082 0.162 0.000 0.000 0.000 0.031 0.000 0.052 0.000 0.000 0.028 0.027 0.025 0.022 0.018 0.017 0.017 0.017 0.017 0.016 0.016 0.015 0.014 0.014 0.012 0.011 0.010 0.010 0.010 0.010 0.010 0.011
0.000 0.021 0.000 0.000 0.004 0.024 0.064 0.001 0.002 0.045 0.000 0.003 0.000 0.000 0.001 0.000 0.000 0.064 0.004 0.014 0.201 0.006 0.000 0.000 0.061 0.000 0.000 0.000 0.000 0.000 0.000 0.000 0.000 0.000 0.000 0.000 0.000 0.026 0.144 0.104 0.016 0.010 0.010 0.000 0.000 0.022 0.000 0.012 0.000 0.011 0.000 0.051 0.000 0.589 0.000 0.000 0.029 0.030 0.027 0.023 0.017 0.017 0.017 0.016 0.016 0.015 0.014 0.013 0.013 0.011 0.010 0.010 0.010 0.010 0.010 0.010 0.010
0.000 0.000 0.000 0.000 0.001 0.000 0.000 0.000 0.000 0.000 0.037 0.057 0.004 0.003 0.019 0.006 0.005 0.000 0.000 0.000 0.000 0.083 0.093 0.113 0.000 0.000 0.000 0.000 0.002 0.000 0.000 0.000 0.022 0.001 0.159 0.069 0.129 0.027 0.016 0.044 0.000 0.060 0.000 0.000 0.000 0.000 0.012 0.062 0.000 0.000 0.000 0.000 0.002 0.042 0.000 0.000 0.000 0.036 0.032 0.028 0.022 0.017 0.016 0.016 0.015 0.014 0.013 0.012 0.011 0.010 0.009 0.009 0.009 0.010 0.010 0.010 0.010
0.000 0.041 0.121 0.000 0.000 0.000 0.000 0.021 0.000 0.022 0.000 0.000 0.000 0.000 0.000 0.021 0.031 0.000 0.000 0.027 0.000 0.000 0.053 0.008 0.167 0.237 0.377 0.137 0.067 0.177 0.177 0.000 0.000 0.000 0.003 0.007 0.000 0.003 0.003 0.000 0.001 0.000 0.000 0.111 0.000 0.000 0.000 0.000 0.051 0.000 0.000 0.000 0.000 0.000 0.000 0.000 0.049 0.042 0.036 0.030 0.025 0.018 0.015 0.014 0.014 0.013 0.012 0.011 0.010 0.009 0.009 0.009 0.009 0.009 0.010 0.010 0.010
0.000 0.000 0.000 0.000 0.000 0.000 0.041 0.000 0.000 0.000 0.000 0.000 0.001 0.096 0.036 0.008 0.000 0.086 0.066 0.007 0.013 0.030 0.015 0.009 0.006 0.000 0.000 0.000 0.087 0.000 0.003 0.174 0.013 0.043 0.000 0.046 0.000 0.000 0.009 0.000 0.000 0.000 0.000 0.000 0.000 0.000 0.000 0.000 0.000 0.000 0.000 0.000 0.000 0.591 0.011 0.000 0.049 0.043 0.037 0.031 0.026 0.021 0.014 0.013 0.013 0.012 0.011 0.010 0.009 0.008 0.008 0.009 0.009 0.009 0.009 0.010 0.010
0.000 0.002 0.062 0.042 0.000 0.000 0.000 0.000 0.021 0.000 0.000 0.003 0.001 0.001 0.126 0.036 0.126 0.008 0.000 0.088 0.016 0.000 0.001 0.000 0.000 0.000 0.000 0.000 0.046 0.094 0.164 0.000 0.030 0.000 0.330 0.019 0.000 0.084 0.011 0.124 0.012 0.108 0.035 0.032 0.040 0.025 0.000 0.000 0.000 0.000 0.000 0.000 0.000 0.000 0.000 0.061 0.053 0.043 0.036 0.030 0.026 0.022 0.017 0.012 0.012 0.011 0.010 0.009 0.008 0.008 0.008 0.008 0.009 0.009 0.010 0.010 0.011
0.000 0.000 0.000 0.000 0.000 0.000 0.000 0.031 0.000 0.000 0.023 0.001 0.104 0.001 0.000 0.026 0.066 0.000 0.000 0.000 0.000 0.012 0.052 0.000 0.000 0.032 0.000 0.000 0.206 0.000 0.014 0.090 0.090 0.250 0.395 0.180 0.100 0.025 0.000 0.430 0.000 0.000 0.000 0.455 0.000 0.015 0.034 0.042 0.063 0.093 0.092 0.088 0.082 0.076 0.069 0.062 0.055 0.000 0.000 0.000 0.027 0.023 0.019 0.013 0.010 0.010 0.009 0.008 0.007 0.007 0.008 0.008 0.009 0.009 0.010 0.010 0.011
0.000 0.000 0.000 0.002 0.142 0.000 0.000 0.000 0.024 0.000 0.001 0.002 0.003 0.000 0.026 0.066 0.006 0.000 0.032 0.032 0.000 0.000 0.000 0.002 0.042 0.042 0.000 0.000 0.000 0.000 0.000 0.000 0.000 0.010 0.000 0.090 0.010 0.000 0.000 0.446 0.034 0.274 0.000 0.015 0.000 0.000 0.000 0.000 0.083 0.000 0.089 0.086 0.000 0.003 0.067 0.063 0.000 0.000 0.000 0.033 0.028 0.024 0.020 0.016 0.009 0.008 0.008 0.007 0.007 0.007 0.008 0.008 0.009 0.009 0.010 0.011 0.011
0.000 0.000 0.000 0.000 0.022 0.000 0.001 0.000 0.054 0.024 0.014 0.000 0.001 0.053 0.000 0.016 0.000 0.000 0.000 0.000 0.000 0.000 0.034 0.001 0.062 0.000 0.001 0.124 0.002 0.013 0.053 0.000 0.002 0.070 0.009 0.010 0.000 0.000 0.000 0.000 0.000 0.000 0.000 0.026 0.000 0.000 0.073 0.679 0.002 0.001 0.000 0.002 0.008 0.054 0.000 0.061 0.006 0.003 0.035 0.031 0.027 0.024 0.020 0.017 0.012 0.007 0.006 0.006 0.007 0.007 0.008 0.008 0.009 0.010 0.010 0.011 0.012
0.000 0.000 0.000 0.000 0.000 0.001 0.000 0.001 0.002 0.000 0.000 0.012 0.000 0.002 0.002 0.001 0.075 0.155 0.000 0.103 0.001 0.000 0.001 0.092 0.072 0.005 0.002 0.054 0.000 0.002 0.083 0.083 0.000 0.000 0.036 0.000 0.000 0.021 0.000 0.100 0.090 0.022 0.176 0.029 0.000 0.000 0.000 0.000 0.017 0.000 0.019 0.089 0.004 0.572 0.016 0.005 0.538 0.000 0.003 0.003 0.026 0.024 0.021 0.018 0.014 0.007 0.006 0.006 0.007 0.007 0.008 0.009 0.009 0.010 0.011 0.011 0.012
0.000 0.000 0.000 0.000 0.000 0.000 0.012 0.000 0.004 0.054 0.000 0.000 0.000 0.000 0.000 0.000 0.045 0.045 0.002 0.001 0.000 0.004 0.002 0.000 0.004 0.027 0.186 0.024 0.044 0.002 0.000 0.010 0.004 0.026 0.015 0.039 0.000 0.000 0.021 0.220 0.587 0.000 0.633 0.000 0.001 0.000 0.110 0.040 0.004 0.007 0.004 0.601 0.000 0.000 0.023 0.000 0.018 0.539 0.010 0.008 0.000 0.021 0.020 0.016 0.012 0.006 0.006 0.006 0.007 0.008 0.009 0.009 0.010 0.011 0.011 0.012 0.012
0.000 0.000 0.000 0.000 0.000 0.000 0.032 0.001 0.001 0.000 0.000 0.102 0.000 0.031 0.000 0.000 0.000 0.000 0.005 0.044 0.024 0.034 0.023 0.008 0.102 0.000 0.005 0.094 0.064 0.000 0.048 0.000 0.003 0.002 0.000 0.028 0.015 0.009 0.019 0.004 0.000 0.046 0.106 0.003 0.000 0.000 0.701 0.080 0.000 0.000 0.000 0.009 0.059 0.000 0.566 0.000 0.039 0.000 0.511 0.004 0.471 0.001 0.021 0.016 0.009 0.006 0.007 0.007 0.007 0.008 0.009 0.010 0.010 0.011 0.011 0.012 0.012
0.000 0.000 0.000 0.000 0.000 0.000 0.102 0.012 0.000 0.000 0.061 0.000 0.000 0.000 0.021 0.000 0.002 0.003 0.038 0.000 0.054 0.003 0.000 0.000 0.000 0.000 0.000 0.000 0.054 0.015 0.088 0.025 0.015 0.089 0.059 0.048 0.066 0.018 0.075 0.000 0.000 0.017 0.005 0.593 0.009 0.000 0.130 0.000 0.000 0.000 0.062 0.000 0.000 0.070 0.038 0.053 0.052 0.000 0.498 0.000 0.000 0.033 0.023 0.015 0.008 0.007 0.007 0.008 0.008 0.009 0.010 0.010 0.011 0.011 0.012 0.012 0.012
0.000 0.000 0.000 0.000 0.000 0.011 0.000 0.082 0.000 0.000 0.051 0.000 0.000 0.000 0.000 0.027 0.003 0.003 0.001 0.001 0.000 0.036 0.001 0.000 0.000 0.011 0.000 0.000 0.017 0.000 0.017 0.025 0.000 0.000 0.000 0.000 0.246 0.000 0.010 0.000 0.003 0.012 0.007 0.003 0.062 0.031 0.070 0.001 0.062 0.000 0.000 0.016 0.026 0.080 0.039 0.000 0.000 0.000 0.000 0.000 0.034 0.027 0.017 0.009 0.008 0.006 0.007 0.009 0.009 0.010 0.010 0.011 0.011 0.012 0.012 0.012 0.012
0.000 0.000 0.000 0.000 0.000 0.111 0.031 0.000 0.000 0.042 0.000 0.032 0.001 0.006 0.003 0.005 0.000 0.000 0.000 0.001 0.002 0.004 0.002 0.006 0.025 0.000 0.000 0.000 0.006 0.000 0.000 0.015 0.000 0.003 0.002 0.166 0.036 0.003 0.066 0.006 0.000 0.012 0.000 0.010 0.072 0.041 0.080 0.002 0.000 0.030 0.026 0.016 0.011 0.015 0.049 0.007 0.513 0.000 0.003 0.000 0.026 0.022 0.000 0.000 0.011 0.000 0.008 0.010 0.010 0.010 0.011 0.011 0.012 0.012 0.012 0.012 0.012
0.000 0.000 0.000 0.000 0.000 0.041 0.000 0.071 0.021 0.000 0.000 0.000 0.025 0.004 0.000 0.055 0.000 0.000 0.000 0.084 0.000 0.055 0.000 0.000 0.075 0.125 0.002 0.074 0.013 0.000 0.111 0.000 0.000 0.245 0.000 0.076 0.276 0.000 0.035 0.044 0.018 0.011 0.228 0.010 0.000 0.002 0.180 0.036 0.153 0.093 0.040 0.000 0.000 0.045 0.002 0.000 0.500 0.020 0.003 0.030 0.023 0.019 0.016 0.013 0.012 0.013 0.012 0.011 0.011 0.012 0.011 0.011 0.012 0.012 0.012 0.012 0.012
0.000 0.000 0.000 0.000 0.000 0.000 0.000 0.000 0.000 0.005 0.000 0.093 0.001 0.001 0.000 0.000 0.000 0.026 0.016 0.002 0.055 0.001 0.001 0.002 0.000 0.000 0.182 0.007 0.008 0.000 0.000 0.000 0.035 0.065 0.000 0.000 0.096 0.096 0.007 0.000 0.003 0.042 0.000 0.009 0.007 0.000 0.030 0.048 0.000 0.000 0.039 0.049 0.000 0.000 0.002 0.002 0.003 0.002 0.000 0.020 0.016 0.012 0.014 0.011 0.010 0.010 0.011 0.011 0.012 0.012 0.012 0.012 0.012 0.012 0.011 0.012 0.012
0.000 0.000 0.000 0.000 0.000 0.000 0.000 0.105 0.055 0.005 0.204 0.001 0.013 0.000 0.000 0.115 0.002 0.106 0.000 0.000 0.001 0.001 0.000 0.008 0.014 0.012 0.009 0.000 0.000 0.021 0.000 0.072 0.000 0.000 0.103 0.002 0.026 0.004 0.055 0.010 0.127 0.000 0.000 0.000 0.019 0.015 0.016 0.000 0.000 0.005 0.576 0.000 0.058 0.058 0.015 0.000 0.000 0.465 0.461 0.004 0.015 0.000 0.021 0.000 0.009 0.008 0.010 0.011 0.012 0.013 0.013 0.012 0.011 0.011 0.011 0.011 0.012
0.000 0.000 0.000 0.000 0.000 0.000 0.000 0.000 0.005 0.000 0.000 0.000 0.000 0.003 0.002 0.002 0.000 0.000 0.000 0.082 0.001 0.032 0.000 0.002 0.002 0.000 0.019 0.000 0.000 0.041 0.000 0.000 0.000 0.083 0.033 0.000 0.000 0.070 0.000 0.001 0.207 0.000 0.000 0.021 0.030 0.019 0.000 0.078 0.088 0.003 0.089 0.068 0.008 0.038 0.012 0.066 0.457 0.045 0.055 0.008 0.002 0.026 0.025 0.000 0.013 0.000 0.010 0.012 0.013 0.013 0.013 0.012 0.011 0.010 0.010 0.011 0.013
0.000 0.000 0.000 0.000 0.000 0.000 0.000 0.000 0.075 0.000 0.042 0.032 0.000 0.013 0.013 0.000 0.092 0.001 0.000 0.062 0.000 0.000 0.127 0.177 0.000 0.000 0.000 0.021 0.111 0.000 0.000 0.021 0.000 0.001 0.083 0.013 0.031 0.007 0.017 0.003 0.257 0.026 0.010 0.006 0.060 0.070 0.000 0.038 0.001 0.001 0.049 0.000 0.000 0.001 0.000 0.036 0.016 0.016 0.000 0.000 0.000 0.008 0.021 0.018 0.015 0.016 0.015 0.013 0.013 0.014 0.013 0.011 0.010 0.009 0.009 0.011 0.014
0.000 0.000 0.000 0.000 0.000 0.000 0.000 0.000 0.000 0.000 0.000 0.001 0.042 0.000 0.000 0.000 0.022 0.000 0.011 0.000 0.014 0.014 0.001 0.027 0.037 0.000 0.000 0.000 0.000 0.021 0.000 0.001 0.003 0.002 0.002 0.044 0.002 0.117 0.037 0.004 0.000 0.000 0.000 0.000 0.031 0.011 0.002 0.000 0.026 0.000 0.006 0.442 0.042 0.000 0.000 0.000 0.000 0.000 0.000 0.000 0.000 0.020 0.000 0.010 0.010 0.012 0.015 0.012 0.013 0.014 0.011 0.009 0.008 0.008 0.009 0.012 0.016
0.000 0.000 0.000 0.000 0.000 0.000 0.000 0.000 0.000 0.000 0.000 0.000 0.000 0.000 0.032 0.000 0.000 0.000 0.000 0.000 0.000 0.002 0.000 0.008 0.000 0.000 0.000 0.052 0.000 0.000 0.000 0.002 0.001 0.000 0.000 0.003 0.000 0.018 0.000 0.038 0.028 0.078 0.000 0.002 0.007 0.042 0.102 0.072 0.004 0.072 0.004 0.008 0.020 0.123 0.000 0.000 0.000 0.000 0.440 0.045 0.022 0.082 0.446 0.000 0.001 0.011 0.017 0.000 0.013 0.016 0.000 0.003 0.005 0.007 0.010 0.014 0.018
0.000 0.000 0.000 0.000 0.000 0.000 0.000 0.000 0.000 0.000 0.000 0.000 0.000 0.000 0.003 0.000 0.000 0.000 0.003 0.000 0.004 0.002 0.000 0.048 0.000 0.000 0.000 0.000 0.175 0.175 0.025 0.003 0.000 0.135 0.000 0.003 0.005 0.018 0.002 0.001 0.018 0.006 0.002 0.092 0.051 0.006 0.092 0.000 0.062 0.052 0.000 0.050 0.000 0.113 0.113 0.063 0.002 0.000 0.056 0.045 0.063 0.027 0.010 0.010 0.004 0.013 0.016 0.017 0.018 0.000 0.009 0.000 0.005 0.008 0.013 0.017 0.022
0.000 0.000 0.000 0.000 0.000 0.000 0.000 0.000 0.000 0.000 0.000 0.031 0.000 0.000 0.000 0.000 0.000 0.001 0.033 0.000 0.001 0.000 0.093 0.002 0.012 0.000 0.061 0.000 0.000 0.000 0.000 0.000 0.018 0.005 0.019 0.159 0.000 0.000 0.002 0.139 0.000 0.002 0.002 0.023 0.000 0.072 0.022 0.012 0.000 0.000 0.004 0.004 0.005 0.005 0.000 0.015 0.035 0.069 0.068 0.000 0.083 0.009 0.028 0.010 0.006 0.014 0.018 0.000 0.000 0.000 0.004 0.006 0.007 0.010 0.016 0.022 0.026
0.000 0.000 0.000 0.000 0.000 0.000 0.000 0.000 0.000 0.000 0.000 0.000 0.021 0.000 0.000 0.000 0.032 0.000 0.000 0.051 0.000 0.000 0.053 0.073 0.000 0.071 0.000 0.000 0.000 0.041 0.000 0.017 0.005 0.000 0.039 0.149 0.019 0.000 0.003 0.049 0.004 0.010 0.050 0.007 0.000 0.000 0.042 0.001 0.003 0.037 0.005 0.000 0.000 0.000 0.009 0.379 0.047 0.001 0.078 0.012 0.053 0.006 0.000 0.000 0.380 0.000 0.013 0.000 0.003 0.005 0.004 0.006 0.007 0.012 0.019 0.025 0.030
0.000 0.000 0.000 0.000 0.000 0.000 0.000 0.000 0.000 0.000 0.000 0.000 0.000 0.000 0.000 0.000 0.001 0.052 0.000 0.000 0.041 0.001 0.001 0.000 0.000 0.071 0.000 0.000 0.000 0.000 0.077 0.027 0.000 0.000 0.039 0.000 0.000 0.000 0.049 0.000 0.000 0.000 0.020 0.030 0.020 0.000 0.000 0.000 0.000 0.001 0.001 0.001 0.082 0.000 0.049 0.000 0.008 0.105 0.000 0.014 0.000 0.020 0.444 0.000 0.000 0.000 0.006 0.000 0.000 0.003 0.000 0.005 0.005 0.010 0.019 0.026 0.030
0.000 0.000 0.000 0.000 0.000 0.000 0.000 0.000 0.000 0.000 0.000 0.000 0.000 0.000 0.000 0.000 0.000 0.000 0.000 0.000 0.000 0.000 0.002 0.000 0.152 0.000 0.000 0.000 0.001 0.034 0.002 0.000 0.000 0.000 0.000 0.000 0.018 0.006 0.090 0.000 0.021 0.000 0.000 0.000 0.000 0.000 0.004 0.012 0.013 0.013 0.000 0.000 0.000 0.056 0.000 0.087 0.000 0.427 0.003 0.029 0.059 0.000 0.040 0.020 0.000 0.000 0.000 0.002 0.015 0.000 0.007 0.006 0.005 0.010 0.021 0.029 0.032
0.000 0.000 0.000 0.000 0.000 0.000 0.000 0.000 0.000 0.000 0.000 0.000 0.000 0.000 0.022 0.032 0.000 0.000 0.001 0.000 0.000 0.000 0.000 0.000 0.072 0.000 0.000 0.000 0.063 0.000 0.000 0.000 0.013 0.002 0.002 0.018 0.088 0.028 0.000 0.000 0.000 0.000 0.000 0.013 0.163 0.001 0.000 0.012 0.001 0.055 0.014 0.000 0.047 0.036 0.023 0.097 0.036 0.055 0.025 0.007 0.003 0.000 0.080 0.000 0.000 0.000 0.000 0.005 0.003 0.008 0.006 0.006 0.000 0.010 0.025 0.033 0.037
0.000 0.000 0.000 0.000 0.000 0.000 0.000 0.000 0.000 0.000 0.000 0.000 0.000 0.000 0.000 0.000 0.000 0.000 0.000 0.000 0.000 0.000 0.021 0.000 0.000 0.000 0.000 0.000 0.000 0.000 0.071 0.000 0.023 0.000 0.000 0.002 0.068 0.028 0.000 0.068 0.004 0.010 0.000 0.133 0.000 0.000 0.000 0.006 0.002 0.065 0.011 0.013 0.118 0.000 0.000 0.000 0.026 0.015 0.105 0.000 0.016 0.000 0.003 0.093 0.000 0.043 0.093 0.000 0.424 0.000 0.000 0.001 0.098 0.000 0.031 0.035 0.034
0.000 0.000 0.000 0.000 0.000 0.000 0.000 0.000 0.000 0.000 0.000 0.000 0.000 0.000 0.000 0.000 0.021 0.000 0.000 0.000 0.000 0.000 0.000 0.000 0.000 0.000 0.001 0.000 0.000 0.000 0.000 0.000 0.000 0.001 0.002 0.006 0.000 0.000 0.000 0.004 0.002 0.015 0.000 0.000 0.012 0.035 0.010 0.063 0.002 0.002 0.003 0.000 0.001 0.123 0.000 0.012 0.000 0.006 0.000 0.000 0.026 0.106 0.036 0.000 0.083 0.063 0.000 0.047 0.060 0.010 0.382 0.003 0.080 0.000 0.038 0.036 0.031
0.000 0.000 0.000 0.000 0.000 0.000 0.000 0.000 0.000 0.000 0.000 0.000 0.000 0.000 0.000 0.000 0.000 0.000 0.000 0.000 0.000 0.031 0.000 0.000 0.000 0.000 0.000 0.051 0.000 0.000 0.006 0.035 0.025 0.002 0.015 0.000 0.051 0.000 0.000 0.004 0.000 0.024 0.073 0.022 0.006 0.000 0.000 0.000 0.002 0.095 0.000 0.093 0.000 0.002 0.000 0.000 0.032 0.000 0.000 0.000 0.000 0.000 0.000 0.008 0.103 0.123 0.030 0.032 0.069 0.025 0.000 0.056 0.062 0.061 0.047 0.036 0.027
0.000 0.000 0.000 0.000 0.000 0.000 0.000 0.000 0.000 0.000 0.000 0.000 0.000 0.000 0.000 0.000 0.000 0.000 0.000 0.000 0.000 0.000 0.000 0.000 0.000 0.000 0.000 0.000 0.004 0.001 0.002 0.000 0.000 0.000 0.000 0.000 0.000 0.000 0.009 0.006 0.000 0.000 0.013 0.000 0.001 0.046 0.026 0.056 0.066 0.000 0.073 0.053 0.000 0.001 0.000 0.012 0.000 0.000 0.022 0.000 0.327 0.040 0.030 0.090 0.037 0.113 0.400 0.045 0.015 0.098 0.000 0.045 0.048 0.047 0.036 0.025 0.018
0.000 0.000 0.000 0.000 0.000 0.000 0.000 0.000 0.000 0.000 0.000 0.000 0.000 0.000 0.000 0.000 0.000 0.000 0.000 0.031 0.000 0.000 0.000 0.000 0.000 0.000 0.000 0.000 0.014 0.000 0.000 0.000 0.000 0.000 0.000 0.002 0.002 0.002 0.021 0.002 0.000 0.000 0.000 0.194 0.001 0.001 0.026 0.056 0.000 0.131 0.000 0.000 0.000 0.000 0.122 0.000 0.000 0.000 0.000 0.000 0.000 0.011 0.041 0.060 0.050 0.008 0.382 0.052 0.013 0.068 0.062 0.050 0.041 0.041 0.000 0.000 0.003
