includes/overflow_coast_v/floodfiles/results/res-0008.wdfp
ncols         631
nrows         906
xllcorner     364927.146600
yllcorner     6531972.565600
cellsize      20.000000
NODATA_value  -9999.000000
[rows 578 to 611 of 906, columns 539 to 615 of 631]
2.821 2.868 2.916 2.963 3.036 3.245 3.185 3.092 3.116 3.168 3.221 3.273 3.326 3.378 3.431 3.483 3.536 3.588 3.641 3.693 3.750 3.813 3.875 3.937 3.999 4.062 4.124 4.186 4.299 4.490 4.682 4.873 5.065 5.253 5.369 5.485 5.601 5.717 5.833 5.950 6.066 6.182 6.242 6.283 6.324 6.365 6.321 6.211 6.005 5.767 5.530 5.292 5.055 4.818 4.580 4.343 4.105 3.868 3.842 3.839 3.848 3.887 3.926 3.965 4.004 4.043 4.082 4.121 4.160 4.143 4.081 4.018 3.955 3.892 3.829 3.765 3.702
2.897 2.945 2.992 3.039 3.086 3.143 3.196 3.249 3.301 3.354 3.406 3.459 3.511 3.564 3.616 3.669 3.721 3.774 3.826 3.879 3.937 3.999 4.061 4.123 4.186 4.248 4.310 4.373 4.435 4.497 4.682 4.874 5.065 5.240 5.356 5.472 5.588 5.705 5.821 5.904 5.946 5.987 6.028 6.069 6.110 6.151 6.076 5.966 5.856 5.632 5.394 5.157 4.919 4.682 4.445 4.207 3.970 3.844 3.842 3.839 3.837 3.868 3.907 3.946 3.985 4.024 4.063 4.102 4.125 4.064 4.003 3.940 3.877 3.814 3.751 3.687 3.624
2.974 3.021 3.069 3.152 3.234 3.312 3.378 3.434 3.487 3.539 3.592 3.644 3.697 3.749 3.802 3.854 3.907 3.959 4.012 4.064 4.123 4.186 4.248 4.310 4.372 4.435 4.497 4.559 4.621 4.684 4.746 4.874 5.065 5.227 5.343 5.459 5.567 5.609 5.650 5.691 5.732 5.773 5.815 5.856 5.897 5.938 5.830 5.721 5.611 5.496 5.259 5.021 4.784 4.546 4.309 4.071 3.846 3.844 3.841 3.839 3.836 3.849 3.888 3.927 3.966 4.005 4.044 4.083 4.045 3.984 3.923 3.862 3.799 3.736 3.672 3.609 3.546
3.077 3.160 3.242 3.325 3.407 3.481 3.547 3.614 3.672 3.725 3.777 3.830 3.882 3.935 3.987 4.040 4.092 4.145 4.197 4.250 4.310 4.372 4.434 4.496 4.559 4.621 4.683 4.746 4.808 4.870 4.932 4.995 5.066 5.214 5.272 5.313 5.354 5.395 5.436 5.477 5.519 5.560 5.601 5.642 5.683 5.695 5.585 5.475 5.366 5.256 5.123 4.886 4.648 4.411 4.173 3.936 3.846 3.843 3.841 3.838 3.836 3.833 3.869 3.908 3.947 3.986 4.025 4.026 3.965 3.904 3.843 3.782 3.721 3.658 3.594 3.531 3.468
3.250 3.333 3.415 3.498 3.580 3.650 3.717 3.783 3.849 3.910 3.963 4.015 4.068 4.120 4.173 4.225 4.278 4.330 4.383 4.435 4.496 4.559 4.621 4.683 4.745 4.808 4.870 4.932 4.994 5.057 5.119 5.181 5.135 5.054 5.058 5.099 5.140 5.182 5.223 5.264 5.305 5.346 5.388 5.429 5.470 5.450 5.340 5.230 5.120 5.011 4.901 4.750 4.512 4.275 4.038 3.848 3.846 3.843 3.841 3.838 3.836 3.833 3.850 3.889 3.928 3.967 4.006 3.946 3.885 3.824 3.763 3.702 3.641 3.580 3.516 3.453 3.390
3.423 3.506 3.588 3.671 3.753 3.819 3.886 3.952 4.018 4.085 4.148 4.201 4.253 4.306 4.358 4.411 4.463 4.516 4.568 4.621 4.683 4.745 4.807 4.869 4.932 4.994 5.056 5.119 5.181 5.243 5.257 5.168 5.080 5.000 4.924 4.886 4.927 4.968 5.009 5.050 5.092 5.133 5.174 5.215 5.256 5.204 5.095 4.985 4.875 4.766 4.656 4.546 4.377 4.139 3.902 3.848 3.845 3.843 3.840 3.838 3.835 3.833 3.831 3.870 3.909 3.948 3.928 3.867 3.806 3.745 3.684 3.623 3.562 3.501 3.438 3.375 3.312
3.596 3.679 3.761 3.844 3.922 3.988 4.055 4.121 4.187 4.254 4.320 4.386 4.439 4.491 4.544 4.596 4.649 4.701 4.754 4.807 4.869 4.932 4.994 5.056 5.118 5.180 5.243 5.305 5.367 5.291 5.202 5.114 5.025 4.946 4.870 4.794 4.718 4.754 4.796 4.837 4.878 4.919 4.960 5.002 5.043 4.959 4.849 4.740 4.630 4.520 4.411 4.301 4.191 4.004 3.850 3.848 3.845 3.843 3.840 3.838 3.835 3.833 3.830 3.851 3.890 3.909 3.848 3.787 3.726 3.665 3.604 3.543 3.482 3.421 3.360 3.297 3.234
3.769 3.852 3.934 4.017 4.091 4.158 4.224 4.290 4.356 4.423 4.489 4.555 4.622 4.676 4.729 4.781 4.834 4.886 4.939 4.993 5.056 5.118 5.180 5.242 5.305 5.367 5.429 5.413 5.325 5.236 5.148 5.059 4.971 4.891 4.816 4.740 4.664 4.588 4.582 4.623 4.665 4.706 4.747 4.788 4.824 4.714 4.604 4.495 4.385 4.275 4.165 4.056 3.946 3.852 3.850 3.847 3.845 3.842 3.840 3.837 3.835 3.832 3.830 3.832 3.871 3.829 3.768 3.707 3.646 3.585 3.524 3.463 3.402 3.341 3.280 3.219 3.157
3.942 4.025 4.107 4.190 4.260 4.327 4.393 4.459 4.526 4.592 4.658 4.724 4.791 4.857 4.914 4.967 5.019 5.072 5.125 5.180 5.242 5.304 5.367 5.429 5.491 5.536 5.447 5.359 5.270 5.182 5.093 5.005 4.916 4.837 4.761 4.685 4.610 4.534 4.458 4.410 4.451 4.492 4.533 4.575 4.579 4.469 4.359 4.249 4.140 4.030 3.920 3.860 3.852 3.843 3.840 3.838 3.837 3.836 3.835 3.834 3.832 3.831 3.829 3.827 3.810 3.749 3.688 3.628 3.568 3.508 3.448 3.388 3.329 3.269 3.209 3.149 3.124
4.115 4.198 4.280 4.363 4.429 4.496 4.562 4.628 4.695 4.761 4.827 4.894 4.960 5.026 5.092 5.152 5.205 5.257 5.310 5.366 5.429 5.491 5.553 5.615 5.570 5.481 5.393 5.304 5.216 5.127 5.039 4.950 4.862 4.783 4.707 4.631 4.555 4.480 4.404 4.328 4.252 4.279 4.320 4.361 4.333 4.224 4.114 4.004 3.894 3.869 3.860 3.851 3.843 3.834 3.829 3.828 3.827 3.826 3.825 3.823 3.822 3.821 3.820 3.808 3.745 3.685 3.625 3.565 3.505 3.446 3.386 3.326 3.266 3.206 3.146 3.098 3.084
4.288 4.371 4.453 4.532 4.598 4.665 4.731 4.797 4.864 4.930 4.996 5.063 5.129 5.195 5.261 5.328 5.390 5.443 5.495 5.553 5.615 5.677 5.692 5.604 5.515 5.427 5.338 5.250 5.161 5.073 4.984 4.895 4.807 4.729 4.653 4.577 4.501 4.425 4.350 4.274 4.198 4.122 4.106 4.148 4.088 3.978 3.886 3.877 3.868 3.859 3.851 3.842 3.833 3.825 3.819 3.818 3.817 3.816 3.814 3.813 3.812 3.811 3.810 3.749 3.684 3.622 3.563 3.503 3.443 3.383 3.323 3.264 3.204 3.144 3.084 3.058 3.045
4.461 4.544 4.626 4.701 4.768 4.834 4.900 4.966 5.033 5.099 5.165 5.232 5.298 5.364 5.431 5.497 5.563 5.628 5.681 5.739 5.802 5.726 5.638 5.549 5.461 5.372 5.283 5.195 5.106 5.018 4.929 4.841 4.752 4.674 4.598 4.523 4.447 4.371 4.295 4.220 4.144 4.068 3.992 3.934 3.894 3.885 3.876 3.868 3.859 3.850 3.842 3.833 3.824 3.816 3.809 3.808 3.807 3.806 3.804 3.803 3.802 3.801 3.753 3.689 3.625 3.561 3.500 3.440 3.381 3.321 3.261 3.201 3.141 3.082 3.032 3.019 3.005
4.634 4.717 4.799 4.870 4.937 5.003 5.069 5.136 5.202 5.268 5.335 5.401 5.467 5.533 5.600 5.666 5.732 5.799 5.865 5.849 5.760 5.672 5.583 5.494 5.406 5.317 5.229 5.140 5.052 4.963 4.875 4.786 4.698 4.620 4.544 4.468 4.393 4.317 4.241 4.165 4.090 4.016 3.976 3.937 3.895 3.876 3.867 3.859 3.850 3.841 3.833 3.824 3.815 3.806 3.799 3.798 3.797 3.795 3.794 3.793 3.792 3.758 3.693 3.629 3.565 3.501 3.438 3.378 3.318 3.259 3.199 3.139 3.079 3.019 2.993 2.979 2.966
4.807 4.890 4.972 5.039 5.106 5.172 5.238 5.305 5.371 5.437 5.504 5.570 5.636 5.703 5.769 5.827 5.877 5.928 5.945 5.781 5.697 5.613 5.528 5.440 5.351 5.263 5.174 5.086 4.997 4.909 4.820 4.732 4.643 4.566 4.490 4.414 4.338 4.263 4.187 4.135 4.095 4.056 4.016 3.976 3.934 3.892 3.858 3.849 3.841 3.832 3.823 3.815 3.806 3.797 3.789 3.788 3.787 3.785 3.784 3.783 3.762 3.698 3.634 3.569 3.505 3.441 3.377 3.316 3.256 3.196 3.136 3.077 3.017 2.967 2.953 2.940 2.926
4.980 5.063 5.142 5.209 5.275 5.341 5.407 5.474 5.540 5.606 5.673 5.726 5.776 5.826 5.876 5.926 5.976 6.026 5.930 5.739 5.623 5.539 5.455 5.371 5.287 5.203 5.119 5.031 4.943 4.854 4.766 4.677 4.588 4.511 4.436 4.360 4.293 4.254 4.214 4.175 4.135 4.096 4.056 4.016 3.974 3.932 3.890 3.848 3.832 3.823 3.814 3.806 3.797 3.788 3.780 3.778 3.776 3.775 3.774 3.766 3.702 3.638 3.574 3.510 3.446 3.381 3.317 3.253 3.194 3.134 3.074 3.014 2.954 2.927 2.914 2.900 2.887
5.151 5.236 5.311 5.378 5.444 5.510 5.574 5.624 5.674 5.724 5.774 5.824 5.874 5.924 5.974 6.024 6.075 6.107 5.916 5.725 5.549 5.465 5.381 5.297 5.213 5.129 5.045 4.961 4.877 4.793 4.709 4.622 4.534 4.457 4.412 4.373 4.333 4.294 4.254 4.215 4.175 4.136 4.096 4.055 4.013 3.971 3.929 3.887 3.845 3.814 3.805 3.796 3.788 3.779 3.770 3.767 3.766 3.765 3.764 3.707 3.643 3.578 3.514 3.450 3.386 3.322 3.257 3.193 3.131 3.072 3.012 2.952 2.901 2.888 2.874 2.861 2.847
5.270 5.397 5.472 5.522 5.572 5.622 5.673 5.723 5.773 5.823 5.873 5.923 5.973 6.023 6.073 6.123 6.173 6.092 5.902 5.711 5.520 5.392 5.308 5.224 5.140 5.056 4.972 4.888 4.804 4.720 4.636 4.552 4.493 4.492 4.452 4.413 4.373 4.334 4.294 4.255 4.215 4.176 4.136 4.095 4.053 4.011 3.969 3.927 3.885 3.843 3.801 3.787 3.779 3.770 3.761 3.757 3.756 3.755 3.711 3.647 3.583 3.519 3.455 3.390 3.326 3.262 3.198 3.134 3.069 3.009 2.949 2.890 2.862 2.848 2.835 2.821 2.808
5.267 5.356 5.559 5.621 5.671 5.721 5.771 5.821 5.871 5.921 5.971 6.021 6.071 6.121 6.172 6.222 6.269 6.078 5.887 5.696 5.506 5.318 5.234 5.150 5.066 4.982 4.898 4.814 4.730 4.646 4.562 4.478 4.474 4.495 4.492 4.453 4.413 4.374 4.334 4.295 4.255 4.216 4.176 4.134 4.092 4.050 4.008 3.966 3.924 3.882 3.841 3.799 3.770 3.761 3.752 3.747 3.746 3.716 3.652 3.587 3.523 3.459 3.395 3.331 3.267 3.202 3.138 3.074 3.010 2.947 2.887 2.835 2.822 2.809 2.795 2.782 2.768
5.191 5.333 5.536 5.719 5.769 5.819 5.870 5.920 5.970 6.020 6.070 6.120 6.170 6.220 6.270 6.320 6.254 6.064 5.873 5.682 5.491 5.300 5.160 5.076 4.992 4.908 4.824 4.740 4.656 4.572 4.488 4.435 4.456 4.477 4.497 4.493 4.453 4.414 4.374 4.335 4.295 4.256 4.215 4.174 4.132 4.090 4.048 4.006 3.964 3.922 3.880 3.838 3.796 3.754 3.743 3.737 3.720 3.656 3.592 3.528 3.464 3.399 3.335 3.271 3.207 3.143 3.079 3.014 2.950 2.886 2.825 2.796 2.783 2.769 2.756 2.743 2.729
5.115 5.310 5.513 5.715 5.868 5.918 5.968 6.018 6.068 6.118 6.168 6.218 6.268 6.319 6.369 6.419 6.240 6.049 5.858 5.668 5.477 5.286 5.095 5.002 4.918 4.834 4.750 4.666 4.582 4.499 4.415 4.416 4.437 4.458 4.479 4.499 4.493 4.454 4.414 4.375 4.335 4.296 4.255 4.213 4.171 4.129 4.087 4.045 4.003 3.961 3.920 3.878 3.836 3.794 3.752 3.724 3.660 3.596 3.532 3.468 3.404 3.340 3.275 3.211 3.147 3.083 3.019 2.955 2.891 2.827 2.771 2.758 2.746 2.733 2.721 2.708 2.695
5.084 5.287 5.489 5.692 5.895 6.017 6.067 6.117 6.167 6.217 6.267 6.317 6.367 6.417 6.467 6.417 6.226 6.035 5.844 5.653 5.462 5.272 5.081 4.929 4.845 4.761 4.677 4.593 4.509 4.425 4.376 4.397 4.418 4.439 4.460 4.481 4.502 4.494 4.454 4.415 4.375 4.336 4.294 4.252 4.211 4.168 4.127 4.085 4.043 4.001 3.959 3.917 3.875 3.804 3.717 3.656 3.606 3.542 3.478 3.414 3.350 3.286 3.222 3.158 3.094 3.030 2.966 2.902 2.838 2.774 2.744 2.732 2.720 2.707 2.695 2.682 2.670
5.061 5.263 5.466 5.669 5.871 6.074 6.165 6.215 6.265 6.315 6.365 6.415 6.466 6.516 6.566 6.402 6.211 6.021 5.830 5.639 5.448 5.257 5.066 4.876 4.771 4.687 4.603 4.519 4.435 4.351 4.358 4.379 4.399 4.420 4.441 4.462 4.483 4.504 4.494 4.455 4.415 4.376 4.334 4.292 4.250 4.208 4.166 4.124 4.082 4.040 3.966 3.880 3.793 3.707 3.621 3.578 3.548 3.490 3.426 3.362 3.298 3.234 3.170 3.106 3.042 2.978 2.914 2.850 2.786 2.728 2.717 2.706 2.694 2.682 2.669 2.657 2.644
5.037 5.240 5.443 5.645 5.848 6.051 6.254 6.314 6.364 6.414 6.464 6.514 6.564 6.614 6.579 6.388 6.197 6.006 5.815 5.625 5.434 5.243 5.052 4.861 4.697 4.613 4.529 4.445 4.361 4.318 4.339 4.360 4.381 4.401 4.422 4.443 4.464 4.485 4.506 4.495 4.455 4.415 4.373 4.331 4.289 4.247 4.206 4.129 4.042 3.956 3.870 3.783 3.697 3.611 3.531 3.500 3.470 3.437 3.373 3.309 3.245 3.181 3.117 3.053 2.989 2.925 2.861 2.797 2.733 2.702 2.691 2.680 2.669 2.656 2.644 2.631 2.619
5.014 5.217 5.419 5.622 5.825 6.028 6.230 6.412 6.462 6.512 6.562 6.613 6.663 6.713 6.564 6.373 6.183 5.992 5.801 5.610 5.419 5.229 5.038 4.847 4.656 4.539 4.455 4.371 4.288 4.299 4.320 4.341 4.362 4.383 4.404 4.424 4.445 4.466 4.487 4.508 4.495 4.455 4.413 4.371 4.291 4.205 4.119 4.032 3.946 3.860 3.773 3.687 3.601 3.514 3.453 3.422 3.392 3.361 3.320 3.256 3.192 3.128 3.064 3.000 2.936 2.872 2.808 2.744 2.686 2.675 2.664 2.653 2.642 2.631 2.618 2.606 2.594
4.991 5.193 5.396 5.599 5.801 6.004 6.207 6.410 6.561 6.611 6.661 6.711 6.761 6.741 6.550 6.359 6.168 5.977 5.787 5.596 5.405 5.214 5.023 4.833 4.642 4.466 4.382 4.298 4.260 4.280 4.301 4.322 4.343 4.364 4.385 4.406 4.426 4.447 4.468 4.489 4.511 4.454 4.368 4.281 4.195 4.108 4.022 3.936 3.849 3.763 3.677 3.590 3.504 3.418 3.375 3.344 3.314 3.283 3.253 3.203 3.139 3.076 3.012 2.948 2.884 2.820 2.756 2.692 2.659 2.649 2.638 2.627 2.616 2.605 2.593 2.581 2.568
4.967 5.170 5.373 5.576 5.778 5.981 6.184 6.386 6.589 6.709 6.760 6.810 6.860 6.726 6.536 6.345 6.154 5.963 5.772 5.581 5.391 5.200 5.009 4.818 4.627 4.437 4.308 4.224 4.241 4.262 4.283 4.303 4.324 4.345 4.366 4.390 4.417 4.444 4.471 4.498 4.522 4.380 4.271 4.185 4.098 4.012 3.926 3.839 3.753 3.667 3.580 3.494 3.408 3.327 3.297 3.266 3.236 3.205 3.175 3.145 3.087 3.023 2.959 2.895 2.831 2.767 2.703 2.644 2.633 2.622 2.611 2.600 2.589 2.578 2.567 2.555 2.543
4.944 5.147 5.350 5.552 5.755 5.958 6.160 6.363 6.566 6.768 6.858 6.908 6.903 6.712 6.521 6.330 6.139 5.949 5.758 5.567 5.376 5.185 4.995 4.804 4.613 4.422 4.234 4.201 4.222 4.243 4.270 4.297 4.324 4.351 4.378 4.405 4.431 4.458 4.485 4.512 4.480 4.337 4.195 4.088 4.002 3.916 3.829 3.743 3.657 3.570 3.484 3.398 3.311 3.249 3.219 3.188 3.158 3.127 3.097 3.067 3.034 2.970 2.906 2.842 2.778 2.715 2.651 2.617 2.606 2.595 2.585 2.574 2.563 2.552 2.541 2.530 2.518
4.921 5.123 5.326 5.529 5.732 5.934 6.137 6.340 6.542 6.745 6.948 7.007 6.888 6.698 6.507 6.316 6.125 5.934 5.744 5.553 5.362 5.171 4.978 4.785 4.592 4.399 4.206 4.203 4.230 4.257 4.284 4.311 4.338 4.365 4.392 4.419 4.446 4.473 4.500 4.527 4.438 4.295 4.153 4.011 3.905 3.819 3.733 3.646 3.560 3.474 3.388 3.301 3.215 3.171 3.141 3.110 3.080 3.050 3.019 2.989 2.958 2.918 2.854 2.790 2.726 2.662 2.601 2.590 2.580 2.569 2.558 2.547 2.536 2.526 2.515 2.504 2.492
4.898 5.100 5.303 5.506 5.708 5.911 6.114 6.316 6.519 6.722 6.924 7.064 6.871 6.678 6.485 6.292 6.098 5.905 5.712 5.519 5.326 5.133 4.940 4.747 4.554 4.360 4.232 4.233 4.245 4.272 4.299 4.325 4.352 4.379 4.406 4.433 4.460 4.487 4.514 4.538 4.396 4.253 4.111 3.968 3.826 3.723 3.636 3.550 3.464 3.377 3.291 3.205 3.124 3.093 3.063 3.032 3.002 2.972 2.941 2.911 2.881 2.850 2.801 2.737 2.673 2.609 2.575 2.564 2.553 2.542 2.531 2.521 2.510 2.499 2.489 2.478 2.467
4.874 5.089 5.306 5.522 5.739 5.956 6.172 6.389 6.606 6.822 7.039 7.000 6.832 6.639 6.446 6.253 6.060 5.867 5.674 5.481 5.288 5.094 4.901 4.708 4.515 4.322 4.270 4.270 4.271 4.286 4.313 4.340 4.367 4.394 4.420 4.447 4.474 4.501 4.528 4.496 4.354 4.211 4.069 3.926 3.784 3.642 3.540 3.454 3.367 3.281 3.195 3.108 3.046 3.015 2.985 2.955 2.924 2.894 2.863 2.833 2.803 2.772 2.742 2.685 2.621 2.559 2.548 2.537 2.526 2.516 2.505 2.494 2.483 2.473 2.462 2.452 2.441
4.996 5.213 5.430 5.646 5.863 6.079 6.296 6.513 6.729 6.946 7.071 6.929 6.786 6.601 6.408 6.215 6.022 5.829 5.635 5.442 5.249 5.056 4.863 4.670 4.477 4.307 4.307 4.308 4.309 4.309 4.327 4.354 4.381 4.408 4.435 4.462 4.489 4.516 4.543 4.454 4.312 4.169 4.027 3.884 3.742 3.600 3.457 3.357 3.271 3.185 3.098 3.012 2.968 2.937 2.907 2.877 2.846 2.816 2.786 2.755 2.725 2.695 2.664 2.632 2.568 2.532 2.521 2.510 2.500 2.489 2.478 2.468 2.457 2.446 2.436 2.425 2.415
5.120 5.336 5.553 5.770 5.986 6.203 6.420 6.636 6.853 7.070 7.000 6.857 6.714 6.563 6.369 6.176 5.983 5.790 5.597 5.404 5.211 5.018 4.825 4.631 4.438 4.344 4.345 4.345 4.346 4.347 4.347 4.368 4.395 4.422 4.449 4.476 4.503 4.530 4.554 4.412 4.269 4.127 3.985 3.842 3.700 3.557 3.415 3.273 3.174 3.088 3.002 2.920 2.890 2.859 2.829 2.799 2.768 2.738 2.708 2.677 2.647 2.617 2.586 2.556 2.516 2.505 2.494 2.484 2.473 2.463 2.452 2.442 2.431 2.421 2.411 2.400 2.390
5.243 5.460 5.677 5.893 6.110 6.327 6.543 6.760 6.977 7.071 6.928 6.786 6.643 6.500 6.331 6.138 5.945 5.752 5.559 5.366 5.172 4.979 4.786 4.593 4.400 4.381 4.382 4.383 4.384 4.384 4.385 4.386 4.410 4.436 4.463 4.490 4.517 4.544 4.512 4.370 4.227 4.085 3.943 3.800 3.658 3.515 3.373 3.231 3.089 2.992 2.905 2.842 2.812 2.781 2.751 2.721 2.690 2.660 2.630 2.599 2.571 2.553 2.536 2.518 2.497 2.480 2.469 2.458 2.448 2.437 2.427 2.417 2.406 2.396 2.385 2.375 2.365
5.367 5.584 5.800 6.017 6.234 6.450 6.667 6.884 7.100 7.000 6.857 6.714 6.571 6.428 6.286 6.100 5.907 5.713 5.520 5.327 5.134 4.941 4.748 4.555 4.418 4.419 4.420 4.420 4.421 4.422 4.422 4.423 4.424 4.451 4.478 4.505 4.532 4.558 4.470 4.328 4.185 4.043 3.900 3.758 3.616 3.473 3.331 3.189 3.046 2.904 2.809 2.764 2.734 2.703 2.673 2.649 2.631 2.613 2.595 2.578 2.560 2.542 2.524 2.506 2.483 2.459 2.444 2.433 2.423 2.412 2.402 2.391 2.381 2.370 2.360 2.350 2.341
