includes/overflow_coast_v/floodfiles/results/res-0004.wd
ncols         631
nrows         906
xllcorner     364927.146600
yllcorner     6531972.565600
cellsize      20.000000
NODATA_value  -9999.000000
[rows 136 to 169 of 906, columns 539 to 615 of 631]
12.293 12.219 12.203 12.186 12.169 12.153 12.136 12.120 12.096 12.065 12.034 12.003 11.972 11.941 11.910 11.879 11.848 11.817 11.781 11.774 11.810 11.847 11.884 11.920 11.957 11.994 12.031 12.068 12.105 12.141 12.206 12.461 12.716 12.970 13.225 13.480 13.734 14.003 14.276 14.549 14.821 15.101 15.402 15.703 16.004 16.305 16.606 16.907 17.209 17.509 17.700 17.615 17.555 17.496 17.436 17.376 17.316 17.256 17.196 17.120 16.888 16.655 16.423 16.191 15.958 15.726 15.494 15.213 14.940 14.774 14.609 14.444 14.266 14.086 13.906 13.726 13.546
12.228 12.211 12.194 12.178 12.161 12.145 12.128 12.111 12.089 12.058 12.027 11.996 11.965 11.934 11.903 11.872 11.841 11.798 11.753 11.742 11.747 11.752 11.785 11.822 11.859 11.895 11.932 11.969 12.006 12.043 12.080 12.314 12.569 12.823 13.078 13.333 13.600 13.872 14.145 14.418 14.690 14.962 15.263 15.564 15.866 16.167 16.468 16.769 17.069 17.371 17.628 17.610 17.550 17.490 17.430 17.371 17.311 17.251 17.191 17.115 16.882 16.651 16.419 16.186 15.954 15.722 15.489 15.257 15.028 14.850 14.670 14.491 14.311 14.131 13.951 13.772 13.591
12.216 12.203 12.186 12.169 12.153 12.136 12.120 12.103 12.083 12.052 12.021 11.990 11.959 11.928 11.897 11.861 11.816 11.770 11.725 11.710 11.715 11.721 11.726 11.732 11.760 11.797 11.834 11.870 11.907 11.944 11.981 12.167 12.422 12.677 12.931 13.196 13.469 13.741 14.014 14.286 14.558 14.831 15.124 15.425 15.726 16.027 16.329 16.630 16.940 17.260 17.525 17.523 17.520 17.484 17.424 17.364 17.304 17.245 17.185 17.110 16.878 16.645 16.413 16.182 15.949 15.717 15.485 15.252 15.041 14.895 14.715 14.536 14.356 14.176 13.996 13.816 13.636
12.198 12.187 12.175 12.161 12.145 12.128 12.111 12.095 12.077 12.046 12.015 11.984 11.953 11.922 11.879 11.833 11.788 11.742 11.697 11.678 11.684 11.689 11.694 11.700 11.705 11.711 11.735 11.772 11.808 11.845 11.882 12.020 12.275 12.530 12.793 13.065 13.338 13.610 13.883 14.155 14.427 14.699 14.985 15.286 15.587 15.888 16.189 16.509 16.829 17.149 17.423 17.420 17.418 17.416 17.413 17.358 17.298 17.238 17.178 17.106 16.873 16.641 16.409 16.176 15.944 15.712 15.479 15.247 15.035 14.895 14.755 14.581 14.401 14.221 14.041 13.861 13.676
12.180 12.169 12.158 12.146 12.135 12.120 12.103 12.086 12.070 12.039 12.008 11.977 11.942 11.896 11.851 11.805 11.760 11.714 11.668 11.646 11.652 11.657 11.663 11.668 11.673 11.679 11.684 11.690 11.710 11.746 11.783 11.873 12.128 12.389 12.662 12.934 13.206 13.479 13.751 14.024 14.296 14.568 14.845 15.146 15.448 15.757 16.077 16.397 16.717 17.037 17.322 17.319 17.316 17.313 17.311 17.308 17.292 17.232 17.172 17.100 16.869 16.636 16.404 16.171 15.939 15.706 15.473 15.240 15.029 14.889 14.749 14.609 14.446 14.266 14.086 13.906 13.716
12.163 12.151 12.140 12.128 12.117 12.106 12.094 12.078 12.062 12.033 12.002 11.959 11.914 11.868 11.823 11.777 11.731 11.686 11.640 11.615 11.620 11.625 11.631 11.636 11.642 11.647 11.652 11.658 11.663 11.669 11.685 11.727 11.986 12.258 12.531 12.803 13.075 13.348 13.620 13.892 14.164 14.437 14.710 15.008 15.325 15.646 15.966 16.285 16.605 16.925 17.220 17.217 17.214 17.211 17.208 17.206 17.204 17.201 17.167 17.095 16.863 16.631 16.399 16.166 15.933 15.700 15.468 15.235 15.022 14.882 14.742 14.602 14.463 14.311 14.131 13.951 13.755
12.145 12.133 12.122 12.111 12.099 12.088 12.077 12.065 12.053 12.022 11.977 11.931 11.885 11.840 11.794 11.749 11.703 11.658 11.612 11.583 11.588 11.594 11.599 11.604 11.610 11.615 11.621 11.626 11.631 11.637 11.642 11.663 11.858 12.130 12.403 12.675 12.948 13.220 13.493 13.765 14.037 14.310 14.583 14.894 15.214 15.534 15.853 16.174 16.494 16.814 17.117 17.114 17.113 17.110 17.107 17.104 17.101 17.099 17.096 17.081 16.858 16.625 16.392 16.160 15.928 15.695 15.462 15.230 15.016 14.876 14.736 14.596 14.456 14.316 14.175 13.992 13.794
12.127 12.116 12.104 12.093 12.082 12.070 12.059 12.043 12.012 11.983 11.948 11.903 11.857 11.812 11.766 11.721 11.675 11.630 11.584 11.551 11.556 11.562 11.567 11.573 11.578 11.583 11.589 11.594 11.600 11.613 11.654 11.695 11.809 12.010 12.282 12.555 12.827 13.100 13.372 13.645 13.917 14.189 14.462 14.783 15.102 15.422 15.742 16.062 16.383 16.703 17.016 17.013 17.010 17.008 17.005 17.002 16.999 16.996 16.971 16.943 16.791 16.620 16.387 16.154 15.922 15.689 15.457 15.224 15.011 14.871 14.730 14.590 14.450 14.310 14.170 14.012 13.815
12.109 12.098 12.086 12.075 12.064 12.046 12.016 11.985 11.955 11.926 11.896 11.867 11.829 11.784 11.738 11.693 11.647 11.602 11.556 11.519 11.525 11.530 11.535 11.541 11.546 11.552 11.557 11.563 11.604 11.645 11.686 11.734 11.847 11.961 12.162 12.434 12.707 12.979 13.252 13.524 13.797 14.069 14.350 14.670 14.990 15.311 15.631 15.951 16.270 16.591 16.911 16.911 16.908 16.905 16.902 16.901 16.880 16.855 16.830 16.804 16.653 16.501 16.349 16.149 15.916 15.683 15.451 15.218 15.004 14.865 14.725 14.584 14.444 14.300 14.151 14.002 13.811
12.092 12.080 12.069 12.050 12.019 11.989 11.959 11.928 11.898 11.868 11.839 11.810 11.781 11.752 11.710 11.664 11.619 11.573 11.528 11.487 11.493 11.498 11.504 11.509 11.515 11.520 11.555 11.595 11.636 11.677 11.718 11.773 11.886 12.000 12.114 12.314 12.586 12.859 13.131 13.404 13.676 13.949 14.239 14.559 14.879 15.199 15.519 15.839 16.159 16.479 16.799 16.809 16.806 16.804 16.788 16.763 16.739 16.714 16.689 16.664 16.514 16.362 16.211 16.059 15.907 15.678 15.445 15.212 14.998 14.858 14.718 14.579 14.431 14.282 14.133 13.984 13.806
12.074 12.053 12.023 11.993 11.962 11.932 11.902 11.871 11.841 11.811 11.782 11.753 11.724 11.695 11.666 11.636 11.591 11.545 11.500 11.456 11.461 11.467 11.472 11.477 11.505 11.546 11.586 11.627 11.668 11.709 11.750 11.811 11.925 12.039 12.153 12.267 12.466 12.738 13.011 13.283 13.555 13.828 14.127 14.448 14.767 15.087 15.407 15.728 16.048 16.368 16.688 16.707 16.697 16.672 16.647 16.622 16.597 16.573 16.548 16.523 16.376 16.224 16.072 15.920 15.769 15.617 15.440 15.207 14.992 14.852 14.709 14.560 14.411 14.262 14.113 13.965 13.800
12.026 11.996 11.966 11.935 11.905 11.875 11.844 11.814 11.784 11.754 11.725 11.696 11.667 11.638 11.609 11.580 11.551 11.517 11.472 11.426 11.429 11.435 11.455 11.496 11.537 11.578 11.619 11.660 11.700 11.741 11.782 11.850 11.964 12.078 12.192 12.306 12.420 12.618 12.890 13.162 13.435 13.707 14.015 14.335 14.656 14.976 15.296 15.616 15.937 16.256 16.576 16.580 16.555 16.531 16.506 16.481 16.456 16.431 16.407 16.383 16.238 16.086 15.934 15.782 15.630 15.478 15.327 15.175 14.986 14.840 14.691 14.542 14.393 14.244 14.095 13.946 13.796
11.969 11.939 11.909 11.878 11.848 11.818 11.787 11.757 11.727 11.697 11.668 11.639 11.610 11.581 11.552 11.523 11.493 11.464 11.435 11.398 11.405 11.446 11.487 11.528 11.569 11.610 11.651 11.692 11.733 11.773 11.814 11.889 12.003 12.117 12.231 12.345 12.459 12.572 12.769 13.042 13.314 13.587 13.904 14.224 14.544 14.865 15.185 15.504 15.824 16.144 16.465 16.450 16.414 16.389 16.365 16.341 16.316 16.291 16.266 16.241 16.099 15.948 15.796 15.644 15.492 15.340 15.188 15.058 14.968 14.821 14.672 14.523 14.374 14.226 14.077 13.928 13.779
11.900 11.882 11.851 11.821 11.791 11.760 11.730 11.700 11.669 11.640 11.611 11.582 11.553 11.524 11.494 11.465 11.436 11.407 11.380 11.392 11.436 11.478 11.519 11.560 11.601 11.642 11.683 11.724 11.765 11.806 11.847 11.928 12.042 12.156 12.270 12.384 12.498 12.611 12.725 12.921 13.194 13.472 13.793 14.113 14.433 14.752 15.073 15.393 15.713 16.033 16.353 16.329 16.291 16.254 16.224 16.199 16.175 16.150 16.125 16.100 15.961 15.809 15.658 15.506 15.354 15.202 15.114 15.030 14.945 14.798 14.651 14.504 14.356 14.207 14.058 13.909 13.760
11.816 11.804 11.792 11.764 11.734 11.703 11.673 11.643 11.612 11.583 11.554 11.525 11.496 11.466 11.437 11.408 11.379 11.387 11.399 11.410 11.455 11.505 11.551 11.592 11.633 11.674 11.715 11.756 11.797 11.838 11.879 11.967 12.081 12.195 12.309 12.423 12.537 12.650 12.764 12.878 13.073 13.361 13.680 14.001 14.321 14.641 14.961 15.282 15.602 15.922 16.241 16.206 16.170 16.133 16.095 16.058 16.033 16.009 15.984 15.959 15.823 15.671 15.519 15.367 15.253 15.169 15.085 15.001 14.917 14.776 14.628 14.481 14.333 14.187 14.040 13.891 13.742
11.731 11.719 11.708 11.696 11.677 11.646 11.616 11.586 11.555 11.526 11.497 11.468 11.438 11.409 11.380 11.383 11.394 11.406 11.417 11.428 11.474 11.524 11.574 11.623 11.665 11.706 11.747 11.788 11.829 11.870 11.911 12.006 12.120 12.234 12.348 12.462 12.576 12.689 12.803 12.917 13.031 13.249 13.569 13.889 14.210 14.530 14.850 15.169 15.489 15.810 16.123 16.085 16.048 16.011 15.974 15.937 15.899 15.867 15.842 15.818 15.685 15.533 15.392 15.308 15.224 15.140 15.056 14.972 14.888 14.754 14.606 14.459 14.312 14.164 14.017 13.869 13.722
11.647 11.635 11.623 11.612 11.600 11.588 11.559 11.528 11.498 11.469 11.440 11.410 11.381 11.379 11.390 11.401 11.413 11.424 11.436 11.447 11.494 11.543 11.593 11.642 11.692 11.738 11.779 11.820 11.861 11.902 11.943 12.045 12.159 12.273 12.387 12.501 12.614 12.728 12.842 12.934 13.022 13.200 13.458 13.778 14.098 14.418 14.738 15.058 15.378 15.698 16.001 15.964 15.927 15.889 15.852 15.815 15.778 15.741 15.703 15.676 15.547 15.447 15.363 15.279 15.195 15.111 15.027 14.944 14.860 14.732 14.584 14.437 14.290 14.142 13.995 13.847 13.700
11.562 11.550 11.539 11.527 11.515 11.504 11.492 11.471 11.441 11.412 11.382 11.375 11.386 11.397 11.409 11.420 11.431 11.443 11.454 11.465 11.513 11.562 11.612 11.661 11.711 11.761 11.810 11.852 11.893 11.934 11.975 12.084 12.198 12.312 12.426 12.540 12.646 12.735 12.824 12.912 13.001 13.188 13.436 13.685 13.986 14.306 14.627 14.947 15.267 15.587 15.879 15.843 15.805 15.768 15.731 15.693 15.657 15.619 15.582 15.546 15.502 15.418 15.334 15.250 15.166 15.082 14.998 14.914 14.830 14.710 14.562 14.415 14.268 14.120 13.973 13.825 13.693
11.477 11.466 11.454 11.443 11.431 11.419 11.408 11.396 11.384 11.370 11.382 11.393 11.404 11.416 11.427 11.438 11.450 11.461 11.472 11.484 11.532 11.581 11.631 11.681 11.730 11.780 11.829 11.879 11.925 11.966 12.009 12.123 12.237 12.351 12.448 12.536 12.625 12.713 12.802 12.891 12.979 13.175 13.424 13.672 13.921 14.195 14.515 14.836 15.155 15.475 15.758 15.720 15.684 15.647 15.609 15.572 15.535 15.499 15.464 15.430 15.396 15.362 15.305 15.222 15.138 15.054 14.969 14.885 14.801 14.687 14.539 14.393 14.246 14.098 13.951 13.823 13.697
11.393 11.381 11.370 11.358 11.346 11.335 11.323 11.321 11.332 11.371 11.400 11.411 11.423 11.434 11.446 11.457 11.468 11.480 11.491 11.502 11.551 11.600 11.650 11.700 11.749 11.799 11.848 11.898 11.948 11.997 12.048 12.161 12.249 12.338 12.426 12.515 12.603 12.692 12.780 12.869 12.958 13.163 13.411 13.659 13.908 14.157 14.405 14.723 15.043 15.364 15.636 15.599 15.562 15.525 15.488 15.451 15.416 15.382 15.348 15.313 15.279 15.245 15.211 15.178 15.108 15.025 14.941 14.857 14.773 14.665 14.517 14.370 14.223 14.078 13.953 13.827 13.701
11.308 11.297 11.285 11.273 11.262 11.262 11.272 11.283 11.293 11.333 11.380 11.428 11.441 11.453 11.464 11.475 11.487 11.498 11.509 11.521 11.570 11.620 11.669 11.719 11.768 11.818 11.867 11.917 11.967 12.017 12.069 12.139 12.228 12.316 12.405 12.493 12.582 12.670 12.759 12.847 12.936 13.150 13.399 13.647 13.895 14.144 14.392 14.641 14.932 15.252 15.515 15.478 15.440 15.403 15.369 15.335 15.300 15.265 15.230 15.196 15.163 15.129 15.095 15.061 15.027 14.994 14.912 14.828 14.744 14.643 14.496 14.348 14.208 14.082 13.956 13.830 13.705
11.224 11.212 11.200 11.202 11.213 11.223 11.234 11.244 11.255 11.295 11.343 11.390 11.438 11.471 11.482 11.494 11.505 11.516 11.528 11.539 11.589 11.639 11.688 11.738 11.787 11.837 11.887 11.937 11.988 12.040 12.093 12.149 12.206 12.295 12.383 12.472 12.560 12.649 12.737 12.826 12.914 13.138 13.386 13.635 13.883 14.131 14.380 14.628 14.877 15.140 15.393 15.356 15.321 15.287 15.252 15.217 15.183 15.149 15.114 15.079 15.045 15.012 14.979 14.945 14.911 14.877 14.843 14.798 14.715 14.621 14.474 14.337 14.211 14.085 13.959 13.833 13.707
11.139 11.142 11.153 11.163 11.174 11.185 11.195 11.206 11.216 11.258 11.305 11.352 11.400 11.447 11.495 11.512 11.524 11.535 11.546 11.558 11.608 11.658 11.707 11.757 11.806 11.856 11.908 11.960 12.012 12.064 12.116 12.172 12.228 12.284 12.362 12.450 12.539 12.627 12.716 12.804 12.893 13.126 13.374 13.622 13.871 14.119 14.367 14.616 14.864 15.113 15.274 15.239 15.205 15.170 15.135 15.101 15.066 15.032 14.997 14.963 14.929 14.895 14.862 14.828 14.794 14.761 14.727 14.693 14.659 14.599 14.467 14.341 14.215 14.089 13.963 13.837 13.711
11.093 11.104 11.114 11.125 11.136 11.146 11.157 11.167 11.178 11.220 11.267 11.315 11.362 11.410 11.457 11.504 11.542 11.553 11.565 11.578 11.627 11.677 11.726 11.776 11.828 11.880 11.932 11.983 12.035 12.087 12.140 12.196 12.252 12.308 12.364 12.429 12.517 12.606 12.694 12.783 12.871 13.113 13.361 13.610 13.859 14.107 14.355 14.603 14.814 15.012 15.159 15.123 15.087 15.054 15.019 14.984 14.949 14.915 14.881 14.846 14.812 14.778 14.745 14.711 14.678 14.644 14.610 14.577 14.558 14.574 14.463 14.345 14.219 14.093 13.967 13.841 13.715
11.055 11.065 11.076 11.087 11.097 11.108 11.118 11.129 11.139 11.182 11.230 11.277 11.325 11.372 11.419 11.467 11.514 11.561 11.583 11.597 11.646 11.696 11.748 11.800 11.851 11.903 11.955 12.007 12.059 12.110 12.164 12.220 12.275 12.331 12.387 12.443 12.499 12.584 12.673 12.761 12.852 13.101 13.349 13.597 13.845 14.095 14.304 14.503 14.701 14.900 15.044 15.008 14.972 14.937 14.903 14.868 14.833 14.798 14.764 14.730 14.696 14.662 14.628 14.594 14.561 14.528 14.494 14.511 14.528 14.546 14.437 14.326 14.215 14.097 13.971 13.844 13.718
11.016 11.027 11.037 11.048 11.059 11.069 11.080 11.090 11.101 11.145 11.192 11.240 11.287 11.334 11.382 11.429 11.476 11.524 11.571 11.616 11.668 11.719 11.771 11.823 11.875 11.927 11.979 12.030 12.082 12.134 12.187 12.243 12.299 12.355 12.411 12.467 12.523 12.579 12.651 12.740 12.840 13.088 13.337 13.585 13.795 13.993 14.192 14.390 14.588 14.786 14.929 14.893 14.858 14.822 14.786 14.751 14.717 14.682 14.647 14.612 14.579 14.545 14.512 14.478 14.444 14.445 14.464 14.481 14.499 14.517 14.411 14.300 14.189 14.077 13.967 13.848 13.722
11.006 10.988 10.999 11.010 11.020 11.031 11.041 11.052 11.062 11.107 11.155 11.202 11.249 11.297 11.344 11.391 11.439 11.486 11.552 11.620 11.686 11.743 11.795 11.846 11.898 11.950 12.002 12.054 12.105 12.157 12.211 12.267 12.323 12.378 12.434 12.490 12.546 12.602 12.658 12.718 12.827 13.076 13.285 13.484 13.682 13.880 14.078 14.278 14.476 14.674 14.813 14.779 14.743 14.707 14.671 14.635 14.601 14.565 14.531 14.496 14.462 14.429 14.395 14.380 14.398 14.415 14.433 14.451 14.470 14.487 14.385 14.274 14.163 14.051 13.940 13.829 13.719
11.026 10.998 10.971 10.971 10.982 10.992 11.003 11.013 11.024 11.069 11.117 11.164 11.212 11.259 11.306 11.354 11.418 11.486 11.554 11.621 11.687 11.754 11.818 11.870 11.922 11.974 12.025 12.077 12.129 12.181 12.234 12.290 12.346 12.402 12.458 12.514 12.570 12.626 12.682 12.738 12.802 12.974 13.173 13.371 13.569 13.768 13.966 14.164 14.363 14.561 14.698 14.663 14.628 14.592 14.556 14.521 14.485 14.450 14.414 14.380 14.345 14.314 14.332 14.351 14.368 14.386 14.404 14.421 14.439 14.458 14.359 14.248 14.136 14.025 13.914 13.803 13.692
11.045 11.017 10.990 10.963 10.943 10.954 10.964 10.975 10.985 11.032 11.079 11.127 11.174 11.221 11.284 11.352 11.420 11.487 11.555 11.623 11.689 11.755 11.822 11.888 11.945 11.997 12.049 12.101 12.152 12.204 12.258 12.314 12.370 12.426 12.482 12.537 12.593 12.649 12.704 12.758 12.823 12.932 13.060 13.258 13.457 13.655 13.853 14.052 14.250 14.449 14.584 14.548 14.512 14.477 14.442 14.406 14.370 14.334 14.299 14.264 14.267 14.285 14.302 14.320 14.339 14.356 14.374 14.392 14.410 14.427 14.332 14.222 14.110 13.999 13.888 13.777 13.666
11.064 11.037 11.009 10.982 10.954 10.927 10.926 10.936 10.947 10.994 11.042 11.089 11.150 11.218 11.286 11.353 11.421 11.489 11.557 11.624 11.691 11.757 11.823 11.889 11.956 12.020 12.072 12.124 12.176 12.228 12.281 12.337 12.393 12.449 12.505 12.561 12.616 12.670 12.724 12.778 12.844 12.953 13.062 13.171 13.344 13.542 13.741 13.939 14.137 14.335 14.469 14.433 14.397 14.362 14.327 14.291 14.255 14.219 14.232 14.282 14.287 14.260 14.273 14.291 14.308 14.327 14.345 14.362 14.380 14.398 14.306 14.195 14.084 13.973 13.862 13.751 13.640
11.083 11.056 11.028 11.001 10.974 10.946 10.919 10.898 10.909 10.957 11.016 11.084 11.152 11.219 11.287 11.355 11.423 11.491 11.558 11.626 11.692 11.758 11.825 11.891 11.957 12.023 12.090 12.147 12.199 12.251 12.305 12.361 12.417 12.473 12.527 12.582 12.636 12.690 12.744 12.798 12.865 12.974 13.083 13.192 13.301 13.430 13.628 13.827 14.025 14.223 14.353 14.318 14.282 14.247 14.211 14.176 14.173 14.223 14.272 14.322 14.327 14.300 14.274 14.261 14.279 14.297 14.315 14.333 14.351 14.368 14.280 14.169 14.057 13.947 13.836 13.725 13.614
11.103 11.075 11.048 11.020 10.993 10.965 10.938 10.910 10.883 10.950 11.018 11.085 11.153 11.221 11.289 11.357 11.424 11.492 11.560 11.628 11.694 11.760 11.826 11.893 11.959 12.025 12.091 12.158 12.223 12.274 12.329 12.384 12.439 12.493 12.547 12.601 12.656 12.710 12.764 12.818 12.885 12.995 13.104 13.213 13.322 13.432 13.541 13.714 13.912 14.110 14.238 14.202 14.168 14.132 14.114 14.163 14.214 14.263 14.312 14.362 14.366 14.339 14.314 14.287 14.261 14.267 14.285 14.304 14.321 14.339 14.254 14.143 14.031 13.920 13.810 13.699 13.610
11.122 11.094 11.067 11.040 11.012 10.985 10.954 10.919 10.888 10.954 11.019 11.087 11.155 11.222 11.290 11.358 11.426 11.494 11.562 11.629 11.695 11.762 11.828 11.894 11.960 12.027 12.093 12.159 12.225 12.292 12.351 12.405 12.459 12.513 12.567 12.621 12.676 12.730 12.784 12.838 12.906 13.016 13.125 13.234 13.343 13.453 13.562 13.671 13.800 13.998 14.123 14.088 14.054 14.104 14.154 14.203 14.253 14.303 14.353 14.402 14.406 14.379 14.353 14.327 14.301 14.275 14.255 14.273 14.291 14.310 14.228 14.116 14.005 13.894 13.802 13.726 13.651
11.141 11.114 11.086 11.059 11.029 10.994 10.959 10.924 10.894 10.959 11.024 11.090 11.156 11.224 11.292 11.360 11.428 11.495 11.563 11.631 11.697 11.763 11.830 11.896 11.962 12.028 12.095 12.161 12.228 12.296 12.362 12.425 12.479 12.533 12.587 12.641 12.696 12.750 12.804 12.858 12.927 13.037 13.146 13.255 13.364 13.473 13.583 13.692 13.801 13.911 14.009 14.045 14.094 14.145 14.194 14.243 14.293 14.342 14.393 14.442 14.446 14.419 14.393 14.366 14.341 14.315 14.288 14.262 14.261 14.279 14.202 14.090 13.995 13.919 13.842 13.766 13.690
