includes/overflow_coast_v/floodfiles/results/res-0001.wdfp
ncols         631
nrows         906
xllcorner     364927.146600
yllcorner     6531972.565600
cellsize      20.000000
NODATA_value  -9999.000000
[rows 850 to 883 of 906, columns 462 to 538 of 631]
5.413 5.447 5.536 5.649 5.761 5.874 5.987 6.099 6.212 6.321 6.410 6.491 6.567 6.643 6.718 6.790 6.861 6.933 7.005 7.076 7.190 7.312 7.368 7.344 7.320 7.297 7.273 7.249 7.233 7.234 7.236 7.238 7.240 7.242 7.236 7.201 7.165 7.148 7.137 7.126 7.114 7.103 7.092 7.083 7.076 7.072 7.065 7.015 6.965 6.915 6.865 6.815 6.765 6.715 6.720 6.735 6.750 6.765 6.769 6.767 6.764 6.761 6.686 6.518 6.350 6.181 6.013 5.845 5.677 5.562 5.482 5.383 5.283 5.182 5.082 4.981 4.881
5.554 5.588 5.662 5.774 5.887 6.000 6.112 6.225 6.333 6.422 6.511 6.595 6.670 6.746 6.822 6.898 6.974 7.048 7.120 7.192 7.298 7.342 7.318 7.294 7.271 7.247 7.224 7.200 7.179 7.180 7.182 7.184 7.186 7.179 7.143 7.107 7.072 7.050 7.039 7.028 7.016 7.005 6.994 6.982 6.971 6.945 6.896 6.846 6.796 6.745 6.695 6.645 6.595 6.545 6.537 6.552 6.567 6.572 6.569 6.567 6.564 6.561 6.529 6.360 6.192 6.024 5.856 5.687 5.560 5.480 5.399 5.309 5.209 5.108 5.008 4.907 4.807
5.695 5.729 5.787 5.900 6.012 6.125 6.238 6.345 6.434 6.523 6.612 6.698 6.774 6.849 6.925 7.001 7.077 7.153 7.228 7.304 7.316 7.292 7.269 7.245 7.221 7.198 7.174 7.150 7.127 7.127 7.129 7.130 7.121 7.085 7.050 7.014 6.978 6.952 6.941 6.930 6.918 6.907 6.896 6.884 6.849 6.755 6.709 6.666 6.622 6.576 6.526 6.476 6.426 6.376 6.355 6.369 6.375 6.372 6.369 6.367 6.364 6.361 6.358 6.203 6.035 5.866 5.698 5.558 5.477 5.397 5.317 5.235 5.135 5.034 4.933 4.833 4.732
5.835 5.869 5.913 6.025 6.138 6.251 6.356 6.446 6.535 6.624 6.713 6.801 6.877 6.953 7.029 7.104 7.180 7.256 7.332 7.318 7.272 7.246 7.220 7.195 7.172 7.148 7.124 7.101 7.077 7.073 7.075 7.063 7.028 6.992 6.956 6.920 6.885 6.855 6.843 6.832 6.820 6.809 6.798 6.760 6.667 6.573 6.517 6.473 6.430 6.387 6.344 6.300 6.256 6.206 6.172 6.177 6.175 6.172 6.169 6.166 6.164 6.161 6.158 6.046 5.877 5.709 5.555 5.475 5.395 5.315 5.235 5.154 5.060 4.960 4.859 4.759 4.658
5.976 6.010 6.044 6.151 6.263 6.368 6.457 6.547 6.636 6.725 6.814 6.903 6.980 7.056 7.132 7.208 7.283 7.359 7.337 7.280 7.228 7.202 7.177 7.151 7.125 7.100 7.075 7.051 7.027 7.019 7.006 6.970 6.934 6.898 6.863 6.827 6.791 6.757 6.745 6.734 6.722 6.711 6.672 6.578 6.485 6.391 6.324 6.281 6.238 6.195 6.151 6.108 6.065 6.022 6.011 5.985 5.974 5.972 5.969 5.966 5.964 5.961 5.958 5.888 5.720 5.553 5.473 5.393 5.313 5.232 5.152 5.072 4.986 4.886 4.785 4.685 4.586
6.117 6.151 6.185 6.276 6.380 6.469 6.558 6.648 6.737 6.826 6.915 7.004 7.084 7.159 7.235 7.311 7.387 7.357 7.299 7.242 7.184 7.159 7.133 7.108 7.082 7.056 7.031 7.005 6.979 6.948 6.912 6.876 6.841 6.805 6.769 6.734 6.698 6.662 6.647 6.636 6.624 6.583 6.489 6.396 6.302 6.209 6.132 6.089 6.045 6.002 5.959 5.916 5.873 5.864 5.887 5.870 5.844 5.818 5.792 5.766 5.764 5.761 5.758 5.731 5.562 5.471 5.391 5.310 5.230 5.150 5.070 4.990 4.910 4.812 4.711 4.610 4.529
6.252 6.289 6.325 6.392 6.481 6.570 6.659 6.749 6.838 6.927 7.016 7.105 7.187 7.263 7.338 7.414 7.376 7.319 7.261 7.204 7.146 7.115 7.089 7.064 7.038 7.013 6.987 6.961 6.923 6.875 6.832 6.789 6.747 6.712 6.676 6.640 6.604 6.569 6.549 6.538 6.494 6.401 6.307 6.214 6.120 6.026 5.940 5.896 5.853 5.810 5.767 5.723 5.715 5.738 5.762 5.756 5.729 5.703 5.677 5.651 5.625 5.598 5.572 5.555 5.469 5.389 5.308 5.228 5.148 5.068 4.988 4.907 4.827 4.737 4.637 4.538 4.473
6.383 6.420 6.425 6.435 6.548 6.661 6.760 6.849 6.939 7.028 7.117 7.206 7.290 7.366 7.442 7.396 7.338 7.281 7.223 7.166 7.108 7.072 7.046 7.020 6.995 6.969 6.943 6.904 6.854 6.804 6.761 6.718 6.675 6.632 6.589 6.547 6.511 6.475 6.451 6.406 6.312 6.218 6.125 6.031 5.938 5.844 5.751 5.704 5.661 5.618 5.574 5.566 5.590 5.613 5.637 5.641 5.615 5.589 5.562 5.536 5.510 5.484 5.458 5.469 5.417 5.325 5.234 5.146 5.066 4.985 4.905 4.825 4.745 4.663 4.563 4.482 4.417
6.515 6.521 6.481 6.458 6.571 6.684 6.797 6.910 7.023 7.129 7.218 7.307 7.393 7.469 7.415 7.358 7.300 7.243 7.185 7.128 7.070 7.028 7.002 6.977 6.951 6.925 6.885 6.834 6.784 6.734 6.690 6.647 6.604 6.561 6.518 6.475 6.432 6.389 6.319 6.223 6.130 6.036 5.943 5.849 5.756 5.662 5.569 5.512 5.469 5.425 5.417 5.441 5.464 5.488 5.511 5.526 5.500 5.474 5.448 5.421 5.395 5.369 5.381 5.409 5.382 5.290 5.199 5.107 5.016 4.924 4.833 4.743 4.662 4.582 4.491 4.426 4.361
6.618 6.577 6.536 6.495 6.595 6.708 6.821 6.934 7.047 7.160 7.273 7.386 7.492 7.435 7.377 7.320 7.262 7.205 7.147 7.090 7.032 6.984 6.959 6.933 6.907 6.865 6.815 6.765 6.714 6.664 6.619 6.576 6.533 6.490 6.447 6.404 6.361 6.332 6.304 6.160 6.015 5.871 5.761 5.667 5.573 5.480 5.386 5.320 5.276 5.268 5.292 5.315 5.339 5.362 5.386 5.409 5.385 5.359 5.333 5.307 5.281 5.293 5.321 5.349 5.346 5.255 5.163 5.072 4.981 4.889 4.798 4.706 4.615 4.523 4.484 4.443 4.402
6.673 6.632 6.591 6.551 6.619 6.732 6.845 6.958 7.071 7.184 7.297 7.397 7.274 7.262 7.270 7.278 7.224 7.167 7.109 7.052 6.994 6.941 6.915 6.889 6.846 6.796 6.746 6.695 6.645 6.594 6.548 6.505 6.462 6.419 6.376 6.333 6.305 6.291 6.276 6.144 6.000 5.856 5.711 5.567 5.423 5.298 5.204 5.127 5.120 5.143 5.167 5.190 5.213 5.237 5.261 5.284 5.271 5.245 5.218 5.192 5.204 5.232 5.260 5.289 5.311 5.220 5.128 5.037 4.945 4.854 4.762 4.671 4.580 4.542 4.513 4.492 4.457
6.728 6.688 6.647 6.606 6.642 6.755 6.868 6.981 7.094 7.207 7.302 7.179 7.056 7.020 7.028 7.036 7.044 7.052 7.060 7.014 6.956 6.898 6.871 6.827 6.777 6.726 6.676 6.625 6.575 6.525 6.477 6.434 6.391 6.348 6.305 6.278 6.264 6.249 6.235 6.128 5.984 5.840 5.696 5.551 5.407 5.263 5.119 4.989 4.994 5.018 5.041 5.065 5.088 5.112 5.135 5.159 5.156 5.130 5.104 5.116 5.144 5.172 5.200 5.228 5.257 5.184 5.093 5.001 4.910 4.819 4.727 4.640 4.606 4.571 4.541 4.521 4.500
6.784 6.743 6.702 6.661 6.666 6.779 6.892 7.005 7.118 7.208 7.085 6.962 6.839 6.778 6.786 6.794 6.802 6.810 6.818 6.826 6.833 6.841 6.808 6.757 6.707 6.657 6.606 6.556 6.505 6.455 6.406 6.363 6.320 6.277 6.251 6.237 6.222 6.208 6.194 6.112 5.968 5.824 5.680 5.536 5.392 5.248 5.096 4.940 4.931 4.937 4.942 4.947 4.963 4.986 5.010 5.033 5.042 5.015 5.027 5.055 5.084 5.112 5.140 5.168 5.196 5.149 5.058 4.966 4.875 4.783 4.703 4.669 4.635 4.601 4.570 4.549 4.529
6.839 6.798 6.757 6.717 6.690 6.803 6.916 7.029 7.113 6.990 6.867 6.745 6.622 6.536 6.544 6.552 6.560 6.568 6.575 6.583 6.591 6.668 6.687 6.657 6.628 6.587 6.537 6.486 6.436 6.385 6.335 6.292 6.249 6.224 6.209 6.195 6.181 6.167 6.153 6.096 5.952 5.808 5.664 5.520 5.376 5.225 5.068 4.911 4.869 4.874 4.879 4.885 4.890 4.895 4.900 4.908 4.927 4.939 4.967 4.995 5.023 5.052 5.080 5.108 5.136 5.114 5.022 4.931 4.840 4.767 4.733 4.698 4.664 4.630 4.598 4.578 4.558
6.894 6.854 6.813 6.772 6.731 6.827 6.940 7.019 6.896 6.773 6.650 6.527 6.405 6.294 6.302 6.310 6.318 6.326 6.333 6.341 6.421 6.510 6.550 6.521 6.492 6.463 6.434 6.405 6.366 6.316 6.265 6.221 6.197 6.182 6.168 6.154 6.140 6.126 6.111 6.081 5.937 5.792 5.648 5.504 5.353 5.196 5.039 4.882 4.806 4.812 4.817 4.822 4.827 4.833 4.838 4.843 4.887 4.903 4.912 4.935 4.963 4.991 5.020 5.048 5.076 5.079 4.987 4.896 4.830 4.796 4.762 4.727 4.693 4.659 4.627 4.607 4.586
6.943 6.909 6.868 6.827 6.787 6.850 6.924 6.801 6.679 6.556 6.433 6.310 6.188 6.065 6.060 6.068 6.076 6.083 6.091 6.174 6.263 6.352 6.414 6.385 6.356 6.327 6.298 6.269 6.240 6.210 6.181 6.170 6.155 6.141 6.127 6.113 6.099 6.084 6.070 6.056 5.921 5.777 5.633 5.481 5.324 5.167 5.011 4.854 4.744 4.749 4.754 4.760 4.765 4.770 4.775 4.820 4.880 4.906 4.916 4.925 4.934 4.943 4.959 4.987 5.016 5.043 4.952 4.894 4.860 4.825 4.791 4.757 4.722 4.688 4.656 4.635 4.615
6.785 6.803 6.821 6.840 6.842 6.830 6.707 6.584 6.461 6.339 6.216 6.093 5.970 5.848 5.818 5.826 5.833 5.841 5.928 6.016 6.105 6.193 6.278 6.249 6.220 6.191 6.162 6.132 6.103 6.074 6.198 6.281 6.215 6.148 6.086 6.072 6.057 6.043 6.029 6.015 5.905 5.761 5.609 5.452 5.296 5.139 4.982 4.825 4.681 4.687 4.692 4.697 4.702 4.708 4.752 4.812 4.873 4.910 4.919 4.928 4.938 4.947 4.956 4.965 4.975 4.984 4.958 4.923 4.889 4.855 4.820 4.786 4.752 4.717 4.684 4.664 4.644
6.626 6.644 6.663 6.681 6.686 6.614 6.490 6.367 6.244 6.121 5.999 5.876 5.753 5.630 5.575 5.583 5.593 5.681 5.770 5.858 5.947 6.035 6.124 6.113 6.084 6.054 6.025 5.996 5.967 6.100 6.280 6.410 6.343 6.276 6.209 6.143 6.076 6.009 5.988 5.974 5.889 5.737 5.581 5.424 5.267 5.110 4.954 4.797 4.640 4.624 4.629 4.635 4.640 4.684 4.745 4.805 4.866 4.914 4.923 4.932 4.941 4.951 4.960 4.969 4.978 5.008 4.995 4.955 4.918 4.884 4.850 4.815 4.781 4.747 4.713 4.692 4.672
6.468 6.486 6.504 6.510 6.457 6.399 6.276 6.152 6.029 5.905 5.782 5.659 5.536 5.413 5.333 5.346 5.434 5.523 5.612 5.700 5.789 5.877 5.966 5.976 5.947 5.918 5.889 5.860 6.002 6.182 6.361 6.538 6.471 6.405 6.338 6.271 6.204 6.138 6.071 6.004 5.865 5.709 5.552 5.395 5.238 5.082 4.925 4.768 4.611 4.562 4.567 4.572 4.616 4.677 4.738 4.798 4.859 4.917 4.926 4.936 4.945 4.954 4.963 4.973 5.004 5.041 5.038 4.998 4.958 4.918 4.879 4.844 4.810 4.776 4.741 4.721 4.701
6.309 6.327 6.334 6.281 6.227 6.174 6.061 5.938 5.814 5.690 5.567 5.443 5.320 5.196 5.099 5.188 5.276 5.365 5.454 5.542 5.631 5.719 5.808 5.840 5.811 5.782 5.753 5.904 6.084 6.263 6.443 6.622 6.600 6.533 6.466 6.400 6.333 6.266 6.199 6.034 5.827 5.673 5.519 5.364 5.210 5.053 4.896 4.740 4.583 4.499 4.504 4.548 4.609 4.670 4.730 4.791 4.852 4.913 4.930 4.939 4.949 4.958 4.967 5.000 5.036 5.073 5.081 5.041 5.001 4.961 4.921 4.882 4.842 4.805 4.771 4.751 4.821
6.150 6.158 6.105 6.051 5.998 5.945 5.846 5.723 5.599 5.476 5.352 5.229 5.105 5.018 5.195 5.203 5.202 5.207 5.296 5.384 5.473 5.561 5.650 5.704 5.675 5.646 5.806 5.986 6.165 6.345 6.524 6.704 6.728 6.661 6.595 6.528 6.461 6.394 6.225 6.009 5.794 5.635 5.481 5.327 5.173 5.019 4.864 4.710 4.554 4.437 4.480 4.541 4.602 4.663 4.723 4.784 4.845 4.906 4.934 4.943 4.952 4.961 4.996 5.032 5.068 5.105 5.124 5.084 5.044 5.004 4.965 4.925 4.885 4.845 4.825 4.900 4.970
5.982 5.929 5.875 5.822 5.768 5.715 5.631 5.508 5.384 5.261 5.137 5.014 4.933 5.110 5.287 5.329 5.328 5.327 5.326 5.324 5.323 5.403 5.492 5.568 5.539 5.708 5.888 6.067 6.247 6.427 6.606 6.786 6.856 6.790 6.723 6.656 6.590 6.416 6.200 5.985 5.769 5.598 5.444 5.290 5.135 4.981 4.827 4.673 4.519 4.424 4.478 4.534 4.595 4.655 4.716 4.777 4.838 4.899 4.937 4.947 4.956 4.991 5.028 5.064 5.101 5.137 5.167 5.127 5.087 5.047 5.007 4.968 4.928 4.926 4.949 5.023 5.105
5.753 5.699 5.646 5.593 5.539 5.486 5.417 5.293 5.170 5.046 4.923 4.849 5.025 5.202 5.379 5.455 5.454 5.453 5.452 5.451 5.449 5.448 5.447 5.446 5.610 5.790 5.969 6.149 6.329 6.508 6.688 6.867 6.985 6.918 6.851 6.785 6.607 6.391 6.176 5.960 5.744 5.561 5.406 5.252 5.098 4.944 4.790 4.635 4.537 4.466 4.494 4.549 4.603 4.658 4.712 4.770 4.831 4.892 4.941 4.951 4.987 5.023 5.060 5.096 5.133 5.169 5.206 5.170 5.130 5.090 5.050 5.010 5.026 5.050 5.073 5.145 5.227
5.523 5.470 5.417 5.363 5.310 5.256 5.202 5.079 4.955 4.831 4.764 4.941 5.117 5.294 5.471 5.582 5.580 5.579 5.578 5.577 5.576 5.575 5.578 5.686 5.810 5.940 6.071 6.231 6.410 6.590 6.769 6.949 7.113 7.046 6.980 6.798 6.582 6.366 6.151 5.935 5.719 5.523 5.369 5.215 5.060 4.906 4.752 4.652 4.582 4.511 4.511 4.565 4.619 4.674 4.728 4.783 4.837 4.892 4.947 4.983 5.019 5.056 5.092 5.129 5.165 5.201 5.238 5.213 5.173 5.133 5.103 5.127 5.150 5.174 5.198 5.267 5.349
5.294 5.241 5.187 5.134 5.080 5.027 4.974 4.864 4.740 4.680 4.856 5.033 5.210 5.386 5.563 5.708 5.707 5.706 5.704 5.703 5.702 5.711 5.818 5.926 6.046 6.176 6.307 6.437 6.567 6.697 6.851 7.030 7.210 7.175 6.989 6.773 6.557 6.342 6.126 5.910 5.694 5.486 5.331 5.177 5.023 4.869 4.768 4.697 4.627 4.556 4.527 4.581 4.635 4.690 4.744 4.799 4.853 4.908 4.997 5.038 5.065 5.092 5.124 5.161 5.197 5.234 5.270 5.256 5.216 5.203 5.227 5.251 5.274 5.298 5.322 5.389 5.471
5.258 5.134 5.010 4.904 4.851 4.798 4.744 4.649 4.595 4.772 4.948 5.125 5.302 5.478 5.655 5.832 5.833 5.832 5.831 5.829 5.844 5.951 6.059 6.166 6.282 6.412 6.543 6.673 6.803 6.933 7.064 7.194 7.324 7.180 6.964 6.748 6.533 6.317 6.101 5.885 5.669 5.454 5.294 5.140 4.986 4.884 4.813 4.742 4.672 4.601 4.543 4.597 4.652 4.706 4.760 4.815 4.869 4.956 5.045 5.101 5.128 5.155 5.182 5.209 5.236 5.266 5.302 5.299 5.304 5.327 5.351 5.375 5.398 5.422 5.446 5.511 5.593
5.279 5.155 5.030 4.906 4.782 4.657 4.533 4.511 4.687 4.864 5.041 5.217 5.394 5.570 5.747 5.924 5.959 5.958 5.957 5.977 6.084 6.191 6.299 6.406 6.518 6.648 6.779 6.909 7.039 7.169 7.300 7.430 7.212 7.000 6.837 6.674 6.508 6.292 6.076 5.860 5.645 5.429 5.256 5.102 4.999 4.928 4.858 4.787 4.717 4.646 4.576 4.613 4.668 4.722 4.777 4.831 4.916 5.004 5.093 5.164 5.191 5.218 5.245 5.272 5.299 5.326 5.353 5.399 5.428 5.451 5.475 5.499 5.523 5.546 5.570 5.633 5.715
5.300 5.176 5.051 4.927 4.803 4.678 4.595 4.653 4.810 4.967 5.133 5.309 5.486 5.662 5.839 6.016 6.086 6.084 6.109 6.217 6.324 6.432 6.539 6.646 6.754 6.884 7.014 7.145 7.275 7.405 7.536 7.294 7.034 6.803 6.641 6.478 6.315 6.152 5.989 5.826 5.620 5.404 5.219 5.114 5.044 4.973 4.903 4.832 4.762 4.691 4.620 4.629 4.684 4.738 4.793 4.875 4.964 5.053 5.141 5.227 5.254 5.281 5.308 5.335 5.362 5.389 5.445 5.500 5.535 5.570 5.599 5.623 5.647 5.670 5.694 5.755 5.837
5.321 5.197 5.072 4.948 4.823 4.740 4.776 4.812 4.966 5.123 5.280 5.437 5.594 5.755 5.931 6.108 6.212 6.242 6.349 6.457 6.564 6.672 6.779 6.887 6.994 7.120 7.250 7.381 7.511 7.637 7.376 7.116 6.855 6.607 6.444 6.281 6.118 5.955 5.792 5.630 5.467 5.304 5.220 5.159 5.089 5.018 4.948 4.877 4.807 4.736 4.665 4.645 4.700 4.754 4.835 4.924 5.012 5.101 5.190 5.278 5.318 5.345 5.372 5.399 5.425 5.481 5.542 5.600 5.636 5.671 5.706 5.741 5.771 5.794 5.818 5.877 5.959
5.342 5.217 5.093 4.969 4.885 4.921 4.957 4.993 5.122 5.279 5.436 5.593 5.750 5.907 6.064 6.221 6.369 6.482 6.590 6.697 6.804 6.912 7.019 7.127 7.234 7.356 7.486 7.617 7.719 7.458 7.198 6.937 6.677 6.416 6.248 6.085 5.922 5.759 5.596 5.433 5.270 5.204 5.194 5.142 5.090 5.038 4.986 4.922 4.852 4.781 4.710 4.661 4.716 4.795 4.883 4.972 5.061 5.149 5.238 5.327 5.381 5.408 5.435 5.462 5.517 5.578 5.639 5.701 5.736 5.771 5.806 5.841 5.877 5.912 5.942 5.999 6.063
5.363 5.238 5.114 5.029 5.065 5.102 5.137 5.173 5.278 5.435 5.592 5.749 5.906 6.063 6.220 6.326 6.353 6.544 6.734 6.925 7.045 7.152 7.259 7.367 7.474 7.592 7.722 7.800 7.540 7.280 7.019 6.759 6.499 6.238 6.051 5.888 5.725 5.562 5.399 5.237 5.176 5.168 5.161 5.116 5.064 5.012 4.960 4.908 4.856 4.804 4.752 4.685 4.754 4.843 4.932 5.020 5.109 5.198 5.286 5.375 5.444 5.471 5.498 5.552 5.614 5.675 5.737 5.798 5.837 5.872 5.907 5.942 5.977 6.012 5.967 6.063 6.151
5.383 5.259 5.174 5.210 5.246 5.282 5.318 5.354 5.434 5.591 5.748 5.905 6.062 6.219 6.320 6.341 6.362 6.527 6.718 6.909 7.100 7.290 7.481 7.607 7.714 7.828 7.883 7.622 7.362 7.101 6.841 6.581 6.320 6.060 5.855 5.692 5.529 5.366 5.203 5.147 5.140 5.132 5.125 5.090 5.038 4.986 4.934 4.882 4.830 4.778 4.726 4.710 4.778 4.875 4.972 5.068 5.157 5.246 5.335 5.423 5.507 5.534 5.588 5.650 5.711 5.773 5.834 5.895 5.937 5.972 6.007 6.043 6.022 5.921 5.821 5.971 6.173
5.404 5.319 5.355 5.391 5.427 5.463 5.499 5.535 5.590 5.747 5.904 6.061 6.218 6.313 6.334 6.355 6.377 6.511 6.702 6.893 7.083 7.274 7.465 7.655 7.846 7.952 7.704 7.444 7.183 6.923 6.663 6.402 6.142 5.881 5.658 5.495 5.332 5.169 5.119 5.111 5.104 5.097 5.089 5.064 5.012 4.960 4.908 4.856 4.804 4.752 4.731 4.743 4.784 4.881 4.978 5.075 5.172 5.269 5.366 5.464 5.560 5.624 5.685 5.747 5.808 5.870 5.931 5.992 6.038 6.073 6.076 5.975 5.875 5.774 5.676 5.878 6.080
5.464 5.500 5.536 5.572 5.608 5.644 5.680 5.716 5.752 5.903 6.060 6.217 6.307 6.328 6.349 6.370 6.391 6.495 6.686 6.876 7.067 7.258 7.449 7.639 7.731 7.636 7.428 7.211 6.994 6.745 6.484 6.224 5.963 5.703 5.461 5.299 5.136 5.090 5.083 5.076 5.068 5.061 5.053 5.038 4.986 4.934 4.882 4.830 4.778 4.751 4.763 4.775 4.789 4.886 4.984 5.081 5.178 5.275 5.372 5.469 5.509 5.541 5.637 5.734 5.830 5.926 6.023 6.090 6.130 6.030 5.929 5.829 5.728 5.628 5.584 5.786 5.988
