includes/overflow_coast_v/floodfiles/results/res.max
ncols         631
nrows         906
xllcorner     364927.146600
yllcorner     6531972.565600
cellsize      20.000000
NODATA_value  -9999.000000
[rows 476 to 509 of 906, columns 539 to 615 of 631]
4.760 4.757 4.754 4.751 4.748 4.745 4.741 4.738 4.735 4.732 4.729 4.726 4.723 4.720 4.717 4.744 4.788 4.832 4.875 4.917 4.960 5.002 5.044 5.086 5.128 5.170 5.212 5.255 5.297 5.339 5.383 5.441 5.507 5.575 5.643 5.711 5.779 5.847 5.915 5.982 6.050 6.167 6.349 6.532 6.714 6.905 7.145 7.384 7.624 7.864 7.998 7.897 7.796 7.696 7.598 7.529 7.459 7.390 7.320 7.251 7.182 7.110 7.036 6.962 6.888 6.814 6.741 6.667 6.593 6.519 6.445 6.372 6.279 6.258 6.237 6.217 6.197
4.769 4.766 4.763 4.760 4.756 4.753 4.750 4.747 4.744 4.741 4.738 4.735 4.731 4.728 4.724 4.739 4.781 4.823 4.865 4.907 4.949 4.991 5.033 5.075 5.117 5.160 5.202 5.244 5.286 5.328 5.378 5.435 5.492 5.559 5.627 5.695 5.763 5.831 5.899 5.967 6.035 6.172 6.354 6.537 6.719 6.902 7.084 7.286 7.526 7.765 7.940 7.839 7.739 7.652 7.582 7.513 7.444 7.374 7.305 7.236 7.166 7.095 7.021 6.947 6.873 6.800 6.726 6.652 6.578 6.504 6.430 6.357 6.282 6.241 6.225 6.205 6.184
4.778 4.775 4.772 4.768 4.765 4.762 4.759 4.756 4.753 4.750 4.747 4.744 4.739 4.734 4.729 4.749 4.770 4.812 4.854 4.896 4.938 4.981 5.023 5.065 5.107 5.149 5.191 5.233 5.276 5.318 5.372 5.429 5.486 5.544 5.611 5.679 5.747 5.815 5.883 5.951 6.019 6.177 6.359 6.542 6.724 6.907 7.089 7.271 7.454 7.667 7.882 7.782 7.706 7.636 7.567 7.497 7.428 7.359 7.289 7.220 7.151 7.080 7.006 6.932 6.859 6.785 6.711 6.637 6.563 6.489 6.415 6.339 6.262 6.213 6.199 6.185 6.171
4.786 4.783 4.780 4.777 4.774 4.771 4.768 4.765 4.762 4.759 4.755 4.750 4.745 4.740 4.738 4.758 4.778 4.801 4.843 4.886 4.928 4.970 5.012 5.054 5.096 5.138 5.181 5.223 5.265 5.309 5.366 5.423 5.480 5.538 5.596 5.664 5.732 5.799 5.867 5.935 6.003 6.182 6.364 6.547 6.729 6.912 7.094 7.276 7.459 7.641 7.834 7.760 7.690 7.621 7.551 7.482 7.413 7.343 7.274 7.204 7.135 7.065 6.991 6.917 6.843 6.769 6.696 6.622 6.548 6.474 6.397 6.320 6.242 6.185 6.171 6.157 6.143
4.795 4.792 4.789 4.786 4.783 4.780 4.777 4.774 4.770 4.765 4.760 4.755 4.750 4.745 4.748 4.768 4.788 4.808 4.833 4.875 4.917 4.959 5.001 5.043 5.086 5.128 5.170 5.212 5.254 5.303 5.360 5.417 5.474 5.532 5.589 5.648 5.716 5.784 5.852 5.919 6.005 6.187 6.369 6.552 6.734 6.916 7.099 7.281 7.472 7.704 7.936 7.817 7.689 7.605 7.536 7.466 7.397 7.327 7.258 7.189 7.120 7.050 6.976 6.902 6.828 6.754 6.681 6.607 6.532 6.455 6.377 6.300 6.223 6.157 6.143 6.129 6.115
4.804 4.801 4.798 4.795 4.791 4.788 4.785 4.781 4.776 4.771 4.766 4.761 4.756 4.751 4.758 4.778 4.798 4.818 4.838 4.864 4.906 4.948 4.991 5.033 5.075 5.117 5.159 5.201 5.244 5.297 5.354 5.411 5.468 5.526 5.583 5.640 5.700 5.768 5.836 5.904 6.010 6.192 6.374 6.557 6.739 6.921 7.110 7.342 7.574 7.806 8.038 7.916 7.788 7.660 7.532 7.451 7.381 7.312 7.242 7.173 7.104 7.035 6.961 6.887 6.813 6.739 6.666 6.589 6.512 6.435 6.357 6.280 6.203 6.129 6.115 6.101 6.087
4.812 4.809 4.806 4.803 4.800 4.796 4.791 4.786 4.781 4.776 4.772 4.767 4.762 4.757 4.768 4.788 4.808 4.828 4.848 4.868 4.896 4.938 4.980 5.022 5.064 5.106 5.149 5.191 5.233 5.291 5.348 5.405 5.462 5.520 5.577 5.634 5.692 5.752 5.820 5.888 6.015 6.197 6.379 6.562 6.749 6.980 7.212 7.444 7.676 7.908 8.139 8.015 7.887 7.759 7.631 7.503 7.376 7.296 7.227 7.157 7.088 7.019 6.946 6.872 6.798 6.724 6.647 6.570 6.492 6.415 6.338 6.260 6.183 6.106 6.087 6.073 6.059
4.821 4.818 4.815 4.811 4.806 4.802 4.797 4.792 4.787 4.782 4.777 4.772 4.767 4.762 4.777 4.798 4.818 4.838 4.858 4.878 4.898 4.927 4.969 5.011 5.053 5.096 5.138 5.180 5.228 5.285 5.342 5.399 5.457 5.514 5.571 5.628 5.686 5.743 5.804 5.872 6.019 6.202 6.387 6.619 6.850 7.082 7.314 7.546 7.777 8.009 8.241 8.115 7.987 7.859 7.731 7.603 7.475 7.347 7.219 7.142 7.073 7.003 6.931 6.857 6.782 6.705 6.627 6.550 6.472 6.395 6.318 6.240 6.163 6.086 6.059 6.045 6.030
4.830 4.827 4.822 4.817 4.812 4.807 4.802 4.797 4.792 4.788 4.783 4.778 4.773 4.768 4.787 4.807 4.827 4.847 4.867 4.887 4.907 4.927 4.958 5.000 5.043 5.085 5.127 5.169 5.221 5.279 5.336 5.393 5.450 5.508 5.565 5.622 5.680 5.737 5.794 5.856 6.025 6.257 6.489 6.720 6.952 7.184 7.416 7.647 7.879 8.111 8.342 8.214 8.086 7.958 7.830 7.702 7.574 7.446 7.318 7.191 7.063 6.988 6.916 6.840 6.762 6.685 6.607 6.530 6.452 6.375 6.298 6.220 6.143 6.066 6.030 6.016 6.002
4.837 4.832 4.827 4.822 4.817 4.813 4.808 4.803 4.798 4.793 4.788 4.783 4.778 4.777 4.797 4.817 4.837 4.857 4.877 4.897 4.917 4.937 4.957 4.990 5.032 5.074 5.116 5.158 5.215 5.273 5.330 5.387 5.445 5.502 5.559 5.616 5.674 5.731 5.795 5.869 6.127 6.359 6.590 6.822 7.054 7.286 7.517 7.749 7.981 8.213 8.441 8.313 8.185 8.057 7.929 7.801 7.674 7.546 7.418 7.290 7.162 7.034 6.896 6.820 6.742 6.665 6.587 6.510 6.432 6.355 6.278 6.200 6.123 6.046 6.002 5.988 5.974
4.843 4.838 4.833 4.828 4.823 4.818 4.813 4.808 4.803 4.799 4.794 4.789 4.784 4.787 4.807 4.827 4.847 4.867 4.887 4.907 4.927 4.947 4.967 4.987 5.021 5.063 5.105 5.152 5.209 5.267 5.324 5.381 5.438 5.496 5.553 5.619 5.687 5.755 5.824 5.923 6.188 6.452 6.692 6.924 7.156 7.387 7.619 7.851 8.083 8.315 8.541 8.413 8.285 8.157 8.029 7.901 7.773 7.645 7.517 7.389 7.214 6.999 6.849 6.784 6.719 6.645 6.567 6.490 6.412 6.335 6.258 6.180 6.103 6.026 5.974 5.960 5.946
4.849 4.843 4.838 4.833 4.828 4.824 4.819 4.814 4.809 4.804 4.799 4.794 4.789 4.796 4.816 4.836 4.856 4.876 4.896 4.917 4.937 4.957 4.977 4.997 5.017 5.052 5.095 5.146 5.203 5.261 5.318 5.375 5.442 5.510 5.579 5.647 5.716 5.784 5.852 5.977 6.242 6.506 6.771 7.026 7.258 7.489 7.721 7.953 8.185 8.416 8.640 8.512 8.384 8.256 8.128 8.000 7.872 7.744 7.604 7.389 7.175 6.961 6.803 6.737 6.672 6.607 6.542 6.470 6.392 6.315 6.238 6.160 6.083 6.006 5.945 5.931 5.917
4.854 4.849 4.844 4.839 4.834 4.829 4.824 4.819 4.814 4.810 4.805 4.800 4.795 4.806 4.826 4.846 4.866 4.886 4.906 4.926 4.946 4.966 4.986 5.006 5.026 5.046 5.084 5.140 5.197 5.266 5.334 5.402 5.471 5.539 5.607 5.676 5.744 5.812 5.881 6.031 6.296 6.560 6.825 7.089 7.354 7.591 7.823 8.055 8.286 8.518 8.739 8.611 8.483 8.355 8.227 8.099 7.971 7.780 7.565 7.351 7.136 6.922 6.756 6.691 6.625 6.560 6.495 6.430 6.365 6.295 6.217 6.140 6.063 5.986 5.917 5.903 5.889
4.860 4.855 4.850 4.845 4.840 4.835 4.830 4.825 4.820 4.815 4.810 4.805 4.800 4.816 4.836 4.856 4.876 4.896 4.916 4.936 4.956 4.976 4.996 5.016 5.036 5.056 5.089 5.158 5.226 5.294 5.363 5.431 5.499 5.568 5.636 5.704 5.773 5.841 5.910 6.085 6.350 6.614 6.879 7.143 7.408 7.672 7.924 8.156 8.388 8.620 8.839 8.711 8.583 8.455 8.327 8.170 7.955 7.741 7.526 7.312 7.098 6.883 6.709 6.644 6.579 6.514 6.448 6.383 6.318 6.253 6.188 6.120 6.043 5.965 5.888 5.874 5.860
4.866 4.861 4.856 4.851 4.845 4.840 4.835 4.830 4.825 4.821 4.816 4.811 4.806 4.825 4.845 4.865 4.885 4.905 4.926 4.946 4.966 4.986 5.006 5.029 5.052 5.075 5.117 5.186 5.255 5.323 5.391 5.460 5.528 5.596 5.665 5.733 5.801 5.870 5.938 6.139 6.404 6.668 6.933 7.197 7.462 7.726 7.991 8.255 8.490 8.722 8.938 8.810 8.682 8.554 8.346 8.131 7.917 7.702 7.488 7.273 7.059 6.844 6.662 6.597 6.532 6.467 6.402 6.336 6.271 6.206 6.141 6.076 6.011 5.945 5.868 5.849 5.903
4.872 4.867 4.861 4.856 4.851 4.846 4.841 4.836 4.831 4.826 4.821 4.816 4.815 4.835 4.855 4.875 4.895 4.915 4.935 4.955 4.978 5.001 5.025 5.048 5.071 5.094 5.145 5.214 5.283 5.352 5.420 5.488 5.557 5.625 5.693 5.762 5.830 5.898 5.967 6.193 6.458 6.722 6.987 7.251 7.516 7.780 8.045 8.309 8.574 8.823 9.037 8.909 8.736 8.521 8.307 8.092 7.878 7.663 7.449 7.235 7.020 6.806 6.616 6.550 6.485 6.420 6.355 6.290 6.224 6.159 6.094 6.029 5.964 5.899 5.874 5.909 5.956
4.877 4.872 4.867 4.862 4.857 4.852 4.847 4.842 4.837 4.832 4.827 4.822 4.825 4.845 4.865 4.885 4.905 4.928 4.951 4.974 4.997 5.020 5.043 5.067 5.090 5.113 5.172 5.241 5.310 5.380 5.448 5.517 5.585 5.654 5.722 5.790 5.859 5.927 5.996 6.247 6.512 6.776 7.041 7.305 7.570 7.834 8.099 8.363 8.628 8.893 9.126 8.912 8.697 8.483 8.268 8.054 7.839 7.625 7.410 7.196 6.981 6.767 6.569 6.503 6.438 6.373 6.308 6.243 6.177 6.112 6.047 5.982 5.917 5.942 5.993 6.031 6.061
4.883 4.878 4.873 4.868 4.863 4.858 4.853 4.848 4.842 4.837 4.832 4.827 4.834 4.854 4.877 4.900 4.924 4.947 4.970 4.993 5.016 5.039 5.062 5.086 5.109 5.132 5.200 5.269 5.338 5.407 5.476 5.545 5.614 5.682 5.751 5.819 5.887 5.956 6.036 6.301 6.566 6.830 7.095 7.359 7.624 7.888 8.153 8.417 8.675 8.820 8.942 8.810 8.659 8.444 8.230 8.015 7.800 7.586 7.371 7.157 6.942 6.728 6.522 6.457 6.391 6.326 6.261 6.196 6.130 6.065 6.000 5.960 6.010 6.061 6.111 6.153 6.182
4.889 4.884 4.879 4.874 4.869 4.864 4.859 4.853 4.848 4.843 4.838 4.832 4.850 4.873 4.896 4.919 4.942 4.966 4.989 5.012 5.035 5.058 5.081 5.104 5.128 5.158 5.227 5.297 5.366 5.435 5.504 5.573 5.642 5.711 5.779 5.848 5.916 5.985 6.090 6.355 6.620 6.884 7.149 7.413 7.678 7.942 8.207 8.353 8.499 8.644 8.759 8.626 8.493 8.361 8.191 7.976 7.762 7.547 7.333 7.118 6.904 6.689 6.475 6.410 6.344 6.279 6.214 6.149 6.083 6.018 6.028 6.078 6.129 6.179 6.230 6.274 6.304
4.895 4.890 4.885 4.879 4.874 4.869 4.864 4.859 4.854 4.847 4.841 4.835 4.862 4.892 4.915 4.938 4.961 4.984 5.008 5.031 5.054 5.077 5.100 5.123 5.147 5.186 5.255 5.324 5.393 5.462 5.532 5.601 5.670 5.739 5.808 5.876 5.945 6.013 6.144 6.409 6.673 6.938 7.203 7.467 7.732 7.886 8.032 8.177 8.322 8.468 8.575 8.443 8.310 8.177 8.045 7.912 7.723 7.508 7.294 7.079 6.865 6.650 6.436 6.363 6.297 6.232 6.167 6.101 6.046 6.096 6.147 6.197 6.247 6.298 6.348 6.396 6.425
4.901 4.896 4.890 4.885 4.880 4.875 4.869 4.863 4.856 4.850 4.843 4.842 4.873 4.903 4.934 4.957 4.980 5.003 5.026 5.050 5.073 5.096 5.119 5.142 5.165 5.214 5.283 5.352 5.421 5.490 5.559 5.629 5.698 5.767 5.836 5.905 5.973 6.042 6.198 6.463 6.727 6.992 7.257 7.419 7.565 7.710 7.855 8.001 8.146 8.292 8.392 8.259 8.126 7.994 7.861 7.728 7.596 7.463 7.255 7.040 6.826 6.611 6.397 6.316 6.250 6.185 6.120 6.115 6.165 6.215 6.265 6.315 6.366 6.416 6.467 6.517 6.547
4.906 4.901 4.896 4.891 4.884 4.878 4.872 4.865 4.859 4.852 4.846 4.853 4.883 4.914 4.945 4.975 4.999 5.022 5.045 5.068 5.092 5.115 5.138 5.161 5.184 5.241 5.310 5.379 5.449 5.518 5.587 5.656 5.725 5.795 5.864 5.933 6.002 6.071 6.252 6.517 6.781 6.952 7.098 7.243 7.388 7.534 7.679 7.824 7.970 8.115 8.208 8.076 7.943 7.810 7.678 7.545 7.412 7.279 7.147 7.001 6.787 6.572 6.358 6.269 6.203 6.138 6.183 6.233 6.283 6.334 6.384 6.434 6.484 6.535 6.585 6.636 6.668
4.912 4.906 4.900 4.893 4.887 4.880 4.874 4.868 4.861 4.855 4.849 4.864 4.894 4.925 4.955 4.986 5.016 5.041 5.064 5.087 5.111 5.134 5.157 5.180 5.203 5.269 5.338 5.407 5.476 5.545 5.615 5.684 5.753 5.822 5.892 5.961 6.030 6.099 6.306 6.485 6.630 6.776 6.921 7.067 7.212 7.357 7.503 7.648 7.793 7.939 8.025 7.892 7.759 7.627 7.494 7.361 7.228 7.096 6.963 6.830 6.698 6.533 6.318 6.221 6.202 6.252 6.302 6.352 6.402 6.452 6.502 6.552 6.603 6.653 6.703 6.754 6.789
4.915 4.908 4.902 4.896 4.889 4.883 4.877 4.870 4.864 4.857 4.851 4.875 4.905 4.936 4.966 4.997 5.027 5.058 5.083 5.106 5.129 5.153 5.176 5.199 5.227 5.296 5.365 5.435 5.504 5.573 5.642 5.711 5.781 5.850 5.919 5.989 6.058 6.120 6.163 6.309 6.454 6.599 6.745 6.890 7.036 7.181 7.326 7.472 7.617 7.762 7.841 7.708 7.576 7.443 7.310 7.177 7.045 6.912 6.779 6.646 6.514 6.381 6.248 6.270 6.320 6.370 6.420 6.470 6.521 6.571 6.621 6.671 6.721 6.771 6.822 6.872 6.910
4.917 4.911 4.905 4.898 4.892 4.885 4.879 4.873 4.866 4.860 4.855 4.886 4.916 4.947 4.977 5.008 5.038 5.069 5.099 5.125 5.148 5.171 5.195 5.218 5.255 5.324 5.393 5.462 5.531 5.601 5.670 5.739 5.808 5.878 5.943 6.005 6.067 6.129 6.164 6.196 6.278 6.423 6.568 6.714 6.859 7.005 7.150 7.295 7.441 7.586 7.657 7.524 7.392 7.259 7.126 6.993 6.861 6.728 6.595 6.462 6.330 6.269 6.256 6.330 6.428 6.489 6.539 6.589 6.639 6.689 6.739 6.789 6.839 6.890 6.940 6.990 7.031
4.920 4.914 4.907 4.901 4.894 4.888 4.882 4.875 4.869 4.863 4.866 4.897 4.927 4.958 4.988 5.019 5.049 5.080 5.110 5.141 5.167 5.190 5.214 5.237 5.282 5.352 5.421 5.490 5.559 5.628 5.697 5.767 5.828 5.890 5.952 6.014 6.076 6.138 6.171 6.203 6.235 6.266 6.392 6.537 6.683 6.828 6.974 7.119 7.264 7.410 7.473 7.341 7.208 7.075 6.942 6.810 6.677 6.544 6.411 6.319 6.307 6.294 6.282 6.359 6.458 6.556 6.655 6.707 6.757 6.807 6.858 6.908 6.958 7.008 7.058 7.108 7.152
4.906 4.916 4.910 4.903 4.897 4.891 4.884 4.878 4.871 4.865 4.877 4.907 4.938 4.969 4.999 5.030 5.060 5.091 5.121 5.152 5.182 5.209 5.232 5.256 5.310 5.379 5.448 5.517 5.587 5.652 5.714 5.775 5.837 5.899 5.961 6.023 6.085 6.146 6.178 6.209 6.241 6.273 6.305 6.361 6.506 6.652 6.797 6.942 7.088 7.233 7.290 7.157 7.024 6.891 6.759 6.626 6.493 6.370 6.357 6.345 6.332 6.320 6.307 6.388 6.487 6.586 6.684 6.782 6.876 6.926 6.976 7.026 7.076 7.126 7.176 7.226 7.273
4.887 4.901 4.912 4.906 4.900 4.893 4.887 4.880 4.874 4.868 4.888 4.918 4.949 4.979 5.010 5.041 5.071 5.102 5.132 5.163 5.193 5.224 5.251 5.274 5.338 5.407 5.475 5.537 5.599 5.661 5.722 5.784 5.846 5.908 5.970 6.032 6.093 6.153 6.184 6.216 6.248 6.279 6.311 6.343 6.374 6.475 6.620 6.766 6.911 7.056 7.106 6.973 6.840 6.707 6.575 6.442 6.408 6.395 6.383 6.370 6.358 6.345 6.333 6.418 6.516 6.615 6.713 6.812 6.910 7.009 7.094 7.144 7.194 7.244 7.294 7.344 7.395
4.869 4.883 4.896 4.909 4.902 4.896 4.889 4.883 4.877 4.870 4.899 4.929 4.960 4.990 5.021 5.051 5.082 5.113 5.143 5.174 5.204 5.235 5.265 5.296 5.361 5.423 5.484 5.546 5.608 5.669 5.731 5.793 5.855 5.917 5.979 6.040 6.102 6.159 6.191 6.223 6.254 6.286 6.318 6.349 6.381 6.413 6.444 6.589 6.735 6.880 6.922 6.789 6.656 6.524 6.459 6.446 6.434 6.421 6.409 6.396 6.384 6.371 6.358 6.447 6.546 6.644 6.743 6.841 6.939 7.038 7.136 7.235 7.312 7.362 7.413 7.463 7.513
4.850 4.864 4.878 4.892 4.905 4.898 4.892 4.886 4.879 4.879 4.910 4.940 4.971 5.001 5.032 5.062 5.093 5.124 5.154 5.185 5.215 5.250 5.286 5.324 5.370 5.431 5.493 5.555 5.616 5.678 5.740 5.802 5.864 5.926 5.987 6.049 6.111 6.166 6.197 6.229 6.261 6.292 6.324 6.356 6.387 6.419 6.451 6.482 6.558 6.703 6.738 6.605 6.510 6.497 6.485 6.472 6.460 6.447 6.434 6.422 6.409 6.397 6.384 6.477 6.575 6.673 6.772 6.870 6.969 7.067 7.166 7.264 7.363 7.461 7.531 7.581 7.631
4.832 4.846 4.859 4.873 4.887 4.901 4.895 4.888 4.882 4.890 4.921 4.951 4.982 5.012 5.043 5.073 5.104 5.135 5.170 5.207 5.243 5.279 5.316 5.355 5.397 5.440 5.502 5.564 5.625 5.687 5.749 5.811 5.873 5.934 5.996 6.058 6.120 6.173 6.204 6.236 6.267 6.299 6.331 6.362 6.394 6.426 6.457 6.489 6.521 6.552 6.561 6.548 6.536 6.523 6.510 6.498 6.485 6.473 6.460 6.448 6.435 6.422 6.410 6.506 6.605 6.703 6.801 6.900 6.998 7.096 7.195 7.294 7.392 7.491 7.589 7.687 7.749
4.813 4.827 4.841 4.855 4.869 4.882 4.896 4.891 4.884 4.901 4.932 4.962 4.993 5.023 5.055 5.091 5.127 5.164 5.200 5.236 5.273 5.309 5.345 5.386 5.428 5.470 5.512 5.572 5.634 5.696 5.758 5.819 5.881 5.943 6.005 6.067 6.128 6.179 6.211 6.242 6.274 6.306 6.337 6.369 6.401 6.432 6.464 6.496 6.527 6.512 6.509 6.574 6.562 6.549 6.536 6.524 6.511 6.499 6.486 6.473 6.461 6.448 6.437 6.536 6.634 6.732 6.831 6.929 7.028 7.126 7.225 7.323 7.422 7.520 7.618 7.717 7.813
4.795 4.809 4.823 4.836 4.850 4.864 4.878 4.892 4.887 4.912 4.942 4.975 5.011 5.048 5.084 5.121 5.157 5.193 5.230 5.266 5.302 5.339 5.375 5.417 5.459 5.501 5.543 5.586 5.643 5.705 5.766 5.828 5.890 5.952 6.014 6.075 6.137 6.186 6.217 6.249 6.281 6.312 6.344 6.376 6.407 6.439 6.471 6.502 6.452 6.398 6.388 6.462 6.536 6.575 6.562 6.550 6.537 6.525 6.512 6.499 6.487 6.474 6.467 6.565 6.664 6.762 6.860 6.959 7.057 7.156 7.254 7.353 7.451 7.549 7.642 7.723 7.803
4.776 4.790 4.804 4.818 4.832 4.846 4.859 4.873 4.893 4.932 4.968 5.005 5.041 5.078 5.114 5.150 5.187 5.223 5.259 5.296 5.332 5.368 5.406 5.448 5.490 5.533 5.575 5.617 5.659 5.714 5.775 5.837 5.899 5.961 6.023 6.084 6.146 6.192 6.224 6.256 6.287 6.319 6.351 6.382 6.414 6.446 6.444 6.391 6.337 6.284 6.267 6.341 6.415 6.489 6.563 6.576 6.563 6.550 6.538 6.525 6.512 6.500 6.497 6.595 6.693 6.792 6.890 6.989 7.087 7.185 7.284 7.382 7.471 7.552 7.632 7.712 7.793
