includes/overflow_coast_v/floodfiles/results/res.totaltm
ncols         631
nrows         906
xllcorner     364927.146667
yllcorner     6531972.565556
cellsize      20.000000
NODATA_value  -9999.000000
[rows 495 to 527 of 906, columns 444 to 517 of 631]
0.000 0.000 0.000 0.000 0.000 0.000 0.000 0.000 0.000 0.000 0.000 0.000 0.000 0.000 0.000 0.000 0.000 0.000 0.000 0.000 0.000 0.000 0.000 0.000 0.000 0.000 0.000 0.000 0.000 0.000 0.000 0.000 0.000 0.000 0.000 0.000 0.000 0.000 0.000 0.000 0.000 0.000 0.000 0.000 0.000 0.000 0.000 0.000 0.000 0.000 0.000 0.000 0.000 0.000 0.000 0.000 0.000 0.000 0.000 0.000 0.000 0.000 0.000 0.000 0.000 0.000 0.877 0.963 1.012 1.116 6.844 0.000 0.000 0.000
0.000 0.000 0.000 0.000 0.000 0.000 0.000 0.000 0.000 0.000 0.000 0.000 0.000 0.000 0.000 0.000 0.000 0.000 0.000 0.000 0.000 0.000 0.000 0.000 0.000 0.000 0.000 0.000 5.177 4.431 4.647 4.973 0.000 0.000 0.000 0.000 0.000 0.000 0.000 0.000 0.000 0.000 0.000 0.000 0.000 0.000 0.000 0.000 0.000 0.000 0.000 0.000 0.000 0.000 0.000 0.000 0.000 0.000 0.000 0.000 0.000 0.000 0.000 0.000 0.000 0.000 1.824 12.016 12.029 12.009 1.102 0.000 0.000 0.000
0.000 0.000 0.000 0.000 0.000 0.000 0.000 0.000 0.000 0.000 0.000 0.000 0.000 0.000 0.000 0.000 0.000 0.000 0.000 0.000 0.000 0.000 0.000 0.000 0.000 0.000 4.219 5.567 5.548 5.295 5.273 5.244 0.000 0.000 0.000 0.000 0.000 0.000 0.000 0.000 0.000 0.000 0.000 0.000 0.000 0.000 0.000 0.000 0.000 0.000 0.000 0.000 0.000 0.000 0.000 0.000 0.000 0.000 0.000 0.000 0.000 0.000 0.000 0.000 0.000 0.000 8.102 1.440 12.043 12.062 0.856 7.025 0.000 0.000
0.000 0.000 0.000 0.000 0.000 0.000 0.000 0.000 0.000 0.000 0.000 0.000 0.000 0.000 0.000 0.000 0.000 0.000 0.000 0.000 0.000 0.000 0.000 5.115 5.820 4.679 5.767 5.658 4.305 5.276 4.957 0.000 3.902 3.879 0.000 0.000 0.000 0.000 0.000 0.000 0.000 0.000 0.000 0.000 0.000 0.000 0.000 0.000 0.000 0.000 0.000 0.000 0.000 0.000 0.000 0.000 0.000 0.000 0.000 0.000 0.000 0.000 0.000 0.000 0.000 0.000 0.000 1.787 12.083 12.109 12.129 0.837 3.362 6.729
0.000 0.000 0.000 0.000 0.000 0.000 0.000 0.000 0.000 0.000 0.000 0.000 0.000 0.000 0.000 0.000 0.000 0.000 0.000 0.000 0.000 0.000 6.032 3.948 5.928 5.814 5.795 0.000 5.035 5.053 2.188 3.953 3.927 0.000 0.000 0.000 0.000 0.000 0.000 0.000 1.747 0.000 0.000 0.000 0.000 0.000 0.000 0.000 0.000 0.000 0.000 0.000 0.000 0.000 0.000 0.000 0.000 0.000 0.000 0.000 0.000 0.000 0.000 0.000 0.000 0.000 0.000 7.857 1.613 12.154 12.185 0.000 4.728 7.826
0.000 0.000 0.000 0.000 0.000 0.000 0.000 0.000 0.000 0.000 0.000 0.000 0.000 0.000 0.000 0.000 0.000 0.000 0.000 0.000 0.000 6.750 6.773 6.021 6.392 5.561 0.948 5.632 4.669 4.577 4.525 4.470 0.000 6.510 0.000 0.000 0.000 0.000 0.000 0.899 1.807 1.856 0.000 0.000 0.000 0.000 0.000 0.000 0.000 0.000 0.000 0.000 0.000 0.000 0.000 0.000 0.000 0.000 10.977 0.191 0.000 0.000 0.000 0.000 0.000 0.000 0.000 0.000 7.726 1.597 12.289 12.392 12.412 13.760
0.000 0.000 0.000 0.000 0.000 0.000 0.000 0.000 0.000 0.000 0.000 0.000 0.000 0.000 0.000 0.000 0.000 0.000 0.000 0.000 7.027 6.334 6.872 6.541 6.442 6.426 4.505 5.695 5.657 0.000 4.288 0.000 6.717 6.527 6.511 6.281 0.000 5.099 0.000 0.000 2.469 2.376 0.000 0.000 0.000 0.000 0.000 0.000 0.000 0.000 0.000 0.000 0.000 0.000 10.837 1.504 1.828 4.233 1.112 7.837 0.000 0.000 0.000 0.000 0.000 0.000 0.000 0.000 0.000 7.686 1.585 12.364 1.841 13.831
0.000 0.000 0.000 0.000 0.000 0.000 0.000 0.000 0.000 0.000 0.000 0.000 0.000 0.000 0.000 0.000 0.000 0.000 0.000 0.000 7.492 7.364 7.342 6.810 6.780 6.477 6.455 6.435 0.000 3.123 4.268 0.000 6.782 7.391 0.000 5.660 5.624 5.142 0.000 0.000 2.559 0.000 0.000 0.000 0.000 0.000 0.000 0.000 0.000 0.000 0.000 0.000 0.000 0.000 10.890 10.942 4.681 0.993 4.876 0.000 3.965 3.965 0.000 0.000 0.000 0.000 0.000 0.000 0.000 0.000 7.809 1.471 2.018 7.439
0.000 0.000 0.000 0.000 0.000 0.000 0.000 0.000 0.000 0.000 0.000 0.000 0.000 0.000 0.000 0.000 0.000 0.000 0.000 0.000 7.515 4.132 7.319 2.189 6.750 6.632 5.911 0.000 5.821 4.515 0.000 5.684 0.000 7.425 6.763 6.741 0.000 4.337 6.099 7.032 6.827 0.000 0.000 0.000 0.000 7.476 7.463 3.087 7.088 6.971 6.922 6.871 0.000 0.000 0.009 0.934 0.634 5.352 5.633 1.552 1.475 1.467 1.189 1.040 8.219 6.788 6.190 0.000 0.000 0.000 0.000 0.000 0.000 6.875
0.000 0.000 0.000 0.000 0.000 0.000 0.000 0.000 0.000 0.000 0.000 0.000 0.000 0.000 0.000 0.000 0.000 0.000 0.000 0.000 7.537 7.191 7.101 4.562 0.947 2.721 6.224 7.175 7.233 0.000 7.318 7.336 7.428 7.458 7.427 0.000 0.000 0.000 6.313 7.064 7.342 5.678 4.516 0.000 7.834 7.805 7.196 0.000 0.000 0.000 0.000 0.000 0.000 10.740 0.171 2.082 7.576 0.000 0.000 6.086 9.538 9.789 9.974 10.079 10.226 10.305 10.805 7.400 6.989 7.037 7.285 7.596 10.431 10.524
0.000 0.000 0.000 0.000 0.000 0.000 0.000 0.000 0.000 0.000 0.000 0.000 0.000 0.000 0.000 0.000 0.000 0.000 0.000 0.000 7.618 2.196 4.346 4.014 6.558 6.480 4.411 7.227 7.293 0.000 0.000 7.353 7.174 7.489 0.000 0.000 0.000 0.000 0.000 0.624 0.000 1.684 7.793 8.211 8.144 3.392 0.000 0.000 0.000 0.000 0.000 0.000 1.463 0.420 8.567 0.000 0.000 0.000 0.000 7.322 7.611 7.634 7.934 7.931 7.858 10.526 10.919 11.029 11.351 11.893 7.860 8.131 9.291 10.570
0.000 0.000 0.000 0.000 0.000 0.000 0.000 0.000 0.000 0.000 0.000 0.000 0.000 0.000 0.000 0.000 0.000 0.000 0.000 7.662 7.725 6.829 0.000 7.350 7.322 0.000 7.165 0.000 8.234 7.408 0.000 7.827 0.000 7.933 0.000 0.000 0.000 0.000 0.000 0.000 0.000 7.811 8.349 8.235 0.000 0.000 1.362 7.600 0.000 0.000 0.000 0.000 1.674 0.000 0.000 0.000 0.000 0.000 0.000 0.000 7.928 7.507 8.364 11.651 9.027 8.813 8.663 8.039 8.601 11.787 11.896 12.002 12.118 12.170
0.000 0.000 0.000 0.000 0.000 0.000 0.000 0.000 0.000 0.000 0.000 0.000 0.000 0.000 0.000 0.000 0.000 0.000 0.000 7.924 7.995 7.985 7.182 7.361 7.293 5.371 7.241 7.296 8.406 8.431 8.468 7.858 8.908 7.971 0.000 0.000 0.000 0.000 0.000 0.000 6.312 0.000 8.408 8.424 0.000 7.508 7.542 7.913 0.000 0.000 0.000 0.000 9.867 0.000 0.000 0.000 0.000 0.000 0.000 0.000 8.617 7.870 8.037 8.185 7.876 8.350 8.357 8.373 8.566 8.692 8.477 8.806 9.613 12.078
0.000 0.000 0.000 0.000 0.000 0.000 0.000 0.000 0.000 0.000 0.000 0.000 0.000 0.000 0.000 0.000 0.000 0.000 0.000 0.000 8.013 8.028 0.000 7.699 7.452 7.427 0.000 0.000 0.000 9.081 9.056 9.027 8.995 0.000 8.178 0.000 0.000 0.000 0.000 0.000 8.526 8.577 0.000 8.462 8.516 0.000 7.711 7.977 0.000 0.000 0.000 0.000 0.000 0.000 0.000 0.000 0.000 0.000 0.000 7.694 8.618 8.682 8.667 13.831 8.111 8.279 8.752 8.858 8.552 8.735 8.877 9.224 9.308 9.568
0.000 0.000 0.000 0.000 0.000 0.000 0.000 0.000 0.000 0.000 0.000 0.000 0.000 0.000 0.000 0.000 0.000 0.000 0.000 0.000 0.000 8.058 0.000 7.738 7.675 0.000 8.985 9.043 9.086 9.109 8.915 8.465 8.934 8.144 8.949 8.510 5.107 0.000 8.147 8.508 8.604 8.630 8.202 8.617 8.634 8.651 0.000 8.035 7.994 7.960 0.000 0.000 0.000 0.000 0.000 0.000 0.000 0.000 0.000 6.398 7.490 8.516 8.577 8.885 10.152 10.627 10.491 10.145 10.831 11.117 11.268 9.029 14.299 9.897
0.000 0.000 0.000 0.000 0.000 0.000 0.000 0.000 0.000 0.000 0.000 0.000 0.000 0.000 0.000 0.000 0.000 0.000 0.000 0.000 0.000 8.068 7.514 8.208 7.099 0.000 8.931 8.751 9.107 9.132 9.164 9.145 9.106 9.089 9.018 0.000 8.508 8.532 8.929 8.585 0.000 8.879 8.724 0.000 8.653 8.665 8.586 8.283 0.000 7.503 0.000 6.232 6.473 0.000 0.000 6.904 7.258 6.156 7.426 8.358 8.294 9.396 13.895 10.677 9.692 9.673 10.337 14.104 10.775 9.951 11.305 10.565 10.457 10.639
0.000 0.000 0.000 0.000 0.000 0.000 0.000 0.000 0.000 0.000 0.000 0.000 0.000 0.000 0.000 0.000 0.000 0.000 0.000 0.000 0.000 8.185 8.200 8.365 8.467 8.492 8.529 0.000 0.000 8.316 9.285 9.114 9.097 0.000 0.000 8.963 0.000 8.937 8.966 8.987 8.920 8.899 8.852 8.830 0.000 8.716 8.443 0.000 0.000 0.000 0.000 3.558 6.507 0.000 5.727 5.953 8.166 7.617 13.805 7.988 9.009 8.471 8.372 13.911 8.957 14.030 9.801 9.385 10.895 14.235 11.141 10.823 14.315 10.850
0.000 0.000 0.000 0.000 0.000 0.000 0.000 0.000 0.000 0.000 0.000 0.000 0.000 0.000 0.000 0.000 0.000 0.000 0.000 0.000 0.000 7.480 8.056 0.000 6.579 6.660 0.000 0.000 8.416 9.210 9.322 9.193 5.047 0.000 6.883 8.988 9.108 0.000 8.994 9.018 9.003 8.929 8.918 8.822 8.814 8.728 8.686 8.660 0.000 0.000 7.105 7.143 6.540 0.000 7.305 7.723 13.751 8.451 8.746 9.446 8.797 8.243 8.884 8.277 14.020 9.491 10.010 10.170 9.180 9.243 14.290 12.601 11.171 9.905
0.000 0.000 0.000 0.000 0.000 0.000 0.000 0.000 0.000 0.000 0.000 0.000 0.000 0.000 0.000 0.000 0.000 0.000 0.000 0.000 0.000 7.284 0.000 7.538 0.000 0.000 0.000 7.172 0.000 9.319 9.343 0.000 9.030 9.044 9.081 9.099 9.162 9.200 9.051 9.037 9.018 8.999 8.567 8.515 8.752 0.000 8.668 8.414 8.384 0.000 0.000 7.176 0.000 0.000 7.676 13.724 7.966 9.078 13.879 10.016 13.909 8.281 8.937 8.329 8.399 13.434 9.735 12.771 13.361 13.625 11.977 12.105 14.156 13.998
0.000 0.000 0.000 0.000 0.000 0.000 0.000 0.000 0.000 0.000 0.000 0.000 0.000 0.000 0.000 0.000 0.000 5.192 6.960 7.114 7.141 7.223 7.550 7.571 0.000 7.559 7.308 7.352 0.000 9.319 9.366 9.128 8.908 8.874 9.022 9.027 9.208 9.220 9.262 9.170 8.992 8.964 8.958 0.000 8.743 8.683 0.000 8.381 8.314 7.571 7.508 7.450 0.000 0.000 0.000 8.815 8.363 8.457 9.006 8.675 11.306 13.933 9.075 13.987 8.693 8.785 11.901 13.711 9.048 9.600 10.932 9.321 9.647 14.044
4.619 0.000 0.000 0.000 0.000 0.000 0.000 0.000 0.000 0.000 0.000 0.000 0.000 0.000 0.000 0.000 5.036 5.076 6.816 7.088 7.113 7.135 0.000 7.704 7.932 7.947 7.545 7.520 0.000 9.325 9.385 0.000 0.000 2.742 9.131 9.216 8.963 9.265 9.278 0.000 8.961 8.863 8.997 8.806 0.000 9.082 8.881 0.000 8.297 8.231 0.000 0.000 0.000 0.000 0.000 8.480 13.787 8.258 13.832 8.141 8.831 13.947 13.957 13.962 13.986 8.477 12.544 10.970 14.269 14.500 11.142 14.500 10.661 13.537
0.504 0.000 0.000 0.000 0.000 0.000 0.000 0.000 0.000 0.000 0.000 0.000 0.000 0.000 0.000 0.000 0.000 6.853 6.812 7.060 7.084 6.431 0.000 0.000 0.000 7.965 7.512 0.000 0.000 9.389 9.484 0.000 0.000 9.196 9.215 9.233 9.191 9.251 9.294 9.305 0.000 8.778 9.039 0.000 9.137 9.109 9.083 8.823 8.012 8.218 8.151 0.000 0.000 0.000 0.000 13.790 11.393 13.829 8.224 13.911 8.459 13.962 9.066 14.013 14.500 14.049 13.834 12.907 8.961 14.500 14.241 9.573 9.690 12.583
0.000 0.000 0.000 0.000 0.000 0.000 0.000 0.000 0.000 0.000 0.000 0.000 0.000 0.000 0.000 0.000 0.000 6.921 6.823 5.208 7.239 7.149 7.306 0.000 8.269 8.250 0.000 0.000 0.000 9.327 9.496 0.000 0.000 9.146 9.145 9.377 9.410 9.190 9.227 9.329 9.322 4.709 9.072 9.241 9.195 0.000 8.903 8.836 0.000 8.196 8.155 7.556 7.512 0.000 7.814 13.796 7.971 10.055 9.187 13.938 8.685 8.649 8.843 14.027 8.695 8.641 11.590 14.500 10.060 10.060 12.258 14.500 9.645 11.693
4.888 0.000 0.000 0.000 0.000 0.000 0.000 0.000 0.000 0.000 0.000 0.000 2.187 0.000 0.000 0.000 0.000 7.266 7.311 7.520 7.826 7.895 7.846 5.337 8.351 8.210 0.000 0.000 0.000 9.358 9.511 0.000 9.219 9.185 9.267 9.280 9.426 9.407 9.281 9.487 9.512 9.469 9.361 9.331 9.467 9.442 0.000 8.809 8.508 0.000 8.146 0.000 7.138 0.000 13.797 8.482 8.348 13.938 13.942 10.942 8.698 14.020 10.270 9.821 9.740 9.901 12.068 14.254 9.249 9.391 9.493 14.500 14.465 14.273
5.691 0.000 0.000 0.000 0.000 0.000 0.000 0.000 0.000 0.000 0.000 0.000 2.246 0.000 4.034 6.369 6.952 6.988 6.670 7.682 7.821 7.971 8.032 8.027 8.384 8.426 9.203 9.207 0.000 9.347 9.523 0.000 9.234 9.255 9.208 9.225 9.443 9.228 9.445 0.000 9.540 9.437 0.000 9.285 9.500 0.000 0.000 0.000 8.462 0.000 8.134 0.000 7.112 0.000 7.869 13.873 9.503 13.945 13.957 8.478 9.166 9.117 10.028 10.599 10.521 14.185 9.124 14.268 14.286 14.323 10.417 9.735 13.524 13.953
0.000 0.000 0.000 0.000 0.000 0.000 0.000 0.000 0.000 0.000 0.000 6.098 2.310 3.299 3.989 2.581 6.567 6.524 6.378 6.509 5.974 0.000 8.393 8.227 8.445 9.013 9.318 9.243 9.458 9.474 9.548 0.000 0.000 9.384 9.282 4.715 9.460 9.483 9.482 9.482 9.566 9.549 9.488 9.106 9.564 0.000 0.000 0.000 8.109 0.000 0.000 0.000 0.000 0.000 13.847 8.270 8.390 13.947 13.975 13.989 8.816 8.971 12.283 11.031 11.227 12.825 14.226 9.557 11.622 14.333 14.500 14.500 14.500 14.500
8.007 8.040 0.000 0.000 0.000 0.000 0.000 0.000 0.000 6.415 6.106 6.238 7.489 0.000 1.875 6.386 6.419 6.363 6.027 6.328 6.287 0.000 8.432 8.816 9.083 9.130 9.351 9.379 9.408 9.581 9.600 0.000 0.000 9.393 9.542 9.332 9.348 9.588 9.492 1.505 9.591 9.583 9.435 9.565 9.581 9.572 0.000 7.641 7.692 5.488 0.000 0.000 0.000 0.000 9.089 13.904 8.546 8.872 8.407 13.864 12.196 14.056 12.184 10.208 12.038 14.212 9.301 9.580 9.550 12.580 10.153 9.656 14.500 14.500
8.015 8.073 8.259 6.328 4.877 8.407 8.543 8.609 0.000 6.294 5.884 6.333 6.733 5.378 0.000 0.000 0.000 1.258 0.000 5.808 6.230 0.000 8.456 8.574 8.842 9.243 9.264 8.872 0.000 9.344 9.618 9.296 0.000 6.712 9.585 9.362 9.597 9.614 9.616 9.660 9.651 9.458 0.000 9.342 9.624 9.589 0.911 8.616 7.743 8.473 0.000 0.000 0.000 0.000 13.873 13.919 9.935 13.988 9.330 14.020 14.044 11.166 12.070 11.401 9.804 14.019 14.249 14.255 13.455 11.951 14.378 14.367 14.449 14.500
8.095 8.128 8.312 8.337 8.439 8.546 8.571 8.679 8.708 8.747 5.940 6.466 7.216 7.658 0.000 0.000 0.000 1.472 0.000 0.000 0.000 8.118 8.814 8.758 8.854 9.191 9.243 9.096 9.279 9.306 9.642 9.674 0.000 9.711 9.598 9.688 9.616 9.633 9.679 9.707 9.748 9.624 9.642 0.000 9.643 0.000 8.641 0.000 1.176 8.501 0.000 0.000 0.000 0.000 9.067 11.872 10.247 13.975 13.988 8.549 13.481 14.107 14.119 14.167 10.456 10.353 10.753 10.358 13.512 9.853 9.870 9.719 13.748 14.334
0.000 0.000 0.000 0.000 0.000 0.000 0.000 0.000 9.014 9.026 9.057 5.576 8.546 0.000 0.000 0.000 0.000 0.000 0.000 0.000 0.000 0.000 9.065 9.106 9.115 9.180 0.000 9.080 0.000 0.000 9.716 9.735 9.753 9.768 9.790 9.696 9.751 9.666 9.562 9.826 9.761 9.742 9.852 9.675 9.670 9.781 0.000 6.941 9.040 8.763 0.000 0.000 0.000 0.000 8.618 8.190 8.563 8.305 14.006 14.017 12.736 10.685 14.123 14.169 9.519 10.054 14.253 14.280 14.287 14.500 9.956 11.927 12.709 13.640
0.000 0.000 0.000 3.869 4.143 3.743 0.000 9.120 9.090 0.000 9.089 9.058 8.678 0.000 0.000 8.463 0.074 9.188 9.150 8.911 8.925 8.981 9.028 8.890 8.550 9.083 8.729 9.056 0.000 0.000 9.476 9.464 0.000 9.877 9.814 9.561 9.822 9.760 9.765 9.843 9.894 9.644 9.904 9.892 9.813 9.802 9.732 4.323 9.146 0.000 0.000 8.380 0.000 0.000 8.228 13.902 8.109 8.537 10.228 9.511 14.065 9.904 14.168 14.178 14.213 14.231 14.248 9.409 9.447 14.322 14.500 10.946 12.189 12.814
0.000 0.000 0.000 4.162 4.207 2.115 0.000 9.146 9.090 0.000 3.930 0.000 0.000 9.492 0.000 8.955 1.054 5.062 0.000 8.893 0.000 0.000 0.000 8.875 8.333 7.851 8.120 8.759 8.726 0.000 0.000 0.000 0.000 9.895 9.839 2.548 9.830 9.822 9.772 9.857 9.908 9.928 9.916 9.903 9.536 6.127 9.654 9.601 3.966 0.000 0.000 8.467 8.292 0.000 13.903 10.650 13.941 13.963 10.140 12.629 14.056 14.085 12.146 14.183 14.207 9.439 14.257 9.972 9.930 14.333 11.822 9.554 11.930 12.331
0.000 0.000 0.000 4.198 4.258 2.392 0.000 9.169 8.994 0.000 5.692 9.520 8.278 9.515 9.666 1.423 10.043 9.600 0.000 0.000 0.000 0.000 4.154 0.000 8.300 8.240 8.363 8.720 0.000 0.000 0.000 0.000 9.974 9.966 7.653 9.858 9.910 0.000 9.861 9.869 9.891 9.958 9.920 9.899 9.722 9.686 7.253 2.126 9.108 4.086 8.748 8.711 8.660 0.000 8.425 8.500 8.550 8.663 10.989 14.022 8.546 8.816 14.168 12.592 12.059 11.226 14.266 9.424 9.929 14.500 9.631 13.129 13.224 13.249
