includes/overflow_coast_v/floodfiles/results/res.totaltm
ncols         631
nrows         906
xllcorner     364927.146600
yllcorner     6531972.565600
cellsize      20.000000
NODATA_value  -9999.000000
[rows 627 to 659 of 906, columns 370 to 443 of 631]
10.114 10.141 10.151 10.245 10.259 10.290 10.301 10.398 10.469 10.448 0.000 0.000 0.000 10.531 2.362 10.524 2.995 5.191 10.679 5.631 2.603 0.000 10.860 10.848 10.776 10.821 5.129 5.990 10.989 6.056 11.109 11.162 11.178 11.167 5.380 11.368 11.382 11.468 0.000 4.516 6.891 11.707 11.741 0.000 11.901 8.916 11.610 8.458 0.000 0.000 10.739 10.695 10.729 10.575 10.568 0.000 0.000 10.575 9.120 11.098 11.204 11.216 11.227 11.286 11.245 11.161 11.369 0.000 11.310 11.274 10.716 11.302 11.257 11.214
10.107 10.118 9.000 10.188 10.250 2.319 10.282 10.342 10.503 3.335 10.544 0.000 10.532 10.520 0.000 10.566 10.548 4.974 10.711 7.906 10.915 10.924 10.917 0.000 10.794 10.889 10.922 0.000 7.452 4.363 9.848 0.000 11.193 11.178 11.283 11.263 11.353 11.490 11.506 11.337 6.490 11.752 11.766 11.772 11.910 11.056 11.647 0.000 0.000 10.739 10.748 10.708 10.743 10.563 0.000 10.963 0.000 0.000 10.756 5.079 2.740 11.204 11.052 11.291 11.241 5.132 11.376 0.000 11.345 11.297 11.303 11.318 11.302 11.281
10.097 10.105 10.119 8.376 6.846 10.078 2.372 10.508 10.527 10.544 10.557 10.547 10.541 0.000 10.711 7.151 0.000 6.017 4.143 5.550 6.872 10.948 4.852 10.884 0.000 10.915 10.939 0.000 3.623 7.591 11.197 11.206 11.205 0.000 11.375 11.401 11.346 1.826 11.557 11.593 11.591 1.833 11.773 11.911 11.918 11.175 0.791 0.000 0.000 10.713 10.802 10.794 10.751 10.822 10.703 10.995 11.019 0.000 10.788 11.215 11.221 2.585 11.310 11.310 11.058 4.788 11.390 0.000 11.359 11.346 10.985 11.331 0.000 0.000
10.088 10.095 4.718 10.111 0.000 2.544 10.396 10.432 10.406 6.580 10.570 10.574 0.000 10.705 10.721 10.791 10.813 10.822 10.829 10.921 6.142 10.974 10.980 7.840 10.883 0.000 6.276 11.198 11.150 8.057 0.000 11.286 11.316 11.387 11.400 11.410 6.786 11.161 1.967 11.607 11.622 8.278 5.367 4.535 12.041 2.810 10.971 0.000 10.758 10.685 10.816 10.847 10.822 10.832 10.914 1.651 11.038 11.050 0.000 11.048 11.255 11.263 11.330 11.338 11.320 4.044 11.396 7.641 11.369 11.259 11.437 11.417 0.000 0.000
0.000 0.000 10.264 10.279 10.265 9.850 0.000 7.881 10.427 2.915 10.653 10.589 5.959 10.688 3.909 10.755 7.441 10.812 10.919 10.938 10.954 10.968 11.037 11.044 0.000 10.625 2.434 11.209 0.000 9.418 4.160 11.275 10.950 11.162 3.996 11.444 11.489 11.500 8.123 11.625 11.662 11.694 11.679 3.318 12.065 0.000 10.997 0.000 10.771 10.756 10.847 10.861 10.794 10.955 10.937 10.966 0.000 11.096 11.105 0.000 11.276 11.283 11.338 11.343 11.374 11.359 11.405 11.352 11.433 11.439 11.452 11.430 0.000 0.000
0.000 10.257 10.276 10.286 0.000 9.983 2.002 10.495 4.992 10.656 10.662 5.846 10.666 0.000 10.803 10.822 10.843 10.855 10.868 10.879 10.941 10.942 3.714 11.073 11.098 4.199 11.199 11.217 11.256 11.250 9.008 0.000 4.984 9.496 11.291 11.276 11.329 11.567 11.579 11.668 11.690 11.712 11.772 2.592 12.073 0.000 11.032 0.000 10.779 10.778 10.634 10.877 10.953 10.969 11.020 11.038 11.095 11.105 11.206 11.227 11.245 11.277 11.327 11.355 11.384 11.363 11.427 11.433 11.439 11.452 11.459 11.469 11.478 0.000
0.000 10.000 0.000 10.309 10.363 2.054 10.467 10.586 10.591 10.663 10.669 10.727 10.740 10.749 10.757 10.778 10.845 10.853 10.883 10.886 10.973 10.943 10.950 0.000 11.129 11.176 11.187 8.116 11.264 0.000 11.301 7.762 7.288 11.231 11.302 11.388 11.342 11.372 11.601 11.632 11.662 11.761 11.791 11.953 12.080 12.087 5.792 0.000 10.835 10.852 10.900 10.921 10.936 10.964 10.910 10.892 11.069 0.000 11.190 11.213 11.231 11.256 11.289 11.297 11.394 11.400 11.426 11.442 11.450 11.459 11.473 11.478 11.488 11.495
3.377 10.039 0.000 10.315 10.415 10.424 0.000 10.579 0.000 10.651 10.662 6.195 10.735 10.747 10.783 10.750 0.000 10.912 10.922 7.313 10.991 7.497 10.996 11.027 4.606 11.135 4.782 9.977 11.291 5.053 11.379 11.386 4.181 11.385 11.386 11.402 11.367 7.283 6.730 8.738 5.626 10.923 6.968 4.477 2.595 12.091 12.148 0.000 0.000 0.000 10.876 10.803 11.037 10.989 11.119 11.010 11.002 10.996 11.032 11.075 11.160 11.314 11.138 11.280 11.405 11.413 11.437 11.453 11.463 11.472 11.481 11.489 11.398 2.213
10.048 10.060 0.000 10.314 10.333 10.433 10.489 10.515 9.646 7.687 10.690 10.698 10.732 10.741 10.799 10.807 10.908 10.937 10.964 10.987 10.486 11.052 9.591 11.036 9.113 8.123 11.193 11.190 11.299 11.270 6.795 11.450 5.402 11.398 9.594 11.416 8.537 8.696 8.817 11.740 11.759 11.752 11.238 8.867 10.488 3.098 12.159 12.165 0.000 0.000 0.000 11.037 11.051 11.130 11.148 10.829 10.978 10.974 11.265 11.307 11.317 11.323 11.363 11.373 11.343 11.269 11.444 11.464 11.475 11.483 11.490 11.496 4.546 0.000
10.060 9.726 10.281 10.297 2.006 10.373 10.458 4.341 10.523 3.393 3.392 10.727 10.689 10.708 10.802 10.809 10.901 10.817 10.871 10.976 7.759 11.104 11.117 11.129 11.141 11.149 11.178 5.118 11.325 11.346 0.000 11.457 11.551 11.564 11.605 11.612 11.650 11.655 11.650 7.930 11.824 11.834 11.056 11.884 11.860 9.901 7.347 12.268 12.186 12.127 0.000 0.000 11.041 11.146 11.159 11.187 11.218 11.262 11.270 11.281 11.308 11.035 11.334 11.381 11.420 11.433 11.443 11.460 11.482 11.490 11.497 11.503 11.508 11.539
10.067 10.080 10.269 10.286 5.110 10.391 10.415 10.390 0.000 10.721 10.728 10.735 10.740 10.784 10.793 10.799 10.928 10.953 10.972 10.991 11.004 11.041 11.116 11.142 11.121 11.183 11.144 11.214 4.518 11.353 11.415 11.427 11.494 11.577 11.597 10.734 11.652 11.696 10.948 11.795 11.811 11.843 11.871 11.915 11.938 2.989 5.479 12.277 2.752 12.112 4.368 0.000 0.000 11.160 11.169 11.195 11.205 11.210 11.272 11.281 11.316 11.326 11.335 11.373 11.383 11.418 11.425 2.450 11.428 11.477 11.457 11.480 1.623 11.513
10.054 2.981 10.255 10.255 5.979 10.385 10.392 10.383 0.000 10.634 10.609 9.659 1.838 7.628 5.131 10.791 10.790 10.874 10.888 9.456 10.998 11.032 8.386 11.154 1.764 11.220 11.219 11.227 11.212 2.938 6.205 0.000 11.469 11.460 11.515 11.495 9.687 11.701 11.792 11.800 11.821 11.834 7.681 11.928 11.948 0.000 6.876 12.285 12.293 8.577 0.000 0.000 0.000 11.136 10.730 11.169 11.155 11.183 11.198 11.251 11.314 11.325 11.335 11.360 11.368 11.403 0.304 11.224 11.307 2.827 3.477 0.000 11.534 11.544
10.017 0.000 10.224 10.208 5.622 10.325 10.383 10.383 5.287 4.169 10.606 2.853 10.532 1.332 10.773 10.782 10.874 10.883 10.955 10.985 11.002 8.309 7.562 11.168 8.357 11.231 11.190 11.223 4.552 9.107 5.500 10.665 11.464 2.704 0.000 0.844 6.467 11.698 11.740 0.000 11.764 9.349 6.099 11.978 12.010 12.018 1.410 2.581 12.301 12.309 0.000 10.638 10.629 10.651 5.881 11.134 11.133 11.173 11.190 10.795 11.289 11.311 11.319 11.337 11.333 0.000 10.769 0.363 0.000 11.379 11.395 6.231 2.542 11.541
9.983 0.000 10.215 2.703 10.272 10.318 10.366 10.361 1.519 10.536 10.597 10.591 10.558 0.000 3.623 10.771 7.731 10.876 10.884 11.004 11.021 11.045 11.168 11.187 11.231 11.239 11.273 11.281 11.297 11.345 11.367 11.423 11.436 11.429 11.429 8.672 8.095 11.693 11.629 11.671 11.760 11.771 11.784 10.612 12.014 12.039 0.000 11.381 5.879 12.317 0.000 10.643 10.710 10.717 10.739 10.792 11.147 11.182 11.181 11.204 11.279 11.284 11.317 11.328 11.323 10.869 10.900 0.000 11.306 11.355 11.376 11.398 1.945 5.166
6.616 0.000 10.203 3.195 10.244 10.294 10.289 0.000 10.448 5.570 10.582 10.492 0.000 10.433 1.783 2.974 10.856 10.866 10.874 10.271 11.007 2.560 0.000 11.210 11.233 11.238 11.265 11.263 0.000 11.342 7.472 2.162 0.000 0.000 2.826 11.637 11.640 11.687 11.635 11.667 0.000 11.760 11.772 4.869 12.039 12.049 7.213 4.044 6.308 12.325 0.000 10.598 10.722 10.766 10.786 11.127 11.168 11.213 11.238 11.251 11.265 11.275 11.268 11.317 2.452 10.908 10.965 3.287 11.244 11.306 0.000 6.566 0.000 11.512
3.779 2.344 10.167 0.000 7.120 10.290 8.223 10.316 4.750 10.449 5.132 2.984 10.498 5.050 10.627 10.614 0.000 8.627 4.150 5.022 10.959 10.744 7.750 0.000 5.886 0.000 3.494 0.000 3.884 11.317 1.400 11.191 11.256 11.274 11.264 0.000 11.637 8.545 0.000 6.328 8.762 11.747 8.673 11.983 12.021 12.062 12.083 8.870 2.332 12.333 0.000 10.724 10.732 10.739 10.701 11.114 11.161 11.197 11.222 11.068 11.251 11.252 11.261 11.274 10.961 10.938 0.000 11.208 11.235 0.000 3.939 11.459 11.492 11.497
5.154 10.132 10.151 3.744 10.213 4.127 8.145 10.325 10.342 10.398 0.000 7.284 10.504 10.510 10.644 8.384 10.720 10.734 0.000 10.961 11.014 11.022 4.605 11.037 0.000 3.634 11.197 11.213 11.127 6.296 11.195 2.217 5.219 11.287 11.275 0.000 11.610 11.602 0.307 1.885 11.397 0.000 11.924 11.969 6.114 12.071 12.092 0.000 12.251 12.341 0.000 0.000 10.808 3.253 11.112 11.118 11.151 11.155 11.130 11.215 11.224 11.238 11.257 11.265 11.184 2.009 11.136 11.304 11.256 1.540 11.465 11.474 11.485 11.493
0.000 10.121 10.143 10.102 0.000 0.000 10.281 3.524 10.412 10.410 5.010 4.726 10.497 5.024 10.656 4.669 0.000 10.734 10.739 10.747 11.022 11.033 11.042 11.049 11.068 11.192 11.206 11.221 11.229 11.251 11.261 11.271 11.296 11.305 11.257 2.449 11.600 3.634 11.271 0.000 11.511 7.369 11.918 9.683 11.915 12.091 12.099 12.094 12.148 12.349 0.000 0.000 10.880 10.938 11.105 11.112 11.048 11.166 11.174 11.196 11.215 11.207 11.120 11.154 11.025 11.224 11.299 11.321 1.909 11.437 11.455 11.452 11.477 4.066
0.000 10.091 10.060 0.000 0.000 10.219 10.291 3.524 10.419 1.548 4.148 6.866 4.331 10.657 10.666 10.675 10.731 10.740 10.750 3.992 10.973 6.114 11.033 10.011 4.005 11.178 11.212 11.219 11.251 11.259 11.284 11.294 11.307 11.314 0.000 3.730 0.000 4.585 5.905 11.372 0.000 11.484 0.000 11.905 11.913 8.990 12.121 12.133 12.139 12.356 0.000 10.850 10.868 0.468 11.046 11.119 11.131 11.142 11.173 11.180 11.009 6.394 11.189 11.234 11.252 11.302 11.322 11.335 11.402 11.426 11.440 11.446 11.424 11.440
0.000 0.000 0.000 0.000 10.198 10.291 5.404 10.492 10.426 10.438 4.565 7.604 3.699 10.631 2.917 8.799 10.678 10.754 10.757 4.799 10.947 6.663 10.829 6.673 0.000 11.165 11.121 3.537 0.000 0.000 0.000 0.000 0.000 11.319 11.408 11.319 11.312 4.209 6.361 7.461 11.748 0.000 7.572 11.913 11.928 5.791 12.108 12.144 12.154 12.364 0.000 0.000 10.851 10.703 11.036 11.095 11.119 11.123 11.164 11.050 11.015 11.119 11.129 9.590 11.171 11.284 11.297 1.354 6.361 11.420 11.434 11.358 11.430 11.438
0.000 0.000 0.000 0.000 3.109 10.254 3.218 10.501 2.350 3.099 5.504 10.599 10.630 10.641 5.387 10.709 10.720 10.758 10.790 10.798 10.934 10.855 10.753 3.557 11.020 8.816 10.215 11.036 11.043 11.083 7.735 11.011 11.169 3.140 11.420 11.337 11.314 4.292 11.619 11.627 11.761 11.774 0.000 3.955 12.007 12.019 12.092 12.130 1.321 12.371 12.376 0.000 10.831 10.873 0.000 11.073 11.056 11.115 0.000 11.020 11.080 11.088 4.256 11.036 11.060 11.231 0.000 11.399 11.408 11.414 11.399 11.394 11.399 0.000
0.000 0.000 0.000 0.000 2.556 0.000 10.501 10.507 10.513 10.524 10.546 10.553 10.650 10.660 10.669 10.665 10.732 10.753 8.865 8.430 10.890 10.889 10.910 4.662 11.006 2.477 11.135 0.000 0.000 11.139 11.083 0.000 4.137 8.017 11.429 7.536 0.000 11.540 11.611 7.814 0.000 11.785 11.794 11.798 8.346 10.032 11.978 12.129 4.033 12.164 12.390 0.000 10.790 10.894 10.912 10.934 10.956 11.100 11.029 11.017 11.071 10.844 10.974 11.021 11.039 0.000 11.316 11.389 11.386 11.386 11.303 11.386 11.395 11.388
0.000 0.000 0.000 0.000 0.000 0.000 10.473 3.677 8.083 4.070 6.364 9.292 10.639 8.663 10.693 10.707 10.722 10.730 10.737 10.746 10.754 10.875 10.881 10.946 5.599 4.636 11.142 11.170 11.159 11.149 3.305 0.000 11.418 11.441 11.493 11.505 11.545 11.560 11.568 11.461 0.000 1.905 7.299 11.908 11.914 6.106 12.119 12.145 12.154 12.183 12.398 0.000 0.000 10.878 10.899 10.915 10.944 5.081 11.023 11.026 11.053 10.912 10.960 10.919 0.000 11.369 11.376 11.381 3.000 11.371 11.349 1.610 11.368 11.368
0.000 0.000 0.000 0.000 0.000 0.000 0.000 3.442 10.354 10.375 3.164 10.604 10.642 10.652 10.662 10.670 10.701 10.712 10.728 5.918 5.589 3.713 10.837 10.840 11.073 11.088 11.133 11.179 1.183 0.000 4.124 0.000 11.380 11.392 7.671 11.439 11.528 11.505 11.554 6.020 4.896 3.695 2.374 0.878 12.039 12.047 12.120 12.134 12.144 9.306 12.403 12.444 0.000 10.876 2.622 10.899 10.868 11.007 11.016 11.018 10.942 10.959 10.976 2.826 11.341 11.356 11.369 11.314 11.304 11.289 11.330 11.321 1.295 11.322
0.000 0.000 0.000 0.000 0.000 0.000 0.000 0.000 0.000 10.429 4.156 5.878 10.598 10.642 8.079 10.674 10.683 10.656 10.713 4.045 10.641 3.742 5.459 10.973 11.043 11.062 6.486 11.186 0.000 11.203 11.185 0.000 6.647 11.379 4.183 10.551 11.519 11.517 11.546 11.483 11.604 11.619 11.674 7.785 11.395 12.039 7.045 12.120 12.133 4.119 6.493 12.454 0.000 10.888 10.897 10.903 10.983 10.989 10.966 10.968 0.000 0.000 11.092 11.291 11.296 11.347 2.051 11.305 11.267 0.109 11.307 11.310 11.302 11.314
0.000 0.000 0.000 0.000 0.000 0.000 0.000 0.000 0.000 0.000 10.485 10.535 8.507 10.631 2.289 10.666 5.918 2.578 3.295 10.712 2.872 10.843 5.705 11.005 11.021 11.008 4.548 11.196 11.208 11.222 0.000 0.000 11.346 11.358 7.019 11.423 11.508 11.488 11.490 11.490 11.548 11.441 0.000 5.660 11.942 11.305 12.106 2.195 12.012 1.102 7.234 12.463 0.000 10.844 10.877 10.884 10.894 10.970 10.956 10.960 0.000 0.000 11.270 11.280 11.289 0.000 11.194 7.536 11.261 11.245 0.000 11.279 11.292 11.301
0.000 0.000 0.000 0.000 0.000 0.000 0.000 0.000 0.000 0.000 0.000 2.801 4.480 4.043 0.000 10.614 10.633 4.717 10.775 5.191 10.846 10.850 10.959 10.986 11.000 7.664 4.367 11.189 11.206 11.265 11.272 11.293 11.306 11.344 11.352 7.306 11.429 6.489 11.428 6.229 11.535 11.521 11.528 11.480 3.666 3.340 10.114 12.309 0.000 0.000 0.000 12.472 0.000 10.835 10.803 10.876 10.844 10.880 10.948 10.947 0.000 0.000 11.258 11.269 5.493 11.226 11.235 11.241 11.248 11.242 11.224 2.652 0.000 11.286
0.000 0.000 0.000 0.000 0.000 0.000 0.000 0.000 0.000 0.000 0.000 0.000 0.000 0.000 10.601 10.609 4.988 2.598 10.784 10.791 10.853 10.860 10.873 7.716 4.869 11.129 3.538 11.185 11.190 4.536 6.584 11.277 11.297 6.149 7.621 5.027 11.421 11.398 11.419 11.429 3.547 11.503 11.539 11.596 1.142 0.911 3.098 12.385 12.393 12.401 0.939 12.479 0.000 0.000 10.859 10.871 10.881 10.890 10.898 0.000 0.000 0.000 11.249 11.258 11.249 11.221 10.965 11.135 3.079 11.232 11.204 11.169 11.155 0.000
0.000 0.000 0.000 0.000 0.000 0.000 0.000 0.000 0.000 0.000 0.000 0.000 0.000 0.000 2.104 10.602 10.610 2.147 10.776 2.068 10.846 6.573 5.412 6.030 11.129 11.133 11.157 11.162 10.121 0.000 11.240 5.201 11.310 7.565 11.335 11.396 11.411 11.364 5.938 11.436 11.504 11.510 1.909 11.607 11.722 5.729 6.891 12.366 3.467 12.474 12.479 12.486 12.490 0.000 0.000 0.000 0.000 0.000 0.000 0.000 12.184 0.000 11.241 10.982 11.216 11.185 11.121 10.998 11.020 7.357 5.468 11.157 11.128 10.984
0.000 0.000 0.000 0.000 0.000 0.000 0.000 0.000 0.000 0.000 0.000 0.000 0.000 0.000 0.000 0.000 4.555 3.979 10.763 3.263 3.836 8.374 10.868 8.984 6.069 11.127 11.127 11.138 11.138 0.000 8.384 11.276 11.299 11.310 6.436 3.258 3.640 3.297 11.346 5.452 6.754 11.529 11.533 11.547 11.503 0.000 2.978 12.267 3.873 12.034 4.588 12.470 12.520 12.525 12.532 12.538 0.000 0.000 12.254 12.240 12.190 0.000 11.228 11.126 11.135 10.985 11.102 10.936 11.032 11.160 11.107 10.920 11.040 0.000
0.000 0.000 0.000 0.000 0.000 0.000 0.000 0.000 0.000 0.000 0.000 0.000 0.000 0.000 0.000 0.000 0.000 10.705 10.739 0.000 10.820 1.705 10.876 10.996 11.101 11.113 11.122 11.130 11.129 11.184 3.453 5.205 4.885 0.000 11.352 11.358 11.357 8.328 7.285 11.469 11.446 0.000 11.564 11.553 9.648 0.000 0.000 4.569 11.997 12.011 11.977 5.127 4.430 12.474 8.175 12.557 12.565 12.578 12.265 8.372 12.175 0.000 10.975 11.116 11.129 11.121 11.096 10.958 11.159 11.185 11.427 11.096 0.000 11.717
0.000 0.000 0.000 0.000 0.000 0.000 0.000 0.000 0.000 0.000 0.000 0.000 0.000 0.000 0.000 0.000 0.000 0.000 10.721 4.203 10.829 0.000 10.879 10.925 11.071 11.092 11.111 11.122 11.118 1.364 11.302 11.317 0.000 11.327 11.359 11.363 11.362 11.375 2.638 11.478 11.434 7.718 11.571 11.558 11.617 11.627 5.003 7.948 1.327 11.995 4.393 2.805 12.359 12.409 12.314 4.215 12.591 12.587 11.653 12.516 3.782 0.000 0.000 11.106 11.120 11.095 11.091 11.108 11.132 4.769 11.459 11.481 2.118 2.098
0.000 0.000 0.000 0.000 0.000 0.000 0.000 0.000 0.000 0.000 0.000 0.000 0.000 0.000 0.000 0.000 0.000 0.000 0.000 2.721 10.842 10.766 10.873 10.880 10.919 7.594 11.078 11.110 11.049 2.315 11.305 11.323 11.342 11.350 11.363 11.368 11.382 11.381 11.486 11.496 0.000 11.624 11.615 11.050 11.586 3.465 6.184 7.778 3.370 11.812 3.616 12.154 12.169 5.204 7.716 12.590 12.599 12.595 12.552 12.523 11.114 11.538 0.000 0.000 0.000 0.000 11.077 11.065 11.027 11.001 3.551 0.000 0.000 11.974
