includes/overflow_coast_v/floodfiles/results/res.totaltm
ncols         631
nrows         906
xllcorner     364927.146667
yllcorner     6531972.565556
cellsize      20.000000
NODATA_value  -9999.000000
[rows 231 to 263 of 906, columns 370 to 443 of 631]
13.328 13.377 13.434 13.453 13.487 13.511 13.560 13.667 7.479 9.885 13.813 13.821 9.277 9.448 8.040 8.216 13.952 13.372 8.983 10.439 13.995 14.005 8.650 8.728 14.050 14.057 14.076 14.089 14.101 9.041 9.165 10.509 9.925 10.572 9.990 14.500 9.288 14.500 14.500 14.500 14.500 14.500 14.500 14.500 14.500 14.500 14.500 14.500 14.500 14.500 14.500 14.500 14.500 14.500 14.500 14.500 14.500 14.500 14.500 14.500 14.500 14.500 14.500 14.500 14.500 14.500 14.500 14.500 14.500 14.500 14.500 14.500 14.500 14.500
13.361 13.420 13.436 7.039 13.502 13.551 13.535 13.695 13.744 13.765 13.814 13.840 13.870 9.193 8.117 8.620 10.636 13.962 13.978 12.147 12.682 12.326 14.024 12.410 10.475 10.233 14.075 14.078 14.092 8.552 12.298 12.551 14.500 10.454 10.216 14.500 14.500 14.500 9.334 14.500 14.500 14.500 14.500 14.500 14.500 14.500 14.500 14.500 14.500 14.500 14.500 14.500 14.500 14.500 14.500 14.500 14.500 14.500 14.500 14.500 14.500 14.500 14.500 14.500 14.500 14.500 14.500 14.500 14.500 14.500 14.500 14.500 14.500 14.500
13.351 13.400 13.452 13.497 13.506 13.572 13.729 13.746 13.752 13.773 13.814 13.869 13.876 13.897 8.296 8.393 10.656 8.306 12.502 12.511 8.903 13.958 10.276 14.048 14.061 14.075 14.083 14.087 14.500 14.127 12.464 11.662 12.390 14.500 14.500 14.500 9.265 9.548 13.319 14.500 14.500 9.318 14.500 14.500 9.305 14.500 9.357 14.500 14.500 14.500 14.500 14.500 14.500 14.500 14.500 14.500 14.500 14.500 14.500 14.500 14.500 14.500 14.500 14.500 14.500 14.500 14.500 14.500 14.500 14.500 14.500 14.500 14.500 14.500
13.403 13.422 13.438 13.532 13.529 13.581 13.734 13.782 13.800 13.795 13.853 13.865 13.877 13.901 13.922 13.930 13.947 9.193 13.984 14.004 14.010 14.027 14.035 14.053 14.060 14.076 14.093 14.114 14.500 14.138 12.042 14.500 14.500 14.500 9.745 9.112 9.295 14.500 9.492 14.500 14.500 9.103 14.500 14.500 14.500 9.338 14.500 14.500 14.500 14.500 14.500 14.500 14.500 14.500 14.500 14.500 14.500 14.500 14.500 14.500 14.500 14.500 14.500 14.500 14.500 14.500 14.500 14.500 14.500 14.500 14.500 14.500 14.500 14.500
13.401 13.452 13.467 13.573 13.693 7.469 7.555 13.797 13.809 13.825 13.834 13.870 13.890 13.906 13.930 13.942 10.483 13.974 13.985 13.999 14.017 14.023 14.039 14.059 14.074 14.077 14.085 14.124 14.109 8.970 14.500 14.500 14.500 14.500 14.200 14.201 10.196 9.858 11.345 14.500 14.500 9.364 14.500 14.500 14.500 14.500 14.500 14.500 14.500 14.500 14.500 14.500 14.500 14.500 14.500 14.500 14.500 14.500 14.500 14.500 14.500 14.500 14.500 14.500 14.500 14.500 14.500 14.500 14.500 14.500 14.500 14.500 14.500 14.500
13.435 13.456 13.460 13.557 13.750 13.779 13.793 13.806 13.829 13.833 13.857 13.880 13.892 13.907 13.929 13.953 13.960 13.975 13.988 13.994 14.018 14.024 14.046 14.056 14.500 14.096 14.102 14.500 14.500 14.500 14.181 14.204 9.085 9.342 14.188 9.573 9.409 9.665 10.721 9.300 14.500 9.311 14.500 14.500 14.500 14.500 14.500 14.500 14.500 14.500 14.500 14.500 14.500 14.500 14.500 14.500 14.500 14.500 14.500 14.500 14.500 14.500 14.500 14.500 14.500 14.133 14.028 14.089 14.153 14.225 14.343 14.500 14.500 14.500
13.433 13.470 13.527 13.542 13.732 13.749 13.800 13.796 13.847 13.869 13.878 13.890 13.911 13.933 13.940 13.952 13.975 13.982 13.988 14.006 14.012 14.025 14.032 14.052 14.500 14.102 14.500 14.146 14.500 14.120 9.069 12.599 14.166 9.241 14.178 9.208 14.208 9.676 9.305 14.500 14.500 14.500 14.500 14.500 14.500 14.500 14.500 14.500 14.500 14.500 14.500 14.500 14.500 14.500 14.500 14.500 14.500 14.500 14.500 14.500 14.500 14.500 14.500 14.500 14.500 13.038 12.987 13.250 13.663 14.001 14.239 14.424 14.500 14.500
13.456 13.491 13.494 13.692 13.741 13.763 13.816 13.828 13.859 13.867 13.875 13.909 13.920 13.929 13.935 13.945 13.971 13.977 13.985 14.000 14.013 14.028 14.044 14.500 14.077 14.085 14.095 14.500 14.130 14.140 14.150 14.173 14.175 14.165 14.167 8.967 9.160 14.500 14.500 14.500 14.500 14.500 14.500 14.500 14.500 14.500 14.500 14.500 14.500 14.500 14.500 14.500 14.500 14.500 14.500 14.500 14.500 14.500 14.500 14.500 14.500 14.500 14.500 14.500 13.873 12.845 13.011 13.550 13.856 14.042 14.177 14.325 14.490 14.500
13.505 13.515 13.659 13.690 13.720 13.755 13.769 13.838 13.860 13.875 13.893 13.901 13.908 13.920 13.936 13.945 13.955 13.972 11.322 14.004 14.010 14.031 14.037 14.051 14.070 14.074 14.090 14.096 14.135 14.151 14.160 14.189 14.200 9.239 8.948 9.273 9.335 14.500 14.500 14.500 14.500 14.500 14.500 14.500 14.500 14.500 14.500 14.500 14.500 14.500 14.500 14.500 14.500 14.500 14.500 14.500 14.500 14.500 14.500 14.500 14.500 14.500 14.314 13.750 13.782 13.232 13.443 13.714 13.849 13.978 14.116 14.263 14.420 14.500
13.463 13.647 13.684 13.732 13.761 13.773 13.787 13.830 13.853 13.874 13.883 13.891 13.918 13.929 13.934 13.950 13.956 13.973 13.978 13.992 14.012 14.025 14.040 14.046 14.056 14.071 10.051 14.116 14.131 14.142 14.182 14.209 14.228 9.003 9.374 9.395 14.500 14.500 14.500 14.500 14.500 14.500 14.500 14.500 14.500 14.500 14.500 14.500 14.500 14.500 14.500 14.500 14.500 14.500 14.500 14.500 14.500 14.500 14.500 14.500 14.500 14.197 13.378 13.196 13.281 13.380 13.537 13.679 13.812 13.952 14.081 14.216 14.362 14.500
13.504 13.521 13.676 13.675 13.745 13.795 13.804 13.813 13.831 13.871 13.880 13.896 13.909 13.922 10.134 13.948 13.978 13.983 13.995 14.003 14.019 14.026 14.032 14.053 14.064 14.074 14.107 14.121 14.132 14.167 14.178 14.202 14.500 14.500 14.500 14.500 14.500 14.500 14.500 14.500 14.500 14.500 14.500 14.500 14.500 14.500 14.500 14.500 14.500 14.500 14.500 14.500 14.500 14.500 14.500 14.500 14.500 14.500 14.500 14.500 14.181 13.242 13.009 13.080 13.237 13.446 13.581 13.693 13.798 13.930 14.049 14.177 14.310 14.462
13.494 13.541 13.691 13.750 13.759 13.779 13.809 13.831 13.843 13.869 13.876 13.888 13.906 13.923 13.930 13.943 13.952 13.977 13.987 13.999 14.012 14.019 14.027 14.054 14.064 14.074 14.081 14.109 8.960 14.164 12.482 13.320 14.225 14.500 14.500 14.500 14.500 14.500 9.277 14.500 14.500 14.500 14.500 14.500 14.500 14.500 14.500 14.500 14.500 14.500 14.500 14.500 14.500 14.500 14.500 14.500 14.500 14.500 14.500 14.127 13.066 12.834 12.892 13.115 13.318 13.471 13.581 13.700 13.815 13.917 14.014 14.142 14.266 14.410
13.529 13.578 13.695 13.717 13.781 13.789 13.806 13.841 13.848 13.865 13.885 13.891 13.913 13.918 13.933 13.956 13.963 13.970 13.986 13.991 13.999 14.023 14.048 14.056 14.068 14.078 14.107 14.118 14.132 14.180 14.188 14.500 14.500 14.232 14.500 14.500 14.500 14.500 14.500 14.500 14.500 14.500 14.500 14.500 14.500 14.500 14.500 14.500 14.500 14.500 14.500 14.500 14.500 14.500 14.500 14.500 14.500 14.500 13.973 12.864 12.628 12.778 12.980 13.148 13.307 13.450 13.547 13.660 13.774 13.891 14.014 14.125 14.233 14.373
13.489 13.524 13.678 13.694 13.752 10.899 13.819 13.827 13.843 13.859 13.873 13.889 13.373 13.922 13.940 13.947 13.958 13.670 13.987 14.001 14.014 14.023 14.034 14.048 14.066 14.077 14.112 14.120 14.148 14.159 14.185 14.500 9.272 11.612 14.500 14.500 14.500 14.500 14.500 14.500 14.500 14.500 14.500 14.500 14.500 14.500 14.500 14.500 14.500 14.500 14.500 14.500 14.500 14.500 14.500 14.500 14.500 13.688 12.545 12.499 12.664 12.822 12.972 13.119 13.266 13.406 13.498 13.610 13.724 13.840 13.964 14.095 14.237 14.377
13.496 13.578 13.715 13.746 13.767 13.799 13.820 13.830 13.848 13.870 13.880 13.896 13.910 13.919 13.934 13.949 13.961 13.970 13.978 13.985 13.999 14.007 14.032 14.043 14.070 14.076 14.109 14.500 14.132 14.160 14.169 14.192 14.220 14.500 14.500 9.346 14.500 14.500 14.500 14.500 14.500 14.500 14.500 14.500 14.500 14.500 14.500 14.500 14.500 14.500 14.500 14.500 14.500 14.500 14.500 14.500 13.049 12.292 12.376 12.517 12.651 12.787 12.925 13.066 13.209 13.351 13.444 13.557 13.673 13.791 13.917 14.054 14.207 14.379
13.491 13.501 13.535 13.723 13.762 13.773 13.815 13.839 13.845 13.858 13.877 13.886 13.909 13.920 13.937 13.943 13.961 13.969 13.976 13.994 14.005 14.012 14.036 14.042 14.073 14.079 14.500 10.790 14.134 14.160 14.170 14.191 14.209 11.128 14.500 14.500 14.500 9.340 9.447 9.298 14.500 14.500 14.500 14.500 14.500 14.500 14.500 14.500 14.500 14.500 14.500 14.500 14.500 14.500 13.891 12.140 12.088 12.207 12.327 12.457 12.589 12.725 12.863 13.004 13.147 13.291 13.394 13.506 13.623 13.746 13.877 14.024 14.196 14.393
13.459 10.985 13.568 13.701 12.976 13.776 13.812 13.820 13.845 13.854 13.879 13.895 13.902 13.913 13.925 8.427 13.958 13.964 13.973 13.988 13.998 8.703 14.036 14.041 14.064 12.134 14.094 14.121 14.131 14.156 14.164 14.500 14.500 14.200 14.220 9.345 14.500 14.500 14.500 14.500 9.310 14.500 14.500 14.500 14.500 14.500 14.500 14.500 14.500 9.307 11.297 11.302 11.378 11.470 11.617 11.805 11.961 12.106 12.248 12.388 12.526 12.664 12.803 12.944 13.088 13.233 13.343 13.456 13.578 13.706 13.848 14.014 14.212 14.433
12.328 12.306 12.534 13.664 7.594 13.785 13.809 12.246 13.851 13.872 13.884 13.893 13.902 13.917 13.922 13.944 13.951 13.966 13.985 13.994 14.000 14.010 14.020 14.042 14.052 14.012 14.090 14.115 14.123 14.136 14.150 9.124 14.500 14.189 14.196 9.355 14.500 14.500 9.283 14.500 14.500 14.500 14.500 14.500 9.270 14.500 14.500 14.500 9.321 11.343 11.179 11.168 11.291 11.471 11.637 11.785 11.925 12.064 12.201 12.336 12.472 12.609 12.748 12.887 13.031 13.178 13.296 13.410 13.537 13.676 13.835 14.030 14.267 14.483
13.438 8.549 12.813 12.283 13.765 13.780 13.438 13.540 13.844 13.863 8.338 13.883 9.131 9.361 13.925 13.932 13.958 13.965 13.982 13.990 13.999 14.006 14.023 14.042 14.053 11.958 11.886 14.105 14.119 14.125 14.134 14.500 14.164 14.196 14.187 14.500 9.302 14.500 14.500 14.500 14.500 9.257 9.048 14.500 14.500 9.298 14.500 14.500 14.500 9.376 10.900 11.134 11.322 11.458 11.601 11.744 11.878 12.013 12.149 12.284 12.419 12.555 12.694 12.833 12.977 13.125 13.253 13.370 13.506 13.659 13.847 14.085 14.359 14.500
13.447 13.432 12.900 13.559 13.723 12.015 13.820 13.827 13.842 13.860 13.877 13.884 13.902 13.912 13.921 13.930 13.951 11.769 13.967 13.973 8.592 14.005 14.014 12.972 14.050 11.388 11.968 11.616 11.445 9.588 14.151 14.162 14.500 14.500 9.373 14.500 14.500 14.500 10.970 8.879 14.500 9.127 9.432 9.355 14.500 14.500 14.500 9.268 8.977 9.353 10.941 11.157 11.296 11.407 11.556 11.704 11.828 11.962 12.103 12.237 12.370 12.507 12.645 12.786 12.928 13.078 13.218 13.339 13.486 13.665 13.896 14.187 14.458 14.500
12.212 11.743 13.424 12.719 13.707 13.757 13.785 13.818 13.838 13.856 13.872 8.435 13.894 13.912 13.918 13.934 13.940 13.951 13.966 8.534 8.761 13.408 14.019 14.034 14.047 14.069 10.929 14.105 14.115 14.141 14.151 14.160 14.194 14.500 14.500 14.500 9.311 8.994 11.472 10.656 9.324 14.188 10.371 9.022 9.864 14.500 9.278 9.346 10.710 10.868 10.909 11.169 11.260 11.338 11.534 11.681 11.781 11.925 12.074 12.200 12.331 12.469 12.607 12.746 12.889 13.040 13.193 13.317 13.484 13.702 13.995 14.327 14.500 14.500
12.072 13.447 13.005 13.521 13.538 13.576 13.201 13.819 13.831 13.848 13.878 13.888 13.899 13.909 13.917 13.928 13.936 9.472 13.972 13.981 13.988 14.002 8.681 8.897 14.049 14.074 14.079 14.098 9.264 9.255 14.500 14.500 14.500 14.500 8.980 9.431 9.197 14.163 10.943 9.130 10.391 14.178 14.500 14.209 9.935 9.859 9.567 10.761 10.932 11.088 11.212 11.239 11.237 11.253 11.585 11.683 11.739 11.923 12.074 12.176 12.311 12.452 12.583 12.721 12.865 13.015 13.182 13.309 13.506 13.786 14.145 14.455 14.500 14.500
13.399 7.562 13.439 13.084 9.000 13.559 13.773 13.799 13.808 13.837 7.851 13.885 13.893 13.906 13.913 13.927 13.936 10.846 10.391 13.989 13.996 14.011 14.033 14.042 14.049 14.075 14.083 11.743 8.888 14.500 14.500 14.500 8.980 9.596 14.122 9.075 14.140 11.733 14.162 9.350 14.500 14.500 9.172 14.198 9.194 9.346 10.792 11.005 11.161 11.302 11.432 11.542 11.641 11.727 11.734 11.700 11.674 12.006 12.105 12.154 12.328 12.468 12.575 12.717 12.861 13.009 13.190 13.319 13.564 13.926 14.320 14.500 14.500 14.500
13.406 13.416 13.431 13.457 13.490 13.507 13.718 13.773 13.776 13.833 9.001 11.409 13.893 13.905 13.919 13.933 9.813 13.959 13.967 13.982 13.995 9.376 14.027 8.837 14.083 10.287 14.500 14.500 14.500 14.173 8.868 8.871 9.238 14.118 8.825 10.120 14.124 8.994 9.543 9.599 9.816 9.328 9.907 14.199 9.585 9.418 11.081 11.276 11.427 11.539 11.667 11.784 11.893 11.995 12.084 12.164 12.231 12.229 12.150 12.094 12.429 12.519 12.569 12.747 12.888 13.019 13.215 13.352 13.673 14.115 14.459 14.500 14.500 14.500
8.615 13.417 13.428 13.443 9.637 13.528 13.544 13.670 13.769 13.825 10.025 13.714 8.220 8.421 13.922 13.937 13.944 13.955 13.975 13.982 8.579 9.303 14.034 14.061 14.500 14.500 14.500 14.500 8.966 9.392 8.805 9.283 11.452 12.412 10.783 12.472 13.672 9.239 14.155 9.650 9.906 14.198 10.922 14.500 10.581 10.186 11.510 11.674 11.805 11.901 12.003 12.103 12.199 12.293 12.383 12.469 12.550 12.621 12.684 12.734 12.717 12.582 12.516 12.852 12.943 13.035 13.265 13.410 13.847 14.313 14.500 14.500 14.500 14.500
7.157 13.428 13.439 13.449 13.472 13.491 13.506 13.585 9.851 13.783 12.650 9.259 9.239 13.897 13.917 8.554 9.466 9.054 9.207 14.001 8.595 9.085 14.500 14.500 14.500 8.382 9.989 8.796 14.059 8.946 12.279 11.679 11.226 12.247 12.820 14.125 14.133 9.289 14.159 9.159 14.500 9.574 11.379 14.223 11.729 14.373 14.160 13.884 13.623 13.383 13.207 13.119 13.061 13.026 13.013 13.018 13.038 13.070 13.110 13.153 13.193 13.229 13.255 13.210 13.007 13.018 13.367 13.481 14.065 14.457 14.500 14.500 14.500 14.500
13.384 13.394 13.408 13.444 13.446 13.483 13.499 13.537 13.569 13.586 13.844 13.855 13.881 13.888 13.906 8.333 9.643 8.772 8.494 14.046 14.057 14.069 14.086 8.538 8.663 9.191 8.818 14.034 10.620 10.864 14.063 8.812 14.093 9.833 13.292 12.696 14.141 14.159 14.168 14.197 14.065 13.245 14.500 11.010 14.500 14.500 14.500 14.477 14.416 14.323 14.162 14.067 13.980 13.901 13.831 13.774 13.729 13.698 13.680 13.676 13.683 13.699 13.719 13.738 13.757 13.769 13.708 13.564 14.280 14.500 14.500 14.500 14.500 14.500
6.965 10.259 13.405 13.434 7.174 7.872 13.474 13.505 13.561 13.736 13.808 13.852 13.868 13.885 13.907 8.350 13.989 14.012 14.023 14.035 8.479 8.357 8.677 9.091 8.574 14.007 14.024 8.799 14.041 14.059 14.067 9.170 14.097 14.105 13.693 10.910 14.151 10.933 14.500 14.208 14.218 14.235 14.500 14.500 14.500 14.500 14.500 14.500 14.500 14.500 14.500 14.500 14.500 14.495 14.468 14.429 14.384 14.339 14.298 14.265 14.241 14.224 14.217 14.219 14.229 14.248 14.303 14.379 14.498 14.500 14.500 14.500 14.500 14.500
13.355 9.597 13.386 7.468 13.429 13.438 13.463 7.674 7.769 7.714 7.965 13.844 8.100 7.565 13.959 13.971 13.984 8.317 8.404 8.875 8.397 9.319 8.334 8.995 9.704 14.002 14.024 14.029 14.500 14.057 14.063 9.357 9.408 9.457 9.571 11.383 14.150 14.157 10.726 14.149 10.550 10.329 14.500 14.500 14.500 14.500 9.308 14.500 14.500 14.500 14.500 14.500 14.500 14.500 14.500 14.500 14.500 14.500 14.500 14.500 14.500 14.500 14.500 14.500 14.500 14.500 14.500 14.500 14.500 14.500 14.500 14.500 14.500 14.500
8.169 7.675 13.391 13.406 13.421 13.427 7.073 7.734 7.977 7.942 7.946 8.048 13.916 13.933 13.949 7.945 8.166 8.846 8.243 8.582 13.951 10.142 11.383 13.982 13.988 14.003 9.112 14.028 14.034 14.044 14.058 14.064 8.830 9.325 12.840 12.336 14.154 9.773 14.500 14.500 14.500 9.915 9.586 14.500 14.500 14.500 14.500 14.500 14.500 14.500 14.500 14.500 14.500 14.500 14.500 14.500 14.500 14.500 14.500 14.500 14.500 14.500 14.500 14.500 14.500 14.500 14.500 14.500 14.500 14.500 14.500 14.500 14.500 14.500
8.028 7.993 11.420 8.310 13.403 13.452 7.430 7.814 6.991 13.874 13.879 13.892 13.905 8.512 8.545 8.074 12.250 13.917 13.532 13.943 13.950 13.959 13.964 13.975 8.919 8.609 14.010 14.026 14.033 14.043 14.062 14.071 10.557 10.884 12.738 9.201 14.151 11.250 9.930 14.500 9.683 14.500 14.500 14.500 14.500 14.500 14.500 14.500 14.500 14.500 14.500 14.500 14.500 14.500 14.500 14.500 14.500 14.500 14.500 14.500 14.500 14.500 14.500 14.500 14.500 14.500 14.500 14.500 14.500 14.500 14.500 14.500 14.500 14.500
7.889 6.948 8.440 13.386 13.452 13.465 7.333 13.818 13.824 13.840 13.864 7.338 8.112 9.487 8.392 8.646 13.889 8.166 9.938 8.195 13.942 13.952 8.760 8.819 8.805 8.667 11.422 8.735 14.500 14.046 11.409 14.063 14.082 9.563 14.108 9.344 9.548 14.169 14.192 9.630 14.226 14.500 9.318 14.500 9.320 14.500 14.500 14.500 14.500 14.500 14.500 14.500 14.500 14.500 14.500 14.500 14.500 14.500 14.500 14.500 14.500 14.500 14.500 14.500 14.500 14.500 14.500 14.500 14.500 14.500 14.500 14.500 14.500 14.500
6.821 1.689 9.567 6.688 7.388 13.521 13.577 13.757 13.818 7.227 7.607 8.384 13.784 8.798 9.077 13.866 13.883 9.307 13.907 8.693 13.935 8.407 8.800 8.874 9.048 12.558 14.001 14.016 9.453 9.910 14.063 14.072 14.078 14.107 10.921 14.139 14.164 14.173 14.202 14.500 14.500 11.333 14.500 14.500 9.278 14.500 14.500 14.500 14.500 14.500 14.500 14.500 14.500 14.500 14.500 14.500 14.500 14.500 14.500 14.500 14.500 14.500 14.500 14.500 14.500 14.500 14.500 14.500 14.500 14.500 14.500 14.500 14.500 14.500
