includes/overflow_coast_v/floodfiles/results/res.max
ncols         631
nrows         906
xllcorner     364927.146600
yllcorner     6531972.565600
cellsize      20.000000
NODATA_value  -9999.000000
[rows 68 to 101 of 906, columns 462 to 538 of 631]
16.484 16.630 16.777 16.772 16.748 16.724 16.700 16.676 16.653 16.628 16.605 16.581 16.557 16.560 16.562 16.532 16.496 16.453 16.408 16.365 16.321 16.277 16.234 16.189 16.145 16.103 16.064 16.024 15.984 15.945 15.905 15.865 15.826 15.796 15.765 15.735 15.705 15.677 15.651 15.624 15.599 15.572 15.546 15.519 15.493 15.466 15.440 15.413 15.388 15.361 15.334 15.295 15.252 15.212 15.175 15.138 15.101 15.059 15.016 14.975 14.933 14.891 14.849 14.807 14.765 14.723 14.682 14.640 14.597 14.637 14.744 14.852 14.960 15.067 15.175 15.283 15.390
16.425 16.571 16.718 16.708 16.684 16.660 16.636 16.613 16.589 16.565 16.541 16.535 16.538 16.541 16.544 16.517 16.482 16.445 16.408 16.364 16.321 16.277 16.233 16.189 16.145 16.104 16.064 16.025 15.985 15.945 15.906 15.866 15.826 15.787 15.757 15.727 15.697 15.670 15.643 15.617 15.590 15.564 15.537 15.511 15.485 15.458 15.432 15.405 15.379 15.352 15.327 15.300 15.262 15.222 15.184 15.143 15.102 15.060 15.018 14.976 14.933 14.892 14.850 14.808 14.767 14.725 14.682 14.641 14.599 14.621 14.730 14.837 14.944 15.053 15.160 15.267 15.375
16.365 16.512 16.659 16.645 16.620 16.597 16.573 16.549 16.525 16.510 16.514 16.517 16.520 16.523 16.527 16.503 16.468 16.431 16.396 16.360 16.321 16.276 16.232 16.189 16.145 16.104 16.065 16.025 15.984 15.945 15.905 15.865 15.826 15.786 15.748 15.718 15.689 15.662 15.635 15.609 15.582 15.556 15.529 15.503 15.476 15.451 15.424 15.398 15.371 15.345 15.318 15.292 15.265 15.229 15.187 15.145 15.103 15.061 15.019 14.977 14.935 14.893 14.852 14.809 14.767 14.725 14.684 14.642 14.599 14.607 14.714 14.821 14.930 15.037 15.145 15.253 15.360
16.307 16.453 16.600 16.580 16.557 16.533 16.509 16.485 16.489 16.492 16.496 16.498 16.502 16.505 16.509 16.489 16.452 16.417 16.381 16.346 16.310 16.274 16.232 16.189 16.145 16.104 16.064 16.025 15.985 15.945 15.906 15.866 15.826 15.787 15.747 15.708 15.680 15.653 15.628 15.601 15.575 15.548 15.522 15.496 15.471 15.445 15.419 15.393 15.368 15.343 15.317 15.291 15.266 15.236 15.190 15.146 15.104 15.062 15.020 14.978 14.937 14.894 14.852 14.810 14.769 14.727 14.684 14.643 14.601 14.591 14.700 14.807 14.914 15.022 15.130 15.237 15.345
16.248 16.395 16.541 16.517 16.493 16.469 16.465 16.468 16.471 16.475 16.478 16.481 16.484 16.488 16.491 16.473 16.438 16.403 16.367 16.331 16.295 16.260 16.224 16.188 16.144 16.105 16.065 16.025 15.986 15.946 15.905 15.863 15.821 15.778 15.736 15.694 15.677 15.651 15.625 15.600 15.574 15.548 15.523 15.497 15.472 15.446 15.420 15.394 15.368 15.343 15.317 15.292 15.269 15.247 15.201 15.156 15.110 15.065 15.021 14.979 14.937 14.896 14.854 14.811 14.769 14.728 14.686 14.644 14.601 14.577 14.684 14.792 14.900 15.007 15.115 15.222 15.317
16.158 16.336 16.477 16.453 16.441 16.444 16.446 16.450 16.453 16.457 16.459 16.463 16.466 16.470 16.472 16.459 16.424 16.388 16.353 16.316 16.281 16.246 16.210 16.174 16.128 16.086 16.044 16.002 15.959 15.917 15.875 15.833 15.791 15.748 15.706 15.683 15.674 15.652 15.626 15.601 15.575 15.549 15.523 15.498 15.472 15.447 15.421 15.395 15.370 15.344 15.318 15.294 15.272 15.250 15.212 15.167 15.121 15.075 15.029 14.984 14.939 14.896 14.854 14.813 14.771 14.729 14.686 14.645 14.603 14.561 14.669 14.777 14.884 14.992 15.100 15.181 15.251
15.965 16.195 16.416 16.419 16.423 16.425 16.429 16.432 16.436 16.438 16.442 16.445 16.449 16.451 16.455 16.445 16.409 16.374 16.338 16.302 16.267 16.231 16.194 16.147 16.100 16.056 16.013 15.971 15.928 15.886 15.844 15.802 15.760 15.717 15.682 15.673 15.665 15.653 15.628 15.602 15.576 15.550 15.524 15.499 15.473 15.447 15.421 15.395 15.371 15.345 15.320 15.298 15.275 15.253 15.223 15.177 15.132 15.086 15.040 14.994 14.948 14.904 14.858 14.813 14.771 14.730 14.688 14.646 14.605 14.562 14.654 14.762 14.869 14.975 15.045 15.115 15.185
15.771 16.030 16.302 16.360 16.394 16.407 16.411 16.414 16.418 16.420 16.424 16.427 16.431 16.433 16.437 16.431 16.395 16.359 16.323 16.288 16.252 16.213 16.166 16.119 16.072 16.025 15.983 15.941 15.898 15.856 15.814 15.772 15.730 15.687 15.673 15.665 15.656 15.647 15.628 15.602 15.576 15.550 15.525 15.500 15.474 15.448 15.422 15.396 15.371 15.345 15.322 15.300 15.278 15.256 15.233 15.188 15.142 15.096 15.051 15.005 14.960 14.914 14.868 14.823 14.777 14.731 14.689 14.647 14.605 14.563 14.639 14.747 14.838 14.909 14.979 15.049 15.119
15.633 15.903 16.175 16.268 16.302 16.337 16.372 16.397 16.399 16.403 16.406 16.410 16.412 16.416 16.419 16.416 16.380 16.344 16.309 16.274 16.231 16.185 16.138 16.091 16.043 15.996 15.953 15.910 15.868 15.826 15.784 15.742 15.700 15.674 15.665 15.656 15.648 15.639 15.629 15.603 15.577 15.551 15.526 15.500 15.474 15.448 15.423 15.398 15.372 15.348 15.326 15.303 15.281 15.258 15.237 15.199 15.153 15.107 15.061 15.015 14.971 14.925 14.879 14.833 14.788 14.742 14.696 14.651 14.607 14.564 14.624 14.703 14.773 14.842 14.913 14.983 15.053
15.505 15.776 16.048 16.177 16.211 16.246 16.280 16.314 16.349 16.384 16.388 16.391 16.394 16.398 16.401 16.401 16.366 16.330 16.295 16.250 16.203 16.157 16.110 16.062 16.015 15.968 15.923 15.880 15.837 15.795 15.753 15.711 15.673 15.664 15.655 15.647 15.639 15.630 15.622 15.604 15.578 15.552 15.527 15.501 15.475 15.449 15.423 15.398 15.373 15.352 15.329 15.307 15.284 15.262 15.239 15.209 15.163 15.118 15.072 15.026 14.981 14.935 14.890 14.844 14.798 14.752 14.708 14.662 14.616 14.570 14.578 14.636 14.706 14.777 14.847 14.916 14.987
15.378 15.649 15.920 16.085 16.120 16.155 16.189 16.223 16.258 16.292 16.326 16.361 16.377 16.380 16.383 16.386 16.351 16.316 16.269 16.222 16.175 16.129 16.081 16.034 15.987 15.940 15.892 15.849 15.807 15.765 15.723 15.681 15.664 15.656 15.647 15.638 15.630 15.621 15.612 15.604 15.578 15.553 15.528 15.502 15.476 15.450 15.425 15.399 15.376 15.354 15.331 15.309 15.286 15.265 15.242 15.220 15.174 15.128 15.082 15.037 14.992 14.946 14.900 14.854 14.809 14.763 14.718 14.672 14.628 14.594 14.582 14.625 14.670 14.713 14.780 14.851 14.921
15.251 15.522 15.792 15.994 16.029 16.063 16.097 16.132 16.167 16.201 16.235 16.270 16.305 16.338 16.365 16.368 16.336 16.289 16.241 16.194 16.147 16.100 16.053 16.006 15.959 15.911 15.864 15.819 15.777 15.735 15.693 15.664 15.656 15.647 15.638 15.630 15.621 15.612 15.604 15.595 15.579 15.554 15.528 15.502 15.476 15.450 15.425 15.402 15.380 15.357 15.335 15.312 15.290 15.267 15.245 15.222 15.185 15.139 15.093 15.048 15.002 14.956 14.911 14.865 14.819 14.773 14.729 14.685 14.651 14.617 14.587 14.631 14.674 14.718 14.762 14.805 14.855
15.124 15.395 15.665 15.903 15.938 15.971 16.006 16.041 16.075 16.109 16.144 16.179 16.213 16.247 16.282 16.320 16.303 16.260 16.213 16.166 16.119 16.072 16.025 15.978 15.930 15.883 15.836 15.789 15.747 15.705 15.664 15.655 15.646 15.638 15.629 15.621 15.613 15.604 15.595 15.587 15.578 15.555 15.529 15.503 15.477 15.452 15.427 15.405 15.382 15.360 15.337 15.316 15.293 15.271 15.248 15.226 15.195 15.149 15.103 15.059 15.013 14.967 14.921 14.875 14.830 14.784 14.742 14.708 14.675 14.641 14.607 14.635 14.679 14.723 14.766 14.811 14.854
14.997 15.267 15.538 15.809 15.846 15.880 15.915 15.950 15.983 16.018 16.053 16.087 16.121 16.156 16.196 16.241 16.247 16.207 16.166 16.126 16.084 16.043 15.997 15.949 15.902 15.855 15.808 15.760 15.716 15.674 15.655 15.646 15.638 15.629 15.620 15.612 15.603 15.594 15.586 15.577 15.568 15.555 15.529 15.504 15.478 15.453 15.431 15.408 15.386 15.363 15.341 15.318 15.296 15.273 15.251 15.229 15.206 15.160 15.114 15.069 15.023 14.978 14.932 14.886 14.840 14.799 14.766 14.732 14.698 14.664 14.631 14.640 14.684 14.727 14.772 14.815 14.858
14.870 15.140 15.411 15.682 15.754 15.789 15.824 15.857 15.892 15.927 15.962 15.995 16.030 16.072 16.117 16.161 16.193 16.152 16.112 16.070 16.030 15.989 15.948 15.907 15.867 15.826 15.779 15.732 15.686 15.655 15.647 15.638 15.629 15.621 15.612 15.603 15.595 15.586 15.577 15.568 15.560 15.551 15.530 15.504 15.478 15.455 15.433 15.410 15.388 15.366 15.344 15.321 15.299 15.276 15.254 15.231 15.209 15.170 15.125 15.080 15.034 14.988 14.942 14.896 14.856 14.822 14.788 14.754 14.721 14.687 14.653 14.645 14.689 14.733 14.776 14.819 14.864
14.742 15.013 15.284 15.554 15.663 15.698 15.733 15.766 15.801 15.836 15.869 15.904 15.948 15.993 16.037 16.083 16.128 16.098 16.056 16.016 15.975 15.935 15.893 15.853 15.812 15.771 15.730 15.690 15.650 15.641 15.636 15.629 15.621 15.611 15.603 15.595 15.586 15.577 15.569 15.560 15.551 15.543 15.531 15.505 15.481 15.459 15.436 15.414 15.391 15.369 15.346 15.324 15.301 15.280 15.257 15.235 15.212 15.181 15.136 15.090 15.044 14.999 14.953 14.913 14.879 14.845 14.812 14.778 14.744 14.710 14.676 14.650 14.694 14.737 14.781 14.825 14.868
14.615 14.886 15.157 15.427 15.572 15.607 15.640 15.675 15.710 15.745 15.779 15.824 15.869 15.913 15.959 16.004 16.049 16.042 16.002 15.961 15.921 15.879 15.839 15.798 15.757 15.716 15.676 15.635 15.611 15.594 15.590 15.585 15.580 15.575 15.571 15.566 15.561 15.557 15.552 15.547 15.542 15.533 15.524 15.506 15.484 15.462 15.440 15.417 15.395 15.372 15.350 15.327 15.305 15.282 15.260 15.237 15.215 15.192 15.147 15.101 15.055 15.009 14.970 14.936 14.903 14.869 14.835 14.801 14.767 14.734 14.700 14.666 14.698 14.742 14.786 14.829 14.873
14.488 14.759 15.029 15.300 15.481 15.514 15.549 15.584 15.619 15.655 15.700 15.745 15.789 15.835 15.880 15.925 15.969 15.988 15.947 15.907 15.865 15.825 15.784 15.743 15.702 15.662 15.621 15.596 15.573 15.550 15.544 15.539 15.535 15.530 15.525 15.521 15.516 15.511 15.507 15.502 15.497 15.492 15.488 15.461 15.453 15.445 15.437 15.420 15.397 15.375 15.352 15.330 15.308 15.286 15.263 15.241 15.218 15.196 15.157 15.111 15.066 15.028 14.994 14.960 14.926 14.892 14.859 14.825 14.791 14.757 14.723 14.690 14.703 14.747 14.790 14.834 14.878
14.361 14.632 14.902 15.173 15.390 15.423 15.458 15.493 15.531 15.576 15.621 15.667 15.711 15.756 15.801 15.845 15.891 15.933 15.893 15.851 15.811 15.770 15.729 15.688 15.648 15.607 15.580 15.557 15.535 15.512 15.499 15.494 15.489 15.485 15.479 15.474 15.470 15.465 15.460 15.456 15.452 15.447 15.421 15.390 15.378 15.370 15.362 15.354 15.346 15.338 15.331 15.323 15.310 15.288 15.265 15.243 15.221 15.199 15.168 15.122 15.084 15.050 15.016 14.982 14.949 14.915 14.881 14.848 14.814 14.781 14.747 14.713 14.708 14.752 14.795 14.839 14.882
14.234 14.504 14.775 15.046 15.297 15.332 15.367 15.407 15.452 15.497 15.543 15.587 15.632 15.677 15.721 15.767 15.812 15.857 15.837 15.797 15.756 15.715 15.674 15.634 15.593 15.565 15.542 15.519 15.496 15.472 15.452 15.448 15.443 15.438 15.434 15.429 15.424 15.420 15.415 15.410 15.405 15.385 15.354 15.323 15.301 15.293 15.286 15.278 15.270 15.262 15.255 15.247 15.240 15.232 15.224 15.216 15.208 15.201 15.178 15.141 15.108 15.074 15.040 15.006 14.972 14.938 14.904 14.871 14.837 14.803 14.769 14.735 14.713 14.756 14.800 14.843 14.887
14.076 14.365 14.648 14.919 15.189 15.241 15.284 15.328 15.373 15.419 15.463 15.508 15.553 15.598 15.643 15.688 15.733 15.777 15.783 15.742 15.701 15.660 15.620 15.579 15.549 15.526 15.504 15.481 15.457 15.434 15.411 15.402 15.398 15.393 15.388 15.384 15.379 15.374 15.369 15.365 15.349 15.318 15.288 15.257 15.226 15.218 15.210 15.203 15.195 15.187 15.179 15.171 15.163 15.156 15.148 15.141 15.133 15.125 15.114 15.109 15.106 15.097 15.063 15.029 14.996 14.962 14.928 14.894 14.860 14.826 14.793 14.759 14.725 14.761 14.805 14.848 14.892
13.892 14.181 14.471 14.760 15.050 15.160 15.204 15.250 15.295 15.339 15.384 15.429 15.475 15.519 15.564 15.609 15.653 15.699 15.728 15.687 15.646 15.606 15.565 15.534 15.511 15.488 15.465 15.442 15.419 15.396 15.373 15.357 15.352 15.347 15.342 15.337 15.332 15.328 15.323 15.313 15.282 15.251 15.220 15.189 15.159 15.143 15.135 15.127 15.119 15.112 15.104 15.096 15.088 15.080 15.072 15.065 15.057 15.047 15.034 15.026 15.024 15.021 15.019 15.016 15.013 14.985 14.951 14.918 14.884 14.850 14.816 14.782 14.748 14.766 14.809 14.853 14.892
13.708 13.998 14.288 14.576 14.867 15.056 15.107 15.160 15.213 15.260 15.305 15.351 15.395 15.440 15.485 15.529 15.575 15.620 15.665 15.632 15.592 15.551 15.518 15.496 15.473 15.450 15.426 15.403 15.380 15.357 15.334 15.311 15.306 15.301 15.297 15.292 15.287 15.282 15.277 15.247 15.216 15.185 15.154 15.123 15.092 15.067 15.059 15.051 15.043 15.035 15.027 15.020 15.012 15.004 14.996 14.989 14.980 14.968 14.955 14.944 14.941 14.939 14.936 14.933 14.931 14.928 14.925 14.923 14.907 14.873 14.839 14.806 14.772 14.770 14.814 14.846 14.838
13.525 13.814 14.103 14.394 14.685 14.948 15.001 15.054 15.105 15.158 15.211 15.263 15.315 15.361 15.406 15.451 15.496 15.541 15.585 15.578 15.537 15.503 15.480 15.457 15.434 15.411 15.388 15.365 15.341 15.318 15.296 15.273 15.261 15.256 15.251 15.246 15.242 15.237 15.211 15.180 15.149 15.118 15.087 15.056 15.025 14.994 14.983 14.976 14.968 14.960 14.952 14.944 14.936 14.929 14.921 14.912 14.900 14.888 14.876 14.863 14.859 14.857 14.854 14.851 14.848 14.845 14.843 14.840 14.838 14.835 14.832 14.829 14.795 14.775 14.800 14.792 14.784
13.341 13.630 13.920 14.211 14.502 14.792 14.895 14.947 14.999 15.052 15.104 15.156 15.209 15.262 15.313 15.366 15.417 15.461 15.507 15.523 15.487 15.465 15.442 15.419 15.395 15.372 15.350 15.326 15.303 15.280 15.257 15.234 15.214 15.209 15.205 15.200 15.195 15.175 15.144 15.113 15.082 15.051 15.020 14.989 14.958 14.927 14.907 14.899 14.891 14.884 14.876 14.868 14.860 14.852 14.845 14.833 14.821 14.809 14.797 14.784 14.776 14.774 14.771 14.768 14.765 14.763 14.761 14.758 14.755 14.752 14.749 14.746 14.745 14.764 14.748 14.737 14.730
13.157 13.447 13.738 14.029 14.318 14.609 14.789 14.840 14.893 14.946 14.997 15.050 15.103 15.154 15.207 15.260 15.312 15.364 15.417 15.477 15.449 15.426 15.404 15.380 15.357 15.334 15.310 15.287 15.265 15.241 15.218 15.195 15.172 15.164 15.159 15.155 15.139 15.108 15.077 15.046 15.015 14.984 14.953 14.922 14.891 14.860 14.832 14.824 14.816 14.808 14.801 14.793 14.785 14.777 14.765 14.753 14.741 14.729 14.717 14.705 14.695 14.692 14.689 14.686 14.683 14.680 14.678 14.675 14.672 14.670 14.667 14.665 14.684 14.730 14.731 14.712 14.691
12.974 13.265 13.555 13.846 14.136 14.427 14.681 14.734 14.787 14.838 14.891 14.944 14.996 15.048 15.101 15.153 15.205 15.258 15.321 15.436 15.449 15.417 15.385 15.354 15.323 15.295 15.272 15.249 15.225 15.203 15.180 15.157 15.134 15.119 15.114 15.104 15.072 15.041 15.010 14.979 14.948 14.917 14.886 14.855 14.824 14.793 14.762 14.748 14.740 14.732 14.724 14.716 14.709 14.698 14.686 14.674 14.662 14.650 14.638 14.626 14.613 14.609 14.606 14.603 14.600 14.598 14.596 14.593 14.590 14.587 14.584 14.603 14.649 14.696 14.716 14.695 14.675
12.792 13.082 13.372 13.663 13.953 14.244 14.534 14.628 14.681 14.732 14.785 14.837 14.889 14.942 14.994 15.046 15.099 15.159 15.273 15.388 15.451 15.419 15.388 15.356 15.324 15.293 15.261 15.229 15.198 15.167 15.141 15.119 15.095 15.072 15.067 15.036 15.005 14.974 14.943 14.912 14.881 14.850 14.819 14.788 14.758 14.727 14.696 14.672 14.665 14.657 14.649 14.641 14.630 14.618 14.606 14.594 14.582 14.570 14.558 14.546 14.534 14.527 14.524 14.521 14.518 14.516 14.513 14.510 14.507 14.504 14.523 14.570 14.616 14.662 14.699 14.679 14.659
12.609 12.899 13.190 13.480 13.770 14.060 14.351 14.522 14.573 14.626 14.679 14.730 14.783 14.836 14.887 14.940 14.997 15.111 15.226 15.340 15.453 15.421 15.390 15.358 15.327 15.295 15.263 15.232 15.200 15.168 15.137 15.106 15.074 15.043 15.005 14.970 14.939 14.908 14.877 14.846 14.815 14.784 14.753 14.722 14.691 14.659 14.628 14.597 14.588 14.580 14.573 14.562 14.551 14.539 14.527 14.515 14.503 14.491 14.479 14.467 14.455 14.444 14.441 14.438 14.435 14.433 14.430 14.427 14.425 14.443 14.489 14.535 14.581 14.627 14.673 14.663 14.643
12.426 12.717 13.007 13.297 13.588 13.878 14.169 14.414 14.467 14.520 14.571 14.624 14.677 14.729 14.781 14.835 14.949 15.063 15.178 15.291 15.406 15.424 15.392 15.360 15.329 15.297 15.265 15.234 15.202 15.171 15.139 15.108 15.077 15.069 15.054 15.001 14.948 14.895 14.842 14.789 14.747 14.717 14.686 14.655 14.624 14.593 14.562 14.531 14.513 14.505 14.495 14.483 14.471 14.459 14.447 14.435 14.423 14.411 14.399 14.387 14.375 14.362 14.358 14.356 14.354 14.351 14.348 14.345 14.363 14.409 14.455 14.501 14.547 14.594 14.640 14.647 14.626
12.243 12.534 12.824 13.115 13.405 13.695 13.986 14.276 14.361 14.414 14.465 14.518 14.570 14.622 14.675 14.787 14.901 15.016 15.129 15.244 15.358 15.425 15.394 15.363 15.331 15.299 15.268 15.236 15.204 15.173 15.142 15.110 15.098 15.098 15.099 15.051 14.998 14.945 14.892 14.839 14.786 14.733 14.680 14.627 14.573 14.526 14.495 14.464 14.438 14.428 14.416 14.404 14.392 14.380 14.368 14.356 14.344 14.332 14.320 14.308 14.296 14.284 14.276 14.273 14.271 14.268 14.265 14.282 14.328 14.374 14.421 14.467 14.513 14.559 14.605 14.630 14.610
12.061 12.351 12.641 12.932 13.222 13.513 13.803 14.093 14.255 14.306 14.359 14.412 14.463 14.516 14.624 14.739 14.853 14.967 15.082 15.196 15.310 15.424 15.397 15.364 15.333 15.302 15.269 15.238 15.207 15.175 15.143 15.128 15.128 15.129 15.130 15.102 15.048 14.994 14.941 14.888 14.835 14.782 14.729 14.676 14.623 14.570 14.517 14.464 14.401 14.361 14.336 14.324 14.312 14.300 14.288 14.276 14.264 14.252 14.240 14.228 14.216 14.204 14.193 14.190 14.188 14.185 14.202 14.248 14.294 14.340 14.386 14.432 14.479 14.525 14.571 14.615 14.594
11.878 12.168 12.459 12.749 13.039 13.330 13.620 13.911 14.147 14.200 14.253 14.304 14.357 14.463 14.577 14.691 14.805 14.919 15.034 15.147 15.262 15.376 15.398 15.367 15.335 15.303 15.272 15.241 15.208 15.177 15.158 15.158 15.159 15.159 15.159 15.151 15.098 15.045 14.992 14.939 14.886 14.832 14.779 14.726 14.673 14.620 14.567 14.510 14.422 14.360 14.331 14.301 14.271 14.241 14.213 14.197 14.185 14.173 14.161 14.149 14.137 14.125 14.113 14.109 14.106 14.122 14.168 14.214 14.260 14.306 14.352 14.398 14.444 14.491 14.537 14.583 14.577
11.695 11.985 12.276 12.566 12.857 13.147 13.437 13.728 14.018 14.094 14.145 14.198 14.301 14.414 14.529 14.643 14.757 14.872 14.985 15.100 15.214 15.328 15.401 15.369 15.337 15.306 15.274 15.242 15.211 15.188 15.188 15.188 15.189 15.189 15.190 15.191 15.148 15.095 15.042 14.988 14.935 14.882 14.829 14.776 14.723 14.669 14.616 14.529 14.441 14.358 14.329 14.299 14.270 14.240 14.211 14.181 14.152 14.123 14.093 14.069 14.057 14.045 14.033 14.026 14.041 14.087 14.133 14.179 14.225 14.272 14.318 14.364 14.410 14.456 14.502 14.548 14.561
