includes/overflow_coast_v/floodfiles/results/res.totaltm
ncols         631
nrows         906
xllcorner     364927.146600
yllcorner     6531972.565600
cellsize      20.000000
NODATA_value  -9999.000000
[rows 231 to 263 of 906, columns 370 to 443 of 631]
7.165 7.200 11.703 9.259 13.487 13.374 13.560 13.667 7.448 7.855 13.813 13.675 8.031 8.654 8.019 8.195 13.952 13.175 8.810 9.600 13.995 14.005 8.609 8.687 14.050 13.803 14.076 14.089 14.101 8.992 9.118 9.789 9.523 10.513 9.841 14.500 9.283 14.500 14.500 14.500 14.500 14.500 14.500 14.500 14.500 14.500 14.500 14.500 14.500 14.500 14.500 14.500 14.500 14.500 14.500 14.500 14.500 14.500 14.500 14.500 14.500 14.500 14.500 14.500 14.500 14.500 12.552 12.648 12.748 12.858 12.984 13.133 13.360 13.988
7.477 13.420 13.436 7.018 13.502 13.551 7.500 13.695 13.744 13.647 12.138 12.941 13.870 8.437 8.088 8.553 8.717 13.962 13.978 11.627 12.256 11.735 14.024 11.688 9.788 9.356 14.075 9.650 14.092 8.542 9.411 9.831 14.500 9.656 9.675 14.500 14.500 14.500 9.330 14.500 14.500 14.500 14.500 14.500 14.500 14.500 14.500 14.500 14.500 14.500 14.500 14.500 14.500 14.500 14.500 14.500 14.500 14.500 14.500 14.500 14.500 14.500 14.500 14.500 14.500 13.319 12.007 12.144 12.284 12.455 12.703 13.057 13.509 14.015
7.458 7.462 7.676 8.444 9.122 13.572 13.729 13.746 13.752 8.167 8.170 13.869 13.876 13.897 8.200 8.301 8.577 8.272 11.798 11.392 8.682 12.508 9.091 11.653 11.621 13.386 14.083 10.228 14.500 9.478 9.346 9.232 9.887 14.500 14.500 14.500 9.254 9.505 10.867 14.500 14.500 9.318 14.500 14.500 9.304 14.500 9.355 14.500 14.500 14.500 14.500 14.500 14.500 14.500 14.500 14.500 14.500 14.500 14.500 14.500 14.500 14.500 14.500 14.500 13.712 12.474 11.851 12.014 12.209 12.492 12.905 13.426 13.972 14.406
8.265 8.190 7.253 8.922 8.130 13.131 12.113 13.782 13.800 8.102 12.340 10.430 8.298 13.816 13.922 9.138 13.947 8.404 11.201 14.004 9.216 14.027 11.561 14.053 9.181 9.331 14.093 14.114 14.500 11.253 9.202 12.108 12.774 14.500 9.356 9.105 9.283 14.500 9.461 11.336 14.500 9.106 14.500 14.500 14.500 9.337 14.500 14.500 14.500 14.500 14.500 14.500 14.500 14.500 14.500 14.500 14.500 14.500 14.500 14.500 14.500 14.500 14.500 14.086 13.138 12.110 11.779 12.004 12.327 12.780 13.331 13.900 14.368 14.500
7.142 8.828 7.965 9.133 9.209 7.401 7.492 13.797 13.809 13.825 8.162 8.317 8.471 12.956 13.930 13.942 8.419 8.855 8.855 13.051 14.017 9.687 10.706 13.295 14.074 9.836 9.296 14.124 9.438 8.921 14.500 14.500 14.500 14.500 12.188 14.201 9.534 9.549 10.787 10.892 14.500 9.361 14.500 14.500 14.500 14.500 14.500 14.500 14.500 14.500 14.500 14.500 14.500 14.500 14.500 14.500 14.500 14.500 14.500 14.500 14.500 14.500 14.386 13.684 13.261 11.953 11.830 12.173 12.669 13.239 13.805 14.257 14.500 14.500
13.435 13.456 7.311 8.097 11.912 13.779 13.793 8.280 13.829 12.877 10.114 10.449 9.427 8.706 9.056 13.953 8.677 11.103 13.988 8.796 14.018 9.698 14.046 10.525 14.500 14.096 14.102 14.500 14.500 14.500 14.181 14.204 9.061 9.281 14.188 9.421 9.333 9.580 10.609 9.298 14.500 9.309 14.500 14.500 14.500 14.500 14.500 14.500 14.500 14.500 14.500 14.500 14.500 14.500 14.500 14.500 14.500 14.500 14.500 14.500 14.500 14.500 13.818 13.687 13.464 12.033 12.009 12.555 13.157 13.718 14.112 14.389 14.500 14.500
7.276 8.869 13.527 8.719 12.250 7.976 13.460 7.938 13.847 13.869 13.878 13.890 13.649 13.933 13.940 13.952 13.975 11.308 9.435 14.006 14.012 14.025 9.192 9.254 14.500 14.102 14.500 14.146 14.500 11.680 8.968 9.400 10.193 9.168 14.178 9.184 14.208 9.633 9.295 14.500 14.500 14.500 14.500 14.500 14.500 14.500 14.500 14.500 14.500 14.500 14.500 14.500 14.500 14.500 14.500 14.500 14.500 14.500 14.500 14.497 14.206 14.155 13.743 13.683 13.560 12.318 12.426 13.070 13.624 13.972 14.202 14.377 14.500 14.500
7.421 10.228 7.429 10.462 13.741 8.004 13.507 12.239 13.859 13.867 8.350 13.909 13.920 13.929 9.073 9.135 13.971 9.221 9.250 9.283 9.662 13.878 13.210 14.500 14.077 10.883 9.640 14.500 14.130 14.140 13.334 13.823 10.997 14.165 14.167 8.963 9.159 14.500 14.500 14.500 14.500 14.500 14.500 14.500 14.500 14.500 14.500 14.500 14.500 14.500 14.500 14.500 14.500 14.500 14.500 14.500 14.500 14.500 14.489 13.917 13.298 13.135 13.568 13.664 13.584 12.748 12.970 13.522 13.832 14.016 14.148 14.288 14.441 14.500
13.505 10.940 13.329 10.422 9.511 10.291 7.871 12.281 12.002 13.130 13.893 13.901 8.546 8.416 13.573 13.945 13.955 13.972 8.525 14.004 9.727 14.031 11.724 14.051 14.070 11.590 14.090 9.174 14.135 14.151 14.160 14.189 14.200 9.170 8.943 9.272 9.330 14.500 14.500 14.500 14.500 14.500 14.500 14.500 14.500 14.500 14.500 14.500 14.500 14.500 14.500 14.500 14.500 14.500 14.500 14.500 14.500 14.500 14.053 13.280 12.978 12.971 13.052 13.182 13.578 13.201 13.415 13.691 13.827 13.956 14.093 14.235 14.384 14.500
7.337 13.647 11.292 13.732 13.761 13.642 8.019 8.517 8.564 13.874 13.584 8.468 13.918 13.929 13.934 13.950 11.964 13.973 8.765 8.781 9.581 11.438 14.040 14.046 14.056 14.071 8.936 14.116 14.131 9.741 14.182 14.209 14.228 8.995 9.355 9.379 14.500 14.500 14.500 14.500 14.500 14.500 14.500 14.500 14.500 14.500 14.500 14.500 14.500 14.500 14.500 14.500 14.500 14.500 14.500 14.500 14.500 14.198 13.317 12.858 12.790 12.863 12.968 13.094 13.236 13.350 13.515 13.660 13.793 13.933 14.063 14.196 14.335 14.489
8.674 8.045 13.676 7.849 7.963 13.795 13.804 8.485 8.080 13.871 10.788 11.140 13.909 13.922 8.302 8.557 13.978 13.983 13.995 14.003 14.019 14.026 14.032 14.053 10.399 10.078 14.107 13.646 9.973 10.820 10.153 10.122 14.500 14.500 14.500 14.500 14.500 14.500 14.500 14.500 14.500 14.500 14.500 14.500 14.500 14.500 14.500 14.500 14.500 14.500 14.500 14.500 14.500 14.500 14.500 14.500 14.331 13.394 12.754 12.625 12.672 12.780 12.894 13.034 13.208 13.424 13.560 13.675 13.782 13.914 14.033 14.160 14.290 14.433
8.168 8.310 10.248 13.750 11.034 9.235 13.809 13.831 8.349 13.869 9.124 8.945 13.906 13.923 13.930 13.943 8.497 9.964 10.516 13.999 14.012 11.844 9.114 14.054 14.064 14.074 12.625 14.109 8.898 14.164 9.324 9.458 10.992 14.500 14.500 14.500 14.500 14.500 9.273 14.500 14.500 14.500 14.500 14.500 14.500 14.500 14.500 14.500 14.500 14.500 14.500 14.500 14.500 14.500 14.500 14.430 13.484 12.665 12.454 12.500 12.587 12.718 12.839 13.083 13.290 13.448 13.560 13.682 13.799 13.903 14.000 14.128 14.251 14.390
9.063 9.376 13.695 8.289 13.781 11.943 10.705 13.841 13.848 13.863 13.885 13.891 13.913 9.841 9.553 13.956 13.963 13.970 13.986 13.991 8.778 14.023 14.048 14.056 14.068 14.078 14.107 10.303 9.929 14.180 14.188 14.500 14.500 14.232 14.500 14.500 14.500 14.500 14.500 14.500 14.500 14.500 14.500 14.500 14.500 14.500 14.500 14.500 14.500 14.500 14.500 14.500 14.500 14.500 14.482 13.556 12.577 12.288 12.312 12.419 12.519 12.722 12.937 13.113 13.280 13.427 13.529 13.644 13.760 13.878 14.002 14.112 14.221 14.358
7.503 7.586 13.678 7.910 9.047 7.845 13.819 8.656 9.091 8.993 9.175 9.567 8.299 9.385 12.861 10.304 13.958 8.642 11.688 14.001 14.014 14.023 14.034 13.414 13.653 13.036 14.112 14.120 14.148 14.159 14.185 14.500 9.223 9.443 14.500 14.500 14.500 14.500 14.500 14.500 14.500 14.500 14.500 14.500 14.500 14.500 14.500 14.500 14.500 14.500 14.500 14.500 14.500 14.498 13.580 12.465 12.112 12.134 12.231 12.382 12.592 12.767 12.930 13.088 13.243 13.388 13.484 13.597 13.712 13.829 13.953 14.084 14.225 14.365
9.336 10.555 13.715 13.746 8.902 12.656 13.820 12.286 13.848 13.870 9.340 9.600 9.666 9.570 9.355 13.949 13.961 13.970 9.806 9.619 9.767 8.932 13.959 9.328 14.070 10.841 14.109 14.500 14.132 14.160 9.775 10.056 14.220 14.500 14.500 9.326 14.500 14.500 14.500 14.500 14.500 14.500 14.500 14.500 14.500 14.500 14.500 14.500 14.500 14.500 14.500 14.500 14.495 13.489 12.275 11.914 11.952 12.060 12.257 12.436 12.594 12.746 12.896 13.045 13.194 13.338 13.433 13.546 13.662 13.782 13.908 14.044 14.196 14.368
13.491 8.245 8.062 13.723 13.762 11.601 11.884 13.839 13.719 13.858 13.877 8.307 10.057 9.959 13.937 13.943 13.961 13.969 12.745 13.246 14.005 14.012 14.036 10.010 14.073 14.079 14.500 9.020 14.134 14.160 14.170 14.191 14.209 9.344 14.500 14.500 14.500 9.325 9.425 9.291 14.401 14.500 14.500 14.500 14.500 14.500 14.500 14.500 14.500 14.500 14.500 14.423 13.068 11.907 11.699 11.751 11.931 12.114 12.269 12.417 12.561 12.704 12.848 12.992 13.138 13.282 13.385 13.497 13.614 13.736 13.868 14.016 14.186 14.382
8.089 7.565 9.186 10.244 8.162 9.833 11.869 8.465 13.845 8.311 13.879 13.895 9.411 9.575 13.925 8.314 13.958 9.525 9.485 13.988 13.998 8.563 14.036 14.041 14.064 8.924 9.668 14.121 9.993 14.156 14.164 14.500 14.500 11.269 11.207 9.301 14.500 14.500 14.500 14.500 9.302 14.500 14.500 14.500 14.500 14.500 14.500 14.500 14.500 9.304 11.237 11.258 11.351 11.450 11.601 11.791 11.947 12.094 12.237 12.376 12.514 12.653 12.794 12.936 13.080 13.225 13.336 13.447 13.569 13.698 13.839 14.005 14.203 14.426
7.635 7.756 8.281 13.664 7.540 10.507 11.031 8.323 8.987 13.872 13.884 13.893 13.902 13.917 13.922 13.944 13.650 13.966 13.985 13.994 14.000 14.010 14.020 14.042 9.028 9.148 9.283 14.115 10.072 10.635 11.099 9.069 14.500 11.207 9.803 9.297 14.500 14.500 9.272 14.500 14.500 14.500 14.500 14.500 9.267 10.784 14.500 14.500 9.317 11.331 11.165 11.155 11.278 11.459 11.624 11.773 11.915 12.053 12.190 12.326 12.462 12.599 12.738 12.880 13.024 13.170 13.288 13.402 13.529 13.668 13.828 14.022 14.259 14.478
13.438 7.410 8.762 8.386 11.076 10.758 9.297 9.252 13.844 13.863 8.143 9.558 8.249 8.392 13.925 12.003 13.958 13.965 13.982 13.990 13.999 9.933 14.023 14.042 14.053 8.944 9.047 10.506 14.119 11.039 10.037 14.500 9.857 11.208 9.587 14.500 9.274 14.500 14.500 14.500 14.500 9.257 9.050 14.500 14.500 9.295 14.500 14.500 14.500 9.372 10.892 11.125 11.311 11.448 11.590 11.734 11.869 12.003 12.140 12.274 12.409 12.546 12.685 12.826 12.971 13.119 13.246 13.362 13.498 13.651 13.840 14.077 14.352 14.500
13.447 9.875 8.854 10.021 9.683 8.395 13.820 11.428 13.811 13.033 12.723 8.949 13.902 13.912 10.203 9.898 13.951 8.656 13.967 9.428 8.506 14.005 13.154 8.866 14.050 8.929 9.355 9.252 9.299 9.142 14.151 10.510 14.500 14.500 9.271 14.500 14.500 14.500 10.819 8.879 14.500 9.125 9.433 9.359 14.500 14.500 14.500 9.270 8.981 9.353 10.933 11.149 11.287 11.397 11.548 11.695 11.819 11.954 12.095 12.228 12.361 12.499 12.637 12.778 12.922 13.072 13.211 13.331 13.478 13.657 13.889 14.180 14.454 14.500
7.765 7.699 8.859 8.408 9.788 9.965 9.439 11.048 13.838 13.856 13.872 8.214 9.238 13.912 13.918 13.934 13.940 13.951 13.966 8.460 8.657 8.899 9.246 9.543 14.047 14.069 9.105 10.176 10.159 14.141 10.432 10.018 9.881 14.500 14.500 14.500 9.273 8.989 11.460 10.642 9.320 14.188 10.371 9.024 9.853 14.500 9.279 9.346 10.705 10.861 10.902 11.161 11.252 11.330 11.526 11.673 11.773 11.916 12.066 12.192 12.323 12.461 12.600 12.740 12.883 13.035 13.187 13.309 13.476 13.695 13.988 14.321 14.500 14.500
7.712 13.447 8.311 12.430 9.066 8.963 8.770 13.819 13.831 13.848 13.878 13.888 13.899 13.909 13.917 13.928 13.936 8.522 13.972 13.981 10.112 14.002 8.616 8.782 14.049 14.074 14.079 14.098 9.079 9.099 14.500 14.500 14.500 14.500 8.967 9.356 9.184 14.163 10.930 9.122 10.389 14.177 14.500 14.209 9.935 9.853 9.564 10.756 10.926 11.082 11.205 11.232 11.230 11.246 11.578 11.676 11.732 11.915 12.066 12.169 12.304 12.445 12.576 12.715 12.859 13.010 13.177 13.303 13.499 13.778 14.137 14.452 14.500 14.500
13.399 7.257 8.615 8.165 7.543 9.033 13.773 13.799 12.389 13.837 7.830 10.935 9.351 13.906 10.667 11.125 10.738 8.699 8.673 13.989 13.996 14.011 14.033 14.042 14.049 14.075 14.083 9.179 8.853 14.500 14.500 14.500 8.965 9.502 14.122 9.064 14.140 11.720 14.162 9.343 14.500 14.500 9.173 14.198 9.196 9.346 10.787 10.999 11.155 11.295 11.426 11.535 11.634 11.720 11.728 11.693 11.667 11.999 12.098 12.147 12.322 12.462 12.569 12.712 12.856 13.003 13.185 13.314 13.557 13.919 14.314 14.500 14.500 14.500
13.406 9.667 9.121 9.100 12.147 9.078 13.718 13.773 13.089 13.833 8.367 8.994 9.699 9.755 12.909 11.147 8.600 13.219 13.967 13.982 13.995 8.752 14.027 8.761 14.083 9.009 14.500 14.500 14.500 14.173 8.850 8.858 9.228 14.118 8.823 10.110 14.124 8.993 9.540 9.596 9.814 9.328 9.905 14.199 9.585 9.417 11.076 11.270 11.422 11.533 11.661 11.777 11.887 11.989 12.078 12.157 12.225 12.223 12.143 12.087 12.422 12.513 12.563 12.742 12.882 13.015 13.211 13.348 13.667 14.109 14.456 14.500 14.500 14.500
7.342 13.417 9.083 8.657 7.641 13.528 13.544 13.670 13.769 13.825 8.527 9.653 8.177 8.344 12.874 13.937 13.175 12.881 13.975 13.982 8.535 8.838 9.341 9.413 14.500 14.500 14.500 14.500 8.934 9.249 8.793 9.275 11.443 12.392 10.778 12.464 13.668 9.237 14.155 9.649 9.904 14.198 10.919 14.500 10.580 10.184 11.506 11.669 11.800 11.896 11.997 12.097 12.193 12.287 12.377 12.463 12.544 12.614 12.677 12.727 12.711 12.576 12.509 12.846 12.938 13.031 13.261 13.406 13.841 14.308 14.500 14.500 14.500 14.500
7.120 13.428 13.439 13.449 13.472 13.491 13.064 13.585 8.094 9.792 9.011 8.379 8.470 11.235 13.917 8.459 8.691 8.613 8.798 14.001 8.556 8.839 14.500 14.500 14.500 8.370 9.386 8.763 14.059 8.928 12.276 11.673 11.224 12.232 12.814 14.125 14.133 9.287 14.159 9.159 14.500 9.570 11.377 14.223 11.727 14.373 14.158 13.881 13.618 13.379 13.204 13.118 13.058 13.024 13.010 13.014 13.034 13.064 13.104 13.147 13.187 13.224 13.249 13.205 13.003 13.014 13.363 13.477 14.060 14.455 14.500 14.500 14.500 14.500
13.384 13.394 11.165 13.444 8.481 13.483 9.747 10.381 13.569 9.686 13.844 10.707 13.881 11.738 12.247 8.299 8.985 8.621 8.460 14.046 14.057 14.069 14.086 8.512 8.636 9.172 8.791 14.034 10.605 10.850 14.063 8.807 14.093 9.830 13.292 12.696 14.141 14.159 14.168 14.197 14.063 13.242 14.500 11.008 14.500 14.500 14.500 14.476 14.415 14.320 14.159 14.064 13.976 13.897 13.827 13.770 13.725 13.692 13.674 13.670 13.677 13.694 13.714 13.735 13.754 13.764 13.704 13.559 14.275 14.500 14.500 14.500 14.500 14.500
6.958 9.027 13.405 13.434 7.166 7.623 10.204 9.712 10.065 10.242 10.002 10.787 10.431 10.030 10.347 8.318 13.989 14.012 14.023 14.035 8.454 8.341 8.645 9.068 8.559 14.007 14.024 8.792 14.041 14.059 14.067 9.166 14.097 14.105 13.692 10.908 14.151 10.931 14.500 14.208 14.218 14.235 14.500 14.500 14.500 14.500 14.500 14.500 14.500 14.500 14.500 14.500 14.500 14.494 14.467 14.427 14.382 14.337 14.296 14.263 14.238 14.221 14.213 14.215 14.225 14.243 14.300 14.374 14.496 14.500 14.500 14.500 14.500 14.500
13.355 9.296 13.386 7.377 13.429 13.438 13.463 7.540 7.661 7.663 7.930 13.844 8.080 7.557 13.959 13.971 13.984 8.296 8.381 8.813 8.377 9.309 8.320 8.980 9.699 14.002 14.024 14.029 14.500 14.057 14.063 9.353 9.405 9.454 9.569 11.382 14.150 14.157 10.724 14.148 10.546 10.326 14.500 14.500 14.500 14.500 9.308 14.500 14.500 14.500 14.500 14.500 14.500 14.500 14.500 14.500 14.500 14.500 14.500 14.500 14.500 14.500 14.500 14.500 14.500 14.500 14.500 14.500 14.500 14.500 14.500 14.500 14.500 14.500
8.116 7.641 13.391 13.406 13.421 13.427 7.071 7.637 7.902 7.877 7.916 8.028 13.916 13.933 13.949 7.931 8.151 8.831 8.225 8.563 13.951 10.137 11.378 13.982 13.988 14.003 9.107 14.028 14.034 14.044 14.058 14.064 8.826 9.322 12.839 12.335 14.154 9.771 14.500 14.500 14.500 9.911 9.582 14.500 14.500 14.500 14.500 14.500 14.500 14.500 14.500 14.500 14.500 14.500 14.500 14.500 14.500 14.500 14.500 14.500 14.500 14.500 14.500 14.500 14.500 14.500 14.500 14.500 14.500 14.500 14.500 14.500 14.500 14.500
8.020 7.966 9.061 7.735 13.403 13.452 7.415 7.744 6.990 13.874 13.879 13.892 13.905 8.498 8.526 8.060 12.244 13.917 13.530 13.943 13.950 13.959 13.964 13.975 8.911 8.602 14.010 14.026 14.033 14.043 14.062 14.071 10.555 10.882 12.737 9.199 14.151 11.248 9.927 14.500 9.679 14.500 14.500 14.500 14.500 14.500 14.500 14.500 14.500 14.500 14.500 14.500 14.500 14.500 14.500 14.500 14.500 14.500 14.500 14.500 14.500 14.500 14.500 14.500 14.500 14.500 14.500 14.500 14.500 14.500 14.500 14.500 14.500 14.500
7.883 6.946 8.439 9.799 13.452 10.456 7.323 13.818 13.824 13.840 13.864 7.335 8.105 9.479 8.382 8.638 13.889 8.153 9.932 8.182 13.942 13.952 8.752 8.811 8.798 8.659 11.420 8.730 14.500 14.046 11.407 14.063 14.082 9.561 14.108 9.342 9.546 14.169 14.192 9.627 14.226 14.500 9.319 14.500 9.321 14.500 14.500 14.500 14.500 14.500 14.500 14.500 14.500 14.500 14.500 14.500 14.500 14.500 14.500 14.500 14.500 14.500 14.500 14.500 14.500 14.500 14.500 14.500 14.500 14.500 14.500 14.500 14.500 14.500
6.820 3.978 9.582 6.687 7.380 13.521 13.577 13.757 13.818 7.224 7.602 8.379 13.784 8.791 9.070 13.866 13.883 9.301 13.907 8.684 13.935 8.398 8.793 8.868 9.042 12.557 14.001 14.016 9.451 9.908 14.063 14.072 14.078 14.107 10.921 14.139 14.164 14.173 14.202 14.500 14.500 11.329 14.500 14.500 9.279 14.500 14.500 14.500 14.500 14.500 14.500 14.500 14.500 14.500 14.500 14.500 14.500 14.500 14.500 14.500 14.500 14.500 14.500 14.500 14.500 14.500 14.500 14.500 14.500 14.500 14.500 14.500 14.500 14.500
