includes/camargue/floodfiles/results_R2_t1.562607662346E12/res-0008.wdfp
ncols         906
nrows         631
xllcorner     362177.146667
yllcorner     6534725.688020
cellsize      20.000000
NODATA_value  -9999.000000
[rows 476 to 509 of 631, columns 77 to 153 of 906]
5.684 5.352 5.020 4.689 4.230 3.696 3.163 2.629 2.095 1.711 1.480 1.249 1.021 1.114 1.297 1.480 1.531 1.455 1.379 1.303 1.227 1.151 1.075 1.008 0.961 0.003 0.000 0.000 0.000 0.000 0.000 0.000 0.000 0.000 0.000 0.000 0.003 0.005 0.028 0.158 0.316 0.472 0.620 0.768 0.916 1.064 1.213 1.333 1.317 1.297 1.283 1.289 1.294 1.299 1.305 1.310 1.315 1.313 1.256 1.200 1.144 1.088 1.055 1.051 1.048 1.044 1.030 1.009 0.989 0.969 0.949 0.929 0.908 0.888 0.873 0.883 0.899
5.169 4.837 4.506 4.174 3.817 3.283 2.750 2.216 1.980 1.748 1.517 1.286 1.058 1.178 1.361 1.543 1.725 1.825 1.749 1.673 1.597 1.521 1.445 1.387 1.340 1.294 1.247 1.200 0.013 0.002 0.000 0.000 0.000 0.023 0.476 0.590 0.705 0.819 0.933 1.048 1.199 1.348 1.497 1.539 1.523 1.507 1.491 1.475 1.459 1.429 1.393 1.382 1.388 1.393 1.398 1.404 1.409 1.383 1.326 1.270 1.214 1.158 1.102 1.074 1.070 1.067 1.047 1.026 1.006 0.986 0.966 0.946 0.925 0.923 0.924 0.953 0.988
4.655 4.323 3.991 3.659 3.327 2.870 2.480 2.248 2.016 1.785 1.554 1.323 1.095 1.242 1.425 1.607 1.789 1.971 2.119 2.043 1.967 1.890 1.814 1.767 1.720 1.673 1.627 1.580 1.534 1.487 1.338 1.058 1.172 1.287 1.401 1.516 1.630 1.696 1.711 1.727 1.728 1.712 1.696 1.680 1.664 1.648 1.632 1.616 1.597 1.561 1.525 1.490 1.481 1.487 1.492 1.497 1.503 1.453 1.396 1.340 1.284 1.228 1.172 1.116 1.093 1.084 1.064 1.044 1.023 1.015 1.015 1.015 1.015 1.015 1.025 1.049 1.080
4.351 4.056 3.761 3.466 3.170 2.804 2.517 2.285 2.053 1.822 1.591 1.360 1.132 1.306 1.489 1.671 1.853 2.034 2.216 2.397 2.336 2.260 2.193 2.146 2.099 2.053 2.006 1.960 1.913 1.867 1.774 1.758 1.773 1.789 1.804 1.819 1.834 1.849 1.864 1.879 1.866 1.854 1.838 1.822 1.806 1.790 1.774 1.758 1.729 1.693 1.658 1.622 1.586 1.580 1.586 1.591 1.579 1.523 1.466 1.410 1.354 1.298 1.242 1.186 1.129 1.108 1.108 1.108 1.108 1.108 1.108 1.108 1.107 1.107 1.126 1.150 1.174
4.733 4.438 4.142 3.847 3.552 3.138 2.690 2.322 2.091 1.859 1.628 1.397 1.186 1.369 1.552 1.735 1.917 2.098 2.280 2.461 2.643 2.630 2.572 2.525 2.479 2.405 2.282 2.158 2.035 1.912 1.793 1.875 1.926 1.941 1.957 1.972 1.987 2.002 2.017 2.017 2.005 1.992 1.979 1.963 1.947 1.931 1.915 1.897 1.861 1.826 1.790 1.754 1.718 1.683 1.679 1.685 1.649 1.593 1.536 1.480 1.424 1.371 1.335 1.299 1.263 1.208 1.201 1.201 1.200 1.200 1.200 1.200 1.200 1.203 1.227 1.251 1.275
5.114 4.819 4.524 4.229 3.919 3.471 3.023 2.575 2.128 1.896 1.665 1.434 1.250 1.433 1.616 1.798 1.980 2.162 2.344 2.525 2.706 2.849 2.790 2.666 2.543 2.419 2.296 2.172 2.049 1.926 1.887 1.969 2.050 2.094 2.110 2.125 2.140 2.155 2.168 2.156 2.143 2.131 2.118 2.105 2.089 2.073 2.057 2.029 1.994 1.958 1.922 1.886 1.851 1.815 1.779 1.775 1.719 1.663 1.626 1.590 1.554 1.518 1.482 1.446 1.403 1.347 1.293 1.293 1.293 1.293 1.293 1.293 1.292 1.304 1.328 1.352 1.376
5.495 5.200 4.905 4.610 4.252 3.804 3.356 2.909 2.461 2.013 1.701 1.471 1.313 1.497 1.680 1.862 2.044 2.226 2.359 2.485 2.611 2.736 2.715 2.680 2.557 2.433 2.310 2.186 2.063 1.940 1.981 2.062 2.144 2.225 2.262 2.277 2.293 2.308 2.307 2.294 2.281 2.269 2.256 2.244 2.230 2.214 2.197 2.161 2.126 2.090 2.054 2.018 1.983 1.946 1.901 1.879 1.845 1.809 1.773 1.737 1.701 1.665 1.629 1.593 1.542 1.487 1.431 1.386 1.386 1.385 1.385 1.385 1.385 1.405 1.429 1.453 1.477
5.877 5.582 5.286 4.991 4.585 4.138 3.690 3.242 2.794 2.347 1.899 1.508 1.377 1.561 1.741 1.867 1.994 2.120 2.246 2.372 2.498 2.620 2.592 2.565 2.537 2.447 2.324 2.200 2.077 1.994 2.075 2.156 2.238 2.319 2.400 2.430 2.445 2.458 2.445 2.432 2.420 2.407 2.395 2.382 2.369 2.355 2.329 2.294 2.258 2.215 2.170 2.125 2.081 2.036 1.991 1.992 1.993 1.957 1.921 1.885 1.849 1.813 1.777 1.737 1.682 1.626 1.571 1.515 1.478 1.478 1.478 1.478 1.482 1.506 1.530 1.554 1.577
5.988 5.963 5.668 5.366 4.919 4.471 4.023 3.575 3.128 2.680 2.233 1.771 1.399 1.500 1.627 1.754 1.881 2.007 2.133 2.259 2.385 2.497 2.469 2.442 2.414 2.386 2.338 2.214 2.091 2.088 2.169 2.250 2.331 2.412 2.493 2.574 2.598 2.596 2.583 2.571 2.558 2.546 2.533 2.511 2.481 2.452 2.439 2.394 2.349 2.305 2.260 2.215 2.171 2.126 2.099 2.104 2.109 2.104 2.068 2.032 1.996 1.960 1.924 1.877 1.821 1.766 1.710 1.655 1.599 1.571 1.570 1.570 1.583 1.607 1.631 1.655 1.678
5.962 6.129 6.049 5.700 5.252 4.804 4.356 3.890 3.413 2.935 2.457 1.981 1.684 1.491 1.514 1.641 1.768 1.894 2.021 2.147 2.273 2.374 2.346 2.319 2.291 2.264 2.236 2.209 2.105 2.181 2.263 2.344 2.425 2.506 2.587 2.665 2.730 2.701 2.672 2.642 2.613 2.583 2.554 2.524 2.495 2.490 2.508 2.484 2.439 2.395 2.350 2.305 2.261 2.216 2.211 2.216 2.221 2.227 2.215 2.179 2.143 2.107 2.071 2.016 1.961 1.905 1.850 1.794 1.739 1.684 1.663 1.663 1.684 1.708 1.732 1.756 1.779
5.937 6.104 6.270 6.011 5.534 5.056 4.578 4.100 3.623 3.145 2.668 2.191 1.969 1.776 1.583 1.528 1.655 1.781 1.908 2.034 2.160 2.251 2.223 2.196 2.168 2.141 2.113 2.086 2.163 2.241 2.319 2.396 2.473 2.551 2.628 2.705 2.721 2.715 2.685 2.656 2.626 2.597 2.567 2.538 2.510 2.528 2.547 2.565 2.529 2.485 2.440 2.395 2.351 2.318 2.323 2.328 2.334 2.339 2.344 2.326 2.290 2.254 2.212 2.156 2.101 2.045 1.989 1.934 1.878 1.823 1.768 1.761 1.785 1.802 1.804 1.806 1.809
5.871 6.028 6.183 6.082 5.744 5.266 4.788 4.311 3.833 3.355 2.878 2.447 2.254 2.061 1.868 1.675 1.541 1.668 1.794 1.921 2.047 2.128 2.101 2.073 2.046 2.018 2.027 2.113 2.198 2.281 2.358 2.436 2.513 2.590 2.667 2.711 2.712 2.713 2.699 2.669 2.640 2.611 2.581 2.552 2.548 2.567 2.585 2.603 2.620 2.575 2.530 2.486 2.441 2.430 2.435 2.440 2.446 2.451 2.456 2.461 2.438 2.402 2.351 2.296 2.240 2.185 2.129 2.074 2.018 1.954 1.889 1.806 1.803 1.806 1.808 1.810 1.813
5.784 5.941 6.008 5.907 5.806 5.476 4.998 4.521 4.043 3.565 3.088 2.733 2.539 2.346 2.153 1.960 1.767 1.574 1.681 1.808 1.934 2.005 1.978 1.950 1.923 1.977 2.063 2.148 2.234 2.319 2.398 2.475 2.553 2.630 2.701 2.702 2.703 2.704 2.705 2.683 2.654 2.624 2.595 2.568 2.587 2.605 2.623 2.642 2.660 2.665 2.620 2.576 2.537 2.542 2.547 2.553 2.558 2.563 2.569 2.574 2.579 2.547 2.491 2.435 2.375 2.310 2.245 2.180 2.115 2.050 1.986 1.891 1.807 1.809 1.812 1.814 1.816
5.697 5.854 5.833 5.732 5.631 5.531 5.209 4.731 4.253 3.776 3.298 3.018 2.824 2.631 2.438 2.245 2.051 1.859 1.666 1.694 1.821 1.882 1.855 1.841 1.927 2.012 2.098 2.184 2.269 2.355 2.438 2.515 2.592 2.669 2.692 2.693 2.694 2.695 2.696 2.697 2.667 2.638 2.608 2.607 2.625 2.644 2.662 2.680 2.698 2.717 2.710 2.666 2.649 2.654 2.660 2.665 2.670 2.675 2.681 2.671 2.643 2.666 2.601 2.536 2.471 2.406 2.341 2.276 2.212 2.147 2.070 1.975 1.880 1.813 1.815 1.818 1.820
5.610 5.759 5.659 5.558 5.457 5.356 5.255 4.941 4.463 3.986 3.508 3.303 3.110 2.916 2.723 2.530 2.336 2.143 1.951 1.758 1.708 1.759 1.791 1.877 1.962 2.048 2.134 2.219 2.305 2.390 2.476 2.555 2.632 2.682 2.683 2.684 2.685 2.686 2.687 2.688 2.681 2.651 2.627 2.645 2.664 2.682 2.700 2.718 2.737 2.755 2.773 2.756 2.761 2.767 2.745 2.716 2.688 2.660 2.631 2.603 2.575 2.648 2.698 2.633 2.568 2.503 2.438 2.373 2.308 2.243 2.155 2.060 1.965 1.870 1.819 1.822 1.824
5.523 5.585 5.484 5.383 5.282 5.181 5.080 4.979 4.674 4.196 3.783 3.589 3.395 3.201 3.008 2.815 2.621 2.428 2.236 2.042 1.795 1.735 1.824 1.912 1.998 2.084 2.169 2.255 2.340 2.426 2.511 2.594 2.672 2.673 2.674 2.675 2.676 2.677 2.678 2.679 2.680 2.665 2.665 2.684 2.702 2.720 2.739 2.752 2.761 2.770 2.779 2.764 2.733 2.705 2.677 2.648 2.620 2.592 2.563 2.535 2.547 2.626 2.706 2.729 2.664 2.599 2.534 2.470 2.405 2.335 2.239 2.144 2.049 1.954 1.859 1.825 1.828
5.436 5.410 5.309 5.208 5.107 5.006 4.905 4.805 4.704 4.406 4.068 3.874 3.680 3.487 3.271 3.024 2.777 2.530 2.283 2.036 1.821 1.776 1.833 1.922 2.012 2.101 2.190 2.279 2.368 2.457 2.545 2.632 2.662 2.664 2.665 2.665 2.666 2.666 2.666 2.667 2.667 2.667 2.673 2.682 2.691 2.700 2.709 2.717 2.726 2.735 2.744 2.706 2.666 2.637 2.609 2.580 2.552 2.524 2.495 2.467 2.525 2.605 2.684 2.764 2.761 2.696 2.631 2.566 2.501 2.419 2.324 2.229 2.134 2.039 1.944 1.849 1.832
5.336 5.235 5.134 5.033 4.932 4.831 4.731 4.630 4.529 4.452 4.257 4.009 3.761 3.513 3.266 3.018 2.771 2.524 2.277 2.030 1.912 1.867 1.842 1.931 2.021 2.110 2.199 2.288 2.377 2.466 2.555 2.623 2.640 2.640 2.641 2.641 2.642 2.642 2.642 2.643 2.643 2.641 2.638 2.647 2.656 2.665 2.674 2.683 2.691 2.700 2.687 2.647 2.607 2.569 2.541 2.512 2.484 2.456 2.427 2.424 2.504 2.583 2.663 2.742 2.822 2.792 2.727 2.662 2.597 2.504 2.409 2.313 2.218 2.123 2.028 1.933 1.839
5.161 5.060 4.959 4.875 4.803 4.730 4.657 4.585 4.512 4.421 4.232 4.004 3.756 3.508 3.260 3.012 2.765 2.518 2.271 2.049 2.004 1.958 1.913 1.940 2.030 2.119 2.208 2.297 2.386 2.475 2.564 2.586 2.606 2.616 2.617 2.617 2.618 2.618 2.618 2.619 2.618 2.615 2.612 2.612 2.621 2.630 2.639 2.648 2.657 2.666 2.629 2.588 2.548 2.508 2.473 2.444 2.416 2.388 2.359 2.402 2.482 2.562 2.641 2.721 2.800 2.880 2.824 2.759 2.684 2.588 2.493 2.398 2.303 2.208 2.113 2.018 1.923
5.080 5.008 4.935 4.862 4.790 4.717 4.644 4.572 4.499 4.364 4.175 3.985 3.750 3.502 3.254 3.007 2.759 2.512 2.265 2.140 2.095 2.049 2.004 1.958 2.039 2.128 2.217 2.306 2.395 2.484 2.530 2.550 2.570 2.589 2.593 2.593 2.594 2.594 2.594 2.595 2.592 2.589 2.586 2.583 2.586 2.595 2.604 2.613 2.622 2.610 2.570 2.530 2.490 2.449 2.409 2.376 2.348 2.320 2.301 2.381 2.460 2.540 2.620 2.699 2.779 2.858 2.920 2.855 2.768 2.673 2.578 2.483 2.387 2.286 2.166 2.045 1.925
5.008 4.995 4.922 4.850 4.777 4.704 4.632 4.559 4.486 4.307 4.118 3.929 3.739 3.496 3.248 3.001 2.753 2.506 2.277 2.232 2.186 2.141 2.095 2.050 2.048 2.137 2.226 2.315 2.404 2.474 2.493 2.513 2.533 2.553 2.569 2.569 2.570 2.570 2.570 2.569 2.566 2.563 2.560 2.557 2.553 2.560 2.569 2.578 2.587 2.551 2.511 2.471 2.431 2.391 2.351 2.310 2.280 2.252 2.280 2.359 2.439 2.518 2.598 2.677 2.757 2.836 2.916 2.948 2.843 2.722 2.602 2.481 2.361 2.240 2.120 2.000 1.879
4.928 4.928 4.909 4.837 4.764 4.691 4.619 4.546 4.440 4.250 4.061 3.872 3.682 3.491 3.243 2.995 2.748 2.500 2.369 2.323 2.278 2.232 2.187 2.141 2.095 2.146 2.235 2.324 2.413 2.437 2.457 2.477 2.497 2.516 2.536 2.545 2.546 2.546 2.546 2.543 2.540 2.537 2.534 2.531 2.527 2.526 2.534 2.543 2.533 2.493 2.452 2.412 2.372 2.332 2.292 2.252 2.212 2.184 2.258 2.338 2.417 2.497 2.575 2.642 2.709 2.776 2.843 2.866 2.798 2.677 2.556 2.436 2.315 2.195 2.074 1.954 1.842
4.847 4.847 4.847 4.824 4.751 4.679 4.606 4.533 4.383 4.193 4.004 3.815 3.625 3.436 3.237 2.989 2.742 2.506 2.460 2.415 2.369 2.324 2.278 2.232 2.187 2.155 2.244 2.333 2.381 2.401 2.420 2.440 2.460 2.480 2.500 2.519 2.522 2.522 2.521 2.517 2.514 2.511 2.508 2.505 2.502 2.498 2.500 2.508 2.474 2.434 2.394 2.354 2.313 2.273 2.233 2.193 2.153 2.145 2.212 2.279 2.347 2.414 2.481 2.548 2.615 2.682 2.749 2.736 2.719 2.631 2.511 2.390 2.270 2.149 2.029 1.908 1.836
4.767 4.767 4.767 4.767 4.738 4.666 4.593 4.515 4.326 4.137 3.947 3.758 3.569 3.379 3.190 2.984 2.736 2.597 2.552 2.506 2.461 2.415 2.369 2.324 2.278 2.233 2.253 2.324 2.344 2.364 2.384 2.404 2.423 2.443 2.463 2.483 2.498 2.498 2.495 2.491 2.488 2.485 2.482 2.479 2.476 2.472 2.469 2.455 2.415 2.374 2.331 2.289 2.247 2.205 2.163 2.121 2.078 2.081 2.118 2.185 2.253 2.320 2.387 2.454 2.521 2.588 2.624 2.607 2.589 2.572 2.465 2.345 2.224 2.103 1.983 1.863 1.830
4.686 4.686 4.686 4.686 4.686 4.653 4.580 4.459 4.269 4.080 3.890 3.701 3.512 3.322 3.133 2.944 2.735 2.689 2.643 2.597 2.552 2.506 2.461 2.415 2.370 2.324 2.274 2.288 2.309 2.329 2.348 2.368 2.388 2.408 2.428 2.447 2.467 2.471 2.468 2.465 2.461 2.458 2.455 2.451 2.448 2.445 2.441 2.386 2.342 2.299 2.257 2.215 2.173 2.131 2.089 2.046 2.021 2.031 2.042 2.091 2.159 2.226 2.293 2.360 2.427 2.494 2.494 2.477 2.460 2.443 2.420 2.299 2.178 2.058 1.937 1.842 1.823
4.606 4.606 4.606 4.606 4.606 4.606 4.568 4.402 4.212 4.023 3.833 3.655 3.481 3.308 3.135 2.962 2.776 2.679 2.629 2.578 2.528 2.478 2.428 2.378 2.328 2.278 2.262 2.279 2.299 2.319 2.339 2.359 2.379 2.399 2.418 2.438 2.451 2.443 2.439 2.436 2.433 2.430 2.426 2.423 2.419 2.416 2.389 2.327 2.267 2.225 2.183 2.141 2.099 2.057 2.015 1.972 1.971 1.982 1.992 2.003 2.065 2.132 2.199 2.266 2.333 2.382 2.365 2.348 2.330 2.313 2.296 2.253 2.133 2.012 1.892 1.835 1.817
4.525 4.525 4.525 4.525 4.534 4.550 4.552 4.417 4.243 4.070 3.897 3.723 3.550 3.377 3.204 3.031 2.832 2.633 2.583 2.533 2.483 2.433 2.383 2.333 2.283 2.239 2.255 2.271 2.290 2.310 2.330 2.350 2.369 2.389 2.409 2.429 2.425 2.418 2.411 2.407 2.404 2.401 2.398 2.394 2.391 2.387 2.330 2.268 2.205 2.151 2.109 2.067 2.025 1.983 1.940 1.911 1.921 1.932 1.943 1.953 1.971 2.038 2.105 2.172 2.239 2.253 2.236 2.218 2.201 2.184 2.166 2.149 2.087 1.966 1.847 1.829 1.810
4.481 4.498 4.514 4.530 4.546 4.562 4.534 4.463 4.312 4.139 3.965 3.792 3.619 3.445 3.272 3.087 2.888 2.689 2.537 2.487 2.437 2.387 2.337 2.287 2.237 2.232 2.248 2.264 2.281 2.301 2.320 2.340 2.360 2.380 2.400 2.408 2.400 2.392 2.384 2.379 2.376 2.372 2.369 2.366 2.362 2.333 2.271 2.208 2.146 2.084 2.035 1.993 1.951 1.908 1.866 1.861 1.872 1.882 1.893 1.903 1.914 1.944 2.011 2.078 2.141 2.123 2.106 2.089 2.071 2.054 2.037 2.019 2.002 1.921 1.841 1.822 1.804
4.493 4.510 4.526 4.542 4.558 4.574 4.515 4.444 4.373 4.207 4.034 3.861 3.687 3.514 3.341 3.143 2.944 2.745 2.547 2.441 2.391 2.341 2.291 2.241 2.209 2.225 2.242 2.258 2.274 2.291 2.311 2.331 2.351 2.371 2.390 2.382 2.374 2.366 2.358 2.351 2.347 2.344 2.340 2.337 2.334 2.274 2.212 2.149 2.087 2.024 1.962 1.919 1.876 1.834 1.801 1.811 1.822 1.833 1.843 1.854 1.864 1.875 1.917 1.984 2.011 1.994 1.977 1.959 1.942 1.924 1.907 1.890 1.873 1.855 1.836 1.819 1.802
4.505 4.522 4.538 4.554 4.570 4.568 4.497 4.425 4.354 4.276 4.102 3.929 3.756 3.583 3.398 3.199 3.000 2.801 2.602 2.404 2.346 2.296 2.246 2.196 2.202 2.219 2.235 2.251 2.267 2.283 2.302 2.322 2.341 2.361 2.365 2.357 2.349 2.341 2.333 2.325 2.318 2.315 2.312 2.308 2.277 2.215 2.153 2.090 2.028 1.965 1.903 1.844 1.802 1.760 1.751 1.762 1.772 1.783 1.793 1.804 1.814 1.825 1.835 1.890 1.882 1.864 1.847 1.830 1.827 1.829 1.832 1.835 1.837 1.839 1.839 1.822 1.806
4.518 4.534 4.550 4.566 4.582 4.549 4.478 4.407 4.336 4.265 4.171 3.998 3.824 3.651 3.454 3.255 3.056 2.857 2.658 2.460 2.300 2.250 2.200 2.179 2.196 2.212 2.228 2.244 2.260 2.276 2.292 2.312 2.332 2.347 2.339 2.331 2.323 2.315 2.307 2.300 2.292 2.286 2.283 2.280 2.218 2.156 2.093 2.031 1.969 1.906 1.844 1.781 1.728 1.691 1.701 1.712 1.723 1.733 1.744 1.754 1.765 1.776 1.792 1.805 1.808 1.810 1.813 1.815 1.818 1.820 1.823 1.825 1.828 1.829 1.829 1.826 1.809
4.541 4.546 4.562 4.578 4.595 4.531 4.459 4.388 4.317 4.246 4.175 4.066 3.893 3.710 3.510 3.311 3.112 2.913 2.714 2.516 2.318 2.205 2.156 2.173 2.189 2.205 2.221 2.237 2.253 2.269 2.285 2.303 2.323 2.321 2.313 2.306 2.298 2.290 2.282 2.274 2.266 2.258 2.254 2.222 2.159 2.097 2.034 1.972 1.910 1.847 1.785 1.722 1.660 1.641 1.655 1.672 1.688 1.704 1.721 1.737 1.753 1.769 1.785 1.793 1.799 1.801 1.804 1.806 1.809 1.811 1.814 1.816 1.819 1.819 1.818 1.818 1.812
4.654 4.566 4.574 4.590 4.583 4.512 4.441 4.370 4.299 4.228 4.157 4.085 3.962 3.766 3.566 3.367 3.168 2.969 2.770 2.572 2.374 2.176 2.150 2.166 2.182 2.198 2.214 2.230 2.246 2.262 2.278 2.294 2.303 2.295 2.288 2.280 2.272 2.264 2.256 2.248 2.240 2.233 2.225 2.162 2.100 2.039 1.978 1.917 1.856 1.795 1.734 1.673 1.614 1.632 1.649 1.665 1.681 1.697 1.714 1.730 1.746 1.762 1.776 1.782 1.788 1.792 1.794 1.797 1.800 1.802 1.805 1.807 1.809 1.808 1.808 1.807 1.807
4.767 4.679 4.591 4.602 4.565 4.493 4.422 4.351 4.280 4.209 4.136 4.063 3.960 3.767 3.564 3.362 3.160 2.958 2.757 2.555 2.354 2.211 2.244 2.257 2.270 2.283 2.296 2.308 2.321 2.334 2.346 2.357 2.254 2.245 2.236 2.227 2.218 2.210 2.201 2.192 2.183 2.173 2.157 2.115 2.054 1.993 1.932 1.870 1.809 1.748 1.687 1.626 1.606 1.624 1.642 1.658 1.674 1.691 1.707 1.723 1.739 1.755 1.764 1.770 1.776 1.782 1.785 1.788 1.790 1.793 1.796 1.798 1.798 1.798 1.797 1.797 1.796
