includes/camargue/floodfiles/results_R2_t1.562607662346E12/res-0013.wdfp
ncols         906
nrows         631
xllcorner     362177.146667
yllcorner     6534725.688020
cellsize      20.000000
NODATA_value  -9999.000000
[rows 510 to 543 of 631, columns 0 to 76 of 906]
3.226 3.117 3.008 2.899 2.681 2.457 2.604 2.729 2.843 2.956 3.069 3.182 3.296 3.409 3.523 3.636 3.749 3.734 3.702 3.670 3.638 3.606 3.613 3.639 3.665 3.691 3.686 3.641 3.596 3.551 3.506 3.461 3.416 3.371 3.353 3.389 3.417 3.446 3.474 3.515 3.578 3.640 3.702 3.765 3.828 3.953 4.109 4.302 4.494 4.686 4.878 5.071 5.263 5.455 5.628 5.798 5.967 6.136 6.260 6.372 6.483 6.595 6.707 6.652 6.537 6.422 6.308 6.193 6.078 5.925 5.679 5.433 5.285 5.197 5.109 5.021 4.933
3.466 3.357 3.248 3.000 2.709 2.448 2.595 2.742 2.882 2.995 3.108 3.222 3.335 3.448 3.562 3.675 3.778 3.746 3.714 3.682 3.650 3.618 3.586 3.587 3.613 3.639 3.616 3.571 3.526 3.481 3.436 3.391 3.346 3.301 3.258 3.271 3.333 3.396 3.458 3.521 3.583 3.645 3.708 3.770 3.851 3.976 4.102 4.258 4.451 4.643 4.835 5.027 5.220 5.409 5.578 5.748 5.917 6.086 6.256 6.379 6.490 6.602 6.702 6.587 6.472 6.358 6.243 6.128 6.013 5.899 5.742 5.496 5.397 5.309 5.221 5.133 5.034
3.707 3.598 3.319 3.028 2.737 2.446 2.586 2.734 2.881 3.028 3.147 3.261 3.374 3.487 3.601 3.714 3.790 3.758 3.726 3.694 3.662 3.630 3.598 3.565 3.561 3.587 3.545 3.500 3.455 3.410 3.377 3.361 3.345 3.329 3.313 3.315 3.339 3.401 3.463 3.526 3.588 3.651 3.713 3.775 3.875 4.000 4.125 4.250 4.407 4.600 4.792 4.984 5.176 5.359 5.528 5.697 5.867 6.036 6.206 6.375 6.497 6.609 6.637 6.523 6.408 6.293 6.178 6.064 5.949 5.834 5.719 5.597 5.485 5.371 5.256 5.142 5.027
3.930 3.639 3.348 3.056 2.765 2.474 2.577 2.725 2.872 3.020 3.167 3.300 3.413 3.526 3.640 3.753 3.802 3.770 3.738 3.706 3.674 3.642 3.610 3.578 3.545 3.520 3.496 3.480 3.464 3.448 3.432 3.416 3.400 3.384 3.368 3.376 3.382 3.406 3.469 3.531 3.594 3.656 3.718 3.781 3.898 4.023 4.149 4.274 4.399 4.556 4.749 4.941 5.133 5.309 5.478 5.647 5.817 5.986 6.155 6.325 6.494 6.615 6.573 6.458 6.343 6.229 6.126 6.074 6.021 5.969 5.917 5.720 5.478 5.364 5.249 5.135 5.020
3.958 3.667 3.376 3.085 2.793 2.502 2.569 2.716 2.863 3.011 3.158 3.306 3.452 3.565 3.679 3.792 3.814 3.782 3.750 3.718 3.686 3.654 3.624 3.618 3.613 3.589 3.551 3.535 3.519 3.502 3.486 3.470 3.454 3.438 3.429 3.436 3.443 3.450 3.474 3.536 3.599 3.661 3.724 3.796 3.922 4.047 4.172 4.297 4.423 4.548 4.705 4.898 5.089 5.258 5.428 5.597 5.766 5.936 6.105 6.275 6.444 6.620 6.607 6.554 6.502 6.450 6.397 6.345 6.293 6.240 6.188 5.906 5.601 5.357 5.242 5.128 5.013
3.986 3.695 3.404 3.113 2.821 2.530 2.560 2.707 2.855 3.002 3.149 3.297 3.444 3.592 3.718 3.831 3.826 3.794 3.762 3.738 3.733 3.727 3.721 3.716 3.710 3.678 3.630 3.589 3.573 3.557 3.541 3.525 3.509 3.493 3.490 3.497 3.504 3.511 3.518 3.542 3.604 3.667 3.729 3.820 3.945 4.070 4.196 4.321 4.446 4.571 4.696 4.854 5.039 5.208 5.378 5.547 5.721 5.904 6.087 6.269 6.452 6.642 6.846 6.825 6.773 6.721 6.668 6.616 6.564 6.512 6.397 6.092 5.787 5.481 5.235 5.121 5.006
4.014 3.723 3.432 3.141 2.849 2.558 2.551 2.698 2.846 2.993 3.140 3.288 3.436 3.583 3.731 3.870 3.853 3.847 3.841 3.836 3.830 3.824 3.819 3.813 3.807 3.767 3.718 3.670 3.628 3.612 3.595 3.579 3.563 3.547 3.551 3.558 3.565 3.572 3.579 3.586 3.610 3.672 3.734 3.843 3.969 4.094 4.219 4.344 4.469 4.595 4.720 4.844 5.004 5.187 5.370 5.553 5.736 5.919 6.101 6.284 6.467 6.663 6.867 7.072 7.044 6.992 6.940 6.887 6.835 6.783 6.582 6.277 5.972 5.667 5.362 5.114 4.999
4.042 3.751 3.460 3.169 2.877 2.586 2.542 2.689 2.837 2.984 3.132 3.279 3.427 3.574 3.722 3.867 3.942 3.944 3.938 3.933 3.927 3.921 3.916 3.910 3.904 3.855 3.807 3.759 3.711 3.666 3.650 3.634 3.618 3.605 3.612 3.619 3.626 3.633 3.640 3.647 3.654 3.677 3.742 3.867 3.992 4.117 4.243 4.359 4.474 4.588 4.703 4.818 5.010 5.202 5.385 5.568 5.750 5.933 6.116 6.299 6.482 6.684 6.889 7.093 7.298 7.263 7.211 7.159 7.106 7.054 6.768 6.463 6.158 5.853 5.548 5.243 4.992
4.070 3.779 3.488 3.197 2.905 2.614 2.533 2.681 2.828 2.975 3.123 3.270 3.418 3.566 3.714 3.857 3.932 4.007 4.036 4.030 4.024 4.019 4.013 4.007 3.992 3.944 3.896 3.848 3.799 3.751 3.705 3.688 3.672 3.666 3.673 3.680 3.687 3.694 3.701 3.708 3.715 3.722 3.761 3.875 3.990 4.104 4.219 4.333 4.448 4.562 4.677 4.807 5.007 5.207 5.400 5.582 5.765 5.948 6.131 6.314 6.501 6.706 6.910 7.115 7.319 7.524 7.482 7.430 7.377 7.259 6.954 6.649 6.344 6.039 5.734 5.429 5.123
4.082 3.807 3.516 3.225 2.934 2.642 2.525 2.672 2.819 2.967 3.114 3.262 3.409 3.557 3.705 3.847 3.922 3.997 4.073 4.127 4.121 4.116 4.110 4.104 4.081 4.033 3.985 3.936 3.888 3.840 3.791 3.743 3.727 3.727 3.734 3.741 3.748 3.752 3.748 3.745 3.741 3.737 3.773 3.849 3.964 4.078 4.192 4.307 4.421 4.536 4.650 4.804 5.004 5.204 5.404 5.597 5.780 5.963 6.146 6.329 6.522 6.727 6.931 7.136 7.341 7.545 7.750 7.701 7.649 7.445 7.139 6.834 6.529 6.224 5.919 5.614 5.309
3.939 3.712 3.486 3.253 2.962 2.670 2.516 2.663 2.810 2.958 3.105 3.253 3.401 3.548 3.696 3.837 3.912 3.987 4.063 4.138 4.213 4.213 4.207 4.202 4.170 4.122 4.073 4.025 3.977 3.928 3.880 3.832 3.783 3.776 3.773 3.769 3.765 3.761 3.758 3.754 3.750 3.746 3.801 3.861 3.937 4.052 4.166 4.281 4.395 4.510 4.624 4.801 5.001 5.201 5.401 5.601 5.795 5.978 6.161 6.344 6.544 6.748 6.953 7.157 7.362 7.566 7.771 7.972 7.920 7.630 7.325 7.020 6.715 6.410 6.105 5.818 5.556
3.796 3.570 3.343 3.116 2.889 2.662 2.507 2.654 2.802 2.949 3.097 3.244 3.392 3.540 3.688 3.827 3.902 3.978 4.053 4.128 4.203 4.279 4.305 4.299 4.259 4.210 4.162 4.114 4.063 4.000 3.936 3.873 3.818 3.786 3.782 3.778 3.774 3.771 3.767 3.763 3.759 3.769 3.829 3.889 3.949 4.026 4.140 4.255 4.369 4.483 4.599 4.799 4.999 5.199 5.399 5.599 5.799 5.993 6.175 6.361 6.565 6.770 6.974 7.179 7.383 7.588 7.792 7.995 8.195 7.932 7.670 7.408 7.146 6.883 6.621 6.359 6.097
3.654 3.427 3.200 2.973 2.746 2.567 2.502 2.647 2.793 2.941 3.088 3.236 3.383 3.531 3.679 3.817 3.892 3.968 4.043 4.118 4.193 4.269 4.344 4.396 4.343 4.280 4.216 4.153 4.090 4.027 3.963 3.900 3.855 3.822 3.791 3.787 3.784 3.780 3.776 3.772 3.769 3.797 3.857 3.918 3.978 4.038 4.114 4.228 4.343 4.457 4.596 4.796 4.996 5.196 5.396 5.596 5.796 5.996 6.190 6.382 6.586 6.791 6.994 7.186 7.379 7.571 7.764 7.956 8.271 8.473 8.211 7.949 7.686 7.424 7.162 6.900 6.637
3.511 3.284 3.057 2.831 2.683 2.596 2.509 2.642 2.788 2.933 3.079 3.227 3.375 3.523 3.670 3.807 3.882 3.958 4.033 4.108 4.184 4.259 4.376 4.460 4.370 4.307 4.243 4.180 4.117 4.054 3.990 3.927 3.891 3.859 3.827 3.797 3.793 3.789 3.785 3.782 3.778 3.826 3.886 3.946 4.006 4.066 4.126 4.202 4.317 4.431 4.593 4.793 4.993 5.193 5.393 5.593 5.793 5.993 6.158 6.377 6.570 6.762 6.955 7.147 7.340 7.532 7.725 7.917 8.300 8.684 8.752 8.489 8.227 7.965 7.703 7.440 7.178
3.368 3.142 2.915 2.798 2.711 2.625 2.538 2.638 2.783 2.929 3.074 3.219 3.366 3.514 3.662 3.798 3.873 3.948 4.023 4.106 4.228 4.350 4.473 4.521 4.424 4.334 4.270 4.207 4.144 4.081 4.017 3.960 3.928 3.896 3.863 3.831 3.802 3.798 3.795 3.791 3.794 3.854 3.914 3.974 4.034 4.094 4.154 4.214 4.290 4.405 4.591 4.790 4.990 5.190 5.361 5.518 5.675 5.833 5.990 6.266 6.531 6.723 6.916 7.108 7.301 7.493 7.686 7.945 8.330 8.714 9.098 9.030 8.768 8.506 8.243 7.981 7.576
3.225 2.999 2.913 2.827 2.740 2.654 2.567 2.634 2.779 2.924 3.069 3.215 3.360 3.506 3.653 3.788 3.863 3.957 4.080 4.202 4.324 4.447 4.569 4.582 4.485 4.388 4.297 4.234 4.171 4.108 4.044 3.996 3.964 3.932 3.900 3.868 3.835 3.808 3.804 3.800 3.822 3.882 3.942 4.002 4.062 4.122 4.182 4.242 4.302 4.388 4.563 4.720 4.878 5.035 5.192 5.350 5.507 5.664 5.840 6.127 6.414 6.684 6.877 7.069 7.262 7.454 7.647 7.975 8.359 8.743 9.127 9.511 9.309 9.046 8.784 8.522 7.884
3.114 3.028 2.942 2.855 2.769 2.682 2.596 2.629 2.774 2.920 3.065 3.210 3.356 3.502 3.647 3.795 3.931 4.054 4.176 4.298 4.421 4.543 4.665 4.644 4.547 4.450 4.352 4.261 4.198 4.135 4.072 4.033 4.001 3.969 3.936 3.904 3.872 3.839 3.813 3.809 3.850 3.910 3.970 4.030 4.090 4.145 4.180 4.215 4.250 4.301 4.395 4.552 4.709 4.867 5.024 5.181 5.339 5.496 5.701 5.988 6.275 6.562 6.838 7.030 7.223 7.415 7.620 8.004 8.388 8.772 9.156 9.541 9.849 9.587 9.325 8.844 8.192
3.143 3.057 2.970 2.884 2.797 2.711 2.624 2.625 2.770 2.915 3.061 3.206 3.352 3.497 3.624 3.749 3.948 4.146 4.272 4.395 4.517 4.639 4.762 4.705 4.608 4.511 4.414 4.317 4.225 4.162 4.102 4.069 4.037 4.005 3.973 3.940 3.908 3.876 3.843 3.819 3.878 3.913 3.948 3.983 4.018 4.053 4.088 4.123 4.158 4.221 4.303 4.386 4.541 4.698 4.856 5.013 5.170 5.328 5.562 5.849 6.136 6.423 6.710 6.991 7.184 7.376 7.649 8.033 8.417 8.802 9.186 9.570 9.954 10.128 9.804 9.152 8.500
3.172 3.085 2.999 2.913 2.826 2.740 2.653 2.620 2.765 2.911 3.056 3.202 3.340 3.465 3.590 3.715 3.903 4.101 4.299 4.491 4.613 4.736 4.858 4.767 4.670 4.572 4.475 4.378 4.281 4.189 4.138 4.106 4.074 4.042 4.003 3.960 3.917 3.874 3.830 3.792 3.787 3.822 3.857 3.892 3.927 3.962 3.997 4.032 4.067 4.141 4.223 4.305 4.388 4.530 4.687 4.845 5.002 5.159 5.423 5.710 5.997 6.284 6.571 6.858 7.145 7.337 7.679 8.063 8.447 8.831 9.215 9.599 9.983 10.350 10.134 9.459 8.808
3.144 3.092 3.028 2.941 2.855 2.768 2.682 2.616 2.761 2.906 3.052 3.181 3.306 3.431 3.556 3.681 3.858 4.056 4.254 4.453 4.651 4.832 4.925 4.828 4.731 4.634 4.537 4.436 4.336 4.235 4.135 4.092 4.049 4.006 3.963 3.920 3.877 3.834 3.790 3.758 3.729 3.730 3.765 3.800 3.835 3.870 3.906 3.941 3.979 4.061 4.143 4.225 4.307 4.390 4.519 4.677 4.834 4.997 5.284 5.571 5.858 6.145 6.433 6.720 7.007 7.300 7.670 8.036 8.403 8.769 9.135 9.502 9.868 10.291 10.685 10.008 9.331
3.080 3.028 2.977 2.925 2.873 2.797 2.710 2.624 2.757 2.897 3.022 3.147 3.272 3.397 3.522 3.647 3.812 4.011 4.209 4.408 4.606 4.805 4.966 4.874 4.773 4.673 4.572 4.472 4.371 4.264 4.140 4.052 4.009 3.966 3.923 3.880 3.837 3.794 3.753 3.724 3.695 3.665 3.674 3.709 3.744 3.779 3.814 3.849 3.899 3.981 4.063 4.145 4.227 4.309 4.392 4.508 4.666 4.859 5.145 5.433 5.720 6.007 6.274 6.532 6.789 7.099 7.549 7.921 8.287 8.653 9.020 9.386 9.753 10.274 10.809 10.559 9.882
3.017 2.965 2.913 2.861 2.810 2.758 2.706 2.652 2.739 2.864 2.988 3.113 3.238 3.363 3.489 3.614 3.767 3.966 4.164 4.363 4.561 4.719 4.866 4.909 4.808 4.708 4.607 4.507 4.406 4.288 4.163 4.039 3.969 3.926 3.883 3.840 3.797 3.754 3.719 3.690 3.660 3.631 3.601 3.618 3.653 3.688 3.723 3.758 3.818 3.901 3.983 4.065 4.147 4.229 4.311 4.394 4.497 4.720 5.007 5.269 5.526 5.784 6.042 6.300 6.557 6.898 7.348 7.798 8.171 8.538 8.904 9.270 9.720 10.256 10.792 11.110 10.432
2.953 2.901 2.850 2.798 2.746 2.694 2.641 2.576 2.665 2.818 2.955 3.080 3.205 3.330 3.455 3.580 3.722 3.921 4.119 4.317 4.472 4.619 4.765 4.912 4.844 4.743 4.642 4.542 4.435 4.311 4.187 4.063 3.939 3.887 3.843 3.800 3.757 3.714 3.685 3.655 3.626 3.597 3.567 3.538 3.561 3.596 3.631 3.666 3.738 3.820 3.903 3.985 4.067 4.149 4.231 4.313 4.390 4.523 4.779 5.037 5.295 5.552 5.810 6.068 6.325 6.697 7.147 7.597 8.047 8.422 8.788 9.167 9.702 10.238 10.774 11.309 10.983
2.890 2.838 2.786 2.734 2.683 2.624 2.559 2.494 2.563 2.716 2.869 3.021 3.171 3.296 3.421 3.546 3.677 3.876 4.074 4.225 4.372 4.518 4.665 4.812 4.879 4.778 4.678 4.577 4.459 4.335 4.211 4.087 3.963 3.847 3.804 3.760 3.717 3.680 3.651 3.621 3.592 3.562 3.533 3.503 3.474 3.505 3.540 3.576 3.658 3.740 3.822 3.905 3.987 4.067 4.141 4.215 4.289 4.425 4.591 4.805 5.062 5.320 5.578 5.836 6.093 6.495 6.945 7.395 7.845 8.296 8.673 9.149 9.685 10.221 10.755 11.291 11.534
2.826 2.774 2.723 2.671 2.607 2.542 2.477 2.412 2.461 2.613 2.766 2.919 3.072 3.225 3.378 3.512 3.638 3.830 3.978 4.125 4.271 4.418 4.564 4.711 4.858 4.813 4.713 4.607 4.483 4.359 4.235 4.111 3.986 3.862 3.764 3.721 3.677 3.646 3.616 3.587 3.557 3.528 3.499 3.469 3.440 3.414 3.449 3.496 3.578 3.660 3.742 3.819 3.893 3.967 4.041 4.115 4.189 4.328 4.493 4.659 4.830 5.088 5.346 5.604 5.861 6.294 6.744 7.194 7.644 8.094 8.492 9.131 9.667 10.202 10.738 11.274 11.809
2.995 2.711 2.654 2.590 2.525 2.460 2.395 2.330 2.358 2.511 2.664 2.817 2.970 3.123 3.276 3.429 3.596 3.757 3.877 4.024 4.171 4.317 4.464 4.611 4.757 4.849 4.748 4.631 4.507 4.383 4.258 4.134 4.010 3.886 3.762 3.681 3.641 3.611 3.582 3.553 3.523 3.494 3.464 3.435 3.406 3.376 3.357 3.416 3.496 3.570 3.644 3.718 3.792 3.866 3.940 4.014 4.088 4.231 4.396 4.561 4.727 4.892 5.114 5.372 5.643 6.093 6.543 6.993 7.347 7.683 8.018 8.635 9.275 9.915 10.555 11.196 11.792
3.133 2.637 2.572 2.508 2.443 2.378 2.313 2.248 2.256 2.409 2.562 2.715 2.868 3.021 3.174 3.367 3.706 3.959 4.051 4.143 4.236 4.328 4.420 4.512 4.657 4.804 4.779 4.654 4.530 4.406 4.282 4.158 4.034 3.910 3.786 3.661 3.607 3.577 3.548 3.520 3.491 3.462 3.433 3.404 3.376 3.347 3.318 3.325 3.396 3.470 3.544 3.618 3.692 3.766 3.840 3.914 3.988 4.133 4.299 4.464 4.630 4.795 4.961 5.140 5.442 5.884 6.220 6.556 6.891 7.227 7.563 8.138 8.778 9.418 10.058 10.699 11.335
3.154 2.834 2.528 2.426 2.361 2.296 2.231 2.166 2.154 2.307 2.460 2.612 2.765 2.919 3.139 3.478 3.817 4.156 4.253 4.346 4.438 4.530 4.622 4.715 4.807 4.899 4.835 4.713 4.591 4.469 4.347 4.226 4.104 3.982 3.860 3.736 3.587 3.557 3.528 3.499 3.471 3.442 3.413 3.384 3.355 3.326 3.277 3.260 3.316 3.372 3.443 3.517 3.591 3.665 3.739 3.813 3.887 4.036 4.201 4.367 4.532 4.698 4.863 5.018 5.152 5.429 5.764 6.100 6.436 6.771 7.107 7.641 8.281 8.921 9.561 10.182 10.749
3.365 3.059 2.753 2.448 2.279 2.214 2.149 2.084 2.052 2.205 2.357 2.510 2.663 2.911 3.250 3.589 3.927 4.266 4.456 4.548 4.640 4.732 4.825 4.917 5.009 4.987 4.900 4.795 4.673 4.551 4.430 4.308 4.186 4.064 3.942 3.807 3.658 3.537 3.508 3.479 3.450 3.422 3.393 3.364 3.335 3.291 3.236 3.195 3.251 3.306 3.362 3.418 3.491 3.565 3.638 3.712 3.786 3.938 4.104 4.269 4.435 4.595 4.692 4.789 4.918 5.138 5.358 5.644 5.980 6.316 6.651 7.144 7.784 8.424 9.030 9.596 10.162
3.590 3.285 2.979 2.673 2.367 2.132 2.067 2.003 1.950 2.102 2.255 2.408 2.683 3.022 3.360 3.699 4.038 4.377 4.658 4.750 4.842 4.935 5.027 5.119 5.137 5.049 4.961 4.874 4.755 4.634 4.512 4.390 4.268 4.146 4.024 3.877 3.728 3.580 3.488 3.459 3.430 3.401 3.372 3.344 3.305 3.250 3.195 3.140 3.185 3.241 3.297 3.353 3.409 3.465 3.538 3.612 3.686 3.841 4.006 4.172 4.269 4.366 4.463 4.560 4.683 4.903 5.123 5.344 5.564 5.860 6.196 6.647 7.287 7.878 8.444 9.010 9.576
3.816 3.510 3.205 2.899 2.593 2.287 1.986 1.921 1.855 2.000 2.153 2.455 2.794 3.132 3.471 3.810 4.149 4.487 4.826 4.952 5.044 5.137 5.229 5.286 5.198 5.111 5.023 4.935 4.837 4.716 4.594 4.472 4.350 4.228 4.097 3.948 3.799 3.650 3.501 3.439 3.410 3.381 3.352 3.318 3.263 3.209 3.154 3.099 3.120 3.176 3.232 3.288 3.344 3.400 3.456 3.512 3.585 3.744 3.846 3.943 4.040 4.137 4.234 4.331 4.449 4.669 4.889 5.109 5.329 5.549 5.769 6.150 6.726 7.292 7.858 8.424 8.990
4.041 3.736 3.430 3.124 2.819 2.513 2.207 1.900 1.773 1.898 2.227 2.566 2.904 3.243 3.582 3.920 4.259 4.598 4.937 5.154 5.247 5.339 5.431 5.347 5.260 5.172 5.085 4.997 4.909 4.798 4.676 4.554 4.432 4.310 4.168 4.019 3.870 3.721 3.572 3.423 3.389 3.361 3.332 3.277 3.222 3.167 3.113 3.058 3.055 3.111 3.167 3.223 3.279 3.335 3.391 3.447 3.484 3.522 3.618 3.714 3.811 3.909 4.006 4.103 4.215 4.435 4.655 4.875 5.095 5.315 5.516 5.730 6.196 6.705 7.271 7.837 8.403
4.267 3.961 3.656 3.350 3.044 2.738 2.432 2.091 1.733 1.967 2.338 2.676 3.015 3.353 3.692 4.031 4.370 4.708 5.047 5.357 5.449 5.541 5.496 5.409 5.321 5.234 5.146 5.059 4.971 4.880 4.758 4.636 4.514 4.387 4.238 4.089 3.941 3.792 3.643 3.494 3.369 3.340 3.291 3.236 3.181 3.126 3.071 3.017 2.990 3.046 3.102 3.158 3.214 3.270 3.324 3.350 3.376 3.412 3.452 3.491 3.583 3.680 3.777 3.874 3.980 4.200 4.420 4.640 4.859 5.030 5.201 5.391 5.857 6.322 6.787 7.252 7.817
4.446 4.088 3.731 3.374 3.016 2.659 2.301 1.943 1.724 1.748 2.153 2.557 2.962 3.367 3.772 4.141 4.480 4.819 5.158 5.497 5.651 5.645 5.558 5.470 5.383 5.295 5.208 5.120 5.033 4.945 4.840 4.718 4.596 4.458 4.309 4.160 4.011 3.862 3.713 3.564 3.415 3.304 3.249 3.195 3.140 3.085 3.030 2.976 2.925 2.981 3.037 3.093 3.149 3.191 3.216 3.242 3.268 3.302 3.342 3.381 3.421 3.461 3.548 3.645 3.746 3.966 4.186 4.372 4.543 4.715 4.886 5.057 5.518 5.983 6.448 6.913 7.379
