includes/camargue/floodfiles/results_R2_t1.562607662346E12/res-0010.wd
ncols         906
nrows         631
xllcorner     362177.146667
yllcorner     6534725.688020
cellsize      20.000000
NODATA_value  -9999.000000
[rows 578 to 611 of 631, columns 616 to 692 of 906]
4.396 4.419 4.459 4.531 4.603 4.675 4.747 4.819 4.870 4.917 4.965 5.012 5.060 5.107 5.155 5.187 5.210 5.232 5.255 5.277 5.300 5.322 5.345 5.367 5.390 5.413 5.427 5.451 5.498 5.546 5.597 5.652 5.707 5.762 5.816 5.871 5.926 5.981 6.035 6.096 6.163 6.230 6.296 6.356 6.404 6.451 6.499 6.546 6.594 6.642 6.689 6.723 6.757 6.791 6.825 6.858 6.892 6.926 6.960 6.994 7.022 7.044 7.065 7.089 7.116 7.142 7.160 7.152 7.145 7.137 7.130 7.122 7.114 7.107 7.099 7.092 7.095
4.455 4.478 4.509 4.581 4.653 4.725 4.796 4.844 4.892 4.939 4.987 5.034 5.082 5.129 5.177 5.214 5.236 5.259 5.281 5.304 5.326 5.349 5.372 5.394 5.417 5.429 5.439 5.455 5.503 5.551 5.599 5.647 5.694 5.745 5.799 5.854 5.909 5.963 6.018 6.076 6.143 6.210 6.267 6.314 6.362 6.409 6.457 6.505 6.552 6.600 6.647 6.684 6.718 6.751 6.785 6.819 6.853 6.887 6.921 6.947 6.968 6.989 7.010 7.034 7.061 7.087 7.114 7.141 7.139 7.131 7.124 7.116 7.109 7.101 7.093 7.087 7.090
4.514 4.537 4.560 4.632 4.704 4.771 4.818 4.866 4.914 4.961 5.009 5.056 5.104 5.151 5.199 5.240 5.263 5.285 5.308 5.330 5.353 5.376 5.398 5.421 5.432 5.442 5.452 5.462 5.508 5.556 5.603 5.651 5.699 5.747 5.795 5.842 5.892 5.946 6.001 6.057 6.124 6.177 6.225 6.272 6.320 6.368 6.415 6.463 6.510 6.558 6.605 6.645 6.679 6.712 6.746 6.780 6.814 6.848 6.871 6.892 6.913 6.934 6.955 6.979 7.006 7.033 7.059 7.086 7.113 7.125 7.118 7.110 7.103 7.095 7.087 7.083 7.086
4.573 4.596 4.619 4.682 4.745 4.793 4.840 4.888 4.935 4.983 5.030 5.078 5.125 5.173 5.220 5.267 5.289 5.312 5.334 5.357 5.380 5.402 5.424 5.434 5.444 5.454 5.464 5.474 5.513 5.560 5.608 5.656 5.704 5.752 5.799 5.847 5.895 5.943 5.990 6.039 6.088 6.135 6.183 6.231 6.278 6.326 6.373 6.421 6.468 6.516 6.564 6.606 6.639 6.673 6.707 6.741 6.774 6.795 6.816 6.837 6.858 6.879 6.900 6.924 6.951 6.978 7.005 7.031 7.058 7.085 7.112 7.104 7.097 7.089 7.081 7.079 7.082
4.638 4.659 4.678 4.719 4.767 4.814 4.862 4.910 4.957 5.005 5.052 5.100 5.147 5.195 5.242 5.290 5.316 5.338 5.361 5.383 5.406 5.426 5.436 5.446 5.457 5.467 5.477 5.487 5.517 5.565 5.613 5.661 5.709 5.756 5.804 5.852 5.900 5.947 5.995 5.980 6.020 6.079 6.138 6.189 6.236 6.284 6.331 6.379 6.427 6.474 6.522 6.566 6.600 6.634 6.668 6.698 6.719 6.740 6.761 6.782 6.803 6.824 6.845 6.869 6.896 6.923 6.950 6.977 7.003 7.030 7.057 7.084 7.091 7.083 7.075 7.075 7.077
4.707 4.727 4.728 4.744 4.790 4.837 4.884 4.931 4.979 5.027 5.074 5.122 5.169 5.217 5.264 5.312 5.342 5.365 5.388 5.410 5.429 5.439 5.449 5.459 5.469 5.479 5.489 5.499 5.522 5.570 5.618 5.665 5.713 5.761 5.809 5.857 5.904 5.945 5.931 5.916 5.940 5.999 6.058 6.117 6.176 6.235 6.290 6.337 6.385 6.432 6.480 6.527 6.561 6.595 6.622 6.643 6.664 6.685 6.706 6.727 6.749 6.770 6.791 6.814 6.841 6.868 6.895 6.922 6.949 6.975 7.002 7.029 7.056 7.077 7.070 7.070 7.073
4.775 4.773 4.765 4.769 4.816 4.862 4.909 4.955 5.002 5.049 5.096 5.144 5.191 5.239 5.286 5.334 5.369 5.391 5.414 5.431 5.441 5.451 5.461 5.471 5.481 5.491 5.501 5.511 5.527 5.575 5.622 5.670 5.718 5.766 5.813 5.861 5.896 5.881 5.866 5.852 5.860 5.919 5.978 6.037 6.096 6.155 6.214 6.274 6.333 6.390 6.438 6.485 6.522 6.546 6.567 6.588 6.609 6.630 6.652 6.673 6.694 6.715 6.736 6.760 6.786 6.813 6.840 6.867 6.894 6.920 6.947 6.974 7.001 7.028 7.053 7.046 7.033
4.818 4.810 4.802 4.795 4.841 4.888 4.934 4.981 5.027 5.073 5.120 5.166 5.213 5.261 5.308 5.356 5.395 5.418 5.434 5.444 5.454 5.464 5.474 5.484 5.494 5.504 5.514 5.524 5.534 5.579 5.627 5.675 5.723 5.770 5.818 5.846 5.831 5.817 5.802 5.787 5.780 5.839 5.898 5.957 6.016 6.075 6.134 6.193 6.252 6.311 6.371 6.430 6.470 6.491 6.513 6.534 6.555 6.576 6.597 6.618 6.639 6.660 6.681 6.705 6.731 6.758 6.785 6.812 6.839 6.865 6.892 6.919 6.945 6.968 6.988 6.994 6.989
4.855 4.847 4.838 4.830 4.866 4.913 4.959 5.006 5.052 5.099 5.145 5.192 5.238 5.285 5.331 5.377 5.422 5.436 5.446 5.456 5.466 5.476 5.486 5.496 5.506 5.516 5.526 5.536 5.546 5.584 5.632 5.680 5.727 5.775 5.796 5.782 5.767 5.752 5.738 5.723 5.708 5.759 5.818 5.877 5.936 5.995 6.054 6.113 6.172 6.231 6.289 6.327 6.367 6.408 6.448 6.479 6.500 6.521 6.542 6.563 6.584 6.605 6.626 6.650 6.677 6.703 6.730 6.757 6.784 6.811 6.836 6.859 6.882 6.905 6.922 6.928 6.934
4.892 4.884 4.875 4.867 4.892 4.938 4.985 5.031 5.078 5.124 5.171 5.217 5.264 5.310 5.356 5.403 5.435 5.448 5.458 5.468 5.478 5.489 5.499 5.509 5.519 5.529 5.539 5.549 5.559 5.589 5.637 5.684 5.732 5.747 5.732 5.717 5.703 5.688 5.673 5.659 5.644 5.679 5.738 5.797 5.856 5.915 5.974 6.033 6.092 6.147 6.186 6.224 6.264 6.304 6.345 6.386 6.426 6.466 6.487 6.508 6.529 6.550 6.571 6.595 6.622 6.648 6.675 6.702 6.727 6.750 6.773 6.796 6.819 6.842 6.857 6.863 6.869
4.929 4.920 4.912 4.904 4.917 4.964 5.010 5.057 5.103 5.150 5.196 5.243 5.289 5.335 5.382 5.413 5.442 5.458 5.469 5.480 5.490 5.500 5.511 5.521 5.531 5.541 5.551 5.561 5.571 5.593 5.641 5.689 5.697 5.682 5.668 5.653 5.638 5.624 5.609 5.594 5.579 5.598 5.657 5.716 5.776 5.835 5.894 5.953 6.005 6.044 6.083 6.121 6.160 6.201 6.242 6.282 6.323 6.364 6.404 6.445 6.474 6.495 6.516 6.540 6.567 6.594 6.618 6.641 6.664 6.687 6.710 6.733 6.756 6.780 6.791 6.797 6.803
4.965 4.957 4.949 4.940 4.943 4.989 5.036 5.082 5.129 5.175 5.222 5.268 5.314 5.361 5.391 5.419 5.448 5.469 5.480 5.490 5.501 5.511 5.522 5.532 5.543 5.553 5.563 5.573 5.583 5.598 5.646 5.648 5.633 5.618 5.603 5.589 5.574 5.559 5.544 5.530 5.515 5.518 5.577 5.636 5.695 5.754 5.814 5.864 5.902 5.941 5.979 6.018 6.057 6.097 6.138 6.179 6.219 6.260 6.301 6.342 6.382 6.423 6.462 6.485 6.509 6.532 6.555 6.578 6.601 6.624 6.647 6.671 6.694 6.717 6.725 6.731 6.737
5.002 4.994 4.986 4.977 4.969 5.015 5.061 5.108 5.154 5.201 5.247 5.293 5.339 5.368 5.397 5.426 5.455 5.480 5.491 5.501 5.512 5.522 5.533 5.543 5.553 5.564 5.574 5.585 5.595 5.606 5.598 5.583 5.568 5.554 5.539 5.524 5.510 5.495 5.480 5.465 5.451 5.438 5.497 5.556 5.615 5.674 5.722 5.760 5.799 5.838 5.876 5.915 5.954 5.994 6.035 6.075 6.116 6.157 6.197 6.238 6.279 6.319 6.358 6.401 6.446 6.469 6.492 6.515 6.538 6.562 6.585 6.608 6.631 6.653 6.659 6.665 6.671
5.039 5.031 5.022 5.014 5.006 5.040 5.086 5.133 5.179 5.226 5.272 5.317 5.346 5.375 5.404 5.432 5.461 5.490 5.501 5.512 5.522 5.533 5.543 5.554 5.564 5.575 5.585 5.596 5.606 5.574 5.548 5.528 5.508 5.489 5.475 5.460 5.445 5.430 5.416 5.401 5.386 5.371 5.417 5.476 5.535 5.580 5.619 5.657 5.696 5.734 5.773 5.812 5.850 5.890 5.931 5.972 6.012 6.053 6.094 6.135 6.175 6.211 6.244 6.287 6.346 6.405 6.430 6.453 6.476 6.499 6.522 6.545 6.568 6.588 6.594 6.600 6.605
5.076 5.067 5.059 5.051 5.042 5.065 5.112 5.158 5.205 5.251 5.295 5.324 5.352 5.381 5.410 5.439 5.468 5.496 5.512 5.523 5.533 5.544 5.554 5.564 5.575 5.585 5.596 5.606 5.574 5.536 5.505 5.484 5.464 5.444 5.424 5.404 5.384 5.366 5.351 5.337 5.322 5.307 5.337 5.396 5.438 5.477 5.516 5.554 5.593 5.631 5.670 5.708 5.747 5.787 5.827 5.868 5.909 5.949 5.990 6.031 6.064 6.097 6.130 6.173 6.232 6.291 6.350 6.390 6.413 6.436 6.459 6.482 6.505 6.522 6.528 6.534 6.540
5.112 5.104 5.096 5.088 5.079 5.091 5.137 5.184 5.230 5.272 5.301 5.330 5.359 5.388 5.416 5.445 5.474 5.503 5.523 5.533 5.544 5.554 5.565 5.575 5.586 5.596 5.607 5.573 5.535 5.497 5.461 5.441 5.421 5.401 5.380 5.360 5.340 5.320 5.300 5.279 5.259 5.243 5.256 5.297 5.335 5.374 5.412 5.451 5.490 5.528 5.567 5.605 5.644 5.683 5.724 5.764 5.805 5.846 5.885 5.918 5.951 5.983 6.016 6.059 6.118 6.177 6.236 6.295 6.350 6.373 6.396 6.419 6.443 6.456 6.462 6.468 6.474
5.149 5.141 5.133 5.124 5.116 5.116 5.163 5.209 5.250 5.279 5.308 5.336 5.365 5.394 5.423 5.452 5.481 5.509 5.534 5.544 5.555 5.565 5.575 5.586 5.596 5.607 5.572 5.534 5.496 5.458 5.420 5.398 5.377 5.357 5.337 5.317 5.297 5.276 5.256 5.236 5.216 5.195 5.193 5.214 5.234 5.271 5.309 5.348 5.386 5.425 5.463 5.502 5.541 5.579 5.620 5.661 5.702 5.738 5.771 5.804 5.837 5.869 5.902 5.945 6.004 6.063 6.122 6.181 6.241 6.300 6.334 6.357 6.380 6.390 6.396 6.402 6.408
5.189 5.179 5.169 5.161 5.153 5.144 5.188 5.228 5.256 5.285 5.314 5.343 5.372 5.401 5.429 5.458 5.487 5.516 5.544 5.555 5.565 5.576 5.586 5.597 5.607 5.572 5.534 5.496 5.458 5.420 5.381 5.354 5.334 5.314 5.293 5.273 5.253 5.233 5.213 5.192 5.172 5.167 5.162 5.178 5.199 5.220 5.240 5.261 5.283 5.322 5.360 5.399 5.437 5.476 5.516 5.557 5.591 5.624 5.657 5.690 5.723 5.755 5.788 5.831 5.890 5.949 6.008 6.068 6.127 6.186 6.245 6.294 6.317 6.324 6.330 6.331 6.326
5.232 5.222 5.211 5.201 5.191 5.181 5.205 5.234 5.263 5.292 5.321 5.349 5.378 5.407 5.436 5.465 5.493 5.522 5.551 5.566 5.576 5.587 5.597 5.607 5.571 5.533 5.495 5.457 5.419 5.381 5.343 5.311 5.290 5.270 5.250 5.230 5.209 5.189 5.169 5.149 5.143 5.138 5.133 5.143 5.163 5.184 5.205 5.225 5.246 5.266 5.287 5.308 5.334 5.373 5.412 5.445 5.478 5.510 5.543 5.576 5.609 5.641 5.674 5.717 5.776 5.835 5.894 5.954 6.013 6.072 6.131 6.190 6.247 6.242 6.237 6.232 6.227
5.275 5.265 5.254 5.244 5.234 5.184 5.173 5.218 5.264 5.298 5.327 5.356 5.385 5.413 5.442 5.471 5.500 5.529 5.557 5.576 5.587 5.597 5.608 5.570 5.532 5.494 5.456 5.418 5.380 5.342 5.304 5.267 5.247 5.227 5.206 5.186 5.166 5.146 5.125 5.120 5.115 5.110 5.105 5.107 5.128 5.148 5.169 5.190 5.210 5.231 5.251 5.272 5.293 5.310 5.322 5.336 5.363 5.396 5.429 5.462 5.495 5.527 5.560 5.603 5.662 5.721 5.780 5.840 5.899 5.964 6.040 6.115 6.153 6.144 6.138 6.134 6.129
5.318 5.308 5.298 5.287 5.227 5.153 5.115 5.161 5.206 5.252 5.297 5.343 5.388 5.420 5.449 5.477 5.506 5.535 5.564 5.587 5.598 5.608 5.570 5.531 5.493 5.455 5.417 5.379 5.341 5.303 5.265 5.227 5.203 5.183 5.163 5.143 5.122 5.102 5.097 5.092 5.087 5.082 5.076 5.072 5.092 5.113 5.133 5.154 5.175 5.195 5.216 5.237 5.255 5.262 5.271 5.286 5.300 5.315 5.330 5.348 5.381 5.413 5.446 5.489 5.548 5.607 5.671 5.747 5.822 5.897 5.973 6.048 6.059 6.050 6.041 6.035 6.030
5.361 5.351 5.341 5.270 5.196 5.122 5.058 5.103 5.149 5.194 5.240 5.285 5.331 5.377 5.422 5.468 5.513 5.541 5.570 5.598 5.607 5.569 5.531 5.493 5.455 5.417 5.379 5.341 5.303 5.265 5.226 5.188 5.160 5.140 5.119 5.099 5.079 5.073 5.068 5.063 5.058 5.053 5.048 5.043 5.057 5.077 5.098 5.118 5.139 5.160 5.180 5.199 5.206 5.214 5.221 5.235 5.250 5.264 5.279 5.294 5.309 5.324 5.338 5.378 5.454 5.529 5.605 5.680 5.755 5.831 5.906 5.975 5.965 5.956 5.947 5.938 5.932
5.404 5.387 5.313 5.239 5.166 5.092 5.018 5.046 5.091 5.137 5.182 5.228 5.274 5.319 5.365 5.410 5.456 5.501 5.547 5.591 5.568 5.530 5.492 5.454 5.416 5.378 5.340 5.302 5.264 5.226 5.188 5.149 5.116 5.096 5.076 5.055 5.050 5.045 5.040 5.035 5.030 5.025 5.019 5.014 5.021 5.041 5.062 5.083 5.103 5.124 5.143 5.150 5.158 5.166 5.173 5.184 5.199 5.214 5.228 5.243 5.258 5.273 5.289 5.324 5.387 5.462 5.538 5.613 5.688 5.764 5.839 5.881 5.872 5.862 5.853 5.844 5.835
5.430 5.356 5.282 5.208 5.135 5.061 4.987 4.989 5.034 5.080 5.125 5.171 5.216 5.262 5.307 5.353 5.398 5.444 5.489 5.479 5.461 5.437 5.413 5.390 5.366 5.339 5.301 5.263 5.225 5.187 5.149 5.111 5.073 5.052 5.032 5.027 5.022 5.017 5.012 5.006 5.001 4.996 4.991 4.986 4.985 5.006 5.026 5.047 5.068 5.087 5.095 5.102 5.110 5.117 5.125 5.133 5.148 5.163 5.178 5.192 5.207 5.222 5.254 5.288 5.323 5.395 5.471 5.546 5.621 5.697 5.772 5.787 5.778 5.768 5.759 5.750 5.741
5.399 5.325 5.251 5.178 5.104 5.030 4.957 4.931 4.977 5.022 5.068 5.113 5.159 5.204 5.250 5.295 5.341 5.386 5.382 5.368 5.353 5.329 5.305 5.282 5.258 5.234 5.210 5.187 5.163 5.139 5.110 5.072 5.034 5.009 5.004 4.999 4.993 4.988 4.983 4.978 4.973 4.968 4.963 4.957 4.952 4.970 4.991 5.011 5.031 5.039 5.046 5.054 5.061 5.069 5.076 5.084 5.097 5.112 5.127 5.142 5.156 5.183 5.218 5.253 5.287 5.328 5.404 5.479 5.554 5.630 5.702 5.693 5.684 5.674 5.665 5.656 5.647
5.368 5.294 5.221 5.147 5.073 5.000 4.926 4.874 4.919 4.965 5.010 5.056 5.101 5.147 5.192 5.238 5.283 5.285 5.271 5.257 5.242 5.221 5.197 5.174 5.150 5.126 5.102 5.079 5.055 5.031 5.007 4.984 4.960 4.984 4.977 4.970 4.965 4.960 4.955 4.950 4.945 4.939 4.934 4.929 4.924 4.934 4.955 4.975 4.983 4.990 4.998 5.005 5.013 5.020 5.028 5.035 5.046 5.061 5.076 5.091 5.112 5.147 5.182 5.217 5.252 5.286 5.337 5.412 5.487 5.563 5.608 5.599 5.590 5.580 5.571 5.562 5.553
5.337 5.264 5.190 5.116 5.043 4.969 4.895 4.821 4.862 4.907 4.953 4.998 5.044 5.089 5.135 5.180 5.188 5.174 5.160 5.145 5.131 5.113 5.089 5.065 5.042 5.018 4.994 4.970 4.947 4.923 4.899 4.875 4.922 4.968 4.960 4.953 4.945 4.938 4.930 4.923 4.916 4.911 4.906 4.900 4.895 4.899 4.919 4.927 4.935 4.942 4.950 4.957 4.965 4.972 4.980 4.987 4.996 5.010 5.025 5.041 5.076 5.111 5.146 5.181 5.216 5.251 5.285 5.345 5.420 5.496 5.514 5.505 5.496 5.486 5.477 5.468 5.459
5.307 5.233 5.159 5.085 5.012 4.938 4.864 4.791 4.804 4.850 4.895 4.941 4.986 5.032 5.077 5.091 5.077 5.062 5.048 5.034 5.020 5.005 4.981 4.957 4.934 4.910 4.886 4.862 4.838 4.815 4.791 4.832 4.886 4.940 4.944 4.937 4.929 4.921 4.914 4.906 4.899 4.891 4.883 4.876 4.868 4.863 4.871 4.879 4.886 4.894 4.901 4.909 4.916 4.924 4.931 4.939 4.946 4.960 4.974 5.005 5.040 5.075 5.110 5.145 5.180 5.215 5.249 5.284 5.353 5.429 5.420 5.411 5.402 5.393 5.383 5.374 5.399
5.276 5.202 5.128 5.055 4.981 4.907 4.834 4.760 4.747 4.792 4.838 4.883 4.929 4.974 4.994 4.980 4.965 4.951 4.937 4.923 4.908 4.894 4.873 4.849 4.825 4.802 4.778 4.754 4.730 4.706 4.742 4.796 4.850 4.904 4.928 4.920 4.913 4.905 4.898 4.890 4.882 4.875 4.867 4.859 4.852 4.880 4.887 4.882 4.877 4.872 4.867 4.861 4.868 4.875 4.883 4.890 4.898 4.909 4.935 4.970 5.004 5.039 5.074 5.109 5.144 5.179 5.214 5.248 5.286 5.336 5.326 5.317 5.350 5.408 5.467 5.525 5.584
5.245 5.172 5.098 5.024 4.950 4.877 4.803 4.729 4.689 4.735 4.780 4.826 4.871 4.897 4.883 4.868 4.854 4.840 4.826 4.811 4.797 4.783 4.765 4.741 4.717 4.693 4.670 4.646 4.622 4.652 4.706 4.760 4.814 4.868 4.912 4.904 4.897 4.889 4.881 4.874 4.866 4.858 4.851 4.843 4.867 4.901 4.924 4.918 4.913 4.908 4.903 4.898 4.893 4.887 4.882 4.877 4.872 4.887 4.924 4.961 4.997 5.034 5.071 5.108 5.145 5.181 5.218 5.255 5.292 5.360 5.418 5.477 5.535 5.594 5.652 5.711 5.769
5.211 5.141 5.067 4.993 4.919 4.846 4.772 4.698 4.632 4.677 4.723 4.768 4.800 4.785 4.771 4.757 4.743 4.728 4.714 4.700 4.685 4.671 4.656 4.633 4.609 4.585 4.561 4.537 4.563 4.616 4.670 4.724 4.778 4.832 4.885 4.888 4.880 4.873 4.865 4.858 4.850 4.842 4.835 4.854 4.888 4.923 4.957 4.955 4.950 4.944 4.939 4.934 4.929 4.924 4.918 4.913 4.916 4.991 5.043 5.080 5.116 5.153 5.190 5.227 5.264 5.300 5.337 5.374 5.429 5.526 5.603 5.662 5.721 5.779 5.837 5.896 5.955
5.017 5.008 4.998 4.963 4.889 4.815 4.741 4.667 4.594 4.620 4.665 4.703 4.688 4.674 4.660 4.646 4.631 4.617 4.603 4.588 4.574 4.560 4.545 4.524 4.501 4.477 4.453 4.473 4.527 4.580 4.634 4.688 4.742 4.795 4.849 4.872 4.864 4.856 4.849 4.841 4.834 4.826 4.841 4.875 4.910 4.944 4.979 4.991 4.986 4.981 4.976 4.970 4.965 4.960 4.955 4.950 5.014 5.090 5.162 5.199 5.235 5.272 5.309 5.346 5.383 5.419 5.456 5.493 5.583 5.680 5.777 5.847 5.906 5.964 6.023 6.081 6.140
4.824 4.814 4.805 4.795 4.785 4.776 4.710 4.636 4.563 4.562 4.606 4.591 4.577 4.563 4.548 4.534 4.520 4.505 4.491 4.477 4.462 4.448 4.434 4.416 4.392 4.369 4.383 4.437 4.491 4.544 4.598 4.652 4.706 4.759 4.813 4.855 4.848 4.840 4.833 4.825 4.817 4.828 4.862 4.897 4.931 4.966 5.000 5.027 5.022 5.017 5.012 5.007 5.001 4.996 4.991 5.038 5.113 5.188 5.264 5.318 5.354 5.391 5.428 5.465 5.502 5.538 5.575 5.641 5.738 5.834 5.931 6.028 6.091 6.150 6.208 6.267 6.325
4.631 4.621 4.611 4.602 4.592 4.582 4.572 4.563 4.532 4.505 4.494 4.480 4.466 4.451 4.437 4.423 4.408 4.394 4.380 4.365 4.351 4.337 4.322 4.308 4.284 4.293 4.347 4.401 4.454 4.508 4.562 4.616 4.670 4.723 4.777 4.831 4.832 4.824 4.816 4.809 4.815 4.849 4.884 4.918 4.953 4.987 5.021 5.056 5.059 5.053 5.048 5.043 5.038 5.033 5.062 5.137 5.212 5.287 5.362 5.437 5.473 5.510 5.547 5.584 5.621 5.658 5.699 5.796 5.892 5.989 6.086 6.182 6.277 6.335 6.393 6.452 6.510
