includes/camargue/floodfiles/results_R2_t1.562607662346E12/res-0007.wdfp
ncols         906
nrows         631
xllcorner     362177.146667
yllcorner     6534725.688020
cellsize      20.000000
NODATA_value  -9999.000000
[rows 306 to 339 of 631, columns 693 to 769 of 906]
1.443 1.133 0.692 0.492 0.522 0.000 0.777 0.847 0.000 0.483 0.723 0.613 0.583 0.503 0.682 0.362 0.000 0.692 0.992 0.761 0.801 0.661 0.461 0.331 0.121 0.201 0.610 0.820 0.000 0.000 0.000 0.000 0.613 0.843 0.111 0.084 0.034 0.124 0.000 0.123 0.000 0.000 0.448 0.548 0.000 0.245 0.984 0.202 0.318 0.348 0.328 0.248 0.459 0.329 0.145 0.665 0.000 1.660 0.390 0.570 0.820 1.020 0.000 0.771 0.841 0.530 0.930 0.099 0.436 0.336 0.000 0.076 0.046 0.024 0.000 0.000 0.000
0.513 0.392 0.512 0.612 1.462 0.041 0.827 0.867 0.000 0.404 0.000 0.000 0.000 0.583 0.692 0.682 0.652 0.812 0.092 0.191 0.741 0.441 0.171 0.451 0.881 0.921 0.440 0.340 0.870 0.000 0.000 0.126 0.041 0.130 0.176 0.286 0.196 0.000 0.000 0.000 0.000 0.000 0.000 0.000 0.841 0.317 1.124 0.067 0.641 0.971 0.300 0.209 0.319 0.479 0.239 0.000 0.963 0.000 0.590 0.450 0.840 0.350 0.221 0.561 0.921 0.000 0.641 0.531 0.188 0.228 0.208 0.015 0.048 0.000 0.000 0.000 0.000
1.852 1.902 1.892 2.042 0.641 0.109 0.997 0.897 0.096 0.575 0.735 0.774 0.664 0.733 0.163 0.052 0.052 0.682 0.442 0.492 0.451 0.591 0.621 1.041 0.000 0.070 0.530 0.210 0.600 0.000 0.000 0.018 0.024 0.166 0.000 0.726 0.000 0.000 0.000 0.000 0.000 0.000 0.000 0.211 0.971 0.521 0.420 0.261 1.061 0.811 0.231 0.280 0.590 0.320 0.000 0.123 0.833 0.183 0.082 0.082 0.252 0.102 0.462 0.701 0.881 0.791 0.641 0.581 0.000 0.369 0.449 0.000 0.000 0.000 0.000 0.000 0.000
0.583 1.702 1.622 0.532 1.899 0.297 0.807 0.807 0.646 0.635 0.765 0.000 0.053 0.313 0.762 0.162 0.232 0.352 0.452 0.142 0.741 0.911 0.000 0.441 0.571 0.480 0.690 0.640 0.660 0.000 0.000 0.000 0.000 0.000 0.000 0.126 0.000 0.000 0.000 0.000 0.000 0.000 0.000 0.191 0.931 0.971 1.011 0.361 0.961 0.331 0.621 0.601 0.981 0.651 0.000 1.103 0.383 0.483 0.433 0.773 0.823 0.853 0.803 0.041 0.721 1.001 0.000 0.651 0.461 0.279 0.499 0.000 0.000 0.000 0.000 0.000 0.000
0.863 1.022 1.582 0.130 0.490 1.267 0.439 0.827 0.677 0.000 0.000 0.000 0.000 0.000 0.562 0.322 0.000 0.562 0.832 0.702 0.651 0.631 0.531 0.491 0.781 0.680 0.630 0.540 0.500 0.000 0.000 0.000 0.000 0.000 0.000 0.000 0.000 0.000 0.000 0.000 0.000 0.252 0.922 0.092 0.981 0.452 0.582 1.143 0.693 0.102 1.142 0.352 0.000 0.000 1.693 0.343 0.333 0.043 0.873 0.923 0.893 0.583 0.473 0.273 0.841 1.011 0.000 0.611 0.761 0.049 0.489 0.000 0.000 0.000 0.000 0.000 0.000
0.813 0.803 1.303 0.000 0.998 0.737 0.039 0.777 0.907 0.000 0.000 0.000 0.000 0.000 0.592 0.852 0.782 0.832 0.462 0.802 0.912 0.361 0.831 0.651 0.671 0.390 0.670 0.710 0.480 0.002 0.105 0.000 0.000 0.000 0.000 0.000 0.000 0.000 0.000 0.000 0.061 0.311 1.572 1.032 1.012 0.842 0.723 0.893 0.595 0.174 0.782 0.223 0.645 1.825 0.000 0.513 0.783 0.893 1.033 0.783 0.953 0.843 0.843 0.373 0.000 0.831 1.031 0.651 0.581 0.040 0.399 0.021 0.000 0.000 0.000 0.000 0.000
0.683 1.003 1.373 0.253 0.075 0.383 0.477 0.917 0.707 0.000 0.000 0.693 0.893 0.863 0.882 0.722 0.552 0.522 0.772 1.072 0.000 0.331 0.571 0.430 0.630 0.700 0.660 0.520 0.650 0.030 0.020 0.078 0.000 0.000 0.000 0.000 0.000 0.000 0.000 0.000 0.000 0.186 0.079 0.000 0.222 0.093 0.278 0.411 0.682 0.267 1.092 0.000 1.055 0.000 0.696 0.214 0.783 0.843 0.000 0.143 0.153 0.883 0.463 0.683 0.112 0.911 1.031 0.000 0.781 0.421 0.181 0.000 0.000 0.000 0.000 0.000 0.000
0.603 1.233 1.633 1.213 1.193 0.068 0.587 0.767 0.806 0.656 0.654 0.803 0.713 0.903 0.642 0.492 0.732 1.172 0.742 0.682 0.000 0.000 0.670 0.630 0.730 0.700 0.550 0.640 0.490 0.000 0.086 0.000 0.000 0.000 0.000 0.000 0.000 0.000 0.000 0.000 0.000 0.529 0.000 0.000 0.000 0.000 0.149 0.380 1.101 0.090 0.000 0.000 1.626 0.126 0.377 0.944 0.884 0.253 1.053 0.703 0.963 0.773 0.743 0.893 0.733 0.762 0.881 0.111 0.761 0.551 0.361 0.000 0.000 0.000 0.000 0.000 0.000
0.493 1.413 1.413 1.373 1.193 0.032 0.287 0.000 0.826 1.036 0.774 0.843 0.583 0.743 0.642 1.192 1.112 0.862 0.762 0.340 0.558 0.399 0.239 0.410 0.590 0.570 0.690 0.720 0.000 0.000 0.000 0.000 0.000 0.000 0.000 0.000 0.000 0.000 0.000 0.000 0.399 0.449 0.000 0.000 0.000 0.134 0.174 0.634 1.183 0.795 1.186 2.076 0.000 0.540 0.432 0.299 0.000 0.463 0.193 0.563 0.433 0.703 0.783 0.823 0.813 0.222 0.221 0.381 0.021 0.591 0.341 0.361 0.000 0.000 0.000 0.000 0.000
0.483 1.213 0.000 1.333 1.253 0.000 0.000 0.000 0.806 0.596 0.184 0.903 0.433 0.803 0.952 0.562 0.722 0.582 0.000 0.528 0.458 0.000 0.565 0.258 0.710 0.710 0.000 0.000 0.000 0.147 0.000 0.000 0.000 0.000 0.000 0.000 0.000 0.000 0.000 0.602 0.185 0.000 0.000 0.000 0.831 0.051 0.091 0.727 0.516 0.204 0.327 0.158 0.913 0.423 0.000 0.092 0.175 0.563 0.923 0.933 0.673 0.963 0.733 0.723 0.155 0.000 0.000 0.000 0.240 0.081 0.075 0.000 0.000 0.000 0.000 0.000 0.371
0.713 1.023 0.000 1.373 1.273 0.000 0.030 0.367 0.906 0.826 0.000 0.443 0.793 0.453 1.092 0.622 0.752 0.000 0.668 0.518 0.476 0.325 0.645 1.335 0.000 0.000 0.000 0.000 0.137 0.547 0.417 0.083 0.000 0.000 0.000 0.000 0.000 0.000 0.000 0.932 0.001 0.000 0.000 0.182 1.331 0.156 0.349 0.731 0.107 0.418 1.931 0.000 0.271 0.672 0.606 0.398 0.000 0.135 0.000 0.843 0.593 0.873 0.464 0.257 0.303 0.176 0.000 0.175 0.000 0.000 0.180 0.218 0.491 0.461 0.451 0.901 0.311
0.133 0.833 0.000 1.183 1.223 0.000 0.303 0.507 0.646 1.156 0.000 0.203 0.583 1.152 0.512 0.712 0.000 0.489 0.638 0.000 0.612 0.272 0.532 0.000 0.419 0.318 0.000 0.000 0.118 0.200 0.267 0.262 0.088 0.000 0.000 0.000 0.000 0.000 0.000 0.462 0.962 0.000 0.000 0.823 0.252 0.437 0.415 0.370 0.251 0.000 0.568 0.632 0.244 0.078 0.402 0.673 0.885 0.855 0.000 0.000 0.003 0.494 0.514 0.240 0.377 0.143 0.089 0.135 0.420 0.000 0.000 0.451 0.521 0.181 0.391 0.861 0.000
1.843 0.883 0.000 1.173 1.253 0.027 0.529 0.131 0.646 1.666 0.155 0.513 0.363 0.912 0.712 0.392 0.431 0.630 0.000 0.621 0.691 0.561 0.541 0.000 0.729 0.308 0.285 0.024 0.000 0.124 0.278 0.097 0.252 0.310 0.000 0.000 0.000 0.000 0.402 0.011 0.000 0.795 0.755 0.365 0.324 0.271 0.729 0.050 0.161 1.868 0.174 0.469 0.721 0.562 0.823 0.015 0.736 0.398 0.516 0.637 0.000 0.000 0.745 0.214 0.392 0.229 0.000 0.000 0.301 0.611 0.961 0.291 0.321 0.151 0.531 0.291 0.251
1.933 0.583 0.000 1.203 0.553 0.176 0.530 0.353 0.736 0.336 1.036 0.143 0.203 0.192 0.712 0.000 0.701 0.000 0.730 0.430 0.640 0.460 0.659 0.534 1.329 0.207 0.137 0.427 0.299 0.234 0.000 0.113 0.401 0.309 0.083 0.000 0.151 0.582 0.232 0.089 0.000 0.000 0.248 0.646 0.256 0.644 0.362 0.043 1.911 0.000 0.561 0.631 1.062 0.543 0.634 0.576 0.647 0.111 0.417 0.768 0.869 0.779 0.020 0.128 0.957 0.208 1.136 0.259 1.081 0.121 0.391 0.891 0.171 0.381 0.401 0.871 0.341
1.983 0.603 0.000 1.103 0.000 1.326 1.725 0.036 0.656 0.376 0.666 0.000 0.392 0.192 0.132 0.742 0.000 0.740 0.470 0.600 0.480 0.470 0.419 0.000 0.609 0.477 0.000 0.000 0.018 0.577 0.269 0.050 0.000 0.000 0.058 0.062 0.000 0.049 0.382 0.000 1.828 0.638 0.427 0.000 0.595 0.266 0.000 2.128 0.001 0.681 0.571 0.611 0.702 0.783 0.555 0.506 0.858 0.353 0.867 0.148 0.749 0.759 0.619 0.669 0.044 0.214 0.956 0.329 1.091 1.201 0.301 0.691 0.501 0.471 0.271 0.622 0.462
1.883 0.953 0.373 0.772 0.041 1.176 0.216 0.000 0.626 0.696 0.646 0.000 0.000 0.402 0.312 0.000 0.010 0.400 0.630 0.610 0.410 0.580 0.569 0.489 0.189 0.705 0.695 0.675 0.028 0.024 0.108 0.092 0.610 0.630 0.000 0.000 0.549 0.648 0.000 0.000 0.399 0.028 0.298 0.221 0.168 0.364 1.948 0.978 0.528 0.000 0.000 0.000 0.000 0.000 0.618 0.338 0.858 0.383 0.917 0.419 0.759 0.319 0.569 0.759 0.800 0.750 0.149 0.000 1.001 0.961 1.031 1.031 0.000 0.122 0.832 1.072 0.000
1.893 1.003 0.333 1.262 0.381 0.559 0.278 0.000 0.625 0.915 0.755 0.000 0.152 0.050 0.130 0.159 0.078 0.000 0.440 0.330 0.560 0.740 0.499 0.479 0.159 0.345 0.314 0.393 0.570 0.819 0.000 0.000 0.122 0.950 0.500 0.850 0.890 0.041 0.404 0.000 0.214 0.000 0.000 0.000 0.628 1.047 0.208 0.238 0.609 0.679 0.509 0.489 0.389 0.438 0.475 0.264 0.000 0.118 0.529 1.019 1.399 1.629 1.709 0.000 0.710 0.730 0.770 0.581 0.671 0.781 0.621 0.361 0.000 0.000 0.602 0.772 0.000
2.013 1.113 0.593 0.622 1.201 1.531 0.095 0.495 0.605 0.615 0.585 0.315 0.132 0.199 0.139 0.067 0.046 0.000 0.250 0.780 0.450 0.540 0.510 0.000 0.715 0.475 0.414 0.000 0.158 0.316 0.652 0.671 0.611 0.125 0.292 0.590 0.000 0.921 0.000 0.919 1.939 1.519 1.059 0.000 1.788 0.348 0.209 0.199 0.399 0.579 0.609 0.539 0.589 0.669 0.299 0.429 0.310 0.520 0.720 0.300 0.860 0.630 0.440 0.080 1.470 0.000 0.541 0.681 1.031 0.201 0.842 1.252 1.342 1.302 0.602 0.142 0.000
1.793 1.053 0.373 0.142 1.321 0.051 0.000 0.425 0.455 0.695 0.535 0.000 0.000 0.289 0.289 0.113 0.131 0.190 0.500 0.080 0.210 0.320 0.230 0.038 0.000 0.000 0.259 0.448 0.718 0.000 0.183 0.551 0.761 0.267 0.305 0.226 2.048 0.000 0.899 0.869 0.270 0.000 0.000 1.739 0.369 0.569 0.549 0.379 0.559 0.789 0.909 0.809 1.069 1.389 0.529 0.489 0.280 0.610 0.870 0.780 0.810 0.640 0.830 0.570 1.191 0.611 1.231 0.000 0.451 0.061 0.832 0.502 0.000 0.672 1.202 1.062 0.822
1.353 0.963 0.213 0.292 0.691 0.000 0.755 0.645 0.585 0.525 0.685 0.000 0.000 0.000 0.000 0.211 0.430 0.690 0.190 0.100 0.220 0.000 0.000 0.000 0.000 0.428 0.748 0.198 0.588 0.617 0.727 0.000 0.351 0.000 0.000 1.878 1.778 1.528 0.670 0.232 0.213 1.039 0.399 0.319 0.909 0.849 1.039 0.939 0.909 0.519 0.899 0.989 0.619 1.039 1.280 0.690 0.940 1.160 0.690 1.000 0.680 0.870 0.730 1.041 1.211 1.281 1.211 0.161 0.981 0.122 0.472 0.282 1.112 0.992 0.342 0.000 0.372
1.153 0.773 0.913 0.413 0.000 0.000 0.000 0.524 0.175 0.285 0.000 0.000 0.000 0.000 0.000 0.000 0.000 0.540 0.830 0.000 0.000 0.000 0.000 0.000 0.000 0.000 1.008 0.978 0.258 0.527 0.647 0.547 0.000 1.808 0.508 1.058 1.128 0.060 0.344 0.915 0.146 0.099 0.469 0.820 0.000 0.809 1.479 0.949 0.949 0.499 0.010 0.050 0.810 0.780 1.340 0.480 0.470 0.460 0.530 0.970 1.000 0.710 1.160 1.241 1.101 1.441 1.481 1.431 1.271 1.472 1.092 0.502 0.702 0.912 0.932 0.922 0.732
0.000 0.000 0.000 2.623 0.000 0.000 0.473 1.504 0.000 0.000 0.000 0.000 0.000 0.000 0.000 0.000 0.000 0.000 0.000 0.000 0.000 0.000 0.000 0.000 0.000 0.000 0.000 0.998 0.988 0.000 0.237 0.000 0.000 0.000 1.038 0.297 0.000 0.000 0.378 0.238 0.740 0.590 0.260 1.190 1.119 1.339 0.319 0.070 0.680 0.950 0.870 0.720 0.490 0.000 0.570 1.070 0.590 0.980 1.300 0.530 0.860 1.190 0.600 1.360 0.791 0.991 0.981 0.301 0.491 1.622 1.192 0.822 0.392 0.000 0.142 0.642 0.882
0.000 0.000 2.152 0.000 0.202 0.000 0.833 0.000 0.562 2.762 0.842 0.000 0.000 0.000 0.019 0.000 0.000 0.000 0.000 0.000 0.000 0.000 0.000 0.000 0.000 0.000 0.000 0.000 1.058 0.898 0.000 0.088 0.000 0.838 0.087 0.345 0.756 0.078 0.870 0.580 0.230 1.100 0.790 0.360 0.000 0.250 1.210 0.970 0.640 0.000 0.090 1.010 0.970 1.150 0.300 0.920 0.500 0.650 0.660 0.730 1.190 0.481 1.291 0.321 1.351 0.841 0.000 0.462 0.222 0.402 0.902 0.722 0.852 0.882 0.672 0.782 0.172
0.000 0.000 2.042 0.372 0.462 0.152 0.732 0.432 0.902 0.532 0.192 0.000 0.431 0.000 0.000 0.000 2.728 2.148 0.000 0.000 0.000 0.000 0.000 0.000 0.000 0.000 0.000 0.000 0.000 0.012 1.766 0.012 0.315 1.128 0.194 0.060 0.000 0.251 0.290 0.590 0.600 0.140 0.121 0.741 0.761 0.701 0.000 0.000 1.250 1.160 0.810 0.000 0.000 1.130 0.621 0.891 1.131 0.531 0.711 0.471 0.751 1.181 0.431 0.551 1.161 0.000 0.983 1.073 1.123 0.942 0.752 0.782 0.682 0.732 0.782 0.772 0.122
0.000 0.000 0.000 0.392 0.232 0.000 0.472 0.000 0.732 0.001 0.402 0.072 0.121 0.361 0.571 0.000 2.118 0.000 0.000 0.000 0.000 0.000 0.000 0.000 0.000 0.000 0.000 0.000 0.017 1.446 0.466 0.133 0.983 0.167 0.130 0.000 0.111 0.281 0.511 0.531 1.191 0.291 0.571 0.681 0.000 0.871 0.961 0.391 0.041 0.000 0.421 0.901 0.751 0.631 0.611 0.991 0.461 0.741 1.081 1.221 1.261 0.881 0.321 1.151 0.000 0.963 0.933 1.083 0.153 0.392 0.632 0.702 0.602 0.672 0.362 0.693 0.863
0.361 2.001 0.061 0.312 0.552 0.892 0.562 0.642 0.652 0.000 0.232 0.072 0.181 0.251 0.421 0.000 2.278 0.000 0.000 0.000 0.000 0.000 0.000 0.000 0.000 0.000 0.000 0.195 0.018 0.000 0.000 1.320 0.125 0.000 0.000 0.000 0.391 0.741 0.201 0.171 1.151 0.421 0.161 0.581 0.681 0.361 0.191 0.012 0.962 0.892 0.872 0.000 0.000 0.851 0.321 1.061 0.521 0.861 0.671 0.501 1.261 0.361 0.981 0.000 1.153 1.113 0.953 0.000 0.093 0.014 0.002 0.573 0.643 0.000 0.133 0.005 0.053
0.741 1.461 0.131 0.322 0.222 0.582 0.000 0.572 0.882 0.152 0.052 0.362 0.341 0.401 0.261 0.000 1.758 0.000 0.088 0.218 0.088 0.000 0.000 0.000 0.000 0.000 0.000 0.000 0.211 0.742 0.972 0.123 0.273 0.283 0.000 0.392 0.902 0.071 0.121 1.251 0.071 0.991 0.201 1.211 0.601 0.351 0.462 0.732 0.182 0.052 1.052 0.992 0.722 0.032 0.481 0.821 0.371 0.941 1.231 0.701 0.571 0.951 0.000 0.923 1.123 1.143 0.000 0.793 1.273 0.523 0.843 1.043 0.053 0.813 0.683 0.973 0.313
0.000 0.000 0.000 1.362 0.000 0.382 0.000 0.582 0.742 0.312 0.492 0.442 0.262 0.461 0.131 0.000 2.598 0.248 0.329 0.269 0.349 0.005 0.000 0.021 0.026 0.040 0.000 0.000 0.000 0.000 0.203 0.293 0.000 0.000 0.000 0.922 0.812 0.092 0.512 0.382 0.642 0.981 0.161 0.131 0.241 0.482 0.312 0.362 0.572 0.302 0.682 0.412 0.322 0.972 0.232 0.611 0.641 1.611 0.652 0.962 1.042 0.142 1.153 1.073 1.173 0.000 1.013 1.093 0.993 1.173 1.143 0.753 0.953 1.083 1.153 1.063 0.943
1.141 0.000 0.031 1.372 0.642 0.372 0.202 0.562 0.182 0.422 0.542 0.292 0.532 0.282 0.031 0.000 2.388 0.478 0.339 0.229 0.419 0.005 0.000 0.000 0.000 0.073 0.037 0.273 0.223 0.553 0.383 0.493 0.000 0.262 0.822 0.992 0.352 0.472 0.832 0.382 0.000 1.422 0.012 0.282 0.082 0.072 0.892 1.472 0.892 0.102 0.102 0.432 0.682 0.582 0.432 0.282 0.552 0.492 0.532 0.272 0.783 1.183 1.053 0.843 0.833 0.913 1.283 0.973 1.143 1.003 0.353 0.000 0.983 1.083 1.123 1.193 1.213
1.441 1.491 1.311 0.002 0.881 0.232 0.322 0.642 0.000 0.412 0.342 0.382 1.042 0.172 0.000 0.000 2.218 0.000 0.332 0.041 0.243 0.000 0.103 0.000 0.002 0.051 0.032 0.353 1.123 0.443 0.052 0.000 0.000 0.822 1.032 0.992 0.132 0.992 1.042 0.262 1.242 1.272 1.422 0.352 0.412 1.122 0.002 0.642 1.262 0.802 0.222 0.792 0.272 0.000 0.652 0.553 0.683 0.273 0.433 1.203 1.173 1.043 0.000 0.763 0.893 1.143 0.843 0.953 0.993 1.263 1.033 0.002 1.193 1.093 1.153 1.133 1.203
1.481 0.060 1.571 0.000 0.721 0.000 0.512 0.582 0.562 0.322 0.342 0.312 0.282 0.562 0.000 0.000 2.008 0.000 0.406 0.177 0.277 0.000 0.293 0.126 0.938 0.288 0.169 0.012 0.099 0.000 0.189 0.000 0.004 0.932 0.872 0.172 1.172 1.212 1.252 0.042 1.252 0.322 1.032 0.132 1.062 0.332 1.142 0.052 1.052 1.392 0.862 0.202 0.892 0.972 0.013 0.453 0.713 0.523 1.273 1.213 1.333 0.000 0.643 0.853 0.933 0.993 1.053 1.033 1.093 1.173 1.163 0.553 0.000 1.083 1.153 1.373 1.113
0.000 0.085 1.511 0.751 0.501 0.011 0.591 0.000 0.262 0.602 0.632 0.322 0.252 0.312 0.042 0.000 0.000 0.000 0.438 0.309 0.401 0.402 0.099 0.396 0.648 0.438 0.000 0.000 1.221 1.131 0.991 0.681 0.000 0.902 0.861 0.112 1.272 1.452 0.242 1.062 0.392 1.352 0.322 0.722 1.122 0.282 0.432 1.152 0.005 1.172 0.253 0.613 0.163 0.103 0.133 1.243 0.933 0.873 0.743 1.193 0.000 0.593 0.903 1.103 1.163 1.033 1.063 1.083 1.173 1.203 1.163 1.183 1.303 1.053 0.983 1.093 1.123
0.000 1.388 0.000 0.911 0.801 0.761 1.041 0.000 0.542 0.252 0.272 0.392 0.551 0.441 0.000 0.214 0.000 0.438 0.488 0.499 0.391 0.200 0.340 0.514 0.199 0.089 0.510 1.281 1.451 1.191 1.161 1.111 0.000 0.282 0.242 1.342 1.262 1.102 0.322 1.152 0.822 0.982 0.092 1.302 1.092 1.042 0.242 0.392 1.593 1.492 0.643 0.993 0.453 0.893 0.763 0.903 1.183 0.873 0.493 0.923 0.043 0.773 1.143 1.013 0.973 1.083 1.173 1.043 1.123 1.253 1.303 1.223 0.463 0.993 0.673 1.133 1.163
0.488 0.618 0.158 0.000 0.000 0.000 0.000 0.418 0.005 0.282 0.402 0.462 0.091 0.531 0.000 0.000 0.000 0.040 0.062 0.002 0.483 0.084 0.300 0.132 0.000 0.002 1.531 1.461 1.391 1.211 1.161 1.261 0.000 0.000 0.132 0.202 0.462 0.112 0.542 0.362 1.002 0.372 0.212 0.412 0.472 1.312 0.442 0.112 0.123 0.223 0.193 0.613 0.793 0.663 0.943 0.993 0.863 0.883 0.693 0.943 0.573 0.733 1.103 1.073 0.983 1.263 1.133 1.133 1.123 1.123 1.133 1.043 0.103 0.943 1.053 1.133 1.093
