includes/camargue/floodfiles/results_R2_t1.562607662346E12/res-0002.wd
ncols         906
nrows         631
xllcorner     362177.146667
yllcorner     6534725.688020
cellsize      20.000000
NODATA_value  -9999.000000
[rows 544 to 577 of 631, columns 154 to 230 of 906]
7.952 8.263 8.574 8.885 8.994 9.080 9.166 9.222 9.194 9.167 9.140 9.112 9.085 9.187 9.432 9.678 9.923 10.169 10.414 10.660 10.744 10.753 10.625 10.406 10.186 9.967 9.747 9.528 9.309 9.089 8.870 8.802 8.806 8.807 8.808 8.808 8.809 8.810 8.811 8.812 8.813 8.814 8.789 8.752 8.717 8.683 8.648 8.613 8.578 8.543 8.509 8.474 8.439 8.404 8.385 8.459 8.532 8.605 8.678 8.751 8.825 8.898 8.971 9.044 9.123 9.202 9.239 9.230 9.221 9.212 9.203 9.193 9.184 9.175 9.230 9.305 9.381
7.806 8.117 8.428 8.708 8.794 8.879 8.965 9.051 9.125 9.098 9.070 9.043 9.015 9.190 9.436 9.681 9.927 10.172 10.418 10.663 10.909 10.978 10.760 10.541 10.321 10.102 9.883 9.641 9.375 9.109 8.843 8.739 8.750 8.752 8.754 8.756 8.757 8.759 8.761 8.763 8.764 8.766 8.716 8.667 8.641 8.615 8.589 8.563 8.536 8.510 8.484 8.458 8.432 8.406 8.404 8.471 8.538 8.606 8.673 8.740 8.807 8.875 8.942 9.009 9.076 9.117 9.108 9.099 9.089 9.080 9.071 9.062 9.053 9.044 9.117 9.193 9.269
7.660 7.971 8.282 8.508 8.593 8.679 8.765 8.851 8.937 9.023 9.001 8.974 8.948 9.194 9.439 9.685 9.930 10.176 10.421 10.667 10.784 10.873 10.635 10.368 10.102 9.836 9.570 9.303 9.037 8.771 8.505 8.621 8.708 8.709 8.711 8.713 8.714 8.716 8.718 8.720 8.721 8.707 8.620 8.538 8.512 8.486 8.459 8.433 8.407 8.381 8.355 8.329 8.302 8.270 8.228 8.268 8.335 8.403 8.470 8.537 8.604 8.671 8.739 8.806 8.873 8.940 8.976 8.967 8.958 8.949 8.940 8.931 8.922 8.928 9.004 9.080 9.156
7.513 7.825 8.136 8.307 8.393 8.479 8.565 8.651 8.737 8.822 8.908 8.904 8.952 9.197 9.443 9.688 9.846 9.937 10.028 10.118 10.209 10.296 10.296 10.030 9.764 9.498 9.232 8.965 8.699 8.433 8.374 8.503 8.632 8.666 8.668 8.670 8.671 8.673 8.675 8.677 8.679 8.610 8.523 8.436 8.382 8.356 8.330 8.304 8.278 8.251 8.225 8.199 8.173 8.131 8.089 8.065 8.132 8.200 8.267 8.334 8.401 8.468 8.535 8.603 8.669 8.736 8.803 8.836 8.827 8.818 8.809 8.799 8.790 8.816 8.892 8.968 9.044
7.367 7.678 7.989 8.107 8.193 8.279 8.365 8.451 8.536 8.622 8.708 8.794 8.908 8.999 9.089 9.180 9.271 9.362 9.453 9.543 9.633 9.718 9.803 9.692 9.426 9.160 8.893 8.627 8.361 8.127 8.256 8.385 8.514 8.623 8.625 8.627 8.629 8.630 8.632 8.634 8.601 8.514 8.427 8.339 8.253 8.227 8.201 8.174 8.148 8.122 8.096 8.070 8.033 7.992 7.950 7.908 7.929 7.996 8.064 8.131 8.198 8.265 8.332 8.399 8.466 8.533 8.600 8.667 8.695 8.686 8.677 8.668 8.659 8.703 8.779 8.855 8.931
7.221 7.532 7.821 7.907 7.993 8.079 8.165 8.250 8.336 8.422 8.453 8.460 8.431 8.424 8.514 8.605 8.696 8.787 8.878 8.968 9.056 9.141 9.226 9.311 9.088 8.822 8.555 8.289 8.023 8.009 8.138 8.267 8.396 8.524 8.582 8.584 8.586 8.588 8.589 8.591 8.505 8.417 8.330 8.243 8.155 8.097 8.071 8.045 8.019 7.993 7.967 7.936 7.894 7.852 7.811 7.769 7.727 7.793 7.860 7.928 7.995 8.062 8.129 8.196 8.263 8.330 8.397 8.463 8.530 8.555 8.546 8.537 8.528 8.591 8.666 8.742 8.818
7.075 7.386 7.621 7.707 7.793 7.878 7.964 8.050 8.057 8.064 8.071 8.079 8.048 7.994 7.940 8.030 8.121 8.212 8.302 8.393 8.478 8.563 8.648 8.733 8.750 8.483 8.217 7.951 7.762 7.891 8.020 8.148 8.277 8.406 8.535 8.541 8.543 8.545 8.546 8.495 8.408 8.321 8.233 8.146 8.059 7.972 7.942 7.916 7.889 7.863 7.837 7.797 7.755 7.713 7.672 7.630 7.588 7.590 7.657 7.724 7.792 7.859 7.926 7.993 8.060 8.127 8.193 8.260 8.327 8.394 8.415 8.406 8.402 8.478 8.554 8.630 8.706
6.929 7.240 7.421 7.507 7.592 7.654 7.661 7.669 7.676 7.683 7.690 7.697 7.665 7.611 7.557 7.502 7.546 7.637 7.727 7.816 7.901 7.986 8.071 8.156 8.241 8.145 7.879 7.613 7.644 7.772 7.901 8.030 8.159 8.288 8.417 8.498 8.500 8.502 8.486 8.399 8.311 8.224 8.137 8.049 7.962 7.875 7.813 7.786 7.760 7.734 7.700 7.658 7.616 7.574 7.532 7.491 7.449 7.407 7.454 7.521 7.589 7.656 7.723 7.790 7.857 7.923 7.990 8.057 8.124 8.190 8.257 8.274 8.289 8.365 8.441 8.517 8.549
6.980 7.094 7.221 7.259 7.266 7.273 7.280 7.287 7.295 7.302 7.309 7.316 7.282 7.227 7.173 7.119 7.065 7.062 7.152 7.239 7.324 7.409 7.494 7.578 7.663 7.748 7.541 7.397 7.525 7.654 7.783 7.912 8.041 8.170 8.299 8.428 8.457 8.459 8.389 8.302 8.215 8.127 8.040 7.953 7.866 7.778 7.691 7.657 7.631 7.602 7.560 7.519 7.477 7.435 7.393 7.352 7.310 7.268 7.251 7.318 7.385 7.453 7.519 7.586 7.653 7.720 7.787 7.854 7.920 7.987 8.054 8.121 8.177 8.171 8.159 8.148 8.137
6.916 6.924 6.870 6.877 6.885 6.892 6.899 6.906 6.913 6.921 6.928 6.935 6.898 6.844 6.790 6.736 6.682 6.628 6.588 6.663 6.746 6.831 6.916 7.001 7.086 7.171 7.203 7.279 7.407 7.536 7.665 7.794 7.923 8.052 8.181 8.310 8.414 8.380 8.293 8.205 8.118 8.031 7.944 7.856 7.769 7.682 7.594 7.528 7.501 7.463 7.421 7.380 7.338 7.296 7.254 7.212 7.171 7.129 7.087 7.115 7.182 7.249 7.316 7.383 7.450 7.517 7.584 7.650 7.717 7.772 7.799 7.827 7.787 7.759 7.748 7.736 7.725
6.694 6.690 6.640 6.569 6.503 6.511 6.518 6.525 6.532 6.539 6.547 6.554 6.515 6.461 6.407 6.353 6.299 6.288 6.303 6.363 6.438 6.514 6.590 6.665 6.741 6.816 6.859 6.958 7.099 7.239 7.380 7.521 7.661 7.802 7.943 8.084 8.221 8.193 8.125 8.056 7.988 7.920 7.847 7.760 7.672 7.585 7.498 7.411 7.366 7.324 7.282 7.240 7.199 7.157 7.115 7.073 7.031 6.990 6.948 6.912 6.979 7.046 7.113 7.180 7.247 7.314 7.355 7.382 7.409 7.437 7.464 7.491 7.432 7.365 7.336 7.324 7.313
6.460 6.457 6.418 6.348 6.277 6.207 6.137 6.144 6.151 6.158 6.165 6.173 6.132 6.078 6.024 5.979 5.993 6.007 6.021 6.063 6.138 6.214 6.289 6.365 6.440 6.494 6.516 6.561 6.702 6.842 6.983 7.124 7.265 7.405 7.546 7.687 7.754 7.781 7.713 7.645 7.576 7.508 7.440 7.372 7.304 7.236 7.167 7.106 7.113 7.091 7.069 7.047 7.024 7.002 6.976 6.934 6.892 6.851 6.809 6.767 6.776 6.843 6.910 6.937 6.965 6.992 7.019 7.046 7.074 7.101 7.129 7.146 7.078 7.010 6.942 6.912 6.901
6.226 6.223 6.196 6.126 6.056 5.985 5.915 5.845 5.774 5.777 5.784 5.791 5.749 5.695 5.683 5.697 5.711 5.725 5.740 5.763 5.838 5.913 5.989 6.065 6.128 6.150 6.173 6.196 6.305 6.445 6.586 6.727 6.868 7.008 7.149 7.244 7.288 7.332 7.301 7.233 7.165 7.096 7.028 6.960 6.892 6.824 6.756 6.757 6.778 6.761 6.739 6.717 6.694 6.672 6.650 6.628 6.606 6.584 6.561 6.539 6.535 6.547 6.574 6.602 6.629 6.656 6.684 6.711 6.739 6.766 6.793 6.792 6.724 6.656 6.588 6.520 6.489
5.993 5.989 5.975 5.904 5.834 5.764 5.694 5.623 5.553 5.483 5.412 5.410 5.373 5.387 5.402 5.416 5.430 5.444 5.458 5.473 5.538 5.613 5.689 5.762 5.785 5.807 5.830 5.853 5.908 6.049 6.189 6.330 6.471 6.612 6.734 6.778 6.821 6.865 6.889 6.821 6.753 6.685 6.617 6.548 6.480 6.412 6.387 6.408 6.429 6.431 6.409 6.387 6.365 6.343 6.320 6.298 6.276 6.254 6.232 6.225 6.248 6.242 6.239 6.266 6.294 6.321 6.348 6.376 6.403 6.431 6.458 6.437 6.369 6.301 6.233 6.165 6.098
5.759 5.756 5.752 5.683 5.612 5.542 5.472 5.402 5.331 5.261 5.191 5.151 5.125 5.106 5.120 5.135 5.149 5.163 5.177 5.191 5.237 5.313 5.388 5.419 5.442 5.464 5.487 5.510 5.533 5.652 5.792 5.933 6.074 6.215 6.267 6.311 6.355 6.399 6.442 6.409 6.341 6.273 6.205 6.137 6.068 6.018 6.038 6.059 6.080 6.101 6.079 6.057 6.035 6.013 5.991 5.968 5.946 5.924 5.912 5.936 5.960 5.958 5.950 5.940 5.958 5.986 6.013 6.040 6.068 6.095 6.122 6.083 6.015 5.947 5.879 5.811 5.743
5.525 5.522 5.518 5.461 5.391 5.321 5.250 5.180 5.110 5.039 5.014 5.010 4.991 4.958 4.926 4.893 4.867 4.881 4.896 4.910 4.937 5.013 5.053 5.076 5.099 5.122 5.144 5.167 5.190 5.255 5.396 5.536 5.677 5.757 5.801 5.845 5.888 5.932 5.976 5.997 5.929 5.861 5.793 5.725 5.656 5.669 5.689 5.710 5.731 5.752 5.749 5.727 5.705 5.683 5.661 5.638 5.616 5.600 5.624 5.647 5.671 5.675 5.666 5.657 5.647 5.650 5.678 5.705 5.732 5.760 5.787 5.729 5.661 5.593 5.525 5.457 5.389
5.292 5.288 5.284 5.240 5.169 5.099 5.029 4.958 4.888 4.877 4.873 4.869 4.856 4.823 4.791 4.758 4.726 4.693 4.661 4.629 4.643 4.688 4.710 4.733 4.756 4.779 4.801 4.824 4.846 4.869 4.999 5.140 5.247 5.291 5.335 5.378 5.422 5.466 5.510 5.553 5.517 5.449 5.381 5.313 5.299 5.320 5.340 5.361 5.382 5.403 5.420 5.397 5.375 5.353 5.331 5.308 5.288 5.311 5.335 5.359 5.382 5.391 5.382 5.373 5.364 5.355 5.345 5.370 5.397 5.424 5.442 5.375 5.307 5.239 5.171 5.103 5.035
5.058 5.054 5.050 5.018 4.948 4.877 4.807 4.745 4.741 4.737 4.732 4.728 4.721 4.688 4.656 4.623 4.591 4.559 4.526 4.494 4.477 4.464 4.440 4.416 4.413 4.436 4.458 4.481 4.504 4.526 4.602 4.737 4.781 4.825 4.868 4.912 4.956 5.000 5.043 5.087 5.106 5.037 4.969 4.929 4.950 4.971 4.991 5.012 5.033 5.054 5.074 5.068 5.045 5.023 5.001 4.979 4.999 5.023 5.047 5.070 5.094 5.107 5.098 5.089 5.080 5.071 5.062 5.052 5.061 5.089 5.088 5.020 4.952 4.884 4.817 4.752 4.735
4.824 4.820 4.817 4.796 4.726 4.656 4.609 4.604 4.600 4.596 4.592 4.587 4.583 4.553 4.521 4.489 4.456 4.424 4.391 4.378 4.381 4.376 4.352 4.329 4.305 4.281 4.258 4.234 4.210 4.186 4.206 4.271 4.315 4.358 4.402 4.446 4.489 4.533 4.577 4.620 4.664 4.625 4.559 4.580 4.601 4.622 4.642 4.663 4.684 4.705 4.725 4.738 4.715 4.693 4.671 4.687 4.711 4.734 4.758 4.782 4.805 4.824 4.814 4.805 4.796 4.787 4.778 4.769 4.759 4.754 4.734 4.671 4.654 4.637 4.620 4.603 4.586
4.590 4.587 4.583 4.575 4.504 4.472 4.468 4.464 4.459 4.455 4.451 4.447 4.442 4.419 4.386 4.354 4.322 4.289 4.278 4.281 4.285 4.288 4.264 4.241 4.217 4.193 4.170 4.146 4.122 4.098 4.081 4.075 4.075 4.075 4.075 4.075 4.075 4.075 4.110 4.154 4.198 4.214 4.211 4.231 4.252 4.273 4.293 4.314 4.335 4.356 4.376 4.397 4.385 4.363 4.375 4.398 4.422 4.446 4.469 4.493 4.517 4.540 4.530 4.521 4.512 4.503 4.494 4.485 4.476 4.517 4.538 4.521 4.504 4.487 4.470 4.453 4.436
4.464 4.424 4.383 4.346 4.335 4.331 4.327 4.323 4.318 4.314 4.310 4.306 4.302 4.284 4.252 4.219 4.187 4.179 4.182 4.185 4.189 4.192 4.177 4.153 4.129 4.105 4.082 4.058 4.034 4.017 4.002 3.991 3.991 3.991 3.991 3.991 3.991 3.991 3.991 3.991 3.991 4.002 4.002 3.993 3.985 3.976 3.967 3.965 3.986 4.007 4.027 4.048 4.056 4.062 4.086 4.110 4.133 4.157 4.181 4.204 4.228 4.252 4.247 4.237 4.228 4.219 4.210 4.231 4.296 4.362 4.375 4.372 4.355 4.338 4.321 4.304 4.287
4.356 4.315 4.275 4.276 4.259 4.228 4.197 4.182 4.178 4.174 4.169 4.165 4.161 4.149 4.117 4.084 4.080 4.083 4.086 4.089 4.092 4.096 4.088 4.065 4.041 4.018 3.994 3.970 3.953 3.938 3.924 3.910 3.907 3.907 3.907 3.907 3.907 3.907 3.907 3.907 3.911 3.936 3.954 3.945 3.936 3.927 3.919 3.910 3.902 3.893 3.884 3.875 3.872 3.835 3.797 3.821 3.845 3.868 3.892 3.916 3.939 3.963 3.963 3.953 3.944 3.946 4.011 4.076 4.142 4.207 4.211 4.209 4.205 4.188 4.171 4.155 4.138
4.248 4.207 4.210 4.219 4.214 4.182 4.151 4.120 4.089 4.058 4.029 4.024 4.020 4.015 3.982 3.980 3.984 3.987 3.990 3.993 3.996 4.000 4.001 3.977 3.953 3.930 3.906 3.888 3.874 3.860 3.845 3.831 3.823 3.823 3.823 3.823 3.823 3.823 3.823 3.823 3.845 3.869 3.894 3.896 3.888 3.879 3.870 3.861 3.853 3.844 3.836 3.829 3.833 3.815 3.772 3.728 3.684 3.641 3.603 3.627 3.651 3.674 3.679 3.670 3.726 3.791 3.857 3.922 3.987 4.050 4.048 4.046 4.044 4.039 4.022 4.005 3.988
4.141 4.145 4.153 4.162 4.168 4.136 4.105 4.074 4.043 4.012 3.981 3.950 3.919 3.888 3.881 3.884 3.888 3.891 3.894 3.897 3.900 3.904 3.907 3.889 3.865 3.842 3.824 3.809 3.795 3.781 3.767 3.753 3.739 3.739 3.739 3.739 3.739 3.739 3.739 3.753 3.778 3.803 3.828 3.848 3.839 3.830 3.822 3.813 3.804 3.796 3.787 3.789 3.794 3.796 3.752 3.709 3.665 3.621 3.578 3.534 3.490 3.447 3.440 3.506 3.571 3.637 3.702 3.767 3.833 3.887 3.885 3.883 3.881 3.879 3.872 3.856 3.839
4.080 4.088 4.096 4.105 4.113 4.090 4.059 4.028 3.997 3.966 3.935 3.904 3.873 3.845 3.827 3.818 3.808 3.799 3.798 3.801 3.804 3.807 3.810 3.801 3.777 3.759 3.745 3.731 3.716 3.702 3.688 3.674 3.660 3.655 3.655 3.655 3.655 3.655 3.662 3.687 3.712 3.737 3.762 3.787 3.791 3.782 3.773 3.765 3.756 3.747 3.746 3.750 3.754 3.759 3.733 3.689 3.646 3.602 3.558 3.514 3.471 3.433 3.410 3.409 3.416 3.482 3.547 3.612 3.678 3.723 3.721 3.719 3.717 3.716 3.714 3.706 3.689
4.023 4.031 4.039 4.048 4.056 4.044 4.013 3.982 3.951 3.920 3.889 3.858 3.830 3.802 3.780 3.770 3.761 3.751 3.742 3.732 3.723 3.713 3.714 3.713 3.695 3.680 3.666 3.652 3.638 3.624 3.610 3.595 3.581 3.571 3.571 3.571 3.571 3.571 3.596 3.621 3.646 3.671 3.696 3.721 3.742 3.734 3.725 3.716 3.708 3.702 3.706 3.711 3.715 3.719 3.713 3.670 3.626 3.582 3.539 3.495 3.455 3.428 3.400 3.396 3.395 3.395 3.395 3.458 3.523 3.560 3.558 3.556 3.554 3.552 3.550 3.548 3.540
3.966 3.974 3.982 3.991 3.999 3.998 3.967 3.936 3.905 3.874 3.843 3.815 3.787 3.759 3.732 3.723 3.713 3.704 3.694 3.685 3.675 3.666 3.656 3.638 3.619 3.601 3.587 3.573 3.559 3.545 3.531 3.516 3.502 3.488 3.487 3.487 3.487 3.505 3.530 3.555 3.579 3.604 3.630 3.654 3.679 3.685 3.677 3.668 3.659 3.663 3.667 3.671 3.675 3.680 3.684 3.650 3.607 3.563 3.519 3.477 3.450 3.422 3.394 3.383 3.382 3.382 3.381 3.381 3.381 3.397 3.398 3.406 3.414 3.422 3.430 3.438 3.454
3.909 3.917 3.925 3.934 3.942 3.951 3.921 3.890 3.859 3.828 3.800 3.772 3.744 3.716 3.688 3.675 3.666 3.656 3.646 3.637 3.628 3.618 3.598 3.575 3.555 3.536 3.517 3.499 3.480 3.466 3.452 3.438 3.424 3.410 3.403 3.403 3.414 3.439 3.464 3.488 3.513 3.538 3.563 3.588 3.613 3.637 3.628 3.619 3.619 3.623 3.628 3.632 3.636 3.641 3.645 3.631 3.587 3.544 3.500 3.471 3.444 3.416 3.389 3.369 3.369 3.368 3.368 3.368 3.358 3.338 3.347 3.355 3.363 3.371 3.379 3.387 3.415
3.852 3.860 3.869 3.877 3.885 3.894 3.875 3.844 3.813 3.785 3.757 3.729 3.702 3.674 3.646 3.628 3.618 3.609 3.599 3.589 3.580 3.558 3.534 3.511 3.490 3.471 3.453 3.435 3.416 3.397 3.379 3.360 3.345 3.331 3.319 3.322 3.347 3.372 3.397 3.422 3.447 3.472 3.497 3.522 3.547 3.572 3.580 3.575 3.580 3.584 3.588 3.593 3.597 3.601 3.606 3.610 3.568 3.524 3.493 3.466 3.438 3.411 3.383 3.356 3.356 3.355 3.355 3.347 3.321 3.296 3.295 3.303 3.311 3.319 3.327 3.349 3.377
3.795 3.803 3.812 3.820 3.828 3.837 3.829 3.798 3.770 3.742 3.714 3.686 3.659 3.631 3.603 3.580 3.570 3.561 3.552 3.541 3.518 3.494 3.471 3.448 3.426 3.407 3.389 3.370 3.351 3.333 3.315 3.296 3.277 3.259 3.240 3.261 3.286 3.311 3.335 3.360 3.385 3.410 3.434 3.459 3.484 3.509 3.532 3.536 3.540 3.545 3.549 3.553 3.558 3.562 3.566 3.571 3.548 3.515 3.487 3.460 3.433 3.405 3.378 3.350 3.342 3.342 3.336 3.310 3.285 3.259 3.244 3.252 3.260 3.268 3.282 3.310 3.338
3.783 3.784 3.785 3.785 3.786 3.787 3.784 3.755 3.727 3.700 3.672 3.644 3.616 3.588 3.560 3.532 3.523 3.513 3.501 3.477 3.454 3.431 3.408 3.384 3.362 3.343 3.324 3.306 3.287 3.269 3.250 3.232 3.213 3.208 3.210 3.245 3.272 3.297 3.322 3.346 3.371 3.396 3.420 3.445 3.470 3.495 3.507 3.508 3.511 3.515 3.518 3.521 3.525 3.528 3.532 3.535 3.534 3.508 3.482 3.454 3.427 3.400 3.372 3.345 3.329 3.325 3.300 3.274 3.248 3.223 3.197 3.201 3.208 3.216 3.243 3.271 3.299
3.777 3.777 3.778 3.779 3.780 3.781 3.760 3.729 3.696 3.664 3.632 3.601 3.573 3.545 3.517 3.489 3.475 3.460 3.437 3.414 3.391 3.367 3.344 3.321 3.298 3.279 3.260 3.242 3.223 3.204 3.186 3.173 3.176 3.178 3.184 3.221 3.258 3.283 3.308 3.333 3.357 3.382 3.407 3.431 3.456 3.480 3.481 3.481 3.484 3.487 3.490 3.494 3.497 3.500 3.504 3.507 3.507 3.492 3.466 3.441 3.415 3.390 3.364 3.338 3.315 3.289 3.263 3.238 3.212 3.186 3.160 3.149 3.157 3.176 3.204 3.232 3.260
3.770 3.771 3.772 3.773 3.773 3.759 3.734 3.706 3.674 3.642 3.610 3.578 3.546 3.513 3.481 3.449 3.420 3.397 3.374 3.351 3.327 3.304 3.281 3.258 3.234 3.214 3.196 3.177 3.159 3.140 3.142 3.144 3.146 3.148 3.159 3.196 3.233 3.269 3.294 3.319 3.343 3.368 3.393 3.417 3.442 3.454 3.455 3.455 3.456 3.459 3.462 3.466 3.469 3.473 3.476 3.477 3.477 3.475 3.449 3.424 3.398 3.373 3.347 3.321 3.307 3.278 3.244 3.209 3.175 3.150 3.124 3.098 3.110 3.137 3.166 3.193 3.221
3.764 3.765 3.766 3.766 3.759 3.734 3.709 3.684 3.652 3.620 3.588 3.555 3.523 3.491 3.459 3.398 3.335 3.319 3.302 3.286 3.264 3.241 3.218 3.194 3.171 3.150 3.131 3.113 3.107 3.110 3.112 3.114 3.116 3.118 3.134 3.171 3.209 3.246 3.280 3.305 3.329 3.354 3.379 3.403 3.428 3.428 3.429 3.429 3.430 3.431 3.435 3.438 3.441 3.445 3.448 3.447 3.447 3.446 3.432 3.407 3.381 3.356 3.330 3.309 3.299 3.280 3.245 3.211 3.177 3.143 3.108 3.074 3.072 3.099 3.127 3.155 3.182
