includes/camargue/floodfiles/results_R2_t1.562607662346E12/res-0011.wd
ncols         906
nrows         631
xllcorner     362177.146667
yllcorner     6534725.688020
cellsize      20.000000
NODATA_value  -9999.000000
[rows 544 to 577 of 631, columns 308 to 384 of 906]
3.294 3.196 3.097 2.999 2.887 2.718 2.549 2.380 2.211 2.042 1.873 1.703 1.534 1.365 1.196 1.027 0.858 0.689 0.519 0.622 0.743 0.865 0.986 1.108 1.229 1.350 1.472 1.593 1.715 1.836 1.958 2.079 2.201 2.286 2.221 2.156 2.091 1.863 1.626 1.389 1.152 0.915 0.678 0.441 0.204 0.005 0.003 0.003 0.006 0.006 0.006 0.005 0.005 0.005 0.005 0.004 0.004 0.004 0.004 0.004 0.004 0.005 0.006 0.006 0.006 0.006 0.006 0.006 0.007 0.007 0.007 0.007 0.007 0.008 0.007 0.006 0.005
3.344 3.246 3.147 3.049 2.950 2.784 2.615 2.446 2.277 2.108 1.939 1.770 1.601 1.432 1.263 1.093 0.924 0.755 0.573 0.562 0.736 0.910 1.083 1.257 1.431 1.560 1.681 1.803 1.924 2.046 2.167 2.289 2.410 2.532 2.500 2.436 2.235 1.998 1.761 1.524 1.287 1.050 0.813 0.576 0.339 0.102 0.004 0.003 0.005 0.006 0.006 0.005 0.005 0.005 0.005 0.004 0.004 0.004 0.004 0.004 0.004 0.005 0.006 0.006 0.006 0.007 0.007 0.007 0.007 0.007 0.006 0.006 0.007 0.008 0.009 0.006 0.005
3.394 3.296 3.197 3.099 3.001 2.850 2.681 2.512 2.343 2.174 2.005 1.836 1.667 1.498 1.329 1.160 0.991 0.811 0.625 0.469 0.642 0.816 0.990 1.164 1.337 1.511 1.685 1.859 2.033 2.206 2.377 2.498 2.620 2.741 2.780 2.607 2.370 2.133 1.896 1.659 1.422 1.185 0.948 0.711 0.474 0.237 0.006 0.003 0.004 0.006 0.006 0.006 0.006 0.005 0.005 0.004 0.004 0.004 0.004 0.005 0.005 0.005 0.006 0.006 0.007 0.007 0.007 0.007 0.007 0.006 0.005 0.006 0.007 0.008 0.010 0.006 0.005
3.445 3.346 3.248 3.149 3.051 2.917 2.748 2.579 2.410 2.241 2.072 1.903 1.734 1.564 1.395 1.226 1.049 0.864 0.678 0.493 0.549 0.723 0.896 1.070 1.244 1.418 1.592 1.765 1.939 2.113 2.287 2.461 2.635 2.809 2.950 2.730 2.505 2.268 2.031 1.794 1.557 1.320 1.083 0.846 0.609 0.372 0.135 0.004 0.003 0.006 0.006 0.006 0.005 0.005 0.005 0.005 0.004 0.005 0.005 0.005 0.005 0.005 0.006 0.007 0.007 0.007 0.007 0.007 0.006 0.005 0.006 0.006 0.007 0.009 0.010 0.006 0.005
3.495 3.396 3.298 3.199 3.101 2.983 2.814 2.645 2.476 2.307 2.138 1.969 1.800 1.631 1.462 1.287 1.102 0.916 0.731 0.545 0.456 0.629 0.803 0.977 1.150 1.324 1.498 1.672 1.846 2.020 2.193 2.367 2.541 2.708 2.849 2.767 2.547 2.327 2.108 1.888 1.668 1.449 1.218 0.981 0.744 0.507 0.270 0.024 0.003 0.005 0.006 0.006 0.005 0.005 0.005 0.005 0.005 0.005 0.005 0.005 0.005 0.005 0.006 0.007 0.007 0.007 0.007 0.006 0.005 0.005 0.006 0.007 0.008 0.009 0.010 0.007 0.005
3.545 3.446 3.348 3.250 3.151 3.050 2.881 2.712 2.543 2.373 2.204 2.035 1.866 1.697 1.525 1.340 1.155 0.969 0.783 0.598 0.412 0.536 0.710 0.883 1.057 1.231 1.405 1.578 1.752 1.926 2.100 2.274 2.448 2.589 2.731 2.804 2.584 2.364 2.145 1.925 1.705 1.486 1.266 1.046 0.826 0.607 0.387 0.167 0.004 0.004 0.006 0.006 0.005 0.005 0.005 0.005 0.005 0.005 0.005 0.005 0.005 0.005 0.006 0.007 0.007 0.007 0.006 0.005 0.005 0.005 0.006 0.007 0.008 0.009 0.010 0.009 0.005
3.595 3.497 3.398 3.300 3.201 3.103 2.947 2.778 2.609 2.440 2.271 2.102 1.933 1.764 1.578 1.393 1.207 1.022 0.836 0.651 0.465 0.442 0.616 0.790 0.964 1.137 1.311 1.485 1.659 1.833 2.007 2.180 2.329 2.471 2.612 2.753 2.621 2.401 2.182 1.962 1.742 1.522 1.303 1.083 0.863 0.644 0.424 0.204 0.005 0.003 0.006 0.006 0.005 0.005 0.005 0.005 0.005 0.005 0.005 0.005 0.005 0.005 0.006 0.007 0.007 0.006 0.005 0.005 0.005 0.006 0.006 0.007 0.008 0.009 0.010 0.011 0.005
3.645 3.547 3.448 3.350 3.251 3.153 3.013 2.844 2.675 2.506 2.337 2.168 1.999 1.816 1.631 1.445 1.260 1.074 0.889 0.703 0.518 0.349 0.523 0.696 0.870 1.044 1.218 1.392 1.565 1.739 1.913 2.070 2.211 2.352 2.494 2.635 2.658 2.438 2.219 1.999 1.779 1.559 1.340 1.120 0.900 0.680 0.461 0.241 0.065 0.004 0.005 0.006 0.005 0.005 0.005 0.005 0.005 0.005 0.005 0.005 0.005 0.005 0.005 0.006 0.006 0.005 0.005 0.005 0.006 0.006 0.006 0.007 0.008 0.009 0.010 0.011 0.006
3.695 3.597 3.498 3.400 3.301 3.203 3.080 2.911 2.742 2.573 2.404 2.235 2.054 1.869 1.683 1.498 1.313 1.127 0.942 0.756 0.570 0.385 0.429 0.603 0.777 0.951 1.124 1.298 1.472 1.646 1.810 1.951 2.092 2.234 2.375 2.516 2.658 2.475 2.256 2.036 1.816 1.596 1.377 1.157 0.937 0.717 0.497 0.301 0.156 0.007 0.004 0.005 0.005 0.005 0.005 0.005 0.005 0.006 0.006 0.006 0.006 0.005 0.005 0.006 0.005 0.005 0.005 0.005 0.006 0.006 0.007 0.007 0.008 0.009 0.010 0.011 0.008
3.745 3.647 3.549 3.450 3.352 3.253 3.146 2.977 2.808 2.639 2.470 2.292 2.107 1.921 1.736 1.551 1.365 1.180 0.994 0.809 0.623 0.438 0.336 0.510 0.683 0.857 1.031 1.205 1.379 1.550 1.691 1.833 1.974 2.115 2.257 2.398 2.539 2.512 2.293 2.073 1.853 1.633 1.414 1.194 0.974 0.754 0.537 0.393 0.249 0.104 0.004 0.005 0.005 0.006 0.006 0.006 0.006 0.006 0.006 0.006 0.006 0.006 0.007 0.007 0.008 0.007 0.006 0.006 0.006 0.006 0.007 0.008 0.008 0.009 0.010 0.011 0.011
3.796 3.697 3.599 3.500 3.402 3.303 3.205 3.044 2.875 2.706 2.530 2.345 2.159 1.974 1.789 1.603 1.418 1.232 1.047 0.862 0.676 0.490 0.305 0.416 0.590 0.764 0.938 1.111 1.285 1.431 1.573 1.714 1.855 1.997 2.138 2.279 2.421 2.549 2.329 2.110 1.890 1.670 1.451 1.231 1.011 0.791 0.629 0.485 0.341 0.196 0.052 0.005 0.005 0.006 0.006 0.006 0.006 0.006 0.006 0.006 0.007 0.007 0.006 0.000 0.007 0.013 0.020 0.015 0.011 0.009 0.008 0.008 0.009 0.009 0.010 0.011 0.012
3.617 3.632 3.646 3.550 3.452 3.353 3.255 3.110 2.941 2.768 2.583 2.398 2.212 2.027 1.841 1.656 1.471 1.285 1.100 0.914 0.729 0.543 0.358 0.323 0.497 0.670 0.844 1.018 1.172 1.313 1.454 1.596 1.737 1.878 2.020 2.161 2.302 2.444 2.366 2.147 1.927 1.707 1.488 1.268 1.048 0.866 0.721 0.577 0.433 0.288 0.144 0.019 0.006 0.006 0.006 0.006 0.006 0.006 0.007 0.007 0.008 0.006 0.000 0.000 0.000 0.000 0.004 0.014 0.022 0.027 0.021 0.015 0.012 0.012 0.012 0.013 0.014
3.426 3.441 3.455 3.470 3.484 3.404 3.305 3.176 3.006 2.821 2.636 2.450 2.265 2.079 1.894 1.709 1.523 1.338 1.152 0.967 0.782 0.596 0.411 0.230 0.403 0.577 0.751 0.912 1.053 1.194 1.336 1.477 1.618 1.760 1.901 2.042 2.184 2.325 2.404 2.184 1.964 1.744 1.525 1.305 1.102 0.958 0.813 0.669 0.525 0.380 0.236 0.090 0.051 0.022 0.007 0.007 0.007 0.007 0.008 0.009 0.006 0.000 0.000 0.000 0.000 0.000 0.000 0.000 0.001 0.011 0.022 0.031 0.035 0.028 0.022 0.019 0.020
3.236 3.250 3.265 3.279 3.294 3.308 3.322 3.243 3.059 2.874 2.688 2.503 2.317 2.132 1.947 1.761 1.576 1.391 1.205 1.020 0.834 0.649 0.463 0.278 0.310 0.484 0.652 0.794 0.935 1.076 1.217 1.359 1.500 1.641 1.783 1.924 2.065 2.207 2.348 2.221 2.001 1.781 1.562 1.342 1.194 1.050 0.906 0.761 0.617 0.473 0.328 0.183 0.099 0.077 0.054 0.028 0.010 0.009 0.011 0.006 0.000 0.000 0.000 0.000 0.000 0.000 0.000 0.000 0.000 0.000 0.001 0.008 0.020 0.032 0.043 0.046 0.040
3.045 3.059 3.074 3.088 3.103 3.117 3.159 3.227 3.118 2.931 2.745 2.558 2.372 2.186 1.999 1.814 1.629 1.443 1.258 1.072 0.887 0.702 0.516 0.331 0.217 0.391 0.534 0.675 0.816 0.958 1.099 1.240 1.382 1.523 1.664 1.806 1.947 2.088 2.230 2.258 2.038 1.818 1.599 1.430 1.286 1.142 0.998 0.853 0.709 0.565 0.420 0.275 0.146 0.125 0.103 0.080 0.057 0.027 0.006 0.000 0.000 0.000 0.000 0.000 0.000 0.000 0.000 0.000 0.000 0.000 0.000 0.000 0.001 0.008 0.019 0.032 0.043
2.854 2.869 2.883 2.898 2.927 3.001 3.075 3.138 3.180 2.994 2.807 2.621 2.434 2.248 2.062 1.875 1.689 1.503 1.316 1.130 0.943 0.757 0.571 0.384 0.198 0.274 0.416 0.557 0.698 0.839 0.981 1.122 1.263 1.405 1.546 1.687 1.829 1.970 2.111 2.252 2.075 1.855 1.667 1.522 1.378 1.234 1.090 0.945 0.801 0.657 0.512 0.367 0.222 0.172 0.150 0.128 0.103 0.021 0.000 0.000 0.000 0.000 0.000 0.000 0.000 0.000 0.000 0.000 0.000 0.000 0.000 0.000 0.000 0.000 0.000 0.007 0.015
2.664 2.678 2.696 2.770 2.843 2.917 2.991 3.050 3.105 3.056 2.870 2.683 2.497 2.311 2.124 1.938 1.751 1.565 1.379 1.192 1.006 0.820 0.633 0.447 0.337 0.374 0.481 0.588 0.695 0.802 0.909 1.016 1.145 1.286 1.428 1.569 1.710 1.851 1.993 2.134 2.112 1.903 1.759 1.614 1.470 1.326 1.182 1.037 0.893 0.749 0.604 0.459 0.314 0.219 0.197 0.167 0.097 0.011 0.000 0.000 0.000 0.000 0.000 0.000 0.000 0.000 0.000 0.000 0.000 0.000 0.000 0.000 0.000 0.000 0.000 0.000 0.010
2.473 2.538 2.612 2.686 2.759 2.833 2.907 2.962 3.016 3.071 2.932 2.746 2.559 2.373 2.187 2.000 1.814 1.628 1.441 1.255 1.069 0.882 0.696 0.529 0.529 0.529 0.624 0.731 0.838 0.945 1.052 1.159 1.267 1.374 1.481 1.588 1.695 1.802 1.909 2.016 2.149 1.995 1.851 1.707 1.562 1.418 1.274 1.129 0.985 0.841 0.696 0.552 0.407 0.266 0.230 0.161 0.091 0.006 0.000 0.000 0.000 0.000 0.000 0.000 0.000 0.000 0.000 0.000 0.000 0.000 0.000 0.000 0.000 0.000 0.000 0.000 0.007
2.380 2.454 2.528 2.602 2.676 2.750 2.818 2.873 2.928 2.983 2.994 2.808 2.622 2.435 2.249 2.063 1.876 1.690 1.504 1.317 1.131 0.945 0.759 0.721 0.721 0.721 0.768 0.875 0.982 1.089 1.196 1.303 1.410 1.517 1.624 1.731 1.838 1.945 2.052 2.159 2.117 1.969 1.828 1.688 1.548 1.407 1.267 1.127 0.986 0.846 0.705 0.564 0.424 0.282 0.223 0.155 0.086 0.003 0.000 0.000 0.000 0.000 0.000 0.000 0.000 0.000 0.000 0.000 0.000 0.000 0.000 0.000 0.000 0.000 0.000 0.000 0.005
2.296 2.370 2.444 2.518 2.592 2.666 2.730 2.785 2.839 2.894 2.949 2.871 2.684 2.498 2.312 2.125 1.939 1.753 1.566 1.380 1.194 1.008 0.913 0.913 0.913 0.913 0.913 1.019 1.126 1.233 1.340 1.447 1.554 1.661 1.768 1.875 1.982 2.089 2.196 2.232 2.077 1.923 1.780 1.639 1.499 1.358 1.218 1.078 0.937 0.797 0.656 0.515 0.375 0.253 0.196 0.138 0.080 0.002 0.000 0.000 0.000 0.000 0.000 0.000 0.000 0.000 0.000 0.000 0.000 0.000 0.000 0.000 0.000 0.000 0.000 0.000 0.011
2.212 2.286 2.360 2.434 2.508 2.582 2.642 2.696 2.751 2.806 2.861 2.915 2.747 2.560 2.374 2.188 2.001 1.815 1.629 1.443 1.256 1.105 1.105 1.105 1.105 1.105 1.105 1.162 1.269 1.376 1.483 1.590 1.697 1.804 1.911 2.018 2.125 2.232 2.339 2.192 2.037 1.883 1.731 1.590 1.450 1.309 1.169 1.029 0.888 0.748 0.607 0.467 0.326 0.226 0.168 0.111 0.052 0.000 0.000 0.000 0.000 0.000 0.000 0.000 0.000 0.000 0.000 0.000 0.000 0.000 0.000 0.000 0.000 0.000 0.000 0.000 0.043
2.128 2.202 2.276 2.350 2.424 2.498 2.553 2.608 2.663 2.718 2.772 2.827 2.809 2.623 2.437 2.250 2.064 1.878 1.691 1.505 1.319 1.297 1.297 1.297 1.297 1.297 1.297 1.306 1.413 1.520 1.626 1.734 1.841 1.948 2.055 2.162 2.269 2.376 2.307 2.152 1.997 1.842 1.688 1.541 1.401 1.261 1.120 0.980 0.839 0.699 0.558 0.418 0.277 0.198 0.141 0.082 0.012 0.000 0.000 0.000 0.000 0.000 0.000 0.000 0.000 0.000 0.000 0.000 0.000 0.000 0.000 0.000 0.000 0.000 0.000 0.001 0.067
2.045 2.119 2.192 2.266 2.340 2.410 2.465 2.520 2.574 2.629 2.684 2.739 2.793 2.685 2.499 2.313 2.126 1.940 1.754 1.568 1.489 1.489 1.489 1.489 1.489 1.489 1.489 1.489 1.556 1.663 1.770 1.877 1.984 2.091 2.198 2.305 2.412 2.421 2.267 2.112 1.957 1.802 1.648 1.493 1.352 1.212 1.071 0.931 0.790 0.650 0.509 0.369 0.228 0.170 0.112 0.053 0.000 0.000 0.000 0.000 0.000 0.000 0.000 0.000 0.000 0.000 0.000 0.000 0.000 0.000 0.000 0.000 0.000 0.000 0.000 0.012 0.088
1.961 2.035 2.109 2.182 2.256 2.322 2.376 2.431 2.486 2.541 2.596 2.650 2.705 2.748 2.562 2.375 2.189 2.003 1.817 1.681 1.681 1.681 1.681 1.681 1.681 1.681 1.681 1.680 1.700 1.806 1.913 2.021 2.128 2.235 2.342 2.449 2.536 2.381 2.226 2.072 1.917 1.762 1.608 1.453 1.303 1.163 1.022 0.882 0.741 0.601 0.460 0.320 0.200 0.142 0.084 0.014 0.000 0.000 0.000 0.000 0.000 0.000 0.000 0.000 0.000 0.000 0.000 0.000 0.000 0.000 0.000 0.000 0.000 0.000 0.000 0.048 0.110
1.877 1.951 2.025 2.099 2.172 2.233 2.288 2.343 2.398 2.452 2.507 2.562 2.617 2.672 2.624 2.438 2.252 2.065 1.879 1.873 1.873 1.873 1.873 1.873 1.873 1.873 1.872 1.872 1.872 1.950 2.057 2.164 2.271 2.378 2.485 2.592 2.496 2.341 2.186 2.032 1.877 1.722 1.568 1.413 1.258 1.114 0.974 0.833 0.693 0.552 0.412 0.271 0.172 0.114 0.055 0.000 0.000 0.000 0.000 0.000 0.000 0.000 0.000 0.000 0.000 0.000 0.000 0.000 0.000 0.000 0.000 0.000 0.000 0.000 0.001 0.071 0.131
1.793 1.867 1.941 2.015 2.089 2.145 2.200 2.254 2.309 2.364 2.419 2.474 2.529 2.583 2.638 2.500 2.314 2.128 2.064 2.065 2.065 2.065 2.065 2.065 2.065 2.064 2.064 2.064 2.064 2.093 2.200 2.307 2.414 2.521 2.628 2.611 2.456 2.301 2.146 1.992 1.837 1.682 1.528 1.373 1.218 1.065 0.925 0.784 0.644 0.503 0.363 0.221 0.144 0.086 0.016 0.000 0.000 0.000 0.000 0.000 0.000 0.000 0.000 0.000 0.000 0.000 0.000 0.000 0.000 0.000 0.000 0.000 0.000 0.000 0.019 0.092 0.153
1.795 1.814 1.857 1.931 2.002 2.056 2.111 2.166 2.221 2.276 2.331 2.385 2.440 2.495 2.550 2.563 2.377 2.256 2.256 2.256 2.257 2.256 2.256 2.256 2.256 2.256 2.256 2.256 2.256 2.256 2.344 2.451 2.558 2.665 2.725 2.570 2.416 2.261 2.106 1.952 1.797 1.642 1.488 1.333 1.178 1.024 0.876 0.735 0.595 0.454 0.314 0.174 0.116 0.057 0.000 0.000 0.000 0.000 0.000 0.000 0.000 0.000 0.000 0.000 0.000 0.002 0.000 0.000 0.000 0.000 0.000 0.000 0.000 0.000 0.052 0.114 0.174
1.816 1.835 1.853 1.872 1.913 1.968 2.023 2.078 2.133 2.187 2.242 2.297 2.352 2.407 2.462 2.517 2.448 2.448 2.448 2.448 2.448 2.448 2.448 2.448 2.448 2.448 2.448 2.448 2.448 2.448 2.487 2.594 2.701 2.808 2.685 2.530 2.376 2.221 2.066 1.912 1.757 1.602 1.448 1.293 1.138 0.984 0.829 0.687 0.546 0.406 0.265 0.146 0.088 0.018 0.000 0.000 0.000 0.000 0.000 0.000 0.000 0.000 0.000 0.074 0.168 0.261 0.249 0.203 0.156 0.110 0.062 0.005 0.000 0.004 0.075 0.135 0.195
1.837 1.856 1.874 1.871 1.837 1.891 1.946 2.000 2.055 2.109 2.164 2.218 2.273 2.327 2.382 2.437 2.597 2.610 2.624 2.637 2.640 2.640 2.640 2.640 2.640 2.640 2.640 2.640 2.640 2.640 2.639 2.738 2.845 2.800 2.645 2.490 2.336 2.181 2.026 1.872 1.717 1.562 1.408 1.253 1.098 0.944 0.789 0.638 0.497 0.357 0.216 0.119 0.059 0.000 0.000 0.000 0.000 0.000 0.000 0.000 0.044 0.138 0.231 0.324 0.417 0.510 0.510 0.464 0.418 0.371 0.325 0.278 0.232 0.186 0.139 0.156 0.216
1.857 1.876 1.872 1.832 1.792 1.816 1.870 1.925 1.979 2.034 2.088 2.143 2.197 2.252 2.307 2.441 2.655 2.727 2.740 2.753 2.766 2.779 2.792 2.805 2.818 2.831 2.832 2.832 2.832 2.831 2.831 2.881 2.914 2.760 2.605 2.450 2.296 2.141 1.986 1.832 1.677 1.523 1.368 1.213 1.059 0.904 0.749 0.595 0.449 0.308 0.167 0.092 0.023 0.000 0.000 0.000 0.000 0.003 0.106 0.200 0.294 0.387 0.480 0.573 0.666 0.759 0.771 0.725 0.678 0.632 0.586 0.539 0.493 0.447 0.400 0.354 0.307
1.878 1.872 1.832 1.792 1.753 1.740 1.794 1.849 1.904 1.958 2.013 2.067 2.122 2.176 2.268 2.482 2.696 2.843 2.856 2.869 2.882 2.895 2.908 2.921 2.934 2.947 2.960 2.973 2.986 2.999 3.012 3.025 2.874 2.720 2.565 2.410 2.256 2.101 1.946 1.792 1.637 1.483 1.328 1.173 1.019 0.864 0.709 0.555 0.400 0.260 0.122 0.066 0.005 0.000 0.000 0.077 0.170 0.263 0.356 0.449 0.543 0.636 0.729 0.822 0.915 1.009 1.032 0.986 0.939 0.893 0.847 0.800 0.754 0.708 0.661 0.615 0.569
1.872 1.833 1.793 1.753 1.713 1.673 1.719 1.773 1.828 1.883 1.937 1.992 2.046 2.101 2.310 2.524 2.738 2.951 2.972 2.986 2.999 3.012 3.025 3.038 3.051 3.064 3.077 3.090 3.103 3.116 3.128 3.019 2.870 2.711 2.551 2.391 2.231 2.072 1.912 1.752 1.597 1.443 1.288 1.134 0.979 0.824 0.670 0.515 0.361 0.212 0.097 0.046 0.037 0.138 0.232 0.325 0.419 0.512 0.605 0.699 0.792 0.885 0.978 1.072 1.165 1.258 1.293 1.247 1.200 1.154 1.108 1.061 1.015 0.969 0.922 0.876 0.829
1.833 1.793 1.753 1.714 1.674 1.634 1.643 1.698 1.752 1.807 1.862 1.916 1.971 2.138 2.351 2.565 2.779 2.993 3.089 3.102 3.115 3.128 3.141 3.154 3.167 3.180 3.193 3.206 3.219 3.232 3.128 3.009 2.873 2.713 2.553 2.394 2.234 2.074 1.914 1.754 1.595 1.435 1.275 1.116 0.956 0.796 0.637 0.477 0.321 0.168 0.096 0.199 0.294 0.388 0.481 0.575 0.668 0.761 0.855 0.948 1.041 1.134 1.228 1.321 1.414 1.507 1.554 1.508 1.461 1.415 1.369 1.322 1.276 1.229 1.183 1.137 1.090
1.794 1.754 1.714 1.674 1.634 1.595 1.568 1.622 1.677 1.731 1.786 1.841 1.965 2.179 2.393 2.607 2.820 3.034 3.205 3.218 3.231 3.244 3.257 3.270 3.283 3.296 3.309 3.322 3.335 3.237 3.118 3.000 2.875 2.715 2.556 2.396 2.236 2.076 1.917 1.757 1.597 1.438 1.278 1.118 0.959 0.799 0.640 0.480 0.321 0.181 0.218 0.433 0.543 0.637 0.730 0.824 0.917 1.011 1.104 1.197 1.290 1.384 1.477 1.570 1.663 1.756 1.815 1.769 1.722 1.676 1.629 1.583 1.537 1.490 1.444 1.398 1.351
