includes/camargue/floodfiles/results_R2_t1.562607662346E12/res-0014.wd
ncols         906
nrows         631
xllcorner     362177.146667
yllcorner     6534725.688020
cellsize      20.000000
NODATA_value  -9999.000000
[rows 442 to 475 of 631, columns 0 to 76 of 906]
5.964 5.948 6.014 6.091 6.168 6.245 6.321 6.398 6.475 6.552 6.554 6.519 6.483 6.448 6.449 6.460 6.471 6.482 6.493 6.542 6.594 6.646 6.697 6.749 6.801 6.853 6.766 6.637 6.528 6.419 6.310 6.201 6.074 5.946 5.818 5.691 5.576 5.504 5.433 5.360 5.288 5.216 5.143 5.070 4.998 4.917 4.802 4.686 4.571 4.456 4.341 4.334 4.482 4.630 4.777 4.816 4.850 4.885 4.920 4.954 4.989 5.024 5.067 5.142 5.109 4.829 4.533 4.236 3.940 3.644 3.347 3.051 2.754 2.501 2.321 1.445 1.335
5.988 6.005 6.054 6.119 6.196 6.272 6.349 6.426 6.503 6.579 6.552 6.517 6.482 6.447 6.412 6.410 6.421 6.432 6.450 6.501 6.553 6.605 6.657 6.709 6.761 6.813 6.865 6.802 6.683 6.555 6.428 6.300 6.172 6.045 5.917 5.789 5.687 5.616 5.545 5.473 5.401 5.328 5.256 5.183 5.111 5.021 4.906 4.791 4.675 4.560 4.445 4.330 4.287 4.435 4.567 4.602 4.637 4.671 4.706 4.753 4.828 4.903 4.977 5.052 4.996 4.902 4.664 4.367 4.071 3.775 3.478 3.182 2.885 2.640 2.460 2.280 1.425
6.014 6.063 6.111 6.159 6.223 6.300 6.377 6.454 6.530 6.586 6.551 6.516 6.480 6.445 6.410 6.375 6.370 6.381 6.409 6.461 6.513 6.565 6.617 6.669 6.711 6.729 6.748 6.815 6.781 6.654 6.526 6.398 6.271 6.143 6.015 5.887 5.798 5.727 5.656 5.585 5.514 5.441 5.369 5.296 5.223 5.125 5.010 4.895 4.780 4.664 4.549 4.434 4.319 4.240 4.354 4.388 4.440 4.514 4.589 4.663 4.738 4.813 4.887 4.962 4.883 4.788 4.694 4.499 4.202 3.906 3.609 3.313 3.016 2.780 2.600 2.419 2.239
6.071 6.120 6.168 6.217 6.265 6.328 6.405 6.482 6.558 6.585 6.549 6.514 6.479 6.444 6.408 6.373 6.338 6.331 6.369 6.421 6.469 6.487 6.506 6.524 6.542 6.561 6.579 6.667 6.768 6.752 6.624 6.497 6.369 6.241 6.113 5.985 5.910 5.838 5.767 5.696 5.625 5.554 5.481 5.409 5.336 5.230 5.114 4.999 4.884 4.769 4.654 4.538 4.423 4.320 4.200 4.275 4.350 4.424 4.499 4.573 4.648 4.722 4.797 4.864 4.770 4.675 4.581 4.487 4.333 4.037 3.740 3.444 3.147 2.920 2.739 2.559 2.379
6.129 6.177 6.226 6.274 6.323 6.371 6.433 6.509 6.586 6.583 6.548 6.513 6.477 6.442 6.407 6.372 6.336 6.308 6.264 6.282 6.300 6.319 6.337 6.355 6.374 6.392 6.418 6.519 6.620 6.721 6.723 6.595 6.467 6.339 6.212 6.092 6.021 5.950 5.879 5.808 5.737 5.666 5.594 5.522 5.449 5.334 5.219 5.103 4.988 4.876 4.779 4.681 4.584 4.486 4.357 4.214 4.259 4.334 4.408 4.483 4.558 4.632 4.707 4.751 4.656 4.562 4.468 4.374 4.279 4.168 3.871 3.575 3.278 3.059 2.879 2.699 2.519
6.186 6.235 6.283 6.332 6.380 6.428 6.477 6.537 6.614 6.582 6.546 6.511 6.476 6.447 6.420 6.392 6.364 6.316 6.176 6.113 6.132 6.150 6.168 6.187 6.205 6.223 6.270 6.371 6.472 6.573 6.674 6.693 6.566 6.438 6.310 6.204 6.132 6.061 5.990 5.919 5.848 5.777 5.706 5.635 5.553 5.438 5.335 5.238 5.140 5.043 4.946 4.848 4.750 4.653 4.514 4.371 4.228 4.244 4.318 4.393 4.467 4.542 4.617 4.637 4.543 4.449 4.355 4.260 4.166 4.072 3.978 3.706 3.409 3.199 3.019 2.838 2.658
6.244 6.292 6.341 6.389 6.438 6.486 6.534 6.583 6.615 6.587 6.559 6.531 6.503 6.476 6.448 6.420 6.393 6.315 6.175 6.035 5.963 5.981 5.999 6.018 6.036 6.054 6.122 6.223 6.324 6.425 6.526 6.627 6.664 6.536 6.408 6.315 6.244 6.173 6.102 6.031 5.960 5.888 5.823 5.770 5.697 5.599 5.502 5.404 5.307 5.210 5.112 5.015 4.917 4.815 4.672 4.528 4.385 4.242 4.228 4.303 4.377 4.452 4.527 4.524 4.430 4.336 4.242 4.147 4.053 3.959 3.864 3.770 3.540 3.339 3.158 2.960 2.749
6.301 6.350 6.398 6.447 6.495 6.527 6.551 6.575 6.603 6.615 6.587 6.559 6.532 6.504 6.476 6.449 6.421 6.314 6.174 6.034 5.894 5.812 5.831 5.849 5.867 5.886 5.973 6.074 6.176 6.277 6.378 6.479 6.580 6.635 6.507 6.426 6.355 6.284 6.216 6.163 6.110 6.057 6.004 5.951 5.866 5.767 5.668 5.571 5.474 5.376 5.279 5.181 5.084 4.972 4.829 4.686 4.542 4.399 4.256 4.212 4.287 4.362 4.437 4.411 4.317 4.223 4.128 4.034 3.940 3.845 3.751 3.657 3.612 3.416 3.205 2.994 2.783
6.359 6.395 6.419 6.443 6.467 6.492 6.516 6.540 6.569 6.600 6.615 6.588 6.560 6.532 6.505 6.477 6.449 6.313 6.173 6.033 5.893 5.753 5.662 5.681 5.699 5.724 5.825 5.926 6.027 6.128 6.230 6.331 6.432 6.533 6.609 6.555 6.502 6.449 6.396 6.343 6.290 6.237 6.184 6.131 6.035 5.936 5.836 5.738 5.640 5.543 5.446 5.348 5.250 5.129 4.986 4.843 4.700 4.556 4.413 4.270 4.197 4.272 4.347 4.298 4.204 4.109 4.015 3.921 3.827 3.781 3.743 3.705 3.667 3.461 3.239 3.028 2.817
6.335 6.359 6.384 6.408 6.432 6.456 6.481 6.505 6.536 6.566 6.597 6.616 6.588 6.561 6.533 6.505 6.453 6.312 6.172 6.032 5.892 5.752 5.612 5.512 5.530 5.576 5.677 5.778 5.879 5.980 6.082 6.208 6.337 6.466 6.601 6.735 6.682 6.629 6.576 6.523 6.470 6.417 6.364 6.304 6.204 6.105 6.005 5.906 5.807 5.710 5.612 5.515 5.417 5.287 5.143 5.000 4.857 4.714 4.570 4.427 4.284 4.182 4.256 4.185 4.090 3.996 3.951 3.913 3.875 3.837 3.799 3.761 3.723 3.511 3.288 3.065 2.851
6.300 6.324 6.348 6.373 6.397 6.421 6.446 6.471 6.502 6.533 6.564 6.594 6.616 6.589 6.561 6.533 6.452 6.312 6.171 6.031 5.891 5.751 5.611 5.471 5.361 5.428 5.529 5.654 5.784 5.913 6.043 6.172 6.301 6.431 6.570 6.717 6.862 6.809 6.757 6.704 6.651 6.598 6.544 6.473 6.374 6.274 6.174 6.075 5.975 5.877 5.779 5.681 5.584 5.444 5.300 5.157 5.014 4.871 4.727 4.584 4.441 4.298 4.166 4.121 4.083 4.045 4.007 3.969 3.931 3.893 3.855 3.817 3.779 3.560 3.337 3.115 2.892
6.295 6.289 6.313 6.338 6.362 6.386 6.410 6.438 6.468 6.499 6.530 6.561 6.591 6.617 6.589 6.561 6.451 6.310 6.170 6.030 5.890 5.750 5.610 5.477 5.345 5.360 5.489 5.619 5.748 5.878 6.007 6.136 6.266 6.395 6.539 6.687 6.834 6.981 6.937 6.884 6.831 6.778 6.725 6.642 6.543 6.443 6.344 6.244 6.144 6.045 5.946 5.848 5.744 5.601 5.458 5.315 5.171 5.028 4.885 4.722 4.555 4.387 4.244 4.180 4.139 4.101 4.063 4.025 3.987 3.949 3.911 3.873 3.833 3.610 3.387 3.164 2.941
6.295 6.287 6.279 6.302 6.327 6.351 6.375 6.404 6.435 6.466 6.496 6.527 6.558 6.588 6.617 6.589 6.450 6.310 6.170 6.037 5.905 5.773 5.641 5.508 5.394 5.418 5.454 5.583 5.713 5.842 5.972 6.101 6.230 6.361 6.509 6.656 6.803 6.950 7.097 7.064 7.011 6.958 6.905 6.811 6.712 6.612 6.513 6.413 6.314 6.214 6.114 6.015 5.901 5.758 5.615 5.454 5.286 5.119 4.951 4.784 4.617 4.449 4.330 4.266 4.202 4.157 4.119 4.081 4.043 4.005 3.967 3.929 3.883 3.660 3.437 3.214 2.991
6.295 6.287 6.279 6.271 6.292 6.316 6.340 6.371 6.401 6.432 6.463 6.493 6.524 6.555 6.586 6.597 6.465 6.333 6.201 6.069 5.937 5.804 5.672 5.540 5.468 5.492 5.516 5.548 5.677 5.807 5.936 6.065 6.195 6.331 6.478 6.625 6.772 6.919 7.066 7.213 7.191 7.138 7.080 6.981 6.881 6.781 6.682 6.582 6.483 6.383 6.283 6.159 6.018 5.850 5.683 5.516 5.348 5.181 5.013 4.846 4.679 4.511 4.417 4.352 4.289 4.225 4.175 4.137 4.098 4.060 4.022 3.984 3.933 3.709 3.486 3.263 3.041
6.295 6.287 6.279 6.271 6.263 6.281 6.307 6.337 6.368 6.399 6.429 6.477 6.525 6.573 6.621 6.593 6.495 6.365 6.233 6.100 5.968 5.836 5.704 5.572 5.541 5.566 5.590 5.614 5.642 5.771 5.901 6.030 6.159 6.300 6.447 6.594 6.741 6.888 7.035 7.182 7.329 7.319 7.249 7.150 7.050 6.951 6.851 6.721 6.589 6.458 6.327 6.195 6.056 5.912 5.745 5.578 5.410 5.243 5.075 4.908 4.741 4.573 4.503 4.439 4.375 4.311 4.247 4.192 4.154 4.116 4.078 4.040 3.982 3.759 3.536 3.313 3.090
6.295 6.287 6.279 6.271 6.263 6.255 6.273 6.321 6.369 6.417 6.465 6.513 6.561 6.609 6.657 6.589 6.491 6.393 6.264 6.132 6.000 5.868 5.735 5.603 5.615 5.639 5.664 5.688 5.713 5.737 5.865 5.994 6.124 6.268 6.415 6.563 6.710 6.857 7.004 7.151 7.298 7.445 7.413 7.282 7.151 7.020 6.888 6.757 6.626 6.495 6.363 6.231 6.091 5.950 5.807 5.640 5.472 5.305 5.137 4.970 4.803 4.653 4.589 4.525 4.461 4.397 4.333 4.269 4.210 4.172 4.134 4.096 4.032 3.809 3.586 3.363 3.140
6.295 6.287 6.279 6.277 6.282 6.287 6.313 6.356 6.404 6.452 6.500 6.548 6.596 6.644 6.683 6.585 6.487 6.389 6.292 6.164 6.031 5.899 5.767 5.664 5.689 5.713 5.737 5.762 5.786 5.810 5.835 5.959 6.090 6.237 6.384 6.531 6.679 6.826 6.978 7.137 7.295 7.454 7.428 7.319 7.188 7.056 6.925 6.794 6.663 6.531 6.400 6.265 6.125 5.984 5.843 5.702 5.534 5.367 5.199 5.032 4.864 4.739 4.675 4.611 4.547 4.483 4.419 4.355 4.291 4.228 4.190 4.152 4.081 3.858 3.635 3.412 3.217
6.306 6.311 6.316 6.321 6.326 6.331 6.364 6.397 6.439 6.487 6.535 6.583 6.631 6.679 6.679 6.581 6.483 6.386 6.288 6.190 6.063 5.931 5.799 5.738 5.762 5.787 5.811 5.835 5.860 5.884 5.908 5.933 6.059 6.206 6.362 6.521 6.679 6.838 6.997 7.155 7.314 7.442 7.387 7.332 7.224 7.093 6.962 6.831 6.699 6.568 6.437 6.300 6.159 6.018 5.877 5.737 5.596 5.429 5.261 5.094 4.926 4.825 4.762 4.698 4.633 4.569 4.505 4.441 4.377 4.313 4.249 4.207 4.131 3.908 3.695 3.504 3.313
6.350 6.355 6.360 6.365 6.370 6.382 6.415 6.448 6.481 6.522 6.570 6.618 6.666 6.714 6.675 6.577 6.480 6.382 6.284 6.186 6.089 5.963 5.831 5.812 5.836 5.860 5.885 5.909 5.933 5.952 5.932 5.911 6.055 6.222 6.380 6.539 6.698 6.856 7.015 7.174 7.332 7.402 7.346 7.291 7.236 7.130 6.998 6.867 6.736 6.605 6.474 6.334 6.193 6.052 5.912 5.771 5.630 5.490 5.323 5.156 4.988 4.912 4.848 4.784 4.720 4.656 4.592 4.528 4.464 4.399 4.336 4.272 4.181 3.981 3.790 3.599 3.408
6.394 6.399 6.404 6.409 6.414 6.433 6.466 6.499 6.532 6.565 6.605 6.653 6.701 6.749 6.671 6.573 6.476 6.378 6.280 6.182 6.085 5.987 5.862 5.885 5.910 5.911 5.891 5.870 5.849 5.828 5.807 5.787 6.002 6.231 6.399 6.558 6.716 6.875 7.033 7.192 7.351 7.361 7.306 7.250 7.195 7.140 7.035 6.904 6.773 6.642 6.509 6.368 6.227 6.087 5.946 5.805 5.664 5.524 5.383 5.218 5.062 4.998 4.934 4.870 4.806 4.742 4.678 4.614 4.550 4.482 4.414 4.346 4.536 4.290 3.959 3.694 3.504
6.438 6.443 6.448 6.453 6.458 6.484 6.517 6.550 6.583 6.616 6.649 6.689 6.737 6.765 6.667 6.569 6.472 6.374 6.276 6.178 6.081 5.997 5.888 5.829 5.808 5.787 5.766 5.745 5.725 5.704 5.683 5.719 5.949 6.178 6.408 6.576 6.735 6.893 7.052 7.210 7.369 7.320 7.265 7.210 7.154 7.099 7.044 6.941 6.809 6.678 6.543 6.402 6.261 6.121 5.980 5.839 5.699 5.558 5.417 5.276 5.148 5.084 5.020 4.952 4.885 4.817 4.749 4.681 4.614 4.546 4.478 4.415 4.818 4.993 4.662 4.331 4.000
6.482 6.487 6.492 6.497 6.503 6.534 6.568 6.601 6.634 6.667 6.700 6.733 6.772 6.761 6.663 6.565 6.473 6.391 6.308 6.226 6.144 6.062 5.924 5.744 5.684 5.663 5.642 5.621 5.600 5.579 5.559 5.666 5.895 6.125 6.354 6.584 6.753 6.912 7.070 7.229 7.335 7.279 7.224 7.169 7.114 7.058 7.003 6.947 6.846 6.715 6.577 6.436 6.296 6.155 6.014 5.873 5.733 5.599 5.473 5.348 5.223 5.152 5.084 5.017 4.949 4.881 4.813 4.746 4.678 4.610 4.542 4.696 5.099 5.501 5.365 5.034 4.703
6.337 6.501 6.536 6.542 6.552 6.585 6.619 6.652 6.685 6.718 6.751 6.784 6.810 6.785 6.702 6.620 6.538 6.455 6.373 6.291 6.208 6.126 5.960 5.780 5.599 5.538 5.518 5.497 5.476 5.455 5.435 5.612 5.842 6.071 6.301 6.530 6.760 6.930 7.088 7.247 7.294 7.239 7.183 7.128 7.073 7.017 6.962 6.907 6.851 6.752 6.611 6.471 6.339 6.213 6.088 5.962 5.837 5.711 5.586 5.460 5.337 5.216 5.149 5.081 5.013 4.945 4.878 4.810 4.742 4.674 4.607 4.977 5.380 5.783 6.068 5.737 5.406
6.192 6.356 6.520 6.586 6.603 6.636 6.669 6.702 6.725 6.748 6.772 6.795 6.818 6.805 6.767 6.685 6.602 6.520 6.438 6.355 6.273 6.177 5.996 5.815 5.635 5.454 5.393 5.373 5.352 5.331 5.330 5.559 5.789 6.018 6.247 6.477 6.706 6.936 7.107 7.265 7.253 7.198 7.143 7.087 7.032 6.977 6.921 6.884 6.861 6.818 6.702 6.577 6.451 6.326 6.200 6.075 5.949 5.824 5.699 5.574 5.450 5.327 5.213 5.145 5.077 5.009 4.942 4.874 4.806 4.738 4.856 5.259 5.661 6.064 6.467 6.440 6.109
6.047 6.211 6.375 6.539 6.640 6.664 6.687 6.710 6.733 6.757 6.780 6.803 6.816 6.802 6.788 6.749 6.667 6.585 6.502 6.420 6.338 6.213 6.032 5.852 5.671 5.490 5.309 5.248 5.228 5.207 5.276 5.506 5.735 5.965 6.194 6.423 6.653 6.882 7.112 7.268 7.212 7.157 7.116 7.092 7.069 7.045 7.021 6.998 6.974 6.907 6.806 6.690 6.564 6.439 6.313 6.188 6.062 5.937 5.811 5.687 5.564 5.440 5.317 5.209 5.141 5.074 5.006 4.938 4.870 4.803 5.137 5.540 5.943 6.345 6.748 7.143 6.812
5.902 6.066 6.231 6.395 6.571 6.672 6.695 6.719 6.742 6.765 6.789 6.812 6.813 6.799 6.785 6.771 6.732 6.649 6.567 6.485 6.403 6.249 6.069 5.888 5.707 5.526 5.345 5.165 5.103 5.083 5.223 5.452 5.682 5.911 6.141 6.370 6.599 6.825 7.040 7.255 7.276 7.253 7.229 7.205 7.182 7.158 7.134 7.110 7.087 6.996 6.896 6.795 6.677 6.551 6.426 6.300 6.175 6.050 5.924 5.801 5.677 5.554 5.430 5.307 5.205 5.138 5.070 5.002 4.935 5.016 5.419 5.821 6.224 6.626 7.029 7.432 7.515
5.758 5.923 6.087 6.255 6.431 6.608 6.704 6.727 6.750 6.774 6.797 6.820 6.811 6.796 6.782 6.768 6.754 6.714 6.632 6.550 6.466 6.285 6.105 5.924 5.743 5.562 5.382 5.201 5.020 4.958 5.170 5.399 5.627 5.842 6.057 6.272 6.487 6.701 6.916 7.133 7.350 7.366 7.342 7.318 7.295 7.271 7.247 7.224 7.187 7.086 6.985 6.884 6.783 6.664 6.539 6.413 6.288 6.162 6.038 5.914 5.791 5.667 5.544 5.420 5.297 5.202 5.134 5.066 4.999 5.297 5.700 6.102 6.505 6.908 7.310 7.713 8.116
5.614 5.779 5.943 6.115 6.291 6.468 6.644 6.735 6.759 6.782 6.805 6.822 6.808 6.793 6.779 6.765 6.751 6.737 6.697 6.614 6.502 6.321 6.141 5.960 5.779 5.598 5.418 5.237 5.078 4.936 5.074 5.289 5.504 5.719 5.933 6.148 6.363 6.578 6.793 7.010 7.227 7.445 7.455 7.431 7.408 7.384 7.360 7.337 7.276 7.175 7.074 6.973 6.872 6.771 6.651 6.526 6.401 6.275 6.151 6.027 5.904 5.780 5.657 5.534 5.410 5.287 5.198 5.131 5.176 5.578 5.981 6.384 6.786 7.189 7.592 7.994 8.397
5.471 5.635 5.799 5.975 6.152 6.328 6.504 6.681 6.767 6.790 6.814 6.819 6.805 6.791 6.777 6.762 6.748 6.734 6.720 6.679 6.538 6.357 6.177 6.015 5.859 5.703 5.547 5.391 5.235 5.112 5.020 5.165 5.380 5.595 5.810 6.025 6.240 6.455 6.670 6.887 7.105 7.322 7.539 7.544 7.521 7.497 7.473 7.450 7.365 7.264 7.163 7.062 6.961 6.860 6.760 6.639 6.513 6.388 6.264 6.141 6.017 5.894 5.771 5.647 5.524 5.400 5.277 5.195 5.457 5.860 6.262 6.665 7.068 7.470 7.873 8.276 8.678
5.327 5.491 5.659 5.835 6.012 6.188 6.364 6.541 6.717 6.799 6.822 6.816 6.802 6.788 6.774 6.760 6.745 6.731 6.721 6.711 6.640 6.484 6.328 6.172 6.016 5.860 5.704 5.548 5.392 5.289 5.197 5.105 5.257 5.472 5.687 5.901 6.116 6.331 6.547 6.765 6.982 7.199 7.416 7.634 7.634 7.610 7.586 7.555 7.454 7.353 7.253 7.152 7.051 6.950 6.849 6.748 6.626 6.501 6.378 6.254 6.131 6.007 5.884 5.760 5.637 5.513 5.387 5.290 5.659 6.065 6.470 6.876 7.281 7.687 8.092 8.498 8.903
5.183 5.347 5.519 5.695 5.872 6.048 6.224 6.401 6.577 6.753 6.828 6.814 6.800 6.790 6.780 6.771 6.762 6.753 6.744 6.733 6.718 6.641 6.485 6.329 6.173 6.017 5.861 5.705 5.558 5.466 5.374 5.282 5.190 5.348 5.563 5.778 5.993 6.208 6.425 6.642 6.859 7.077 7.294 7.511 7.729 7.723 7.699 7.644 7.544 7.443 7.342 7.241 7.140 7.039 6.938 6.837 6.736 6.615 6.489 6.362 6.234 6.107 5.980 5.852 5.725 5.597 5.470 5.454 5.572 5.977 6.383 6.788 7.194 7.599 8.005 8.410 8.816
5.039 5.203 5.379 5.555 5.732 5.908 6.084 6.261 6.439 6.617 6.789 6.831 6.822 6.813 6.803 6.794 6.785 6.776 6.767 6.754 6.740 6.725 6.642 6.486 6.330 6.174 6.018 5.862 5.735 5.643 5.551 5.459 5.367 5.275 5.440 5.655 5.869 6.085 6.302 6.519 6.737 6.954 7.171 7.388 7.606 7.823 7.812 7.734 7.633 7.532 7.431 7.330 7.228 7.125 7.021 6.918 6.815 6.700 6.572 6.445 6.317 6.190 6.062 5.935 5.807 5.680 5.552 5.619 5.692 5.889 6.295 6.700 7.106 7.511 7.917 8.323 8.728
4.974 5.063 5.241 5.419 5.597 5.775 5.953 6.131 6.309 6.487 6.653 6.815 6.845 6.836 6.826 6.817 6.808 6.799 6.789 6.776 6.761 6.746 6.732 6.643 6.487 6.331 6.175 6.019 5.911 5.819 5.727 5.635 5.543 5.451 5.359 5.531 5.746 5.962 6.179 6.397 6.614 6.831 7.048 7.266 7.483 7.700 7.919 7.820 7.717 7.614 7.510 7.407 7.304 7.201 7.097 6.994 6.886 6.771 6.655 6.527 6.400 6.272 6.145 6.017 5.890 5.762 5.711 5.784 5.857 5.929 6.207 6.613 7.018 7.424 7.829 8.235 8.616
4.897 4.980 5.111 5.289 5.467 5.645 5.823 6.001 6.179 6.356 6.518 6.679 6.841 6.859 6.849 6.840 6.831 6.822 6.811 6.797 6.782 6.767 6.753 6.738 6.644 6.488 6.332 6.180 6.088 5.996 5.904 5.812 5.720 5.628 5.536 5.444 5.623 5.839 6.057 6.274 6.491 6.720 6.962 7.205 7.447 7.689 7.861 7.896 7.793 7.689 7.586 7.483 7.380 7.277 7.173 7.070 6.958 6.843 6.728 6.610 6.483 6.355 6.228 6.100 5.973 5.845 5.876 5.949 6.021 6.094 6.166 6.525 6.930 7.336 7.742 8.147 8.101
