includes/camargue/floodfiles/results_R2_t1.562607662346E12/res-0011.wd
ncols         906
nrows         631
xllcorner     362177.146667
yllcorner     6534725.688020
cellsize      20.000000
NODATA_value  -9999.000000
[rows 510 to 543 of 631, columns 308 to 384 of 906]
0.005 0.005 0.006 0.005 0.002 0.002 0.002 0.003 0.003 0.004 0.005 0.006 0.006 0.007 0.007 0.006 0.000 0.014 0.005 0.046 0.011 0.018 0.011 0.335 0.075 0.005 0.000 0.000 0.000 0.003 0.000 0.001 0.012 0.000 0.003 0.004 0.037 0.000 0.000 0.000 0.047 0.002 0.000 0.000 0.061 0.000 0.130 0.000 0.070 0.040 0.050 0.000 0.000 0.012 0.022 0.000 0.044 0.002 0.055 0.002 0.000 0.051 0.000 0.004 0.000 0.000 0.002 0.000 0.000 0.004 0.008 0.004 0.057 0.004 0.000 0.045 0.000
0.003 0.004 0.005 0.005 0.003 0.003 0.004 0.004 0.004 0.005 0.006 0.006 0.007 0.007 0.007 0.006 0.007 0.009 0.000 0.000 0.000 0.078 0.002 0.015 0.085 0.075 0.095 0.000 0.130 0.012 0.072 0.022 0.000 0.000 0.123 0.103 0.000 0.000 0.000 0.000 0.027 0.037 0.000 0.000 0.000 0.081 0.000 0.003 0.003 0.000 0.002 0.000 0.041 0.000 0.000 0.001 0.001 0.001 0.000 0.003 0.043 0.000 0.240 0.002 0.000 0.000 0.002 0.000 0.000 0.004 0.000 0.000 0.000 0.058 0.000 0.003 0.000
0.003 0.003 0.003 0.004 0.004 0.004 0.004 0.005 0.005 0.006 0.006 0.007 0.007 0.007 0.007 0.007 0.007 0.008 0.000 0.011 0.000 0.000 0.000 0.000 0.025 0.000 0.000 0.000 0.090 0.000 0.112 0.000 0.000 0.091 0.010 0.000 0.000 0.086 0.066 0.056 0.016 0.005 0.002 0.034 0.000 0.000 0.000 0.005 0.004 0.000 0.000 0.000 0.000 0.001 0.001 0.000 0.000 0.338 0.000 0.006 0.000 0.361 0.001 0.009 0.006 0.000 0.000 0.000 0.000 0.002 0.000 0.000 0.000 0.003 0.002 0.001 0.000
0.003 0.003 0.003 0.003 0.003 0.003 0.004 0.004 0.005 0.006 0.006 0.007 0.007 0.007 0.006 0.006 0.005 0.000 0.000 0.000 0.000 0.000 0.011 0.000 0.085 0.000 0.017 0.007 0.006 0.000 0.000 0.035 0.002 0.006 0.000 0.020 0.000 0.006 0.000 0.000 0.430 0.009 0.097 0.014 0.012 0.386 0.000 0.003 0.360 0.000 0.000 0.000 0.000 0.402 0.001 0.013 0.000 0.378 0.005 0.003 0.000 0.000 0.000 0.000 0.010 0.006 0.000 0.001 0.000 0.008 0.009 0.003 0.009 0.346 0.000 0.000 0.001
0.003 0.003 0.003 0.003 0.003 0.003 0.004 0.004 0.004 0.004 0.004 0.005 0.005 0.005 0.005 0.004 0.003 0.000 0.000 0.000 0.002 0.022 0.000 0.000 0.000 0.081 0.000 0.043 0.000 0.041 0.000 0.386 0.055 0.397 0.095 0.010 0.000 0.000 0.061 0.000 0.000 0.000 0.047 0.000 0.000 0.423 0.004 0.012 0.000 0.000 0.000 0.011 0.000 0.000 0.001 0.417 0.000 0.417 0.000 0.000 0.001 0.000 0.000 0.000 0.000 0.006 0.000 0.001 0.000 0.008 0.000 0.000 0.381 0.000 0.000 0.002 0.000
0.003 0.003 0.003 0.003 0.003 0.003 0.004 0.004 0.004 0.004 0.004 0.004 0.004 0.004 0.003 0.003 0.001 0.000 0.000 0.000 0.000 0.000 0.042 0.022 0.000 0.000 0.000 0.023 0.062 0.011 0.061 0.000 0.075 0.429 0.000 0.044 0.000 0.000 0.041 0.000 0.031 0.000 0.000 0.414 0.421 0.000 0.001 0.010 0.006 0.003 0.002 0.000 0.000 0.000 0.001 0.000 0.003 0.001 0.003 0.000 0.001 0.000 0.000 0.001 0.003 0.005 0.002 0.004 0.006 0.011 0.001 0.000 0.000 0.000 0.000 0.002 0.000
0.003 0.003 0.003 0.003 0.003 0.003 0.004 0.004 0.004 0.004 0.004 0.004 0.004 0.004 0.003 0.002 0.001 0.000 0.000 0.000 0.000 0.397 0.000 0.000 0.061 0.000 0.063 0.053 0.012 0.051 0.422 0.071 0.000 0.462 0.000 0.004 0.000 0.000 0.000 0.000 0.000 0.000 0.444 0.000 0.000 0.003 0.010 0.015 0.011 0.011 0.008 0.000 0.000 0.000 0.001 0.000 0.003 0.000 0.003 0.001 0.001 0.001 0.001 0.002 0.003 0.005 0.003 0.004 0.005 0.000 0.002 0.000 0.000 0.001 0.001 0.002 0.002
0.003 0.003 0.003 0.003 0.003 0.003 0.003 0.004 0.004 0.004 0.004 0.004 0.004 0.003 0.003 0.002 0.001 0.000 0.000 0.000 0.001 0.000 0.001 0.000 0.000 0.000 0.053 0.440 0.012 0.449 0.454 0.004 0.458 0.000 0.000 0.014 0.008 0.005 0.005 0.005 0.002 0.001 0.000 0.460 0.000 0.000 0.048 0.000 0.011 0.000 0.007 0.004 0.002 0.001 0.001 0.001 0.003 0.001 0.002 0.002 0.002 0.002 0.002 0.003 0.004 0.005 0.004 0.005 0.004 0.000 0.001 0.001 0.000 0.001 0.001 0.002 0.002
0.007 0.004 0.004 0.003 0.003 0.003 0.003 0.004 0.004 0.004 0.004 0.004 0.003 0.003 0.002 0.001 0.001 0.000 0.000 0.000 0.000 0.000 0.000 0.000 0.032 0.001 0.033 0.000 0.000 0.000 0.000 0.009 0.000 0.001 0.000 0.000 0.006 0.006 0.000 0.000 0.002 0.003 0.002 0.000 0.000 0.000 0.000 0.000 0.008 0.005 0.006 0.005 0.003 0.002 0.002 0.001 0.003 0.002 0.002 0.002 0.002 0.002 0.002 0.003 0.004 0.005 0.004 0.005 0.003 0.001 0.001 0.000 0.001 0.001 0.002 0.002 0.002
0.174 0.087 0.006 0.004 0.003 0.004 0.004 0.004 0.004 0.004 0.004 0.004 0.003 0.003 0.002 0.001 0.000 0.000 0.000 0.000 0.000 0.000 0.000 0.000 0.032 0.000 0.000 0.071 0.000 0.000 0.003 0.007 0.003 0.002 0.002 0.001 0.005 0.006 0.003 0.000 0.002 0.000 0.002 0.001 0.000 0.000 0.000 0.000 0.007 0.006 0.006 0.005 0.004 0.003 0.002 0.002 0.003 0.002 0.003 0.003 0.002 0.002 0.003 0.003 0.004 0.005 0.005 0.005 0.003 0.001 0.001 0.000 0.001 0.002 0.002 0.002 0.002
0.335 0.248 0.160 0.031 0.004 0.004 0.004 0.004 0.004 0.004 0.004 0.003 0.003 0.002 0.001 0.000 0.000 0.000 0.000 0.000 0.000 0.000 0.000 0.000 0.000 0.000 0.041 0.000 0.000 0.001 0.004 0.006 0.005 0.006 0.000 0.002 0.006 0.008 0.005 0.001 0.002 0.001 0.002 0.003 0.002 0.001 0.000 0.000 0.006 0.006 0.006 0.005 0.005 0.004 0.003 0.002 0.003 0.003 0.003 0.003 0.003 0.003 0.003 0.004 0.004 0.005 0.005 0.004 0.003 0.002 0.001 0.001 0.002 0.002 0.002 0.002 0.002
0.497 0.410 0.311 0.190 0.068 0.004 0.004 0.004 0.003 0.004 0.004 0.003 0.003 0.002 0.001 0.001 0.000 0.000 0.000 0.000 0.000 0.000 0.000 0.000 0.000 0.000 0.000 0.000 0.000 0.002 0.005 0.008 0.012 0.000 0.001 0.003 0.005 0.000 0.006 0.001 0.002 0.001 0.002 0.000 0.001 0.001 0.000 0.001 0.005 0.005 0.006 0.006 0.005 0.005 0.004 0.003 0.003 0.004 0.003 0.003 0.003 0.003 0.004 0.004 0.004 0.005 0.005 0.004 0.003 0.002 0.002 0.002 0.002 0.002 0.002 0.002 0.002
0.659 0.572 0.462 0.341 0.220 0.098 0.005 0.003 0.003 0.003 0.003 0.003 0.002 0.002 0.001 0.000 0.001 0.000 0.000 0.000 0.000 0.000 0.000 0.000 0.000 0.000 0.000 0.000 0.001 0.003 0.005 0.007 0.000 0.000 0.002 0.004 0.005 0.003 0.004 0.000 0.001 0.002 0.002 0.001 0.001 0.001 0.001 0.000 0.004 0.005 0.006 0.006 0.005 0.005 0.004 0.004 0.004 0.004 0.003 0.003 0.003 0.003 0.004 0.004 0.005 0.005 0.005 0.004 0.003 0.002 0.002 0.002 0.002 0.002 0.002 0.002 0.002
0.821 0.733 0.613 0.492 0.371 0.250 0.129 0.006 0.003 0.003 0.003 0.003 0.002 0.001 0.000 0.001 0.000 0.001 0.000 0.000 0.000 0.000 0.000 0.000 0.000 0.000 0.000 0.000 0.002 0.003 0.005 0.006 0.003 0.001 0.002 0.004 0.005 0.003 0.003 0.001 0.001 0.001 0.002 0.002 0.001 0.001 0.001 0.001 0.003 0.005 0.006 0.006 0.006 0.006 0.006 0.006 0.004 0.004 0.004 0.003 0.003 0.004 0.004 0.004 0.005 0.005 0.005 0.004 0.003 0.002 0.002 0.002 0.002 0.002 0.002 0.002 0.002
0.982 0.886 0.765 0.644 0.522 0.401 0.280 0.159 0.028 0.003 0.002 0.002 0.002 0.001 0.000 0.000 0.000 0.000 0.001 0.000 0.000 0.000 0.000 0.000 0.000 0.000 0.000 0.001 0.002 0.004 0.005 0.005 0.003 0.002 0.003 0.005 0.005 0.003 0.003 0.000 0.000 0.001 0.002 0.002 0.002 0.002 0.001 0.002 0.003 0.004 0.005 0.006 0.006 0.006 0.008 0.007 0.006 0.005 0.004 0.004 0.004 0.004 0.004 0.005 0.005 0.005 0.004 0.004 0.003 0.002 0.002 0.002 0.002 0.002 0.002 0.002 0.002
1.144 1.037 0.916 0.795 0.674 0.552 0.431 0.310 0.189 0.067 0.002 0.002 0.001 0.000 0.001 0.000 0.000 0.000 0.000 0.000 0.000 0.000 0.000 0.000 0.000 0.000 0.000 0.001 0.003 0.004 0.005 0.005 0.004 0.003 0.005 0.005 0.004 0.003 0.002 0.001 0.001 0.001 0.002 0.002 0.002 0.002 0.002 0.002 0.003 0.004 0.005 0.006 0.006 0.010 0.007 0.006 0.006 0.005 0.005 0.005 0.005 0.005 0.005 0.005 0.005 0.005 0.004 0.004 0.003 0.003 0.002 0.002 0.002 0.002 0.002 0.002 0.002
1.306 1.189 1.067 0.946 0.825 0.704 0.582 0.461 0.340 0.219 0.097 0.002 0.001 0.001 0.001 0.000 0.000 0.000 0.000 0.000 0.000 0.000 0.000 0.000 0.000 0.000 0.000 0.002 0.003 0.004 0.005 0.005 0.005 0.005 0.005 0.005 0.004 0.003 0.002 0.001 0.000 0.001 0.001 0.002 0.002 0.002 0.002 0.002 0.003 0.004 0.005 0.006 0.010 0.009 0.007 0.005 0.006 0.006 0.005 0.005 0.005 0.005 0.006 0.007 0.006 0.005 0.005 0.004 0.003 0.003 0.002 0.002 0.002 0.003 0.002 0.002 0.002
1.461 1.340 1.219 1.097 0.976 0.855 0.734 0.613 0.491 0.370 0.249 0.127 0.023 0.001 0.001 0.000 0.000 0.000 0.000 0.000 0.000 0.000 0.000 0.000 0.000 0.001 0.000 0.001 0.003 0.004 0.005 0.005 0.006 0.005 0.005 0.004 0.003 0.002 0.001 0.000 0.000 0.000 0.001 0.002 0.002 0.002 0.002 0.002 0.003 0.003 0.005 0.010 0.010 0.009 0.007 0.005 0.005 0.006 0.006 0.006 0.006 0.006 0.006 0.007 0.006 0.006 0.006 0.006 0.004 0.003 0.003 0.003 0.003 0.003 0.002 0.002 0.002
1.599 1.481 1.362 1.243 1.124 1.006 0.885 0.764 0.643 0.521 0.400 0.279 0.157 0.097 0.004 0.001 0.000 0.000 0.000 0.000 0.000 0.000 0.000 0.001 0.000 0.000 0.001 0.001 0.003 0.004 0.005 0.007 0.006 0.005 0.004 0.004 0.003 0.002 0.001 0.001 0.000 0.000 0.001 0.002 0.002 0.002 0.002 0.002 0.002 0.004 0.009 0.010 0.009 0.008 0.006 0.005 0.004 0.005 0.006 0.006 0.006 0.006 0.006 0.007 0.006 0.006 0.006 0.006 0.005 0.005 0.004 0.003 0.003 0.003 0.003 0.002 0.002
1.711 1.608 1.489 1.371 1.252 1.133 1.014 0.895 0.777 0.658 0.539 0.420 0.301 0.180 0.103 0.005 0.000 0.000 0.000 0.000 0.000 0.000 0.001 0.000 0.001 0.001 0.001 0.002 0.003 0.005 0.007 0.007 0.006 0.005 0.004 0.003 0.003 0.002 0.001 0.000 0.000 0.000 0.001 0.001 0.002 0.002 0.002 0.002 0.003 0.008 0.010 0.010 0.009 0.008 0.006 0.005 0.004 0.005 0.006 0.006 0.006 0.006 0.006 0.007 0.007 0.006 0.006 0.006 0.005 0.005 0.005 0.004 0.004 0.004 0.003 0.003 0.002
1.789 1.736 1.617 1.498 1.379 1.261 1.142 1.023 0.904 0.785 0.667 0.548 0.401 0.228 0.151 0.074 0.001 0.000 0.000 0.000 0.000 0.000 0.000 0.001 0.001 0.002 0.002 0.002 0.003 0.006 0.007 0.007 0.006 0.005 0.004 0.003 0.002 0.001 0.000 0.000 0.000 0.000 0.000 0.001 0.002 0.002 0.002 0.002 0.006 0.009 0.009 0.009 0.009 0.007 0.006 0.005 0.004 0.005 0.005 0.006 0.006 0.006 0.006 0.007 0.007 0.007 0.007 0.006 0.006 0.005 0.006 0.005 0.004 0.004 0.003 0.003 0.003
1.867 1.863 1.744 1.626 1.507 1.388 1.269 1.151 1.032 0.913 0.794 0.657 0.484 0.311 0.199 0.123 0.046 0.000 0.001 0.000 0.001 0.001 0.002 0.002 0.002 0.002 0.002 0.003 0.003 0.006 0.007 0.006 0.005 0.004 0.004 0.003 0.002 0.001 0.000 0.000 0.000 0.001 0.000 0.001 0.001 0.002 0.002 0.005 0.008 0.009 0.009 0.009 0.008 0.007 0.006 0.005 0.004 0.004 0.005 0.006 0.006 0.006 0.007 0.007 0.007 0.007 0.007 0.006 0.006 0.006 0.006 0.005 0.005 0.004 0.004 0.003 0.003
1.945 1.991 1.872 1.753 1.634 1.516 1.397 1.278 1.159 1.040 0.913 0.740 0.567 0.394 0.247 0.171 0.094 0.005 0.001 0.001 0.001 0.002 0.002 0.002 0.002 0.002 0.003 0.003 0.002 0.005 0.004 0.004 0.003 0.003 0.003 0.002 0.002 0.001 0.001 0.000 0.000 0.001 0.000 0.000 0.001 0.002 0.004 0.008 0.009 0.009 0.009 0.009 0.008 0.007 0.006 0.005 0.004 0.004 0.005 0.006 0.006 0.007 0.007 0.007 0.007 0.007 0.007 0.007 0.006 0.006 0.006 0.006 0.005 0.005 0.004 0.004 0.003
2.023 2.099 1.999 1.881 1.762 1.643 1.524 1.406 1.287 1.168 0.996 0.823 0.650 0.477 0.304 0.218 0.142 0.064 0.001 0.001 0.002 0.002 0.002 0.002 0.002 0.002 0.002 0.001 0.002 0.006 0.004 0.003 0.003 0.002 0.002 0.001 0.000 0.000 0.000 0.000 0.000 0.000 0.001 0.000 0.001 0.003 0.007 0.008 0.009 0.009 0.009 0.009 0.008 0.007 0.006 0.005 0.004 0.003 0.005 0.006 0.006 0.007 0.007 0.007 0.007 0.007 0.007 0.007 0.007 0.007 0.007 0.007 0.006 0.005 0.004 0.004 0.004
2.101 2.177 2.127 2.008 1.889 1.771 1.652 1.533 1.414 1.251 1.078 0.905 0.732 0.560 0.387 0.266 0.190 0.113 0.028 0.002 0.002 0.002 0.002 0.002 0.002 0.002 0.000 0.000 0.002 0.007 0.003 0.003 0.003 0.002 0.002 0.001 0.001 0.000 0.000 0.000 0.000 0.000 0.000 0.000 0.002 0.006 0.008 0.008 0.009 0.009 0.009 0.009 0.008 0.007 0.006 0.005 0.004 0.003 0.004 0.005 0.006 0.007 0.007 0.007 0.007 0.007 0.007 0.007 0.007 0.007 0.007 0.007 0.006 0.005 0.005 0.004 0.004
2.179 2.255 2.254 2.136 2.017 1.898 1.779 1.660 1.507 1.334 1.161 0.988 0.815 0.642 0.469 0.314 0.237 0.161 0.084 0.003 0.002 0.002 0.002 0.002 0.001 0.000 0.001 0.000 0.001 0.008 0.009 0.003 0.003 0.002 0.001 0.001 0.000 0.000 0.000 0.000 0.000 0.000 0.000 0.001 0.002 0.005 0.007 0.008 0.009 0.009 0.009 0.008 0.008 0.007 0.006 0.005 0.004 0.004 0.004 0.005 0.006 0.007 0.007 0.007 0.007 0.007 0.007 0.007 0.007 0.007 0.007 0.007 0.007 0.006 0.005 0.005 0.004
2.257 2.333 2.382 2.263 2.144 2.026 1.907 1.762 1.590 1.417 1.244 1.071 0.898 0.725 0.552 0.379 0.285 0.209 0.132 0.056 0.002 0.002 0.001 0.001 0.001 0.001 0.000 0.000 0.028 0.160 0.243 0.178 0.113 0.045 0.002 0.001 0.001 0.000 0.000 0.000 0.000 0.000 0.002 0.002 0.002 0.005 0.006 0.007 0.007 0.007 0.007 0.007 0.007 0.006 0.006 0.005 0.004 0.004 0.003 0.005 0.006 0.006 0.007 0.007 0.007 0.008 0.008 0.008 0.007 0.007 0.008 0.008 0.007 0.006 0.006 0.005 0.005
2.335 2.411 2.487 2.391 2.272 2.153 2.018 1.845 1.672 1.499 1.326 1.153 0.980 0.807 0.635 0.462 0.332 0.256 0.179 0.102 0.012 0.001 0.001 0.000 0.000 0.000 0.001 0.126 0.248 0.369 0.491 0.458 0.393 0.328 0.263 0.198 0.133 0.068 0.001 0.001 0.001 0.002 0.003 0.003 0.003 0.004 0.007 0.007 0.007 0.007 0.007 0.006 0.005 0.005 0.005 0.004 0.004 0.004 0.003 0.004 0.006 0.006 0.007 0.007 0.008 0.008 0.008 0.008 0.008 0.008 0.008 0.008 0.008 0.007 0.006 0.006 0.005
2.413 2.489 2.565 2.518 2.399 2.274 2.101 1.928 1.755 1.582 1.409 1.236 1.063 0.890 0.717 0.544 0.379 0.303 0.226 0.150 0.072 0.001 0.001 0.000 0.000 0.093 0.215 0.336 0.458 0.579 0.701 0.737 0.673 0.608 0.543 0.478 0.413 0.348 0.284 0.219 0.154 0.089 0.003 0.003 0.003 0.003 0.007 0.007 0.007 0.007 0.006 0.006 0.005 0.005 0.004 0.004 0.003 0.003 0.003 0.004 0.005 0.006 0.007 0.007 0.008 0.008 0.008 0.008 0.008 0.008 0.008 0.008 0.008 0.008 0.007 0.006 0.006
2.491 2.567 2.643 2.646 2.527 2.356 2.183 2.010 1.838 1.665 1.492 1.319 1.146 0.973 0.800 0.627 0.454 0.350 0.274 0.197 0.120 0.041 0.000 0.059 0.181 0.303 0.424 0.546 0.667 0.789 0.910 1.017 0.952 0.887 0.823 0.758 0.693 0.628 0.563 0.498 0.434 0.240 0.006 0.003 0.003 0.003 0.006 0.007 0.007 0.007 0.006 0.006 0.005 0.005 0.004 0.004 0.003 0.003 0.003 0.003 0.004 0.005 0.006 0.007 0.007 0.008 0.008 0.008 0.008 0.008 0.008 0.008 0.009 0.008 0.007 0.007 0.006
2.686 2.709 2.733 2.773 2.612 2.439 2.266 2.093 1.920 1.747 1.574 1.401 1.228 1.055 0.882 0.709 0.536 0.397 0.321 0.245 0.168 0.092 0.148 0.269 0.391 0.512 0.634 0.755 0.877 0.998 1.120 1.241 1.232 1.167 1.102 1.037 0.973 0.908 0.843 0.778 0.612 0.375 0.138 0.004 0.003 0.004 0.005 0.007 0.007 0.007 0.006 0.006 0.005 0.004 0.004 0.004 0.003 0.003 0.003 0.003 0.004 0.005 0.005 0.006 0.005 0.006 0.007 0.008 0.008 0.008 0.008 0.009 0.009 0.009 0.008 0.007 0.007
2.889 2.912 2.935 2.848 2.688 2.518 2.349 2.176 2.003 1.830 1.657 1.484 1.311 1.138 0.965 0.792 0.619 0.446 0.368 0.292 0.216 0.236 0.358 0.479 0.600 0.722 0.843 0.965 1.086 1.208 1.329 1.451 1.511 1.447 1.382 1.317 1.252 1.187 1.123 0.984 0.747 0.510 0.273 0.027 0.004 0.004 0.004 0.007 0.007 0.007 0.006 0.005 0.005 0.004 0.004 0.004 0.004 0.004 0.003 0.003 0.004 0.005 0.006 0.006 0.005 0.006 0.006 0.006 0.006 0.007 0.008 0.008 0.009 0.010 0.009 0.008 0.007
3.091 3.095 2.997 2.899 2.754 2.585 2.416 2.247 2.078 1.909 1.740 1.567 1.394 1.221 1.048 0.875 0.701 0.528 0.416 0.339 0.325 0.446 0.567 0.689 0.810 0.931 1.053 1.174 1.296 1.417 1.539 1.660 1.782 1.726 1.661 1.597 1.532 1.467 1.356 1.119 0.882 0.645 0.408 0.171 0.004 0.004 0.003 0.006 0.007 0.006 0.006 0.005 0.005 0.004 0.004 0.004 0.004 0.004 0.004 0.004 0.004 0.005 0.006 0.006 0.006 0.006 0.006 0.006 0.006 0.007 0.007 0.006 0.008 0.009 0.009 0.008 0.007
3.244 3.146 3.047 2.949 2.820 2.651 2.482 2.313 2.144 1.975 1.806 1.637 1.468 1.299 1.130 0.957 0.784 0.611 0.463 0.412 0.534 0.655 0.777 0.898 1.019 1.141 1.262 1.384 1.505 1.627 1.748 1.870 1.991 2.006 1.941 1.876 1.811 1.728 1.491 1.254 1.017 0.780 0.543 0.306 0.068 0.004 0.004 0.005 0.007 0.006 0.006 0.005 0.005 0.005 0.004 0.004 0.004 0.004 0.004 0.004 0.004 0.005 0.006 0.006 0.006 0.006 0.006 0.006 0.006 0.007 0.007 0.007 0.007 0.008 0.007 0.006 0.006
