includes/camargue/floodfiles/results_R2_t1.562607662346E12/res-0003.wd
ncols         906
nrows         631
xllcorner     362177.146667
yllcorner     6534725.688020
cellsize      20.000000
NODATA_value  -9999.000000
[rows 340 to 373 of 631, columns 770 to 846 of 906]
0.000 0.000 0.000 0.000 0.000 0.000 0.000 0.000 0.000 0.000 0.000 0.000 0.000 0.000 0.000 0.000 0.000 0.000 0.000 0.000 0.000 0.000 0.000 0.000 0.000 0.000 0.000 0.000 0.000 0.000 0.000 0.000 0.000 2.891 3.321 3.501 3.521 3.470 3.620 3.800 3.780 3.780 3.840 3.849 3.969 4.029 3.949 4.008 4.028 4.018 3.968 3.967 4.037 3.997 4.186 3.976 4.076 4.096 3.996 3.886 3.856 3.975 3.855 3.615 3.514 3.584 4.094 3.803 3.763 3.393 3.422 3.482 3.472 3.211 3.091 3.300 2.930
0.000 0.000 0.000 0.000 0.000 0.000 0.000 0.000 0.000 0.000 0.000 0.000 0.000 0.000 0.000 0.000 0.000 0.000 0.000 0.000 0.000 0.000 0.000 0.000 0.000 0.000 0.000 0.000 0.000 0.000 0.000 2.892 3.391 3.401 3.591 3.621 3.561 3.870 3.620 3.760 3.870 3.980 3.860 3.959 4.109 3.969 4.039 3.998 4.068 4.058 4.138 4.107 4.137 4.247 4.117 4.017 4.106 4.066 4.026 3.986 3.986 4.025 3.965 3.775 3.775 3.524 3.494 3.513 3.873 3.793 3.622 3.732 3.552 3.531 3.391 3.080 3.330
0.000 0.000 0.000 0.000 0.000 0.000 0.000 0.000 0.000 0.000 0.000 0.000 0.000 0.000 0.000 0.000 0.000 0.000 0.000 0.000 0.000 0.000 0.000 0.000 0.000 0.000 0.000 0.000 0.000 2.802 3.372 3.562 3.512 3.701 3.571 3.761 3.851 3.660 3.870 3.810 3.810 3.900 3.980 3.959 4.029 4.089 4.069 4.063 4.008 4.108 4.244 3.978 4.309 4.299 4.290 4.117 4.076 4.263 4.056 4.106 3.936 3.915 3.915 3.895 3.725 3.684 3.724 3.353 3.383 3.463 3.662 3.712 3.632 3.571 3.531 3.450 3.390
0.000 0.000 0.000 0.000 0.000 0.000 0.000 0.000 0.000 0.000 0.000 0.000 0.000 0.000 0.000 0.000 0.000 0.000 0.000 0.000 0.000 0.000 0.000 0.000 0.000 0.000 0.000 2.562 3.482 3.512 3.492 3.602 3.682 3.631 3.731 3.821 3.901 3.861 3.800 3.790 4.090 4.030 3.980 4.019 3.927 4.029 4.047 4.039 4.018 4.108 4.288 4.348 4.360 4.351 4.342 4.333 4.106 4.315 4.306 4.296 4.056 3.975 4.045 3.935 3.884 3.844 3.744 3.553 3.283 3.373 3.242 3.382 3.522 3.801 3.591 3.520 3.570
0.000 0.000 0.000 0.000 0.000 0.000 0.000 0.000 0.000 0.000 0.000 0.000 0.000 0.000 0.000 0.000 0.000 0.000 0.000 0.000 0.000 0.000 0.000 0.000 0.000 0.000 3.333 3.553 3.542 3.572 3.682 3.662 3.772 3.681 3.761 3.911 3.941 3.821 3.901 3.671 3.970 4.050 3.851 4.109 4.019 4.119 4.092 4.152 4.138 4.272 4.332 4.393 4.412 4.403 4.394 4.385 4.376 4.367 4.357 4.348 4.339 4.315 3.985 4.045 3.934 3.864 3.874 3.733 3.383 3.173 3.042 2.962 3.032 3.181 3.471 3.860 3.690
0.000 0.000 0.000 0.000 0.000 0.000 0.000 0.000 0.000 0.000 0.000 0.000 0.000 0.000 0.000 0.000 0.000 0.000 0.000 0.000 0.000 0.000 0.000 0.000 2.943 3.473 3.483 3.703 3.733 3.652 3.612 3.762 3.712 3.872 3.871 3.831 3.991 4.111 4.071 3.960 4.090 4.070 4.120 4.089 4.139 4.076 4.136 4.197 4.257 4.317 4.377 4.437 4.464 4.455 4.446 4.437 4.428 4.418 4.409 4.400 4.116 4.065 4.311 4.035 4.075 4.074 3.964 3.803 3.523 3.453 3.272 3.152 3.212 3.141 2.911 3.370 3.680
0.000 0.000 0.000 0.000 0.000 0.000 0.000 0.000 0.000 0.000 0.000 0.000 0.000 0.000 0.000 0.000 0.000 0.000 0.000 0.000 0.000 0.000 2.623 3.353 3.503 3.483 3.603 3.683 3.703 3.873 3.872 3.862 3.772 3.912 3.851 3.991 4.091 4.131 4.111 4.090 4.130 4.050 4.140 4.139 4.060 4.121 4.181 4.241 4.301 4.361 4.421 4.482 4.516 4.507 4.498 4.488 4.479 4.470 4.461 4.437 4.404 4.372 4.085 4.035 4.005 4.044 3.894 3.743 3.773 3.593 3.432 3.322 3.162 3.171 2.841 2.690 3.250
0.000 0.000 0.000 0.000 0.000 0.000 0.000 0.000 0.000 0.000 0.000 0.000 0.000 0.000 0.000 0.000 0.000 0.000 0.000 0.000 0.000 3.013 3.443 3.523 3.623 3.613 3.723 3.663 3.783 3.933 3.772 3.902 3.922 4.032 3.740 3.961 4.081 4.111 4.051 3.922 3.958 4.090 4.031 4.067 4.105 4.165 4.225 4.285 4.346 4.406 4.466 4.526 4.568 4.559 4.549 4.540 4.531 4.522 4.498 4.465 4.433 4.401 4.368 4.336 4.025 3.994 3.874 3.764 3.733 3.723 3.722 3.292 3.132 3.031 2.841 2.630 3.140
0.000 0.000 0.000 0.000 0.000 0.000 0.000 0.000 0.000 0.000 0.000 0.000 0.000 0.000 0.000 0.000 0.000 0.000 0.000 2.783 3.453 3.453 3.623 3.663 3.623 3.613 3.923 3.773 3.773 3.853 4.053 3.962 3.882 3.972 4.032 4.021 4.031 4.111 4.141 4.006 4.042 4.078 4.120 4.151 4.187 4.223 4.270 4.330 4.390 4.450 4.510 4.570 4.620 4.611 4.601 4.592 4.583 4.559 4.527 4.494 4.462 4.429 4.397 4.105 4.105 4.004 3.924 3.844 3.923 3.843 3.803 3.552 3.392 3.171 2.831 2.590 3.120
0.000 0.000 0.000 0.000 0.000 0.000 0.000 0.000 0.000 0.000 0.000 0.000 0.000 0.000 0.000 0.000 0.000 0.000 3.244 3.423 3.563 3.623 3.473 3.673 3.703 3.783 3.833 3.893 3.993 3.983 3.993 4.072 3.892 4.132 4.072 4.102 3.981 4.017 4.053 4.141 4.126 4.162 4.198 4.235 4.271 4.307 4.343 4.380 4.435 4.495 4.555 4.615 4.672 4.663 4.653 4.644 4.620 4.588 4.555 4.523 4.491 4.458 4.426 4.393 4.035 3.984 4.004 3.934 3.903 3.953 3.763 3.642 3.522 3.271 3.091 2.650 2.800
0.000 0.000 0.000 0.000 0.000 0.000 0.000 0.000 0.000 0.000 0.000 0.000 0.000 0.000 0.000 0.000 2.794 3.314 3.524 3.604 3.563 3.703 3.653 3.763 3.843 3.904 3.813 3.973 3.933 3.883 3.923 3.973 3.922 4.022 3.992 4.102 3.951 4.141 4.137 4.173 4.210 4.246 4.282 4.318 4.355 4.391 4.427 4.463 4.500 4.539 4.599 4.659 4.720 4.715 4.705 4.681 4.649 4.616 4.584 4.552 4.519 4.487 4.454 4.422 4.390 3.954 3.984 4.084 3.873 3.863 3.803 3.762 3.432 3.531 2.991 2.780 2.680
0.000 0.000 0.000 0.000 0.000 0.000 0.000 0.000 0.000 0.000 0.000 0.000 0.000 0.000 0.000 3.274 3.424 3.654 3.614 3.784 3.773 3.623 3.823 3.763 3.774 3.994 3.884 4.013 4.083 4.013 3.943 4.133 4.102 4.132 4.076 4.112 4.142 4.184 4.221 4.257 4.293 4.330 4.366 4.402 4.438 4.475 4.511 4.547 4.584 4.620 4.656 4.704 4.764 4.767 4.742 4.710 4.678 4.645 4.613 4.581 4.548 4.516 4.483 4.451 4.418 4.386 4.054 4.094 3.973 3.843 3.743 3.712 3.572 3.351 3.081 2.780 2.750
0.000 0.000 0.000 0.000 0.000 0.000 0.000 0.000 0.000 0.000 0.000 0.000 0.000 2.754 3.364 3.444 3.504 3.574 3.614 3.764 3.774 3.894 3.684 3.904 3.854 3.814 3.854 3.994 3.943 3.973 4.123 3.845 4.073 4.094 4.159 4.196 4.232 4.268 4.305 4.341 4.377 4.413 4.450 4.486 4.522 4.558 4.595 4.631 4.667 4.704 4.740 4.776 4.813 4.803 4.771 4.739 4.706 4.674 4.642 4.609 4.577 4.544 4.512 4.480 4.447 4.415 4.024 3.924 3.914 3.883 3.783 3.812 3.442 3.351 3.251 2.840 2.810
0.000 0.000 0.000 0.000 0.000 0.000 0.000 0.000 0.000 0.000 0.000 0.000 3.294 3.494 3.524 3.784 3.724 3.604 3.744 3.794 3.894 3.704 3.944 3.824 3.974 3.954 4.054 4.064 4.013 4.133 3.805 4.143 4.054 4.179 4.243 4.279 4.316 4.352 4.388 4.425 4.461 4.497 4.533 4.570 4.606 4.642 4.678 4.715 4.751 4.787 4.824 4.840 4.851 4.860 4.828 4.795 4.763 4.730 4.698 4.665 4.633 4.600 4.568 4.536 4.503 3.965 4.054 3.914 3.914 3.773 3.843 3.603 3.402 3.152 2.991 3.110 2.750
0.000 0.000 0.000 0.000 0.000 0.000 0.000 0.000 0.000 0.000 2.835 3.385 3.575 3.494 3.564 3.634 3.694 3.804 3.764 3.834 3.974 3.984 3.924 4.024 3.824 3.864 3.954 4.014 3.954 3.765 3.890 4.103 4.139 4.264 4.327 4.363 4.399 4.436 4.472 4.508 4.545 4.581 4.617 4.653 4.690 4.726 4.762 4.799 4.833 4.844 4.856 4.867 4.878 4.887 4.887 4.854 4.822 4.789 4.757 4.724 4.692 4.659 4.627 4.595 4.562 3.835 3.615 3.844 3.674 3.734 3.633 3.473 3.222 3.102 2.891 2.731 2.780
0.000 0.000 0.000 0.000 0.000 0.000 0.000 0.000 0.000 3.345 3.455 3.575 3.715 3.625 3.634 3.684 3.814 3.854 3.774 3.894 4.044 3.824 4.044 3.934 3.984 3.954 4.054 3.600 3.924 4.064 3.974 4.133 4.224 4.348 4.411 4.447 4.483 4.519 4.556 4.592 4.628 4.665 4.701 4.737 4.773 4.810 4.838 4.849 4.860 4.872 4.883 4.894 4.905 4.914 4.923 4.913 4.881 4.848 4.816 4.783 4.751 4.718 4.686 4.654 4.621 3.935 3.585 3.485 3.554 3.664 3.673 3.303 2.923 2.562 2.182 2.531 3.140
0.000 0.000 0.000 0.000 0.000 0.000 0.000 2.756 3.526 3.626 3.585 3.725 3.625 3.795 3.815 3.775 3.814 3.864 3.984 4.044 3.954 3.804 4.104 3.974 4.034 4.084 4.004 3.689 4.134 4.104 4.059 4.184 4.308 4.433 4.494 4.531 4.567 4.603 4.639 4.676 4.712 4.748 4.785 4.821 4.842 4.854 4.865 4.876 4.888 4.899 4.910 4.921 4.931 4.940 4.949 4.958 4.939 4.907 4.875 4.842 4.810 4.777 4.745 4.713 4.680 4.076 3.535 3.295 3.275 3.284 2.924 2.743 2.193 2.282 2.091 2.391 3.060
0.000 0.000 0.000 0.000 0.000 0.000 3.057 3.447 3.566 3.726 3.646 3.765 3.675 3.865 3.905 3.865 3.945 3.965 3.935 4.004 3.834 3.964 4.054 4.014 3.944 4.074 4.034 4.024 4.084 4.019 4.143 4.268 4.393 4.518 4.578 4.614 4.651 4.687 4.723 4.760 4.796 4.832 4.847 4.858 4.870 4.881 4.892 4.904 4.915 4.926 4.937 4.949 4.958 4.967 4.976 4.985 4.994 4.966 4.934 4.901 4.869 4.836 4.804 4.772 4.739 4.707 3.716 3.526 3.075 2.745 2.644 2.004 1.753 1.632 2.171 2.451 2.600
0.000 0.000 0.000 0.000 0.000 3.387 3.487 3.607 3.657 3.646 3.736 3.776 3.945 4.015 3.995 4.105 3.925 3.965 3.905 3.885 3.964 3.486 4.024 4.094 4.024 4.084 3.994 3.976 4.057 4.139 4.228 4.353 4.477 4.602 4.662 4.698 4.735 4.771 4.807 4.840 4.852 4.863 4.874 4.886 4.897 4.908 4.920 4.931 4.942 4.953 4.965 4.976 4.985 4.994 5.003 5.012 5.021 5.025 4.993 4.960 4.928 4.895 4.863 4.831 4.798 4.766 4.734 3.756 3.146 2.845 2.395 1.714 1.094 0.993 1.512 2.211 2.370
0.000 0.000 0.000 2.628 3.448 3.668 3.607 3.687 3.647 3.756 3.876 3.976 3.996 3.905 3.865 3.935 4.025 4.055 3.915 4.105 3.955 4.125 4.094 4.114 4.134 4.104 4.038 4.144 4.134 4.283 4.364 4.446 4.562 4.687 4.746 4.782 4.818 4.845 4.857 4.868 4.879 4.890 4.902 4.913 4.924 4.936 4.947 4.958 4.969 4.981 4.992 5.003 5.012 5.021 5.030 5.039 5.047 5.056 5.051 5.019 4.987 4.954 4.922 4.890 4.857 4.825 4.793 4.728 3.306 2.886 2.635 2.225 1.284 0.643 0.982 0.311 1.670
0.000 0.000 2.938 3.418 3.548 3.608 3.667 3.817 3.907 3.887 3.876 4.036 4.036 3.986 4.035 4.095 4.115 4.035 3.915 4.105 4.035 3.773 3.855 3.936 4.125 4.145 4.181 4.263 4.134 4.426 4.508 4.589 4.671 4.771 4.829 4.850 4.861 4.872 4.884 4.895 4.906 4.918 4.929 4.940 4.952 4.963 4.974 4.986 4.997 5.008 5.019 5.029 5.038 5.047 5.056 5.065 5.074 5.083 5.092 5.078 5.046 5.013 4.981 4.949 4.916 4.884 4.852 4.714 4.057 3.196 3.056 2.355 2.075 1.124 0.273 0.001 0.970
0.000 3.279 3.529 3.578 3.748 3.778 3.778 3.927 3.827 3.957 4.027 3.856 4.056 3.996 3.906 4.046 4.015 3.975 3.672 3.935 4.055 4.055 3.998 4.080 4.162 4.243 4.325 4.407 4.488 4.570 4.652 4.733 4.815 4.849 4.866 4.877 4.888 4.900 4.911 4.922 4.934 4.945 4.956 4.968 4.979 4.990 5.001 5.013 5.024 5.035 5.047 5.056 5.065 5.074 5.083 5.092 5.101 5.110 5.119 5.128 5.105 5.072 5.040 5.008 4.975 4.943 4.911 4.700 4.469 4.237 3.266 2.836 2.836 2.355 1.645 0.334 0.000
3.359 3.579 3.549 3.669 3.678 3.768 3.868 3.948 4.007 3.997 4.007 4.027 4.096 4.026 3.547 4.146 4.076 4.066 4.025 4.125 4.145 4.145 4.142 4.224 4.305 4.387 4.469 4.550 4.632 4.714 4.795 4.838 4.852 4.866 4.885 4.904 4.916 4.927 4.938 4.950 4.961 4.972 4.984 4.995 5.006 5.017 5.029 5.040 5.051 5.063 5.074 5.083 5.092 5.101 5.110 5.119 5.128 5.137 5.146 5.155 5.164 5.131 5.099 5.067 5.034 5.002 4.918 4.686 4.455 4.223 3.992 4.056 3.426 2.846 2.515 2.435 1.855
3.609 3.769 3.649 3.749 3.789 3.878 3.908 3.948 3.938 4.067 3.997 4.057 4.047 4.106 4.036 3.755 4.086 3.885 4.076 4.041 4.116 4.204 4.286 4.367 4.449 4.105 4.075 4.694 4.776 4.827 4.841 4.855 4.869 4.883 4.902 4.922 4.941 4.954 4.966 4.977 4.988 5.000 5.011 5.022 5.034 5.045 5.056 5.067 5.079 5.090 5.101 5.110 5.119 5.128 5.137 5.146 5.155 5.164 5.173 5.182 5.191 5.190 5.158 5.126 5.094 5.061 4.904 4.673 4.441 4.210 3.978 3.746 3.515 3.283 3.052 3.905 3.205
3.700 3.769 3.859 3.889 4.009 3.819 4.008 3.988 4.048 4.127 4.087 3.639 3.704 3.937 4.057 3.899 3.964 4.086 4.096 4.116 4.266 4.348 4.429 4.511 4.593 4.675 4.756 4.817 4.830 4.844 4.858 4.872 4.886 4.901 4.920 4.939 4.959 4.978 4.993 5.004 5.016 5.027 5.038 5.050 5.061 5.072 5.084 5.095 5.106 5.117 5.128 5.137 5.146 5.155 5.164 5.173 5.182 5.191 5.200 5.209 5.218 5.227 5.217 5.185 5.153 5.120 4.890 4.659 4.427 4.196 3.964 3.733 3.501 3.284 3.122 2.959 2.796
3.790 3.760 3.869 3.939 3.999 4.029 3.948 3.978 4.028 4.008 4.037 4.137 4.107 4.127 3.977 4.042 4.107 4.172 4.247 4.328 4.410 4.126 4.573 4.655 4.737 4.806 4.820 4.834 4.847 4.861 4.875 4.889 4.903 4.918 4.938 4.957 4.977 4.996 5.016 5.032 5.043 5.054 5.066 5.077 5.088 5.100 5.111 5.122 5.134 5.145 5.154 5.163 5.173 5.181 5.191 5.200 5.209 5.218 5.227 5.236 5.245 5.254 5.263 5.244 5.211 5.108 4.876 4.645 4.414 4.182 3.961 3.798 3.635 3.472 3.310 3.147 2.984
3.910 3.990 3.930 3.879 4.029 4.029 4.139 4.068 4.088 4.058 3.823 4.108 3.979 4.056 4.121 4.186 4.250 4.315 4.391 4.472 4.554 4.635 4.717 4.795 4.809 4.823 4.837 4.851 4.864 4.878 4.892 4.906 4.920 4.936 4.955 4.975 4.994 5.014 5.033 5.053 5.070 5.082 5.093 5.104 5.115 5.127 5.138 5.150 5.161 5.172 5.181 5.190 5.199 5.208 5.217 5.226 5.235 5.244 5.253 5.262 5.272 5.281 5.290 5.299 5.271 5.094 4.863 4.637 4.474 4.312 4.149 3.986 3.823 3.660 3.498 3.335 3.172
3.850 3.900 4.000 4.060 3.929 3.989 4.139 3.712 3.791 4.128 3.947 4.128 4.098 4.181 4.107 4.329 4.394 4.459 4.534 4.616 4.697 4.779 4.798 4.812 4.826 4.840 4.854 4.868 4.881 4.895 4.909 4.923 4.937 4.953 4.973 4.993 5.012 5.032 5.051 5.071 5.090 5.109 5.120 5.132 5.143 5.154 5.166 5.177 5.188 5.199 5.208 5.217 5.226 5.235 5.244 5.253 5.262 5.271 5.280 5.289 5.298 5.307 5.316 5.326 5.313 5.150 4.988 4.825 4.662 4.500 4.337 4.174 4.011 3.848 3.686 3.523 3.360
3.991 4.080 3.890 4.140 4.020 4.019 3.758 3.836 4.079 3.992 4.070 4.149 4.227 4.305 4.383 4.461 4.537 4.602 4.678 4.760 4.787 4.801 4.815 4.829 4.843 4.857 4.871 4.885 4.898 4.912 4.926 4.940 4.954 4.971 4.991 5.010 5.030 5.049 5.069 5.088 5.108 5.127 5.146 5.159 5.170 5.182 5.193 5.204 5.216 5.226 5.235 5.244 5.253 5.262 5.271 5.280 5.289 5.298 5.307 5.316 5.325 5.334 5.354 5.374 5.381 5.338 5.176 5.013 4.850 4.688 4.525 4.362 4.199 4.036 3.874 3.711 3.548
4.011 4.031 4.010 4.110 4.000 4.130 4.129 4.129 3.989 4.116 4.194 4.272 4.350 4.429 4.507 4.585 4.663 4.741 4.777 4.791 4.805 4.818 4.832 4.846 4.860 4.874 4.888 4.902 4.915 4.929 4.943 4.957 4.971 4.989 5.008 5.028 5.047 5.067 5.086 5.106 5.125 5.145 5.164 5.183 5.198 5.209 5.220 5.232 5.243 5.253 5.262 5.271 5.280 5.289 5.298 5.307 5.316 5.325 5.334 5.353 5.373 5.393 5.412 5.432 5.431 5.410 5.363 5.201 5.038 4.876 4.713 4.550 4.387 4.225 4.062 3.899 3.736
4.011 4.111 3.931 4.070 4.060 4.110 4.110 4.089 4.129 4.240 4.318 4.396 4.474 4.552 4.631 4.709 4.770 4.790 4.799 4.808 4.822 4.835 4.849 4.863 4.877 4.891 4.905 4.919 4.933 4.946 4.960 4.974 4.988 5.007 5.026 5.046 5.065 5.085 5.104 5.124 5.143 5.162 5.182 5.201 5.221 5.236 5.248 5.259 5.271 5.280 5.289 5.298 5.307 5.316 5.325 5.334 5.353 5.373 5.392 5.412 5.431 5.451 5.471 5.490 5.481 5.460 5.440 5.389 5.226 5.063 4.901 4.738 4.575 4.413 4.250 4.087 3.924
4.101 4.001 4.121 4.140 4.070 4.051 4.030 4.207 4.109 4.363 4.441 4.520 4.598 4.676 4.754 4.780 4.800 4.820 4.827 4.832 4.839 4.852 4.866 4.880 4.894 4.908 4.922 4.936 4.950 4.964 4.977 4.991 5.005 5.024 5.044 5.063 5.083 5.102 5.122 5.141 5.161 5.180 5.200 5.219 5.238 5.258 5.275 5.286 5.298 5.306 5.315 5.324 5.333 5.353 5.372 5.392 5.411 5.431 5.451 5.470 5.490 5.509 5.529 5.548 5.531 5.510 5.490 5.470 5.414 5.251 5.089 4.926 4.763 4.601 4.438 4.275 4.112
4.021 3.745 3.886 4.018 4.090 4.175 4.150 4.331 4.130 4.487 4.565 4.643 4.721 4.769 4.789 4.809 4.829 4.849 4.855 4.861 4.866 4.871 4.883 4.897 4.911 4.925 4.939 4.953 4.967 4.981 4.995 5.008 5.023 5.042 5.062 5.081 5.100 5.120 5.139 5.159 5.178 5.198 5.217 5.237 5.256 5.276 5.295 5.314 5.324 5.333 5.353 5.372 5.392 5.411 5.431 5.450 5.470 5.489 5.509 5.528 5.548 5.568 5.587 5.602 5.581 5.560 5.540 5.520 5.499 5.439 5.277 5.114 4.951 4.789 4.626 4.463 4.301
4.132 3.871 4.071 4.142 4.220 4.298 4.377 4.455 4.533 4.611 4.689 4.758 4.778 4.798 4.818 4.839 4.859 4.878 4.884 4.889 4.894 4.900 4.905 4.914 4.928 4.942 4.956 4.970 4.984 4.998 5.012 5.026 5.040 5.060 5.079 5.099 5.118 5.138 5.157 5.177 5.196 5.216 5.235 5.255 5.274 5.293 5.313 5.340 5.372 5.391 5.411 5.430 5.450 5.470 5.489 5.509 5.528 5.548 5.567 5.587 5.607 5.626 5.646 5.652 5.631 5.611 5.590 5.570 5.549 5.529 5.465 5.302 5.139 4.977 4.814 4.651 4.489
