includes/camargue/floodfiles/results_R2_t1.562607662346E12/res-0002.wd
ncols         906
nrows         631
xllcorner     362177.146667
yllcorner     6534725.688020
cellsize      20.000000
NODATA_value  -9999.000000
[rows 578 to 611 of 631, columns 154 to 230 of 906]
3.758 3.759 3.759 3.759 3.734 3.709 3.684 3.659 3.629 3.597 3.565 3.533 3.501 3.468 3.409 3.324 3.246 3.230 3.214 3.198 3.181 3.165 3.149 3.131 3.107 3.086 3.073 3.076 3.078 3.080 3.082 3.084 3.086 3.089 3.109 3.146 3.184 3.221 3.259 3.291 3.315 3.340 3.365 3.389 3.402 3.402 3.403 3.403 3.404 3.404 3.407 3.410 3.413 3.417 3.417 3.417 3.417 3.416 3.415 3.390 3.364 3.339 3.313 3.302 3.292 3.281 3.247 3.213 3.179 3.144 3.110 3.057 3.045 3.070 3.096 3.121 3.146
3.751 3.752 3.753 3.733 3.709 3.684 3.659 3.634 3.607 3.575 3.543 3.510 3.478 3.419 3.334 3.249 3.164 3.142 3.125 3.109 3.093 3.076 3.060 3.044 3.028 2.960 3.044 3.046 3.048 3.050 3.052 3.054 3.057 3.059 3.084 3.122 3.159 3.196 3.234 3.271 3.301 3.326 3.351 3.375 3.376 3.376 3.377 3.377 3.377 3.378 3.379 3.382 3.385 3.388 3.387 3.387 3.387 3.386 3.386 3.373 3.347 3.322 3.305 3.295 3.284 3.274 3.249 3.215 3.181 3.146 3.092 3.039 3.017 3.043 3.068 3.093 3.118
3.745 3.746 3.733 3.708 3.683 3.659 3.634 3.609 3.584 3.552 3.520 3.488 3.429 3.344 3.259 3.174 3.089 3.053 3.037 3.021 3.004 2.988 2.972 2.940 2.927 2.927 2.927 2.927 3.003 3.020 3.022 3.025 3.027 3.029 3.060 3.097 3.134 3.172 3.209 3.246 3.283 3.312 3.337 3.350 3.350 3.350 3.351 3.351 3.351 3.352 3.352 3.354 3.358 3.358 3.357 3.357 3.356 3.356 3.355 3.355 3.330 3.308 3.298 3.287 3.277 3.266 3.251 3.217 3.181 3.128 3.074 3.021 2.990 3.015 3.040 3.066 3.091
3.739 3.733 3.708 3.683 3.658 3.634 3.609 3.584 3.559 3.530 3.498 3.440 3.355 3.270 3.185 3.100 3.015 2.965 2.949 2.932 2.927 2.927 2.927 2.927 2.927 2.927 2.927 2.927 2.927 2.927 2.941 2.995 2.997 2.999 3.035 3.072 3.110 3.147 3.184 3.221 3.258 3.296 3.323 3.324 3.324 3.325 3.325 3.325 3.325 3.326 3.326 3.327 3.328 3.328 3.327 3.327 3.326 3.326 3.325 3.325 3.313 3.301 3.290 3.280 3.269 3.259 3.248 3.216 3.163 3.110 3.056 3.003 2.962 2.988 3.013 3.039 3.064
3.732 3.708 3.683 3.658 3.633 3.608 3.584 3.559 3.534 3.508 3.450 3.365 3.280 3.195 3.110 3.025 2.940 2.926 2.926 2.926 2.927 2.927 2.927 2.927 2.927 2.927 2.927 2.927 2.927 2.927 2.927 2.927 2.927 2.973 2.999 3.020 3.042 3.063 3.084 3.105 3.126 3.148 3.217 3.213 3.209 3.206 3.202 3.198 3.194 3.191 3.187 3.183 3.042 3.045 3.048 3.050 3.053 3.056 3.058 3.061 3.206 3.257 3.246 3.235 3.224 3.213 3.203 3.191 3.145 3.091 3.038 2.985 2.935 2.960 2.986 3.011 3.037
3.675 3.665 3.641 3.617 3.594 3.570 3.546 3.523 3.499 3.479 3.388 3.290 3.205 3.120 3.035 2.950 2.926 2.926 2.926 2.926 2.926 2.927 2.927 2.927 2.927 2.927 2.927 2.927 2.927 2.927 2.927 2.927 2.928 2.928 2.928 2.928 2.928 2.928 2.929 2.929 2.928 2.929 2.929 2.970 2.966 2.962 2.958 2.954 2.951 2.947 2.943 2.929 2.929 2.929 2.929 2.929 2.929 2.930 2.930 2.930 2.930 3.175 3.165 3.154 3.143 3.132 3.121 3.110 3.099 3.073 3.020 2.966 2.932 2.933 2.958 2.984 3.007
3.615 3.614 3.596 3.572 3.548 3.525 3.501 3.478 3.455 3.440 3.371 3.274 3.176 3.079 2.981 2.925 2.926 2.926 2.926 2.926 2.926 2.926 2.927 2.927 2.927 2.927 2.927 2.927 2.927 2.927 2.927 2.927 2.928 2.927 2.927 2.928 2.928 2.928 2.928 2.928 2.928 2.928 2.929 2.929 2.929 2.929 2.929 2.929 2.929 2.929 2.929 2.929 2.929 2.929 2.929 2.929 2.929 2.930 2.930 2.930 2.930 2.930 3.083 3.072 3.062 3.051 3.040 3.029 3.018 3.007 2.995 2.948 2.932 2.932 2.932 2.952 2.970
3.556 3.554 3.550 3.527 3.503 3.479 3.456 3.432 3.417 3.402 3.354 3.257 3.160 3.062 2.965 2.926 2.926 2.926 2.926 2.926 2.926 2.926 2.927 2.927 2.927 2.927 2.927 2.927 2.927 2.927 2.927 2.927 2.927 2.927 2.928 2.928 2.928 2.928 2.928 2.928 2.928 2.929 2.929 2.929 2.929 2.929 2.929 2.929 2.929 2.929 2.929 2.929 2.929 2.929 2.929 2.929 2.929 2.930 2.930 2.930 2.930 2.930 2.950 2.991 2.980 2.970 2.959 2.947 2.936 2.931 2.931 2.931 2.931 2.932 2.932 2.932 2.934
3.496 3.495 3.494 3.481 3.458 3.434 3.410 3.393 3.378 3.363 3.338 3.240 3.143 3.045 2.948 2.926 2.926 2.926 2.926 2.926 2.926 2.926 2.926 2.927 2.927 2.927 2.927 2.927 2.927 2.927 2.927 2.927 2.927 2.927 2.927 2.927 2.927 2.928 2.928 2.928 2.928 2.928 2.928 2.929 2.929 2.929 2.929 2.929 2.929 2.929 2.929 2.929 2.929 2.929 2.929 2.929 2.930 2.930 2.930 2.930 2.930 2.930 2.930 2.930 2.930 2.930 2.930 2.930 2.931 2.931 2.931 2.931 2.931 2.931 2.932 2.932 2.932
3.437 3.436 3.434 3.433 3.413 3.389 3.370 3.355 3.340 3.325 3.311 3.223 3.126 3.029 2.931 2.926 2.926 2.926 2.926 2.926 2.926 2.926 2.926 2.926 2.926 2.926 2.926 2.927 2.927 2.927 2.927 2.927 2.927 2.927 2.927 2.927 2.927 2.928 2.928 2.928 2.928 2.928 2.928 2.929 2.929 2.929 2.929 2.929 2.929 2.929 2.929 2.929 2.929 2.929 2.929 2.929 2.929 2.929 2.929 2.930 2.930 2.930 2.930 2.930 2.930 2.930 2.931 2.931 2.931 2.931 2.931 2.931 2.931 2.931 2.932 2.932 2.932
3.377 3.376 3.375 3.373 3.367 3.346 3.331 3.316 3.301 3.287 3.272 3.207 3.109 3.012 2.925 2.926 2.926 2.926 2.926 2.926 2.926 2.926 2.926 2.926 2.926 2.926 2.926 2.926 2.927 2.927 2.927 2.927 2.927 2.927 2.927 2.927 2.927 2.927 2.928 2.928 2.928 2.928 2.929 2.929 2.929 2.928 2.928 2.928 2.929 2.929 2.929 2.929 2.929 2.929 2.929 2.929 2.930 2.929 2.929 2.929 2.930 2.930 2.930 2.930 2.930 2.930 2.930 2.931 2.931 2.931 2.931 2.931 2.931 2.931 2.932 2.932 2.931
3.318 3.317 3.315 3.314 3.321 3.310 3.293 3.278 3.263 3.248 3.234 3.190 3.093 2.925 2.925 2.926 2.926 2.926 2.926 2.926 2.926 2.926 2.926 2.926 2.926 2.926 2.926 2.926 2.926 2.926 2.926 2.927 2.927 2.927 2.927 2.927 2.927 2.927 2.928 2.928 2.928 2.928 2.928 2.928 2.928 2.928 2.928 2.928 2.928 2.928 2.929 2.929 2.929 2.929 2.929 2.929 2.929 2.929 2.929 2.929 2.929 2.930 2.930 2.930 2.930 2.930 2.930 2.930 2.931 2.931 2.931 2.931 2.931 2.931 2.932 2.932 2.932
3.259 3.260 3.272 3.284 3.296 3.288 3.269 3.250 3.231 3.211 3.195 3.173 2.925 2.925 2.925 2.925 2.926 2.926 2.926 2.926 2.926 2.926 2.926 2.926 2.926 2.926 2.926 2.926 2.926 2.926 2.926 2.926 2.927 2.927 2.927 2.927 2.927 2.927 2.928 2.928 2.928 2.928 2.928 2.928 2.928 2.928 2.928 2.928 2.928 2.929 2.929 2.929 2.929 2.929 2.929 2.929 2.929 2.929 2.929 2.929 2.930 2.929 2.929 2.930 2.930 2.930 2.930 2.930 2.930 2.931 2.931 2.931 2.932 2.931 2.931 2.932 2.932
3.224 3.236 3.248 3.260 3.271 3.266 3.247 3.228 3.209 3.190 3.171 3.057 2.925 2.925 2.925 2.925 2.926 2.925 2.926 2.926 2.926 2.925 2.926 2.926 2.926 2.926 2.926 2.926 2.926 2.926 2.926 2.926 2.927 2.927 2.927 2.927 2.927 2.927 2.927 2.928 2.928 2.928 2.928 2.928 2.928 2.928 2.928 2.928 2.929 2.929 2.929 2.929 2.929 2.929 2.929 2.929 2.929 2.929 2.929 2.929 2.930 2.929 2.930 2.930 2.930 2.930 2.930 2.930 2.930 2.931 2.931 2.931 2.931 2.931 2.931 2.931 2.932
3.199 3.211 3.223 3.235 3.246 3.245 3.226 3.206 3.187 3.168 3.055 2.925 2.925 2.925 2.925 2.925 2.926 2.925 2.925 2.925 2.925 2.925 2.925 2.925 2.925 2.926 2.926 2.926 2.926 2.926 2.926 2.926 2.926 2.927 2.927 2.927 2.927 2.927 2.927 2.927 2.928 2.928 2.928 2.928 2.928 2.928 2.928 2.928 2.928 2.928 2.929 2.929 2.929 2.929 2.929 2.929 2.929 2.929 2.929 2.929 2.929 2.929 2.930 2.930 2.930 2.930 2.930 2.930 2.931 2.931 2.931 2.931 2.931 2.931 2.931 2.931 2.932
3.174 3.186 3.198 3.210 3.221 3.223 3.204 3.185 3.165 3.052 2.925 2.925 2.925 2.925 2.925 2.925 2.925 2.925 2.925 2.925 2.925 2.925 2.925 2.925 2.925 2.925 2.926 2.926 2.926 2.926 2.926 2.926 2.926 2.926 2.927 2.927 2.927 2.927 2.927 2.927 2.927 2.928 2.928 2.928 2.928 2.928 2.928 2.928 2.928 2.928 2.929 2.929 2.929 2.929 2.929 2.929 2.929 2.929 2.929 2.929 2.929 2.929 2.930 2.930 2.930 2.930 2.930 2.930 2.930 2.930 2.931 2.931 2.931 2.931 2.931 2.931 2.932
3.150 3.161 3.173 3.185 3.197 3.201 3.182 3.163 3.049 2.925 2.925 2.925 2.925 2.925 2.925 2.925 2.925 2.925 2.925 2.925 2.925 2.925 2.925 2.925 2.925 2.925 2.925 2.925 2.926 2.926 2.926 2.926 2.926 2.926 2.927 2.927 2.927 2.927 2.926 2.927 2.927 2.927 2.927 2.928 2.928 2.928 2.928 2.928 2.928 2.928 2.928 2.928 2.928 2.929 2.929 2.929 2.929 2.929 2.929 2.929 2.929 2.929 2.929 2.930 2.930 2.930 2.930 2.930 2.930 2.930 2.931 2.931 2.931 2.931 2.931 2.931 2.932
3.128 3.139 3.149 3.160 3.172 3.180 3.161 3.047 2.925 2.925 2.925 2.925 2.925 2.925 2.925 2.925 2.925 2.925 2.925 2.925 2.925 2.925 2.925 2.925 2.925 2.925 2.925 2.925 2.925 2.926 2.926 2.926 2.926 2.926 2.926 2.927 2.927 2.927 2.927 2.927 2.927 2.927 2.927 2.928 2.928 2.928 2.928 2.928 2.928 2.928 2.928 2.928 2.928 2.929 2.929 2.929 2.929 2.929 2.929 2.929 2.929 2.929 2.929 2.930 2.930 2.930 2.930 2.930 2.930 2.931 2.930 2.930 2.931 2.931 2.931 2.931 2.931
3.107 3.117 3.127 3.137 3.147 3.158 3.045 2.925 2.925 2.925 2.925 2.925 2.925 2.925 2.925 2.925 2.925 2.925 2.925 2.925 2.925 2.925 2.925 2.925 2.925 2.925 2.925 2.925 2.925 2.926 2.926 2.926 2.926 2.926 2.926 2.927 2.927 2.927 2.927 2.927 2.927 2.927 2.928 2.928 2.928 2.928 2.928 2.928 2.928 2.928 2.928 2.929 2.929 2.928 2.928 2.928 2.929 2.929 2.929 2.929 2.929 2.929 2.929 2.929 2.929 2.930 2.930 2.930 2.930 2.930 2.930 2.930 2.931 2.931 2.931 2.931 2.931
3.085 3.095 3.105 3.115 3.125 3.128 2.925 2.925 2.925 2.925 2.925 2.925 2.925 2.925 2.925 2.925 2.925 2.925 2.925 2.925 2.925 2.924 2.925 2.925 2.924 2.925 2.925 2.925 2.925 2.925 2.926 2.926 2.926 2.926 2.926 2.926 2.926 2.926 2.927 2.927 2.927 2.927 2.927 2.927 2.927 2.928 2.928 2.928 2.928 2.928 2.928 2.928 2.928 2.928 2.928 2.928 2.928 2.928 2.929 2.929 2.929 2.929 2.929 2.929 2.929 2.929 2.929 2.930 2.930 2.930 2.930 2.930 2.930 2.930 2.930 2.930 2.931
3.064 3.074 3.084 3.094 3.094 3.092 2.927 2.925 2.925 2.925 2.925 2.925 2.925 2.925 2.925 2.925 2.925 2.925 2.925 2.925 2.925 2.924 2.925 2.925 2.925 2.925 2.925 2.925 2.925 2.925 2.926 2.926 2.926 2.926 2.926 2.926 2.926 2.927 2.927 2.927 2.927 2.927 2.927 2.927 2.927 2.928 2.928 2.928 2.928 2.928 2.928 2.928 2.928 2.928 2.928 2.928 2.928 2.928 2.928 2.928 2.929 2.929 2.929 2.929 2.929 2.929 2.929 2.930 2.930 2.930 2.930 2.930 2.930 2.930 2.930 2.930 2.930
3.042 3.052 3.062 3.061 3.058 3.056 2.946 2.925 2.925 2.925 2.925 2.925 2.925 2.925 2.925 2.925 2.925 2.925 2.925 2.925 2.924 2.924 2.925 2.925 2.925 2.925 2.925 2.925 2.925 2.925 2.926 2.926 2.926 2.926 2.926 2.926 2.926 2.927 2.927 2.927 2.927 2.927 2.927 2.927 2.927 2.927 2.928 2.928 2.928 2.928 2.928 2.928 2.928 2.928 2.928 2.928 2.928 2.928 2.928 2.928 2.928 2.928 2.928 2.929 2.929 2.929 2.929 2.929 2.929 2.929 2.930 2.930 2.930 2.930 2.930 2.930 2.930
3.021 3.029 3.027 3.025 3.023 3.021 2.964 2.925 2.925 2.925 2.925 2.925 2.925 2.925 2.925 2.925 2.925 2.925 2.925 2.925 2.925 2.925 2.925 2.924 2.925 2.925 2.925 2.925 2.925 2.926 2.926 2.926 2.926 2.926 2.926 2.926 2.926 2.927 2.927 2.927 2.927 2.927 2.927 2.927 2.927 2.927 2.927 2.927 2.927 2.928 2.928 2.928 2.928 2.928 2.928 2.928 2.928 2.928 2.928 2.928 2.928 2.928 2.928 2.929 2.929 2.929 2.929 2.929 2.929 2.929 2.930 2.930 2.930 2.930 2.930 2.930 2.930
2.996 2.993 2.991 2.989 2.987 2.985 2.982 2.925 2.925 2.925 2.925 2.925 2.925 2.925 2.925 2.925 2.925 2.924 2.924 2.925 2.924 2.925 2.925 2.925 2.925 2.925 2.925 2.925 2.925 2.926 2.926 2.926 2.926 2.926 2.926 2.926 2.926 2.927 2.927 2.927 2.927 2.927 2.927 2.927 2.927 2.927 2.927 2.927 2.927 2.927 2.927 2.927 2.927 2.928 2.928 2.927 2.928 2.928 2.928 2.928 2.928 2.928 2.928 2.928 2.928 2.929 2.929 2.929 2.929 2.929 2.930 2.930 2.930 2.930 2.930 2.930 2.930
2.960 2.958 2.956 2.953 2.951 2.949 2.947 2.925 2.925 2.925 2.925 2.925 2.925 2.925 2.925 2.925 2.924 2.925 2.925 2.925 2.924 2.924 2.924 2.925 2.925 2.925 2.925 2.925 2.925 2.926 2.926 2.926 2.926 2.926 2.926 2.926 2.926 2.927 2.927 2.927 2.927 2.927 2.927 2.927 2.927 2.927 2.927 2.927 2.927 2.927 2.927 2.927 2.927 2.927 2.927 2.927 2.928 2.928 2.928 2.928 2.928 2.928 2.928 2.928 2.928 2.928 2.929 2.929 2.929 2.929 2.929 2.929 2.930 2.930 2.930 2.930 2.930
2.926 2.926 2.926 2.925 2.925 2.925 2.925 2.925 2.925 2.925 2.925 2.925 2.925 2.925 2.925 2.924 2.924 2.925 2.924 2.924 2.924 2.925 2.925 2.925 2.925 2.925 2.925 2.925 2.925 2.926 2.926 2.926 2.926 2.926 2.926 2.926 2.927 2.927 2.927 2.927 2.927 2.927 2.927 2.927 2.927 2.927 2.927 2.927 2.927 2.927 2.927 2.927 2.927 2.927 2.927 2.927 2.927 2.927 2.927 2.927 2.928 2.928 2.928 2.928 2.928 2.928 2.928 2.928 2.929 2.929 2.929 2.929 2.929 2.929 2.929 2.929 2.930
2.926 2.926 2.926 2.925 2.925 2.925 2.925 2.925 2.925 2.925 2.925 2.925 2.925 2.925 2.925 2.925 2.925 2.925 2.925 2.925 2.925 2.925 2.925 2.925 2.925 2.925 2.925 2.925 2.926 2.926 2.926 2.926 2.926 2.926 2.926 2.926 2.926 2.927 2.927 2.927 2.927 2.927 2.927 2.927 2.927 2.927 2.927 2.927 2.927 2.927 2.927 2.927 2.927 2.927 2.927 2.927 2.927 2.927 2.927 2.928 2.928 2.928 2.928 2.928 2.928 2.928 2.928 2.929 2.929 2.929 2.929 2.929 2.929 2.929 2.929 2.929 2.929
2.935 2.926 2.926 2.926 2.925 2.925 2.925 2.925 2.925 2.925 2.925 2.925 2.925 2.925 2.925 2.925 2.925 2.925 2.925 2.925 2.925 2.925 2.925 2.925 2.925 2.925 2.925 2.925 2.926 2.926 2.926 2.926 2.926 2.926 2.926 2.926 2.927 2.927 2.927 2.927 2.927 2.927 2.927 2.927 2.927 2.927 2.927 2.927 2.927 2.927 2.927 2.927 2.927 2.927 2.927 2.927 2.927 2.927 2.927 2.927 2.927 2.928 2.928 2.928 2.928 2.928 2.928 2.929 2.929 2.929 2.929 2.929 2.929 2.929 2.929 2.929 2.929
2.953 2.931 2.926 2.926 2.925 2.925 2.925 2.925 2.925 2.925 2.925 2.925 2.925 2.925 2.925 2.925 2.925 2.925 2.925 2.925 2.925 2.925 2.925 2.925 2.925 2.925 2.925 2.926 2.926 2.926 2.926 2.926 2.926 2.926 2.926 2.927 2.927 2.927 2.927 2.927 2.927 2.927 2.927 2.927 2.927 2.927 2.927 2.927 2.927 2.927 2.927 2.927 2.927 2.927 2.927 2.927 2.927 2.927 2.927 2.927 2.927 2.928 2.928 2.928 2.928 2.928 2.928 2.928 2.928 2.928 2.929 2.929 2.929 2.929 2.929 2.929 2.929
2.970 2.949 2.927 2.926 2.925 2.925 2.926 2.926 2.926 2.925 2.925 2.925 2.925 2.925 2.925 2.925 2.925 2.925 2.925 2.925 2.925 2.925 2.925 2.925 2.925 2.925 2.926 2.926 2.926 2.926 2.926 2.926 2.926 2.926 2.926 2.927 2.927 2.927 2.927 2.927 2.927 2.927 2.927 2.927 2.927 2.927 2.927 2.927 2.927 2.927 2.927 2.927 2.927 2.927 2.927 2.927 2.927 2.927 2.927 2.927 2.928 2.928 2.928 2.928 2.928 2.928 2.928 2.928 2.928 2.928 2.928 2.928 2.928 2.929 2.929 2.929 2.929
2.988 2.966 2.945 2.926 2.926 2.925 2.926 2.926 2.925 2.925 2.925 2.925 2.925 2.925 2.925 2.925 2.925 2.925 2.925 2.925 2.925 2.925 2.925 2.925 2.925 2.926 2.926 2.926 2.926 2.926 2.926 2.926 2.926 2.926 2.926 2.926 2.927 2.927 2.927 2.927 2.927 2.927 2.927 2.927 2.927 2.927 2.927 2.927 2.927 2.927 2.927 2.927 2.927 2.927 2.927 2.927 2.927 2.927 2.927 2.927 2.927 2.927 2.928 2.928 2.928 2.928 2.928 2.928 2.928 2.928 2.928 2.928 2.929 2.929 2.929 2.929 2.929
3.005 2.984 2.962 2.941 2.926 2.925 2.926 2.926 2.926 2.925 2.925 2.925 2.925 2.925 2.925 2.926 2.925 2.925 2.925 2.925 2.925 2.925 2.925 2.926 2.926 2.926 2.926 2.926 2.926 2.926 2.926 2.926 2.926 2.926 2.926 2.927 2.927 2.927 2.927 2.927 2.927 2.927 2.927 2.927 2.927 2.927 2.927 2.927 2.927 2.927 2.927 2.926 2.927 2.927 2.927 2.927 2.927 2.927 2.927 2.927 2.927 2.927 2.928 2.928 2.927 2.928 2.928 2.928 2.928 2.928 2.928 2.928 2.928 2.928 2.928 2.928 2.929
3.023 3.001 2.980 2.928 2.926 2.926 2.926 2.925 2.925 2.925 2.925 2.925 2.925 2.925 2.925 2.926 2.925 2.925 2.925 2.925 2.926 2.926 2.926 2.926 2.926 2.926 2.926 2.926 2.926 2.926 2.926 2.926 2.926 2.926 2.927 2.927 2.927 2.927 2.927 2.927 2.927 2.927 2.927 2.927 2.927 2.927 2.927 2.927 2.927 2.927 2.926 2.926 2.927 2.927 2.927 2.927 2.927 2.927 2.927 2.927 2.927 2.927 2.927 2.927 2.928 2.928 2.928 2.928 2.928 2.928 2.928 2.928 2.928 2.928 2.928 2.928 2.929
3.034 3.011 2.959 2.926 2.926 2.926 2.926 2.925 2.925 2.925 2.925 2.925 2.925 2.925 2.925 2.925 2.925 2.926 2.926 2.926 2.926 2.926 2.926 2.926 2.926 2.926 2.926 2.926 2.926 2.926 2.926 2.926 2.926 2.927 2.927 2.927 2.927 2.927 2.927 2.927 2.927 2.927 2.927 2.927 2.927 2.927 2.927 2.927 2.927 2.926 2.926 2.926 2.927 2.927 2.927 2.927 2.927 2.927 2.927 2.927 2.928 2.927 2.927 2.927 2.927 2.928 2.928 2.928 2.928 2.928 2.928 2.928 2.928 2.928 2.928 2.928 2.928
