includes/camargue/floodfiles/results_R2_t1.562607662346E12/res-0014.wd
ncols         906
nrows         631
xllcorner     362177.146667
yllcorner     6534725.688020
cellsize      20.000000
NODATA_value  -9999.000000
[rows 374 to 407 of 631, columns 770 to 846 of 906]
1.525 1.411 1.552 1.680 1.758 1.837 1.915 1.993 2.072 2.150 2.183 2.203 2.224 2.244 2.264 2.284 2.304 2.323 2.329 2.334 2.340 2.345 2.351 2.356 2.363 2.377 2.391 2.405 2.419 2.433 2.447 2.461 2.477 2.496 2.516 2.536 2.555 2.575 2.594 2.614 2.634 2.653 2.673 2.693 2.712 2.743 2.775 2.806 2.838 2.871 2.891 2.911 2.931 2.950 2.970 2.990 3.009 3.029 3.049 3.068 3.088 3.108 3.128 3.125 3.105 3.084 3.064 3.044 3.023 3.003 2.982 2.914 2.751 2.589 2.426 2.264 2.101
1.396 1.537 1.678 1.803 1.882 1.960 2.038 2.117 2.172 2.192 2.212 2.233 2.253 2.273 2.293 2.313 2.334 2.351 2.356 2.362 2.367 2.373 2.378 2.384 2.389 2.395 2.408 2.422 2.436 2.450 2.464 2.478 2.494 2.514 2.533 2.553 2.573 2.592 2.612 2.632 2.651 2.671 2.694 2.725 2.757 2.788 2.820 2.851 2.883 2.916 2.948 2.969 2.989 3.008 3.028 3.048 3.068 3.087 3.107 3.126 3.146 3.166 3.186 3.175 3.155 3.134 3.114 3.093 3.073 3.052 3.032 3.011 2.939 2.776 2.614 2.451 2.289
1.522 1.663 1.803 1.927 2.005 2.083 2.161 2.181 2.201 2.221 2.242 2.262 2.282 2.302 2.322 2.343 2.363 2.379 2.384 2.390 2.395 2.401 2.406 2.412 2.417 2.423 2.428 2.439 2.453 2.467 2.481 2.495 2.511 2.531 2.551 2.570 2.590 2.610 2.629 2.649 2.675 2.707 2.739 2.770 2.801 2.833 2.865 2.896 2.928 2.961 2.993 3.025 3.047 3.066 3.086 3.106 3.126 3.145 3.165 3.185 3.204 3.224 3.244 3.225 3.204 3.184 3.163 3.143 3.122 3.102 3.082 3.061 3.041 2.964 2.801 2.639 2.498
1.668 1.788 1.929 2.050 2.128 2.170 2.190 2.210 2.230 2.251 2.271 2.291 2.311 2.331 2.352 2.372 2.392 2.407 2.412 2.418 2.423 2.429 2.434 2.440 2.445 2.451 2.456 2.462 2.469 2.483 2.498 2.512 2.529 2.549 2.568 2.588 2.607 2.627 2.657 2.689 2.720 2.752 2.783 2.815 2.846 2.878 2.909 2.941 2.973 3.006 3.038 3.070 3.103 3.124 3.144 3.164 3.184 3.203 3.223 3.243 3.262 3.282 3.295 3.274 3.254 3.234 3.213 3.193 3.172 3.152 3.131 3.111 3.090 3.070 2.989 2.827 2.709
1.839 1.954 2.069 2.158 2.179 2.199 2.219 2.239 2.260 2.280 2.300 2.320 2.340 2.361 2.381 2.401 2.421 2.435 2.440 2.446 2.451 2.457 2.462 2.468 2.473 2.479 2.484 2.490 2.495 2.501 2.514 2.528 2.546 2.566 2.586 2.608 2.639 2.671 2.702 2.734 2.765 2.797 2.828 2.860 2.891 2.923 2.954 2.986 3.018 3.051 3.083 3.115 3.148 3.180 3.202 3.222 3.242 3.261 3.281 3.301 3.320 3.340 3.345 3.324 3.304 3.283 3.263 3.242 3.222 3.202 3.181 3.161 3.140 3.120 3.099 3.014 2.921
2.010 2.125 2.166 2.189 2.208 2.228 2.248 2.269 2.289 2.309 2.329 2.349 2.370 2.390 2.410 2.430 2.450 2.463 2.468 2.474 2.479 2.485 2.490 2.496 2.501 2.507 2.512 2.518 2.523 2.529 2.534 2.545 2.564 2.590 2.621 2.653 2.684 2.716 2.747 2.778 2.810 2.841 2.873 2.904 2.936 2.967 2.999 3.031 3.063 3.096 3.128 3.160 3.193 3.225 3.258 3.280 3.300 3.319 3.339 3.359 3.378 3.398 3.394 3.374 3.353 3.333 3.313 3.292 3.272 3.251 3.231 3.210 3.190 3.169 3.149 3.129 3.098
2.143 2.171 2.198 2.221 2.239 2.258 2.278 2.298 2.318 2.338 2.358 2.379 2.399 2.419 2.439 2.459 2.480 2.491 2.496 2.502 2.507 2.513 2.518 2.524 2.529 2.535 2.540 2.546 2.551 2.557 2.562 2.581 2.603 2.634 2.666 2.697 2.729 2.760 2.792 2.823 2.855 2.886 2.918 2.949 2.981 3.012 3.044 3.076 3.108 3.141 3.173 3.205 3.238 3.270 3.302 3.335 3.358 3.377 3.397 3.417 3.436 3.456 3.444 3.424 3.403 3.383 3.362 3.342 3.321 3.301 3.280 3.260 3.240 3.221 3.203 3.184 3.197
2.176 2.203 2.230 2.252 2.271 2.289 2.308 2.327 2.347 2.367 2.388 2.408 2.428 2.448 2.468 2.489 2.509 2.519 2.524 2.530 2.535 2.541 2.546 2.552 2.557 2.563 2.568 2.574 2.579 2.598 2.623 2.647 2.661 2.679 2.711 2.742 2.774 2.805 2.837 2.868 2.900 2.931 2.963 2.994 3.026 3.057 3.089 3.121 3.153 3.186 3.218 3.250 3.283 3.315 3.347 3.380 3.412 3.435 3.455 3.475 3.494 3.514 3.494 3.473 3.453 3.432 3.412 3.392 3.371 3.351 3.331 3.312 3.294 3.276 3.257 3.242 3.257
2.208 2.235 2.262 2.284 2.302 2.321 2.340 2.358 2.377 2.397 2.417 2.437 2.457 2.477 2.498 2.518 2.538 2.547 2.552 2.558 2.563 2.569 2.574 2.580 2.585 2.591 2.596 2.616 2.640 2.665 2.689 2.711 2.726 2.740 2.756 2.787 2.818 2.850 2.882 2.913 2.944 2.976 3.008 3.039 3.070 3.102 3.133 3.166 3.198 3.231 3.263 3.295 3.328 3.360 3.392 3.425 3.457 3.490 3.513 3.533 3.552 3.564 3.543 3.523 3.503 3.482 3.462 3.441 3.423 3.404 3.386 3.367 3.349 3.330 3.312 3.301 3.316
2.240 2.267 2.295 2.315 2.334 2.352 2.371 2.390 2.408 2.427 2.446 2.466 2.486 2.507 2.527 2.547 2.567 2.575 2.580 2.586 2.591 2.596 2.602 2.608 2.613 2.633 2.657 2.682 2.706 2.731 2.755 2.776 2.790 2.804 2.819 2.833 2.863 2.895 2.926 2.958 2.989 3.021 3.052 3.084 3.115 3.147 3.178 3.211 3.243 3.276 3.308 3.340 3.373 3.405 3.437 3.470 3.502 3.534 3.567 3.591 3.610 3.614 3.593 3.573 3.552 3.532 3.514 3.496 3.477 3.459 3.440 3.422 3.403 3.385 3.367 3.360 3.376
2.272 2.300 2.327 2.347 2.365 2.384 2.402 2.421 2.440 2.458 2.477 2.496 2.516 2.536 2.556 2.576 2.596 2.603 2.608 2.614 2.619 2.624 2.630 2.650 2.675 2.699 2.724 2.748 2.773 2.797 2.822 2.841 2.855 2.869 2.883 2.897 2.912 2.940 2.971 3.003 3.034 3.066 3.097 3.128 3.160 3.191 3.223 3.256 3.288 3.320 3.353 3.385 3.418 3.450 3.482 3.515 3.547 3.579 3.612 3.644 3.668 3.663 3.643 3.624 3.605 3.587 3.569 3.550 3.532 3.513 3.495 3.477 3.458 3.440 3.421 3.420 3.435
2.305 2.332 2.359 2.378 2.397 2.415 2.434 2.453 2.471 2.490 2.508 2.527 2.546 2.565 2.585 2.606 2.625 2.631 2.636 2.642 2.647 2.668 2.692 2.717 2.741 2.765 2.790 2.814 2.839 2.863 2.888 2.906 2.920 2.934 2.948 2.962 2.976 2.990 3.016 3.047 3.079 3.110 3.142 3.173 3.205 3.236 3.268 3.301 3.333 3.365 3.398 3.430 3.463 3.495 3.527 3.560 3.592 3.624 3.657 3.689 3.721 3.715 3.697 3.679 3.660 3.642 3.623 3.605 3.586 3.568 3.550 3.531 3.513 3.494 3.476 3.479 3.494
2.337 2.364 2.391 2.410 2.428 2.447 2.465 2.484 2.503 2.521 2.540 2.559 2.577 2.596 2.615 2.635 2.653 2.658 2.664 2.685 2.709 2.734 2.758 2.783 2.807 2.832 2.856 2.881 2.905 2.930 2.954 2.971 2.985 2.999 3.013 3.027 3.041 3.055 3.069 3.092 3.124 3.155 3.187 3.218 3.250 3.281 3.313 3.346 3.378 3.410 3.443 3.475 3.508 3.540 3.572 3.605 3.637 3.669 3.699 3.728 3.757 3.759 3.752 3.733 3.715 3.696 3.678 3.660 3.641 3.623 3.604 3.586 3.567 3.549 3.531 3.539 3.554
2.369 2.396 2.422 2.441 2.460 2.478 2.497 2.516 2.534 2.553 2.572 2.590 2.609 2.627 2.646 2.665 2.681 2.702 2.727 2.751 2.776 2.800 2.825 2.849 2.874 2.898 2.923 2.947 2.971 2.996 3.020 3.035 3.050 3.064 3.078 3.092 3.106 3.120 3.134 3.148 3.168 3.200 3.231 3.263 3.294 3.326 3.358 3.390 3.423 3.455 3.488 3.520 3.552 3.585 3.617 3.648 3.677 3.706 3.735 3.764 3.790 3.791 3.791 3.788 3.769 3.751 3.733 3.714 3.696 3.677 3.659 3.641 3.622 3.604 3.585 3.598 3.613
2.401 2.429 2.454 2.473 2.491 2.510 2.529 2.547 2.566 2.584 2.603 2.622 2.640 2.659 2.678 2.701 2.731 2.769 2.793 2.817 2.842 2.866 2.891 2.915 2.940 2.964 2.989 3.013 3.038 3.062 3.086 3.100 3.114 3.128 3.143 3.157 3.171 3.185 3.199 3.213 3.227 3.245 3.276 3.308 3.339 3.371 3.403 3.435 3.468 3.500 3.533 3.565 3.597 3.626 3.656 3.684 3.713 3.743 3.771 3.800 3.822 3.823 3.824 3.824 3.824 3.806 3.787 3.769 3.751 3.732 3.714 3.695 3.677 3.658 3.642 3.657 3.672
2.434 2.461 2.485 2.504 2.523 2.541 2.560 2.579 2.597 2.616 2.635 2.653 2.672 2.694 2.719 2.744 2.776 2.817 2.858 2.884 2.908 2.933 2.957 2.982 3.006 3.031 3.055 3.080 3.104 3.129 3.151 3.165 3.179 3.193 3.207 3.221 3.236 3.250 3.264 3.278 3.292 3.306 3.321 3.352 3.384 3.416 3.448 3.480 3.513 3.545 3.576 3.605 3.634 3.663 3.692 3.721 3.750 3.779 3.808 3.837 3.854 3.855 3.856 3.856 3.857 3.857 3.842 3.824 3.805 3.787 3.768 3.750 3.731 3.713 3.702 3.717 3.732
2.466 2.493 2.517 2.536 2.554 2.573 2.591 2.610 2.629 2.647 2.666 2.688 2.713 2.738 2.763 2.788 2.822 2.862 2.903 2.944 2.975 2.999 3.024 3.048 3.072 3.097 3.121 3.146 3.170 3.195 3.216 3.230 3.244 3.258 3.272 3.286 3.300 3.314 3.329 3.343 3.357 3.371 3.385 3.399 3.429 3.461 3.493 3.525 3.554 3.583 3.612 3.641 3.670 3.699 3.728 3.757 3.786 3.815 3.844 3.873 3.887 3.887 3.888 3.888 3.889 3.890 3.890 3.878 3.860 3.841 3.823 3.805 3.786 3.768 3.761 3.776 3.791
2.498 2.525 2.548 2.567 2.586 2.604 2.623 2.642 2.660 2.681 2.706 2.731 2.756 2.781 2.806 2.831 2.867 2.908 2.949 2.990 3.031 3.065 3.090 3.114 3.139 3.163 3.188 3.212 3.237 3.261 3.281 3.295 3.309 3.323 3.337 3.351 3.365 3.379 3.393 3.407 3.421 3.436 3.450 3.464 3.478 3.503 3.532 3.561 3.590 3.619 3.648 3.677 3.706 3.735 3.764 3.793 3.822 3.851 3.880 3.909 3.919 3.919 3.920 3.921 3.921 3.922 3.922 3.923 3.915 3.896 3.878 3.859 3.841 3.822 3.820 3.836 3.851
2.530 2.558 2.580 2.598 2.617 2.636 2.654 2.674 2.699 2.724 2.749 2.774 2.799 2.824 2.849 2.874 2.912 2.953 2.994 3.035 3.076 3.117 3.156 3.181 3.205 3.230 3.254 3.278 3.303 3.327 3.345 3.360 3.374 3.388 3.402 3.416 3.430 3.444 3.458 3.472 3.486 3.500 3.514 3.526 3.538 3.545 3.569 3.598 3.626 3.655 3.684 3.713 3.742 3.771 3.800 3.829 3.858 3.887 3.916 3.945 3.951 3.952 3.952 3.953 3.953 3.954 3.955 3.955 3.956 3.951 3.932 3.914 3.895 3.877 3.880 3.895 3.910
2.562 2.590 2.611 2.630 2.649 2.668 2.693 2.718 2.743 2.768 2.793 2.818 2.843 2.868 2.893 2.918 2.957 2.998 3.039 3.080 3.121 3.162 3.203 3.244 3.271 3.296 3.320 3.345 3.369 3.394 3.410 3.424 3.438 3.452 3.467 3.481 3.495 3.509 3.523 3.537 3.550 3.562 3.574 3.586 3.597 3.604 3.610 3.634 3.663 3.692 3.721 3.750 3.779 3.808 3.837 3.866 3.895 3.924 3.953 3.982 3.983 3.984 3.984 3.985 3.985 3.986 3.987 3.987 3.988 3.988 3.987 3.969 3.950 3.932 3.939 3.954 3.969
2.595 2.622 2.643 2.661 2.686 2.711 2.736 2.761 2.786 2.811 2.836 2.861 2.886 2.911 2.936 2.962 3.003 3.043 3.084 3.125 3.166 3.207 3.248 3.289 3.330 3.362 3.387 3.411 3.436 3.460 3.475 3.489 3.503 3.517 3.531 3.545 3.560 3.573 3.585 3.597 3.609 3.621 3.633 3.645 3.655 3.662 3.669 3.676 3.699 3.728 3.757 3.786 3.815 3.844 3.873 3.902 3.931 3.960 3.989 4.015 4.015 4.016 4.016 4.017 4.018 4.018 4.019 4.019 4.020 4.020 4.021 4.022 4.005 3.986 3.999 4.014 4.029
2.628 2.654 2.679 2.704 2.729 2.754 2.779 2.804 2.829 2.854 2.879 2.904 2.929 2.954 2.979 3.007 3.048 3.089 3.130 3.171 3.212 3.253 3.294 3.334 3.375 3.416 3.453 3.477 3.502 3.526 3.540 3.554 3.568 3.582 3.596 3.609 3.621 3.633 3.645 3.657 3.669 3.681 3.693 3.705 3.714 3.721 3.727 3.734 3.741 3.764 3.793 3.822 3.851 3.880 3.909 3.938 3.967 3.996 4.025 4.047 4.047 4.048 4.049 4.049 4.050 4.050 4.051 4.052 4.052 4.053 4.053 4.054 4.054 4.043 4.058 4.072 4.086
2.661 2.684 2.718 2.747 2.772 2.797 2.822 2.847 2.872 2.897 2.923 2.947 2.972 2.998 3.022 3.052 3.093 3.134 3.175 3.216 3.257 3.298 3.339 3.380 3.421 3.462 3.503 3.543 3.568 3.591 3.605 3.619 3.633 3.645 3.657 3.669 3.681 3.693 3.705 3.717 3.729 3.741 3.753 3.765 3.773 3.779 3.786 3.793 3.799 3.806 3.829 3.858 3.887 3.916 3.945 3.974 4.003 4.032 4.061 4.079 4.080 4.080 4.081 4.081 4.082 4.083 4.083 4.084 4.084 4.085 4.085 4.086 4.087 4.104 4.115 4.129 4.143
2.690 2.715 2.749 2.783 2.816 2.841 2.866 2.891 2.916 2.941 2.966 2.991 3.016 3.041 3.066 3.097 3.138 3.179 3.220 3.261 3.302 3.343 3.384 3.425 3.466 3.507 3.548 3.589 3.630 3.655 3.668 3.680 3.692 3.704 3.716 3.728 3.740 3.752 3.764 3.776 3.788 3.800 3.812 3.824 3.831 3.838 3.845 3.851 3.858 3.865 3.871 3.895 3.924 3.953 3.982 4.011 4.039 4.068 4.097 4.111 4.112 4.112 4.113 4.114 4.114 4.115 4.115 4.116 4.116 4.117 4.118 4.133 4.152 4.169 4.178 4.186 4.200
2.720 2.746 2.780 2.814 2.848 2.882 2.909 2.934 2.959 2.984 3.009 3.034 3.059 3.084 3.109 3.142 3.183 3.224 3.265 3.306 3.347 3.388 3.429 3.470 3.511 3.552 3.593 3.634 3.672 3.707 3.728 3.740 3.752 3.764 3.776 3.788 3.800 3.812 3.824 3.836 3.848 3.860 3.872 3.883 3.890 3.896 3.903 3.910 3.917 3.923 3.930 3.937 3.960 3.989 4.018 4.047 4.076 4.105 4.134 4.143 4.144 4.144 4.145 4.146 4.146 4.147 4.147 4.148 4.149 4.160 4.179 4.198 4.217 4.234 4.243 4.251 4.259
2.750 2.777 2.811 2.845 2.879 2.913 2.947 2.977 3.002 3.027 3.052 3.077 3.102 3.127 3.152 3.188 3.229 3.270 3.311 3.351 3.392 3.433 3.474 3.515 3.556 3.597 3.635 3.673 3.712 3.745 3.776 3.799 3.812 3.824 3.836 3.848 3.860 3.872 3.884 3.896 3.908 3.920 3.932 3.942 3.948 3.955 3.962 3.968 3.975 3.982 3.988 3.995 4.002 4.025 4.054 4.083 4.112 4.141 4.170 4.175 4.176 4.177 4.177 4.178 4.178 4.179 4.180 4.187 4.206 4.225 4.244 4.263 4.282 4.300 4.308 4.316 4.324
2.780 2.808 2.842 2.876 2.910 2.944 2.978 3.012 3.046 3.071 3.096 3.121 3.146 3.171 3.196 3.233 3.274 3.315 3.356 3.397 3.438 3.479 3.520 3.560 3.598 3.636 3.675 3.713 3.751 3.783 3.814 3.845 3.871 3.883 3.895 3.907 3.919 3.931 3.943 3.955 3.967 3.980 3.992 4.000 4.007 4.014 4.020 4.027 4.034 4.040 4.047 4.054 4.060 4.067 4.090 4.119 4.148 4.177 4.206 4.208 4.208 4.209 4.209 4.210 4.211 4.214 4.233 4.252 4.271 4.290 4.309 4.328 4.347 4.365 4.373 4.381 4.389
2.810 2.839 2.873 2.907 2.941 2.975 3.009 3.043 3.077 3.111 3.139 3.164 3.189 3.214 3.239 3.278 3.319 3.360 3.401 3.442 3.483 3.523 3.561 3.599 3.637 3.676 3.714 3.752 3.790 3.821 3.852 3.883 3.914 3.943 3.955 3.967 3.979 3.991 4.003 4.015 4.027 4.039 4.051 4.059 4.065 4.072 4.079 4.085 4.092 4.099 4.105 4.112 4.119 4.126 4.132 4.155 4.184 4.213 4.239 4.240 4.240 4.241 4.242 4.242 4.260 4.279 4.298 4.317 4.336 4.355 4.374 4.393 4.413 4.430 4.438 4.446 4.454
2.839 2.870 2.904 2.938 2.972 3.006 3.040 3.074 3.108 3.142 3.176 3.207 3.232 3.257 3.282 3.323 3.364 3.405 3.446 3.486 3.524 3.562 3.600 3.638 3.677 3.715 3.753 3.791 3.829 3.860 3.890 3.921 3.952 3.983 4.014 4.027 4.039 4.051 4.063 4.075 4.087 4.099 4.111 4.117 4.124 4.131 4.137 4.144 4.151 4.157 4.164 4.171 4.177 4.184 4.191 4.198 4.221 4.250 4.271 4.272 4.272 4.273 4.287 4.306 4.325 4.344 4.363 4.382 4.401 4.420 4.440 4.459 4.478 4.495 4.503 4.511 4.519
2.869 2.901 2.935 2.969 3.003 3.037 3.071 3.105 3.139 3.173 3.207 3.241 3.275 3.301 3.328 3.368 3.409 3.449 3.487 3.525 3.563 3.601 3.640 3.678 3.716 3.754 3.792 3.831 3.867 3.898 3.929 3.960 3.990 4.021 4.052 4.083 4.098 4.110 4.122 4.135 4.147 4.159 4.169 4.176 4.182 4.189 4.196 4.203 4.209 4.216 4.223 4.229 4.236 4.243 4.249 4.256 4.263 4.286 4.304 4.304 4.314 4.333 4.352 4.371 4.390 4.409 4.428 4.448 4.466 4.486 4.505 4.524 4.543 4.560 4.568 4.576 4.585
2.899 2.933 2.967 3.000 3.034 3.068 3.102 3.136 3.170 3.204 3.238 3.272 3.306 3.340 3.373 3.412 3.450 3.488 3.526 3.564 3.602 3.641 3.679 3.717 3.755 3.793 3.832 3.870 3.905 3.936 3.967 3.998 4.029 4.059 4.090 4.121 4.152 4.170 4.182 4.194 4.206 4.218 4.228 4.234 4.241 4.248 4.254 4.261 4.268 4.275 4.281 4.288 4.295 4.301 4.308 4.315 4.321 4.328 4.341 4.360 4.379 4.398 4.417 4.436 4.455 4.474 4.494 4.513 4.532 4.551 4.570 4.589 4.608 4.625 4.633 4.641 4.650
2.930 2.964 2.998 3.032 3.066 3.099 3.133 3.167 3.201 3.235 3.269 3.303 3.337 3.374 3.411 3.451 3.489 3.527 3.565 3.603 3.642 3.680 3.718 3.756 3.794 3.833 3.871 3.909 3.943 3.974 4.005 4.036 4.067 4.098 4.128 4.159 4.190 4.221 4.242 4.254 4.266 4.278 4.286 4.293 4.300 4.306 4.313 4.320 4.326 4.333 4.340 4.346 4.353 4.360 4.367 4.376 4.385 4.395 4.417 4.427 4.444 4.463 4.482 4.501 4.521 4.540 4.559 4.578 4.597 4.616 4.635 4.654 4.673 4.690 4.698 4.707 4.715
2.961 2.995 3.029 3.063 3.097 3.131 3.164 3.198 3.232 3.266 3.300 3.337 3.374 3.411 3.449 3.488 3.528 3.566 3.605 3.643 3.681 3.719 3.757 3.795 3.834 3.872 3.910 3.948 3.981 4.012 4.043 4.074 4.105 4.136 4.167 4.198 4.228 4.259 4.290 4.314 4.326 4.338 4.345 4.352 4.358 4.365 4.372 4.378 4.385 4.392 4.400 4.409 4.418 4.426 4.435 4.444 4.453 4.475 4.502 4.512 4.521 4.531 4.547 4.567 4.586 4.605 4.624 4.643 4.662 4.681 4.700 4.719 4.738 4.755 4.763 4.772 4.780
2.992 3.026 3.060 3.094 3.128 3.162 3.196 3.229 3.263 3.300 3.337 3.374 3.411 3.448 3.486 3.526 3.566 3.605 3.644 3.682 3.720 3.758 3.797 3.835 3.873 3.911 3.949 3.988 4.020 4.051 4.081 4.112 4.143 4.174 4.205 4.236 4.266 4.297 4.328 4.359 4.385 4.397 4.403 4.410 4.417 4.425 4.433 4.442 4.451 4.459 4.468 4.477 4.486 4.494 4.503 4.512 4.525 4.555 4.584 4.596 4.606 4.616 4.625 4.635 4.651 4.670 4.689 4.708 4.727 4.746 4.765 4.785 4.804 4.820 4.828 4.837 4.845
