includes/camargue/floodfiles/results_R2_t1.562607662346E12/res-0010.wd
ncols         906
nrows         631
xllcorner     362177.146667
yllcorner     6534725.688020
cellsize      20.000000
NODATA_value  -9999.000000
[rows 408 to 441 of 631, columns 616 to 692 of 906]
0.067 0.035 0.018 0.015 0.000 0.089 0.000 0.001 0.016 0.006 0.262 0.002 0.003 0.000 0.000 0.002 0.000 0.000 0.019 0.039 0.000 0.000 0.030 0.033 0.043 0.006 0.041 0.051 0.000 0.390 0.000 0.366 0.007 0.047 0.017 0.000 0.012 0.000 0.001 0.000 0.050 0.000 0.051 0.000 0.022 0.025 0.029 0.000 0.021 0.016 0.014 0.019 0.000 0.000 0.000 0.000 0.000 0.000 0.043 0.046 0.060 0.077 0.094 0.099 0.097 0.092 0.086 0.081 0.076 0.070 0.063 0.055 0.056 0.054 0.051 0.048 0.045
0.000 0.000 0.000 0.013 0.011 0.128 0.048 0.000 0.000 0.040 0.059 0.000 0.076 0.076 0.076 0.065 0.014 0.000 0.457 0.479 0.000 0.000 0.011 0.025 0.014 0.006 0.389 0.000 0.403 0.400 0.005 0.050 0.006 0.000 0.000 0.000 0.000 0.000 0.000 0.000 0.050 0.052 0.058 0.000 0.020 0.022 0.023 0.015 0.014 0.015 0.015 0.017 0.016 0.000 0.000 0.004 0.026 0.031 0.047 0.055 0.067 0.080 0.090 0.093 0.092 0.089 0.084 0.079 0.074 0.069 0.064 0.056 0.048 0.048 0.047 0.046 0.044
0.000 0.093 0.153 0.000 0.008 0.096 0.000 0.073 0.043 0.000 0.069 0.022 0.146 0.000 0.000 0.033 0.141 0.091 0.000 0.010 0.489 0.000 0.063 0.042 0.009 0.006 0.403 0.011 0.000 0.410 0.000 0.013 0.004 0.385 0.000 0.000 0.382 0.000 0.000 0.051 0.054 0.054 0.000 0.013 0.017 0.019 0.018 0.013 0.013 0.014 0.015 0.016 0.017 0.017 0.020 0.036 0.064 0.055 0.055 0.062 0.071 0.080 0.087 0.089 0.089 0.086 0.083 0.079 0.075 0.071 0.066 0.051 0.040 0.043 0.044 0.043 0.041
0.000 0.000 0.103 0.001 0.175 0.250 0.003 0.000 0.083 0.000 0.000 0.340 0.046 0.035 0.022 0.012 0.061 0.019 0.011 0.023 0.505 0.028 0.000 0.007 0.055 0.043 0.001 0.043 0.031 0.000 0.000 0.006 0.003 0.000 0.042 0.000 0.393 0.029 0.029 0.000 0.000 0.040 0.029 0.022 0.019 0.016 0.014 0.013 0.013 0.014 0.015 0.016 0.023 0.000 0.000 0.000 0.000 0.064 0.063 0.067 0.074 0.080 0.085 0.087 0.086 0.085 0.082 0.080 0.077 0.073 0.061 0.047 0.034 0.038 0.041 0.042 0.041
0.004 0.002 0.000 0.001 0.055 0.174 0.000 0.073 0.073 0.053 0.000 0.107 0.000 0.000 0.024 0.000 0.040 0.000 0.007 0.011 0.522 0.011 0.445 0.440 0.004 0.042 0.034 0.000 0.031 0.000 0.013 0.015 0.015 0.001 0.000 0.000 0.000 0.400 0.000 0.000 0.000 0.032 0.029 0.024 0.018 0.014 0.014 0.014 0.014 0.014 0.015 0.016 0.019 0.013 0.009 0.009 0.043 0.069 0.069 0.072 0.076 0.081 0.084 0.085 0.085 0.084 0.083 0.082 0.079 0.068 0.056 0.044 0.032 0.033 0.037 0.039 0.039
0.004 0.164 0.000 0.000 0.000 0.039 0.292 0.000 0.183 0.363 0.000 0.003 0.127 0.398 0.027 0.033 0.012 0.000 0.034 0.004 0.000 0.008 0.000 0.000 0.041 0.047 0.043 0.037 0.030 0.020 0.015 0.013 0.000 0.004 0.409 0.012 0.033 0.008 0.000 0.000 0.023 0.030 0.026 0.020 0.016 0.015 0.014 0.014 0.014 0.014 0.015 0.015 0.017 0.015 0.014 0.028 0.064 0.083 0.078 0.077 0.079 0.082 0.084 0.085 0.085 0.085 0.085 0.084 0.074 0.063 0.052 0.040 0.030 0.028 0.033 0.036 0.037
0.064 0.034 0.011 0.000 0.047 0.037 0.055 0.000 0.000 0.007 0.137 0.107 0.000 0.015 0.000 0.090 0.021 0.012 0.007 0.009 0.000 0.005 0.000 0.029 0.032 0.000 0.000 0.000 0.028 0.022 0.017 0.012 0.006 0.001 0.000 0.000 0.000 0.000 0.000 0.020 0.028 0.000 0.016 0.016 0.016 0.015 0.015 0.015 0.014 0.014 0.015 0.015 0.016 0.017 0.027 0.067 0.000 0.089 0.086 0.083 0.083 0.084 0.085 0.086 0.087 0.088 0.089 0.080 0.070 0.059 0.048 0.037 0.028 0.024 0.029 0.033 0.035
0.000 0.000 0.011 0.007 0.003 0.070 0.315 0.000 0.124 0.015 0.000 0.005 0.000 0.425 0.030 0.060 0.002 0.033 0.000 0.012 0.000 0.017 0.000 0.031 0.028 0.022 0.017 0.017 0.023 0.021 0.020 0.014 0.008 0.004 0.000 0.000 0.000 0.000 0.020 0.020 0.000 0.000 0.010 0.013 0.015 0.015 0.015 0.015 0.015 0.015 0.015 0.015 0.016 0.017 0.031 0.000 0.051 0.087 0.096 0.091 0.089 0.088 0.089 0.090 0.091 0.092 0.084 0.075 0.065 0.055 0.044 0.035 0.027 0.021 0.026 0.030 0.033
0.012 0.001 0.000 0.054 0.074 0.007 0.332 0.000 0.014 0.113 0.033 0.063 0.000 0.000 0.000 0.000 0.013 0.033 0.000 0.466 0.000 0.023 0.021 0.026 0.023 0.000 0.021 0.019 0.021 0.018 0.000 0.014 0.009 0.004 0.000 0.000 0.000 0.000 0.000 0.020 0.010 0.006 0.009 0.012 0.013 0.014 0.015 0.015 0.015 0.015 0.015 0.015 0.016 0.017 0.025 0.025 0.000 0.088 0.108 0.103 0.100 0.097 0.097 0.097 0.098 0.090 0.081 0.071 0.061 0.051 0.041 0.032 0.025 0.020 0.023 0.027 0.031
0.000 0.000 0.034 0.044 0.000 0.000 0.071 0.356 0.378 0.032 0.000 0.000 0.000 0.000 0.000 0.000 0.000 0.031 0.000 0.483 0.002 0.027 0.024 0.024 0.021 0.016 0.020 0.019 0.018 0.016 0.010 0.012 0.008 0.004 0.001 0.000 0.000 0.000 0.000 0.000 0.010 0.013 0.011 0.012 0.013 0.014 0.015 0.015 0.015 0.015 0.015 0.015 0.016 0.017 0.022 0.028 0.053 0.095 0.127 0.123 0.119 0.115 0.113 0.112 0.101 0.090 0.079 0.069 0.058 0.048 0.038 0.030 0.024 0.019 0.020 0.025 0.029
0.000 0.005 0.000 0.000 0.000 0.125 0.051 0.373 0.057 0.026 0.000 0.000 0.000 0.000 0.000 0.000 0.001 0.022 0.023 0.002 0.026 0.026 0.024 0.023 0.021 0.019 0.019 0.018 0.017 0.015 0.011 0.011 0.008 0.004 0.002 0.000 0.000 0.000 0.000 0.000 0.051 0.000 0.012 0.013 0.014 0.015 0.015 0.015 0.016 0.016 0.016 0.016 0.016 0.018 0.024 0.043 0.079 0.116 0.152 0.155 0.150 0.146 0.142 0.126 0.111 0.097 0.083 0.070 0.058 0.046 0.036 0.028 0.022 0.019 0.017 0.024 0.029
0.143 0.092 0.018 0.015 0.339 0.077 0.000 0.016 0.379 0.011 0.000 0.005 0.024 0.000 0.415 0.000 0.001 0.015 0.020 0.026 0.032 0.028 0.025 0.023 0.021 0.019 0.019 0.018 0.016 0.014 0.011 0.010 0.007 0.004 0.002 0.000 0.000 0.000 0.000 0.000 0.000 0.000 0.000 0.009 0.013 0.016 0.019 0.021 0.021 0.021 0.020 0.019 0.019 0.022 0.040 0.075 0.111 0.148 0.184 0.199 0.194 0.189 0.170 0.151 0.133 0.115 0.098 0.081 0.064 0.050 0.037 0.028 0.022 0.019 0.017 0.023 0.030
0.000 0.000 0.031 0.036 0.059 0.000 0.000 0.000 0.026 0.068 0.069 0.000 0.040 0.054 0.000 0.000 0.001 0.011 0.019 0.033 0.036 0.031 0.027 0.024 0.021 0.020 0.018 0.017 0.015 0.013 0.011 0.009 0.007 0.004 0.002 0.001 0.000 0.000 0.000 0.000 0.000 0.000 0.000 0.005 0.008 0.011 0.014 0.017 0.020 0.022 0.024 0.025 0.029 0.046 0.078 0.114 0.150 0.186 0.222 0.249 0.244 0.224 0.205 0.185 0.165 0.146 0.126 0.106 0.087 0.067 0.049 0.034 0.024 0.020 0.019 0.023 0.032
0.000 0.042 0.000 0.000 0.079 0.000 0.000 0.003 0.028 0.000 0.067 0.066 0.063 0.067 0.062 0.000 0.002 0.009 0.020 0.040 0.040 0.034 0.029 0.025 0.022 0.020 0.018 0.016 0.014 0.012 0.010 0.009 0.006 0.004 0.003 0.001 0.000 0.000 0.000 0.000 0.000 0.000 0.000 0.002 0.005 0.008 0.010 0.013 0.015 0.018 0.020 0.022 0.027 0.048 0.087 0.129 0.172 0.214 0.256 0.299 0.283 0.263 0.243 0.223 0.203 0.182 0.162 0.141 0.120 0.100 0.079 0.059 0.040 0.027 0.023 0.026 0.037
0.046 0.000 0.012 0.000 0.000 0.055 0.000 0.000 0.347 0.369 0.000 0.000 0.000 0.000 0.045 0.044 0.000 0.009 0.026 0.049 0.044 0.038 0.032 0.027 0.023 0.020 0.017 0.016 0.014 0.012 0.010 0.008 0.006 0.005 0.003 0.002 0.000 0.000 0.000 0.000 0.000 0.000 0.000 0.001 0.003 0.005 0.007 0.009 0.012 0.014 0.016 0.019 0.025 0.050 0.090 0.132 0.175 0.217 0.260 0.283 0.284 0.274 0.263 0.252 0.241 0.222 0.201 0.180 0.159 0.138 0.116 0.095 0.075 0.055 0.039 0.033 0.046
0.000 0.022 0.000 0.000 0.356 0.002 0.004 0.342 0.364 0.386 0.022 0.017 0.000 0.007 0.032 0.036 0.027 0.023 0.034 0.000 0.043 0.038 0.032 0.027 0.023 0.020 0.018 0.016 0.014 0.012 0.010 0.008 0.006 0.005 0.003 0.002 0.001 0.000 0.000 0.000 0.000 0.000 0.000 0.000 0.002 0.003 0.005 0.007 0.009 0.011 0.013 0.016 0.023 0.052 0.093 0.136 0.178 0.221 0.253 0.267 0.278 0.267 0.257 0.246 0.235 0.224 0.212 0.201 0.189 0.177 0.156 0.134 0.113 0.092 0.072 0.055 0.059
0.000 0.000 0.065 0.005 0.000 0.003 0.000 0.000 0.011 0.011 0.000 0.004 0.007 0.009 0.024 0.030 0.028 0.027 0.034 0.044 0.041 0.037 0.033 0.028 0.024 0.021 0.018 0.016 0.014 0.012 0.010 0.008 0.006 0.005 0.003 0.002 0.001 0.000 0.000 0.000 0.000 0.000 0.000 0.000 0.001 0.002 0.003 0.005 0.006 0.008 0.010 0.013 0.022 0.055 0.097 0.139 0.182 0.223 0.237 0.250 0.264 0.261 0.250 0.239 0.228 0.217 0.206 0.194 0.183 0.170 0.158 0.146 0.133 0.120 0.108 0.088 0.079
0.000 0.000 0.035 0.004 0.003 0.007 0.000 0.000 0.000 0.016 0.012 0.011 0.010 0.010 0.019 0.025 0.027 0.028 0.036 0.048 0.044 0.039 0.035 0.030 0.026 0.022 0.019 0.016 0.014 0.012 0.010 0.008 0.006 0.005 0.003 0.002 0.000 0.000 0.000 0.000 0.000 0.001 0.001 0.000 0.001 0.002 0.002 0.003 0.005 0.006 0.008 0.010 0.021 0.058 0.100 0.143 0.185 0.207 0.221 0.234 0.247 0.254 0.243 0.233 0.222 0.210 0.199 0.188 0.176 0.164 0.151 0.138 0.125 0.111 0.097 0.082 0.095
0.000 0.000 0.000 0.376 0.000 0.003 0.000 0.000 0.000 0.011 0.011 0.011 0.011 0.011 0.016 0.021 0.024 0.028 0.039 0.049 0.046 0.042 0.037 0.033 0.028 0.024 0.020 0.017 0.014 0.012 0.010 0.008 0.007 0.005 0.004 0.002 0.001 0.001 0.001 0.001 0.001 0.002 0.002 0.001 0.001 0.002 0.002 0.003 0.003 0.004 0.006 0.008 0.021 0.062 0.104 0.147 0.177 0.191 0.204 0.218 0.231 0.244 0.237 0.226 0.215 0.204 0.192 0.181 0.169 0.156 0.144 0.130 0.116 0.100 0.081 0.085 0.104
0.000 0.014 0.382 0.000 0.000 0.007 0.000 0.000 0.000 0.008 0.010 0.011 0.011 0.011 0.014 0.018 0.022 0.028 0.042 0.050 0.047 0.044 0.040 0.035 0.031 0.026 0.022 0.018 0.015 0.012 0.010 0.008 0.007 0.005 0.003 0.002 0.001 0.001 0.002 0.002 0.002 0.002 0.002 0.002 0.001 0.002 0.002 0.002 0.003 0.004 0.004 0.006 0.024 0.065 0.108 0.148 0.161 0.175 0.188 0.201 0.214 0.227 0.230 0.219 0.208 0.197 0.185 0.173 0.161 0.148 0.135 0.120 0.104 0.084 0.079 0.088 0.105
0.024 0.084 0.000 0.000 0.000 0.005 0.004 0.003 0.002 0.006 0.008 0.009 0.010 0.011 0.013 0.016 0.020 0.028 0.045 0.050 0.047 0.044 0.042 0.037 0.033 0.028 0.024 0.020 0.016 0.013 0.010 0.008 0.007 0.005 0.003 0.001 0.001 0.002 0.002 0.002 0.002 0.002 0.002 0.002 0.002 0.002 0.002 0.002 0.003 0.003 0.004 0.006 0.027 0.069 0.112 0.132 0.145 0.158 0.172 0.185 0.198 0.211 0.223 0.212 0.201 0.189 0.177 0.165 0.153 0.140 0.125 0.109 0.089 0.077 0.081 0.090 0.105
0.001 0.000 0.000 0.000 0.000 0.003 0.004 0.003 0.003 0.005 0.006 0.008 0.009 0.010 0.012 0.014 0.019 0.029 0.049 0.049 0.047 0.045 0.042 0.039 0.035 0.031 0.026 0.022 0.018 0.014 0.011 0.009 0.007 0.005 0.003 0.001 0.002 0.002 0.002 0.002 0.002 0.003 0.003 0.003 0.002 0.002 0.002 0.002 0.002 0.003 0.003 0.005 0.031 0.073 0.102 0.116 0.129 0.142 0.155 0.168 0.181 0.194 0.206 0.204 0.193 0.181 0.169 0.157 0.144 0.130 0.114 0.095 0.077 0.079 0.083 0.091 0.105
0.000 0.002 0.001 0.001 0.001 0.003 0.003 0.004 0.004 0.004 0.006 0.007 0.008 0.009 0.011 0.013 0.018 0.031 0.051 0.049 0.047 0.045 0.042 0.040 0.037 0.033 0.028 0.024 0.020 0.015 0.012 0.009 0.007 0.005 0.002 0.002 0.002 0.002 0.002 0.003 0.003 0.003 0.003 0.003 0.003 0.003 0.002 0.002 0.002 0.003 0.003 0.005 0.035 0.073 0.086 0.100 0.113 0.126 0.139 0.151 0.164 0.176 0.189 0.197 0.185 0.173 0.161 0.148 0.134 0.119 0.101 0.077 0.078 0.080 0.084 0.092 0.105
0.002 0.001 0.001 0.001 0.001 0.002 0.003 0.003 0.004 0.004 0.005 0.006 0.007 0.009 0.010 0.012 0.018 0.034 0.051 0.049 0.047 0.045 0.042 0.040 0.037 0.035 0.031 0.026 0.022 0.017 0.013 0.010 0.007 0.005 0.002 0.002 0.002 0.003 0.003 0.003 0.003 0.003 0.003 0.004 0.003 0.003 0.002 0.002 0.002 0.003 0.003 0.006 0.040 0.058 0.071 0.084 0.097 0.109 0.122 0.134 0.147 0.159 0.171 0.183 0.176 0.164 0.151 0.138 0.123 0.105 0.082 0.079 0.079 0.081 0.085 0.093 0.106
0.002 0.002 0.001 0.001 0.001 0.002 0.003 0.003 0.004 0.004 0.005 0.006 0.007 0.008 0.009 0.012 0.019 0.038 0.051 0.049 0.047 0.045 0.043 0.040 0.038 0.035 0.032 0.028 0.024 0.019 0.015 0.011 0.008 0.004 0.002 0.003 0.003 0.003 0.003 0.003 0.004 0.004 0.004 0.004 0.004 0.004 0.003 0.002 0.002 0.003 0.003 0.009 0.029 0.042 0.055 0.068 0.080 0.093 0.105 0.117 0.129 0.141 0.152 0.164 0.167 0.154 0.141 0.126 0.109 0.087 0.080 0.080 0.081 0.082 0.087 0.095 0.108
0.002 0.002 0.002 0.001 0.001 0.002 0.002 0.003 0.003 0.004 0.005 0.005 0.006 0.007 0.009 0.011 0.020 0.042 0.051 0.049 0.047 0.045 0.042 0.040 0.038 0.035 0.033 0.030 0.026 0.022 0.017 0.013 0.009 0.004 0.003 0.003 0.003 0.004 0.004 0.004 0.004 0.004 0.004 0.004 0.004 0.004 0.004 0.003 0.002 0.003 0.003 0.008 0.015 0.027 0.039 0.052 0.064 0.076 0.088 0.099 0.111 0.122 0.133 0.144 0.155 0.143 0.129 0.113 0.092 0.081 0.081 0.081 0.082 0.084 0.089 0.098 0.111
0.003 0.002 0.002 0.002 0.002 0.001 0.002 0.003 0.003 0.004 0.004 0.005 0.006 0.007 0.008 0.011 0.023 0.045 0.051 0.049 0.047 0.044 0.042 0.040 0.038 0.036 0.033 0.031 0.028 0.024 0.019 0.014 0.010 0.004 0.004 0.004 0.004 0.004 0.004 0.004 0.004 0.005 0.005 0.005 0.005 0.005 0.005 0.004 0.003 0.003 0.005 0.004 0.005 0.012 0.023 0.035 0.047 0.058 0.069 0.080 0.091 0.102 0.112 0.123 0.133 0.130 0.115 0.095 0.081 0.081 0.081 0.082 0.083 0.086 0.092 0.102 0.117
0.003 0.003 0.002 0.002 0.002 0.002 0.002 0.002 0.003 0.003 0.004 0.005 0.005 0.006 0.007 0.011 0.027 0.049 0.050 0.048 0.046 0.044 0.042 0.040 0.038 0.036 0.033 0.031 0.028 0.025 0.021 0.016 0.010 0.006 0.005 0.005 0.005 0.005 0.005 0.005 0.005 0.005 0.005 0.005 0.005 0.005 0.005 0.004 0.004 0.003 0.002 0.001 0.000 0.000 0.006 0.017 0.028 0.039 0.049 0.059 0.069 0.079 0.088 0.098 0.107 0.114 0.097 0.079 0.080 0.080 0.081 0.082 0.084 0.089 0.097 0.109 0.126
0.003 0.003 0.003 0.002 0.002 0.002 0.002 0.002 0.002 0.003 0.004 0.004 0.005 0.006 0.007 0.012 0.030 0.052 0.050 0.048 0.046 0.044 0.042 0.040 0.038 0.036 0.033 0.031 0.028 0.026 0.022 0.018 0.011 0.008 0.007 0.006 0.006 0.006 0.006 0.005 0.005 0.005 0.005 0.005 0.005 0.005 0.005 0.005 0.004 0.003 0.003 0.002 0.000 0.000 0.003 0.006 0.010 0.014 0.021 0.029 0.037 0.046 0.055 0.064 0.073 0.082 0.071 0.074 0.077 0.079 0.081 0.083 0.087 0.094 0.105 0.120 0.139
0.004 0.003 0.003 0.003 0.003 0.002 0.002 0.002 0.002 0.002 0.003 0.004 0.005 0.005 0.007 0.013 0.034 0.052 0.050 0.048 0.046 0.044 0.042 0.040 0.037 0.035 0.033 0.031 0.028 0.025 0.022 0.018 0.010 0.009 0.008 0.007 0.006 0.006 0.006 0.006 0.006 0.006 0.006 0.006 0.006 0.006 0.005 0.005 0.004 0.004 0.004 0.003 0.002 0.001 0.003 0.006 0.009 0.014 0.020 0.027 0.034 0.042 0.049 0.056 0.062 0.068 0.060 0.068 0.073 0.078 0.081 0.086 0.092 0.102 0.116 0.133 0.154
0.004 0.004 0.003 0.003 0.003 0.003 0.003 0.003 0.003 0.003 0.003 0.003 0.004 0.005 0.007 0.015 0.038 0.051 0.049 0.047 0.045 0.043 0.041 0.039 0.037 0.034 0.032 0.029 0.027 0.023 0.019 0.016 0.012 0.011 0.009 0.008 0.008 0.007 0.007 0.006 0.006 0.006 0.006 0.006 0.006 0.006 0.006 0.006 0.004 0.004 0.005 0.004 0.003 0.002 0.003 0.005 0.009 0.013 0.020 0.027 0.034 0.042 0.051 0.059 0.068 0.066 0.044 0.054 0.063 0.070 0.077 0.084 0.095 0.109 0.127 0.148 0.172
0.005 0.004 0.004 0.004 0.003 0.003 0.003 0.003 0.003 0.003 0.003 0.003 0.003 0.004 0.006 0.018 0.040 0.050 0.048 0.046 0.044 0.042 0.040 0.037 0.035 0.032 0.029 0.027 0.025 0.023 0.020 0.016 0.013 0.012 0.011 0.010 0.009 0.008 0.008 0.007 0.007 0.007 0.007 0.007 0.006 0.006 0.006 0.006 0.005 0.005 0.005 0.005 0.004 0.003 0.003 0.005 0.009 0.013 0.020 0.028 0.036 0.045 0.054 0.065 0.075 0.058 0.040 0.037 0.051 0.062 0.071 0.082 0.095 0.113 0.134 0.157 0.182
0.006 0.005 0.004 0.004 0.004 0.003 0.003 0.003 0.003 0.003 0.003 0.003 0.003 0.003 0.006 0.020 0.042 0.048 0.046 0.044 0.042 0.039 0.037 0.034 0.032 0.031 0.030 0.028 0.026 0.024 0.021 0.016 0.015 0.014 0.013 0.012 0.010 0.009 0.009 0.008 0.008 0.008 0.007 0.007 0.007 0.007 0.007 0.005 0.005 0.005 0.005 0.006 0.006 0.004 0.004 0.005 0.008 0.014 0.021 0.030 0.039 0.049 0.061 0.073 0.068 0.052 0.036 0.023 0.040 0.053 0.065 0.080 0.098 0.118 0.142 0.166 0.192
0.006 0.006 0.005 0.004 0.004 0.004 0.004 0.003 0.003 0.003 0.003 0.003 0.004 0.004 0.006 0.020 0.043 0.044 0.042 0.040 0.037 0.037 0.036 0.034 0.033 0.032 0.030 0.029 0.027 0.024 0.021 0.016 0.016 0.015 0.014 0.013 0.012 0.011 0.010 0.009 0.009 0.008 0.008 0.008 0.008 0.007 0.007 0.006 0.006 0.006 0.006 0.006 0.007 0.006 0.005 0.005 0.008 0.015 0.023 0.033 0.044 0.056 0.069 0.073 0.061 0.047 0.033 0.022 0.027 0.044 0.061 0.080 0.102 0.126 0.151 0.176 0.203
