includes/camargue/floodfiles/results_R2_t1.562607662346E12/res-0005.wdfp
ncols         906
nrows         631
xllcorner     362177.146667
yllcorner     6534725.688020
cellsize      20.000000
NODATA_value  -9999.000000
[rows 510 to 543 of 631, columns 693 to 769 of 906]
5.982 5.970 6.002 6.079 6.156 6.234 6.311 6.388 6.465 6.542 6.620 6.697 6.757 6.812 6.867 6.944 7.143 7.342 7.541 7.740 7.939 8.139 8.338 8.537 8.736 8.929 9.059 9.189 9.319 9.476 9.637 9.797 9.958 10.118 10.279 10.439 10.600 10.760 10.921 11.083 11.253 11.422 11.483 11.453 11.423 11.393 11.363 11.332 11.302 11.272 11.242 11.212 11.181 11.151 11.122 11.094 11.090 11.116 11.142 11.168 11.194 11.220 11.246 11.272 11.298 11.324 11.350 11.376 11.402 11.427 11.491 11.671 11.850 12.114 12.379 12.643 12.907
6.086 6.079 6.156 6.233 6.311 6.388 6.465 6.542 6.620 6.697 6.774 6.851 6.925 6.979 7.034 7.194 7.393 7.593 7.792 7.991 8.190 8.389 8.588 8.787 8.987 9.186 9.350 9.480 9.624 9.784 9.945 10.105 10.266 10.426 10.587 10.747 10.907 11.068 11.228 11.389 11.555 11.709 11.678 11.648 11.618 11.588 11.558 11.528 11.497 11.467 11.437 11.407 11.377 11.346 11.316 11.288 11.312 11.338 11.364 11.390 11.416 11.442 11.468 11.494 11.520 11.546 11.572 11.598 11.623 11.649 11.675 11.781 11.986 12.250 12.515 12.739 12.943
6.189 6.233 6.311 6.388 6.465 6.542 6.620 6.697 6.774 6.851 6.928 7.005 7.083 7.146 7.246 7.445 7.644 7.843 8.042 8.242 8.441 8.640 8.839 9.038 9.237 9.436 9.635 9.771 9.932 10.092 10.253 10.413 10.574 10.734 10.894 11.055 11.215 11.376 11.536 11.697 11.858 11.904 11.874 11.844 11.813 11.783 11.753 11.723 11.693 11.662 11.632 11.602 11.572 11.542 11.512 11.508 11.534 11.560 11.586 11.612 11.638 11.664 11.690 11.716 11.742 11.768 11.794 11.820 11.845 11.871 11.897 11.923 12.111 12.315 12.519 12.723 12.927
6.311 6.388 6.465 6.542 6.620 6.697 6.774 6.851 6.928 7.005 7.083 7.160 7.237 7.314 7.497 7.696 7.895 8.094 8.294 8.498 8.701 8.905 9.109 9.312 9.516 9.720 9.923 10.054 10.212 10.369 10.527 10.684 10.842 10.999 11.157 11.314 11.472 11.629 11.787 11.944 12.034 11.917 11.879 11.842 11.804 11.767 11.729 11.691 11.654 11.616 11.578 11.541 11.503 11.466 11.443 11.544 11.571 11.599 11.627 11.654 11.682 11.709 11.737 11.764 11.792 11.819 11.847 11.874 11.902 11.930 11.957 11.998 12.119 12.299 12.503 12.707 12.911
6.574 6.655 6.736 6.817 6.898 6.980 7.061 7.142 7.223 7.304 7.386 7.467 7.548 7.696 7.913 8.116 8.320 8.524 8.727 8.931 9.134 9.338 9.542 9.745 9.949 10.153 10.316 10.294 10.412 10.569 10.727 10.885 11.042 11.200 11.357 11.515 11.672 11.830 11.987 12.145 12.023 11.822 11.778 11.740 11.702 11.665 11.627 11.590 11.552 11.514 11.477 11.439 11.401 11.364 11.432 11.537 11.597 11.625 11.652 11.680 11.707 11.735 11.763 11.790 11.818 11.845 11.873 11.900 11.928 11.955 11.990 12.056 12.163 12.330 12.498 12.690 12.895
6.839 6.991 7.072 7.154 7.235 7.316 7.397 7.479 7.560 7.641 7.722 7.803 7.890 8.116 8.343 8.549 8.753 8.957 9.160 9.364 9.567 9.771 9.975 10.178 10.382 10.585 10.619 10.597 10.612 10.770 10.927 11.085 11.242 11.400 11.557 11.715 11.872 12.030 12.187 12.212 12.011 11.810 11.676 11.638 11.601 11.563 11.525 11.488 11.450 11.413 11.375 11.337 11.300 11.316 11.421 11.526 11.623 11.650 11.678 11.705 11.733 11.761 11.788 11.816 11.843 11.871 11.898 11.926 11.953 11.982 12.048 12.113 12.207 12.374 12.541 12.709 12.878
7.089 7.322 7.409 7.490 7.571 7.652 7.734 7.815 7.896 7.977 8.058 8.140 8.310 8.536 8.762 8.982 9.186 9.390 9.593 9.797 10.000 10.204 10.408 10.611 10.815 10.943 10.922 10.900 10.878 10.970 11.128 11.285 11.443 11.600 11.758 11.915 12.073 12.230 12.387 12.200 11.999 11.798 11.597 11.537 11.499 11.461 11.424 11.386 11.348 11.311 11.273 11.236 11.201 11.306 11.411 11.516 11.621 11.676 11.704 11.731 11.759 11.786 11.814 11.841 11.869 11.896 11.924 11.951 11.979 12.040 12.106 12.171 12.251 12.418 12.585 12.753 12.920
7.340 7.572 7.745 7.826 7.908 7.989 8.070 8.151 8.232 8.314 8.395 8.503 8.729 8.956 9.182 9.409 9.619 9.823 10.026 10.230 10.433 10.637 10.841 11.044 11.248 11.246 11.225 11.203 11.181 11.170 11.328 11.485 11.643 11.800 11.958 12.115 12.273 12.430 12.389 12.188 11.987 11.786 11.585 11.435 11.397 11.360 11.322 11.284 11.247 11.209 11.171 11.134 11.190 11.295 11.400 11.505 11.610 11.702 11.729 11.757 11.784 11.812 11.839 11.867 11.894 11.922 11.950 11.977 12.032 12.098 12.163 12.229 12.295 12.462 12.629 12.797 12.964
7.590 7.823 8.055 8.163 8.244 8.325 8.406 8.488 8.569 8.650 8.731 8.923 9.149 9.375 9.602 9.828 10.052 10.256 10.459 10.663 10.866 11.070 11.274 11.477 11.571 11.549 11.528 11.506 11.484 11.462 11.528 11.686 11.843 12.001 12.158 12.316 12.473 12.578 12.377 12.176 11.975 11.775 11.574 11.373 11.295 11.258 11.220 11.183 11.145 11.107 11.070 11.074 11.179 11.284 11.389 11.494 11.599 11.704 11.755 11.782 11.810 11.838 11.865 11.893 11.920 11.948 11.975 12.025 12.090 12.156 12.221 12.287 12.352 12.506 12.673 12.841 13.008
7.841 8.073 8.306 8.499 8.580 8.662 8.743 8.824 8.905 8.986 9.116 9.342 9.569 9.795 10.022 10.248 10.475 10.688 10.892 11.096 11.299 11.503 11.706 11.896 11.874 11.852 11.830 11.809 11.787 11.765 11.744 11.886 12.043 12.201 12.358 12.516 12.673 12.566 12.365 12.164 11.964 11.763 11.562 11.361 11.194 11.156 11.118 11.081 11.043 11.006 10.968 11.063 11.168 11.273 11.378 11.484 11.589 11.694 11.781 11.808 11.836 11.863 11.891 11.918 11.946 11.973 12.017 12.083 12.148 12.213 12.279 12.344 12.410 12.550 12.717 12.884 13.052
8.091 8.324 8.556 8.789 8.917 8.998 9.079 9.160 9.241 9.323 9.535 9.762 9.988 10.215 10.441 10.668 10.894 11.121 11.325 11.529 11.732 11.936 12.139 12.198 12.177 12.155 12.133 12.112 12.090 12.068 12.046 12.086 12.244 12.401 12.559 12.716 12.755 12.554 12.354 12.153 11.952 11.751 11.550 11.349 11.148 11.054 11.017 10.979 10.942 10.904 10.948 11.053 11.158 11.263 11.368 11.473 11.578 11.683 11.788 11.834 11.861 11.889 11.916 11.944 11.971 12.009 12.075 12.140 12.206 12.271 12.337 12.402 12.467 12.594 12.761 12.928 13.096
8.342 8.574 8.807 9.039 9.253 9.334 9.416 9.497 9.578 9.729 9.955 10.182 10.408 10.635 10.861 11.088 11.314 11.540 11.758 11.962 12.165 12.369 12.523 12.501 12.480 12.458 12.436 12.414 12.393 12.371 12.349 12.327 12.444 12.601 12.759 12.916 12.743 12.543 12.342 12.141 11.940 11.739 11.538 11.337 11.136 10.953 10.915 10.877 10.840 10.832 10.937 11.042 11.147 11.252 11.357 11.462 11.567 11.672 11.777 11.859 11.887 11.915 11.942 11.970 12.002 12.067 12.133 12.198 12.264 12.329 12.394 12.460 12.525 12.638 12.805 12.972 13.140
8.592 8.825 9.057 9.290 9.522 9.671 9.752 9.833 9.922 10.149 10.375 10.601 10.828 11.054 11.281 11.507 11.734 11.960 12.187 12.394 12.598 12.802 12.826 12.804 12.782 12.761 12.739 12.717 12.696 12.674 12.652 12.630 12.644 12.802 12.959 12.933 12.732 12.531 12.330 12.129 11.928 11.727 11.526 11.325 11.125 10.924 10.813 10.776 10.738 10.821 10.926 11.031 11.136 11.241 11.346 11.451 11.556 11.661 11.767 11.872 11.913 11.940 11.968 11.995 12.059 12.125 12.190 12.256 12.321 12.387 12.452 12.517 12.583 12.682 12.849 13.016 13.184
8.843 9.075 9.308 9.540 9.773 10.005 10.088 10.170 10.342 10.568 10.795 11.021 11.248 11.474 11.701 11.927 12.153 12.380 12.606 12.827 13.031 13.150 13.129 13.107 13.085 13.064 13.042 13.020 12.998 12.977 12.955 12.933 12.911 13.002 13.122 12.921 12.720 12.519 12.318 12.117 11.916 11.715 11.514 11.314 11.113 10.912 10.711 10.674 10.705 10.810 10.915 11.021 11.126 11.231 11.336 11.441 11.546 11.651 11.756 11.861 11.938 11.966 11.993 12.052 12.117 12.183 12.248 12.314 12.379 12.444 12.510 12.575 12.641 12.726 12.893 13.060 13.227
9.093 9.326 9.558 9.791 10.023 10.256 10.425 10.535 10.762 10.988 11.215 11.441 11.667 11.894 12.120 12.347 12.573 12.800 13.026 13.252 13.464 13.453 13.432 13.410 13.388 13.366 13.345 13.323 13.301 13.280 13.258 13.236 13.214 13.202 13.110 12.909 12.708 12.507 12.306 12.105 11.904 11.704 11.503 11.302 11.101 10.900 10.699 10.590 10.695 10.800 10.905 11.010 11.115 11.220 11.325 11.430 11.535 11.640 11.745 11.850 11.955 11.991 12.044 12.109 12.175 12.240 12.306 12.371 12.437 12.502 12.567 12.633 12.698 12.770 12.937 13.104 13.271
9.344 9.576 9.809 10.041 10.274 10.506 10.739 10.955 11.181 11.400 11.617 11.834 12.051 12.268 12.485 12.702 12.919 13.137 13.354 13.571 13.645 13.616 13.587 13.557 13.528 13.499 13.469 13.440 13.411 13.382 13.352 13.323 13.294 13.234 13.067 12.866 12.665 12.464 12.263 12.062 11.861 11.661 11.460 11.259 11.058 10.857 10.656 10.591 10.689 10.794 10.899 11.003 11.108 11.213 11.317 11.422 11.527 11.631 11.736 11.841 11.945 12.036 12.102 12.167 12.233 12.298 12.364 12.429 12.494 12.560 12.625 12.691 12.756 12.821 12.981 13.148 13.315
9.564 9.795 10.027 10.259 10.490 10.722 10.931 11.109 11.326 11.543 11.760 11.977 12.194 12.411 12.628 12.845 13.063 13.280 13.497 13.690 13.630 13.585 13.556 13.526 13.497 13.468 13.438 13.409 13.380 13.351 13.321 13.292 13.263 13.141 13.008 12.811 12.610 12.409 12.208 12.007 11.806 11.605 11.404 11.203 11.002 10.801 10.671 10.650 10.687 10.792 10.896 11.001 11.106 11.210 11.315 11.420 11.524 11.629 11.733 11.838 11.938 12.023 12.105 12.188 12.271 12.353 12.421 12.487 12.552 12.617 12.683 12.748 12.814 12.879 13.025 13.192 13.359
9.776 10.007 10.239 10.470 10.702 10.934 11.106 11.271 11.469 11.686 11.903 12.120 12.337 12.555 12.772 12.989 13.206 13.423 13.640 13.677 13.617 13.557 13.525 13.495 13.466 13.437 13.407 13.378 13.349 13.320 13.290 13.261 13.182 13.049 12.915 12.755 12.554 12.353 12.152 11.951 11.750 11.549 11.348 11.147 10.946 10.752 10.730 10.709 10.687 10.789 10.894 10.998 11.103 11.208 11.312 11.417 11.522 11.626 11.731 11.836 11.921 12.006 12.089 12.172 12.254 12.337 12.420 12.502 12.585 12.667 12.741 12.806 12.871 12.937 13.069 13.236 13.322
9.988 10.219 10.451 10.682 10.914 11.116 11.281 11.446 11.612 11.829 12.046 12.264 12.481 12.698 12.915 13.132 13.349 13.566 13.724 13.664 13.604 13.544 13.494 13.464 13.435 13.406 13.376 13.347 13.318 13.288 13.259 13.222 13.089 12.956 12.823 12.690 12.498 12.297 12.096 11.895 11.694 11.493 11.292 11.091 10.890 10.810 10.789 10.768 10.746 10.787 10.891 10.996 11.101 11.205 11.310 11.415 11.519 11.624 11.729 11.819 11.904 11.989 12.073 12.156 12.238 12.321 12.403 12.486 12.568 12.651 12.733 12.816 12.898 12.981 13.060 13.145 13.231
10.199 10.431 10.662 10.894 11.126 11.290 11.455 11.620 11.785 11.973 12.190 12.407 12.624 12.841 13.058 13.275 13.492 13.709 13.711 13.650 13.590 13.530 13.470 13.433 13.404 13.375 13.345 13.316 13.287 13.257 13.228 13.129 12.996 12.863 12.730 12.597 12.442 12.242 12.041 11.840 11.639 11.438 11.237 11.036 10.891 10.869 10.848 10.826 10.805 10.784 10.889 10.993 11.098 11.203 11.308 11.412 11.517 11.621 11.718 11.803 11.887 11.972 12.057 12.139 12.222 12.305 12.387 12.470 12.552 12.635 12.717 12.800 12.882 12.933 12.980 13.057 13.140
10.411 10.643 10.874 11.106 11.300 11.465 11.630 11.795 11.960 12.125 12.333 12.550 12.767 12.984 13.201 13.418 13.635 13.757 13.697 13.637 13.577 13.517 13.457 13.402 13.373 13.344 13.314 13.285 13.256 13.226 13.170 13.037 12.904 12.770 12.637 12.504 12.371 12.186 11.985 11.784 11.583 11.382 11.181 10.980 10.949 10.928 10.907 10.885 10.864 10.842 10.886 10.991 11.096 11.200 11.305 11.410 11.514 11.616 11.701 11.786 11.870 11.955 12.040 12.123 12.206 12.288 12.371 12.454 12.536 12.619 12.701 12.784 12.837 12.863 12.904 12.981 13.057
10.623 10.855 11.086 11.310 11.475 11.640 11.805 11.970 12.135 12.300 12.476 12.693 12.910 13.127 13.344 13.561 13.779 13.745 13.684 13.624 13.564 13.504 13.444 13.384 13.342 13.313 13.283 13.254 13.225 13.195 13.077 12.944 12.811 12.678 12.545 12.411 12.278 12.130 11.929 11.728 11.527 11.326 11.125 11.030 11.008 10.987 10.965 10.944 10.923 10.901 10.884 10.989 11.093 11.198 11.303 11.407 11.512 11.599 11.684 11.769 11.853 11.938 12.023 12.107 12.190 12.272 12.355 12.437 12.520 12.602 12.685 12.741 12.767 12.793 12.829 12.905 12.982
10.835 11.067 11.298 11.485 11.650 11.815 11.980 12.145 12.309 12.474 12.639 12.836 13.053 13.270 13.487 13.704 13.791 13.731 13.671 13.611 13.551 13.491 13.431 13.371 13.311 13.281 13.252 13.223 13.194 13.118 12.984 12.851 12.718 12.585 12.452 12.319 12.185 12.052 11.874 11.673 11.472 11.271 11.110 11.088 11.067 11.046 11.024 11.003 10.981 10.960 10.938 10.986 11.091 11.195 11.300 11.405 11.497 11.582 11.667 11.752 11.837 11.921 12.006 12.091 12.173 12.256 12.339 12.421 12.504 12.586 12.645 12.671 12.697 12.723 12.753 12.829 12.906
11.047 11.278 11.495 11.660 11.825 11.990 12.154 12.319 12.484 12.649 12.814 12.979 13.196 13.413 13.630 13.838 13.778 13.718 13.658 13.598 13.538 13.478 13.418 13.358 13.298 13.250 13.221 13.192 13.158 13.025 12.892 12.758 12.625 12.492 12.359 12.226 12.093 11.960 11.818 11.617 11.416 11.215 11.169 11.147 11.126 11.104 11.083 11.062 11.040 11.019 10.997 10.984 11.088 11.193 11.298 11.396 11.480 11.565 11.650 11.735 11.820 11.904 11.989 12.074 12.157 12.240 12.322 12.405 12.487 12.549 12.575 12.601 12.627 12.653 12.679 12.754 12.830
11.259 11.490 11.670 11.835 12.000 12.164 12.329 12.494 12.659 12.824 12.989 13.154 13.339 13.557 13.774 13.825 13.765 13.705 13.645 13.585 13.525 13.465 13.405 13.345 13.285 13.224 13.190 13.161 13.065 12.932 12.799 12.666 12.533 12.399 12.266 12.133 12.000 11.867 11.734 11.561 11.360 11.249 11.227 11.206 11.185 11.163 11.142 11.120 11.099 11.077 11.056 11.035 11.086 11.190 11.294 11.379 11.463 11.548 11.633 11.718 11.803 11.887 11.972 12.057 12.141 12.224 12.306 12.389 12.452 12.479 12.505 12.531 12.557 12.583 12.609 12.678 12.754
11.471 11.680 11.845 12.009 12.174 12.339 12.504 12.669 12.834 12.999 13.164 13.328 13.493 13.700 13.872 13.812 13.752 13.692 13.632 13.572 13.512 13.452 13.392 13.331 13.271 13.211 13.159 13.106 12.972 12.839 12.706 12.573 12.440 12.307 12.173 12.040 11.907 11.774 11.641 11.505 11.329 11.308 11.286 11.265 11.243 11.222 11.201 11.179 11.158 11.136 11.115 11.093 11.083 11.188 11.277 11.362 11.446 11.531 11.616 11.701 11.786 11.871 11.955 12.040 12.125 12.207 12.290 12.356 12.382 12.409 12.435 12.461 12.487 12.513 12.539 12.602 12.678
11.683 11.855 12.020 12.184 12.349 12.514 12.679 12.844 13.009 13.173 13.338 13.503 13.668 13.842 13.858 13.798 13.739 13.678 13.618 13.558 13.498 13.438 13.378 13.318 13.253 13.188 13.124 13.010 12.876 12.743 12.610 12.477 12.343 12.210 12.077 11.943 11.810 11.677 11.543 11.410 11.368 11.349 11.329 11.310 11.291 11.271 11.252 11.233 11.213 11.194 11.174 11.152 11.131 11.175 11.260 11.345 11.430 11.514 11.599 11.684 11.769 11.854 11.938 12.023 12.108 12.191 12.260 12.286 12.312 12.339 12.365 12.391 12.417 12.443 12.469 12.526 12.603
11.865 12.030 12.194 12.359 12.524 12.682 12.838 12.993 13.148 13.303 13.459 13.614 13.769 13.855 13.770 13.705 13.640 13.576 13.511 13.446 13.381 13.317 13.252 13.187 13.122 13.058 12.985 12.896 12.762 12.629 12.496 12.362 12.229 12.096 11.962 11.829 11.696 11.562 11.429 11.346 11.341 11.322 11.302 11.283 11.263 11.244 11.225 11.205 11.186 11.166 11.147 11.128 11.119 11.163 11.247 11.332 11.416 11.501 11.585 11.669 11.754 11.838 11.922 12.007 12.091 12.164 12.190 12.216 12.242 12.268 12.295 12.321 12.347 12.373 12.399 12.450 12.527
11.943 12.098 12.253 12.408 12.563 12.719 12.874 13.029 13.184 13.340 13.495 13.650 13.805 13.754 13.642 13.575 13.510 13.445 13.380 13.316 13.251 13.186 13.121 13.057 12.992 12.927 12.843 12.759 12.648 12.515 12.381 12.248 12.115 11.981 11.848 11.715 11.581 11.448 11.316 11.311 11.306 11.294 11.275 11.255 11.236 11.217 11.197 11.178 11.158 11.139 11.120 11.100 11.130 11.168 11.236 11.320 11.405 11.489 11.574 11.658 11.742 11.827 11.911 11.995 12.080 12.140 12.168 12.186 12.203 12.221 12.238 12.256 12.277 12.303 12.329 12.375 12.451
11.989 12.134 12.289 12.444 12.600 12.755 12.910 13.065 13.220 13.376 13.531 13.686 13.767 13.654 13.541 13.444 13.379 13.314 13.250 13.185 13.120 13.055 12.991 12.926 12.861 12.786 12.701 12.617 12.533 12.400 12.267 12.134 12.000 11.867 11.734 11.601 11.467 11.334 11.281 11.276 11.271 11.266 11.248 11.228 11.209 11.189 11.170 11.150 11.131 11.112 11.092 11.102 11.140 11.179 11.224 11.309 11.393 11.478 11.562 11.647 11.731 11.815 11.900 11.984 12.053 12.110 12.157 12.174 12.192 12.210 12.227 12.245 12.262 12.280 12.297 12.309 12.374
12.039 12.175 12.325 12.481 12.636 12.791 12.946 13.101 13.257 13.412 13.567 13.723 13.665 13.553 13.440 13.327 13.249 13.184 13.119 13.054 12.990 12.925 12.860 12.795 12.728 12.644 12.560 12.475 12.391 12.286 12.153 12.020 11.886 11.753 11.620 11.486 11.353 11.251 11.246 11.241 11.236 11.231 11.220 11.201 11.181 11.162 11.143 11.123 11.104 11.084 11.074 11.113 11.151 11.190 11.228 11.298 11.382 11.466 11.551 11.635 11.719 11.804 11.888 11.966 12.023 12.080 12.136 12.163 12.181 12.198 12.216 12.233 12.251 12.269 12.284 12.292 12.300
12.089 12.225 12.362 12.517 12.672 12.827 12.982 13.138 13.293 13.448 13.603 13.677 13.564 13.452 13.339 13.227 13.118 13.053 12.989 12.924 12.859 12.794 12.729 12.665 12.587 12.502 12.418 12.333 12.249 12.164 12.039 11.905 11.772 11.639 11.505 11.372 11.239 11.217 11.212 11.206 11.201 11.196 11.191 11.173 11.154 11.135 11.115 11.096 11.076 11.057 11.085 11.123 11.162 11.200 11.239 11.286 11.370 11.455 11.539 11.624 11.708 11.792 11.877 11.936 11.992 12.049 12.106 12.152 12.170 12.187 12.205 12.222 12.240 12.257 12.268 12.276 12.284
12.139 12.275 12.411 12.553 12.708 12.863 13.019 13.174 13.329 13.484 13.640 13.576 13.464 13.351 13.238 13.126 13.013 12.923 12.858 12.793 12.728 12.664 12.599 12.529 12.445 12.360 12.276 12.191 12.107 12.023 11.925 11.791 11.658 11.525 11.391 11.258 11.187 11.182 11.177 11.172 11.167 11.161 11.156 11.146 11.127 11.107 11.088 11.069 11.049 11.058 11.096 11.134 11.173 11.211 11.249 11.288 11.359 11.443 11.528 11.612 11.697 11.781 11.849 11.905 11.962 12.019 12.076 12.133 12.158 12.176 12.194 12.211 12.229 12.244 12.252 12.260 12.268
12.189 12.325 12.461 12.597 12.744 12.900 13.055 13.210 13.365 13.521 13.588 13.475 13.363 13.250 13.137 13.025 12.912 12.800 12.727 12.663 12.598 12.533 12.468 12.387 12.303 12.218 12.134 12.049 11.965 11.881 11.796 11.677 11.544 11.410 11.277 11.157 11.152 11.147 11.142 11.137 11.132 11.127 11.122 11.116 11.100 11.080 11.061 11.041 11.030 11.068 11.107 11.145 11.183 11.222 11.260 11.298 11.348 11.432 11.516 11.601 11.685 11.761 11.818 11.875 11.932 11.989 12.046 12.103 12.147 12.165 12.182 12.200 12.218 12.227 12.235 12.243 12.251
