includes/camargue/floodfiles/results_R2_t1.562607662346E12/res-0004.wdfp
ncols         906
nrows         631
xllcorner     362177.146667
yllcorner     6534725.688020
cellsize      20.000000
NODATA_value  -9999.000000
[rows 442 to 475 of 631, columns 154 to 230 of 906]
0.000 0.000 0.000 0.000 0.000 0.000 0.000 0.000 0.000 0.000 0.000 0.000 0.000 0.000 0.000 0.000 0.000 0.000 0.000 0.000 0.000 0.000 0.000 0.000 0.000 0.000 0.000 0.000 0.000 0.000 0.000 0.000 0.000 0.000 0.000 0.000 0.000 0.000 0.000 0.000 0.000 0.000 0.000 0.000 0.000 0.000 0.000 0.000 0.000 0.000 0.000 0.000 3.827 3.807 4.007 2.850 2.833 4.109 4.029 2.779 2.761 2.768 4.219 3.970 4.030 3.970 4.040 3.900 3.921 3.901 3.811 3.892 3.892 3.732 3.802 3.763 3.733
0.000 0.000 0.000 0.000 0.000 0.000 0.000 0.000 0.000 0.000 0.000 0.000 0.000 0.000 0.000 0.000 0.000 0.000 0.000 0.000 0.000 0.000 0.000 0.000 0.000 0.000 0.000 0.000 0.000 0.000 0.000 0.000 0.000 0.000 0.000 0.000 0.000 0.000 0.000 0.000 0.000 0.000 0.000 0.000 0.000 0.000 0.000 0.000 0.000 0.000 0.000 0.000 0.000 4.008 3.998 3.046 3.029 4.209 4.269 2.975 2.957 4.099 4.240 4.040 3.950 3.910 3.840 3.850 3.911 3.811 3.811 3.802 3.882 3.862 3.762 3.852 3.792
0.000 0.000 0.000 0.000 0.000 0.000 0.000 0.000 0.000 0.000 0.000 0.000 0.000 0.000 0.000 0.000 0.000 0.000 0.000 0.000 0.000 0.000 0.000 0.000 0.000 0.000 0.000 0.000 0.000 0.000 0.000 0.000 0.000 0.000 0.000 0.000 0.000 0.000 0.000 0.000 0.000 0.000 0.000 0.000 0.000 0.000 0.000 0.000 0.000 0.000 0.000 0.000 0.000 3.968 3.898 3.242 3.224 3.206 3.188 3.170 3.160 4.069 3.920 4.050 3.960 3.900 3.950 3.891 3.901 3.831 3.812 3.892 3.852 3.842 3.673 3.763 3.733
0.000 0.000 0.000 0.000 0.000 0.000 0.000 0.000 0.000 0.000 0.000 0.000 0.000 0.000 0.000 0.000 0.000 0.000 0.000 0.000 0.000 0.000 0.000 0.000 0.000 0.000 0.000 0.000 0.000 0.000 0.000 0.000 0.000 0.000 0.000 0.000 0.000 0.000 0.000 0.000 0.000 0.000 0.000 0.000 0.000 0.000 0.000 0.000 0.000 0.000 0.000 0.000 0.000 4.218 3.988 3.438 3.420 3.402 3.384 3.366 4.069 4.020 4.010 3.960 3.930 4.040 3.940 3.911 3.891 3.881 3.812 3.742 3.702 3.872 3.882 3.822 3.763
0.000 0.000 0.000 0.000 0.000 0.000 0.000 0.000 0.000 0.000 0.000 0.000 0.000 0.000 0.000 0.000 0.000 0.000 0.000 0.000 0.000 0.000 0.000 0.000 0.000 0.000 0.000 0.000 0.000 0.000 0.000 0.000 0.000 0.000 0.000 0.000 0.000 0.000 0.000 0.000 0.000 0.000 0.000 0.000 0.000 0.000 0.000 0.000 0.000 0.000 0.000 0.000 0.000 4.078 4.018 3.633 3.615 3.597 3.579 3.561 4.140 4.070 4.040 4.000 4.040 4.030 3.930 3.991 3.941 3.921 3.871 3.922 3.802 3.912 3.722 3.792 3.823
0.000 0.000 0.000 0.000 0.000 0.000 0.000 0.000 0.000 0.000 0.000 0.000 0.000 0.000 0.000 0.000 0.000 0.000 0.000 0.000 0.000 0.000 0.000 0.000 0.000 0.000 0.000 0.000 0.000 0.000 0.000 0.000 0.000 0.000 0.000 0.000 0.000 0.000 0.000 0.000 0.000 0.000 0.000 0.000 0.000 0.000 0.000 0.000 0.000 0.000 0.000 0.000 4.288 4.288 4.258 3.829 3.811 3.793 3.775 3.759 4.210 3.920 4.090 3.990 3.950 4.001 3.921 3.961 3.971 3.931 3.831 3.972 3.842 3.802 3.862 3.893 3.823
0.000 0.000 0.000 0.000 0.000 0.000 0.000 0.000 0.000 0.000 0.000 0.000 0.000 0.000 0.000 0.000 0.000 0.000 0.000 0.000 0.000 0.000 0.000 0.000 0.000 0.000 0.000 0.000 0.000 0.000 0.000 0.000 0.000 0.000 0.000 0.000 0.000 0.000 0.000 0.000 0.000 0.000 0.000 0.000 0.000 0.000 0.000 0.000 0.000 0.000 0.000 4.198 4.011 4.060 4.042 4.024 4.006 3.988 3.970 4.140 3.970 4.130 4.081 4.081 3.931 3.941 4.171 4.191 3.941 3.942 3.852 3.872 3.722 3.802 3.812 3.593 3.843
0.000 0.000 0.000 0.000 0.000 0.000 0.000 0.000 0.000 0.000 0.000 0.000 0.000 0.000 0.000 0.000 0.000 0.000 0.000 0.000 0.000 0.000 0.000 0.000 0.000 0.000 0.000 0.000 2.508 2.818 0.000 0.000 0.000 0.000 0.000 0.000 0.000 0.000 0.000 0.000 0.000 0.000 0.000 0.000 0.000 0.000 0.000 0.000 0.000 0.000 0.000 4.198 4.288 4.195 4.237 4.220 4.202 4.184 4.166 4.170 4.100 4.110 4.051 4.021 4.081 4.021 4.051 4.142 4.012 4.002 3.872 3.932 3.853 3.823 3.683 3.883 3.823
0.000 0.000 0.000 0.000 0.000 0.000 0.000 0.000 0.000 0.000 0.000 0.000 0.000 0.000 0.000 0.000 0.000 0.000 0.000 0.000 0.000 0.000 0.000 0.000 0.000 0.000 3.156 3.307 3.628 3.728 3.578 3.649 3.519 3.549 3.739 3.749 3.790 3.910 3.751 3.911 4.091 3.912 4.012 3.853 3.833 3.874 3.854 3.785 3.886 3.906 4.057 4.228 4.278 4.329 4.378 4.415 4.398 4.380 4.362 4.220 4.111 4.081 4.081 4.171 4.131 3.912 4.062 3.902 4.062 3.952 3.992 3.913 3.943 3.893 3.953 3.963 3.793
0.000 0.000 0.000 0.000 0.000 0.000 0.000 0.000 0.000 0.000 0.000 0.000 0.000 0.000 0.000 0.000 0.000 0.000 0.000 0.000 0.000 0.000 0.000 0.000 0.000 3.226 3.627 3.477 3.757 3.758 3.608 3.769 3.699 3.869 3.979 3.919 3.950 4.080 4.141 4.271 4.151 4.122 4.182 4.113 3.348 4.284 3.909 4.161 4.196 4.086 4.311 4.362 4.412 4.462 4.512 4.562 4.593 4.575 4.563 4.251 4.231 4.141 4.141 4.122 4.012 3.962 4.142 4.002 3.962 4.002 4.123 4.003 3.883 3.663 3.943 3.933 3.843
0.000 0.000 0.000 0.000 0.000 0.000 0.000 0.000 0.000 0.000 0.000 0.000 0.000 0.000 0.000 0.000 0.000 0.000 0.000 0.000 0.000 0.000 0.000 0.000 3.836 3.706 3.876 3.857 3.847 3.568 3.588 3.749 3.639 3.959 4.029 4.089 4.110 4.280 2.322 4.221 4.271 4.242 3.003 4.263 3.563 3.842 4.284 4.215 4.106 4.186 4.445 4.495 4.545 4.595 4.645 4.696 4.746 4.771 4.281 4.241 4.271 4.122 4.092 4.142 4.042 4.102 4.022 3.983 3.993 3.923 3.913 3.853 3.923 3.933 3.993 3.974 3.954
0.000 0.000 0.000 0.000 0.000 0.000 0.000 3.365 3.466 3.216 2.746 0.000 0.000 0.000 0.000 0.000 0.000 3.305 3.645 3.955 3.885 3.945 3.965 4.045 3.846 4.186 3.866 4.027 3.887 3.988 3.738 3.759 3.899 3.879 3.989 2.499 2.569 2.651 2.734 4.171 4.161 4.122 3.217 3.497 3.777 4.056 4.214 4.155 4.478 4.528 4.578 4.628 4.679 4.729 4.779 4.829 4.879 4.913 4.271 4.241 4.231 4.212 4.677 4.092 4.002 4.083 4.013 3.893 3.913 3.893 3.903 3.884 3.884 3.944 3.924 3.894 3.974
0.000 0.000 0.000 0.000 3.765 4.085 4.005 3.955 3.995 3.946 3.806 1.616 3.715 3.885 3.965 3.885 3.955 3.965 4.015 3.945 4.065 3.995 4.085 4.095 4.245 4.086 4.086 4.027 3.997 3.948 3.908 4.118 4.069 4.219 4.259 4.099 4.190 4.200 3.146 3.228 3.311 3.393 3.476 3.710 3.990 4.270 4.511 4.561 4.611 4.662 4.712 4.762 4.812 4.862 4.887 4.891 4.896 4.280 4.879 4.251 4.151 4.202 4.062 4.032 4.579 4.073 3.993 3.993 3.923 3.893 3.974 3.884 3.924 3.914 3.984 4.084 3.904
0.000 0.000 4.125 4.185 4.105 4.225 4.115 3.965 4.035 4.126 4.085 4.075 4.105 4.165 3.985 3.985 4.085 3.945 4.025 4.155 4.135 4.065 4.185 4.105 4.165 4.176 4.216 4.147 4.107 4.097 4.058 4.038 4.178 4.229 4.139 4.149 3.393 3.475 4.271 3.640 4.251 4.212 3.888 3.971 4.204 4.484 4.644 4.694 4.745 4.795 4.845 4.860 4.865 4.869 4.874 4.879 4.883 4.877 4.857 4.231 4.162 4.082 4.112 4.002 4.163 4.153 4.023 3.943 4.013 4.063 3.924 3.944 3.954 3.934 3.974 3.874 3.994
4.195 4.135 4.195 4.175 4.235 4.185 4.105 4.215 4.155 4.185 4.155 3.352 4.165 3.224 4.085 4.085 4.115 4.055 4.085 4.135 4.025 4.105 4.065 4.245 4.196 4.216 4.076 4.227 4.117 4.167 4.188 3.448 3.514 4.228 4.279 3.722 3.804 3.887 3.969 4.052 4.135 4.217 4.300 4.382 4.465 4.698 4.778 4.828 4.833 4.838 4.842 4.847 4.852 4.857 4.861 4.866 4.871 4.855 4.221 4.191 4.797 4.162 4.172 4.192 4.103 4.033 4.183 3.933 4.103 4.084 3.994 3.984 3.864 3.884 3.794 3.974 3.944
3.024 4.175 4.225 4.115 4.245 4.195 4.215 3.932 4.235 4.245 3.661 4.245 3.480 4.215 4.235 4.225 4.185 4.235 4.235 4.225 4.185 4.215 4.155 4.175 4.266 4.276 4.246 3.600 4.107 3.726 4.277 3.852 3.918 3.984 4.051 4.269 4.269 4.299 4.381 4.464 4.546 4.629 4.712 4.794 4.820 4.810 4.811 4.816 4.820 4.825 4.830 4.834 4.839 4.844 4.849 4.854 4.853 4.834 4.815 4.241 4.091 4.282 4.262 4.162 4.253 4.183 4.123 4.153 4.143 4.054 3.944 4.004 4.034 4.064 3.974 4.004 3.925
4.225 3.642 4.051 4.195 4.205 4.250 4.241 4.150 4.060 3.970 3.880 3.789 4.235 3.739 3.788 4.225 4.115 4.185 4.205 4.245 4.275 3.828 3.760 4.236 3.818 3.881 3.944 4.007 4.070 4.133 4.196 4.259 4.323 4.389 4.463 4.545 4.628 4.711 4.793 4.868 4.860 4.852 4.844 4.836 4.827 4.814 4.798 4.803 4.808 4.812 4.817 4.822 4.827 4.831 4.836 4.841 4.832 4.812 4.793 4.774 4.251 4.735 4.212 4.152 4.222 4.153 4.123 4.223 4.063 4.074 4.044 3.954 4.004 3.974 3.824 3.974 3.965
3.443 4.155 4.235 4.312 4.338 4.365 4.392 4.369 4.279 4.188 4.098 4.008 3.948 3.997 4.045 4.265 4.143 4.192 4.240 4.254 4.257 4.189 4.122 4.161 4.225 4.288 4.351 4.414 4.477 4.540 4.603 4.666 4.729 4.793 4.875 4.909 4.901 4.892 4.884 4.876 4.868 4.859 4.851 4.843 4.834 4.817 4.801 4.790 4.795 4.800 4.804 4.809 4.814 4.819 4.824 4.828 4.810 4.791 4.772 4.251 4.733 4.714 4.162 4.252 4.608 4.212 4.053 4.053 4.083 4.084 4.044 4.054 4.044 4.034 3.964 3.984 4.015
3.652 4.061 4.400 4.427 4.453 4.480 4.506 4.533 4.497 4.407 4.316 4.226 4.205 4.254 4.303 4.352 4.401 4.450 4.498 4.547 4.596 4.551 4.505 4.568 4.632 4.695 4.758 4.821 4.884 4.947 4.953 4.952 4.951 4.940 4.925 4.917 4.908 4.900 4.892 4.883 4.875 4.867 4.859 4.851 4.838 4.821 4.805 4.788 4.782 4.787 4.792 4.796 4.801 4.806 4.811 4.808 4.789 4.770 4.750 4.731 4.711 4.692 4.161 4.122 4.262 4.562 4.182 4.243 4.103 4.023 4.034 3.944 4.074 4.054 4.014 4.074 4.014
3.861 4.271 4.515 4.542 4.568 4.595 4.622 4.648 4.675 4.625 4.535 4.445 4.463 4.512 4.560 4.609 4.659 4.707 4.756 4.805 4.854 4.903 4.912 4.975 4.991 4.990 4.989 4.988 4.987 4.986 4.985 4.984 4.983 4.962 4.936 4.924 4.916 4.907 4.899 4.891 4.882 4.874 4.866 4.858 4.842 4.825 4.808 4.792 4.775 4.774 4.779 4.784 4.789 4.793 4.798 4.786 4.767 4.748 4.729 4.709 4.690 4.241 4.651 4.231 4.612 4.232 4.032 4.023 3.913 4.053 4.064 4.184 4.034 4.064 4.074 4.044 4.044
4.071 4.480 4.630 4.656 4.683 4.710 4.737 4.763 4.790 4.817 4.753 4.672 4.720 4.769 4.818 4.867 4.916 4.965 5.011 5.014 5.017 5.021 5.025 5.024 5.023 5.022 5.021 5.020 5.019 5.018 5.017 5.016 5.010 4.984 4.958 4.931 4.923 4.915 4.906 4.898 4.890 4.882 4.874 4.862 4.846 4.829 4.812 4.795 4.779 4.762 4.766 4.771 4.776 4.781 4.784 4.765 4.746 4.726 4.707 4.688 4.669 4.241 4.261 4.291 4.272 4.152 4.092 4.073 3.973 4.023 3.953 4.053 4.204 4.014 4.024 4.054 4.064
4.281 4.690 4.745 4.771 4.798 4.825 4.852 4.878 4.905 4.932 4.959 4.929 4.978 5.022 5.025 5.028 5.031 5.034 5.037 5.040 5.044 5.047 5.053 5.056 5.055 5.054 5.053 5.052 5.051 5.050 5.049 5.048 5.031 5.005 4.979 4.953 4.930 4.922 4.914 4.905 4.897 4.889 4.881 4.866 4.849 4.282 4.816 4.799 4.783 4.766 4.754 4.256 4.764 4.769 4.763 4.744 4.724 4.705 4.686 4.667 4.647 4.628 4.608 4.211 4.152 4.242 4.262 3.963 4.083 4.223 4.113 3.903 3.894 4.134 4.124 4.024 4.074
4.490 4.833 4.859 4.886 4.913 4.940 4.967 4.993 5.020 5.032 5.036 5.042 5.045 5.048 5.051 5.054 5.057 5.061 5.064 5.067 5.070 5.074 5.080 5.085 5.087 5.086 5.085 5.084 5.083 5.082 5.081 5.079 5.053 5.027 5.001 4.975 4.949 4.929 4.921 4.913 4.905 4.897 4.886 4.870 4.853 4.836 4.820 4.803 4.786 4.770 4.753 4.746 4.751 4.756 4.288 4.722 4.703 4.684 4.664 4.645 4.626 4.606 4.261 4.251 4.548 4.192 4.112 4.212 4.123 4.203 4.043 4.033 3.923 4.124 4.044 4.044 4.024
4.700 4.948 4.974 5.001 5.028 5.039 5.043 5.046 5.050 5.053 5.056 5.064 5.071 5.075 5.078 5.081 5.084 5.087 5.090 5.093 5.096 5.101 5.107 5.112 5.117 5.119 5.118 5.116 5.115 5.114 5.113 5.101 5.075 5.049 5.022 4.996 4.970 4.944 4.929 4.920 4.912 4.904 4.890 4.873 4.857 4.840 4.823 4.807 4.790 4.773 4.757 4.741 4.738 4.739 4.720 4.701 4.682 4.662 4.643 4.624 4.604 4.585 4.261 4.211 4.252 4.522 4.172 4.222 4.293 4.193 4.023 3.973 4.233 4.004 4.054 4.024 3.924
5.004 5.046 5.050 5.053 5.057 5.060 5.064 5.067 5.070 5.074 5.078 5.086 5.095 5.101 5.104 5.107 5.110 5.113 5.116 5.119 5.123 5.128 5.134 5.139 5.144 5.149 5.149 5.148 5.147 5.146 5.145 5.123 5.096 5.070 5.044 5.018 4.992 4.966 4.940 4.928 4.919 4.911 4.894 4.877 4.860 4.844 4.827 4.810 4.794 4.777 4.761 4.744 4.226 4.717 4.698 4.238 4.667 4.654 4.640 4.627 4.613 4.600 4.586 4.231 4.171 4.242 4.222 4.142 4.163 4.123 4.073 4.053 4.213 4.024 4.094 3.954 4.084
5.050 5.065 5.070 5.074 5.077 5.081 5.084 5.088 5.091 5.095 5.101 5.109 5.117 5.125 5.130 5.134 5.137 5.140 5.143 5.146 5.150 5.155 5.161 5.166 5.171 5.176 5.181 5.180 5.179 5.178 5.171 5.145 5.118 5.092 5.066 5.040 5.014 4.988 4.962 4.936 4.927 4.914 4.898 4.881 4.864 4.848 4.831 4.814 4.799 4.787 4.776 4.765 4.753 4.731 4.717 4.704 4.691 4.677 4.664 4.650 4.270 4.230 4.610 4.261 4.261 4.569 4.042 4.172 4.222 4.183 4.083 4.213 4.163 4.153 4.133 4.144 4.074
5.060 5.075 5.090 5.094 5.098 5.101 5.105 5.108 5.112 5.116 5.123 5.131 5.139 5.147 5.155 5.160 5.163 5.166 5.169 5.172 5.177 5.182 5.187 5.193 5.198 5.203 5.208 5.213 5.211 5.210 5.193 5.166 5.140 5.114 5.088 5.061 5.035 5.009 4.983 4.957 4.934 4.918 4.905 4.894 4.883 4.871 4.860 4.849 4.837 4.284 4.815 4.804 4.784 4.757 4.741 4.727 4.714 4.701 4.687 4.674 4.660 4.270 4.633 4.620 4.606 4.171 4.580 4.292 4.262 4.262 4.163 4.213 4.163 4.153 4.173 4.183 4.024
5.070 5.086 5.101 5.115 5.119 5.122 5.126 5.129 5.133 5.137 5.145 5.153 5.161 5.169 5.177 5.185 5.189 5.192 5.196 5.199 5.204 5.209 5.214 5.219 5.225 5.230 5.235 5.240 5.244 5.241 5.214 5.188 5.162 5.136 5.109 5.083 5.058 5.033 5.007 4.981 4.964 4.956 4.944 4.933 4.921 4.910 4.899 4.887 4.876 4.865 4.244 4.841 4.815 4.788 4.764 4.751 4.737 4.724 4.711 4.209 4.684 4.670 4.270 4.643 4.630 4.617 4.605 4.292 4.252 4.202 4.133 4.193 4.213 4.143 4.113 4.173 4.133
5.081 5.096 5.112 5.127 5.139 5.143 5.146 5.150 5.153 5.160 5.168 5.176 5.184 5.192 5.200 5.207 5.215 5.219 5.222 5.226 5.231 5.236 5.241 5.246 5.251 5.257 5.262 5.267 5.272 5.263 5.237 5.211 5.185 5.160 5.134 5.109 5.083 5.058 5.032 5.007 4.999 4.994 4.983 4.972 4.960 4.949 4.937 4.926 4.915 4.904 4.892 4.872 4.845 4.818 4.791 4.774 4.761 4.747 4.268 4.209 4.707 4.694 4.680 4.667 4.654 4.641 4.272 4.617 4.604 4.212 4.292 4.172 4.223 4.113 4.203 4.163 4.529
5.091 5.107 5.122 5.137 5.153 5.163 5.167 5.171 5.174 5.182 5.190 5.198 5.206 5.214 5.222 5.230 5.238 5.245 5.248 5.253 5.258 5.263 5.268 5.273 5.277 5.282 5.286 5.291 5.295 5.284 5.262 5.236 5.211 5.185 5.159 5.134 5.109 5.083 5.058 5.039 5.034 5.028 5.022 5.011 4.999 4.988 4.976 4.965 4.954 4.942 4.930 4.903 4.876 4.849 4.822 4.797 4.784 4.770 4.757 4.744 4.731 4.717 4.704 4.690 4.678 4.666 4.653 4.641 4.182 4.242 4.607 4.222 4.143 4.053 4.203 4.153 4.163
5.102 5.117 5.133 5.148 5.163 5.179 5.188 5.191 5.196 5.204 5.212 5.220 5.228 5.236 5.244 5.252 5.260 5.268 5.274 5.279 5.283 5.287 5.291 5.295 5.300 5.304 5.309 5.313 5.312 5.300 5.287 5.262 5.236 5.210 5.185 5.159 5.134 5.108 5.083 5.074 5.069 5.063 5.058 5.050 5.038 5.027 5.015 5.004 4.992 4.981 4.960 4.933 4.906 4.880 4.853 4.825 4.277 4.794 4.781 4.767 4.754 4.741 4.727 4.715 4.702 4.690 4.241 4.192 4.653 4.202 4.631 4.621 4.203 4.603 4.233 4.133 4.283
5.113 5.128 5.143 5.159 5.174 5.189 5.205 5.212 5.218 5.226 5.234 5.242 5.250 5.264 5.280 5.296 5.312 5.327 5.311 5.301 5.305 5.309 5.314 5.318 5.322 5.327 5.331 5.336 5.328 5.315 5.303 5.287 5.261 5.235 5.210 5.185 5.159 5.134 5.114 5.109 5.103 5.098 5.093 5.088 5.077 5.066 5.054 5.043 5.031 5.018 4.991 4.964 4.937 4.910 4.883 4.856 4.831 4.818 4.804 4.791 4.778 4.764 4.751 4.739 4.726 4.714 4.291 4.689 4.272 4.272 4.282 4.282 4.636 4.253 4.233 4.293 4.283
5.123 5.138 5.154 5.169 5.185 5.200 5.215 5.231 5.245 5.261 5.277 5.293 5.308 5.324 5.340 5.356 5.371 5.381 5.356 5.332 5.328 5.332 5.336 5.340 5.345 5.349 5.354 5.356 5.343 5.331 5.318 5.306 5.286 5.261 5.235 5.210 5.184 5.159 5.148 5.143 5.138 5.133 5.128 5.123 5.116 5.105 5.093 5.082 5.070 5.049 5.022 4.995 4.968 4.941 4.914 4.887 4.860 4.841 4.828 4.814 4.801 4.249 4.775 4.763 4.250 4.738 4.726 4.291 4.701 4.689 4.677 4.242 4.659 4.123 4.641 4.632 4.193
5.134 5.149 5.164 5.180 5.211 5.246 5.281 5.310 5.305 5.321 5.337 5.352 5.368 5.384 5.399 5.415 5.431 5.426 5.401 5.377 5.352 5.354 5.359 5.363 5.367 5.372 5.376 5.371 5.359 5.347 5.334 5.322 5.309 5.286 5.261 5.235 5.210 5.189 5.183 5.178 5.173 5.168 5.163 5.158 5.153 5.144 5.132 5.121 5.106 5.080 5.052 5.026 4.999 4.972 4.945 4.918 4.891 4.864 4.851 4.838 4.824 4.812 4.289 4.787 4.775 4.762 4.750 4.738 4.725 4.222 4.701 4.691 4.212 4.212 4.664 4.655 4.273
