includes/camargue/floodfiles/results_R2_t1.562607662346E12/res-0013.wdfp
ncols         906
nrows         631
xllcorner     362177.146667
yllcorner     6534725.688020
cellsize      20.000000
NODATA_value  -9999.000000
[rows 510 to 543 of 631, columns 154 to 230 of 906]
1.697 1.696 1.682 1.664 1.620 1.530 1.439 1.349 1.258 1.167 1.077 0.986 0.895 0.806 0.757 0.737 0.717 0.697 0.677 0.657 0.637 0.618 0.598 0.590 0.627 0.665 0.702 0.740 0.737 0.732 0.727 0.723 0.718 0.710 0.703 0.696 0.687 0.675 0.663 0.652 0.640 0.628 0.630 0.647 0.664 0.680 0.697 0.725 0.756 0.787 0.818 0.811 0.802 0.793 0.784 0.774 0.754 0.723 0.733 0.783 0.833 0.883 0.934 0.985 1.036 1.087 1.129 1.109 1.088 1.067 1.053 1.052 1.050 1.049 1.048 1.047 1.081
1.687 1.687 1.686 1.668 1.597 1.507 1.416 1.326 1.236 1.150 1.065 0.979 0.894 0.808 0.755 0.719 0.699 0.679 0.659 0.639 0.620 0.600 0.580 0.587 0.625 0.662 0.699 0.737 0.774 0.784 0.779 0.775 0.770 0.763 0.756 0.748 0.736 0.724 0.712 0.700 0.689 0.677 0.665 0.682 0.699 0.715 0.738 0.769 0.800 0.831 0.862 0.871 0.862 0.853 0.843 0.820 0.789 0.757 0.762 0.812 0.862 0.912 0.962 1.012 1.063 1.113 1.163 1.142 1.121 1.117 1.115 1.114 1.113 1.111 1.110 1.109 1.143
1.678 1.677 1.676 1.665 1.578 1.493 1.408 1.322 1.237 1.151 1.066 0.981 0.895 0.820 0.768 0.716 0.681 0.661 0.641 0.621 0.602 0.582 0.562 0.584 0.622 0.659 0.697 0.734 0.772 0.809 0.831 0.827 0.822 0.815 0.808 0.796 0.785 0.773 0.761 0.749 0.737 0.725 0.714 0.717 0.733 0.751 0.782 0.813 0.844 0.875 0.906 0.931 0.922 0.912 0.886 0.855 0.823 0.792 0.790 0.840 0.890 0.940 0.990 1.040 1.090 1.140 1.191 1.182 1.180 1.179 1.177 1.176 1.175 1.173 1.172 1.170 1.204
1.737 1.765 1.792 1.724 1.580 1.494 1.409 1.324 1.238 1.153 1.067 0.982 0.897 0.833 0.781 0.729 0.677 0.643 0.623 0.604 0.584 0.564 0.545 0.581 0.619 0.656 0.694 0.731 0.769 0.806 0.844 0.879 0.874 0.867 0.857 0.845 0.833 0.821 0.809 0.798 0.786 0.774 0.762 0.751 0.768 0.795 0.826 0.857 0.888 0.919 0.950 0.981 0.981 0.952 0.920 0.889 0.857 0.826 0.819 0.869 0.919 0.968 1.018 1.068 1.118 1.168 1.251 1.245 1.242 1.241 1.239 1.238 1.236 1.235 1.234 1.232 1.266
1.891 1.919 1.946 1.802 1.629 1.495 1.410 1.325 1.239 1.154 1.069 0.983 0.898 0.846 0.794 0.742 0.690 0.638 0.606 0.586 0.566 0.547 0.541 0.579 0.616 0.653 0.691 0.728 0.766 0.803 0.841 0.878 0.916 0.917 0.905 0.893 0.882 0.870 0.858 0.846 0.834 0.822 0.811 0.799 0.808 0.839 0.870 0.903 0.936 0.969 1.002 1.035 1.019 0.986 0.954 0.923 0.891 0.860 0.847 0.897 0.947 0.997 1.047 1.097 1.162 1.252 1.342 1.334 1.316 1.303 1.301 1.300 1.298 1.297 1.295 1.294 1.327
2.045 2.072 2.052 1.879 1.707 1.534 1.411 1.326 1.241 1.155 1.070 0.985 0.910 0.858 0.806 0.755 0.703 0.651 0.599 0.568 0.549 0.529 0.538 0.576 0.613 0.651 0.688 0.726 0.763 0.801 0.918 1.081 1.244 1.086 1.067 1.054 1.041 1.029 1.016 1.004 0.991 0.978 0.966 0.953 0.897 0.907 0.940 0.973 1.006 1.039 1.072 1.105 1.072 1.029 0.988 0.957 0.925 0.894 0.875 0.925 0.975 1.025 1.075 1.163 1.253 1.343 1.433 1.423 1.405 1.387 1.368 1.362 1.360 1.359 1.357 1.356 1.389
2.198 2.226 2.129 1.957 1.784 1.612 1.439 1.327 1.242 1.156 1.071 0.986 0.923 0.871 0.819 0.767 0.715 0.664 0.612 0.561 0.531 0.511 0.535 0.573 0.610 0.648 0.685 0.846 1.009 1.172 1.335 1.498 1.566 1.385 1.242 1.229 1.216 1.204 1.191 1.179 1.166 1.153 1.141 1.117 1.050 0.984 1.010 1.043 1.076 1.109 1.141 1.169 1.126 1.082 1.039 0.996 0.959 0.928 0.903 0.953 1.003 1.073 1.164 1.254 1.344 1.434 1.524 1.512 1.493 1.475 1.457 1.439 1.422 1.420 1.419 1.417 1.450
2.351 2.379 2.207 2.035 1.862 1.690 1.517 1.345 1.243 1.158 1.072 0.987 0.935 0.883 0.832 0.780 0.728 0.677 0.625 0.573 0.522 0.495 0.532 0.610 0.773 0.937 1.100 1.263 1.426 1.589 1.752 1.915 1.864 1.684 1.503 1.404 1.391 1.378 1.366 1.353 1.341 1.328 1.315 1.270 1.203 1.137 1.080 1.112 1.145 1.178 1.211 1.222 1.179 1.135 1.092 1.049 1.006 0.962 0.931 0.984 1.074 1.165 1.255 1.345 1.435 1.525 1.615 1.600 1.582 1.564 1.546 1.527 1.509 1.491 1.480 1.479 1.511
2.505 2.457 2.284 2.112 1.940 1.767 1.595 1.422 1.250 1.159 1.073 0.999 0.947 0.896 0.844 0.792 0.741 0.689 0.638 0.588 0.593 0.679 0.864 1.027 1.190 1.353 1.516 1.679 1.842 2.005 2.168 2.331 2.163 1.982 1.802 1.621 1.566 1.553 1.540 1.528 1.515 1.503 1.489 1.423 1.356 1.290 1.223 1.182 1.215 1.248 1.281 1.275 1.232 1.188 1.145 1.102 1.059 1.015 1.009 1.075 1.165 1.255 1.346 1.436 1.526 1.616 1.706 1.689 1.671 1.652 1.634 1.616 1.598 1.580 1.561 1.543 1.596
2.658 2.534 2.362 2.190 2.017 1.845 1.672 1.500 1.327 1.160 1.075 1.011 0.960 0.908 0.856 0.817 0.821 0.826 0.831 0.836 0.840 1.009 1.266 1.444 1.607 1.770 1.933 2.096 2.259 2.422 2.585 2.641 2.461 2.280 2.100 1.920 1.740 1.728 1.715 1.702 1.690 1.677 1.642 1.576 1.509 1.443 1.376 1.310 1.284 1.317 1.350 1.328 1.285 1.241 1.198 1.155 1.152 1.152 1.154 1.210 1.265 1.346 1.437 1.527 1.617 1.707 1.795 1.777 1.759 1.741 1.723 1.704 1.686 1.668 1.687 1.729 1.761
2.784 2.612 2.439 2.267 2.095 1.922 1.750 1.577 1.405 1.233 1.076 1.045 1.050 1.055 1.059 1.064 1.069 1.073 1.078 1.083 1.088 1.340 1.597 1.854 2.023 2.186 2.349 2.512 2.675 2.838 3.001 2.940 2.759 2.579 2.398 2.218 2.038 1.902 1.889 1.877 1.864 1.851 1.795 1.728 1.662 1.595 1.529 1.462 1.396 1.387 1.420 1.381 1.338 1.296 1.296 1.295 1.295 1.295 1.299 1.355 1.410 1.466 1.527 1.618 1.708 1.798 1.884 1.866 1.847 1.829 1.811 1.793 1.816 1.858 1.900 1.942 1.972
2.862 2.689 2.517 2.344 2.172 2.000 1.830 1.778 1.727 1.675 1.534 1.293 1.297 1.302 1.307 1.311 1.316 1.321 1.325 1.330 1.413 1.670 1.927 2.183 2.439 2.602 2.765 2.928 3.091 3.254 3.417 3.238 3.057 2.877 2.697 2.516 2.336 2.156 2.064 2.051 2.039 2.014 1.947 1.881 1.814 1.748 1.682 1.615 1.549 1.482 1.477 1.439 1.439 1.439 1.438 1.438 1.438 1.437 1.444 1.500 1.555 1.611 1.666 1.722 1.799 1.889 1.972 1.954 1.936 1.917 1.945 1.987 2.029 2.070 2.112 2.153 2.183
2.939 2.767 2.684 2.632 2.581 2.530 2.478 2.427 2.375 2.324 2.090 1.761 1.544 1.549 1.554 1.558 1.563 1.568 1.572 1.577 1.743 2.000 2.257 2.513 2.770 3.019 3.182 3.345 3.508 3.671 3.716 3.536 3.356 3.175 2.995 2.815 2.634 2.454 2.273 2.225 2.213 2.167 2.100 2.034 1.967 1.901 1.834 1.768 1.707 1.667 1.613 1.582 1.581 1.581 1.581 1.580 1.580 1.580 1.589 1.645 1.700 1.756 1.811 1.867 1.922 1.979 2.060 2.042 2.074 2.116 2.158 2.199 2.241 2.283 2.325 2.364 2.393
3.435 3.383 3.332 3.281 3.229 3.178 3.127 3.075 3.024 2.972 2.645 2.316 1.988 1.796 1.801 1.806 1.810 1.815 1.820 1.824 2.073 2.330 2.587 2.844 3.100 3.357 3.598 3.761 3.924 4.087 4.014 3.834 3.654 3.473 3.293 3.113 2.932 2.752 2.572 2.400 2.386 2.319 2.253 2.186 2.134 2.094 2.054 2.014 1.974 1.935 1.875 1.794 1.724 1.724 1.723 1.723 1.722 1.722 1.734 1.790 1.845 1.901 1.956 2.012 2.067 2.123 2.200 2.245 2.287 2.328 2.370 2.412 2.454 2.495 2.537 2.575 2.604
4.031 4.032 3.981 3.929 3.878 3.826 3.775 3.724 3.672 3.529 3.200 2.872 2.543 2.215 2.048 2.053 2.057 2.062 2.067 2.146 2.403 2.660 2.917 3.173 3.430 3.687 3.944 4.177 4.340 4.493 4.313 4.132 3.952 3.772 3.591 3.411 3.231 3.050 2.870 2.690 2.561 2.521 2.481 2.441 2.401 2.361 2.321 2.282 2.242 2.202 2.137 2.055 1.974 1.893 1.866 1.865 1.865 1.865 1.879 1.935 1.990 2.046 2.101 2.157 2.237 2.324 2.400 2.453 2.499 2.541 2.582 2.624 2.666 2.708 2.749 2.785 2.815
4.505 4.646 4.629 4.578 4.526 4.475 4.423 4.372 4.320 4.084 3.756 3.427 3.098 2.770 2.441 2.300 2.304 2.309 2.314 2.476 2.733 2.990 3.247 3.503 3.760 4.017 4.274 4.531 4.757 4.791 4.611 4.431 4.250 4.070 3.889 3.709 3.528 3.347 3.167 2.986 2.868 2.788 2.748 2.708 2.668 2.629 2.589 2.549 2.509 2.469 2.398 2.317 2.236 2.155 2.073 2.008 2.007 2.007 2.024 2.080 2.135 2.190 2.269 2.356 2.443 2.530 2.601 2.654 2.707 2.753 2.795 2.837 2.878 2.920 2.962 2.996 3.026
4.978 5.120 5.262 5.226 5.174 5.123 5.072 5.020 4.968 4.639 4.311 3.982 3.654 3.325 2.997 2.668 2.551 2.556 2.561 2.806 3.063 3.320 3.577 3.833 4.090 4.347 4.604 4.861 5.092 5.089 4.908 4.728 4.547 4.366 4.186 4.005 3.825 3.644 3.463 3.297 3.194 3.091 3.015 2.976 2.936 2.896 2.856 2.816 2.776 2.737 2.660 2.579 2.497 2.416 2.335 2.253 2.172 2.149 2.169 2.224 2.301 2.388 2.475 2.562 2.649 2.736 2.802 2.855 2.908 2.961 3.007 3.049 3.091 3.132 3.174 3.207 3.237
5.453 5.594 5.736 5.874 5.823 5.771 5.720 5.669 5.523 5.195 4.866 4.538 4.209 3.880 3.552 3.223 2.895 2.803 2.879 3.136 3.393 3.650 3.906 4.150 4.373 4.596 4.818 5.041 5.247 5.299 5.205 5.024 4.844 4.663 4.482 4.302 4.121 3.941 3.760 3.623 3.520 3.417 3.313 3.243 3.203 3.163 3.123 3.083 3.044 3.003 2.922 2.840 2.759 2.678 2.596 2.515 2.434 2.352 2.332 2.419 2.507 2.594 2.681 2.768 2.855 2.942 3.003 3.056 3.109 3.162 3.215 3.261 3.303 3.345 3.386 3.418 3.447
5.926 6.068 6.210 6.352 6.471 6.420 6.368 6.317 6.079 5.750 5.421 5.093 4.764 4.436 4.107 3.779 3.450 3.121 3.208 3.431 3.654 3.876 4.099 4.321 4.544 4.767 4.989 5.212 5.355 5.407 5.459 5.321 5.140 4.960 4.779 4.599 4.418 4.237 4.057 3.949 3.846 3.742 3.639 3.536 3.470 3.430 3.391 3.351 3.311 3.265 3.183 3.102 3.021 2.939 2.858 2.777 2.695 2.615 2.566 2.637 2.712 2.800 2.887 2.974 3.061 3.148 3.204 3.257 3.310 3.363 3.416 3.469 3.515 3.557 3.599 3.628 3.658
6.400 6.542 6.684 6.826 6.968 7.068 7.017 6.962 6.634 6.305 5.977 5.648 5.320 4.991 4.643 4.227 3.812 3.396 3.400 3.602 3.825 4.047 4.270 4.493 4.715 4.938 5.160 5.383 5.462 5.514 5.566 5.618 5.437 5.256 5.076 4.895 4.715 4.534 4.378 4.275 4.172 4.068 3.965 3.862 3.759 3.698 3.658 3.618 3.578 3.526 3.445 3.363 3.282 3.201 3.120 3.039 2.958 2.877 2.802 2.874 2.946 3.018 3.093 3.180 3.267 3.351 3.404 3.457 3.510 3.563 3.616 3.669 3.722 3.769 3.809 3.839 3.869
6.874 7.016 7.158 7.300 7.441 7.583 7.665 7.518 7.189 6.861 6.499 6.084 5.668 5.253 4.837 4.421 4.006 3.707 3.740 3.773 3.996 4.218 4.441 4.664 4.886 5.109 5.331 5.518 5.570 5.622 5.674 5.726 5.734 5.553 5.372 5.192 5.011 4.831 4.704 4.601 4.497 4.394 4.291 4.188 4.085 3.981 3.925 3.885 3.845 3.788 3.706 3.625 3.544 3.462 3.382 3.301 3.221 3.140 3.059 3.110 3.182 3.254 3.326 3.398 3.473 3.552 3.605 3.658 3.711 3.764 3.817 3.870 3.923 3.976 4.020 4.044 4.068
7.348 7.490 7.632 7.774 7.915 8.057 8.128 7.940 7.525 7.109 6.694 6.278 5.863 5.447 5.031 4.616 4.200 4.047 4.079 4.112 4.167 4.389 4.612 4.835 5.057 5.280 5.502 5.625 5.677 5.729 5.782 5.834 5.886 5.850 5.669 5.488 5.308 5.133 5.030 4.927 4.823 4.720 4.617 4.514 4.410 4.307 4.204 4.152 4.113 4.049 3.968 3.887 3.806 3.725 3.645 3.564 3.483 3.403 3.322 3.347 3.419 3.490 3.562 3.634 3.706 3.803 3.859 3.914 3.970 4.026 4.082 4.137 4.193 4.239 4.229 4.241 4.265
7.822 7.964 8.099 8.066 8.032 7.999 7.966 7.911 7.719 7.304 6.888 6.472 6.057 5.641 5.226 4.810 4.395 4.386 4.419 4.452 4.485 4.561 4.783 5.006 5.228 5.451 5.674 5.733 5.785 5.837 5.889 5.941 5.994 6.046 5.966 5.785 5.604 5.459 5.356 5.252 5.149 5.046 4.943 4.839 4.736 4.633 4.530 4.427 4.380 4.311 4.230 4.149 4.068 3.988 3.907 3.827 3.746 3.665 3.585 3.583 3.655 3.727 3.799 3.870 3.973 4.081 4.152 4.208 4.264 4.320 4.375 4.431 4.474 4.454 4.444 4.455 4.466
8.004 7.971 7.938 7.904 7.871 7.837 7.800 7.744 7.687 7.498 7.082 6.667 6.251 5.836 5.420 5.004 4.693 4.726 4.759 4.792 4.824 4.857 4.954 5.177 5.399 5.622 5.788 5.840 5.892 5.945 5.997 6.049 6.101 6.153 6.206 6.082 5.901 5.785 5.681 5.578 5.475 5.372 5.269 5.165 5.062 4.959 4.856 4.753 4.649 4.573 4.492 4.412 4.331 4.250 4.170 4.089 4.009 3.928 3.847 3.820 3.891 3.963 4.035 4.137 4.246 4.354 4.446 4.502 4.558 4.613 4.669 4.709 4.689 4.670 4.659 4.670 4.681
7.843 7.809 7.776 7.742 7.709 7.676 7.633 7.576 7.520 7.463 7.277 6.861 6.445 6.030 5.614 5.199 5.033 5.066 5.098 5.131 5.164 5.197 5.230 5.348 5.570 5.793 5.896 5.948 6.000 6.052 6.104 6.157 6.209 6.261 6.313 6.365 6.214 6.111 6.007 5.904 5.801 5.689 5.550 5.411 5.272 5.133 4.994 4.855 4.753 4.719 4.685 4.651 4.594 4.513 4.432 4.352 4.271 4.191 4.110 4.056 4.128 4.199 4.301 4.410 4.518 4.627 4.736 4.796 4.851 4.907 4.944 4.924 4.905 4.885 4.874 4.885 4.896
7.681 7.647 7.614 7.581 7.547 7.514 7.465 7.409 7.352 7.296 7.239 7.055 6.640 6.224 5.809 5.393 5.372 5.405 5.438 5.471 5.504 5.537 5.569 5.602 5.741 5.951 6.003 6.055 6.108 6.160 6.212 6.264 6.316 6.365 6.395 6.425 6.410 6.271 6.132 5.993 5.854 5.715 5.577 5.438 5.299 5.160 5.021 4.882 4.838 4.803 4.770 4.736 4.703 4.669 4.635 4.602 4.534 4.453 4.373 4.292 4.364 4.465 4.574 4.683 4.791 4.900 5.008 5.089 5.145 5.179 5.159 5.140 5.120 5.100 5.089 5.100 5.111
7.519 7.486 7.452 7.419 7.385 7.352 7.298 7.241 7.185 7.128 7.072 7.016 6.834 6.419 6.003 5.679 5.712 5.745 5.778 5.811 5.843 5.876 5.909 5.942 5.975 6.058 6.105 6.134 6.164 6.194 6.223 6.253 6.283 6.313 6.342 6.369 6.370 6.298 6.159 6.020 5.881 5.742 5.603 5.464 5.325 5.187 5.048 4.958 4.924 4.889 4.855 4.821 4.787 4.754 4.720 4.687 4.653 4.619 4.586 4.552 4.630 4.738 4.847 4.956 5.064 5.173 5.281 5.383 5.414 5.394 5.375 5.355 5.335 5.315 5.304 5.315 5.326
7.357 7.324 7.290 7.257 7.224 7.186 7.130 7.074 7.017 6.961 6.904 6.848 6.792 6.613 6.197 6.019 6.052 6.085 6.117 6.150 6.183 6.205 6.214 6.223 6.232 6.049 6.052 6.082 6.111 6.141 6.171 6.200 6.230 6.260 6.290 6.303 6.303 6.304 6.186 6.047 5.908 5.769 5.630 5.491 5.352 5.213 5.079 5.044 5.009 4.974 4.940 4.906 4.872 4.839 4.805 4.771 4.738 4.704 4.670 4.687 4.772 4.890 5.008 5.126 5.244 5.363 5.481 5.595 5.629 5.610 5.590 5.570 5.550 5.531 5.519 5.530 5.541
7.195 7.162 7.129 7.095 7.062 7.019 6.962 6.906 6.850 6.793 6.737 6.680 6.624 6.568 6.392 6.359 6.386 6.394 6.403 6.412 6.421 6.430 6.439 6.448 6.404 6.184 5.999 6.029 6.059 6.088 6.118 6.148 6.177 6.207 6.235 6.236 6.237 6.238 6.213 6.074 5.935 5.796 5.657 5.518 5.379 5.240 5.164 5.129 5.094 5.060 5.025 4.991 4.957 4.923 4.890 4.856 4.823 4.789 4.770 4.843 4.916 5.019 5.137 5.256 5.374 5.492 5.610 5.703 5.764 5.825 5.805 5.785 5.765 5.746 5.734 5.745 5.756
6.880 7.000 6.967 6.934 6.900 6.851 6.795 6.738 6.682 6.626 6.569 6.513 6.460 6.433 6.444 6.602 6.611 6.620 6.629 6.638 6.647 6.656 6.664 6.673 6.539 6.320 6.100 5.976 6.006 6.036 6.065 6.095 6.125 6.154 6.169 6.170 6.171 6.172 6.172 6.100 5.962 5.823 5.684 5.545 5.406 5.284 5.250 5.215 5.180 5.145 5.110 5.076 5.042 5.008 4.975 4.941 4.907 4.874 4.926 4.999 5.072 5.149 5.267 5.385 5.504 5.622 5.740 5.811 5.872 5.934 5.995 6.000 5.981 5.961 5.949 5.960 5.971
6.418 6.619 6.805 6.772 6.738 6.684 6.627 6.571 6.515 6.473 6.446 6.419 6.391 6.364 6.448 6.693 6.836 6.845 6.854 6.863 6.872 6.881 6.890 6.894 6.674 6.455 6.235 6.016 5.953 5.983 6.013 6.042 6.072 6.102 6.103 6.103 6.104 6.105 6.106 6.107 5.988 5.849 5.711 5.572 5.433 5.370 5.335 5.300 5.265 5.230 5.196 5.161 5.127 5.093 5.060 5.026 4.992 5.009 5.082 5.155 5.228 5.302 5.397 5.515 5.633 5.751 5.858 5.919 5.981 6.042 6.103 6.164 6.196 6.176 6.164 6.175 6.186
5.957 6.157 6.358 6.559 6.573 6.516 6.486 6.459 6.432 6.404 6.377 6.349 6.322 6.295 6.451 6.697 6.942 7.070 7.079 7.088 7.097 7.106 7.115 7.029 6.810 6.590 6.371 6.151 5.932 5.930 5.960 5.990 6.019 6.035 6.036 6.037 6.038 6.039 6.039 6.040 6.015 5.876 5.737 5.598 5.490 5.455 5.420 5.386 5.351 5.316 5.281 5.246 5.212 5.178 5.144 5.111 5.092 5.165 5.238 5.311 5.385 5.458 5.531 5.644 5.763 5.881 5.966 6.028 6.089 6.150 6.211 6.273 6.334 6.391 6.379 6.390 6.345
5.495 5.696 5.897 6.207 6.424 6.445 6.417 6.390 6.362 6.335 6.308 6.280 6.253 6.225 6.455 6.700 6.946 7.191 7.304 7.313 7.322 7.331 7.340 7.164 6.945 6.726 6.506 6.287 6.067 5.877 5.907 5.937 5.967 5.969 5.970 5.970 5.971 5.972 5.973 5.974 5.975 5.903 5.764 5.625 5.575 5.541 5.506 5.471 5.436 5.401 5.366 5.332 5.297 5.263 5.229 5.196 5.248 5.321 5.394 5.467 5.541 5.614 5.687 5.774 5.892 6.010 6.075 6.136 6.197 6.258 6.320 6.381 6.442 6.466 6.484 6.451 6.389
5.128 5.439 5.750 6.061 6.224 6.310 6.348 6.320 6.293 6.266 6.238 6.211 6.184 6.213 6.458 6.704 6.949 7.195 7.440 7.539 7.548 7.557 7.519 7.300 7.080 6.861 6.641 6.422 6.203 5.983 5.854 5.884 5.902 5.902 5.903 5.904 5.905 5.906 5.907 5.908 5.908 5.909 5.791 5.696 5.661 5.626 5.591 5.556 5.522 5.487 5.452 5.417 5.382 5.348 5.314 5.331 5.404 5.477 5.550 5.624 5.697 5.770 5.843 5.916 6.022 6.122 6.183 6.244 6.305 6.366 6.362 6.353 6.344 6.335 6.371 6.447 6.433
