includes/camargue/floodfiles/results_R2_t1.562607662346E12/res-0012.wd
ncols         906
nrows         631
xllcorner     362177.146667
yllcorner     6534725.688020
cellsize      20.000000
NODATA_value  -9999.000000
[rows 476 to 509 of 631, columns 770 to 846 of 906]
3.682 3.794 3.906 4.019 4.131 4.273 4.487 4.700 4.914 5.128 5.341 5.555 5.769 5.982 6.196 6.409 6.623 6.837 7.035 7.216 7.397 7.578 7.758 7.939 8.120 8.301 8.482 8.663 8.844 9.025 9.206 9.310 9.357 9.406 9.454 9.502 9.549 9.599 9.705 9.811 9.918 10.024 10.131 10.237 10.330 10.408 10.487 10.566 10.644 10.723 10.802 10.882 10.960 11.039 11.118 11.204 11.287 11.305 11.322 11.340 11.358 11.377 11.394 11.412 11.430 11.448 11.465 11.483 11.501 11.511 11.517 11.524 11.530 11.538 11.544 11.551 11.557
3.776 3.888 4.000 4.112 4.225 4.391 4.605 4.818 5.032 5.246 5.459 5.673 5.887 6.100 6.314 6.531 6.749 6.967 7.168 7.360 7.541 7.721 7.902 8.083 8.264 8.445 8.626 8.807 8.988 9.169 9.350 9.424 9.472 9.520 9.568 9.616 9.664 9.712 9.759 9.864 9.970 10.077 10.183 10.289 10.375 10.453 10.532 10.611 10.690 10.768 10.847 10.926 11.005 11.084 11.163 11.242 11.290 11.308 11.323 11.337 11.352 11.366 11.380 11.395 11.410 11.424 11.438 11.453 11.461 11.464 11.469 11.475 11.480 11.486 11.492 11.497 11.504
3.874 3.982 4.094 4.206 4.318 4.509 4.723 4.936 5.150 5.364 5.577 5.791 6.008 6.226 6.444 6.662 6.880 7.098 7.295 7.491 7.684 7.865 8.046 8.227 8.408 8.589 8.770 8.951 9.132 9.313 9.491 9.539 9.587 9.634 9.682 9.730 9.778 9.826 9.874 9.922 10.023 10.129 10.236 10.340 10.419 10.499 10.577 10.656 10.735 10.814 10.892 10.971 11.050 11.115 11.169 11.225 11.258 11.273 11.288 11.302 11.316 11.330 11.345 11.359 11.373 11.388 11.403 11.417 11.418 11.418 11.423 11.429 11.434 11.440 11.446 11.451 11.457
3.972 4.080 4.188 4.300 4.414 4.627 4.841 5.054 5.268 5.485 5.703 5.921 6.139 6.357 6.575 6.793 7.011 7.224 7.421 7.618 7.815 8.009 8.190 8.371 8.552 8.733 8.914 9.094 9.276 9.457 9.606 9.653 9.701 9.749 9.797 9.844 9.892 9.940 9.988 10.036 10.084 10.182 10.288 10.385 10.464 10.543 10.622 10.701 10.780 10.856 10.911 10.965 11.020 11.074 11.129 11.182 11.210 11.238 11.252 11.266 11.281 11.295 11.309 11.324 11.338 11.352 11.366 11.373 11.374 11.374 11.377 11.383 11.389 11.394 11.400 11.405 11.411
4.069 4.177 4.285 4.394 4.532 4.745 4.962 5.180 5.398 5.616 5.834 6.052 6.270 6.488 6.706 6.924 7.142 7.351 7.547 7.744 7.941 8.138 8.334 8.515 8.696 8.877 9.058 9.239 9.419 9.600 9.720 9.768 9.816 9.863 9.911 9.959 10.007 10.054 10.102 10.151 10.198 10.246 10.341 10.431 10.509 10.588 10.651 10.706 10.761 10.816 10.870 10.925 10.979 11.034 11.088 11.135 11.163 11.191 11.217 11.231 11.245 11.260 11.274 11.288 11.302 11.317 11.329 11.329 11.329 11.330 11.331 11.337 11.343 11.348 11.354 11.359 11.365
4.167 4.275 4.383 4.503 4.658 4.875 5.093 5.311 5.529 5.747 5.965 6.183 6.401 6.620 6.838 7.056 7.274 7.477 7.674 7.871 8.067 8.264 8.461 8.658 8.840 9.021 9.202 9.383 9.563 9.744 9.834 9.882 9.930 9.978 10.026 10.073 10.121 10.169 10.216 10.264 10.312 10.361 10.402 10.447 10.502 10.556 10.611 10.665 10.720 10.774 10.830 10.884 10.939 10.993 11.048 11.088 11.116 11.144 11.172 11.195 11.209 11.224 11.238 11.253 11.267 11.281 11.285 11.286 11.286 11.286 11.286 11.290 11.296 11.302 11.308 11.313 11.319
4.286 4.406 4.526 4.646 4.820 5.009 5.224 5.442 5.660 5.879 6.097 6.315 6.533 6.751 6.969 7.187 7.405 7.604 7.800 7.997 8.194 8.391 8.587 8.784 8.981 9.165 9.346 9.527 9.708 9.888 9.948 9.996 10.044 10.092 10.140 10.188 10.236 10.283 10.331 10.378 10.375 10.373 10.374 10.412 10.461 10.516 10.570 10.625 10.679 10.734 10.788 10.843 10.898 10.953 11.007 11.041 11.069 11.097 11.125 11.153 11.173 11.188 11.202 11.217 11.232 11.242 11.242 11.242 11.242 11.242 11.242 11.244 11.250 11.255 11.261 11.267 11.273
4.429 4.549 4.668 4.794 4.982 5.171 5.360 5.574 5.792 6.010 6.228 6.446 6.664 6.882 7.100 7.318 7.533 7.730 7.927 8.123 8.320 8.517 8.714 8.910 9.107 9.304 9.490 9.671 9.852 10.015 10.063 10.110 10.158 10.206 10.254 10.302 10.350 10.351 10.349 10.346 10.344 10.341 10.350 10.389 10.428 10.475 10.530 10.584 10.639 10.693 10.748 10.802 10.857 10.911 10.966 10.995 11.023 11.051 11.079 11.107 11.135 11.152 11.167 11.181 11.195 11.198 11.198 11.198 11.199 11.199 11.199 11.199 11.204 11.209 11.215 11.221 11.226
4.571 4.691 4.811 4.956 5.144 5.333 5.522 5.710 5.923 6.141 6.359 6.577 6.795 7.013 7.231 7.449 7.659 7.856 8.053 8.250 8.447 8.643 8.840 9.037 9.233 9.430 9.627 9.815 9.996 10.130 10.177 10.225 10.273 10.320 10.327 10.324 10.322 10.320 10.318 10.315 10.313 10.310 10.328 10.366 10.404 10.442 10.489 10.544 10.598 10.653 10.707 10.762 10.816 10.871 10.919 10.947 10.976 11.004 11.032 11.060 11.088 11.116 11.131 11.145 11.153 11.153 11.154 11.154 11.155 11.155 11.155 11.155 11.158 11.164 11.169 11.175 11.180
4.714 4.834 4.953 5.118 5.306 5.495 5.684 5.872 6.061 6.272 6.490 6.708 6.927 7.145 7.363 7.581 7.786 7.983 8.179 8.376 8.573 8.770 8.967 9.163 9.360 9.556 9.753 9.950 10.139 10.244 10.292 10.303 10.300 10.298 10.295 10.293 10.290 10.288 10.286 10.284 10.281 10.279 10.305 10.343 10.381 10.420 10.458 10.502 10.558 10.612 10.667 10.721 10.776 10.830 10.872 10.900 10.928 10.956 10.985 11.013 11.041 11.069 11.096 11.109 11.110 11.110 11.110 11.110 11.110 11.110 11.112 11.112 11.112 11.118 11.123 11.129 11.135
4.856 4.976 5.096 5.280 5.468 5.657 5.846 6.034 6.223 6.411 6.622 6.840 7.058 7.276 7.494 7.712 7.912 8.109 8.306 8.503 8.699 8.896 9.093 9.290 9.486 9.683 9.880 10.076 10.255 10.275 10.273 10.271 10.269 10.266 10.264 10.261 10.259 10.257 10.254 10.252 10.250 10.248 10.282 10.320 10.358 10.397 10.435 10.473 10.516 10.571 10.626 10.681 10.735 10.790 10.825 10.853 10.881 10.909 10.937 10.965 10.994 11.022 11.050 11.066 11.066 11.066 11.066 11.066 11.067 11.067 11.067 11.067 11.067 11.072 11.077 11.083 11.090
4.999 5.119 5.253 5.442 5.630 5.819 6.008 6.196 6.385 6.573 6.762 6.971 7.189 7.407 7.625 7.842 8.039 8.235 8.432 8.629 8.825 9.022 9.219 9.416 9.613 9.795 9.963 10.130 10.296 10.266 10.242 10.239 10.237 10.235 10.233 10.230 10.228 10.225 10.223 10.220 10.218 10.220 10.259 10.297 10.336 10.374 10.412 10.450 10.489 10.530 10.585 10.639 10.695 10.749 10.778 10.806 10.834 10.862 10.890 10.918 10.947 10.977 11.007 11.027 11.026 11.025 11.025 11.024 11.024 11.023 11.023 11.024 11.024 11.025 11.030 11.038 11.046
5.142 5.261 5.415 5.604 5.792 5.981 6.169 6.358 6.547 6.735 6.924 7.113 7.320 7.538 7.756 7.968 8.165 8.362 8.559 8.755 8.952 9.149 9.335 9.502 9.670 9.838 10.005 10.173 10.297 10.266 10.236 10.208 10.205 10.203 10.201 10.199 10.196 10.194 10.191 10.189 10.186 10.197 10.235 10.274 10.313 10.351 10.389 10.428 10.466 10.504 10.544 10.599 10.653 10.702 10.731 10.759 10.787 10.815 10.845 10.875 10.905 10.935 10.965 10.986 10.985 10.986 10.985 10.985 10.984 10.983 10.983 10.982 10.981 10.981 10.986 10.993 11.000
5.284 5.404 5.577 5.765 5.954 6.143 6.331 6.520 6.709 6.897 7.086 7.275 7.463 7.670 7.888 8.095 8.291 8.488 8.685 8.875 9.043 9.210 9.378 9.545 9.712 9.880 10.047 10.216 10.298 10.267 10.236 10.205 10.175 10.172 10.169 10.167 10.165 10.163 10.160 10.158 10.155 10.174 10.212 10.251 10.289 10.327 10.367 10.405 10.443 10.481 10.520 10.558 10.613 10.655 10.683 10.711 10.742 10.772 10.802 10.832 10.863 10.893 10.923 10.946 10.946 10.945 10.945 10.944 10.944 10.944 10.943 10.942 10.942 10.949 10.956 10.961 10.965
5.427 5.550 5.739 5.927 6.116 6.305 6.493 6.682 6.871 7.059 7.248 7.437 7.625 7.814 8.019 8.221 8.415 8.582 8.750 8.918 9.086 9.253 9.420 9.588 9.755 9.923 10.090 10.258 10.297 10.267 10.237 10.206 10.175 10.145 10.138 10.135 10.133 10.130 10.129 10.126 10.124 10.151 10.190 10.228 10.266 10.304 10.343 10.381 10.420 10.459 10.497 10.535 10.573 10.609 10.639 10.669 10.699 10.729 10.759 10.790 10.820 10.850 10.880 10.907 10.906 10.905 10.905 10.904 10.904 10.903 10.902 10.903 10.910 10.919 10.927 10.932 10.936
5.569 5.712 5.901 6.089 6.278 6.467 6.655 6.844 7.033 7.221 7.410 7.599 7.787 7.977 8.178 8.290 8.458 8.625 8.793 8.960 9.127 9.296 9.463 9.631 9.798 9.966 10.133 10.300 10.298 10.267 10.237 10.207 10.176 10.145 10.115 10.104 10.102 10.099 10.097 10.094 10.093 10.129 10.167 10.205 10.243 10.282 10.320 10.358 10.396 10.435 10.474 10.518 10.564 10.578 10.597 10.627 10.657 10.687 10.717 10.747 10.777 10.808 10.838 10.867 10.866 10.866 10.865 10.865 10.864 10.863 10.863 10.870 10.879 10.888 10.897 10.903 10.908
5.712 5.874 6.063 6.251 6.440 6.629 6.817 7.006 7.195 7.383 7.574 7.776 7.978 8.179 8.349 8.405 8.500 8.668 8.835 9.003 9.170 9.338 9.505 9.673 9.841 10.008 10.176 10.329 10.298 10.268 10.237 10.206 10.177 10.146 10.115 10.085 10.070 10.068 10.065 10.063 10.066 10.105 10.144 10.182 10.221 10.259 10.297 10.335 10.376 10.422 10.467 10.513 10.559 10.570 10.578 10.587 10.615 10.645 10.675 10.705 10.735 10.765 10.795 10.825 10.827 10.826 10.826 10.825 10.824 10.824 10.832 10.840 10.849 10.858 10.866 10.873 10.879
5.854 6.036 6.225 6.413 6.602 6.791 6.979 7.172 7.374 7.575 7.777 7.978 8.180 8.381 8.518 8.573 8.629 8.710 8.878 9.046 9.213 9.380 9.548 9.715 9.883 10.051 10.219 10.330 10.299 10.268 10.238 10.207 10.176 10.146 10.116 10.085 10.055 10.037 10.034 10.032 10.044 10.082 10.120 10.158 10.198 10.236 10.281 10.326 10.372 10.417 10.462 10.508 10.551 10.560 10.568 10.578 10.586 10.603 10.633 10.663 10.693 10.723 10.753 10.783 10.786 10.785 10.786 10.785 10.785 10.793 10.802 10.810 10.819 10.828 10.836 10.844 10.849
6.009 6.198 6.387 6.575 6.770 6.971 7.173 7.374 7.576 7.777 7.979 8.181 8.382 8.584 8.686 8.742 8.797 8.852 8.921 9.088 9.256 9.423 9.591 9.758 9.926 10.093 10.260 10.330 10.300 10.269 10.238 10.208 10.177 10.146 10.116 10.085 10.055 10.025 10.003 10.000 10.021 10.059 10.097 10.139 10.185 10.230 10.276 10.322 10.367 10.412 10.458 10.503 10.543 10.551 10.560 10.568 10.577 10.586 10.595 10.621 10.651 10.681 10.711 10.741 10.746 10.746 10.745 10.745 10.753 10.763 10.772 10.780 10.789 10.798 10.806 10.815 10.820
6.171 6.367 6.569 6.770 6.972 7.173 7.375 7.577 7.778 7.980 8.181 8.383 8.584 8.786 8.855 8.910 8.966 9.021 9.076 9.132 9.299 9.466 9.634 9.801 9.968 10.136 10.303 10.330 10.299 10.270 10.239 10.208 10.178 10.147 10.116 10.086 10.055 10.024 9.995 9.969 9.998 10.044 10.089 10.134 10.180 10.225 10.271 10.316 10.361 10.408 10.453 10.498 10.534 10.543 10.551 10.560 10.568 10.577 10.585 10.594 10.608 10.638 10.668 10.698 10.707 10.706 10.706 10.715 10.723 10.732 10.741 10.749 10.759 10.768 10.776 10.785 10.791
6.357 6.569 6.771 6.973 7.174 7.376 7.577 7.779 7.980 8.182 8.384 8.585 8.787 8.968 9.024 9.079 9.135 9.190 9.245 9.301 9.356 9.508 9.676 9.844 10.011 10.179 10.346 10.331 10.300 10.269 10.239 10.209 10.178 10.148 10.117 10.086 10.056 10.025 9.980 9.930 9.992 10.039 10.084 10.130 10.175 10.221 10.266 10.311 10.357 10.402 10.447 10.494 10.525 10.534 10.542 10.551 10.559 10.568 10.576 10.585 10.593 10.602 10.626 10.656 10.667 10.667 10.676 10.684 10.693 10.702 10.710 10.719 10.728 10.737 10.745 10.755 10.762
6.493 6.757 6.973 7.175 7.376 7.578 7.780 7.981 8.183 8.384 8.586 8.787 8.989 9.136 9.192 9.248 9.303 9.359 9.414 9.469 9.525 9.580 9.718 9.887 10.054 10.221 10.362 10.331 10.301 10.270 10.239 10.209 10.178 10.148 10.118 10.078 10.028 9.977 9.927 9.895 9.961 10.028 10.079 10.125 10.170 10.216 10.261 10.307 10.352 10.397 10.443 10.488 10.516 10.525 10.534 10.542 10.551 10.559 10.568 10.576 10.585 10.593 10.602 10.613 10.627 10.637 10.646 10.654 10.663 10.672 10.680 10.689 10.698 10.706 10.715 10.724 10.732
6.628 6.892 7.156 7.377 7.579 7.780 7.982 8.183 8.385 8.587 8.788 8.990 9.191 9.305 9.360 9.416 9.471 9.527 9.583 9.638 9.693 9.749 9.804 9.928 10.096 10.264 10.363 10.332 10.301 10.271 10.240 10.209 10.175 10.125 10.074 10.025 9.974 9.924 9.874 9.864 9.930 9.997 10.063 10.119 10.165 10.211 10.256 10.302 10.347 10.393 10.438 10.483 10.507 10.516 10.524 10.533 10.542 10.551 10.559 10.568 10.576 10.585 10.593 10.596 10.599 10.607 10.615 10.624 10.633 10.642 10.650 10.659 10.668 10.676 10.685 10.694 10.702
6.763 7.027 7.292 7.556 7.781 7.983 8.184 8.386 8.587 8.789 8.991 9.192 9.394 9.474 9.529 9.584 9.640 9.695 9.750 9.807 9.862 9.917 9.973 10.028 10.139 10.306 10.362 10.333 10.302 10.271 10.223 10.172 10.122 10.071 10.021 9.971 9.920 9.871 9.821 9.833 9.899 9.966 10.032 10.099 10.160 10.205 10.251 10.297 10.343 10.388 10.433 10.479 10.498 10.507 10.515 10.524 10.532 10.541 10.550 10.559 10.567 10.572 10.571 10.570 10.572 10.580 10.588 10.595 10.603 10.611 10.620 10.629 10.638 10.646 10.655 10.664 10.672
6.899 7.163 7.427 7.691 7.955 8.185 8.386 8.588 8.790 8.991 9.192 9.394 9.587 9.642 9.698 9.753 9.808 9.864 9.919 9.975 10.031 10.086 10.142 10.197 10.252 10.349 10.363 10.320 10.269 10.220 10.169 10.119 10.069 10.018 9.968 9.918 9.867 9.817 9.767 9.802 9.868 9.935 10.001 10.068 10.134 10.200 10.246 10.291 10.337 10.382 10.429 10.474 10.490 10.498 10.507 10.515 10.524 10.532 10.541 10.548 10.547 10.547 10.545 10.544 10.546 10.553 10.561 10.569 10.576 10.584 10.591 10.599 10.607 10.616 10.625 10.634 10.642
7.034 7.298 7.562 7.827 8.091 8.355 8.589 8.790 8.992 9.193 9.395 9.596 9.755 9.810 9.867 9.922 9.977 10.033 10.088 10.143 10.199 10.254 10.310 10.366 10.384 10.344 10.317 10.266 10.216 10.166 10.115 10.066 10.016 9.965 9.915 9.865 9.814 9.764 9.714 9.770 9.836 9.904 9.970 10.037 10.103 10.170 10.236 10.287 10.332 10.378 10.423 10.468 10.481 10.489 10.498 10.507 10.515 10.524 10.523 10.522 10.521 10.520 10.519 10.518 10.519 10.527 10.535 10.542 10.550 10.557 10.565 10.573 10.580 10.588 10.595 10.603 10.611
7.170 7.434 7.698 7.962 8.226 8.490 8.755 8.993 9.194 9.396 9.597 9.799 9.924 9.979 10.034 10.091 10.146 10.201 10.257 10.312 10.367 10.412 10.372 10.332 10.292 10.256 10.235 10.213 10.163 10.113 10.062 10.012 9.962 9.912 9.862 9.812 9.761 9.711 9.672 9.739 9.805 9.872 9.938 10.006 10.072 10.139 10.205 10.271 10.327 10.373 10.418 10.463 10.471 10.480 10.488 10.498 10.499 10.498 10.497 10.496 10.495 10.494 10.493 10.492 10.492 10.499 10.508 10.516 10.523 10.531 10.538 10.546 10.554 10.561 10.569 10.576 10.584
7.305 7.569 7.833 8.098 8.362 8.626 8.890 9.154 9.396 9.598 9.800 10.001 10.092 10.148 10.203 10.258 10.314 10.370 10.425 10.400 10.360 10.320 10.280 10.240 10.199 10.167 10.147 10.127 10.106 10.060 10.009 9.959 9.909 9.858 9.808 9.758 9.708 9.658 9.642 9.708 9.774 9.841 9.907 9.974 10.040 10.107 10.174 10.240 10.307 10.368 10.413 10.454 10.463 10.471 10.475 10.474 10.473 10.473 10.471 10.470 10.469 10.468 10.467 10.466 10.465 10.473 10.481 10.488 10.496 10.503 10.512 10.520 10.527 10.535 10.542 10.550 10.555
7.440 7.705 7.969 8.233 8.497 8.761 9.025 9.289 9.553 9.800 10.001 10.204 10.261 10.316 10.372 10.427 10.428 10.388 10.347 10.308 10.268 10.228 10.188 10.148 10.107 10.079 10.058 10.038 10.018 9.998 9.956 9.906 9.855 9.805 9.755 9.704 9.654 9.605 9.611 9.677 9.743 9.810 9.876 9.943 10.009 10.076 10.142 10.209 10.276 10.342 10.409 10.445 10.451 10.450 10.449 10.448 10.447 10.446 10.445 10.444 10.443 10.442 10.441 10.440 10.439 10.446 10.454 10.462 10.469 10.477 10.484 10.492 10.500 10.508 10.516 10.521 10.512
7.576 7.840 8.104 8.368 8.633 8.897 9.161 9.425 9.689 9.953 10.204 10.373 10.429 10.456 10.416 10.376 10.336 10.296 10.255 10.215 10.175 10.136 10.096 10.056 10.015 9.991 9.970 9.950 9.929 9.909 9.889 9.853 9.802 9.752 9.702 9.651 9.601 9.551 9.579 9.645 9.712 9.779 9.845 9.912 9.978 10.045 10.111 10.178 10.244 10.310 10.381 10.427 10.425 10.424 10.423 10.422 10.421 10.420 10.419 10.418 10.417 10.416 10.415 10.414 10.413 10.420 10.427 10.435 10.443 10.450 10.458 10.466 10.473 10.481 10.487 10.477 10.469
7.711 7.976 8.240 8.504 8.768 9.032 9.297 9.561 9.825 10.089 10.353 10.444 10.404 10.363 10.324 10.284 10.244 10.204 10.163 10.123 10.083 10.043 10.004 9.964 9.923 9.903 9.882 9.862 9.841 9.821 9.800 9.780 9.749 9.699 9.649 9.598 9.548 9.497 9.548 9.614 9.681 9.747 9.814 9.881 9.947 10.014 10.080 10.147 10.222 10.298 10.373 10.404 10.400 10.397 10.397 10.396 10.395 10.394 10.393 10.392 10.391 10.390 10.389 10.388 10.387 10.392 10.401 10.409 10.416 10.424 10.431 10.439 10.447 10.453 10.444 10.435 10.425
7.847 8.111 8.375 8.639 8.903 9.167 9.431 9.695 9.929 10.133 10.337 10.383 10.315 10.271 10.231 10.191 10.152 10.112 10.071 10.031 9.991 9.951 9.911 9.871 9.834 9.814 9.794 9.774 9.753 9.733 9.712 9.692 9.671 9.645 9.595 9.545 9.495 9.450 9.517 9.583 9.650 9.716 9.782 9.849 9.915 9.989 10.064 10.139 10.214 10.290 10.365 10.381 10.378 10.374 10.371 10.370 10.368 10.368 10.367 10.366 10.365 10.364 10.363 10.362 10.361 10.366 10.373 10.381 10.389 10.397 10.405 10.412 10.420 10.411 10.401 10.392 10.383
7.982 8.246 8.511 8.775 9.039 9.300 9.504 9.708 9.912 10.117 10.321 10.326 10.257 10.189 10.139 10.099 10.059 10.019 9.979 9.939 9.899 9.859 9.819 9.778 9.746 9.725 9.705 9.685 9.665 9.645 9.624 9.604 9.583 9.563 9.541 9.491 9.442 9.419 9.486 9.552 9.619 9.685 9.754 9.829 9.904 9.980 10.055 10.131 10.207 10.282 10.357 10.359 10.355 10.352 10.349 10.345 10.343 10.342 10.340 10.340 10.339 10.338 10.337 10.336 10.335 10.339 10.347 10.355 10.362 10.370 10.377 10.385 10.377 10.368 10.358 10.349 10.340
8.118 8.382 8.646 8.875 9.079 9.283 9.487 9.691 9.895 10.099 10.303 10.268 10.200 10.132 10.063 10.007 9.967 9.927 9.886 9.846 9.807 9.767 9.727 9.686 9.658 9.637 9.617 9.596 9.576 9.557 9.536 9.516 9.495 9.475 9.454 9.434 9.388 9.387 9.454 9.521 9.595 9.671 9.746 9.821 9.897 9.972 10.047 10.123 10.198 10.273 10.340 10.336 10.333 10.329 10.326 10.323 10.319 10.316 10.315 10.314 10.312 10.311 10.311 10.310 10.309 10.313 10.320 10.328 10.336 10.343 10.351 10.343 10.333 10.324 10.315 10.305 10.297
