includes/camargue/floodfiles/results_R2_t1.562607662346E12/res-0009.wdfp
ncols         906
nrows         631
xllcorner     362177.146667
yllcorner     6534725.688020
cellsize      20.000000
NODATA_value  -9999.000000
[rows 578 to 611 of 631, columns 77 to 153 of 906]
0.128 0.123 0.125 0.125 0.109 0.095 0.085 0.076 0.069 0.057 0.042 0.032 0.025 0.019 0.016 0.013 0.010 0.008 0.006 0.006 0.010 0.015 0.021 0.025 0.030 0.035 0.040 0.045 0.050 0.055 0.060 0.068 0.075 0.082 0.090 0.099 0.107 0.117 0.099 0.083 0.076 0.078 0.078 0.075 0.071 0.067 0.062 0.056 0.049 0.041 0.030 0.028 0.029 0.031 0.032 0.032 0.032 0.032 0.032 0.031 0.028 0.021 0.015 0.009 0.009 0.009 0.009 0.008 0.008 0.006 0.006 0.008 0.013 0.042 0.082 0.112 0.114
0.140 0.133 0.128 0.114 0.102 0.093 0.085 0.079 0.073 0.066 0.050 0.038 0.029 0.023 0.019 0.015 0.011 0.009 0.007 0.006 0.006 0.011 0.016 0.020 0.026 0.031 0.036 0.041 0.049 0.056 0.061 0.066 0.070 0.077 0.084 0.091 0.099 0.108 0.107 0.089 0.087 0.087 0.085 0.082 0.078 0.074 0.067 0.060 0.053 0.046 0.040 0.036 0.034 0.034 0.034 0.034 0.034 0.033 0.032 0.031 0.027 0.021 0.017 0.013 0.008 0.008 0.008 0.008 0.006 0.006 0.007 0.008 0.011 0.029 0.067 0.107 0.120
0.132 0.130 0.119 0.108 0.099 0.092 0.087 0.082 0.077 0.071 0.059 0.045 0.035 0.029 0.023 0.017 0.012 0.009 0.007 0.006 0.005 0.006 0.011 0.016 0.021 0.029 0.036 0.044 0.050 0.057 0.062 0.066 0.071 0.075 0.080 0.085 0.090 0.099 0.108 0.097 0.096 0.094 0.089 0.084 0.078 0.072 0.066 0.060 0.055 0.050 0.046 0.043 0.038 0.035 0.035 0.034 0.034 0.033 0.032 0.031 0.026 0.021 0.018 0.015 0.011 0.007 0.007 0.007 0.006 0.006 0.007 0.008 0.010 0.018 0.052 0.091 0.125
0.120 0.118 0.110 0.103 0.098 0.093 0.089 0.084 0.080 0.076 0.068 0.053 0.042 0.035 0.027 0.019 0.014 0.010 0.007 0.004 0.003 0.004 0.006 0.013 0.021 0.028 0.035 0.042 0.048 0.055 0.060 0.064 0.069 0.074 0.079 0.084 0.089 0.094 0.100 0.104 0.098 0.092 0.087 0.081 0.076 0.071 0.067 0.062 0.057 0.053 0.050 0.048 0.044 0.038 0.034 0.034 0.033 0.032 0.032 0.029 0.024 0.020 0.018 0.016 0.013 0.009 0.007 0.006 0.005 0.006 0.008 0.009 0.011 0.015 0.038 0.077 0.116
0.112 0.112 0.105 0.099 0.095 0.092 0.089 0.087 0.083 0.079 0.075 0.062 0.051 0.042 0.032 0.023 0.016 0.012 0.010 0.008 0.007 0.007 0.007 0.007 0.015 0.023 0.030 0.038 0.045 0.052 0.057 0.061 0.066 0.071 0.076 0.081 0.086 0.092 0.099 0.100 0.097 0.091 0.086 0.081 0.076 0.072 0.068 0.064 0.060 0.056 0.054 0.052 0.048 0.043 0.038 0.033 0.033 0.032 0.031 0.027 0.023 0.020 0.018 0.016 0.014 0.012 0.008 0.005 0.006 0.007 0.009 0.010 0.011 0.013 0.027 0.064 0.102
0.108 0.109 0.102 0.097 0.093 0.090 0.088 0.085 0.083 0.081 0.079 0.072 0.061 0.052 0.043 0.035 0.029 0.023 0.018 0.014 0.012 0.011 0.012 0.011 0.010 0.016 0.025 0.033 0.040 0.047 0.053 0.058 0.063 0.068 0.072 0.078 0.085 0.091 0.097 0.097 0.093 0.090 0.086 0.081 0.077 0.073 0.069 0.066 0.062 0.059 0.058 0.055 0.052 0.048 0.043 0.037 0.032 0.031 0.030 0.025 0.021 0.019 0.018 0.017 0.015 0.013 0.010 0.006 0.006 0.008 0.009 0.010 0.011 0.012 0.019 0.046 0.083
0.105 0.107 0.101 0.096 0.093 0.090 0.088 0.085 0.083 0.081 0.080 0.084 0.083 0.071 0.060 0.049 0.040 0.033 0.027 0.022 0.019 0.017 0.018 0.017 0.016 0.015 0.017 0.027 0.035 0.043 0.048 0.054 0.059 0.064 0.071 0.077 0.083 0.089 0.095 0.093 0.089 0.086 0.084 0.082 0.078 0.075 0.071 0.068 0.064 0.062 0.060 0.058 0.055 0.051 0.047 0.041 0.035 0.030 0.028 0.023 0.020 0.018 0.017 0.017 0.016 0.014 0.012 0.009 0.007 0.008 0.009 0.010 0.010 0.012 0.016 0.038 0.073
0.102 0.105 0.100 0.096 0.093 0.091 0.088 0.085 0.082 0.085 0.087 0.088 0.088 0.088 0.075 0.063 0.052 0.043 0.035 0.030 0.026 0.025 0.025 0.025 0.025 0.024 0.023 0.021 0.029 0.037 0.044 0.050 0.056 0.063 0.069 0.075 0.081 0.087 0.092 0.089 0.085 0.082 0.081 0.080 0.080 0.076 0.073 0.070 0.066 0.064 0.063 0.061 0.058 0.054 0.050 0.045 0.040 0.033 0.026 0.020 0.018 0.017 0.017 0.017 0.016 0.015 0.013 0.012 0.010 0.009 0.009 0.010 0.010 0.011 0.016 0.037 0.063
0.100 0.103 0.100 0.096 0.094 0.091 0.089 0.088 0.091 0.091 0.091 0.090 0.088 0.086 0.086 0.077 0.064 0.053 0.045 0.038 0.034 0.033 0.034 0.034 0.034 0.033 0.033 0.031 0.028 0.031 0.040 0.048 0.054 0.061 0.067 0.072 0.078 0.084 0.089 0.086 0.081 0.079 0.078 0.077 0.077 0.077 0.074 0.071 0.068 0.067 0.066 0.063 0.061 0.057 0.053 0.049 0.045 0.041 0.029 0.018 0.016 0.016 0.016 0.016 0.016 0.015 0.014 0.014 0.013 0.010 0.009 0.010 0.010 0.011 0.017 0.039 0.050
0.097 0.101 0.099 0.097 0.094 0.092 0.096 0.097 0.097 0.095 0.093 0.090 0.087 0.084 0.082 0.082 0.077 0.065 0.055 0.047 0.042 0.041 0.042 0.042 0.043 0.043 0.043 0.042 0.038 0.031 0.037 0.045 0.052 0.058 0.063 0.069 0.075 0.080 0.086 0.082 0.078 0.076 0.075 0.074 0.074 0.075 0.075 0.073 0.070 0.070 0.068 0.066 0.064 0.062 0.059 0.056 0.051 0.046 0.034 0.022 0.015 0.015 0.015 0.016 0.016 0.015 0.016 0.016 0.015 0.013 0.009 0.010 0.010 0.011 0.017 0.039 0.039
0.093 0.098 0.098 0.097 0.099 0.102 0.103 0.103 0.101 0.098 0.095 0.091 0.086 0.082 0.079 0.077 0.077 0.076 0.065 0.056 0.050 0.050 0.051 0.051 0.052 0.052 0.044 0.037 0.032 0.030 0.039 0.043 0.048 0.054 0.060 0.065 0.071 0.077 0.082 0.078 0.075 0.073 0.072 0.072 0.072 0.072 0.073 0.073 0.072 0.073 0.073 0.072 0.070 0.068 0.064 0.061 0.056 0.051 0.037 0.026 0.018 0.013 0.014 0.015 0.015 0.015 0.017 0.017 0.016 0.015 0.012 0.010 0.010 0.011 0.018 0.031 0.031
0.089 0.095 0.099 0.104 0.107 0.109 0.109 0.107 0.104 0.101 0.097 0.091 0.085 0.080 0.075 0.072 0.071 0.071 0.073 0.066 0.058 0.059 0.059 0.057 0.049 0.040 0.034 0.031 0.030 0.030 0.039 0.044 0.047 0.050 0.056 0.061 0.067 0.073 0.079 0.074 0.071 0.070 0.070 0.070 0.070 0.070 0.071 0.074 0.076 0.079 0.078 0.077 0.075 0.072 0.069 0.065 0.061 0.055 0.040 0.029 0.022 0.017 0.013 0.014 0.015 0.016 0.018 0.018 0.017 0.016 0.015 0.010 0.009 0.010 0.018 0.022 0.025
0.085 0.090 0.100 0.111 0.113 0.114 0.113 0.111 0.108 0.104 0.099 0.093 0.085 0.078 0.072 0.067 0.065 0.064 0.065 0.067 0.067 0.060 0.052 0.043 0.036 0.031 0.029 0.028 0.028 0.029 0.038 0.043 0.047 0.050 0.052 0.056 0.062 0.069 0.074 0.070 0.068 0.067 0.067 0.068 0.070 0.072 0.074 0.076 0.078 0.081 0.083 0.081 0.079 0.076 0.073 0.069 0.065 0.058 0.043 0.032 0.025 0.020 0.016 0.013 0.014 0.017 0.018 0.019 0.018 0.017 0.016 0.013 0.009 0.010 0.015 0.014 0.019
0.078 0.083 0.092 0.103 0.113 0.118 0.117 0.115 0.112 0.107 0.102 0.095 0.086 0.077 0.070 0.063 0.059 0.056 0.056 0.055 0.054 0.046 0.038 0.032 0.028 0.026 0.026 0.026 0.026 0.028 0.036 0.041 0.045 0.048 0.051 0.054 0.057 0.064 0.069 0.066 0.065 0.065 0.068 0.070 0.072 0.074 0.076 0.077 0.079 0.081 0.083 0.084 0.083 0.080 0.077 0.073 0.068 0.060 0.045 0.035 0.028 0.023 0.019 0.016 0.014 0.018 0.019 0.019 0.019 0.018 0.016 0.015 0.010 0.008 0.009 0.008 0.016
0.072 0.076 0.085 0.095 0.103 0.111 0.118 0.119 0.116 0.111 0.106 0.097 0.088 0.078 0.068 0.060 0.053 0.048 0.045 0.043 0.039 0.032 0.028 0.025 0.024 0.023 0.023 0.023 0.024 0.027 0.034 0.039 0.043 0.046 0.049 0.052 0.056 0.059 0.063 0.063 0.065 0.067 0.069 0.071 0.073 0.075 0.076 0.077 0.079 0.081 0.083 0.084 0.084 0.084 0.080 0.077 0.072 0.062 0.048 0.038 0.031 0.026 0.022 0.020 0.017 0.021 0.023 0.023 0.022 0.020 0.018 0.016 0.013 0.005 0.006 0.009 0.017
0.065 0.070 0.078 0.088 0.096 0.103 0.109 0.115 0.120 0.116 0.110 0.101 0.090 0.079 0.067 0.056 0.047 0.041 0.036 0.034 0.029 0.024 0.023 0.022 0.021 0.021 0.021 0.021 0.021 0.025 0.032 0.036 0.039 0.043 0.046 0.049 0.053 0.055 0.059 0.064 0.066 0.068 0.069 0.071 0.073 0.074 0.075 0.077 0.079 0.081 0.082 0.083 0.084 0.084 0.084 0.080 0.076 0.065 0.051 0.040 0.034 0.029 0.025 0.022 0.020 0.022 0.025 0.025 0.025 0.023 0.021 0.018 0.014 0.004 0.005 0.010 0.017
0.059 0.064 0.072 0.082 0.089 0.096 0.102 0.107 0.112 0.116 0.117 0.107 0.093 0.080 0.066 0.054 0.043 0.036 0.031 0.028 0.024 0.021 0.020 0.019 0.019 0.019 0.018 0.018 0.018 0.023 0.028 0.032 0.035 0.038 0.041 0.042 0.045 0.048 0.053 0.059 0.065 0.067 0.069 0.070 0.072 0.073 0.075 0.076 0.078 0.080 0.082 0.083 0.083 0.084 0.083 0.082 0.080 0.067 0.054 0.044 0.037 0.032 0.028 0.025 0.022 0.023 0.026 0.027 0.026 0.025 0.023 0.018 0.010 0.005 0.004 0.010 0.017
0.054 0.059 0.067 0.076 0.084 0.091 0.096 0.102 0.106 0.110 0.123 0.115 0.096 0.081 0.066 0.052 0.041 0.033 0.028 0.025 0.021 0.019 0.018 0.017 0.017 0.017 0.016 0.016 0.016 0.020 0.025 0.028 0.029 0.031 0.032 0.035 0.037 0.041 0.046 0.052 0.058 0.064 0.067 0.069 0.070 0.072 0.073 0.075 0.078 0.080 0.082 0.083 0.083 0.083 0.083 0.082 0.081 0.071 0.058 0.048 0.041 0.035 0.031 0.027 0.024 0.023 0.027 0.028 0.027 0.026 0.022 0.014 0.009 0.005 0.003 0.009 0.017
0.047 0.053 0.062 0.072 0.079 0.086 0.092 0.097 0.109 0.125 0.139 0.129 0.104 0.081 0.066 0.051 0.039 0.031 0.026 0.024 0.020 0.018 0.017 0.016 0.016 0.015 0.014 0.014 0.013 0.017 0.019 0.021 0.022 0.024 0.026 0.028 0.030 0.034 0.039 0.044 0.050 0.056 0.062 0.066 0.068 0.070 0.072 0.073 0.077 0.079 0.081 0.082 0.083 0.083 0.083 0.082 0.081 0.071 0.060 0.052 0.045 0.039 0.034 0.029 0.026 0.024 0.028 0.029 0.028 0.025 0.018 0.013 0.010 0.006 0.003 0.009 0.017
0.040 0.047 0.056 0.067 0.075 0.082 0.093 0.110 0.124 0.138 0.151 0.140 0.115 0.091 0.067 0.050 0.037 0.029 0.024 0.022 0.018 0.017 0.016 0.015 0.015 0.014 0.013 0.013 0.012 0.013 0.015 0.016 0.017 0.019 0.020 0.022 0.024 0.027 0.032 0.037 0.042 0.047 0.053 0.059 0.065 0.067 0.069 0.072 0.076 0.078 0.080 0.082 0.083 0.083 0.083 0.083 0.082 0.071 0.060 0.053 0.047 0.042 0.037 0.032 0.028 0.025 0.029 0.030 0.027 0.021 0.017 0.014 0.010 0.007 0.003 0.009 0.017
0.031 0.040 0.050 0.062 0.074 0.092 0.107 0.122 0.136 0.149 0.162 0.149 0.124 0.099 0.076 0.053 0.035 0.027 0.023 0.021 0.017 0.016 0.015 0.015 0.014 0.014 0.014 0.013 0.012 0.013 0.012 0.012 0.013 0.014 0.016 0.017 0.019 0.021 0.025 0.029 0.033 0.038 0.043 0.049 0.056 0.063 0.066 0.070 0.074 0.077 0.080 0.082 0.083 0.083 0.083 0.083 0.082 0.071 0.061 0.053 0.047 0.043 0.040 0.036 0.031 0.027 0.030 0.029 0.024 0.020 0.017 0.015 0.011 0.008 0.004 0.008 0.017
0.031 0.033 0.043 0.068 0.087 0.103 0.117 0.131 0.144 0.157 0.170 0.156 0.131 0.106 0.082 0.060 0.040 0.026 0.021 0.020 0.016 0.015 0.015 0.015 0.015 0.014 0.014 0.013 0.013 0.013 0.012 0.011 0.010 0.011 0.012 0.013 0.014 0.015 0.019 0.022 0.025 0.029 0.034 0.039 0.045 0.052 0.060 0.067 0.073 0.076 0.079 0.081 0.083 0.083 0.084 0.083 0.083 0.072 0.062 0.054 0.048 0.044 0.041 0.038 0.034 0.030 0.029 0.026 0.023 0.021 0.018 0.016 0.013 0.009 0.005 0.008 0.016
0.039 0.033 0.041 0.077 0.095 0.111 0.125 0.139 0.152 0.165 0.178 0.162 0.137 0.112 0.088 0.065 0.045 0.030 0.022 0.018 0.016 0.016 0.015 0.015 0.014 0.014 0.013 0.013 0.013 0.013 0.013 0.011 0.010 0.008 0.009 0.010 0.010 0.011 0.013 0.015 0.018 0.020 0.024 0.028 0.033 0.035 0.040 0.052 0.071 0.075 0.078 0.081 0.082 0.083 0.084 0.084 0.084 0.073 0.063 0.055 0.050 0.045 0.042 0.039 0.036 0.034 0.030 0.025 0.023 0.021 0.019 0.017 0.014 0.010 0.006 0.007 0.015
0.025 0.023 0.031 0.066 0.094 0.117 0.131 0.145 0.158 0.171 0.184 0.167 0.142 0.117 0.093 0.070 0.049 0.034 0.024 0.019 0.016 0.015 0.014 0.014 0.013 0.013 0.013 0.012 0.013 0.013 0.012 0.011 0.010 0.008 0.007 0.007 0.007 0.008 0.009 0.010 0.011 0.013 0.013 0.013 0.014 0.017 0.020 0.033 0.050 0.067 0.077 0.080 0.082 0.084 0.084 0.085 0.084 0.074 0.064 0.056 0.051 0.047 0.044 0.042 0.040 0.038 0.035 0.031 0.027 0.023 0.020 0.018 0.015 0.012 0.008 0.006 0.014
0.016 0.016 0.021 0.054 0.081 0.107 0.132 0.150 0.163 0.177 0.189 0.172 0.147 0.122 0.097 0.073 0.050 0.033 0.024 0.019 0.016 0.014 0.013 0.013 0.012 0.012 0.012 0.011 0.013 0.013 0.012 0.011 0.010 0.009 0.007 0.006 0.005 0.006 0.007 0.007 0.006 0.006 0.006 0.006 0.006 0.007 0.008 0.018 0.032 0.047 0.062 0.078 0.081 0.083 0.085 0.086 0.086 0.075 0.065 0.058 0.052 0.048 0.047 0.046 0.044 0.042 0.039 0.036 0.032 0.029 0.026 0.021 0.017 0.013 0.010 0.007 0.011
0.011 0.010 0.013 0.042 0.067 0.093 0.118 0.143 0.168 0.182 0.195 0.176 0.151 0.125 0.097 0.071 0.049 0.034 0.025 0.020 0.017 0.014 0.013 0.011 0.011 0.011 0.011 0.011 0.012 0.012 0.012 0.011 0.010 0.008 0.007 0.006 0.004 0.004 0.004 0.004 0.004 0.004 0.004 0.004 0.004 0.003 0.002 0.008 0.017 0.029 0.043 0.058 0.073 0.083 0.085 0.086 0.087 0.076 0.066 0.059 0.054 0.052 0.050 0.049 0.047 0.045 0.043 0.040 0.037 0.033 0.030 0.027 0.023 0.018 0.013 0.008 0.004
0.007 0.006 0.006 0.030 0.054 0.079 0.104 0.129 0.154 0.178 0.200 0.178 0.150 0.122 0.095 0.070 0.049 0.035 0.027 0.021 0.017 0.014 0.012 0.011 0.010 0.009 0.009 0.009 0.011 0.012 0.011 0.010 0.009 0.008 0.007 0.006 0.005 0.003 0.003 0.003 0.003 0.003 0.003 0.003 0.003 0.002 0.001 0.003 0.007 0.015 0.026 0.040 0.054 0.069 0.084 0.087 0.088 0.078 0.068 0.062 0.058 0.055 0.053 0.051 0.049 0.048 0.046 0.043 0.040 0.037 0.034 0.031 0.027 0.023 0.022 0.026 0.014
0.005 0.004 0.003 0.018 0.042 0.066 0.091 0.115 0.140 0.164 0.187 0.173 0.148 0.120 0.094 0.070 0.051 0.038 0.029 0.023 0.018 0.015 0.012 0.010 0.009 0.008 0.008 0.008 0.010 0.011 0.011 0.010 0.010 0.009 0.008 0.007 0.005 0.003 0.002 0.002 0.002 0.003 0.003 0.002 0.002 0.002 0.000 0.002 0.004 0.007 0.014 0.025 0.037 0.051 0.066 0.080 0.091 0.081 0.072 0.065 0.060 0.057 0.054 0.053 0.051 0.050 0.048 0.046 0.043 0.041 0.038 0.035 0.031 0.030 0.036 0.039 0.031
0.005 0.003 0.002 0.011 0.030 0.054 0.078 0.102 0.125 0.149 0.172 0.157 0.138 0.119 0.093 0.070 0.053 0.041 0.032 0.026 0.020 0.016 0.012 0.010 0.007 0.006 0.005 0.006 0.009 0.010 0.010 0.010 0.009 0.008 0.007 0.006 0.004 0.003 0.003 0.002 0.002 0.002 0.002 0.002 0.002 0.001 0.000 0.002 0.003 0.004 0.006 0.014 0.024 0.037 0.051 0.067 0.087 0.083 0.075 0.068 0.062 0.058 0.056 0.054 0.053 0.052 0.051 0.048 0.046 0.044 0.041 0.038 0.037 0.044 0.048 0.051 0.049
0.005 0.003 0.002 0.008 0.021 0.043 0.066 0.089 0.112 0.135 0.158 0.143 0.124 0.105 0.088 0.071 0.055 0.044 0.036 0.029 0.023 0.018 0.014 0.010 0.007 0.006 0.007 0.007 0.006 0.009 0.010 0.009 0.009 0.008 0.007 0.006 0.004 0.003 0.003 0.002 0.002 0.001 0.001 0.001 0.000 0.000 0.000 0.001 0.002 0.003 0.004 0.007 0.014 0.025 0.044 0.064 0.083 0.077 0.071 0.068 0.063 0.059 0.057 0.055 0.054 0.053 0.052 0.051 0.049 0.047 0.044 0.043 0.052 0.057 0.060 0.063 0.064
0.006 0.004 0.003 0.007 0.015 0.031 0.054 0.077 0.100 0.123 0.146 0.131 0.111 0.093 0.077 0.065 0.058 0.048 0.041 0.033 0.027 0.021 0.016 0.014 0.012 0.010 0.008 0.008 0.007 0.006 0.008 0.008 0.008 0.007 0.006 0.005 0.004 0.003 0.003 0.002 0.002 0.001 0.000 0.000 0.000 0.000 0.000 0.001 0.002 0.003 0.003 0.004 0.009 0.022 0.040 0.059 0.077 0.071 0.064 0.060 0.058 0.058 0.057 0.055 0.054 0.054 0.054 0.053 0.051 0.050 0.048 0.058 0.064 0.069 0.072 0.075 0.076
0.005 0.004 0.004 0.008 0.013 0.024 0.044 0.066 0.089 0.112 0.135 0.120 0.101 0.083 0.068 0.058 0.052 0.049 0.046 0.038 0.033 0.029 0.024 0.020 0.016 0.013 0.010 0.009 0.007 0.006 0.005 0.007 0.007 0.006 0.005 0.004 0.003 0.003 0.002 0.002 0.002 0.000 0.000 0.000 0.000 0.000 0.000 0.000 0.002 0.002 0.003 0.005 0.008 0.017 0.035 0.053 0.071 0.065 0.057 0.052 0.049 0.050 0.052 0.055 0.055 0.054 0.054 0.054 0.053 0.052 0.063 0.071 0.076 0.080 0.084 0.086 0.088
0.006 0.006 0.007 0.009 0.012 0.020 0.036 0.057 0.080 0.103 0.126 0.111 0.092 0.075 0.062 0.053 0.049 0.046 0.049 0.049 0.044 0.038 0.032 0.026 0.020 0.016 0.012 0.010 0.008 0.007 0.005 0.004 0.005 0.005 0.004 0.003 0.002 0.002 0.002 0.002 0.001 0.000 0.000 0.000 0.000 0.000 0.000 0.000 0.001 0.002 0.003 0.004 0.007 0.013 0.029 0.047 0.065 0.059 0.050 0.044 0.041 0.041 0.043 0.046 0.049 0.053 0.054 0.055 0.055 0.067 0.076 0.083 0.088 0.092 0.095 0.098 0.100
0.009 0.008 0.008 0.010 0.013 0.018 0.030 0.050 0.072 0.095 0.118 0.102 0.084 0.068 0.057 0.050 0.049 0.050 0.051 0.050 0.048 0.046 0.039 0.032 0.026 0.020 0.016 0.012 0.010 0.008 0.006 0.004 0.003 0.004 0.003 0.002 0.001 0.001 0.001 0.000 0.000 0.000 0.000 0.000 0.000 0.000 0.000 0.000 0.001 0.002 0.003 0.004 0.006 0.011 0.023 0.041 0.059 0.053 0.044 0.038 0.034 0.033 0.034 0.037 0.040 0.043 0.049 0.055 0.068 0.079 0.088 0.094 0.099 0.104 0.107 0.109 0.111
