includes/camargue/floodfiles/results_R2_t1.562607662346E12/res-0008.wdfp
ncols         906
nrows         631
xllcorner     362177.146667
yllcorner     6534725.688020
cellsize      20.000000
NODATA_value  -9999.000000
[rows 578 to 611 of 631, columns 0 to 76 of 906]
4.300 4.380 4.459 4.539 4.618 4.698 4.777 4.818 4.824 4.830 4.840 4.865 4.890 4.915 4.940 4.965 5.283 5.630 5.976 6.323 6.669 7.015 7.362 7.588 7.686 7.204 6.723 6.241 5.759 5.278 4.796 4.315 3.833 3.352 2.887 2.462 2.390 2.347 2.304 2.262 2.219 2.183 2.147 2.111 2.075 2.036 1.996 1.954 1.911 1.869 1.827 1.785 1.749 1.752 1.756 1.759 1.762 1.765 1.767 1.757 1.747 1.738 1.729 1.720 1.706 1.688 1.671 1.653 1.635 1.617 1.605 1.595 1.584 1.573 1.563 1.549 1.522
4.204 4.409 4.571 4.650 4.730 4.809 4.888 4.947 4.953 4.966 4.991 5.016 5.041 5.066 5.091 5.116 5.349 5.695 6.041 6.388 6.734 7.080 7.304 7.507 7.709 7.379 6.898 6.416 5.934 5.453 4.971 4.490 4.008 3.527 3.100 2.675 2.391 2.348 2.306 2.263 2.221 2.178 2.136 2.093 2.051 2.004 1.962 1.920 1.878 1.836 1.794 1.752 1.717 1.720 1.724 1.727 1.730 1.733 1.736 1.739 1.738 1.728 1.715 1.698 1.680 1.662 1.645 1.627 1.609 1.591 1.579 1.568 1.558 1.547 1.537 1.526 1.516
3.828 4.032 4.236 4.441 4.645 4.849 5.000 5.076 5.092 5.117 5.142 5.167 5.192 5.217 5.242 5.267 5.414 5.760 6.107 6.453 6.799 7.021 7.224 7.426 7.629 7.554 7.072 6.591 6.109 5.628 5.146 4.665 4.183 3.738 3.313 2.888 2.464 2.349 2.307 2.264 2.222 2.180 2.137 2.095 2.052 1.990 1.929 1.886 1.844 1.802 1.760 1.718 1.685 1.688 1.692 1.695 1.698 1.701 1.704 1.707 1.712 1.709 1.689 1.671 1.654 1.636 1.618 1.601 1.583 1.565 1.553 1.542 1.532 1.521 1.511 1.500 1.490
3.451 3.655 3.859 4.064 4.268 4.472 4.676 4.842 5.053 5.268 5.293 5.318 5.343 5.368 5.393 5.418 5.479 5.825 6.172 6.518 6.738 6.941 7.143 7.346 7.548 7.729 7.247 6.766 6.284 5.803 5.321 4.840 4.376 3.951 3.526 3.101 2.676 2.351 2.308 2.266 2.223 2.181 2.139 2.096 2.046 1.984 1.922 1.860 1.811 1.769 1.727 1.685 1.653 1.656 1.660 1.663 1.666 1.669 1.674 1.684 1.694 1.691 1.669 1.646 1.628 1.610 1.593 1.575 1.557 1.539 1.527 1.516 1.506 1.495 1.485 1.474 1.462
3.074 3.278 3.483 3.687 3.891 4.095 4.260 4.399 4.588 4.817 5.046 5.275 5.494 5.519 5.544 5.569 5.594 5.890 6.237 6.455 6.658 6.860 7.063 7.265 7.468 7.670 7.422 6.941 6.459 5.978 5.496 5.015 4.589 4.164 3.739 3.314 2.889 2.465 2.309 2.267 2.225 2.182 2.140 2.098 2.040 1.978 1.916 1.854 1.792 1.735 1.693 1.652 1.621 1.624 1.628 1.631 1.635 1.646 1.656 1.666 1.676 1.673 1.651 1.629 1.606 1.584 1.566 1.549 1.531 1.513 1.501 1.490 1.480 1.469 1.458 1.446 1.433
2.697 2.901 3.106 3.310 3.514 3.678 3.817 3.956 4.122 4.351 4.581 4.810 5.039 5.268 5.497 5.720 5.744 5.956 6.172 6.375 6.577 6.780 6.982 7.185 7.387 7.590 7.597 7.116 6.634 6.153 5.671 5.227 4.802 4.377 3.952 3.527 3.102 2.678 2.311 2.268 2.226 2.184 2.141 2.097 2.034 1.972 1.910 1.848 1.786 1.724 1.662 1.618 1.589 1.592 1.596 1.607 1.617 1.628 1.638 1.648 1.658 1.655 1.633 1.611 1.589 1.566 1.544 1.523 1.505 1.488 1.475 1.464 1.453 1.441 1.429 1.416 1.404
2.320 2.524 2.729 2.933 3.097 3.236 3.374 3.513 3.657 3.886 4.115 4.344 4.574 4.803 5.032 5.261 5.490 5.991 6.092 6.294 6.497 6.699 6.902 7.104 7.307 7.509 7.712 7.291 6.809 6.328 5.866 5.441 5.015 4.590 4.165 3.740 3.315 2.891 2.466 2.270 2.228 2.185 2.143 2.091 2.029 1.966 1.904 1.842 1.780 1.718 1.656 1.595 1.557 1.568 1.578 1.589 1.599 1.610 1.620 1.630 1.640 1.638 1.615 1.593 1.571 1.549 1.526 1.504 1.482 1.462 1.449 1.437 1.424 1.412 1.399 1.387 1.375
1.943 2.148 2.352 2.515 2.654 2.793 2.932 3.070 3.209 3.421 3.650 3.879 4.108 4.337 4.566 4.873 5.613 6.234 6.320 6.407 6.494 6.619 6.821 7.024 7.226 7.429 7.631 7.466 6.984 6.504 6.079 5.654 5.229 4.803 4.378 3.954 3.529 3.104 2.679 2.271 2.229 2.187 2.144 2.085 2.023 1.961 1.898 1.836 1.774 1.712 1.651 1.591 1.550 1.551 1.560 1.571 1.581 1.591 1.602 1.612 1.622 1.620 1.598 1.575 1.553 1.531 1.509 1.486 1.464 1.438 1.420 1.407 1.395 1.382 1.370 1.358 1.345
1.566 1.771 1.933 2.072 2.211 2.350 2.489 2.628 2.766 2.955 3.184 3.414 3.643 3.872 4.262 5.002 5.742 6.476 6.563 6.650 6.736 6.823 6.910 6.996 7.146 7.348 7.551 7.641 7.159 6.717 6.292 5.867 5.442 5.017 4.592 4.167 3.742 3.317 2.893 2.468 2.230 2.188 2.141 2.079 2.017 1.955 1.893 1.831 1.770 1.710 1.650 1.590 1.549 1.550 1.551 1.553 1.563 1.573 1.584 1.594 1.604 1.602 1.580 1.558 1.535 1.513 1.491 1.466 1.439 1.411 1.392 1.379 1.366 1.353 1.341 1.328 1.316
1.254 1.351 1.490 1.629 1.768 1.907 2.046 2.185 2.323 2.490 2.719 2.948 3.177 3.652 4.392 5.132 5.872 6.612 6.806 6.892 6.979 7.066 7.152 7.239 7.326 7.412 7.499 7.673 7.355 6.930 6.505 6.080 5.655 5.230 4.805 4.380 3.955 3.530 3.106 2.681 2.258 2.190 2.135 2.073 2.011 1.950 1.889 1.829 1.769 1.708 1.648 1.588 1.547 1.548 1.549 1.550 1.551 1.555 1.565 1.576 1.586 1.584 1.562 1.540 1.518 1.494 1.466 1.439 1.411 1.383 1.364 1.351 1.338 1.325 1.312 1.299 1.287
1.265 1.254 1.252 1.250 1.325 1.464 1.603 1.742 1.881 2.024 2.254 2.483 3.041 3.781 4.521 5.261 6.001 6.741 7.049 7.135 7.222 7.308 7.395 7.482 7.569 7.655 7.742 7.519 7.237 6.856 6.476 6.096 5.715 5.335 4.955 4.574 4.168 3.743 3.319 2.895 2.471 2.191 2.129 2.069 2.009 1.948 1.888 1.827 1.767 1.707 1.647 1.586 1.545 1.547 1.548 1.549 1.550 1.551 1.551 1.558 1.568 1.567 1.544 1.522 1.494 1.466 1.439 1.411 1.383 1.355 1.336 1.322 1.310 1.297 1.284 1.271 1.258
1.315 1.299 1.298 1.296 1.294 1.292 1.290 1.299 1.438 1.577 1.788 2.431 3.171 3.911 4.651 5.391 6.131 6.871 7.291 7.378 7.465 7.551 7.638 7.725 7.811 7.707 7.344 6.992 6.795 6.472 6.092 5.711 5.331 4.951 4.570 4.190 3.810 3.430 3.050 2.671 2.291 2.159 2.128 2.068 2.007 1.947 1.886 1.826 1.765 1.705 1.645 1.585 1.544 1.545 1.546 1.547 1.548 1.549 1.550 1.551 1.551 1.549 1.522 1.494 1.466 1.439 1.411 1.383 1.355 1.328 1.307 1.294 1.282 1.269 1.256 1.243 1.230
1.366 1.346 1.343 1.341 1.339 1.338 1.336 1.334 1.332 1.330 1.837 2.560 3.300 4.040 4.780 5.520 6.260 7.000 7.534 7.621 7.707 7.794 7.881 7.895 7.532 7.169 6.806 6.499 6.302 6.088 5.707 5.327 4.946 4.566 4.186 3.806 3.426 3.046 2.666 2.287 2.110 2.098 2.071 2.041 2.005 1.945 1.885 1.824 1.764 1.704 1.643 1.583 1.542 1.544 1.545 1.546 1.547 1.548 1.548 1.549 1.551 1.540 1.494 1.467 1.439 1.411 1.383 1.355 1.328 1.300 1.279 1.266 1.254 1.241 1.228 1.215 1.202
1.416 1.396 1.388 1.387 1.385 1.383 1.381 1.379 1.377 1.718 2.174 2.843 3.512 4.182 4.910 5.650 6.390 7.130 7.777 7.863 7.950 8.037 7.720 7.357 6.994 6.631 6.268 6.005 5.808 5.611 5.323 4.942 4.562 4.182 3.802 3.421 3.041 2.662 2.282 2.060 2.048 2.035 2.012 1.982 1.953 1.923 1.883 1.823 1.762 1.702 1.642 1.582 1.541 1.542 1.543 1.544 1.545 1.546 1.548 1.551 1.554 1.544 1.499 1.453 1.411 1.383 1.356 1.328 1.300 1.272 1.251 1.238 1.225 1.213 1.200 1.187 1.173
1.467 1.447 1.434 1.432 1.430 1.428 1.427 1.425 1.773 2.131 2.511 3.180 3.849 4.519 5.188 5.857 6.526 7.259 7.999 8.106 7.908 7.545 7.182 6.819 6.456 6.093 5.730 5.511 5.314 5.117 4.921 4.558 4.178 3.797 3.417 3.037 2.657 2.277 2.011 1.998 1.986 1.973 1.953 1.924 1.894 1.865 1.835 1.806 1.761 1.701 1.640 1.580 1.539 1.541 1.542 1.543 1.544 1.548 1.551 1.554 1.558 1.549 1.504 1.458 1.413 1.367 1.328 1.300 1.272 1.245 1.223 1.210 1.197 1.185 1.171 1.158 1.144
1.517 1.497 1.479 1.477 1.476 1.474 1.472 1.829 2.186 2.544 2.901 3.517 4.187 4.856 5.525 6.194 6.863 7.533 8.137 7.733 7.370 7.007 6.644 6.281 5.918 5.555 5.214 5.017 4.821 4.624 4.427 4.174 3.793 3.413 3.033 2.653 2.273 1.962 1.949 1.936 1.924 1.911 1.894 1.865 1.835 1.806 1.776 1.747 1.717 1.688 1.639 1.579 1.538 1.539 1.540 1.544 1.548 1.551 1.554 1.558 1.561 1.554 1.509 1.463 1.418 1.372 1.326 1.281 1.245 1.217 1.195 1.182 1.169 1.156 1.142 1.128 1.115
1.568 1.548 1.527 1.523 1.521 1.526 1.884 2.242 2.599 2.957 3.314 3.854 4.524 5.193 5.862 6.531 7.201 7.749 8.095 7.732 7.025 6.469 6.106 5.743 5.380 5.017 4.721 4.524 4.327 4.130 3.933 3.736 3.409 3.029 2.649 2.269 1.912 1.900 1.887 1.874 1.862 1.849 1.836 1.806 1.777 1.747 1.718 1.688 1.659 1.629 1.600 1.571 1.536 1.540 1.543 1.547 1.551 1.554 1.557 1.561 1.564 1.559 1.514 1.468 1.422 1.377 1.331 1.286 1.240 1.195 1.167 1.153 1.140 1.126 1.113 1.099 1.086
1.618 1.598 1.578 1.568 1.581 1.939 2.297 2.654 3.012 3.370 3.727 4.191 4.861 5.530 6.199 6.868 7.362 7.707 8.053 7.831 7.124 6.417 5.711 5.204 4.841 4.478 4.227 4.030 3.833 3.636 3.440 3.243 3.025 2.645 2.265 1.885 1.850 1.837 1.825 1.812 1.800 1.787 1.774 1.747 1.718 1.688 1.659 1.629 1.600 1.571 1.541 1.516 1.508 1.540 1.547 1.550 1.554 1.557 1.561 1.564 1.567 1.564 1.519 1.473 1.428 1.382 1.336 1.291 1.246 1.201 1.161 1.126 1.111 1.097 1.083 1.070 1.056
1.645 1.636 1.627 1.636 1.994 2.352 2.710 3.067 3.425 3.782 4.140 4.529 5.198 5.867 6.536 6.974 7.319 7.665 8.010 7.930 7.223 6.516 5.809 5.103 4.396 3.940 3.733 3.536 3.340 3.143 2.946 2.749 2.553 2.260 1.881 1.801 1.788 1.776 1.763 1.750 1.738 1.725 1.712 1.689 1.659 1.630 1.600 1.571 1.541 1.512 1.490 1.470 1.457 1.489 1.521 1.553 1.557 1.560 1.564 1.567 1.570 1.569 1.524 1.478 1.433 1.387 1.341 1.297 1.253 1.209 1.168 1.134 1.100 1.068 1.054 1.041 1.027
1.656 1.647 1.661 1.895 2.305 2.715 3.123 3.480 3.838 4.195 4.553 4.910 5.535 6.204 6.586 6.932 7.277 7.622 7.968 8.029 7.322 6.615 5.908 5.202 4.495 3.688 3.387 3.163 2.940 2.717 2.493 2.270 2.059 1.863 1.752 1.739 1.726 1.714 1.701 1.688 1.676 1.663 1.650 1.630 1.600 1.571 1.541 1.512 1.485 1.464 1.444 1.424 1.406 1.438 1.470 1.502 1.534 1.563 1.567 1.570 1.573 1.574 1.529 1.483 1.438 1.392 1.349 1.305 1.261 1.217 1.176 1.142 1.107 1.073 1.039 1.011 0.998
1.667 1.690 1.922 2.153 2.512 2.922 3.331 3.741 4.150 4.560 4.966 5.323 5.853 6.199 6.544 6.889 7.235 7.580 7.926 8.128 7.421 6.714 6.007 5.288 4.461 3.635 3.173 2.950 2.726 2.503 2.280 2.056 1.833 1.714 1.685 1.675 1.664 1.652 1.639 1.626 1.614 1.601 1.588 1.571 1.542 1.512 1.483 1.459 1.439 1.419 1.399 1.379 1.359 1.388 1.419 1.451 1.483 1.515 1.547 1.573 1.576 1.579 1.534 1.488 1.444 1.400 1.356 1.313 1.269 1.225 1.184 1.149 1.115 1.081 1.047 1.013 0.979
1.719 1.950 2.182 2.413 2.718 3.128 3.538 3.947 4.357 4.767 5.176 5.584 5.774 6.146 6.502 6.847 7.193 7.538 7.883 8.227 7.520 6.813 6.061 5.234 4.408 3.581 2.959 2.736 2.513 2.289 2.066 1.843 1.714 1.657 1.616 1.605 1.595 1.585 1.574 1.564 1.552 1.539 1.526 1.513 1.483 1.454 1.434 1.414 1.393 1.373 1.353 1.333 1.313 1.337 1.369 1.401 1.432 1.464 1.496 1.527 1.559 1.583 1.540 1.496 1.452 1.408 1.364 1.321 1.277 1.233 1.191 1.157 1.123 1.089 1.055 1.021 0.987
1.979 2.211 2.442 2.673 2.925 3.335 3.744 4.154 4.564 4.973 5.383 5.549 5.655 6.019 6.391 6.764 7.136 7.496 7.841 8.186 7.619 6.835 6.008 5.181 4.354 3.527 2.746 2.522 2.299 2.076 1.853 1.713 1.656 1.599 1.547 1.536 1.526 1.515 1.505 1.494 1.484 1.474 1.463 1.452 1.430 1.409 1.388 1.368 1.348 1.327 1.307 1.287 1.267 1.286 1.318 1.350 1.382 1.413 1.445 1.477 1.501 1.511 1.518 1.504 1.460 1.416 1.372 1.329 1.285 1.241 1.199 1.165 1.131 1.096 1.062 1.028 0.994
2.239 2.471 2.702 2.934 3.165 3.541 3.951 4.360 4.770 5.180 5.406 5.513 5.619 5.892 6.265 6.637 7.009 7.382 7.754 8.126 7.608 6.781 5.954 5.127 4.301 3.474 2.647 2.309 2.086 1.862 1.712 1.656 1.599 1.542 1.486 1.467 1.456 1.446 1.436 1.425 1.415 1.404 1.394 1.426 1.411 1.364 1.343 1.322 1.302 1.282 1.262 1.242 1.222 1.235 1.267 1.299 1.331 1.362 1.394 1.406 1.416 1.425 1.432 1.439 1.446 1.424 1.380 1.336 1.293 1.249 1.207 1.172 1.138 1.104 1.070 1.036 0.990
2.499 2.731 2.962 3.194 3.425 3.748 4.157 4.567 4.977 5.264 5.370 5.477 5.583 5.765 6.138 6.510 6.883 7.255 7.534 7.352 6.943 6.392 5.842 5.074 4.247 3.420 2.594 2.095 1.872 1.712 1.655 1.598 1.542 1.485 1.429 1.397 1.387 1.377 1.366 1.356 1.346 1.335 1.375 1.423 1.425 1.378 1.331 1.284 1.256 1.236 1.216 1.196 1.176 1.184 1.216 1.248 1.280 1.301 1.311 1.320 1.330 1.339 1.347 1.353 1.360 1.367 1.374 1.344 1.301 1.257 1.214 1.180 1.146 1.112 1.069 1.020 0.971
2.759 2.991 3.222 3.454 3.685 3.954 4.364 4.774 5.122 5.228 5.335 5.441 5.548 5.654 6.011 6.383 6.756 6.894 6.712 6.531 6.165 5.614 5.064 4.513 3.962 3.367 2.540 1.882 1.711 1.654 1.598 1.541 1.484 1.428 1.371 1.328 1.318 1.307 1.297 1.287 1.277 1.324 1.372 1.420 1.439 1.392 1.345 1.298 1.251 1.205 1.170 1.150 1.130 1.133 1.165 1.195 1.205 1.215 1.225 1.234 1.244 1.254 1.261 1.268 1.275 1.282 1.288 1.295 1.302 1.265 1.222 1.188 1.148 1.099 1.050 1.001 0.952
3.019 3.251 3.483 3.714 3.945 4.176 4.571 4.979 5.086 5.192 5.299 5.405 5.512 5.618 5.884 6.256 6.253 6.072 5.891 5.709 5.386 4.836 4.285 3.735 3.184 2.634 2.084 1.712 1.654 1.597 1.540 1.484 1.427 1.370 1.314 1.259 1.248 1.238 1.228 1.226 1.274 1.321 1.369 1.417 1.453 1.406 1.359 1.312 1.265 1.218 1.172 1.125 1.084 1.081 1.099 1.109 1.119 1.129 1.139 1.148 1.158 1.168 1.176 1.182 1.189 1.196 1.203 1.210 1.217 1.224 1.228 1.178 1.129 1.080 1.031 0.982 0.933
3.277 3.509 3.741 3.974 4.205 4.436 4.777 4.943 5.050 5.156 5.263 5.369 5.476 5.582 5.757 5.613 5.432 5.250 5.069 4.888 4.608 4.058 3.507 2.957 2.406 1.856 1.677 1.660 1.605 1.545 1.485 1.426 1.370 1.313 1.257 1.201 1.179 1.169 1.175 1.223 1.270 1.318 1.366 1.413 1.461 1.419 1.372 1.326 1.279 1.232 1.185 1.139 1.091 1.039 1.012 1.023 1.033 1.043 1.053 1.062 1.072 1.082 1.090 1.097 1.104 1.111 1.118 1.125 1.131 1.150 1.169 1.142 1.110 1.061 1.012 0.963 0.914
3.534 3.766 3.999 4.231 4.463 4.695 4.819 4.929 5.040 5.151 5.261 5.372 5.482 5.593 5.476 4.886 4.610 4.429 4.247 4.066 3.830 3.279 2.729 2.179 1.656 1.639 1.622 1.605 1.557 1.497 1.437 1.377 1.317 1.257 1.200 1.143 1.110 1.123 1.171 1.219 1.267 1.315 1.363 1.410 1.458 1.433 1.386 1.339 1.292 1.246 1.199 1.147 1.089 1.033 1.003 0.973 0.946 0.956 0.966 0.976 0.986 0.996 1.004 1.011 1.018 1.025 1.032 1.047 1.068 1.089 1.109 1.082 1.056 1.030 0.993 0.943 0.895
3.791 4.024 4.256 4.488 4.702 4.894 4.968 4.956 5.067 5.177 5.288 5.398 5.509 5.620 5.381 4.791 4.202 3.612 3.426 3.244 3.052 2.501 1.951 1.619 1.602 1.585 1.568 1.551 1.510 1.450 1.390 1.330 1.270 1.210 1.150 1.091 1.069 1.120 1.168 1.216 1.264 1.312 1.359 1.407 1.454 1.447 1.400 1.353 1.306 1.259 1.203 1.144 1.086 1.028 0.997 0.966 0.936 0.906 0.880 0.890 0.900 0.910 0.918 0.926 0.933 0.944 0.965 0.986 1.007 1.029 1.049 1.022 0.996 0.970 0.944 0.918 0.876
4.049 4.281 4.511 4.702 4.893 5.085 5.132 5.114 5.096 5.204 5.314 5.425 5.536 5.646 5.286 4.697 4.107 3.518 2.928 2.422 2.241 1.723 1.582 1.565 1.548 1.531 1.514 1.497 1.463 1.402 1.342 1.282 1.223 1.163 1.103 1.067 1.041 1.099 1.156 1.212 1.261 1.309 1.356 1.404 1.451 1.461 1.414 1.367 1.318 1.259 1.200 1.142 1.083 1.025 0.991 0.960 0.930 0.899 0.869 0.839 0.813 0.824 0.832 0.840 0.861 0.882 0.904 0.925 0.946 0.968 0.989 0.963 0.936 0.910 0.884 0.858 0.832
4.306 4.510 4.702 4.893 5.084 5.276 5.296 5.278 5.260 5.242 5.341 5.452 5.562 5.673 5.191 4.602 4.012 3.423 2.833 2.244 1.659 1.545 1.528 1.511 1.494 1.477 1.460 1.443 1.415 1.355 1.295 1.235 1.175 1.116 1.085 1.056 1.028 1.071 1.128 1.185 1.241 1.298 1.353 1.400 1.448 1.475 1.428 1.375 1.316 1.257 1.198 1.139 1.081 1.022 0.985 0.954 0.924 0.893 0.863 0.832 0.802 0.772 0.756 0.778 0.799 0.821 0.843 0.864 0.885 0.907 0.928 0.903 0.876 0.850 0.824 0.798 0.773
4.510 4.701 4.893 5.084 5.275 5.467 5.460 5.442 5.424 5.406 5.388 5.478 5.589 5.686 5.097 4.507 3.918 3.328 2.745 2.169 1.594 1.482 1.470 1.456 1.439 1.423 1.406 1.389 1.368 1.308 1.248 1.188 1.133 1.104 1.075 1.046 1.017 1.043 1.100 1.157 1.214 1.270 1.327 1.383 1.439 1.489 1.432 1.373 1.314 1.255 1.196 1.137 1.078 1.020 0.979 0.948 0.918 0.887 0.857 0.826 0.797 0.772 0.751 0.738 0.738 0.759 0.781 0.803 0.824 0.846 0.867 0.843 0.817 0.791 0.765 0.739 0.713
4.701 4.893 5.084 5.275 5.466 5.642 5.624 5.606 5.588 5.570 5.552 5.534 5.615 5.592 5.002 4.413 3.832 3.256 2.680 2.104 1.528 1.417 1.405 1.394 1.382 1.368 1.351 1.334 1.318 1.260 1.200 1.152 1.123 1.093 1.064 1.035 1.007 1.015 1.072 1.129 1.186 1.242 1.299 1.355 1.411 1.442 1.412 1.369 1.311 1.252 1.193 1.134 1.075 1.017 0.973 0.942 0.912 0.881 0.850 0.824 0.799 0.773 0.752 0.739 0.726 0.713 0.719 0.741 0.763 0.784 0.806 0.783 0.757 0.731 0.705 0.685 0.686
