includes/camargue/floodfiles/results_R2_t1.562607662346E12/res-0005.wdfp
ncols         906
nrows         631
xllcorner     362177.146667
yllcorner     6534725.688020
cellsize      20.000000
NODATA_value  -9999.000000
[rows 374 to 407 of 631, columns 616 to 692 of 906]
0.000 0.000 2.193 2.342 2.202 2.102 2.231 2.231 1.871 1.691 1.771 1.591 2.071 1.951 2.411 2.271 2.481 2.431 2.411 1.991 2.171 2.301 2.221 2.311 0.000 2.596 2.563 2.852 2.692 2.742 2.691 2.521 2.610 2.650 2.589 2.668 2.588 2.727 2.797 2.796 2.875 2.745 2.804 2.914 2.834 2.883 3.013 2.882 2.832 3.061 2.851 2.870 2.869 2.889 2.808 2.717 2.687 2.686 2.666 2.645 2.604 2.493 2.593 2.522 2.421 2.441 2.500 2.070 1.650 1.629 0.529 1.519 0.819 0.948 0.000 0.000 0.255
2.342 2.312 2.362 2.352 2.712 2.402 2.201 2.261 2.321 2.021 2.251 1.771 2.051 2.181 2.401 2.271 2.381 2.481 2.481 2.051 2.201 2.240 2.200 2.500 2.341 2.666 2.700 2.622 2.861 2.651 2.651 2.590 2.680 2.669 2.758 2.668 2.747 2.767 2.826 2.795 2.885 2.894 2.854 2.844 2.943 2.823 2.922 2.892 3.141 2.921 2.900 2.839 2.839 2.948 2.678 2.767 2.756 2.766 2.685 2.655 2.584 2.573 2.543 2.512 2.531 2.591 2.450 2.250 1.780 1.599 1.279 0.839 0.999 0.938 0.000 0.000 0.011
2.242 2.312 2.292 2.272 2.412 2.472 2.461 2.531 2.491 2.371 2.341 2.101 2.231 2.601 2.501 2.491 2.491 2.431 2.550 2.461 2.320 2.430 2.590 2.660 2.690 2.561 2.771 2.571 2.571 2.480 2.710 2.619 2.649 2.668 2.728 2.787 2.847 2.816 2.865 3.095 2.894 2.934 2.953 2.963 2.992 3.072 2.952 2.971 3.031 2.860 2.829 2.949 2.928 2.938 2.717 2.816 2.846 2.705 2.755 2.694 2.644 2.583 2.662 2.722 2.561 2.621 2.400 2.390 2.159 1.849 1.599 1.339 1.009 0.679 0.003 0.000 2.009
2.352 2.222 2.332 2.462 2.402 2.532 2.531 2.601 2.571 2.481 2.271 2.401 2.310 2.520 2.440 2.540 2.520 2.460 2.560 2.530 2.510 2.440 2.640 2.690 2.750 2.380 2.843 3.060 2.700 2.650 2.589 2.659 2.758 2.838 2.787 2.847 2.936 2.965 2.945 2.984 2.974 2.923 2.943 3.092 2.992 2.972 3.171 2.971 2.930 2.949 2.999 2.968 2.858 2.887 2.907 2.936 2.835 2.805 2.804 2.784 2.623 2.623 2.612 2.611 2.521 2.670 2.380 2.509 2.289 2.209 1.579 1.478 1.099 0.669 0.269 0.000 2.820
2.492 2.302 2.431 2.651 2.621 2.481 2.531 2.491 2.521 2.481 2.521 2.621 2.150 2.690 2.590 2.510 2.580 2.570 2.680 2.540 2.470 2.530 2.719 2.729 2.769 2.659 3.129 2.948 2.439 2.699 2.678 2.758 2.798 2.757 2.827 2.846 2.915 2.955 2.964 3.034 3.083 3.053 3.082 3.062 3.072 3.001 3.010 2.940 2.909 2.989 3.028 3.278 3.007 2.977 2.906 2.956 2.845 2.855 2.694 2.793 2.693 2.632 2.662 2.711 2.490 2.580 2.429 2.459 2.389 2.288 1.668 1.718 1.478 1.257 1.317 2.375 2.894
2.501 2.301 2.341 2.591 2.651 2.501 2.511 2.471 2.591 2.500 2.350 2.260 2.200 2.630 2.500 2.580 2.550 2.579 2.589 2.649 2.809 2.749 2.799 2.669 2.669 2.729 2.579 3.019 3.368 2.748 2.708 2.797 2.767 2.846 2.926 2.955 2.995 2.974 3.104 3.073 3.133 3.102 3.022 3.141 3.101 3.020 3.050 3.149 3.069 3.168 3.068 3.037 3.097 2.926 3.056 2.845 2.835 2.844 2.814 2.873 2.812 2.742 2.661 2.621 2.580 2.670 2.619 2.619 2.569 2.408 1.968 1.918 1.587 1.387 1.547 2.956 3.386
2.541 2.521 2.631 2.471 2.661 2.491 2.531 2.681 2.520 2.470 2.620 2.500 2.380 2.560 2.680 2.629 2.649 2.599 2.679 2.779 2.789 2.689 2.649 2.688 2.768 2.678 2.678 3.078 3.124 2.787 2.797 2.867 2.986 2.866 2.895 2.915 2.834 3.134 3.173 3.092 2.992 3.112 3.091 3.251 3.070 3.070 3.179 3.059 3.068 3.098 3.207 3.017 3.056 2.946 2.905 2.995 2.864 2.874 3.023 2.952 2.832 2.671 2.751 2.810 2.730 2.659 2.669 2.618 2.738 2.548 2.218 2.057 1.977 1.717 2.017 2.980 2.106
2.451 2.611 2.571 2.561 2.691 2.601 2.530 2.480 2.590 2.560 2.460 2.580 2.619 2.659 2.749 2.649 2.779 2.709 2.699 2.698 2.628 2.548 2.598 2.698 2.838 2.908 2.797 2.647 3.196 2.907 2.966 2.956 2.946 2.895 3.035 3.044 3.123 3.143 3.022 3.082 3.101 3.131 3.170 3.030 3.100 3.099 3.139 3.078 3.128 3.077 3.216 3.236 3.055 3.025 2.975 2.994 3.024 2.943 2.903 2.952 2.811 2.671 2.720 2.780 2.739 2.749 2.738 2.698 2.678 2.398 2.427 2.537 2.227 2.126 3.536 3.336 2.646
2.611 2.611 2.610 2.680 2.610 2.600 2.690 2.690 2.520 2.600 2.590 2.719 2.789 2.799 2.759 2.769 2.749 2.809 2.898 2.748 2.728 2.698 2.668 2.757 2.707 2.807 2.847 2.817 3.267 3.300 2.936 3.005 3.105 3.025 3.014 3.124 3.113 3.152 3.122 3.171 3.041 3.160 3.110 3.139 3.119 3.048 3.248 3.137 3.217 3.206 3.116 3.265 3.135 3.055 3.034 2.974 3.013 3.053 2.862 2.832 2.931 2.820 2.720 2.809 2.759 2.788 2.858 2.608 2.567 2.427 2.447 2.737 2.966 3.056 3.053 2.656 2.695
2.681 2.680 2.650 2.750 2.810 2.820 2.690 2.610 2.580 2.710 2.649 2.799 2.749 2.789 2.809 2.769 2.818 2.788 2.768 2.948 2.778 2.777 2.647 2.957 2.837 2.957 2.826 2.926 2.946 3.372 2.775 3.055 3.094 3.114 3.084 3.143 3.172 3.162 3.221 3.171 3.090 3.250 3.149 3.149 3.128 3.128 3.128 3.237 3.247 3.226 3.096 3.265 3.265 3.074 3.094 3.074 3.133 2.912 2.892 2.891 2.881 2.850 2.830 2.799 2.769 2.758 2.818 2.647 2.727 2.527 2.517 2.836 2.976 3.091 3.426 2.736 2.786
2.620 2.670 2.830 2.670 2.750 2.700 2.600 2.669 2.619 2.589 2.639 2.859 2.789 2.789 2.818 2.768 2.868 2.918 2.948 2.817 2.917 2.827 2.747 2.897 2.867 3.036 2.976 2.926 3.015 3.435 3.449 3.144 3.144 3.183 3.173 3.173 3.152 3.181 3.161 3.150 3.220 3.179 3.229 3.268 3.178 3.257 3.157 3.176 3.066 3.176 3.185 3.175 3.224 3.144 3.274 3.193 2.983 2.902 2.871 2.961 3.000 2.890 2.849 3.019 2.868 2.718 2.777 2.757 2.637 2.517 2.316 2.796 3.130 3.127 2.776 2.866 2.826
2.650 2.740 2.740 2.730 2.790 2.779 2.689 2.729 2.819 2.819 2.809 2.919 2.739 2.828 2.818 2.888 2.858 2.898 2.897 2.887 2.897 2.977 2.756 2.936 2.876 2.996 3.076 3.035 2.955 2.894 3.471 3.094 3.083 3.123 3.223 3.172 3.182 3.261 3.220 3.170 3.179 3.289 3.088 3.238 3.307 3.257 3.287 3.196 3.146 3.285 3.225 3.195 3.244 3.264 3.163 3.103 3.032 3.052 2.951 2.900 3.000 2.899 2.969 2.948 2.898 2.917 2.847 2.697 2.807 2.506 2.356 3.616 3.165 3.106 2.756 2.796 2.746
2.730 2.710 2.750 2.730 2.919 2.819 2.689 2.819 2.809 2.729 2.809 2.799 2.819 2.918 2.998 2.938 2.878 2.877 2.917 2.927 2.997 2.956 2.926 2.956 3.026 2.905 3.165 3.075 3.074 3.004 3.494 3.333 3.253 3.183 3.212 3.152 3.181 3.281 3.210 3.369 3.279 3.208 3.358 3.317 3.347 3.297 3.296 3.146 3.415 3.225 3.295 3.454 3.324 3.153 3.083 3.123 3.082 3.111 3.141 3.140 2.970 2.999 3.039 2.978 2.938 2.817 2.887 2.847 2.837 2.556 2.676 3.204 3.201 2.816 2.746 2.786 2.966
2.710 2.640 2.749 2.689 2.919 2.809 2.839 2.839 2.809 2.739 2.769 2.939 2.848 2.888 2.908 2.888 2.967 2.997 2.947 3.006 3.106 3.026 3.116 2.966 3.015 2.965 3.065 3.004 3.194 3.114 3.083 3.530 3.192 3.182 3.262 3.291 3.161 3.150 3.369 3.199 3.268 3.268 3.257 3.297 3.337 3.196 3.316 3.276 3.345 3.305 3.384 3.214 3.254 3.233 3.173 3.072 3.032 3.201 3.141 3.040 3.099 3.039 3.068 3.008 3.017 2.897 2.947 2.857 2.867 2.806 3.496 3.239 2.806 2.866 2.836 2.906 2.936
2.729 2.829 2.769 2.929 2.959 2.859 2.869 2.709 2.729 2.869 2.809 3.078 2.798 2.988 2.958 3.017 2.997 3.047 3.067 3.156 3.106 3.126 3.055 3.105 3.065 3.035 3.134 3.094 3.164 3.053 3.113 3.553 3.172 3.252 3.351 3.321 3.180 3.310 3.479 3.299 3.378 3.377 3.267 3.287 3.266 3.296 3.516 3.285 3.375 3.195 3.144 3.214 3.223 3.253 3.182 3.192 3.162 3.281 3.130 3.110 3.189 3.119 3.078 3.058 3.027 2.967 2.987 3.007 2.897 2.836 3.278 3.275 2.816 2.556 2.906 2.966 3.026
2.729 2.819 2.749 2.889 2.869 2.879 2.879 2.809 2.779 2.879 2.908 3.118 2.898 2.978 2.957 3.007 3.127 3.037 3.076 3.076 3.006 3.115 3.095 3.105 3.014 3.114 3.074 3.024 3.253 3.153 3.263 3.575 3.589 3.351 3.311 3.440 3.330 3.299 3.158 3.278 3.378 3.377 3.407 3.336 3.266 3.376 3.315 3.365 3.355 3.204 3.314 3.244 3.333 3.193 3.252 3.292 3.181 3.161 3.160 3.130 3.279 3.149 3.128 3.108 3.087 2.957 3.077 2.837 2.837 3.476 3.314 2.606 2.676 2.826 2.846 3.057 3.057
2.839 2.919 2.819 2.849 3.119 3.049 2.889 2.809 2.739 2.858 2.968 2.978 2.998 3.047 2.947 3.137 3.117 3.157 3.016 3.136 3.055 3.175 3.165 3.164 3.154 3.074 3.244 3.203 3.243 3.263 3.122 3.142 3.612 3.201 3.190 3.460 3.309 3.289 3.208 3.168 3.367 3.347 3.436 3.356 3.285 3.415 3.225 3.414 3.414 3.264 3.254 3.273 3.293 3.322 3.322 3.241 3.171 3.201 3.230 3.240 3.119 3.179 3.148 3.088 3.058 3.077 3.007 3.067 3.007 3.354 3.366 3.007 2.947 3.047 2.967 2.927 3.077
2.869 2.939 2.859 2.929 2.939 2.909 2.879 2.768 2.848 2.918 2.828 2.958 3.027 3.067 3.047 3.067 3.077 3.086 3.106 3.146 3.175 3.105 3.195 3.104 3.134 3.084 3.093 3.223 3.243 3.192 3.172 3.101 3.634 3.301 3.280 3.259 3.369 3.378 3.278 3.367 3.317 3.366 3.186 3.345 3.255 3.345 3.324 3.294 3.354 3.294 3.433 3.303 3.332 3.282 3.282 3.321 3.281 3.210 3.250 3.249 3.089 3.249 3.328 3.148 3.178 3.077 3.087 3.167 3.287 3.408 2.817 3.067 3.177 3.077 3.057 3.137 3.107
2.899 2.919 2.889 2.949 2.919 2.929 3.108 2.888 2.848 2.828 3.138 2.937 3.077 3.167 3.227 3.096 3.096 3.116 3.116 3.265 3.255 3.175 3.164 3.234 3.264 3.203 3.183 3.173 3.202 3.202 3.092 3.211 3.657 3.670 3.380 3.529 3.458 3.228 3.307 3.357 3.426 3.376 3.485 3.475 3.324 3.314 3.434 3.264 3.303 3.423 3.313 3.353 3.282 3.382 3.351 3.321 3.271 3.310 3.170 3.180 3.199 3.279 3.298 3.198 3.208 3.098 3.117 3.147 3.442 3.458 3.027 3.197 3.177 3.167 3.057 3.127 3.177
2.889 2.779 3.079 2.849 2.969 3.219 2.838 2.858 2.868 3.018 3.117 3.047 3.057 3.107 3.106 3.046 3.216 3.276 3.175 3.285 3.285 3.235 3.194 3.414 3.354 3.253 3.223 3.212 3.282 3.312 3.251 3.231 3.190 3.693 3.449 3.298 3.418 3.287 3.367 3.276 3.436 3.455 3.405 3.334 3.304 3.324 3.374 3.383 3.423 3.393 3.413 3.765 3.362 3.382 3.421 3.441 3.371 3.280 3.230 3.330 3.269 3.319 3.358 3.288 3.158 3.198 3.238 3.228 3.481 3.498 3.227 3.247 3.257 3.138 3.148 3.347 3.467
3.089 2.849 2.939 3.029 3.048 3.108 2.998 2.988 3.038 2.987 3.197 3.087 3.167 3.157 3.156 3.326 3.156 3.276 3.175 3.295 3.335 3.224 3.334 3.224 3.223 3.383 3.313 3.222 3.252 3.331 3.321 3.210 3.220 3.715 3.729 3.538 3.407 3.447 3.426 3.376 3.375 3.285 3.494 3.424 3.474 3.363 3.393 3.403 3.373 3.453 3.582 3.542 3.783 3.767 3.521 3.381 3.411 3.290 3.380 3.320 3.399 3.309 3.329 3.268 3.288 3.178 3.188 3.524 3.522 3.308 3.348 3.248 3.288 3.268 3.268 3.278 3.378
2.999 2.939 2.939 2.919 2.888 3.228 3.128 3.068 3.068 3.097 3.207 3.107 3.127 3.266 3.256 3.336 3.226 3.316 3.235 3.225 3.274 3.414 3.404 3.214 3.403 3.373 3.362 3.222 3.221 3.491 3.370 3.390 3.319 3.119 3.754 3.387 3.627 3.596 3.486 3.295 3.285 3.295 3.284 3.374 3.353 3.383 3.403 3.413 3.373 3.492 3.442 3.442 3.532 3.542 3.431 3.401 3.471 3.340 3.360 3.420 3.259 3.369 3.299 3.279 3.249 3.368 3.338 3.567 3.566 3.328 3.328 3.328 3.388 3.348 3.248 3.378 3.298
2.979 3.089 3.009 3.139 3.018 3.058 3.178 3.278 3.057 3.307 3.067 3.077 3.217 3.186 3.126 3.266 3.276 3.235 3.295 3.335 3.374 3.264 3.174 3.353 3.403 3.302 3.392 3.362 3.411 3.340 3.480 3.630 3.299 3.448 3.785 3.793 3.477 3.486 3.366 3.365 3.355 3.394 3.424 3.816 3.603 3.513 3.503 3.393 3.482 3.332 3.522 3.422 3.818 3.491 3.401 3.541 3.491 3.480 3.510 3.420 3.370 3.239 3.289 3.429 3.179 3.379 3.612 3.611 3.548 3.418 3.358 3.428 3.348 3.358 3.368 3.328 3.298
2.979 2.999 2.939 3.008 3.118 3.138 3.358 3.417 3.147 3.217 3.197 3.147 3.166 3.236 3.366 3.266 3.406 3.285 3.265 3.315 3.274 3.274 3.344 3.523 3.503 3.272 3.452 3.291 3.461 3.520 3.460 3.309 3.399 3.298 3.816 3.824 3.406 3.536 3.445 3.385 3.455 3.484 3.524 3.374 3.834 3.513 3.423 3.472 3.432 3.502 3.382 3.836 3.642 3.832 3.581 3.641 3.451 3.430 3.510 3.300 3.250 3.159 3.369 3.319 3.299 3.439 3.656 3.655 3.499 3.369 3.508 3.368 3.548 3.358 3.348 3.458 3.398
2.949 3.018 2.858 3.078 3.028 3.048 3.158 3.107 3.197 3.407 3.147 3.167 3.396 3.486 3.356 3.196 3.356 3.335 3.235 3.265 3.304 3.374 3.283 3.423 3.372 3.452 3.351 3.792 3.431 3.430 3.816 3.419 3.368 3.608 3.337 3.847 3.316 3.376 3.455 3.415 3.505 3.454 3.454 3.484 3.473 3.593 3.423 3.333 3.422 3.512 3.532 3.582 3.854 3.854 3.411 3.812 3.791 3.501 3.480 3.240 3.210 3.350 3.389 3.704 3.459 3.599 3.700 3.698 3.479 3.409 3.439 3.419 3.479 3.499 3.479 3.429 3.349
3.058 3.038 3.148 3.128 3.108 3.078 3.417 3.497 3.107 3.287 3.167 3.226 3.196 3.256 3.256 3.356 3.285 3.375 3.305 3.435 3.294 3.344 3.533 3.413 3.472 3.412 3.391 3.561 3.460 3.440 3.549 3.489 3.388 3.328 3.417 3.627 3.854 3.416 3.575 3.415 3.475 3.504 3.594 3.594 3.573 3.483 3.593 3.573 3.533 3.442 3.542 3.522 3.472 3.872 3.321 3.461 3.401 3.161 3.310 3.280 3.270 3.390 3.490 3.747 3.429 3.745 3.743 3.609 3.469 3.579 3.499 3.549 3.429 3.409 3.519 3.579 3.499
3.088 3.318 3.298 3.308 3.238 3.147 3.417 3.277 3.187 3.257 3.186 3.296 3.406 3.226 3.305 3.265 3.435 3.285 3.335 3.464 3.474 3.454 3.483 3.382 3.412 3.411 3.531 3.401 3.510 3.490 3.459 3.469 3.408 3.398 3.297 3.307 3.865 3.862 3.545 3.585 3.485 3.545 3.584 3.584 3.514 3.543 3.563 3.483 3.523 3.543 3.492 3.482 3.352 3.492 3.877 3.391 3.391 3.401 3.371 3.350 3.390 3.540 3.550 3.370 3.430 3.788 3.459 3.559 3.639 3.579 3.549 3.509 3.609 3.842 3.859 3.589 3.499
3.048 3.098 3.148 3.208 3.187 3.517 3.257 3.107 3.387 3.376 3.216 3.276 3.336 3.265 3.415 3.275 3.335 3.295 3.435 3.484 3.544 3.433 3.483 3.542 3.532 3.481 3.521 3.450 3.410 3.429 3.369 3.359 3.298 3.398 3.377 3.317 3.875 3.872 3.556 3.555 3.880 3.445 3.886 3.624 3.564 3.896 3.900 3.533 3.553 3.613 3.572 3.552 3.492 3.582 3.899 3.877 3.401 3.491 3.481 3.421 3.370 3.440 3.460 3.410 3.833 3.832 3.569 3.599 3.828 3.826 3.831 3.589 3.609 3.549 3.519 3.590 3.560
3.158 3.208 3.158 3.208 3.307 3.407 3.137 3.097 3.457 3.396 3.256 3.236 3.255 3.235 3.405 3.285 3.355 3.505 3.424 3.484 3.454 3.383 3.473 3.412 3.522 3.381 3.490 3.550 3.400 3.309 3.399 3.588 3.498 3.428 3.457 3.417 3.386 3.883 3.636 3.886 3.555 3.893 3.896 3.634 3.614 3.514 3.910 3.623 3.917 3.643 3.573 3.542 3.522 3.442 3.920 3.899 3.541 3.887 3.481 3.361 3.380 3.560 3.460 3.560 3.877 3.875 3.529 3.872 3.871 3.870 3.619 3.887 3.589 3.921 3.600 3.600 3.630
3.138 3.238 3.448 3.397 3.507 3.487 3.217 3.266 3.386 3.266 3.416 3.366 3.365 3.285 3.275 3.375 3.525 3.564 3.514 3.584 3.443 3.493 3.473 3.392 3.451 3.481 3.601 3.410 3.450 3.409 3.419 3.488 3.468 3.488 3.477 3.497 3.437 3.893 3.893 3.897 3.645 3.585 3.585 3.535 3.913 3.614 3.644 3.923 3.927 3.413 3.453 3.583 3.472 3.502 3.942 3.933 3.932 3.531 3.501 3.561 3.521 3.390 3.590 3.922 3.920 3.510 3.917 3.916 3.915 3.913 3.912 3.579 3.639 3.961 3.978 3.600 4.011
3.298 3.278 3.248 3.237 3.327 3.417 3.277 3.246 3.446 3.256 3.296 3.406 3.385 3.345 3.525 3.414 3.404 3.434 3.454 3.494 3.403 3.453 3.512 3.472 3.571 3.461 3.441 3.470 3.470 3.479 3.449 3.478 3.498 3.508 3.477 3.327 3.537 3.396 3.903 3.536 3.566 3.566 3.615 3.920 3.923 3.927 3.930 3.933 3.937 3.583 3.383 3.593 3.592 3.562 3.562 3.542 3.976 3.631 3.571 3.491 3.481 3.451 3.550 3.965 3.964 3.962 3.961 3.960 3.958 3.957 3.955 3.967 3.983 4.000 4.017 4.034 4.051
3.308 3.238 3.248 3.287 3.217 3.567 3.286 3.236 3.396 3.286 3.526 3.425 3.335 3.415 3.365 3.444 3.364 3.454 3.574 3.533 3.463 3.463 3.432 3.602 3.501 3.391 3.561 3.420 3.410 3.489 3.489 3.479 3.518 3.588 3.528 3.507 3.417 3.507 3.914 3.917 3.920 3.536 3.546 3.930 3.625 3.937 3.940 3.943 3.947 3.604 3.533 3.393 3.473 3.512 3.572 3.472 4.033 4.028 4.022 4.017 3.591 3.611 4.010 4.009 4.008 4.006 4.005 4.003 4.002 4.000 3.999 4.006 4.023 4.040 4.057 4.074 4.084
3.168 3.218 3.288 3.337 3.357 3.576 3.366 3.386 3.356 3.406 3.456 3.395 3.375 3.445 3.564 3.514 3.424 3.554 3.304 3.943 3.533 3.453 3.562 3.472 3.621 3.561 3.621 3.480 3.550 3.590 3.609 3.629 3.548 3.558 3.528 3.578 3.617 3.457 3.507 3.927 3.556 3.934 3.937 3.941 3.944 3.947 3.950 3.953 3.957 3.960 3.583 3.503 3.573 3.513 3.542 3.522 3.542 4.084 3.592 3.641 3.611 3.521 4.058 4.053 4.051 4.050 3.630 4.047 4.045 4.044 4.043 4.046 4.062 4.079 4.096 4.105 4.112
3.258 3.208 3.218 3.227 3.297 3.601 3.256 3.246 3.456 3.426 3.565 3.465 3.455 3.525 3.534 3.424 3.514 3.574 3.503 3.503 3.533 3.572 3.562 3.502 3.602 3.481 3.541 3.541 3.530 3.510 3.549 3.529 3.589 3.469 3.458 3.408 3.518 3.537 3.417 3.937 3.941 3.944 3.948 3.616 3.954 3.957 3.960 3.964 3.967 3.970 3.974 4.007 3.563 3.613 3.603 4.150 3.622 4.141 4.136 4.130 4.125 4.120 4.114 4.109 4.104 4.099 4.093 4.090 4.089 4.088 4.086 4.085 4.102 4.119 4.126 4.133 4.139
