includes/camargue/floodfiles/results_R2_t1.562607662346E12/res-0003.wd
ncols         906
nrows         631
xllcorner     362177.146667
yllcorner     6534725.688020
cellsize      20.000000
NODATA_value  -9999.000000
[rows 510 to 543 of 631, columns 0 to 76 of 906]
7.462 7.354 7.246 7.137 6.920 6.696 6.844 6.971 7.084 7.198 7.312 7.426 7.539 7.653 7.767 7.881 7.994 7.979 7.948 7.916 7.884 7.852 7.860 7.886 7.912 7.938 7.934 7.889 7.845 7.800 7.755 7.711 7.666 7.621 7.603 7.639 7.668 7.697 7.726 7.768 7.830 7.893 7.956 8.019 8.082 8.207 8.364 8.557 8.750 8.942 9.135 9.327 9.520 9.712 9.886 10.055 10.225 10.395 10.519 10.630 10.742 10.854 10.966 10.911 10.797 10.682 10.567 10.453 10.338 10.186 9.940 9.694 9.546 9.458 9.371 9.283 9.195
7.703 7.595 7.486 7.239 6.948 6.687 6.836 6.984 7.123 7.237 7.351 7.465 7.578 7.692 7.806 7.920 8.023 7.991 7.960 7.928 7.896 7.864 7.832 7.834 7.860 7.886 7.864 7.819 7.774 7.730 7.685 7.640 7.595 7.551 7.509 7.521 7.584 7.647 7.710 7.773 7.835 7.898 7.961 8.024 8.105 8.231 8.357 8.514 8.706 8.899 9.091 9.284 9.476 9.666 9.835 10.005 10.175 10.345 10.514 10.637 10.749 10.861 10.961 10.847 10.732 10.618 10.503 10.389 10.274 10.159 10.003 9.757 9.658 9.571 9.483 9.395 9.297
7.944 7.835 7.557 7.267 6.976 6.685 6.827 6.975 7.123 7.271 7.390 7.504 7.618 7.731 7.845 7.959 8.035 8.003 7.972 7.940 7.908 7.876 7.844 7.812 7.808 7.834 7.793 7.748 7.704 7.659 7.626 7.610 7.595 7.579 7.563 7.565 7.590 7.652 7.715 7.778 7.841 7.904 7.967 8.029 8.129 8.255 8.380 8.506 8.663 8.856 9.048 9.241 9.433 9.616 9.785 9.955 10.125 10.294 10.464 10.634 10.756 10.868 10.897 10.782 10.668 10.553 10.439 10.324 10.210 10.095 9.980 9.859 9.747 9.633 9.518 9.404 9.290
8.166 7.876 7.585 7.295 7.004 6.713 6.818 6.966 7.114 7.262 7.410 7.543 7.657 7.770 7.884 7.998 8.047 8.015 7.984 7.952 7.920 7.888 7.856 7.824 7.793 7.767 7.744 7.728 7.712 7.697 7.681 7.665 7.649 7.633 7.619 7.626 7.633 7.658 7.721 7.783 7.846 7.909 7.972 8.035 8.152 8.278 8.404 8.529 8.655 8.812 9.005 9.198 9.390 9.566 9.735 9.905 10.075 10.244 10.414 10.584 10.753 10.875 10.832 10.718 10.603 10.489 10.387 10.334 10.282 10.230 10.178 9.982 9.740 9.626 9.512 9.397 9.283
8.194 7.904 7.613 7.323 7.032 6.742 6.809 6.957 7.105 7.253 7.401 7.549 7.696 7.809 7.923 8.037 8.059 8.027 7.996 7.964 7.932 7.900 7.871 7.865 7.860 7.837 7.798 7.783 7.767 7.751 7.735 7.719 7.704 7.688 7.679 7.687 7.694 7.702 7.726 7.789 7.851 7.914 7.977 8.050 8.176 8.301 8.427 8.553 8.678 8.804 8.962 9.154 9.346 9.516 9.685 9.855 10.025 10.194 10.364 10.534 10.703 10.880 10.866 10.814 10.762 10.710 10.658 10.606 10.554 10.501 10.449 10.167 9.863 9.619 9.505 9.390 9.276
8.222 7.932 7.641 7.351 7.060 6.769 6.800 6.948 7.096 7.244 7.392 7.540 7.688 7.836 7.962 8.076 8.071 8.039 8.008 7.984 7.979 7.973 7.968 7.962 7.957 7.925 7.877 7.837 7.821 7.805 7.790 7.774 7.758 7.742 7.740 7.747 7.755 7.762 7.770 7.794 7.857 7.920 7.982 8.074 8.199 8.325 8.451 8.576 8.702 8.827 8.953 9.111 9.296 9.466 9.635 9.805 9.979 10.162 10.345 10.529 10.712 10.901 11.106 11.085 11.033 10.981 10.929 10.877 10.825 10.773 10.658 10.353 10.048 9.744 9.498 9.383 9.269
8.250 7.960 7.669 7.379 7.088 6.797 6.791 6.939 7.087 7.235 7.383 7.531 7.679 7.827 7.975 8.115 8.098 8.092 8.087 8.081 8.076 8.071 8.065 8.060 8.054 8.014 7.966 7.918 7.876 7.860 7.844 7.828 7.813 7.797 7.801 7.808 7.816 7.823 7.830 7.838 7.862 7.925 7.988 8.097 8.223 8.348 8.474 8.600 8.725 8.851 8.976 9.101 9.261 9.445 9.628 9.811 9.994 10.177 10.360 10.543 10.727 10.923 11.127 11.332 11.305 11.253 11.201 11.149 11.096 11.044 10.844 10.539 10.234 9.929 9.625 9.377 9.262
8.278 7.988 7.697 7.407 7.116 6.825 6.783 6.931 7.079 7.227 7.375 7.523 7.671 7.818 7.967 8.111 8.187 8.189 8.184 8.179 8.173 8.168 8.162 8.157 8.151 8.103 8.055 8.007 7.959 7.914 7.899 7.883 7.867 7.855 7.862 7.869 7.877 7.884 7.891 7.899 7.906 7.930 7.995 8.121 8.246 8.372 8.498 8.615 8.730 8.845 8.959 9.074 9.267 9.459 9.643 9.826 10.009 10.192 10.375 10.558 10.741 10.944 11.149 11.353 11.558 11.524 11.472 11.420 11.368 11.316 11.030 10.725 10.420 10.115 9.811 9.506 9.255
8.306 8.016 7.725 7.435 7.144 6.854 6.774 6.922 7.070 7.218 7.366 7.514 7.662 7.810 7.958 8.102 8.177 8.252 8.281 8.276 8.270 8.265 8.259 8.254 8.239 8.191 8.143 8.095 8.047 7.999 7.953 7.937 7.921 7.915 7.923 7.930 7.937 7.945 7.952 7.959 7.967 7.974 8.014 8.129 8.244 8.359 8.473 8.588 8.703 8.818 8.933 9.064 9.264 9.465 9.657 9.841 10.024 10.207 10.390 10.573 10.761 10.965 11.170 11.375 11.580 11.785 11.743 11.691 11.639 11.521 11.216 10.911 10.606 10.301 9.996 9.692 9.387
8.318 8.044 7.753 7.463 7.172 6.882 6.765 6.913 7.061 7.209 7.357 7.505 7.653 7.801 7.949 8.092 8.167 8.243 8.318 8.373 8.367 8.362 8.357 8.351 8.328 8.280 8.232 8.184 8.136 8.088 8.040 7.992 7.976 7.976 7.983 7.991 7.998 8.003 8.000 7.996 7.993 7.989 8.026 8.102 8.217 8.332 8.447 8.562 8.677 8.792 8.907 9.061 9.261 9.462 9.662 9.856 10.039 10.222 10.405 10.588 10.782 10.987 11.192 11.397 11.601 11.806 12.011 11.963 11.910 11.707 11.402 11.097 10.792 10.487 10.182 9.877 9.573
8.176 7.949 7.723 7.491 7.200 6.910 6.756 6.904 7.052 7.200 7.348 7.496 7.644 7.793 7.941 8.082 8.157 8.233 8.308 8.384 8.459 8.459 8.454 8.448 8.417 8.369 8.321 8.273 8.225 8.177 8.128 8.080 8.032 8.025 8.022 8.019 8.015 8.012 8.009 8.005 8.002 7.999 8.054 8.114 8.191 8.306 8.421 8.536 8.651 8.766 8.881 9.058 9.259 9.459 9.659 9.860 10.054 10.237 10.420 10.603 10.804 11.008 11.213 11.418 11.623 11.828 12.032 12.234 12.182 11.892 11.587 11.283 10.978 10.673 10.368 10.082 9.820
8.033 7.807 7.580 7.354 7.128 6.901 6.747 6.895 7.043 7.192 7.340 7.488 7.636 7.784 7.932 8.072 8.147 8.223 8.298 8.374 8.449 8.525 8.551 8.545 8.505 8.457 8.409 8.361 8.311 8.248 8.185 8.122 8.067 8.035 8.031 8.028 8.024 8.021 8.018 8.014 8.011 8.022 8.082 8.143 8.203 8.280 8.395 8.510 8.625 8.740 8.855 9.056 9.256 9.456 9.657 9.857 10.057 10.252 10.435 10.620 10.825 11.030 11.235 11.440 11.644 11.849 12.054 12.257 12.457 12.195 11.933 11.671 11.408 11.146 10.884 10.622 10.360
7.890 7.664 7.438 7.211 6.985 6.807 6.742 6.888 7.035 7.183 7.331 7.479 7.627 7.775 7.923 8.062 8.137 8.213 8.288 8.364 8.439 8.515 8.590 8.642 8.590 8.526 8.463 8.401 8.338 8.275 8.212 8.149 8.103 8.071 8.040 8.037 8.034 8.030 8.027 8.024 8.020 8.050 8.110 8.171 8.231 8.292 8.369 8.483 8.598 8.713 8.853 9.053 9.253 9.454 9.654 9.854 10.055 10.255 10.450 10.642 10.847 11.051 11.254 11.447 11.640 11.833 12.025 12.218 12.533 12.735 12.473 12.211 11.949 11.687 11.425 11.163 10.901
7.748 7.521 7.295 7.069 6.922 6.836 6.750 6.883 7.029 7.175 7.322 7.470 7.619 7.767 7.915 8.052 8.128 8.203 8.279 8.354 8.430 8.505 8.623 8.706 8.617 8.553 8.490 8.427 8.364 8.301 8.238 8.176 8.140 8.108 8.076 8.046 8.043 8.040 8.036 8.033 8.030 8.078 8.138 8.199 8.259 8.320 8.380 8.457 8.572 8.687 8.850 9.050 9.251 9.451 9.651 9.851 10.052 10.252 10.418 10.637 10.830 11.023 11.215 11.408 11.601 11.794 11.987 12.179 12.563 12.947 13.014 12.752 12.490 12.228 11.966 11.704 11.442
7.605 7.379 7.152 7.036 6.950 6.864 6.778 6.879 7.025 7.171 7.317 7.463 7.610 7.758 7.906 8.042 8.118 8.193 8.269 8.351 8.474 8.597 8.719 8.768 8.671 8.580 8.517 8.454 8.391 8.328 8.265 8.208 8.176 8.144 8.112 8.080 8.052 8.049 8.045 8.042 8.045 8.106 8.166 8.227 8.287 8.348 8.409 8.469 8.546 8.661 8.847 9.048 9.248 9.448 9.619 9.776 9.934 10.092 10.250 10.525 10.791 10.984 11.177 11.369 11.562 11.755 11.948 12.208 12.592 12.976 13.361 13.293 13.031 12.769 12.507 12.245 11.841
7.462 7.237 7.151 7.065 6.979 6.893 6.807 6.875 7.020 7.166 7.312 7.458 7.604 7.750 7.898 8.032 8.108 8.203 8.325 8.448 8.570 8.693 8.816 8.829 8.732 8.635 8.545 8.481 8.418 8.355 8.292 8.245 8.213 8.181 8.149 8.117 8.085 8.058 8.055 8.051 8.074 8.134 8.195 8.255 8.316 8.376 8.437 8.497 8.558 8.644 8.820 8.977 9.135 9.293 9.451 9.608 9.766 9.924 10.099 10.387 10.674 10.945 11.138 11.330 11.523 11.716 11.909 12.237 12.621 13.006 13.390 13.774 13.572 13.310 13.048 12.786 12.148
7.351 7.265 7.179 7.093 7.008 6.922 6.836 6.870 7.016 7.162 7.308 7.454 7.600 7.746 7.892 8.039 8.177 8.299 8.422 8.544 8.667 8.789 8.912 8.891 8.793 8.697 8.600 8.509 8.446 8.382 8.319 8.281 8.249 8.217 8.185 8.153 8.121 8.089 8.064 8.060 8.102 8.162 8.223 8.283 8.344 8.399 8.434 8.470 8.505 8.557 8.651 8.809 8.967 9.125 9.282 9.440 9.598 9.755 9.961 10.248 10.535 10.823 11.099 11.291 11.484 11.677 11.882 12.266 12.651 13.035 13.419 13.804 14.113 13.851 13.589 13.108 12.456
7.380 7.294 7.208 7.122 7.036 6.950 6.864 6.866 7.012 7.157 7.303 7.449 7.595 7.741 7.868 7.994 8.193 8.392 8.518 8.641 8.763 8.886 9.008 8.952 8.855 8.758 8.661 8.564 8.472 8.409 8.349 8.317 8.286 8.254 8.222 8.190 8.158 8.126 8.094 8.070 8.130 8.165 8.201 8.236 8.272 8.307 8.343 8.378 8.414 8.477 8.560 8.643 8.799 8.956 9.114 9.272 9.430 9.587 9.822 10.109 10.396 10.684 10.971 11.253 11.445 11.638 11.911 12.296 12.680 13.065 13.449 13.833 14.218 14.392 14.068 13.416 12.764
7.408 7.323 7.237 7.151 7.065 6.979 6.893 6.861 7.007 7.153 7.299 7.445 7.584 7.709 7.834 7.960 8.148 8.347 8.545 8.737 8.860 8.982 9.105 9.013 8.916 8.819 8.722 8.625 8.528 8.436 8.386 8.354 8.322 8.290 8.252 8.209 8.166 8.124 8.081 8.043 8.038 8.074 8.109 8.145 8.180 8.216 8.251 8.287 8.322 8.397 8.480 8.562 8.645 8.788 8.946 9.104 9.261 9.419 9.683 9.970 10.258 10.545 10.832 11.120 11.406 11.599 11.941 12.325 12.710 13.094 13.478 13.863 14.247 14.614 14.398 13.724 13.072
7.380 7.329 7.265 7.179 7.094 7.008 6.922 6.857 7.003 7.149 7.294 7.424 7.550 7.675 7.801 7.926 8.103 8.301 8.500 8.699 8.897 9.078 9.172 9.075 8.978 8.881 8.784 8.683 8.583 8.483 8.383 8.340 8.297 8.255 8.212 8.169 8.126 8.084 8.041 8.009 7.980 7.982 8.018 8.053 8.089 8.124 8.160 8.195 8.234 8.317 8.400 8.482 8.565 8.647 8.778 8.935 9.093 9.257 9.544 9.832 10.119 10.406 10.694 10.981 11.268 11.562 11.932 12.299 12.666 13.032 13.399 13.765 14.132 14.555 14.949 14.272 13.595
7.317 7.266 7.214 7.163 7.112 7.036 6.951 6.865 6.998 7.139 7.265 7.390 7.516 7.641 7.767 7.892 8.058 8.256 8.455 8.654 8.852 9.051 9.213 9.120 9.020 8.919 8.819 8.719 8.618 8.511 8.388 8.300 8.257 8.215 8.172 8.129 8.086 8.044 8.004 7.975 7.946 7.917 7.926 7.962 7.997 8.033 8.068 8.104 8.154 8.237 8.319 8.402 8.485 8.567 8.650 8.767 8.925 9.118 9.406 9.693 9.980 10.268 10.535 10.793 11.051 11.361 11.812 12.183 12.550 12.917 13.283 13.650 14.016 14.538 15.073 14.823 14.146
7.253 7.202 7.151 7.100 7.048 6.997 6.946 6.893 6.980 7.106 7.231 7.357 7.482 7.608 7.733 7.859 8.013 8.211 8.410 8.608 8.807 8.965 9.112 9.155 9.055 8.955 8.854 8.754 8.653 8.535 8.411 8.287 8.217 8.175 8.132 8.089 8.046 8.004 7.969 7.940 7.911 7.882 7.854 7.870 7.906 7.941 7.977 8.012 8.074 8.156 8.239 8.322 8.404 8.487 8.570 8.652 8.756 8.979 9.267 9.529 9.787 10.045 10.303 10.561 10.819 11.160 11.610 12.061 12.434 12.801 13.168 13.534 13.984 14.520 15.056 15.374 14.697
7.190 7.139 7.087 7.036 6.985 6.934 6.881 6.817 6.907 7.060 7.198 7.323 7.448 7.574 7.699 7.825 7.968 8.166 8.365 8.563 8.718 8.865 9.012 9.158 9.090 8.990 8.889 8.789 8.683 8.559 8.435 8.311 8.187 8.135 8.092 8.049 8.007 7.964 7.935 7.906 7.877 7.848 7.819 7.790 7.814 7.850 7.885 7.921 7.994 8.076 8.159 8.242 8.324 8.407 8.490 8.572 8.649 8.782 9.039 9.297 9.555 9.813 10.071 10.329 10.587 10.959 11.409 11.860 12.310 12.685 13.052 13.431 13.966 14.502 15.038 15.574 15.248
7.126 7.075 7.024 6.973 6.921 6.863 6.799 6.735 6.804 6.958 7.111 7.265 7.415 7.540 7.666 7.791 7.922 8.121 8.320 8.471 8.618 8.764 8.911 9.058 9.125 9.025 8.925 8.824 8.706 8.582 8.458 8.335 8.211 8.095 8.052 8.009 7.967 7.930 7.901 7.872 7.843 7.814 7.785 7.756 7.727 7.759 7.794 7.831 7.913 7.996 8.079 8.162 8.244 8.325 8.399 8.474 8.548 8.685 8.851 9.065 9.323 9.581 9.839 10.097 10.355 10.758 11.208 11.658 12.109 12.559 12.937 13.413 13.949 14.485 15.020 15.556 15.799
7.063 7.012 6.960 6.909 6.845 6.781 6.717 6.653 6.702 6.856 7.009 7.163 7.316 7.470 7.623 7.757 7.883 8.076 8.223 8.370 8.517 8.664 8.811 8.957 9.104 9.060 8.960 8.854 8.730 8.606 8.482 8.358 8.234 8.111 8.012 7.970 7.927 7.895 7.867 7.838 7.809 7.780 7.751 7.722 7.693 7.667 7.703 7.751 7.833 7.916 7.999 8.076 8.150 8.225 8.299 8.373 8.448 8.588 8.753 8.919 9.091 9.349 9.607 9.865 10.123 10.556 11.007 11.457 11.908 12.358 12.756 13.395 13.931 14.467 15.003 15.539 16.074
7.232 6.948 6.892 6.828 6.763 6.699 6.635 6.571 6.600 6.753 6.907 7.060 7.214 7.367 7.521 7.674 7.841 8.002 8.123 8.270 8.417 8.563 8.710 8.857 9.004 9.095 8.995 8.878 8.754 8.630 8.506 8.382 8.258 8.134 8.010 7.930 7.890 7.861 7.832 7.803 7.774 7.745 7.717 7.688 7.659 7.630 7.611 7.670 7.752 7.826 7.901 7.975 8.050 8.124 8.198 8.273 8.347 8.490 8.656 8.822 8.988 9.154 9.376 9.634 9.905 10.355 10.806 11.256 11.610 11.946 12.282 12.899 13.540 14.180 14.820 15.461 16.057
7.370 6.874 6.810 6.745 6.681 6.617 6.553 6.489 6.498 6.651 6.804 6.958 7.112 7.265 7.419 7.612 7.951 8.204 8.297 8.389 8.482 8.574 8.666 8.759 8.903 9.050 9.025 8.901 8.778 8.654 8.530 8.406 8.282 8.158 8.034 7.910 7.856 7.827 7.798 7.770 7.742 7.714 7.685 7.657 7.629 7.600 7.572 7.580 7.651 7.726 7.800 7.875 7.949 8.023 8.098 8.172 8.247 8.393 8.559 8.725 8.891 9.057 9.222 9.402 9.704 10.147 10.483 10.819 11.155 11.491 11.827 12.402 13.042 13.683 14.323 14.964 15.600
7.390 7.071 6.765 6.663 6.599 6.535 6.471 6.407 6.396 6.549 6.702 6.856 7.009 7.163 7.384 7.723 8.062 8.401 8.499 8.591 8.684 8.776 8.869 8.961 9.053 9.146 9.082 8.960 8.838 8.717 8.595 8.473 8.351 8.230 8.108 7.985 7.836 7.806 7.778 7.750 7.722 7.693 7.665 7.637 7.608 7.580 7.531 7.514 7.571 7.627 7.700 7.774 7.849 7.923 7.997 8.072 8.146 8.296 8.461 8.627 8.793 8.959 9.125 9.280 9.415 9.691 10.027 10.363 10.699 11.035 11.371 11.905 12.545 13.186 13.826 14.447 15.014
7.601 7.296 6.991 6.685 6.517 6.453 6.389 6.325 6.293 6.447 6.600 6.754 6.907 7.156 7.495 7.834 8.173 8.511 8.701 8.794 8.886 8.978 9.071 9.163 9.256 9.234 9.147 9.042 8.920 8.799 8.677 8.555 8.434 8.312 8.190 8.055 7.907 7.786 7.758 7.730 7.701 7.673 7.645 7.616 7.588 7.544 7.490 7.449 7.506 7.562 7.619 7.675 7.748 7.822 7.897 7.971 8.046 8.198 8.364 8.530 8.696 8.856 8.954 9.051 9.180 9.401 9.621 9.907 10.243 10.579 10.915 11.408 12.048 12.689 13.295 13.861 14.427
7.827 7.522 7.216 6.911 6.606 6.371 6.307 6.243 6.191 6.344 6.498 6.651 6.927 7.266 7.605 7.944 8.283 8.622 8.903 8.996 9.088 9.181 9.273 9.366 9.383 9.296 9.208 9.121 9.002 8.881 8.759 8.637 8.516 8.394 8.272 8.126 7.977 7.829 7.737 7.709 7.681 7.653 7.624 7.596 7.557 7.503 7.449 7.395 7.441 7.497 7.554 7.610 7.666 7.723 7.796 7.871 7.945 8.101 8.266 8.432 8.530 8.627 8.725 8.822 8.946 9.166 9.386 9.607 9.827 10.124 10.460 10.911 11.551 12.143 12.709 13.275 13.841
8.052 7.747 7.442 7.136 6.831 6.526 6.225 6.161 6.097 6.242 6.396 6.699 7.038 7.377 7.716 8.055 8.394 8.733 9.072 9.198 9.291 9.383 9.475 9.532 9.445 9.357 9.270 9.182 9.084 8.963 8.841 8.719 8.598 8.476 8.345 8.197 8.048 7.900 7.751 7.689 7.661 7.632 7.604 7.570 7.516 7.462 7.408 7.354 7.375 7.432 7.488 7.545 7.601 7.658 7.714 7.771 7.845 8.003 8.106 8.204 8.301 8.399 8.496 8.594 8.711 8.932 9.152 9.373 9.593 9.813 10.034 10.414 10.990 11.557 12.123 12.689 13.255
8.278 7.973 7.667 7.362 7.057 6.751 6.446 6.141 6.015 6.140 6.470 6.809 7.148 7.487 7.826 8.165 8.504 8.843 9.182 9.400 9.493 9.585 9.677 9.594 9.506 9.419 9.331 9.244 9.156 9.045 8.923 8.801 8.680 8.558 8.416 8.267 8.119 7.970 7.822 7.673 7.640 7.612 7.583 7.529 7.475 7.421 7.367 7.312 7.310 7.367 7.423 7.480 7.536 7.592 7.649 7.705 7.744 7.782 7.878 7.975 8.072 8.170 8.267 8.365 8.477 8.697 8.918 9.138 9.358 9.579 9.780 9.995 10.460 10.970 11.537 12.103 12.669
8.503 8.198 7.893 7.587 7.282 6.977 6.671 6.331 5.974 6.209 6.581 6.920 7.259 7.598 7.937 8.276 8.615 8.954 9.293 9.602 9.695 9.787 9.743 9.655 9.568 9.480 9.393 9.305 9.218 9.127 9.005 8.883 8.762 8.635 8.486 8.338 8.189 8.041 7.892 7.744 7.620 7.592 7.542 7.488 7.434 7.380 7.325 7.271 7.245 7.301 7.358 7.414 7.471 7.527 7.583 7.609 7.635 7.672 7.712 7.752 7.844 7.941 8.038 8.136 8.243 8.463 8.683 8.904 9.122 9.294 9.465 9.656 10.121 10.587 11.052 11.518 12.083
8.682 8.325 7.968 7.611 7.254 6.897 6.540 6.183 5.965 5.990 6.396 6.801 7.206 7.612 8.017 8.387 8.726 9.065 9.404 9.742 9.897 9.891 9.804 9.717 9.629 9.542 9.454 9.367 9.280 9.192 9.087 8.965 8.844 8.706 8.557 8.409 8.260 8.112 7.963 7.814 7.666 7.555 7.501 7.447 7.392 7.338 7.284 7.230 7.180 7.236 7.293 7.349 7.406 7.448 7.475 7.501 7.527 7.562 7.602 7.642 7.682 7.722 7.810 7.907 8.008 8.228 8.449 8.635 8.807 8.978 9.150 9.321 9.782 10.248 10.713 11.179 11.644
