includes/camargue/floodfiles/results_R2_t1.562607662346E12/res-0012.wd
ncols         906
nrows         631
xllcorner     362177.146667
yllcorner     6534725.688020
cellsize      20.000000
NODATA_value  -9999.000000
[rows 476 to 509 of 631, columns 0 to 76 of 906]
1.999 2.096 2.192 2.335 2.513 2.690 2.868 3.046 3.224 3.395 3.557 3.718 3.880 4.042 4.047 4.038 4.028 4.019 4.007 3.992 3.978 3.963 3.948 3.934 3.919 3.820 3.664 3.531 3.439 3.347 3.255 3.163 3.071 2.979 2.887 2.795 2.699 2.933 3.176 3.418 3.660 3.902 4.144 4.386 4.629 4.871 4.978 5.016 5.042 4.939 4.836 4.733 4.630 4.526 4.423 4.319 4.204 4.089 3.974 3.859 3.740 3.612 3.485 3.357 3.230 3.143 3.215 3.288 3.360 3.433 3.505 3.612 4.017 4.423 4.828 5.093 4.761
1.940 2.036 2.133 2.229 2.383 2.560 2.738 2.916 3.094 3.259 3.421 3.583 3.744 3.906 4.068 4.060 4.051 4.042 4.028 4.013 3.999 3.984 3.969 3.955 3.940 3.925 3.821 3.707 3.615 3.523 3.431 3.308 3.182 3.055 2.929 2.803 2.788 2.946 3.184 3.426 3.668 3.910 4.152 4.394 4.637 4.879 4.920 4.958 4.997 5.015 4.912 4.809 4.706 4.602 4.499 4.391 4.276 4.161 4.046 3.930 3.815 3.695 3.567 3.440 3.313 3.308 3.380 3.453 3.525 3.598 3.670 3.743 3.929 4.335 4.741 4.578 4.246
1.881 1.977 2.073 2.169 2.266 2.430 2.608 2.786 2.962 3.124 3.285 3.447 3.609 3.771 3.932 4.083 4.074 4.064 4.049 4.035 4.020 4.005 3.991 3.976 3.961 3.952 3.969 3.811 3.685 3.559 3.433 3.307 3.180 3.054 2.928 2.802 2.876 3.035 3.193 3.434 3.676 3.918 4.160 4.402 4.644 4.825 4.863 4.901 4.939 4.977 4.988 4.885 4.781 4.678 4.575 4.463 4.348 4.232 4.117 4.002 3.887 3.772 3.650 3.523 3.400 3.472 3.545 3.617 3.690 3.762 3.835 3.908 3.980 4.247 4.395 4.063 3.731
1.821 1.918 2.014 2.110 2.206 2.303 2.479 2.656 2.826 2.988 3.150 3.311 3.473 3.635 3.797 3.958 4.097 4.085 4.070 4.056 4.062 4.078 4.094 4.111 4.127 4.143 4.082 3.842 3.684 3.558 3.432 3.305 3.179 3.053 2.927 2.807 2.965 3.123 3.281 3.442 3.684 3.926 4.168 4.410 4.652 4.767 4.805 4.843 4.882 4.920 4.958 4.960 4.857 4.754 4.650 4.535 4.419 4.304 4.189 4.074 3.959 3.844 3.728 3.605 3.564 3.637 3.710 3.782 3.855 3.927 4.000 4.072 4.145 4.202 3.981 3.686 3.391
1.762 1.858 1.954 2.051 2.147 2.243 2.348 2.526 2.691 2.852 3.014 3.176 3.337 3.499 3.659 3.818 3.976 4.203 4.220 4.236 4.252 4.269 4.285 4.301 4.318 4.334 4.189 3.949 3.709 3.557 3.431 3.304 3.178 3.052 2.926 2.896 3.054 3.212 3.370 3.528 3.692 3.934 4.176 4.418 4.660 4.710 4.748 4.786 4.824 4.862 4.900 4.938 4.933 4.830 4.721 4.606 4.491 4.376 4.261 4.146 4.031 3.915 3.800 3.687 3.694 3.743 3.791 3.840 3.888 3.936 3.985 4.033 4.082 4.166 4.333 4.067 3.772
1.703 1.799 1.895 1.991 2.088 2.184 2.280 2.393 2.552 2.711 2.869 3.028 3.187 3.345 3.504 3.662 3.846 4.173 4.410 4.427 4.443 4.459 4.476 4.492 4.508 4.525 4.297 4.057 3.816 3.576 3.429 3.303 3.177 3.051 2.924 2.984 3.142 3.300 3.459 3.617 3.775 3.942 4.184 4.426 4.614 4.652 4.690 4.729 4.767 4.805 4.843 4.881 4.919 4.906 4.793 4.678 4.563 4.455 4.347 4.239 4.132 4.024 3.917 3.800 3.648 3.671 3.719 3.768 3.816 3.865 3.913 3.962 4.010 4.141 4.308 4.449 4.153
1.646 1.747 1.849 1.952 2.054 2.156 2.258 2.318 2.397 2.556 2.714 2.873 3.031 3.190 3.349 3.507 3.750 4.077 4.405 4.618 4.634 4.650 4.666 4.683 4.699 4.644 4.404 4.164 3.924 3.684 3.444 3.302 3.176 3.049 2.923 3.073 3.231 3.389 3.547 3.705 3.864 4.022 4.192 4.434 4.557 4.595 4.633 4.671 4.709 4.747 4.786 4.829 4.873 4.917 4.899 4.792 4.684 4.577 4.469 4.361 4.254 4.146 4.039 3.906 3.754 3.602 3.648 3.696 3.745 3.793 3.842 3.890 3.949 4.116 4.282 4.449 4.535
1.630 1.732 1.834 1.936 2.038 2.140 2.242 2.274 2.303 2.400 2.559 2.717 2.876 3.035 3.193 3.352 3.654 3.981 4.309 4.636 4.825 4.841 4.857 4.874 4.890 4.752 4.512 4.272 4.031 3.791 3.551 3.311 3.175 3.048 3.003 3.161 3.320 3.478 3.636 3.794 3.952 4.110 4.268 4.442 4.499 4.542 4.585 4.629 4.673 4.716 4.760 4.804 4.847 4.894 4.943 4.914 4.806 4.699 4.591 4.484 4.376 4.268 4.161 4.012 3.860 3.708 3.576 3.625 3.673 3.722 3.770 3.819 3.924 4.091 4.257 4.424 4.590
1.614 1.716 1.818 1.920 2.022 2.124 2.200 2.230 2.259 2.288 2.404 2.562 2.721 2.879 3.038 3.231 3.558 3.886 4.213 4.540 4.868 5.032 5.048 5.064 5.081 4.859 4.619 4.379 4.139 3.899 3.659 3.419 3.178 3.047 3.092 3.250 3.408 3.566 3.724 3.878 4.015 4.151 4.287 4.409 4.472 4.516 4.560 4.603 4.647 4.691 4.734 4.778 4.822 4.870 4.920 4.969 4.928 4.821 4.713 4.606 4.498 4.390 4.270 4.118 3.966 3.814 3.662 3.553 3.601 3.650 3.698 3.747 3.899 4.065 4.232 4.398 4.565
1.598 1.700 1.802 1.904 2.006 2.108 2.156 2.186 2.215 2.244 2.274 2.407 2.565 2.724 2.883 3.135 3.463 3.790 4.117 4.445 4.772 5.099 5.239 5.255 5.207 4.967 4.727 4.487 4.246 4.006 3.766 3.526 3.286 3.046 3.168 3.304 3.441 3.577 3.713 3.849 3.986 4.122 4.258 4.358 4.428 4.490 4.534 4.578 4.621 4.665 4.709 4.753 4.797 4.847 4.896 4.946 4.995 4.943 4.835 4.728 4.620 4.513 4.376 4.224 4.072 3.920 3.768 3.615 3.530 3.578 3.627 3.707 3.873 4.040 4.206 4.373 4.539
1.604 1.684 1.786 1.888 1.990 2.083 2.112 2.141 2.171 2.200 2.229 2.259 2.410 2.569 2.727 3.040 3.367 3.694 4.022 4.349 4.676 5.004 5.331 5.446 5.314 5.074 4.834 4.594 4.354 4.118 3.882 3.646 3.410 3.211 3.139 3.275 3.411 3.548 3.684 3.820 3.957 4.093 4.229 4.308 4.378 4.447 4.508 4.552 4.596 4.640 4.683 4.727 4.773 4.823 4.873 4.922 4.972 5.022 4.957 4.850 4.742 4.635 4.482 4.330 4.178 4.026 3.874 3.721 3.569 3.507 3.555 3.681 3.848 4.014 4.181 4.348 4.514
1.625 1.683 1.771 1.872 1.975 2.039 2.068 2.097 2.126 2.156 2.185 2.214 2.255 2.413 2.616 2.944 3.271 3.598 3.926 4.253 4.580 4.908 5.235 5.552 5.428 5.192 4.956 4.720 4.484 4.248 4.012 3.776 3.541 3.390 3.309 3.246 3.382 3.519 3.655 3.791 3.928 4.064 4.188 4.258 4.327 4.397 4.467 4.527 4.570 4.614 4.658 4.701 4.750 4.799 4.849 4.899 4.948 4.998 5.048 4.972 4.864 4.741 4.588 4.436 4.284 4.132 3.980 3.827 3.675 3.523 3.489 3.656 3.823 3.985 4.142 4.299 4.457
1.646 1.704 1.761 1.857 1.959 1.994 2.024 2.053 2.082 2.112 2.141 2.170 2.200 2.258 2.521 2.848 3.175 3.489 3.797 4.104 4.412 4.720 5.027 5.304 5.482 5.322 5.086 4.850 4.615 4.379 4.143 3.907 3.671 3.570 3.488 3.407 3.353 3.490 3.626 3.762 3.899 4.035 4.138 4.207 4.277 4.347 4.416 4.486 4.545 4.588 4.632 4.676 4.726 4.776 4.825 4.875 4.925 4.974 5.024 5.074 4.986 4.847 4.695 4.542 4.390 4.238 4.085 3.925 3.766 3.606 3.495 3.583 3.740 3.897 4.055 4.212 4.369
1.668 1.725 1.783 1.841 1.921 1.950 1.979 2.009 2.038 2.069 2.103 2.136 2.170 2.204 2.349 2.657 2.964 3.272 3.580 3.887 4.195 4.503 4.810 5.043 5.222 5.400 5.217 4.981 4.745 4.509 4.273 4.037 3.831 3.749 3.668 3.587 3.505 3.461 3.597 3.733 3.870 4.006 4.087 4.157 4.227 4.296 4.366 4.436 4.505 4.563 4.606 4.653 4.702 4.752 4.802 4.851 4.901 4.951 5.000 5.050 5.094 4.940 4.781 4.621 4.462 4.302 4.143 3.983 3.824 3.664 3.594 3.552 3.653 3.810 3.968 4.125 4.282
1.667 1.720 1.774 1.827 1.896 1.930 1.964 1.998 2.032 2.066 2.100 2.134 2.168 2.210 2.266 2.440 2.748 3.055 3.363 3.671 3.978 4.286 4.594 4.783 4.962 5.140 5.319 5.111 4.875 4.639 4.403 4.167 4.011 3.929 3.848 3.766 3.685 3.603 3.568 3.704 3.840 3.967 4.037 4.107 4.176 4.246 4.316 4.385 4.455 4.525 4.581 4.629 4.679 4.728 4.780 4.835 4.889 4.942 4.996 5.050 5.058 4.998 4.839 4.679 4.520 4.360 4.201 4.041 3.882 3.736 3.693 3.651 3.609 3.723 3.880 4.038 4.195
1.602 1.656 1.709 1.774 1.865 1.927 1.961 1.995 2.029 2.063 2.097 2.131 2.165 2.216 2.272 2.328 2.531 2.839 3.146 3.454 3.761 4.069 4.344 4.523 4.701 4.880 5.058 5.237 5.006 4.770 4.534 4.298 4.190 4.109 4.027 3.946 3.864 3.783 3.701 3.675 3.811 3.917 3.987 4.056 4.126 4.196 4.265 4.335 4.405 4.476 4.550 4.621 4.675 4.728 4.782 4.837 4.890 4.944 4.998 5.053 5.022 4.963 4.897 4.737 4.578 4.418 4.259 4.099 3.940 3.835 3.792 3.750 3.708 3.666 3.793 3.951 4.108
1.538 1.591 1.645 1.729 1.820 1.911 1.958 1.992 2.026 2.060 2.094 2.128 2.166 2.222 2.278 2.334 2.390 2.622 2.929 3.237 3.545 3.852 4.084 4.262 4.441 4.619 4.798 4.976 5.136 4.900 4.664 4.451 4.370 4.288 4.207 4.125 4.044 3.962 3.881 3.799 3.782 3.866 3.936 4.007 4.078 4.149 4.220 4.291 4.362 4.433 4.514 4.607 4.676 4.730 4.785 4.838 4.892 4.946 5.000 5.045 4.986 4.927 4.868 4.795 4.636 4.476 4.317 4.157 3.998 3.934 3.891 3.849 3.807 3.765 3.723 3.864 4.021
1.473 1.526 1.594 1.685 1.776 1.866 1.956 1.989 2.023 2.057 2.091 2.125 2.172 2.228 2.284 2.340 2.396 2.452 2.713 3.020 3.328 3.636 3.823 4.002 4.180 4.359 4.537 4.716 4.894 5.030 4.794 4.631 4.549 4.468 4.386 4.305 4.223 4.139 4.011 3.882 3.771 3.822 3.893 3.964 4.035 4.106 4.177 4.248 4.319 4.390 4.478 4.572 4.665 4.732 4.786 4.840 4.894 4.948 5.002 5.009 4.950 4.891 4.832 4.773 4.694 4.534 4.375 4.215 4.075 4.033 3.990 3.948 3.906 3.864 3.822 3.780 3.934
1.408 1.462 1.550 1.640 1.731 1.821 1.912 1.987 2.020 2.054 2.088 2.122 2.178 2.234 2.290 2.346 2.402 2.458 2.514 2.803 3.111 3.385 3.563 3.742 3.920 4.099 4.277 4.456 4.634 4.812 4.925 4.810 4.714 4.585 4.457 4.329 4.201 4.072 3.944 3.816 3.756 3.798 3.850 3.921 3.992 4.063 4.134 4.205 4.276 4.349 4.443 4.536 4.630 4.723 4.788 4.842 4.896 4.950 5.004 4.974 4.914 4.855 4.796 4.737 4.678 4.592 4.433 4.273 4.174 4.132 4.089 4.047 4.005 3.963 3.921 3.879 3.847
1.344 1.415 1.505 1.596 1.686 1.777 1.868 1.958 2.018 2.052 2.085 2.128 2.184 2.240 2.296 2.352 2.408 2.464 2.520 2.587 2.894 3.124 3.303 3.481 3.660 3.838 4.017 4.207 4.404 4.600 4.780 4.775 4.647 4.519 4.390 4.262 4.134 4.006 3.877 3.749 3.742 3.784 3.825 3.878 3.949 4.020 4.091 4.163 4.234 4.313 4.407 4.500 4.594 4.687 4.781 4.844 4.898 4.952 4.997 4.938 4.879 4.820 4.761 4.702 4.642 4.583 4.491 4.331 4.273 4.231 4.188 4.146 4.104 4.062 4.005 3.928 3.851
1.280 1.370 1.461 1.551 1.642 1.733 1.823 1.914 2.005 2.049 2.083 2.134 2.190 2.246 2.302 2.358 2.414 2.470 2.526 2.582 2.678 2.865 3.061 3.258 3.455 3.651 3.848 4.044 4.241 4.438 4.565 4.590 4.580 4.452 4.324 4.195 4.067 3.939 3.811 3.687 3.728 3.770 3.811 3.852 3.906 3.977 4.049 4.120 4.191 4.278 4.371 4.465 4.558 4.652 4.745 4.839 4.900 4.954 4.961 4.902 4.843 4.784 4.725 4.666 4.607 4.548 4.489 4.414 4.359 4.282 4.205 4.128 4.052 3.975 3.898 3.821 3.750
1.235 1.326 1.416 1.507 1.597 1.688 1.779 1.869 1.960 2.046 2.083 2.139 2.195 2.252 2.308 2.363 2.418 2.473 2.528 2.583 2.633 2.702 2.898 3.095 3.292 3.488 3.685 3.881 4.078 4.275 4.349 4.374 4.399 4.385 4.257 4.129 4.001 3.872 3.744 3.673 3.714 3.755 3.797 3.838 3.879 3.935 4.006 4.077 4.149 4.242 4.336 4.429 4.523 4.616 4.710 4.803 4.897 4.956 4.925 4.866 4.807 4.748 4.693 4.662 4.631 4.601 4.570 4.422 4.252 4.175 4.098 4.021 3.944 3.868 3.791 3.714 3.669
1.191 1.282 1.372 1.463 1.553 1.644 1.735 1.826 1.916 2.007 2.087 2.142 2.197 2.252 2.307 2.362 2.417 2.472 2.527 2.582 2.626 2.662 2.736 2.932 3.129 3.325 3.522 3.719 3.915 4.108 4.133 4.158 4.183 4.208 4.190 4.062 3.934 3.806 3.677 3.659 3.700 3.741 3.783 3.824 3.865 3.907 3.963 4.034 4.113 4.206 4.300 4.393 4.487 4.580 4.674 4.767 4.861 4.959 4.942 4.911 4.881 4.850 4.819 4.789 4.758 4.727 4.696 4.477 4.230 4.068 3.991 3.914 3.837 3.761 3.684 3.607 3.588
1.152 1.242 1.333 1.423 1.514 1.605 1.695 1.786 1.877 1.967 2.063 2.141 2.196 2.251 2.306 2.361 2.416 2.471 2.526 2.581 2.618 2.654 2.690 2.769 2.966 3.163 3.359 3.556 3.752 3.892 3.917 3.942 3.967 3.992 4.017 3.995 3.867 3.739 3.611 3.645 3.686 3.727 3.769 3.810 3.851 3.892 3.934 3.991 4.077 4.171 4.264 4.359 4.457 4.555 4.653 4.751 4.849 4.951 5.060 5.038 5.007 4.976 4.946 4.915 4.884 4.853 4.780 4.533 4.285 4.037 3.884 3.807 3.730 3.653 3.577 3.507 3.508
1.117 1.202 1.293 1.384 1.474 1.565 1.656 1.746 1.837 1.930 2.025 2.120 2.195 2.250 2.305 2.359 2.414 2.469 2.524 2.575 2.611 2.647 2.683 2.719 2.803 3.000 3.196 3.393 3.590 3.677 3.702 3.727 3.752 3.777 3.801 3.826 3.800 3.672 3.589 3.630 3.672 3.713 3.754 3.796 3.837 3.878 3.906 3.921 4.053 4.151 4.249 4.347 4.445 4.543 4.641 4.739 4.838 4.943 5.052 5.161 5.134 5.103 5.072 5.041 5.011 4.980 4.836 4.588 4.340 4.093 3.845 3.700 3.623 3.546 3.470 3.427 3.427
1.160 1.163 1.253 1.344 1.435 1.525 1.616 1.707 1.797 1.892 1.987 2.082 2.178 2.248 2.303 2.358 2.413 2.468 2.523 2.568 2.604 2.640 2.676 2.711 2.747 2.837 3.033 3.230 3.427 3.461 3.486 3.511 3.536 3.561 3.586 3.611 3.636 3.606 3.575 3.616 3.658 3.682 3.698 3.714 3.730 3.746 3.762 3.825 4.008 4.140 4.238 4.336 4.434 4.532 4.630 4.728 4.827 4.935 5.044 5.153 5.260 5.229 5.198 5.168 5.137 5.106 4.891 4.644 4.396 4.148 3.900 3.653 3.516 3.439 3.363 3.346 3.346
1.202 1.138 1.214 1.304 1.395 1.486 1.576 1.667 1.759 1.854 1.949 2.045 2.140 2.235 2.302 2.357 2.412 2.467 2.522 2.560 2.596 2.632 2.668 2.704 2.740 2.776 2.871 3.067 3.220 3.245 3.270 3.295 3.320 3.345 3.370 3.395 3.428 3.466 3.491 3.507 3.522 3.538 3.554 3.570 3.586 3.602 3.617 3.732 3.914 4.097 4.227 4.325 4.423 4.521 4.619 4.717 4.819 4.928 5.036 5.145 5.254 5.356 5.325 5.294 5.263 5.194 4.947 4.699 4.451 4.204 3.956 3.708 3.460 3.332 3.265 3.265 3.265
1.245 1.181 1.174 1.265 1.355 1.446 1.537 1.627 1.721 1.816 1.912 2.007 2.102 2.197 2.293 2.356 2.411 2.465 2.517 2.553 2.589 2.625 2.661 2.697 2.733 2.769 2.805 2.904 3.005 3.030 3.054 3.086 3.124 3.162 3.199 3.237 3.274 3.310 3.339 3.363 3.378 3.394 3.410 3.426 3.442 3.458 3.473 3.638 3.821 4.003 4.185 4.313 4.411 4.509 4.608 4.706 4.811 4.920 5.029 5.137 5.246 5.355 5.451 5.421 5.390 5.250 5.002 4.754 4.507 4.259 4.011 3.763 3.516 3.268 3.184 3.189 3.205
1.287 1.224 1.160 1.225 1.316 1.406 1.497 1.588 1.683 1.779 1.874 1.969 2.064 2.160 2.255 2.350 2.409 2.464 2.510 2.546 2.582 2.617 2.653 2.689 2.725 2.761 2.794 2.820 2.820 2.857 2.895 2.932 2.970 3.007 3.045 3.083 3.120 3.153 3.182 3.211 3.234 3.250 3.266 3.282 3.298 3.314 3.363 3.545 3.727 3.910 4.092 4.274 4.400 4.498 4.596 4.694 4.803 4.912 5.021 5.130 5.238 5.347 5.456 5.547 5.516 5.305 5.057 4.810 4.562 4.314 4.068 3.821 3.575 3.329 3.206 3.200 3.217
1.330 1.266 1.203 1.186 1.276 1.367 1.457 1.551 1.646 1.741 1.836 1.931 2.027 2.122 2.217 2.313 2.408 2.463 2.502 2.538 2.574 2.610 2.638 2.664 2.690 2.716 2.742 2.760 2.715 2.703 2.741 2.778 2.816 2.853 2.891 2.928 2.966 2.997 3.025 3.054 3.083 3.106 3.122 3.138 3.154 3.169 3.269 3.451 3.634 3.816 3.998 4.181 4.363 4.487 4.585 4.686 4.795 4.904 5.013 5.122 5.230 5.339 5.448 5.557 5.608 5.362 5.116 4.870 4.624 4.378 4.131 3.885 3.639 3.407 3.319 3.231 3.228
1.373 1.309 1.245 1.182 1.237 1.327 1.418 1.513 1.608 1.703 1.798 1.894 1.989 2.084 2.180 2.275 2.370 2.456 2.482 2.508 2.534 2.560 2.586 2.612 2.638 2.664 2.690 2.689 2.645 2.600 2.586 2.624 2.662 2.699 2.737 2.774 2.811 2.840 2.869 2.897 2.926 2.955 2.978 2.994 3.010 3.025 3.176 3.358 3.540 3.723 3.905 4.087 4.269 4.452 4.574 4.678 4.787 4.896 5.005 5.115 5.226 5.338 5.450 5.562 5.566 5.426 5.180 4.934 4.688 4.441 4.195 3.949 3.703 3.519 3.431 3.343 3.255
1.415 1.352 1.288 1.225 1.197 1.287 1.380 1.475 1.570 1.665 1.761 1.856 1.951 2.056 2.169 2.283 2.397 2.463 2.431 2.456 2.482 2.508 2.534 2.560 2.586 2.612 2.638 2.619 2.574 2.529 2.484 2.470 2.507 2.545 2.583 2.620 2.655 2.683 2.712 2.741 2.769 2.798 2.827 2.850 2.865 2.900 3.082 3.264 3.447 3.629 3.811 3.994 4.176 4.358 4.547 4.675 4.787 4.899 5.010 5.122 5.233 5.345 5.457 5.568 5.501 5.387 5.244 4.997 4.751 4.505 4.259 4.013 3.766 3.631 3.543 3.456 3.368
1.505 1.396 1.331 1.267 1.203 1.248 1.342 1.437 1.533 1.641 1.754 1.868 1.981 2.095 2.208 2.322 2.436 2.475 2.443 2.411 2.430 2.456 2.482 2.508 2.534 2.560 2.586 2.548 2.504 2.459 2.414 2.369 2.353 2.391 2.428 2.466 2.498 2.527 2.555 2.584 2.613 2.641 2.670 2.699 2.721 2.806 2.989 3.171 3.353 3.542 3.734 3.927 4.119 4.312 4.498 4.668 4.794 4.905 5.017 5.129 5.240 5.352 5.464 5.552 5.437 5.322 5.208 5.061 4.815 4.569 4.323 4.076 3.831 3.744 3.656 3.568 3.480
1.746 1.637 1.528 1.420 1.311 1.226 1.339 1.453 1.566 1.680 1.793 1.907 2.020 2.134 2.247 2.361 2.475 2.487 2.455 2.423 2.391 2.404 2.430 2.456 2.482 2.508 2.523 2.478 2.433 2.388 2.343 2.299 2.254 2.237 2.274 2.312 2.341 2.370 2.399 2.427 2.456 2.484 2.513 2.542 2.591 2.729 2.922 3.114 3.306 3.499 3.691 3.884 4.076 4.268 4.448 4.618 4.787 4.912 5.024 5.136 5.247 5.359 5.470 5.487 5.372 5.258 5.143 5.028 4.879 4.633 4.386 4.140 3.944 3.856 3.768 3.680 3.592
