includes/camargue/floodfiles/results_R2_t1.562607662346E12/res-0004.wdfp
ncols         906
nrows         631
xllcorner     362177.146667
yllcorner     6534725.688020
cellsize      20.000000
NODATA_value  -9999.000000
[rows 340 to 373 of 631, columns 616 to 692 of 906]
0.000 0.000 0.433 0.844 0.000 0.073 0.065 0.083 0.367 0.675 0.294 0.415 0.356 0.303 0.000 1.796 2.095 2.125 0.000 2.501 2.311 0.000 1.794 1.713 0.000 1.834 0.365 1.413 0.882 0.839 1.329 0.604 0.357 1.117 1.287 1.477 1.366 1.136 1.676 1.747 0.886 0.756 0.796 0.087 1.731 0.381 1.720 0.930 0.493 1.587 0.330 0.393 1.625 1.055 1.356 0.719 0.874 0.988 1.108 0.929 0.037 0.331 1.181 0.000 0.000 1.502 0.000 0.000 0.041 0.328 0.718 0.998 1.218 1.088 0.647 0.937 1.127
1.149 1.040 0.000 0.844 0.112 1.564 0.454 0.494 0.550 0.466 0.492 0.423 0.000 0.000 0.538 2.027 2.077 0.345 0.813 0.511 0.288 1.745 1.734 0.000 1.806 0.420 1.785 0.341 1.433 0.076 1.399 0.789 1.128 0.438 0.303 0.790 0.820 0.630 0.489 1.709 0.168 0.858 0.777 0.232 1.521 0.527 0.218 0.052 0.283 0.394 0.455 0.385 1.655 1.486 1.736 0.600 0.780 0.703 0.883 0.863 0.362 0.185 0.735 0.524 1.272 1.582 1.282 0.462 0.184 0.579 0.679 1.728 1.218 1.268 0.287 1.057 1.977
1.170 1.280 1.180 0.000 0.391 0.292 0.262 0.478 0.422 0.548 0.426 0.000 0.000 0.000 2.088 2.038 1.947 2.437 0.325 0.031 1.625 1.715 0.000 1.819 0.567 1.115 0.460 0.968 0.175 1.374 0.275 1.471 0.393 1.169 1.188 0.785 0.764 1.654 1.823 1.551 1.631 0.900 0.769 0.758 0.210 1.959 2.019 1.639 1.479 1.178 0.747 0.757 0.316 0.716 0.566 0.074 0.959 0.689 0.569 0.442 0.146 0.023 0.041 0.137 0.008 0.070 0.002 0.119 0.512 0.611 0.731 0.700 1.739 1.048 2.397 1.847 1.877
0.000 1.110 1.271 0.021 0.197 0.627 0.355 0.508 0.207 0.183 0.156 0.000 0.108 1.989 2.149 2.089 0.000 0.108 0.000 1.666 1.646 0.000 1.773 0.531 1.770 0.577 1.104 0.639 1.616 1.414 1.511 1.096 1.345 0.284 0.356 1.736 1.696 1.566 0.566 0.556 0.666 0.485 0.453 0.898 0.705 1.679 1.669 1.599 0.979 0.268 0.757 0.047 0.000 0.000 0.049 0.198 0.116 0.613 0.591 1.458 1.392 0.565 0.535 0.000 0.566 0.486 0.816 1.045 0.945 1.014 1.663 0.922 1.041 0.015 0.000 1.087 1.227
0.404 0.000 0.307 0.459 0.439 0.486 0.514 0.324 0.383 0.205 0.018 0.124 0.274 0.704 2.091 0.000 1.580 0.046 0.619 1.516 0.000 1.838 0.435 1.793 0.692 0.650 0.854 1.073 0.611 0.715 0.861 0.907 1.645 1.213 1.082 0.405 0.878 1.547 0.631 1.674 0.681 0.740 0.659 0.531 0.745 1.540 1.499 0.369 0.000 1.278 0.000 0.000 0.000 0.000 0.003 0.961 0.489 0.369 0.289 0.734 1.615 0.906 0.716 0.866 1.826 0.996 1.036 1.205 1.395 1.214 1.144 1.853 0.683 0.000 0.682 0.000 2.708
0.029 0.254 0.472 0.552 0.342 0.352 0.193 0.260 0.161 0.000 0.021 0.000 0.969 0.379 0.738 0.723 0.053 0.340 1.620 0.000 1.864 0.390 1.828 0.626 0.844 1.084 0.420 1.056 0.301 0.407 0.327 0.425 0.009 1.403 0.234 0.687 0.646 0.275 0.705 1.745 0.484 0.703 0.863 0.329 0.495 0.178 0.000 0.000 0.000 0.000 0.000 0.049 0.004 1.688 0.647 1.071 1.790 1.940 1.760 1.749 1.188 0.938 0.449 0.138 0.657 1.136 1.246 1.146 1.135 1.025 1.124 1.223 1.953 1.452 1.192 1.361 1.140
0.243 0.144 0.404 0.355 0.326 0.214 0.118 0.408 0.154 0.178 0.074 0.799 0.805 1.083 0.000 1.474 0.529 0.051 0.482 1.609 0.665 0.672 0.830 0.587 0.676 0.876 0.433 1.238 0.448 0.379 0.601 0.390 0.601 0.134 1.394 0.205 0.991 1.651 0.799 1.358 1.827 0.966 0.865 0.864 0.733 0.000 0.000 0.000 0.004 0.465 0.794 0.553 0.482 1.728 1.809 0.487 0.626 0.475 0.334 0.672 0.911 0.781 0.751 0.851 1.031 0.399 1.116 1.236 1.206 1.255 1.124 2.663 1.233 1.212 1.342 1.311 1.191
0.010 0.298 0.508 0.334 0.217 0.214 0.209 0.259 0.263 0.248 0.001 0.843 0.959 0.000 1.446 0.875 1.435 3.105 0.030 0.000 2.839 0.000 1.441 0.000 0.659 1.249 1.689 0.585 0.067 1.127 1.056 0.825 0.751 0.977 1.594 1.894 0.308 0.495 1.821 1.611 0.363 0.679 0.677 0.616 0.000 0.219 0.709 0.638 0.457 0.416 0.474 0.663 0.672 0.810 0.410 1.400 1.450 1.019 2.259 1.048 0.707 0.566 0.225 0.563 0.733 0.803 0.590 1.166 1.156 1.335 1.225 0.884 1.333 1.422 1.392 1.411 1.181
0.335 0.072 0.144 0.350 0.231 0.302 0.400 0.231 0.149 0.177 0.870 0.836 0.000 0.797 1.217 1.486 1.296 0.625 0.484 0.371 2.039 0.253 0.971 2.651 1.761 1.170 0.990 0.261 0.883 0.911 0.430 0.878 0.245 0.768 0.043 1.974 1.724 0.893 0.342 0.547 0.417 0.437 0.161 0.136 0.378 0.619 0.599 0.588 0.577 0.666 0.665 0.274 0.653 0.000 1.740 1.680 0.920 0.550 1.680 0.969 1.099 0.708 0.868 0.686 0.865 0.825 0.994 0.501 1.837 1.226 0.715 1.134 1.143 1.412 1.502 1.371 1.331
0.165 0.248 0.051 0.181 0.486 0.367 0.398 0.305 0.333 0.846 0.826 0.576 0.607 1.438 1.498 0.708 0.667 0.746 1.226 0.455 1.012 0.346 0.523 1.161 0.861 1.551 0.254 1.357 1.025 0.595 1.115 0.554 0.584 0.223 0.876 0.000 1.894 0.947 0.577 1.464 0.595 0.454 1.364 0.000 0.580 0.460 0.580 0.429 0.418 0.486 0.565 0.664 0.464 0.273 1.651 1.261 1.680 1.610 1.840 0.760 0.810 0.830 0.499 0.498 0.827 1.036 1.065 1.024 1.033 0.000 1.846 1.064 1.223 1.152 1.402 1.301 1.381
0.000 0.108 0.088 0.166 0.506 0.396 0.420 0.355 0.809 0.878 1.037 0.000 1.330 1.140 0.840 1.090 1.369 0.457 1.236 1.216 0.374 0.965 0.018 0.519 0.219 0.609 1.219 1.228 0.556 0.776 1.105 0.555 0.395 0.766 0.716 1.006 0.017 1.896 0.658 0.348 0.949 0.656 0.000 0.631 0.601 0.581 0.710 0.590 0.498 0.576 1.005 1.244 1.434 1.653 1.312 1.601 0.841 0.451 0.571 1.051 0.851 0.881 0.971 0.940 0.829 1.008 0.677 0.617 0.797 1.067 0.825 0.270 1.183 1.152 0.932 1.291 1.101
0.000 0.164 0.416 0.425 0.353 0.221 0.491 0.433 0.873 0.811 0.001 1.894 0.763 1.822 1.312 1.341 0.490 1.378 1.297 1.696 0.053 0.245 1.040 0.837 0.975 1.412 1.221 0.759 0.607 0.936 0.986 0.796 0.896 0.826 0.896 0.945 0.895 0.835 1.460 0.931 0.805 0.000 0.793 0.003 0.832 0.662 0.562 0.401 0.016 0.627 0.266 0.365 0.784 1.554 0.263 1.352 1.632 1.702 1.812 1.522 1.202 0.851 1.851 0.911 1.050 0.999 1.029 0.929 1.019 1.088 0.818 0.798 0.002 1.823 1.182 1.002 0.711
0.079 0.074 0.311 0.350 0.520 0.360 0.281 0.762 0.911 0.142 0.705 1.444 1.644 1.443 1.193 0.472 1.280 1.360 0.629 0.000 3.034 0.581 0.500 1.347 1.426 0.953 0.862 0.530 1.107 1.176 1.166 0.976 0.000 0.000 0.000 0.037 0.895 0.457 1.233 0.000 2.718 0.991 0.603 0.784 0.733 1.163 0.632 0.782 0.530 0.587 1.127 1.027 0.736 0.645 0.454 1.542 0.792 0.282 0.592 1.312 1.522 1.802 1.682 1.172 1.001 0.821 0.501 0.531 0.851 0.670 0.700 0.550 0.840 0.606 0.000 2.042 1.032
0.069 0.316 0.366 0.526 0.296 0.197 0.998 1.026 0.876 0.386 1.485 1.495 0.975 1.264 1.244 0.923 1.131 1.240 2.520 0.183 0.392 0.506 0.660 0.439 0.689 1.184 0.722 1.192 0.117 0.064 0.000 0.139 2.758 0.858 0.895 0.982 0.003 0.002 0.758 0.407 0.925 0.735 0.436 0.826 0.000 0.843 0.433 0.473 0.222 1.187 0.377 1.077 0.527 0.606 0.655 1.493 1.853 1.623 1.703 1.563 0.673 0.693 0.563 0.713 0.743 0.553 0.954 0.944 1.033 0.573 0.623 0.633 0.673 0.403 0.574 0.000 0.000
0.011 0.189 0.329 0.399 0.370 0.950 1.010 0.780 0.549 1.569 0.948 0.667 1.126 1.176 0.746 1.385 0.275 0.604 0.053 0.345 0.556 0.487 0.665 0.677 0.569 0.124 0.008 0.000 0.001 0.480 3.680 0.846 0.494 0.699 0.456 2.210 1.029 1.548 0.418 0.513 0.743 0.670 0.859 0.778 0.848 0.437 0.745 0.836 1.446 0.000 0.399 0.648 0.658 0.628 0.687 0.165 0.794 0.244 0.714 1.164 1.244 1.194 1.215 1.135 1.085 0.605 1.845 1.245 0.725 1.645 1.595 0.695 0.684 1.384 1.294 1.544 0.870
0.052 0.190 0.300 0.521 0.462 0.772 0.902 0.822 1.682 0.981 1.400 1.299 1.228 0.788 1.317 0.727 0.428 3.397 0.407 0.424 0.647 0.620 0.733 0.335 0.008 0.069 0.004 0.634 3.713 0.250 1.301 0.786 1.275 1.100 0.987 1.333 0.279 0.584 0.553 0.453 0.630 0.592 1.001 0.520 0.200 0.900 0.189 0.030 0.956 0.594 0.941 1.130 1.160 1.170 0.548 0.297 1.275 1.245 1.225 1.155 0.585 0.705 0.615 1.035 1.026 1.016 1.186 1.056 0.786 1.326 1.066 1.506 0.896 0.655 1.334 1.354 0.951
0.211 0.401 0.511 0.095 0.855 0.854 0.634 0.833 1.073 1.632 1.162 0.791 0.621 1.290 0.411 0.571 0.441 0.481 0.513 0.603 0.690 0.599 0.003 0.001 0.000 1.415 3.764 0.283 0.743 0.865 1.096 0.549 0.579 1.140 1.297 1.784 0.105 0.462 0.684 0.479 0.378 0.127 1.061 0.891 0.821 0.780 0.179 1.018 0.988 0.287 0.325 0.294 0.403 0.642 0.000 0.081 1.475 0.636 1.056 1.176 1.166 1.186 1.186 1.146 1.016 0.926 1.486 0.836 1.457 1.187 1.587 1.276 1.586 1.166 1.406 0.675 0.834
0.401 0.481 0.000 0.977 0.452 0.817 0.467 1.466 1.316 0.905 0.885 0.315 0.515 0.485 0.465 0.614 1.924 0.253 0.532 0.772 0.860 0.947 0.002 0.312 2.736 1.475 0.372 0.568 0.551 0.836 0.839 0.842 0.772 1.300 1.327 1.803 1.153 0.718 0.556 0.609 0.003 0.403 1.001 0.911 0.881 0.640 0.760 1.028 0.988 0.908 0.988 0.758 0.898 0.398 0.338 0.228 0.083 1.197 1.367 0.857 0.637 0.677 0.957 1.057 1.217 0.937 1.607 1.047 1.287 1.177 1.707 1.047 0.967 1.357 1.066 1.236 0.905
0.000 0.000 1.348 1.057 1.337 0.483 1.802 0.750 1.688 0.458 0.768 0.461 0.581 0.362 0.572 0.332 0.102 0.468 0.309 0.662 0.837 0.003 0.521 2.787 0.511 0.946 1.504 0.515 0.636 1.149 0.832 1.053 0.774 1.161 0.889 0.072 0.262 0.078 0.188 0.704 1.056 0.944 0.872 0.761 0.901 0.920 0.910 0.449 1.009 0.449 0.389 0.739 0.888 0.619 0.629 0.489 0.285 0.969 0.249 0.898 1.498 1.268 0.927 1.027 0.557 1.548 0.788 1.188 1.138 1.598 1.208 1.428 1.278 1.418 0.987 1.097 1.076
0.000 1.189 1.158 1.358 1.417 1.267 0.725 1.264 0.703 0.483 0.514 0.566 0.816 1.096 0.706 0.303 3.394 0.504 0.310 0.486 0.000 0.453 0.624 0.818 0.824 0.968 1.434 0.631 0.634 0.637 0.846 0.674 0.858 0.013 0.003 1.013 0.863 0.000 0.000 0.787 0.745 0.944 0.873 0.792 0.931 0.840 0.950 0.970 0.609 0.779 0.679 1.109 0.249 0.619 0.399 0.379 0.126 1.321 1.071 0.851 0.290 0.939 1.048 0.858 0.108 1.448 1.008 1.188 1.078 1.008 1.369 0.989 1.359 1.069 1.209 0.808 0.917
1.070 1.149 1.379 0.158 1.317 1.217 1.347 0.646 0.856 1.446 0.507 1.548 1.128 0.498 1.498 0.154 0.373 0.079 0.891 3.002 1.073 3.133 0.453 1.070 0.688 0.712 0.894 1.266 0.902 0.691 0.971 0.005 0.000 0.000 0.000 0.000 0.000 0.000 0.000 0.586 0.875 1.034 1.083 0.582 0.841 0.750 1.030 0.810 1.330 0.610 1.490 0.780 0.400 0.280 0.180 0.380 1.269 0.365 0.943 0.883 0.853 0.792 0.101 1.828 0.968 0.749 1.329 1.059 1.359 0.929 1.589 1.460 1.560 0.990 1.080 1.190 1.139
1.040 1.030 0.900 0.349 1.088 1.268 0.638 0.728 1.348 0.498 1.359 1.619 1.029 0.529 0.759 1.600 0.127 0.003 0.000 0.825 2.557 0.555 0.465 0.425 1.004 0.859 1.085 1.040 0.411 0.082 0.000 0.000 0.000 1.790 1.960 2.270 2.020 2.291 0.000 0.205 0.644 1.034 0.000 0.000 0.000 0.000 1.050 0.730 2.000 1.420 0.980 1.200 1.140 1.141 0.551 1.401 0.470 1.196 0.836 0.916 0.009 0.844 1.005 0.073 0.111 0.760 1.509 1.550 1.480 1.270 0.900 1.451 1.351 1.071 1.181 1.151 0.981
1.100 0.750 1.230 0.590 0.789 1.079 0.979 0.879 0.639 1.390 1.400 1.449 0.640 1.320 0.540 1.300 0.531 0.001 0.795 0.784 1.075 1.151 0.338 0.729 1.150 1.049 0.274 0.192 0.003 0.000 0.000 0.000 2.590 2.550 2.320 2.460 2.350 2.490 0.000 0.000 0.000 0.000 0.000 1.920 1.760 0.000 0.000 0.000 0.000 0.000 1.220 1.140 1.201 0.621 0.701 0.642 0.431 0.260 0.728 0.808 1.128 0.705 1.435 1.545 0.244 0.823 0.000 0.511 1.201 1.251 1.342 1.432 0.823 1.003 1.243 1.053 0.593
0.771 1.111 1.110 0.860 1.250 0.420 0.980 0.970 1.100 1.280 1.450 0.591 1.511 0.371 1.361 1.471 0.066 0.291 0.481 0.792 0.797 2.579 0.490 0.659 0.353 1.012 0.821 0.410 0.000 0.000 0.000 2.630 2.580 2.700 2.730 2.600 2.650 2.650 2.701 2.341 2.311 2.380 2.270 2.320 2.180 2.220 2.620 0.000 0.000 0.000 0.000 0.000 1.151 1.011 0.532 0.732 1.223 0.873 0.742 1.211 0.569 0.166 0.745 0.355 0.805 0.815 0.695 0.333 1.043 0.000 0.924 1.284 1.065 1.096 1.196 1.046 1.316
1.201 1.121 0.951 1.121 0.961 0.971 0.871 0.961 0.861 1.661 0.603 1.654 0.454 0.503 1.611 0.000 0.384 1.055 0.965 0.318 0.675 3.673 0.471 1.141 1.301 0.347 0.002 0.000 0.000 0.000 2.409 2.719 2.660 2.700 2.730 2.720 2.740 2.780 2.701 2.840 2.670 2.690 2.660 2.310 2.489 2.759 2.929 2.759 2.828 2.378 1.929 0.000 0.000 0.000 1.093 0.913 1.323 0.813 1.114 0.805 0.000 0.000 0.645 0.695 0.665 0.845 0.815 0.856 0.816 0.907 1.007 0.528 0.538 1.231 1.281 1.031 1.088
0.971 1.021 0.481 0.551 1.171 1.411 0.771 1.232 1.362 0.983 1.597 0.621 0.305 1.826 0.000 0.852 1.454 1.395 0.407 0.501 0.507 3.176 3.580 1.454 1.513 0.161 0.000 0.000 2.498 2.538 2.609 2.729 2.829 2.890 2.710 2.800 2.750 2.840 2.790 2.820 2.840 2.820 2.740 2.769 2.619 2.699 2.829 2.878 2.918 2.498 2.428 2.258 1.967 0.000 0.000 0.000 1.323 1.184 1.025 0.831 0.864 0.000 0.000 0.825 0.955 1.115 0.935 0.616 0.947 0.818 0.761 0.985 0.000 0.886 0.977 0.918 0.638
0.982 1.152 1.022 0.541 0.971 0.531 0.641 1.022 1.202 0.455 1.627 0.367 1.049 0.000 0.736 0.980 0.794 1.536 2.548 1.000 0.798 0.610 2.581 0.073 0.211 0.193 0.000 2.517 2.548 2.598 2.718 2.689 2.769 2.739 2.830 2.770 2.810 2.750 2.830 2.860 3.010 2.829 2.859 2.749 2.589 2.909 2.959 2.808 3.038 2.928 2.908 2.537 2.497 2.077 1.767 0.000 0.000 0.000 0.000 0.000 0.349 1.330 0.000 0.000 0.000 0.635 0.906 0.746 0.917 0.779 1.073 0.719 1.054 0.754 0.885 0.967 1.113
1.132 0.792 0.992 0.682 0.942 0.742 1.342 0.472 1.192 0.300 0.192 1.130 0.396 0.942 0.871 0.929 1.344 1.526 1.668 1.730 0.819 0.814 2.399 2.177 0.580 0.000 0.000 2.637 2.647 2.718 2.798 2.648 2.818 2.829 2.769 2.759 2.820 2.820 2.950 3.010 3.029 2.939 2.849 2.829 2.849 2.928 3.008 3.018 3.028 3.198 2.927 2.857 2.757 2.367 2.396 2.296 2.285 2.365 2.224 2.124 1.593 0.511 0.983 1.373 0.000 0.000 0.000 0.000 0.897 0.000 0.000 1.074 1.148 1.102 1.075 0.978 0.863
1.052 1.002 0.812 0.972 0.632 0.882 0.962 1.082 0.743 0.205 0.000 0.509 0.728 1.111 0.441 0.589 0.612 0.336 0.899 1.400 0.338 0.354 2.927 2.594 1.320 0.000 2.636 2.726 2.887 2.787 2.777 2.918 2.828 2.939 2.889 2.969 3.099 2.990 3.080 2.919 2.959 2.918 2.848 2.968 2.918 2.928 3.058 2.938 2.977 3.117 3.117 3.067 2.827 2.826 2.726 2.585 2.565 2.595 2.554 2.444 2.083 2.223 1.622 0.642 1.191 1.240 0.599 0.000 0.000 0.000 0.000 0.000 1.072 1.056 1.003 1.058 0.942
1.023 0.962 1.142 0.662 0.592 1.182 1.392 0.492 0.120 0.271 0.506 0.000 0.583 0.446 1.042 0.427 0.491 0.466 1.609 1.420 0.955 0.946 0.474 2.606 1.792 0.000 2.646 2.636 2.616 2.797 2.877 2.768 2.988 2.958 3.008 3.009 2.949 3.099 2.919 2.869 2.798 2.908 2.958 2.948 3.088 3.068 3.017 3.127 2.987 3.137 3.277 3.056 2.966 2.896 2.896 2.725 2.895 2.654 2.654 2.623 2.513 2.603 2.152 1.981 1.271 1.210 1.069 1.339 1.228 1.427 1.295 0.000 0.000 0.696 0.956 1.099 0.795
0.973 1.023 1.802 0.502 0.662 1.112 0.642 0.000 0.748 0.778 0.510 0.537 0.392 0.585 1.143 0.806 0.661 0.976 1.579 1.599 0.943 0.216 1.875 1.816 2.626 0.000 2.576 2.756 2.816 2.816 2.907 2.777 3.088 2.868 2.898 3.088 3.079 2.919 2.919 3.008 3.038 2.948 3.008 3.117 3.057 3.037 3.137 3.057 3.087 2.986 3.236 2.996 2.946 2.996 2.875 2.905 2.755 2.784 2.714 2.813 2.693 2.542 2.352 2.391 2.420 1.730 1.240 1.359 1.288 1.256 1.086 1.225 0.000 0.000 0.929 0.984 0.870
1.203 0.903 0.893 0.532 0.812 0.000 0.000 0.000 0.618 0.919 0.700 0.702 0.010 0.862 1.033 0.845 1.191 0.865 1.268 0.869 0.293 0.118 0.353 1.335 2.705 0.000 0.000 2.715 2.865 2.846 2.906 2.947 3.007 3.158 3.048 2.948 2.888 2.998 2.928 2.978 2.948 2.998 2.998 3.057 3.177 3.107 3.177 3.137 3.096 3.196 3.076 3.066 2.996 3.015 2.985 2.925 2.874 2.964 2.824 2.863 2.822 2.762 2.571 2.641 2.620 2.060 0.710 0.750 1.178 1.267 1.296 1.236 0.996 0.000 0.571 1.116 1.977
1.143 1.123 0.963 0.000 0.000 0.000 1.267 0.000 0.000 0.000 0.000 0.000 0.000 0.843 1.073 0.994 0.000 0.000 0.000 0.000 0.000 0.334 1.138 2.849 2.784 3.565 2.841 2.844 2.965 3.056 3.016 3.097 2.987 3.087 2.968 2.948 2.948 2.958 3.028 3.018 3.078 3.107 3.177 3.117 3.257 3.247 3.216 3.186 3.266 3.176 3.176 3.036 3.145 2.965 2.985 2.914 2.944 2.954 2.953 2.863 3.032 2.882 2.951 2.751 2.690 2.390 2.050 1.070 0.679 1.187 1.267 1.327 1.047 0.000 0.319 0.299 1.103
1.314 0.000 0.000 0.000 2.298 2.357 2.237 1.887 0.000 0.000 0.000 0.000 0.000 0.000 0.000 0.000 0.000 2.616 2.606 2.386 0.000 0.000 0.000 0.000 0.000 2.881 2.592 2.974 2.955 3.085 2.936 3.186 3.047 2.997 2.967 2.977 2.957 3.098 3.058 3.138 3.128 3.298 3.187 3.237 3.227 3.177 3.196 3.366 3.166 3.316 3.185 3.205 3.105 3.125 3.155 3.124 3.074 2.814 2.963 3.023 2.972 3.032 2.791 2.741 2.641 2.700 2.580 2.139 1.639 0.978 1.018 1.697 1.137 0.000 0.000 0.228 0.614
