includes/camargue/floodfiles/results_R2_t1.562607662346E12/res-0006.wdfp
ncols         906
nrows         631
xllcorner     362177.146667
yllcorner     6534725.688020
cellsize      20.000000
NODATA_value  -9999.000000
[rows 476 to 509 of 631, columns 0 to 76 of 906]
6.774 6.870 6.967 7.110 7.288 7.466 7.644 7.822 8.000 8.171 8.333 8.495 8.657 8.819 8.824 8.814 8.805 8.796 8.784 8.769 8.755 8.740 8.725 8.711 8.696 8.597 8.441 8.308 8.216 8.124 8.032 7.940 7.848 7.756 7.664 7.572 7.476 7.711 7.953 8.195 8.437 8.679 8.921 9.163 9.405 9.647 9.754 9.792 9.819 9.716 9.612 9.509 9.406 9.303 9.199 9.095 8.980 8.865 8.750 8.634 8.515 8.388 8.260 8.133 8.005 7.918 7.991 8.064 8.136 8.209 8.281 8.387 8.793 9.199 9.604 9.868 9.537
6.714 6.811 6.908 7.004 7.158 7.336 7.514 7.692 7.870 8.036 8.197 8.359 8.521 8.683 8.845 8.837 8.828 8.819 8.805 8.791 8.776 8.761 8.747 8.732 8.717 8.703 8.598 8.485 8.393 8.301 8.209 8.085 7.959 7.833 7.706 7.580 7.565 7.723 7.961 8.203 8.445 8.687 8.929 9.171 9.413 9.655 9.697 9.735 9.773 9.792 9.688 9.585 9.482 9.378 9.275 9.167 9.052 8.937 8.822 8.706 8.591 8.471 8.343 8.216 8.088 8.083 8.156 8.228 8.301 8.373 8.446 8.519 8.705 9.111 9.516 9.354 9.022
6.655 6.752 6.848 6.945 7.041 7.206 7.384 7.562 7.738 7.900 8.062 8.224 8.385 8.547 8.709 8.860 8.851 8.841 8.827 8.812 8.797 8.783 8.768 8.753 8.739 8.730 8.746 8.589 8.463 8.336 8.210 8.084 7.958 7.831 7.705 7.579 7.654 7.812 7.970 8.211 8.453 8.695 8.937 9.179 9.421 9.601 9.640 9.678 9.716 9.754 9.764 9.661 9.558 9.454 9.351 9.239 9.124 9.008 8.893 8.778 8.663 8.548 8.426 8.298 8.175 8.248 8.320 8.393 8.466 8.538 8.611 8.683 8.756 9.023 9.170 8.839 8.507
6.596 6.692 6.789 6.885 6.982 7.078 7.254 7.432 7.603 7.764 7.926 8.088 8.250 8.412 8.574 8.735 8.874 8.862 8.848 8.833 8.839 8.855 8.872 8.888 8.904 8.921 8.859 8.619 8.462 8.335 8.209 8.083 7.957 7.830 7.704 7.584 7.742 7.900 8.059 8.219 8.461 8.703 8.945 9.187 9.429 9.544 9.582 9.620 9.658 9.696 9.734 9.737 9.633 9.530 9.426 9.311 9.195 9.080 8.965 8.850 8.735 8.619 8.504 8.381 8.340 8.413 8.485 8.558 8.630 8.703 8.776 8.848 8.921 8.978 8.757 8.462 8.167
6.536 6.633 6.729 6.826 6.922 7.019 7.124 7.302 7.467 7.629 7.791 7.952 8.114 8.276 8.436 8.595 8.754 8.981 8.997 9.014 9.030 9.046 9.063 9.079 9.095 9.112 8.967 8.727 8.486 8.334 8.208 8.082 7.955 7.829 7.703 7.673 7.831 7.989 8.147 8.305 8.469 8.711 8.953 9.195 9.437 9.487 9.525 9.563 9.601 9.639 9.677 9.715 9.709 9.606 9.497 9.382 9.267 9.152 9.037 8.922 8.806 8.691 8.576 8.463 8.470 8.518 8.567 8.615 8.664 8.712 8.761 8.809 8.858 8.942 9.109 8.843 8.548
6.477 6.574 6.670 6.767 6.863 6.960 7.056 7.170 7.329 7.487 7.646 7.805 7.964 8.122 8.281 8.440 8.623 8.950 9.188 9.204 9.221 9.237 9.253 9.270 9.286 9.302 9.074 8.834 8.594 8.354 8.207 8.081 7.954 7.828 7.702 7.762 7.920 8.078 8.236 8.394 8.552 8.719 8.961 9.203 9.391 9.429 9.467 9.505 9.543 9.581 9.619 9.657 9.695 9.682 9.569 9.454 9.339 9.231 9.123 9.015 8.908 8.800 8.692 8.576 8.424 8.447 8.495 8.544 8.592 8.641 8.689 8.738 8.786 8.917 9.084 9.225 8.929
6.420 6.522 6.625 6.727 6.829 6.932 7.034 7.094 7.173 7.332 7.491 7.650 7.808 7.967 8.126 8.284 8.527 8.855 9.182 9.395 9.412 9.428 9.444 9.461 9.477 9.422 9.182 8.942 8.701 8.461 8.221 8.079 7.953 7.827 7.701 7.850 8.008 8.167 8.325 8.483 8.641 8.799 8.969 9.211 9.334 9.372 9.410 9.448 9.486 9.524 9.562 9.606 9.649 9.694 9.676 9.568 9.460 9.353 9.245 9.137 9.030 8.922 8.815 8.682 8.530 8.377 8.424 8.472 8.520 8.569 8.617 8.666 8.725 8.892 9.058 9.225 9.311
6.404 6.507 6.609 6.711 6.813 6.916 7.018 7.050 7.080 7.177 7.336 7.494 7.653 7.812 7.970 8.129 8.432 8.759 9.086 9.414 9.602 9.619 9.635 9.651 9.668 9.529 9.289 9.049 8.809 8.569 8.329 8.089 7.952 7.826 7.781 7.939 8.097 8.255 8.413 8.571 8.729 8.887 9.045 9.219 9.276 9.318 9.362 9.405 9.449 9.493 9.536 9.580 9.624 9.670 9.720 9.690 9.582 9.475 9.367 9.260 9.152 9.044 8.937 8.788 8.636 8.484 8.352 8.400 8.449 8.497 8.546 8.594 8.700 8.867 9.033 9.200 9.366
6.388 6.491 6.593 6.695 6.798 6.900 6.977 7.006 7.036 7.065 7.180 7.339 7.498 7.656 7.815 8.008 8.336 8.663 8.991 9.318 9.645 9.809 9.826 9.842 9.858 9.637 9.397 9.157 8.917 8.676 8.436 8.196 7.956 7.825 7.869 8.028 8.186 8.344 8.502 8.656 8.792 8.928 9.064 9.185 9.249 9.293 9.336 9.380 9.424 9.467 9.511 9.554 9.598 9.646 9.696 9.746 9.705 9.597 9.489 9.382 9.274 9.166 9.046 8.894 8.742 8.590 8.437 8.329 8.377 8.426 8.474 8.523 8.675 8.841 9.008 9.174 9.341
6.373 6.475 6.577 6.680 6.782 6.884 6.932 6.962 6.991 7.021 7.050 7.184 7.342 7.501 7.660 7.913 8.240 8.567 8.895 9.222 9.550 9.877 10.017 10.033 9.985 9.744 9.504 9.264 9.024 8.784 8.544 8.304 8.063 7.823 7.945 8.082 8.218 8.354 8.490 8.627 8.763 8.899 9.035 9.135 9.205 9.267 9.311 9.354 9.398 9.442 9.485 9.529 9.573 9.623 9.672 9.722 9.772 9.719 9.611 9.504 9.396 9.288 9.152 9.000 8.848 8.696 8.543 8.391 8.306 8.354 8.403 8.483 8.649 8.816 8.983 9.149 9.316
6.378 6.459 6.562 6.664 6.766 6.859 6.888 6.918 6.947 6.977 7.006 7.036 7.187 7.346 7.505 7.817 8.144 8.472 8.799 9.127 9.454 9.781 10.109 10.224 10.092 9.852 9.612 9.372 9.132 8.896 8.660 8.424 8.188 7.988 7.916 8.053 8.189 8.325 8.461 8.597 8.734 8.870 9.006 9.085 9.154 9.224 9.285 9.329 9.372 9.416 9.460 9.503 9.550 9.599 9.649 9.698 9.748 9.798 9.734 9.626 9.518 9.411 9.258 9.106 8.954 8.802 8.650 8.497 8.345 8.283 8.331 8.457 8.624 8.791 8.957 9.124 9.290
6.399 6.457 6.546 6.648 6.750 6.815 6.844 6.874 6.903 6.933 6.962 6.991 7.032 7.191 7.394 7.721 8.049 8.376 8.703 9.031 9.358 9.686 10.013 10.330 10.206 9.970 9.734 9.498 9.262 9.026 8.790 8.554 8.318 8.168 8.086 8.024 8.160 8.296 8.432 8.568 8.705 8.841 8.965 9.034 9.104 9.174 9.243 9.303 9.347 9.390 9.434 9.478 9.526 9.576 9.625 9.675 9.724 9.774 9.824 9.748 9.640 9.517 9.365 9.212 9.060 8.908 8.756 8.603 8.451 8.299 8.266 8.432 8.599 8.761 8.918 9.076 9.233
6.421 6.479 6.537 6.632 6.735 6.771 6.800 6.830 6.859 6.889 6.918 6.947 6.977 7.035 7.298 7.625 7.953 8.266 8.574 8.882 9.190 9.497 9.805 10.082 10.260 10.100 9.864 9.628 9.392 9.156 8.920 8.684 8.448 8.347 8.266 8.184 8.131 8.267 8.403 8.539 8.676 8.812 8.914 8.984 9.054 9.123 9.193 9.263 9.321 9.365 9.409 9.453 9.502 9.552 9.602 9.651 9.701 9.751 9.800 9.850 9.763 9.623 9.471 9.318 9.166 9.014 8.861 8.701 8.542 8.382 8.272 8.359 8.516 8.674 8.831 8.988 9.146
6.442 6.500 6.558 6.617 6.697 6.726 6.756 6.785 6.815 6.846 6.880 6.914 6.948 6.982 7.127 7.434 7.742 8.050 8.357 8.665 8.973 9.281 9.588 9.821 10.000 10.178 9.995 9.759 9.523 9.287 9.051 8.815 8.608 8.527 8.445 8.364 8.282 8.238 8.374 8.510 8.647 8.783 8.864 8.934 9.003 9.073 9.143 9.212 9.282 9.339 9.383 9.429 9.479 9.528 9.578 9.628 9.677 9.727 9.777 9.826 9.870 9.716 9.557 9.397 9.238 9.078 8.919 8.759 8.600 8.440 8.371 8.329 8.429 8.587 8.744 8.901 9.059
6.441 6.495 6.549 6.603 6.673 6.707 6.741 6.775 6.809 6.843 6.877 6.911 6.945 6.987 7.043 7.218 7.525 7.833 8.141 8.448 8.756 9.064 9.371 9.561 9.739 9.918 10.096 9.889 9.653 9.417 9.181 8.945 8.788 8.706 8.625 8.543 8.462 8.380 8.345 8.481 8.617 8.744 8.814 8.883 8.953 9.023 9.092 9.162 9.232 9.301 9.357 9.406 9.455 9.505 9.557 9.611 9.665 9.719 9.773 9.827 9.834 9.774 9.615 9.455 9.296 9.136 8.977 8.817 8.658 8.512 8.470 8.428 8.386 8.499 8.657 8.814 8.972
6.377 6.431 6.485 6.550 6.641 6.704 6.738 6.772 6.806 6.840 6.874 6.908 6.942 6.993 7.050 7.106 7.309 7.616 7.924 8.232 8.539 8.847 9.122 9.301 9.479 9.657 9.836 10.014 9.783 9.547 9.311 9.075 8.968 8.886 8.805 8.723 8.641 8.560 8.478 8.452 8.588 8.694 8.763 8.833 8.903 8.972 9.042 9.112 9.182 9.253 9.326 9.397 9.451 9.505 9.559 9.613 9.667 9.721 9.775 9.829 9.799 9.739 9.673 9.514 9.354 9.195 9.035 8.876 8.716 8.611 8.569 8.527 8.485 8.442 8.570 8.727 8.885
6.312 6.366 6.420 6.505 6.596 6.687 6.735 6.769 6.803 6.837 6.871 6.905 6.943 6.999 7.055 7.112 7.168 7.399 7.707 8.015 8.323 8.630 8.862 9.040 9.219 9.397 9.576 9.754 9.914 9.678 9.442 9.229 9.147 9.066 8.984 8.903 8.821 8.739 8.658 8.576 8.559 8.643 8.713 8.784 8.855 8.926 8.997 9.068 9.139 9.210 9.290 9.384 9.453 9.507 9.561 9.615 9.669 9.723 9.777 9.822 9.763 9.704 9.645 9.572 9.412 9.253 9.093 8.934 8.774 8.710 8.668 8.626 8.584 8.542 8.499 8.640 8.798
6.248 6.302 6.370 6.461 6.552 6.643 6.732 6.766 6.800 6.834 6.868 6.902 6.949 7.005 7.062 7.118 7.174 7.230 7.490 7.798 8.106 8.413 8.601 8.780 8.958 9.137 9.315 9.494 9.672 9.808 9.572 9.408 9.327 9.245 9.164 9.082 9.001 8.916 8.788 8.659 8.548 8.599 8.670 8.741 8.812 8.883 8.954 9.025 9.096 9.167 9.255 9.348 9.442 9.509 9.563 9.617 9.671 9.725 9.779 9.786 9.727 9.668 9.609 9.550 9.470 9.311 9.151 8.992 8.851 8.809 8.767 8.725 8.683 8.641 8.598 8.556 8.711
6.183 6.237 6.325 6.416 6.507 6.598 6.689 6.764 6.798 6.832 6.866 6.899 6.955 7.011 7.067 7.124 7.180 7.236 7.292 7.581 7.889 8.163 8.341 8.520 8.698 8.876 9.055 9.233 9.412 9.590 9.702 9.588 9.491 9.363 9.234 9.106 8.978 8.849 8.721 8.593 8.533 8.575 8.627 8.698 8.769 8.840 8.911 8.982 9.053 9.126 9.219 9.313 9.406 9.500 9.565 9.619 9.673 9.727 9.781 9.750 9.691 9.632 9.573 9.514 9.455 9.369 9.209 9.050 8.951 8.908 8.866 8.824 8.782 8.740 8.698 8.656 8.624
6.118 6.190 6.281 6.372 6.463 6.554 6.644 6.735 6.795 6.829 6.863 6.905 6.961 7.017 7.073 7.129 7.186 7.242 7.298 7.364 7.672 7.902 8.081 8.259 8.438 8.616 8.794 8.985 9.182 9.378 9.558 9.553 9.424 9.296 9.168 9.039 8.911 8.783 8.654 8.526 8.519 8.561 8.602 8.655 8.726 8.797 8.868 8.939 9.010 9.090 9.184 9.277 9.371 9.464 9.558 9.621 9.675 9.729 9.774 9.714 9.655 9.596 9.537 9.478 9.419 9.360 9.268 9.108 9.050 9.007 8.965 8.923 8.881 8.839 8.782 8.705 8.628
6.054 6.145 6.236 6.327 6.418 6.509 6.600 6.691 6.782 6.826 6.860 6.911 6.967 7.023 7.079 7.135 7.191 7.248 7.304 7.360 7.455 7.642 7.839 8.036 8.232 8.429 8.626 8.822 9.019 9.215 9.342 9.367 9.358 9.229 9.101 8.973 8.844 8.716 8.588 8.464 8.505 8.547 8.588 8.629 8.683 8.754 8.825 8.896 8.967 9.055 9.148 9.242 9.335 9.429 9.522 9.616 9.677 9.731 9.738 9.679 9.620 9.561 9.502 9.442 9.383 9.324 9.265 9.191 9.136 9.059 8.982 8.905 8.829 8.752 8.675 8.598 8.527
6.010 6.101 6.192 6.283 6.374 6.465 6.555 6.646 6.737 6.823 6.861 6.917 6.973 7.029 7.085 7.141 7.196 7.251 7.306 7.361 7.411 7.480 7.676 7.873 8.069 8.266 8.463 8.659 8.856 9.052 9.126 9.151 9.176 9.163 9.034 8.906 8.778 8.649 8.521 8.450 8.491 8.532 8.574 8.615 8.656 8.712 8.783 8.854 8.925 9.019 9.112 9.206 9.299 9.393 9.486 9.580 9.674 9.733 9.702 9.643 9.584 9.525 9.470 9.439 9.408 9.378 9.347 9.199 9.029 8.952 8.875 8.798 8.722 8.645 8.568 8.491 8.446
5.966 6.057 6.148 6.239 6.330 6.421 6.511 6.602 6.693 6.784 6.865 6.920 6.975 7.030 7.085 7.140 7.195 7.250 7.305 7.360 7.403 7.439 7.513 7.710 7.907 8.103 8.300 8.496 8.693 8.886 8.911 8.936 8.960 8.985 8.968 8.839 8.711 8.583 8.454 8.436 8.477 8.518 8.560 8.601 8.642 8.684 8.740 8.811 8.890 8.983 9.077 9.170 9.264 9.357 9.451 9.544 9.638 9.736 9.719 9.688 9.658 9.627 9.596 9.566 9.535 9.504 9.473 9.254 9.007 8.845 8.768 8.691 8.615 8.538 8.461 8.384 8.366
5.926 6.017 6.108 6.199 6.290 6.381 6.472 6.563 6.654 6.744 6.840 6.918 6.973 7.028 7.083 7.138 7.193 7.248 7.303 7.358 7.396 7.432 7.468 7.547 7.743 7.940 8.137 8.333 8.530 8.670 8.695 8.720 8.745 8.770 8.794 8.773 8.644 8.516 8.388 8.422 8.463 8.504 8.546 8.587 8.628 8.669 8.711 8.768 8.854 8.948 9.041 9.136 9.234 9.332 9.430 9.528 9.626 9.728 9.837 9.815 9.784 9.753 9.723 9.692 9.661 9.631 9.558 9.310 9.062 8.815 8.661 8.584 8.508 8.431 8.354 8.285 8.285
5.891 5.977 6.068 6.159 6.250 6.341 6.432 6.523 6.614 6.707 6.802 6.897 6.972 7.027 7.082 7.137 7.192 7.247 7.302 7.353 7.389 7.424 7.460 7.496 7.580 7.777 7.974 8.170 8.367 8.454 8.479 8.504 8.529 8.554 8.579 8.604 8.578 8.449 8.366 8.408 8.449 8.490 8.531 8.573 8.614 8.655 8.683 8.698 8.830 8.928 9.026 9.124 9.222 9.321 9.419 9.517 9.615 9.720 9.829 9.938 9.911 9.880 9.849 9.819 9.788 9.757 9.613 9.365 9.118 8.870 8.622 8.477 8.401 8.324 8.247 8.204 8.204
5.934 5.938 6.029 6.120 6.211 6.301 6.392 6.483 6.574 6.669 6.764 6.860 6.955 7.026 7.081 7.136 7.191 7.246 7.301 7.345 7.381 7.417 7.453 7.489 7.525 7.614 7.811 8.007 8.204 8.238 8.263 8.288 8.313 8.338 8.363 8.388 8.413 8.383 8.352 8.393 8.435 8.459 8.475 8.491 8.507 8.523 8.539 8.603 8.785 8.917 9.015 9.113 9.211 9.309 9.407 9.505 9.604 9.713 9.822 9.930 10.037 10.006 9.976 9.945 9.914 9.884 9.669 9.421 9.173 8.925 8.678 8.430 8.294 8.217 8.140 8.123 8.124
5.977 5.913 5.989 6.080 6.171 6.262 6.353 6.443 6.536 6.631 6.726 6.822 6.917 7.012 7.079 7.134 7.189 7.244 7.299 7.338 7.374 7.410 7.446 7.481 7.517 7.553 7.648 7.845 7.998 8.023 8.048 8.073 8.097 8.122 8.147 8.172 8.206 8.243 8.268 8.284 8.300 8.315 8.331 8.347 8.363 8.379 8.394 8.509 8.691 8.874 9.004 9.102 9.200 9.298 9.396 9.494 9.596 9.705 9.814 9.923 10.031 10.133 10.102 10.071 10.041 9.972 9.724 9.476 9.229 8.981 8.733 8.486 8.238 8.110 8.043 8.043 8.043
6.019 5.956 5.949 6.040 6.131 6.222 6.313 6.404 6.498 6.593 6.689 6.784 6.879 6.975 7.070 7.133 7.188 7.243 7.294 7.330 7.366 7.402 7.438 7.474 7.510 7.546 7.582 7.682 7.782 7.807 7.832 7.864 7.901 7.939 7.976 8.014 8.051 8.087 8.116 8.140 8.156 8.171 8.187 8.203 8.219 8.235 8.250 8.416 8.598 8.780 8.963 9.091 9.189 9.287 9.385 9.483 9.588 9.697 9.806 9.915 10.024 10.132 10.229 10.198 10.167 10.027 9.779 9.532 9.284 9.037 8.789 8.541 8.293 8.046 7.962 7.967 7.983
6.062 5.998 5.935 6.001 6.092 6.182 6.273 6.365 6.460 6.556 6.651 6.746 6.842 6.937 7.032 7.128 7.186 7.241 7.287 7.323 7.359 7.395 7.431 7.467 7.502 7.538 7.571 7.597 7.597 7.634 7.672 7.710 7.747 7.785 7.822 7.860 7.897 7.931 7.959 7.988 8.012 8.027 8.043 8.059 8.075 8.091 8.140 8.322 8.505 8.687 8.869 9.051 9.177 9.276 9.373 9.472 9.580 9.689 9.798 9.907 10.016 10.125 10.233 10.324 10.294 10.083 9.835 9.587 9.340 9.092 8.846 8.599 8.353 8.107 7.984 7.978 7.995
6.104 6.041 5.978 5.961 6.052 6.143 6.234 6.327 6.422 6.518 6.613 6.709 6.804 6.899 6.995 7.090 7.185 7.240 7.279 7.315 7.351 7.387 7.415 7.441 7.467 7.493 7.519 7.537 7.492 7.480 7.518 7.555 7.593 7.631 7.668 7.706 7.743 7.774 7.803 7.831 7.860 7.883 7.899 7.915 7.931 7.947 8.046 8.229 8.411 8.593 8.776 8.958 9.140 9.264 9.362 9.464 9.572 9.681 9.790 9.899 10.008 10.117 10.226 10.335 10.386 10.140 9.894 9.648 9.402 9.155 8.909 8.663 8.417 8.185 8.097 8.009 8.007
6.147 6.084 6.020 5.957 6.012 6.103 6.194 6.289 6.385 6.480 6.575 6.671 6.766 6.861 6.957 7.052 7.147 7.233 7.259 7.285 7.311 7.337 7.363 7.389 7.415 7.441 7.467 7.467 7.422 7.377 7.364 7.401 7.439 7.476 7.514 7.551 7.589 7.617 7.646 7.675 7.703 7.732 7.755 7.771 7.787 7.803 7.953 8.135 8.318 8.500 8.682 8.864 9.047 9.229 9.351 9.456 9.565 9.674 9.782 9.892 10.004 10.116 10.227 10.339 10.344 10.204 9.958 9.712 9.466 9.219 8.973 8.727 8.481 8.297 8.209 8.122 8.034
6.189 6.126 6.063 6.000 5.973 6.063 6.156 6.252 6.347 6.442 6.538 6.633 6.728 6.833 6.947 7.060 7.174 7.240 7.208 7.233 7.259 7.285 7.311 7.337 7.363 7.389 7.415 7.396 7.351 7.306 7.262 7.247 7.285 7.322 7.360 7.397 7.432 7.461 7.489 7.518 7.547 7.575 7.604 7.627 7.643 7.677 7.860 8.042 8.224 8.406 8.589 8.771 8.953 9.136 9.325 9.453 9.564 9.676 9.788 9.899 10.011 10.123 10.234 10.346 10.279 10.165 10.022 9.775 9.529 9.283 9.037 8.791 8.545 8.410 8.322 8.234 8.146
6.279 6.171 6.106 6.042 5.979 6.024 6.119 6.214 6.309 6.418 6.531 6.645 6.758 6.872 6.986 7.099 7.213 7.252 7.220 7.188 7.207 7.233 7.259 7.285 7.311 7.337 7.363 7.326 7.281 7.236 7.191 7.146 7.131 7.168 7.206 7.243 7.275 7.304 7.333 7.361 7.390 7.419 7.447 7.476 7.499 7.584 7.766 7.948 8.131 8.320 8.512 8.704 8.897 9.089 9.276 9.446 9.571 9.683 9.795 9.906 10.018 10.130 10.241 10.329 10.215 10.100 9.986 9.839 9.593 9.347 9.101 8.855 8.610 8.522 8.434 8.347 8.259
6.520 6.411 6.303 6.195 6.086 6.002 6.116 6.229 6.343 6.457 6.570 6.684 6.798 6.911 7.025 7.138 7.252 7.264 7.232 7.200 7.168 7.181 7.207 7.233 7.259 7.285 7.300 7.255 7.210 7.165 7.121 7.076 7.031 7.014 7.051 7.089 7.119 7.147 7.176 7.205 7.233 7.262 7.291 7.319 7.368 7.507 7.699 7.892 8.084 8.276 8.469 8.661 8.854 9.046 9.226 9.396 9.565 9.690 9.802 9.913 10.025 10.137 10.248 10.265 10.150 10.036 9.921 9.807 9.657 9.411 9.165 8.919 8.722 8.634 8.547 8.459 8.371
