includes/camargue/floodfiles/results_R2_t1.562607662346E12/res-0006.wdfp
ncols         906
nrows         631
xllcorner     362177.146667
yllcorner     6534725.688020
cellsize      20.000000
NODATA_value  -9999.000000
[rows 476 to 509 of 631, columns 77 to 153 of 906]
9.205 8.873 8.542 8.210 7.752 7.218 6.685 6.152 5.618 5.233 5.002 4.770 4.538 4.627 4.808 4.989 5.039 4.963 4.886 4.810 4.733 4.656 4.580 4.512 4.465 3.376 3.086 2.826 2.246 2.006 1.816 2.036 2.175 2.545 2.795 2.995 3.345 3.388 3.502 3.650 3.809 3.964 4.112 4.260 4.408 4.556 4.704 4.824 4.808 4.787 4.773 4.778 4.783 4.788 4.793 4.798 4.803 4.800 4.744 4.687 4.630 4.574 4.540 4.536 4.531 4.527 4.512 4.490 4.469 4.448 4.427 4.406 4.385 4.364 4.347 4.356 4.371
8.690 8.359 8.027 7.695 7.339 6.805 6.272 5.738 5.502 5.270 5.038 4.807 4.575 4.691 4.872 5.053 5.234 5.333 5.256 5.179 5.103 5.026 4.950 4.892 4.844 4.797 4.750 4.702 3.466 3.336 3.076 3.116 3.186 3.495 3.972 4.086 4.200 4.314 4.428 4.541 4.692 4.841 4.989 5.030 5.014 4.998 4.982 4.965 4.949 4.919 4.883 4.872 4.877 4.882 4.887 4.892 4.897 4.870 4.813 4.757 4.700 4.644 4.587 4.558 4.554 4.550 4.529 4.508 4.487 4.466 4.445 4.423 4.402 4.399 4.399 4.427 4.461
8.176 7.844 7.512 7.181 6.849 6.392 6.002 5.770 5.539 5.307 5.075 4.844 4.612 4.755 4.936 5.117 5.298 5.478 5.626 5.549 5.473 5.396 5.320 5.271 5.224 5.176 5.129 5.082 5.034 4.987 4.837 4.555 4.669 4.783 4.897 5.011 5.125 5.191 5.205 5.220 5.221 5.205 5.188 5.172 5.156 5.139 5.123 5.107 5.087 5.051 5.015 4.979 4.970 4.975 4.980 4.985 4.990 4.940 4.883 4.827 4.770 4.714 4.657 4.600 4.577 4.567 4.546 4.525 4.504 4.495 4.494 4.493 4.492 4.491 4.500 4.523 4.553
7.872 7.577 7.282 6.987 6.692 6.326 6.039 5.807 5.575 5.344 5.112 4.880 4.649 4.819 5.000 5.181 5.362 5.543 5.723 5.904 5.843 5.766 5.698 5.651 5.603 5.556 5.509 5.461 5.414 5.367 5.273 5.256 5.270 5.285 5.300 5.314 5.329 5.344 5.358 5.373 5.359 5.346 5.330 5.313 5.297 5.281 5.264 5.248 5.219 5.183 5.147 5.111 5.075 5.069 5.074 5.079 5.067 5.010 4.953 4.897 4.840 4.784 4.727 4.670 4.614 4.592 4.591 4.590 4.589 4.588 4.587 4.586 4.585 4.584 4.602 4.625 4.648
8.253 7.958 7.663 7.368 7.073 6.659 6.211 5.844 5.612 5.380 5.149 4.917 4.703 4.883 5.064 5.245 5.426 5.607 5.788 5.968 6.149 6.136 6.078 6.030 5.983 5.909 5.785 5.660 5.536 5.412 5.292 5.372 5.423 5.438 5.453 5.467 5.482 5.497 5.511 5.511 5.498 5.485 5.471 5.455 5.439 5.422 5.406 5.388 5.352 5.316 5.280 5.243 5.207 5.171 5.168 5.173 5.136 5.080 5.023 4.967 4.910 4.857 4.820 4.784 4.747 4.691 4.684 4.683 4.682 4.681 4.680 4.679 4.678 4.680 4.703 4.726 4.749
8.634 8.339 8.044 7.749 7.440 6.992 6.544 6.096 5.649 5.417 5.185 4.954 4.767 4.948 5.128 5.309 5.490 5.671 5.852 6.032 6.213 6.355 6.296 6.171 6.047 5.923 5.799 5.674 5.550 5.426 5.386 5.466 5.547 5.591 5.605 5.620 5.635 5.649 5.663 5.649 5.636 5.623 5.610 5.596 5.580 5.564 5.548 5.520 5.484 5.448 5.412 5.375 5.339 5.303 5.267 5.263 5.206 5.150 5.113 5.076 5.040 5.004 4.968 4.931 4.887 4.831 4.777 4.776 4.775 4.774 4.773 4.772 4.771 4.781 4.804 4.827 4.850
9.016 8.721 8.425 8.130 7.773 7.325 6.877 6.430 5.982 5.534 5.222 4.990 4.831 5.012 5.192 5.373 5.554 5.735 5.867 5.992 6.118 6.243 6.221 6.186 6.061 5.937 5.813 5.688 5.564 5.440 5.480 5.560 5.641 5.721 5.758 5.773 5.788 5.802 5.801 5.788 5.775 5.762 5.749 5.736 5.722 5.705 5.688 5.652 5.616 5.580 5.544 5.507 5.471 5.434 5.389 5.367 5.333 5.296 5.260 5.224 5.187 5.151 5.115 5.078 5.026 4.971 4.915 4.869 4.868 4.867 4.866 4.865 4.864 4.883 4.906 4.929 4.952
9.397 9.102 8.807 8.512 8.106 7.658 7.210 6.763 6.315 5.867 5.420 5.027 4.895 5.076 5.254 5.379 5.504 5.630 5.755 5.880 6.005 6.127 6.098 6.070 6.042 5.951 5.827 5.702 5.578 5.493 5.574 5.654 5.735 5.815 5.895 5.926 5.940 5.952 5.939 5.926 5.913 5.900 5.887 5.874 5.861 5.847 5.820 5.784 5.748 5.704 5.659 5.614 5.569 5.524 5.479 5.479 5.480 5.443 5.407 5.371 5.335 5.298 5.262 5.222 5.166 5.110 5.054 4.998 4.961 4.960 4.959 4.958 4.961 4.984 5.007 5.030 5.053
9.507 9.483 9.188 8.887 8.439 7.991 7.544 7.096 6.648 6.201 5.753 5.290 4.917 5.016 5.141 5.267 5.392 5.517 5.642 5.768 5.893 6.004 5.975 5.947 5.919 5.890 5.841 5.716 5.592 5.587 5.668 5.748 5.828 5.909 5.989 6.070 6.093 6.091 6.078 6.065 6.052 6.038 6.025 6.003 5.973 5.943 5.930 5.885 5.839 5.794 5.749 5.704 5.659 5.614 5.586 5.591 5.596 5.591 5.554 5.518 5.482 5.445 5.409 5.362 5.306 5.250 5.194 5.138 5.082 5.053 5.052 5.051 5.063 5.086 5.109 5.131 5.154
9.482 9.649 9.569 9.220 8.772 8.324 7.877 7.411 6.933 6.456 5.978 5.500 5.202 5.008 5.029 5.154 5.279 5.405 5.530 5.655 5.780 5.881 5.853 5.824 5.796 5.768 5.739 5.711 5.606 5.681 5.762 5.842 5.922 6.003 6.083 6.161 6.225 6.196 6.166 6.136 6.106 6.076 6.046 6.016 5.987 5.981 5.999 5.975 5.930 5.885 5.840 5.794 5.749 5.704 5.699 5.704 5.708 5.713 5.702 5.665 5.629 5.593 5.556 5.502 5.446 5.390 5.334 5.278 5.222 5.166 5.145 5.144 5.164 5.187 5.210 5.233 5.256
9.457 9.623 9.790 9.531 9.054 8.576 8.098 7.621 7.143 6.666 6.188 5.710 5.487 5.293 5.099 5.042 5.167 5.292 5.417 5.543 5.668 5.758 5.730 5.701 5.673 5.645 5.616 5.588 5.663 5.741 5.818 5.894 5.971 6.047 6.124 6.200 6.216 6.209 6.179 6.150 6.120 6.090 6.060 6.030 6.002 6.020 6.037 6.055 6.020 5.975 5.930 5.885 5.840 5.806 5.811 5.816 5.821 5.826 5.831 5.813 5.776 5.740 5.697 5.641 5.585 5.529 5.473 5.417 5.361 5.306 5.250 5.242 5.265 5.281 5.282 5.284 5.285
9.390 9.548 9.703 9.602 9.264 8.786 8.308 7.831 7.353 6.876 6.398 5.967 5.773 5.579 5.384 5.190 5.054 5.180 5.305 5.430 5.555 5.636 5.607 5.579 5.550 5.522 5.530 5.614 5.699 5.781 5.857 5.934 6.010 6.087 6.163 6.207 6.207 6.208 6.193 6.163 6.133 6.103 6.074 6.044 6.040 6.058 6.076 6.094 6.110 6.065 6.020 5.975 5.930 5.918 5.923 5.928 5.933 5.938 5.943 5.948 5.923 5.887 5.837 5.781 5.725 5.669 5.613 5.557 5.501 5.437 5.371 5.288 5.284 5.285 5.287 5.288 5.290
9.303 9.461 9.528 9.427 9.326 8.996 8.518 8.041 7.563 7.086 6.608 6.252 6.058 5.864 5.670 5.476 5.281 5.087 5.192 5.318 5.443 5.513 5.484 5.456 5.428 5.481 5.565 5.650 5.735 5.819 5.897 5.974 6.050 6.127 6.197 6.198 6.198 6.199 6.199 6.177 6.147 6.117 6.087 6.061 6.079 6.096 6.114 6.132 6.150 6.155 6.110 6.065 6.026 6.030 6.035 6.040 6.045 6.050 6.055 6.060 6.065 6.032 5.976 5.921 5.860 5.794 5.729 5.664 5.599 5.533 5.468 5.372 5.288 5.289 5.291 5.292 5.294
9.216 9.374 9.353 9.252 9.151 9.050 8.729 8.251 7.773 7.296 6.818 6.537 6.343 6.149 5.955 5.761 5.567 5.373 5.178 5.205 5.330 5.390 5.362 5.347 5.432 5.516 5.601 5.686 5.770 5.855 5.937 6.013 6.090 6.166 6.188 6.189 6.189 6.190 6.190 6.191 6.161 6.131 6.101 6.099 6.117 6.135 6.153 6.171 6.189 6.206 6.200 6.155 6.138 6.143 6.148 6.152 6.157 6.162 6.167 6.157 6.128 6.152 6.087 6.021 5.956 5.891 5.826 5.760 5.695 5.630 5.553 5.457 5.362 5.294 5.295 5.297 5.298
9.129 9.279 9.178 9.077 8.976 8.876 8.775 8.461 7.983 7.506 7.028 6.823 6.629 6.435 6.240 6.046 5.852 5.658 5.464 5.270 5.218 5.267 5.298 5.383 5.467 5.552 5.637 5.721 5.806 5.890 5.975 6.053 6.130 6.179 6.179 6.180 6.180 6.181 6.181 6.182 6.174 6.145 6.119 6.137 6.155 6.173 6.191 6.209 6.227 6.245 6.263 6.245 6.250 6.255 6.233 6.204 6.175 6.146 6.118 6.089 6.060 6.133 6.183 6.118 6.053 5.987 5.922 5.857 5.792 5.727 5.638 5.542 5.446 5.351 5.299 5.301 5.302
9.042 9.104 9.003 8.902 8.801 8.701 8.600 8.499 8.193 7.716 7.302 7.108 6.914 6.720 6.526 6.332 6.137 5.943 5.749 5.554 5.306 5.244 5.332 5.418 5.503 5.588 5.672 5.757 5.841 5.926 6.011 6.093 6.169 6.170 6.170 6.171 6.171 6.172 6.172 6.173 6.173 6.158 6.158 6.176 6.194 6.212 6.229 6.243 6.251 6.260 6.268 6.254 6.222 6.193 6.165 6.136 6.107 6.079 6.050 6.021 6.032 6.112 6.191 6.215 6.149 6.084 6.019 5.954 5.888 5.818 5.722 5.627 5.531 5.435 5.340 5.305 5.306
8.955 8.929 8.828 8.727 8.627 8.526 8.425 8.324 8.223 7.926 7.588 7.394 7.200 7.005 6.789 6.541 6.293 6.045 5.796 5.548 5.332 5.285 5.341 5.429 5.517 5.605 5.693 5.781 5.869 5.957 6.045 6.131 6.160 6.161 6.161 6.161 6.161 6.161 6.161 6.160 6.160 6.160 6.166 6.174 6.183 6.191 6.200 6.208 6.216 6.225 6.233 6.195 6.154 6.125 6.097 6.068 6.039 6.010 5.982 5.953 6.011 6.090 6.169 6.249 6.246 6.181 6.115 6.050 5.985 5.903 5.807 5.712 5.616 5.520 5.425 5.329 5.311
8.855 8.754 8.653 8.552 8.452 8.351 8.250 8.149 8.048 7.972 7.777 7.529 7.280 7.032 6.784 6.536 6.287 6.039 5.791 5.543 5.423 5.376 5.350 5.438 5.526 5.614 5.702 5.790 5.878 5.966 6.054 6.121 6.138 6.137 6.137 6.137 6.137 6.137 6.137 6.137 6.137 6.134 6.131 6.139 6.148 6.156 6.165 6.173 6.182 6.190 6.177 6.136 6.096 6.057 6.029 6.000 5.971 5.942 5.914 5.910 5.989 6.069 6.148 6.227 6.307 6.277 6.212 6.147 6.081 5.987 5.892 5.796 5.701 5.605 5.509 5.414 5.318
8.680 8.579 8.478 8.394 8.322 8.249 8.176 8.104 8.031 7.940 7.751 7.523 7.275 7.026 6.778 6.530 6.282 6.033 5.785 5.562 5.515 5.468 5.421 5.447 5.535 5.623 5.711 5.799 5.887 5.975 6.063 6.085 6.104 6.114 6.113 6.113 6.113 6.113 6.113 6.113 6.112 6.108 6.105 6.104 6.113 6.122 6.130 6.138 6.147 6.155 6.118 6.077 6.037 5.996 5.961 5.932 5.903 5.874 5.846 5.888 5.968 6.047 6.126 6.206 6.285 6.364 6.308 6.243 6.168 6.072 5.977 5.881 5.785 5.690 5.594 5.498 5.403
8.599 8.527 8.454 8.381 8.309 8.236 8.164 8.091 8.018 7.883 7.694 7.505 7.269 7.021 6.772 6.524 6.276 6.028 5.779 5.653 5.606 5.559 5.512 5.465 5.545 5.632 5.720 5.808 5.896 5.984 6.030 6.049 6.068 6.087 6.090 6.089 6.089 6.089 6.089 6.089 6.086 6.082 6.079 6.075 6.078 6.087 6.095 6.104 6.112 6.100 6.059 6.019 5.978 5.938 5.897 5.864 5.835 5.806 5.788 5.867 5.946 6.025 6.105 6.184 6.263 6.343 6.405 6.340 6.252 6.157 6.061 5.966 5.870 5.768 5.647 5.526 5.405
8.527 8.514 8.441 8.368 8.296 8.223 8.151 8.078 8.005 7.826 7.637 7.448 7.258 7.015 6.767 6.519 6.270 6.022 5.792 5.745 5.698 5.651 5.604 5.557 5.554 5.642 5.730 5.818 5.906 5.974 5.993 6.012 6.031 6.050 6.066 6.066 6.065 6.065 6.065 6.064 6.060 6.056 6.053 6.049 6.045 6.052 6.060 6.069 6.077 6.041 6.001 5.960 5.920 5.879 5.838 5.798 5.767 5.738 5.766 5.845 5.925 6.004 6.083 6.163 6.242 6.321 6.400 6.433 6.327 6.206 6.086 5.965 5.844 5.723 5.602 5.481 5.360
8.446 8.446 8.428 8.355 8.283 8.210 8.138 8.065 7.959 7.769 7.580 7.391 7.201 7.009 6.761 6.513 6.265 6.016 5.883 5.836 5.789 5.742 5.695 5.649 5.601 5.651 5.739 5.827 5.915 5.938 5.957 5.976 5.995 6.014 6.033 6.042 6.042 6.041 6.041 6.038 6.034 6.030 6.027 6.023 6.019 6.017 6.026 6.034 6.023 5.983 5.942 5.901 5.861 5.820 5.780 5.739 5.699 5.670 5.744 5.824 5.903 5.982 6.060 6.127 6.194 6.261 6.328 6.350 6.282 6.161 6.040 5.919 5.798 5.677 5.556 5.435 5.323
8.366 8.366 8.366 8.342 8.270 8.197 8.125 8.052 7.902 7.712 7.523 7.334 7.144 6.955 6.756 6.507 6.259 6.022 5.975 5.928 5.881 5.834 5.787 5.740 5.693 5.660 5.748 5.836 5.882 5.901 5.920 5.940 5.959 5.978 5.997 6.016 6.018 6.018 6.016 6.012 6.008 6.005 6.001 5.997 5.994 5.990 5.991 5.999 5.964 5.924 5.883 5.843 5.802 5.761 5.721 5.680 5.640 5.631 5.698 5.765 5.832 5.899 5.966 6.033 6.100 6.167 6.234 6.220 6.203 6.116 5.995 5.874 5.753 5.632 5.511 5.390 5.317
8.285 8.285 8.285 8.285 8.257 8.184 8.112 8.034 7.845 7.655 7.466 7.277 7.087 6.898 6.708 6.502 6.253 6.113 6.066 6.020 5.973 5.926 5.879 5.832 5.785 5.738 5.757 5.827 5.846 5.865 5.884 5.903 5.922 5.941 5.961 5.980 5.994 5.993 5.990 5.986 5.982 5.979 5.975 5.972 5.968 5.964 5.960 5.946 5.906 5.863 5.821 5.778 5.736 5.693 5.650 5.608 5.565 5.568 5.604 5.671 5.738 5.805 5.872 5.939 6.006 6.073 6.109 6.091 6.074 6.056 5.949 5.828 5.707 5.586 5.465 5.344 5.311
8.204 8.204 8.205 8.205 8.205 8.171 8.099 7.977 7.788 7.598 7.409 7.220 7.030 6.841 6.651 6.462 6.252 6.205 6.158 6.111 6.064 6.017 5.970 5.923 5.876 5.829 5.778 5.791 5.810 5.830 5.849 5.868 5.887 5.906 5.925 5.945 5.964 5.967 5.964 5.960 5.956 5.952 5.948 5.944 5.940 5.937 5.933 5.877 5.832 5.789 5.747 5.704 5.661 5.619 5.576 5.534 5.508 5.518 5.528 5.577 5.644 5.711 5.778 5.845 5.912 5.979 5.979 5.962 5.944 5.927 5.904 5.783 5.662 5.541 5.420 5.324 5.305
8.124 8.124 8.124 8.124 8.124 8.124 8.086 7.920 7.731 7.541 7.352 7.173 7.000 6.826 6.653 6.480 6.293 6.195 6.143 6.092 6.041 5.989 5.938 5.886 5.835 5.784 5.766 5.782 5.801 5.820 5.840 5.859 5.878 5.897 5.916 5.936 5.948 5.939 5.935 5.931 5.927 5.924 5.920 5.916 5.912 5.908 5.881 5.818 5.758 5.715 5.673 5.630 5.587 5.545 5.502 5.460 5.458 5.468 5.479 5.489 5.550 5.617 5.684 5.751 5.818 5.867 5.850 5.832 5.815 5.797 5.780 5.737 5.616 5.495 5.375 5.318 5.299
8.043 8.043 8.043 8.043 8.052 8.068 8.070 7.935 7.761 7.588 7.415 7.242 7.068 6.895 6.722 6.548 6.349 6.150 6.098 6.047 5.995 5.944 5.892 5.841 5.789 5.744 5.759 5.774 5.792 5.811 5.830 5.850 5.869 5.888 5.907 5.926 5.922 5.914 5.907 5.903 5.899 5.895 5.891 5.887 5.883 5.880 5.822 5.759 5.696 5.641 5.599 5.556 5.513 5.471 5.428 5.398 5.408 5.419 5.429 5.439 5.457 5.524 5.590 5.657 5.724 5.738 5.720 5.703 5.685 5.668 5.650 5.633 5.571 5.450 5.331 5.312 5.293
7.999 8.015 8.032 8.048 8.064 8.080 8.052 7.981 7.830 7.657 7.483 7.310 7.137 6.963 6.790 6.605 6.405 6.206 6.053 6.001 5.950 5.898 5.847 5.795 5.744 5.738 5.753 5.768 5.783 5.802 5.821 5.841 5.860 5.879 5.898 5.906 5.897 5.888 5.880 5.874 5.870 5.866 5.863 5.859 5.855 5.826 5.763 5.700 5.637 5.574 5.524 5.482 5.439 5.396 5.354 5.348 5.359 5.369 5.379 5.390 5.400 5.430 5.497 5.563 5.626 5.608 5.591 5.573 5.556 5.539 5.521 5.504 5.486 5.404 5.324 5.306 5.286
8.011 8.027 8.044 8.060 8.076 8.092 8.033 7.962 7.891 7.725 7.552 7.378 7.205 7.032 6.858 6.660 6.461 6.261 6.062 5.956 5.904 5.853 5.801 5.750 5.716 5.731 5.746 5.761 5.776 5.793 5.812 5.831 5.851 5.870 5.889 5.880 5.872 5.863 5.854 5.846 5.842 5.838 5.834 5.830 5.826 5.766 5.704 5.641 5.578 5.515 5.452 5.408 5.365 5.322 5.288 5.299 5.309 5.319 5.330 5.340 5.350 5.361 5.403 5.470 5.497 5.479 5.462 5.444 5.427 5.409 5.392 5.374 5.357 5.339 5.320 5.303 5.285
8.023 8.039 8.055 8.072 8.088 8.085 8.014 7.943 7.872 7.793 7.620 7.447 7.274 7.100 6.916 6.716 6.517 6.317 6.118 5.918 5.859 5.807 5.756 5.704 5.710 5.725 5.740 5.755 5.770 5.785 5.803 5.822 5.842 5.861 5.863 5.855 5.846 5.838 5.829 5.821 5.813 5.809 5.806 5.802 5.770 5.707 5.644 5.582 5.518 5.456 5.393 5.334 5.291 5.248 5.239 5.249 5.259 5.270 5.280 5.290 5.301 5.311 5.321 5.376 5.367 5.350 5.332 5.315 5.312 5.314 5.317 5.319 5.322 5.324 5.323 5.306 5.289
8.035 8.051 8.067 8.084 8.100 8.066 7.995 7.924 7.853 7.782 7.689 7.515 7.342 7.169 6.972 6.772 6.573 6.373 6.174 5.974 5.813 5.762 5.710 5.688 5.703 5.718 5.733 5.748 5.763 5.778 5.794 5.813 5.832 5.846 5.838 5.829 5.821 5.812 5.804 5.795 5.787 5.781 5.777 5.773 5.711 5.648 5.585 5.522 5.459 5.397 5.334 5.271 5.217 5.179 5.189 5.199 5.210 5.220 5.230 5.241 5.251 5.262 5.278 5.291 5.293 5.296 5.298 5.301 5.303 5.305 5.308 5.310 5.313 5.313 5.313 5.310 5.292
8.058 8.063 8.079 8.095 8.112 8.048 7.977 7.906 7.835 7.763 7.693 7.584 7.410 7.227 7.028 6.828 6.629 6.429 6.230 6.030 5.831 5.716 5.666 5.682 5.697 5.712 5.727 5.742 5.757 5.772 5.787 5.804 5.823 5.821 5.812 5.804 5.795 5.787 5.778 5.770 5.761 5.753 5.748 5.715 5.652 5.589 5.526 5.463 5.400 5.337 5.275 5.212 5.149 5.129 5.143 5.159 5.175 5.191 5.207 5.223 5.239 5.255 5.271 5.279 5.284 5.287 5.289 5.292 5.294 5.297 5.299 5.302 5.304 5.303 5.303 5.302 5.296
8.171 8.083 8.091 8.107 8.100 8.029 7.958 7.887 7.816 7.745 7.674 7.603 7.479 7.283 7.083 6.884 6.684 6.485 6.285 6.086 5.886 5.687 5.660 5.675 5.690 5.705 5.720 5.735 5.750 5.765 5.780 5.795 5.804 5.796 5.787 5.778 5.770 5.761 5.753 5.744 5.736 5.727 5.719 5.656 5.593 5.532 5.470 5.408 5.347 5.285 5.223 5.162 5.103 5.121 5.137 5.153 5.169 5.185 5.201 5.217 5.233 5.249 5.262 5.268 5.274 5.278 5.280 5.283 5.285 5.288 5.290 5.293 5.294 5.293 5.293 5.292 5.292
8.283 8.196 8.108 8.119 8.081 8.010 7.939 7.868 7.797 7.726 7.653 7.580 7.477 7.284 7.081 6.879 6.677 6.474 6.272 6.069 5.867 5.723 5.754 5.766 5.778 5.790 5.802 5.813 5.825 5.837 5.849 5.859 5.755 5.745 5.736 5.726 5.716 5.707 5.697 5.687 5.678 5.668 5.651 5.608 5.547 5.485 5.423 5.362 5.300 5.239 5.177 5.115 5.094 5.112 5.130 5.146 5.162 5.178 5.194 5.210 5.226 5.242 5.251 5.256 5.262 5.268 5.271 5.274 5.276 5.279 5.281 5.284 5.284 5.283 5.283 5.282 5.281
