includes/camargue/floodfiles/results_R2_t1.562607662346E12/res-0009.wdfp
ncols         906
nrows         631
xllcorner     362177.146667
yllcorner     6534725.688020
cellsize      20.000000
NODATA_value  -9999.000000
[rows 578 to 611 of 631, columns 385 to 461 of 906]
1.300 1.032 0.764 0.499 0.374 0.489 0.602 0.637 0.630 0.622 0.614 0.607 0.599 0.591 0.583 0.575 0.567 0.559 0.551 0.542 0.534 0.644 0.819 0.850 0.795 0.740 0.685 0.630 0.575 0.520 0.465 0.411 0.356 0.301 0.246 0.192 0.178 0.193 0.208 0.223 0.238 0.253 0.268 0.283 0.298 0.313 0.326 0.318 0.311 0.303 0.295 0.292 0.363 0.434 0.506 0.578 0.573 0.500 0.426 0.417 0.434 0.451 0.467 0.484 0.501 0.517 0.534 0.551 0.575 0.601 0.627 0.653 0.679 0.704 0.730 0.756 0.782
1.166 0.898 0.631 0.366 0.321 0.435 0.549 0.662 0.661 0.654 0.646 0.638 0.630 0.622 0.614 0.606 0.598 0.590 0.582 0.573 0.614 0.789 0.964 1.114 1.059 1.004 0.949 0.894 0.839 0.785 0.730 0.675 0.620 0.565 0.510 0.448 0.346 0.339 0.334 0.328 0.322 0.320 0.335 0.350 0.364 0.379 0.394 0.387 0.379 0.411 0.482 0.554 0.626 0.697 0.769 0.841 0.801 0.728 0.655 0.581 0.561 0.578 0.594 0.611 0.628 0.644 0.661 0.679 0.704 0.730 0.756 0.782 0.808 0.833 0.859 0.885 0.911
1.033 0.764 0.497 0.234 0.268 0.382 0.496 0.609 0.693 0.685 0.677 0.669 0.662 0.654 0.646 0.638 0.630 0.621 0.613 0.605 0.759 0.934 1.109 1.285 1.324 1.269 1.214 1.159 1.104 1.049 0.994 0.939 0.884 0.830 0.775 0.680 0.577 0.522 0.516 0.510 0.504 0.498 0.492 0.486 0.480 0.474 0.468 0.530 0.602 0.673 0.745 0.817 0.889 0.961 1.032 1.103 1.029 0.956 0.883 0.809 0.736 0.705 0.721 0.738 0.755 0.771 0.788 0.808 0.833 0.859 0.885 0.911 0.937 0.962 0.988 1.014 1.040
0.899 0.631 0.363 0.102 0.216 0.329 0.442 0.556 0.669 0.717 0.709 0.701 0.693 0.685 0.677 0.669 0.661 0.652 0.644 0.730 0.905 1.080 1.255 1.430 1.588 1.533 1.478 1.424 1.369 1.314 1.259 1.204 1.149 1.094 1.015 0.912 0.809 0.707 0.698 0.692 0.686 0.680 0.674 0.668 0.662 0.656 0.693 0.790 0.865 0.936 1.008 1.080 1.152 1.224 1.296 1.331 1.258 1.184 1.111 1.038 0.964 0.891 0.848 0.865 0.882 0.898 0.915 0.937 0.962 0.988 1.014 1.040 1.066 1.091 1.117 1.143 1.169
0.766 0.497 0.230 0.051 0.164 0.276 0.389 0.502 0.615 0.728 0.740 0.732 0.724 0.716 0.708 0.700 0.692 0.684 0.700 0.875 1.050 1.225 1.400 1.576 1.751 1.798 1.743 1.688 1.633 1.579 1.524 1.469 1.414 1.349 1.247 1.144 1.041 0.939 0.881 0.875 0.869 0.863 0.857 0.851 0.845 0.839 0.933 1.030 1.127 1.200 1.271 1.343 1.415 1.487 1.559 1.559 1.486 1.412 1.339 1.266 1.193 1.119 1.046 0.992 1.009 1.025 1.042 1.066 1.092 1.117 1.143 1.169 1.195 1.221 1.246 1.272 1.298
0.633 0.364 0.097 0.015 0.111 0.223 0.336 0.449 0.562 0.675 0.772 0.764 0.756 0.748 0.740 0.732 0.723 0.715 0.845 1.020 1.195 1.371 1.546 1.721 1.896 2.063 2.008 1.953 1.898 1.843 1.788 1.733 1.679 1.581 1.479 1.376 1.273 1.170 1.068 1.057 1.051 1.045 1.039 1.033 1.027 1.076 1.173 1.270 1.367 1.463 1.535 1.606 1.678 1.750 1.822 1.787 1.714 1.641 1.567 1.494 1.421 1.347 1.274 1.200 1.136 1.153 1.169 1.195 1.221 1.246 1.272 1.298 1.324 1.358 1.412 1.467 1.522
0.499 0.231 0.011 0.006 0.061 0.171 0.283 0.396 0.508 0.621 0.734 0.795 0.787 0.779 0.771 0.763 0.755 0.816 0.991 1.166 1.341 1.516 1.691 1.867 2.042 2.217 2.273 2.218 2.163 2.108 2.053 1.998 1.916 1.813 1.710 1.608 1.505 1.402 1.300 1.240 1.234 1.228 1.222 1.216 1.218 1.315 1.413 1.510 1.607 1.704 1.798 1.870 1.941 2.013 2.085 2.015 1.942 1.869 1.796 1.722 1.649 1.576 1.502 1.429 1.355 1.282 1.298 1.324 1.350 1.398 1.452 1.507 1.562 1.616 1.671 1.726 1.780
0.366 0.099 0.001 0.005 0.025 0.118 0.230 0.342 0.455 0.568 0.681 0.794 0.818 0.811 0.802 0.794 0.786 0.961 1.136 1.311 1.486 1.662 1.837 2.012 2.188 2.363 2.537 2.482 2.427 2.373 2.318 2.250 2.148 2.045 1.942 1.840 1.737 1.634 1.532 1.429 1.416 1.410 1.404 1.398 1.458 1.555 1.652 1.749 1.847 1.944 2.041 2.133 2.204 2.276 2.317 2.244 2.170 2.097 2.024 1.950 1.877 1.804 1.730 1.657 1.581 1.489 1.490 1.547 1.602 1.656 1.711 1.765 1.820 1.875 1.929 1.984 2.039
0.233 0.011 0.000 0.003 0.010 0.068 0.177 0.289 0.401 0.514 0.627 0.740 0.850 0.842 0.834 0.826 0.931 1.106 1.281 1.457 1.632 1.807 1.982 2.158 2.333 2.508 2.684 2.747 2.692 2.637 2.582 2.482 2.380 2.277 2.174 2.072 1.969 1.866 1.764 1.661 1.599 1.593 1.587 1.601 1.698 1.795 1.892 1.989 2.086 2.184 2.281 2.378 2.468 2.539 2.545 2.472 2.399 2.325 2.252 2.179 2.101 2.009 1.917 1.825 1.733 1.641 1.708 1.805 1.860 1.915 1.969 2.024 2.079 2.133 2.188 2.242 2.297
0.101 0.002 0.000 0.002 0.005 0.028 0.125 0.235 0.348 0.460 0.573 0.686 0.799 0.873 0.865 0.901 1.076 1.252 1.427 1.602 1.777 1.953 2.128 2.303 2.479 2.654 2.829 3.004 2.957 2.902 2.817 2.714 2.612 2.509 2.406 2.304 2.201 2.098 1.996 1.893 1.790 1.775 1.769 1.840 1.938 2.035 2.132 2.229 2.326 2.423 2.521 2.618 2.715 2.802 2.773 2.700 2.620 2.528 2.436 2.344 2.252 2.160 2.068 1.977 1.885 1.825 1.926 2.027 2.118 2.173 2.228 2.282 2.337 2.392 2.446 2.501 2.555
0.010 0.000 0.000 0.001 0.003 0.010 0.074 0.181 0.294 0.406 0.519 0.632 0.745 0.859 0.897 1.047 1.222 1.397 1.572 1.748 1.923 2.098 2.274 2.449 2.624 2.799 2.975 3.150 3.221 3.152 3.049 2.946 2.844 2.741 2.638 2.536 2.433 2.330 2.227 2.125 2.022 1.958 1.983 2.080 2.177 2.274 2.372 2.469 2.566 2.663 2.752 2.808 2.865 2.921 2.955 2.863 2.771 2.680 2.588 2.496 2.404 2.312 2.220 2.128 2.036 2.042 2.143 2.244 2.345 2.431 2.486 2.541 2.595 2.650 2.705 2.759 2.814
0.007 0.000 0.000 0.000 0.000 0.003 0.030 0.138 0.257 0.376 0.496 0.615 0.735 0.855 0.905 1.082 1.264 1.447 1.629 1.812 1.994 2.177 2.359 2.542 2.725 2.907 3.090 3.272 3.455 3.366 3.265 3.165 3.065 2.965 2.865 2.764 2.664 2.562 2.459 2.357 2.254 2.151 2.198 2.255 2.312 2.368 2.425 2.481 2.538 2.594 2.651 2.708 2.764 2.858 3.007 3.015 2.923 2.831 2.739 2.647 2.555 2.464 2.372 2.280 2.188 2.260 2.361 2.462 2.563 2.664 2.745 2.799 2.854 2.908 2.963 3.018 3.072
0.125 0.000 0.000 0.001 0.003 0.013 0.092 0.210 0.330 0.450 0.569 0.689 0.809 0.920 0.893 0.949 1.131 1.314 1.497 1.679 1.862 2.044 2.227 2.409 2.592 2.775 2.957 3.140 3.241 3.238 3.137 3.037 2.937 2.837 2.737 2.636 2.536 2.436 2.336 2.235 2.135 2.077 2.098 2.154 2.211 2.268 2.324 2.381 2.437 2.494 2.551 2.607 2.664 2.794 2.944 3.093 3.075 2.983 2.891 2.799 2.707 2.615 2.523 2.431 2.376 2.477 2.578 2.679 2.780 2.881 2.982 3.058 3.112 3.167 3.221 3.276 3.331
0.341 0.041 0.000 0.002 0.006 0.050 0.164 0.284 0.404 0.523 0.643 0.763 0.883 0.908 0.880 0.853 0.999 1.181 1.364 1.547 1.729 1.912 2.094 2.277 2.460 2.642 2.825 2.989 3.027 3.065 3.010 2.909 2.809 2.709 2.609 2.508 2.408 2.308 2.208 2.107 2.007 2.007 2.022 2.054 2.111 2.167 2.224 2.280 2.337 2.394 2.450 2.507 2.581 2.731 2.880 3.030 3.179 3.134 3.042 2.950 2.859 2.767 2.675 2.583 2.594 2.695 2.796 2.897 2.998 3.099 3.200 3.301 3.371 3.425 3.480 3.535 3.571
0.610 0.306 0.019 0.002 0.021 0.119 0.238 0.358 0.477 0.597 0.717 0.837 0.922 0.895 0.868 0.841 0.866 1.049 1.231 1.414 1.597 1.779 1.962 2.144 2.327 2.510 2.692 2.774 2.812 2.850 2.882 2.781 2.681 2.581 2.481 2.381 2.280 2.180 2.080 1.979 1.923 1.938 1.953 1.967 2.010 2.067 2.123 2.180 2.236 2.293 2.350 2.406 2.517 2.667 2.816 2.966 3.116 3.265 3.194 3.102 3.010 2.918 2.826 2.734 2.812 2.913 3.014 3.115 3.216 3.317 3.418 3.519 3.620 3.684 3.738 3.793 3.769
0.879 0.575 0.271 0.007 0.073 0.192 0.312 0.431 0.551 0.671 0.791 0.911 0.909 0.882 0.855 0.829 0.802 0.916 1.099 1.281 1.464 1.647 1.829 2.012 2.194 2.377 2.522 2.560 2.598 2.636 2.673 2.653 2.553 2.453 2.353 2.253 2.152 2.052 1.952 1.851 1.854 1.869 1.883 1.898 1.912 1.966 2.023 2.079 2.136 2.193 2.249 2.306 2.454 2.603 2.753 2.902 3.052 3.201 3.345 3.254 3.162 3.070 2.978 2.928 3.029 3.130 3.231 3.332 3.433 3.534 3.635 3.736 3.837 3.938 3.997 4.036 3.967
1.148 0.844 0.540 0.236 0.146 0.265 0.385 0.505 0.625 0.745 0.865 0.924 0.897 0.870 0.843 0.816 0.789 0.783 0.966 1.149 1.331 1.514 1.697 1.879 2.062 2.245 2.308 2.346 2.383 2.421 2.459 2.497 2.425 2.325 2.225 2.125 2.025 1.924 1.824 1.770 1.785 1.799 1.814 1.828 1.843 1.866 1.922 1.979 2.036 2.092 2.149 2.241 2.390 2.540 2.689 2.839 2.988 3.138 3.287 3.405 3.313 3.221 3.129 3.146 3.247 3.348 3.449 3.550 3.651 3.752 3.853 3.954 4.055 4.156 4.255 4.235 4.165
1.417 1.113 0.809 0.505 0.219 0.339 0.459 0.579 0.699 0.819 0.938 0.911 0.884 0.857 0.830 0.804 0.777 0.750 0.833 1.016 1.199 1.382 1.564 1.747 1.929 2.055 2.093 2.131 2.169 2.207 2.245 2.282 2.298 2.197 2.097 1.997 1.897 1.796 1.696 1.701 1.715 1.730 1.745 1.759 1.774 1.788 1.822 1.879 1.935 1.992 2.048 2.177 2.327 2.476 2.626 2.775 2.925 3.074 3.224 3.373 3.465 3.373 3.281 3.363 3.464 3.565 3.667 3.768 3.869 3.970 4.071 4.157 4.159 4.161 4.164 4.098 3.979
1.686 1.382 1.077 0.773 0.469 0.413 0.533 0.653 0.773 0.892 0.926 0.899 0.872 0.845 0.818 0.791 0.764 0.737 0.710 0.884 1.066 1.249 1.432 1.614 1.797 1.841 1.879 1.917 1.955 1.992 2.030 2.068 2.106 2.070 1.969 1.869 1.769 1.669 1.617 1.631 1.646 1.661 1.675 1.690 1.705 1.719 1.734 1.778 1.835 1.891 1.964 2.114 2.263 2.413 2.562 2.712 2.861 3.011 3.160 3.310 3.459 3.524 3.480 3.581 3.682 3.783 3.873 3.875 3.877 3.880 3.882 3.884 3.887 3.889 3.872 3.816 3.743
1.955 1.650 1.346 1.042 0.738 0.487 0.606 0.726 0.846 0.940 0.913 0.886 0.859 0.832 0.805 0.778 0.752 0.725 0.698 0.751 0.934 1.116 1.299 1.482 1.589 1.627 1.664 1.702 1.740 1.778 1.816 1.854 1.891 1.929 1.842 1.741 1.641 1.541 1.547 1.562 1.577 1.591 1.606 1.621 1.635 1.650 1.664 1.679 1.734 1.791 1.901 2.050 2.200 2.349 2.499 2.648 2.798 2.947 3.097 3.246 3.396 3.540 3.591 3.593 3.596 3.598 3.600 3.603 3.605 3.607 3.610 3.612 3.614 3.617 3.579 3.524 3.468
2.223 1.919 1.615 1.311 1.007 0.702 0.680 0.800 0.920 0.927 0.900 0.873 0.846 0.819 0.793 0.766 0.739 0.712 0.685 0.658 0.801 0.984 1.167 1.336 1.374 1.412 1.450 1.488 1.526 1.564 1.601 1.639 1.677 1.715 1.714 1.613 1.513 1.463 1.478 1.493 1.508 1.522 1.537 1.551 1.566 1.581 1.595 1.610 1.634 1.690 1.837 1.987 2.136 2.286 2.435 2.585 2.706 2.827 2.947 3.068 3.189 3.310 3.318 3.321 3.324 3.326 3.328 3.330 3.333 3.335 3.337 3.340 3.342 3.343 3.287 3.231 3.175
2.492 2.188 1.884 1.580 1.275 0.971 0.754 0.874 0.941 0.914 0.887 0.860 0.834 0.807 0.780 0.753 0.726 0.699 0.672 0.646 0.668 0.851 1.034 1.122 1.160 1.198 1.236 1.274 1.311 1.349 1.387 1.425 1.463 1.500 1.538 1.486 1.385 1.394 1.409 1.424 1.438 1.453 1.468 1.482 1.497 1.511 1.526 1.541 1.555 1.625 1.751 1.872 1.992 2.113 2.234 2.355 2.476 2.596 2.717 2.838 2.959 3.042 3.045 3.048 3.051 3.053 3.056 3.058 3.060 3.063 3.065 3.067 3.070 3.051 2.995 2.939 2.883
2.584 2.351 2.118 1.848 1.544 1.240 0.935 0.947 0.928 0.901 0.874 0.847 0.821 0.794 0.767 0.740 0.713 0.686 0.659 0.632 0.606 0.718 0.869 0.907 0.945 0.983 1.021 1.059 1.097 1.135 1.173 1.211 1.249 1.286 1.324 1.358 1.310 1.325 1.340 1.354 1.369 1.383 1.397 1.412 1.426 1.440 1.454 1.468 1.482 1.454 1.521 1.642 1.762 1.883 2.004 2.124 2.245 2.366 2.487 2.608 2.729 2.769 2.772 2.775 2.779 2.781 2.783 2.786 2.788 2.790 2.793 2.795 2.797 2.758 2.703 2.647 2.591
2.470 2.237 2.004 1.771 1.537 1.304 1.070 0.967 0.936 0.905 0.874 0.844 0.813 0.782 0.753 0.726 0.699 0.672 0.645 0.619 0.592 0.584 0.654 0.692 0.731 0.769 0.807 0.853 0.899 0.945 0.991 1.037 1.082 1.128 1.174 1.220 1.238 1.253 1.267 1.281 1.295 1.309 1.324 1.338 1.352 1.366 1.380 1.394 1.397 1.357 1.318 1.411 1.532 1.653 1.774 1.894 2.015 2.136 2.257 2.377 2.492 2.496 2.499 2.502 2.506 2.509 2.511 2.514 2.516 2.518 2.520 2.523 2.522 2.466 2.410 2.354 2.299
2.356 2.123 1.890 1.656 1.423 1.189 1.050 1.059 1.034 1.003 0.972 0.941 0.910 0.879 0.848 0.817 0.786 0.756 0.725 0.694 0.664 0.604 0.555 0.603 0.650 0.696 0.742 0.788 0.834 0.880 0.926 0.972 1.017 1.063 1.109 1.144 1.163 1.179 1.193 1.207 1.221 1.235 1.250 1.264 1.278 1.292 1.306 1.320 1.301 1.261 1.221 1.182 1.302 1.423 1.543 1.664 1.785 1.906 2.026 2.147 2.219 2.223 2.226 2.229 2.232 2.236 2.239 2.241 2.244 2.246 2.248 2.251 2.230 2.174 2.118 2.062 2.006
2.242 2.009 1.775 1.542 1.308 1.122 1.130 1.138 1.131 1.100 1.069 1.038 1.007 0.977 0.946 0.915 0.884 0.853 0.822 0.791 0.760 0.652 0.534 0.536 0.584 0.630 0.677 0.723 0.769 0.815 0.861 0.907 0.953 0.998 1.044 1.066 1.085 1.104 1.119 1.133 1.148 1.162 1.176 1.190 1.204 1.218 1.232 1.245 1.205 1.165 1.125 1.085 1.072 1.193 1.313 1.434 1.555 1.675 1.796 1.917 1.946 1.949 1.953 1.956 1.959 1.963 1.966 1.969 1.971 1.974 1.976 1.978 1.938 1.882 1.826 1.770 1.714
2.128 1.894 1.661 1.427 1.194 1.202 1.210 1.218 1.226 1.198 1.167 1.136 1.105 1.074 1.043 1.012 0.981 0.950 0.919 0.888 0.820 0.700 0.581 0.468 0.517 0.565 0.611 0.658 0.704 0.750 0.796 0.842 0.888 0.933 0.970 0.989 1.008 1.027 1.045 1.060 1.074 1.088 1.102 1.116 1.130 1.144 1.158 1.149 1.109 1.069 1.029 0.989 0.950 0.963 1.083 1.204 1.325 1.445 1.566 1.670 1.673 1.676 1.680 1.683 1.686 1.689 1.693 1.696 1.699 1.701 1.704 1.701 1.645 1.589 1.533 1.478 1.422
2.013 1.780 1.546 1.312 1.274 1.282 1.290 1.298 1.306 1.296 1.265 1.234 1.203 1.172 1.141 1.110 1.079 1.048 1.017 0.986 0.868 0.749 0.629 0.511 0.449 0.498 0.546 0.593 0.639 0.685 0.731 0.777 0.823 0.868 0.893 0.912 0.931 0.949 0.968 0.986 1.000 1.014 1.028 1.042 1.056 1.071 1.085 1.052 1.013 0.973 0.933 0.893 0.853 0.813 0.853 0.974 1.094 1.215 1.336 1.397 1.400 1.403 1.407 1.410 1.413 1.416 1.420 1.423 1.426 1.429 1.432 1.409 1.353 1.297 1.241 1.185 1.129
1.899 1.665 1.431 1.345 1.353 1.361 1.369 1.378 1.386 1.394 1.363 1.332 1.301 1.270 1.239 1.207 1.176 1.145 1.114 1.038 0.917 0.797 0.678 0.559 0.442 0.431 0.480 0.527 0.574 0.620 0.666 0.712 0.758 0.796 0.815 0.834 0.853 0.872 0.891 0.910 0.926 0.940 0.954 0.969 0.983 0.997 0.996 0.956 0.917 0.877 0.837 0.797 0.757 0.718 0.677 0.744 0.864 0.985 1.106 1.124 1.127 1.130 1.134 1.137 1.140 1.143 1.147 1.150 1.153 1.156 1.159 1.117 1.061 1.047 1.053 1.059 1.065
1.784 1.550 1.417 1.425 1.433 1.441 1.449 1.458 1.466 1.475 1.460 1.429 1.398 1.367 1.336 1.305 1.274 1.243 1.207 1.087 0.966 0.846 0.726 0.607 0.489 0.373 0.413 0.462 0.509 0.555 0.601 0.647 0.693 0.719 0.738 0.757 0.776 0.795 0.814 0.833 0.851 0.867 0.881 0.895 0.909 0.923 0.900 0.860 0.821 0.781 0.741 0.701 0.662 0.622 0.582 0.542 0.635 0.755 0.848 0.851 0.854 0.857 0.861 0.864 0.867 0.870 0.874 0.877 0.891 0.937 0.983 1.004 1.010 1.016 1.022 1.028 1.034
1.669 1.489 1.497 1.505 1.513 1.521 1.529 1.538 1.546 1.555 1.558 1.527 1.496 1.465 1.434 1.403 1.372 1.341 1.256 1.136 1.016 0.895 0.775 0.655 0.536 0.419 0.345 0.395 0.443 0.490 0.537 0.583 0.623 0.642 0.661 0.680 0.699 0.718 0.736 0.755 0.774 0.793 0.807 0.821 0.835 0.844 0.804 0.764 0.725 0.685 0.645 0.606 0.566 0.526 0.486 0.446 0.406 0.525 0.575 0.578 0.581 0.585 0.588 0.602 0.648 0.694 0.740 0.786 0.833 0.879 0.921 0.959 0.979 0.985 0.991 0.997 1.003
1.560 1.568 1.576 1.584 1.592 1.601 1.609 1.618 1.626 1.635 1.643 1.625 1.594 1.563 1.532 1.501 1.470 1.426 1.306 1.185 1.065 0.944 0.824 0.704 0.585 0.466 0.351 0.327 0.377 0.425 0.472 0.518 0.546 0.565 0.584 0.603 0.622 0.640 0.659 0.678 0.697 0.716 0.733 0.748 0.762 0.748 0.708 0.669 0.629 0.589 0.549 0.510 0.470 0.430 0.390 0.351 0.311 0.297 0.313 0.359 0.405 0.451 0.498 0.544 0.590 0.636 0.682 0.728 0.774 0.820 0.860 0.898 0.935 0.954 0.960 0.966 0.972
1.640 1.648 1.656 1.664 1.672 1.681 1.689 1.698 1.706 1.715 1.723 1.723 1.692 1.661 1.630 1.599 1.568 1.475 1.355 1.235 1.114 0.994 0.874 0.753 0.633 0.514 0.396 0.283 0.310 0.360 0.407 0.450 0.469 0.488 0.507 0.526 0.545 0.563 0.582 0.601 0.620 0.639 0.658 0.674 0.688 0.652 0.612 0.573 0.533 0.493 0.454 0.414 0.378 0.355 0.332 0.310 0.287 0.263 0.256 0.301 0.347 0.393 0.439 0.486 0.532 0.578 0.624 0.670 0.716 0.761 0.799 0.836 0.874 0.911 0.929 0.935 0.941
1.719 1.727 1.735 1.744 1.752 1.761 1.769 1.778 1.786 1.795 1.803 1.812 1.790 1.759 1.728 1.697 1.645 1.525 1.404 1.284 1.164 1.043 0.923 0.803 0.682 0.563 0.444 0.327 0.241 0.293 0.342 0.373 0.392 0.411 0.430 0.449 0.467 0.486 0.505 0.524 0.543 0.561 0.580 0.599 0.596 0.556 0.522 0.500 0.477 0.454 0.432 0.409 0.387 0.364 0.341 0.318 0.296 0.270 0.243 0.244 0.290 0.336 0.381 0.427 0.473 0.519 0.565 0.611 0.657 0.700 0.737 0.775 0.812 0.850 0.887 0.904 0.910
