includes/camargue/floodfiles/results_R2_t1.562607662346E12/res.totaltm
ncols         906
nrows         631
xllcorner     362177.146667
yllcorner     6534725.688020
cellsize      20.000000
NODATA_value  -9999.000000
[rows 476 to 509 of 631, columns 308 to 384 of 906]
11.006 10.991 0.000 0.000 8.344 12.727 0.000 0.000 12.685 12.666 12.644 12.628 1.964 2.236 11.551 11.522 11.517 11.503 11.492 11.471 11.547 0.000 0.000 0.000 11.149 11.143 11.046 11.039 11.011 1.875 2.340 5.050 0.000 10.869 10.879 10.872 10.864 10.857 10.835 10.789 0.000 10.716 0.000 10.465 0.000 10.057 9.910 0.000 9.743 9.726 9.636 0.000 9.442 9.456 0.000 8.375 8.347 0.000 7.667 0.000 6.180 1.512 1.558 1.431 0.000 0.000 0.000 0.000 0.000 0.000 0.000 0.000 0.000 0.000 0.000 0.000 0.000
10.989 10.983 0.000 7.401 13.485 0.000 0.000 12.812 5.820 10.589 12.663 12.648 12.617 1.964 2.237 11.550 11.542 11.523 11.536 11.550 2.232 1.896 6.663 0.000 0.000 2.253 11.038 11.028 11.018 10.973 10.967 10.953 10.936 0.000 10.902 10.892 10.875 10.857 10.825 10.813 10.761 10.731 10.722 9.501 10.461 9.859 9.899 9.885 9.754 9.742 3.843 9.376 0.000 8.672 8.632 8.399 0.000 7.922 7.714 5.918 0.000 0.286 1.444 0.000 0.000 0.000 0.000 0.000 0.000 0.000 0.000 0.000 0.000 0.000 0.000 0.000 0.000
10.980 0.000 0.000 13.622 10.488 13.581 13.421 12.828 7.188 12.715 12.696 12.650 12.635 12.612 1.963 2.237 11.572 11.544 11.549 2.233 1.952 6.351 7.283 7.211 0.000 0.000 0.000 11.018 11.009 10.984 1.247 2.845 10.926 10.916 10.910 0.000 10.868 10.858 10.818 10.812 0.000 10.716 0.824 0.000 10.436 9.864 9.853 9.859 9.834 2.367 9.386 9.358 7.930 8.620 0.000 8.382 8.168 7.989 7.930 0.000 0.000 0.230 1.047 0.419 0.000 0.000 0.000 0.000 0.000 0.000 0.000 0.000 0.000 0.000 0.000 0.000 0.000
0.000 0.000 8.753 10.769 13.665 13.697 1.415 12.807 12.737 12.723 12.684 12.670 12.652 6.355 12.515 1.920 2.039 2.453 2.460 1.970 7.001 7.713 13.425 7.145 7.475 6.857 0.000 0.000 0.000 2.603 10.952 10.912 10.922 10.908 10.899 10.880 0.000 10.827 10.720 0.000 10.451 10.700 0.000 0.000 10.407 9.986 0.000 0.000 6.761 0.000 9.815 9.072 9.047 0.000 8.104 8.133 4.448 7.925 0.000 6.457 0.000 0.979 0.000 0.000 0.000 0.000 0.000 0.000 0.000 0.000 0.000 0.000 0.000 0.000 0.000 0.000 0.000
0.000 8.883 12.224 13.766 7.449 13.724 1.482 1.493 1.500 12.688 12.669 12.656 12.641 5.488 12.512 12.498 12.481 2.054 2.044 7.243 7.667 7.079 8.947 7.269 8.103 7.048 13.394 6.810 0.000 0.000 0.000 0.000 10.905 10.902 10.877 10.870 2.234 0.000 10.703 10.686 10.675 0.000 10.400 0.000 10.157 9.953 10.267 0.000 10.180 10.169 5.675 9.814 0.000 7.288 7.372 7.882 7.854 0.000 7.141 6.610 6.420 0.000 0.000 0.000 0.000 0.000 0.000 0.000 0.000 0.000 0.000 0.000 0.000 0.000 0.000 0.000 0.000
8.127 7.742 13.383 8.295 7.956 13.768 13.801 8.910 1.489 1.497 1.503 12.618 12.566 12.555 12.525 12.513 12.497 1.853 1.731 7.928 7.633 7.579 13.506 11.636 13.508 6.981 8.667 7.160 8.236 6.115 0.000 0.000 10.900 0.000 0.484 0.000 10.805 10.751 0.000 0.000 10.661 10.632 10.451 10.440 0.000 10.289 10.280 10.232 10.209 0.000 9.816 5.881 7.008 0.000 7.245 0.000 7.584 7.265 7.205 0.000 1.873 2.277 2.003 0.000 0.000 0.000 0.000 0.000 0.000 0.000 0.000 0.000 0.000 0.000 0.000 0.000 0.000
13.840 8.782 13.848 13.323 13.848 12.909 13.817 7.705 8.391 13.816 1.490 1.504 12.554 12.513 12.506 12.493 1.538 1.630 8.216 7.968 8.106 8.039 7.797 13.584 7.489 8.585 8.477 7.466 8.248 6.884 5.339 0.000 10.893 10.877 1.752 10.794 10.786 10.752 10.714 0.000 0.000 10.422 10.280 10.352 10.339 10.326 10.285 10.124 0.000 1.132 9.753 9.498 6.479 6.417 0.000 3.473 3.496 7.208 0.000 0.000 2.312 1.945 0.000 0.000 0.000 0.000 0.000 0.000 0.000 0.000 0.000 0.000 0.000 0.000 0.000 0.000 0.000
8.609 9.215 8.359 13.897 13.720 12.972 13.851 13.858 10.641 9.361 8.145 1.490 1.500 1.505 12.493 1.508 1.500 7.376 8.384 8.029 8.130 13.576 9.175 11.483 7.813 13.604 8.457 7.657 13.478 8.106 6.226 0.000 0.000 10.870 10.627 10.830 10.783 10.771 10.750 10.690 0.000 0.000 10.260 10.323 10.313 0.000 0.000 0.418 0.536 9.196 0.000 9.383 9.340 0.000 1.801 1.839 3.478 0.000 0.000 0.000 0.000 0.000 0.000 0.000 0.000 0.000 0.000 0.000 0.000 0.000 0.000 0.000 0.000 0.000 0.000 0.000 0.000
9.976 13.961 13.948 13.907 12.733 13.140 13.175 13.869 8.390 13.867 8.122 7.892 13.804 1.491 1.501 1.492 9.733 7.847 10.058 9.228 8.235 7.446 9.630 13.731 9.462 13.408 10.601 10.385 13.500 7.418 6.553 5.548 0.000 10.858 10.850 2.594 10.770 10.744 10.688 0.000 0.000 9.620 0.000 10.306 10.274 10.259 0.000 0.000 0.735 8.071 8.799 0.000 0.000 1.399 1.763 1.792 0.000 0.000 0.000 0.000 0.000 0.000 0.000 0.000 0.000 0.000 0.000 0.000 0.000 0.000 0.000 0.000 0.000 0.000 0.000 0.000 0.000
13.977 13.972 13.961 10.898 13.907 11.610 13.900 13.892 8.443 9.612 13.882 8.377 8.312 8.743 7.953 13.817 10.218 10.114 9.747 7.860 9.241 13.711 9.210 13.747 13.729 10.382 7.921 13.563 8.084 7.442 6.848 6.527 0.000 10.843 10.841 10.832 6.037 10.753 7.714 0.000 0.000 9.707 9.753 0.000 10.156 10.240 9.980 9.950 0.000 0.000 0.000 0.847 1.168 1.357 0.000 1.730 1.618 1.512 0.000 0.000 0.000 0.000 0.000 0.000 0.000 0.000 0.000 0.000 0.000 0.000 0.000 0.000 0.000 0.000 0.000 0.000 0.000
14.006 14.000 8.320 11.540 10.540 13.956 13.944 13.906 8.412 13.925 9.142 9.418 8.778 8.645 8.239 9.268 13.838 9.606 9.042 9.898 10.431 8.100 9.292 13.778 12.132 13.722 9.011 9.542 7.312 7.844 7.252 6.696 0.000 0.000 10.833 10.813 10.799 10.790 10.757 0.000 0.000 9.736 9.795 9.938 9.963 0.000 9.953 0.000 0.000 0.000 0.000 0.000 1.034 0.000 0.000 1.651 0.000 0.000 0.000 0.000 0.000 0.000 0.000 0.000 0.000 0.000 0.000 0.000 0.000 0.000 0.000 0.000 0.000 0.000 0.000 0.000 0.000
14.027 9.333 14.005 13.988 13.986 13.964 11.441 11.172 10.428 9.566 8.921 11.427 10.095 10.762 11.516 11.045 13.854 13.837 13.831 13.835 8.274 13.847 10.145 13.818 8.439 8.169 13.705 13.674 9.043 13.558 7.481 6.714 5.552 0.000 10.819 10.811 10.768 10.755 10.739 0.000 0.000 9.689 9.792 9.872 9.939 9.813 0.000 0.000 0.000 0.000 0.000 0.000 0.000 0.000 0.000 0.000 0.000 0.000 0.000 0.000 0.000 0.000 0.000 0.000 0.000 0.000 0.000 0.000 0.000 0.000 0.000 0.000 0.000 0.000 0.000 0.000 0.000
9.892 9.235 14.027 13.625 14.020 13.986 8.339 9.470 11.383 11.860 9.498 13.985 12.642 11.268 8.243 13.909 13.873 8.539 8.675 9.467 8.383 10.772 9.619 13.851 13.804 13.780 11.424 8.504 9.005 8.417 13.498 7.304 5.983 0.000 10.810 10.797 2.578 10.738 10.723 0.000 0.000 9.660 0.000 9.846 9.729 9.791 0.000 0.000 0.000 0.000 0.000 0.000 0.000 0.000 0.000 0.000 0.000 0.000 0.000 0.000 0.000 0.000 0.000 0.000 0.000 0.000 0.000 0.000 0.000 0.000 0.000 0.000 0.000 0.000 0.000 0.000 0.000
8.584 9.689 14.038 13.562 14.027 8.440 14.032 11.901 10.302 10.846 14.026 12.506 8.229 13.953 12.382 12.117 8.375 13.889 8.804 8.783 12.835 12.929 13.710 13.863 8.205 12.861 13.771 9.696 8.521 8.456 7.962 13.449 6.335 0.000 0.000 10.784 10.764 1.877 10.669 0.000 0.000 9.427 8.734 0.000 9.696 9.768 9.588 0.000 0.000 0.000 0.000 0.000 0.000 0.000 0.000 0.000 0.000 0.000 0.000 0.000 0.000 0.000 0.000 0.000 0.000 0.000 0.000 0.000 0.000 0.000 0.000 0.000 0.000 0.000 0.000 0.000 0.000
14.075 14.064 14.056 14.051 14.044 14.058 8.622 14.034 14.035 14.046 13.163 8.475 10.831 10.166 9.499 13.984 9.097 9.039 9.009 9.056 13.939 13.933 13.916 13.892 8.985 8.804 9.549 9.371 10.232 10.222 8.984 7.249 6.086 0.000 10.769 10.777 10.766 10.755 0.000 0.000 0.000 9.415 9.398 9.282 0.000 0.000 0.000 0.000 0.000 0.000 0.000 0.000 0.000 0.000 0.000 0.000 0.000 0.000 0.000 0.000 0.000 0.000 0.000 0.000 0.000 0.000 0.000 0.000 0.000 0.000 0.000 0.000 0.000 0.000 0.000 0.000 0.000
14.081 14.053 14.085 14.082 14.075 14.065 14.068 8.573 14.050 13.062 14.050 12.782 13.530 14.016 9.120 13.998 8.538 9.601 12.313 13.969 13.877 13.519 13.945 8.171 9.453 8.542 13.850 9.432 9.073 7.395 8.586 7.488 0.000 0.000 10.739 10.755 10.718 2.610 0.000 0.000 9.074 9.095 9.356 0.000 0.000 0.000 0.000 0.000 0.000 0.000 0.000 0.000 0.000 0.000 0.000 0.000 0.000 0.000 0.000 0.000 0.000 0.000 0.000 0.000 0.000 0.000 0.000 0.000 0.000 0.000 0.000 0.000 0.000 0.000 0.000 0.000 0.000
14.003 12.566 14.109 8.830 14.102 14.079 14.081 9.222 9.335 14.074 13.057 8.534 8.584 8.535 9.281 14.011 8.559 9.179 9.955 13.984 13.971 12.565 12.263 11.209 9.414 8.289 12.474 10.625 8.253 13.635 7.154 6.648 0.000 0.000 10.710 0.000 0.000 0.000 0.000 0.000 9.056 9.113 9.139 0.000 0.000 0.000 0.000 0.000 0.000 0.000 0.000 0.000 0.000 0.000 0.000 0.000 0.000 0.000 0.000 0.000 0.000 0.000 0.000 0.000 0.000 0.000 0.000 0.000 0.000 0.000 0.000 0.000 0.000 0.000 0.000 0.000 0.000
8.637 13.703 14.141 14.136 14.110 14.102 14.102 9.350 9.553 14.092 11.077 11.068 14.077 9.178 9.073 14.044 9.134 14.025 14.010 14.002 13.994 10.940 13.990 10.876 11.060 10.593 9.745 13.891 8.196 6.823 0.000 0.000 0.000 0.000 0.000 0.000 5.699 5.809 13.241 0.000 0.000 9.013 9.120 0.000 0.000 0.000 0.000 0.000 0.000 0.000 0.000 0.000 0.000 0.000 0.000 0.000 0.000 0.000 0.000 0.000 0.000 0.000 0.000 0.000 0.000 0.000 0.000 0.000 0.000 0.000 0.000 0.000 0.000 0.000 0.000 0.000 0.000
14.180 8.836 14.149 14.145 9.293 8.946 14.113 8.647 9.428 14.101 14.106 9.720 14.086 11.753 8.865 13.529 14.056 14.045 14.019 8.402 9.616 13.090 12.860 13.990 9.329 10.154 10.341 10.383 8.350 7.598 0.000 0.000 0.000 0.000 0.000 5.374 6.145 6.179 6.930 8.197 0.000 0.000 0.000 0.000 0.000 0.000 0.000 0.000 0.000 0.000 0.000 0.000 0.000 0.000 0.000 0.000 0.000 0.000 0.000 0.000 0.000 0.000 0.000 0.000 0.000 0.000 0.000 0.000 0.000 0.000 0.000 0.000 0.000 0.000 0.000 0.000 0.000
14.190 9.019 14.179 11.377 9.586 9.989 12.135 12.682 14.149 8.997 14.117 9.756 8.761 14.103 8.805 12.935 8.838 14.063 14.068 9.607 9.530 14.021 14.025 8.371 9.271 11.234 10.220 9.723 8.347 13.905 6.676 5.704 6.177 6.621 6.397 6.540 6.882 7.390 7.275 13.933 8.155 7.833 7.698 7.056 0.000 0.000 0.000 0.000 0.000 0.000 0.000 0.000 0.000 0.000 0.000 0.000 0.000 0.000 0.000 0.000 0.000 0.000 0.000 0.000 0.000 0.000 0.000 0.000 0.000 0.000 0.000 0.000 0.000 0.000 0.000 0.000 0.000
14.214 14.196 14.192 11.577 9.861 9.425 13.068 10.064 14.160 14.149 14.141 14.141 12.271 11.452 13.383 13.655 10.935 8.923 14.076 9.604 14.059 8.547 14.003 14.037 14.035 10.856 10.011 9.493 9.204 8.606 8.017 7.029 7.648 6.875 6.621 6.845 8.472 8.224 8.447 10.506 13.953 8.280 7.823 8.274 7.154 0.000 0.000 0.000 0.000 0.000 0.000 0.000 0.000 0.000 0.000 0.000 0.000 0.000 0.000 0.000 0.000 0.000 0.000 0.000 0.000 0.000 0.000 0.000 0.000 0.000 0.000 0.000 0.000 0.000 0.000 0.000 0.000
14.236 14.213 9.250 11.073 14.203 10.198 13.240 10.630 10.240 9.566 14.166 14.158 14.146 14.144 11.863 8.740 14.118 14.118 14.088 9.403 14.075 14.062 14.063 13.727 14.042 10.847 9.540 10.093 8.714 8.882 8.457 7.978 13.966 8.177 8.117 8.647 8.483 8.208 8.424 8.474 10.239 8.584 8.639 8.193 7.650 0.000 0.000 0.000 0.000 0.000 0.000 0.000 0.000 0.000 0.000 0.000 0.000 0.000 0.000 0.000 0.000 0.000 0.000 0.000 7.842 8.250 7.900 0.000 0.000 0.000 0.000 0.000 0.000 0.000 0.000 0.000 0.000
9.092 9.242 9.475 14.253 9.041 10.040 13.567 10.267 14.014 10.835 14.175 10.557 9.275 10.712 11.571 9.820 9.815 14.132 13.973 14.112 9.269 8.607 8.991 13.494 14.064 10.448 14.048 10.041 8.870 8.689 8.692 9.097 8.583 13.999 13.985 8.733 8.848 8.297 8.495 13.994 13.975 8.419 8.220 8.451 8.487 0.000 0.000 0.000 0.000 0.000 0.000 0.000 0.000 0.000 0.000 0.000 0.000 0.000 0.000 0.000 7.803 8.569 8.241 8.473 8.289 8.230 7.960 8.254 8.406 8.543 8.435 13.951 8.243 8.634 9.071 13.928 9.090
12.603 14.286 14.500 14.271 9.796 9.918 14.500 9.631 11.422 10.514 14.198 14.227 12.660 11.455 11.526 14.172 10.100 14.162 14.138 13.677 14.116 9.755 9.164 8.875 14.070 14.068 9.729 10.109 8.954 8.666 9.337 9.039 14.012 14.005 8.328 14.010 9.315 8.568 8.481 14.001 8.313 8.473 8.888 8.604 8.526 13.985 8.363 7.369 0.000 0.000 0.000 0.000 0.000 0.000 0.000 0.000 6.970 8.260 8.124 9.270 13.962 8.555 8.273 11.421 13.975 13.967 8.253 13.965 9.566 8.618 8.504 10.613 13.950 8.212 11.841 13.964 13.952
12.301 9.654 14.500 14.280 9.722 14.500 12.040 9.784 11.878 10.350 9.242 14.236 9.300 9.117 14.234 9.575 14.200 14.174 9.632 9.189 14.138 14.126 8.841 9.340 14.089 14.072 9.913 11.627 11.087 14.048 13.090 11.786 14.025 8.466 8.448 9.524 9.061 9.073 8.928 12.708 14.008 9.237 13.998 13.985 13.994 9.246 14.002 8.558 8.932 8.440 7.852 7.382 7.964 8.110 8.478 8.999 9.242 8.605 12.330 10.327 8.351 10.501 8.597 12.079 8.351 13.994 8.442 8.528 10.796 13.976 8.547 13.982 8.141 8.579 10.212 9.902 8.546
11.713 14.325 14.288 14.500 9.189 10.790 14.500 12.082 14.312 14.294 14.280 14.270 9.216 9.322 11.169 14.141 13.592 14.230 9.593 9.581 14.148 9.201 8.887 9.518 8.732 14.096 8.884 12.524 14.067 8.676 14.044 14.040 8.632 9.255 8.527 14.037 8.546 9.542 8.510 14.025 8.843 8.693 14.011 8.391 14.013 12.631 9.864 9.662 14.027 9.616 14.036 14.019 8.603 9.337 14.032 8.531 9.700 8.835 8.474 10.045 8.552 14.036 14.067 14.020 8.755 8.543 14.044 8.563 14.024 8.434 8.640 14.001 8.523 8.320 14.011 14.024 8.856
14.410 9.363 9.249 10.610 14.500 14.500 14.500 14.500 14.340 14.500 12.787 14.276 9.611 14.304 11.909 14.306 9.177 14.250 14.219 14.214 12.852 14.191 8.981 14.137 9.189 14.105 14.097 14.083 12.340 13.670 14.055 8.602 9.538 9.051 9.054 14.052 14.053 14.051 14.045 12.955 8.972 8.714 8.584 8.507 8.638 11.635 14.034 12.852 14.044 9.024 13.187 8.653 14.056 12.681 14.052 8.652 14.050 8.455 10.878 10.191 14.085 8.735 14.081 8.722 14.039 8.676 10.857 10.163 11.066 8.527 10.940 10.090 10.170 14.040 14.024 9.298 8.397
14.451 14.430 14.500 14.500 14.500 14.500 9.296 9.500 9.469 14.500 9.340 9.201 9.969 9.143 14.500 11.724 10.648 10.782 14.248 14.228 10.341 13.383 14.191 10.476 9.027 14.109 14.099 14.090 14.083 8.860 8.695 9.233 9.199 8.721 8.991 9.195 9.618 14.066 8.713 8.969 14.067 14.060 9.149 8.795 9.284 14.074 8.625 8.780 14.058 8.740 14.059 14.061 11.494 10.793 9.031 14.074 13.137 14.066 14.072 11.052 10.063 8.502 13.965 14.080 14.065 8.711 14.085 9.663 10.557 8.594 14.058 12.584 9.465 14.053 8.513 14.055 13.883
14.500 14.500 14.500 14.500 14.500 14.500 10.948 10.989 11.038 10.358 11.123 9.293 10.272 9.384 14.500 14.500 11.566 10.732 9.328 14.256 14.241 14.244 9.766 9.825 14.135 12.278 14.110 8.985 8.765 9.171 8.774 9.508 10.085 8.707 9.908 14.101 14.091 14.080 14.090 8.919 14.081 8.810 14.104 8.747 14.095 14.086 14.068 13.038 13.252 14.086 14.096 14.090 13.799 8.721 9.265 14.107 8.588 9.252 14.091 8.494 10.406 14.142 13.748 8.911 8.648 8.985 10.547 11.667 14.102 9.244 8.498 14.095 14.105 12.685 13.473 14.081 12.150
14.500 14.500 14.500 14.500 14.500 14.500 11.175 11.177 11.182 11.163 11.151 9.378 10.081 9.290 9.337 14.500 9.804 10.470 9.862 10.527 9.150 14.261 14.250 14.220 9.851 14.132 14.116 14.109 9.809 14.091 9.597 9.482 14.083 8.763 8.954 14.112 14.097 14.103 10.427 14.095 10.527 11.592 11.146 9.535 14.119 9.062 14.085 14.100 14.100 8.794 11.665 8.894 12.349 8.881 9.586 14.124 14.139 14.118 8.970 9.057 14.149 14.158 11.959 8.715 8.855 9.145 14.174 11.577 8.626 9.112 8.741 14.126 9.845 10.615 14.142 11.107 14.094
14.500 14.500 14.500 14.500 14.500 14.500 11.415 11.443 11.487 11.510 11.195 10.792 10.731 9.353 14.500 14.500 11.042 11.057 9.748 14.500 14.302 14.279 9.099 14.196 14.175 9.749 14.124 10.348 10.311 8.952 14.112 10.688 10.590 8.838 10.963 14.120 14.119 9.366 14.117 8.852 10.036 9.716 13.746 14.130 14.131 14.125 8.756 9.047 9.111 14.148 14.143 14.150 13.722 14.147 14.177 8.962 14.156 8.976 9.239 9.040 9.054 14.178 14.195 14.196 14.181 9.080 12.225 11.982 14.165 9.223 14.188 12.083 14.188 14.156 14.152 12.019 12.138
14.500 14.500 14.500 14.500 14.500 14.500 11.562 11.540 11.508 9.387 14.397 14.154 14.113 14.438 14.500 14.337 11.285 11.191 9.271 11.904 14.319 10.966 11.070 14.235 14.166 14.155 14.133 10.414 10.465 14.124 14.118 9.097 8.848 14.110 9.620 14.133 9.538 14.131 14.128 9.274 14.152 10.686 14.151 14.151 14.103 8.934 8.869 10.700 14.148 9.096 8.870 14.173 9.043 9.101 9.389 9.084 14.063 12.546 14.201 9.378 9.157 9.343 14.220 10.005 8.950 9.328 14.207 10.022 8.945 9.296 12.493 14.200 14.196 14.189 14.189 11.330 10.165
14.500 14.500 14.500 14.500 14.500 14.335 11.998 12.382 13.059 13.667 13.923 9.405 14.500 14.500 14.500 14.500 14.500 14.500 14.500 14.500 14.338 14.322 9.717 14.229 14.177 9.018 10.954 9.216 8.874 14.500 14.125 9.529 14.128 8.677 9.129 14.148 14.154 12.022 8.914 14.164 9.859 14.167 14.162 14.163 14.178 10.516 10.683 9.871 8.761 14.200 14.198 13.959 14.179 9.092 14.217 9.151 13.581 13.012 12.611 11.157 10.189 8.880 14.243 10.034 14.240 14.237 14.239 9.631 12.824 9.357 11.926 14.221 14.225 9.444 10.378 9.740 11.952
14.500 14.500 14.500 14.500 14.500 14.157 13.653 14.339 14.500 14.500 14.500 14.500 14.500 14.500 14.500 14.500 14.500 14.500 13.733 9.498 9.418 14.274 14.253 14.500 14.183 14.168 14.159 9.164 14.150 14.155 8.891 14.155 9.003 8.782 10.055 14.172 14.166 11.036 14.170 9.791 14.195 14.193 14.170 9.802 10.509 14.192 14.198 14.500 14.246 14.221 12.601 14.211 8.960 10.365 10.438 14.220 14.232 14.241 12.197 14.253 9.838 9.195 14.250 14.287 12.826 10.213 10.067 14.261 9.759 11.067 11.072 9.330 14.240 9.950 10.253 13.979 14.225
