includes/camargue/floodfiles/results_R2_t1.562607662346E12/res.totaltm
ncols         906
nrows         631
xllcorner     362177.146667
yllcorner     6534725.688020
cellsize      20.000000
NODATA_value  -9999.000000
[rows 374 to 407 of 631, columns 308 to 384 of 906]
3.594 10.893 10.429 10.876 0.000 10.886 10.858 4.169 10.828 10.810 10.804 10.761 10.750 1.544 10.701 10.692 10.641 10.601 3.461 10.385 10.312 3.220 0.000 0.000 0.000 1.481 9.818 9.826 9.842 1.475 7.249 3.796 2.213 1.050 9.486 0.381 9.108 9.464 10.156 10.183 10.354 10.431 10.470 10.479 10.293 10.464 10.524 10.222 0.000 9.771 9.737 7.945 9.928 9.902 9.970 9.962 9.988 0.000 10.014 10.050 10.036 10.006 10.001 9.860 9.935 9.888 9.558 0.000 0.000 0.000 0.000 0.000 0.000 0.000 0.000 0.000 0.000
10.919 10.911 9.079 10.879 0.000 10.891 2.826 4.595 10.827 10.819 10.810 10.770 10.760 3.600 10.721 1.792 10.614 1.531 10.384 10.366 10.333 0.000 0.000 9.501 2.151 1.798 9.780 9.788 9.832 3.097 1.206 3.833 0.445 9.491 9.429 9.850 9.909 10.133 10.123 9.956 10.372 10.460 10.477 10.497 10.515 10.488 10.531 0.000 0.000 9.738 9.733 9.636 9.939 9.888 9.982 10.004 10.006 10.045 10.047 10.065 10.051 10.038 10.009 9.992 9.954 3.950 0.000 0.000 0.000 0.000 0.000 0.000 0.000 0.000 0.000 0.000 0.000
3.559 10.923 6.075 10.884 10.902 10.896 10.887 10.874 0.000 10.782 10.791 10.784 10.776 10.748 10.732 10.659 10.651 3.063 10.455 10.392 0.000 10.204 10.195 0.000 9.727 9.736 9.745 9.791 9.802 9.767 0.555 0.720 0.866 9.451 0.000 9.854 9.223 10.300 9.929 10.374 10.296 10.201 10.514 10.510 10.523 10.360 10.558 10.435 0.000 9.731 0.000 9.912 9.982 9.995 9.897 10.015 10.069 10.095 9.941 10.077 10.062 10.054 9.971 0.000 9.875 0.000 0.000 0.000 0.000 0.000 0.000 0.000 0.000 0.000 0.000 0.000 0.000
5.062 10.939 7.164 0.000 10.932 1.274 10.897 10.886 0.000 0.000 10.784 10.777 10.771 2.914 10.726 10.661 10.654 10.478 10.467 10.455 8.512 8.630 2.104 0.000 9.717 9.727 9.736 3.404 5.106 2.044 9.577 1.934 1.082 0.938 9.853 9.890 9.923 10.338 10.426 10.442 10.473 10.530 10.520 10.581 10.528 10.557 10.564 10.429 0.000 9.688 0.000 9.978 9.994 10.010 10.023 10.057 10.055 10.104 10.124 10.111 10.085 10.060 10.048 9.738 0.000 0.000 0.000 0.000 0.000 0.000 0.000 0.000 0.000 0.000 0.000 0.000 0.000
6.996 7.210 10.958 4.181 10.942 10.654 10.904 8.794 10.872 0.000 10.764 10.758 10.764 3.287 10.706 1.973 10.601 0.000 10.454 0.000 0.000 10.202 10.194 10.127 0.000 3.783 9.717 9.708 9.722 5.967 9.591 3.003 0.000 9.569 9.755 9.919 10.212 10.281 10.472 10.185 10.467 10.540 10.520 10.593 0.000 10.342 10.588 10.235 0.000 0.000 9.959 9.979 10.000 10.044 10.058 10.071 10.143 10.154 10.147 10.119 10.088 9.986 9.963 0.000 0.000 0.000 0.000 0.000 0.000 0.000 0.000 0.000 0.000 0.000 0.000 0.000 0.000
11.007 5.328 10.968 7.734 10.952 4.461 10.913 4.403 2.607 0.000 4.239 10.750 10.747 3.011 5.570 3.900 2.529 1.579 0.000 10.225 1.141 10.191 10.178 0.000 0.000 0.000 3.225 2.153 0.990 9.588 0.294 0.000 8.984 9.519 0.000 10.039 10.458 10.474 10.491 10.302 10.611 10.556 10.620 10.606 10.594 10.129 10.594 10.500 0.000 0.000 0.000 8.526 10.027 10.039 10.008 10.142 10.152 10.165 10.156 10.118 10.112 10.024 8.096 0.000 0.000 0.000 0.000 0.000 0.000 0.000 0.000 0.000 0.000 0.000 0.000 0.000 0.000
11.022 10.909 10.979 8.924 7.679 10.952 10.966 10.961 10.948 0.000 0.000 10.740 10.742 3.260 1.188 3.176 10.351 2.289 10.226 10.230 10.225 0.000 1.605 0.000 0.000 0.000 0.000 9.522 0.477 9.574 2.384 1.468 0.000 0.000 0.000 10.145 10.312 10.515 10.511 10.561 10.623 10.647 10.635 10.603 10.047 10.518 10.623 0.000 0.000 0.000 0.000 9.900 10.045 10.121 10.142 10.153 10.165 10.174 10.187 10.172 10.132 0.000 0.000 0.000 0.000 0.000 0.000 0.000 0.000 0.000 0.000 0.000 0.000 0.000 0.000 0.000 0.000
6.435 10.980 10.964 10.984 10.222 4.949 8.284 10.967 10.960 5.216 0.000 10.726 10.734 8.661 3.394 3.608 5.614 10.355 0.000 10.284 2.014 10.079 0.000 0.000 0.000 0.000 0.000 0.000 9.360 0.000 0.000 0.000 0.000 0.000 0.000 10.187 10.230 10.533 10.522 10.624 10.616 10.748 10.597 10.610 10.644 10.649 10.643 0.000 0.000 0.000 0.000 0.000 10.027 10.009 10.078 10.034 10.170 10.189 10.196 10.186 5.675 0.000 0.000 0.000 0.000 0.000 0.000 0.000 0.000 0.000 0.000 0.000 0.000 0.000 0.000 0.000 0.000
8.964 5.584 6.385 10.990 10.992 10.997 10.994 8.680 10.967 0.000 0.000 10.720 10.700 10.633 9.561 7.575 5.094 0.000 10.518 4.859 10.362 0.772 1.110 9.796 0.000 0.000 0.000 0.000 0.000 0.000 0.000 0.000 0.000 0.000 0.000 10.276 10.591 10.549 9.964 10.634 10.782 10.768 10.618 9.801 10.522 10.666 0.000 0.000 0.000 0.000 0.000 0.000 0.854 1.353 10.068 0.000 4.146 10.196 10.203 10.194 5.398 0.000 0.000 0.000 0.000 0.000 0.000 0.000 0.000 0.000 0.000 0.000 0.000 0.000 0.000 0.000 0.000
11.044 11.040 11.015 11.018 11.014 11.009 8.730 5.402 10.952 9.028 0.000 10.705 10.698 2.648 10.513 4.607 0.000 10.532 10.525 10.490 6.856 0.000 0.000 0.000 0.000 0.000 0.000 0.000 0.000 0.000 0.000 0.000 0.000 0.000 10.267 10.662 10.608 10.597 10.624 10.608 10.794 10.672 10.788 10.045 10.694 10.689 0.000 0.000 6.776 10.450 10.451 10.443 0.829 0.000 0.001 0.023 4.259 10.199 10.283 10.264 4.793 0.000 0.000 0.000 0.000 0.000 0.000 0.000 0.000 0.000 0.000 0.000 0.000 0.000 0.000 0.000 0.000
11.056 11.052 11.039 11.032 11.021 11.012 6.420 10.978 10.969 10.945 0.000 10.701 10.692 2.257 3.489 3.212 10.562 10.551 10.418 0.000 0.000 0.000 0.000 0.000 0.000 0.000 0.000 0.000 0.000 0.000 0.000 0.000 0.000 0.000 10.692 10.670 10.662 10.607 10.635 10.573 10.803 0.000 10.797 10.431 10.709 0.000 0.000 0.845 10.415 10.456 10.458 10.454 10.444 10.437 10.423 7.469 10.273 6.334 10.295 10.205 10.004 0.599 0.000 0.000 0.000 0.000 0.000 0.000 0.000 0.000 0.000 0.000 0.000 0.000 0.000 0.000 0.000
11.054 11.049 11.042 11.031 11.025 11.016 10.990 10.985 0.000 10.940 0.000 10.691 10.685 2.545 10.578 10.585 10.567 10.559 0.000 0.000 0.000 0.000 0.000 0.000 0.000 0.000 0.000 0.000 0.000 0.000 0.000 0.000 9.028 10.660 10.726 0.000 10.644 10.778 10.673 10.834 10.827 10.809 10.804 10.747 10.742 0.000 0.000 10.380 10.483 10.487 10.473 10.458 10.452 10.444 10.417 10.401 10.393 10.338 10.323 8.745 4.866 5.826 0.000 0.000 0.000 0.000 0.000 0.000 0.000 0.000 0.000 0.000 0.000 0.000 0.000 0.000 0.000
11.057 11.051 11.043 11.037 11.009 2.669 11.011 4.757 10.934 10.923 0.000 10.683 10.670 5.016 10.615 10.590 10.515 0.000 0.000 0.000 0.000 0.000 0.000 0.000 0.000 9.609 9.670 9.316 9.655 9.706 0.000 0.000 10.677 10.744 10.729 10.708 10.714 10.799 10.599 10.847 10.649 10.749 10.473 10.753 7.979 0.000 10.351 10.520 10.507 10.496 10.486 10.456 10.451 10.408 10.408 10.393 10.379 10.361 8.055 5.640 5.078 10.090 0.000 0.000 0.000 0.000 0.000 0.000 0.000 0.000 0.000 0.000 0.000 0.000 0.000 0.000 0.000
11.067 11.053 11.046 11.050 7.822 11.055 11.015 11.002 5.578 10.935 0.000 4.299 10.647 10.639 10.620 10.478 10.461 0.000 0.000 0.000 0.000 0.000 0.000 9.044 9.876 9.700 10.553 10.635 10.649 10.665 10.683 10.762 10.757 10.752 10.720 10.795 10.720 10.813 10.835 10.864 10.712 10.838 10.782 10.782 0.000 0.000 10.527 10.529 10.529 10.482 10.477 10.459 10.455 10.425 10.339 10.353 10.362 10.273 0.000 10.135 0.000 0.000 0.000 0.000 0.000 0.000 0.000 0.000 0.000 0.000 0.000 0.000 0.000 0.000 0.000 0.000 0.000
11.073 11.061 11.061 11.066 11.064 11.060 10.993 7.867 10.960 0.000 0.000 10.379 3.012 10.615 10.588 10.570 0.000 0.000 0.000 0.000 0.000 0.000 9.865 9.531 9.937 10.172 10.258 9.471 9.934 10.800 10.568 10.815 10.761 10.757 10.680 10.814 10.817 10.826 10.559 10.869 10.864 10.843 10.806 10.792 0.000 10.514 10.534 10.539 10.537 10.525 10.518 10.497 10.490 10.445 10.428 10.337 10.316 10.264 2.037 9.409 7.599 0.000 0.000 0.000 0.000 0.000 0.000 0.000 0.000 0.000 0.000 0.000 0.000 0.000 0.000 0.000 0.000
8.466 6.880 11.081 11.072 11.070 11.067 11.060 0.000 0.000 0.000 0.000 0.000 10.598 10.607 5.316 10.559 2.762 0.000 0.000 0.000 0.000 0.000 9.877 9.888 9.941 10.158 9.491 0.000 10.807 10.850 10.825 10.825 10.774 10.770 10.764 10.821 10.709 10.927 10.885 10.924 10.668 10.837 10.795 0.000 0.000 10.545 10.554 10.550 10.543 10.534 10.478 10.490 10.474 10.426 10.412 7.681 10.286 3.427 10.038 0.861 7.472 0.000 0.000 0.000 0.000 0.000 0.000 0.000 0.000 0.000 0.000 0.000 0.000 0.000 0.000 0.000 0.000
11.137 4.467 11.087 11.091 11.080 11.071 0.000 0.000 10.466 10.474 0.000 10.559 10.571 10.584 1.448 0.000 2.576 0.000 0.000 0.000 0.000 0.000 0.000 9.998 10.090 10.140 0.000 10.902 10.869 10.862 10.840 10.832 10.825 10.693 10.859 10.922 10.938 10.943 10.014 10.927 10.933 10.790 10.735 0.000 10.320 10.579 10.568 10.567 10.561 10.540 10.504 10.501 10.463 10.441 10.366 10.320 5.073 1.082 1.804 9.868 7.556 0.000 0.000 0.000 0.000 0.000 0.000 0.000 0.000 0.000 0.000 0.000 0.000 0.000 0.000 0.000 0.000
11.150 11.144 11.103 11.098 0.000 0.000 0.000 10.365 10.374 10.517 10.528 10.535 10.533 2.151 10.336 10.306 6.531 0.000 0.000 0.000 0.000 0.000 0.000 0.000 8.555 0.000 10.961 10.970 10.978 10.846 10.907 10.796 10.929 10.954 10.893 10.638 10.949 10.956 11.008 11.007 10.937 10.845 0.000 0.000 10.582 10.588 10.578 10.577 10.569 10.546 10.542 10.517 10.475 10.444 10.410 4.557 1.144 2.849 1.725 0.000 0.000 0.000 0.000 0.000 0.000 0.000 0.000 0.000 0.000 0.000 0.000 0.000 0.000 0.000 0.000 0.000 0.000
8.974 11.126 11.105 0.000 0.000 10.298 10.305 10.336 10.365 10.373 2.726 10.517 0.000 10.358 10.344 2.300 10.196 1.851 5.247 9.892 9.817 3.442 9.628 0.000 0.000 0.000 10.941 10.883 11.027 11.031 10.917 10.810 10.966 10.994 9.497 9.238 10.959 2.245 11.020 11.019 10.991 0.000 0.000 0.000 10.593 10.597 10.589 10.588 10.577 10.567 10.558 10.524 10.491 10.472 10.318 10.298 7.621 10.188 4.861 0.000 0.000 0.000 0.000 0.000 0.000 0.000 0.000 0.000 0.000 0.000 0.000 0.000 0.000 0.000 0.000 0.000 0.000
0.000 0.000 0.000 0.000 10.268 10.287 10.294 10.320 10.333 10.369 10.466 10.506 10.396 10.384 2.415 2.264 3.745 0.000 9.945 9.865 9.880 0.000 9.654 0.000 0.000 0.000 0.000 0.000 11.034 11.039 11.082 11.093 10.807 11.031 11.002 10.883 0.751 11.026 11.030 2.765 0.032 0.000 0.000 10.649 10.642 10.648 10.615 10.602 10.595 10.575 10.564 10.531 10.515 10.433 10.404 10.331 10.255 3.416 2.801 0.000 0.000 0.000 0.000 0.000 0.000 0.000 0.000 0.000 0.000 0.000 0.000 0.000 0.000 0.000 0.000 0.000 0.000
0.000 10.153 10.218 10.228 10.237 10.255 10.275 5.783 7.757 10.434 10.469 10.481 10.430 0.000 0.000 4.238 5.846 10.089 9.955 9.946 9.887 9.829 6.945 0.000 9.306 0.000 9.206 0.000 0.000 0.000 10.917 11.106 11.121 11.050 11.019 0.240 11.065 11.034 11.044 3.627 0.434 0.000 0.000 10.655 10.666 10.658 10.650 10.608 10.601 10.589 10.558 10.494 10.455 10.435 10.286 10.268 9.782 7.761 2.554 0.000 0.000 0.000 0.000 0.000 0.000 0.000 0.000 0.000 0.000 0.000 0.000 0.000 0.000 0.000 0.000 0.000 0.000
10.039 10.119 10.146 10.221 10.228 10.232 10.245 10.236 2.794 10.368 10.406 7.604 0.000 10.259 10.167 0.000 10.090 10.073 9.932 9.799 0.000 3.136 0.000 9.308 9.330 9.558 9.615 9.619 9.435 0.000 0.000 11.124 11.130 11.121 1.300 11.072 11.077 1.889 2.017 11.070 3.252 0.000 10.595 10.697 10.677 10.668 10.661 10.597 10.580 10.552 10.547 10.506 10.437 10.406 10.313 10.265 6.861 2.015 0.000 0.000 0.000 0.000 0.000 0.000 0.000 0.000 0.000 0.000 0.000 0.000 0.000 0.000 0.000 0.000 0.000 0.000 0.000
10.171 10.180 10.196 10.209 10.220 10.225 10.226 10.199 7.806 3.429 10.389 10.376 10.335 10.326 10.313 10.298 10.097 10.078 0.000 0.000 9.366 9.443 9.256 9.278 0.000 9.667 9.660 9.651 9.595 0.000 0.000 11.130 2.143 2.639 1.349 11.107 3.055 2.047 11.096 11.085 0.705 0.000 10.698 10.705 10.699 10.692 10.610 10.613 10.583 10.576 10.544 10.403 10.396 10.284 4.391 0.000 6.290 1.474 0.000 0.000 0.000 0.000 0.000 0.000 0.000 0.000 0.000 0.000 0.000 0.000 0.000 0.000 0.000 0.000 0.000 0.000 0.000
10.051 10.176 10.184 10.182 10.067 7.525 10.216 10.189 5.487 10.312 10.375 5.982 10.326 10.311 10.280 10.117 2.333 0.000 9.593 9.615 9.589 9.560 9.532 0.000 9.705 9.697 9.428 9.160 9.483 9.471 0.000 0.000 11.158 1.889 0.322 11.134 11.125 2.446 8.837 11.095 0.000 10.593 10.704 10.713 10.705 10.698 10.638 10.627 10.578 10.566 10.511 10.466 10.295 5.361 2.200 0.000 0.000 0.000 0.000 0.000 0.000 0.000 0.000 0.000 0.000 0.000 0.000 0.000 0.000 0.000 0.000 0.000 0.000 0.000 0.000 0.000 0.000
10.124 10.165 10.176 10.175 10.183 10.209 10.232 10.209 10.311 10.317 10.365 10.192 10.311 10.219 10.267 10.178 10.169 3.475 0.000 9.917 0.000 0.000 9.649 9.771 9.762 0.000 9.239 0.000 9.471 7.167 9.006 0.000 4.509 3.269 6.229 2.247 11.186 10.150 11.123 1.605 0.000 10.798 4.588 10.720 10.713 10.697 10.687 10.588 10.584 10.564 7.617 6.396 10.349 10.338 7.955 0.675 0.000 0.000 0.000 0.000 0.000 0.000 0.000 0.000 0.000 0.000 0.000 0.000 0.000 0.000 0.000 0.000 0.000 0.000 0.000 0.000 0.000
10.118 10.136 10.107 10.136 7.114 10.232 10.241 10.278 10.285 10.311 9.786 10.176 0.000 10.022 0.000 10.137 10.155 10.132 9.962 9.949 9.929 9.906 9.870 9.856 0.000 9.128 9.221 9.226 9.248 9.225 0.000 0.000 11.205 3.766 11.267 4.679 3.442 11.184 3.743 1.154 6.282 10.827 10.171 10.726 10.714 10.708 10.668 10.630 10.621 10.568 10.514 4.084 7.099 10.368 1.835 10.118 0.000 0.000 0.000 0.000 0.000 0.000 0.000 0.000 0.000 0.000 0.000 0.000 0.000 0.000 0.000 0.000 0.000 0.000 0.000 0.000 0.000
10.044 10.119 10.112 7.805 10.107 10.223 9.719 10.231 10.279 0.000 10.125 0.000 9.971 2.898 10.111 10.127 8.028 10.106 10.099 9.948 9.927 9.904 9.875 0.000 9.068 9.117 0.000 9.109 9.209 0.000 0.000 11.184 11.209 4.413 11.284 11.230 1.789 3.395 0.000 1.459 10.829 2.557 10.658 10.850 10.754 10.670 10.682 10.669 10.623 10.583 10.547 10.516 5.945 10.392 6.939 4.283 2.544 0.000 0.000 0.000 0.000 0.000 0.000 0.000 0.000 0.000 0.000 0.000 0.000 0.000 0.000 0.000 0.000 0.000 0.000 0.000 0.000
10.050 10.110 7.870 10.119 10.153 10.179 10.189 10.221 10.209 10.197 0.000 6.977 9.987 9.999 10.064 0.000 9.283 5.652 10.071 10.065 5.895 9.585 9.794 3.168 8.964 3.220 8.963 9.138 9.177 0.000 11.230 3.575 11.209 3.344 11.300 11.242 3.140 1.054 1.464 10.870 0.000 0.000 3.335 10.915 10.742 10.723 10.696 10.680 10.607 10.598 10.572 10.540 10.484 5.113 3.640 2.173 0.000 0.000 0.000 0.000 0.000 0.000 0.000 0.000 0.000 0.000 0.000 0.000 0.000 0.000 0.000 0.000 0.000 0.000 0.000 0.000 0.000
9.956 10.098 6.547 10.110 10.031 10.133 10.169 10.212 10.196 4.363 0.000 1.932 9.991 10.031 10.050 1.530 9.791 9.603 0.000 8.717 9.833 9.798 9.480 2.647 2.710 1.777 8.861 8.971 0.000 0.000 11.236 8.743 6.420 11.325 11.303 3.547 2.999 1.694 0.000 0.000 1.838 0.000 10.966 10.938 10.751 10.738 10.718 10.680 10.666 10.647 8.743 8.238 4.568 2.796 0.000 1.274 1.088 0.000 0.000 0.000 0.000 0.000 0.000 0.000 0.000 0.000 0.000 0.000 0.000 0.000 0.000 0.000 0.000 0.000 0.000 0.000 0.000
3.070 10.045 5.646 0.000 10.108 10.121 10.095 10.143 0.000 0.000 8.100 8.146 0.000 10.017 0.000 9.571 9.759 0.000 0.000 1.763 0.000 2.000 9.463 9.444 7.182 9.054 8.941 8.955 0.000 11.243 11.252 3.698 3.855 11.329 11.322 4.243 11.203 2.122 1.504 1.833 10.352 11.019 10.989 10.970 10.795 5.035 10.721 10.709 5.075 10.619 10.599 10.540 10.526 3.068 1.580 0.000 0.000 0.000 0.000 0.000 0.000 0.000 0.000 0.000 0.000 0.000 0.000 0.000 0.000 0.000 0.000 0.000 0.000 0.000 0.000 0.000 0.000
10.028 10.035 9.601 10.067 10.087 0.000 10.086 0.000 8.041 7.992 7.744 0.660 0.000 10.009 0.000 0.000 9.679 9.655 9.477 0.000 1.243 7.915 0.000 0.000 5.049 5.219 8.915 8.942 0.000 0.000 11.296 3.458 11.335 11.332 11.322 6.401 2.389 11.132 9.535 5.441 8.090 3.027 10.818 10.936 10.856 10.777 10.764 10.729 10.681 9.643 6.507 10.575 2.356 2.477 0.000 0.000 0.000 0.000 0.000 0.000 0.000 0.000 0.000 0.000 0.000 0.000 0.000 0.000 0.000 0.000 0.000 0.000 0.000 0.000 0.000 0.000 0.000
9.927 2.481 10.049 10.058 0.000 8.959 0.172 8.171 8.106 0.000 0.000 7.746 9.864 9.998 0.000 9.844 0.000 0.000 9.458 9.341 9.127 0.000 4.286 3.431 0.000 0.000 0.000 8.864 8.854 0.000 9.148 11.382 11.379 4.614 11.251 0.951 11.132 2.434 11.101 10.548 5.472 10.967 10.955 10.870 10.799 10.777 10.705 10.693 4.646 3.149 10.620 10.601 4.762 4.021 2.730 0.000 0.000 0.000 0.000 0.000 0.000 0.000 0.000 0.000 0.000 0.000 0.000 0.000 0.000 0.000 0.000 0.000 0.000 0.000 0.000 0.000 0.000
9.902 10.012 10.019 0.000 9.088 8.706 8.933 8.385 0.000 2.062 2.513 9.810 9.971 9.979 0.000 9.862 1.275 8.301 2.364 0.000 9.109 9.088 8.912 0.000 0.000 4.272 8.627 6.234 0.000 0.000 10.037 11.400 11.328 11.319 4.327 1.116 9.534 11.100 11.095 11.071 11.037 10.994 10.903 10.814 10.794 10.775 10.744 10.733 10.699 10.674 5.439 10.620 10.594 10.267 1.801 0.000 0.000 0.000 0.000 0.000 0.000 0.000 0.000 0.000 0.000 0.000 0.000 0.000 0.000 0.000 0.000 0.000 0.000 0.000 0.000 0.000 0.000
9.987 9.994 0.000 9.339 9.313 0.000 8.826 8.584 0.000 0.000 2.463 0.000 9.961 9.895 9.886 9.876 9.851 3.316 6.695 2.410 0.000 0.000 8.902 8.891 8.849 8.508 8.602 2.341 0.000 11.359 11.433 11.428 4.499 11.310 2.238 1.574 2.672 11.092 11.083 11.074 11.062 11.038 10.857 7.948 10.800 10.771 10.755 10.705 10.670 10.658 10.642 5.191 4.625 2.560 0.000 0.000 0.000 0.000 0.000 0.000 0.000 0.000 0.000 0.000 0.000 0.000 0.000 0.000 0.000 0.000 0.000 0.000 0.000 0.000 0.000 0.000 0.000
