includes/camargue/floodfiles/results_R2_t1.562607662346E12/res.max
ncols         906
nrows         631
xllcorner     362177.146667
yllcorner     6534725.688020
cellsize      20.000000
NODATA_value  -9999.000000
[rows 510 to 543 of 631, columns 770 to 846 of 906]
14.002 14.206 14.410 14.614 14.818 15.022 15.226 15.430 15.634 15.837 16.033 15.965 15.896 15.828 15.760 15.691 15.629 15.589 15.549 15.509 15.469 15.429 15.389 15.348 15.324 15.303 15.283 15.262 15.243 15.222 15.202 15.182 15.161 15.141 15.120 15.100 15.079 15.115 15.190 15.265 15.342 15.417 15.492 15.567 15.643 15.718 15.793 15.869 15.944 16.019 16.070 16.067 16.063 16.060 16.057 16.054 16.051 16.047 16.044 16.042 16.041 16.040 16.039 16.037 16.036 16.039 16.047 16.055 16.062 16.070 16.062 16.053 16.044 16.034 16.025 16.016 16.006
13.985 14.189 14.393 14.597 14.801 15.005 15.209 15.413 15.617 15.821 15.976 15.907 15.839 15.771 15.702 15.634 15.566 15.497 15.456 15.416 15.376 15.336 15.296 15.255 15.235 15.215 15.195 15.174 15.154 15.133 15.113 15.092 15.072 15.052 15.036 15.037 15.038 15.105 15.182 15.257 15.333 15.408 15.483 15.559 15.634 15.709 15.785 15.860 15.935 16.010 16.048 16.044 16.041 16.037 16.034 16.031 16.027 16.024 16.021 16.017 16.014 16.013 16.012 16.011 16.010 16.012 16.019 16.027 16.035 16.028 16.019 16.009 16.000 15.991 15.981 15.972 15.963
13.969 14.172 14.376 14.581 14.785 14.989 15.192 15.396 15.600 15.803 15.917 15.849 15.781 15.712 15.644 15.576 15.508 15.440 15.371 15.324 15.284 15.244 15.204 15.167 15.147 15.126 15.106 15.085 15.065 15.044 15.024 15.003 15.004 15.005 15.007 15.008 15.013 15.092 15.171 15.249 15.324 15.399 15.475 15.550 15.625 15.701 15.777 15.852 15.927 16.003 16.024 16.021 16.017 16.014 16.011 16.007 16.004 16.000 15.997 15.994 15.990 15.987 15.986 15.985 15.984 15.985 15.993 16.000 15.994 15.985 15.976 15.966 15.957 15.948 15.938 15.929 15.920
13.952 14.156 14.359 14.563 14.767 14.971 15.175 15.379 15.583 15.787 15.860 15.792 15.723 15.655 15.586 15.518 15.450 15.381 15.313 15.245 15.191 15.151 15.111 15.078 15.059 15.038 15.018 14.997 14.977 14.972 14.973 14.974 14.975 14.975 14.976 14.977 15.000 15.079 15.158 15.237 15.315 15.391 15.467 15.542 15.617 15.693 15.768 15.843 15.918 15.994 16.001 15.997 15.994 15.990 15.987 15.984 15.981 15.978 15.975 15.971 15.968 15.965 15.961 15.958 15.957 15.958 15.965 15.960 15.951 15.941 15.932 15.923 15.913 15.904 15.895 15.885 15.876
13.935 14.139 14.342 14.546 14.750 14.954 15.158 15.362 15.566 15.770 15.803 15.734 15.666 15.597 15.529 15.461 15.392 15.324 15.256 15.187 15.119 15.059 15.019 14.990 14.969 14.949 14.939 14.940 14.941 14.942 14.943 14.943 14.944 14.945 14.946 14.948 14.988 15.067 15.146 15.225 15.304 15.383 15.458 15.533 15.608 15.684 15.759 15.834 15.910 15.980 15.977 15.975 15.971 15.968 15.965 15.961 15.958 15.954 15.951 15.948 15.944 15.941 15.938 15.934 15.931 15.930 15.926 15.916 15.907 15.898 15.888 15.879 15.870 15.860 15.851 15.842 15.832
13.918 14.122 14.326 14.530 14.734 14.938 15.142 15.345 15.549 15.753 15.744 15.676 15.607 15.540 15.472 15.403 15.335 15.266 15.198 15.130 15.061 14.993 14.927 14.908 14.908 14.909 14.910 14.911 14.912 14.912 14.913 14.914 14.915 14.916 14.916 14.917 14.975 15.054 15.133 15.212 15.291 15.370 15.449 15.524 15.600 15.675 15.750 15.827 15.902 15.958 15.955 15.951 15.948 15.944 15.941 15.938 15.934 15.931 15.928 15.924 15.921 15.918 15.914 15.911 15.900 15.893 15.886 15.876 15.866 15.856 15.846 15.836 15.827 15.818 15.808 15.799 15.790
13.922 14.105 14.309 14.513 14.716 14.920 15.124 15.328 15.532 15.736 15.687 15.618 15.550 15.482 15.413 15.345 15.276 15.208 15.140 15.072 15.004 14.948 14.894 14.879 14.879 14.880 14.881 14.881 14.882 14.883 14.884 14.885 14.885 14.886 14.887 14.888 14.963 15.042 15.121 15.200 15.279 15.358 15.437 15.516 15.592 15.667 15.742 15.818 15.893 15.934 15.931 15.928 15.924 15.921 15.918 15.914 15.911 15.907 15.905 15.902 15.898 15.888 15.876 15.865 15.854 15.850 15.847 15.837 15.828 15.818 15.808 15.798 15.788 15.778 15.768 15.758 15.749
13.965 14.132 14.299 14.496 14.700 14.904 15.108 15.312 15.516 15.698 15.629 15.561 15.492 15.424 15.356 15.287 15.219 15.151 15.086 15.033 14.980 14.926 14.880 14.866 14.852 14.849 14.850 14.852 14.853 14.853 14.854 14.855 14.856 14.857 14.857 14.872 14.951 15.030 15.109 15.188 15.267 15.346 15.425 15.504 15.583 15.659 15.735 15.810 15.885 15.912 15.909 15.905 15.902 15.898 15.895 15.892 15.888 15.885 15.874 15.863 15.852 15.841 15.830 15.819 15.808 15.807 15.805 15.800 15.790 15.780 15.771 15.761 15.751 15.741 15.731 15.721 15.711
14.008 14.175 14.343 14.510 14.683 14.887 15.091 15.295 15.499 15.640 15.572 15.503 15.435 15.367 15.298 15.230 15.173 15.120 15.066 15.013 14.959 14.906 14.867 14.853 14.839 14.825 14.821 14.821 14.822 14.823 14.824 14.825 14.825 14.826 14.827 14.859 14.938 15.017 15.096 15.175 15.254 15.333 15.412 15.492 15.570 15.649 15.726 15.801 15.876 15.888 15.885 15.883 15.879 15.876 15.872 15.861 15.850 15.839 15.828 15.817 15.806 15.795 15.784 15.773 15.766 15.765 15.763 15.762 15.752 15.742 15.732 15.722 15.713 15.703 15.693 15.683 15.673
14.052 14.219 14.386 14.553 14.720 14.887 15.075 15.279 15.483 15.583 15.514 15.446 15.378 15.313 15.259 15.206 15.153 15.099 15.046 14.992 14.939 14.886 14.855 14.841 14.827 14.813 14.799 14.792 14.793 14.794 14.794 14.795 14.796 14.797 14.798 14.847 14.926 15.005 15.084 15.163 15.242 15.321 15.400 15.479 15.558 15.637 15.716 15.793 15.869 15.866 15.863 15.858 15.847 15.836 15.825 15.815 15.804 15.793 15.782 15.771 15.760 15.749 15.738 15.727 15.724 15.723 15.721 15.720 15.715 15.705 15.695 15.685 15.675 15.665 15.656 15.646 15.636
14.095 14.262 14.429 14.596 14.763 14.930 15.097 15.264 15.465 15.524 15.456 15.398 15.345 15.292 15.238 15.185 15.131 15.078 15.025 14.972 14.919 14.865 14.842 14.828 14.814 14.800 14.786 14.772 14.763 14.764 14.765 14.766 14.767 14.767 14.768 14.835 14.914 14.993 15.072 15.151 15.230 15.309 15.388 15.467 15.546 15.624 15.703 15.782 15.846 15.835 15.824 15.813 15.802 15.790 15.779 15.768 15.757 15.746 15.736 15.725 15.714 15.703 15.692 15.683 15.682 15.680 15.679 15.677 15.676 15.668 15.658 15.648 15.638 15.628 15.618 15.608 15.599
14.139 14.306 14.473 14.639 14.806 14.974 15.141 15.308 15.473 15.485 15.431 15.378 15.325 15.271 15.218 15.164 15.111 15.058 15.004 14.951 14.897 14.844 14.828 14.814 14.801 14.787 14.773 14.760 14.746 14.735 14.735 14.736 14.737 14.738 14.744 14.823 14.902 14.981 15.060 15.139 15.218 15.297 15.376 15.454 15.533 15.613 15.695 15.777 15.809 15.789 15.778 15.767 15.756 15.745 15.734 15.723 15.712 15.700 15.689 15.678 15.668 15.657 15.646 15.641 15.640 15.638 15.637 15.635 15.634 15.630 15.621 15.611 15.601 15.591 15.581 15.571 15.561
14.182 14.349 14.516 14.683 14.850 15.017 15.184 15.296 15.381 15.408 15.411 15.358 15.304 15.251 15.197 15.144 15.091 15.037 14.984 14.930 14.877 14.830 14.816 14.802 14.788 14.774 14.760 14.746 14.732 14.718 14.705 14.706 14.707 14.707 14.731 14.810 14.889 14.968 15.048 15.127 15.206 15.284 15.365 15.446 15.528 15.610 15.692 15.774 15.775 15.751 15.732 15.721 15.710 15.699 15.688 15.677 15.666 15.655 15.644 15.633 15.622 15.610 15.600 15.598 15.598 15.596 15.594 15.593 15.591 15.590 15.583 15.573 15.564 15.554 15.544 15.534 15.524
14.225 14.392 14.559 14.727 14.894 15.033 15.118 15.204 15.290 15.308 15.316 15.324 15.284 15.231 15.177 15.124 15.070 15.017 14.964 14.910 14.857 14.817 14.803 14.789 14.775 14.761 14.748 14.734 14.720 14.706 14.692 14.678 14.677 14.678 14.719 14.798 14.877 14.956 15.034 15.115 15.197 15.279 15.361 15.443 15.525 15.607 15.688 15.764 15.741 15.717 15.694 15.675 15.664 15.653 15.642 15.631 15.620 15.609 15.598 15.587 15.576 15.565 15.557 15.556 15.554 15.553 15.551 15.550 15.548 15.547 15.546 15.536 15.526 15.516 15.507 15.497 15.487
14.269 14.436 14.603 14.770 14.855 14.941 15.027 15.112 15.198 15.209 15.217 15.225 15.233 15.210 15.157 15.103 15.050 14.997 14.943 14.890 14.836 14.805 14.791 14.777 14.763 14.749 14.735 14.721 14.707 14.693 14.679 14.665 14.652 14.648 14.707 14.786 14.866 14.948 15.030 15.112 15.194 15.276 15.358 15.440 15.522 15.604 15.686 15.730 15.706 15.682 15.659 15.636 15.618 15.607 15.596 15.585 15.574 15.563 15.552 15.541 15.530 15.519 15.515 15.514 15.512 15.511 15.509 15.508 15.506 15.505 15.503 15.498 15.488 15.478 15.468 15.458 15.449
14.312 14.479 14.592 14.678 14.763 14.849 14.935 15.020 15.102 15.110 15.118 15.126 15.134 15.142 15.137 15.083 15.030 14.976 14.923 14.869 14.816 14.792 14.778 14.764 14.750 14.736 14.722 14.708 14.695 14.681 14.667 14.653 14.639 14.637 14.700 14.782 14.863 14.945 15.027 15.109 15.191 15.273 15.355 15.437 15.519 15.601 15.683 15.696 15.672 15.648 15.625 15.601 15.577 15.561 15.550 15.539 15.528 15.517 15.506 15.495 15.484 15.474 15.473 15.471 15.470 15.468 15.467 15.465 15.464 15.462 15.461 15.459 15.451 15.441 15.431 15.421 15.411
14.329 14.414 14.500 14.585 14.671 14.756 14.842 14.928 15.002 15.010 15.018 15.026 15.034 15.042 15.050 15.058 15.008 14.955 14.902 14.848 14.795 14.778 14.764 14.751 14.737 14.723 14.709 14.695 14.681 14.667 14.664 14.667 14.670 14.681 14.715 14.779 14.861 14.943 15.025 15.106 15.188 15.270 15.352 15.434 15.516 15.598 15.680 15.662 15.638 15.614 15.591 15.567 15.543 15.519 15.503 15.492 15.481 15.471 15.460 15.449 15.438 15.432 15.431 15.429 15.428 15.426 15.425 15.423 15.422 15.420 15.419 15.417 15.414 15.404 15.394 15.384 15.374
14.237 14.322 14.408 14.494 14.579 14.665 14.750 14.836 14.902 14.910 14.918 14.926 14.934 14.942 14.950 14.958 14.966 14.935 14.881 14.828 14.780 14.766 14.752 14.738 14.724 14.710 14.696 14.692 14.696 14.699 14.702 14.705 14.708 14.727 14.760 14.794 14.857 14.939 15.021 15.103 15.185 15.267 15.348 15.430 15.513 15.595 15.652 15.628 15.604 15.580 15.557 15.533 15.509 15.485 15.462 15.446 15.435 15.424 15.413 15.402 15.392 15.390 15.389 15.387 15.386 15.384 15.383 15.381 15.379 15.378 15.376 15.375 15.373 15.366 15.357 15.347 15.362
14.145 14.230 14.316 14.402 14.487 14.573 14.658 14.744 14.803 14.811 14.819 14.827 14.835 14.843 14.851 14.859 14.867 14.875 14.861 14.807 14.767 14.753 14.739 14.725 14.721 14.724 14.727 14.730 14.733 14.737 14.740 14.743 14.746 14.773 14.806 14.840 14.873 14.936 15.018 15.100 15.182 15.264 15.346 15.428 15.510 15.591 15.617 15.593 15.570 15.546 15.523 15.499 15.475 15.451 15.428 15.404 15.390 15.379 15.368 15.356 15.348 15.347 15.345 15.345 15.343 15.342 15.340 15.339 15.337 15.336 15.334 15.333 15.331 15.329 15.319 15.309 15.375
14.053 14.139 14.224 14.310 14.395 14.481 14.567 14.652 14.704 14.712 14.720 14.728 14.736 14.744 14.752 14.760 14.768 14.776 14.784 14.787 14.754 14.749 14.752 14.755 14.759 14.762 14.765 14.768 14.771 14.774 14.778 14.781 14.785 14.819 14.852 14.886 14.919 14.953 15.015 15.097 15.179 15.261 15.343 15.425 15.507 15.589 15.583 15.559 15.535 15.512 15.488 15.465 15.441 15.417 15.394 15.370 15.346 15.333 15.322 15.311 15.306 15.305 15.303 15.302 15.300 15.299 15.297 15.297 15.295 15.294 15.292 15.291 15.289 15.288 15.282 15.319 15.388
13.961 14.047 14.132 14.218 14.303 14.389 14.475 14.560 14.605 14.613 14.621 14.629 14.637 14.645 14.653 14.661 14.669 14.677 14.690 14.724 14.780 14.787 14.790 14.793 14.796 14.800 14.803 14.806 14.809 14.812 14.816 14.819 14.831 14.865 14.898 14.932 14.965 14.999 15.033 15.094 15.176 15.258 15.340 15.422 15.504 15.573 15.549 15.525 15.501 15.478 15.454 15.430 15.406 15.382 15.360 15.336 15.312 15.288 15.276 15.266 15.264 15.263 15.261 15.259 15.258 15.256 15.255 15.253 15.252 15.250 15.249 15.247 15.257 15.273 15.297 15.362 15.428
13.885 13.961 14.040 14.126 14.212 14.297 14.383 14.468 14.505 14.513 14.521 14.529 14.537 14.545 14.553 14.561 14.590 14.623 14.657 14.690 14.753 14.817 14.828 14.831 14.834 14.836 14.840 14.843 14.846 14.849 14.852 14.856 14.876 14.910 14.943 14.977 15.011 15.045 15.079 15.112 15.173 15.255 15.337 15.419 15.501 15.539 15.515 15.491 15.467 15.444 15.420 15.396 15.372 15.348 15.325 15.301 15.277 15.254 15.230 15.223 15.222 15.220 15.219 15.234 15.248 15.263 15.277 15.292 15.306 15.321 15.336 15.350 15.365 15.379 15.427 15.491 15.557
13.808 13.885 13.961 14.038 14.120 14.205 14.291 14.376 14.406 14.414 14.422 14.430 14.438 14.455 14.489 14.522 14.556 14.590 14.622 14.663 14.726 14.790 14.854 14.868 14.871 14.874 14.878 14.881 14.884 14.887 14.890 14.893 14.922 14.956 14.989 15.023 15.056 15.090 15.124 15.157 15.191 15.252 15.334 15.416 15.498 15.505 15.481 15.457 15.433 15.410 15.386 15.362 15.338 15.314 15.291 15.267 15.246 15.241 15.236 15.282 15.297 15.312 15.326 15.341 15.356 15.370 15.385 15.399 15.414 15.428 15.443 15.457 15.472 15.495 15.559 15.622 15.687
13.732 13.808 13.885 13.961 14.038 14.114 14.199 14.284 14.306 14.314 14.322 14.355 14.388 14.422 14.455 14.488 14.522 14.555 14.588 14.636 14.700 14.764 14.827 14.891 14.909 14.912 14.915 14.919 14.922 14.925 14.928 14.935 14.968 15.002 15.035 15.069 15.102 15.136 15.170 15.203 15.237 15.270 15.331 15.412 15.494 15.470 15.447 15.423 15.399 15.376 15.352 15.328 15.311 15.306 15.300 15.295 15.290 15.284 15.294 15.360 15.404 15.418 15.433 15.447 15.463 15.477 15.492 15.507 15.521 15.536 15.550 15.565 15.579 15.627 15.690 15.754 15.818
13.656 13.732 13.808 13.885 13.961 14.038 14.114 14.193 14.221 14.254 14.288 14.321 14.354 14.388 14.421 14.455 14.488 14.522 14.555 14.610 14.674 14.737 14.801 14.865 14.929 14.950 14.953 14.956 14.960 14.963 14.966 14.981 15.014 15.048 15.081 15.115 15.149 15.182 15.216 15.249 15.283 15.316 15.350 15.410 15.460 15.436 15.412 15.388 15.375 15.370 15.365 15.360 15.355 15.349 15.344 15.338 15.333 15.328 15.364 15.430 15.495 15.525 15.540 15.555 15.569 15.584 15.598 15.613 15.628 15.643 15.657 15.672 15.695 15.759 15.822 15.885 15.949
13.579 13.656 13.732 13.809 13.885 13.961 14.037 14.113 14.187 14.220 14.254 14.287 14.321 14.354 14.388 14.421 14.455 14.488 14.521 14.584 14.648 14.711 14.775 14.839 14.902 14.966 14.991 14.994 14.998 15.001 15.004 15.027 15.060 15.094 15.127 15.161 15.195 15.228 15.262 15.295 15.329 15.362 15.396 15.429 15.440 15.434 15.429 15.424 15.418 15.413 15.408 15.402 15.397 15.393 15.387 15.382 15.376 15.371 15.434 15.499 15.565 15.631 15.647 15.662 15.676 15.691 15.706 15.720 15.735 15.749 15.764 15.778 15.826 15.889 15.952 16.016 16.079
13.503 13.579 13.656 13.732 13.808 13.884 13.960 14.035 14.109 14.183 14.220 14.254 14.287 14.320 14.354 14.387 14.421 14.454 14.494 14.558 14.621 14.685 14.749 14.812 14.876 14.940 15.004 15.032 15.035 15.039 15.042 15.073 15.106 15.140 15.173 15.207 15.241 15.274 15.308 15.341 15.366 15.382 15.397 15.413 15.464 15.478 15.472 15.467 15.462 15.456 15.451 15.446 15.440 15.435 15.430 15.424 15.419 15.438 15.504 15.569 15.635 15.700 15.755 15.769 15.784 15.798 15.813 15.827 15.842 15.856 15.871 15.894 15.957 16.021 16.084 16.147 16.211
13.427 13.503 13.579 13.655 13.730 13.806 13.882 13.957 14.031 14.105 14.179 14.220 14.253 14.287 14.320 14.354 14.387 14.421 14.467 14.531 14.595 14.659 14.722 14.785 14.849 14.913 14.976 15.040 15.072 15.075 15.084 15.118 15.151 15.185 15.218 15.252 15.283 15.298 15.314 15.329 15.345 15.361 15.377 15.402 15.456 15.509 15.516 15.510 15.505 15.500 15.494 15.489 15.484 15.478 15.473 15.468 15.462 15.507 15.572 15.638 15.704 15.770 15.836 15.876 15.891 15.906 15.920 15.935 15.949 15.964 15.978 16.025 16.089 16.152 16.215 16.279 16.342
13.349 13.425 13.501 13.577 13.653 13.729 13.805 13.879 13.953 14.027 14.101 14.175 14.220 14.253 14.286 14.320 14.353 14.387 14.441 14.505 14.568 14.632 14.695 14.759 14.823 14.886 14.950 15.014 15.077 15.113 15.130 15.164 15.197 15.215 15.231 15.246 15.262 15.278 15.293 15.309 15.324 15.340 15.355 15.393 15.447 15.501 15.554 15.554 15.548 15.543 15.538 15.532 15.527 15.522 15.516 15.511 15.511 15.577 15.642 15.708 15.773 15.839 15.904 15.970 15.997 16.012 16.026 16.041 16.056 16.071 16.093 16.157 16.220 16.284 16.347 16.410 16.474
13.272 13.348 13.424 13.499 13.575 13.651 13.727 13.801 13.875 13.949 14.023 14.097 14.171 14.219 14.253 14.286 14.320 14.353 14.415 14.478 14.542 14.605 14.669 14.733 14.797 14.860 14.924 14.988 15.051 15.111 15.148 15.164 15.179 15.195 15.210 15.226 15.241 15.257 15.272 15.288 15.303 15.319 15.334 15.385 15.439 15.492 15.545 15.597 15.592 15.586 15.581 15.576 15.570 15.565 15.560 15.554 15.581 15.646 15.712 15.778 15.843 15.909 15.974 16.040 16.105 16.119 16.134 16.148 16.163 16.177 16.224 16.287 16.351 16.414 16.477 16.541 16.604
13.194 13.270 13.346 13.422 13.498 13.574 13.649 13.723 13.797 13.871 13.945 14.019 14.093 14.167 14.219 14.252 14.286 14.324 14.388 14.452 14.516 14.579 14.643 14.707 14.770 14.834 14.889 14.945 15.000 15.055 15.109 15.143 15.159 15.174 15.190 15.205 15.221 15.236 15.252 15.267 15.283 15.298 15.324 15.377 15.431 15.484 15.537 15.590 15.634 15.630 15.624 15.619 15.614 15.608 15.603 15.598 15.651 15.716 15.782 15.847 15.913 15.979 16.044 16.110 16.175 16.226 16.241 16.256 16.270 16.292 16.355 16.419 16.482 16.546 16.609 16.672 16.736
13.117 13.193 13.268 13.344 13.420 13.496 13.571 13.645 13.719 13.793 13.867 13.941 14.015 14.089 14.163 14.219 14.252 14.298 14.362 14.425 14.489 14.553 14.613 14.668 14.723 14.778 14.834 14.889 14.944 14.999 15.053 15.107 15.138 15.153 15.169 15.185 15.200 15.216 15.231 15.247 15.262 15.278 15.316 15.369 15.423 15.476 15.529 15.582 15.636 15.672 15.667 15.661 15.656 15.652 15.646 15.655 15.720 15.786 15.852 15.917 15.983 16.048 16.114 16.179 16.245 16.311 16.348 16.363 16.377 16.424 16.487 16.550 16.614 16.677 16.740 16.804 16.867
13.096 13.115 13.191 13.267 13.343 13.419 13.493 13.567 13.641 13.715 13.789 13.863 13.937 14.011 14.085 14.158 14.219 14.272 14.335 14.391 14.446 14.501 14.557 14.612 14.668 14.723 14.778 14.834 14.889 14.943 14.997 15.051 15.104 15.133 15.148 15.164 15.179 15.195 15.210 15.226 15.241 15.257 15.308 15.361 15.415 15.468 15.521 15.574 15.628 15.681 15.710 15.705 15.699 15.694 15.689 15.724 15.789 15.855 15.920 15.986 16.052 16.117 16.183 16.248 16.314 16.380 16.446 16.470 16.492 16.555 16.619 16.682 16.745 16.809 16.872 16.935 16.999
13.079 13.087 13.113 13.189 13.265 13.341 13.415 13.489 13.563 13.637 13.711 13.785 13.859 13.933 14.007 14.080 14.154 14.225 14.280 14.335 14.391 14.446 14.501 14.556 14.612 14.667 14.722 14.777 14.832 14.886 14.940 14.994 15.047 15.101 15.127 15.142 15.158 15.174 15.190 15.205 15.221 15.247 15.300 15.353 15.406 15.460 15.513 15.566 15.620 15.673 15.726 15.748 15.743 15.737 15.732 15.793 15.859 15.925 15.990 16.056 16.121 16.187 16.253 16.318 16.384 16.449 16.515 16.576 16.622 16.686 16.749 16.812 16.876 16.939 17.002 17.066 17.129
