includes/camargue/floodfiles/results_R2_t1.562607662346E12/res.max
ncols         906
nrows         631
xllcorner     362177.146667
yllcorner     6534725.688020
cellsize      20.000000
NODATA_value  -9999.000000
[rows 578 to 611 of 631, columns 154 to 230 of 906]
5.412 5.413 5.414 5.414 5.389 5.364 5.340 5.315 5.285 5.253 5.221 5.188 5.156 5.124 5.064 4.979 4.902 4.885 4.869 4.853 4.837 4.820 4.804 4.786 4.763 4.742 4.729 4.732 4.734 4.736 4.738 4.740 4.742 4.745 4.765 4.803 4.840 4.877 4.914 4.946 4.971 4.996 5.020 5.045 5.058 5.058 5.058 5.059 5.059 5.059 5.062 5.065 5.069 5.072 5.073 5.072 5.071 5.071 5.070 5.044 5.018 4.993 4.967 4.956 4.945 4.935 4.901 4.866 4.832 4.797 4.763 4.709 4.697 4.722 4.747 4.773 4.798
5.405 5.406 5.407 5.388 5.363 5.338 5.314 5.289 5.262 5.230 5.198 5.165 5.133 5.074 4.989 4.904 4.819 4.797 4.780 4.764 4.748 4.731 4.715 4.699 4.683 4.616 4.699 4.701 4.703 4.706 4.708 4.710 4.712 4.714 4.740 4.777 4.814 4.852 4.889 4.926 4.956 4.981 5.006 5.031 5.031 5.032 5.032 5.032 5.033 5.033 5.034 5.037 5.040 5.043 5.042 5.041 5.041 5.040 5.039 5.027 5.001 4.975 4.958 4.948 4.937 4.927 4.902 4.867 4.833 4.798 4.744 4.691 4.669 4.694 4.719 4.745 4.770
5.398 5.399 5.387 5.362 5.337 5.313 5.288 5.263 5.238 5.207 5.174 5.142 5.084 4.999 4.914 4.829 4.744 4.708 4.691 4.675 4.659 4.642 4.626 4.594 4.582 4.582 4.582 4.582 4.658 4.675 4.678 4.680 4.682 4.684 4.715 4.752 4.789 4.826 4.864 4.901 4.938 4.967 4.991 5.004 5.005 5.005 5.005 5.006 5.006 5.006 5.007 5.009 5.012 5.012 5.011 5.011 5.010 5.009 5.009 5.008 4.983 4.961 4.950 4.940 4.929 4.919 4.903 4.869 4.833 4.779 4.726 4.672 4.641 4.666 4.692 4.717 4.742
5.391 5.385 5.361 5.336 5.311 5.287 5.262 5.238 5.213 5.184 5.151 5.093 5.008 4.923 4.838 4.753 4.668 4.619 4.602 4.586 4.580 4.580 4.581 4.581 4.581 4.581 4.581 4.581 4.582 4.582 4.596 4.650 4.652 4.654 4.689 4.727 4.764 4.801 4.838 4.876 4.913 4.950 4.977 4.978 4.978 4.979 4.979 4.979 4.980 4.980 4.980 4.980 4.982 4.981 4.981 4.980 4.979 4.979 4.978 4.978 4.966 4.953 4.942 4.932 4.921 4.911 4.900 4.868 4.814 4.761 4.707 4.654 4.613 4.638 4.664 4.689 4.714
5.384 5.359 5.335 5.310 5.285 5.261 5.236 5.212 5.187 5.160 5.103 5.018 4.933 4.848 4.763 4.678 4.593 4.579 4.580 4.580 4.580 4.580 4.580 4.580 4.580 4.581 4.581 4.581 4.581 4.581 4.581 4.582 4.582 4.627 4.653 4.674 4.696 4.717 4.738 4.759 4.780 4.801 4.870 4.867 4.863 4.859 4.855 4.852 4.848 4.844 4.840 4.836 4.695 4.698 4.700 4.703 4.705 4.708 4.711 4.713 4.858 4.908 4.897 4.886 4.876 4.865 4.854 4.843 4.796 4.742 4.689 4.635 4.585 4.611 4.636 4.661 4.687
5.325 5.315 5.292 5.268 5.245 5.221 5.198 5.175 5.151 5.131 5.040 4.943 4.858 4.773 4.688 4.603 4.579 4.579 4.579 4.579 4.579 4.579 4.580 4.580 4.580 4.580 4.580 4.580 4.580 4.581 4.581 4.581 4.581 4.581 4.582 4.582 4.582 4.582 4.582 4.582 4.582 4.582 4.582 4.622 4.619 4.615 4.611 4.607 4.603 4.600 4.596 4.581 4.582 4.581 4.581 4.581 4.581 4.581 4.581 4.581 4.581 4.827 4.816 4.805 4.794 4.783 4.772 4.761 4.749 4.723 4.670 4.616 4.582 4.583 4.608 4.633 4.657
5.265 5.264 5.246 5.222 5.199 5.175 5.152 5.129 5.107 5.092 5.022 4.925 4.828 4.731 4.634 4.578 4.578 4.578 4.578 4.579 4.579 4.579 4.579 4.579 4.579 4.579 4.580 4.580 4.580 4.580 4.580 4.581 4.581 4.581 4.581 4.581 4.581 4.581 4.581 4.581 4.581 4.581 4.581 4.581 4.581 4.581 4.581 4.581 4.581 4.581 4.581 4.581 4.581 4.581 4.581 4.581 4.581 4.581 4.581 4.581 4.581 4.581 4.734 4.723 4.712 4.701 4.690 4.679 4.668 4.657 4.645 4.598 4.581 4.581 4.581 4.601 4.620
5.205 5.204 5.200 5.176 5.153 5.129 5.106 5.083 5.067 5.053 5.005 4.908 4.811 4.713 4.616 4.577 4.577 4.578 4.578 4.578 4.578 4.578 4.578 4.578 4.579 4.579 4.579 4.579 4.579 4.579 4.580 4.580 4.580 4.580 4.580 4.580 4.581 4.581 4.581 4.581 4.581 4.580 4.580 4.580 4.581 4.581 4.581 4.581 4.581 4.581 4.580 4.580 4.580 4.580 4.581 4.581 4.580 4.580 4.580 4.580 4.580 4.580 4.600 4.641 4.630 4.619 4.608 4.597 4.586 4.581 4.581 4.581 4.581 4.581 4.581 4.581 4.583
5.145 5.144 5.142 5.130 5.107 5.083 5.060 5.043 5.028 5.014 4.988 4.891 4.793 4.696 4.599 4.576 4.577 4.577 4.577 4.577 4.577 4.578 4.578 4.578 4.578 4.578 4.578 4.579 4.579 4.579 4.579 4.579 4.580 4.580 4.580 4.580 4.580 4.580 4.580 4.580 4.580 4.580 4.580 4.580 4.580 4.580 4.580 4.580 4.580 4.580 4.580 4.580 4.580 4.580 4.580 4.580 4.580 4.580 4.580 4.580 4.580 4.580 4.580 4.580 4.580 4.580 4.580 4.580 4.580 4.580 4.580 4.580 4.580 4.580 4.581 4.581 4.581
5.085 5.084 5.082 5.081 5.061 5.037 5.018 5.004 4.989 4.975 4.960 4.873 4.776 4.679 4.582 4.576 4.576 4.576 4.577 4.577 4.577 4.577 4.577 4.577 4.577 4.578 4.578 4.578 4.578 4.579 4.579 4.579 4.579 4.579 4.579 4.579 4.579 4.580 4.580 4.580 4.580 4.580 4.580 4.580 4.580 4.580 4.580 4.580 4.580 4.580 4.580 4.580 4.580 4.580 4.580 4.580 4.580 4.580 4.580 4.580 4.580 4.580 4.580 4.580 4.580 4.580 4.580 4.580 4.580 4.580 4.580 4.580 4.580 4.580 4.580 4.580 4.580
5.025 5.024 5.022 5.021 5.015 4.994 4.979 4.965 4.950 4.936 4.921 4.856 4.759 4.662 4.575 4.575 4.575 4.576 4.576 4.576 4.576 4.576 4.577 4.577 4.577 4.577 4.578 4.578 4.578 4.578 4.578 4.578 4.578 4.579 4.579 4.579 4.579 4.579 4.579 4.579 4.579 4.579 4.579 4.579 4.579 4.579 4.579 4.579 4.579 4.579 4.579 4.579 4.579 4.579 4.579 4.579 4.579 4.579 4.579 4.579 4.579 4.579 4.579 4.579 4.579 4.579 4.579 4.579 4.579 4.579 4.579 4.580 4.580 4.580 4.580 4.580 4.580
4.965 4.964 4.962 4.961 4.968 4.957 4.940 4.926 4.911 4.897 4.882 4.839 4.741 4.574 4.574 4.575 4.575 4.575 4.575 4.576 4.576 4.576 4.576 4.576 4.577 4.577 4.577 4.577 4.577 4.577 4.578 4.578 4.578 4.578 4.578 4.578 4.578 4.578 4.578 4.578 4.578 4.578 4.578 4.579 4.579 4.579 4.579 4.579 4.579 4.579 4.579 4.579 4.579 4.579 4.579 4.579 4.579 4.579 4.579 4.579 4.579 4.579 4.579 4.579 4.579 4.579 4.579 4.579 4.579 4.579 4.579 4.579 4.579 4.579 4.579 4.579 4.580
4.905 4.907 4.919 4.931 4.943 4.935 4.916 4.897 4.878 4.859 4.843 4.821 4.573 4.573 4.574 4.574 4.574 4.574 4.575 4.575 4.575 4.575 4.576 4.576 4.576 4.576 4.576 4.577 4.577 4.577 4.577 4.577 4.577 4.577 4.578 4.578 4.578 4.578 4.578 4.578 4.578 4.578 4.578 4.578 4.578 4.578 4.578 4.578 4.578 4.578 4.578 4.578 4.578 4.578 4.578 4.578 4.578 4.578 4.579 4.579 4.579 4.579 4.579 4.579 4.579 4.579 4.579 4.579 4.579 4.579 4.579 4.579 4.579 4.579 4.579 4.579 4.579
4.870 4.881 4.894 4.906 4.918 4.913 4.894 4.875 4.856 4.837 4.818 4.705 4.573 4.573 4.573 4.573 4.573 4.574 4.574 4.574 4.575 4.575 4.575 4.575 4.575 4.576 4.576 4.576 4.576 4.576 4.576 4.577 4.577 4.577 4.577 4.577 4.577 4.577 4.577 4.577 4.577 4.577 4.577 4.577 4.578 4.578 4.578 4.578 4.578 4.578 4.578 4.578 4.578 4.578 4.578 4.578 4.578 4.578 4.578 4.578 4.578 4.578 4.578 4.578 4.578 4.578 4.578 4.578 4.578 4.578 4.578 4.578 4.578 4.578 4.579 4.579 4.579
4.844 4.856 4.868 4.880 4.892 4.891 4.872 4.853 4.834 4.815 4.701 4.572 4.572 4.572 4.572 4.573 4.573 4.573 4.573 4.574 4.574 4.574 4.575 4.575 4.575 4.575 4.575 4.576 4.576 4.576 4.576 4.576 4.576 4.576 4.576 4.576 4.576 4.576 4.576 4.577 4.577 4.577 4.577 4.577 4.577 4.577 4.577 4.577 4.577 4.577 4.577 4.577 4.577 4.577 4.577 4.577 4.577 4.577 4.577 4.578 4.578 4.577 4.577 4.577 4.578 4.578 4.578 4.578 4.578 4.578 4.578 4.578 4.578 4.578 4.578 4.578 4.578
4.819 4.831 4.843 4.855 4.867 4.869 4.850 4.830 4.811 4.698 4.571 4.571 4.571 4.572 4.572 4.572 4.572 4.573 4.573 4.573 4.573 4.574 4.574 4.574 4.574 4.575 4.575 4.575 4.575 4.575 4.575 4.575 4.575 4.575 4.575 4.576 4.576 4.576 4.576 4.576 4.576 4.576 4.576 4.576 4.576 4.576 4.576 4.576 4.577 4.577 4.577 4.577 4.577 4.577 4.577 4.577 4.577 4.577 4.577 4.577 4.577 4.577 4.577 4.577 4.577 4.577 4.577 4.577 4.577 4.577 4.577 4.577 4.577 4.577 4.577 4.577 4.577
4.794 4.805 4.817 4.829 4.841 4.846 4.827 4.808 4.695 4.570 4.571 4.571 4.571 4.571 4.571 4.572 4.572 4.572 4.572 4.573 4.573 4.573 4.573 4.574 4.574 4.574 4.574 4.574 4.575 4.575 4.575 4.575 4.575 4.575 4.575 4.575 4.575 4.575 4.575 4.575 4.575 4.575 4.576 4.576 4.576 4.576 4.576 4.576 4.576 4.576 4.576 4.576 4.576 4.577 4.577 4.577 4.577 4.576 4.577 4.576 4.576 4.576 4.576 4.576 4.576 4.576 4.576 4.576 4.576 4.577 4.577 4.577 4.577 4.577 4.577 4.577 4.577
4.772 4.782 4.792 4.804 4.816 4.824 4.805 4.692 4.570 4.570 4.570 4.570 4.570 4.571 4.571 4.571 4.571 4.572 4.572 4.572 4.572 4.572 4.573 4.573 4.573 4.573 4.574 4.574 4.574 4.574 4.574 4.574 4.574 4.574 4.574 4.574 4.574 4.574 4.574 4.574 4.575 4.575 4.575 4.575 4.575 4.575 4.575 4.575 4.575 4.576 4.576 4.576 4.576 4.576 4.576 4.576 4.576 4.576 4.576 4.576 4.576 4.576 4.576 4.576 4.576 4.576 4.576 4.576 4.576 4.576 4.576 4.576 4.576 4.576 4.576 4.576 4.576
4.750 4.760 4.770 4.780 4.791 4.802 4.689 4.569 4.569 4.570 4.570 4.570 4.570 4.570 4.571 4.571 4.571 4.571 4.571 4.572 4.572 4.572 4.572 4.573 4.573 4.573 4.573 4.573 4.573 4.573 4.573 4.573 4.573 4.573 4.573 4.573 4.573 4.574 4.574 4.574 4.574 4.574 4.574 4.574 4.574 4.575 4.575 4.575 4.575 4.575 4.575 4.575 4.575 4.575 4.575 4.575 4.575 4.575 4.575 4.575 4.575 4.575 4.575 4.575 4.575 4.575 4.575 4.575 4.575 4.575 4.575 4.575 4.575 4.575 4.575 4.575 4.575
4.728 4.738 4.748 4.758 4.769 4.771 4.569 4.569 4.569 4.569 4.569 4.569 4.570 4.570 4.570 4.570 4.570 4.571 4.571 4.571 4.571 4.572 4.572 4.572 4.572 4.572 4.572 4.572 4.572 4.573 4.572 4.572 4.572 4.573 4.573 4.573 4.573 4.573 4.573 4.573 4.573 4.573 4.573 4.574 4.574 4.574 4.574 4.574 4.574 4.574 4.574 4.574 4.575 4.575 4.575 4.575 4.575 4.575 4.575 4.575 4.575 4.575 4.575 4.575 4.575 4.575 4.574 4.574 4.575 4.575 4.575 4.575 4.575 4.575 4.575 4.575 4.575
4.706 4.716 4.726 4.737 4.737 4.735 4.570 4.569 4.569 4.569 4.569 4.569 4.569 4.569 4.570 4.570 4.570 4.570 4.570 4.571 4.571 4.571 4.571 4.571 4.571 4.571 4.572 4.572 4.572 4.572 4.572 4.572 4.572 4.572 4.572 4.572 4.572 4.572 4.572 4.572 4.573 4.573 4.573 4.573 4.573 4.573 4.573 4.573 4.573 4.574 4.574 4.574 4.574 4.574 4.574 4.574 4.574 4.574 4.574 4.574 4.574 4.574 4.574 4.574 4.574 4.574 4.574 4.574 4.574 4.574 4.574 4.574 4.574 4.574 4.574 4.574 4.574
4.684 4.694 4.704 4.703 4.701 4.699 4.589 4.568 4.568 4.569 4.569 4.569 4.569 4.569 4.569 4.569 4.570 4.570 4.570 4.570 4.570 4.571 4.571 4.571 4.571 4.571 4.571 4.571 4.571 4.571 4.571 4.571 4.571 4.571 4.571 4.571 4.571 4.571 4.572 4.572 4.572 4.572 4.572 4.572 4.572 4.572 4.572 4.573 4.573 4.573 4.573 4.573 4.573 4.573 4.573 4.573 4.573 4.573 4.573 4.573 4.573 4.573 4.573 4.573 4.573 4.573 4.573 4.573 4.573 4.573 4.573 4.573 4.573 4.573 4.573 4.573 4.573
4.662 4.671 4.669 4.667 4.665 4.663 4.607 4.568 4.568 4.568 4.568 4.568 4.569 4.569 4.569 4.569 4.569 4.569 4.569 4.569 4.570 4.570 4.570 4.570 4.570 4.570 4.570 4.570 4.570 4.570 4.570 4.571 4.571 4.571 4.571 4.571 4.571 4.571 4.571 4.571 4.571 4.571 4.571 4.572 4.572 4.572 4.572 4.572 4.572 4.572 4.572 4.572 4.572 4.572 4.572 4.572 4.572 4.572 4.572 4.572 4.572 4.572 4.573 4.572 4.572 4.572 4.572 4.572 4.572 4.572 4.572 4.572 4.572 4.572 4.572 4.572 4.572
4.636 4.634 4.632 4.631 4.629 4.627 4.625 4.567 4.568 4.568 4.568 4.568 4.568 4.568 4.568 4.568 4.568 4.568 4.569 4.569 4.569 4.569 4.569 4.569 4.569 4.569 4.570 4.570 4.570 4.570 4.570 4.570 4.570 4.570 4.570 4.570 4.570 4.570 4.570 4.570 4.571 4.571 4.571 4.571 4.571 4.571 4.571 4.571 4.571 4.571 4.571 4.571 4.571 4.571 4.571 4.571 4.571 4.571 4.571 4.571 4.571 4.572 4.572 4.571 4.571 4.571 4.571 4.571 4.571 4.571 4.571 4.571 4.571 4.571 4.571 4.571 4.571
4.600 4.598 4.596 4.594 4.592 4.590 4.589 4.567 4.567 4.567 4.567 4.568 4.568 4.568 4.568 4.568 4.568 4.568 4.568 4.568 4.568 4.568 4.568 4.569 4.569 4.569 4.569 4.569 4.569 4.569 4.569 4.569 4.569 4.569 4.569 4.569 4.570 4.570 4.570 4.570 4.570 4.570 4.570 4.570 4.570 4.570 4.570 4.570 4.570 4.570 4.570 4.570 4.570 4.570 4.570 4.570 4.570 4.570 4.570 4.570 4.570 4.571 4.571 4.570 4.570 4.570 4.570 4.570 4.570 4.570 4.570 4.570 4.570 4.570 4.570 4.570 4.570
4.565 4.566 4.566 4.566 4.566 4.566 4.566 4.566 4.567 4.567 4.567 4.567 4.567 4.567 4.567 4.567 4.567 4.567 4.567 4.567 4.567 4.568 4.568 4.568 4.568 4.568 4.568 4.568 4.568 4.568 4.568 4.568 4.568 4.568 4.569 4.569 4.569 4.569 4.569 4.569 4.569 4.569 4.569 4.569 4.569 4.569 4.569 4.569 4.569 4.569 4.569 4.569 4.569 4.569 4.569 4.569 4.569 4.569 4.569 4.569 4.569 4.569 4.569 4.569 4.569 4.569 4.569 4.569 4.569 4.569 4.569 4.569 4.569 4.569 4.569 4.569 4.569
4.565 4.565 4.565 4.565 4.565 4.565 4.566 4.566 4.566 4.566 4.566 4.566 4.566 4.566 4.566 4.566 4.566 4.566 4.566 4.567 4.567 4.567 4.567 4.567 4.567 4.567 4.567 4.567 4.567 4.568 4.567 4.567 4.568 4.568 4.568 4.568 4.568 4.568 4.568 4.568 4.568 4.568 4.568 4.568 4.568 4.568 4.568 4.568 4.568 4.568 4.568 4.568 4.568 4.568 4.568 4.568 4.568 4.568 4.568 4.568 4.568 4.568 4.568 4.568 4.568 4.568 4.568 4.568 4.568 4.568 4.568 4.568 4.568 4.568 4.568 4.568 4.568
4.573 4.564 4.564 4.565 4.565 4.565 4.565 4.565 4.565 4.565 4.565 4.565 4.565 4.565 4.565 4.565 4.565 4.565 4.566 4.566 4.566 4.566 4.566 4.566 4.566 4.567 4.567 4.567 4.567 4.567 4.567 4.567 4.567 4.567 4.567 4.567 4.567 4.567 4.567 4.567 4.567 4.567 4.567 4.567 4.567 4.567 4.567 4.567 4.567 4.567 4.567 4.567 4.567 4.567 4.567 4.567 4.567 4.567 4.567 4.567 4.567 4.567 4.567 4.567 4.567 4.567 4.567 4.567 4.567 4.567 4.567 4.567 4.567 4.567 4.567 4.567 4.567
4.590 4.569 4.564 4.564 4.564 4.564 4.564 4.564 4.564 4.564 4.564 4.564 4.564 4.564 4.565 4.565 4.565 4.565 4.565 4.565 4.565 4.565 4.566 4.566 4.566 4.566 4.566 4.566 4.566 4.566 4.566 4.566 4.566 4.566 4.566 4.566 4.566 4.566 4.566 4.566 4.566 4.566 4.566 4.566 4.566 4.566 4.566 4.566 4.566 4.566 4.566 4.566 4.566 4.566 4.566 4.566 4.566 4.566 4.566 4.566 4.566 4.566 4.566 4.566 4.566 4.566 4.566 4.566 4.566 4.566 4.566 4.566 4.566 4.566 4.566 4.566 4.566
4.607 4.586 4.564 4.563 4.563 4.563 4.563 4.563 4.563 4.563 4.563 4.563 4.563 4.564 4.564 4.564 4.564 4.564 4.564 4.564 4.564 4.565 4.565 4.565 4.565 4.565 4.565 4.565 4.565 4.565 4.565 4.565 4.565 4.565 4.565 4.565 4.565 4.565 4.566 4.565 4.565 4.566 4.566 4.566 4.565 4.565 4.565 4.565 4.565 4.565 4.565 4.565 4.565 4.565 4.565 4.565 4.565 4.565 4.565 4.565 4.565 4.565 4.565 4.565 4.565 4.565 4.565 4.565 4.565 4.565 4.565 4.565 4.565 4.565 4.565 4.565 4.565
4.623 4.602 4.581 4.562 4.562 4.562 4.563 4.563 4.563 4.563 4.562 4.563 4.563 4.563 4.563 4.563 4.563 4.563 4.563 4.564 4.564 4.564 4.564 4.564 4.564 4.564 4.564 4.564 4.564 4.564 4.564 4.564 4.564 4.564 4.564 4.564 4.564 4.565 4.565 4.565 4.565 4.565 4.565 4.565 4.565 4.565 4.564 4.564 4.564 4.564 4.564 4.564 4.564 4.564 4.564 4.564 4.564 4.564 4.564 4.564 4.564 4.564 4.563 4.563 4.563 4.564 4.563 4.564 4.564 4.564 4.564 4.564 4.564 4.564 4.564 4.564 4.564
4.640 4.619 4.598 4.576 4.561 4.561 4.562 4.562 4.562 4.562 4.562 4.562 4.562 4.562 4.562 4.562 4.562 4.562 4.563 4.563 4.563 4.563 4.563 4.563 4.563 4.563 4.563 4.563 4.563 4.563 4.563 4.563 4.563 4.563 4.564 4.564 4.564 4.564 4.564 4.564 4.564 4.564 4.564 4.564 4.564 4.564 4.564 4.563 4.563 4.563 4.563 4.563 4.563 4.563 4.563 4.563 4.563 4.563 4.563 4.563 4.563 4.563 4.563 4.563 4.563 4.563 4.563 4.563 4.563 4.563 4.563 4.563 4.563 4.563 4.563 4.563 4.563
4.657 4.636 4.614 4.562 4.561 4.561 4.561 4.561 4.561 4.561 4.561 4.561 4.561 4.561 4.561 4.561 4.561 4.561 4.562 4.562 4.562 4.562 4.562 4.562 4.562 4.562 4.562 4.562 4.562 4.562 4.562 4.562 4.562 4.563 4.563 4.563 4.563 4.563 4.563 4.563 4.563 4.563 4.563 4.563 4.563 4.563 4.562 4.562 4.562 4.562 4.562 4.562 4.562 4.562 4.562 4.562 4.562 4.562 4.562 4.562 4.562 4.562 4.562 4.562 4.562 4.562 4.562 4.562 4.562 4.562 4.562 4.562 4.562 4.562 4.562 4.562 4.562
4.667 4.644 4.592 4.560 4.560 4.560 4.560 4.560 4.560 4.560 4.560 4.560 4.560 4.560 4.560 4.560 4.560 4.561 4.561 4.561 4.561 4.561 4.561 4.561 4.561 4.561 4.561 4.561 4.561 4.561 4.561 4.562 4.562 4.562 4.562 4.562 4.562 4.562 4.562 4.562 4.562 4.562 4.562 4.562 4.562 4.561 4.561 4.561 4.561 4.561 4.561 4.561 4.561 4.561 4.561 4.561 4.561 4.561 4.561 4.561 4.561 4.561 4.561 4.561 4.561 4.561 4.561 4.561 4.561 4.561 4.561 4.561 4.561 4.561 4.561 4.561 4.561
