includes/mahajanga_coast/floodfiles/inputs/mahajanga_coast_dem_R2_t1.688026134693E12.asc
ncols         269
nrows         308
xllcorner     384108.3846
yllcorner     1149646.2609
cellsize      30
NODATA_value  -9999
[rows 190 to 227 of 308, columns 86 to 171 of 269]
15.0 14.0 14.0 14.0 16.0 17.0 17.0 16.0 16.0 15.0 14.0 13.0 12.0 12.0 11.0 9.0 9.0 8.0 8.0 8.0 9.0 9.0 9.0 9.0 7.0 7.0 9.0 10.0 10.0 10.0 10.0 9.0 7.0 7.0 7.0 7.0 8.0 7.0 7.0 7.0 7.0 8.0 8.0 8.0 9.0 9.0 8.0 8.0 8.0 8.0 9.0 9.0 9.0 9.0 10.0 11.0 12.0 13.0 13.0 13.0 14.0 15.0 17.0 19.0 20.0 20.0 21.0 22.0 23.0 23.0 23.0 23.0 23.0 22.0 20.0 21.0 21.0 21.0 19.0 17.0 15.0 15.0 17.0 19.0 18.0 17.0
16.0 16.0 16.0 17.0 18.0 19.0 18.0 18.0 18.0 17.0 16.0 14.0 13.0 14.0 13.0 11.0 9.0 9.0 9.0 9.0 9.0 9.0 9.0 9.0 9.0 9.0 12.0 12.0 11.0 11.0 11.0 9.0 8.0 8.0 7.0 8.0 8.0 7.0 5.0 6.0 7.0 7.0 7.0 7.0 8.0 8.0 7.0 7.0 8.0 7.0 8.0 9.0 9.0 9.0 9.0 10.0 10.0 11.0 11.0 10.0 12.0 13.0 15.0 17.0 18.0 18.0 19.0 21.0 21.0 22.0 22.0 21.0 21.0 20.0 19.0 20.0 20.0 19.0 18.0 16.0 14.0 16.0 17.0 17.0 17.0 16.0
17.0 18.0 19.0 20.0 20.0 20.0 20.0 20.0 19.0 18.0 17.0 16.0 15.0 15.0 15.0 13.0 10.0 9.0 9.0 9.0 9.0 9.0 10.0 10.0 10.0 11.0 14.0 14.0 12.0 12.0 11.0 10.0 10.0 9.0 8.0 8.0 8.0 6.0 5.0 5.0 6.0 8.0 8.0 8.0 9.0 9.0 8.0 8.0 7.0 7.0 7.0 8.0 8.0 8.0 9.0 9.0 10.0 10.0 10.0 9.0 11.0 13.0 14.0 16.0 17.0 17.0 18.0 19.0 20.0 20.0 20.0 19.0 18.0 18.0 18.0 18.0 19.0 18.0 16.0 14.0 15.0 17.0 17.0 17.0 16.0 16.0
18.0 19.0 20.0 20.0 21.0 20.0 20.0 21.0 20.0 19.0 17.0 17.0 17.0 16.0 15.0 14.0 11.0 10.0 9.0 9.0 10.0 10.0 11.0 11.0 11.0 11.0 16.0 18.0 17.0 16.0 14.0 11.0 11.0 10.0 8.0 7.0 7.0 6.0 5.0 6.0 7.0 8.0 9.0 9.0 9.0 10.0 10.0 9.0 8.0 8.0 8.0 8.0 7.0 8.0 9.0 9.0 10.0 10.0 11.0 10.0 10.0 12.0 14.0 15.0 15.0 15.0 16.0 17.0 18.0 18.0 18.0 17.0 16.0 16.0 15.0 16.0 17.0 16.0 15.0 14.0 15.0 16.0 16.0 16.0 16.0 16.0
19.0 20.0 20.0 20.0 20.0 20.0 21.0 22.0 21.0 19.0 17.0 18.0 19.0 17.0 15.0 14.0 13.0 12.0 11.0 10.0 10.0 11.0 12.0 13.0 13.0 15.0 19.0 21.0 21.0 18.0 14.0 12.0 11.0 9.0 7.0 6.0 6.0 6.0 6.0 6.0 6.0 7.0 8.0 9.0 10.0 11.0 10.0 9.0 8.0 8.0 8.0 9.0 9.0 8.0 9.0 9.0 9.0 9.0 10.0 11.0 12.0 12.0 12.0 12.0 12.0 13.0 15.0 16.0 16.0 16.0 17.0 17.0 15.0 13.0 12.0 13.0 15.0 15.0 16.0 14.0 13.0 14.0 14.0 14.0 15.0 15.0
19.0 20.0 20.0 20.0 20.0 21.0 22.0 22.0 20.0 18.0 18.0 20.0 20.0 18.0 16.0 15.0 14.0 13.0 12.0 11.0 10.0 11.0 13.0 15.0 17.0 19.0 21.0 24.0 21.0 16.0 14.0 12.0 10.0 8.0 7.0 6.0 5.0 5.0 5.0 6.0 6.0 6.0 8.0 9.0 9.0 9.0 9.0 7.0 7.0 8.0 9.0 10.0 9.0 9.0 8.0 8.0 9.0 9.0 10.0 10.0 11.0 11.0 10.0 10.0 10.0 11.0 13.0 14.0 14.0 14.0 15.0 15.0 14.0 12.0 12.0 12.0 13.0 14.0 15.0 14.0 13.0 12.0 12.0 12.0 13.0 13.0
21.0 21.0 21.0 21.0 21.0 22.0 22.0 21.0 20.0 20.0 21.0 22.0 21.0 20.0 18.0 16.0 14.0 13.0 12.0 12.0 12.0 13.0 14.0 16.0 18.0 19.0 21.0 22.0 21.0 17.0 14.0 11.0 9.0 8.0 7.0 6.0 4.0 4.0 5.0 6.0 6.0 6.0 7.0 8.0 8.0 8.0 8.0 7.0 7.0 8.0 9.0 8.0 8.0 8.0 7.0 8.0 8.0 8.0 8.0 9.0 9.0 9.0 11.0 10.0 10.0 10.0 12.0 12.0 12.0 12.0 13.0 13.0 13.0 12.0 11.0 11.0 12.0 12.0 13.0 12.0 11.0 12.0 11.0 11.0 11.0 12.0
25.0 25.0 25.0 24.0 22.0 22.0 22.0 22.0 22.0 22.0 22.0 22.0 21.0 21.0 19.0 17.0 14.0 12.0 12.0 12.0 12.0 13.0 14.0 16.0 18.0 19.0 20.0 20.0 19.0 17.0 13.0 10.0 9.0 8.0 8.0 6.0 4.0 5.0 6.0 7.0 7.0 6.0 6.0 7.0 7.0 7.0 8.0 7.0 7.0 6.0 6.0 6.0 7.0 8.0 8.0 8.0 8.0 8.0 8.0 8.0 8.0 8.0 10.0 10.0 9.0 10.0 11.0 11.0 11.0 11.0 11.0 12.0 11.0 11.0 11.0 10.0 10.0 10.0 11.0 11.0 10.0 11.0 11.0 11.0 11.0 12.0
31.0 30.0 28.0 27.0 25.0 23.0 23.0 23.0 23.0 22.0 21.0 21.0 21.0 20.0 19.0 16.0 14.0 12.0 11.0 11.0 12.0 12.0 13.0 16.0 18.0 19.0 19.0 18.0 17.0 15.0 13.0 10.0 9.0 8.0 8.0 7.0 6.0 6.0 7.0 7.0 7.0 6.0 6.0 6.0 6.0 7.0 8.0 8.0 7.0 6.0 5.0 5.0 6.0 7.0 8.0 8.0 9.0 8.0 8.0 8.0 8.0 7.0 8.0 8.0 9.0 10.0 10.0 10.0 9.0 9.0 9.0 10.0 10.0 10.0 10.0 9.0 9.0 10.0 10.0 10.0 9.0 11.0 11.0 12.0 12.0 13.0
34.0 33.0 31.0 30.0 29.0 27.0 25.0 24.0 23.0 21.0 20.0 20.0 20.0 19.0 17.0 15.0 13.0 12.0 10.0 11.0 12.0 13.0 14.0 16.0 18.0 19.0 18.0 18.0 16.0 15.0 12.0 9.0 8.0 7.0 7.0 8.0 7.0 7.0 6.0 5.0 5.0 6.0 6.0 5.0 5.0 6.0 7.0 7.0 8.0 7.0 5.0 6.0 7.0 7.0 7.0 7.0 7.0 7.0 8.0 8.0 8.0 7.0 7.0 8.0 8.0 9.0 9.0 8.0 8.0 8.0 8.0 8.0 9.0 9.0 10.0 9.0 10.0 11.0 10.0 9.0 10.0 12.0 14.0 14.0 13.0 13.0
37.0 36.0 33.0 31.0 31.0 28.0 27.0 25.0 23.0 20.0 19.0 20.0 20.0 19.0 18.0 17.0 15.0 13.0 11.0 11.0 12.0 14.0 15.0 17.0 18.0 18.0 17.0 17.0 16.0 14.0 12.0 8.0 8.0 7.0 7.0 7.0 7.0 6.0 6.0 5.0 5.0 6.0 6.0 6.0 5.0 6.0 7.0 8.0 9.0 7.0 5.0 6.0 7.0 7.0 5.0 5.0 6.0 7.0 8.0 9.0 8.0 7.0 6.0 7.0 8.0 8.0 8.0 8.0 7.0 8.0 8.0 8.0 9.0 9.0 11.0 12.0 13.0 13.0 12.0 11.0 13.0 17.0 18.0 17.0 15.0 12.0
40.0 39.0 38.0 35.0 32.0 29.0 26.0 25.0 23.0 20.0 19.0 20.0 20.0 20.0 20.0 19.0 17.0 16.0 14.0 13.0 13.0 14.0 15.0 17.0 17.0 17.0 16.0 15.0 14.0 13.0 11.0 10.0 9.0 9.0 8.0 8.0 7.0 7.0 7.0 6.0 5.0 7.0 7.0 7.0 6.0 6.0 7.0 8.0 9.0 7.0 6.0 6.0 7.0 6.0 5.0 5.0 6.0 7.0 9.0 9.0 8.0 6.0 6.0 7.0 7.0 7.0 8.0 8.0 8.0 8.0 8.0 8.0 9.0 10.0 13.0 15.0 16.0 15.0 14.0 15.0 18.0 20.0 19.0 18.0 15.0 15.0
44.0 43.0 41.0 39.0 34.0 29.0 26.0 24.0 22.0 21.0 21.0 21.0 20.0 20.0 21.0 20.0 18.0 18.0 16.0 16.0 15.0 15.0 15.0 17.0 18.0 18.0 16.0 14.0 14.0 13.0 12.0 11.0 10.0 9.0 9.0 8.0 7.0 7.0 7.0 5.0 6.0 6.0 7.0 7.0 7.0 7.0 7.0 8.0 8.0 7.0 6.0 5.0 5.0 5.0 4.0 5.0 5.0 7.0 9.0 8.0 7.0 6.0 6.0 7.0 6.0 6.0 8.0 9.0 8.0 9.0 9.0 9.0 10.0 12.0 16.0 17.0 17.0 16.0 16.0 17.0 19.0 20.0 19.0 18.0 17.0 17.0
44.0 43.0 42.0 41.0 37.0 31.0 27.0 26.0 24.0 23.0 24.0 23.0 21.0 20.0 21.0 20.0 19.0 20.0 19.0 17.0 15.0 15.0 16.0 17.0 19.0 19.0 16.0 15.0 14.0 13.0 13.0 12.0 11.0 10.0 9.0 8.0 7.0 7.0 6.0 5.0 6.0 6.0 5.0 6.0 6.0 6.0 6.0 7.0 7.0 6.0 6.0 5.0 4.0 4.0 4.0 5.0 6.0 8.0 9.0 8.0 7.0 6.0 7.0 6.0 6.0 7.0 8.0 9.0 10.0 11.0 11.0 12.0 13.0 14.0 16.0 18.0 18.0 16.0 16.0 17.0 18.0 19.0 20.0 19.0 18.0 18.0
43.0 43.0 42.0 43.0 38.0 32.0 30.0 30.0 28.0 24.0 26.0 27.0 24.0 21.0 19.0 19.0 20.0 21.0 20.0 17.0 16.0 16.0 17.0 18.0 19.0 18.0 16.0 15.0 15.0 14.0 13.0 13.0 12.0 10.0 9.0 8.0 8.0 7.0 6.0 6.0 6.0 6.0 5.0 5.0 5.0 6.0 6.0 6.0 7.0 6.0 6.0 6.0 5.0 3.0 5.0 6.0 7.0 9.0 9.0 8.0 7.0 6.0 6.0 6.0 7.0 7.0 7.0 7.0 9.0 10.0 11.0 12.0 13.0 15.0 16.0 18.0 18.0 17.0 17.0 18.0 18.0 20.0 21.0 20.0 19.0 18.0
44.0 42.0 43.0 43.0 40.0 37.0 34.0 32.0 29.0 25.0 27.0 28.0 26.0 22.0 18.0 19.0 21.0 21.0 19.0 17.0 16.0 17.0 18.0 19.0 19.0 17.0 15.0 15.0 16.0 15.0 14.0 14.0 13.0 11.0 10.0 9.0 8.0 7.0 6.0 6.0 6.0 6.0 5.0 5.0 6.0 7.0 7.0 7.0 7.0 6.0 6.0 6.0 5.0 4.0 5.0 7.0 7.0 7.0 8.0 7.0 6.0 6.0 6.0 7.0 7.0 7.0 7.0 7.0 8.0 8.0 9.0 10.0 11.0 13.0 15.0 17.0 18.0 18.0 19.0 19.0 19.0 21.0 22.0 23.0 21.0 19.0
43.0 42.0 44.0 44.0 44.0 41.0 37.0 33.0 29.0 26.0 26.0 27.0 25.0 22.0 20.0 21.0 21.0 20.0 19.0 18.0 17.0 18.0 19.0 20.0 20.0 18.0 16.0 16.0 16.0 15.0 14.0 14.0 13.0 12.0 11.0 9.0 8.0 7.0 7.0 7.0 7.0 6.0 6.0 6.0 7.0 7.0 8.0 7.0 6.0 6.0 5.0 5.0 5.0 5.0 5.0 7.0 7.0 6.0 6.0 6.0 6.0 5.0 6.0 7.0 7.0 7.0 7.0 7.0 7.0 8.0 8.0 9.0 8.0 10.0 13.0 16.0 17.0 19.0 20.0 20.0 19.0 21.0 23.0 24.0 23.0 20.0
40.0 41.0 44.0 44.0 43.0 43.0 37.0 32.0 28.0 25.0 24.0 24.0 24.0 21.0 20.0 22.0 22.0 21.0 20.0 19.0 19.0 20.0 20.0 20.0 20.0 18.0 17.0 15.0 15.0 15.0 14.0 13.0 12.0 11.0 10.0 9.0 9.0 8.0 8.0 8.0 8.0 7.0 6.0 6.0 7.0 7.0 7.0 7.0 6.0 6.0 6.0 5.0 5.0 6.0 6.0 7.0 6.0 6.0 6.0 5.0 4.0 4.0 5.0 7.0 7.0 7.0 6.0 7.0 7.0 7.0 7.0 7.0 7.0 8.0 12.0 15.0 18.0 20.0 22.0 21.0 20.0 21.0 24.0 25.0 23.0 20.0
34.0 38.0 40.0 40.0 42.0 41.0 34.0 30.0 26.0 25.0 24.0 24.0 25.0 24.0 22.0 22.0 22.0 21.0 21.0 21.0 20.0 21.0 20.0 20.0 19.0 18.0 17.0 15.0 14.0 14.0 13.0 12.0 11.0 10.0 8.0 8.0 9.0 8.0 8.0 8.0 8.0 7.0 6.0 6.0 7.0 7.0 7.0 6.0 6.0 7.0 6.0 6.0 5.0 6.0 6.0 6.0 6.0 6.0 5.0 4.0 4.0 4.0 4.0 6.0 7.0 7.0 6.0 6.0 6.0 6.0 7.0 8.0 7.0 8.0 11.0 14.0 17.0 21.0 23.0 23.0 21.0 22.0 24.0 24.0 22.0 21.0
31.0 32.0 34.0 35.0 39.0 37.0 32.0 28.0 26.0 25.0 25.0 26.0 28.0 28.0 25.0 22.0 21.0 21.0 21.0 22.0 22.0 21.0 21.0 20.0 19.0 17.0 17.0 15.0 14.0 14.0 12.0 11.0 10.0 9.0 8.0 8.0 8.0 9.0 8.0 8.0 8.0 7.0 6.0 7.0 7.0 7.0 7.0 6.0 6.0 7.0 7.0 7.0 6.0 5.0 6.0 6.0 5.0 5.0 5.0 6.0 6.0 5.0 4.0 5.0 7.0 7.0 7.0 6.0 6.0 6.0 6.0 7.0 8.0 9.0 11.0 14.0 17.0 20.0 23.0 23.0 21.0 22.0 23.0 24.0 23.0 22.0
27.0 29.0 31.0 31.0 34.0 33.0 31.0 27.0 25.0 26.0 26.0 28.0 29.0 28.0 27.0 24.0 22.0 22.0 22.0 22.0 22.0 22.0 22.0 21.0 19.0 18.0 16.0 14.0 13.0 12.0 11.0 10.0 9.0 9.0 8.0 8.0 9.0 9.0 8.0 7.0 7.0 7.0 6.0 6.0 8.0 8.0 7.0 7.0 7.0 7.0 7.0 7.0 7.0 6.0 5.0 5.0 5.0 5.0 6.0 8.0 8.0 6.0 5.0 5.0 6.0 7.0 6.0 6.0 6.0 5.0 4.0 6.0 8.0 9.0 11.0 14.0 17.0 20.0 22.0 22.0 22.0 22.0 23.0 24.0 24.0 24.0
25.0 27.0 29.0 30.0 31.0 31.0 29.0 25.0 24.0 25.0 26.0 29.0 30.0 30.0 29.0 26.0 23.0 23.0 22.0 22.0 21.0 20.0 20.0 20.0 19.0 18.0 16.0 14.0 13.0 12.0 11.0 10.0 9.0 9.0 9.0 8.0 9.0 9.0 8.0 7.0 7.0 6.0 5.0 6.0 8.0 8.0 7.0 6.0 7.0 7.0 8.0 7.0 7.0 7.0 6.0 6.0 7.0 5.0 5.0 7.0 7.0 6.0 5.0 6.0 6.0 6.0 6.0 6.0 6.0 5.0 3.0 4.0 6.0 9.0 11.0 13.0 15.0 18.0 20.0 22.0 22.0 23.0 24.0 24.0 24.0 24.0
24.0 27.0 28.0 30.0 30.0 29.0 27.0 25.0 23.0 23.0 26.0 29.0 32.0 32.0 30.0 26.0 24.0 23.0 22.0 22.0 21.0 19.0 19.0 18.0 17.0 16.0 16.0 14.0 13.0 13.0 12.0 11.0 9.0 9.0 9.0 9.0 8.0 8.0 8.0 8.0 8.0 7.0 6.0 7.0 8.0 8.0 7.0 6.0 7.0 8.0 8.0 8.0 8.0 7.0 7.0 8.0 8.0 6.0 4.0 5.0 5.0 5.0 6.0 6.0 5.0 5.0 6.0 6.0 6.0 6.0 4.0 3.0 4.0 8.0 11.0 12.0 14.0 16.0 19.0 21.0 23.0 24.0 24.0 24.0 23.0 22.0
23.0 26.0 28.0 29.0 30.0 29.0 27.0 24.0 23.0 23.0 25.0 28.0 31.0 32.0 29.0 26.0 23.0 23.0 22.0 22.0 21.0 20.0 19.0 17.0 16.0 16.0 15.0 14.0 14.0 13.0 12.0 10.0 9.0 9.0 9.0 9.0 8.0 8.0 9.0 9.0 8.0 7.0 7.0 7.0 8.0 8.0 7.0 7.0 7.0 8.0 8.0 8.0 7.0 7.0 7.0 7.0 8.0 6.0 5.0 4.0 4.0 4.0 6.0 6.0 5.0 5.0 6.0 7.0 7.0 7.0 6.0 5.0 5.0 8.0 11.0 11.0 14.0 16.0 17.0 19.0 22.0 24.0 24.0 23.0 21.0 20.0
24.0 25.0 26.0 28.0 29.0 28.0 27.0 26.0 24.0 23.0 25.0 26.0 27.0 28.0 27.0 24.0 22.0 22.0 22.0 22.0 22.0 21.0 19.0 18.0 17.0 16.0 15.0 13.0 12.0 11.0 10.0 9.0 9.0 9.0 9.0 9.0 8.0 8.0 9.0 9.0 9.0 8.0 8.0 8.0 8.0 8.0 7.0 7.0 7.0 8.0 8.0 8.0 8.0 7.0 6.0 6.0 6.0 6.0 6.0 6.0 5.0 5.0 7.0 7.0 5.0 5.0 6.0 6.0 7.0 7.0 7.0 6.0 6.0 8.0 9.0 11.0 14.0 16.0 16.0 17.0 19.0 22.0 23.0 21.0 20.0 19.0
24.0 25.0 25.0 26.0 25.0 27.0 26.0 26.0 25.0 23.0 23.0 24.0 23.0 22.0 23.0 21.0 20.0 22.0 22.0 22.0 21.0 20.0 19.0 17.0 17.0 16.0 14.0 12.0 10.0 10.0 9.0 9.0 9.0 9.0 9.0 9.0 9.0 9.0 10.0 9.0 8.0 8.0 8.0 8.0 8.0 8.0 8.0 8.0 8.0 8.0 8.0 8.0 8.0 8.0 6.0 6.0 4.0 4.0 6.0 8.0 8.0 7.0 7.0 6.0 5.0 5.0 5.0 6.0 6.0 6.0 5.0 5.0 4.0 5.0 7.0 10.0 13.0 15.0 15.0 16.0 17.0 19.0 20.0 19.0 19.0 18.0
24.0 24.0 26.0 25.0 24.0 24.0 24.0 25.0 24.0 22.0 21.0 22.0 22.0 21.0 20.0 19.0 20.0 21.0 21.0 20.0 20.0 19.0 17.0 17.0 16.0 15.0 14.0 11.0 10.0 9.0 9.0 10.0 10.0 10.0 10.0 10.0 10.0 10.0 10.0 9.0 8.0 8.0 8.0 8.0 9.0 9.0 9.0 8.0 8.0 8.0 8.0 8.0 8.0 8.0 7.0 5.0 4.0 4.0 6.0 8.0 7.0 6.0 4.0 3.0 3.0 5.0 5.0 6.0 5.0 4.0 4.0 2.0 2.0 4.0 7.0 10.0 11.0 12.0 14.0 15.0 16.0 17.0 18.0 17.0 17.0 18.0
23.0 24.0 25.0 24.0 24.0 22.0 22.0 23.0 22.0 21.0 21.0 21.0 20.0 19.0 19.0 19.0 19.0 19.0 19.0 18.0 18.0 17.0 16.0 16.0 16.0 15.0 13.0 11.0 10.0 11.0 11.0 11.0 12.0 12.0 12.0 11.0 11.0 11.0 10.0 9.0 9.0 9.0 9.0 9.0 10.0 10.0 9.0 10.0 8.0 8.0 8.0 7.0 8.0 8.0 8.0 6.0 5.0 5.0 7.0 8.0 7.0 6.0 4.0 2.0 4.0 6.0 5.0 6.0 5.0 6.0 4.0 3.0 3.0 5.0 7.0 8.0 10.0 11.0 13.0 14.0 13.0 15.0 16.0 16.0 15.0 16.0
23.0 22.0 23.0 22.0 22.0 21.0 21.0 21.0 22.0 21.0 21.0 21.0 20.0 19.0 20.0 20.0 20.0 18.0 17.0 17.0 17.0 16.0 16.0 16.0 16.0 15.0 13.0 13.0 13.0 13.0 13.0 13.0 13.0 12.0 13.0 12.0 12.0 12.0 11.0 11.0 11.0 11.0 10.0 9.0 10.0 11.0 10.0 10.0 9.0 8.0 8.0 8.0 8.0 8.0 7.0 6.0 5.0 5.0 7.0 7.0 7.0 7.0 5.0 4.0 5.0 6.0 6.0 6.0 8.0 7.0 5.0 4.0 5.0 6.0 6.0 7.0 8.0 14.857142857142858 12.0 12.0 12.0 14.0 14.0 14.0 14.0 13.0
22.0 21.0 21.0 20.0 19.0 19.0 20.0 21.0 21.0 21.0 20.0 20.0 21.0 21.0 21.0 21.0 20.0 18.0 17.0 17.0 17.0 16.0 16.0 16.0 15.0 15.0 15.0 15.0 15.0 15.0 14.0 13.0 13.0 14.0 14.0 13.0 14.0 14.0 13.0 13.0 13.0 13.0 13.0 11.0 12.0 12.0 12.0 12.0 9.0 8.0 8.0 8.0 8.0 8.0 7.0 6.0 5.0 6.0 7.0 7.0 7.0 6.0 6.0 6.0 6.0 7.0 7.0 7.0 8.0 9.0 7.0 7.0 6.0 5.0 5.0 14.857142857142858 14.857142857142858 14.857142857142858 11.0 10.0 10.0 11.0 12.0 12.0 13.0 11.0
20.0 18.0 19.0 18.0 16.0 17.0 19.0 20.0 21.0 20.0 19.0 19.0 18.0 19.0 21.0 20.0 18.0 17.0 16.0 16.0 16.0 15.0 15.0 16.0 15.0 16.0 17.0 17.0 16.0 16.0 15.0 15.0 15.0 15.0 16.0 15.0 15.0 15.0 15.0 15.0 15.0 15.0 15.0 13.0 13.0 14.0 14.0 13.0 10.0 8.0 8.0 8.0 8.0 8.0 7.0 7.0 7.0 7.0 8.0 8.0 7.0 6.0 7.0 7.0 7.0 7.0 7.0 8.0 8.0 8.0 8.0 7.0 4.0 4.0 5.0 14.857142857142858 9.0 8.0 8.0 8.0 9.0 10.0 10.0 11.0 11.0 9.0
18.0 16.0 17.0 16.0 15.0 17.0 19.0 19.0 19.0 19.0 18.0 16.0 13.0 14.0 16.0 16.0 15.0 15.0 15.0 14.0 14.0 14.0 15.0 16.0 16.0 17.0 18.0 18.0 17.0 16.0 16.0 16.0 15.0 16.0 16.0 16.0 16.0 16.0 16.0 16.0 16.0 16.0 15.0 14.0 14.0 15.0 15.0 14.0 11.0 9.0 9.0 8.0 8.0 8.0 8.0 8.0 7.0 7.0 8.0 8.0 7.0 7.0 9.0 9.0 8.0 7.0 7.0 8.0 8.0 7.0 7.0 7.0 4.0 4.0 14.857142857142858 14.857142857142858 7.0 6.0 6.0 6.0 7.0 8.0 9.0 10.0 10.0 8.0
18.0 17.0 17.0 17.0 16.0 17.0 17.0 17.0 17.0 16.0 16.0 13.0 12.0 10.0 11.0 13.0 13.0 12.0 13.0 13.0 13.0 14.0 15.0 17.0 17.0 17.0 18.0 18.0 17.0 16.0 16.0 16.0 15.0 15.0 16.0 15.0 15.0 15.0 16.0 17.0 16.0 16.0 15.0 14.0 14.0 16.0 16.0 13.0 11.0 9.0 9.0 8.0 8.0 8.0 8.0 8.0 8.0 7.0 7.0 8.0 9.0 10.0 11.0 11.0 10.0 8.0 7.0 8.0 8.0 7.0 7.0 6.0 6.0 14.857142857142858 14.857142857142858 7.0 6.0 5.0 6.0 5.0 5.0 7.0 8.0 9.0 9.0 8.0
18.0 18.0 20.0 19.0 17.0 16.0 16.0 15.0 14.0 14.0 13.0 13.0 12.0 11.0 11.0 13.0 14.0 14.0 13.0 13.0 13.0 14.0 16.0 17.0 18.0 17.0 17.0 17.0 17.0 16.0 16.0 16.0 15.0 15.0 15.0 15.0 16.0 15.0 15.0 17.0 17.0 17.0 16.0 15.0 15.0 16.0 15.0 12.0 10.0 9.0 9.0 8.0 8.0 8.0 8.0 9.0 9.0 8.0 8.0 10.0 12.0 12.0 14.0 15.0 14.0 10.0 8.0 9.0 8.0 7.0 7.0 6.0 7.0 14.857142857142858 6.0 5.0 6.0 6.0 6.0 5.0 5.0 6.0 7.0 8.0 8.0 7.0
18.0 19.0 21.0 21.0 18.0 16.0 16.0 14.0 12.0 11.0 12.0 12.0 13.0 13.0 12.0 13.0 15.0 14.0 13.0 13.0 12.0 12.0 13.0 16.0 18.0 16.0 15.0 16.0 16.0 16.0 16.0 16.0 15.0 15.0 15.0 16.0 17.0 16.0 16.0 17.0 18.0 18.0 18.0 16.0 15.0 15.0 13.0 11.0 10.0 10.0 9.0 9.0 9.0 9.0 8.0 9.0 10.0 11.0 12.0 14.0 16.0 16.0 17.0 17.0 15.0 13.0 11.0 10.0 9.0 7.0 7.0 8.0 14.857142857142858 14.857142857142858 7.0 6.0 6.0 6.0 6.0 5.0 5.0 6.0 6.0 7.0 8.0 7.0
19.0 20.0 21.0 20.0 18.0 17.0 16.0 13.0 10.0 10.0 11.0 12.0 14.0 14.0 12.0 13.0 14.0 13.0 12.0 13.0 12.0 11.0 13.0 15.0 17.0 15.0 14.0 15.0 15.0 15.0 15.0 15.0 16.0 15.0 16.0 17.0 17.0 17.0 17.0 18.0 19.0 20.0 19.0 18.0 16.0 15.0 13.0 12.0 12.0 11.0 10.0 10.0 10.0 9.0 9.0 10.0 13.0 17.0 17.0 19.0 19.0 19.0 18.0 18.0 17.0 16.0 16.0 15.0 13.0 11.0 10.0 14.857142857142858 14.857142857142858 9.0 8.0 7.0 6.0 6.0 7.0 7.0 5.0 5.0 6.0 6.0 7.0 7.0
20.0 20.0 20.0 18.0 17.0 17.0 15.0 13.0 11.0 10.0 11.0 12.0 13.0 13.0 13.0 13.0 13.0 10.0 10.0 12.0 12.0 12.0 13.0 14.0 13.0 13.0 13.0 13.0 13.0 13.0 14.0 14.0 15.0 15.0 16.0 17.0 17.0 17.0 17.0 18.0 20.0 20.0 20.0 18.0 17.0 15.0 15.0 14.0 13.0 12.0 11.0 11.0 12.0 11.0 11.0 13.0 15.0 17.0 19.0 20.0 19.0 19.0 19.0 19.0 20.0 19.0 20.0 19.0 17.0 15.0 13.0 12.0 12.0 11.0 9.0 8.0 7.0 7.0 8.0 7.0 5.0 5.0 6.0 7.0 7.0 6.0
20.0 18.0 18.0 17.0 16.0 17.0 15.0 12.0 11.0 11.0 12.0 12.0 12.0 12.0 13.0 13.0 10.0 9.0 9.0 12.0 13.0 13.0 14.0 13.0 12.0 12.0 12.0 11.0 11.0 10.0 12.0 13.0 14.0 14.0 15.0 16.0 16.0 17.0 18.0 19.0 20.0 20.0 19.0 19.0 18.0 17.0 17.0 17.0 15.0 13.0 13.0 13.0 14.0 14.0 14.0 14.0 17.0 19.0 19.0 18.0 18.0 19.0 19.0 20.0 20.0 19.0 19.0 19.0 17.0 16.0 16.0 16.0 14.0 12.0 11.0 9.0 8.0 7.0 7.0 5.0 3.0 5.0 8.0 8.0 7.0 5.0
