includes/mahajanga_coast/floodfiles/inputs/mahajanga_coast_dem_R2_t1.688026134693E12.asc
ncols         269
nrows         308
xllcorner     384108.3846
yllcorner     1149646.2609
cellsize      30
NODATA_value  -9999
[rows 152 to 189 of 308, columns 0 to 85 of 269]
-8.0 -8.0 -8.0 -8.0 -8.0 -8.0 -8.0 -8.0 -8.0 -8.0 -8.0 -8.0 -8.0 -8.0 -8.0 -8.0 -8.0 -8.0 -8.0 -8.0 -8.0 -8.0 -8.0 -8.0 -7.0 -7.0 -7.0 -7.0 -7.0 -7.0 -7.0 -7.0 -6.0 -6.0 -6.0 -6.0 -6.0 -6.0 -6.0 -5.0 -5.0 -5.0 -5.0 -5.0 -5.0 -5.0 -4.0 -4.0 -4.0 -4.0 -4.0 -4.0 -4.0 -4.0 -3.0 -3.0 -3.0 -3.0 -3.0 -3.0 -3.0 -2.0 -2.0 -2.0 -2.0 -2.0 -2.0 -1.0 -1.0 -1.0 -1.0 0.0 0.0 0.0 0.0 0.0 0.0 0.0 0.0 0.0 0.0 0.0 0.0 0.0 0.0 12.0
-8.0 -8.0 -8.0 -8.0 -8.0 -8.0 -8.0 -8.0 -8.0 -8.0 -8.0 -8.0 -8.0 -8.0 -8.0 -8.0 -8.0 -8.0 -8.0 -8.0 -8.0 -8.0 -8.0 -7.0 -7.0 -7.0 -7.0 -7.0 -7.0 -7.0 -7.0 -6.0 -6.0 -6.0 -6.0 -6.0 -6.0 -6.0 -6.0 -5.0 -5.0 -5.0 -5.0 -5.0 -5.0 -5.0 -4.0 -4.0 -4.0 -4.0 -4.0 -4.0 -4.0 -3.0 -3.0 -3.0 -3.0 -3.0 -3.0 -3.0 -2.0 -2.0 -2.0 -2.0 -2.0 -2.0 -1.0 -1.0 -1.0 -1.0 0.0 0.0 0.0 0.0 0.0 0.0 0.0 0.0 0.0 0.0 0.0 0.0 0.0 0.0 8.0 8.0
-8.0 -8.0 -8.0 -8.0 -8.0 -8.0 -8.0 -8.0 -8.0 -8.0 -8.0 -8.0 -8.0 -8.0 -8.0 -8.0 -8.0 -8.0 -8.0 -8.0 -8.0 -8.0 -8.0 -7.0 -7.0 -7.0 -7.0 -7.0 -7.0 -7.0 -7.0 -6.0 -6.0 -6.0 -6.0 -6.0 -6.0 -6.0 -6.0 -5.0 -5.0 -5.0 -5.0 -5.0 -5.0 -5.0 -4.0 -4.0 -4.0 -4.0 -4.0 -4.0 -3.0 -3.0 -3.0 -3.0 -3.0 -3.0 -3.0 -2.0 -2.0 -2.0 -2.0 -2.0 -2.0 -1.0 -1.0 -1.0 -1.0 0.0 0.0 0.0 0.0 0.0 0.0 0.0 0.0 0.0 0.0 0.0 0.0 0.0 0.0 0.0 5.0 7.0
-8.0 -8.0 -8.0 -8.0 -8.0 -8.0 -8.0 -8.0 -8.0 -8.0 -8.0 -8.0 -8.0 -8.0 -8.0 -8.0 -8.0 -8.0 -8.0 -8.0 -8.0 -8.0 -8.0 -7.0 -7.0 -7.0 -7.0 -7.0 -7.0 -7.0 -7.0 -6.0 -6.0 -6.0 -6.0 -6.0 -6.0 -6.0 -6.0 -5.0 -5.0 -5.0 -5.0 -5.0 -5.0 -4.0 -4.0 -4.0 -4.0 -4.0 -4.0 -4.0 -3.0 -3.0 -3.0 -3.0 -3.0 -3.0 -2.0 -2.0 -2.0 -2.0 -2.0 -2.0 -1.0 -1.0 -1.0 -1.0 -1.0 0.0 0.0 0.0 0.0 0.0 0.0 0.0 0.0 0.0 0.0 0.0 0.0 0.0 0.0 5.0 6.0 7.0
-8.0 -8.0 -8.0 -8.0 -8.0 -8.0 -8.0 -8.0 -8.0 -8.0 -8.0 -8.0 -8.0 -8.0 -8.0 -8.0 -8.0 -8.0 -8.0 -8.0 -8.0 -8.0 -7.0 -7.0 -7.0 -7.0 -7.0 -7.0 -7.0 -7.0 -7.0 -6.0 -6.0 -6.0 -6.0 -6.0 -6.0 -6.0 -6.0 -5.0 -5.0 -5.0 -5.0 -5.0 -5.0 -4.0 -4.0 -4.0 -4.0 -4.0 -4.0 -3.0 -3.0 -3.0 -3.0 -3.0 -3.0 -2.0 -2.0 -2.0 -2.0 -2.0 -2.0 -1.0 -1.0 -1.0 -1.0 -1.0 0.0 0.0 0.0 0.0 0.0 0.0 0.0 0.0 0.0 0.0 0.0 0.0 0.0 3.0 4.0 6.0 7.0 8.0
-8.0 -8.0 -8.0 -8.0 -8.0 -8.0 -8.0 -8.0 -8.0 -8.0 -8.0 -8.0 -8.0 -8.0 -8.0 -8.0 -8.0 -8.0 -8.0 -8.0 -8.0 -7.0 -7.0 -7.0 -7.0 -7.0 -7.0 -7.0 -7.0 -7.0 -7.0 -6.0 -6.0 -6.0 -6.0 -6.0 -6.0 -6.0 -6.0 -5.0 -5.0 -5.0 -5.0 -5.0 -5.0 -4.0 -4.0 -4.0 -4.0 -4.0 -4.0 -3.0 -3.0 -3.0 -3.0 -3.0 -2.0 -2.0 -2.0 -2.0 -2.0 -2.0 -1.0 -1.0 -1.0 -1.0 -1.0 0.0 0.0 0.0 0.0 0.0 0.0 0.0 0.0 0.0 0.0 0.0 0.0 0.0 0.0 4.0 5.0 7.0 8.0 8.0
-8.0 -8.0 -8.0 -8.0 -8.0 -8.0 -8.0 -8.0 -8.0 -8.0 -8.0 -8.0 -8.0 -8.0 -8.0 -8.0 -8.0 -8.0 -8.0 -8.0 -8.0 -7.0 -7.0 -7.0 -7.0 -7.0 -7.0 -7.0 -7.0 -7.0 -7.0 -6.0 -6.0 -6.0 -6.0 -6.0 -6.0 -6.0 -6.0 -5.0 -5.0 -5.0 -5.0 -5.0 -5.0 -4.0 -4.0 -4.0 -4.0 -4.0 -4.0 -3.0 -3.0 -3.0 -3.0 -3.0 -2.0 -2.0 -2.0 -2.0 -2.0 -1.0 -1.0 -1.0 -1.0 -1.0 0.0 0.0 0.0 0.0 0.0 0.0 0.0 0.0 0.0 0.0 0.0 0.0 0.0 0.0 5.0 6.0 9.0 0.0 0.0 0.0
-9.0 -8.0 -8.0 -8.0 -8.0 -8.0 -8.0 -8.0 -8.0 -8.0 -8.0 -8.0 -8.0 -8.0 -8.0 -8.0 -8.0 -8.0 -8.0 -8.0 -7.0 -7.0 -7.0 -7.0 -7.0 -7.0 -7.0 -7.0 -7.0 -7.0 -6.0 -6.0 -6.0 -6.0 -6.0 -6.0 -6.0 -6.0 -5.0 -5.0 -5.0 -5.0 -5.0 -5.0 -4.0 -4.0 -4.0 -4.0 -4.0 -4.0 -3.0 -3.0 -3.0 -3.0 -3.0 -2.0 -2.0 -2.0 -2.0 -2.0 -1.0 -1.0 -1.0 -1.0 -1.0 0.0 0.0 0.0 0.0 0.0 0.0 0.0 0.0 0.0 0.0 0.0 0.0 0.0 0.0 0.0 0.0 0.0 0.0 0.0 0.0 0.0
-9.0 -8.0 -8.0 -8.0 -8.0 -8.0 -8.0 -8.0 -8.0 -8.0 -8.0 -8.0 -8.0 -8.0 -8.0 -8.0 -8.0 -8.0 -7.0 -7.0 -7.0 -7.0 -7.0 -7.0 -7.0 -7.0 -7.0 -7.0 -7.0 -7.0 -6.0 -6.0 -6.0 -6.0 -6.0 -6.0 -6.0 -6.0 -5.0 -5.0 -5.0 -5.0 -5.0 -5.0 -4.0 -4.0 -4.0 -4.0 -4.0 -4.0 -3.0 -3.0 -3.0 -3.0 -3.0 -2.0 -2.0 -2.0 -2.0 -1.0 -1.0 -1.0 -1.0 -1.0 0.0 0.0 0.0 0.0 0.0 0.0 0.0 0.0 0.0 0.0 0.0 0.0 0.0 0.0 0.0 0.0 0.0 0.0 0.0 0.0 0.0 0.0
-9.0 -8.0 -8.0 -8.0 -8.0 -8.0 -8.0 -8.0 -8.0 -8.0 -8.0 -8.0 -8.0 -8.0 -8.0 -8.0 -8.0 -7.0 -7.0 -7.0 -7.0 -7.0 -7.0 -7.0 -7.0 -7.0 -7.0 -7.0 -7.0 -7.0 -6.0 -6.0 -6.0 -6.0 -6.0 -6.0 -6.0 -6.0 -5.0 -5.0 -5.0 -5.0 -5.0 -5.0 -4.0 -4.0 -4.0 -4.0 -4.0 -4.0 -3.0 -3.0 -3.0 -3.0 -2.0 -2.0 -2.0 -2.0 -2.0 -1.0 -1.0 -1.0 -1.0 0.0 0.0 0.0 0.0 0.0 0.0 0.0 0.0 0.0 0.0 0.0 0.0 0.0 0.0 0.0 0.0 0.0 0.0 0.0 0.0 0.0 0.0 0.0
-9.0 -8.0 -8.0 -8.0 -8.0 -8.0 -8.0 -8.0 -8.0 -8.0 -8.0 -8.0 -8.0 -8.0 -8.0 -8.0 -7.0 -7.0 -7.0 -7.0 -7.0 -7.0 -7.0 -7.0 -7.0 -7.0 -7.0 -7.0 -7.0 -7.0 -6.0 -6.0 -6.0 -6.0 -6.0 -6.0 -6.0 -6.0 -5.0 -5.0 -5.0 -5.0 -5.0 -5.0 -4.0 -4.0 -4.0 -4.0 -4.0 -3.0 -3.0 -3.0 -3.0 -3.0 -2.0 -2.0 -2.0 -2.0 -1.0 -1.0 -1.0 -1.0 0.0 0.0 0.0 0.0 0.0 0.0 0.0 0.0 0.0 0.0 0.0 0.0 0.0 0.0 0.0 0.0 0.0 0.0 0.0 0.0 0.0 5.0 3.0 4.0
-9.0 -8.0 -8.0 -8.0 -8.0 -8.0 -8.0 -8.0 -8.0 -8.0 -8.0 -8.0 -8.0 -8.0 -8.0 -7.0 -7.0 -7.0 -7.0 -7.0 -7.0 -7.0 -7.0 -7.0 -7.0 -7.0 -7.0 -7.0 -7.0 -6.0 -6.0 -6.0 -6.0 -6.0 -6.0 -6.0 -6.0 -6.0 -5.0 -5.0 -5.0 -5.0 -5.0 -5.0 -4.0 -4.0 -4.0 -4.0 -4.0 -3.0 -3.0 -3.0 -3.0 -2.0 -2.0 -2.0 -2.0 -2.0 -1.0 -1.0 -1.0 -1.0 0.0 0.0 0.0 0.0 0.0 0.0 0.0 0.0 0.0 0.0 0.0 0.0 0.0 0.0 0.0 0.0 0.0 0.0 0.0 7.457142857142857 7.457142857142857 6.0 6.0 7.0
-9.0 -8.0 -8.0 -8.0 -8.0 -8.0 -8.0 -8.0 -8.0 -8.0 -8.0 -8.0 -8.0 -8.0 -7.0 -7.0 -7.0 -7.0 -7.0 -7.0 -7.0 -7.0 -7.0 -7.0 -7.0 -7.0 -7.0 -7.0 -7.0 -6.0 -6.0 -6.0 -6.0 -6.0 -6.0 -6.0 -6.0 -6.0 -5.0 -5.0 -5.0 -5.0 -5.0 -4.0 -4.0 -4.0 -4.0 -4.0 -4.0 -3.0 -3.0 -3.0 -3.0 -2.0 -2.0 -2.0 -2.0 -1.0 -1.0 -1.0 -1.0 0.0 0.0 0.0 0.0 0.0 0.0 0.0 0.0 0.0 0.0 0.0 0.0 0.0 0.0 0.0 0.0 0.0 0.0 7.457142857142857 7.457142857142857 7.457142857142857 10.0 10.0 9.0 9.0
-9.0 -9.0 -8.0 -8.0 -8.0 -8.0 -8.0 -8.0 -8.0 -8.0 -8.0 -8.0 -8.0 -8.0 -7.0 -7.0 -7.0 -7.0 -7.0 -7.0 -7.0 -7.0 -7.0 -7.0 -7.0 -7.0 -7.0 -7.0 -6.0 -6.0 -6.0 -6.0 -6.0 -6.0 -6.0 -6.0 -6.0 -6.0 -5.0 -5.0 -5.0 -5.0 -5.0 -4.0 -4.0 -4.0 -4.0 -4.0 -3.0 -3.0 -3.0 -3.0 -3.0 -2.0 -2.0 -2.0 -2.0 -1.0 -1.0 -1.0 0.0 0.0 0.0 0.0 0.0 0.0 0.0 0.0 0.0 0.0 0.0 0.0 0.0 0.0 0.0 0.0 0.0 0.0 7.457142857142857 7.457142857142857 8.0 11.0 11.0 13.0 15.0 13.0
-9.0 -9.0 -8.0 -8.0 -8.0 -8.0 -8.0 -8.0 -8.0 -8.0 -8.0 -8.0 -8.0 -7.0 -7.0 -7.0 -7.0 -7.0 -7.0 -7.0 -7.0 -7.0 -7.0 -7.0 -7.0 -7.0 -7.0 -7.0 -6.0 -6.0 -6.0 -6.0 -6.0 -6.0 -6.0 -6.0 -6.0 -6.0 -5.0 -5.0 -5.0 -5.0 -5.0 -4.0 -4.0 -4.0 -4.0 -4.0 -3.0 -3.0 -3.0 -3.0 -2.0 -2.0 -2.0 -2.0 -1.0 -1.0 -1.0 -1.0 0.0 0.0 0.0 0.0 0.0 0.0 0.0 0.0 0.0 0.0 0.0 0.0 0.0 0.0 0.0 0.0 6.0 7.457142857142857 7.457142857142857 7.0 10.0 12.0 12.0 14.0 17.0 17.0
-9.0 -9.0 -8.0 -8.0 -8.0 -8.0 -8.0 -8.0 -8.0 -8.0 -8.0 -8.0 -8.0 -8.0 -7.0 -7.0 -7.0 -7.0 -7.0 -7.0 -7.0 -7.0 -7.0 -7.0 -7.0 -7.0 -7.0 -7.0 -6.0 -6.0 -6.0 -6.0 -6.0 -6.0 -6.0 -6.0 -6.0 -6.0 -5.0 -5.0 -5.0 -5.0 -5.0 -4.0 -4.0 -4.0 -4.0 -4.0 -3.0 -3.0 -3.0 -3.0 -2.0 -2.0 -2.0 -2.0 -1.0 -1.0 -1.0 -1.0 0.0 0.0 0.0 0.0 0.0 0.0 0.0 0.0 0.0 0.0 0.0 0.0 0.0 0.0 0.0 1.0 7.457142857142857 7.457142857142857 10.0 10.0 11.0 14.0 14.0 15.0 17.0 18.0
-9.0 -9.0 -8.0 -8.0 -8.0 -8.0 -8.0 -8.0 -8.0 -8.0 -8.0 -8.0 -8.0 -8.0 -7.0 -7.0 -7.0 -7.0 -7.0 -7.0 -7.0 -7.0 -7.0 -7.0 -7.0 -7.0 -7.0 -7.0 -7.0 -6.0 -6.0 -6.0 -6.0 -6.0 -6.0 -6.0 -6.0 -6.0 -5.0 -5.0 -5.0 -5.0 -5.0 -4.0 -4.0 -4.0 -4.0 -4.0 -3.0 -3.0 -3.0 -3.0 -2.0 -2.0 -2.0 -2.0 -1.0 -1.0 -1.0 0.0 0.0 0.0 0.0 0.0 0.0 0.0 0.0 0.0 0.0 0.0 0.0 0.0 0.0 0.0 1.0 7.457142857142857 7.457142857142857 6.0 9.0 11.0 14.0 16.0 16.0 16.0 18.0 19.0
-9.0 -9.0 -8.0 -8.0 -8.0 -8.0 -8.0 -8.0 -8.0 -8.0 -8.0 -8.0 -8.0 -8.0 -8.0 -7.0 -7.0 -7.0 -7.0 -7.0 -7.0 -7.0 -7.0 -7.0 -7.0 -7.0 -7.0 -7.0 -7.0 -6.0 -6.0 -6.0 -6.0 -6.0 -6.0 -6.0 -6.0 -6.0 -5.0 -5.0 -5.0 -5.0 -5.0 -4.0 -4.0 -4.0 -4.0 -4.0 -3.0 -3.0 -3.0 -3.0 -2.0 -2.0 -2.0 -2.0 -1.0 -1.0 -1.0 0.0 0.0 0.0 0.0 0.0 0.0 0.0 0.0 0.0 0.0 0.0 0.0 0.0 0.0 1.0 7.457142857142857 7.457142857142857 7.0 8.0 11.0 13.0 14.0 16.0 17.0 16.0 17.0 18.0
-9.0 -9.0 -8.0 -8.0 -8.0 -8.0 -8.0 -8.0 -8.0 -8.0 -8.0 -8.0 -8.0 -8.0 -8.0 -8.0 -7.0 -7.0 -7.0 -7.0 -7.0 -7.0 -7.0 -7.0 -7.0 -7.0 -7.0 -7.0 -7.0 -7.0 -6.0 -6.0 -6.0 -6.0 -6.0 -6.0 -6.0 -6.0 -5.0 -5.0 -5.0 -5.0 -5.0 -4.0 -4.0 -4.0 -4.0 -4.0 -3.0 -3.0 -3.0 -3.0 -2.0 -2.0 -2.0 -1.0 -1.0 -1.0 -1.0 0.0 0.0 0.0 0.0 0.0 0.0 0.0 0.0 0.0 0.0 0.0 0.0 0.0 5.0 7.457142857142857 7.457142857142857 8.0 10.0 12.0 13.0 14.0 14.0 15.0 15.0 14.0 14.0 15.0
-9.0 -9.0 -8.0 -8.0 -8.0 -8.0 -8.0 -8.0 -8.0 -8.0 -8.0 -8.0 -8.0 -8.0 -8.0 -8.0 -8.0 -7.0 -7.0 -7.0 -7.0 -7.0 -7.0 -7.0 -7.0 -7.0 -7.0 -7.0 -7.0 -7.0 -6.0 -6.0 -6.0 -6.0 -6.0 -6.0 -6.0 -6.0 -5.0 -5.0 -5.0 -5.0 -5.0 -4.0 -4.0 -4.0 -4.0 -4.0 -3.0 -3.0 -3.0 -3.0 -2.0 -2.0 -2.0 -1.0 -1.0 -1.0 -1.0 0.0 0.0 0.0 0.0 0.0 0.0 0.0 0.0 0.0 0.0 0.0 0.0 7.0 7.457142857142857 7.457142857142857 10.0 11.0 11.0 12.0 13.0 14.0 14.0 14.0 13.0 13.0 12.0 12.0
-9.0 -9.0 -8.0 -8.0 -8.0 -8.0 -8.0 -8.0 -8.0 -8.0 -8.0 -8.0 -8.0 -8.0 -8.0 -8.0 -8.0 -8.0 -7.0 -7.0 -7.0 -7.0 -7.0 -7.0 -7.0 -7.0 -7.0 -7.0 -7.0 -7.0 -6.0 -6.0 -6.0 -6.0 -6.0 -6.0 -6.0 -6.0 -5.0 -5.0 -5.0 -5.0 -5.0 -4.0 -4.0 -4.0 -4.0 -4.0 -3.0 -3.0 -3.0 -3.0 -2.0 -2.0 -2.0 -1.0 -1.0 -1.0 0.0 0.0 0.0 0.0 0.0 0.0 0.0 0.0 0.0 0.0 0.0 0.0 5.0 7.457142857142857 7.457142857142857 12.0 15.0 15.0 12.0 12.0 14.0 14.0 14.0 13.0 13.0 12.0 11.0 10.0
-9.0 -9.0 -8.0 -8.0 -8.0 -8.0 -8.0 -8.0 -8.0 -8.0 -8.0 -8.0 -8.0 -8.0 -8.0 -8.0 -8.0 -8.0 -8.0 -8.0 -7.0 -7.0 -7.0 -7.0 -7.0 -7.0 -7.0 -7.0 -7.0 -7.0 -6.0 -6.0 -6.0 -6.0 -6.0 -6.0 -6.0 -6.0 -5.0 -5.0 -5.0 -5.0 -5.0 -4.0 -4.0 -4.0 -4.0 -4.0 -3.0 -3.0 -3.0 -3.0 -2.0 -2.0 -2.0 -1.0 -1.0 -1.0 0.0 0.0 0.0 0.0 0.0 0.0 0.0 0.0 0.0 0.0 0.0 7.0 7.457142857142857 7.457142857142857 12.0 13.0 15.0 15.0 12.0 13.0 15.0 15.0 14.0 14.0 13.0 13.0 11.0 9.0
-9.0 -9.0 -8.0 -8.0 -8.0 -8.0 -8.0 -8.0 -8.0 -8.0 -8.0 -8.0 -8.0 -8.0 -8.0 -8.0 -8.0 -8.0 -8.0 -8.0 -8.0 -7.0 -7.0 -7.0 -7.0 -7.0 -7.0 -7.0 -7.0 -7.0 -7.0 -6.0 -6.0 -6.0 -6.0 -6.0 -6.0 -6.0 -5.0 -5.0 -5.0 -5.0 -5.0 -4.0 -4.0 -4.0 -4.0 -4.0 -3.0 -3.0 -3.0 -3.0 -2.0 -2.0 -2.0 -1.0 -1.0 -1.0 0.0 0.0 0.0 0.0 0.0 0.0 0.0 0.0 0.0 0.0 0.0 7.457142857142857 7.457142857142857 10.0 12.0 13.0 14.0 14.0 13.0 13.0 15.0 15.0 15.0 15.0 14.0 14.0 12.0 9.0
-9.0 -9.0 -8.0 -8.0 -8.0 -8.0 -8.0 -8.0 -8.0 -8.0 -8.0 -8.0 -8.0 -8.0 -8.0 -8.0 -8.0 -8.0 -8.0 -8.0 -8.0 -7.0 -7.0 -7.0 -7.0 -7.0 -7.0 -7.0 -7.0 -7.0 -7.0 -6.0 -6.0 -6.0 -6.0 -6.0 -6.0 -6.0 -5.0 -5.0 -5.0 -5.0 -5.0 -4.0 -4.0 -4.0 -4.0 -4.0 -3.0 -3.0 -3.0 -3.0 -2.0 -2.0 -2.0 -1.0 -1.0 -1.0 0.0 0.0 0.0 0.0 0.0 0.0 0.0 0.0 0.0 0.0 7.457142857142857 7.457142857142857 11.0 12.0 14.0 14.0 14.0 14.0 15.0 15.0 15.0 15.0 16.0 16.0 15.0 14.0 12.0 10.0
-9.0 -9.0 -8.0 -8.0 -8.0 -8.0 -8.0 -8.0 -8.0 -8.0 -8.0 -8.0 -8.0 -8.0 -8.0 -8.0 -8.0 -8.0 -8.0 -8.0 -8.0 -8.0 -7.0 -7.0 -7.0 -7.0 -7.0 -7.0 -7.0 -7.0 -7.0 -6.0 -6.0 -6.0 -6.0 -6.0 -6.0 -6.0 -5.0 -5.0 -5.0 -5.0 -5.0 -4.0 -4.0 -4.0 -4.0 -4.0 -3.0 -3.0 -3.0 -3.0 -2.0 -2.0 -2.0 -1.0 -1.0 -1.0 0.0 0.0 0.0 0.0 0.0 0.0 0.0 0.0 0.0 14.0 7.457142857142857 13.0 14.0 15.0 14.0 14.0 14.0 15.0 16.0 16.0 15.0 15.0 16.0 16.0 14.0 13.0 12.0 11.0
-9.0 -9.0 -8.0 -8.0 -8.0 -8.0 -8.0 -8.0 -8.0 -8.0 -8.0 -8.0 -8.0 -8.0 -8.0 -8.0 -8.0 -8.0 -8.0 -8.0 -8.0 -8.0 -8.0 -7.0 -7.0 -7.0 -7.0 -7.0 -7.0 -7.0 -7.0 -6.0 -6.0 -6.0 -6.0 -6.0 -6.0 -6.0 -5.0 -5.0 -5.0 -5.0 -5.0 -4.0 -4.0 -4.0 -4.0 -4.0 -3.0 -3.0 -3.0 -3.0 -2.0 -2.0 -2.0 -1.0 -1.0 0.0 0.0 0.0 0.0 0.0 0.0 0.0 0.0 0.0 7.457142857142857 7.457142857142857 7.457142857142857 13.0 15.0 16.0 15.0 14.0 14.0 15.0 15.0 15.0 15.0 15.0 16.0 16.0 15.0 14.0 13.0 12.0
-9.0 -9.0 -8.0 -8.0 -8.0 -8.0 -8.0 -8.0 -8.0 -8.0 -8.0 -8.0 -8.0 -8.0 -8.0 -8.0 -8.0 -8.0 -8.0 -8.0 -8.0 -8.0 -8.0 -7.0 -7.0 -7.0 -7.0 -7.0 -7.0 -7.0 -7.0 -6.0 -6.0 -6.0 -6.0 -6.0 -6.0 -6.0 -5.0 -5.0 -5.0 -5.0 -5.0 -4.0 -4.0 -4.0 -4.0 -4.0 -3.0 -3.0 -3.0 -3.0 -2.0 -2.0 -2.0 -1.0 -1.0 0.0 0.0 0.0 0.0 0.0 0.0 0.0 0.0 7.457142857142857 7.457142857142857 8.0 9.0 12.0 15.0 17.0 16.0 15.0 16.0 17.0 16.0 16.0 15.0 16.0 17.0 17.0 16.0 16.0 13.0 12.0
-9.0 -9.0 -8.0 -8.0 -8.0 -8.0 -8.0 -8.0 -8.0 -8.0 -8.0 -8.0 -8.0 -8.0 -8.0 -8.0 -8.0 -8.0 -8.0 -8.0 -8.0 -8.0 -8.0 -7.0 -7.0 -7.0 -7.0 -7.0 -7.0 -7.0 -7.0 -6.0 -6.0 -6.0 -6.0 -6.0 -6.0 -6.0 -5.0 -5.0 -5.0 -5.0 -5.0 -4.0 -4.0 -4.0 -4.0 -4.0 -3.0 -3.0 -3.0 -3.0 -2.0 -2.0 -1.0 -1.0 -1.0 0.0 0.0 0.0 0.0 0.0 0.0 0.0 7.457142857142857 7.457142857142857 7.0 10.0 12.0 14.0 16.0 18.0 17.0 17.0 17.0 17.0 17.0 18.0 16.0 16.0 18.0 19.0 19.0 16.0 13.0 12.0
-9.0 -9.0 -8.0 -8.0 -8.0 -8.0 -8.0 -8.0 -8.0 -8.0 -8.0 -8.0 -8.0 -8.0 -8.0 -8.0 -8.0 -8.0 -8.0 -8.0 -8.0 -8.0 -8.0 -8.0 -7.0 -7.0 -7.0 -7.0 -7.0 -7.0 -7.0 -7.0 -6.0 -6.0 -6.0 -6.0 -6.0 -6.0 -5.0 -5.0 -5.0 -5.0 -5.0 -4.0 -4.0 -4.0 -4.0 -4.0 -3.0 -3.0 -3.0 -3.0 -2.0 -2.0 -1.0 -1.0 -1.0 0.0 0.0 0.0 0.0 0.0 7.0 10.0 10.0 9.0 9.0 13.0 16.0 15.0 16.0 16.0 17.0 17.0 17.0 17.0 18.0 18.0 17.0 17.0 18.0 19.0 19.0 16.0 14.0 14.0
-9.0 -9.0 -8.0 -8.0 -8.0 -8.0 -8.0 -8.0 -8.0 -8.0 -8.0 -8.0 -8.0 -8.0 -8.0 -8.0 -8.0 -8.0 -8.0 -8.0 -8.0 -8.0 -8.0 -8.0 -7.0 -7.0 -7.0 -7.0 -7.0 -7.0 -7.0 -7.0 -6.0 -6.0 -6.0 -6.0 -6.0 -6.0 -5.0 -5.0 -5.0 -5.0 -5.0 -4.0 -4.0 -4.0 -4.0 -4.0 -3.0 -3.0 -3.0 -3.0 -2.0 -2.0 -1.0 -1.0 -1.0 0.0 0.0 0.0 0.0 6.0 9.0 10.0 11.0 10.0 12.0 17.0 18.0 14.0 16.0 17.0 18.0 18.0 19.0 19.0 18.0 19.0 19.0 17.0 17.0 19.0 18.0 16.0 14.0 14.0
-9.0 -9.0 -8.0 -8.0 -8.0 -8.0 -8.0 -8.0 -8.0 -8.0 -8.0 -8.0 -8.0 -8.0 -8.0 -8.0 -8.0 -8.0 -8.0 -8.0 -8.0 -8.0 -8.0 -8.0 -8.0 -7.0 -7.0 -7.0 -7.0 -7.0 -7.0 -7.0 -6.0 -6.0 -6.0 -6.0 -6.0 -6.0 -5.0 -5.0 -5.0 -5.0 -5.0 -4.0 -4.0 -4.0 -4.0 -4.0 -3.0 -3.0 -3.0 -3.0 -2.0 -2.0 -1.0 -1.0 -1.0 0.0 0.0 0.0 5.0 8.0 11.0 10.0 9.0 10.0 14.0 19.0 19.0 15.0 18.0 20.0 21.0 22.0 22.0 20.0 20.0 20.0 20.0 19.0 18.0 18.0 17.0 16.0 14.0 14.0
-9.0 -9.0 -9.0 -8.0 -8.0 -8.0 -8.0 -8.0 -8.0 -8.0 -8.0 -8.0 -8.0 -8.0 -8.0 -8.0 -8.0 -8.0 -8.0 -8.0 -8.0 -8.0 -8.0 -8.0 -8.0 -7.0 -7.0 -7.0 -7.0 -7.0 -7.0 -7.0 -6.0 -6.0 -6.0 -6.0 -6.0 -6.0 -5.0 -5.0 -5.0 -5.0 -5.0 -4.0 -4.0 -4.0 -4.0 -3.0 -3.0 -3.0 -3.0 -2.0 -2.0 -2.0 -1.0 -1.0 0.0 0.0 10.0 7.0 6.0 8.0 10.0 9.0 8.0 8.0 12.0 19.0 22.0 19.0 20.0 21.0 22.0 22.0 21.0 21.0 21.0 23.0 23.0 22.0 21.0 19.0 18.0 16.0 15.0 15.0
-9.0 -9.0 -9.0 -8.0 -8.0 -8.0 -8.0 -8.0 -8.0 -8.0 -8.0 -8.0 -8.0 -8.0 -8.0 -8.0 -8.0 -8.0 -8.0 -8.0 -8.0 -8.0 -8.0 -8.0 -8.0 -7.0 -7.0 -7.0 -7.0 -7.0 -7.0 -7.0 -6.0 -6.0 -6.0 -6.0 -6.0 -6.0 -5.0 -5.0 -5.0 -5.0 -5.0 -4.0 -4.0 -4.0 -4.0 -3.0 -3.0 -3.0 -3.0 -2.0 -2.0 -2.0 -1.0 -1.0 0.0 8.0 8.0 7.0 7.0 8.0 8.0 8.0 8.0 7.0 11.0 15.0 21.0 20.0 19.0 20.0 21.0 22.0 23.0 22.0 23.0 24.0 25.0 25.0 23.0 20.0 18.0 17.0 16.0 15.0
-9.0 -9.0 -9.0 -8.0 -8.0 -8.0 -8.0 -8.0 -8.0 -8.0 -8.0 -8.0 -8.0 -8.0 -8.0 -8.0 -8.0 -8.0 -8.0 -8.0 -8.0 -8.0 -8.0 -8.0 -8.0 -8.0 -7.0 -7.0 -7.0 -7.0 -7.0 -7.0 -6.0 -6.0 -6.0 -6.0 -6.0 -6.0 -5.0 -5.0 -5.0 -5.0 -4.0 -4.0 -4.0 -4.0 -4.0 -3.0 -3.0 -3.0 -3.0 -2.0 -2.0 -2.0 -1.0 -1.0 0.0 4.0 7.0 8.0 8.0 8.0 8.0 8.0 8.0 10.0 10.0 14.0 18.0 19.0 18.0 19.0 20.0 21.0 22.0 22.0 22.0 23.0 25.0 26.0 25.0 21.0 19.0 18.0 16.0 16.0
-9.0 -9.0 -9.0 -9.0 -8.0 -8.0 -8.0 -8.0 -8.0 -8.0 -8.0 -8.0 -8.0 -8.0 -8.0 -8.0 -8.0 -8.0 -8.0 -8.0 -8.0 -8.0 -8.0 -8.0 -8.0 -8.0 -7.0 -7.0 -7.0 -7.0 -7.0 -7.0 -6.0 -6.0 -6.0 -6.0 -6.0 -6.0 -5.0 -5.0 -5.0 -5.0 -4.0 -4.0 -4.0 -4.0 -4.0 -3.0 -3.0 -3.0 -3.0 -2.0 -2.0 -1.0 -1.0 -1.0 0.0 4.0 8.0 10.0 9.0 9.0 9.0 9.0 9.0 10.0 11.0 13.0 16.0 18.0 19.0 18.0 18.0 20.0 20.0 21.0 21.0 22.0 24.0 26.0 25.0 21.0 20.0 18.0 16.0 16.0
-9.0 -9.0 -9.0 -9.0 -9.0 -8.0 -8.0 -8.0 -8.0 -8.0 -8.0 -8.0 -8.0 -8.0 -8.0 -8.0 -8.0 -8.0 -8.0 -8.0 -8.0 -8.0 -8.0 -8.0 -8.0 -8.0 -7.0 -7.0 -7.0 -7.0 -7.0 -7.0 -6.0 -6.0 -6.0 -6.0 -6.0 -6.0 -5.0 -5.0 -5.0 -5.0 -4.0 -4.0 -4.0 -4.0 -4.0 -3.0 -3.0 -3.0 -3.0 -2.0 -2.0 -1.0 -1.0 -1.0 4.0 6.0 10.0 12.0 11.0 10.0 10.0 10.0 8.0 9.0 10.0 12.0 14.0 17.0 18.0 18.0 18.0 18.0 19.0 21.0 21.0 22.0 23.0 24.0 23.0 21.0 17.0 15.0 14.0 14.0
-9.0 -9.0 -9.0 -9.0 -9.0 -8.0 -8.0 -8.0 -8.0 -8.0 -8.0 -8.0 -8.0 -8.0 -8.0 -8.0 -8.0 -8.0 -8.0 -8.0 -8.0 -8.0 -8.0 -8.0 -8.0 -8.0 -7.0 -7.0 -7.0 -7.0 -7.0 -7.0 -6.0 -6.0 -6.0 -6.0 -6.0 -6.0 -5.0 -5.0 -5.0 -5.0 -4.0 -4.0 -4.0 -4.0 -3.0 -3.0 -3.0 -3.0 -3.0 -2.0 -2.0 -1.0 -1.0 -1.0 6.0 9.0 11.0 13.0 12.0 11.0 12.0 13.0 9.0 8.0 9.0 11.0 13.0 15.0 14.0 16.0 17.0 18.0 19.0 20.0 22.0 24.0 25.0 24.0 23.0 20.0 16.0 14.0 14.0 14.0
-9.0 -9.0 -9.0 -9.0 -9.0 -8.0 -8.0 -8.0 -8.0 -8.0 -8.0 -8.0 -8.0 -8.0 -8.0 -8.0 -8.0 -8.0 -8.0 -8.0 -8.0 -8.0 -8.0 -8.0 -8.0 -8.0 -7.0 -7.0 -7.0 -7.0 -7.0 -7.0 -6.0 -6.0 -6.0 -6.0 -6.0 -6.0 -5.0 -5.0 -5.0 -5.0 -4.0 -4.0 -4.0 -4.0 -3.0 -3.0 -3.0 -3.0 -3.0 -2.0 -2.0 -1.0 -1.0 -1.0 6.0 9.0 11.0 13.0 12.0 11.0 12.0 13.0 9.0 8.0 9.0 11.0 13.0 15.0 14.0 16.0 17.0 18.0 19.0 20.0 22.0 24.0 25.0 24.0 23.0 20.0 16.0 14.0 14.0 14.0
