includes/mahajanga_coast/floodfiles/results_R2_t1.688656434644E12/res-0013.wd
ncols         269
nrows         308
xllcorner     384108.384600
yllcorner     1149646.260900
cellsize      30.000000
NODATA_value  -9999.000000
[rows 264 to 296 of 308, columns 152 to 227 of 269]
7.619 7.619 7.619 7.619 7.619 7.620 7.620 7.620 7.620 7.620 7.620 7.620 7.620 7.620 7.620 7.620 7.620 7.620 7.620 7.620 7.621 7.621 7.621 7.621 7.621 7.621 7.621 7.621 7.621 7.621 7.622 7.622 7.622 7.622 7.622 7.622 7.622 7.622 7.622 7.622 7.622 7.623 7.623 7.623 7.623 7.623 7.623 7.623 7.623 7.623 7.623 7.623 7.624 7.624 7.624 7.624 7.624 7.624 2.624 2.624 4.624 4.625 3.624 2.625 2.625 1.625 1.625 4.625 5.625 3.625 0.625 0.626 2.626 4.626 5.626 5.626
7.619 7.619 7.619 7.619 7.619 7.620 7.620 7.620 7.620 7.620 7.620 7.620 7.620 7.620 7.620 7.620 7.620 7.620 7.620 7.620 7.621 7.621 7.621 7.621 7.621 7.621 7.621 7.621 7.621 7.621 7.622 7.622 7.622 7.622 7.622 7.622 7.622 7.622 7.622 7.622 7.622 7.623 3.623 0.623 3.623 6.623 6.623 6.623 6.623 6.623 3.623 2.623 2.624 1.624 1.624 2.624 0.000 1.624 2.624 3.624 4.624 4.624 3.625 1.625 1.625 1.625 1.625 3.625 5.625 3.625 1.625 0.625 0.626 2.626 3.626 3.626
7.619 7.619 7.619 7.619 7.619 7.619 7.620 7.620 7.620 7.620 7.620 7.620 7.620 7.620 7.620 7.620 7.620 7.620 7.620 7.620 7.621 7.621 7.621 7.621 7.621 7.621 7.621 7.621 7.621 7.621 7.621 7.622 7.622 7.622 7.622 7.622 7.622 7.622 7.622 7.622 7.622 2.623 1.623 2.623 3.623 6.623 7.623 6.623 6.623 4.623 2.623 2.623 2.624 1.624 2.624 2.624 1.624 2.624 4.624 4.624 4.624 4.624 3.625 1.625 0.625 2.625 2.625 3.625 3.625 3.625 1.625 0.625 0.626 1.626 3.626 2.626
7.619 7.619 7.619 7.619 7.619 7.619 7.619 7.620 7.620 7.620 7.620 7.620 7.620 7.620 7.620 7.620 7.620 7.620 7.620 7.620 7.620 7.621 7.621 7.621 7.621 7.621 7.621 7.621 7.621 7.621 7.621 7.621 7.622 7.622 7.622 7.622 7.622 7.622 7.622 7.622 7.622 0.622 3.623 4.623 2.623 1.623 4.623 5.623 6.623 5.623 2.623 2.623 2.624 1.624 2.624 4.624 3.624 4.624 5.624 4.624 3.624 4.625 3.625 2.625 1.625 3.625 3.625 4.625 3.625 2.625 1.625 0.625 0.626 2.626 4.626 4.626
7.619 7.619 7.619 7.619 7.619 7.619 7.619 7.620 7.620 7.620 7.620 7.620 7.620 7.620 7.620 7.620 7.620 7.620 7.620 7.620 7.620 7.621 7.621 7.621 7.621 7.621 7.621 7.621 7.621 7.621 7.621 7.621 7.622 7.622 7.622 7.622 7.622 7.622 7.622 7.622 7.622 7.622 6.622 3.623 0.000 0.000 0.000 2.623 5.623 4.623 2.623 3.623 3.624 1.624 2.624 3.624 2.624 3.624 3.624 3.624 3.624 4.625 4.625 3.625 2.625 3.625 4.625 5.625 3.625 1.625 0.000 0.626 1.626 3.626 5.626 4.626
7.619 7.619 7.619 7.619 7.619 7.619 7.619 7.620 7.620 7.620 7.620 7.620 7.620 7.620 7.620 7.620 7.620 7.620 7.620 7.620 7.620 7.620 7.621 7.621 7.621 7.621 7.621 7.621 7.621 7.621 7.621 7.621 7.622 7.622 7.622 7.622 7.622 7.622 7.622 7.622 7.622 7.622 7.622 7.623 7.623 7.623 7.623 7.623 4.623 4.623 2.623 4.623 4.623 2.624 2.624 2.624 2.624 2.624 2.624 2.624 2.624 3.625 3.625 3.625 2.625 3.625 4.625 5.625 4.625 2.625 0.000 1.626 2.626 3.626 5.626 3.626
7.619 7.619 7.619 7.619 7.619 7.619 7.619 7.619 7.620 7.620 7.620 7.620 7.620 7.620 7.620 7.620 7.620 7.620 7.620 7.620 7.620 7.620 7.621 7.621 7.621 7.621 7.621 7.621 7.621 7.621 7.621 7.621 7.621 7.622 7.622 7.622 7.622 7.622 7.622 7.622 7.622 7.622 7.622 7.623 7.623 7.623 7.623 7.623 7.623 7.623 7.623 3.623 2.623 1.624 3.624 3.624 2.624 1.624 1.624 1.624 1.624 1.625 2.625 1.625 1.625 2.625 3.625 4.625 5.625 3.625 3.625 4.626 3.626 3.626 4.626 3.626
7.619 7.619 7.619 7.619 7.619 7.619 7.619 7.619 7.620 7.620 7.620 7.620 7.620 7.620 7.620 7.620 7.620 7.620 7.620 7.620 7.620 7.620 7.620 7.621 7.621 7.621 7.621 7.621 7.621 7.621 7.621 7.621 7.621 7.622 7.622 7.622 7.622 7.622 7.622 7.622 7.622 7.622 7.622 7.623 7.623 7.623 7.623 7.623 7.623 7.623 7.623 7.623 7.623 0.624 3.624 4.624 4.624 1.624 1.624 1.624 1.624 1.624 1.625 1.625 1.625 1.625 1.625 1.625 2.625 3.625 5.625 5.626 3.626 4.626 4.626 3.626
7.619 7.619 7.619 7.619 7.619 7.619 7.619 7.619 7.620 7.620 7.620 7.620 7.620 7.620 7.620 7.620 7.620 7.620 7.620 7.620 7.620 7.620 7.620 7.620 7.621 7.621 7.621 7.621 7.621 7.621 7.621 7.621 7.621 7.621 7.622 7.622 7.622 7.622 7.622 7.622 7.622 7.622 7.622 7.623 7.623 7.623 7.623 7.623 7.623 7.623 7.623 7.623 7.623 7.623 7.624 7.624 7.624 1.624 1.624 2.624 2.624 1.624 1.624 1.625 1.625 1.625 1.625 2.625 1.625 2.625 3.625 4.625 4.626 4.626 4.626 3.626
7.619 7.619 7.619 7.619 7.619 7.619 7.619 7.619 7.619 7.620 7.620 7.620 7.620 7.620 7.620 7.620 7.620 7.620 7.620 7.620 7.620 7.620 7.620 7.620 7.621 7.621 7.621 7.621 7.621 7.621 7.621 7.621 7.621 7.621 7.622 7.622 7.622 7.622 7.622 7.622 7.622 7.622 7.622 7.623 7.623 7.623 7.623 7.623 7.623 7.623 7.623 7.623 7.623 7.623 7.624 7.624 7.624 7.624 7.624 3.624 2.624 2.624 2.624 1.625 2.625 1.625 2.625 2.625 2.625 2.625 1.625 3.626 4.626 3.626 2.626 7.626
7.619 7.619 7.619 7.619 7.619 7.619 7.619 7.619 7.619 7.620 7.620 7.620 7.620 7.620 7.620 7.620 7.620 7.620 7.620 7.620 7.620 7.620 7.620 7.620 7.621 7.621 7.621 7.621 7.621 7.621 7.621 7.621 7.621 7.621 7.621 7.622 7.622 7.622 7.622 7.622 7.622 7.622 7.622 7.622 7.623 7.623 7.623 7.623 7.623 7.623 7.623 7.623 7.623 7.623 7.624 7.624 7.624 7.624 7.624 3.624 2.624 2.624 2.624 1.624 2.625 1.625 2.625 2.625 2.625 2.625 1.625 3.626 4.626 3.626 2.626 7.626
7.619 7.619 7.619 7.619 7.619 7.619 7.619 7.619 7.619 7.619 7.620 7.620 7.620 7.620 7.620 7.620 7.620 7.620 7.620 7.620 7.620 7.620 7.620 7.620 7.620 7.621 7.621 7.621 7.621 7.621 7.621 7.621 7.621 7.621 7.621 7.622 7.622 7.622 7.622 7.622 7.622 7.622 7.622 7.622 7.623 7.623 7.623 7.623 7.623 7.623 7.623 7.623 7.623 7.623 7.624 7.624 7.624 7.624 7.624 7.624 2.624 4.624 4.624 2.625 0.625 1.625 7.625 7.625 7.625 7.625 7.625 7.625 7.625 7.626 7.626 7.626
7.619 7.619 7.619 7.619 7.619 7.619 7.619 7.619 7.619 7.619 7.619 7.620 7.620 7.620 7.620 7.620 7.620 7.620 7.620 7.620 7.620 7.620 7.620 7.620 7.620 7.621 7.621 7.621 7.621 7.621 7.621 7.621 7.621 7.621 7.621 7.622 7.622 7.622 7.622 7.622 7.622 7.622 7.622 7.622 7.623 7.623 7.623 7.623 7.623 7.623 7.623 7.623 7.623 7.623 7.624 7.624 7.624 7.624 7.624 7.624 7.624 7.624 7.624 7.625 7.625 7.625 7.625 7.625 7.625 7.625 7.625 7.625 7.625 7.626 7.626 7.626
7.619 7.619 7.619 7.619 7.619 7.619 7.619 7.619 7.619 7.619 7.619 7.620 7.620 7.620 7.620 7.620 7.620 7.620 7.620 7.620 7.620 7.620 7.620 7.620 7.620 7.621 7.621 7.621 7.621 7.621 7.621 7.621 7.621 6.621 7.621 7.622 7.622 7.622 7.622 7.622 7.622 7.622 7.622 7.622 7.623 7.623 7.623 7.623 7.623 7.623 7.623 7.623 7.623 7.623 7.624 7.624 7.624 7.624 7.624 7.624 7.624 7.624 7.624 7.625 7.625 7.625 7.625 7.625 7.625 7.625 7.625 7.625 7.625 7.626 7.626 7.626
7.619 7.619 7.619 7.619 7.619 7.619 7.619 7.619 7.619 7.619 7.619 7.620 7.620 7.620 7.620 7.620 7.620 7.620 7.620 7.620 7.620 7.620 7.620 7.620 7.620 7.620 7.621 7.621 6.621 1.621 2.621 6.621 6.621 6.621 6.621 6.622 7.622 7.622 7.622 7.622 7.622 7.622 7.622 7.622 7.623 7.623 7.623 7.623 7.623 7.623 7.623 7.623 7.623 7.623 7.624 7.624 7.624 7.624 7.624 7.624 7.624 7.624 7.624 7.625 7.625 7.625 7.625 7.625 7.625 7.625 7.625 7.625 7.625 7.626 7.626 7.626
7.619 7.619 7.619 7.619 7.619 7.619 7.619 7.619 7.619 7.619 7.619 7.619 7.620 7.620 7.620 7.620 7.620 7.620 7.620 7.620 7.620 7.620 7.620 7.620 7.620 7.620 7.620 6.621 4.621 0.621 0.621 3.621 4.621 4.621 3.621 4.622 5.622 6.622 6.622 7.622 7.622 7.622 7.622 7.622 7.622 7.623 7.623 7.623 7.623 7.623 7.623 7.623 7.623 7.624 7.624 7.624 7.624 7.624 7.624 7.624 7.624 7.624 7.624 7.625 7.625 7.625 7.625 7.625 7.625 7.625 7.625 7.625 7.625 7.625 7.626 7.626
7.619 7.619 7.619 7.619 7.619 7.619 7.619 7.619 7.619 7.619 7.619 7.619 7.620 7.620 7.620 7.620 7.620 7.620 7.620 7.620 7.620 7.620 7.620 7.620 7.620 7.620 3.620 4.620 1.620 0.000 0.621 1.621 2.621 2.621 1.621 2.621 3.622 4.622 6.622 6.622 6.622 6.622 7.622 7.622 7.622 7.623 7.623 7.623 7.623 7.623 7.623 7.623 7.623 7.624 7.624 7.624 7.624 7.624 7.624 7.624 7.624 7.624 7.624 7.625 7.625 7.625 7.625 7.625 7.625 7.625 7.625 7.625 7.625 7.625 7.626 7.626
7.619 7.619 7.619 7.619 7.619 7.619 7.619 7.619 7.619 7.619 7.619 7.619 7.620 7.620 7.620 7.620 7.620 7.620 7.620 7.620 4.620 6.620 4.620 7.620 3.620 2.620 1.620 0.620 0.620 0.000 0.621 1.621 2.621 3.621 2.621 2.621 4.621 4.622 4.622 4.622 5.622 4.622 4.622 6.622 6.622 7.622 2.623 0.000 7.623 7.623 7.623 7.623 7.623 7.623 7.624 7.624 7.624 7.624 7.624 7.624 7.624 7.624 7.624 7.624 7.625 7.625 7.625 7.625 7.625 7.625 7.625 7.625 7.625 7.625 7.625 7.626
7.619 7.619 7.619 7.619 7.619 7.619 7.619 7.619 7.619 7.619 7.619 7.619 7.620 7.620 7.620 7.620 7.620 7.620 0.000 0.000 1.620 5.620 3.620 1.620 1.620 1.620 0.620 1.620 1.620 0.620 0.620 2.621 2.621 4.621 4.621 3.621 3.621 2.621 1.622 2.622 4.622 3.622 3.622 4.622 6.622 4.622 1.623 1.623 2.623 7.623 7.623 7.623 7.623 7.623 7.624 7.624 7.624 7.624 7.624 7.624 7.624 7.624 7.624 7.624 7.625 7.625 7.625 7.625 7.625 7.625 7.625 7.625 7.625 7.625 7.625 7.626
7.619 7.619 7.619 7.619 7.619 7.619 7.619 7.619 7.619 7.619 7.619 7.619 7.620 7.620 7.620 7.620 7.620 7.620 0.000 0.620 3.620 4.620 4.620 2.620 1.620 2.620 2.620 4.620 4.620 2.620 2.620 3.620 3.620 4.621 5.621 3.621 2.621 0.621 0.621 1.621 3.622 3.622 2.622 4.622 5.622 3.622 2.622 2.623 3.623 6.623 6.623 7.623 7.623 7.623 7.624 7.624 7.624 7.624 7.624 7.624 7.624 7.624 7.624 7.624 7.625 7.625 7.625 7.625 7.625 7.625 7.625 7.625 7.625 7.625 7.625 7.625
7.619 7.619 7.619 7.619 7.619 7.619 7.619 7.619 7.619 7.619 7.619 7.619 7.619 7.619 7.619 7.619 7.620 6.620 2.620 3.620 0.620 2.620 2.620 3.620 3.620 5.620 7.620 6.620 4.620 2.620 3.620 5.620 5.620 6.620 5.621 2.621 1.621 0.621 0.621 1.621 2.621 1.622 1.622 4.622 4.622 4.622 2.622 1.622 2.623 5.623 6.623 4.623 4.623 7.623 7.624 7.624 7.624 7.624 7.624 7.624 7.624 7.624 7.624 7.624 7.625 7.625 7.625 7.625 7.625 7.625 7.625 7.625 7.625 7.625 7.625 7.625
7.619 7.619 7.619 7.619 7.619 7.619 7.619 7.619 7.619 7.619 7.619 7.619 7.619 7.619 7.619 7.619 7.619 6.619 5.620 4.620 1.620 1.620 4.620 4.620 6.620 7.620 8.620 8.620 3.620 3.620 3.620 4.620 5.620 7.620 6.620 2.620 1.621 1.621 2.621 3.621 2.621 1.621 2.621 3.622 4.622 5.622 3.622 0.622 0.623 3.623 4.623 4.623 3.623 2.623 1.623 0.000 0.000 3.624 7.624 7.624 7.624 7.624 7.624 7.624 7.625 7.625 7.625 7.625 7.625 7.625 7.625 7.625 7.625 7.625 7.625 7.625
8.619 7.619 7.619 7.619 7.619 7.619 7.619 7.619 7.619 7.619 7.619 7.619 7.619 7.619 7.619 7.619 7.619 7.619 5.619 3.620 2.620 4.620 5.620 5.620 7.620 7.620 7.620 7.620 6.620 4.620 3.620 2.620 3.620 5.620 4.620 2.620 2.620 2.621 3.621 3.621 3.621 2.621 3.621 3.621 3.621 6.622 4.622 1.622 0.622 2.623 4.623 5.623 4.623 2.623 0.623 0.000 0.624 4.624 6.624 6.624 7.624 7.624 7.624 7.624 7.624 7.625 7.625 7.625 7.625 7.625 7.625 7.625 7.625 7.625 7.625 3.625
8.619 8.619 8.619 7.619 7.619 7.619 7.619 7.619 7.619 7.619 7.619 7.619 7.619 7.619 7.619 7.619 7.619 7.619 7.619 7.620 7.620 7.620 5.620 4.620 5.620 5.620 5.620 7.620 7.620 6.620 6.620 4.620 3.620 4.620 4.620 3.620 5.620 3.620 1.621 2.621 2.621 3.621 5.621 4.621 3.621 7.621 4.621 2.622 1.622 2.623 3.623 4.623 2.623 0.623 0.000 0.000 0.624 1.624 2.624 3.624 4.624 3.624 2.624 2.624 3.624 6.624 5.625 3.625 6.625 5.625 2.625 2.625 5.625 6.625 6.625 6.625
8.619 8.619 8.619 8.619 8.619 7.619 7.619 7.619 7.619 7.619 7.619 7.619 7.619 7.619 7.619 7.619 7.619 7.619 7.619 7.620 7.620 7.620 7.620 3.620 2.620 2.620 4.620 6.620 5.620 6.620 8.620 6.620 4.620 4.620 4.620 5.620 6.620 3.620 7.620 7.621 7.621 7.621 6.621 5.621 4.621 7.621 4.621 3.621 2.622 1.622 1.623 1.623 0.623 0.623 0.623 0.000 0.624 2.623 1.624 1.624 1.624 2.624 3.624 4.624 4.624 3.624 2.624 3.624 4.625 3.625 0.625 0.625 4.625 6.625 6.625 3.625
8.619 8.619 8.619 8.619 8.619 8.619 7.619 7.619 7.619 7.619 7.619 7.619 7.619 7.619 7.619 7.619 7.619 7.619 7.619 7.619 7.620 7.620 7.620 7.620 0.619 0.620 4.620 8.620 5.620 6.620 8.620 8.620 5.620 4.620 4.620 5.620 7.620 7.620 7.620 7.620 7.621 7.621 7.621 7.621 7.621 4.621 3.621 4.621 3.621 0.622 0.000 0.000 0.000 0.000 0.623 0.623 2.623 3.623 3.623 2.623 1.624 1.624 3.624 3.624 2.624 0.624 0.624 1.624 0.624 0.000 0.625 1.624 3.625 5.625 4.625 3.625
8.619 8.619 8.619 8.619 8.619 8.619 8.619 7.619 7.619 7.619 7.619 7.619 7.619 7.619 7.619 7.619 7.619 7.619 7.619 7.619 7.619 7.620 7.620 7.620 7.619 7.620 2.620 6.620 5.620 5.620 6.620 6.620 3.620 4.620 4.620 7.620 7.620 7.620 7.620 7.620 7.620 7.620 7.621 7.621 7.621 2.621 3.621 5.621 4.621 1.621 0.621 0.621 0.622 0.622 0.622 1.623 2.623 4.623 4.623 3.623 2.623 1.624 2.624 1.624 0.624 0.000 0.624 1.624 0.624 0.000 1.624 2.624 3.624 4.625 3.625 2.625
8.619 8.619 8.619 8.619 8.619 8.619 8.619 7.619 7.619 7.619 7.619 7.619 7.619 7.619 7.619 7.619 7.619 7.619 7.619 7.619 7.619 7.619 7.620 7.620 7.620 7.620 7.620 7.620 7.620 7.620 7.620 3.620 1.620 7.620 7.620 7.620 7.620 7.620 7.620 7.620 7.620 7.620 7.620 7.621 7.621 2.621 3.621 4.621 3.621 0.621 1.621 2.621 2.622 1.622 1.622 1.622 1.623 3.623 3.623 2.623 1.623 1.623 0.623 1.623 1.623 1.623 1.624 2.624 1.624 1.624 3.624 4.624 3.624 3.624 2.624 0.625
8.619 8.619 8.619 8.619 8.619 8.619 8.619 7.619 7.619 7.619 7.619 7.619 7.619 7.619 7.619 7.619 7.619 7.619 7.619 7.619 7.619 7.619 7.619 7.620 7.620 7.620 7.620 7.620 7.620 7.620 7.620 7.620 7.620 7.620 7.620 7.620 7.620 7.620 7.620 7.620 7.620 7.620 7.620 7.620 7.620 2.621 3.621 5.621 3.621 1.621 1.621 3.621 2.621 2.622 1.622 1.622 2.622 2.622 3.623 3.623 2.623 0.623 1.623 1.623 3.623 3.623 3.623 4.623 4.624 5.624 8.624 5.624 3.624 2.624 1.624 0.624
8.619 8.619 8.619 8.619 8.619 8.619 8.619 8.619 7.619 7.619 7.619 7.619 7.619 7.619 7.619 7.619 7.619 7.619 7.619 7.619 7.619 7.619 7.619 7.619 7.619 7.620 7.620 7.620 7.620 7.620 7.620 7.620 7.620 7.620 7.620 7.620 7.620 7.620 7.620 7.620 7.620 7.620 7.620 7.620 7.620 1.620 3.621 6.621 5.621 2.621 2.621 3.621 3.621 2.622 1.622 2.622 3.622 3.622 3.622 3.622 2.622 1.623 2.623 3.623 3.623 4.623 4.623 4.623 6.624 7.624 7.624 5.624 2.624 1.624 7.624 7.624
8.619 8.619 8.619 8.619 8.619 8.619 8.619 8.619 7.619 7.619 7.619 7.619 7.619 7.619 7.619 7.619 7.619 7.619 7.619 7.619 7.619 7.619 7.619 7.619 7.619 7.619 7.620 7.620 7.620 7.620 7.620 7.620 7.620 7.620 7.620 7.620 7.620 7.620 7.620 7.620 7.620 7.620 7.620 7.620 7.620 1.620 4.620 6.620 5.620 2.621 1.621 1.621 2.621 2.621 2.622 2.622 3.622 3.622 3.622 3.622 3.622 4.622 4.623 4.623 3.623 3.623 4.623 5.623 6.623 7.624 4.624 1.624 7.624 7.624 7.624 7.624
8.619 8.619 8.619 8.619 8.619 8.619 8.619 8.619 8.619 7.619 7.619 7.619 7.619 7.619 7.619 7.619 7.619 7.619 7.619 7.619 7.619 7.619 7.619 7.619 7.619 7.619 7.619 7.619 7.619 7.619 7.620 7.620 7.620 7.620 7.620 7.620 7.620 7.620 7.620 7.620 7.620 7.620 7.620 7.620 7.620 4.620 6.620 6.620 1.620 0.620 1.621 1.621 1.621 1.621 2.621 2.622 3.622 4.622 3.622 3.622 5.622 6.622 6.622 5.623 4.623 2.623 3.623 6.623 6.623 6.623 5.624 7.624 7.624 7.624 7.624 7.624
8.619 8.619 8.619 8.619 8.619 8.619 8.619 8.619 8.619 8.619 7.619 7.619 7.619 7.619 7.619 7.619 7.619 7.619 7.619 7.619 7.619 7.619 7.619 7.619 7.619 7.619 7.619 7.619 7.619 7.619 7.620 7.619 7.620 7.620 7.620 7.620 7.620 7.620 7.620 7.620 7.620 7.620 7.620 7.620 7.620 7.620 7.620 7.620 4.620 0.620 2.620 2.620 0.000 0.621 2.621 2.621 4.622 6.622 5.622 3.622 5.622 6.622 5.622 6.622 4.623 2.623 2.623 4.623 5.623 7.623 7.623 7.624 7.624 7.624 7.624 7.624
