includes/mahajanga_coast/floodfiles/results_R2_t1.688656434644E12/res-0014.wd
ncols         269
nrows         308
xllcorner     384108.384600
yllcorner     1149646.260900
cellsize      30.000000
NODATA_value  -9999.000000
[rows 33 to 65 of 308, columns 76 to 151 of 269]
15.631 15.631 15.631 15.631 15.632 15.632 15.632 15.632 15.632 15.632 14.632 14.632 14.632 14.632 14.632 14.632 14.632 13.632 13.632 13.632 13.632 13.632 13.632 12.632 12.632 12.632 12.632 12.632 11.632 11.632 11.632 11.632 11.632 10.632 10.632 10.632 10.632 9.632 9.632 9.632 9.632 9.632 8.632 8.632 8.632 8.632 7.632 7.632 7.632 7.632 7.632 7.632 7.632 2.632 1.632 1.632 0.000 0.000 0.000 0.000 0.000 0.000 0.000 0.000 0.000 0.000 0.000 0.000 0.000 0.000 0.000 0.000 0.000 0.000 0.000 0.000
15.631 15.631 15.631 15.631 15.632 15.632 15.632 15.632 15.632 14.632 14.632 14.632 14.632 14.632 14.632 14.632 13.632 13.632 13.632 13.632 13.632 13.632 12.632 12.632 12.632 12.632 12.632 11.632 11.632 11.632 11.632 11.632 10.632 10.632 10.632 10.632 10.632 9.632 9.632 9.632 9.632 8.632 8.632 8.632 8.632 7.632 7.632 7.632 7.632 7.632 7.632 7.632 2.632 0.000 0.631 1.631 0.631 0.000 0.000 0.000 0.000 0.000 0.000 0.000 0.000 0.000 0.000 0.000 0.000 0.000 0.000 0.000 0.000 0.000 0.000 0.000
15.631 15.631 15.631 15.631 15.632 15.632 15.632 15.632 14.632 14.632 14.632 14.632 14.632 14.632 14.632 13.632 13.632 13.632 13.632 13.632 13.632 12.632 12.632 12.632 12.632 12.632 11.632 11.632 11.632 11.632 11.632 10.632 10.633 10.633 10.633 10.633 9.633 9.633 9.633 9.633 8.632 8.632 8.632 8.632 8.632 7.632 7.632 7.632 7.632 7.632 7.632 7.632 2.632 0.000 0.000 0.000 0.000 0.000 0.000 0.000 0.000 0.000 0.000 0.000 0.000 0.000 0.000 0.000 0.000 0.000 0.000 0.000 0.000 0.000 0.000 0.000
15.631 15.631 15.631 15.631 15.632 15.632 15.632 14.632 14.632 14.632 14.632 14.632 14.632 14.632 13.632 13.632 13.632 13.632 13.632 13.632 13.632 12.632 12.632 12.632 12.632 12.632 11.632 11.632 11.632 11.632 11.632 10.633 10.633 10.633 10.633 9.633 9.633 9.633 9.633 9.633 8.633 8.633 8.633 8.633 7.633 7.633 7.633 7.632 7.632 7.632 7.632 2.632 0.632 0.633 0.000 0.000 0.000 0.000 0.000 0.000 0.000 0.000 0.000 0.000 0.000 0.000 0.000 0.000 0.000 0.000 0.000 0.000 0.000 0.000 0.000 0.000
15.631 15.631 15.631 15.631 15.632 15.632 14.632 14.632 14.632 14.632 14.632 14.632 14.632 13.632 13.632 13.632 13.632 13.632 13.632 13.632 12.632 12.632 12.632 12.632 12.632 11.632 11.632 11.632 11.632 11.633 10.633 10.633 10.633 10.633 10.633 9.633 9.633 9.633 9.633 8.633 8.633 8.633 8.633 7.633 7.633 7.633 7.633 7.633 7.633 7.633 7.633 0.000 0.000 0.000 0.000 0.000 0.000 0.000 0.000 0.000 0.000 0.000 0.000 0.000 0.000 0.000 0.000 0.000 0.000 0.000 0.000 0.000 0.000 0.000 0.000 0.000
15.631 15.631 15.631 15.631 15.632 14.632 14.632 14.632 14.632 14.632 14.632 14.632 13.632 13.632 13.632 13.632 13.632 13.632 13.632 12.632 12.632 12.632 12.632 12.632 11.632 11.632 11.632 11.633 11.633 10.633 10.633 10.633 10.633 10.633 9.633 9.633 9.633 9.633 8.633 8.633 8.633 8.633 7.633 7.633 7.633 7.633 7.633 7.633 7.633 7.633 7.633 0.000 0.000 0.000 0.000 0.000 0.000 0.000 0.000 0.000 0.000 0.000 0.000 0.000 0.000 0.000 0.000 0.000 0.000 0.000 0.000 0.000 0.000 0.000 0.000 0.000
15.631 15.631 15.631 15.631 14.632 14.632 14.632 14.632 14.632 14.632 14.632 13.632 13.632 13.632 13.632 13.632 13.632 13.632 13.632 12.632 12.632 12.632 12.632 12.632 11.632 11.632 11.633 11.633 11.633 10.633 10.633 10.633 10.633 10.633 9.633 9.633 9.633 9.633 8.633 8.633 8.633 8.633 7.633 7.633 7.633 7.633 7.633 7.633 7.633 7.633 7.633 0.000 0.000 0.000 0.000 0.000 0.000 0.000 0.000 0.000 0.000 0.000 0.000 0.000 0.000 0.000 0.000 0.000 0.000 0.000 0.000 0.000 0.000 0.000 0.000 0.000
14.631 14.631 14.631 14.631 14.632 14.632 14.632 14.632 14.632 14.632 13.632 13.632 13.632 13.632 13.632 13.632 13.632 13.632 12.632 12.632 12.632 12.632 12.632 11.632 11.632 11.632 11.633 11.633 10.633 10.633 10.633 10.633 10.633 9.633 9.633 9.633 9.633 8.633 8.633 8.633 8.633 7.633 7.633 7.633 7.633 7.633 7.633 7.633 7.633 7.633 2.633 0.000 0.000 0.000 0.000 0.000 0.000 0.000 0.000 0.000 0.000 0.000 0.000 0.000 0.000 0.000 0.000 0.000 0.000 0.000 0.000 0.000 0.000 0.000 0.000 0.000
14.631 14.631 14.631 14.631 14.632 14.632 14.632 14.632 14.632 13.632 13.632 13.632 13.632 13.632 13.632 13.632 13.632 12.632 12.632 12.632 12.632 12.632 11.632 11.632 11.632 11.633 11.633 10.633 10.633 10.633 10.633 10.633 9.633 9.633 9.633 9.633 8.633 8.633 8.633 8.633 7.633 7.633 7.633 7.633 7.633 7.633 7.633 7.633 7.633 7.633 0.000 0.000 0.000 0.000 0.000 0.000 0.000 0.000 0.000 0.000 0.000 0.000 0.000 0.000 0.000 0.000 0.000 0.000 0.000 0.000 0.000 0.000 0.000 0.000 0.000 0.000
14.631 14.631 14.631 14.631 14.632 14.632 14.632 14.632 13.632 13.632 13.632 13.632 13.632 13.632 13.632 13.632 12.632 12.632 12.632 12.632 12.632 12.632 11.632 11.632 11.633 11.633 11.633 10.633 10.633 10.633 10.633 10.633 9.633 9.633 9.633 9.633 8.633 8.633 8.633 8.633 7.633 7.633 7.633 7.633 7.633 7.633 7.633 7.633 7.633 7.633 0.000 0.000 0.000 0.000 0.000 0.000 0.000 0.000 0.000 0.000 0.000 0.000 0.000 0.000 0.000 0.000 0.000 0.000 0.000 0.000 0.000 0.000 0.000 0.000 0.000 0.000
14.631 14.631 14.631 14.631 14.632 14.632 14.632 13.632 13.632 13.632 13.632 13.632 13.632 13.632 13.632 12.632 12.632 12.632 12.632 12.632 12.632 11.632 11.632 11.633 11.633 11.633 10.633 10.633 10.633 10.633 10.633 9.633 9.633 9.633 9.633 8.633 8.633 8.633 8.633 7.633 7.633 7.633 7.633 7.633 7.633 7.633 7.633 7.633 7.633 7.633 0.000 0.000 0.000 0.000 0.000 0.000 0.000 0.000 0.000 0.000 0.000 0.000 0.000 0.000 0.000 0.000 0.000 0.000 0.000 0.000 0.000 0.000 0.000 0.000 0.000 0.000
14.631 14.631 14.631 14.631 14.632 14.632 13.632 13.632 13.632 13.632 13.632 13.632 13.632 13.632 12.632 12.632 12.632 12.632 12.632 12.632 12.632 11.632 11.633 11.633 11.633 11.633 10.633 10.633 10.633 10.633 10.633 9.633 9.633 9.633 9.633 8.633 8.633 8.633 8.633 7.633 7.633 7.633 7.633 7.633 7.633 7.633 7.633 7.633 7.633 7.633 0.000 0.000 0.000 0.000 0.000 0.000 0.000 0.000 0.000 0.000 0.000 0.000 0.000 0.000 0.000 0.000 0.000 0.000 0.000 0.000 0.000 0.000 0.000 0.000 0.000 0.000
14.631 14.631 14.631 14.631 14.632 13.632 13.632 13.632 13.632 13.632 13.632 13.632 13.632 12.632 12.632 12.632 12.632 12.632 12.632 12.632 11.632 11.633 11.633 11.633 11.633 10.633 10.633 10.633 10.633 10.633 9.633 9.633 9.633 9.633 9.633 8.633 8.633 8.633 8.633 7.633 7.633 7.633 7.633 7.634 7.634 7.634 7.634 7.633 7.633 7.633 0.000 0.000 0.000 0.000 0.000 0.000 0.000 0.000 0.000 0.000 0.000 0.000 0.000 0.000 0.000 0.000 0.000 0.000 0.000 0.000 0.000 0.000 0.000 0.000 0.000 0.000
14.631 14.631 14.631 14.631 13.632 13.632 13.632 13.632 13.632 13.632 13.632 13.632 13.632 12.632 12.632 12.632 12.632 12.632 12.632 12.632 11.633 11.633 11.633 11.633 11.633 10.633 10.633 10.633 10.633 10.633 9.633 9.633 9.633 9.633 9.633 8.633 8.633 8.633 7.633 7.633 7.633 7.634 7.634 7.634 7.634 7.634 7.634 7.634 7.634 1.633 0.000 0.000 0.000 0.000 0.000 0.000 0.000 0.000 0.000 0.000 0.000 0.000 0.000 0.000 0.000 0.000 0.000 0.000 0.000 0.000 0.000 0.000 0.000 0.000 0.000 0.000
14.631 14.631 13.631 13.631 13.632 13.632 13.632 13.632 13.632 13.632 13.632 13.632 12.632 12.632 12.632 12.632 12.632 12.632 12.632 12.633 11.633 11.633 11.633 11.633 11.633 10.633 10.633 10.633 10.633 10.633 9.633 9.633 9.633 9.633 8.633 8.633 8.633 8.633 7.633 7.634 7.634 7.634 7.634 7.634 7.634 7.634 7.634 7.634 7.634 0.000 0.000 0.000 0.000 0.000 0.000 0.000 0.000 0.000 0.000 0.000 0.000 0.000 0.000 0.000 0.000 0.000 0.000 0.000 0.000 0.000 0.000 0.000 0.000 0.000 0.000 0.000
13.631 13.631 13.631 13.632 13.632 13.632 13.632 13.632 13.632 13.632 13.632 12.632 12.632 12.632 12.632 12.632 12.632 12.632 12.632 11.633 11.633 11.633 11.633 11.633 10.633 10.633 10.633 10.633 10.633 9.633 9.633 9.633 9.633 9.633 8.633 8.633 8.633 8.634 7.634 7.634 7.634 7.634 7.634 7.634 7.634 7.634 7.634 7.634 7.634 0.000 0.000 0.000 0.000 0.000 0.000 0.000 0.000 0.000 0.000 0.000 0.000 0.000 0.000 0.000 0.000 0.000 0.000 0.000 0.000 0.000 0.000 0.000 0.000 0.000 0.000 0.000
13.631 13.631 13.631 13.632 13.632 13.632 13.632 13.632 13.632 13.632 12.632 12.632 12.632 12.632 12.632 12.632 12.632 12.632 12.633 11.633 11.633 11.633 11.633 11.633 10.633 10.633 10.633 10.633 10.633 9.633 9.633 9.633 9.633 9.633 8.634 8.634 8.634 8.634 7.634 7.634 7.634 7.634 7.634 7.634 7.634 7.634 7.634 7.634 7.634 0.000 0.000 0.000 0.000 0.000 0.000 0.000 0.000 0.000 0.000 0.000 0.000 0.000 0.000 0.000 0.000 0.000 0.000 0.000 0.000 0.000 0.000 0.000 0.000 0.000 0.000 0.000
13.631 13.631 13.632 13.632 13.632 13.632 13.632 13.632 13.632 12.632 12.632 12.632 12.632 12.632 12.632 12.632 12.632 12.632 12.633 11.633 11.633 11.633 11.633 11.633 10.633 10.633 10.633 10.633 10.633 9.633 9.633 9.633 9.633 9.634 8.634 8.634 8.634 7.634 7.634 7.634 7.634 7.634 7.634 7.634 7.634 7.634 7.634 7.634 7.634 2.634 0.000 0.000 0.000 0.000 0.000 0.000 0.000 0.000 0.000 0.000 0.000 0.000 0.000 0.000 0.000 0.000 0.000 0.000 0.000 0.000 0.000 0.000 0.000 0.000 0.000 0.000
13.631 13.632 13.632 13.632 13.632 13.632 13.632 13.632 12.632 12.632 12.632 12.632 12.632 12.632 12.632 12.632 12.632 12.633 11.633 11.633 11.633 11.633 11.633 10.633 10.633 10.633 10.633 10.633 9.633 9.633 9.633 9.633 9.634 8.634 8.634 8.634 8.634 7.634 7.634 7.634 7.634 7.634 7.634 7.634 7.634 7.634 7.634 7.634 7.634 1.634 0.000 0.000 0.000 0.000 0.000 0.000 0.000 0.000 0.000 0.000 0.000 0.000 0.000 0.000 0.000 0.000 0.000 0.000 0.000 0.000 0.000 0.000 0.000 0.000 0.000 0.000
13.631 13.632 13.632 13.632 13.632 13.632 13.632 12.632 12.632 12.632 12.632 12.632 12.632 12.632 12.632 12.632 12.633 11.633 11.633 11.633 11.633 11.633 11.633 10.633 10.633 10.633 10.633 10.633 9.633 9.633 9.634 9.634 9.634 8.634 8.634 8.634 8.634 7.634 7.634 7.634 7.634 7.634 7.634 7.634 7.634 7.634 7.634 7.634 0.000 0.634 0.000 0.000 0.000 0.000 0.000 0.000 0.000 0.000 0.000 0.000 0.000 0.000 0.000 0.000 0.000 0.000 0.000 0.000 0.000 0.000 0.000 0.000 0.000 0.000 0.000 0.000
13.631 13.632 13.632 13.632 13.632 12.632 12.632 12.632 12.632 12.632 12.632 12.632 12.632 12.632 12.632 12.633 12.633 11.633 11.633 11.633 11.633 11.633 11.633 10.633 10.633 10.633 10.633 10.633 9.633 9.634 9.634 9.634 9.634 8.634 8.634 8.634 8.634 7.634 7.634 7.634 7.634 7.634 7.634 7.634 7.634 7.634 7.634 7.634 0.000 0.634 0.000 0.000 0.000 0.000 0.000 0.000 0.000 0.000 0.000 0.000 0.000 0.000 0.000 0.000 0.000 0.000 0.000 0.000 0.000 0.000 0.000 0.000 0.000 0.000 0.000 0.000
13.631 13.632 13.632 13.632 12.632 12.632 12.632 12.632 12.632 12.632 12.632 12.632 12.632 12.632 12.633 12.633 11.633 11.633 11.633 11.633 11.633 11.633 10.633 10.633 10.633 10.633 10.633 9.633 9.634 9.634 9.634 9.634 8.634 8.634 8.634 8.634 7.634 7.634 7.634 7.634 7.634 7.634 7.634 7.634 7.634 7.634 7.634 7.634 0.000 0.000 0.000 0.000 0.000 0.000 0.000 0.000 0.000 0.000 0.000 0.000 0.000 0.000 0.000 0.000 0.000 0.000 0.000 0.000 0.000 0.000 0.000 0.000 0.000 0.000 0.000 0.000
13.631 13.632 12.632 12.632 12.632 12.632 12.632 12.632 12.632 12.632 12.632 12.632 12.632 12.632 12.633 11.633 11.633 11.633 11.633 11.633 11.633 11.633 10.633 10.633 10.633 10.633 10.633 9.634 9.634 9.634 9.634 9.634 8.634 8.634 8.634 8.634 7.634 7.634 7.634 7.634 7.634 7.634 7.634 7.635 7.635 7.635 7.635 7.635 0.000 0.000 0.000 0.000 0.000 0.000 0.000 0.000 0.000 0.000 0.000 0.000 0.000 0.000 0.000 0.000 0.000 0.000 0.000 0.000 0.000 0.000 0.000 0.000 0.000 0.000 0.000 0.000
12.632 12.632 12.632 12.632 12.632 12.632 12.632 12.632 12.632 12.632 12.632 12.632 12.632 12.632 11.633 11.633 11.633 11.633 11.633 11.633 11.633 11.633 10.633 10.633 10.633 10.633 10.633 9.634 9.634 9.634 9.634 9.634 8.634 8.634 8.634 8.634 7.634 7.634 7.634 7.634 7.634 7.634 7.635 7.635 7.635 7.635 7.635 7.635 7.635 0.000 0.000 0.000 0.000 0.000 0.000 0.000 0.000 0.000 0.000 0.000 0.000 0.000 0.000 0.000 0.000 0.000 0.000 0.000 0.000 0.000 0.000 0.000 0.000 0.000 0.000 0.000
12.632 12.632 12.632 12.632 12.632 12.632 12.632 12.632 12.632 12.632 12.632 12.632 11.632 11.633 11.633 11.633 11.633 11.633 11.633 11.633 11.633 10.633 10.633 10.633 10.633 10.633 9.634 9.634 9.634 9.634 9.634 8.634 8.634 8.634 8.634 8.634 7.634 7.634 7.634 7.634 7.635 7.635 7.635 7.635 7.635 7.635 7.635 7.635 0.635 0.000 0.000 0.000 0.000 0.000 0.000 0.000 0.000 0.000 0.000 0.000 0.000 0.000 0.000 0.000 0.000 0.000 0.000 0.000 0.000 0.000 0.000 0.000 0.000 0.000 0.000 0.000
12.632 12.632 12.632 12.632 12.632 12.632 12.632 12.632 12.632 12.632 12.632 11.632 11.632 11.633 11.633 11.633 11.633 11.633 11.633 11.633 11.633 10.633 10.633 10.633 10.633 10.634 9.634 9.634 9.634 9.634 9.634 8.634 8.634 8.634 8.634 7.634 7.634 7.634 7.635 7.635 7.635 7.635 7.635 7.635 7.635 7.635 7.635 7.635 1.635 0.000 0.000 0.000 0.000 0.000 0.000 0.000 0.000 0.000 0.000 0.000 0.000 0.000 0.000 0.000 0.000 0.000 0.000 0.000 0.000 0.000 0.000 0.000 0.000 0.000 0.000 0.000
12.632 12.632 12.632 12.632 12.632 12.632 12.632 12.632 12.632 12.632 12.632 12.632 11.633 11.633 11.633 11.633 11.633 11.633 11.633 11.633 11.633 10.633 10.633 10.633 10.634 10.634 9.634 9.634 9.634 9.634 9.634 8.634 8.634 8.634 8.634 7.634 7.634 7.635 7.635 7.635 7.635 7.635 7.635 7.635 7.635 7.635 7.635 7.635 3.635 0.635 0.000 0.000 0.000 0.000 0.000 0.000 0.000 0.000 0.000 0.000 0.000 0.000 0.000 0.000 0.000 0.000 0.000 0.000 0.000 0.000 0.000 0.000 0.000 0.000 0.000 0.000
12.632 12.632 12.632 12.632 12.632 12.632 12.632 12.632 12.632 12.632 12.632 12.632 12.633 11.633 11.633 11.633 11.633 11.633 11.633 11.633 11.633 11.633 10.633 10.634 10.634 10.634 9.634 9.634 9.634 9.634 9.634 8.634 8.634 8.634 8.634 7.634 7.635 7.635 7.635 7.635 7.635 7.635 7.635 7.635 7.635 7.635 7.635 7.635 1.635 0.000 0.000 0.000 0.000 0.000 0.000 0.000 0.000 0.000 0.000 0.000 0.000 0.000 0.000 0.000 0.000 0.000 0.000 0.000 0.000 0.000 0.000 0.000 0.000 0.000 0.000 0.000
12.632 12.632 12.632 12.632 12.632 12.632 12.632 12.632 12.632 12.632 12.632 12.632 12.633 12.633 11.633 11.633 11.633 11.633 11.633 11.633 11.633 11.633 10.633 10.634 10.634 10.634 9.634 9.634 9.634 9.634 9.634 8.634 8.634 8.634 8.634 7.635 7.635 7.635 7.635 7.635 7.635 7.635 7.635 7.635 7.635 7.635 7.635 7.635 0.000 0.000 0.000 0.000 0.000 0.000 0.000 0.000 0.000 0.000 0.000 0.000 0.000 0.000 0.000 0.000 0.000 0.000 0.000 0.000 0.000 0.000 0.000 0.000 0.000 0.000 0.000 0.000
12.632 12.632 12.632 12.632 12.632 12.632 12.632 12.632 12.632 12.632 12.632 12.633 12.633 12.633 12.633 11.633 11.633 11.633 11.633 11.633 11.633 11.633 10.634 10.634 10.634 10.634 10.634 9.634 9.634 9.634 9.634 8.634 8.634 8.634 8.634 7.635 7.635 7.635 7.635 7.635 7.635 7.635 7.635 7.635 7.635 7.635 7.635 5.635 0.635 0.000 0.000 0.000 0.000 0.000 0.000 0.000 0.000 0.000 0.000 0.000 0.000 0.000 0.000 0.000 0.000 0.000 0.000 0.000 0.000 0.000 0.000 0.000 0.000 0.000 0.000 0.000
12.632 12.632 12.632 12.632 12.632 12.632 12.632 12.632 12.632 12.632 12.632 12.633 12.633 12.633 12.633 11.633 11.633 11.633 11.633 11.633 11.633 11.633 10.634 10.634 10.634 10.634 10.634 9.634 9.634 9.634 9.634 8.634 8.634 8.634 8.635 7.635 7.635 7.635 7.635 7.635 7.635 7.635 7.635 7.635 7.635 7.635 7.635 5.635 0.635 0.000 0.000 0.000 0.000 0.000 0.000 0.000 0.000 0.000 0.000 0.000 0.000 0.000 0.000 0.000 0.000 0.000 0.000 0.000 0.000 0.000 0.000 0.000 0.000 0.000 0.000 0.000
12.632 12.632 12.632 12.632 12.632 12.632 12.632 12.632 12.632 12.632 12.633 12.633 12.633 12.633 12.633 12.633 11.633 11.633 11.633 11.633 11.633 11.633 10.634 10.634 10.634 10.634 10.634 9.634 9.634 9.634 9.634 8.634 8.634 8.634 8.635 7.635 7.635 7.635 7.635 7.635 7.635 7.635 7.635 7.635 7.635 7.635 7.635 6.635 1.635 0.000 0.000 0.000 0.000 0.000 0.000 0.000 0.000 0.000 0.000 0.000 0.000 0.000 0.000 0.000 0.000 0.000 0.000 0.000 0.000 0.000 0.000 0.000 0.000 0.000 0.000 0.000
13.632 12.632 12.632 12.632 12.632 12.632 12.632 12.632 12.632 12.632 12.633 12.633 12.633 12.633 12.633 12.633 12.633 11.633 11.633 11.633 11.633 11.634 10.634 10.634 10.634 10.634 10.634 9.634 9.634 9.634 9.634 8.634 8.634 8.635 8.635 7.635 7.635 7.635 7.635 7.635 7.635 7.635 7.635 7.635 7.635 7.635 5.635 3.635 0.000 0.000 0.000 0.000 0.000 0.000 0.000 0.000 0.000 0.000 0.000 0.000 0.000 0.000 0.000 0.000 0.000 0.000 0.000 0.000 0.000 0.000 0.000 0.000 0.000 0.000 0.000 0.000
