includes/mahajanga_coast/floodfiles/results_R2_t1.688656434644E12/res-0013.wd
ncols         269
nrows         308
xllcorner     384108.384600
yllcorner     1149646.260900
cellsize      30.000000
NODATA_value  -9999.000000
[rows 66 to 98 of 308, columns 76 to 151 of 269]
13.620 13.620 13.620 12.620 12.621 12.621 12.621 12.621 12.621 12.621 12.622 12.622 12.622 12.622 12.622 12.622 12.623 12.623 11.623 11.623 11.623 11.623 11.624 10.624 10.624 10.624 10.624 9.624 9.625 9.625 9.625 8.625 8.625 8.625 8.625 7.626 7.626 7.626 7.626 7.626 7.626 7.626 7.626 7.626 7.626 7.626 6.626 2.626 0.000 0.000 0.000 0.000 0.000 0.000 0.000 0.000 0.000 0.000 0.000 0.000 0.000 0.000 0.000 0.000 0.000 0.000 0.000 0.000 0.000 0.000 0.000 0.000 0.000 0.000 0.000 0.000
13.620 13.620 13.620 13.621 12.621 12.621 12.621 12.621 12.621 12.622 12.622 12.622 12.622 12.622 12.622 12.623 12.623 12.623 12.623 11.623 11.623 11.623 11.624 10.624 10.624 10.624 10.624 9.624 9.625 9.625 9.625 8.625 8.625 8.626 8.626 7.626 7.626 7.626 7.626 7.626 7.626 7.626 7.626 7.626 7.626 7.626 6.626 1.626 0.000 0.000 0.000 0.000 0.000 0.000 0.000 0.000 0.000 0.000 0.000 0.000 0.000 0.000 0.000 0.000 0.000 0.000 0.000 0.000 0.000 0.000 0.000 0.000 0.000 0.000 0.000 0.000
13.620 13.620 13.620 13.621 13.621 12.621 12.621 12.621 12.621 12.622 12.622 12.622 12.622 12.622 12.622 12.623 12.623 12.623 12.623 11.623 11.623 11.624 11.624 10.624 10.624 10.624 10.624 9.625 9.625 9.625 9.625 8.625 8.625 8.626 8.626 7.626 7.626 7.626 7.626 7.626 7.626 7.626 7.626 7.626 7.626 7.626 3.626 0.000 0.000 0.000 0.000 0.000 0.000 0.000 0.000 0.000 0.000 0.000 0.000 0.000 0.000 0.000 0.000 0.000 0.000 0.000 0.000 0.000 0.000 0.000 0.000 0.000 0.000 0.000 0.000 0.000
13.620 13.620 13.620 13.621 13.621 13.621 12.621 12.621 12.621 12.622 12.622 12.622 12.622 12.622 12.622 12.623 12.623 12.623 12.623 11.623 11.623 11.624 11.624 10.624 10.624 10.624 10.624 9.625 9.625 9.625 9.625 8.625 8.625 8.626 8.626 7.626 7.626 7.626 7.626 7.626 7.626 7.626 7.626 7.626 7.627 6.627 1.626 0.000 0.000 0.000 0.000 0.000 0.000 0.000 0.000 0.000 0.000 0.000 0.000 0.000 0.000 0.000 0.000 0.000 0.000 0.000 0.000 0.000 0.000 0.000 0.000 0.000 0.000 0.000 0.000 0.000
13.620 13.620 13.621 13.621 13.621 13.621 13.621 12.621 12.622 12.622 12.622 12.622 12.622 12.622 12.623 12.623 12.623 12.623 12.623 11.623 11.624 11.624 11.624 10.624 10.624 10.624 10.625 9.625 9.625 9.625 9.625 8.625 8.626 8.626 8.626 7.626 7.626 7.626 7.626 7.626 7.626 7.627 7.627 7.627 7.627 4.627 0.000 0.000 0.000 0.000 0.000 0.000 0.000 0.000 0.000 0.000 0.000 0.000 0.000 0.000 0.000 0.000 0.000 0.000 0.000 0.000 0.000 0.000 0.000 0.000 0.000 0.000 0.000 0.000 0.000 0.000
13.620 13.620 13.621 13.621 13.621 13.621 13.621 13.621 12.622 12.622 12.622 12.622 12.622 12.622 12.623 12.623 12.623 12.623 12.623 12.623 11.624 11.624 11.624 11.624 10.624 10.625 10.625 10.625 9.625 9.625 9.625 9.626 8.626 8.626 8.626 7.626 7.626 7.626 7.626 7.627 7.627 7.627 7.627 7.627 7.627 5.627 0.000 0.000 0.000 0.000 0.000 0.000 0.000 0.000 0.000 0.000 0.000 0.000 0.000 0.000 0.000 0.000 0.000 0.000 0.000 0.000 0.000 0.000 0.000 0.000 0.000 0.000 0.000 0.000 0.000 0.000
13.620 13.620 13.621 13.621 13.621 13.621 13.621 13.621 13.622 12.622 12.622 12.622 12.622 12.623 12.623 12.623 12.623 12.623 12.623 12.623 11.624 11.624 11.624 11.624 10.624 10.625 10.625 10.625 9.625 9.625 9.625 9.626 8.626 8.626 8.626 7.626 7.626 7.626 7.627 7.627 7.627 7.627 7.627 7.627 7.627 4.627 0.627 0.000 0.000 0.000 0.000 0.000 0.000 0.000 0.000 0.000 0.000 0.000 0.000 0.000 0.000 0.000 0.000 0.000 0.000 0.000 0.000 0.000 0.000 0.000 0.000 0.000 0.000 0.000 0.000 0.000
13.620 13.620 13.621 13.621 13.621 13.621 13.621 13.622 13.622 13.622 12.622 12.622 12.622 12.623 12.623 12.623 12.623 12.623 12.623 12.624 11.624 11.624 11.624 11.624 10.624 10.625 10.625 10.625 9.625 9.625 9.626 9.626 8.626 8.626 8.626 7.626 7.626 7.626 7.627 7.627 7.627 7.627 7.627 7.627 3.627 0.627 0.000 0.000 0.000 0.000 0.000 0.000 0.000 0.000 0.000 0.000 0.000 0.000 0.000 0.000 0.000 0.000 0.000 0.000 0.000 0.000 0.000 0.000 0.000 0.000 0.000 0.000 0.000 0.000 0.000 0.000
13.620 13.621 13.621 13.621 13.621 13.621 13.621 13.622 13.622 13.622 13.622 12.622 12.622 12.623 12.623 12.623 12.623 12.623 12.623 12.624 11.624 11.624 11.624 11.624 10.625 10.625 10.625 10.625 9.625 9.625 9.626 9.626 8.626 8.626 8.626 7.626 7.626 7.627 7.627 7.627 7.627 7.627 7.627 7.627 4.627 1.627 0.000 0.000 0.000 0.000 0.000 0.000 0.000 0.000 0.000 0.000 0.000 0.000 0.000 0.000 0.000 0.000 0.000 0.000 0.000 0.000 0.000 0.000 0.000 0.000 0.000 0.000 0.000 0.000 0.000 0.000
13.620 13.621 13.621 13.621 13.621 13.621 13.621 13.622 13.622 13.622 12.622 12.622 12.623 12.623 12.623 12.623 12.623 12.623 12.624 12.624 11.624 11.624 11.624 11.624 10.625 10.625 10.625 9.625 9.625 9.626 9.626 8.626 8.626 8.626 8.626 7.626 7.627 7.627 7.627 7.627 7.627 7.627 7.627 7.627 4.627 1.627 0.000 0.000 0.000 0.000 0.000 0.000 0.000 0.000 0.000 0.000 0.000 0.000 0.000 0.000 0.000 0.000 0.000 0.000 0.000 0.000 0.000 0.000 0.000 0.000 0.000 0.000 0.000 0.000 0.000 0.000
13.620 13.621 13.621 13.621 13.621 13.621 13.621 13.622 12.622 12.622 12.622 12.622 12.623 12.623 12.623 12.623 12.623 12.623 12.624 11.624 11.624 11.624 11.624 10.624 10.625 10.625 10.625 9.625 9.625 9.626 9.626 8.626 8.626 8.626 7.626 7.627 7.627 7.627 7.627 7.627 7.627 7.627 7.627 7.627 2.627 0.627 0.000 0.000 0.000 0.000 0.000 0.000 0.000 0.000 0.000 0.000 0.000 0.000 0.000 0.000 0.000 0.000 0.000 0.000 0.000 0.000 0.000 0.000 0.000 0.000 0.000 0.000 0.000 0.000 0.000 0.000
13.621 13.621 13.621 13.621 13.621 13.621 13.621 12.622 12.622 12.622 12.622 12.622 12.623 12.623 12.623 12.623 12.623 12.624 12.624 11.624 11.624 11.624 11.624 10.625 10.625 10.625 9.625 9.625 9.625 9.626 8.626 8.626 8.626 8.626 7.626 7.627 7.627 7.627 7.627 7.627 7.627 7.627 7.627 7.627 0.628 0.000 0.000 0.000 0.000 0.000 0.000 0.000 0.000 0.000 0.000 0.000 0.000 0.000 0.000 0.000 0.000 0.000 0.000 0.000 0.000 0.000 0.000 0.000 0.000 0.000 0.000 0.000 0.000 0.000 0.000 0.000
13.621 13.621 13.621 13.621 13.621 13.621 12.622 12.622 12.622 12.622 12.622 12.623 12.623 12.623 12.623 12.623 12.623 12.624 11.624 11.624 11.624 11.624 10.624 10.625 10.625 10.625 9.625 9.625 9.626 9.626 8.626 8.626 8.626 7.626 7.626 7.627 7.627 7.627 7.627 7.627 7.627 7.627 7.627 2.627 0.628 0.000 0.000 0.000 0.000 0.000 0.000 0.000 0.000 0.000 0.000 0.000 0.000 0.000 0.000 0.000 0.000 0.000 0.000 0.000 0.000 0.000 0.000 0.000 0.000 0.000 0.000 0.000 0.000 0.000 0.000 0.000
13.621 13.621 13.621 13.621 13.621 12.621 12.622 12.622 12.622 12.622 12.622 12.623 12.623 12.623 12.623 12.623 12.623 11.624 11.624 11.624 11.624 11.624 10.625 10.625 10.625 9.625 9.625 9.625 9.626 8.626 8.626 8.626 8.626 7.626 7.626 7.627 7.627 7.627 7.627 7.627 7.627 7.627 7.627 2.627 0.000 0.000 0.000 0.000 0.000 0.000 0.000 0.000 0.000 0.000 0.000 0.000 0.000 0.000 0.000 0.000 0.000 0.000 0.000 0.000 0.000 0.000 0.000 0.000 0.000 0.000 0.000 0.000 0.000 0.000 0.000 0.000
13.621 13.621 13.621 13.621 13.621 12.622 12.622 12.622 12.622 12.622 12.623 12.623 12.623 12.623 12.623 11.623 11.624 11.624 11.624 11.624 11.624 10.624 10.625 10.625 10.625 9.625 9.625 9.625 9.626 8.626 8.626 8.626 7.626 7.626 7.626 7.627 7.627 7.627 7.627 7.627 7.627 7.627 2.627 0.627 0.000 0.000 0.000 0.000 0.000 0.000 0.000 0.000 0.000 0.000 0.000 0.000 0.000 0.000 0.000 0.000 0.000 0.000 0.000 0.000 0.000 0.000 0.000 0.000 0.000 0.000 0.000 0.000 0.000 0.000 0.000 0.000
13.621 13.621 13.621 13.621 12.621 12.622 12.622 12.622 12.622 12.622 12.623 12.623 12.623 12.623 11.623 11.623 11.624 11.624 11.624 11.624 11.624 10.624 10.625 10.625 9.625 9.625 9.625 9.625 8.626 8.626 8.626 8.626 7.626 7.626 7.627 7.627 7.627 7.627 7.627 7.627 7.627 7.627 0.000 0.000 0.000 0.000 0.000 0.000 0.000 0.000 0.000 0.000 0.000 0.000 0.000 0.000 0.000 0.000 0.000 0.000 0.000 0.000 0.000 0.000 0.000 0.000 0.000 0.000 0.000 0.000 0.000 0.000 0.000 0.000 0.000 0.000
12.621 12.621 12.621 12.621 12.621 12.622 12.622 12.622 12.622 12.622 12.623 12.623 12.623 11.623 11.623 11.623 11.624 11.624 11.624 11.624 10.624 10.624 10.625 10.625 9.625 9.625 9.625 9.626 8.626 8.626 8.626 7.626 7.626 7.626 7.627 7.627 7.627 7.627 7.627 7.627 7.627 7.627 0.000 0.000 0.000 0.000 0.000 0.000 0.000 0.000 0.000 0.000 0.000 0.000 0.000 0.000 0.000 0.000 0.000 0.000 0.000 0.000 0.000 0.000 0.000 0.000 0.000 0.000 0.000 0.000 0.000 0.000 0.000 0.000 0.000 0.000
12.621 12.621 12.621 12.621 12.621 12.622 12.622 12.622 12.622 12.622 12.623 12.623 11.623 11.623 11.623 11.623 11.624 11.624 11.624 11.624 10.624 10.625 10.625 9.625 9.625 9.625 9.625 8.626 8.626 8.626 8.626 7.626 7.626 7.626 7.627 7.627 7.627 7.627 7.627 7.627 7.627 0.000 0.000 0.000 0.000 0.000 0.000 0.000 0.000 0.000 0.000 0.000 0.000 0.000 0.000 0.000 0.000 0.000 0.000 0.000 0.000 0.000 0.000 0.000 0.000 0.000 0.000 0.000 0.000 0.000 0.000 0.000 0.000 0.000 0.000 0.000
12.621 12.621 12.621 12.621 12.622 12.622 12.622 12.622 12.622 12.622 12.623 11.623 11.623 11.623 11.623 11.624 11.624 11.624 11.624 10.624 10.624 10.625 10.625 9.625 9.625 9.625 9.625 8.626 8.626 8.626 7.626 7.626 7.626 7.627 7.627 7.627 7.627 7.627 7.627 7.627 7.627 0.000 0.000 0.000 0.000 0.000 0.000 0.000 0.000 0.000 0.000 0.000 0.000 0.000 0.000 0.000 0.000 0.000 0.000 0.000 0.000 0.000 0.000 0.000 0.000 0.000 0.000 0.000 0.000 0.000 0.000 0.000 0.000 0.000 0.000 0.000
12.621 12.621 12.621 12.621 12.622 12.622 12.622 12.622 12.622 12.622 11.623 11.623 11.623 11.623 11.623 11.624 11.624 11.624 11.624 10.624 10.624 10.625 9.625 9.625 9.625 9.625 8.625 8.626 8.626 8.626 7.626 7.626 7.626 7.627 7.627 7.627 7.627 7.627 7.627 7.627 2.627 0.000 0.000 0.000 0.000 0.000 0.000 0.000 0.000 0.000 0.000 0.000 0.000 0.000 0.000 0.000 0.000 0.000 0.000 0.000 0.000 0.000 0.000 0.000 0.000 0.000 0.000 0.000 0.000 0.000 0.000 0.000 0.000 0.000 0.000 0.000
12.621 12.621 12.621 12.621 12.622 12.622 12.622 12.622 12.622 11.622 11.623 11.623 11.623 11.623 11.623 11.624 11.624 11.624 10.624 10.624 10.624 10.625 9.625 9.625 9.625 9.625 8.626 8.626 8.626 7.626 7.626 7.626 7.626 7.627 7.627 7.627 7.627 7.627 6.627 2.627 0.627 0.000 0.000 0.000 0.000 0.000 0.000 0.000 0.000 0.000 0.000 0.000 0.000 0.000 0.000 0.000 0.000 0.000 0.000 0.000 0.000 0.000 0.000 0.000 0.000 0.000 0.000 0.000 0.000 0.000 0.000 0.000 0.000 0.000 0.000 0.000
12.621 12.621 12.621 12.621 12.622 12.622 12.622 12.622 12.622 11.623 11.623 11.623 11.623 11.623 11.623 11.624 11.624 10.624 10.624 10.624 10.625 9.625 9.625 9.625 9.625 8.625 8.626 8.626 8.626 7.626 7.626 7.626 7.626 7.627 7.627 7.627 7.627 7.627 0.627 0.000 0.000 0.000 0.000 0.000 0.000 0.000 0.000 0.000 0.000 0.000 0.000 0.000 0.000 0.000 0.000 0.000 0.000 0.000 0.000 0.000 0.000 0.000 0.000 0.000 0.000 0.000 0.000 0.000 0.000 0.000 0.000 0.000 0.000 0.000 0.000 0.000
12.621 12.621 12.621 12.622 12.622 12.622 12.622 12.622 11.622 11.623 11.623 11.623 11.623 11.623 11.623 11.624 10.624 10.624 10.624 10.624 10.625 9.625 9.625 9.625 9.625 8.625 8.626 8.626 7.626 7.626 7.626 7.626 7.626 7.627 7.627 7.627 7.627 7.627 0.000 0.000 0.000 0.000 0.000 0.000 0.000 0.000 0.000 0.000 0.000 0.000 0.000 0.000 0.000 0.000 0.000 0.000 0.000 0.000 0.000 0.000 0.000 0.000 0.000 0.000 0.000 0.000 0.000 0.000 0.000 0.000 0.000 0.000 0.000 0.000 0.000 0.000
12.621 12.621 12.621 12.622 12.622 12.622 12.622 11.622 11.622 11.623 11.623 11.623 11.623 11.623 11.623 10.624 10.624 10.624 10.624 10.624 9.625 9.625 9.625 9.625 8.625 8.625 8.626 8.626 7.626 7.626 7.626 7.626 7.626 7.627 7.627 7.627 7.627 0.000 0.000 0.000 0.000 0.000 0.000 0.000 0.000 0.000 0.000 0.000 0.000 1.814 0.815 0.000 0.000 0.000 0.000 0.000 0.000 0.000 0.000 0.000 0.000 0.000 0.000 0.000 0.000 0.000 0.000 0.000 0.000 0.000 0.000 0.000 0.000 0.000 0.000 0.000
12.621 12.621 12.621 12.622 12.622 12.622 11.622 11.622 11.622 11.623 11.623 11.623 11.623 11.623 10.624 10.624 10.624 10.624 10.624 10.624 9.625 9.625 9.625 9.625 8.625 8.626 8.626 8.626 7.626 7.626 7.626 7.626 7.626 7.627 7.627 7.627 0.000 0.000 0.000 0.000 0.000 0.000 0.000 0.000 0.000 0.000 0.000 0.000 0.000 2.812 0.810 0.000 0.000 0.000 0.000 0.000 0.000 0.000 0.000 0.000 0.000 0.000 0.000 0.000 0.000 0.000 0.000 0.000 0.000 0.000 0.000 0.000 0.000 0.000 0.000 0.000
12.621 12.621 12.622 12.622 12.622 11.622 11.622 11.622 11.623 11.623 11.623 11.623 11.623 10.623 10.624 10.624 10.624 10.624 10.624 9.624 9.625 9.625 9.625 8.625 8.625 8.626 8.626 7.626 7.626 7.626 7.626 7.626 7.626 7.627 7.627 1.626 0.000 0.000 0.000 0.000 0.000 0.000 0.000 0.000 0.000 0.000 0.000 0.000 0.810 1.809 0.804 0.000 0.000 0.000 0.000 0.000 0.000 0.000 0.000 0.000 0.000 0.000 0.000 0.000 0.000 0.000 0.000 0.000 0.000 0.000 0.000 0.000 0.000 0.000 0.000 0.000
12.621 12.621 12.622 12.622 11.622 11.622 11.622 11.622 11.623 11.623 11.623 11.623 10.623 10.623 10.624 10.624 10.624 10.624 10.624 9.624 9.625 9.625 9.625 8.625 8.625 8.626 8.626 7.626 7.626 7.626 7.626 7.626 7.626 7.626 7.626 1.626 0.000 0.000 0.000 0.000 0.000 0.000 0.000 0.000 0.000 0.000 0.000 0.000 0.810 0.810 0.000 0.000 0.000 0.000 0.000 0.000 0.000 0.000 0.000 0.000 0.000 0.000 0.000 0.000 0.000 0.000 0.000 0.000 0.000 0.000 0.000 0.000 0.000 0.000 0.000 0.000
12.621 12.621 11.622 11.622 11.622 11.622 11.622 11.622 11.623 11.623 11.623 10.623 10.623 10.623 10.624 10.624 10.624 10.624 9.624 9.624 9.625 9.625 8.625 8.625 8.625 8.626 7.626 7.626 7.626 7.626 7.626 7.626 7.626 7.627 4.627 0.627 0.000 0.000 0.000 0.000 0.000 0.000 0.000 0.000 0.000 0.808 0.000 0.808 0.809 0.810 0.000 0.000 0.000 0.000 0.000 0.000 0.000 0.000 0.000 0.000 0.000 0.000 0.000 0.354 0.379 0.154 0.243 0.035 0.000 0.000 0.000 0.000 0.000 0.000 0.000 0.000
11.621 11.622 11.622 11.622 11.622 11.622 11.622 11.622 11.623 11.623 10.623 10.623 10.623 10.624 10.624 10.624 10.624 9.624 9.624 9.624 9.625 9.625 8.625 8.625 8.625 8.626 7.626 7.626 7.626 7.626 7.626 7.626 7.626 7.627 4.627 0.627 0.000 0.000 0.000 0.000 0.000 0.000 0.000 0.000 0.807 0.807 0.807 1.808 1.808 0.809 0.000 0.000 0.000 0.000 0.000 0.000 0.000 0.000 0.000 0.000 0.000 0.000 0.000 0.004 0.103 0.167 0.086 0.100 0.220 0.000 0.000 0.000 0.000 0.000 0.000 0.000
11.621 11.622 11.622 11.622 11.622 11.622 11.622 11.623 11.623 10.623 10.623 10.623 10.623 10.624 10.624 10.624 9.624 9.624 9.624 9.624 9.625 8.625 8.625 8.625 8.625 8.626 7.626 7.626 7.626 7.626 7.626 7.626 7.626 7.627 3.627 0.627 0.000 0.000 0.000 0.000 0.000 0.000 0.000 0.000 0.808 0.808 0.807 0.807 1.808 0.808 0.000 0.000 0.000 0.000 0.000 0.000 0.000 0.000 0.000 0.000 0.000 0.000 0.011 0.044 0.058 0.008 0.042 0.000 0.280 0.000 0.000 0.000 0.000 0.000 0.000 0.000
11.621 11.622 11.622 11.622 11.622 11.622 11.622 11.623 10.623 10.623 10.623 10.623 10.623 10.624 10.624 9.624 9.624 9.624 9.624 9.625 9.625 8.625 8.625 8.625 8.625 7.626 7.626 7.626 7.626 7.626 7.626 7.626 7.626 2.626 0.000 0.000 0.000 0.000 0.000 0.000 0.000 0.000 0.000 0.000 0.071 0.809 0.808 0.809 1.808 0.059 0.000 0.000 0.000 0.000 0.000 0.000 0.000 0.000 0.000 0.000 0.000 0.000 0.040 0.106 0.150 0.208 0.108 0.249 1.336 1.336 0.000 0.000 0.000 0.000 0.000 0.000
11.622 11.622 11.622 11.622 11.622 11.622 11.622 10.623 10.623 10.623 10.623 10.623 10.623 10.624 9.624 9.624 9.624 9.624 9.624 9.625 8.625 8.625 8.625 8.625 8.625 7.626 7.626 7.626 7.626 7.626 7.626 7.626 7.626 0.626 0.000 0.000 0.000 0.000 0.000 0.000 0.000 0.000 0.000 0.147 0.147 0.099 0.101 0.815 0.815 0.134 0.000 0.000 0.000 0.000 0.000 0.000 0.000 0.000 0.000 0.000 0.000 0.000 0.000 0.162 2.179 0.193 0.043 0.000 1.337 2.337 1.338 0.000 0.000 0.000 0.000 0.000
11.622 11.622 11.622 11.622 11.622 11.622 10.623 10.623 10.623 10.623 10.623 10.623 10.623 9.624 9.624 9.624 9.624 9.624 9.624 9.625 8.625 8.625 8.625 8.625 7.625 7.626 7.626 7.626 7.626 7.626 7.626 7.626 0.000 0.000 0.000 0.000 0.000 0.000 0.000 0.000 0.000 0.000 0.345 0.000 0.230 0.000 0.213 0.208 0.211 0.226 0.000 0.000 0.000 0.000 0.000 0.000 0.000 0.000 0.000 0.000 0.000 0.000 0.000 0.202 1.180 1.181 0.015 0.000 1.338 1.338 1.338 0.000 0.000 0.000 0.000 0.000
