includes/lisflood/camargue/results_R3_t1.56174127354E12/res-0014.wdfp
ncols         906
nrows         631
xllcorner     362177.146667
yllcorner     6534725.688020
cellsize      20.000000
NODATA_value  -9999.000000
[rows 476 to 509 of 631, columns 231 to 307 of 906]
1.238 1.178 1.268 1.268 1.208 1.158 1.238 1.247 1.197 1.217 1.297 1.207 1.655 1.077 1.681 1.694 1.698 1.702 1.257 1.257 1.247 1.258 1.248 1.208 1.198 1.228 1.149 1.219 1.289 1.249 1.219 1.635 1.200 1.320 1.588 1.588 1.200 1.220 1.100 1.050 1.080 1.510 1.497 1.484 1.471 1.031 1.212 1.092 0.892 0.932 0.962 0.962 1.103 0.983 0.853 0.793 0.000 0.000 0.000 0.000 0.000 0.000 0.000 0.000 0.000 0.000 0.000 0.000 0.000 0.000 0.000 0.000 0.000 0.000 0.000 0.000 0.000
1.228 1.208 1.630 1.629 1.238 1.198 1.257 1.247 1.077 1.167 1.247 1.167 1.667 1.680 1.693 1.706 1.719 1.732 1.733 1.733 1.726 1.721 1.717 1.218 1.258 1.278 1.168 1.319 1.279 1.686 1.249 1.678 1.279 1.289 1.229 1.229 1.199 1.219 1.210 1.080 1.140 1.552 1.540 1.311 1.121 1.161 0.951 1.041 1.031 0.812 0.832 0.832 0.982 0.882 0.852 0.682 0.000 0.000 0.000 0.000 0.000 0.000 0.000 0.000 0.000 0.000 0.000 0.000 0.000 0.000 0.000 0.000 0.000 0.000 0.000 0.000 0.000
1.711 1.198 1.148 1.148 1.228 1.258 1.267 1.237 1.639 1.167 1.217 1.127 1.691 1.704 1.717 1.730 1.744 1.307 1.288 1.288 1.776 1.807 1.802 1.798 1.793 1.789 1.248 1.278 1.776 1.771 1.309 1.763 1.279 1.239 1.309 1.309 1.149 1.089 1.229 1.230 1.651 1.638 1.625 1.080 1.051 1.081 1.091 1.011 1.021 1.081 0.952 0.952 0.892 0.932 0.722 0.762 0.000 0.000 0.000 0.000 0.000 0.000 0.000 0.000 0.000 0.000 0.000 0.000 0.000 0.000 0.000 0.000 0.000 0.000 0.000 0.000 0.000
1.318 1.208 1.678 1.678 1.188 1.168 1.268 1.238 1.227 1.207 1.167 1.187 1.207 1.217 1.729 1.297 1.741 1.730 1.721 1.721 1.753 1.785 1.817 1.840 1.836 1.831 1.827 1.823 1.818 1.814 1.809 1.805 1.797 1.259 1.259 1.259 1.149 1.732 1.719 1.706 1.693 1.300 1.260 1.240 1.040 1.131 1.091 1.051 0.971 0.971 0.961 0.961 0.872 0.882 0.801 0.751 0.000 0.000 0.000 0.000 0.000 0.000 0.000 0.000 0.000 0.000 0.000 0.000 0.000 0.000 0.000 0.000 0.000 0.000 0.000 0.000 0.000
1.108 1.228 1.188 1.188 1.188 1.208 1.208 1.218 1.218 1.268 1.188 1.167 1.097 1.237 1.247 1.227 1.277 1.308 1.698 1.698 1.730 1.762 1.793 1.825 1.857 1.874 1.288 1.865 1.861 1.856 1.309 1.847 1.840 1.827 1.209 1.209 1.788 1.775 1.762 1.746 1.713 1.100 1.050 1.180 1.170 1.050 1.040 1.231 0.921 0.881 0.971 0.971 0.931 0.801 0.781 0.801 0.650 0.000 0.000 0.000 0.000 0.000 0.000 0.000 0.000 0.000 0.000 0.000 0.000 0.000 0.000 0.000 0.000 0.000 0.000 0.000 0.000
1.238 1.258 1.198 1.198 1.208 1.178 1.298 1.258 1.178 1.218 1.158 1.158 1.068 1.138 1.088 1.278 1.058 1.068 1.675 1.675 1.707 1.739 1.770 1.802 1.834 1.865 1.897 1.907 1.903 1.899 1.894 1.890 1.882 1.869 1.843 1.843 1.830 1.279 1.786 1.753 1.720 1.259 1.129 1.070 1.130 1.090 1.030 1.070 1.100 0.941 0.921 0.921 0.821 0.891 0.790 0.890 0.820 0.000 0.000 0.000 0.000 0.000 0.000 0.000 0.000 0.000 0.000 0.000 0.000 0.000 0.000 0.000 0.000 0.000 0.000 0.000 0.148
1.208 1.760 1.278 1.278 1.188 1.228 1.258 1.178 1.258 1.098 1.268 1.118 1.228 1.108 1.128 1.088 1.188 1.028 1.308 1.308 1.684 1.716 1.747 1.779 1.811 1.318 1.874 1.906 1.938 1.941 1.937 1.932 1.198 1.298 1.318 1.319 1.858 1.825 1.792 1.759 1.727 1.249 1.189 1.190 1.230 1.020 1.080 1.070 1.020 1.050 1.030 1.030 0.890 0.810 0.800 0.890 0.720 0.000 0.000 0.000 0.000 0.000 0.000 0.000 0.000 0.000 0.000 0.000 0.000 0.000 0.000 0.000 0.000 0.000 0.000 0.000 0.219
1.790 1.288 1.298 1.298 1.288 1.278 1.248 1.278 1.118 1.228 1.068 1.218 1.706 1.008 1.218 1.058 1.188 0.978 1.178 1.178 1.661 1.278 1.724 1.258 1.318 1.298 1.851 1.883 1.914 1.946 1.978 1.974 1.968 1.955 1.898 1.898 1.865 1.832 1.799 1.766 1.733 1.319 1.668 1.059 1.200 1.080 1.070 1.000 0.990 0.920 0.950 0.950 0.890 0.880 0.820 0.750 0.860 0.000 0.000 0.000 0.000 0.000 0.000 0.000 0.000 0.000 0.000 0.000 0.000 0.000 0.390 0.450 0.380 0.000 0.000 0.391 0.461
1.308 1.787 1.188 1.188 1.258 1.728 1.238 1.298 1.238 1.248 1.098 1.008 1.098 1.018 0.978 1.018 1.038 1.228 1.108 1.108 1.638 1.670 1.298 1.733 1.764 1.308 1.268 1.859 1.891 1.923 1.954 1.318 2.003 1.970 1.904 1.905 1.872 1.839 1.806 1.773 1.740 1.229 1.109 1.309 1.170 1.120 1.040 0.990 1.060 1.040 1.040 1.040 0.850 0.820 0.880 0.820 0.830 0.000 0.000 0.000 0.000 0.000 0.000 0.000 0.227 0.618 0.438 0.438 0.319 0.540 0.750 0.770 0.400 0.151 0.431 0.451 0.701
1.813 1.268 1.258 1.258 1.756 1.268 1.728 1.712 1.188 1.318 1.158 1.088 1.138 1.098 1.068 1.128 1.058 1.099 1.089 1.088 1.615 1.647 1.678 1.710 1.741 1.308 1.805 1.258 1.868 1.900 1.931 1.993 1.258 1.981 1.911 1.911 1.879 1.846 1.813 1.780 1.747 1.169 1.199 1.149 1.616 1.129 1.090 1.150 1.090 1.119 0.980 0.980 1.040 0.900 0.840 0.900 0.830 0.829 0.000 0.000 0.000 0.000 0.000 0.359 0.558 0.698 0.508 0.509 0.659 0.900 0.920 0.760 0.390 0.691 0.571 0.781 0.321
1.825 1.811 1.188 1.188 1.278 1.248 1.740 1.749 1.709 1.198 1.148 1.138 1.168 1.088 1.078 1.188 1.019 1.059 1.079 1.079 1.592 1.624 1.655 1.687 1.718 1.750 1.782 1.813 1.108 1.168 1.958 2.022 2.054 1.298 1.918 1.918 1.886 1.853 1.820 1.239 1.754 1.129 1.688 1.655 1.622 1.219 1.239 1.189 1.109 1.069 1.089 1.089 0.950 0.930 0.910 0.930 0.899 0.939 0.699 0.000 0.000 0.000 0.748 0.758 0.658 0.918 0.649 0.649 0.959 0.859 0.870 0.930 0.920 0.711 0.771 0.661 0.531
1.836 1.258 1.268 1.268 1.268 1.765 1.278 1.278 1.248 1.198 1.664 1.168 1.158 1.049 1.099 1.069 0.979 1.019 1.139 1.139 1.569 1.601 1.632 1.664 1.695 1.318 1.758 1.795 1.859 1.923 1.987 2.052 1.268 1.248 1.940 1.940 1.893 1.860 1.289 1.794 1.249 1.728 1.309 1.662 1.119 1.299 1.239 1.199 1.239 1.049 1.199 1.199 0.979 0.939 1.119 1.009 1.039 0.949 0.869 0.379 0.000 0.858 1.088 0.868 1.028 0.718 0.959 0.959 0.899 1.079 0.960 0.890 0.900 0.981 0.821 0.741 0.841
1.848 1.834 1.805 1.805 1.178 1.813 1.188 1.846 1.258 1.238 1.308 1.209 1.129 1.139 1.069 1.169 1.059 0.979 1.059 1.059 1.546 1.577 1.279 1.199 1.672 1.228 1.760 1.824 1.888 1.952 2.016 2.080 2.107 1.309 1.967 1.967 1.920 1.873 1.833 1.179 1.767 1.199 1.289 1.319 1.636 1.149 1.149 1.259 1.209 1.179 1.169 1.169 1.109 1.059 0.979 1.149 1.078 0.899 0.599 0.709 0.698 1.018 1.138 1.068 1.138 1.058 1.148 1.149 0.979 1.009 0.959 0.930 0.890 0.860 0.691 0.861 0.971
1.859 1.298 1.828 1.828 1.228 1.861 1.318 1.895 1.168 1.248 1.169 1.159 1.099 0.989 1.139 1.029 1.129 0.959 0.979 0.979 1.289 1.554 1.199 1.259 1.661 1.725 1.789 1.853 1.917 1.981 2.045 2.109 2.134 1.309 1.993 1.993 1.946 1.900 1.853 1.248 1.774 1.239 1.708 1.249 1.059 1.159 1.279 1.159 1.149 1.199 1.249 1.249 1.259 1.169 1.249 1.130 1.079 0.729 0.539 0.798 1.318 1.078 1.318 1.208 1.208 1.218 1.208 1.209 0.939 0.999 0.979 0.910 0.950 0.660 1.090 0.981 0.911
1.871 1.857 1.288 1.288 1.893 1.910 1.926 1.228 1.278 1.288 1.828 1.079 1.079 1.219 1.059 0.939 1.049 1.109 1.009 1.009 1.249 1.531 1.563 1.189 1.690 1.229 1.249 1.882 1.946 2.010 2.074 2.138 2.161 1.319 2.020 2.020 1.973 1.926 1.879 1.318 1.785 1.218 1.318 1.309 1.069 1.269 1.149 1.179 1.259 1.269 1.269 1.269 1.277 1.269 1.183 1.119 0.919 0.569 0.808 1.268 1.288 1.009 1.248 1.208 1.228 1.208 1.108 1.109 1.129 1.099 0.999 0.969 1.030 0.910 0.940 0.920 0.910
1.882 1.892 1.925 1.925 1.942 1.958 1.975 1.991 1.981 1.932 1.148 1.129 1.159 1.309 1.169 1.169 1.059 1.109 1.049 1.049 1.229 1.269 1.591 1.655 1.719 1.783 1.239 1.911 1.975 2.039 2.103 2.167 2.187 2.140 2.047 2.047 2.000 1.953 1.906 1.859 1.812 1.149 1.722 1.249 1.258 1.189 1.269 1.518 1.269 1.423 1.278 1.278 1.303 1.272 1.241 1.139 1.019 1.199 1.288 1.087 1.060 1.066 1.228 1.228 1.008 1.098 1.028 1.029 1.039 0.979 1.059 1.069 0.949 1.040 1.010 1.120 0.960
1.882 1.892 1.925 1.925 1.942 1.958 1.975 1.991 1.981 1.932 1.148 1.128 1.159 1.309 1.169 1.169 1.059 1.109 1.049 1.049 1.229 1.269 1.591 1.655 1.719 1.783 1.239 1.911 1.975 2.039 2.103 2.167 2.187 2.140 2.047 2.047 2.000 1.953 1.906 1.859 1.812 1.149 1.722 1.249 1.259 1.189 1.269 1.518 1.268 1.423 1.278 1.278 1.303 1.272 1.241 1.138 1.018 1.198 1.288 1.087 1.060 1.066 1.228 1.228 1.008 1.098 1.028 1.028 1.039 0.979 1.059 1.069 0.949 1.040 1.010 1.120 0.960
1.924 1.268 1.974 1.974 1.990 1.298 1.278 2.040 2.036 1.208 1.228 1.149 1.199 1.149 1.089 1.159 1.640 1.059 1.496 1.496 1.299 1.279 1.620 1.684 1.259 1.279 1.239 1.299 2.004 1.299 1.319 2.197 2.214 2.167 2.073 2.073 2.026 1.980 1.933 1.886 1.319 1.792 1.745 1.239 1.319 1.209 1.309 1.529 1.498 1.467 1.436 1.436 1.373 1.318 1.208 1.108 1.318 1.218 1.187 1.160 1.133 1.318 1.143 1.168 1.088 1.118 1.068 1.068 1.109 1.029 1.049 0.939 1.019 1.029 1.039 0.990 1.110
2.021 2.037 2.071 2.071 2.087 2.104 2.120 2.137 2.145 1.268 2.046 1.997 1.319 1.898 1.299 1.269 1.319 1.209 1.259 1.259 1.696 1.717 1.739 1.761 1.806 1.219 1.199 1.279 1.209 2.126 2.190 2.254 2.267 2.220 2.127 2.127 2.080 2.033 1.986 1.309 1.892 1.845 1.810 1.779 1.749 1.728 1.702 1.671 1.640 1.608 1.577 1.577 1.515 1.484 1.288 1.422 1.391 1.360 1.333 1.228 1.278 1.228 1.168 1.298 1.168 1.118 1.068 1.068 1.119 1.089 1.079 1.039 1.099 0.999 1.139 1.009 1.029
2.069 2.086 2.119 2.119 2.136 2.152 2.169 2.186 2.200 2.150 2.101 2.052 1.299 1.953 1.903 1.871 1.239 1.239 1.249 1.249 1.269 1.816 1.299 1.279 1.881 1.902 1.963 1.309 2.091 2.155 2.219 2.283 2.294 2.247 2.153 2.153 2.106 2.059 2.013 1.966 1.299 1.899 1.868 1.837 1.808 1.788 1.768 1.741 1.710 1.679 1.648 1.648 1.038 1.554 1.523 1.492 1.461 1.432 1.318 1.318 1.268 1.208 1.188 1.158 1.118 1.158 1.178 1.178 1.198 1.139 1.159 1.289 1.189 1.179 1.119 1.129 1.189
2.091 2.123 2.168 2.168 2.184 2.201 2.217 2.234 2.251 2.205 2.156 2.106 2.057 2.009 1.990 1.189 1.299 1.932 1.894 1.894 1.893 1.915 1.936 1.289 1.979 2.001 2.023 2.056 2.120 2.184 2.248 2.312 2.320 2.274 2.180 2.180 2.133 2.086 2.051 2.020 1.989 1.958 1.927 1.896 1.868 1.848 1.827 1.807 1.781 1.750 1.719 1.719 1.318 1.625 1.594 1.563 1.532 1.505 1.478 1.288 1.298 1.128 1.298 1.178 1.168 1.178 1.178 1.178 0.958 1.168 1.209 1.551 1.299 1.189 1.612 1.279 1.179
2.106 2.138 2.203 2.203 2.233 2.249 2.266 2.283 2.299 2.260 2.210 2.161 2.128 2.109 2.089 2.070 2.051 2.032 1.993 1.993 1.992 2.013 2.035 2.057 1.299 2.100 2.121 2.143 2.165 2.213 2.277 2.341 2.347 2.300 2.206 2.206 2.172 2.141 2.110 2.079 2.048 2.017 1.986 1.955 1.928 1.908 1.887 1.867 1.846 1.821 1.789 1.789 1.727 1.696 1.665 1.634 1.605 1.318 1.228 1.278 1.308 1.469 1.218 1.308 1.178 1.188 1.238 1.238 1.178 1.198 1.238 1.608 1.628 1.648 1.668 1.308 1.208
2.121 2.153 2.218 2.218 2.250 2.282 2.314 2.331 2.348 2.314 2.266 2.246 2.227 2.208 2.189 2.169 2.150 2.131 2.092 2.092 2.090 2.112 2.133 2.155 2.177 2.198 2.220 2.242 2.263 2.285 2.306 2.370 2.374 2.327 2.262 2.262 2.231 2.200 2.169 2.138 2.107 2.075 2.044 2.013 1.988 1.967 1.947 1.926 1.906 1.885 1.860 1.860 1.798 1.767 1.736 1.705 1.678 1.238 1.288 1.258 1.278 1.541 1.298 1.158 1.308 1.218 1.218 1.218 1.278 1.268 1.238 1.298 1.278 1.308 1.712 1.178 1.218
2.135 2.168 2.232 2.232 2.265 2.297 2.329 2.362 2.394 2.384 2.365 2.346 2.326 2.307 2.288 2.269 2.249 2.230 2.192 2.192 2.189 2.210 2.232 2.254 2.275 2.297 2.319 2.340 2.362 2.383 2.405 2.427 2.413 2.382 2.320 2.320 2.289 2.258 2.227 2.196 2.165 2.134 2.103 2.072 2.047 2.027 2.007 1.986 1.966 1.945 1.925 1.925 1.868 1.837 1.806 1.778 1.750 1.723 1.696 1.668 1.641 1.248 1.278 1.298 1.318 1.238 1.621 1.621 1.218 1.681 1.278 1.722 1.742 1.298 1.158 1.268 1.208
2.150 2.182 2.247 2.247 2.279 2.312 2.344 2.377 2.429 2.456 2.464 2.445 2.426 2.406 2.387 2.368 2.349 2.329 2.291 2.291 2.287 2.309 2.331 2.352 2.374 2.396 2.417 2.439 2.460 2.482 2.503 2.524 2.499 2.443 2.379 2.379 2.348 2.317 2.286 2.255 2.224 2.193 2.162 2.131 2.107 2.087 2.066 2.046 1.259 2.005 1.984 1.984 1.939 1.908 1.878 1.850 1.823 1.796 1.768 1.318 1.308 1.298 1.218 1.207 1.638 1.137 1.678 1.678 1.318 1.738 1.758 1.779 1.780 1.778 1.777 1.775 1.278
2.165 2.197 2.262 2.262 2.294 2.327 2.367 2.421 2.475 2.503 2.514 2.524 2.525 2.506 2.486 2.467 2.448 2.429 2.390 2.390 2.386 2.408 2.429 2.451 2.473 2.494 2.516 2.537 2.559 2.580 2.601 2.622 2.594 2.538 2.437 2.437 2.406 2.375 2.344 2.313 2.282 2.251 2.220 2.189 2.167 2.146 2.126 2.106 2.085 2.065 2.044 2.044 2.003 1.979 1.950 1.923 1.896 1.869 1.841 1.814 1.787 1.759 1.732 1.317 1.207 1.297 1.735 1.735 1.308 1.795 1.815 1.814 1.813 1.811 1.809 1.808 1.806
2.180 2.212 2.277 2.277 2.309 2.359 2.413 2.467 2.521 2.550 2.561 2.571 2.582 2.593 2.586 2.566 2.547 2.528 2.489 2.490 2.485 2.506 2.528 2.550 2.571 2.593 2.614 2.635 2.657 2.678 2.699 2.720 2.690 2.634 2.521 2.521 2.465 2.434 2.403 2.372 2.341 2.310 2.279 2.248 2.227 2.206 2.186 2.165 2.145 2.124 2.104 2.104 2.065 2.065 2.031 1.996 1.968 1.941 1.914 1.887 1.859 1.832 1.247 1.777 1.287 1.772 1.792 1.792 1.832 1.308 1.848 1.847 1.845 1.843 1.842 1.840 1.838
2.194 2.227 2.296 2.296 2.351 2.405 2.459 2.513 2.567 2.597 2.608 2.618 2.629 2.640 2.650 2.661 2.647 2.627 2.589 2.589 2.583 2.605 2.626 2.648 2.670 2.691 2.712 2.733 2.754 2.775 2.797 2.818 2.785 2.729 2.616 2.616 2.560 2.503 2.462 2.431 2.400 2.369 2.338 2.307 2.286 2.266 2.245 2.225 2.204 2.184 2.166 2.166 2.166 2.165 2.134 2.097 2.060 2.023 1.987 1.298 1.932 1.905 1.267 1.297 1.823 1.828 1.849 1.849 1.884 1.882 1.881 1.879 1.877 1.876 1.874 1.872 1.871
2.209 2.242 2.342 2.342 2.397 2.451 2.505 2.559 2.613 2.644 2.655 2.665 2.676 2.687 2.697 2.708 2.719 2.727 2.688 2.688 2.682 2.703 2.725 2.746 2.768 2.789 2.810 2.831 2.852 2.873 2.894 2.915 2.881 2.824 2.711 2.711 2.655 2.599 2.542 2.489 2.458 2.427 2.396 2.366 2.346 2.325 2.305 2.285 2.267 2.267 2.266 2.266 2.266 2.265 2.237 2.200 2.163 2.125 2.088 2.051 1.308 1.298 1.018 1.923 1.895 1.885 1.905 1.906 1.916 1.915 1.913 1.912 1.910 1.908 1.907 1.905 1.903
2.226 2.280 2.388 2.388 2.443 2.497 2.551 2.605 2.659 2.691 2.702 2.712 2.723 2.734 2.744 2.755 2.766 2.776 2.787 2.788 2.780 2.802 2.823 2.844 2.865 2.886 2.908 2.929 2.950 2.971 2.992 3.013 2.976 2.920 2.807 2.807 2.751 2.694 2.638 2.581 2.525 2.486 2.455 2.426 2.405 2.385 2.367 2.367 2.367 2.367 2.366 2.366 2.366 2.366 2.340 2.303 2.266 2.228 2.191 2.154 2.117 1.268 2.042 2.005 1.968 1.942 1.952 1.952 1.949 1.947 1.946 1.944 1.942 1.941 1.939 1.937 1.936
2.272 2.326 2.434 2.434 2.488 2.543 2.597 2.651 2.705 2.738 2.749 2.759 2.770 2.781 2.791 2.802 2.813 2.823 2.845 2.845 2.875 2.900 2.921 2.942 2.963 2.984 3.005 3.027 3.048 3.069 3.090 3.111 3.072 3.015 2.902 2.902 2.846 2.789 2.733 2.677 2.620 2.564 2.513 2.485 2.468 2.468 2.468 2.467 2.467 2.467 2.467 2.466 2.466 2.466 2.443 2.406 2.369 2.331 2.294 2.257 2.220 2.182 2.145 2.108 2.070 2.074 2.012 2.012 1.981 1.980 1.978 1.977 1.975 1.973 1.972 1.970 1.968
2.318 2.372 2.480 2.480 2.534 2.588 2.642 2.697 2.751 2.785 2.796 2.807 2.817 2.828 2.839 2.849 2.860 2.871 2.927 2.927 2.959 2.989 3.019 3.040 3.061 3.082 3.103 3.124 3.145 3.167 3.188 3.209 3.167 3.111 2.998 2.998 2.941 2.885 2.829 2.772 2.716 2.659 2.606 2.580 2.568 2.568 2.568 2.567 2.567 2.567 2.567 2.567 2.566 2.566 2.546 2.509 2.471 2.434 2.397 2.360 2.322 2.285 2.248 2.216 2.234 2.252 2.197 2.197 2.046 2.012 2.011 2.009 2.007 2.006 2.004 2.002 2.001
2.318 2.372 2.480 2.480 2.534 2.588 2.642 2.697 2.751 2.785 2.796 2.807 2.817 2.828 2.839 2.849 2.860 2.871 2.927 2.927 2.959 2.989 3.019 3.040 3.061 3.082 3.103 3.124 3.145 3.167 3.188 3.209 3.167 3.111 2.998 2.998 2.941 2.885 2.829 2.772 2.716 2.659 2.606 2.580 2.568 2.568 2.568 2.567 2.567 2.567 2.567 2.567 2.566 2.566 2.546 2.509 2.471 2.434 2.397 2.360 2.322 2.285 2.248 2.216 2.234 2.252 2.197 2.197 2.046 2.012 2.011 2.009 2.007 2.006 2.004 2.002 2.001
2.376 2.421 2.526 2.526 2.580 2.634 2.688 2.742 2.797 2.832 2.843 2.854 2.864 2.875 2.886 2.896 2.914 2.946 3.011 3.011 3.043 3.073 3.103 3.133 3.159 3.180 3.201 3.222 3.243 3.264 3.285 3.307 3.262 3.206 3.093 3.093 3.037 2.980 2.924 2.867 2.811 2.794 2.778 2.752 2.707 2.668 2.668 2.667 2.667 2.667 2.667 2.667 2.666 2.666 2.649 2.612 2.574 2.537 2.500 2.463 2.425 2.388 2.376 2.394 2.412 2.430 2.383 2.383 2.232 2.156 2.080 2.041 2.040 2.038 2.036 2.035 2.033
