includes/lisflood/camargue/results_R3_t1.56174127354E12/res-0009.wdfp
ncols         906
nrows         631
xllcorner     362177.146667
yllcorner     6534725.688020
cellsize      20.000000
NODATA_value  -9999.000000
[rows 408 to 441 of 631, columns 616 to 692 of 906]
0.086 0.052 0.030 0.016 0.119 0.119 0.000 0.004 0.017 0.008 0.283 0.008 0.009 0.000 0.000 0.023 0.015 0.000 0.050 0.070 0.000 0.000 0.040 0.044 0.054 0.012 0.062 0.072 0.000 0.401 0.004 0.391 0.014 0.054 0.024 0.000 0.003 0.002 0.003 0.001 0.082 0.000 0.083 0.000 0.041 0.044 0.047 0.000 0.033 0.027 0.024 0.022 0.037 0.026 0.025 0.000 0.001 0.000 0.044 0.038 0.035 0.043 0.053 0.055 0.052 0.047 0.040 0.035 0.030 0.030 0.020 0.016 0.019 0.022 0.027 0.030 0.032
0.000 0.000 0.000 0.013 0.157 0.157 0.077 0.000 0.000 0.061 0.081 0.005 0.107 0.106 0.104 0.093 0.040 0.019 0.487 0.510 0.015 0.009 0.020 0.035 0.023 0.012 0.406 0.000 0.414 0.411 0.018 0.074 0.017 0.000 0.000 0.000 0.000 0.000 0.001 0.000 0.082 0.085 0.090 0.000 0.037 0.039 0.040 0.029 0.024 0.027 0.027 0.034 0.000 0.000 0.020 0.023 0.036 0.034 0.044 0.044 0.044 0.049 0.054 0.054 0.052 0.047 0.042 0.037 0.032 0.032 0.023 0.017 0.016 0.020 0.025 0.029 0.031
0.001 0.101 0.161 0.000 0.125 0.125 0.013 0.102 0.072 0.000 0.090 0.049 0.177 0.002 0.005 0.058 0.166 0.116 0.000 0.043 0.012 0.007 0.072 0.052 0.026 0.028 0.419 0.038 0.000 0.422 0.007 0.038 0.018 0.398 0.001 0.000 0.006 0.006 0.000 0.082 0.086 0.089 0.000 0.029 0.034 0.037 0.036 0.029 0.032 0.034 0.036 0.037 0.051 0.039 0.047 0.061 0.083 0.074 0.069 0.065 0.063 0.064 0.065 0.065 0.063 0.059 0.054 0.050 0.045 0.046 0.034 0.023 0.019 0.025 0.029 0.032 0.035
0.001 0.101 0.161 0.000 0.123 0.123 0.012 0.102 0.072 0.000 0.090 0.049 0.177 0.002 0.005 0.057 0.165 0.115 0.000 0.034 0.006 0.003 0.071 0.049 0.018 0.022 0.419 0.025 0.000 0.422 0.005 0.027 0.012 0.398 0.000 0.000 0.006 0.006 0.000 0.081 0.084 0.082 0.000 0.027 0.029 0.029 0.026 0.019 0.021 0.022 0.023 0.024 0.050 0.039 0.046 0.061 0.081 0.063 0.055 0.050 0.047 0.046 0.046 0.045 0.043 0.041 0.037 0.034 0.030 0.031 0.022 0.013 0.010 0.015 0.019 0.021 0.023
0.000 0.001 0.111 0.004 0.276 0.276 0.021 0.001 0.111 0.004 0.002 0.372 0.077 0.065 0.053 0.038 0.082 0.041 0.026 0.040 0.039 0.036 0.000 0.010 0.426 0.421 0.009 0.084 0.067 0.000 0.002 0.014 0.009 0.000 0.044 0.000 0.045 0.045 0.045 0.000 0.000 0.064 0.048 0.037 0.031 0.025 0.020 0.020 0.020 0.021 0.023 0.031 0.000 0.000 0.000 0.000 0.000 0.061 0.056 0.051 0.047 0.046 0.045 0.043 0.041 0.039 0.036 0.033 0.030 0.032 0.019 0.012 0.008 0.014 0.017 0.020 0.022
0.015 0.012 0.000 0.007 0.201 0.201 0.002 0.101 0.101 0.080 0.000 0.139 0.000 0.021 0.063 0.002 0.051 0.004 0.017 0.019 0.017 0.009 0.053 0.045 0.010 0.435 0.430 0.004 0.060 0.000 0.021 0.025 0.022 0.001 0.003 0.003 0.415 0.415 0.003 0.000 0.000 0.061 0.047 0.036 0.025 0.019 0.018 0.018 0.018 0.018 0.019 0.022 0.018 0.007 0.005 0.005 0.040 0.055 0.050 0.045 0.042 0.040 0.038 0.037 0.035 0.033 0.031 0.029 0.026 0.028 0.013 0.009 0.007 0.010 0.014 0.016 0.018
0.079 0.049 0.024 0.000 0.084 0.083 0.097 0.003 0.000 0.027 0.150 0.119 0.002 0.034 0.001 0.101 0.039 0.024 0.015 0.016 0.014 0.008 0.000 0.047 0.040 0.000 0.000 0.000 0.053 0.039 0.034 0.029 0.024 0.000 0.001 0.000 0.003 0.002 0.001 0.008 0.012 0.000 0.034 0.031 0.029 0.027 0.025 0.023 0.023 0.023 0.023 0.023 0.029 0.016 0.020 0.057 0.000 0.066 0.063 0.058 0.053 0.050 0.047 0.045 0.043 0.042 0.040 0.034 0.028 0.032 0.014 0.011 0.009 0.010 0.015 0.018 0.021
0.000 0.007 0.023 0.019 0.120 0.119 0.360 0.000 0.156 0.046 0.001 0.023 0.000 0.442 0.045 0.071 0.007 0.068 0.001 0.006 0.039 0.037 0.000 0.046 0.040 0.036 0.031 0.033 0.043 0.039 0.038 0.031 0.024 0.015 0.000 0.000 0.003 0.001 0.013 0.012 0.000 0.002 0.022 0.027 0.028 0.027 0.026 0.025 0.024 0.024 0.023 0.022 0.032 0.020 0.028 0.000 0.025 0.061 0.068 0.063 0.058 0.053 0.050 0.047 0.046 0.045 0.038 0.031 0.026 0.030 0.012 0.010 0.009 0.009 0.013 0.017 0.020
0.020 0.007 0.009 0.082 0.040 0.038 0.377 0.000 0.046 0.145 0.065 0.095 0.000 0.000 0.001 0.003 0.048 0.068 0.000 0.033 0.042 0.042 0.037 0.040 0.037 0.000 0.038 0.036 0.038 0.034 0.000 0.029 0.024 0.017 0.009 0.004 0.000 0.000 0.000 0.013 0.007 0.005 0.016 0.023 0.026 0.027 0.026 0.026 0.025 0.024 0.024 0.022 0.033 0.022 0.026 0.025 0.000 0.058 0.077 0.071 0.066 0.061 0.057 0.054 0.052 0.043 0.036 0.029 0.023 0.028 0.011 0.010 0.009 0.009 0.011 0.016 0.019
0.005 0.002 0.062 0.072 0.018 0.014 0.111 0.389 0.411 0.064 0.001 0.000 0.000 0.001 0.000 0.002 0.000 0.062 0.000 0.045 0.048 0.048 0.043 0.040 0.036 0.032 0.036 0.035 0.034 0.030 0.025 0.026 0.022 0.017 0.011 0.006 0.002 0.002 0.000 0.000 0.007 0.010 0.014 0.020 0.023 0.025 0.026 0.026 0.026 0.025 0.025 0.022 0.035 0.024 0.025 0.026 0.029 0.065 0.096 0.091 0.086 0.081 0.076 0.071 0.057 0.045 0.035 0.028 0.022 0.026 0.010 0.010 0.009 0.009 0.010 0.015 0.019
0.000 0.029 0.000 0.000 0.165 0.164 0.089 0.407 0.089 0.055 0.009 0.003 0.002 0.000 0.002 0.001 0.017 0.044 0.046 0.000 0.052 0.052 0.047 0.043 0.039 0.036 0.036 0.035 0.033 0.030 0.026 0.024 0.021 0.016 0.012 0.007 0.002 0.003 0.000 0.000 0.049 0.000 0.016 0.020 0.023 0.026 0.027 0.027 0.027 0.027 0.027 0.023 0.037 0.026 0.027 0.034 0.054 0.090 0.126 0.128 0.123 0.118 0.113 0.094 0.075 0.058 0.043 0.031 0.022 0.026 0.010 0.009 0.009 0.009 0.009 0.015 0.020
0.170 0.119 0.044 0.053 0.115 0.115 0.019 0.045 0.408 0.032 0.002 0.053 0.076 0.000 0.418 0.000 0.015 0.035 0.044 0.055 0.055 0.055 0.050 0.046 0.042 0.038 0.036 0.034 0.032 0.029 0.026 0.023 0.020 0.016 0.012 0.008 0.003 0.004 0.002 0.000 0.000 0.002 0.000 0.014 0.021 0.027 0.031 0.035 0.035 0.035 0.033 0.029 0.044 0.032 0.038 0.059 0.092 0.127 0.163 0.178 0.173 0.167 0.148 0.128 0.108 0.089 0.069 0.050 0.033 0.035 0.011 0.010 0.010 0.010 0.010 0.016 0.023
0.000 0.000 0.076 0.085 0.018 0.015 0.000 0.010 0.044 0.128 0.128 0.000 0.093 0.107 0.000 0.000 0.013 0.030 0.044 0.063 0.060 0.060 0.055 0.049 0.045 0.041 0.037 0.035 0.032 0.029 0.026 0.022 0.019 0.016 0.012 0.009 0.004 0.004 0.002 0.002 0.001 0.002 0.002 0.008 0.015 0.020 0.025 0.029 0.033 0.036 0.038 0.036 0.063 0.053 0.070 0.099 0.134 0.170 0.205 0.232 0.226 0.207 0.187 0.167 0.147 0.127 0.107 0.086 0.066 0.066 0.028 0.016 0.012 0.012 0.013 0.018 0.028
0.000 0.045 0.004 0.000 0.000 0.000 0.000 0.024 0.048 0.000 0.124 0.121 0.115 0.120 0.109 0.000 0.017 0.031 0.049 0.070 0.064 0.064 0.058 0.053 0.048 0.043 0.039 0.035 0.032 0.028 0.025 0.022 0.019 0.016 0.013 0.009 0.004 0.004 0.003 0.003 0.002 0.002 0.003 0.005 0.010 0.014 0.019 0.023 0.027 0.031 0.033 0.032 0.061 0.052 0.078 0.116 0.157 0.199 0.242 0.284 0.268 0.248 0.228 0.208 0.188 0.167 0.147 0.126 0.106 0.106 0.066 0.046 0.029 0.020 0.019 0.022 0.035
0.052 0.000 0.016 0.000 0.056 0.056 0.000 0.000 0.361 0.383 0.000 0.000 0.000 0.000 0.080 0.077 0.000 0.037 0.059 0.081 0.069 0.067 0.061 0.056 0.051 0.045 0.040 0.036 0.033 0.029 0.026 0.023 0.020 0.017 0.013 0.010 0.004 0.004 0.004 0.004 0.004 0.003 0.003 0.004 0.007 0.010 0.014 0.018 0.022 0.025 0.028 0.028 0.059 0.052 0.081 0.120 0.162 0.204 0.246 0.270 0.270 0.260 0.249 0.239 0.228 0.209 0.188 0.168 0.147 0.147 0.107 0.087 0.067 0.048 0.035 0.032 0.046
0.000 0.025 0.002 0.000 0.004 0.003 0.005 0.356 0.378 0.400 0.034 0.026 0.000 0.029 0.058 0.064 0.051 0.051 0.067 0.000 0.068 0.068 0.063 0.057 0.052 0.048 0.044 0.039 0.035 0.031 0.028 0.024 0.021 0.017 0.014 0.010 0.005 0.004 0.004 0.005 0.005 0.004 0.003 0.004 0.006 0.008 0.011 0.014 0.017 0.021 0.024 0.025 0.057 0.052 0.084 0.124 0.166 0.208 0.241 0.254 0.265 0.254 0.244 0.233 0.222 0.212 0.201 0.190 0.178 0.178 0.148 0.127 0.107 0.088 0.069 0.056 0.061
0.000 0.002 0.068 0.005 0.005 0.004 0.000 0.008 0.024 0.020 0.001 0.007 0.015 0.028 0.047 0.055 0.054 0.056 0.068 0.079 0.069 0.069 0.065 0.060 0.056 0.052 0.047 0.043 0.039 0.034 0.030 0.026 0.022 0.019 0.015 0.010 0.008 0.005 0.006 0.006 0.006 0.005 0.004 0.004 0.005 0.007 0.009 0.011 0.014 0.017 0.020 0.021 0.056 0.053 0.088 0.129 0.171 0.212 0.225 0.239 0.252 0.249 0.238 0.227 0.217 0.206 0.195 0.184 0.173 0.172 0.151 0.140 0.128 0.118 0.108 0.089 0.083
0.000 0.002 0.038 0.003 0.011 0.010 0.000 0.000 0.000 0.029 0.022 0.021 0.020 0.028 0.040 0.049 0.053 0.060 0.072 0.085 0.076 0.075 0.070 0.066 0.061 0.056 0.052 0.047 0.043 0.039 0.034 0.030 0.026 0.021 0.017 0.011 0.011 0.007 0.008 0.008 0.008 0.007 0.007 0.005 0.006 0.007 0.008 0.010 0.012 0.015 0.017 0.019 0.057 0.054 0.092 0.133 0.175 0.197 0.210 0.223 0.236 0.243 0.232 0.222 0.211 0.200 0.189 0.178 0.167 0.166 0.144 0.133 0.122 0.110 0.099 0.088 0.103
0.000 0.000 0.000 0.303 0.012 0.012 0.000 0.000 0.003 0.023 0.024 0.025 0.026 0.031 0.039 0.048 0.055 0.065 0.080 0.090 0.083 0.082 0.077 0.072 0.067 0.063 0.058 0.054 0.049 0.045 0.040 0.036 0.032 0.027 0.022 0.015 0.018 0.014 0.014 0.014 0.014 0.014 0.013 0.011 0.009 0.009 0.010 0.011 0.012 0.014 0.016 0.018 0.059 0.057 0.096 0.138 0.168 0.181 0.194 0.208 0.221 0.234 0.227 0.216 0.205 0.194 0.183 0.172 0.160 0.159 0.137 0.126 0.113 0.100 0.087 0.097 0.120
0.000 0.000 0.000 0.303 0.005 0.004 0.000 0.000 0.001 0.013 0.016 0.018 0.019 0.022 0.029 0.036 0.043 0.054 0.070 0.081 0.074 0.073 0.068 0.063 0.059 0.054 0.050 0.046 0.041 0.037 0.033 0.029 0.025 0.021 0.016 0.010 0.013 0.009 0.010 0.010 0.010 0.010 0.009 0.007 0.007 0.007 0.008 0.009 0.010 0.011 0.012 0.014 0.058 0.056 0.096 0.138 0.168 0.181 0.194 0.207 0.220 0.233 0.226 0.215 0.204 0.193 0.182 0.170 0.159 0.157 0.135 0.122 0.109 0.094 0.077 0.086 0.108
0.000 0.000 0.371 0.000 0.012 0.012 0.000 0.000 0.001 0.009 0.013 0.015 0.017 0.020 0.025 0.032 0.040 0.053 0.071 0.079 0.073 0.073 0.068 0.064 0.059 0.055 0.050 0.046 0.042 0.037 0.033 0.029 0.025 0.021 0.016 0.010 0.014 0.010 0.010 0.011 0.011 0.011 0.010 0.009 0.007 0.007 0.008 0.008 0.009 0.010 0.011 0.013 0.062 0.061 0.101 0.140 0.153 0.166 0.179 0.192 0.204 0.217 0.220 0.209 0.198 0.187 0.175 0.163 0.152 0.150 0.127 0.113 0.097 0.078 0.074 0.086 0.106
0.002 0.001 0.000 0.000 0.010 0.008 0.006 0.004 0.003 0.006 0.009 0.012 0.014 0.016 0.020 0.026 0.036 0.050 0.070 0.075 0.070 0.069 0.067 0.063 0.058 0.053 0.049 0.044 0.040 0.036 0.031 0.027 0.023 0.019 0.014 0.008 0.013 0.009 0.010 0.010 0.010 0.010 0.009 0.009 0.007 0.005 0.006 0.007 0.008 0.009 0.010 0.012 0.066 0.066 0.106 0.125 0.138 0.150 0.163 0.176 0.189 0.201 0.213 0.202 0.191 0.180 0.168 0.156 0.144 0.141 0.117 0.100 0.079 0.068 0.072 0.083 0.100
0.000 0.003 0.002 0.001 0.011 0.008 0.008 0.007 0.006 0.007 0.010 0.012 0.015 0.018 0.022 0.030 0.043 0.063 0.084 0.082 0.077 0.077 0.074 0.071 0.068 0.064 0.059 0.054 0.049 0.044 0.039 0.034 0.029 0.024 0.017 0.012 0.018 0.013 0.013 0.013 0.013 0.013 0.013 0.012 0.011 0.009 0.007 0.008 0.009 0.010 0.011 0.015 0.072 0.071 0.082 0.095 0.107 0.120 0.132 0.145 0.158 0.170 0.183 0.190 0.179 0.167 0.155 0.143 0.129 0.126 0.099 0.077 0.080 0.082 0.087 0.098 0.114
0.006 0.004 0.003 0.002 0.010 0.007 0.008 0.008 0.007 0.008 0.009 0.011 0.014 0.016 0.021 0.029 0.045 0.066 0.084 0.081 0.077 0.077 0.074 0.072 0.069 0.066 0.062 0.056 0.051 0.046 0.041 0.036 0.031 0.025 0.016 0.014 0.020 0.015 0.015 0.014 0.014 0.014 0.014 0.014 0.013 0.011 0.008 0.008 0.009 0.010 0.011 0.017 0.057 0.056 0.068 0.080 0.092 0.104 0.117 0.129 0.141 0.153 0.165 0.178 0.171 0.159 0.147 0.133 0.119 0.114 0.082 0.079 0.081 0.085 0.091 0.102 0.117
0.007 0.005 0.004 0.003 0.009 0.007 0.008 0.008 0.008 0.008 0.009 0.011 0.013 0.015 0.020 0.030 0.048 0.070 0.083 0.081 0.077 0.077 0.074 0.072 0.069 0.066 0.063 0.059 0.054 0.049 0.043 0.038 0.032 0.025 0.018 0.016 0.022 0.016 0.016 0.016 0.016 0.016 0.015 0.015 0.014 0.013 0.011 0.008 0.009 0.009 0.011 0.021 0.043 0.042 0.053 0.065 0.077 0.089 0.100 0.112 0.124 0.136 0.148 0.159 0.163 0.150 0.137 0.123 0.106 0.097 0.082 0.082 0.084 0.088 0.095 0.107 0.123
0.008 0.006 0.005 0.003 0.009 0.006 0.007 0.008 0.008 0.009 0.009 0.010 0.012 0.014 0.019 0.031 0.051 0.073 0.083 0.081 0.076 0.076 0.074 0.072 0.069 0.066 0.064 0.060 0.056 0.051 0.045 0.040 0.033 0.025 0.020 0.018 0.024 0.018 0.018 0.018 0.017 0.017 0.017 0.016 0.016 0.015 0.013 0.010 0.009 0.010 0.012 0.020 0.031 0.028 0.038 0.049 0.061 0.073 0.084 0.095 0.107 0.118 0.129 0.140 0.152 0.140 0.126 0.111 0.091 0.079 0.083 0.084 0.086 0.092 0.101 0.114 0.132
0.008 0.007 0.006 0.004 0.008 0.005 0.006 0.007 0.008 0.009 0.009 0.010 0.012 0.014 0.019 0.033 0.055 0.077 0.082 0.080 0.076 0.076 0.074 0.071 0.069 0.066 0.064 0.061 0.057 0.053 0.047 0.041 0.034 0.024 0.022 0.020 0.026 0.020 0.020 0.019 0.019 0.019 0.018 0.018 0.017 0.016 0.015 0.013 0.010 0.010 0.016 0.013 0.019 0.016 0.024 0.034 0.045 0.056 0.067 0.078 0.088 0.099 0.109 0.120 0.130 0.128 0.113 0.094 0.083 0.068 0.082 0.085 0.089 0.097 0.108 0.124 0.143
0.009 0.008 0.007 0.005 0.009 0.006 0.006 0.006 0.008 0.009 0.009 0.010 0.011 0.014 0.020 0.036 0.058 0.080 0.082 0.080 0.075 0.075 0.073 0.071 0.069 0.066 0.063 0.061 0.057 0.054 0.049 0.042 0.034 0.026 0.024 0.022 0.028 0.022 0.021 0.021 0.020 0.020 0.019 0.019 0.018 0.018 0.016 0.015 0.012 0.009 0.007 0.004 0.007 0.005 0.009 0.018 0.028 0.038 0.048 0.058 0.067 0.077 0.086 0.096 0.106 0.112 0.096 0.079 0.084 0.068 0.082 0.087 0.094 0.104 0.119 0.137 0.157
0.009 0.009 0.008 0.006 0.010 0.006 0.006 0.006 0.006 0.008 0.009 0.010 0.011 0.013 0.021 0.039 0.061 0.083 0.081 0.079 0.075 0.075 0.073 0.070 0.068 0.066 0.063 0.060 0.057 0.053 0.049 0.043 0.033 0.028 0.026 0.023 0.030 0.023 0.022 0.021 0.021 0.020 0.019 0.019 0.018 0.017 0.017 0.015 0.013 0.011 0.008 0.005 0.006 0.004 0.006 0.008 0.011 0.015 0.021 0.028 0.037 0.045 0.054 0.063 0.072 0.081 0.071 0.076 0.083 0.067 0.084 0.091 0.101 0.115 0.132 0.152 0.174
0.010 0.009 0.008 0.007 0.010 0.007 0.007 0.007 0.007 0.007 0.008 0.009 0.011 0.013 0.022 0.042 0.065 0.082 0.080 0.078 0.074 0.074 0.072 0.070 0.067 0.065 0.062 0.059 0.056 0.052 0.047 0.041 0.031 0.028 0.026 0.023 0.030 0.023 0.022 0.022 0.021 0.021 0.020 0.020 0.019 0.019 0.018 0.017 0.014 0.012 0.012 0.008 0.009 0.006 0.007 0.009 0.012 0.016 0.021 0.028 0.034 0.041 0.049 0.055 0.062 0.068 0.060 0.070 0.081 0.067 0.087 0.098 0.111 0.128 0.148 0.170 0.193
0.010 0.010 0.009 0.008 0.011 0.008 0.008 0.007 0.007 0.007 0.007 0.008 0.010 0.013 0.024 0.045 0.068 0.081 0.079 0.077 0.073 0.073 0.071 0.068 0.066 0.063 0.060 0.057 0.053 0.048 0.043 0.038 0.032 0.030 0.028 0.025 0.032 0.025 0.024 0.023 0.023 0.022 0.021 0.021 0.021 0.020 0.019 0.018 0.014 0.014 0.014 0.012 0.012 0.008 0.009 0.011 0.013 0.017 0.022 0.029 0.036 0.043 0.052 0.060 0.069 0.067 0.046 0.058 0.072 0.061 0.087 0.101 0.119 0.140 0.163 0.187 0.212
0.011 0.011 0.010 0.008 0.012 0.008 0.008 0.008 0.008 0.008 0.008 0.008 0.008 0.013 0.026 0.048 0.070 0.080 0.078 0.075 0.071 0.071 0.069 0.066 0.063 0.060 0.056 0.053 0.051 0.048 0.044 0.038 0.034 0.033 0.031 0.028 0.035 0.027 0.026 0.025 0.024 0.024 0.023 0.022 0.022 0.021 0.020 0.018 0.016 0.015 0.015 0.016 0.016 0.011 0.011 0.012 0.015 0.018 0.024 0.031 0.039 0.048 0.057 0.068 0.077 0.061 0.044 0.042 0.062 0.055 0.086 0.104 0.125 0.148 0.173 0.198 0.223
0.013 0.012 0.011 0.009 0.013 0.009 0.009 0.009 0.009 0.008 0.008 0.008 0.009 0.012 0.027 0.049 0.072 0.077 0.075 0.073 0.069 0.068 0.065 0.062 0.061 0.059 0.057 0.055 0.053 0.049 0.045 0.038 0.036 0.035 0.034 0.031 0.038 0.030 0.028 0.027 0.026 0.026 0.025 0.024 0.024 0.023 0.022 0.018 0.017 0.017 0.016 0.017 0.020 0.014 0.013 0.014 0.016 0.021 0.028 0.037 0.046 0.056 0.067 0.079 0.073 0.058 0.042 0.031 0.053 0.048 0.087 0.109 0.133 0.157 0.183 0.208 0.234
0.015 0.014 0.013 0.011 0.015 0.011 0.011 0.010 0.010 0.010 0.010 0.010 0.012 0.020 0.031 0.050 0.073 0.074 0.072 0.070 0.068 0.067 0.066 0.065 0.064 0.063 0.061 0.059 0.056 0.052 0.047 0.040 0.039 0.039 0.038 0.036 0.043 0.035 0.033 0.032 0.031 0.030 0.029 0.028 0.027 0.026 0.023 0.021 0.020 0.019 0.019 0.018 0.026 0.019 0.018 0.019 0.022 0.029 0.038 0.047 0.058 0.070 0.083 0.086 0.072 0.057 0.044 0.035 0.043 0.043 0.091 0.116 0.141 0.167 0.193 0.219 0.245
