includes/lisflood/camargue/results_R3_t1.56174127354E12/res-0007.wdfp
ncols         906
nrows         631
xllcorner     362177.146667
yllcorner     6534725.688020
cellsize      20.000000
NODATA_value  -9999.000000
[rows 578 to 611 of 631, columns 462 to 538 of 906]
4.709 4.748 4.788 4.828 4.864 4.882 4.900 4.918 4.936 4.962 5.027 5.093 5.159 5.290 5.290 5.356 5.421 5.487 5.492 5.468 5.443 5.418 5.394 5.369 5.345 5.320 5.296 5.291 5.317 5.372 5.372 5.417 5.462 5.508 5.554 5.601 5.648 5.694 5.741 5.788 5.835 5.881 5.928 5.977 6.028 6.129 6.129 6.180 6.231 6.282 6.333 6.384 6.408 6.420 6.432 6.445 6.468 6.519 6.570 6.621 6.672 6.743 6.743 6.768 6.792 6.816 6.841 6.865 6.890 6.914 6.926 6.938 6.949 6.960 6.971 6.983 6.994
4.833 4.861 4.901 4.940 4.975 4.993 5.011 5.029 5.084 5.150 5.215 5.281 5.346 5.478 5.478 5.543 5.609 5.675 5.682 5.657 5.633 5.608 5.584 5.559 5.535 5.510 5.486 5.461 5.437 5.470 5.470 5.515 5.561 5.608 5.655 5.701 5.748 5.795 5.842 5.889 5.935 5.982 6.029 6.078 6.129 6.230 6.230 6.281 6.332 6.383 6.434 6.485 6.536 6.583 6.595 6.607 6.633 6.684 6.735 6.782 6.807 6.855 6.855 6.880 6.904 6.929 6.953 6.977 7.002 7.026 7.037 7.049 7.060 7.071 7.082 7.094 7.105
4.963 4.988 5.014 5.053 5.086 5.104 5.141 5.206 5.272 5.337 5.403 5.469 5.534 5.666 5.665 5.731 5.797 5.862 5.872 5.847 5.823 5.798 5.774 5.749 5.725 5.700 5.676 5.651 5.626 5.565 5.565 5.615 5.662 5.709 5.755 5.802 5.849 5.896 5.942 5.989 6.036 6.083 6.130 6.178 6.229 6.331 6.331 6.382 6.433 6.484 6.535 6.586 6.637 6.688 6.739 6.770 6.798 6.845 6.870 6.894 6.919 6.967 6.967 6.992 7.016 7.041 7.065 7.089 7.114 7.137 7.148 7.160 7.171 7.182 7.193 7.204 7.216
5.092 5.118 5.144 5.169 5.197 5.263 5.328 5.394 5.459 5.525 5.591 5.656 5.722 5.853 5.853 5.919 5.984 6.050 6.062 6.037 6.013 5.988 5.964 5.939 5.915 5.890 5.866 5.841 5.795 5.641 5.641 5.703 5.763 5.809 5.856 5.903 5.950 5.996 6.043 6.090 6.137 6.184 6.230 6.279 6.330 6.432 6.432 6.483 6.534 6.585 6.636 6.687 6.738 6.788 6.839 6.885 6.930 6.957 6.982 7.006 7.031 7.080 7.080 7.104 7.128 7.153 7.177 7.201 7.226 7.248 7.259 7.270 7.282 7.293 7.304 7.315 7.327
5.222 5.270 5.325 5.380 5.355 5.440 5.516 5.581 5.647 5.713 5.778 5.844 5.909 6.041 6.041 6.106 6.172 6.238 6.252 6.227 6.203 6.178 6.154 6.129 6.104 6.080 6.049 5.956 5.864 5.718 5.718 5.779 5.841 5.903 5.957 6.003 6.050 6.097 6.144 6.191 6.237 6.284 6.331 6.380 6.431 6.533 6.533 6.584 6.635 6.686 6.737 6.788 6.838 6.884 6.898 6.912 6.963 7.041 7.094 7.119 7.143 7.192 7.192 7.216 7.240 7.265 7.289 7.314 7.338 7.359 7.370 7.381 7.393 7.404 7.415 7.426 7.438
5.475 5.529 5.584 5.606 5.536 5.578 5.663 5.748 5.833 5.900 5.966 6.032 6.097 6.229 6.228 6.294 6.360 6.426 6.442 6.417 6.393 6.368 6.343 6.319 6.294 6.210 6.118 6.025 5.932 5.794 5.794 5.856 5.918 5.980 6.042 6.103 6.151 6.198 6.244 6.291 6.338 6.385 6.432 6.481 6.532 6.634 6.634 6.685 6.736 6.786 6.837 6.883 6.897 6.911 6.925 6.939 6.996 7.074 7.151 7.229 7.255 7.304 7.304 7.328 7.353 7.377 7.401 7.426 7.450 7.470 7.481 7.492 7.504 7.515 7.526 7.537 7.548
5.734 5.788 5.843 5.805 5.735 5.716 5.801 5.886 5.971 6.056 6.141 6.219 6.285 6.416 6.416 6.482 6.547 6.613 6.632 6.607 6.583 6.558 6.533 6.464 6.372 6.279 6.186 6.094 6.001 5.870 5.870 5.932 5.994 6.056 6.118 6.180 6.242 6.298 6.345 6.392 6.439 6.486 6.532 6.582 6.633 6.735 6.735 6.786 6.836 6.881 6.896 6.910 6.924 6.938 6.952 6.966 7.029 7.107 7.184 7.262 7.340 7.416 7.416 7.440 7.465 7.489 7.513 7.538 7.562 7.581 7.592 7.603 7.614 7.626 7.637 7.648 7.659
5.992 6.047 6.073 6.003 5.933 5.864 5.939 6.024 6.109 6.194 6.279 6.364 6.449 6.604 6.604 6.669 6.735 6.801 6.822 6.797 6.772 6.718 6.625 6.533 6.440 6.348 6.255 6.163 6.070 5.946 5.946 6.008 6.070 6.132 6.194 6.256 6.318 6.380 6.442 6.493 6.539 6.586 6.633 6.683 6.734 6.836 6.836 6.880 6.894 6.908 6.923 6.937 6.951 6.965 6.979 6.993 7.062 7.139 7.217 7.295 7.373 7.528 7.528 7.552 7.577 7.601 7.626 7.650 7.674 7.692 7.703 7.714 7.725 7.737 7.748 7.759 7.770
6.251 6.306 6.271 6.201 6.132 6.062 6.077 6.162 6.247 6.332 6.417 6.502 6.587 6.757 6.757 6.842 6.923 6.988 7.011 6.972 6.879 6.787 6.694 6.602 6.509 6.416 6.324 6.231 6.139 6.022 6.022 6.084 6.146 6.208 6.270 6.332 6.394 6.456 6.518 6.580 6.640 6.687 6.734 6.784 6.835 6.893 6.893 6.907 6.921 6.935 6.949 6.964 6.978 6.992 7.006 7.020 7.094 7.172 7.250 7.328 7.405 7.561 7.561 7.638 7.689 7.713 7.738 7.762 7.786 7.803 7.814 7.825 7.836 7.848 7.859 7.861 7.838
6.510 6.539 6.470 6.400 6.330 6.260 6.215 6.300 6.385 6.470 6.555 6.640 6.725 6.895 6.895 6.980 7.065 7.150 7.128 7.041 6.948 6.855 6.763 6.670 6.578 6.485 6.393 6.300 6.207 6.099 6.098 6.160 6.222 6.284 6.346 6.408 6.470 6.532 6.594 6.656 6.718 6.780 6.834 6.878 6.892 6.920 6.920 6.934 6.948 6.962 6.976 6.991 7.005 7.019 7.033 7.049 7.127 7.205 7.283 7.360 7.438 7.593 7.593 7.671 7.749 7.825 7.850 7.874 7.898 7.913 7.925 7.936 7.947 7.944 7.922 7.899 7.876
6.511 6.540 6.470 6.400 6.331 6.261 6.215 6.300 6.385 6.470 6.555 6.640 6.725 6.896 6.896 6.981 7.066 7.151 7.129 7.041 6.949 6.856 6.763 6.671 6.578 6.486 6.393 6.301 6.208 6.099 6.099 6.161 6.223 6.285 6.347 6.409 6.471 6.533 6.595 6.657 6.719 6.780 6.835 6.878 6.892 6.920 6.921 6.935 6.949 6.963 6.977 6.991 7.005 7.019 7.034 7.050 7.128 7.205 7.283 7.361 7.439 7.594 7.594 7.672 7.749 7.826 7.850 7.875 7.899 7.914 7.925 7.936 7.948 7.945 7.922 7.900 7.877
6.769 6.738 6.669 6.599 6.529 6.459 6.389 6.438 6.523 6.608 6.693 6.778 6.863 7.034 7.034 7.119 7.143 7.065 7.030 7.038 7.017 6.925 6.832 6.740 6.647 6.554 6.462 6.369 6.277 6.175 6.175 6.237 6.299 6.361 6.423 6.485 6.547 6.609 6.671 6.733 6.795 6.846 6.859 6.905 6.919 6.947 6.947 6.961 6.976 6.990 7.004 7.018 7.032 7.046 7.060 7.083 7.160 7.238 7.316 7.394 7.471 7.627 7.627 7.704 7.782 7.860 7.937 7.987 8.011 8.025 8.036 8.029 8.006 7.983 7.961 7.938 7.915
7.006 6.937 6.867 6.797 6.727 6.658 6.588 6.576 6.661 6.746 6.831 6.916 7.001 7.172 7.172 7.120 7.042 6.964 6.931 6.939 6.948 6.956 6.901 6.808 6.716 6.623 6.531 6.438 6.345 6.252 6.251 6.313 6.375 6.437 6.499 6.561 6.623 6.685 6.747 6.797 6.810 6.822 6.838 6.884 6.930 6.974 6.974 6.988 7.003 7.017 7.031 7.045 7.059 7.073 7.087 7.116 7.193 7.271 7.349 7.426 7.504 7.660 7.660 7.737 7.815 7.893 7.970 8.048 8.123 8.113 8.090 8.067 8.045 8.022 7.999 7.977 7.954
7.403 7.333 7.263 7.193 7.124 7.054 6.984 6.914 6.937 7.022 7.107 7.192 7.151 6.995 6.995 6.917 6.839 6.761 6.733 6.741 6.749 6.758 6.766 6.774 6.783 6.760 6.668 6.575 6.482 6.403 6.403 6.465 6.527 6.589 6.651 6.697 6.710 6.723 6.736 6.749 6.762 6.775 6.797 6.843 6.889 6.981 6.981 7.027 7.056 7.070 7.084 7.098 7.112 7.127 7.141 7.181 7.258 7.336 7.414 7.492 7.569 7.725 7.725 7.802 7.880 7.916 7.952 7.988 8.025 8.070 8.116 8.144 8.121 8.098 8.076 8.053 8.030
7.601 7.531 7.461 7.392 7.322 7.252 7.183 7.113 7.074 7.159 7.206 7.128 7.050 6.894 6.894 6.816 6.738 6.660 6.634 6.642 6.651 6.659 6.667 6.676 6.684 6.692 6.701 6.644 6.551 6.479 6.479 6.541 6.603 6.648 6.661 6.674 6.687 6.699 6.712 6.725 6.738 6.751 6.776 6.822 6.868 6.961 6.961 7.007 7.053 7.097 7.111 7.125 7.139 7.154 7.168 7.213 7.291 7.369 7.447 7.524 7.602 7.751 7.751 7.787 7.823 7.859 7.895 7.931 7.969 8.014 8.060 8.105 8.150 8.137 8.114 8.091 8.069
7.799 7.729 7.660 7.590 7.520 7.451 7.381 7.311 7.242 7.183 7.105 7.027 6.949 6.793 6.793 6.715 6.637 6.559 6.535 6.543 6.552 6.560 6.568 6.577 6.585 6.593 6.602 6.610 6.618 6.556 6.556 6.599 6.612 6.624 6.637 6.650 6.663 6.676 6.689 6.701 6.714 6.727 6.756 6.802 6.848 6.940 6.940 6.986 7.033 7.079 7.125 7.152 7.166 7.181 7.195 7.246 7.324 7.402 7.479 7.557 7.621 7.693 7.693 7.729 7.765 7.801 7.837 7.873 7.913 7.958 8.003 8.049 8.094 8.139 8.153 8.130 8.107
7.997 7.878 7.759 7.639 7.520 7.400 7.281 7.162 7.046 7.042 7.004 6.925 6.847 6.691 6.691 6.613 6.535 6.457 6.436 6.445 6.453 6.461 6.469 6.478 6.486 6.495 6.503 6.511 6.520 6.562 6.562 6.575 6.588 6.601 6.614 6.626 6.639 6.652 6.665 6.678 6.691 6.704 6.735 6.781 6.827 6.920 6.920 6.966 7.012 7.058 7.104 7.151 7.193 7.207 7.222 7.279 7.357 7.434 7.492 7.528 7.564 7.636 7.636 7.672 7.708 7.744 7.780 7.816 7.857 7.902 7.947 7.992 8.038 8.083 8.128 8.168 8.146
7.762 7.643 7.523 7.404 7.284 7.165 7.046 6.926 6.840 6.836 6.832 6.824 6.746 6.590 6.590 6.512 6.434 6.356 6.337 6.346 6.354 6.362 6.371 6.379 6.387 6.396 6.404 6.427 6.461 6.523 6.523 6.550 6.564 6.577 6.590 6.603 6.616 6.629 6.641 6.654 6.667 6.680 6.715 6.761 6.807 6.899 6.899 6.945 6.992 7.038 7.084 7.130 7.176 7.222 7.249 7.312 7.362 7.399 7.435 7.471 7.507 7.579 7.579 7.615 7.651 7.687 7.723 7.759 7.801 7.846 7.891 7.936 7.982 8.027 8.072 8.117 8.163
7.527 7.407 7.288 7.168 7.049 6.930 6.810 6.691 6.635 6.630 6.626 6.622 6.618 6.489 6.489 6.411 6.333 6.255 6.239 6.247 6.255 6.263 6.272 6.280 6.289 6.314 6.348 6.383 6.417 6.479 6.479 6.506 6.533 6.553 6.566 6.579 6.592 6.605 6.618 6.631 6.643 6.656 6.694 6.740 6.786 6.879 6.879 6.925 6.971 7.017 7.063 7.110 7.156 7.202 7.229 7.269 7.305 7.341 7.377 7.413 7.449 7.522 7.522 7.558 7.594 7.630 7.666 7.702 7.744 7.790 7.835 7.880 7.926 7.971 8.016 8.061 8.106
7.291 7.172 7.052 6.933 6.814 6.694 6.575 6.455 6.429 6.425 6.421 6.416 6.412 6.388 6.388 6.310 6.232 6.154 6.140 6.148 6.156 6.165 6.173 6.201 6.235 6.270 6.304 6.339 6.373 6.434 6.434 6.461 6.489 6.516 6.543 6.555 6.568 6.581 6.594 6.607 6.620 6.633 6.674 6.720 6.766 6.858 6.858 6.904 6.951 6.997 7.043 7.088 7.112 7.135 7.158 7.202 7.246 7.284 7.320 7.356 7.392 7.464 7.464 7.500 7.536 7.572 7.608 7.645 7.688 7.734 7.779 7.824 7.869 7.915 7.960 8.005 8.050
7.023 6.936 6.817 6.697 6.578 6.459 6.339 6.228 6.224 6.219 6.215 6.211 6.207 6.198 6.198 6.194 6.130 6.052 6.041 6.049 6.057 6.088 6.122 6.157 6.191 6.226 6.260 6.295 6.330 6.389 6.389 6.417 6.444 6.471 6.499 6.526 6.545 6.558 6.570 6.583 6.596 6.609 6.653 6.699 6.745 6.838 6.838 6.884 6.930 6.971 6.994 7.018 7.041 7.064 7.090 7.134 7.178 7.222 7.263 7.299 7.335 7.407 7.407 7.443 7.479 7.515 7.551 7.587 7.632 7.678 7.723 7.768 7.813 7.858 7.904 7.949 7.994
6.731 6.675 6.581 6.462 6.343 6.223 6.104 6.022 6.018 6.014 6.010 6.005 6.001 5.993 5.993 5.989 5.984 5.951 5.942 5.975 6.009 6.044 6.078 6.113 6.148 6.182 6.217 6.251 6.286 6.345 6.345 6.372 6.399 6.427 6.454 6.481 6.509 6.534 6.547 6.560 6.572 6.586 6.633 6.679 6.725 6.817 6.817 6.853 6.877 6.900 6.923 6.947 6.970 6.993 7.022 7.066 7.110 7.154 7.198 7.242 7.278 7.350 7.350 7.386 7.422 7.458 7.494 7.531 7.576 7.621 7.667 7.712 7.757 7.802 7.848 7.893 7.938
6.439 6.383 6.328 6.227 6.107 5.988 5.868 5.817 5.812 5.808 5.804 5.800 5.796 5.787 5.787 5.783 5.811 5.878 5.896 5.931 5.966 6.000 6.035 6.069 6.104 6.138 6.173 6.207 6.242 6.300 6.300 6.327 6.355 6.382 6.409 6.437 6.464 6.491 6.519 6.536 6.549 6.566 6.612 6.658 6.704 6.759 6.759 6.783 6.806 6.829 6.853 6.876 6.899 6.922 6.954 6.998 7.042 7.086 7.130 7.174 7.218 7.293 7.293 7.329 7.365 7.401 7.437 7.475 7.520 7.565 7.611 7.656 7.701 7.746 7.792 7.837 7.882
6.147 6.091 6.036 5.980 5.872 5.752 5.633 5.611 5.607 5.603 5.598 5.594 5.590 5.671 5.671 5.738 5.805 5.867 5.880 5.894 5.922 5.956 5.991 6.025 6.060 6.094 6.129 6.163 6.198 6.255 6.255 6.283 6.310 6.337 6.365 6.392 6.419 6.447 6.474 6.501 6.525 6.545 6.592 6.619 6.642 6.689 6.689 6.712 6.735 6.758 6.782 6.805 6.828 6.852 6.885 6.929 6.973 7.017 7.061 7.105 7.149 7.235 7.235 7.272 7.308 7.344 7.380 7.419 7.464 7.509 7.554 7.600 7.645 7.690 7.740 7.809 7.877
5.855 5.799 5.744 5.688 5.632 5.517 5.410 5.406 5.401 5.397 5.397 5.464 5.531 5.664 5.664 5.731 5.798 5.851 5.865 5.878 5.892 5.912 5.947 5.982 6.016 6.051 6.085 6.120 6.154 6.211 6.211 6.238 6.265 6.293 6.320 6.347 6.375 6.402 6.429 6.457 6.484 6.505 6.525 6.548 6.571 6.618 6.618 6.641 6.664 6.688 6.711 6.734 6.758 6.781 6.817 6.861 6.905 6.949 6.993 7.037 7.081 7.169 7.169 7.213 7.250 7.286 7.322 7.363 7.408 7.453 7.498 7.544 7.601 7.669 7.738 7.806 7.875
5.563 5.508 5.452 5.396 5.340 5.282 5.204 5.200 5.257 5.324 5.391 5.457 5.524 5.658 5.658 5.725 5.792 5.836 5.849 5.862 5.876 5.889 5.903 5.938 5.972 6.007 6.041 6.076 6.110 6.166 6.166 6.193 6.221 6.248 6.275 6.303 6.330 6.357 6.386 6.417 6.448 6.465 6.466 6.477 6.500 6.547 6.547 6.570 6.593 6.617 6.640 6.663 6.687 6.710 6.749 6.793 6.837 6.881 6.925 6.969 7.013 7.101 7.101 7.145 7.189 7.229 7.265 7.307 7.352 7.397 7.462 7.530 7.599 7.667 7.736 7.804 7.873
5.564 5.508 5.452 5.396 5.341 5.282 5.205 5.201 5.257 5.324 5.391 5.458 5.525 5.659 5.659 5.725 5.792 5.836 5.849 5.863 5.876 5.890 5.904 5.938 5.973 6.007 6.042 6.076 6.111 6.167 6.167 6.194 6.221 6.249 6.276 6.303 6.331 6.358 6.387 6.418 6.448 6.465 6.466 6.478 6.501 6.547 6.547 6.571 6.594 6.617 6.641 6.664 6.687 6.711 6.749 6.793 6.837 6.881 6.925 6.969 7.014 7.101 7.101 7.145 7.189 7.230 7.266 7.307 7.352 7.398 7.462 7.531 7.599 7.668 7.736 7.805 7.873
5.272 5.216 5.160 5.105 5.063 5.070 5.117 5.184 5.251 5.318 5.385 5.452 5.518 5.652 5.652 5.719 5.786 5.820 5.834 5.847 5.861 5.874 5.888 5.901 5.929 5.963 5.998 6.032 6.067 6.122 6.122 6.149 6.177 6.204 6.231 6.259 6.288 6.319 6.350 6.381 6.412 6.425 6.426 6.427 6.430 6.477 6.477 6.500 6.523 6.546 6.570 6.593 6.616 6.640 6.681 6.725 6.769 6.813 6.857 6.901 6.945 7.033 7.033 7.077 7.121 7.165 7.209 7.254 7.323 7.391 7.460 7.529 7.597 7.666 7.734 7.803 7.871
5.008 5.015 5.021 5.027 5.033 5.040 5.105 5.177 5.245 5.311 5.378 5.445 5.512 5.646 5.646 5.713 5.780 5.805 5.818 5.832 5.845 5.859 5.872 5.886 5.899 5.920 5.954 5.989 6.023 6.077 6.077 6.105 6.132 6.159 6.190 6.221 6.252 6.283 6.314 6.345 6.376 6.384 6.385 6.386 6.387 6.406 6.406 6.429 6.452 6.476 6.499 6.522 6.545 6.569 6.613 6.657 6.701 6.745 6.789 6.833 6.877 6.965 6.965 7.009 7.053 7.109 7.177 7.251 7.321 7.389 7.458 7.526 7.595 7.664 7.732 7.801 7.869
4.947 4.953 4.960 4.966 4.972 5.007 5.079 5.152 5.224 5.297 5.365 5.432 5.499 5.633 5.633 5.700 5.759 5.773 5.786 5.800 5.813 5.827 5.840 5.854 5.867 5.881 5.894 5.908 5.933 5.993 5.993 6.024 6.055 6.086 6.117 6.148 6.179 6.210 6.241 6.271 6.301 6.303 6.304 6.305 6.306 6.308 6.308 6.309 6.310 6.333 6.357 6.380 6.403 6.432 6.476 6.520 6.564 6.608 6.652 6.696 6.744 6.881 6.881 6.949 7.017 7.086 7.155 7.230 7.304 7.379 7.453 7.522 7.590 7.659 7.727 7.796 7.864
4.917 4.923 4.929 4.936 4.942 4.995 5.067 5.139 5.212 5.284 5.356 5.426 5.493 5.626 5.626 5.693 5.744 5.757 5.771 5.784 5.798 5.811 5.825 5.838 5.852 5.865 5.878 5.890 5.904 5.957 5.957 5.988 6.019 6.050 6.080 6.111 6.142 6.173 6.204 6.235 6.261 6.262 6.263 6.264 6.265 6.267 6.267 6.268 6.269 6.270 6.286 6.309 6.333 6.364 6.408 6.452 6.496 6.540 6.596 6.664 6.733 6.869 6.870 6.938 7.006 7.075 7.145 7.220 7.294 7.369 7.444 7.518 7.588 7.657 7.725 7.794 7.862
4.887 4.893 4.899 4.905 4.912 4.982 5.054 5.127 5.199 5.272 5.344 5.416 5.486 5.620 5.620 5.687 5.728 5.742 5.755 5.769 5.782 5.795 5.809 5.822 5.834 5.846 5.858 5.869 5.885 5.921 5.921 5.951 5.982 6.013 6.044 6.075 6.106 6.137 6.168 6.198 6.220 6.221 6.222 6.223 6.225 6.227 6.227 6.228 6.229 6.230 6.231 6.239 6.262 6.295 6.339 6.383 6.448 6.516 6.584 6.653 6.721 6.858 6.858 6.927 6.995 7.064 7.135 7.209 7.284 7.359 7.433 7.508 7.583 7.655 7.723 7.792 7.860
4.856 4.863 4.869 4.875 4.897 4.969 5.042 5.114 5.187 5.259 5.331 5.404 5.476 5.614 5.614 5.681 5.713 5.726 5.740 5.753 5.766 5.779 5.791 5.802 5.814 5.826 5.837 5.849 5.865 5.901 5.901 5.918 5.946 5.977 6.008 6.038 6.069 6.100 6.131 6.162 6.180 6.181 6.182 6.183 6.184 6.186 6.186 6.187 6.188 6.189 6.190 6.192 6.193 6.231 6.299 6.368 6.436 6.505 6.573 6.642 6.710 6.847 6.847 6.916 6.984 7.053 7.125 7.199 7.274 7.349 7.423 7.498 7.573 7.647 7.721 7.790 7.858
4.826 4.832 4.838 4.845 4.885 4.957 5.029 5.102 5.174 5.246 5.319 5.391 5.464 5.607 5.607 5.674 5.697 5.710 5.724 5.735 5.747 5.759 5.770 5.782 5.794 5.805 5.817 5.829 5.846 5.881 5.881 5.899 5.917 5.940 5.971 6.002 6.033 6.064 6.095 6.126 6.139 6.140 6.141 6.142 6.143 6.146 6.145 6.147 6.148 6.149 6.150 6.174 6.214 6.239 6.288 6.357 6.425 6.494 6.562 6.631 6.699 6.836 6.836 6.905 6.973 7.042 7.114 7.189 7.264 7.338 7.413 7.488 7.562 7.637 7.712 7.786 7.856
