includes/lisflood/camargue/results_R3_t1.56174127354E12/res-0005.wd
ncols         906
nrows         631
xllcorner     362177.146667
yllcorner     6534725.688020
cellsize      20.000000
NODATA_value  -9999.000000
[rows 442 to 475 of 631, columns 693 to 769 of 906]
4.952 4.978 4.971 4.959 4.946 4.934 4.906 4.875 4.875 4.814 4.784 4.753 4.723 4.693 4.662 4.632 4.601 4.611 4.631 4.643 4.650 4.657 4.665 4.672 4.672 4.687 4.694 4.701 4.709 4.716 4.716 4.710 4.705 4.699 4.693 4.687 4.681 4.675 4.669 4.663 4.663 4.651 4.645 4.659 4.676 4.694 4.712 4.729 4.747 4.784 4.828 4.872 4.916 4.960 5.004 5.048 5.138 5.138 5.184 5.229 5.274 5.320 5.365 5.410 5.456 5.501 5.547 5.592 5.637 5.681 5.725 5.769 5.864 5.864 5.913 5.961 6.009
4.952 4.978 4.971 4.958 4.946 4.934 4.906 4.875 4.875 4.814 4.784 4.753 4.723 4.692 4.662 4.631 4.601 4.611 4.631 4.643 4.650 4.657 4.665 4.672 4.672 4.687 4.694 4.701 4.709 4.716 4.716 4.711 4.705 4.699 4.693 4.687 4.681 4.675 4.669 4.663 4.663 4.651 4.645 4.659 4.677 4.694 4.712 4.729 4.747 4.784 4.828 4.872 4.916 4.960 5.004 5.048 5.138 5.138 5.184 5.229 5.274 5.320 5.365 5.410 5.456 5.501 5.547 5.592 5.637 5.681 5.725 5.769 5.864 5.864 5.913 5.961 6.009
4.965 4.968 4.956 4.944 4.931 4.919 4.899 4.869 4.868 4.808 4.777 4.747 4.716 4.686 4.655 4.625 4.619 4.639 4.660 4.678 4.686 4.693 4.700 4.708 4.708 4.723 4.730 4.737 4.745 4.750 4.745 4.740 4.735 4.730 4.723 4.717 4.711 4.705 4.699 4.693 4.694 4.681 4.680 4.698 4.716 4.733 4.751 4.769 4.786 4.804 4.844 4.888 4.932 4.976 5.020 5.064 5.154 5.154 5.199 5.245 5.290 5.335 5.381 5.426 5.472 5.517 5.563 5.608 5.653 5.698 5.742 5.786 5.882 5.882 5.931 5.979 6.039
4.966 4.954 4.941 4.929 4.917 4.904 4.892 4.862 4.862 4.801 4.771 4.740 4.710 4.679 4.649 4.627 4.647 4.668 4.688 4.709 4.721 4.729 4.736 4.744 4.744 4.758 4.766 4.773 4.781 4.780 4.774 4.769 4.764 4.759 4.753 4.747 4.741 4.736 4.730 4.724 4.724 4.712 4.720 4.737 4.755 4.772 4.790 4.808 4.825 4.843 4.860 4.903 4.947 4.991 5.035 5.079 5.170 5.170 5.215 5.261 5.306 5.351 5.397 5.442 5.488 5.533 5.578 5.624 5.669 5.714 5.759 5.804 5.900 5.900 5.958 6.020 6.083
4.937 4.924 4.912 4.900 4.888 4.876 4.863 4.849 4.849 4.788 4.758 4.727 4.697 4.666 4.664 4.684 4.705 4.725 4.746 4.766 4.787 4.801 4.808 4.815 4.815 4.830 4.837 4.845 4.843 4.838 4.833 4.828 4.823 4.818 4.813 4.808 4.802 4.796 4.790 4.784 4.784 4.780 4.797 4.815 4.833 4.850 4.868 4.886 4.903 4.921 4.938 4.956 4.978 5.022 5.066 5.111 5.201 5.202 5.247 5.292 5.338 5.383 5.428 5.474 5.519 5.565 5.610 5.656 5.703 5.751 5.799 5.867 5.984 5.984 6.046 6.109 6.171
4.922 4.910 4.897 4.885 4.873 4.861 4.849 4.837 4.837 4.782 4.751 4.721 4.690 4.672 4.692 4.713 4.733 4.754 4.774 4.795 4.816 4.836 4.844 4.851 4.851 4.866 4.873 4.878 4.873 4.868 4.863 4.857 4.852 4.847 4.842 4.837 4.832 4.826 4.820 4.814 4.814 4.819 4.837 4.854 4.872 4.890 4.907 4.925 4.942 4.960 4.977 4.995 5.013 5.038 5.082 5.127 5.217 5.218 5.263 5.308 5.354 5.399 5.446 5.494 5.542 5.590 5.638 5.686 5.734 5.782 5.834 5.917 6.037 6.037 6.092 6.153 6.216
4.907 4.895 4.883 4.871 4.858 4.846 4.834 4.822 4.822 4.775 4.745 4.714 4.684 4.700 4.721 4.741 4.762 4.782 4.803 4.824 4.844 4.865 4.879 4.887 4.887 4.902 4.909 4.907 4.902 4.897 4.892 4.887 4.882 4.877 4.872 4.867 4.862 4.856 4.850 4.844 4.844 4.858 4.876 4.893 4.911 4.929 4.946 4.964 4.981 4.999 5.017 5.034 5.052 5.069 5.097 5.143 5.238 5.238 5.286 5.334 5.381 5.429 5.477 5.525 5.573 5.621 5.669 5.717 5.765 5.813 5.884 5.968 6.095 6.095 6.151 6.206 6.262
4.893 4.880 4.868 4.856 4.844 4.832 4.820 4.808 4.807 4.768 4.738 4.708 4.708 4.729 4.749 4.770 4.791 4.811 4.832 4.852 4.873 4.893 4.914 4.923 4.923 4.937 4.942 4.937 4.932 4.927 4.922 4.916 4.911 4.906 4.901 4.896 4.891 4.886 4.880 4.874 4.874 4.897 4.915 4.932 4.950 4.968 4.985 5.003 5.020 5.038 5.056 5.073 5.091 5.108 5.132 5.173 5.268 5.269 5.316 5.364 5.412 5.460 5.508 5.556 5.604 5.652 5.700 5.748 5.795 5.851 5.935 6.018 6.154 6.154 6.209 6.265 6.320
4.878 4.866 4.854 4.842 4.830 4.817 4.805 4.793 4.793 4.762 4.731 4.716 4.737 4.758 4.778 4.799 4.819 4.840 4.860 4.881 4.902 4.922 4.943 4.958 4.959 4.973 4.971 4.966 4.961 4.956 4.951 4.946 4.941 4.936 4.931 4.925 4.920 4.916 4.910 4.904 4.905 4.936 4.954 4.971 4.989 5.007 5.024 5.042 5.060 5.077 5.095 5.113 5.130 5.148 5.176 5.206 5.299 5.299 5.347 5.395 5.443 5.491 5.539 5.587 5.635 5.682 5.730 5.778 5.826 5.902 5.985 6.069 6.212 6.212 6.268 6.323 6.379
4.864 4.851 4.839 4.827 4.815 4.803 4.791 4.779 4.779 4.754 4.725 4.745 4.766 4.786 4.807 4.827 4.848 4.869 4.889 4.910 4.930 4.951 4.971 4.992 4.992 5.006 5.001 4.996 4.990 4.986 4.981 4.975 4.970 4.965 4.960 4.955 4.950 4.945 4.940 4.940 4.940 4.975 4.993 5.011 5.029 5.046 5.064 5.081 5.099 5.117 5.134 5.152 5.170 5.190 5.221 5.251 5.330 5.330 5.378 5.426 5.474 5.522 5.569 5.617 5.665 5.713 5.761 5.809 5.869 5.952 6.036 6.119 6.271 6.271 6.326 6.382 6.438
4.875 4.861 4.846 4.832 4.817 4.803 4.788 4.774 4.774 4.745 4.746 4.769 4.792 4.815 4.835 4.856 4.877 4.897 4.918 4.938 4.959 4.980 5.000 5.021 5.021 5.035 5.030 5.025 5.020 5.015 5.007 4.998 4.989 4.979 4.970 4.961 4.951 4.942 4.933 4.965 4.965 5.015 5.032 5.050 5.068 5.085 5.103 5.121 5.138 5.156 5.174 5.191 5.209 5.235 5.265 5.295 5.361 5.361 5.409 5.456 5.504 5.552 5.600 5.648 5.696 5.744 5.792 5.840 5.920 6.003 6.086 6.169 6.329 6.329 6.385 6.441 6.496
4.887 4.873 4.858 4.844 4.829 4.815 4.800 4.786 4.786 4.752 4.726 4.748 4.771 4.794 4.817 4.839 4.862 4.885 4.908 4.930 4.953 4.976 4.999 5.021 5.021 5.035 5.026 5.016 5.007 4.998 4.989 4.979 4.970 4.961 4.952 4.942 4.933 4.924 4.920 4.975 4.975 5.054 5.071 5.089 5.107 5.125 5.142 5.160 5.177 5.195 5.213 5.230 5.249 5.279 5.309 5.339 5.399 5.399 5.439 5.487 5.535 5.583 5.631 5.679 5.727 5.774 5.822 5.887 5.970 6.053 6.137 6.220 6.386 6.386 6.443 6.499 6.555
4.899 4.885 4.870 4.856 4.841 4.827 4.812 4.798 4.798 4.756 4.729 4.728 4.750 4.773 4.796 4.819 4.842 4.864 4.887 4.910 4.932 4.955 4.978 5.000 5.000 5.017 5.007 4.998 4.989 4.980 4.970 4.961 4.952 4.943 4.933 4.924 4.915 4.906 4.929 4.984 4.984 5.093 5.111 5.128 5.146 5.164 5.181 5.199 5.217 5.234 5.252 5.270 5.293 5.323 5.353 5.384 5.443 5.443 5.474 5.518 5.566 5.614 5.662 5.709 5.757 5.805 5.854 5.937 6.020 6.104 6.187 6.270 6.437 6.437 6.502 6.558 6.613
4.911 4.897 4.882 4.868 4.853 4.839 4.825 4.810 4.810 4.759 4.733 4.707 4.730 4.753 4.776 4.798 4.821 4.844 4.867 4.889 4.912 4.935 4.957 4.971 4.971 4.990 4.989 4.980 4.971 4.961 4.952 4.943 4.934 4.924 4.915 4.906 4.896 4.887 4.939 4.993 4.993 5.102 5.150 5.168 5.185 5.203 5.221 5.238 5.256 5.274 5.291 5.309 5.338 5.368 5.398 5.428 5.488 5.488 5.518 5.549 5.597 5.644 5.692 5.740 5.788 5.836 5.904 5.988 6.071 6.154 6.237 6.321 6.487 6.487 6.560 6.616 6.672
4.923 4.909 4.894 4.880 4.866 4.851 4.837 4.817 4.817 4.763 4.736 4.709 4.709 4.732 4.755 4.778 4.800 4.823 4.846 4.869 4.891 4.914 4.933 4.942 4.942 4.961 4.971 4.962 4.952 4.943 4.934 4.925 4.915 4.906 4.897 4.887 4.878 4.894 4.948 5.003 5.003 5.111 5.166 5.207 5.225 5.242 5.260 5.277 5.295 5.313 5.330 5.352 5.382 5.412 5.442 5.472 5.532 5.532 5.562 5.592 5.627 5.675 5.723 5.771 5.819 5.871 5.955 6.038 6.121 6.205 6.288 6.371 6.538 6.538 6.619 6.675 6.730
4.935 4.921 4.906 4.892 4.878 4.863 4.847 4.820 4.820 4.766 4.740 4.713 4.689 4.712 4.734 4.757 4.780 4.803 4.825 4.848 4.871 4.894 4.904 4.913 4.913 4.932 4.942 4.943 4.934 4.925 4.916 4.906 4.897 4.888 4.878 4.869 4.860 4.903 4.958 5.012 5.012 5.121 5.175 5.229 5.264 5.281 5.299 5.317 5.334 5.352 5.370 5.396 5.426 5.456 5.486 5.516 5.576 5.576 5.606 5.636 5.666 5.706 5.754 5.801 5.849 5.922 6.005 6.088 6.172 6.255 6.338 6.422 6.588 6.588 6.672 6.733 6.789
4.948 4.933 4.919 4.904 4.890 4.875 4.850 4.824 4.824 4.770 4.743 4.716 4.689 4.691 4.714 4.737 4.759 4.782 4.805 4.828 4.850 4.865 4.875 4.884 4.884 4.903 4.913 4.922 4.916 4.906 4.897 4.888 4.879 4.869 4.860 4.851 4.858 4.913 4.967 5.021 5.022 5.130 5.184 5.239 5.293 5.321 5.338 5.356 5.374 5.391 5.410 5.440 5.470 5.500 5.530 5.561 5.620 5.621 5.651 5.681 5.710 5.741 5.784 5.832 5.889 5.972 6.056 6.139 6.222 6.305 6.389 6.472 6.638 6.639 6.722 6.792 6.847
4.948 4.933 4.919 4.904 4.890 4.875 4.850 4.824 4.824 4.770 4.743 4.716 4.690 4.691 4.714 4.737 4.759 4.782 4.805 4.828 4.851 4.865 4.875 4.884 4.884 4.903 4.913 4.922 4.916 4.907 4.897 4.888 4.879 4.869 4.860 4.851 4.858 4.913 4.967 5.021 5.022 5.130 5.184 5.239 5.293 5.321 5.338 5.356 5.374 5.391 5.410 5.440 5.470 5.501 5.531 5.561 5.621 5.621 5.651 5.681 5.711 5.741 5.784 5.832 5.889 5.972 6.056 6.139 6.222 6.306 6.389 6.472 6.639 6.639 6.722 6.792 6.847
4.960 4.945 4.931 4.917 4.902 4.881 4.854 4.827 4.827 4.774 4.747 4.720 4.693 4.671 4.693 4.716 4.739 4.762 4.785 4.807 4.827 4.836 4.846 4.855 4.855 4.874 4.884 4.893 4.897 4.888 4.879 4.870 4.860 4.851 4.842 4.833 4.868 4.922 4.977 5.031 5.031 5.140 5.194 5.248 5.303 5.357 5.378 5.395 5.413 5.431 5.454 5.484 5.515 5.545 5.575 5.605 5.665 5.665 5.695 5.725 5.755 5.785 5.815 5.863 5.940 6.023 6.106 6.190 6.273 6.356 6.439 6.523 6.689 6.689 6.773 6.854 6.931
4.972 4.958 4.943 4.929 4.911 4.884 4.858 4.831 4.831 4.777 4.750 4.724 4.697 4.670 4.673 4.696 4.718 4.741 4.764 4.787 4.798 4.807 4.817 4.826 4.826 4.845 4.855 4.864 4.874 4.870 4.861 4.851 4.842 4.833 4.824 4.823 4.877 4.932 4.986 5.041 5.041 5.149 5.203 5.258 5.312 5.366 5.417 5.435 5.452 5.470 5.499 5.529 5.559 5.589 5.619 5.649 5.709 5.709 5.739 5.769 5.799 5.829 5.859 5.908 5.991 6.075 6.159 6.242 6.326 6.410 6.493 6.577 6.744 6.744 6.828 6.922 7.024
4.997 4.982 4.968 4.945 4.918 4.891 4.865 4.838 4.838 4.784 4.757 4.731 4.704 4.677 4.650 4.654 4.677 4.700 4.720 4.730 4.739 4.749 4.758 4.768 4.768 4.787 4.797 4.806 4.816 4.825 4.824 4.815 4.805 4.796 4.788 4.842 4.896 4.950 5.005 5.059 5.059 5.168 5.222 5.276 5.331 5.385 5.439 5.494 5.531 5.557 5.587 5.617 5.647 5.676 5.705 5.734 5.793 5.793 5.822 5.851 5.880 5.909 5.945 6.025 6.104 6.187 6.270 6.354 6.438 6.521 6.605 6.689 6.856 6.856 6.943 7.045 7.148
5.019 4.994 4.976 4.949 4.922 4.895 4.868 4.841 4.842 4.788 4.761 4.734 4.707 4.680 4.654 4.634 4.657 4.680 4.691 4.701 4.710 4.720 4.729 4.739 4.739 4.758 4.767 4.777 4.787 4.796 4.806 4.796 4.787 4.778 4.797 4.851 4.906 4.960 5.014 5.069 5.069 5.177 5.232 5.286 5.340 5.394 5.449 5.505 5.564 5.599 5.628 5.657 5.686 5.716 5.745 5.774 5.832 5.832 5.861 5.890 5.919 5.948 6.004 6.084 6.163 6.243 6.326 6.410 6.494 6.577 6.661 6.745 6.912 6.912 7.005 7.107 7.210
5.040 5.006 4.979 4.952 4.925 4.899 4.872 4.845 4.845 4.791 4.765 4.738 4.711 4.684 4.657 4.630 4.636 4.652 4.662 4.672 4.681 4.691 4.700 4.710 4.710 4.729 4.739 4.748 4.757 4.767 4.777 4.778 4.769 4.760 4.806 4.861 4.915 4.969 5.024 5.078 5.078 5.187 5.241 5.298 5.357 5.417 5.476 5.535 5.589 5.634 5.667 5.696 5.726 5.755 5.784 5.813 5.871 5.871 5.901 5.930 5.959 5.988 6.063 6.143 6.222 6.302 6.382 6.466 6.550 6.633 6.717 6.800 6.968 6.968 7.067 7.169 7.272
5.039 5.014 4.990 4.962 4.935 4.908 4.880 4.853 4.853 4.798 4.771 4.744 4.716 4.689 4.662 4.635 4.614 4.623 4.633 4.643 4.652 4.662 4.671 4.681 4.681 4.700 4.710 4.719 4.729 4.738 4.748 4.757 4.751 4.761 4.816 4.870 4.925 4.979 5.033 5.091 5.091 5.210 5.269 5.328 5.387 5.447 5.506 5.565 5.615 5.660 5.705 5.736 5.765 5.794 5.823 5.853 5.911 5.911 5.940 5.969 5.998 6.042 6.122 6.202 6.281 6.361 6.441 6.522 6.605 6.689 6.773 6.856 7.026 7.027 7.129 7.231 7.334
5.043 5.022 5.000 4.973 4.946 4.918 4.891 4.864 4.864 4.809 4.782 4.755 4.727 4.700 4.673 4.646 4.632 4.633 4.639 4.644 4.650 4.655 4.661 4.666 4.666 4.677 4.682 4.690 4.700 4.709 4.719 4.728 4.732 4.771 4.825 4.884 4.943 5.002 5.062 5.121 5.121 5.240 5.299 5.358 5.417 5.477 5.536 5.595 5.640 5.685 5.731 5.775 5.804 5.834 5.863 5.892 5.950 5.950 5.979 6.009 6.038 6.101 6.181 6.261 6.340 6.420 6.500 6.579 6.661 6.745 6.829 6.912 7.088 7.088 7.191 7.293 7.396
5.051 5.030 5.009 4.984 4.957 4.929 4.902 4.875 4.875 4.820 4.793 4.765 4.738 4.711 4.684 4.666 4.654 4.648 4.654 4.659 4.665 4.670 4.675 4.681 4.681 4.692 4.697 4.702 4.708 4.713 4.718 4.724 4.732 4.795 4.854 4.914 4.973 5.032 5.092 5.151 5.151 5.270 5.329 5.388 5.447 5.507 5.566 5.620 5.666 5.711 5.756 5.801 5.844 5.873 5.902 5.931 5.990 5.990 6.019 6.048 6.081 6.160 6.240 6.320 6.399 6.479 6.559 6.638 6.718 6.801 6.885 6.968 7.150 7.150 7.253 7.355 7.458
5.059 5.038 5.017 4.995 4.968 4.940 4.913 4.886 4.886 4.831 4.804 4.776 4.749 4.722 4.699 4.688 4.676 4.665 4.669 4.674 4.679 4.685 4.690 4.696 4.696 4.706 4.712 4.717 4.722 4.728 4.733 4.741 4.752 4.817 4.884 4.944 5.003 5.062 5.122 5.181 5.181 5.299 5.359 5.418 5.477 5.536 5.596 5.646 5.691 5.736 5.782 5.827 5.872 5.913 5.942 5.971 6.029 6.029 6.058 6.087 6.140 6.219 6.299 6.379 6.458 6.538 6.618 6.697 6.777 6.857 6.940 7.024 7.212 7.212 7.315 7.417 7.520
5.067 5.046 5.025 5.004 4.978 4.951 4.924 4.896 4.897 4.842 4.815 4.787 4.760 4.733 4.721 4.710 4.698 4.687 4.684 4.689 4.694 4.700 4.705 4.711 4.710 4.721 4.727 4.732 4.737 4.743 4.750 4.761 4.772 4.835 4.905 4.974 5.033 5.092 5.152 5.211 5.211 5.329 5.389 5.448 5.507 5.566 5.626 5.671 5.717 5.762 5.807 5.852 5.898 5.943 5.981 6.010 6.069 6.069 6.098 6.127 6.199 6.278 6.358 6.438 6.517 6.597 6.677 6.756 6.836 6.916 6.996 7.080 7.274 7.274 7.377 7.479 7.582
5.075 5.054 5.033 5.012 4.989 4.962 4.935 4.907 4.907 4.853 4.825 4.798 4.771 4.755 4.743 4.732 4.720 4.709 4.698 4.704 4.709 4.715 4.720 4.725 4.725 4.736 4.741 4.747 4.752 4.759 4.770 4.781 4.792 4.853 4.923 4.992 5.062 5.122 5.182 5.241 5.241 5.359 5.419 5.478 5.537 5.596 5.652 5.697 5.742 5.787 5.833 5.878 5.923 5.969 6.014 6.050 6.108 6.108 6.137 6.178 6.258 6.337 6.417 6.497 6.576 6.656 6.736 6.815 6.895 6.975 7.054 7.136 7.336 7.336 7.448 7.560 7.672
5.083 5.062 5.041 5.020 4.998 4.973 4.946 4.918 4.918 4.864 4.836 4.809 4.788 4.777 4.765 4.754 4.742 4.731 4.719 4.719 4.724 4.729 4.735 4.740 4.740 4.751 4.756 4.761 4.768 4.779 4.790 4.801 4.812 4.871 4.940 5.010 5.080 5.150 5.212 5.271 5.271 5.389 5.449 5.508 5.567 5.626 5.677 5.722 5.768 5.813 5.858 5.903 5.949 5.994 6.039 6.085 6.147 6.147 6.177 6.237 6.317 6.396 6.476 6.556 6.635 6.715 6.794 6.874 6.954 7.034 7.118 7.206 7.429 7.429 7.542 7.654 7.766
5.091 5.070 5.049 5.028 5.007 4.984 4.957 4.929 4.929 4.875 4.847 4.822 4.811 4.799 4.788 4.776 4.764 4.753 4.741 4.734 4.739 4.744 4.750 4.755 4.755 4.765 4.771 4.777 4.788 4.799 4.810 4.821 4.833 4.888 4.958 5.028 5.098 5.167 5.237 5.301 5.301 5.419 5.479 5.538 5.597 5.656 5.703 5.748 5.793 5.838 5.884 5.929 5.974 6.020 6.065 6.110 6.187 6.187 6.216 6.296 6.376 6.455 6.535 6.615 6.694 6.777 6.863 6.950 7.036 7.122 7.209 7.304 7.523 7.524 7.636 7.748 7.861
5.099 5.078 5.057 5.036 5.015 4.993 4.968 4.940 4.940 4.886 4.858 4.844 4.833 4.821 4.810 4.798 4.786 4.775 4.763 4.752 4.754 4.759 4.764 4.770 4.770 4.780 4.786 4.797 4.808 4.819 4.830 4.842 4.853 4.906 4.976 5.046 5.115 5.185 5.255 5.324 5.325 5.449 5.509 5.568 5.627 5.683 5.728 5.773 5.819 5.864 5.909 5.954 6.000 6.045 6.090 6.136 6.226 6.226 6.275 6.355 6.436 6.523 6.609 6.695 6.782 6.868 6.954 7.041 7.127 7.213 7.300 7.402 7.619 7.619 7.730 7.842 7.955
5.107 5.086 5.065 5.044 5.023 5.001 4.979 4.951 4.951 4.897 4.878 4.866 4.855 4.843 4.832 4.820 4.809 4.797 4.785 4.774 4.769 4.774 4.779 4.785 4.785 4.795 4.806 4.817 4.828 4.839 4.851 4.862 4.873 4.924 4.994 5.063 5.133 5.203 5.273 5.342 5.342 5.479 5.539 5.598 5.657 5.709 5.754 5.799 5.844 5.889 5.935 5.980 6.025 6.071 6.116 6.161 6.262 6.262 6.355 6.441 6.528 6.614 6.700 6.786 6.873 6.959 7.045 7.132 7.218 7.305 7.393 7.501 7.717 7.717 7.825 7.937 8.049
5.115 5.094 5.073 5.052 5.031 5.010 4.988 4.962 4.962 4.912 4.900 4.889 4.877 4.865 4.854 4.842 4.831 4.819 4.808 4.796 4.784 4.789 4.794 4.799 4.799 4.815 4.826 4.837 4.848 4.860 4.871 4.882 4.893 4.942 5.011 5.081 5.151 5.220 5.290 5.360 5.360 5.499 5.569 5.628 5.687 5.734 5.779 5.824 5.870 5.915 5.960 6.009 6.059 6.109 6.160 6.210 6.318 6.318 6.429 6.532 6.619 6.705 6.791 6.878 6.964 7.050 7.137 7.223 7.309 7.396 7.491 7.599 7.815 7.815 7.923 8.031 8.143
