includes/lisflood/camargue/results_R3_t1.56174127354E12/res-0012.wdfp
ncols         906
nrows         631
xllcorner     362177.146667
yllcorner     6534725.688020
cellsize      20.000000
NODATA_value  -9999.000000
[rows 442 to 475 of 631, columns 693 to 769 of 906]
0.158 0.184 0.177 0.165 0.153 0.141 0.113 0.082 0.082 0.022 0.000 0.000 0.000 0.000 0.000 0.000 0.000 0.000 0.000 0.000 0.000 0.000 0.001 0.004 0.002 0.003 0.004 0.005 0.011 0.020 0.022 0.019 0.014 0.009 0.004 0.002 0.001 0.001 0.001 0.000 0.001 0.000 0.000 0.000 0.000 0.000 0.000 0.000 0.000 0.000 0.000 0.000 0.000 0.000 0.048 0.127 0.230 0.235 0.287 0.336 0.385 0.433 0.481 0.528 0.575 0.622 0.668 0.714 0.760 0.805 0.850 0.895 0.990 0.991 1.040 1.088 1.137
0.157 0.183 0.176 0.164 0.152 0.140 0.112 0.082 0.082 0.021 0.000 0.000 0.000 0.000 0.000 0.000 0.000 0.000 0.000 0.000 0.000 0.000 0.001 0.002 0.000 0.001 0.002 0.002 0.007 0.014 0.014 0.012 0.008 0.005 0.002 0.000 0.000 0.000 0.000 0.000 0.000 0.000 0.000 0.000 0.000 0.000 0.000 0.000 0.000 0.000 0.000 0.000 0.000 0.001 0.067 0.133 0.234 0.238 0.289 0.338 0.386 0.434 0.482 0.529 0.576 0.622 0.669 0.715 0.760 0.805 0.850 0.895 0.990 0.991 1.040 1.088 1.137
0.169 0.172 0.161 0.149 0.137 0.125 0.105 0.075 0.075 0.015 0.000 0.000 0.000 0.000 0.000 0.000 0.000 0.000 0.000 0.000 0.000 0.000 0.000 0.002 0.001 0.001 0.002 0.003 0.009 0.015 0.013 0.011 0.008 0.004 0.002 0.000 0.000 0.000 0.000 0.000 0.001 0.000 0.000 0.000 0.000 0.000 0.000 0.000 0.000 0.000 0.000 0.000 0.000 0.011 0.096 0.155 0.254 0.257 0.307 0.355 0.404 0.451 0.498 0.545 0.592 0.639 0.685 0.731 0.777 0.823 0.867 0.912 1.008 1.009 1.058 1.106 1.166
0.168 0.157 0.145 0.134 0.122 0.110 0.098 0.068 0.068 0.008 0.000 0.000 0.000 0.000 0.000 0.000 0.000 0.000 0.000 0.000 0.000 0.000 0.000 0.001 0.000 0.001 0.001 0.003 0.010 0.013 0.011 0.009 0.006 0.004 0.001 0.000 0.000 0.000 0.000 0.000 0.000 0.000 0.000 0.000 0.000 0.000 0.000 0.000 0.000 0.000 0.000 0.000 0.000 0.051 0.121 0.176 0.273 0.276 0.325 0.373 0.421 0.468 0.515 0.562 0.609 0.655 0.701 0.747 0.793 0.839 0.885 0.929 1.026 1.027 1.085 1.147 1.210
0.137 0.126 0.115 0.104 0.092 0.081 0.069 0.055 0.055 0.000 0.000 0.000 0.000 0.000 0.000 0.000 0.000 0.000 0.000 0.000 0.000 0.000 0.000 0.002 0.001 0.001 0.003 0.010 0.014 0.014 0.012 0.010 0.007 0.004 0.002 0.000 0.000 0.000 0.000 0.000 0.000 0.000 0.000 0.000 0.000 0.000 0.000 0.000 0.000 0.000 0.000 0.000 0.020 0.101 0.159 0.212 0.308 0.310 0.359 0.406 0.454 0.501 0.548 0.595 0.641 0.687 0.733 0.780 0.828 0.877 0.925 0.993 1.110 1.110 1.173 1.236 1.299
0.120 0.109 0.099 0.088 0.077 0.065 0.054 0.042 0.043 0.000 0.000 0.000 0.000 0.000 0.000 0.000 0.000 0.000 0.000 0.000 0.000 0.000 0.000 0.002 0.001 0.004 0.011 0.018 0.017 0.016 0.013 0.010 0.007 0.004 0.002 0.000 0.000 0.000 0.000 0.000 0.000 0.000 0.000 0.000 0.000 0.000 0.000 0.000 0.000 0.000 0.003 0.036 0.085 0.126 0.179 0.230 0.326 0.328 0.376 0.423 0.471 0.518 0.567 0.616 0.665 0.713 0.762 0.811 0.859 0.907 0.959 1.043 1.163 1.163 1.219 1.280 1.343
0.102 0.092 0.082 0.072 0.061 0.050 0.039 0.028 0.028 0.000 0.000 0.000 0.000 0.000 0.000 0.000 0.000 0.000 0.000 0.000 0.000 0.001 0.011 0.018 0.018 0.032 0.040 0.038 0.034 0.029 0.024 0.019 0.014 0.009 0.004 0.002 0.000 0.000 0.000 0.000 0.000 0.000 0.000 0.000 0.000 0.000 0.000 0.000 0.003 0.028 0.079 0.107 0.137 0.164 0.198 0.249 0.348 0.350 0.400 0.450 0.499 0.549 0.598 0.647 0.696 0.744 0.793 0.842 0.890 0.938 1.010 1.094 1.221 1.222 1.277 1.333 1.389
0.084 0.075 0.065 0.055 0.045 0.035 0.024 0.013 0.013 0.000 0.000 0.000 0.000 0.000 0.000 0.000 0.000 0.000 0.000 0.000 0.005 0.024 0.045 0.053 0.053 0.068 0.072 0.067 0.062 0.057 0.051 0.046 0.040 0.035 0.028 0.022 0.015 0.009 0.002 0.000 0.000 0.000 0.000 0.000 0.000 0.000 0.003 0.027 0.078 0.105 0.135 0.160 0.184 0.208 0.236 0.281 0.380 0.382 0.432 0.482 0.531 0.580 0.629 0.678 0.727 0.775 0.824 0.872 0.921 0.977 1.061 1.144 1.280 1.280 1.336 1.391 1.447
0.064 0.056 0.047 0.038 0.029 0.019 0.009 0.001 0.002 0.000 0.000 0.000 0.000 0.000 0.000 0.000 0.000 0.000 0.000 0.012 0.033 0.053 0.074 0.089 0.089 0.104 0.102 0.096 0.091 0.086 0.080 0.075 0.070 0.064 0.058 0.051 0.044 0.034 0.023 0.010 0.005 0.003 0.002 0.001 0.006 0.032 0.081 0.106 0.135 0.160 0.184 0.207 0.229 0.251 0.284 0.317 0.413 0.414 0.464 0.513 0.563 0.612 0.660 0.709 0.758 0.806 0.855 0.903 0.951 1.027 1.111 1.195 1.338 1.338 1.394 1.450 1.505
0.039 0.032 0.025 0.017 0.010 0.003 0.000 0.000 0.000 0.000 0.000 0.000 0.000 0.000 0.000 0.000 0.000 0.002 0.020 0.041 0.061 0.082 0.102 0.123 0.123 0.136 0.131 0.126 0.120 0.115 0.110 0.104 0.099 0.093 0.087 0.081 0.073 0.063 0.048 0.033 0.019 0.017 0.023 0.050 0.088 0.111 0.138 0.162 0.185 0.208 0.230 0.252 0.273 0.297 0.330 0.363 0.445 0.446 0.496 0.545 0.594 0.643 0.691 0.740 0.789 0.837 0.885 0.934 0.994 1.078 1.161 1.245 1.397 1.397 1.452 1.508 1.564
0.035 0.027 0.020 0.012 0.006 0.002 0.000 0.000 0.000 0.000 0.000 0.000 0.000 0.000 0.000 0.000 0.009 0.029 0.049 0.070 0.090 0.111 0.131 0.152 0.152 0.166 0.160 0.155 0.150 0.145 0.136 0.127 0.117 0.107 0.097 0.086 0.074 0.060 0.040 0.042 0.030 0.078 0.099 0.120 0.143 0.165 0.188 0.210 0.232 0.253 0.274 0.295 0.315 0.344 0.377 0.409 0.476 0.478 0.527 0.576 0.625 0.674 0.722 0.771 0.819 0.868 0.916 0.964 1.045 1.128 1.212 1.295 1.455 1.455 1.511 1.566 1.622
0.031 0.024 0.016 0.010 0.005 0.001 0.000 0.000 0.000 0.000 0.000 0.000 0.000 0.000 0.000 0.000 0.000 0.016 0.039 0.061 0.084 0.107 0.129 0.152 0.152 0.165 0.156 0.146 0.137 0.128 0.118 0.108 0.099 0.089 0.079 0.068 0.056 0.041 0.024 0.039 0.035 0.128 0.149 0.171 0.192 0.213 0.234 0.255 0.276 0.296 0.317 0.337 0.358 0.390 0.422 0.454 0.516 0.517 0.558 0.607 0.656 0.705 0.753 0.802 0.850 0.899 0.947 1.011 1.095 1.179 1.262 1.345 1.512 1.512 1.569 1.625 1.680
0.027 0.020 0.014 0.008 0.004 0.001 0.000 0.000 0.000 0.000 0.000 0.000 0.000 0.000 0.000 0.000 0.000 0.001 0.018 0.041 0.063 0.086 0.109 0.131 0.131 0.147 0.137 0.128 0.119 0.109 0.100 0.090 0.080 0.070 0.060 0.050 0.038 0.022 0.020 0.037 0.044 0.173 0.194 0.216 0.237 0.257 0.278 0.298 0.319 0.339 0.359 0.378 0.404 0.436 0.468 0.499 0.561 0.562 0.593 0.638 0.687 0.735 0.784 0.832 0.881 0.929 0.978 1.062 1.145 1.229 1.312 1.396 1.562 1.562 1.627 1.683 1.738
0.023 0.017 0.011 0.006 0.003 0.001 0.000 0.000 0.000 0.000 0.000 0.000 0.000 0.000 0.000 0.000 0.000 0.000 0.002 0.020 0.043 0.065 0.088 0.102 0.102 0.121 0.119 0.110 0.100 0.091 0.081 0.072 0.062 0.052 0.042 0.032 0.020 0.005 0.013 0.037 0.053 0.185 0.238 0.260 0.280 0.300 0.321 0.341 0.361 0.380 0.400 0.419 0.450 0.482 0.513 0.544 0.605 0.606 0.637 0.669 0.718 0.766 0.815 0.863 0.911 0.960 1.028 1.112 1.196 1.279 1.362 1.446 1.612 1.613 1.686 1.741 1.797
0.020 0.014 0.009 0.005 0.002 0.000 0.000 0.000 0.000 0.000 0.000 0.000 0.000 0.000 0.000 0.000 0.000 0.000 0.000 0.002 0.022 0.045 0.063 0.073 0.073 0.091 0.101 0.091 0.082 0.072 0.063 0.053 0.044 0.034 0.024 0.014 0.003 0.003 0.008 0.041 0.064 0.198 0.258 0.303 0.323 0.343 0.363 0.382 0.402 0.421 0.441 0.463 0.495 0.527 0.558 0.589 0.650 0.651 0.682 0.713 0.748 0.797 0.845 0.894 0.942 0.995 1.079 1.162 1.246 1.329 1.413 1.496 1.662 1.663 1.744 1.799 1.855
0.017 0.012 0.007 0.004 0.002 0.000 0.000 0.000 0.000 0.000 0.000 0.000 0.000 0.000 0.000 0.000 0.000 0.000 0.000 0.000 0.003 0.024 0.034 0.043 0.043 0.062 0.072 0.073 0.063 0.054 0.044 0.035 0.025 0.016 0.006 0.001 0.000 0.002 0.005 0.051 0.076 0.210 0.269 0.327 0.365 0.384 0.404 0.424 0.443 0.462 0.481 0.509 0.540 0.571 0.603 0.634 0.694 0.695 0.726 0.757 0.787 0.828 0.876 0.924 0.972 1.045 1.129 1.212 1.296 1.379 1.463 1.546 1.713 1.713 1.796 1.857 1.913
0.016 0.012 0.007 0.004 0.002 0.001 0.000 0.000 0.001 0.000 0.000 0.000 0.000 0.000 0.000 0.000 0.000 0.000 0.000 0.000 0.000 0.001 0.006 0.014 0.014 0.033 0.042 0.052 0.045 0.036 0.026 0.017 0.008 0.002 0.000 0.000 0.000 0.001 0.004 0.067 0.089 0.222 0.281 0.339 0.396 0.426 0.445 0.464 0.483 0.503 0.523 0.554 0.585 0.616 0.647 0.678 0.739 0.740 0.770 0.801 0.832 0.862 0.906 0.955 1.012 1.096 1.179 1.263 1.346 1.429 1.513 1.596 1.763 1.763 1.846 1.916 1.971
0.010 0.007 0.004 0.002 0.001 0.000 0.000 0.000 0.001 0.000 0.000 0.000 0.000 0.000 0.000 0.000 0.000 0.000 0.000 0.000 0.000 0.002 0.006 0.014 0.014 0.033 0.042 0.052 0.045 0.036 0.026 0.017 0.008 0.002 0.000 0.000 0.000 0.000 0.002 0.081 0.096 0.225 0.284 0.341 0.398 0.427 0.447 0.466 0.485 0.504 0.523 0.554 0.585 0.616 0.647 0.678 0.739 0.740 0.770 0.801 0.831 0.862 0.906 0.954 1.012 1.095 1.179 1.262 1.346 1.429 1.513 1.596 1.762 1.762 1.846 1.915 1.971
0.008 0.005 0.003 0.002 0.001 0.000 0.000 0.000 0.001 0.000 0.000 0.000 0.000 0.000 0.000 0.000 0.000 0.000 0.000 0.000 0.000 0.000 0.000 0.000 0.000 0.005 0.013 0.023 0.027 0.017 0.008 0.002 0.000 0.000 0.000 0.000 0.000 0.000 0.006 0.101 0.113 0.237 0.295 0.352 0.409 0.465 0.487 0.506 0.525 0.544 0.568 0.599 0.630 0.661 0.692 0.723 0.783 0.784 0.814 0.845 0.875 0.906 0.937 0.985 1.062 1.146 1.229 1.313 1.396 1.479 1.563 1.646 1.812 1.813 1.896 1.977 2.054
0.006 0.004 0.002 0.001 0.000 0.000 0.000 0.000 0.001 0.000 0.000 0.000 0.000 0.000 0.000 0.000 0.000 0.000 0.000 0.000 0.000 0.000 0.000 0.000 0.000 0.000 0.000 0.000 0.005 0.002 0.000 0.000 0.000 0.000 0.000 0.000 0.000 0.000 0.020 0.115 0.127 0.249 0.307 0.364 0.420 0.476 0.528 0.547 0.565 0.584 0.613 0.644 0.675 0.706 0.736 0.767 0.828 0.828 0.859 0.889 0.920 0.950 0.980 1.029 1.113 1.197 1.281 1.365 1.449 1.532 1.616 1.700 1.867 1.867 1.951 2.044 2.146
0.005 0.004 0.003 0.001 0.000 0.000 0.000 0.000 0.001 0.000 0.000 0.000 0.000 0.000 0.000 0.000 0.000 0.000 0.000 0.000 0.000 0.000 0.000 0.000 0.000 0.000 0.000 0.000 0.000 0.000 0.000 0.000 0.000 0.000 0.000 0.000 0.000 0.001 0.066 0.142 0.151 0.270 0.327 0.384 0.440 0.496 0.551 0.607 0.645 0.671 0.702 0.733 0.763 0.793 0.823 0.852 0.911 0.912 0.941 0.971 1.000 1.030 1.066 1.146 1.226 1.308 1.392 1.476 1.560 1.644 1.727 1.811 1.978 1.978 2.065 2.167 2.270
0.004 0.003 0.002 0.000 0.000 0.001 0.000 0.000 0.001 0.000 0.000 0.000 0.000 0.000 0.000 0.000 0.000 0.000 0.000 0.000 0.000 0.000 0.000 0.000 0.000 0.000 0.000 0.000 0.000 0.000 0.000 0.000 0.000 0.000 0.000 0.000 0.000 0.003 0.093 0.158 0.164 0.282 0.338 0.395 0.451 0.506 0.561 0.619 0.678 0.714 0.743 0.773 0.803 0.833 0.862 0.892 0.950 0.951 0.980 1.010 1.039 1.069 1.125 1.205 1.284 1.364 1.448 1.532 1.615 1.699 1.783 1.866 2.033 2.034 2.127 2.229 2.331
0.004 0.002 0.001 0.000 0.000 0.000 0.000 0.000 0.001 0.000 0.000 0.000 0.000 0.000 0.000 0.000 0.000 0.000 0.000 0.000 0.000 0.000 0.000 0.000 0.000 0.000 0.000 0.000 0.000 0.000 0.000 0.000 0.000 0.000 0.000 0.000 0.000 0.015 0.108 0.172 0.178 0.293 0.349 0.408 0.469 0.529 0.589 0.649 0.704 0.749 0.783 0.813 0.842 0.872 0.901 0.931 0.989 0.990 1.019 1.049 1.078 1.108 1.183 1.263 1.343 1.423 1.503 1.587 1.671 1.754 1.838 1.922 2.089 2.089 2.188 2.290 2.393
0.002 0.002 0.001 0.000 0.000 0.000 0.000 0.000 0.001 0.000 0.000 0.000 0.000 0.000 0.000 0.000 0.000 0.000 0.000 0.000 0.000 0.000 0.000 0.000 0.000 0.000 0.000 0.000 0.000 0.000 0.000 0.000 0.000 0.000 0.000 0.000 0.000 0.049 0.125 0.190 0.194 0.318 0.379 0.439 0.500 0.560 0.620 0.680 0.729 0.775 0.821 0.852 0.882 0.911 0.941 0.970 1.029 1.029 1.059 1.088 1.117 1.162 1.242 1.322 1.401 1.481 1.561 1.642 1.726 1.810 1.893 1.977 2.147 2.147 2.249 2.352 2.454
0.001 0.001 0.000 0.000 0.000 0.000 0.000 0.000 0.001 0.000 0.000 0.000 0.000 0.000 0.000 0.000 0.000 0.000 0.000 0.000 0.000 0.000 0.000 0.000 0.000 0.000 0.000 0.000 0.000 0.000 0.000 0.000 0.000 0.000 0.000 0.000 0.004 0.092 0.161 0.224 0.227 0.349 0.410 0.470 0.530 0.590 0.650 0.709 0.755 0.801 0.846 0.891 0.921 0.951 0.980 1.009 1.068 1.068 1.098 1.127 1.156 1.220 1.300 1.380 1.460 1.540 1.620 1.699 1.781 1.865 1.949 2.032 2.208 2.208 2.311 2.413 2.515
0.001 0.000 0.000 0.000 0.000 0.000 0.000 0.000 0.001 0.000 0.000 0.000 0.000 0.000 0.000 0.000 0.000 0.000 0.000 0.000 0.000 0.000 0.000 0.000 0.000 0.000 0.000 0.000 0.000 0.000 0.000 0.000 0.000 0.000 0.000 0.000 0.051 0.130 0.194 0.257 0.259 0.380 0.440 0.500 0.560 0.620 0.680 0.735 0.781 0.826 0.872 0.917 0.960 0.990 1.019 1.049 1.107 1.107 1.137 1.166 1.199 1.279 1.359 1.439 1.518 1.598 1.678 1.758 1.837 1.920 2.004 2.088 2.270 2.270 2.372 2.475 2.577
0.000 0.000 0.000 0.000 0.000 0.000 0.000 0.000 0.001 0.000 0.000 0.000 0.000 0.000 0.000 0.000 0.000 0.000 0.000 0.000 0.000 0.000 0.000 0.000 0.000 0.000 0.000 0.000 0.000 0.000 0.000 0.000 0.000 0.000 0.000 0.006 0.095 0.164 0.227 0.288 0.290 0.411 0.471 0.531 0.591 0.650 0.710 0.761 0.806 0.852 0.897 0.943 0.988 1.029 1.058 1.088 1.146 1.146 1.176 1.205 1.258 1.337 1.417 1.497 1.577 1.657 1.736 1.816 1.896 1.976 2.059 2.143 2.331 2.331 2.434 2.536 2.638
0.001 0.000 0.000 0.000 0.000 0.000 0.000 0.001 0.001 0.000 0.000 0.000 0.000 0.000 0.000 0.000 0.000 0.000 0.000 0.000 0.000 0.000 0.000 0.000 0.000 0.000 0.000 0.000 0.000 0.000 0.000 0.000 0.000 0.000 0.000 0.048 0.131 0.196 0.258 0.319 0.321 0.441 0.501 0.561 0.621 0.680 0.740 0.786 0.832 0.877 0.923 0.968 1.014 1.059 1.098 1.127 1.185 1.185 1.215 1.244 1.316 1.396 1.476 1.556 1.635 1.715 1.795 1.875 1.954 2.034 2.115 2.198 2.393 2.393 2.495 2.597 2.700
0.000 0.000 0.000 0.000 0.000 0.000 0.000 0.000 0.001 0.000 0.000 0.000 0.000 0.000 0.000 0.000 0.000 0.000 0.000 0.000 0.000 0.000 0.000 0.000 0.000 0.000 0.000 0.000 0.000 0.000 0.000 0.000 0.000 0.000 0.001 0.087 0.165 0.228 0.289 0.350 0.351 0.471 0.531 0.591 0.650 0.710 0.766 0.811 0.857 0.902 0.948 0.993 1.039 1.084 1.130 1.166 1.224 1.225 1.254 1.295 1.375 1.454 1.534 1.614 1.694 1.774 1.853 1.933 2.013 2.092 2.172 2.254 2.454 2.454 2.565 2.677 2.790
0.000 0.000 0.000 0.000 0.000 0.000 0.000 0.000 0.001 0.000 0.000 0.000 0.000 0.000 0.000 0.000 0.000 0.000 0.000 0.000 0.000 0.000 0.000 0.000 0.000 0.000 0.000 0.000 0.000 0.000 0.000 0.000 0.000 0.000 0.006 0.106 0.183 0.256 0.320 0.381 0.382 0.501 0.561 0.621 0.680 0.740 0.791 0.837 0.882 0.927 0.973 1.018 1.064 1.109 1.155 1.200 1.263 1.263 1.293 1.353 1.433 1.513 1.593 1.672 1.752 1.832 1.912 1.991 2.071 2.151 2.235 2.323 2.546 2.546 2.659 2.771 2.883
0.000 0.000 0.000 0.000 0.000 0.000 0.000 0.000 0.001 0.000 0.000 0.000 0.000 0.000 0.000 0.000 0.000 0.000 0.000 0.000 0.000 0.000 0.000 0.000 0.000 0.000 0.000 0.000 0.000 0.000 0.000 0.000 0.000 0.000 0.022 0.126 0.202 0.275 0.346 0.411 0.412 0.531 0.591 0.650 0.710 0.769 0.816 0.862 0.907 0.953 0.998 1.044 1.089 1.135 1.180 1.225 1.302 1.302 1.332 1.412 1.492 1.571 1.651 1.731 1.811 1.893 1.980 2.066 2.153 2.239 2.325 2.421 2.640 2.640 2.752 2.864 2.977
0.000 0.000 0.000 0.000 0.001 0.000 0.000 0.000 0.001 0.000 0.000 0.000 0.000 0.000 0.000 0.000 0.000 0.000 0.000 0.000 0.000 0.000 0.000 0.000 0.000 0.000 0.000 0.000 0.000 0.000 0.000 0.000 0.000 0.000 0.058 0.147 0.221 0.293 0.364 0.435 0.435 0.561 0.620 0.680 0.739 0.796 0.841 0.887 0.932 0.978 1.023 1.069 1.114 1.160 1.205 1.250 1.341 1.341 1.391 1.470 1.552 1.638 1.725 1.811 1.897 1.984 2.070 2.157 2.243 2.329 2.416 2.518 2.734 2.734 2.845 2.958 3.070
0.000 0.000 0.000 0.000 0.000 0.001 0.000 0.000 0.001 0.000 0.000 0.000 0.000 0.000 0.000 0.000 0.000 0.000 0.000 0.000 0.000 0.000 0.000 0.000 0.000 0.000 0.000 0.000 0.000 0.000 0.000 0.000 0.000 0.001 0.091 0.167 0.240 0.311 0.382 0.452 0.453 0.590 0.650 0.709 0.769 0.821 0.866 0.912 0.957 1.003 1.048 1.094 1.139 1.185 1.230 1.275 1.376 1.376 1.470 1.556 1.642 1.729 1.815 1.901 1.988 2.074 2.161 2.247 2.333 2.420 2.508 2.616 2.832 2.832 2.940 3.051 3.164
0.002 0.001 0.001 0.001 0.001 0.001 0.001 0.001 0.002 0.000 0.000 0.000 0.000 0.000 0.000 0.000 0.000 0.000 0.000 0.000 0.000 0.000 0.000 0.001 0.000 0.000 0.000 0.000 0.001 0.001 0.001 0.001 0.001 0.007 0.110 0.186 0.258 0.329 0.399 0.470 0.470 0.610 0.679 0.739 0.799 0.846 0.891 0.937 0.982 1.028 1.073 1.122 1.172 1.223 1.273 1.324 1.432 1.432 1.543 1.646 1.733 1.819 1.906 1.992 2.078 2.165 2.251 2.338 2.424 2.510 2.605 2.713 2.929 2.930 3.038 3.146 3.257
