includes/lisflood/camargue/results_R3_t1.56174127354E12/res-0002.wd
ncols         906
nrows         631
xllcorner     362177.146667
yllcorner     6534725.688020
cellsize      20.000000
NODATA_value  -9999.000000
[rows 442 to 475 of 631, columns 154 to 230 of 906]
0.000 0.000 0.000 0.000 0.000 0.000 0.000 0.000 0.000 0.000 0.000 0.000 0.000 0.000 0.000 0.000 0.000 0.000 0.000 0.000 0.000 0.000 0.000 0.000 0.000 0.000 0.000 0.000 0.000 0.000 0.000 0.000 0.000 0.000 0.000 0.000 0.000 0.000 0.000 0.000 0.000 0.000 0.000 0.000 0.000 0.000 0.000 0.000 0.000 0.000 0.000 0.000 2.225 2.205 2.405 1.248 1.230 2.505 2.425 1.175 1.157 1.163 2.615 2.425 2.425 2.365 2.436 2.296 2.316 2.296 2.206 2.286 2.286 2.126 2.196 2.156 2.126
0.000 0.000 0.000 0.000 0.000 0.000 0.000 0.000 0.000 0.000 0.000 0.000 0.000 0.000 0.000 0.000 0.000 0.000 0.000 0.000 0.000 0.000 0.000 0.000 0.000 0.000 0.000 0.000 0.000 0.000 0.000 0.000 0.000 0.000 0.000 0.000 0.000 0.000 0.000 0.000 0.000 0.000 0.000 0.000 0.000 0.000 0.000 0.000 0.000 0.000 0.000 0.000 0.000 2.205 2.405 1.248 1.229 2.505 2.425 1.175 1.157 1.163 2.615 2.425 2.425 2.365 2.435 2.295 2.315 2.295 2.206 2.286 2.286 2.126 2.196 2.156 2.126
0.000 0.000 0.000 0.000 0.000 0.000 0.000 0.000 0.000 0.000 0.000 0.000 0.000 0.000 0.000 0.000 0.000 0.000 0.000 0.000 0.000 0.000 0.000 0.000 0.000 0.000 0.000 0.000 0.000 0.000 0.000 0.000 0.000 0.000 0.000 0.000 0.000 0.000 0.000 0.000 0.000 0.000 0.000 0.000 0.000 0.000 0.000 0.000 0.000 0.000 0.000 0.000 0.000 2.404 2.395 1.443 1.425 2.604 2.664 1.370 1.352 2.494 2.634 2.344 2.345 2.305 2.235 2.245 2.305 2.205 2.205 2.195 2.275 2.256 2.156 2.246 2.186
0.000 0.000 0.000 0.000 0.000 0.000 0.000 0.000 0.000 0.000 0.000 0.000 0.000 0.000 0.000 0.000 0.000 0.000 0.000 0.000 0.000 0.000 0.000 0.000 0.000 0.000 0.000 0.000 0.000 0.000 0.000 0.000 0.000 0.000 0.000 0.000 0.000 0.000 0.000 0.000 0.000 0.000 0.000 0.000 0.000 0.000 0.000 0.000 0.000 0.000 0.000 0.000 0.000 2.364 2.294 1.638 1.620 1.602 1.583 1.565 1.555 2.464 2.314 2.354 2.354 2.294 2.344 2.284 2.295 2.225 2.205 2.285 2.245 2.235 2.065 2.155 2.125
0.000 0.000 0.000 0.000 0.000 0.000 0.000 0.000 0.000 0.000 0.000 0.000 0.000 0.000 0.000 0.000 0.000 0.000 0.000 0.000 0.000 0.000 0.000 0.000 0.000 0.000 0.000 0.000 0.000 0.000 0.000 0.000 0.000 0.000 0.000 0.000 0.000 0.000 0.000 0.000 0.000 0.000 0.000 0.000 0.000 0.000 0.000 0.000 0.000 0.000 0.000 0.000 0.000 2.473 2.414 2.028 2.010 1.992 1.974 1.956 2.534 2.464 2.434 2.433 2.434 2.424 2.324 2.384 2.334 2.314 2.265 2.315 2.195 2.305 2.115 2.185 2.215
0.000 0.000 0.000 0.000 0.000 0.000 0.000 0.000 0.000 0.000 0.000 0.000 0.000 0.000 0.000 0.000 0.000 0.000 0.000 0.000 0.000 0.000 0.000 0.000 0.000 0.000 0.000 0.000 0.000 0.000 0.000 0.000 0.000 0.000 0.000 0.000 0.000 0.000 0.000 0.000 0.000 0.000 0.000 0.000 0.000 0.000 0.000 0.000 0.000 0.000 0.000 0.000 2.682 2.683 2.653 2.223 2.205 2.187 2.169 2.152 2.603 2.313 2.483 2.343 2.343 2.393 2.313 2.353 2.364 2.324 2.224 2.364 2.234 2.195 2.255 2.285 2.215
0.000 0.000 0.000 0.000 0.000 0.000 0.000 0.000 0.000 0.000 0.000 0.000 0.000 0.000 0.000 0.000 0.000 0.000 0.000 0.000 0.000 0.000 0.000 0.000 0.000 0.000 0.000 0.000 0.000 0.000 0.000 0.000 0.000 0.000 0.000 0.000 0.000 0.000 0.000 0.000 0.000 0.000 0.000 0.000 0.000 0.000 0.000 0.000 0.000 0.000 0.000 2.592 2.406 2.454 2.436 2.418 2.400 2.382 2.363 2.533 2.363 2.523 2.473 2.323 2.323 2.333 2.563 2.583 2.333 2.333 2.244 2.264 2.114 2.194 2.205 1.985 2.235
0.000 0.000 0.000 0.000 0.000 0.000 0.000 0.000 0.000 0.000 0.000 0.000 0.000 0.000 0.000 0.000 0.000 0.000 0.000 0.000 0.000 0.000 0.000 0.000 0.000 0.000 0.000 0.000 0.898 1.208 0.000 0.000 0.000 0.000 0.000 0.000 0.000 0.000 0.000 0.000 0.000 0.000 0.000 0.000 0.000 0.000 0.000 0.000 0.000 0.000 0.000 2.591 2.681 2.588 2.631 2.613 2.595 2.577 2.559 2.562 2.492 2.502 2.442 2.472 2.472 2.412 2.442 2.532 2.403 2.393 2.263 2.324 2.244 2.214 2.074 2.274 2.214
0.000 0.000 0.000 0.000 0.000 0.000 0.000 0.000 0.000 0.000 0.000 0.000 0.000 0.000 0.000 0.000 0.000 0.000 0.000 0.000 0.000 0.000 0.000 0.000 0.000 0.000 1.548 1.698 2.018 2.118 1.969 1.969 1.910 1.941 2.131 2.142 2.182 2.303 2.143 2.304 2.484 2.304 2.405 2.245 2.226 2.267 2.247 2.248 2.278 2.299 2.450 2.621 2.671 2.721 2.771 2.808 2.789 2.772 2.753 2.612 2.502 2.472 2.472 2.522 2.522 2.302 2.452 2.292 2.452 2.343 2.383 2.303 2.333 2.284 2.344 2.354 2.184
0.000 0.000 0.000 0.000 0.000 0.000 0.000 0.000 0.000 0.000 0.000 0.000 0.000 0.000 0.000 0.000 0.000 0.000 0.000 0.000 0.000 0.000 0.000 0.000 0.000 1.618 2.017 1.868 2.148 2.148 1.999 2.000 2.090 2.261 2.371 2.311 2.342 2.473 2.533 2.664 2.544 2.514 2.575 2.505 1.741 2.677 2.301 2.302 2.588 2.479 2.704 2.754 2.804 2.854 2.904 2.954 2.984 2.966 2.954 2.642 2.622 2.532 2.531 2.401 2.401 2.351 2.531 2.391 2.352 2.392 2.512 2.393 2.273 2.053 2.333 2.324 2.234
0.000 0.000 0.000 0.000 0.000 0.000 0.000 0.000 0.000 0.000 0.000 0.000 0.000 0.000 0.000 0.000 0.000 0.000 0.000 0.000 0.000 0.000 0.000 0.000 2.226 2.097 2.267 2.248 2.238 1.958 1.979 1.980 2.030 2.351 2.421 2.481 2.502 2.673 0.714 2.614 2.664 2.634 1.395 2.655 1.955 2.235 2.677 2.677 2.498 2.578 2.837 2.887 2.937 2.987 3.037 3.087 3.137 3.162 2.671 2.631 2.661 2.511 2.481 2.431 2.431 2.491 2.411 2.371 2.381 2.311 2.302 2.242 2.312 2.323 2.383 2.363 2.343
0.000 0.000 0.000 0.000 0.000 0.000 0.000 1.754 1.854 1.604 1.134 0.000 0.000 0.000 0.000 0.000 0.000 1.694 2.035 2.345 2.275 2.336 2.356 2.436 2.236 2.577 2.257 2.417 2.278 2.378 2.129 2.129 2.290 2.271 2.381 0.892 0.961 1.043 1.126 2.564 2.554 2.514 1.609 1.889 2.169 2.449 2.607 2.607 2.870 2.920 2.970 3.020 3.070 3.120 3.170 3.220 3.270 3.304 2.661 2.631 2.621 2.601 3.066 2.390 2.390 2.470 2.400 2.280 2.300 2.281 2.291 2.271 2.272 2.332 2.313 2.283 2.363
0.000 0.000 0.000 0.000 2.155 2.475 2.394 2.344 2.384 2.334 2.194 0.000 2.104 2.274 2.354 2.354 2.344 2.354 2.404 2.335 2.455 2.385 2.475 2.486 2.636 2.477 2.477 2.417 2.388 2.338 2.299 2.299 2.460 2.611 2.651 2.491 2.582 2.592 1.538 1.621 1.704 1.786 1.869 2.103 2.383 2.663 2.903 2.904 3.004 3.054 3.104 3.154 3.204 3.254 3.278 3.282 3.286 2.670 3.268 2.640 2.540 2.590 2.450 2.966 2.966 2.460 2.380 2.380 2.310 2.280 2.360 2.271 2.311 2.301 2.372 2.472 2.292
0.000 0.000 2.515 2.575 2.495 2.615 2.504 2.354 2.424 2.514 2.474 2.464 2.494 2.554 2.374 2.374 2.474 2.334 2.414 2.545 2.525 2.455 2.576 2.496 2.556 2.566 2.607 2.537 2.498 2.488 2.449 2.449 2.570 2.620 2.531 2.541 1.785 1.867 2.662 2.032 2.644 2.604 2.281 2.363 2.597 2.876 3.037 3.037 3.137 3.187 3.237 3.251 3.256 3.260 3.265 3.269 3.273 3.266 3.247 2.620 2.550 2.470 2.500 2.549 2.549 2.539 2.409 2.329 2.399 2.450 2.310 2.330 2.341 2.321 2.361 2.262 2.382
2.584 2.525 2.585 2.565 2.625 2.575 2.494 2.604 2.544 2.574 2.544 1.741 2.554 1.612 2.474 2.474 2.504 2.444 2.474 2.525 2.415 2.495 2.455 2.636 2.586 2.606 2.467 2.617 2.508 2.558 2.579 2.579 1.906 2.621 2.671 2.114 2.196 2.279 2.362 2.444 2.527 2.610 2.693 2.775 2.858 3.090 3.170 3.170 3.225 3.230 3.234 3.239 3.243 3.248 3.252 3.256 3.260 3.245 2.609 2.579 3.185 2.549 2.559 2.489 2.489 2.419 2.569 2.319 2.489 2.469 2.380 2.370 2.250 2.270 2.181 2.361 2.331
1.413 2.565 2.615 2.505 2.635 2.585 2.604 2.321 2.624 2.634 2.050 2.634 1.869 2.604 2.624 2.624 2.574 2.624 2.624 2.614 2.575 2.605 2.545 2.566 2.656 2.666 2.637 1.990 2.497 2.116 2.669 2.669 2.310 2.377 2.443 2.661 2.662 2.691 2.774 2.856 2.939 3.022 3.104 3.187 3.213 3.202 3.203 3.204 3.212 3.217 3.221 3.226 3.230 3.235 3.239 3.243 3.242 3.223 3.203 2.629 2.479 2.669 2.649 2.639 2.639 2.568 2.508 2.538 2.528 2.439 2.329 2.389 2.420 2.450 2.360 2.390 2.311
2.615 2.032 2.441 2.584 2.595 2.640 2.630 2.540 2.449 2.359 2.269 2.178 2.624 2.128 2.177 2.177 2.504 2.574 2.594 2.634 2.665 2.218 2.151 2.626 2.207 2.271 2.334 2.397 2.460 2.524 2.587 2.587 2.715 2.781 2.855 2.938 3.020 3.103 3.186 3.261 3.253 3.245 3.237 3.229 3.220 3.206 3.191 3.191 3.200 3.204 3.209 3.213 3.217 3.222 3.226 3.230 3.221 3.201 3.182 3.162 2.639 3.122 2.599 2.608 2.608 2.538 2.508 2.608 2.448 2.458 2.428 2.339 2.389 2.359 2.210 2.360 2.350
2.615 2.032 2.441 2.585 2.595 2.640 2.631 2.540 2.450 2.359 2.269 2.179 2.624 2.128 2.177 2.177 2.504 2.574 2.594 2.634 2.665 2.218 2.150 2.626 2.208 2.271 2.334 2.397 2.460 2.524 2.587 2.587 2.714 2.781 2.855 2.938 3.020 3.103 3.186 3.261 3.253 3.245 3.237 3.229 3.220 3.206 3.191 3.191 3.199 3.204 3.208 3.213 3.217 3.222 3.226 3.230 3.220 3.201 3.181 3.161 2.638 3.122 2.598 2.608 2.608 2.538 2.508 2.608 2.448 2.458 2.428 2.338 2.389 2.359 2.209 2.360 2.350
1.833 2.545 2.625 2.702 2.729 2.755 2.782 2.759 2.668 2.578 2.487 2.397 2.337 2.386 2.435 2.435 2.532 2.581 2.630 2.644 2.647 2.580 2.512 2.552 2.615 2.678 2.741 2.804 2.868 2.931 2.994 2.995 3.121 3.185 3.267 3.301 3.293 3.285 3.277 3.269 3.261 3.252 3.244 3.236 3.227 3.210 3.193 3.193 3.187 3.191 3.195 3.200 3.204 3.209 3.213 3.217 3.199 3.179 3.159 2.638 3.120 3.100 2.548 2.994 2.994 2.597 2.437 2.438 2.467 2.467 2.427 2.438 2.428 2.419 2.349 2.369 2.399
2.042 2.452 2.790 2.817 2.844 2.870 2.897 2.923 2.887 2.797 2.706 2.616 2.595 2.644 2.692 2.693 2.790 2.839 2.888 2.937 2.986 2.941 2.896 2.959 3.022 3.085 3.148 3.212 3.275 3.338 3.344 3.345 3.343 3.333 3.317 3.309 3.301 3.293 3.284 3.276 3.268 3.260 3.252 3.244 3.231 3.214 3.197 3.197 3.174 3.178 3.183 3.187 3.192 3.196 3.200 3.197 3.177 3.157 3.138 3.118 3.098 3.079 2.548 2.647 2.648 2.947 2.567 2.627 2.487 2.407 2.417 2.327 2.457 2.438 2.399 2.459 2.399
2.462 2.871 3.021 3.047 3.074 3.101 3.127 3.154 3.180 3.207 3.143 3.062 3.111 3.159 3.208 3.208 3.306 3.355 3.401 3.404 3.407 3.411 3.416 3.415 3.414 3.413 3.412 3.411 3.410 3.410 3.409 3.409 3.402 3.377 3.350 3.324 3.316 3.308 3.300 3.292 3.283 3.275 3.267 3.256 3.239 3.222 3.205 3.205 3.170 3.153 3.157 3.162 3.166 3.171 3.173 3.154 3.134 3.114 3.095 3.075 3.055 2.627 2.647 2.657 2.657 2.537 2.477 2.457 2.357 2.407 2.337 2.437 2.587 2.397 2.408 2.438 2.449
2.672 3.081 3.136 3.162 3.189 3.216 3.242 3.269 3.295 3.322 3.349 3.319 3.368 3.412 3.415 3.415 3.421 3.424 3.427 3.431 3.434 3.438 3.443 3.447 3.446 3.445 3.445 3.444 3.443 3.442 3.441 3.442 3.424 3.398 3.372 3.346 3.324 3.315 3.307 3.299 3.291 3.283 3.274 3.259 3.242 2.675 3.208 3.209 3.174 3.157 3.144 2.646 3.153 3.158 3.152 3.132 3.113 3.093 3.073 3.053 3.034 3.014 2.994 2.537 2.537 2.627 2.647 2.347 2.467 2.607 2.497 2.287 2.277 2.517 2.507 2.408 2.458
2.882 3.224 3.251 3.277 3.304 3.331 3.357 3.384 3.411 3.422 3.426 3.432 3.435 3.438 3.441 3.441 3.448 3.451 3.454 3.457 3.460 3.465 3.470 3.476 3.479 3.478 3.477 3.476 3.475 3.474 3.474 3.474 3.446 3.420 3.394 3.368 3.342 3.323 3.315 3.307 3.298 3.290 3.280 3.263 3.246 3.229 3.212 3.212 3.178 3.161 3.144 3.136 3.141 3.145 2.677 3.111 3.091 3.071 3.052 3.032 3.012 2.992 2.647 2.933 2.933 2.577 2.496 2.596 2.506 2.586 2.426 2.417 2.307 2.507 2.427 2.428 2.408
3.092 3.339 3.366 3.392 3.419 3.430 3.434 3.437 3.440 3.443 3.447 3.454 3.461 3.464 3.468 3.468 3.474 3.477 3.480 3.484 3.487 3.492 3.498 3.503 3.508 3.510 3.509 3.508 3.507 3.507 3.506 3.506 3.468 3.442 3.416 3.390 3.364 3.338 3.322 3.314 3.306 3.298 3.284 3.267 3.250 3.233 3.216 3.216 3.182 3.165 3.147 3.130 3.128 3.128 3.109 3.089 3.069 3.050 3.030 3.010 2.991 2.971 2.647 2.636 2.636 2.906 2.556 2.606 2.676 2.576 2.406 2.356 2.617 2.387 2.437 2.407 2.307
3.396 3.438 3.441 3.445 3.448 3.451 3.454 3.458 3.461 3.464 3.469 3.477 3.484 3.491 3.494 3.494 3.501 3.504 3.507 3.510 3.514 3.519 3.525 3.530 3.536 3.541 3.541 3.540 3.540 3.539 3.538 3.539 3.490 3.464 3.438 3.412 3.386 3.360 3.334 3.322 3.313 3.304 3.288 3.271 3.254 3.237 3.220 3.220 3.185 3.168 3.151 3.134 2.616 3.107 3.087 2.626 3.055 3.041 3.028 3.014 3.000 2.986 2.972 2.556 2.556 2.626 2.606 2.526 2.546 2.506 2.456 2.436 2.596 2.407 2.477 2.337 2.467
3.442 3.457 3.462 3.466 3.469 3.472 3.475 3.479 3.482 3.485 3.491 3.499 3.507 3.515 3.521 3.521 3.527 3.530 3.533 3.537 3.541 3.547 3.552 3.557 3.563 3.568 3.573 3.573 3.572 3.571 3.564 3.565 3.512 3.486 3.460 3.434 3.408 3.382 3.356 3.330 3.321 3.308 3.291 3.274 3.258 3.241 3.224 3.224 3.190 3.178 3.167 3.155 3.143 3.120 3.106 3.092 3.078 3.065 3.051 3.037 2.656 2.616 2.995 2.646 2.646 2.954 2.426 2.556 2.606 2.566 2.466 2.596 2.546 2.537 2.517 2.527 2.457
3.453 3.468 3.483 3.487 3.490 3.493 3.496 3.499 3.503 3.506 3.514 3.522 3.529 3.537 3.545 3.546 3.554 3.557 3.560 3.563 3.568 3.574 3.579 3.585 3.590 3.595 3.601 3.605 3.604 3.604 3.586 3.586 3.534 3.508 3.482 3.456 3.430 3.404 3.378 3.352 3.329 3.312 3.299 3.288 3.276 3.264 3.253 3.253 3.229 2.674 3.206 3.194 3.174 3.146 3.130 3.116 3.102 3.088 3.074 3.061 3.047 2.656 3.019 2.991 2.991 2.556 2.965 2.676 2.646 2.646 2.546 2.596 2.547 2.537 2.557 2.567 2.407
3.463 3.478 3.494 3.507 3.511 3.514 3.517 3.520 3.524 3.528 3.536 3.544 3.552 3.560 3.568 3.568 3.580 3.583 3.586 3.590 3.595 3.601 3.606 3.612 3.617 3.623 3.628 3.633 3.637 3.634 3.608 3.608 3.556 3.530 3.504 3.478 3.452 3.427 3.401 3.376 3.358 3.350 3.338 3.326 3.315 3.303 3.292 3.292 3.268 3.256 2.634 3.231 3.204 3.177 3.153 3.139 3.125 3.112 3.098 2.596 3.070 3.056 2.656 3.015 3.015 3.002 2.989 2.676 2.636 2.586 2.516 2.576 2.597 2.527 2.497 2.557 2.517
3.474 3.489 3.504 3.519 3.532 3.535 3.538 3.541 3.545 3.550 3.558 3.566 3.574 3.582 3.590 3.590 3.606 3.610 3.613 3.617 3.623 3.628 3.633 3.639 3.644 3.650 3.655 3.660 3.666 3.656 3.631 3.631 3.580 3.554 3.529 3.503 3.478 3.452 3.427 3.401 3.393 3.388 3.377 3.365 3.354 3.342 3.330 3.331 3.307 3.295 3.283 3.262 3.235 3.208 3.180 3.162 3.149 3.135 2.656 2.596 3.094 3.080 3.066 3.039 3.039 3.026 2.656 3.001 2.988 2.596 2.676 2.556 2.607 2.497 2.587 2.547 2.913
3.485 3.500 3.515 3.530 3.545 3.556 3.559 3.562 3.565 3.573 3.580 3.588 3.596 3.604 3.613 3.613 3.629 3.636 3.639 3.645 3.650 3.655 3.661 3.666 3.671 3.675 3.680 3.684 3.689 3.678 3.656 3.657 3.605 3.580 3.554 3.528 3.503 3.478 3.452 3.433 3.428 3.423 3.416 3.404 3.392 3.381 3.369 3.369 3.346 3.334 3.320 3.293 3.266 3.238 3.211 3.186 3.172 3.159 3.145 3.131 3.117 3.104 3.090 3.063 3.063 3.051 3.038 3.025 2.566 2.626 2.991 2.606 2.527 2.437 2.587 2.537 2.547
3.496 3.511 3.526 3.541 3.556 3.571 3.580 3.583 3.587 3.595 3.603 3.611 3.619 3.627 3.635 3.635 3.651 3.659 3.666 3.670 3.674 3.679 3.684 3.689 3.693 3.698 3.702 3.707 3.706 3.694 3.681 3.682 3.631 3.605 3.580 3.554 3.528 3.503 3.477 3.468 3.463 3.457 3.452 3.443 3.431 3.420 3.408 3.408 3.385 3.373 3.351 3.324 3.296 3.269 3.242 3.214 2.665 3.182 3.168 3.155 3.141 3.127 3.113 3.088 3.088 3.075 2.626 2.576 3.037 2.586 3.015 3.005 2.587 2.987 2.617 2.517 2.667
3.507 3.522 3.537 3.552 3.567 3.582 3.597 3.604 3.610 3.617 3.625 3.633 3.641 3.656 3.672 3.672 3.703 3.719 3.703 3.693 3.697 3.702 3.706 3.711 3.716 3.720 3.725 3.729 3.722 3.710 3.697 3.698 3.656 3.631 3.605 3.579 3.554 3.528 3.508 3.503 3.498 3.492 3.487 3.481 3.470 3.458 3.447 3.447 3.423 3.409 3.382 3.354 3.327 3.300 3.272 3.245 3.220 3.206 3.192 3.178 3.164 3.151 3.138 3.112 3.112 3.100 2.676 3.074 2.656 2.657 2.667 2.667 3.020 2.637 2.617 2.677 2.668
3.518 3.533 3.548 3.563 3.578 3.593 3.608 3.623 3.637 3.653 3.669 3.684 3.700 3.716 3.732 3.732 3.763 3.772 3.748 3.724 3.720 3.725 3.729 3.734 3.739 3.743 3.748 3.750 3.738 3.726 3.713 3.714 3.682 3.656 3.630 3.605 3.579 3.554 3.543 3.538 3.533 3.527 3.522 3.516 3.509 3.497 3.486 3.486 3.462 3.440 3.412 3.385 3.358 3.330 3.303 3.276 3.249 3.229 3.216 3.202 3.188 2.636 3.162 2.636 2.636 3.124 3.111 2.676 3.086 3.073 3.062 2.627 3.044 2.507 3.025 3.016 2.578
3.529 3.544 3.559 3.574 3.605 3.640 3.674 3.703 3.697 3.713 3.729 3.744 3.760 3.776 3.792 3.791 3.823 3.818 3.793 3.769 3.745 3.747 3.752 3.757 3.761 3.766 3.770 3.765 3.753 3.741 3.729 3.729 3.705 3.682 3.656 3.630 3.605 3.584 3.578 3.573 3.567 3.562 3.556 3.551 3.546 3.536 3.524 3.525 3.498 3.471 3.443 3.416 3.388 3.361 3.334 3.307 3.279 3.253 3.239 3.225 3.212 3.199 2.676 3.161 3.161 3.148 3.136 3.123 3.111 2.607 3.086 3.077 2.597 2.597 3.049 3.040 2.658
