includes/lisflood/camargue/results_R3_t1.56174127354E12/res-0013.wd
ncols         906
nrows         631
xllcorner     362177.146667
yllcorner     6534725.688020
cellsize      20.000000
NODATA_value  -9999.000000
[rows 408 to 441 of 631, columns 616 to 692 of 906]
0.054 0.023 0.008 0.004 0.039 0.039 0.000 0.000 0.003 0.000 0.236 0.000 0.001 0.000 0.000 0.000 0.000 0.000 0.017 0.037 0.000 0.000 0.012 0.016 0.027 0.000 0.020 0.030 0.000 0.385 0.000 0.355 0.002 0.042 0.012 0.000 0.001 0.000 0.000 0.000 0.022 0.000 0.024 0.000 0.005 0.007 0.010 0.000 0.008 0.005 0.005 0.004 0.009 0.005 0.004 0.000 0.005 0.000 0.026 0.028 0.034 0.041 0.048 0.049 0.045 0.039 0.031 0.025 0.020 0.020 0.011 0.008 0.010 0.014 0.017 0.021 0.023
0.000 0.000 0.000 0.002 0.079 0.079 0.002 0.000 0.000 0.014 0.034 0.000 0.053 0.053 0.053 0.043 0.000 0.000 0.455 0.478 0.000 0.000 0.001 0.011 0.003 0.000 0.371 0.000 0.398 0.395 0.001 0.039 0.002 0.000 0.000 0.000 0.000 0.000 0.000 0.000 0.022 0.025 0.031 0.000 0.005 0.007 0.008 0.005 0.005 0.005 0.005 0.006 0.000 0.000 0.003 0.051 0.099 0.110 0.110 0.110 0.110 0.109 0.105 0.100 0.095 0.087 0.077 0.066 0.053 0.047 0.026 0.011 0.008 0.012 0.016 0.020 0.022
0.000 0.092 0.152 0.000 0.048 0.048 0.000 0.063 0.033 0.000 0.044 0.002 0.123 0.000 0.000 0.009 0.115 0.065 0.000 0.014 0.000 0.000 0.049 0.029 0.005 0.005 0.385 0.008 0.000 0.406 0.000 0.007 0.001 0.383 0.000 0.000 0.001 0.001 0.000 0.023 0.027 0.030 0.000 0.002 0.005 0.007 0.008 0.006 0.007 0.008 0.008 0.008 0.014 0.008 0.046 0.111 0.165 0.175 0.178 0.178 0.176 0.173 0.168 0.162 0.156 0.150 0.145 0.137 0.129 0.125 0.107 0.077 0.040 0.034 0.037 0.040 0.042
0.000 0.092 0.152 0.000 0.048 0.048 0.000 0.063 0.033 0.000 0.044 0.002 0.123 0.000 0.000 0.008 0.115 0.065 0.000 0.009 0.000 0.000 0.049 0.029 0.004 0.003 0.385 0.004 0.000 0.406 0.000 0.004 0.001 0.383 0.000 0.000 0.001 0.001 0.000 0.022 0.026 0.026 0.000 0.001 0.003 0.004 0.004 0.003 0.003 0.004 0.004 0.005 0.013 0.008 0.048 0.113 0.167 0.185 0.188 0.187 0.183 0.179 0.174 0.169 0.163 0.157 0.152 0.146 0.139 0.137 0.119 0.092 0.067 0.065 0.066 0.068 0.069
0.000 0.000 0.102 0.000 0.203 0.203 0.000 0.000 0.073 0.000 0.000 0.316 0.023 0.013 0.004 0.000 0.035 0.000 0.000 0.014 0.019 0.019 0.000 0.002 0.407 0.402 0.000 0.021 0.011 0.000 0.000 0.002 0.000 0.000 0.041 0.000 0.041 0.041 0.041 0.000 0.000 0.020 0.014 0.010 0.007 0.005 0.003 0.003 0.003 0.004 0.021 0.076 0.000 0.000 0.000 0.000 0.000 0.266 0.262 0.257 0.252 0.247 0.242 0.237 0.231 0.226 0.221 0.215 0.209 0.208 0.177 0.154 0.129 0.129 0.130 0.132 0.134
0.002 0.000 0.000 0.000 0.128 0.128 0.000 0.063 0.063 0.043 0.000 0.083 0.000 0.000 0.014 0.000 0.011 0.000 0.000 0.002 0.004 0.002 0.017 0.010 0.002 0.416 0.410 0.000 0.009 0.000 0.002 0.003 0.001 0.000 0.001 0.000 0.412 0.412 0.000 0.000 0.000 0.021 0.015 0.010 0.006 0.003 0.003 0.003 0.005 0.049 0.097 0.140 0.216 0.217 0.252 0.286 0.321 0.334 0.328 0.322 0.317 0.312 0.306 0.301 0.296 0.290 0.285 0.280 0.271 0.270 0.229 0.207 0.184 0.179 0.180 0.182 0.184
0.055 0.025 0.003 0.000 0.012 0.010 0.014 0.000 0.000 0.001 0.093 0.063 0.000 0.000 0.000 0.068 0.008 0.004 0.000 0.001 0.002 0.001 0.000 0.012 0.006 0.000 0.000 0.000 0.010 0.004 0.003 0.003 0.001 0.000 0.000 0.000 0.001 0.000 0.000 0.000 0.005 0.000 0.010 0.009 0.008 0.006 0.006 0.065 0.116 0.158 0.196 0.234 0.307 0.307 0.342 0.377 0.000 0.450 0.446 0.441 0.436 0.431 0.425 0.420 0.414 0.409 0.402 0.382 0.361 0.360 0.319 0.299 0.277 0.260 0.262 0.264 0.266
0.000 0.000 0.003 0.001 0.032 0.031 0.275 0.000 0.111 0.001 0.000 0.000 0.000 0.402 0.008 0.038 0.000 0.011 0.000 0.000 0.006 0.006 0.000 0.012 0.007 0.004 0.003 0.005 0.008 0.005 0.005 0.003 0.000 0.000 0.000 0.000 0.000 0.000 0.001 0.001 0.000 0.000 0.006 0.008 0.008 0.009 0.070 0.120 0.165 0.206 0.244 0.281 0.353 0.353 0.389 0.000 0.461 0.497 0.506 0.501 0.496 0.490 0.485 0.479 0.474 0.467 0.447 0.427 0.407 0.406 0.365 0.345 0.324 0.303 0.303 0.305 0.308
0.011 0.000 0.000 0.044 0.001 0.000 0.292 0.000 0.001 0.085 0.006 0.036 0.000 0.000 0.000 0.000 0.000 0.011 0.000 0.000 0.007 0.007 0.006 0.009 0.006 0.000 0.006 0.006 0.007 0.004 0.000 0.003 0.001 0.000 0.000 0.000 0.000 0.000 0.000 0.002 0.001 0.000 0.004 0.006 0.010 0.076 0.126 0.171 0.213 0.253 0.291 0.328 0.400 0.400 0.438 0.476 0.000 0.545 0.565 0.560 0.555 0.549 0.544 0.539 0.532 0.512 0.492 0.472 0.452 0.451 0.411 0.390 0.370 0.350 0.344 0.346 0.349
0.000 0.000 0.024 0.034 0.000 0.000 0.036 0.323 0.345 0.004 0.000 0.000 0.000 0.000 0.000 0.000 0.000 0.010 0.000 0.003 0.008 0.009 0.007 0.008 0.005 0.004 0.006 0.006 0.006 0.004 0.002 0.002 0.000 0.000 0.000 0.000 0.000 0.000 0.000 0.000 0.000 0.001 0.003 0.008 0.078 0.129 0.175 0.218 0.260 0.299 0.337 0.374 0.446 0.447 0.484 0.522 0.558 0.592 0.624 0.619 0.613 0.608 0.603 0.597 0.577 0.556 0.537 0.517 0.497 0.496 0.456 0.436 0.415 0.396 0.383 0.386 0.389
0.000 0.000 0.000 0.000 0.091 0.091 0.016 0.341 0.026 0.002 0.000 0.000 0.000 0.000 0.000 0.000 0.000 0.007 0.007 0.000 0.009 0.010 0.007 0.007 0.005 0.005 0.006 0.006 0.005 0.003 0.002 0.002 0.000 0.000 0.000 0.000 0.000 0.000 0.000 0.000 0.042 0.000 0.004 0.067 0.127 0.177 0.222 0.265 0.306 0.345 0.382 0.419 0.492 0.493 0.530 0.567 0.603 0.639 0.674 0.677 0.672 0.667 0.661 0.641 0.621 0.601 0.581 0.561 0.541 0.541 0.501 0.481 0.461 0.441 0.422 0.426 0.428
0.126 0.076 0.008 0.010 0.041 0.041 0.000 0.000 0.349 0.000 0.000 0.000 0.000 0.000 0.414 0.000 0.000 0.005 0.006 0.009 0.010 0.010 0.008 0.007 0.006 0.005 0.006 0.005 0.004 0.003 0.002 0.002 0.001 0.000 0.000 0.000 0.000 0.000 0.000 0.000 0.000 0.000 0.000 0.106 0.162 0.215 0.265 0.312 0.352 0.391 0.428 0.465 0.538 0.539 0.576 0.613 0.649 0.685 0.721 0.735 0.730 0.725 0.705 0.685 0.665 0.645 0.625 0.605 0.586 0.585 0.546 0.526 0.506 0.486 0.466 0.465 0.468
0.000 0.000 0.034 0.043 0.000 0.000 0.000 0.000 0.011 0.025 0.026 0.000 0.005 0.010 0.000 0.000 0.000 0.003 0.005 0.012 0.010 0.011 0.008 0.006 0.006 0.005 0.005 0.005 0.004 0.003 0.002 0.001 0.001 0.000 0.000 0.000 0.000 0.000 0.000 0.000 0.000 0.000 0.018 0.111 0.171 0.224 0.273 0.320 0.366 0.411 0.455 0.499 0.585 0.585 0.622 0.659 0.695 0.731 0.767 0.793 0.788 0.769 0.749 0.730 0.710 0.690 0.670 0.650 0.630 0.630 0.591 0.571 0.551 0.531 0.511 0.503 0.507
0.000 0.041 0.000 0.000 0.000 0.000 0.000 0.000 0.012 0.000 0.025 0.025 0.025 0.026 0.025 0.000 0.000 0.002 0.004 0.017 0.012 0.012 0.008 0.006 0.006 0.005 0.005 0.004 0.003 0.002 0.002 0.001 0.000 0.000 0.000 0.000 0.000 0.000 0.000 0.000 0.000 0.000 0.031 0.118 0.177 0.230 0.279 0.326 0.372 0.417 0.461 0.505 0.591 0.592 0.635 0.678 0.720 0.763 0.806 0.848 0.832 0.813 0.793 0.773 0.754 0.734 0.714 0.694 0.675 0.675 0.635 0.616 0.596 0.576 0.556 0.542 0.546
0.042 0.000 0.011 0.000 0.051 0.051 0.000 0.000 0.335 0.357 0.000 0.000 0.000 0.000 0.017 0.018 0.000 0.001 0.005 0.027 0.016 0.015 0.009 0.007 0.006 0.005 0.005 0.004 0.003 0.002 0.002 0.001 0.000 0.000 0.000 0.000 0.000 0.000 0.000 0.000 0.000 0.001 0.047 0.126 0.184 0.237 0.286 0.332 0.378 0.423 0.467 0.511 0.598 0.598 0.641 0.684 0.727 0.769 0.812 0.836 0.837 0.827 0.817 0.807 0.797 0.778 0.758 0.739 0.719 0.719 0.680 0.661 0.641 0.621 0.602 0.582 0.585
0.000 0.021 0.000 0.000 0.000 0.000 0.000 0.330 0.352 0.374 0.011 0.009 0.000 0.000 0.012 0.014 0.010 0.008 0.010 0.000 0.015 0.015 0.010 0.007 0.005 0.005 0.004 0.004 0.003 0.002 0.001 0.001 0.000 0.000 0.000 0.000 0.000 0.000 0.000 0.000 0.000 0.005 0.067 0.137 0.193 0.244 0.293 0.339 0.384 0.429 0.474 0.518 0.604 0.605 0.648 0.691 0.733 0.776 0.809 0.822 0.833 0.823 0.814 0.803 0.793 0.783 0.773 0.763 0.753 0.754 0.725 0.705 0.686 0.666 0.647 0.627 0.624
0.000 0.000 0.061 0.000 0.000 0.000 0.000 0.000 0.002 0.004 0.000 0.002 0.003 0.002 0.008 0.011 0.011 0.010 0.011 0.018 0.013 0.014 0.010 0.007 0.005 0.005 0.004 0.004 0.003 0.002 0.001 0.000 0.000 0.000 0.000 0.000 0.000 0.000 0.000 0.000 0.003 0.051 0.094 0.146 0.202 0.252 0.300 0.346 0.392 0.436 0.481 0.524 0.610 0.611 0.654 0.697 0.740 0.781 0.795 0.809 0.823 0.820 0.810 0.800 0.790 0.780 0.770 0.760 0.751 0.751 0.731 0.721 0.711 0.702 0.692 0.673 0.664
0.000 0.000 0.031 0.000 0.000 0.000 0.000 0.000 0.000 0.007 0.005 0.005 0.004 0.003 0.006 0.009 0.010 0.010 0.013 0.023 0.015 0.016 0.011 0.008 0.006 0.005 0.004 0.003 0.003 0.002 0.001 0.000 0.000 0.000 0.000 0.000 0.000 0.000 0.001 0.012 0.062 0.098 0.130 0.157 0.210 0.260 0.307 0.354 0.399 0.443 0.487 0.531 0.617 0.617 0.660 0.703 0.746 0.768 0.782 0.796 0.810 0.817 0.807 0.797 0.787 0.777 0.767 0.757 0.748 0.749 0.729 0.719 0.709 0.700 0.690 0.680 0.697
0.000 0.000 0.000 0.293 0.001 0.001 0.000 0.000 0.000 0.005 0.006 0.007 0.007 0.007 0.008 0.010 0.012 0.013 0.019 0.029 0.022 0.022 0.017 0.013 0.010 0.008 0.006 0.005 0.004 0.003 0.002 0.001 0.001 0.001 0.001 0.001 0.003 0.007 0.039 0.080 0.109 0.137 0.162 0.184 0.219 0.267 0.315 0.361 0.406 0.450 0.494 0.538 0.624 0.624 0.667 0.710 0.741 0.755 0.769 0.783 0.797 0.811 0.804 0.794 0.784 0.774 0.765 0.755 0.745 0.746 0.726 0.717 0.707 0.698 0.688 0.704 0.730
0.000 0.000 0.000 0.293 0.000 0.000 0.000 0.000 0.000 0.002 0.003 0.004 0.004 0.004 0.004 0.006 0.007 0.008 0.013 0.023 0.017 0.017 0.013 0.009 0.006 0.004 0.004 0.003 0.002 0.001 0.001 0.001 0.001 0.001 0.002 0.007 0.033 0.045 0.073 0.101 0.124 0.148 0.170 0.190 0.223 0.271 0.317 0.363 0.408 0.452 0.496 0.539 0.625 0.626 0.669 0.712 0.743 0.757 0.771 0.785 0.799 0.813 0.806 0.796 0.787 0.777 0.767 0.758 0.748 0.749 0.729 0.720 0.710 0.701 0.692 0.708 0.734
0.000 0.000 0.370 0.000 0.001 0.000 0.000 0.000 0.000 0.001 0.002 0.003 0.003 0.004 0.004 0.005 0.006 0.007 0.014 0.023 0.018 0.018 0.014 0.010 0.006 0.005 0.004 0.003 0.003 0.003 0.005 0.009 0.017 0.029 0.045 0.062 0.092 0.101 0.123 0.144 0.163 0.183 0.202 0.220 0.237 0.280 0.326 0.370 0.415 0.459 0.503 0.547 0.632 0.633 0.676 0.716 0.730 0.744 0.758 0.772 0.786 0.800 0.803 0.794 0.784 0.774 0.765 0.755 0.746 0.747 0.727 0.718 0.709 0.700 0.710 0.736 0.762
0.000 0.000 0.000 0.000 0.001 0.000 0.000 0.000 0.000 0.000 0.002 0.002 0.003 0.003 0.003 0.004 0.005 0.008 0.030 0.039 0.036 0.038 0.038 0.036 0.035 0.035 0.037 0.041 0.047 0.054 0.063 0.072 0.079 0.085 0.093 0.102 0.135 0.142 0.161 0.180 0.197 0.215 0.232 0.249 0.265 0.289 0.334 0.379 0.423 0.467 0.510 0.554 0.640 0.640 0.683 0.703 0.717 0.731 0.746 0.760 0.774 0.787 0.801 0.791 0.782 0.772 0.763 0.753 0.744 0.745 0.725 0.716 0.707 0.711 0.738 0.764 0.790
0.000 0.001 0.001 0.000 0.001 0.000 0.000 0.000 0.000 0.001 0.001 0.002 0.003 0.003 0.004 0.006 0.031 0.078 0.105 0.106 0.105 0.108 0.110 0.112 0.114 0.116 0.117 0.119 0.121 0.124 0.128 0.133 0.138 0.142 0.147 0.162 0.195 0.200 0.218 0.235 0.252 0.268 0.284 0.300 0.315 0.330 0.348 0.392 0.436 0.480 0.523 0.566 0.647 0.648 0.662 0.676 0.690 0.704 0.718 0.732 0.746 0.760 0.774 0.784 0.775 0.765 0.756 0.746 0.737 0.738 0.719 0.710 0.737 0.763 0.789 0.815 0.841
0.001 0.001 0.000 0.001 0.001 0.000 0.000 0.000 0.000 0.000 0.001 0.002 0.002 0.003 0.014 0.059 0.093 0.122 0.143 0.144 0.143 0.146 0.147 0.149 0.151 0.154 0.156 0.157 0.158 0.160 0.162 0.165 0.168 0.172 0.175 0.194 0.226 0.230 0.247 0.264 0.280 0.296 0.312 0.327 0.341 0.356 0.370 0.400 0.444 0.488 0.531 0.574 0.635 0.636 0.650 0.664 0.678 0.692 0.706 0.720 0.734 0.748 0.762 0.777 0.773 0.763 0.754 0.745 0.736 0.737 0.718 0.738 0.764 0.791 0.817 0.843 0.868
0.001 0.001 0.000 0.000 0.001 0.000 0.000 0.000 0.000 0.000 0.001 0.001 0.003 0.032 0.079 0.109 0.138 0.164 0.179 0.179 0.177 0.180 0.181 0.182 0.183 0.185 0.188 0.190 0.191 0.192 0.193 0.195 0.197 0.200 0.206 0.225 0.256 0.260 0.276 0.293 0.308 0.324 0.339 0.354 0.368 0.382 0.397 0.410 0.452 0.496 0.539 0.582 0.623 0.623 0.638 0.652 0.666 0.680 0.694 0.708 0.722 0.736 0.751 0.765 0.771 0.762 0.752 0.743 0.734 0.735 0.740 0.766 0.792 0.818 0.844 0.870 0.895
0.001 0.001 0.001 0.000 0.001 0.000 0.000 0.000 0.000 0.000 0.000 0.007 0.054 0.091 0.124 0.150 0.177 0.201 0.212 0.212 0.209 0.211 0.212 0.212 0.213 0.215 0.217 0.219 0.221 0.221 0.222 0.223 0.224 0.226 0.237 0.255 0.285 0.289 0.305 0.321 0.336 0.351 0.366 0.381 0.395 0.409 0.423 0.437 0.460 0.504 0.547 0.584 0.611 0.612 0.626 0.640 0.654 0.668 0.682 0.696 0.711 0.725 0.739 0.754 0.768 0.760 0.751 0.741 0.732 0.734 0.767 0.793 0.819 0.845 0.871 0.896 0.922
0.001 0.001 0.001 0.000 0.001 0.000 0.000 0.000 0.000 0.001 0.019 0.071 0.103 0.134 0.161 0.186 0.212 0.236 0.241 0.241 0.239 0.240 0.240 0.241 0.241 0.242 0.244 0.245 0.248 0.249 0.249 0.250 0.250 0.251 0.268 0.285 0.314 0.317 0.333 0.348 0.364 0.378 0.393 0.407 0.422 0.436 0.449 0.463 0.476 0.512 0.556 0.572 0.600 0.600 0.614 0.628 0.643 0.657 0.671 0.685 0.699 0.714 0.728 0.742 0.756 0.758 0.749 0.740 0.742 0.743 0.794 0.820 0.846 0.872 0.897 0.923 0.949
0.001 0.001 0.001 0.000 0.001 0.000 0.000 0.000 0.005 0.040 0.082 0.114 0.142 0.170 0.195 0.219 0.244 0.268 0.269 0.269 0.266 0.268 0.267 0.268 0.268 0.268 0.269 0.271 0.272 0.274 0.275 0.275 0.276 0.280 0.297 0.314 0.343 0.346 0.361 0.376 0.391 0.405 0.420 0.434 0.448 0.462 0.476 0.490 0.503 0.522 0.547 0.561 0.589 0.590 0.604 0.618 0.632 0.646 0.660 0.674 0.688 0.702 0.717 0.731 0.745 0.757 0.747 0.743 0.769 0.770 0.821 0.847 0.873 0.898 0.924 0.949 0.975
0.001 0.001 0.001 0.001 0.002 0.003 0.013 0.033 0.063 0.093 0.124 0.150 0.176 0.202 0.226 0.250 0.274 0.297 0.295 0.294 0.292 0.293 0.293 0.293 0.293 0.293 0.294 0.295 0.296 0.297 0.299 0.300 0.300 0.310 0.326 0.343 0.371 0.373 0.388 0.403 0.418 0.432 0.447 0.461 0.475 0.490 0.505 0.519 0.534 0.553 0.573 0.582 0.599 0.600 0.609 0.618 0.627 0.636 0.649 0.663 0.677 0.692 0.706 0.720 0.734 0.748 0.746 0.771 0.796 0.797 0.848 0.874 0.899 0.925 0.950 0.976 1.001
0.001 0.002 0.006 0.022 0.063 0.074 0.092 0.105 0.121 0.133 0.158 0.183 0.207 0.232 0.256 0.279 0.303 0.321 0.320 0.319 0.316 0.317 0.317 0.317 0.317 0.317 0.317 0.318 0.319 0.320 0.321 0.323 0.324 0.339 0.355 0.371 0.401 0.403 0.419 0.435 0.450 0.466 0.481 0.496 0.511 0.526 0.542 0.556 0.571 0.599 0.635 0.644 0.662 0.662 0.671 0.680 0.689 0.698 0.707 0.716 0.725 0.734 0.743 0.752 0.761 0.770 0.768 0.795 0.822 0.823 0.874 0.900 0.925 0.951 0.976 1.002 1.027
0.027 0.056 0.082 0.097 0.124 0.130 0.144 0.157 0.170 0.182 0.194 0.213 0.236 0.260 0.284 0.307 0.330 0.345 0.343 0.342 0.339 0.341 0.340 0.340 0.340 0.340 0.340 0.340 0.341 0.342 0.343 0.348 0.356 0.375 0.392 0.408 0.439 0.440 0.456 0.472 0.487 0.503 0.518 0.533 0.548 0.563 0.578 0.593 0.609 0.646 0.682 0.706 0.723 0.724 0.733 0.742 0.751 0.760 0.769 0.778 0.787 0.796 0.804 0.813 0.822 0.819 0.795 0.812 0.839 0.839 0.892 0.919 0.946 0.972 0.999 1.026 1.053
0.102 0.119 0.135 0.149 0.174 0.177 0.190 0.203 0.215 0.227 0.238 0.249 0.264 0.287 0.310 0.333 0.357 0.367 0.366 0.364 0.361 0.363 0.362 0.362 0.362 0.362 0.362 0.363 0.367 0.371 0.375 0.379 0.392 0.413 0.430 0.446 0.476 0.478 0.493 0.509 0.524 0.539 0.554 0.570 0.585 0.600 0.614 0.629 0.655 0.692 0.728 0.764 0.785 0.785 0.794 0.803 0.812 0.821 0.830 0.839 0.848 0.856 0.865 0.874 0.882 0.858 0.834 0.829 0.855 0.856 0.909 0.935 0.962 0.988 1.015 1.042 1.069
0.154 0.168 0.182 0.195 0.218 0.221 0.233 0.246 0.257 0.269 0.280 0.291 0.302 0.313 0.336 0.359 0.382 0.389 0.387 0.386 0.383 0.384 0.384 0.383 0.385 0.389 0.392 0.395 0.399 0.402 0.406 0.410 0.427 0.447 0.467 0.483 0.513 0.514 0.530 0.545 0.560 0.576 0.591 0.606 0.621 0.636 0.650 0.665 0.701 0.737 0.773 0.809 0.845 0.846 0.855 0.864 0.873 0.881 0.890 0.899 0.908 0.917 0.926 0.935 0.921 0.897 0.873 0.849 0.871 0.872 0.924 0.951 0.978 1.004 1.031 1.058 1.084
0.200 0.212 0.224 0.237 0.261 0.263 0.275 0.287 0.298 0.310 0.321 0.332 0.343 0.354 0.365 0.384 0.407 0.409 0.408 0.407 0.407 0.409 0.411 0.414 0.417 0.420 0.423 0.426 0.429 0.433 0.436 0.442 0.462 0.482 0.501 0.520 0.549 0.551 0.566 0.581 0.596 0.612 0.627 0.641 0.656 0.671 0.686 0.710 0.747 0.783 0.819 0.855 0.906 0.906 0.915 0.924 0.933 0.942 0.951 0.960 0.968 0.977 0.986 0.983 0.959 0.935 0.911 0.887 0.887 0.887 0.940 0.967 0.993 1.020 1.047 1.073 1.100
