includes/lisflood/camargue/results_R3_t1.56174127354E12/res-0006.wd
ncols         906
nrows         631
xllcorner     362177.146667
yllcorner     6534725.688020
cellsize      20.000000
NODATA_value  -9999.000000
[rows 578 to 611 of 631, columns 462 to 538 of 906]
6.108 6.149 6.189 6.229 6.265 6.284 6.302 6.321 6.340 6.366 6.431 6.497 6.563 6.695 6.695 6.761 6.827 6.893 6.898 6.874 6.849 6.825 6.800 6.776 6.752 6.727 6.703 6.699 6.725 6.780 6.780 6.825 6.871 6.916 6.963 7.010 7.057 7.104 7.151 7.198 7.245 7.292 7.339 7.387 7.438 7.540 7.540 7.591 7.643 7.694 7.745 7.796 7.820 7.833 7.845 7.857 7.881 7.932 7.983 8.034 8.086 8.157 8.157 8.182 8.206 8.231 8.256 8.280 8.305 8.329 8.342 8.353 8.365 8.376 8.388 8.399 8.411
6.232 6.260 6.301 6.341 6.376 6.394 6.413 6.431 6.487 6.553 6.618 6.684 6.750 6.882 6.882 6.948 7.014 7.080 7.087 7.063 7.038 7.014 6.990 6.965 6.941 6.917 6.892 6.868 6.844 6.877 6.877 6.922 6.969 7.016 7.063 7.110 7.157 7.204 7.251 7.298 7.345 7.392 7.439 7.487 7.538 7.640 7.640 7.691 7.743 7.794 7.845 7.896 7.947 7.994 8.007 8.019 8.045 8.096 8.147 8.195 8.219 8.268 8.268 8.293 8.318 8.342 8.367 8.391 8.416 8.440 8.452 8.463 8.475 8.486 8.498 8.509 8.521
6.361 6.387 6.413 6.453 6.486 6.505 6.542 6.608 6.674 6.740 6.805 6.871 6.937 7.069 7.069 7.135 7.201 7.267 7.276 7.252 7.228 7.203 7.179 7.155 7.130 7.106 7.082 7.057 7.033 6.972 6.972 7.022 7.069 7.116 7.163 7.210 7.257 7.304 7.351 7.398 7.444 7.491 7.538 7.587 7.638 7.740 7.740 7.791 7.843 7.894 7.945 7.996 8.047 8.098 8.149 8.181 8.209 8.257 8.281 8.306 8.330 8.379 8.380 8.404 8.429 8.453 8.478 8.502 8.527 8.550 8.562 8.573 8.585 8.596 8.608 8.619 8.631
6.490 6.516 6.542 6.569 6.597 6.663 6.729 6.795 6.861 6.927 6.992 7.058 7.124 7.256 7.256 7.322 7.388 7.454 7.466 7.441 7.417 7.393 7.368 7.344 7.320 7.295 7.271 7.247 7.201 7.047 7.047 7.109 7.169 7.216 7.263 7.310 7.357 7.404 7.450 7.497 7.544 7.591 7.638 7.687 7.738 7.840 7.840 7.892 7.943 7.994 8.045 8.096 8.147 8.198 8.249 8.295 8.340 8.368 8.392 8.417 8.442 8.491 8.491 8.515 8.540 8.564 8.589 8.613 8.638 8.660 8.672 8.683 8.695 8.706 8.718 8.729 8.740
6.619 6.668 6.723 6.778 6.754 6.839 6.916 6.981 7.048 7.113 7.179 7.245 7.311 7.443 7.443 7.509 7.575 7.641 7.655 7.631 7.606 7.582 7.557 7.533 7.509 7.484 7.453 7.361 7.269 7.123 7.123 7.185 7.247 7.309 7.363 7.410 7.456 7.503 7.550 7.597 7.644 7.691 7.738 7.787 7.838 7.940 7.941 7.992 8.043 8.094 8.145 8.196 8.247 8.293 8.307 8.321 8.372 8.450 8.504 8.528 8.553 8.602 8.602 8.626 8.651 8.676 8.700 8.725 8.749 8.770 8.782 8.793 8.805 8.816 8.828 8.839 8.850
6.871 6.926 6.981 7.004 6.935 6.977 7.062 7.147 7.233 7.300 7.366 7.432 7.498 7.630 7.630 7.696 7.762 7.828 7.844 7.820 7.795 7.771 7.747 7.722 7.698 7.614 7.521 7.429 7.337 7.198 7.198 7.260 7.322 7.385 7.447 7.509 7.556 7.603 7.650 7.697 7.744 7.791 7.838 7.888 7.939 8.040 8.041 8.092 8.143 8.194 8.245 8.290 8.305 8.319 8.333 8.348 8.404 8.482 8.560 8.638 8.664 8.713 8.713 8.738 8.762 8.787 8.811 8.836 8.860 8.880 8.892 8.903 8.915 8.926 8.938 8.949 8.960
7.129 7.184 7.239 7.202 7.132 7.114 7.199 7.285 7.370 7.455 7.541 7.619 7.685 7.817 7.817 7.883 7.949 8.015 8.033 8.009 7.985 7.960 7.936 7.867 7.774 7.682 7.590 7.497 7.405 7.274 7.274 7.336 7.398 7.460 7.522 7.584 7.646 7.703 7.750 7.797 7.844 7.891 7.938 7.988 8.039 8.141 8.141 8.192 8.243 8.288 8.302 8.317 8.331 8.345 8.359 8.374 8.436 8.514 8.592 8.670 8.748 8.824 8.824 8.849 8.873 8.898 8.922 8.947 8.972 8.990 9.002 9.013 9.025 9.036 9.048 9.059 9.070
7.387 7.443 7.469 7.399 7.330 7.261 7.337 7.422 7.507 7.593 7.678 7.763 7.849 8.004 8.004 8.070 8.136 8.202 8.223 8.198 8.174 8.120 8.027 7.935 7.842 7.750 7.658 7.565 7.473 7.349 7.349 7.411 7.473 7.535 7.598 7.660 7.722 7.784 7.846 7.897 7.944 7.991 8.038 8.088 8.139 8.241 8.241 8.285 8.300 8.314 8.328 8.343 8.357 8.371 8.385 8.400 8.468 8.546 8.624 8.702 8.780 8.935 8.935 8.960 8.985 9.009 9.034 9.058 9.083 9.100 9.112 9.123 9.135 9.146 9.157 9.169 9.180
7.646 7.701 7.666 7.597 7.528 7.458 7.474 7.559 7.645 7.730 7.815 7.901 7.986 8.156 8.157 8.242 8.323 8.389 8.412 8.373 8.280 8.188 8.095 8.003 7.911 7.818 7.726 7.633 7.541 7.425 7.425 7.487 7.549 7.611 7.673 7.735 7.797 7.859 7.921 7.983 8.043 8.090 8.137 8.188 8.239 8.297 8.297 8.312 8.326 8.340 8.355 8.369 8.383 8.397 8.412 8.426 8.500 8.578 8.656 8.734 8.812 8.967 8.967 9.045 9.096 9.120 9.145 9.169 9.194 9.210 9.222 9.233 9.245 9.256 9.267 9.269 9.247
7.904 7.934 7.864 7.795 7.726 7.656 7.611 7.696 7.782 7.867 7.953 8.038 8.123 8.294 8.294 8.379 8.464 8.550 8.528 8.441 8.348 8.256 8.163 8.071 7.979 7.886 7.794 7.701 7.609 7.500 7.500 7.562 7.624 7.686 7.748 7.811 7.873 7.935 7.997 8.059 8.121 8.183 8.237 8.281 8.295 8.323 8.324 8.338 8.352 8.366 8.381 8.395 8.409 8.423 8.438 8.454 8.532 8.610 8.688 8.766 8.844 8.999 8.999 9.077 9.155 9.231 9.256 9.280 9.305 9.320 9.332 9.343 9.355 9.352 9.329 9.307 9.284
7.904 7.933 7.864 7.795 7.725 7.656 7.611 7.696 7.782 7.867 7.952 8.038 8.123 8.293 8.294 8.379 8.464 8.550 8.528 8.440 8.348 8.256 8.163 8.071 7.978 7.886 7.794 7.701 7.609 7.500 7.500 7.562 7.624 7.686 7.748 7.810 7.872 7.934 7.996 8.058 8.121 8.183 8.237 8.280 8.295 8.323 8.323 8.338 8.352 8.366 8.380 8.395 8.409 8.423 8.437 8.454 8.532 8.610 8.687 8.765 8.843 8.999 8.999 9.077 9.154 9.231 9.256 9.280 9.305 9.320 9.331 9.343 9.354 9.352 9.329 9.307 9.284
8.162 8.131 8.062 7.992 7.923 7.854 7.784 7.834 7.919 8.004 8.090 8.175 8.260 8.431 8.431 8.516 8.541 8.464 8.428 8.437 8.416 8.324 8.231 8.139 8.046 7.954 7.862 7.769 7.677 7.575 7.576 7.638 7.700 7.762 7.824 7.886 7.948 8.010 8.072 8.134 8.196 8.247 8.260 8.306 8.321 8.349 8.349 8.364 8.378 8.392 8.406 8.421 8.435 8.449 8.463 8.486 8.564 8.642 8.719 8.797 8.875 9.031 9.031 9.108 9.186 9.264 9.342 9.391 9.416 9.430 9.441 9.434 9.412 9.389 9.367 9.344 9.321
8.398 8.329 8.260 8.190 8.121 8.052 7.982 7.971 8.056 8.142 8.227 8.312 8.398 8.568 8.568 8.517 8.439 8.362 8.329 8.337 8.346 8.354 8.299 8.207 8.114 8.022 7.930 7.837 7.745 7.651 7.651 7.713 7.775 7.837 7.899 7.961 8.023 8.085 8.147 8.197 8.210 8.223 8.239 8.285 8.331 8.375 8.375 8.390 8.404 8.418 8.433 8.447 8.461 8.475 8.490 8.518 8.596 8.673 8.751 8.829 8.907 9.062 9.063 9.140 9.218 9.296 9.374 9.452 9.527 9.517 9.494 9.472 9.449 9.427 9.404 9.382 9.359
8.794 8.725 8.655 8.586 8.517 8.447 8.378 8.309 8.331 8.416 8.502 8.587 8.547 8.391 8.391 8.313 8.236 8.158 8.130 8.138 8.147 8.155 8.164 8.172 8.181 8.158 8.066 7.973 7.881 7.802 7.802 7.864 7.926 7.988 8.050 8.097 8.110 8.123 8.136 8.148 8.161 8.174 8.196 8.243 8.289 8.381 8.381 8.428 8.457 8.471 8.485 8.499 8.514 8.528 8.542 8.582 8.660 8.738 8.816 8.893 8.971 9.127 9.127 9.205 9.282 9.318 9.355 9.391 9.428 9.474 9.519 9.547 9.525 9.502 9.480 9.457 9.434
8.992 8.923 8.853 8.784 8.715 8.645 8.576 8.506 8.468 8.554 8.601 8.523 8.445 8.289 8.289 8.212 8.134 8.056 8.030 8.039 8.047 8.056 8.064 8.073 8.081 8.090 8.098 8.041 7.949 7.877 7.878 7.940 8.002 8.046 8.059 8.072 8.085 8.098 8.111 8.124 8.137 8.150 8.175 8.221 8.268 8.360 8.360 8.406 8.453 8.497 8.511 8.525 8.540 8.554 8.568 8.614 8.692 8.769 8.847 8.925 9.003 9.152 9.152 9.188 9.224 9.260 9.296 9.333 9.371 9.417 9.462 9.507 9.553 9.540 9.517 9.495 9.472
9.190 9.120 9.051 8.982 8.912 8.843 8.774 8.704 8.635 8.577 8.499 8.421 8.343 8.187 8.187 8.110 8.032 7.954 7.931 7.939 7.948 7.956 7.965 7.973 7.982 7.990 7.999 8.007 8.016 7.953 7.953 7.996 8.009 8.022 8.035 8.048 8.061 8.074 8.087 8.100 8.113 8.125 8.154 8.200 8.246 8.339 8.339 8.385 8.431 8.478 8.524 8.551 8.566 8.580 8.594 8.646 8.724 8.801 8.879 8.957 9.021 9.093 9.094 9.130 9.166 9.202 9.238 9.274 9.314 9.359 9.405 9.450 9.496 9.541 9.555 9.532 9.509
9.388 9.269 9.150 9.030 8.911 8.792 8.673 8.554 8.439 8.435 8.397 8.319 8.241 8.085 8.085 8.008 7.930 7.852 7.831 7.840 7.848 7.857 7.865 7.874 7.882 7.891 7.899 7.907 7.916 7.959 7.959 7.972 7.985 7.998 8.011 8.024 8.037 8.049 8.062 8.075 8.088 8.101 8.133 8.179 8.225 8.317 8.318 8.364 8.410 8.456 8.503 8.549 8.592 8.606 8.620 8.678 8.756 8.833 8.891 8.927 8.963 9.035 9.036 9.072 9.108 9.144 9.180 9.216 9.257 9.302 9.348 9.393 9.439 9.484 9.529 9.570 9.547
9.152 9.033 8.914 8.794 8.675 8.556 8.437 8.318 8.233 8.229 8.224 8.217 8.139 7.983 7.984 7.906 7.828 7.750 7.731 7.740 7.749 7.757 7.766 7.774 7.782 7.791 7.799 7.822 7.857 7.919 7.919 7.947 7.960 7.973 7.986 7.999 8.012 8.025 8.038 8.051 8.064 8.077 8.111 8.158 8.204 8.296 8.296 8.343 8.389 8.435 8.481 8.528 8.574 8.620 8.646 8.710 8.760 8.797 8.833 8.869 8.905 8.977 8.977 9.014 9.050 9.086 9.122 9.158 9.200 9.245 9.291 9.336 9.381 9.427 9.472 9.517 9.563
8.916 8.797 8.678 8.559 8.439 8.320 8.201 8.082 8.026 8.022 8.018 8.014 8.010 7.882 7.882 7.804 7.726 7.648 7.632 7.640 7.649 7.658 7.666 7.674 7.683 7.708 7.743 7.777 7.812 7.874 7.874 7.901 7.929 7.949 7.962 7.975 7.988 8.001 8.014 8.027 8.039 8.052 8.090 8.136 8.183 8.275 8.275 8.321 8.368 8.414 8.460 8.506 8.552 8.599 8.626 8.666 8.702 8.738 8.775 8.811 8.847 8.919 8.919 8.955 8.992 9.028 9.064 9.100 9.143 9.188 9.234 9.279 9.324 9.370 9.415 9.460 9.506
8.680 8.561 8.442 8.323 8.203 8.084 7.965 7.846 7.820 7.816 7.812 7.808 7.804 7.780 7.780 7.702 7.624 7.546 7.532 7.541 7.549 7.558 7.566 7.594 7.629 7.664 7.698 7.733 7.768 7.828 7.828 7.856 7.883 7.911 7.938 7.951 7.963 7.976 7.989 8.002 8.015 8.028 8.069 8.115 8.161 8.254 8.254 8.300 8.346 8.392 8.439 8.484 8.508 8.531 8.554 8.599 8.643 8.680 8.716 8.753 8.789 8.861 8.861 8.897 8.933 8.970 9.006 9.042 9.086 9.131 9.177 9.222 9.267 9.312 9.358 9.403 9.449
8.411 8.325 8.206 8.087 7.967 7.848 7.729 7.618 7.614 7.610 7.606 7.602 7.598 7.590 7.590 7.586 7.522 7.444 7.433 7.441 7.450 7.480 7.515 7.550 7.584 7.619 7.654 7.688 7.723 7.783 7.783 7.811 7.838 7.865 7.893 7.920 7.939 7.952 7.965 7.978 7.991 8.004 8.048 8.094 8.140 8.233 8.233 8.279 8.325 8.366 8.389 8.413 8.436 8.459 8.485 8.529 8.573 8.618 8.658 8.695 8.731 8.803 8.803 8.839 8.875 8.911 8.948 8.984 9.029 9.074 9.119 9.165 9.210 9.255 9.301 9.346 9.392
8.119 8.063 7.970 7.851 7.732 7.612 7.493 7.412 7.408 7.404 7.400 7.396 7.392 7.384 7.384 7.380 7.376 7.342 7.333 7.366 7.401 7.436 7.470 7.505 7.540 7.574 7.609 7.644 7.678 7.738 7.738 7.765 7.793 7.820 7.848 7.875 7.902 7.928 7.941 7.953 7.966 7.980 8.027 8.073 8.119 8.211 8.211 8.248 8.271 8.294 8.318 8.341 8.364 8.388 8.416 8.460 8.504 8.548 8.593 8.636 8.673 8.745 8.745 8.781 8.817 8.853 8.889 8.926 8.972 9.017 9.062 9.108 9.153 9.198 9.244 9.289 9.334
7.827 7.771 7.716 7.615 7.496 7.376 7.257 7.206 7.202 7.198 7.194 7.190 7.186 7.177 7.177 7.173 7.201 7.268 7.287 7.322 7.356 7.391 7.426 7.460 7.495 7.530 7.564 7.599 7.634 7.692 7.692 7.720 7.747 7.775 7.802 7.830 7.857 7.884 7.912 7.929 7.942 7.959 8.005 8.052 8.098 8.153 8.153 8.176 8.199 8.223 8.246 8.269 8.293 8.316 8.347 8.391 8.435 8.479 8.523 8.567 8.611 8.687 8.687 8.723 8.759 8.795 8.831 8.869 8.915 8.960 9.005 9.051 9.096 9.141 9.187 9.232 9.277
7.534 7.479 7.423 7.368 7.260 7.141 7.021 7.000 6.996 6.992 6.987 6.984 6.979 7.060 7.060 7.127 7.194 7.256 7.270 7.284 7.312 7.347 7.381 7.416 7.451 7.485 7.520 7.555 7.589 7.647 7.647 7.675 7.702 7.729 7.757 7.784 7.812 7.839 7.866 7.894 7.918 7.938 7.984 8.011 8.035 8.081 8.081 8.105 8.128 8.151 8.174 8.198 8.221 8.244 8.278 8.322 8.366 8.410 8.454 8.498 8.542 8.628 8.629 8.665 8.701 8.737 8.773 8.812 8.858 8.903 8.948 8.994 9.039 9.084 9.134 9.203 9.271
7.242 7.186 7.131 7.075 7.020 6.905 6.798 6.793 6.789 6.785 6.785 6.852 6.919 7.053 7.053 7.120 7.187 7.240 7.254 7.267 7.281 7.302 7.337 7.371 7.406 7.441 7.475 7.510 7.545 7.601 7.602 7.629 7.657 7.684 7.711 7.739 7.766 7.794 7.821 7.848 7.876 7.897 7.917 7.940 7.963 8.010 8.010 8.033 8.056 8.080 8.103 8.126 8.149 8.173 8.209 8.253 8.297 8.341 8.385 8.429 8.473 8.561 8.561 8.605 8.643 8.679 8.715 8.755 8.801 8.846 8.891 8.937 8.994 9.062 9.131 9.200 9.268
6.949 6.894 6.838 6.783 6.727 6.669 6.591 6.587 6.644 6.711 6.778 6.845 6.912 7.046 7.046 7.113 7.180 7.224 7.237 7.251 7.265 7.278 7.292 7.327 7.361 7.396 7.431 7.465 7.500 7.556 7.556 7.584 7.611 7.638 7.666 7.693 7.721 7.748 7.777 7.808 7.839 7.856 7.857 7.868 7.892 7.938 7.938 7.961 7.985 8.008 8.031 8.055 8.078 8.101 8.140 8.184 8.228 8.272 8.316 8.360 8.404 8.492 8.492 8.536 8.580 8.621 8.657 8.698 8.743 8.789 8.853 8.922 8.991 9.059 9.128 9.197 9.265
6.949 6.894 6.838 6.783 6.727 6.669 6.591 6.587 6.644 6.711 6.778 6.845 6.912 7.046 7.046 7.113 7.180 7.224 7.237 7.251 7.264 7.278 7.292 7.326 7.361 7.396 7.430 7.465 7.500 7.556 7.556 7.583 7.611 7.638 7.666 7.693 7.720 7.748 7.777 7.807 7.838 7.855 7.856 7.868 7.891 7.938 7.938 7.961 7.984 8.008 8.031 8.054 8.077 8.101 8.140 8.184 8.228 8.272 8.316 8.360 8.404 8.492 8.492 8.536 8.580 8.620 8.656 8.698 8.743 8.788 8.853 8.922 8.990 9.059 9.128 9.196 9.265
6.657 6.601 6.546 6.490 6.449 6.456 6.503 6.570 6.637 6.704 6.771 6.838 6.905 7.039 7.039 7.106 7.173 7.207 7.221 7.235 7.248 7.262 7.275 7.289 7.317 7.351 7.386 7.420 7.455 7.510 7.510 7.538 7.565 7.593 7.620 7.648 7.677 7.708 7.739 7.770 7.801 7.814 7.815 7.816 7.820 7.866 7.866 7.889 7.913 7.936 7.959 7.983 8.006 8.029 8.070 8.114 8.159 8.203 8.247 8.291 8.335 8.423 8.423 8.467 8.511 8.555 8.598 8.644 8.713 8.781 8.850 8.919 8.987 9.056 9.125 9.193 9.262
6.393 6.399 6.405 6.412 6.418 6.425 6.490 6.563 6.630 6.697 6.764 6.831 6.898 7.032 7.032 7.099 7.166 7.191 7.205 7.218 7.232 7.245 7.259 7.272 7.286 7.307 7.341 7.376 7.410 7.465 7.465 7.492 7.520 7.547 7.578 7.609 7.640 7.671 7.702 7.733 7.764 7.772 7.774 7.775 7.776 7.794 7.794 7.818 7.841 7.864 7.888 7.911 7.934 7.957 8.001 8.045 8.089 8.134 8.177 8.222 8.266 8.354 8.354 8.398 8.442 8.497 8.566 8.640 8.710 8.778 8.847 8.916 8.984 9.053 9.122 9.190 9.259
6.331 6.337 6.344 6.350 6.357 6.392 6.464 6.537 6.609 6.682 6.750 6.817 6.884 7.018 7.018 7.085 7.145 7.158 7.172 7.186 7.199 7.213 7.226 7.240 7.253 7.267 7.280 7.294 7.320 7.380 7.380 7.411 7.442 7.473 7.504 7.535 7.566 7.597 7.628 7.659 7.689 7.690 7.691 7.692 7.693 7.696 7.696 7.697 7.698 7.721 7.745 7.768 7.791 7.820 7.863 7.908 7.952 7.996 8.040 8.084 8.131 8.268 8.268 8.337 8.405 8.474 8.543 8.618 8.693 8.767 8.841 8.910 8.979 9.047 9.116 9.185 9.253
6.300 6.306 6.313 6.319 6.326 6.378 6.451 6.523 6.596 6.668 6.741 6.810 6.877 7.011 7.011 7.078 7.129 7.142 7.156 7.169 7.183 7.196 7.210 7.223 7.237 7.250 7.264 7.275 7.290 7.343 7.343 7.374 7.405 7.436 7.467 7.498 7.529 7.560 7.591 7.621 7.647 7.649 7.650 7.651 7.652 7.654 7.654 7.655 7.656 7.657 7.673 7.696 7.720 7.750 7.794 7.839 7.883 7.927 7.982 8.051 8.119 8.256 8.256 8.325 8.393 8.462 8.532 8.607 8.681 8.756 8.831 8.906 8.976 9.044 9.113 9.182 9.250
6.269 6.275 6.282 6.288 6.295 6.365 6.438 6.510 6.583 6.655 6.728 6.800 6.870 7.004 7.004 7.071 7.112 7.126 7.139 7.153 7.166 7.180 7.193 7.207 7.219 7.231 7.242 7.254 7.270 7.306 7.306 7.337 7.368 7.399 7.430 7.461 7.491 7.522 7.553 7.584 7.606 7.607 7.608 7.609 7.611 7.613 7.613 7.614 7.615 7.616 7.617 7.625 7.648 7.681 7.725 7.769 7.834 7.902 7.970 8.039 8.107 8.244 8.244 8.313 8.381 8.450 8.521 8.596 8.670 8.745 8.820 8.895 8.969 9.041 9.110 9.179 9.247
6.238 6.244 6.251 6.257 6.279 6.352 6.424 6.497 6.569 6.642 6.714 6.787 6.859 6.997 6.997 7.064 7.096 7.110 7.123 7.137 7.150 7.163 7.174 7.186 7.198 7.210 7.221 7.233 7.250 7.285 7.285 7.303 7.331 7.362 7.392 7.423 7.454 7.485 7.516 7.547 7.565 7.566 7.567 7.568 7.569 7.571 7.571 7.572 7.573 7.575 7.576 7.577 7.578 7.616 7.685 7.753 7.822 7.890 7.958 8.027 8.095 8.232 8.232 8.301 8.369 8.438 8.510 8.585 8.659 8.734 8.809 8.884 8.958 9.033 9.107 9.176 9.244
6.207 6.213 6.220 6.226 6.266 6.339 6.411 6.484 6.556 6.629 6.701 6.774 6.846 6.990 6.990 7.057 7.080 7.093 7.106 7.118 7.130 7.141 7.153 7.165 7.177 7.188 7.200 7.212 7.230 7.265 7.265 7.283 7.301 7.324 7.355 7.386 7.417 7.448 7.479 7.510 7.523 7.524 7.525 7.527 7.528 7.530 7.530 7.531 7.532 7.533 7.534 7.558 7.598 7.623 7.673 7.741 7.810 7.878 7.946 8.015 8.083 8.220 8.220 8.289 8.357 8.426 8.499 8.574 8.648 8.723 8.798 8.872 8.947 9.022 9.097 9.171 9.241
