includes/lisflood/camargue/results_R3_t1.56174127354E12/res-0014.wdfp
ncols         906
nrows         631
xllcorner     362177.146667
yllcorner     6534725.688020
cellsize      20.000000
NODATA_value  -9999.000000
[rows 340 to 373 of 631, columns 693 to 769 of 906]
1.219 1.119 0.189 0.499 0.309 0.129 0.000 0.000 0.000 0.000 0.000 0.000 0.000 0.000 0.471 0.000 0.000 0.000 0.000 0.000 0.000 0.000 0.000 0.000 0.000 0.000 0.000 0.000 0.000 0.000 0.000 0.000 0.000 0.000 0.000 0.000 0.000 0.000 0.000 0.000 0.000 0.000 0.682 0.532 0.000 0.000 0.004 0.000 0.001 0.602 0.322 0.552 0.892 0.712 0.422 0.162 0.522 0.522 0.692 0.722 0.742 0.472 0.792 0.832 0.932 0.802 0.752 0.912 0.982 0.842 0.822 0.652 0.000 0.000 0.792 0.862 0.812
1.289 0.119 0.409 0.429 0.389 0.739 0.509 0.039 0.039 0.219 0.399 0.000 0.000 0.000 2.811 0.000 0.000 0.000 0.000 0.000 0.000 0.000 0.000 0.000 0.000 0.000 0.000 0.000 0.000 0.000 0.000 0.000 0.000 0.000 0.000 0.000 0.000 0.000 0.000 0.000 0.000 0.000 0.000 0.000 0.000 0.000 0.000 0.103 0.583 0.000 0.000 0.000 0.132 0.192 0.642 0.812 0.312 0.312 0.592 0.712 0.822 0.712 1.002 0.652 0.862 0.702 0.872 0.752 0.762 0.832 0.882 0.752 0.000 0.000 0.542 0.842 0.652
0.369 0.519 0.509 0.459 0.449 0.599 0.209 0.379 0.379 0.479 0.559 0.000 0.000 0.102 0.000 0.000 0.000 0.000 0.000 0.000 0.000 0.142 0.000 0.000 0.000 0.000 0.000 0.000 0.000 0.000 0.000 0.000 0.000 0.000 0.000 0.000 0.000 0.000 0.000 0.000 0.000 0.000 0.022 0.000 0.000 0.000 0.092 0.000 0.000 0.282 0.582 0.702 0.592 0.602 0.692 0.812 0.972 0.972 0.562 0.782 0.622 0.752 0.252 0.752 0.632 0.742 0.732 0.752 0.912 0.832 0.702 0.502 0.362 0.362 0.992 0.000 1.122
1.189 0.579 0.409 0.429 0.539 1.209 0.299 0.209 0.209 0.519 0.919 0.000 0.000 1.622 0.000 0.072 0.712 0.572 0.382 0.152 0.422 0.432 0.142 0.000 0.000 0.000 0.000 0.062 0.282 0.000 0.032 0.000 0.272 0.142 0.172 0.352 0.202 0.152 0.172 0.000 0.000 0.032 0.382 0.772 0.452 0.412 0.032 0.000 0.242 0.752 0.582 0.762 0.712 0.672 0.862 0.802 0.562 0.562 0.582 0.632 0.932 0.742 0.652 0.362 0.562 0.752 0.762 0.722 0.702 0.752 0.462 0.832 0.000 0.000 0.952 0.000 1.042
0.529 0.000 0.499 0.389 0.479 0.469 0.349 0.489 0.489 0.509 0.849 0.003 0.332 1.372 0.272 0.000 0.732 0.742 0.882 0.852 0.952 0.962 1.012 1.012 1.012 0.822 0.582 1.012 0.962 0.852 0.872 0.972 0.862 0.972 0.862 0.932 0.862 0.582 0.902 0.452 0.452 0.282 0.712 0.642 0.722 0.812 0.882 0.872 0.182 0.842 0.892 0.732 0.822 0.712 0.992 0.852 0.692 0.692 0.142 0.672 0.712 0.812 0.692 0.432 0.912 0.742 0.842 1.022 0.402 0.192 0.552 0.762 0.602 0.602 0.000 0.692 0.732
0.619 0.000 0.000 1.789 1.179 0.000 0.369 0.339 0.339 0.669 0.399 0.000 2.582 0.000 0.292 0.672 0.782 0.852 0.852 0.942 1.122 1.052 1.012 1.122 1.122 1.072 0.662 1.092 0.872 0.942 0.932 1.062 1.042 1.022 1.042 1.092 0.852 1.412 1.002 0.832 0.832 0.952 0.742 0.772 0.952 0.992 0.902 0.902 0.242 0.782 0.842 0.862 0.812 0.692 1.102 0.832 0.732 0.732 0.182 0.642 0.692 0.812 0.682 0.532 0.302 0.572 0.642 0.592 0.752 0.782 0.352 0.812 0.000 0.000 0.782 0.402 0.462
0.509 0.579 0.479 0.529 0.509 0.179 0.000 1.879 1.879 0.000 0.000 0.000 0.132 1.852 0.000 0.882 0.952 0.882 0.922 0.872 1.272 1.072 1.102 1.022 1.022 0.972 0.852 0.932 0.902 0.932 0.992 0.982 1.072 1.172 1.092 1.442 1.092 1.372 0.952 0.992 0.992 1.132 1.002 0.882 1.132 0.882 0.842 0.862 0.372 0.882 0.792 0.802 0.822 0.732 0.952 0.862 0.832 0.832 1.152 0.632 0.852 0.572 0.772 0.632 0.622 0.532 0.672 0.592 0.772 0.882 0.832 0.592 0.000 0.000 0.862 0.432 0.532
0.509 0.579 0.479 0.529 0.509 0.179 0.000 1.879 1.879 0.000 0.000 0.000 0.132 1.852 0.000 0.882 0.952 0.882 0.922 0.872 1.272 1.072 1.102 1.022 1.022 0.972 0.852 0.932 0.902 0.932 0.992 0.982 1.072 1.172 1.092 1.442 1.092 1.372 0.952 0.992 0.992 1.132 1.002 0.882 1.132 0.882 0.842 0.862 0.372 0.882 0.792 0.802 0.822 0.732 0.952 0.862 0.832 0.832 1.152 0.632 0.852 0.572 0.772 0.632 0.622 0.532 0.672 0.592 0.772 0.882 0.832 0.592 0.000 0.000 0.862 0.432 0.532
0.499 0.639 0.479 0.479 0.589 1.579 1.629 1.539 1.539 0.239 0.000 1.279 0.000 0.000 0.000 0.682 0.922 0.932 0.872 0.852 1.402 1.032 1.012 0.952 0.952 0.702 0.562 1.042 0.912 1.032 0.982 1.022 1.082 1.032 1.122 1.402 0.962 1.102 1.012 1.172 1.172 0.882 0.902 0.832 0.922 0.772 0.852 0.892 0.442 0.852 0.702 0.812 0.882 0.892 0.822 0.892 0.892 0.892 0.762 0.682 0.762 0.762 0.732 0.772 0.782 0.622 0.782 0.752 0.782 0.832 0.702 0.972 1.062 1.062 0.742 0.622 0.702
0.469 0.549 0.449 0.749 0.319 0.399 0.449 0.739 0.739 1.619 0.610 1.941 0.000 0.741 0.000 0.892 0.812 0.842 0.782 0.782 1.552 0.932 0.972 0.922 0.922 0.812 0.692 0.852 1.032 1.032 0.992 1.012 1.082 1.052 0.942 0.962 0.912 1.012 0.862 0.902 0.902 0.732 0.782 0.762 0.902 0.902 0.822 0.892 0.462 0.932 0.872 0.872 0.992 1.262 0.712 0.882 0.912 0.912 0.922 0.662 0.682 0.752 0.832 0.762 0.682 0.542 0.702 0.732 0.882 0.000 1.222 0.000 1.142 1.142 0.652 0.722 0.732
0.559 0.569 0.569 0.709 0.619 0.789 1.319 1.029 1.029 0.000 0.060 0.681 0.511 0.000 0.000 0.772 0.882 0.842 1.012 0.822 1.702 0.922 1.072 0.882 0.882 0.472 0.802 0.862 1.072 0.972 0.992 0.932 1.082 0.922 0.912 0.942 0.972 0.802 0.822 0.932 0.932 0.852 0.732 0.792 0.852 0.942 0.742 0.772 0.552 1.052 0.922 0.932 0.992 1.202 0.772 0.862 0.912 0.912 1.002 0.782 0.862 0.632 0.792 0.832 0.912 0.822 0.752 1.092 0.000 1.072 0.722 1.042 0.842 0.842 0.732 0.782 0.672
0.489 0.279 0.639 0.569 1.319 1.189 1.549 0.959 0.959 0.000 0.000 1.471 0.000 0.000 0.000 0.000 0.862 0.882 0.822 0.782 1.512 0.882 0.842 0.922 0.922 0.882 0.962 1.052 1.042 1.082 0.992 0.852 0.992 0.902 0.842 0.772 0.932 0.912 0.732 0.792 0.792 0.732 0.822 0.892 0.752 1.122 0.992 0.762 0.562 0.842 0.952 0.992 0.972 1.052 0.752 0.802 0.912 0.912 0.932 0.882 0.552 0.892 0.902 0.982 0.812 0.782 0.000 1.042 0.000 0.922 0.642 0.612 0.692 0.692 0.532 0.582 0.562
0.179 0.309 0.279 0.369 0.449 0.369 0.649 0.929 0.929 0.129 0.000 2.531 0.000 0.000 0.052 0.000 0.452 0.852 0.842 0.872 1.212 0.842 0.932 0.592 0.592 0.682 1.242 1.132 1.432 0.842 1.002 0.892 0.952 0.882 0.822 0.552 0.892 0.782 0.732 0.802 0.802 0.752 0.782 0.892 1.162 0.852 0.802 0.882 0.502 1.002 0.932 0.892 0.902 0.762 0.842 0.822 1.012 1.012 1.082 0.972 0.372 0.632 0.992 0.812 1.032 0.692 0.000 0.000 1.012 0.992 0.512 0.082 0.062 0.062 0.532 0.772 0.472
1.579 0.389 0.359 0.399 0.739 0.529 1.099 0.409 0.409 0.169 0.000 2.161 0.000 0.000 1.312 0.022 0.000 0.832 0.832 0.892 0.942 0.842 0.552 0.742 0.742 1.052 1.462 1.092 1.452 0.832 0.912 0.992 0.982 0.862 0.902 0.692 0.972 0.762 0.752 0.762 0.762 0.682 0.812 1.222 0.762 0.852 0.932 0.932 0.732 0.912 0.862 0.912 0.932 0.882 0.832 0.912 0.892 0.892 0.932 0.922 0.762 0.732 0.722 0.852 0.842 0.652 0.000 0.000 1.052 1.102 0.272 0.252 0.262 0.262 0.682 0.682 0.632
0.258 0.000 0.000 1.389 1.279 1.039 0.659 0.409 0.409 0.000 0.000 2.511 0.000 0.000 1.302 1.282 0.052 0.000 0.812 0.882 0.862 1.012 0.502 0.722 0.722 1.022 1.592 1.232 1.352 1.012 0.932 0.952 0.942 0.882 0.952 0.692 0.842 0.822 0.672 0.772 0.772 0.682 0.632 0.932 0.722 0.792 1.012 1.002 0.812 0.872 1.022 0.972 0.912 0.802 0.922 0.982 0.952 0.952 0.952 0.922 0.762 0.802 0.952 0.872 0.852 0.822 0.000 0.000 0.882 0.812 0.172 0.492 0.672 0.672 0.832 0.732 0.672
0.368 0.389 0.399 0.369 0.459 0.449 0.359 0.449 0.449 0.000 0.000 1.394 0.000 1.482 0.962 1.092 1.242 0.212 0.000 0.522 0.872 0.902 0.662 0.662 0.662 0.912 1.202 1.182 1.172 0.972 0.912 1.042 0.922 0.892 0.972 0.632 0.842 0.902 0.882 0.672 0.672 1.242 0.402 0.772 0.882 0.862 0.952 0.862 0.752 0.982 0.922 0.912 1.002 0.862 0.882 1.062 0.992 0.992 1.012 1.042 0.832 0.612 0.842 0.762 0.812 0.742 0.000 0.832 1.032 0.502 0.782 0.612 0.862 0.862 0.762 0.692 0.562
0.000 0.229 0.249 0.409 0.369 0.359 0.289 0.309 0.309 0.000 0.000 1.408 2.191 1.422 1.262 0.742 0.972 1.202 0.452 0.000 0.752 0.822 0.822 0.772 0.772 1.062 1.122 1.082 1.102 1.112 1.072 0.982 0.942 0.892 0.902 0.582 0.872 0.962 0.862 0.912 0.912 0.802 0.582 0.852 0.912 0.872 0.872 0.862 0.832 0.932 0.952 0.952 1.052 0.882 0.832 0.982 1.002 1.002 0.902 0.972 0.952 0.252 0.912 0.782 0.762 0.000 0.000 0.000 0.732 0.882 0.822 0.662 0.312 0.312 0.012 0.662 0.492
0.207 0.359 0.309 0.419 0.419 0.329 0.349 0.479 0.479 0.000 1.426 0.078 0.000 1.432 0.932 1.272 1.342 0.762 1.032 0.442 0.422 0.672 0.822 0.722 0.722 1.002 1.132 0.972 1.022 1.062 1.042 0.962 0.902 1.012 1.022 0.782 1.042 0.992 0.902 0.642 0.642 0.812 0.722 0.932 1.002 0.932 0.852 0.772 0.932 0.932 1.122 1.112 1.022 0.892 0.832 1.362 0.962 0.962 0.922 0.902 0.992 0.262 0.782 0.000 0.000 0.000 0.000 0.932 0.412 0.822 0.752 0.762 0.752 0.752 0.182 0.702 0.000
0.327 0.000 0.269 0.409 0.539 0.499 0.439 0.509 0.509 0.000 1.440 0.127 0.000 1.462 1.302 1.082 1.032 1.122 0.742 1.052 0.782 1.202 1.392 1.152 1.152 1.202 1.102 1.002 1.072 1.092 1.092 0.952 0.992 1.042 1.112 0.832 0.892 1.002 0.852 0.962 0.962 0.882 0.842 0.902 0.972 0.862 0.822 0.892 0.972 0.942 1.272 0.942 0.992 0.972 0.872 1.012 1.182 1.182 0.982 0.932 0.952 0.852 0.102 0.000 0.000 0.000 0.972 1.072 0.682 0.922 0.752 0.682 0.782 0.782 0.612 0.000 0.000
0.427 0.417 0.207 0.037 0.000 0.000 0.000 0.000 0.000 2.696 0.467 0.018 0.000 1.232 0.852 1.182 1.002 1.042 1.232 0.912 1.112 0.702 0.382 0.792 0.792 1.202 1.092 0.962 1.062 1.042 1.142 1.032 0.982 1.052 1.052 0.892 0.922 1.072 1.182 1.002 1.002 0.912 0.772 1.002 1.052 0.952 0.822 1.042 0.982 1.042 1.102 0.992 0.902 0.962 0.922 0.962 1.052 1.052 1.112 0.982 1.042 0.882 0.762 0.000 0.000 0.892 0.902 1.002 0.842 0.812 0.642 0.652 0.122 0.122 0.000 0.000 0.000
0.077 0.247 0.247 0.296 0.156 0.186 0.366 0.416 0.416 1.477 0.000 0.020 1.012 1.382 0.492 0.992 1.202 0.812 0.932 1.242 0.712 0.572 0.000 0.000 0.000 1.082 1.082 1.062 1.032 1.092 1.172 1.062 1.052 1.162 1.092 0.962 0.952 0.892 0.652 0.892 0.892 0.932 0.832 0.902 0.982 1.002 0.892 0.932 1.052 1.012 1.172 1.112 1.002 0.992 0.882 0.882 0.902 0.902 1.222 0.902 0.892 0.892 0.282 0.000 0.000 0.062 1.142 0.942 0.242 0.782 0.682 1.042 0.502 0.502 0.000 0.000 0.000
0.616 0.356 0.446 0.336 0.236 0.346 0.506 0.000 0.000 0.000 0.000 0.000 1.572 1.102 0.612 0.662 0.912 0.982 0.582 0.972 1.282 0.000 1.072 0.092 0.092 1.292 1.002 0.952 1.052 1.002 1.172 1.102 1.132 1.082 1.132 0.972 0.922 0.982 0.702 0.982 0.982 0.972 0.822 0.942 0.962 1.032 0.912 0.982 0.962 0.962 0.972 1.092 0.932 1.022 0.952 0.802 0.892 0.892 1.152 0.882 0.882 0.922 0.000 0.062 0.192 0.062 1.162 0.062 0.000 0.732 0.712 1.002 0.000 0.000 0.000 0.000 0.000
0.646 0.516 0.526 0.376 0.276 0.216 0.436 0.000 0.000 0.424 0.000 0.000 1.392 1.032 0.932 0.952 0.562 0.842 1.102 0.552 1.122 0.000 1.492 1.372 1.372 0.000 0.342 0.742 1.062 1.122 1.182 1.222 1.202 1.062 0.952 1.012 0.942 0.732 0.662 1.122 1.122 1.002 0.932 1.052 1.002 1.062 1.122 1.092 0.922 1.042 1.082 1.012 1.022 1.042 1.192 0.932 0.832 0.832 0.942 0.972 0.922 0.000 0.000 0.442 0.782 0.262 0.622 0.572 0.162 0.732 0.102 0.000 0.000 0.000 0.000 0.000 0.000
0.646 0.516 0.526 0.376 0.276 0.216 0.436 0.000 0.000 0.424 0.000 0.000 1.392 1.032 0.932 0.952 0.562 0.842 1.102 0.552 1.122 0.000 1.492 1.372 1.372 0.000 0.342 0.742 1.062 1.122 1.182 1.222 1.202 1.062 0.952 1.012 0.942 0.732 0.662 1.122 1.122 1.002 0.932 1.052 1.002 1.062 1.122 1.092 0.922 1.042 1.082 1.012 1.022 1.042 1.192 0.932 0.832 0.832 0.942 0.972 0.922 0.000 0.000 0.442 0.782 0.262 0.622 0.572 0.162 0.732 0.102 0.000 0.000 0.000 0.000 0.000 0.000
0.486 0.596 0.236 0.216 0.396 0.036 0.000 1.570 1.570 0.003 0.092 0.042 0.732 0.982 1.202 0.812 0.652 0.732 0.642 1.192 0.802 0.000 1.372 0.352 0.352 0.322 0.322 0.000 1.102 1.052 1.012 1.192 1.052 0.972 0.902 1.032 0.912 0.692 0.762 0.952 0.952 0.872 0.902 1.052 1.012 0.982 1.172 0.942 0.992 1.012 1.042 1.042 1.122 1.032 1.222 0.892 0.342 0.342 0.000 0.122 0.062 0.082 0.012 0.132 0.162 0.000 0.542 0.192 0.822 1.222 0.000 0.000 0.000 0.000 0.000 0.000 0.643
0.646 0.366 0.116 0.396 0.386 0.536 0.000 1.589 1.589 0.000 0.000 0.000 0.022 0.932 1.042 1.222 0.912 0.872 0.902 0.852 1.662 0.000 1.502 0.282 0.282 0.632 1.422 0.612 0.000 1.452 1.052 0.992 1.122 1.072 0.982 1.042 0.842 0.762 0.752 1.002 1.002 0.962 1.082 1.212 1.102 0.942 1.132 0.712 0.932 1.122 1.042 0.962 0.982 1.162 0.000 0.000 0.000 0.000 0.000 0.000 1.192 1.042 1.152 1.172 0.000 0.000 0.000 0.472 0.562 0.412 0.000 0.000 0.000 0.000 0.132 0.713 0.803
0.014 0.144 0.325 0.306 0.000 0.000 0.532 0.000 0.000 0.000 0.000 0.000 0.000 0.011 0.000 1.062 0.962 1.102 0.552 1.302 0.000 1.502 1.592 0.512 0.512 1.472 1.462 1.372 1.372 1.152 0.752 0.000 1.252 0.972 0.972 1.252 0.812 1.142 1.012 1.062 1.062 1.142 1.272 1.042 0.772 0.732 1.152 0.000 0.072 0.062 0.000 0.000 0.000 0.182 0.102 0.142 1.052 1.052 0.000 0.432 0.372 0.552 1.022 0.182 0.062 0.612 0.432 0.072 0.000 0.000 0.000 0.000 0.733 0.733 0.883 0.913 1.053
0.174 0.235 0.120 0.000 0.000 0.558 0.550 1.474 1.474 1.534 0.000 0.000 0.041 0.011 0.000 0.000 0.862 0.982 1.192 0.812 0.000 1.372 1.532 0.542 0.542 1.402 1.282 1.452 0.652 1.272 1.202 1.132 1.092 0.952 0.000 0.000 1.022 1.252 1.132 0.872 0.872 0.882 1.012 0.562 0.000 0.052 0.102 0.000 0.000 0.052 0.000 0.000 0.000 0.000 0.202 0.000 0.000 0.000 0.832 0.652 0.952 0.592 0.352 0.452 0.000 0.272 0.192 0.000 0.000 0.000 0.000 0.523 0.813 0.813 0.803 1.033 1.003
0.462 0.133 0.004 0.000 0.000 0.576 0.000 0.000 0.000 0.000 0.000 2.547 0.000 1.547 0.000 0.000 0.000 0.702 0.892 1.372 0.000 1.422 0.422 1.062 1.062 1.482 0.572 1.392 0.812 1.222 1.092 1.042 1.062 1.092 1.162 1.242 1.232 1.302 0.692 0.000 0.000 0.000 0.000 0.000 0.000 0.000 0.000 0.000 0.000 0.000 0.002 0.000 0.000 0.000 0.932 0.782 0.792 0.792 1.022 0.642 0.342 0.262 0.000 0.192 0.032 0.004 0.000 0.000 0.000 0.000 0.593 0.763 0.833 0.833 1.023 0.943 1.013
0.029 0.287 0.142 0.000 0.302 0.000 0.000 0.537 0.537 0.000 0.000 0.657 1.927 0.197 0.000 0.000 0.000 0.000 0.000 1.402 0.602 1.482 0.562 1.212 1.212 1.592 0.652 1.542 0.832 1.182 1.092 1.132 1.102 1.172 1.292 1.132 1.252 1.152 0.000 0.222 0.222 0.000 0.000 0.000 0.000 0.000 0.000 0.000 0.000 0.000 0.000 0.000 0.000 0.000 0.000 0.672 0.902 0.902 0.352 0.052 0.000 0.362 0.202 0.102 0.112 0.000 0.000 0.000 0.002 0.593 0.733 0.753 0.813 0.813 0.993 1.063 1.043
0.000 0.244 0.044 0.323 1.329 0.000 0.000 0.377 0.377 0.000 0.177 0.227 0.167 0.000 1.961 0.000 0.592 0.000 0.061 0.000 0.000 1.112 1.522 1.402 1.402 1.382 1.232 1.382 1.212 1.392 0.712 1.142 1.082 1.212 1.232 0.922 0.000 2.302 1.932 2.022 2.022 0.000 0.000 0.000 1.432 1.902 2.132 1.832 0.000 0.000 0.000 0.000 0.000 0.122 0.532 0.522 0.882 0.882 0.462 0.432 0.412 0.462 0.000 0.000 0.000 0.000 0.000 0.183 0.773 0.753 0.933 1.023 0.993 0.992 1.013 1.173 1.103
0.114 0.105 0.000 0.251 0.000 0.000 0.000 0.107 0.107 1.037 0.167 0.217 0.327 0.247 0.000 0.000 2.682 1.532 0.000 2.392 2.522 1.052 1.902 2.422 2.422 0.332 0.000 0.002 0.003 0.000 0.000 0.000 0.000 0.000 0.004 0.000 1.022 0.412 0.312 0.542 0.542 0.632 0.822 0.872 0.852 0.802 0.722 0.000 0.000 0.000 0.000 0.222 0.452 1.042 0.662 0.432 0.382 0.382 0.482 0.522 0.432 0.282 0.000 0.000 0.000 0.000 0.343 0.673 0.843 1.013 1.053 0.993 1.062 1.063 1.123 1.043 1.003
0.202 0.066 0.238 0.227 0.000 0.271 0.091 0.000 0.000 0.000 0.257 0.327 0.207 0.147 0.107 0.027 0.000 0.001 0.052 0.062 0.042 0.000 0.000 0.000 0.000 1.602 0.000 0.000 0.557 2.217 1.077 0.497 0.307 1.957 0.117 2.127 0.000 0.000 0.000 0.732 0.732 0.812 0.892 0.782 0.772 0.232 0.042 0.000 0.032 0.642 0.782 0.202 0.000 0.000 0.000 0.000 0.262 0.262 0.312 0.332 0.102 0.000 0.000 0.000 0.000 0.544 0.704 0.803 0.773 0.943 1.073 1.093 1.213 1.213 1.063 1.033 1.163
0.132 0.000 0.260 0.000 0.000 1.151 0.561 0.000 0.000 0.187 0.197 0.177 0.177 0.227 0.000 0.147 0.000 0.122 0.032 0.000 0.000 0.011 0.000 0.000 0.000 0.000 0.000 0.002 0.000 0.347 0.167 0.000 0.000 0.000 0.117 0.000 0.000 0.000 0.112 0.612 0.612 0.832 0.892 0.782 0.000 0.202 0.000 0.222 0.552 0.562 0.292 0.252 0.172 0.052 0.172 0.192 0.112 0.112 0.012 0.000 0.000 0.000 0.000 0.000 0.754 0.724 0.844 0.904 0.963 0.983 1.053 1.023 1.203 1.203 1.133 1.213 1.293
