includes/lisflood/camargue/results_R3_t1.56174127354E12/res-0009.wdfp
ncols         906
nrows         631
xllcorner     362177.146667
yllcorner     6534725.688020
cellsize      20.000000
NODATA_value  -9999.000000
[rows 510 to 543 of 631, columns 385 to 461 of 906]
0.004 0.004 0.000 0.000 0.006 0.000 0.000 0.000 0.000 0.000 0.000 0.001 0.000 0.000 0.000 0.002 0.003 0.000 0.000 0.000 0.000 0.000 0.000 0.000 0.000 0.000 0.000 0.000 0.000 0.000 0.000 0.000 0.000 0.000 0.000 0.000 0.000 0.000 0.000 0.000 0.000 0.000 0.000 0.000 0.000 0.000 0.000 0.000 0.000 0.000 0.000 0.000 0.000 0.000 0.000 0.003 0.014 0.000 0.000 0.076 0.000 0.004 0.002 0.002 0.000 0.000 0.004 0.002 0.002 0.000 0.002 0.002 0.002 0.006 0.003 0.005 0.008
0.000 0.015 0.019 0.410 0.005 0.001 0.003 0.003 0.001 0.002 0.003 0.000 0.000 0.000 0.000 0.003 0.000 0.000 0.000 0.000 0.000 0.000 0.000 0.000 2.376 0.000 0.000 0.000 0.000 0.000 0.000 0.000 0.000 0.000 0.000 0.000 0.000 0.000 0.000 0.000 0.000 0.000 0.000 0.000 0.000 0.000 0.000 0.000 0.000 0.000 0.000 0.000 0.000 0.000 0.000 0.020 0.000 0.000 0.000 0.002 0.002 0.000 0.023 0.047 0.070 0.000 0.003 0.003 0.003 0.003 0.000 0.003 0.004 0.006 0.004 0.006 0.009
0.003 0.007 0.000 0.001 0.000 0.029 0.000 0.004 0.001 0.000 0.000 0.001 0.000 0.000 0.000 0.003 0.000 0.000 0.000 0.000 0.000 0.000 2.280 2.026 2.054 0.000 0.000 0.000 0.000 0.000 0.000 0.000 0.000 0.000 0.000 0.000 0.000 0.000 0.000 0.000 0.000 0.000 0.000 0.000 0.000 0.000 0.000 0.000 0.000 0.000 0.000 0.000 0.021 0.090 0.001 0.020 0.000 0.001 0.001 0.000 0.016 0.043 0.066 0.000 0.000 0.000 0.003 0.003 0.003 0.003 0.003 0.003 0.004 0.006 0.004 0.007 0.009
0.006 0.016 0.000 0.000 0.349 0.324 0.000 0.004 0.000 0.000 0.000 0.001 0.000 0.000 0.004 0.006 0.000 0.000 0.000 0.000 0.000 2.609 2.356 2.102 1.848 0.000 0.000 0.000 0.000 0.000 0.000 0.000 0.000 0.000 0.000 0.000 0.000 0.000 0.000 0.000 0.000 0.000 0.000 0.000 0.000 0.000 0.000 0.000 0.000 0.137 0.017 0.031 0.061 0.050 0.087 0.030 0.026 0.000 0.000 0.013 0.044 0.000 0.000 0.401 0.000 0.000 0.002 0.003 0.004 0.005 0.004 0.004 0.005 0.006 0.005 0.007 0.009
0.014 0.002 0.000 0.003 0.005 0.001 0.001 0.002 0.086 0.000 0.002 0.001 0.000 0.000 0.004 0.000 0.000 0.000 0.000 0.000 2.938 2.685 2.431 0.000 0.000 0.000 0.000 0.000 0.000 0.000 0.000 0.000 0.000 0.000 0.000 0.000 0.000 0.000 0.000 0.000 0.000 0.000 0.000 0.000 0.000 0.000 0.000 0.016 0.056 0.033 0.000 0.071 0.000 0.000 0.004 0.024 0.059 0.012 0.003 0.015 0.000 0.000 0.000 0.000 0.000 0.000 0.002 0.003 0.005 0.005 0.005 0.005 0.005 0.006 0.005 0.007 0.009
0.014 0.000 0.007 0.009 0.000 0.346 0.000 0.002 0.002 0.000 0.001 0.000 0.000 0.000 0.005 0.000 0.000 0.000 0.000 3.268 3.014 0.000 0.000 0.000 0.000 0.000 0.000 0.000 0.000 0.000 0.000 0.000 0.000 0.000 0.000 0.000 0.000 0.000 0.000 0.000 0.000 0.000 0.000 0.000 0.000 0.000 0.000 0.000 0.167 0.000 0.000 0.000 0.000 0.000 0.023 0.063 0.000 0.016 0.006 0.014 0.009 0.006 0.004 0.002 0.002 0.001 0.002 0.004 0.005 0.005 0.005 0.005 0.006 0.007 0.005 0.007 0.009
0.011 0.004 0.005 0.000 0.000 0.000 0.000 0.004 0.001 0.000 0.001 0.013 0.000 0.000 0.005 0.000 0.000 0.000 0.007 0.003 0.000 0.000 0.000 0.000 0.000 0.000 0.000 0.000 0.000 0.000 0.000 0.000 0.000 0.000 0.000 0.000 0.000 0.000 0.000 0.000 0.000 0.000 0.000 0.000 0.000 0.027 0.087 0.087 0.097 0.087 0.117 0.000 0.000 0.000 0.000 0.005 0.004 0.015 0.006 0.013 0.011 0.008 0.006 0.004 0.003 0.003 0.003 0.004 0.005 0.006 0.006 0.006 0.007 0.007 0.005 0.007 0.009
0.009 0.004 0.004 0.001 0.002 0.003 0.004 0.004 0.000 0.000 0.001 0.000 0.000 0.003 0.004 0.000 0.000 0.000 0.000 0.008 0.000 0.000 0.000 0.000 0.000 0.000 0.000 0.000 0.000 0.000 0.000 0.000 0.000 0.000 0.000 0.000 0.000 0.000 0.000 0.000 0.000 0.000 0.000 0.000 0.147 0.167 0.097 0.037 0.097 0.000 0.000 0.000 0.000 0.000 0.000 0.003 0.004 0.013 0.006 0.012 0.011 0.010 0.008 0.006 0.006 0.005 0.005 0.005 0.006 0.006 0.006 0.007 0.007 0.008 0.006 0.008 0.009
0.008 0.005 0.004 0.002 0.002 0.003 0.000 0.004 0.000 0.000 0.002 0.002 0.000 0.004 0.004 0.001 0.001 0.000 0.001 0.005 0.000 0.000 0.000 0.000 0.000 0.000 0.000 0.000 0.000 0.000 0.000 0.000 0.000 0.000 0.000 0.000 0.000 0.000 0.000 0.000 0.000 0.000 0.000 0.000 0.000 0.037 0.000 0.000 0.000 0.000 0.000 0.000 0.000 0.000 0.000 0.002 0.002 0.012 0.005 0.011 0.011 0.011 0.010 0.011 0.009 0.007 0.006 0.006 0.006 0.007 0.007 0.007 0.008 0.008 0.007 0.008 0.009
0.007 0.005 0.004 0.002 0.003 0.003 0.002 0.004 0.001 0.001 0.002 0.000 0.003 0.004 0.003 0.000 0.001 0.000 0.002 0.002 0.000 0.000 0.000 0.000 0.000 0.000 0.000 0.000 0.000 0.000 0.000 0.000 0.000 0.000 0.000 0.000 0.000 0.000 0.000 0.000 0.000 0.000 0.000 0.067 0.000 0.017 0.000 0.000 0.000 0.000 0.000 0.000 0.000 0.000 0.000 0.000 0.002 0.010 0.004 0.010 0.011 0.011 0.014 0.013 0.011 0.009 0.008 0.007 0.007 0.008 0.008 0.008 0.009 0.009 0.007 0.008 0.010
0.007 0.005 0.004 0.003 0.003 0.003 0.003 0.004 0.002 0.001 0.003 0.002 0.004 0.004 0.003 0.001 0.001 0.000 0.003 0.001 0.000 0.000 0.000 0.000 0.000 0.000 0.000 0.000 0.000 0.000 0.000 0.000 0.000 0.000 0.000 0.000 0.000 0.000 0.000 0.000 0.000 0.004 0.000 0.037 0.000 0.108 0.000 0.000 0.000 0.000 0.000 0.000 0.000 0.000 0.000 0.000 0.000 0.009 0.003 0.009 0.011 0.016 0.015 0.014 0.012 0.011 0.009 0.009 0.008 0.009 0.009 0.009 0.009 0.010 0.008 0.009 0.010
0.006 0.005 0.004 0.003 0.003 0.003 0.003 0.003 0.002 0.002 0.003 0.003 0.004 0.004 0.003 0.001 0.002 0.002 0.001 0.002 0.000 0.020 0.000 0.000 0.000 0.000 0.000 0.000 0.057 0.197 0.147 0.047 0.047 0.017 0.000 0.000 0.000 0.000 0.000 0.000 0.000 0.000 0.017 0.047 0.117 0.000 0.000 0.000 0.000 0.000 0.000 0.000 0.000 0.000 0.000 0.000 0.000 0.006 0.002 0.008 0.015 0.016 0.016 0.015 0.014 0.013 0.011 0.011 0.010 0.010 0.010 0.010 0.011 0.011 0.009 0.010 0.011
0.006 0.005 0.004 0.004 0.004 0.004 0.004 0.004 0.003 0.002 0.004 0.004 0.005 0.004 0.003 0.002 0.002 0.002 0.001 0.000 0.000 0.000 0.000 0.000 0.071 0.000 0.000 0.000 0.000 0.137 0.057 0.057 0.067 0.107 0.056 0.065 0.165 0.065 0.000 0.059 0.209 0.000 0.096 0.000 0.000 0.000 0.000 0.000 0.000 0.000 0.000 0.000 0.000 0.000 0.000 0.000 0.000 0.005 0.002 0.015 0.017 0.018 0.019 0.018 0.018 0.017 0.016 0.015 0.015 0.014 0.014 0.014 0.014 0.014 0.012 0.012 0.013
0.011 0.010 0.009 0.008 0.008 0.008 0.008 0.008 0.008 0.007 0.009 0.009 0.009 0.008 0.007 0.006 0.005 0.005 0.005 0.002 0.000 0.000 0.000 0.000 0.001 0.000 0.001 0.000 0.000 0.237 0.197 0.000 0.177 0.217 0.000 0.174 0.000 0.000 0.040 0.000 0.001 0.004 0.004 0.004 0.004 0.004 0.004 0.003 0.003 0.003 0.003 0.003 0.003 0.002 0.002 0.004 0.013 0.015 0.016 0.012 0.018 0.022 0.026 0.028 0.029 0.029 0.028 0.028 0.027 0.026 0.025 0.024 0.024 0.023 0.020 0.020 0.019
0.006 0.005 0.005 0.005 0.004 0.004 0.004 0.004 0.004 0.004 0.005 0.005 0.005 0.004 0.004 0.003 0.002 0.002 0.002 0.000 0.000 0.000 0.000 0.000 0.000 0.000 0.000 0.000 0.000 0.237 0.197 0.000 0.177 0.217 0.000 0.174 0.000 0.000 0.040 0.000 0.000 0.001 0.000 0.001 0.001 0.001 0.001 0.000 0.000 0.000 0.000 0.001 0.000 0.000 0.000 0.002 0.009 0.011 0.012 0.008 0.014 0.019 0.023 0.026 0.028 0.027 0.026 0.026 0.025 0.023 0.022 0.021 0.020 0.019 0.016 0.016 0.015
0.006 0.006 0.005 0.005 0.005 0.005 0.005 0.005 0.005 0.004 0.006 0.005 0.005 0.004 0.004 0.003 0.002 0.002 0.002 0.001 0.001 0.000 0.000 0.000 0.000 0.000 0.000 0.000 0.000 0.000 0.000 0.000 0.000 0.000 0.000 0.009 0.004 0.002 0.000 0.001 0.000 0.001 0.001 0.001 0.001 0.001 0.001 0.001 0.001 0.001 0.001 0.001 0.002 0.002 0.003 0.006 0.010 0.013 0.014 0.008 0.010 0.016 0.020 0.024 0.027 0.029 0.031 0.033 0.035 0.036 0.037 0.035 0.033 0.030 0.025 0.022 0.018
0.005 0.005 0.005 0.004 0.004 0.004 0.004 0.004 0.004 0.003 0.005 0.005 0.004 0.004 0.003 0.002 0.002 0.002 0.002 0.002 0.001 0.000 0.000 0.000 0.000 0.000 0.000 0.000 0.000 0.000 0.000 0.000 0.000 0.000 0.000 0.007 0.004 0.002 0.001 0.000 0.000 0.001 0.000 0.000 0.001 0.001 0.002 0.002 0.002 0.002 0.002 0.002 0.002 0.003 0.004 0.007 0.010 0.013 0.014 0.006 0.006 0.012 0.017 0.021 0.024 0.027 0.029 0.031 0.033 0.034 0.035 0.036 0.036 0.035 0.029 0.025 0.019
0.007 0.006 0.006 0.006 0.005 0.005 0.005 0.006 0.006 0.005 0.007 0.006 0.005 0.004 0.004 0.003 0.003 0.003 0.003 0.002 0.002 0.002 0.001 0.000 0.000 0.000 0.000 0.000 0.000 0.000 0.000 0.000 0.000 0.000 0.000 0.009 0.008 0.007 0.007 0.002 0.001 0.002 0.002 0.002 0.003 0.003 0.003 0.003 0.003 0.003 0.003 0.004 0.005 0.006 0.009 0.013 0.018 0.015 0.017 0.008 0.007 0.007 0.013 0.017 0.021 0.024 0.027 0.029 0.031 0.032 0.033 0.033 0.033 0.032 0.024 0.022 0.023
0.007 0.007 0.006 0.006 0.006 0.006 0.006 0.006 0.006 0.005 0.007 0.006 0.004 0.004 0.004 0.004 0.003 0.003 0.003 0.003 0.003 0.002 0.002 0.001 0.001 0.001 0.000 0.000 0.001 0.000 0.000 0.003 0.003 0.005 0.008 0.012 0.010 0.008 0.006 0.002 0.002 0.002 0.003 0.002 0.003 0.003 0.004 0.004 0.004 0.004 0.005 0.006 0.008 0.010 0.013 0.018 0.018 0.014 0.017 0.008 0.008 0.008 0.009 0.014 0.018 0.022 0.025 0.027 0.029 0.030 0.031 0.031 0.030 0.027 0.018 0.021 0.023
0.008 0.007 0.007 0.007 0.006 0.006 0.006 0.006 0.006 0.005 0.006 0.005 0.004 0.004 0.004 0.004 0.004 0.004 0.004 0.003 0.003 0.003 0.002 0.002 0.002 0.002 0.001 0.001 0.003 0.002 0.003 0.004 0.005 0.007 0.009 0.011 0.010 0.007 0.005 0.003 0.002 0.002 0.003 0.002 0.003 0.004 0.004 0.005 0.005 0.006 0.007 0.009 0.011 0.014 0.018 0.022 0.018 0.014 0.017 0.008 0.008 0.007 0.006 0.011 0.015 0.019 0.022 0.025 0.026 0.028 0.028 0.027 0.025 0.023 0.014 0.019 0.022
0.011 0.009 0.008 0.007 0.007 0.007 0.007 0.006 0.006 0.005 0.005 0.005 0.005 0.005 0.005 0.005 0.004 0.004 0.004 0.004 0.003 0.003 0.003 0.003 0.003 0.003 0.002 0.005 0.005 0.004 0.005 0.006 0.007 0.009 0.010 0.010 0.009 0.007 0.005 0.003 0.003 0.003 0.004 0.003 0.003 0.004 0.005 0.006 0.007 0.008 0.010 0.012 0.014 0.018 0.022 0.023 0.017 0.014 0.017 0.008 0.008 0.008 0.007 0.007 0.012 0.016 0.020 0.022 0.024 0.025 0.025 0.023 0.018 0.024 0.014 0.019 0.021
0.012 0.012 0.011 0.011 0.009 0.008 0.007 0.006 0.005 0.006 0.005 0.005 0.005 0.005 0.005 0.005 0.005 0.005 0.005 0.004 0.004 0.004 0.004 0.004 0.004 0.005 0.004 0.009 0.006 0.006 0.006 0.007 0.008 0.009 0.010 0.010 0.008 0.007 0.005 0.004 0.004 0.004 0.006 0.004 0.004 0.004 0.006 0.008 0.009 0.011 0.013 0.015 0.018 0.022 0.027 0.022 0.017 0.014 0.018 0.009 0.009 0.008 0.007 0.006 0.009 0.014 0.017 0.020 0.021 0.022 0.021 0.016 0.017 0.024 0.014 0.018 0.020
0.014 0.013 0.012 0.012 0.011 0.010 0.010 0.006 0.005 0.007 0.005 0.006 0.006 0.006 0.006 0.006 0.006 0.005 0.005 0.005 0.005 0.005 0.005 0.006 0.009 0.017 0.017 0.011 0.009 0.008 0.008 0.009 0.009 0.010 0.010 0.009 0.008 0.007 0.005 0.005 0.005 0.005 0.007 0.005 0.005 0.006 0.006 0.009 0.011 0.013 0.016 0.019 0.023 0.027 0.028 0.021 0.016 0.014 0.018 0.009 0.009 0.008 0.007 0.006 0.005 0.011 0.014 0.017 0.018 0.018 0.014 0.014 0.016 0.024 0.014 0.018 0.020
0.015 0.014 0.014 0.013 0.012 0.011 0.010 0.007 0.006 0.011 0.008 0.008 0.007 0.007 0.007 0.007 0.007 0.008 0.008 0.009 0.010 0.015 0.023 0.033 0.043 0.042 0.042 0.023 0.017 0.013 0.011 0.011 0.011 0.011 0.010 0.010 0.008 0.007 0.006 0.006 0.006 0.006 0.009 0.006 0.007 0.007 0.008 0.009 0.013 0.016 0.019 0.023 0.027 0.032 0.026 0.020 0.016 0.014 0.018 0.009 0.009 0.008 0.007 0.006 0.005 0.007 0.011 0.014 0.015 0.012 0.012 0.014 0.016 0.024 0.014 0.018 0.019
0.017 0.016 0.015 0.014 0.013 0.013 0.011 0.007 0.006 0.013 0.009 0.010 0.012 0.015 0.017 0.019 0.024 0.029 0.035 0.041 0.048 0.056 0.067 0.078 0.079 0.068 0.069 0.047 0.038 0.030 0.023 0.018 0.015 0.014 0.012 0.011 0.009 0.008 0.008 0.008 0.008 0.008 0.011 0.008 0.009 0.010 0.011 0.012 0.014 0.019 0.023 0.027 0.032 0.033 0.025 0.019 0.016 0.014 0.018 0.009 0.009 0.008 0.007 0.006 0.005 0.004 0.008 0.011 0.010 0.009 0.011 0.013 0.015 0.023 0.013 0.017 0.019
0.018 0.018 0.017 0.016 0.015 0.014 0.012 0.008 0.006 0.013 0.010 0.011 0.015 0.023 0.037 0.053 0.069 0.076 0.082 0.089 0.096 0.104 0.115 0.117 0.105 0.095 0.096 0.074 0.065 0.056 0.047 0.039 0.032 0.026 0.021 0.017 0.014 0.012 0.012 0.011 0.011 0.011 0.015 0.011 0.012 0.013 0.014 0.016 0.017 0.021 0.027 0.032 0.037 0.031 0.024 0.019 0.016 0.014 0.018 0.009 0.009 0.008 0.007 0.006 0.005 0.004 0.005 0.006 0.006 0.008 0.010 0.012 0.014 0.022 0.013 0.017 0.018
0.020 0.020 0.019 0.018 0.017 0.015 0.013 0.010 0.006 0.014 0.010 0.014 0.021 0.033 0.049 0.066 0.083 0.101 0.118 0.136 0.145 0.152 0.155 0.144 0.133 0.122 0.123 0.101 0.092 0.083 0.074 0.066 0.058 0.051 0.044 0.037 0.031 0.027 0.025 0.024 0.023 0.022 0.026 0.020 0.020 0.021 0.022 0.023 0.024 0.026 0.031 0.037 0.039 0.030 0.023 0.019 0.016 0.014 0.018 0.009 0.009 0.008 0.007 0.006 0.005 0.003 0.002 0.003 0.005 0.007 0.009 0.011 0.013 0.022 0.012 0.016 0.018
0.023 0.022 0.022 0.020 0.018 0.016 0.014 0.012 0.007 0.015 0.012 0.018 0.029 0.045 0.062 0.079 0.097 0.114 0.132 0.149 0.167 0.179 0.174 0.167 0.160 0.149 0.151 0.129 0.120 0.110 0.102 0.094 0.086 0.078 0.070 0.063 0.057 0.053 0.051 0.049 0.047 0.045 0.049 0.041 0.040 0.040 0.039 0.039 0.039 0.039 0.039 0.044 0.038 0.029 0.023 0.019 0.016 0.014 0.018 0.009 0.009 0.008 0.007 0.005 0.004 0.003 0.001 0.003 0.005 0.007 0.009 0.011 0.014 0.022 0.013 0.017 0.018
0.028 0.027 0.025 0.023 0.021 0.019 0.017 0.014 0.009 0.018 0.016 0.026 0.041 0.057 0.075 0.092 0.110 0.127 0.145 0.163 0.176 0.172 0.168 0.162 0.156 0.151 0.152 0.141 0.136 0.132 0.129 0.121 0.113 0.105 0.098 0.091 0.085 0.082 0.080 0.077 0.075 0.073 0.078 0.069 0.068 0.066 0.065 0.064 0.063 0.060 0.056 0.053 0.041 0.031 0.024 0.019 0.017 0.015 0.019 0.010 0.009 0.008 0.007 0.005 0.004 0.002 0.001 0.002 0.003 0.006 0.008 0.010 0.014 0.025 0.015 0.020 0.022
0.036 0.034 0.032 0.030 0.028 0.026 0.023 0.020 0.016 0.025 0.023 0.036 0.052 0.070 0.087 0.105 0.122 0.140 0.158 0.172 0.169 0.166 0.163 0.157 0.151 0.146 0.147 0.136 0.131 0.127 0.124 0.120 0.118 0.115 0.112 0.110 0.107 0.102 0.097 0.093 0.088 0.084 0.089 0.076 0.072 0.069 0.066 0.063 0.059 0.055 0.051 0.052 0.050 0.038 0.029 0.024 0.020 0.018 0.023 0.012 0.012 0.010 0.009 0.007 0.005 0.002 0.003 0.003 0.004 0.005 0.007 0.009 0.013 0.023 0.014 0.019 0.022
0.029 0.027 0.025 0.023 0.022 0.020 0.018 0.015 0.011 0.021 0.019 0.033 0.050 0.067 0.085 0.103 0.121 0.139 0.157 0.171 0.168 0.165 0.162 0.157 0.151 0.146 0.147 0.136 0.131 0.127 0.124 0.120 0.118 0.115 0.112 0.110 0.107 0.102 0.097 0.093 0.088 0.084 0.089 0.075 0.072 0.069 0.065 0.062 0.058 0.054 0.049 0.049 0.047 0.034 0.024 0.018 0.015 0.013 0.017 0.008 0.008 0.007 0.005 0.004 0.002 0.000 0.001 0.001 0.002 0.003 0.004 0.006 0.008 0.017 0.010 0.014 0.016
0.029 0.027 0.025 0.024 0.022 0.020 0.019 0.016 0.014 0.024 0.024 0.041 0.058 0.076 0.095 0.113 0.132 0.150 0.166 0.163 0.161 0.158 0.155 0.151 0.146 0.140 0.142 0.130 0.126 0.122 0.119 0.116 0.113 0.110 0.108 0.106 0.104 0.099 0.094 0.090 0.085 0.081 0.085 0.072 0.069 0.066 0.062 0.058 0.054 0.050 0.046 0.048 0.049 0.043 0.029 0.020 0.016 0.013 0.017 0.008 0.008 0.007 0.005 0.004 0.002 0.001 0.002 0.002 0.002 0.002 0.003 0.005 0.007 0.015 0.008 0.012 0.014
0.025 0.024 0.023 0.022 0.020 0.019 0.018 0.017 0.017 0.025 0.027 0.047 0.066 0.085 0.104 0.123 0.142 0.159 0.157 0.155 0.153 0.151 0.148 0.145 0.140 0.135 0.137 0.125 0.121 0.117 0.114 0.110 0.108 0.105 0.103 0.101 0.099 0.096 0.091 0.087 0.082 0.078 0.082 0.069 0.066 0.062 0.059 0.055 0.051 0.046 0.046 0.047 0.048 0.048 0.038 0.025 0.016 0.012 0.015 0.007 0.007 0.005 0.004 0.003 0.001 0.001 0.002 0.002 0.002 0.002 0.003 0.004 0.005 0.013 0.007 0.010 0.012
0.027 0.027 0.027 0.027 0.026 0.026 0.027 0.028 0.031 0.035 0.041 0.063 0.085 0.106 0.126 0.146 0.145 0.144 0.142 0.140 0.138 0.136 0.134 0.133 0.129 0.124 0.126 0.115 0.111 0.107 0.104 0.100 0.098 0.095 0.093 0.091 0.090 0.088 0.085 0.081 0.076 0.072 0.076 0.063 0.060 0.056 0.052 0.049 0.045 0.044 0.046 0.048 0.048 0.048 0.047 0.047 0.031 0.019 0.021 0.008 0.008 0.006 0.004 0.002 0.002 0.002 0.003 0.003 0.003 0.002 0.003 0.004 0.005 0.013 0.007 0.011 0.019
