includes/lisflood/camargue/results_R3_t1.56174127354E12/res-0007.wdfp
ncols         906
nrows         631
xllcorner     362177.146667
yllcorner     6534725.688020
cellsize      20.000000
NODATA_value  -9999.000000
[rows 340 to 373 of 631, columns 770 to 846 of 906]
0.902 0.882 0.822 0.942 0.922 0.942 0.922 1.012 0.832 0.952 0.812 0.742 0.742 1.072 0.782 0.962 0.932 0.942 0.000 0.000 0.000 0.000 0.000 0.031 0.000 0.000 0.000 0.000 0.000 0.000 0.000 0.000 0.000 0.495 0.926 1.106 1.126 1.076 1.227 1.407 1.387 1.387 1.448 1.458 1.458 1.638 1.558 1.618 1.638 1.629 1.579 1.579 1.649 1.609 1.799 1.589 1.689 1.709 1.609 1.499 1.499 1.588 1.468 1.228 1.127 1.197 1.707 1.416 1.376 1.005 1.035 1.094 1.084 0.823 0.703 0.913 0.912
0.612 0.812 0.942 0.812 0.842 0.922 0.872 0.892 0.822 0.902 0.872 0.652 0.652 0.682 0.762 0.852 0.672 0.162 0.000 0.000 0.000 0.000 0.000 0.000 0.000 0.000 0.000 0.000 0.000 0.000 0.000 0.495 0.995 1.005 1.196 1.226 1.166 1.476 1.227 1.367 1.477 1.587 1.468 1.568 1.568 1.578 1.648 1.608 1.678 1.669 1.749 1.719 1.749 1.859 1.729 1.629 1.719 1.679 1.639 1.599 1.599 1.638 1.578 1.388 1.387 1.137 1.107 1.126 1.486 1.405 1.235 1.344 1.164 1.143 1.003 0.692 0.692
0.242 0.122 0.000 0.022 0.000 0.000 0.732 1.002 0.962 0.952 0.472 0.000 0.000 0.000 0.652 1.112 0.000 0.000 0.000 0.000 0.000 0.000 0.000 0.000 0.000 0.000 0.000 0.000 0.000 0.406 0.976 1.166 1.115 1.305 1.176 1.366 1.456 1.266 1.477 1.417 1.417 1.507 1.588 1.568 1.568 1.698 1.678 1.673 1.619 1.719 1.854 1.589 1.920 1.911 1.902 1.729 1.689 1.876 1.669 1.719 1.719 1.528 1.528 1.508 1.338 1.297 1.337 0.966 0.996 1.075 1.275 1.324 1.243 1.183 1.142 1.062 1.061
1.012 0.122 0.000 0.000 0.000 0.000 0.000 0.982 0.092 0.972 0.262 0.000 0.000 0.962 0.242 0.000 0.000 0.000 0.000 0.000 0.000 0.000 0.000 0.000 0.000 0.000 0.000 1.085 1.085 1.115 1.095 1.205 1.285 1.235 1.336 1.426 1.506 1.466 1.407 1.397 1.697 1.638 1.588 1.628 1.628 1.638 1.657 1.649 1.629 1.719 1.899 1.960 1.972 1.963 1.954 1.945 1.719 1.928 1.919 1.910 1.910 1.589 1.658 1.548 1.498 1.457 1.357 1.167 0.896 0.985 0.855 0.994 1.133 1.413 1.202 1.132 1.131
0.802 0.822 0.712 0.682 0.702 0.652 0.632 0.572 0.572 0.582 0.452 0.542 0.542 0.000 0.000 0.105 0.000 0.000 0.000 0.000 0.000 0.000 0.000 0.000 0.000 0.000 0.935 1.145 1.145 1.175 1.285 1.265 1.375 1.285 1.365 1.516 1.546 1.426 1.507 1.278 1.577 1.658 1.459 1.718 1.718 1.728 1.702 1.762 1.749 1.883 1.944 2.004 2.024 2.015 2.006 1.998 1.989 1.980 1.971 1.962 1.961 1.928 1.598 1.658 1.548 1.478 1.487 1.347 0.996 0.786 0.655 0.574 0.643 0.793 1.082 1.471 1.471
0.592 0.512 0.582 0.572 0.462 0.422 0.412 0.232 0.252 0.182 0.032 0.372 0.372 0.029 0.141 0.067 0.000 0.000 0.000 0.000 0.000 0.000 0.000 0.000 0.544 1.074 1.084 1.335 1.335 1.255 1.215 1.365 1.315 1.475 1.475 1.436 1.596 1.716 1.677 1.567 1.698 1.678 1.728 1.698 1.698 1.686 1.746 1.807 1.867 1.928 1.988 2.049 2.076 2.067 2.058 2.050 2.041 2.032 2.023 2.014 2.014 1.679 1.925 1.648 1.688 1.688 1.577 1.417 1.136 1.066 0.885 0.764 0.823 0.753 0.522 0.981 0.980
0.662 0.652 0.672 0.722 0.562 0.572 0.482 0.422 0.302 0.172 0.000 0.112 0.112 0.000 0.000 0.000 0.000 0.000 0.000 0.000 0.000 0.000 0.224 0.954 1.103 1.084 1.204 1.304 1.305 1.475 1.475 1.465 1.375 1.515 1.455 1.596 1.696 1.737 1.717 1.697 1.738 1.658 1.748 1.748 1.749 1.731 1.791 1.852 1.912 1.973 2.033 2.093 2.128 2.119 2.111 2.102 2.093 2.084 2.075 2.051 2.050 1.986 1.699 1.648 1.618 1.658 1.507 1.357 1.386 1.206 1.045 0.934 0.774 0.783 0.452 0.301 0.300
0.662 0.652 0.672 0.722 0.562 0.572 0.482 0.422 0.302 0.172 0.000 0.112 0.112 0.000 0.000 0.000 0.000 0.000 0.000 0.000 0.000 0.000 0.223 0.953 1.103 1.083 1.204 1.304 1.304 1.474 1.474 1.465 1.375 1.515 1.456 1.596 1.696 1.737 1.717 1.697 1.738 1.658 1.748 1.749 1.749 1.731 1.791 1.852 1.912 1.973 2.033 2.094 2.129 2.120 2.111 2.102 2.093 2.084 2.075 2.051 2.051 1.986 1.699 1.649 1.618 1.658 1.507 1.357 1.386 1.206 1.045 0.934 0.774 0.783 0.452 0.301 0.300
1.032 0.762 1.032 0.782 0.652 0.582 0.722 0.012 0.242 0.462 0.162 0.000 0.000 0.000 0.000 0.000 0.000 0.000 0.000 0.000 0.004 0.612 1.042 1.122 1.223 1.213 1.323 1.384 1.384 1.534 1.374 1.504 1.525 1.635 1.344 1.566 1.686 1.717 1.657 1.529 1.566 1.698 1.640 1.676 1.677 1.775 1.836 1.897 1.957 2.018 2.078 2.139 2.181 2.172 2.163 2.154 2.145 2.137 2.112 2.080 2.080 2.015 1.983 1.950 1.639 1.608 1.488 1.377 1.347 1.336 1.335 0.905 0.744 0.643 0.453 0.241 0.240
0.722 0.262 0.322 0.472 0.692 0.602 0.432 0.552 0.212 0.112 0.000 0.000 0.000 0.000 0.000 0.000 0.000 0.000 0.841 1.021 1.161 1.221 1.071 1.272 1.302 1.383 1.433 1.593 1.593 1.584 1.594 1.674 1.495 1.735 1.676 1.706 1.586 1.623 1.660 1.748 1.733 1.770 1.807 1.844 1.844 1.918 1.954 1.991 2.046 2.107 2.167 2.228 2.285 2.276 2.267 2.258 2.234 2.202 2.170 2.138 2.138 2.073 2.041 2.008 1.649 1.599 1.618 1.547 1.517 1.566 1.375 1.255 1.134 0.884 0.703 0.261 0.260
0.552 0.502 0.000 0.162 0.602 0.432 0.352 0.292 0.112 0.152 0.000 0.000 0.000 0.000 0.000 0.000 0.390 0.910 1.120 1.200 1.161 1.301 1.251 1.362 1.442 1.502 1.413 1.533 1.533 1.484 1.524 1.574 1.525 1.625 1.595 1.706 1.557 1.747 1.743 1.780 1.817 1.854 1.891 1.928 1.928 2.001 2.038 2.075 2.112 2.152 2.212 2.273 2.333 2.328 2.320 2.296 2.263 2.231 2.199 2.167 2.167 2.102 2.070 2.037 2.005 1.569 1.599 1.698 1.487 1.477 1.416 1.375 1.044 1.144 0.603 0.391 0.390
0.422 0.332 0.482 0.532 0.372 0.282 0.222 0.000 0.000 0.000 0.000 0.000 0.000 0.000 0.000 0.869 1.019 1.250 1.210 1.380 1.370 1.221 1.421 1.361 1.372 1.592 1.482 1.683 1.683 1.613 1.544 1.734 1.705 1.735 1.679 1.716 1.747 1.790 1.827 1.864 1.901 1.938 1.975 2.012 2.012 2.085 2.122 2.159 2.196 2.232 2.269 2.318 2.378 2.381 2.357 2.325 2.293 2.260 2.228 2.196 2.196 2.131 2.099 2.066 2.034 2.001 1.669 1.708 1.588 1.457 1.356 1.325 1.185 0.964 0.693 0.392 0.390
0.302 0.262 0.262 0.472 0.222 0.142 0.000 0.000 0.000 0.000 0.000 0.000 0.000 0.348 0.958 1.039 1.099 1.169 1.209 1.360 1.370 1.490 1.280 1.501 1.451 1.412 1.452 1.543 1.543 1.573 1.724 1.446 1.675 1.697 1.763 1.800 1.837 1.874 1.911 1.948 1.985 2.022 2.059 2.096 2.096 2.169 2.206 2.243 2.280 2.316 2.353 2.390 2.427 2.418 2.386 2.354 2.322 2.290 2.257 2.225 2.225 2.161 2.128 2.096 2.063 2.030 1.640 1.539 1.528 1.497 1.397 1.426 1.055 0.964 0.863 0.452 0.451
0.472 0.362 0.322 0.162 0.092 0.000 0.000 0.000 0.000 0.000 0.000 0.000 0.886 1.087 1.118 1.378 1.318 1.199 1.339 1.389 1.489 1.300 1.540 1.421 1.571 1.551 1.652 1.612 1.613 1.733 1.406 1.744 1.656 1.782 1.847 1.884 1.921 1.958 1.995 2.032 2.069 2.106 2.143 2.179 2.180 2.253 2.290 2.327 2.364 2.400 2.437 2.453 2.465 2.475 2.443 2.410 2.378 2.346 2.314 2.282 2.282 2.217 2.185 2.152 2.120 1.581 1.670 1.530 1.529 1.388 1.457 1.216 1.015 0.764 0.603 0.722 0.721
0.282 0.000 0.642 0.000 0.000 0.000 0.000 0.000 0.000 0.000 0.424 1.165 1.165 1.086 1.157 1.227 1.288 1.398 1.358 1.429 1.569 1.579 1.520 1.620 1.421 1.461 1.552 1.552 1.553 1.365 1.490 1.704 1.741 1.866 1.930 1.967 2.005 2.042 2.079 2.116 2.153 2.189 2.226 2.263 2.264 2.337 2.374 2.411 2.446 2.457 2.469 2.481 2.492 2.502 2.502 2.470 2.438 2.405 2.373 2.341 2.341 2.277 2.244 2.212 2.179 1.452 1.231 1.460 1.289 1.348 1.247 1.086 0.835 0.714 0.503 0.342 0.342
0.302 0.000 0.172 0.000 0.000 0.000 0.000 0.000 0.000 0.933 1.043 1.304 1.305 1.215 1.226 1.276 1.407 1.447 1.368 1.488 1.639 1.419 1.639 1.530 1.580 1.551 1.651 1.522 1.523 1.663 1.575 1.734 1.826 1.951 2.014 2.051 2.088 2.125 2.162 2.199 2.236 2.273 2.310 2.347 2.348 2.421 2.449 2.461 2.473 2.485 2.497 2.508 2.519 2.528 2.538 2.529 2.497 2.465 2.433 2.401 2.400 2.336 2.304 2.272 2.239 1.553 1.203 1.101 1.170 1.279 1.288 0.917 0.536 0.176 0.000 0.144 0.144
0.000 0.000 0.000 0.000 0.000 0.000 0.000 0.340 1.111 1.212 1.173 1.214 1.214 1.385 1.405 1.366 1.406 1.457 1.577 1.638 1.548 1.399 1.699 1.569 1.630 1.681 1.601 1.732 1.733 1.703 1.659 1.785 1.910 2.036 2.098 2.135 2.172 2.209 2.246 2.283 2.320 2.357 2.394 2.431 2.431 2.465 2.477 2.489 2.500 2.512 2.524 2.536 2.546 2.555 2.565 2.574 2.556 2.524 2.492 2.460 2.460 2.396 2.363 2.331 2.299 1.694 1.154 0.913 0.891 0.900 0.539 0.358 0.000 0.005 0.000 0.020 0.019
0.000 0.000 0.000 0.000 0.000 0.000 0.640 1.030 1.151 1.312 1.232 1.263 1.264 1.454 1.495 1.456 1.536 1.557 1.527 1.597 1.428 1.558 1.649 1.609 1.540 1.670 1.631 1.682 1.682 1.618 1.744 1.869 1.995 2.120 2.182 2.219 2.256 2.293 2.330 2.367 2.404 2.441 2.456 2.468 2.469 2.492 2.504 2.516 2.528 2.539 2.551 2.563 2.573 2.582 2.592 2.601 2.611 2.583 2.551 2.519 2.519 2.455 2.423 2.391 2.359 2.326 1.335 1.145 0.694 0.363 0.261 0.000 0.000 0.000 0.003 0.076 0.074
0.000 0.000 0.000 0.000 0.000 0.969 1.069 1.190 1.241 1.231 1.322 1.533 1.533 1.604 1.585 1.695 1.516 1.556 1.497 1.477 1.557 1.079 1.619 1.689 1.620 1.680 1.591 1.655 1.656 1.738 1.828 1.954 2.079 2.205 2.265 2.303 2.339 2.376 2.413 2.448 2.460 2.472 2.483 2.495 2.496 2.519 2.531 2.543 2.555 2.567 2.579 2.590 2.600 2.609 2.619 2.628 2.638 2.642 2.610 2.579 2.579 2.514 2.482 2.450 2.418 2.386 2.354 1.377 0.767 0.467 0.023 0.000 0.000 0.000 0.000 0.003 0.002
0.000 0.000 0.000 0.208 1.028 1.249 1.189 1.270 1.230 1.341 1.462 1.582 1.583 1.494 1.454 1.525 1.615 1.646 1.506 1.697 1.547 1.718 1.688 1.709 1.730 1.700 1.634 1.731 1.732 1.882 1.964 2.047 2.164 2.289 2.349 2.386 2.423 2.451 2.463 2.475 2.487 2.499 2.511 2.522 2.523 2.547 2.559 2.570 2.582 2.594 2.606 2.617 2.627 2.636 2.646 2.655 2.665 2.674 2.670 2.638 2.638 2.574 2.542 2.510 2.478 2.446 2.414 2.350 0.929 0.509 0.260 0.002 0.000 0.000 0.000 0.000 0.000
0.000 0.000 0.518 0.998 1.128 1.189 1.249 1.400 1.490 1.471 1.461 1.622 1.623 1.573 1.624 1.685 1.705 1.626 1.506 1.697 1.627 1.366 1.448 1.531 1.720 1.740 1.778 1.732 1.732 2.025 2.108 2.190 2.273 2.374 2.433 2.454 2.466 2.478 2.490 2.502 2.514 2.526 2.538 2.550 2.550 2.574 2.586 2.598 2.610 2.622 2.634 2.644 2.654 2.663 2.673 2.682 2.692 2.701 2.711 2.697 2.697 2.633 2.601 2.569 2.538 2.506 2.474 2.337 1.680 0.821 0.681 0.011 0.000 0.000 0.000 0.000 0.000
0.000 0.857 1.107 1.158 1.328 1.358 1.359 1.509 1.410 1.541 1.611 1.642 1.642 1.583 1.494 1.634 1.605 1.565 1.262 1.527 1.647 1.648 1.592 1.674 1.757 1.839 1.921 2.086 2.086 2.169 2.251 2.334 2.416 2.451 2.469 2.481 2.493 2.505 2.517 2.529 2.541 2.553 2.565 2.577 2.577 2.601 2.613 2.625 2.637 2.649 2.661 2.671 2.681 2.691 2.700 2.710 2.719 2.729 2.738 2.748 2.748 2.693 2.661 2.629 2.597 2.565 2.533 2.323 2.093 1.862 0.892 0.463 0.463 0.013 0.000 0.000 0.000
0.936 1.157 1.127 1.248 1.258 1.348 1.449 1.529 1.590 1.580 1.591 1.682 1.682 1.613 1.135 1.734 1.665 1.655 1.616 1.717 1.737 1.738 1.735 1.818 1.900 1.983 2.065 2.229 2.230 2.312 2.395 2.438 2.453 2.468 2.487 2.508 2.520 2.532 2.544 2.556 2.568 2.580 2.592 2.604 2.605 2.628 2.640 2.652 2.665 2.677 2.688 2.698 2.708 2.718 2.727 2.737 2.746 2.756 2.765 2.775 2.775 2.752 2.720 2.688 2.657 2.625 2.541 2.310 2.079 1.849 1.618 1.683 1.053 0.474 0.147 0.074 0.075
0.936 1.156 1.127 1.247 1.258 1.348 1.448 1.529 1.589 1.580 1.591 1.681 1.682 1.613 1.134 1.734 1.664 1.655 1.616 1.716 1.737 1.738 1.735 1.818 1.900 1.983 2.065 2.229 2.230 2.312 2.395 2.438 2.453 2.468 2.487 2.508 2.520 2.532 2.544 2.556 2.568 2.580 2.592 2.604 2.605 2.629 2.641 2.653 2.665 2.677 2.689 2.699 2.708 2.718 2.728 2.737 2.747 2.756 2.766 2.775 2.776 2.753 2.721 2.689 2.657 2.626 2.542 2.311 2.080 1.849 1.618 1.684 1.054 0.474 0.147 0.073 0.073
1.186 1.346 1.227 1.327 1.367 1.458 1.488 1.529 1.519 1.650 1.580 1.631 1.632 1.692 1.623 1.343 1.674 1.474 1.666 1.631 1.707 1.796 1.879 1.961 2.044 1.700 1.671 2.373 2.373 2.426 2.441 2.455 2.470 2.485 2.505 2.525 2.545 2.559 2.571 2.584 2.595 2.608 2.620 2.632 2.632 2.656 2.668 2.680 2.692 2.704 2.716 2.726 2.735 2.745 2.755 2.764 2.774 2.783 2.793 2.803 2.803 2.812 2.781 2.749 2.717 2.685 2.528 2.298 2.067 1.836 1.605 1.374 1.144 0.913 0.683 1.538 1.539
1.276 1.346 1.436 1.467 1.587 1.398 1.588 1.569 1.629 1.710 1.670 1.288 1.289 1.522 1.643 1.486 1.551 1.675 1.685 1.706 1.857 1.940 2.022 2.105 2.187 2.270 2.352 2.427 2.428 2.443 2.457 2.472 2.487 2.502 2.523 2.543 2.563 2.583 2.599 2.611 2.623 2.635 2.647 2.659 2.660 2.683 2.695 2.707 2.720 2.732 2.743 2.752 2.762 2.772 2.782 2.791 2.801 2.811 2.820 2.830 2.830 2.849 2.840 2.808 2.776 2.745 2.515 2.284 2.053 1.823 1.592 1.361 1.130 0.915 0.753 0.592 0.592
1.486 1.566 1.506 1.457 1.607 1.608 1.718 1.649 1.669 1.639 1.405 1.562 1.563 1.640 1.706 1.772 1.837 1.903 1.979 2.062 2.144 2.227 2.309 2.388 2.403 2.418 2.432 2.461 2.462 2.477 2.491 2.506 2.521 2.537 2.558 2.578 2.598 2.618 2.639 2.659 2.677 2.689 2.701 2.713 2.714 2.738 2.750 2.762 2.774 2.786 2.796 2.806 2.816 2.825 2.835 2.845 2.855 2.864 2.874 2.884 2.884 2.903 2.912 2.922 2.895 2.719 2.488 2.263 2.101 1.938 1.776 1.614 1.452 1.290 1.129 0.967 0.968
1.425 1.476 1.576 1.637 1.507 1.568 1.718 1.292 1.371 1.709 1.528 1.680 1.681 1.765 1.692 1.915 1.980 2.046 2.123 2.205 2.288 2.370 2.390 2.405 2.420 2.434 2.449 2.478 2.479 2.494 2.508 2.523 2.538 2.555 2.575 2.596 2.616 2.636 2.656 2.676 2.697 2.717 2.729 2.741 2.741 2.765 2.777 2.789 2.801 2.813 2.823 2.833 2.843 2.852 2.862 2.872 2.881 2.891 2.901 2.911 2.911 2.930 2.940 2.949 2.937 2.775 2.613 2.451 2.289 2.127 1.965 1.803 1.641 1.479 1.317 1.155 1.156
1.565 1.656 1.466 1.717 1.597 1.598 1.337 1.416 1.659 1.573 1.652 1.809 1.809 1.889 1.968 2.047 2.124 2.189 2.266 2.349 2.377 2.392 2.407 2.422 2.437 2.451 2.466 2.495 2.496 2.510 2.525 2.540 2.555 2.573 2.593 2.613 2.633 2.654 2.674 2.694 2.714 2.735 2.755 2.768 2.769 2.792 2.804 2.817 2.829 2.840 2.850 2.860 2.870 2.879 2.889 2.899 2.908 2.918 2.928 2.938 2.938 2.957 2.977 2.998 3.006 2.963 2.801 2.639 2.477 2.315 2.153 1.991 1.829 1.667 1.505 1.343 1.344
1.585 1.606 1.586 1.687 1.577 1.707 1.708 1.708 1.569 1.696 1.775 1.932 1.933 2.012 2.091 2.170 2.249 2.328 2.365 2.379 2.394 2.409 2.424 2.439 2.453 2.468 2.483 2.512 2.513 2.527 2.542 2.557 2.572 2.590 2.610 2.631 2.651 2.671 2.692 2.712 2.732 2.752 2.772 2.793 2.793 2.820 2.832 2.844 2.856 2.867 2.877 2.887 2.896 2.906 2.916 2.926 2.935 2.945 2.955 2.975 2.976 3.016 3.036 3.056 3.056 3.036 2.989 2.827 2.665 2.503 2.341 2.179 2.017 1.855 1.693 1.531 1.532
1.586 1.686 1.506 1.647 1.637 1.687 1.688 1.668 1.709 1.820 1.899 2.056 2.057 2.136 2.215 2.294 2.356 2.377 2.387 2.396 2.411 2.426 2.441 2.455 2.470 2.485 2.500 2.529 2.530 2.544 2.559 2.574 2.589 2.608 2.628 2.648 2.669 2.689 2.709 2.730 2.750 2.770 2.790 2.810 2.811 2.847 2.859 2.871 2.884 2.894 2.904 2.913 2.923 2.933 2.943 2.953 2.973 2.993 3.013 3.034 3.034 3.074 3.094 3.115 3.106 3.086 3.066 3.015 2.853 2.691 2.529 2.367 2.205 2.043 1.881 1.719 1.720
1.676 1.576 1.697 1.717 1.647 1.628 1.608 1.786 1.689 1.943 2.022 2.180 2.180 2.259 2.338 2.365 2.385 2.406 2.415 2.421 2.428 2.443 2.458 2.472 2.487 2.502 2.517 2.546 2.547 2.561 2.576 2.591 2.606 2.625 2.646 2.666 2.686 2.707 2.727 2.747 2.767 2.788 2.808 2.828 2.829 2.869 2.887 2.899 2.911 2.921 2.931 2.940 2.950 2.971 2.991 3.011 3.031 3.052 3.072 3.092 3.093 3.133 3.153 3.173 3.156 3.136 3.116 3.096 3.041 2.879 2.717 2.555 2.393 2.231 2.069 1.907 1.908
1.596 1.320 1.462 1.595 1.667 1.752 1.728 1.910 1.709 2.067 2.146 2.303 2.304 2.352 2.373 2.394 2.415 2.436 2.443 2.449 2.455 2.462 2.475 2.489 2.504 2.519 2.534 2.563 2.564 2.578 2.593 2.608 2.623 2.643 2.663 2.684 2.704 2.724 2.745 2.765 2.785 2.805 2.826 2.846 2.847 2.887 2.907 2.926 2.938 2.948 2.968 2.988 3.009 3.029 3.049 3.069 3.090 3.110 3.130 3.151 3.151 3.191 3.211 3.226 3.206 3.186 3.166 3.146 3.126 3.067 2.905 2.743 2.581 2.419 2.257 2.095 2.096
1.706 1.446 1.647 1.719 1.797 1.876 1.955 2.033 2.112 2.191 2.270 2.360 2.361 2.381 2.402 2.423 2.444 2.465 2.471 2.477 2.484 2.490 2.496 2.506 2.521 2.536 2.551 2.580 2.581 2.595 2.610 2.625 2.640 2.661 2.681 2.701 2.722 2.742 2.762 2.783 2.803 2.823 2.843 2.864 2.864 2.904 2.925 2.953 2.985 3.006 3.026 3.046 3.067 3.087 3.107 3.128 3.148 3.168 3.189 3.209 3.209 3.249 3.270 3.276 3.256 3.236 3.216 3.196 3.176 3.156 3.093 2.931 2.769 2.607 2.445 2.283 2.283
