includes/lisflood/camargue/results_R3_t1.56174127354E12/res-0012.wdfp
ncols         906
nrows         631
xllcorner     362177.146667
yllcorner     6534725.688020
cellsize      20.000000
NODATA_value  -9999.000000
[rows 374 to 407 of 631, columns 770 to 846 of 906]
0.085 0.000 0.000 0.000 0.000 0.000 0.000 0.000 0.000 0.000 0.000 0.000 0.000 0.000 0.000 0.001 0.001 0.002 0.003 0.003 0.003 0.002 0.002 0.002 0.002 0.002 0.002 0.004 0.002 0.002 0.002 0.002 0.002 0.002 0.002 0.002 0.002 0.002 0.002 0.002 0.002 0.002 0.002 0.004 0.002 0.002 0.002 0.002 0.002 0.003 0.002 0.002 0.002 0.002 0.002 0.002 0.003 0.004 0.004 0.008 0.005 0.007 0.017 0.017 0.003 0.000 0.000 0.000 0.000 0.000 0.000 0.000 0.000 0.000 0.000 0.000 0.000
0.000 0.000 0.000 0.000 0.000 0.000 0.000 0.001 0.000 0.000 0.001 0.001 0.000 0.000 0.000 0.000 0.000 0.002 0.002 0.003 0.003 0.003 0.002 0.002 0.002 0.002 0.002 0.004 0.002 0.002 0.002 0.002 0.002 0.002 0.002 0.002 0.002 0.002 0.002 0.002 0.002 0.002 0.002 0.004 0.001 0.002 0.002 0.002 0.002 0.003 0.003 0.002 0.002 0.002 0.002 0.002 0.003 0.003 0.008 0.025 0.025 0.083 0.103 0.092 0.058 0.023 0.005 0.000 0.000 0.000 0.000 0.000 0.000 0.000 0.000 0.000 0.000
0.000 0.000 0.000 0.000 0.000 0.001 0.001 0.000 0.000 0.001 0.001 0.001 0.000 0.000 0.000 0.000 0.000 0.002 0.002 0.003 0.003 0.003 0.002 0.002 0.002 0.002 0.001 0.004 0.002 0.002 0.003 0.002 0.002 0.002 0.002 0.002 0.002 0.002 0.002 0.002 0.002 0.002 0.002 0.004 0.001 0.002 0.002 0.002 0.002 0.003 0.003 0.003 0.002 0.002 0.002 0.009 0.030 0.069 0.106 0.126 0.125 0.166 0.185 0.165 0.143 0.120 0.100 0.057 0.020 0.003 0.000 0.000 0.000 0.000 0.000 0.000 0.000
0.000 0.000 0.000 0.000 0.000 0.001 0.000 0.001 0.001 0.001 0.001 0.001 0.000 0.000 0.000 0.000 0.000 0.001 0.002 0.003 0.003 0.003 0.003 0.003 0.002 0.002 0.002 0.004 0.002 0.002 0.003 0.003 0.003 0.003 0.003 0.002 0.002 0.002 0.002 0.002 0.002 0.002 0.002 0.004 0.002 0.002 0.002 0.002 0.002 0.003 0.003 0.003 0.004 0.026 0.074 0.110 0.131 0.156 0.180 0.200 0.199 0.239 0.252 0.230 0.210 0.189 0.167 0.142 0.115 0.094 0.045 0.012 0.001 0.000 0.000 0.000 0.000
0.003 0.003 0.003 0.004 0.004 0.003 0.003 0.003 0.003 0.003 0.002 0.004 0.002 0.002 0.002 0.002 0.002 0.003 0.004 0.005 0.005 0.005 0.005 0.005 0.005 0.005 0.004 0.007 0.005 0.004 0.004 0.004 0.004 0.004 0.004 0.004 0.004 0.005 0.005 0.005 0.005 0.005 0.005 0.008 0.004 0.005 0.005 0.005 0.005 0.005 0.006 0.014 0.084 0.125 0.158 0.183 0.204 0.226 0.248 0.269 0.269 0.308 0.312 0.291 0.271 0.250 0.229 0.207 0.184 0.162 0.135 0.110 0.078 0.033 0.011 0.001 0.003
0.000 0.000 0.000 0.002 0.002 0.002 0.001 0.001 0.001 0.001 0.001 0.002 0.001 0.001 0.000 0.001 0.000 0.001 0.002 0.002 0.002 0.003 0.003 0.003 0.003 0.003 0.002 0.004 0.002 0.002 0.002 0.002 0.002 0.002 0.002 0.002 0.002 0.002 0.002 0.002 0.002 0.002 0.002 0.004 0.002 0.002 0.002 0.002 0.002 0.002 0.010 0.051 0.100 0.141 0.171 0.192 0.213 0.235 0.256 0.277 0.277 0.316 0.320 0.300 0.279 0.259 0.239 0.217 0.196 0.175 0.150 0.128 0.102 0.074 0.053 0.001 0.002
0.000 0.001 0.001 0.002 0.002 0.002 0.002 0.001 0.001 0.001 0.001 0.002 0.001 0.000 0.001 0.000 0.001 0.001 0.002 0.002 0.002 0.003 0.003 0.003 0.003 0.003 0.002 0.004 0.002 0.002 0.002 0.002 0.002 0.002 0.002 0.002 0.002 0.002 0.002 0.002 0.002 0.002 0.002 0.004 0.002 0.002 0.002 0.002 0.004 0.041 0.095 0.132 0.167 0.203 0.239 0.263 0.284 0.305 0.324 0.345 0.345 0.384 0.380 0.360 0.340 0.321 0.301 0.280 0.260 0.239 0.218 0.198 0.177 0.157 0.142 0.132 0.137
0.001 0.001 0.001 0.001 0.001 0.001 0.001 0.001 0.001 0.001 0.000 0.002 0.000 0.001 0.000 0.000 0.000 0.001 0.001 0.002 0.002 0.002 0.002 0.002 0.002 0.002 0.002 0.003 0.002 0.002 0.001 0.001 0.001 0.001 0.002 0.002 0.002 0.002 0.002 0.002 0.002 0.002 0.002 0.004 0.001 0.002 0.003 0.022 0.081 0.117 0.155 0.191 0.225 0.258 0.292 0.326 0.350 0.370 0.390 0.410 0.410 0.449 0.438 0.418 0.398 0.378 0.358 0.338 0.318 0.298 0.278 0.258 0.238 0.222 0.208 0.195 0.198
0.000 0.001 0.001 0.002 0.002 0.002 0.002 0.002 0.002 0.002 0.001 0.003 0.001 0.001 0.001 0.001 0.001 0.001 0.002 0.002 0.002 0.003 0.003 0.003 0.003 0.003 0.002 0.003 0.002 0.002 0.002 0.002 0.002 0.002 0.002 0.002 0.002 0.002 0.002 0.002 0.002 0.002 0.002 0.005 0.002 0.062 0.114 0.151 0.186 0.220 0.255 0.290 0.323 0.356 0.389 0.422 0.455 0.488 0.512 0.532 0.532 0.563 0.543 0.523 0.503 0.484 0.464 0.444 0.426 0.407 0.390 0.372 0.355 0.340 0.324 0.317 0.320
0.000 0.000 0.001 0.001 0.002 0.002 0.002 0.002 0.002 0.002 0.001 0.003 0.001 0.001 0.001 0.001 0.001 0.001 0.002 0.002 0.002 0.003 0.003 0.003 0.002 0.002 0.002 0.004 0.002 0.002 0.002 0.002 0.002 0.002 0.002 0.002 0.002 0.002 0.002 0.002 0.002 0.002 0.002 0.011 0.029 0.125 0.166 0.203 0.237 0.270 0.304 0.339 0.372 0.405 0.438 0.471 0.504 0.536 0.569 0.593 0.593 0.616 0.596 0.577 0.557 0.537 0.519 0.502 0.484 0.466 0.448 0.430 0.414 0.397 0.382 0.378 0.380
0.000 0.001 0.001 0.001 0.002 0.002 0.002 0.002 0.002 0.002 0.001 0.003 0.001 0.001 0.001 0.001 0.002 0.002 0.002 0.002 0.002 0.002 0.002 0.002 0.002 0.002 0.002 0.004 0.002 0.002 0.002 0.002 0.002 0.002 0.002 0.002 0.002 0.002 0.002 0.002 0.002 0.003 0.036 0.099 0.106 0.179 0.217 0.252 0.286 0.319 0.353 0.387 0.420 0.453 0.486 0.519 0.551 0.584 0.617 0.649 0.650 0.669 0.649 0.631 0.613 0.595 0.577 0.559 0.541 0.523 0.505 0.488 0.471 0.455 0.438 0.439 0.440
0.001 0.001 0.001 0.001 0.001 0.002 0.002 0.002 0.002 0.002 0.002 0.003 0.002 0.002 0.002 0.001 0.002 0.002 0.002 0.002 0.002 0.002 0.002 0.002 0.002 0.002 0.002 0.004 0.002 0.002 0.002 0.002 0.002 0.002 0.002 0.002 0.002 0.002 0.002 0.002 0.013 0.075 0.115 0.158 0.163 0.231 0.266 0.301 0.335 0.368 0.401 0.435 0.468 0.501 0.533 0.566 0.599 0.631 0.664 0.697 0.697 0.724 0.706 0.688 0.670 0.652 0.634 0.616 0.598 0.580 0.562 0.545 0.528 0.511 0.495 0.499 0.500
0.000 0.000 0.001 0.001 0.001 0.002 0.002 0.002 0.002 0.002 0.002 0.004 0.002 0.002 0.002 0.002 0.002 0.002 0.001 0.002 0.002 0.002 0.002 0.002 0.002 0.002 0.002 0.004 0.002 0.002 0.002 0.002 0.002 0.002 0.002 0.002 0.002 0.003 0.011 0.047 0.099 0.140 0.174 0.211 0.214 0.281 0.315 0.349 0.383 0.416 0.449 0.482 0.515 0.548 0.581 0.613 0.646 0.678 0.708 0.738 0.738 0.769 0.763 0.745 0.727 0.709 0.691 0.673 0.655 0.637 0.619 0.602 0.585 0.568 0.551 0.560 0.561
0.000 0.000 0.000 0.000 0.001 0.002 0.002 0.002 0.002 0.002 0.002 0.004 0.002 0.002 0.002 0.002 0.002 0.002 0.002 0.002 0.002 0.002 0.002 0.002 0.002 0.002 0.002 0.004 0.002 0.002 0.002 0.002 0.003 0.007 0.019 0.039 0.072 0.102 0.116 0.135 0.159 0.194 0.227 0.261 0.264 0.329 0.363 0.397 0.430 0.464 0.497 0.530 0.563 0.595 0.628 0.659 0.688 0.717 0.746 0.776 0.776 0.803 0.804 0.802 0.784 0.766 0.747 0.729 0.711 0.694 0.676 0.658 0.641 0.624 0.606 0.620 0.621
0.000 0.000 0.000 0.000 0.001 0.001 0.002 0.002 0.002 0.002 0.002 0.004 0.002 0.002 0.002 0.002 0.002 0.002 0.002 0.002 0.002 0.002 0.002 0.002 0.002 0.002 0.002 0.005 0.002 0.008 0.028 0.054 0.090 0.112 0.124 0.141 0.159 0.178 0.193 0.210 0.226 0.245 0.278 0.311 0.312 0.377 0.411 0.444 0.478 0.511 0.544 0.577 0.609 0.639 0.668 0.697 0.726 0.755 0.784 0.814 0.814 0.837 0.838 0.839 0.840 0.822 0.804 0.786 0.768 0.750 0.732 0.714 0.697 0.679 0.664 0.680 0.681
0.000 0.000 0.000 0.001 0.001 0.001 0.002 0.002 0.002 0.002 0.002 0.004 0.002 0.002 0.002 0.002 0.002 0.002 0.002 0.002 0.002 0.002 0.002 0.002 0.002 0.002 0.005 0.059 0.075 0.109 0.132 0.150 0.170 0.187 0.201 0.217 0.233 0.250 0.265 0.281 0.296 0.311 0.327 0.359 0.360 0.425 0.458 0.491 0.525 0.558 0.589 0.618 0.648 0.677 0.706 0.735 0.764 0.793 0.822 0.851 0.852 0.871 0.872 0.873 0.874 0.875 0.860 0.842 0.824 0.806 0.788 0.770 0.753 0.735 0.724 0.741 0.741
0.000 0.000 0.001 0.000 0.001 0.001 0.001 0.002 0.002 0.002 0.002 0.004 0.002 0.002 0.002 0.002 0.002 0.002 0.002 0.002 0.002 0.002 0.002 0.003 0.014 0.063 0.100 0.155 0.159 0.186 0.209 0.225 0.241 0.257 0.272 0.288 0.303 0.319 0.334 0.349 0.364 0.379 0.394 0.409 0.409 0.472 0.505 0.538 0.568 0.597 0.627 0.656 0.685 0.714 0.743 0.772 0.801 0.831 0.860 0.889 0.889 0.904 0.905 0.906 0.907 0.908 0.909 0.898 0.880 0.862 0.844 0.826 0.808 0.791 0.785 0.801 0.801
0.000 0.000 0.000 0.001 0.001 0.001 0.001 0.002 0.002 0.002 0.002 0.004 0.002 0.002 0.002 0.002 0.002 0.002 0.002 0.002 0.002 0.004 0.034 0.091 0.119 0.149 0.178 0.230 0.232 0.258 0.279 0.295 0.311 0.326 0.341 0.356 0.372 0.387 0.402 0.417 0.432 0.447 0.461 0.476 0.477 0.517 0.546 0.576 0.606 0.635 0.664 0.693 0.723 0.752 0.781 0.810 0.839 0.868 0.897 0.927 0.927 0.938 0.939 0.940 0.941 0.942 0.943 0.944 0.936 0.918 0.900 0.882 0.864 0.846 0.845 0.861 0.861
0.000 0.000 0.000 0.000 0.001 0.001 0.001 0.001 0.002 0.002 0.002 0.004 0.002 0.002 0.002 0.002 0.002 0.002 0.002 0.002 0.010 0.088 0.135 0.167 0.196 0.224 0.251 0.301 0.302 0.329 0.348 0.364 0.379 0.394 0.409 0.424 0.439 0.454 0.469 0.484 0.499 0.514 0.528 0.540 0.541 0.560 0.584 0.614 0.643 0.673 0.702 0.731 0.760 0.789 0.818 0.847 0.877 0.906 0.935 0.964 0.964 0.971 0.972 0.973 0.974 0.975 0.976 0.977 0.978 0.973 0.956 0.938 0.920 0.902 0.905 0.921 0.921
0.000 0.000 0.000 0.000 0.000 0.000 0.001 0.001 0.001 0.002 0.002 0.004 0.002 0.002 0.002 0.002 0.002 0.002 0.002 0.010 0.091 0.142 0.189 0.236 0.267 0.295 0.321 0.371 0.372 0.398 0.416 0.432 0.447 0.462 0.476 0.491 0.506 0.521 0.535 0.550 0.564 0.576 0.589 0.602 0.602 0.620 0.628 0.652 0.681 0.710 0.739 0.768 0.797 0.826 0.856 0.885 0.914 0.943 0.972 1.001 1.002 1.004 1.005 1.006 1.007 1.008 1.009 1.010 1.011 1.012 1.011 0.993 0.975 0.957 0.965 0.981 0.981
0.002 0.002 0.002 0.002 0.002 0.002 0.002 0.002 0.003 0.003 0.003 0.008 0.004 0.005 0.005 0.004 0.004 0.004 0.010 0.092 0.145 0.193 0.239 0.285 0.329 0.364 0.390 0.440 0.441 0.467 0.483 0.498 0.514 0.528 0.543 0.558 0.572 0.587 0.599 0.612 0.625 0.637 0.650 0.662 0.663 0.680 0.688 0.695 0.718 0.747 0.776 0.805 0.834 0.863 0.893 0.922 0.951 0.980 1.009 1.036 1.036 1.037 1.038 1.039 1.040 1.041 1.042 1.043 1.044 1.045 1.046 1.047 1.031 1.013 1.025 1.041 1.041
0.001 0.000 0.000 0.000 0.000 0.001 0.000 0.001 0.001 0.001 0.001 0.004 0.002 0.002 0.002 0.002 0.002 0.002 0.032 0.100 0.151 0.198 0.243 0.288 0.332 0.366 0.392 0.442 0.443 0.469 0.485 0.500 0.515 0.530 0.545 0.559 0.574 0.588 0.601 0.613 0.626 0.638 0.651 0.663 0.664 0.681 0.689 0.696 0.719 0.748 0.777 0.806 0.835 0.864 0.894 0.923 0.952 0.981 1.010 1.036 1.037 1.038 1.039 1.040 1.040 1.041 1.042 1.043 1.044 1.045 1.047 1.048 1.031 1.013 1.026 1.041 1.041
0.000 0.001 0.001 0.000 0.001 0.000 0.000 0.000 0.001 0.001 0.001 0.004 0.002 0.002 0.002 0.002 0.002 0.052 0.109 0.160 0.206 0.250 0.294 0.337 0.380 0.423 0.461 0.511 0.512 0.537 0.552 0.567 0.582 0.597 0.611 0.625 0.637 0.649 0.662 0.674 0.687 0.699 0.712 0.724 0.725 0.741 0.748 0.755 0.762 0.786 0.815 0.843 0.872 0.901 0.931 0.960 0.989 1.018 1.048 1.069 1.070 1.071 1.072 1.073 1.073 1.074 1.075 1.076 1.077 1.078 1.079 1.080 1.081 1.070 1.086 1.100 1.100
0.001 0.000 0.000 0.001 0.000 0.000 0.000 0.000 0.001 0.000 0.000 0.003 0.001 0.002 0.002 0.005 0.069 0.118 0.165 0.212 0.256 0.300 0.343 0.385 0.428 0.470 0.513 0.579 0.580 0.603 0.618 0.633 0.647 0.660 0.673 0.686 0.698 0.710 0.723 0.735 0.748 0.760 0.773 0.785 0.785 0.801 0.808 0.815 0.822 0.828 0.852 0.880 0.909 0.938 0.968 0.997 1.026 1.055 1.085 1.102 1.103 1.104 1.105 1.105 1.106 1.107 1.108 1.109 1.110 1.111 1.112 1.113 1.114 1.132 1.143 1.157 1.157
0.001 0.000 0.001 0.001 0.001 0.000 0.001 0.001 0.000 0.001 0.001 0.004 0.002 0.014 0.079 0.125 0.173 0.219 0.263 0.308 0.351 0.393 0.436 0.478 0.520 0.563 0.605 0.685 0.686 0.721 0.743 0.755 0.768 0.781 0.794 0.806 0.819 0.831 0.843 0.856 0.868 0.881 0.893 0.904 0.905 0.918 0.926 0.933 0.940 0.946 0.953 0.960 0.983 1.012 1.041 1.070 1.099 1.129 1.158 1.168 1.168 1.169 1.170 1.171 1.171 1.172 1.173 1.174 1.175 1.186 1.206 1.225 1.245 1.263 1.271 1.279 1.279
0.001 0.001 0.001 0.001 0.000 0.001 0.000 0.000 0.001 0.001 0.001 0.017 0.036 0.094 0.133 0.176 0.222 0.268 0.312 0.355 0.398 0.440 0.483 0.525 0.567 0.609 0.648 0.725 0.726 0.760 0.792 0.816 0.829 0.842 0.854 0.867 0.879 0.891 0.904 0.916 0.929 0.941 0.953 0.963 0.964 0.978 0.985 0.992 0.999 1.006 1.012 1.019 1.025 1.049 1.078 1.107 1.136 1.165 1.195 1.200 1.201 1.202 1.203 1.203 1.204 1.205 1.206 1.213 1.233 1.252 1.271 1.291 1.310 1.328 1.336 1.344 1.344
0.001 0.001 0.001 0.001 0.001 0.001 0.000 0.001 0.001 0.001 0.019 0.107 0.113 0.149 0.183 0.226 0.271 0.316 0.359 0.402 0.445 0.487 0.529 0.571 0.610 0.649 0.689 0.766 0.766 0.799 0.831 0.862 0.889 0.902 0.915 0.927 0.939 0.952 0.964 0.977 0.989 1.001 1.014 1.022 1.023 1.037 1.044 1.051 1.058 1.065 1.071 1.078 1.085 1.091 1.115 1.144 1.173 1.202 1.231 1.233 1.233 1.234 1.235 1.236 1.237 1.240 1.260 1.279 1.298 1.318 1.337 1.356 1.375 1.393 1.401 1.410 1.410
0.001 0.001 0.001 0.001 0.001 0.001 0.001 0.001 0.001 0.039 0.098 0.163 0.168 0.200 0.230 0.274 0.319 0.363 0.406 0.449 0.491 0.532 0.572 0.611 0.650 0.690 0.729 0.806 0.807 0.839 0.870 0.901 0.933 0.962 0.975 0.987 1.000 1.012 1.024 1.037 1.049 1.062 1.074 1.082 1.082 1.096 1.103 1.110 1.117 1.124 1.130 1.137 1.144 1.150 1.157 1.180 1.210 1.239 1.265 1.266 1.266 1.267 1.268 1.269 1.286 1.306 1.325 1.344 1.364 1.383 1.402 1.421 1.441 1.458 1.466 1.475 1.475
0.001 0.001 0.001 0.001 0.001 0.001 0.001 0.001 0.031 0.099 0.149 0.214 0.218 0.248 0.277 0.322 0.367 0.410 0.453 0.494 0.534 0.573 0.612 0.651 0.691 0.730 0.769 0.846 0.846 0.878 0.909 0.940 0.972 1.003 1.034 1.047 1.060 1.072 1.085 1.097 1.109 1.122 1.134 1.141 1.141 1.155 1.162 1.169 1.176 1.182 1.189 1.196 1.202 1.209 1.216 1.223 1.246 1.275 1.297 1.298 1.298 1.300 1.313 1.333 1.352 1.371 1.391 1.410 1.429 1.448 1.467 1.487 1.506 1.523 1.531 1.540 1.540
0.001 0.001 0.001 0.001 0.001 0.001 0.001 0.024 0.095 0.144 0.188 0.262 0.265 0.295 0.326 0.370 0.414 0.455 0.495 0.535 0.574 0.613 0.653 0.692 0.731 0.770 0.809 0.885 0.885 0.916 0.948 0.979 1.010 1.042 1.073 1.104 1.120 1.132 1.145 1.157 1.169 1.182 1.192 1.199 1.200 1.213 1.221 1.227 1.234 1.241 1.248 1.255 1.261 1.268 1.275 1.282 1.288 1.312 1.330 1.331 1.331 1.360 1.379 1.398 1.417 1.437 1.456 1.475 1.494 1.514 1.533 1.552 1.571 1.588 1.596 1.605 1.605
0.002 0.002 0.002 0.002 0.002 0.002 0.018 0.091 0.141 0.183 0.224 0.297 0.300 0.338 0.374 0.416 0.456 0.496 0.536 0.575 0.615 0.654 0.693 0.732 0.771 0.810 0.849 0.924 0.924 0.955 0.986 1.018 1.049 1.080 1.111 1.143 1.174 1.192 1.205 1.217 1.229 1.242 1.251 1.258 1.259 1.272 1.279 1.286 1.293 1.300 1.307 1.314 1.320 1.327 1.333 1.340 1.347 1.354 1.367 1.386 1.387 1.425 1.444 1.464 1.483 1.502 1.521 1.541 1.560 1.579 1.598 1.617 1.636 1.653 1.661 1.670 1.670
0.002 0.002 0.002 0.002 0.002 0.013 0.087 0.136 0.179 0.220 0.259 0.331 0.334 0.374 0.415 0.457 0.497 0.537 0.576 0.616 0.655 0.694 0.733 0.772 0.811 0.850 0.889 0.962 0.963 0.994 1.025 1.056 1.088 1.119 1.150 1.181 1.212 1.244 1.265 1.277 1.289 1.302 1.310 1.317 1.317 1.331 1.338 1.345 1.352 1.359 1.366 1.372 1.379 1.386 1.393 1.402 1.411 1.421 1.443 1.453 1.454 1.490 1.510 1.529 1.548 1.567 1.587 1.606 1.625 1.644 1.663 1.682 1.701 1.718 1.726 1.735 1.735
0.002 0.002 0.002 0.002 0.009 0.083 0.132 0.175 0.216 0.255 0.294 0.371 0.374 0.414 0.454 0.496 0.538 0.577 0.617 0.656 0.695 0.734 0.773 0.812 0.851 0.890 0.929 1.001 1.001 1.032 1.064 1.095 1.126 1.157 1.189 1.220 1.251 1.282 1.313 1.337 1.349 1.361 1.369 1.376 1.376 1.390 1.397 1.404 1.411 1.418 1.426 1.435 1.444 1.452 1.461 1.470 1.479 1.501 1.529 1.538 1.539 1.558 1.575 1.594 1.613 1.633 1.652 1.671 1.690 1.709 1.728 1.747 1.766 1.783 1.791 1.800 1.800
0.002 0.002 0.002 0.006 0.078 0.128 0.171 0.212 0.252 0.294 0.335 0.412 0.414 0.453 0.493 0.535 0.576 0.617 0.657 0.696 0.735 0.774 0.814 0.852 0.891 0.930 0.969 1.039 1.040 1.071 1.102 1.133 1.165 1.196 1.227 1.258 1.290 1.321 1.352 1.383 1.409 1.421 1.427 1.434 1.435 1.450 1.459 1.468 1.477 1.486 1.494 1.503 1.512 1.520 1.529 1.538 1.552 1.581 1.611 1.623 1.624 1.643 1.653 1.663 1.679 1.698 1.717 1.736 1.755 1.774 1.793 1.812 1.831 1.848 1.856 1.865 1.865
