includes/lisflood/camargue/results_R3_t1.56174127354E12/res-0006.wd
ncols         906
nrows         631
xllcorner     362177.146667
yllcorner     6534725.688020
cellsize      20.000000
NODATA_value  -9999.000000
[rows 476 to 509 of 631, columns 462 to 538 of 906]
0.000 0.000 0.000 0.000 0.000 0.000 0.000 0.000 0.000 0.000 0.000 0.000 0.000 0.000 0.177 1.267 2.178 2.258 2.399 2.349 2.280 2.300 2.321 2.341 2.362 2.413 2.464 2.485 2.465 2.526 2.527 2.608 2.480 2.511 2.703 2.515 2.387 2.579 2.452 2.686 2.531 2.424 2.497 2.399 2.472 2.364 2.367 2.249 1.892 1.814 2.217 2.388 2.380 2.411 2.313 2.514 2.515 2.616 2.447 2.518 2.629 2.720 2.721 2.611 2.612 2.773 2.614 2.754 2.525 2.756 2.746 2.677 2.668 2.768 2.799 2.930 2.900
0.000 0.000 0.000 0.000 0.000 0.000 0.000 0.000 0.000 0.000 0.000 0.000 0.000 1.945 1.946 2.417 2.367 2.358 2.358 2.369 2.470 2.380 2.401 2.561 2.612 2.503 2.554 2.545 2.506 2.497 2.498 2.479 2.540 2.512 2.523 2.705 2.627 2.559 3.112 2.716 2.579 2.392 2.545 2.518 2.490 2.272 2.275 2.457 2.079 1.822 2.035 2.206 2.388 2.369 2.411 2.452 2.463 2.584 2.545 2.586 2.717 2.698 2.699 2.549 2.710 2.721 2.592 2.703 2.743 2.774 2.785 2.845 2.756 2.737 2.907 3.098 2.889
0.000 0.000 0.000 0.000 0.000 0.000 0.000 0.000 0.000 0.000 0.000 1.844 2.405 2.375 2.376 2.447 2.387 2.468 2.518 2.549 2.580 2.630 2.621 2.541 2.522 2.503 2.634 2.605 2.656 2.747 2.748 2.659 2.660 2.702 2.674 2.676 2.908 2.740 3.242 2.685 2.588 2.671 2.664 2.626 2.508 2.391 2.393 2.415 2.277 1.780 1.662 1.994 2.196 2.398 2.449 2.360 2.461 2.493 2.553 2.624 2.585 2.606 2.607 2.668 2.729 2.669 2.810 2.751 2.742 2.832 2.713 2.814 2.834 2.945 2.936 2.906 3.007
0.000 0.000 0.000 0.000 0.000 0.000 0.000 0.000 0.000 1.443 2.263 2.484 2.355 2.325 2.326 2.476 2.577 2.538 2.608 2.649 2.669 2.610 2.591 2.581 2.582 2.673 2.634 2.665 2.716 2.607 2.608 2.749 2.660 2.822 2.784 2.806 2.808 2.790 2.712 2.765 2.737 2.620 2.512 2.595 2.647 2.469 2.471 2.513 2.265 1.868 1.820 1.772 1.684 2.186 2.317 2.368 2.480 2.471 2.552 2.572 2.533 2.674 2.675 2.706 2.697 2.768 2.888 2.699 2.740 2.861 2.801 2.802 2.973 2.833 2.874 2.945 2.995
0.000 0.000 0.000 0.000 0.000 0.000 0.000 0.000 1.892 2.452 2.493 2.444 2.414 2.575 2.576 2.606 2.547 2.688 2.688 2.609 2.639 2.600 2.680 2.671 2.682 2.733 2.724 2.785 2.696 2.757 2.758 2.799 2.720 2.832 2.824 2.745 3.237 2.870 2.782 2.694 2.776 2.729 2.721 2.663 2.645 2.568 2.570 2.402 2.414 1.936 1.768 1.700 1.872 1.874 1.925 2.336 2.398 2.549 2.480 2.550 2.871 2.702 2.703 2.634 2.705 2.766 2.787 2.687 2.858 2.859 2.900 2.810 2.831 2.902 2.942 3.093 3.024
0.000 0.000 0.000 0.000 0.000 0.000 1.320 2.301 2.331 2.482 2.473 2.473 2.474 2.655 2.656 2.666 2.757 2.768 2.578 2.619 2.619 2.680 2.720 2.651 2.762 2.723 2.904 2.765 2.705 2.847 2.848 2.929 2.780 2.742 2.704 3.275 2.927 2.849 2.862 2.694 2.856 2.708 2.720 2.772 2.584 2.576 2.578 2.620 2.452 2.044 1.816 1.658 1.790 2.281 2.163 2.104 2.386 2.417 2.598 2.669 2.550 2.621 2.621 2.652 2.583 2.664 2.865 2.816 2.797 2.917 3.078 2.909 3.029 3.120 3.111 2.931 3.042
0.000 0.000 0.000 0.000 0.648 1.679 2.290 2.430 2.491 2.572 2.552 2.593 2.634 2.705 2.705 2.756 2.617 2.687 2.628 2.729 2.599 2.770 2.690 2.671 2.812 2.802 2.833 2.744 2.905 2.787 2.788 2.769 2.741 2.882 2.694 2.935 2.857 2.929 2.881 2.803 2.845 2.957 2.799 2.821 2.843 2.715 2.717 2.409 2.310 2.152 2.144 2.236 2.008 2.059 2.211 2.382 2.073 2.425 2.526 2.437 2.538 2.589 2.590 2.701 2.712 2.912 2.813 2.864 2.905 2.916 2.886 3.047 2.978 2.968 3.169 3.040 3.000
0.000 0.000 0.000 1.188 2.218 2.449 2.399 2.540 2.601 2.642 2.592 2.623 2.754 2.875 2.875 2.746 2.787 2.657 2.728 2.718 2.729 2.750 2.910 2.791 2.832 2.813 3.013 2.824 2.855 2.877 2.878 2.929 2.771 2.792 3.224 3.005 2.957 2.789 2.951 2.773 2.865 2.847 2.918 2.770 2.842 2.764 2.765 2.687 2.429 2.361 2.102 2.084 1.986 2.127 2.209 2.420 2.441 2.143 2.424 2.565 2.586 2.607 2.608 2.719 2.770 2.901 2.852 3.042 2.873 2.884 3.015 2.915 3.046 3.077 3.088 3.088 3.049
0.000 0.255 1.536 2.457 2.458 2.368 2.509 2.650 2.581 2.651 2.802 2.723 2.604 2.684 2.685 2.816 2.696 2.737 2.778 2.778 2.769 2.790 2.840 2.891 2.952 2.802 3.023 2.914 2.995 2.957 2.958 2.989 2.951 2.912 3.264 2.995 2.887 2.889 2.870 2.812 2.904 2.836 2.878 2.719 2.881 2.883 2.884 2.816 2.648 2.669 2.551 2.482 2.304 2.275 2.157 2.358 2.339 2.441 2.122 2.494 2.515 2.626 2.626 2.777 2.868 2.739 2.800 2.871 2.982 2.822 3.013 3.024 3.054 3.035 3.056 3.107 3.127
0.716 1.976 2.456 2.327 2.458 2.398 2.609 2.720 2.590 2.691 2.772 2.783 2.744 2.814 2.815 2.736 2.836 2.817 2.757 2.888 2.879 2.949 2.740 2.911 2.942 2.953 2.913 2.904 2.965 3.047 3.048 3.009 2.921 2.922 3.044 2.955 2.827 2.918 2.920 2.972 2.953 2.885 2.947 2.859 2.920 2.912 2.913 2.915 2.846 2.778 2.629 2.721 2.542 2.644 2.435 2.247 2.478 2.599 2.450 2.122 2.443 2.624 2.625 2.696 2.757 2.778 2.858 2.829 3.110 2.861 2.931 3.032 3.043 3.094 3.064 3.205 3.086
2.365 2.385 2.396 2.486 2.587 2.648 2.659 2.559 2.710 2.861 2.682 2.873 2.733 2.764 2.765 2.835 2.926 2.997 2.847 2.968 2.959 3.009 2.890 2.931 2.972 2.903 3.073 2.974 2.925 3.056 3.058 2.959 2.990 2.972 3.143 2.915 3.006 2.988 3.089 2.971 2.913 2.984 2.966 2.888 3.039 2.891 2.892 3.044 3.105 2.857 2.788 2.780 2.881 2.732 2.704 2.555 2.756 2.797 2.778 2.540 2.031 2.542 2.543 2.594 2.735 2.816 2.787 2.848 2.929 2.809 2.980 2.971 3.051 3.052 3.103 3.194 3.164
2.494 2.435 2.655 2.696 2.657 2.747 2.768 2.669 2.740 2.721 2.722 2.802 2.863 2.894 2.894 2.835 2.966 2.876 2.867 2.808 2.918 2.989 2.980 3.001 2.972 2.932 2.973 3.104 3.015 3.036 3.038 3.109 2.960 2.982 3.163 3.055 3.076 2.978 2.949 3.041 3.142 3.074 3.005 2.957 2.908 3.040 3.041 2.823 2.784 2.836 2.867 2.868 2.860 2.911 2.882 2.893 2.865 2.836 2.807 2.758 2.639 2.500 2.501 2.652 2.643 2.644 2.685 2.836 2.867 2.888 2.889 3.079 3.190 3.041 3.131 3.192 3.273
2.454 2.595 2.635 2.706 2.746 2.757 2.888 2.799 2.730 2.850 2.781 2.972 2.803 2.924 2.924 3.015 2.996 2.906 2.927 3.018 2.998 2.969 3.010 3.051 3.021 3.032 3.053 3.034 3.095 3.046 3.047 3.119 3.120 3.122 3.053 3.074 3.146 3.127 2.989 2.930 3.021 3.073 3.004 3.006 2.997 2.959 2.960 2.842 2.883 2.894 2.876 2.917 2.818 2.820 2.811 2.902 2.823 2.814 2.765 2.876 2.837 2.148 2.150 2.541 2.612 2.763 2.664 2.755 2.836 3.036 3.107 3.068 3.019 3.099 3.170 3.231 3.251
2.604 2.634 2.695 2.766 2.686 2.827 2.828 2.778 2.869 2.830 2.781 2.942 2.983 2.913 2.914 2.935 2.995 2.946 3.047 2.887 3.018 3.069 3.060 3.050 3.091 3.082 3.103 3.064 3.045 3.086 3.087 3.089 3.080 3.091 3.023 3.074 3.175 3.077 3.168 3.079 3.171 3.122 3.134 2.905 2.886 2.948 2.949 2.960 2.972 2.903 2.865 2.956 2.927 2.918 2.909 2.891 3.012 2.903 2.854 2.855 2.946 2.477 2.478 2.179 2.560 2.591 2.682 2.723 2.804 2.925 3.056 3.197 3.347 3.208 3.298 3.349 3.127
2.743 2.754 2.815 2.825 2.736 2.797 2.827 2.848 2.919 2.810 2.931 2.951 2.952 3.003 3.004 3.004 3.025 3.036 3.106 3.017 3.138 3.209 3.079 3.070 3.131 3.022 3.123 3.134 3.015 3.106 3.107 3.108 3.130 3.051 3.232 3.244 3.165 3.166 3.147 3.059 3.200 3.231 2.983 3.024 2.875 2.927 2.928 2.990 3.021 2.972 2.903 3.045 3.126 2.887 2.888 2.809 2.960 2.951 2.842 2.673 2.774 2.705 2.706 2.757 2.218 2.459 2.590 2.672 2.673 2.954 2.934 3.115 3.186 3.166 3.287 3.318 3.168
2.743 2.764 2.784 2.665 2.875 2.916 2.807 2.828 2.949 2.890 2.970 2.951 2.992 3.183 3.183 3.014 3.185 3.016 3.046 3.087 3.118 3.138 3.099 3.050 3.141 3.072 3.133 3.134 3.075 3.096 3.097 3.098 3.229 3.231 3.132 3.263 3.194 3.205 3.492 3.128 3.139 3.081 3.012 2.993 3.065 3.006 3.007 3.078 3.000 2.971 3.012 2.984 3.025 2.936 2.997 2.958 2.939 2.900 2.831 2.842 2.763 2.934 2.934 2.695 2.826 2.297 2.469 2.550 2.691 2.692 2.923 3.034 3.074 3.245 3.205 3.336 3.347
2.743 2.763 2.784 2.665 2.875 2.916 2.807 2.827 2.948 2.889 2.970 2.951 2.992 3.182 3.183 3.014 3.185 3.015 3.046 3.087 3.117 3.138 3.099 3.050 3.141 3.072 3.133 3.134 3.075 3.096 3.097 3.098 3.229 3.230 3.131 3.263 3.194 3.205 3.491 3.128 3.139 3.080 3.011 2.992 3.064 3.005 3.006 3.078 2.999 2.970 3.011 2.982 3.024 2.935 2.996 2.957 2.937 2.898 2.829 2.840 2.761 2.932 2.933 2.694 2.825 2.296 2.467 2.549 2.690 2.690 2.921 3.032 3.073 3.243 3.204 3.335 3.345
2.883 2.833 2.754 2.934 2.905 2.896 2.916 2.967 2.958 3.049 3.040 3.021 2.971 3.122 3.123 3.063 3.224 3.215 3.066 3.086 3.057 3.058 3.059 3.150 3.231 3.231 3.102 3.124 3.164 3.286 3.287 3.198 3.249 3.140 3.526 3.222 3.243 3.225 3.522 3.187 3.168 2.999 3.030 3.092 3.163 3.094 3.095 3.106 3.038 3.179 3.070 3.061 3.112 2.943 3.004 3.055 2.876 2.967 2.908 2.879 2.810 2.801 2.802 2.753 2.883 2.704 2.295 1.927 2.498 2.739 2.400 2.541 2.791 3.192 2.861 3.203 3.234
3.013 2.973 2.924 3.004 2.985 2.985 3.036 3.127 2.998 3.079 3.009 3.060 3.181 2.992 2.993 3.083 3.274 3.144 3.185 3.126 3.157 3.228 3.119 3.219 3.140 3.251 3.162 3.549 3.224 3.205 3.206 3.287 3.579 3.270 3.592 3.222 3.053 3.214 3.025 3.086 3.177 3.108 3.120 3.111 3.072 3.263 3.264 3.196 3.217 3.128 3.149 3.130 3.131 3.092 3.063 2.974 2.925 3.046 2.897 2.948 2.999 3.040 3.040 2.831 2.782 2.643 2.744 2.615 2.316 2.067 1.918 2.139 2.390 2.750 3.181 3.252 3.323
2.982 2.923 2.954 3.094 3.015 3.035 3.046 3.147 2.978 3.138 3.079 3.060 3.111 3.141 3.142 3.163 3.133 3.254 3.145 3.146 3.177 3.207 3.268 3.299 3.270 3.221 3.242 3.586 3.134 3.215 3.216 3.277 3.612 3.618 3.310 3.241 3.262 3.173 3.165 3.226 3.207 3.138 3.289 3.210 3.121 3.272 3.273 3.195 3.176 3.177 3.198 3.179 3.160 3.171 3.032 3.113 3.074 3.155 3.006 3.046 2.997 2.918 2.919 2.890 2.931 2.761 2.772 2.683 2.594 2.105 2.076 2.047 2.438 2.899 3.030 3.121 3.341
3.062 3.083 3.013 3.044 3.115 3.115 3.056 3.177 3.067 3.118 3.229 3.179 3.130 3.572 3.573 3.262 3.163 3.184 3.195 3.256 3.597 3.197 3.605 3.239 3.220 3.290 3.271 3.622 3.273 3.631 3.633 3.297 3.308 3.650 3.190 3.211 3.142 3.273 3.264 3.235 3.136 3.307 3.228 3.249 3.160 3.221 3.223 3.224 3.135 3.206 3.237 3.038 3.099 3.070 3.151 3.082 3.153 3.174 3.024 3.085 2.996 2.897 2.898 2.989 2.919 3.070 2.931 2.572 2.443 1.904 2.045 2.126 2.337 3.188 3.098 3.129 3.270
3.062 3.033 3.153 3.144 3.044 3.105 3.136 3.246 3.237 3.138 3.218 3.199 3.170 3.251 3.251 3.172 3.193 3.244 3.625 3.629 3.633 3.247 3.288 3.644 3.169 3.160 3.654 3.658 3.661 3.264 3.265 3.156 3.677 3.268 3.239 3.190 3.131 3.681 3.243 3.255 3.296 3.655 3.228 3.309 3.230 3.181 3.182 3.303 3.194 3.295 3.266 3.277 3.168 3.289 3.140 3.111 3.142 3.252 3.163 3.124 3.115 3.056 3.057 2.957 3.058 3.059 2.840 2.680 2.531 1.872 2.053 2.204 2.545 3.086 3.137 3.258 3.063
3.092 3.023 3.043 3.114 3.239 3.165 3.115 3.156 3.137 3.037 3.228 3.633 3.190 3.645 3.645 3.252 3.653 3.243 3.661 3.285 3.256 3.674 3.677 3.680 3.684 3.687 3.261 3.694 3.698 3.704 3.705 3.266 3.712 3.258 3.722 3.240 3.718 3.312 3.705 3.284 3.295 3.687 3.217 3.268 3.219 3.657 3.657 3.282 3.313 3.294 3.634 3.176 3.207 3.278 3.219 3.280 3.181 3.151 3.112 3.073 2.944 3.195 3.196 3.186 3.087 3.048 3.118 2.839 2.550 2.071 2.022 2.273 2.854 3.135 3.306 2.991 3.068
3.092 3.112 3.123 3.260 3.204 3.105 3.205 3.266 3.266 3.661 3.288 3.178 3.674 3.250 3.251 3.131 3.282 3.694 3.698 3.702 3.195 3.246 3.713 3.716 3.720 3.723 3.727 3.730 3.734 3.293 3.294 3.745 3.236 3.752 3.755 3.755 3.749 3.743 3.737 3.303 3.726 3.720 3.266 3.277 3.288 3.299 3.300 3.684 3.322 3.672 3.666 3.275 3.206 3.307 3.318 3.249 3.715 3.681 3.281 3.222 3.333 3.154 3.155 3.185 3.086 2.976 3.097 2.918 2.559 2.229 2.210 2.452 3.183 3.264 2.990 3.064 3.138
3.182 3.162 3.243 3.274 3.254 3.154 3.634 3.266 3.666 3.257 3.258 3.218 3.710 3.717 3.718 3.722 3.726 3.730 3.734 3.144 3.275 3.286 3.749 3.753 3.756 3.760 3.763 3.281 3.302 3.283 3.284 3.285 3.784 3.783 3.308 3.784 3.782 3.776 3.312 3.764 3.758 3.305 3.746 3.740 3.734 3.721 3.722 3.716 3.710 3.252 3.700 3.294 3.717 3.286 3.735 3.288 3.752 3.290 3.690 3.321 3.547 3.403 3.404 3.124 3.065 2.945 3.226 2.997 2.707 2.378 2.289 2.630 2.922 3.252 3.143 3.284 3.211
3.251 3.232 3.203 3.273 3.566 3.655 3.669 3.205 3.246 3.247 3.704 3.716 3.218 3.751 3.752 3.758 3.762 3.766 3.770 3.264 3.778 3.782 3.786 3.789 3.278 3.796 3.799 3.803 3.806 3.807 3.808 3.808 3.808 3.808 3.808 3.809 3.810 3.809 3.803 3.797 3.791 3.785 3.779 3.296 3.767 3.754 3.755 3.749 3.743 3.737 3.737 3.746 3.755 3.764 3.773 3.781 3.308 3.799 3.771 3.699 3.291 3.292 3.292 3.283 3.234 3.244 3.015 3.185 2.826 2.547 2.688 2.659 2.820 3.341 3.212 3.243 3.334
3.261 3.182 3.203 3.283 3.672 3.234 3.234 3.265 3.699 3.256 3.719 3.731 3.258 3.767 3.767 3.780 3.792 3.802 3.806 3.810 3.814 3.818 3.822 3.825 3.298 3.832 3.834 3.834 3.833 3.832 3.833 3.833 3.833 3.833 3.833 3.834 3.835 3.836 3.835 3.829 3.823 3.818 3.812 3.806 3.799 3.787 3.787 3.781 3.775 3.769 3.775 3.784 3.324 3.802 3.810 3.819 3.828 3.836 3.845 3.781 3.709 3.565 3.565 3.162 3.253 3.183 3.294 3.135 2.915 2.666 2.587 2.728 2.679 3.220 3.301 3.252 3.223
3.261 3.520 3.608 3.682 3.243 3.695 3.702 3.708 3.715 3.723 3.735 3.747 3.759 3.782 3.783 3.795 3.807 3.819 3.831 3.843 3.851 3.855 3.858 3.297 3.859 3.859 3.859 3.858 3.858 3.857 3.858 3.858 3.857 3.857 3.858 3.859 3.269 3.861 3.862 3.862 3.856 3.850 3.844 3.838 3.832 3.819 3.820 3.814 3.808 3.804 3.813 3.821 3.830 3.839 3.848 3.857 3.865 3.874 3.883 3.862 3.790 3.646 3.646 3.577 3.512 3.262 3.380 3.314 2.994 2.715 2.556 2.697 2.668 3.279 3.210 3.251 3.052
3.241 3.629 3.692 3.698 3.283 3.712 3.718 3.725 3.732 3.739 3.750 3.762 3.774 3.798 3.798 3.810 3.822 3.835 3.847 3.859 3.871 3.884 3.885 3.884 3.884 3.884 3.884 3.883 3.883 3.882 3.883 3.882 3.882 3.882 3.883 3.884 3.885 3.885 3.886 3.887 3.888 3.883 3.877 3.871 3.865 3.852 3.852 3.846 3.840 3.841 3.850 3.859 3.868 3.877 3.886 3.894 3.903 3.912 3.920 3.929 3.871 3.730 3.731 3.665 3.599 3.533 3.468 3.273 3.113 2.844 2.655 2.686 3.287 3.280 3.139 3.260 3.241
3.650 3.702 3.708 3.282 3.722 3.728 3.735 3.742 3.748 3.755 3.766 3.267 3.790 3.813 3.814 3.826 3.838 3.850 3.862 3.874 3.887 3.900 3.909 3.909 3.909 3.909 3.908 3.908 3.908 3.906 3.907 3.907 3.907 3.907 3.908 3.909 3.910 3.910 3.911 3.912 3.913 3.914 3.909 3.903 3.897 3.884 3.885 3.879 3.873 3.879 3.888 3.897 3.906 3.915 3.923 3.932 3.941 3.949 3.958 3.967 3.952 3.817 3.818 3.752 3.687 3.621 3.321 3.489 3.173 3.044 2.854 2.805 2.936 3.307 3.298 3.299 3.576
3.712 3.718 3.252 3.732 3.738 3.745 3.752 3.758 3.765 3.772 3.781 3.793 3.805 3.829 3.829 3.841 3.853 3.866 3.878 3.890 3.903 3.916 3.930 3.934 3.934 3.933 3.933 3.933 3.932 3.931 3.932 3.932 3.931 3.932 3.933 3.934 3.934 3.935 3.936 3.937 3.938 3.939 3.940 3.936 3.930 3.917 3.918 3.911 3.908 3.917 3.926 3.935 3.943 3.952 3.961 3.970 3.978 3.987 3.996 4.004 4.007 3.905 3.906 3.840 3.774 3.708 3.643 3.577 3.272 3.243 2.903 3.074 3.352 3.427 3.501 3.575 3.278
3.728 3.735 3.742 3.748 3.755 3.762 3.768 3.775 3.782 3.789 3.797 3.809 3.821 3.844 3.845 3.857 3.869 3.881 3.894 3.907 3.920 3.933 3.946 3.959 3.958 3.958 3.958 3.957 3.957 3.956 3.957 3.956 3.956 3.957 3.958 3.959 3.959 3.960 3.961 3.962 3.963 3.964 3.965 3.965 3.963 3.950 3.950 3.944 3.946 3.955 3.964 3.972 3.981 3.990 3.999 4.007 4.015 4.023 4.030 4.038 4.037 3.960 3.960 3.922 3.862 3.796 3.730 3.664 3.321 3.533 3.232 3.063 3.425 3.500 3.574 3.648 3.723
3.728 3.735 3.741 3.748 3.755 3.761 3.768 3.775 3.781 3.788 3.797 3.809 3.821 3.844 3.845 3.857 3.869 3.881 3.893 3.906 3.919 3.933 3.946 3.958 3.958 3.958 3.957 3.957 3.957 3.955 3.956 3.956 3.956 3.956 3.957 3.958 3.959 3.960 3.961 3.961 3.962 3.963 3.964 3.965 3.962 3.949 3.950 3.944 3.945 3.954 3.963 3.972 3.980 3.989 3.998 4.007 4.014 4.022 4.029 4.037 4.036 3.959 3.960 3.921 3.861 3.795 3.729 3.664 3.320 3.532 3.232 3.062 3.424 3.499 3.573 3.647 3.722
3.745 3.751 3.758 3.765 3.771 3.778 3.785 3.791 3.798 3.805 3.812 3.824 3.836 3.860 3.860 3.872 3.884 3.897 3.910 3.923 3.936 3.949 3.962 3.975 3.983 3.982 3.982 3.982 3.981 3.980 3.981 3.981 3.981 3.982 3.982 3.983 3.984 3.985 3.985 3.986 3.987 3.988 3.989 3.990 3.991 3.982 3.983 3.976 3.983 3.992 4.001 4.010 4.018 4.026 4.033 4.041 4.048 4.056 4.063 4.071 4.066 3.989 3.989 3.951 3.913 3.874 3.817 3.751 3.309 3.620 3.554 3.252 3.498 3.572 3.646 3.721 3.795
