includes/lisflood/camargue/results_R3_t1.56174127354E12/res-0003.wd
ncols         906
nrows         631
xllcorner     362177.146667
yllcorner     6534725.688020
cellsize      20.000000
NODATA_value  -9999.000000
[rows 476 to 509 of 631, columns 770 to 846 of 906]
8.737 8.850 8.962 9.074 9.186 9.304 9.517 9.731 9.944 10.158 10.371 10.798 10.798 11.012 11.226 11.439 11.653 11.823 11.986 12.192 12.398 12.581 12.762 12.942 13.123 13.304 13.485 13.847 13.847 14.027 14.208 14.341 14.389 14.437 14.484 14.532 14.585 14.691 14.798 14.904 15.010 15.116 15.222 15.329 15.329 15.507 15.586 15.665 15.743 15.822 15.901 15.979 16.058 16.137 16.221 16.312 16.403 16.444 16.462 16.480 16.480 16.515 16.532 16.550 16.567 16.585 16.603 16.621 16.658 16.710 16.717 16.724 16.730 16.737 16.743 16.750 16.750
8.831 8.944 9.056 9.168 9.280 9.422 9.636 9.849 10.063 10.276 10.490 10.917 10.917 11.131 11.344 11.558 11.771 11.985 12.183 12.363 12.544 12.725 12.906 13.087 13.268 13.448 13.629 13.991 13.991 14.172 14.353 14.457 14.504 14.552 14.600 14.648 14.695 14.745 14.851 14.957 15.064 15.170 15.276 15.381 15.381 15.552 15.631 15.710 15.788 15.867 15.946 16.025 16.103 16.182 16.261 16.347 16.430 16.448 16.465 16.483 16.483 16.519 16.536 16.554 16.572 16.590 16.607 16.625 16.643 16.652 16.658 16.665 16.671 16.678 16.684 16.691 16.691
9.024 9.132 9.244 9.356 9.468 9.659 9.872 10.086 10.300 10.513 10.727 11.157 11.157 11.375 11.593 11.811 12.029 12.247 12.443 12.640 12.833 13.013 13.194 13.375 13.556 13.737 13.918 14.279 14.279 14.460 14.638 14.686 14.734 14.781 14.829 14.877 14.924 14.972 15.020 15.068 15.169 15.275 15.382 15.486 15.486 15.644 15.722 15.801 15.880 15.959 16.037 16.116 16.194 16.259 16.313 16.368 16.401 16.416 16.431 16.445 16.445 16.473 16.488 16.502 16.516 16.531 16.545 16.559 16.560 16.560 16.565 16.571 16.576 16.582 16.588 16.592 16.592
9.123 9.230 9.338 9.450 9.564 9.777 9.991 10.204 10.418 10.635 10.853 11.288 11.288 11.506 11.724 11.942 12.160 12.373 12.570 12.767 12.963 13.158 13.339 13.519 13.700 13.881 14.062 14.423 14.423 14.604 14.753 14.800 14.848 14.896 14.944 14.991 15.039 15.087 15.134 15.182 15.230 15.328 15.434 15.531 15.531 15.689 15.768 15.846 15.925 16.001 16.056 16.110 16.165 16.219 16.274 16.327 16.355 16.382 16.395 16.409 16.409 16.438 16.452 16.467 16.481 16.495 16.509 16.516 16.516 16.516 16.519 16.525 16.531 16.536 16.542 16.547 16.547
9.221 9.329 9.437 9.545 9.682 9.896 10.112 10.330 10.548 10.766 10.984 11.420 11.420 11.638 11.856 12.074 12.292 12.500 12.697 12.893 13.090 13.287 13.483 13.664 13.845 14.026 14.207 14.568 14.568 14.749 14.867 14.915 14.963 15.010 15.058 15.106 15.154 15.201 15.249 15.297 15.344 15.392 15.487 15.577 15.577 15.734 15.797 15.852 15.906 15.961 16.015 16.070 16.124 16.179 16.233 16.280 16.308 16.336 16.361 16.375 16.375 16.404 16.418 16.432 16.445 16.460 16.472 16.472 16.472 16.473 16.473 16.479 16.485 16.490 16.496 16.501 16.501
9.319 9.427 9.535 9.655 9.810 10.026 10.244 10.462 10.680 10.898 11.116 11.552 11.552 11.770 11.988 12.206 12.424 12.627 12.824 13.020 13.217 13.413 13.610 13.807 13.989 14.170 14.351 14.712 14.712 14.893 14.983 15.030 15.078 15.126 15.174 15.221 15.269 15.317 15.364 15.412 15.460 15.507 15.548 15.593 15.593 15.702 15.757 15.811 15.866 15.920 15.975 16.029 16.084 16.138 16.193 16.233 16.261 16.289 16.317 16.340 16.340 16.368 16.382 16.397 16.411 16.425 16.429 16.430 16.430 16.430 16.430 16.433 16.439 16.444 16.450 16.455 16.455
9.439 9.558 9.678 9.798 9.972 10.160 10.376 10.594 10.812 11.030 11.248 11.684 11.684 11.902 12.119 12.337 12.555 12.754 12.950 13.147 13.344 13.540 13.737 13.934 14.130 14.314 14.495 14.857 14.857 15.037 15.097 15.145 15.193 15.240 15.288 15.336 15.384 15.431 15.479 15.526 15.523 15.521 15.521 15.559 15.559 15.663 15.717 15.772 15.826 15.881 15.935 15.989 16.043 16.098 16.152 16.186 16.214 16.242 16.270 16.298 16.298 16.333 16.347 16.361 16.376 16.386 16.386 16.386 16.386 16.386 16.386 16.388 16.394 16.399 16.405 16.411 16.411
9.582 9.701 9.821 9.946 10.134 10.323 10.512 10.725 10.943 11.161 11.379 11.815 11.815 12.033 12.251 12.469 12.684 12.881 13.077 13.274 13.470 13.667 13.864 14.060 14.257 14.453 14.639 15.001 15.001 15.164 15.212 15.259 15.307 15.355 15.403 15.450 15.498 15.499 15.497 15.494 15.492 15.489 15.498 15.537 15.537 15.622 15.677 15.731 15.786 15.840 15.895 15.949 16.004 16.058 16.112 16.141 16.169 16.196 16.224 16.252 16.252 16.297 16.312 16.326 16.340 16.342 16.342 16.342 16.343 16.343 16.343 16.343 16.348 16.353 16.359 16.365 16.365
9.725 9.844 9.964 10.108 10.297 10.485 10.674 10.862 11.075 11.293 11.511 11.947 11.947 12.165 12.383 12.601 12.811 13.007 13.204 13.401 13.597 13.794 13.991 14.188 14.384 14.581 14.778 15.146 15.146 15.279 15.326 15.374 15.422 15.469 15.476 15.473 15.471 15.468 15.466 15.463 15.461 15.458 15.476 15.514 15.514 15.590 15.636 15.691 15.745 15.800 15.854 15.909 15.963 16.018 16.066 16.094 16.122 16.150 16.178 16.206 16.206 16.262 16.277 16.291 16.299 16.298 16.299 16.299 16.299 16.299 16.299 16.299 16.302 16.308 16.313 16.319 16.319
9.868 9.987 10.107 10.271 10.459 10.648 10.836 11.025 11.214 11.425 11.643 12.079 12.079 12.297 12.515 12.733 12.937 13.134 13.331 13.527 13.724 13.921 14.118 14.314 14.511 14.707 14.904 15.290 15.290 15.394 15.442 15.453 15.450 15.448 15.445 15.443 15.440 15.438 15.435 15.433 15.429 15.427 15.453 15.491 15.491 15.568 15.606 15.650 15.705 15.759 15.814 15.868 15.923 15.977 16.019 16.047 16.075 16.103 16.131 16.159 16.159 16.215 16.242 16.255 16.256 16.256 16.256 16.256 16.256 16.256 16.257 16.257 16.256 16.262 16.267 16.273 16.273
10.011 10.130 10.250 10.433 10.622 10.810 10.999 11.187 11.376 11.564 11.774 12.210 12.210 12.428 12.646 12.864 13.064 13.261 13.458 13.654 13.851 14.047 14.244 14.441 14.637 14.834 15.031 15.406 15.406 15.426 15.424 15.421 15.419 15.416 15.414 15.411 15.409 15.407 15.404 15.402 15.399 15.397 15.431 15.469 15.469 15.546 15.584 15.622 15.665 15.720 15.773 15.828 15.882 15.937 15.972 16.000 16.028 16.056 16.084 16.112 16.112 16.168 16.196 16.212 16.212 16.212 16.212 16.212 16.213 16.213 16.213 16.213 16.213 16.217 16.222 16.228 16.228
10.154 10.273 10.407 10.596 10.784 10.973 11.161 11.350 11.538 11.727 11.915 12.342 12.342 12.560 12.778 12.994 13.191 13.388 13.584 13.781 13.977 14.174 14.371 14.567 14.764 14.946 15.114 15.447 15.447 15.417 15.393 15.390 15.388 15.385 15.383 15.380 15.378 15.375 15.373 15.370 15.368 15.370 15.408 15.446 15.446 15.523 15.561 15.599 15.638 15.679 15.734 15.788 15.843 15.897 15.926 15.954 15.982 16.010 16.038 16.065 16.065 16.124 16.154 16.173 16.172 16.171 16.171 16.170 16.170 16.169 16.169 16.170 16.170 16.171 16.176 16.184 16.184
10.297 10.416 10.570 10.758 10.947 11.135 11.324 11.512 11.701 11.889 12.078 12.474 12.474 12.692 12.910 13.121 13.318 13.515 13.711 13.908 14.104 14.301 14.487 14.654 14.822 14.989 15.156 15.448 15.448 15.417 15.387 15.359 15.356 15.354 15.351 15.349 15.346 15.344 15.341 15.339 15.336 15.347 15.385 15.424 15.424 15.500 15.538 15.577 15.615 15.653 15.693 15.748 15.802 15.851 15.879 15.907 15.935 15.963 15.993 16.023 16.023 16.083 16.113 16.134 16.133 16.132 16.131 16.131 16.130 16.129 16.129 16.128 16.127 16.127 16.132 16.139 16.139
10.440 10.559 10.732 10.921 11.109 11.298 11.486 11.675 11.863 12.052 12.240 12.617 12.617 12.823 13.041 13.248 13.445 13.641 13.838 14.028 14.196 14.363 14.531 14.698 14.865 15.033 15.200 15.450 15.450 15.419 15.388 15.357 15.327 15.324 15.321 15.319 15.316 15.314 15.311 15.308 15.305 15.324 15.362 15.401 15.401 15.477 15.516 15.554 15.592 15.630 15.669 15.707 15.762 15.804 15.832 15.860 15.890 15.920 15.950 15.980 15.980 16.041 16.071 16.094 16.094 16.093 16.093 16.092 16.091 16.091 16.090 16.089 16.088 16.095 16.102 16.107 16.107
10.583 10.706 10.894 11.083 11.272 11.460 11.649 11.837 12.026 12.214 12.403 12.780 12.780 12.968 13.173 13.375 13.569 13.736 13.904 14.071 14.239 14.406 14.573 14.741 14.908 15.076 15.243 15.450 15.450 15.419 15.389 15.358 15.327 15.297 15.290 15.287 15.285 15.282 15.280 15.277 15.275 15.302 15.341 15.379 15.379 15.455 15.494 15.532 15.570 15.609 15.646 15.684 15.722 15.758 15.788 15.818 15.848 15.878 15.908 15.938 15.938 15.998 16.028 16.055 16.054 16.053 16.053 16.052 16.052 16.051 16.050 16.050 16.057 16.066 16.074 16.079 16.079
10.726 10.868 11.057 11.246 11.434 11.622 11.811 12.000 12.188 12.377 12.565 12.942 12.942 13.131 13.333 13.444 13.612 13.779 13.947 14.114 14.281 14.449 14.616 14.784 14.951 15.119 15.286 15.451 15.451 15.420 15.389 15.359 15.328 15.297 15.267 15.256 15.254 15.251 15.249 15.246 15.244 15.280 15.318 15.356 15.356 15.433 15.471 15.509 15.547 15.586 15.624 15.668 15.714 15.728 15.747 15.777 15.807 15.837 15.867 15.896 15.896 15.956 15.986 16.015 16.014 16.014 16.013 16.013 16.012 16.011 16.011 16.018 16.027 16.036 16.044 16.050 16.050
10.726 10.869 11.057 11.246 11.434 11.623 11.811 12.000 12.188 12.377 12.565 12.942 12.942 13.132 13.333 13.445 13.612 13.779 13.947 14.114 14.281 14.449 14.616 14.784 14.951 15.119 15.286 15.451 15.451 15.420 15.389 15.359 15.328 15.297 15.267 15.256 15.254 15.251 15.249 15.246 15.244 15.280 15.318 15.356 15.356 15.433 15.471 15.509 15.547 15.586 15.624 15.668 15.714 15.728 15.747 15.777 15.807 15.837 15.867 15.897 15.897 15.957 15.987 16.016 16.015 16.015 16.014 16.013 16.012 16.011 16.011 16.018 16.027 16.036 16.044 16.050 16.050
10.869 11.031 11.220 11.408 11.597 11.785 11.974 12.162 12.351 12.539 12.730 13.133 13.133 13.334 13.505 13.560 13.655 13.823 13.990 14.158 14.325 14.493 14.660 14.827 14.995 15.162 15.330 15.452 15.452 15.422 15.391 15.360 15.330 15.299 15.268 15.237 15.222 15.220 15.217 15.215 15.218 15.257 15.295 15.333 15.333 15.410 15.448 15.486 15.527 15.573 15.618 15.664 15.709 15.720 15.728 15.737 15.765 15.795 15.825 15.855 15.855 15.915 15.945 15.975 15.976 15.975 15.975 15.974 15.973 15.973 15.981 15.989 15.998 16.007 16.015 16.022 16.022
11.167 11.356 11.544 11.733 11.927 12.128 12.330 12.531 12.733 12.934 13.135 13.538 13.538 13.740 13.842 13.898 13.953 14.008 14.076 14.243 14.411 14.578 14.746 14.913 15.081 15.248 15.415 15.454 15.454 15.423 15.392 15.362 15.331 15.300 15.270 15.239 15.208 15.178 15.156 15.153 15.174 15.212 15.250 15.292 15.292 15.383 15.428 15.474 15.519 15.564 15.610 15.655 15.695 15.703 15.711 15.719 15.728 15.736 15.745 15.771 15.771 15.831 15.861 15.891 15.896 15.896 15.895 15.895 15.903 15.912 15.921 15.929 15.938 15.947 15.955 15.964 15.964
11.330 11.525 11.727 11.928 12.130 12.331 12.532 12.734 12.935 13.137 13.338 13.741 13.741 13.942 14.011 14.066 14.122 14.177 14.232 14.288 14.454 14.621 14.789 14.956 15.123 15.291 15.458 15.454 15.454 15.424 15.393 15.362 15.332 15.301 15.270 15.240 15.209 15.178 15.148 15.122 15.151 15.197 15.242 15.287 15.287 15.378 15.424 15.469 15.514 15.560 15.605 15.650 15.686 15.695 15.703 15.712 15.720 15.729 15.737 15.746 15.746 15.788 15.818 15.848 15.857 15.856 15.856 15.865 15.873 15.882 15.891 15.899 15.908 15.917 15.925 15.934 15.934
11.516 11.728 11.929 12.131 12.332 12.534 12.735 12.937 13.138 13.339 13.541 13.944 13.944 14.125 14.180 14.235 14.291 14.346 14.401 14.457 14.512 14.664 14.831 14.999 15.166 15.334 15.501 15.455 15.455 15.424 15.394 15.363 15.332 15.302 15.271 15.240 15.210 15.179 15.134 15.084 15.146 15.192 15.237 15.283 15.283 15.374 15.419 15.464 15.510 15.555 15.600 15.646 15.677 15.686 15.694 15.703 15.711 15.720 15.728 15.737 15.737 15.754 15.777 15.807 15.818 15.818 15.827 15.835 15.844 15.853 15.861 15.870 15.879 15.888 15.895 15.904 15.904
11.652 11.916 12.132 12.334 12.535 12.737 12.938 13.139 13.341 13.542 13.744 14.147 14.147 14.294 14.350 14.405 14.460 14.516 14.571 14.626 14.682 14.737 14.875 15.043 15.210 15.377 15.518 15.457 15.457 15.426 15.394 15.364 15.333 15.302 15.272 15.232 15.182 15.131 15.081 15.049 15.115 15.182 15.233 15.278 15.278 15.369 15.414 15.460 15.505 15.550 15.596 15.641 15.669 15.677 15.686 15.694 15.703 15.711 15.720 15.728 15.728 15.745 15.754 15.765 15.779 15.788 15.797 15.805 15.814 15.823 15.831 15.840 15.849 15.857 15.866 15.875 15.875
11.788 12.052 12.316 12.536 12.738 12.939 13.141 13.342 13.544 13.745 13.946 14.349 14.349 14.463 14.518 14.574 14.629 14.684 14.740 14.795 14.850 14.906 14.961 15.085 15.253 15.420 15.519 15.457 15.457 15.427 15.396 15.365 15.331 15.281 15.230 15.180 15.129 15.079 15.029 15.019 15.085 15.152 15.218 15.274 15.274 15.365 15.410 15.456 15.501 15.547 15.592 15.637 15.661 15.670 15.677 15.686 15.694 15.703 15.711 15.720 15.720 15.737 15.745 15.748 15.751 15.759 15.767 15.775 15.784 15.793 15.801 15.810 15.819 15.827 15.836 15.845 15.845
11.924 12.188 12.451 12.715 12.941 13.142 13.343 13.545 13.746 13.948 14.149 14.552 14.552 14.632 14.687 14.742 14.798 14.853 14.908 14.964 15.019 15.074 15.130 15.185 15.296 15.463 15.519 15.458 15.458 15.427 15.379 15.328 15.278 15.227 15.177 15.127 15.076 15.026 14.976 14.988 15.054 15.121 15.187 15.254 15.254 15.360 15.406 15.451 15.497 15.542 15.587 15.633 15.652 15.661 15.669 15.678 15.686 15.695 15.703 15.712 15.712 15.725 15.724 15.723 15.724 15.732 15.740 15.747 15.755 15.763 15.771 15.780 15.789 15.797 15.806 15.815 15.815
12.059 12.323 12.587 12.851 13.115 13.345 13.546 13.748 13.949 14.151 14.352 14.746 14.745 14.800 14.856 14.911 14.966 15.022 15.077 15.133 15.188 15.243 15.299 15.354 15.409 15.506 15.520 15.426 15.426 15.376 15.325 15.275 15.225 15.174 15.124 15.074 15.023 14.973 14.923 14.957 15.023 15.090 15.156 15.223 15.223 15.355 15.401 15.446 15.492 15.537 15.583 15.628 15.644 15.652 15.661 15.669 15.678 15.686 15.695 15.702 15.702 15.700 15.698 15.697 15.699 15.706 15.714 15.722 15.729 15.737 15.744 15.752 15.760 15.768 15.777 15.786 15.786
12.195 12.459 12.723 12.987 13.251 13.515 13.749 13.950 14.152 14.353 14.555 14.915 14.915 14.970 15.026 15.081 15.136 15.192 15.247 15.302 15.358 15.413 15.467 15.523 15.541 15.501 15.474 15.373 15.373 15.323 15.272 15.222 15.172 15.121 15.071 15.021 14.970 14.920 14.870 14.926 14.992 15.059 15.125 15.192 15.192 15.325 15.391 15.442 15.487 15.533 15.578 15.623 15.635 15.643 15.652 15.661 15.669 15.678 15.677 15.676 15.676 15.674 15.673 15.672 15.672 15.680 15.688 15.695 15.703 15.710 15.718 15.726 15.733 15.741 15.748 15.756 15.756
12.331 12.595 12.859 13.123 13.387 13.651 13.915 14.153 14.354 14.556 14.757 15.084 15.084 15.139 15.194 15.250 15.305 15.360 15.416 15.471 15.526 15.571 15.531 15.491 15.450 15.414 15.393 15.321 15.321 15.271 15.220 15.170 15.120 15.069 15.019 14.969 14.918 14.868 14.829 14.896 14.962 15.029 15.095 15.162 15.162 15.295 15.361 15.427 15.483 15.529 15.574 15.619 15.627 15.636 15.644 15.653 15.653 15.652 15.651 15.650 15.650 15.648 15.647 15.646 15.646 15.653 15.661 15.669 15.676 15.684 15.691 15.699 15.707 15.714 15.722 15.729 15.729
12.467 12.731 12.995 13.259 13.523 13.787 14.051 14.315 14.557 14.758 14.960 15.252 15.252 15.308 15.363 15.418 15.474 15.529 15.584 15.559 15.519 15.479 15.439 15.399 15.358 15.326 15.305 15.264 15.264 15.218 15.167 15.117 15.067 15.016 14.966 14.915 14.865 14.815 14.799 14.865 14.931 14.998 15.064 15.131 15.131 15.264 15.330 15.396 15.463 15.524 15.569 15.610 15.619 15.627 15.631 15.630 15.629 15.628 15.626 15.625 15.625 15.623 15.622 15.621 15.620 15.628 15.636 15.643 15.651 15.658 15.666 15.674 15.681 15.689 15.696 15.704 15.704
12.603 12.867 13.131 13.395 13.659 13.923 14.187 14.451 14.715 14.961 15.162 15.421 15.421 15.476 15.532 15.587 15.588 15.548 15.507 15.467 15.427 15.387 15.347 15.307 15.266 15.238 15.217 15.176 15.176 15.156 15.114 15.064 15.013 14.963 14.913 14.862 14.812 14.762 14.768 14.834 14.900 14.967 15.033 15.100 15.100 15.233 15.299 15.366 15.432 15.498 15.565 15.601 15.607 15.606 15.605 15.604 15.603 15.602 15.601 15.600 15.600 15.597 15.596 15.595 15.594 15.601 15.609 15.617 15.624 15.632 15.639 15.647 15.655 15.662 15.670 15.675 15.675
12.739 13.003 13.267 13.531 13.795 14.059 14.323 14.587 14.851 15.115 15.366 15.591 15.591 15.617 15.577 15.537 15.497 15.457 15.415 15.375 15.335 15.295 15.255 15.215 15.174 15.150 15.129 15.088 15.088 15.068 15.047 15.011 14.960 14.910 14.860 14.809 14.759 14.709 14.737 14.803 14.869 14.936 15.002 15.069 15.069 15.202 15.268 15.335 15.401 15.467 15.538 15.583 15.581 15.580 15.579 15.578 15.577 15.576 15.575 15.574 15.574 15.572 15.571 15.569 15.568 15.575 15.582 15.590 15.598 15.605 15.613 15.621 15.628 15.636 15.642 15.632 15.632
12.875 13.139 13.403 13.667 13.931 14.195 14.459 14.723 14.987 15.251 15.515 15.566 15.566 15.525 15.485 15.445 15.405 15.365 15.324 15.284 15.244 15.204 15.164 15.124 15.083 15.063 15.042 15.001 15.001 14.981 14.960 14.940 14.908 14.858 14.808 14.757 14.707 14.656 14.707 14.773 14.840 14.906 14.972 15.039 15.039 15.172 15.238 15.305 15.380 15.456 15.531 15.562 15.558 15.555 15.554 15.553 15.552 15.550 15.549 15.548 15.548 15.546 15.545 15.544 15.543 15.548 15.556 15.564 15.571 15.579 15.586 15.594 15.602 15.608 15.599 15.590 15.590
13.011 13.275 13.539 13.803 14.066 14.330 14.594 14.858 15.091 15.295 15.499 15.477 15.477 15.433 15.393 15.353 15.313 15.273 15.232 15.192 15.152 15.112 15.072 15.032 14.995 14.974 14.954 14.913 14.913 14.893 14.872 14.852 14.831 14.805 14.754 14.704 14.654 14.609 14.676 14.742 14.809 14.875 14.941 15.008 15.008 15.147 15.222 15.297 15.372 15.448 15.523 15.539 15.536 15.532 15.529 15.528 15.526 15.525 15.524 15.523 15.523 15.521 15.520 15.519 15.518 15.523 15.530 15.538 15.546 15.553 15.561 15.568 15.576 15.567 15.557 15.548 15.548
13.011 13.275 13.539 13.803 14.067 14.331 14.595 14.859 15.092 15.295 15.499 15.477 15.477 15.433 15.393 15.353 15.313 15.273 15.232 15.192 15.152 15.112 15.072 15.032 14.995 14.974 14.954 14.913 14.913 14.893 14.872 14.852 14.831 14.805 14.754 14.704 14.654 14.609 14.676 14.742 14.809 14.875 14.941 15.008 15.008 15.147 15.222 15.297 15.372 15.448 15.523 15.539 15.536 15.532 15.529 15.528 15.526 15.525 15.524 15.523 15.523 15.521 15.520 15.519 15.518 15.523 15.530 15.538 15.546 15.553 15.561 15.568 15.576 15.567 15.557 15.548 15.548
13.147 13.411 13.675 13.939 14.203 14.464 14.668 14.872 15.076 15.280 15.484 15.420 15.420 15.352 15.302 15.262 15.222 15.181 15.140 15.100 15.060 15.020 14.980 14.939 14.907 14.886 14.866 14.825 14.825 14.805 14.784 14.764 14.743 14.723 14.701 14.651 14.601 14.578 14.645 14.711 14.778 14.844 14.913 14.988 14.988 15.139 15.214 15.289 15.365 15.440 15.515 15.517 15.513 15.510 15.507 15.503 15.501 15.500 15.498 15.497 15.497 15.495 15.494 15.493 15.492 15.496 15.504 15.512 15.519 15.527 15.534 15.542 15.533 15.524 15.514 15.505 15.505
