includes/lisflood/camargue/results_R3_t1.56174127354E12/res-0010.wdfp
ncols         906
nrows         631
xllcorner     362177.146667
yllcorner     6534725.688020
cellsize      20.000000
NODATA_value  -9999.000000
[rows 578 to 611 of 631, columns 462 to 538 of 906]
0.031 0.071 0.111 0.151 0.186 0.204 0.222 0.240 0.258 0.283 0.348 0.414 0.479 0.610 0.610 0.675 0.741 0.806 0.811 0.786 0.761 0.736 0.711 0.686 0.661 0.636 0.611 0.605 0.631 0.685 0.685 0.729 0.774 0.818 0.865 0.911 0.957 1.004 1.050 1.096 1.143 1.189 1.236 1.284 1.334 1.436 1.436 1.486 1.537 1.588 1.638 1.689 1.713 1.725 1.737 1.749 1.772 1.823 1.874 1.925 1.975 2.047 2.047 2.071 2.096 2.120 2.145 2.169 2.193 2.218 2.230 2.242 2.253 2.265 2.276 2.288 2.299
0.156 0.184 0.223 0.263 0.297 0.315 0.333 0.350 0.405 0.470 0.535 0.601 0.666 0.797 0.797 0.862 0.928 0.993 1.000 0.975 0.950 0.925 0.900 0.875 0.850 0.825 0.800 0.775 0.750 0.782 0.782 0.826 0.872 0.918 0.965 1.011 1.057 1.104 1.150 1.197 1.243 1.290 1.336 1.384 1.435 1.536 1.536 1.587 1.637 1.688 1.739 1.789 1.840 1.887 1.899 1.911 1.936 1.987 2.038 2.085 2.110 2.158 2.158 2.183 2.207 2.232 2.256 2.281 2.305 2.329 2.341 2.352 2.364 2.375 2.386 2.398 2.409
0.285 0.311 0.336 0.375 0.407 0.425 0.462 0.527 0.592 0.657 0.722 0.788 0.853 0.984 0.984 1.049 1.115 1.180 1.189 1.164 1.139 1.114 1.089 1.064 1.039 1.014 0.989 0.964 0.939 0.877 0.876 0.926 0.972 1.018 1.065 1.111 1.157 1.204 1.250 1.297 1.343 1.389 1.436 1.484 1.535 1.637 1.636 1.687 1.738 1.788 1.839 1.890 1.940 1.991 2.042 2.073 2.101 2.148 2.172 2.197 2.221 2.270 2.270 2.294 2.319 2.343 2.368 2.392 2.417 2.440 2.451 2.463 2.474 2.485 2.497 2.508 2.520
0.414 0.440 0.465 0.491 0.518 0.583 0.649 0.714 0.779 0.844 0.909 0.975 1.040 1.171 1.171 1.236 1.302 1.367 1.378 1.353 1.328 1.303 1.279 1.254 1.228 1.203 1.178 1.153 1.107 0.953 0.952 1.013 1.072 1.118 1.165 1.211 1.257 1.304 1.350 1.397 1.443 1.489 1.536 1.585 1.635 1.737 1.737 1.787 1.838 1.889 1.939 1.990 2.041 2.091 2.142 2.188 2.233 2.260 2.284 2.308 2.333 2.381 2.381 2.406 2.430 2.455 2.479 2.503 2.528 2.550 2.562 2.573 2.584 2.596 2.607 2.618 2.630
0.543 0.592 0.646 0.700 0.676 0.760 0.836 0.901 0.966 1.031 1.097 1.162 1.227 1.358 1.358 1.423 1.488 1.554 1.567 1.543 1.518 1.493 1.468 1.443 1.418 1.393 1.361 1.268 1.175 1.028 1.028 1.089 1.150 1.212 1.265 1.311 1.357 1.404 1.450 1.497 1.543 1.589 1.636 1.685 1.736 1.837 1.837 1.888 1.938 1.989 2.039 2.090 2.141 2.186 2.200 2.214 2.265 2.343 2.396 2.420 2.444 2.493 2.493 2.517 2.542 2.566 2.591 2.615 2.639 2.660 2.672 2.683 2.695 2.706 2.717 2.729 2.740
0.796 0.850 0.905 0.926 0.856 0.898 0.982 1.067 1.152 1.218 1.284 1.349 1.414 1.545 1.545 1.610 1.675 1.741 1.757 1.732 1.707 1.682 1.657 1.632 1.607 1.522 1.429 1.336 1.243 1.104 1.103 1.165 1.226 1.287 1.349 1.410 1.457 1.504 1.550 1.597 1.643 1.689 1.736 1.785 1.836 1.937 1.937 1.988 2.038 2.089 2.140 2.185 2.199 2.213 2.227 2.241 2.297 2.375 2.452 2.530 2.556 2.604 2.604 2.629 2.653 2.678 2.702 2.726 2.751 2.771 2.782 2.793 2.805 2.816 2.828 2.839 2.850
1.054 1.109 1.163 1.125 1.054 1.035 1.120 1.204 1.289 1.374 1.458 1.536 1.601 1.732 1.732 1.797 1.862 1.928 1.946 1.921 1.896 1.871 1.846 1.776 1.683 1.590 1.497 1.404 1.311 1.179 1.179 1.240 1.302 1.363 1.424 1.486 1.548 1.604 1.650 1.697 1.743 1.790 1.836 1.885 1.936 2.038 2.037 2.088 2.139 2.183 2.197 2.211 2.225 2.239 2.253 2.267 2.329 2.407 2.485 2.562 2.640 2.716 2.716 2.740 2.765 2.789 2.814 2.838 2.862 2.881 2.892 2.904 2.915 2.927 2.938 2.949 2.961
1.313 1.367 1.393 1.322 1.252 1.182 1.257 1.342 1.426 1.511 1.596 1.680 1.765 1.919 1.919 1.984 2.049 2.115 2.135 2.110 2.085 2.031 1.938 1.844 1.751 1.658 1.565 1.472 1.379 1.255 1.254 1.316 1.377 1.439 1.500 1.562 1.623 1.685 1.746 1.797 1.843 1.890 1.936 1.986 2.036 2.138 2.138 2.182 2.196 2.210 2.224 2.238 2.251 2.265 2.279 2.293 2.362 2.439 2.517 2.594 2.672 2.827 2.827 2.852 2.876 2.901 2.925 2.949 2.974 2.991 3.003 3.014 3.025 3.037 3.048 3.060 3.071
1.571 1.625 1.590 1.520 1.450 1.380 1.395 1.479 1.564 1.648 1.733 1.818 1.902 2.072 2.072 2.156 2.236 2.302 2.324 2.285 2.192 2.099 2.006 1.913 1.820 1.726 1.633 1.540 1.447 1.330 1.330 1.391 1.453 1.514 1.576 1.637 1.699 1.760 1.822 1.883 1.943 1.990 2.036 2.086 2.137 2.195 2.194 2.208 2.222 2.236 2.250 2.264 2.278 2.292 2.306 2.320 2.394 2.471 2.549 2.626 2.704 2.859 2.859 2.937 2.988 3.012 3.036 3.061 3.085 3.102 3.113 3.124 3.136 3.147 3.158 3.160 3.138
1.830 1.859 1.789 1.718 1.648 1.578 1.532 1.617 1.701 1.786 1.870 1.955 2.040 2.209 2.209 2.294 2.378 2.463 2.441 2.353 2.260 2.167 2.074 1.981 1.888 1.794 1.701 1.608 1.515 1.406 1.405 1.467 1.528 1.590 1.651 1.713 1.774 1.836 1.897 1.959 2.021 2.082 2.136 2.179 2.193 2.221 2.221 2.235 2.248 2.262 2.276 2.290 2.304 2.318 2.332 2.348 2.426 2.503 2.581 2.659 2.736 2.892 2.892 2.969 3.047 3.123 3.148 3.172 3.197 3.212 3.223 3.235 3.246 3.243 3.221 3.198 3.176
1.830 1.859 1.789 1.718 1.648 1.578 1.532 1.617 1.701 1.786 1.870 1.955 2.040 2.209 2.209 2.294 2.378 2.463 2.440 2.353 2.260 2.166 2.074 1.980 1.887 1.794 1.701 1.608 1.515 1.406 1.405 1.467 1.528 1.589 1.651 1.712 1.774 1.836 1.897 1.959 2.020 2.082 2.136 2.179 2.193 2.221 2.221 2.234 2.248 2.262 2.276 2.290 2.304 2.318 2.332 2.348 2.426 2.503 2.581 2.658 2.736 2.891 2.891 2.969 3.047 3.123 3.148 3.172 3.197 3.212 3.223 3.234 3.246 3.243 3.221 3.198 3.176
2.088 2.057 1.987 1.916 1.846 1.776 1.706 1.754 1.839 1.923 2.008 2.092 2.177 2.347 2.346 2.431 2.455 2.377 2.341 2.349 2.328 2.234 2.142 2.048 1.955 1.862 1.769 1.676 1.583 1.481 1.481 1.542 1.603 1.665 1.726 1.788 1.850 1.911 1.973 2.034 2.096 2.147 2.159 2.205 2.219 2.247 2.247 2.261 2.274 2.288 2.302 2.316 2.330 2.344 2.358 2.380 2.458 2.535 2.613 2.691 2.768 2.924 2.924 3.001 3.079 3.157 3.234 3.284 3.308 3.322 3.333 3.326 3.304 3.281 3.258 3.236 3.213
2.325 2.254 2.184 2.114 2.044 1.974 1.904 1.892 1.976 2.061 2.145 2.230 2.314 2.484 2.484 2.432 2.353 2.275 2.241 2.249 2.257 2.265 2.209 2.116 2.023 1.930 1.837 1.744 1.651 1.557 1.556 1.617 1.679 1.740 1.802 1.863 1.925 1.987 2.048 2.098 2.110 2.122 2.138 2.184 2.230 2.273 2.273 2.287 2.301 2.315 2.329 2.342 2.356 2.370 2.384 2.412 2.490 2.567 2.645 2.723 2.800 2.956 2.956 3.033 3.111 3.189 3.266 3.344 3.419 3.409 3.386 3.364 3.341 3.319 3.296 3.274 3.251
2.720 2.650 2.580 2.510 2.440 2.370 2.300 2.229 2.251 2.336 2.420 2.505 2.464 2.307 2.307 2.228 2.150 2.071 2.042 2.050 2.058 2.066 2.074 2.082 2.089 2.066 1.973 1.880 1.787 1.708 1.707 1.769 1.830 1.892 1.953 1.999 2.012 2.024 2.037 2.049 2.061 2.074 2.096 2.142 2.187 2.279 2.279 2.325 2.353 2.367 2.381 2.395 2.409 2.423 2.437 2.477 2.554 2.632 2.710 2.787 2.865 3.020 3.020 3.098 3.175 3.211 3.247 3.283 3.321 3.366 3.411 3.440 3.417 3.394 3.372 3.349 3.327
2.918 2.848 2.778 2.708 2.638 2.568 2.498 2.427 2.388 2.473 2.519 2.441 2.362 2.205 2.205 2.126 2.048 1.969 1.943 1.951 1.958 1.966 1.974 1.982 1.990 1.998 2.006 1.948 1.855 1.783 1.783 1.844 1.905 1.950 1.962 1.975 1.987 2.000 2.012 2.025 2.037 2.050 2.074 2.120 2.166 2.258 2.258 2.304 2.350 2.394 2.407 2.421 2.435 2.449 2.463 2.509 2.586 2.664 2.742 2.819 2.897 3.045 3.045 3.081 3.117 3.153 3.189 3.226 3.264 3.309 3.355 3.400 3.445 3.432 3.410 3.387 3.365
3.116 3.046 2.976 2.906 2.836 2.766 2.696 2.625 2.555 2.496 2.417 2.339 2.260 2.104 2.103 2.024 1.946 1.867 1.843 1.851 1.859 1.867 1.875 1.882 1.890 1.898 1.906 1.914 1.922 1.858 1.858 1.900 1.913 1.925 1.938 1.950 1.963 1.975 1.988 2.000 2.013 2.025 2.053 2.099 2.145 2.237 2.237 2.283 2.329 2.374 2.420 2.447 2.462 2.476 2.489 2.541 2.618 2.696 2.774 2.851 2.915 2.987 2.987 3.023 3.059 3.095 3.131 3.168 3.207 3.252 3.298 3.343 3.388 3.434 3.447 3.425 3.402
3.314 3.195 3.075 2.955 2.835 2.715 2.595 2.475 2.359 2.354 2.315 2.237 2.158 2.002 2.001 1.923 1.844 1.765 1.744 1.751 1.759 1.767 1.775 1.783 1.791 1.798 1.806 1.814 1.822 1.864 1.864 1.876 1.888 1.901 1.913 1.926 1.938 1.951 1.963 1.976 1.988 2.001 2.032 2.078 2.124 2.216 2.215 2.261 2.307 2.353 2.399 2.445 2.488 2.502 2.516 2.573 2.650 2.728 2.785 2.821 2.857 2.929 2.929 2.965 3.001 3.037 3.074 3.110 3.150 3.196 3.241 3.286 3.331 3.377 3.422 3.463 3.440
3.079 2.959 2.839 2.719 2.599 2.479 2.359 2.239 2.153 2.148 2.143 2.135 2.056 1.899 1.899 1.820 1.742 1.663 1.644 1.652 1.659 1.667 1.675 1.683 1.691 1.699 1.706 1.729 1.763 1.824 1.824 1.851 1.864 1.876 1.889 1.901 1.914 1.926 1.939 1.951 1.964 1.976 2.011 2.057 2.102 2.194 2.194 2.240 2.286 2.332 2.378 2.424 2.470 2.516 2.542 2.605 2.655 2.691 2.727 2.763 2.799 2.871 2.871 2.907 2.943 2.979 3.016 3.052 3.093 3.139 3.184 3.229 3.275 3.320 3.365 3.411 3.456
2.843 2.723 2.603 2.483 2.363 2.243 2.123 2.003 1.947 1.942 1.937 1.932 1.927 1.798 1.797 1.718 1.640 1.561 1.544 1.552 1.560 1.567 1.575 1.583 1.591 1.615 1.650 1.684 1.718 1.779 1.778 1.805 1.832 1.852 1.864 1.877 1.889 1.902 1.914 1.927 1.939 1.952 1.989 2.035 2.081 2.173 2.173 2.219 2.265 2.311 2.357 2.403 2.449 2.495 2.522 2.562 2.597 2.633 2.669 2.705 2.741 2.813 2.813 2.849 2.885 2.921 2.957 2.994 3.036 3.082 3.127 3.172 3.218 3.263 3.308 3.354 3.399
2.607 2.487 2.367 2.247 2.127 2.007 1.887 1.767 1.740 1.735 1.731 1.726 1.721 1.695 1.695 1.616 1.538 1.459 1.444 1.452 1.460 1.468 1.476 1.503 1.537 1.571 1.605 1.639 1.673 1.733 1.733 1.760 1.787 1.814 1.840 1.852 1.865 1.877 1.890 1.902 1.915 1.928 1.968 2.014 2.060 2.152 2.152 2.198 2.243 2.289 2.335 2.381 2.404 2.427 2.450 2.494 2.538 2.575 2.611 2.647 2.683 2.755 2.755 2.791 2.827 2.863 2.899 2.936 2.979 3.025 3.070 3.115 3.161 3.206 3.251 3.297 3.342
2.339 2.251 2.131 2.011 1.891 1.771 1.651 1.539 1.534 1.529 1.524 1.519 1.514 1.505 1.505 1.500 1.435 1.357 1.344 1.352 1.360 1.390 1.424 1.458 1.492 1.526 1.560 1.594 1.628 1.688 1.687 1.714 1.741 1.768 1.795 1.822 1.840 1.853 1.865 1.878 1.890 1.903 1.947 1.993 2.038 2.131 2.130 2.176 2.222 2.263 2.286 2.309 2.332 2.355 2.381 2.425 2.469 2.513 2.553 2.589 2.625 2.697 2.697 2.733 2.769 2.805 2.841 2.877 2.922 2.968 3.013 3.058 3.104 3.149 3.194 3.240 3.285
2.046 1.990 1.895 1.775 1.655 1.535 1.415 1.333 1.328 1.323 1.318 1.313 1.308 1.299 1.298 1.293 1.288 1.254 1.244 1.277 1.311 1.345 1.379 1.413 1.447 1.481 1.515 1.549 1.583 1.642 1.642 1.669 1.695 1.722 1.749 1.776 1.804 1.828 1.841 1.853 1.866 1.880 1.925 1.971 2.017 2.109 2.109 2.145 2.168 2.191 2.214 2.237 2.260 2.284 2.312 2.356 2.400 2.444 2.487 2.531 2.567 2.639 2.639 2.675 2.711 2.747 2.783 2.820 2.866 2.911 2.956 3.001 3.047 3.092 3.137 3.183 3.228
1.754 1.698 1.641 1.540 1.420 1.299 1.179 1.126 1.121 1.116 1.111 1.106 1.101 1.092 1.091 1.086 1.113 1.179 1.198 1.232 1.266 1.300 1.334 1.368 1.402 1.436 1.470 1.504 1.539 1.596 1.596 1.623 1.650 1.677 1.704 1.731 1.758 1.785 1.812 1.829 1.841 1.858 1.904 1.950 1.996 2.051 2.050 2.073 2.096 2.120 2.143 2.166 2.189 2.212 2.243 2.287 2.331 2.374 2.418 2.462 2.506 2.581 2.581 2.617 2.653 2.689 2.725 2.763 2.808 2.854 2.899 2.944 2.990 3.035 3.080 3.126 3.171
1.462 1.405 1.349 1.292 1.184 1.063 0.943 0.920 0.915 0.909 0.904 0.899 0.894 0.974 0.973 1.039 1.106 1.167 1.180 1.193 1.221 1.255 1.289 1.323 1.357 1.391 1.425 1.459 1.494 1.551 1.550 1.577 1.604 1.631 1.658 1.685 1.712 1.739 1.766 1.793 1.817 1.837 1.883 1.910 1.933 1.979 1.979 2.002 2.025 2.048 2.071 2.094 2.117 2.140 2.174 2.218 2.261 2.305 2.349 2.393 2.437 2.523 2.523 2.559 2.595 2.631 2.667 2.706 2.751 2.797 2.842 2.887 2.933 2.978 3.028 3.097 3.165
1.169 1.113 1.057 1.000 0.943 0.827 0.718 0.713 0.707 0.702 0.701 0.766 0.833 0.966 0.965 1.031 1.098 1.150 1.163 1.177 1.189 1.210 1.244 1.278 1.312 1.346 1.380 1.415 1.449 1.505 1.505 1.532 1.559 1.586 1.613 1.640 1.667 1.694 1.721 1.748 1.775 1.796 1.815 1.838 1.861 1.907 1.907 1.930 1.953 1.976 1.999 2.022 2.045 2.069 2.105 2.148 2.192 2.236 2.280 2.324 2.368 2.456 2.456 2.500 2.537 2.573 2.609 2.649 2.694 2.740 2.785 2.830 2.888 2.956 3.025 3.094 3.162
0.877 0.821 0.764 0.707 0.651 0.591 0.511 0.505 0.561 0.627 0.692 0.758 0.825 0.958 0.957 1.024 1.090 1.133 1.146 1.160 1.173 1.186 1.199 1.233 1.267 1.301 1.336 1.370 1.404 1.460 1.459 1.486 1.513 1.540 1.567 1.594 1.621 1.648 1.676 1.707 1.737 1.754 1.755 1.766 1.789 1.835 1.835 1.858 1.881 1.904 1.927 1.951 1.974 1.997 2.035 2.079 2.123 2.167 2.211 2.255 2.299 2.387 2.387 2.431 2.475 2.515 2.551 2.592 2.637 2.683 2.747 2.816 2.885 2.953 3.022 3.091 3.159
0.877 0.821 0.764 0.707 0.650 0.590 0.510 0.504 0.559 0.625 0.691 0.757 0.824 0.957 0.956 1.023 1.089 1.132 1.145 1.159 1.172 1.185 1.198 1.232 1.267 1.301 1.335 1.369 1.403 1.459 1.459 1.485 1.513 1.539 1.566 1.593 1.621 1.647 1.676 1.706 1.737 1.754 1.754 1.766 1.789 1.835 1.835 1.858 1.881 1.904 1.927 1.950 1.973 1.996 2.035 2.079 2.123 2.166 2.210 2.254 2.298 2.386 2.386 2.430 2.474 2.514 2.550 2.592 2.637 2.682 2.747 2.815 2.884 2.953 3.021 3.090 3.159
0.585 0.528 0.471 0.414 0.371 0.375 0.420 0.485 0.551 0.617 0.683 0.749 0.815 0.949 0.948 1.015 1.081 1.116 1.129 1.142 1.155 1.168 1.181 1.194 1.222 1.256 1.290 1.324 1.358 1.413 1.413 1.440 1.467 1.494 1.521 1.548 1.577 1.608 1.638 1.669 1.699 1.712 1.713 1.714 1.717 1.763 1.763 1.786 1.809 1.832 1.855 1.878 1.901 1.924 1.966 2.010 2.053 2.097 2.141 2.185 2.229 2.317 2.317 2.361 2.405 2.449 2.492 2.538 2.607 2.675 2.744 2.812 2.881 2.950 3.018 3.087 3.156
0.320 0.325 0.330 0.335 0.339 0.342 0.405 0.476 0.542 0.608 0.675 0.741 0.807 0.941 0.940 1.007 1.074 1.098 1.112 1.125 1.138 1.151 1.164 1.177 1.191 1.211 1.245 1.279 1.313 1.367 1.367 1.394 1.421 1.448 1.479 1.509 1.540 1.570 1.601 1.631 1.662 1.670 1.671 1.672 1.673 1.691 1.691 1.714 1.737 1.760 1.783 1.806 1.829 1.853 1.897 1.940 1.984 2.028 2.072 2.116 2.160 2.248 2.248 2.292 2.336 2.391 2.460 2.533 2.603 2.672 2.741 2.809 2.878 2.947 3.015 3.084 3.153
0.258 0.263 0.267 0.271 0.275 0.307 0.377 0.448 0.520 0.591 0.659 0.726 0.792 0.926 0.926 0.992 1.052 1.065 1.078 1.092 1.105 1.118 1.131 1.144 1.157 1.171 1.184 1.197 1.222 1.282 1.282 1.312 1.343 1.374 1.404 1.435 1.465 1.496 1.526 1.557 1.587 1.588 1.588 1.589 1.590 1.592 1.592 1.593 1.594 1.617 1.640 1.663 1.686 1.715 1.758 1.802 1.846 1.890 1.934 1.978 2.025 2.162 2.162 2.231 2.299 2.367 2.437 2.511 2.586 2.661 2.735 2.804 2.872 2.941 3.010 3.078 3.147
0.226 0.231 0.235 0.239 0.242 0.291 0.362 0.433 0.505 0.577 0.649 0.718 0.784 0.918 0.918 0.984 1.035 1.048 1.061 1.075 1.088 1.101 1.114 1.127 1.140 1.154 1.166 1.178 1.192 1.245 1.244 1.275 1.305 1.336 1.367 1.397 1.428 1.458 1.489 1.519 1.545 1.546 1.547 1.547 1.548 1.551 1.550 1.551 1.552 1.553 1.568 1.591 1.614 1.645 1.689 1.733 1.777 1.821 1.876 1.945 2.013 2.150 2.150 2.218 2.287 2.355 2.425 2.500 2.575 2.650 2.724 2.799 2.869 2.938 3.007 3.075 3.144
0.195 0.199 0.203 0.206 0.209 0.276 0.346 0.418 0.490 0.562 0.634 0.706 0.776 0.910 0.909 0.976 1.017 1.031 1.044 1.057 1.071 1.084 1.097 1.110 1.122 1.133 1.145 1.156 1.171 1.207 1.207 1.237 1.268 1.298 1.329 1.360 1.390 1.421 1.451 1.482 1.503 1.504 1.505 1.506 1.507 1.509 1.509 1.509 1.510 1.511 1.512 1.519 1.542 1.576 1.620 1.664 1.728 1.796 1.864 1.933 2.001 2.138 2.138 2.206 2.275 2.343 2.414 2.489 2.564 2.638 2.713 2.788 2.863 2.935 3.003 3.072 3.141
0.163 0.167 0.171 0.173 0.191 0.260 0.331 0.403 0.475 0.547 0.620 0.692 0.764 0.902 0.901 0.968 1.000 1.014 1.027 1.040 1.054 1.066 1.077 1.089 1.100 1.112 1.123 1.135 1.151 1.186 1.185 1.203 1.230 1.261 1.291 1.322 1.352 1.383 1.413 1.444 1.461 1.462 1.463 1.464 1.465 1.467 1.467 1.468 1.468 1.469 1.470 1.471 1.472 1.510 1.579 1.647 1.715 1.784 1.852 1.920 1.989 2.126 2.126 2.194 2.262 2.331 2.403 2.478 2.552 2.627 2.702 2.777 2.851 2.926 3.000 3.069 3.138
0.131 0.135 0.138 0.140 0.175 0.244 0.316 0.388 0.460 0.533 0.605 0.677 0.750 0.893 0.893 0.960 0.983 0.996 1.010 1.021 1.033 1.044 1.056 1.067 1.079 1.090 1.101 1.113 1.130 1.165 1.165 1.182 1.200 1.223 1.254 1.284 1.315 1.345 1.376 1.406 1.420 1.421 1.421 1.422 1.423 1.425 1.425 1.426 1.427 1.427 1.429 1.452 1.492 1.517 1.566 1.635 1.703 1.771 1.840 1.908 1.977 2.113 2.114 2.182 2.250 2.319 2.392 2.466 2.541 2.616 2.691 2.765 2.840 2.915 2.990 3.064 3.134
