includes/lisflood/camargue/results_R3_t1.56174127354E12/res-0002.wd
ncols         906
nrows         631
xllcorner     362177.146667
yllcorner     6534725.688020
cellsize      20.000000
NODATA_value  -9999.000000
[rows 476 to 509 of 631, columns 308 to 384 of 906]
0.000 0.000 0.000 0.000 0.230 0.000 0.000 0.000 0.195 0.014 0.004 0.000 0.000 0.000 0.000 0.000 0.000 0.000 0.000 0.000 0.000 0.000 0.000 0.000 0.000 0.000 0.000 0.000 0.000 0.000 0.000 0.000 0.000 0.000 0.000 0.000 0.000 0.000 0.000 0.000 0.000 0.000 0.000 0.000 0.000 0.000 0.000 0.000 0.000 0.000 0.000 0.000 0.000 0.000 0.000 0.000 0.000 0.000 0.000 0.000 0.000 0.000 0.000 0.000 0.000 0.000 0.000 0.000 0.000 0.000 0.000 0.000 0.000 0.000 0.000 0.000 0.000
0.000 0.000 0.000 0.000 0.075 0.000 0.000 0.267 0.075 0.048 0.014 0.001 0.000 0.000 0.000 0.000 0.000 0.000 0.000 0.000 0.000 0.000 0.308 0.000 0.000 0.000 0.000 0.000 0.000 0.000 0.000 0.000 0.000 0.000 0.000 0.000 0.000 0.000 0.000 0.000 0.000 0.000 0.000 0.000 0.000 0.000 0.000 0.000 0.000 0.000 0.000 0.000 0.000 0.000 0.000 0.000 0.000 0.000 0.000 0.000 0.000 0.000 0.000 0.000 0.000 0.000 0.000 0.000 0.000 0.000 0.000 0.000 0.000 0.000 0.000 0.000 0.000
0.000 0.000 0.000 1.672 1.502 1.621 1.620 0.222 0.075 0.061 0.041 0.000 0.000 0.000 0.000 0.000 0.000 0.000 0.000 0.000 0.000 0.852 0.852 1.242 0.000 0.000 0.000 0.000 0.000 0.000 0.000 0.000 0.000 0.000 0.000 0.000 0.000 0.000 0.000 0.000 0.000 0.000 0.000 0.000 0.000 0.000 0.000 0.000 0.000 0.000 0.000 0.000 0.000 0.000 0.000 0.000 0.000 0.000 0.000 0.000 0.000 0.000 0.000 0.000 0.000 0.000 0.000 0.000 0.000 0.000 0.000 0.000 0.000 0.000 0.000 0.000 0.000
0.000 0.000 1.632 1.633 1.743 1.723 0.000 0.256 0.134 0.141 0.022 0.002 0.000 0.000 0.000 0.000 0.000 0.000 0.000 0.000 1.242 1.422 1.422 1.292 1.382 1.152 0.000 0.000 0.000 0.000 0.000 0.000 0.000 0.000 0.000 0.000 0.000 0.000 0.000 0.000 0.000 0.000 0.000 0.000 0.000 0.000 0.000 0.000 0.000 0.000 0.000 0.000 0.000 0.000 0.000 0.000 0.000 0.000 0.000 0.000 0.000 0.000 0.000 0.000 0.000 0.000 0.000 0.000 0.000 0.000 0.000 0.000 0.000 0.000 0.000 0.000 0.000
0.000 1.723 1.753 1.873 1.543 1.703 0.000 0.000 0.000 0.050 0.002 0.000 0.000 0.000 0.000 0.000 0.000 0.000 0.000 1.322 1.352 1.332 1.332 1.412 1.532 1.272 1.471 1.131 0.000 0.000 0.000 0.000 0.000 0.000 0.000 0.000 0.000 0.000 0.000 0.000 0.000 0.000 0.000 0.000 0.000 0.000 0.000 0.000 0.000 0.000 0.000 0.000 0.000 0.000 0.000 0.000 0.000 0.000 0.000 0.000 0.000 0.000 0.000 0.000 0.000 0.000 0.000 0.000 0.000 0.000 0.000 0.000 0.000 0.000 0.000 0.000 0.000
1.683 1.653 1.833 1.733 1.684 1.744 1.745 1.735 0.000 0.000 0.000 0.000 0.000 0.000 0.000 0.000 0.000 0.000 0.000 1.442 1.412 1.452 1.452 1.592 1.642 1.272 1.392 1.352 1.441 0.711 0.000 0.000 0.000 0.000 0.000 0.000 0.000 0.000 0.000 0.000 0.000 0.000 0.000 0.000 0.000 0.000 0.000 0.000 0.000 0.000 0.000 0.000 0.000 0.000 0.000 0.000 0.000 0.000 0.000 0.000 0.000 0.000 0.000 0.000 0.000 0.000 0.000 0.000 0.000 0.000 0.000 0.000 0.000 0.000 0.000 0.000 0.000
1.843 1.833 1.964 1.874 1.874 1.734 1.735 1.655 1.815 1.845 0.000 0.000 0.000 0.000 0.000 0.000 0.000 0.000 1.532 1.502 1.522 1.532 1.532 1.642 1.522 1.552 1.482 1.452 1.462 1.192 0.282 0.000 0.000 0.000 0.000 0.000 0.000 0.000 0.000 0.000 0.000 0.000 0.000 0.000 0.000 0.000 0.000 0.000 0.000 0.000 0.000 0.000 0.000 0.000 0.000 0.000 0.000 0.000 0.000 0.000 0.000 0.000 0.000 0.000 0.000 0.000 0.000 0.000 0.000 0.000 0.000 0.000 0.000 0.000 0.000 0.000 0.000
1.833 1.923 1.844 1.994 1.894 1.855 1.855 1.915 1.855 1.835 1.765 0.000 0.000 0.000 0.000 0.000 0.000 1.463 1.592 1.562 1.562 1.622 1.622 1.632 1.602 1.772 1.572 1.522 1.582 1.512 0.772 0.000 0.000 0.000 0.000 0.000 0.000 0.000 0.000 0.000 0.000 0.000 0.000 0.000 0.000 0.000 0.000 0.000 0.000 0.000 0.000 0.000 0.000 0.000 0.000 0.000 0.000 0.000 0.000 0.000 0.000 0.000 0.000 0.000 0.000 0.000 0.000 0.000 0.000 0.000 0.000 0.000 0.000 0.000 0.000 0.000 0.000
1.983 2.023 2.054 1.944 1.894 1.874 1.875 1.885 1.845 1.935 1.795 1.715 1.835 0.000 0.000 0.000 1.813 1.683 1.753 1.733 1.652 1.532 1.532 1.972 1.672 1.672 1.612 1.562 1.582 1.452 0.962 0.421 0.000 0.000 0.000 0.000 0.000 0.000 0.000 0.000 0.000 0.000 0.000 0.000 0.000 0.000 0.000 0.000 0.000 0.000 0.000 0.000 0.000 0.000 0.000 0.000 0.000 0.000 0.000 0.000 0.000 0.000 0.000 0.000 0.000 0.000 0.000 0.000 0.000 0.000 0.000 0.000 0.000 0.000 0.000 0.000 0.000
2.044 2.004 2.024 1.914 1.954 1.884 1.885 1.925 1.875 1.885 1.905 1.865 1.765 1.844 1.724 1.904 1.823 1.813 1.763 1.683 1.723 1.732 1.732 1.772 1.812 1.682 1.572 1.642 1.542 1.452 1.152 0.922 0.000 0.000 0.000 0.000 0.000 0.000 0.000 0.000 0.000 0.000 0.000 0.000 0.000 0.000 0.000 0.000 0.000 0.000 0.000 0.000 0.000 0.000 0.000 0.000 0.000 0.000 0.000 0.000 0.000 0.000 0.000 0.000 0.000 0.000 0.000 0.000 0.000 0.000 0.000 0.000 0.000 0.000 0.000 0.000 0.000
2.114 2.144 1.954 1.984 1.914 2.034 2.034 1.935 1.895 2.004 1.905 1.995 1.945 1.904 1.814 1.824 1.913 1.823 1.773 1.783 1.773 1.712 1.712 1.792 1.762 1.802 1.642 1.582 1.462 1.492 1.372 1.012 0.000 0.000 0.000 0.000 0.000 0.000 0.000 0.000 0.000 0.000 0.000 0.000 0.000 0.000 0.000 0.000 0.000 0.000 0.000 0.000 0.000 0.000 0.000 0.000 0.000 0.000 0.000 0.000 0.000 0.000 0.000 0.000 0.000 0.000 0.000 0.000 0.000 0.000 0.000 0.000 0.000 0.000 0.000 0.000 0.000
2.234 2.094 2.114 2.064 2.064 2.004 2.004 1.924 1.954 1.944 1.954 2.094 2.014 1.964 1.934 1.884 1.883 1.893 1.973 1.903 1.763 1.893 1.892 1.862 1.742 1.702 1.732 1.722 1.582 1.642 1.462 1.052 0.421 0.000 0.000 0.000 0.000 0.000 0.000 0.000 0.000 0.000 0.000 0.000 0.000 0.000 0.000 0.000 0.000 0.000 0.000 0.000 0.000 0.000 0.000 0.000 0.000 0.000 0.000 0.000 0.000 0.000 0.000 0.000 0.000 0.000 0.000 0.000 0.000 0.000 0.000 0.000 0.000 0.000 0.000 0.000 0.000
2.184 2.124 2.174 2.084 2.204 2.064 2.064 1.944 2.104 2.114 2.104 2.134 2.094 1.994 1.874 2.074 1.944 1.844 1.843 1.853 1.803 1.853 1.853 1.912 1.812 1.812 1.722 1.642 1.592 1.522 1.662 1.392 0.632 0.000 0.000 0.000 0.000 0.000 0.000 0.000 0.000 0.000 0.000 0.000 0.000 0.000 0.000 0.000 0.000 0.000 0.000 0.000 0.000 0.000 0.000 0.000 0.000 0.000 0.000 0.000 0.000 0.000 0.000 0.000 0.000 0.000 0.000 0.000 0.000 0.000 0.000 0.000 0.000 0.000 0.000 0.000 0.000
2.144 2.164 2.174 2.124 2.134 2.034 2.034 2.184 2.124 2.134 2.264 2.114 1.944 2.044 1.964 1.924 1.874 1.924 1.863 1.853 1.973 1.943 1.943 1.873 1.752 1.772 1.772 1.712 1.602 1.562 1.462 1.492 0.772 0.000 0.000 0.000 0.000 0.000 0.000 0.000 0.000 0.000 0.000 0.000 0.000 0.000 0.000 0.000 0.000 0.000 0.000 0.000 0.000 0.000 0.000 0.000 0.000 0.000 0.000 0.000 0.000 0.000 0.000 0.000 0.000 0.000 0.000 0.000 0.000 0.000 0.000 0.000 0.000 0.000 0.000 0.000 0.000
2.274 2.224 2.204 2.194 2.154 2.304 2.304 2.264 2.214 2.214 2.184 2.074 2.104 1.994 1.964 2.114 1.994 1.894 1.954 1.984 2.073 2.083 2.083 1.913 1.872 1.762 1.762 1.682 1.652 1.633 1.572 1.383 0.683 0.000 0.000 0.000 0.000 0.000 0.000 0.000 0.000 0.000 0.000 0.000 0.000 0.000 0.000 0.000 0.000 0.000 0.000 0.000 0.000 0.000 0.000 0.000 0.000 0.000 0.000 0.000 0.000 0.000 0.000 0.000 0.000 0.000 0.000 0.000 0.000 0.000 0.000 0.000 0.000 0.000 0.000 0.000 0.000
2.274 2.244 2.244 2.324 2.294 2.254 2.254 2.134 2.234 2.204 2.224 2.174 2.164 2.204 2.044 2.124 1.994 2.064 2.104 2.124 2.023 2.013 2.013 1.853 1.983 1.782 1.912 1.762 1.652 1.502 1.552 1.393 0.000 0.000 0.000 0.000 0.000 0.000 0.000 0.000 0.000 0.000 0.000 0.000 0.000 0.000 0.000 0.000 0.000 0.000 0.000 0.000 0.000 0.000 0.000 0.000 0.000 0.000 0.000 0.000 0.000 0.000 0.000 0.000 0.000 0.000 0.000 0.000 0.000 0.000 0.000 0.000 0.000 0.000 0.000 0.000 0.000
2.274 2.244 2.244 2.324 2.294 2.254 2.254 2.134 2.234 2.204 2.224 2.174 2.164 2.204 2.044 2.124 1.994 2.064 2.104 2.123 2.023 2.013 2.013 1.853 1.983 1.782 1.912 1.762 1.652 1.502 1.552 1.392 0.000 0.000 0.000 0.000 0.000 0.000 0.000 0.000 0.000 0.000 0.000 0.000 0.000 0.000 0.000 0.000 0.000 0.000 0.000 0.000 0.000 0.000 0.000 0.000 0.000 0.000 0.000 0.000 0.000 0.000 0.000 0.000 0.000 0.000 0.000 0.000 0.000 0.000 0.000 0.000 0.000 0.000 0.000 0.000 0.000
2.314 2.294 2.344 2.254 2.414 2.304 2.304 2.224 2.194 2.314 2.214 2.094 2.094 2.084 2.104 2.134 2.044 2.074 2.094 2.133 2.133 2.043 2.043 2.023 2.012 1.812 1.852 1.852 1.622 1.681 0.000 0.000 0.000 0.000 0.000 0.000 0.000 0.280 0.000 0.000 0.000 0.000 0.000 0.000 0.000 0.000 0.000 0.000 0.000 0.000 0.000 0.000 0.000 0.000 0.000 0.000 0.000 0.000 0.000 0.000 0.000 0.000 0.000 0.000 0.000 0.000 0.000 0.000 0.000 0.000 0.000 0.000 0.000 0.000 0.000 0.000 0.000
2.514 2.324 2.444 2.494 2.314 2.294 2.294 2.204 2.304 2.354 2.374 2.274 2.324 2.284 2.144 2.164 2.234 2.234 2.164 2.033 2.093 2.173 2.173 2.152 2.042 2.022 1.962 1.892 1.842 1.612 0.000 0.000 0.000 0.000 0.000 0.298 0.698 0.728 1.668 1.668 0.000 0.000 0.000 0.000 0.000 0.000 0.000 0.000 0.000 0.000 0.000 0.000 0.000 0.000 0.000 0.000 0.000 0.000 0.000 0.000 0.000 0.000 0.000 0.000 0.000 0.000 0.000 0.000 0.000 0.000 0.000 0.000 0.000 0.000 0.000 0.000 0.000
2.504 2.414 2.564 2.424 2.364 2.324 2.324 2.404 2.574 2.304 2.374 2.354 2.254 2.354 2.174 2.204 2.164 2.284 2.254 2.193 2.143 2.283 2.283 2.032 2.122 2.132 2.042 1.942 1.902 1.921 1.101 0.551 0.760 0.950 0.890 0.959 1.179 1.398 2.078 2.078 1.828 1.668 1.598 1.308 0.000 0.000 0.000 0.000 0.000 0.000 0.000 0.000 0.000 0.000 0.000 0.000 0.000 0.000 0.000 0.000 0.000 0.000 0.000 0.000 0.000 0.000 0.000 0.000 0.000 0.000 0.000 0.000 0.000 0.000 0.000 0.000 0.000
2.533 2.523 2.514 2.474 2.444 2.384 2.384 2.404 2.454 2.464 2.444 2.474 2.444 2.334 2.324 2.284 2.284 2.184 2.253 2.213 2.293 2.123 2.123 2.352 2.262 2.192 2.112 2.041 2.031 1.911 1.791 1.341 1.600 1.210 1.069 1.199 1.879 1.848 2.078 2.078 2.158 1.938 1.698 1.758 1.368 0.000 0.000 0.000 0.000 0.000 0.000 0.000 0.000 0.000 0.000 0.000 0.000 0.000 0.000 0.000 0.000 0.000 0.000 0.000 0.000 0.000 0.000 0.000 0.000 0.000 0.000 0.000 0.000 0.000 0.000 0.000 0.000
2.603 2.563 2.463 2.483 2.543 2.483 2.483 2.484 2.434 2.424 2.503 2.493 2.474 2.544 2.364 2.254 2.394 2.373 2.273 2.223 2.343 2.323 2.323 2.242 2.262 2.242 2.171 2.181 2.041 2.031 2.021 1.790 2.040 1.880 1.859 2.059 1.979 1.889 2.058 2.058 2.108 1.958 1.928 1.788 1.628 0.000 0.000 0.000 0.000 0.000 0.000 0.000 0.000 0.000 0.000 0.000 0.000 0.000 0.000 0.000 0.000 0.000 0.000 0.000 1.706 1.786 1.716 0.000 0.000 0.000 0.000 0.000 0.000 0.000 0.000 0.000 0.000
2.473 2.503 2.573 2.643 2.443 2.523 2.523 2.493 2.513 2.464 2.473 2.453 2.423 2.434 2.414 2.394 2.354 2.383 2.313 2.373 2.223 2.163 2.162 2.282 2.432 2.282 2.361 2.251 2.181 2.090 2.140 2.160 2.010 2.310 2.239 2.129 2.129 1.979 2.298 2.298 2.218 1.968 1.918 1.968 1.978 0.000 0.000 0.000 0.000 0.000 0.000 0.000 0.000 0.000 0.000 0.000 0.000 0.000 0.000 0.000 1.676 1.976 1.936 2.006 1.916 1.836 1.766 1.936 1.995 2.005 2.125 2.125 1.974 2.014 2.053 2.063 2.023
2.573 2.623 3.079 2.663 2.573 2.563 2.563 2.493 2.513 2.473 2.513 2.623 2.533 2.483 2.463 2.483 2.453 2.483 2.413 2.373 2.433 2.402 2.402 2.252 2.342 2.411 2.281 2.291 2.250 2.180 2.250 2.200 2.220 2.240 2.029 2.199 2.159 2.108 2.268 2.268 2.018 2.048 2.138 2.108 2.087 2.227 2.016 1.506 0.000 0.000 0.000 0.000 0.000 0.000 0.000 0.000 1.286 1.886 1.866 2.066 2.166 2.016 1.966 2.146 2.146 2.166 1.965 2.185 2.085 2.055 2.075 2.074 2.104 1.964 2.063 2.113 2.152
2.623 2.603 3.115 2.623 2.583 3.063 3.063 2.573 2.593 2.523 2.463 2.553 2.463 2.443 2.663 2.453 2.503 2.483 2.403 2.363 2.503 2.432 2.432 2.332 2.421 2.371 2.331 2.341 2.301 2.330 2.290 2.220 2.260 2.090 2.069 2.169 2.159 2.188 2.208 2.208 2.258 2.178 2.218 2.208 2.217 2.157 2.246 2.156 2.216 2.076 1.716 1.526 1.766 1.846 2.196 2.196 2.226 2.136 2.146 2.146 2.036 2.236 2.156 2.206 2.046 2.266 2.055 2.065 2.135 2.175 2.105 2.104 1.914 2.003 2.073 2.063 2.042
2.663 2.683 2.623 3.134 2.533 2.663 2.663 2.643 2.633 2.593 2.583 2.613 2.463 2.493 2.513 2.563 2.483 2.593 2.423 2.413 2.423 2.392 2.392 2.391 2.261 2.521 2.311 2.371 2.401 2.230 2.330 2.350 2.180 2.190 2.139 2.319 2.148 2.288 2.318 2.318 2.188 2.158 2.207 2.068 2.257 2.187 2.187 2.236 2.306 2.276 2.486 2.286 2.186 2.246 2.156 2.156 2.256 2.176 2.106 2.176 2.136 2.316 2.346 2.255 2.176 2.115 2.315 2.095 2.305 2.055 2.124 2.124 2.053 1.993 2.183 2.233 2.112
3.202 2.613 2.563 2.623 3.153 3.135 3.135 3.100 2.682 3.064 2.572 2.592 2.542 2.642 2.613 2.613 2.463 2.583 2.543 2.603 2.442 2.562 2.562 2.491 2.371 2.461 2.611 2.441 2.360 2.300 2.370 2.190 2.250 2.199 2.249 2.339 2.328 2.318 2.258 2.258 2.228 2.168 2.137 2.107 2.157 2.247 2.307 2.276 2.336 2.256 2.286 2.206 2.376 2.256 2.186 2.186 2.306 2.106 2.266 2.246 2.306 2.186 2.326 2.185 2.265 2.155 2.205 2.165 2.155 2.095 2.104 2.104 2.153 2.193 2.183 2.162 2.042
3.234 3.233 3.225 3.207 3.189 3.171 3.171 2.682 2.632 3.101 2.542 2.512 2.612 2.512 2.999 2.622 2.593 2.522 2.552 2.562 2.452 2.522 2.522 2.461 2.361 2.521 2.471 2.441 2.450 2.280 2.240 2.310 2.260 2.199 2.269 2.299 2.308 2.338 2.238 2.238 2.368 2.317 2.277 2.237 2.297 2.377 2.197 2.226 2.306 2.226 2.306 2.306 2.266 2.256 2.316 2.316 2.276 2.336 2.306 2.266 2.256 2.116 2.245 2.285 2.295 2.165 2.235 2.185 2.184 2.124 2.244 2.244 2.173 2.183 2.092 2.192 2.142
3.266 3.265 3.261 3.243 3.226 3.208 3.208 3.172 3.155 2.662 3.119 2.572 2.642 2.602 3.021 2.986 2.952 2.622 2.502 2.612 2.632 2.612 2.612 2.411 2.491 2.431 2.501 2.351 2.300 2.350 2.300 2.390 2.400 2.229 2.359 2.429 2.468 2.368 2.248 2.248 2.337 2.257 2.437 2.237 2.357 2.377 2.346 2.326 2.296 2.416 2.356 2.416 2.296 2.216 2.396 2.396 2.166 2.255 2.305 2.115 2.336 2.355 2.305 2.205 2.165 2.225 2.235 2.264 2.304 2.234 2.284 2.283 2.363 2.203 2.222 2.212 2.162
3.299 3.297 3.296 3.279 3.262 3.244 3.244 3.209 3.191 3.173 3.155 2.632 2.662 2.582 2.622 3.008 2.672 2.662 2.562 2.572 2.482 2.632 2.631 2.571 2.411 2.531 2.471 2.481 2.400 2.410 2.400 2.400 2.420 2.279 2.319 2.399 2.388 2.458 2.398 2.397 2.287 2.327 2.337 2.327 2.387 2.286 2.396 2.386 2.336 2.236 2.296 2.256 2.306 2.255 2.386 2.385 2.335 2.325 2.245 2.265 2.455 2.365 2.325 2.195 2.245 2.285 2.384 2.314 2.174 2.234 2.333 2.333 2.253 2.232 2.362 2.212 2.261
3.331 3.330 3.328 3.316 3.298 3.280 3.280 3.245 3.227 3.210 3.192 3.166 3.132 2.632 3.063 3.029 2.994 2.960 2.572 2.891 2.651 2.641 2.641 2.541 2.521 2.411 2.451 2.420 2.420 2.380 2.640 2.460 2.409 2.309 2.379 2.388 2.478 2.358 2.298 2.297 2.317 2.327 2.377 2.377 2.357 2.386 2.236 2.276 2.286 2.416 2.466 2.406 2.375 2.385 2.265 2.265 2.325 2.265 2.305 2.275 2.305 2.385 2.415 2.445 2.445 2.294 2.354 2.334 2.394 2.313 2.273 2.273 2.463 2.372 2.352 2.282 2.231
3.364 3.362 3.360 3.352 3.334 3.317 3.317 3.281 3.264 2.672 3.221 3.187 3.153 3.119 3.084 3.050 3.016 2.981 2.552 2.631 2.651 2.581 2.581 2.661 2.491 2.571 2.520 2.440 2.450 2.570 2.590 2.409 2.329 2.579 2.349 2.438 2.368 2.438 2.377 2.377 2.387 2.387 2.437 2.457 2.367 2.296 2.276 2.346 2.396 2.326 2.285 2.475 2.315 2.315 2.295 2.295 2.315 2.335 2.445 2.375 2.345 2.355 2.535 2.404 2.335 2.394 2.444 2.334 2.303 2.343 2.393 2.393 2.362 2.442 2.492 2.301 2.251
3.364 3.362 3.360 3.352 3.334 3.316 3.316 3.281 3.263 2.671 3.221 3.187 3.153 3.118 3.084 3.050 3.015 2.981 2.551 2.631 2.651 2.581 2.581 2.661 2.491 2.571 2.520 2.440 2.450 2.570 2.590 2.409 2.329 2.579 2.348 2.438 2.368 2.438 2.377 2.377 2.387 2.387 2.437 2.457 2.366 2.296 2.276 2.346 2.396 2.326 2.285 2.475 2.315 2.315 2.295 2.295 2.315 2.335 2.445 2.375 2.345 2.355 2.535 2.404 2.334 2.394 2.444 2.334 2.303 2.343 2.393 2.393 2.362 2.442 2.491 2.301 2.251
3.396 3.394 3.393 3.388 3.371 3.353 3.353 3.317 3.300 3.277 3.243 2.681 3.174 3.140 3.105 3.071 3.037 3.002 2.968 2.933 2.671 2.661 2.661 2.641 2.541 2.420 2.470 2.420 2.360 2.775 2.519 2.419 2.649 2.239 2.348 2.488 2.558 2.417 2.457 2.457 2.387 2.407 2.437 2.426 2.456 2.396 2.446 2.366 2.256 2.486 2.525 2.415 2.415 2.335 2.365 2.365 2.385 2.395 2.395 2.405 2.405 2.305 2.615 2.434 2.444 2.494 2.574 2.373 2.433 2.403 2.483 2.482 2.452 2.342 2.351 2.311 2.421
