includes/lisflood/camargue/results_R3_t1.56174127354E12/res-0004.wd
ncols         906
nrows         631
xllcorner     362177.146667
yllcorner     6534725.688020
cellsize      20.000000
NODATA_value  -9999.000000
[rows 510 to 543 of 631, columns 462 to 538 of 906]
4.388 4.394 4.399 4.404 4.409 4.414 4.420 4.425 4.431 4.436 4.441 4.451 4.461 4.483 4.482 4.492 4.503 4.514 4.526 4.537 4.548 4.560 4.571 4.583 4.594 4.595 4.593 4.591 4.589 4.586 4.586 4.584 4.582 4.581 4.580 4.579 4.578 4.577 4.576 4.575 4.574 4.573 4.572 4.571 4.570 4.568 4.567 4.562 4.570 4.576 4.582 4.588 4.594 4.600 4.606 4.612 4.618 4.624 4.630 4.636 4.625 4.546 4.546 4.506 4.467 4.428 4.389 4.349 4.294 4.228 4.161 3.819 4.088 4.162 4.236 4.300 4.342
4.424 4.428 4.433 4.438 4.443 4.448 4.454 4.459 4.465 4.470 4.475 4.483 4.493 4.515 4.514 4.525 4.537 4.548 4.560 4.571 4.582 4.594 4.605 4.616 4.628 4.640 4.644 4.642 4.640 4.637 4.636 4.635 4.634 4.633 4.632 4.631 4.630 4.629 4.628 4.627 4.626 4.625 4.624 4.623 4.622 4.622 4.621 4.628 4.639 4.647 4.653 4.659 4.664 4.670 4.676 4.682 4.688 4.694 4.700 4.707 4.686 4.608 4.607 4.568 4.529 4.489 4.450 4.411 4.372 4.333 4.294 4.255 4.234 4.275 4.316 4.358 4.399
4.445 4.449 4.453 4.457 4.461 4.466 4.471 4.477 4.482 4.488 4.493 4.499 4.509 4.532 4.531 4.543 4.554 4.565 4.577 4.588 4.600 4.611 4.622 4.634 4.645 4.657 4.669 4.668 4.666 4.663 4.662 4.661 4.660 4.659 4.658 4.657 4.656 4.655 4.654 4.653 4.652 4.651 4.650 4.650 4.649 4.649 4.648 4.657 4.668 4.679 4.688 4.694 4.700 4.706 4.712 4.718 4.724 4.730 4.736 4.742 4.717 4.639 4.639 4.599 4.560 4.521 4.482 4.443 4.403 4.364 4.326 3.662 4.308 4.321 4.346 4.387 4.429
4.465 4.469 4.474 4.478 4.482 4.487 4.491 4.496 4.500 4.505 4.510 4.515 4.526 4.550 4.549 4.560 4.572 4.583 4.594 4.606 4.617 4.629 4.640 4.651 4.663 4.674 4.686 4.693 4.691 4.688 4.688 4.687 4.686 4.685 4.684 4.683 4.682 4.681 4.680 4.679 4.679 4.678 4.677 4.677 4.676 4.676 4.675 4.686 4.697 4.708 4.719 4.730 4.736 4.742 4.748 4.754 4.760 4.766 4.772 4.778 4.748 4.670 4.670 4.631 4.591 4.552 4.513 4.474 4.435 4.411 4.404 3.684 4.393 4.405 4.418 4.430 4.458
4.486 4.490 4.494 4.499 4.503 4.508 4.512 4.517 4.521 4.526 4.530 4.535 4.544 4.567 4.566 4.577 4.589 4.600 4.612 4.623 4.634 4.646 4.657 4.669 4.680 4.692 4.703 4.715 4.717 4.714 4.714 4.713 4.712 4.711 4.710 4.709 4.708 4.708 4.707 4.706 4.706 4.705 4.704 4.704 4.703 4.704 4.703 4.714 4.725 4.737 4.748 4.759 4.770 4.777 4.784 4.790 4.796 4.802 4.808 4.814 4.780 4.701 4.701 4.662 4.623 4.584 4.545 4.511 4.503 4.495 4.487 4.480 4.477 4.490 4.502 4.515 4.527
4.507 4.511 4.515 4.520 4.524 4.528 4.533 4.537 4.542 4.546 4.551 4.556 4.564 4.587 4.586 4.597 4.608 4.619 4.630 4.641 4.652 4.663 4.675 4.686 4.697 4.709 4.721 4.732 4.743 4.740 4.740 4.739 4.738 4.737 4.737 4.736 4.736 4.735 4.734 4.733 4.733 4.732 4.732 4.731 4.730 4.733 4.732 4.743 4.754 4.766 4.777 4.788 4.799 4.810 4.819 4.826 4.832 4.838 4.844 4.850 4.811 4.733 4.732 4.693 4.654 4.615 4.603 4.595 4.587 4.579 4.571 4.563 4.561 4.574 4.586 4.599 4.611
4.528 4.532 4.536 4.541 4.545 4.549 4.554 4.558 4.563 4.568 4.573 4.578 4.584 4.607 4.606 4.617 4.628 4.639 4.650 4.661 4.672 4.683 4.694 4.705 4.716 4.727 4.738 4.750 4.761 4.767 4.766 4.765 4.765 4.764 4.764 4.763 4.763 4.762 4.761 4.761 4.760 4.759 4.759 4.758 4.757 4.762 4.761 4.772 4.783 4.794 4.806 4.817 4.828 4.839 4.851 4.861 4.868 4.874 4.880 4.882 4.842 4.764 4.764 4.725 4.703 4.695 4.687 4.679 4.671 4.663 4.655 4.647 4.645 4.658 4.670 4.683 4.696
4.549 4.553 4.557 4.562 4.566 4.570 4.575 4.579 4.584 4.589 4.595 4.600 4.605 4.627 4.627 4.638 4.648 4.659 4.670 4.681 4.692 4.703 4.714 4.725 4.736 4.747 4.758 4.769 4.780 4.793 4.793 4.792 4.792 4.791 4.791 4.790 4.790 4.789 4.788 4.788 4.787 4.787 4.786 4.785 4.785 4.790 4.789 4.801 4.812 4.823 4.834 4.846 4.857 4.868 4.880 4.891 4.902 4.909 4.915 4.913 4.874 4.804 4.803 4.795 4.787 4.779 4.771 4.763 4.755 4.747 4.739 4.731 4.729 4.742 4.755 4.767 4.780
4.570 4.574 4.578 4.583 4.587 4.591 4.596 4.601 4.606 4.611 4.616 4.621 4.626 4.648 4.647 4.658 4.669 4.680 4.691 4.702 4.713 4.724 4.735 4.746 4.757 4.768 4.779 4.789 4.793 4.807 4.807 4.816 4.819 4.818 4.818 4.817 4.817 4.816 4.816 4.815 4.814 4.814 4.813 4.812 4.812 4.819 4.818 4.830 4.841 4.852 4.863 4.875 4.886 4.897 4.909 4.920 4.931 4.943 4.951 4.944 4.905 4.888 4.887 4.879 4.871 4.863 4.855 4.847 4.839 4.831 4.823 4.815 4.814 4.826 4.839 4.851 4.864
4.591 4.595 4.599 4.604 4.608 4.613 4.617 4.623 4.628 4.633 4.638 4.643 4.648 4.668 4.667 4.678 4.689 4.700 4.711 4.722 4.733 4.744 4.755 4.766 4.777 4.788 4.798 4.802 4.805 4.818 4.818 4.827 4.837 4.845 4.845 4.844 4.844 4.843 4.843 4.842 4.842 4.841 4.840 4.840 4.839 4.848 4.847 4.859 4.870 4.881 4.892 4.903 4.915 4.926 4.937 4.949 4.960 4.972 4.983 4.996 4.988 4.971 4.971 4.963 4.955 4.947 4.939 4.931 4.923 4.915 4.907 4.899 4.898 4.910 4.923 4.935 4.948
4.612 4.616 4.620 4.625 4.629 4.634 4.639 4.644 4.650 4.655 4.660 4.665 4.670 4.688 4.687 4.699 4.709 4.720 4.731 4.742 4.753 4.764 4.775 4.786 4.797 4.807 4.810 4.813 4.816 4.829 4.828 4.838 4.847 4.857 4.867 4.871 4.871 4.870 4.870 4.869 4.869 4.868 4.867 4.867 4.866 4.877 4.876 4.887 4.899 4.910 4.921 4.932 4.944 4.955 4.966 4.978 4.989 4.995 4.999 5.015 5.047 5.055 5.055 5.047 5.039 5.031 5.023 5.015 5.007 4.999 4.991 4.983 4.982 4.995 5.007 5.020 5.032
4.633 4.637 4.641 4.646 4.651 4.656 4.661 4.666 4.671 4.677 4.682 4.687 4.692 4.709 4.708 4.719 4.730 4.741 4.752 4.763 4.774 4.785 4.796 4.807 4.815 4.818 4.821 4.824 4.827 4.840 4.839 4.849 4.858 4.868 4.878 4.887 4.897 4.898 4.897 4.897 4.896 4.895 4.895 4.894 4.893 4.906 4.905 4.916 4.928 4.939 4.950 4.961 4.973 4.984 4.995 5.001 5.005 5.008 5.012 5.030 5.062 5.127 5.127 5.131 5.123 5.115 5.107 5.099 5.091 5.083 5.075 5.067 5.066 5.079 5.091 5.104 5.116
4.654 4.658 4.662 4.667 4.673 4.678 4.683 4.688 4.693 4.698 4.703 4.708 4.713 4.729 4.728 4.739 4.750 4.761 4.772 4.783 4.794 4.805 4.816 4.823 4.826 4.829 4.832 4.835 4.838 4.851 4.850 4.860 4.869 4.879 4.888 4.898 4.908 4.917 4.924 4.924 4.923 4.922 4.922 4.921 4.921 4.935 4.934 4.945 4.957 4.968 4.979 4.990 5.002 5.007 5.011 5.014 5.018 5.021 5.025 5.045 5.077 5.142 5.142 5.174 5.206 5.199 5.191 5.183 5.175 5.167 5.159 5.151 5.151 5.163 5.176 5.188 5.200
4.675 4.679 4.684 4.689 4.695 4.700 4.705 4.710 4.715 4.720 4.725 4.730 4.735 4.750 4.749 4.759 4.770 4.781 4.793 4.804 4.814 4.825 4.831 4.834 4.837 4.840 4.843 4.846 4.849 4.861 4.861 4.870 4.880 4.890 4.899 4.909 4.919 4.928 4.938 4.947 4.950 4.950 4.949 4.948 4.948 4.964 4.963 4.974 4.986 4.997 5.008 5.014 5.017 5.021 5.024 5.027 5.031 5.035 5.038 5.060 5.092 5.157 5.157 5.189 5.222 5.255 5.274 5.266 5.258 5.250 5.243 5.235 5.235 5.247 5.260 5.272 5.284
4.675 4.680 4.685 4.690 4.695 4.700 4.706 4.711 4.716 4.721 4.726 4.731 4.736 4.750 4.749 4.760 4.771 4.782 4.793 4.804 4.815 4.826 4.832 4.835 4.838 4.841 4.844 4.847 4.850 4.862 4.862 4.871 4.881 4.891 4.900 4.910 4.919 4.929 4.939 4.948 4.951 4.950 4.950 4.949 4.949 4.965 4.964 4.975 4.987 4.998 5.009 5.015 5.018 5.022 5.025 5.029 5.032 5.036 5.039 5.061 5.093 5.158 5.158 5.191 5.223 5.256 5.276 5.268 5.260 5.252 5.244 5.236 5.236 5.248 5.261 5.273 5.286
4.696 4.701 4.707 4.712 4.717 4.722 4.727 4.733 4.738 4.743 4.748 4.753 4.758 4.771 4.770 4.781 4.792 4.803 4.814 4.825 4.836 4.841 4.844 4.846 4.849 4.852 4.855 4.858 4.861 4.873 4.873 4.882 4.892 4.901 4.911 4.921 4.930 4.940 4.950 4.959 4.968 4.978 4.977 4.977 4.976 4.994 4.993 5.004 5.016 5.021 5.025 5.028 5.032 5.035 5.038 5.042 5.045 5.049 5.053 5.076 5.108 5.173 5.173 5.206 5.238 5.271 5.303 5.336 5.344 5.335 5.327 5.319 5.320 5.332 5.345 5.357 5.363
4.718 4.723 4.728 4.733 4.739 4.744 4.749 4.754 4.760 4.765 4.770 4.775 4.780 4.791 4.790 4.801 4.812 4.823 4.834 4.845 4.849 4.852 4.855 4.858 4.861 4.864 4.867 4.870 4.873 4.884 4.883 4.893 4.903 4.912 4.922 4.932 4.941 4.951 4.960 4.970 4.979 4.989 4.999 5.004 5.003 5.023 5.022 5.027 5.031 5.034 5.038 5.041 5.045 5.048 5.052 5.055 5.059 5.062 5.066 5.091 5.123 5.188 5.188 5.221 5.253 5.286 5.318 5.351 5.384 5.416 5.411 5.403 5.404 5.416 5.428 5.422 5.415
4.791 4.793 4.794 4.795 4.796 4.797 4.799 4.800 4.802 4.807 4.813 4.818 4.823 4.834 4.833 4.841 4.852 4.862 4.865 4.868 4.871 4.874 4.876 4.879 4.882 4.885 4.888 4.891 4.894 4.905 4.904 4.914 4.924 4.933 4.943 4.952 4.962 4.972 4.981 4.991 5.000 5.010 5.020 5.035 5.058 5.050 5.049 5.052 5.056 5.059 5.063 5.066 5.070 5.073 5.077 5.080 5.084 5.088 5.091 5.119 5.152 5.217 5.217 5.249 5.282 5.314 5.347 5.380 5.412 5.445 5.477 5.510 5.535 5.539 5.533 5.527 5.520
4.824 4.831 4.832 4.833 4.834 4.836 4.837 4.838 4.839 4.840 4.842 4.843 4.845 4.856 4.855 4.862 4.870 4.873 4.876 4.879 4.882 4.885 4.888 4.891 4.894 4.897 4.900 4.903 4.906 4.916 4.915 4.925 4.935 4.944 4.954 4.963 4.973 4.983 4.992 5.002 5.011 5.023 5.045 5.068 5.091 5.080 5.079 5.071 5.069 5.073 5.076 5.080 5.083 5.086 5.090 5.093 5.097 5.101 5.104 5.134 5.167 5.232 5.232 5.264 5.297 5.329 5.362 5.394 5.427 5.460 5.492 5.524 5.548 5.565 5.581 5.580 5.573
4.852 4.869 4.870 4.871 4.872 4.874 4.875 4.876 4.877 4.878 4.880 4.881 4.882 4.885 4.885 4.888 4.882 4.884 4.887 4.890 4.893 4.896 4.899 4.902 4.905 4.908 4.911 4.914 4.917 4.927 4.926 4.936 4.946 4.955 4.965 4.974 4.984 4.994 5.003 5.013 5.033 5.056 5.078 5.101 5.124 5.112 5.112 5.103 5.095 5.087 5.089 5.093 5.096 5.100 5.103 5.107 5.110 5.114 5.118 5.149 5.182 5.247 5.246 5.279 5.312 5.344 5.377 5.409 5.441 5.473 5.505 5.537 5.561 5.578 5.594 5.611 5.626
4.879 4.907 4.908 4.909 4.910 4.911 4.913 4.914 4.915 4.916 4.918 4.919 4.920 4.929 4.928 4.938 4.926 4.913 4.901 4.902 4.905 4.908 4.910 4.913 4.916 4.919 4.922 4.925 4.928 4.938 4.937 4.947 4.956 4.966 4.976 4.985 4.995 5.005 5.021 5.043 5.066 5.089 5.112 5.135 5.158 5.145 5.144 5.136 5.128 5.119 5.111 5.106 5.109 5.113 5.116 5.120 5.123 5.127 5.131 5.164 5.196 5.262 5.261 5.294 5.326 5.359 5.391 5.423 5.455 5.487 5.519 5.551 5.574 5.591 5.607 5.624 5.640
4.907 4.943 4.946 4.947 4.948 4.949 4.951 4.952 4.953 4.954 4.956 4.957 4.958 4.977 4.976 4.986 4.977 4.964 4.951 4.939 4.926 4.919 4.922 4.925 4.927 4.930 4.933 4.936 4.939 4.949 4.948 4.958 4.968 4.977 4.987 4.996 5.008 5.031 5.054 5.076 5.099 5.122 5.145 5.168 5.191 5.177 5.177 5.168 5.160 5.152 5.143 5.135 5.127 5.126 5.129 5.133 5.136 5.140 5.146 5.179 5.211 5.277 5.276 5.309 5.341 5.373 5.405 5.437 5.469 5.501 5.532 5.565 5.587 5.604 5.620 5.637 5.653
4.934 4.971 4.984 4.985 4.986 4.987 4.989 4.990 4.991 4.992 4.993 4.995 5.004 5.025 5.024 5.034 5.028 5.015 5.002 4.990 4.977 4.964 4.952 4.939 4.939 4.942 4.945 4.948 4.951 4.960 4.959 4.969 4.978 4.988 4.998 5.018 5.041 5.064 5.087 5.110 5.132 5.155 5.178 5.201 5.224 5.210 5.209 5.201 5.192 5.184 5.176 5.167 5.159 5.151 5.142 5.146 5.150 5.153 5.161 5.194 5.226 5.291 5.291 5.323 5.355 5.387 5.418 5.450 5.482 5.514 5.546 5.578 5.600 5.617 5.633 5.650 5.666
4.962 4.998 5.021 5.023 5.024 5.025 5.027 5.028 5.029 5.030 5.032 5.042 5.052 5.073 5.072 5.082 5.078 5.066 5.053 5.040 5.028 5.015 5.002 4.990 4.977 4.964 4.956 4.959 4.962 4.971 4.970 4.980 4.989 5.006 5.029 5.052 5.074 5.097 5.120 5.143 5.166 5.188 5.211 5.234 5.258 5.242 5.241 5.233 5.225 5.216 5.208 5.200 5.191 5.183 5.175 5.166 5.163 5.166 5.176 5.208 5.241 5.305 5.305 5.336 5.368 5.400 5.432 5.464 5.496 5.528 5.560 5.592 5.613 5.630 5.646 5.663 5.679
4.989 5.026 5.059 5.060 5.062 5.063 5.065 5.066 5.067 5.069 5.080 5.090 5.100 5.120 5.120 5.130 5.129 5.116 5.104 5.091 5.079 5.066 5.053 5.041 5.028 5.015 5.003 4.990 4.977 4.982 4.981 4.994 5.016 5.039 5.062 5.085 5.107 5.130 5.153 5.176 5.199 5.222 5.245 5.268 5.290 5.274 5.274 5.265 5.257 5.249 5.240 5.232 5.224 5.215 5.207 5.199 5.191 5.183 5.191 5.223 5.255 5.318 5.318 5.350 5.382 5.414 5.446 5.477 5.509 5.541 5.573 5.605 5.626 5.643 5.659 5.676 5.693
5.016 5.053 5.090 5.098 5.100 5.101 5.102 5.104 5.108 5.117 5.127 5.137 5.148 5.168 5.168 5.178 5.180 5.167 5.155 5.142 5.130 5.117 5.104 5.091 5.079 5.066 5.053 5.041 5.028 4.998 4.998 5.027 5.049 5.072 5.095 5.117 5.140 5.163 5.186 5.209 5.232 5.255 5.278 5.301 5.323 5.307 5.306 5.298 5.289 5.281 5.273 5.265 5.256 5.248 5.240 5.232 5.223 5.213 5.212 5.236 5.268 5.332 5.332 5.364 5.395 5.427 5.459 5.491 5.523 5.555 5.587 5.619 5.639 5.656 5.672 5.689 5.705
5.044 5.081 5.117 5.136 5.137 5.139 5.140 5.145 5.155 5.165 5.175 5.185 5.196 5.216 5.216 5.226 5.231 5.218 5.206 5.193 5.180 5.168 5.155 5.142 5.130 5.117 5.104 5.092 5.074 5.010 5.009 5.044 5.078 5.105 5.128 5.151 5.173 5.196 5.219 5.242 5.265 5.288 5.311 5.334 5.355 5.339 5.338 5.330 5.322 5.313 5.305 5.297 5.289 5.280 5.272 5.263 5.251 5.240 5.240 5.264 5.287 5.346 5.345 5.377 5.409 5.441 5.473 5.505 5.536 5.568 5.600 5.632 5.652 5.669 5.685 5.702 5.718
5.071 5.108 5.145 5.174 5.175 5.177 5.183 5.193 5.203 5.213 5.223 5.233 5.243 5.264 5.264 5.274 5.282 5.269 5.256 5.244 5.231 5.219 5.206 5.193 5.180 5.168 5.155 5.126 5.087 5.021 5.021 5.055 5.090 5.124 5.158 5.184 5.207 5.229 5.252 5.275 5.298 5.321 5.344 5.367 5.387 5.371 5.371 5.363 5.354 5.346 5.338 5.329 5.321 5.312 5.301 5.289 5.278 5.266 5.268 5.291 5.315 5.362 5.361 5.391 5.423 5.454 5.486 5.518 5.550 5.582 5.614 5.646 5.665 5.682 5.698 5.715 5.731
5.098 5.135 5.172 5.209 5.213 5.221 5.231 5.241 5.251 5.261 5.271 5.281 5.291 5.312 5.311 5.321 5.332 5.320 5.307 5.295 5.282 5.269 5.257 5.244 5.231 5.218 5.179 5.140 5.101 5.033 5.032 5.067 5.101 5.136 5.170 5.204 5.239 5.263 5.285 5.308 5.331 5.354 5.377 5.400 5.420 5.404 5.403 5.395 5.387 5.378 5.370 5.362 5.350 5.339 5.327 5.316 5.304 5.293 5.295 5.319 5.342 5.389 5.389 5.413 5.436 5.468 5.500 5.532 5.563 5.595 5.627 5.659 5.678 5.695 5.711 5.728 5.744
5.112 5.152 5.192 5.232 5.258 5.269 5.279 5.289 5.299 5.309 5.319 5.329 5.339 5.360 5.359 5.369 5.379 5.370 5.358 5.345 5.333 5.320 5.307 5.295 5.270 5.231 5.192 5.153 5.114 5.044 5.044 5.078 5.113 5.147 5.181 5.216 5.250 5.285 5.319 5.341 5.364 5.387 5.410 5.434 5.452 5.436 5.436 5.427 5.419 5.411 5.400 5.388 5.377 5.365 5.353 5.342 5.330 5.319 5.323 5.347 5.370 5.417 5.417 5.440 5.464 5.487 5.513 5.545 5.577 5.609 5.641 5.673 5.691 5.708 5.724 5.741 5.757
5.113 5.153 5.193 5.233 5.259 5.269 5.279 5.289 5.300 5.310 5.320 5.330 5.340 5.360 5.360 5.370 5.380 5.371 5.358 5.346 5.333 5.321 5.308 5.295 5.271 5.232 5.193 5.154 5.115 5.045 5.044 5.079 5.113 5.148 5.182 5.217 5.251 5.286 5.319 5.342 5.365 5.388 5.411 5.434 5.453 5.437 5.436 5.428 5.420 5.412 5.401 5.389 5.378 5.366 5.354 5.343 5.331 5.320 5.324 5.348 5.371 5.418 5.418 5.441 5.465 5.488 5.514 5.546 5.578 5.610 5.642 5.674 5.692 5.709 5.725 5.742 5.758
5.120 5.160 5.200 5.229 5.258 5.288 5.318 5.337 5.347 5.357 5.367 5.378 5.388 5.408 5.408 5.418 5.428 5.422 5.409 5.396 5.384 5.371 5.359 5.323 5.284 5.245 5.206 5.167 5.129 5.056 5.056 5.090 5.125 5.159 5.194 5.228 5.262 5.297 5.332 5.367 5.398 5.421 5.445 5.468 5.485 5.469 5.469 5.460 5.451 5.439 5.427 5.416 5.404 5.392 5.381 5.369 5.358 5.346 5.352 5.375 5.399 5.446 5.445 5.469 5.492 5.516 5.539 5.562 5.591 5.623 5.655 5.687 5.705 5.722 5.738 5.756 5.778
5.127 5.167 5.196 5.224 5.253 5.283 5.313 5.342 5.372 5.402 5.415 5.426 5.436 5.456 5.456 5.466 5.476 5.472 5.460 5.447 5.435 5.415 5.376 5.337 5.298 5.259 5.220 5.181 5.142 5.068 5.067 5.102 5.136 5.171 5.205 5.240 5.274 5.309 5.343 5.378 5.413 5.447 5.478 5.501 5.517 5.501 5.500 5.489 5.477 5.465 5.454 5.442 5.430 5.419 5.407 5.396 5.384 5.373 5.379 5.403 5.426 5.473 5.473 5.497 5.520 5.543 5.567 5.590 5.613 5.637 5.669 5.700 5.718 5.735 5.756 5.778 5.800
5.129 5.157 5.185 5.213 5.242 5.272 5.301 5.331 5.361 5.391 5.421 5.450 5.480 5.540 5.539 5.561 5.571 5.573 5.558 5.519 5.480 5.441 5.402 5.363 5.324 5.285 5.246 5.207 5.168 5.091 5.090 5.124 5.158 5.193 5.227 5.262 5.296 5.331 5.366 5.400 5.435 5.470 5.504 5.534 5.556 5.552 5.552 5.540 5.528 5.517 5.505 5.494 5.482 5.470 5.459 5.447 5.436 5.424 5.434 5.457 5.481 5.528 5.527 5.551 5.574 5.598 5.621 5.644 5.668 5.691 5.713 5.734 5.756 5.777 5.799 5.821 5.843
