includes/lisflood/camargue/results_R3_t1.56174127354E12/res-0011.wdfp
ncols         906
nrows         631
xllcorner     362177.146667
yllcorner     6534725.688020
cellsize      20.000000
NODATA_value  -9999.000000
[rows 544 to 577 of 631, columns 308 to 384 of 906]
3.040 2.941 2.843 2.744 2.632 2.463 2.463 2.125 1.956 1.787 1.618 1.449 1.280 1.111 0.942 0.773 0.603 0.434 0.266 0.369 0.490 0.612 0.612 0.855 0.977 1.099 1.220 1.342 1.463 1.585 1.707 1.828 1.950 2.034 1.970 1.905 1.840 1.612 1.138 1.138 0.901 0.664 0.427 0.190 0.004 0.003 0.003 0.003 0.006 0.006 0.005 0.005 0.005 0.004 0.003 0.006 0.004 0.004 0.003 0.003 0.004 0.005 0.005 0.005 0.006 0.006 0.006 0.006 0.006 0.007 0.006 0.008 0.007 0.008 0.007 0.006 0.005
3.090 2.991 2.893 2.794 2.696 2.529 2.529 2.191 2.022 1.853 1.684 1.515 1.346 1.177 1.008 0.839 0.670 0.501 0.319 0.309 0.483 0.657 0.657 1.005 1.179 1.308 1.430 1.551 1.673 1.794 1.916 2.038 2.159 2.281 2.249 2.184 1.984 1.747 1.273 1.273 1.036 0.799 0.562 0.325 0.087 0.003 0.003 0.003 0.005 0.006 0.005 0.005 0.005 0.005 0.003 0.007 0.004 0.004 0.004 0.004 0.004 0.005 0.005 0.006 0.006 0.006 0.006 0.006 0.007 0.007 0.005 0.007 0.007 0.008 0.009 0.006 0.005
3.140 3.041 2.943 2.844 2.746 2.596 2.596 2.258 2.089 1.919 1.751 1.581 1.412 1.243 1.074 0.905 0.736 0.557 0.372 0.215 0.389 0.564 0.564 0.911 1.085 1.259 1.433 1.607 1.781 1.955 2.125 2.247 2.369 2.490 2.529 2.356 2.119 1.882 1.408 1.408 1.171 0.934 0.697 0.460 0.223 0.005 0.003 0.003 0.004 0.006 0.005 0.005 0.005 0.004 0.003 0.007 0.004 0.004 0.004 0.004 0.004 0.005 0.006 0.006 0.006 0.006 0.006 0.007 0.007 0.006 0.005 0.006 0.007 0.008 0.010 0.006 0.005
3.190 3.091 2.993 2.895 2.796 2.662 2.662 2.324 2.155 1.986 1.817 1.648 1.479 1.310 1.141 0.972 0.795 0.610 0.424 0.239 0.296 0.470 0.470 0.818 0.992 1.166 1.340 1.514 1.688 1.862 2.036 2.210 2.383 2.557 2.699 2.479 2.254 2.017 1.543 1.543 1.306 1.069 0.832 0.595 0.358 0.120 0.003 0.003 0.003 0.006 0.006 0.006 0.005 0.004 0.003 0.007 0.004 0.004 0.004 0.004 0.004 0.004 0.006 0.006 0.006 0.007 0.007 0.007 0.006 0.005 0.006 0.006 0.008 0.009 0.010 0.006 0.005
3.240 3.142 3.043 2.945 2.846 2.728 2.728 2.390 2.221 2.052 1.883 1.714 1.545 1.376 1.207 1.033 0.847 0.662 0.477 0.292 0.203 0.377 0.377 0.725 0.898 1.072 1.246 1.420 1.594 1.768 1.942 2.116 2.290 2.457 2.598 2.516 2.296 2.076 1.637 1.637 1.417 1.198 0.967 0.730 0.493 0.255 0.009 0.003 0.003 0.005 0.006 0.005 0.005 0.004 0.003 0.007 0.004 0.004 0.004 0.004 0.004 0.005 0.006 0.006 0.006 0.007 0.007 0.006 0.005 0.005 0.007 0.007 0.008 0.009 0.010 0.007 0.005
3.290 3.192 3.093 2.995 2.896 2.795 2.795 2.457 2.288 2.119 1.950 1.781 1.612 1.443 1.271 1.085 0.900 0.715 0.530 0.344 0.159 0.283 0.283 0.631 0.805 0.979 1.153 1.327 1.501 1.675 1.849 2.023 2.196 2.338 2.479 2.553 2.333 2.113 1.674 1.674 1.454 1.234 1.015 0.795 0.575 0.355 0.135 0.004 0.003 0.004 0.006 0.005 0.005 0.004 0.003 0.007 0.004 0.004 0.004 0.005 0.005 0.005 0.005 0.006 0.007 0.006 0.006 0.005 0.005 0.005 0.007 0.007 0.008 0.009 0.010 0.009 0.005
3.340 3.242 3.143 3.045 2.946 2.848 2.848 2.523 2.354 2.185 2.016 1.847 1.678 1.509 1.323 1.138 0.953 0.767 0.582 0.397 0.212 0.189 0.189 0.538 0.712 0.886 1.059 1.233 1.407 1.581 1.755 1.929 2.078 2.220 2.361 2.502 2.370 2.150 1.711 1.711 1.491 1.271 1.052 0.832 0.612 0.392 0.172 0.004 0.003 0.003 0.005 0.005 0.005 0.005 0.004 0.007 0.005 0.005 0.005 0.005 0.005 0.005 0.005 0.006 0.006 0.006 0.005 0.005 0.005 0.006 0.007 0.007 0.008 0.009 0.010 0.011 0.005
3.390 3.292 3.193 3.095 2.996 2.898 2.898 2.589 2.420 2.251 2.082 1.913 1.744 1.561 1.376 1.191 1.005 0.820 0.635 0.449 0.264 0.096 0.096 0.444 0.618 0.792 0.966 1.140 1.314 1.488 1.662 1.818 1.960 2.101 2.242 2.384 2.407 2.187 1.748 1.748 1.528 1.308 1.089 0.869 0.649 0.429 0.210 0.004 0.003 0.003 0.004 0.005 0.005 0.005 0.004 0.008 0.005 0.005 0.005 0.005 0.005 0.005 0.005 0.006 0.006 0.005 0.005 0.005 0.005 0.006 0.007 0.007 0.008 0.009 0.010 0.011 0.006
3.441 3.342 3.244 3.145 3.047 2.948 2.948 2.656 2.487 2.318 2.149 1.980 1.799 1.614 1.429 1.243 1.058 0.873 0.687 0.502 0.317 0.132 0.132 0.351 0.525 0.699 0.873 1.047 1.221 1.394 1.558 1.700 1.841 1.982 2.124 2.265 2.406 2.224 1.785 1.785 1.565 1.345 1.126 0.906 0.686 0.466 0.247 0.050 0.003 0.003 0.003 0.005 0.005 0.005 0.004 0.008 0.005 0.005 0.005 0.005 0.005 0.005 0.005 0.005 0.005 0.005 0.005 0.005 0.006 0.006 0.007 0.007 0.008 0.009 0.010 0.011 0.008
3.491 3.392 3.294 3.195 3.097 2.998 2.998 2.722 2.553 2.384 2.215 2.037 1.852 1.667 1.481 1.296 1.110 0.925 0.740 0.555 0.369 0.184 0.184 0.257 0.431 0.605 0.779 0.953 1.127 1.298 1.440 1.581 1.723 1.864 2.005 2.147 2.288 2.261 1.822 1.822 1.602 1.382 1.163 0.943 0.723 0.503 0.287 0.143 0.005 0.003 0.003 0.004 0.005 0.005 0.004 0.008 0.005 0.005 0.005 0.005 0.005 0.006 0.006 0.007 0.007 0.006 0.006 0.006 0.006 0.006 0.008 0.007 0.008 0.009 0.010 0.011 0.010
3.541 3.442 3.344 3.245 3.147 3.048 3.048 2.788 2.619 2.450 2.275 2.090 1.904 1.719 1.534 1.348 1.163 0.978 0.792 0.607 0.422 0.236 0.237 0.163 0.338 0.512 0.686 0.860 1.034 1.180 1.321 1.463 1.604 1.745 1.887 2.028 2.169 2.298 1.859 1.859 1.639 1.419 1.199 0.980 0.760 0.540 0.379 0.234 0.090 0.003 0.003 0.004 0.005 0.005 0.004 0.009 0.006 0.006 0.006 0.006 0.006 0.007 0.005 0.000 0.006 0.012 0.019 0.014 0.010 0.008 0.009 0.008 0.009 0.010 0.011 0.012 0.013
3.362 3.377 3.391 3.295 3.197 3.098 3.098 2.855 2.686 2.513 2.328 2.142 1.957 1.772 1.586 1.401 1.216 1.030 0.845 0.660 0.474 0.289 0.289 0.070 0.244 0.418 0.592 0.766 0.920 1.061 1.203 1.344 1.485 1.627 1.768 1.909 2.051 2.192 1.896 1.896 1.676 1.456 1.236 1.017 0.797 0.615 0.471 0.326 0.182 0.026 0.006 0.006 0.009 0.010 0.009 0.015 0.011 0.010 0.010 0.010 0.009 0.005 0.000 0.000 0.000 0.000 0.003 0.010 0.016 0.023 0.022 0.020 0.020 0.020 0.022 0.023 0.026
3.362 3.377 3.391 3.295 3.197 3.098 3.098 2.855 2.686 2.513 2.328 2.142 1.957 1.772 1.586 1.401 1.216 1.030 0.845 0.660 0.474 0.289 0.289 0.070 0.245 0.419 0.592 0.766 0.920 1.061 1.203 1.344 1.485 1.627 1.768 1.910 2.051 2.192 1.896 1.896 1.676 1.456 1.237 1.017 0.797 0.615 0.471 0.327 0.182 0.030 0.002 0.003 0.005 0.005 0.004 0.008 0.006 0.005 0.005 0.005 0.005 0.002 0.000 0.000 0.000 0.000 0.001 0.007 0.014 0.022 0.018 0.015 0.014 0.014 0.014 0.015 0.017
3.171 3.186 3.200 3.215 3.229 3.148 3.148 2.921 2.751 2.566 2.380 2.195 2.010 1.824 1.639 1.454 1.268 1.083 0.897 0.712 0.527 0.341 0.341 0.000 0.151 0.325 0.499 0.660 0.802 0.943 1.084 1.226 1.367 1.508 1.650 1.791 1.932 2.074 1.932 1.932 1.713 1.493 1.273 1.054 0.851 0.707 0.563 0.419 0.274 0.130 0.004 0.003 0.004 0.005 0.004 0.009 0.006 0.006 0.006 0.006 0.003 0.000 0.000 0.000 0.000 0.000 0.000 0.000 0.000 0.006 0.034 0.031 0.036 0.031 0.026 0.024 0.024
2.981 2.995 3.009 3.024 3.038 3.053 3.053 2.988 2.804 2.618 2.433 2.248 2.062 1.877 1.692 1.506 1.321 1.136 0.950 0.765 0.579 0.394 0.394 0.011 0.057 0.232 0.400 0.541 0.683 0.824 0.966 1.107 1.248 1.390 1.531 1.672 1.814 1.955 1.969 1.969 1.750 1.530 1.310 1.091 0.943 0.799 0.655 0.511 0.367 0.222 0.079 0.003 0.003 0.004 0.004 0.008 0.006 0.007 0.009 0.004 0.000 0.000 0.000 0.000 0.000 0.000 0.000 0.000 0.000 0.000 0.012 0.009 0.022 0.037 0.050 0.054 0.044
2.599 2.613 2.628 2.642 2.672 2.746 2.746 2.883 2.924 2.738 2.552 2.365 2.179 1.993 1.806 1.620 1.434 1.247 1.061 0.875 0.688 0.502 0.502 0.129 0.000 0.008 0.162 0.304 0.446 0.587 0.729 0.870 1.011 1.153 1.294 1.435 1.577 1.718 2.001 2.001 1.824 1.604 1.415 1.271 1.127 0.983 0.839 0.695 0.551 0.407 0.263 0.119 0.005 0.005 0.006 0.013 0.013 0.007 0.002 0.000 0.000 0.000 0.000 0.000 0.000 0.000 0.000 0.000 0.000 0.000 0.000 0.000 0.000 0.000 0.006 0.017 0.026
2.408 2.423 2.440 2.514 2.588 2.662 2.662 2.794 2.849 2.800 2.614 2.428 2.241 2.055 1.869 1.682 1.496 1.310 1.123 0.937 0.751 0.564 0.564 0.192 0.082 0.119 0.227 0.335 0.442 0.549 0.656 0.764 0.893 1.034 1.175 1.317 1.458 1.600 1.882 1.882 1.861 1.651 1.507 1.363 1.219 1.075 0.931 0.787 0.643 0.499 0.355 0.211 0.067 0.009 0.011 0.018 0.003 0.000 0.000 0.000 0.000 0.000 0.000 0.000 0.000 0.000 0.000 0.000 0.000 0.000 0.000 0.000 0.000 0.000 0.000 0.004 0.017
2.217 2.282 2.356 2.430 2.504 2.578 2.578 2.706 2.761 2.815 2.676 2.490 2.304 2.117 1.931 1.745 1.559 1.372 1.186 1.000 0.813 0.627 0.627 0.274 0.274 0.275 0.371 0.478 0.585 0.693 0.800 0.907 1.014 1.121 1.228 1.335 1.443 1.550 1.764 1.764 1.898 1.743 1.599 1.455 1.311 1.167 1.023 0.879 0.735 0.591 0.447 0.303 0.158 0.011 0.004 0.009 0.000 0.000 0.000 0.000 0.000 0.000 0.000 0.000 0.000 0.000 0.000 0.000 0.000 0.000 0.000 0.000 0.000 0.000 0.000 0.002 0.011
2.125 2.199 2.272 2.346 2.420 2.494 2.494 2.617 2.672 2.727 2.739 2.552 2.366 2.180 1.994 1.807 1.621 1.435 1.248 1.062 0.876 0.690 0.690 0.466 0.467 0.467 0.514 0.621 0.729 0.836 0.943 1.050 1.157 1.264 1.372 1.479 1.586 1.693 1.907 1.907 1.865 1.717 1.577 1.437 1.296 1.156 1.016 0.876 0.736 0.596 0.456 0.315 0.175 0.020 0.000 0.003 0.000 0.000 0.000 0.000 0.000 0.000 0.000 0.000 0.000 0.000 0.000 0.000 0.000 0.000 0.000 0.000 0.000 0.000 0.000 0.001 0.007
2.041 2.115 2.188 2.262 2.336 2.410 2.410 2.529 2.584 2.639 2.693 2.615 2.429 2.242 2.056 1.870 1.683 1.497 1.311 1.125 0.938 0.752 0.753 0.658 0.659 0.659 0.659 0.765 0.872 0.979 1.086 1.194 1.301 1.408 1.515 1.622 1.729 1.836 1.980 1.980 1.825 1.671 1.528 1.388 1.247 1.107 0.967 0.827 0.687 0.547 0.406 0.266 0.125 0.001 0.000 0.000 0.000 0.000 0.000 0.000 0.000 0.000 0.000 0.000 0.000 0.000 0.000 0.000 0.000 0.000 0.000 0.000 0.000 0.000 0.000 0.001 0.005
1.957 2.030 2.104 2.178 2.252 2.326 2.326 2.441 2.495 2.550 2.605 2.660 2.491 2.305 2.118 1.932 1.746 1.560 1.373 1.187 1.001 0.850 0.850 0.850 0.851 0.851 0.851 0.908 1.015 1.122 1.230 1.337 1.444 1.551 1.658 1.765 1.873 1.980 1.940 1.940 1.785 1.631 1.479 1.339 1.198 1.058 0.918 0.778 0.638 0.498 0.357 0.217 0.075 0.000 0.000 0.000 0.000 0.000 0.000 0.000 0.000 0.000 0.000 0.000 0.000 0.000 0.000 0.000 0.000 0.000 0.000 0.000 0.000 0.000 0.000 0.001 0.003
1.873 1.947 2.020 2.094 2.168 2.242 2.242 2.352 2.407 2.462 2.516 2.571 2.553 2.367 2.181 1.995 1.808 1.622 1.436 1.250 1.064 1.042 1.042 1.042 1.042 1.042 1.042 1.051 1.159 1.266 1.373 1.480 1.587 1.694 1.802 1.909 2.016 2.123 1.899 1.899 1.745 1.590 1.436 1.289 1.149 1.009 0.869 0.729 0.589 0.449 0.308 0.168 0.013 0.000 0.000 0.000 0.000 0.000 0.000 0.000 0.000 0.000 0.000 0.000 0.000 0.000 0.000 0.000 0.000 0.000 0.000 0.000 0.000 0.000 0.000 0.000 0.002
1.789 1.863 1.936 2.010 2.084 2.154 2.154 2.264 2.318 2.373 2.428 2.483 2.538 2.429 2.243 2.057 1.871 1.685 1.498 1.312 1.234 1.234 1.234 1.234 1.234 1.234 1.234 1.234 1.302 1.409 1.516 1.623 1.731 1.838 1.945 2.052 2.159 2.168 1.859 1.859 1.705 1.550 1.396 1.241 1.100 0.960 0.820 0.680 0.540 0.400 0.259 0.119 0.000 0.000 0.000 0.000 0.000 0.000 0.000 0.000 0.000 0.000 0.000 0.000 0.000 0.000 0.000 0.000 0.000 0.000 0.000 0.000 0.000 0.000 0.000 0.000 0.001
1.705 1.779 1.853 1.926 2.000 2.066 2.066 2.175 2.230 2.285 2.340 2.395 2.449 2.492 2.306 2.120 1.933 1.747 1.561 1.425 1.426 1.426 1.426 1.426 1.426 1.426 1.426 1.426 1.445 1.552 1.660 1.767 1.874 1.981 2.088 2.195 2.283 2.128 1.819 1.819 1.665 1.510 1.355 1.201 1.051 0.911 0.771 0.631 0.491 0.351 0.210 0.069 0.000 0.000 0.000 0.000 0.000 0.000 0.000 0.000 0.000 0.000 0.000 0.000 0.000 0.000 0.000 0.000 0.000 0.000 0.000 0.000 0.000 0.000 0.000 0.000 0.000
1.621 1.695 1.768 1.842 1.916 1.977 1.977 2.087 2.142 2.196 2.251 2.306 2.361 2.416 2.368 2.182 1.996 1.810 1.624 1.617 1.617 1.618 1.618 1.618 1.618 1.618 1.618 1.618 1.618 1.696 1.803 1.910 2.017 2.124 2.231 2.339 2.243 2.088 1.779 1.779 1.624 1.470 1.315 1.161 1.006 0.862 0.722 0.582 0.442 0.302 0.162 0.006 0.000 0.000 0.000 0.000 0.000 0.000 0.000 0.000 0.000 0.000 0.000 0.000 0.000 0.000 0.000 0.000 0.000 0.000 0.000 0.000 0.000 0.000 0.000 0.000 0.000
1.537 1.611 1.685 1.758 1.832 1.889 1.889 1.998 2.053 2.108 2.163 2.218 2.273 2.328 2.382 2.245 2.058 1.872 1.809 1.809 1.809 1.809 1.809 1.809 1.810 1.810 1.810 1.810 1.810 1.839 1.946 2.053 2.161 2.268 2.375 2.357 2.202 2.048 1.739 1.739 1.584 1.430 1.275 1.121 0.966 0.813 0.673 0.533 0.393 0.253 0.113 0.000 0.000 0.000 0.000 0.000 0.000 0.000 0.000 0.000 0.000 0.000 0.000 0.000 0.000 0.000 0.000 0.000 0.000 0.000 0.000 0.000 0.000 0.000 0.000 0.000 0.000
1.538 1.557 1.601 1.675 1.745 1.800 1.800 1.910 1.965 2.020 2.074 2.129 2.184 2.239 2.294 2.307 2.121 2.000 2.001 2.001 2.001 2.001 2.001 2.001 2.001 2.001 2.001 2.001 2.001 2.001 2.090 2.197 2.304 2.411 2.471 2.317 2.162 2.008 1.699 1.699 1.544 1.390 1.235 1.081 0.926 0.772 0.624 0.484 0.344 0.204 0.064 0.000 0.000 0.000 0.000 0.000 0.000 0.000 0.000 0.000 0.000 0.000 0.000 0.000 0.000 0.000 0.000 0.000 0.000 0.000 0.000 0.000 0.000 0.000 0.000 0.000 0.000
1.559 1.578 1.597 1.616 1.657 1.712 1.712 1.821 1.876 1.931 1.986 2.041 2.096 2.151 2.206 2.261 2.192 2.192 2.193 2.193 2.193 2.193 2.193 2.193 2.193 2.193 2.193 2.193 2.193 2.193 2.233 2.340 2.447 2.554 2.431 2.277 2.122 1.968 1.658 1.659 1.504 1.350 1.195 1.041 0.886 0.732 0.577 0.435 0.295 0.155 0.003 0.000 0.000 0.000 0.000 0.000 0.000 0.000 0.000 0.000 0.000 0.000 0.000 0.000 0.000 0.002 0.000 0.000 0.000 0.000 0.000 0.001 0.000 0.000 0.000 0.000 0.000
1.559 1.578 1.597 1.616 1.657 1.712 1.712 1.822 1.876 1.931 1.986 2.041 2.096 2.151 2.206 2.261 2.192 2.193 2.193 2.193 2.193 2.193 2.193 2.193 2.193 2.193 2.193 2.193 2.193 2.193 2.233 2.340 2.447 2.554 2.431 2.277 2.122 1.968 1.659 1.659 1.504 1.350 1.195 1.041 0.886 0.732 0.577 0.435 0.295 0.155 0.002 0.000 0.000 0.000 0.000 0.000 0.000 0.000 0.000 0.000 0.000 0.000 0.000 0.000 0.000 0.002 0.000 0.000 0.000 0.000 0.000 0.000 0.000 0.000 0.000 0.000 0.000
1.580 1.599 1.618 1.614 1.580 1.635 1.635 1.744 1.798 1.853 1.908 1.962 2.017 2.072 2.126 2.181 2.342 2.355 2.368 2.381 2.385 2.385 2.385 2.385 2.385 2.385 2.385 2.385 2.385 2.385 2.385 2.483 2.591 2.546 2.391 2.237 2.082 1.928 1.618 1.619 1.464 1.310 1.155 1.001 0.846 0.692 0.537 0.387 0.246 0.107 0.000 0.000 0.000 0.000 0.000 0.000 0.000 0.000 0.000 0.000 0.000 0.000 0.000 0.078 0.171 0.264 0.264 0.218 0.171 0.125 0.017 0.011 0.000 0.000 0.000 0.000 0.000
1.600 1.620 1.615 1.575 1.535 1.559 1.559 1.668 1.723 1.777 1.832 1.887 1.941 1.996 2.051 2.185 2.399 2.471 2.484 2.498 2.511 2.524 2.524 2.550 2.563 2.576 2.577 2.577 2.577 2.577 2.577 2.627 2.660 2.506 2.351 2.196 2.042 1.887 1.578 1.578 1.424 1.270 1.115 0.961 0.806 0.652 0.497 0.343 0.197 0.058 0.000 0.000 0.000 0.000 0.000 0.000 0.000 0.000 0.000 0.000 0.046 0.141 0.234 0.327 0.420 0.513 0.525 0.479 0.433 0.386 0.293 0.293 0.247 0.201 0.155 0.108 0.061
1.615 1.575 1.536 1.496 1.456 1.417 1.417 1.517 1.571 1.626 1.681 1.735 1.790 1.845 2.054 2.268 2.482 2.696 2.717 2.730 2.743 2.756 2.756 2.782 2.796 2.809 2.822 2.835 2.848 2.861 2.874 2.764 2.616 2.456 2.297 2.137 1.977 1.818 1.498 1.498 1.344 1.189 1.035 0.880 0.726 0.571 0.417 0.262 0.108 0.000 0.000 0.000 0.000 0.000 0.078 0.078 0.172 0.266 0.359 0.453 0.546 0.639 0.732 0.826 0.919 1.012 1.047 1.001 0.955 0.908 0.815 0.816 0.769 0.723 0.677 0.631 0.584
1.576 1.536 1.496 1.456 1.417 1.377 1.377 1.441 1.496 1.550 1.605 1.660 1.715 1.881 2.095 2.309 2.523 2.737 2.833 2.846 2.859 2.872 2.873 2.899 2.912 2.925 2.938 2.951 2.964 2.977 2.873 2.755 2.618 2.459 2.299 2.139 1.980 1.820 1.500 1.501 1.341 1.181 1.022 0.862 0.703 0.543 0.383 0.224 0.067 0.000 0.000 0.000 0.049 0.142 0.328 0.329 0.422 0.515 0.609 0.702 0.795 0.888 0.982 1.075 1.168 1.261 1.308 1.262 1.215 1.169 1.076 1.077 1.030 0.984 0.938 0.891 0.845
1.536 1.496 1.457 1.417 1.377 1.338 1.338 1.365 1.420 1.475 1.530 1.584 1.709 1.923 2.137 2.351 2.565 2.778 2.949 2.963 2.976 2.989 2.989 3.015 3.028 3.041 3.054 3.067 3.080 2.982 2.864 2.745 2.621 2.461 2.301 2.142 1.982 1.822 1.503 1.503 1.343 1.184 1.024 0.865 0.705 0.546 0.386 0.226 0.066 0.000 0.000 0.190 0.298 0.392 0.578 0.578 0.671 0.765 0.858 0.951 1.044 1.138 1.231 1.324 1.417 1.511 1.569 1.523 1.476 1.430 1.337 1.337 1.291 1.245 1.199 1.152 1.106
