includes/lisflood/camargue/results_R3_t1.56174127354E12/res-0008.wd
ncols         906
nrows         631
xllcorner     362177.146667
yllcorner     6534725.688020
cellsize      20.000000
NODATA_value  -9999.000000
[rows 544 to 577 of 631, columns 231 to 307 of 906]
6.245 6.184 6.060 6.061 5.999 5.937 5.876 6.022 6.171 6.320 6.468 6.617 6.765 6.914 7.062 7.211 7.232 7.219 7.311 7.311 7.362 7.374 7.220 7.065 6.910 6.755 6.599 6.445 6.289 6.135 6.186 6.286 6.385 6.485 6.524 6.524 6.364 6.204 6.045 5.885 5.726 5.566 5.513 5.600 5.687 5.774 5.862 5.949 6.036 6.124 6.211 6.211 6.262 6.199 6.136 6.166 6.237 6.309 6.235 6.112 5.988 5.864 5.741 5.617 5.494 5.370 5.246 5.246 5.078 5.101 5.125 5.148 5.171 5.195 5.218 5.242 5.184
6.204 6.227 6.104 6.104 6.043 5.981 5.950 6.099 6.248 6.396 6.545 6.693 6.842 6.990 7.139 7.288 7.436 7.491 7.434 7.434 7.279 7.124 6.969 6.814 6.659 6.504 6.349 6.194 6.039 5.884 5.964 6.063 6.163 6.262 6.461 6.461 6.508 6.348 6.189 6.029 5.869 5.710 5.669 5.756 5.844 5.931 6.018 6.105 6.193 6.280 6.242 6.242 6.116 6.052 5.989 6.023 6.095 6.166 6.238 6.309 6.205 6.081 5.957 5.834 5.710 5.587 5.463 5.463 5.281 5.304 5.328 5.351 5.374 5.398 5.421 5.333 5.234
6.091 6.167 6.148 6.148 6.086 6.025 6.027 6.176 6.324 6.473 6.621 6.770 6.919 7.067 7.216 7.364 7.411 7.414 7.183 7.183 7.028 6.873 6.718 6.563 6.408 6.253 6.098 5.943 5.788 5.641 5.741 5.840 5.940 6.039 6.238 6.238 6.338 6.437 6.332 6.173 6.013 5.854 5.825 5.913 6.000 6.087 6.174 6.262 6.222 6.159 6.096 6.096 5.969 5.906 5.843 5.880 5.952 6.023 6.095 6.166 6.238 6.298 6.174 6.051 5.927 5.803 5.680 5.680 5.484 5.507 5.530 5.554 5.577 5.580 5.481 5.383 5.284
5.978 6.054 6.192 6.192 6.130 6.069 6.104 6.252 6.401 6.549 6.698 6.847 6.992 6.997 7.002 7.007 7.011 7.010 6.933 6.933 6.778 6.623 6.468 6.313 6.158 6.003 5.848 5.693 5.538 5.419 5.518 5.618 5.717 5.817 6.015 6.015 6.115 6.214 6.314 6.317 6.157 5.997 5.982 6.069 6.156 6.243 6.203 6.139 6.076 6.013 5.949 5.949 5.823 5.760 5.696 5.738 5.809 5.881 5.952 6.024 6.095 6.167 6.238 6.267 6.144 6.020 5.897 5.897 5.686 5.710 5.733 5.757 5.728 5.630 5.531 5.433 5.334
5.866 5.941 6.093 6.093 6.169 6.113 6.180 6.329 6.478 6.579 6.584 6.588 6.593 6.598 6.603 6.607 6.612 6.607 6.588 6.588 6.527 6.372 6.217 6.062 5.907 5.752 5.597 5.442 5.287 5.196 5.295 5.395 5.494 5.594 5.793 5.793 5.892 5.992 6.091 6.190 6.290 6.141 6.138 6.225 6.183 6.119 6.056 5.993 5.930 5.866 5.803 5.803 5.676 5.613 5.550 5.595 5.666 5.738 5.809 5.881 5.952 6.024 6.095 6.167 6.239 6.237 6.113 6.113 5.889 5.913 5.936 5.877 5.779 5.680 5.582 5.483 5.385
5.753 5.829 5.981 5.981 6.057 6.132 6.165 6.170 6.175 6.179 6.184 6.189 6.194 6.198 6.203 6.208 6.213 6.204 6.185 6.185 6.176 6.122 5.967 5.812 5.657 5.502 5.347 5.192 5.037 4.973 5.073 5.172 5.271 5.371 5.570 5.570 5.669 5.769 5.868 5.968 6.067 6.166 6.163 6.099 6.036 5.973 5.910 5.846 5.783 5.720 5.656 5.656 5.530 5.467 5.403 5.452 5.524 5.595 5.667 5.738 5.810 5.881 5.953 6.024 6.096 6.167 6.239 6.239 6.092 6.115 6.026 5.927 5.829 5.730 5.632 5.533 5.435
5.640 5.716 5.775 5.775 5.764 5.753 5.765 5.770 5.775 5.780 5.785 5.789 5.794 5.799 5.804 5.808 5.810 5.801 5.782 5.782 5.773 5.763 5.716 5.561 5.406 5.251 5.096 4.941 4.786 4.750 4.850 4.949 5.049 5.148 5.347 5.347 5.446 5.546 5.645 5.745 5.854 5.966 5.982 5.953 5.890 5.826 5.763 5.700 5.637 5.573 5.510 5.510 5.383 5.320 5.257 5.310 5.381 5.453 5.524 5.596 5.667 5.739 5.810 5.882 5.953 6.025 6.096 6.096 6.232 6.174 6.076 5.977 5.879 5.780 5.682 5.583 5.485
5.396 5.385 5.363 5.363 5.352 5.347 5.359 5.370 5.376 5.381 5.385 5.390 5.395 5.400 5.404 5.409 5.407 5.398 5.379 5.379 5.370 5.360 5.351 5.311 5.156 5.001 4.846 4.691 4.536 4.528 4.627 4.727 4.826 4.925 5.124 5.124 5.224 5.323 5.432 5.543 5.655 5.767 5.771 5.760 5.743 5.680 5.617 5.554 5.490 5.427 5.364 5.364 5.237 5.174 5.110 5.167 5.238 5.310 5.381 5.453 5.524 5.596 5.667 5.739 5.810 5.882 5.953 5.953 6.039 6.056 6.071 6.028 5.929 5.831 5.732 5.634 5.535
4.985 4.973 4.951 4.951 4.940 4.942 4.953 4.964 4.976 4.981 4.986 4.991 4.995 5.000 5.005 5.010 5.004 4.995 4.976 4.976 4.966 4.957 4.948 4.938 4.905 4.750 4.595 4.440 4.285 4.305 4.404 4.504 4.603 4.703 4.902 4.902 5.009 5.121 5.233 5.344 5.456 5.568 5.561 5.550 5.539 5.527 5.470 5.407 5.344 5.280 5.217 5.217 5.091 5.027 4.964 5.024 5.096 5.167 5.239 5.310 5.382 5.453 5.525 5.596 5.668 5.731 5.769 5.769 5.846 5.865 5.880 5.894 5.909 5.881 5.782 5.684 5.585
4.573 4.561 4.539 4.539 4.528 4.536 4.547 4.559 4.570 4.581 4.586 4.591 4.596 4.601 4.606 4.610 4.601 4.592 4.573 4.573 4.563 4.554 4.545 4.535 4.526 4.500 4.345 4.190 4.035 4.082 4.182 4.281 4.380 4.480 4.698 4.698 4.810 4.922 5.034 5.145 5.257 5.362 5.351 5.339 5.328 5.317 5.306 5.261 5.197 5.134 5.071 5.071 4.944 4.881 4.817 4.881 4.953 5.024 5.096 5.167 5.239 5.310 5.382 5.453 5.499 5.537 5.576 5.576 5.653 5.675 5.689 5.704 5.718 5.732 5.747 5.734 5.635
4.161 4.149 4.127 4.127 4.118 4.130 4.141 4.153 4.164 4.175 4.187 4.192 4.197 4.201 4.206 4.207 4.198 4.188 4.170 4.170 4.160 4.151 4.142 4.132 4.123 4.113 4.094 3.939 3.784 3.859 3.959 4.058 4.164 4.276 4.499 4.499 4.611 4.723 4.835 4.946 5.058 5.151 5.140 5.129 5.118 5.107 5.095 5.084 5.051 4.988 4.924 4.924 4.798 4.734 4.671 4.739 4.810 4.882 4.953 5.025 5.096 5.168 5.229 5.268 5.306 5.345 5.383 5.383 5.460 5.484 5.499 5.513 5.527 5.542 5.556 5.571 5.585
3.749 3.738 3.715 3.715 3.712 3.724 3.735 3.747 3.758 3.770 3.781 3.792 3.797 3.802 3.807 3.804 3.795 3.785 3.766 3.767 3.757 3.748 3.738 3.729 3.720 3.710 3.701 3.689 3.537 3.637 3.741 3.853 3.965 4.077 4.300 4.300 4.412 4.524 4.636 4.747 4.859 4.941 4.930 4.919 4.908 4.896 4.885 4.874 4.863 4.841 4.778 4.778 4.651 4.588 4.525 4.596 4.668 4.739 4.811 4.882 4.954 4.998 5.036 5.075 5.113 5.151 5.190 5.190 5.267 5.293 5.308 5.322 5.337 5.351 5.365 5.380 5.394
3.749 3.738 3.715 3.715 3.712 3.724 3.735 3.747 3.758 3.770 3.781 3.793 3.797 3.802 3.807 3.804 3.795 3.785 3.767 3.767 3.757 3.748 3.738 3.729 3.720 3.710 3.701 3.689 3.537 3.637 3.741 3.853 3.965 4.077 4.300 4.300 4.412 4.524 4.636 4.747 4.859 4.941 4.930 4.919 4.908 4.897 4.885 4.874 4.863 4.841 4.778 4.778 4.651 4.588 4.525 4.596 4.668 4.739 4.811 4.882 4.954 4.998 5.036 5.075 5.113 5.152 5.190 5.190 5.267 5.293 5.308 5.322 5.337 5.351 5.365 5.380 5.394
3.337 3.326 3.303 3.303 3.307 3.318 3.330 3.341 3.352 3.364 3.375 3.387 3.398 3.403 3.408 3.401 3.392 3.382 3.363 3.364 3.354 3.345 3.335 3.326 3.317 3.307 3.298 3.291 3.327 3.431 3.543 3.654 3.766 3.878 4.101 4.101 4.213 4.325 4.437 4.548 4.660 4.731 4.720 4.709 4.697 4.686 4.675 4.664 4.653 4.641 4.630 4.630 4.505 4.442 4.382 4.453 4.525 4.596 4.668 4.728 4.767 4.805 4.843 4.882 4.920 4.959 4.997 4.997 5.074 5.103 5.117 5.132 5.146 5.160 5.175 5.189 5.203
2.925 2.914 2.891 2.891 2.901 2.912 2.924 2.935 2.947 2.958 2.969 2.981 2.992 3.003 3.007 2.998 2.989 2.979 2.960 2.961 2.967 2.996 3.025 3.054 3.083 3.113 3.142 3.171 3.226 3.295 3.368 3.455 3.567 3.679 3.902 3.903 4.014 4.126 4.238 4.349 4.461 4.521 4.509 4.498 4.487 4.476 4.465 4.453 4.442 4.431 4.420 4.420 4.358 4.295 4.239 4.311 4.382 4.454 4.497 4.535 4.574 4.612 4.650 4.689 4.727 4.766 4.804 4.804 4.881 4.912 4.926 4.941 4.955 4.970 4.984 4.998 5.013
2.180 2.112 2.077 2.077 2.089 2.100 2.112 2.123 2.175 2.239 2.302 2.366 2.430 2.494 2.542 2.579 2.608 2.638 2.696 2.696 2.725 2.754 2.784 2.813 2.842 2.871 2.900 2.962 3.024 3.087 3.159 3.231 3.304 3.376 3.521 3.521 3.616 3.728 3.840 3.951 4.063 4.100 4.089 4.078 4.066 4.055 4.044 4.033 4.021 4.010 3.999 3.999 3.976 3.965 3.954 3.996 4.034 4.072 4.111 4.149 4.188 4.226 4.264 4.303 4.341 4.379 4.418 4.418 4.495 4.531 4.545 4.559 4.574 4.588 4.602 4.617 4.631
1.825 1.758 1.733 1.733 1.797 1.861 1.925 1.989 2.053 2.117 2.180 2.244 2.308 2.368 2.411 2.455 2.488 2.517 2.575 2.575 2.605 2.634 2.663 2.692 2.721 2.751 2.798 2.861 2.924 2.986 3.055 3.127 3.199 3.272 3.416 3.416 3.489 3.561 3.641 3.752 3.864 3.890 3.878 3.867 3.856 3.845 3.834 3.822 3.818 3.821 3.825 3.825 3.832 3.836 3.903 3.884 3.847 3.879 3.918 3.956 3.995 4.033 4.071 4.110 4.148 4.187 4.225 4.225 4.302 4.340 4.354 4.369 4.383 4.397 4.412 4.426 4.440
1.577 1.560 1.611 1.611 1.675 1.739 1.803 1.867 1.930 1.994 2.058 2.122 2.186 2.237 2.281 2.324 2.367 2.396 2.455 2.455 2.484 2.513 2.542 2.572 2.601 2.635 2.698 2.760 2.823 2.885 2.950 3.023 3.095 3.167 3.312 3.312 3.384 3.457 3.529 3.602 3.674 3.692 3.695 3.699 3.703 3.706 3.710 3.713 3.717 3.720 3.724 3.724 3.731 3.771 3.864 3.885 3.848 3.810 3.773 3.763 3.802 3.840 3.878 3.917 3.955 3.994 4.032 4.032 4.109 4.147 4.163 4.178 4.192 4.206 4.221 4.235 4.250
1.427 1.411 1.490 1.490 1.553 1.617 1.680 1.744 1.808 1.872 1.936 2.000 2.063 2.106 2.150 2.194 2.237 2.276 2.334 2.334 2.363 2.393 2.422 2.451 2.480 2.534 2.597 2.659 2.722 2.785 2.847 2.918 2.991 3.063 3.208 3.208 3.280 3.353 3.425 3.497 3.555 3.591 3.594 3.598 3.602 3.605 3.609 3.612 3.616 3.620 3.623 3.623 3.638 3.732 3.825 3.886 3.848 3.811 3.774 3.736 3.699 3.661 3.685 3.724 3.762 3.800 3.839 3.839 3.916 3.954 3.973 3.987 4.001 4.016 4.030 4.044 4.097
1.278 1.261 1.368 1.369 1.431 1.494 1.558 1.622 1.686 1.750 1.814 1.878 1.932 1.976 2.019 2.063 2.107 2.150 2.214 2.214 2.243 2.272 2.301 2.331 2.371 2.433 2.496 2.559 2.621 2.684 2.746 2.814 2.886 2.959 3.104 3.104 3.176 3.248 3.321 3.381 3.432 3.483 3.494 3.497 3.501 3.504 3.508 3.512 3.515 3.519 3.522 3.522 3.600 3.693 3.787 3.880 3.849 3.812 3.774 3.737 3.699 3.662 3.625 3.587 3.569 3.607 3.646 3.646 3.722 3.761 3.782 3.796 3.811 3.825 3.866 3.940 4.013
1.128 1.122 1.247 1.247 1.310 1.373 1.436 1.500 1.564 1.628 1.692 1.755 1.801 1.845 1.889 1.932 1.976 2.020 2.093 2.093 2.122 2.151 2.181 2.210 2.270 2.333 2.395 2.458 2.520 2.583 2.646 2.710 2.782 2.855 2.999 2.999 3.072 3.144 3.206 3.258 3.309 3.360 3.393 3.396 3.400 3.403 3.407 3.411 3.414 3.418 3.421 3.421 3.561 3.654 3.748 3.842 3.850 3.812 3.775 3.738 3.700 3.663 3.625 3.588 3.550 3.513 3.475 3.475 3.529 3.568 3.591 3.606 3.634 3.708 3.782 3.856 3.929
0.979 1.000 1.125 1.126 1.189 1.251 1.314 1.378 1.442 1.506 1.569 1.627 1.671 1.714 1.758 1.802 1.846 1.889 1.972 1.973 2.002 2.031 2.060 2.107 2.169 2.232 2.295 2.357 2.420 2.482 2.545 2.607 2.678 2.750 2.895 2.895 2.967 3.032 3.083 3.135 3.186 3.237 3.288 3.295 3.299 3.303 3.306 3.310 3.313 3.317 3.335 3.335 3.522 3.616 3.709 3.803 3.851 3.813 3.776 3.738 3.701 3.663 3.626 3.588 3.551 3.514 3.476 3.476 3.401 3.375 3.403 3.477 3.550 3.624 3.698 3.772 3.845
0.829 0.879 1.004 1.004 1.067 1.130 1.193 1.256 1.319 1.383 1.447 1.496 1.540 1.584 1.628 1.671 1.715 1.759 1.846 1.846 1.881 1.910 1.943 2.006 2.069 2.131 2.194 2.256 2.319 2.382 2.444 2.507 2.574 2.646 2.791 2.791 2.858 2.909 2.960 3.011 3.063 3.114 3.165 3.195 3.198 3.202 3.205 3.209 3.212 3.216 3.296 3.296 3.483 3.577 3.670 3.764 3.851 3.814 3.776 3.739 3.702 3.664 3.627 3.589 3.552 3.514 3.477 3.477 3.402 3.372 3.370 3.393 3.466 3.540 3.614 3.687 3.761
0.695 0.757 0.883 0.883 0.946 1.009 1.072 1.134 1.197 1.261 1.322 1.366 1.410 1.453 1.497 1.541 1.585 1.628 1.715 1.716 1.759 1.790 1.843 1.905 1.968 2.030 2.093 2.156 2.218 2.281 2.343 2.406 2.469 2.542 2.683 2.683 2.735 2.786 2.837 2.888 2.940 2.991 3.042 3.093 3.097 3.101 3.104 3.108 3.111 3.164 3.257 3.257 3.445 3.538 3.632 3.725 3.819 3.815 3.777 3.740 3.702 3.665 3.627 3.590 3.552 3.515 3.477 3.477 3.414 3.399 3.391 3.409 3.428 3.456 3.530 3.603 3.677
0.573 0.636 0.761 0.762 0.825 0.887 0.950 1.013 1.076 1.139 1.191 1.235 1.279 1.323 1.366 1.410 1.454 1.498 1.585 1.585 1.630 1.683 1.742 1.804 1.867 1.930 1.992 2.055 2.117 2.180 2.243 2.305 2.368 2.438 2.560 2.560 2.612 2.663 2.714 2.765 2.817 2.868 2.919 2.970 2.997 3.000 3.004 3.007 3.032 3.125 3.219 3.219 3.406 3.499 3.593 3.686 3.780 3.815 3.778 3.740 3.703 3.665 3.628 3.591 3.553 3.516 3.478 3.478 3.440 3.426 3.412 3.430 3.449 3.468 3.486 3.519 3.593
0.453 0.515 0.641 0.641 0.704 0.771 0.839 0.907 0.974 1.041 1.082 1.128 1.174 1.221 1.267 1.313 1.359 1.405 1.498 1.498 1.544 1.650 1.719 1.772 1.824 1.877 1.930 1.982 2.035 2.087 2.142 2.205 2.267 2.333 2.437 2.437 2.489 2.540 2.591 2.642 2.694 2.745 2.796 2.847 2.896 2.899 2.903 2.906 2.993 3.086 3.180 3.180 3.367 3.460 3.554 3.648 3.741 3.816 3.779 3.741 3.704 3.666 3.629 3.591 3.554 3.516 3.496 3.496 3.467 3.453 3.439 3.451 3.470 3.488 3.507 3.526 3.545
0.373 0.440 0.575 0.575 0.643 0.711 0.779 0.847 0.915 0.964 0.998 1.042 1.088 1.135 1.181 1.227 1.273 1.320 1.412 1.412 1.489 1.604 1.703 1.755 1.808 1.861 1.913 1.966 2.018 2.071 2.124 2.176 2.229 2.240 2.325 2.325 2.367 2.417 2.468 2.519 2.571 2.622 2.673 2.724 2.775 2.798 2.802 2.861 2.954 3.048 3.141 3.141 3.328 3.422 3.515 3.609 3.702 3.796 3.779 3.742 3.704 3.667 3.629 3.592 3.554 3.537 3.523 3.523 3.494 3.480 3.465 3.472 3.491 3.509 3.528 3.547 3.565
0.315 0.381 0.516 0.516 0.584 0.651 0.719 0.787 0.854 0.887 0.921 0.956 1.002 1.049 1.095 1.141 1.187 1.234 1.327 1.327 1.443 1.558 1.673 1.739 1.791 1.844 1.897 1.949 2.002 2.055 2.107 2.160 2.183 2.180 2.249 2.249 2.292 2.334 2.376 2.418 2.461 2.503 2.550 2.601 2.652 2.697 2.728 2.822 2.915 3.009 3.102 3.102 3.289 3.383 3.477 3.570 3.664 3.757 3.780 3.743 3.705 3.668 3.630 3.593 3.578 3.564 3.550 3.550 3.521 3.507 3.492 3.493 3.511 3.530 3.549 3.567 3.586
0.317 0.383 0.517 0.517 0.584 0.652 0.719 0.787 0.854 0.887 0.921 0.956 1.003 1.049 1.095 1.142 1.188 1.234 1.327 1.327 1.443 1.558 1.674 1.739 1.792 1.844 1.897 1.950 2.002 2.055 2.107 2.160 2.184 2.180 2.250 2.250 2.292 2.334 2.376 2.419 2.461 2.503 2.550 2.601 2.652 2.698 2.729 2.822 2.916 3.009 3.103 3.102 3.290 3.383 3.477 3.570 3.664 3.757 3.780 3.743 3.705 3.668 3.630 3.593 3.578 3.564 3.550 3.550 3.521 3.507 3.492 3.493 3.511 3.530 3.549 3.567 3.586
0.274 0.325 0.458 0.458 0.525 0.592 0.660 0.728 0.777 0.810 0.844 0.877 0.917 0.963 1.009 1.056 1.102 1.148 1.281 1.281 1.397 1.512 1.628 1.723 1.775 1.828 1.881 1.933 1.986 2.038 2.091 2.127 2.124 2.120 2.174 2.174 2.216 2.259 2.301 2.343 2.385 2.427 2.470 2.512 2.554 2.596 2.684 2.783 2.877 2.970 3.064 3.064 3.251 3.344 3.438 3.532 3.625 3.719 3.781 3.743 3.706 3.668 3.634 3.620 3.605 3.591 3.577 3.577 3.548 3.534 3.519 3.513 3.532 3.551 3.569 3.588 3.607
0.240 0.269 0.401 0.400 0.467 0.533 0.601 0.668 0.700 0.734 0.767 0.800 0.833 0.877 0.923 0.970 1.016 1.062 1.235 1.235 1.351 1.466 1.581 1.697 1.759 1.812 1.864 1.917 1.969 2.022 2.071 2.068 2.064 2.060 2.098 2.098 2.141 2.183 2.225 2.267 2.310 2.352 2.394 2.436 2.478 2.521 2.590 2.697 2.803 2.910 3.016 3.016 3.212 3.306 3.399 3.493 3.586 3.680 3.773 3.744 3.707 3.675 3.661 3.647 3.632 3.618 3.604 3.603 3.575 3.560 3.546 3.534 3.553 3.571 3.590 3.609 3.627
0.177 0.199 0.289 0.287 0.351 0.416 0.482 0.515 0.547 0.580 0.613 0.646 0.679 0.712 0.751 0.798 0.844 0.912 1.142 1.143 1.258 1.373 1.489 1.604 1.720 1.778 1.831 1.884 1.936 1.955 1.952 1.948 1.944 1.940 1.947 1.947 1.989 2.031 2.074 2.116 2.158 2.200 2.242 2.285 2.327 2.369 2.412 2.508 2.615 2.721 2.828 2.828 3.041 3.147 3.254 3.360 3.467 3.573 3.680 3.756 3.744 3.729 3.715 3.701 3.686 3.672 3.657 3.657 3.629 3.614 3.600 3.585 3.594 3.613 3.632 3.650 3.669
0.160 0.179 0.245 0.240 0.299 0.362 0.409 0.440 0.471 0.503 0.536 0.569 0.602 0.635 0.669 0.712 0.758 0.866 1.096 1.096 1.212 1.327 1.443 1.558 1.674 1.762 1.815 1.867 1.899 1.895 1.892 1.888 1.884 1.881 1.873 1.873 1.914 1.956 1.998 2.040 2.082 2.124 2.167 2.209 2.252 2.294 2.336 2.414 2.521 2.627 2.734 2.733 2.947 3.053 3.160 3.266 3.373 3.479 3.561 3.613 3.655 3.697 3.740 3.727 3.713 3.699 3.684 3.684 3.656 3.641 3.627 3.612 3.615 3.634 3.652 3.671 3.661
0.149 0.168 0.213 0.205 0.255 0.311 0.338 0.366 0.396 0.428 0.460 0.492 0.525 0.558 0.591 0.626 0.704 0.820 1.050 1.050 1.166 1.281 1.397 1.512 1.627 1.743 1.798 1.843 1.839 1.836 1.832 1.828 1.825 1.821 1.813 1.813 1.838 1.880 1.922 1.965 2.007 2.049 2.091 2.134 2.176 2.218 2.261 2.320 2.426 2.533 2.639 2.639 2.852 2.959 3.066 3.172 3.279 3.361 3.415 3.469 3.513 3.555 3.597 3.639 3.681 3.723 3.711 3.711 3.682 3.668 3.654 3.639 3.636 3.655 3.673 3.662 3.622
