includes/lisflood/camargue/results_R3_t1.56174127354E12/res-0013.wd
ncols         906
nrows         631
xllcorner     362177.146667
yllcorner     6534725.688020
cellsize      20.000000
NODATA_value  -9999.000000
[rows 510 to 543 of 631, columns 539 to 615 of 906]
0.260 0.260 0.302 0.343 0.385 0.427 0.468 0.510 0.551 0.561 0.566 0.571 0.576 0.581 0.585 0.590 0.595 0.595 0.605 0.610 0.615 0.620 0.625 0.635 0.647 0.657 0.667 0.678 0.688 0.698 0.709 0.719 0.730 0.730 0.750 0.761 0.771 0.781 0.792 0.803 0.814 0.825 0.835 0.846 0.857 0.870 0.903 0.935 0.968 0.968 1.033 1.065 1.103 1.146 1.189 1.231 1.274 1.317 1.344 1.349 1.354 1.360 1.365 1.370 1.376 1.376 1.386 1.392 1.397 1.402 1.407 1.422 1.439 1.467 1.494 1.521 1.549
0.319 0.319 0.360 0.402 0.443 0.485 0.527 0.568 0.610 0.620 0.625 0.630 0.635 0.640 0.645 0.649 0.654 0.654 0.664 0.669 0.674 0.674 0.675 0.679 0.687 0.696 0.706 0.717 0.727 0.737 0.748 0.758 0.769 0.769 0.789 0.800 0.810 0.820 0.831 0.842 0.853 0.864 0.874 0.885 0.896 0.907 0.918 0.946 0.978 0.979 1.047 1.089 1.132 1.175 1.218 1.261 1.303 1.346 1.387 1.392 1.397 1.403 1.408 1.413 1.419 1.419 1.429 1.435 1.443 1.463 1.484 1.505 1.518 1.530 1.543 1.555 1.567
0.349 0.349 0.390 0.432 0.473 0.515 0.556 0.598 0.639 0.651 0.655 0.660 0.665 0.670 0.675 0.679 0.684 0.684 0.694 0.696 0.696 0.697 0.697 0.702 0.710 0.719 0.727 0.737 0.747 0.758 0.768 0.778 0.789 0.789 0.809 0.820 0.830 0.840 0.851 0.862 0.873 0.884 0.895 0.905 0.916 0.927 0.938 0.952 0.984 0.985 1.062 1.105 1.148 1.190 1.233 1.276 1.319 1.361 1.404 1.414 1.419 1.425 1.430 1.435 1.441 1.441 1.451 1.463 1.484 1.505 1.526 1.547 1.560 1.573 1.585 1.597 1.610
0.379 0.379 0.420 0.461 0.503 0.544 0.586 0.627 0.669 0.681 0.685 0.690 0.695 0.700 0.705 0.710 0.714 0.714 0.718 0.719 0.719 0.719 0.720 0.725 0.733 0.742 0.750 0.759 0.767 0.778 0.788 0.799 0.809 0.809 0.829 0.840 0.850 0.861 0.871 0.882 0.893 0.904 0.915 0.926 0.936 0.947 0.958 0.969 0.992 0.992 1.077 1.120 1.163 1.206 1.248 1.291 1.334 1.376 1.419 1.436 1.441 1.447 1.452 1.457 1.463 1.463 1.484 1.505 1.525 1.546 1.567 1.588 1.602 1.615 1.627 1.640 1.652
0.408 0.408 0.450 0.491 0.532 0.574 0.615 0.657 0.698 0.710 0.715 0.720 0.725 0.730 0.735 0.740 0.740 0.740 0.741 0.741 0.741 0.742 0.742 0.748 0.756 0.765 0.773 0.781 0.790 0.799 0.808 0.819 0.829 0.829 0.849 0.860 0.870 0.881 0.891 0.902 0.913 0.924 0.935 0.946 0.956 0.967 0.979 0.996 1.019 1.019 1.093 1.135 1.178 1.221 1.263 1.306 1.349 1.392 1.434 1.458 1.463 1.469 1.474 1.479 1.485 1.485 1.525 1.546 1.567 1.588 1.608 1.629 1.645 1.657 1.669 1.682 1.694
0.474 0.474 0.487 0.521 0.562 0.603 0.645 0.686 0.727 0.740 0.745 0.750 0.755 0.760 0.762 0.762 0.762 0.763 0.763 0.764 0.764 0.764 0.765 0.771 0.779 0.787 0.796 0.804 0.813 0.821 0.830 0.839 0.849 0.849 0.870 0.880 0.890 0.901 0.911 0.922 0.933 0.944 0.955 0.966 0.980 0.997 1.013 1.030 1.053 1.053 1.123 1.158 1.193 1.236 1.279 1.321 1.364 1.407 1.449 1.480 1.485 1.491 1.496 1.504 1.524 1.525 1.566 1.587 1.608 1.629 1.650 1.671 1.687 1.699 1.712 1.724 1.736
0.558 0.558 0.571 0.583 0.596 0.633 0.674 0.715 0.757 0.770 0.775 0.780 0.784 0.784 0.784 0.785 0.785 0.785 0.786 0.786 0.786 0.787 0.787 0.793 0.802 0.810 0.818 0.827 0.836 0.844 0.853 0.861 0.870 0.870 0.889 0.900 0.910 0.921 0.932 0.942 0.953 0.964 0.981 0.997 1.014 1.031 1.048 1.064 1.087 1.087 1.157 1.192 1.227 1.262 1.297 1.336 1.379 1.422 1.464 1.502 1.507 1.513 1.524 1.545 1.566 1.566 1.608 1.628 1.649 1.670 1.691 1.712 1.729 1.741 1.754 1.766 1.778
0.642 0.642 0.655 0.667 0.680 0.692 0.705 0.745 0.786 0.800 0.805 0.806 0.806 0.806 0.807 0.807 0.807 0.807 0.808 0.808 0.809 0.809 0.809 0.816 0.824 0.833 0.841 0.850 0.858 0.867 0.875 0.884 0.892 0.892 0.909 0.920 0.930 0.941 0.952 0.965 0.981 0.998 1.015 1.032 1.048 1.065 1.082 1.098 1.121 1.121 1.191 1.226 1.261 1.296 1.331 1.366 1.401 1.437 1.480 1.522 1.529 1.544 1.565 1.586 1.607 1.607 1.649 1.670 1.691 1.711 1.732 1.753 1.771 1.783 1.796 1.808 1.820
0.726 0.726 0.739 0.751 0.764 0.776 0.789 0.802 0.815 0.827 0.828 0.828 0.828 0.828 0.829 0.829 0.829 0.829 0.830 0.830 0.831 0.831 0.832 0.839 0.847 0.856 0.864 0.872 0.881 0.890 0.898 0.907 0.915 0.915 0.932 0.940 0.950 0.965 0.982 0.999 1.015 1.032 1.049 1.066 1.082 1.099 1.116 1.132 1.155 1.155 1.225 1.260 1.295 1.330 1.365 1.400 1.435 1.470 1.505 1.540 1.565 1.586 1.606 1.627 1.648 1.648 1.690 1.711 1.732 1.753 1.774 1.794 1.813 1.825 1.838 1.850 1.862
0.810 0.810 0.823 0.835 0.848 0.860 0.873 0.883 0.877 0.862 0.850 0.850 0.850 0.851 0.851 0.851 0.852 0.852 0.852 0.853 0.853 0.854 0.854 0.861 0.870 0.878 0.887 0.895 0.904 0.912 0.921 0.929 0.938 0.938 0.954 0.969 0.985 1.000 1.016 1.033 1.050 1.066 1.083 1.100 1.116 1.133 1.150 1.166 1.189 1.190 1.259 1.294 1.329 1.364 1.399 1.434 1.469 1.504 1.541 1.582 1.608 1.628 1.648 1.669 1.689 1.690 1.731 1.752 1.773 1.794 1.815 1.836 1.855 1.867 1.880 1.892 1.904
0.894 0.894 0.906 0.919 0.932 0.944 0.942 0.936 0.930 0.915 0.897 0.880 0.872 0.873 0.873 0.873 0.874 0.874 0.874 0.875 0.875 0.876 0.876 0.884 0.892 0.901 0.909 0.918 0.926 0.935 0.943 0.952 0.960 0.960 0.989 1.006 1.022 1.036 1.051 1.067 1.084 1.100 1.117 1.134 1.150 1.167 1.184 1.200 1.223 1.223 1.293 1.328 1.363 1.398 1.433 1.468 1.503 1.542 1.583 1.624 1.652 1.671 1.691 1.711 1.731 1.731 1.772 1.793 1.814 1.835 1.856 1.877 1.897 1.909 1.922 1.934 1.946
0.977 0.977 0.990 1.003 1.007 1.001 0.995 0.989 0.982 0.967 0.950 0.932 0.915 0.897 0.895 0.895 0.896 0.896 0.897 0.897 0.897 0.898 0.898 0.906 0.915 0.923 0.932 0.940 0.949 0.957 0.966 0.977 0.993 0.994 1.027 1.043 1.059 1.073 1.088 1.103 1.117 1.134 1.151 1.167 1.184 1.201 1.217 1.234 1.257 1.257 1.327 1.362 1.397 1.432 1.467 1.503 1.543 1.584 1.625 1.666 1.695 1.715 1.735 1.754 1.774 1.774 1.814 1.834 1.855 1.876 1.897 1.918 1.939 1.951 1.964 1.976 1.988
1.061 1.061 1.072 1.066 1.060 1.054 1.047 1.041 1.035 1.019 1.002 0.985 0.967 0.950 0.933 0.917 0.918 0.918 0.919 0.919 0.919 0.920 0.921 0.929 0.937 0.946 0.954 0.963 0.971 0.980 0.997 1.014 1.030 1.031 1.064 1.080 1.096 1.110 1.125 1.140 1.154 1.169 1.185 1.201 1.218 1.235 1.251 1.268 1.291 1.291 1.361 1.396 1.431 1.466 1.504 1.545 1.585 1.626 1.667 1.708 1.739 1.759 1.778 1.798 1.818 1.818 1.857 1.877 1.897 1.917 1.938 1.959 1.980 1.993 2.006 2.011 2.006
1.131 1.131 1.125 1.119 1.112 1.106 1.100 1.094 1.088 1.072 1.054 1.037 1.020 1.002 0.985 0.968 0.950 0.950 0.941 0.941 0.941 0.942 0.943 0.951 0.960 0.968 0.977 0.985 1.001 1.018 1.034 1.051 1.067 1.068 1.101 1.117 1.133 1.147 1.162 1.176 1.191 1.206 1.220 1.235 1.252 1.268 1.285 1.302 1.325 1.325 1.395 1.430 1.465 1.505 1.546 1.587 1.627 1.668 1.709 1.750 1.782 1.802 1.822 1.841 1.861 1.861 1.901 1.920 1.940 1.960 1.980 2.000 2.021 2.035 2.034 2.029 2.024
1.131 1.132 1.125 1.119 1.113 1.107 1.101 1.094 1.088 1.073 1.055 1.038 1.021 1.003 0.986 0.969 0.951 0.951 0.941 0.942 0.942 0.943 0.944 0.952 0.961 0.969 0.978 0.986 1.002 1.018 1.035 1.052 1.068 1.069 1.102 1.118 1.134 1.148 1.163 1.177 1.192 1.206 1.221 1.236 1.252 1.269 1.286 1.302 1.326 1.326 1.396 1.431 1.466 1.506 1.547 1.587 1.628 1.669 1.710 1.750 1.783 1.803 1.823 1.842 1.862 1.862 1.901 1.921 1.941 1.961 1.980 2.000 2.021 2.036 2.035 2.030 2.025
1.184 1.184 1.178 1.172 1.166 1.159 1.153 1.147 1.141 1.125 1.108 1.090 1.073 1.056 1.038 1.021 1.004 1.004 0.969 0.964 0.964 0.965 0.966 0.975 0.983 0.992 1.005 1.022 1.039 1.056 1.072 1.089 1.105 1.106 1.139 1.155 1.170 1.185 1.200 1.214 1.229 1.243 1.258 1.272 1.287 1.303 1.319 1.336 1.359 1.359 1.429 1.466 1.507 1.548 1.589 1.629 1.670 1.711 1.752 1.792 1.827 1.846 1.866 1.886 1.906 1.906 1.945 1.965 1.984 2.004 2.024 2.044 2.061 2.058 2.053 2.048 2.043
1.236 1.237 1.231 1.225 1.218 1.212 1.206 1.200 1.193 1.177 1.160 1.143 1.126 1.108 1.091 1.074 1.056 1.056 1.022 1.004 0.987 0.987 0.989 0.997 1.009 1.026 1.043 1.059 1.076 1.093 1.109 1.126 1.142 1.142 1.176 1.192 1.207 1.222 1.236 1.251 1.266 1.280 1.295 1.309 1.324 1.338 1.353 1.370 1.393 1.393 1.467 1.508 1.549 1.590 1.630 1.671 1.712 1.753 1.793 1.834 1.870 1.890 1.910 1.929 1.949 1.949 1.988 2.008 2.028 2.048 2.067 2.078 2.079 2.077 2.072 2.066 2.061
1.341 1.341 1.335 1.329 1.323 1.317 1.310 1.304 1.298 1.281 1.264 1.247 1.229 1.212 1.195 1.178 1.160 1.160 1.126 1.108 1.091 1.067 1.052 1.066 1.082 1.099 1.116 1.132 1.149 1.166 1.182 1.199 1.215 1.215 1.249 1.265 1.280 1.295 1.309 1.324 1.338 1.353 1.367 1.382 1.397 1.411 1.426 1.448 1.476 1.476 1.550 1.591 1.632 1.673 1.713 1.754 1.795 1.836 1.876 1.917 1.956 1.976 1.996 2.016 2.035 2.035 2.075 2.094 2.111 2.112 2.113 2.114 2.115 2.113 2.108 2.103 2.098
1.393 1.394 1.388 1.381 1.375 1.369 1.363 1.357 1.350 1.334 1.316 1.299 1.282 1.264 1.247 1.230 1.212 1.213 1.178 1.156 1.131 1.106 1.093 1.107 1.122 1.136 1.152 1.169 1.186 1.202 1.219 1.236 1.252 1.252 1.285 1.302 1.317 1.331 1.346 1.361 1.375 1.390 1.404 1.419 1.433 1.452 1.476 1.500 1.528 1.528 1.599 1.635 1.674 1.714 1.755 1.796 1.837 1.877 1.918 1.959 1.999 2.019 2.039 2.059 2.079 2.079 2.118 2.128 2.129 2.130 2.131 2.132 2.133 2.132 2.127 2.121 2.116
1.446 1.446 1.440 1.434 1.428 1.422 1.415 1.409 1.403 1.386 1.368 1.351 1.334 1.317 1.299 1.282 1.265 1.265 1.220 1.196 1.171 1.146 1.133 1.148 1.162 1.177 1.191 1.206 1.223 1.239 1.256 1.272 1.289 1.289 1.322 1.339 1.353 1.368 1.383 1.397 1.412 1.426 1.441 1.456 1.480 1.504 1.529 1.553 1.580 1.581 1.652 1.687 1.723 1.758 1.797 1.838 1.878 1.919 1.960 2.000 2.041 2.063 2.083 2.102 2.122 2.122 2.144 2.146 2.147 2.148 2.149 2.150 2.151 2.150 2.145 2.140 2.135
1.498 1.498 1.492 1.486 1.480 1.474 1.468 1.462 1.455 1.438 1.421 1.403 1.386 1.369 1.352 1.334 1.309 1.310 1.260 1.235 1.210 1.185 1.174 1.188 1.203 1.217 1.232 1.246 1.260 1.276 1.293 1.309 1.326 1.326 1.359 1.375 1.390 1.405 1.419 1.434 1.448 1.463 1.484 1.509 1.533 1.557 1.581 1.606 1.633 1.633 1.704 1.739 1.775 1.810 1.846 1.881 1.920 1.961 2.001 2.042 2.083 2.106 2.126 2.146 2.160 2.161 2.162 2.164 2.165 2.166 2.167 2.168 2.169 2.169 2.164 2.159 2.153
1.519 1.519 1.536 1.539 1.533 1.526 1.520 1.514 1.507 1.490 1.473 1.456 1.438 1.421 1.398 1.374 1.349 1.349 1.299 1.274 1.250 1.225 1.215 1.229 1.243 1.258 1.272 1.286 1.301 1.315 1.329 1.346 1.362 1.363 1.396 1.412 1.427 1.441 1.456 1.470 1.488 1.513 1.537 1.561 1.585 1.610 1.634 1.658 1.685 1.685 1.756 1.792 1.827 1.862 1.898 1.934 1.969 2.004 2.043 2.084 2.124 2.149 2.169 2.177 2.178 2.178 2.180 2.181 2.182 2.183 2.185 2.186 2.187 2.187 2.182 2.177 2.172
1.531 1.531 1.548 1.565 1.582 1.579 1.573 1.566 1.560 1.542 1.525 1.508 1.487 1.463 1.438 1.413 1.388 1.388 1.339 1.314 1.289 1.264 1.255 1.269 1.284 1.298 1.313 1.327 1.341 1.356 1.370 1.384 1.399 1.399 1.432 1.449 1.463 1.478 1.492 1.517 1.541 1.565 1.589 1.614 1.638 1.662 1.686 1.711 1.737 1.737 1.808 1.844 1.879 1.915 1.950 1.986 2.021 2.057 2.092 2.128 2.166 2.193 2.194 2.195 2.196 2.196 2.198 2.199 2.200 2.201 2.203 2.204 2.205 2.206 2.201 2.195 2.190
1.544 1.544 1.561 1.578 1.595 1.612 1.625 1.619 1.612 1.594 1.576 1.552 1.527 1.502 1.477 1.452 1.428 1.428 1.378 1.353 1.328 1.304 1.296 1.310 1.324 1.339 1.353 1.367 1.382 1.396 1.410 1.425 1.439 1.439 1.469 1.485 1.500 1.521 1.545 1.569 1.593 1.618 1.642 1.666 1.690 1.715 1.739 1.763 1.789 1.789 1.860 1.896 1.931 1.967 2.002 2.038 2.073 2.109 2.144 2.180 2.203 2.208 2.212 2.213 2.214 2.214 2.216 2.217 2.218 2.219 2.220 2.221 2.223 2.224 2.219 2.214 2.209
1.556 1.556 1.573 1.590 1.607 1.624 1.641 1.658 1.664 1.641 1.616 1.591 1.566 1.541 1.517 1.492 1.467 1.467 1.417 1.393 1.368 1.343 1.336 1.350 1.365 1.379 1.393 1.408 1.422 1.436 1.451 1.465 1.479 1.480 1.508 1.524 1.549 1.573 1.597 1.622 1.646 1.670 1.694 1.719 1.743 1.767 1.791 1.815 1.841 1.842 1.913 1.948 1.983 2.019 2.054 2.090 2.125 2.161 2.196 2.205 2.207 2.212 2.219 2.226 2.232 2.232 2.234 2.235 2.236 2.237 2.238 2.239 2.240 2.242 2.238 2.232 2.227
1.569 1.569 1.586 1.603 1.620 1.637 1.653 1.673 1.691 1.677 1.655 1.630 1.606 1.581 1.556 1.531 1.506 1.507 1.457 1.432 1.407 1.382 1.376 1.391 1.405 1.419 1.434 1.448 1.463 1.477 1.491 1.505 1.520 1.520 1.546 1.559 1.593 1.626 1.650 1.674 1.698 1.723 1.747 1.771 1.795 1.819 1.844 1.868 1.894 1.894 1.965 2.000 2.036 2.071 2.107 2.142 2.177 2.205 2.207 2.209 2.211 2.215 2.223 2.230 2.238 2.238 2.252 2.253 2.254 2.255 2.256 2.257 2.258 2.259 2.256 2.251 2.246
1.581 1.581 1.598 1.615 1.632 1.650 1.672 1.695 1.711 1.697 1.684 1.670 1.645 1.620 1.595 1.571 1.546 1.546 1.496 1.471 1.447 1.422 1.417 1.431 1.446 1.460 1.474 1.489 1.503 1.517 1.531 1.546 1.558 1.558 1.581 1.595 1.628 1.662 1.695 1.727 1.751 1.775 1.799 1.823 1.848 1.872 1.896 1.920 1.946 1.946 2.017 2.052 2.088 2.123 2.159 2.194 2.207 2.209 2.211 2.213 2.215 2.219 2.227 2.234 2.241 2.242 2.256 2.264 2.271 2.273 2.274 2.275 2.276 2.277 2.274 2.269 2.264
1.594 1.594 1.611 1.628 1.650 1.672 1.694 1.716 1.732 1.718 1.704 1.690 1.677 1.659 1.635 1.610 1.585 1.585 1.536 1.511 1.486 1.461 1.457 1.472 1.486 1.500 1.515 1.529 1.543 1.558 1.571 1.582 1.594 1.594 1.617 1.630 1.664 1.697 1.731 1.764 1.798 1.827 1.852 1.876 1.900 1.924 1.948 1.973 1.998 1.998 2.069 2.104 2.140 2.175 2.207 2.209 2.211 2.213 2.215 2.217 2.219 2.223 2.230 2.238 2.245 2.245 2.260 2.268 2.275 2.282 2.290 2.293 2.294 2.295 2.293 2.288 2.310
1.606 1.607 1.627 1.649 1.672 1.694 1.716 1.738 1.752 1.738 1.725 1.711 1.697 1.683 1.670 1.649 1.624 1.625 1.575 1.550 1.525 1.501 1.498 1.512 1.526 1.541 1.555 1.569 1.584 1.595 1.607 1.618 1.629 1.630 1.652 1.666 1.699 1.733 1.766 1.800 1.833 1.867 1.900 1.928 1.952 1.977 2.001 2.025 2.050 2.050 2.121 2.156 2.192 2.209 2.211 2.213 2.215 2.217 2.219 2.221 2.223 2.227 2.234 2.241 2.249 2.249 2.264 2.271 2.279 2.286 2.294 2.301 2.309 2.313 2.311 2.357 2.420
1.627 1.627 1.649 1.671 1.693 1.715 1.737 1.759 1.772 1.759 1.745 1.731 1.718 1.704 1.690 1.676 1.663 1.663 1.614 1.589 1.565 1.540 1.538 1.552 1.567 1.581 1.595 1.608 1.619 1.631 1.642 1.654 1.665 1.665 1.688 1.701 1.735 1.768 1.802 1.835 1.869 1.902 1.936 1.969 2.003 2.029 2.053 2.077 2.102 2.102 2.173 2.208 2.211 2.213 2.215 2.217 2.219 2.221 2.223 2.225 2.227 2.230 2.238 2.245 2.253 2.253 2.268 2.275 2.283 2.290 2.298 2.305 2.313 2.328 2.403 2.468 2.531
1.627 1.627 1.649 1.672 1.694 1.716 1.738 1.760 1.773 1.759 1.746 1.732 1.718 1.704 1.690 1.677 1.663 1.663 1.615 1.590 1.565 1.540 1.538 1.553 1.567 1.581 1.596 1.608 1.620 1.631 1.643 1.654 1.666 1.666 1.688 1.702 1.735 1.769 1.802 1.836 1.869 1.903 1.936 1.970 2.003 2.029 2.054 2.078 2.102 2.102 2.173 2.209 2.211 2.213 2.215 2.217 2.219 2.222 2.224 2.226 2.228 2.231 2.238 2.246 2.253 2.253 2.268 2.276 2.283 2.291 2.298 2.306 2.313 2.329 2.403 2.468 2.531
1.649 1.649 1.671 1.693 1.715 1.737 1.759 1.782 1.794 1.780 1.766 1.752 1.739 1.725 1.711 1.697 1.683 1.684 1.654 1.629 1.604 1.580 1.579 1.593 1.607 1.621 1.633 1.644 1.655 1.667 1.678 1.690 1.701 1.701 1.724 1.737 1.771 1.804 1.838 1.871 1.905 1.938 1.972 2.005 2.039 2.072 2.105 2.130 2.154 2.154 2.211 2.213 2.215 2.217 2.219 2.221 2.224 2.226 2.228 2.230 2.232 2.234 2.242 2.249 2.257 2.257 2.272 2.279 2.287 2.294 2.302 2.309 2.350 2.429 2.505 2.571 2.638
1.670 1.671 1.693 1.715 1.737 1.759 1.781 1.803 1.814 1.800 1.787 1.773 1.759 1.745 1.732 1.718 1.704 1.704 1.676 1.663 1.644 1.619 1.619 1.634 1.645 1.657 1.668 1.679 1.691 1.702 1.714 1.725 1.737 1.737 1.759 1.773 1.806 1.840 1.873 1.907 1.940 1.974 2.007 2.040 2.074 2.107 2.141 2.174 2.207 2.207 2.215 2.217 2.219 2.221 2.223 2.226 2.228 2.230 2.232 2.234 2.236 2.238 2.246 2.253 2.261 2.261 2.276 2.283 2.291 2.298 2.306 2.372 2.451 2.530 2.607 2.673 2.739
1.713 1.713 1.735 1.758 1.780 1.802 1.824 1.846 1.855 1.841 1.827 1.813 1.800 1.786 1.772 1.758 1.744 1.745 1.717 1.703 1.692 1.688 1.694 1.704 1.716 1.727 1.739 1.750 1.762 1.773 1.784 1.796 1.807 1.807 1.830 1.843 1.877 1.910 1.944 1.977 2.011 2.044 2.078 2.111 2.144 2.178 2.201 2.222 2.244 2.244 2.237 2.233 2.228 2.229 2.231 2.233 2.235 2.238 2.240 2.242 2.244 2.246 2.253 2.260 2.268 2.268 2.283 2.290 2.335 2.414 2.493 2.572 2.652 2.731 2.810 2.876 2.943
