includes/lisflood/camargue/results_R3_t1.56174127354E12/res-0010.wdfp
ncols         906
nrows         631
xllcorner     362177.146667
yllcorner     6534725.688020
cellsize      20.000000
NODATA_value  -9999.000000
[rows 476 to 509 of 631, columns 616 to 692 of 906]
0.014 0.014 0.014 0.016 0.038 0.036 0.035 0.033 0.032 0.031 0.031 0.031 0.031 0.033 0.035 0.038 0.028 0.023 0.018 0.014 0.010 0.015 0.016 0.015 0.015 0.013 0.013 0.019 0.023 0.026 0.028 0.030 0.031 0.032 0.030 0.026 0.035 0.024 0.025 0.027 0.035 0.062 0.104 0.148 0.193 0.239 0.284 0.330 0.375 0.421 0.466 0.510 0.560 0.560 0.532 0.503 0.475 0.446 0.418 0.389 0.361 0.332 0.304 0.276 0.247 0.219 0.190 0.162 0.134 0.134 0.070 0.046 0.029 0.018 0.013 0.011 0.010
0.012 0.012 0.012 0.013 0.033 0.032 0.030 0.029 0.029 0.028 0.028 0.029 0.031 0.035 0.035 0.030 0.023 0.018 0.014 0.011 0.008 0.013 0.013 0.013 0.012 0.011 0.011 0.011 0.016 0.020 0.023 0.026 0.027 0.028 0.027 0.022 0.032 0.021 0.022 0.025 0.039 0.075 0.118 0.163 0.208 0.253 0.299 0.344 0.390 0.435 0.481 0.526 0.559 0.559 0.529 0.500 0.471 0.442 0.414 0.385 0.357 0.328 0.300 0.271 0.243 0.214 0.186 0.157 0.129 0.129 0.071 0.052 0.034 0.021 0.014 0.011 0.010
0.016 0.015 0.015 0.015 0.044 0.043 0.042 0.041 0.041 0.042 0.044 0.049 0.043 0.040 0.037 0.031 0.024 0.019 0.016 0.013 0.010 0.016 0.016 0.016 0.015 0.015 0.015 0.015 0.017 0.017 0.019 0.024 0.027 0.028 0.027 0.022 0.035 0.024 0.026 0.034 0.062 0.104 0.148 0.193 0.238 0.283 0.329 0.368 0.397 0.426 0.455 0.484 0.557 0.557 0.574 0.544 0.514 0.485 0.455 0.426 0.396 0.366 0.337 0.307 0.278 0.248 0.219 0.189 0.160 0.160 0.085 0.062 0.043 0.028 0.020 0.016 0.015
0.019 0.018 0.017 0.017 0.057 0.056 0.056 0.056 0.057 0.059 0.057 0.048 0.042 0.037 0.033 0.028 0.022 0.018 0.014 0.012 0.010 0.015 0.016 0.016 0.016 0.015 0.016 0.016 0.017 0.017 0.017 0.016 0.022 0.024 0.024 0.019 0.033 0.023 0.027 0.042 0.076 0.119 0.163 0.208 0.252 0.281 0.310 0.339 0.369 0.398 0.427 0.456 0.531 0.531 0.570 0.566 0.536 0.507 0.477 0.448 0.418 0.388 0.359 0.329 0.300 0.270 0.241 0.211 0.182 0.182 0.100 0.066 0.047 0.031 0.022 0.018 0.016
0.027 0.024 0.022 0.023 0.090 0.090 0.090 0.090 0.090 0.079 0.063 0.050 0.041 0.035 0.030 0.025 0.020 0.016 0.014 0.012 0.010 0.015 0.016 0.016 0.016 0.016 0.016 0.017 0.017 0.017 0.017 0.016 0.015 0.019 0.020 0.015 0.032 0.023 0.031 0.054 0.091 0.133 0.167 0.195 0.224 0.253 0.282 0.311 0.340 0.369 0.398 0.427 0.505 0.505 0.544 0.584 0.558 0.529 0.499 0.469 0.440 0.410 0.381 0.351 0.321 0.292 0.262 0.233 0.197 0.197 0.115 0.075 0.050 0.034 0.024 0.019 0.017
0.026 0.028 0.033 0.045 0.131 0.131 0.137 0.137 0.117 0.096 0.076 0.059 0.045 0.035 0.028 0.023 0.018 0.015 0.013 0.012 0.010 0.015 0.016 0.017 0.017 0.017 0.017 0.017 0.017 0.017 0.017 0.016 0.015 0.013 0.014 0.012 0.035 0.028 0.043 0.064 0.085 0.111 0.138 0.167 0.196 0.225 0.253 0.282 0.311 0.340 0.369 0.401 0.479 0.479 0.518 0.558 0.580 0.551 0.521 0.491 0.462 0.432 0.402 0.373 0.343 0.314 0.284 0.254 0.213 0.213 0.131 0.090 0.054 0.037 0.026 0.020 0.018
0.024 0.026 0.033 0.064 0.176 0.176 0.182 0.160 0.138 0.117 0.095 0.075 0.055 0.040 0.028 0.021 0.017 0.014 0.013 0.011 0.010 0.015 0.017 0.017 0.017 0.017 0.017 0.017 0.017 0.017 0.017 0.016 0.014 0.013 0.011 0.007 0.032 0.026 0.027 0.036 0.056 0.082 0.110 0.139 0.167 0.196 0.225 0.254 0.283 0.311 0.340 0.375 0.453 0.453 0.492 0.532 0.571 0.572 0.543 0.513 0.483 0.454 0.424 0.395 0.365 0.335 0.306 0.269 0.228 0.228 0.146 0.105 0.065 0.040 0.027 0.021 0.018
0.023 0.025 0.035 0.073 0.187 0.186 0.197 0.183 0.161 0.139 0.117 0.096 0.074 0.053 0.035 0.023 0.017 0.014 0.012 0.011 0.010 0.016 0.017 0.017 0.017 0.018 0.018 0.018 0.017 0.017 0.016 0.015 0.013 0.011 0.008 0.008 0.007 0.004 0.005 0.010 0.028 0.054 0.082 0.110 0.139 0.168 0.196 0.225 0.254 0.283 0.312 0.349 0.427 0.427 0.466 0.505 0.545 0.584 0.565 0.535 0.505 0.476 0.446 0.416 0.387 0.357 0.325 0.284 0.244 0.244 0.162 0.121 0.080 0.043 0.029 0.021 0.017
0.022 0.026 0.042 0.082 0.179 0.179 0.193 0.185 0.177 0.162 0.140 0.118 0.096 0.074 0.052 0.032 0.019 0.014 0.012 0.011 0.010 0.016 0.017 0.017 0.018 0.018 0.018 0.018 0.017 0.016 0.015 0.012 0.010 0.010 0.009 0.010 0.000 0.000 0.000 0.002 0.007 0.026 0.053 0.082 0.110 0.139 0.168 0.196 0.225 0.254 0.284 0.323 0.401 0.401 0.440 0.479 0.518 0.558 0.586 0.557 0.527 0.497 0.468 0.438 0.408 0.379 0.341 0.300 0.259 0.259 0.177 0.136 0.095 0.056 0.030 0.021 0.017
0.024 0.033 0.050 0.078 0.171 0.171 0.189 0.181 0.173 0.164 0.156 0.140 0.118 0.096 0.074 0.052 0.031 0.017 0.013 0.012 0.010 0.016 0.017 0.018 0.018 0.018 0.017 0.017 0.016 0.013 0.011 0.012 0.011 0.011 0.011 0.012 0.000 0.000 0.000 0.000 0.002 0.007 0.026 0.054 0.082 0.111 0.139 0.168 0.196 0.225 0.258 0.297 0.375 0.375 0.414 0.453 0.492 0.531 0.571 0.578 0.549 0.519 0.489 0.460 0.430 0.397 0.356 0.315 0.274 0.274 0.193 0.152 0.111 0.070 0.033 0.022 0.016
0.032 0.038 0.045 0.071 0.163 0.163 0.185 0.177 0.169 0.160 0.152 0.144 0.135 0.119 0.096 0.074 0.052 0.030 0.016 0.012 0.010 0.016 0.017 0.018 0.018 0.017 0.016 0.014 0.012 0.013 0.012 0.012 0.011 0.011 0.014 0.012 0.000 0.002 0.000 0.000 0.000 0.002 0.007 0.026 0.054 0.082 0.111 0.139 0.168 0.196 0.232 0.271 0.349 0.349 0.388 0.427 0.466 0.505 0.544 0.583 0.570 0.541 0.511 0.482 0.452 0.413 0.372 0.331 0.290 0.290 0.208 0.167 0.126 0.085 0.046 0.022 0.016
0.035 0.035 0.041 0.064 0.155 0.155 0.181 0.173 0.164 0.156 0.148 0.139 0.131 0.122 0.113 0.096 0.073 0.051 0.029 0.015 0.011 0.016 0.017 0.017 0.016 0.014 0.012 0.013 0.013 0.013 0.012 0.012 0.012 0.013 0.017 0.012 0.001 0.003 0.001 0.000 0.000 0.000 0.002 0.007 0.026 0.054 0.082 0.110 0.139 0.167 0.206 0.244 0.323 0.322 0.361 0.400 0.439 0.479 0.518 0.557 0.592 0.562 0.533 0.503 0.469 0.428 0.387 0.346 0.305 0.305 0.223 0.182 0.142 0.101 0.061 0.026 0.016
0.032 0.032 0.036 0.057 0.147 0.146 0.176 0.168 0.160 0.152 0.143 0.135 0.126 0.118 0.109 0.100 0.091 0.072 0.049 0.028 0.012 0.016 0.016 0.014 0.012 0.013 0.013 0.013 0.013 0.013 0.013 0.013 0.013 0.014 0.020 0.011 0.002 0.004 0.002 0.001 0.000 0.000 0.000 0.002 0.007 0.026 0.054 0.082 0.110 0.141 0.179 0.218 0.296 0.296 0.335 0.374 0.413 0.452 0.491 0.530 0.570 0.584 0.554 0.525 0.484 0.443 0.403 0.362 0.321 0.321 0.239 0.198 0.157 0.117 0.076 0.038 0.016
0.029 0.029 0.032 0.049 0.138 0.138 0.171 0.163 0.155 0.147 0.138 0.130 0.121 0.113 0.104 0.095 0.086 0.076 0.065 0.045 0.016 0.016 0.013 0.013 0.013 0.013 0.013 0.013 0.013 0.013 0.013 0.013 0.014 0.016 0.023 0.011 0.002 0.005 0.003 0.002 0.001 0.000 0.000 0.000 0.002 0.007 0.026 0.053 0.081 0.114 0.152 0.191 0.269 0.269 0.308 0.347 0.386 0.425 0.465 0.504 0.543 0.583 0.576 0.541 0.500 0.459 0.418 0.377 0.336 0.336 0.255 0.214 0.173 0.133 0.092 0.054 0.024
0.026 0.025 0.027 0.042 0.129 0.128 0.166 0.158 0.150 0.141 0.133 0.124 0.116 0.107 0.098 0.089 0.080 0.070 0.058 0.043 0.032 0.024 0.019 0.017 0.016 0.015 0.015 0.015 0.015 0.015 0.015 0.015 0.016 0.021 0.028 0.012 0.003 0.006 0.003 0.003 0.002 0.002 0.000 0.000 0.000 0.002 0.007 0.025 0.052 0.087 0.125 0.164 0.242 0.242 0.281 0.320 0.359 0.398 0.438 0.477 0.516 0.556 0.594 0.550 0.507 0.465 0.422 0.379 0.336 0.336 0.250 0.208 0.165 0.122 0.080 0.040 0.010
0.022 0.021 0.022 0.034 0.119 0.119 0.160 0.152 0.144 0.135 0.127 0.119 0.110 0.101 0.092 0.082 0.073 0.062 0.049 0.041 0.047 0.037 0.036 0.032 0.029 0.027 0.026 0.025 0.024 0.024 0.025 0.026 0.030 0.036 0.043 0.022 0.008 0.013 0.008 0.007 0.006 0.005 0.004 0.003 0.002 0.000 0.002 0.006 0.025 0.059 0.097 0.135 0.214 0.214 0.253 0.292 0.331 0.374 0.421 0.467 0.514 0.561 0.562 0.508 0.465 0.422 0.380 0.337 0.294 0.295 0.209 0.166 0.124 0.081 0.039 0.009 0.004
0.023 0.022 0.023 0.033 0.116 0.115 0.157 0.149 0.140 0.132 0.123 0.115 0.106 0.097 0.087 0.077 0.066 0.055 0.040 0.031 0.037 0.029 0.028 0.024 0.021 0.019 0.017 0.016 0.016 0.016 0.017 0.018 0.022 0.028 0.034 0.014 0.004 0.008 0.005 0.004 0.003 0.003 0.002 0.002 0.000 0.000 0.002 0.007 0.024 0.058 0.095 0.133 0.211 0.211 0.250 0.289 0.329 0.371 0.418 0.465 0.512 0.559 0.560 0.506 0.464 0.421 0.379 0.336 0.294 0.294 0.209 0.166 0.123 0.081 0.039 0.010 0.006
0.017 0.017 0.017 0.026 0.106 0.105 0.150 0.142 0.134 0.125 0.116 0.107 0.098 0.088 0.077 0.065 0.052 0.038 0.035 0.029 0.036 0.027 0.027 0.027 0.024 0.022 0.020 0.020 0.020 0.022 0.025 0.029 0.035 0.042 0.049 0.022 0.005 0.008 0.004 0.004 0.003 0.003 0.002 0.002 0.001 0.000 0.000 0.001 0.006 0.028 0.065 0.103 0.193 0.193 0.240 0.287 0.334 0.380 0.427 0.474 0.521 0.568 0.527 0.469 0.421 0.379 0.337 0.294 0.252 0.253 0.167 0.125 0.082 0.040 0.007 0.003 0.003
0.007 0.007 0.008 0.012 0.088 0.087 0.135 0.132 0.123 0.114 0.105 0.095 0.085 0.073 0.059 0.059 0.056 0.051 0.046 0.039 0.047 0.036 0.036 0.038 0.043 0.053 0.069 0.079 0.085 0.092 0.098 0.105 0.112 0.119 0.120 0.090 0.031 0.032 0.011 0.006 0.006 0.005 0.006 0.007 0.007 0.004 0.002 0.000 0.003 0.029 0.073 0.120 0.213 0.213 0.260 0.307 0.354 0.401 0.448 0.495 0.542 0.522 0.463 0.405 0.347 0.294 0.253 0.211 0.169 0.170 0.085 0.043 0.008 0.002 0.002 0.002 0.002
0.005 0.005 0.005 0.007 0.076 0.075 0.123 0.123 0.114 0.105 0.095 0.084 0.070 0.063 0.061 0.060 0.057 0.054 0.049 0.043 0.051 0.042 0.044 0.049 0.060 0.076 0.093 0.112 0.129 0.136 0.142 0.149 0.156 0.163 0.160 0.130 0.070 0.070 0.041 0.018 0.013 0.013 0.011 0.005 0.000 0.000 0.000 0.000 0.002 0.031 0.081 0.128 0.221 0.221 0.268 0.315 0.362 0.409 0.456 0.503 0.546 0.488 0.429 0.371 0.313 0.256 0.209 0.168 0.127 0.128 0.044 0.008 0.002 0.002 0.002 0.002 0.002
0.004 0.004 0.004 0.005 0.063 0.063 0.109 0.112 0.103 0.093 0.081 0.067 0.066 0.065 0.063 0.062 0.060 0.057 0.053 0.048 0.058 0.050 0.056 0.067 0.082 0.100 0.118 0.137 0.156 0.175 0.187 0.194 0.200 0.207 0.200 0.170 0.110 0.110 0.081 0.053 0.022 0.006 0.000 0.000 0.000 0.000 0.000 0.000 0.001 0.021 0.084 0.135 0.229 0.229 0.276 0.323 0.369 0.417 0.464 0.511 0.512 0.453 0.395 0.337 0.279 0.222 0.165 0.125 0.086 0.086 0.008 0.002 0.001 0.001 0.001 0.001 0.001
0.008 0.006 0.004 0.003 0.050 0.049 0.093 0.100 0.090 0.077 0.070 0.069 0.068 0.066 0.065 0.064 0.062 0.060 0.058 0.055 0.069 0.063 0.074 0.089 0.106 0.124 0.143 0.162 0.181 0.201 0.220 0.238 0.245 0.252 0.240 0.210 0.150 0.151 0.095 0.036 0.002 0.000 0.000 0.000 0.000 0.000 0.000 0.000 0.000 0.013 0.071 0.139 0.236 0.236 0.283 0.329 0.376 0.424 0.471 0.518 0.477 0.418 0.360 0.302 0.245 0.188 0.131 0.082 0.044 0.045 0.001 0.000 0.000 0.000 0.000 0.000 0.000
0.011 0.009 0.007 0.005 0.034 0.033 0.074 0.084 0.071 0.071 0.071 0.070 0.070 0.069 0.068 0.067 0.066 0.066 0.065 0.065 0.085 0.081 0.095 0.113 0.131 0.149 0.168 0.188 0.207 0.226 0.245 0.265 0.284 0.296 0.280 0.242 0.121 0.121 0.061 0.007 0.000 0.000 0.000 0.000 0.000 0.000 0.000 0.000 0.000 0.007 0.057 0.125 0.242 0.242 0.289 0.336 0.383 0.430 0.477 0.499 0.440 0.382 0.325 0.267 0.210 0.153 0.097 0.044 0.009 0.010 0.000 0.000 0.000 0.000 0.000 0.000 0.000
0.014 0.012 0.010 0.008 0.029 0.027 0.055 0.070 0.072 0.072 0.073 0.073 0.072 0.072 0.072 0.073 0.073 0.075 0.077 0.081 0.104 0.102 0.119 0.137 0.156 0.175 0.194 0.213 0.232 0.252 0.271 0.290 0.310 0.318 0.268 0.208 0.087 0.087 0.027 0.001 0.000 0.000 0.000 0.000 0.000 0.000 0.000 0.000 0.000 0.003 0.044 0.110 0.247 0.247 0.294 0.341 0.388 0.435 0.482 0.461 0.403 0.345 0.288 0.231 0.174 0.118 0.063 0.014 0.001 0.002 0.000 0.000 0.000 0.000 0.000 0.000 0.000
0.016 0.014 0.013 0.011 0.032 0.029 0.049 0.064 0.073 0.076 0.076 0.077 0.077 0.078 0.079 0.081 0.084 0.088 0.094 0.100 0.126 0.125 0.143 0.162 0.181 0.200 0.219 0.238 0.258 0.277 0.296 0.312 0.305 0.299 0.245 0.175 0.053 0.053 0.004 0.000 0.000 0.000 0.000 0.000 0.000 0.000 0.000 0.000 0.000 0.002 0.031 0.094 0.232 0.231 0.298 0.345 0.392 0.439 0.481 0.423 0.365 0.307 0.250 0.193 0.137 0.082 0.031 0.002 0.000 0.001 0.000 0.000 0.000 0.000 0.000 0.000 0.000
0.017 0.016 0.015 0.014 0.032 0.028 0.042 0.056 0.066 0.075 0.083 0.084 0.085 0.087 0.090 0.095 0.100 0.106 0.114 0.122 0.150 0.149 0.168 0.187 0.206 0.225 0.244 0.264 0.283 0.302 0.298 0.292 0.286 0.279 0.222 0.153 0.020 0.020 0.000 0.000 0.000 0.000 0.000 0.000 0.000 0.000 0.000 0.000 0.000 0.001 0.019 0.077 0.213 0.213 0.282 0.347 0.393 0.440 0.440 0.382 0.324 0.266 0.209 0.152 0.098 0.047 0.005 0.000 0.000 0.000 0.000 0.000 0.000 0.000 0.000 0.000 0.000
0.019 0.018 0.019 0.018 0.033 0.027 0.038 0.051 0.060 0.069 0.078 0.087 0.097 0.101 0.106 0.112 0.119 0.127 0.136 0.145 0.174 0.173 0.193 0.212 0.231 0.250 0.270 0.289 0.292 0.285 0.279 0.272 0.266 0.259 0.199 0.130 0.006 0.007 0.000 0.000 0.000 0.000 0.000 0.000 0.000 0.000 0.000 0.000 0.000 0.000 0.010 0.059 0.193 0.193 0.261 0.330 0.392 0.439 0.396 0.337 0.278 0.219 0.161 0.104 0.050 0.009 0.000 0.000 0.000 0.000 0.000 0.000 0.000 0.000 0.000 0.000 0.000
0.020 0.022 0.022 0.020 0.034 0.027 0.035 0.046 0.055 0.065 0.075 0.085 0.097 0.110 0.124 0.132 0.140 0.149 0.159 0.169 0.198 0.198 0.217 0.237 0.256 0.275 0.285 0.278 0.272 0.265 0.259 0.252 0.246 0.240 0.177 0.108 0.003 0.004 0.000 0.000 0.000 0.000 0.000 0.000 0.000 0.000 0.000 0.000 0.000 0.000 0.004 0.041 0.171 0.170 0.237 0.305 0.373 0.407 0.350 0.299 0.248 0.197 0.146 0.095 0.045 0.008 0.000 0.000 0.000 0.000 0.000 0.000 0.000 0.000 0.000 0.000 0.000
0.025 0.025 0.024 0.022 0.035 0.027 0.033 0.043 0.052 0.062 0.072 0.085 0.098 0.113 0.129 0.146 0.163 0.173 0.183 0.193 0.223 0.223 0.242 0.262 0.277 0.271 0.265 0.258 0.252 0.245 0.239 0.233 0.226 0.220 0.154 0.085 0.002 0.003 0.000 0.000 0.000 0.000 0.000 0.000 0.000 0.000 0.000 0.000 0.000 0.000 0.002 0.025 0.146 0.145 0.211 0.280 0.350 0.405 0.382 0.329 0.275 0.222 0.169 0.116 0.063 0.013 0.000 0.000 0.000 0.000 0.000 0.000 0.000 0.000 0.000 0.000 0.000
0.027 0.027 0.026 0.023 0.037 0.028 0.033 0.041 0.050 0.060 0.072 0.085 0.100 0.116 0.134 0.152 0.170 0.189 0.207 0.218 0.247 0.247 0.267 0.263 0.257 0.251 0.244 0.238 0.232 0.225 0.219 0.213 0.206 0.200 0.132 0.062 0.001 0.002 0.000 0.000 0.000 0.000 0.000 0.000 0.000 0.000 0.000 0.000 0.000 0.000 0.000 0.011 0.127 0.126 0.193 0.262 0.331 0.376 0.416 0.361 0.307 0.252 0.198 0.143 0.088 0.032 0.002 0.000 0.000 0.000 0.000 0.000 0.000 0.000 0.000 0.000 0.000
0.029 0.029 0.028 0.025 0.039 0.030 0.033 0.041 0.049 0.060 0.073 0.087 0.103 0.121 0.139 0.157 0.177 0.196 0.216 0.235 0.256 0.256 0.249 0.243 0.237 0.230 0.224 0.218 0.212 0.205 0.199 0.193 0.186 0.178 0.109 0.040 0.000 0.002 0.000 0.000 0.000 0.000 0.000 0.000 0.000 0.000 0.000 0.000 0.000 0.000 0.000 0.007 0.111 0.110 0.175 0.243 0.304 0.348 0.391 0.396 0.341 0.285 0.230 0.175 0.119 0.063 0.012 0.000 0.000 0.000 0.000 0.000 0.000 0.000 0.000 0.000 0.000
0.032 0.031 0.030 0.028 0.042 0.032 0.035 0.042 0.050 0.061 0.075 0.090 0.107 0.126 0.144 0.163 0.183 0.203 0.222 0.241 0.240 0.240 0.228 0.222 0.215 0.209 0.203 0.197 0.191 0.185 0.179 0.172 0.166 0.155 0.086 0.018 0.000 0.002 0.000 0.000 0.000 0.000 0.000 0.000 0.000 0.000 0.000 0.000 0.000 0.000 0.000 0.004 0.096 0.094 0.157 0.225 0.276 0.320 0.362 0.404 0.377 0.321 0.266 0.210 0.155 0.100 0.045 0.003 0.006 0.004 0.005 0.005 0.006 0.009 0.003 0.002 0.002
0.027 0.026 0.026 0.023 0.036 0.027 0.030 0.036 0.044 0.055 0.069 0.086 0.104 0.122 0.141 0.161 0.181 0.200 0.220 0.239 0.238 0.238 0.226 0.220 0.214 0.208 0.202 0.196 0.190 0.184 0.178 0.172 0.165 0.154 0.085 0.019 0.001 0.003 0.000 0.000 0.000 0.000 0.000 0.000 0.000 0.000 0.000 0.000 0.000 0.000 0.000 0.002 0.081 0.078 0.139 0.206 0.258 0.300 0.342 0.385 0.357 0.302 0.246 0.191 0.138 0.085 0.033 0.002 0.003 0.002 0.003 0.003 0.003 0.005 0.000 0.001 0.001
0.025 0.025 0.025 0.022 0.035 0.026 0.029 0.036 0.044 0.056 0.072 0.089 0.108 0.127 0.147 0.166 0.186 0.206 0.222 0.235 0.235 0.235 0.218 0.201 0.192 0.186 0.180 0.175 0.169 0.163 0.157 0.151 0.145 0.131 0.063 0.005 0.000 0.000 0.000 0.000 0.000 0.000 0.000 0.000 0.000 0.000 0.000 0.000 0.000 0.000 0.000 0.001 0.067 0.064 0.123 0.189 0.231 0.272 0.313 0.353 0.385 0.327 0.269 0.211 0.154 0.098 0.041 0.010 0.007 0.004 0.004 0.003 0.004 0.005 0.002 0.000 0.000
