includes/lisflood/camargue/results_R3_t1.56174127354E12/res-0005.wd
ncols         906
nrows         631
xllcorner     362177.146667
yllcorner     6534725.688020
cellsize      20.000000
NODATA_value  -9999.000000
[rows 408 to 441 of 631, columns 770 to 846 of 906]
4.908 4.942 4.976 5.010 5.044 5.078 5.112 5.149 5.186 5.223 5.260 5.334 5.334 5.371 5.411 5.450 5.490 5.530 5.570 5.609 5.647 5.685 5.724 5.762 5.800 5.838 5.876 5.946 5.946 5.977 6.007 6.038 6.069 6.100 6.131 6.162 6.193 6.223 6.254 6.285 6.316 6.346 6.355 6.363 6.363 6.381 6.390 6.398 6.407 6.416 6.425 6.434 6.442 6.451 6.460 6.469 6.495 6.524 6.554 6.571 6.571 6.591 6.601 6.610 6.620 6.630 6.645 6.664 6.683 6.702 6.721 6.740 6.759 6.776 6.784 6.792 6.792
4.939 4.973 5.007 5.041 5.076 5.113 5.150 5.187 5.224 5.261 5.298 5.371 5.371 5.408 5.448 5.488 5.528 5.567 5.607 5.647 5.687 5.725 5.763 5.801 5.839 5.878 5.916 5.984 5.984 6.015 6.046 6.076 6.107 6.138 6.169 6.200 6.231 6.262 6.294 6.331 6.368 6.399 6.423 6.431 6.431 6.449 6.458 6.466 6.475 6.484 6.493 6.502 6.510 6.519 6.528 6.545 6.575 6.604 6.634 6.656 6.656 6.676 6.685 6.695 6.705 6.715 6.724 6.734 6.748 6.767 6.786 6.805 6.824 6.841 6.849 6.857 6.857
4.970 5.004 5.039 5.076 5.113 5.150 5.187 5.224 5.261 5.298 5.335 5.408 5.409 5.446 5.486 5.525 5.565 5.605 5.645 5.684 5.724 5.764 5.802 5.841 5.879 5.917 5.955 6.022 6.022 6.053 6.084 6.115 6.146 6.176 6.207 6.238 6.273 6.310 6.347 6.384 6.421 6.451 6.478 6.499 6.499 6.517 6.526 6.534 6.543 6.552 6.561 6.569 6.578 6.587 6.596 6.625 6.655 6.685 6.714 6.741 6.741 6.761 6.770 6.780 6.790 6.799 6.809 6.819 6.828 6.838 6.851 6.870 6.889 6.906 6.914 6.922 6.922
4.970 5.004 5.039 5.076 5.113 5.150 5.187 5.224 5.261 5.298 5.335 5.408 5.409 5.446 5.486 5.525 5.565 5.605 5.645 5.685 5.724 5.764 5.802 5.841 5.879 5.917 5.955 6.022 6.022 6.053 6.084 6.115 6.146 6.176 6.207 6.238 6.273 6.310 6.347 6.384 6.421 6.451 6.478 6.499 6.499 6.517 6.526 6.534 6.543 6.552 6.561 6.569 6.578 6.587 6.596 6.625 6.655 6.685 6.714 6.741 6.741 6.761 6.770 6.780 6.790 6.799 6.809 6.819 6.828 6.838 6.851 6.870 6.889 6.906 6.914 6.922 6.922
5.002 5.039 5.076 5.113 5.150 5.187 5.224 5.261 5.298 5.335 5.372 5.446 5.446 5.483 5.523 5.563 5.603 5.642 5.682 5.722 5.762 5.801 5.841 5.880 5.918 5.956 5.995 6.060 6.060 6.091 6.122 6.153 6.184 6.215 6.252 6.289 6.326 6.363 6.400 6.437 6.474 6.502 6.529 6.555 6.556 6.585 6.593 6.602 6.611 6.620 6.628 6.637 6.646 6.655 6.676 6.705 6.735 6.765 6.794 6.824 6.824 6.845 6.855 6.865 6.875 6.884 6.894 6.903 6.913 6.923 6.932 6.942 6.954 6.971 6.987 7.016 7.016
5.040 5.076 5.113 5.150 5.187 5.224 5.261 5.298 5.335 5.372 5.409 5.483 5.483 5.521 5.560 5.600 5.640 5.680 5.720 5.759 5.799 5.839 5.878 5.918 5.958 5.996 6.034 6.099 6.099 6.130 6.160 6.194 6.231 6.268 6.305 6.342 6.379 6.416 6.453 6.490 6.526 6.553 6.580 6.607 6.607 6.652 6.661 6.670 6.679 6.688 6.696 6.705 6.714 6.726 6.756 6.786 6.815 6.845 6.874 6.904 6.904 6.930 6.940 6.950 6.959 6.969 6.979 6.988 6.998 7.007 7.017 7.027 7.036 7.073 7.087 7.116 7.116
5.130 5.161 5.192 5.224 5.261 5.298 5.335 5.372 5.409 5.446 5.483 5.557 5.557 5.595 5.635 5.675 5.715 5.755 5.794 5.834 5.874 5.914 5.953 5.993 6.033 6.072 6.113 6.189 6.189 6.226 6.263 6.300 6.337 6.374 6.411 6.448 6.485 6.522 6.559 6.596 6.629 6.656 6.682 6.709 6.709 6.763 6.789 6.806 6.815 6.823 6.832 6.841 6.857 6.887 6.916 6.946 6.975 7.005 7.034 7.064 7.064 7.100 7.110 7.120 7.129 7.139 7.148 7.158 7.168 7.177 7.194 7.247 7.299 7.352 7.363 7.370 7.370
5.176 5.206 5.237 5.268 5.299 5.335 5.372 5.409 5.446 5.483 5.520 5.594 5.594 5.633 5.673 5.713 5.752 5.792 5.832 5.872 5.911 5.951 5.991 6.030 6.072 6.118 6.163 6.242 6.242 6.279 6.316 6.353 6.390 6.427 6.464 6.501 6.538 6.575 6.612 6.649 6.680 6.707 6.734 6.760 6.760 6.814 6.841 6.867 6.883 6.891 6.900 6.909 6.937 6.967 6.996 7.026 7.055 7.085 7.115 7.144 7.144 7.185 7.195 7.204 7.214 7.224 7.233 7.243 7.252 7.277 7.329 7.382 7.434 7.486 7.504 7.511 7.511
5.221 5.252 5.282 5.313 5.344 5.375 5.409 5.446 5.483 5.520 5.557 5.631 5.631 5.670 5.710 5.750 5.790 5.829 5.869 5.909 5.949 5.988 6.031 6.076 6.122 6.167 6.212 6.292 6.292 6.332 6.369 6.406 6.443 6.480 6.517 6.554 6.591 6.628 6.665 6.702 6.731 6.758 6.785 6.812 6.812 6.865 6.892 6.919 6.945 6.959 6.968 6.988 7.017 7.047 7.076 7.106 7.135 7.165 7.195 7.224 7.224 7.270 7.280 7.289 7.299 7.309 7.318 7.328 7.359 7.412 7.464 7.516 7.569 7.621 7.645 7.652 7.653
5.266 5.297 5.328 5.358 5.389 5.420 5.451 5.483 5.520 5.557 5.594 5.668 5.668 5.708 5.747 5.787 5.827 5.867 5.907 5.946 5.990 6.035 6.081 6.126 6.171 6.217 6.261 6.341 6.341 6.382 6.422 6.459 6.496 6.533 6.570 6.607 6.644 6.681 6.718 6.755 6.783 6.809 6.836 6.863 6.863 6.916 6.943 6.970 6.997 7.023 7.039 7.068 7.098 7.127 7.157 7.186 7.216 7.245 7.275 7.304 7.304 7.355 7.365 7.374 7.384 7.393 7.403 7.442 7.494 7.546 7.599 7.651 7.704 7.756 7.787 7.794 7.794
5.311 5.342 5.373 5.404 5.434 5.465 5.496 5.527 5.558 5.594 5.631 5.705 5.705 5.745 5.785 5.825 5.864 5.904 5.948 5.994 6.039 6.085 6.130 6.176 6.221 6.266 6.310 6.390 6.390 6.430 6.471 6.511 6.549 6.586 6.623 6.660 6.697 6.734 6.771 6.807 6.834 6.861 6.887 6.914 6.914 6.968 6.994 7.021 7.048 7.080 7.115 7.147 7.178 7.207 7.237 7.266 7.296 7.325 7.355 7.384 7.384 7.440 7.449 7.459 7.469 7.478 7.524 7.577 7.629 7.681 7.734 7.786 7.838 7.891 7.928 7.935 7.935
5.357 5.387 5.418 5.449 5.480 5.510 5.541 5.572 5.603 5.634 5.668 5.742 5.742 5.782 5.822 5.862 5.907 5.953 5.998 6.043 6.089 6.134 6.180 6.225 6.271 6.316 6.359 6.439 6.439 6.479 6.520 6.560 6.600 6.639 6.676 6.713 6.750 6.787 6.824 6.858 6.885 6.912 6.939 6.966 6.966 7.019 7.046 7.078 7.114 7.150 7.185 7.218 7.250 7.282 7.315 7.346 7.376 7.406 7.435 7.464 7.464 7.523 7.534 7.544 7.554 7.607 7.659 7.711 7.764 7.816 7.869 7.921 7.973 8.026 8.069 8.076 8.076
5.402 5.433 5.463 5.494 5.525 5.556 5.586 5.617 5.648 5.679 5.710 5.780 5.780 5.820 5.866 5.911 5.957 6.002 6.048 6.093 6.138 6.184 6.229 6.275 6.320 6.366 6.408 6.488 6.488 6.528 6.569 6.609 6.649 6.689 6.729 6.766 6.803 6.840 6.877 6.910 6.937 6.963 6.990 7.017 7.017 7.076 7.112 7.149 7.185 7.221 7.256 7.289 7.321 7.353 7.386 7.418 7.450 7.483 7.515 7.545 7.545 7.604 7.619 7.637 7.689 7.742 7.794 7.846 7.899 7.951 8.003 8.056 8.108 8.161 8.211 8.218 8.218
5.447 5.478 5.509 5.539 5.570 5.601 5.632 5.662 5.693 5.724 5.755 5.824 5.824 5.870 5.915 5.961 6.006 6.052 6.097 6.143 6.188 6.233 6.279 6.324 6.370 6.415 6.457 6.537 6.537 6.577 6.618 6.658 6.698 6.738 6.779 6.819 6.856 6.893 6.930 6.961 6.988 7.014 7.041 7.074 7.074 7.147 7.183 7.219 7.255 7.292 7.327 7.360 7.392 7.424 7.456 7.489 7.521 7.553 7.586 7.618 7.618 7.683 7.719 7.772 7.824 7.876 7.929 7.981 8.034 8.086 8.138 8.191 8.243 8.296 8.348 8.359 8.359
5.492 5.523 5.554 5.585 5.615 5.646 5.677 5.707 5.738 5.769 5.798 5.869 5.869 5.918 5.965 6.010 6.056 6.101 6.147 6.192 6.238 6.283 6.329 6.374 6.420 6.465 6.506 6.586 6.586 6.626 6.667 6.707 6.747 6.787 6.827 6.868 6.908 6.946 6.983 7.012 7.039 7.072 7.108 7.144 7.145 7.217 7.254 7.290 7.326 7.362 7.398 7.430 7.463 7.495 7.527 7.560 7.592 7.624 7.657 7.689 7.689 7.781 7.860 7.909 7.959 8.011 8.064 8.116 8.169 8.221 8.273 8.326 8.378 8.431 8.483 8.500 8.500
5.538 5.568 5.599 5.630 5.661 5.691 5.722 5.752 5.782 5.812 5.842 5.914 5.915 5.963 6.012 6.060 6.105 6.151 6.196 6.242 6.287 6.333 6.378 6.424 6.469 6.514 6.555 6.635 6.635 6.675 6.716 6.756 6.796 6.836 6.876 6.917 6.957 6.997 7.036 7.070 7.106 7.142 7.179 7.215 7.215 7.288 7.324 7.360 7.397 7.433 7.469 7.501 7.533 7.566 7.598 7.630 7.663 7.695 7.727 7.760 7.760 7.915 8.001 8.051 8.101 8.151 8.200 8.251 8.303 8.356 8.408 8.461 8.513 8.566 8.618 8.642 8.642
5.583 5.614 5.644 5.675 5.706 5.736 5.766 5.795 5.825 5.855 5.885 5.960 5.960 6.009 6.057 6.106 6.155 6.200 6.246 6.291 6.337 6.382 6.428 6.473 6.519 6.563 6.604 6.684 6.684 6.724 6.764 6.805 6.845 6.885 6.925 6.966 7.006 7.050 7.096 7.139 7.177 7.213 7.249 7.286 7.286 7.358 7.395 7.431 7.467 7.504 7.540 7.572 7.604 7.637 7.669 7.701 7.734 7.766 7.798 7.872 7.872 8.050 8.139 8.193 8.243 8.293 8.342 8.392 8.442 8.492 8.543 8.596 8.648 8.700 8.753 8.783 8.783
5.628 5.659 5.690 5.720 5.749 5.779 5.809 5.838 5.868 5.898 5.928 6.005 6.005 6.054 6.103 6.151 6.200 6.249 6.295 6.341 6.387 6.432 6.477 6.523 6.568 6.612 6.652 6.733 6.733 6.773 6.813 6.854 6.894 6.934 6.974 7.019 7.065 7.111 7.157 7.199 7.242 7.284 7.320 7.356 7.356 7.429 7.465 7.502 7.538 7.574 7.610 7.643 7.675 7.707 7.740 7.772 7.804 7.837 7.917 8.006 8.006 8.185 8.274 8.335 8.385 8.435 8.484 8.534 8.584 8.634 8.684 8.733 8.783 8.835 8.888 8.925 8.925
5.674 5.703 5.733 5.763 5.792 5.822 5.852 5.881 5.911 5.941 5.971 6.051 6.051 6.099 6.148 6.197 6.245 6.294 6.342 6.391 6.436 6.482 6.527 6.572 6.618 6.661 6.701 6.782 6.782 6.822 6.862 6.903 6.943 6.988 7.034 7.080 7.126 7.172 7.217 7.260 7.302 7.345 7.387 7.427 7.427 7.500 7.536 7.572 7.608 7.645 7.681 7.714 7.746 7.778 7.810 7.843 7.875 7.963 8.052 8.141 8.141 8.319 8.408 8.477 8.527 8.577 8.626 8.676 8.726 8.776 8.825 8.875 8.925 8.975 9.025 9.087 9.087
5.674 5.703 5.733 5.763 5.792 5.822 5.852 5.882 5.911 5.941 5.971 6.051 6.051 6.099 6.148 6.197 6.245 6.294 6.342 6.390 6.436 6.482 6.527 6.572 6.618 6.661 6.701 6.782 6.782 6.822 6.862 6.902 6.943 6.988 7.034 7.080 7.126 7.172 7.217 7.260 7.302 7.345 7.387 7.427 7.427 7.500 7.536 7.572 7.608 7.645 7.681 7.714 7.746 7.778 7.810 7.843 7.875 7.963 8.052 8.141 8.141 8.319 8.408 8.477 8.527 8.576 8.626 8.676 8.726 8.776 8.825 8.875 8.925 8.975 9.025 9.087 9.087
5.717 5.747 5.776 5.806 5.836 5.865 5.895 5.925 5.954 5.984 6.014 6.096 6.096 6.145 6.193 6.242 6.291 6.339 6.388 6.436 6.485 6.531 6.576 6.622 6.667 6.710 6.750 6.831 6.831 6.871 6.911 6.957 7.003 7.049 7.095 7.141 7.187 7.233 7.278 7.320 7.363 7.405 7.448 7.491 7.491 7.570 7.606 7.643 7.679 7.715 7.751 7.784 7.817 7.849 7.881 7.919 8.008 8.098 8.187 8.276 8.276 8.454 8.543 8.619 8.669 8.718 8.768 8.818 8.868 8.918 8.967 9.017 9.067 9.117 9.200 9.432 9.432
5.760 5.790 5.819 5.849 5.879 5.908 5.938 5.968 5.997 6.027 6.057 6.141 6.142 6.190 6.239 6.287 6.336 6.385 6.433 6.482 6.530 6.579 6.626 6.671 6.717 6.759 6.799 6.879 6.879 6.925 6.971 7.017 7.063 7.109 7.155 7.201 7.247 7.294 7.338 7.381 7.423 7.466 7.509 7.551 7.551 7.636 7.677 7.713 7.750 7.786 7.822 7.855 7.887 7.920 7.965 8.054 8.143 8.232 8.321 8.411 8.411 8.589 8.678 8.761 8.811 8.860 8.910 8.960 9.010 9.059 9.109 9.159 9.209 9.296 9.527 9.759 9.759
5.844 5.876 5.905 5.935 5.965 5.994 6.024 6.054 6.083 6.113 6.143 6.232 6.232 6.281 6.329 6.378 6.427 6.475 6.524 6.573 6.621 6.670 6.718 6.767 6.815 6.863 6.909 7.001 7.001 7.047 7.093 7.139 7.185 7.231 7.277 7.323 7.369 7.415 7.460 7.502 7.545 7.587 7.630 7.672 7.672 7.758 7.800 7.843 7.885 7.927 7.963 7.997 8.056 8.145 8.234 8.324 8.413 8.502 8.591 8.680 8.680 8.858 8.947 9.036 9.094 9.144 9.194 9.244 9.294 9.343 9.393 9.488 9.719 9.950 10.181 10.413 10.413
5.862 5.910 5.948 5.978 6.008 6.037 6.067 6.097 6.126 6.156 6.186 6.278 6.278 6.326 6.375 6.423 6.472 6.521 6.569 6.618 6.666 6.715 6.764 6.815 6.867 6.919 6.970 7.062 7.062 7.108 7.154 7.200 7.246 7.292 7.338 7.384 7.430 7.476 7.520 7.563 7.605 7.648 7.690 7.733 7.733 7.818 7.861 7.903 7.946 7.989 8.031 8.102 8.191 8.280 8.369 8.458 8.547 8.637 8.726 8.815 8.815 8.993 9.082 9.171 9.236 9.286 9.336 9.386 9.435 9.485 9.584 9.815 10.046 10.277 10.508 10.740 10.740
5.880 5.928 5.976 6.021 6.051 6.081 6.110 6.140 6.170 6.199 6.229 6.323 6.323 6.372 6.420 6.469 6.517 6.566 6.615 6.663 6.712 6.764 6.815 6.867 6.918 6.971 7.024 7.122 7.122 7.168 7.214 7.260 7.306 7.352 7.399 7.445 7.491 7.537 7.581 7.623 7.666 7.708 7.751 7.793 7.794 7.879 7.921 7.964 8.007 8.063 8.156 8.245 8.330 8.415 8.504 8.593 8.682 8.771 8.860 8.950 8.950 9.128 9.217 9.306 9.378 9.428 9.478 9.528 9.577 9.680 9.911 10.142 10.373 10.604 10.836 11.067 11.067
5.897 5.946 5.994 6.042 6.091 6.124 6.153 6.183 6.213 6.242 6.272 6.368 6.369 6.417 6.466 6.514 6.563 6.611 6.661 6.712 6.764 6.815 6.867 6.918 6.970 7.023 7.075 7.180 7.180 7.229 7.275 7.321 7.367 7.413 7.459 7.505 7.551 7.597 7.641 7.684 7.726 7.769 7.811 7.854 7.854 7.939 7.982 8.024 8.115 8.207 8.300 8.389 8.474 8.560 8.645 8.730 8.817 8.906 8.995 9.084 9.084 9.262 9.351 9.441 9.520 9.570 9.620 9.669 9.775 10.006 10.238 10.469 10.700 10.931 11.163 11.394 11.394
5.915 5.964 6.012 6.060 6.109 6.157 6.196 6.226 6.256 6.285 6.317 6.414 6.414 6.463 6.511 6.560 6.609 6.661 6.712 6.764 6.815 6.867 6.918 6.970 7.022 7.074 7.127 7.232 7.232 7.284 7.336 7.382 7.428 7.474 7.520 7.566 7.612 7.658 7.702 7.744 7.787 7.829 7.872 7.915 7.915 8.000 8.074 8.166 8.259 8.351 8.444 8.534 8.619 8.704 8.790 8.875 8.960 9.046 9.131 9.219 9.219 9.397 9.486 9.575 9.662 9.712 9.762 9.871 10.102 10.333 10.565 10.796 11.027 11.258 11.490 11.721 11.721
5.933 5.981 6.030 6.078 6.126 6.175 6.223 6.269 6.299 6.328 6.362 6.459 6.459 6.508 6.558 6.609 6.661 6.712 6.764 6.815 6.867 6.918 6.970 7.021 7.073 7.126 7.178 7.283 7.283 7.336 7.388 7.441 7.489 7.535 7.581 7.627 7.673 7.719 7.762 7.805 7.847 7.890 7.933 7.975 7.975 8.126 8.218 8.310 8.403 8.495 8.588 8.678 8.763 8.849 8.934 9.020 9.105 9.190 9.276 9.361 9.361 9.532 9.621 9.710 9.799 9.854 9.967 10.198 10.429 10.661 10.892 11.123 11.354 11.585 11.817 12.048 12.048
5.951 5.999 6.047 6.096 6.144 6.192 6.241 6.289 6.337 6.372 6.408 6.506 6.506 6.558 6.609 6.661 6.712 6.764 6.815 6.867 6.918 6.970 7.021 7.073 7.125 7.177 7.230 7.335 7.335 7.388 7.440 7.493 7.545 7.596 7.642 7.688 7.734 7.780 7.823 7.865 7.908 7.951 7.993 8.085 8.085 8.270 8.362 8.454 8.547 8.639 8.732 8.823 8.908 8.993 9.079 9.164 9.249 9.335 9.420 9.506 9.506 9.676 9.762 9.847 9.934 10.063 10.294 10.525 10.756 10.988 11.219 11.450 11.681 11.912 12.144 12.375 12.375
5.969 6.017 6.065 6.114 6.162 6.210 6.259 6.307 6.355 6.404 6.455 6.558 6.558 6.610 6.661 6.712 6.764 6.815 6.867 6.918 6.970 7.021 7.072 7.124 7.176 7.229 7.281 7.386 7.387 7.439 7.492 7.544 7.597 7.649 7.702 7.749 7.794 7.840 7.883 7.926 7.969 8.044 8.136 8.229 8.229 8.414 8.506 8.598 8.691 8.783 8.876 8.967 9.053 9.138 9.223 9.309 9.394 9.479 9.565 9.650 9.650 9.821 9.906 9.992 10.116 10.333 10.588 10.843 11.083 11.315 11.546 11.777 12.008 12.239 12.471 12.702 12.702
5.987 6.035 6.083 6.131 6.180 6.228 6.276 6.325 6.379 6.442 6.501 6.610 6.610 6.661 6.712 6.764 6.815 6.867 6.918 6.970 7.021 7.073 7.124 7.176 7.228 7.280 7.333 7.438 7.438 7.491 7.543 7.596 7.648 7.701 7.754 7.806 7.855 7.901 7.944 8.003 8.096 8.188 8.280 8.373 8.373 8.558 8.650 8.742 8.835 8.927 9.020 9.112 9.197 9.283 9.368 9.453 9.539 9.624 9.709 9.795 9.795 9.965 10.051 10.173 10.365 10.562 10.816 11.071 11.326 11.581 11.835 12.090 12.335 12.566 12.798 13.029 13.029
6.004 6.053 6.101 6.149 6.198 6.246 6.299 6.361 6.424 6.486 6.545 6.658 6.659 6.713 6.764 6.816 6.867 6.918 6.970 7.021 7.072 7.124 7.175 7.227 7.279 7.332 7.385 7.490 7.490 7.542 7.595 7.648 7.700 7.753 7.805 7.858 7.910 7.962 8.055 8.147 8.240 8.332 8.425 8.517 8.517 8.702 8.794 8.886 8.979 9.071 9.164 9.256 9.342 9.427 9.513 9.598 9.683 9.769 9.854 9.939 9.939 10.110 10.231 10.422 10.614 10.805 11.045 11.300 11.554 11.809 12.064 12.318 12.573 12.828 13.083 13.337 13.337
6.022 6.070 6.119 6.167 6.218 6.281 6.343 6.406 6.468 6.530 6.589 6.703 6.703 6.759 6.816 6.867 6.918 6.970 7.021 7.073 7.124 7.176 7.227 7.279 7.331 7.384 7.436 7.541 7.541 7.594 7.647 7.699 7.752 7.804 7.857 7.913 7.990 8.074 8.190 8.291 8.384 8.476 8.569 8.661 8.661 8.846 8.938 9.030 9.123 9.215 9.308 9.400 9.486 9.572 9.657 9.743 9.828 9.913 9.999 10.084 10.084 10.289 10.480 10.671 10.862 11.054 11.274 11.528 11.783 12.038 12.292 12.547 12.802 13.056 13.311 13.566 13.566
6.040 6.088 6.137 6.200 6.263 6.325 6.387 6.450 6.512 6.575 6.633 6.747 6.747 6.803 6.860 6.916 6.970 7.021 7.073 7.124 7.176 7.227 7.278 7.330 7.383 7.435 7.488 7.593 7.593 7.646 7.698 7.751 7.803 7.863 7.940 8.017 8.094 8.183 8.299 8.414 8.528 8.620 8.713 8.805 8.805 8.990 9.082 9.175 9.267 9.359 9.452 9.544 9.631 9.716 9.802 9.887 9.973 10.058 10.143 10.229 10.229 10.538 10.729 10.920 11.111 11.303 11.502 11.757 12.011 12.266 12.521 12.775 13.030 13.285 13.540 13.794 13.794
