includes/lisflood/camargue/results_R3_t1.56174127354E12/res-0011.wdfp
ncols         906
nrows         631
xllcorner     362177.146667
yllcorner     6534725.688020
cellsize      20.000000
NODATA_value  -9999.000000
[rows 476 to 509 of 631, columns 0 to 76 of 906]
1.101 1.183 1.314 1.491 1.669 1.846 2.024 2.202 2.201 2.556 2.717 2.879 3.040 3.058 3.048 3.039 3.029 3.020 3.010 2.995 2.980 2.965 2.951 2.936 2.936 2.686 2.530 2.377 2.285 2.193 2.101 2.008 1.916 1.824 1.732 1.640 1.818 2.035 2.252 2.469 2.469 2.916 3.158 3.400 3.642 3.884 4.057 4.091 3.988 3.885 3.782 3.678 3.575 3.472 3.369 3.265 3.265 3.039 2.923 2.806 2.678 2.551 2.423 2.296 2.168 2.041 2.072 2.144 2.217 2.289 2.362 2.720 3.531 3.531 3.937 4.343 4.297
1.028 1.123 1.219 1.361 1.539 1.716 1.894 2.072 2.071 2.420 2.582 2.743 2.905 3.066 3.071 3.062 3.052 3.043 3.031 3.016 3.001 2.986 2.972 2.957 2.957 2.843 2.686 2.554 2.461 2.369 2.277 2.185 2.093 2.001 1.908 1.816 1.721 1.955 2.197 2.439 2.439 2.923 3.166 3.408 3.650 3.892 3.999 4.037 4.064 3.961 3.857 3.754 3.651 3.548 3.445 3.341 3.341 3.110 2.995 2.880 2.761 2.633 2.506 2.378 2.251 2.164 2.236 2.309 2.381 2.454 2.526 2.633 3.444 3.444 3.849 4.114 3.782
0.909 1.004 1.100 1.196 1.292 1.456 1.634 1.812 1.811 2.149 2.310 2.472 2.633 2.795 2.956 3.107 3.098 3.088 3.073 3.058 3.043 3.029 3.014 2.999 2.999 2.975 2.992 2.834 2.708 2.582 2.455 2.329 2.203 2.076 1.950 1.823 1.898 2.056 2.214 2.455 2.455 2.939 3.181 3.424 3.666 3.846 3.884 3.922 3.960 3.999 4.009 3.906 3.803 3.699 3.596 3.484 3.484 3.254 3.139 3.023 2.908 2.793 2.671 2.544 2.421 2.493 2.566 2.638 2.711 2.783 2.856 2.929 3.268 3.268 3.416 3.084 2.752
0.850 0.945 1.040 1.136 1.232 1.328 1.504 1.681 1.681 2.013 2.174 2.336 2.497 2.659 2.820 2.982 3.121 3.109 3.094 3.079 3.085 3.101 3.117 3.134 3.133 3.166 3.105 2.864 2.707 2.580 2.454 2.328 2.201 2.075 1.949 1.829 1.987 2.145 2.303 2.463 2.463 2.947 3.189 3.432 3.674 3.789 3.827 3.865 3.903 3.941 3.979 3.982 3.879 3.775 3.671 3.556 3.556 3.326 3.210 3.095 2.980 2.865 2.750 2.626 2.586 2.658 2.731 2.803 2.876 2.948 3.021 3.093 3.223 3.223 3.002 2.707 2.412
0.790 0.885 0.981 1.077 1.173 1.269 1.373 1.551 1.551 1.877 2.038 2.200 2.362 2.523 2.683 2.841 3.000 3.227 3.243 3.259 3.276 3.292 3.308 3.324 3.324 3.357 3.212 2.972 2.732 2.579 2.453 2.327 2.200 2.074 1.948 1.917 2.075 2.233 2.391 2.550 2.549 2.955 3.197 3.440 3.682 3.731 3.769 3.807 3.845 3.884 3.922 3.960 3.954 3.851 3.743 3.628 3.628 3.397 3.282 3.167 3.052 2.937 2.821 2.708 2.715 2.764 2.812 2.861 2.909 2.957 3.006 3.054 3.188 3.188 3.354 3.089 2.793
0.731 0.826 0.921 1.017 1.113 1.209 1.305 1.418 1.418 1.735 1.894 2.052 2.211 2.369 2.528 2.686 2.869 3.196 3.434 3.450 3.466 3.482 3.499 3.515 3.515 3.547 3.319 3.079 2.839 2.599 2.452 2.325 2.199 2.073 1.946 2.006 2.164 2.322 2.480 2.638 2.638 2.963 3.205 3.447 3.636 3.674 3.712 3.750 3.788 3.826 3.864 3.902 3.940 3.927 3.814 3.699 3.699 3.476 3.368 3.261 3.153 3.045 2.938 2.821 2.669 2.692 2.741 2.789 2.837 2.886 2.934 2.983 3.162 3.162 3.329 3.470 3.175
0.674 0.774 0.876 0.977 1.079 1.181 1.283 1.343 1.343 1.580 1.738 1.897 2.055 2.214 2.372 2.531 2.773 3.100 3.428 3.641 3.657 3.673 3.689 3.706 3.706 3.667 3.427 3.187 2.946 2.706 2.466 2.324 2.198 2.071 1.945 2.095 2.253 2.411 2.569 2.727 2.727 3.043 3.213 3.455 3.578 3.616 3.654 3.692 3.731 3.769 3.807 3.851 3.894 3.939 3.921 3.813 3.813 3.598 3.490 3.383 3.275 3.168 3.060 2.927 2.775 2.623 2.669 2.717 2.766 2.814 2.863 2.911 3.137 3.137 3.304 3.470 3.556
0.658 0.759 0.860 0.961 1.063 1.165 1.267 1.298 1.298 1.424 1.583 1.741 1.900 2.058 2.217 2.375 2.677 3.005 3.332 3.659 3.847 3.864 3.880 3.896 3.896 3.774 3.534 3.294 3.054 2.814 2.574 2.333 2.197 2.070 2.025 2.183 2.341 2.499 2.657 2.815 2.815 3.132 3.290 3.463 3.521 3.563 3.607 3.650 3.694 3.738 3.781 3.825 3.869 3.915 3.965 3.935 3.935 3.720 3.612 3.505 3.397 3.290 3.182 3.033 2.881 2.729 2.597 2.646 2.694 2.743 2.791 2.840 3.112 3.112 3.278 3.445 3.611
0.642 0.743 0.844 0.945 1.047 1.149 1.225 1.254 1.254 1.312 1.427 1.586 1.744 1.903 2.061 2.254 2.581 2.909 3.236 3.563 3.891 4.054 4.071 4.087 4.087 3.882 3.642 3.402 3.161 2.921 2.681 2.441 2.201 2.069 2.114 2.272 2.430 2.588 2.746 2.900 2.900 3.172 3.309 3.430 3.494 3.537 3.581 3.625 3.668 3.712 3.756 3.799 3.843 3.892 3.941 3.991 3.991 3.842 3.735 3.627 3.519 3.412 3.292 3.139 2.987 2.835 2.683 2.574 2.623 2.671 2.720 2.768 3.086 3.086 3.253 3.419 3.586
0.626 0.727 0.828 0.929 1.031 1.133 1.181 1.210 1.210 1.268 1.297 1.430 1.589 1.747 1.906 2.158 2.486 2.813 3.140 3.467 3.795 4.122 4.261 4.278 4.278 3.989 3.749 3.509 3.269 3.029 2.788 2.548 2.308 2.068 2.190 2.326 2.462 2.598 2.735 2.871 2.871 3.143 3.280 3.380 3.449 3.512 3.555 3.599 3.643 3.686 3.730 3.774 3.818 3.868 3.917 3.967 3.967 3.964 3.857 3.749 3.641 3.534 3.398 3.245 3.093 2.941 2.789 2.637 2.551 2.600 2.648 2.728 3.061 3.061 3.228 3.394 3.561
0.632 0.711 0.812 0.913 1.015 1.107 1.136 1.166 1.165 1.224 1.253 1.282 1.433 1.592 1.750 2.063 2.390 2.717 3.044 3.372 3.699 4.026 4.354 4.468 4.468 4.097 3.856 3.616 3.376 3.140 2.904 2.668 2.432 2.233 2.161 2.297 2.433 2.569 2.706 2.842 2.842 3.114 3.251 3.329 3.399 3.469 3.530 3.573 3.617 3.661 3.705 3.748 3.795 3.844 3.894 3.943 3.943 4.043 3.979 3.871 3.764 3.656 3.504 3.352 3.199 3.047 2.895 2.743 2.591 2.528 2.576 2.703 3.036 3.036 3.202 3.369 3.535
0.653 0.709 0.796 0.898 0.999 1.063 1.092 1.121 1.121 1.179 1.209 1.238 1.278 1.437 1.639 1.967 2.294 2.621 2.949 3.276 3.603 3.930 4.258 4.574 4.574 4.214 3.979 3.743 3.507 3.271 3.035 2.799 2.563 2.412 2.331 2.268 2.404 2.540 2.677 2.813 2.813 3.085 3.209 3.279 3.349 3.418 3.488 3.548 3.592 3.635 3.679 3.723 3.771 3.821 3.870 3.920 3.920 4.019 4.069 3.993 3.886 3.762 3.610 3.458 3.305 3.153 3.001 2.849 2.697 2.544 2.511 2.677 3.006 3.006 3.163 3.321 3.478
0.674 0.731 0.787 0.882 0.983 1.019 1.048 1.077 1.077 1.135 1.164 1.193 1.223 1.281 1.544 1.871 2.198 2.512 2.819 3.127 3.434 3.742 4.050 4.326 4.326 4.345 4.109 3.873 3.637 3.401 3.165 2.929 2.693 2.592 2.510 2.429 2.375 2.511 2.647 2.784 2.784 3.056 3.159 3.229 3.298 3.368 3.438 3.507 3.566 3.610 3.653 3.698 3.747 3.797 3.847 3.896 3.896 3.996 4.045 4.095 4.008 3.868 3.716 3.564 3.411 3.259 3.106 2.946 2.787 2.627 2.517 2.604 2.919 2.919 3.076 3.234 3.391
0.696 0.752 0.808 0.866 0.945 0.974 1.003 1.032 1.032 1.092 1.126 1.160 1.193 1.227 1.372 1.680 1.987 2.295 2.602 2.910 3.218 3.525 3.833 4.066 4.066 4.423 4.239 4.003 3.767 3.531 3.295 3.059 2.853 2.771 2.690 2.608 2.527 2.482 2.618 2.755 2.755 3.027 3.109 3.178 3.248 3.318 3.387 3.457 3.527 3.584 3.628 3.674 3.724 3.773 3.823 3.873 3.873 3.972 4.022 4.071 4.115 3.961 3.802 3.642 3.483 3.323 3.164 3.004 2.845 2.686 2.616 2.574 2.832 2.832 2.989 3.146 3.304
0.695 0.747 0.799 0.852 0.921 0.954 0.988 1.022 1.021 1.089 1.123 1.157 1.190 1.233 1.289 1.463 1.770 2.078 2.385 2.693 3.001 3.308 3.616 3.805 3.805 4.162 4.341 4.133 3.897 3.661 3.425 3.189 3.033 2.951 2.869 2.788 2.706 2.625 2.590 2.726 2.726 2.989 3.058 3.128 3.198 3.267 3.337 3.407 3.476 3.546 3.602 3.651 3.700 3.750 3.802 3.856 3.856 3.964 4.018 4.072 4.079 4.019 3.860 3.700 3.541 3.381 3.222 3.063 2.903 2.757 2.715 2.673 2.745 2.745 2.902 3.059 3.217
0.630 0.682 0.735 0.799 0.889 0.951 0.985 1.019 1.018 1.086 1.120 1.154 1.187 1.239 1.295 1.351 1.553 1.861 2.169 2.476 2.784 3.092 3.367 3.545 3.545 3.902 4.080 4.259 4.028 3.792 3.556 3.320 3.212 3.130 3.049 2.967 2.886 2.804 2.723 2.697 2.697 2.938 3.008 3.078 3.147 3.217 3.287 3.356 3.426 3.497 3.571 3.642 3.696 3.750 3.804 3.858 3.858 3.966 4.020 4.074 4.043 3.984 3.918 3.758 3.599 3.440 3.280 3.121 2.961 2.856 2.814 2.772 2.687 2.687 2.815 2.972 3.130
0.630 0.682 0.735 0.798 0.889 0.951 0.985 1.018 1.018 1.086 1.120 1.153 1.187 1.238 1.294 1.351 1.553 1.861 2.168 2.476 2.784 3.091 3.367 3.545 3.545 3.902 4.080 4.259 4.028 3.792 3.556 3.320 3.212 3.130 3.049 2.967 2.886 2.804 2.723 2.697 2.697 2.938 3.008 3.078 3.147 3.217 3.287 3.356 3.426 3.497 3.571 3.642 3.696 3.750 3.804 3.858 3.858 3.966 4.020 4.074 4.043 3.984 3.918 3.758 3.599 3.440 3.280 3.121 2.961 2.856 2.814 2.772 2.687 2.687 2.815 2.972 3.130
0.566 0.617 0.670 0.754 0.844 0.934 0.982 1.015 1.015 1.083 1.117 1.150 1.188 1.244 1.300 1.356 1.412 1.644 1.952 2.259 2.567 2.875 3.106 3.285 3.285 3.641 3.820 3.998 4.158 3.922 3.686 3.473 3.392 3.310 3.229 3.147 3.065 2.984 2.902 2.821 2.821 2.888 2.958 3.028 3.099 3.170 3.241 3.312 3.383 3.454 3.535 3.629 3.698 3.752 3.806 3.860 3.860 3.968 4.022 4.067 4.008 3.949 3.890 3.817 3.657 3.498 3.338 3.179 3.019 2.955 2.913 2.871 2.787 2.787 2.744 2.885 3.042
0.436 0.488 0.575 0.664 0.755 0.845 0.935 1.009 1.009 1.077 1.111 1.145 1.200 1.256 1.312 1.368 1.424 1.480 1.536 1.826 2.133 2.407 2.585 2.764 2.764 3.121 3.299 3.478 3.656 3.834 3.947 3.832 3.735 3.607 3.479 3.351 3.222 3.094 2.966 2.837 2.837 2.819 2.872 2.943 3.014 3.085 3.156 3.227 3.298 3.370 3.464 3.557 3.651 3.744 3.810 3.864 3.864 3.972 4.026 3.995 3.936 3.877 3.818 3.759 3.700 3.614 3.454 3.295 3.195 3.153 3.111 3.069 2.985 2.985 2.942 2.900 2.868
0.371 0.440 0.530 0.620 0.710 0.800 0.891 0.981 0.981 1.074 1.108 1.150 1.206 1.262 1.318 1.374 1.430 1.486 1.542 1.609 1.916 2.146 2.325 2.503 2.503 2.860 3.039 3.229 3.426 3.622 3.802 3.797 3.669 3.540 3.412 3.284 3.156 3.027 2.899 2.771 2.770 2.805 2.846 2.900 2.971 3.042 3.113 3.184 3.255 3.335 3.428 3.522 3.615 3.709 3.802 3.866 3.866 3.974 4.018 3.959 3.900 3.841 3.782 3.723 3.664 3.605 3.512 3.353 3.294 3.252 3.210 3.168 3.084 3.084 3.027 2.950 2.873
0.307 0.395 0.485 0.575 0.665 0.755 0.846 0.936 0.936 1.071 1.105 1.156 1.212 1.268 1.324 1.380 1.436 1.492 1.548 1.604 1.700 1.887 2.083 2.280 2.280 2.673 2.870 3.066 3.263 3.459 3.586 3.611 3.602 3.474 3.345 3.217 3.089 2.961 2.832 2.708 2.708 2.791 2.832 2.874 2.928 2.999 3.070 3.141 3.212 3.299 3.392 3.486 3.579 3.673 3.767 3.860 3.860 3.976 3.982 3.923 3.864 3.805 3.746 3.687 3.628 3.569 3.510 3.435 3.380 3.303 3.227 3.150 2.996 2.996 2.920 2.843 2.772
0.263 0.350 0.440 0.530 0.620 0.711 0.801 0.892 0.891 1.068 1.105 1.161 1.217 1.273 1.330 1.385 1.440 1.495 1.550 1.605 1.655 1.724 1.920 2.117 2.117 2.510 2.707 2.903 3.100 3.297 3.371 3.396 3.420 3.407 3.279 3.150 3.022 2.894 2.765 2.694 2.694 2.777 2.818 2.859 2.901 2.956 3.027 3.098 3.170 3.263 3.357 3.450 3.544 3.637 3.731 3.824 3.824 3.978 3.946 3.887 3.828 3.769 3.714 3.683 3.653 3.622 3.591 3.444 3.273 3.196 3.120 3.043 2.889 2.889 2.813 2.736 2.691
0.218 0.306 0.396 0.486 0.576 0.667 0.757 0.848 0.848 1.029 1.109 1.164 1.219 1.274 1.329 1.384 1.439 1.494 1.549 1.604 1.648 1.684 1.757 1.954 1.954 2.347 2.544 2.740 2.937 3.130 3.155 3.180 3.205 3.230 3.212 3.084 2.955 2.827 2.699 2.680 2.680 2.763 2.804 2.845 2.887 2.928 2.984 3.055 3.134 3.228 3.321 3.415 3.508 3.602 3.695 3.789 3.789 3.980 3.963 3.933 3.902 3.871 3.841 3.810 3.779 3.749 3.718 3.499 3.251 3.089 3.013 2.936 2.782 2.782 2.705 2.629 2.610
0.179 0.266 0.356 0.446 0.536 0.627 0.717 0.808 0.808 0.989 1.084 1.163 1.218 1.273 1.328 1.382 1.437 1.492 1.547 1.602 1.640 1.676 1.712 1.791 1.791 2.184 2.381 2.578 2.774 2.914 2.939 2.964 2.989 3.014 3.039 3.017 2.889 2.760 2.632 2.666 2.666 2.749 2.790 2.831 2.872 2.914 2.955 3.012 3.098 3.192 3.285 3.380 3.478 3.576 3.674 3.772 3.772 3.973 4.081 4.059 4.028 3.998 3.967 3.936 3.906 3.875 3.802 3.554 3.307 3.059 2.906 2.829 2.675 2.675 2.598 2.529 2.529
0.144 0.227 0.316 0.406 0.496 0.587 0.677 0.768 0.768 0.951 1.047 1.142 1.216 1.271 1.326 1.381 1.436 1.491 1.546 1.597 1.633 1.669 1.705 1.740 1.740 2.021 2.218 2.415 2.611 2.698 2.723 2.748 2.773 2.798 2.823 2.848 2.822 2.694 2.611 2.652 2.652 2.734 2.776 2.817 2.858 2.900 2.927 2.943 3.075 3.173 3.271 3.369 3.467 3.565 3.663 3.761 3.761 3.965 4.073 4.182 4.155 4.124 4.093 4.063 4.032 4.001 3.857 3.610 3.362 3.114 2.867 2.722 2.568 2.568 2.491 2.448 2.448
0.187 0.188 0.277 0.366 0.457 0.547 0.638 0.728 0.728 0.914 1.009 1.104 1.199 1.270 1.325 1.380 1.435 1.490 1.545 1.589 1.625 1.661 1.697 1.733 1.733 1.858 2.055 2.252 2.448 2.483 2.508 2.532 2.557 2.582 2.607 2.632 2.657 2.627 2.597 2.638 2.638 2.704 2.719 2.735 2.751 2.767 2.783 2.847 3.029 3.161 3.259 3.357 3.455 3.553 3.651 3.749 3.749 3.957 4.065 4.174 4.281 4.250 4.220 4.189 4.158 4.128 3.913 3.665 3.417 3.170 2.922 2.674 2.461 2.461 2.384 2.367 2.368
0.231 0.164 0.237 0.327 0.417 0.507 0.598 0.689 0.688 0.876 0.971 1.066 1.161 1.257 1.323 1.378 1.433 1.488 1.543 1.582 1.618 1.654 1.690 1.725 1.725 1.797 1.892 2.089 2.242 2.267 2.292 2.317 2.342 2.367 2.392 2.416 2.450 2.487 2.512 2.528 2.528 2.560 2.575 2.591 2.607 2.623 2.639 2.753 2.935 3.118 3.248 3.346 3.444 3.542 3.640 3.738 3.738 3.949 4.058 4.167 4.275 4.377 4.346 4.316 4.285 4.216 3.968 3.720 3.473 3.225 2.977 2.730 2.354 2.354 2.287 2.287 2.287
0.273 0.208 0.198 0.287 0.377 0.468 0.558 0.649 0.649 0.838 0.933 1.028 1.124 1.219 1.314 1.377 1.432 1.487 1.538 1.574 1.610 1.646 1.682 1.718 1.718 1.790 1.826 1.926 2.026 2.051 2.076 2.108 2.146 2.183 2.221 2.258 2.296 2.332 2.360 2.384 2.384 2.416 2.431 2.447 2.463 2.479 2.494 2.660 2.842 3.024 3.206 3.335 3.433 3.531 3.629 3.727 3.727 3.941 4.050 4.159 4.267 4.376 4.473 4.442 4.411 4.271 4.023 3.776 3.528 3.280 3.033 2.785 2.290 2.290 2.206 2.210 2.227
0.316 0.251 0.185 0.248 0.338 0.428 0.519 0.610 0.610 0.800 0.895 0.990 1.086 1.181 1.276 1.372 1.430 1.485 1.531 1.567 1.603 1.639 1.675 1.711 1.711 1.783 1.815 1.841 1.841 1.879 1.916 1.954 1.991 2.029 2.066 2.104 2.141 2.175 2.204 2.232 2.232 2.271 2.287 2.303 2.319 2.335 2.384 2.566 2.748 2.931 3.113 3.295 3.421 3.519 3.617 3.715 3.715 3.933 4.042 4.151 4.260 4.368 4.477 4.568 4.538 4.327 4.079 3.831 3.583 3.336 3.089 2.843 2.351 2.351 2.228 2.222 2.238
0.359 0.295 0.229 0.209 0.298 0.388 0.479 0.572 0.572 0.762 0.857 0.953 1.048 1.143 1.239 1.334 1.429 1.484 1.523 1.559 1.595 1.631 1.659 1.685 1.685 1.737 1.763 1.781 1.736 1.724 1.762 1.800 1.837 1.875 1.912 1.950 1.987 2.018 2.047 2.075 2.075 2.127 2.143 2.159 2.175 2.191 2.290 2.472 2.655 2.837 3.019 3.202 3.384 3.508 3.606 3.707 3.707 3.925 4.034 4.143 4.252 4.361 4.469 4.578 4.630 4.384 4.137 3.891 3.645 3.399 3.153 2.907 2.428 2.428 2.340 2.253 2.250
0.402 0.338 0.273 0.207 0.259 0.349 0.439 0.534 0.534 0.724 0.820 0.915 1.010 1.105 1.201 1.296 1.391 1.477 1.503 1.529 1.555 1.581 1.607 1.633 1.633 1.685 1.711 1.711 1.666 1.621 1.608 1.645 1.683 1.720 1.758 1.796 1.833 1.861 1.890 1.919 1.919 1.976 1.999 2.015 2.031 2.046 2.197 2.379 2.561 2.743 2.926 3.108 3.290 3.473 3.595 3.699 3.699 3.917 4.026 4.136 4.248 4.359 4.471 4.583 4.587 4.447 4.201 3.955 3.709 3.463 3.217 2.970 2.540 2.540 2.453 2.365 2.277
0.444 0.380 0.316 0.251 0.220 0.309 0.401 0.496 0.496 0.686 0.782 0.877 0.972 1.077 1.191 1.304 1.418 1.484 1.452 1.477 1.503 1.529 1.555 1.581 1.581 1.633 1.659 1.640 1.595 1.550 1.506 1.491 1.529 1.566 1.604 1.641 1.676 1.705 1.733 1.762 1.762 1.819 1.848 1.871 1.886 1.921 2.103 2.285 2.468 2.650 2.832 3.014 3.197 3.379 3.568 3.696 3.696 3.920 4.031 4.143 4.255 4.366 4.478 4.590 4.523 4.408 4.265 4.019 3.773 3.526 3.280 3.034 2.653 2.653 2.565 2.477 2.389
0.445 0.381 0.316 0.251 0.221 0.310 0.401 0.496 0.496 0.686 0.782 0.877 0.972 1.077 1.190 1.304 1.418 1.484 1.452 1.477 1.503 1.529 1.555 1.581 1.581 1.633 1.659 1.640 1.595 1.550 1.506 1.491 1.529 1.566 1.604 1.641 1.676 1.705 1.733 1.762 1.762 1.819 1.848 1.871 1.886 1.921 2.103 2.285 2.468 2.650 2.832 3.014 3.197 3.379 3.568 3.696 3.696 3.920 4.031 4.143 4.255 4.366 4.478 4.590 4.523 4.408 4.265 4.019 3.773 3.526 3.280 3.034 2.653 2.653 2.565 2.477 2.389
0.535 0.426 0.360 0.295 0.229 0.271 0.364 0.459 0.458 0.661 0.775 0.889 1.002 1.116 1.230 1.343 1.457 1.496 1.464 1.432 1.451 1.477 1.503 1.529 1.529 1.581 1.607 1.570 1.525 1.480 1.435 1.390 1.375 1.412 1.450 1.487 1.519 1.548 1.576 1.605 1.605 1.662 1.691 1.719 1.742 1.827 2.009 2.192 2.374 2.563 2.755 2.948 3.140 3.332 3.519 3.689 3.689 3.926 4.038 4.150 4.261 4.373 4.485 4.573 4.458 4.343 4.229 4.082 3.836 3.590 3.344 3.098 2.765 2.765 2.677 2.589 2.502
