includes/lisflood/camargue/results_R3_t1.56174127354E12/res-0003.wd
ncols         906
nrows         631
xllcorner     362177.146667
yllcorner     6534725.688020
cellsize      20.000000
NODATA_value  -9999.000000
[rows 578 to 611 of 631, columns 462 to 538 of 906]
6.802 6.842 6.882 6.922 6.958 6.976 6.995 7.013 7.031 7.057 7.123 7.188 7.254 7.385 7.385 7.451 7.517 7.583 7.588 7.563 7.539 7.514 7.489 7.465 7.440 7.416 7.391 7.386 7.413 7.467 7.467 7.512 7.557 7.602 7.649 7.696 7.742 7.789 7.836 7.882 7.929 7.976 8.023 8.071 8.122 8.224 8.223 8.274 8.325 8.376 8.427 8.478 8.502 8.514 8.526 8.538 8.561 8.612 8.663 8.714 8.765 8.836 8.836 8.860 8.885 8.909 8.934 8.958 8.982 9.007 9.019 9.031 9.042 9.053 9.064 9.076 9.087
6.926 6.954 6.994 7.034 7.069 7.087 7.105 7.123 7.178 7.244 7.310 7.376 7.441 7.573 7.573 7.638 7.704 7.770 7.777 7.752 7.728 7.703 7.679 7.654 7.630 7.605 7.580 7.556 7.531 7.564 7.564 7.609 7.656 7.702 7.749 7.796 7.842 7.889 7.936 7.983 8.029 8.076 8.123 8.171 8.222 8.324 8.324 8.375 8.425 8.476 8.527 8.578 8.629 8.676 8.688 8.700 8.726 8.777 8.827 8.874 8.899 8.948 8.948 8.972 8.996 9.021 9.045 9.070 9.094 9.118 9.130 9.141 9.152 9.164 9.175 9.186 9.198
7.055 7.081 7.107 7.146 7.179 7.197 7.234 7.300 7.366 7.431 7.497 7.563 7.628 7.760 7.760 7.825 7.891 7.957 7.966 7.942 7.917 7.893 7.868 7.844 7.819 7.794 7.770 7.745 7.721 7.659 7.659 7.709 7.756 7.802 7.849 7.896 7.943 7.989 8.036 8.083 8.130 8.176 8.223 8.272 8.323 8.424 8.424 8.475 8.526 8.577 8.628 8.678 8.729 8.780 8.831 8.862 8.890 8.938 8.962 8.986 9.010 9.059 9.059 9.084 9.108 9.132 9.157 9.181 9.206 9.229 9.240 9.252 9.263 9.274 9.285 9.297 9.308
7.184 7.210 7.236 7.262 7.290 7.356 7.421 7.487 7.553 7.618 7.684 7.750 7.815 7.947 7.947 8.013 8.078 8.144 8.156 8.131 8.107 8.082 8.058 8.033 8.008 7.984 7.959 7.935 7.888 7.735 7.735 7.797 7.856 7.903 7.949 7.996 8.043 8.090 8.136 8.183 8.230 8.277 8.323 8.372 8.423 8.525 8.525 8.575 8.626 8.677 8.728 8.779 8.830 8.881 8.931 8.977 9.022 9.049 9.073 9.098 9.122 9.171 9.171 9.195 9.220 9.244 9.268 9.293 9.317 9.339 9.351 9.362 9.373 9.385 9.396 9.407 9.418
7.313 7.362 7.417 7.472 7.447 7.533 7.609 7.674 7.740 7.806 7.871 7.937 8.002 8.134 8.134 8.200 8.265 8.331 8.345 8.321 8.296 8.271 8.247 8.222 8.198 8.173 8.142 8.049 7.957 7.811 7.810 7.872 7.934 7.996 8.050 8.096 8.143 8.190 8.237 8.283 8.330 8.377 8.423 8.473 8.523 8.625 8.625 8.676 8.727 8.778 8.828 8.879 8.930 8.976 8.990 9.004 9.054 9.132 9.185 9.209 9.234 9.283 9.283 9.307 9.331 9.356 9.380 9.405 9.429 9.450 9.461 9.472 9.484 9.495 9.506 9.518 9.529
7.566 7.621 7.675 7.698 7.628 7.670 7.755 7.840 7.925 7.993 8.058 8.124 8.190 8.321 8.321 8.387 8.452 8.518 8.534 8.510 8.485 8.461 8.436 8.412 8.387 8.303 8.210 8.118 8.025 7.886 7.886 7.948 8.010 8.072 8.134 8.196 8.243 8.290 8.337 8.383 8.430 8.477 8.524 8.573 8.624 8.726 8.726 8.776 8.827 8.878 8.929 8.974 8.988 9.002 9.016 9.030 9.087 9.164 9.242 9.320 9.346 9.394 9.394 9.419 9.443 9.467 9.492 9.516 9.541 9.560 9.572 9.583 9.594 9.605 9.617 9.628 9.639
7.824 7.879 7.934 7.896 7.826 7.807 7.893 7.978 8.063 8.148 8.233 8.311 8.377 8.508 8.508 8.574 8.640 8.705 8.724 8.699 8.675 8.650 8.626 8.556 8.464 8.371 8.279 8.186 8.093 7.962 7.962 8.024 8.086 8.148 8.210 8.272 8.333 8.390 8.437 8.484 8.530 8.577 8.624 8.673 8.724 8.826 8.826 8.877 8.928 8.973 8.987 9.001 9.015 9.029 9.043 9.057 9.119 9.197 9.274 9.352 9.430 9.506 9.506 9.530 9.555 9.579 9.603 9.628 9.652 9.671 9.682 9.693 9.705 9.716 9.727 9.739 9.750
8.083 8.137 8.163 8.094 8.024 7.954 8.030 8.115 8.200 8.285 8.370 8.456 8.541 8.695 8.695 8.761 8.827 8.892 8.913 8.889 8.864 8.810 8.717 8.625 8.532 8.439 8.347 8.254 8.162 8.038 8.038 8.100 8.162 8.223 8.285 8.347 8.409 8.471 8.533 8.584 8.631 8.677 8.724 8.774 8.825 8.926 8.926 8.971 8.985 8.999 9.013 9.027 9.041 9.055 9.069 9.083 9.152 9.229 9.307 9.384 9.462 9.617 9.617 9.642 9.666 9.691 9.715 9.739 9.764 9.781 9.792 9.804 9.815 9.826 9.838 9.849 9.860
8.341 8.396 8.361 8.292 8.222 8.152 8.168 8.253 8.338 8.423 8.508 8.593 8.678 8.848 8.848 8.933 9.014 9.080 9.103 9.063 8.971 8.878 8.785 8.693 8.600 8.508 8.415 8.322 8.230 8.113 8.113 8.175 8.237 8.299 8.361 8.423 8.485 8.547 8.609 8.671 8.731 8.777 8.824 8.874 8.925 8.983 8.983 8.997 9.012 9.026 9.040 9.054 9.068 9.082 9.096 9.110 9.184 9.262 9.339 9.417 9.494 9.650 9.650 9.727 9.778 9.802 9.827 9.851 9.876 9.892 9.903 9.914 9.926 9.937 9.948 9.950 9.927
8.599 8.629 8.559 8.490 8.420 8.350 8.305 8.390 8.475 8.560 8.645 8.730 8.815 8.986 8.986 9.071 9.156 9.241 9.219 9.131 9.039 8.946 8.854 8.761 8.668 8.576 8.483 8.391 8.298 8.189 8.189 8.251 8.313 8.375 8.437 8.499 8.561 8.623 8.685 8.746 8.808 8.870 8.924 8.968 8.982 9.010 9.010 9.024 9.038 9.052 9.066 9.080 9.094 9.108 9.122 9.139 9.216 9.294 9.371 9.449 9.527 9.682 9.682 9.760 9.837 9.914 9.938 9.963 9.987 10.002 10.013 10.025 10.036 10.033 10.011 9.988 9.965
8.599 8.629 8.559 8.490 8.420 8.350 8.305 8.390 8.475 8.560 8.645 8.730 8.815 8.986 8.986 9.071 9.156 9.241 9.219 9.131 9.039 8.946 8.854 8.761 8.668 8.576 8.483 8.391 8.298 8.189 8.189 8.251 8.313 8.375 8.437 8.499 8.561 8.623 8.685 8.746 8.808 8.870 8.924 8.968 8.982 9.010 9.010 9.024 9.038 9.052 9.066 9.080 9.094 9.108 9.122 9.139 9.216 9.294 9.372 9.449 9.527 9.682 9.682 9.760 9.837 9.914 9.938 9.963 9.987 10.002 10.013 10.025 10.036 10.033 10.011 9.988 9.965
8.858 8.827 8.757 8.688 8.618 8.548 8.479 8.528 8.613 8.698 8.783 8.868 8.953 9.123 9.123 9.208 9.233 9.155 9.119 9.128 9.107 9.014 8.922 8.829 8.737 8.644 8.551 8.459 8.366 8.265 8.265 8.327 8.389 8.451 8.513 8.575 8.636 8.698 8.760 8.822 8.884 8.935 8.948 8.994 9.008 9.036 9.036 9.050 9.065 9.079 9.093 9.107 9.121 9.135 9.149 9.171 9.249 9.326 9.404 9.482 9.559 9.715 9.714 9.792 9.870 9.947 10.025 10.074 10.099 10.113 10.124 10.117 10.094 10.071 10.049 10.026 10.003
9.094 9.025 8.955 8.885 8.816 8.746 8.677 8.665 8.750 8.835 8.920 9.005 9.090 9.261 9.261 9.209 9.131 9.053 9.020 9.028 9.037 9.045 8.990 8.897 8.805 8.712 8.620 8.527 8.435 8.341 8.341 8.403 8.465 8.527 8.588 8.650 8.712 8.774 8.836 8.886 8.898 8.911 8.927 8.973 9.019 9.063 9.063 9.077 9.091 9.105 9.119 9.133 9.147 9.161 9.175 9.203 9.281 9.359 9.436 9.514 9.592 9.747 9.747 9.825 9.902 9.980 10.058 10.135 10.210 10.200 10.177 10.155 10.132 10.109 10.087 10.064 10.041
9.490 9.421 9.351 9.281 9.212 9.142 9.073 9.003 9.025 9.110 9.195 9.280 9.240 9.084 9.084 9.006 8.928 8.850 8.821 8.830 8.838 8.846 8.855 8.863 8.871 8.849 8.756 8.664 8.571 8.492 8.492 8.554 8.616 8.678 8.740 8.786 8.799 8.812 8.825 8.837 8.850 8.863 8.885 8.931 8.977 9.069 9.069 9.115 9.144 9.158 9.172 9.186 9.200 9.214 9.228 9.268 9.346 9.423 9.501 9.579 9.656 9.812 9.812 9.889 9.967 10.003 10.039 10.075 10.112 10.157 10.202 10.231 10.208 10.185 10.163 10.140 10.117
9.688 9.619 9.549 9.479 9.410 9.340 9.271 9.201 9.162 9.248 9.294 9.216 9.138 8.982 8.982 8.904 8.826 8.748 8.722 8.730 8.739 8.747 8.755 8.764 8.772 8.780 8.789 8.732 8.639 8.568 8.568 8.630 8.692 8.736 8.749 8.762 8.775 8.788 8.800 8.813 8.826 8.839 8.864 8.910 8.956 9.048 9.048 9.094 9.140 9.184 9.199 9.213 9.227 9.241 9.255 9.300 9.378 9.455 9.533 9.611 9.688 9.837 9.837 9.873 9.909 9.945 9.981 10.017 10.055 10.101 10.146 10.191 10.236 10.223 10.201 10.178 10.155
9.886 9.816 9.747 9.677 9.608 9.538 9.468 9.399 9.329 9.270 9.192 9.114 9.036 8.880 8.880 8.802 8.724 8.646 8.623 8.631 8.639 8.648 8.656 8.664 8.673 8.681 8.689 8.698 8.706 8.643 8.643 8.686 8.699 8.712 8.725 8.738 8.751 8.764 8.776 8.789 8.802 8.815 8.843 8.889 8.935 9.027 9.027 9.073 9.119 9.166 9.212 9.239 9.253 9.267 9.281 9.333 9.410 9.488 9.565 9.643 9.707 9.779 9.779 9.815 9.851 9.887 9.923 9.959 9.999 10.044 10.089 10.135 10.180 10.225 10.239 10.216 10.193
10.084 9.965 9.845 9.726 9.607 9.487 9.368 9.249 9.133 9.129 9.091 9.013 8.935 8.779 8.779 8.701 8.623 8.544 8.523 8.532 8.540 8.548 8.557 8.565 8.573 8.582 8.590 8.598 8.607 8.650 8.650 8.662 8.675 8.688 8.701 8.714 8.727 8.739 8.752 8.765 8.778 8.791 8.822 8.868 8.914 9.006 9.006 9.052 9.099 9.145 9.191 9.237 9.280 9.294 9.308 9.365 9.443 9.520 9.577 9.613 9.649 9.722 9.722 9.758 9.794 9.830 9.866 9.902 9.942 9.987 10.033 10.078 10.123 10.168 10.214 10.254 10.231
9.848 9.729 9.610 9.490 9.371 9.252 9.132 9.013 8.927 8.923 8.919 8.911 8.833 8.677 8.677 8.599 8.521 8.443 8.424 8.432 8.441 8.449 8.457 8.466 8.474 8.482 8.491 8.513 8.548 8.610 8.610 8.637 8.651 8.664 8.677 8.690 8.703 8.715 8.728 8.741 8.754 8.767 8.801 8.847 8.893 8.985 8.985 9.032 9.078 9.124 9.170 9.216 9.262 9.308 9.334 9.397 9.448 9.484 9.520 9.556 9.592 9.664 9.664 9.700 9.736 9.772 9.808 9.844 9.886 9.931 9.976 10.021 10.067 10.112 10.157 10.202 10.248
9.612 9.493 9.374 9.254 9.135 9.016 8.896 8.777 8.721 8.717 8.713 8.708 8.704 8.575 8.575 8.497 8.419 8.341 8.325 8.333 8.341 8.350 8.358 8.366 8.375 8.400 8.434 8.469 8.503 8.565 8.565 8.592 8.619 8.640 8.653 8.666 8.678 8.691 8.704 8.717 8.730 8.742 8.780 8.826 8.872 8.965 8.965 9.011 9.057 9.103 9.149 9.195 9.241 9.287 9.314 9.354 9.390 9.426 9.462 9.498 9.534 9.606 9.606 9.642 9.678 9.714 9.750 9.786 9.829 9.874 9.920 9.965 10.010 10.055 10.101 10.146 10.191
9.377 9.257 9.138 9.019 8.899 8.780 8.661 8.541 8.515 8.511 8.507 8.502 8.498 8.474 8.473 8.395 8.317 8.239 8.225 8.234 8.242 8.250 8.259 8.286 8.321 8.356 8.390 8.424 8.459 8.520 8.520 8.547 8.574 8.602 8.628 8.641 8.654 8.667 8.680 8.693 8.705 8.718 8.759 8.805 8.851 8.944 8.944 8.990 9.036 9.082 9.128 9.173 9.197 9.220 9.243 9.287 9.331 9.368 9.404 9.440 9.476 9.548 9.548 9.584 9.621 9.657 9.693 9.729 9.772 9.818 9.863 9.908 9.953 9.999 10.044 10.089 10.134
9.108 9.021 8.902 8.783 8.663 8.544 8.425 8.313 8.309 8.305 8.301 8.296 8.292 8.284 8.284 8.280 8.216 8.138 8.126 8.134 8.143 8.173 8.208 8.242 8.277 8.311 8.346 8.380 8.415 8.475 8.475 8.502 8.529 8.557 8.584 8.611 8.630 8.643 8.656 8.668 8.681 8.694 8.738 8.784 8.830 8.923 8.923 8.969 9.015 9.056 9.079 9.102 9.125 9.148 9.174 9.218 9.262 9.306 9.347 9.383 9.419 9.491 9.491 9.527 9.563 9.599 9.635 9.671 9.716 9.761 9.806 9.852 9.897 9.942 9.987 10.033 10.078
8.816 8.760 8.666 8.547 8.428 8.308 8.189 8.107 8.103 8.099 8.095 8.090 8.086 8.078 8.078 8.074 8.069 8.036 8.027 8.060 8.094 8.129 8.163 8.198 8.232 8.267 8.301 8.336 8.370 8.429 8.429 8.457 8.484 8.512 8.539 8.566 8.594 8.619 8.632 8.644 8.657 8.671 8.717 8.763 8.809 8.902 8.902 8.938 8.961 8.984 9.008 9.031 9.054 9.077 9.106 9.149 9.193 9.237 9.281 9.325 9.361 9.433 9.433 9.469 9.505 9.541 9.577 9.614 9.659 9.705 9.750 9.795 9.840 9.886 9.931 9.976 10.021
8.523 8.468 8.412 8.311 8.192 8.072 7.953 7.901 7.897 7.893 7.889 7.884 7.880 7.872 7.872 7.868 7.895 7.962 7.981 8.015 8.050 8.084 8.119 8.153 8.188 8.223 8.257 8.292 8.326 8.384 8.384 8.412 8.439 8.466 8.494 8.521 8.548 8.576 8.603 8.620 8.633 8.650 8.696 8.742 8.788 8.844 8.843 8.867 8.890 8.913 8.936 8.960 8.983 9.006 9.037 9.081 9.125 9.169 9.213 9.257 9.300 9.375 9.375 9.411 9.447 9.484 9.519 9.558 9.603 9.648 9.693 9.739 9.784 9.829 9.874 9.920 9.965
8.231 8.175 8.120 8.064 7.956 7.836 7.717 7.695 7.691 7.687 7.683 7.678 7.674 7.755 7.755 7.821 7.888 7.951 7.964 7.977 8.005 8.040 8.075 8.109 8.144 8.178 8.213 8.247 8.282 8.339 8.339 8.367 8.394 8.421 8.449 8.476 8.503 8.531 8.558 8.585 8.609 8.629 8.675 8.703 8.726 8.772 8.772 8.795 8.819 8.842 8.865 8.888 8.911 8.935 8.968 9.012 9.056 9.100 9.144 9.188 9.232 9.318 9.318 9.354 9.390 9.426 9.462 9.501 9.546 9.592 9.637 9.682 9.727 9.772 9.822 9.891 9.959
7.938 7.883 7.827 7.771 7.716 7.601 7.494 7.489 7.485 7.481 7.480 7.547 7.614 7.748 7.748 7.815 7.881 7.935 7.948 7.961 7.975 7.996 8.030 8.065 8.099 8.134 8.168 8.203 8.237 8.294 8.294 8.321 8.349 8.376 8.403 8.431 8.458 8.486 8.513 8.540 8.568 8.589 8.608 8.631 8.655 8.701 8.701 8.724 8.747 8.771 8.794 8.817 8.840 8.863 8.899 8.943 8.987 9.031 9.075 9.119 9.163 9.251 9.251 9.295 9.332 9.368 9.404 9.444 9.490 9.535 9.580 9.625 9.683 9.751 9.820 9.888 9.957
7.646 7.590 7.535 7.479 7.423 7.365 7.287 7.283 7.340 7.407 7.473 7.540 7.607 7.741 7.741 7.808 7.875 7.918 7.932 7.945 7.959 7.972 7.986 8.020 8.055 8.090 8.124 8.159 8.193 8.249 8.249 8.276 8.304 8.331 8.358 8.386 8.413 8.440 8.469 8.500 8.531 8.548 8.549 8.560 8.583 8.630 8.630 8.653 8.676 8.699 8.722 8.746 8.769 8.792 8.831 8.875 8.919 8.963 9.007 9.050 9.094 9.182 9.182 9.226 9.270 9.311 9.347 9.388 9.433 9.478 9.543 9.611 9.680 9.749 9.817 9.886 9.954
7.646 7.590 7.535 7.479 7.423 7.365 7.287 7.283 7.340 7.407 7.474 7.540 7.607 7.741 7.741 7.808 7.875 7.918 7.932 7.945 7.959 7.972 7.986 8.020 8.055 8.090 8.124 8.159 8.193 8.249 8.249 8.276 8.304 8.331 8.358 8.386 8.413 8.440 8.469 8.500 8.531 8.548 8.549 8.560 8.583 8.630 8.630 8.653 8.676 8.699 8.722 8.746 8.769 8.792 8.831 8.875 8.919 8.963 9.007 9.051 9.095 9.182 9.182 9.226 9.270 9.311 9.347 9.388 9.433 9.478 9.543 9.611 9.680 9.749 9.817 9.886 9.954
7.354 7.298 7.242 7.187 7.146 7.152 7.199 7.266 7.333 7.400 7.467 7.534 7.600 7.734 7.734 7.801 7.868 7.902 7.916 7.929 7.943 7.956 7.970 7.983 8.011 8.045 8.080 8.114 8.149 8.204 8.204 8.231 8.259 8.286 8.313 8.341 8.370 8.401 8.432 8.463 8.494 8.506 8.508 8.509 8.512 8.558 8.558 8.582 8.605 8.628 8.651 8.674 8.698 8.721 8.762 8.806 8.850 8.894 8.938 8.982 9.026 9.114 9.114 9.158 9.202 9.246 9.289 9.335 9.403 9.472 9.540 9.609 9.678 9.746 9.815 9.883 9.952
7.090 7.096 7.102 7.109 7.115 7.121 7.187 7.259 7.326 7.393 7.460 7.527 7.594 7.727 7.727 7.794 7.861 7.886 7.900 7.913 7.926 7.940 7.953 7.967 7.980 8.001 8.036 8.070 8.104 8.159 8.159 8.186 8.213 8.241 8.272 8.303 8.333 8.364 8.395 8.426 8.457 8.465 8.467 8.468 8.469 8.487 8.487 8.510 8.534 8.557 8.580 8.603 8.626 8.650 8.693 8.737 8.781 8.825 8.869 8.913 8.957 9.045 9.045 9.089 9.133 9.189 9.257 9.331 9.401 9.469 9.538 9.606 9.675 9.744 9.812 9.881 9.949
7.028 7.034 7.041 7.047 7.053 7.088 7.161 7.233 7.305 7.378 7.446 7.513 7.580 7.714 7.713 7.780 7.840 7.854 7.867 7.881 7.894 7.908 7.921 7.935 7.948 7.962 7.975 7.989 8.014 8.074 8.074 8.105 8.136 8.167 8.198 8.229 8.260 8.290 8.321 8.352 8.382 8.383 8.384 8.385 8.387 8.389 8.389 8.390 8.391 8.414 8.437 8.461 8.484 8.512 8.556 8.600 8.644 8.688 8.732 8.776 8.823 8.960 8.960 9.029 9.097 9.165 9.235 9.309 9.384 9.459 9.533 9.601 9.670 9.739 9.807 9.876 9.944
6.997 7.004 7.010 7.016 7.022 7.075 7.148 7.220 7.292 7.365 7.437 7.506 7.573 7.707 7.707 7.774 7.824 7.838 7.851 7.865 7.878 7.892 7.905 7.919 7.932 7.945 7.959 7.970 7.984 8.038 8.038 8.068 8.099 8.130 8.161 8.192 8.223 8.253 8.284 8.315 8.341 8.342 8.343 8.344 8.345 8.348 8.348 8.349 8.350 8.351 8.366 8.389 8.413 8.443 8.487 8.531 8.575 8.619 8.675 8.743 8.812 8.949 8.949 9.017 9.085 9.154 9.224 9.299 9.373 9.448 9.523 9.598 9.668 9.736 9.805 9.873 9.942
6.966 6.973 6.979 6.985 6.992 7.062 7.135 7.207 7.279 7.352 7.424 7.496 7.566 7.700 7.700 7.767 7.808 7.822 7.835 7.848 7.862 7.875 7.889 7.902 7.914 7.926 7.938 7.949 7.965 8.001 8.001 8.031 8.062 8.093 8.124 8.155 8.186 8.216 8.247 8.278 8.300 8.301 8.302 8.303 8.304 8.306 8.306 8.307 8.309 8.310 8.311 8.318 8.341 8.375 8.419 8.463 8.527 8.595 8.663 8.732 8.800 8.937 8.937 9.006 9.074 9.142 9.213 9.288 9.363 9.438 9.512 9.587 9.662 9.734 9.802 9.871 9.939
6.936 6.942 6.948 6.954 6.977 7.049 7.121 7.194 7.266 7.339 7.411 7.483 7.556 7.693 7.693 7.760 7.792 7.805 7.819 7.832 7.846 7.858 7.870 7.882 7.893 7.905 7.917 7.928 7.945 7.980 7.980 7.998 8.025 8.056 8.087 8.118 8.149 8.180 8.210 8.241 8.259 8.260 8.261 8.262 8.263 8.265 8.265 8.266 8.268 8.269 8.270 8.271 8.272 8.310 8.378 8.447 8.515 8.584 8.652 8.720 8.789 8.926 8.926 8.994 9.062 9.131 9.203 9.278 9.352 9.427 9.502 9.576 9.651 9.726 9.800 9.868 9.937
6.905 6.911 6.917 6.924 6.964 7.036 7.108 7.181 7.253 7.326 7.398 7.470 7.543 7.686 7.686 7.753 7.776 7.789 7.802 7.814 7.826 7.838 7.849 7.861 7.873 7.884 7.896 7.908 7.925 7.960 7.960 7.978 7.996 8.019 8.050 8.081 8.112 8.143 8.174 8.204 8.218 8.219 8.220 8.221 8.222 8.224 8.224 8.225 8.227 8.228 8.229 8.252 8.292 8.317 8.367 8.435 8.504 8.572 8.640 8.709 8.777 8.914 8.914 8.983 9.051 9.119 9.192 9.267 9.342 9.416 9.491 9.566 9.640 9.715 9.790 9.865 9.934
