includes/lisflood/camargue/results_R3_t1.56174127354E12/res.max
ncols         906
nrows         631
xllcorner     362177.146667
yllcorner     6534725.688020
cellsize      20.000000
NODATA_value  -9999.000000
[rows 408 to 441 of 631, columns 231 to 307 of 906]
1.663 1.573 2.303 2.302 1.309 1.258 2.024 2.573 2.613 2.603 1.727 0.143 1.785 2.479 2.477 2.522 0.731 1.203 1.158 1.152 1.843 1.394 1.686 2.001 1.684 1.718 2.271 2.045 1.095 1.000 2.948 0.489 0.000 2.478 2.335 2.333 2.721 1.357 2.292 1.179 1.000 2.222 2.111 1.060 0.527 1.883 1.791 0.270 2.180 1.090 0.080 0.080 1.179 1.289 2.309 1.249 1.279 0.489 2.908 1.127 0.000 0.000 0.451 0.141 0.371 0.003 0.000 0.000 0.000 0.785 0.815 0.000 0.942 0.762 0.000 0.000 0.000
1.836 2.106 1.445 1.445 1.014 1.272 1.241 0.708 1.945 2.693 2.613 2.573 1.263 0.207 1.812 2.522 2.485 2.591 1.383 1.377 1.975 1.156 1.758 1.625 1.117 1.397 1.211 1.995 1.137 2.952 0.456 0.571 1.026 3.019 0.318 0.316 1.872 1.731 1.147 1.664 1.093 1.433 2.251 1.880 1.838 1.924 1.581 0.780 1.960 1.640 1.940 1.940 0.950 2.190 0.730 0.889 1.339 0.799 3.220 0.000 0.000 0.601 0.181 0.181 0.431 0.434 0.762 0.762 0.793 0.713 0.000 0.772 0.882 0.000 0.000 0.000 0.704
1.760 2.250 1.200 1.200 1.579 1.599 1.106 1.894 2.492 1.368 1.476 2.583 2.602 2.631 1.719 0.412 2.284 2.531 2.146 2.143 0.868 2.016 1.821 1.898 1.003 0.318 0.389 2.929 2.948 0.409 2.557 2.177 1.099 0.327 1.741 1.740 1.886 1.563 2.281 1.778 0.915 1.235 1.552 1.780 1.808 1.765 0.981 1.030 1.510 1.870 1.590 1.590 1.580 1.950 1.960 1.280 1.540 0.949 1.829 0.000 0.000 0.611 0.631 0.631 0.661 0.000 0.372 0.373 0.893 0.933 0.000 0.912 0.802 0.163 0.393 0.453 0.533
1.764 2.254 1.204 1.203 1.582 1.602 1.110 1.896 2.494 1.372 1.480 2.585 2.603 2.632 1.729 0.427 2.285 2.531 2.145 2.143 0.870 2.018 1.822 1.898 1.003 0.318 0.387 2.929 2.948 0.404 2.557 2.177 1.101 0.336 1.743 1.741 1.888 1.565 2.281 1.779 0.917 1.237 1.552 1.780 1.808 1.765 0.980 1.030 1.510 1.870 1.590 1.590 1.580 1.950 1.960 1.280 1.540 0.949 1.829 0.289 0.000 0.611 0.631 0.631 0.661 0.000 0.372 0.373 0.893 0.933 0.000 0.912 0.802 0.163 0.393 0.453 0.533
2.207 2.368 2.559 2.559 1.268 2.067 1.686 2.462 1.330 1.509 2.526 1.883 1.309 2.622 2.631 2.650 1.325 0.323 2.145 2.142 1.961 2.144 1.393 1.498 0.842 0.606 2.906 2.925 0.511 1.123 1.088 0.391 2.150 1.928 1.287 1.277 1.800 1.617 1.783 1.450 1.159 1.299 1.285 2.022 1.059 0.512 1.900 1.820 1.780 1.180 1.020 1.020 1.890 1.480 0.230 1.850 2.960 2.750 0.630 1.160 0.000 0.651 0.651 0.661 0.000 0.000 0.000 0.000 0.953 0.000 0.692 0.842 0.000 0.000 0.000 0.453 0.000
0.000 2.312 2.372 2.372 2.432 1.741 1.641 1.299 1.596 1.695 1.933 1.908 2.106 1.411 1.346 2.780 2.277 2.474 0.691 0.673 2.041 2.147 0.313 1.524 0.647 1.184 2.902 0.168 1.186 0.222 2.399 1.947 1.265 1.829 1.018 1.008 1.137 1.690 1.386 1.372 1.029 1.269 1.916 1.644 0.880 1.461 1.890 1.860 1.830 1.920 1.930 1.930 1.170 0.000 1.700 1.420 0.650 3.204 3.090 1.250 0.000 0.350 0.480 0.061 0.000 0.000 0.000 0.000 0.373 0.000 0.872 0.412 0.000 0.152 0.652 0.503 0.023
0.000 2.416 2.126 2.126 1.137 2.317 2.318 2.368 0.945 2.474 2.413 1.337 1.462 1.817 2.023 1.734 2.120 1.403 2.455 2.454 0.596 0.858 3.450 1.592 2.875 1.726 1.274 2.373 2.036 2.007 1.726 1.057 2.056 2.330 2.356 2.351 1.853 2.004 1.630 1.395 0.571 3.044 3.060 3.062 2.702 1.481 2.240 3.000 3.022 2.660 0.000 0.000 1.930 1.940 0.900 1.270 3.192 1.160 0.870 0.000 0.000 0.219 0.309 0.000 0.558 0.000 0.643 0.643 0.733 0.000 0.000 0.752 0.832 0.792 0.442 0.000 0.000
0.000 2.288 2.221 2.222 1.692 1.082 2.552 2.532 2.502 2.529 2.427 1.996 1.359 1.692 2.227 0.941 1.655 0.434 1.165 1.164 0.588 0.806 1.581 2.858 2.004 1.116 1.504 1.864 1.056 1.377 2.226 2.168 2.249 2.262 2.266 2.264 0.000 0.636 1.342 0.655 2.143 3.042 0.457 0.224 0.580 1.360 1.320 1.240 0.570 2.590 1.330 1.330 1.380 1.260 0.530 2.090 0.860 1.420 0.000 0.000 0.588 0.258 0.678 0.000 0.468 0.000 0.000 0.000 0.000 0.899 0.489 0.000 0.000 0.732 0.652 0.000 0.000
0.000 0.000 2.129 2.129 1.519 1.399 1.947 2.367 2.466 2.396 1.274 1.882 1.587 2.118 1.155 1.290 1.153 0.568 1.306 1.304 0.801 1.574 2.853 1.220 2.302 2.096 1.775 2.034 2.026 2.318 2.208 2.288 2.422 1.136 0.549 0.544 1.057 0.949 1.119 3.024 3.039 0.774 1.067 1.105 1.373 0.471 1.300 1.330 0.740 0.740 3.036 3.036 1.280 1.410 0.950 3.172 3.470 0.000 0.000 0.688 0.618 0.288 0.628 0.000 0.528 0.000 0.000 0.000 0.000 0.779 0.000 0.682 0.732 0.632 0.000 0.941 0.000
0.000 0.000 2.048 2.048 1.478 1.537 1.705 2.475 1.494 2.323 1.383 2.413 1.447 0.821 1.484 1.405 1.386 1.112 3.656 3.655 3.704 2.895 0.649 2.285 2.202 2.116 2.125 2.124 2.096 2.299 1.653 0.273 1.292 0.827 0.610 0.606 2.995 3.010 3.026 1.939 0.000 0.000 0.000 0.000 0.000 0.000 0.350 1.010 1.320 0.700 3.036 3.036 0.730 1.010 1.480 3.172 0.000 0.000 0.658 0.648 0.688 0.558 0.628 0.498 0.448 0.000 0.123 0.126 0.264 0.149 0.301 0.000 0.632 0.792 0.000 1.051 0.000
1.807 1.746 1.951 1.950 1.869 1.577 2.003 2.341 1.562 2.171 1.911 2.702 1.028 1.614 1.628 0.926 0.673 3.776 0.919 0.913 2.884 0.334 1.857 2.324 2.062 1.857 0.879 0.567 1.855 1.789 1.833 2.368 0.596 1.017 2.983 2.981 2.994 0.627 2.093 0.000 0.000 0.000 0.000 0.000 0.000 0.000 0.000 0.000 1.510 0.980 0.320 0.320 3.091 2.230 3.145 0.000 0.000 0.398 0.658 0.698 0.528 0.000 0.238 0.578 0.628 0.638 0.059 0.060 0.444 0.000 0.383 0.227 0.080 0.732 0.131 0.831 0.000
1.918 1.679 1.879 1.879 1.849 1.909 1.297 1.523 2.222 2.400 0.622 3.403 1.372 1.346 1.543 2.151 3.103 1.699 3.692 3.690 2.333 0.000 0.566 0.901 1.454 1.947 1.870 2.886 2.892 2.903 2.916 2.929 2.938 2.948 2.979 2.977 1.293 1.757 1.715 0.000 0.000 0.000 0.000 0.000 0.000 0.000 0.000 0.000 0.000 0.000 0.000 1.220 2.900 1.430 0.000 0.000 0.668 0.718 0.658 0.638 0.468 0.648 0.478 0.648 0.248 0.818 0.218 0.218 0.000 0.000 0.000 0.359 0.540 0.261 0.831 0.501 0.191
0.000 1.706 1.437 1.440 1.490 1.529 1.386 2.453 1.803 1.147 1.509 3.161 1.515 1.795 1.169 1.016 1.110 1.710 2.871 2.869 0.595 0.495 1.260 1.198 2.472 2.860 2.872 2.795 0.000 0.000 0.000 0.000 0.000 0.000 0.000 0.000 0.000 0.797 0.000 0.000 0.000 0.000 0.000 0.000 0.000 0.000 0.000 0.000 0.000 0.000 0.000 0.000 0.000 0.000 0.000 0.468 0.858 0.818 0.288 0.558 0.578 0.508 0.168 0.448 0.128 0.428 0.328 0.328 0.000 0.000 0.000 0.000 0.000 0.071 0.601 0.000 0.000
0.000 0.000 1.523 1.522 1.782 1.666 2.036 0.433 1.023 1.929 2.018 1.506 2.847 1.796 1.525 2.045 0.855 1.198 2.867 2.863 2.861 2.857 2.853 2.858 2.867 0.000 0.000 0.000 0.000 0.000 0.000 0.000 0.000 0.000 0.000 0.000 0.000 0.000 0.000 0.000 0.000 0.000 0.000 0.000 0.000 0.000 0.000 0.000 0.000 0.000 0.000 0.000 0.000 0.000 0.287 0.507 0.698 0.748 0.228 0.018 0.000 0.658 0.788 0.758 0.000 0.008 0.578 0.578 0.178 0.000 0.000 0.000 0.000 0.000 0.000 0.000 0.000
0.000 1.475 1.502 1.497 1.815 0.864 1.403 1.364 1.275 1.049 1.734 2.831 2.000 2.990 2.350 1.797 2.157 1.171 2.704 2.701 0.000 0.000 0.000 0.000 0.000 0.000 0.000 0.000 0.000 0.000 0.000 0.000 0.000 0.000 0.000 0.000 0.000 0.000 0.000 0.000 0.000 0.000 0.000 0.000 0.000 0.000 0.000 0.000 0.000 0.000 0.000 0.000 0.667 0.357 0.377 0.617 0.507 0.378 0.278 0.778 0.578 0.058 0.778 0.678 0.558 0.808 0.000 0.000 0.388 0.000 0.000 0.000 0.000 0.000 0.000 0.000 0.000
1.622 1.607 1.935 1.933 2.031 1.141 2.259 1.472 1.366 1.216 1.559 1.114 1.544 1.981 2.332 1.341 2.290 2.519 0.586 0.000 0.000 0.000 0.000 0.000 0.000 0.000 0.000 0.000 0.000 0.000 0.000 0.000 0.000 0.000 0.000 0.000 0.000 0.000 0.000 0.000 0.000 0.000 0.000 0.000 0.000 0.000 0.000 0.000 0.000 0.000 0.000 0.000 0.607 0.417 0.567 0.207 0.347 0.087 0.547 0.000 0.888 0.978 0.958 0.268 0.000 0.708 0.000 0.000 0.000 0.000 0.000 0.000 0.000 0.000 0.000 0.000 0.000
1.666 1.655 2.305 2.305 2.044 2.174 2.092 1.348 1.964 2.023 1.209 2.233 1.175 0.987 3.978 1.589 2.097 1.678 0.545 0.000 0.000 0.000 0.000 0.000 0.000 0.000 0.000 0.000 0.000 0.000 0.000 0.000 0.000 0.000 0.000 0.000 0.000 0.000 0.000 0.000 0.000 0.000 0.000 0.000 0.000 0.000 0.000 0.000 0.000 0.000 0.000 0.000 0.255 0.316 0.647 0.000 0.527 0.000 0.207 0.037 0.000 0.000 0.000 0.000 0.000 0.648 0.000 0.000 0.000 0.000 0.000 0.000 0.000 0.000 0.000 0.000 0.000
1.789 0.925 2.049 2.049 1.617 1.825 2.523 2.081 1.844 2.399 2.187 1.409 1.717 1.252 1.628 3.109 1.257 3.268 0.615 0.000 0.000 0.000 0.000 0.000 0.000 0.000 0.000 0.000 0.000 0.000 0.000 0.000 0.000 0.000 0.000 0.000 0.000 0.000 0.000 0.000 0.000 0.000 0.000 0.000 0.000 0.000 0.000 0.000 0.000 0.000 0.618 0.618 0.378 0.000 0.547 0.577 0.000 0.000 0.527 0.000 0.000 0.000 0.000 0.000 0.000 0.888 0.000 0.000 0.000 0.000 0.000 0.000 0.000 0.000 0.000 0.000 0.000
1.143 1.626 2.098 2.098 1.576 1.551 2.443 1.978 2.122 1.954 3.589 4.078 2.913 2.930 2.946 2.963 3.447 3.000 0.000 0.000 0.000 0.000 0.000 0.000 0.000 0.000 0.000 0.000 0.000 0.000 0.000 0.000 0.000 0.000 0.000 0.000 0.000 0.000 0.000 0.000 0.000 0.000 0.000 0.000 0.000 0.000 0.000 0.000 0.000 0.000 0.000 0.000 0.816 0.996 0.000 0.597 0.607 0.157 0.387 0.217 0.297 0.227 0.000 0.000 0.558 0.688 0.398 0.398 0.000 0.000 0.000 0.000 0.000 0.000 0.000 0.000 0.000
0.000 0.000 2.131 2.130 1.603 1.571 2.454 1.987 2.127 1.957 3.590 4.078 2.914 2.931 2.948 2.965 3.448 3.002 0.000 0.000 0.000 0.000 0.000 0.000 0.000 0.000 0.000 0.000 0.000 0.000 0.000 0.000 0.000 0.000 0.000 0.000 0.000 0.000 0.000 0.000 0.000 0.000 0.000 0.000 0.000 0.000 0.000 0.000 0.000 0.000 0.000 0.000 0.816 0.996 0.000 0.597 0.607 0.157 0.387 0.217 0.297 0.227 0.000 0.000 0.558 0.688 0.398 0.398 0.000 0.000 0.000 0.000 0.000 0.000 0.000 0.000 0.000
0.000 3.864 2.228 2.214 2.490 1.634 2.219 2.240 1.913 2.867 2.879 2.895 3.996 2.927 2.944 2.962 2.980 2.999 2.969 0.000 0.000 0.000 0.000 0.000 0.000 0.000 0.000 0.000 0.000 0.000 0.000 0.000 0.000 0.000 0.000 0.000 0.000 0.000 0.000 0.000 0.000 0.000 0.000 0.000 0.000 0.000 0.000 0.000 0.072 0.672 0.383 0.383 0.425 0.195 0.295 0.000 0.137 0.000 0.000 0.000 0.127 0.107 0.000 0.000 0.898 0.728 0.348 0.348 0.278 0.000 0.000 0.000 0.000 0.000 0.000 0.000 0.000
2.716 4.230 1.963 1.950 2.280 1.559 1.951 2.351 2.860 2.865 2.315 2.171 1.488 1.915 1.953 2.741 2.010 1.909 2.139 0.000 0.000 0.000 0.000 0.000 0.000 0.000 0.000 0.000 0.000 0.000 0.000 0.000 0.000 0.000 0.000 0.000 0.000 0.000 0.000 0.000 0.000 0.000 0.000 0.000 0.000 0.000 0.000 0.000 0.662 0.612 0.382 0.383 0.000 0.000 0.000 0.000 0.000 0.000 0.000 0.000 0.000 0.000 0.578 0.000 0.688 0.000 0.088 0.088 0.000 0.000 0.000 0.000 0.000 0.000 0.000 0.000 0.000
2.436 2.393 2.433 2.422 4.099 2.896 2.889 2.880 2.051 2.032 2.325 2.102 1.980 2.668 1.986 1.975 1.171 2.209 3.719 3.719 0.000 0.000 0.000 0.000 0.000 0.000 0.000 0.000 0.000 0.000 0.000 0.000 0.000 0.000 0.000 0.000 0.000 0.000 0.000 0.000 0.000 0.000 0.000 0.000 0.000 0.000 0.000 0.624 0.000 0.602 0.078 0.075 1.090 0.170 0.000 0.000 0.000 0.000 0.000 0.000 0.000 0.000 0.538 0.000 0.778 0.000 0.000 0.000 0.000 0.000 0.000 0.000 0.000 0.000 0.000 0.000 0.000
2.483 2.533 2.899 2.891 2.896 2.905 2.245 2.027 0.999 3.169 1.865 2.073 1.811 2.189 2.598 1.977 0.000 0.000 0.000 0.000 0.000 0.000 0.000 0.000 0.000 0.000 0.000 0.000 0.000 0.000 0.000 0.000 0.000 0.000 0.000 0.000 0.000 0.000 0.000 0.000 0.000 0.000 0.000 0.000 0.000 0.000 0.574 0.374 0.445 0.091 0.570 0.570 0.880 0.000 0.000 0.000 0.000 0.000 0.000 0.000 0.000 0.000 0.128 0.198 0.608 0.000 0.000 0.000 0.000 0.000 0.000 0.000 0.000 0.000 0.000 0.000 0.000
2.867 2.873 4.152 4.150 2.300 2.363 3.589 0.000 1.976 1.996 1.844 1.853 1.872 2.171 2.121 0.000 0.000 0.000 0.000 0.000 0.000 0.000 0.000 0.000 0.000 0.000 0.000 0.000 0.000 0.000 0.000 0.000 0.000 0.000 0.000 0.000 0.000 0.000 0.000 0.320 0.000 0.000 0.000 0.268 0.318 0.066 0.000 0.062 0.000 0.049 0.000 0.000 0.100 0.000 0.000 0.000 0.000 0.000 0.000 0.000 0.000 0.000 0.000 0.818 0.158 0.000 0.000 0.000 0.000 0.000 0.000 0.000 0.000 0.000 0.000 0.000 0.000
2.865 2.874 2.941 2.938 2.314 2.261 2.000 0.000 1.885 1.965 2.044 2.223 2.933 1.962 2.052 0.000 0.000 0.000 0.000 0.000 0.000 0.000 0.000 0.000 0.000 0.000 0.000 0.000 0.000 0.000 0.000 0.000 0.000 0.000 0.000 0.000 0.070 0.160 0.170 0.270 0.000 0.000 0.218 0.051 0.408 0.076 0.001 0.293 0.105 0.086 0.000 0.000 0.000 0.000 0.000 0.000 0.000 0.000 0.000 0.000 0.000 0.000 0.000 0.728 0.168 0.000 0.000 0.000 0.000 0.000 0.000 0.000 0.000 0.000 0.000 0.000 0.000
2.359 2.213 3.296 3.295 2.354 2.324 2.003 0.000 2.044 2.064 2.044 2.143 2.263 2.173 2.232 0.000 0.000 0.000 0.000 0.000 0.000 0.000 0.000 0.000 0.000 0.000 0.000 0.000 0.000 0.000 0.000 0.000 0.000 0.000 0.000 0.000 0.020 0.200 0.420 0.000 0.539 0.339 0.409 0.589 0.000 0.000 0.000 0.000 0.384 0.684 0.603 0.603 0.000 0.000 0.000 0.000 0.000 0.000 0.000 0.000 0.368 0.000 0.000 0.738 0.000 0.000 0.000 0.000 0.000 0.000 0.000 0.000 0.000 0.000 0.000 0.000 0.000
2.505 2.311 2.337 2.335 2.303 2.333 2.033 0.000 1.984 2.134 2.184 2.184 2.173 2.273 0.000 0.000 0.000 0.000 0.000 0.000 0.000 0.000 0.000 0.000 0.000 0.000 0.000 0.000 0.000 0.000 0.000 0.000 0.000 0.000 0.000 0.000 0.390 0.410 0.420 0.000 0.230 0.160 0.000 0.000 0.000 0.000 0.000 0.000 0.263 0.203 0.273 0.273 0.000 0.000 0.000 0.000 0.000 0.000 0.000 0.000 0.438 0.000 0.000 0.808 0.000 0.000 0.000 0.000 0.000 0.000 0.000 0.000 0.000 0.000 0.000 0.000 0.000
2.272 2.258 2.275 2.273 2.082 2.241 1.881 0.000 2.124 2.224 2.214 2.354 2.214 2.163 0.000 0.000 0.000 0.000 0.000 0.000 0.000 0.000 0.000 0.000 0.000 0.000 0.000 0.000 0.000 0.000 0.000 0.000 0.000 0.000 0.000 0.000 0.000 0.330 0.360 0.380 0.370 0.331 0.671 0.313 0.248 0.302 0.237 0.313 0.211 0.253 0.243 0.243 0.000 0.000 0.000 0.000 0.000 0.000 0.000 0.000 0.458 0.108 0.568 0.748 0.000 0.000 0.000 0.000 0.000 0.000 0.000 0.000 0.000 0.000 0.000 0.000 0.000
2.337 2.204 2.261 2.260 2.289 2.059 1.649 0.000 2.264 2.264 2.264 2.224 2.344 0.000 0.000 0.000 0.000 0.000 0.000 0.000 0.000 0.000 0.000 0.000 0.000 0.000 0.000 0.000 0.000 0.000 0.000 0.000 0.000 0.000 0.000 0.000 0.000 0.000 0.400 0.450 0.430 0.411 0.391 0.000 0.000 0.000 0.000 0.000 0.000 0.000 0.000 0.000 0.000 0.000 0.000 0.000 0.000 0.000 0.000 0.000 0.518 0.408 0.000 0.868 0.000 0.000 0.000 0.000 0.000 0.000 0.000 0.000 0.000 0.000 0.000 0.000 0.000
3.430 2.409 2.007 2.006 2.205 2.385 1.895 0.000 2.214 2.304 2.414 0.000 0.000 0.000 0.000 0.000 0.000 0.000 0.000 0.000 0.000 0.000 0.000 0.000 0.000 0.000 0.000 0.000 0.000 0.000 0.000 0.000 0.000 0.000 0.000 0.000 0.000 0.120 0.500 0.450 0.410 0.360 0.340 0.340 0.000 0.000 0.000 0.000 0.000 0.000 0.000 0.000 0.000 0.000 0.000 0.000 0.000 0.000 0.000 0.000 0.308 0.458 0.000 0.248 0.000 0.000 0.000 0.000 0.000 0.000 0.000 0.000 0.000 0.000 0.000 0.000 0.000
3.590 3.460 2.360 2.360 2.199 2.149 1.808 0.000 1.975 1.774 2.234 0.000 0.000 0.000 0.000 0.000 0.000 0.000 0.000 0.000 0.000 0.000 0.000 0.000 0.000 0.000 0.000 0.000 0.000 0.000 0.000 0.000 0.000 0.000 0.000 0.000 0.000 0.370 0.390 0.370 0.330 0.320 0.400 0.340 0.000 0.000 0.000 0.000 0.000 0.000 0.000 0.000 0.000 0.000 0.000 0.000 0.000 0.000 0.000 0.000 0.000 0.498 0.000 0.748 0.000 0.000 0.000 0.000 0.000 0.000 0.000 0.000 0.000 0.000 0.000 0.000 2.565
3.721 3.561 2.941 2.941 2.441 2.181 1.870 0.000 1.915 1.765 1.825 0.000 0.000 0.000 0.000 0.000 0.000 0.000 0.000 0.000 0.000 0.000 0.000 0.000 0.000 0.000 0.000 0.000 0.000 0.000 0.000 0.000 0.000 0.000 0.000 0.000 0.000 0.000 0.230 0.290 0.300 0.390 0.360 0.450 0.360 0.000 0.000 0.000 0.000 0.000 0.000 0.000 0.000 0.000 0.000 0.000 0.000 0.000 0.000 0.000 0.000 0.438 0.068 0.148 0.000 0.000 0.000 0.000 0.000 0.000 0.000 0.000 0.000 0.000 0.000 1.307 3.956
3.601 3.611 3.551 3.552 2.982 2.652 1.241 0.000 1.925 1.975 1.865 1.815 1.885 0.000 0.000 0.000 0.000 0.000 0.000 0.000 0.000 0.000 0.000 0.000 0.000 0.000 0.000 0.000 0.000 0.000 0.000 0.000 0.000 0.000 0.000 0.000 0.000 0.000 0.000 0.020 0.380 0.370 0.380 0.060 0.070 0.000 0.000 0.000 0.000 0.000 0.000 0.000 0.000 0.000 0.000 0.000 0.000 0.000 0.000 0.000 0.000 0.428 0.448 0.348 0.000 0.000 0.000 0.000 0.000 0.000 0.000 0.000 0.000 2.290 0.790 4.028 3.707
