includes/lisflood/camargue/results_R3_t1.56174127354E12/res.totaltm
ncols         906
nrows         631
xllcorner     362177.146667
yllcorner     6534725.688020
cellsize      20.000000
NODATA_value  -9999.000000
[rows 408 to 441 of 631, columns 693 to 769 of 906]
14.500 14.500 14.500 14.500 14.500 14.500 14.500 14.500 14.500 14.500 14.500 9.004 14.500 14.500 14.500 13.282 14.212 14.500 14.405 14.367 13.989 12.897 12.450 12.162 13.293 9.105 11.468 9.185 9.095 8.885 12.038 9.046 14.500 8.851 8.696 9.135 14.024 14.217 8.961 9.133 9.098 9.121 10.824 11.084 10.813 11.671 12.007 12.089 12.110 12.111 12.223 12.338 12.391 12.450 12.533 12.475 14.500 13.230 13.272 13.311 13.343 13.371 13.396 13.466 13.505 13.537 13.574 13.623 13.691 14.002 14.107 14.099 14.500 14.500 14.500 14.500 14.500
14.500 14.500 14.500 14.500 14.500 14.500 14.500 14.500 14.500 14.500 14.500 14.500 14.500 14.500 14.500 14.500 14.500 14.500 14.362 14.031 13.369 12.667 12.361 12.196 13.387 10.809 11.544 9.078 14.408 14.500 14.500 14.500 14.500 8.867 9.211 14.500 14.236 8.868 10.291 10.334 9.974 10.043 10.611 10.960 10.939 11.431 11.859 12.069 12.159 12.227 12.311 12.393 12.450 12.508 12.577 12.522 14.500 13.272 13.318 13.365 13.408 13.446 13.479 13.572 13.605 13.637 13.672 13.719 14.003 14.076 14.160 14.153 14.500 14.500 14.500 14.500 14.500
14.500 14.500 14.500 14.500 14.500 14.500 14.500 14.500 14.500 14.500 14.500 14.500 14.500 14.500 14.500 14.500 14.500 14.500 14.328 13.911 13.514 13.300 13.216 13.152 14.500 11.676 12.669 9.053 14.500 14.500 14.500 14.500 14.500 13.235 8.765 9.670 14.500 9.268 8.922 11.773 10.518 10.750 11.041 11.428 11.708 12.179 12.667 13.036 13.363 13.547 13.651 13.755 13.861 13.948 14.026 13.804 14.500 14.500 14.500 14.500 14.500 14.500 14.500 14.500 14.500 14.500 14.500 14.500 14.500 14.500 14.500 14.500 14.500 14.500 14.500 14.500 14.500
14.500 14.500 14.500 14.500 14.500 14.500 14.500 14.500 14.500 14.500 14.500 14.500 14.500 14.500 14.500 14.500 14.500 14.084 13.467 13.027 12.669 12.391 12.195 12.068 13.763 11.463 12.628 9.040 14.500 14.500 14.500 14.500 14.500 12.727 8.790 9.783 14.500 9.284 8.924 10.624 10.119 10.303 10.444 10.625 10.795 10.995 11.259 11.563 11.899 12.139 12.295 12.433 12.563 12.674 12.777 12.695 14.500 13.308 13.408 13.512 13.610 13.695 13.781 13.944 14.002 14.052 14.129 14.326 14.370 14.410 14.447 14.411 14.500 14.500 14.500 14.500 14.500
14.500 14.500 14.500 14.500 14.500 14.500 14.500 14.500 14.500 14.500 14.500 14.500 14.500 14.500 14.500 14.500 14.466 13.682 13.157 12.794 12.522 12.328 12.203 12.135 13.801 10.988 8.952 14.500 14.500 14.500 14.500 14.500 14.500 14.500 8.736 9.119 13.059 8.990 9.140 10.727 10.223 10.378 10.487 10.637 10.810 11.021 11.248 11.508 11.805 12.051 12.223 12.381 12.523 12.652 12.762 12.705 14.500 13.335 13.412 13.502 13.598 13.689 13.789 13.946 14.019 14.122 14.321 14.369 14.413 14.453 14.490 14.474 14.500 14.500 14.500 14.500 14.500
14.500 14.500 14.500 14.500 14.500 14.500 14.500 14.500 14.500 14.500 14.500 14.500 14.500 14.500 14.500 14.500 14.114 13.268 12.863 12.592 12.413 12.333 12.369 12.537 14.375 13.637 14.500 14.500 14.500 14.500 14.500 14.500 14.500 14.500 14.500 14.500 14.500 10.309 10.466 13.917 11.303 11.705 11.397 11.166 11.025 11.039 11.167 11.375 11.605 11.830 12.011 12.192 12.355 12.502 12.632 12.586 14.394 13.133 13.218 13.315 13.418 13.520 13.633 13.785 14.023 14.182 14.254 14.317 14.376 14.431 14.484 14.458 14.500 14.500 14.500 14.500 14.500
14.500 14.500 14.500 14.500 14.500 14.500 14.500 14.500 14.500 14.500 14.500 14.500 14.500 14.500 14.500 14.500 13.917 13.279 13.053 12.971 12.994 13.088 13.223 13.371 14.500 12.954 9.098 14.500 14.500 14.500 14.500 14.500 14.500 14.500 14.500 14.500 8.959 10.701 9.066 9.120 9.112 9.161 11.431 11.451 11.401 11.372 11.406 11.519 11.710 11.925 12.115 12.296 12.456 12.601 12.734 12.704 14.500 13.434 13.475 13.538 13.618 13.706 14.039 14.165 14.251 14.321 14.381 14.433 14.480 14.500 14.500 14.500 14.500 14.500 14.500 14.500 14.500
14.500 14.500 14.500 14.500 14.500 14.500 14.500 14.500 14.500 14.500 14.500 14.500 14.500 14.500 14.500 14.500 13.710 13.391 13.340 13.378 13.463 13.569 13.688 13.815 14.500 13.915 14.500 14.500 14.500 14.500 14.500 14.500 14.500 14.500 14.400 14.417 14.500 14.500 14.500 14.500 14.500 9.081 11.258 11.427 11.472 11.498 11.521 11.582 11.707 11.875 12.056 12.238 12.407 12.563 12.707 12.699 14.500 13.465 13.517 13.575 13.643 13.931 14.078 14.186 14.275 14.352 14.415 14.461 14.500 14.500 14.500 14.500 14.500 14.500 14.500 14.500 14.500
14.500 14.500 14.500 14.500 14.500 14.500 14.500 14.500 14.500 14.500 14.500 14.500 14.500 14.500 14.500 14.438 13.655 13.618 13.693 13.777 13.865 13.963 14.070 14.185 14.500 14.355 14.500 14.500 14.500 14.500 14.500 14.500 14.500 14.500 14.500 14.500 14.500 8.990 14.500 8.885 8.887 10.228 11.104 11.377 11.498 11.560 11.606 11.660 11.748 11.869 12.025 12.196 12.366 12.528 12.679 12.692 14.500 13.489 13.549 13.612 13.844 13.993 14.122 14.215 14.294 14.355 14.415 14.482 14.500 14.500 14.500 14.500 14.500 14.500 14.500 14.500 14.500
14.500 14.500 14.500 14.500 14.500 14.500 14.500 14.500 14.500 14.500 14.500 14.500 14.500 14.500 14.500 14.230 13.826 13.849 13.921 14.037 14.153 14.242 14.314 14.383 14.500 14.459 14.500 14.500 14.500 14.500 14.500 14.500 14.500 14.500 9.055 14.500 14.500 14.500 9.009 13.688 11.435 11.528 11.424 11.459 11.544 11.616 11.677 11.737 11.810 11.900 12.026 12.176 12.338 12.499 12.655 12.679 14.500 13.508 13.574 13.704 13.952 14.037 14.148 14.204 14.280 14.365 14.439 14.500 14.500 14.500 14.500 14.500 14.500 14.500 14.500 14.500 14.500
14.500 14.500 14.500 14.500 14.500 14.500 14.500 14.500 14.500 14.500 14.500 14.500 14.500 14.500 14.500 14.157 14.044 14.089 14.147 14.204 14.259 14.325 14.393 14.434 14.500 14.319 14.500 14.500 14.500 14.500 14.500 14.500 14.500 14.500 8.895 8.813 14.500 14.500 9.095 9.136 9.124 9.124 11.225 11.446 11.566 11.659 11.736 11.805 11.876 11.952 12.055 12.182 12.327 12.481 12.634 12.668 14.500 13.521 13.608 13.906 14.000 14.084 14.195 14.251 14.315 14.391 14.468 14.500 14.500 14.500 14.500 14.500 14.500 14.500 14.500 14.500 14.500
14.500 14.500 14.500 14.500 14.500 14.500 14.500 14.500 14.500 14.500 14.500 14.500 14.500 14.500 14.480 14.238 14.226 14.255 14.284 14.308 14.327 14.338 14.331 14.279 14.500 12.413 14.416 14.500 14.500 14.500 14.500 14.500 14.500 14.500 14.500 8.780 9.130 14.500 14.500 14.500 14.500 14.500 14.500 14.251 13.705 13.120 12.609 12.296 12.156 12.120 12.156 12.235 12.348 12.483 12.626 12.664 14.500 13.573 13.882 13.976 14.052 14.103 14.185 14.315 14.381 14.437 14.500 14.500 14.500 14.500 14.500 14.500 14.500 14.500 14.500 14.500 14.500
14.500 14.500 14.500 14.500 14.500 14.500 14.500 14.500 14.500 14.500 14.500 14.500 14.500 14.500 14.450 14.343 14.336 14.338 14.334 14.322 14.295 14.223 13.974 13.149 14.362 13.717 14.240 14.485 14.500 14.500 14.500 14.500 14.500 14.500 14.500 8.555 9.055 14.500 14.500 9.128 9.135 14.500 14.500 14.500 14.105 13.736 13.387 13.012 12.669 12.471 12.388 12.379 12.430 12.523 12.646 12.684 14.500 13.854 13.926 14.004 14.081 14.117 14.192 14.309 14.423 14.500 14.500 14.500 14.500 14.500 14.500 14.500 14.500 14.500 14.500 14.500 14.500
14.500 14.500 14.500 14.500 14.500 14.500 14.500 14.500 14.500 14.500 14.500 14.500 14.500 14.500 14.469 14.411 14.385 14.357 14.317 14.258 14.102 13.612 12.503 13.044 13.395 13.726 14.300 14.460 14.500 14.500 14.500 14.500 14.500 14.500 14.500 8.526 8.841 14.500 8.837 8.991 8.952 14.500 14.500 14.500 14.500 13.991 13.633 13.424 13.139 12.896 12.724 12.632 12.611 12.655 12.731 12.740 14.500 13.869 13.946 14.025 14.106 14.125 14.203 14.309 14.429 14.500 14.500 14.500 14.500 14.500 14.500 14.500 14.500 14.500 14.500 14.500 14.500
14.500 14.500 14.500 14.500 14.500 14.500 14.500 14.500 14.500 14.500 14.500 14.500 14.500 14.500 14.500 14.441 14.389 14.328 14.233 13.991 13.274 12.495 12.527 13.170 12.709 14.390 14.500 14.500 14.500 14.500 14.500 14.500 14.500 14.500 14.500 14.500 8.683 9.094 8.787 9.145 9.096 14.500 14.500 14.500 14.500 14.483 13.894 13.502 13.356 13.225 13.102 13.005 12.911 12.868 12.877 12.899 14.500 13.880 13.959 14.043 14.122 14.134 14.215 14.314 14.429 14.500 14.500 14.500 14.500 14.500 14.500 14.500 14.500 14.500 14.500 14.500 14.500
14.500 14.500 14.500 14.500 14.500 14.500 14.500 14.500 14.500 14.500 14.500 14.500 14.500 14.500 14.500 14.439 14.356 14.225 13.896 12.943 12.574 12.556 12.584 13.285 12.888 9.077 8.924 14.442 14.500 14.500 14.500 14.500 14.500 14.500 14.500 14.500 14.500 9.099 8.977 10.783 10.748 14.500 14.500 14.500 14.500 14.500 14.488 14.267 13.961 13.758 13.570 13.397 13.256 13.154 13.104 13.228 14.500 13.902 13.977 14.059 14.129 14.152 14.230 14.323 14.433 14.500 14.500 14.500 14.500 14.500 14.500 14.500 14.500 14.500 14.500 14.500 14.500
14.500 14.500 14.500 14.500 14.500 14.500 14.500 14.500 14.500 14.500 14.500 14.500 14.500 14.500 14.495 14.395 14.208 13.709 12.587 12.682 12.657 12.628 12.646 13.383 12.517 12.024 11.537 13.976 14.494 14.500 14.500 14.500 14.500 14.500 14.500 14.500 14.500 14.490 13.470 12.420 11.168 14.500 14.500 14.500 14.500 14.500 14.500 14.097 13.882 14.026 13.894 13.753 13.609 13.486 13.603 13.420 14.500 13.941 14.004 14.081 14.131 14.171 14.247 14.336 14.447 14.500 14.500 14.500 14.500 14.500 14.500 14.500 14.500 14.500 14.500 14.500 14.500
14.500 14.500 14.500 14.500 14.500 14.500 14.500 14.500 14.500 14.500 14.500 14.500 14.500 14.500 14.443 14.192 13.480 12.608 12.599 12.713 12.728 12.720 12.740 13.504 12.320 12.288 12.021 13.409 14.329 14.500 14.500 14.500 14.500 14.500 14.500 14.500 14.500 14.500 14.483 14.249 12.470 14.500 14.500 14.500 14.500 14.500 13.921 11.809 13.101 13.692 13.957 13.911 13.846 13.910 13.883 13.651 14.500 14.042 14.071 14.129 14.151 14.200 14.275 14.363 14.493 14.500 14.500 14.500 14.500 14.500 14.500 14.500 14.500 14.500 14.500 14.500 14.500
14.500 14.500 14.500 14.500 14.500 14.500 14.500 14.500 14.500 14.500 14.500 14.500 14.500 14.500 14.452 14.106 13.754 14.196 14.342 14.483 14.500 14.500 14.500 14.500 14.166 14.364 14.413 14.500 14.500 14.500 14.500 14.500 14.500 14.500 14.500 14.500 14.500 14.500 14.500 14.500 14.500 14.500 14.500 14.500 14.500 14.417 12.658 11.476 12.573 13.330 13.824 14.230 14.442 14.500 14.500 14.500 14.500 14.500 14.500 14.500 14.500 14.500 14.500 14.500 14.500 14.500 14.500 14.500 14.500 14.500 14.500 14.500 14.500 14.500 14.500 14.500 14.500
14.500 14.500 14.500 14.500 14.500 14.500 14.500 14.500 14.500 14.500 14.500 14.488 14.287 13.862 13.183 12.067 11.535 12.187 12.565 12.828 12.995 13.097 13.219 13.985 12.223 12.394 12.450 12.668 13.133 13.733 14.263 14.500 14.500 14.500 14.500 14.500 14.500 14.500 14.500 14.500 14.500 14.500 14.500 14.500 14.500 14.070 12.684 11.415 11.756 12.211 12.731 13.291 13.513 13.927 14.046 13.918 14.500 14.292 14.328 14.366 14.329 14.362 14.417 14.487 14.500 14.500 14.500 14.500 14.500 14.500 14.500 14.500 14.500 14.500 14.500 14.500 14.500
14.500 14.500 14.500 14.500 14.500 14.500 14.500 14.500 14.500 14.162 14.224 14.017 13.669 13.156 12.107 11.919 11.718 12.162 12.546 12.822 13.002 13.115 13.238 14.056 12.310 12.433 12.472 12.614 12.951 13.467 14.015 14.415 14.500 14.500 14.500 14.500 14.500 14.500 14.500 14.500 14.500 14.500 14.500 13.839 13.145 12.574 11.809 11.741 11.810 12.012 12.380 12.912 13.671 13.848 13.985 13.893 14.500 14.323 14.353 14.387 14.357 14.392 14.443 14.500 14.500 14.500 14.500 14.500 14.500 14.500 14.500 14.500 14.500 14.500 14.500 14.500 14.500
14.500 14.500 14.500 14.500 14.500 14.500 14.500 14.500 14.500 13.483 13.516 13.109 12.603 11.881 12.022 11.903 11.737 11.988 12.269 12.495 12.646 12.764 12.895 13.623 12.049 12.147 12.195 12.299 12.556 12.995 13.599 14.206 14.500 14.500 14.500 14.500 14.500 14.500 14.500 14.500 14.500 13.970 13.471 12.959 12.542 12.141 11.457 11.643 11.774 11.918 12.139 12.504 13.245 13.718 13.872 13.783 14.500 14.198 14.250 14.294 14.292 14.343 14.424 14.500 14.500 14.500 14.500 14.500 14.500 14.500 14.500 14.500 14.500 14.500 14.500 14.500 14.500
14.500 14.500 14.500 14.500 14.500 14.500 14.500 14.500 14.500 13.806 13.904 13.502 12.821 12.078 11.851 12.169 12.108 12.412 12.815 13.156 13.480 13.579 13.568 14.272 12.633 12.714 12.797 13.090 13.353 13.750 14.180 14.455 14.500 14.500 14.500 14.500 14.500 14.500 14.500 14.500 14.500 12.871 12.638 12.364 12.066 11.715 11.265 11.628 11.792 11.940 12.121 12.562 13.059 13.551 13.864 13.908 14.500 14.386 14.408 14.411 14.427 14.477 14.500 14.500 14.500 14.500 14.500 14.500 14.500 14.500 14.500 14.500 14.500 14.500 14.500 14.500 14.500
14.500 14.500 14.500 14.500 14.500 14.500 14.500 14.500 14.500 13.582 13.708 13.150 12.475 11.850 11.383 12.053 12.139 12.372 12.714 13.052 13.373 13.593 13.734 14.494 13.153 13.271 13.220 13.220 13.323 13.563 13.922 14.319 14.500 14.500 14.500 14.500 14.500 14.500 13.983 13.938 14.292 12.640 12.477 12.229 11.942 11.410 11.422 11.600 11.778 11.937 12.098 12.532 12.818 13.219 13.620 13.718 14.500 14.435 14.454 14.449 14.478 14.500 14.500 14.500 14.500 14.500 14.500 14.500 14.500 14.500 14.500 14.500 14.500 14.500 14.500 14.500 14.500
14.500 14.500 14.500 14.500 14.500 14.500 14.500 14.500 14.500 13.419 13.440 12.828 12.210 11.722 11.465 11.807 12.116 12.348 12.650 12.971 13.284 13.529 13.713 14.500 13.491 13.411 13.380 13.368 13.397 13.510 13.747 14.227 14.500 14.500 14.500 14.500 14.500 14.500 13.796 13.256 13.837 12.426 12.312 12.086 11.812 11.240 11.422 11.591 11.763 11.928 12.089 12.496 12.703 12.981 13.328 13.425 14.500 14.493 14.500 14.500 14.500 14.500 14.500 14.500 14.500 14.500 14.500 14.500 14.500 14.500 14.500 14.500 14.500 14.500 14.500 14.500 14.500
14.500 14.500 14.500 14.500 14.500 14.500 14.500 14.500 14.500 13.199 13.128 12.546 12.015 11.641 11.438 11.396 12.062 12.324 12.607 12.907 13.213 13.469 13.727 14.500 13.748 13.573 13.489 13.487 13.505 13.559 13.709 14.352 14.500 14.500 14.500 14.500 14.500 14.350 13.705 13.395 14.060 12.223 12.152 11.942 11.664 11.085 11.407 11.586 11.754 11.918 12.081 12.481 12.654 12.858 13.113 13.195 14.500 14.462 14.500 14.500 14.500 14.500 14.500 14.500 14.500 14.500 14.500 14.500 14.500 14.500 14.500 14.500 14.500 14.500 14.500 14.500 14.500
14.500 14.500 14.500 14.500 14.500 14.500 14.500 14.500 14.500 12.920 12.849 12.311 11.873 11.571 11.369 11.128 11.984 12.295 12.576 12.864 13.157 13.430 13.763 14.500 13.890 13.850 13.540 13.551 13.582 13.630 13.785 14.500 14.500 14.500 14.500 14.500 14.500 14.111 13.732 13.564 14.383 12.006 11.969 11.781 11.459 11.275 11.420 11.585 11.749 11.912 12.076 12.472 12.632 12.797 12.985 13.052 14.500 14.374 14.495 14.500 14.500 14.500 14.500 14.500 14.500 14.500 14.500 14.500 14.500 14.500 14.500 14.500 14.500 14.500 14.500 14.500 14.500
14.500 14.500 14.500 14.500 14.500 14.500 14.500 14.500 14.500 12.669 12.604 12.133 11.774 11.542 11.408 11.374 11.756 12.254 12.548 12.831 13.114 13.455 13.757 14.500 13.990 14.032 13.804 13.621 13.649 13.700 13.936 14.500 14.500 14.500 14.500 14.500 14.478 14.037 13.815 13.708 14.500 11.914 11.747 11.615 11.204 11.296 11.440 11.595 11.751 11.907 12.228 12.452 12.600 12.755 12.920 12.988 14.500 14.297 14.451 14.500 14.500 14.500 14.500 14.500 14.500 14.500 14.500 14.500 14.500 14.500 14.500 14.500 14.500 14.500 14.500 14.500 14.500
14.500 14.500 14.500 14.500 14.500 14.500 14.500 14.500 14.500 12.506 12.408 12.004 11.716 11.537 11.434 11.381 11.357 12.193 12.518 12.804 13.115 13.448 13.750 14.500 14.063 14.155 14.010 13.819 13.729 13.780 14.252 14.500 14.500 14.500 14.500 14.500 14.330 13.977 13.787 13.666 14.500 11.893 11.692 11.407 11.054 11.292 11.448 11.595 11.741 11.893 12.282 12.440 12.589 12.737 12.889 12.954 14.500 14.204 14.388 14.500 14.500 14.500 14.500 14.500 14.500 14.500 14.500 14.500 14.500 14.500 14.500 14.500 14.500 14.500 14.500 14.500 14.500
14.500 14.500 14.500 14.500 14.500 14.500 14.500 14.500 14.500 12.596 12.267 11.925 11.688 11.543 11.455 11.389 11.319 12.103 12.482 12.790 13.134 13.440 13.749 14.500 14.124 14.247 14.160 14.049 13.863 13.895 14.500 14.500 14.500 14.500 14.500 14.500 14.157 13.833 13.626 13.482 14.500 11.755 11.552 11.236 10.864 11.254 11.436 11.594 11.745 11.899 12.284 12.437 12.582 12.727 12.872 12.935 14.500 14.105 14.326 14.500 14.500 14.500 14.500 14.500 14.500 14.500 14.500 14.500 14.500 14.500 14.500 14.500 14.500 14.500 14.500 14.500 14.500
14.500 14.500 14.500 14.500 14.500 14.500 14.500 14.500 14.500 13.817 12.387 11.903 11.690 11.570 11.505 11.474 11.486 11.822 12.434 12.810 13.133 13.435 13.752 14.500 14.170 14.317 14.275 14.213 14.120 14.016 14.500 14.500 14.500 14.500 14.500 14.451 13.734 13.229 12.838 12.512 13.258 11.668 11.547 11.268 11.138 11.233 11.426 11.593 11.750 11.937 12.289 12.436 12.580 12.722 12.863 12.924 14.500 14.004 14.365 14.500 14.500 14.500 14.500 14.500 14.500 14.500 14.500 14.500 14.500 14.500 14.500 14.500 14.500 14.500 14.500 14.500 14.500
14.500 14.500 14.500 14.500 14.500 14.500 14.500 14.500 14.500 14.500 13.899 12.259 11.815 11.658 11.578 11.520 11.478 11.378 12.396 12.803 13.133 13.436 13.757 14.500 14.212 14.368 14.362 14.340 14.297 14.341 14.500 14.500 14.500 14.500 14.500 13.809 13.399 13.020 12.731 12.532 13.196 11.727 11.608 11.287 11.288 11.310 11.413 11.588 11.754 12.137 12.293 12.438 12.580 12.720 12.858 12.919 14.500 13.927 14.357 14.480 14.500 14.500 14.500 14.500 14.500 14.500 14.500 14.500 14.500 14.500 14.500 14.500 14.500 14.500 14.500 14.500 14.500
14.500 14.500 14.500 14.500 14.500 14.500 14.500 14.500 14.500 14.500 14.500 13.061 12.559 12.392 12.260 12.131 11.950 11.727 12.192 12.715 13.052 13.353 13.675 14.500 14.088 14.301 14.335 14.343 14.333 14.500 14.500 14.500 14.500 14.500 14.500 13.810 13.396 13.034 12.766 12.615 13.251 11.793 11.675 11.300 11.366 11.418 11.466 11.581 11.757 12.140 12.295 12.440 12.581 12.720 12.857 12.917 14.500 13.882 14.293 14.430 14.500 14.500 14.500 14.500 14.500 14.500 14.500 14.500 14.500 14.500 14.500 14.500 14.500 14.500 14.500 14.500 14.500
14.500 14.500 14.500 14.500 14.500 14.500 14.500 14.500 14.500 14.500 14.209 12.505 11.942 11.720 11.593 11.509 11.461 11.287 12.124 12.668 13.028 13.337 13.666 14.500 14.104 14.324 14.375 14.408 14.468 14.500 14.500 14.500 14.500 14.500 14.500 13.832 13.417 13.071 12.827 12.715 13.324 11.859 11.691 11.548 11.532 11.560 11.600 11.640 11.770 12.148 12.301 12.446 12.587 12.725 12.861 12.921 14.500 13.972 14.253 14.384 14.492 14.500 14.500 14.500 14.500 14.500 14.500 14.500 14.500 14.500 14.500 14.500 14.500 14.500 14.500 14.500 14.500
