includes/lisflood/camargue/results_R3_t1.56174127354E12/res.max
ncols         906
nrows         631
xllcorner     362177.146667
yllcorner     6534725.688020
cellsize      20.000000
NODATA_value  -9999.000000
[rows 544 to 577 of 631, columns 770 to 846 of 906]
12.818 12.826 12.834 12.868 12.943 13.018 13.092 13.166 13.240 13.314 13.388 13.535 13.535 13.608 13.682 13.755 13.830 13.909 13.979 14.034 14.089 14.144 14.200 14.255 14.310 14.365 14.420 14.530 14.530 14.584 14.638 14.692 14.745 14.799 14.853 14.876 14.890 14.906 14.921 14.937 14.952 14.991 15.044 15.097 15.097 15.204 15.257 15.310 15.364 15.417 15.470 15.523 15.538 15.533 15.550 15.615 15.681 15.746 15.812 15.878 15.878 16.009 16.074 16.140 16.211 16.289 16.367 16.437 16.425 16.484 16.543 16.601 16.660 16.719 16.777 16.836 16.836
12.801 12.809 12.817 12.825 12.866 12.940 13.014 13.088 13.161 13.235 13.308 13.455 13.455 13.528 13.602 13.675 13.752 13.831 13.910 13.978 14.034 14.089 14.144 14.199 14.254 14.309 14.365 14.474 14.474 14.528 14.582 14.636 14.689 14.742 14.796 14.849 14.869 14.885 14.900 14.916 14.932 14.983 15.036 15.089 15.089 15.196 15.249 15.302 15.355 15.409 15.462 15.515 15.569 15.576 15.620 15.685 15.751 15.816 15.883 15.961 15.961 16.116 16.193 16.271 16.349 16.427 16.504 16.529 16.477 16.499 16.557 16.616 16.675 16.733 16.792 16.851 16.851
12.784 12.792 12.800 12.807 12.813 12.861 12.935 13.008 13.081 13.155 13.228 13.375 13.375 13.448 13.522 13.595 13.674 13.753 13.832 13.912 13.978 14.033 14.088 14.144 14.199 14.254 14.309 14.418 14.418 14.472 14.526 14.579 14.632 14.686 14.740 14.793 14.847 14.864 14.880 14.895 14.921 14.975 15.028 15.081 15.081 15.188 15.241 15.294 15.347 15.401 15.454 15.507 15.561 15.633 15.710 15.788 15.866 15.944 16.022 16.099 16.099 16.254 16.332 16.410 16.488 16.565 16.643 16.621 16.569 16.518 16.572 16.631 16.690 16.748 16.807 16.865 16.865
12.758 12.764 12.770 12.776 12.784 12.797 12.855 12.928 13.002 13.075 13.148 13.295 13.295 13.368 13.442 13.517 13.596 13.675 13.754 13.834 13.913 13.978 14.033 14.088 14.143 14.198 14.254 14.362 14.362 14.416 14.469 14.523 14.576 14.630 14.684 14.737 14.791 14.844 14.859 14.875 14.913 14.966 15.020 15.073 15.073 15.180 15.233 15.286 15.349 15.436 15.524 15.612 15.700 15.778 15.848 15.926 16.004 16.082 16.160 16.237 16.237 16.393 16.471 16.549 16.626 16.704 16.764 16.713 16.661 16.610 16.587 16.646 16.704 16.763 16.822 16.880 16.880
12.726 12.732 12.738 12.744 12.756 12.769 12.782 12.848 12.922 12.995 13.068 13.215 13.215 13.288 13.362 13.439 13.518 13.597 13.676 13.756 13.835 13.914 13.977 14.032 14.088 14.143 14.198 14.306 14.306 14.359 14.413 14.467 14.520 14.574 14.628 14.681 14.735 14.789 14.839 14.854 14.905 14.958 15.012 15.065 15.065 15.238 15.326 15.414 15.502 15.589 15.676 15.764 15.852 15.925 15.994 16.065 16.143 16.220 16.298 16.376 16.376 16.532 16.610 16.687 16.765 16.843 16.856 16.805 16.753 16.702 16.650 16.660 16.719 16.778 16.836 16.895 16.895
12.695 12.701 12.707 12.714 12.728 12.741 12.754 12.768 12.842 12.915 12.988 13.135 13.135 13.208 13.282 13.361 13.440 13.519 13.598 13.678 13.757 13.836 13.915 13.977 14.032 14.087 14.142 14.250 14.250 14.303 14.357 14.411 14.464 14.518 14.572 14.625 14.679 14.733 14.787 14.865 14.952 15.040 15.128 15.216 15.216 15.391 15.479 15.567 15.654 15.742 15.829 15.917 16.002 16.071 16.140 16.209 16.281 16.359 16.437 16.515 16.515 16.671 16.748 16.826 16.904 16.982 16.948 16.897 16.845 16.794 16.742 16.691 16.734 16.792 16.851 16.909 16.909
12.664 12.670 12.676 12.686 12.699 12.713 12.726 12.739 12.762 12.835 12.908 13.055 13.055 13.129 13.204 13.283 13.362 13.441 13.520 13.600 13.679 13.758 13.837 13.916 13.977 14.032 14.086 14.194 14.194 14.247 14.301 14.355 14.408 14.462 14.517 14.619 14.721 14.823 14.925 15.018 15.105 15.193 15.281 15.369 15.369 15.544 15.631 15.719 15.807 15.895 15.982 16.070 16.148 16.217 16.286 16.355 16.424 16.498 16.576 16.654 16.654 16.809 16.887 16.965 17.043 17.091 17.040 16.988 16.937 16.886 16.834 16.782 16.748 16.806 16.865 16.923 16.923
12.633 12.639 12.644 12.658 12.671 12.685 12.698 12.711 12.725 12.755 12.828 12.975 12.975 13.049 13.126 13.205 13.284 13.363 13.442 13.522 13.601 13.680 13.759 13.838 13.918 13.976 14.030 14.138 14.138 14.191 14.268 14.370 14.472 14.574 14.676 14.778 14.880 14.982 15.083 15.171 15.258 15.346 15.434 15.522 15.521 15.696 15.784 15.872 15.960 16.048 16.135 16.223 16.294 16.363 16.432 16.501 16.570 16.639 16.715 16.792 16.792 16.948 17.026 17.104 17.182 17.183 17.132 17.079 17.028 16.977 16.925 16.874 16.822 16.821 16.880 16.938 16.938
12.601 12.607 12.616 12.630 12.643 12.656 12.670 12.683 12.696 12.710 12.749 12.895 12.895 12.969 13.048 13.127 13.206 13.285 13.365 13.444 13.523 13.602 13.681 13.761 13.840 13.919 14.019 14.223 14.223 14.324 14.426 14.528 14.630 14.732 14.834 14.936 15.038 15.140 15.236 15.324 15.412 15.499 15.587 15.674 15.674 15.849 15.937 16.025 16.113 16.201 16.288 16.371 16.440 16.509 16.578 16.647 16.716 16.786 16.855 16.931 16.931 17.087 17.165 17.243 17.320 17.274 17.223 17.171 17.120 17.068 17.017 16.966 16.914 16.863 16.894 16.953 16.953
12.570 12.576 12.588 12.602 12.615 12.628 12.642 12.655 12.668 12.682 12.695 12.815 12.815 12.891 12.970 13.049 13.128 13.207 13.287 13.366 13.445 13.540 13.654 13.768 13.882 14.013 14.177 14.381 14.381 14.483 14.585 14.687 14.789 14.891 14.993 15.095 15.197 15.299 15.389 15.477 15.565 15.652 15.740 15.827 15.827 16.003 16.090 16.178 16.266 16.354 16.442 16.517 16.586 16.655 16.724 16.793 16.862 16.932 17.001 17.070 17.070 17.226 17.303 17.380 17.418 17.366 17.315 17.263 17.212 17.160 17.109 17.058 17.006 16.955 16.909 16.951 16.951
12.539 12.547 12.560 12.574 12.587 12.600 12.614 12.627 12.640 12.654 12.667 12.736 12.736 12.813 12.892 12.971 13.050 13.164 13.278 13.392 13.506 13.620 13.734 13.848 13.962 14.114 14.284 14.539 14.539 14.641 14.743 14.845 14.947 15.049 15.151 15.253 15.355 15.455 15.542 15.630 15.718 15.806 15.893 15.980 15.980 16.156 16.243 16.331 16.419 16.507 16.594 16.663 16.732 16.801 16.870 16.939 17.009 17.078 17.147 17.216 17.216 17.364 17.441 17.519 17.509 17.458 17.407 17.355 17.304 17.252 17.201 17.149 17.098 17.026 16.947 16.944 16.944
12.508 12.519 12.532 12.545 12.559 12.572 12.586 12.599 12.612 12.625 12.639 12.679 12.679 12.788 12.902 13.016 13.130 13.244 13.358 13.472 13.586 13.700 13.813 13.927 14.046 14.215 14.386 14.698 14.698 14.800 14.902 15.004 15.106 15.208 15.310 15.412 15.514 15.608 15.696 15.783 15.871 15.959 16.045 16.133 16.133 16.309 16.396 16.484 16.572 16.660 16.740 16.809 16.878 16.947 17.016 17.086 17.155 17.224 17.293 17.361 17.361 17.502 17.580 17.653 17.601 17.550 17.499 17.447 17.396 17.340 17.260 17.180 17.101 17.021 16.941 16.940 16.940
12.508 12.519 12.532 12.546 12.559 12.572 12.586 12.599 12.612 12.626 12.639 12.679 12.679 12.788 12.902 13.016 13.130 13.244 13.358 13.472 13.586 13.700 13.813 13.927 14.046 14.215 14.386 14.698 14.698 14.800 14.902 15.004 15.106 15.208 15.310 15.412 15.514 15.608 15.696 15.783 15.871 15.959 16.045 16.133 16.133 16.309 16.396 16.484 16.572 16.660 16.740 16.809 16.878 16.947 17.016 17.086 17.155 17.223 17.292 17.361 17.361 17.502 17.580 17.653 17.601 17.550 17.499 17.447 17.396 17.340 17.260 17.180 17.101 17.021 16.941 16.940 16.940
12.477 12.491 12.504 12.517 12.531 12.544 12.558 12.593 12.627 12.662 12.697 12.785 12.785 12.868 12.982 13.095 13.209 13.323 13.437 13.551 13.665 13.779 13.893 14.007 14.147 14.317 14.487 14.826 14.825 14.958 15.060 15.162 15.264 15.366 15.468 15.570 15.672 15.761 15.849 15.936 16.024 16.111 16.199 16.286 16.286 16.462 16.549 16.637 16.725 16.813 16.886 16.955 17.024 17.093 17.163 17.232 17.300 17.369 17.438 17.507 17.507 17.645 17.719 17.745 17.693 17.642 17.573 17.494 17.414 17.334 17.255 17.175 17.095 17.016 16.936 16.935 16.935
12.449 12.471 12.506 12.541 12.576 12.610 12.645 12.680 12.715 12.749 12.784 12.891 12.891 12.974 13.061 13.175 13.289 13.403 13.517 13.631 13.745 13.859 13.973 14.087 14.248 14.418 14.588 14.927 14.926 15.096 15.219 15.321 15.423 15.525 15.627 15.729 15.826 15.914 16.002 16.090 16.177 16.265 16.352 16.439 16.439 16.615 16.703 16.790 16.878 16.963 17.032 17.101 17.170 17.239 17.309 17.377 17.446 17.515 17.584 17.653 17.653 17.792 17.855 17.807 17.727 17.648 17.568 17.488 17.409 17.329 17.249 17.170 17.090 17.010 16.930 16.929 16.929
12.561 12.646 12.680 12.715 12.750 12.785 12.819 12.854 12.889 12.924 12.958 13.104 13.104 13.186 13.269 13.351 13.448 13.562 13.676 13.790 13.904 14.018 14.132 14.280 14.450 14.620 14.790 15.129 15.129 15.298 15.468 15.638 15.740 15.842 15.944 16.045 16.133 16.220 16.308 16.396 16.483 16.571 16.658 16.746 16.746 16.921 17.009 17.096 17.184 17.255 17.324 17.393 17.447 17.489 17.529 17.571 17.613 17.654 17.696 17.737 17.737 17.821 17.814 17.759 17.704 17.637 17.557 17.478 17.398 17.318 17.238 17.159 17.078 16.998 16.919 16.919 16.919
12.598 12.696 12.767 12.802 12.837 12.872 12.907 12.941 12.976 13.011 13.046 13.210 13.210 13.292 13.375 13.457 13.539 13.642 13.756 13.870 13.984 14.098 14.212 14.381 14.551 14.721 14.891 15.230 15.230 15.399 15.569 15.739 15.898 16.000 16.102 16.198 16.286 16.373 16.461 16.549 16.637 16.723 16.811 16.899 16.899 17.074 17.162 17.240 17.289 17.326 17.367 17.409 17.451 17.492 17.533 17.575 17.616 17.658 17.699 17.741 17.741 17.824 17.782 17.727 17.672 17.617 17.552 17.472 17.392 17.313 17.232 17.152 17.073 16.993 16.913 16.914 16.914
12.634 12.733 12.831 12.889 12.924 12.959 12.994 13.029 13.063 13.098 13.151 13.316 13.316 13.398 13.481 13.563 13.646 13.728 13.836 13.950 14.064 14.178 14.312 14.482 14.652 14.822 14.992 15.331 15.331 15.500 15.670 15.840 16.010 16.159 16.261 16.351 16.439 16.527 16.614 16.702 16.789 16.872 16.949 17.026 17.026 17.180 17.257 17.334 17.342 17.329 17.371 17.413 17.454 17.496 17.536 17.578 17.620 17.661 17.703 17.745 17.745 17.805 17.750 17.695 17.640 17.585 17.530 17.467 17.387 17.306 17.227 17.147 17.067 16.988 16.908 16.910 16.910
12.671 12.769 12.867 12.966 13.011 13.046 13.081 13.116 13.150 13.185 13.257 13.422 13.422 13.505 13.587 13.669 13.752 13.834 13.916 14.029 14.143 14.257 14.413 14.583 14.753 14.923 15.093 15.432 15.432 15.601 15.771 15.941 16.111 16.281 16.417 16.504 16.581 16.658 16.736 16.813 16.889 16.966 17.043 17.120 17.120 17.274 17.351 17.414 17.395 17.376 17.375 17.416 17.458 17.499 17.540 17.582 17.623 17.665 17.707 17.748 17.748 17.773 17.718 17.663 17.608 17.553 17.498 17.443 17.382 17.301 17.221 17.142 17.062 16.982 16.902 16.905 16.905
12.707 12.806 12.904 13.002 13.099 13.133 13.168 13.203 13.238 13.281 13.364 13.528 13.528 13.611 13.693 13.775 13.858 13.940 14.023 14.109 14.223 14.344 14.514 14.684 14.854 15.024 15.194 15.533 15.533 15.703 15.891 16.092 16.293 16.494 16.556 16.598 16.675 16.752 16.830 16.907 16.983 17.060 17.137 17.214 17.214 17.368 17.445 17.468 17.448 17.429 17.409 17.420 17.461 17.502 17.544 17.585 17.627 17.669 17.710 17.752 17.752 17.741 17.686 17.631 17.576 17.521 17.466 17.411 17.355 17.296 17.216 17.136 17.056 16.977 16.897 16.900 16.900
12.744 12.842 12.941 13.039 13.137 13.220 13.255 13.290 13.325 13.387 13.470 13.635 13.635 13.717 13.799 13.882 13.964 14.046 14.129 14.211 14.302 14.445 14.615 14.785 14.962 15.163 15.364 15.766 15.766 15.967 16.167 16.368 16.569 16.761 16.732 16.703 16.769 16.846 16.923 17.001 17.077 17.154 17.231 17.308 17.308 17.462 17.539 17.521 17.501 17.482 17.462 17.443 17.465 17.506 17.547 17.589 17.631 17.672 17.714 17.756 17.756 17.709 17.654 17.599 17.544 17.489 17.434 17.379 17.323 17.268 17.210 17.131 17.051 16.971 16.892 16.895 16.895
12.781 12.879 12.977 13.076 13.174 13.272 13.342 13.377 13.412 13.494 13.576 13.741 13.741 13.823 13.905 13.988 14.070 14.152 14.235 14.345 14.465 14.635 14.836 15.037 15.238 15.439 15.640 16.042 16.042 16.243 16.443 16.644 16.845 16.937 16.908 16.879 16.863 16.940 17.017 17.095 17.172 17.248 17.325 17.402 17.402 17.556 17.593 17.574 17.554 17.535 17.515 17.496 17.476 17.509 17.551 17.593 17.634 17.676 17.717 17.759 17.759 17.677 17.622 17.567 17.512 17.457 17.402 17.347 17.291 17.236 17.181 17.125 17.046 16.966 16.886 16.890 16.890
12.817 12.916 13.014 13.112 13.211 13.309 13.407 13.464 13.517 13.600 13.682 13.847 13.847 13.933 14.054 14.174 14.295 14.415 14.535 14.655 14.784 14.928 15.112 15.313 15.514 15.715 15.916 16.318 16.318 16.519 16.720 16.921 17.122 17.113 17.084 17.055 17.026 17.034 17.111 17.188 17.266 17.342 17.419 17.496 17.496 17.650 17.646 17.627 17.607 17.588 17.568 17.548 17.529 17.513 17.555 17.596 17.638 17.679 17.721 17.755 17.755 17.645 17.590 17.535 17.480 17.425 17.370 17.314 17.259 17.204 17.149 17.094 17.039 16.960 16.881 16.886 16.886
12.854 12.952 13.051 13.149 13.247 13.346 13.444 13.542 13.642 13.762 13.882 14.123 14.123 14.243 14.364 14.484 14.605 14.725 14.844 14.965 15.104 15.248 15.393 15.589 15.790 15.991 16.193 16.595 16.595 16.796 16.996 17.197 17.318 17.289 17.260 17.231 17.202 17.172 17.205 17.282 17.360 17.436 17.513 17.590 17.590 17.719 17.699 17.680 17.660 17.641 17.622 17.601 17.582 17.562 17.558 17.600 17.641 17.683 17.725 17.723 17.723 17.613 17.558 17.503 17.448 17.393 17.338 17.282 17.227 17.172 17.118 17.063 17.008 16.953 16.875 16.881 16.881
12.890 12.989 13.087 13.188 13.335 13.481 13.628 13.778 13.952 14.072 14.192 14.433 14.433 14.553 14.674 14.794 14.914 15.035 15.155 15.279 15.424 15.568 15.713 15.866 16.067 16.268 16.469 16.871 16.871 17.072 17.272 17.473 17.494 17.465 17.436 17.407 17.378 17.348 17.319 17.376 17.453 17.530 17.607 17.684 17.684 17.772 17.752 17.733 17.713 17.694 17.675 17.654 17.635 17.615 17.596 17.603 17.645 17.687 17.728 17.691 17.691 17.581 17.526 17.471 17.416 17.361 17.306 17.250 17.196 17.141 17.086 17.031 16.976 16.921 16.866 16.817 16.817
13.003 13.150 13.296 13.443 13.589 13.736 13.882 14.043 14.218 14.382 14.502 14.743 14.743 14.863 14.984 15.104 15.224 15.345 15.465 15.599 15.744 15.888 16.033 16.177 16.343 16.544 16.745 17.147 17.147 17.348 17.548 17.699 17.670 17.641 17.612 17.583 17.554 17.524 17.495 17.470 17.547 17.624 17.701 17.778 17.778 17.825 17.805 17.786 17.766 17.747 17.728 17.708 17.688 17.668 17.649 17.630 17.649 17.690 17.714 17.659 17.659 17.549 17.494 17.439 17.384 17.329 17.275 17.219 17.164 17.100 17.027 16.954 16.880 16.807 16.745 16.703 16.703
13.258 13.404 13.551 13.697 13.844 13.990 14.137 14.309 14.483 14.658 14.812 15.053 15.053 15.173 15.293 15.414 15.534 15.655 15.776 15.920 16.064 16.209 16.353 16.498 16.642 16.820 17.021 17.423 17.423 17.624 17.826 17.875 17.846 17.817 17.788 17.759 17.730 17.700 17.671 17.642 17.641 17.718 17.795 17.872 17.872 17.878 17.858 17.839 17.820 17.800 17.781 17.761 17.741 17.721 17.702 17.683 17.663 17.694 17.682 17.627 17.627 17.517 17.462 17.408 17.334 17.261 17.188 17.113 17.040 16.966 16.893 16.819 16.746 16.672 16.627 16.584 16.584
13.512 13.659 13.805 13.952 14.098 14.245 14.399 14.574 14.748 14.922 15.097 15.362 15.362 15.483 15.603 15.724 15.844 15.964 16.096 16.240 16.384 16.529 16.673 16.818 16.962 17.107 17.297 17.700 17.700 17.901 18.081 18.051 18.022 17.993 17.964 17.935 17.906 17.876 17.847 17.818 17.789 17.812 17.889 17.966 17.966 17.931 17.911 17.892 17.873 17.853 17.834 17.814 17.794 17.775 17.755 17.736 17.716 17.697 17.641 17.567 17.567 17.421 17.347 17.274 17.200 17.127 17.053 16.980 16.905 16.832 16.759 16.685 16.612 16.552 16.509 16.466 16.466
13.512 13.659 13.805 13.952 14.098 14.245 14.399 14.574 14.748 14.922 15.097 15.362 15.362 15.483 15.603 15.724 15.844 15.964 16.096 16.241 16.384 16.529 16.673 16.818 16.962 17.107 17.297 17.700 17.700 17.901 18.081 18.051 18.022 17.993 17.964 17.935 17.906 17.876 17.847 17.818 17.789 17.812 17.890 17.966 17.966 17.931 17.911 17.892 17.873 17.853 17.834 17.814 17.794 17.775 17.755 17.736 17.716 17.697 17.641 17.567 17.567 17.421 17.347 17.274 17.200 17.127 17.053 16.980 16.905 16.832 16.759 16.685 16.612 16.552 16.509 16.466 16.466
13.767 13.913 14.060 14.206 14.353 14.499 14.664 14.838 15.012 15.187 15.362 15.672 15.672 15.793 15.913 16.034 16.154 16.274 16.416 16.561 16.704 16.849 16.993 17.138 17.282 17.427 17.574 17.976 17.976 18.177 18.258 18.227 18.198 18.169 18.140 18.111 18.081 18.052 18.023 17.994 17.965 17.936 17.983 18.023 18.023 17.984 17.965 17.945 17.926 17.906 17.887 17.852 17.811 17.768 17.726 17.684 17.643 17.585 17.507 17.433 17.433 17.286 17.213 17.139 17.066 16.993 16.919 16.846 16.772 16.698 16.624 16.551 16.477 16.434 16.391 16.348 16.348
14.021 14.168 14.314 14.461 14.607 14.754 14.928 15.103 15.277 15.452 15.627 15.977 15.977 16.103 16.223 16.343 16.464 16.592 16.737 16.881 17.025 17.169 17.314 17.458 17.603 17.747 17.891 18.252 18.252 18.453 18.434 18.403 18.374 18.345 18.316 18.287 18.257 18.228 18.199 18.170 18.141 18.112 18.082 18.076 18.076 17.993 17.951 17.910 17.868 17.826 17.784 17.743 17.701 17.659 17.616 17.575 17.533 17.456 17.375 17.299 17.299 17.152 17.079 17.005 16.932 16.858 16.785 16.711 16.638 16.564 16.490 16.417 16.359 16.316 16.273 16.231 16.231
14.530 14.676 14.823 14.969 15.116 15.283 15.458 15.632 15.807 15.982 16.157 16.507 16.507 16.682 16.843 16.963 17.088 17.232 17.377 17.521 17.665 17.809 17.954 18.098 18.243 18.387 18.532 18.806 18.806 18.769 18.710 18.650 18.592 18.533 18.474 18.415 18.356 18.297 18.238 18.179 18.120 18.061 17.974 17.879 17.879 17.774 17.732 17.690 17.648 17.607 17.565 17.523 17.481 17.440 17.397 17.355 17.278 17.197 17.116 17.036 17.036 16.884 16.810 16.737 16.663 16.590 16.516 16.443 16.369 16.296 16.223 16.168 16.124 16.081 16.038 15.995 15.995
14.784 14.931 15.077 15.224 15.373 15.548 15.722 15.897 16.072 16.247 16.422 16.772 16.772 16.947 17.121 17.273 17.408 17.552 17.697 17.841 17.985 18.100 18.215 18.329 18.444 18.558 18.673 18.825 18.825 18.713 18.654 18.594 18.535 18.476 18.417 18.358 18.299 18.241 18.182 18.123 18.064 17.994 17.900 17.805 17.805 17.664 17.622 17.580 17.538 17.497 17.455 17.413 17.371 17.330 17.288 17.229 17.148 17.068 16.987 16.906 16.906 16.749 16.676 16.602 16.529 16.456 16.382 16.309 16.235 16.162 16.093 16.050 16.007 15.963 15.920 15.877 15.877
15.055 15.186 15.332 15.478 15.638 15.813 15.987 16.162 16.337 16.512 16.687 17.037 17.037 17.211 17.385 17.550 17.625 17.739 17.854 17.968 18.082 18.196 18.311 18.425 18.540 18.654 18.768 18.807 18.807 18.692 18.597 18.538 18.479 18.420 18.361 18.302 18.243 18.184 18.125 18.066 18.007 17.920 17.826 17.732 17.731 17.554 17.512 17.470 17.429 17.387 17.345 17.303 17.262 17.220 17.178 17.101 17.019 16.938 16.858 16.777 16.777 16.615 16.542 16.468 16.395 16.321 16.248 16.174 16.101 16.027 15.975 15.932 15.889 15.846 15.802 15.759 15.759
