includes/lisflood/camargue/results_R3_t1.56174127354E12/res.totaltm
ncols         906
nrows         631
xllcorner     362177.146667
yllcorner     6534725.688020
cellsize      20.000000
NODATA_value  -9999.000000
[rows 374 to 407 of 631, columns 693 to 769 of 906]
3.720 13.331 13.325 4.262 0.000 0.000 7.215 12.068 11.499 12.042 3.857 5.077 1.370 0.710 6.455 0.000 0.000 0.000 0.000 0.000 0.000 0.000 0.000 0.000 0.000 0.000 0.000 0.000 7.050 7.189 7.025 7.785 8.658 7.248 6.396 9.789 9.919 0.000 10.227 10.767 10.748 10.747 10.799 10.372 10.358 0.000 10.045 10.000 9.952 9.751 9.686 9.615 5.890 0.000 0.000 0.000 0.000 0.000 0.000 0.000 0.000 0.000 0.000 8.124 8.832 8.787 8.959 8.725 8.950 9.808 10.247 14.150 13.741 13.507 7.651 14.205 14.199
3.423 13.348 5.016 0.000 0.000 0.000 0.000 0.000 0.000 0.000 0.000 0.000 0.000 11.438 4.144 11.449 11.394 0.689 0.997 10.859 1.966 1.380 10.666 0.000 0.000 0.000 0.000 0.000 0.000 0.000 0.000 0.000 0.000 0.000 9.421 9.758 9.947 0.000 10.332 10.736 10.720 10.726 10.554 10.174 10.195 10.179 10.089 10.049 9.996 9.875 9.597 8.457 0.000 0.000 0.000 0.000 0.000 0.000 0.000 0.000 0.000 6.962 7.908 8.324 14.061 9.143 10.104 10.502 9.887 9.523 14.123 7.339 14.170 13.849 14.201 14.213 8.606
13.377 13.365 0.000 0.000 13.223 13.215 13.203 6.299 6.460 0.000 0.000 0.000 0.000 0.000 0.000 0.000 0.000 0.000 0.000 0.000 0.000 0.000 0.000 0.000 0.000 0.000 0.000 0.000 0.000 0.000 0.000 0.000 0.000 0.000 9.449 9.589 9.975 10.269 10.306 0.000 0.000 10.475 0.000 10.138 0.000 10.126 10.104 9.914 9.901 8.873 0.000 0.000 0.000 0.000 0.000 0.000 0.000 0.000 0.000 0.000 7.076 8.080 7.901 14.054 9.016 9.197 14.113 9.177 14.148 10.283 7.427 8.929 9.764 9.655 8.902 14.247 8.859
13.392 0.000 0.000 13.306 13.290 13.219 13.175 13.167 13.156 13.147 13.101 13.093 5.805 5.670 5.918 5.524 5.395 6.106 5.675 5.718 8.722 12.696 12.678 5.518 5.733 0.000 0.000 0.000 5.444 5.574 0.000 0.000 9.027 9.387 9.429 9.458 9.946 9.896 10.274 0.000 0.000 0.000 2.380 9.989 9.965 10.105 10.070 0.000 0.000 0.000 0.000 0.000 0.000 0.000 0.000 0.000 0.000 0.000 0.000 7.128 7.865 8.459 8.747 8.309 8.868 9.788 8.612 9.091 10.028 10.731 7.689 14.193 14.213 14.228 14.238 14.260 13.839
0.000 0.000 8.408 13.398 10.243 5.610 5.259 5.907 5.878 6.047 5.844 13.085 13.065 13.025 12.994 12.982 12.923 12.845 12.825 12.807 11.613 6.971 7.497 11.515 11.488 5.768 12.538 0.000 0.000 8.810 9.014 9.069 9.297 9.344 9.385 9.429 0.000 0.000 10.056 0.000 0.000 0.000 0.000 9.963 0.000 0.000 0.000 0.000 0.000 0.000 0.000 0.000 0.000 0.000 0.000 0.000 0.000 0.000 7.785 13.961 13.964 7.874 14.063 14.073 8.607 11.494 11.901 14.161 11.970 14.190 14.188 14.195 14.216 14.231 10.122 14.500 14.500
0.000 5.912 8.140 13.415 9.081 5.626 5.289 7.692 6.722 7.220 6.310 13.073 13.055 13.025 12.989 12.977 12.923 12.845 12.825 12.807 9.555 7.967 7.670 8.775 8.854 5.662 12.523 12.500 0.000 0.000 9.001 9.057 9.236 9.278 9.310 9.370 0.000 0.000 10.034 0.000 0.000 0.000 0.000 9.919 0.000 0.000 0.000 0.000 0.000 0.000 0.000 0.000 0.000 0.000 0.000 0.000 0.000 5.407 7.515 11.882 13.991 7.871 14.074 10.799 8.552 13.101 13.182 14.179 12.014 14.203 14.192 14.200 14.225 14.238 10.038 12.410 14.095
5.659 7.166 8.028 13.436 9.045 5.751 5.210 4.795 4.877 0.000 0.000 0.000 5.539 13.016 13.005 5.611 5.396 5.612 5.619 12.776 5.516 12.671 12.650 12.630 12.605 12.555 12.544 12.509 12.500 0.000 8.921 9.008 8.648 9.216 9.234 9.322 8.846 0.000 0.000 0.000 0.000 0.000 0.000 0.000 0.000 0.000 0.000 0.000 0.000 0.000 0.000 0.000 0.000 0.000 0.000 0.000 8.205 7.852 8.213 14.051 8.330 14.076 8.332 9.868 14.132 11.971 8.869 10.383 9.047 14.213 8.504 8.758 9.201 9.157 10.388 12.577 9.037
7.312 13.464 13.454 13.446 8.897 5.878 5.238 4.139 4.164 0.000 0.000 0.000 0.000 5.659 12.973 12.923 12.913 12.902 12.851 12.725 12.699 12.683 12.625 12.603 12.582 12.560 12.550 12.537 12.485 0.000 8.843 8.927 8.933 9.144 8.899 9.125 8.628 7.276 8.054 0.000 0.000 0.000 0.000 0.000 0.000 0.000 0.000 0.000 0.000 0.000 0.000 0.000 0.000 0.000 4.555 6.334 8.582 8.444 9.224 10.210 10.862 8.776 9.606 11.294 8.726 14.132 14.144 8.073 9.851 9.076 8.849 9.076 9.691 9.627 10.371 11.987 11.584
13.492 13.502 13.499 13.500 9.884 7.025 5.315 4.542 4.680 3.221 0.000 0.000 0.000 0.000 0.000 0.000 0.000 0.000 12.843 12.782 8.260 12.682 12.657 12.613 12.601 12.590 12.520 12.509 0.000 0.000 8.763 7.820 8.868 9.055 7.870 9.075 8.821 8.782 8.278 8.100 8.027 7.585 4.832 6.106 5.411 0.000 0.000 0.000 0.000 0.000 0.000 0.000 0.000 7.014 8.175 7.863 14.072 14.089 8.824 11.040 10.246 8.686 8.763 14.173 12.968 8.075 8.647 8.866 9.731 9.133 9.643 9.040 10.022 9.923 10.670 13.032 12.853
13.509 13.519 13.540 13.549 7.857 8.027 5.732 5.022 5.075 2.917 0.000 0.000 0.000 0.000 0.000 0.000 0.000 0.000 0.000 0.000 12.682 12.586 5.062 5.400 5.229 12.564 0.000 0.000 0.000 8.554 8.590 8.777 8.824 8.859 8.816 8.730 8.779 8.631 8.573 8.487 8.389 7.317 7.206 6.173 5.101 0.000 0.000 0.000 0.000 0.000 0.000 0.000 7.313 8.525 14.053 14.068 14.082 10.963 11.669 12.470 11.361 8.735 14.180 7.480 14.213 11.185 10.480 9.941 10.110 10.001 9.927 9.922 10.325 10.151 10.672 12.390 12.715
13.542 13.355 8.992 13.579 13.593 13.623 7.006 5.371 5.419 2.120 0.000 0.000 0.000 0.000 0.000 0.000 0.000 4.632 7.069 0.000 0.000 0.000 0.000 0.000 0.000 0.000 0.000 8.087 8.117 8.522 8.540 8.556 8.785 8.811 8.521 8.640 8.727 0.000 6.049 7.317 7.316 5.914 5.767 6.126 5.500 0.000 0.000 0.000 0.000 0.000 5.952 7.951 8.525 7.995 8.718 8.425 8.324 8.308 14.158 10.211 14.182 14.205 14.190 14.184 8.388 10.935 10.881 10.652 10.457 10.349 10.459 10.399 10.679 10.337 10.672 11.907 12.497
13.580 13.587 13.626 13.620 13.624 13.633 7.708 6.694 6.741 4.151 2.565 0.000 0.000 0.000 0.000 0.000 0.000 0.000 7.127 7.204 7.239 7.265 7.380 7.202 7.225 6.998 7.372 8.027 7.917 8.115 8.468 8.494 8.421 8.451 7.806 8.317 8.661 7.047 7.799 4.695 4.649 5.785 4.836 5.007 0.000 0.000 0.000 0.000 0.000 6.466 8.460 8.547 8.498 8.798 8.652 8.451 12.453 10.201 12.160 14.199 9.763 14.213 14.206 8.841 8.776 10.046 10.860 10.837 10.938 11.233 11.023 10.726 11.137 10.558 10.725 11.576 12.222
13.606 13.624 13.670 13.681 13.631 13.692 9.775 8.245 8.196 5.244 3.752 3.816 0.000 0.000 0.000 0.000 0.000 0.000 0.000 0.000 6.755 7.402 7.479 7.523 7.573 7.668 7.694 8.001 7.990 8.057 7.923 7.688 6.290 8.414 8.209 8.394 8.450 8.388 8.305 7.566 7.493 0.000 0.000 0.000 0.000 0.000 0.000 0.000 7.158 8.256 8.678 8.754 8.960 9.081 8.835 8.684 8.979 8.964 8.880 13.230 8.853 14.229 8.913 9.406 9.089 10.079 11.540 12.030 11.884 11.640 11.417 11.070 11.663 10.830 10.868 11.368 11.951
13.625 13.648 13.666 13.699 13.898 13.907 7.732 13.882 13.856 6.690 5.319 3.963 3.611 0.000 0.000 0.000 0.000 0.000 0.000 0.000 0.000 0.000 6.411 7.539 7.570 7.636 7.612 7.832 7.947 7.522 7.822 7.736 6.764 7.958 8.149 8.296 8.386 6.584 6.554 3.560 3.493 0.000 0.000 0.000 0.000 0.000 5.580 7.579 8.362 8.471 14.109 14.124 8.443 14.091 8.911 8.779 14.186 14.199 14.164 14.223 14.236 14.261 14.259 14.284 13.480 14.106 9.100 11.649 11.810 11.769 11.665 11.349 12.131 11.114 11.068 11.293 11.742
13.678 9.903 13.689 13.923 10.908 13.944 13.940 8.903 8.959 13.938 7.113 5.719 4.809 2.121 0.000 0.000 0.000 0.000 0.000 0.000 0.000 0.000 0.000 4.635 4.694 7.468 0.000 0.000 0.000 0.000 0.000 0.000 0.000 0.000 0.000 0.000 0.000 0.000 0.000 0.000 0.000 0.000 0.000 0.000 0.000 5.762 7.714 8.608 8.661 9.311 12.884 8.988 14.157 13.269 8.962 14.180 14.186 14.195 14.220 9.550 9.845 12.906 9.186 9.201 14.483 14.500 14.127 13.365 12.762 12.354 12.093 11.693 12.625 11.379 11.300 11.356 11.628
13.882 13.927 12.462 13.937 13.957 13.978 10.951 8.786 8.899 9.224 9.208 8.232 6.705 5.789 4.825 0.000 0.000 0.000 0.000 0.000 0.000 0.000 0.000 0.000 0.000 0.000 0.000 4.300 3.918 4.903 5.057 5.250 5.135 5.092 4.807 3.982 1.467 0.000 0.000 0.000 0.000 0.000 0.000 0.000 6.086 8.361 8.717 8.649 14.128 8.698 14.130 11.363 11.205 14.200 14.204 8.992 14.207 14.208 8.880 9.559 9.067 12.838 13.543 12.909 14.108 14.471 14.382 14.078 13.611 13.131 12.747 12.110 13.218 11.659 11.554 11.520 11.629
13.800 13.950 13.954 13.979 13.980 13.997 10.576 9.527 9.017 8.797 10.221 8.607 8.231 8.130 7.006 6.352 5.436 0.000 0.000 0.000 0.000 0.000 0.000 3.967 3.878 5.182 5.562 6.502 6.747 7.552 7.943 7.483 7.671 8.133 7.147 6.500 5.534 4.350 2.696 0.961 0.959 2.355 4.485 5.875 7.989 8.250 8.738 9.069 10.473 8.786 8.536 10.220 14.200 12.438 11.446 9.411 9.011 8.998 9.014 9.943 10.038 13.662 13.660 13.394 13.818 14.323 14.375 14.287 14.081 13.756 13.349 12.586 13.785 11.982 11.841 11.750 11.750
13.957 13.984 8.181 11.411 9.174 14.005 14.030 14.022 14.022 14.016 14.021 14.031 8.972 9.100 8.365 8.316 7.477 6.960 6.692 6.276 5.980 6.235 6.559 6.951 6.872 8.112 7.702 13.677 8.214 8.965 8.962 13.630 8.146 8.210 7.369 8.440 7.601 6.790 5.263 4.704 4.705 5.097 6.181 7.553 7.895 9.105 8.893 8.463 10.405 10.238 7.490 7.559 7.601 12.775 14.266 9.197 9.396 9.248 9.161 10.123 10.184 13.040 13.451 13.448 13.678 14.140 14.318 14.332 14.260 14.095 13.829 13.076 14.211 12.357 12.166 12.028 11.954
13.980 13.992 14.015 14.018 14.012 14.020 14.046 14.035 14.033 8.314 14.050 13.550 8.983 8.362 9.054 8.954 8.480 13.689 14.011 8.471 8.306 8.318 8.364 8.034 8.192 8.138 8.379 8.587 10.071 10.193 9.875 8.602 13.631 8.123 8.707 13.652 7.976 7.913 7.174 5.438 5.438 6.359 7.911 7.711 8.137 8.881 9.181 8.678 8.502 14.191 11.812 14.218 8.281 8.677 13.343 12.692 9.317 9.202 9.906 10.157 10.255 12.465 13.151 13.363 13.576 13.985 14.230 14.313 14.305 14.241 14.107 13.508 14.441 12.768 12.521 12.342 12.215
12.837 14.026 14.037 14.040 14.042 14.043 14.082 14.057 14.058 14.072 13.935 14.073 9.073 9.210 9.082 8.389 11.016 9.800 14.025 8.331 14.018 8.630 8.332 10.204 10.203 8.402 8.414 11.427 11.001 7.788 13.692 9.972 7.761 8.233 7.961 8.828 8.438 8.252 7.632 7.172 7.172 8.140 13.923 8.431 8.447 9.029 14.176 9.927 14.215 12.483 8.931 9.413 8.964 8.701 9.627 14.159 14.406 12.194 11.706 11.298 10.984 12.027 12.830 13.215 13.491 13.863 14.123 14.267 14.311 14.303 14.253 13.841 14.500 13.291 12.987 12.731 12.554
14.031 14.069 14.050 14.072 14.050 14.075 14.097 14.081 14.081 14.080 13.482 14.097 8.985 14.087 9.665 8.927 14.061 9.547 8.610 14.034 14.031 8.462 13.995 13.988 13.981 11.411 11.284 10.526 9.659 13.930 8.697 13.695 7.868 8.625 13.939 8.642 13.912 13.901 8.006 8.008 7.961 8.096 13.942 9.635 14.041 8.320 12.452 9.948 14.233 8.886 13.809 10.667 14.500 8.872 14.230 8.946 14.500 14.206 14.236 14.264 14.294 14.359 14.450 14.500 14.500 14.500 14.500 14.500 14.500 14.500 14.500 14.500 14.500 14.500 14.500 14.500 14.500
14.046 14.082 14.065 14.084 14.063 14.085 14.111 14.092 14.093 14.089 10.860 14.109 8.778 14.099 9.467 8.852 14.072 8.820 8.572 14.042 14.042 8.450 13.557 13.999 13.990 10.226 10.304 9.321 8.922 11.615 8.013 11.596 7.783 8.311 13.967 7.968 11.086 13.917 7.970 7.913 7.894 8.215 13.957 9.002 9.846 8.313 12.477 9.836 14.249 8.864 10.312 9.768 14.500 8.838 14.222 8.964 14.091 12.098 12.174 12.209 12.217 12.274 12.459 12.756 13.101 13.471 13.735 13.959 14.136 14.257 14.324 14.118 14.500 14.243 14.176 14.092 13.981
14.077 14.118 14.086 14.127 14.087 8.631 14.123 14.128 14.128 14.101 14.118 14.131 10.962 10.258 14.105 14.101 13.667 14.076 14.068 14.062 13.905 14.042 14.033 8.565 8.559 14.025 8.353 8.280 8.165 10.675 14.002 9.132 8.267 10.630 9.338 13.994 13.956 8.653 8.201 13.692 13.708 8.187 8.341 12.202 11.129 8.497 8.836 9.507 11.565 11.502 11.240 11.794 9.149 10.091 8.868 9.037 14.116 12.071 12.164 12.229 12.272 12.334 12.467 12.703 12.990 13.341 13.615 13.854 14.049 14.197 14.293 14.115 14.500 14.328 14.280 14.222 14.144
14.137 14.127 14.134 14.139 8.600 8.858 14.143 14.138 14.137 14.104 11.519 14.142 9.879 10.112 9.829 14.111 14.099 9.602 14.087 8.563 14.071 8.661 14.041 14.025 14.034 14.055 8.226 14.044 8.348 11.281 8.161 14.055 8.911 14.033 14.029 12.034 9.203 13.957 8.213 7.486 7.496 8.274 8.715 10.824 8.448 8.639 9.023 9.596 12.667 12.216 12.459 12.179 11.607 11.125 10.972 9.083 13.651 11.666 11.804 11.912 11.994 12.074 12.193 12.333 12.541 12.827 13.102 13.369 13.609 13.808 13.961 13.763 14.500 14.082 14.044 14.006 13.966
14.152 14.138 14.151 14.165 9.704 10.694 14.500 14.190 14.189 10.330 14.500 14.162 9.624 14.148 11.076 12.259 14.115 14.119 14.112 14.107 13.581 8.760 8.478 10.058 9.938 14.069 8.514 8.895 9.028 14.065 12.457 9.684 14.070 8.382 14.049 8.311 9.168 8.571 13.874 7.372 7.373 8.844 9.370 11.191 12.189 11.065 12.950 8.894 9.003 13.204 13.121 12.988 12.700 12.322 11.990 11.439 14.273 12.225 12.291 12.377 12.442 12.495 12.568 12.688 12.900 13.182 13.453 13.707 13.926 14.106 14.240 14.083 14.500 14.460 14.442 14.413 14.377
14.188 8.774 14.194 14.191 14.173 8.929 14.193 14.206 14.206 14.164 14.500 14.173 14.167 11.441 11.666 9.552 14.136 11.827 9.614 14.122 10.928 8.933 8.645 8.338 8.343 9.067 9.035 14.101 14.100 8.488 11.385 12.703 10.899 10.498 11.688 14.074 8.960 8.865 7.972 8.012 7.883 8.540 8.646 8.687 8.923 12.548 9.126 8.956 9.201 8.996 12.432 12.815 12.822 12.655 12.449 11.957 14.360 12.336 12.436 12.487 12.508 12.544 12.599 12.686 12.854 13.082 13.329 13.582 13.815 14.020 14.199 14.078 14.500 14.476 14.477 14.471 14.456
14.199 14.223 14.207 14.201 14.500 14.216 13.616 14.217 14.217 8.891 14.192 14.191 10.240 14.188 14.173 13.472 14.143 14.157 9.711 9.598 9.319 9.653 8.828 8.907 8.812 9.314 12.626 8.713 9.961 14.124 14.114 14.101 8.582 14.122 11.905 14.085 9.554 8.253 7.595 7.798 7.738 9.148 8.923 9.177 9.703 12.061 12.286 8.754 9.809 9.903 11.851 12.515 12.729 12.729 12.657 12.266 14.436 12.530 12.538 12.574 12.639 12.646 12.667 12.722 12.853 13.027 13.240 13.480 13.742 13.982 14.153 14.036 14.500 14.487 14.499 14.500 14.500
14.208 14.500 14.229 14.209 8.809 14.500 14.500 14.500 14.500 9.040 14.500 14.500 14.500 14.201 14.500 14.170 14.165 14.172 9.767 10.774 14.171 9.363 9.981 9.965 10.748 14.182 10.154 8.981 9.994 13.396 8.514 8.843 14.155 14.132 14.121 8.797 8.671 8.847 7.874 8.016 7.944 9.061 9.121 8.809 9.964 11.645 12.544 9.034 9.894 10.000 11.355 12.191 12.560 12.690 12.722 12.435 14.485 12.724 12.682 12.673 12.700 12.748 12.787 12.804 12.895 13.017 13.208 13.456 13.677 13.897 14.084 13.985 14.500 14.494 14.500 14.500 14.500
14.500 14.500 14.245 14.215 14.235 14.500 9.057 9.034 9.054 13.911 14.238 14.225 9.263 14.500 9.293 14.183 9.990 14.197 9.384 14.212 8.792 8.529 9.483 10.356 11.036 9.050 11.022 10.734 14.167 14.500 9.356 8.581 14.202 8.836 11.006 14.120 8.770 8.412 7.667 8.999 8.837 10.325 14.500 8.983 9.158 11.199 12.260 11.985 11.645 11.300 11.364 11.955 12.372 12.605 12.720 12.517 14.500 12.881 12.831 12.799 12.794 12.816 12.857 12.921 13.001 13.104 13.225 13.402 13.606 13.820 14.018 13.933 14.500 14.499 14.500 14.500 14.500
14.500 9.046 14.500 14.194 9.057 14.500 14.500 14.500 14.500 14.500 14.500 10.201 14.500 14.500 14.500 14.201 9.101 14.208 14.214 12.704 10.358 14.500 13.156 9.932 10.881 10.375 14.500 8.915 9.578 14.182 14.193 14.210 14.229 14.205 8.834 9.020 9.210 8.027 8.536 12.450 10.196 9.486 13.044 14.500 9.137 10.805 11.930 11.985 11.911 11.763 11.659 11.914 12.225 12.504 12.691 12.538 14.500 12.993 12.957 12.926 12.908 12.910 12.933 12.981 13.103 13.165 13.249 13.383 13.555 13.754 13.951 13.881 14.500 14.500 14.500 14.500 14.500
9.045 11.571 14.500 14.500 14.500 9.042 14.500 9.070 9.069 14.500 9.157 14.500 9.514 14.247 9.676 9.007 8.970 12.012 8.816 11.261 14.269 9.094 13.195 9.494 9.953 12.828 9.007 8.850 8.988 9.177 8.792 14.500 12.236 9.152 9.179 14.163 14.500 8.634 8.567 8.758 8.727 8.870 14.272 9.002 9.795 10.520 11.539 11.849 11.908 11.893 11.862 11.977 12.162 12.419 12.640 12.518 14.500 13.073 13.054 13.036 13.022 13.018 13.025 13.065 13.168 13.224 13.303 13.402 13.540 13.712 13.897 13.838 14.500 14.500 14.500 14.500 14.500
14.500 14.500 14.500 14.500 9.024 14.500 14.500 14.500 14.500 14.500 14.500 9.838 14.500 14.500 9.447 10.306 9.051 14.500 11.267 8.980 14.302 12.292 13.517 12.120 13.019 12.261 9.044 13.050 11.042 14.203 14.244 14.253 14.500 9.255 8.639 9.018 12.480 8.848 8.873 9.137 9.141 8.698 11.178 13.299 12.550 11.967 11.821 11.877 11.933 11.957 11.981 12.075 12.182 12.379 12.574 12.479 14.500 13.130 13.131 13.129 13.124 13.120 13.126 13.162 13.244 13.290 13.353 13.441 13.554 13.694 13.859 13.815 14.500 14.500 14.500 14.500 14.500
14.500 14.500 14.500 14.500 14.500 14.500 14.500 14.500 14.500 9.055 14.500 14.500 14.500 9.009 8.913 10.512 9.064 14.500 12.017 13.136 14.282 13.588 13.254 12.136 13.118 9.139 9.027 8.917 9.052 8.888 8.975 9.428 14.500 9.139 9.081 9.378 14.173 14.184 8.716 14.242 14.259 9.832 9.508 9.019 12.741 12.458 12.135 12.025 12.026 12.049 12.094 12.183 12.257 12.371 12.526 12.451 14.500 13.174 13.191 13.203 13.209 13.216 13.222 13.267 13.329 13.366 13.417 13.488 13.585 13.707 13.849 14.009 14.500 14.500 14.500 14.500 14.500
14.500 14.500 14.500 14.500 14.500 14.500 14.500 14.500 14.500 14.500 14.500 9.075 14.500 9.087 11.191 12.010 13.521 14.500 13.289 14.275 14.418 13.273 12.722 12.157 13.205 8.878 9.699 14.500 9.549 9.117 9.236 9.077 14.500 9.971 14.230 14.500 8.835 14.500 14.218 8.859 8.847 11.677 11.150 11.161 8.932 12.014 12.117 12.062 12.044 12.109 12.184 12.286 12.334 12.404 12.514 12.452 14.500 13.205 13.236 13.262 13.283 13.299 13.313 13.369 13.417 13.449 13.493 13.551 13.629 13.734 14.077 14.065 14.500 14.500 14.500 14.500 14.500
