includes/lisflood/results_R15_t1.554713770035E12/res-0001.wdfp
ncols         631
nrows         906
xllcorner     364927.146600
yllcorner     6531972.565600
cellsize      20.000000
NODATA_value  -9999.000000
[rows 306 to 339 of 906, columns 385 to 461 of 631]
0.000 0.000 0.000 0.000 0.000 0.000 0.000 0.000 0.000 0.000 0.000 0.000 0.000 0.000 0.000 0.007 0.218 0.301 0.324 0.147 0.131 0.168 0.183 0.170 0.275 0.269 0.293 0.326 0.399 0.382 0.435 0.358 0.561 0.414 0.597 0.708 0.620 0.603 0.745 0.677 0.639 0.751 0.723 0.804 0.916 0.847 0.869 0.841 0.723 0.904 0.916 0.957 0.988 1.607 1.070 1.606 1.603 1.600 1.597 1.600 1.610 1.620 1.630 1.640 1.650 1.660 1.670 1.680 1.690 1.700 1.710 1.721 1.737 1.754 1.771 1.787 1.804
0.000 0.000 0.000 0.000 0.000 0.000 0.000 0.000 0.000 0.000 0.000 0.000 0.000 0.000 0.014 0.037 0.009 0.107 0.313 0.119 0.221 0.297 0.431 0.227 0.322 0.216 0.210 0.495 0.417 0.420 0.453 0.387 0.440 0.582 0.535 0.707 0.629 0.851 0.704 0.715 0.708 0.950 1.011 0.853 0.885 0.926 1.008 0.780 0.851 0.883 0.945 0.916 1.037 0.968 0.989 1.603 1.600 1.597 1.594 1.591 1.598 1.608 1.618 1.628 1.638 1.648 1.658 1.668 1.678 1.688 1.698 1.712 1.729 1.746 1.762 1.779 1.796
0.000 0.000 0.000 0.000 0.000 0.000 0.000 0.000 0.000 0.000 0.000 0.000 0.000 0.002 0.073 0.056 0.007 0.207 0.157 0.324 0.520 0.336 0.320 0.305 0.420 0.284 0.338 0.383 0.406 0.429 0.462 0.485 0.548 0.551 0.643 0.586 0.608 0.730 0.852 0.814 0.736 0.769 0.800 0.782 0.744 0.866 0.817 0.828 0.810 0.892 0.863 0.965 0.886 1.604 1.018 1.079 1.597 1.594 1.591 1.588 1.586 1.596 1.606 1.616 1.626 1.636 1.646 1.656 1.666 1.676 1.687 1.704 1.721 1.738 1.754 1.771 1.788
0.000 0.000 0.000 0.000 0.000 0.000 0.000 0.000 0.000 0.000 0.000 0.000 0.000 0.031 0.117 0.127 0.144 0.135 0.128 0.213 0.290 0.446 0.460 0.484 0.360 0.453 0.427 0.441 0.494 0.467 0.451 0.524 0.677 0.660 0.852 0.764 0.826 0.729 0.721 0.753 0.665 0.817 0.749 0.641 0.723 0.775 0.826 0.877 0.739 0.781 0.882 0.904 1.015 1.056 0.977 1.038 0.929 1.591 1.588 1.586 1.583 1.585 1.595 1.605 1.615 1.625 1.635 1.645 1.655 1.665 1.679 1.696 1.713 1.729 1.746 1.763 1.780
0.000 0.000 0.000 0.000 0.000 0.000 0.000 0.000 0.000 0.000 0.000 0.000 0.000 0.000 0.000 0.158 0.176 0.136 0.230 0.301 0.209 0.336 0.420 0.384 0.650 0.723 0.866 0.629 0.563 0.676 0.679 0.413 0.506 0.539 0.621 0.623 0.535 0.668 0.650 0.632 0.694 0.696 0.588 0.800 0.652 0.754 0.725 0.736 0.818 0.770 0.821 0.843 0.894 0.895 0.956 1.017 1.591 1.588 1.585 1.583 1.580 1.577 1.583 1.593 1.603 1.613 1.623 1.633 1.643 1.654 1.671 1.688 1.704 1.721 1.738 1.755 1.771
0.000 0.000 0.000 0.000 0.000 0.000 0.000 0.000 0.000 0.000 0.000 0.000 0.063 0.226 0.174 0.150 0.130 0.331 0.320 0.281 0.338 0.385 0.379 0.383 0.408 0.402 0.455 0.409 0.582 0.475 0.508 0.762 0.605 0.637 0.579 0.651 0.584 0.546 0.649 0.611 0.543 0.585 0.617 0.689 0.651 0.753 0.764 0.835 0.747 0.808 0.760 0.891 0.943 1.594 1.015 0.997 1.587 1.585 1.582 1.580 1.577 1.574 1.572 1.582 1.592 1.602 1.612 1.622 1.632 1.646 1.663 1.679 1.696 1.713 1.730 1.746 1.763
0.000 0.000 0.000 0.000 0.000 0.000 0.000 0.000 0.000 0.000 0.000 0.000 0.001 0.077 0.267 0.183 0.281 0.187 0.170 0.401 0.338 0.314 0.359 0.343 0.397 0.381 0.394 0.468 0.542 0.595 0.667 0.481 0.624 0.506 0.928 0.620 0.603 0.705 0.647 0.899 0.801 1.024 0.956 0.957 0.999 1.001 0.923 0.885 0.836 0.977 0.889 0.920 0.862 0.973 1.004 1.586 1.584 1.582 1.579 1.577 1.574 1.571 1.569 1.570 1.580 1.590 1.600 1.610 1.621 1.638 1.654 1.671 1.688 1.705 1.721 1.738 1.755
0.000 0.000 0.000 0.000 0.000 0.000 0.000 0.000 0.000 0.000 0.000 0.000 0.000 0.009 0.110 0.176 0.222 0.166 0.160 0.210 0.237 0.364 0.408 0.362 0.326 0.440 0.404 0.428 0.701 0.424 0.527 0.680 0.683 0.845 0.993 0.779 0.702 0.634 0.606 1.205 0.660 0.643 0.865 1.375 0.889 1.061 1.487 1.522 1.557 1.593 1.593 1.591 1.589 1.587 1.585 1.583 1.581 1.067 1.058 1.059 1.571 1.569 1.566 1.563 1.568 1.578 1.588 1.598 1.613 1.630 1.646 1.663 1.680 1.696 1.713 1.730 1.747
0.000 0.000 0.000 0.000 0.000 0.000 0.000 0.000 0.000 0.000 0.000 0.000 0.000 0.000 0.176 0.219 0.163 0.087 0.233 0.239 0.186 0.263 0.318 0.392 0.445 0.449 0.363 0.277 0.420 0.483 0.456 0.549 0.512 0.604 0.516 0.689 0.611 0.573 0.596 1.220 0.809 1.051 0.604 0.816 0.728 0.850 0.761 0.783 1.576 0.976 1.591 1.588 0.910 1.021 1.582 1.580 1.015 1.056 1.077 1.571 1.568 1.566 1.563 1.560 1.558 1.567 1.577 1.588 1.605 1.621 1.638 1.655 1.672 1.688 1.705 1.722 1.738
0.000 0.000 0.000 0.000 0.000 0.000 0.000 0.000 0.000 0.000 0.000 0.000 0.000 0.001 0.000 0.170 0.067 0.136 0.069 0.159 0.215 0.192 0.398 0.371 0.465 0.279 0.433 0.596 0.479 0.522 0.565 0.498 0.591 0.663 0.605 0.608 0.560 0.512 0.565 0.597 0.619 0.650 0.672 0.805 0.747 0.779 0.950 1.558 0.883 0.895 0.907 0.988 1.009 1.060 0.942 1.577 1.054 1.076 1.570 1.568 1.565 1.563 1.560 1.557 1.555 1.555 1.565 1.580 1.596 1.613 1.630 1.647 1.663 1.680 1.697 1.713 1.730
0.000 0.000 0.000 0.000 0.000 0.000 0.000 0.000 0.000 0.000 0.000 0.000 0.000 0.016 0.084 0.131 0.243 0.326 0.109 0.329 0.234 0.250 0.327 0.491 0.474 0.418 0.432 0.525 0.408 0.502 0.595 0.597 0.510 0.562 0.635 0.587 0.579 0.651 0.634 0.816 0.807 0.749 0.931 0.793 0.685 0.697 0.759 0.811 0.892 0.794 0.996 1.067 0.988 1.578 1.021 1.022 1.571 0.995 1.056 1.077 1.563 1.560 1.557 1.554 1.552 1.549 1.555 1.571 1.588 1.605 1.622 1.638 1.655 1.672 1.689 1.705 1.722
0.000 0.000 0.000 0.000 0.000 0.000 0.000 0.000 0.000 0.000 0.000 0.000 0.000 0.001 0.021 0.100 0.213 0.218 0.190 0.218 0.194 0.290 0.294 0.209 0.344 0.488 0.652 0.495 0.517 0.480 0.474 0.526 0.529 0.622 0.614 0.646 0.588 0.601 0.713 0.935 1.304 0.649 1.389 0.733 0.754 0.746 0.958 0.890 0.861 0.933 0.945 1.579 0.947 0.969 1.020 0.991 1.032 1.564 1.045 1.056 1.038 1.552 1.549 1.546 1.542 1.539 1.547 1.563 1.580 1.597 1.613 1.630 1.647 1.664 1.680 1.697 1.714
0.000 0.000 0.000 0.000 0.000 0.000 0.000 0.000 0.000 0.000 0.000 0.000 0.000 0.000 0.000 0.052 0.094 0.132 0.231 0.318 0.303 0.318 0.313 0.308 0.433 0.327 0.471 0.564 0.537 0.460 0.573 0.486 0.538 0.561 0.543 0.635 0.627 0.630 0.682 0.674 0.616 0.798 0.860 0.762 0.753 0.685 1.548 0.929 0.811 0.892 0.874 0.985 1.036 0.938 1.558 0.960 1.042 0.973 1.547 1.045 1.542 1.078 1.535 1.532 1.529 1.529 1.542 1.554 1.571 1.588 1.605 1.622 1.638 1.655 1.672 1.689 1.705
0.000 0.000 0.000 0.000 0.000 0.000 0.000 0.000 0.000 0.000 0.000 0.000 0.000 0.000 0.000 0.000 0.115 0.174 0.260 0.197 0.333 0.277 0.192 0.177 0.313 0.326 0.441 0.414 0.526 0.499 0.612 0.555 0.558 0.690 0.662 0.655 0.677 0.639 0.731 0.613 0.715 0.767 0.759 1.400 0.823 0.764 0.976 0.798 0.820 0.921 0.993 0.934 0.926 1.057 1.028 1.049 1.051 0.982 1.534 1.025 1.016 1.525 1.522 1.519 1.515 1.524 1.536 1.549 1.563 1.580 1.597 1.613 1.630 1.647 1.664 1.680 1.697
0.000 0.000 0.000 0.000 0.000 0.000 0.000 0.000 0.000 0.000 0.000 0.000 0.000 0.000 0.000 0.104 0.101 0.164 0.170 0.176 0.192 0.307 0.271 0.276 0.271 0.335 0.259 0.413 0.486 0.469 0.542 0.554 0.527 0.499 0.492 0.584 0.856 0.468 0.671 0.602 0.745 0.757 0.758 0.780 0.902 0.873 0.915 0.837 0.899 0.770 0.832 0.954 0.995 1.066 1.027 0.939 0.930 0.951 0.933 1.034 1.514 1.511 1.508 1.505 1.505 1.518 1.531 1.544 1.557 1.571 1.588 1.605 1.622 1.638 1.655 1.672 1.689
0.000 0.000 0.000 0.000 0.000 0.000 0.000 0.000 0.000 0.000 0.000 0.000 0.000 0.000 0.000 0.046 0.028 0.103 0.139 0.156 0.222 0.267 0.271 0.305 0.330 0.254 0.298 0.352 0.395 0.378 0.501 0.544 0.526 0.548 0.561 0.773 0.645 0.617 0.740 0.682 0.674 0.736 0.628 0.800 0.911 0.883 0.924 0.846 0.758 0.900 0.901 0.923 0.954 0.995 1.036 0.998 1.511 0.931 1.032 1.043 1.501 1.497 1.036 1.067 1.500 1.059 1.526 1.538 1.551 1.564 1.580 1.596 1.613 1.630 1.647 1.664 1.680
0.000 0.000 0.000 0.000 0.000 0.000 0.000 0.000 0.000 0.000 0.000 0.000 0.000 0.000 0.000 0.026 0.008 0.000 0.027 0.235 0.150 0.317 0.250 0.255 0.379 0.433 0.317 0.451 0.394 0.347 0.610 0.453 0.535 0.788 0.450 0.683 0.885 0.597 0.709 0.721 0.703 0.715 0.967 0.759 0.741 0.842 1.024 0.885 1.017 0.959 0.910 0.782 0.843 1.025 0.976 0.927 1.498 1.020 1.011 1.490 1.487 1.484 1.481 1.481 1.494 1.507 1.520 1.533 1.546 1.559 1.571 1.588 1.605 1.622 1.638 1.655 1.672
0.000 0.000 0.000 0.000 0.000 0.000 0.000 0.000 0.000 0.000 0.000 0.000 0.000 0.000 0.000 0.000 0.000 0.027 0.056 0.076 0.220 0.175 0.220 0.314 0.218 0.262 0.537 0.370 0.383 0.346 0.389 0.422 0.575 0.607 0.539 0.532 0.704 0.706 0.628 0.570 0.683 0.744 0.626 0.758 0.760 0.751 0.873 0.894 0.786 0.838 0.909 0.921 0.862 0.854 0.945 0.956 0.998 0.999 0.970 1.477 1.474 1.471 1.467 1.476 1.489 1.502 1.515 1.528 1.541 1.553 1.566 1.580 1.597 1.613 1.630 1.647 1.664
0.000 0.000 0.000 0.000 0.000 0.000 0.000 0.000 0.000 0.000 0.000 0.000 0.000 0.000 0.000 0.000 0.000 0.014 0.012 0.076 0.148 0.153 0.240 0.334 0.347 0.351 0.355 0.289 0.322 0.416 0.398 0.491 0.354 0.526 0.668 0.571 0.633 0.605 0.697 0.659 0.802 0.674 0.646 0.748 0.779 0.780 0.822 0.794 0.715 0.867 1.446 0.850 0.991 0.993 0.954 0.936 0.917 1.468 1.465 1.021 1.460 1.064 1.458 1.016 1.484 1.497 1.510 1.523 1.535 1.548 1.561 1.574 1.588 1.605 1.622 1.639 1.655
0.000 0.000 0.000 0.000 0.000 0.000 0.000 0.000 0.000 0.000 0.000 0.000 0.000 0.000 0.000 0.000 0.000 0.000 0.019 0.197 0.124 0.179 0.087 0.202 0.235 0.160 0.365 0.258 0.262 0.435 0.398 0.410 0.443 0.646 0.598 0.480 0.572 0.664 0.567 0.589 0.881 0.663 0.675 0.777 0.788 0.780 0.751 0.913 0.925 0.846 0.958 0.939 0.891 0.972 0.953 1.065 1.457 1.047 1.059 1.020 1.042 1.444 1.452 1.075 1.478 1.037 1.504 1.517 1.530 1.543 1.556 1.569 1.581 1.597 1.614 1.630 1.647
0.000 0.000 0.000 0.000 0.000 0.000 0.000 0.000 0.000 0.000 0.000 0.000 0.000 0.000 0.000 0.000 0.000 0.000 0.000 0.178 0.090 0.064 0.317 0.368 0.153 0.240 0.295 0.348 0.441 0.334 0.377 0.430 0.412 0.525 0.647 0.579 0.601 0.584 0.596 0.588 0.930 0.702 0.694 0.726 0.818 0.829 0.731 0.872 0.784 0.815 0.917 0.868 0.830 0.931 0.843 1.034 1.015 1.017 0.988 0.979 1.011 1.072 1.447 1.460 1.473 1.486 1.499 1.512 1.525 1.538 1.551 1.563 1.576 1.589 1.605 1.622 1.639
0.000 0.000 0.000 0.000 0.000 0.000 0.000 0.000 0.000 0.000 0.000 0.000 0.000 0.000 0.000 0.000 0.000 0.000 0.000 0.004 0.134 0.137 0.141 0.218 0.231 0.179 0.274 0.257 0.320 0.393 0.376 0.409 0.462 0.504 0.546 0.609 0.571 0.693 0.615 0.587 0.539 0.602 0.654 0.695 0.787 0.768 0.760 0.761 0.803 0.725 0.876 1.367 0.969 0.830 0.802 0.963 0.914 0.996 0.947 0.938 0.930 1.021 0.993 1.455 1.468 1.481 1.494 1.507 1.520 1.532 1.545 1.558 1.571 1.584 1.597 1.614 1.631
0.000 0.000 0.000 0.000 0.000 0.000 0.000 0.000 0.000 0.000 0.000 0.000 0.000 0.000 0.000 0.000 0.000 0.000 0.000 0.000 0.030 0.085 0.066 0.197 0.191 0.278 0.313 0.386 0.340 0.322 0.355 0.398 0.411 0.393 0.496 0.518 0.500 0.592 0.524 0.657 0.649 0.701 0.583 0.745 0.756 0.798 0.859 0.831 0.772 0.894 0.836 0.927 0.948 1.059 0.901 0.892 0.933 0.905 1.410 1.017 0.999 1.070 1.436 0.963 1.064 1.475 1.488 1.078 1.514 1.527 1.061 1.553 1.566 1.579 1.591 1.605 1.622
0.000 0.000 0.000 0.000 0.000 0.000 0.000 0.000 0.000 0.000 0.000 0.000 0.000 0.000 0.000 0.000 0.000 0.000 0.000 0.000 0.021 0.048 0.000 0.235 0.158 0.166 0.243 0.256 0.550 0.551 0.404 0.387 0.310 0.542 0.375 0.437 0.560 0.592 0.534 0.546 0.638 0.630 0.632 0.834 0.796 0.757 0.848 0.740 0.882 0.873 0.815 0.966 0.907 1.049 1.050 1.001 0.943 0.944 1.025 1.017 1.038 1.009 1.001 1.022 1.044 1.470 1.483 1.496 1.509 1.039 1.535 1.031 1.561 1.573 1.586 1.599 1.614
0.000 0.000 0.000 0.000 0.000 0.000 0.000 0.000 0.000 0.000 0.000 0.000 0.000 0.000 0.000 0.000 0.000 0.000 0.000 0.000 0.000 0.000 0.241 0.157 0.172 0.103 0.312 0.255 0.329 0.291 0.293 0.296 0.419 0.412 0.444 0.586 0.368 0.431 0.513 0.685 0.537 0.630 0.651 0.763 0.665 0.826 0.778 0.769 0.711 0.822 0.854 0.905 0.917 0.928 0.909 0.961 0.992 1.033 1.035 0.926 1.057 0.989 1.030 1.021 1.073 1.464 1.477 1.046 1.077 0.939 1.530 1.542 1.555 1.568 1.581 1.594 1.606
0.000 0.000 0.000 0.000 0.000 0.000 0.000 0.000 0.000 0.000 0.000 0.000 0.000 0.000 0.000 0.000 0.000 0.000 0.000 0.000 0.000 0.114 0.200 0.222 0.130 0.251 0.149 0.194 0.268 0.370 0.322 0.405 0.398 0.341 0.463 0.575 0.447 0.400 0.483 0.595 0.557 0.679 0.731 0.692 0.614 0.726 0.797 0.759 0.820 0.872 0.843 0.835 0.866 0.817 0.959 1.332 1.001 0.903 1.044 0.975 1.027 0.978 0.969 0.981 1.445 1.003 1.472 1.026 1.498 1.511 1.524 1.537 1.550 1.563 1.574 1.586 1.598
0.000 0.000 0.000 0.000 0.000 0.000 0.000 0.000 0.000 0.000 0.000 0.000 0.000 0.000 0.000 0.000 0.000 0.000 0.000 0.000 0.001 0.016 0.135 0.117 0.061 0.250 0.187 0.294 0.317 0.330 0.462 0.414 0.327 0.410 0.463 0.405 0.327 0.429 0.522 0.454 0.536 0.638 0.700 0.712 0.703 0.585 0.667 0.668 0.699 0.801 0.812 0.824 0.955 0.877 0.998 0.889 0.910 1.002 0.893 0.964 0.936 0.987 1.412 0.950 0.921 0.973 1.461 1.045 1.036 1.497 1.039 1.521 1.532 1.544 1.555 1.567 1.579
0.000 0.000 0.000 0.000 0.000 0.000 0.000 0.000 0.000 0.000 0.000 0.000 0.000 0.000 0.000 0.000 0.000 0.000 0.000 0.000 0.000 0.000 0.137 0.000 0.198 0.069 0.137 0.162 0.317 0.399 0.371 0.314 0.287 0.330 0.382 0.354 0.466 0.458 0.561 0.473 0.556 0.538 0.599 0.651 0.663 0.654 0.776 0.787 0.799 0.810 0.782 0.813 0.755 0.936 0.817 0.978 0.860 1.323 0.902 0.974 1.005 0.906 1.008 0.989 0.950 0.922 1.013 1.024 1.045 0.987 1.490 1.502 1.513 1.525 1.537 1.548 1.558
0.000 0.000 0.000 0.000 0.000 0.000 0.000 0.000 0.000 0.000 0.000 0.000 0.000 0.000 0.000 0.000 0.000 0.000 0.000 0.000 0.000 0.000 0.000 0.000 0.122 0.076 0.157 0.172 0.375 0.168 0.170 0.304 0.366 0.359 0.391 0.464 0.536 0.478 0.400 0.473 0.465 0.527 0.569 0.690 0.842 0.684 0.725 0.777 0.718 0.860 0.821 0.712 0.924 0.915 0.906 0.988 0.929 0.950 0.921 0.913 0.914 0.875 1.047 0.898 0.919 0.930 0.852 1.024 1.015 1.459 1.471 1.483 1.019 1.506 1.518 1.529 1.536
0.000 0.000 0.000 0.000 0.000 0.000 0.000 0.000 0.000 0.000 0.000 0.000 0.000 0.000 0.000 0.000 0.000 0.000 0.000 0.000 0.000 0.000 0.000 0.000 0.002 0.019 0.137 0.252 0.284 0.197 0.310 0.243 0.376 0.328 0.271 0.403 0.515 0.477 0.439 0.562 0.504 0.566 0.498 0.810 0.571 0.643 0.654 0.696 0.697 0.869 0.820 0.862 0.993 0.794 0.736 0.847 0.918 0.909 1.001 0.882 0.933 0.904 0.926 1.017 0.868 0.990 1.041 0.942 1.427 0.995 0.956 1.077 1.475 1.080 1.499 1.509 1.514
0.000 0.000 0.000 0.000 0.000 0.000 0.000 0.000 0.000 0.000 0.000 0.000 0.000 0.000 0.000 0.000 0.000 0.000 0.000 0.000 0.000 0.000 0.000 0.000 0.000 0.000 0.138 0.090 0.214 0.156 0.199 0.252 0.244 0.277 0.310 0.403 0.355 0.347 0.369 0.471 0.483 0.575 0.437 0.549 0.661 0.692 0.674 0.745 0.687 0.728 0.790 0.721 0.822 0.944 0.805 0.886 0.877 0.899 0.820 0.811 0.942 1.024 0.955 0.866 1.028 1.009 0.940 1.042 1.063 1.024 1.432 1.067 1.456 1.069 1.480 1.487 1.493
0.000 0.000 0.000 0.000 0.000 0.000 0.000 0.000 0.000 0.000 0.000 0.000 0.000 0.000 0.000 0.000 0.000 0.000 0.000 0.000 0.000 0.000 0.000 0.000 0.000 0.003 0.088 0.138 0.069 0.165 0.259 0.291 0.283 0.266 0.319 0.301 0.404 0.306 0.338 0.410 0.392 0.585 0.637 0.588 0.580 0.551 0.583 0.614 0.626 0.817 0.709 0.810 0.711 0.813 0.784 0.846 0.907 0.748 0.889 0.820 0.852 0.873 0.814 0.945 1.047 1.068 0.979 1.001 1.072 1.053 1.015 1.425 1.437 1.449 1.460 1.466 1.471
0.000 0.000 0.000 0.000 0.000 0.000 0.000 0.000 0.000 0.000 0.000 0.000 0.000 0.000 0.000 0.000 0.000 0.000 0.000 0.000 0.000 0.000 0.000 0.000 0.000 0.000 0.000 0.000 0.106 0.112 0.238 0.210 0.252 0.175 0.289 0.291 0.303 0.275 0.388 0.389 0.352 0.404 0.576 0.478 0.549 0.661 0.642 0.673 0.685 0.597 0.788 0.769 0.681 0.782 0.693 0.855 0.816 0.807 0.918 0.899 1.257 0.972 0.963 1.024 0.976 1.057 1.345 1.000 0.991 1.382 1.044 1.406 1.418 1.430 1.438 1.444 1.449
0.000 0.000 0.000 0.000 0.000 0.000 0.000 0.000 0.000 0.000 0.000 0.000 0.000 0.000 0.000 0.000 0.000 0.000 0.000 0.000 0.000 0.000 0.000 0.000 0.000 0.000 0.000 0.000 0.110 0.077 0.145 0.179 0.182 0.175 0.238 0.300 0.312 0.354 0.397 0.348 0.271 0.353 0.455 0.717 0.529 0.590 0.642 0.673 0.574 0.746 0.617 0.639 0.620 0.661 0.832 0.714 0.595 0.766 0.788 0.879 0.920 0.941 0.972 0.994 0.985 0.946 1.326 0.999 0.980 1.363 1.375 1.387 1.399 1.410 0.968 1.029 1.428
