includes/lisflood/results_R15_t1.554713770035E12/res-0002.wdfp
ncols         631
nrows         906
xllcorner     364927.146600
yllcorner     6531972.565600
cellsize      20.000000
NODATA_value  -9999.000000
[rows 850 to 883 of 906, columns 231 to 307 of 631]
6.720 6.645 6.570 6.494 6.419 6.343 6.268 6.193 6.117 6.042 5.961 5.875 5.789 5.705 5.640 5.576 5.511 5.446 5.382 5.317 5.253 5.188 5.124 5.059 4.995 4.930 4.865 4.801 4.736 4.672 4.607 4.542 4.482 4.270 3.873 3.476 3.079 2.683 2.286 1.889 1.492 1.095 0.699 0.302 0.000 0.000 0.000 0.000 0.000 0.000 0.000 0.000 0.000 0.000 0.000 0.000 0.000 0.000 0.000 0.000 0.000 0.000 0.000 0.000 0.000 0.000 0.000 0.000 0.000 0.000 0.000 0.000 0.000 0.000 0.000 0.000 0.000
6.735 6.660 6.585 6.509 6.434 6.359 6.283 6.208 6.132 6.055 5.970 5.884 5.798 5.713 5.640 5.575 5.511 5.446 5.381 5.317 5.252 5.188 5.123 5.059 4.994 4.929 4.865 4.800 4.736 4.671 4.607 4.544 4.485 4.410 4.013 3.616 3.219 2.823 2.426 2.029 1.632 1.235 0.839 0.000 0.000 0.000 0.000 0.000 0.000 0.000 0.000 0.000 0.000 0.000 0.000 0.000 0.000 0.000 0.000 0.000 0.000 0.000 0.000 0.000 0.000 0.000 0.000 0.000 0.000 0.000 0.000 0.000 0.000 0.000 0.000 0.000 0.000
6.751 6.675 6.600 6.524 6.449 6.373 6.298 6.223 6.147 6.065 5.979 5.893 5.808 5.722 5.639 5.575 5.510 5.446 5.381 5.317 5.252 5.187 5.123 5.058 4.994 4.929 4.865 4.800 4.736 4.671 4.607 4.547 4.487 4.427 4.153 3.756 3.359 2.963 2.566 2.169 1.772 1.376 0.979 0.582 0.000 0.000 0.000 0.000 0.000 0.000 0.000 0.000 0.000 0.000 0.000 0.000 0.000 0.000 0.000 0.000 0.000 0.000 0.000 0.000 0.000 0.000 0.000 0.000 0.000 0.000 0.000 0.000 0.000 0.000 0.000 0.000 0.000
6.766 6.690 6.615 6.539 6.464 6.389 6.313 6.238 6.159 6.074 5.988 5.902 5.817 5.731 5.645 5.574 5.510 5.445 5.381 5.316 5.252 5.187 5.123 5.058 4.993 4.929 4.864 4.800 4.735 4.671 4.609 4.549 4.490 4.430 4.293 3.896 3.499 3.103 2.706 2.309 1.912 1.516 1.119 0.722 0.000 0.000 0.000 0.000 0.000 0.000 0.000 0.000 0.000 0.000 0.000 0.000 0.000 0.000 0.000 0.000 0.000 0.000 0.000 0.000 0.000 0.000 0.000 0.000 0.000 0.000 0.000 0.000 0.000 0.000 0.000 0.000 0.000
6.781 6.705 6.630 6.554 6.479 6.404 6.328 6.253 6.168 6.083 5.997 5.912 5.826 5.740 5.655 5.574 5.510 5.445 5.380 5.316 5.251 5.187 5.122 5.058 4.993 4.928 4.864 4.799 4.735 4.671 4.612 4.552 4.492 4.433 4.373 4.036 3.640 3.243 2.846 2.449 2.052 1.656 1.259 0.862 0.465 0.000 0.000 0.000 0.000 0.000 0.000 0.000 0.000 0.000 0.000 0.000 0.000 0.000 0.000 0.000 0.000 0.000 0.000 0.000 0.000 0.000 0.000 0.000 0.000 0.000 0.000 0.000 0.000 0.000 0.000 0.000 0.000
6.796 6.720 6.645 6.570 6.494 6.419 6.343 6.263 6.178 6.092 6.006 5.921 5.835 5.749 5.664 5.578 5.509 5.445 5.380 5.315 5.251 5.186 5.122 5.057 4.993 4.928 4.864 4.799 4.734 4.674 4.614 4.555 4.495 4.435 4.376 4.177 3.780 3.383 2.986 2.589 2.192 1.796 1.399 1.002 0.000 0.000 0.000 0.000 0.000 0.000 0.000 0.000 0.000 0.000 0.000 0.000 0.000 0.000 0.000 0.000 0.000 0.000 0.000 0.000 0.000 0.000 0.000 0.000 0.000 0.000 0.000 0.000 0.000 0.000 0.000 0.000 0.000
6.811 6.735 6.660 6.585 6.509 6.434 6.358 6.272 6.187 6.101 6.016 5.930 5.844 5.759 5.673 5.587 5.509 5.444 5.380 5.315 5.251 5.186 5.121 5.057 4.992 4.928 4.863 4.799 4.736 4.676 4.617 4.557 4.498 4.438 4.378 4.316 3.920 3.523 3.126 2.729 2.333 1.936 1.539 1.142 0.745 0.000 0.000 0.000 0.000 0.000 0.000 0.000 0.000 0.000 0.000 0.000 0.000 0.000 0.000 0.000 0.000 0.000 0.000 0.000 0.000 0.000 0.000 0.000 0.000 0.000 0.000 0.000 0.000 0.000 0.000 0.000 0.000
6.826 6.750 6.675 6.600 6.524 6.449 6.367 6.282 6.196 6.110 6.025 5.939 5.853 5.768 5.682 5.596 5.511 5.444 5.379 5.315 5.250 5.186 5.121 5.056 4.992 4.927 4.863 4.799 4.739 4.679 4.620 4.560 4.500 4.440 4.381 4.321 4.060 3.663 3.266 2.869 2.473 2.076 1.679 1.282 0.885 0.000 0.000 0.000 0.000 0.000 0.000 0.000 0.000 0.000 0.000 0.000 0.000 0.000 0.000 0.000 0.000 0.000 0.000 0.000 0.000 0.000 0.000 0.000 0.000 0.000 0.000 0.000 0.000 0.000 0.000 0.000 0.000
6.841 6.766 6.690 6.615 6.539 6.462 6.376 6.291 6.205 6.119 6.034 5.948 5.862 5.777 5.691 5.605 5.520 5.443 5.379 5.314 5.250 5.185 5.121 5.056 4.992 4.927 4.862 4.801 4.741 4.682 4.622 4.562 4.503 4.443 4.383 4.324 4.200 3.803 3.406 3.009 2.613 2.216 1.819 1.422 0.000 0.000 0.000 0.000 0.000 0.000 0.000 0.000 0.000 0.000 0.000 0.000 0.000 0.000 0.000 0.000 0.000 0.000 0.000 0.000 0.000 0.000 0.000 0.000 0.000 0.000 0.000 0.000 0.000 0.000 0.000 0.000 0.000
6.856 6.781 6.705 6.630 6.554 6.471 6.386 6.300 6.214 6.129 6.043 5.957 5.872 5.786 5.700 5.615 5.529 5.443 5.378 5.314 5.249 5.185 5.120 5.056 4.991 4.927 4.863 4.804 4.744 4.684 4.625 4.565 4.505 4.446 4.386 4.326 4.267 3.943 3.546 3.150 2.753 2.356 1.959 1.562 1.166 0.000 0.000 0.000 0.000 0.000 0.000 0.000 0.000 0.000 0.000 0.000 0.000 0.000 0.000 0.000 0.000 0.000 0.000 0.000 0.000 0.000 0.000 0.000 0.000 0.000 0.000 0.000 0.000 0.000 0.000 0.000 0.000
6.871 6.796 6.720 6.645 6.566 6.480 6.395 6.309 6.223 6.138 6.052 5.966 5.881 5.795 5.709 5.624 5.538 5.453 5.378 5.314 5.249 5.184 5.120 5.055 4.991 4.926 4.866 4.806 4.747 4.687 4.627 4.568 4.508 4.448 4.389 4.329 4.269 4.083 3.686 3.290 2.893 2.496 2.099 1.703 1.304 0.000 0.000 0.000 0.000 0.000 0.000 0.000 0.000 0.000 0.000 0.000 0.000 0.000 0.000 0.000 0.000 0.000 0.000 0.000 0.000 0.000 0.000 0.000 0.000 0.000 0.000 0.000 0.000 0.000 0.000 0.000 0.000
6.886 6.811 6.735 6.660 6.575 6.490 6.404 6.318 6.232 6.147 6.061 5.976 5.890 5.804 5.719 5.633 5.547 5.462 5.378 5.313 5.249 5.184 5.120 5.055 4.990 4.928 4.868 4.809 4.749 4.690 4.630 4.570 4.510 4.451 4.391 4.331 4.272 4.212 3.826 3.430 3.033 2.636 2.239 1.843 0.000 0.902 0.000 0.000 0.000 0.000 0.000 0.000 0.000 0.000 0.000 0.000 0.000 0.000 0.000 0.000 0.000 0.000 0.000 0.000 0.000 0.000 0.000 0.000 0.000 0.000 0.000 0.000 0.000 0.000 0.000 0.000 0.000
6.901 6.826 6.750 6.670 6.584 6.499 6.413 6.327 6.242 6.156 6.070 5.985 5.899 5.813 5.728 5.642 5.557 5.471 5.385 5.313 5.248 5.184 5.119 5.055 4.990 4.931 4.871 4.811 4.752 4.692 4.632 4.573 4.513 4.453 4.394 4.334 4.275 4.215 3.967 3.570 3.173 2.776 2.379 1.983 1.499 0.000 0.000 0.000 0.000 0.000 0.000 0.000 0.000 0.000 0.000 0.000 0.000 0.000 0.000 0.000 0.000 0.000 0.000 0.000 0.000 0.000 0.000 0.000 0.000 0.000 0.000 0.000 0.000 0.000 0.000 0.000 0.000
6.916 6.841 6.765 6.679 6.594 6.508 6.422 6.336 6.251 6.165 6.079 5.994 5.908 5.823 5.737 5.651 5.566 5.480 5.394 5.312 5.248 5.183 5.119 5.054 4.993 4.933 4.874 4.814 4.754 4.695 4.635 4.575 4.516 4.456 4.396 4.337 4.277 4.217 4.107 3.710 3.313 2.916 2.519 2.096 1.596 0.000 0.000 0.000 0.000 0.000 0.000 0.000 0.000 0.000 0.000 0.000 0.000 0.000 0.000 0.000 0.000 0.000 0.000 0.000 0.000 0.000 0.000 0.000 0.000 0.000 0.000 0.000 0.000 0.000 0.000 0.000 0.000
6.931 6.856 6.774 6.688 6.603 6.517 6.431 6.346 6.260 6.174 6.089 6.003 5.917 5.832 5.746 5.660 5.575 5.489 5.404 5.318 5.248 5.183 5.119 5.055 4.996 4.936 4.876 4.817 4.757 4.697 4.638 4.578 4.518 4.459 4.399 4.339 4.280 4.220 4.160 3.850 3.453 3.056 2.659 2.193 1.693 1.193 0.000 0.000 0.000 0.000 0.000 0.000 0.000 0.000 0.000 0.000 0.000 0.000 0.000 0.000 0.000 0.000 0.000 0.000 0.000 0.000 0.000 0.000 0.000 0.000 0.000 0.000 0.000 0.000 0.000 0.000 0.000
6.946 6.869 6.783 6.697 6.612 6.526 6.440 6.355 6.269 6.184 6.098 6.012 5.927 5.841 5.755 5.670 5.584 5.498 5.413 5.327 5.247 5.183 5.118 5.058 4.998 4.939 4.879 4.819 4.760 4.700 4.640 4.581 4.521 4.461 4.402 4.342 4.282 4.223 4.163 3.990 3.593 3.196 2.790 0.000 1.790 1.290 0.000 0.000 0.000 0.000 0.000 0.000 0.000 0.000 0.000 0.000 0.000 0.000 0.000 0.000 0.000 0.000 0.000 0.000 0.000 0.000 0.000 0.000 0.000 0.000 0.000 0.000 0.000 0.000 0.000 0.000 0.000
6.961 6.878 6.792 6.707 6.621 6.535 6.450 6.364 6.278 6.193 6.107 6.021 5.936 5.850 5.764 5.679 5.593 5.507 5.422 5.336 5.250 5.182 5.120 5.060 5.001 4.941 4.881 4.822 4.762 4.703 4.643 4.583 4.524 4.464 4.404 4.344 4.285 4.225 4.166 4.106 3.733 3.336 2.887 2.387 1.887 0.000 0.000 0.000 0.000 0.000 0.000 0.000 0.000 0.000 0.000 0.000 0.000 0.000 0.000 0.000 0.000 0.000 0.000 0.000 0.000 0.000 0.000 0.000 0.000 0.000 0.000 0.000 0.000 0.000 0.000 0.000 0.000
6.973 6.887 6.801 6.716 6.630 6.544 6.459 6.373 6.287 6.202 6.116 6.031 5.945 5.859 5.773 5.688 5.602 5.517 5.431 5.345 5.260 5.182 5.123 5.063 5.003 4.944 4.884 4.824 4.765 4.705 4.645 4.586 4.526 4.466 4.407 4.347 4.287 4.228 4.168 4.108 3.873 3.476 2.984 2.484 1.984 1.485 0.000 0.000 0.000 0.000 0.000 0.000 0.000 0.000 0.000 0.000 0.000 0.000 0.000 0.000 0.000 0.000 0.000 0.000 0.000 0.000 0.000 0.000 0.000 0.000 0.000 0.000 0.000 0.000 0.000 0.000 0.000
6.982 6.897 6.811 6.726 6.640 6.554 6.469 6.383 6.298 6.212 6.126 6.041 5.955 5.870 5.784 5.699 5.613 5.527 5.442 5.356 5.271 5.193 5.131 5.071 5.010 4.950 4.889 4.829 4.768 4.708 4.648 4.588 4.529 4.469 4.409 4.350 4.290 4.230 4.171 4.111 4.013 3.581 3.081 2.585 2.109 0.000 0.000 0.000 0.000 0.000 0.000 0.000 0.000 0.000 0.000 0.000 0.000 0.000 0.000 0.000 0.000 0.000 0.000 0.000 0.000 0.000 0.000 0.000 0.000 0.000 0.000 0.000 0.000 0.000 0.000 0.000 0.000
6.994 6.908 6.823 6.737 6.652 6.566 6.481 6.395 6.309 6.224 6.138 6.053 5.967 5.881 5.796 5.710 5.625 5.539 5.453 5.368 5.283 5.211 5.144 5.084 5.023 4.962 4.902 4.842 4.781 4.720 4.660 4.599 4.539 4.479 4.418 4.357 4.297 4.236 4.176 4.116 4.055 3.701 3.225 2.749 0.000 0.000 0.000 0.847 0.000 0.000 0.000 0.000 0.000 0.000 0.000 0.000 0.000 0.000 0.000 0.000 0.000 0.000 0.000 0.000 0.000 0.000 0.000 0.000 0.000 0.000 0.000 0.000 0.000 0.000 0.000 0.000 0.000
6.998 6.920 6.835 6.749 6.663 6.578 6.492 6.407 6.321 6.236 6.150 6.064 5.979 5.893 5.807 5.722 5.636 5.551 5.465 5.380 5.301 5.230 5.158 5.096 5.036 4.975 4.915 4.854 4.794 4.733 4.673 4.612 4.552 4.491 4.431 4.370 4.310 4.249 4.189 4.128 4.043 3.800 3.389 2.914 2.438 0.000 1.487 0.000 0.000 0.000 0.000 0.000 0.000 0.000 0.000 0.000 0.000 0.000 0.000 0.000 0.000 0.000 0.000 0.000 0.000 0.000 0.000 0.000 0.000 0.000 0.000 0.000 0.000 0.000 0.000 0.000 0.000
7.002 6.928 6.846 6.761 6.675 6.589 6.504 6.418 6.333 6.247 6.162 6.076 5.990 5.905 5.819 5.734 5.648 5.562 5.477 5.391 5.320 5.248 5.176 5.109 5.048 4.988 4.927 4.867 4.806 4.746 4.685 4.625 4.564 4.504 4.443 4.383 4.322 4.262 4.201 4.137 4.019 3.845 3.455 3.065 2.603 0.000 0.000 0.000 0.000 0.000 0.000 0.000 0.000 0.000 0.000 0.000 0.000 0.000 0.000 0.000 0.000 0.000 0.000 0.000 0.000 0.000 0.000 0.000 0.000 0.000 0.000 0.000 0.000 0.000 0.000 0.000 0.000
7.006 6.932 6.858 6.772 6.687 6.601 6.516 6.430 6.345 6.259 6.173 6.088 6.002 5.916 5.831 5.745 5.660 5.574 5.489 5.410 5.338 5.266 5.194 5.123 5.061 5.001 4.940 4.879 4.819 4.758 4.698 4.637 4.577 4.516 4.456 4.395 4.335 4.274 4.214 4.113 3.994 3.875 3.500 3.110 2.720 0.000 1.816 0.000 0.000 0.000 0.000 0.000 0.000 0.000 0.000 0.000 0.000 0.000 0.000 0.000 0.000 0.000 0.000 0.000 0.000 0.000 0.000 0.000 0.000 0.000 0.000 0.000 0.000 0.000 0.000 0.000 0.000
7.010 6.936 6.862 6.784 6.699 6.613 6.527 6.442 6.356 6.271 6.185 6.099 6.014 5.928 5.843 5.757 5.671 5.586 5.500 5.428 5.356 5.284 5.213 5.141 5.074 5.013 4.953 4.892 4.832 4.771 4.711 4.650 4.589 4.529 4.469 4.408 4.348 4.287 4.207 4.088 3.969 3.850 3.545 3.155 2.765 0.000 1.981 1.505 0.000 0.000 0.000 0.000 0.000 0.000 0.000 0.000 0.000 0.000 0.000 0.000 0.000 0.000 0.000 0.000 0.000 0.000 0.000 0.000 0.000 0.000 0.000 0.000 0.000 0.000 0.000 0.000 0.000
7.014 6.940 6.866 6.791 6.710 6.625 6.539 6.453 6.368 6.282 6.197 6.111 6.026 5.940 5.854 5.769 5.683 5.598 5.518 5.446 5.374 5.302 5.231 5.159 5.087 5.026 4.965 4.905 4.844 4.784 4.723 4.663 4.602 4.542 4.481 4.421 4.360 4.300 4.183 4.064 3.945 3.826 3.591 3.201 2.810 2.420 0.000 1.640 0.000 0.000 0.000 0.000 0.000 0.000 0.000 0.000 0.000 0.000 0.000 0.000 0.000 0.000 0.000 0.000 0.000 0.000 0.000 0.000 0.000 0.000 0.000 0.000 0.000 0.000 0.000 0.000 0.000
7.018 6.944 6.870 6.795 6.721 6.636 6.551 6.465 6.380 6.294 6.208 6.123 6.037 5.952 5.866 5.780 5.695 5.609 5.536 5.464 5.392 5.321 5.249 5.177 5.106 5.038 4.978 4.917 4.857 4.796 4.736 4.675 4.615 4.554 4.494 4.433 4.373 4.277 4.158 4.039 3.920 3.801 3.636 3.246 2.856 0.000 0.000 0.000 0.000 0.000 0.000 0.000 0.000 0.000 0.000 0.000 0.000 0.000 0.000 0.000 0.000 0.000 0.000 0.000 0.000 0.000 0.000 0.000 0.000 0.000 0.000 0.000 0.000 0.000 0.000 0.000 0.000
7.022 6.948 6.873 6.799 6.725 6.648 6.562 6.477 6.391 6.306 6.220 6.134 6.049 5.963 5.878 5.792 5.707 5.626 5.554 5.482 5.411 5.339 5.267 5.196 5.124 5.052 4.991 4.930 4.869 4.809 4.748 4.688 4.627 4.567 4.506 4.446 4.372 4.253 4.133 4.014 3.896 3.777 3.657 3.291 2.901 0.000 0.000 1.730 0.000 0.000 0.000 0.000 0.000 0.000 0.000 0.000 0.000 0.000 0.000 0.000 0.000 0.000 0.000 0.000 0.000 0.000 0.000 0.000 0.000 0.000 0.000 0.000 0.000 0.000 0.000 0.000 0.000
7.026 6.952 6.878 6.803 6.729 6.655 6.574 6.489 6.403 6.317 6.232 6.146 6.061 5.975 5.889 5.804 5.718 5.644 5.572 5.501 5.429 5.357 5.286 5.214 5.142 5.070 5.003 4.943 4.882 4.822 4.761 4.701 4.640 4.580 4.519 4.459 4.347 4.228 4.109 3.990 3.871 3.752 3.633 3.336 2.946 2.556 0.000 1.776 1.386 0.000 0.000 0.000 0.000 0.000 0.000 0.000 0.000 0.000 0.000 0.000 0.000 0.000 0.000 0.000 0.000 0.000 0.000 0.000 0.000 0.000 0.000 0.000 0.000 0.000 0.000 0.000 0.000
7.030 6.956 6.881 6.807 6.733 6.659 6.585 6.500 6.415 6.329 6.243 6.158 6.072 5.987 5.901 5.815 5.734 5.662 5.591 5.519 5.447 5.376 5.304 5.232 5.160 5.089 5.017 4.955 4.895 4.834 4.774 4.713 4.653 4.592 4.532 4.441 4.322 4.203 4.084 3.965 3.846 3.727 3.608 3.382 2.992 2.601 0.000 1.821 0.000 0.000 0.000 0.000 0.000 0.000 0.000 0.000 0.000 0.000 0.000 0.000 0.000 0.000 0.000 0.000 0.000 0.000 0.000 0.000 0.000 0.000 0.000 0.000 0.000 0.000 0.000 0.000 0.000
7.034 6.960 6.885 6.811 6.737 6.663 6.588 6.512 6.426 6.341 6.255 6.170 6.084 5.998 5.913 5.827 5.752 5.680 5.609 5.537 5.465 5.394 5.322 5.250 5.178 5.107 5.035 4.968 4.907 4.847 4.786 4.726 4.665 4.605 4.536 4.417 4.298 4.179 4.060 3.941 3.822 3.703 3.584 3.427 3.037 2.647 0.000 1.866 1.476 0.000 0.000 0.000 0.000 0.000 0.000 0.000 0.000 0.000 0.000 0.000 0.000 0.000 0.000 0.000 0.000 0.000 0.000 0.000 0.000 0.000 0.000 0.000 0.000 0.000 0.000 0.000 0.000
7.038 6.964 6.889 6.815 6.741 6.667 6.592 6.518 6.438 6.352 6.267 6.181 6.096 6.010 5.925 5.842 5.770 5.699 5.627 5.555 5.484 5.412 5.340 5.268 5.197 5.125 5.053 4.982 4.920 4.859 4.799 4.739 4.678 4.617 4.511 4.392 4.273 4.154 4.035 3.916 3.797 3.678 3.559 3.440 3.082 2.692 0.000 1.912 1.522 1.131 0.000 0.000 0.000 0.000 0.000 0.000 0.000 0.000 0.000 0.000 0.000 0.000 0.000 0.000 0.000 0.000 0.000 0.000 0.000 0.000 0.000 0.000 0.000 0.000 0.000 0.000 0.000
7.042 6.968 6.893 6.819 6.745 6.671 6.596 6.522 6.448 6.364 6.278 6.193 6.107 6.022 5.936 5.860 5.789 5.717 5.645 5.574 5.502 5.430 5.358 5.287 5.215 5.143 5.072 5.000 4.933 4.872 4.812 4.751 4.691 4.606 4.487 4.368 4.249 4.130 4.011 3.892 3.773 3.654 3.535 3.416 3.127 2.737 2.347 0.000 0.000 0.000 0.000 0.000 0.000 0.000 0.000 0.000 0.000 0.000 0.000 0.000 0.000 0.000 0.000 0.000 0.000 0.000 0.000 0.000 0.000 0.000 0.000 0.000 0.000 0.000 0.000 0.000 0.000
7.046 6.972 6.897 6.823 6.749 6.675 6.600 6.526 6.452 6.376 6.290 6.205 6.119 6.034 5.950 5.879 5.807 5.735 5.664 5.592 5.520 5.448 5.377 5.305 5.233 5.161 5.090 5.018 4.946 4.885 4.824 4.764 4.700 4.581 4.462 4.343 4.224 4.105 3.986 3.867 3.748 3.629 3.510 3.391 3.173 2.783 2.392 0.000 1.612 0.000 0.000 0.000 0.000 0.000 0.000 0.000 0.000 0.000 0.000 0.000 0.000 0.000 0.000 0.000 0.000 0.000 0.000 0.000 0.000 0.000 0.000 0.000 0.000 0.000 0.000 0.000 0.000
7.050 6.976 6.901 6.827 6.753 6.679 6.604 6.530 6.456 6.382 6.302 6.216 6.131 6.045 5.969 5.897 5.825 5.754 5.682 5.610 5.538 5.467 5.395 5.323 5.251 5.180 5.108 5.036 4.965 4.897 4.837 4.776 4.675 4.556 4.437 4.318 4.199 4.080 3.961 3.842 3.723 3.604 3.485 3.366 3.218 2.828 2.438 0.000 0.000 0.000 0.000 0.000 0.000 0.000 0.000 0.000 0.000 0.000 0.000 0.000 0.000 0.000 0.000 0.000 0.000 0.000 0.000 0.000 0.000 0.000 0.000 0.000 0.000 0.000 0.000 0.000 0.000
