includes/lisflood/results_R15_t1.554713770035E12/res-0006.wdfp
ncols         631
nrows         906
xllcorner     364927.146600
yllcorner     6531972.565600
cellsize      20.000000
NODATA_value  -9999.000000
[rows 850 to 883 of 906, columns 539 to 615 of 631]
6.563 6.463 6.398 6.302 6.195 6.087 5.980 5.872 5.765 5.658 5.601 5.578 5.554 5.537 5.521 5.506 5.491 5.476 5.461 5.449 5.437 5.425 5.413 5.401 5.368 5.305 5.242 5.179 5.117 5.060 5.003 4.945 4.888 4.831 4.781 4.772 4.763 4.754 4.730 4.698 4.667 4.635 4.604 4.572 4.549 4.531 4.513 4.495 4.494 4.493 4.491 4.490 4.489 4.488 4.490 4.493 4.497 4.500 4.450 4.399 4.349 4.299 4.249 4.199 4.147 4.062 3.976 3.928 3.923 3.919 3.915 3.910 3.906 3.901 3.897 3.901 3.910
6.488 6.406 6.341 6.275 6.168 6.061 5.953 5.846 5.738 5.632 5.609 5.585 5.562 5.538 5.522 5.507 5.492 5.476 5.463 5.451 5.439 5.427 5.415 5.403 5.391 5.340 5.277 5.214 5.155 5.098 5.041 4.984 4.926 4.869 4.812 4.783 4.774 4.759 4.727 4.696 4.664 4.633 4.601 4.570 4.539 4.521 4.503 4.495 4.493 4.492 4.491 4.490 4.489 4.488 4.487 4.491 4.494 4.469 4.419 4.368 4.318 4.268 4.218 4.167 4.117 4.053 3.967 3.960 3.955 3.951 3.946 3.942 3.937 3.933 3.929 3.929 3.942
6.414 6.349 6.284 6.220 6.141 6.034 5.926 5.819 5.712 5.640 5.616 5.592 5.569 5.545 5.523 5.508 5.492 5.477 5.465 5.453 5.441 5.429 5.417 5.405 5.393 5.375 5.312 5.251 5.193 5.136 5.079 5.022 4.965 4.907 4.850 4.793 4.784 4.757 4.725 4.694 4.662 4.631 4.599 4.567 4.536 4.512 4.496 4.494 4.493 4.492 4.491 4.490 4.489 4.488 4.487 4.488 4.488 4.438 4.388 4.337 4.287 4.237 4.187 4.137 4.086 4.036 3.996 3.991 3.987 3.986 3.984 3.983 3.982 3.981 3.980 3.956 3.945
6.357 6.292 6.228 6.163 6.098 6.007 5.899 5.792 5.685 5.647 5.623 5.600 5.576 5.553 5.529 5.508 5.493 5.479 5.467 5.455 5.443 5.431 5.419 5.407 5.395 5.383 5.347 5.289 5.232 5.174 5.117 5.060 5.003 4.945 4.888 4.831 4.786 4.754 4.723 4.691 4.660 4.628 4.597 4.565 4.533 4.502 4.495 4.494 4.493 4.492 4.491 4.490 4.489 4.488 4.487 4.485 4.457 4.407 4.357 4.310 4.265 4.220 4.175 4.130 4.085 4.040 4.049 4.047 4.046 4.045 4.043 4.042 4.041 4.040 4.039 3.998 3.957
6.300 6.235 6.171 6.106 6.042 5.977 5.873 5.765 5.678 5.654 5.631 5.607 5.584 5.560 5.537 5.513 5.494 5.481 5.468 5.457 5.445 5.433 5.421 5.409 5.399 5.389 5.373 5.322 5.264 5.206 5.148 5.090 5.033 4.975 4.917 4.859 4.826 4.794 4.761 4.728 4.695 4.662 4.630 4.597 4.564 4.541 4.538 4.537 4.535 4.534 4.533 4.532 4.531 4.530 4.528 4.521 4.466 4.421 4.376 4.331 4.286 4.241 4.196 4.151 4.106 4.083 4.097 4.107 4.105 4.104 4.103 4.102 4.100 4.099 4.082 4.041 4.000
6.243 6.179 6.114 6.049 5.985 5.920 5.846 5.739 5.685 5.661 5.638 5.614 5.591 5.567 5.544 5.521 5.495 5.486 5.476 5.465 5.455 5.445 5.434 5.424 5.413 5.403 5.380 5.349 5.292 5.234 5.176 5.118 5.060 5.002 4.945 4.897 4.868 4.837 4.804 4.771 4.738 4.705 4.672 4.640 4.609 4.604 4.599 4.598 4.597 4.595 4.594 4.593 4.592 4.591 4.590 4.551 4.493 4.442 4.397 4.352 4.307 4.262 4.217 4.172 4.127 4.130 4.145 4.159 4.165 4.163 4.162 4.161 4.160 4.158 4.125 4.084 4.042
6.186 6.122 6.057 5.992 5.928 5.863 5.799 5.716 5.692 5.669 5.644 5.618 5.593 5.568 5.542 5.517 5.501 5.500 5.490 5.480 5.469 5.459 5.448 5.438 5.428 5.414 5.387 5.361 5.319 5.261 5.203 5.146 5.088 5.030 4.972 4.938 4.909 4.879 4.847 4.814 4.781 4.748 4.715 4.683 4.672 4.666 4.661 4.659 4.658 4.657 4.656 4.654 4.653 4.652 4.640 4.582 4.523 4.465 4.418 4.373 4.328 4.283 4.238 4.193 4.163 4.178 4.192 4.207 4.221 4.223 4.221 4.220 4.219 4.209 4.168 4.126 4.085
6.129 6.065 6.000 5.936 5.871 5.826 5.786 5.727 5.691 5.666 5.640 5.615 5.589 5.564 5.539 5.514 5.508 5.508 5.504 5.494 5.483 5.473 5.463 5.452 5.442 5.421 5.395 5.368 5.341 5.289 5.231 5.173 5.115 5.058 5.009 4.979 4.950 4.920 4.890 4.857 4.824 4.791 4.759 4.740 4.735 4.729 4.724 4.720 4.719 4.718 4.717 4.715 4.714 4.713 4.670 4.612 4.553 4.495 4.439 4.394 4.349 4.304 4.259 4.214 4.210 4.225 4.239 4.254 4.269 4.282 4.281 4.279 4.278 4.252 4.211 4.169 4.128
6.083 6.043 6.002 5.961 5.921 5.880 5.840 5.765 5.687 5.662 5.637 5.611 5.586 5.561 5.535 5.516 5.515 5.515 5.515 5.508 5.498 5.487 5.477 5.467 5.455 5.428 5.402 5.375 5.348 5.316 5.259 5.201 5.143 5.085 5.050 5.020 4.991 4.961 4.932 4.900 4.867 4.834 4.809 4.803 4.798 4.792 4.787 4.782 4.780 4.779 4.778 4.777 4.775 4.759 4.700 4.642 4.584 4.525 4.467 4.415 4.370 4.325 4.280 4.243 4.258 4.272 4.287 4.301 4.316 4.331 4.340 4.339 4.336 4.295 4.253 4.212 4.170
6.137 6.096 6.056 6.015 5.975 5.934 5.887 5.803 5.718 5.658 5.633 5.608 5.582 5.557 5.532 5.523 5.522 5.522 5.522 5.521 5.512 5.501 5.491 5.481 5.462 5.435 5.409 5.382 5.355 5.329 5.286 5.228 5.171 5.120 5.091 5.062 5.032 5.003 4.973 4.943 4.910 4.877 4.872 4.866 4.861 4.855 4.850 4.844 4.842 4.840 4.839 4.838 4.837 4.789 4.731 4.672 4.614 4.556 4.497 4.439 4.391 4.346 4.301 4.290 4.305 4.319 4.334 4.349 4.363 4.378 4.393 4.398 4.379 4.337 4.296 4.255 4.212
6.191 6.150 6.110 6.069 6.028 5.988 5.926 5.841 5.757 5.672 5.629 5.604 5.579 5.553 5.530 5.530 5.530 5.529 5.529 5.529 5.526 5.516 5.505 5.495 5.469 5.442 5.416 5.389 5.362 5.336 5.309 5.256 5.198 5.162 5.132 5.103 5.073 5.044 5.014 4.985 4.953 4.940 4.935 4.929 4.924 4.918 4.913 4.907 4.903 4.902 4.900 4.899 4.878 4.819 4.761 4.702 4.644 4.586 4.528 4.469 4.412 4.367 4.323 4.338 4.352 4.367 4.381 4.396 4.411 4.425 4.440 4.455 4.409 4.352 4.295 4.238 4.182
6.245 6.204 6.163 6.123 6.082 6.042 5.964 5.879 5.795 5.710 5.626 5.600 5.575 5.550 5.537 5.537 5.537 5.536 5.536 5.536 5.536 5.530 5.520 5.502 5.476 5.449 5.423 5.396 5.370 5.343 5.316 5.284 5.232 5.203 5.173 5.144 5.114 5.085 5.055 5.024 5.001 5.003 4.998 4.992 4.987 4.981 4.976 4.970 4.965 4.963 4.961 4.960 4.908 4.850 4.791 4.733 4.674 4.616 4.558 4.500 4.441 4.388 4.370 4.385 4.399 4.414 4.423 4.420 4.418 4.415 4.413 4.405 4.378 4.322 4.265 4.208 4.151
6.283 6.258 6.217 6.177 6.136 6.086 6.002 5.917 5.833 5.749 5.664 5.597 5.571 5.546 5.544 5.544 5.544 5.544 5.543 5.543 5.543 5.542 5.534 5.509 5.483 5.456 5.430 5.403 5.377 5.350 5.324 5.303 5.272 5.242 5.212 5.182 5.152 5.122 5.092 5.061 5.044 5.046 5.048 5.050 5.050 5.044 5.039 5.033 5.028 5.024 5.023 4.997 4.938 4.880 4.821 4.763 4.705 4.646 4.588 4.530 4.472 4.411 4.386 4.383 4.381 4.378 4.376 4.373 4.371 4.368 4.366 4.349 4.322 4.292 4.235 4.178 4.121
6.310 6.291 6.271 6.230 6.190 6.125 6.040 5.956 5.871 5.787 5.702 5.618 5.568 5.552 5.551 5.551 5.551 5.551 5.551 5.550 5.550 5.569 5.555 5.534 5.513 5.492 5.471 5.450 5.429 5.408 5.387 5.361 5.313 5.279 5.249 5.219 5.189 5.158 5.128 5.098 5.088 5.089 5.091 5.093 5.095 5.097 5.099 5.096 5.091 5.085 5.084 5.027 4.969 4.910 4.852 4.793 4.732 4.671 4.609 4.547 4.486 4.423 4.354 4.336 4.333 4.331 4.328 4.326 4.323 4.321 4.318 4.293 4.266 4.239 4.205 4.148 4.091
6.338 6.319 6.299 6.279 6.244 6.163 6.078 5.994 5.909 5.825 5.741 5.656 5.572 5.568 5.595 5.623 5.650 5.678 5.705 5.733 5.760 5.788 5.687 5.596 5.575 5.554 5.533 5.512 5.491 5.470 5.449 5.411 5.363 5.316 5.286 5.256 5.226 5.195 5.165 5.135 5.131 5.133 5.135 5.137 5.139 5.141 5.142 5.144 5.146 5.148 5.116 5.055 4.993 4.931 4.869 4.807 4.745 4.684 4.622 4.560 4.499 4.434 4.365 4.296 4.286 4.284 4.281 4.278 4.276 4.273 4.264 4.237 4.210 4.183 4.156 4.118 4.061
6.366 6.347 6.327 6.307 6.354 6.284 6.208 6.133 6.057 5.982 5.906 5.830 5.781 5.787 5.814 5.842 5.870 5.897 5.925 5.952 5.980 5.971 5.832 5.694 5.638 5.617 5.596 5.575 5.554 5.533 5.509 5.461 5.413 5.366 5.323 5.292 5.262 5.232 5.202 5.172 5.174 5.176 5.178 5.180 5.182 5.184 5.186 5.187 5.215 5.428 5.249 5.068 5.006 4.944 4.882 4.820 4.759 4.697 4.635 4.574 4.512 4.445 4.376 4.307 4.239 4.236 4.234 4.231 4.229 4.226 4.207 4.180 4.154 4.127 4.100 4.073 4.031
6.394 6.375 6.360 6.431 6.502 6.479 6.403 6.328 6.252 6.176 6.101 6.025 6.018 6.020 6.034 6.061 6.089 6.116 6.144 6.172 6.199 6.117 5.978 5.840 5.701 5.680 5.659 5.638 5.617 5.596 5.559 5.511 5.463 5.416 5.368 5.329 5.299 5.269 5.239 5.215 5.217 5.219 5.221 5.223 5.225 5.227 5.229 5.426 5.640 5.853 5.630 5.246 5.019 4.957 4.895 4.834 4.772 4.710 4.648 4.587 4.525 4.456 4.387 4.318 4.249 4.189 4.186 4.184 4.181 4.178 4.151 4.124 4.097 4.070 4.044 4.017 3.990
6.422 6.436 6.508 6.579 6.651 6.674 6.598 6.523 6.447 6.371 6.296 6.253 6.255 6.257 6.259 6.281 6.308 6.336 6.363 6.391 6.402 6.263 6.124 5.986 5.847 5.742 5.721 5.700 5.680 5.657 5.609 5.561 5.514 5.466 5.418 5.370 5.336 5.306 5.276 5.258 5.260 5.262 5.264 5.266 5.268 5.425 5.638 5.851 6.065 6.278 6.010 5.626 5.242 4.971 4.909 4.847 4.785 4.723 4.662 4.600 4.536 4.467 4.398 4.329 4.260 4.191 4.139 4.136 4.134 4.121 4.095 4.068 4.041 4.014 3.987 3.961 3.934
6.513 6.585 6.656 6.727 6.799 6.869 6.793 6.717 6.642 6.566 6.491 6.491 6.492 6.494 6.496 6.500 6.527 6.555 6.583 6.610 6.548 6.409 6.270 6.132 5.993 5.854 5.784 5.763 5.742 5.707 5.659 5.612 5.564 5.516 5.468 5.420 5.373 5.343 5.312 5.302 5.304 5.306 5.308 5.423 5.636 5.850 6.063 6.277 6.490 6.703 6.390 6.006 5.622 5.238 4.922 4.860 4.798 4.737 4.675 4.613 4.547 4.478 4.409 4.340 4.271 4.202 4.134 4.089 4.086 4.065 4.038 4.011 3.984 3.958 3.931 3.918 3.909
6.661 6.733 6.804 6.876 6.947 7.018 6.988 6.912 6.837 6.761 6.726 6.728 6.730 6.732 6.733 6.735 6.747 6.774 6.802 6.830 6.694 6.555 6.416 6.278 6.139 6.000 5.861 5.826 5.805 5.757 5.709 5.662 5.614 5.566 5.518 5.471 5.423 5.379 5.349 5.345 5.347 5.421 5.634 5.848 6.061 6.275 6.488 6.702 6.915 7.128 6.770 6.386 6.002 5.618 5.234 4.873 4.811 4.750 4.688 4.626 4.557 4.488 4.419 4.351 4.282 4.213 4.144 4.076 4.036 4.009 3.996 3.986 3.976 3.967 3.957 3.948 3.939
6.810 6.881 6.952 7.024 7.095 7.167 7.183 7.107 7.032 6.962 6.964 6.965 6.967 6.969 6.971 6.973 6.974 6.994 7.021 6.978 6.840 6.701 6.562 6.423 6.285 6.146 6.007 5.889 5.855 5.807 5.759 5.712 5.664 5.616 5.569 5.521 5.473 5.425 5.386 5.418 5.632 5.846 6.059 6.273 6.486 6.700 6.913 7.127 7.340 7.535 7.150 6.766 6.382 5.998 5.614 5.230 4.847 4.763 4.701 4.637 4.568 4.499 4.430 4.361 4.293 4.224 4.166 4.110 4.058 4.035 4.025 4.015 4.006 3.996 3.987 3.977 3.968
6.955 7.029 7.101 7.172 7.244 7.315 7.378 7.302 7.227 7.199 7.201 7.203 7.204 7.206 7.208 7.210 7.212 7.214 7.241 7.124 6.986 6.847 6.708 6.570 6.431 6.327 6.247 6.167 6.004 5.957 5.910 5.864 5.817 5.770 5.724 5.677 5.630 5.583 5.652 5.844 6.057 6.271 6.484 6.698 6.911 7.125 7.338 7.552 7.765 7.915 7.531 7.147 6.763 6.379 5.994 5.610 5.227 4.843 4.714 4.648 4.579 4.510 4.450 4.393 4.336 4.280 4.223 4.166 4.118 4.071 4.054 4.045 4.035 4.026 4.016 4.007 3.997
7.077 7.160 7.242 7.320 7.392 7.463 7.535 7.497 7.435 7.436 7.438 7.440 7.442 7.444 7.445 7.447 7.449 7.451 7.435 7.355 7.274 7.194 7.114 7.034 6.954 6.873 6.793 6.627 6.310 6.243 6.196 6.150 6.103 6.056 6.010 5.963 5.916 5.979 6.133 6.309 6.484 6.696 6.910 7.123 7.337 7.550 7.763 7.977 8.190 8.295 7.911 7.527 7.143 6.759 6.375 5.991 5.607 5.223 4.826 4.677 4.620 4.563 4.506 4.450 4.393 4.336 4.280 4.224 4.178 4.131 4.085 4.074 4.064 4.055 4.046 4.036 4.020
7.198 7.281 7.364 7.447 7.530 7.612 7.683 7.692 7.672 7.674 7.676 7.677 7.678 7.677 7.677 7.676 7.675 7.674 7.813 7.901 7.821 7.741 7.661 7.580 7.500 7.420 7.340 7.071 6.754 6.529 6.482 6.436 6.389 6.342 6.296 6.249 6.310 6.461 6.615 6.790 6.966 7.141 7.335 7.548 7.762 7.975 8.189 8.402 8.615 8.676 8.292 7.907 7.523 7.139 6.755 6.371 5.987 5.515 5.022 4.796 4.677 4.620 4.563 4.506 4.450 4.393 4.336 4.284 4.238 4.191 4.145 4.103 4.094 4.084 4.075 4.065 4.040
7.319 7.402 7.485 7.568 7.651 7.734 7.817 7.902 7.903 7.903 7.902 7.901 7.900 7.899 7.898 7.898 7.897 7.896 8.106 8.326 8.367 8.287 8.207 8.127 8.047 7.966 7.832 7.515 7.198 6.882 6.768 6.722 6.675 6.629 6.582 6.641 6.792 6.942 7.096 7.272 7.447 7.623 7.798 7.974 8.187 8.400 8.614 8.827 9.040 9.056 8.672 8.288 7.904 7.520 7.135 6.698 6.205 5.712 5.233 5.020 4.807 4.677 4.620 4.563 4.506 4.450 4.393 4.344 4.298 4.251 4.205 4.158 4.123 4.114 4.104 4.093 4.061
7.441 7.524 7.607 7.690 7.772 7.852 7.915 7.999 8.123 8.124 8.123 8.123 8.122 8.121 8.120 8.120 8.119 8.179 8.399 8.620 8.840 8.834 8.754 8.673 8.593 8.513 8.276 7.959 7.643 7.326 7.054 7.008 6.961 6.915 6.972 7.122 7.273 7.423 7.578 7.753 7.929 8.104 8.280 8.455 8.630 8.825 9.039 9.252 9.465 9.437 9.052 8.668 8.284 7.882 7.389 6.895 6.402 5.909 5.456 5.243 5.030 4.817 4.677 4.620 4.563 4.506 4.451 4.404 4.358 4.311 4.264 4.218 4.172 4.143 4.133 4.113 4.082
7.562 7.645 7.728 7.811 7.877 7.940 8.002 8.096 8.220 8.344 8.345 8.344 8.344 8.343 8.342 8.341 8.341 8.472 8.693 8.913 9.133 9.353 9.300 9.220 9.140 9.037 8.720 8.404 8.087 7.771 7.454 7.294 7.247 7.302 7.453 7.604 7.754 7.905 8.059 8.235 8.410 8.586 8.761 8.937 9.112 9.287 9.464 9.677 9.891 9.817 9.433 9.049 8.572 8.079 7.585 7.092 6.599 6.105 5.680 5.466 5.253 5.040 4.827 4.677 4.620 4.563 4.511 4.464 4.418 4.371 4.324 4.278 4.231 4.185 4.163 4.134 4.102
7.683 7.766 7.839 7.902 7.964 8.027 8.089 8.192 8.317 8.441 8.565 8.566 8.565 8.565 8.564 8.563 8.562 8.766 8.986 9.206 9.427 9.647 9.847 9.766 9.686 9.482 9.165 8.848 8.531 8.215 7.898 7.582 7.633 7.784 7.935 8.085 8.236 8.386 8.541 8.716 8.892 9.067 9.243 9.418 9.593 9.769 9.944 10.119 10.316 10.198 9.756 9.263 8.769 8.276 7.782 7.289 6.796 6.302 5.903 5.690 5.477 5.263 5.050 4.837 4.676 4.620 4.571 4.524 4.478 4.431 4.384 4.338 4.288 4.235 4.179 4.142 4.107
7.801 7.864 7.926 7.989 8.051 8.114 8.176 8.289 8.414 8.538 8.662 8.787 8.787 8.786 8.786 8.785 8.838 9.059 9.279 9.500 9.720 9.940 10.160 10.313 10.233 9.926 9.609 9.293 8.976 8.524 8.059 7.594 8.035 8.265 8.416 8.566 8.717 8.867 9.022 9.198 9.373 9.549 9.724 9.900 10.075 10.250 10.426 10.601 10.633 10.479 9.953 9.460 8.966 8.473 7.979 7.486 6.992 6.499 6.127 5.913 5.700 5.487 5.273 5.060 4.847 4.678 4.626 4.572 4.519 4.465 4.412 4.358 4.305 4.252 4.190 4.136 4.101
7.888 7.951 8.013 8.076 8.138 8.201 8.263 8.386 8.510 8.635 8.759 8.883 9.008 9.008 9.007 9.007 9.132 9.352 9.573 9.793 10.013 10.233 10.454 10.674 10.625 10.160 9.695 9.230 8.765 8.300 7.835 7.555 8.025 8.496 8.897 9.048 9.198 9.349 9.504 9.679 9.855 10.030 10.206 10.381 10.556 10.671 10.591 10.511 10.460 10.703 10.304 9.767 9.229 8.691 8.176 7.683 7.189 6.696 6.350 6.137 5.923 5.710 5.612 5.559 5.505 5.049 4.642 4.589 4.535 4.482 4.428 4.375 4.322 4.265 4.201 4.138 4.095
7.975 8.038 8.100 8.163 8.225 8.288 8.358 8.483 8.607 8.731 8.856 8.980 9.105 9.229 9.229 9.229 9.425 9.645 9.866 10.086 10.307 10.295 10.252 10.209 10.150 9.936 9.471 9.006 8.541 8.076 7.611 7.545 8.016 8.486 8.957 9.427 9.680 9.830 9.985 10.161 10.336 10.512 10.687 10.629 10.549 10.469 10.388 10.308 10.373 10.616 10.667 10.130 9.592 9.054 8.516 7.979 7.441 6.903 6.651 6.598 6.545 6.492 6.438 6.385 6.332 5.599 4.822 4.605 4.552 4.498 4.445 4.391 4.338 4.276 4.212 4.149 4.089
8.062 8.125 8.187 8.250 8.312 8.375 8.455 8.579 8.704 8.828 8.953 9.077 9.202 9.326 9.451 9.498 9.718 9.846 9.804 9.761 9.718 9.675 9.632 9.589 9.524 9.456 9.247 8.782 8.317 7.852 7.387 7.535 8.006 8.477 8.947 9.418 9.888 10.311 10.467 10.642 10.667 10.587 10.507 10.426 10.346 10.266 10.186 10.106 10.286 10.529 10.772 10.493 9.955 9.417 8.879 8.342 7.804 7.359 7.458 7.425 7.372 7.318 7.265 7.212 6.927 6.149 5.372 4.622 4.569 4.515 4.462 4.408 4.351 4.287 4.224 4.160 4.096
8.044 8.212 8.274 8.337 8.399 8.462 8.552 8.676 8.800 8.925 9.049 9.174 9.298 9.423 9.439 9.317 9.269 9.226 9.184 9.141 9.098 9.055 9.012 8.966 8.898 8.830 8.762 8.559 8.093 7.629 7.164 7.526 7.996 8.467 8.937 9.408 9.878 10.325 10.599 10.544 10.464 10.384 10.304 10.224 10.144 10.064 9.983 9.956 10.199 10.442 10.685 10.856 10.318 9.780 9.243 8.705 8.167 8.066 8.165 8.252 8.198 8.145 8.092 8.038 7.478 6.700 5.922 5.144 4.585 4.532 4.478 4.425 4.363 4.299 4.235 4.171 4.107
7.951 8.155 8.358 8.424 8.486 8.549 8.648 8.772 8.897 9.021 9.146 9.270 9.156 9.035 8.914 8.790 8.666 8.606 8.563 8.521 8.478 8.435 8.392 8.340 8.272 8.204 8.136 8.067 7.870 7.405 7.045 7.516 7.987 8.457 8.928 9.315 9.689 10.063 10.253 10.318 10.262 10.182 10.101 10.021 9.941 9.861 9.781 9.870 10.113 10.356 10.599 10.842 10.681 10.143 9.606 9.068 8.673 8.772 8.872 8.971 9.025 8.972 8.918 8.806 8.028 7.250 6.472 5.695 4.917 4.549 4.495 4.438 4.374 4.310 4.246 4.182 4.118
