includes/lisflood/results_R15_t1.554713770035E12/res-0003.wd
ncols         631
nrows         906
xllcorner     364927.146600
yllcorner     6531972.565600
cellsize      20.000000
NODATA_value  -9999.000000
[rows 340 to 373 of 906, columns 385 to 461 of 631]
0.000 0.000 0.000 0.000 0.000 0.000 0.000 0.000 0.000 0.000 0.000 0.000 0.000 0.000 0.000 0.000 0.000 0.000 0.350 1.790 2.010 2.090 2.340 2.270 2.351 2.491 2.471 2.571 2.671 2.621 2.661 2.712 2.762 2.872 2.842 2.812 2.832 2.843 2.873 2.993 2.953 2.843 3.023 3.003 3.043 3.063 3.064 3.164 3.184 3.004 3.134 3.294 3.184 3.194 3.184 3.384 3.354 3.384 3.434 3.394 3.364 3.314 3.494 3.464 3.803 3.554 3.514 3.836 3.414 3.857 3.868 3.879 3.395 3.897 3.902 3.495 3.555
0.000 0.000 0.000 0.000 0.000 0.000 0.000 0.000 0.000 0.000 0.000 0.000 0.000 0.000 0.000 0.000 0.000 0.000 0.000 0.540 1.460 1.950 2.200 1.990 2.151 2.361 2.451 2.551 2.531 2.601 2.691 2.622 2.692 2.652 2.822 2.872 2.812 2.872 2.923 2.813 2.843 2.893 3.053 2.973 2.943 2.993 2.993 3.093 3.233 3.204 3.204 3.184 3.184 3.464 3.324 3.324 3.434 3.394 3.464 3.414 3.444 3.424 3.514 3.454 3.780 3.514 3.534 3.514 3.404 3.839 3.324 3.394 3.484 3.474 3.574 3.885 3.465
0.000 0.000 0.000 0.000 0.000 0.000 0.000 0.000 0.000 0.000 0.000 0.000 0.000 0.000 0.000 0.000 0.000 0.000 0.000 0.000 0.820 1.890 2.200 2.160 2.280 2.311 2.501 2.551 2.551 2.541 2.651 2.611 2.812 2.592 2.672 2.752 2.752 2.802 2.752 2.873 2.883 2.883 2.903 2.873 3.083 3.053 3.093 3.053 3.073 3.113 3.123 3.203 3.174 3.234 3.244 3.314 3.194 3.224 3.304 3.274 3.394 3.544 3.364 3.444 3.414 3.474 3.424 3.444 3.810 3.394 3.374 3.444 3.414 3.494 3.859 3.863 3.434
0.000 0.000 0.000 0.000 0.000 0.000 0.000 0.000 0.000 0.000 0.000 0.000 0.000 0.000 0.000 0.000 0.000 0.000 0.000 0.000 0.000 0.860 2.120 2.090 2.170 2.411 2.351 2.511 2.421 2.621 2.561 2.561 2.631 2.702 2.632 2.762 2.692 2.812 2.782 2.942 2.813 2.943 2.853 2.893 2.903 3.213 2.963 2.963 3.173 3.113 3.043 3.203 3.193 3.103 3.203 3.233 3.204 3.234 3.284 3.414 3.394 3.464 3.494 3.454 3.374 3.434 3.768 3.780 3.494 3.344 3.434 3.344 3.334 3.424 3.324 3.354 3.474
0.000 0.000 0.000 0.000 0.000 0.000 0.000 0.000 0.000 0.000 0.000 0.000 0.000 0.000 0.000 0.000 0.000 0.000 0.000 0.000 0.000 0.000 1.240 2.280 2.200 2.271 2.351 2.541 2.491 2.501 2.511 2.571 2.671 2.531 2.672 2.682 2.712 2.822 2.792 2.832 2.812 2.852 2.833 2.933 2.803 3.053 3.123 3.003 3.163 3.073 3.143 3.043 3.153 3.213 3.163 3.183 3.233 3.283 3.444 3.394 3.404 3.484 3.414 3.363 3.707 3.725 3.743 3.344 3.504 3.414 3.394 3.294 3.807 3.174 3.334 3.454 3.504
0.000 0.000 0.000 0.000 0.000 0.000 0.000 0.000 0.000 0.000 0.000 0.000 0.000 0.000 0.000 0.000 0.000 0.000 0.000 0.000 0.000 0.000 0.000 1.770 2.271 2.361 2.341 2.351 2.441 2.501 2.621 2.511 2.541 2.561 2.681 2.591 2.682 2.642 2.702 2.732 2.742 2.722 2.982 2.743 2.903 2.903 3.013 3.023 2.993 3.083 3.103 3.163 3.173 3.133 3.063 3.283 3.293 3.313 3.183 3.233 3.373 3.383 3.443 3.293 3.682 3.343 3.203 3.503 3.373 3.343 3.434 3.514 3.264 3.324 3.314 3.424 3.534
0.000 0.000 0.000 0.000 0.000 0.000 0.000 0.000 0.000 0.000 0.000 0.000 0.000 0.000 0.000 0.000 0.000 0.000 0.000 0.000 0.000 0.000 0.000 0.480 1.981 2.261 2.271 2.321 2.311 2.351 2.561 2.561 2.421 2.541 2.481 2.651 2.671 2.691 2.672 2.782 2.732 2.712 2.792 2.822 2.812 2.863 2.993 2.903 2.983 3.063 3.143 3.093 3.203 3.213 3.203 3.233 3.153 3.203 3.273 3.163 3.263 3.183 3.343 3.639 3.658 3.323 3.323 3.383 3.323 3.253 3.343 3.273 3.563 3.323 3.353 3.333 3.393
0.000 0.000 0.000 0.000 0.000 0.000 0.000 0.000 0.000 0.000 0.000 0.000 0.000 0.000 0.000 0.000 0.000 0.000 0.000 0.000 0.000 0.000 0.000 0.000 0.661 2.111 2.221 2.361 2.251 2.371 2.551 2.511 2.481 2.491 2.521 2.611 2.621 2.561 2.691 2.712 2.782 2.802 2.772 2.802 2.762 2.812 3.042 3.023 2.843 3.003 3.013 3.033 3.003 3.253 3.123 3.203 3.213 3.123 3.233 3.223 3.303 3.303 3.173 3.615 3.143 3.343 3.373 3.413 3.363 3.323 3.393 3.737 3.183 3.313 3.323 3.253 3.293
0.000 0.000 0.000 0.000 0.000 0.000 0.000 0.000 0.000 0.000 0.000 0.000 0.000 0.000 0.000 0.000 0.000 0.000 0.000 0.000 0.000 0.000 0.000 0.000 0.000 0.761 1.941 2.311 2.301 2.381 2.461 2.461 2.551 2.521 2.501 2.681 2.531 2.561 2.611 2.681 2.632 2.802 2.742 2.802 2.802 2.792 2.902 2.942 2.942 2.912 2.992 3.032 3.082 3.062 3.173 3.063 3.193 3.123 3.383 3.518 3.536 3.555 3.574 3.283 3.413 3.333 3.323 3.503 3.433 3.283 3.243 3.233 3.133 3.333 3.363 3.313 3.283
0.000 0.000 0.000 0.000 0.000 0.000 0.000 0.000 0.000 0.000 0.000 0.000 0.000 0.000 0.000 0.000 0.000 0.000 0.000 0.000 0.000 0.000 0.000 0.000 0.000 0.000 1.021 2.121 2.421 2.341 2.301 2.381 2.571 2.471 2.561 2.401 2.611 2.631 2.571 2.661 2.671 2.661 2.802 2.772 2.842 2.812 2.782 2.972 2.902 2.972 2.982 3.042 2.952 3.012 3.122 3.242 3.162 3.152 3.478 3.483 3.273 3.053 3.043 3.282 3.242 3.342 3.372 3.372 3.323 3.263 3.263 3.223 3.193 3.223 3.253 3.263 3.707
0.000 0.000 0.000 0.000 0.000 0.000 0.000 0.000 0.000 0.000 0.000 0.000 0.000 0.000 0.000 0.000 0.000 0.000 0.000 0.000 0.000 0.000 0.000 0.000 0.000 0.000 0.000 1.000 2.070 2.271 2.351 2.451 2.481 2.451 2.481 2.411 2.541 2.491 2.591 2.611 2.581 2.751 2.681 2.702 2.782 2.852 2.812 2.792 2.912 2.952 2.922 2.972 3.062 3.002 3.072 3.102 2.982 3.212 3.457 3.132 3.202 3.302 3.112 3.192 3.262 3.212 3.272 3.232 3.252 3.312 3.242 3.659 3.312 3.292 3.162 3.232 3.183
0.000 0.000 0.000 0.000 0.000 0.000 0.000 0.000 0.000 0.000 0.000 0.000 0.000 0.000 0.000 0.000 0.000 0.000 0.000 0.000 0.000 0.000 0.000 0.000 0.000 0.000 0.000 0.000 1.260 2.351 2.341 2.491 2.381 2.561 2.451 2.361 2.521 2.511 2.511 2.581 2.591 2.511 2.791 2.711 2.841 2.731 2.772 2.802 2.992 3.022 2.922 2.932 2.962 3.032 2.952 3.062 3.002 3.222 3.435 3.142 2.952 3.102 3.312 3.182 3.272 3.322 3.232 3.212 3.172 3.212 3.292 3.633 3.282 3.222 3.182 3.092 3.252
0.000 0.000 0.000 0.000 0.000 0.000 0.000 0.000 0.000 0.000 0.000 0.000 0.000 0.000 0.000 0.000 0.000 0.000 0.000 0.000 0.000 0.000 0.000 0.000 0.000 0.000 0.000 0.000 0.000 1.381 2.201 2.441 2.511 2.431 2.641 2.451 2.471 2.481 2.561 2.581 2.651 2.591 2.741 2.851 2.741 2.811 2.811 2.782 2.942 2.882 3.002 2.952 2.872 2.972 2.942 2.932 3.022 3.542 3.482 3.052 3.062 3.132 3.172 3.172 3.192 3.272 3.182 3.262 3.242 3.212 3.182 3.222 3.352 3.302 3.272 3.142 3.182
0.000 0.000 0.000 0.000 0.000 0.000 0.000 0.000 0.000 0.000 0.000 0.000 0.000 0.000 0.000 0.000 0.000 0.000 0.000 0.000 0.000 0.000 0.000 0.000 0.000 0.000 0.000 0.000 0.000 0.000 1.850 2.340 2.490 2.410 2.530 2.480 2.530 2.550 2.611 2.561 2.601 2.691 2.681 2.681 2.861 2.831 2.801 2.821 3.041 2.981 2.961 3.011 3.061 3.284 3.318 3.337 3.356 3.502 3.192 3.132 3.062 3.102 3.112 3.212 3.112 3.392 3.202 3.222 3.082 3.032 3.102 3.212 3.272 3.292 3.312 3.152 3.252
0.000 0.000 0.000 0.000 0.000 0.000 0.000 0.000 0.000 0.000 0.000 0.000 0.000 0.000 0.000 0.000 0.000 0.000 0.000 0.000 0.000 0.000 0.000 0.000 0.000 0.000 0.000 0.000 0.000 0.000 0.510 2.160 2.420 2.460 2.410 2.510 2.520 2.510 2.500 2.580 2.610 2.651 2.761 2.741 2.751 2.811 2.901 2.881 2.901 3.091 3.021 3.191 3.150 3.031 3.021 2.941 3.021 2.961 3.111 3.171 3.251 3.171 3.161 3.181 3.281 3.111 3.141 3.151 3.101 3.091 3.041 3.221 3.221 3.261 3.311 3.172 3.122
0.000 0.000 0.000 0.000 0.000 0.000 0.000 0.000 0.000 0.000 0.000 0.000 0.000 0.000 0.000 0.000 0.000 0.000 0.000 0.000 0.000 0.000 0.000 0.000 0.000 0.000 0.000 0.000 0.000 0.000 0.000 1.020 2.290 2.310 2.510 2.500 2.540 2.640 2.490 2.490 2.570 2.580 2.640 2.781 2.711 2.801 2.961 2.811 2.971 3.041 2.948 3.016 2.941 2.721 2.851 2.801 2.991 2.921 3.051 3.051 3.121 3.101 3.141 3.041 3.141 3.161 3.201 3.502 3.101 3.101 3.221 3.151 3.261 3.181 3.251 3.261 3.211
0.000 0.000 0.000 0.000 0.000 0.000 0.000 0.000 0.000 0.000 0.000 0.000 0.000 0.000 0.000 0.000 0.000 0.000 0.000 0.000 0.000 0.000 0.000 0.000 0.000 0.000 0.000 0.000 0.000 0.000 0.000 0.000 1.490 2.320 2.350 2.550 2.560 2.620 2.680 2.560 2.640 2.640 2.710 2.670 2.830 2.851 2.901 2.677 2.745 2.813 3.551 2.571 2.901 2.841 2.981 2.811 3.001 3.001 3.121 2.901 3.021 3.151 3.121 3.091 3.151 3.141 3.011 3.071 3.531 3.101 3.081 3.231 3.231 3.211 3.181 3.311 3.141
0.000 0.000 0.000 0.000 0.000 0.000 0.000 0.000 0.000 0.000 0.000 0.000 0.000 0.000 0.000 0.000 0.000 0.000 0.000 0.000 0.000 0.000 0.000 0.000 0.000 0.000 0.000 0.000 0.000 0.000 0.000 0.000 0.000 1.830 2.230 2.470 2.470 2.560 2.630 2.820 2.900 2.830 2.790 2.830 2.740 2.940 2.542 2.611 2.670 2.740 2.691 2.671 2.791 2.771 2.841 2.801 2.901 2.941 2.921 3.091 3.081 3.081 2.951 3.031 3.051 3.101 3.131 3.181 3.541 3.171 3.191 3.211 3.201 3.061 3.231 3.261 3.081
0.000 0.000 0.000 0.000 0.000 0.000 0.000 0.000 0.000 0.000 0.000 0.000 0.000 0.000 0.000 0.000 0.000 0.000 0.000 0.000 0.000 0.000 0.000 0.000 0.000 0.000 0.000 0.000 0.000 0.000 0.000 0.000 0.000 0.560 2.270 2.300 2.420 2.610 2.640 2.700 2.710 2.760 2.740 3.100 2.258 2.382 2.470 2.540 2.730 2.700 2.850 2.790 2.850 2.830 2.910 2.920 2.920 2.960 2.910 3.000 2.891 3.001 3.051 3.061 3.220 2.990 3.080 3.310 3.030 3.240 3.190 3.140 3.181 3.210 3.160 3.051 3.190
0.000 0.000 0.000 0.000 0.000 0.000 0.000 0.000 0.000 0.000 0.000 0.000 0.000 0.000 0.000 0.000 0.000 0.000 0.000 0.000 0.000 0.000 0.000 0.000 0.000 0.000 0.000 0.000 0.000 0.000 0.000 0.000 0.000 0.000 1.270 2.380 2.490 2.430 2.520 2.550 2.750 2.600 1.969 2.093 2.660 2.480 2.650 2.720 2.720 2.440 2.720 2.900 2.730 2.710 2.830 2.850 2.930 2.940 2.970 2.940 3.000 2.970 2.990 2.970 3.130 2.920 3.280 3.010 3.020 3.350 3.070 3.130 3.050 3.080 3.170 3.070 3.090
0.000 0.000 0.000 0.000 0.000 0.000 0.000 0.000 0.000 0.000 0.000 0.000 0.000 0.000 0.000 0.000 0.000 0.000 0.000 0.000 0.000 0.000 0.000 0.000 0.000 0.000 0.000 0.000 0.000 0.000 0.000 0.000 0.000 0.000 0.000 1.650 2.600 2.500 2.510 2.300 3.250 1.804 2.670 2.020 2.480 2.610 2.580 2.660 2.620 2.670 2.670 2.880 2.820 2.800 2.740 2.870 2.900 2.880 2.860 2.870 2.970 3.090 3.080 3.290 3.000 3.070 3.030 2.980 3.050 3.080 3.070 3.110 3.090 3.150 3.220 3.070 3.070
0.000 0.000 0.000 0.000 0.000 0.000 0.000 0.000 0.000 0.000 0.000 0.000 0.000 0.000 0.000 0.000 0.000 0.000 0.000 0.000 0.000 0.000 0.000 0.000 0.000 0.000 0.000 0.000 0.000 0.000 0.000 0.000 0.000 0.000 0.000 0.199 1.859 1.519 2.740 1.514 2.920 1.550 1.689 1.789 2.409 2.489 2.359 2.459 2.499 2.599 2.759 2.740 2.780 2.740 2.860 2.700 2.830 2.780 2.880 2.900 2.910 2.980 2.990 2.850 2.970 3.000 3.330 2.980 3.020 2.990 3.010 3.060 3.020 3.090 3.160 3.040 3.140
0.000 0.000 0.000 0.000 0.000 0.000 0.000 0.000 0.000 0.000 0.000 0.000 0.000 0.000 0.000 0.000 0.000 0.000 0.000 0.000 0.000 0.000 0.000 0.000 0.000 0.000 0.000 0.000 0.000 0.000 0.000 0.000 0.000 0.000 0.000 0.000 0.937 1.394 0.000 0.000 0.000 1.349 1.989 1.959 2.339 2.459 2.389 2.319 2.559 2.759 2.609 2.719 2.769 2.849 2.720 2.840 2.730 3.290 2.910 2.870 3.440 2.750 2.990 2.810 3.000 2.819 2.789 3.059 2.929 2.999 3.049 2.959 3.079 3.129 3.029 2.969 3.089
0.000 0.000 0.000 0.000 0.000 0.000 0.000 0.000 0.000 0.000 0.000 0.000 0.000 0.000 0.000 0.000 0.000 0.000 0.000 0.000 0.000 0.000 0.000 0.000 0.000 0.000 0.000 0.000 0.000 0.000 0.000 0.000 0.000 0.000 0.000 2.443 3.353 0.656 1.248 1.368 0.000 1.419 1.449 2.149 2.379 2.209 2.269 2.509 2.589 2.669 2.619 2.749 2.719 2.879 2.839 2.699 2.949 2.849 2.739 2.699 2.759 2.819 2.919 2.799 2.919 2.809 2.989 2.939 2.999 2.999 2.979 3.029 3.069 3.139 3.049 3.069 3.129
0.000 0.000 0.000 0.000 0.000 0.000 0.000 0.000 0.000 0.000 0.000 0.000 0.000 0.000 0.000 0.000 0.000 0.000 0.000 0.000 0.000 0.000 0.000 0.000 0.000 0.000 0.000 0.000 0.000 0.000 0.000 0.000 0.000 0.000 1.419 1.943 0.000 1.398 1.408 1.288 0.000 0.000 1.949 2.139 2.129 2.279 2.289 2.549 2.509 2.629 2.729 2.669 2.649 2.639 2.759 2.849 2.759 2.759 2.929 2.639 2.799 3.029 2.809 2.809 2.939 2.869 2.919 2.909 2.939 3.069 3.019 3.049 2.999 2.969 3.019 3.029 2.979
0.000 0.000 0.000 0.000 0.000 0.000 0.000 0.000 0.000 0.000 0.000 0.000 0.000 0.000 0.000 0.000 0.000 0.000 0.000 0.000 0.000 0.000 0.000 0.000 0.000 0.000 0.000 0.000 0.000 0.000 0.000 0.000 0.000 3.343 0.693 0.000 1.247 1.507 1.467 1.387 1.607 0.000 1.829 2.189 2.259 2.349 2.268 2.519 2.569 2.619 2.559 2.759 2.709 2.629 2.859 3.049 2.749 2.719 2.569 2.649 2.879 2.729 2.829 2.809 2.819 2.899 2.829 2.948 2.968 2.948 2.898 2.898 2.948 2.939 3.059 3.049 3.119
0.000 0.000 0.000 0.000 0.000 0.000 0.000 0.000 0.000 0.000 0.000 0.000 0.000 0.000 0.000 0.000 0.000 0.000 0.000 0.000 0.000 0.000 0.000 0.000 0.000 0.000 0.000 0.000 0.000 0.000 0.000 0.783 2.223 0.933 0.000 0.000 1.116 1.337 1.427 1.427 0.000 0.000 1.659 2.179 2.258 2.408 2.478 2.528 2.588 2.578 2.668 2.539 2.539 2.519 2.509 2.669 2.639 2.689 2.559 2.719 2.858 2.768 2.838 2.798 2.898 2.828 2.938 2.868 2.998 2.938 2.878 2.978 2.978 2.948 2.928 2.938 2.998
0.000 0.000 0.000 0.000 0.000 0.000 0.000 0.000 0.000 0.000 0.000 0.000 0.000 0.000 0.000 0.000 0.000 0.000 0.000 0.000 0.000 0.000 0.000 0.000 0.000 0.000 0.000 0.000 0.000 0.000 0.000 0.000 0.000 0.000 0.033 0.779 0.212 0.112 0.000 0.067 0.000 0.000 1.779 2.088 2.218 2.118 2.448 2.368 2.738 2.468 2.948 2.488 2.468 2.438 2.398 2.408 2.618 2.648 2.468 2.508 2.888 2.848 2.938 2.878 2.958 2.828 2.868 2.968 2.958 2.948 2.988 3.008 2.958 2.878 2.968 2.848 2.908
0.000 0.000 0.000 0.000 0.000 0.000 0.000 0.000 0.000 0.000 0.000 0.000 0.000 0.000 0.000 0.000 0.000 0.000 0.000 0.000 0.000 0.000 0.000 0.000 0.000 0.000 0.000 0.000 0.000 0.000 0.000 0.000 0.000 0.000 0.063 0.000 0.307 0.340 0.070 0.043 0.558 0.257 0.000 0.000 1.918 2.158 2.188 2.078 2.348 2.628 2.298 2.388 2.308 2.388 2.528 2.548 2.548 2.568 2.518 2.648 2.808 2.768 2.708 2.858 2.718 2.918 2.908 2.868 2.928 2.808 2.918 2.958 2.868 2.928 2.868 2.918 2.958
0.000 0.000 0.000 0.000 0.000 0.000 0.000 0.000 0.000 0.000 0.000 0.000 0.000 0.000 0.000 0.000 0.000 0.000 0.000 0.000 0.000 0.000 0.000 0.000 0.000 0.000 0.000 0.000 0.000 0.000 0.000 0.000 0.000 0.000 0.000 0.000 0.000 0.332 0.306 0.164 0.279 0.000 0.000 0.000 0.000 2.308 2.318 2.388 2.678 2.468 2.418 2.258 2.458 2.368 2.448 2.448 2.478 2.648 2.498 2.608 2.768 2.738 2.718 2.718 2.648 2.778 2.808 2.788 2.768 2.947 2.887 2.897 2.927 2.867 2.917 2.847 2.817
0.000 0.000 0.000 0.000 0.000 0.000 0.000 0.000 0.000 0.000 0.000 0.000 0.000 0.000 0.000 0.000 0.000 0.000 0.000 0.000 0.000 0.000 0.000 0.000 0.000 0.000 0.000 0.000 0.000 0.000 0.000 0.000 0.000 0.000 0.000 0.000 0.254 0.248 0.306 0.000 0.222 0.011 0.000 0.000 0.000 0.000 0.000 0.000 0.000 2.288 2.318 2.408 2.388 2.357 2.537 2.487 2.417 2.587 2.707 2.627 2.617 2.728 2.537 2.717 2.637 2.747 2.747 2.727 2.827 2.847 2.987 2.737 2.837 2.877 2.937 2.907 2.747
0.000 0.000 0.000 0.000 0.000 0.000 0.000 0.000 0.000 0.000 0.000 0.000 0.000 0.000 0.000 0.000 0.000 0.000 0.000 0.000 0.000 0.000 0.000 0.000 0.000 0.000 0.000 0.000 0.000 0.000 0.000 0.000 0.000 0.000 0.000 0.079 0.129 0.294 0.533 0.050 0.066 0.024 0.006 0.000 0.000 0.000 0.000 0.000 0.000 0.000 0.000 2.387 2.457 2.377 2.537 2.407 2.547 2.567 2.667 2.617 2.607 2.547 2.687 2.767 2.577 2.547 2.787 2.677 2.877 2.817 2.847 2.847 2.827 2.867 2.807 2.857 2.847
0.000 0.000 0.000 0.000 0.000 0.000 0.000 0.000 0.000 0.000 0.000 0.000 0.000 0.000 0.000 0.000 0.000 0.000 0.000 0.000 0.000 0.000 0.000 0.000 0.000 0.000 0.000 0.000 0.000 0.000 0.000 0.000 0.000 0.000 0.000 0.000 0.235 0.155 0.164 0.277 0.079 0.128 0.000 0.000 0.000 0.000 0.000 0.000 0.000 0.000 0.000 2.167 2.407 2.397 2.377 2.477 2.487 2.467 2.507 2.597 2.587 2.537 2.607 2.657 2.637 2.647 2.687 2.717 2.737 2.777 2.827 2.687 2.767 2.787 2.787 2.957 2.876
0.000 0.000 0.000 0.000 0.000 0.000 0.000 0.000 0.000 0.000 0.000 0.000 0.000 0.000 0.000 0.000 0.000 0.000 0.000 0.000 0.000 0.000 0.000 0.000 0.000 0.000 0.000 0.000 0.000 0.000 0.000 0.000 0.000 0.000 0.000 0.000 0.393 0.000 0.055 0.113 0.120 0.000 0.000 0.000 0.000 0.000 0.000 0.000 0.000 0.000 0.000 0.000 2.187 2.337 2.537 2.447 2.437 2.527 2.457 2.487 2.707 2.627 2.617 2.677 2.577 2.677 2.697 2.737 2.757 2.847 2.746 2.726 2.806 2.856 2.766 2.836 2.856
