includes/lisflood/results_R15_t1.554713770035E12/res-0008.wdfp
ncols         631
nrows         906
xllcorner     364927.146600
yllcorner     6531972.565600
cellsize      20.000000
NODATA_value  -9999.000000
[rows 136 to 169 of 906, columns 308 to 384 of 631]
0.000 0.002 0.061 0.241 0.000 0.128 0.000 0.335 0.275 0.000 0.215 0.305 0.425 0.000 0.000 0.000 0.784 0.334 0.694 0.844 0.134 0.084 0.824 0.014 0.274 0.904 1.174 1.164 1.074 1.084 1.124 1.054 1.064 0.904 1.374 1.294 0.984 0.714 0.784 0.954 1.044 0.984 0.924 0.814 0.724 0.884 0.924 0.814 0.744 0.000 0.000 0.000 0.000 0.000 0.000 0.000 0.000 0.002 0.032 0.008 0.006 0.008 0.046 0.001 0.077 0.206 0.186 0.000 0.003 0.063 0.223 0.029 0.559 0.643 0.675 0.707 0.740
0.000 0.000 0.000 0.000 0.000 0.000 0.000 0.000 0.865 0.825 0.255 0.835 0.584 1.034 0.734 0.104 1.024 0.000 0.884 0.604 0.744 0.734 0.654 0.000 0.934 1.024 1.154 1.094 1.334 1.054 1.094 1.094 1.114 1.094 0.000 0.000 0.944 0.654 0.684 0.874 0.954 0.974 1.034 0.834 1.024 0.934 0.984 0.944 0.914 0.954 0.000 0.000 0.000 0.000 0.000 0.000 0.001 0.001 0.003 0.045 0.000 0.025 0.122 0.011 0.003 0.127 0.206 0.086 0.119 0.080 0.117 0.276 0.445 0.616 0.648 0.680 0.713
0.000 0.000 0.000 0.000 0.000 0.000 0.000 0.000 0.415 0.355 0.495 0.365 0.234 0.794 0.564 0.564 1.164 0.304 0.894 0.104 0.634 0.744 0.324 0.094 0.644 1.114 1.084 1.114 1.114 0.944 0.634 1.014 1.044 0.794 1.244 1.204 0.000 1.034 1.114 0.994 0.904 0.904 0.984 0.784 0.784 0.934 1.084 1.014 0.264 0.434 0.864 0.002 0.000 0.000 0.000 0.000 0.000 0.000 0.004 0.000 0.045 0.008 0.008 0.087 0.020 0.069 0.000 0.092 0.013 0.075 0.045 0.161 0.330 0.501 0.621 0.653 0.686
0.000 0.000 0.000 0.000 0.000 0.000 0.000 0.000 0.425 0.145 0.115 0.344 0.434 0.084 0.000 1.264 0.634 0.954 0.874 0.000 0.844 0.694 0.634 0.000 0.774 1.044 1.044 1.054 1.044 1.014 0.954 0.904 0.000 0.000 0.614 0.194 0.854 0.000 0.001 1.314 1.304 1.394 1.094 0.944 0.314 0.514 0.924 1.114 0.564 1.004 1.034 0.374 0.754 0.000 0.000 0.000 0.000 0.000 0.002 0.005 0.003 0.000 0.006 0.027 0.158 0.148 0.084 0.073 0.042 0.146 0.146 0.019 0.216 0.386 0.557 0.626 0.659
0.003 0.000 0.000 0.000 0.000 0.000 0.001 0.000 0.455 0.485 0.285 0.134 0.464 0.000 0.000 1.304 0.000 1.074 0.664 0.354 0.814 0.644 0.564 0.604 0.014 0.914 0.944 1.154 0.000 1.264 0.424 0.064 0.074 0.064 1.044 1.134 0.864 0.994 0.000 0.984 0.000 1.434 1.454 0.744 0.534 0.874 0.854 1.094 1.134 1.054 0.984 0.914 1.094 0.644 0.000 0.000 0.000 0.000 0.000 0.002 0.003 0.050 0.030 0.010 0.098 0.188 0.218 0.018 0.184 0.064 0.126 0.110 0.117 0.272 0.442 0.599 0.632
0.000 0.037 0.002 0.086 0.000 0.000 0.396 0.000 0.185 0.415 0.255 0.854 0.654 0.994 0.324 1.214 0.464 0.244 0.464 0.784 0.684 0.744 0.664 0.534 1.004 0.714 0.000 0.000 0.514 1.144 1.184 1.004 0.904 1.004 0.754 1.084 1.014 1.064 0.844 1.224 0.000 0.000 1.294 0.864 0.334 0.504 0.744 0.864 0.914 1.014 0.934 0.904 1.294 1.254 0.104 0.000 0.000 0.000 0.000 0.000 0.002 0.000 0.040 0.005 0.051 0.003 0.158 0.000 0.008 0.121 0.111 0.001 0.021 0.159 0.017 0.499 0.605
0.486 0.536 0.526 0.436 0.216 0.396 0.376 0.076 0.155 0.000 0.924 0.354 0.264 0.994 0.584 0.804 0.794 0.434 1.054 1.154 0.864 0.714 0.594 0.000 0.804 1.104 0.314 0.994 1.124 1.124 1.264 1.094 1.074 1.134 0.954 0.714 0.804 0.604 1.084 0.954 1.304 1.474 0.974 0.894 0.764 0.524 0.424 1.034 1.074 1.004 1.004 0.894 0.934 0.964 0.354 0.000 0.004 0.000 0.000 0.000 0.000 0.000 0.001 0.031 0.041 0.022 0.051 0.081 0.000 0.000 0.168 0.000 0.004 0.031 0.213 0.384 0.555
0.406 0.316 0.086 0.076 0.456 0.586 0.626 0.106 0.000 0.000 0.574 0.084 1.164 0.924 0.744 0.164 0.024 0.084 1.434 1.584 0.364 0.904 0.354 0.000 0.484 1.134 0.964 1.224 1.134 1.164 1.214 1.084 1.094 1.084 1.084 1.004 0.444 1.034 1.134 1.084 1.094 0.104 1.324 1.174 1.244 1.354 1.064 0.754 1.134 1.074 1.174 1.064 1.034 0.984 0.984 1.474 0.664 0.000 0.000 0.000 0.000 0.000 0.000 0.013 0.000 0.003 0.042 0.031 0.058 0.095 0.193 0.133 0.042 0.023 0.033 0.270 0.441
0.000 0.496 0.796 0.616 0.816 0.796 0.056 0.266 0.000 0.385 0.264 1.044 1.054 0.964 0.634 0.994 0.414 0.944 1.234 0.454 0.184 1.084 0.114 0.054 1.234 0.954 1.104 0.954 1.054 1.134 1.084 1.084 1.234 1.014 1.164 0.954 0.654 1.004 1.024 1.034 1.024 1.134 0.114 0.000 1.264 1.304 1.134 1.284 0.984 0.664 0.934 1.094 0.494 0.094 0.414 1.074 0.814 0.254 0.000 0.000 0.000 0.000 0.005 0.003 0.000 0.003 0.015 0.021 0.079 0.055 0.075 0.039 0.114 0.104 0.090 0.159 0.326
0.616 0.686 0.646 0.686 0.000 0.146 0.416 0.000 0.145 0.105 0.000 0.225 0.295 0.000 0.544 0.644 0.000 0.124 1.394 0.264 0.424 1.034 1.044 0.000 0.754 1.054 0.934 0.914 0.994 1.044 1.004 1.094 1.164 1.004 1.004 0.974 1.274 0.844 0.844 1.004 0.934 0.984 1.344 1.294 0.000 0.000 0.000 1.084 0.000 1.184 1.324 1.254 1.194 0.314 0.824 0.444 0.724 0.404 0.324 0.000 0.000 0.000 0.000 0.001 0.002 0.002 0.005 0.028 0.010 0.016 0.117 0.076 0.000 0.000 0.004 0.054 0.212
0.676 0.000 0.000 1.066 1.066 0.916 0.256 0.010 0.000 0.075 0.000 1.105 0.925 0.115 0.734 0.504 1.194 1.174 1.444 0.944 0.000 0.944 0.894 0.914 0.000 0.974 1.244 0.804 1.014 1.024 1.134 1.094 1.004 1.124 0.984 1.014 1.094 0.894 0.924 1.034 1.154 0.954 1.004 0.000 0.000 0.003 0.000 0.144 1.144 0.000 1.224 1.154 1.394 1.414 0.874 0.794 0.000 0.674 0.684 0.444 0.000 0.000 0.000 0.000 0.002 0.001 0.008 0.020 0.090 0.002 0.088 0.029 0.175 0.185 0.000 0.033 0.101
0.826 1.036 1.046 0.866 0.946 0.796 0.256 0.000 0.196 0.156 0.235 0.195 0.185 0.714 0.694 0.000 0.574 1.244 1.404 0.954 0.804 0.000 0.924 1.074 1.104 0.000 0.874 1.104 0.954 0.994 1.044 1.224 1.054 0.954 0.994 1.004 0.994 0.824 0.784 0.874 0.734 0.794 1.074 1.034 0.944 0.904 1.074 0.994 0.000 0.528 0.000 1.144 0.314 0.314 0.514 0.134 0.154 0.000 0.864 0.524 0.254 0.000 0.000 0.000 0.001 0.001 0.005 0.006 0.008 0.048 0.085 0.053 0.115 0.155 0.000 0.040 0.046
0.916 0.756 0.876 0.000 0.146 0.766 0.846 0.186 0.326 0.396 0.406 0.965 0.015 0.764 0.674 1.434 1.154 1.174 1.064 0.754 1.314 1.124 0.000 1.114 1.084 1.134 0.794 0.854 0.894 1.124 0.934 0.944 1.184 1.114 0.884 0.814 1.164 0.554 0.874 1.034 0.954 0.934 1.164 1.064 1.284 1.094 1.104 1.064 1.014 0.006 0.508 0.000 0.000 0.444 1.034 0.414 0.000 0.394 0.314 0.000 0.284 0.364 0.000 0.000 0.000 0.006 0.011 0.093 0.004 0.005 0.001 0.104 0.009 0.022 0.083 0.174 0.000
0.736 0.076 0.306 0.406 0.716 0.926 0.856 0.756 0.286 0.266 0.236 0.125 0.635 0.725 0.000 0.045 0.534 1.004 1.204 1.324 0.284 0.514 1.114 0.000 0.884 1.034 0.804 0.724 0.814 1.064 0.974 1.034 1.084 0.904 1.004 0.614 0.684 0.784 0.884 1.024 1.074 1.014 1.084 1.234 1.064 1.104 1.124 1.014 1.034 0.174 0.000 0.000 0.000 0.314 0.694 0.384 1.424 0.744 0.434 0.704 0.444 0.354 0.000 0.000 0.000 0.000 0.002 0.001 0.020 0.000 0.011 0.008 0.080 0.079 0.161 0.000 0.116
0.496 0.836 0.506 0.876 0.496 0.776 0.816 0.766 0.496 0.546 0.776 0.002 0.585 0.535 1.675 0.405 0.794 0.694 1.124 0.564 1.254 0.394 0.284 0.944 0.000 1.114 1.014 0.000 0.604 0.864 1.104 1.064 1.044 1.254 0.504 0.904 0.944 0.934 1.024 0.984 0.904 1.084 1.044 1.154 1.244 0.974 1.204 1.094 1.164 1.034 0.354 1.014 0.534 0.000 0.004 0.264 1.404 0.394 1.274 0.604 0.224 0.454 0.034 0.000 0.000 0.000 0.000 0.002 0.000 0.006 0.047 0.000 0.051 0.091 0.010 0.165 0.126
0.136 0.886 0.616 0.876 0.916 0.806 0.736 0.996 0.906 0.526 0.000 0.745 0.725 0.285 1.595 0.595 0.604 0.834 0.674 1.154 0.444 1.144 0.844 0.324 0.914 0.104 1.144 1.004 0.000 0.554 0.734 0.694 0.724 0.964 1.004 0.994 1.064 1.064 0.824 1.014 1.104 1.004 0.884 1.144 0.884 0.984 1.054 0.864 0.504 0.514 1.104 1.134 1.144 1.174 0.000 0.334 1.294 0.000 0.804 0.844 0.514 0.614 0.714 0.534 0.000 0.000 0.000 0.000 0.004 0.003 0.000 0.128 0.002 0.017 0.000 0.003 0.185
0.286 0.856 0.926 0.986 0.186 0.996 0.466 0.706 0.626 0.046 0.000 0.835 0.715 0.725 1.365 0.825 0.775 0.644 0.964 0.824 1.154 0.714 1.224 1.224 0.534 1.004 0.744 1.134 1.294 0.000 0.006 0.534 0.994 1.074 0.874 1.184 0.964 0.944 1.104 1.014 0.954 0.934 1.114 0.804 0.624 1.014 1.014 1.084 1.204 1.244 1.204 1.294 1.144 1.134 1.174 0.314 1.444 0.254 0.624 1.204 0.594 0.094 0.664 0.684 0.354 0.000 0.000 0.000 0.000 0.001 0.040 0.000 0.011 0.024 0.008 0.031 0.135
0.116 0.806 0.956 0.816 0.176 0.736 0.596 0.966 0.876 0.000 0.605 0.735 0.115 0.385 0.985 0.265 0.745 0.964 0.934 0.494 0.694 0.434 1.184 0.464 0.664 0.924 0.234 1.164 1.174 1.154 0.884 0.904 0.974 0.964 1.034 0.884 0.924 0.894 0.884 0.934 0.384 0.914 1.034 1.134 1.224 1.174 1.174 1.294 1.224 1.154 1.184 1.234 1.154 1.134 1.224 0.374 0.000 0.164 0.684 0.904 0.894 0.304 0.684 0.774 0.584 0.104 0.000 0.000 0.000 0.000 0.017 0.065 0.007 0.009 0.011 0.026 0.023
0.116 0.466 0.906 1.066 0.000 1.086 0.226 0.956 0.000 0.000 0.485 0.385 0.835 0.885 0.495 0.685 0.835 0.655 0.495 1.264 0.624 0.674 1.044 0.634 1.194 0.614 0.494 0.394 1.234 0.704 0.454 0.654 0.944 0.844 0.814 0.834 0.394 0.434 1.404 1.014 1.004 1.174 1.254 1.184 1.334 1.184 1.204 1.264 1.154 1.174 1.234 1.364 1.474 1.404 1.194 0.000 0.000 1.534 0.000 1.084 1.274 0.604 0.714 0.734 0.564 0.264 0.000 0.000 0.000 0.000 0.000 0.003 0.012 0.001 0.000 0.017 0.113
0.216 0.516 0.076 0.926 0.876 0.286 0.496 0.596 0.135 0.835 0.375 0.085 0.325 0.355 0.085 0.485 0.575 1.125 0.425 0.944 0.614 0.494 0.704 0.824 0.904 1.574 0.454 0.234 0.484 0.834 0.834 0.844 0.774 0.564 1.224 0.814 0.944 0.984 1.084 1.144 1.324 1.164 1.164 1.164 1.264 1.144 1.204 1.244 1.254 1.214 1.434 1.304 1.154 1.144 1.084 0.594 0.000 0.174 1.304 0.000 1.044 1.154 1.134 0.634 0.514 0.364 0.000 0.000 0.000 0.000 0.000 0.002 0.011 0.007 0.118 0.010 0.000
0.866 0.416 0.366 0.816 0.816 0.916 0.000 0.206 0.000 0.865 0.715 0.625 0.835 0.835 0.000 0.275 0.245 0.905 0.435 0.555 0.465 1.095 0.424 0.484 0.334 0.604 0.514 0.644 0.674 0.894 1.144 0.824 0.924 1.034 0.994 0.944 1.074 1.094 1.304 1.194 1.174 1.064 1.064 1.044 1.114 1.054 1.074 1.464 1.384 1.324 1.354 1.224 1.234 1.234 1.224 1.464 0.324 0.354 0.494 1.634 0.004 1.094 0.774 0.374 0.204 0.114 0.000 0.000 0.000 0.000 0.000 0.000 0.010 0.003 0.003 0.007 0.016
0.156 1.136 0.376 0.546 0.246 0.976 0.325 0.105 0.385 0.655 0.002 0.555 0.485 0.315 0.235 0.395 0.455 0.655 0.445 1.035 0.885 0.855 0.954 1.024 0.784 0.574 0.244 0.514 0.414 1.204 0.864 0.954 0.414 1.064 1.064 1.054 1.104 1.084 1.114 1.144 1.154 1.134 1.114 1.054 1.074 1.164 1.234 1.314 1.234 1.614 1.264 1.214 1.134 1.054 1.184 1.144 0.114 0.404 0.394 0.000 1.034 0.924 0.774 0.684 0.204 0.443 0.000 0.000 0.000 0.000 0.000 0.000 0.000 0.082 0.000 0.136 0.000
0.034 0.000 1.726 0.026 0.725 0.405 0.455 0.000 0.595 0.385 0.805 0.615 0.535 0.595 0.445 0.265 0.495 1.245 1.305 0.535 0.265 0.585 0.575 0.285 0.444 0.194 0.394 0.614 0.000 0.094 0.724 0.904 0.674 0.894 0.944 1.114 1.244 1.354 1.204 1.074 1.114 0.964 1.024 1.004 1.094 1.084 1.174 1.134 1.084 1.084 1.124 1.174 1.134 1.204 1.444 1.474 0.000 0.544 0.354 0.454 1.184 0.000 0.784 0.914 0.214 0.423 0.073 0.000 0.000 0.000 0.000 0.000 0.000 0.000 0.001 0.076 0.006
0.373 0.703 0.000 1.873 0.000 0.155 0.555 0.425 0.665 0.065 0.545 0.525 0.765 0.000 0.405 0.635 1.355 1.005 0.745 0.000 1.115 1.095 0.595 0.815 0.002 0.934 0.544 0.000 0.934 0.064 0.854 0.624 0.964 0.444 0.854 0.924 0.964 0.944 0.984 1.144 1.194 1.514 1.454 1.304 1.014 1.134 1.054 1.114 1.134 1.144 1.224 1.214 1.244 1.274 1.294 1.284 1.414 0.444 0.434 0.000 0.000 0.124 0.374 1.294 0.004 0.303 0.113 0.263 0.000 0.000 0.000 0.000 0.000 0.000 0.000 0.004 0.000
0.643 1.033 0.006 0.693 1.103 1.673 0.000 0.915 0.265 0.235 0.705 1.045 0.685 0.000 0.355 0.555 1.035 0.585 0.775 0.455 0.935 0.000 0.715 0.000 0.685 0.285 0.645 0.235 0.854 0.124 0.414 0.754 1.144 0.384 0.844 0.964 1.074 1.064 1.074 1.134 1.174 1.244 1.244 1.224 1.154 1.184 1.164 1.254 1.304 1.274 1.244 1.154 1.254 1.184 1.274 1.374 1.234 0.194 0.044 0.000 0.254 0.684 0.000 0.704 0.043 0.422 0.222 0.000 0.000 0.000 0.000 0.000 0.000 0.000 0.000 0.000 0.004
0.333 0.653 0.403 0.273 0.000 0.000 2.104 0.174 0.000 0.624 0.455 0.615 0.595 0.000 0.455 0.505 0.775 0.955 0.015 0.685 0.975 0.000 0.865 0.000 0.955 0.375 0.395 0.755 0.164 0.574 0.954 0.574 0.804 0.214 0.954 1.014 0.984 1.114 1.054 1.064 1.144 1.124 1.184 1.244 1.144 1.164 1.224 1.164 1.204 1.364 1.194 1.244 1.364 1.344 1.264 1.294 1.214 0.000 0.000 0.000 0.244 1.394 0.000 0.473 0.452 0.502 1.062 0.252 0.000 0.000 0.000 0.000 0.000 0.162 0.000 0.000 0.000
0.283 0.673 1.193 0.833 1.143 0.014 1.214 0.344 1.934 0.564 0.164 0.545 0.555 0.000 0.475 0.575 0.875 0.865 0.000 0.835 0.055 0.775 0.385 0.835 1.015 0.645 0.065 0.185 0.825 0.214 0.604 0.154 0.574 0.104 0.834 0.834 1.144 1.094 1.044 0.954 1.134 1.124 1.174 1.204 1.184 1.114 1.274 1.174 1.204 1.374 1.524 1.354 1.424 1.224 1.334 1.294 1.294 0.814 0.000 0.164 0.304 0.000 0.001 0.000 1.032 0.542 0.972 0.582 0.004 0.000 0.000 0.000 0.282 0.452 0.000 0.000 0.000
0.863 0.383 0.153 0.223 0.313 0.124 0.824 0.224 0.424 0.000 1.864 0.000 0.665 0.000 0.645 0.545 0.755 0.485 0.465 0.915 0.000 1.125 0.000 0.855 0.015 0.265 0.065 0.765 1.355 1.135 1.455 0.184 0.854 0.204 0.534 1.004 1.094 1.034 1.134 1.104 1.154 1.184 1.304 1.094 1.254 1.164 1.124 1.234 1.184 1.184 1.194 1.294 1.264 1.214 1.294 1.264 1.374 1.364 0.314 0.304 0.054 0.000 1.442 0.082 0.892 0.812 0.642 0.622 0.372 0.000 0.000 0.000 0.272 0.362 0.252 0.000 0.000
1.113 1.013 0.743 0.643 0.723 1.134 1.214 0.544 0.124 0.264 0.164 1.914 0.000 0.495 0.575 0.365 0.525 0.875 0.915 0.645 0.605 1.215 0.007 0.925 0.145 0.535 0.855 1.225 1.015 0.000 1.555 0.084 0.234 0.814 0.174 0.494 0.434 0.494 0.624 0.694 0.584 0.714 0.804 0.814 0.754 0.984 1.064 1.004 1.084 1.184 1.224 1.234 1.304 1.214 1.174 1.244 1.184 1.104 0.324 0.044 0.000 0.000 0.000 0.042 0.282 0.802 0.822 0.622 0.642 0.000 0.000 0.000 0.312 0.362 0.152 0.152 0.000
0.313 0.413 1.193 0.943 0.453 0.414 0.664 0.754 0.754 0.384 0.054 0.035 2.095 0.945 0.205 0.165 0.345 0.905 0.915 0.035 0.935 0.000 0.356 0.000 0.695 0.325 1.435 0.605 0.016 1.116 0.355 0.075 0.000 0.334 0.174 0.074 1.124 1.154 1.114 1.144 1.174 1.144 1.024 1.014 1.134 1.184 1.254 1.114 1.114 1.024 1.144 1.294 1.184 1.234 1.344 1.194 0.964 0.584 0.000 0.000 0.000 0.000 2.081 0.000 0.182 0.472 0.512 0.432 0.412 0.052 0.002 0.000 0.072 0.312 0.402 0.232 0.001
0.473 1.063 0.633 0.773 0.323 0.184 0.204 0.114 0.364 0.424 0.734 0.364 0.000 1.915 0.175 0.175 0.515 1.005 1.445 0.285 1.175 0.000 0.926 0.155 0.425 0.275 0.855 0.000 1.106 0.396 0.206 0.406 0.276 0.154 0.344 0.284 1.134 1.154 1.094 1.104 1.074 1.074 0.994 1.244 1.054 1.184 1.264 1.204 1.124 1.104 1.074 1.074 1.144 1.164 1.374 1.424 1.384 1.274 1.404 0.354 0.000 0.051 2.381 0.971 0.291 0.231 0.402 0.372 0.551 0.591 0.000 0.000 0.000 0.292 0.312 0.452 0.332
0.573 1.023 0.503 0.893 0.143 0.000 0.164 0.064 0.164 0.444 0.274 0.645 0.255 0.335 1.015 0.315 0.535 0.815 0.775 1.305 0.215 0.666 0.836 0.326 0.315 0.445 0.036 1.086 0.296 0.246 1.006 1.276 0.026 0.064 0.074 0.664 1.064 1.244 1.134 1.024 1.154 1.154 1.194 1.374 1.104 1.104 1.044 1.114 1.124 1.184 1.114 1.204 1.254 1.284 1.314 1.234 1.194 1.204 0.984 0.304 0.000 0.000 2.151 1.051 0.481 0.451 0.000 0.531 0.441 0.611 0.000 0.000 0.000 0.008 0.000 0.000 0.000
1.023 0.983 1.033 1.063 0.273 0.015 0.000 0.835 1.335 0.255 0.325 0.255 0.585 0.145 0.595 1.755 0.335 0.875 0.000 1.085 0.000 0.726 0.000 0.646 0.566 0.206 0.046 0.376 1.026 1.086 1.056 0.436 0.046 0.000 0.054 0.704 0.974 1.204 1.384 1.174 1.194 1.154 1.104 1.004 1.414 1.014 0.974 1.134 1.164 1.254 1.224 1.304 1.234 1.214 1.254 1.264 1.354 1.234 1.024 0.000 0.762 0.000 1.681 1.101 1.021 0.071 1.051 0.531 0.000 0.461 0.000 0.000 0.000 0.309 0.139 0.089 0.159
0.263 0.243 0.143 1.083 0.000 0.000 0.000 0.000 0.185 0.825 0.365 0.645 0.000 0.206 0.000 0.000 1.705 0.285 0.785 1.155 0.326 0.706 0.646 0.546 1.176 0.096 0.246 0.316 0.096 0.686 1.266 0.376 0.806 0.105 0.244 1.024 0.894 1.024 1.134 1.084 1.104 1.014 1.044 1.144 1.144 1.474 1.184 1.024 1.104 1.184 1.154 1.254 1.154 1.194 1.304 1.304 1.464 1.314 1.294 0.814 0.000 0.000 0.111 1.121 1.031 1.031 0.441 0.341 0.481 0.381 0.441 0.000 0.000 0.169 0.239 0.219 0.359
