includes/lisflood/results_R15_t1.554713770035E12/res-0001.wdfp
ncols         631
nrows         906
xllcorner     364927.146600
yllcorner     6531972.565600
cellsize      20.000000
NODATA_value  -9999.000000
[rows 782 to 815 of 906, columns 539 to 615 of 631]
5.567 5.846 6.223 6.703 7.183 7.663 8.136 8.602 9.069 9.535 9.864 10.150 10.200 10.039 9.877 9.715 9.553 9.391 8.550 7.635 6.719 5.804 4.888 4.068 3.494 3.280 3.065 2.851 2.636 2.422 2.208 2.083 1.999 1.915 1.831 1.788 1.789 1.789 1.790 1.790 1.787 1.775 1.763 1.752 1.740 1.728 1.716 1.704 1.690 1.673 1.656 1.647 1.638 1.629 1.620 1.611 1.602 1.593 1.584 1.575 1.563 1.535 1.502 1.470 1.437 1.404 1.373 1.342 1.312 1.281 1.250 1.219 1.193 1.182 1.176 1.177 1.185
5.323 5.583 5.979 6.458 6.927 7.394 7.860 8.327 8.793 9.260 9.561 9.846 10.132 10.252 10.090 9.929 9.767 9.536 8.620 7.705 6.789 5.874 4.959 4.043 3.461 3.249 3.034 2.820 2.605 2.391 2.176 2.009 1.926 1.842 1.801 1.801 1.801 1.802 1.802 1.802 1.803 1.791 1.779 1.767 1.755 1.743 1.731 1.719 1.701 1.684 1.667 1.655 1.646 1.637 1.628 1.619 1.610 1.601 1.592 1.582 1.565 1.543 1.510 1.478 1.445 1.412 1.379 1.347 1.314 1.281 1.249 1.216 1.185 1.192 1.200 1.209 1.218
5.220 5.391 5.719 6.185 6.652 7.118 7.585 8.051 8.518 8.972 9.258 9.543 9.829 10.114 10.304 10.142 9.980 9.606 8.691 7.775 6.860 5.942 4.950 3.958 3.335 3.148 2.961 2.775 2.574 2.360 2.145 1.936 1.852 1.813 1.813 1.813 1.814 1.814 1.814 1.815 1.815 1.807 1.795 1.783 1.771 1.759 1.747 1.730 1.713 1.695 1.678 1.662 1.654 1.645 1.636 1.627 1.618 1.609 1.600 1.584 1.567 1.550 1.518 1.485 1.453 1.420 1.387 1.354 1.322 1.289 1.256 1.224 1.214 1.219 1.232 1.242 1.250
5.112 5.280 5.567 5.910 6.376 6.843 7.309 7.776 8.242 8.669 8.954 9.240 9.525 9.811 10.097 10.356 10.194 9.676 8.761 7.832 6.840 5.848 4.855 3.863 3.209 3.022 2.836 2.649 2.462 2.276 2.089 1.900 1.825 1.825 1.826 1.826 1.826 1.827 1.827 1.827 1.828 1.822 1.810 1.798 1.787 1.775 1.759 1.741 1.724 1.706 1.689 1.671 1.661 1.652 1.643 1.634 1.625 1.616 1.602 1.585 1.569 1.552 1.526 1.493 1.460 1.427 1.395 1.362 1.329 1.297 1.264 1.253 1.243 1.246 1.258 1.271 1.283
5.001 5.169 5.471 5.792 6.113 6.567 7.034 7.500 7.967 8.365 8.651 8.937 9.222 9.508 9.793 10.079 10.364 9.722 8.730 7.737 6.745 5.753 4.760 3.768 3.083 2.897 2.710 2.523 2.336 2.150 1.963 1.881 1.852 1.842 1.838 1.839 1.839 1.839 1.840 1.840 1.840 1.838 1.826 1.814 1.802 1.787 1.770 1.752 1.735 1.717 1.700 1.682 1.669 1.660 1.651 1.642 1.633 1.620 1.604 1.587 1.570 1.554 1.533 1.501 1.468 1.435 1.402 1.370 1.337 1.304 1.291 1.282 1.273 1.272 1.284 1.297 1.309
4.890 5.058 5.375 5.696 6.017 6.338 6.758 7.224 7.691 8.062 8.348 8.633 8.919 9.205 9.490 9.974 10.488 9.689 8.635 7.643 6.650 5.658 4.665 3.673 2.957 2.771 2.584 2.397 2.211 2.032 1.977 1.922 1.889 1.879 1.869 1.860 1.851 1.852 1.852 1.852 1.853 1.853 1.842 1.830 1.816 1.798 1.781 1.763 1.746 1.728 1.711 1.694 1.677 1.668 1.659 1.650 1.639 1.622 1.605 1.589 1.572 1.555 1.539 1.508 1.476 1.443 1.410 1.377 1.345 1.330 1.321 1.311 1.302 1.298 1.310 1.323 1.335
4.779 4.959 5.280 5.601 5.921 6.242 6.563 6.949 7.415 7.759 8.044 8.330 8.733 9.247 9.761 10.275 10.789 9.760 8.660 7.560 6.555 5.563 4.571 3.578 2.832 2.645 2.458 2.272 2.128 2.073 2.018 1.963 1.926 1.916 1.906 1.896 1.887 1.877 1.867 1.865 1.865 1.866 1.857 1.844 1.827 1.810 1.792 1.775 1.757 1.740 1.722 1.705 1.687 1.675 1.666 1.657 1.640 1.624 1.607 1.590 1.574 1.557 1.540 1.516 1.483 1.451 1.418 1.385 1.369 1.359 1.350 1.341 1.331 1.324 1.336 1.349 1.361
4.668 4.863 5.184 5.505 5.826 6.146 6.467 6.788 7.140 7.491 8.005 8.519 9.033 9.547 10.061 10.575 10.931 9.831 8.731 7.631 6.532 5.468 4.476 3.484 2.706 2.519 2.333 2.225 2.170 2.115 2.060 2.005 1.963 1.953 1.943 1.933 1.923 1.914 1.904 1.894 1.885 1.878 1.873 1.856 1.838 1.821 1.803 1.786 1.768 1.751 1.733 1.716 1.698 1.683 1.674 1.659 1.642 1.625 1.609 1.592 1.575 1.559 1.542 1.524 1.491 1.458 1.426 1.407 1.398 1.389 1.379 1.370 1.361 1.351 1.363 1.375 1.387
4.557 4.767 5.088 5.409 5.730 6.051 6.372 6.716 7.093 7.791 8.305 8.819 9.333 9.847 10.361 10.875 11.002 9.902 8.802 7.702 6.603 5.503 4.403 3.389 2.580 2.394 2.321 2.266 2.211 2.156 2.101 2.046 1.999 1.990 1.980 1.970 1.960 1.951 1.941 1.931 1.922 1.904 1.877 1.861 1.844 1.827 1.811 1.794 1.778 1.761 1.744 1.727 1.709 1.692 1.677 1.661 1.644 1.627 1.610 1.594 1.577 1.560 1.544 1.527 1.499 1.466 1.446 1.437 1.427 1.418 1.408 1.399 1.390 1.381 1.389 1.401 1.414
4.446 4.672 4.993 5.313 5.643 5.996 6.350 6.703 7.181 7.925 8.605 9.119 9.633 10.147 10.661 11.175 11.073 9.973 8.873 7.773 6.674 5.574 4.474 3.374 2.473 2.418 2.363 2.308 2.253 2.198 2.143 2.088 2.036 2.027 2.017 2.007 1.997 1.987 1.978 1.966 1.935 1.903 1.879 1.859 1.842 1.826 1.809 1.793 1.776 1.760 1.743 1.726 1.710 1.695 1.681 1.664 1.647 1.630 1.612 1.595 1.579 1.562 1.545 1.529 1.506 1.485 1.475 1.466 1.457 1.447 1.438 1.428 1.419 1.410 1.415 1.427 1.440
4.335 4.576 4.923 5.276 5.630 5.984 6.337 6.691 7.268 8.013 8.757 9.419 9.933 10.448 10.962 11.475 11.143 10.044 8.944 7.844 6.745 5.645 4.545 3.477 2.530 2.467 2.404 2.349 2.294 2.239 2.184 2.129 2.074 2.063 2.054 2.044 2.034 2.024 1.997 1.965 1.934 1.902 1.880 1.859 1.841 1.824 1.808 1.791 1.775 1.758 1.742 1.725 1.708 1.698 1.687 1.670 1.652 1.635 1.618 1.601 1.583 1.566 1.549 1.532 1.518 1.514 1.505 1.495 1.486 1.476 1.467 1.458 1.448 1.439 1.441 1.453 1.466
4.255 4.547 4.910 5.264 5.617 5.971 6.324 6.678 7.355 8.100 8.845 9.590 10.234 10.748 11.262 11.776 11.214 10.115 9.015 7.915 6.816 5.732 4.673 3.615 2.590 2.527 2.464 2.400 2.337 2.281 2.226 2.171 2.116 2.100 2.090 2.081 2.060 2.028 1.996 1.965 1.933 1.904 1.882 1.860 1.840 1.823 1.806 1.790 1.773 1.757 1.740 1.724 1.711 1.700 1.690 1.675 1.658 1.640 1.623 1.606 1.589 1.572 1.554 1.539 1.531 1.525 1.521 1.516 1.512 1.506 1.496 1.487 1.478 1.468 1.467 1.479 1.490
4.203 4.506 4.881 5.251 5.605 5.958 6.312 6.698 7.443 8.188 8.932 9.677 10.422 11.048 11.562 12.076 11.285 10.186 9.086 7.987 6.929 5.870 4.812 3.753 2.695 2.587 2.524 2.460 2.397 2.334 2.270 2.212 2.157 2.137 2.122 2.091 2.059 2.027 1.995 1.964 1.932 1.905 1.884 1.862 1.840 1.822 1.805 1.788 1.772 1.755 1.739 1.724 1.713 1.703 1.692 1.680 1.663 1.646 1.629 1.611 1.594 1.577 1.560 1.551 1.543 1.537 1.532 1.528 1.523 1.519 1.515 1.510 1.506 1.498 1.493 1.501 1.507
4.151 4.464 4.839 5.214 5.589 5.945 6.299 6.786 7.530 8.275 9.020 9.764 10.509 11.254 11.863 12.377 11.357 10.257 9.184 8.125 7.067 6.009 4.950 3.892 2.833 2.647 2.584 2.520 2.457 2.394 2.330 2.267 2.204 2.153 2.122 2.090 2.058 2.026 1.994 1.963 1.931 1.907 1.885 1.864 1.842 1.820 1.804 1.787 1.770 1.754 1.737 1.726 1.716 1.705 1.695 1.684 1.668 1.651 1.634 1.617 1.599 1.582 1.572 1.564 1.556 1.548 1.544 1.540 1.535 1.531 1.526 1.522 1.517 1.513 1.515 1.518 1.523
4.100 4.423 4.798 5.173 5.548 5.923 6.286 6.873 7.618 8.362 9.107 9.852 10.597 11.342 12.086 12.528 11.440 10.381 9.322 8.264 7.205 6.147 5.089 4.030 2.972 2.707 2.644 2.580 2.517 2.454 2.390 2.321 2.224 2.161 2.123 2.089 2.057 2.025 1.994 1.962 1.930 1.909 1.887 1.865 1.844 1.822 1.802 1.786 1.769 1.752 1.740 1.729 1.719 1.708 1.697 1.687 1.674 1.656 1.639 1.622 1.605 1.593 1.585 1.577 1.569 1.561 1.556 1.551 1.547 1.542 1.538 1.533 1.529 1.531 1.536 1.538 1.541
4.048 4.382 4.757 5.132 5.507 5.882 6.307 6.975 7.720 8.465 9.210 9.955 10.700 11.445 12.190 12.528 11.578 10.519 9.461 8.402 7.344 6.285 5.227 4.169 3.110 2.767 2.704 2.640 2.577 2.514 2.434 2.336 2.240 2.171 2.133 2.095 2.057 2.024 1.993 1.961 1.932 1.910 1.889 1.867 1.845 1.824 1.802 1.784 1.768 1.753 1.742 1.732 1.721 1.711 1.700 1.689 1.679 1.662 1.645 1.627 1.614 1.606 1.598 1.590 1.582 1.574 1.567 1.563 1.558 1.554 1.549 1.545 1.547 1.552 1.557 1.560 1.562
3.996 4.340 4.715 5.090 5.465 5.969 6.476 7.098 7.843 8.588 9.333 10.078 10.823 11.568 12.054 12.258 11.448 10.511 9.573 8.541 7.482 6.424 5.365 4.307 3.249 2.827 2.764 2.700 2.637 2.546 2.449 2.352 2.256 2.181 2.143 2.105 2.067 2.029 1.992 1.960 1.934 1.912 1.890 1.869 1.847 1.825 1.804 1.783 1.766 1.756 1.745 1.734 1.724 1.713 1.703 1.692 1.681 1.667 1.650 1.635 1.627 1.619 1.610 1.602 1.594 1.586 1.579 1.574 1.570 1.565 1.561 1.564 1.568 1.573 1.578 1.581 1.583
3.944 4.299 4.674 5.123 5.631 6.138 6.645 7.221 7.966 8.711 9.456 10.201 10.946 11.487 11.691 11.895 11.305 10.368 9.431 8.494 7.556 6.562 5.504 4.445 3.387 2.887 2.824 2.756 2.659 2.562 2.465 2.368 2.272 2.191 2.153 2.115 2.077 2.039 2.001 1.963 1.935 1.913 1.891 1.870 1.848 1.827 1.805 1.783 1.771 1.758 1.748 1.737 1.726 1.716 1.705 1.694 1.684 1.672 1.655 1.647 1.639 1.631 1.623 1.615 1.607 1.599 1.591 1.586 1.582 1.577 1.580 1.585 1.589 1.594 1.599 1.602 1.604
3.892 4.278 4.785 5.292 5.799 6.307 6.814 7.344 8.089 8.834 9.579 10.324 10.921 11.125 11.329 11.533 11.162 10.226 9.288 8.351 7.414 6.477 5.539 4.584 3.525 2.947 2.869 2.772 2.675 2.578 2.481 2.384 2.287 2.202 2.164 2.125 2.087 2.049 2.011 1.969 1.934 1.913 1.891 1.869 1.848 1.826 1.805 1.796 1.803 1.789 1.775 1.762 1.748 1.734 1.721 1.707 1.693 1.680 1.668 1.660 1.652 1.644 1.636 1.628 1.620 1.612 1.604 1.598 1.593 1.596 1.601 1.606 1.610 1.615 1.620 1.623 1.625
3.899 4.447 4.954 5.461 5.968 6.475 6.983 7.490 8.212 8.957 9.702 10.355 10.559 10.763 10.967 11.172 11.020 10.083 9.146 8.208 7.271 6.334 5.397 4.460 3.522 2.977 2.884 2.788 2.691 2.594 2.497 2.400 2.303 2.212 2.174 2.136 2.097 2.058 2.017 1.975 1.934 1.912 1.890 1.869 1.847 1.826 1.809 1.818 1.828 1.821 1.807 1.793 1.780 1.766 1.753 1.739 1.725 1.710 1.696 1.686 1.676 1.665 1.655 1.645 1.635 1.625 1.617 1.609 1.613 1.617 1.622 1.627 1.631 1.636 1.641 1.644 1.647
3.978 4.529 5.081 5.630 6.137 6.644 7.151 7.659 8.335 9.080 9.789 9.993 10.197 10.401 10.605 10.809 10.878 9.941 9.003 8.066 7.129 6.192 5.254 4.317 3.548 2.943 2.865 2.788 2.707 2.610 2.513 2.416 2.319 2.222 2.184 2.146 2.106 2.064 2.022 1.980 1.939 1.912 1.890 1.868 1.847 1.825 1.831 1.841 1.851 1.852 1.839 1.825 1.812 1.798 1.784 1.771 1.756 1.741 1.725 1.714 1.704 1.694 1.683 1.673 1.663 1.653 1.642 1.633 1.635 1.639 1.643 1.648 1.652 1.657 1.662 1.665 1.668
4.059 4.611 5.162 5.713 6.265 6.813 7.320 7.827 8.458 9.203 9.427 9.631 9.835 10.039 10.243 10.447 10.651 9.798 8.861 7.924 6.986 6.049 5.112 4.366 3.633 2.909 2.832 2.754 2.677 2.599 2.521 2.432 2.335 2.238 2.194 2.154 2.112 2.070 2.028 1.986 1.944 1.911 1.889 1.868 1.846 1.843 1.853 1.863 1.873 1.883 1.871 1.857 1.843 1.830 1.816 1.802 1.787 1.771 1.755 1.742 1.732 1.722 1.711 1.701 1.691 1.681 1.671 1.663 1.660 1.664 1.668 1.672 1.676 1.680 1.684 1.685 1.683
4.140 4.692 5.243 5.795 6.346 6.897 7.449 7.996 8.581 8.860 9.064 9.268 9.473 9.677 9.881 10.085 10.289 9.656 8.718 7.781 6.844 5.919 5.185 4.451 3.718 2.984 2.798 2.720 2.643 2.565 2.487 2.410 2.332 2.254 2.201 2.160 2.118 2.076 2.034 1.992 1.950 1.911 1.889 1.867 1.855 1.865 1.875 1.885 1.895 1.905 1.902 1.889 1.875 1.861 1.848 1.832 1.817 1.801 1.785 1.770 1.760 1.750 1.739 1.729 1.719 1.709 1.701 1.693 1.685 1.689 1.692 1.696 1.700 1.704 1.708 1.700 1.695
4.221 4.773 5.324 5.876 6.427 6.979 7.530 8.093 8.607 8.593 8.702 8.906 9.110 9.314 9.519 9.723 9.927 9.513 8.576 7.638 6.738 6.004 5.270 4.536 3.802 3.069 2.764 2.686 2.609 2.531 2.454 2.376 2.298 2.246 2.204 2.164 2.123 2.082 2.040 1.998 1.956 1.914 1.888 1.868 1.878 1.888 1.897 1.907 1.917 1.927 1.934 1.920 1.907 1.893 1.878 1.863 1.847 1.831 1.816 1.800 1.788 1.778 1.767 1.757 1.747 1.739 1.730 1.722 1.714 1.713 1.717 1.721 1.725 1.729 1.725 1.717 1.709
4.303 4.854 5.405 5.957 6.508 7.060 7.672 8.316 8.883 8.869 8.855 8.842 8.828 8.952 9.156 9.361 9.565 9.370 8.433 7.556 6.823 6.089 5.355 4.621 3.887 3.154 2.730 2.653 2.575 2.497 2.420 2.342 2.293 2.248 2.205 2.164 2.124 2.084 2.043 2.003 1.962 1.920 1.888 1.890 1.900 1.910 1.920 1.929 1.939 1.949 1.959 1.952 1.938 1.924 1.909 1.893 1.877 1.862 1.846 1.830 1.816 1.806 1.795 1.785 1.776 1.768 1.760 1.752 1.744 1.738 1.742 1.745 1.749 1.750 1.742 1.733 1.725
4.384 4.935 5.487 6.038 6.607 7.251 7.895 8.539 9.160 9.146 9.132 9.118 9.104 9.090 9.076 9.062 9.202 9.228 8.375 7.641 6.907 6.174 5.440 4.706 3.972 3.239 2.696 2.619 2.541 2.463 2.386 2.340 2.295 2.250 2.206 2.165 2.125 2.085 2.044 2.004 1.963 1.923 1.905 1.913 1.922 1.932 1.942 1.952 1.962 1.971 1.981 1.984 1.970 1.955 1.939 1.923 1.908 1.892 1.876 1.860 1.845 1.834 1.823 1.814 1.806 1.798 1.790 1.781 1.773 1.765 1.766 1.770 1.774 1.767 1.758 1.750 1.742
4.465 5.016 5.568 6.186 6.830 7.474 8.118 8.762 9.406 9.422 9.408 9.394 9.380 9.367 9.353 9.339 9.325 8.999 8.405 7.726 6.992 6.259 5.525 4.791 4.057 3.324 2.662 2.585 2.507 2.431 2.386 2.341 2.296 2.252 2.206 2.166 2.126 2.085 2.045 2.005 1.964 1.944 1.937 1.944 1.953 1.961 1.970 1.978 1.986 1.995 2.003 2.013 2.001 1.985 1.969 1.954 1.938 1.922 1.907 1.891 1.875 1.862 1.852 1.844 1.835 1.827 1.819 1.811 1.803 1.794 1.791 1.794 1.792 1.784 1.775 1.767 1.758
4.546 5.121 5.765 6.409 7.053 7.697 8.341 8.985 9.629 9.699 9.685 9.671 9.657 9.643 9.629 9.615 9.282 8.626 8.015 7.425 6.834 6.244 5.610 4.876 4.142 3.408 2.675 2.551 2.478 2.433 2.388 2.343 2.298 2.253 2.208 2.167 2.127 2.086 2.046 2.005 1.987 1.979 1.972 1.976 1.984 1.993 2.001 2.009 2.018 2.026 2.035 2.034 2.021 2.007 1.992 1.978 1.963 1.949 1.934 1.920 1.905 1.890 1.881 1.873 1.865 1.857 1.849 1.840 1.832 1.824 1.816 1.817 1.808 1.800 1.792 1.783 1.775
4.803 5.345 5.989 6.632 7.276 7.920 8.564 9.208 9.852 9.975 9.961 9.947 9.933 9.919 9.905 9.564 8.909 8.253 7.625 7.035 6.445 5.855 5.264 4.674 4.084 3.493 2.760 2.525 2.480 2.435 2.390 2.345 2.300 2.255 2.210 2.168 2.127 2.087 2.047 2.029 2.022 2.015 2.007 2.007 2.016 2.024 2.032 2.041 2.049 2.058 2.062 2.050 2.038 2.024 2.009 1.995 1.980 1.966 1.951 1.937 1.922 1.915 1.910 1.902 1.894 1.886 1.878 1.870 1.862 1.853 1.845 1.832 1.824 1.815 1.807 1.798 1.790
5.484 5.813 6.212 6.855 7.499 8.143 8.787 9.431 10.075 10.252 10.238 10.224 10.210 10.196 9.847 9.192 8.536 7.880 7.235 6.645 6.055 5.465 4.875 4.285 3.695 3.105 2.629 2.542 2.485 2.437 2.392 2.347 2.302 2.257 2.212 2.169 2.128 2.088 2.072 2.065 2.057 2.050 2.043 2.039 2.047 2.055 2.064 2.072 2.081 2.089 2.078 2.066 2.054 2.040 2.026 2.011 1.997 1.982 1.968 1.953 1.942 1.941 1.939 1.931 1.923 1.915 1.907 1.899 1.891 1.882 1.867 1.844 1.836 1.827 1.819 1.810 1.802
6.166 6.494 6.823 7.151 7.722 8.366 9.010 9.654 10.298 10.528 10.514 10.500 10.486 10.130 9.474 8.819 8.163 7.507 6.852 6.255 5.665 5.075 4.485 3.895 3.305 2.805 2.687 2.585 2.527 2.470 2.412 2.355 2.304 2.259 2.214 2.170 2.129 2.115 2.107 2.100 2.093 2.085 2.078 2.071 2.078 2.087 2.095 2.104 2.112 2.106 2.094 2.082 2.070 2.057 2.043 2.028 2.013 1.999 1.985 1.970 1.968 1.967 1.965 1.960 1.952 1.944 1.936 1.928 1.920 1.910 1.887 1.864 1.848 1.839 1.831 1.822 1.814
6.848 7.176 7.504 7.833 8.161 8.589 9.233 9.877 10.521 10.804 10.791 10.777 10.413 9.757 9.101 8.446 7.790 7.135 6.479 5.866 5.275 4.685 4.095 3.505 2.981 2.863 2.745 2.628 2.570 2.512 2.455 2.397 2.340 2.282 2.224 2.170 2.158 2.150 2.143 2.135 2.128 2.120 2.113 2.106 2.110 2.118 2.127 2.135 2.134 2.121 2.109 2.097 2.085 2.073 2.059 2.045 2.030 2.016 2.001 1.995 1.993 1.992 1.991 1.989 1.981 1.973 1.965 1.957 1.949 1.930 1.907 1.884 1.861 1.851 1.843 1.834 1.826
7.529 7.858 8.186 8.514 8.842 9.171 9.499 10.100 10.744 11.081 11.067 10.696 10.040 9.384 8.729 8.073 7.417 6.762 6.106 5.476 4.886 4.296 3.706 3.156 3.038 2.920 2.802 2.684 2.612 2.555 2.497 2.440 2.382 2.324 2.267 2.217 2.199 2.186 2.178 2.171 2.163 2.156 2.148 2.141 2.141 2.150 2.158 2.161 2.149 2.137 2.125 2.113 2.101 2.089 2.076 2.062 2.047 2.032 2.021 2.020 2.019 2.018 2.017 2.016 2.010 2.002 1.994 1.986 1.973 1.950 1.927 1.904 1.881 1.863 1.855 1.846 1.838
8.211 8.539 8.868 9.196 9.524 9.852 10.181 10.509 10.967 11.357 10.978 10.323 9.667 9.011 8.356 7.700 7.044 6.389 5.733 5.086 4.496 3.906 3.332 3.214 3.096 2.978 2.860 2.742 2.655 2.597 2.540 2.482 2.425 2.367 2.318 2.269 2.246 2.233 2.221 2.208 2.198 2.191 2.184 2.176 2.172 2.181 2.189 2.177 2.165 2.153 2.141 2.129 2.117 2.104 2.092 2.078 2.064 2.049 2.047 2.046 2.045 2.044 2.042 2.041 2.039 2.031 2.023 2.015 1.993 1.970 1.947 1.924 1.901 1.878 1.867 1.858 1.850
