includes/lisflood/results_R15_t1.554713770035E12/res-0003.wd
ncols         631
nrows         906
xllcorner     364927.146600
yllcorner     6531972.565600
cellsize      20.000000
NODATA_value  -9999.000000
[rows 850 to 883 of 906, columns 385 to 461 of 631]
0.000 0.000 0.000 0.000 0.000 0.000 0.000 0.000 0.000 0.000 0.000 0.000 0.000 0.000 0.000 0.000 0.000 0.000 0.000 0.000 0.000 0.000 0.000 0.000 0.000 0.000 0.000 1.754 2.564 2.875 3.592 4.453 5.539 6.624 7.709 8.794 9.880 10.965 11.905 11.575 11.245 10.896 10.545 10.194 9.844 9.494 9.143 8.793 8.442 8.092 7.875 7.680 7.470 7.256 7.043 6.830 6.616 6.403 6.190 5.977 5.864 5.803 5.961 6.119 6.276 6.434 6.592 6.750 6.907 7.047 7.109 7.172 7.234 7.297 7.332 7.367 7.402
0.000 0.000 0.000 0.000 0.000 0.000 0.000 0.000 0.000 0.000 0.000 0.000 0.000 0.000 0.000 0.000 0.000 0.000 0.000 0.000 0.000 0.000 0.000 0.000 0.000 0.000 1.823 2.634 2.784 2.994 4.520 5.242 6.319 7.404 8.489 9.575 10.660 11.745 11.546 11.216 10.886 10.544 10.193 9.843 9.492 9.142 8.791 8.441 8.091 7.864 7.727 7.532 7.337 7.143 6.948 6.754 6.559 6.364 6.155 5.941 5.789 5.946 6.104 6.262 6.419 6.577 6.735 6.892 7.050 7.208 7.276 7.339 7.401 7.438 7.472 7.507 7.542
0.000 0.000 0.000 0.000 0.000 0.000 0.000 0.000 0.000 0.000 0.000 0.000 0.000 0.000 0.000 0.000 0.000 0.000 0.000 0.000 0.000 0.000 0.000 0.000 0.000 1.993 2.593 2.834 4.002 4.725 5.448 6.170 7.099 8.184 9.269 10.355 11.440 11.517 11.187 10.857 10.526 10.192 9.842 9.491 9.141 8.790 8.440 8.089 7.829 7.696 7.563 7.384 7.189 6.995 6.800 6.606 6.411 6.216 6.022 5.827 5.908 6.075 6.242 6.404 6.562 6.720 6.877 7.035 7.193 7.351 7.443 7.505 7.543 7.578 7.613 7.647 7.682
0.000 0.000 0.000 0.000 0.000 0.000 0.000 0.000 0.000 0.000 0.000 0.000 0.000 0.000 0.000 0.000 0.000 0.000 0.000 0.000 0.000 0.000 0.000 0.000 1.983 2.523 2.843 3.083 4.931 5.653 6.376 7.098 7.879 8.964 10.049 11.135 11.488 11.158 10.828 10.497 10.167 9.837 9.490 9.140 8.789 8.439 8.088 7.794 7.660 7.527 7.394 7.236 7.041 6.847 6.652 6.458 6.263 6.068 5.874 5.906 6.011 6.172 6.339 6.506 6.673 6.840 7.008 7.175 7.336 7.493 7.610 7.649 7.684 7.718 7.753 7.787 7.822
0.000 0.000 0.000 0.000 0.000 0.000 0.000 0.000 0.000 0.000 0.000 0.000 0.000 0.000 0.000 0.000 0.000 0.000 0.000 0.000 0.000 0.000 0.000 1.862 2.512 2.782 2.873 5.136 5.858 6.581 7.304 8.026 8.749 9.744 10.829 11.459 11.129 10.799 10.468 10.138 9.808 9.478 9.138 8.788 8.437 8.087 7.758 7.625 7.492 7.359 7.226 7.088 6.893 6.699 6.504 6.310 6.115 5.920 5.916 6.021 6.125 6.269 6.436 6.603 6.770 6.937 7.105 7.272 7.439 7.606 7.750 7.787 7.824 7.858 7.893 7.927 7.962
0.000 0.000 0.000 0.000 0.000 0.000 0.000 0.000 0.000 0.000 0.000 0.000 0.000 0.000 0.000 0.000 0.000 0.000 0.000 0.000 0.000 0.000 1.822 2.522 2.752 2.782 5.341 6.064 6.787 7.509 8.232 8.954 9.677 10.524 11.430 11.100 10.769 10.439 10.109 9.779 9.449 9.119 8.787 8.436 8.086 7.735 7.590 7.457 7.323 7.190 7.057 6.924 6.746 6.551 6.356 6.162 5.967 5.926 6.031 6.136 6.240 6.366 6.533 6.700 6.867 7.034 7.201 7.369 7.536 7.705 7.874 7.918 7.955 7.992 8.030 8.067 8.102
0.000 0.000 0.000 0.000 0.000 0.000 0.000 0.000 0.000 0.000 0.000 0.000 0.000 0.000 0.000 0.000 0.000 0.000 0.000 0.000 0.071 1.831 2.441 2.672 2.852 4.949 5.746 6.543 7.340 8.137 8.933 9.730 10.527 11.324 11.071 10.740 10.410 10.080 9.750 9.420 9.089 8.759 8.429 8.085 7.734 7.554 7.421 7.288 7.155 7.022 6.889 6.756 6.597 6.403 6.208 6.014 5.936 6.041 6.146 6.250 6.355 6.463 6.630 6.797 6.964 7.131 7.298 7.466 7.634 7.804 7.973 8.049 8.086 8.123 8.160 8.197 8.235
0.000 0.000 0.000 0.000 0.000 0.000 0.000 0.000 0.000 0.000 0.000 0.000 0.000 0.000 0.000 0.000 0.000 0.000 0.000 0.000 1.381 2.361 2.371 2.981 4.575 5.350 6.147 6.944 7.741 8.538 9.335 10.132 10.929 11.100 10.860 10.502 10.144 9.785 9.427 9.069 8.730 8.400 8.070 7.733 7.519 7.386 7.253 7.120 6.987 6.853 6.720 6.587 6.449 6.255 6.060 5.947 6.051 6.156 6.261 6.365 6.470 6.574 6.727 6.894 7.061 7.228 7.395 7.564 7.733 7.903 8.072 8.180 8.217 8.254 8.291 8.328 8.365
0.000 0.000 0.000 0.000 0.000 0.000 0.000 0.000 0.000 0.000 0.000 0.000 0.000 0.000 0.000 0.000 0.000 0.000 0.000 0.000 2.220 2.541 2.941 3.131 5.015 5.752 6.549 7.346 8.143 8.940 9.737 10.534 10.908 10.815 10.676 10.318 9.960 9.601 9.243 8.885 8.527 8.168 7.810 7.550 7.388 7.226 7.084 6.951 6.818 6.685 6.552 6.419 6.285 6.107 5.957 6.062 6.166 6.271 6.375 6.480 6.585 6.689 6.824 6.991 7.158 7.325 7.494 7.663 7.833 8.002 8.171 8.310 8.347 8.385 8.422 8.459 8.496
0.000 0.000 0.000 0.000 0.000 0.000 0.000 0.000 0.000 0.000 0.000 0.000 0.000 0.000 0.000 0.000 0.000 0.000 0.499 1.980 2.260 2.500 3.091 4.749 5.455 6.160 6.951 7.747 8.544 9.341 10.138 10.715 10.622 10.529 10.436 10.134 9.776 9.417 9.059 8.701 8.343 7.985 7.686 7.539 7.382 7.220 7.058 6.896 6.734 6.572 6.410 6.250 6.117 5.967 6.072 6.176 6.281 6.385 6.490 6.595 6.699 6.804 6.921 7.088 7.255 7.423 7.593 7.762 7.932 8.101 8.271 8.440 8.478 8.515 8.552 8.589 8.627
0.000 0.000 0.000 0.000 0.000 0.000 0.000 0.000 0.000 0.000 0.000 0.000 0.000 0.000 0.000 0.000 0.000 0.229 1.579 2.210 2.590 2.800 4.483 5.188 5.894 6.600 7.352 8.149 8.946 9.743 10.523 10.430 10.337 10.244 10.151 9.950 9.592 9.233 8.875 8.517 8.159 7.822 7.675 7.528 7.377 7.215 7.053 6.890 6.728 6.566 6.404 6.242 6.080 6.055 6.169 6.282 6.395 6.500 6.605 6.709 6.814 6.919 7.023 7.185 7.353 7.522 7.692 7.861 8.031 8.200 8.370 8.539 8.609 8.646 8.683 8.720 8.730
0.000 0.000 0.000 0.000 0.000 0.000 0.000 0.000 0.000 0.000 0.000 0.000 0.000 0.000 0.000 0.000 0.000 1.529 2.079 2.659 3.511 4.217 4.922 5.628 6.334 7.040 7.754 8.551 9.348 10.145 10.238 10.145 10.052 9.959 9.866 9.766 9.408 9.050 8.691 8.333 7.975 7.811 7.664 7.517 7.370 7.209 7.047 6.885 6.723 6.560 6.398 6.236 6.179 6.155 6.241 6.354 6.467 6.581 6.694 6.807 6.920 7.033 7.138 7.282 7.452 7.621 7.791 7.960 8.130 8.299 8.469 8.638 8.739 8.777 8.814 8.826 8.785
0.000 0.000 0.000 0.000 0.000 0.000 0.000 0.000 0.000 0.000 0.000 0.000 0.000 0.000 0.000 0.000 0.868 1.959 2.549 3.245 3.951 4.656 5.362 6.068 6.773 7.479 8.185 8.952 9.749 10.045 9.952 9.860 9.766 9.674 9.581 9.488 9.224 8.866 8.507 8.149 7.948 7.801 7.653 7.506 7.359 7.203 7.041 6.879 6.717 6.555 6.393 6.316 6.293 6.269 6.313 6.426 6.539 6.653 6.766 6.879 6.992 7.106 7.219 7.355 7.536 7.716 7.890 8.059 8.229 8.398 8.568 8.737 8.870 8.907 8.921 8.880 8.840
0.000 0.000 0.000 0.000 0.000 0.000 0.000 0.000 0.000 0.000 0.000 0.000 0.000 0.000 0.000 0.308 1.118 2.148 3.078 3.740 4.402 5.096 5.802 6.507 7.213 7.919 8.625 9.354 9.853 9.760 9.667 9.574 9.481 9.388 9.295 9.202 9.040 8.682 8.323 8.084 7.937 7.790 7.643 7.495 7.348 7.197 7.035 6.873 6.711 6.549 6.454 6.430 6.406 6.382 6.385 6.498 6.611 6.725 6.838 6.951 7.065 7.178 7.290 7.407 7.588 7.769 7.949 8.130 8.311 8.492 8.667 8.837 9.001 9.016 8.975 8.935 8.895
0.000 0.000 0.000 0.000 0.000 0.000 0.000 0.000 0.000 0.000 0.000 0.000 0.000 0.000 0.487 1.927 2.338 2.068 3.901 4.563 5.225 5.887 6.549 7.211 7.873 8.534 9.196 9.762 9.592 9.475 9.382 9.289 9.196 9.103 9.010 8.917 8.824 8.498 8.220 8.073 7.926 7.779 7.632 7.484 7.337 7.190 7.029 6.867 6.705 6.591 6.567 6.543 6.520 6.496 6.472 6.570 6.684 6.797 6.910 7.023 7.137 7.248 7.360 7.472 7.641 7.821 8.002 8.183 8.363 8.544 8.725 8.905 9.033 9.042 9.030 8.990 8.950
0.000 0.000 0.000 0.000 0.000 0.000 0.000 0.000 0.000 0.000 0.000 0.000 0.000 0.497 1.927 2.417 2.907 3.890 4.672 5.387 6.048 6.710 7.372 8.034 8.696 9.358 10.020 9.859 9.612 9.472 9.332 9.192 9.052 8.912 8.772 8.632 8.539 8.356 8.209 8.062 7.915 7.768 7.621 7.474 7.326 7.179 7.024 6.861 6.728 6.705 6.681 6.657 6.633 6.609 6.585 6.642 6.756 6.869 6.982 7.095 7.207 7.319 7.431 7.543 7.693 7.874 8.054 8.235 8.416 8.596 8.777 8.916 8.885 8.883 8.901 8.920 8.939
0.000 0.000 0.000 0.000 0.000 0.000 0.000 0.000 0.000 0.000 0.000 0.000 0.536 1.816 2.297 2.847 3.875 4.656 5.437 6.210 6.872 7.533 8.195 8.857 9.519 10.181 10.288 9.956 9.632 9.492 9.352 9.212 9.072 8.932 8.792 8.652 8.511 8.148 8.053 7.959 7.864 7.757 7.610 7.463 7.316 7.168 7.018 6.866 6.842 6.818 6.794 6.770 6.746 6.723 6.699 6.714 6.828 6.941 7.054 7.166 7.278 7.390 7.501 7.613 7.745 7.926 8.107 8.287 8.468 8.649 8.798 8.768 8.737 8.723 8.742 8.761 8.780
0.000 0.000 0.000 0.000 0.000 0.000 0.000 0.000 0.000 0.000 0.000 0.316 1.716 2.296 3.136 3.859 4.641 5.422 6.203 6.985 7.695 8.357 9.019 9.680 10.342 10.717 10.385 10.053 9.720 9.512 9.372 9.232 9.092 8.952 8.812 8.672 8.320 7.913 7.752 7.657 7.563 7.468 7.373 7.279 7.184 7.090 6.995 6.979 6.955 6.931 6.908 6.884 6.860 6.836 6.812 6.788 6.900 7.013 7.125 7.237 7.349 7.460 7.572 7.684 7.798 7.979 8.159 8.340 8.521 8.681 8.651 8.620 8.590 8.564 8.583 8.602 8.620
0.000 0.000 0.000 0.000 0.000 0.000 0.000 0.000 0.000 0.000 0.376 1.676 2.286 3.136 3.844 4.625 5.407 6.188 6.969 7.751 8.518 9.180 9.842 10.504 11.146 10.814 10.482 10.150 9.817 9.532 9.392 9.252 9.112 8.972 8.832 8.536 8.128 7.721 7.450 7.356 7.261 7.167 7.072 6.977 6.883 6.788 6.896 6.968 6.974 6.980 6.986 6.992 6.973 6.949 6.926 6.902 6.972 7.084 7.196 7.308 7.419 7.531 7.643 7.754 7.866 8.031 8.212 8.392 8.564 8.534 8.503 8.472 8.442 8.411 8.424 8.442 8.461
0.000 0.000 0.000 0.000 0.000 0.000 0.000 0.000 0.000 0.009 1.605 2.396 2.676 3.828 4.610 5.391 6.173 6.954 7.736 8.517 9.298 10.003 10.665 11.327 11.243 10.911 10.579 10.247 9.914 9.582 9.412 9.272 9.132 8.992 8.751 8.344 7.937 7.530 7.149 7.054 6.960 6.865 6.771 6.676 6.581 6.650 6.814 6.935 6.941 6.947 6.953 6.959 6.965 6.972 6.978 6.984 7.043 7.155 7.267 7.378 7.490 7.602 7.713 7.825 7.937 8.083 8.264 8.445 8.417 8.386 8.355 8.325 8.294 8.263 8.265 8.283 8.302
0.000 0.000 0.000 0.000 0.000 0.000 0.000 0.000 0.000 1.145 2.235 2.735 3.813 4.595 5.376 6.157 6.939 7.720 8.502 9.283 10.064 10.827 11.489 11.673 11.340 11.008 10.676 10.344 10.011 9.679 9.432 9.292 9.152 8.967 8.560 8.153 7.745 7.338 6.931 6.753 6.658 6.564 6.469 6.374 6.403 6.567 6.732 6.896 6.908 6.914 6.920 6.926 6.932 6.939 6.945 7.012 7.171 7.269 7.368 7.466 7.565 7.672 7.784 7.896 8.007 8.136 8.316 8.299 8.269 8.238 8.208 8.177 8.146 8.116 8.105 8.124 8.143
0.000 0.000 0.000 0.000 0.000 0.000 0.000 0.000 0.495 1.745 2.785 3.613 4.447 5.259 6.071 6.883 7.695 8.486 9.268 10.049 10.830 11.612 12.102 11.770 11.437 11.105 10.773 10.441 10.108 9.776 9.452 9.312 9.172 8.775 8.368 7.961 7.554 7.147 6.739 6.451 6.357 6.262 6.168 6.157 6.321 6.485 6.649 6.814 6.876 6.882 6.888 6.894 6.900 6.906 6.956 7.121 7.286 7.397 7.495 7.594 7.692 7.791 7.890 7.988 8.087 8.190 8.182 8.152 8.121 8.091 8.060 8.029 7.999 7.968 7.946 7.965 7.984
0.000 0.000 0.000 0.000 0.000 0.000 0.000 0.000 1.275 2.435 3.071 4.005 4.819 5.617 6.429 7.241 8.053 8.865 9.677 10.489 11.301 12.113 12.066 11.771 11.475 11.179 10.870 10.538 10.205 9.873 9.541 9.332 8.991 8.584 8.177 7.770 7.362 6.955 6.548 6.150 6.056 5.961 5.910 6.075 6.239 6.403 6.567 6.732 6.843 6.849 6.855 6.861 6.867 6.900 7.065 7.230 7.395 7.524 7.622 7.721 7.820 7.918 8.017 8.116 8.214 8.113 8.047 8.011 7.976 7.943 7.912 7.882 7.851 7.820 7.790 7.806 7.815
0.000 0.000 0.000 0.000 0.000 0.000 0.000 0.264 1.884 2.985 3.462 4.396 5.205 5.983 6.787 7.599 8.411 9.223 10.035 10.847 11.659 12.077 11.896 11.621 11.326 11.030 10.734 10.439 10.143 9.847 9.552 9.161 8.797 8.392 7.985 7.578 7.171 6.764 6.356 5.949 5.754 5.664 5.828 5.992 6.157 6.321 6.485 6.649 6.810 6.816 6.822 6.828 6.843 7.008 7.173 7.339 7.504 7.651 7.750 7.848 7.947 8.046 8.144 8.243 8.159 8.011 7.917 7.882 7.846 7.811 7.776 7.741 7.705 7.672 7.642 7.638 7.585
0.000 0.000 0.000 0.000 0.000 0.000 0.000 1.284 2.504 2.920 3.854 4.788 5.591 6.369 7.146 7.958 8.769 9.581 10.393 11.205 12.017 11.880 11.699 11.472 11.177 10.881 10.585 10.290 9.994 9.698 9.323 8.753 8.367 8.002 7.638 7.273 6.909 6.544 6.165 5.758 5.453 5.582 5.746 5.910 6.075 6.239 6.403 6.567 6.731 6.783 6.789 6.795 6.952 7.117 7.282 7.447 7.612 7.777 7.877 7.975 8.074 8.173 8.271 8.205 8.057 7.910 7.787 7.752 7.716 7.681 7.646 7.611 7.575 7.540 7.514 7.493 7.369
0.000 0.000 0.000 0.000 0.000 0.000 0.000 1.914 2.884 3.311 4.245 5.179 5.977 6.754 7.532 8.316 9.127 9.939 10.751 11.563 11.863 11.682 11.502 11.321 11.028 10.732 10.436 10.140 9.845 9.537 8.967 8.397 7.937 7.572 7.208 6.843 6.479 6.114 5.750 5.385 5.444 5.569 5.694 5.828 5.992 6.156 6.321 6.485 6.649 6.750 6.756 6.896 7.061 7.226 7.391 7.556 7.721 7.886 8.004 8.103 8.201 8.300 8.251 8.104 7.956 7.808 7.660 7.622 7.586 7.551 7.516 7.481 7.445 7.415 7.489 7.513 7.389
0.000 0.000 0.000 0.000 0.000 0.000 0.783 2.183 2.769 3.703 4.637 5.571 6.363 7.140 7.918 8.695 9.486 10.298 11.109 11.846 11.665 11.485 11.305 11.124 10.878 10.583 10.287 9.991 9.695 9.181 8.611 8.041 7.507 7.143 6.778 6.413 6.049 5.684 5.320 5.276 5.514 5.675 5.800 5.925 6.050 6.175 6.300 6.425 6.567 6.717 6.839 7.004 7.169 7.334 7.500 7.665 7.830 7.995 8.131 8.230 8.329 8.298 8.150 8.002 7.854 7.706 7.559 7.492 7.456 7.421 7.386 7.351 7.317 7.390 7.464 7.533 7.409
0.000 0.000 0.000 0.000 0.000 0.657 1.283 2.603 3.160 4.094 5.029 5.963 6.749 7.526 8.304 9.081 9.858 10.656 11.468 11.648 11.468 11.288 11.107 10.927 10.729 10.433 10.138 9.842 9.395 8.825 8.255 7.685 7.115 6.713 6.348 5.984 5.619 5.254 5.108 5.346 5.585 5.781 5.906 6.031 6.156 6.281 6.406 6.531 6.656 6.800 6.959 7.119 7.279 7.443 7.608 7.773 7.938 8.103 8.259 8.357 8.344 8.196 8.048 7.900 7.753 7.605 7.457 7.362 7.326 7.291 7.256 7.221 7.292 7.365 7.439 7.513 7.429
0.000 0.000 0.000 0.000 0.000 0.000 1.483 2.973 3.552 4.486 5.420 6.354 7.135 7.912 8.689 9.467 10.244 11.022 11.631 11.451 11.271 11.090 10.910 10.729 10.549 10.284 9.988 9.608 9.039 8.469 7.899 7.329 6.759 6.283 5.918 5.554 5.189 4.940 5.179 5.417 5.655 5.887 6.012 6.137 6.263 6.387 6.512 6.637 6.778 6.933 7.090 7.250 7.410 7.570 7.730 7.890 8.050 8.212 8.377 8.390 8.242 8.094 7.947 7.799 7.651 7.503 7.355 7.232 7.196 7.161 7.126 7.193 7.267 7.340 7.414 7.488 7.449
0.000 0.000 0.000 0.000 0.000 0.922 2.242 3.009 3.943 4.877 5.812 6.743 7.521 8.298 9.076 9.853 10.630 11.242 11.438 11.256 11.074 10.893 10.712 10.532 10.352 10.135 9.822 9.252 8.683 8.113 7.543 6.973 6.403 5.853 5.488 5.124 4.773 5.011 5.249 5.488 5.726 5.964 6.119 6.244 6.369 6.494 6.619 6.755 6.910 7.065 7.221 7.381 7.541 7.701 7.861 8.021 8.181 8.341 8.440 8.322 8.154 7.993 7.845 7.697 7.549 7.402 7.254 7.106 7.066 7.031 7.094 7.168 7.242 7.315 7.389 7.463 7.469
0.000 0.000 0.140 0.571 1.471 2.251 2.939 3.590 4.335 5.269 6.203 7.129 7.907 8.684 9.461 10.181 10.570 10.960 11.247 11.065 10.883 10.701 10.519 10.337 10.156 9.974 9.466 8.896 8.327 7.757 7.187 6.617 6.047 5.477 5.059 4.694 4.843 5.081 5.320 5.558 5.796 6.035 6.225 6.350 6.475 6.600 6.733 6.888 7.043 7.198 7.353 7.513 7.672 7.832 7.992 8.152 8.312 8.427 8.387 8.304 8.135 7.966 7.798 7.629 7.461 7.300 7.152 7.004 6.937 6.995 7.069 7.143 7.217 7.290 7.364 7.438 7.489
0.139 0.570 1.080 1.960 2.321 3.051 3.723 4.373 5.024 5.675 6.594 7.515 8.292 9.070 9.509 9.899 10.289 10.679 11.057 10.875 10.693 10.511 10.329 10.147 9.965 9.644 9.146 8.568 7.990 7.412 6.835 6.261 5.691 5.121 4.629 4.675 4.914 5.152 5.390 5.629 5.867 6.105 6.331 6.456 6.581 6.711 6.866 7.021 7.176 7.331 7.486 7.644 7.804 7.964 8.124 8.284 8.414 8.375 8.335 8.285 8.116 7.948 7.779 7.611 7.442 7.274 7.105 6.937 6.920 6.970 7.044 7.118 7.191 7.265 7.339 7.413 7.487
1.139 2.010 2.200 2.440 2.870 3.855 4.506 5.156 5.807 6.458 7.109 7.901 8.448 8.838 9.228 9.618 10.008 10.397 10.787 10.685 10.503 10.321 10.139 9.957 9.683 9.273 8.835 8.257 7.680 7.102 6.524 5.946 5.368 4.790 4.555 4.767 4.984 5.223 5.461 5.699 5.937 6.176 6.414 6.562 6.688 6.843 6.998 7.153 7.308 7.463 7.618 7.775 7.935 8.095 8.255 8.402 8.362 8.322 8.282 8.242 8.097 7.929 7.760 7.592 7.423 7.255 7.086 7.045 7.052 7.084 7.115 7.147 7.179 7.240 7.314 7.388 7.462
2.019 2.439 2.509 2.760 3.988 4.638 5.289 5.940 6.590 7.241 7.856 8.245 8.167 8.556 8.946 9.336 9.726 10.116 10.506 10.494 10.312 10.130 9.949 9.721 9.311 8.901 8.491 7.947 7.369 6.791 6.213 5.635 5.058 4.695 4.783 4.962 5.173 5.385 5.597 5.809 6.021 6.246 6.484 6.668 6.821 6.976 7.131 7.286 7.441 7.596 7.751 7.907 8.067 8.226 8.386 8.349 8.309 8.270 8.230 8.190 8.078 7.910 7.741 7.573 7.404 7.236 7.185 7.185 7.184 7.215 7.247 7.279 7.311 7.343 7.375 7.406 7.438
