includes/lisflood/results_R15_t1.554713770035E12/res-0008.wdfp
ncols         631
nrows         906
xllcorner     364927.146600
yllcorner     6531972.565600
cellsize      20.000000
NODATA_value  -9999.000000
[rows 544 to 577 of 906, columns 154 to 230 of 631]
8.151 8.099 8.047 7.995 7.942 7.890 7.838 7.785 7.733 7.681 7.629 7.577 7.524 7.472 7.420 7.368 7.315 7.263 7.211 7.158 7.106 7.054 7.002 6.949 6.897 6.845 6.788 6.731 6.674 6.617 6.560 6.503 6.446 6.389 6.332 6.190 6.035 5.876 5.711 5.546 5.381 5.216 5.052 4.887 4.721 4.557 4.392 4.227 4.062 3.897 3.732 3.567 3.402 3.237 3.072 2.907 2.742 2.577 2.412 2.247 2.082 1.917 1.752 1.587 1.422 1.257 1.092 0.927 0.762 0.597 0.432 0.000 0.000 0.000 0.000 0.000 0.000
8.175 8.123 8.071 8.019 7.966 7.914 7.862 7.809 7.757 7.705 7.653 7.600 7.548 7.496 7.444 7.391 7.339 7.287 7.235 7.183 7.130 7.078 7.026 6.974 6.921 6.869 6.817 6.765 6.712 6.660 6.603 6.545 6.488 6.431 6.374 6.263 6.107 5.942 5.777 5.612 5.447 5.282 5.117 4.952 4.788 4.623 4.458 4.293 4.128 3.963 3.798 3.633 3.468 3.303 3.138 2.973 2.808 2.643 2.478 2.313 2.148 1.983 1.818 1.653 1.488 1.323 1.158 0.993 0.828 0.663 0.498 0.000 0.000 0.000 0.000 0.000 0.000
8.199 8.147 8.095 8.042 7.990 7.938 7.886 7.833 7.781 7.729 7.677 7.624 7.572 7.520 7.468 7.416 7.363 7.311 7.259 7.207 7.154 7.102 7.050 6.997 6.945 6.893 6.841 6.788 6.736 6.684 6.632 6.579 6.527 6.474 6.417 6.335 6.173 6.008 5.843 5.678 5.513 5.348 5.183 5.018 4.853 4.688 4.523 4.359 4.193 4.028 3.864 3.699 3.534 3.369 3.204 3.039 2.873 2.708 2.542 2.377 2.211 2.046 1.880 1.715 1.549 1.384 1.218 1.053 0.887 0.722 0.556 0.000 0.000 0.000 0.000 0.000 0.000
8.223 8.171 8.119 8.067 8.014 7.962 7.910 7.858 7.805 7.753 7.701 7.648 7.596 7.544 7.492 7.439 7.387 7.335 7.283 7.230 7.178 7.126 7.074 7.021 6.969 6.917 6.865 6.813 6.760 6.708 6.656 6.604 6.551 6.499 6.447 6.385 6.230 6.064 5.899 5.733 5.568 5.402 5.237 5.071 4.906 4.740 4.575 4.409 4.244 4.078 3.913 3.747 3.582 3.416 3.251 3.085 2.920 2.754 2.589 2.423 2.258 2.093 1.927 1.762 1.596 1.430 1.265 1.100 0.934 0.769 0.603 0.000 0.000 0.000 0.000 0.000 0.000
8.247 8.195 8.143 8.091 8.038 7.986 7.934 7.882 7.829 7.777 7.725 7.673 7.620 7.568 7.516 7.464 7.411 7.359 7.307 7.255 7.202 7.150 7.098 7.046 6.993 6.941 6.889 6.836 6.784 6.732 6.680 6.627 6.575 6.523 6.465 6.392 6.276 6.111 5.945 5.780 5.614 5.449 5.283 5.118 4.952 4.787 4.621 4.456 4.290 4.125 3.959 3.794 3.629 3.463 3.297 3.132 2.967 2.801 2.635 2.470 2.305 2.139 1.973 1.808 1.643 1.477 1.312 1.146 0.981 0.815 0.650 0.484 0.000 0.000 0.000 0.000 0.000
8.271 8.219 8.167 8.115 8.062 8.010 7.958 7.906 7.853 7.801 7.749 7.697 7.644 7.592 7.540 7.488 7.435 7.383 7.331 7.279 7.226 7.174 7.122 7.070 7.017 6.965 6.913 6.861 6.808 6.756 6.704 6.652 6.599 6.544 6.472 6.399 6.323 6.157 5.992 5.826 5.661 5.495 5.330 5.164 4.999 4.834 4.668 4.502 4.337 4.172 4.006 3.841 3.675 3.510 3.344 3.178 3.013 2.848 2.682 2.517 2.351 2.186 2.020 1.855 1.689 1.524 1.358 1.193 1.027 0.862 0.696 0.537 0.000 0.000 0.000 0.000 0.000
8.295 8.243 8.191 8.139 8.086 8.034 7.982 7.930 7.877 7.825 7.773 7.721 7.668 7.616 7.564 7.512 7.459 7.407 7.355 7.303 7.250 7.198 7.146 7.094 7.041 6.989 6.937 6.885 6.832 6.780 6.728 6.676 6.623 6.551 6.479 6.407 6.334 6.204 6.038 5.873 5.707 5.542 5.376 5.211 5.045 4.880 4.714 4.549 4.384 4.218 4.053 3.887 3.722 3.556 3.391 3.225 3.060 2.894 2.729 2.563 2.398 2.232 2.067 1.901 1.736 1.570 1.405 1.239 1.074 0.908 0.743 0.594 0.451 0.000 0.000 0.000 0.000
8.319 8.267 8.215 8.163 8.110 8.058 8.006 7.954 7.901 7.849 7.797 7.745 7.692 7.640 7.588 7.536 7.483 7.431 7.379 7.327 7.274 7.222 7.170 7.118 7.065 7.013 6.961 6.909 6.856 6.804 6.752 6.700 6.631 6.558 6.486 6.414 6.341 6.251 6.085 5.919 5.754 5.589 5.423 5.258 5.092 4.927 4.761 4.596 4.430 4.265 4.099 3.934 3.768 3.603 3.437 3.272 3.106 2.941 2.775 2.610 2.444 2.279 2.113 1.948 1.782 1.617 1.451 1.286 1.120 0.955 0.793 0.650 0.508 0.000 0.000 0.000 0.000
8.344 8.291 8.239 8.187 8.135 8.082 8.030 7.978 7.925 7.873 7.821 7.769 7.716 7.664 7.612 7.560 7.507 7.455 7.403 7.351 7.298 7.246 7.194 7.142 7.089 7.037 6.985 6.933 6.880 6.828 6.776 6.710 6.638 6.565 6.493 6.421 6.349 6.276 6.132 5.966 5.801 5.635 5.470 5.304 5.139 4.973 4.808 4.642 4.477 4.311 4.146 3.980 3.815 3.649 3.484 3.318 3.153 2.987 2.822 2.656 2.491 2.325 2.160 1.994 1.829 1.663 1.498 1.332 1.167 1.001 0.849 0.707 0.564 0.422 0.000 0.000 0.000
8.367 8.315 8.263 8.211 8.158 8.106 8.054 8.002 7.950 7.897 7.845 7.793 7.740 7.688 7.636 7.584 7.532 7.479 7.427 7.375 7.322 7.270 7.218 7.166 7.113 7.061 7.009 6.957 6.904 6.852 6.789 6.717 6.645 6.573 6.500 6.428 6.356 6.283 6.178 6.013 5.847 5.682 5.516 5.351 5.185 5.020 4.854 4.689 4.523 4.358 4.192 4.027 3.861 3.696 3.530 3.365 3.199 3.034 2.868 2.703 2.537 2.372 2.206 2.041 1.875 1.710 1.544 1.379 1.213 1.048 0.906 0.763 0.621 0.478 0.000 0.000 0.000
8.392 8.339 8.287 8.235 8.183 8.130 8.078 8.026 7.973 7.921 7.869 7.817 7.765 7.712 7.660 7.608 7.556 7.503 7.451 7.399 7.346 7.294 7.242 7.190 7.137 7.085 7.033 6.981 6.928 6.869 6.796 6.724 6.652 6.580 6.507 6.435 6.363 6.291 6.218 6.059 5.894 5.728 5.563 5.397 5.232 5.066 4.901 4.735 4.570 4.404 4.239 4.073 3.908 3.742 3.577 3.411 3.246 3.080 2.915 2.749 2.584 2.418 2.253 2.087 1.922 1.756 1.591 1.426 1.260 1.105 0.962 0.820 0.677 0.535 0.393 0.000 0.000
8.416 8.363 8.311 8.259 8.207 8.154 8.102 8.050 7.998 7.945 7.893 7.841 7.788 7.736 7.684 7.632 7.579 7.527 7.475 7.423 7.370 7.318 7.266 7.214 7.162 7.109 7.057 7.005 6.948 6.876 6.804 6.731 6.659 6.587 6.514 6.442 6.370 6.298 6.225 6.106 5.940 5.775 5.609 5.444 5.278 5.113 4.947 4.782 4.616 4.451 4.285 4.120 3.954 3.789 3.623 3.458 3.293 3.127 2.962 2.796 2.631 2.465 2.300 2.134 1.968 1.803 1.638 1.472 1.307 1.161 1.019 0.876 0.734 0.591 0.449 0.000 0.000
8.437 8.387 8.335 8.283 8.231 8.178 8.126 8.074 8.022 7.969 7.917 7.865 7.813 7.760 7.708 7.656 7.603 7.551 7.499 7.447 7.395 7.342 7.290 7.238 7.185 7.133 7.081 7.027 6.955 6.883 6.811 6.738 6.666 6.594 6.521 6.449 6.377 6.305 6.232 6.152 5.987 5.821 5.656 5.490 5.325 5.159 4.994 4.828 4.663 4.497 4.332 4.167 4.001 3.836 3.670 3.504 3.339 3.174 3.008 2.843 2.677 2.512 2.346 2.181 2.015 1.850 1.684 1.519 1.360 1.218 1.075 0.933 0.790 0.648 0.505 0.000 0.000
8.454 8.411 8.359 8.307 8.255 8.202 8.150 8.098 8.046 7.993 7.941 7.889 7.837 7.784 7.732 7.680 7.628 7.575 7.523 7.471 7.419 7.366 7.314 7.262 7.209 7.157 7.105 7.035 6.962 6.890 6.818 6.746 6.673 6.601 6.529 6.456 6.384 6.312 6.240 6.167 6.033 5.868 5.702 5.537 5.372 5.206 5.040 4.875 4.710 4.544 4.379 4.213 4.048 3.882 3.717 3.551 3.386 3.220 3.055 2.889 2.724 2.558 2.393 2.227 2.062 1.896 1.731 1.565 1.417 1.274 1.132 0.989 0.847 0.704 0.562 0.000 0.000
8.470 8.435 8.383 8.331 8.279 8.226 8.174 8.122 8.070 8.017 7.965 7.913 7.861 7.808 7.756 7.704 7.652 7.599 7.547 7.495 7.443 7.390 7.338 7.286 7.234 7.181 7.114 7.042 6.969 6.897 6.825 6.753 6.680 6.608 6.536 6.464 6.391 6.319 6.247 6.174 6.080 5.915 5.749 5.583 5.418 5.253 5.087 4.922 4.756 4.591 4.425 4.260 4.094 3.929 3.763 3.598 3.432 3.267 3.101 2.936 2.770 2.605 2.439 2.274 2.108 1.943 1.777 1.615 1.473 1.330 1.188 1.046 0.903 0.761 0.618 0.476 0.000
8.487 8.459 8.407 8.355 8.303 8.250 8.198 8.146 8.094 8.041 7.989 7.937 7.885 7.832 7.780 7.728 7.676 7.623 7.571 7.519 7.467 7.414 7.362 7.310 7.258 7.193 7.121 7.049 6.977 6.904 6.832 6.760 6.687 6.615 6.543 6.471 6.398 6.326 6.254 6.182 6.109 5.961 5.796 5.630 5.465 5.299 5.134 4.968 4.803 4.637 4.472 4.306 4.141 3.975 3.810 3.644 3.479 3.313 3.148 2.982 2.817 2.651 2.486 2.320 2.155 1.989 1.824 1.672 1.529 1.387 1.245 1.102 0.960 0.817 0.675 0.532 0.000
8.503 8.483 8.431 8.379 8.327 8.274 8.222 8.170 8.118 8.065 8.013 7.961 7.909 7.856 7.804 7.752 7.700 7.647 7.595 7.543 7.491 7.438 7.386 7.334 7.273 7.201 7.128 7.056 6.984 6.911 6.839 6.767 6.695 6.622 6.550 6.478 6.406 6.333 6.261 6.189 6.116 6.008 5.842 5.677 5.511 5.346 5.180 5.015 4.849 4.684 4.518 4.353 4.187 4.022 3.856 3.691 3.525 3.360 3.194 3.029 2.863 2.698 2.532 2.367 2.201 2.036 1.871 1.728 1.586 1.443 1.301 1.159 1.016 0.874 0.731 0.589 0.000
8.520 8.502 8.455 8.403 8.351 8.299 8.246 8.194 8.142 8.089 8.037 7.985 7.933 7.880 7.828 7.776 7.724 7.671 7.619 7.567 7.515 7.462 7.410 7.352 7.280 7.208 7.135 7.063 6.991 6.919 6.846 6.774 6.702 6.629 6.557 6.485 6.413 6.340 6.268 6.196 6.123 6.051 5.889 5.723 5.558 5.392 5.227 5.061 4.896 4.730 4.565 4.399 4.234 4.068 3.903 3.737 3.572 3.406 3.241 3.075 2.910 2.744 2.579 2.413 2.248 2.082 1.927 1.785 1.642 1.500 1.358 1.215 1.073 0.930 0.788 0.645 0.000
8.536 8.519 8.479 8.427 8.375 8.323 8.270 8.218 8.166 8.113 8.061 8.009 7.957 7.905 7.852 7.800 7.748 7.696 7.643 7.591 7.539 7.486 7.432 7.359 7.287 7.215 7.143 7.070 6.998 6.926 6.853 6.781 6.709 6.636 6.564 6.492 6.420 6.347 6.275 6.203 6.131 6.058 5.935 5.770 5.604 5.439 5.273 5.108 4.942 4.777 4.611 4.446 4.280 4.115 3.949 3.784 3.618 3.453 3.287 3.122 2.957 2.791 2.626 2.460 2.295 2.129 1.984 1.841 1.699 1.556 1.414 1.272 1.129 0.987 0.844 0.702 0.559
8.553 8.535 8.503 8.451 8.399 8.347 8.294 8.242 8.190 8.137 8.085 8.033 7.981 7.929 7.876 7.824 7.772 7.720 7.667 7.615 7.563 7.511 7.439 7.366 7.294 7.222 7.150 7.077 7.005 6.933 6.861 6.788 6.716 6.644 6.571 6.499 6.427 6.355 6.282 6.210 6.138 6.066 5.982 5.816 5.651 5.485 5.320 5.154 4.989 4.823 4.658 4.492 4.327 4.162 3.996 3.831 3.665 3.500 3.334 3.168 3.003 2.837 2.672 2.507 2.341 2.183 2.040 1.898 1.755 1.613 1.471 1.328 1.186 1.043 0.901 0.758 0.616
8.569 8.552 8.527 8.475 8.423 8.370 8.318 8.266 8.214 8.162 8.109 8.057 8.005 7.952 7.900 7.848 7.796 7.743 7.691 7.639 7.587 7.518 7.446 7.374 7.301 7.229 7.157 7.084 7.012 6.940 6.868 6.795 6.723 6.651 6.579 6.506 6.434 6.362 6.289 6.217 6.145 6.073 6.000 5.863 5.698 5.532 5.366 5.201 5.036 4.870 4.705 4.539 4.374 4.208 4.043 3.877 3.712 3.546 3.381 3.215 3.050 2.884 2.719 2.553 2.388 2.239 2.097 1.954 1.812 1.669 1.527 1.384 1.242 1.100 0.957 0.815 0.672
8.586 8.568 8.551 8.499 8.447 8.395 8.342 8.290 8.238 8.186 8.133 8.081 8.029 7.977 7.924 7.872 7.820 7.767 7.715 7.663 7.597 7.525 7.453 7.381 7.308 7.236 7.164 7.092 7.019 6.947 6.875 6.802 6.730 6.658 6.586 6.513 6.441 6.369 6.297 6.224 6.152 6.080 6.007 5.910 5.744 5.578 5.413 5.248 5.082 4.917 4.751 4.586 4.420 4.255 4.089 3.924 3.758 3.593 3.427 3.262 3.096 2.931 2.765 2.600 2.438 2.296 2.153 2.011 1.868 1.726 1.583 1.441 1.299 1.156 1.014 0.871 0.729
8.602 8.585 8.567 8.523 8.471 8.419 8.366 8.314 8.262 8.210 8.157 8.105 8.053 8.001 7.948 7.896 7.844 7.792 7.739 7.677 7.605 7.532 7.460 7.388 7.316 7.243 7.171 7.099 7.026 6.954 6.882 6.810 6.737 6.665 6.593 6.521 6.448 6.376 6.304 6.231 6.159 6.087 6.015 5.942 5.791 5.625 5.460 5.294 5.129 4.963 4.798 4.632 4.467 4.301 4.136 3.970 3.805 3.639 3.474 3.308 3.143 2.977 2.812 2.646 2.494 2.352 2.210 2.067 1.925 1.782 1.640 1.498 1.355 1.213 1.070 0.928 0.785
8.619 8.601 8.584 8.547 8.495 8.443 8.390 8.338 8.286 8.234 8.181 8.129 8.077 8.025 7.972 7.920 7.868 7.816 7.756 7.684 7.612 7.539 7.467 7.395 7.323 7.250 7.178 7.106 7.034 6.961 6.889 6.817 6.744 6.672 6.600 6.528 6.455 6.383 6.311 6.238 6.166 6.094 6.022 5.949 5.837 5.672 5.506 5.341 5.175 5.010 4.844 4.679 4.513 4.348 4.182 4.017 3.851 3.686 3.520 3.355 3.189 3.024 2.858 2.693 2.551 2.409 2.266 2.124 1.981 1.839 1.696 1.554 1.411 1.269 1.127 0.984 0.842
8.635 8.618 8.600 8.571 8.519 8.467 8.414 8.362 8.310 8.258 8.205 8.153 8.101 8.049 7.996 7.944 7.892 7.836 7.763 7.691 7.619 7.547 7.474 7.402 7.330 7.258 7.185 7.113 7.041 6.968 6.896 6.824 6.752 6.679 6.607 6.535 6.462 6.390 6.318 6.246 6.173 6.101 6.029 5.957 5.884 5.718 5.553 5.387 5.222 5.056 4.891 4.725 4.560 4.394 4.229 4.063 3.898 3.732 3.567 3.401 3.236 3.070 2.905 2.750 2.607 2.465 2.323 2.180 2.038 1.895 1.753 1.610 1.468 1.326 1.183 1.041 0.898
8.652 8.634 8.617 8.595 8.543 8.491 8.438 8.386 8.334 8.282 8.229 8.177 8.125 8.073 8.020 7.968 7.915 7.843 7.770 7.698 7.626 7.554 7.481 7.409 7.337 7.265 7.192 7.120 7.048 6.976 6.903 6.831 6.759 6.686 6.614 6.542 6.470 6.397 6.325 6.253 6.181 6.108 6.036 5.964 5.891 5.765 5.599 5.434 5.268 5.103 4.937 4.772 4.606 4.441 4.275 4.110 3.944 3.779 3.613 3.448 3.282 3.117 2.952 2.806 2.664 2.521 2.379 2.237 2.094 1.952 1.809 1.667 1.524 1.382 1.240 1.097 0.955
8.668 8.651 8.633 8.616 8.567 8.515 8.462 8.410 8.358 8.306 8.253 8.201 8.149 8.097 8.044 7.992 7.922 7.850 7.778 7.705 7.633 7.561 7.489 7.416 7.344 7.272 7.199 7.127 7.055 6.983 6.910 6.838 6.766 6.693 6.621 6.549 6.477 6.404 6.332 6.260 6.188 6.115 6.043 5.971 5.899 5.811 5.646 5.480 5.315 5.149 4.984 4.818 4.653 4.487 4.322 4.157 3.991 3.825 3.660 3.495 3.329 3.163 3.005 2.863 2.720 2.578 2.435 2.293 2.151 2.008 1.866 1.723 1.581 1.439 1.296 1.154 1.011
8.685 8.667 8.650 8.632 8.591 8.539 8.487 8.434 8.382 8.330 8.278 8.225 8.173 8.121 8.069 8.002 7.929 7.857 7.785 7.712 7.640 7.568 7.496 7.423 7.351 7.279 7.207 7.134 7.062 6.990 6.918 6.845 6.773 6.701 6.628 6.556 6.484 6.412 6.339 6.267 6.195 6.122 6.050 5.978 5.906 5.833 5.692 5.527 5.361 5.196 5.030 4.865 4.700 4.534 4.368 4.203 4.037 3.872 3.707 3.541 3.376 3.210 3.062 2.919 2.777 2.634 2.492 2.350 2.207 2.065 1.922 1.780 1.637 1.495 1.353 1.210 1.068
8.701 8.684 8.666 8.649 8.615 8.563 8.511 8.458 8.406 8.354 8.302 8.249 8.197 8.145 8.081 8.009 7.936 7.864 7.792 7.720 7.647 7.575 7.503 7.430 7.358 7.286 7.214 7.141 7.069 6.997 6.925 6.852 6.780 6.708 6.636 6.563 6.491 6.419 6.346 6.274 6.202 6.129 6.057 5.985 5.913 5.840 5.739 5.573 5.408 5.242 5.077 4.912 4.746 4.581 4.415 4.250 4.084 3.919 3.753 3.588 3.422 3.261 3.118 2.976 2.833 2.691 2.548 2.406 2.264 2.121 1.979 1.836 1.694 1.551 1.409 1.267 1.124
8.718 8.700 8.683 8.665 8.639 8.587 8.535 8.482 8.430 8.378 8.326 8.273 8.221 8.160 8.088 8.016 7.944 7.871 7.799 7.727 7.655 7.582 7.510 7.438 7.365 7.293 7.221 7.149 7.076 7.004 6.932 6.859 6.787 6.715 6.643 6.570 6.498 6.426 6.354 6.281 6.209 6.137 6.064 5.992 5.920 5.848 5.775 5.620 5.455 5.289 5.124 4.958 4.793 4.627 4.462 4.296 4.131 3.965 3.800 3.634 3.469 3.317 3.175 3.032 2.890 2.747 2.605 2.462 2.320 2.178 2.035 1.893 1.750 1.608 1.465 1.323 1.181
8.734 8.717 8.699 8.682 8.663 8.611 8.559 8.506 8.454 8.402 8.350 8.297 8.240 8.168 8.095 8.023 7.951 7.878 7.806 7.734 7.662 7.589 7.517 7.445 7.372 7.300 7.228 7.156 7.083 7.011 6.939 6.867 6.794 6.722 6.650 6.577 6.505 6.433 6.361 6.288 6.216 6.144 6.072 5.999 5.927 5.855 5.782 5.667 5.501 5.336 5.170 5.005 4.839 4.674 4.508 4.343 4.177 4.012 3.846 3.681 3.516 3.373 3.231 3.089 2.946 2.804 2.661 2.519 2.377 2.234 2.092 1.949 1.807 1.664 1.522 1.380 1.237
8.751 8.733 8.716 8.698 8.680 8.635 8.583 8.530 8.478 8.426 8.374 8.319 8.247 8.175 8.102 8.030 7.958 7.886 7.813 7.741 7.669 7.596 7.524 7.452 7.380 7.307 7.235 7.163 7.091 7.018 6.946 6.874 6.801 6.729 6.657 6.585 6.512 6.440 6.368 6.295 6.223 6.151 6.079 6.006 5.934 5.862 5.790 5.713 5.548 5.382 5.217 5.051 4.886 4.720 4.555 4.389 4.224 4.058 3.893 3.727 3.572 3.430 3.288 3.145 3.003 2.860 2.718 2.575 2.433 2.291 2.148 2.006 1.863 1.721 1.579 1.436 1.294
8.767 8.750 8.732 8.714 8.697 8.659 8.607 8.554 8.502 8.450 8.398 8.326 8.254 8.182 8.109 8.037 7.965 7.893 7.820 7.748 7.676 7.604 7.531 7.459 7.387 7.314 7.242 7.170 7.098 7.025 6.953 6.881 6.808 6.736 6.664 6.592 6.519 6.447 6.375 6.303 6.230 6.158 6.086 6.013 5.941 5.869 5.797 5.724 5.594 5.429 5.263 5.098 4.932 4.767 4.601 4.436 4.270 4.105 3.939 3.774 3.629 3.487 3.344 3.202 3.059 2.917 2.774 2.632 2.489 2.347 2.205 2.062 1.920 1.777 1.635 1.492 1.350
8.784 8.766 8.749 8.731 8.713 8.683 8.631 8.578 8.526 8.474 8.406 8.333 8.261 8.189 8.117 8.044 7.972 7.900 7.828 7.755 7.683 7.611 7.538 7.466 7.394 7.322 7.249 7.177 7.105 7.032 6.960 6.888 6.816 6.743 6.671 6.599 6.527 6.454 6.382 6.310 6.237 6.165 6.093 6.021 5.948 5.876 5.804 5.731 5.641 5.475 5.310 5.144 4.979 4.813 4.648 4.482 4.317 4.152 3.986 3.828 3.685 3.543 3.401 3.258 3.116 2.973 2.831 2.688 2.546 2.404 2.261 2.119 1.976 1.834 1.691 1.549 1.407
