includes/lisflood/results_R15_t1.554713770035E12/res-0004.wdfp
ncols         631
nrows         906
xllcorner     364927.146600
yllcorner     6531972.565600
cellsize      20.000000
NODATA_value  -9999.000000
[rows 748 to 781 of 906, columns 77 to 153 of 631]
12.331 12.304 12.278 12.251 12.224 12.198 12.171 12.144 12.118 12.091 12.064 12.038 12.011 11.984 11.958 11.931 11.904 11.878 11.851 11.824 11.797 11.771 11.744 11.719 11.696 11.672 11.649 11.626 11.602 11.579 11.555 11.532 11.508 11.485 11.462 11.438 11.415 11.391 11.368 11.344 11.321 11.298 11.274 11.251 11.227 11.203 11.178 11.152 11.127 11.102 11.077 11.052 11.026 11.001 10.976 10.951 10.925 10.900 10.875 10.850 10.824 10.799 10.774 10.749 10.724 10.701 10.682 10.663 10.643 10.624 10.604 10.585 10.565 10.546 10.527 10.507 10.488
12.333 12.306 12.279 12.253 12.226 12.199 12.173 12.146 12.119 12.093 12.066 12.039 12.013 11.986 11.959 11.933 11.906 11.879 11.853 11.826 11.799 11.773 11.746 11.723 11.699 11.676 11.652 11.629 11.606 11.582 11.559 11.535 11.512 11.489 11.465 11.442 11.418 11.395 11.371 11.348 11.325 11.301 11.278 11.254 11.231 11.207 11.182 11.157 11.132 11.107 11.082 11.056 11.031 11.006 10.981 10.955 10.930 10.905 10.880 10.854 10.829 10.804 10.779 10.754 10.728 10.708 10.689 10.669 10.650 10.631 10.611 10.592 10.572 10.553 10.533 10.514 10.495
12.334 12.308 12.281 12.254 12.228 12.201 12.174 12.148 12.121 12.094 12.068 12.041 12.014 11.988 11.961 11.934 11.908 11.881 11.854 11.828 11.801 11.774 11.750 11.726 11.703 11.679 11.656 11.633 11.609 11.586 11.562 11.539 11.515 11.492 11.469 11.445 11.422 11.398 11.375 11.352 11.328 11.305 11.281 11.258 11.234 11.211 11.187 11.162 11.137 11.111 11.086 11.061 11.036 11.011 10.985 10.960 10.935 10.910 10.884 10.859 10.834 10.809 10.784 10.758 10.734 10.715 10.696 10.676 10.657 10.637 10.618 10.599 10.579 10.560 10.540 10.521 10.502
12.337 12.309 12.283 12.256 12.229 12.203 12.176 12.149 12.123 12.096 12.069 12.043 12.016 11.989 11.963 11.936 11.909 11.883 11.856 11.829 11.803 11.777 11.753 11.730 11.706 11.683 11.660 11.636 11.613 11.589 11.566 11.542 11.519 11.496 11.472 11.449 11.425 11.402 11.379 11.355 11.332 11.308 11.285 11.261 11.238 11.215 11.191 11.167 11.141 11.116 11.091 11.066 11.041 11.015 10.990 10.965 10.940 10.914 10.889 10.864 10.839 10.814 10.788 10.763 10.741 10.722 10.702 10.683 10.664 10.644 10.625 10.605 10.586 10.567 10.547 10.528 10.508
12.340 12.311 12.284 12.258 12.231 12.204 12.178 12.151 12.124 12.098 12.071 12.044 12.018 11.991 11.964 11.938 11.911 11.884 11.858 11.831 11.804 11.780 11.757 11.733 11.710 11.687 11.663 11.640 11.616 11.593 11.569 11.546 11.523 11.499 11.476 11.452 11.429 11.405 11.382 11.359 11.335 11.312 11.288 11.265 11.242 11.218 11.195 11.171 11.146 11.121 11.096 11.071 11.045 11.020 10.995 10.970 10.944 10.919 10.894 10.869 10.843 10.818 10.793 10.768 10.748 10.729 10.709 10.690 10.670 10.651 10.632 10.612 10.593 10.573 10.554 10.535 10.515
12.343 12.314 12.286 12.259 12.233 12.206 12.179 12.153 12.126 12.099 12.073 12.046 12.019 11.993 11.966 11.939 11.913 11.886 11.859 11.833 11.807 11.784 11.760 11.737 11.713 11.690 11.667 11.643 11.620 11.596 11.573 11.550 11.526 11.503 11.479 11.456 11.432 11.409 11.386 11.362 11.339 11.315 11.292 11.268 11.245 11.222 11.198 11.175 11.151 11.126 11.100 11.075 11.050 11.025 11.000 10.974 10.949 10.924 10.899 10.873 10.848 10.823 10.798 10.774 10.755 10.736 10.716 10.697 10.677 10.658 10.638 10.619 10.600 10.580 10.561 10.541 10.522
12.346 12.318 12.289 12.261 12.235 12.208 12.181 12.155 12.128 12.101 12.074 12.048 12.021 11.994 11.968 11.941 11.914 11.888 11.861 11.834 11.811 11.787 11.764 11.740 11.717 11.694 11.670 11.647 11.623 11.600 11.576 11.553 11.530 11.506 11.483 11.459 11.436 11.413 11.389 11.366 11.342 11.319 11.295 11.272 11.249 11.225 11.202 11.178 11.155 11.130 11.105 11.080 11.055 11.030 11.004 10.979 10.954 10.929 10.903 10.878 10.853 10.828 10.803 10.781 10.762 10.742 10.723 10.704 10.684 10.665 10.645 10.626 10.607 10.587 10.568 10.548 10.529
12.350 12.321 12.292 12.263 12.236 12.210 12.183 12.156 12.130 12.103 12.076 12.050 12.023 11.996 11.970 11.943 11.916 11.889 11.863 11.838 11.814 11.791 11.767 11.744 11.721 11.697 11.674 11.650 11.627 11.603 11.580 11.557 11.533 11.510 11.486 11.463 11.440 11.416 11.393 11.369 11.346 11.322 11.299 11.276 11.252 11.229 11.205 11.182 11.158 11.135 11.110 11.085 11.060 11.034 11.009 10.984 10.959 10.933 10.908 10.883 10.858 10.832 10.807 10.788 10.769 10.749 10.730 10.710 10.691 10.672 10.652 10.633 10.613 10.594 10.575 10.555 10.536
12.353 12.324 12.295 12.266 12.238 12.211 12.185 12.158 12.131 12.105 12.078 12.051 12.025 11.998 11.971 11.945 11.918 11.891 11.865 11.841 11.818 11.794 11.771 11.748 11.724 11.701 11.677 11.654 11.630 11.607 11.584 11.560 11.537 11.513 11.490 11.466 11.443 11.420 11.396 11.373 11.349 11.326 11.303 11.279 11.256 11.232 11.209 11.185 11.162 11.139 11.115 11.090 11.064 11.039 11.014 10.989 10.963 10.938 10.913 10.888 10.862 10.837 10.814 10.795 10.775 10.756 10.737 10.717 10.698 10.678 10.659 10.640 10.620 10.601 10.581 10.562 10.543
12.356 12.327 12.298 12.269 12.240 12.213 12.186 12.160 12.133 12.106 12.080 12.053 12.026 12.000 11.973 11.946 11.920 11.893 11.868 11.845 11.821 11.798 11.774 11.751 11.728 11.704 11.681 11.657 11.634 11.611 11.587 11.564 11.540 11.517 11.493 11.470 11.447 11.423 11.400 11.376 11.353 11.329 11.306 11.283 11.259 11.236 11.212 11.189 11.166 11.142 11.119 11.094 11.069 11.044 11.019 10.993 10.968 10.943 10.918 10.892 10.867 10.842 10.821 10.802 10.782 10.763 10.743 10.724 10.705 10.685 10.666 10.646 10.627 10.608 10.588 10.569 10.549
12.359 12.330 12.301 12.272 12.243 12.215 12.188 12.161 12.135 12.108 12.081 12.055 12.028 12.001 11.975 11.948 11.921 11.895 11.872 11.848 11.825 11.801 11.778 11.755 11.731 11.708 11.684 11.661 11.637 11.614 11.591 11.567 11.544 11.520 11.497 11.474 11.450 11.427 11.403 11.380 11.356 11.333 11.310 11.286 11.263 11.239 11.216 11.192 11.169 11.146 11.122 11.099 11.074 11.049 11.023 10.998 10.973 10.948 10.922 10.897 10.872 10.847 10.828 10.809 10.789 10.770 10.750 10.731 10.712 10.692 10.673 10.653 10.634 10.614 10.595 10.576 10.556
12.362 12.333 12.304 12.275 12.246 12.217 12.190 12.163 12.136 12.110 12.083 12.056 12.030 12.003 11.976 11.950 11.923 11.899 11.875 11.852 11.828 11.805 11.782 11.758 11.735 11.711 11.688 11.664 11.641 11.618 11.594 11.571 11.547 11.524 11.501 11.477 11.454 11.430 11.407 11.383 11.360 11.337 11.313 11.290 11.266 11.243 11.219 11.196 11.173 11.149 11.126 11.102 11.079 11.053 11.028 11.003 10.978 10.952 10.927 10.902 10.877 10.854 10.835 10.815 10.796 10.777 10.757 10.738 10.718 10.699 10.680 10.660 10.641 10.621 10.602 10.582 10.563
12.365 12.336 12.307 12.278 12.249 12.220 12.191 12.165 12.138 12.111 12.085 12.058 12.031 12.005 11.978 11.951 11.926 11.902 11.879 11.855 11.832 11.809 11.785 11.762 11.738 11.715 11.691 11.668 11.645 11.621 11.598 11.574 11.551 11.527 11.504 11.481 11.457 11.434 11.410 11.387 11.364 11.340 11.317 11.293 11.270 11.246 11.223 11.200 11.176 11.153 11.129 11.106 11.082 11.058 11.033 11.008 10.982 10.957 10.932 10.907 10.881 10.861 10.842 10.822 10.803 10.783 10.764 10.745 10.725 10.706 10.686 10.667 10.648 10.628 10.607 10.581 10.556
12.369 12.340 12.311 12.282 12.253 12.224 12.195 12.166 12.140 12.113 12.086 12.060 12.033 12.006 11.980 11.953 11.929 11.906 11.882 11.859 11.835 11.812 11.789 11.765 11.742 11.718 11.695 11.672 11.648 11.625 11.601 11.578 11.554 11.531 11.508 11.484 11.461 11.437 11.414 11.390 11.367 11.344 11.320 11.297 11.273 11.250 11.227 11.203 11.180 11.156 11.133 11.109 11.086 11.063 11.038 11.012 10.987 10.962 10.937 10.911 10.887 10.868 10.848 10.829 10.810 10.790 10.771 10.751 10.732 10.713 10.693 10.674 10.652 10.626 10.600 10.574 10.548
12.372 12.343 12.314 12.285 12.256 12.227 12.198 12.169 12.142 12.115 12.088 12.061 12.035 12.008 11.981 11.956 11.933 11.909 11.886 11.862 11.839 11.816 11.792 11.769 11.745 11.722 11.698 11.675 11.652 11.628 11.605 11.581 11.558 11.535 11.511 11.488 11.464 11.441 11.417 11.394 11.371 11.347 11.324 11.300 11.277 11.253 11.230 11.207 11.183 11.160 11.136 11.113 11.090 11.066 11.042 11.017 10.992 10.967 10.941 10.916 10.894 10.875 10.855 10.836 10.817 10.797 10.778 10.758 10.739 10.719 10.696 10.671 10.645 10.619 10.593 10.567 10.541
12.375 12.346 12.317 12.288 12.259 12.230 12.201 12.172 12.143 12.117 12.090 12.063 12.037 12.010 11.983 11.960 11.936 11.913 11.889 11.866 11.843 11.819 11.796 11.772 11.749 11.725 11.702 11.679 11.655 11.632 11.608 11.585 11.562 11.538 11.515 11.491 11.468 11.444 11.421 11.398 11.374 11.351 11.327 11.304 11.280 11.257 11.234 11.210 11.187 11.163 11.140 11.117 11.093 11.070 11.046 11.022 10.997 10.971 10.946 10.921 10.901 10.882 10.862 10.843 10.823 10.804 10.785 10.765 10.741 10.715 10.689 10.663 10.637 10.611 10.586 10.560 10.534
12.378 12.349 12.320 12.291 12.262 12.233 12.204 12.175 12.146 12.118 12.092 12.065 12.038 12.012 11.987 11.963 11.940 11.916 11.893 11.870 11.846 11.823 11.799 11.776 11.752 11.729 11.706 11.682 11.659 11.635 11.612 11.588 11.565 11.542 11.518 11.495 11.471 11.448 11.425 11.401 11.378 11.354 11.331 11.307 11.284 11.261 11.237 11.214 11.190 11.167 11.143 11.120 11.097 11.073 11.050 11.026 11.001 10.976 10.951 10.927 10.908 10.888 10.869 10.850 10.830 10.811 10.785 10.760 10.734 10.708 10.682 10.656 10.630 10.604 10.578 10.552 10.526
12.381 12.352 12.323 12.294 12.265 12.236 12.207 12.178 12.149 12.120 12.093 12.067 12.040 12.014 11.990 11.967 11.943 11.920 11.896 11.873 11.850 11.826 11.803 11.779 11.756 11.733 11.709 11.686 11.662 11.639 11.615 11.592 11.569 11.545 11.522 11.498 11.475 11.451 11.428 11.405 11.381 11.358 11.334 11.311 11.288 11.264 11.241 11.217 11.194 11.170 11.147 11.124 11.100 11.077 11.053 11.030 11.006 10.981 10.956 10.934 10.915 10.895 10.876 10.856 10.830 10.804 10.778 10.752 10.726 10.700 10.675 10.649 10.623 10.597 10.571 10.545 10.519
12.384 12.355 12.326 12.297 12.268 12.239 12.210 12.181 12.152 12.123 12.095 12.068 12.042 12.017 11.994 11.970 11.947 11.923 11.900 11.877 11.853 11.830 11.806 11.783 11.759 11.736 11.713 11.689 11.666 11.642 11.619 11.596 11.572 11.549 11.525 11.502 11.478 11.455 11.432 11.408 11.385 11.361 11.338 11.314 11.291 11.268 11.244 11.221 11.197 11.174 11.151 11.127 11.104 11.080 11.057 11.033 11.010 10.986 10.960 10.941 10.922 10.900 10.875 10.849 10.823 10.797 10.771 10.745 10.719 10.693 10.667 10.641 10.616 10.590 10.564 10.538 10.512
12.387 12.358 12.329 12.300 12.271 12.243 12.214 12.185 12.156 12.127 12.098 12.070 12.044 12.021 11.997 11.974 11.950 11.927 11.904 11.880 11.857 11.833 11.810 11.786 11.763 11.740 11.716 11.693 11.669 11.646 11.622 11.599 11.576 11.552 11.529 11.505 11.482 11.459 11.435 11.412 11.388 11.365 11.341 11.318 11.295 11.271 11.248 11.224 11.201 11.178 11.154 11.131 11.107 11.084 11.060 11.037 11.014 10.990 10.967 10.945 10.919 10.893 10.867 10.841 10.815 10.790 10.764 10.738 10.712 10.686 10.660 10.634 10.608 10.582 10.556 10.531 10.505
12.391 12.362 12.333 12.304 12.275 12.246 12.217 12.188 12.159 12.130 12.101 12.072 12.048 12.024 12.001 11.977 11.954 11.931 11.907 11.884 11.860 11.837 11.813 11.790 11.767 11.743 11.720 11.696 11.673 11.650 11.626 11.603 11.579 11.556 11.533 11.509 11.486 11.462 11.439 11.416 11.392 11.369 11.345 11.322 11.299 11.275 11.252 11.228 11.205 11.182 11.158 11.135 11.112 11.088 11.065 11.041 11.018 10.995 10.969 10.938 10.912 10.886 10.860 10.834 10.808 10.782 10.756 10.730 10.705 10.679 10.653 10.627 10.601 10.575 10.549 10.523 10.497
12.394 12.365 12.336 12.307 12.278 12.249 12.220 12.191 12.162 12.133 12.104 12.076 12.053 12.029 12.006 11.982 11.959 11.936 11.912 11.889 11.865 11.842 11.819 11.795 11.772 11.749 11.725 11.702 11.678 11.655 11.632 11.608 11.585 11.561 11.538 11.515 11.491 11.468 11.444 11.421 11.398 11.374 11.351 11.327 11.304 11.281 11.257 11.234 11.210 11.187 11.164 11.140 11.117 11.093 11.070 11.047 11.023 11.001 10.981 10.948 10.914 10.881 10.853 10.827 10.801 10.775 10.749 10.723 10.697 10.671 10.645 10.620 10.594 10.568 10.542 10.516 10.490
12.397 12.368 12.339 12.310 12.281 12.252 12.223 12.194 12.165 12.136 12.107 12.082 12.058 12.035 12.011 11.988 11.964 11.941 11.918 11.894 11.871 11.847 11.824 11.801 11.777 11.754 11.730 11.707 11.684 11.660 11.637 11.614 11.590 11.567 11.543 11.520 11.497 11.473 11.450 11.426 11.403 11.380 11.356 11.333 11.309 11.286 11.263 11.239 11.216 11.192 11.169 11.146 11.122 11.099 11.075 11.052 11.029 11.009 10.989 10.959 10.926 10.893 10.860 10.826 10.794 10.768 10.742 10.716 10.690 10.664 10.638 10.612 10.586 10.561 10.535 10.509 10.483
12.400 12.371 12.342 12.313 12.284 12.255 12.226 12.197 12.168 12.139 12.111 12.087 12.064 12.040 12.017 11.993 11.970 11.946 11.923 11.900 11.876 11.853 11.829 11.806 11.783 11.759 11.736 11.712 11.689 11.666 11.642 11.619 11.595 11.572 11.549 11.525 11.502 11.479 11.455 11.432 11.408 11.385 11.362 11.338 11.315 11.291 11.268 11.245 11.221 11.198 11.174 11.151 11.128 11.104 11.081 11.057 11.036 11.016 10.996 10.971 10.938 10.904 10.871 10.838 10.805 10.772 10.738 10.709 10.683 10.657 10.631 10.605 10.579 10.553 10.527 10.501 10.476
12.403 12.374 12.345 12.316 12.287 12.258 12.229 12.200 12.171 12.142 12.116 12.093 12.069 12.045 12.022 11.999 11.975 11.952 11.928 11.905 11.882 11.858 11.835 11.811 11.788 11.765 11.741 11.718 11.694 11.671 11.648 11.624 11.601 11.577 11.554 11.531 11.507 11.484 11.460 11.437 11.414 11.390 11.367 11.343 11.320 11.297 11.273 11.250 11.227 11.203 11.180 11.156 11.133 11.110 11.086 11.064 11.044 11.024 11.003 10.983 10.949 10.916 10.883 10.850 10.816 10.783 10.750 10.717 10.683 10.650 10.624 10.598 10.572 10.546 10.520 10.494 10.468
12.406 12.377 12.348 12.319 12.290 12.261 12.232 12.203 12.174 12.145 12.122 12.098 12.074 12.051 12.027 12.004 11.980 11.957 11.934 11.910 11.887 11.864 11.840 11.817 11.793 11.770 11.747 11.723 11.700 11.676 11.653 11.630 11.606 11.583 11.559 11.536 11.513 11.489 11.466 11.442 11.419 11.396 11.372 11.349 11.325 11.302 11.279 11.255 11.232 11.208 11.185 11.162 11.138 11.115 11.092 11.071 11.051 11.031 11.011 10.990 10.961 10.928 10.895 10.861 10.828 10.795 10.762 10.728 10.695 10.662 10.629 10.595 10.565 10.539 10.513 10.487 10.461
12.409 12.380 12.351 12.322 12.293 12.264 12.235 12.206 12.177 12.151 12.127 12.103 12.080 12.056 12.033 12.009 11.986 11.962 11.939 11.916 11.892 11.869 11.845 11.822 11.799 11.775 11.752 11.729 11.705 11.682 11.658 11.635 11.612 11.588 11.565 11.541 11.518 11.495 11.471 11.448 11.424 11.401 11.378 11.354 11.331 11.307 11.284 11.261 11.237 11.214 11.190 11.167 11.144 11.120 11.099 11.079 11.059 11.038 11.018 10.998 10.973 10.940 10.906 10.873 10.840 10.807 10.773 10.740 10.707 10.674 10.640 10.607 10.574 10.541 10.507 10.480 10.454
12.412 12.383 12.354 12.325 12.296 12.267 12.238 12.209 12.180 12.156 12.133 12.109 12.085 12.062 12.038 12.015 11.991 11.968 11.944 11.921 11.898 11.874 11.851 11.827 11.804 11.781 11.757 11.734 11.710 11.687 11.664 11.640 11.617 11.594 11.570 11.547 11.523 11.500 11.477 11.453 11.430 11.406 11.383 11.360 11.336 11.313 11.289 11.266 11.243 11.219 11.196 11.172 11.149 11.127 11.106 11.086 11.066 11.046 11.025 11.005 10.985 10.951 10.918 10.885 10.852 10.818 10.785 10.752 10.719 10.685 10.652 10.619 10.586 10.552 10.519 10.486 10.453
12.415 12.386 12.357 12.328 12.299 12.270 12.241 12.212 12.185 12.162 12.138 12.114 12.091 12.067 12.044 12.020 11.997 11.973 11.950 11.926 11.903 11.880 11.856 11.833 11.809 11.786 11.763 11.739 11.716 11.692 11.669 11.646 11.622 11.599 11.575 11.552 11.529 11.505 11.482 11.458 11.435 11.412 11.388 11.365 11.342 11.318 11.295 11.271 11.248 11.225 11.201 11.178 11.154 11.134 11.114 11.093 11.073 11.053 11.033 11.012 10.992 10.963 10.930 10.897 10.863 10.830 10.797 10.764 10.730 10.697 10.664 10.631 10.597 10.564 10.531 10.498 10.464
12.418 12.389 12.360 12.331 12.302 12.273 12.244 12.215 12.191 12.167 12.143 12.120 12.096 12.073 12.049 12.026 12.002 11.979 11.955 11.932 11.908 11.885 11.862 11.838 11.815 11.791 11.768 11.745 11.721 11.698 11.674 11.651 11.628 11.604 11.581 11.557 11.534 11.511 11.487 11.464 11.440 11.417 11.394 11.370 11.347 11.323 11.300 11.277 11.253 11.230 11.207 11.183 11.162 11.141 11.121 11.101 11.081 11.060 11.040 11.020 10.999 10.975 10.942 10.908 10.875 10.842 10.809 10.775 10.742 10.709 10.676 10.642 10.609 10.576 10.543 10.509 10.476
12.421 12.392 12.363 12.334 12.305 12.276 12.247 12.220 12.196 12.172 12.149 12.125 12.102 12.078 12.055 12.031 12.007 11.984 11.960 11.937 11.914 11.890 11.867 11.844 11.820 11.797 11.773 11.750 11.727 11.703 11.680 11.656 11.633 11.610 11.586 11.563 11.539 11.516 11.493 11.469 11.446 11.422 11.399 11.376 11.352 11.329 11.305 11.282 11.259 11.235 11.212 11.189 11.169 11.149 11.128 11.108 11.088 11.068 11.047 11.027 11.007 10.986 10.953 10.920 10.887 10.854 10.820 10.787 10.754 10.721 10.687 10.654 10.621 10.588 10.554 10.521 10.488
12.424 12.395 12.366 12.337 12.308 12.279 12.250 12.225 12.202 12.178 12.154 12.131 12.107 12.084 12.060 12.037 12.013 11.989 11.966 11.942 11.919 11.896 11.872 11.849 11.825 11.802 11.779 11.755 11.732 11.708 11.685 11.662 11.638 11.615 11.592 11.568 11.545 11.521 11.498 11.475 11.451 11.428 11.404 11.381 11.358 11.334 11.311 11.287 11.264 11.241 11.217 11.197 11.176 11.156 11.136 11.116 11.095 11.075 11.055 11.034 11.014 10.994 10.965 10.932 10.898 10.865 10.832 10.799 10.765 10.732 10.699 10.666 10.633 10.599 10.566 10.533 10.500
12.427 12.398 12.369 12.340 12.311 12.282 12.254 12.231 12.207 12.183 12.160 12.136 12.113 12.089 12.066 12.042 12.018 11.995 11.971 11.948 11.924 11.901 11.878 11.854 11.831 11.807 11.784 11.761 11.737 11.714 11.690 11.667 11.644 11.620 11.597 11.573 11.550 11.527 11.503 11.480 11.457 11.433 11.410 11.386 11.363 11.340 11.316 11.293 11.269 11.246 11.224 11.204 11.184 11.163 11.143 11.123 11.103 11.082 11.062 11.042 11.022 11.001 10.977 10.943 10.910 10.877 10.844 10.810 10.777 10.744 10.711 10.677 10.644 10.611 10.578 10.545 10.511
12.430 12.401 12.372 12.343 12.314 12.285 12.260 12.236 12.212 12.189 12.165 12.142 12.118 12.095 12.071 12.047 12.024 12.000 11.977 11.953 11.930 11.906 11.883 11.860 11.836 11.813 11.789 11.766 11.743 11.719 11.696 11.672 11.649 11.626 11.602 11.579 11.555 11.532 11.509 11.485 11.462 11.438 11.415 11.392 11.368 11.345 11.322 11.298 11.275 11.252 11.232 11.211 11.191 11.171 11.151 11.130 11.110 11.090 11.069 11.049 11.029 11.009 10.988 10.955 10.922 10.889 10.855 10.822 10.789 10.756 10.722 10.689 10.656 10.623 10.589 10.556 10.523
