includes/rochefort/floodfiles/results/res-0006.wdfp
ncols         730
nrows         472
xllcorner     380617.130607
yllcorner     6542069.774949
cellsize      20.000000
NODATA_value  -9999.000000
[rows 34 to 67 of 472, columns 0 to 76 of 730]
6.651 6.638 6.631 6.640 6.657 6.687 6.710 6.729 6.741 6.747 6.751 6.748 6.743 6.739 6.743 6.760 6.788 6.825 6.871 6.916 6.940 6.933 6.899 6.862 6.832 6.816 6.808 6.810 6.809 6.797 6.767 6.737 6.714 6.697 6.685 6.677 6.651 6.644 6.627 6.614 6.576 6.557 6.550 6.537 6.497 6.489 6.456 6.422 6.391 6.355 6.282 6.245 6.221 6.199 6.131 6.092 6.041 5.951 5.905 5.831 5.811 5.786 5.697 5.627 5.529 5.472 5.406 5.352 5.287 5.172 5.055 5.005 4.974 4.953 4.927 4.848 4.822
6.639 6.626 6.618 6.623 6.644 6.667 6.692 6.708 6.720 6.726 6.732 6.728 6.721 6.713 6.716 6.735 6.769 6.817 6.874 6.928 6.960 6.951 6.911 6.869 6.836 6.810 6.802 6.799 6.795 6.786 6.769 6.749 6.723 6.710 6.699 6.691 6.666 6.663 6.652 6.644 6.630 6.622 6.605 6.570 6.535 6.532 6.528 6.487 6.454 6.433 6.391 6.311 6.270 6.258 6.240 6.174 6.112 6.032 5.951 5.905 5.893 5.868 5.820 5.755 5.662 5.594 5.549 5.443 5.387 5.319 5.202 5.083 5.042 5.008 4.972 4.928 4.839
6.629 6.623 6.619 6.621 6.635 6.658 6.670 6.682 6.692 6.700 6.710 6.705 6.706 6.696 6.696 6.716 6.753 6.803 6.858 6.909 6.939 6.932 6.898 6.864 6.835 6.805 6.795 6.790 6.786 6.769 6.761 6.752 6.742 6.736 6.727 6.707 6.708 6.688 6.684 6.688 6.674 6.654 6.633 6.617 6.582 6.577 6.585 6.571 6.534 6.481 6.415 6.354 6.331 6.326 6.321 6.277 6.181 6.080 5.998 5.953 5.932 5.927 5.891 5.809 5.745 5.665 5.631 5.598 5.498 5.431 5.304 5.242 5.174 5.128 5.078 4.967 4.871
6.624 6.621 6.621 6.623 6.627 6.648 6.657 6.665 6.673 6.683 6.690 6.696 6.699 6.694 6.694 6.709 6.740 6.780 6.825 6.864 6.890 6.887 6.866 6.843 6.821 6.803 6.794 6.790 6.787 6.767 6.764 6.759 6.753 6.743 6.735 6.730 6.730 6.730 6.735 6.727 6.712 6.685 6.656 6.629 6.608 6.620 6.636 6.632 6.584 6.519 6.443 6.376 6.352 6.355 6.363 6.338 6.247 6.140 6.031 5.963 5.934 5.931 5.920 5.834 5.779 5.718 5.704 5.688 5.645 5.557 5.452 5.383 5.266 5.218 5.165 5.099 4.929
6.614 6.617 6.619 6.620 6.621 6.633 6.642 6.645 6.653 6.662 6.675 6.686 6.693 6.698 6.699 6.713 6.735 6.764 6.796 6.820 6.835 6.835 6.827 6.816 6.799 6.789 6.784 6.782 6.782 6.775 6.777 6.777 6.772 6.756 6.746 6.740 6.738 6.746 6.761 6.767 6.751 6.711 6.675 6.642 6.620 6.633 6.653 6.652 6.613 6.550 6.471 6.391 6.363 6.362 6.370 6.350 6.284 6.167 6.060 5.989 5.951 5.939 5.927 5.873 5.808 5.780 5.775 5.771 5.754 5.687 5.582 5.520 5.473 5.378 5.332 5.224 5.142
6.606 6.610 6.612 6.613 6.612 6.617 6.623 6.622 6.628 6.641 6.657 6.673 6.678 6.690 6.696 6.710 6.725 6.745 6.766 6.783 6.792 6.793 6.786 6.780 6.772 6.774 6.773 6.764 6.770 6.782 6.788 6.794 6.789 6.771 6.755 6.752 6.752 6.754 6.775 6.782 6.766 6.729 6.691 6.654 6.623 6.637 6.646 6.637 6.604 6.549 6.477 6.426 6.371 6.359 6.355 6.332 6.282 6.212 6.092 6.029 5.988 5.964 5.943 5.883 5.850 5.814 5.792 5.792 5.779 5.728 5.633 5.578 5.543 5.477 5.449 5.355 5.267
6.598 6.602 6.604 6.604 6.602 6.603 6.596 6.596 6.600 6.611 6.631 6.649 6.662 6.672 6.686 6.694 6.713 6.727 6.738 6.749 6.759 6.760 6.756 6.749 6.751 6.745 6.749 6.756 6.768 6.784 6.803 6.811 6.805 6.787 6.767 6.754 6.751 6.753 6.768 6.774 6.757 6.725 6.691 6.665 6.633 6.629 6.628 6.608 6.583 6.542 6.497 6.441 6.407 6.382 6.346 6.319 6.281 6.231 6.158 6.075 6.035 6.003 5.974 5.913 5.871 5.829 5.797 5.793 5.785 5.745 5.663 5.619 5.595 5.590 5.558 5.492 5.386
6.575 6.578 6.581 6.583 6.593 6.588 6.578 6.574 6.578 6.594 6.615 6.635 6.647 6.657 6.664 6.679 6.687 6.704 6.715 6.725 6.731 6.736 6.734 6.731 6.733 6.736 6.738 6.747 6.762 6.783 6.805 6.818 6.811 6.788 6.763 6.751 6.746 6.741 6.749 6.751 6.733 6.708 6.684 6.655 6.642 6.633 6.615 6.598 6.582 6.537 6.508 6.461 6.431 6.404 6.382 6.324 6.293 6.258 6.199 6.162 6.098 6.063 6.027 5.986 5.908 5.864 5.819 5.806 5.797 5.759 5.720 5.648 5.627 5.629 5.625 5.576 5.472
6.564 6.567 6.571 6.574 6.576 6.573 6.574 6.569 6.571 6.583 6.599 6.614 6.634 6.642 6.648 6.653 6.662 6.671 6.682 6.694 6.706 6.715 6.718 6.721 6.719 6.725 6.727 6.736 6.751 6.772 6.793 6.805 6.798 6.777 6.754 6.738 6.725 6.725 6.727 6.725 6.711 6.689 6.664 6.649 6.639 6.630 6.620 6.590 6.580 6.567 6.527 6.507 6.467 6.439 6.410 6.346 6.318 6.292 6.265 6.229 6.202 6.125 6.085 6.039 5.999 5.936 5.882 5.858 5.843 5.786 5.748 5.675 5.646 5.638 5.639 5.618 5.540
6.539 6.543 6.548 6.557 6.566 6.569 6.571 6.572 6.575 6.583 6.595 6.607 6.617 6.630 6.626 6.629 6.643 6.652 6.665 6.678 6.688 6.701 6.712 6.718 6.717 6.715 6.714 6.724 6.736 6.746 6.764 6.776 6.769 6.753 6.736 6.719 6.711 6.708 6.706 6.703 6.681 6.670 6.659 6.641 6.633 6.624 6.619 6.591 6.587 6.583 6.578 6.547 6.511 6.481 6.440 6.408 6.382 6.338 6.324 6.291 6.273 6.242 6.158 6.136 6.090 6.009 5.976 5.924 5.903 5.876 5.802 5.752 5.695 5.663 5.644 5.625 5.557
6.527 6.531 6.537 6.541 6.548 6.555 6.569 6.574 6.577 6.585 6.593 6.603 6.611 6.615 6.618 6.619 6.625 6.636 6.649 6.663 6.676 6.692 6.707 6.716 6.715 6.708 6.704 6.704 6.709 6.720 6.731 6.737 6.735 6.725 6.712 6.698 6.691 6.691 6.688 6.676 6.661 6.653 6.645 6.639 6.630 6.627 6.625 6.604 6.601 6.607 6.614 6.613 6.580 6.553 6.499 6.449 6.419 6.400 6.377 6.354 6.344 6.331 6.255 6.205 6.162 6.128 6.113 6.008 5.996 5.964 5.919 5.819 5.785 5.740 5.679 5.649 5.620
6.516 6.515 6.524 6.531 6.538 6.545 6.550 6.556 6.564 6.583 6.590 6.593 6.604 6.611 6.614 6.615 6.617 6.625 6.636 6.647 6.662 6.678 6.692 6.698 6.701 6.694 6.685 6.684 6.685 6.691 6.698 6.697 6.696 6.683 6.677 6.677 6.673 6.663 6.661 6.657 6.646 6.640 6.631 6.627 6.624 6.623 6.624 6.617 6.614 6.633 6.658 6.663 6.639 6.595 6.544 6.475 6.441 6.422 6.418 6.422 6.412 6.386 6.345 6.305 6.268 6.247 6.234 6.150 6.127 6.064 6.039 5.983 5.879 5.836 5.791 5.707 5.682
6.508 6.510 6.513 6.511 6.515 6.533 6.538 6.540 6.554 6.559 6.576 6.586 6.596 6.607 6.613 6.615 6.615 6.613 6.616 6.623 6.645 6.658 6.663 6.667 6.666 6.670 6.654 6.646 6.644 6.654 6.659 6.664 6.666 6.658 6.656 6.659 6.651 6.649 6.647 6.644 6.633 6.625 6.621 6.620 6.619 6.620 6.623 6.620 6.630 6.658 6.690 6.705 6.681 6.628 6.567 6.514 6.456 6.434 6.430 6.438 6.439 6.423 6.376 6.343 6.317 6.310 6.326 6.289 6.241 6.198 6.143 6.088 6.040 5.949 5.900 5.811 5.769
6.507 6.504 6.503 6.503 6.506 6.509 6.512 6.515 6.528 6.533 6.551 6.562 6.576 6.592 6.603 6.610 6.608 6.600 6.605 6.604 6.609 6.617 6.625 6.632 6.630 6.622 6.615 6.612 6.610 6.621 6.628 6.636 6.632 6.640 6.640 6.639 6.642 6.640 6.638 6.635 6.622 6.619 6.618 6.617 6.617 6.617 6.613 6.619 6.631 6.662 6.698 6.715 6.694 6.637 6.575 6.519 6.484 6.458 6.444 6.438 6.438 6.426 6.406 6.368 6.355 6.373 6.391 6.404 6.354 6.305 6.243 6.188 6.149 6.092 6.076 5.988 5.937
6.502 6.500 6.497 6.496 6.497 6.498 6.500 6.502 6.514 6.520 6.537 6.549 6.562 6.573 6.584 6.588 6.586 6.584 6.576 6.584 6.586 6.589 6.588 6.598 6.595 6.587 6.579 6.571 6.564 6.569 6.578 6.593 6.607 6.621 6.629 6.639 6.639 6.637 6.632 6.625 6.621 6.615 6.616 6.617 6.616 6.614 6.616 6.623 6.623 6.648 6.676 6.688 6.669 6.615 6.565 6.520 6.491 6.466 6.451 6.443 6.432 6.424 6.413 6.406 6.393 6.410 6.439 6.463 6.458 6.424 6.351 6.310 6.291 6.269 6.219 6.201 6.095
6.490 6.486 6.489 6.488 6.489 6.490 6.491 6.491 6.494 6.506 6.506 6.515 6.542 6.553 6.558 6.563 6.554 6.547 6.553 6.548 6.560 6.555 6.558 6.559 6.563 6.555 6.538 6.528 6.528 6.537 6.551 6.571 6.592 6.610 6.629 6.643 6.642 6.634 6.625 6.618 6.614 6.610 6.612 6.614 6.613 6.610 6.611 6.610 6.620 6.634 6.648 6.644 6.625 6.596 6.549 6.516 6.489 6.475 6.460 6.453 6.432 6.427 6.422 6.421 6.435 6.431 6.462 6.486 6.482 6.452 6.395 6.369 6.357 6.382 6.411 6.379 6.283
6.472 6.466 6.465 6.479 6.481 6.480 6.485 6.485 6.486 6.490 6.495 6.498 6.506 6.513 6.519 6.517 6.526 6.521 6.514 6.521 6.518 6.526 6.529 6.519 6.524 6.514 6.513 6.499 6.496 6.505 6.523 6.547 6.572 6.591 6.622 6.637 6.638 6.627 6.612 6.609 6.595 6.596 6.600 6.602 6.600 6.590 6.591 6.599 6.603 6.610 6.615 6.615 6.585 6.565 6.544 6.509 6.490 6.480 6.468 6.460 6.439 6.435 6.433 6.445 6.450 6.457 6.464 6.477 6.475 6.457 6.441 6.414 6.428 6.487 6.554 6.580 6.479
6.435 6.447 6.450 6.455 6.471 6.477 6.484 6.484 6.482 6.480 6.485 6.486 6.490 6.494 6.493 6.489 6.501 6.496 6.489 6.470 6.477 6.485 6.490 6.496 6.500 6.499 6.494 6.488 6.485 6.492 6.509 6.524 6.545 6.570 6.593 6.609 6.617 6.608 6.586 6.584 6.579 6.580 6.583 6.585 6.578 6.578 6.576 6.576 6.586 6.588 6.574 6.571 6.568 6.540 6.526 6.523 6.495 6.486 6.477 6.481 6.471 6.482 6.459 6.460 6.472 6.476 6.481 6.463 6.463 6.459 6.459 6.463 6.481 6.564 6.659 6.703 6.648
6.389 6.405 6.411 6.422 6.438 6.462 6.479 6.482 6.477 6.476 6.471 6.469 6.469 6.465 6.466 6.471 6.469 6.466 6.460 6.454 6.454 6.455 6.469 6.478 6.475 6.472 6.478 6.485 6.486 6.491 6.497 6.498 6.525 6.543 6.561 6.572 6.574 6.561 6.560 6.547 6.559 6.559 6.562 6.564 6.561 6.560 6.560 6.563 6.553 6.553 6.552 6.547 6.535 6.524 6.525 6.526 6.517 6.516 6.511 6.492 6.500 6.501 6.503 6.481 6.489 6.492 6.495 6.483 6.485 6.489 6.499 6.520 6.539 6.610 6.691 6.728 6.683
6.365 6.382 6.391 6.403 6.418 6.439 6.454 6.463 6.463 6.454 6.462 6.460 6.456 6.456 6.456 6.458 6.456 6.454 6.449 6.445 6.445 6.445 6.448 6.448 6.451 6.458 6.466 6.473 6.480 6.479 6.476 6.480 6.503 6.515 6.527 6.535 6.523 6.525 6.517 6.518 6.515 6.517 6.518 6.538 6.531 6.543 6.538 6.548 6.540 6.539 6.537 6.531 6.519 6.513 6.511 6.509 6.514 6.514 6.514 6.517 6.508 6.510 6.507 6.516 6.521 6.536 6.532 6.538 6.510 6.516 6.524 6.552 6.546 6.595 6.650 6.674 6.637
6.345 6.359 6.368 6.382 6.396 6.408 6.424 6.432 6.426 6.420 6.415 6.449 6.452 6.454 6.453 6.450 6.443 6.440 6.433 6.442 6.443 6.443 6.442 6.436 6.436 6.440 6.447 6.453 6.455 6.454 6.451 6.452 6.456 6.462 6.470 6.485 6.486 6.490 6.484 6.487 6.485 6.484 6.492 6.501 6.514 6.521 6.528 6.530 6.531 6.530 6.538 6.528 6.515 6.507 6.495 6.493 6.503 6.514 6.530 6.523 6.512 6.530 6.533 6.544 6.569 6.560 6.563 6.574 6.583 6.591 6.569 6.574 6.585 6.570 6.619 6.620 6.591
6.317 6.321 6.335 6.351 6.364 6.379 6.392 6.393 6.395 6.398 6.402 6.417 6.452 6.458 6.457 6.441 6.438 6.432 6.424 6.431 6.436 6.433 6.423 6.408 6.416 6.417 6.422 6.427 6.417 6.427 6.425 6.426 6.427 6.432 6.424 6.430 6.433 6.441 6.455 6.445 6.451 6.457 6.469 6.483 6.497 6.505 6.517 6.524 6.524 6.534 6.532 6.525 6.518 6.504 6.491 6.490 6.501 6.514 6.526 6.537 6.520 6.528 6.539 6.563 6.577 6.579 6.596 6.615 6.629 6.634 6.625 6.602 6.630 6.588 6.593 6.583 6.556
6.316 6.317 6.319 6.332 6.322 6.352 6.362 6.360 6.366 6.375 6.386 6.410 6.440 6.461 6.458 6.440 6.420 6.407 6.399 6.403 6.407 6.400 6.388 6.372 6.364 6.360 6.372 6.376 6.385 6.387 6.391 6.398 6.399 6.391 6.397 6.404 6.410 6.419 6.420 6.416 6.423 6.435 6.449 6.467 6.482 6.502 6.520 6.531 6.530 6.527 6.522 6.528 6.519 6.509 6.500 6.499 6.508 6.519 6.531 6.525 6.513 6.502 6.516 6.552 6.596 6.621 6.649 6.678 6.682 6.681 6.669 6.667 6.652 6.611 6.592 6.575 6.550
6.320 6.319 6.310 6.304 6.302 6.304 6.306 6.312 6.336 6.345 6.364 6.391 6.422 6.442 6.439 6.416 6.391 6.375 6.375 6.373 6.370 6.361 6.350 6.334 6.326 6.323 6.311 6.319 6.328 6.336 6.368 6.369 6.367 6.370 6.376 6.384 6.392 6.400 6.407 6.411 6.413 6.416 6.425 6.441 6.471 6.490 6.518 6.531 6.531 6.526 6.520 6.516 6.523 6.518 6.514 6.514 6.520 6.536 6.526 6.525 6.505 6.490 6.506 6.551 6.606 6.655 6.685 6.726 6.750 6.758 6.743 6.703 6.699 6.682 6.656 6.590 6.566
6.322 6.318 6.297 6.279 6.282 6.277 6.279 6.284 6.292 6.314 6.333 6.358 6.383 6.390 6.387 6.382 6.355 6.347 6.338 6.339 6.331 6.318 6.305 6.288 6.280 6.265 6.272 6.285 6.301 6.317 6.335 6.341 6.351 6.351 6.361 6.367 6.355 6.370 6.399 6.409 6.412 6.412 6.417 6.422 6.450 6.474 6.498 6.514 6.522 6.519 6.505 6.499 6.514 6.514 6.527 6.529 6.519 6.535 6.535 6.527 6.522 6.510 6.527 6.571 6.627 6.677 6.740 6.782 6.806 6.808 6.794 6.763 6.723 6.733 6.721 6.662 6.642
6.298 6.295 6.276 6.258 6.258 6.256 6.257 6.260 6.265 6.272 6.288 6.292 6.297 6.309 6.330 6.307 6.288 6.292 6.281 6.273 6.292 6.276 6.259 6.240 6.220 6.220 6.232 6.252 6.275 6.300 6.319 6.345 6.357 6.353 6.344 6.335 6.338 6.353 6.373 6.391 6.403 6.405 6.391 6.396 6.409 6.449 6.470 6.484 6.495 6.487 6.496 6.493 6.496 6.518 6.522 6.524 6.529 6.547 6.550 6.547 6.548 6.556 6.572 6.603 6.650 6.696 6.747 6.799 6.822 6.821 6.806 6.788 6.763 6.750 6.741 6.733 6.682
6.231 6.231 6.217 6.203 6.221 6.236 6.241 6.245 6.248 6.251 6.236 6.237 6.244 6.248 6.244 6.252 6.239 6.231 6.243 6.237 6.228 6.187 6.184 6.188 6.172 6.177 6.194 6.220 6.225 6.271 6.292 6.330 6.351 6.348 6.330 6.319 6.295 6.304 6.343 6.358 6.370 6.367 6.353 6.371 6.379 6.394 6.435 6.457 6.468 6.465 6.471 6.478 6.494 6.506 6.513 6.520 6.554 6.562 6.570 6.574 6.581 6.587 6.610 6.646 6.666 6.731 6.767 6.797 6.815 6.817 6.806 6.792 6.773 6.764 6.758 6.751 6.744
6.140 6.167 6.164 6.162 6.150 6.193 6.220 6.238 6.241 6.230 6.214 6.205 6.202 6.198 6.192 6.183 6.182 6.169 6.165 6.162 6.163 6.158 6.145 6.151 6.144 6.146 6.154 6.175 6.198 6.223 6.259 6.294 6.316 6.310 6.287 6.270 6.262 6.265 6.305 6.316 6.322 6.319 6.317 6.316 6.340 6.352 6.365 6.423 6.428 6.443 6.459 6.474 6.488 6.512 6.519 6.527 6.552 6.578 6.583 6.597 6.624 6.635 6.649 6.671 6.693 6.748 6.771 6.788 6.799 6.807 6.803 6.796 6.793 6.786 6.770 6.765 6.764
6.065 6.100 6.106 6.092 6.115 6.155 6.201 6.240 6.246 6.222 6.190 6.177 6.165 6.157 6.150 6.131 6.129 6.137 6.135 6.134 6.133 6.126 6.130 6.132 6.140 6.139 6.144 6.156 6.171 6.162 6.213 6.239 6.242 6.238 6.225 6.208 6.219 6.220 6.226 6.239 6.244 6.275 6.275 6.274 6.277 6.285 6.297 6.336 6.363 6.424 6.451 6.477 6.503 6.517 6.528 6.546 6.557 6.571 6.596 6.634 6.672 6.689 6.700 6.713 6.741 6.753 6.767 6.787 6.793 6.808 6.802 6.798 6.801 6.792 6.780 6.771 6.770
5.948 5.985 5.996 6.018 6.067 6.092 6.154 6.211 6.217 6.197 6.161 6.134 6.130 6.124 6.110 6.112 6.114 6.120 6.115 6.111 6.078 6.081 6.111 6.115 6.121 6.126 6.117 6.105 6.107 6.116 6.162 6.179 6.174 6.173 6.167 6.157 6.151 6.156 6.163 6.173 6.195 6.202 6.234 6.232 6.217 6.224 6.262 6.289 6.332 6.373 6.421 6.467 6.506 6.540 6.544 6.545 6.563 6.584 6.622 6.667 6.723 6.749 6.762 6.779 6.774 6.773 6.778 6.816 6.821 6.819 6.811 6.808 6.802 6.802 6.787 6.775 6.773
5.880 5.883 5.924 5.950 5.976 6.026 6.080 6.123 6.140 6.118 6.090 6.067 6.058 6.053 6.094 6.110 6.120 6.115 6.090 6.067 6.052 6.049 6.057 6.080 6.076 6.074 6.082 6.069 6.064 6.054 6.062 6.057 6.072 6.077 6.113 6.108 6.104 6.109 6.117 6.129 6.143 6.165 6.170 6.162 6.165 6.185 6.217 6.251 6.297 6.355 6.416 6.474 6.529 6.558 6.555 6.549 6.560 6.595 6.650 6.722 6.785 6.830 6.847 6.823 6.799 6.785 6.795 6.794 6.832 6.829 6.828 6.824 6.817 6.814 6.802 6.799 6.801
5.816 5.805 5.848 5.863 5.901 5.946 5.944 5.977 5.997 5.983 6.020 6.010 6.014 6.020 6.078 6.107 6.125 6.113 6.065 6.015 5.981 6.010 6.012 6.016 6.016 6.014 6.004 5.992 5.984 5.985 5.980 5.990 6.002 6.025 6.033 6.038 6.036 6.061 6.079 6.093 6.110 6.127 6.135 6.147 6.153 6.154 6.173 6.220 6.270 6.329 6.396 6.468 6.531 6.561 6.556 6.547 6.542 6.580 6.652 6.770 6.861 6.916 6.914 6.874 6.830 6.805 6.800 6.829 6.839 6.856 6.852 6.847 6.839 6.836 6.828 6.832 6.843
5.755 5.746 5.763 5.793 5.784 5.815 5.844 5.863 5.883 5.877 5.876 5.879 5.897 5.936 6.008 6.044 6.080 6.070 6.027 5.974 5.935 5.914 5.909 5.902 5.906 5.910 5.908 5.940 5.934 5.934 5.931 5.940 5.956 5.974 6.001 6.015 6.032 6.038 6.042 6.045 6.054 6.068 6.096 6.139 6.151 6.152 6.161 6.185 6.247 6.302 6.367 6.435 6.494 6.524 6.530 6.519 6.529 6.575 6.660 6.778 6.911 6.978 6.965 6.901 6.847 6.817 6.829 6.850 6.868 6.879 6.873 6.884 6.875 6.868 6.872 6.872 6.890
5.699 5.697 5.694 5.696 5.729 5.745 5.758 5.763 5.745 5.775 5.783 5.797 5.825 5.828 5.906 5.956 5.984 5.962 5.955 5.911 5.876 5.854 5.840 5.811 5.840 5.848 5.855 5.862 5.879 5.892 5.894 5.903 5.918 5.917 5.943 6.006 6.037 6.047 6.039 6.030 6.030 6.041 6.070 6.107 6.134 6.146 6.155 6.150 6.196 6.272 6.326 6.381 6.429 6.465 6.459 6.482 6.501 6.551 6.639 6.759 6.883 6.961 6.952 6.882 6.820 6.795 6.840 6.873 6.905 6.920 6.911 6.911 6.899 6.896 6.906 6.916 6.935
