includes/rochefort/floodfiles/results/res-0012.wd
ncols         730
nrows         472
xllcorner     380617.130607
yllcorner     6542069.774949
cellsize      20.000000
NODATA_value  -9999.000000
[rows 408 to 441 of 472, columns 77 to 153 of 730]
0.844 0.809 0.823 0.743 0.629 0.708 0.703 0.750 0.607 0.632 0.617 0.611 0.527 0.603 0.517 0.616 0.691 0.618 0.639 0.535 0.539 0.476 0.370 0.391 0.488 0.340 0.368 0.349 0.367 0.192 0.128 0.131 0.120 0.054 0.068 0.036 0.050 0.004 0.007 0.072 0.000 0.046 0.031 0.004 0.041 0.026 0.150 0.010 0.080 0.101 0.000 0.000 0.000 0.000 0.012 0.000 0.000 0.012 0.039 0.006 0.000 0.000 0.047 0.021 0.000 0.004 0.005 0.004 0.006 0.021 0.007 0.043 0.001 0.003 0.004 0.003 0.004
0.807 0.749 0.778 0.706 0.723 0.728 0.639 0.628 0.692 0.598 0.577 0.584 0.622 0.509 0.691 0.696 0.604 0.594 0.634 0.601 0.440 0.461 0.376 0.465 0.488 0.360 0.260 0.308 0.279 0.179 0.190 0.113 0.096 0.050 0.014 0.002 0.029 0.045 0.000 0.043 0.018 0.000 0.014 0.020 0.036 0.046 0.094 0.064 0.000 0.025 0.019 0.046 0.004 0.021 0.008 0.000 0.001 0.015 0.000 0.000 0.000 0.000 0.069 0.050 0.045 0.002 0.003 0.050 0.008 0.000 0.077 0.002 0.002 0.000 0.000 0.000 0.033
0.908 0.847 0.714 0.776 0.811 0.716 0.659 0.632 0.647 0.638 0.603 0.644 0.589 0.685 0.596 0.638 0.648 0.622 0.451 0.480 0.412 0.431 0.416 0.415 0.387 0.413 0.403 0.252 0.208 0.199 0.151 0.086 0.139 0.060 0.045 0.020 0.009 0.000 0.032 0.034 0.011 0.013 0.017 0.085 0.013 0.085 0.000 0.000 0.077 0.052 0.034 0.060 0.000 0.000 0.007 0.003 0.054 0.006 0.000 0.000 0.000 0.000 0.000 0.016 0.000 0.000 0.001 0.000 0.003 0.022 0.000 0.002 0.000 0.000 0.000 0.025 0.000
0.786 0.701 0.774 0.782 0.724 0.751 0.813 0.691 0.757 0.621 0.575 0.574 0.645 0.612 0.659 0.672 0.699 0.521 0.571 0.402 0.482 0.399 0.436 0.471 0.389 0.371 0.336 0.314 0.190 0.183 0.226 0.082 0.019 0.000 0.000 0.025 0.051 0.011 0.003 0.006 0.004 0.003 0.032 0.013 0.033 0.036 0.056 0.001 0.003 0.055 0.008 0.033 0.004 0.013 0.001 0.027 0.000 0.000 0.000 0.002 0.000 0.000 0.000 0.084 0.029 0.015 0.027 0.003 0.003 0.003 0.010 0.001 0.001 0.046 0.018 0.003 0.006
0.748 0.825 0.823 0.808 0.726 0.775 0.638 0.603 0.567 0.596 0.601 0.744 0.686 0.648 0.694 0.617 0.542 0.589 0.489 0.463 0.478 0.462 0.374 0.380 0.454 0.290 0.296 0.342 0.152 0.121 0.165 0.092 0.074 0.011 0.032 0.071 0.064 0.047 0.039 0.000 0.000 0.027 0.074 0.030 0.010 0.008 0.000 0.086 0.037 0.007 0.000 0.018 0.000 0.004 0.006 0.000 0.000 0.000 0.007 0.000 0.029 0.008 0.042 0.031 0.000 0.000 0.041 0.000 0.000 0.000 0.004 0.003 0.003 0.000 0.002 0.038 0.000
0.822 0.842 0.642 0.744 0.693 0.731 0.709 0.700 0.587 0.548 0.661 0.655 0.736 0.677 0.685 0.590 0.542 0.578 0.495 0.449 0.485 0.427 0.425 0.373 0.342 0.315 0.347 0.227 0.206 0.210 0.093 0.033 0.105 0.115 0.036 0.014 0.013 0.035 0.122 0.045 0.013 0.071 0.000 0.042 0.105 0.101 0.040 0.028 0.004 0.005 0.000 0.026 0.000 0.017 0.000 0.000 0.000 0.000 0.034 0.000 0.057 0.035 0.003 0.072 0.002 0.106 0.001 0.001 0.000 0.000 0.000 0.005 0.003 0.005 0.005 0.001 0.001
0.795 0.909 0.738 0.693 0.690 0.789 0.723 0.699 0.600 0.728 0.705 0.731 0.716 0.690 0.569 0.585 0.467 0.560 0.584 0.536 0.429 0.545 0.373 0.292 0.340 0.384 0.255 0.262 0.221 0.138 0.109 0.089 0.057 0.022 0.022 0.041 0.005 0.094 0.076 0.012 0.063 0.008 0.092 0.055 0.088 0.000 0.000 0.005 0.003 0.009 0.000 0.021 0.011 0.032 0.042 0.009 0.007 0.000 0.000 0.031 0.090 0.000 0.000 0.000 0.134 0.016 0.000 0.001 0.000 0.000 0.000 0.002 0.000 0.035 0.001 0.000 0.000
0.855 0.763 0.684 0.804 0.672 0.638 0.705 0.628 0.741 0.726 0.740 0.802 0.696 0.585 0.586 0.542 0.546 0.522 0.516 0.524 0.415 0.453 0.350 0.408 0.387 0.220 0.258 0.183 0.189 0.150 0.012 0.064 0.083 0.045 0.003 0.023 0.006 0.118 0.096 0.122 0.062 0.052 0.036 0.016 0.002 0.054 0.004 0.015 0.003 0.005 0.000 0.000 0.016 0.016 0.000 0.009 0.008 0.000 0.075 0.056 0.000 0.003 0.000 0.010 0.002 0.001 0.027 0.001 0.002 0.017 0.000 0.008 0.024 0.000 0.000 0.001 0.001
0.810 0.773 0.791 0.738 0.641 0.682 0.680 0.776 0.752 0.696 0.798 0.689 0.564 0.548 0.471 0.546 0.571 0.508 0.543 0.421 0.403 0.341 0.386 0.308 0.309 0.286 0.284 0.206 0.154 0.180 0.004 0.004 0.025 0.015 0.035 0.019 0.111 0.001 0.082 0.000 0.035 0.037 0.028 0.053 0.000 0.006 0.044 0.000 0.000 0.029 0.000 0.018 0.003 0.003 0.000 0.000 0.009 0.007 0.064 0.002 0.039 0.004 0.090 0.066 0.001 0.030 0.000 0.002 0.000 0.001 0.037 0.000 0.008 0.000 0.000 0.000 0.000
0.877 0.768 0.728 0.725 0.707 0.581 0.657 0.799 0.720 0.827 0.693 0.688 0.599 0.623 0.529 0.525 0.493 0.634 0.495 0.484 0.425 0.300 0.349 0.319 0.278 0.256 0.199 0.187 0.237 0.107 0.078 0.061 0.037 0.012 0.095 0.044 0.007 0.161 0.050 0.068 0.041 0.110 0.070 0.046 0.028 0.036 0.001 0.010 0.009 0.003 0.067 0.034 0.035 0.004 0.025 0.012 0.003 0.033 0.009 0.027 0.003 0.002 0.000 0.001 0.001 0.001 0.000 0.001 0.048 0.003 0.000 0.002 0.002 0.001 0.003 0.028 0.001
0.944 0.730 0.696 0.708 0.691 0.751 0.798 0.662 0.753 0.781 0.645 0.604 0.650 0.485 0.553 0.575 0.580 0.480 0.515 0.395 0.427 0.346 0.335 0.345 0.273 0.297 0.183 0.160 0.093 0.081 0.000 0.056 0.041 0.022 0.000 0.039 0.097 0.081 0.031 0.095 0.079 0.090 0.043 0.048 0.037 0.007 0.054 0.014 0.050 0.002 0.000 0.000 0.000 0.000 0.000 0.022 0.115 0.013 0.015 0.011 0.082 0.014 0.000 0.000 0.020 0.000 0.000 0.007 0.047 0.017 0.027 0.000 0.000 0.000 0.000 0.000 0.000
0.760 0.724 0.769 0.722 0.748 0.633 0.758 0.608 0.710 0.708 0.686 0.580 0.600 0.548 0.488 0.589 0.481 0.509 0.564 0.453 0.450 0.346 0.319 0.354 0.309 0.260 0.169 0.123 0.117 0.073 0.035 0.001 0.108 0.049 0.069 0.008 0.057 0.084 0.030 0.094 0.059 0.076 0.025 0.026 0.032 0.033 0.029 0.063 0.029 0.019 0.000 0.000 0.000 0.000 0.011 0.058 0.057 0.000 0.000 0.004 0.013 0.001 0.001 0.000 0.000 0.000 0.018 0.000 0.000 0.001 0.000 0.026 0.000 0.000 0.019 0.000 0.000
0.774 0.733 0.632 0.721 0.556 0.712 0.675 0.694 0.867 0.617 0.675 0.569 0.652 0.537 0.566 0.496 0.476 0.426 0.488 0.410 0.417 0.353 0.417 0.304 0.349 0.241 0.212 0.196 0.045 0.060 0.000 0.032 0.017 0.100 0.046 0.048 0.085 0.049 0.071 0.110 0.139 0.021 0.043 0.060 0.090 0.054 0.010 0.000 0.015 0.016 0.000 0.000 0.000 0.034 0.051 0.000 0.018 0.000 0.000 0.000 0.000 0.000 0.000 0.000 0.000 0.008 0.002 0.002 0.002 0.001 0.040 0.002 0.034 0.000 0.000 0.000 0.000
0.724 0.674 0.657 0.653 0.715 0.676 0.634 0.608 0.711 0.559 0.574 0.536 0.669 0.509 0.566 0.471 0.432 0.404 0.467 0.469 0.321 0.367 0.395 0.374 0.281 0.214 0.216 0.159 0.143 0.055 0.021 0.091 0.044 0.017 0.007 0.046 0.012 0.084 0.006 0.096 0.031 0.022 0.025 0.040 0.028 0.006 0.046 0.145 0.000 0.036 0.000 0.000 0.020 0.009 0.013 0.006 0.005 0.003 0.064 0.000 0.000 0.000 0.000 0.042 0.029 0.008 0.000 0.000 0.049 0.000 0.038 0.000 0.001 0.001 0.000 0.008 0.002
0.603 0.691 0.610 0.671 0.622 0.725 0.492 0.624 0.603 0.525 0.554 0.523 0.549 0.560 0.564 0.483 0.513 0.442 0.386 0.364 0.487 0.337 0.334 0.328 0.370 0.263 0.167 0.187 0.129 0.035 0.029 0.068 0.029 0.024 0.107 0.000 0.087 0.031 0.050 0.125 0.031 0.056 0.073 0.060 0.054 0.053 0.056 0.000 0.000 0.071 0.000 0.021 0.020 0.011 0.066 0.000 0.000 0.097 0.000 0.000 0.000 0.000 0.000 0.017 0.000 0.000 0.000 0.000 0.000 0.000 0.000 0.034 0.020 0.000 0.003 0.014 0.000
0.680 0.639 0.649 0.736 0.659 0.653 0.579 0.594 0.584 0.575 0.611 0.608 0.532 0.589 0.511 0.502 0.502 0.401 0.456 0.458 0.336 0.398 0.377 0.322 0.258 0.256 0.162 0.065 0.120 0.059 0.155 0.065 0.098 0.073 0.050 0.170 0.099 0.086 0.069 0.025 0.047 0.034 0.058 0.034 0.056 0.027 0.053 0.035 0.000 0.031 0.029 0.005 0.069 0.026 0.025 0.000 0.031 0.006 0.012 0.005 0.000 0.000 0.039 0.006 0.010 0.001 0.007 0.000 0.000 0.000 0.000 0.000 0.000 0.000 0.002 0.000 0.000
0.812 0.761 0.627 0.700 0.616 0.604 0.562 0.549 0.560 0.509 0.417 0.625 0.585 0.507 0.553 0.446 0.439 0.429 0.391 0.301 0.376 0.345 0.270 0.264 0.270 0.120 0.116 0.072 0.056 0.099 0.069 0.056 0.091 0.046 0.151 0.200 0.064 0.099 0.038 0.044 0.029 0.051 0.059 0.125 0.103 0.037 0.035 0.000 0.000 0.000 0.018 0.066 0.074 0.007 0.008 0.038 0.043 0.000 0.006 0.002 0.000 0.006 0.044 0.000 0.000 0.000 0.015 0.000 0.000 0.049 0.000 0.000 0.016 0.003 0.001 0.024 0.000
0.517 0.629 0.500 0.474 0.476 0.430 0.483 0.383 0.371 0.404 0.460 0.357 0.362 0.294 0.355 0.247 0.277 0.187 0.158 0.202 0.137 0.120 0.168 0.001 0.028 0.029 0.000 0.000 0.000 0.000 0.000 0.000 0.000 0.000 0.002 0.000 0.000 0.000 0.000 0.000 0.000 0.000 0.051 0.136 0.117 0.002 0.034 0.037 0.042 0.000 0.000 0.017 0.005 0.022 0.000 0.020 0.056 0.003 0.004 0.004 0.004 0.034 0.001 0.001 0.000 0.000 0.000 0.000 0.001 0.000 0.000 0.019 0.019 0.000 0.000 0.050 0.000
0.655 0.570 0.487 0.541 0.480 0.447 0.477 0.415 0.369 0.358 0.294 0.286 0.313 0.325 0.345 0.281 0.228 0.143 0.240 0.244 0.168 0.129 0.046 0.046 0.000 0.000 0.000 0.000 0.000 0.000 0.000 0.000 0.000 0.000 0.000 0.000 0.000 0.000 0.000 0.000 0.000 0.000 0.147 0.055 0.034 0.030 0.015 0.078 0.069 0.055 0.046 0.048 0.000 0.060 0.040 0.004 0.002 0.000 0.000 0.008 0.025 0.001 0.002 0.002 0.003 0.025 0.000 0.031 0.018 0.000 0.032 0.000 0.008 0.000 0.000 0.000 0.000
0.560 0.454 0.396 0.380 0.548 0.417 0.364 0.363 0.409 0.261 0.296 0.320 0.271 0.199 0.220 0.209 0.207 0.263 0.226 0.107 0.194 0.003 0.000 0.073 0.027 0.001 0.018 0.000 0.000 0.000 0.019 0.000 0.000 0.010 0.037 0.000 0.000 0.000 0.000 0.000 0.017 0.000 0.105 0.071 0.029 0.000 0.063 0.058 0.081 0.006 0.000 0.057 0.009 0.092 0.000 0.004 0.003 0.000 0.002 0.006 0.007 0.003 0.014 0.004 0.000 0.008 0.000 0.043 0.000 0.000 0.000 0.041 0.015 0.000 0.000 0.018 0.000
0.495 0.500 0.443 0.470 0.400 0.545 0.441 0.326 0.327 0.250 0.279 0.252 0.243 0.277 0.263 0.221 0.162 0.069 0.192 0.164 0.001 0.036 0.000 0.001 0.000 0.000 0.000 0.025 0.011 0.000 0.001 0.011 0.001 0.028 0.028 0.000 0.000 0.000 0.000 0.013 0.000 0.000 0.100 0.071 0.057 0.008 0.006 0.066 0.000 0.112 0.000 0.088 0.112 0.004 0.006 0.000 0.034 0.000 0.018 0.002 0.001 0.003 0.002 0.012 0.008 0.004 0.000 0.000 0.000 0.027 0.002 0.002 0.002 0.000 0.000 0.000 0.000
0.500 0.442 0.528 0.396 0.346 0.419 0.345 0.386 0.321 0.280 0.235 0.214 0.197 0.243 0.118 0.153 0.141 0.074 0.043 0.018 0.009 0.038 0.011 0.001 0.007 0.005 0.021 0.079 0.003 0.000 0.000 0.000 0.147 0.000 0.000 0.000 0.000 0.000 0.050 0.020 0.002 0.000 0.064 0.124 0.084 0.123 0.044 0.037 0.071 0.000 0.042 0.027 0.011 0.004 0.002 0.006 0.005 0.041 0.038 0.001 0.001 0.000 0.000 0.047 0.000 0.030 0.005 0.000 0.000 0.032 0.020 0.009 0.000 0.000 0.000 0.000 0.000
0.436 0.429 0.524 0.388 0.415 0.339 0.308 0.259 0.226 0.344 0.203 0.260 0.212 0.178 0.182 0.108 0.040 0.051 0.077 0.002 0.000 0.000 0.009 0.009 0.006 0.000 0.066 0.000 0.049 0.003 0.000 0.000 0.000 0.000 0.000 0.000 0.000 0.000 0.000 0.023 0.000 0.000 0.080 0.108 0.132 0.070 0.097 0.037 0.018 0.000 0.074 0.025 0.017 0.003 0.031 0.000 0.067 0.035 0.005 0.004 0.040 0.015 0.012 0.000 0.003 0.004 0.004 0.116 0.000 0.018 0.000 0.000 0.000 0.000 0.000 0.000 0.032
0.377 0.363 0.321 0.491 0.320 0.413 0.327 0.289 0.222 0.302 0.345 0.179 0.160 0.130 0.037 0.090 0.001 0.077 0.000 0.045 0.003 0.031 0.000 0.000 0.000 0.102 0.036 0.045 0.002 0.048 0.003 0.003 0.000 0.097 0.000 0.000 0.118 0.000 0.003 0.000 0.000 0.000 0.101 0.044 0.056 0.089 0.175 0.041 0.041 0.159 0.090 0.000 0.002 0.000 0.005 0.004 0.004 0.004 0.003 0.000 0.017 0.001 0.002 0.006 0.053 0.037 0.000 0.009 0.013 0.007 0.000 0.000 0.000 0.000 0.061 0.000 0.039
0.430 0.398 0.337 0.404 0.431 0.350 0.320 0.346 0.295 0.263 0.106 0.163 0.304 0.124 0.000 0.026 0.006 0.044 0.000 0.000 0.000 0.000 0.000 0.000 0.020 0.000 0.000 0.000 0.001 0.000 0.013 0.002 0.003 0.003 0.004 0.003 0.005 0.003 0.004 0.003 0.000 0.000 0.116 0.080 0.108 0.099 0.061 0.019 0.064 0.079 0.037 0.000 0.042 0.000 0.000 0.000 0.000 0.000 0.016 0.011 0.004 0.055 0.007 0.005 0.000 0.001 0.023 0.003 0.000 0.037 0.008 0.000 0.000 0.000 0.054 0.045 0.050
0.304 0.428 0.440 0.273 0.232 0.335 0.295 0.293 0.216 0.248 0.181 0.138 0.136 0.136 0.117 0.002 0.000 0.030 0.000 0.000 0.036 0.001 0.007 0.000 0.002 0.000 0.000 0.021 0.050 0.000 0.000 0.000 0.000 0.087 0.003 0.000 0.037 0.000 0.000 0.000 0.000 0.000 0.164 0.088 0.073 0.066 0.094 0.071 0.095 0.007 0.002 0.002 0.002 0.001 0.025 0.000 0.038 0.000 0.000 0.000 0.000 0.000 0.000 0.005 0.077 0.029 0.000 0.041 0.000 0.000 0.001 0.000 0.000 0.000 0.057 0.004 0.000
0.337 0.564 0.351 0.372 0.309 0.205 0.347 0.227 0.270 0.151 0.171 0.198 0.019 0.047 0.000 0.168 0.003 0.001 0.001 0.023 0.000 0.056 0.000 0.000 0.000 0.000 0.077 0.000 0.000 0.000 0.000 0.000 0.015 0.000 0.000 0.021 0.000 0.000 0.000 0.000 0.000 0.000 0.174 0.134 0.134 0.057 0.096 0.066 0.000 0.000 0.000 0.000 0.023 0.046 0.000 0.000 0.000 0.000 0.000 0.000 0.003 0.000 0.000 0.000 0.000 0.002 0.000 0.000 0.025 0.000 0.047 0.000 0.042 0.000 0.099 0.051 0.059
0.443 0.243 0.361 0.280 0.275 0.285 0.197 0.279 0.229 0.281 0.174 0.159 0.037 0.018 0.023 0.002 0.007 0.000 0.000 0.000 0.034 0.000 0.001 0.062 0.011 0.012 0.000 0.000 0.000 0.000 0.000 0.095 0.001 0.014 0.085 0.000 0.000 0.031 0.000 0.000 0.000 0.000 0.106 0.102 0.061 0.050 0.150 0.000 0.014 0.000 0.000 0.000 0.026 0.002 0.007 0.016 0.000 0.000 0.021 0.003 0.000 0.000 0.015 0.002 0.007 0.000 0.000 0.000 0.000 0.000 0.016 0.000 0.086 0.025 0.073 0.001 0.008
0.504 0.353 0.409 0.381 0.290 0.248 0.192 0.123 0.111 0.180 0.040 0.003 0.008 0.000 0.010 0.006 0.000 0.031 0.054 0.017 0.009 0.047 0.010 0.010 0.105 0.044 0.000 0.000 0.000 0.000 0.065 0.014 0.001 0.000 0.004 0.000 0.000 0.000 0.020 0.000 0.044 0.000 0.128 0.126 0.110 0.130 0.087 0.076 0.000 0.000 0.004 0.055 0.025 0.004 0.000 0.005 0.000 0.000 0.024 0.017 0.000 0.103 0.059 0.000 0.000 0.000 0.017 0.000 0.000 0.047 0.000 0.057 0.066 0.048 0.000 0.027 0.000
0.384 0.316 0.411 0.315 0.319 0.164 0.194 0.115 0.133 0.013 0.040 0.047 0.000 0.102 0.045 0.028 0.042 0.031 0.120 0.008 0.025 0.000 0.001 0.020 0.005 0.000 0.000 0.000 0.000 0.000 0.026 0.049 0.001 0.000 0.012 0.000 0.000 0.000 0.020 0.000 0.000 0.000 0.124 0.151 0.094 0.036 0.037 0.001 0.000 0.000 0.004 0.000 0.000 0.002 0.011 0.004 0.021 0.007 0.048 0.001 0.055 0.001 0.001 0.000 0.025 0.000 0.000 0.000 0.000 0.000 0.107 0.146 0.132 0.001 0.027 0.025 0.061
0.348 0.318 0.236 0.377 0.242 0.182 0.194 0.241 0.090 0.082 0.015 0.049 0.000 0.069 0.019 0.000 0.000 0.056 0.025 0.040 0.000 0.000 0.087 0.002 0.021 0.004 0.000 0.056 0.054 0.042 0.015 0.003 0.002 0.000 0.000 0.000 0.001 0.000 0.000 0.000 0.000 0.000 0.100 0.101 0.126 0.011 0.008 0.001 0.028 0.012 0.047 0.000 0.000 0.000 0.008 0.000 0.000 0.029 0.000 0.000 0.016 0.000 0.000 0.000 0.061 0.000 0.000 0.003 0.014 0.063 0.000 0.027 0.000 0.014 0.000 0.002 0.024
0.357 0.271 0.239 0.298 0.182 0.365 0.080 0.094 0.069 0.003 0.008 0.135 0.023 0.018 0.048 0.027 0.000 0.000 0.000 0.022 0.076 0.000 0.000 0.020 0.000 0.005 0.003 0.046 0.088 0.069 0.000 0.000 0.028 0.002 0.002 0.000 0.000 0.075 0.000 0.023 0.010 0.000 0.178 0.074 0.000 0.082 0.000 0.013 0.007 0.037 0.005 0.002 0.015 0.000 0.026 0.000 0.080 0.014 0.043 0.000 0.001 0.020 0.000 0.000 0.000 0.000 0.001 0.035 0.104 0.111 0.072 0.033 0.003 0.004 0.024 0.002 0.000
0.299 0.241 0.272 0.261 0.283 0.104 0.033 0.011 0.000 0.082 0.000 0.000 0.000 0.097 0.040 0.003 0.014 0.117 0.000 0.059 0.083 0.015 0.000 0.064 0.001 0.001 0.024 0.029 0.110 0.100 0.000 0.084 0.000 0.005 0.000 0.000 0.000 0.000 0.023 0.000 0.000 0.000 0.106 0.028 0.112 0.016 0.011 0.032 0.000 0.008 0.002 0.016 0.005 0.020 0.032 0.000 0.009 0.031 0.027 0.000 0.000 0.000 0.049 0.000 0.000 0.025 0.000 0.003 0.010 0.084 0.045 0.067 0.003 0.000 0.000 0.002 0.000
0.373 0.390 0.204 0.299 0.083 0.147 0.139 0.013 0.009 0.004 0.000 0.053 0.000 0.012 0.000 0.050 0.000 0.003 0.000 0.000 0.012 0.008 0.006 0.004 0.025 0.030 0.001 0.001 0.020 0.000 0.000 0.000 0.000 0.009 0.001 0.042 0.001 0.000 0.015 0.000 0.000 0.000 0.109 0.043 0.034 0.027 0.023 0.025 0.063 0.000 0.000 0.000 0.001 0.000 0.000 0.000 0.023 0.000 0.000 0.033 0.069 0.000 0.000 0.000 0.000 0.000 0.037 0.080 0.066 0.000 0.059 0.004 0.000 0.000 0.000 0.061 0.036
