includes/rochefort/floodfiles/results/res-0003.wdfp
ncols         730
nrows         472
xllcorner     380617.130607
yllcorner     6542069.774949
cellsize      20.000000
NODATA_value  -9999.000000
[rows 306 to 339 of 472, columns 0 to 76 of 730]
4.367 4.349 4.310 4.290 4.264 4.248 4.233 4.194 4.178 4.162 4.146 4.117 4.103 4.085 4.060 4.028 3.982 3.956 3.954 3.952 3.939 3.900 3.856 3.811 3.767 3.733 3.722 3.711 3.677 3.632 3.593 3.555 3.522 3.494 3.476 3.465 3.422 3.390 3.375 3.349 3.317 3.286 3.250 3.235 3.219 3.219 3.210 3.181 3.153 3.131 3.121 3.118 3.127 3.129 3.106 3.062 3.025 3.000 2.979 2.965 2.957 2.949 2.939 2.159 2.117 2.162 1.797 2.079 1.915 1.661 1.637 1.729 1.610 1.622 1.600 1.609 1.539
4.366 4.345 4.304 4.280 4.260 4.238 4.225 4.190 4.175 4.159 4.123 4.105 4.089 4.071 4.038 4.004 3.968 3.955 3.943 3.936 3.919 3.877 3.835 3.791 3.738 3.722 3.715 3.708 3.674 3.622 3.570 3.522 3.483 3.452 3.435 3.395 3.363 3.336 3.313 3.285 3.257 3.206 3.190 3.174 3.185 3.156 3.145 3.124 3.102 3.107 3.105 3.113 3.131 3.134 3.108 3.056 3.011 2.977 2.958 2.945 2.929 2.924 2.905 2.874 2.132 1.929 2.187 2.071 1.990 1.816 1.594 1.558 1.700 1.659 1.550 1.430 1.584
4.369 4.339 4.295 4.268 4.247 4.232 4.209 4.188 4.161 4.142 4.103 4.085 4.064 4.046 4.028 3.982 3.964 3.945 3.916 3.904 3.884 3.854 3.813 3.753 3.728 3.711 3.716 3.707 3.667 3.610 3.543 3.487 3.442 3.412 3.386 3.367 3.307 3.274 3.237 3.234 3.173 3.150 3.138 3.105 3.092 3.095 3.086 3.071 3.057 3.053 3.081 3.092 3.108 3.111 3.085 3.031 2.987 2.955 2.938 2.927 2.926 2.921 2.903 2.865 1.934 1.985 1.985 1.782 1.588 1.558 1.690 1.604 1.616 1.727 1.350 1.393 1.387
4.362 4.322 4.275 4.246 4.226 4.215 4.201 4.189 4.162 4.138 4.096 4.074 4.052 4.036 4.020 3.974 3.955 3.937 3.894 3.876 3.855 3.828 3.798 3.751 3.710 3.699 3.699 3.686 3.640 3.581 3.517 3.453 3.397 3.376 3.359 3.342 3.294 3.245 3.194 3.146 3.107 3.085 3.075 3.043 3.023 3.011 3.003 3.011 3.002 2.981 3.011 3.028 3.054 3.056 3.021 2.985 2.955 2.933 2.925 2.925 2.931 2.923 2.887 2.847 2.812 1.729 1.875 1.909 1.914 1.867 1.691 1.423 1.667 1.524 1.724 1.376 1.163
4.341 4.306 4.262 4.234 4.217 4.210 4.205 4.192 4.162 4.117 4.087 4.062 4.044 4.027 3.988 3.969 3.947 3.904 3.863 3.833 3.810 3.787 3.763 3.711 3.692 3.674 3.666 3.638 3.601 3.545 3.487 3.408 3.377 3.365 3.365 3.343 3.285 3.216 3.149 3.087 3.040 3.010 2.987 2.981 2.965 2.951 2.939 2.926 2.910 2.913 2.929 2.948 2.959 2.964 2.952 2.932 2.913 2.908 2.910 2.918 2.927 2.917 2.876 2.832 2.797 2.775 1.874 1.885 1.642 1.471 1.778 1.681 1.537 1.453 1.647 1.564 1.568
4.322 4.279 4.250 4.227 4.213 4.209 4.206 4.190 4.161 4.109 4.075 4.049 4.032 4.010 3.986 3.956 3.925 3.871 3.839 3.806 3.781 3.760 3.706 3.688 3.672 3.654 3.612 3.589 3.555 3.512 3.460 3.390 3.356 3.359 3.357 3.328 3.260 3.183 3.100 3.028 2.961 2.936 2.928 2.911 2.897 2.879 2.855 2.833 2.830 2.830 2.844 2.844 2.848 2.883 2.881 2.873 2.867 2.856 2.871 2.883 2.894 2.884 2.844 2.806 2.777 2.764 1.721 1.797 1.672 1.778 1.696 1.512 1.465 1.568 1.490 1.482 1.477
4.290 4.263 4.241 4.224 4.211 4.202 4.197 4.180 4.149 4.086 4.053 4.030 4.019 4.015 3.996 3.962 3.920 3.857 3.816 3.781 3.751 3.732 3.682 3.664 3.645 3.589 3.567 3.541 3.481 3.448 3.399 3.349 3.339 3.332 3.322 3.288 3.217 3.139 3.057 2.968 2.917 2.894 2.895 2.887 2.863 2.830 2.791 2.753 2.725 2.733 2.729 2.739 2.763 2.774 2.780 2.790 2.792 2.802 2.815 2.830 2.828 2.821 2.800 2.776 2.754 2.751 2.764 1.668 1.640 1.432 1.475 1.495 1.731 1.378 1.406 1.499 1.538
4.269 4.255 4.231 4.217 4.195 4.188 4.173 4.154 4.125 4.071 4.041 4.023 4.018 4.018 4.003 3.965 3.901 3.839 3.788 3.748 3.722 3.681 3.639 3.615 3.588 3.528 3.492 3.462 3.434 3.408 3.340 3.322 3.304 3.268 3.251 3.214 3.158 3.096 3.005 2.944 2.897 2.888 2.888 2.868 2.832 2.784 2.726 2.670 2.629 2.611 2.626 2.643 2.671 2.686 2.710 2.722 2.726 2.738 2.742 2.748 2.759 2.758 2.748 2.735 2.729 2.729 2.744 1.794 1.469 1.501 1.610 1.659 1.833 1.572 1.574 1.600 1.557
4.231 4.220 4.209 4.199 4.181 4.160 4.149 4.132 4.098 4.060 4.033 4.018 4.015 4.013 3.996 3.954 3.882 3.797 3.740 3.700 3.678 3.654 3.636 3.601 3.562 3.493 3.452 3.413 3.386 3.365 3.301 3.283 3.260 3.210 3.185 3.150 3.103 3.049 2.979 2.916 2.894 2.886 2.878 2.846 2.799 2.736 2.665 2.583 2.535 2.528 2.548 1.577 1.577 2.628 2.629 2.625 2.651 2.662 2.668 2.670 2.685 2.677 2.694 2.690 2.678 1.788 1.411 1.623 1.336 1.416 1.537 1.377 1.789 1.687 1.614 1.292 1.411
4.213 4.205 4.196 4.186 4.149 4.140 4.128 4.100 4.081 4.047 4.028 4.014 3.995 3.990 3.970 3.923 3.849 3.772 3.716 3.677 3.662 3.654 3.635 3.591 3.515 3.457 3.405 3.364 3.334 3.278 3.262 3.243 3.184 3.117 3.088 3.054 3.016 2.978 2.918 2.898 2.880 2.868 2.836 2.801 2.759 2.695 2.610 2.537 2.484 2.479 1.508 1.482 1.426 1.518 2.571 2.556 2.550 2.564 2.594 2.604 2.611 2.620 2.622 2.627 1.464 1.554 1.429 1.570 1.375 1.604 1.431 1.339 1.465 1.487 1.580 1.488 1.520
4.193 4.187 4.178 4.154 4.144 4.121 4.109 4.083 4.047 4.029 4.012 3.984 3.975 3.952 3.929 3.891 3.816 3.751 3.702 3.669 3.658 3.654 3.630 3.579 3.489 3.417 3.353 3.289 3.262 3.229 3.203 3.175 3.107 3.069 3.026 2.992 2.961 2.904 2.880 2.866 2.848 2.807 2.785 2.751 2.706 2.661 2.589 2.529 2.485 2.481 1.566 1.475 1.450 1.506 1.507 1.532 2.468 2.479 2.502 2.538 2.558 2.567 2.568 1.553 1.404 1.701 1.579 1.533 1.496 1.638 1.444 1.358 1.549 1.475 1.452 1.468 1.320
4.184 4.176 4.165 4.141 4.113 4.101 4.090 4.064 4.037 4.019 4.001 3.984 3.950 3.920 3.896 3.852 3.787 3.742 3.697 3.670 3.651 3.642 3.612 3.555 3.437 3.356 3.289 3.246 3.231 3.213 3.185 3.146 3.068 3.017 2.971 2.930 2.905 2.856 2.836 2.815 2.771 2.749 2.724 2.694 2.635 2.608 2.562 2.529 2.507 1.433 1.448 1.480 1.407 1.450 1.460 1.467 1.541 1.487 2.462 2.500 2.520 1.617 1.449 1.574 1.600 1.558 1.545 1.260 1.358 1.502 1.394 1.269 1.273 1.211 1.478 1.515 1.404
4.178 4.171 4.151 4.116 4.100 4.089 4.079 4.058 4.032 4.011 3.989 3.950 3.910 3.890 3.867 3.828 3.768 3.732 3.699 3.662 3.634 3.610 3.574 3.517 3.404 3.327 3.261 3.223 3.214 3.206 3.176 3.098 3.030 2.964 2.909 2.872 2.833 2.810 2.792 2.737 2.679 2.656 2.627 2.602 2.581 2.548 2.535 2.532 2.507 2.506 2.509 1.479 1.503 1.555 1.513 1.527 1.487 1.464 1.487 1.466 1.589 1.467 1.527 1.488 1.586 1.558 1.618 1.770 1.515 1.702 1.624 1.499 1.408 1.523 1.262 1.406 1.371
4.174 4.163 4.146 4.105 4.089 4.073 4.068 4.052 4.026 3.998 3.969 3.931 3.885 3.865 3.844 3.779 3.750 3.719 3.689 3.640 3.602 3.577 3.539 3.473 3.385 3.311 3.255 3.223 3.212 3.199 3.159 3.072 2.988 2.894 2.834 2.801 2.778 2.759 2.733 2.668 2.621 2.575 2.546 2.523 2.515 2.498 2.503 2.517 2.498 2.501 2.503 2.502 2.495 2.483 1.511 1.417 1.497 1.609 1.468 1.542 1.566 1.726 1.722 1.676 1.542 1.548 1.450 1.539 1.642 1.558 1.493 1.576 1.590 1.417 1.427 1.277 1.260
4.168 4.154 4.120 4.089 4.077 4.073 4.071 4.057 4.029 3.992 3.950 3.891 3.863 3.841 3.799 3.768 3.741 3.710 3.679 3.604 3.577 3.548 3.494 3.449 3.368 3.312 3.258 3.212 3.199 3.176 3.121 3.036 2.931 2.852 2.792 2.765 2.758 2.747 2.708 2.628 2.558 2.492 2.441 2.424 2.412 2.434 2.458 2.455 2.478 2.486 2.472 2.473 2.470 2.460 2.455 2.440 2.434 1.546 1.531 1.522 1.566 1.362 1.492 1.566 1.592 1.590 1.510 1.558 1.329 1.373 1.391 1.477 1.291 1.449 1.490 1.462 1.480
4.150 4.136 4.103 4.081 4.073 4.072 4.073 4.059 4.025 3.981 3.920 3.870 3.839 3.820 3.790 3.758 3.728 3.693 3.646 3.614 3.555 3.524 3.473 3.396 3.349 3.302 3.233 3.205 3.164 3.132 3.082 2.991 2.901 2.829 2.776 2.755 2.753 2.736 2.687 2.584 2.489 2.394 2.323 2.287 2.303 2.347 2.391 2.403 2.425 2.450 2.458 2.462 2.458 2.457 2.461 2.456 2.443 2.445 1.449 1.540 1.481 1.495 1.572 1.566 1.522 1.595 1.577 1.266 1.582 1.353 1.454 1.482 1.650 1.625 1.522 1.468 1.365
4.138 4.125 4.093 4.080 4.066 4.066 4.061 4.045 4.011 3.964 3.900 3.842 3.813 3.796 3.783 3.762 3.726 3.684 3.631 3.567 3.534 3.505 3.442 3.386 3.341 3.295 3.252 3.182 3.127 3.091 3.028 2.952 2.890 2.822 2.780 2.755 2.746 2.718 2.639 2.526 2.408 2.286 2.194 2.166 2.209 2.281 2.350 2.379 2.408 2.424 2.444 2.450 2.450 2.453 2.454 2.447 2.448 1.617 1.551 1.617 1.718 1.722 1.657 1.588 1.575 1.523 1.731 1.626 1.509 1.511 1.560 1.782 1.601 1.686 1.589 1.419 1.519
4.125 4.105 4.083 4.073 4.067 4.053 4.038 4.017 3.984 3.941 3.882 3.827 3.801 3.793 3.788 3.766 3.724 3.668 3.590 3.548 3.517 3.493 3.439 3.385 3.335 3.282 3.209 3.128 3.091 3.054 2.991 2.924 2.876 2.829 2.775 2.747 2.719 2.680 2.611 2.484 2.358 2.221 2.113 2.086 2.144 2.237 2.309 2.366 2.399 2.417 2.425 2.432 2.441 2.447 2.445 2.427 1.701 1.421 1.629 1.855 1.745 1.774 1.728 1.653 1.505 1.613 1.727 1.566 1.605 1.577 1.465 1.350 1.570 1.542 1.446 1.600 1.458
4.115 4.094 4.068 4.059 4.052 4.032 4.008 3.989 3.961 3.925 3.871 3.822 3.799 3.792 3.785 3.759 3.713 3.656 3.571 3.528 3.489 3.473 3.437 3.385 3.322 3.247 3.178 3.087 3.045 2.992 2.928 2.892 2.854 2.816 2.766 2.718 2.689 2.646 2.558 2.457 2.344 2.217 2.116 2.090 2.145 2.237 2.304 2.366 2.399 2.409 2.416 2.420 2.427 2.433 2.438 1.790 1.539 1.479 1.627 1.713 1.691 1.773 1.673 1.768 1.655 1.555 1.623 1.566 1.364 1.565 1.479 1.443 1.261 1.360 1.395 1.519 1.523
4.098 4.067 4.059 4.050 4.041 4.008 3.996 3.968 3.944 3.898 3.865 3.834 3.796 3.787 3.768 3.739 3.693 3.617 3.543 3.505 3.488 3.482 3.454 3.396 3.314 3.221 3.102 3.037 2.991 2.939 2.896 2.869 2.837 2.802 2.717 2.688 2.659 2.591 2.536 2.452 2.362 2.267 2.184 2.165 2.204 2.260 2.323 2.368 2.398 2.413 2.417 2.419 2.422 1.566 1.683 1.629 1.684 1.570 1.643 1.695 1.539 1.562 1.631 1.787 1.763 1.669 1.680 1.544 1.641 1.297 1.345 1.436 1.364 1.327 1.392 1.426 1.621
4.084 4.064 4.052 4.042 4.030 3.994 3.980 3.962 3.931 3.907 3.863 3.835 3.790 3.775 3.742 3.712 3.669 3.599 3.531 3.498 3.487 3.486 3.460 3.393 3.298 3.162 3.051 2.973 2.927 2.892 2.857 2.836 2.804 2.748 2.713 2.657 2.626 2.566 2.503 2.452 2.390 2.317 2.271 2.246 2.267 2.306 2.348 2.381 2.404 0.985 1.383 1.545 1.558 1.485 1.512 1.469 1.588 1.655 1.557 1.586 1.676 1.655 1.719 1.701 1.886 1.790 1.873 1.536 1.626 1.483 1.275 1.348 1.385 1.202 1.296 1.344 1.422
4.065 4.059 4.051 4.035 4.011 3.979 3.963 3.949 3.935 3.884 3.860 3.836 3.814 3.763 3.721 3.692 3.653 3.588 3.543 3.492 3.481 3.470 3.439 3.368 3.267 3.119 2.982 2.896 2.854 2.839 2.839 2.817 2.772 2.721 2.658 2.621 2.592 2.548 2.498 2.464 2.424 2.384 2.343 2.317 1.184 1.435 1.324 1.029 1.024 0.796 0.796 1.101 1.522 1.540 1.621 1.480 1.538 1.612 1.602 1.617 1.713 1.648 1.707 1.650 1.721 1.809 1.857 1.817 1.528 1.545 1.327 1.413 1.315 1.228 1.181 1.261 1.411
4.060 4.055 4.045 4.029 3.987 3.968 3.953 3.941 3.913 3.884 3.860 3.835 3.778 3.753 3.728 3.677 3.637 3.582 3.544 3.507 3.469 3.436 3.396 3.327 3.228 3.059 2.943 2.853 2.813 2.817 2.824 2.807 2.751 2.672 2.618 2.577 2.553 2.525 2.492 2.473 2.449 2.407 2.377 2.370 1.534 1.500 1.533 1.602 1.530 1.403 1.436 1.126 0.901 1.181 1.460 1.521 1.595 1.631 1.616 1.543 1.690 1.761 1.752 1.609 1.761 1.780 1.884 1.784 1.459 1.432 1.343 1.365 1.383 1.462 1.247 1.146 1.314
4.057 4.053 4.041 4.021 3.981 3.957 3.943 3.927 3.914 3.896 3.861 3.832 3.771 3.743 3.707 3.682 3.633 3.576 3.541 3.510 3.451 3.400 3.358 3.293 3.205 3.069 2.937 2.853 2.815 2.817 2.819 2.795 2.740 2.638 2.571 2.518 2.500 2.492 2.485 2.478 2.447 2.434 2.412 2.404 2.392 2.390 1.586 1.657 1.591 1.506 1.422 1.492 1.488 1.152 0.948 1.230 1.345 1.471 1.491 1.522 1.672 1.688 1.710 1.727 1.770 1.812 1.697 1.654 1.736 1.377 1.410 1.457 1.449 1.342 1.396 1.257 1.128
4.057 4.051 4.036 3.999 3.973 3.941 3.930 3.926 3.919 3.896 3.863 3.817 3.757 3.726 3.701 3.679 3.610 3.579 3.545 3.511 3.440 3.406 3.334 3.276 3.167 3.078 2.984 2.893 2.841 2.832 2.820 2.784 2.701 2.602 2.523 2.469 2.457 2.467 2.476 2.478 2.464 2.440 2.435 2.431 2.421 2.411 2.412 1.580 1.603 1.527 1.609 1.593 1.547 1.549 1.371 1.205 1.016 1.209 1.348 1.438 1.503 1.624 1.629 1.689 1.721 1.801 1.663 1.652 1.701 1.552 1.527 1.289 1.302 1.325 1.259 1.363 1.251
4.057 4.049 4.034 4.011 3.968 3.937 3.928 3.927 3.920 3.897 3.861 3.794 3.743 3.711 3.689 3.673 3.634 3.585 3.549 3.511 3.435 3.397 3.346 3.267 3.206 3.101 3.024 2.940 2.875 2.852 2.825 2.779 2.690 2.587 2.505 2.448 2.438 2.457 2.478 2.486 2.469 2.451 2.448 2.446 2.438 2.428 2.426 2.425 2.418 1.549 1.589 1.654 1.650 1.753 1.605 1.507 1.286 1.210 1.014 1.185 1.366 1.314 1.597 1.639 1.686 1.620 1.623 1.642 1.538 1.443 1.463 1.389 1.408 1.401 1.279 1.244 1.179
4.061 4.051 4.035 4.013 3.985 3.939 3.929 3.925 3.916 3.892 3.852 3.781 3.733 3.686 3.669 3.660 3.639 3.609 3.560 3.500 3.431 3.394 3.357 3.306 3.195 3.134 3.071 3.014 2.943 2.874 2.837 2.785 2.695 2.614 2.522 2.470 2.454 2.468 2.484 2.489 2.471 2.455 2.454 2.454 2.448 2.440 2.436 2.434 2.428 2.433 2.437 1.762 1.632 1.741 1.689 1.455 1.383 1.242 1.348 1.240 1.119 1.125 1.280 1.448 1.446 1.472 1.650 1.558 1.516 1.457 1.488 1.369 1.386 1.285 1.278 1.096 1.133
4.083 4.057 4.043 4.022 3.998 3.966 3.929 3.921 3.908 3.887 3.847 3.770 3.718 3.673 3.660 3.658 3.643 3.611 3.566 3.468 3.424 3.390 3.361 3.296 3.223 3.167 3.108 3.024 2.979 2.938 2.856 2.794 2.716 2.645 2.572 2.517 2.489 2.491 2.496 2.495 2.462 2.458 2.455 2.455 2.454 2.451 2.449 2.439 2.438 2.442 2.446 2.449 2.453 1.656 1.578 1.608 1.486 1.393 1.323 1.323 1.224 1.183 1.195 1.077 1.088 1.262 1.380 1.572 1.578 1.518 1.439 1.479 1.414 1.256 1.278 1.198 1.210
4.095 4.085 4.056 4.038 4.021 3.991 3.953 3.927 3.910 3.883 3.844 3.792 3.715 3.670 3.658 3.657 3.643 3.609 3.558 3.473 3.412 3.382 3.352 3.317 3.275 3.195 3.137 3.053 3.006 2.951 2.910 2.823 2.748 2.686 2.629 2.564 2.524 2.515 2.510 2.502 2.477 2.459 2.456 2.455 2.454 2.453 2.453 2.453 2.444 2.449 2.454 2.456 2.461 2.465 1.763 1.627 1.629 1.640 1.409 1.317 1.275 1.284 1.329 1.101 1.245 1.143 1.234 1.538 1.610 1.433 1.423 1.451 1.382 1.365 1.315 1.231 1.267
4.115 4.108 4.097 4.067 4.038 4.017 3.979 3.960 3.916 3.888 3.851 3.803 3.745 3.682 3.663 3.656 3.639 3.601 3.521 3.459 3.389 3.364 3.356 3.341 3.296 3.224 3.142 3.071 3.027 2.990 2.952 2.842 2.786 2.726 2.671 2.605 2.577 2.533 2.520 2.490 2.481 2.472 2.459 2.455 2.454 2.454 2.455 2.456 2.452 2.457 2.460 2.460 2.462 2.468 2.478 1.607 1.736 1.626 1.582 1.484 1.418 1.442 1.460 1.261 1.302 1.239 1.350 1.350 1.440 1.481 1.492 1.436 1.316 1.426 1.343 1.438 1.327
4.128 4.125 4.118 4.106 4.065 4.043 4.002 3.979 3.955 3.902 3.868 3.827 3.775 3.721 3.676 3.662 3.638 3.599 3.543 3.451 3.381 3.359 3.356 3.344 3.306 3.247 3.158 3.078 3.037 3.007 2.978 2.915 2.823 2.758 2.698 2.626 2.591 2.546 2.508 2.500 2.485 2.468 2.463 2.456 2.456 2.457 2.458 2.453 2.455 2.459 2.461 2.461 2.463 2.470 2.484 2.503 1.764 1.698 1.662 1.609 1.597 1.452 1.538 1.505 1.388 1.136 1.152 1.323 1.345 1.271 1.315 1.352 1.482 1.199 1.374 1.273 1.203
4.142 4.141 4.138 4.125 4.092 4.052 4.025 4.000 3.976 3.936 3.900 3.865 3.817 3.782 3.731 3.674 3.644 3.603 3.549 3.483 3.387 3.362 3.355 3.342 3.304 3.244 3.154 3.074 3.034 3.015 2.996 2.947 2.885 2.792 2.690 2.626 2.584 2.558 2.524 2.489 2.486 2.483 2.480 2.475 2.460 2.461 2.462 2.456 2.459 2.458 2.460 2.461 2.465 2.474 2.492 2.514 2.547 1.761 1.722 1.790 1.653 1.603 1.534 1.513 1.474 1.319 1.382 1.367 1.244 1.210 1.238 1.183 1.306 1.392 1.468 1.417 1.270
4.152 4.152 4.152 4.145 4.128 4.079 4.049 4.024 4.002 3.982 3.958 3.894 3.859 3.798 3.764 3.733 3.660 3.619 3.569 3.511 3.443 3.372 3.357 3.336 3.302 3.244 3.147 3.081 3.029 3.019 3.011 2.969 2.899 2.793 2.674 2.601 2.551 2.526 2.502 2.480 2.484 2.486 2.482 2.483 2.465 2.466 2.458 2.459 2.461 2.461 2.460 2.464 2.469 2.489 2.508 2.531 2.561 2.590 1.792 1.587 1.588 1.627 1.583 1.675 1.567 1.514 1.363 1.318 1.269 1.068 1.040 1.184 1.210 1.244 1.302 1.302 1.392
4.157 4.160 4.162 4.157 4.142 4.105 4.064 4.040 4.022 4.008 3.991 3.936 3.899 3.836 3.796 3.760 3.725 3.644 3.600 3.551 3.493 3.424 3.372 3.344 3.304 3.246 3.174 3.081 3.029 3.019 3.012 2.974 2.898 2.780 2.643 2.551 2.489 2.472 2.465 2.485 2.478 2.487 2.488 2.490 2.476 2.477 2.463 2.478 2.477 2.477 2.472 2.477 2.483 2.495 2.513 2.540 2.563 1.587 1.632 1.711 1.546 1.642 1.707 1.602 1.635 1.428 1.472 1.404 1.464 1.262 1.099 1.195 1.110 1.056 1.218 1.226 1.172
