includes/rochefort/floodfiles/results/res-0007.wd
ncols         730
nrows         472
xllcorner     380617.130607
yllcorner     6542069.774949
cellsize      20.000000
NODATA_value  -9999.000000
[rows 272 to 305 of 472, columns 77 to 153 of 730]
3.175 3.143 3.134 3.013 3.015 3.050 2.982 2.882 2.883 2.800 2.889 2.920 2.935 2.815 2.853 2.771 2.694 2.703 2.594 2.637 2.697 2.730 2.648 2.750 2.736 2.697 2.581 2.612 2.539 2.525 2.482 2.327 2.317 2.271 2.249 2.247 2.187 2.168 2.069 2.207 2.037 2.045 2.060 1.961 1.885 1.943 1.898 1.764 1.878 1.888 1.778 1.706 1.719 1.803 1.748 1.786 1.718 1.591 1.438 0.000 0.000 0.000 0.000 0.000 0.000 0.000 0.000 0.000 0.000 0.000 0.000 0.000 0.000 0.000 0.000 0.000 0.000
3.112 3.143 3.086 3.133 3.105 3.128 3.134 2.942 2.901 2.896 2.853 2.905 2.847 2.866 2.810 2.735 2.650 2.794 2.752 2.621 2.640 2.661 2.734 2.766 2.785 2.786 2.671 2.602 2.585 2.595 2.594 2.570 2.400 2.335 2.278 2.236 2.239 2.141 2.162 2.117 2.223 2.055 2.041 2.092 2.050 1.871 1.943 2.019 1.893 1.894 1.828 1.675 1.753 1.667 1.723 1.680 1.838 1.752 1.484 0.000 0.000 0.000 0.000 0.000 0.000 0.000 0.000 0.000 0.000 0.000 0.000 0.000 0.000 0.000 0.000 0.000 0.000
3.053 3.031 3.084 3.094 3.035 3.068 3.205 3.005 2.924 2.817 2.891 2.902 2.930 2.697 2.858 2.825 2.759 2.636 2.654 2.673 2.685 2.653 2.721 2.753 2.938 2.783 2.629 2.623 2.569 2.508 2.556 2.564 2.495 2.392 2.396 2.269 2.222 2.222 2.229 2.185 2.129 2.188 2.173 2.026 2.055 1.953 1.981 1.942 1.922 1.902 1.915 1.843 1.757 1.735 1.713 1.647 1.772 1.753 1.703 1.642 1.463 0.000 0.000 0.000 0.000 0.000 0.000 0.000 0.000 0.000 0.000 0.000 0.000 0.000 0.000 0.000 0.000
3.180 3.125 3.135 3.107 2.993 2.941 3.002 2.991 2.925 2.818 2.839 2.796 2.841 2.825 2.796 2.720 2.704 2.623 2.703 2.679 2.668 2.771 2.879 2.547 2.583 2.612 2.628 2.818 2.611 2.558 2.492 2.547 2.583 2.504 2.405 2.417 2.270 2.243 2.242 2.093 2.140 2.122 2.169 2.167 1.995 1.933 1.960 1.967 1.930 1.843 1.911 1.863 1.785 1.749 1.784 1.718 1.695 1.576 1.514 1.604 1.508 1.539 0.000 0.000 0.000 0.000 0.000 0.000 0.000 0.000 0.000 0.000 0.000 0.000 0.000 0.000 0.000
3.097 3.135 3.043 3.074 3.045 3.095 3.079 3.124 3.127 3.013 2.892 2.890 2.785 2.828 2.870 2.735 2.737 2.771 2.723 2.721 2.792 2.685 2.593 2.562 2.595 2.592 2.573 2.620 2.668 2.679 2.671 2.614 2.596 2.533 2.554 2.436 2.347 2.382 2.340 2.200 2.179 2.119 2.240 2.013 2.068 1.946 1.930 1.954 1.886 1.807 1.920 1.852 1.859 1.801 1.735 1.694 1.686 1.645 1.642 1.568 1.627 1.665 1.578 1.391 0.000 0.000 0.000 0.000 0.000 0.000 0.000 0.000 0.000 0.000 0.000 0.000 0.000
3.173 3.069 3.133 3.045 3.050 2.967 3.072 3.097 2.992 3.059 2.919 2.882 2.947 2.877 2.824 2.845 2.914 2.766 2.765 2.939 2.671 2.497 2.541 2.672 2.654 2.558 2.540 2.534 2.678 2.611 2.597 2.624 2.538 2.495 2.630 2.641 2.446 2.339 2.302 2.285 2.268 2.238 2.115 2.107 2.072 2.091 2.035 1.974 1.935 1.928 1.930 1.807 1.859 1.812 1.723 1.684 1.715 1.626 1.636 1.734 1.726 1.730 1.545 1.571 1.350 0.000 0.000 0.000 0.000 0.000 0.000 0.000 0.000 0.000 0.000 0.000 0.000
3.189 3.282 3.062 3.063 3.071 3.045 2.956 3.125 3.101 3.242 2.983 2.785 2.804 2.878 2.805 2.837 2.823 2.948 2.690 2.667 2.565 2.537 2.698 2.560 2.556 2.526 2.583 2.620 2.579 2.615 2.607 2.498 2.589 2.688 2.705 2.585 2.496 2.545 2.395 2.336 2.287 2.247 2.092 2.130 2.092 2.050 2.063 2.063 1.952 1.961 1.884 1.889 1.887 1.830 1.784 1.778 1.717 1.712 1.761 1.752 1.794 1.774 1.626 1.620 1.658 1.579 0.000 0.000 0.000 0.000 0.000 0.000 0.000 0.000 0.000 0.000 0.000
3.244 3.209 3.073 3.060 2.933 3.015 2.965 3.231 3.166 3.016 3.255 3.033 2.855 2.933 2.789 2.942 2.908 3.089 2.747 2.698 2.571 2.561 2.528 2.453 2.603 2.634 2.554 2.608 2.626 2.556 2.603 2.496 2.524 2.514 2.560 2.528 2.591 2.487 2.336 2.385 2.384 2.246 2.254 2.170 2.099 2.139 2.023 1.971 2.034 1.978 1.940 1.902 1.865 1.804 1.789 1.732 1.810 1.784 1.712 1.786 1.667 1.804 1.655 1.700 1.671 1.658 1.591 1.393 0.822 0.000 0.000 0.000 0.000 0.000 0.000 0.000 0.000
3.312 3.248 3.207 3.067 3.048 3.148 3.120 3.100 2.999 2.963 3.046 2.930 3.031 2.985 2.787 2.903 2.657 2.847 2.699 2.707 2.686 2.648 2.699 2.600 2.550 2.667 2.663 2.495 2.569 2.541 2.521 2.467 2.461 2.447 2.454 2.522 2.497 2.488 2.437 2.418 2.273 2.301 2.264 2.123 2.135 2.057 2.095 2.079 1.984 2.024 1.915 1.866 1.871 1.754 1.797 1.775 1.865 1.921 1.846 1.824 1.716 1.744 1.668 1.778 1.672 1.647 1.608 1.537 1.555 1.355 1.238 0.000 0.000 0.000 0.000 0.000 0.000
3.189 3.239 3.158 3.166 3.117 3.096 3.055 3.016 3.100 2.972 3.003 3.009 3.130 3.040 2.919 2.945 3.074 2.765 2.685 2.860 2.693 2.621 2.692 2.629 2.635 2.571 2.497 2.529 2.523 2.518 2.651 2.512 2.682 2.529 2.460 2.467 2.524 2.531 2.491 2.416 2.392 2.281 2.304 2.193 2.213 2.126 2.098 2.118 2.035 2.036 1.992 1.889 1.879 1.859 1.863 1.871 1.846 1.808 1.816 1.816 1.734 1.762 1.720 1.776 1.772 1.642 1.601 1.642 1.549 1.545 1.453 1.371 1.271 0.319 0.669 0.818 0.000
3.339 3.229 3.284 3.255 3.141 3.202 3.115 3.220 3.036 3.064 3.044 3.033 2.974 3.124 3.025 2.804 2.886 2.870 2.897 2.810 2.786 2.734 2.671 2.731 2.821 2.497 2.412 2.510 2.579 2.557 2.603 2.491 2.589 2.389 2.464 2.497 2.585 2.573 2.507 2.519 2.409 2.369 2.231 2.195 2.126 2.166 2.097 2.065 2.116 1.978 2.000 1.907 1.852 1.923 1.894 1.857 1.858 1.828 1.815 1.856 1.828 1.739 1.694 1.787 1.677 1.731 1.643 1.601 1.700 1.545 1.554 1.587 1.509 1.250 1.108 1.063 1.049
3.324 3.218 3.275 3.536 3.308 3.080 3.047 3.100 3.099 3.032 2.935 3.019 3.048 3.081 3.002 2.980 2.857 2.816 2.741 2.735 2.881 2.879 2.768 2.621 2.585 2.563 2.492 2.545 2.481 2.545 2.502 2.622 2.460 2.443 2.448 2.402 2.421 2.493 2.542 2.522 2.429 2.457 2.218 2.232 2.136 2.219 2.133 2.127 2.015 1.979 2.017 1.922 1.906 1.964 1.995 1.883 1.888 1.874 1.832 1.820 1.714 1.870 1.752 1.854 1.649 1.682 1.687 1.665 1.627 1.588 1.612 1.590 1.519 1.419 1.468 1.327 1.278
3.318 3.610 3.249 3.115 3.232 3.071 3.107 3.046 2.914 2.992 2.956 2.953 3.037 2.915 2.926 3.019 2.865 2.781 2.821 2.925 3.047 2.817 2.707 2.760 2.624 2.650 2.558 2.546 2.547 2.472 2.467 2.430 2.557 2.434 2.436 2.443 2.396 2.379 2.401 2.419 2.580 2.401 2.196 2.195 2.270 2.117 2.125 2.190 2.005 2.036 2.046 1.989 2.054 2.059 1.925 1.901 1.902 1.858 1.898 1.872 1.836 1.796 1.833 1.731 1.678 1.705 1.685 1.748 1.580 1.611 1.532 1.561 1.569 1.551 1.440 1.340 1.363
3.198 3.437 3.234 3.203 3.134 3.128 3.146 3.162 3.008 2.974 2.974 2.933 2.854 2.961 2.907 2.946 2.927 2.894 2.800 2.758 2.849 2.800 2.731 2.732 2.646 2.529 2.630 2.588 2.547 2.449 2.467 2.487 2.504 2.514 2.491 2.417 2.462 2.454 2.380 2.372 2.421 2.525 2.268 2.334 2.136 2.185 2.091 2.039 2.101 2.133 2.097 2.035 2.048 1.996 1.852 1.881 1.935 1.925 1.952 1.896 1.933 1.739 1.818 1.730 1.727 1.673 1.625 1.719 1.631 1.659 1.617 1.508 1.601 1.552 1.481 1.424 1.440
3.661 3.239 3.281 3.285 3.235 3.135 3.083 3.116 3.069 3.088 2.946 2.952 2.904 2.813 2.925 2.966 3.037 2.908 2.866 2.823 2.754 2.707 2.769 2.782 2.753 2.656 2.698 2.548 2.592 2.499 2.404 2.493 2.496 2.514 2.513 2.436 2.415 2.366 2.450 2.308 2.321 2.427 2.424 2.227 2.251 2.152 2.134 2.091 2.150 2.070 2.042 2.036 1.976 1.947 1.949 1.946 1.902 1.954 1.848 1.846 1.821 1.833 1.848 1.717 1.746 1.744 1.679 1.696 1.668 1.586 1.537 1.585 1.511 1.500 1.471 1.471 1.488
4.195 3.377 3.350 3.253 3.186 3.185 3.174 3.050 3.131 3.109 3.063 2.968 2.888 2.882 2.991 2.967 2.855 3.021 2.939 2.782 2.789 2.776 2.755 2.746 2.693 2.647 2.610 2.546 2.642 2.557 2.536 2.441 2.507 2.469 2.401 2.388 2.492 2.340 2.361 2.378 2.370 2.416 2.228 2.265 2.170 2.173 2.176 2.171 2.126 2.037 2.026 2.004 2.030 1.974 1.943 1.923 1.895 1.920 1.880 1.881 1.867 1.840 1.821 1.748 1.707 1.732 1.710 1.642 1.703 1.684 1.611 1.613 1.551 1.545 1.502 1.470 1.487
4.187 4.167 4.141 4.131 4.124 3.260 3.206 3.241 3.225 3.079 3.066 3.003 3.021 2.965 2.861 2.919 2.925 2.884 2.947 2.875 2.818 2.778 2.706 2.774 2.770 2.669 2.772 2.681 2.627 2.476 2.521 2.558 2.522 2.418 2.459 2.422 2.426 2.360 2.397 2.309 2.369 2.384 2.255 2.211 2.176 2.104 2.196 2.200 2.048 2.075 2.035 2.090 2.059 1.980 1.896 1.936 1.945 1.873 1.940 1.897 1.864 1.856 1.783 1.797 1.750 1.706 1.776 1.676 1.655 1.589 1.615 1.554 1.505 1.592 1.451 1.446 1.423
4.190 4.174 4.148 4.137 4.128 4.118 3.294 3.232 3.173 3.009 3.105 3.055 3.092 3.038 2.927 2.939 2.827 2.854 2.890 2.965 2.818 2.754 2.770 2.741 2.659 2.807 2.670 2.717 2.595 2.674 2.543 2.609 2.543 2.408 2.361 2.369 2.476 2.392 2.382 2.351 2.328 2.357 2.277 2.227 2.152 2.132 2.205 2.130 2.195 2.015 2.118 2.155 1.972 1.926 1.970 1.923 1.990 1.977 1.955 1.948 1.866 1.759 1.787 1.753 1.777 1.752 1.699 1.694 1.600 1.684 1.605 1.583 1.631 1.546 1.498 1.514 1.489
4.194 4.182 4.157 4.144 4.134 4.120 4.117 3.317 3.246 3.227 3.318 3.159 3.158 3.034 2.997 2.978 2.850 2.907 2.877 2.998 3.018 2.886 2.748 2.709 2.701 2.703 2.788 2.676 2.621 2.608 2.550 2.612 2.575 2.516 2.498 2.426 2.374 2.374 2.364 2.376 2.347 2.290 2.195 2.173 2.229 2.140 2.218 2.191 2.193 2.128 2.188 2.023 2.002 2.037 2.039 1.969 1.888 1.999 1.978 1.976 1.884 1.779 1.889 1.796 1.849 1.787 1.724 1.651 1.630 1.576 1.615 1.576 1.504 1.526 1.575 1.565 1.490
4.200 4.183 4.172 4.154 4.135 4.124 4.106 4.104 3.304 3.168 3.145 3.151 3.125 2.984 2.943 2.950 2.915 2.949 2.937 2.897 2.955 2.883 2.870 2.732 2.797 2.708 2.679 2.737 2.697 2.599 2.675 2.597 2.589 2.506 2.485 2.423 2.382 2.422 2.336 2.361 2.342 2.304 2.257 2.183 2.237 2.222 2.251 2.151 2.177 2.168 2.077 2.177 2.104 2.008 1.941 1.994 2.028 1.950 1.994 1.934 1.904 1.854 1.794 1.867 1.795 1.688 1.765 1.704 1.623 1.671 1.690 1.620 1.602 1.530 1.503 1.542 1.465
4.196 4.190 4.175 4.156 4.132 4.125 4.099 4.090 3.733 3.535 3.372 3.172 3.165 3.074 3.087 2.968 2.989 2.964 2.885 2.827 2.962 2.966 2.965 2.715 2.787 2.827 2.690 2.743 2.775 2.650 2.662 2.565 2.632 2.448 2.461 2.483 2.445 2.422 2.442 2.376 2.350 2.384 2.323 2.196 2.345 2.283 2.152 2.217 2.204 2.208 2.228 2.114 2.073 2.076 2.071 2.022 2.035 1.917 1.967 1.887 1.842 1.840 1.881 1.797 1.843 1.713 1.745 1.747 1.648 1.629 1.620 1.589 1.610 1.497 1.527 1.455 1.512
3.527 3.577 3.695 3.640 3.656 3.579 3.589 3.535 3.660 3.676 3.694 3.496 3.303 3.085 3.136 3.052 2.898 2.870 2.908 2.766 2.873 2.909 2.869 2.901 2.764 2.772 2.678 2.720 2.766 2.647 2.729 2.613 2.603 2.619 2.503 2.483 2.462 2.419 2.417 2.379 2.322 2.302 2.204 2.099 2.164 2.079 2.195 2.194 2.223 2.140 2.191 2.094 2.113 2.095 2.064 2.050 1.960 1.968 1.888 2.028 1.923 1.833 1.854 1.753 1.799 1.808 1.683 1.693 1.684 1.675 1.601 1.614 1.610 1.556 1.402 1.477 1.594
3.248 3.290 3.424 3.446 3.585 3.647 3.583 3.466 3.402 3.521 3.576 3.627 3.676 3.398 3.225 3.093 3.010 2.999 2.865 2.842 2.806 2.889 2.834 2.906 2.791 2.729 2.676 2.737 2.712 2.783 2.703 2.733 2.533 2.634 2.634 2.471 2.420 2.447 2.426 2.396 2.386 2.345 2.081 2.053 2.145 2.166 2.168 2.174 2.255 2.128 2.134 2.117 2.143 2.021 2.045 2.052 2.008 1.945 1.953 1.857 1.893 1.890 1.854 1.813 1.835 1.808 1.740 1.723 1.675 1.681 1.627 1.648 1.538 1.515 1.504 1.430 1.431
3.298 3.040 3.025 3.242 3.222 3.359 3.534 3.605 3.323 3.328 3.259 3.523 3.566 3.630 3.582 3.361 3.112 2.992 2.974 2.850 2.841 2.744 2.799 2.805 2.930 2.757 2.721 2.699 2.660 2.631 2.669 2.652 2.636 2.591 2.524 2.499 2.536 2.381 2.391 2.396 2.352 2.349 2.156 2.223 2.108 2.171 2.197 2.099 2.124 2.136 2.105 2.172 2.027 2.109 2.031 2.083 1.990 1.906 1.910 1.944 1.891 1.910 1.823 1.863 1.767 1.789 1.708 1.696 1.705 1.699 1.622 1.568 1.558 1.454 1.504 1.498 1.462
3.224 3.074 3.030 3.161 3.146 3.247 3.409 3.344 3.458 3.362 3.109 3.130 3.222 3.397 3.486 3.513 3.515 3.239 2.999 2.947 2.827 2.789 2.737 2.757 2.840 2.748 2.746 2.693 2.714 2.672 2.592 2.703 2.725 2.687 2.593 2.520 2.535 2.485 2.438 2.366 2.313 2.367 2.190 2.250 2.162 2.138 2.116 2.162 2.112 2.125 2.082 2.142 2.114 2.087 2.061 2.015 2.054 2.009 1.931 2.029 1.935 1.914 1.833 1.764 1.809 1.766 1.844 1.680 1.680 1.664 1.709 1.610 1.533 1.472 1.439 1.463 1.397
3.139 3.192 3.063 3.104 2.981 3.133 3.186 3.313 3.363 3.354 3.440 3.137 3.081 3.103 3.022 3.539 3.470 3.554 3.268 2.975 2.917 2.823 2.778 2.769 2.793 2.824 2.830 2.640 2.585 2.609 2.615 2.620 2.623 2.645 2.559 2.508 2.557 2.447 2.456 2.448 2.387 2.479 2.170 2.200 2.189 2.204 2.226 2.171 2.148 2.151 2.137 2.113 2.105 2.041 2.024 2.028 2.018 1.990 1.888 1.930 1.910 1.876 1.914 1.819 1.766 1.828 1.785 1.713 1.717 1.714 1.625 1.604 1.566 1.500 1.388 1.422 1.439
3.087 3.102 3.075 2.931 2.960 3.021 3.048 3.299 3.154 3.220 3.296 3.365 3.222 3.079 3.023 2.939 3.397 3.293 3.461 3.524 3.037 2.935 2.866 2.769 2.685 2.741 2.780 2.730 2.653 2.602 2.707 2.578 2.616 2.626 2.569 2.579 2.533 2.561 2.472 2.374 2.378 2.315 2.236 2.220 2.245 2.286 2.243 2.103 2.096 2.070 2.118 2.068 2.102 2.048 2.120 1.998 1.987 2.002 1.997 1.912 1.919 1.828 1.838 1.893 1.775 1.798 1.767 1.716 1.685 1.670 1.655 1.539 1.538 1.522 1.476 1.491 1.433
3.107 2.871 3.060 2.951 2.964 2.989 2.985 3.073 3.309 3.083 3.044 3.116 3.189 3.143 2.887 3.071 3.142 3.115 3.265 3.133 3.515 3.174 2.989 2.856 2.772 2.660 2.738 2.842 2.779 2.635 2.605 2.558 2.565 2.577 2.574 2.588 2.579 2.537 2.401 2.400 2.392 2.307 2.272 2.238 2.261 2.205 2.155 2.202 2.166 2.111 2.067 2.040 2.082 2.039 2.029 1.990 1.991 1.971 1.924 1.972 1.863 1.889 1.897 1.813 1.757 1.725 1.817 1.698 1.687 1.542 1.623 1.576 1.541 1.550 1.425 1.451 1.383
3.036 2.876 3.065 3.143 2.996 2.963 2.965 2.940 3.122 3.079 2.937 3.044 3.133 3.029 3.035 3.000 3.077 3.311 3.061 3.197 3.255 3.333 3.405 2.971 2.827 2.769 2.625 2.783 2.801 2.718 2.592 2.521 2.527 2.564 2.636 2.543 2.543 2.503 2.414 2.450 2.424 2.388 2.307 2.178 2.232 2.223 2.172 2.172 2.130 2.116 2.040 2.158 2.057 1.980 2.041 1.885 1.967 1.929 1.946 1.907 1.922 1.816 1.831 1.825 1.846 1.717 1.783 1.748 1.644 1.667 1.626 1.506 1.517 1.432 1.495 1.481 1.391
3.066 3.124 2.991 3.001 2.966 2.997 3.026 3.117 3.053 2.914 3.080 2.960 2.973 2.990 3.011 2.980 3.119 3.137 3.116 3.028 3.115 3.096 3.213 3.290 3.330 2.899 2.981 2.717 2.724 2.665 2.645 2.541 2.585 2.634 2.542 2.597 2.471 2.581 2.549 2.471 2.451 2.441 2.238 2.212 2.189 2.172 2.279 2.214 2.080 2.101 2.098 2.047 2.041 2.002 2.018 1.975 1.928 1.933 2.010 1.930 1.931 1.850 1.837 1.802 1.802 1.688 1.658 1.705 1.670 1.624 1.569 1.577 1.520 1.461 1.469 1.421 1.430
3.154 2.974 2.826 2.922 2.830 2.879 2.849 2.946 3.050 3.156 3.129 2.975 2.927 2.967 2.991 2.931 2.956 3.042 3.100 2.961 2.898 2.996 2.979 3.009 3.110 3.257 3.300 2.873 2.738 2.754 2.780 2.661 2.540 2.502 2.552 2.599 2.560 2.438 2.453 2.361 2.406 2.357 2.176 2.245 2.233 2.215 2.223 2.216 2.194 2.129 2.094 2.066 2.036 2.013 1.978 1.895 1.958 1.935 1.926 1.922 1.885 1.825 1.861 1.843 1.682 1.781 1.753 1.661 1.656 1.581 1.590 1.550 1.575 1.533 1.471 1.436 1.401
3.040 3.018 2.818 2.920 2.887 2.880 2.810 2.851 2.917 3.061 3.028 2.958 2.969 2.868 2.975 2.874 2.919 2.992 3.003 3.154 2.956 2.981 2.905 2.982 3.023 2.976 3.159 3.288 3.062 2.720 2.783 2.733 2.646 2.603 2.461 2.446 2.541 2.440 2.470 2.391 2.387 2.323 2.232 2.198 2.213 2.310 2.208 2.129 2.158 2.067 2.138 2.048 1.953 2.073 1.974 1.927 1.927 1.894 1.956 1.858 1.886 1.826 1.867 1.805 1.768 1.809 1.727 1.718 1.639 1.551 1.535 1.585 1.521 1.494 1.421 1.486 1.436
3.016 2.797 2.846 2.913 2.958 2.892 2.897 2.802 2.828 2.822 2.850 3.018 2.922 2.885 2.795 2.915 2.807 2.867 2.926 3.081 3.123 2.923 2.910 2.923 2.853 2.912 2.783 2.960 3.125 3.347 2.957 2.838 2.768 2.532 2.589 2.507 2.481 2.355 2.464 2.547 2.455 2.468 2.254 2.307 2.231 2.176 2.208 2.179 2.130 2.071 2.130 2.084 2.049 1.949 1.941 2.040 1.966 1.946 1.910 1.830 1.832 1.840 1.740 1.808 1.793 1.713 1.703 1.602 1.590 1.598 1.560 1.535 1.542 1.468 1.510 1.424 1.438
2.714 2.923 2.654 2.967 2.872 2.892 2.810 2.724 2.742 2.759 2.850 2.915 3.036 2.942 2.849 2.772 2.820 2.802 2.857 2.958 2.957 2.969 2.874 2.855 2.831 2.949 2.822 2.843 2.710 2.908 3.248 3.062 2.802 2.754 2.559 2.477 2.424 2.456 2.394 2.393 2.362 2.316 2.261 2.211 2.202 2.274 2.125 2.175 2.129 2.120 2.069 2.054 2.058 2.002 1.974 1.938 1.916 1.926 1.941 1.859 1.885 1.771 1.794 1.698 1.708 1.694 1.669 1.672 1.639 1.585 1.585 1.547 1.512 1.479 1.459 1.423 1.432
