includes/rochefort/floodfiles/results/res-0013.wd
ncols         730
nrows         472
xllcorner     380617.130607
yllcorner     6542069.774949
cellsize      20.000000
NODATA_value  -9999.000000
[rows 68 to 101 of 472, columns 462 to 538 of 730]
1.185 1.166 0.609 0.700 0.409 0.464 0.427 0.000 0.000 0.000 0.000 0.000 0.000 0.000 0.000 0.000 0.053 0.000 0.000 0.000 0.000 0.000 0.000 0.046 0.000 0.000 0.000 0.066 0.546 0.221 0.674 0.615 0.177 0.848 1.029 1.040 1.006 1.114 1.047 0.622 0.793 0.962 1.087 0.696 0.185 0.204 0.387 0.278 0.297 0.612 0.593 0.439 0.346 0.392 0.493 0.549 0.495 0.470 0.387 0.435 0.509 0.492 0.584 0.592 0.530 0.576 0.413 0.512 0.358 0.331 0.245 0.176 0.126 0.137 0.115 0.136 0.126
1.231 1.108 0.391 0.722 0.450 0.548 0.000 0.008 0.006 0.000 0.000 0.000 0.000 0.502 0.473 0.661 0.052 3.978 3.113 0.602 0.841 0.898 0.975 0.403 0.438 0.458 0.182 0.108 0.175 0.000 0.019 0.727 0.522 0.094 1.031 1.136 1.070 1.039 0.794 0.903 1.063 1.108 1.112 1.142 0.447 0.264 0.388 0.277 0.324 0.196 0.117 0.213 0.156 0.190 0.201 0.194 0.076 0.113 0.084 0.335 0.507 0.420 0.460 0.466 0.394 0.378 0.350 0.579 0.540 0.474 0.374 0.298 0.381 0.249 0.311 0.387 0.194
1.047 1.134 0.407 0.877 0.513 0.631 0.189 0.018 0.008 0.004 0.000 0.000 0.785 0.803 1.359 1.145 0.054 5.004 3.823 1.278 0.841 1.635 1.309 1.372 1.252 0.978 0.397 0.026 0.390 0.347 0.290 0.046 0.010 0.448 0.091 1.006 0.845 0.884 0.930 1.145 1.179 0.977 1.148 1.149 1.035 0.179 0.209 0.291 0.421 0.202 0.359 0.352 0.382 0.172 0.321 0.290 0.308 0.212 0.212 0.539 0.439 0.400 0.389 0.406 0.348 0.385 0.258 0.513 0.369 0.334 0.338 0.329 0.289 0.245 0.260 0.390 0.333
1.079 1.098 0.476 0.843 0.542 0.168 0.034 0.000 0.059 0.037 0.000 0.000 0.830 1.231 1.119 0.038 0.062 5.030 1.836 1.037 0.841 1.534 1.468 1.443 1.392 1.419 1.487 1.406 1.119 0.913 0.934 0.544 0.398 0.076 0.000 0.316 0.674 0.837 1.144 1.202 1.058 1.094 1.044 1.088 1.109 0.906 0.147 0.186 0.193 0.545 0.267 0.362 0.378 0.222 0.273 0.243 0.277 0.348 0.236 0.491 0.410 0.339 0.384 0.362 0.330 0.339 0.131 0.373 0.120 0.282 0.325 0.232 0.271 0.227 0.190 0.327 0.281
1.188 1.066 0.794 0.846 0.423 0.093 0.047 0.113 0.305 0.004 0.559 0.715 1.242 1.285 1.174 0.051 3.859 4.783 1.060 1.000 0.841 1.414 1.250 1.438 1.503 1.470 1.410 1.463 1.399 1.562 1.196 1.639 0.665 0.221 0.405 0.000 0.094 0.380 1.093 1.126 1.130 1.096 1.005 1.070 0.982 1.019 0.898 0.118 0.098 0.258 0.308 0.384 0.420 0.322 0.369 0.272 0.343 0.256 0.163 0.405 0.377 0.313 0.401 0.349 0.282 0.258 0.231 0.206 0.287 0.321 0.295 0.302 0.230 0.164 0.173 0.239 0.376
1.271 1.007 0.767 0.819 0.327 0.051 0.081 0.127 0.000 0.000 1.121 0.997 1.462 1.090 0.030 0.063 5.063 3.464 1.140 0.492 0.841 1.472 1.090 1.443 1.514 1.480 1.400 1.389 1.390 1.536 1.572 1.321 1.453 1.338 0.606 0.036 0.150 0.000 0.494 1.168 1.272 1.124 1.169 1.044 1.084 1.049 0.957 0.822 0.094 0.091 0.282 0.319 0.398 0.351 0.249 0.338 0.330 0.118 0.418 0.467 0.446 0.263 0.279 0.348 0.360 0.214 0.263 0.207 0.324 0.163 0.265 0.296 0.148 0.216 0.234 0.230 0.299
1.186 0.503 0.320 0.348 0.334 0.028 0.014 0.000 0.794 1.301 1.256 0.425 0.890 0.486 0.039 2.626 5.002 5.118 2.527 0.492 1.314 1.395 1.510 1.415 1.510 1.344 1.474 1.424 1.371 1.547 1.607 1.506 1.514 1.284 1.590 0.949 0.204 0.413 0.000 0.448 1.075 1.116 1.109 1.005 0.979 0.933 0.931 0.854 0.116 0.004 0.166 0.300 0.339 0.233 0.360 0.294 0.289 0.291 0.400 0.475 0.415 0.338 0.308 0.223 0.227 0.228 0.248 0.175 0.327 0.146 0.346 0.285 0.181 0.291 0.276 0.192 0.299
1.222 0.199 0.123 0.189 0.000 0.339 0.000 0.775 1.083 1.541 1.192 0.711 0.391 0.090 0.041 1.636 4.923 5.225 1.241 0.492 1.318 1.441 1.453 1.492 1.375 1.437 1.470 1.448 1.351 1.661 1.609 1.641 1.580 1.527 1.148 1.595 0.882 0.220 0.665 0.002 0.398 1.066 0.997 0.675 0.641 0.633 0.732 0.716 0.392 1.020 0.000 0.229 0.264 0.259 0.403 0.279 0.323 0.306 0.452 0.402 0.438 0.339 0.370 0.306 0.250 0.193 0.252 0.182 0.265 0.449 0.355 0.297 0.267 0.233 0.263 0.174 0.241
1.299 0.490 0.221 0.087 0.281 0.060 0.507 0.987 1.135 1.353 1.483 0.245 0.253 0.030 0.051 1.838 5.100 5.219 1.827 0.492 1.229 1.500 1.449 1.454 1.401 1.411 1.465 1.546 1.697 1.527 1.566 1.554 1.534 1.620 1.600 1.479 1.386 1.316 0.292 0.194 0.067 0.357 0.288 0.827 1.066 0.558 1.052 1.022 0.963 0.979 0.722 0.000 0.114 0.247 0.330 0.338 0.234 0.199 0.359 0.337 0.341 0.295 0.302 0.355 0.327 0.268 0.262 0.247 0.213 0.409 0.205 0.263 0.189 0.243 0.285 0.233 0.219
1.175 0.520 0.410 0.135 0.004 0.016 1.004 1.179 1.336 1.064 1.643 0.736 0.419 0.040 0.677 3.258 5.210 4.921 1.170 0.492 1.325 1.483 1.422 1.435 1.435 1.524 1.495 1.529 1.537 1.351 1.579 1.582 1.593 1.587 1.549 1.507 1.516 1.267 1.356 0.268 0.457 0.110 0.266 0.548 0.911 0.538 0.927 0.999 0.994 1.023 0.884 0.682 0.044 0.288 0.356 0.319 0.235 0.267 0.342 0.411 0.426 0.329 0.414 0.359 0.310 0.228 0.258 0.354 0.316 0.419 0.225 0.322 0.218 0.307 0.312 0.198 0.217
1.076 1.195 0.256 0.000 0.000 0.585 0.692 1.309 1.369 1.288 1.633 0.909 1.009 0.045 3.212 5.085 5.203 4.414 0.763 0.492 1.392 1.441 1.423 1.417 1.509 1.586 1.594 1.505 1.567 1.755 1.519 1.519 1.555 1.501 1.547 1.530 1.563 1.484 1.283 1.376 0.279 0.546 0.021 0.337 0.934 0.609 0.951 0.987 0.989 0.987 0.937 0.929 0.530 0.098 0.346 0.315 0.374 0.538 0.509 0.448 0.338 0.349 0.416 0.269 0.307 0.349 0.398 0.357 0.302 0.408 0.189 0.396 0.362 0.267 0.278 0.291 0.226
1.261 1.198 0.933 0.926 0.767 0.559 0.854 1.191 1.043 1.670 1.585 0.000 0.551 0.572 5.236 5.246 4.984 2.692 0.763 1.352 1.428 1.421 1.432 1.432 1.570 1.606 1.665 1.587 1.512 1.387 1.437 1.584 1.516 1.517 1.433 1.626 1.517 1.492 1.535 1.411 0.864 0.284 0.432 0.065 0.476 0.899 1.038 1.049 1.090 0.992 0.988 0.523 0.837 0.430 0.313 0.537 0.676 0.677 0.468 0.487 0.411 0.448 0.434 0.274 0.360 0.437 0.271 0.375 0.375 0.509 0.356 0.422 0.397 0.249 0.343 0.357 0.347
1.234 1.184 1.131 1.150 1.106 1.055 0.893 0.993 1.059 1.619 0.748 0.919 0.557 5.223 4.903 4.513 3.011 1.053 0.763 1.196 1.404 1.445 1.479 1.539 1.589 1.566 1.611 1.606 1.571 1.533 1.380 1.458 1.512 1.472 1.501 1.483 1.554 1.536 1.534 1.392 1.396 0.760 0.157 0.167 0.115 0.435 0.990 0.805 0.925 1.024 1.297 1.095 1.106 0.956 0.598 0.332 0.553 0.658 0.573 0.454 0.460 0.450 0.379 0.403 0.470 0.388 0.321 0.416 0.386 0.495 0.362 0.418 0.386 0.372 0.323 0.314 0.393
1.167 1.179 1.152 1.161 1.157 1.218 1.099 0.749 1.068 1.562 0.261 0.549 0.566 5.280 2.239 1.243 0.943 1.052 0.763 1.228 1.515 1.443 1.552 1.589 1.631 1.614 1.540 1.511 1.473 1.541 1.252 1.410 1.472 1.440 1.434 1.494 1.498 1.468 1.431 1.402 1.375 1.427 0.795 0.279 0.610 0.166 0.441 0.680 1.055 1.097 1.069 0.992 1.080 1.096 0.981 0.185 0.375 0.465 0.580 0.481 0.428 0.491 0.399 0.439 0.486 0.534 0.372 0.321 0.398 0.542 0.466 0.427 0.355 0.354 0.352 0.301 0.340
1.190 1.150 1.192 1.191 1.180 1.167 1.091 1.104 1.153 0.940 0.948 0.554 5.358 4.899 1.826 1.151 0.856 0.646 0.763 1.395 1.461 1.594 1.593 1.559 1.592 1.633 1.567 1.518 1.544 1.551 1.576 1.190 1.466 1.499 1.471 1.573 1.562 1.387 1.376 1.377 1.388 1.403 1.640 0.689 0.118 0.716 0.274 0.547 1.147 1.122 1.089 1.150 0.905 1.129 1.039 1.010 0.126 0.266 0.636 0.447 0.464 0.546 0.562 0.394 0.355 0.348 0.270 0.319 0.435 0.545 0.461 0.354 0.415 0.407 0.374 0.338 0.350
1.195 1.180 1.199 1.222 1.137 1.166 1.211 1.293 1.053 0.515 0.544 0.564 5.263 2.364 1.396 1.498 1.373 0.763 0.763 1.369 1.491 1.526 1.535 1.568 1.892 1.505 1.523 1.520 1.483 1.520 1.525 1.496 1.444 1.445 1.475 1.439 1.430 1.439 1.432 1.530 1.529 1.624 1.512 1.417 0.775 0.319 0.599 0.240 0.537 1.080 1.087 1.079 0.885 1.259 1.107 1.307 0.928 0.000 0.131 0.502 0.498 0.366 0.337 0.321 0.244 0.313 0.303 0.375 0.465 0.579 0.442 0.380 0.432 0.412 0.394 0.337 0.408
1.180 1.199 1.138 1.094 1.155 1.189 1.178 1.302 0.455 0.528 3.219 5.331 5.215 2.095 1.476 1.416 1.279 0.763 1.302 1.260 1.585 1.563 1.563 1.593 1.547 1.482 1.577 1.535 1.490 1.484 1.439 1.301 1.270 1.423 1.328 1.413 1.402 1.390 1.818 1.494 1.353 1.418 1.449 1.444 1.496 0.817 0.256 0.233 0.161 0.566 0.999 0.974 1.061 0.952 1.093 1.044 1.041 0.923 0.000 0.128 0.392 0.343 0.406 0.405 0.363 0.293 0.504 0.283 0.329 0.458 0.410 0.410 0.483 0.453 0.416 0.467 0.394
1.237 1.179 1.203 1.179 1.189 1.172 1.092 1.248 0.504 0.614 4.568 5.380 3.774 1.337 1.422 1.470 0.981 0.763 1.496 1.345 1.499 1.575 1.572 1.628 1.576 1.595 1.489 1.479 1.502 1.487 1.527 1.490 1.542 1.223 1.316 1.466 1.484 1.540 1.673 1.401 1.401 1.445 1.465 1.457 1.452 1.433 0.884 0.260 0.396 0.110 0.516 1.060 0.671 0.915 1.072 1.026 1.027 1.040 0.848 0.002 0.055 0.320 0.391 0.453 0.328 0.322 0.301 0.347 0.356 0.402 0.516 0.460 0.472 0.409 0.422 0.432 0.405
1.147 1.144 1.287 1.177 1.159 1.125 0.925 1.187 0.487 0.579 4.870 5.334 2.203 1.447 1.350 1.334 0.656 0.763 1.617 1.539 1.583 1.614 1.626 1.580 1.546 1.506 1.485 1.499 1.475 1.484 1.421 1.545 1.473 1.443 1.587 1.384 1.534 1.506 1.598 1.627 1.405 1.462 1.420 1.434 1.474 1.451 1.333 0.723 0.243 0.409 0.212 0.549 0.985 1.029 1.045 1.024 1.032 1.013 0.974 0.902 0.027 0.159 0.425 0.393 0.404 0.297 0.296 0.325 0.393 0.512 0.514 0.440 0.460 0.432 0.436 0.360 0.355
1.256 1.174 1.164 1.123 1.097 0.934 1.236 1.136 1.198 0.557 0.622 5.333 4.368 2.295 1.251 1.438 0.481 0.763 1.552 1.521 1.507 1.573 1.573 1.506 1.587 1.509 1.487 1.483 1.501 1.501 1.506 1.493 1.497 1.531 1.437 1.318 1.695 1.491 1.647 1.618 1.476 1.439 1.377 1.452 1.403 1.207 1.245 1.212 0.703 0.142 0.150 0.245 0.611 1.020 1.014 0.987 0.982 0.967 1.039 1.000 0.688 0.000 0.251 0.511 0.293 0.284 0.269 0.240 0.398 0.520 0.425 0.448 0.426 0.476 0.571 0.501 0.486
1.190 1.186 1.147 1.123 0.990 0.986 1.191 1.119 1.308 0.645 0.611 5.296 5.316 3.968 1.063 1.380 0.692 0.692 1.507 1.571 1.300 1.531 1.547 1.566 1.511 1.461 1.474 1.470 1.404 1.419 1.553 1.535 1.514 1.500 1.461 1.464 1.488 1.291 1.315 1.682 1.430 1.466 1.470 1.258 1.269 1.254 1.255 1.013 1.497 0.552 0.206 0.303 0.194 0.663 1.071 1.026 0.976 1.021 0.995 0.975 1.040 0.594 0.212 0.469 0.371 0.287 0.206 0.250 0.345 0.403 0.404 0.470 0.414 0.544 0.493 0.405 0.373
1.167 1.295 1.095 1.025 0.925 1.206 1.215 1.165 1.281 0.492 0.312 3.125 5.417 4.861 2.152 1.397 0.692 1.464 1.210 1.256 1.356 1.594 1.541 1.560 1.580 1.499 1.447 1.459 1.330 1.490 1.505 1.486 1.477 1.488 1.467 1.457 1.434 1.471 1.485 1.438 1.419 1.453 1.478 1.334 1.225 1.408 1.549 1.221 1.363 1.411 0.821 0.220 0.644 0.276 0.630 1.022 1.052 1.024 1.050 0.981 0.968 0.908 0.259 0.153 0.428 0.401 0.307 0.321 0.522 0.430 0.478 0.480 0.448 0.437 0.508 0.388 0.283
1.154 1.330 1.173 1.082 1.250 1.208 1.288 1.317 1.188 0.643 0.282 0.343 5.496 5.523 4.294 1.282 0.692 1.660 1.756 1.735 1.576 1.659 1.539 1.499 1.512 1.549 1.434 1.363 1.441 1.521 1.476 1.491 1.504 1.474 1.467 1.468 1.467 1.455 1.404 1.685 1.551 1.494 1.240 1.179 1.160 1.079 1.333 1.361 1.398 1.397 1.457 1.133 0.228 0.376 0.098 0.553 1.037 1.025 1.043 0.962 0.977 0.801 0.918 0.142 0.111 0.285 0.312 0.414 0.522 0.467 0.394 0.460 0.438 0.347 0.380 0.519 0.371
1.080 1.215 1.220 1.263 1.240 1.241 1.213 1.297 1.131 0.629 0.910 0.321 4.885 5.582 5.310 3.063 0.693 0.692 1.654 1.685 1.673 1.635 1.481 1.464 1.478 1.606 1.465 1.224 1.486 1.490 1.465 1.335 1.740 1.507 1.493 1.511 1.475 1.477 1.491 1.508 1.636 1.679 1.701 1.088 1.135 1.247 1.381 1.365 1.370 1.384 1.401 1.405 0.957 0.172 0.572 0.109 0.502 1.008 0.949 1.033 0.943 0.935 0.910 0.802 0.066 0.072 0.142 0.238 0.277 0.457 0.471 0.480 0.660 0.588 0.412 0.607 0.485
1.184 1.138 1.229 1.246 1.241 1.227 1.307 1.210 1.131 0.614 1.147 0.297 0.503 5.394 5.660 4.737 1.029 0.692 1.641 1.675 1.637 1.473 1.546 1.442 1.510 1.579 1.388 1.465 1.525 1.496 1.578 1.695 1.445 1.534 1.489 1.446 1.501 1.537 1.471 1.491 1.533 1.628 1.717 1.057 1.232 1.371 1.377 1.367 1.330 1.381 1.352 1.418 1.437 0.901 0.079 0.100 0.111 0.614 1.038 1.065 1.152 0.846 0.779 0.557 0.590 0.000 0.000 0.191 0.242 0.312 0.379 0.451 0.464 0.647 0.616 0.602 0.398
1.125 1.167 1.121 1.221 1.340 1.274 1.254 1.210 1.100 0.565 1.308 0.580 0.496 4.384 5.728 5.725 3.106 0.693 1.647 1.652 1.594 1.617 1.625 1.620 1.650 1.438 1.268 1.468 1.453 1.536 1.510 1.619 1.472 1.480 1.480 1.469 1.446 1.458 1.453 1.469 1.515 1.483 1.522 1.250 1.415 1.396 1.367 1.316 1.789 1.380 1.390 1.481 1.385 1.382 0.750 0.021 0.398 0.077 0.678 1.062 0.582 0.588 0.741 1.014 1.154 0.866 0.000 0.055 0.186 0.312 0.252 0.241 0.250 0.432 0.622 0.616 0.257
1.217 1.186 1.301 1.263 1.242 1.329 1.289 1.256 1.285 0.465 1.306 1.052 0.007 3.970 5.186 5.845 4.646 1.336 1.335 1.623 1.590 1.567 1.717 1.520 1.500 1.535 1.453 1.524 1.524 1.525 1.522 1.636 1.456 1.462 1.483 1.464 1.438 1.541 1.541 1.602 1.415 1.370 1.376 1.370 1.404 1.361 1.377 1.426 1.318 1.410 1.396 1.400 1.436 1.244 1.080 0.839 0.141 0.102 0.146 0.591 0.857 0.722 1.051 1.059 1.127 1.107 0.866 0.000 0.000 0.206 0.289 0.399 0.403 0.381 0.294 0.590 0.017
1.198 1.286 1.204 1.351 1.242 1.257 1.315 1.363 1.280 0.478 1.140 1.118 0.008 3.866 4.904 5.906 5.304 1.886 1.336 1.335 1.555 1.617 1.521 1.539 1.416 1.362 1.546 1.448 1.495 1.520 1.448 1.501 1.523 1.534 1.614 1.642 1.703 1.700 1.593 1.471 1.279 1.433 1.410 1.372 1.369 1.417 1.445 1.405 1.368 1.406 1.433 1.448 1.386 1.270 1.542 1.425 1.170 0.081 0.000 0.049 0.722 1.083 1.137 1.307 1.215 1.156 1.091 0.906 0.000 0.063 0.275 0.267 0.308 0.371 0.361 0.169 0.140
1.187 1.265 1.236 1.198 1.175 1.205 1.238 1.303 1.294 0.003 0.004 0.982 0.010 3.788 5.060 5.873 5.315 3.170 1.048 1.335 1.335 1.638 1.481 1.605 1.413 1.537 1.504 1.471 1.496 1.507 1.506 1.514 1.521 1.748 1.631 1.694 1.626 1.519 1.483 1.343 1.402 1.472 1.377 1.464 1.604 1.644 1.441 1.427 1.461 1.465 1.535 1.409 1.532 1.342 1.400 1.463 1.394 0.511 0.107 0.067 0.073 0.823 1.147 1.382 1.421 1.270 1.105 1.212 0.877 0.000 0.002 0.214 0.288 0.217 0.244 0.177 0.000
1.245 1.135 1.067 1.049 1.107 1.143 1.111 1.307 1.480 0.009 0.012 0.011 0.013 2.825 5.218 5.807 5.336 3.682 2.743 1.383 1.335 1.520 1.688 1.434 1.448 1.423 1.456 1.507 1.474 1.513 1.495 1.496 1.528 1.587 1.651 1.624 1.434 1.269 1.303 1.423 1.401 1.409 1.470 1.533 1.508 1.444 1.510 1.456 1.474 1.429 1.354 1.265 1.400 1.406 1.377 1.523 1.487 1.315 0.583 0.072 0.055 0.094 0.762 1.251 1.356 1.187 0.785 0.888 0.309 0.711 0.000 0.014 0.078 0.199 0.190 0.070 0.000
0.027 0.006 0.009 0.009 0.009 0.009 0.007 0.007 0.009 0.012 1.428 1.188 1.568 1.584 4.759 6.021 5.780 4.235 3.403 1.431 1.202 1.005 1.201 1.201 1.449 1.506 1.467 1.508 1.497 1.550 1.504 1.589 1.575 1.545 1.593 1.460 1.302 1.463 1.412 1.395 1.400 1.474 1.523 1.523 1.346 1.362 1.419 1.428 1.388 1.423 1.269 1.040 1.337 1.344 1.355 1.389 1.354 1.423 1.380 0.733 0.044 0.252 0.134 0.782 1.067 1.084 0.473 0.582 0.513 0.113 0.432 0.013 0.039 0.235 0.217 0.004 0.000
0.011 0.016 1.817 2.144 2.708 2.813 2.981 3.015 3.032 3.096 2.985 2.983 3.018 3.178 3.589 5.728 6.189 5.430 3.898 2.102 1.202 1.202 1.201 1.201 1.635 1.354 1.436 1.585 1.556 1.552 1.530 1.560 1.556 1.474 1.468 1.476 1.604 1.469 1.408 1.472 1.455 1.526 1.542 1.626 1.347 1.382 1.354 1.385 1.388 1.447 1.368 1.364 1.306 1.135 1.266 1.356 1.382 1.426 1.470 1.455 0.500 0.182 0.282 0.219 0.805 0.485 0.231 0.572 0.480 0.497 0.000 0.492 0.017 0.030 0.256 0.000 0.000
3.493 3.769 3.969 4.323 5.554 5.127 5.229 5.634 5.563 5.993 5.259 4.950 5.103 5.277 5.674 6.773 6.274 6.202 4.506 2.922 2.818 2.332 1.742 0.740 0.740 0.740 0.740 1.660 1.370 1.503 1.653 1.542 1.485 1.391 1.439 1.647 1.695 1.601 1.821 1.767 1.431 1.438 1.426 1.407 1.408 1.403 1.366 1.415 1.411 1.238 1.289 1.371 1.419 1.468 1.493 0.626 1.188 1.471 1.424 1.392 1.401 0.710 0.129 0.200 0.206 1.085 1.238 0.291 0.634 0.529 0.565 0.115 0.000 0.000 0.000 0.000 0.000
5.899 6.638 6.321 6.549 7.262 6.826 7.263 6.730 6.403 6.314 6.708 6.993 7.435 6.645 6.758 7.248 6.989 6.754 6.679 5.618 4.117 3.668 3.151 2.846 2.334 1.685 0.740 0.740 0.690 0.690 0.690 1.459 1.480 1.501 1.562 1.520 1.641 1.650 1.628 1.514 1.376 1.173 1.389 1.311 1.192 1.295 1.407 1.435 1.373 1.383 1.551 1.443 1.408 1.532 1.489 1.606 1.503 1.603 1.283 1.350 1.031 1.451 0.419 0.203 0.244 0.256 0.936 1.232 0.391 0.586 0.494 0.193 0.569 0.000 0.000 0.000 0.000
