includes/rochefort/floodfiles/results/res-0009.wd
ncols         730
nrows         472
xllcorner     380617.130607
yllcorner     6542069.774949
cellsize      20.000000
NODATA_value  -9999.000000
[rows 170 to 203 of 472, columns 154 to 230 of 730]
6.136 6.279 6.452 6.533 6.561 6.564 6.557 6.525 6.489 6.480 6.462 6.330 6.161 6.094 6.168 5.856 5.294 4.595 4.048 3.454 3.257 3.111 2.256 1.455 0.664 0.000 0.000 0.000 0.000 0.000 0.000 0.031 0.000 0.000 0.000 0.000 0.000 0.000 0.000 0.000 0.000 0.000 0.000 0.000 0.000 0.000 0.000 0.000 0.000 0.000 0.000 0.000 0.000 0.000 0.000 0.000 0.000 0.000 0.000 0.000 0.000 0.000 0.000 0.000 0.000 0.000 0.000 0.000 0.000 0.000 0.000 0.000 0.000 0.000 0.000 0.000 0.000
6.027 6.209 6.509 6.690 6.719 6.658 6.623 6.664 6.652 6.598 6.601 6.537 6.391 6.180 6.152 5.921 5.467 5.129 4.756 3.883 3.328 2.994 2.458 1.961 0.444 0.000 0.000 0.000 0.000 0.000 0.062 0.000 0.007 0.000 0.000 0.000 0.000 0.000 0.000 0.000 0.000 0.000 0.000 0.000 0.000 0.000 0.000 0.000 0.000 0.000 0.000 0.000 0.000 0.000 0.000 0.000 0.000 0.000 0.000 0.000 0.000 0.000 0.000 0.000 0.000 0.000 0.000 0.000 0.000 0.000 0.000 0.000 0.000 0.000 0.000 0.000 0.000
5.811 6.139 6.464 6.759 6.788 6.696 6.694 6.776 6.757 6.690 6.683 6.694 6.521 6.289 6.077 5.899 5.523 5.528 5.208 4.444 3.823 3.252 2.690 2.536 1.951 0.120 0.000 0.000 0.000 0.000 0.000 0.000 0.000 0.000 0.000 0.000 0.000 0.000 0.000 0.000 0.000 0.000 0.000 0.000 0.000 0.000 0.000 0.000 0.000 0.000 0.000 0.000 0.000 0.000 0.000 0.000 0.000 0.000 0.000 0.000 0.000 0.000 0.000 0.000 0.000 0.000 0.000 0.000 0.000 0.000 0.000 0.000 0.000 0.000 0.000 0.000 0.000
5.449 5.880 6.328 6.576 6.673 6.686 6.761 6.876 6.840 6.737 6.698 6.672 6.558 6.382 6.133 5.928 5.622 5.535 5.337 4.814 4.377 3.784 2.906 2.631 2.228 1.475 0.005 0.000 0.000 0.000 0.000 0.016 0.000 0.000 0.000 0.000 0.000 0.000 0.000 0.000 0.000 0.000 0.000 0.000 0.000 0.000 0.000 0.000 0.000 0.000 0.000 0.000 0.000 0.000 0.000 0.000 0.000 0.000 0.000 0.000 0.000 0.000 0.000 0.000 0.000 0.000 0.000 0.000 0.000 0.000 0.000 0.000 0.000 0.000 0.000 0.000 0.000
5.226 5.545 6.017 6.339 6.490 6.595 6.737 6.838 6.844 6.764 6.729 6.738 6.682 6.543 6.344 6.170 5.769 5.607 5.299 4.975 4.895 4.438 3.590 2.789 2.306 1.823 0.306 0.000 0.000 0.000 0.000 0.000 0.000 0.017 0.000 0.000 0.000 0.000 0.000 0.000 0.000 0.000 0.000 0.000 0.000 0.000 0.000 0.000 0.000 0.000 0.000 0.000 0.000 0.000 0.000 0.000 0.000 0.000 0.000 0.000 0.000 0.000 0.000 0.000 0.000 0.000 0.000 0.000 0.000 0.000 0.000 0.000 0.000 0.000 0.000 0.000 0.000
5.079 5.390 5.807 6.112 6.267 6.499 6.602 6.691 6.820 6.859 6.850 6.880 6.850 6.880 6.751 6.501 6.091 5.816 5.464 5.057 5.011 4.678 4.009 3.476 2.462 1.931 1.843 0.105 0.000 0.000 0.000 0.000 0.000 0.000 0.000 0.000 0.000 0.000 0.000 0.000 0.000 0.000 0.000 0.000 0.000 0.000 0.000 0.000 0.000 0.000 0.000 0.000 0.000 0.000 0.000 0.000 0.000 0.000 0.000 0.000 0.000 0.000 0.000 0.000 0.000 0.000 0.000 0.000 0.000 0.000 0.000 0.000 0.000 0.000 0.000 0.000 0.000
5.080 5.414 5.714 6.055 6.163 6.297 6.507 6.620 6.792 6.975 7.053 7.003 6.971 7.078 7.032 6.687 6.357 6.171 5.819 5.394 5.007 4.687 4.462 4.114 3.163 2.261 1.879 1.499 0.038 0.000 0.000 0.000 0.000 0.000 0.000 0.000 0.000 0.000 0.000 0.000 0.000 0.000 0.000 0.000 0.000 0.000 0.000 0.000 0.000 0.000 0.000 0.000 0.000 0.000 0.000 0.000 0.000 0.000 0.000 0.000 0.000 0.000 0.000 0.000 0.000 0.000 0.000 0.000 0.000 0.000 0.000 0.000 0.000 0.000 0.000 0.000 0.000
5.100 5.542 5.949 6.019 6.054 6.284 6.360 6.468 6.853 7.165 7.262 7.110 7.041 7.064 7.013 6.708 6.411 6.342 6.112 5.680 5.377 4.807 4.751 4.804 3.948 2.968 2.171 1.608 0.562 0.000 0.000 0.000 0.000 0.000 0.000 0.000 0.000 0.000 0.000 0.000 0.000 0.000 0.000 0.000 0.000 0.000 0.000 0.000 0.000 0.000 0.000 0.000 0.000 0.000 0.000 0.000 0.000 0.000 0.000 0.000 0.000 0.000 0.000 0.000 0.000 0.000 0.000 0.000 0.000 0.000 0.000 0.000 0.000 0.000 0.000 0.000 0.000
4.980 5.526 6.031 6.045 6.014 6.276 6.354 6.416 6.843 7.233 7.324 7.168 7.063 7.024 6.937 6.728 6.508 6.410 6.287 6.056 5.819 5.287 4.879 4.739 4.114 3.682 3.041 2.124 1.666 0.365 0.000 0.000 0.000 0.000 0.000 0.000 0.000 0.000 0.000 0.000 0.000 0.000 0.000 0.000 0.000 0.000 0.000 0.000 0.000 0.000 0.000 0.000 0.000 0.000 0.000 0.000 0.000 0.000 0.000 0.000 0.000 0.000 0.000 0.000 0.000 0.000 0.000 0.000 0.000 0.000 0.000 0.000 0.000 0.000 0.000 0.000 0.000
4.354 5.040 5.517 5.705 5.777 6.145 6.279 6.424 6.680 7.006 7.109 7.087 7.132 7.105 7.007 6.874 6.733 6.574 6.447 6.439 6.281 5.744 5.130 4.703 4.405 4.286 4.040 2.916 2.441 1.587 0.313 0.000 0.000 0.000 0.000 0.000 0.000 0.000 0.001 0.000 0.000 0.000 0.000 0.000 0.000 0.000 0.000 0.000 0.000 0.000 0.000 0.000 0.000 0.000 0.000 0.000 0.000 0.000 0.000 0.000 0.000 0.000 0.000 0.000 0.000 0.000 0.000 0.000 0.000 0.000 0.000 0.000 0.000 0.000 0.000 0.000 0.000
3.569 4.159 4.756 5.062 5.410 5.634 5.989 6.190 6.517 6.811 6.958 7.079 7.214 7.217 7.179 7.176 7.030 6.833 6.626 6.639 6.516 6.002 5.601 5.172 4.552 4.341 4.100 3.536 3.358 2.538 1.714 0.202 0.000 0.000 0.000 0.000 0.072 0.000 0.000 0.000 0.000 0.000 0.000 0.000 0.000 0.000 0.000 0.000 0.000 0.000 0.000 0.000 0.000 0.000 0.000 0.000 0.000 0.000 0.000 0.000 0.000 0.000 0.000 0.000 0.000 0.000 0.000 0.000 0.000 0.000 0.000 0.000 0.000 0.000 0.000 0.000 0.000
2.745 3.232 3.944 4.392 4.810 5.174 5.570 6.054 6.292 6.575 6.831 7.221 7.356 7.353 7.379 7.502 7.406 7.107 6.789 6.656 6.520 6.281 6.103 5.629 4.939 4.414 4.120 3.659 3.552 3.089 2.315 1.986 0.176 0.000 0.000 0.000 0.000 0.000 0.000 0.000 0.000 0.000 0.000 0.000 0.000 0.000 0.000 0.000 0.000 0.000 0.000 0.000 0.000 0.000 0.000 0.000 0.000 0.000 0.000 0.000 0.000 0.000 0.000 0.000 0.000 0.000 0.000 0.000 0.000 0.000 0.000 0.000 0.000 0.000 0.000 0.000 0.000
1.235 2.594 3.419 4.106 4.400 4.723 5.320 5.963 6.356 6.488 6.819 7.352 7.625 7.458 7.447 7.652 7.581 7.244 7.003 6.772 6.652 6.505 6.571 6.211 5.561 4.892 4.386 4.006 3.691 3.227 2.686 2.718 1.716 0.189 0.000 0.000 0.000 0.000 0.000 0.000 0.000 0.000 0.000 0.000 0.000 0.000 0.000 0.000 0.000 0.000 0.000 0.000 0.000 0.000 0.000 0.000 0.000 0.000 0.000 0.000 0.000 0.000 0.000 0.000 0.000 0.000 0.000 0.000 0.000 0.000 0.000 0.000 0.000 0.000 0.000 0.000 0.000
0.848 1.225 3.302 4.002 4.222 4.335 5.111 5.989 6.467 6.390 6.694 7.199 7.462 7.334 7.363 7.453 7.428 7.281 7.206 7.009 6.822 6.603 6.607 6.470 6.123 5.731 5.258 4.664 4.330 3.811 3.028 2.519 2.071 1.591 0.219 0.000 0.000 0.000 0.000 0.000 0.000 0.000 0.000 0.000 0.000 0.000 0.000 0.000 0.000 0.000 0.000 0.000 0.000 0.000 0.000 0.000 0.000 0.000 0.000 0.000 0.000 0.000 0.000 0.000 0.000 0.000 0.000 0.000 0.000 0.000 0.000 0.000 0.000 0.000 0.000 0.000 0.000
0.654 0.818 1.187 3.799 4.167 4.276 4.798 5.493 5.994 6.104 6.366 6.789 6.997 7.080 7.206 7.265 7.300 7.360 7.413 7.315 7.000 6.705 6.586 6.477 6.343 6.359 5.912 5.226 5.224 4.849 3.797 3.064 2.677 2.497 2.000 0.959 0.000 0.000 0.000 0.000 0.009 0.000 0.000 0.000 0.000 0.000 0.000 0.000 0.000 0.000 0.000 0.000 0.000 0.000 0.000 0.000 0.000 0.000 0.000 0.000 0.000 0.000 0.000 0.000 0.000 0.000 0.000 0.000 0.000 0.000 0.000 0.000 0.000 0.000 0.000 0.000 0.000
0.677 0.927 0.784 1.187 3.700 3.871 4.259 4.716 5.298 5.552 5.896 6.134 6.355 6.704 6.801 7.004 7.168 7.407 7.563 7.433 7.128 7.003 6.775 6.557 6.389 6.435 6.141 5.620 5.329 5.079 4.594 4.235 3.225 2.634 2.358 1.573 1.153 0.000 0.000 0.000 0.000 0.000 0.000 0.000 0.000 0.000 0.000 0.000 0.000 0.000 0.000 0.000 0.000 0.000 0.000 0.000 0.108 0.000 0.000 0.000 0.000 0.000 0.000 0.000 0.000 0.000 0.000 0.000 0.000 0.000 0.000 0.000 0.000 0.000 0.000 0.000 0.000
0.512 0.442 0.719 0.767 1.198 3.295 3.446 3.831 4.530 5.075 5.612 5.801 5.993 6.348 6.621 6.797 6.927 7.217 7.401 7.379 7.311 7.197 7.003 6.747 6.568 6.368 6.099 5.801 5.408 5.096 4.964 5.047 4.063 3.160 2.643 2.257 2.158 1.579 0.000 0.000 0.000 0.000 0.000 0.000 0.000 0.000 0.000 0.000 0.000 0.000 0.000 0.000 0.000 0.000 0.000 0.000 0.044 0.014 0.000 0.000 0.000 0.000 0.000 0.000 0.000 0.000 0.000 0.000 0.000 0.000 0.000 0.000 0.000 0.000 0.000 0.000 0.000
0.296 0.458 0.572 0.734 0.795 1.172 2.594 3.019 3.973 5.006 5.572 5.614 5.858 6.398 6.675 6.704 6.768 7.040 7.165 7.228 7.418 7.523 7.375 7.070 6.884 6.666 6.353 6.134 5.903 5.363 5.077 4.878 4.488 3.980 3.495 2.975 2.867 2.272 1.294 0.933 0.000 0.000 0.000 0.000 0.008 0.000 0.000 0.000 0.000 0.000 0.000 0.000 0.000 0.000 0.022 0.011 0.046 0.000 0.014 0.000 0.000 0.000 0.000 0.000 0.000 0.000 0.000 0.000 0.000 0.000 0.000 0.000 0.000 0.000 0.000 0.000 0.000
0.305 0.342 0.405 0.465 0.607 0.770 1.080 2.513 3.550 4.785 5.515 5.535 5.738 6.349 6.717 6.592 6.683 6.791 6.974 7.165 7.496 7.777 7.597 7.335 7.259 7.133 6.941 6.708 6.550 6.031 5.528 5.254 4.976 5.031 4.612 3.491 2.958 2.537 2.131 1.768 1.085 0.000 0.000 0.000 0.000 0.000 0.000 0.000 0.000 0.000 0.000 0.000 0.000 0.000 0.000 0.057 0.001 0.014 0.000 0.000 0.000 0.000 0.000 0.000 0.000 0.000 0.000 0.000 0.000 0.000 0.000 0.000 0.000 0.000 0.000 0.000 0.000
0.208 0.269 0.224 0.404 0.475 0.734 0.760 1.102 3.286 4.177 4.752 5.085 5.396 5.837 6.201 6.278 6.633 6.812 6.825 6.956 7.369 7.610 7.528 7.461 7.556 7.398 7.126 7.122 7.055 6.536 6.197 5.873 5.442 5.268 5.110 4.217 3.662 3.161 3.132 3.071 2.219 1.226 0.995 0.000 0.000 0.000 0.000 0.000 0.000 0.000 0.000 0.000 0.000 0.000 0.009 0.000 0.000 0.000 0.000 0.000 0.000 0.000 0.000 0.000 0.000 0.000 0.000 0.000 0.000 0.000 0.000 0.000 0.000 0.000 0.000 0.000 0.000
0.067 0.193 0.252 0.356 0.439 0.394 0.606 0.696 1.078 3.194 3.784 4.061 4.602 5.020 5.572 6.005 6.433 6.826 6.741 6.792 7.091 7.264 7.340 7.492 7.703 7.550 7.215 7.119 7.060 6.687 6.548 6.500 5.832 5.339 5.131 4.773 4.502 4.068 3.776 3.897 3.019 2.431 1.879 1.334 0.954 0.000 0.000 0.000 0.000 0.000 0.000 0.000 0.000 0.000 0.000 0.000 0.000 0.031 0.006 0.000 0.000 0.000 0.000 0.000 0.000 0.000 0.000 0.000 0.000 0.000 0.000 0.000 0.000 0.000 0.000 0.000 0.000
0.093 0.126 0.094 0.169 0.368 0.324 0.381 0.535 0.715 1.075 2.888 3.122 3.348 3.924 4.575 5.193 5.843 6.261 6.306 6.334 6.589 6.896 7.080 7.324 7.468 7.400 7.233 7.091 6.976 6.775 6.606 6.582 6.230 5.901 5.560 5.502 5.524 4.925 4.158 3.762 3.327 3.157 3.028 2.599 1.954 1.581 0.317 0.000 0.000 0.000 0.000 0.000 0.000 0.000 0.000 0.000 0.000 0.000 0.000 0.000 0.000 0.000 0.000 0.000 0.000 0.000 0.000 0.000 0.000 0.000 0.000 0.000 0.000 0.000 0.061 0.039 0.102
0.037 0.137 0.184 0.094 0.154 0.160 0.298 0.383 0.558 0.736 0.941 2.568 2.613 3.146 4.017 4.580 5.014 5.610 5.869 5.977 6.265 6.477 6.816 7.042 7.163 7.313 7.234 7.151 7.066 6.892 6.783 6.669 6.522 6.368 5.998 5.847 5.985 5.493 4.780 4.178 3.658 3.409 3.368 2.995 2.965 2.712 1.882 1.585 1.154 0.152 0.000 0.000 0.000 0.000 0.000 0.000 0.000 0.000 0.000 0.000 0.000 0.000 0.000 0.000 0.000 0.000 0.000 0.000 0.000 0.000 0.000 0.000 0.000 0.012 0.146 0.045 0.087
0.004 0.006 0.076 0.023 0.137 0.234 0.181 0.241 0.342 0.491 0.769 0.902 2.230 2.871 3.796 4.056 4.370 5.078 5.555 5.772 5.889 6.380 6.735 6.905 7.062 7.246 7.426 7.310 7.102 7.040 6.956 6.837 6.859 6.804 6.496 6.018 5.858 5.552 5.249 4.877 4.351 3.707 3.485 3.269 3.152 3.014 2.736 2.731 2.506 1.885 1.286 0.946 0.385 0.074 0.000 0.000 0.000 0.000 0.000 0.000 0.000 0.000 0.000 0.000 0.000 0.000 0.000 0.000 0.000 0.000 0.000 0.000 0.000 0.057 0.082 0.000 0.063
0.024 0.000 0.000 0.015 0.047 0.010 0.111 0.007 0.272 0.410 0.555 0.734 0.885 1.142 3.745 3.990 4.081 4.692 5.463 5.738 5.795 6.398 6.970 6.915 7.068 7.528 7.724 7.392 7.207 7.166 7.114 6.995 7.038 7.088 6.724 6.378 6.149 5.972 5.980 6.018 5.365 4.441 4.012 3.713 3.503 3.306 3.061 3.127 2.981 2.783 2.779 2.063 1.406 1.152 1.266 1.473 1.202 0.264 0.001 0.000 0.000 0.000 0.000 0.000 0.000 0.000 0.000 0.000 0.000 0.000 0.000 0.000 0.000 0.000 0.000 0.000 0.000
0.028 0.000 0.000 0.000 0.031 0.000 0.008 0.080 0.211 0.130 0.256 0.481 0.697 0.810 1.042 3.707 3.770 4.174 4.932 5.292 5.471 6.109 6.639 6.722 6.906 7.651 7.924 7.427 7.200 7.174 7.127 7.089 7.063 7.046 6.877 6.748 6.509 6.305 6.385 6.496 5.929 5.441 4.764 4.431 4.190 4.109 3.834 3.460 3.263 3.264 3.531 2.949 2.401 2.089 1.917 2.017 1.758 1.889 1.775 1.070 0.989 0.802 0.568 0.438 0.279 0.003 0.000 0.000 0.000 0.000 0.000 0.000 0.000 0.000 0.000 0.000 0.000
0.006 0.000 0.000 0.000 0.001 0.082 0.000 0.014 0.002 0.064 0.067 0.280 0.313 0.604 0.737 1.069 3.186 3.279 3.804 4.189 4.783 5.282 5.856 6.068 6.536 7.105 7.317 7.177 7.091 7.159 7.143 7.164 7.130 7.084 6.973 6.970 6.823 6.570 6.368 6.283 6.007 5.690 5.587 5.179 4.978 4.984 4.579 4.136 3.908 3.619 3.522 3.410 3.322 3.306 2.713 2.345 2.154 1.999 2.015 2.117 2.490 2.030 1.633 1.315 0.989 0.912 0.664 0.630 0.504 0.737 1.078 0.928 0.900 0.797 0.811 0.853 0.795
0.005 0.000 0.000 0.009 0.002 0.000 0.001 0.002 0.000 0.005 0.053 0.035 0.159 0.288 0.522 0.766 0.868 2.415 2.802 3.366 3.587 4.017 4.650 5.021 5.557 6.086 6.642 6.706 6.900 7.008 7.120 7.237 7.269 7.163 7.103 7.165 7.060 6.736 6.514 6.203 5.961 5.796 5.787 5.518 5.229 5.174 4.972 4.856 4.721 4.296 4.097 3.754 3.610 3.564 3.277 3.160 2.994 3.001 3.049 2.886 2.778 2.547 2.507 2.642 2.204 2.186 1.843 1.405 1.460 1.535 1.594 1.768 2.457 1.834 2.201 1.594 1.694
0.096 0.019 0.000 0.049 0.001 0.000 0.001 0.000 0.001 0.000 0.000 0.003 0.024 0.184 0.337 0.471 0.539 0.764 1.181 2.853 2.880 3.043 3.798 4.392 4.685 5.125 5.681 6.014 6.369 6.758 7.204 7.665 7.603 7.292 7.059 7.124 7.031 6.809 6.707 6.407 6.150 5.881 5.798 5.658 5.471 5.279 5.259 5.356 5.289 5.106 4.940 4.651 3.966 3.858 3.976 4.118 4.145 3.834 4.100 3.799 3.306 3.123 2.834 2.783 2.646 2.393 2.445 2.704 2.924 2.586 2.253 2.299 2.411 2.332 2.310 2.426 2.323
0.000 0.004 0.001 0.000 0.001 0.001 0.000 0.000 0.001 0.000 0.000 0.000 0.000 0.065 0.106 0.206 0.296 0.654 0.814 1.104 2.637 2.717 3.448 4.138 4.254 4.622 5.428 5.905 6.147 6.519 7.270 8.076 7.846 7.209 7.045 6.976 6.994 6.934 6.887 6.759 6.458 6.239 6.091 5.860 5.740 5.609 5.453 5.433 5.386 5.431 5.723 5.335 4.897 4.572 4.426 4.385 4.365 4.240 4.384 4.234 3.919 3.978 3.625 3.287 3.201 3.210 3.186 3.290 3.376 3.353 3.895 3.789 3.211 3.183 3.186 3.263 3.240
0.116 0.004 0.001 0.000 0.003 0.000 0.000 0.000 0.000 0.047 0.000 0.000 0.000 0.000 0.000 0.004 0.209 0.290 0.594 0.673 0.931 2.821 3.276 3.994 4.192 4.419 5.257 6.005 6.059 6.171 6.878 7.522 7.396 7.031 6.854 6.795 6.809 6.981 7.031 6.927 6.774 6.694 6.528 6.427 6.229 6.045 5.850 5.646 5.613 5.660 5.812 5.623 5.389 5.327 5.030 4.683 4.601 4.577 4.626 4.609 4.722 4.891 4.506 4.590 4.418 4.266 4.471 4.241 3.993 3.942 4.135 4.136 3.808 3.874 3.713 3.660 3.725
0.006 0.000 0.000 0.030 0.058 0.000 0.035 0.000 0.000 0.001 0.022 0.000 0.000 0.000 0.000 0.000 0.001 0.095 0.284 0.394 0.618 0.879 2.845 3.391 3.863 4.233 4.928 5.505 5.627 5.657 6.171 6.494 6.618 6.793 6.778 6.706 6.711 6.920 7.036 6.969 7.016 7.117 6.889 6.589 6.464 6.372 6.208 6.039 6.009 5.867 5.819 5.676 5.578 5.525 5.392 5.233 5.059 5.158 5.199 5.167 5.043 5.014 5.030 5.348 5.418 4.889 4.796 4.701 4.694 4.728 4.604 4.333 4.179 4.083 4.083 4.082 4.196
0.000 0.057 0.001 0.001 0.090 0.000 0.000 0.000 0.000 0.000 0.053 0.000 0.015 0.000 0.041 0.000 0.001 0.000 0.001 0.030 0.504 0.517 0.723 2.528 3.040 3.509 3.925 4.612 4.780 4.738 5.061 5.597 6.022 6.738 6.911 6.556 6.399 6.694 6.818 6.917 7.198 7.519 7.152 6.680 6.475 6.466 6.421 6.453 6.374 6.291 6.116 6.000 5.836 5.724 5.864 5.924 5.936 5.870 6.014 5.800 5.466 5.327 5.293 5.445 5.452 5.221 5.103 5.110 5.566 5.698 5.262 5.106 4.940 4.869 4.753 4.805 4.908
0.000 0.005 0.000 0.000 0.000 0.050 0.038 0.000 0.000 0.000 0.000 0.014 0.000 0.001 0.001 0.000 0.001 0.000 0.000 0.002 0.000 0.202 0.347 0.663 2.214 2.431 2.777 3.344 3.733 4.098 4.239 4.699 5.338 6.213 6.557 6.155 5.927 6.123 6.310 6.688 7.037 7.221 6.976 6.773 6.600 6.534 6.526 6.530 6.535 6.586 6.648 6.523 6.312 6.216 6.275 6.455 6.405 6.223 6.187 6.036 5.876 5.819 5.692 5.562 5.595 5.600 5.673 5.643 5.758 5.778 5.637 5.904 5.674 5.446 5.505 5.355 5.320
