includes/rochefort/floodfiles/results/res-0009.wd
ncols         730
nrows         472
xllcorner     380617.130607
yllcorner     6542069.774949
cellsize      20.000000
NODATA_value  -9999.000000
[rows 306 to 339 of 472, columns 0 to 76 of 730]
3.750 3.732 3.693 3.673 3.648 3.632 3.616 3.577 3.561 3.545 3.529 3.500 3.486 3.468 3.444 3.411 3.365 3.339 3.337 3.335 3.322 3.283 3.239 3.194 3.149 3.116 3.105 3.094 3.060 3.014 2.975 2.938 2.904 2.875 2.858 2.846 2.803 2.772 2.756 2.730 2.698 2.666 2.631 2.616 2.599 2.599 2.590 2.560 2.532 2.510 2.500 2.496 2.505 2.506 2.484 2.439 2.402 2.376 2.355 2.341 2.332 2.323 2.313 1.532 1.489 1.533 1.168 1.449 1.284 1.029 1.003 1.093 0.973 0.983 0.960 0.967 0.896
3.748 3.726 3.685 3.662 3.642 3.620 3.607 3.572 3.556 3.540 3.505 3.487 3.471 3.453 3.419 3.386 3.349 3.336 3.324 3.317 3.300 3.258 3.216 3.172 3.119 3.103 3.096 3.089 3.054 3.003 2.951 2.903 2.863 2.832 2.815 2.775 2.743 2.716 2.693 2.665 2.636 2.585 2.569 2.553 2.564 2.534 2.524 2.502 2.480 2.485 2.483 2.490 2.508 2.511 2.485 2.432 2.387 2.352 2.333 2.319 2.303 2.297 2.278 2.247 1.504 1.300 1.557 1.440 1.358 1.183 0.959 0.921 1.061 1.019 0.908 0.786 0.939
3.749 3.719 3.675 3.648 3.627 3.612 3.589 3.568 3.541 3.522 3.483 3.465 3.444 3.426 3.408 3.362 3.344 3.325 3.296 3.284 3.264 3.234 3.193 3.133 3.107 3.091 3.095 3.087 3.046 2.989 2.922 2.866 2.821 2.791 2.764 2.746 2.685 2.652 2.616 2.612 2.551 2.528 2.516 2.483 2.469 2.472 2.463 2.448 2.434 2.430 2.457 2.469 2.484 2.487 2.460 2.406 2.362 2.330 2.312 2.300 2.299 2.294 2.275 2.237 1.305 1.355 1.354 1.150 0.954 0.923 1.053 0.966 0.976 1.085 0.706 0.748 0.740
3.740 3.700 3.653 3.624 3.604 3.594 3.580 3.567 3.540 3.516 3.474 3.452 3.430 3.414 3.398 3.352 3.333 3.316 3.272 3.255 3.233 3.206 3.176 3.128 3.087 3.077 3.077 3.064 3.017 2.959 2.895 2.831 2.774 2.753 2.736 2.719 2.671 2.622 2.571 2.523 2.484 2.462 2.451 2.420 2.400 2.388 2.379 2.387 2.378 2.356 2.387 2.403 2.429 2.431 2.396 2.359 2.329 2.306 2.298 2.298 2.303 2.294 2.258 2.218 2.182 1.098 1.244 1.276 1.280 1.232 1.054 0.783 1.025 0.880 1.078 0.729 0.513
3.717 3.682 3.638 3.611 3.593 3.587 3.582 3.569 3.538 3.493 3.463 3.439 3.420 3.403 3.365 3.346 3.323 3.280 3.239 3.210 3.187 3.163 3.139 3.087 3.068 3.050 3.042 3.014 2.977 2.921 2.862 2.784 2.753 2.740 2.740 2.718 2.660 2.592 2.524 2.462 2.415 2.385 2.363 2.356 2.340 2.326 2.314 2.301 2.285 2.288 2.303 2.323 2.334 2.338 2.326 2.305 2.286 2.280 2.282 2.290 2.298 2.288 2.247 2.202 2.166 2.143 1.241 1.251 1.006 0.833 1.138 1.040 0.894 0.808 1.000 0.914 0.916
3.697 3.654 3.625 3.601 3.587 3.583 3.581 3.565 3.536 3.484 3.450 3.424 3.407 3.384 3.361 3.331 3.300 3.246 3.214 3.180 3.156 3.135 3.081 3.062 3.046 3.028 2.987 2.964 2.929 2.886 2.834 2.764 2.730 2.733 2.731 2.702 2.634 2.556 2.474 2.401 2.335 2.310 2.301 2.285 2.271 2.252 2.229 2.206 2.203 2.203 2.218 2.218 2.221 2.256 2.254 2.245 2.239 2.228 2.242 2.254 2.265 2.254 2.213 2.175 2.146 2.132 1.088 1.162 1.035 1.139 1.056 0.869 0.820 0.921 0.841 0.831 0.824
3.663 3.635 3.614 3.596 3.584 3.575 3.570 3.553 3.522 3.459 3.425 3.403 3.392 3.388 3.369 3.334 3.293 3.230 3.189 3.154 3.123 3.105 3.055 3.037 3.017 2.962 2.940 2.914 2.854 2.820 2.772 2.721 2.711 2.705 2.694 2.660 2.589 2.511 2.429 2.340 2.289 2.266 2.266 2.259 2.235 2.202 2.163 2.126 2.098 2.105 2.101 2.111 2.135 2.146 2.151 2.161 2.163 2.173 2.185 2.200 2.197 2.190 2.169 2.144 2.122 2.118 2.130 1.033 1.003 0.792 0.832 0.849 1.083 0.729 0.755 0.846 0.884
3.640 3.626 3.602 3.589 3.566 3.559 3.544 3.525 3.496 3.442 3.413 3.394 3.389 3.389 3.374 3.336 3.272 3.210 3.159 3.119 3.093 3.052 3.010 2.986 2.958 2.899 2.862 2.833 2.805 2.779 2.711 2.692 2.675 2.639 2.621 2.584 2.528 2.466 2.375 2.314 2.267 2.258 2.258 2.239 2.203 2.154 2.096 2.040 2.000 1.982 1.997 2.015 2.042 2.058 2.081 2.093 2.096 2.107 2.111 2.117 2.127 2.126 2.116 2.103 2.096 2.096 2.110 1.157 0.829 0.858 0.965 1.011 1.183 0.921 0.920 0.946 0.900
3.600 3.589 3.578 3.568 3.550 3.529 3.518 3.501 3.467 3.429 3.402 3.388 3.384 3.383 3.366 3.323 3.251 3.166 3.109 3.069 3.047 3.023 3.005 2.970 2.931 2.862 2.821 2.781 2.755 2.734 2.669 2.652 2.629 2.578 2.554 2.518 2.472 2.418 2.347 2.285 2.263 2.255 2.247 2.214 2.167 2.105 2.034 1.952 1.904 1.897 1.918 0.947 0.948 1.998 1.999 1.995 2.020 2.031 2.037 2.038 2.053 2.045 2.061 2.057 2.045 1.154 0.774 0.983 0.694 0.771 0.890 0.728 1.138 1.034 0.959 0.635 0.752
3.580 3.572 3.563 3.553 3.517 3.507 3.496 3.467 3.448 3.414 3.395 3.382 3.362 3.358 3.337 3.290 3.216 3.139 3.083 3.044 3.029 3.021 3.002 2.958 2.882 2.824 2.772 2.731 2.701 2.645 2.629 2.609 2.551 2.484 2.455 2.421 2.383 2.345 2.284 2.265 2.247 2.235 2.203 2.168 2.125 2.061 1.977 1.904 1.851 1.846 0.876 0.850 0.794 0.886 1.940 1.925 1.918 1.932 1.962 1.971 1.978 1.986 1.989 1.993 0.827 0.915 0.788 0.927 0.729 0.956 0.781 0.687 0.812 0.831 0.923 0.828 0.858
3.558 3.552 3.543 3.520 3.509 3.487 3.475 3.449 3.413 3.395 3.378 3.349 3.340 3.318 3.294 3.256 3.182 3.116 3.067 3.034 3.023 3.019 2.995 2.944 2.854 2.782 2.718 2.654 2.627 2.594 2.567 2.539 2.472 2.434 2.391 2.357 2.326 2.269 2.245 2.230 2.213 2.172 2.149 2.115 2.071 2.026 1.953 1.894 1.849 1.846 0.931 0.840 0.815 0.871 0.873 0.898 1.835 1.846 1.869 1.904 1.924 1.933 1.934 0.916 0.764 1.058 0.934 0.888 0.848 0.988 0.792 0.704 0.893 0.817 0.792 0.806 0.656
3.548 3.540 3.529 3.505 3.477 3.465 3.453 3.428 3.400 3.382 3.364 3.348 3.314 3.283 3.259 3.215 3.150 3.105 3.060 3.033 3.014 3.005 2.975 2.918 2.799 2.719 2.652 2.609 2.594 2.575 2.548 2.509 2.431 2.380 2.334 2.293 2.267 2.219 2.199 2.178 2.133 2.112 2.086 2.056 1.997 1.970 1.924 1.891 1.869 0.794 0.810 0.842 0.768 0.811 0.822 0.829 0.905 0.850 1.827 1.865 1.885 0.979 0.809 0.931 0.956 0.911 0.898 0.610 0.706 0.848 0.738 0.612 0.614 0.550 0.815 0.850 0.736
3.539 3.533 3.512 3.478 3.462 3.450 3.441 3.419 3.393 3.372 3.350 3.311 3.271 3.251 3.228 3.189 3.129 3.093 3.059 3.023 2.995 2.970 2.934 2.877 2.764 2.687 2.622 2.583 2.574 2.567 2.537 2.458 2.390 2.324 2.269 2.232 2.194 2.171 2.152 2.097 2.039 2.016 1.987 1.962 1.942 1.908 1.894 1.891 1.865 1.863 1.866 0.837 0.860 0.912 0.870 0.886 0.845 0.823 0.846 0.825 0.947 0.824 0.882 0.841 0.938 0.908 0.966 1.116 0.859 1.045 0.965 0.838 0.745 0.858 0.596 0.738 0.701
3.533 3.523 3.505 3.464 3.449 3.433 3.427 3.411 3.386 3.358 3.328 3.290 3.244 3.224 3.203 3.138 3.109 3.078 3.048 2.999 2.961 2.935 2.898 2.832 2.744 2.669 2.613 2.581 2.570 2.557 2.517 2.430 2.346 2.252 2.193 2.159 2.136 2.117 2.092 2.026 1.979 1.934 1.904 1.881 1.873 1.856 1.860 1.874 1.855 1.857 1.858 1.856 1.849 1.836 0.865 0.771 0.852 0.964 0.822 0.896 0.919 1.078 1.073 1.025 0.890 0.895 0.795 0.883 0.984 0.898 0.831 0.912 0.925 0.749 0.757 0.605 0.587
3.525 3.512 3.478 3.446 3.434 3.430 3.429 3.414 3.386 3.349 3.307 3.248 3.219 3.198 3.156 3.124 3.097 3.067 3.036 2.960 2.934 2.904 2.851 2.805 2.724 2.668 2.614 2.568 2.555 2.532 2.477 2.392 2.287 2.208 2.148 2.121 2.114 2.103 2.064 1.984 1.915 1.848 1.797 1.780 1.768 1.790 1.814 1.811 1.833 1.840 1.825 1.826 1.823 1.812 1.807 1.792 1.786 0.897 0.881 0.872 0.916 0.711 0.838 0.912 0.937 0.933 0.852 0.899 0.668 0.710 0.726 0.810 0.622 0.778 0.817 0.787 0.804
3.506 3.491 3.458 3.436 3.428 3.427 3.428 3.414 3.380 3.336 3.275 3.225 3.194 3.175 3.144 3.112 3.083 3.048 3.000 2.968 2.909 2.878 2.826 2.750 2.703 2.656 2.587 2.559 2.517 2.485 2.436 2.345 2.254 2.182 2.129 2.108 2.107 2.090 2.040 1.938 1.843 1.748 1.677 1.642 1.657 1.700 1.745 1.757 1.778 1.803 1.810 1.814 1.810 1.809 1.811 1.807 1.793 1.795 0.797 0.886 0.826 0.838 0.915 0.908 0.863 0.935 0.916 0.603 0.917 0.686 0.786 0.812 0.978 0.952 0.847 0.791 0.687
3.491 3.477 3.446 3.433 3.418 3.419 3.414 3.398 3.363 3.317 3.253 3.194 3.165 3.148 3.135 3.114 3.078 3.036 2.983 2.919 2.886 2.857 2.793 2.738 2.693 2.646 2.604 2.534 2.479 2.442 2.379 2.304 2.241 2.173 2.131 2.106 2.097 2.069 1.990 1.877 1.759 1.638 1.546 1.518 1.561 1.633 1.702 1.731 1.760 1.776 1.795 1.801 1.801 1.803 1.804 1.797 1.798 0.965 0.896 0.960 1.060 1.063 0.997 0.927 0.913 0.860 1.066 0.960 0.842 0.841 0.889 1.110 0.927 1.011 0.912 0.740 0.838
3.475 3.456 3.433 3.423 3.417 3.403 3.388 3.367 3.334 3.291 3.232 3.177 3.151 3.143 3.138 3.115 3.074 3.017 2.940 2.897 2.866 2.842 2.788 2.734 2.684 2.631 2.558 2.477 2.440 2.403 2.340 2.273 2.224 2.178 2.124 2.096 2.068 2.028 1.959 1.832 1.706 1.570 1.462 1.435 1.493 1.587 1.660 1.716 1.750 1.767 1.775 1.782 1.791 1.797 1.795 1.776 1.049 0.766 0.971 1.196 1.084 1.113 1.066 0.990 0.841 0.947 1.060 0.898 0.935 0.906 0.793 0.676 0.895 0.865 0.767 0.919 0.775
3.462 3.442 3.416 3.407 3.399 3.380 3.355 3.337 3.309 3.272 3.218 3.169 3.147 3.140 3.132 3.106 3.060 3.003 2.918 2.875 2.835 2.820 2.784 2.732 2.669 2.593 2.525 2.433 2.392 2.338 2.274 2.239 2.200 2.163 2.112 2.064 2.035 1.991 1.904 1.803 1.689 1.563 1.463 1.437 1.493 1.585 1.653 1.715 1.748 1.758 1.765 1.769 1.776 1.782 1.787 1.138 0.884 0.821 0.967 1.052 1.029 1.109 1.008 1.101 0.988 0.886 0.954 0.895 0.692 0.892 0.805 0.767 0.583 0.681 0.714 0.836 0.838
3.443 3.412 3.404 3.395 3.386 3.353 3.341 3.313 3.289 3.243 3.210 3.179 3.141 3.132 3.112 3.084 3.037 2.962 2.888 2.849 2.833 2.826 2.798 2.740 2.658 2.565 2.446 2.381 2.335 2.283 2.240 2.213 2.181 2.146 2.060 2.031 2.002 1.934 1.879 1.795 1.705 1.610 1.527 1.509 1.549 1.607 1.671 1.717 1.747 1.762 1.766 1.768 1.771 0.913 1.028 0.973 1.026 0.910 0.981 1.032 0.874 0.896 0.964 1.118 1.093 0.997 1.008 0.871 0.967 0.622 0.668 0.757 0.684 0.645 0.709 0.741 0.934
3.426 3.407 3.395 3.384 3.372 3.336 3.322 3.304 3.273 3.250 3.206 3.177 3.132 3.117 3.084 3.054 3.011 2.941 2.872 2.839 2.828 2.828 2.801 2.735 2.640 2.504 2.392 2.314 2.268 2.233 2.198 2.176 2.145 2.089 2.053 1.997 1.966 1.906 1.843 1.791 1.730 1.657 1.611 1.587 1.610 1.651 1.694 1.728 1.752 0.332 0.730 0.892 0.903 0.829 0.855 0.810 0.927 0.992 0.893 0.920 1.008 0.986 1.049 1.030 1.214 1.116 1.198 0.860 0.950 0.805 0.596 0.666 0.703 0.518 0.610 0.656 0.733
3.405 3.399 3.391 3.375 3.351 3.318 3.303 3.289 3.275 3.223 3.199 3.175 3.153 3.103 3.061 3.031 2.992 2.927 2.882 2.831 2.820 2.809 2.778 2.707 2.605 2.458 2.321 2.234 2.192 2.178 2.177 2.155 2.110 2.059 1.995 1.958 1.929 1.885 1.835 1.800 1.760 1.719 1.678 1.652 0.519 0.770 0.659 0.363 0.359 0.131 0.132 0.440 0.863 0.881 0.960 0.818 0.874 0.946 0.935 0.948 1.043 0.977 1.035 0.977 1.047 1.134 1.180 1.139 0.849 0.865 0.645 0.729 0.630 0.541 0.493 0.572 0.719
3.397 3.393 3.382 3.366 3.324 3.305 3.290 3.278 3.250 3.222 3.198 3.172 3.115 3.090 3.065 3.014 2.974 2.919 2.880 2.844 2.805 2.772 2.732 2.663 2.564 2.395 2.279 2.189 2.148 2.152 2.159 2.142 2.086 2.007 1.953 1.911 1.887 1.858 1.826 1.806 1.781 1.739 1.708 1.700 0.861 0.825 0.856 0.922 0.849 0.720 0.753 0.448 0.230 0.515 0.795 0.855 0.928 0.963 0.947 0.872 1.018 1.088 1.078 0.934 1.085 1.102 1.205 1.104 0.778 0.750 0.658 0.678 0.695 0.772 0.556 0.453 0.620
3.392 3.388 3.376 3.356 3.316 3.292 3.278 3.261 3.249 3.231 3.196 3.166 3.105 3.077 3.042 3.016 2.967 2.910 2.875 2.844 2.785 2.734 2.691 2.627 2.538 2.402 2.271 2.186 2.148 2.149 2.152 2.127 2.072 1.970 1.902 1.850 1.831 1.822 1.814 1.807 1.776 1.761 1.739 1.729 1.714 1.711 0.906 0.975 0.907 0.822 0.737 0.807 0.803 0.471 0.272 0.558 0.674 0.799 0.819 0.849 0.998 1.012 1.033 1.049 1.091 1.132 1.016 0.972 1.052 0.692 0.723 0.769 0.759 0.651 0.702 0.562 0.431
3.389 3.383 3.369 3.332 3.305 3.273 3.262 3.259 3.251 3.228 3.195 3.149 3.088 3.058 3.033 3.011 2.942 2.911 2.876 2.842 2.772 2.737 2.665 2.607 2.497 2.408 2.315 2.223 2.171 2.162 2.150 2.113 2.030 1.931 1.852 1.797 1.784 1.794 1.802 1.804 1.789 1.765 1.758 1.753 1.741 1.730 1.729 0.896 0.917 0.840 0.922 0.906 0.860 0.862 0.684 0.522 0.336 0.531 0.672 0.761 0.826 0.947 0.950 1.009 1.041 1.120 0.980 0.967 1.015 0.864 0.838 0.598 0.610 0.631 0.563 0.665 0.552
3.387 3.379 3.364 3.340 3.298 3.267 3.257 3.256 3.249 3.226 3.190 3.123 3.073 3.040 3.018 3.002 2.963 2.914 2.877 2.840 2.764 2.726 2.675 2.596 2.534 2.429 2.351 2.268 2.203 2.179 2.152 2.106 2.016 1.913 1.831 1.773 1.762 1.782 1.802 1.809 1.791 1.772 1.768 1.765 1.756 1.745 1.741 1.738 1.731 0.861 0.900 0.965 0.961 1.063 0.915 0.818 0.597 0.523 0.329 0.502 0.685 0.633 0.916 0.957 1.004 0.936 0.938 0.955 0.850 0.752 0.771 0.695 0.713 0.704 0.581 0.544 0.477
3.388 3.378 3.363 3.340 3.312 3.266 3.256 3.252 3.243 3.219 3.179 3.108 3.059 3.013 2.996 2.986 2.965 2.935 2.886 2.826 2.757 2.720 2.683 2.632 2.521 2.459 2.396 2.339 2.267 2.199 2.161 2.109 2.019 1.937 1.845 1.793 1.776 1.790 1.805 1.809 1.791 1.774 1.772 1.771 1.764 1.755 1.749 1.746 1.739 1.743 1.746 1.071 0.941 1.050 0.998 0.763 0.691 0.551 0.656 0.549 0.430 0.437 0.594 0.763 0.761 0.785 0.962 0.868 0.824 0.764 0.793 0.672 0.688 0.585 0.576 0.393 0.428
3.408 3.382 3.367 3.347 3.322 3.291 3.254 3.245 3.233 3.211 3.171 3.094 3.042 2.997 2.984 2.982 2.967 2.935 2.890 2.792 2.748 2.714 2.684 2.619 2.546 2.489 2.431 2.346 2.301 2.260 2.178 2.115 2.037 1.966 1.892 1.837 1.808 1.810 1.814 1.813 1.779 1.774 1.771 1.770 1.768 1.764 1.761 1.750 1.747 1.751 1.754 1.756 1.759 0.963 0.885 0.914 0.792 0.699 0.628 0.628 0.529 0.489 0.502 0.384 0.395 0.569 0.687 0.877 0.882 0.821 0.741 0.779 0.712 0.553 0.572 0.489 0.500
3.417 3.407 3.378 3.360 3.344 3.314 3.275 3.249 3.232 3.205 3.166 3.114 3.037 2.992 2.980 2.978 2.965 2.930 2.879 2.795 2.733 2.703 2.673 2.637 2.596 2.516 2.457 2.373 2.326 2.270 2.229 2.142 2.066 2.004 1.947 1.882 1.842 1.832 1.826 1.818 1.792 1.773 1.770 1.768 1.766 1.764 1.763 1.763 1.752 1.757 1.761 1.762 1.767 1.770 1.067 0.931 0.932 0.943 0.712 0.619 0.576 0.585 0.630 0.402 0.546 0.444 0.535 0.839 0.911 0.733 0.722 0.748 0.677 0.658 0.606 0.519 0.554
3.434 3.427 3.417 3.387 3.357 3.336 3.299 3.279 3.235 3.208 3.170 3.123 3.064 3.001 2.983 2.976 2.958 2.920 2.840 2.778 2.707 2.683 2.674 2.659 2.614 2.542 2.460 2.389 2.344 2.307 2.268 2.159 2.102 2.042 1.987 1.920 1.891 1.847 1.834 1.803 1.794 1.784 1.771 1.765 1.765 1.764 1.764 1.764 1.759 1.763 1.766 1.765 1.767 1.772 1.781 0.910 1.038 0.928 0.882 0.783 0.716 0.739 0.757 0.558 0.599 0.536 0.647 0.647 0.737 0.777 0.787 0.730 0.608 0.717 0.631 0.723 0.610
3.446 3.442 3.436 3.424 3.382 3.360 3.319 3.296 3.273 3.220 3.186 3.145 3.092 3.038 2.993 2.979 2.955 2.916 2.860 2.767 2.698 2.675 2.673 2.660 2.622 2.563 2.474 2.393 2.352 2.322 2.293 2.229 2.137 2.072 2.012 1.939 1.904 1.859 1.820 1.811 1.796 1.779 1.772 1.765 1.765 1.765 1.765 1.760 1.760 1.764 1.765 1.765 1.766 1.773 1.786 1.804 1.064 0.998 0.961 0.907 0.894 0.747 0.833 0.798 0.682 0.429 0.445 0.616 0.638 0.563 0.607 0.643 0.771 0.485 0.658 0.555 0.483
3.457 3.457 3.454 3.440 3.407 3.368 3.340 3.315 3.291 3.251 3.215 3.180 3.132 3.097 3.046 2.989 2.959 2.918 2.863 2.798 2.701 2.677 2.669 2.656 2.618 2.558 2.467 2.387 2.347 2.328 2.309 2.259 2.197 2.104 2.002 1.937 1.895 1.869 1.834 1.799 1.795 1.792 1.788 1.782 1.767 1.767 1.767 1.761 1.763 1.762 1.763 1.764 1.767 1.776 1.793 1.814 1.847 1.060 1.019 1.086 0.947 0.896 0.826 0.805 0.764 0.609 0.671 0.656 0.532 0.499 0.526 0.469 0.591 0.674 0.748 0.696 0.546
3.466 3.465 3.465 3.458 3.441 3.392 3.362 3.337 3.315 3.295 3.271 3.207 3.171 3.111 3.077 3.046 2.972 2.931 2.881 2.823 2.755 2.684 2.669 2.648 2.614 2.555 2.458 2.392 2.340 2.330 2.322 2.279 2.209 2.103 1.983 1.911 1.860 1.835 1.810 1.787 1.791 1.793 1.789 1.788 1.770 1.770 1.762 1.763 1.764 1.764 1.763 1.766 1.771 1.790 1.808 1.831 1.860 1.888 1.088 0.881 0.880 0.919 0.873 0.964 0.855 0.801 0.649 0.603 0.553 0.352 0.322 0.465 0.490 0.523 0.579 0.577 0.665
3.468 3.471 3.473 3.468 3.453 3.416 3.375 3.351 3.333 3.319 3.301 3.246 3.210 3.146 3.107 3.071 3.035 2.955 2.911 2.861 2.803 2.734 2.681 2.654 2.614 2.556 2.483 2.391 2.337 2.328 2.321 2.282 2.206 2.088 1.951 1.858 1.796 1.779 1.771 1.791 1.783 1.792 1.792 1.794 1.779 1.780 1.765 1.780 1.779 1.778 1.773 1.777 1.783 1.795 1.812 1.839 1.862 0.883 0.926 1.003 0.837 0.931 0.996 0.889 0.921 0.712 0.755 0.685 0.744 0.541 0.376 0.471 0.386 0.331 0.491 0.498 0.442
