includes/rochefort/floodfiles/results/res-0013.wd
ncols         730
nrows         472
xllcorner     380617.130607
yllcorner     6542069.774949
cellsize      20.000000
NODATA_value  -9999.000000
[rows 102 to 135 of 472, columns 77 to 153 of 730]
5.427 5.496 5.581 5.662 5.559 5.573 5.492 6.924 7.036 7.202 7.298 7.348 7.453 7.561 7.649 7.786 7.833 7.941 8.124 8.345 8.597 8.841 8.933 8.989 8.994 9.045 9.207 9.322 9.433 9.498 9.512 9.522 9.552 9.630 9.785 9.866 9.946 9.959 9.922 9.859 9.820 9.782 9.836 9.894 9.952 9.952 9.859 9.659 9.499 9.340 9.291 9.311 9.325 9.195 8.914 8.484 8.117 7.813 7.575 7.264 6.980 6.769 6.313 6.055 4.661 4.384 4.300 4.174 4.139 4.124 4.139 4.052 3.974 3.969 3.930 3.857 3.868
5.364 5.539 5.543 5.432 5.590 5.404 5.526 6.850 6.941 7.009 7.076 7.169 7.318 7.458 7.622 7.774 7.811 7.828 7.939 8.168 8.374 8.603 8.704 8.742 8.761 8.904 9.053 9.085 9.251 9.312 9.350 9.356 9.404 9.515 9.599 9.740 9.799 9.840 9.819 9.797 9.784 9.794 9.826 9.879 9.918 9.917 9.827 9.697 9.513 9.431 9.374 9.456 9.536 9.474 9.196 8.748 8.358 8.040 7.690 7.409 7.280 7.006 6.720 6.257 5.810 4.449 4.302 4.196 4.119 4.177 4.073 4.138 3.981 3.917 3.917 3.894 3.858
5.467 5.560 5.458 5.469 5.424 5.501 5.419 5.439 6.778 6.801 6.874 6.965 7.155 7.361 7.582 7.774 7.822 7.808 7.861 7.964 8.175 8.314 8.472 8.531 8.587 8.638 8.725 8.891 8.936 9.018 9.081 9.221 9.234 9.300 9.465 9.543 9.675 9.712 9.729 9.734 9.742 9.790 9.836 9.814 9.823 9.816 9.752 9.657 9.568 9.446 9.409 9.512 9.612 9.557 9.283 8.895 8.419 8.084 7.857 7.570 7.512 7.297 6.966 6.525 5.881 4.630 4.329 4.162 4.200 3.998 4.135 4.095 3.973 4.001 3.840 3.790 3.829
5.316 5.420 5.427 5.572 5.291 5.396 5.434 5.484 5.579 6.653 6.667 6.786 6.985 7.221 7.469 7.693 7.765 7.755 7.745 7.840 7.926 8.087 8.171 8.233 8.282 8.364 8.529 8.589 8.686 8.863 8.947 9.017 9.111 9.172 9.333 9.411 9.555 9.618 9.655 9.646 9.668 9.693 9.759 9.785 9.731 9.720 9.676 9.614 9.552 9.516 9.452 9.463 9.524 9.449 9.210 8.864 8.410 8.091 7.874 7.702 7.719 7.574 7.211 6.719 6.119 5.711 4.495 4.223 4.095 4.092 3.936 4.162 4.043 4.036 3.905 3.953 3.816
5.253 5.217 5.302 5.324 5.287 5.378 5.341 5.621 5.613 5.419 6.561 6.611 6.782 7.062 7.292 7.519 7.605 7.620 7.614 7.696 7.727 7.794 7.862 7.943 8.032 8.097 8.215 8.309 8.523 8.738 8.853 8.940 8.999 9.080 9.148 9.301 9.357 9.550 9.602 9.611 9.638 9.703 9.721 9.739 9.703 9.655 9.626 9.586 9.542 9.513 9.491 9.371 9.331 9.255 9.063 8.786 8.383 8.095 7.827 7.751 7.795 7.708 7.343 6.873 6.297 5.899 4.730 4.308 4.190 4.062 4.118 4.028 3.977 3.915 3.875 3.820 3.884
5.394 5.181 5.243 5.327 5.433 5.399 5.365 5.418 5.486 5.482 5.360 6.564 6.702 6.877 7.041 7.243 7.327 7.350 7.418 7.396 7.436 7.501 7.584 7.780 7.867 7.955 8.058 8.157 8.305 8.553 8.731 8.867 8.990 9.008 9.055 9.197 9.300 9.408 9.489 9.546 9.639 9.655 9.695 9.707 9.665 9.663 9.605 9.578 9.554 9.525 9.492 9.371 9.192 9.102 8.945 8.728 8.375 8.124 7.858 7.775 7.737 7.612 7.326 6.946 6.527 6.094 5.780 4.506 4.361 4.125 4.063 4.016 4.094 3.979 3.902 3.921 3.823
5.121 5.205 5.190 5.197 5.241 5.239 5.289 5.487 5.441 5.334 5.363 5.409 6.677 6.779 6.884 6.968 7.016 7.027 7.087 7.158 7.131 7.220 7.360 7.599 7.782 7.895 7.939 8.026 8.191 8.421 8.717 8.904 8.996 8.999 9.020 9.095 9.270 9.405 9.515 9.589 9.658 9.659 9.682 9.683 9.692 9.659 9.657 9.602 9.575 9.546 9.504 9.381 9.224 9.135 8.900 8.725 8.408 8.099 7.919 7.796 7.656 7.540 7.314 6.950 6.613 6.238 5.951 4.541 4.287 4.203 4.084 3.960 3.905 3.916 3.969 3.842 3.855
5.085 5.292 5.223 5.218 5.096 5.278 5.344 5.319 5.280 5.388 5.371 5.259 5.291 6.699 6.752 6.797 6.817 6.781 6.824 6.831 6.859 6.977 7.180 7.474 7.698 7.864 7.882 7.937 8.095 8.343 8.672 8.902 8.995 8.995 9.002 9.071 9.201 9.419 9.564 9.662 9.682 9.681 9.655 9.675 9.653 9.664 9.673 9.673 9.672 9.585 9.535 9.399 9.337 9.144 9.038 8.798 8.507 8.287 8.018 7.840 7.716 7.465 7.280 7.009 6.786 6.455 6.314 6.070 4.381 4.361 4.126 4.017 3.999 3.943 3.845 3.868 3.898
5.062 5.351 5.233 5.108 5.096 5.283 5.361 5.242 5.243 5.235 5.376 5.276 5.339 5.382 6.565 6.586 6.627 6.596 6.545 6.477 6.542 6.684 6.960 7.345 7.655 7.847 7.875 7.902 8.029 8.250 8.555 8.795 8.904 8.954 8.975 9.048 9.133 9.380 9.589 9.703 9.720 9.665 9.611 9.594 9.657 9.683 9.713 9.724 9.707 9.639 9.569 9.448 9.386 9.205 9.133 9.021 8.767 8.436 8.247 7.951 7.743 7.571 7.254 7.044 6.817 6.566 6.479 6.300 4.484 4.225 4.316 3.991 3.951 3.976 3.790 3.738 3.923
5.026 5.305 5.163 5.035 5.094 5.163 5.298 5.224 5.185 5.228 5.214 5.364 5.353 5.346 5.327 5.138 6.451 6.416 6.326 6.241 6.195 6.377 6.714 7.158 7.509 7.748 7.810 7.875 7.974 8.147 8.410 8.626 8.743 8.812 8.859 8.942 9.091 9.329 9.509 9.654 9.677 9.632 9.587 9.558 9.620 9.711 9.762 9.788 9.766 9.719 9.599 9.491 9.438 9.364 9.313 9.174 9.015 8.799 8.476 8.172 7.861 7.670 7.308 7.081 6.867 6.650 6.614 6.540 6.335 4.282 4.126 4.011 4.006 4.011 3.854 3.750 3.851
5.159 5.266 5.121 5.030 5.035 5.185 5.126 5.075 5.139 5.126 5.306 5.250 5.262 5.273 5.408 5.303 5.109 5.220 5.165 6.110 6.034 6.172 6.519 6.968 7.298 7.561 7.666 7.721 7.796 8.056 8.222 8.448 8.569 8.676 8.758 8.859 8.998 9.226 9.378 9.488 9.565 9.553 9.512 9.527 9.588 9.728 9.799 9.835 9.806 9.733 9.621 9.556 9.466 9.461 9.451 9.372 9.240 8.970 8.641 8.439 8.133 7.931 7.568 7.188 6.934 6.723 6.672 6.674 6.476 6.126 4.170 4.048 4.072 4.068 3.761 3.847 3.758
5.048 5.013 5.027 5.063 4.951 5.376 5.072 5.135 5.292 5.057 5.102 5.290 5.210 5.254 5.203 5.321 5.162 5.079 5.179 5.051 5.050 6.194 6.473 6.767 7.109 7.361 7.483 7.565 7.649 7.894 8.036 8.193 8.336 8.446 8.545 8.656 8.786 9.008 9.213 9.313 9.367 9.422 9.438 9.478 9.556 9.701 9.785 9.822 9.795 9.726 9.621 9.569 9.519 9.559 9.614 9.538 9.388 9.115 8.790 8.601 8.441 8.263 7.899 7.373 7.016 6.790 6.689 6.634 6.479 6.133 4.549 4.231 3.841 3.980 3.921 3.790 3.729
5.001 5.234 4.991 4.996 5.053 4.955 4.936 5.190 5.102 5.118 5.086 5.090 5.168 5.181 5.306 5.177 5.206 5.138 5.238 5.140 5.078 5.014 5.043 5.036 6.873 7.087 7.292 7.378 7.498 7.541 7.775 7.927 8.070 8.208 8.330 8.543 8.743 8.862 9.059 9.154 9.222 9.311 9.355 9.413 9.564 9.642 9.706 9.752 9.735 9.688 9.601 9.570 9.596 9.642 9.682 9.640 9.480 9.207 9.010 8.878 8.662 8.538 8.209 7.814 7.336 6.931 6.749 6.635 6.393 6.055 5.761 4.178 3.875 3.925 3.930 3.831 3.691
5.068 5.058 5.018 5.139 5.247 4.916 4.952 4.979 5.141 5.038 4.987 5.198 5.187 5.258 5.315 5.349 5.178 5.145 5.156 5.201 5.101 5.098 5.074 5.014 5.004 5.036 7.001 6.986 7.118 7.225 7.358 7.644 7.935 8.114 8.259 8.370 8.540 8.737 8.839 9.025 9.106 9.213 9.271 9.289 9.449 9.523 9.609 9.624 9.621 9.597 9.573 9.580 9.594 9.636 9.669 9.640 9.480 9.231 9.075 9.006 8.913 8.874 8.558 8.173 7.740 7.257 6.879 6.680 6.353 6.001 5.690 4.351 4.133 3.884 3.833 3.935 3.811
4.893 5.006 5.038 5.131 4.985 4.779 4.834 4.902 4.987 4.934 4.958 5.030 5.042 4.944 5.082 5.126 5.150 5.154 5.112 5.143 5.184 5.043 4.982 4.985 4.955 4.957 4.979 6.747 6.798 6.968 7.141 7.384 7.748 8.008 8.267 8.366 8.487 8.553 8.692 8.884 8.976 9.099 9.152 9.213 9.366 9.429 9.495 9.533 9.551 9.579 9.573 9.565 9.573 9.579 9.596 9.565 9.415 9.282 9.113 9.112 9.150 9.183 8.954 8.511 8.027 7.497 7.187 6.799 6.400 6.008 5.630 5.277 4.039 3.876 3.923 3.866 3.846
4.993 5.024 4.888 4.955 5.106 4.865 4.679 4.878 4.963 4.978 4.920 5.144 4.959 5.062 5.004 4.945 5.052 5.019 5.194 5.068 5.161 5.115 5.005 4.950 4.946 4.887 4.963 5.010 6.551 6.681 6.886 7.216 7.616 8.065 8.331 8.459 8.474 8.486 8.551 8.732 8.888 8.979 9.112 9.161 9.292 9.350 9.414 9.458 9.488 9.509 9.542 9.580 9.522 9.526 9.521 9.488 9.342 9.253 9.130 9.167 9.270 9.351 9.174 8.695 8.202 7.808 7.393 7.119 6.616 6.123 5.692 5.272 4.172 3.872 3.864 3.850 3.820
4.994 4.810 4.941 4.868 4.980 4.793 4.848 4.850 4.843 4.775 4.949 4.898 4.920 4.945 4.883 4.896 4.827 4.902 5.079 4.921 4.988 5.019 5.215 5.001 4.940 4.913 4.935 4.979 5.023 6.360 6.596 7.024 7.555 8.124 8.476 8.576 8.514 8.472 8.520 8.712 8.891 9.003 9.066 9.143 9.173 9.292 9.357 9.409 9.449 9.472 9.494 9.535 9.538 9.492 9.474 9.441 9.295 9.233 9.152 9.172 9.244 9.262 9.125 8.746 8.264 7.950 7.771 7.451 7.049 6.524 5.932 5.506 5.211 3.948 3.879 3.696 3.783
4.975 4.981 4.944 5.187 4.813 4.736 4.772 4.714 4.912 4.840 4.913 4.651 4.733 4.845 4.815 4.948 4.916 4.849 5.077 4.888 5.073 5.104 5.104 4.983 5.053 4.907 4.880 4.912 5.003 6.107 6.358 6.845 7.438 8.059 8.456 8.564 8.491 8.434 8.486 8.673 8.922 9.080 9.144 9.127 9.152 9.191 9.318 9.380 9.429 9.468 9.488 9.554 9.529 9.438 9.419 9.420 9.278 9.227 9.139 9.130 9.143 9.072 8.955 8.644 8.316 8.123 8.021 7.755 7.523 7.078 6.307 5.865 5.591 4.109 3.805 3.874 3.797
4.988 4.851 4.955 5.097 4.793 4.739 4.841 4.873 4.854 4.918 4.990 4.814 4.945 4.907 5.067 4.892 4.912 4.884 4.824 4.960 4.934 5.123 5.111 5.055 5.055 4.978 4.921 4.913 4.956 6.079 6.315 6.757 7.285 7.821 8.209 8.335 8.359 8.344 8.423 8.640 8.931 9.131 9.203 9.156 9.110 9.181 9.316 9.398 9.460 9.493 9.503 9.526 9.574 9.439 9.418 9.392 9.394 9.241 9.138 9.101 9.067 8.932 8.827 8.561 8.328 8.244 8.211 8.282 8.125 7.635 6.956 6.332 5.868 5.650 3.883 3.721 3.721
4.934 4.810 4.788 5.056 4.752 4.664 4.736 4.867 4.836 4.833 4.817 4.697 4.892 5.000 4.777 5.047 4.783 4.889 4.915 4.835 4.833 4.905 5.044 4.924 5.000 5.034 4.951 4.927 4.931 5.003 6.384 6.758 7.187 7.555 7.890 8.026 8.104 8.145 8.259 8.470 8.797 9.061 9.148 9.116 9.081 9.120 9.339 9.450 9.530 9.559 9.548 9.527 9.510 9.501 9.442 9.421 9.429 9.392 9.164 9.106 9.047 8.979 8.769 8.648 8.425 8.387 8.432 8.617 8.503 7.943 7.300 6.562 6.267 5.979 4.124 3.734 3.873
4.901 4.962 4.846 5.091 4.955 4.743 4.775 4.793 4.767 4.854 4.737 4.868 4.918 4.950 4.724 4.825 4.916 4.959 4.706 4.762 4.861 4.901 4.912 5.017 5.083 4.952 4.964 4.967 4.911 5.045 6.478 5.039 5.093 7.323 7.554 7.676 7.746 7.840 8.047 8.256 8.581 8.812 8.974 8.998 9.021 9.102 9.312 9.520 9.626 9.648 9.605 9.554 9.524 9.517 9.516 9.506 9.519 9.484 9.269 9.200 9.126 9.014 8.922 8.683 8.458 8.413 8.429 8.571 8.447 7.942 7.361 6.840 6.513 6.312 5.889 3.837 3.624
4.788 4.789 4.720 4.831 4.764 4.664 4.752 4.691 4.750 4.848 4.775 4.771 4.857 4.815 4.666 4.576 4.808 4.797 4.746 4.742 4.806 4.961 4.821 4.965 4.972 5.034 4.963 4.909 4.942 5.081 5.123 5.009 5.070 7.069 7.297 7.389 7.454 7.552 7.691 7.972 8.297 8.519 8.670 8.837 8.925 9.063 9.320 9.559 9.686 9.704 9.637 9.568 9.535 9.598 9.608 9.613 9.631 9.551 9.435 9.262 9.197 9.092 9.007 8.779 8.654 8.431 8.399 8.328 8.123 7.745 7.285 6.885 6.749 6.703 6.270 4.116 3.848
4.835 4.775 4.745 4.721 4.694 4.757 4.904 4.823 4.612 4.767 4.865 4.842 4.704 4.774 4.591 4.607 4.561 4.755 4.669 4.712 4.806 4.760 4.892 4.798 5.036 4.867 5.088 4.954 4.906 5.088 5.065 4.969 5.167 5.045 6.999 7.075 7.110 7.223 7.349 7.631 7.977 8.226 8.422 8.663 8.808 8.985 9.207 9.477 9.644 9.666 9.610 9.554 9.539 9.615 9.641 9.656 9.644 9.600 9.491 9.440 9.292 9.250 9.146 8.925 8.647 8.493 8.370 8.177 7.896 7.607 7.222 6.905 6.891 6.908 6.526 5.835 3.913
4.920 4.768 4.686 4.810 5.206 4.772 4.817 4.874 4.751 4.765 4.774 4.710 4.717 4.912 4.785 4.649 4.728 4.535 4.641 4.815 4.882 4.744 4.691 4.805 4.751 4.929 5.006 4.980 5.011 4.993 5.003 4.971 4.992 5.142 5.034 6.861 6.845 6.843 6.991 7.285 7.675 7.970 8.209 8.404 8.671 8.862 9.073 9.341 9.515 9.553 9.536 9.536 9.553 9.629 9.671 9.694 9.680 9.616 9.534 9.494 9.485 9.427 9.392 9.132 8.830 8.614 8.429 8.237 7.904 7.517 7.233 6.928 6.851 6.760 6.407 5.836 4.127
4.784 4.867 4.925 4.690 4.754 4.757 4.808 4.708 4.684 4.748 4.802 4.682 4.673 4.627 4.767 4.666 4.799 4.674 4.567 4.690 4.785 4.711 4.776 4.788 5.055 5.076 4.981 4.958 4.922 5.465 4.947 4.911 5.058 4.982 4.955 4.990 6.615 6.585 6.667 6.966 7.371 7.702 7.959 8.165 8.432 8.711 8.907 9.168 9.294 9.374 9.471 9.495 9.537 9.627 9.674 9.700 9.686 9.625 9.576 9.558 9.579 9.617 9.575 9.367 9.177 8.831 8.524 8.333 8.132 7.615 7.354 7.105 6.829 6.562 6.239 5.731 5.177
4.744 4.682 4.776 4.845 5.067 4.640 4.747 4.857 4.709 4.842 4.809 4.693 4.739 4.816 4.741 4.775 4.669 4.849 4.777 4.557 4.691 4.710 4.657 4.786 4.886 4.941 4.923 4.972 5.165 5.092 4.975 4.982 4.971 4.959 4.873 4.997 5.049 6.477 6.545 6.810 7.148 7.545 7.870 8.062 8.297 8.464 8.640 9.004 9.067 9.243 9.399 9.450 9.508 9.602 9.645 9.668 9.660 9.606 9.576 9.578 9.624 9.695 9.708 9.593 9.311 9.076 8.789 8.647 8.353 8.020 7.590 7.304 7.053 6.639 6.331 5.750 5.325
4.683 4.751 4.549 4.752 4.808 4.695 4.692 4.754 4.792 4.701 4.838 4.709 4.779 4.783 4.751 4.749 4.788 4.702 4.752 4.603 4.593 4.825 4.697 4.968 4.836 4.935 4.854 5.044 5.368 5.020 4.946 4.880 4.973 4.915 4.892 4.830 5.077 6.542 6.615 6.852 7.174 7.562 7.803 8.020 8.201 8.338 8.496 8.752 8.926 9.040 9.134 9.306 9.381 9.567 9.602 9.622 9.623 9.629 9.629 9.615 9.633 9.695 9.712 9.599 9.418 9.253 9.048 8.882 8.707 8.456 7.995 7.638 7.350 7.002 6.595 6.113 5.723
4.529 4.719 4.682 4.663 4.808 4.712 4.698 4.851 4.788 4.726 4.798 4.715 4.775 4.795 4.675 4.694 4.691 4.827 4.739 4.764 4.602 4.667 4.604 4.776 4.824 4.740 4.863 5.042 5.262 4.824 4.870 4.889 4.810 4.894 4.896 4.844 4.970 5.151 6.762 6.973 7.270 7.650 7.925 8.043 8.110 8.200 8.397 8.563 8.834 8.963 9.068 9.253 9.325 9.480 9.563 9.582 9.609 9.615 9.623 9.576 9.604 9.637 9.636 9.521 9.395 9.287 9.155 9.165 9.153 9.007 8.609 7.918 7.490 7.368 7.111 6.675 6.077
4.663 4.489 4.521 4.668 4.655 4.659 4.793 4.696 4.793 4.814 4.814 4.727 4.864 4.674 4.693 4.805 4.690 4.752 4.749 4.759 4.679 4.765 4.573 4.728 4.881 4.751 4.978 5.481 4.877 4.857 4.878 4.866 4.831 4.832 4.878 4.922 4.948 5.064 4.965 7.061 7.354 7.740 8.016 8.104 8.114 8.164 8.346 8.467 8.716 8.847 9.040 9.121 9.284 9.421 9.533 9.576 9.591 9.604 9.579 9.561 9.573 9.577 9.566 9.527 9.371 9.232 9.248 9.353 9.512 9.399 8.883 8.210 7.790 7.759 7.730 7.140 6.418
4.631 4.590 4.554 4.879 4.707 4.643 4.635 4.786 4.812 4.729 4.720 4.773 4.730 4.833 4.758 4.750 4.711 4.690 4.810 4.693 4.789 4.656 4.489 4.765 4.700 4.873 5.187 4.875 4.811 4.759 5.026 4.811 4.785 4.727 4.837 4.891 4.971 4.978 4.949 7.070 7.366 7.764 8.050 8.135 8.119 8.124 8.241 8.487 8.752 8.890 8.975 9.029 9.075 9.289 9.353 9.565 9.585 9.602 9.618 9.617 9.622 9.551 9.539 9.512 9.290 9.253 9.281 9.385 9.552 9.447 8.942 8.303 7.895 7.929 8.019 7.348 6.475
4.555 4.592 4.601 4.653 4.457 4.554 4.562 4.623 4.662 4.761 4.747 4.782 4.744 4.719 4.814 4.734 4.671 4.689 4.742 4.695 4.796 4.568 4.655 4.754 4.738 5.033 5.504 4.796 4.726 4.768 4.809 4.780 4.741 4.871 4.776 4.857 5.081 4.862 4.862 4.931 7.271 7.607 7.940 8.058 8.070 8.117 8.274 8.572 8.870 9.018 9.075 9.081 9.087 9.256 9.341 9.450 9.554 9.602 9.621 9.634 9.640 9.572 9.564 9.545 9.370 9.329 9.214 9.276 9.291 9.172 8.732 8.298 7.990 7.798 7.670 7.187 6.486
4.644 4.713 4.777 4.546 4.608 4.522 4.433 4.399 4.587 4.616 4.782 4.677 4.729 4.701 4.612 4.740 4.794 4.798 4.697 4.710 4.776 4.607 4.642 4.723 4.800 5.433 4.726 4.760 4.623 4.683 4.870 4.886 4.808 4.836 4.857 4.988 5.023 4.797 4.803 4.765 4.911 7.341 7.678 7.895 7.982 8.103 8.331 8.766 9.056 9.224 9.236 9.157 9.165 9.252 9.287 9.448 9.478 9.576 9.632 9.644 9.658 9.609 9.613 9.600 9.517 9.367 9.204 9.175 9.142 8.924 8.705 8.291 8.048 7.794 7.487 7.027 6.565
4.573 4.703 5.031 4.530 4.508 4.442 4.378 4.441 4.503 4.691 4.659 4.645 4.714 4.765 4.765 4.708 4.805 4.842 4.862 4.753 4.621 4.641 4.761 4.812 5.061 4.810 4.652 4.666 4.629 4.632 4.704 4.893 4.797 4.808 4.905 5.125 4.761 4.804 4.852 4.873 4.831 7.074 7.420 7.615 7.865 8.065 8.363 8.821 9.223 9.416 9.383 9.236 9.185 9.265 9.312 9.460 9.490 9.513 9.620 9.643 9.650 9.684 9.735 9.683 9.601 9.532 9.384 9.292 9.093 8.986 8.700 8.392 8.210 7.915 7.587 7.134 6.851
4.589 4.622 4.599 4.653 4.693 4.413 4.454 4.479 4.470 4.445 4.625 4.806 4.701 4.746 4.705 4.822 4.788 4.966 4.797 4.665 4.628 4.678 4.782 4.897 5.452 4.752 4.677 4.671 4.691 4.734 4.814 4.730 4.886 4.923 5.008 5.257 4.803 4.772 4.828 4.679 4.835 4.773 7.180 7.396 7.621 7.882 8.306 8.731 9.221 9.433 9.393 9.262 9.174 9.269 9.345 9.423 9.523 9.532 9.570 9.615 9.700 9.748 9.797 9.800 9.746 9.613 9.526 9.418 9.253 9.035 8.940 8.741 8.645 8.300 7.809 7.433 7.116
