includes/rochefort/floodfiles/results/res-0004.wdfp
ncols         730
nrows         472
xllcorner     380617.130607
yllcorner     6542069.774949
cellsize      20.000000
NODATA_value  -9999.000000
[rows 0 to 33 of 472, columns 0 to 76 of 730]
6.247 6.239 6.236 6.220 6.206 6.206 6.196 6.177 6.148 6.111 6.059 6.020 5.987 5.978 5.972 5.961 5.942 5.895 5.867 5.842 5.821 5.802 5.784 5.734 5.685 5.665 5.615 5.588 5.553 5.514 5.450 5.426 5.416 5.413 5.398 5.367 5.299 5.265 5.264 5.273 5.265 5.219 5.115 4.992 4.903 4.811 4.772 4.749 4.699 4.681 4.654 4.597 4.589 4.586 4.552 4.530 4.444 4.412 4.406 4.370 4.270 4.218 4.173 4.148 4.127 4.061 3.974 3.924 3.910 3.893 3.833 3.754 3.722 3.709 3.678 3.625 3.597
6.316 6.276 6.265 6.251 6.231 6.231 6.227 6.210 6.180 6.142 6.099 6.060 6.028 6.013 5.995 5.993 5.960 5.946 5.927 5.875 5.870 5.849 5.821 5.801 5.757 5.724 5.709 5.655 5.616 5.564 5.486 5.445 5.420 5.415 5.412 5.397 5.342 5.307 5.293 5.315 5.318 5.271 5.181 5.049 4.936 4.853 4.789 4.770 4.766 4.725 4.706 4.697 4.700 4.676 4.651 4.628 4.579 4.492 4.452 4.417 4.352 4.271 4.219 4.179 4.143 4.094 4.000 3.943 3.913 3.892 3.836 3.757 3.718 3.719 3.704 3.665 3.640
6.356 6.334 6.299 6.267 6.255 6.247 6.246 6.232 6.214 6.183 6.135 6.100 6.072 6.056 6.022 6.019 6.012 5.973 5.959 5.943 5.910 5.900 5.853 5.828 5.801 5.780 5.772 5.744 5.692 5.630 5.530 5.473 5.437 5.423 5.418 5.406 5.369 5.320 5.302 5.321 5.325 5.282 5.195 5.074 4.943 4.847 4.776 4.756 4.761 4.749 4.742 4.761 4.775 4.780 4.769 4.720 4.649 4.583 4.503 4.475 4.425 4.375 4.314 4.226 4.178 4.124 4.038 3.986 3.950 3.899 3.853 3.781 3.745 3.732 3.712 3.696 3.673
6.412 6.382 6.347 6.299 6.270 6.252 6.250 6.246 6.230 6.207 6.168 6.141 6.118 6.100 6.080 6.049 6.040 6.002 5.994 5.982 5.963 5.936 5.903 5.852 5.812 5.800 5.799 5.792 5.753 5.694 5.576 5.514 5.472 5.450 5.437 5.421 5.384 5.331 5.300 5.303 5.297 5.260 5.178 5.066 4.962 4.865 4.790 4.761 4.767 4.775 4.782 4.791 4.811 4.834 4.850 4.794 4.701 4.620 4.572 4.553 4.510 4.466 4.393 4.324 4.236 4.172 4.119 4.049 3.991 3.946 3.883 3.833 3.785 3.757 3.735 3.705 3.700
6.456 6.421 6.379 6.337 6.298 6.273 6.262 6.262 6.262 6.240 6.225 6.210 6.162 6.143 6.129 6.120 6.067 6.056 6.028 6.021 6.004 5.973 5.933 5.883 5.828 5.809 5.807 5.805 5.776 5.727 5.649 5.560 5.518 5.490 5.470 5.449 5.413 5.385 5.337 5.288 5.271 5.251 5.196 5.075 4.990 4.903 4.839 4.809 4.814 4.798 4.806 4.813 4.828 4.850 4.862 4.820 4.720 4.647 4.599 4.584 4.583 4.528 4.440 4.360 4.302 4.243 4.188 4.131 4.066 4.014 3.944 3.878 3.839 3.788 3.746 3.716 3.701
6.499 6.461 6.419 6.376 6.339 6.314 6.305 6.285 6.285 6.283 6.263 6.252 6.236 6.219 6.194 6.149 6.112 6.091 6.072 6.061 6.039 6.007 5.958 5.908 5.863 5.829 5.808 5.807 5.781 5.752 5.713 5.637 5.604 5.572 5.522 5.498 5.451 5.420 5.388 5.332 5.286 5.253 5.208 5.128 5.063 4.991 4.909 4.879 4.881 4.865 4.835 4.834 4.830 4.837 4.836 4.794 4.719 4.652 4.607 4.592 4.592 4.556 4.458 4.375 4.315 4.289 4.259 4.202 4.134 4.073 4.030 3.950 3.902 3.859 3.790 3.748 3.713
6.540 6.508 6.471 6.419 6.386 6.363 6.344 6.342 6.316 6.326 6.301 6.296 6.285 6.262 6.231 6.193 6.130 6.093 6.076 6.071 6.065 6.043 6.005 5.938 5.893 5.858 5.837 5.828 5.808 5.772 5.746 5.710 5.657 5.645 5.626 5.535 5.502 5.465 5.428 5.386 5.346 5.317 5.242 5.199 5.149 5.061 5.017 4.964 4.951 4.918 4.912 4.883 4.845 4.835 4.822 4.796 4.710 4.660 4.618 4.594 4.574 4.540 4.477 4.386 4.324 4.294 4.289 4.250 4.160 4.095 4.056 4.017 3.967 3.915 3.860 3.790 3.740
6.555 6.531 6.503 6.459 6.433 6.412 6.389 6.381 6.362 6.359 6.340 6.340 6.331 6.307 6.269 6.223 6.173 6.105 6.083 6.072 6.069 6.055 6.024 5.991 5.930 5.898 5.876 5.853 5.842 5.822 5.808 5.794 5.741 5.710 5.695 5.650 5.612 5.552 5.490 5.448 5.411 5.333 5.284 5.252 5.212 5.168 5.090 5.063 5.008 5.002 4.990 4.971 4.909 4.856 4.833 4.806 4.752 4.706 4.638 4.606 4.585 4.532 4.480 4.399 4.339 4.299 4.285 4.253 4.191 4.102 4.058 4.043 4.024 3.959 3.901 3.833 3.778
6.571 6.564 6.552 6.521 6.503 6.475 6.458 6.419 6.417 6.387 6.386 6.380 6.373 6.348 6.307 6.257 6.215 6.155 6.105 6.091 6.090 6.072 6.046 6.023 5.999 5.945 5.925 5.895 5.872 5.858 5.845 5.835 5.809 5.778 5.777 5.750 5.699 5.631 5.571 5.525 5.437 5.382 5.360 5.306 5.273 5.254 5.194 5.165 5.113 5.069 5.057 5.034 4.975 4.939 4.864 4.842 4.801 4.766 4.728 4.638 4.605 4.572 4.509 4.441 4.385 4.327 4.285 4.251 4.196 4.109 4.061 4.045 4.037 3.986 3.938 3.902 3.845
6.586 6.585 6.581 6.559 6.548 6.521 6.513 6.488 6.462 6.424 6.408 6.401 6.399 6.382 6.349 6.302 6.261 6.199 6.165 6.146 6.120 6.118 6.111 6.058 6.043 6.028 5.997 5.979 5.917 5.897 5.881 5.870 5.853 5.861 5.848 5.829 5.776 5.681 5.613 5.546 5.489 5.429 5.383 5.370 5.345 5.310 5.244 5.225 5.206 5.165 5.131 5.104 5.054 5.004 4.962 4.898 4.843 4.812 4.772 4.711 4.658 4.601 4.567 4.492 4.439 4.371 4.305 4.265 4.214 4.138 4.082 4.051 4.037 4.009 3.948 3.917 3.898
6.628 6.613 6.615 6.611 6.597 6.584 6.558 6.525 6.488 6.443 6.415 6.405 6.402 6.391 6.368 6.337 6.303 6.269 6.219 6.200 6.163 6.155 6.146 6.135 6.125 6.080 6.075 6.041 6.006 5.978 5.935 5.915 5.902 5.902 5.904 5.880 5.821 5.725 5.640 5.560 5.491 5.431 5.406 5.401 5.375 5.341 5.288 5.254 5.236 5.231 5.221 5.181 5.108 5.042 4.990 4.955 4.892 4.867 4.813 4.736 4.684 4.653 4.614 4.552 4.494 4.418 4.372 4.317 4.246 4.187 4.120 4.072 4.048 4.017 3.955 3.923 3.910
6.660 6.662 6.646 6.654 6.655 6.635 6.605 6.565 6.521 6.481 6.445 6.424 6.412 6.410 6.383 6.365 6.343 6.321 6.300 6.255 6.247 6.196 6.182 6.170 6.162 6.143 6.127 6.099 6.067 6.016 5.967 5.937 5.926 5.918 5.919 5.899 5.842 5.748 5.660 5.574 5.496 5.428 5.402 5.402 5.401 5.361 5.310 5.274 5.252 5.248 5.250 5.230 5.145 5.067 5.005 4.970 4.958 4.935 4.861 4.770 4.701 4.668 4.658 4.613 4.537 4.477 4.423 4.385 4.309 4.235 4.169 4.105 4.073 4.037 3.980 3.928 3.910
6.690 6.689 6.690 6.691 6.697 6.685 6.649 6.618 6.573 6.518 6.484 6.461 6.452 6.432 6.429 6.396 6.384 6.371 6.360 6.344 6.299 6.276 6.244 6.217 6.202 6.185 6.169 6.145 6.109 6.064 6.009 5.969 5.939 5.923 5.913 5.891 5.847 5.784 5.687 5.607 5.528 5.452 5.413 5.410 5.412 5.375 5.329 5.293 5.265 5.248 5.251 5.234 5.154 5.078 5.013 4.976 4.969 4.964 4.907 4.796 4.713 4.670 4.665 4.641 4.573 4.489 4.457 4.430 4.390 4.306 4.226 4.187 4.150 4.086 4.021 3.975 3.927
6.731 6.722 6.716 6.719 6.722 6.712 6.686 6.648 6.608 6.560 6.529 6.508 6.495 6.484 6.461 6.455 6.449 6.432 6.417 6.398 6.371 6.317 6.274 6.237 6.216 6.202 6.196 6.176 6.140 6.095 6.039 5.996 5.962 5.939 5.911 5.878 5.843 5.790 5.731 5.641 5.573 5.501 5.450 5.440 5.452 5.443 5.352 5.317 5.285 5.252 5.243 5.234 5.174 5.084 5.025 4.984 4.969 4.957 4.908 4.806 4.729 4.683 4.667 4.648 4.569 4.519 4.474 4.462 4.435 4.361 4.287 4.246 4.191 4.157 4.091 4.013 3.955
6.759 6.742 6.726 6.723 6.724 6.720 6.696 6.667 6.638 6.613 6.576 6.557 6.535 6.524 6.497 6.489 6.485 6.476 6.467 6.450 6.417 6.375 6.304 6.260 6.224 6.203 6.199 6.194 6.157 6.123 6.085 6.028 5.994 5.968 5.933 5.918 5.851 5.809 5.765 5.703 5.649 5.589 5.528 5.509 5.499 5.483 5.462 5.389 5.345 5.289 5.267 5.245 5.180 5.098 5.048 5.006 4.989 4.960 4.905 4.814 4.753 4.708 4.679 4.640 4.569 4.513 4.475 4.473 4.451 4.384 4.300 4.260 4.229 4.205 4.140 4.064 3.986
6.786 6.763 6.743 6.732 6.727 6.725 6.710 6.698 6.667 6.653 6.645 6.629 6.614 6.572 6.554 6.518 6.512 6.514 6.508 6.493 6.458 6.411 6.359 6.286 6.244 6.217 6.209 6.198 6.191 6.143 6.114 6.085 6.031 6.021 5.998 5.946 5.923 5.892 5.833 5.762 5.719 5.666 5.629 5.607 5.592 5.539 5.520 5.483 5.402 5.338 5.306 5.277 5.244 5.169 5.147 5.062 5.011 4.979 4.943 4.865 4.780 4.738 4.692 4.651 4.576 4.522 4.478 4.471 4.449 4.385 4.302 4.261 4.252 4.236 4.173 4.092 4.054
6.822 6.793 6.762 6.747 6.739 6.736 6.735 6.717 6.714 6.709 6.704 6.684 6.663 6.635 6.586 6.557 6.539 6.530 6.529 6.520 6.493 6.453 6.394 6.345 6.301 6.269 6.256 6.220 6.211 6.197 6.181 6.136 6.112 6.066 6.040 6.018 5.991 5.958 5.905 5.861 5.825 5.785 5.705 5.676 5.656 5.629 5.581 5.557 5.490 5.446 5.385 5.349 5.312 5.242 5.206 5.164 5.060 5.016 4.974 4.916 4.853 4.796 4.756 4.690 4.627 4.552 4.503 4.471 4.453 4.384 4.315 4.270 4.253 4.241 4.177 4.113 4.062
6.847 6.816 6.784 6.768 6.758 6.755 6.754 6.739 6.745 6.751 6.755 6.739 6.714 6.678 6.637 6.588 6.551 6.535 6.531 6.524 6.505 6.474 6.425 6.385 6.349 6.321 6.310 6.276 6.271 6.265 6.220 6.215 6.205 6.180 6.116 6.054 6.028 6.008 5.982 5.954 5.927 5.890 5.807 5.770 5.714 5.692 5.684 5.638 5.595 5.539 5.484 5.436 5.358 5.299 5.273 5.219 5.166 5.110 5.042 4.950 4.902 4.872 4.817 4.755 4.672 4.606 4.529 4.499 4.467 4.412 4.334 4.285 4.262 4.244 4.186 4.111 4.058
6.863 6.835 6.805 6.790 6.799 6.777 6.776 6.765 6.776 6.792 6.805 6.796 6.766 6.720 6.671 6.627 6.573 6.549 6.539 6.526 6.513 6.498 6.455 6.426 6.398 6.374 6.362 6.350 6.309 6.301 6.293 6.267 6.250 6.224 6.190 6.125 6.081 6.033 6.033 6.006 5.984 5.946 5.863 5.817 5.786 5.770 5.755 5.727 5.671 5.603 5.532 5.471 5.428 5.375 5.342 5.293 5.235 5.164 5.096 4.999 4.939 4.917 4.875 4.813 4.751 4.650 4.604 4.531 4.482 4.443 4.399 4.315 4.284 4.255 4.194 4.124 4.067
6.875 6.855 6.839 6.829 6.821 6.815 6.797 6.796 6.810 6.828 6.843 6.840 6.806 6.762 6.717 6.661 6.623 6.595 6.580 6.573 6.555 6.524 6.509 6.469 6.447 6.433 6.411 6.391 6.344 6.333 6.333 6.308 6.294 6.266 6.226 6.168 6.116 6.080 6.050 6.046 6.033 5.982 5.929 5.853 5.827 5.803 5.789 5.786 5.741 5.654 5.569 5.495 5.442 5.412 5.395 5.364 5.286 5.199 5.116 5.039 4.993 4.955 4.933 4.865 4.795 4.732 4.676 4.571 4.540 4.503 4.459 4.387 4.321 4.288 4.218 4.148 4.092
6.874 6.863 6.857 6.852 6.843 6.830 6.824 6.818 6.826 6.838 6.856 6.854 6.824 6.781 6.739 6.694 6.662 6.637 6.620 6.609 6.586 6.579 6.549 6.544 6.535 6.513 6.456 6.431 6.404 6.363 6.353 6.349 6.331 6.303 6.258 6.194 6.133 6.087 6.055 6.052 6.047 6.006 5.956 5.894 5.846 5.813 5.799 5.799 5.767 5.682 5.595 5.520 5.454 5.416 5.411 5.392 5.314 5.224 5.125 5.043 4.987 4.971 4.961 4.905 4.834 4.769 4.718 4.647 4.592 4.554 4.504 4.448 4.387 4.329 4.274 4.213 4.155
6.874 6.872 6.874 6.874 6.862 6.851 6.840 6.829 6.831 6.839 6.847 6.840 6.818 6.788 6.758 6.733 6.701 6.680 6.666 6.652 6.637 6.614 6.609 6.596 6.584 6.561 6.527 6.487 6.434 6.392 6.361 6.358 6.355 6.337 6.289 6.235 6.156 6.104 6.070 6.054 6.051 6.037 5.969 5.919 5.871 5.831 5.804 5.797 5.765 5.714 5.622 5.546 5.478 5.434 5.409 5.391 5.345 5.264 5.148 5.064 4.995 4.976 4.966 4.935 4.842 4.776 4.711 4.684 4.658 4.604 4.536 4.473 4.414 4.390 4.348 4.271 4.211
6.880 6.883 6.894 6.900 6.890 6.874 6.858 6.839 6.833 6.833 6.835 6.836 6.821 6.808 6.777 6.764 6.758 6.745 6.727 6.685 6.670 6.659 6.654 6.637 6.630 6.607 6.568 6.526 6.473 6.406 6.374 6.359 6.358 6.346 6.307 6.266 6.214 6.139 6.103 6.078 6.067 6.063 6.021 5.985 5.907 5.867 5.826 5.809 5.796 5.764 5.671 5.585 5.524 5.467 5.422 5.398 5.358 5.290 5.217 5.111 5.035 4.994 4.975 4.941 4.846 4.779 4.712 4.684 4.680 4.650 4.559 4.483 4.427 4.411 4.390 4.345 4.258
6.881 6.897 6.913 6.925 6.918 6.895 6.870 6.846 6.835 6.830 6.829 6.831 6.828 6.811 6.815 6.816 6.813 6.792 6.769 6.742 6.698 6.690 6.675 6.670 6.668 6.643 6.607 6.557 6.502 6.437 6.399 6.380 6.364 6.355 6.329 6.297 6.257 6.216 6.157 6.121 6.112 6.100 6.060 6.032 5.996 5.938 5.906 5.854 5.833 5.800 5.762 5.680 5.609 5.524 5.496 5.428 5.379 5.333 5.275 5.191 5.131 5.035 5.001 4.959 4.900 4.782 4.724 4.689 4.682 4.654 4.591 4.480 4.434 4.413 4.409 4.380 4.294
6.878 6.900 6.924 6.939 6.931 6.905 6.876 6.850 6.836 6.830 6.827 6.832 6.834 6.826 6.842 6.855 6.856 6.844 6.815 6.777 6.734 6.704 6.683 6.678 6.678 6.663 6.627 6.583 6.535 6.490 6.454 6.417 6.408 6.382 6.356 6.334 6.306 6.275 6.248 6.211 6.201 6.155 6.144 6.116 6.085 6.048 5.974 5.914 5.892 5.862 5.834 5.788 5.737 5.639 5.594 5.560 5.480 5.424 5.377 5.272 5.190 5.138 5.092 5.023 4.938 4.859 4.759 4.717 4.701 4.654 4.603 4.508 4.452 4.425 4.419 4.383 4.330
6.869 6.892 6.915 6.930 6.923 6.898 6.872 6.854 6.835 6.844 6.843 6.831 6.838 6.854 6.876 6.896 6.910 6.899 6.860 6.815 6.767 6.727 6.691 6.681 6.678 6.664 6.642 6.604 6.568 6.533 6.504 6.484 6.458 6.452 6.411 6.382 6.362 6.338 6.327 6.310 6.267 6.262 6.211 6.194 6.165 6.128 6.082 6.018 5.998 5.971 5.917 5.881 5.829 5.768 5.663 5.620 5.574 5.502 5.465 5.411 5.272 5.207 5.131 5.078 4.979 4.923 4.849 4.795 4.748 4.713 4.627 4.537 4.489 4.456 4.435 4.385 4.335
6.853 6.871 6.891 6.902 6.897 6.882 6.863 6.850 6.845 6.841 6.841 6.845 6.843 6.864 6.893 6.927 6.949 6.938 6.893 6.840 6.789 6.745 6.715 6.691 6.684 6.677 6.666 6.625 6.600 6.575 6.552 6.544 6.535 6.503 6.501 6.476 6.461 6.415 6.391 6.372 6.330 6.324 6.323 6.305 6.277 6.234 6.162 6.115 6.091 6.049 6.033 6.003 5.939 5.846 5.758 5.699 5.628 5.610 5.562 5.504 5.390 5.309 5.226 5.164 5.119 5.031 4.975 4.886 4.833 4.760 4.714 4.580 4.536 4.498 4.438 4.395 4.347
6.830 6.848 6.862 6.868 6.867 6.858 6.840 6.840 6.836 6.837 6.830 6.835 6.846 6.867 6.897 6.928 6.952 6.942 6.903 6.852 6.802 6.766 6.739 6.723 6.714 6.694 6.685 6.668 6.656 6.638 6.621 6.592 6.584 6.556 6.558 6.549 6.536 6.511 6.471 6.444 6.402 6.385 6.395 6.388 6.357 6.303 6.241 6.166 6.140 6.128 6.133 6.098 6.024 5.903 5.804 5.728 5.684 5.668 5.640 5.584 5.477 5.385 5.307 5.251 5.179 5.115 5.065 4.990 4.928 4.861 4.773 4.672 4.628 4.582 4.521 4.422 4.366
6.807 6.816 6.834 6.838 6.839 6.836 6.834 6.832 6.830 6.826 6.827 6.831 6.843 6.861 6.884 6.911 6.925 6.920 6.888 6.851 6.812 6.784 6.762 6.750 6.738 6.717 6.713 6.703 6.694 6.679 6.662 6.652 6.623 6.622 6.624 6.626 6.613 6.568 6.520 6.484 6.461 6.454 6.456 6.461 6.433 6.358 6.280 6.213 6.179 6.175 6.182 6.168 6.085 5.969 5.838 5.747 5.698 5.676 5.671 5.619 5.515 5.414 5.327 5.265 5.232 5.185 5.132 5.060 4.989 4.919 4.872 4.793 4.707 4.674 4.585 4.470 4.407
6.791 6.800 6.805 6.810 6.815 6.817 6.821 6.825 6.828 6.829 6.827 6.827 6.835 6.848 6.863 6.883 6.894 6.888 6.874 6.856 6.820 6.817 6.801 6.772 6.765 6.763 6.747 6.748 6.742 6.726 6.705 6.685 6.671 6.651 6.662 6.671 6.661 6.627 6.574 6.530 6.479 6.471 6.476 6.485 6.460 6.394 6.322 6.237 6.196 6.184 6.187 6.176 6.117 5.993 5.878 5.782 5.713 5.682 5.671 5.644 5.547 5.432 5.339 5.264 5.229 5.223 5.195 5.125 5.057 4.998 4.951 4.889 4.812 4.768 4.699 4.623 4.501
6.778 6.777 6.780 6.784 6.791 6.801 6.812 6.821 6.828 6.830 6.827 6.823 6.827 6.832 6.844 6.859 6.868 6.871 6.861 6.850 6.845 6.834 6.822 6.811 6.790 6.790 6.796 6.798 6.794 6.769 6.741 6.712 6.700 6.676 6.682 6.695 6.687 6.653 6.599 6.552 6.497 6.480 6.478 6.474 6.454 6.399 6.338 6.258 6.214 6.190 6.174 6.154 6.107 5.996 5.904 5.819 5.752 5.713 5.684 5.631 5.571 5.484 5.360 5.280 5.236 5.227 5.217 5.178 5.082 5.017 4.970 4.937 4.914 4.848 4.775 4.698 4.631
6.748 6.752 6.752 6.758 6.768 6.783 6.799 6.814 6.826 6.829 6.824 6.817 6.815 6.818 6.826 6.837 6.850 6.858 6.852 6.861 6.862 6.855 6.844 6.827 6.822 6.821 6.819 6.831 6.831 6.811 6.778 6.743 6.715 6.699 6.690 6.693 6.686 6.658 6.611 6.569 6.534 6.495 6.482 6.474 6.441 6.395 6.358 6.312 6.270 6.210 6.172 6.149 6.113 6.041 5.976 5.866 5.807 5.748 5.717 5.686 5.640 5.526 5.442 5.348 5.282 5.250 5.234 5.198 5.139 5.031 4.976 4.947 4.941 4.916 4.829 4.758 4.694
6.722 6.714 6.721 6.727 6.733 6.762 6.775 6.795 6.810 6.816 6.812 6.810 6.807 6.807 6.813 6.824 6.839 6.846 6.868 6.884 6.891 6.880 6.866 6.848 6.839 6.835 6.840 6.850 6.853 6.832 6.796 6.759 6.729 6.705 6.691 6.688 6.673 6.654 6.620 6.584 6.555 6.532 6.496 6.483 6.447 6.423 6.379 6.344 6.308 6.275 6.228 6.165 6.133 6.070 6.021 5.962 5.886 5.843 5.771 5.737 5.696 5.593 5.523 5.455 5.368 5.301 5.272 5.230 5.169 5.055 4.986 4.952 4.946 4.928 4.887 4.832 4.751
6.689 6.684 6.679 6.687 6.705 6.729 6.752 6.772 6.786 6.792 6.793 6.791 6.787 6.787 6.792 6.806 6.827 6.852 6.883 6.913 6.924 6.920 6.897 6.873 6.851 6.841 6.840 6.850 6.851 6.833 6.801 6.768 6.735 6.716 6.704 6.689 6.680 6.647 6.629 6.602 6.580 6.559 6.542 6.512 6.497 6.450 6.445 6.387 6.370 6.337 6.270 6.235 6.208 6.133 6.098 6.054 6.007 5.917 5.835 5.803 5.770 5.727 5.629 5.561 5.470 5.424 5.330 5.282 5.219 5.101 5.027 4.984 4.967 4.958 4.938 4.861 4.833
