includes/rochefort/floodfiles/results/res-0012.wd
ncols         730
nrows         472
xllcorner     380617.130607
yllcorner     6542069.774949
cellsize      20.000000
NODATA_value  -9999.000000
[rows 272 to 305 of 472, columns 0 to 76 of 730]
4.355 4.334 4.291 4.255 4.218 4.183 4.173 4.172 4.160 4.120 4.079 4.026 3.994 3.976 3.965 3.941 3.912 3.867 3.833 3.808 3.786 3.742 3.695 3.668 3.618 3.574 3.548 3.520 3.487 3.436 3.393 3.373 3.356 3.341 3.306 3.255 3.182 3.135 3.110 3.106 3.100 3.077 3.058 3.024 3.008 2.990 2.963 2.928 2.066 1.864 1.893 1.841 1.857 1.749 1.716 1.717 1.766 1.667 1.744 1.737 1.822 1.627 1.700 1.798 1.824 1.680 1.773 1.670 1.738 1.840 1.724 1.747 1.602 1.427 1.540 1.477 1.455
4.347 4.324 4.291 4.250 4.219 4.183 4.172 4.163 4.149 4.108 4.067 4.026 3.982 3.967 3.963 3.949 3.916 3.883 3.840 3.816 3.791 3.772 3.719 3.674 3.629 3.599 3.572 3.529 3.500 3.451 3.418 3.366 3.348 3.325 3.290 3.241 3.174 3.119 3.097 3.096 3.095 3.083 3.049 3.025 3.013 3.004 2.985 2.953 2.925 2.899 2.863 1.937 1.787 1.878 1.785 1.742 1.863 1.814 1.728 1.664 1.659 1.765 1.700 1.767 1.868 1.811 1.843 1.652 1.595 1.860 1.621 1.538 1.518 1.467 1.473 1.566 1.436
4.340 4.317 4.291 4.264 4.221 4.185 4.171 4.154 4.132 4.093 4.055 4.016 3.974 3.961 3.960 3.952 3.918 3.883 3.838 3.810 3.796 3.784 3.747 3.700 3.639 3.603 3.577 3.551 3.514 3.471 3.428 3.378 3.350 3.322 3.286 3.241 3.175 3.123 3.099 3.096 3.093 3.080 3.059 3.024 3.014 3.010 3.003 2.974 2.941 2.916 2.881 1.924 1.960 1.984 1.728 1.769 1.715 1.707 1.698 1.904 1.691 1.632 1.649 1.726 1.817 1.840 1.678 1.583 1.609 1.697 1.589 1.496 1.351 1.590 1.516 1.456 1.507
4.340 4.315 4.291 4.268 4.244 4.190 4.158 4.142 4.121 4.089 4.056 4.013 3.973 3.960 3.957 3.946 3.911 3.876 3.827 3.808 3.802 3.797 3.777 3.711 3.655 3.602 3.575 3.563 3.546 3.501 3.445 3.388 3.354 3.322 3.288 3.248 3.192 3.139 3.110 3.101 3.093 3.078 3.049 3.028 3.012 3.012 3.007 2.985 2.949 2.923 2.893 1.773 1.928 1.838 1.800 1.835 1.723 1.723 1.766 1.724 1.670 1.676 1.626 1.604 1.695 1.708 1.631 1.524 1.470 1.692 1.584 1.464 1.528 1.435 1.428 1.531 1.436
4.341 4.314 4.292 4.271 4.252 4.201 4.160 4.139 4.116 4.083 4.054 4.013 3.975 3.961 3.949 3.936 3.899 3.867 3.820 3.805 3.804 3.805 3.786 3.718 3.654 3.603 3.573 3.569 3.558 3.516 3.456 3.403 3.366 3.336 3.294 3.261 3.201 3.172 3.123 3.113 3.099 3.082 3.049 3.029 3.011 3.007 2.999 2.982 2.957 2.918 2.898 2.895 1.950 1.913 1.876 1.770 1.792 1.822 1.778 1.794 1.783 1.757 1.740 1.816 1.740 1.741 1.696 1.599 1.541 1.506 1.551 1.486 1.558 1.380 1.515 1.479 1.487
4.338 4.310 4.289 4.270 4.243 4.202 4.169 4.136 4.110 4.085 4.059 4.018 3.979 3.964 3.938 3.922 3.899 3.859 3.815 3.801 3.799 3.797 3.771 3.711 3.649 3.598 3.570 3.568 3.559 3.512 3.461 3.398 3.363 3.336 3.307 3.280 3.228 3.185 3.140 3.122 3.105 3.086 3.065 3.022 3.011 3.000 2.988 2.973 2.952 2.919 2.899 2.898 1.986 1.866 1.933 1.837 1.847 1.798 1.857 1.881 1.807 1.718 1.745 1.723 1.683 1.687 1.650 1.715 1.620 1.470 1.364 1.516 1.560 1.498 1.608 1.629 1.508
4.340 4.301 4.281 4.270 4.248 4.213 4.184 4.138 4.109 4.083 4.060 4.040 3.990 3.951 3.934 3.916 3.894 3.854 3.817 3.800 3.787 3.778 3.749 3.697 3.647 3.599 3.569 3.561 3.547 3.506 3.442 3.396 3.362 3.328 3.311 3.288 3.241 3.198 3.173 3.130 3.112 3.093 3.073 3.036 3.014 2.996 2.984 2.968 2.950 2.931 2.898 2.895 2.009 1.995 1.943 1.931 1.926 1.838 1.781 1.808 1.787 1.803 1.795 1.776 1.627 1.659 1.719 1.773 1.672 1.635 1.522 1.439 1.701 1.667 1.496 1.519 1.562
4.328 4.297 4.273 4.268 4.256 4.224 4.189 4.154 4.106 4.079 4.059 4.042 3.994 3.961 3.941 3.909 3.887 3.865 3.827 3.790 3.777 3.762 3.728 3.682 3.643 3.607 3.567 3.550 3.528 3.481 3.419 3.372 3.341 3.321 3.312 3.294 3.243 3.213 3.182 3.148 3.132 3.105 3.070 3.052 3.021 2.992 2.978 2.964 2.948 2.932 2.910 2.895 2.884 1.938 1.956 1.890 1.927 1.831 1.829 1.835 1.882 1.795 1.806 1.822 1.795 1.818 1.878 1.818 1.754 1.724 1.678 1.668 1.580 1.402 1.509 1.478 1.474
4.317 4.288 4.268 4.267 4.260 4.227 4.186 4.144 4.097 4.071 4.049 4.037 3.993 3.972 3.943 3.910 3.887 3.866 3.828 3.810 3.772 3.746 3.716 3.688 3.640 3.594 3.567 3.539 3.511 3.460 3.411 3.352 3.323 3.315 3.312 3.291 3.261 3.208 3.179 3.158 3.143 3.117 3.080 3.059 3.039 3.008 2.975 2.961 2.947 2.928 2.911 2.893 2.876 1.914 1.944 1.903 1.858 1.915 2.036 1.837 1.799 1.808 1.744 1.840 1.941 1.788 1.839 1.803 1.771 1.712 1.649 1.657 1.569 1.610 1.568 1.496 1.491
4.311 4.284 4.266 4.263 4.254 4.220 4.177 4.132 4.092 4.054 4.040 4.026 4.002 3.978 3.951 3.910 3.886 3.866 3.842 3.807 3.765 3.744 3.710 3.683 3.655 3.609 3.566 3.533 3.503 3.463 3.394 3.351 3.320 3.312 3.309 3.293 3.253 3.201 3.169 3.148 3.137 3.121 3.105 3.064 3.028 3.005 2.978 2.959 2.947 2.924 2.915 2.894 2.886 1.955 1.877 1.913 1.968 1.957 1.751 1.815 1.786 1.779 1.789 1.872 2.002 1.797 1.786 1.800 1.792 1.744 1.716 1.703 1.619 1.697 1.546 1.579 1.494
4.303 4.281 4.259 4.250 4.238 4.201 4.161 4.117 4.077 4.047 4.031 4.027 4.010 3.983 3.951 3.909 3.885 3.866 3.841 3.806 3.787 3.739 3.711 3.682 3.655 3.609 3.560 3.534 3.504 3.460 3.412 3.361 3.328 3.317 3.309 3.290 3.244 3.202 3.156 3.135 3.129 3.127 3.108 3.067 3.026 2.999 2.978 2.964 2.942 2.923 2.916 2.899 2.890 2.859 2.849 2.014 2.030 1.716 1.867 1.512 1.785 1.843 1.865 1.996 1.796 1.805 1.712 1.780 1.821 1.711 1.740 1.721 1.680 1.624 1.650 1.551 1.489
4.300 4.281 4.252 4.228 4.213 4.179 4.144 4.105 4.068 4.041 4.027 4.026 4.009 3.979 3.944 3.910 3.876 3.852 3.842 3.824 3.790 3.761 3.713 3.681 3.653 3.616 3.594 3.541 3.505 3.472 3.427 3.392 3.341 3.324 3.308 3.281 3.248 3.193 3.150 3.128 3.124 3.121 3.106 3.066 3.018 2.984 2.959 2.946 2.933 2.921 2.915 2.900 2.891 2.882 2.865 2.848 2.837 2.813 2.793 2.776 1.917 1.871 1.941 1.977 1.924 1.834 1.739 1.716 1.343 1.734 1.710 1.730 1.581 1.647 1.628 1.497 1.611
4.310 4.278 4.231 4.213 4.194 4.165 4.135 4.090 4.061 4.040 4.024 4.019 3.997 3.968 3.933 3.899 3.871 3.847 3.843 3.832 3.802 3.766 3.723 3.677 3.637 3.614 3.589 3.553 3.527 3.482 3.446 3.413 3.367 3.332 3.306 3.281 3.249 3.197 3.156 3.135 3.125 3.120 3.104 3.062 3.006 2.966 2.936 2.924 2.927 2.930 2.919 2.905 2.897 2.888 2.881 2.854 2.831 2.818 2.796 2.774 2.761 2.749 2.736 2.711 1.753 1.761 1.794 1.757 1.786 1.734 1.744 1.651 1.715 1.664 1.494 1.553 1.553
4.294 4.274 4.212 4.194 4.173 4.149 4.122 4.085 4.061 4.042 4.019 4.002 3.979 3.953 3.922 3.890 3.863 3.844 3.843 3.836 3.806 3.766 3.723 3.681 3.632 3.611 3.592 3.569 3.545 3.500 3.464 3.431 3.403 3.356 3.313 3.287 3.249 3.213 3.181 3.143 3.131 3.119 3.099 3.055 3.006 2.955 2.920 2.908 2.916 2.924 2.916 2.904 2.895 2.888 2.881 2.875 2.855 2.825 2.800 2.784 2.768 2.755 2.738 2.714 2.693 2.675 2.666 2.644 2.631 1.800 1.725 1.584 1.606 1.586 1.487 1.497 1.532
4.283 4.255 4.222 4.188 4.164 4.138 4.113 4.089 4.058 4.042 3.999 3.987 3.970 3.939 3.911 3.884 3.860 3.842 3.838 3.826 3.799 3.759 3.714 3.670 3.621 3.601 3.592 3.582 3.560 3.514 3.476 3.442 3.403 3.367 3.324 3.291 3.265 3.230 3.201 3.170 3.134 3.117 3.094 3.062 3.008 2.960 2.926 2.913 2.917 2.925 2.921 2.913 2.893 2.885 2.880 2.876 2.867 2.839 2.806 2.787 2.770 2.766 2.738 2.728 2.704 2.685 2.659 2.647 2.633 2.619 2.588 2.585 2.588 2.592 1.500 1.540 1.479
4.267 4.251 4.222 4.197 4.156 4.127 4.101 4.079 4.062 4.021 3.994 3.967 3.950 3.930 3.897 3.875 3.857 3.845 3.825 3.807 3.782 3.746 3.704 3.662 3.614 3.595 3.591 3.587 3.565 3.532 3.480 3.437 3.408 3.374 3.356 3.319 3.279 3.251 3.223 3.182 3.161 3.124 3.101 3.071 3.021 2.978 2.949 2.932 2.932 2.934 2.922 2.912 2.889 2.882 2.879 2.877 2.867 2.845 2.807 2.784 2.773 2.760 2.751 2.721 2.711 2.685 2.669 2.654 2.625 2.612 2.590 2.574 2.571 2.566 2.541 2.514 2.473
4.257 4.249 4.225 4.195 4.145 4.106 4.078 4.056 4.042 4.015 3.972 3.957 3.939 3.920 3.901 3.872 3.856 3.832 3.809 3.786 3.764 3.733 3.698 3.660 3.616 3.593 3.588 3.582 3.558 3.527 3.491 3.438 3.397 3.380 3.368 3.340 3.317 3.272 3.242 3.199 3.176 3.154 3.114 3.072 3.042 3.011 2.972 2.956 2.943 2.938 2.929 2.913 2.891 2.880 2.878 2.876 2.866 2.843 2.818 2.779 2.765 2.752 2.745 2.734 2.713 2.685 2.666 2.648 2.631 2.605 2.581 2.574 2.557 2.537 2.527 2.507 2.466
4.253 4.249 4.221 4.183 4.139 4.088 4.056 4.035 4.014 4.005 3.977 3.950 3.930 3.911 3.893 3.877 3.855 3.813 3.797 3.783 3.750 3.718 3.689 3.659 3.623 3.595 3.585 3.567 3.546 3.517 3.483 3.431 3.405 3.383 3.377 3.359 3.336 3.290 3.242 3.212 3.189 3.165 3.127 3.104 3.062 3.034 3.011 2.970 2.958 2.947 2.935 2.921 2.896 2.884 2.875 2.871 2.861 2.836 2.811 2.784 2.755 2.742 2.738 2.734 2.706 2.683 2.659 2.636 2.618 2.592 2.573 2.553 2.545 2.524 2.505 2.489 2.464
4.248 4.241 4.210 4.169 4.121 4.075 4.032 4.010 4.001 3.997 3.972 3.953 3.921 3.900 3.875 3.861 3.843 3.806 3.782 3.767 3.749 3.712 3.689 3.664 3.642 3.607 3.572 3.556 3.535 3.507 3.474 3.425 3.399 3.382 3.380 3.371 3.346 3.312 3.248 3.217 3.194 3.178 3.162 3.128 3.086 3.058 3.019 2.999 2.971 2.957 2.944 2.917 2.904 2.888 2.874 2.866 2.850 2.829 2.805 2.778 2.748 2.738 2.736 2.731 2.711 2.679 2.650 2.622 2.594 2.580 2.562 2.546 2.533 2.522 2.497 2.484 2.452
4.237 4.225 4.189 4.149 4.103 4.056 4.012 3.994 3.991 3.989 3.965 3.940 3.906 3.879 3.861 3.849 3.828 3.802 3.778 3.762 3.744 3.725 3.691 3.671 3.652 3.604 3.583 3.551 3.528 3.493 3.462 3.423 3.397 3.380 3.379 3.371 3.347 3.311 3.263 3.218 3.199 3.188 3.169 3.151 3.110 3.078 3.036 3.012 2.994 2.974 2.949 2.922 2.908 2.896 2.869 2.858 2.845 2.828 2.803 2.773 2.749 2.739 2.734 2.728 2.706 2.677 2.638 2.605 2.575 2.561 2.553 2.547 2.530 2.518 2.505 2.480 2.470
4.212 4.195 4.170 4.130 4.089 4.046 4.006 3.989 3.988 3.984 3.958 3.929 3.898 3.863 3.845 3.832 3.822 3.801 3.786 3.755 3.740 3.723 3.701 3.668 3.646 3.611 3.577 3.556 3.517 3.491 3.463 3.435 3.396 3.379 3.369 3.360 3.337 3.294 3.257 3.227 3.201 3.196 3.192 3.171 3.139 3.094 3.043 3.016 2.997 2.982 2.955 2.932 2.917 2.903 2.876 2.858 2.844 2.827 2.809 2.778 1.951 1.907 1.952 1.784 1.689 1.665 1.778 1.761 2.560 2.546 2.546 2.539 2.521 2.505 2.490 2.479 2.459
4.194 4.174 4.149 4.119 4.073 4.040 4.005 3.990 3.985 3.977 3.946 3.916 3.883 3.853 3.828 3.821 3.818 3.801 3.777 3.751 3.732 3.716 3.695 3.683 3.642 3.608 3.584 3.559 3.522 3.496 3.468 3.443 3.408 3.367 3.357 3.344 3.316 3.285 3.250 3.222 3.199 3.199 3.200 3.181 3.146 3.096 3.045 3.017 2.999 2.987 2.976 2.952 2.926 2.896 2.879 2.860 2.845 2.831 2.808 2.772 2.006 1.763 1.700 1.842 1.743 1.654 1.623 1.483 1.571 1.559 1.617 1.513 1.605 1.628 1.559 1.620 1.705
4.176 4.155 4.130 4.094 4.067 4.041 4.008 3.989 3.971 3.957 3.937 3.903 3.872 3.843 3.820 3.816 3.814 3.796 3.773 3.750 3.730 3.713 3.699 3.682 3.666 3.628 3.598 3.553 3.526 3.502 3.479 3.443 3.403 3.369 3.351 3.332 3.302 3.275 3.246 3.219 3.196 3.196 3.194 3.176 3.141 3.090 3.051 3.012 2.997 2.989 2.982 2.962 2.941 2.901 2.875 2.858 2.845 2.827 2.813 2.778 1.983 1.782 1.828 1.846 1.700 1.729 1.634 1.526 1.500 1.414 1.398 1.566 1.315 1.467 1.563 1.500 1.458
4.165 4.140 4.115 4.081 4.059 4.025 4.009 3.971 3.959 3.943 3.923 3.899 3.860 3.833 3.815 3.813 3.809 3.788 3.765 3.741 3.722 3.704 3.704 3.701 3.680 3.640 3.604 3.554 3.526 3.505 3.488 3.451 3.410 3.374 3.352 3.330 3.293 3.267 3.242 3.220 3.194 3.180 3.175 3.157 3.115 3.078 3.041 3.013 2.993 2.990 2.987 2.966 2.941 2.905 2.874 2.857 2.845 2.835 2.814 2.786 2.770 1.700 1.902 1.862 1.887 1.827 1.747 1.570 1.512 1.370 1.374 1.427 1.399 1.383 1.597 1.352 1.404
4.152 4.122 4.089 4.065 4.047 4.032 3.983 3.958 3.943 3.926 3.911 3.880 3.857 3.838 3.812 3.806 3.799 3.778 3.753 3.732 3.715 3.703 3.707 3.706 3.686 3.641 3.598 3.551 3.525 3.508 3.495 3.467 3.426 3.383 3.354 3.326 3.289 3.264 3.239 3.219 3.180 3.159 3.149 3.122 3.093 3.060 3.031 3.007 2.990 2.990 2.985 2.966 2.932 2.901 2.876 2.853 2.844 2.831 2.820 2.797 2.777 1.932 1.846 1.738 1.774 1.826 1.863 1.859 1.924 1.475 1.477 1.574 1.449 1.497 1.275 1.394 1.402
4.141 4.105 4.069 4.046 4.031 4.007 3.965 3.950 3.933 3.915 3.888 3.871 3.855 3.827 3.805 3.787 3.777 3.763 3.746 3.722 3.709 3.697 3.700 3.699 3.679 3.632 3.588 3.552 3.521 3.511 3.506 3.483 3.445 3.401 3.355 3.321 3.283 3.259 3.238 3.199 3.150 3.137 3.128 3.097 3.072 3.045 3.020 2.991 2.987 2.983 2.977 2.957 2.922 2.893 2.868 2.843 2.839 2.836 2.827 2.805 2.777 1.887 1.848 1.652 1.577 1.585 1.563 1.647 1.557 1.569 1.514 1.345 1.423 1.425 1.399 1.437 1.455
4.125 4.083 4.045 4.022 4.006 3.993 3.959 3.940 3.920 3.904 3.876 3.860 3.847 3.816 3.791 3.774 3.762 3.748 3.733 3.706 3.696 3.683 3.679 3.675 3.655 3.611 3.572 3.541 3.522 3.513 3.516 3.501 3.457 3.408 3.337 3.296 3.265 3.242 3.209 3.172 3.142 3.123 3.102 3.074 3.052 3.030 3.010 2.982 2.972 2.969 2.951 2.926 2.901 2.882 2.861 2.840 2.840 2.840 2.827 2.805 2.779 1.562 1.677 1.491 1.470 1.337 1.441 1.665 1.574 1.423 1.316 1.340 1.377 1.342 1.332 1.427 1.360
4.111 4.055 4.017 3.996 3.986 3.982 3.956 3.934 3.909 3.886 3.862 3.847 3.836 3.807 3.781 3.759 3.746 3.731 3.705 3.693 3.685 3.668 3.652 3.633 3.614 3.586 3.554 3.529 3.516 3.513 3.520 3.504 3.453 3.393 3.337 3.282 3.252 3.232 3.208 3.175 3.152 3.114 3.087 3.055 3.031 3.011 2.976 2.947 2.955 2.937 2.919 2.903 2.884 2.864 2.855 2.836 2.837 2.836 2.824 2.804 2.772 1.678 1.653 1.762 1.694 1.631 1.464 1.690 1.673 1.524 1.492 1.281 1.457 1.137 1.263 1.382 1.415
4.094 4.039 4.003 3.982 3.980 3.978 3.957 3.925 3.896 3.868 3.844 3.831 3.812 3.803 3.760 3.743 3.727 3.717 3.688 3.677 3.669 3.649 3.611 3.600 3.582 3.560 3.537 3.508 3.502 3.494 3.500 3.483 3.431 3.373 3.317 3.273 3.238 3.222 3.210 3.191 3.150 3.113 3.050 3.017 2.991 2.990 2.955 2.926 2.907 2.900 2.895 2.881 2.866 2.852 2.842 2.827 2.824 2.821 2.810 2.777 2.764 1.767 1.643 1.753 1.715 1.768 1.795 1.861 1.476 1.536 1.389 1.427 1.266 1.434 1.334 1.390 1.460
4.081 4.031 4.001 3.981 3.978 3.973 3.948 3.919 3.885 3.847 3.820 3.809 3.804 3.781 3.755 3.733 3.712 3.693 3.677 3.659 3.651 3.621 3.582 3.568 3.551 3.532 3.498 3.491 3.485 3.463 3.461 3.442 3.391 3.342 3.293 3.254 3.225 3.221 3.216 3.194 3.142 3.090 3.032 2.992 2.964 2.946 2.922 2.898 2.886 2.878 2.864 2.852 2.841 2.831 2.815 2.806 2.790 2.786 2.773 2.757 2.744 1.931 1.795 1.830 1.643 1.616 1.630 1.581 1.708 1.618 1.638 1.323 1.254 1.246 1.183 1.258 1.296
4.053 4.018 3.997 3.981 3.974 3.964 3.935 3.905 3.870 3.826 3.805 3.796 3.794 3.777 3.750 3.722 3.695 3.673 3.656 3.641 3.617 3.591 3.563 3.546 3.527 3.489 3.473 3.462 3.443 3.433 3.399 3.379 3.346 3.306 3.270 3.239 3.218 3.218 3.219 3.193 3.134 3.072 3.017 2.964 2.934 2.915 2.907 2.884 2.873 2.859 2.844 2.832 2.823 2.815 2.797 2.777 2.755 2.759 2.747 2.735 2.727 1.934 1.795 1.862 1.718 1.659 1.451 1.418 1.393 1.402 1.454 1.225 1.288 1.546 1.173 1.134 1.187
4.042 4.021 3.996 3.967 3.957 3.943 3.922 3.892 3.845 3.818 3.796 3.793 3.791 3.773 3.745 3.713 3.677 3.651 3.625 3.616 3.609 3.561 3.539 3.514 3.486 3.465 3.447 3.436 3.399 3.360 3.347 3.327 3.304 3.273 3.233 3.214 3.199 3.200 3.197 3.168 3.106 3.045 2.988 2.942 2.905 2.894 2.891 2.874 2.860 2.825 2.809 2.797 2.788 2.781 2.765 2.757 2.730 2.722 2.704 2.713 2.706 1.998 1.616 1.602 1.919 1.708 1.603 1.390 1.386 1.356 1.353 1.541 1.250 1.122 1.356 1.335 0.956
4.034 4.016 4.000 3.958 3.945 3.929 3.909 3.885 3.845 3.809 3.793 3.789 3.783 3.761 3.732 3.697 3.647 3.624 3.610 3.602 3.593 3.563 3.527 3.494 3.461 3.438 3.421 3.387 3.375 3.328 3.309 3.287 3.261 3.215 3.194 3.192 3.167 3.162 3.137 3.106 3.058 3.011 2.960 2.920 2.891 2.886 2.882 2.861 2.836 2.812 2.792 2.780 2.773 2.766 2.745 2.729 2.711 2.698 2.678 2.669 2.663 1.888 1.684 1.794 1.703 1.755 1.715 1.492 1.304 1.477 1.362 1.578 1.222 1.068 1.220 1.316 1.160
4.026 4.010 3.975 3.947 3.920 3.904 3.886 3.867 3.826 3.806 3.789 3.780 3.764 3.746 3.715 3.682 3.634 3.612 3.602 3.602 3.592 3.557 3.518 3.470 3.435 3.410 3.394 3.366 3.353 3.289 3.280 3.252 3.224 3.177 3.159 3.147 3.128 3.089 3.075 3.048 3.009 2.967 2.936 2.906 2.885 2.881 2.875 2.849 2.820 2.794 2.778 2.768 2.763 2.760 2.745 2.713 2.691 2.660 2.643 2.643 2.635 2.629 1.894 1.841 1.660 1.576 1.667 1.606 1.460 1.344 1.454 1.216 1.403 1.360 1.219 1.389 1.278
