includes/rochefort/floodfiles/results/res-0004.wdfp
ncols         730
nrows         472
xllcorner     380617.130607
yllcorner     6542069.774949
cellsize      20.000000
NODATA_value  -9999.000000
[rows 340 to 373 of 472, columns 77 to 153 of 730]
1.740 1.862 1.791 1.819 1.728 1.760 1.817 1.823 1.813 1.708 1.699 1.768 1.740 1.617 1.685 1.593 1.533 1.523 1.531 1.471 1.416 1.560 1.433 1.515 1.506 1.486 1.493 1.438 1.478 1.487 1.401 1.434 1.334 1.405 1.329 1.467 1.493 1.315 1.281 1.343 1.356 1.306 1.423 1.340 1.419 1.369 1.317 1.368 1.399 1.317 1.309 1.323 1.267 1.230 1.269 1.354 1.227 1.241 1.216 1.175 1.148 1.135 1.181 1.089 1.083 1.087 1.061 1.055 0.982 0.956 0.980 1.036 0.940 0.907 0.835 0.776 0.912
1.680 1.747 1.787 1.882 1.827 1.710 1.616 1.654 1.684 1.604 1.686 1.723 1.774 1.697 1.686 1.703 1.648 1.582 1.458 1.534 1.578 1.494 1.458 1.373 1.446 1.375 1.486 1.502 1.541 1.444 1.414 1.484 1.404 1.391 1.466 1.405 1.353 1.354 1.290 1.280 1.248 1.359 1.385 1.378 1.363 1.362 1.341 1.281 1.279 1.383 1.343 1.310 1.245 1.274 1.292 1.196 1.292 1.216 1.212 1.181 1.169 1.140 1.175 1.096 1.092 1.078 1.103 1.013 1.076 1.012 1.073 0.953 0.909 0.865 0.890 0.890 0.846
1.865 1.719 1.868 1.714 1.725 1.793 1.632 1.782 1.831 1.734 1.687 1.707 1.755 1.781 1.747 1.562 1.620 1.534 1.585 1.564 1.580 1.653 1.523 1.598 1.459 1.344 1.449 1.505 1.457 1.446 1.409 1.460 1.451 1.498 1.556 1.423 1.333 1.416 1.275 1.362 1.362 1.410 1.408 1.377 1.344 1.350 1.361 1.440 1.394 1.319 1.348 1.292 1.332 1.292 1.326 1.372 1.245 1.220 1.197 1.162 1.154 1.181 1.104 1.191 1.151 1.091 1.053 1.044 1.037 1.022 1.036 0.967 0.906 0.925 0.922 0.831 0.868
1.809 1.697 1.802 1.679 1.666 1.544 1.624 1.798 1.700 1.649 1.692 1.744 1.680 1.697 1.638 1.602 1.599 1.625 1.587 1.596 1.457 1.492 1.483 1.521 1.513 1.480 1.456 1.464 1.405 1.574 1.520 1.517 1.524 1.474 1.493 1.507 1.572 1.470 1.517 1.458 1.395 1.402 1.417 1.439 1.441 1.403 1.434 1.296 1.282 1.366 1.306 1.285 1.301 1.312 1.328 1.234 1.300 1.239 1.185 1.194 1.169 1.126 1.128 1.105 1.100 1.142 1.040 1.047 1.016 0.964 0.989 0.868 0.955 0.925 0.921 0.855 0.836
1.861 1.916 1.746 1.704 1.604 1.569 1.846 1.689 1.646 1.638 1.657 1.612 1.577 1.683 1.580 1.615 1.593 1.648 1.666 1.549 1.484 1.495 1.548 1.533 1.475 1.483 1.467 1.525 1.446 1.447 1.505 1.565 1.545 1.510 1.474 1.440 1.347 1.468 1.450 1.400 1.425 1.423 1.526 1.380 1.364 1.358 1.343 1.354 1.380 1.290 1.306 1.278 1.306 1.452 1.292 1.238 1.296 1.330 1.262 1.197 1.184 1.200 1.179 1.129 1.145 1.058 1.035 1.012 1.032 1.007 0.964 0.983 0.893 0.988 0.946 0.907 0.841
1.923 1.781 1.783 1.722 1.671 2.001 1.608 1.684 1.710 1.688 1.623 1.654 1.663 1.602 1.553 1.563 1.655 1.611 1.583 1.569 1.567 1.561 1.553 1.558 1.456 1.563 1.450 1.420 1.481 1.536 1.666 1.600 1.483 1.406 1.458 1.401 1.358 1.488 1.352 1.414 1.324 1.261 1.447 1.417 1.387 1.360 1.363 1.347 1.350 1.341 1.308 1.351 1.318 1.384 1.272 1.340 1.229 1.297 1.268 1.231 1.227 1.212 1.196 1.158 1.156 1.132 1.107 1.075 1.033 0.971 1.029 0.978 0.919 0.886 0.906 0.973 0.922
1.918 1.875 1.837 1.791 1.731 1.696 1.697 1.774 1.694 1.731 1.623 1.601 1.574 1.606 1.570 1.658 1.585 1.541 1.635 1.648 1.517 1.561 1.538 1.510 1.522 1.434 1.494 1.484 1.487 1.528 1.534 1.420 1.400 1.452 1.339 1.403 1.403 1.435 1.435 1.387 1.374 1.339 1.346 1.335 1.387 1.366 1.289 1.334 1.378 1.314 1.350 1.327 1.352 1.386 1.277 1.212 1.322 1.218 1.216 1.306 1.230 1.253 1.222 1.188 1.161 1.064 1.086 1.075 1.110 1.051 0.969 0.978 1.002 0.960 0.908 1.001 0.845
1.809 1.890 1.783 1.802 1.785 1.714 1.762 1.811 1.735 1.578 1.610 1.538 1.511 1.542 1.473 1.504 1.536 1.595 1.623 1.586 1.575 1.506 1.564 1.608 1.529 1.505 1.500 1.475 1.481 1.489 1.374 1.455 1.465 1.391 1.457 1.413 1.481 1.435 1.438 1.377 1.359 1.308 1.340 1.327 1.308 1.274 1.334 1.413 1.411 1.410 1.377 1.385 1.386 1.183 1.331 1.262 1.209 1.223 1.214 1.205 1.177 1.164 1.117 1.183 1.211 1.169 1.194 1.093 1.067 1.029 1.084 1.031 1.054 0.982 1.038 0.940 0.892
2.013 1.845 1.705 1.742 2.151 1.841 1.793 1.697 1.621 1.591 1.568 1.627 1.519 1.592 1.551 1.575 1.629 1.603 1.594 1.580 1.587 1.578 1.598 1.577 1.541 1.538 1.562 1.497 1.524 1.457 1.456 1.467 1.513 1.457 1.442 1.485 1.484 1.420 1.340 1.306 1.333 1.336 1.346 1.372 1.350 1.400 1.437 1.491 1.407 1.408 1.337 1.291 1.259 1.294 1.247 1.254 1.230 1.227 1.242 1.216 1.228 1.167 1.152 1.177 1.115 1.161 1.111 1.143 1.021 1.084 1.023 0.955 1.053 0.974 0.961 0.904 0.861
1.801 1.756 1.709 1.772 2.066 1.842 1.674 1.662 1.612 1.615 1.631 1.651 1.533 1.442 1.559 1.564 1.605 1.648 1.565 1.510 1.555 1.598 1.510 1.633 1.580 1.567 1.656 1.568 1.464 1.531 1.402 1.536 1.460 1.442 1.396 1.483 1.427 1.446 1.337 1.418 1.324 1.415 1.429 1.385 1.466 1.376 1.457 1.319 1.360 1.305 1.305 1.313 1.364 1.278 1.325 1.179 1.206 1.255 1.244 1.272 1.172 1.150 1.247 1.107 1.083 1.126 1.131 1.073 1.068 1.048 1.054 0.995 1.078 1.086 0.957 0.949 0.845
2.310 1.838 1.804 2.038 1.895 1.701 1.697 1.623 1.615 1.635 1.655 1.638 1.579 1.681 1.598 1.603 1.594 1.665 1.580 1.532 1.560 1.606 1.664 1.639 1.568 1.672 1.546 1.505 1.469 1.480 1.424 1.438 1.515 1.443 1.513 1.506 1.418 1.495 1.331 1.352 1.305 1.446 1.383 1.406 1.435 1.357 1.405 1.403 1.376 1.336 1.331 1.354 1.254 1.287 1.196 1.272 1.239 1.187 1.204 1.206 1.185 1.169 1.148 1.151 1.157 1.148 1.122 1.115 1.063 1.065 1.100 1.098 1.016 0.981 0.978 0.838 0.898
1.970 2.106 2.247 2.045 1.816 1.831 1.714 1.845 1.764 1.786 1.737 1.636 1.678 1.668 1.669 1.707 1.661 1.600 1.635 1.550 1.559 1.726 1.583 1.550 1.555 1.773 1.586 1.567 1.604 1.464 1.424 1.518 1.474 1.516 1.423 1.412 1.427 1.419 1.441 1.458 1.355 1.352 1.404 1.466 1.505 1.469 1.428 1.366 1.318 1.293 1.414 1.297 1.242 1.272 1.282 1.264 1.349 1.185 1.127 1.260 1.161 1.154 1.137 1.168 1.122 1.127 1.073 1.047 1.095 1.055 1.008 1.114 1.070 0.947 0.985 0.878 0.891
1.968 1.927 1.895 1.834 1.781 1.797 1.776 1.819 1.826 1.858 1.750 1.698 1.727 1.704 1.645 1.705 1.639 1.585 1.631 1.622 1.598 1.620 1.613 1.566 1.625 1.722 1.618 1.562 1.527 1.460 1.447 1.468 1.401 1.491 1.437 1.491 1.519 1.424 1.487 1.433 1.418 1.411 1.537 1.443 1.398 1.422 1.372 1.367 1.405 1.426 1.357 1.367 1.289 1.260 1.312 1.281 1.255 1.272 1.172 1.238 1.161 1.152 1.159 1.148 1.136 1.059 1.094 1.099 1.066 1.131 1.154 1.100 0.979 1.033 0.925 0.934 0.851
1.955 1.914 1.842 1.832 1.776 1.738 1.843 1.845 1.829 1.777 1.834 1.794 1.673 1.689 1.751 1.689 1.696 1.666 1.637 1.632 1.616 1.673 1.606 1.763 1.643 1.628 1.577 1.507 1.553 1.558 1.509 1.503 1.348 1.501 1.514 1.397 1.534 1.471 1.443 1.450 1.373 1.415 1.389 1.508 1.392 1.473 1.413 1.451 1.373 1.419 1.359 1.403 1.354 1.354 1.232 1.304 1.295 1.228 1.286 1.210 1.188 1.180 1.167 1.131 1.187 1.173 1.195 1.185 1.048 1.117 1.116 1.064 0.951 0.971 0.927 0.979 0.947
1.982 1.928 1.911 1.841 1.855 1.842 1.745 1.857 1.821 1.751 1.753 1.732 1.752 1.801 1.881 1.740 1.673 1.624 1.674 1.733 1.662 1.654 1.669 1.846 1.673 1.570 1.552 1.522 1.543 1.524 1.546 1.536 1.441 1.523 1.472 1.439 1.542 1.508 1.414 1.377 1.419 1.375 1.425 1.441 1.469 1.453 1.369 1.452 1.483 1.376 1.370 1.323 1.315 1.281 1.317 1.271 1.245 1.226 1.260 1.244 1.192 1.228 1.208 1.189 1.213 1.159 1.152 1.116 1.157 1.111 1.076 0.986 1.067 0.916 0.918 0.871 0.900
1.963 1.942 1.895 1.863 1.850 1.805 1.862 1.898 1.801 1.776 1.808 1.706 1.755 1.821 1.705 1.664 1.703 1.735 1.719 1.670 1.707 1.692 1.803 1.678 1.610 1.604 1.705 1.543 1.565 1.524 1.511 1.532 1.507 1.496 1.459 1.480 1.476 1.400 1.443 1.428 1.408 1.382 1.417 1.443 1.419 1.404 1.472 1.439 1.410 1.448 1.383 1.403 1.344 1.282 1.278 1.351 1.311 1.265 1.266 1.283 1.203 1.261 1.196 1.170 1.116 1.139 1.134 1.212 1.125 1.120 1.091 1.086 0.923 0.957 0.981 0.913 0.896
2.075 1.951 1.969 1.893 1.929 1.933 1.874 1.814 1.874 1.858 1.839 1.803 1.849 1.752 1.746 1.654 1.705 1.789 1.716 1.729 1.668 1.734 1.894 1.626 1.643 1.515 1.587 1.603 1.540 1.563 1.603 1.614 1.564 1.556 1.491 1.535 1.427 1.438 1.442 1.420 1.375 1.363 1.483 1.483 1.472 1.412 1.346 1.413 1.383 1.521 1.341 1.466 1.314 1.392 1.347 1.294 1.289 1.287 1.267 1.316 1.210 1.247 1.218 1.203 1.201 1.122 1.170 1.128 1.160 1.095 1.096 1.000 0.974 0.938 0.976 0.952 0.961
1.990 2.074 2.005 1.975 1.964 1.979 1.894 1.923 1.908 1.874 1.886 1.827 1.741 1.787 1.725 1.741 1.814 1.773 1.665 1.747 1.782 1.870 1.764 1.609 1.579 1.614 1.621 1.586 1.518 1.598 1.500 1.598 1.555 1.542 1.548 1.562 1.445 1.385 1.452 1.400 1.353 1.365 1.521 1.553 1.415 1.383 1.420 1.408 1.415 1.396 1.382 1.409 1.360 1.258 1.326 1.340 1.283 1.340 1.347 1.256 1.269 1.244 1.319 1.232 1.164 1.149 1.171 1.225 1.058 1.085 0.998 0.930 0.943 0.996 1.014 0.943 0.945
2.071 2.187 2.074 2.070 2.002 1.973 1.947 1.964 1.945 1.940 1.839 1.913 1.807 1.843 1.758 1.790 1.843 1.805 1.714 1.812 1.851 1.873 1.683 1.684 1.669 1.618 1.593 1.583 1.626 1.615 1.602 1.531 1.573 1.513 1.550 1.526 1.486 1.375 1.309 1.312 1.400 1.386 1.542 1.340 1.388 1.369 1.467 1.430 1.384 1.326 1.399 1.349 1.399 1.457 1.483 1.300 1.286 1.360 1.324 1.257 1.295 1.227 1.221 1.193 1.289 1.216 1.177 1.090 1.074 1.068 1.059 0.986 0.991 1.039 0.972 0.956 0.879
2.157 2.174 2.139 2.091 2.056 2.045 1.990 2.059 1.979 1.986 1.929 1.935 1.849 1.809 1.864 1.863 1.785 1.765 1.780 1.777 1.892 1.695 1.660 1.627 1.755 1.745 1.628 1.667 1.579 1.637 1.590 1.611 1.575 1.561 1.602 1.748 1.683 1.530 1.404 1.393 1.451 1.315 1.397 1.377 1.404 1.343 1.300 1.384 1.413 1.355 1.338 1.406 1.399 1.396 1.354 1.343 1.310 1.337 1.322 1.276 1.226 1.229 1.239 1.269 1.228 1.171 1.132 1.148 1.103 1.009 1.088 1.031 1.017 1.001 0.903 0.919 0.935
2.209 2.195 2.144 2.142 2.105 2.026 2.083 2.029 1.954 2.009 2.013 1.871 1.899 1.903 1.912 1.809 1.723 1.778 1.835 1.814 1.877 1.704 1.664 1.795 1.722 1.658 1.687 1.672 1.667 1.603 1.668 1.580 1.541 1.535 1.656 1.442 1.465 1.453 1.471 1.465 1.357 1.309 1.503 1.480 1.381 1.404 1.400 1.395 1.392 1.394 1.363 1.416 1.435 1.384 1.427 1.302 1.335 1.359 1.361 1.327 1.264 1.255 1.265 1.312 1.149 1.067 1.150 1.124 1.094 1.035 1.026 1.061 1.020 0.998 1.003 0.931 0.935
2.264 2.233 2.201 2.166 2.130 2.148 2.095 2.032 1.990 2.017 1.991 1.975 2.031 1.992 1.893 1.873 1.896 1.828 1.888 1.801 1.780 1.862 1.696 1.770 1.718 1.714 1.671 1.640 1.715 1.658 1.616 1.654 1.648 1.644 1.960 1.458 1.519 1.411 1.437 1.438 1.384 1.258 1.438 1.462 1.427 1.404 1.374 1.339 1.412 1.351 1.364 1.405 1.426 1.346 1.335 1.289 1.312 1.411 1.347 1.301 1.216 1.264 1.290 1.255 1.120 1.109 1.078 1.083 1.118 1.050 1.046 1.051 0.986 0.955 0.962 0.903 0.961
2.309 2.209 2.347 2.246 2.159 2.154 2.168 2.067 2.035 2.063 2.064 2.043 2.022 1.928 2.009 1.985 1.845 1.913 1.940 1.873 1.812 1.797 1.843 1.743 1.769 1.748 1.776 1.718 1.675 1.709 1.620 1.679 1.651 1.715 1.500 1.461 1.458 1.400 1.451 1.406 1.435 1.356 1.518 1.419 1.426 1.437 1.494 1.437 1.416 1.506 1.463 1.429 1.291 1.322 1.367 1.257 1.289 1.346 1.329 1.302 1.220 1.302 1.306 1.174 1.160 1.151 1.098 1.138 1.110 0.979 1.035 0.977 0.984 0.962 0.934 0.959 0.867
2.409 2.321 2.237 2.300 2.241 2.196 2.199 2.180 2.164 2.125 2.142 2.065 2.081 2.054 2.015 2.044 1.945 2.015 1.906 1.939 1.932 1.803 1.847 1.804 1.825 1.805 1.808 1.802 1.690 1.696 1.645 1.741 1.807 1.505 1.433 1.468 1.429 1.500 1.450 1.410 1.387 1.277 1.459 1.414 1.496 1.521 1.456 1.457 1.470 1.457 1.392 1.500 1.361 1.310 1.331 1.342 1.313 1.292 1.339 1.311 1.268 1.228 1.231 1.159 1.117 1.157 1.103 1.092 1.076 1.042 1.004 1.050 0.998 0.967 1.012 0.919 0.970
2.426 2.351 2.306 2.280 2.267 2.255 2.209 2.236 2.141 2.226 2.101 2.049 2.073 2.088 2.026 1.989 2.079 1.984 1.904 1.941 1.926 1.895 1.857 1.814 1.797 1.842 1.798 1.759 1.765 1.817 1.936 1.562 1.506 1.509 1.522 1.501 1.413 1.431 1.383 1.453 1.398 1.441 1.587 1.536 1.480 1.588 1.391 1.483 1.481 1.510 1.407 1.452 1.370 1.315 1.383 1.322 1.361 1.288 1.301 1.270 1.308 1.194 1.195 1.117 1.074 1.136 1.098 1.121 1.118 1.035 1.043 1.002 1.000 0.990 0.941 0.966 0.877
2.394 2.367 2.312 2.347 2.249 2.220 2.226 2.325 2.227 2.172 2.190 2.147 2.143 2.092 2.106 2.073 2.083 1.977 1.960 1.954 1.975 2.007 1.891 1.895 1.884 1.937 1.834 1.933 1.821 1.699 1.653 1.647 1.705 1.679 1.570 1.599 1.511 1.524 1.430 1.546 1.482 1.424 1.540 1.573 1.541 1.519 1.518 1.558 1.463 1.384 1.408 1.477 1.453 1.354 1.358 1.299 1.302 1.266 1.341 1.405 1.314 1.228 1.110 1.174 1.148 1.136 1.128 1.092 1.009 1.022 1.039 1.026 0.962 0.990 0.946 1.027 0.986
2.404 2.470 2.293 2.342 2.369 2.221 2.349 2.292 2.216 2.250 2.212 2.161 2.134 2.175 2.135 2.038 2.107 2.054 2.139 2.003 1.991 1.985 2.021 1.887 2.009 2.039 1.825 1.742 1.701 1.728 1.645 1.620 1.606 1.578 1.571 1.552 1.477 1.542 1.502 1.562 1.486 1.467 1.640 1.607 1.582 1.560 1.464 1.560 1.407 1.470 1.385 1.398 1.407 1.379 1.346 1.301 1.309 1.381 1.276 1.268 1.272 1.109 1.153 1.161 1.180 1.192 1.061 1.177 1.063 1.058 0.971 0.979 1.027 0.935 0.957 1.019 0.969
2.574 2.423 2.358 2.424 2.286 2.398 2.349 2.268 2.357 2.260 2.242 2.204 2.211 2.241 2.095 2.136 2.033 2.131 2.116 2.041 2.022 1.998 2.087 2.112 1.809 1.795 1.866 1.795 1.787 1.718 1.727 1.666 1.705 1.564 1.573 1.570 1.523 1.559 1.566 1.578 1.608 1.503 1.651 1.587 1.583 1.525 1.470 1.493 1.468 1.419 1.405 1.400 1.342 1.411 1.438 1.319 1.326 1.345 1.345 1.267 1.162 1.195 1.146 1.134 1.170 1.138 1.104 1.121 1.077 1.057 0.995 1.057 0.987 0.976 0.952 1.039 0.934
2.445 2.499 2.390 2.437 2.483 2.405 2.400 2.296 2.318 2.270 2.312 2.194 2.247 2.194 2.185 2.164 2.070 2.169 2.074 2.107 2.175 2.136 1.976 1.924 1.923 1.887 1.895 1.840 1.845 1.751 1.700 1.694 1.689 1.646 1.584 1.664 1.566 1.537 1.598 1.503 1.545 1.408 1.617 1.562 1.532 1.544 1.477 1.466 1.438 1.377 1.423 1.474 1.378 1.454 1.397 1.365 1.304 1.309 1.277 1.206 1.199 1.217 1.206 1.159 1.119 1.139 1.126 1.050 1.050 1.026 0.958 1.029 1.119 0.937 0.976 0.883 1.004
2.395 2.447 2.471 2.481 2.523 2.480 2.386 2.356 2.287 2.302 2.310 2.249 2.285 2.177 2.166 2.205 2.174 2.130 2.197 2.049 2.039 2.055 1.978 1.918 1.936 1.953 1.834 1.784 1.812 1.740 1.769 1.771 1.665 1.694 1.580 1.656 1.617 1.679 1.618 1.549 1.450 1.371 1.715 1.697 1.584 1.532 1.490 1.482 1.444 1.368 1.466 1.391 1.449 1.370 1.424 1.444 1.379 1.334 1.241 1.177 1.300 1.196 1.182 1.168 1.208 1.151 1.092 1.100 1.058 1.061 1.038 1.019 0.982 1.044 0.984 0.999 0.916
2.480 2.455 2.478 2.442 2.450 2.426 2.411 2.325 2.221 2.351 2.347 2.272 2.242 2.225 2.189 2.134 2.148 2.157 2.040 2.086 2.060 1.996 2.014 1.999 1.978 1.879 1.895 1.824 1.880 1.854 1.813 1.807 1.726 1.642 1.660 1.665 1.671 1.626 1.569 1.499 1.475 1.440 1.587 1.519 1.604 1.488 1.533 1.505 1.526 1.505 1.410 1.451 1.419 1.360 1.339 1.401 1.384 1.242 1.203 1.225 1.205 1.287 1.175 1.185 1.099 1.144 1.122 1.064 1.091 1.116 1.073 1.114 1.033 0.980 0.908 0.946 0.914
2.473 2.598 2.510 2.476 2.465 2.440 2.423 2.340 2.450 2.395 2.314 2.337 2.313 2.192 2.200 2.245 2.272 2.144 2.088 2.185 2.031 2.096 1.998 2.035 1.907 1.944 1.874 1.867 1.760 1.745 1.749 1.693 1.711 1.769 1.752 1.638 1.665 1.527 1.529 1.577 1.457 1.468 1.615 1.629 1.606 1.583 1.703 1.518 1.471 1.585 1.447 1.544 1.528 1.383 1.471 1.416 1.344 1.360 1.309 1.233 1.230 1.238 1.137 1.172 1.117 1.122 1.133 1.144 1.098 1.065 1.110 0.978 1.035 1.047 0.923 0.949 0.934
2.559 2.554 2.528 2.469 2.439 2.547 2.444 2.412 2.385 2.415 2.312 2.237 2.285 2.298 2.225 2.227 2.233 2.262 2.146 2.147 2.161 2.073 2.058 1.962 2.025 1.965 1.988 1.905 1.828 1.757 1.821 1.707 1.778 1.723 1.758 1.688 1.613 1.597 1.514 1.433 1.525 1.508 1.676 1.656 1.645 1.601 1.578 1.532 1.496 1.554 1.491 1.513 1.487 1.536 1.438 1.341 1.281 1.226 1.285 1.248 1.253 1.188 1.226 1.148 1.166 1.145 1.112 1.107 1.133 1.022 1.099 1.024 1.094 1.055 0.948 0.968 0.941
2.532 2.506 2.508 2.465 2.508 2.467 2.400 2.475 2.467 2.407 2.389 2.301 2.316 2.246 2.304 2.280 2.268 2.274 2.103 2.191 2.153 2.074 2.080 2.063 2.034 2.040 1.938 1.947 1.826 1.876 1.849 1.768 1.727 1.736 1.678 1.650 1.610 1.574 1.560 1.554 1.507 1.517 1.696 1.732 1.673 1.618 1.617 1.602 1.542 1.609 1.512 1.477 1.502 1.404 1.383 1.422 1.396 1.328 1.325 1.232 1.256 1.271 1.180 1.244 1.192 1.117 1.162 1.122 1.140 1.077 1.043 1.142 0.989 0.955 0.893 1.045 1.055
