includes/rochefort/floodfiles/results/res-0007.wd
ncols         730
nrows         472
xllcorner     380617.130607
yllcorner     6542069.774949
cellsize      20.000000
NODATA_value  -9999.000000
[rows 102 to 135 of 472, columns 77 to 153 of 730]
3.370 3.439 3.524 3.604 3.501 3.514 3.433 4.865 4.977 5.143 5.238 5.288 5.392 5.500 5.588 5.725 5.771 5.878 6.062 6.282 6.533 6.778 6.869 6.924 6.930 6.980 7.142 7.257 7.367 7.433 7.446 7.456 7.486 7.563 7.718 7.798 7.878 7.891 7.853 7.790 7.751 7.712 7.767 7.824 7.882 7.881 7.789 7.588 7.428 7.269 7.220 7.239 7.253 7.123 6.842 6.412 6.044 5.740 5.501 5.190 4.906 4.695 4.239 3.981 2.587 2.310 2.226 2.099 2.065 2.050 2.065 1.978 1.899 1.894 1.855 1.782 1.793
3.307 3.482 3.485 3.374 3.532 3.345 3.468 4.791 4.881 4.949 5.016 5.108 5.257 5.397 5.561 5.712 5.749 5.766 5.876 6.105 6.311 6.539 6.640 6.678 6.697 6.839 6.988 7.019 7.185 7.246 7.284 7.290 7.337 7.448 7.532 7.672 7.731 7.772 7.751 7.728 7.715 7.725 7.757 7.809 7.848 7.846 7.756 7.626 7.442 7.359 7.302 7.385 7.464 7.402 7.123 6.675 6.285 5.967 5.617 5.336 5.206 4.932 4.646 4.183 3.736 2.375 2.228 2.122 2.044 2.103 1.998 2.063 1.906 1.842 1.842 1.819 1.783
3.410 3.502 3.400 3.411 3.366 3.442 3.360 3.379 4.718 4.741 4.814 4.905 5.094 5.299 5.521 5.712 5.760 5.745 5.798 5.901 6.111 6.250 6.408 6.467 6.522 6.573 6.660 6.825 6.870 6.952 7.015 7.154 7.167 7.233 7.397 7.475 7.607 7.644 7.661 7.665 7.673 7.720 7.766 7.744 7.753 7.745 7.681 7.586 7.496 7.374 7.338 7.440 7.539 7.484 7.211 6.822 6.346 6.011 5.783 5.496 5.438 5.223 4.892 4.451 3.806 2.556 2.254 2.088 2.125 1.923 2.060 2.020 1.898 1.926 1.765 1.714 1.754
3.259 3.363 3.370 3.513 3.233 3.337 3.375 3.424 3.519 4.593 4.606 4.725 4.924 5.160 5.407 5.631 5.703 5.693 5.682 5.776 5.862 6.023 6.107 6.168 6.217 6.298 6.463 6.523 6.620 6.797 6.881 6.950 7.043 7.104 7.265 7.342 7.486 7.549 7.586 7.577 7.598 7.623 7.689 7.715 7.661 7.649 7.605 7.543 7.481 7.444 7.380 7.391 7.452 7.376 7.137 6.791 6.337 6.018 5.800 5.628 5.645 5.500 5.137 4.645 4.045 3.636 2.420 2.149 2.020 2.017 1.861 2.087 1.968 1.960 1.830 1.878 1.740
3.195 3.159 3.244 3.266 3.228 3.319 3.282 3.562 3.553 3.359 4.500 4.550 4.721 5.001 5.231 5.457 5.543 5.558 5.551 5.633 5.663 5.730 5.798 5.878 5.967 6.032 6.149 6.243 6.456 6.672 6.786 6.872 6.931 7.012 7.080 7.233 7.288 7.481 7.533 7.542 7.568 7.633 7.651 7.668 7.632 7.584 7.555 7.514 7.470 7.441 7.419 7.298 7.259 7.182 6.990 6.712 6.310 6.021 5.754 5.677 5.721 5.634 5.268 4.799 4.222 3.824 2.655 2.233 2.115 1.987 2.043 1.953 1.901 1.839 1.800 1.744 1.808
3.337 3.124 3.185 3.269 3.374 3.340 3.306 3.358 3.426 3.422 3.299 4.503 4.641 4.816 4.979 5.181 5.264 5.287 5.355 5.332 5.372 5.437 5.520 5.715 5.801 5.889 5.992 6.091 6.238 6.486 6.663 6.800 6.922 6.940 6.986 7.128 7.231 7.339 7.420 7.477 7.569 7.584 7.624 7.636 7.594 7.592 7.534 7.506 7.482 7.453 7.419 7.299 7.119 7.029 6.872 6.654 6.301 6.050 5.784 5.701 5.662 5.537 5.251 4.872 4.452 4.019 3.705 2.431 2.286 2.050 1.988 1.941 2.019 1.904 1.826 1.845 1.747
3.064 3.147 3.132 3.138 3.182 3.180 3.229 3.427 3.381 3.273 3.302 3.348 4.616 4.717 4.821 4.905 4.953 4.963 5.024 5.095 5.066 5.155 5.295 5.534 5.716 5.829 5.872 5.959 6.124 6.354 6.650 6.836 6.928 6.931 6.952 7.026 7.201 7.335 7.445 7.519 7.588 7.588 7.612 7.612 7.621 7.588 7.585 7.530 7.503 7.473 7.431 7.309 7.151 7.062 6.826 6.651 6.335 6.025 5.845 5.722 5.582 5.466 5.239 4.875 4.538 4.164 3.876 2.466 2.212 2.128 2.009 1.885 1.830 1.840 1.893 1.766 1.779
3.028 3.234 3.165 3.160 3.037 3.219 3.285 3.259 3.219 3.327 3.310 3.198 3.230 4.637 4.690 4.734 4.754 4.718 4.761 4.767 4.795 4.912 5.115 5.409 5.632 5.798 5.815 5.870 6.028 6.275 6.604 6.834 6.927 6.927 6.933 7.002 7.131 7.349 7.494 7.592 7.612 7.610 7.584 7.604 7.581 7.592 7.602 7.601 7.600 7.512 7.462 7.327 7.264 7.071 6.964 6.724 6.433 6.213 5.943 5.766 5.642 5.390 5.206 4.934 4.711 4.380 4.239 3.995 2.306 2.286 2.051 1.941 1.923 1.867 1.769 1.791 1.822
3.004 3.293 3.175 3.050 3.037 3.224 3.302 3.182 3.183 3.174 3.315 3.214 3.277 3.320 4.503 4.524 4.564 4.533 4.482 4.413 4.478 4.619 4.895 5.280 5.589 5.780 5.808 5.836 5.961 6.182 6.487 6.727 6.835 6.885 6.906 6.979 7.064 7.310 7.519 7.633 7.649 7.595 7.540 7.523 7.585 7.611 7.640 7.652 7.635 7.566 7.496 7.375 7.313 7.131 7.059 6.947 6.693 6.362 6.173 5.877 5.668 5.497 5.179 4.969 4.742 4.491 4.404 4.224 2.408 2.149 2.240 1.915 1.875 1.900 1.714 1.661 1.846
2.968 3.247 3.105 2.976 3.035 3.104 3.238 3.164 3.125 3.168 3.153 3.302 3.291 3.284 3.264 3.075 4.387 4.352 4.263 4.177 4.131 4.312 4.648 5.092 5.442 5.682 5.743 5.808 5.906 6.079 6.342 6.557 6.674 6.743 6.790 6.873 7.021 7.259 7.438 7.583 7.606 7.561 7.516 7.486 7.548 7.639 7.690 7.715 7.694 7.646 7.526 7.418 7.365 7.290 7.239 7.100 6.941 6.725 6.401 6.098 5.787 5.595 5.234 5.006 4.792 4.575 4.539 4.465 4.260 2.206 2.050 1.935 1.930 1.935 1.778 1.674 1.774
3.101 3.208 3.062 2.971 2.976 3.126 3.067 3.015 3.079 3.065 3.244 3.189 3.200 3.210 3.345 3.240 3.046 3.156 3.101 4.045 3.969 4.106 4.453 4.902 5.232 5.494 5.598 5.654 5.728 5.988 6.154 6.380 6.501 6.607 6.688 6.790 6.928 7.156 7.308 7.418 7.494 7.482 7.441 7.455 7.516 7.656 7.727 7.762 7.733 7.661 7.548 7.482 7.393 7.387 7.377 7.298 7.166 6.895 6.566 6.365 6.058 5.856 5.493 5.113 4.859 4.648 4.596 4.598 4.400 4.050 2.094 1.971 1.996 1.992 1.685 1.770 1.682
2.991 2.955 2.969 3.004 2.892 3.317 3.012 3.075 3.232 2.996 3.041 3.229 3.148 3.191 3.140 3.258 3.099 3.015 3.115 2.986 2.985 4.128 4.407 4.700 5.042 5.294 5.415 5.498 5.581 5.826 5.967 6.124 6.267 6.376 6.475 6.586 6.716 6.937 7.142 7.242 7.296 7.350 7.366 7.407 7.483 7.629 7.712 7.749 7.722 7.653 7.547 7.495 7.445 7.485 7.540 7.464 7.314 7.041 6.715 6.526 6.366 6.188 5.824 5.298 4.941 4.715 4.613 4.558 4.403 4.057 2.473 2.155 1.765 1.903 1.845 1.713 1.652
2.943 3.176 2.932 2.937 2.994 2.896 2.876 3.130 3.041 3.057 3.025 3.028 3.106 3.118 3.243 3.114 3.142 3.074 3.174 3.075 3.012 2.948 2.977 2.970 4.806 5.020 5.225 5.310 5.430 5.473 5.706 5.858 6.000 6.138 6.260 6.473 6.673 6.791 6.988 7.083 7.151 7.240 7.283 7.340 7.492 7.570 7.634 7.679 7.662 7.615 7.527 7.497 7.522 7.568 7.608 7.565 7.406 7.132 6.935 6.803 6.587 6.463 6.134 5.739 5.260 4.856 4.673 4.559 4.318 3.980 3.685 2.102 1.799 1.848 1.853 1.754 1.614
3.010 2.999 2.960 3.080 3.188 2.856 2.892 2.918 3.080 2.977 2.926 3.137 3.125 3.195 3.252 3.285 3.115 3.081 3.092 3.136 3.035 3.032 3.008 2.947 2.937 2.968 4.933 4.918 5.050 5.156 5.289 5.574 5.866 6.044 6.189 6.299 6.470 6.666 6.768 6.954 7.034 7.141 7.199 7.217 7.376 7.450 7.536 7.551 7.548 7.524 7.500 7.506 7.520 7.562 7.595 7.566 7.406 7.157 7.000 6.931 6.838 6.799 6.483 6.098 5.665 5.182 4.804 4.604 4.278 3.925 3.614 2.275 2.056 1.808 1.756 1.858 1.733
2.835 2.948 2.979 3.072 2.926 2.720 2.774 2.842 2.926 2.873 2.897 2.968 2.979 2.882 3.019 3.063 3.086 3.089 3.047 3.078 3.118 2.977 2.916 2.918 2.888 2.890 2.912 4.679 4.729 4.899 5.072 5.314 5.678 5.938 6.197 6.295 6.416 6.482 6.621 6.813 6.904 7.027 7.079 7.140 7.293 7.357 7.422 7.460 7.478 7.506 7.499 7.491 7.499 7.505 7.522 7.490 7.340 7.207 7.038 7.037 7.075 7.108 6.879 6.435 5.951 5.421 5.111 4.723 4.324 3.932 3.553 3.201 1.963 1.800 1.847 1.789 1.768
2.935 2.965 2.829 2.896 3.047 2.805 2.618 2.818 2.902 2.916 2.858 3.082 2.897 2.999 2.941 2.881 2.988 2.954 3.129 3.003 3.095 3.049 2.938 2.883 2.878 2.819 2.895 2.942 4.482 4.612 4.817 5.146 5.546 5.995 6.261 6.388 6.403 6.415 6.479 6.660 6.816 6.907 7.040 7.089 7.220 7.277 7.341 7.385 7.415 7.435 7.469 7.506 7.447 7.452 7.446 7.413 7.267 7.178 7.055 7.092 7.195 7.275 7.098 6.619 6.127 5.733 5.318 5.043 4.540 4.046 3.616 3.196 2.096 1.795 1.787 1.773 1.742
2.936 2.751 2.882 2.809 2.921 2.733 2.788 2.790 2.782 2.714 2.887 2.836 2.857 2.882 2.820 2.832 2.762 2.837 3.014 2.856 2.922 2.953 3.149 2.934 2.872 2.845 2.867 2.911 2.954 4.290 4.526 4.954 5.485 6.053 6.405 6.505 6.443 6.400 6.448 6.640 6.819 6.931 6.994 7.070 7.100 7.219 7.284 7.336 7.375 7.399 7.420 7.461 7.463 7.417 7.399 7.366 7.220 7.158 7.077 7.097 7.168 7.186 7.049 6.670 6.189 5.874 5.695 5.375 4.973 4.447 3.856 3.430 3.134 1.871 1.802 1.619 1.706
2.916 2.922 2.884 3.127 2.754 2.676 2.712 2.653 2.851 2.779 2.851 2.589 2.670 2.781 2.751 2.883 2.852 2.784 3.012 2.823 3.007 3.038 3.037 2.916 2.985 2.839 2.811 2.843 2.934 4.037 4.288 4.774 5.367 5.988 6.385 6.493 6.420 6.362 6.414 6.601 6.849 7.007 7.071 7.055 7.079 7.118 7.244 7.306 7.355 7.394 7.413 7.479 7.455 7.364 7.344 7.345 7.203 7.152 7.063 7.055 7.067 6.997 6.879 6.568 6.240 6.047 5.945 5.678 5.446 5.001 4.231 3.788 3.514 2.032 1.728 1.796 1.719
2.929 2.792 2.896 3.037 2.733 2.679 2.780 2.812 2.792 2.857 2.928 2.752 2.882 2.843 3.003 2.828 2.847 2.819 2.759 2.894 2.867 3.056 3.044 2.988 2.987 2.910 2.852 2.844 2.886 4.010 4.245 4.686 5.214 5.750 6.138 6.264 6.287 6.272 6.351 6.568 6.858 7.059 7.130 7.083 7.037 7.108 7.242 7.324 7.386 7.419 7.429 7.451 7.499 7.365 7.343 7.317 7.319 7.166 7.063 7.025 6.992 6.856 6.751 6.485 6.252 6.168 6.135 6.206 6.049 5.558 4.879 4.256 3.791 3.573 1.806 1.644 1.643
2.875 2.751 2.728 2.996 2.692 2.604 2.675 2.805 2.774 2.771 2.755 2.635 2.829 2.936 2.713 2.982 2.718 2.824 2.849 2.768 2.766 2.838 2.976 2.856 2.932 2.965 2.882 2.858 2.861 2.933 4.313 4.688 5.116 5.484 5.819 5.954 6.032 6.073 6.187 6.397 6.724 6.988 7.075 7.043 7.008 7.046 7.265 7.376 7.456 7.485 7.474 7.453 7.436 7.426 7.367 7.346 7.354 7.317 7.089 7.031 6.972 6.903 6.693 6.572 6.349 6.310 6.356 6.541 6.426 5.866 5.223 4.485 4.190 3.902 2.047 1.657 1.795
2.842 2.903 2.786 3.031 2.894 2.682 2.714 2.732 2.705 2.791 2.674 2.805 2.854 2.886 2.660 2.761 2.850 2.893 2.640 2.696 2.794 2.833 2.844 2.949 3.015 2.883 2.895 2.897 2.840 2.974 4.407 2.967 3.021 5.251 5.482 5.604 5.674 5.768 5.974 6.183 6.508 6.739 6.901 6.924 6.948 7.028 7.238 7.446 7.552 7.574 7.531 7.479 7.449 7.443 7.441 7.431 7.443 7.409 7.193 7.124 7.050 6.938 6.846 6.607 6.382 6.337 6.353 6.495 6.370 5.865 5.284 4.763 4.435 4.235 3.811 1.760 1.546
2.729 2.730 2.660 2.770 2.703 2.603 2.691 2.629 2.687 2.786 2.712 2.708 2.793 2.751 2.601 2.511 2.742 2.731 2.679 2.675 2.739 2.893 2.753 2.897 2.903 2.964 2.893 2.839 2.871 3.010 3.052 2.938 2.999 4.997 5.225 5.317 5.382 5.480 5.619 5.899 6.224 6.446 6.597 6.763 6.851 6.990 7.246 7.485 7.612 7.629 7.563 7.493 7.461 7.524 7.533 7.538 7.556 7.475 7.359 7.186 7.121 7.016 6.931 6.703 6.578 6.354 6.322 6.251 6.046 5.668 5.208 4.808 4.672 4.625 4.193 2.038 1.770
2.775 2.715 2.685 2.661 2.634 2.696 2.842 2.761 2.549 2.704 2.802 2.779 2.640 2.709 2.526 2.542 2.495 2.689 2.602 2.645 2.739 2.692 2.824 2.730 2.967 2.797 3.018 2.883 2.835 3.017 2.994 2.897 3.095 2.973 4.927 5.003 5.038 5.151 5.276 5.558 5.904 6.153 6.349 6.589 6.735 6.911 7.133 7.403 7.569 7.591 7.536 7.479 7.464 7.540 7.566 7.581 7.568 7.524 7.416 7.364 7.216 7.174 7.070 6.849 6.570 6.416 6.293 6.101 5.819 5.530 5.145 4.827 4.813 4.831 4.448 3.757 1.835
2.861 2.708 2.626 2.750 3.145 2.710 2.755 2.812 2.688 2.702 2.711 2.646 2.652 2.847 2.720 2.584 2.662 2.468 2.574 2.748 2.814 2.676 2.622 2.736 2.681 2.860 2.936 2.909 2.940 2.921 2.931 2.899 2.920 3.070 2.962 4.788 4.773 4.770 4.918 5.212 5.601 5.897 6.135 6.330 6.597 6.788 6.999 7.266 7.441 7.478 7.461 7.461 7.478 7.553 7.595 7.618 7.604 7.540 7.459 7.418 7.409 7.351 7.316 7.056 6.753 6.538 6.352 6.160 5.827 5.440 5.155 4.851 4.773 4.682 4.329 3.758 2.049
2.724 2.807 2.864 2.629 2.692 2.695 2.746 2.646 2.621 2.685 2.739 2.618 2.608 2.562 2.701 2.601 2.732 2.607 2.500 2.623 2.717 2.642 2.707 2.719 2.986 3.006 2.911 2.887 2.851 3.393 2.875 2.839 2.985 2.910 2.882 2.918 4.542 4.512 4.594 4.892 5.298 5.628 5.885 6.091 6.358 6.637 6.833 7.093 7.219 7.299 7.396 7.420 7.462 7.552 7.598 7.625 7.610 7.549 7.500 7.482 7.502 7.540 7.499 7.290 7.100 6.755 6.447 6.256 6.055 5.538 5.276 5.028 4.752 4.484 4.161 3.652 3.099
2.684 2.621 2.715 2.784 3.006 2.578 2.685 2.795 2.645 2.779 2.746 2.629 2.674 2.751 2.675 2.709 2.603 2.782 2.710 2.489 2.623 2.641 2.588 2.717 2.816 2.870 2.852 2.901 3.093 3.020 2.903 2.910 2.898 2.886 2.800 2.924 2.976 4.404 4.472 4.736 5.075 5.472 5.796 5.989 6.223 6.389 6.566 6.929 6.992 7.168 7.324 7.375 7.432 7.527 7.570 7.592 7.584 7.530 7.500 7.502 7.548 7.618 7.631 7.516 7.234 6.999 6.712 6.570 6.276 5.942 5.512 5.227 4.975 4.561 4.252 3.672 3.247
2.623 2.690 2.488 2.691 2.746 2.633 2.629 2.691 2.728 2.637 2.774 2.644 2.714 2.718 2.685 2.682 2.722 2.635 2.685 2.535 2.524 2.757 2.628 2.898 2.766 2.864 2.782 2.972 3.296 2.948 2.874 2.808 2.901 2.842 2.819 2.757 3.004 4.469 4.542 4.779 5.100 5.489 5.729 5.946 6.127 6.264 6.421 6.678 6.851 6.965 7.059 7.231 7.306 7.492 7.527 7.546 7.547 7.553 7.553 7.539 7.556 7.618 7.635 7.522 7.341 7.176 6.970 6.805 6.630 6.378 5.917 5.560 5.272 4.924 4.517 4.034 3.644
2.469 2.658 2.621 2.602 2.746 2.650 2.635 2.788 2.724 2.662 2.734 2.650 2.710 2.729 2.609 2.628 2.624 2.760 2.672 2.695 2.534 2.598 2.534 2.706 2.754 2.669 2.791 2.970 3.190 2.751 2.797 2.817 2.738 2.821 2.823 2.771 2.897 3.078 4.689 4.900 5.196 5.576 5.851 5.969 6.035 6.125 6.322 6.488 6.759 6.888 6.993 7.178 7.250 7.405 7.487 7.506 7.533 7.538 7.547 7.499 7.528 7.561 7.559 7.444 7.318 7.210 7.078 7.087 7.076 6.929 6.531 5.840 5.411 5.289 5.032 4.596 3.999
2.602 2.428 2.459 2.606 2.592 2.596 2.730 2.632 2.730 2.749 2.750 2.662 2.798 2.608 2.626 2.738 2.623 2.685 2.681 2.690 2.610 2.696 2.503 2.658 2.811 2.680 2.906 3.409 2.805 2.785 2.805 2.794 2.759 2.760 2.806 2.849 2.875 2.991 2.891 4.988 5.280 5.666 5.942 6.030 6.039 6.089 6.272 6.392 6.640 6.772 6.964 7.046 7.208 7.345 7.457 7.500 7.515 7.528 7.503 7.484 7.496 7.500 7.489 7.450 7.293 7.155 7.170 7.275 7.434 7.321 6.805 6.132 5.711 5.680 5.651 5.061 4.338
2.570 2.529 2.492 2.816 2.645 2.580 2.572 2.723 2.748 2.664 2.655 2.708 2.664 2.767 2.692 2.683 2.644 2.622 2.741 2.624 2.720 2.587 2.419 2.694 2.630 2.802 3.115 2.803 2.739 2.687 2.954 2.738 2.713 2.655 2.764 2.818 2.897 2.905 2.875 4.996 5.292 5.690 5.976 6.060 6.045 6.049 6.166 6.412 6.677 6.814 6.900 6.954 7.000 7.213 7.277 7.489 7.509 7.525 7.541 7.540 7.545 7.474 7.462 7.435 7.213 7.175 7.203 7.307 7.474 7.369 6.863 6.224 5.817 5.850 5.940 5.269 4.395
2.494 2.530 2.539 2.591 2.394 2.491 2.498 2.559 2.598 2.696 2.682 2.717 2.678 2.653 2.747 2.667 2.604 2.621 2.674 2.626 2.726 2.498 2.585 2.683 2.667 2.961 3.432 2.724 2.654 2.696 2.737 2.707 2.669 2.798 2.704 2.784 3.008 2.789 2.789 2.857 5.197 5.533 5.866 5.984 5.996 6.042 6.199 6.497 6.795 6.942 6.999 7.006 7.011 7.180 7.264 7.374 7.478 7.526 7.544 7.557 7.563 7.494 7.487 7.467 7.292 7.251 7.136 7.198 7.212 7.094 6.654 6.219 5.911 5.719 5.591 5.107 4.407
2.583 2.651 2.715 2.484 2.545 2.459 2.369 2.334 2.523 2.551 2.716 2.611 2.663 2.634 2.545 2.672 2.726 2.730 2.628 2.641 2.707 2.537 2.572 2.652 2.729 3.362 2.655 2.688 2.551 2.611 2.797 2.814 2.735 2.763 2.784 2.915 2.950 2.723 2.729 2.691 2.837 5.266 5.604 5.820 5.908 6.028 6.255 6.691 6.981 7.148 7.160 7.081 7.089 7.175 7.210 7.371 7.402 7.499 7.555 7.567 7.580 7.531 7.536 7.522 7.439 7.289 7.126 7.096 7.063 6.845 6.626 6.212 5.969 5.715 5.408 4.947 4.485
2.511 2.641 2.969 2.467 2.444 2.379 2.314 2.377 2.439 2.626 2.594 2.579 2.647 2.698 2.698 2.640 2.736 2.774 2.793 2.683 2.552 2.571 2.690 2.741 2.990 2.738 2.581 2.594 2.557 2.560 2.632 2.821 2.725 2.735 2.832 3.052 2.688 2.730 2.778 2.799 2.757 5.000 5.345 5.540 5.791 5.990 6.288 6.746 7.147 7.341 7.307 7.160 7.109 7.189 7.235 7.383 7.413 7.436 7.542 7.566 7.572 7.606 7.657 7.605 7.523 7.454 7.305 7.214 7.015 6.907 6.621 6.312 6.131 5.835 5.507 5.054 4.771
2.527 2.560 2.536 2.590 2.629 2.349 2.390 2.414 2.405 2.379 2.560 2.739 2.634 2.679 2.638 2.754 2.720 2.897 2.728 2.596 2.558 2.608 2.711 2.826 3.381 2.680 2.605 2.599 2.619 2.661 2.742 2.657 2.813 2.850 2.935 3.184 2.729 2.699 2.755 2.605 2.761 2.699 5.105 5.321 5.546 5.807 6.230 6.655 7.145 7.357 7.317 7.186 7.098 7.192 7.268 7.346 7.445 7.455 7.492 7.537 7.622 7.670 7.719 7.722 7.667 7.535 7.448 7.339 7.174 6.956 6.860 6.661 6.565 6.220 5.729 5.353 5.036
