includes/rochefort/floodfiles/results/res-0003.wdfp
ncols         730
nrows         472
xllcorner     380617.130607
yllcorner     6542069.774949
cellsize      20.000000
NODATA_value  -9999.000000
[rows 102 to 135 of 472, columns 0 to 76 of 730]
3.470 3.497 3.488 3.502 3.517 3.522 3.529 3.532 3.545 3.563 3.582 3.599 3.602 3.597 3.582 3.577 2.726 2.716 2.717 2.635 2.571 2.513 2.468 2.510 2.504 2.360 2.347 2.350 2.414 2.343 2.368 2.391 2.358 2.351 2.355 2.341 2.327 2.444 2.399 2.434 2.417 2.483 2.390 2.406 2.405 2.378 2.437 2.426 2.475 2.386 2.372 2.257 2.213 2.210 2.058 2.289 2.280 2.228 2.108 2.026 2.036 1.870 1.991 2.497 1.909 1.862 1.917 2.067 1.976 2.155 2.109 2.112 2.066 2.192 2.188 2.104 2.233
3.439 3.444 3.459 3.469 3.486 3.509 3.513 3.515 3.526 3.542 3.579 3.609 3.629 3.619 3.602 3.594 3.602 2.636 2.681 2.747 2.689 2.579 2.598 2.579 2.417 2.446 2.497 2.383 2.378 2.362 2.331 2.274 2.322 2.399 2.286 2.367 2.337 2.391 2.367 2.415 2.335 2.404 2.427 2.530 2.385 2.381 2.362 2.350 2.289 2.419 2.422 2.368 2.248 2.160 2.270 2.198 2.153 2.191 2.206 1.993 2.092 2.080 2.169 2.098 1.796 1.893 1.962 2.027 1.988 2.161 2.051 2.186 2.025 2.094 1.995 2.088 2.049
3.405 3.411 3.432 3.449 3.475 3.499 3.510 3.506 3.505 3.517 3.570 3.625 3.657 3.636 3.605 3.613 3.646 3.658 2.697 2.622 2.650 2.621 2.639 2.544 2.546 2.488 2.398 2.412 2.404 2.367 2.407 2.389 2.338 2.336 2.445 2.321 2.241 2.297 2.280 2.410 2.388 2.379 2.337 2.300 2.383 2.401 2.299 2.360 2.479 2.341 2.514 2.364 2.275 2.288 2.189 2.131 2.100 2.060 2.177 2.174 1.994 1.974 2.365 2.023 1.856 1.953 1.953 1.948 1.973 2.100 1.933 1.868 1.985 2.006 2.021 1.899 2.029
3.382 3.387 3.402 3.419 3.448 3.480 3.501 3.492 3.479 3.492 3.532 3.599 3.630 3.610 3.588 3.619 3.696 3.739 2.718 2.743 2.800 2.625 2.581 2.600 2.527 2.519 2.442 2.523 2.466 2.443 2.325 2.377 2.349 2.277 2.419 2.395 2.274 2.270 2.248 2.308 2.348 2.334 2.283 2.316 2.341 2.301 2.302 2.286 2.397 2.276 2.347 2.298 2.446 2.296 2.240 2.121 2.141 2.030 2.078 2.176 2.179 2.062 2.418 1.811 1.957 2.066 2.035 1.904 1.887 2.074 1.925 1.919 1.892 1.890 1.936 1.859 1.905
3.378 3.382 3.385 3.402 3.422 3.443 3.459 3.450 3.431 3.434 3.476 3.515 3.547 3.531 3.536 3.604 3.702 3.758 3.680 2.780 2.628 2.644 2.611 2.563 2.619 2.650 2.557 2.563 2.414 2.524 2.471 2.335 2.335 2.384 2.315 2.336 2.283 2.229 2.279 2.267 2.203 2.371 2.458 2.261 2.310 2.214 2.217 2.269 2.287 2.256 2.226 2.294 2.367 2.281 2.332 2.138 2.099 2.153 2.071 2.094 2.211 2.059 2.569 2.439 1.714 1.890 1.880 1.803 1.849 1.996 1.917 1.796 1.825 1.783 1.997 1.805 1.913
2.574 3.371 3.366 3.369 3.393 3.383 3.387 3.374 3.365 2.660 2.540 3.406 3.426 3.441 3.465 3.520 3.589 3.630 3.580 3.522 2.586 2.599 2.604 2.552 2.549 2.518 2.549 2.568 2.534 2.518 2.466 2.350 2.390 2.273 2.264 2.207 2.360 2.263 2.277 2.230 2.183 2.195 2.259 2.302 2.291 2.268 2.211 2.265 2.198 2.249 2.293 2.249 2.323 2.344 2.348 2.271 2.165 2.154 2.078 2.048 2.161 2.251 1.923 2.374 2.043 2.087 1.804 1.970 1.941 1.848 1.903 1.932 1.794 1.997 1.893 1.900 2.005
2.640 2.700 2.604 2.625 2.696 2.499 3.330 3.301 2.665 2.335 2.324 2.570 2.438 3.339 3.351 3.397 3.454 3.479 3.467 2.331 2.506 2.512 2.518 2.502 2.464 2.433 2.459 2.441 2.467 2.450 2.452 2.411 2.302 2.326 2.293 2.198 2.302 2.266 2.429 2.169 2.164 2.194 2.302 2.196 2.302 2.301 2.218 2.308 2.233 2.104 2.159 2.229 2.435 2.269 2.181 2.309 2.296 2.180 2.127 2.160 2.075 2.082 2.216 2.308 1.894 2.073 1.985 1.976 1.845 1.922 1.989 1.765 1.876 1.890 1.772 1.806 1.762
2.371 2.327 2.589 2.475 2.590 2.458 2.635 2.475 2.622 2.251 2.343 2.295 2.448 2.322 2.233 2.154 2.072 2.148 2.340 2.087 2.509 2.315 1.911 2.280 2.467 2.491 2.328 2.431 2.362 2.384 2.352 2.204 2.345 2.351 2.283 2.338 2.202 2.262 2.294 2.155 2.190 2.207 2.233 2.251 2.256 2.255 2.356 2.219 2.198 2.133 2.202 2.307 2.234 2.219 2.245 2.230 2.258 2.230 2.198 2.116 2.132 2.105 2.073 2.133 2.051 2.150 1.930 2.053 1.893 1.887 1.806 1.817 1.867 1.813 1.859 1.883 1.725
2.349 2.359 2.464 2.428 2.613 2.496 2.607 2.417 2.373 2.265 2.402 2.247 2.150 2.351 2.185 2.132 2.151 2.193 2.214 2.121 2.247 1.949 1.883 2.083 2.337 2.332 2.223 2.253 2.208 2.346 2.295 2.257 2.290 2.408 2.219 2.226 2.127 2.130 2.271 2.149 2.182 2.129 2.118 2.156 2.278 2.318 2.190 2.252 2.120 2.116 2.112 2.091 2.091 2.156 2.347 2.262 2.241 2.216 2.130 2.179 2.256 2.144 2.186 2.240 2.226 1.802 1.730 1.908 2.185 1.838 1.935 1.857 1.752 1.701 1.887 1.780 1.803
2.244 2.378 2.458 2.514 2.154 2.588 2.308 2.479 2.227 2.385 2.488 2.227 2.145 2.253 2.148 2.103 2.071 2.085 2.078 2.059 2.340 2.016 1.826 2.048 2.168 2.342 2.304 2.117 2.114 2.112 2.222 2.271 2.188 2.269 2.216 2.157 2.246 2.164 2.129 2.202 2.121 2.118 2.159 2.020 2.128 2.232 2.148 2.153 2.217 2.102 2.036 2.236 1.804 2.121 2.029 2.108 2.169 2.340 2.282 2.030 2.099 2.083 2.000 1.911 2.225 2.156 1.887 1.916 1.948 2.064 2.058 1.983 1.886 1.594 1.739 1.813 1.834
2.021 2.219 2.095 2.462 2.211 2.349 2.340 2.525 2.250 2.013 1.973 2.377 2.216 2.117 2.097 1.797 1.956 2.070 2.259 2.217 2.110 2.196 1.984 2.085 2.206 2.206 2.138 1.984 2.061 2.058 2.044 2.058 2.222 2.211 1.993 2.065 2.166 2.131 2.110 2.131 2.191 2.206 2.073 2.079 2.008 2.102 2.108 2.125 2.117 2.194 1.944 1.948 1.781 2.018 1.877 2.105 1.810 2.178 2.190 2.034 2.156 1.947 2.011 1.925 1.847 2.079 2.063 1.814 2.019 1.681 1.807 1.637 1.893 1.608 1.676 1.759 1.700
2.101 1.864 1.974 2.386 2.313 2.256 2.251 2.442 2.175 1.950 2.338 1.987 2.244 1.999 2.105 1.811 1.968 2.111 2.046 2.190 2.134 2.032 2.021 2.008 2.115 2.106 1.998 1.973 2.087 1.948 2.071 1.965 2.229 2.048 2.044 2.199 2.159 2.020 2.141 2.065 2.029 2.129 2.204 2.158 2.022 2.010 2.211 2.132 2.137 2.194 2.037 2.017 1.977 2.126 1.885 1.969 1.920 2.091 2.168 2.143 1.891 2.051 1.974 1.967 1.875 2.154 2.003 2.073 1.650 2.009 1.841 1.596 1.722 1.795 1.649 1.683 1.660
2.082 1.927 1.942 2.122 2.133 2.181 2.252 2.279 2.325 2.077 1.952 1.907 1.952 1.933 1.974 2.023 1.858 2.084 1.977 2.095 1.969 1.942 2.013 2.026 2.031 2.062 1.955 1.858 1.985 1.878 1.934 1.976 1.938 1.917 2.042 2.002 2.054 2.084 1.946 1.993 2.067 2.126 2.145 2.172 2.059 1.927 1.992 2.051 2.204 2.023 1.924 2.148 1.964 2.002 1.826 1.915 2.025 2.073 1.772 2.062 1.906 1.889 1.938 1.913 1.808 2.036 2.115 1.992 1.910 1.640 2.011 1.871 1.554 1.867 1.612 1.663 1.700
2.081 2.012 1.779 2.120 2.079 2.238 2.114 2.277 2.467 1.865 1.925 1.874 1.883 1.830 1.787 1.831 1.774 1.991 1.949 1.909 1.976 2.028 1.954 1.869 2.052 1.954 1.834 1.906 2.053 1.915 1.996 1.896 1.822 1.949 1.909 2.052 1.862 2.123 1.887 1.866 2.026 2.000 2.014 2.112 2.059 1.896 1.903 2.023 1.702 1.899 1.963 1.907 1.716 1.633 1.706 1.665 1.909 1.801 1.911 1.890 1.925 1.763 1.831 2.019 1.652 1.789 1.708 1.860 1.743 1.842 1.826 1.766 1.577 1.505 1.655 1.640 1.570
1.860 1.947 1.942 1.900 2.024 2.136 2.034 2.222 1.901 2.061 1.925 1.823 1.847 1.742 1.779 1.910 1.863 1.815 1.823 1.863 2.032 2.025 1.865 2.002 1.876 2.056 1.881 1.906 2.021 1.886 1.835 1.899 1.789 1.900 2.021 1.969 1.851 1.906 1.876 1.856 1.922 1.983 2.051 1.992 2.112 1.809 2.006 1.978 1.810 1.948 1.884 1.785 1.684 1.688 1.654 1.719 1.751 1.771 1.798 1.849 1.939 1.655 1.768 1.837 1.784 1.576 1.705 1.820 1.719 2.050 1.771 1.758 1.734 1.722 1.988 1.557 1.639
1.895 1.775 1.928 2.124 2.054 2.013 2.198 2.161 1.966 2.007 1.909 1.856 1.684 1.772 1.566 1.633 1.962 1.700 1.920 1.836 1.960 1.832 1.969 1.890 1.963 1.914 1.876 1.823 1.905 1.967 1.757 1.847 1.861 1.953 1.802 1.863 1.828 1.811 1.939 1.914 1.746 1.815 1.953 1.913 1.845 1.968 1.851 1.948 1.753 1.770 1.811 1.964 1.708 1.751 1.555 1.782 1.746 1.725 1.726 1.778 1.847 1.772 1.772 1.747 1.808 1.595 1.678 1.721 1.500 1.726 1.977 1.714 1.578 1.733 1.512 1.689 1.728
1.946 1.841 1.656 1.971 2.050 1.872 2.195 2.041 1.984 2.053 2.121 1.821 1.779 1.730 1.676 1.717 1.881 1.859 1.796 1.807 1.831 1.854 1.867 1.760 1.928 1.785 1.900 1.806 1.881 1.878 1.676 1.822 1.885 1.764 1.707 1.670 1.896 1.978 1.739 1.877 1.787 1.770 1.889 1.917 1.855 1.782 2.051 1.805 1.567 1.723 1.749 1.784 1.661 1.891 1.567 1.663 1.776 1.752 1.656 1.735 1.800 1.735 1.777 1.878 1.671 1.717 1.567 1.685 1.655 1.586 1.741 1.833 1.819 1.675 1.668 1.626 1.628
1.688 1.809 1.673 2.007 1.821 1.820 2.279 2.036 1.907 1.993 2.298 1.674 1.674 1.807 1.684 1.661 1.714 1.825 1.833 1.880 1.903 1.732 1.891 1.678 1.751 1.869 1.687 1.702 1.943 1.803 1.672 1.773 1.962 1.635 1.752 1.628 1.826 1.970 1.736 1.961 1.754 1.795 1.693 1.790 1.819 1.809 1.784 1.926 1.736 1.553 1.621 1.725 1.686 1.752 1.527 1.612 1.593 1.660 1.657 1.572 1.727 1.846 1.510 1.595 1.695 1.751 1.605 1.537 1.618 1.765 1.707 1.742 1.716 1.730 1.530 1.629 1.623
2.003 1.867 1.599 1.905 1.827 1.987 2.052 2.261 1.782 1.888 1.685 1.762 1.752 1.776 1.632 1.540 1.737 1.671 1.730 1.828 1.793 1.705 1.725 1.685 1.677 1.781 1.799 1.632 1.787 1.709 1.605 1.615 1.640 1.709 1.626 1.687 1.745 1.886 1.695 1.630 1.703 1.764 1.769 1.784 1.654 1.892 1.731 1.853 1.886 1.677 1.586 1.442 1.722 1.620 1.635 1.663 1.625 1.617 1.624 1.611 1.541 1.495 1.649 1.594 1.599 1.687 1.774 1.611 1.659 1.555 1.659 1.625 1.582 1.482 1.534 1.543 1.430
1.939 1.939 1.593 1.674 1.652 1.764 1.898 2.104 2.030 1.880 1.829 1.951 1.822 1.940 1.641 1.588 1.581 1.675 1.658 1.833 1.705 1.706 1.548 1.559 1.646 1.763 1.682 1.756 1.641 1.671 1.553 1.718 1.585 1.721 1.659 1.599 1.539 1.732 1.644 1.677 1.549 1.738 1.795 1.699 1.626 1.748 1.811 1.730 1.896 1.808 1.649 1.607 1.473 1.554 1.538 1.647 1.813 1.668 1.652 1.483 1.565 1.497 1.515 1.500 1.546 1.660 1.623 1.669 1.551 1.658 1.565 1.643 1.590 1.635 1.603 1.397 1.445
1.544 1.938 1.637 1.687 1.729 1.677 1.781 2.265 2.006 1.976 1.738 1.829 2.063 1.637 1.591 1.584 1.623 1.681 1.655 1.807 1.757 1.650 1.640 1.626 1.606 1.807 1.635 1.597 1.621 1.776 1.612 1.639 1.609 1.842 1.620 1.583 1.550 1.647 1.685 1.711 1.644 1.731 1.680 1.599 1.485 1.799 1.565 1.655 1.655 1.675 1.614 1.435 1.608 1.449 1.464 1.551 1.587 1.605 1.611 1.484 1.493 1.525 1.583 1.464 1.385 1.610 1.733 1.473 1.515 1.870 1.561 1.445 1.461 1.623 1.676 1.479 1.357
1.578 1.680 1.661 1.750 1.659 1.796 1.780 2.221 1.945 1.828 1.799 1.904 1.760 1.893 1.584 1.631 1.671 1.622 1.674 1.719 1.720 1.604 1.606 1.617 1.638 1.681 1.643 1.646 1.692 1.624 1.665 1.767 1.532 1.567 1.560 1.548 1.507 1.715 1.562 1.572 1.677 1.647 1.678 1.729 1.417 1.662 1.719 1.665 1.819 1.524 1.637 1.643 1.396 1.645 1.437 1.552 1.491 1.643 1.643 1.433 1.542 1.499 1.479 1.574 1.550 1.563 1.567 1.621 1.569 1.561 1.555 1.485 1.496 1.505 1.493 1.606 1.537
1.639 1.515 1.527 1.777 1.669 1.791 1.835 2.148 1.883 1.785 1.729 1.621 1.716 1.959 1.556 1.743 1.660 1.678 1.636 1.660 1.911 1.533 1.605 1.772 1.695 1.635 1.602 1.546 1.697 1.575 1.567 1.548 1.600 1.500 1.397 1.613 1.629 1.743 1.496 1.514 1.584 1.547 1.865 1.652 1.788 1.680 1.608 1.608 1.723 1.493 1.619 1.657 1.607 1.405 1.434 1.420 1.380 1.656 1.536 1.525 1.411 1.504 1.470 1.400 1.460 1.426 1.390 1.478 1.433 1.634 1.541 1.550 1.464 1.536 1.513 1.364 1.521
1.446 1.634 1.380 1.808 1.766 1.874 2.075 2.143 1.757 1.808 1.696 1.802 1.699 1.575 1.493 1.637 1.703 1.732 1.647 1.701 1.693 1.540 1.553 1.581 1.610 1.635 1.598 1.669 1.569 1.566 1.553 1.597 1.569 1.599 1.474 1.412 1.521 1.484 1.541 1.535 1.445 1.413 1.610 1.686 1.687 1.677 1.552 1.651 1.553 1.595 1.388 1.521 1.511 1.521 1.507 1.550 1.349 1.390 1.451 1.516 1.430 1.445 1.509 1.481 1.387 1.342 1.371 1.526 1.583 1.533 1.574 1.658 1.429 1.418 1.471 1.395 1.348
1.636 1.587 1.744 1.678 1.692 1.700 1.846 2.080 2.032 1.750 1.636 1.581 1.727 1.717 1.679 1.771 1.642 1.573 1.658 1.706 1.540 1.726 1.558 1.517 1.701 1.558 1.527 1.536 1.552 1.511 1.579 1.553 1.541 1.523 1.439 1.482 1.630 1.723 1.509 1.637 1.532 1.541 1.676 1.522 1.611 1.633 1.595 1.786 1.512 1.524 1.491 1.522 1.702 1.502 1.565 1.418 1.344 1.405 1.433 1.369 1.554 1.322 1.499 1.272 1.350 1.386 1.363 1.398 1.427 1.304 1.462 1.669 1.526 1.370 1.261 1.373 1.292
1.866 1.723 1.738 1.502 1.496 1.607 1.912 1.844 1.868 1.645 1.610 1.655 1.733 1.596 1.524 1.551 1.636 1.662 1.575 1.673 1.587 1.597 1.603 1.591 1.592 1.601 1.686 1.525 1.577 1.523 1.507 1.518 1.555 1.489 1.454 1.489 1.518 1.587 1.376 1.424 1.506 1.422 1.467 1.546 1.522 1.463 1.503 1.560 1.466 1.504 1.574 1.648 1.436 1.576 1.411 1.368 1.368 1.290 1.434 1.422 1.384 1.456 1.416 1.329 1.471 1.205 1.244 1.353 1.440 1.350 1.448 1.485 1.430 1.560 1.282 1.246 1.379
1.727 1.707 1.677 1.490 1.516 1.838 1.984 2.033 1.849 1.795 1.611 1.759 1.747 1.782 1.624 1.615 1.635 1.625 1.609 1.621 1.622 1.682 1.506 1.503 1.463 1.471 1.802 1.717 1.460 1.472 1.549 1.482 1.470 1.455 1.499 1.639 1.561 1.405 1.374 1.313 1.310 1.348 1.476 1.419 1.494 1.546 1.475 1.525 1.487 1.655 1.449 1.718 1.488 1.292 1.512 1.536 1.364 1.421 1.566 1.296 1.391 1.359 1.356 1.378 1.743 1.353 1.297 1.281 1.321 1.293 1.410 1.487 1.452 1.382 1.383 1.412 1.340
1.657 1.582 1.604 1.548 1.459 1.693 1.873 1.895 1.971 1.585 1.676 1.623 1.745 1.800 1.700 1.583 1.674 1.584 1.569 1.560 1.655 1.667 1.622 1.488 1.459 1.438 1.458 1.581 1.455 1.544 1.535 1.521 1.442 1.479 1.471 1.464 1.665 1.485 1.458 1.395 1.561 1.272 1.377 1.301 1.365 1.382 1.462 1.422 1.435 1.352 1.438 1.369 1.502 1.174 1.476 1.322 1.395 1.421 1.375 1.417 1.305 1.417 1.432 1.348 1.415 1.244 1.260 1.378 1.260 1.332 1.346 1.491 1.345 1.415 1.379 1.301 1.426
1.488 1.544 1.622 1.692 1.549 1.659 1.798 1.752 1.948 1.582 1.701 1.597 1.690 1.801 1.641 1.629 1.622 1.692 1.528 1.492 1.523 1.583 1.529 1.499 1.544 1.509 1.446 1.441 1.512 1.519 1.434 1.510 1.439 1.460 1.464 1.506 1.614 1.465 1.423 1.369 1.431 1.429 1.324 1.433 1.414 1.406 1.395 1.359 1.447 1.373 1.265 1.466 1.235 1.397 1.311 1.224 1.443 1.367 1.367 1.236 1.292 1.350 1.431 1.368 1.365 1.281 1.214 1.264 1.278 1.288 1.350 1.501 1.243 1.281 1.284 1.309 1.285
1.455 1.523 1.561 1.635 1.611 1.584 1.781 1.794 1.736 1.655 1.852 1.600 1.737 1.863 1.612 1.661 1.743 1.549 1.545 1.598 1.629 1.519 1.538 1.496 1.470 1.471 1.431 1.476 1.397 1.529 1.515 1.452 1.518 1.410 1.448 1.502 1.447 1.477 1.412 1.403 1.405 1.392 1.316 1.424 1.344 1.408 1.357 1.423 1.463 1.347 1.361 1.524 1.414 1.312 1.546 1.271 1.211 1.414 1.501 1.348 1.257 1.276 1.451 1.581 1.508 1.436 1.301 1.301 1.304 1.292 1.384 1.460 1.294 1.227 1.319 1.264 1.267
1.347 1.395 1.373 1.509 1.653 1.598 1.947 1.687 1.753 1.569 1.385 1.611 1.676 1.656 1.673 1.640 1.667 1.581 1.603 1.553 1.555 1.546 1.496 1.474 1.474 1.470 1.336 1.402 1.391 1.426 1.514 1.402 1.323 1.405 1.405 1.531 1.392 1.352 1.432 1.424 1.347 1.473 1.400 1.355 1.333 1.343 1.402 1.286 1.348 1.342 1.377 1.432 1.344 1.349 1.290 1.295 1.138 1.288 1.429 1.381 1.304 1.270 1.357 1.369 1.292 1.356 1.251 1.239 1.296 1.284 1.400 1.328 1.258 1.246 1.307 1.267 1.240
1.185 1.233 1.328 1.357 1.565 1.566 1.710 1.642 1.708 1.349 1.416 1.584 1.619 1.528 1.643 1.624 1.789 1.631 1.523 1.586 1.510 1.656 1.472 1.541 1.539 1.511 1.472 1.409 1.386 1.362 1.340 1.429 1.374 1.388 1.500 1.365 1.397 1.340 1.375 1.358 1.374 1.365 1.306 1.405 1.369 1.355 1.317 1.341 1.308 1.366 1.428 1.394 1.362 1.336 1.318 1.252 1.242 1.354 1.161 1.433 1.340 1.271 1.274 1.194 1.262 1.330 1.302 1.313 1.269 1.342 1.326 1.236 1.293 1.233 1.313 1.353 1.283
0.953 1.249 1.297 1.376 1.622 1.647 1.702 1.724 1.539 1.366 1.427 1.502 1.367 1.654 1.690 1.578 1.540 1.517 1.530 1.475 1.534 1.395 1.497 1.554 1.438 1.430 1.454 1.383 1.337 1.358 1.342 1.232 1.353 1.374 1.363 1.376 1.365 1.086 1.293 1.368 1.360 1.380 1.351 1.297 1.283 1.223 1.381 1.306 1.348 1.246 1.303 1.337 1.428 1.309 1.284 1.286 1.252 1.258 1.316 1.356 1.356 1.231 1.204 1.228 1.193 1.219 1.259 1.305 1.368 1.426 1.291 1.323 1.254 1.260 1.231 1.248 1.617
0.592 1.174 1.003 1.298 1.344 1.391 1.440 1.672 1.642 1.240 1.295 1.353 1.230 1.475 1.596 1.560 1.615 1.478 1.497 1.421 1.492 1.420 1.464 1.500 1.489 1.441 1.427 1.359 1.388 1.323 1.326 1.400 1.329 1.396 1.316 1.289 1.325 1.196 1.282 1.263 1.300 1.328 1.371 1.330 1.340 1.395 1.434 1.351 1.352 1.271 1.266 1.379 1.274 1.327 1.265 1.300 1.263 1.190 1.249 1.507 1.260 1.352 1.303 1.292 1.219 1.149 1.311 1.269 1.290 1.247 1.305 1.329 1.188 1.278 1.194 1.289 1.384
