includes/rochefort/floodfiles/results/res-0006.wdfp
ncols         730
nrows         472
xllcorner     380617.130607
yllcorner     6542069.774949
cellsize      20.000000
NODATA_value  -9999.000000
[rows 340 to 373 of 472, columns 0 to 76 of 730]
4.316 4.314 4.315 4.311 4.299 4.264 4.237 4.204 4.190 4.182 4.171 4.148 4.096 4.021 3.984 3.946 3.912 3.879 3.801 3.739 3.697 3.623 3.590 3.515 3.472 3.416 3.348 3.259 3.193 3.171 3.155 3.114 3.035 2.908 2.780 2.644 2.565 2.548 2.583 2.622 2.628 2.637 2.657 2.660 2.660 2.659 2.633 2.633 2.632 2.632 2.632 2.635 2.638 2.648 2.667 2.687 1.705 1.732 1.686 1.689 1.810 1.788 1.725 1.704 1.721 1.652 1.683 1.591 1.576 1.582 1.501 1.353 1.287 1.196 1.227 1.356 1.329
4.331 4.319 4.315 4.310 4.305 4.267 4.241 4.217 4.197 4.196 4.192 4.172 4.120 4.051 4.003 3.963 3.933 3.906 3.842 3.785 3.745 3.667 3.629 3.591 3.501 3.448 3.386 3.298 3.232 3.178 3.150 3.103 3.024 2.910 2.752 2.603 2.511 2.497 2.545 2.608 2.653 2.650 2.659 2.661 2.660 2.660 2.653 2.636 2.635 2.634 2.634 2.636 2.638 2.652 2.664 1.720 1.724 1.736 1.791 1.896 1.744 1.700 1.696 1.764 1.601 1.631 1.557 1.573 1.617 1.516 1.517 1.560 1.391 1.364 1.300 1.450 1.332
4.379 4.332 4.330 4.323 4.312 4.294 4.246 4.221 4.201 4.200 4.199 4.182 4.132 4.080 4.011 3.971 3.944 3.925 3.901 3.829 3.756 3.710 3.669 3.631 3.564 3.503 3.446 3.358 3.303 3.234 3.159 3.104 3.025 2.917 2.782 2.620 2.531 2.514 2.559 2.619 2.661 2.677 2.661 2.661 2.659 2.660 2.654 2.653 2.640 2.637 2.636 2.636 2.632 1.795 1.728 1.955 1.904 1.885 1.748 1.785 1.867 1.622 1.632 1.733 1.834 1.766 1.727 1.730 1.694 1.621 1.683 1.517 1.521 1.550 1.434 1.349 1.434
4.415 4.367 4.353 4.341 4.327 4.308 4.282 4.231 4.204 4.199 4.195 4.179 4.132 4.080 4.026 3.969 3.941 3.930 3.919 3.892 3.799 3.752 3.712 3.679 3.646 3.564 3.483 3.423 3.336 3.280 3.225 3.125 3.049 2.953 2.838 2.708 2.613 2.594 2.615 2.659 2.686 2.684 2.676 2.656 2.651 2.653 2.655 2.657 2.639 2.634 2.629 2.625 1.717 1.753 1.775 1.513 1.935 1.755 1.684 1.707 1.814 1.826 1.684 1.707 1.757 1.785 1.699 1.733 1.718 1.614 1.644 1.584 1.652 1.507 1.428 1.431 1.428
4.455 4.424 4.383 4.368 4.351 4.331 4.315 4.264 4.217 4.203 4.192 4.181 4.150 4.078 4.023 3.962 3.936 3.929 3.926 3.910 3.851 3.778 3.743 3.719 3.698 3.669 3.559 3.493 3.397 3.330 3.268 3.205 3.093 3.012 2.908 2.817 2.738 2.689 2.692 2.706 2.713 2.706 2.669 2.655 2.648 2.650 2.655 2.657 2.652 2.628 2.616 2.616 1.766 1.682 1.822 1.740 1.758 1.879 1.751 1.643 1.747 1.680 1.644 1.704 1.694 1.770 1.714 1.847 1.701 1.674 1.662 1.568 1.530 1.566 1.452 1.395 1.413
4.495 4.474 4.454 4.413 4.396 4.376 4.350 4.314 4.258 4.227 4.209 4.187 4.155 4.110 4.029 3.965 3.936 3.928 3.928 3.916 3.862 3.823 3.766 3.753 3.746 3.727 3.664 3.571 3.453 3.386 3.320 3.261 3.159 3.093 2.993 2.920 2.841 2.805 2.762 2.754 2.744 2.726 2.687 2.664 2.657 2.655 2.659 2.659 2.649 1.679 1.735 1.822 1.903 1.939 1.898 1.889 1.833 1.766 1.804 1.803 1.706 1.728 1.722 1.704 1.695 1.688 1.735 1.691 1.686 1.637 1.597 1.736 1.622 1.698 1.489 1.404 1.431
4.532 4.506 4.486 4.472 4.435 4.417 4.393 4.357 4.326 4.257 4.231 4.205 4.172 4.129 4.050 3.990 3.951 3.938 3.933 3.923 3.868 3.831 3.802 3.776 3.783 3.774 3.726 3.629 3.503 3.419 3.354 3.303 3.256 3.167 3.078 3.010 2.928 2.883 2.820 2.798 2.778 2.754 2.711 2.684 2.677 2.671 2.672 2.667 1.783 1.633 1.684 1.853 1.664 1.868 1.903 1.821 1.713 1.873 1.777 1.793 1.748 1.748 1.699 1.701 1.778 1.716 1.778 1.693 1.671 1.694 1.702 1.910 1.586 1.567 1.594 1.584 1.545
4.557 4.531 4.513 4.504 4.496 4.465 4.437 4.405 4.360 4.326 4.281 4.242 4.209 4.170 4.123 4.033 3.981 3.963 3.951 3.935 3.909 3.840 3.810 3.787 3.798 3.794 3.749 3.651 3.554 3.436 3.375 3.335 3.304 3.268 3.155 3.064 2.996 2.942 2.901 2.870 2.819 2.793 2.748 2.728 2.708 2.690 2.685 2.676 1.820 1.851 1.800 1.752 1.828 1.805 1.825 1.767 1.774 1.737 1.782 1.794 1.739 1.777 1.759 1.720 1.683 1.614 1.690 1.677 1.704 1.641 1.662 1.795 1.586 1.489 1.506 1.439 1.504
4.584 4.547 4.535 4.533 4.534 4.531 4.496 4.460 4.410 4.371 4.339 4.276 4.246 4.213 4.156 4.115 4.026 3.999 3.978 3.955 3.926 3.853 3.821 3.788 3.788 3.782 3.740 3.647 3.553 3.467 3.382 3.355 3.340 3.314 3.247 3.126 3.049 2.986 2.940 2.906 2.849 2.801 2.780 2.751 2.736 2.710 2.701 2.689 2.672 1.806 1.685 1.755 1.771 1.805 1.767 1.781 2.703 2.727 1.775 1.759 1.795 1.799 1.813 1.675 1.622 1.607 1.620 1.737 1.717 1.696 1.697 1.609 1.515 1.548 1.501 1.440 1.345
4.589 4.573 4.557 4.560 4.567 4.567 4.547 4.497 4.442 4.400 4.367 4.342 4.288 4.261 4.209 4.170 4.111 4.041 4.013 3.985 3.954 3.925 3.847 3.785 3.773 3.755 3.716 3.651 3.543 3.461 3.383 3.359 3.356 3.337 3.284 3.187 3.071 3.001 2.951 2.918 2.895 2.829 2.808 2.779 2.761 2.747 2.719 2.706 2.691 1.773 1.679 1.881 1.894 2.647 2.668 2.693 2.718 2.733 2.755 1.802 1.854 1.785 1.754 1.702 1.654 1.587 1.693 1.645 1.714 1.847 1.713 1.618 1.593 1.487 1.472 1.476 1.283
4.593 4.581 4.567 4.572 4.584 4.588 4.570 4.525 4.462 4.419 4.388 4.369 4.353 4.311 4.263 4.222 4.160 4.134 4.063 4.034 4.002 3.964 3.898 3.823 3.770 3.741 3.700 3.641 3.538 3.462 3.385 3.360 3.357 3.342 3.291 3.193 3.103 2.997 2.942 2.913 2.899 2.871 2.844 2.801 2.782 2.771 2.757 2.729 2.716 1.642 2.680 2.676 2.669 2.676 2.689 2.706 2.723 2.734 2.747 2.756 2.751 1.824 1.875 1.735 1.767 1.685 1.605 1.667 1.720 1.833 1.667 1.668 1.687 1.753 1.630 1.553 1.516
4.615 4.578 4.573 4.575 4.583 4.585 4.570 4.528 4.483 4.428 4.401 4.389 4.382 4.369 4.317 4.257 4.211 4.173 4.143 4.079 4.050 4.014 3.944 3.902 3.786 3.746 3.700 3.645 3.578 3.477 3.399 3.362 3.349 3.329 3.280 3.183 3.091 3.002 2.922 2.891 2.886 2.885 2.862 2.820 2.800 2.784 2.772 2.761 2.736 2.717 2.707 2.704 2.702 2.699 2.707 2.717 2.728 2.738 2.744 2.745 2.745 2.737 1.811 1.784 1.764 1.703 1.644 1.736 1.697 1.661 1.665 1.946 1.482 1.468 1.541 1.552 1.481
4.622 4.611 4.589 4.582 4.575 4.572 4.557 4.520 4.482 4.437 4.412 4.401 4.399 4.391 4.366 4.289 4.240 4.203 4.178 4.159 4.105 4.044 3.997 3.916 3.865 3.766 3.717 3.671 3.611 3.546 3.429 3.374 3.345 3.314 3.264 3.170 3.081 2.990 2.907 2.875 2.875 2.884 2.868 2.851 2.807 2.791 2.780 2.773 2.758 2.737 2.732 2.725 2.723 2.724 2.727 2.732 2.738 2.745 2.750 2.744 2.742 2.738 2.730 1.828 1.789 1.732 1.640 1.789 1.713 1.708 1.746 1.545 1.503 1.460 1.485 1.465 1.502
4.662 4.633 4.618 4.590 4.572 4.566 4.551 4.528 4.480 4.439 4.414 4.403 4.403 4.398 4.376 4.322 4.257 4.225 4.208 4.200 4.185 4.128 4.060 3.969 3.906 3.852 3.751 3.702 3.649 3.557 3.501 3.395 3.354 3.312 3.259 3.191 3.086 3.000 2.918 2.884 2.882 2.888 2.872 2.853 2.829 2.793 2.786 2.781 2.778 2.762 2.751 2.745 2.742 2.742 2.744 2.741 2.745 2.750 2.752 2.755 2.747 2.744 2.738 2.729 2.716 1.832 1.771 1.769 1.831 1.751 1.622 1.566 1.475 1.573 1.465 1.532 1.482
4.675 4.657 4.638 4.622 4.583 4.569 4.552 4.531 4.498 4.445 4.420 4.402 4.399 4.393 4.373 4.323 4.284 4.242 4.234 4.234 4.231 4.192 4.109 4.007 3.933 3.874 3.827 3.740 3.695 3.607 3.549 3.466 3.375 3.324 3.268 3.205 3.132 3.029 2.948 2.915 2.904 2.896 2.877 2.855 2.828 2.794 2.782 2.778 2.781 2.781 2.769 2.753 2.750 2.750 2.751 2.753 2.751 2.756 2.760 2.764 2.767 2.758 2.754 2.745 2.736 2.725 1.916 1.916 1.905 1.643 1.489 1.571 1.617 1.520 1.536 1.527 1.566
4.709 4.686 4.662 4.642 4.612 4.582 4.564 4.548 4.511 4.480 4.435 4.407 4.396 4.384 4.365 4.318 4.286 4.248 4.245 4.257 4.259 4.227 4.141 4.029 3.948 3.888 3.846 3.815 3.739 3.663 3.598 3.505 3.446 3.347 3.291 3.233 3.171 3.077 3.000 2.946 2.927 2.912 2.893 2.859 2.830 2.795 2.781 2.777 2.780 2.783 2.773 2.769 2.755 2.753 2.753 2.756 2.759 2.765 2.768 2.776 2.789 2.793 2.782 2.774 2.764 2.749 2.733 2.733 1.611 1.622 1.653 1.530 1.536 1.583 1.580 1.593 1.555
4.752 4.720 4.691 4.661 4.641 4.626 4.589 4.568 4.530 4.501 4.472 4.430 4.398 4.382 4.362 4.337 4.269 4.250 4.247 4.254 4.257 4.226 4.141 4.053 3.949 3.891 3.858 3.837 3.813 3.721 3.625 3.542 3.469 3.406 3.313 3.263 3.210 3.123 3.074 2.983 2.954 2.929 2.905 2.877 2.837 2.800 2.790 2.784 2.785 2.779 2.776 2.771 2.764 2.754 2.751 2.752 2.760 2.772 2.782 2.797 2.811 2.820 2.822 2.806 2.794 2.778 2.758 2.744 1.768 1.689 1.659 1.608 1.651 1.671 1.756 1.647 1.621
4.792 4.743 4.708 4.676 4.659 4.646 4.615 4.595 4.556 4.525 4.495 4.451 4.408 4.388 4.366 4.328 4.288 4.253 4.243 4.234 4.228 4.198 4.117 4.038 3.942 3.889 3.864 3.857 3.840 3.791 3.659 3.563 3.480 3.415 3.365 3.291 3.216 3.167 3.093 3.047 2.977 2.945 2.927 2.899 2.870 2.818 2.804 2.796 2.789 2.787 2.779 2.772 2.764 2.752 2.747 2.748 2.759 2.775 2.797 2.815 2.838 2.855 2.861 2.854 2.828 2.804 2.784 2.768 2.754 1.754 1.727 1.697 1.728 1.723 1.669 1.681 1.617
4.806 4.767 4.718 4.687 4.674 4.668 4.659 4.633 4.587 4.550 4.507 4.478 4.431 4.400 4.378 4.353 4.304 4.280 4.239 4.212 4.191 4.159 4.109 4.021 3.932 3.885 3.864 3.864 3.854 3.803 3.698 3.566 3.476 3.410 3.367 3.342 3.285 3.215 3.138 3.083 3.036 2.966 2.935 2.908 2.862 2.843 2.809 2.802 2.797 2.793 2.787 2.775 2.766 2.754 2.749 2.751 2.764 2.782 2.809 2.840 2.868 2.898 2.906 2.894 2.866 2.839 2.817 2.802 2.790 1.870 1.861 1.809 1.849 1.833 1.696 1.698 1.595
4.800 4.765 4.729 4.693 4.687 4.690 4.688 4.665 4.618 4.573 4.532 4.482 4.456 4.413 4.392 4.344 4.317 4.290 4.265 4.192 4.168 4.136 4.092 4.021 3.929 3.886 3.856 3.854 3.839 3.789 3.684 3.582 3.467 3.399 3.360 3.345 3.311 3.244 3.161 3.095 3.039 2.995 2.934 2.911 2.870 2.855 2.833 2.811 2.804 2.798 2.792 2.785 2.771 2.764 2.760 2.763 2.777 2.793 2.821 2.856 2.896 2.928 2.938 2.924 2.895 2.863 2.835 2.822 2.815 2.809 1.937 1.949 1.912 1.773 1.785 1.705 1.721
4.780 4.752 4.724 4.695 4.695 4.706 4.710 4.689 4.647 4.585 4.525 4.489 4.464 4.446 4.411 4.365 4.334 4.302 4.272 4.200 4.159 4.127 4.087 4.022 3.960 3.892 3.850 3.833 3.803 3.752 3.657 3.562 3.449 3.382 3.349 3.342 3.328 3.267 3.170 3.092 3.025 2.975 2.943 2.904 2.873 2.862 2.842 2.839 2.816 2.809 2.803 2.797 2.783 2.775 2.775 2.780 2.791 2.811 2.831 2.864 2.903 2.935 2.945 2.930 2.902 2.870 2.852 2.838 2.837 2.837 2.834 2.009 1.916 1.873 1.840 1.789 1.843
4.757 4.738 4.704 4.692 4.696 4.709 4.715 4.694 4.649 4.597 4.524 4.489 4.468 4.457 4.443 4.392 4.353 4.314 4.263 4.217 4.160 4.129 4.093 4.018 3.972 3.929 3.867 3.808 3.774 3.723 3.654 3.523 3.443 3.380 3.346 3.342 3.328 3.265 3.187 3.075 2.997 2.939 2.910 2.903 2.874 2.862 2.852 2.842 2.832 2.811 2.805 2.801 2.791 2.790 2.787 2.793 2.804 2.820 2.841 2.862 2.894 2.921 2.928 2.917 2.892 2.870 2.857 2.853 2.857 2.862 2.858 2.846 1.928 1.957 1.914 1.878 1.875
4.739 4.726 4.694 4.687 4.687 4.696 4.695 4.674 4.634 4.585 4.516 4.484 4.469 4.465 4.452 4.425 4.368 4.321 4.253 4.219 4.191 4.141 4.109 4.036 3.990 3.944 3.867 3.798 3.757 3.708 3.625 3.535 3.452 3.391 3.353 3.339 3.316 3.248 3.168 3.056 2.967 2.899 2.867 2.870 2.885 2.861 2.853 2.841 2.829 2.820 2.803 2.793 2.795 2.798 2.802 2.803 2.812 2.835 2.850 2.868 2.884 2.898 2.903 2.900 2.888 2.867 2.859 2.859 2.865 2.872 2.870 2.857 2.834 2.022 2.001 1.964 1.883
4.727 4.698 4.689 4.677 4.675 4.670 4.658 4.639 4.605 4.565 4.505 4.478 4.469 4.472 4.466 4.435 4.387 4.320 4.252 4.220 4.198 4.179 4.131 4.062 4.010 3.935 3.889 3.811 3.746 3.699 3.644 3.549 3.487 3.412 3.363 3.326 3.292 3.240 3.151 3.040 2.950 2.877 2.845 2.855 2.878 2.878 2.851 2.836 2.820 2.808 2.809 2.804 2.803 2.811 2.818 2.825 2.827 2.837 2.848 2.864 2.877 2.883 2.887 2.885 2.880 2.874 2.860 2.860 2.865 2.870 2.868 2.858 2.840 2.829 1.984 1.938 1.913
4.719 4.683 4.672 4.663 4.656 4.645 4.625 4.607 4.580 4.548 4.502 4.473 4.466 4.466 4.459 4.427 4.378 4.306 4.246 4.218 4.202 4.193 4.157 4.087 4.021 3.958 3.868 3.821 3.750 3.708 3.624 3.568 3.511 3.458 3.359 3.323 3.283 3.230 3.139 3.042 2.961 2.891 2.862 2.868 2.885 2.880 2.868 2.835 2.811 2.793 2.789 2.794 2.799 2.811 2.821 2.829 2.836 2.837 2.845 2.858 2.868 2.879 2.876 2.877 2.876 2.874 2.871 2.862 2.865 2.865 2.863 2.856 2.843 2.837 1.988 1.990 1.912
4.716 4.682 4.669 4.655 4.642 4.618 4.599 4.581 4.560 4.522 4.493 4.471 4.457 4.446 4.435 4.397 4.352 4.291 4.232 4.213 4.213 4.214 4.183 4.123 4.031 3.927 3.865 3.819 3.784 3.726 3.648 3.593 3.535 3.479 3.377 3.326 3.282 3.205 3.147 3.070 2.989 2.932 2.903 2.891 2.893 2.885 2.867 2.828 2.798 2.775 2.771 2.786 2.803 2.811 2.823 2.831 2.836 2.841 2.842 2.853 2.862 2.873 2.878 2.873 2.874 2.874 2.872 2.877 2.865 2.863 2.860 2.856 2.852 2.844 2.846 2.058 2.004
4.716 4.702 4.670 4.649 4.616 4.600 4.575 4.559 4.529 4.509 4.474 4.457 4.435 4.409 4.393 4.365 4.327 4.266 4.222 4.210 4.215 4.219 4.190 4.124 4.042 3.918 3.854 3.813 3.788 3.759 3.685 3.615 3.548 3.466 3.398 3.325 3.282 3.236 3.154 3.098 3.042 2.982 2.935 2.921 2.911 2.897 2.858 2.829 2.797 2.773 2.769 2.786 2.804 2.822 2.826 2.832 2.835 2.840 2.844 2.846 2.858 2.868 2.877 2.883 2.878 2.879 2.878 2.883 2.881 2.866 2.863 2.861 2.858 2.856 2.851 2.856 1.998
4.730 4.701 4.670 4.638 4.603 4.573 4.555 4.539 4.519 4.482 4.463 4.445 4.429 4.380 4.361 4.336 4.305 4.249 4.217 4.201 4.202 4.195 4.163 4.099 4.020 3.896 3.835 3.803 3.790 3.777 3.725 3.637 3.559 3.457 3.398 3.352 3.290 3.252 3.178 3.128 3.079 3.013 2.967 2.947 2.929 2.891 2.866 2.840 2.813 2.793 2.789 2.801 2.814 2.829 2.828 2.832 2.832 2.832 2.835 2.844 2.855 2.868 2.879 2.888 2.894 2.889 2.894 2.891 2.888 2.886 2.871 2.869 2.868 2.865 2.863 2.856 2.098
4.742 4.713 4.671 4.627 4.583 4.557 4.539 4.527 4.503 4.476 4.455 4.432 4.387 4.366 4.331 4.311 4.262 4.239 4.203 4.190 4.162 4.140 4.107 4.051 3.980 3.874 3.822 3.798 3.796 3.787 3.740 3.664 3.556 3.449 3.388 3.346 3.316 3.270 3.203 3.154 3.083 3.042 2.994 2.967 2.946 2.925 2.886 2.863 2.837 2.822 2.812 2.818 2.829 2.837 2.832 2.834 2.831 2.828 2.831 2.842 2.858 2.871 2.885 2.897 2.905 2.913 2.906 2.901 2.898 2.896 2.896 2.881 2.880 2.877 2.873 2.868 2.093
4.740 4.708 4.661 4.617 4.568 4.542 4.528 4.514 4.503 4.467 4.438 4.394 4.366 4.326 4.305 4.285 4.221 4.200 4.180 4.164 4.133 4.088 4.056 4.009 3.953 3.871 3.814 3.794 3.790 3.779 3.730 3.651 3.537 3.431 3.368 3.333 3.314 3.284 3.226 3.174 3.100 3.055 3.020 2.977 2.957 2.920 2.902 2.883 2.865 2.842 2.838 2.840 2.844 2.842 2.837 2.836 2.834 2.831 2.834 2.845 2.862 2.880 2.893 2.909 2.922 2.924 2.918 2.910 2.905 2.904 2.906 2.909 2.897 2.893 2.888 2.880 2.864
4.712 4.680 4.638 4.589 4.555 4.525 4.519 4.517 4.501 4.471 4.431 4.380 4.331 4.302 4.280 4.263 4.207 4.186 4.163 4.141 4.087 4.046 4.015 3.976 3.907 3.857 3.815 3.788 3.765 3.746 3.696 3.609 3.511 3.408 3.348 3.318 3.311 3.292 3.255 3.183 3.105 3.055 3.018 2.993 2.962 2.931 2.916 2.901 2.887 2.866 2.859 2.858 2.852 2.853 2.850 2.847 2.842 2.840 2.844 2.857 2.869 2.885 2.900 2.918 2.930 2.932 2.926 2.919 2.910 2.913 2.919 2.926 2.929 2.916 2.907 2.896 2.878
4.653 4.630 4.598 4.566 4.528 4.517 4.518 4.521 4.506 4.469 4.421 4.351 4.309 4.278 4.258 4.233 4.215 4.176 4.147 4.087 4.057 4.010 3.982 3.921 3.887 3.825 3.795 3.758 3.714 3.687 3.639 3.574 3.474 3.393 3.339 3.313 3.309 3.296 3.256 3.197 3.098 3.042 3.002 2.980 2.972 2.943 2.932 2.920 2.896 2.892 2.883 2.881 2.879 2.862 2.860 2.857 2.854 2.857 2.860 2.868 2.879 2.886 2.902 2.919 2.932 2.932 2.926 2.919 2.919 2.920 2.933 2.947 2.957 2.953 2.930 2.908 2.895
4.601 4.586 4.564 4.542 4.512 4.507 4.510 4.509 4.492 4.452 4.401 4.333 4.286 4.248 4.235 4.228 4.196 4.161 4.121 4.064 4.007 3.976 3.950 3.906 3.844 3.812 3.781 3.753 3.675 3.643 3.599 3.545 3.456 3.393 3.342 3.317 3.304 3.284 3.243 3.182 3.086 3.025 2.981 2.959 2.957 2.952 2.938 2.928 2.911 2.904 2.900 2.893 2.891 2.874 2.871 2.869 2.870 2.870 2.873 2.878 2.884 2.887 2.898 2.915 2.923 2.925 2.920 2.916 2.919 2.927 2.947 2.968 2.980 2.971 2.954 2.923 2.910
4.555 4.545 4.531 4.505 4.492 4.486 4.479 4.476 4.449 4.410 4.362 4.310 4.257 4.237 4.232 4.226 4.201 4.157 4.097 4.021 3.979 3.948 3.926 3.886 3.835 3.801 3.765 3.695 3.663 3.615 3.569 3.498 3.451 3.393 3.353 3.309 3.292 3.254 3.212 3.154 3.070 3.009 2.962 2.941 2.943 2.950 2.950 2.932 2.917 2.911 2.907 2.905 2.895 2.885 2.882 2.880 2.881 2.884 2.889 2.891 2.889 2.893 2.898 2.902 2.910 2.913 2.912 2.912 2.916 2.927 2.953 2.979 2.993 2.983 2.961 2.939 2.921
