includes/rochefort/floodfiles/results/res-0005.wdfp
ncols         730
nrows         472
xllcorner     380617.130607
yllcorner     6542069.774949
cellsize      20.000000
NODATA_value  -9999.000000
[rows 374 to 407 of 472, columns 0 to 76 of 730]
1.872 1.864 1.846 1.845 1.816 1.814 1.807 1.791 1.771 1.739 1.701 1.662 1.613 1.600 1.600 1.594 1.564 1.512 1.452 1.364 1.320 1.293 1.269 1.253 1.200 1.158 1.088 1.047 0.986 0.954 0.922 0.830 0.792 0.754 0.720 0.683 0.634 0.605 0.566 0.517 0.446 0.389 0.349 0.332 0.336 0.346 0.350 0.341 0.326 0.323 0.323 0.326 0.328 0.327 0.330 0.333 0.343 0.347 0.350 0.351 0.347 0.346 0.347 0.349 0.354 0.356 0.357 0.361 0.373 0.381 0.408 0.434 0.448 0.440 0.421 0.404 0.404
1.826 1.818 1.815 1.791 1.786 1.781 1.756 1.746 1.727 1.702 1.673 1.631 1.600 1.591 1.580 1.570 1.537 1.485 1.404 1.346 1.291 1.272 1.266 1.245 1.207 1.150 1.071 1.000 0.957 0.924 0.897 0.821 0.787 0.752 0.717 0.657 0.616 0.587 0.551 0.491 0.449 0.403 0.370 0.351 0.351 0.352 0.347 0.342 0.328 0.323 0.322 0.324 0.328 0.334 0.337 0.347 0.354 0.360 0.364 0.363 0.354 0.347 0.341 0.337 0.338 0.337 0.338 0.346 0.358 0.368 0.388 0.408 0.420 0.417 0.408 0.397 0.406
1.797 1.789 1.774 1.766 1.759 1.750 1.719 1.704 1.675 1.667 1.628 1.609 1.567 1.551 1.546 1.516 1.482 1.435 1.382 1.309 1.279 1.269 1.269 1.252 1.205 1.140 1.032 0.971 0.926 0.897 0.878 0.843 0.786 0.748 0.680 0.645 0.604 0.576 0.518 0.487 0.447 0.416 0.388 0.359 0.355 0.354 0.350 0.335 0.328 0.322 0.319 0.321 0.326 0.337 0.345 0.356 0.365 0.375 0.380 0.375 0.364 0.350 0.337 0.329 0.323 0.314 0.315 0.321 0.327 0.344 0.364 0.378 0.388 0.389 0.387 0.390 0.046
1.774 1.757 1.753 1.738 1.724 1.701 1.662 1.642 1.624 1.607 1.592 1.552 1.539 1.528 1.484 1.465 1.435 1.396 1.355 1.298 1.270 1.264 1.259 1.237 1.185 1.115 1.017 0.941 0.892 0.870 0.860 0.829 0.788 0.743 0.669 0.619 0.587 0.561 0.523 0.479 0.454 0.428 0.403 0.371 0.364 0.359 0.354 0.336 0.332 0.324 0.320 0.320 0.320 0.000 0.000 0.365 0.377 0.391 0.397 0.393 0.377 0.355 0.331 0.316 0.298 0.287 0.282 0.289 0.297 0.315 0.333 0.347 0.354 0.359 0.020 0.028 0.063
1.754 1.753 1.750 1.728 1.709 1.663 1.634 1.609 1.589 1.574 1.539 1.525 1.509 1.463 1.444 1.417 1.389 1.359 1.305 1.278 1.255 1.231 1.224 1.185 1.132 1.065 0.988 0.911 0.873 0.859 0.853 0.832 0.791 0.722 0.643 0.598 0.564 0.543 0.519 0.479 0.458 0.435 0.397 0.384 0.373 0.361 0.346 0.343 0.337 0.332 0.325 0.324 0.323 0.000 0.000 0.000 0.000 0.402 0.411 0.407 0.386 0.355 0.322 0.295 0.266 0.246 0.241 0.244 0.263 0.285 0.303 0.318 0.326 0.000 0.046 0.049 0.041
1.751 1.754 1.748 1.725 1.692 1.642 1.607 1.578 1.558 1.546 1.523 1.503 1.482 1.429 1.402 1.357 1.332 1.291 1.272 1.226 1.214 1.193 1.158 1.129 1.084 1.029 0.970 0.897 0.867 0.858 0.853 0.828 0.780 0.698 0.620 0.570 0.537 0.523 0.516 0.484 0.465 0.420 0.400 0.389 0.371 0.365 0.347 0.347 0.345 0.342 0.334 0.327 0.329 0.331 0.000 0.000 0.000 0.016 0.000 0.005 0.046 0.006 0.000 0.002 0.000 0.000 0.000 0.001 0.229 0.256 0.277 0.289 0.001 0.002 0.009 0.005 0.049
1.745 1.746 1.737 1.710 1.662 1.619 1.582 1.540 1.526 1.519 1.496 1.474 1.429 1.369 1.331 1.299 1.274 1.250 1.206 1.192 1.178 1.132 1.104 1.076 1.039 0.996 0.930 0.889 0.866 0.847 0.837 0.808 0.757 0.674 0.608 0.545 0.512 0.502 0.497 0.490 0.463 0.418 0.397 0.379 0.368 0.364 0.345 0.347 0.349 0.350 0.336 0.336 0.337 0.338 0.002 0.007 0.051 0.078 0.111 0.094 0.090 0.062 0.000 0.018 0.000 0.000 0.000 0.004 0.000 0.002 0.000 0.002 0.003 0.005 0.000 0.070 0.005
1.715 1.718 1.707 1.671 1.633 1.596 1.547 1.527 1.520 1.519 1.500 1.462 1.393 1.338 1.290 1.251 1.226 1.196 1.172 1.158 1.141 1.088 1.064 1.026 0.996 0.936 0.908 0.876 0.837 0.825 0.792 0.759 0.710 0.651 0.580 0.529 0.499 0.493 0.495 0.487 0.466 0.412 0.383 0.360 0.348 0.347 0.349 0.345 0.352 0.350 0.346 0.348 0.349 0.344 0.000 0.094 0.009 0.099 0.072 0.021 0.079 0.119 0.027 0.003 0.037 0.032 0.000 0.009 0.101 0.003 0.000 0.023 0.008 0.000 0.000 0.017 0.007
1.673 1.666 1.655 1.632 1.603 1.572 1.532 1.520 1.519 1.517 1.495 1.449 1.370 1.304 1.246 1.203 1.168 1.159 1.132 1.113 1.071 1.015 0.984 0.956 0.921 0.899 0.853 0.836 0.821 0.772 0.752 0.721 0.681 0.633 0.572 0.530 0.504 0.495 0.493 0.482 0.457 0.409 0.364 0.336 0.321 0.324 0.334 0.344 0.358 0.357 0.363 0.367 0.368 0.364 0.003 0.008 0.000 0.022 0.069 0.092 0.114 0.101 0.076 0.056 0.102 0.047 0.101 0.000 0.003 0.006 0.013 0.003 0.002 0.000 0.011 0.000 0.068
1.620 1.621 1.610 1.593 1.572 1.535 1.515 1.509 1.498 1.494 1.467 1.406 1.339 1.270 1.195 1.156 1.140 1.138 1.116 1.091 1.019 0.976 0.937 0.906 0.886 0.837 0.824 0.809 0.763 0.746 0.716 0.688 0.656 0.603 0.569 0.538 0.508 0.499 0.481 0.463 0.434 0.397 0.350 0.314 0.295 0.301 0.322 0.347 0.361 0.364 0.376 0.383 0.385 0.381 0.369 0.000 0.028 0.019 0.071 0.000 0.097 0.118 0.159 0.034 0.117 0.067 0.052 0.001 0.000 0.000 0.006 0.015 0.000 0.102 0.000 0.064 0.011
1.581 1.574 1.568 1.555 1.512 1.509 1.470 1.468 1.464 1.441 1.412 1.366 1.308 1.244 1.174 1.141 1.130 1.127 1.108 1.069 0.991 0.936 0.888 0.856 0.840 0.820 0.797 0.783 0.735 0.714 0.683 0.660 0.613 0.589 0.548 0.528 0.513 0.484 0.472 0.453 0.426 0.391 0.346 0.310 0.291 0.297 0.321 0.348 0.362 0.375 0.392 0.404 0.409 0.398 0.382 0.006 0.165 0.075 0.053 0.064 0.112 0.056 0.084 0.136 0.050 0.110 0.096 0.027 0.000 0.000 0.000 0.011 0.026 0.031 0.008 0.078 0.000
1.519 1.507 1.494 1.488 1.479 1.446 1.439 1.433 1.405 1.390 1.363 1.324 1.278 1.208 1.166 1.140 1.128 1.120 1.093 1.027 0.963 0.896 0.842 0.801 0.791 0.778 0.769 0.734 0.690 0.664 0.640 0.619 0.593 0.559 0.542 0.524 0.490 0.477 0.462 0.444 0.421 0.385 0.354 0.326 0.309 0.313 0.333 0.357 0.370 0.391 0.409 0.425 0.429 0.418 0.398 0.009 0.076 0.047 0.130 0.132 0.125 0.122 0.084 0.152 0.140 0.094 0.072 0.098 0.008 0.000 0.000 0.013 0.000 0.036 0.012 0.010 0.000
1.491 1.474 1.459 1.449 1.447 1.416 1.407 1.397 1.359 1.343 1.317 1.286 1.251 1.191 1.157 1.122 1.113 1.097 1.051 0.999 0.932 0.854 0.803 0.774 0.770 0.767 0.755 0.701 0.667 0.635 0.609 0.591 0.574 0.547 0.533 0.517 0.482 0.468 0.453 0.437 0.408 0.389 0.369 0.344 0.336 0.333 0.346 0.364 0.383 0.396 0.417 0.436 0.441 0.428 0.404 0.008 0.019 0.068 0.129 0.059 0.111 0.085 0.068 0.127 0.016 0.153 0.069 0.116 0.053 0.183 0.000 0.012 0.000 0.047 0.002 0.063 0.063
1.466 1.444 1.428 1.420 1.403 1.392 1.380 1.338 1.319 1.267 1.246 1.222 1.197 1.145 1.124 1.099 1.069 1.047 1.012 0.965 0.910 0.836 0.793 0.770 0.766 0.762 0.743 0.691 0.643 0.607 0.579 0.561 0.555 0.537 0.524 0.487 0.463 0.447 0.434 0.420 0.408 0.387 0.376 0.366 0.351 0.354 0.363 0.376 0.390 0.402 0.416 0.431 0.436 0.424 0.402 0.378 0.006 0.000 0.020 0.046 0.103 0.168 0.115 0.127 0.087 0.048 0.208 0.103 0.149 0.061 0.076 0.009 0.003 0.001 0.010 0.000 0.004
1.443 1.420 1.396 1.391 1.384 1.355 1.334 1.284 1.255 1.229 1.206 1.188 1.141 1.121 1.100 1.052 1.030 1.004 0.972 0.933 0.871 0.830 0.795 0.768 0.763 0.751 0.711 0.670 0.626 0.578 0.553 0.542 0.542 0.530 0.516 0.473 0.452 0.433 0.420 0.411 0.395 0.390 0.385 0.368 0.367 0.370 0.377 0.385 0.388 0.400 0.411 0.418 0.420 0.409 0.391 0.371 0.348 0.000 0.003 0.018 0.049 0.014 0.127 0.063 0.156 0.125 0.114 0.079 0.054 0.160 0.117 0.026 0.001 0.002 0.000 0.104 0.039
1.423 1.395 1.391 1.390 1.378 1.351 1.314 1.260 1.223 1.193 1.171 1.156 1.118 1.097 1.074 1.019 0.992 0.962 0.933 0.902 0.848 0.795 0.773 0.760 0.733 0.715 0.686 0.649 0.607 0.563 0.541 0.535 0.535 0.527 0.509 0.463 0.437 0.416 0.402 0.396 0.397 0.390 0.390 0.378 0.379 0.379 0.386 0.392 0.392 0.397 0.403 0.408 0.400 0.393 0.381 0.365 0.348 0.328 0.318 0.010 0.017 0.135 0.080 0.199 0.133 0.025 0.038 0.113 0.110 0.116 0.185 0.021 0.038 0.067 0.063 0.063 0.024
1.394 1.387 1.389 1.390 1.375 1.340 1.279 1.234 1.192 1.161 1.128 1.117 1.101 1.079 1.018 0.956 0.921 0.890 0.861 0.838 0.793 0.775 0.759 0.716 0.702 0.682 0.657 0.627 0.583 0.557 0.541 0.534 0.531 0.520 0.487 0.457 0.421 0.396 0.381 0.379 0.379 0.385 0.379 0.382 0.386 0.390 0.000 0.000 0.010 0.000 0.399 0.396 0.388 0.382 0.374 0.362 0.343 0.332 0.324 0.323 0.015 0.027 0.061 0.123 0.132 0.099 0.108 0.028 0.097 0.085 0.086 0.173 0.039 0.101 0.105 0.029 0.122
1.374 1.375 1.368 1.369 1.351 1.303 1.254 1.205 1.152 1.128 1.118 1.113 1.084 1.044 0.975 0.924 0.879 0.844 0.819 0.801 0.763 0.748 0.732 0.689 0.666 0.647 0.626 0.604 0.568 0.550 0.532 0.528 0.522 0.495 0.470 0.444 0.406 0.379 0.364 0.363 0.371 0.382 0.381 0.388 0.395 0.401 0.404 0.000 0.021 0.007 0.020 0.006 0.000 0.006 0.371 0.358 0.349 0.337 0.331 0.332 0.340 0.095 0.160 0.073 0.162 0.190 0.163 0.171 0.134 0.091 0.084 0.076 0.095 0.031 0.057 0.181 0.002
1.326 1.330 1.336 1.318 1.299 1.265 1.223 1.182 1.136 1.120 1.118 1.113 1.084 1.033 0.950 0.888 0.833 0.794 0.772 0.753 0.735 0.721 0.671 0.653 0.605 0.580 0.564 0.552 0.526 0.521 0.518 0.499 0.491 0.476 0.455 0.430 0.399 0.375 0.360 0.360 0.369 0.381 0.384 0.394 0.405 0.415 0.420 0.005 0.025 0.104 0.037 0.011 0.108 0.020 0.000 0.029 0.029 0.006 0.009 0.336 0.035 0.146 0.114 0.217 0.157 0.162 0.132 0.129 0.165 0.090 0.190 0.096 0.090 0.041 0.029 0.064 0.083
1.290 1.292 1.271 1.267 1.250 1.223 1.192 1.162 1.124 1.115 1.110 1.102 1.068 1.010 0.921 0.850 0.787 0.737 0.722 0.720 0.696 0.673 0.620 0.589 0.561 0.541 0.524 0.500 0.499 0.498 0.481 0.476 0.469 0.457 0.441 0.423 0.398 0.381 0.367 0.367 0.373 0.376 0.387 0.400 0.415 0.430 0.437 0.431 0.035 0.144 0.169 0.107 0.079 0.076 0.081 0.076 0.054 0.063 0.060 0.025 0.047 0.070 0.111 0.131 0.206 0.216 0.181 0.271 0.282 0.217 0.211 0.163 0.173 0.150 0.128 0.120 0.072
1.252 1.252 1.224 1.215 1.203 1.183 1.161 1.121 1.107 1.083 1.081 1.067 1.019 0.959 0.889 0.816 0.744 0.709 0.700 0.697 0.684 0.644 0.591 0.548 0.512 0.488 0.480 0.463 0.469 0.473 0.458 0.456 0.448 0.439 0.429 0.407 0.383 0.379 0.376 0.368 0.372 0.378 0.388 0.403 0.419 0.438 0.447 0.439 0.027 0.078 0.048 0.131 0.070 0.104 0.080 0.127 0.138 0.009 0.043 0.009 0.027 0.002 0.055 0.037 0.069 0.057 0.051 0.164 0.119 0.172 0.147 0.158 0.158 0.109 0.133 0.128 0.151
1.218 1.191 1.182 1.169 1.155 1.113 1.099 1.065 1.058 1.053 1.024 1.006 0.971 0.920 0.861 0.784 0.733 0.703 0.696 0.693 0.673 0.617 0.560 0.504 0.456 0.422 0.419 0.428 0.439 0.428 0.421 0.419 0.415 0.407 0.401 0.385 0.380 0.375 0.369 0.370 0.372 0.378 0.387 0.398 0.416 0.434 0.442 0.434 0.031 0.081 0.084 0.064 0.204 0.156 0.103 0.110 0.079 0.048 0.017 0.041 0.082 0.022 0.056 0.113 0.047 0.029 0.054 0.028 0.011 0.065 0.113 0.068 0.192 0.086 0.089 0.093 0.082
1.168 1.134 1.116 1.098 1.082 1.070 1.063 1.032 1.024 0.988 0.976 0.956 0.925 0.885 0.839 0.775 0.736 0.702 0.695 0.683 0.643 0.593 0.531 0.457 0.401 0.371 0.375 0.390 0.409 0.402 0.404 0.401 0.397 0.394 0.389 0.376 0.374 0.371 0.361 0.367 0.369 0.374 0.381 0.389 0.404 0.415 0.422 0.416 0.014 0.116 0.052 0.065 0.070 0.129 0.132 0.098 0.024 0.034 0.075 0.121 0.026 0.050 0.098 0.082 0.000 0.033 0.033 0.075 0.046 0.051 0.081 0.070 0.063 0.060 0.047 0.107 0.240
1.148 1.110 1.084 1.061 1.043 1.032 1.008 1.001 0.992 0.951 0.934 0.912 0.886 0.855 0.802 0.742 0.717 0.699 0.671 0.651 0.617 0.568 0.507 0.432 0.376 0.346 0.352 0.375 0.396 0.390 0.390 0.386 0.382 0.379 0.376 0.368 0.367 0.356 0.356 0.356 0.357 0.361 0.370 0.372 0.382 0.393 0.392 0.013 0.074 0.102 0.104 0.103 0.160 0.096 0.197 0.194 0.137 0.110 0.221 0.048 0.020 0.047 0.011 0.012 0.006 0.067 0.000 0.026 0.008 0.024 0.007 0.053 0.037 0.060 0.081 0.052 0.145
1.119 1.085 1.055 1.027 1.008 0.986 0.980 0.977 0.964 0.919 0.867 0.843 0.820 0.797 0.751 0.727 0.705 0.665 0.646 0.623 0.590 0.547 0.495 0.429 0.382 0.355 0.359 0.376 0.391 0.386 0.380 0.374 0.366 0.365 0.366 0.362 0.357 0.345 0.344 0.343 0.344 0.351 0.351 0.357 0.364 0.364 0.367 0.000 0.007 0.013 0.128 0.176 0.129 0.132 0.288 0.159 0.069 0.090 0.055 0.029 0.067 0.022 0.000 0.097 0.123 0.014 0.107 0.038 0.010 0.011 0.003 0.114 0.038 0.098 0.056 0.018 0.077
1.098 1.063 1.028 0.991 0.978 0.974 0.969 0.942 0.909 0.865 0.835 0.809 0.788 0.771 0.731 0.710 0.688 0.642 0.620 0.595 0.565 0.531 0.477 0.438 0.394 0.378 0.377 0.373 0.377 0.381 0.376 0.365 0.361 0.360 0.359 0.357 0.351 0.340 0.000 0.335 0.334 0.335 0.339 0.343 0.347 0.343 0.344 0.016 0.053 0.026 0.036 0.057 0.177 0.225 0.138 0.143 0.184 0.170 0.161 0.121 0.059 0.036 0.067 0.108 0.060 0.099 0.014 0.003 0.014 0.171 0.000 0.038 0.050 0.050 0.024 0.071 0.016
1.070 1.041 1.010 0.980 0.973 0.972 0.960 0.933 0.879 0.840 0.805 0.777 0.759 0.731 0.715 0.694 0.646 0.619 0.593 0.567 0.518 0.493 0.450 0.427 0.406 0.380 0.376 0.375 0.374 0.372 0.365 0.362 0.360 0.359 0.358 0.354 0.342 0.334 0.000 0.000 0.324 0.324 0.326 0.331 0.329 0.329 0.326 0.011 0.027 0.057 0.113 0.086 0.083 0.128 0.067 0.039 0.109 0.235 0.228 0.124 0.185 0.047 0.136 0.064 0.041 0.017 0.071 0.065 0.058 0.094 0.001 0.069 0.002 0.041 0.089 0.016 0.063
1.041 1.017 0.986 0.973 0.970 0.966 0.949 0.918 0.858 0.813 0.777 0.742 0.730 0.722 0.706 0.664 0.609 0.573 0.541 0.514 0.493 0.475 0.441 0.424 0.391 0.381 0.375 0.371 0.368 0.365 0.356 0.360 0.356 0.357 0.354 0.349 0.337 0.000 0.000 0.007 0.000 0.000 0.321 0.324 0.318 0.314 0.308 0.304 0.032 0.073 0.174 0.148 0.137 0.076 0.124 0.126 0.177 0.232 0.154 0.194 0.151 0.161 0.160 0.040 0.080 0.037 0.024 0.005 0.023 0.054 0.041 0.046 0.094 0.031 0.023 0.097 0.059
1.009 0.993 0.962 0.946 0.946 0.942 0.923 0.876 0.833 0.791 0.748 0.730 0.726 0.722 0.695 0.656 0.592 0.547 0.509 0.481 0.464 0.438 0.428 0.416 0.385 0.374 0.366 0.360 0.357 0.349 0.340 0.344 0.348 0.349 0.343 0.337 0.331 0.002 0.009 0.015 0.015 0.077 0.024 0.018 0.309 0.300 0.289 0.281 0.279 0.021 0.108 0.016 0.122 0.072 0.168 0.113 0.200 0.197 0.122 0.123 0.096 0.094 0.118 0.121 0.030 0.092 0.081 0.038 0.000 0.015 0.025 0.009 0.000 0.060 0.048 0.042 0.029
0.974 0.936 0.910 0.911 0.913 0.889 0.870 0.840 0.806 0.772 0.737 0.727 0.726 0.718 0.689 0.629 0.571 0.518 0.474 0.445 0.426 0.419 0.413 0.404 0.373 0.352 0.341 0.334 0.332 0.323 0.328 0.333 0.326 0.333 0.332 0.329 0.325 0.321 0.004 0.000 0.000 0.066 0.134 0.034 0.007 0.287 0.270 0.260 0.257 0.000 0.009 0.190 0.096 0.097 0.192 0.169 0.116 0.014 0.158 0.128 0.120 0.136 0.091 0.166 0.187 0.120 0.075 0.094 0.141 0.014 0.091 0.036 0.051 0.000 0.031 0.138 0.058
0.904 0.898 0.872 0.872 0.848 0.843 0.826 0.803 0.778 0.755 0.728 0.710 0.712 0.700 0.667 0.606 0.546 0.489 0.436 0.409 0.403 0.406 0.397 0.374 0.352 0.334 0.319 0.311 0.310 0.305 0.312 0.318 0.312 0.314 0.320 0.319 0.318 0.316 0.000 0.000 0.000 0.000 0.074 0.045 0.098 0.000 0.000 0.241 0.237 0.247 0.000 0.000 0.277 0.000 0.093 0.070 0.030 0.135 0.048 0.109 0.075 0.159 0.103 0.094 0.089 0.110 0.087 0.097 0.016 0.064 0.029 0.030 0.041 0.037 0.029 0.104 0.072
0.854 0.846 0.833 0.832 0.805 0.795 0.784 0.766 0.749 0.733 0.708 0.686 0.682 0.655 0.621 0.574 0.523 0.468 0.419 0.395 0.392 0.395 0.390 0.361 0.337 0.312 0.291 0.281 0.278 0.283 0.295 0.292 0.298 0.301 0.308 0.307 0.308 0.309 0.311 0.035 0.071 0.068 0.119 0.026 0.127 0.089 0.000 0.000 0.232 0.017 0.047 0.000 0.000 0.345 0.205 0.110 0.085 0.071 0.132 0.095 0.113 0.122 0.095 0.088 0.063 0.135 0.165 0.087 0.103 0.047 0.033 0.042 0.000 0.017 0.096 0.080 0.062
0.794 0.792 0.788 0.776 0.767 0.754 0.723 0.708 0.689 0.663 0.658 0.655 0.628 0.611 0.582 0.545 0.502 0.453 0.418 0.398 0.393 0.392 0.384 0.351 0.320 0.287 0.257 0.244 0.249 0.262 0.277 0.279 0.285 0.288 0.288 0.296 0.298 0.302 0.305 0.017 0.039 0.086 0.076 0.151 0.129 0.144 0.065 0.006 0.000 0.000 0.098 0.127 0.102 0.043 0.066 0.078 0.211 0.076 0.043 0.078 0.073 0.122 0.164 0.067 0.166 0.134 0.037 0.089 0.049 0.054 0.020 0.092 0.053 0.055 0.002 0.028 0.000
0.763 0.765 0.764 0.728 0.710 0.691 0.673 0.658 0.653 0.629 0.625 0.597 0.588 0.571 0.547 0.518 0.487 0.450 0.426 0.401 0.395 0.388 0.364 0.339 0.305 0.264 0.232 0.217 0.226 0.246 0.267 0.272 0.277 0.277 0.276 0.277 0.286 0.293 0.299 0.002 0.000 0.118 0.093 0.036 0.094 0.171 0.179 0.084 0.111 0.000 0.000 0.000 0.227 0.039 0.000 0.075 0.065 0.235 0.090 0.065 0.031 0.013 0.111 0.092 0.109 0.048 0.087 0.101 0.102 0.026 0.150 0.036 0.070 0.035 0.000 0.051 0.060
