includes/rochefort/floodfiles/results/res.max
ncols         730
nrows         472
xllcorner     380617.130607
yllcorner     6542069.774949
cellsize      20.000000
NODATA_value  -9999.000000
[rows 170 to 203 of 472, columns 385 to 461 of 730]
10.121 10.103 10.152 10.253 10.336 10.406 10.765 10.666 10.446 10.383 10.297 10.307 10.299 10.253 10.280 10.563 10.558 10.347 10.422 10.814 10.707 10.305 10.124 9.969 9.863 9.676 9.561 9.351 9.151 8.937 8.823 8.647 8.360 8.151 7.955 7.772 7.811 7.551 6.996 6.813 6.539 6.515 5.798 4.604 3.648 2.779 2.392 1.207 0.000 1.512 1.384 1.399 1.523 1.611 1.594 1.474 1.490 1.563 1.569 1.578 1.624 1.767 1.638 1.557 1.467 1.503 1.609 1.479 1.588 1.446 1.715 1.433 1.442 1.423 1.378 1.375 1.377
10.211 10.176 10.326 10.619 10.573 10.465 10.623 10.584 10.518 10.495 10.462 10.545 10.642 10.419 10.326 10.493 10.482 10.253 10.260 10.377 10.270 10.056 9.977 9.860 9.715 9.517 9.482 9.373 8.996 8.617 8.409 8.132 7.912 7.730 7.586 7.432 7.312 6.899 6.573 6.400 6.189 5.749 4.487 3.459 2.722 2.476 1.170 0.000 0.000 1.447 1.487 1.503 1.530 1.515 1.497 1.451 1.503 1.393 1.173 1.566 1.625 1.596 1.582 1.675 1.646 1.547 1.447 1.584 1.618 1.642 1.471 1.491 1.413 1.413 1.421 1.362 1.372
10.187 10.186 10.282 10.674 10.519 10.421 10.508 10.567 10.681 10.685 10.509 10.495 10.552 10.311 10.148 10.165 10.066 9.916 9.951 9.990 9.953 9.830 9.892 10.046 9.737 9.405 9.375 9.253 8.726 8.196 8.040 7.875 7.726 7.591 7.632 7.287 6.797 6.555 6.659 6.033 5.726 4.216 3.285 2.645 2.465 1.816 1.102 0.000 1.427 1.514 1.491 1.514 1.502 1.563 1.561 1.540 1.475 1.480 1.428 1.327 1.574 1.621 1.567 1.577 1.583 1.608 1.558 1.573 1.661 1.491 1.493 1.468 1.418 1.405 1.412 1.401 1.407
10.134 10.180 10.004 10.127 10.184 10.303 10.477 10.534 10.864 10.855 10.382 10.244 10.163 9.908 9.901 9.790 9.639 9.536 9.560 9.707 9.837 9.735 9.737 9.999 9.514 8.956 8.745 8.574 8.198 7.958 7.879 7.680 7.688 7.354 7.120 6.782 6.678 6.344 5.718 5.081 3.924 3.078 2.618 2.288 1.895 1.102 0.000 0.000 1.467 1.616 1.475 1.488 1.588 1.597 1.507 1.470 1.561 1.562 1.402 1.636 1.550 1.520 1.649 1.532 1.518 1.503 1.701 1.613 1.666 1.489 1.469 1.402 1.428 1.443 1.378 1.384 1.384
9.681 9.704 9.565 9.587 9.836 10.447 10.711 10.358 10.484 10.428 10.077 9.905 9.797 9.650 9.648 9.537 9.306 9.251 9.341 9.615 10.051 9.637 9.242 9.176 8.744 8.291 8.046 8.017 7.839 7.890 7.817 7.273 7.113 6.788 6.511 6.488 6.054 5.422 4.888 3.591 2.909 2.435 2.235 1.749 0.138 0.123 0.093 1.498 1.517 1.556 1.627 1.640 1.702 1.627 1.481 1.500 1.569 1.562 1.489 1.340 1.130 1.547 1.574 1.515 1.548 1.602 1.472 1.213 1.720 1.467 1.414 1.473 1.407 1.482 1.391 1.377 1.396
9.035 8.874 9.155 9.512 9.472 10.072 10.352 9.943 9.867 9.857 9.844 9.741 9.550 9.597 9.610 9.237 9.178 9.164 9.080 9.291 9.479 9.122 8.583 8.296 8.022 7.875 7.780 7.785 7.671 7.518 7.207 7.043 6.786 6.533 6.337 6.062 5.518 4.052 3.280 2.740 2.562 2.097 1.751 0.137 0.115 1.144 1.507 1.474 1.552 1.512 1.410 1.428 1.554 1.466 1.510 1.482 1.459 1.505 1.540 1.496 1.448 1.371 1.552 1.585 1.613 1.593 1.466 1.579 1.004 1.417 1.429 1.440 1.424 1.403 1.346 1.421 1.353
8.390 8.358 8.660 8.950 8.990 9.172 9.334 9.141 9.107 9.378 9.785 9.586 9.107 9.063 8.991 8.898 8.799 8.777 8.639 8.508 8.461 8.232 7.923 7.804 7.696 7.713 7.637 7.618 7.346 7.208 7.088 7.355 6.749 6.295 5.682 5.187 3.636 3.042 2.546 2.379 2.012 1.285 0.147 0.118 0.959 1.253 1.471 1.570 1.541 1.460 1.377 1.415 1.446 1.396 1.568 1.461 1.486 1.587 1.497 1.483 1.411 1.466 1.509 1.561 1.583 1.606 1.569 1.493 1.523 1.576 1.189 1.435 1.392 1.380 1.381 1.360 1.399
8.024 8.052 7.939 7.874 8.429 8.827 8.815 8.763 8.732 8.795 8.859 8.801 8.652 8.539 8.274 8.130 8.147 8.174 8.075 8.041 7.969 7.790 7.644 7.627 7.350 7.242 7.059 7.062 7.185 7.111 6.840 6.192 5.589 5.003 3.882 3.323 2.886 2.561 2.092 1.493 0.000 0.000 0.000 1.398 1.110 1.120 1.527 1.518 1.580 1.428 1.379 1.349 1.253 1.222 1.471 1.535 1.564 1.499 1.478 1.562 1.550 1.367 1.223 1.524 1.690 1.579 1.514 1.585 1.493 1.526 1.441 1.643 1.164 1.369 1.384 1.394 1.399
7.564 7.570 7.597 7.600 8.206 8.732 8.378 8.456 8.441 8.205 8.116 8.326 8.619 8.114 7.863 7.855 7.659 7.735 7.791 8.035 7.655 7.395 7.357 6.997 6.873 6.855 6.985 6.824 7.214 6.216 5.716 5.189 3.937 3.454 3.044 2.608 2.241 1.936 1.224 0.000 0.000 1.363 1.414 1.383 1.442 1.155 1.342 1.678 1.623 1.362 1.205 1.088 1.239 1.163 1.381 1.475 1.466 1.467 1.567 1.552 1.556 1.592 1.605 1.456 1.635 1.592 1.483 1.575 1.511 1.502 1.483 1.525 1.438 1.470 1.229 1.372 1.373
7.071 7.328 7.354 7.322 7.507 7.627 7.609 7.529 7.733 7.639 7.653 7.807 7.887 7.631 7.689 7.524 7.411 7.250 7.267 7.240 7.212 7.063 6.783 6.495 6.567 6.437 6.673 5.934 5.815 6.114 3.991 3.492 3.145 2.738 2.587 2.076 1.250 0.000 0.000 0.000 1.438 1.394 1.374 1.449 1.418 1.229 1.065 1.438 1.444 1.476 1.409 1.434 1.407 1.391 1.340 1.497 1.503 1.485 1.526 1.446 1.593 1.587 1.530 1.381 1.681 1.516 1.537 1.464 1.600 1.540 1.556 1.417 1.411 1.431 1.459 1.292 1.285
6.527 6.546 7.060 7.007 7.615 7.255 7.495 7.136 7.164 7.144 7.206 7.214 7.208 7.091 6.901 6.876 7.224 7.156 6.682 6.606 7.039 6.808 6.539 6.262 6.625 5.669 5.373 5.270 3.907 3.522 3.093 2.784 2.561 2.314 1.532 1.293 0.000 0.000 1.550 1.397 1.361 1.448 1.393 1.390 1.262 1.395 1.226 1.411 1.441 1.378 1.397 1.426 1.413 1.320 1.365 1.505 1.512 1.543 1.445 1.580 1.545 1.636 1.591 1.211 1.213 1.528 1.606 1.565 1.523 1.564 1.505 1.489 1.512 1.549 1.413 1.416 1.548
5.622 6.101 6.256 6.299 6.362 6.301 6.626 6.558 7.070 6.527 6.442 6.702 6.981 6.585 6.581 6.330 6.317 6.336 6.393 6.400 5.989 5.880 6.188 5.478 4.426 4.042 3.668 3.388 2.992 2.741 2.553 2.143 1.538 1.020 0.000 0.000 0.000 1.226 1.350 1.289 1.518 1.358 1.404 1.425 1.418 1.394 1.103 1.269 1.461 1.435 1.473 1.365 1.202 1.194 1.483 1.482 1.504 1.507 1.524 1.604 1.547 1.628 1.680 1.539 1.542 1.488 1.494 1.565 1.604 1.529 1.449 1.519 1.440 1.504 1.365 1.432 1.211
3.777 4.052 4.288 5.415 5.621 5.786 5.575 5.639 5.784 5.890 6.172 5.764 5.683 5.925 6.139 5.741 5.524 5.415 5.548 4.717 4.474 4.225 3.959 3.668 3.429 3.146 2.926 2.710 2.493 2.062 1.461 1.150 1.112 0.000 0.000 1.479 1.451 1.463 1.361 1.412 1.446 1.422 1.394 1.373 1.380 1.380 1.032 1.352 1.435 1.357 1.388 1.394 1.401 1.304 1.278 1.543 1.463 1.509 1.574 1.567 1.559 1.584 1.598 1.492 1.417 1.226 1.490 1.489 1.589 1.555 1.604 1.512 1.486 1.448 1.567 1.356 1.628
2.809 3.039 3.157 3.425 3.511 3.671 3.767 3.871 4.084 4.162 4.289 4.179 4.233 4.208 4.132 4.068 4.042 3.894 3.774 3.657 3.422 3.295 3.069 2.908 2.797 2.600 2.379 1.926 1.423 1.083 1.189 0.000 0.000 0.000 1.320 1.462 1.616 1.636 1.296 1.388 1.522 1.437 1.370 1.372 1.364 1.304 1.335 1.377 1.256 1.168 1.195 1.153 1.325 1.234 1.348 1.471 1.529 1.577 1.594 1.567 1.618 1.655 1.638 1.549 1.545 1.288 1.199 1.451 1.496 1.529 1.586 1.498 1.496 1.499 1.488 1.291 1.031
1.526 1.813 2.584 2.731 2.717 2.719 2.910 2.861 3.040 3.117 3.197 3.163 3.219 3.168 3.259 3.211 3.135 3.029 3.052 2.927 2.852 2.742 2.692 2.345 1.811 1.736 1.553 1.133 1.190 0.052 0.045 0.000 1.423 1.399 1.250 1.331 1.354 1.742 1.541 1.391 1.347 1.405 1.405 1.294 1.173 1.237 1.506 1.405 1.352 1.577 1.545 1.468 1.479 1.484 1.587 1.601 1.570 1.639 1.601 1.603 1.519 1.517 1.548 1.577 1.508 1.470 1.465 1.449 1.479 1.473 1.473 1.540 1.526 1.577 1.430 1.644 1.422
0.287 0.293 1.291 1.482 1.479 1.478 1.876 2.282 2.590 2.449 2.549 2.609 2.740 2.718 2.686 2.726 2.666 2.580 2.477 2.336 2.182 1.951 1.510 1.158 0.787 0.716 0.920 1.242 0.050 0.034 1.552 1.472 1.449 1.403 1.330 1.534 1.285 1.597 1.363 1.635 1.729 1.338 1.462 1.278 1.236 1.164 1.487 1.385 1.470 1.607 1.562 1.471 1.446 1.524 1.596 1.583 1.640 1.605 1.636 1.533 1.575 1.559 1.536 1.500 1.478 1.520 1.253 1.170 1.428 1.462 1.515 1.542 1.494 1.413 1.255 1.180 1.593
1.119 0.280 0.289 1.466 1.523 1.485 1.449 1.454 1.481 1.418 1.649 1.458 1.490 1.637 1.609 1.480 1.370 1.345 1.177 1.184 1.130 1.065 1.006 1.072 0.976 0.996 0.000 0.037 0.029 1.331 1.416 1.420 1.437 1.458 1.403 1.516 1.361 1.792 1.286 1.258 1.227 1.376 1.684 1.574 1.769 1.471 1.595 1.493 1.436 1.459 1.503 1.488 1.412 1.557 1.634 1.529 1.604 1.656 1.570 1.599 1.542 1.515 1.618 1.494 1.487 1.520 1.581 1.336 1.178 1.419 1.557 1.451 1.471 1.459 1.546 1.551 1.542
1.324 0.664 0.273 0.276 0.000 1.446 1.476 1.507 1.490 1.428 1.512 1.520 1.488 1.325 1.348 1.282 1.316 1.380 1.491 0.965 1.084 1.130 1.109 1.072 0.000 0.000 0.000 1.312 1.820 1.545 1.426 1.448 1.475 1.381 1.390 1.329 1.279 1.650 1.582 1.519 1.324 1.319 1.307 1.344 1.248 1.463 1.346 1.416 1.404 1.439 1.421 1.525 1.538 1.684 1.682 1.565 1.555 1.609 1.563 1.571 1.607 1.502 1.569 1.559 1.566 1.478 1.515 1.432 1.678 1.412 1.514 1.458 1.443 1.252 1.098 1.468 1.538
1.321 1.405 1.731 1.344 0.000 0.000 0.000 1.478 1.491 1.427 1.582 1.483 1.524 1.438 1.583 1.646 1.606 1.538 1.639 1.555 1.068 1.109 0.000 0.000 0.000 1.640 1.553 1.257 1.576 1.480 1.386 1.402 1.434 1.409 1.480 1.334 1.252 1.465 1.184 1.335 1.274 1.273 1.318 1.356 1.308 1.185 1.024 1.409 1.631 1.483 1.554 1.626 1.626 1.638 1.627 1.661 1.556 1.559 1.483 1.563 1.579 1.500 1.540 1.568 1.473 1.520 1.461 1.514 1.222 1.188 1.357 1.436 1.472 1.388 1.665 1.632 1.554
1.231 1.469 1.486 1.268 1.334 1.355 0.000 0.000 0.061 1.530 1.486 1.517 1.475 1.454 1.602 1.580 1.619 1.593 1.637 1.588 0.000 0.000 0.000 1.552 1.918 1.615 1.599 1.205 1.457 1.358 1.327 1.461 1.387 1.413 1.586 1.351 1.305 1.498 1.342 1.343 1.345 1.348 1.343 1.387 1.526 1.199 0.894 1.250 1.400 1.517 1.595 1.597 1.618 1.583 1.555 1.604 1.597 1.606 1.555 1.640 1.539 1.573 1.556 1.571 1.509 1.488 1.489 1.518 1.579 1.232 1.169 1.406 1.269 1.440 1.502 1.458 1.486
1.322 1.322 1.017 1.370 1.334 1.474 1.557 1.578 0.043 0.048 0.051 0.056 1.492 1.482 1.579 1.602 1.518 1.582 0.000 0.000 0.000 1.584 1.676 1.581 1.736 1.453 1.605 1.741 1.386 1.440 1.395 1.424 1.405 1.406 1.645 1.338 1.407 1.379 1.361 1.409 1.405 1.422 1.406 1.221 1.334 1.325 1.149 1.335 1.551 1.552 1.488 1.574 1.580 1.586 1.592 1.523 1.590 1.570 1.557 1.547 1.541 1.486 1.552 1.529 1.495 1.437 1.431 1.468 1.541 1.385 1.591 1.299 1.469 1.031 1.579 1.476 1.443
1.234 1.486 1.164 1.209 0.972 1.367 1.597 1.711 1.664 1.668 1.450 0.040 0.044 0.000 0.000 0.000 0.000 0.000 0.000 1.559 1.594 1.583 1.724 1.548 1.435 1.522 1.486 1.610 1.224 1.393 1.510 1.336 1.380 1.437 1.390 1.320 1.285 1.348 1.374 1.259 1.276 1.417 1.329 1.427 1.339 1.428 1.279 1.243 1.557 1.495 1.554 1.551 1.593 1.492 1.540 1.510 1.555 1.496 1.600 1.635 1.559 1.489 1.590 1.579 1.518 1.579 1.475 1.518 1.535 1.516 1.198 0.837 1.675 1.441 1.492 1.510 1.417
1.510 1.439 1.387 1.612 1.505 1.282 1.449 1.589 1.712 1.654 1.754 1.669 1.621 1.660 1.641 1.602 1.676 1.590 1.584 1.644 1.618 1.517 1.272 1.437 1.453 1.304 1.293 1.381 1.299 1.321 1.929 1.764 1.735 1.403 1.438 1.170 1.354 1.309 1.318 1.399 1.299 1.388 1.256 1.259 1.268 1.356 1.466 1.453 1.530 1.482 1.573 1.574 1.524 1.453 1.577 1.616 1.526 1.551 1.502 1.532 1.521 1.550 1.581 1.573 1.525 1.567 1.541 1.514 1.497 1.595 1.476 1.517 1.085 1.234 1.739 1.310 1.332
1.411 1.433 1.416 1.424 1.629 1.123 1.359 1.351 1.458 1.635 1.636 1.617 1.574 1.565 1.583 1.627 1.640 1.613 1.524 1.460 1.437 1.347 1.179 1.343 1.240 1.304 1.173 1.314 1.296 1.377 2.015 1.552 1.437 1.518 1.272 1.415 1.308 1.414 1.323 1.374 1.325 1.338 1.366 1.313 1.190 1.298 1.587 1.494 1.622 1.529 1.592 1.599 1.541 1.541 1.614 1.660 1.501 1.538 1.572 1.488 1.505 1.614 1.610 1.583 1.543 1.613 1.541 1.522 1.606 1.504 1.598 1.555 1.073 1.111 1.318 1.143 0.997
1.455 1.391 1.538 1.414 1.319 1.419 1.155 1.495 1.512 1.531 1.561 1.446 1.381 1.257 1.351 1.175 1.323 1.370 1.427 1.336 1.282 1.133 1.287 1.177 1.396 1.437 1.094 0.499 0.984 1.266 1.820 1.383 1.272 1.550 1.293 1.456 1.293 1.469 1.267 1.346 1.291 1.337 1.367 1.336 1.383 1.352 1.470 1.402 1.372 1.515 1.476 1.387 1.445 1.591 1.637 1.612 1.470 1.476 1.459 1.603 1.570 1.557 1.577 1.565 1.551 1.525 1.534 1.543 1.569 1.544 1.609 1.589 0.995 1.160 1.443 1.422 1.347
1.459 1.441 1.618 1.607 1.439 1.477 1.325 1.524 1.179 1.528 1.377 1.514 1.304 1.095 0.854 0.524 0.873 1.027 0.948 1.078 1.038 1.172 1.204 1.277 1.315 0.712 1.111 1.114 1.234 1.284 1.526 1.400 1.308 1.383 1.312 1.496 1.258 1.590 1.232 1.327 1.287 1.367 1.342 1.256 1.360 1.399 1.134 1.755 1.637 1.572 1.669 1.474 1.514 1.494 1.450 1.607 1.487 1.508 1.496 1.544 1.554 1.520 1.559 1.622 1.638 1.547 1.637 1.568 1.497 1.491 1.583 1.494 1.197 1.128 1.415 1.421 1.374
1.493 1.480 1.435 1.264 1.484 1.463 1.598 1.456 1.353 1.504 1.541 1.450 1.071 0.982 0.882 0.373 0.048 0.003 0.116 0.447 0.606 0.862 0.888 0.788 1.092 0.911 0.760 0.802 0.842 1.236 1.222 1.278 1.465 1.310 1.434 1.466 1.314 1.474 1.633 1.396 1.435 1.420 1.505 1.457 1.408 1.365 1.250 1.609 1.562 1.522 1.507 1.423 1.490 1.505 1.482 1.664 1.443 1.469 1.494 1.489 1.503 1.504 1.538 1.621 1.517 1.607 1.612 1.664 1.640 1.603 1.589 1.608 1.425 0.872 1.406 1.321 1.343
1.484 1.556 1.515 1.321 1.344 1.235 1.672 1.510 1.368 1.549 1.586 1.723 0.987 0.851 0.733 0.673 0.317 0.000 0.000 0.000 0.155 0.348 0.419 0.383 0.335 0.123 0.250 0.344 0.248 0.598 1.077 1.169 1.541 1.361 1.573 1.307 1.503 1.334 1.824 1.341 1.369 1.385 1.372 1.461 1.443 1.451 1.424 1.279 1.430 1.565 1.574 1.468 1.485 1.413 1.436 1.647 1.365 1.452 1.527 1.518 1.635 1.567 1.578 1.558 1.580 1.528 1.618 1.601 1.583 1.555 1.593 1.577 1.564 1.295 1.158 1.216 1.274
1.393 1.346 1.247 1.471 1.479 1.456 1.126 1.390 1.385 1.540 1.496 1.406 1.241 1.024 0.557 0.768 0.445 0.000 0.000 0.000 0.000 0.000 0.000 0.000 0.000 0.000 0.000 0.000 0.000 0.000 0.416 1.709 1.300 1.304 1.494 1.281 1.604 1.322 1.679 1.357 1.402 1.387 1.363 1.575 1.465 1.481 1.387 1.057 1.427 1.544 1.453 1.541 1.426 1.412 1.408 1.542 1.392 1.520 1.491 1.586 1.532 1.598 1.579 1.580 1.525 1.565 1.539 1.543 1.564 1.566 1.562 1.606 1.502 1.359 1.082 1.184 1.424
1.430 1.003 1.243 1.362 1.276 1.278 0.336 1.390 1.428 1.446 1.405 1.244 0.859 1.133 0.715 0.390 0.179 0.000 0.000 0.000 0.000 0.000 0.000 0.000 0.000 0.000 0.000 0.000 0.000 0.000 0.224 0.478 1.500 1.211 1.439 1.393 1.541 1.280 1.421 1.372 1.381 1.484 1.497 1.543 1.428 1.433 1.368 0.869 1.324 1.544 1.489 1.483 1.464 1.419 1.468 1.557 1.401 1.492 1.530 1.568 1.575 1.519 1.471 1.516 1.559 1.561 1.572 1.534 1.561 1.563 1.544 1.492 1.515 1.120 1.273 1.292 1.378
1.260 1.116 1.198 1.231 1.322 1.000 0.585 0.943 0.858 1.306 1.155 0.626 0.222 0.894 0.658 0.245 0.000 0.000 0.000 0.000 0.000 0.000 0.000 0.000 0.000 0.000 0.000 0.000 0.000 0.072 0.355 0.376 0.549 1.506 1.190 1.378 1.395 1.425 1.291 1.371 1.498 1.467 1.493 1.453 1.406 1.394 1.259 0.931 1.443 1.479 1.448 1.478 1.404 1.473 1.416 1.377 1.457 1.508 1.470 1.492 1.489 1.506 1.492 1.575 1.558 1.614 1.563 1.553 1.577 1.589 1.544 1.526 1.439 0.980 1.096 1.361 1.392
1.193 1.233 1.347 1.157 1.146 0.833 0.994 1.037 0.998 0.875 1.179 0.684 0.453 0.121 0.000 0.000 0.000 0.000 0.000 0.000 0.000 0.000 0.000 0.000 0.000 0.000 0.000 0.000 0.000 0.000 0.358 0.676 0.507 0.628 1.189 1.504 1.344 1.594 1.208 1.432 1.458 1.432 1.485 1.469 1.448 1.402 1.366 1.142 1.363 1.430 1.421 1.452 1.391 1.455 1.423 1.423 1.507 1.450 1.547 1.497 1.515 1.558 1.581 1.551 1.624 1.618 1.577 1.507 1.603 1.624 1.517 1.439 1.444 0.918 1.166 1.154 1.245
1.611 1.273 1.228 0.883 0.497 0.975 1.129 1.004 1.010 0.822 0.860 0.477 0.189 0.000 0.000 0.000 0.000 0.000 0.000 0.000 0.000 0.000 0.000 0.000 0.000 0.000 0.000 0.000 0.000 0.000 0.522 0.487 0.393 0.767 0.862 1.202 1.092 1.336 1.114 1.423 1.474 1.393 1.457 1.394 1.400 1.435 1.420 1.356 1.291 1.370 1.384 1.417 1.345 1.436 1.438 1.416 1.498 1.484 1.465 1.473 1.483 1.562 1.545 1.548 1.678 1.588 1.562 1.650 1.546 1.527 1.474 1.455 1.454 1.278 1.059 1.147 1.274
1.255 1.193 1.073 1.127 1.125 1.042 0.922 0.927 0.698 0.505 0.427 0.264 0.000 0.000 0.000 0.000 0.000 0.000 0.000 0.000 0.000 0.000 0.000 0.000 0.000 0.000 0.000 0.000 0.000 0.000 0.000 0.000 0.276 0.437 0.742 0.889 1.017 1.262 0.922 1.032 1.343 1.383 1.294 1.378 1.455 1.372 1.354 1.719 1.233 1.393 1.458 1.402 1.368 1.463 1.480 1.449 1.533 1.455 1.461 1.478 1.536 1.568 1.616 1.521 1.630 1.602 1.589 1.606 1.572 1.499 1.479 1.382 1.410 1.480 1.346 1.202 1.099
