includes/rochefort/floodfiles/results/res.max
ncols         730
nrows         472
xllcorner     380617.130607
yllcorner     6542069.774949
cellsize      20.000000
NODATA_value  -9999.000000
[rows 374 to 407 of 472, columns 462 to 538 of 730]
0.000 0.000 0.000 0.000 0.000 0.000 0.000 0.000 0.000 0.000 0.000 0.271 0.851 0.711 0.370 0.781 0.971 1.042 1.249 1.252 1.312 1.398 1.308 1.415 1.303 1.303 1.328 1.259 1.368 1.343 0.514 4.924 9.972 11.040 12.872 12.388 11.610 10.930 10.295 9.985 9.242 0.847 1.088 1.096 1.105 0.593 0.926 1.019 1.177 1.177 1.155 1.141 1.164 1.157 1.138 1.095 1.138 1.266 1.112 1.061 1.075 1.217 1.092 1.010 1.149 1.078 1.169 1.172 1.146 1.095 1.170 1.154 1.048 1.127 1.137 1.546 0.970
0.000 0.000 0.000 0.000 0.000 0.000 0.000 0.000 0.000 0.000 0.000 0.272 0.867 0.813 0.335 0.679 0.914 1.089 1.145 1.193 1.281 1.328 1.448 1.259 1.377 1.205 1.385 1.313 1.201 1.332 1.428 1.134 4.531 8.641 11.001 12.466 12.739 11.823 10.851 10.110 9.720 9.215 0.979 1.059 1.125 0.597 0.591 0.986 1.163 1.199 1.189 1.125 1.116 1.159 1.064 0.888 1.159 1.282 1.403 1.157 0.366 1.094 1.134 1.100 1.146 1.218 1.225 1.230 1.198 1.229 1.164 1.149 1.121 1.048 1.245 0.873 1.064
0.000 0.000 0.000 0.000 0.000 0.000 0.000 0.000 0.000 0.000 0.273 0.272 0.925 0.797 0.235 0.888 0.903 0.982 1.069 1.188 1.269 1.282 1.402 1.397 1.299 1.368 1.296 1.405 1.309 1.289 1.389 1.553 2.224 4.581 7.973 10.949 12.653 12.276 11.914 11.190 10.343 9.368 9.746 1.130 1.022 1.072 0.597 0.592 0.992 1.224 1.170 1.108 1.078 1.037 0.905 1.080 1.136 1.112 1.260 1.287 0.914 1.158 1.125 1.167 1.248 1.240 1.157 1.107 1.202 1.170 1.184 1.202 0.893 0.818 0.985 1.074 1.070
0.000 0.000 0.000 0.000 0.000 0.000 0.000 0.000 0.000 0.000 0.273 0.776 0.852 0.820 0.225 0.977 0.825 0.979 1.025 1.147 1.177 1.382 1.366 1.406 1.376 1.372 1.285 1.341 1.337 1.348 1.316 1.385 1.434 2.730 4.987 7.380 10.243 12.376 12.463 11.438 10.469 10.016 9.258 9.013 0.998 1.103 1.133 0.598 0.485 1.023 1.214 1.144 0.832 0.859 1.231 1.132 1.179 1.086 1.064 1.372 1.071 0.450 1.166 1.288 1.329 1.200 1.088 1.080 1.144 1.211 1.217 1.050 0.687 0.872 1.061 1.116 0.651
0.000 0.000 0.000 0.000 0.000 0.000 0.000 0.000 0.000 0.000 0.273 0.810 0.689 0.759 0.477 0.797 0.818 0.870 1.059 0.991 1.115 1.128 1.303 1.243 1.391 1.333 1.391 1.513 1.389 1.322 1.458 1.357 1.377 0.863 3.221 4.293 7.456 10.676 12.413 12.100 11.558 10.514 9.792 9.048 1.023 1.061 1.105 1.063 0.490 0.484 1.081 1.259 0.889 1.110 1.144 1.098 1.205 1.014 1.049 1.171 1.271 0.905 1.052 1.240 1.157 1.225 1.104 1.152 1.163 1.167 1.103 0.173 0.873 0.905 1.036 0.794 0.966
0.000 0.000 0.000 0.000 0.000 0.000 0.000 0.000 0.000 0.273 0.273 0.880 0.914 0.802 0.484 0.783 0.688 0.813 1.061 0.934 1.019 1.084 1.196 1.272 1.395 1.503 1.371 1.495 1.412 1.321 1.471 1.374 1.346 1.371 0.982 4.039 5.123 8.198 11.011 12.103 11.612 10.982 10.206 9.503 8.841 1.066 0.965 1.046 1.112 0.488 1.021 1.226 1.051 1.113 1.147 1.177 1.078 1.107 1.105 1.110 1.539 0.704 0.402 1.168 1.178 1.153 1.181 1.198 1.216 1.021 0.116 1.148 0.992 1.080 0.658 0.700 1.022
0.000 0.000 0.000 0.000 0.000 0.000 0.000 0.000 0.000 0.273 0.975 0.870 0.874 0.694 0.661 0.922 0.772 0.669 0.831 0.972 1.025 1.058 1.004 1.155 1.270 1.294 1.643 1.434 1.546 1.450 1.394 1.437 1.532 1.411 1.287 0.827 4.282 5.832 8.972 10.839 11.511 11.222 10.531 10.137 9.353 8.051 1.077 1.035 1.075 0.492 0.486 0.940 1.115 1.128 1.110 1.062 1.078 1.133 1.207 1.079 1.092 1.361 0.973 0.411 0.876 1.202 1.201 1.181 0.911 0.000 1.309 1.049 1.107 1.011 1.079 0.796 1.021
0.000 0.000 0.000 0.000 0.000 0.000 0.000 0.000 0.000 0.274 0.898 0.851 0.809 0.388 0.832 1.056 1.023 0.752 0.648 0.883 0.973 0.955 1.020 1.005 1.154 1.276 1.498 1.528 1.492 1.414 1.446 1.385 1.484 1.534 1.564 1.285 1.358 4.058 6.825 9.698 10.859 11.139 10.814 10.551 9.685 8.698 1.058 1.074 1.042 1.082 0.492 0.486 0.948 0.987 1.136 1.109 1.035 1.092 1.041 1.116 1.096 1.140 1.285 1.385 0.441 0.969 1.187 1.077 0.000 1.611 1.019 1.160 1.030 1.007 1.058 1.052 1.081
0.000 0.000 0.000 0.000 0.000 0.000 0.000 0.000 0.000 0.274 0.942 0.798 0.939 0.458 1.067 0.856 0.913 0.948 0.700 0.653 0.898 1.053 0.956 1.049 1.013 1.257 1.450 1.438 1.554 1.520 1.482 1.420 1.465 1.559 1.566 1.455 1.544 2.587 4.800 7.582 10.487 12.094 11.506 10.572 10.362 9.542 8.846 1.067 1.018 1.068 1.083 0.490 0.881 0.865 1.172 1.083 1.152 1.073 1.056 1.091 1.107 1.076 1.210 1.100 1.041 1.084 0.956 0.000 1.665 0.923 1.001 1.060 1.046 1.051 1.045 0.981 1.042
0.000 0.000 0.000 0.000 0.000 0.000 0.000 0.000 0.000 0.274 0.889 0.820 0.858 0.504 0.994 0.933 0.913 0.832 0.787 1.053 0.921 0.879 0.892 1.124 1.052 1.039 1.143 1.444 1.513 1.488 1.562 1.415 1.528 1.602 1.507 1.531 1.476 1.148 4.262 6.977 8.918 10.454 11.645 11.332 10.780 9.503 8.481 1.013 1.045 1.035 1.080 0.494 0.487 0.938 1.238 1.191 1.058 1.099 1.055 1.110 1.148 1.090 1.065 1.271 0.943 0.837 0.000 1.894 0.958 1.016 1.134 0.969 1.057 1.058 1.005 1.017 0.981
0.000 0.000 0.000 0.000 0.000 0.000 0.000 0.000 0.000 0.274 0.851 0.876 1.003 0.672 0.835 0.801 0.911 1.028 0.997 0.205 0.000 0.000 0.000 0.154 1.174 1.021 1.035 1.142 1.377 1.508 1.506 1.620 1.471 1.477 1.499 1.643 1.522 1.469 1.949 4.676 6.591 10.140 12.488 11.511 11.084 10.096 8.938 7.904 1.051 1.021 1.082 1.031 0.493 0.487 1.047 1.193 1.105 1.057 1.655 1.017 1.100 1.099 1.109 1.071 1.301 1.037 1.768 0.999 1.069 1.034 0.951 1.046 0.947 1.034 1.052 1.005 1.007
0.000 0.000 0.000 0.000 0.000 0.000 0.000 0.000 0.000 0.274 0.769 0.820 0.496 0.743 0.846 0.814 0.823 0.786 0.575 0.000 0.000 0.000 0.000 0.000 0.000 1.169 1.096 1.169 1.199 1.384 1.545 1.586 1.523 1.496 1.435 1.408 1.472 1.590 1.012 3.998 4.972 8.172 10.067 11.070 11.188 10.069 9.812 8.668 0.873 1.008 1.070 1.104 1.048 0.491 1.073 1.182 1.184 1.115 0.984 1.114 1.112 1.069 1.169 1.090 0.917 0.878 0.996 1.029 1.063 0.999 1.053 1.005 1.007 1.026 1.115 1.037 1.009
0.000 0.000 0.000 0.000 0.000 0.000 0.000 0.000 0.000 0.332 0.747 0.779 0.668 0.957 0.872 0.945 0.818 0.879 0.000 0.000 0.000 0.000 0.000 0.000 0.000 0.000 1.053 0.936 1.141 1.238 1.471 1.565 1.516 1.388 1.499 1.562 1.408 1.594 1.541 3.504 3.615 7.513 9.282 11.534 12.511 11.160 10.174 9.616 7.746 1.107 1.068 1.039 0.973 0.942 0.192 0.868 1.168 1.101 1.137 1.023 1.127 1.201 1.151 0.917 1.021 1.134 0.874 0.885 1.130 1.079 1.048 1.026 1.054 0.993 1.101 1.025 1.037
0.000 0.000 0.000 0.000 0.000 0.000 0.000 0.000 0.000 0.573 0.901 0.875 1.018 0.912 0.920 0.946 0.864 0.936 0.000 0.000 0.000 0.000 0.000 0.000 0.000 0.000 0.000 0.964 0.996 1.116 1.302 1.421 1.523 1.531 1.389 1.285 1.384 1.296 1.038 4.556 5.241 5.213 8.291 10.048 11.590 11.911 11.119 9.695 9.075 0.906 1.041 1.064 1.038 0.903 0.693 0.794 0.918 1.117 1.172 1.105 1.058 1.086 1.011 0.836 1.169 1.072 1.046 0.968 0.693 1.020 1.060 1.033 0.984 1.110 0.987 0.950 0.923
0.000 0.000 0.000 0.000 0.000 0.000 0.000 0.000 0.000 0.570 0.846 1.062 1.036 0.917 1.020 1.067 0.905 0.165 0.000 0.000 0.000 0.000 0.000 0.000 0.000 0.000 0.000 0.000 0.966 0.985 1.149 1.239 1.438 1.394 1.254 1.254 1.653 1.487 1.440 1.392 3.885 3.312 6.677 11.518 11.598 11.861 11.045 9.852 9.429 1.051 0.994 1.085 1.082 0.800 1.117 0.669 1.030 1.099 1.103 1.104 1.080 0.988 0.973 1.114 1.148 1.086 1.012 1.088 0.794 0.858 1.079 1.073 1.116 0.994 1.034 0.990 0.928
0.000 0.000 0.000 0.000 0.000 0.000 0.000 0.000 0.000 0.636 0.885 0.922 0.998 0.955 0.949 1.082 1.000 0.000 0.000 0.000 0.000 0.000 0.000 0.000 0.000 0.000 0.000 0.000 0.623 0.995 1.182 1.187 1.201 1.178 1.644 1.399 1.443 1.388 1.423 1.565 1.065 3.014 5.583 8.961 12.408 12.531 12.174 10.555 9.784 8.677 1.004 1.045 1.079 0.535 1.025 0.980 0.387 0.915 1.192 1.150 1.137 1.184 1.079 1.209 1.177 1.172 1.005 1.183 1.126 0.768 0.981 1.088 0.999 0.987 0.952 0.986 1.001
0.000 0.000 0.000 0.000 0.000 0.000 0.000 0.000 0.000 0.565 1.055 0.964 1.043 0.998 0.949 0.915 0.893 0.000 0.000 0.000 0.000 0.000 0.000 0.000 0.000 0.000 0.000 0.000 0.000 0.769 0.871 0.974 1.103 1.214 1.242 1.368 1.440 1.368 1.630 1.565 1.373 4.400 4.550 8.443 10.985 12.174 11.987 10.554 10.053 9.267 0.928 0.984 1.048 0.864 1.069 1.094 0.205 0.423 0.906 1.157 1.171 1.059 1.097 1.077 1.131 1.161 1.003 1.058 1.184 1.135 0.807 1.059 1.088 1.064 1.063 1.107 1.162
0.000 0.000 0.000 0.000 0.000 0.000 0.000 0.000 0.000 0.701 0.897 0.853 1.068 1.152 0.983 0.809 0.901 0.000 0.000 0.000 0.000 0.000 0.000 0.000 0.000 0.000 0.000 0.000 0.000 0.000 0.879 0.820 1.003 0.807 0.976 1.348 1.458 1.543 1.559 1.525 1.623 0.878 4.059 6.418 9.481 11.170 10.710 9.966 10.022 9.783 8.883 0.751 0.912 0.954 0.806 1.053 1.090 0.576 0.528 1.071 1.126 1.108 1.097 1.012 1.129 1.096 1.100 0.846 1.140 1.158 0.970 0.668 1.009 1.085 0.967 1.209 1.241
0.000 0.000 0.000 0.000 0.000 0.000 0.000 0.000 0.000 0.639 0.914 0.959 0.962 1.105 0.945 0.938 0.715 0.000 0.000 0.000 0.000 0.000 0.000 0.000 0.000 0.000 0.000 0.000 0.000 0.000 0.000 0.913 0.641 0.857 1.210 1.265 1.428 1.400 1.492 1.528 1.534 1.146 5.063 5.585 8.557 9.916 10.495 10.214 10.067 9.893 9.362 0.894 0.760 0.980 0.656 1.074 0.847 0.917 0.943 0.459 0.958 1.026 1.142 1.040 0.960 1.127 1.088 0.831 1.134 1.163 1.344 1.044 0.928 0.973 1.181 1.209 1.066
0.000 0.000 0.000 0.000 0.000 0.000 0.000 0.000 0.000 0.840 0.989 0.995 0.955 1.024 0.975 0.897 0.000 0.000 0.000 0.000 0.000 0.000 0.000 0.000 0.000 0.000 0.000 0.000 0.000 0.000 0.000 0.945 0.964 1.038 1.061 1.192 1.100 1.193 1.429 1.526 1.447 1.489 1.726 4.318 7.487 9.216 10.484 10.134 10.048 9.862 9.655 1.828 0.818 0.716 0.727 0.979 1.002 1.035 0.551 0.876 0.442 0.953 0.985 1.134 1.065 1.027 0.891 0.986 0.952 1.023 0.863 1.085 0.894 0.907 1.129 1.262 1.102
0.000 0.000 0.000 0.000 0.000 0.000 0.000 0.000 0.000 0.741 0.768 1.003 1.196 1.184 1.013 0.952 0.000 0.000 0.000 0.000 0.000 0.000 0.000 0.000 0.000 0.000 0.000 0.000 0.000 0.000 0.000 0.000 1.252 1.054 0.986 0.917 0.965 1.263 1.418 1.457 1.476 1.483 0.743 5.234 6.054 10.465 10.476 10.551 10.443 9.998 9.878 9.547 1.052 0.962 1.060 1.015 1.020 1.024 1.004 0.231 0.610 0.624 1.005 0.803 1.077 1.103 1.184 1.089 0.986 1.108 1.013 0.849 1.150 1.339 0.852 0.560 1.053
0.000 0.000 0.000 0.000 0.000 0.000 0.000 0.000 0.000 0.863 1.035 1.008 0.999 1.088 0.997 0.765 0.000 0.000 0.000 0.000 0.000 0.000 0.000 0.000 0.000 0.000 0.000 0.000 0.000 0.000 0.000 0.000 0.000 1.129 0.903 0.873 1.014 1.170 1.346 1.429 1.429 1.411 1.338 4.294 4.491 8.256 10.061 10.701 10.690 10.188 10.041 9.796 1.152 1.123 0.999 1.109 1.090 1.048 1.003 0.815 0.968 0.749 0.953 0.603 1.079 0.829 1.035 1.080 1.162 1.226 1.066 1.132 1.035 1.090 1.237 1.168 1.157
0.000 0.000 0.000 0.000 0.000 0.000 0.000 0.000 0.000 1.111 1.041 1.012 1.148 0.900 0.963 0.000 0.000 0.000 0.000 0.000 0.000 0.000 0.000 0.000 0.000 0.000 0.000 0.000 0.000 0.000 0.000 0.000 0.000 0.124 0.952 1.123 0.913 0.989 1.191 1.327 1.350 1.269 1.580 1.293 3.995 7.441 9.494 10.488 10.822 10.127 10.143 10.048 9.606 1.153 1.080 1.083 1.089 1.134 1.001 1.056 0.488 1.170 0.857 0.737 0.523 0.780 0.807 1.019 1.106 1.235 1.116 1.167 1.074 0.994 0.958 1.142 1.204
0.000 0.000 0.000 0.000 0.000 0.000 0.000 0.000 0.721 0.969 1.042 1.205 0.981 1.025 0.000 0.000 0.000 0.000 0.000 0.000 0.000 0.000 0.000 0.000 0.000 0.000 0.000 0.000 0.000 0.000 0.000 0.000 0.000 0.000 0.915 0.860 0.813 0.875 1.002 1.119 1.352 1.344 1.384 0.922 3.574 6.143 8.255 10.300 12.812 10.980 10.226 9.868 9.774 1.185 1.149 1.053 1.074 1.106 1.082 1.063 1.016 0.527 1.069 0.940 0.000 1.020 0.458 0.945 0.840 0.932 1.070 1.285 1.122 1.103 0.984 0.651 0.930
0.000 0.000 0.000 0.000 0.000 0.000 0.000 0.506 0.838 1.068 1.145 1.077 0.958 0.504 0.000 0.000 0.000 0.000 0.000 0.000 0.000 0.000 0.000 0.000 0.000 0.000 0.000 0.000 0.000 0.000 0.000 0.000 0.000 0.000 1.119 0.806 0.881 0.927 0.951 1.213 1.323 1.376 1.318 1.360 1.777 4.123 8.277 8.471 10.307 11.649 10.482 10.030 9.902 9.324 1.096 1.030 1.030 1.077 1.133 1.130 0.970 0.972 0.000 0.000 0.000 0.557 1.042 1.059 0.300 0.542 1.049 0.852 0.952 1.016 1.239 1.186 0.969
0.000 0.000 0.000 0.000 0.000 0.000 0.190 0.329 0.925 0.975 1.064 0.996 0.734 0.000 0.000 0.000 0.000 0.000 0.000 0.000 0.000 0.000 0.000 0.000 0.000 0.000 0.000 0.000 0.000 0.000 0.000 0.000 0.000 0.000 0.000 0.724 0.939 1.025 1.037 1.086 1.112 1.293 1.419 1.514 0.734 3.789 4.838 7.554 8.599 9.630 9.890 9.907 9.822 9.707 1.074 1.116 1.087 1.048 1.116 1.123 1.049 0.028 0.000 0.000 0.000 0.168 0.221 0.263 0.276 0.998 0.680 0.415 0.614 1.048 0.984 0.906 0.863
0.000 0.000 0.000 0.000 0.000 0.000 0.523 0.541 0.802 0.883 0.915 0.000 0.000 0.000 0.000 0.000 0.000 0.000 0.000 0.000 0.000 0.000 0.000 0.000 0.000 0.000 0.000 0.000 0.000 0.000 0.000 0.000 0.000 0.000 0.000 0.981 0.973 0.915 0.912 0.929 1.061 1.080 1.242 1.417 0.562 2.705 4.482 7.389 7.977 8.870 9.470 9.810 9.923 9.852 9.288 1.149 1.115 1.100 1.068 1.141 0.429 1.098 1.144 0.000 0.000 0.227 0.368 0.538 0.469 0.445 0.037 1.032 0.950 0.791 0.542 0.412 0.480
0.000 0.000 0.000 0.000 0.000 0.000 0.000 0.489 0.601 0.000 0.000 0.000 0.000 0.000 0.000 0.000 0.000 0.000 0.000 0.000 0.000 0.000 0.000 0.000 0.000 0.000 0.000 0.000 0.000 0.000 0.000 0.000 0.000 0.000 0.000 0.861 0.763 0.880 0.904 1.128 1.031 1.189 1.249 1.240 0.969 5.215 3.583 6.659 7.615 8.303 9.659 10.422 10.048 9.846 9.471 1.093 1.138 1.174 1.066 0.791 0.856 1.143 1.144 0.849 0.000 0.780 0.390 0.564 0.603 0.555 0.471 0.000 1.136 0.798 0.000 0.064 0.311
0.000 0.000 0.000 0.000 0.000 0.000 0.000 0.000 0.000 0.000 0.000 0.000 0.000 0.000 0.000 0.000 0.000 0.000 0.000 0.000 0.000 0.000 0.000 0.000 0.000 0.000 0.000 0.000 0.000 0.000 0.000 0.000 0.000 0.000 0.000 0.791 0.795 0.991 1.074 1.016 1.128 1.062 1.205 1.210 1.064 1.896 4.326 3.745 6.653 8.163 9.473 10.462 10.257 9.919 9.683 1.806 1.169 1.182 0.678 0.091 1.113 1.144 1.144 1.144 0.000 0.000 0.327 0.637 0.620 0.591 0.505 0.238 0.000 0.715 0.715 0.715 0.715
0.000 0.000 0.000 0.000 0.000 0.000 0.000 0.000 0.000 0.000 0.000 0.000 0.000 0.000 0.000 0.000 0.000 0.000 0.000 0.000 0.000 0.000 0.000 0.000 0.000 0.000 0.000 0.000 0.000 0.000 0.000 0.000 0.000 0.000 0.000 0.929 0.883 1.002 1.000 0.926 0.829 0.882 1.195 1.111 1.287 0.773 0.814 2.875 6.620 7.982 10.285 10.943 10.816 9.980 9.415 9.623 0.960 0.893 0.017 1.143 1.111 1.144 1.144 1.144 1.144 0.000 0.000 0.642 0.660 0.631 0.502 0.032 0.709 0.715 0.715 0.715 0.716
0.000 0.000 0.000 0.000 0.000 0.000 0.000 0.000 0.000 0.000 0.000 0.000 0.000 0.000 0.000 0.000 0.000 0.000 0.000 0.000 0.000 0.000 0.000 0.000 0.000 0.000 0.000 0.000 0.000 0.000 0.000 0.335 1.212 0.453 0.781 0.761 0.861 0.868 0.839 0.808 0.845 0.886 0.953 1.012 1.082 1.277 0.952 4.256 6.247 7.398 11.602 11.132 11.043 9.749 8.731 9.645 9.708 1.783 1.142 0.379 1.144 1.144 1.144 1.144 1.144 0.972 0.000 0.882 0.576 0.048 0.574 0.522 0.512 0.715 0.716 0.716 0.716
0.000 0.000 0.000 0.000 0.000 0.000 0.000 0.000 0.000 0.000 0.000 0.000 0.000 0.000 0.000 0.000 0.000 0.000 0.000 0.000 0.000 0.000 0.000 0.000 0.000 0.000 0.000 0.000 0.000 0.000 0.889 0.933 0.871 0.911 0.642 0.854 0.848 0.875 0.850 0.857 0.799 0.856 0.887 1.007 0.909 1.101 0.862 0.673 3.203 7.846 8.564 10.036 10.806 10.613 9.988 9.817 9.671 1.111 1.091 0.772 1.144 1.144 1.144 1.144 1.144 1.145 0.000 0.000 0.284 0.521 0.506 0.497 0.401 0.128 0.468 0.716 0.716
0.000 0.000 0.000 0.000 0.000 0.000 0.000 0.000 0.000 0.000 0.000 0.000 0.000 0.000 0.000 0.000 0.000 0.000 0.000 0.000 0.000 0.000 0.000 0.000 0.000 0.000 0.000 0.000 0.000 0.000 0.805 0.959 0.775 0.929 0.804 0.909 0.734 0.906 0.735 0.850 0.766 0.937 0.906 0.714 0.807 1.007 0.458 0.936 4.704 3.250 8.411 10.335 11.011 11.186 10.213 9.955 9.295 9.205 1.962 1.143 1.144 1.144 1.144 1.144 1.145 1.145 1.100 0.000 0.000 0.464 0.506 0.477 0.561 0.553 0.000 0.509 0.314
0.000 0.000 0.000 0.000 0.000 0.000 0.000 0.000 0.000 0.000 0.000 0.000 0.000 0.000 0.000 0.000 0.000 0.000 0.000 0.000 0.000 0.000 0.000 0.000 0.000 0.000 0.000 0.000 0.000 0.000 0.891 1.020 0.757 0.961 0.952 0.852 0.971 0.879 0.779 0.812 0.878 0.899 0.775 0.745 0.997 0.000 0.000 0.623 1.070 1.936 4.411 7.767 9.597 10.632 10.407 9.941 8.056 9.106 9.775 1.828 1.144 1.144 1.144 1.145 1.145 1.145 1.145 0.929 0.000 0.000 0.537 0.626 0.572 0.527 0.461 0.540 0.580
