includes/rochefort/floodfiles/results/res.mxe
ncols         730
nrows         472
xllcorner     380617.130607
yllcorner     6542069.774949
cellsize      20.000000
NODATA_value  -9999.000000
[rows 128 to 159 of 472, columns 142 to 212 of 730]
4.475 4.475 4.475 4.475 4.475 4.476 4.476 4.476 4.476 4.476 4.476 4.476 4.476 4.476 4.476 4.476 4.477 4.477 4.477 4.477 4.477 4.477 4.477 4.477 4.477 4.478 4.478 4.472 4.466 4.465 4.465 4.465 4.464 4.464 4.464 4.463 4.463 4.462 4.462 4.462 4.461 4.461 4.460 4.459 4.459 4.458 4.458 4.457 4.456 4.455 4.453 4.452 4.451 4.449 4.448 4.446 4.444 4.443 4.442 4.440 4.439 4.438 4.436 4.434 4.433 4.431 4.430 4.429 4.426 4.424 4.422
4.475 4.475 4.475 4.475 4.475 4.475 4.476 4.476 4.476 4.476 4.476 4.476 4.476 4.476 4.476 4.476 4.476 4.476 4.477 4.477 4.477 4.477 4.477 4.477 4.477 4.477 4.477 4.472 4.466 4.465 4.465 4.465 4.464 4.464 4.464 4.463 4.463 4.462 4.462 4.461 4.461 4.460 4.460 4.459 4.459 4.458 4.457 4.457 4.456 4.454 4.453 4.452 4.451 4.449 4.447 4.445 4.444 4.443 4.441 4.440 4.438 4.437 4.435 4.433 4.432 4.430 4.429 4.427 4.426 4.424 4.422
4.475 4.475 4.475 4.475 4.475 4.475 4.475 4.475 4.476 4.476 4.476 4.476 4.476 4.476 4.476 4.476 4.476 4.476 4.476 4.477 4.477 4.477 4.477 4.477 4.477 4.477 4.477 4.473 4.466 4.465 4.465 4.465 4.464 4.464 4.464 4.463 4.463 4.462 4.462 4.461 4.461 4.460 4.460 4.459 4.459 4.458 4.457 4.456 4.455 4.454 4.453 4.451 4.450 4.448 4.447 4.445 4.444 4.442 4.441 4.440 4.438 4.436 4.434 4.433 4.432 4.430 4.429 4.427 4.426 4.424 4.423
4.475 4.475 4.475 4.475 4.475 4.475 4.475 4.475 4.475 4.476 4.476 4.476 4.476 4.476 4.476 4.476 4.476 4.476 4.476 4.476 4.476 4.477 4.477 4.477 4.477 4.477 4.477 4.474 4.467 4.465 4.465 4.465 4.464 4.464 4.464 4.463 4.463 4.462 4.462 4.461 4.461 4.460 4.460 4.459 4.458 4.458 4.457 4.456 4.455 4.454 4.452 4.451 4.450 4.448 4.446 4.445 4.444 4.442 4.441 4.439 4.437 4.435 4.434 4.433 4.431 4.430 4.428 4.427 4.426 4.424 4.423
4.475 4.475 4.475 4.475 4.475 4.475 4.475 4.475 4.475 4.475 4.475 4.476 4.476 4.476 4.476 4.476 4.476 4.476 4.476 4.476 4.476 4.476 4.477 4.477 4.477 4.477 4.477 4.476 4.469 4.465 4.465 4.465 4.464 4.464 4.464 4.463 4.463 4.462 4.462 4.461 4.461 4.460 4.459 4.459 4.458 4.457 4.457 4.456 4.455 4.454 4.452 4.451 4.449 4.448 4.446 4.445 4.444 4.442 4.440 4.438 4.436 4.435 4.434 4.432 4.431 4.429 4.428 4.427 4.426 4.424 4.423
4.475 4.475 4.475 4.475 4.475 4.475 4.475 4.475 4.475 4.475 4.475 4.475 4.475 4.476 4.476 4.476 4.476 4.476 4.476 4.476 4.476 4.476 4.476 4.476 4.477 4.477 4.477 4.476 4.471 4.465 4.465 4.464 4.464 4.464 4.463 4.463 4.463 4.462 4.462 4.461 4.461 4.460 4.459 4.459 4.458 4.457 4.456 4.456 4.454 4.453 4.452 4.450 4.449 4.448 4.446 4.445 4.444 4.442 4.440 4.438 4.436 4.435 4.433 4.432 4.431 4.429 4.428 4.427 4.426 4.424 4.423
4.475 4.475 4.475 4.475 4.475 4.475 4.475 4.475 4.475 4.475 4.475 4.475 4.475 4.475 4.475 4.475 4.476 4.476 4.476 4.476 4.476 4.476 4.476 4.476 4.476 4.476 4.476 4.476 4.471 4.465 4.465 4.464 4.464 4.464 4.463 4.463 4.463 4.462 4.461 4.461 4.460 4.460 4.459 4.459 4.458 4.457 4.456 4.455 4.454 4.453 4.452 4.450 4.449 4.447 4.446 4.445 4.443 4.441 4.439 4.437 4.436 4.434 4.433 4.432 4.431 4.429 4.428 4.427 4.426 4.424 4.423
4.475 4.475 4.475 4.475 4.475 4.475 4.475 4.475 4.475 4.475 4.475 4.475 4.475 4.475 4.475 4.475 4.475 4.475 4.476 4.476 4.476 4.476 4.476 4.476 4.476 4.476 4.476 4.476 4.472 4.465 4.465 4.464 4.464 4.464 4.463 4.463 4.463 4.462 4.461 4.461 4.460 4.460 4.459 4.458 4.458 4.457 4.456 4.455 4.454 4.453 4.451 4.450 4.449 4.447 4.446 4.445 4.443 4.441 4.439 4.437 4.436 4.434 4.433 4.432 4.431 4.429 4.428 4.427 4.426 4.424 4.423
4.474 4.474 4.474 4.475 4.475 4.475 4.475 4.475 4.475 4.475 4.475 4.475 4.475 4.475 4.475 4.475 4.475 4.475 4.475 4.475 4.475 4.476 4.476 4.476 4.476 4.476 4.476 4.476 4.473 4.466 4.465 4.464 4.464 4.464 4.463 4.463 4.462 4.462 4.461 4.461 4.460 4.460 4.459 4.458 4.458 4.457 4.456 4.455 4.454 4.452 4.451 4.450 4.449 4.447 4.446 4.445 4.443 4.441 4.439 4.437 4.435 4.434 4.433 4.432 4.431 4.429 4.428 4.427 4.426 4.424 4.423
4.474 4.474 4.474 4.474 4.474 4.474 4.475 4.475 4.475 4.475 4.475 4.475 4.475 4.475 4.475 4.475 4.475 4.475 4.475 4.475 4.475 4.475 4.475 4.476 4.476 4.476 4.476 4.476 4.475 4.469 4.465 4.464 4.464 4.464 4.463 4.463 4.462 4.462 4.461 4.461 4.460 4.460 4.459 4.458 4.457 4.456 4.455 4.455 4.453 4.452 4.451 4.450 4.448 4.447 4.446 4.444 4.443 4.440 4.438 4.436 4.435 4.434 4.433 4.432 4.431 4.429 4.428 4.427 4.426 4.424 4.423
4.474 4.474 4.474 4.474 4.474 4.474 4.474 4.474 4.474 4.475 4.475 4.475 4.475 4.475 4.475 4.475 4.475 4.475 4.475 4.475 4.475 4.475 4.475 4.475 4.475 4.475 4.476 4.476 4.475 4.470 4.465 4.464 4.464 4.464 4.463 4.463 4.462 4.462 4.461 4.461 4.460 4.460 4.459 4.458 4.457 4.456 4.455 4.454 4.453 4.452 4.451 4.450 4.448 4.447 4.446 4.444 4.442 4.440 4.437 4.436 4.435 4.434 4.433 4.432 4.430 4.429 4.428 4.427 4.426 4.424 4.423
4.474 4.474 4.474 4.474 4.474 4.474 4.474 4.474 4.474 4.474 4.474 4.474 4.474 4.474 4.474 4.475 4.475 4.475 4.475 4.475 4.475 4.475 4.475 4.475 4.475 4.475 4.475 4.475 4.475 4.472 4.466 4.464 4.464 4.464 4.463 4.463 4.462 4.462 4.461 4.461 4.460 4.460 4.459 4.458 4.457 4.456 4.455 4.454 4.453 4.452 4.451 4.449 4.448 4.447 4.445 4.444 4.441 4.439 4.437 4.436 4.435 4.434 4.433 4.432 4.430 4.429 4.428 4.427 4.426 4.424 4.423
4.474 4.474 4.474 4.474 4.474 4.474 4.474 4.474 4.474 4.474 4.474 4.474 4.474 4.474 4.474 4.474 4.474 4.474 4.474 4.475 4.475 4.475 4.475 4.475 4.475 4.475 4.475 4.475 4.475 4.474 4.468 4.464 4.464 4.464 4.463 4.463 4.462 4.462 4.461 4.461 4.460 4.459 4.459 4.458 4.457 4.456 4.455 4.454 4.453 4.452 4.451 4.449 4.448 4.446 4.445 4.443 4.440 4.439 4.437 4.436 4.435 4.434 4.433 4.431 4.430 4.429 4.428 4.427 4.426 4.424 4.423
4.474 4.474 4.474 4.474 4.474 4.474 4.474 4.474 4.474 4.474 4.474 4.474 4.474 4.474 4.474 4.474 4.474 4.474 4.474 4.474 4.474 4.474 4.475 4.475 4.475 4.475 4.475 4.475 4.475 4.474 4.470 4.464 4.464 4.463 4.463 4.463 4.462 4.462 4.461 4.461 4.460 4.459 4.459 4.458 4.457 4.456 4.455 4.454 4.453 4.452 4.450 4.449 4.447 4.446 4.444 4.442 4.440 4.439 4.437 4.436 4.435 4.434 4.433 4.431 4.430 4.429 4.428 4.427 4.426 4.424 4.423
4.474 4.474 4.474 4.474 4.474 4.474 4.474 4.474 4.474 4.474 4.474 4.474 4.474 4.474 4.474 4.474 4.474 4.474 4.474 4.474 4.474 4.474 4.474 4.474 4.474 4.475 4.475 4.475 4.475 4.474 4.471 4.466 4.464 4.463 4.463 4.463 4.462 4.462 4.461 4.461 4.460 4.459 4.459 4.458 4.457 4.456 4.455 4.454 4.453 4.452 4.450 4.448 4.447 4.445 4.443 4.442 4.440 4.439 4.437 4.436 4.435 4.434 4.432 4.431 4.430 4.429 4.428 4.427 4.426 4.424 4.423
4.474 4.474 4.474 4.474 4.474 4.474 4.474 4.474 4.474 4.474 4.474 4.474 4.474 4.474 4.474 4.474 4.474 4.474 4.474 4.474 4.474 4.474 4.474 4.474 4.474 4.474 4.474 4.474 4.474 4.474 4.471 4.467 4.464 4.463 4.463 4.463 4.462 4.462 4.461 4.460 4.460 4.459 4.459 4.458 4.457 4.456 4.455 4.454 4.452 4.451 4.450 4.448 4.446 4.444 4.443 4.441 4.440 4.438 4.437 4.436 4.435 4.434 4.432 4.431 4.430 4.429 4.428 4.427 4.425 4.424 4.423
4.473 4.473 4.473 4.473 4.473 4.473 4.473 4.473 4.473 4.473 4.473 4.473 4.473 4.473 4.473 4.474 4.474 4.474 4.474 4.474 4.474 4.474 4.474 4.474 4.474 4.474 4.474 4.474 4.474 4.474 4.471 4.468 4.465 4.463 4.463 4.462 4.462 4.461 4.461 4.460 4.460 4.459 4.459 4.458 4.457 4.456 4.455 4.454 4.452 4.451 4.449 4.447 4.446 4.444 4.443 4.441 4.440 4.438 4.437 4.436 4.435 4.433 4.432 4.431 4.430 4.429 4.428 4.427 4.425 4.424 4.423
4.473 4.473 4.473 4.473 4.473 4.473 4.473 4.473 4.473 4.473 4.473 4.473 4.473 4.473 4.473 4.473 4.473 4.473 4.473 4.473 4.473 4.474 4.474 4.474 4.474 4.474 4.474 4.474 4.474 4.473 4.472 4.469 4.466 4.464 4.463 4.462 4.462 4.461 4.461 4.460 4.460 4.459 4.458 4.458 4.457 4.456 4.455 4.454 4.452 4.451 4.449 4.447 4.445 4.444 4.442 4.441 4.440 4.438 4.437 4.436 4.435 4.433 4.432 4.431 4.430 4.429 4.428 4.426 4.425 4.424 4.423
4.473 4.473 4.473 4.473 4.473 4.473 4.473 4.473 4.473 4.473 4.473 4.473 4.473 4.473 4.473 4.473 4.473 4.473 4.473 4.473 4.473 4.473 4.473 4.473 4.473 4.473 4.473 4.473 4.473 4.473 4.473 4.470 4.469 4.466 4.463 4.462 4.462 4.461 4.461 4.460 4.460 4.459 4.458 4.458 4.457 4.456 4.455 4.453 4.452 4.451 4.449 4.446 4.445 4.444 4.442 4.441 4.440 4.438 4.437 4.436 4.435 4.433 4.432 4.431 4.430 4.429 4.428 4.426 4.425 4.424 4.423
4.473 4.473 4.473 4.473 4.473 4.473 4.473 4.473 4.473 4.473 4.473 4.473 4.473 4.473 4.473 4.473 4.473 4.473 4.473 4.473 4.473 4.473 4.473 4.473 4.473 4.473 4.473 4.473 4.473 4.473 4.472 4.471 4.470 4.470 4.466 4.462 4.462 4.461 4.461 4.460 4.460 4.459 4.459 4.458 4.457 4.456 4.455 4.453 4.452 4.451 4.448 4.446 4.445 4.444 4.442 4.441 4.440 4.438 4.437 4.436 4.435 4.433 4.432 4.431 4.430 4.429 4.428 4.426 4.425 4.424 4.423
4.473 4.473 4.473 4.473 4.473 4.473 4.473 4.473 4.473 4.473 4.473 4.473 4.473 4.473 4.473 4.473 4.473 4.473 4.473 4.473 4.473 4.473 4.473 4.473 4.473 4.473 4.473 4.473 4.473 4.472 4.472 4.472 4.471 4.470 4.468 4.462 4.462 4.461 4.461 4.460 4.460 4.459 4.459 4.458 4.457 4.456 4.455 4.453 4.452 4.450 4.447 4.446 4.445 4.443 4.442 4.441 4.440 4.438 4.437 4.436 4.434 4.433 4.432 4.431 4.430 4.429 4.428 4.426 4.425 4.424 4.423
4.473 4.473 4.473 4.473 4.473 4.473 4.473 4.473 4.473 4.473 4.473 4.473 4.473 4.473 4.473 4.473 4.473 4.473 4.473 4.473 4.473 4.473 4.473 4.473 4.473 4.473 4.473 4.472 4.472 4.472 4.472 4.472 4.471 4.470 4.470 4.465 4.461 4.461 4.461 4.460 4.460 4.459 4.459 4.458 4.457 4.456 4.455 4.453 4.452 4.450 4.447 4.446 4.445 4.443 4.442 4.441 4.440 4.438 4.437 4.436 4.434 4.433 4.432 4.431 4.430 4.429 4.427 4.426 4.425 4.424 4.423
4.473 4.473 4.473 4.473 4.473 4.473 4.473 4.472 4.472 4.472 4.472 4.472 4.472 4.472 4.472 4.472 4.472 4.472 4.472 4.472 4.472 4.472 4.472 4.472 4.472 4.472 4.472 4.472 4.472 4.472 4.472 4.471 4.471 4.470 4.470 4.469 4.463 4.461 4.461 4.460 4.460 4.459 4.459 4.458 4.457 4.456 4.455 4.453 4.452 4.449 4.447 4.446 4.445 4.443 4.442 4.441 4.440 4.438 4.437 4.436 4.434 4.433 4.432 4.431 4.430 4.429 4.427 4.426 4.425 4.424 4.423
4.473 4.472 4.472 4.472 4.472 4.472 4.472 4.472 4.472 4.472 4.472 4.472 4.472 4.472 4.472 4.472 4.472 4.472 4.472 4.472 4.472 4.472 4.472 4.472 4.472 4.472 4.472 4.472 4.472 4.472 4.471 4.471 4.471 4.470 4.470 4.470 4.466 4.461 4.461 4.460 4.460 4.459 4.459 4.458 4.457 4.456 4.455 4.453 4.451 4.449 4.447 4.446 4.445 4.443 4.442 4.441 4.440 4.438 4.437 4.436 4.434 4.433 4.432 4.431 4.430 4.428 4.427 4.426 4.425 4.424 4.423
4.472 4.472 4.472 4.472 4.472 4.472 4.472 4.472 4.472 4.472 4.472 4.472 4.472 4.472 4.472 4.472 4.472 4.472 4.472 4.472 4.472 4.472 4.472 4.472 4.472 4.472 4.472 4.472 4.472 4.471 4.471 4.471 4.470 4.470 4.470 4.469 4.469 4.465 4.461 4.460 4.460 4.459 4.459 4.458 4.457 4.456 4.455 4.453 4.451 4.448 4.447 4.446 4.444 4.443 4.442 4.441 4.439 4.438 4.437 4.436 4.434 4.433 4.432 4.431 4.430 4.428 4.427 4.426 4.425 4.424 4.423
4.472 4.472 4.472 4.472 4.472 4.472 4.472 4.472 4.472 4.472 4.472 4.472 4.472 4.472 4.472 4.472 4.472 4.472 4.472 4.472 4.472 4.472 4.472 4.472 4.472 4.472 4.472 4.472 4.471 4.471 4.471 4.471 4.470 4.470 4.470 4.469 4.469 4.468 4.462 4.461 4.460 4.460 4.459 4.458 4.457 4.456 4.455 4.453 4.450 4.448 4.447 4.446 4.444 4.443 4.442 4.441 4.439 4.438 4.437 4.436 4.434 4.433 4.432 4.431 4.430 4.428 4.427 4.426 4.425 4.424 4.423
4.472 4.472 4.472 4.472 4.472 4.472 4.472 4.472 4.472 4.472 4.472 4.472 4.472 4.472 4.472 4.472 4.472 4.472 4.472 4.472 4.472 4.472 4.472 4.472 4.472 4.472 4.471 4.471 4.471 4.471 4.471 4.470 4.470 4.470 4.470 4.469 4.469 4.469 4.465 4.461 4.460 4.460 4.459 4.458 4.458 4.457 4.455 4.453 4.450 4.449 4.447 4.446 4.445 4.443 4.442 4.441 4.439 4.438 4.437 4.436 4.434 4.433 4.432 4.431 4.430 4.428 4.427 4.426 4.425 4.424 4.423
4.472 4.472 4.472 4.472 4.472 4.472 4.472 4.472 4.472 4.472 4.472 4.472 4.472 4.472 4.472 4.472 4.471 4.471 4.472 4.471 4.471 4.471 4.471 4.471 4.471 4.471 4.471 4.471 4.471 4.471 4.470 4.470 4.470 4.470 4.469 4.469 4.469 4.469 4.468 4.464 4.461 4.460 4.459 4.459 4.458 4.457 4.455 4.453 4.450 4.449 4.447 4.446 4.445 4.443 4.442 4.441 4.439 4.438 4.437 4.436 4.434 4.433 4.432 4.431 4.430 4.428 4.427 4.426 4.425 4.424 4.423
4.472 4.472 4.472 4.472 4.472 4.472 4.472 4.472 4.471 4.471 4.471 4.471 4.471 4.471 4.471 4.471 4.471 4.471 4.471 4.471 4.471 4.471 4.471 4.471 4.471 4.471 4.471 4.471 4.471 4.471 4.470 4.470 4.470 4.469 4.469 4.469 4.469 4.469 4.468 4.467 4.463 4.461 4.460 4.459 4.458 4.457 4.455 4.452 4.450 4.449 4.447 4.446 4.445 4.443 4.442 4.441 4.440 4.438 4.437 4.436 4.434 4.433 4.432 4.431 4.430 4.428 4.427 4.426 4.425 4.424 4.423
4.472 4.472 4.472 4.472 4.472 4.472 4.471 4.471 4.471 4.471 4.471 4.471 4.471 4.471 4.471 4.471 4.471 4.471 4.471 4.471 4.471 4.471 4.471 4.471 4.471 4.471 4.471 4.471 4.470 4.470 4.470 4.470 4.470 4.469 4.469 4.469 4.469 4.468 4.468 4.468 4.465 4.461 4.460 4.459 4.458 4.457 4.455 4.452 4.450 4.449 4.448 4.446 4.445 4.443 4.442 4.441 4.440 4.438 4.437 4.436 4.434 4.433 4.432 4.431 4.430 4.428 4.427 4.426 4.425 4.424 4.423
4.472 4.472 4.472 4.471 4.471 4.471 4.471 4.471 4.471 4.471 4.471 4.471 4.471 4.471 4.471 4.471 4.471 4.471 4.471 4.471 4.471 4.471 4.471 4.471 4.471 4.471 4.470 4.470 4.470 4.470 4.470 4.470 4.469 4.469 4.469 4.469 4.468 4.468 4.468 4.468 4.468 4.463 4.461 4.460 4.459 4.457 4.455 4.452 4.451 4.449 4.448 4.446 4.445 4.444 4.442 4.441 4.440 4.438 4.437 4.436 4.435 4.433 4.432 4.431 4.430 4.428 4.427 4.426 4.425 4.424 4.423
4.472 4.472 4.471 4.471 4.471 4.471 4.471 4.471 4.471 4.471 4.471 4.471 4.471 4.471 4.471 4.471 4.471 4.471 4.471 4.471 4.471 4.471 4.470 4.470 4.470 4.470 4.470 4.470 4.470 4.470 4.470 4.469 4.469 4.469 4.469 4.469 4.468 4.468 4.468 4.468 4.468 4.465 4.461 4.460 4.459 4.457 4.455 4.453 4.451 4.449 4.448 4.446 4.445 4.444 4.442 4.441 4.440 4.438 4.437 4.436 4.435 4.433 4.432 4.431 4.430 4.428 4.427 4.426 4.425 4.424 4.423
