includes/rochefort/floodfiles/results/res.inittm
ncols         730
nrows         472
xllcorner     380617.130607
yllcorner     6542069.774949
cellsize      20.000000
NODATA_value  -9999.000000
[rows 240 to 269 of 472, columns 408 to 475 of 730]
51.323 51.334 51.489 -9999.000 -9999.000 -9999.000 -9999.000 -9999.000 -9999.000 -9999.000 -9999.000 -9999.000 -9999.000 -9999.000 -9999.000 -9999.000 51.585 51.435 50.702 50.650 50.631 50.618 50.484 50.491 50.424 50.411 50.391 50.270 50.265 50.262 50.207 50.197 50.160 50.160 50.144 50.039 50.050 50.078 50.081 50.054 50.043 50.015 50.003 49.983 49.942 49.927 49.906 49.885 49.877 49.855 49.841 49.827 49.819 49.807 49.798 49.786 49.816 49.805 49.760 49.728 49.756 49.791 49.758 49.726 49.702 49.580 49.568 49.534
51.282 51.275 51.411 -9999.000 -9999.000 -9999.000 -9999.000 -9999.000 -9999.000 -9999.000 -9999.000 -9999.000 -9999.000 -9999.000 -9999.000 -9999.000 -9999.000 -9999.000 51.493 51.245 50.868 50.745 50.767 50.481 50.455 50.432 50.253 50.234 50.196 50.178 50.238 50.166 50.079 50.106 50.099 50.021 50.037 50.076 50.073 50.059 50.026 50.029 49.990 49.964 49.940 49.925 49.903 49.884 49.878 49.866 49.839 49.827 49.816 49.797 49.779 49.771 49.749 49.739 49.720 49.711 49.697 49.700 49.650 49.639 49.632 49.578 49.687 49.554
51.268 51.262 51.449 51.622 -9999.000 -9999.000 -9999.000 -9999.000 -9999.000 -9999.000 -9999.000 -9999.000 -9999.000 -9999.000 -9999.000 -9999.000 -9999.000 -9999.000 -9999.000 51.173 51.076 50.891 50.656 50.636 50.489 50.477 50.160 50.158 50.194 50.048 50.187 50.191 50.057 50.143 49.986 49.972 50.029 50.047 50.117 50.027 50.019 50.000 49.992 49.999 49.926 49.918 49.899 49.873 49.867 49.871 49.850 49.861 49.821 49.797 49.782 49.765 49.752 49.723 49.709 49.701 49.682 49.658 49.617 49.588 49.578 49.571 49.547 49.541
51.211 51.239 51.302 51.460 51.377 -9999.000 51.598 51.635 -9999.000 -9999.000 -9999.000 -9999.000 -9999.000 -9999.000 -9999.000 -9999.000 -9999.000 -9999.000 -9999.000 -9999.000 51.353 51.429 51.142 50.750 50.494 50.231 50.143 50.094 50.075 50.033 50.076 50.087 49.973 50.212 49.972 49.958 49.972 50.043 50.030 50.007 49.997 49.988 49.970 49.982 49.920 49.904 49.895 49.866 49.860 49.862 49.870 49.985 49.800 49.789 49.778 49.764 49.740 49.721 49.706 49.695 49.666 49.636 49.623 49.608 49.618 49.607 49.533 49.519
51.142 50.932 50.949 51.156 51.362 51.402 51.349 51.664 -9999.000 -9999.000 -9999.000 -9999.000 -9999.000 -9999.000 -9999.000 -9999.000 -9999.000 -9999.000 -9999.000 -9999.000 -9999.000 51.679 51.212 50.663 50.350 50.189 50.155 50.204 50.036 50.018 50.007 49.984 49.958 49.993 50.039 49.947 50.081 50.082 50.021 50.020 50.021 49.977 49.961 49.963 49.913 49.901 49.884 49.857 49.851 49.854 49.852 49.848 49.814 49.783 49.765 49.752 49.731 49.716 49.706 49.691 49.660 49.639 49.605 49.595 49.889 49.530 49.520 49.506
50.927 50.895 50.905 50.901 50.959 51.184 51.210 51.358 51.384 51.347 51.377 -9999.000 51.526 -9999.000 -9999.000 -9999.000 -9999.000 -9999.000 -9999.000 -9999.000 -9999.000 -9999.000 51.379 50.450 50.263 50.251 50.557 50.413 50.024 49.994 49.985 49.964 49.936 49.930 49.936 49.930 50.133 50.022 49.998 50.013 50.002 49.934 49.934 49.927 49.913 49.890 49.868 49.854 49.835 49.835 49.840 49.834 49.797 49.817 49.817 49.785 49.768 49.764 49.723 49.694 49.667 49.610 49.595 49.585 49.553 49.517 49.504 49.492
50.898 50.871 50.845 50.871 50.914 51.070 51.181 51.094 51.157 51.111 51.084 51.238 51.436 51.412 51.356 51.313 51.458 -9999.000 -9999.000 51.499 51.159 50.926 50.709 50.404 50.284 50.427 50.500 50.047 50.003 49.990 49.964 49.938 49.932 49.914 49.904 49.906 49.913 49.885 49.851 50.113 50.016 49.919 49.920 49.920 49.858 49.872 49.872 49.857 49.828 49.820 49.812 49.797 49.730 49.727 49.730 49.713 49.746 49.736 49.723 49.711 49.652 49.642 49.663 49.651 49.524 49.511 49.498 49.484
50.909 50.864 50.836 50.889 50.881 50.878 50.813 50.873 50.976 50.880 50.914 50.868 51.291 51.052 50.994 50.917 51.177 51.206 51.105 51.011 50.844 50.827 50.503 50.365 50.352 50.452 50.159 49.996 49.984 49.965 49.943 49.932 49.922 49.907 49.886 49.870 49.863 49.852 49.845 49.830 49.823 49.899 49.871 49.906 49.848 49.864 49.878 49.856 49.816 49.807 49.798 49.794 49.683 49.704 49.714 49.692 49.675 49.744 49.749 49.662 49.642 49.633 49.704 49.545 49.526 49.509 49.496 49.467
50.846 50.837 50.830 50.796 50.789 50.755 50.745 50.834 50.836 50.805 50.720 50.681 50.666 50.658 50.633 50.619 50.605 50.583 50.581 50.535 50.492 50.478 50.469 50.423 50.410 50.190 50.026 49.995 49.972 49.960 49.945 49.924 49.914 49.905 49.880 49.872 49.862 49.852 49.844 49.835 49.817 49.797 49.789 49.773 49.754 49.942 49.879 49.860 49.796 49.797 49.781 49.768 49.666 49.685 49.693 49.675 49.661 49.799 50.513 49.943 49.667 49.623 49.573 49.575 49.526 49.529 49.532 49.502
50.839 50.820 50.831 50.820 50.768 50.744 50.716 50.708 50.692 50.683 50.688 50.665 50.645 50.630 50.606 50.596 50.579 50.558 50.540 50.533 50.506 50.457 50.472 50.462 50.253 50.122 50.055 50.009 49.997 49.967 49.960 49.988 49.930 49.910 49.891 49.868 49.855 49.843 49.831 49.826 49.815 49.800 49.781 49.761 49.744 49.734 49.773 49.751 49.777 49.795 49.766 49.754 49.653 49.705 49.707 49.667 49.647 50.192 49.826 49.617 49.633 49.603 49.541 49.523 49.510 49.512 49.779 49.493
50.799 50.789 50.864 50.769 50.750 50.727 50.719 50.695 50.683 50.675 50.657 50.654 50.624 50.618 50.633 50.651 50.631 50.608 50.568 50.532 50.512 50.436 50.483 50.467 50.128 50.121 50.057 50.019 50.004 50.004 49.986 49.977 49.963 49.919 49.911 49.892 49.946 49.889 49.817 49.804 49.793 49.779 49.764 49.776 49.749 49.712 49.696 49.734 49.729 49.747 49.750 49.660 49.638 49.596 49.627 49.652 49.593 50.767 49.611 49.601 49.745 49.768 49.565 49.507 49.496 49.486 49.484 49.450
50.791 50.780 50.772 50.748 50.727 50.715 50.705 50.685 50.676 50.657 50.649 50.623 50.616 50.600 50.635 50.595 50.584 50.603 50.578 50.574 50.439 50.415 50.516 50.180 50.117 50.070 50.049 50.042 50.021 49.995 49.960 49.950 49.943 49.927 50.069 49.950 49.920 49.865 49.846 49.819 49.783 49.749 49.738 49.730 49.718 49.693 49.685 49.651 49.617 49.862 49.868 49.651 26.115 26.037 26.012 26.030 49.576 50.831 49.502 49.482 49.704 49.619 49.650 49.627 49.615 49.453 49.438 49.411
50.801 50.805 50.769 50.774 50.746 50.722 50.696 50.688 50.678 50.669 50.637 50.648 50.634 50.594 50.597 50.582 50.553 50.566 50.571 50.482 50.413 50.401 50.311 50.296 50.089 50.079 50.087 50.054 50.098 50.016 49.982 49.958 49.950 49.991 50.034 49.996 49.905 49.864 49.847 49.820 49.780 49.768 49.753 49.735 49.694 49.685 49.629 49.617 49.604 49.592 49.573 26.346 26.299 26.024 25.924 26.005 49.479 51.485 49.502 49.462 49.479 49.599 49.663 49.606 49.537 49.500 25.958 49.410
50.796 50.780 50.761 50.756 50.726 50.721 50.715 50.710 50.691 50.656 50.622 50.719 50.587 50.575 50.562 50.556 50.544 50.654 50.595 50.434 50.339 50.324 50.314 50.240 50.229 50.094 50.078 50.064 50.100 50.055 49.998 49.982 50.073 50.087 49.984 49.953 49.912 49.897 49.872 49.881 49.826 49.772 49.719 49.705 49.687 49.673 49.620 49.605 49.585 49.492 38.486 38.434 26.145 26.003 25.721 25.648 49.452 -9999.000 49.473 25.906 49.719 49.395 49.591 49.659 25.422 25.438 25.878 49.409
50.799 50.783 50.742 50.731 50.723 50.698 50.692 50.693 50.647 50.620 50.612 50.585 50.563 50.552 50.546 50.545 50.515 50.476 50.468 50.403 50.378 50.359 50.319 50.310 50.439 50.131 50.100 50.092 50.083 50.072 50.007 50.051 50.116 50.122 49.979 49.965 50.401 49.929 49.864 49.856 49.776 49.739 49.722 49.707 49.678 49.663 49.632 49.639 49.565 49.528 49.460 26.051 26.027 25.762 25.643 25.620 25.752 51.276 13.026 12.887 12.900 25.558 25.626 25.425 25.407 25.392 49.444 25.526
50.800 50.773 50.764 50.725 50.713 50.695 50.680 50.637 50.627 50.622 50.593 50.587 50.562 50.557 50.529 50.554 50.515 50.471 50.439 50.412 50.395 50.344 50.331 50.438 50.424 50.409 50.127 50.103 50.090 50.080 50.157 50.058 50.111 50.082 50.249 49.963 50.165 49.866 49.846 49.830 49.782 49.747 49.729 49.716 49.684 49.640 49.617 49.603 49.544 49.528 38.705 49.433 25.759 25.723 25.619 25.599 25.576 50.929 25.293 12.879 49.752 25.394 25.412 25.399 25.363 25.375 25.451 11.557
50.788 50.777 50.752 50.729 50.706 50.696 50.687 50.664 50.634 50.627 50.625 50.594 50.626 50.539 50.522 50.516 50.480 50.473 50.461 50.422 50.408 50.457 50.346 50.364 50.442 50.356 50.354 50.128 50.117 50.166 50.118 50.147 50.124 50.067 49.978 49.950 49.915 49.862 49.851 49.815 49.805 49.780 49.775 49.727 49.671 49.657 49.717 49.592 49.575 49.471 26.041 25.769 25.741 25.717 25.604 25.585 25.544 25.310 13.102 12.756 13.485 25.351 25.398 25.381 25.346 25.328 25.313 0.000
50.788 50.776 50.756 50.732 50.723 50.697 50.689 50.662 50.648 50.633 50.627 50.607 50.626 50.554 50.517 50.503 50.492 50.470 50.460 50.444 50.406 50.394 50.362 50.378 50.399 50.347 50.370 50.355 50.229 50.122 50.107 50.205 50.085 50.067 50.000 50.126 49.919 49.900 49.880 49.850 49.814 49.883 49.766 49.739 49.701 49.678 49.653 49.640 49.516 38.598 26.294 25.865 25.786 25.675 25.643 25.612 50.679 49.405 24.812 12.742 12.732 25.493 25.394 25.360 25.351 25.320 0.000 0.000
50.795 50.786 50.760 50.729 50.720 50.698 50.688 50.687 50.718 50.760 50.626 50.619 50.609 50.578 50.565 50.538 50.521 50.466 50.453 50.439 50.424 50.410 50.409 50.365 50.337 50.338 50.327 50.253 50.314 50.114 50.077 50.061 50.045 50.021 50.000 49.934 49.918 49.906 49.856 49.841 50.078 49.803 49.781 49.747 49.713 49.757 49.671 49.669 49.537 49.532 26.174 25.884 25.992 26.070 49.497 50.348 25.895 25.866 25.965 12.840 12.665 25.860 25.359 25.335 25.325 0.000 0.000 0.000
50.797 50.771 50.752 50.738 50.700 50.687 50.678 50.663 50.657 50.625 50.617 50.617 50.578 50.571 50.549 50.540 50.531 50.484 50.476 50.447 50.436 50.393 50.383 50.359 50.320 50.448 50.422 50.241 50.272 50.147 50.093 50.123 50.022 49.992 49.983 49.944 49.922 49.902 49.851 49.817 49.779 49.797 49.753 49.736 49.700 49.689 49.779 49.688 49.568 49.534 26.212 26.134 26.076 26.029 25.968 25.902 25.853 25.802 49.480 13.105 12.655 25.671 25.357 25.314 2.480 0.000 0.000 0.000
50.834 50.818 50.745 50.738 50.728 50.718 50.682 50.671 50.681 50.677 50.604 50.593 50.584 50.565 50.547 50.537 50.529 50.495 50.483 50.472 50.444 50.432 50.480 50.479 50.305 50.321 50.240 50.231 50.183 50.162 50.440 50.140 50.023 50.010 49.976 49.958 49.928 49.870 49.875 49.986 49.752 49.788 49.738 49.713 49.696 49.653 49.598 49.598 49.531 38.440 26.257 26.189 49.497 49.477 49.567 26.050 25.792 25.759 24.965 12.523 12.503 49.434 25.480 25.288 0.000 0.000 0.000 0.000
50.807 50.786 50.776 50.739 50.717 50.705 50.691 50.713 50.806 50.633 50.616 50.612 50.591 50.588 50.560 50.564 50.563 50.512 50.499 50.486 50.478 50.375 50.361 50.315 50.291 50.305 50.292 50.203 50.211 50.095 50.216 50.068 50.028 50.016 49.944 49.928 49.872 49.851 49.834 49.752 49.730 49.756 49.728 49.710 49.735 49.611 49.514 49.483 26.866 27.519 26.526 26.500 49.572 51.311 49.477 49.433 49.426 49.411 24.822 13.056 12.482 12.493 25.433 0.000 0.000 0.000 0.000 0.000
50.790 50.781 50.771 50.754 50.775 50.709 50.703 50.667 50.652 50.644 50.624 50.617 50.570 50.556 50.550 50.560 50.569 50.615 50.521 50.506 50.406 50.390 50.373 50.289 50.279 50.207 50.237 50.125 50.089 50.084 50.044 50.109 50.049 50.025 50.030 50.034 49.901 49.882 49.861 49.731 49.712 49.697 49.691 49.696 49.629 49.587 49.543 38.473 26.749 26.599 26.562 49.578 49.561 49.491 49.481 49.471 49.496 49.481 49.464 12.645 11.533 3.639 0.000 0.000 0.000 0.000 0.000 0.000
50.780 50.764 50.744 50.738 50.718 50.708 50.683 50.656 50.649 50.634 50.611 50.582 50.565 50.547 50.522 50.507 50.480 50.469 50.515 50.438 50.468 50.378 50.352 50.339 50.397 50.186 50.154 50.115 50.077 50.045 50.032 50.020 49.979 50.010 49.952 49.963 50.001 49.975 49.750 49.712 49.703 49.681 49.682 49.662 49.651 38.864 38.601 27.037 26.944 26.806 49.538 49.533 49.506 49.501 49.490 49.482 49.460 49.491 49.514 12.023 0.000 0.000 0.000 0.000 0.000 0.000 0.000 0.000
50.762 50.755 50.732 50.747 50.710 50.705 50.734 50.661 50.635 50.616 50.589 50.578 50.567 50.523 50.517 50.509 50.603 50.428 50.425 50.387 50.545 50.500 50.341 50.320 50.305 50.238 50.284 50.083 50.061 50.043 50.028 49.977 49.965 49.950 49.917 49.996 50.083 49.797 49.746 49.717 49.670 49.658 49.649 49.621 49.608 39.019 38.634 27.536 27.540 49.561 49.553 49.546 49.496 49.486 49.481 49.458 49.442 49.426 49.507 49.460 2.579 0.000 0.000 0.000 0.000 0.000 0.000 0.000
50.757 50.737 50.714 50.708 50.699 50.693 50.670 50.651 50.634 50.593 50.579 50.571 50.522 50.510 50.607 50.444 50.443 50.414 50.436 50.362 50.349 50.348 50.321 50.298 50.189 50.289 50.292 50.102 50.233 50.028 50.012 49.988 49.958 49.917 49.887 49.858 49.836 49.877 49.774 49.776 49.706 49.680 49.669 49.649 49.606 49.555 28.188 27.711 38.637 49.585 50.539 49.497 49.488 49.475 49.473 49.450 49.439 49.409 49.435 12.912 0.000 0.000 0.000 0.000 0.000 0.000 0.000 0.000
50.728 50.714 50.707 50.702 50.688 50.680 50.660 50.652 50.627 50.587 50.577 50.530 50.509 50.497 50.488 50.433 50.459 50.402 50.360 50.347 50.337 50.310 50.306 50.566 50.179 50.147 50.156 50.132 50.326 50.044 50.223 50.005 49.960 49.895 49.880 49.847 49.808 49.845 49.761 49.726 49.712 49.675 49.664 49.638 49.600 39.603 39.129 38.515 49.574 51.108 49.498 49.487 49.478 49.466 26.238 49.442 49.412 25.944 12.844 11.396 0.000 0.000 0.000 0.000 0.000 0.000 0.000 0.000
50.739 50.726 50.695 50.675 50.666 50.659 50.643 50.630 50.603 50.640 50.559 50.583 50.539 50.537 50.430 50.420 50.389 50.378 50.379 50.361 50.314 50.302 50.293 50.226 50.211 50.136 50.135 50.096 50.067 50.043 50.335 49.991 50.378 49.906 49.837 49.823 49.793 49.776 49.742 49.691 49.682 49.661 49.651 49.633 49.598 49.587 39.780 49.632 51.119 49.505 49.489 49.477 49.461 49.448 26.034 26.150 49.414 11.784 0.000 0.000 0.000 0.000 0.000 0.000 0.000 0.000 0.000 0.000
50.744 50.720 50.711 50.709 50.691 50.680 50.635 50.624 50.593 50.580 50.547 50.552 50.522 50.496 50.473 50.406 50.386 50.348 50.335 50.383 50.281 50.292 50.502 50.246 50.140 50.106 50.052 50.039 50.022 50.018 49.990 49.980 50.067 49.917 50.152 49.835 49.927 49.864 49.732 49.722 49.695 49.697 49.713 49.707 49.648 49.605 49.636 50.623 49.528 49.514 49.505 49.473 49.447 49.428 25.927 49.413 12.544 0.000 0.000 0.000 0.000 0.000 0.000 0.000 0.000 0.000 0.000 0.000
50.753 50.749 50.798 50.927 50.661 50.676 50.667 50.662 50.588 50.546 50.538 50.520 50.512 50.543 50.455 50.429 50.402 50.364 50.297 50.286 50.250 50.347 50.207 50.326 50.150 50.330 50.129 50.025 50.011 49.979 49.962 49.950 49.917 49.967 49.954 49.850 49.968 49.854 49.759 49.737 49.708 49.725 49.627 49.616 49.603 49.595 49.664 49.535 49.523 49.501 49.488 49.477 49.463 49.429 25.812 0.000 0.000 0.000 0.000 0.000 0.000 0.000 0.000 0.000 0.000 0.000 0.000 0.000
