includes/rochefort/floodfiles/results/res.max
ncols         730
nrows         472
xllcorner     380607.512070
yllcorner     6542070.270600
cellsize      20.000000
NODATA_value  -9999.000000
[rows 170 to 203 of 472, columns 154 to 230 of 730]
6.950 7.222 7.393 7.415 7.496 7.623 7.805 7.864 7.771 7.747 7.841 7.916 7.839 7.609 7.296 5.506 6.288 5.788 5.222 4.654 4.031 3.590 3.120 2.427 1.769 1.466 0.000 0.000 0.000 0.000 0.000 0.000 0.000 0.000 0.000 0.000 0.000 0.000 0.000 0.000 0.000 0.000 0.000 0.000 0.000 0.000 0.000 0.000 0.000 0.000 0.000 0.000 0.000 0.000 0.000 0.000 0.000 0.000 0.000 0.000 0.000 0.000 0.000 0.000 0.000 0.000 0.000 0.000 0.000 0.000 0.000 0.000 0.000 0.000 0.000 0.000 0.000
6.689 6.893 7.103 7.127 7.242 7.498 7.716 7.769 7.603 7.594 7.769 7.937 7.929 7.791 7.546 7.306 6.984 6.506 5.712 5.065 4.498 3.920 3.423 2.732 2.068 1.409 1.044 0.000 0.000 0.000 0.000 0.000 0.000 0.000 0.000 0.000 0.000 0.000 0.000 0.000 0.000 0.000 0.000 0.000 0.000 0.000 0.000 0.000 0.000 0.000 0.000 0.000 0.000 0.000 0.000 0.000 0.000 0.000 0.000 0.000 0.000 0.000 0.000 0.000 0.000 0.000 0.000 0.000 0.000 0.000 0.000 0.000 0.000 0.000 0.000 0.000 0.000
6.471 6.614 6.645 6.700 6.920 7.329 7.525 7.430 7.352 7.506 7.775 7.964 7.995 7.920 7.838 7.730 7.409 6.977 4.890 5.464 4.847 4.232 3.737 3.178 2.551 1.767 1.033 0.821 0.647 0.000 0.000 0.000 0.000 0.000 0.000 0.000 0.000 0.000 0.000 0.000 0.000 0.000 0.000 0.000 0.000 0.000 0.000 0.000 0.000 0.000 0.000 0.000 0.000 0.000 0.000 0.000 0.000 0.000 0.000 0.000 0.000 0.000 0.000 0.000 0.000 0.000 0.000 0.000 0.000 0.000 0.000 0.000 0.000 0.000 0.000 0.000 0.000
6.025 6.169 6.186 6.353 6.570 6.903 6.991 6.952 7.157 7.481 7.817 7.974 7.973 7.966 7.954 7.917 7.778 7.340 6.720 5.863 5.219 4.693 4.196 3.659 2.823 2.192 1.550 0.957 0.583 0.000 0.000 0.000 0.000 0.000 0.000 0.000 0.000 0.000 0.000 0.000 0.000 0.000 0.000 0.000 0.000 0.000 0.000 0.000 0.000 0.000 0.000 0.000 0.000 0.000 0.000 0.000 0.000 0.000 0.000 0.000 0.000 0.000 0.000 0.000 0.000 0.000 0.000 0.000 0.000 0.000 0.000 0.000 0.000 0.000 0.000 0.000 0.000
5.519 5.818 5.841 5.856 5.988 6.158 6.443 6.522 6.844 7.446 7.762 7.893 7.902 7.942 7.998 8.017 7.912 7.582 7.071 6.435 5.818 5.269 4.482 3.930 3.373 2.800 2.179 1.377 0.737 0.466 0.426 0.000 0.000 0.000 0.000 0.000 0.000 0.000 0.000 0.000 0.000 0.000 0.000 0.000 0.000 0.000 0.000 0.000 0.000 0.000 0.000 0.000 0.000 0.000 0.000 0.000 0.000 0.000 0.000 0.000 0.000 0.000 0.000 0.000 0.000 0.000 0.000 0.000 0.000 0.000 0.000 0.000 0.000 0.000 0.000 0.000 0.000
5.128 5.352 5.367 5.327 5.492 5.586 5.690 5.907 6.491 7.182 7.525 7.662 7.761 7.879 7.995 8.027 7.968 7.790 7.465 7.011 6.214 5.651 5.058 4.464 3.926 3.269 2.693 1.919 1.302 0.787 0.409 0.000 0.000 0.000 0.000 0.000 0.000 0.000 0.000 0.000 0.000 0.000 0.000 0.000 0.000 0.000 0.000 0.000 0.000 0.000 0.000 0.000 0.000 0.000 0.000 0.000 0.000 0.000 0.000 0.000 0.000 0.000 0.000 0.000 0.000 0.000 0.000 0.000 0.000 0.000 0.000 0.000 0.000 0.000 0.000 0.000 0.000
4.664 4.853 5.011 4.966 4.946 4.983 5.113 5.533 6.033 6.583 6.990 7.284 7.664 7.859 7.983 8.029 8.006 7.922 7.696 7.298 6.843 6.295 5.676 4.895 4.352 3.787 3.265 2.653 2.008 1.226 0.726 0.361 0.346 0.000 0.000 0.000 0.000 0.000 0.000 0.000 0.000 0.000 0.000 0.000 0.000 0.000 0.000 0.000 0.000 0.000 0.000 0.000 0.000 0.000 0.000 0.000 0.000 0.000 0.000 0.000 0.000 0.000 0.000 0.000 0.000 0.000 0.000 0.000 0.000 0.000 0.000 0.000 0.000 0.000 0.000 0.000 0.000
4.277 4.475 4.539 4.523 4.516 4.657 4.758 4.990 5.393 5.878 6.500 7.009 7.438 7.778 7.966 8.024 8.018 7.967 7.867 7.650 7.301 6.724 6.165 5.448 4.903 4.425 3.771 3.202 2.573 1.932 1.211 0.726 0.350 0.363 0.000 0.000 0.000 0.000 0.000 0.000 0.000 0.000 0.000 0.000 0.000 0.000 0.000 0.000 0.000 0.000 0.000 0.000 0.000 0.000 0.000 0.000 0.000 0.000 0.000 0.000 0.000 0.000 0.000 0.000 0.000 0.000 0.000 0.000 0.000 0.000 0.000 0.000 0.000 0.000 0.000 0.000 0.000
3.775 3.979 4.073 4.204 4.224 4.280 4.383 4.574 4.996 5.513 5.993 6.546 7.137 7.668 7.906 7.970 7.965 7.975 7.954 7.793 7.529 7.211 6.754 6.260 5.489 4.967 4.470 3.925 3.175 2.518 1.707 1.137 0.692 0.440 0.446 0.000 0.000 0.000 0.000 0.000 0.000 0.000 0.000 0.000 0.000 0.000 0.000 0.000 0.000 0.000 0.000 0.000 0.000 0.000 0.000 0.000 0.000 0.000 0.000 0.000 0.000 0.000 0.000 0.000 0.000 0.000 0.000 0.000 0.000 0.000 0.000 0.000 0.000 0.000 0.000 0.000 0.000
3.298 3.645 3.740 3.787 3.846 3.940 4.148 4.385 4.674 5.039 5.494 6.195 6.833 7.351 7.666 7.752 7.816 7.928 7.960 7.883 7.700 7.562 7.251 6.884 6.369 5.807 5.147 4.362 3.707 3.036 2.395 1.794 1.250 0.635 0.581 0.000 0.000 0.000 0.000 0.000 0.000 0.000 0.000 0.000 0.000 0.000 0.000 0.000 0.000 0.000 0.000 0.000 0.000 0.000 0.000 0.000 0.000 0.000 0.000 0.000 0.000 0.000 0.000 0.000 0.000 0.000 0.000 0.000 0.000 0.000 0.000 0.000 0.000 0.000 0.000 0.000 0.000
2.986 3.161 3.279 3.372 3.572 3.703 3.906 4.115 4.362 4.747 5.150 5.683 6.400 6.878 7.318 7.495 7.664 7.841 7.962 7.936 7.827 7.777 7.723 7.540 7.168 6.349 5.765 5.121 4.421 3.732 3.098 2.210 1.646 1.138 0.763 0.617 0.000 0.000 0.000 0.000 0.000 0.000 0.000 0.000 0.000 0.000 0.000 0.000 0.000 0.000 0.000 0.000 0.000 0.000 0.000 0.000 0.000 0.000 0.000 0.000 0.000 0.000 0.000 0.000 0.000 0.000 0.000 0.000 0.000 0.000 0.000 0.000 0.000 0.000 0.000 0.000 0.000
2.512 2.676 2.932 3.067 3.259 3.447 3.651 3.929 4.162 4.423 4.834 5.299 5.949 6.412 6.783 7.124 7.460 7.802 7.968 7.989 7.947 7.930 7.939 7.792 7.515 7.076 6.506 5.837 4.955 4.140 3.522 2.940 2.360 1.784 1.126 0.815 0.000 0.000 0.000 0.000 0.000 0.000 0.000 0.000 0.000 0.000 0.000 0.000 0.000 0.000 0.000 0.000 0.000 0.000 0.000 0.000 0.000 0.000 0.000 0.000 0.000 0.000 0.000 0.000 0.000 0.000 0.000 0.000 0.000 0.000 0.000 0.000 0.000 0.000 0.000 0.000 0.000
2.187 1.386 2.520 2.701 2.919 3.233 3.465 3.698 3.938 4.245 4.611 5.015 5.463 5.892 6.317 6.875 7.383 7.732 7.944 8.012 7.997 7.977 7.988 7.951 7.796 7.486 6.913 6.292 5.501 4.867 4.266 3.686 2.922 2.342 1.701 1.298 1.049 0.953 0.998 0.000 0.000 0.000 0.000 0.000 0.000 0.000 0.000 0.000 0.000 0.000 0.000 0.000 0.000 0.000 0.000 0.000 0.000 0.000 0.000 0.000 0.000 0.000 0.000 0.000 0.000 0.000 0.000 0.000 0.000 0.000 0.000 0.000 0.000 0.000 0.000 0.000 0.000
2.044 2.092 2.139 2.407 2.648 2.922 3.203 3.537 3.857 4.139 4.455 4.815 5.197 5.719 6.165 6.676 7.188 7.603 7.853 7.973 7.971 7.965 7.965 7.940 7.847 7.621 7.164 6.664 6.115 5.550 4.811 4.243 3.574 3.025 2.499 1.834 1.473 1.204 1.015 0.000 0.769 0.000 0.000 0.000 0.000 0.000 0.000 0.000 0.000 0.000 0.000 0.000 0.000 0.000 0.000 0.000 0.000 0.000 0.000 0.000 0.000 0.000 0.000 0.000 0.000 0.000 0.000 0.000 0.000 0.000 0.000 0.000 0.000 0.000 0.000 0.000 0.000
2.044 1.935 1.925 2.063 2.287 2.641 3.048 3.379 3.724 4.078 4.438 4.859 5.216 5.594 6.038 6.551 7.051 7.480 7.729 7.790 7.816 7.841 7.889 7.881 7.833 7.698 7.444 6.985 6.520 6.005 5.464 4.812 4.280 3.588 3.080 2.612 2.201 1.753 1.236 0.897 0.694 0.000 0.000 0.000 0.000 0.000 0.000 0.000 0.000 0.000 0.000 0.000 0.000 0.000 0.000 0.000 0.000 0.000 0.000 0.000 0.000 0.000 0.000 0.000 0.000 0.000 0.000 0.000 0.000 0.000 0.000 0.000 0.000 0.000 0.000 0.000 0.000
1.905 1.905 1.860 1.849 2.098 2.381 2.732 3.136 3.574 4.045 4.536 4.912 5.269 5.651 6.071 6.552 7.032 7.245 7.323 7.376 7.569 7.650 7.724 7.803 7.871 7.813 7.651 7.384 7.022 6.477 5.960 5.271 4.736 4.213 3.723 3.226 2.700 2.329 1.895 1.419 0.986 0.585 0.578 0.000 0.000 0.000 0.000 0.000 0.000 0.000 0.000 0.000 0.000 0.000 0.000 0.000 0.000 0.000 0.000 0.000 0.000 0.000 0.000 0.000 0.000 0.000 0.000 0.000 0.000 0.000 0.000 0.000 0.000 0.000 0.000 0.000 0.000
0.575 1.860 1.820 1.790 1.849 2.061 2.388 2.907 3.497 4.003 4.479 4.904 5.304 5.696 6.184 6.530 6.725 6.787 6.944 7.044 7.201 7.400 7.575 7.772 7.919 7.970 7.916 7.732 7.336 6.934 6.438 5.877 5.292 4.725 4.022 3.655 3.380 3.099 2.713 2.012 1.437 1.066 0.819 0.702 0.714 0.831 0.000 0.000 0.000 0.000 0.000 0.000 0.000 0.000 0.000 0.000 0.000 0.000 0.000 0.000 0.000 0.000 0.000 0.000 0.000 0.000 0.000 0.000 0.000 0.000 0.000 0.000 0.000 0.000 0.000 0.000 0.000
0.575 0.577 0.577 0.577 1.776 1.858 2.199 2.625 3.134 3.679 4.302 4.771 5.185 5.624 5.916 6.242 6.367 6.488 6.710 7.034 7.231 7.362 7.583 7.826 8.019 8.143 8.104 8.039 7.878 7.584 7.133 6.538 5.587 4.975 4.478 4.138 3.932 3.602 3.223 2.781 2.295 1.833 1.269 1.009 0.854 0.940 1.007 0.000 0.000 0.000 0.000 0.000 0.000 0.000 0.000 0.000 0.000 0.000 0.000 0.000 0.000 0.000 0.000 0.000 0.000 0.000 0.000 0.000 0.000 0.000 0.000 0.000 0.000 0.000 0.000 0.000 0.000
0.575 0.577 0.577 0.577 1.761 1.745 1.869 2.200 2.778 3.322 3.879 4.478 4.869 5.296 5.518 5.722 6.016 6.566 7.100 7.356 7.546 7.665 7.833 8.032 8.178 8.302 8.388 8.421 8.368 8.047 7.552 6.927 6.196 5.505 4.971 4.501 4.292 4.153 3.927 3.574 2.924 2.448 2.031 1.656 1.430 1.264 1.045 1.015 0.751 0.000 0.000 0.000 0.000 0.000 0.000 0.000 0.000 0.000 0.000 0.000 0.000 0.000 0.000 0.000 0.000 0.000 0.000 0.000 0.000 0.000 0.000 0.000 0.000 0.000 0.000 0.000 0.000
0.575 0.577 0.577 0.577 1.745 1.727 1.718 1.908 2.276 2.873 3.421 4.065 4.433 4.703 4.991 5.425 6.198 6.848 7.497 7.915 8.070 8.111 8.132 8.279 8.425 8.557 8.665 8.662 8.644 8.501 8.171 7.615 6.897 5.995 5.439 5.049 4.891 4.781 4.438 4.143 3.733 3.199 2.821 2.298 2.027 1.761 1.492 1.109 0.762 0.562 0.695 0.758 0.000 0.000 0.000 0.000 0.000 0.000 0.000 0.000 0.000 0.000 0.000 0.000 0.000 0.000 0.000 0.000 0.000 0.000 0.000 0.000 0.000 0.000 0.000 0.000 0.000
0.306 0.306 0.577 0.577 1.727 1.716 1.716 1.742 1.926 2.450 2.954 3.426 3.804 4.165 4.849 5.536 6.346 7.132 7.759 8.139 8.286 8.307 8.376 8.509 8.662 8.745 8.841 8.899 8.897 8.820 8.517 8.068 7.452 6.688 6.192 5.879 5.472 5.353 5.202 4.884 4.496 3.853 3.473 3.150 2.838 2.501 2.036 1.437 1.012 0.787 0.806 0.935 1.052 1.367 1.491 0.000 0.000 0.000 0.000 0.000 0.000 0.000 0.000 0.000 0.000 0.000 0.000 0.000 0.000 0.000 0.000 0.000 0.000 0.000 0.000 0.000 0.000
0.306 0.306 0.306 0.357 0.357 0.357 1.742 1.750 1.764 1.988 2.366 2.780 3.429 3.911 4.574 5.385 6.203 6.909 7.582 7.982 8.131 8.225 8.361 8.563 8.743 8.905 8.975 8.997 8.985 8.941 8.801 8.449 8.031 7.584 6.945 6.650 6.442 6.252 5.984 5.495 5.117 4.691 4.273 3.888 3.298 2.932 2.509 2.017 1.559 1.299 1.136 1.224 1.335 1.472 1.611 0.000 0.000 1.589 0.000 0.000 0.000 0.000 0.000 0.000 0.000 0.000 0.000 0.000 0.000 0.000 0.000 0.000 0.000 0.000 0.000 0.000 0.000
0.306 0.306 0.306 0.357 0.357 0.357 0.357 1.750 1.774 0.758 2.000 2.395 2.800 3.312 3.973 4.949 5.718 6.479 6.954 7.308 7.577 7.942 8.158 8.437 8.645 8.798 8.933 8.963 8.981 8.987 8.918 8.768 8.445 8.158 7.892 7.670 7.403 6.895 6.574 6.207 5.801 5.365 4.687 4.267 3.879 3.505 3.104 2.665 2.076 1.780 1.709 1.720 1.764 1.727 1.787 1.774 1.711 1.650 1.574 1.593 1.593 1.576 1.522 1.322 0.000 0.000 0.000 0.000 0.000 0.000 0.000 0.000 0.000 0.000 0.000 0.000 0.000
0.306 0.306 0.306 0.357 0.357 0.357 0.357 1.774 0.758 1.775 1.760 1.834 2.118 2.730 3.307 4.130 4.820 5.435 5.961 6.648 7.020 7.347 7.692 7.948 8.324 8.504 8.632 8.730 8.850 8.964 8.974 8.911 8.803 8.679 8.537 8.248 8.047 7.736 7.313 6.827 6.209 5.655 5.198 4.764 4.381 3.906 3.551 3.107 2.773 2.529 2.386 2.162 2.152 2.154 2.133 2.077 1.910 1.840 1.791 1.763 1.739 1.690 1.531 1.357 1.150 0.994 0.878 0.926 1.076 1.169 1.185 0.000 0.000 0.000 0.000 0.000 0.000
0.306 0.306 0.306 0.357 0.357 0.357 0.357 0.318 1.746 1.746 1.667 1.542 1.670 1.955 2.481 3.050 3.957 4.590 5.177 5.711 6.264 6.633 7.136 7.388 7.625 7.854 8.108 8.445 8.638 8.821 8.942 8.981 8.970 8.890 8.841 8.778 8.648 8.382 7.816 7.165 6.624 6.133 5.670 5.113 4.748 4.370 4.061 3.755 3.472 3.073 2.907 2.811 2.742 2.684 2.481 2.407 2.322 2.234 2.143 1.993 1.953 1.896 1.798 1.652 1.451 0.000 1.123 1.130 1.185 1.242 1.185 1.159 1.111 1.050 1.004 0.993 0.967
0.306 0.206 0.206 0.206 0.206 0.318 0.318 0.318 0.318 1.667 1.486 1.433 1.387 1.436 1.884 2.348 2.915 3.535 4.276 4.843 5.576 5.956 6.248 6.508 6.777 7.317 7.591 7.872 8.170 8.463 8.787 8.926 8.979 9.003 9.003 8.978 8.860 8.568 8.163 7.676 7.199 6.583 6.121 5.663 5.194 4.863 4.550 4.143 3.887 3.686 3.526 3.444 3.221 3.135 3.031 2.936 2.838 2.600 2.504 2.427 2.371 2.321 2.251 1.981 1.858 1.778 1.761 1.785 1.636 1.689 1.728 1.751 1.743 1.504 1.452 1.402 1.375
0.206 0.206 0.206 0.206 0.206 0.318 0.318 0.318 0.318 0.319 0.319 0.319 1.280 1.200 1.338 1.637 2.062 2.930 3.516 4.074 4.573 4.980 5.308 5.894 6.204 6.525 6.847 7.173 7.687 8.087 8.383 8.633 8.834 8.961 9.006 8.972 8.826 8.600 8.329 7.976 7.665 7.320 6.764 6.237 5.610 5.228 4.892 4.594 4.312 4.157 3.934 3.862 3.794 3.697 3.569 3.322 3.262 3.195 3.111 3.032 2.973 2.754 2.688 2.592 2.515 2.513 2.364 2.425 2.463 2.508 2.558 2.382 2.392 2.359 2.292 2.232 2.181
0.206 0.206 0.206 0.206 0.206 0.318 0.318 0.318 0.318 0.319 0.319 0.319 0.319 1.176 1.210 1.314 1.617 2.037 2.526 3.036 3.533 4.308 4.679 5.039 5.403 5.762 6.290 6.618 7.007 7.346 7.721 8.274 8.631 8.879 8.964 8.896 8.747 8.569 8.429 8.354 8.213 7.925 7.305 6.756 6.250 5.831 5.470 5.075 4.671 4.505 4.406 4.336 4.269 4.031 3.897 3.808 3.785 3.771 3.584 3.517 3.475 3.443 3.390 3.307 3.063 3.108 3.253 3.338 3.372 3.173 3.208 3.240 3.247 3.218 3.172 2.901 2.839
0.206 0.206 0.206 0.206 0.206 0.197 0.318 0.318 0.318 0.319 0.319 0.319 0.319 0.270 0.270 1.073 1.084 1.322 1.677 2.318 2.882 3.337 3.773 4.198 4.812 5.201 5.630 5.951 6.254 6.769 7.184 7.713 8.379 8.765 8.919 8.893 8.770 8.660 8.655 8.706 8.544 8.273 7.860 7.410 7.013 6.373 6.013 5.623 5.264 5.028 4.921 4.704 4.625 4.493 4.343 4.265 4.150 4.159 4.137 4.113 4.105 4.113 3.926 3.868 3.846 3.965 4.146 4.034 4.063 4.051 4.027 4.015 3.821 3.794 3.753 3.699 3.637
0.146 0.206 0.206 0.197 0.197 0.197 0.197 0.197 0.078 0.319 0.319 0.319 0.270 0.270 0.270 1.035 0.888 0.958 1.261 1.604 1.997 2.428 3.102 3.560 4.095 4.520 4.910 5.426 5.734 6.071 6.524 7.282 8.080 8.582 8.837 8.903 8.868 8.825 8.829 8.867 8.775 8.549 8.270 7.811 7.580 7.367 7.050 6.566 6.047 5.522 5.417 5.395 5.292 5.074 4.711 4.630 4.675 4.699 4.689 4.538 4.574 4.638 4.669 4.631 4.647 4.601 4.821 4.966 5.005 4.947 4.638 4.569 4.513 4.461 4.415 4.382 4.173
0.146 0.146 0.197 0.197 0.197 0.197 0.197 0.078 0.078 0.078 0.078 0.319 0.270 0.270 0.270 0.888 0.820 0.814 0.831 1.034 1.461 1.837 2.356 2.815 3.278 3.935 4.365 4.759 5.123 5.579 6.212 6.882 7.613 8.226 8.626 8.860 8.912 8.916 8.946 8.954 8.878 8.699 8.501 8.376 8.318 8.267 7.824 7.319 6.614 6.293 6.278 6.327 5.951 5.629 5.250 5.190 5.304 5.197 5.203 5.238 5.363 5.557 5.609 5.289 5.287 5.488 5.775 5.988 5.760 5.689 5.536 5.364 5.216 4.923 4.893 4.939 5.027
0.146 0.146 0.147 0.197 0.197 0.197 0.197 0.078 0.078 0.078 0.078 0.089 0.089 0.270 0.270 0.191 0.191 0.782 0.710 0.774 0.971 1.303 1.652 2.231 2.677 3.139 3.616 4.191 4.786 5.214 5.727 6.387 7.133 7.823 8.504 8.789 8.931 8.986 9.006 8.988 8.921 8.846 8.782 8.750 8.693 8.718 8.511 8.022 7.444 7.125 6.964 7.082 6.947 6.376 5.908 5.660 5.864 6.049 6.117 6.218 6.157 6.379 6.445 6.316 6.221 6.482 6.593 6.805 6.862 6.784 6.592 6.081 5.831 5.708 5.725 5.914 6.187
0.146 0.147 0.147 0.147 0.197 0.197 0.078 0.078 0.078 0.078 0.089 0.089 0.089 0.089 0.191 0.191 0.191 0.191 0.702 0.703 0.731 0.980 1.242 1.564 1.932 2.433 3.123 3.652 4.173 4.672 5.212 6.011 6.918 7.641 8.236 8.662 8.917 9.024 9.043 9.024 8.992 8.958 8.905 8.901 8.949 9.000 8.878 8.526 7.939 7.653 7.731 7.949 7.784 7.009 6.421 6.299 6.648 7.084 6.950 7.047 7.242 7.460 7.508 7.313 6.903 7.128 7.544 7.820 7.893 7.596 7.394 7.181 6.972 6.834 6.560 6.808 7.218
0.147 0.147 0.147 0.147 0.147 0.000 0.000 0.078 0.078 0.078 0.089 0.089 0.089 0.089 0.060 0.191 0.191 0.191 0.172 0.172 0.671 0.707 0.851 1.048 1.501 1.855 2.297 2.817 3.366 4.126 4.830 5.535 6.317 7.087 7.777 8.457 8.858 9.003 9.035 9.019 9.009 8.987 8.969 8.985 9.037 9.057 8.961 8.706 8.373 8.157 8.292 8.394 8.277 7.700 7.020 6.823 7.240 7.737 7.969 8.051 8.158 8.288 8.096 7.835 7.625 7.795 8.223 8.382 8.446 8.398 8.333 8.254 7.882 7.766 7.776 8.016 8.276
