includes/rochefort/floodfiles/results/res.maxtm
ncols         730
nrows         472
xllcorner     380617.130607
yllcorner     6542069.774949
cellsize      20.000000
NODATA_value  -9999.000000
[rows 240 to 269 of 472, columns 340 to 407 of 730]
51.670 51.671 51.671 51.671 51.671 51.671 51.672 51.675 51.676 51.676 51.677 51.677 51.678 51.679 51.678 51.678 51.679 51.680 51.682 51.683 51.682 51.682 51.683 51.690 51.692 51.692 51.694 51.694 51.694 51.694 51.695 51.697 51.695 51.697 51.697 51.700 51.702 51.702 51.705 -9999.000 -9999.000 -9999.000 -9999.000 -9999.000 -9999.000 -9999.000 -9999.000 -9999.000 -9999.000 51.751 51.754 51.756 51.760 51.761 51.766 51.766 51.770 51.771 51.772 51.774 51.774 51.774 51.776 51.777 51.780 51.783 51.783 51.783
51.671 51.672 51.671 51.671 51.673 51.673 51.674 51.675 51.675 51.675 51.677 51.678 51.678 51.678 51.678 51.681 51.679 51.681 51.682 51.683 51.681 51.682 51.688 51.689 51.692 51.692 51.694 51.695 51.695 51.694 51.697 51.697 51.699 51.699 51.698 51.703 51.705 51.704 51.707 51.706 51.705 -9999.000 -9999.000 -9999.000 -9999.000 -9999.000 -9999.000 -9999.000 51.743 51.749 51.751 51.756 51.759 51.763 51.764 51.768 51.768 51.771 51.773 51.773 51.773 51.776 51.774 51.777 51.781 51.782 51.783 51.783
51.670 51.671 51.671 51.673 51.673 51.672 51.677 51.676 51.676 51.678 51.678 51.678 51.678 51.679 51.681 51.680 51.682 51.681 51.682 51.683 51.684 51.683 51.690 51.690 51.691 51.691 51.694 51.695 51.695 51.697 51.696 51.700 51.699 51.700 51.702 51.703 51.705 51.706 51.708 51.709 51.711 51.713 51.715 51.715 51.719 51.721 51.725 51.729 51.737 51.745 51.748 51.753 51.760 51.762 51.765 51.767 51.769 51.772 51.773 51.772 51.774 51.775 51.776 51.779 51.778 51.780 51.781 51.782
51.673 51.671 51.672 51.672 51.675 51.674 51.676 51.676 51.677 51.678 51.678 51.678 51.679 51.680 51.680 51.681 51.681 51.681 51.681 51.684 51.684 51.687 51.690 51.691 51.691 51.693 51.693 51.698 51.698 51.698 51.699 51.701 51.702 51.703 51.703 51.703 51.703 51.707 51.706 51.708 51.710 51.711 51.714 51.716 51.718 51.721 51.724 51.728 51.736 51.741 51.745 51.752 51.758 51.763 51.765 51.767 51.770 51.772 51.772 51.772 51.774 51.774 51.777 51.777 51.779 51.781 51.781 51.780
51.674 51.675 51.673 51.672 51.675 51.674 51.675 51.676 51.678 51.677 51.677 51.678 51.679 51.681 51.682 51.682 51.682 51.680 51.683 51.683 51.685 51.687 51.689 51.692 51.693 51.693 51.697 51.700 51.700 51.700 51.702 51.702 51.703 51.703 51.703 51.703 51.704 51.705 51.707 51.707 51.710 51.712 51.713 51.715 51.718 51.721 51.722 51.727 51.734 51.739 51.743 51.748 51.757 51.761 51.766 51.768 51.769 51.770 51.772 51.772 51.772 51.775 51.777 51.779 51.778 51.780 51.781 51.781
51.674 51.675 51.677 51.676 51.674 51.677 51.678 51.678 51.678 51.677 51.679 51.680 51.680 51.681 51.682 51.681 51.683 51.684 51.687 51.687 51.688 51.689 51.693 51.693 51.695 51.696 51.699 51.700 51.700 51.701 51.701 51.701 51.702 51.701 51.702 51.705 51.706 51.706 51.708 51.709 51.709 51.711 51.712 51.713 51.719 51.720 51.723 51.725 51.732 51.735 51.741 51.744 51.752 51.763 51.766 51.768 51.770 51.772 51.771 51.773 51.773 51.774 51.777 51.777 51.779 51.781 51.780 51.779
51.675 51.676 51.677 51.675 51.678 51.677 51.677 51.678 51.678 51.680 51.680 51.680 51.679 51.680 51.684 51.685 51.684 51.685 51.686 51.687 51.689 51.688 51.693 51.696 51.696 51.696 51.699 51.699 51.702 51.701 51.701 51.701 51.702 51.701 51.702 51.704 51.706 51.707 51.707 51.708 51.709 51.710 51.712 51.714 51.717 51.718 51.724 51.725 51.731 51.735 51.738 51.744 51.748 51.763 51.768 51.769 51.770 51.772 51.771 51.773 51.772 51.775 51.778 51.777 51.779 51.780 51.781 51.780
51.675 51.676 51.677 51.678 51.677 51.677 51.678 51.677 51.679 51.679 51.679 51.681 51.682 51.682 51.683 51.686 51.686 51.689 51.689 51.690 51.689 51.690 51.695 51.696 51.698 51.698 51.698 51.701 51.701 51.700 51.702 51.703 51.702 51.703 51.703 51.704 51.705 51.707 51.706 51.711 51.710 51.710 51.713 51.716 51.716 51.716 51.720 51.728 51.730 51.734 51.739 51.741 -9999.000 51.767 51.769 51.768 51.771 51.772 51.771 51.771 51.774 51.776 51.777 51.779 51.781 51.779 51.780 51.779
51.675 51.677 51.677 51.677 51.677 51.678 51.678 51.677 51.678 51.679 51.679 51.680 51.682 51.685 51.685 51.687 51.688 51.689 51.688 51.689 51.689 51.693 51.693 51.695 51.698 51.698 51.699 51.700 51.700 51.700 51.702 51.703 51.702 51.703 51.702 51.704 51.706 51.708 51.709 51.708 51.709 51.711 51.711 51.715 51.716 51.716 51.718 51.721 51.731 51.735 51.739 51.746 -9999.000 51.767 51.768 51.770 51.770 51.771 51.771 51.772 51.773 51.776 51.777 51.779 51.781 51.780 51.781 51.781
51.678 51.678 51.677 51.677 51.679 51.678 51.677 51.679 51.677 51.677 51.682 51.682 51.683 51.686 51.687 51.686 51.689 51.690 51.691 51.691 51.694 51.693 51.693 51.696 51.697 51.697 51.700 51.700 51.702 51.702 51.702 51.702 51.704 51.704 51.705 51.707 51.706 51.707 51.707 51.709 51.711 51.709 51.712 51.714 51.715 51.716 51.715 51.721 51.720 51.739 51.741 51.742 51.770 51.768 51.770 51.771 51.769 51.772 51.771 51.772 51.774 51.775 51.775 51.777 51.781 51.779 51.782 51.782
51.678 51.677 51.677 51.678 51.679 51.678 51.677 51.679 51.677 51.679 51.686 51.685 51.688 51.687 51.687 51.689 51.688 51.691 51.691 51.691 51.694 51.696 51.696 51.696 51.699 51.701 51.701 51.699 51.703 51.702 51.701 51.703 51.705 51.704 51.706 51.708 51.705 51.709 51.711 51.710 51.712 51.709 51.711 51.710 51.713 51.714 51.714 51.718 51.727 51.742 51.748 -9999.000 51.768 51.767 51.767 51.770 51.771 51.769 51.772 51.772 51.773 51.774 51.778 51.776 51.780 51.780 51.781 51.781
51.679 51.679 51.679 51.679 51.679 51.678 51.678 51.679 51.678 51.687 51.686 51.686 51.688 51.687 51.691 51.690 51.693 51.692 51.691 51.694 51.693 51.696 51.698 51.698 51.698 51.701 51.701 51.702 51.702 51.704 51.705 51.707 51.706 51.708 51.707 51.707 51.708 51.710 51.710 51.709 51.711 51.711 51.712 51.708 51.716 51.720 51.723 -9999.000 51.776 51.749 51.745 51.760 51.765 51.767 51.767 51.769 51.770 51.771 51.770 51.773 51.776 51.776 51.777 51.779 51.778 51.781 51.781 51.781
51.678 51.679 51.679 51.678 51.678 51.677 51.679 51.679 51.683 51.687 51.686 51.688 51.688 51.688 51.691 51.690 51.694 51.695 51.694 51.693 51.697 51.696 51.696 51.697 51.698 51.700 51.700 51.702 51.702 51.704 51.705 51.708 51.706 51.708 51.706 51.709 51.708 51.709 51.710 51.712 51.710 51.713 51.712 51.730 -9999.000 51.729 51.730 51.743 51.741 51.753 51.755 51.757 51.759 51.764 51.766 51.768 51.767 51.768 51.769 51.773 51.775 51.775 51.778 51.779 51.779 51.780 51.779 51.781
51.680 51.679 51.680 51.679 51.679 51.678 51.679 51.679 51.687 51.689 51.690 51.689 51.689 51.690 51.691 51.694 51.693 51.696 51.695 51.694 51.697 51.696 51.696 51.698 51.700 51.700 51.699 51.703 51.702 51.704 51.707 51.708 51.706 51.707 51.707 51.708 51.710 51.711 51.712 51.711 51.710 51.715 51.716 51.738 51.737 51.740 51.743 51.741 51.741 51.749 51.751 51.754 51.757 51.763 51.764 51.766 51.767 51.769 51.771 51.772 51.772 51.775 51.777 51.776 51.778 51.781 51.779 51.780
51.679 51.679 51.681 51.679 51.679 51.684 51.683 51.688 51.688 51.689 51.691 51.692 51.692 51.692 51.692 51.694 51.693 51.696 51.695 51.695 51.696 51.696 51.697 51.698 51.698 51.699 51.703 51.703 51.704 51.705 51.707 51.707 51.707 51.708 51.709 51.709 51.710 51.712 51.714 51.714 51.715 51.722 51.730 51.733 51.738 51.739 51.743 51.744 51.743 51.750 51.748 51.754 51.757 51.761 51.763 51.765 51.766 51.769 51.768 51.771 51.773 51.774 51.777 51.779 51.778 51.781 51.780 51.782
51.679 51.681 51.681 51.681 51.680 51.684 51.688 51.687 51.688 51.691 51.693 51.693 51.694 51.695 51.695 51.694 51.695 51.695 51.695 51.698 51.698 51.698 51.699 51.699 51.700 51.702 51.704 51.703 51.705 51.705 51.706 51.707 51.706 51.707 51.711 51.710 51.712 51.712 51.713 51.716 51.723 51.725 51.733 51.734 51.737 51.739 51.741 51.741 51.745 51.748 51.750 51.751 51.753 51.757 51.761 51.763 51.765 51.768 51.768 51.771 51.773 51.775 51.777 51.778 51.779 51.779 51.781 51.782
51.682 51.681 51.683 51.683 51.683 51.687 51.686 51.690 51.692 51.691 51.693 51.694 51.694 51.695 51.694 51.694 51.696 51.697 51.697 51.698 51.696 51.696 51.698 51.700 51.700 51.702 51.704 51.704 51.704 51.704 51.705 51.707 51.709 51.709 51.712 51.714 51.714 51.715 51.718 51.720 51.726 51.729 51.733 51.735 51.735 51.738 51.741 51.744 51.746 51.746 51.749 51.749 51.752 51.756 51.758 51.761 51.763 51.765 51.768 51.770 51.771 51.773 51.776 51.777 51.779 51.778 51.780 51.781
51.681 51.681 51.684 51.684 51.686 51.687 51.689 51.689 51.692 51.692 51.693 51.692 51.694 51.695 51.697 51.695 51.696 51.695 51.696 51.698 51.699 51.698 51.697 51.700 51.701 51.702 51.703 51.705 51.704 51.706 51.708 51.709 51.711 51.714 51.713 51.718 51.718 51.721 51.721 51.724 51.729 51.730 51.731 51.733 51.734 51.741 51.741 51.743 51.746 51.747 51.747 51.752 51.754 51.755 51.757 51.758 51.761 51.766 51.766 51.769 51.770 51.775 51.775 51.778 51.778 51.778 51.781 51.783
51.681 51.684 51.683 51.686 51.686 51.688 51.687 51.690 51.691 51.694 51.694 51.695 51.695 51.697 51.697 51.695 51.697 51.696 51.696 51.699 51.699 51.699 51.699 51.700 51.700 51.704 51.704 51.705 51.704 51.708 51.709 51.711 51.712 51.714 51.716 51.719 51.720 51.720 51.722 51.725 51.730 51.730 51.732 51.734 51.736 51.739 51.740 51.744 51.744 51.749 51.749 51.750 51.752 51.752 51.757 51.759 51.761 51.763 51.766 51.768 51.770 51.773 51.775 51.777 51.777 51.779 51.779 51.781
51.684 51.683 51.683 51.686 51.687 51.687 51.687 51.688 51.692 51.693 51.693 51.694 51.694 51.695 51.696 51.698 51.696 51.696 51.698 51.697 51.698 51.702 51.701 51.701 51.702 51.703 51.702 51.705 51.709 51.708 51.709 51.710 51.718 51.720 51.720 51.719 51.720 51.723 51.724 51.728 51.729 51.731 51.733 51.736 51.737 51.738 51.742 51.742 51.747 51.747 51.747 51.750 51.752 51.754 51.756 51.758 51.759 51.763 51.764 51.766 51.770 51.772 51.774 51.777 51.776 51.779 51.779 51.780
51.685 51.684 51.686 51.685 51.686 51.688 51.688 51.689 51.690 51.691 51.694 51.695 51.693 51.696 51.696 51.698 51.697 51.698 51.698 51.699 51.701 51.700 51.700 51.705 51.703 51.702 51.705 51.704 51.708 51.711 51.713 51.718 51.718 51.718 51.722 51.722 51.724 51.727 51.727 51.729 51.731 51.734 51.734 51.735 51.736 51.739 51.740 51.740 51.745 51.744 51.749 51.749 51.751 51.752 51.753 51.756 51.759 51.761 51.763 51.765 51.772 51.774 51.773 51.775 51.775 51.778 51.778 51.778
51.684 51.686 51.686 51.685 51.688 51.688 51.689 51.689 51.690 51.692 51.693 51.695 51.694 51.695 51.698 51.697 51.697 51.699 51.700 51.700 51.701 51.703 51.703 51.703 51.703 51.705 51.705 51.706 51.711 51.716 51.716 51.719 51.721 51.720 51.721 51.721 51.724 51.727 51.726 51.730 51.732 51.733 51.735 51.735 51.737 51.738 51.742 51.742 51.743 51.747 51.747 51.747 51.752 51.750 51.752 51.754 51.756 51.760 51.762 51.767 51.771 51.773 51.772 51.775 51.776 51.777 51.776 51.780
51.685 51.685 51.687 51.687 51.687 51.688 51.689 51.690 51.691 51.692 51.694 51.695 51.694 51.694 51.698 51.697 51.699 51.699 51.699 51.699 51.700 51.701 51.701 51.705 51.704 51.704 51.706 51.714 51.716 51.718 51.718 51.718 51.720 51.722 51.724 51.724 51.724 51.726 51.728 51.729 51.732 51.731 51.735 51.735 51.738 51.740 51.742 51.743 51.744 51.745 51.745 51.748 51.750 51.750 51.752 51.751 51.754 51.761 51.764 51.766 51.769 51.772 51.771 51.773 51.773 51.774 51.774 51.777
51.684 51.686 51.687 51.687 51.687 51.689 51.689 51.691 51.690 51.693 51.695 51.694 51.697 51.696 51.697 51.699 51.699 51.701 51.701 51.701 51.701 51.703 51.702 51.704 51.703 51.708 51.707 51.714 51.718 51.717 51.720 51.720 51.721 51.721 51.725 51.727 51.726 51.726 51.727 51.731 51.730 51.732 51.736 51.737 51.739 51.740 51.740 51.744 51.745 51.746 51.748 51.748 51.750 51.752 51.753 51.752 51.753 51.760 51.764 51.764 51.766 51.769 51.771 51.773 51.771 51.773 51.774 51.779
51.685 51.686 51.686 51.687 51.689 51.688 51.689 51.690 51.692 51.694 51.694 51.694 51.695 51.697 51.697 51.699 51.699 51.701 51.701 51.701 51.701 51.702 51.702 51.704 51.708 51.713 51.715 51.717 51.717 51.719 51.720 51.720 51.719 51.723 51.723 51.726 51.725 51.728 51.728 51.730 51.729 51.734 51.735 51.739 51.738 51.742 51.743 51.743 51.743 51.744 51.745 51.746 51.750 51.751 51.750 51.754 51.755 51.757 51.761 51.764 51.767 51.766 51.771 51.773 51.775 51.773 51.775 51.777
51.684 51.686 51.687 51.688 51.688 51.688 51.689 51.691 51.691 51.693 51.692 51.697 51.696 51.697 51.698 51.699 51.700 51.700 51.702 51.703 51.704 51.703 51.705 51.709 51.712 51.712 51.715 51.717 51.718 51.718 51.718 51.721 51.721 51.721 51.726 51.725 51.726 51.727 51.730 51.731 51.731 51.733 51.738 51.738 51.738 51.741 51.741 51.741 51.743 51.746 51.747 51.748 51.749 51.753 51.752 51.752 51.757 51.758 51.761 51.762 51.765 51.767 51.772 51.773 51.772 51.773 51.774 51.776
51.685 51.685 51.688 51.686 51.690 51.689 51.690 51.690 51.691 51.692 51.694 51.697 51.697 51.698 51.698 51.699 51.699 51.699 51.701 51.705 51.703 51.706 51.709 51.712 51.712 51.715 51.714 51.717 51.717 51.720 51.720 51.720 51.721 51.723 51.724 51.726 51.726 51.727 51.729 51.730 51.735 51.736 51.737 51.739 51.740 51.739 51.741 51.741 51.743 51.745 51.745 51.746 51.750 51.751 51.750 51.754 51.755 51.760 51.761 51.761 51.764 51.765 51.766 51.772 51.772 51.773 51.774 51.775
51.686 51.686 51.688 51.688 51.689 51.688 51.688 51.693 51.691 51.695 51.695 51.695 51.696 51.697 51.699 51.699 51.699 51.701 51.702 51.704 51.707 51.706 51.708 51.711 51.712 51.714 51.717 51.716 51.717 51.719 51.720 51.721 51.723 51.724 51.726 51.727 51.727 51.728 51.728 51.734 51.734 51.733 51.737 51.737 51.738 51.739 51.742 51.742 51.743 51.743 51.743 51.748 51.748 51.752 51.753 51.754 51.756 51.758 51.758 51.762 51.762 51.767 51.768 51.769 51.771 51.771 51.772 51.778
51.685 51.688 51.688 51.688 51.688 51.690 51.691 51.692 51.691 51.693 51.694 51.697 51.696 51.699 51.698 51.701 51.701 51.700 51.703 51.704 51.707 51.710 51.710 51.712 51.712 51.713 51.716 51.715 51.719 51.719 51.719 51.722 51.723 51.723 51.725 51.725 51.729 51.730 51.732 51.731 51.733 51.735 51.739 51.738 51.742 51.740 51.742 51.742 51.744 51.746 51.747 51.746 51.751 51.750 51.754 51.756 51.757 51.758 51.760 51.761 51.761 51.767 51.768 51.770 51.768 51.774 51.776 51.775
51.684 51.687 51.687 51.690 51.688 51.689 51.690 51.692 51.695 51.694 51.696 51.697 51.696 51.698 51.698 51.701 51.700 51.702 51.706 51.705 51.709 51.709 51.711 51.711 51.713 51.714 51.715 51.718 51.717 51.718 51.721 51.720 51.721 51.726 51.725 51.727 51.727 51.731 51.730 51.733 51.736 51.736 51.739 51.739 51.741 51.740 51.743 51.743 51.745 51.746 51.745 51.750 51.752 51.751 51.753 51.754 51.755 51.756 51.760 51.759 51.762 51.767 51.767 51.771 51.772 51.774 51.777 51.776
