includes/rochefort/floodfiles/results/res.mxe
ncols         730
nrows         472
xllcorner     380617.130607
yllcorner     6542069.774949
cellsize      20.000000
NODATA_value  -9999.000000
[rows 224 to 255 of 472, columns 639 to 709 of 730]
-9999.000 -9999.000 -9999.000 -9999.000 -9999.000 -9999.000 -9999.000 -9999.000 -9999.000 3.704 3.704 3.704 3.704 3.704 3.704 3.704 3.705 3.706 3.708 3.730 3.758 3.816 3.861 3.877 3.888 3.895 3.896 3.901 3.915 3.918 3.917 3.911 3.906 3.893 3.886 3.903 3.950 3.950 -9999.000 -9999.000 -9999.000 -9999.000 -9999.000 -9999.000 -9999.000 -9999.000 -9999.000 -9999.000 -9999.000 -9999.000 -9999.000 -9999.000 -9999.000 -9999.000 -9999.000 -9999.000 -9999.000 -9999.000 -9999.000 -9999.000 -9999.000 -9999.000 -9999.000 -9999.000 -9999.000 -9999.000 -9999.000 -9999.000 -9999.000 -9999.000 -9999.000
-9999.000 -9999.000 -9999.000 -9999.000 -9999.000 -9999.000 -9999.000 -9999.000 -9999.000 -9999.000 -9999.000 -9999.000 3.703 -9999.000 3.704 3.704 3.705 3.706 3.721 3.732 3.741 3.864 3.881 3.891 3.897 3.899 3.902 3.909 3.917 3.923 3.926 3.928 3.928 3.927 3.929 -9999.000 3.952 3.952 3.954 -9999.000 -9999.000 -9999.000 -9999.000 -9999.000 -9999.000 -9999.000 -9999.000 -9999.000 -9999.000 -9999.000 -9999.000 -9999.000 -9999.000 -9999.000 -9999.000 -9999.000 -9999.000 -9999.000 -9999.000 -9999.000 -9999.000 -9999.000 -9999.000 -9999.000 -9999.000 -9999.000 -9999.000 -9999.000 -9999.000 -9999.000 -9999.000
-9999.000 -9999.000 -9999.000 -9999.000 -9999.000 -9999.000 -9999.000 -9999.000 -9999.000 -9999.000 3.669 3.681 3.703 -9999.000 3.704 3.704 3.705 3.732 3.763 3.783 3.827 3.882 3.890 3.896 3.899 3.900 3.906 3.914 3.919 3.923 3.929 3.934 3.939 3.945 3.948 -9999.000 3.953 3.957 3.968 -9999.000 -9999.000 -9999.000 -9999.000 -9999.000 -9999.000 -9999.000 -9999.000 -9999.000 -9999.000 -9999.000 -9999.000 -9999.000 -9999.000 -9999.000 -9999.000 -9999.000 -9999.000 -9999.000 -9999.000 -9999.000 -9999.000 -9999.000 -9999.000 -9999.000 -9999.000 -9999.000 -9999.000 -9999.000 -9999.000 -9999.000 -9999.000
-9999.000 -9999.000 -9999.000 -9999.000 -9999.000 -9999.000 -9999.000 -9999.000 -9999.000 -9999.000 3.616 3.627 -9999.000 3.703 3.703 3.703 -9999.000 3.775 3.781 3.802 3.865 3.892 3.898 3.899 3.900 3.903 3.908 3.916 3.921 3.926 3.932 3.938 3.942 3.947 3.951 3.955 3.955 3.970 3.992 3.999 4.003 4.008 4.012 -9999.000 -9999.000 -9999.000 -9999.000 -9999.000 -9999.000 -9999.000 -9999.000 -9999.000 -9999.000 -9999.000 -9999.000 -9999.000 -9999.000 -9999.000 -9999.000 -9999.000 -9999.000 -9999.000 -9999.000 -9999.000 -9999.000 -9999.000 -9999.000 -9999.000 -9999.000 -9999.000 -9999.000
-9999.000 -9999.000 -9999.000 -9999.000 -9999.000 -9999.000 -9999.000 -9999.000 -9999.000 -9999.000 3.417 3.600 -9999.000 -9999.000 3.707 3.733 3.742 3.780 3.812 3.831 3.878 3.894 3.898 3.900 3.902 3.905 3.910 3.919 3.923 3.930 3.937 3.940 3.946 3.951 3.955 3.958 3.966 3.977 3.992 4.000 4.004 4.010 4.015 4.021 4.024 4.026 4.028 4.029 4.030 4.030 -9999.000 -9999.000 -9999.000 -9999.000 -9999.000 -9999.000 -9999.000 -9999.000 -9999.000 -9999.000 -9999.000 -9999.000 -9999.000 -9999.000 -9999.000 -9999.000 -9999.000 -9999.000 -9999.000 -9999.000 -9999.000
-9999.000 -9999.000 -9999.000 -9999.000 -9999.000 -9999.000 -9999.000 -9999.000 -9999.000 -9999.000 3.502 3.514 -9999.000 -9999.000 3.736 3.738 3.741 3.791 3.829 3.854 3.886 3.896 3.898 3.900 3.902 3.907 3.911 3.922 3.930 3.933 3.937 3.942 3.952 3.954 3.960 3.966 3.974 3.979 3.995 4.005 4.006 4.012 4.019 4.024 4.026 4.029 4.031 4.031 4.031 4.030 -9999.000 -9999.000 -9999.000 -9999.000 -9999.000 -9999.000 -9999.000 -9999.000 -9999.000 -9999.000 -9999.000 -9999.000 -9999.000 -9999.000 -9999.000 -9999.000 -9999.000 -9999.000 -9999.000 -9999.000 -9999.000
-9999.000 -9999.000 -9999.000 -9999.000 -9999.000 -9999.000 -9999.000 -9999.000 -9999.000 -9999.000 -9999.000 -9999.000 -9999.000 -9999.000 3.737 3.738 3.748 3.786 3.829 3.871 3.892 3.895 3.898 3.900 3.902 3.911 3.920 3.927 3.931 3.935 3.938 -9999.000 3.956 3.958 3.965 3.972 3.979 3.983 4.001 4.010 4.012 4.019 4.025 4.028 4.031 4.033 4.034 4.033 4.033 4.032 -9999.000 -9999.000 -9999.000 -9999.000 -9999.000 -9999.000 -9999.000 -9999.000 -9999.000 -9999.000 -9999.000 -9999.000 -9999.000 -9999.000 -9999.000 -9999.000 -9999.000 -9999.000 -9999.000 -9999.000 -9999.000
-9999.000 -9999.000 -9999.000 -9999.000 -9999.000 -9999.000 -9999.000 -9999.000 -9999.000 -9999.000 -9999.000 -9999.000 3.681 3.688 3.728 3.738 3.742 3.786 3.859 3.886 3.892 3.895 3.898 3.901 3.905 3.915 3.922 3.927 3.932 3.938 3.945 3.953 3.957 3.961 3.967 3.974 3.981 3.989 4.007 4.013 4.017 4.026 4.032 4.033 4.035 4.036 4.036 4.036 4.036 -9999.000 -9999.000 -9999.000 -9999.000 -9999.000 -9999.000 -9999.000 -9999.000 -9999.000 -9999.000 -9999.000 -9999.000 -9999.000 -9999.000 -9999.000 -9999.000 -9999.000 -9999.000 -9999.000 -9999.000 -9999.000 -9999.000
-9999.000 -9999.000 -9999.000 -9999.000 -9999.000 -9999.000 -9999.000 -9999.000 -9999.000 3.659 3.659 3.661 3.671 -9999.000 3.728 -9999.000 3.742 3.865 3.880 3.887 3.891 3.893 -9999.000 3.903 3.908 3.916 3.923 3.928 3.935 3.942 3.946 3.953 3.959 3.965 3.971 3.978 3.986 3.992 4.007 4.015 4.017 4.029 4.034 4.036 4.038 4.039 4.040 4.040 4.040 -9999.000 -9999.000 -9999.000 -9999.000 -9999.000 -9999.000 -9999.000 -9999.000 -9999.000 -9999.000 -9999.000 -9999.000 -9999.000 -9999.000 -9999.000 -9999.000 -9999.000 -9999.000 4.157 4.196 -9999.000 -9999.000
-9999.000 -9999.000 -9999.000 -9999.000 -9999.000 -9999.000 -9999.000 -9999.000 -9999.000 3.657 3.659 3.659 3.660 3.659 -9999.000 -9999.000 3.837 3.853 3.876 3.890 3.890 3.891 3.891 3.900 -9999.000 -9999.000 3.926 3.933 3.939 3.944 3.949 3.956 3.962 3.969 3.974 3.981 3.988 3.996 4.009 4.021 4.031 4.038 4.040 4.042 4.044 4.045 4.045 4.046 4.046 -9999.000 -9999.000 -9999.000 -9999.000 -9999.000 -9999.000 -9999.000 -9999.000 -9999.000 -9999.000 -9999.000 -9999.000 -9999.000 -9999.000 -9999.000 -9999.000 -9999.000 -9999.000 -9999.000 4.208 4.207 4.207
-9999.000 -9999.000 -9999.000 -9999.000 -9999.000 -9999.000 -9999.000 -9999.000 -9999.000 -9999.000 -9999.000 -9999.000 -9999.000 -9999.000 -9999.000 -9999.000 -9999.000 3.853 -9999.000 3.888 3.890 -9999.000 3.825 3.874 3.863 3.780 -9999.000 3.937 3.941 3.948 3.954 3.960 3.966 3.972 3.978 3.983 3.990 4.000 4.015 4.028 4.040 4.043 4.047 4.047 4.050 4.052 4.052 4.053 4.053 -9999.000 -9999.000 -9999.000 -9999.000 -9999.000 -9999.000 -9999.000 -9999.000 -9999.000 -9999.000 -9999.000 -9999.000 -9999.000 -9999.000 -9999.000 -9999.000 -9999.000 -9999.000 -9999.000 4.208 4.208 4.207
-9999.000 -9999.000 -9999.000 -9999.000 -9999.000 -9999.000 -9999.000 -9999.000 -9999.000 -9999.000 -9999.000 -9999.000 -9999.000 -9999.000 -9999.000 -9999.000 -9999.000 -9999.000 -9999.000 -9999.000 -9999.000 -9999.000 -9999.000 -9999.000 -9999.000 -9999.000 3.775 3.916 -9999.000 3.955 3.959 3.963 3.969 3.975 3.981 3.985 3.992 4.007 4.020 4.026 -9999.000 4.059 4.059 4.059 4.059 4.060 4.060 4.061 4.061 -9999.000 -9999.000 -9999.000 -9999.000 -9999.000 -9999.000 -9999.000 -9999.000 -9999.000 -9999.000 -9999.000 -9999.000 -9999.000 -9999.000 -9999.000 -9999.000 -9999.000 -9999.000 -9999.000 4.208 4.208 4.207
-9999.000 -9999.000 -9999.000 -9999.000 -9999.000 -9999.000 -9999.000 -9999.000 -9999.000 -9999.000 -9999.000 -9999.000 -9999.000 -9999.000 -9999.000 -9999.000 -9999.000 -9999.000 -9999.000 -9999.000 -9999.000 -9999.000 -9999.000 -9999.000 3.665 3.710 3.775 3.871 3.933 3.957 3.961 3.966 3.972 3.978 3.984 3.989 3.994 4.010 4.020 4.029 4.058 4.070 4.071 4.071 4.070 4.070 4.070 4.071 4.071 -9999.000 -9999.000 -9999.000 -9999.000 -9999.000 -9999.000 -9999.000 -9999.000 -9999.000 -9999.000 -9999.000 -9999.000 -9999.000 -9999.000 -9999.000 -9999.000 -9999.000 -9999.000 -9999.000 4.208 4.208 4.208
-9999.000 -9999.000 -9999.000 -9999.000 -9999.000 -9999.000 -9999.000 -9999.000 -9999.000 -9999.000 -9999.000 -9999.000 -9999.000 -9999.000 -9999.000 -9999.000 -9999.000 -9999.000 -9999.000 -9999.000 -9999.000 -9999.000 -9999.000 -9999.000 3.511 -9999.000 3.853 3.890 3.934 3.956 3.963 3.970 3.977 3.983 3.989 3.993 3.996 4.012 4.021 4.032 4.060 4.077 4.078 4.078 4.078 4.079 4.080 4.081 4.081 -9999.000 -9999.000 -9999.000 -9999.000 -9999.000 -9999.000 -9999.000 4.248 -9999.000 -9999.000 -9999.000 -9999.000 -9999.000 -9999.000 -9999.000 -9999.000 -9999.000 -9999.000 -9999.000 4.209 4.209 4.208
-9999.000 -9999.000 -9999.000 -9999.000 -9999.000 -9999.000 -9999.000 -9999.000 -9999.000 -9999.000 -9999.000 -9999.000 -9999.000 -9999.000 -9999.000 -9999.000 -9999.000 -9999.000 -9999.000 -9999.000 -9999.000 -9999.000 -9999.000 1.290 2.676 -9999.000 3.772 -9999.000 3.935 3.940 3.963 3.978 3.985 3.989 3.991 3.994 3.998 4.017 4.026 4.042 4.065 4.083 4.085 4.085 4.088 4.092 4.094 4.096 4.097 -9999.000 4.171 4.179 -9999.000 -9999.000 4.247 4.247 4.247 4.248 -9999.000 -9999.000 -9999.000 -9999.000 -9999.000 -9999.000 -9999.000 -9999.000 -9999.000 -9999.000 4.209 4.209 4.209
-9999.000 -9999.000 -9999.000 -9999.000 -9999.000 -9999.000 -9999.000 -9999.000 -9999.000 -9999.000 -9999.000 -9999.000 -9999.000 -9999.000 -9999.000 -9999.000 -9999.000 -9999.000 -9999.000 -9999.000 -9999.000 -9999.000 1.290 1.290 1.290 3.363 3.611 3.735 3.919 3.859 -9999.000 3.987 3.990 3.995 3.998 3.999 3.999 4.029 4.039 4.054 4.076 4.092 4.094 4.095 4.100 4.106 4.111 4.115 4.119 4.154 4.171 4.186 4.223 4.241 4.247 4.247 4.248 4.248 4.248 4.239 -9999.000 -9999.000 -9999.000 -9999.000 -9999.000 -9999.000 -9999.000 4.212 4.211 4.210 4.210
-9999.000 -9999.000 -9999.000 -9999.000 -9999.000 -9999.000 -9999.000 -9999.000 -9999.000 -9999.000 -9999.000 -9999.000 -9999.000 -9999.000 -9999.000 -9999.000 -9999.000 -9999.000 -9999.000 -9999.000 -9999.000 1.290 1.290 1.290 1.290 1.290 1.290 -9999.000 3.666 3.683 -9999.000 4.010 4.006 4.007 4.008 4.008 4.041 4.060 4.063 4.076 4.091 4.098 4.099 4.101 4.108 4.115 4.123 4.129 4.137 4.156 4.167 4.182 4.226 4.244 4.247 4.247 4.248 4.248 4.248 -9999.000 4.248 4.248 -9999.000 -9999.000 -9999.000 4.227 4.222 4.215 4.212 4.212 4.212
-9999.000 -9999.000 -9999.000 -9999.000 -9999.000 -9999.000 -9999.000 -9999.000 -9999.000 -9999.000 -9999.000 -9999.000 -9999.000 -9999.000 -9999.000 -9999.000 -9999.000 -9999.000 -9999.000 -9999.000 1.290 1.290 1.290 1.290 1.290 1.290 1.290 1.290 3.423 3.630 3.972 4.028 4.029 4.018 4.014 4.047 4.085 4.083 4.083 4.089 4.097 4.102 4.104 4.108 4.115 4.123 4.132 4.137 4.145 4.158 4.167 4.204 4.240 4.246 4.247 4.247 4.248 4.248 4.248 4.248 4.248 4.248 4.246 4.242 4.236 4.232 4.227 4.218 4.213 4.213 4.212
-9999.000 -9999.000 -9999.000 -9999.000 -9999.000 -9999.000 -9999.000 -9999.000 -9999.000 -9999.000 -9999.000 -9999.000 -9999.000 -9999.000 -9999.000 -9999.000 -9999.000 -9999.000 -9999.000 1.290 1.290 1.290 1.290 1.290 1.290 1.290 1.290 1.290 2.365 3.414 3.987 4.064 4.075 4.075 4.075 4.087 4.096 4.097 4.097 4.100 4.104 4.108 4.110 4.114 4.121 4.128 4.135 4.142 4.151 4.161 4.168 4.210 4.241 4.246 4.247 4.248 4.249 4.249 4.249 4.249 4.249 4.248 4.246 4.242 4.236 4.233 4.227 4.218 4.215 4.214 4.213
-9999.000 -9999.000 -9999.000 -9999.000 -9999.000 -9999.000 -9999.000 -9999.000 -9999.000 -9999.000 -9999.000 -9999.000 -9999.000 -9999.000 -9999.000 -9999.000 -9999.000 -9999.000 1.290 1.290 1.290 1.290 1.290 1.290 1.290 1.290 1.290 1.290 1.290 3.814 4.048 4.105 4.115 4.117 4.117 4.109 4.107 4.108 4.108 4.108 4.110 4.112 4.113 4.119 4.124 4.132 4.138 4.147 4.156 4.166 4.179 4.223 4.245 4.247 4.248 4.249 4.249 4.249 4.249 4.249 4.249 4.248 4.246 4.243 4.237 4.233 4.227 4.219 4.215 4.214 4.214
-9999.000 -9999.000 -9999.000 -9999.000 -9999.000 -9999.000 -9999.000 -9999.000 -9999.000 -9999.000 -9999.000 -9999.000 -9999.000 -9999.000 -9999.000 -9999.000 -9999.000 1.290 1.290 1.290 1.290 1.290 1.290 1.290 1.290 1.290 1.290 1.290 1.429 4.150 4.148 4.154 4.154 4.154 4.154 4.153 4.146 4.141 4.136 4.124 4.124 4.126 4.128 4.130 4.132 4.137 4.141 4.152 4.163 4.179 4.208 4.234 4.246 4.248 4.250 4.250 4.250 4.251 4.251 4.251 4.249 4.248 4.247 4.244 4.239 4.233 4.227 4.219 4.216 4.215 4.215
-9999.000 -9999.000 -9999.000 -9999.000 -9999.000 -9999.000 -9999.000 -9999.000 -9999.000 -9999.000 -9999.000 -9999.000 -9999.000 -9999.000 -9999.000 -9999.000 1.290 1.290 1.290 1.290 1.290 1.290 1.290 1.290 1.290 1.290 1.290 -9999.000 -9999.000 4.191 4.187 4.185 4.185 4.185 4.184 4.184 4.182 4.173 4.171 4.152 4.152 4.152 4.157 4.158 4.158 4.156 4.167 4.180 4.196 4.209 4.220 4.237 4.248 4.251 4.253 4.255 4.256 4.257 4.257 4.257 4.255 4.254 4.253 4.251 4.243 4.234 4.227 4.220 4.217 4.216 4.215
-9999.000 -9999.000 -9999.000 -9999.000 -9999.000 -9999.000 -9999.000 -9999.000 -9999.000 -9999.000 -9999.000 -9999.000 -9999.000 -9999.000 -9999.000 1.290 1.290 1.290 1.290 1.290 1.290 1.290 1.290 1.290 1.290 1.290 3.148 -9999.000 4.198 4.196 4.194 4.192 4.191 4.191 4.190 4.189 4.188 4.186 4.181 -9999.000 4.194 4.194 4.194 4.195 4.197 4.200 4.210 4.216 4.221 4.234 4.243 4.252 4.256 4.258 4.260 4.261 4.262 4.264 4.264 4.265 4.263 4.263 4.263 4.263 4.261 4.259 -9999.000 4.257 -9999.000 -9999.000 -9999.000
-9999.000 -9999.000 -9999.000 -9999.000 -9999.000 -9999.000 -9999.000 -9999.000 -9999.000 -9999.000 -9999.000 -9999.000 -9999.000 -9999.000 1.290 1.290 1.290 1.290 1.290 1.290 1.290 1.290 1.290 1.290 1.290 3.406 4.106 4.200 4.200 4.200 4.198 4.197 4.196 4.196 4.198 4.198 4.198 4.199 4.203 -9999.000 4.222 4.222 4.222 4.222 4.222 4.233 4.241 4.244 4.251 4.262 4.263 4.263 4.263 4.265 4.265 4.266 4.268 4.268 4.268 4.268 4.269 4.269 4.269 4.269 4.269 4.270 4.272 4.272 4.272 -9999.000 -9999.000
-9999.000 -9999.000 -9999.000 -9999.000 -9999.000 -9999.000 -9999.000 -9999.000 -9999.000 -9999.000 -9999.000 -9999.000 -9999.000 -9999.000 1.290 1.290 1.290 1.290 1.290 1.290 1.290 1.290 1.290 1.290 3.683 4.139 4.202 4.204 4.204 4.204 4.204 4.204 4.204 4.204 4.206 4.207 4.210 4.216 4.230 4.231 4.239 4.246 4.246 4.246 4.248 4.253 4.259 4.267 4.269 4.269 4.269 4.270 4.270 4.270 4.271 4.271 4.271 4.271 4.271 4.271 4.271 4.271 4.271 4.271 4.272 4.272 4.272 4.272 -9999.000 -9999.000 -9999.000
-9999.000 -9999.000 -9999.000 -9999.000 -9999.000 -9999.000 -9999.000 -9999.000 -9999.000 -9999.000 -9999.000 -9999.000 -9999.000 -9999.000 1.290 1.290 1.290 1.290 1.290 1.290 1.290 1.290 1.290 3.740 4.091 4.192 4.203 4.207 4.210 4.213 4.215 4.216 4.217 4.213 4.213 4.213 4.216 4.222 4.230 4.232 4.241 4.254 4.254 4.258 4.263 4.266 4.270 4.271 4.272 4.272 4.272 4.272 4.272 4.272 4.272 4.272 4.272 4.272 4.272 4.272 4.272 4.272 4.272 4.272 4.272 4.272 4.272 4.272 -9999.000 -9999.000 -9999.000
-9999.000 -9999.000 -9999.000 -9999.000 -9999.000 -9999.000 -9999.000 -9999.000 -9999.000 -9999.000 -9999.000 -9999.000 -9999.000 -9999.000 1.290 1.290 1.290 1.290 1.290 1.290 1.290 1.290 3.712 4.101 4.193 4.198 4.206 4.213 4.218 4.223 4.227 4.227 4.228 4.226 4.217 4.217 4.225 4.229 4.236 4.241 4.254 4.265 4.266 4.268 4.270 4.271 4.272 4.272 4.272 4.272 4.272 4.272 4.272 4.272 4.272 4.272 4.272 4.272 4.272 4.272 4.272 4.272 4.272 4.272 4.272 4.272 4.272 4.272 -9999.000 4.271 -9999.000
-9999.000 -9999.000 -9999.000 -9999.000 -9999.000 -9999.000 -9999.000 -9999.000 -9999.000 -9999.000 -9999.000 -9999.000 -9999.000 -9999.000 1.290 1.290 1.290 1.290 1.290 1.290 1.290 3.757 4.109 4.193 4.197 4.202 4.209 4.216 4.224 4.233 4.236 4.240 4.241 4.246 4.242 4.242 4.242 4.248 4.252 4.256 4.266 4.271 4.272 4.272 4.272 4.272 4.272 4.272 4.272 4.272 4.272 4.272 4.272 4.272 4.272 4.272 4.272 4.272 4.272 4.272 4.272 4.272 4.272 4.272 4.272 4.272 4.272 4.272 4.272 4.272 4.272
-9999.000 -9999.000 -9999.000 -9999.000 -9999.000 -9999.000 -9999.000 -9999.000 -9999.000 -9999.000 -9999.000 -9999.000 -9999.000 -9999.000 1.290 1.290 1.290 1.290 1.290 1.290 3.794 4.072 4.158 4.195 4.200 4.205 4.211 4.222 4.231 4.240 4.243 4.247 4.248 4.250 4.252 4.260 4.262 4.268 4.268 4.270 4.271 4.271 4.272 4.272 4.272 4.272 4.272 4.272 4.272 4.272 4.272 4.272 4.272 4.272 4.272 4.272 4.272 4.272 4.272 4.272 4.272 4.272 4.272 4.272 4.272 4.272 4.272 4.272 4.272 4.272 4.272
-9999.000 -9999.000 -9999.000 -9999.000 -9999.000 -9999.000 -9999.000 -9999.000 -9999.000 -9999.000 -9999.000 -9999.000 -9999.000 -9999.000 1.290 1.290 1.290 1.290 1.290 2.041 3.957 4.148 4.180 4.195 4.201 4.207 4.217 4.229 4.238 4.246 4.249 4.250 4.252 4.257 4.262 4.269 4.271 4.271 4.271 4.271 4.271 4.271 4.271 4.272 4.272 4.272 4.272 4.272 4.272 4.272 4.272 4.272 4.272 4.272 4.272 4.272 4.272 4.272 4.272 4.272 4.272 4.272 4.272 4.272 4.272 4.272 4.272 4.272 4.272 4.272 4.273
-9999.000 -9999.000 -9999.000 -9999.000 -9999.000 -9999.000 -9999.000 -9999.000 -9999.000 -9999.000 -9999.000 -9999.000 -9999.000 -9999.000 1.290 1.290 1.290 1.290 1.290 1.290 4.014 4.155 4.187 4.195 4.203 4.215 4.225 4.235 4.244 4.251 4.253 4.255 4.260 4.267 4.270 4.271 4.271 4.271 4.271 4.271 4.271 4.271 4.271 4.272 4.272 4.272 4.272 4.272 4.272 4.272 4.272 4.272 4.272 4.272 4.272 4.272 4.272 4.272 4.272 4.272 4.272 4.272 4.272 4.272 4.272 4.272 4.272 4.272 4.272 4.272 4.273
-9999.000 -9999.000 -9999.000 -9999.000 -9999.000 -9999.000 -9999.000 -9999.000 -9999.000 -9999.000 -9999.000 -9999.000 -9999.000 -9999.000 1.290 1.290 1.290 1.290 1.290 1.290 3.988 4.155 4.188 4.197 4.208 4.223 4.232 4.242 4.249 4.254 4.257 4.259 4.265 4.270 4.271 4.271 4.271 4.271 4.271 4.271 4.271 4.271 4.271 4.271 4.272 4.272 4.272 4.272 4.272 4.272 4.272 4.272 4.272 4.272 4.272 4.272 4.272 4.272 4.272 4.272 4.272 4.272 4.272 4.272 4.272 4.272 4.272 4.272 4.272 4.272 4.273
