includes/rochefort/floodfiles/results/res.maxtm
ncols         730
nrows         472
xllcorner     380617.130607
yllcorner     6542069.774949
cellsize      20.000000
NODATA_value  -9999.000000
[rows 420 to 449 of 472, columns 68 to 135 of 730]
50.855 50.855 50.862 50.858 50.858 50.859 50.859 50.858 50.860 50.860 50.859 50.860 50.860 50.860 50.859 50.859 50.859 50.860 50.859 50.856 50.857 50.858 50.858 50.859 50.860 50.858 50.858 50.859 50.858 50.861 50.861 50.860 50.859 50.859 50.859 50.860 50.861 50.862 50.862 50.856 50.855 50.855 50.855 50.857 50.856 50.856 50.856 50.856 50.856 50.855 50.851 50.855 50.855 50.856 50.855 50.856 50.856 50.855 50.854 50.854 50.853 50.855 50.855 50.857 50.853 50.852 50.851 50.859
50.855 50.855 50.862 50.862 50.858 50.858 50.858 50.861 50.861 50.861 50.861 50.861 50.861 50.858 50.859 50.859 50.859 50.860 50.858 50.859 50.858 50.858 50.859 50.859 50.860 50.860 50.860 50.860 50.860 50.860 50.860 50.860 50.859 50.859 50.859 50.860 50.858 50.858 50.859 50.856 50.856 50.856 50.855 50.855 50.855 50.855 50.856 50.857 50.856 50.856 50.851 50.855 50.852 50.852 50.852 50.856 50.856 50.855 50.855 50.854 50.853 50.856 50.855 50.853 50.857 50.852 50.854 50.854
50.856 50.861 50.857 50.857 50.859 50.858 50.864 50.860 50.860 50.861 50.862 50.862 50.858 50.858 50.858 50.859 50.859 50.858 50.858 50.858 50.858 50.860 50.859 50.859 50.859 50.860 50.860 50.859 50.861 50.860 50.859 50.860 50.859 50.860 50.860 50.860 50.859 50.858 50.858 50.860 50.857 50.857 50.857 50.858 50.855 50.855 50.854 50.857 50.854 50.855 50.853 50.853 50.853 50.853 50.854 50.854 50.853 50.854 50.855 50.854 50.854 50.854 50.855 50.857 50.856 50.858 50.858 50.853
50.859 50.864 50.860 50.857 50.859 50.863 50.859 50.860 50.860 50.862 50.862 50.862 50.862 50.862 50.858 50.860 50.860 50.859 50.859 50.859 50.859 50.859 50.859 50.862 50.862 50.861 50.861 50.861 50.859 50.859 50.859 50.858 50.858 50.860 50.860 50.860 50.859 50.859 50.859 50.858 50.858 50.857 50.857 50.858 50.859 50.853 50.853 50.854 50.854 50.854 50.852 50.853 50.853 50.854 50.854 50.853 50.853 50.854 50.854 50.854 50.855 50.855 50.855 50.856 50.854 50.855 50.857 50.856
50.859 50.859 50.860 50.862 50.862 50.862 50.859 50.863 50.862 50.861 50.861 50.863 50.863 50.859 50.860 50.860 50.860 50.859 50.861 50.860 50.859 50.860 50.861 50.861 50.862 50.862 50.862 50.858 50.860 50.860 50.860 50.858 50.859 50.859 50.859 50.859 50.859 50.859 50.859 50.859 50.858 50.859 50.857 50.858 50.854 50.855 50.853 50.853 50.853 50.853 50.853 50.853 50.853 50.854 50.854 50.854 50.854 50.854 50.854 50.854 50.855 50.855 50.855 50.856 50.855 50.855 50.857 50.856
50.862 50.859 50.861 50.862 50.862 50.861 50.861 50.861 50.862 50.861 50.861 50.863 50.860 50.861 50.860 50.860 50.860 50.861 50.861 50.861 50.861 50.860 50.861 50.861 50.861 50.862 50.863 50.858 50.860 50.860 50.860 50.858 50.859 50.859 50.860 50.860 50.861 50.860 50.860 50.860 50.859 50.859 50.860 50.858 50.854 50.854 50.855 50.856 50.853 50.854 50.855 50.855 50.856 50.856 50.855 50.856 50.856 50.855 50.855 50.855 50.856 50.855 50.856 50.856 50.856 50.855 50.856 50.856
50.862 50.858 50.861 50.860 50.861 50.861 50.861 50.863 50.862 50.861 50.862 50.862 50.864 50.861 50.861 50.861 50.862 50.861 50.861 50.861 50.861 50.860 50.862 50.861 50.863 50.863 50.862 50.858 50.859 50.859 50.858 50.858 50.858 50.858 50.860 50.860 50.860 50.861 50.860 50.860 50.860 50.861 50.860 50.860 50.854 50.854 50.855 50.856 50.855 50.855 50.855 50.855 50.856 50.856 50.856 50.856 50.856 50.856 50.856 50.856 50.857 50.855 50.855 50.856 50.856 50.856 50.857 50.856
50.859 50.859 50.861 50.860 50.860 50.861 50.862 50.862 50.863 50.863 50.863 50.863 50.862 50.862 50.863 50.863 50.862 50.862 50.861 50.862 50.861 50.861 50.859 50.862 50.864 50.864 50.864 50.863 50.864 50.859 50.859 50.858 50.859 50.858 50.858 50.862 50.862 50.858 50.859 50.859 50.861 50.861 50.861 50.856 50.856 50.854 50.855 50.856 50.856 50.855 50.855 50.855 50.855 50.857 50.857 50.858 50.858 50.857 50.857 50.857 50.857 50.858 50.858 50.858 50.858 50.858 50.858 50.884
50.859 50.859 50.860 50.860 50.861 50.861 50.861 50.861 50.864 50.863 50.863 50.863 50.862 50.862 50.863 50.863 50.862 50.862 50.863 50.863 50.863 50.864 50.863 50.863 50.863 50.864 50.864 50.865 50.866 50.866 50.866 50.866 50.860 50.860 50.861 50.862 50.862 50.863 50.862 50.862 50.862 50.860 50.861 50.861 50.862 50.857 50.857 50.856 50.856 50.855 50.855 50.859 50.858 50.858 50.858 50.858 50.858 50.859 50.859 50.860 50.856 50.859 50.858 50.858 50.880 50.880 50.884 50.884
50.859 50.859 50.861 50.861 50.861 50.861 50.861 50.861 50.860 50.863 50.864 50.861 50.862 50.862 50.862 50.861 50.861 50.862 50.863 50.863 50.863 50.864 50.863 50.865 50.865 50.865 50.865 50.865 50.864 50.864 50.866 50.866 50.866 50.860 50.860 50.860 50.863 50.863 50.863 50.864 50.863 50.864 50.865 50.865 50.867 50.867 50.857 50.865 50.858 50.858 50.858 50.858 50.858 50.859 50.859 50.859 50.859 50.859 50.859 50.860 50.860 50.859 50.858 50.881 50.880 50.880 50.883 50.883
50.860 50.860 50.861 50.861 50.861 50.862 50.862 50.862 50.862 50.861 50.861 50.861 50.861 50.863 50.862 50.861 50.861 50.861 50.861 50.862 50.865 50.864 50.864 50.864 50.864 50.864 50.865 50.864 50.864 50.864 50.865 50.865 50.866 50.867 50.868 50.864 50.861 50.864 50.864 50.864 50.864 50.864 50.865 50.865 50.866 50.866 50.864 50.864 50.864 50.864 50.858 50.857 50.858 50.859 50.860 50.860 50.860 50.862 50.862 50.860 50.860 50.879 50.881 50.882 50.882 50.881 50.881 50.883
50.860 50.860 50.860 50.862 50.863 50.862 50.862 50.862 50.862 50.861 50.862 50.861 50.860 50.860 50.862 50.862 50.862 50.860 50.864 50.865 50.865 50.864 50.863 50.864 50.864 50.864 50.863 50.864 50.863 50.868 50.865 50.865 50.866 50.866 50.866 50.867 50.868 50.868 50.865 50.864 50.865 50.866 50.864 50.864 50.866 50.866 50.866 50.866 50.868 50.869 50.866 50.866 50.870 50.869 50.860 50.860 50.861 50.861 50.861 50.862 50.880 50.880 50.880 50.883 50.883 50.884 50.881 50.881
50.859 50.859 50.859 50.862 50.863 50.863 50.863 50.861 50.861 50.862 50.862 50.863 50.860 50.860 50.861 50.861 50.862 50.863 50.864 50.864 50.864 50.863 50.863 50.863 50.864 50.864 50.862 50.864 50.867 50.866 50.866 50.867 50.866 50.866 50.866 50.866 50.866 50.866 50.866 50.866 50.865 50.866 50.867 50.867 50.867 50.867 50.867 50.866 50.868 50.868 50.869 50.869 50.870 50.870 50.870 50.870 50.861 50.862 50.878 50.880 50.880 50.881 50.882 50.882 50.883 50.883 50.882 50.885
50.860 50.860 50.863 50.863 50.863 50.864 50.864 50.864 50.863 50.863 50.862 50.863 50.864 50.864 50.861 50.861 50.862 50.862 50.864 50.864 50.864 50.863 50.863 50.862 50.865 50.865 50.865 50.864 50.862 50.867 50.867 50.864 50.864 50.865 50.865 50.867 50.866 50.866 50.867 50.867 50.867 50.867 50.867 50.867 50.867 50.867 50.866 50.867 50.868 50.868 50.867 50.867 50.868 50.868 50.871 50.871 50.874 50.876 50.876 50.880 50.879 50.881 50.882 50.881 50.884 50.883 50.883 50.884
50.861 50.861 50.862 50.862 50.862 50.862 50.863 50.864 50.864 50.864 50.864 50.864 50.864 50.865 50.861 50.861 50.863 50.862 50.863 50.863 50.864 50.863 50.863 50.864 50.865 50.865 50.863 50.864 50.865 50.866 50.865 50.864 50.864 50.865 50.864 50.864 50.866 50.866 50.866 50.866 50.866 50.866 50.865 50.866 50.866 50.867 50.868 50.869 50.868 50.868 50.868 50.868 50.868 50.868 50.870 50.874 50.875 50.876 50.876 50.875 50.879 50.880 50.886 50.884 50.884 50.883 50.883 50.887
50.861 50.862 50.862 50.862 50.862 50.862 50.863 50.863 50.863 50.864 50.864 50.864 50.863 50.863 50.863 50.863 50.862 50.863 50.863 50.863 50.862 50.862 50.864 50.864 50.864 50.864 50.864 50.864 50.865 50.866 50.864 50.865 50.866 50.864 50.864 50.864 50.865 50.865 50.865 50.865 50.866 50.865 50.865 50.866 50.866 50.867 50.867 50.868 50.867 50.870 50.869 50.868 50.868 50.872 50.870 50.870 50.876 50.876 50.876 50.886 50.878 50.886 50.886 50.885 50.885 50.885 50.890 50.890
50.861 50.863 50.863 50.863 50.861 50.864 50.865 50.864 50.864 50.864 50.865 50.864 50.863 50.863 50.863 50.863 50.865 50.865 50.864 50.864 50.862 50.862 50.866 50.864 50.865 50.864 50.864 50.864 50.865 50.864 50.864 50.865 50.863 50.863 50.864 50.865 50.865 50.864 50.864 50.865 50.864 50.864 50.864 50.864 50.868 50.867 50.869 50.868 50.868 50.869 50.870 50.868 50.869 50.872 50.871 50.874 50.876 50.876 50.877 50.885 50.885 50.887 50.885 50.885 50.885 50.886 50.886 50.889
50.861 50.863 50.863 50.863 50.864 50.864 50.864 50.864 50.864 50.866 50.865 50.865 50.865 50.864 50.864 50.865 50.865 50.864 50.864 50.864 50.865 50.866 50.866 50.864 50.864 50.863 50.863 50.865 50.865 50.864 50.864 50.864 50.863 50.863 50.864 50.865 50.866 50.864 50.864 50.864 50.864 50.864 50.864 50.866 50.865 50.865 50.867 50.868 50.869 50.869 50.870 50.870 50.870 50.870 50.874 50.874 50.876 50.876 50.883 50.885 50.885 50.886 50.887 50.885 50.886 50.889 50.889 50.888
50.861 50.862 50.862 50.863 50.863 50.864 50.864 50.864 50.865 50.866 50.865 50.865 50.865 50.864 50.864 50.865 50.865 50.865 50.864 50.864 50.864 50.864 50.865 50.864 50.866 50.863 50.863 50.863 50.864 50.864 50.864 50.864 50.863 50.863 50.865 50.865 50.866 50.867 50.866 50.865 50.865 50.865 50.865 50.866 50.865 50.866 50.866 50.868 50.868 50.869 50.870 50.871 50.872 50.870 50.874 50.874 50.876 50.876 50.884 50.884 50.886 50.886 50.887 50.888 50.886 50.888 50.888 50.891
50.862 50.862 50.861 50.862 50.862 50.863 50.864 50.865 50.865 50.866 50.866 50.866 50.866 50.865 50.865 50.866 50.866 50.866 50.865 50.865 50.864 50.864 50.865 50.865 50.865 50.867 50.867 50.864 50.866 50.865 50.865 50.864 50.865 50.864 50.865 50.865 50.865 50.866 50.866 50.865 50.865 50.865 50.865 50.865 50.867 50.866 50.866 50.867 50.868 50.868 50.868 50.871 50.871 50.874 50.873 50.880 50.880 50.883 50.883 50.884 50.885 50.886 50.886 50.887 50.887 50.888 50.888 50.891
50.862 50.861 50.861 50.862 50.862 50.863 50.864 50.864 50.865 50.866 50.867 50.867 50.867 50.866 50.865 50.866 50.867 50.867 50.865 50.866 50.867 50.864 50.865 50.866 50.866 50.867 50.867 50.868 50.865 50.865 50.865 50.865 50.865 50.867 50.864 50.865 50.865 50.866 50.866 50.865 50.865 50.866 50.866 50.866 50.866 50.866 50.866 50.866 50.869 50.869 50.873 50.872 50.874 50.873 50.873 50.881 50.881 50.883 50.883 50.882 50.885 50.884 50.885 50.886 50.886 50.889 50.888 50.890
50.862 50.863 50.864 50.862 50.862 50.862 50.864 50.864 50.865 50.866 50.866 50.868 50.867 50.866 50.868 50.868 50.867 50.865 50.865 50.866 50.867 50.868 50.865 50.866 50.866 50.866 50.867 50.868 50.866 50.866 50.866 50.866 50.865 50.866 50.864 50.864 50.864 50.864 50.867 50.867 50.866 50.866 50.867 50.867 50.872 50.865 50.865 50.875 50.875 50.869 50.873 50.873 50.873 50.873 50.879 50.881 50.882 50.882 50.882 50.882 50.885 50.884 50.886 50.887 50.887 50.889 50.889 50.889
50.863 50.863 50.864 50.864 50.862 50.862 50.864 50.864 50.866 50.866 50.868 50.868 50.869 50.869 50.868 50.868 50.868 50.865 50.865 50.866 50.867 50.868 50.868 50.870 50.870 50.869 50.869 50.866 50.867 50.867 50.867 50.865 50.865 50.866 50.867 50.864 50.868 50.869 50.870 50.868 50.868 50.868 50.867 50.867 50.872 50.874 50.874 50.875 50.875 50.874 50.877 50.876 50.875 50.875 50.880 50.880 50.882 50.881 50.881 50.883 50.883 50.884 50.887 50.887 50.887 50.888 50.888 50.889
50.863 50.863 50.863 50.864 50.863 50.862 50.862 50.864 50.869 50.869 50.869 50.868 50.869 50.869 50.867 50.867 50.867 50.866 50.866 50.867 50.867 50.868 50.869 50.867 50.868 50.868 50.869 50.869 50.868 50.868 50.868 50.869 50.869 50.866 50.867 50.869 50.869 50.869 50.869 50.869 50.869 50.869 50.874 50.873 50.874 50.874 50.874 50.875 50.875 50.875 50.875 50.876 50.876 50.879 50.879 50.880 50.882 50.881 50.881 50.883 50.882 50.884 50.883 50.886 50.886 50.888 50.888 50.887
50.861 50.862 50.863 50.863 50.863 50.863 50.863 50.869 50.869 50.869 50.869 50.868 50.868 50.868 50.868 50.867 50.867 50.866 50.866 50.867 50.868 50.868 50.869 50.867 50.868 50.868 50.869 50.869 50.868 50.868 50.868 50.869 50.869 50.867 50.871 50.871 50.869 50.870 50.870 50.872 50.872 50.873 50.874 50.875 50.875 50.875 50.873 50.873 50.874 50.876 50.876 50.876 50.876 50.879 50.878 50.880 50.880 50.882 50.881 50.881 50.885 50.885 50.885 50.886 50.886 50.885 50.887 50.887
50.861 50.862 50.862 50.862 50.863 50.862 50.862 50.869 50.869 50.871 50.871 50.867 50.867 50.868 50.868 50.867 50.867 50.867 50.867 50.868 50.868 50.869 50.869 50.868 50.868 50.870 50.870 50.869 50.870 50.870 50.870 50.869 50.868 50.871 50.871 50.872 50.872 50.871 50.871 50.871 50.872 50.871 50.871 50.871 50.871 50.871 50.872 50.873 50.874 50.873 50.876 50.877 50.877 50.879 50.878 50.878 50.880 50.880 50.881 50.881 50.884 50.884 50.884 50.885 50.885 50.885 50.887 50.887
50.860 50.860 50.865 50.861 50.861 50.868 50.868 50.869 50.871 50.871 50.867 50.867 50.867 50.869 50.869 50.866 50.868 50.868 50.867 50.866 50.867 50.867 50.868 50.868 50.868 50.870 50.870 50.871 50.871 50.870 50.870 50.869 50.871 50.871 50.872 50.872 50.872 50.871 50.871 50.871 50.872 50.871 50.871 50.870 50.871 50.871 50.872 50.872 50.874 50.874 50.875 50.877 50.878 50.879 50.879 50.878 50.879 50.880 50.880 50.881 50.883 50.883 50.884 50.885 50.885 50.886 50.886 50.886
50.860 50.859 50.859 50.867 50.867 50.868 50.872 50.872 50.872 50.871 50.871 50.871 50.871 50.868 50.870 50.869 50.869 50.869 50.866 50.866 50.867 50.867 50.867 50.867 50.869 50.869 50.870 50.871 50.871 50.869 50.869 50.871 50.870 50.870 50.870 50.871 50.873 50.873 50.873 50.873 50.873 50.871 50.871 50.872 50.873 50.872 50.872 50.873 50.874 50.875 50.875 50.877 50.875 50.876 50.879 50.878 50.879 50.880 50.883 50.882 50.882 50.883 50.883 50.884 50.884 50.886 50.886 50.884
50.859 50.859 50.859 50.866 50.866 50.866 50.869 50.870 50.871 50.871 50.871 50.871 50.871 50.871 50.870 50.870 50.869 50.869 50.869 50.870 50.871 50.871 50.872 50.872 50.873 50.869 50.868 50.871 50.870 50.870 50.871 50.871 50.870 50.873 50.874 50.874 50.874 50.873 50.873 50.874 50.873 50.874 50.872 50.872 50.873 50.873 50.873 50.874 50.874 50.875 50.876 50.876 50.875 50.877 50.877 50.878 50.878 50.884 50.884 50.881 50.882 50.883 50.883 50.884 50.885 50.885 50.885 50.884
50.858 50.859 50.866 50.866 50.865 50.871 50.870 50.871 50.871 50.871 50.870 50.870 50.872 50.869 50.870 50.870 50.871 50.869 50.871 50.870 50.870 50.871 50.873 50.873 50.873 50.874 50.874 50.875 50.873 50.873 50.872 50.871 50.874 50.873 50.874 50.875 50.875 50.875 50.874 50.874 50.875 50.874 50.873 50.879 50.873 50.873 50.874 50.874 50.874 50.875 50.877 50.877 50.875 50.875 50.877 50.878 50.878 50.883 50.883 50.885 50.885 50.886 50.887 50.887 50.887 50.885 50.885 50.888
