includes/rochefort/floodfiles/results/res.max
ncols         730
nrows         472
xllcorner     380617.130607
yllcorner     6542069.774949
cellsize      20.000000
NODATA_value  -9999.000000
[rows 136 to 169 of 472, columns 308 to 384 of 730]
1.492 1.522 1.543 1.743 1.482 1.597 1.601 1.626 1.526 1.696 1.647 1.679 1.659 1.665 1.726 1.627 1.469 1.435 1.544 1.562 1.604 1.556 1.570 1.554 1.524 1.419 1.576 1.527 1.641 1.836 1.587 1.702 1.639 1.519 1.414 1.702 1.704 1.818 1.597 1.646 1.727 1.554 1.518 1.608 2.037 1.657 1.658 1.563 1.452 1.461 1.510 1.568 1.622 1.558 1.572 1.567 1.656 1.716 1.436 1.607 1.180 1.264 1.444 1.540 1.635 1.630 1.636 1.616 1.615 1.501 1.312 1.439 1.274 1.486 1.650 1.719 1.713
1.359 1.479 1.674 1.532 1.536 1.553 1.576 1.764 1.746 1.500 1.596 1.622 1.642 1.792 1.698 1.692 1.588 1.583 1.452 1.658 1.553 1.512 1.560 1.639 1.521 1.476 1.410 1.606 1.645 1.608 1.829 1.603 1.659 1.615 1.601 1.671 1.575 1.637 1.661 1.649 1.696 1.700 1.664 1.627 1.632 1.594 1.585 1.578 1.360 1.379 1.419 1.573 1.644 1.572 1.605 1.543 1.503 1.572 1.518 1.572 1.258 1.504 1.530 1.786 1.702 1.626 1.653 1.655 1.662 1.570 1.215 1.376 1.561 1.569 1.681 1.720 1.725
1.407 1.378 1.491 1.560 1.626 1.581 1.544 1.541 1.481 1.431 1.627 1.620 1.901 1.568 1.631 1.687 1.678 1.327 1.526 1.563 1.581 1.559 1.607 1.574 1.607 1.606 1.364 1.593 1.586 1.701 1.808 1.580 1.558 1.600 1.363 1.473 1.730 1.681 1.670 1.678 1.662 1.690 1.485 1.541 1.639 1.527 1.497 1.475 1.215 1.371 1.601 1.611 1.614 1.608 1.574 1.584 1.562 1.601 1.382 1.476 1.062 1.460 1.593 1.649 1.782 1.581 1.638 1.612 1.667 1.685 1.503 1.498 1.534 1.525 1.588 1.700 1.737
1.763 1.436 1.310 1.514 1.598 1.566 1.407 1.599 1.541 1.591 1.446 1.632 1.616 1.581 1.746 1.684 1.645 1.515 1.473 1.597 1.512 1.598 1.610 1.572 1.569 1.583 1.323 1.455 1.569 1.649 1.570 1.540 1.559 1.487 1.422 1.489 1.636 1.656 1.614 1.737 1.643 1.723 1.599 1.333 1.484 1.584 1.260 1.388 1.461 1.412 1.334 1.494 1.608 1.575 1.607 1.580 1.578 1.654 1.518 1.405 1.406 1.518 1.638 1.670 1.823 1.599 1.641 1.607 1.647 1.657 1.660 1.294 1.450 1.585 1.572 1.703 1.705
1.490 1.530 1.401 1.402 1.330 1.500 1.561 1.469 1.464 1.448 1.373 1.805 1.582 1.626 1.593 1.695 1.619 1.667 1.422 1.573 1.598 1.527 1.666 1.571 1.576 1.591 1.528 1.562 1.682 1.661 1.509 1.470 1.551 1.682 1.606 1.397 1.637 1.680 1.657 1.659 1.679 1.671 1.636 1.556 1.313 1.498 1.474 1.489 1.488 1.534 1.472 1.434 1.558 1.553 1.501 1.546 1.565 1.606 1.567 1.462 1.383 1.600 1.664 1.676 1.811 1.659 1.648 1.666 1.707 1.714 1.707 1.540 1.502 1.483 1.441 1.589 1.722
1.819 1.508 1.379 1.384 1.439 1.570 1.505 1.548 1.561 1.663 1.726 1.679 1.591 1.594 1.662 1.575 1.699 1.683 1.458 1.372 1.599 1.618 1.589 1.587 1.577 1.594 1.605 1.348 1.561 1.653 1.549 1.543 1.626 1.670 1.581 1.508 1.434 1.612 1.673 1.647 1.591 1.661 1.538 1.435 1.364 1.570 1.524 1.029 1.519 1.495 1.468 1.461 1.581 1.546 1.557 1.572 1.583 1.576 1.587 1.390 1.494 1.646 1.601 1.642 1.775 1.660 1.715 1.781 1.723 1.731 1.687 1.661 1.349 1.436 1.642 1.582 1.823
1.422 1.385 1.435 1.608 1.521 1.505 1.545 1.419 1.434 1.551 1.586 1.462 1.798 1.584 1.618 1.696 1.587 1.680 1.626 1.470 1.571 1.578 1.586 1.573 1.554 1.538 1.622 1.298 1.661 1.572 1.621 1.603 1.598 1.641 1.611 1.604 1.494 1.490 1.639 1.636 1.592 1.596 1.609 1.556 1.515 1.495 1.484 1.516 1.520 1.500 1.338 1.338 1.390 1.575 1.572 1.530 1.589 1.617 1.609 1.403 1.658 1.664 1.675 1.672 1.738 1.725 1.777 1.741 1.710 1.712 1.711 1.728 1.521 1.551 1.666 1.743 1.749
1.370 1.499 1.539 1.522 1.542 1.539 1.509 1.483 1.502 1.579 1.521 1.664 1.710 1.643 1.617 1.641 1.534 1.418 1.698 1.467 1.535 1.628 1.574 1.579 1.619 1.522 1.414 1.324 1.443 1.727 1.861 1.955 1.602 1.652 1.667 1.709 1.486 1.385 1.570 1.659 1.597 1.577 1.566 1.585 1.387 1.474 1.516 1.535 1.486 1.471 1.427 1.432 1.450 1.585 1.635 1.642 1.629 1.660 1.514 1.648 1.640 1.715 1.637 1.638 1.968 1.851 1.776 1.734 1.782 1.744 1.723 1.679 1.530 1.421 1.446 1.718 1.581
1.472 1.559 1.506 1.498 1.505 1.533 1.563 1.482 1.549 1.569 1.648 1.748 1.490 1.540 1.471 1.505 1.526 1.546 1.608 1.517 1.507 1.558 1.566 1.425 1.366 1.505 1.688 1.497 1.259 1.507 1.571 1.742 2.032 1.604 1.626 1.704 1.652 1.529 1.661 1.665 1.648 1.694 1.657 1.599 1.545 1.311 1.468 1.487 1.474 1.511 1.495 1.479 1.449 1.521 1.595 1.572 1.627 1.606 1.421 1.565 1.809 1.658 1.692 1.680 1.667 1.722 1.761 1.736 1.813 1.784 1.762 1.753 1.615 1.832 1.487 1.748 1.646
1.533 1.354 1.540 1.509 1.505 1.588 1.578 1.553 1.765 1.578 1.577 1.540 1.507 1.435 1.548 1.612 1.668 1.615 1.640 1.608 1.437 1.493 1.490 1.416 1.524 1.504 1.556 1.661 1.506 1.520 1.594 1.657 1.955 1.608 1.596 1.693 1.720 1.433 1.570 1.600 1.593 1.550 1.535 1.592 1.592 1.282 1.462 1.485 1.508 1.515 1.365 1.564 1.507 1.412 1.662 1.605 1.683 1.541 1.479 1.693 1.725 1.558 1.696 1.692 1.697 1.745 1.750 1.708 1.639 1.638 1.526 1.720 1.827 1.745 1.444 1.521 1.748
1.409 1.426 1.330 1.496 1.534 1.629 2.007 1.635 1.631 1.569 1.530 1.625 1.681 1.594 1.993 1.640 1.612 1.633 1.617 1.627 1.355 1.411 1.581 1.603 1.559 1.541 1.659 1.626 1.582 1.348 1.613 1.589 1.990 1.706 1.628 1.664 1.645 1.530 1.434 1.598 1.526 1.604 1.529 1.559 1.523 1.430 1.436 1.451 1.397 1.497 1.374 1.795 1.708 1.484 1.518 1.664 1.505 1.400 1.659 1.751 1.651 1.667 1.685 1.695 1.754 1.765 1.711 1.719 1.567 1.629 1.721 1.790 1.752 1.891 1.601 1.524 1.754
1.514 1.544 1.529 1.306 1.555 1.485 1.590 1.564 1.559 1.571 1.563 1.630 1.670 1.379 1.687 1.636 1.662 1.641 1.647 1.676 1.627 1.537 1.581 1.612 1.595 1.628 1.564 1.690 1.749 1.600 1.655 1.616 1.667 2.029 1.767 1.731 1.733 1.615 1.594 1.575 1.549 1.546 1.584 1.595 1.599 1.577 1.434 1.362 1.643 1.797 1.612 1.777 1.850 1.244 1.370 1.590 1.356 1.592 1.775 1.679 1.706 1.700 1.663 1.740 1.786 1.732 1.618 1.684 1.817 1.898 1.935 1.860 1.721 1.821 1.775 1.378 1.575
1.497 1.498 1.528 1.421 1.464 1.583 1.561 1.569 1.627 1.587 1.606 1.622 1.522 1.569 1.577 1.631 1.656 1.613 1.624 1.630 1.616 1.416 1.579 1.657 1.623 1.621 1.611 1.618 1.547 1.599 1.455 1.838 1.853 1.939 2.128 1.895 1.802 1.723 1.395 1.534 1.571 1.557 1.573 1.595 1.568 1.567 1.488 1.076 1.739 1.800 1.670 1.665 1.517 1.541 1.443 1.389 1.611 1.796 1.692 1.752 1.737 1.896 1.740 1.714 1.562 1.726 1.749 1.732 1.760 1.777 1.745 1.759 1.719 1.776 1.832 1.670 1.548
1.442 1.512 1.347 1.417 1.616 1.462 1.540 1.530 1.451 1.442 1.625 1.312 1.653 1.525 1.501 1.599 1.552 1.594 1.628 1.557 1.574 1.694 1.573 1.682 1.662 1.657 1.598 1.625 2.084 1.604 1.342 1.460 1.913 1.906 2.085 2.048 1.836 1.779 1.582 1.395 1.580 1.567 1.573 1.584 1.561 1.638 1.589 1.374 1.620 1.818 1.783 1.442 1.506 1.392 1.547 1.682 1.736 1.681 1.691 1.710 1.777 1.726 1.692 1.667 1.754 1.765 1.818 1.753 1.750 1.726 1.767 1.768 1.765 1.833 1.866 1.867 1.552
1.502 1.480 1.174 1.502 1.587 1.448 1.364 1.573 1.525 1.323 1.559 1.683 1.658 1.550 1.498 1.584 1.630 1.586 1.674 1.637 2.049 1.614 1.522 1.596 1.707 1.678 1.747 1.940 1.651 1.639 1.599 1.485 1.905 1.982 2.008 1.948 1.932 1.768 1.587 1.530 1.534 1.574 1.560 1.578 1.670 1.578 1.577 1.346 1.170 1.780 1.752 1.479 1.420 1.619 1.639 1.694 1.658 1.666 1.695 1.643 1.632 1.721 1.761 1.806 1.813 1.780 1.775 1.718 1.737 1.800 1.782 1.831 1.881 1.907 1.962 1.870 1.688
1.305 1.257 1.417 1.407 1.373 1.539 1.525 1.160 1.345 1.720 1.636 1.769 1.743 1.706 1.513 1.514 1.609 1.605 1.616 1.600 1.648 1.680 1.499 1.404 1.634 1.621 1.679 1.681 1.601 1.570 1.651 1.267 1.575 1.839 1.847 1.972 1.941 1.716 1.790 1.604 1.450 1.622 1.675 1.660 1.596 1.548 1.560 1.584 1.128 1.185 1.500 1.555 1.560 1.664 1.898 1.686 1.693 1.692 1.597 1.691 1.747 1.844 1.796 1.766 1.753 1.547 1.571 1.731 1.752 1.798 1.919 1.861 1.882 1.947 1.840 1.826 1.727
1.316 1.708 1.461 1.418 1.288 1.575 1.645 1.530 1.343 1.687 1.670 1.707 1.695 1.669 1.591 1.393 1.579 1.610 1.625 1.599 1.583 1.574 1.702 1.522 1.600 1.586 1.678 1.653 1.666 1.632 1.599 1.558 1.469 1.667 1.820 1.874 1.973 1.739 1.710 1.621 1.480 1.596 1.667 1.567 1.608 1.607 1.606 1.582 1.377 1.381 1.532 1.594 1.561 1.658 1.795 1.618 1.553 1.669 1.765 1.777 1.763 1.663 1.799 1.777 1.738 1.772 1.751 1.786 1.813 1.790 1.821 1.824 1.834 1.715 0.910 0.468 0.421
1.357 1.341 1.209 1.424 1.553 1.645 1.706 1.662 1.346 1.743 1.717 1.758 1.529 1.695 1.783 1.566 1.550 1.597 1.664 1.599 1.576 1.589 1.627 1.498 1.563 1.609 1.647 1.615 1.629 1.624 1.612 1.734 1.411 1.612 1.743 1.688 1.768 1.948 1.642 1.624 1.472 1.524 1.620 1.601 1.584 1.541 1.565 1.457 1.513 1.652 1.652 1.604 1.738 1.645 1.554 1.693 1.757 1.796 1.762 1.760 1.770 1.757 1.781 1.661 1.715 1.769 1.773 1.789 1.702 1.558 0.870 0.541 1.069 1.586 1.658 1.472 1.709
1.223 1.369 1.625 1.659 1.641 1.712 1.708 1.712 1.635 1.508 1.542 1.616 1.594 1.573 1.576 1.494 1.522 1.600 1.597 1.590 1.611 1.627 1.683 1.634 1.714 1.653 1.627 1.623 1.681 1.646 1.645 1.619 1.467 1.485 1.645 1.671 1.654 1.911 1.894 1.652 1.558 1.293 1.573 1.594 1.613 1.574 1.360 1.515 1.583 1.657 1.651 1.627 1.512 1.551 1.694 1.739 1.745 1.838 1.771 1.784 1.710 1.658 1.604 1.684 1.711 1.620 0.885 0.445 1.077 1.562 1.579 1.498 1.521 1.528 1.510 1.534 1.548
1.393 1.381 1.410 1.713 1.768 1.698 1.588 1.565 1.665 1.464 1.514 1.568 1.600 1.559 1.548 1.614 1.605 1.672 1.568 1.640 1.619 1.615 1.698 1.653 1.469 1.586 1.667 1.703 1.642 1.707 1.652 1.554 1.552 1.349 1.587 1.628 1.655 1.605 1.861 1.737 1.612 1.425 1.447 1.366 1.535 1.449 1.548 1.607 1.662 1.506 1.569 1.517 1.639 1.712 1.893 1.733 1.901 1.760 1.724 1.683 1.787 1.784 0.937 0.352 0.834 1.342 1.548 1.580 1.464 1.512 1.430 1.481 1.532 1.492 1.598 1.583 1.689
1.477 1.421 1.696 1.959 1.796 1.709 1.551 1.494 1.481 1.418 1.372 1.563 1.561 1.719 1.866 1.607 1.485 1.549 1.590 1.616 1.605 1.649 1.736 1.776 1.648 1.579 1.602 1.652 1.648 1.630 1.595 1.563 1.553 1.361 1.443 1.596 1.616 1.690 1.614 1.944 1.663 1.400 1.339 1.453 1.528 1.600 1.713 1.683 1.574 1.561 1.668 1.722 1.716 1.692 1.732 1.679 1.699 1.797 1.666 0.859 0.858 1.278 1.488 1.507 1.506 1.528 1.498 1.517 1.439 1.550 1.516 1.534 1.562 1.549 1.638 1.843 1.389
1.610 1.327 1.702 1.744 1.832 1.698 1.408 1.436 1.622 1.563 1.431 1.376 1.618 1.888 1.893 1.875 1.526 1.412 1.596 1.657 1.629 1.688 1.652 1.587 1.630 1.459 1.557 1.811 1.615 1.634 1.583 1.613 1.547 1.416 1.441 1.561 1.530 1.589 1.555 1.430 1.488 1.567 1.486 1.526 1.630 1.517 1.606 1.495 1.583 1.681 1.652 1.620 1.647 1.762 1.750 1.075 0.233 1.073 1.428 1.541 1.636 1.562 1.657 1.668 1.671 1.682 1.681 1.679 1.612 1.643 1.649 1.758 1.750 1.598 1.754 1.442 1.461
1.215 1.098 1.365 1.717 1.806 1.893 1.540 1.634 1.635 1.608 1.593 1.541 1.453 1.811 1.651 1.563 1.633 1.360 1.553 1.631 1.646 1.646 1.631 1.691 1.786 1.616 1.517 1.776 1.657 1.704 1.651 1.587 1.557 1.479 1.233 1.427 1.494 1.563 0.592 0.563 1.070 1.514 1.593 1.521 1.530 1.486 1.613 1.621 1.609 1.587 1.714 1.704 0.830 0.375 1.266 1.819 1.990 2.240 2.268 2.397 2.404 2.384 2.437 2.439 2.427 2.473 2.495 2.467 2.415 2.402 2.452 2.438 2.447 2.476 2.478 2.911 2.640
1.533 1.450 1.057 1.790 1.616 1.584 1.640 1.609 1.625 1.659 1.645 1.675 1.606 1.343 1.610 1.646 1.614 1.704 1.401 1.894 1.812 1.793 1.803 1.701 1.687 1.669 1.563 1.556 1.549 1.600 1.548 1.487 1.442 1.355 0.088 0.472 1.133 1.319 1.627 1.542 1.571 0.980 0.987 0.124 0.933 1.059 1.666 1.789 1.207 0.392 1.249 2.141 2.539 2.693 2.722 2.833 2.837 2.956 2.953 3.061 3.136 3.213 3.240 3.268 3.342 3.325 3.353 3.331 3.372 3.289 3.378 3.301 3.302 3.277 3.229 4.185 3.351
1.649 1.510 1.430 1.277 1.488 1.792 1.738 1.665 1.630 1.645 1.649 1.727 1.693 1.321 1.449 1.617 1.628 1.676 1.660 1.564 1.633 1.683 1.678 1.730 1.633 1.677 1.354 1.466 1.539 1.502 1.413 1.348 0.351 0.993 1.366 1.338 1.433 1.532 1.945 2.272 2.434 2.566 2.521 2.596 2.670 2.719 2.761 2.898 3.116 3.360 3.448 3.642 3.738 3.784 3.896 3.970 4.142 4.204 4.255 4.301 4.421 4.475 4.430 4.217 4.150 4.321 4.495 4.696 4.586 4.143 4.164 4.193 4.159 4.388 4.576 4.509 4.189
1.569 1.689 1.408 1.297 1.506 1.734 1.792 1.663 1.706 1.669 1.714 1.618 1.649 1.657 1.626 1.486 1.672 1.590 1.588 1.484 1.634 1.625 1.631 1.730 1.603 1.510 1.371 1.426 1.516 1.494 0.420 0.934 1.535 1.827 2.076 2.472 2.515 2.606 2.726 2.844 3.063 3.278 3.408 3.541 3.725 3.953 4.142 4.317 4.476 4.683 5.198 5.087 4.942 4.985 4.976 4.935 5.033 5.177 5.075 5.160 5.146 5.465 5.443 5.178 5.354 4.918 4.900 4.973 5.060 5.170 5.111 5.512 5.361 5.022 4.997 4.869 4.839
1.601 1.372 1.311 1.269 1.693 1.690 1.843 1.744 1.642 1.690 1.667 1.642 1.648 1.748 1.586 1.631 1.478 1.669 1.606 1.388 1.617 1.568 1.568 1.573 1.560 1.645 1.428 0.602 0.650 1.595 2.271 2.398 2.531 2.750 2.847 2.981 3.246 3.441 3.686 3.910 4.121 4.348 4.588 5.068 4.845 4.996 5.102 5.065 5.212 5.556 6.184 5.986 5.845 5.606 5.521 5.707 5.877 5.745 5.957 5.996 5.877 5.922 5.664 5.608 5.621 5.836 5.680 6.120 5.733 5.981 5.729 5.725 5.632 5.764 5.607 5.773 5.869
1.644 1.625 1.615 1.455 1.272 1.641 1.799 1.802 1.700 1.648 1.705 1.615 1.613 1.711 1.578 1.567 1.486 1.463 1.562 1.488 1.487 1.615 1.591 1.360 0.296 0.829 2.046 2.524 2.574 2.627 2.808 2.974 3.277 3.488 3.820 4.076 4.370 4.633 4.931 5.179 5.525 5.398 5.559 5.577 5.392 5.597 5.598 5.541 5.625 5.987 6.197 6.257 6.415 6.205 6.144 6.009 6.082 6.195 6.317 6.281 6.361 6.398 6.476 6.692 6.302 6.579 6.197 6.168 6.131 6.084 6.446 6.613 6.519 7.027 6.462 6.063 6.037
1.729 1.622 1.716 1.526 1.588 1.749 1.780 1.713 1.736 1.541 1.574 1.571 1.590 1.668 1.742 1.769 1.614 1.389 0.306 0.752 0.582 0.188 1.034 2.181 2.510 2.530 2.711 2.877 3.150 3.456 3.695 4.017 4.335 4.556 4.678 4.806 5.089 5.159 5.413 5.653 5.903 5.996 5.986 6.011 5.962 6.270 6.139 6.176 6.083 6.250 6.420 6.484 6.514 6.481 6.475 6.662 6.559 6.660 6.664 6.675 6.666 6.703 6.674 6.738 6.613 6.639 6.801 7.185 7.203 7.138 7.668 7.901 7.154 6.994 6.731 6.515 6.570
1.683 1.558 1.608 1.211 1.798 0.563 0.230 0.311 1.789 1.511 1.314 0.762 0.212 0.253 0.604 0.791 1.328 1.398 1.509 1.790 2.313 2.606 2.629 2.685 2.933 3.152 3.459 3.738 4.162 4.834 4.836 4.875 5.170 5.405 5.826 5.599 5.685 5.885 5.906 6.428 6.380 6.851 6.289 6.306 6.585 6.501 6.666 6.549 6.662 6.653 6.670 6.860 6.804 6.880 6.773 6.745 6.835 6.846 7.003 7.125 7.156 7.250 7.329 7.312 7.627 7.548 7.498 7.982 7.972 7.669 7.990 8.024 7.501 7.531 7.509 7.392 7.181
1.674 1.420 1.488 0.557 0.574 1.195 1.432 1.494 1.261 1.093 1.341 1.430 1.510 1.939 2.306 1.744 1.554 2.244 2.528 2.741 2.843 3.038 3.269 3.472 3.734 4.045 4.944 4.742 5.262 5.549 5.922 5.974 5.690 5.749 5.795 5.914 5.988 6.126 6.294 6.422 6.535 6.625 6.492 6.532 6.878 6.843 7.016 6.840 6.812 6.912 6.977 7.005 7.001 7.104 7.249 7.218 7.400 7.522 7.439 7.532 7.571 8.018 8.131 7.915 8.188 8.122 7.913 8.037 8.064 8.229 8.315 8.252 8.358 8.452 8.574 8.195 7.822
1.690 1.428 1.372 0.679 0.617 1.647 1.430 1.463 1.446 1.584 1.703 1.736 1.895 2.614 2.592 2.645 2.694 2.988 3.023 3.242 3.444 3.673 4.006 4.725 4.940 5.149 5.562 5.837 5.745 5.890 6.090 6.068 6.260 6.260 6.537 6.357 6.545 6.528 6.651 6.696 7.002 7.011 7.061 7.180 7.142 7.377 7.320 7.389 7.372 7.282 7.263 7.502 7.700 7.614 7.806 7.755 7.717 7.665 7.845 7.944 8.010 8.183 8.195 8.158 8.230 8.326 8.411 8.629 8.768 8.949 9.119 8.963 8.861 9.130 9.317 8.792 8.545
1.701 1.637 1.401 0.029 1.444 1.427 1.504 1.574 1.656 1.756 2.249 2.530 2.669 2.766 2.931 3.151 3.190 3.387 3.656 3.968 4.675 4.738 4.886 5.105 5.390 5.692 5.858 6.058 6.211 6.407 6.348 6.377 6.506 6.546 6.654 6.719 6.736 6.796 6.834 6.944 7.150 7.213 7.318 7.387 7.540 7.741 7.666 7.669 7.628 7.667 7.711 7.830 7.852 7.900 8.029 8.318 8.574 8.546 8.841 9.120 8.717 8.671 8.770 8.835 8.984 9.058 9.358 9.342 9.286 9.639 9.834 9.527 9.245 9.287 9.305 9.210 9.167
1.702 1.839 1.718 1.243 1.208 1.316 1.842 2.344 2.359 2.568 2.653 2.783 3.002 3.187 3.446 3.666 3.843 4.256 4.575 4.840 5.007 5.444 5.548 5.662 5.937 6.180 6.190 6.335 6.386 6.478 6.606 6.753 6.859 7.165 7.283 7.595 7.533 7.448 7.599 7.497 7.708 7.816 7.868 7.895 8.090 8.056 8.146 8.293 8.246 8.601 8.635 8.304 8.310 8.412 8.601 9.350 9.647 9.209 9.721 10.211 9.472 9.307 9.576 9.666 9.512 9.643 10.081 9.890 9.679 9.849 9.842 9.803 9.735 9.672 9.661 9.537 9.456
