includes/rochefort/floodfiles/results/res.maxtm
ncols         730
nrows         472
xllcorner     380607.512070
yllcorner     6542070.270600
cellsize      20.000000
NODATA_value  -9999.000000
[rows 416 to 441 of 472, columns 120 to 179 of 730]
-9999.000 -9999.000 -9999.000 -9999.000 -9999.000 -9999.000 -9999.000 -9999.000 -9999.000 -9999.000 -9999.000 -9999.000 13.733 13.734 13.735 13.736 13.736 13.736 13.738 13.739 13.739 13.739 13.739 13.740 13.741 13.741 13.742 13.743 13.743 13.743 13.741 13.741 13.742 13.743 13.744 13.745 13.746 13.747 13.747 13.747 13.748 13.752 13.753 13.753 13.761 13.756 13.758 13.759 13.759 13.759 13.758 13.758 13.762 13.761 13.761 13.760 13.760 13.759 13.760 13.761
-9999.000 -9999.000 -9999.000 -9999.000 -9999.000 -9999.000 -9999.000 -9999.000 -9999.000 -9999.000 -9999.000 -9999.000 13.734 13.734 13.736 13.736 13.736 13.738 13.739 13.739 13.740 13.740 13.740 13.740 13.740 13.741 13.742 13.742 13.742 13.742 13.741 13.741 13.741 13.742 13.744 13.745 13.745 13.747 13.747 13.748 13.749 13.749 13.751 13.762 13.762 13.761 13.757 13.758 13.758 13.758 13.757 13.757 13.761 13.760 13.760 13.760 13.759 13.759 13.760 13.761
-9999.000 -9999.000 -9999.000 -9999.000 -9999.000 -9999.000 -9999.000 -9999.000 -9999.000 -9999.000 -9999.000 -9999.000 13.755 13.755 13.736 13.736 13.737 13.738 13.739 13.739 13.740 13.741 13.741 13.740 13.740 13.739 13.740 13.742 13.742 13.742 13.741 13.741 13.741 13.742 13.744 13.745 13.745 13.746 13.748 13.749 13.749 13.750 13.751 13.761 13.761 13.758 13.756 13.757 13.757 13.756 13.756 13.764 13.764 13.760 13.760 13.760 13.759 13.759 13.760 13.760
-9999.000 -9999.000 -9999.000 -9999.000 -9999.000 -9999.000 -9999.000 -9999.000 -9999.000 -9999.000 -9999.000 -9999.000 13.755 13.755 13.755 13.737 13.737 13.738 13.739 13.739 13.740 13.741 13.740 13.740 13.739 13.738 13.738 13.738 13.742 13.742 13.742 13.741 13.741 13.741 13.745 13.745 13.745 13.746 13.747 13.749 13.749 13.762 13.762 13.760 13.759 13.757 13.756 13.756 13.755 13.769 13.765 13.765 13.765 13.763 13.761 13.760 13.760 13.760 13.760 13.760
-9999.000 -9999.000 -9999.000 -9999.000 -9999.000 -9999.000 -9999.000 -9999.000 -9999.000 -9999.000 -9999.000 -9999.000 13.755 13.755 13.755 13.755 13.737 13.738 13.738 13.739 13.739 13.740 13.740 13.739 13.738 13.738 13.738 13.738 13.738 13.739 13.741 13.740 13.739 13.739 13.739 13.745 14.491 14.491 14.492 13.762 13.762 13.762 13.762 14.500 13.758 13.757 13.767 13.768 13.769 13.769 13.768 13.766 13.765 13.764 13.762 13.762 13.762 13.761 13.760 13.760
-9999.000 -9999.000 -9999.000 -9999.000 -9999.000 -9999.000 -9999.000 -9999.000 -9999.000 -9999.000 -9999.000 -9999.000 13.755 13.755 13.755 13.755 13.744 13.744 13.738 13.738 13.738 13.737 13.737 13.738 13.738 13.738 13.738 13.738 13.738 13.738 13.740 14.498 14.498 14.485 14.491 14.490 14.490 14.490 14.490 14.491 14.496 14.500 14.500 14.500 14.500 13.768 13.768 13.768 13.768 13.768 13.768 13.768 13.768 13.764 13.763 13.762 13.762 13.762 13.761 13.760
-9999.000 -9999.000 -9999.000 -9999.000 -9999.000 -9999.000 -9999.000 -9999.000 -9999.000 -9999.000 -9999.000 -9999.000 14.489 14.489 14.489 14.490 14.491 14.492 14.493 13.746 13.745 13.737 13.737 13.737 13.737 13.738 13.738 14.495 14.496 14.497 14.497 14.497 14.497 14.485 14.487 14.489 14.489 14.490 14.491 14.492 14.496 14.500 14.498 14.498 14.498 14.498 13.770 13.769 13.768 13.768 13.768 13.768 13.768 13.768 13.766 13.763 13.763 13.763 13.764 13.759
-9999.000 -9999.000 -9999.000 -9999.000 -9999.000 -9999.000 -9999.000 -9999.000 -9999.000 -9999.000 -9999.000 -9999.000 14.489 14.489 14.489 14.489 14.491 14.493 14.493 14.494 14.489 14.489 14.489 14.489 14.487 14.494 14.494 14.494 14.494 14.496 14.496 14.497 14.486 14.486 14.486 14.487 14.489 14.490 14.491 14.499 14.495 14.496 14.498 14.498 14.498 14.498 14.497 13.771 13.767 13.767 13.767 13.767 13.768 13.768 13.768 13.767 13.765 13.764 13.765 13.760
-9999.000 -9999.000 -9999.000 -9999.000 -9999.000 -9999.000 -9999.000 -9999.000 -9999.000 -9999.000 -9999.000 -9999.000 14.489 14.489 14.489 14.488 14.491 14.493 14.493 14.493 14.493 14.490 14.489 14.489 14.489 14.494 14.493 14.493 14.493 14.492 14.491 14.489 14.486 14.486 14.485 14.485 14.485 14.492 14.493 14.494 14.496 14.497 14.497 14.498 14.498 14.499 14.499 14.497 13.765 13.766 13.766 13.767 13.768 13.768 13.768 13.767 13.766 13.765 13.764 13.760
-9999.000 -9999.000 -9999.000 -9999.000 -9999.000 -9999.000 -9999.000 -9999.000 -9999.000 -9999.000 -9999.000 -9999.000 14.487 14.488 14.488 14.488 14.487 14.494 14.494 14.493 14.493 14.500 14.500 14.489 14.489 14.490 14.492 14.492 14.492 14.492 14.492 14.489 14.488 14.487 14.485 14.485 14.485 14.485 14.493 14.495 14.496 14.497 14.497 14.497 14.498 14.499 14.500 14.500 14.500 13.766 13.766 13.767 13.768 13.768 13.768 13.767 13.766 13.764 13.762 13.760
-9999.000 -9999.000 -9999.000 -9999.000 -9999.000 -9999.000 -9999.000 -9999.000 -9999.000 -9999.000 -9999.000 -9999.000 14.486 14.486 14.488 14.488 14.495 14.496 14.496 14.496 14.499 14.500 14.500 14.489 14.489 14.489 14.491 14.492 14.492 14.492 14.491 14.489 14.488 14.488 14.486 14.485 14.485 14.486 14.487 14.496 14.496 14.497 14.497 14.497 14.497 14.499 14.500 14.500 14.500 14.500 13.767 13.768 13.767 13.767 13.766 13.766 13.766 13.761 13.760 13.760
-9999.000 -9999.000 -9999.000 -9999.000 -9999.000 -9999.000 -9999.000 -9999.000 -9999.000 -9999.000 -9999.000 -9999.000 14.487 14.487 14.487 14.488 14.496 14.496 14.496 14.497 14.498 14.500 14.500 14.499 14.489 14.489 14.491 14.492 14.492 14.492 14.490 14.489 14.489 14.489 14.486 14.486 14.487 14.487 14.488 14.488 14.498 14.498 14.497 14.496 14.496 14.498 14.500 14.500 14.500 14.472 14.472 14.471 14.470 13.766 13.765 13.764 13.762 13.761 13.760 13.759
-9999.000 -9999.000 -9999.000 -9999.000 -9999.000 -9999.000 -9999.000 -9999.000 -9999.000 -9999.000 -9999.000 -9999.000 14.500 14.500 14.500 14.500 14.499 14.498 14.497 14.497 14.497 14.498 14.499 14.498 14.489 14.489 14.490 14.491 14.491 14.490 14.489 14.489 14.489 14.489 14.487 14.487 14.487 14.488 14.488 14.489 14.499 14.499 14.498 14.496 14.496 14.500 14.500 14.500 14.472 14.472 14.472 14.470 14.470 14.470 14.449 14.449 14.450 14.450 13.760 13.759
-9999.000 -9999.000 -9999.000 -9999.000 -9999.000 -9999.000 -9999.000 -9999.000 -9999.000 -9999.000 -9999.000 -9999.000 14.500 14.500 14.500 14.500 14.499 14.498 14.498 14.497 14.497 14.497 14.498 14.497 14.494 14.494 14.491 14.489 14.489 14.489 14.489 14.489 14.489 14.488 14.487 14.487 14.487 14.488 14.489 14.489 14.490 14.500 14.499 14.499 14.438 14.438 14.439 14.440 14.441 14.442 14.442 14.469 14.470 14.444 14.450 14.449 14.449 14.450 14.451 14.453
-9999.000 -9999.000 -9999.000 -9999.000 -9999.000 -9999.000 -9999.000 -9999.000 -9999.000 -9999.000 -9999.000 -9999.000 14.500 14.500 14.500 14.500 14.500 14.498 14.497 14.497 14.496 14.496 14.496 14.495 14.494 14.494 14.493 14.489 14.489 14.489 14.490 14.490 14.487 14.487 14.487 14.487 14.487 14.488 14.489 14.489 14.436 14.436 14.436 14.437 14.437 14.438 14.437 14.437 14.437 14.441 14.441 14.443 14.444 14.444 14.445 14.446 14.448 14.450 14.451 14.455
-9999.000 -9999.000 -9999.000 -9999.000 -9999.000 -9999.000 -9999.000 -9999.000 -9999.000 -9999.000 -9999.000 -9999.000 14.500 14.500 14.500 14.500 14.500 14.461 14.497 14.496 14.496 14.496 14.495 14.494 14.494 14.494 14.493 14.493 14.489 14.490 14.491 14.492 14.493 14.486 14.486 14.487 14.488 14.489 14.433 14.434 14.436 14.436 14.436 14.437 14.437 14.437 14.437 14.437 14.437 14.439 14.440 14.445 14.444 14.444 14.445 14.446 14.447 14.455 14.455 14.455
-9999.000 -9999.000 -9999.000 -9999.000 -9999.000 -9999.000 -9999.000 -9999.000 -9999.000 -9999.000 -9999.000 -9999.000 14.500 14.500 14.500 14.459 14.460 14.461 14.462 14.462 14.462 14.494 14.494 14.495 14.494 14.494 14.493 14.492 14.489 14.490 14.492 14.493 14.493 14.434 14.432 14.431 14.431 14.432 14.434 14.434 14.436 14.437 14.437 14.438 14.437 14.437 14.438 14.438 14.438 14.438 14.440 14.444 14.443 14.443 14.445 14.445 14.455 14.455 14.454 14.454
-9999.000 -9999.000 -9999.000 -9999.000 -9999.000 -9999.000 -9999.000 -9999.000 -9999.000 -9999.000 -9999.000 -9999.000 14.406 14.406 14.406 14.401 14.401 14.400 14.462 14.398 14.398 14.398 14.416 14.414 14.422 14.422 14.421 14.419 14.419 14.428 14.427 14.426 14.426 14.434 14.432 14.430 14.430 14.436 14.435 14.435 14.436 14.437 14.438 14.432 14.432 14.432 14.433 14.433 14.434 14.435 14.436 14.437 14.441 14.441 14.441 14.445 14.454 14.455 14.454 14.453
-9999.000 -9999.000 -9999.000 -9999.000 -9999.000 -9999.000 -9999.000 -9999.000 -9999.000 -9999.000 -9999.000 -9999.000 14.406 14.405 14.404 14.402 14.401 14.401 14.412 14.398 14.398 14.398 14.415 14.414 14.413 14.421 14.420 14.419 14.419 14.419 14.427 14.426 14.426 14.426 14.431 14.430 14.430 14.436 14.435 14.435 14.435 14.431 14.431 14.432 14.432 14.433 14.432 14.433 14.434 14.434 14.435 14.436 14.438 14.440 14.440 14.450 14.451 14.454 14.454 14.454
-9999.000 -9999.000 -9999.000 -9999.000 -9999.000 -9999.000 -9999.000 -9999.000 -9999.000 -9999.000 -9999.000 -9999.000 14.406 14.406 14.403 14.402 14.402 14.402 14.402 14.398 14.398 14.398 14.407 14.406 14.405 14.406 14.409 14.420 14.421 14.421 14.422 14.423 14.426 14.426 14.430 14.430 14.430 14.432 14.434 14.434 14.434 14.431 14.431 14.432 14.433 14.434 14.432 14.432 14.434 14.434 14.434 14.436 14.438 14.439 14.440 14.439 14.451 14.453 14.453 14.451
-9999.000 -9999.000 -9999.000 -9999.000 -9999.000 -9999.000 -9999.000 -9999.000 -9999.000 -9999.000 -9999.000 -9999.000 14.403 14.402 14.402 14.402 14.401 14.402 14.403 14.402 14.402 14.402 14.406 14.405 14.405 14.407 14.409 14.409 14.421 14.421 14.422 14.422 14.423 14.418 14.419 14.430 14.431 14.433 14.434 14.434 14.433 14.430 14.431 14.431 14.427 14.434 14.431 14.431 14.434 14.434 14.434 14.437 14.438 14.439 14.440 14.439 14.446 14.446 14.450 14.451
-9999.000 -9999.000 -9999.000 -9999.000 -9999.000 -9999.000 -9999.000 -9999.000 -9999.000 -9999.000 -9999.000 -9999.000 14.403 14.403 14.404 14.404 14.405 14.405 14.404 14.403 14.402 14.402 14.403 14.405 14.405 14.406 14.400 14.410 14.411 14.412 14.422 14.422 14.417 14.418 14.418 14.418 14.432 14.433 14.433 14.427 14.429 14.429 14.428 14.427 14.427 14.428 14.428 14.430 14.434 14.434 14.434 14.434 14.438 14.439 14.440 14.435 14.446 14.447 14.449 14.452
-9999.000 -9999.000 -9999.000 -9999.000 -9999.000 -9999.000 -9999.000 -9999.000 -9999.000 -9999.000 -9999.000 -9999.000 14.403 14.403 14.403 14.404 14.405 14.405 14.405 14.403 14.402 14.403 14.403 14.404 14.405 14.401 14.401 14.411 14.412 14.412 14.413 14.416 14.419 14.419 14.419 14.419 14.419 14.432 14.428 14.429 14.429 14.429 14.427 14.427 14.427 14.427 14.428 14.429 14.434 14.433 14.434 14.434 14.441 14.440 14.442 14.435 14.445 14.447 14.449 14.451
-9999.000 -9999.000 -9999.000 -9999.000 -9999.000 -9999.000 -9999.000 -9999.000 -9999.000 -9999.000 -9999.000 -9999.000 14.404 14.404 14.403 14.404 14.405 14.405 14.405 14.405 14.402 14.403 14.404 14.404 14.403 14.402 14.402 14.402 14.412 14.414 14.415 14.417 14.419 14.419 14.419 14.419 14.419 14.420 14.428 14.428 14.428 14.427 14.427 14.426 14.425 14.424 14.424 14.427 14.422 14.432 14.432 14.427 14.418 14.441 14.442 14.443 14.446 14.447 14.449 14.450
-9999.000 -9999.000 -9999.000 -9999.000 -9999.000 -9999.000 -9999.000 -9999.000 -9999.000 -9999.000 -9999.000 -9999.000 14.396 14.396 14.395 14.402 14.401 14.400 14.400 14.405 14.404 14.404 14.404 14.403 14.403 14.403 14.403 14.404 14.414 14.415 14.415 14.415 14.419 14.419 14.420 14.419 14.419 14.417 14.427 14.427 14.427 14.427 14.426 14.426 14.424 14.424 14.424 14.424 14.424 14.424 14.424 14.427 14.417 14.417 14.440 14.448 14.447 14.447 14.448 14.445
-9999.000 -9999.000 -9999.000 -9999.000 -9999.000 -9999.000 -9999.000 -9999.000 -9999.000 -9999.000 -9999.000 -9999.000 14.397 14.397 14.396 14.395 14.402 14.402 14.402 14.403 14.404 14.404 14.404 14.404 14.403 14.404 14.404 14.405 14.405 14.415 14.415 14.415 14.413 14.420 14.421 14.418 14.417 14.417 14.416 14.426 14.426 14.426 14.426 14.424 14.423 14.424 14.424 14.425 14.425 14.424 14.424 14.428 14.417 14.417 14.440 14.448 14.447 14.445 14.445 14.445
