includes/rochefort/floodfiles/results/res.dem
ncols         730
nrows         472
xllcorner     380607.512070
yllcorner     6542070.270600
cellsize      20.000000
NODATA_value  -9999.000000
[rows 120 to 149 of 472, columns 528 to 593 of 730]
2.409 2.409 2.728 2.728 2.728 3.467 3.467 3.797 3.797 4.926 4.926 5.555 5.555 5.555 5.555 5.874 7.233 7.233 7.233 7.233 7.233 7.233 8.072 8.072 5.301 5.301 5.301 5.301 5.790 5.790 5.790 5.790 5.790 5.790 3.950 3.950 9.250 9.250 9.250 9.250 9.250 9.250 9.250 11.410 11.410 11.410 11.410 11.410 11.410 11.410 11.410 12.440 12.440 12.440 10.670 10.670 10.670 10.670 10.670 10.670 10.670 10.670 13.190 13.190 13.190 13.190
2.329 2.279 2.279 2.728 2.728 2.977 3.797 3.797 3.797 3.797 4.526 5.555 5.555 5.555 5.555 7.684 7.684 7.233 7.233 7.233 7.233 8.072 8.072 8.072 8.072 5.301 5.301 5.301 5.790 5.790 5.790 5.790 5.790 5.790 6.618 6.618 6.618 9.250 9.250 9.250 9.250 9.250 9.250 11.410 11.410 11.410 11.410 11.410 11.410 11.410 12.440 12.440 12.440 12.440 12.440 10.670 10.670 10.670 10.670 10.670 10.670 10.670 13.190 13.190 13.190 13.190
2.329 2.279 2.279 4.378 2.977 2.977 2.977 3.797 3.797 4.526 4.526 4.526 5.555 5.555 7.684 7.684 7.684 7.684 7.233 7.233 8.072 8.072 8.072 8.072 8.072 8.072 8.331 5.790 5.790 5.790 5.790 5.790 5.790 6.618 6.618 6.618 6.618 6.618 9.250 9.250 9.250 9.250 11.410 11.410 11.410 11.410 11.410 11.410 11.410 11.410 12.440 12.440 12.440 12.440 12.440 12.440 10.670 10.670 10.670 10.670 10.670 13.190 13.190 13.190 13.190 13.190
2.329 2.489 4.378 4.378 4.378 2.977 2.977 3.497 4.526 4.526 4.526 4.526 4.526 5.555 7.684 7.684 7.684 7.684 7.684 8.072 8.072 8.072 8.072 8.072 8.072 8.331 8.331 8.331 5.790 5.790 5.790 5.790 5.790 6.618 6.618 6.618 6.618 6.618 6.618 10.096 10.096 10.096 11.410 11.410 11.410 11.410 11.410 11.410 11.410 12.440 12.440 12.440 12.440 12.440 12.440 12.440 12.440 10.670 10.670 10.670 10.670 13.190 13.190 13.190 13.190 13.190
2.489 2.489 4.378 4.378 4.378 2.977 3.497 3.497 3.497 4.526 4.526 4.526 5.495 5.495 7.684 7.684 7.684 7.684 8.513 8.513 8.072 8.072 8.072 8.072 8.331 8.331 8.331 8.331 8.331 5.790 5.790 5.790 6.618 6.618 6.618 6.618 6.618 6.618 6.618 10.096 10.096 10.096 10.096 11.410 11.410 11.410 11.410 11.410 11.410 12.440 12.440 12.440 12.440 12.440 12.440 12.440 12.440 13.330 13.330 13.330 13.330 13.190 13.190 13.190 13.190 13.190
2.489 2.489 2.489 4.378 3.328 3.328 3.497 3.497 3.497 5.016 4.526 5.495 5.495 5.495 5.495 7.684 7.684 8.513 8.513 8.513 8.513 8.072 8.072 8.072 8.331 8.331 8.331 8.331 8.331 8.331 9.289 9.289 6.618 6.618 6.618 6.618 6.618 6.618 10.096 10.096 10.096 10.096 10.096 10.096 11.410 11.410 11.410 11.410 12.440 12.440 12.440 12.440 12.440 12.440 12.440 12.440 12.440 13.330 13.330 13.330 13.330 13.330 13.190 13.190 13.190 13.190
2.409 2.468 2.468 2.468 3.328 3.328 3.328 3.497 5.016 5.016 5.016 5.495 5.495 5.495 5.495 7.684 8.513 8.513 8.513 8.513 8.513 8.513 11.952 11.952 8.331 8.331 8.331 8.331 8.331 9.289 9.289 9.289 9.289 6.618 6.618 6.618 6.618 6.618 10.096 10.096 10.096 10.096 10.096 10.096 10.096 11.410 11.410 11.410 12.440 12.440 12.440 12.440 12.440 12.440 12.440 12.440 13.330 13.330 13.330 13.330 13.330 13.330 13.330 13.190 13.190 13.190
2.409 2.468 2.468 2.468 3.328 3.328 3.227 3.227 5.016 5.016 5.016 5.495 5.495 5.495 7.124 7.124 7.124 8.513 8.513 8.513 8.513 11.952 11.952 11.952 8.331 8.331 8.331 8.331 8.331 9.289 9.289 9.289 9.289 9.289 6.618 6.618 6.618 10.096 10.096 10.096 10.096 10.096 10.096 10.096 11.870 11.870 11.870 11.870 12.440 12.440 12.440 12.440 12.440 12.440 12.440 13.330 13.330 13.330 13.330 13.330 13.330 13.330 13.330 13.330 13.190 13.190
2.479 2.479 2.468 4.498 4.498 3.227 3.227 3.227 5.016 5.016 5.016 6.755 6.755 7.124 7.124 7.124 7.124 7.124 8.513 8.513 11.952 11.952 11.952 11.952 11.952 8.331 8.331 8.331 9.289 9.289 9.289 9.289 9.289 9.289 9.289 10.078 10.078 10.096 10.096 10.096 10.096 10.096 10.096 10.096 11.870 11.870 11.870 11.870 11.870 12.440 12.440 12.440 12.440 12.440 12.440 13.330 13.330 13.330 13.330 13.330 13.330 13.330 13.330 13.330 15.330 15.330
2.849 2.479 2.758 4.498 4.498 4.498 3.227 3.227 3.227 5.266 6.755 6.755 6.755 6.755 7.124 7.124 7.124 7.124 9.093 9.093 11.952 11.952 11.952 11.952 11.952 11.952 15.221 15.221 9.289 9.289 9.289 9.289 9.289 9.289 10.078 10.078 10.078 10.078 10.096 10.096 10.096 10.096 10.096 11.870 11.870 11.870 11.870 11.870 11.870 11.870 12.440 12.440 12.440 12.440 13.330 13.330 13.330 13.330 13.330 13.330 13.330 13.330 13.330 15.330 15.330 15.330
2.849 2.709 2.758 2.758 3.337 3.337 3.337 5.266 5.266 5.266 6.755 6.755 6.755 6.755 7.124 7.124 7.124 7.124 9.093 9.093 9.093 11.952 11.952 11.952 11.952 15.221 15.221 15.221 9.289 9.289 9.289 9.289 9.289 10.078 10.078 10.078 10.078 10.078 10.096 10.096 10.096 10.096 10.096 11.870 11.870 11.870 11.870 11.870 11.870 11.870 11.870 15.440 15.440 15.440 13.330 13.330 13.330 13.330 13.330 13.330 13.330 13.330 13.330 15.330 15.330 15.330
2.709 2.709 2.798 3.428 3.337 3.337 4.207 5.266 5.266 5.266 5.266 6.755 6.755 7.575 7.575 7.124 7.124 9.093 9.093 9.093 9.093 11.952 11.952 11.952 15.221 15.221 15.221 15.221 15.221 9.289 9.289 9.289 10.078 10.078 10.078 10.078 10.078 10.078 10.078 10.096 10.096 10.096 11.870 11.870 11.870 11.870 11.870 11.870 11.870 11.870 15.440 15.440 15.440 15.440 15.440 13.330 13.330 13.330 13.330 13.330 13.330 13.330 15.330 15.330 15.330 15.330
2.829 2.798 2.798 3.428 3.828 4.207 4.207 4.207 5.266 5.266 5.956 5.956 7.575 7.575 7.575 7.575 9.093 9.093 9.093 9.093 9.093 9.093 11.952 15.221 15.221 15.221 15.221 15.221 15.221 15.221 9.289 9.289 10.078 10.078 10.078 10.078 10.078 10.078 10.078 11.546 11.546 11.546 11.870 11.870 11.870 11.870 11.870 11.870 11.870 11.870 15.440 15.440 15.440 15.440 15.440 15.440 13.330 13.330 13.330 13.330 13.330 13.330 15.330 15.330 15.330 15.330
2.829 3.148 3.888 3.888 3.828 3.828 4.207 4.207 4.296 5.956 5.956 5.956 7.575 7.575 7.575 8.344 8.344 9.093 9.093 9.093 9.093 10.922 10.922 10.922 15.221 15.221 15.221 15.221 15.221 17.899 17.899 17.899 10.078 10.078 10.078 10.078 10.078 10.078 11.546 11.546 11.546 11.546 11.546 11.870 11.870 11.870 11.870 11.870 11.870 15.440 15.440 15.440 15.440 15.440 15.440 15.440 15.440 13.330 13.330 13.330 13.330 15.330 15.330 15.330 15.330 15.330
2.959 3.148 3.888 3.888 3.828 4.197 4.197 4.296 4.296 5.956 5.956 5.956 7.575 7.575 8.344 8.344 8.344 8.344 9.093 9.093 10.922 10.922 10.922 10.922 10.922 15.221 15.221 15.221 17.899 17.899 17.899 17.899 17.899 10.078 10.078 10.078 10.078 10.078 11.546 11.546 11.546 11.546 11.546 11.546 11.870 11.870 11.870 11.870 15.440 15.440 15.440 15.440 15.440 15.440 15.440 15.440 15.440 16.740 16.740 16.740 15.330 15.330 15.330 15.330 15.330 15.330
2.989 2.989 2.858 4.028 4.028 4.197 4.197 4.296 4.296 4.296 5.956 5.956 6.095 6.095 8.344 8.344 8.344 8.344 8.344 10.922 10.922 10.922 10.922 10.922 10.922 15.221 15.221 15.221 17.899 17.899 17.899 17.899 17.899 17.899 10.078 10.078 10.078 11.546 11.546 11.546 11.546 11.546 11.546 11.546 11.546 11.870 11.870 11.870 15.440 15.440 15.440 15.440 15.440 15.440 15.440 15.440 15.440 16.740 16.740 16.740 16.740 15.330 15.330 15.330 15.330 15.330
3.039 2.858 2.858 4.028 4.028 4.197 4.197 3.717 4.296 4.096 4.096 6.095 6.095 6.095 6.095 8.344 8.344 8.344 9.183 9.183 10.922 10.922 10.922 10.922 10.922 12.981 12.981 17.899 17.899 17.899 17.899 17.899 17.899 17.899 19.968 19.968 19.968 11.546 11.546 11.546 11.546 11.546 11.546 11.546 17.445 17.445 17.445 17.445 15.440 15.440 15.440 15.440 15.440 15.440 15.440 15.440 16.740 16.740 16.740 16.740 16.740 16.740 15.330 15.330 15.330 15.330
3.119 3.119 3.288 3.288 3.537 3.537 3.717 3.717 4.096 4.096 4.096 6.095 6.095 6.095 6.095 8.344 9.183 9.183 9.183 9.183 9.183 10.922 10.922 10.922 12.981 12.981 12.981 12.981 17.899 17.899 17.899 17.899 17.899 19.968 19.968 19.968 19.968 11.546 11.546 11.546 11.546 11.546 11.546 11.546 17.445 17.445 17.445 17.445 17.445 15.440 15.440 15.440 15.440 15.440 15.440 16.740 16.740 16.740 16.740 16.740 16.740 16.740 16.740 15.330 15.330 15.330
3.409 3.119 3.288 3.288 3.537 3.537 3.717 3.717 3.717 4.096 4.096 4.096 6.095 6.095 5.934 5.934 9.183 9.183 9.183 9.183 9.183 9.183 10.922 12.981 12.981 12.981 12.981 12.981 12.981 17.899 17.899 17.899 19.968 19.968 19.968 19.968 19.968 19.968 11.546 11.546 11.546 11.546 11.546 17.445 17.445 17.445 17.445 17.445 17.445 17.445 15.440 15.440 15.440 15.440 15.440 16.740 16.740 16.740 16.740 16.740 16.740 16.740 16.740 16.740 15.330 15.330
3.009 3.038 3.038 3.048 3.537 3.827 3.717 3.717 3.536 4.096 4.096 4.435 4.435 5.934 5.934 5.934 5.934 9.183 9.183 9.183 9.183 11.622 11.622 12.981 12.981 12.981 12.981 12.981 12.981 17.899 17.899 19.968 19.968 19.968 19.968 19.968 19.968 19.968 19.968 11.546 11.546 11.546 17.445 17.445 17.445 17.445 17.445 17.445 17.445 17.445 15.440 15.440 15.440 15.440 16.740 16.740 16.740 16.740 16.740 16.740 16.740 16.740 16.740 17.240 17.240 17.240
2.959 3.038 3.048 3.048 3.048 3.827 3.827 3.536 3.536 3.536 4.435 4.435 4.435 5.934 5.934 5.934 5.934 5.934 9.183 9.183 11.622 11.622 11.622 11.622 12.981 12.981 12.981 12.981 12.981 14.650 14.650 14.650 19.968 19.968 19.968 19.968 19.968 19.968 19.968 20.537 20.537 20.537 17.445 17.445 17.445 17.445 17.445 17.445 17.445 17.445 18.563 18.563 18.563 18.563 16.740 16.740 16.740 16.740 16.740 16.740 16.740 16.740 16.740 17.240 17.240 17.240
2.959 2.948 2.948 3.048 3.827 3.827 3.827 3.536 3.536 3.536 4.435 4.435 4.435 4.435 5.934 5.934 5.934 8.213 8.213 11.622 11.622 11.622 11.622 11.622 11.622 12.981 12.981 12.981 14.650 14.650 14.650 14.650 19.968 19.968 19.968 19.968 19.968 19.968 20.537 20.537 20.537 20.537 17.445 17.445 17.445 17.445 17.445 17.445 17.445 18.563 18.563 18.563 18.563 18.563 18.563 16.740 16.740 16.740 16.740 16.740 16.740 16.740 17.240 17.240 17.240 17.240
3.279 2.948 2.908 3.597 3.597 3.597 4.327 4.327 3.536 4.836 4.435 4.435 4.435 4.435 5.934 5.934 8.213 8.213 8.213 8.213 11.622 11.622 11.622 11.622 11.622 15.671 12.981 14.650 14.650 14.650 14.650 14.650 14.650 19.968 19.968 19.968 19.968 20.537 20.537 20.537 20.537 20.537 20.537 17.445 17.445 17.445 17.445 17.445 17.445 18.563 18.563 18.563 18.563 18.563 18.563 16.740 16.740 16.740 16.740 16.740 16.740 17.240 17.240 17.240 17.240 17.240
3.609 3.609 2.908 2.908 3.597 3.597 4.327 4.327 4.836 4.836 4.836 4.435 4.435 7.894 7.894 7.894 8.213 8.213 8.213 8.213 11.622 11.622 11.622 11.622 15.671 15.671 15.671 14.650 14.650 14.650 14.650 14.650 14.650 14.650 19.968 19.968 20.537 20.537 20.537 20.537 20.537 20.537 20.537 20.537 17.445 17.445 17.445 17.445 18.563 18.563 18.563 18.563 18.563 18.563 18.563 18.563 16.740 16.740 16.740 16.740 16.740 17.240 17.240 17.240 17.240 17.240
3.719 3.609 2.908 2.908 3.597 3.597 4.327 4.327 4.836 4.836 4.836 8.115 7.894 7.894 7.894 7.894 8.213 8.213 8.213 8.213 13.232 11.622 11.622 15.671 15.671 15.671 15.671 14.650 14.650 14.650 14.650 14.650 14.650 16.468 16.468 16.468 20.537 20.537 20.537 20.537 20.537 20.537 20.537 20.537 18.335 18.335 17.445 18.563 18.563 18.563 18.563 18.563 18.563 18.563 18.563 18.563 18.563 21.871 16.740 16.740 17.240 17.240 17.240 17.240 17.240 17.240
3.459 3.088 2.828 2.828 4.777 4.777 4.777 7.086 7.086 4.836 8.115 8.115 7.894 7.894 7.894 7.894 8.213 8.213 8.213 13.232 13.232 13.232 13.232 15.671 15.671 15.671 15.671 15.671 14.650 14.650 14.650 14.650 16.468 16.468 16.468 16.468 16.468 20.537 20.537 20.537 20.537 20.537 20.537 18.335 18.335 18.335 18.335 18.563 18.563 18.563 18.563 18.563 18.563 18.563 18.563 18.563 21.871 21.871 21.871 21.871 21.871 17.240 17.240 17.240 17.240 17.240
2.899 3.088 2.828 2.828 4.777 4.777 4.777 7.086 7.086 7.086 8.115 8.115 8.115 7.894 7.894 7.894 13.044 13.044 13.232 13.232 13.232 13.232 13.232 15.671 15.671 15.671 15.671 15.671 15.671 14.650 14.650 16.468 16.468 16.468 16.468 16.468 16.468 20.537 20.537 20.537 20.537 20.537 18.335 18.335 18.335 18.335 18.335 18.335 18.563 18.563 18.563 18.563 18.563 18.563 18.563 21.871 21.871 21.871 21.871 21.871 21.871 17.240 17.240 17.240 17.240 17.240
2.779 2.898 2.898 6.158 6.158 4.777 9.877 7.086 7.086 7.086 8.115 8.115 8.115 8.115 13.044 13.044 13.044 13.044 13.232 13.232 13.232 13.232 13.232 15.671 15.671 15.671 15.671 15.671 17.020 17.020 16.468 16.468 16.468 16.468 16.468 16.468 16.468 16.468 20.537 20.537 20.537 18.335 18.335 18.335 18.335 18.335 18.335 18.335 18.335 18.563 18.563 18.563 18.563 18.563 21.871 21.871 21.871 21.871 21.871 21.871 21.871 21.871 17.240 17.240 17.240 17.240
2.959 2.788 3.448 6.158 6.158 9.877 9.877 9.877 7.086 12.456 12.456 8.115 13.935 13.935 13.044 13.044 13.044 13.044 13.044 13.232 13.232 13.232 13.232 17.111 15.671 15.671 15.671 17.020 17.020 17.020 17.020 16.468 16.468 16.468 16.468 16.468 16.468 15.697 15.697 15.697 15.697 18.335 18.335 18.335 18.335 18.335 18.335 18.335 18.335 18.563 18.563 18.563 18.563 18.563 21.871 21.871 21.871 21.871 21.871 21.871 21.871 21.871 21.871 17.240 17.240 17.240
2.729 2.788 3.448 6.158 6.158 9.877 9.877 9.877 12.456 12.456 12.456 13.935 13.935 13.935 13.935 13.044 13.044 13.044 13.044 13.232 13.232 13.232 17.111 17.111 17.111 17.111 17.020 17.020 17.020 17.020 17.020 17.020 16.468 16.468 16.468 16.468 15.697 15.697 15.697 15.697 15.697 18.335 18.335 18.335 18.335 18.335 18.335 18.335 18.335 22.053 22.053 22.053 22.053 21.871 21.871 21.871 21.871 21.871 21.871 21.871 21.871 21.871 21.871 24.429 24.429 24.429
