includes/rochefort/floodfiles/results/res.totaltm
ncols         730
nrows         472
xllcorner     380617.130607
yllcorner     6542069.774949
cellsize      20.000000
NODATA_value  -9999.000000
[rows 306 to 339 of 472, columns 152 to 227 of 730]
43.459 25.053 43.336 26.779 25.625 43.212 43.178 43.161 43.134 36.220 32.093 43.049 28.845 22.915 42.921 30.700 24.883 27.842 27.168 25.403 24.061 24.252 25.053 21.790 42.545 23.515 42.469 19.754 19.143 16.271 15.403 0.000 5.776 5.776 5.753 5.640 5.621 5.618 5.597 5.551 5.534 5.465 5.449 5.411 5.400 5.242 5.224 5.151 0.000 0.000 0.000 0.000 0.000 0.000 0.000 0.000 0.000 0.000 0.000 0.000 0.000 0.000 0.000 0.000 0.000 0.000 0.000 0.000 0.000 0.000 0.000 0.000 0.000 0.000 0.000 0.000
26.222 27.214 30.914 25.979 25.942 25.889 43.188 43.167 23.259 43.096 23.684 22.840 22.167 24.773 42.937 35.867 25.126 35.587 29.956 24.171 42.708 23.414 22.603 20.843 20.650 42.484 20.117 19.155 15.100 12.942 11.303 0.000 5.468 5.537 5.504 5.612 5.590 5.591 5.588 5.564 5.523 5.505 5.454 5.437 5.376 5.365 5.310 5.189 1.325 0.000 0.000 0.000 0.000 0.000 0.000 0.000 0.000 0.000 0.000 0.000 0.000 0.000 0.000 0.000 0.000 0.000 0.000 0.000 0.000 0.000 0.000 0.000 0.000 0.000 0.000 0.000
24.613 30.871 43.360 24.773 43.249 27.627 43.197 29.920 43.127 29.204 43.072 28.972 27.940 40.095 42.950 30.727 34.223 42.850 25.175 29.770 42.712 42.668 21.110 21.284 21.169 22.251 17.771 17.527 14.972 13.566 10.833 1.664 5.245 5.475 5.487 5.447 5.534 5.563 5.546 5.553 5.531 5.505 5.493 5.439 5.423 5.369 5.357 5.259 5.132 1.583 0.000 0.000 0.000 0.000 0.000 0.000 0.000 0.000 0.000 0.000 0.000 0.000 0.000 0.000 0.000 0.000 0.000 0.000 0.000 0.000 0.000 0.000 0.000 0.000 0.000 0.000
33.607 34.792 23.345 43.322 28.483 25.051 40.690 40.418 41.304 43.125 23.916 26.796 43.003 42.983 42.958 34.613 31.509 26.044 24.403 24.652 21.137 21.005 42.626 22.178 21.389 20.411 27.606 17.667 16.951 15.172 12.995 3.363 2.277 3.507 5.470 5.447 5.301 5.476 5.526 5.504 5.498 5.495 5.476 5.458 5.416 5.406 5.353 5.328 5.180 5.131 3.455 1.870 0.561 0.000 0.000 0.000 0.000 0.000 0.000 0.000 0.000 0.000 0.000 0.000 0.000 0.000 0.000 0.000 0.000 0.000 0.000 0.000 0.000 0.000 0.000 0.000
37.922 25.735 30.069 29.360 39.111 37.369 36.020 31.437 31.561 34.418 35.753 43.053 43.022 42.700 42.970 24.215 22.326 42.828 42.808 24.256 21.505 21.328 27.440 22.055 22.522 21.823 19.429 19.304 16.154 13.956 13.909 11.604 2.344 5.504 1.593 1.757 5.301 5.318 5.465 5.491 5.451 5.461 5.457 5.427 5.415 5.402 5.374 5.325 5.308 5.227 5.195 5.080 5.059 3.738 0.807 0.000 0.000 0.000 0.000 0.000 0.000 0.000 0.000 0.000 0.000 0.000 0.000 0.000 0.000 0.000 0.000 0.000 0.000 0.000 0.000 0.000
40.754 41.576 41.046 28.128 40.829 33.235 32.671 23.235 43.137 43.104 43.088 43.069 28.631 42.986 22.875 21.793 32.236 42.827 21.500 42.768 21.550 42.695 27.260 23.396 23.977 18.264 17.828 16.927 42.178 16.373 14.123 12.927 1.465 5.487 5.470 5.454 5.245 4.898 5.365 5.436 5.435 5.425 5.421 5.416 5.406 5.382 5.345 5.336 5.327 5.284 5.276 5.208 5.218 5.154 4.852 0.545 0.000 0.000 0.000 0.000 0.000 0.000 0.000 0.000 0.000 0.000 0.000 0.000 0.000 0.000 0.000 0.000 0.000 0.000 0.000 0.000
43.461 25.827 40.491 39.738 40.857 35.481 43.266 24.295 43.169 25.242 23.743 30.221 29.811 22.775 22.607 42.911 35.449 29.011 35.278 42.785 32.004 29.256 42.693 21.492 42.555 20.272 21.783 21.922 20.561 42.162 13.963 10.943 1.064 5.469 5.381 5.438 5.419 5.186 0.226 5.393 5.317 5.412 5.398 5.385 5.387 5.377 5.357 5.351 5.311 5.292 5.284 5.257 5.228 5.220 5.174 4.751 2.569 0.427 0.000 0.000 0.000 0.000 0.000 0.000 0.000 0.000 0.000 0.000 0.000 4.297 0.892 0.000 0.000 0.000 0.000 0.000
43.441 43.418 43.404 43.236 43.348 40.653 42.811 43.063 43.191 43.176 28.686 22.936 28.637 27.324 26.500 39.711 42.909 29.741 31.180 23.409 23.370 21.165 21.343 19.242 18.470 24.285 42.482 20.766 15.533 12.768 13.835 11.761 0.873 5.381 5.372 5.307 5.380 5.359 5.293 1.298 5.301 5.287 5.385 5.375 5.359 5.353 5.351 5.331 5.307 5.299 5.290 5.239 5.231 5.215 5.193 5.180 4.771 4.706 1.713 0.882 0.680 0.594 4.397 1.016 0.632 0.000 0.000 0.000 4.699 1.734 0.000 0.000 0.000 0.000 0.000 0.000
32.086 28.180 43.388 43.365 28.417 27.217 43.261 43.229 43.200 30.276 28.360 29.860 43.069 23.121 27.356 42.934 30.068 41.549 42.845 19.880 42.756 26.872 26.534 19.592 42.575 26.584 18.290 28.545 18.477 18.253 13.920 10.653 0.000 5.364 5.341 5.312 5.235 5.313 5.304 5.186 5.154 1.808 5.336 5.347 5.348 5.347 5.341 5.317 5.286 5.291 5.262 5.249 5.243 5.221 5.212 5.135 5.126 5.138 5.127 5.144 5.057 4.900 1.626 4.749 4.648 0.000 4.694 4.868 4.747 0.000 0.000 0.000 0.000 0.000 0.000 0.000
43.417 43.394 29.945 24.759 26.502 25.970 43.265 43.249 40.906 30.371 31.447 27.956 23.220 43.036 24.152 42.958 42.925 27.788 31.216 32.678 42.778 25.071 30.265 42.624 42.591 18.592 42.465 23.214 15.918 11.286 12.335 12.799 0.000 5.105 5.227 5.249 5.227 5.199 5.198 5.187 5.141 5.081 1.323 5.340 5.324 5.337 5.312 5.307 5.300 5.294 5.286 5.261 5.248 5.237 5.227 5.215 5.205 5.195 5.178 5.172 5.164 5.120 5.091 5.028 4.900 4.852 4.910 4.881 0.000 0.000 0.000 0.000 0.000 0.000 0.000 0.000
26.816 25.811 26.233 24.447 43.323 43.312 43.276 43.264 26.965 43.176 23.398 23.332 43.078 43.050 42.606 42.971 42.950 28.060 42.859 21.219 22.940 22.531 42.681 19.088 25.195 26.128 42.488 19.417 22.492 12.680 11.433 9.238 0.000 4.983 5.144 5.231 5.198 5.189 5.189 5.181 5.159 5.146 1.468 5.263 5.316 5.313 5.305 5.300 5.294 5.276 5.270 5.259 5.251 5.238 5.232 5.224 5.213 5.197 5.192 5.178 5.164 5.159 5.139 5.118 5.098 5.045 5.057 4.992 0.000 0.000 0.000 0.000 0.000 0.000 0.000 0.000
24.758 43.402 43.391 43.364 43.354 33.435 43.280 23.777 26.590 22.484 43.157 43.126 43.097 32.171 34.098 24.765 42.946 32.401 20.260 22.888 22.288 21.753 39.231 22.102 21.047 32.421 19.939 42.424 17.423 16.682 13.660 9.202 1.644 0.000 5.125 5.197 5.170 5.179 5.163 5.140 5.136 5.139 1.952 1.123 5.266 5.288 5.297 5.292 5.277 5.263 5.260 5.237 5.243 5.237 5.230 5.216 5.205 5.198 5.178 5.170 5.163 5.151 5.146 5.140 5.117 5.112 5.088 5.072 1.164 0.000 0.000 0.000 0.000 0.000 0.000 0.000
43.467 43.439 26.082 43.394 41.705 43.320 43.299 43.286 43.247 43.217 43.204 35.448 42.599 29.809 34.693 43.015 22.972 20.865 36.373 38.105 37.013 33.897 42.731 18.674 42.589 42.556 19.843 18.671 16.960 14.897 10.478 6.371 1.843 0.000 5.119 5.164 5.154 5.158 5.153 5.146 5.140 5.141 2.381 1.399 5.087 5.244 5.285 5.279 5.261 5.257 5.250 5.243 5.231 5.226 5.211 5.195 5.197 5.190 5.172 5.163 5.157 5.149 5.141 5.111 5.113 5.108 5.088 5.049 5.019 0.819 0.000 0.000 0.000 0.000 0.000 0.000
36.062 43.469 43.417 43.407 43.387 43.361 24.466 42.256 28.044 43.214 35.165 43.146 41.354 41.418 43.052 43.029 32.156 42.769 41.547 33.341 20.518 27.240 21.221 21.913 42.608 42.572 20.386 18.397 17.649 15.599 13.140 9.988 1.871 0.000 5.143 5.123 5.153 5.156 5.156 5.161 5.166 5.161 5.043 1.040 5.156 5.248 5.277 5.259 5.255 5.246 5.241 5.232 5.216 5.212 5.207 5.187 5.142 5.164 5.161 5.156 5.148 5.139 5.133 5.126 5.110 5.101 5.096 5.072 4.967 4.996 0.000 0.000 0.000 0.000 0.000 0.000
43.479 43.454 43.439 43.418 28.180 43.353 35.318 43.301 40.892 43.226 40.943 24.240 43.118 29.423 22.376 22.173 42.951 39.616 29.915 40.105 39.163 38.448 31.902 42.704 31.264 19.061 18.965 18.825 18.756 15.702 13.506 8.804 2.090 0.000 5.160 5.169 5.163 5.170 5.165 5.174 5.185 5.176 5.077 0.000 5.145 5.246 5.259 5.254 5.247 5.239 5.219 5.182 5.209 5.201 5.200 5.193 5.172 5.144 5.117 5.143 5.134 5.130 5.109 5.106 5.105 5.095 5.076 5.069 5.061 5.032 4.983 4.619 0.000 0.000 0.000 0.000
43.496 43.482 43.464 43.155 43.384 43.356 43.340 43.302 40.642 22.843 35.414 41.758 42.402 42.736 43.067 38.138 42.885 41.098 28.123 20.076 25.316 22.851 27.998 23.057 28.097 20.432 20.382 42.465 13.848 14.143 11.856 10.440 2.404 0.000 5.066 5.191 5.172 5.197 5.210 5.253 5.262 5.251 5.221 1.438 5.198 5.208 5.253 5.243 5.239 5.218 5.210 5.202 5.181 5.194 5.193 5.187 5.172 5.167 5.149 5.127 5.118 5.121 5.111 5.097 5.092 5.085 5.079 5.072 5.056 5.051 5.035 5.015 4.776 0.000 0.000 0.000
43.079 43.407 43.339 43.443 43.412 26.580 26.956 43.306 43.270 43.242 43.227 43.053 38.703 21.996 43.054 38.913 21.678 21.430 37.075 34.413 32.198 29.515 42.752 42.734 28.738 24.313 21.663 18.111 16.781 15.777 13.666 11.851 2.591 0.000 5.009 5.218 5.268 5.282 5.268 5.263 5.271 5.256 5.236 1.136 5.068 5.207 5.232 5.236 5.210 5.204 5.203 5.197 5.181 5.185 5.186 5.173 5.167 5.159 5.148 5.139 5.129 5.090 5.090 5.089 5.076 5.074 5.062 5.060 5.055 5.045 5.036 5.010 4.888 4.895 0.000 0.000
43.562 43.532 43.515 27.166 28.598 28.179 28.367 43.326 43.271 24.093 24.542 42.296 41.751 25.818 30.204 28.317 36.082 42.968 42.943 22.006 22.827 42.803 22.850 23.825 19.927 19.560 18.871 18.111 15.400 13.599 10.727 8.054 2.399 0.000 1.779 5.191 5.277 5.297 5.274 5.270 5.280 5.267 5.271 1.540 1.900 5.208 5.220 5.204 5.192 5.197 5.196 5.189 5.182 5.177 5.165 5.168 5.148 5.147 5.138 5.123 5.118 5.106 5.099 5.073 5.069 5.045 5.052 5.041 5.032 5.040 5.029 4.996 4.988 4.977 4.904 4.862
39.920 42.190 43.513 31.027 43.446 28.790 28.263 24.491 24.539 24.619 33.374 34.762 37.721 42.481 39.375 39.984 41.973 25.804 27.471 29.929 29.502 29.369 24.193 19.926 18.947 18.893 17.763 17.534 16.703 15.218 13.783 10.663 2.208 0.000 0.000 5.217 5.295 5.320 5.307 5.311 5.311 5.312 5.287 1.821 1.836 5.183 5.175 5.186 5.183 5.170 5.187 5.182 5.165 5.164 5.160 5.153 5.118 5.120 5.129 5.117 5.091 5.094 5.093 5.085 5.061 5.032 5.028 4.990 5.017 5.027 5.007 5.000 4.991 4.979 4.959 4.913
27.650 25.787 24.628 26.707 25.640 43.436 38.064 39.963 28.538 26.006 40.671 33.366 35.578 22.337 21.690 22.654 22.073 42.983 42.942 20.691 42.857 26.730 24.302 19.642 19.409 17.880 21.305 19.985 18.236 15.920 14.083 11.906 2.483 0.000 0.000 5.240 5.315 5.337 5.320 5.319 5.319 5.320 5.313 5.045 0.000 5.169 5.165 5.117 5.173 5.163 5.162 5.154 5.160 5.157 5.149 5.147 5.133 5.120 5.121 5.100 5.088 5.087 5.077 5.071 5.064 5.057 5.015 5.002 5.008 5.012 5.006 5.000 4.994 4.974 4.967 4.956
43.590 43.578 42.572 43.522 43.493 40.721 36.573 38.443 41.663 36.915 43.273 34.085 23.710 22.828 43.095 43.081 28.859 42.999 21.998 42.908 42.866 26.660 42.777 24.584 19.787 24.701 22.378 17.360 16.646 17.908 14.443 9.998 2.133 0.000 0.000 5.343 5.378 5.358 5.339 5.397 5.388 5.462 5.318 1.559 1.403 5.155 5.138 5.128 5.122 5.150 5.156 5.147 5.136 5.145 5.144 5.137 5.132 5.126 5.113 5.101 5.093 5.084 5.073 5.064 5.053 5.050 5.037 5.015 5.007 4.980 5.000 4.991 4.972 4.967 4.953 4.949
37.577 43.585 24.216 26.605 25.349 34.433 43.422 24.147 43.336 35.916 23.710 22.703 34.076 36.120 43.110 43.095 29.021 22.001 34.016 31.347 21.187 19.803 28.933 24.731 42.619 42.592 20.167 42.441 20.192 15.455 14.083 8.903 2.693 0.000 0.000 5.502 5.513 5.521 5.425 5.405 5.386 5.483 5.461 5.016 1.176 5.144 5.133 5.123 5.113 5.141 5.132 5.137 5.132 5.137 5.130 5.132 5.126 5.112 5.107 5.096 5.089 5.082 5.071 5.063 5.047 5.022 5.026 5.007 4.983 4.977 4.972 4.983 4.975 4.966 4.953 4.949
36.088 26.758 25.672 29.079 26.483 43.471 30.532 43.417 25.799 43.330 40.385 38.766 43.210 41.249 22.158 26.701 43.074 34.997 43.009 38.672 26.394 27.000 22.421 27.981 19.871 19.960 20.894 18.343 18.246 17.401 14.838 6.689 3.040 0.000 0.000 5.253 5.547 5.615 5.602 5.552 5.572 5.502 5.315 5.140 0.717 5.134 5.125 5.081 5.125 5.134 5.124 5.112 5.116 5.131 5.125 5.123 5.117 5.113 5.099 5.089 5.084 5.075 5.069 5.059 5.044 5.024 5.013 4.975 4.928 4.916 4.965 4.930 4.949 4.955 4.950 4.938
26.496 24.871 41.427 43.553 34.192 42.785 30.486 32.461 24.384 43.322 28.641 23.481 23.201 33.743 34.276 43.113 42.809 38.119 20.738 31.952 24.949 27.097 31.082 30.454 42.678 42.657 28.431 20.891 13.847 12.957 13.212 4.789 4.752 5.319 0.000 5.121 5.570 5.627 5.614 5.551 5.592 5.519 5.412 5.170 1.583 5.123 5.112 5.099 5.103 5.095 5.117 5.105 5.108 5.085 5.112 5.117 5.110 5.103 5.097 5.091 5.077 5.074 5.063 5.054 5.042 5.006 5.006 4.998 4.992 4.980 4.924 4.924 4.942 4.911 4.943 4.929
30.276 30.555 43.596 39.506 42.756 34.562 33.566 32.363 41.623 43.217 24.115 43.267 26.121 43.199 36.604 43.129 30.111 23.871 25.771 28.341 29.039 19.686 42.759 22.766 23.729 20.992 21.784 20.721 17.442 13.721 11.275 3.384 0.000 5.282 0.000 4.322 5.599 5.648 5.626 5.607 5.616 5.603 5.587 5.265 1.198 5.046 5.045 5.074 5.096 5.089 5.089 5.084 5.104 5.094 5.100 5.097 5.104 5.096 5.084 5.079 5.074 5.066 5.053 5.050 5.025 4.994 5.001 4.995 4.979 4.971 4.956 4.944 4.911 4.919 4.911 4.897
28.945 43.507 42.882 40.773 39.638 41.336 43.488 32.138 31.247 43.347 43.306 43.287 43.169 43.209 43.190 30.297 34.077 31.933 43.006 27.512 35.458 38.029 27.923 42.761 23.241 23.914 22.577 23.438 21.168 13.915 11.458 3.308 0.000 5.223 0.000 1.595 5.568 5.690 5.639 5.571 5.643 5.621 5.602 5.295 1.396 5.037 5.037 5.055 5.055 5.068 5.084 5.078 5.081 5.078 5.095 5.079 5.073 5.086 5.081 5.071 5.065 5.062 5.056 5.025 5.019 5.013 4.995 4.988 4.981 4.970 4.954 4.949 4.938 4.930 4.911 4.904
43.713 42.728 41.467 25.136 26.398 25.931 26.424 43.407 43.389 43.352 23.255 24.664 22.777 26.579 24.432 22.924 21.558 30.565 21.067 42.890 21.040 22.125 42.791 23.018 19.860 18.871 19.210 19.587 20.848 21.548 12.396 3.437 0.000 5.215 1.090 1.540 5.575 5.724 5.708 5.706 5.663 5.651 5.630 5.267 4.971 1.561 5.016 5.049 5.049 5.056 5.052 5.062 5.076 5.073 5.068 5.069 5.065 5.063 5.068 5.067 5.061 5.046 5.042 5.029 5.022 5.015 4.995 4.990 4.977 4.972 4.965 4.951 4.932 4.929 4.919 4.907
30.111 27.959 27.102 41.503 41.358 41.068 26.027 43.416 43.387 43.370 27.066 25.559 43.282 43.270 26.964 24.479 26.050 27.910 42.972 22.111 21.765 42.825 31.641 21.727 42.652 20.450 42.531 20.597 18.944 17.825 15.797 6.207 1.519 5.203 1.180 2.347 5.620 5.771 5.792 5.762 5.725 5.669 5.579 5.583 1.611 1.325 5.006 5.019 4.975 5.050 5.046 5.047 5.027 5.047 5.060 5.060 5.035 5.057 5.063 5.044 5.045 5.042 5.032 4.962 5.014 4.996 4.977 4.992 4.985 4.973 4.964 4.959 4.949 4.934 4.928 4.921
43.736 35.300 40.036 43.620 24.462 43.527 24.510 27.946 43.427 38.730 27.559 41.446 42.492 24.984 25.936 26.074 24.154 43.023 28.718 33.315 42.881 42.860 21.417 21.875 20.415 26.819 24.875 42.524 21.238 22.798 15.574 6.375 1.431 5.184 0.000 5.037 5.808 5.795 5.814 5.789 5.769 5.730 5.696 5.624 3.210 1.449 4.966 5.000 5.017 5.021 5.001 5.042 5.015 5.034 5.014 5.032 5.030 5.046 5.017 5.039 5.038 5.021 4.960 5.020 5.011 5.012 5.007 5.001 4.989 4.984 4.976 4.960 4.955 4.947 4.936 4.924
43.668 43.518 39.632 25.297 43.578 43.537 41.545 43.469 43.439 42.624 43.379 43.360 38.280 43.249 41.420 42.129 43.093 41.689 41.555 33.496 24.732 25.329 26.193 24.378 27.787 24.053 23.309 21.316 19.086 18.644 15.059 6.310 0.614 3.062 0.000 2.573 5.824 5.842 5.827 5.805 5.792 5.740 5.690 5.643 5.137 1.250 4.949 4.993 4.996 4.996 5.005 5.011 4.997 5.026 5.011 5.019 5.003 5.024 5.022 5.029 5.028 4.896 4.987 5.032 5.024 5.023 5.015 5.004 4.999 4.987 4.962 4.956 4.949 4.933 4.930 4.906
43.529 42.676 43.675 42.665 43.593 36.669 40.903 43.491 41.725 43.427 27.910 32.007 43.295 23.782 23.208 43.103 23.287 22.847 42.980 33.809 22.235 21.174 21.109 42.715 20.466 42.649 22.795 19.747 19.526 18.058 14.843 6.276 0.978 1.088 1.399 1.769 5.839 5.856 5.830 5.812 5.794 5.676 5.582 5.610 5.045 1.411 4.988 4.997 5.023 4.993 5.000 5.008 5.026 5.017 5.020 5.019 5.011 5.016 4.999 5.019 4.975 4.969 5.045 5.039 5.033 5.032 5.029 5.010 5.005 4.981 4.971 4.948 4.950 4.943 4.936 4.916
32.052 40.305 42.947 42.894 32.298 43.558 43.524 43.503 43.485 43.431 43.416 39.251 27.511 28.229 26.985 24.803 43.077 23.478 22.750 42.912 35.472 34.332 42.794 32.417 33.952 42.668 20.412 19.802 19.755 18.906 15.156 6.052 6.041 6.026 5.979 5.894 5.876 5.867 5.857 5.819 5.588 5.652 5.600 5.587 5.160 1.608 4.932 5.022 5.031 5.015 5.009 5.019 5.036 5.045 5.051 5.038 5.005 5.024 5.017 4.972 4.962 5.056 5.056 5.045 5.040 5.048 5.037 5.024 5.010 5.003 4.956 4.925 4.965 4.945 4.935 4.906
37.775 35.144 29.935 43.658 43.610 43.581 43.546 31.747 32.312 24.842 24.548 24.183 43.269 26.679 24.110 24.750 23.235 22.987 23.020 22.670 21.763 21.542 21.029 22.174 21.850 42.680 21.478 20.288 20.103 19.526 18.050 11.241 1.859 0.500 0.984 1.205 1.322 5.842 5.846 5.804 5.637 5.585 5.577 5.698 5.382 2.698 4.998 5.012 5.048 5.033 5.003 5.050 5.038 5.068 5.074 5.063 5.056 5.054 4.939 4.956 4.965 5.063 5.068 5.069 5.049 5.053 5.047 5.039 5.009 4.999 4.941 4.968 4.972 4.963 4.956 4.897
43.804 32.087 28.932 43.663 43.640 41.189 43.560 42.660 36.940 43.415 43.378 23.507 22.481 26.491 29.283 32.371 43.113 30.606 32.034 25.493 42.890 42.868 24.081 42.776 27.278 21.317 21.184 20.492 20.279 18.106 15.079 14.230 2.468 6.050 1.768 0.000 0.000 5.820 5.825 5.806 5.793 5.778 5.756 5.715 5.429 1.833 4.914 5.026 5.068 5.016 5.059 5.062 5.063 5.077 5.083 5.075 5.069 5.061 4.983 4.935 5.093 5.071 5.081 5.075 5.078 5.072 5.056 5.037 5.030 5.005 4.926 4.994 4.978 4.921 4.905 4.931
