includes/rochefort/floodfiles/results/res.totaltm
ncols         730
nrows         472
xllcorner     380617.130607
yllcorner     6542069.774949
cellsize      20.000000
NODATA_value  -9999.000000
[rows 272 to 305 of 472, columns 304 to 379 of 730]
4.791 4.837 4.850 4.878 4.942 4.890 4.958 4.974 4.954 4.933 4.963 4.976 4.989 5.000 5.014 5.028 5.020 5.003 5.009 5.019 5.024 5.060 5.064 5.075 5.106 5.115 5.127 5.136 5.117 5.138 5.134 5.152 5.113 5.140 5.144 5.125 5.128 5.099 5.117 5.108 5.089 5.073 5.064 5.026 5.012 5.084 5.099 5.088 5.039 5.029 5.055 5.083 5.066 5.056 5.051 5.037 5.033 4.985 4.959 4.954 4.962 4.948 4.945 4.940 4.936 4.934 4.933 4.927 4.915 4.914 4.901 4.891 4.874 4.856 4.850 4.847
4.808 4.868 4.877 4.885 4.901 4.891 4.946 4.896 4.907 4.895 4.919 4.954 4.977 4.986 4.997 5.015 4.999 4.994 4.999 5.025 5.034 5.050 5.057 5.052 5.078 5.113 5.121 5.127 5.108 5.117 5.098 5.140 4.997 5.093 5.127 5.119 5.114 5.102 5.100 5.021 5.016 5.064 5.042 5.035 5.036 5.051 5.047 5.022 5.025 5.014 4.967 5.065 5.060 5.050 5.044 5.028 5.010 4.959 4.953 4.942 4.947 4.939 4.928 4.928 4.928 4.926 4.917 4.911 4.907 4.890 4.894 4.885 4.875 4.867 4.858 4.847
4.787 4.726 4.828 4.878 4.855 4.885 4.886 4.883 4.902 4.899 4.903 4.931 4.952 4.974 4.980 4.968 4.988 4.981 4.963 4.999 5.027 5.044 5.052 5.058 5.077 5.104 5.112 5.119 5.100 5.108 5.103 5.111 5.093 5.084 5.105 5.109 5.079 5.081 5.091 4.876 5.020 5.029 4.989 5.026 5.020 5.025 5.038 5.011 4.987 5.005 5.023 5.041 5.054 5.045 5.037 5.022 4.774 4.949 4.940 4.914 4.914 4.910 4.919 4.920 4.918 4.909 4.901 4.892 4.890 4.880 4.884 4.866 4.858 4.861 4.851 4.841
4.767 4.726 4.718 4.835 4.845 4.865 4.877 4.875 4.883 4.891 4.907 4.932 4.940 4.953 4.948 4.959 4.970 4.940 4.981 4.995 5.020 5.023 5.031 5.052 5.045 5.085 5.102 5.101 5.074 5.095 5.090 5.101 5.071 5.059 5.083 5.100 5.092 5.084 5.033 5.008 5.005 5.009 5.000 5.006 5.011 4.985 5.009 4.991 4.985 4.968 5.021 5.033 5.019 5.038 5.008 5.000 4.813 4.952 4.940 4.928 4.907 4.904 4.907 4.911 4.909 4.902 4.894 4.885 4.874 4.844 4.866 4.858 4.834 4.835 4.834 4.831
4.710 4.767 4.116 4.828 4.837 4.839 4.862 4.865 4.882 4.889 4.897 4.907 4.932 4.935 4.941 4.952 4.962 4.971 4.978 4.996 5.012 5.021 5.032 5.053 5.060 5.078 5.087 5.066 5.037 5.045 5.023 5.091 5.051 5.056 5.078 5.087 5.071 5.069 5.020 4.919 4.997 4.997 4.992 4.998 4.995 4.959 4.989 4.984 4.978 4.968 4.989 5.020 5.010 5.021 5.009 4.990 4.971 4.964 4.947 4.909 4.896 4.892 4.894 4.901 4.901 4.892 4.882 4.862 4.863 4.848 4.854 4.850 4.840 4.832 4.827 4.814
4.768 4.775 4.801 4.810 4.825 4.828 4.857 4.865 4.874 4.885 4.892 4.899 4.924 4.922 4.939 4.945 4.969 4.976 4.986 4.995 5.004 5.006 5.010 5.040 5.052 5.064 5.059 5.017 4.997 5.013 5.006 5.057 5.028 5.031 5.051 5.078 5.066 5.063 4.995 4.972 4.981 4.982 4.977 4.986 4.981 4.944 4.980 4.976 4.940 4.963 4.964 5.003 5.002 5.016 5.000 4.914 4.961 4.949 4.934 4.910 4.897 4.851 4.865 4.882 4.881 4.873 4.860 4.856 4.842 4.841 4.846 4.838 4.832 4.809 4.809 4.808
4.771 4.775 4.799 4.807 4.816 4.822 4.848 4.856 4.863 4.882 4.889 4.910 4.917 4.923 4.938 4.946 4.954 4.963 4.978 4.982 4.989 4.973 4.748 5.031 5.046 5.042 5.038 5.003 4.982 4.997 4.991 5.036 5.003 5.016 5.047 5.060 5.044 5.048 4.988 4.976 4.973 4.967 4.971 4.976 4.971 4.957 4.969 4.956 4.946 4.950 4.934 4.976 4.964 4.980 4.971 4.941 4.922 4.934 4.921 4.908 4.894 4.865 4.849 4.873 4.871 4.866 4.851 4.849 4.834 4.826 4.835 4.829 4.815 4.804 4.803 4.795
4.769 4.775 4.791 4.798 4.822 4.825 4.845 4.852 4.872 4.881 4.889 4.896 4.902 4.919 4.923 4.931 4.933 4.930 4.947 4.962 4.969 4.963 4.963 5.010 5.000 5.030 5.031 5.003 4.986 4.979 4.988 5.020 4.999 5.015 5.025 5.032 5.027 5.032 4.982 4.970 4.956 4.953 4.957 4.964 4.958 4.942 4.954 4.948 4.938 4.938 4.945 4.953 4.957 4.973 4.937 4.784 4.913 4.922 4.909 4.887 4.880 4.859 4.842 4.858 4.860 4.858 4.841 4.838 4.832 4.816 4.814 4.809 4.807 4.796 4.787 4.784
4.762 4.774 4.780 4.791 4.796 4.822 4.754 4.858 4.867 4.876 4.883 4.889 4.897 4.906 4.912 4.868 4.903 4.919 4.942 4.953 4.961 4.961 4.970 5.003 4.987 5.017 5.021 5.009 4.972 4.960 4.981 4.986 4.994 5.002 5.019 5.018 4.978 5.017 4.996 4.983 4.968 4.951 4.949 4.951 4.941 4.918 4.938 4.923 4.929 4.931 4.923 4.944 4.940 4.932 4.751 4.816 4.902 4.907 4.867 4.874 4.857 4.835 4.838 4.852 4.845 4.848 4.841 4.828 4.822 4.816 4.808 4.803 4.795 4.782 4.777 4.776
4.756 4.770 4.776 4.781 4.805 4.813 4.821 4.853 4.863 4.871 4.877 4.886 4.894 4.901 4.896 4.868 4.877 4.906 4.931 4.938 4.915 4.950 4.958 4.965 4.953 4.978 4.981 4.985 4.979 4.967 4.974 4.979 4.985 4.990 5.008 5.010 4.982 5.009 4.989 4.979 4.968 4.948 4.935 4.924 4.926 4.916 4.914 4.917 4.915 4.920 4.915 4.924 4.908 4.920 4.910 4.893 4.873 4.892 4.859 4.843 4.834 4.827 4.832 4.827 4.837 4.816 4.826 4.814 4.816 4.809 4.801 4.781 4.782 4.778 4.771 4.769
4.753 4.759 4.760 4.793 4.801 4.813 4.827 4.841 4.844 4.852 4.869 4.879 4.881 4.879 4.885 4.866 4.883 4.896 4.920 4.925 4.909 4.915 4.920 4.939 4.913 4.937 4.914 4.926 4.942 4.950 4.959 4.964 4.962 4.982 4.994 5.000 4.947 4.977 4.978 4.967 4.943 4.932 4.927 4.920 4.907 4.907 4.907 4.909 4.909 4.870 4.908 4.914 4.801 4.908 4.896 4.880 4.866 4.881 4.840 4.820 4.826 4.818 4.798 4.817 4.824 4.803 4.818 4.804 4.804 4.802 4.790 4.775 4.774 4.766 4.753 4.747
4.740 4.745 4.765 4.785 4.792 4.799 4.816 4.789 4.831 4.834 4.863 4.871 4.859 4.857 4.871 4.859 4.866 4.888 4.892 4.887 4.902 4.858 2.885 4.417 4.816 4.920 4.888 4.911 4.879 4.932 4.928 4.905 4.936 4.972 4.988 4.989 4.968 4.961 4.913 4.950 4.938 4.923 4.908 4.906 4.900 4.900 4.892 4.891 4.888 4.890 4.898 4.822 4.810 4.897 4.883 4.870 4.853 4.851 4.841 4.807 4.812 4.798 4.785 4.791 4.815 4.806 4.809 4.798 4.796 4.793 4.783 4.774 4.765 4.752 4.741 4.734
4.718 4.750 4.756 4.764 4.790 4.797 4.806 4.751 4.809 4.827 4.852 4.827 4.849 4.844 4.856 4.864 4.872 4.879 4.884 4.856 1.847 0.803 0.000 0.000 0.742 1.543 2.918 4.132 4.795 4.801 4.919 4.794 4.866 4.938 4.960 4.966 4.961 4.940 4.859 4.937 4.922 4.879 4.900 4.900 4.893 4.879 4.874 4.886 4.882 4.878 4.888 4.853 4.843 4.883 4.864 4.815 4.827 4.840 4.815 4.809 4.791 4.791 4.778 4.782 4.806 4.783 4.799 4.788 4.774 4.763 4.770 4.767 4.750 4.745 4.731 4.724
4.726 4.731 4.742 4.758 4.755 4.780 4.797 4.790 4.808 4.818 4.823 4.791 4.827 4.751 4.822 4.837 4.847 4.858 4.838 1.779 0.451 0.000 0.000 0.000 0.000 0.000 0.000 0.746 1.660 2.372 1.275 3.168 4.854 4.853 4.913 4.936 4.935 4.889 4.817 4.909 4.887 4.878 4.871 4.888 4.882 4.872 4.866 4.868 4.866 4.866 4.875 4.861 4.847 4.867 4.843 4.812 4.817 4.804 4.808 4.786 4.784 4.778 4.772 4.767 4.784 4.778 4.766 4.763 4.756 4.754 4.762 4.756 4.742 4.733 4.726 4.715
4.667 4.701 4.725 4.746 4.752 4.772 4.756 4.764 4.798 4.777 4.813 4.807 4.818 4.801 4.811 4.830 4.838 4.667 3.372 0.606 0.000 0.000 0.000 0.000 0.000 0.000 0.000 0.000 0.000 0.000 0.919 0.000 1.809 4.324 4.897 4.924 4.927 4.895 4.791 4.810 4.205 2.959 4.822 4.861 4.846 4.852 4.850 4.843 4.859 4.847 4.850 4.846 4.819 4.813 4.824 4.805 4.806 4.795 4.798 4.789 4.777 4.772 4.758 4.752 4.749 4.749 4.753 4.746 4.750 4.745 4.738 4.722 4.735 4.726 4.718 4.712
4.320 4.472 4.724 4.730 4.745 4.718 4.752 4.761 4.776 4.660 4.724 4.800 4.700 4.794 4.803 4.809 4.804 4.797 1.806 0.000 0.000 0.000 0.000 0.000 0.000 0.000 0.000 0.000 0.000 0.000 0.000 0.000 0.000 2.555 4.836 4.897 4.898 4.836 2.168 4.688 4.666 4.634 2.060 4.740 4.837 4.845 4.814 4.835 4.801 4.837 4.821 4.829 4.819 4.814 4.807 4.788 4.782 4.770 4.769 4.763 4.757 4.758 4.753 4.744 4.741 4.742 4.745 4.739 4.726 4.725 4.719 4.714 4.717 4.718 4.712 4.699
2.161 3.029 4.619 4.696 4.725 4.721 4.728 4.753 4.769 4.632 4.762 4.774 4.759 4.768 4.770 4.801 4.628 3.441 0.000 0.000 0.000 0.000 0.000 0.000 0.000 0.000 0.000 0.000 0.000 0.000 0.000 0.000 2.008 2.143 2.409 3.123 4.766 1.073 0.466 1.825 2.057 3.024 1.894 2.071 4.771 4.813 4.808 4.795 4.795 4.780 4.815 4.818 4.813 4.806 4.798 4.784 4.768 4.764 4.762 4.757 4.751 4.749 4.746 4.740 4.731 4.727 4.737 4.727 4.715 4.709 4.703 4.698 4.704 4.705 4.701 4.690
1.544 2.669 3.267 4.678 4.709 4.705 4.718 4.731 4.760 4.748 4.756 4.748 4.754 4.762 4.766 4.783 4.636 2.388 0.000 0.000 0.000 0.000 0.000 0.000 0.000 0.000 0.000 0.000 0.000 0.000 0.000 0.000 0.000 1.565 1.802 0.912 1.135 0.000 0.000 0.000 0.000 0.000 2.268 2.325 4.649 4.750 4.787 4.783 4.784 4.774 4.784 4.812 4.806 4.800 4.792 4.778 4.764 4.752 4.752 4.749 4.742 4.739 4.727 4.724 4.724 4.721 4.717 4.706 4.706 4.702 4.694 4.691 4.693 4.687 4.686 4.684
4.229 2.712 3.651 4.614 4.656 4.698 4.709 4.695 4.737 4.740 4.740 4.739 4.745 4.754 4.736 4.732 4.618 1.811 0.000 0.000 0.000 0.000 0.000 0.000 0.000 0.000 0.000 0.000 0.000 0.000 0.000 0.000 0.000 0.000 0.000 0.000 0.000 0.000 0.000 0.000 0.000 0.000 0.000 1.400 3.539 4.596 4.781 4.771 4.769 4.744 4.774 4.766 4.797 4.786 4.781 4.768 4.759 4.755 4.744 4.729 4.731 4.730 4.719 4.719 4.710 4.705 4.698 4.682 4.675 4.685 4.678 4.677 4.685 4.674 4.674 4.671
0.000 1.121 4.465 2.742 4.642 4.688 4.689 4.694 4.708 4.723 4.731 4.727 4.717 4.711 4.726 4.714 4.644 1.042 0.000 0.000 0.000 0.000 0.000 0.000 0.000 0.000 0.000 0.000 0.000 0.000 0.000 0.000 0.000 0.000 0.000 0.000 0.000 0.000 0.000 0.000 0.000 0.000 0.000 1.373 2.009 4.727 4.739 4.762 4.754 4.740 4.731 4.753 4.767 4.768 4.767 4.758 4.754 4.746 4.734 4.727 4.725 4.722 4.713 4.706 4.702 4.683 4.634 3.885 1.982 3.588 4.625 4.654 4.662 4.664 4.659 4.662
0.000 2.210 4.480 4.552 4.613 4.671 4.681 4.682 4.693 4.716 4.702 4.705 4.677 4.703 4.699 4.700 4.574 2.665 0.000 0.000 0.000 0.000 0.000 0.000 0.000 0.000 0.000 0.000 0.000 0.000 0.000 0.000 0.000 0.000 0.000 0.000 0.000 0.000 0.000 0.000 0.000 0.000 0.000 0.000 1.313 2.658 4.725 4.745 4.741 4.722 4.720 4.747 4.755 4.752 4.761 4.733 4.745 4.730 4.727 4.723 4.714 4.709 4.700 4.694 4.682 4.663 4.637 4.556 4.544 3.224 2.093 3.021 4.604 4.648 4.651 4.654
0.000 1.268 2.994 3.368 4.583 4.656 4.673 4.672 4.684 4.702 4.696 4.685 4.675 4.679 4.691 4.685 4.560 4.518 0.000 0.000 0.000 0.000 0.000 0.000 0.000 0.000 0.000 0.000 0.000 0.000 0.000 0.000 0.000 0.000 0.000 0.000 0.000 0.000 0.000 0.000 0.000 0.000 0.000 0.000 0.000 0.913 4.600 4.694 4.727 4.719 4.724 4.738 4.748 4.746 4.745 4.739 4.727 4.724 4.722 4.712 4.708 4.703 4.694 4.679 4.674 4.639 3.506 4.546 4.516 2.920 4.281 4.519 3.838 4.563 4.607 4.645
0.000 0.000 2.977 4.577 4.630 4.637 4.666 4.672 4.682 4.694 4.688 4.677 4.654 4.658 4.680 4.671 4.630 3.649 0.000 0.000 0.000 0.000 0.000 0.000 0.000 0.000 0.000 0.000 0.000 0.000 0.000 0.000 0.000 0.000 0.000 0.000 0.000 0.000 0.000 0.000 0.000 0.000 0.000 0.000 0.000 0.000 1.684 4.663 4.691 4.661 4.716 4.728 4.728 4.738 4.735 4.727 4.715 4.705 4.706 4.706 4.698 4.693 4.680 4.668 4.657 4.591 3.587 3.591 2.579 4.481 3.557 4.517 4.539 4.565 4.576 4.614
0.000 0.981 2.265 4.600 4.626 4.638 4.651 4.646 4.635 4.640 4.665 4.646 4.643 4.616 4.670 4.659 4.630 4.571 0.000 0.000 0.000 0.000 0.000 0.000 0.000 0.000 0.000 0.000 0.000 0.000 0.000 0.000 0.000 0.000 0.000 0.000 0.000 0.000 0.000 0.000 0.000 0.000 0.000 0.000 0.000 0.000 2.066 2.090 4.633 4.681 4.700 4.717 4.720 4.715 4.725 4.716 4.702 4.690 4.685 4.691 4.679 4.667 4.660 4.652 2.099 1.422 2.064 1.546 2.476 2.126 1.967 2.626 4.534 4.540 4.593 4.599
1.685 2.842 4.359 3.357 4.614 4.624 4.636 4.639 4.628 4.633 4.641 4.638 4.634 4.623 4.643 4.634 4.627 4.539 0.000 0.000 0.000 0.000 0.000 0.000 0.000 0.000 0.000 0.000 0.000 0.000 0.000 0.000 0.000 0.000 0.000 0.000 0.000 0.000 0.000 0.000 0.000 0.000 0.000 0.000 0.000 0.000 0.000 2.510 3.668 4.629 4.686 4.698 4.707 4.708 4.710 4.706 4.686 4.681 4.629 4.568 1.919 0.948 0.543 1.017 4.247 4.226 1.119 0.525 0.550 1.858 1.743 4.535 4.541 4.556 4.594 4.602
1.220 1.840 4.339 1.994 3.165 4.540 4.580 4.619 4.621 4.611 4.613 4.617 4.610 4.614 4.598 4.626 4.618 4.562 0.000 0.000 0.000 0.000 0.000 0.000 0.000 0.000 0.000 0.000 0.000 0.000 0.000 0.000 0.000 0.000 0.000 0.000 0.000 0.000 0.000 0.000 0.000 0.000 0.000 0.000 0.000 0.000 0.000 0.789 2.274 4.128 4.640 4.670 4.697 4.697 4.696 4.680 4.669 4.666 2.914 4.557 2.794 1.481 0.849 0.000 0.000 0.513 0.000 0.000 0.000 1.300 1.579 1.805 4.557 4.582 4.591 4.606
0.000 0.000 0.947 4.263 1.179 1.632 1.985 4.552 4.588 4.308 4.537 4.579 4.584 4.543 4.566 4.615 4.597 4.536 0.000 0.000 0.000 0.000 0.000 0.000 0.000 0.000 0.000 0.000 0.000 0.000 0.000 0.000 0.000 0.000 0.000 0.000 0.000 0.000 0.000 0.000 0.000 0.000 0.000 0.000 0.000 0.000 0.000 0.000 0.278 3.231 4.591 4.655 4.675 4.674 4.668 4.671 4.646 4.597 4.552 2.867 0.826 0.000 0.000 0.000 0.000 0.000 0.000 0.000 0.000 0.000 0.000 1.179 4.568 4.574 4.579 4.602
0.000 0.000 0.000 0.000 0.000 0.000 0.000 0.832 4.526 3.715 4.521 4.572 4.577 4.554 4.561 4.587 4.592 4.511 0.000 0.000 0.000 0.000 0.000 0.000 0.000 0.000 0.000 0.000 0.000 0.000 0.000 0.000 0.000 0.000 0.000 0.000 0.000 0.000 0.000 0.000 0.000 0.000 0.000 0.000 0.000 0.000 0.000 0.000 0.000 1.741 3.598 4.604 4.637 4.641 4.632 4.646 4.633 2.485 2.902 1.013 0.000 0.000 0.000 0.000 0.000 0.000 0.000 0.000 0.000 0.000 0.000 0.000 2.346 4.540 4.567 4.597
0.000 0.000 0.000 0.000 0.000 0.000 0.000 0.000 0.000 0.000 0.770 2.202 4.525 4.522 4.548 4.556 4.576 3.052 0.000 0.000 0.000 0.000 0.000 0.000 0.000 0.000 0.000 0.000 0.000 0.000 0.000 0.000 0.000 0.000 0.000 0.000 0.000 0.000 0.000 0.000 0.000 0.000 0.000 0.000 0.000 0.000 0.000 0.000 0.000 0.000 2.624 4.597 4.618 4.570 4.623 4.618 4.605 1.016 0.000 0.000 0.000 0.000 0.000 0.000 0.000 0.000 0.000 0.000 0.000 0.000 0.000 0.000 0.000 1.846 3.034 4.596
0.000 0.000 0.000 0.000 0.000 0.000 0.000 0.000 0.000 0.000 0.000 0.728 2.909 3.460 4.541 4.539 4.559 2.229 0.000 0.000 0.000 0.000 0.000 0.000 0.000 0.000 0.000 0.000 0.000 0.000 0.000 0.000 0.000 0.000 0.000 0.000 0.000 0.000 0.000 0.000 0.000 0.000 0.000 0.000 0.000 0.000 0.000 0.000 0.000 0.000 1.170 4.588 4.597 4.588 4.562 4.607 1.575 0.000 0.000 0.000 0.000 0.000 0.000 0.000 0.000 0.000 0.000 0.000 0.000 0.000 0.000 0.000 0.000 0.000 1.351 4.585
0.000 0.000 0.000 0.000 0.000 0.000 0.000 0.000 0.000 0.000 0.000 0.000 0.000 2.727 4.519 4.533 4.538 0.000 0.000 0.000 0.000 0.000 0.000 0.000 0.000 0.000 0.000 0.000 0.000 0.000 0.000 0.000 0.000 0.000 0.000 0.000 0.000 0.000 0.000 0.000 0.000 0.000 0.000 0.000 0.000 0.000 0.000 0.000 0.000 0.000 0.000 2.216 4.553 4.542 4.556 4.566 1.105 0.000 0.000 0.000 0.000 0.000 0.000 0.000 0.000 0.000 0.000 0.000 0.000 0.000 0.000 0.000 0.000 0.588 1.009 1.318
0.000 0.000 0.000 0.000 0.000 0.000 0.000 0.000 0.000 0.000 0.000 0.000 0.000 4.495 4.504 4.514 4.531 0.000 0.000 0.000 0.000 0.000 0.000 0.000 0.000 0.000 0.000 0.000 0.000 0.000 0.000 0.000 0.000 0.000 0.000 0.000 0.000 0.000 0.000 0.000 0.000 0.000 0.000 0.000 0.000 0.000 0.000 0.000 0.000 0.000 0.000 0.000 0.000 2.309 0.815 0.000 0.000 0.000 0.000 0.000 0.000 0.000 0.000 0.000 0.000 0.000 0.000 0.000 0.000 0.000 0.000 0.000 0.000 0.000 0.905 1.154
0.000 0.000 0.000 0.000 0.000 0.000 0.000 0.000 0.000 0.000 0.000 0.000 2.066 2.592 4.497 3.125 2.955 0.000 0.000 0.000 0.000 0.000 0.000 0.000 0.000 0.000 0.000 0.000 0.000 0.000 0.000 0.000 0.000 0.000 0.000 0.000 0.000 0.000 0.000 0.000 0.000 0.000 0.000 0.000 0.000 0.000 0.000 0.000 0.000 0.000 0.000 0.000 0.000 0.000 0.000 0.000 0.000 0.000 0.000 0.000 0.000 0.000 0.000 0.000 0.000 0.000 0.000 0.000 0.000 0.000 0.000 0.000 0.000 0.000 1.023 4.154
0.000 0.000 0.000 0.000 0.000 0.000 0.000 0.000 0.000 0.000 0.000 0.000 0.756 4.453 4.459 3.476 0.000 0.000 0.000 0.000 0.000 0.000 0.000 0.000 0.000 0.000 0.000 0.000 0.000 0.000 0.000 0.000 0.000 0.000 0.000 0.000 0.000 0.000 0.000 0.000 0.000 0.000 0.000 0.000 0.000 0.000 0.000 0.000 0.000 0.000 0.000 0.000 0.000 0.000 0.000 0.000 0.000 0.000 0.000 0.000 0.000 0.000 0.000 0.000 0.000 0.000 0.000 0.000 0.000 0.000 0.000 0.000 0.000 0.000 0.000 0.650
