includes/rochefort/floodfiles/results/res.dem
ncols         730
nrows         472
xllcorner     380607.512070
yllcorner     6542070.270600
cellsize      20.000000
NODATA_value  -9999.000000
[rows 330 to 359 of 472, columns 660 to 725 of 730]
-2.910 -0.861 2.574 3.314 3.103 2.343 2.343 2.323 2.402 2.372 2.191 2.481 2.481 2.481 2.240 2.240 2.610 2.659 2.659 2.659 2.208 2.208 2.208 2.208 2.437 2.437 2.437 2.226 2.226 2.185 2.185 2.185 2.265 2.265 2.264 2.264 2.264 2.264 2.413 2.413 2.012 2.301 2.301 2.301 2.301 2.230 2.230 2.470 2.470 2.470 2.479 2.479 2.479 2.479 2.418 2.418 2.418 2.407 2.407 2.407 2.406 2.406 2.406 2.406 2.414 2.414
-3.309 -1.228 -0.175 2.624 3.143 3.303 2.223 2.473 2.402 2.402 2.142 2.142 2.391 2.211 2.211 2.340 2.340 2.219 2.619 2.619 2.619 2.188 2.188 2.697 2.697 2.047 2.047 2.116 2.116 2.116 2.185 2.265 2.265 2.265 2.264 2.264 2.264 2.264 2.012 2.012 2.012 2.301 2.301 2.301 2.301 2.441 2.470 2.470 2.470 2.470 2.479 2.479 2.479 2.479 2.418 2.418 2.418 2.407 2.407 2.407 2.406 2.406 2.406 2.406 2.414 2.414
-4.084 -1.973 2.784 2.654 2.593 3.403 2.553 2.562 2.272 2.402 2.142 2.391 2.391 2.211 2.211 2.340 2.340 2.219 2.219 2.619 2.619 2.188 2.188 2.697 2.697 2.047 2.047 2.116 2.116 2.116 2.215 2.265 2.265 2.265 2.264 2.264 2.264 2.264 2.012 2.012 2.012 2.012 2.301 2.441 2.441 2.441 2.441 2.470 2.470 2.470 2.470 2.479 2.479 2.479 2.418 2.418 2.418 2.407 2.407 2.407 2.406 2.406 2.406 2.406 2.414 2.414
-5.367 -3.141 -1.005 2.914 2.733 2.953 3.083 2.122 2.082 2.142 2.491 2.391 2.391 2.231 2.280 2.340 2.090 2.219 2.269 2.619 2.738 2.188 2.268 2.268 2.697 2.047 2.047 2.116 2.116 2.215 2.215 2.215 2.304 2.304 2.304 2.363 2.363 2.363 2.012 2.012 2.012 2.012 2.342 2.441 2.441 2.441 2.441 2.470 2.470 2.470 2.470 2.479 2.479 2.318 2.318 2.318 2.318 2.196 2.196 2.196 2.196 2.025 2.025 2.025 2.025 2.414
-6.312 -3.776 -1.704 -0.330 2.843 2.513 3.013 2.963 2.212 2.292 2.491 2.311 2.231 2.231 2.280 2.280 2.090 2.090 2.269 2.269 2.738 2.738 2.268 2.268 2.167 2.167 2.136 2.136 2.136 2.215 2.215 2.215 2.304 2.304 2.304 2.363 2.363 2.363 2.363 2.012 2.342 2.342 2.342 2.342 2.441 2.441 2.441 2.350 2.350 2.449 2.449 2.449 2.449 2.318 2.318 2.318 2.318 2.196 2.196 2.196 2.196 2.025 2.025 2.025 2.025 1.684
-7.006 -5.354 -3.174 -5.600 -5.600 2.573 2.523 3.052 2.272 2.372 2.361 2.311 2.311 2.231 2.280 2.280 2.090 2.090 2.269 2.269 2.738 2.738 2.268 2.268 2.167 2.167 2.136 2.136 2.136 2.215 2.215 2.215 2.304 2.304 2.304 2.363 2.363 2.363 2.363 2.342 2.342 2.342 2.342 2.342 2.441 2.441 2.350 2.350 2.350 2.449 2.449 2.449 2.449 2.318 2.318 2.318 2.318 2.196 2.196 2.196 2.196 2.025 2.025 2.025 2.025 1.684
-7.457 -6.418 -4.430 -2.285 -0.476 2.653 2.583 2.912 3.322 2.422 2.241 2.501 2.411 2.411 2.320 2.330 2.330 2.319 2.319 2.239 2.239 2.598 2.598 2.307 2.307 2.237 2.237 2.136 2.266 2.266 2.215 2.215 2.215 2.215 2.264 2.264 2.363 2.363 2.083 2.083 2.342 2.342 2.342 2.342 2.261 2.261 2.350 2.350 2.350 2.350 2.449 2.449 2.449 2.318 2.318 2.318 2.318 2.196 2.196 2.196 2.196 2.025 2.025 2.025 2.025 1.684
-7.301 -7.335 -5.601 -3.477 -1.281 2.683 2.523 2.573 3.292 2.252 2.241 2.501 2.311 2.320 2.320 2.330 2.330 2.319 2.319 2.239 2.239 2.598 2.598 2.307 2.307 2.237 2.237 2.266 2.266 2.266 2.215 2.215 2.215 2.264 2.264 2.264 2.264 2.083 2.083 2.083 2.083 2.342 2.342 2.261 2.261 2.261 2.261 2.350 2.350 2.350 2.449 2.449 2.449 2.449 2.318 2.318 2.157 2.157 2.196 2.196 2.196 2.025 2.025 2.025 2.025 1.684
-6.418 -7.594 -6.654 -4.807 -2.767 -1.210 2.693 2.582 2.802 3.412 2.311 2.311 2.381 2.381 2.360 2.330 2.330 2.319 2.319 2.239 2.239 2.598 2.598 2.307 2.307 2.237 2.237 2.237 2.266 2.266 2.215 2.215 2.215 2.264 2.264 2.264 2.264 2.083 2.083 2.083 2.083 2.122 2.122 2.261 2.261 2.261 2.261 2.180 2.180 2.180 2.180 2.268 2.268 2.268 2.157 2.157 2.157 2.157 2.256 2.256 2.256 2.256 2.435 2.435 2.435 2.435
-5.823 -7.419 -7.592 -6.443 -4.498 -2.157 -0.759 2.522 2.452 3.322 3.182 2.331 2.291 2.360 2.360 2.250 2.459 2.459 2.299 2.299 2.328 2.328 2.308 2.308 2.157 2.157 2.166 2.166 2.166 2.235 2.235 2.235 2.064 2.064 2.264 2.264 2.313 2.083 2.083 2.083 2.122 2.122 2.122 2.261 2.261 2.261 2.261 2.180 2.180 2.180 2.180 2.268 2.268 2.268 2.157 2.157 2.157 2.157 2.256 2.256 2.256 2.256 2.435 2.435 2.435 2.435
-4.179 -6.500 -7.753 -7.341 -5.344 -3.282 -1.645 -5.600 2.532 2.782 3.261 2.261 2.171 2.261 2.250 2.250 2.459 2.459 2.299 2.299 2.328 2.328 2.308 2.308 2.157 2.157 2.166 2.166 2.166 2.235 2.235 2.064 2.064 2.064 2.064 2.313 2.313 2.313 2.343 2.343 2.122 2.122 2.122 2.122 2.261 2.400 2.180 2.180 2.180 2.180 2.180 2.268 2.268 2.268 2.157 2.157 2.157 2.157 2.256 2.256 2.256 2.256 2.435 2.435 2.435 2.435
-2.442 -5.384 -7.574 -7.852 -6.809 -4.980 -2.623 -1.267 2.304 2.412 3.121 2.941 2.321 2.360 2.360 2.490 2.420 2.549 2.299 2.308 2.328 2.308 2.308 2.308 2.157 2.157 2.166 2.166 2.166 2.235 2.235 2.064 2.064 2.064 2.313 2.313 2.313 2.313 2.343 2.343 2.122 2.122 2.122 2.122 2.400 2.400 2.400 2.180 2.180 2.180 2.180 2.268 2.268 2.268 2.157 2.157 2.157 2.157 2.256 2.256 2.256 2.256 2.435 2.435 2.435 2.435
-1.320 -4.121 -6.493 -7.840 -7.636 -6.295 -4.361 -2.131 -1.023 2.343 2.651 3.001 2.291 2.301 2.490 2.490 2.420 2.549 2.549 2.308 2.308 2.518 2.518 2.247 2.247 2.257 2.257 2.036 2.036 2.036 2.295 2.295 2.295 2.364 2.364 2.313 2.313 2.343 2.343 2.343 2.343 2.122 2.301 2.400 2.400 2.400 2.400 2.400 2.180 2.180 2.299 2.268 2.268 2.438 2.438 2.157 2.327 2.327 2.327 2.256 2.256 2.255 2.255 2.435 2.435 2.435
2.794 -2.403 -5.280 -7.276 -8.090 -7.432 -5.728 -3.192 -1.593 -0.964 2.531 3.241 3.031 2.400 2.480 2.500 2.339 2.549 2.549 2.308 2.308 2.518 2.518 2.247 2.247 2.257 2.257 2.036 2.036 2.036 2.295 2.295 2.295 2.364 2.364 2.364 2.343 2.343 2.343 2.343 2.343 2.301 2.301 2.301 2.400 2.400 2.400 2.400 2.299 2.299 2.299 2.438 2.438 2.438 2.438 2.438 2.327 2.327 2.327 2.327 2.255 2.255 2.255 2.255 2.294 2.294
-0.540 -1.388 -3.457 -5.846 -7.847 -8.033 -6.846 -4.842 -2.803 -1.433 2.445 2.661 3.381 2.470 2.470 2.500 2.339 2.429 2.399 2.399 2.288 2.518 2.247 2.247 2.247 2.257 2.257 2.036 2.036 2.036 2.295 2.295 2.364 2.364 2.364 2.343 2.343 2.343 2.343 2.343 2.301 2.301 2.301 2.301 2.400 2.400 2.400 2.299 2.299 2.299 2.299 2.299 2.438 2.438 2.438 2.438 2.327 2.327 2.327 2.327 2.255 2.255 2.255 2.255 2.294 2.294
-0.645 -0.704 -2.272 -5.037 -7.148 -8.161 -7.897 -6.513 -3.600 -1.957 -1.293 2.561 3.131 3.050 2.270 2.270 2.410 2.429 2.399 2.399 2.288 2.288 2.338 2.247 2.247 2.247 2.326 2.326 2.485 2.485 2.485 2.175 2.364 2.364 2.364 2.343 2.343 2.343 2.272 2.272 2.301 2.301 2.301 2.301 2.220 2.220 2.220 2.299 2.299 2.299 2.299 2.299 2.438 2.438 2.438 2.438 2.327 2.327 2.327 2.327 2.255 2.255 2.255 2.294 2.294 2.294
3.335 3.214 -1.376 -3.390 -5.775 -7.594 -8.265 -7.205 -5.243 -3.184 -1.895 -1.534 2.461 3.100 2.460 2.260 2.410 2.429 2.309 2.309 2.288 2.338 2.338 2.338 2.247 2.247 2.326 2.326 2.485 2.485 2.485 2.175 2.175 2.175 2.343 2.343 2.343 2.343 2.272 2.272 2.272 2.301 2.301 2.220 2.220 2.220 2.220 2.220 2.299 2.299 2.299 2.299 2.438 2.438 2.438 2.438 2.327 2.327 2.327 2.255 2.255 2.255 2.255 2.294 2.294 2.294
3.335 3.214 -1.023 -1.975 -4.497 -7.057 -8.174 -7.985 -6.535 -4.442 -2.492 -5.600 2.379 3.130 3.100 2.310 2.319 2.349 2.309 2.309 2.208 2.208 2.338 2.338 2.247 2.247 2.326 2.326 2.485 2.485 2.175 2.175 2.175 2.194 2.194 2.194 2.343 2.272 2.272 2.272 2.272 2.421 2.421 2.220 2.220 2.220 2.220 2.220 2.299 2.299 2.378 2.378 2.378 2.378 2.367 2.367 2.367 2.367 2.166 2.166 2.166 2.255 2.115 2.115 2.294 2.294
3.204 3.184 3.184 -1.101 -3.226 -5.439 -7.378 -8.125 -7.209 -5.351 -3.128 -1.971 -1.559 2.530 3.080 2.340 2.369 2.299 2.299 2.208 2.208 2.208 2.388 2.497 2.497 2.347 2.347 2.686 2.686 2.315 2.315 2.175 2.175 2.194 2.194 2.194 2.463 2.463 2.272 2.272 2.272 2.421 2.421 2.421 2.220 2.220 2.220 2.359 2.359 2.359 2.378 2.378 2.378 2.378 2.367 2.367 2.367 2.367 2.166 2.166 2.166 2.166 2.115 2.115 2.115 2.115
3.204 3.184 3.184 -0.942 -1.464 -4.036 -6.376 -7.781 -7.638 -6.230 -4.342 -2.446 -1.510 2.330 3.020 3.130 2.350 2.299 2.299 2.299 2.458 2.388 2.388 2.497 2.497 2.347 2.347 2.686 2.686 2.315 2.315 2.315 2.194 2.194 2.194 2.463 2.463 2.463 2.463 2.272 2.421 2.421 2.421 2.421 2.421 2.220 2.359 2.359 2.359 2.359 2.378 2.378 2.378 2.378 2.367 2.367 2.367 2.367 2.166 2.166 2.166 2.166 2.115 2.115 2.115 2.115
3.204 3.184 3.184 3.013 -0.843 -2.288 -4.679 -7.170 -7.924 -7.111 -5.375 -3.414 -1.978 -1.409 2.380 3.200 2.589 2.279 2.279 2.458 2.458 2.388 2.388 2.497 2.497 2.347 2.347 2.686 2.686 2.315 2.315 2.395 2.395 2.194 2.194 2.463 2.463 2.463 2.382 2.382 2.382 2.421 2.421 2.421 2.301 2.301 2.359 2.359 2.359 2.359 2.378 2.378 2.378 2.378 2.367 2.367 2.367 2.367 2.166 2.166 2.166 2.166 2.115 2.115 2.115 2.115
3.114 3.114 3.114 3.013 3.013 -1.310 -3.867 -6.260 -7.763 -7.857 -6.628 -4.227 -2.299 -1.484 2.358 3.080 3.029 2.519 2.379 2.379 2.458 2.278 2.297 2.297 2.327 2.327 2.376 2.376 2.275 2.275 2.395 2.395 2.395 2.395 2.634 2.634 2.463 2.463 2.382 2.382 2.382 2.421 2.421 2.301 2.301 2.301 2.301 2.359 2.359 2.359 2.209 2.378 2.378 2.378 2.367 2.367 2.367 2.367 2.166 2.166 2.166 2.166 2.115 2.115 2.115 2.144
3.114 3.114 3.114 3.114 -0.806 -0.843 -2.315 -4.785 -6.990 -8.021 -7.086 -5.242 -3.329 -1.948 -1.352 2.530 3.069 2.329 2.349 2.378 2.378 2.278 2.297 2.297 2.327 2.327 2.376 2.376 2.275 2.275 2.275 2.395 2.395 2.634 2.634 2.634 2.634 2.382 2.382 2.382 2.382 2.361 2.361 2.301 2.301 2.301 2.301 2.359 2.359 2.209 2.209 2.209 2.209 2.198 2.198 2.198 2.246 2.246 2.246 2.246 2.365 2.365 2.365 2.365 2.115 2.314
3.205 3.094 3.094 3.173 3.173 2.943 -1.176 -3.652 -6.531 -7.872 -7.828 -6.597 -4.672 -2.504 -1.299 2.334 3.079 2.879 2.239 2.339 2.308 2.308 2.408 2.408 2.327 2.327 2.376 2.376 2.275 2.275 2.275 2.395 2.395 2.634 2.634 2.634 2.423 2.423 2.382 2.382 2.361 2.361 2.361 2.301 2.301 2.301 2.301 2.320 2.320 2.209 2.209 2.209 2.209 2.198 2.198 2.198 2.246 2.246 2.246 2.246 2.365 2.365 2.365 2.365 2.314 2.314
3.034 3.094 3.094 3.173 3.173 2.943 -0.841 -2.706 -5.125 -7.145 -8.025 -7.384 -5.637 -3.013 -1.429 2.329 2.342 3.009 2.299 2.348 2.308 2.308 2.408 2.317 2.317 2.406 2.406 2.446 2.446 2.395 2.395 2.395 2.304 2.304 2.634 2.423 2.423 2.423 2.423 2.361 2.361 2.361 2.361 2.361 2.301 2.301 2.320 2.320 2.320 2.209 2.209 2.209 2.209 2.198 2.198 2.198 2.246 2.246 2.246 2.246 2.365 2.365 2.365 2.365 2.314 2.314
3.034 3.094 3.094 3.243 3.313 -0.578 2.652 -1.460 -3.948 -6.264 -7.740 -7.698 -6.148 -3.922 -1.834 -5.600 2.337 3.049 3.209 2.338 2.448 2.378 2.237 2.317 2.317 2.406 2.406 2.446 2.446 2.395 2.395 2.395 2.304 2.304 2.304 2.304 2.423 2.423 2.312 2.312 2.361 2.361 2.361 2.281 2.281 2.281 2.320 2.320 2.320 2.320 2.209 2.209 2.198 2.198 2.198 2.198 2.246 2.246 2.246 2.246 2.365 2.365 2.365 2.365 2.314 2.314
3.034 3.224 3.243 3.243 3.313 3.313 -0.523 -0.763 -2.484 -4.819 -7.170 -7.753 -6.704 -4.724 -2.732 -1.393 -0.906 2.689 3.219 2.498 2.358 2.378 2.237 1.897 1.897 2.406 2.406 2.446 2.446 2.395 2.395 2.304 2.304 2.304 2.304 2.304 2.304 2.312 2.312 2.312 2.312 2.361 2.281 2.281 2.281 2.281 2.320 2.320 2.320 2.320 2.388 2.388 2.388 2.198 2.198 2.497 2.497 2.246 2.246 2.466 2.365 2.365 2.365 2.365 2.314 2.314
3.114 3.224 3.224 3.243 3.313 3.313 3.292 -0.497 -1.691 -4.169 -6.334 -7.540 -7.337 -5.940 -3.617 -1.804 -1.182 2.479 3.269 2.828 2.228 2.108 2.037 1.897 1.957 1.957 1.966 1.966 2.315 2.315 2.565 2.565 2.304 2.304 2.304 2.304 2.304 2.312 2.312 2.312 2.482 2.482 2.482 2.281 2.281 2.281 2.281 2.320 2.320 2.388 2.388 2.388 2.388 2.388 2.497 2.497 2.497 2.497 2.466 2.466 2.466 2.466 2.745 2.745 2.745 2.314
3.114 3.224 3.224 3.063 3.063 3.292 3.292 2.992 2.992 -2.667 -4.868 -6.787 -7.576 -6.448 -4.594 -2.781 -1.662 2.318 2.599 3.228 2.208 2.138 2.037 2.147 1.957 1.957 1.966 1.966 2.315 2.315 2.565 2.565 2.654 2.654 2.654 2.453 2.453 2.453 2.312 2.312 2.482 2.482 2.482 2.281 2.281 2.281 2.370 2.370 2.370 2.388 2.388 2.388 2.388 2.497 2.497 2.497 2.497 2.497 2.466 2.466 2.466 2.466 2.745 2.745 2.745 2.745
3.174 3.174 3.063 3.063 3.123 3.123 3.123 -0.562 -0.368 -1.325 -3.641 -6.307 -7.520 -7.229 -5.719 -3.801 -2.151 -1.605 2.469 3.108 2.238 2.148 2.187 2.147 2.427 2.456 2.456 2.476 2.476 2.315 2.565 2.565 2.654 2.654 2.654 2.453 2.453 2.453 2.482 2.482 2.482 2.482 2.482 2.491 2.491 2.370 2.370 2.370 2.370 2.388 2.388 2.388 2.388 2.497 2.497 2.497 2.497 2.497 2.466 2.466 2.466 2.745 2.745 2.745 2.745 3.473
