includes/rochefort/floodfiles/results/res.max
ncols         730
nrows         472
xllcorner     380617.130607
yllcorner     6542069.774949
cellsize      20.000000
NODATA_value  -9999.000000
[rows 306 to 339 of 472, columns 462 to 538 of 730]
1.402 1.332 1.256 1.217 1.316 1.294 1.275 1.222 1.250 1.315 1.128 1.114 1.317 1.393 0.920 1.318 1.324 1.312 1.244 0.874 0.646 1.105 1.272 1.279 0.972 0.659 0.775 0.733 1.125 1.221 1.174 1.185 1.195 1.223 0.783 1.065 1.020 1.181 1.094 0.956 1.078 0.773 0.872 0.755 0.848 0.692 0.469 0.556 0.667 0.443 0.272 0.491 0.774 0.678 0.756 0.707 0.704 0.530 0.493 0.735 0.809 0.829 0.898 0.831 0.739 0.370 0.556 0.735 0.452 0.642 0.525 0.454 0.310 0.522 0.317 0.485 0.860
1.450 1.262 1.269 1.201 1.235 1.187 1.243 1.242 1.277 1.383 1.100 1.219 1.034 1.375 1.067 1.116 1.297 1.294 1.249 1.314 1.241 1.329 1.282 1.244 0.758 0.788 0.683 0.942 0.761 1.170 1.111 1.018 1.177 1.179 1.141 1.130 1.157 1.232 1.169 1.047 0.935 0.908 0.824 0.782 0.858 0.612 0.569 0.461 0.358 0.570 0.684 0.710 0.662 0.646 0.724 0.738 0.366 0.654 0.583 0.762 0.868 1.010 0.840 0.702 0.706 0.532 0.391 0.651 0.739 0.450 0.399 0.368 0.450 0.697 0.680 0.797 0.535
1.359 1.272 1.322 1.272 1.219 1.224 1.240 1.279 1.278 1.207 1.240 1.287 1.275 1.112 1.331 1.217 0.989 1.253 1.233 1.293 1.262 1.263 1.229 0.916 0.690 0.738 1.047 0.917 1.155 0.819 1.161 1.196 1.216 1.215 1.246 1.197 1.236 1.222 0.996 0.962 0.805 0.924 0.726 0.867 0.860 0.728 0.391 0.619 0.472 0.646 0.699 0.483 0.868 0.805 0.678 0.698 0.780 0.754 0.823 0.835 0.946 0.845 0.624 0.639 0.733 0.608 0.574 0.611 0.309 0.111 0.476 0.557 0.503 0.665 0.657 0.573 0.529
1.328 1.380 1.329 1.319 1.271 1.277 1.290 1.212 1.262 1.269 1.228 1.205 1.240 1.067 1.173 1.264 1.215 0.774 1.168 1.233 1.246 1.130 1.247 1.047 0.779 0.813 1.061 0.848 1.045 1.020 0.872 1.023 1.215 1.179 1.149 1.228 1.130 1.051 0.941 0.855 0.717 0.788 0.903 0.874 0.790 0.900 0.648 0.644 0.558 0.643 0.571 0.909 0.865 0.688 0.788 0.842 0.786 0.851 0.937 0.816 0.813 0.740 0.663 0.600 0.675 0.702 0.582 0.545 0.549 0.585 0.474 0.614 0.638 0.517 0.472 0.533 0.363
1.320 1.369 1.322 1.351 1.279 1.252 1.302 1.450 1.338 1.258 1.233 1.348 1.132 1.250 1.144 1.185 1.211 0.932 0.725 1.160 1.013 1.248 1.299 1.227 1.241 0.743 0.851 1.220 1.226 0.985 0.910 0.778 0.867 1.167 1.116 1.172 0.874 0.874 0.804 0.723 0.938 1.015 0.840 1.079 0.884 0.887 0.664 0.583 0.768 0.759 0.890 0.614 1.106 1.016 0.897 0.629 0.930 0.905 0.755 0.713 0.676 0.568 0.448 0.390 0.584 0.576 0.738 0.654 0.623 0.492 0.538 0.424 0.306 0.489 0.554 0.646 0.066
1.311 1.264 1.434 1.506 1.315 1.401 1.203 1.260 1.401 0.850 1.389 1.297 1.171 1.203 1.276 1.164 1.205 1.194 0.953 0.814 0.888 1.232 1.267 1.321 1.026 1.190 1.113 1.239 1.227 1.237 1.028 0.955 0.661 0.867 0.848 0.748 0.850 0.898 0.916 0.991 0.992 0.949 0.889 0.995 0.984 0.825 0.880 0.632 0.863 0.726 0.860 1.087 0.851 0.703 0.747 0.778 0.814 0.792 0.648 0.676 0.519 0.384 0.374 0.341 0.409 0.549 0.786 0.861 0.693 0.764 0.513 0.176 0.472 0.688 0.711 0.614 0.000
1.352 1.343 1.325 1.375 1.399 1.207 1.207 1.261 1.163 0.690 1.327 1.291 1.324 1.260 1.246 1.274 1.205 1.203 1.193 1.205 0.861 0.959 1.334 1.170 1.176 1.205 1.255 1.236 1.217 1.272 1.149 0.666 0.873 0.610 0.728 0.661 0.829 0.790 1.042 1.067 1.057 1.010 0.873 0.753 0.917 0.919 0.952 1.084 0.728 1.194 0.990 0.869 0.749 0.536 0.619 0.758 0.695 0.857 0.694 0.427 0.409 0.305 0.362 0.469 0.522 0.708 0.984 0.888 1.039 0.493 0.469 0.687 0.680 0.778 0.639 0.110 0.000
1.320 1.398 1.384 1.326 1.369 1.172 1.501 1.366 1.094 1.136 1.289 1.285 1.296 1.308 1.196 1.241 1.207 1.170 1.196 1.212 1.182 1.020 1.001 1.201 1.133 1.232 1.247 1.206 1.212 1.036 1.143 0.824 0.868 0.758 0.747 0.865 1.029 1.080 0.886 1.060 0.523 0.725 0.971 0.909 0.883 0.963 0.664 0.971 1.067 0.816 0.758 0.767 0.598 0.539 0.560 0.605 0.779 0.875 0.659 0.593 0.324 0.452 0.472 0.639 0.770 0.996 0.978 0.949 0.878 0.669 0.875 0.658 0.602 0.656 0.227 0.000 0.000
1.451 1.338 1.392 1.300 1.324 1.347 1.216 1.294 1.281 1.010 1.269 1.308 1.237 1.267 1.225 1.235 1.237 1.216 1.226 1.092 1.228 1.267 1.147 1.193 1.134 1.200 1.237 1.204 1.180 0.764 0.902 0.816 0.743 0.922 0.724 0.925 0.976 0.964 1.105 0.845 0.855 1.155 1.039 1.197 0.777 0.905 1.210 1.085 0.931 0.781 0.705 0.730 0.704 0.534 0.616 0.536 0.671 0.485 0.763 0.649 0.518 0.609 0.788 0.900 1.043 0.862 0.893 0.782 0.799 0.737 0.755 0.884 0.445 0.423 0.428 0.157 0.000
1.568 1.424 1.396 1.342 1.387 1.330 1.315 1.305 1.298 1.090 1.187 1.211 1.240 1.358 1.227 1.266 1.174 1.194 1.201 1.238 1.220 1.237 1.194 1.200 1.049 1.192 1.121 1.124 0.968 0.970 0.906 0.906 0.926 0.904 0.890 0.834 1.145 1.066 1.064 1.024 0.939 1.057 0.943 0.704 1.280 1.188 1.051 1.046 0.781 0.992 0.761 0.780 0.823 0.656 0.587 0.553 0.601 0.780 0.523 0.825 0.849 0.895 0.915 0.855 0.795 0.726 0.669 0.655 0.831 0.866 0.698 0.496 0.612 0.637 0.585 0.163 0.000
1.397 1.325 1.387 1.351 1.208 1.382 1.287 1.222 1.285 1.313 0.998 1.184 1.204 1.231 1.324 1.254 1.265 1.179 1.231 1.235 1.205 1.217 1.209 1.081 1.174 1.118 1.028 1.276 1.000 1.020 1.231 1.239 1.141 0.805 0.989 0.992 0.832 0.985 1.102 0.979 0.944 0.700 1.121 1.144 0.988 1.011 0.989 1.314 0.925 0.955 0.863 0.739 0.887 0.865 0.635 0.619 0.718 0.801 0.572 0.847 0.824 0.872 0.848 0.726 0.664 0.608 0.780 0.844 1.046 0.804 0.828 0.914 0.846 0.775 0.661 0.359 0.000
1.373 1.312 1.433 1.333 1.108 1.263 1.282 1.129 1.212 1.255 1.054 1.115 1.219 1.237 1.240 1.156 1.243 1.123 1.222 1.248 1.155 1.103 1.187 0.849 1.303 1.111 1.120 1.138 1.189 1.229 1.280 1.257 1.188 1.092 1.148 1.088 0.674 1.118 1.250 0.807 0.964 1.294 1.240 0.984 1.010 1.111 1.137 1.073 1.178 0.924 0.735 0.794 0.736 0.859 0.770 0.805 0.756 0.599 0.544 0.627 0.861 0.717 0.637 0.612 0.743 0.837 0.970 0.912 0.738 1.153 1.241 1.177 1.038 1.043 0.799 0.520 0.000
1.443 1.211 1.373 1.245 1.256 1.306 1.292 1.258 1.192 1.296 1.194 1.161 1.173 1.089 1.163 1.236 1.251 1.262 1.072 1.215 1.180 0.899 1.023 1.207 1.213 1.136 1.153 1.106 0.880 1.091 1.173 1.018 0.897 1.170 1.137 1.111 1.054 0.943 0.622 0.914 1.117 1.086 1.022 1.045 0.995 1.085 1.086 1.166 1.116 0.962 0.828 0.895 0.783 0.630 0.745 0.702 0.564 0.159 0.463 0.644 0.641 0.636 0.680 0.832 0.916 0.997 0.659 1.141 1.373 1.160 1.181 1.317 1.083 1.057 0.973 0.672 0.000
1.317 1.374 1.216 1.301 1.414 1.397 1.389 1.356 1.218 1.282 1.280 0.792 1.030 1.038 1.207 1.168 1.258 1.234 1.200 1.092 1.054 1.084 1.152 1.113 1.135 1.228 1.237 1.182 1.129 1.037 0.962 0.751 0.768 1.226 1.023 1.107 0.799 0.791 1.063 1.132 1.090 1.072 0.988 1.040 1.017 1.014 1.077 1.116 1.061 0.966 0.801 0.672 0.665 0.553 0.732 0.616 0.344 0.481 0.584 0.655 0.717 0.794 0.876 1.008 0.723 0.948 1.201 1.231 1.234 1.332 1.251 1.212 1.164 1.116 1.037 0.916 0.000
1.340 1.334 1.375 1.459 1.338 1.331 1.337 1.235 1.228 1.301 1.253 1.186 0.899 1.085 1.110 1.192 1.168 1.222 0.929 0.830 1.117 1.115 1.127 1.128 1.156 1.165 1.265 1.157 1.185 0.992 0.866 0.835 0.898 0.825 0.944 0.672 0.943 1.017 1.060 1.104 1.085 1.067 1.085 1.040 1.046 0.942 1.104 1.119 0.828 0.956 0.823 0.710 0.720 0.605 0.471 0.568 0.614 0.754 0.750 0.999 0.885 0.613 0.810 0.877 1.246 1.228 1.254 1.251 1.262 1.178 1.251 1.253 1.319 1.201 1.067 0.855 0.000
1.354 1.614 1.369 1.374 1.465 1.331 1.021 1.193 1.292 1.281 1.261 1.229 1.046 0.776 1.164 1.132 0.878 1.255 1.139 1.044 1.089 1.151 1.124 1.181 1.119 1.206 1.224 0.962 1.159 1.273 0.771 1.033 1.007 0.624 1.083 0.871 0.667 1.017 1.042 1.075 1.099 1.145 1.026 1.086 1.096 0.981 0.929 0.906 0.515 0.849 0.775 0.537 0.850 0.688 0.760 0.760 0.906 0.943 0.971 0.998 0.897 0.542 1.107 1.273 1.111 1.153 1.216 1.155 1.175 1.016 1.183 1.365 1.297 1.252 1.168 0.967 0.000
1.279 1.395 1.519 1.311 1.374 1.302 1.195 1.299 1.297 1.266 1.304 1.151 1.126 0.760 0.798 1.034 1.144 1.164 1.182 1.161 1.175 1.336 1.137 1.163 1.125 1.246 1.208 1.232 1.186 1.006 0.791 0.710 0.919 0.655 0.891 0.767 0.760 0.781 0.945 1.059 1.001 1.057 1.249 1.041 0.993 1.028 0.907 1.025 1.046 0.908 0.903 0.804 0.836 0.737 0.508 0.866 0.858 0.872 1.028 0.764 0.986 0.842 1.075 1.013 1.147 1.180 1.025 1.109 0.958 1.071 1.283 1.352 1.249 1.312 1.217 1.146 0.000
1.459 1.408 1.454 1.233 1.393 1.312 1.304 1.360 1.363 1.264 1.297 0.915 1.292 1.012 0.509 0.934 1.168 1.228 1.190 1.209 1.175 1.126 1.218 1.185 1.149 1.232 1.223 1.171 0.761 0.575 0.773 0.669 0.543 1.231 1.200 0.731 0.747 0.877 0.837 0.795 1.113 1.026 1.181 1.094 1.081 1.095 0.972 0.956 0.951 0.703 0.864 0.615 0.688 0.903 0.800 0.907 0.982 0.745 0.876 0.977 1.027 0.953 0.807 1.049 1.130 1.086 1.047 1.106 1.119 1.134 1.166 1.311 1.244 1.153 0.988 1.034 0.000
1.410 1.405 1.429 1.455 1.436 1.187 1.311 1.225 1.218 1.175 1.369 1.425 1.427 1.388 0.156 1.154 0.783 1.241 1.246 1.196 1.179 1.153 1.157 1.288 1.143 1.071 0.971 0.971 0.855 0.745 0.485 1.217 1.207 1.221 1.159 1.134 0.914 0.690 0.602 0.871 0.925 1.061 1.025 1.136 1.114 1.081 1.067 1.079 0.983 0.867 0.833 0.643 0.785 0.854 0.762 1.026 0.731 0.934 1.027 1.114 1.079 1.068 0.940 1.066 1.102 1.148 0.965 1.065 1.060 1.074 0.982 1.110 1.179 1.116 1.122 1.108 0.000
1.132 1.336 1.379 1.378 1.365 1.465 1.442 1.181 1.252 1.334 1.082 1.328 1.316 1.300 1.285 1.331 1.023 1.144 1.172 1.195 1.224 1.205 1.161 1.188 1.088 0.995 0.727 1.282 0.752 1.061 1.233 1.205 1.124 1.207 1.270 1.267 0.843 0.708 0.815 0.843 0.881 1.091 1.063 1.076 1.123 1.172 1.110 1.049 1.012 1.025 0.971 0.766 0.729 0.905 0.868 1.073 0.910 1.012 0.870 1.109 1.154 1.150 1.080 0.713 1.206 1.131 1.132 1.137 1.123 1.005 1.069 1.176 1.124 1.119 1.157 1.150 0.000
1.398 1.409 1.413 1.200 1.382 1.420 1.439 1.351 1.266 1.335 1.325 1.377 1.291 1.281 1.258 1.032 1.333 1.198 1.210 1.226 1.139 1.188 0.880 0.881 0.803 1.066 1.093 1.204 1.227 1.255 1.191 1.212 1.301 1.226 1.267 1.164 1.294 0.991 1.011 1.160 1.126 0.947 1.107 0.979 1.123 0.947 1.055 1.032 1.042 0.896 0.962 0.852 0.898 0.927 0.896 0.911 0.899 1.004 1.016 0.930 1.170 1.164 1.084 0.963 0.960 1.156 1.128 1.193 1.139 1.021 1.069 1.002 1.150 0.991 1.037 1.103 0.000
1.419 1.416 1.220 1.357 1.353 1.550 1.473 1.403 1.318 1.291 1.311 1.355 1.334 1.261 1.184 1.213 1.101 1.103 1.222 1.182 0.753 0.911 0.806 0.753 1.038 1.193 1.269 1.263 1.216 1.245 1.214 1.179 1.184 1.196 1.248 1.207 1.184 1.083 1.245 1.099 0.958 1.043 1.065 0.993 1.030 0.881 0.944 1.046 1.106 1.059 1.004 0.929 1.090 0.899 0.891 0.910 0.982 0.996 1.147 1.044 1.145 1.122 1.067 0.889 0.948 1.147 1.061 1.092 1.126 1.103 1.094 1.068 1.204 1.084 1.037 0.992 1.094
1.389 1.293 1.401 0.960 1.356 1.378 1.492 1.460 1.331 1.362 1.318 1.366 1.366 1.240 1.367 1.209 1.239 1.190 0.931 1.060 0.847 1.103 0.731 1.206 1.328 1.184 1.205 1.214 1.240 1.223 1.196 1.174 1.249 1.132 1.169 1.237 1.142 1.217 0.869 0.970 0.979 0.970 0.965 0.968 0.942 1.037 1.065 0.972 1.072 1.013 1.109 0.920 0.908 0.880 0.911 0.987 0.932 0.872 1.124 1.107 1.311 0.958 0.775 0.761 1.169 1.154 1.115 1.184 1.212 1.183 1.156 1.214 1.087 1.125 1.071 1.012 1.035
1.354 1.370 1.022 0.647 0.594 0.612 0.959 1.471 1.346 1.372 1.377 1.264 1.306 1.235 1.217 1.097 0.940 1.213 0.815 1.093 0.882 1.199 1.325 1.230 1.167 1.158 1.192 1.185 1.232 1.308 1.211 1.202 1.201 1.159 1.266 1.223 1.229 1.218 1.210 1.288 0.907 0.983 0.968 1.007 1.086 1.049 1.111 1.205 1.149 1.125 0.945 0.975 0.868 0.873 0.950 0.891 0.867 1.010 1.019 1.176 0.943 1.020 1.218 1.150 1.237 1.169 1.160 1.064 1.175 1.290 1.276 1.098 1.081 0.972 1.108 1.009 1.078
1.280 1.358 1.409 0.618 0.637 0.648 0.615 0.571 0.981 1.233 1.038 1.273 1.260 0.935 0.925 0.772 0.718 0.900 0.916 1.253 1.236 1.285 1.296 1.241 1.235 1.187 1.218 1.182 1.186 1.251 1.261 1.179 1.216 1.219 1.145 1.206 1.169 1.170 1.229 1.231 1.120 1.096 0.964 0.965 0.994 1.066 1.114 1.211 1.066 1.037 1.096 0.923 0.892 0.891 0.894 0.875 0.987 1.125 1.015 1.250 1.232 1.353 1.349 1.244 1.273 1.269 1.139 1.235 1.248 1.252 1.159 1.130 1.088 1.100 1.067 1.037 1.017
1.422 1.289 1.287 1.109 1.368 1.203 0.681 0.711 0.711 0.818 1.154 0.906 1.183 0.746 0.869 0.737 0.747 0.887 1.202 1.240 1.226 1.201 1.200 1.204 1.289 1.247 1.229 1.258 1.201 1.139 1.218 1.168 1.192 1.254 1.266 1.181 1.178 1.250 1.167 0.967 1.017 0.916 1.090 1.074 1.048 0.981 1.024 1.194 1.119 1.178 1.178 0.906 0.890 0.882 0.902 1.141 0.915 1.198 1.235 1.252 1.356 1.364 1.236 1.298 1.240 1.217 1.244 1.144 1.230 1.218 1.209 1.171 1.104 1.087 1.018 0.978 1.062
1.395 1.232 1.217 1.378 1.400 1.360 1.343 1.380 0.656 0.810 0.933 0.762 0.945 0.818 0.842 1.003 1.250 1.034 1.143 1.135 1.124 1.230 1.181 1.174 1.252 1.271 1.235 1.185 1.245 1.240 1.166 1.196 1.161 1.264 1.206 1.214 0.887 0.966 0.874 0.872 0.966 1.144 1.009 0.962 0.986 0.966 1.109 1.194 1.093 1.231 1.229 1.256 0.880 0.873 0.910 0.942 1.116 1.245 1.335 1.319 1.271 1.212 1.290 1.290 1.209 1.266 1.261 1.260 1.225 1.283 1.148 1.100 1.154 1.095 1.003 1.109 0.971
1.283 1.414 1.364 1.416 1.469 1.390 1.226 0.714 0.830 0.858 0.687 0.763 0.983 1.005 0.819 0.954 1.101 1.245 1.202 1.126 1.084 1.111 1.225 1.150 1.238 1.226 1.301 1.291 1.199 1.293 1.228 1.193 1.211 1.207 1.163 1.137 0.935 0.948 0.972 1.039 1.008 0.976 1.006 1.180 1.186 1.162 1.130 1.162 1.219 1.423 1.258 1.155 1.248 0.917 0.929 0.897 1.236 1.291 1.319 1.316 1.326 1.222 1.306 1.370 1.312 1.207 1.210 1.306 1.185 1.228 1.178 1.138 1.094 1.020 1.186 1.072 1.040
1.384 1.448 1.177 1.299 1.006 1.017 0.864 0.915 1.086 0.828 0.890 1.372 1.186 1.022 0.841 0.856 0.991 0.935 0.972 1.023 1.008 1.107 1.072 1.154 1.235 1.193 1.251 1.299 1.186 1.198 1.164 1.134 1.208 1.151 1.171 1.271 1.154 1.050 1.064 0.935 0.976 0.916 1.102 1.221 1.181 1.067 1.222 1.141 1.284 1.363 1.233 1.254 1.331 0.887 1.246 1.328 1.275 1.330 1.345 1.288 1.333 1.258 1.329 1.270 1.345 1.215 1.204 1.180 1.184 1.199 1.165 1.067 1.198 1.085 1.104 1.203 1.106
1.376 1.292 0.815 1.240 0.879 0.978 0.902 0.957 1.179 1.295 1.415 1.538 1.405 1.297 1.158 0.980 0.929 0.980 0.886 0.864 0.810 0.961 1.125 1.171 1.141 1.270 1.237 1.174 1.134 1.289 1.120 1.226 1.228 1.129 1.207 1.287 1.168 0.995 1.044 1.001 0.999 1.158 1.349 1.204 1.201 1.297 1.166 1.117 1.349 1.335 1.357 1.262 1.255 1.189 1.232 1.194 1.203 1.297 1.258 1.266 1.291 1.353 1.304 1.335 1.268 1.197 1.234 1.181 1.154 1.129 1.124 1.101 1.066 1.011 1.076 1.097 1.004
1.191 1.166 0.916 1.038 1.044 1.236 1.440 1.402 1.382 1.345 1.351 1.380 1.362 1.239 1.295 1.289 1.095 0.971 0.890 0.853 0.832 0.965 0.924 0.832 1.045 1.191 1.156 1.335 1.299 1.299 1.197 1.141 1.225 1.178 1.216 1.043 1.066 0.979 1.065 1.183 1.214 1.286 1.220 1.285 1.196 1.167 1.313 1.314 1.238 1.293 1.303 1.264 1.240 1.131 1.167 1.290 1.290 1.142 1.292 1.282 1.195 1.330 1.280 1.357 1.172 1.184 1.110 1.186 1.169 1.072 1.147 1.286 1.017 1.129 1.078 0.963 1.016
0.991 1.217 1.007 1.199 1.528 1.392 1.393 1.364 1.430 1.490 1.465 1.377 1.194 1.424 1.196 1.154 1.146 1.190 1.212 1.085 0.848 0.941 0.889 0.868 0.949 0.918 1.050 1.128 1.219 1.129 1.257 1.196 1.202 1.129 0.967 1.025 0.998 1.049 1.195 1.292 1.275 1.234 1.271 1.198 1.237 1.260 1.297 1.284 1.301 1.200 1.260 1.275 1.306 1.203 1.241 1.254 1.213 1.300 1.111 1.302 1.363 1.324 1.274 1.240 1.239 1.224 1.237 1.291 1.121 1.172 1.172 1.169 1.196 1.112 1.079 1.046 0.991
1.069 1.165 1.256 1.356 1.390 1.485 1.443 1.438 1.394 1.357 1.525 1.362 1.319 1.245 1.233 1.059 1.249 1.220 1.253 1.227 1.162 1.193 0.961 0.818 0.943 0.916 0.926 0.921 0.919 1.035 1.151 1.140 0.988 0.968 0.924 1.079 1.069 1.229 1.266 1.266 1.308 1.325 1.306 1.243 1.273 1.347 1.262 1.263 1.159 1.285 1.318 1.263 1.297 1.313 1.327 1.274 1.331 1.200 1.321 1.235 1.221 1.238 1.355 1.224 1.229 1.230 1.162 1.173 1.178 1.260 1.255 1.178 1.132 1.233 1.130 1.123 0.983
2.049 0.802 1.078 1.213 1.390 1.444 1.419 1.340 1.457 1.297 1.443 1.435 1.220 1.176 1.109 1.327 1.229 1.265 1.346 1.305 1.285 1.311 1.311 1.196 1.033 0.882 0.950 0.947 0.945 0.838 0.893 0.915 0.873 1.007 1.096 1.111 1.201 1.209 1.232 1.227 1.262 1.208 1.290 1.260 1.255 1.222 1.141 1.198 1.184 1.224 1.261 1.361 1.329 1.321 1.360 1.340 1.304 1.286 1.329 1.241 1.182 1.218 1.242 1.200 1.151 1.186 1.144 1.144 1.229 1.274 1.190 1.219 1.222 1.357 1.154 1.213 1.082
