includes/rochefort/floodfiles/results/res.inittm
ncols         730
nrows         472
xllcorner     380617.130607
yllcorner     6542069.774949
cellsize      20.000000
NODATA_value  -9999.000000
[rows 330 to 359 of 472, columns 408 to 475 of 730]
-9999.000 -9999.000 -9999.000 -9999.000 -9999.000 -9999.000 -9999.000 -9999.000 -9999.000 -9999.000 -9999.000 51.472 51.245 51.251 50.997 -9999.000 50.872 50.784 50.061 50.089 50.127 50.129 50.009 49.987 49.944 49.926 50.953 49.673 49.651 49.514 25.685 0.000 0.000 0.000 0.000 0.000 0.000 0.000 0.000 0.000 0.000 0.000 49.633 49.667 49.775 49.795 49.821 49.849 49.893 50.558 51.571 49.994 49.992 50.012 50.027 50.035 50.050 50.864 50.849 50.835 50.888 50.952 50.585 50.384 50.553 50.397 50.440 50.634
-9999.000 -9999.000 -9999.000 -9999.000 -9999.000 -9999.000 -9999.000 -9999.000 -9999.000 -9999.000 -9999.000 -9999.000 51.557 51.721 -9999.000 -9999.000 51.166 51.313 50.950 50.188 50.335 50.332 50.270 50.102 50.167 49.916 49.789 49.777 49.766 49.614 49.476 25.628 0.000 0.000 0.000 0.000 0.000 0.000 0.000 0.000 0.000 0.000 25.076 49.511 49.731 49.761 49.790 49.822 49.900 49.890 49.899 49.988 49.972 50.003 49.987 50.025 50.042 50.220 50.113 50.187 50.786 50.751 50.786 50.728 50.568 50.650 50.484 50.825
-9999.000 -9999.000 -9999.000 -9999.000 -9999.000 -9999.000 -9999.000 -9999.000 -9999.000 -9999.000 -9999.000 -9999.000 -9999.000 -9999.000 -9999.000 -9999.000 -9999.000 -9999.000 51.603 51.502 50.620 50.327 50.087 50.029 49.991 49.962 49.895 51.264 49.662 49.588 49.495 49.628 25.472 0.000 0.000 0.000 0.000 0.000 0.000 0.000 0.000 0.000 0.000 50.181 49.750 49.796 49.832 49.850 49.858 49.872 50.790 50.831 49.963 49.963 49.977 50.042 50.086 50.079 50.092 50.115 50.135 50.148 50.825 50.745 50.640 50.798 50.627 50.765
-9999.000 -9999.000 -9999.000 -9999.000 -9999.000 -9999.000 -9999.000 -9999.000 -9999.000 -9999.000 -9999.000 -9999.000 -9999.000 -9999.000 -9999.000 -9999.000 -9999.000 -9999.000 -9999.000 -9999.000 -9999.000 51.155 50.171 50.067 50.026 49.894 49.876 49.787 49.767 49.643 49.578 49.561 49.543 12.514 0.000 0.000 0.000 0.000 0.000 0.000 0.000 0.000 2.087 49.735 49.701 49.722 49.803 49.818 49.844 49.867 49.869 49.880 49.944 49.955 49.984 49.998 50.043 50.053 50.066 50.097 50.178 50.742 50.763 50.769 50.889 50.831 50.653 50.686
-9999.000 -9999.000 -9999.000 -9999.000 -9999.000 -9999.000 -9999.000 -9999.000 -9999.000 -9999.000 -9999.000 -9999.000 -9999.000 -9999.000 -9999.000 -9999.000 -9999.000 -9999.000 -9999.000 -9999.000 -9999.000 -9999.000 51.041 50.080 49.911 49.888 49.872 49.858 50.656 49.658 49.644 49.549 49.527 13.588 11.571 0.000 0.000 0.000 0.000 0.000 0.000 0.000 0.000 49.470 49.678 49.700 49.730 49.815 49.827 49.841 49.855 50.982 -9999.000 49.966 49.977 49.989 50.100 50.109 50.330 50.320 50.565 50.589 50.616 50.805 50.815 50.648 50.679 50.727
-9999.000 -9999.000 -9999.000 -9999.000 -9999.000 -9999.000 -9999.000 -9999.000 -9999.000 -9999.000 -9999.000 -9999.000 -9999.000 -9999.000 -9999.000 -9999.000 -9999.000 -9999.000 -9999.000 -9999.000 -9999.000 -9999.000 -9999.000 51.163 49.945 49.912 49.885 49.873 49.877 49.857 49.654 49.639 49.547 49.567 12.582 0.000 0.000 0.000 0.000 0.000 0.000 0.000 0.000 0.000 49.895 49.756 49.805 49.794 49.808 49.827 49.847 49.979 49.993 49.976 49.998 50.039 50.613 50.161 50.543 50.398 50.564 50.605 50.594 50.558 50.559 50.581 50.634 50.679
-9999.000 -9999.000 -9999.000 -9999.000 -9999.000 -9999.000 -9999.000 -9999.000 -9999.000 -9999.000 -9999.000 -9999.000 -9999.000 -9999.000 -9999.000 -9999.000 -9999.000 -9999.000 -9999.000 -9999.000 -9999.000 -9999.000 -9999.000 51.456 50.254 49.939 49.891 49.889 50.599 50.743 49.642 49.628 49.590 49.735 24.801 0.000 0.000 0.000 0.000 0.000 0.000 0.000 0.000 0.000 49.802 49.729 49.750 49.769 49.791 49.809 49.831 49.850 49.866 50.693 50.083 50.104 50.473 50.295 50.331 50.372 50.370 50.423 50.457 50.505 50.532 50.560 50.604 50.688
-9999.000 -9999.000 -9999.000 -9999.000 -9999.000 -9999.000 -9999.000 -9999.000 -9999.000 -9999.000 -9999.000 -9999.000 -9999.000 -9999.000 -9999.000 -9999.000 -9999.000 -9999.000 -9999.000 -9999.000 -9999.000 -9999.000 -9999.000 51.647 51.065 50.021 49.860 49.834 49.937 49.771 50.650 49.639 49.627 49.606 25.197 0.000 0.000 0.000 0.000 0.000 0.000 0.000 0.000 0.000 25.469 49.703 49.727 49.743 49.819 49.833 49.855 49.878 50.476 51.119 50.343 50.127 50.344 50.320 50.236 50.313 50.328 50.387 50.342 50.391 50.466 50.544 50.662 50.678
-9999.000 -9999.000 -9999.000 -9999.000 -9999.000 -9999.000 -9999.000 -9999.000 -9999.000 -9999.000 -9999.000 -9999.000 -9999.000 -9999.000 -9999.000 -9999.000 -9999.000 -9999.000 -9999.000 -9999.000 -9999.000 -9999.000 -9999.000 50.952 50.086 50.068 49.869 49.793 49.774 49.757 49.741 49.724 49.663 49.845 49.566 12.480 0.000 0.000 0.000 0.000 0.000 0.000 0.000 0.000 0.000 49.712 49.731 49.719 49.795 49.812 49.837 49.882 50.241 50.453 50.312 50.192 50.125 50.161 50.176 50.125 50.204 50.275 50.301 50.402 50.440 50.561 50.605 50.660
-9999.000 -9999.000 -9999.000 -9999.000 -9999.000 -9999.000 -9999.000 -9999.000 -9999.000 -9999.000 -9999.000 -9999.000 -9999.000 -9999.000 -9999.000 -9999.000 -9999.000 -9999.000 -9999.000 -9999.000 -9999.000 -9999.000 51.265 50.101 50.072 50.051 49.957 49.923 49.897 49.776 50.446 50.748 49.688 49.687 49.584 49.627 11.668 0.000 0.000 0.000 0.000 0.000 0.000 0.000 0.000 25.300 49.660 49.700 49.705 49.803 49.822 51.139 50.519 50.432 49.987 50.328 50.073 50.099 50.102 50.066 50.155 50.297 50.199 50.433 50.475 50.539 50.636 50.688
-9999.000 -9999.000 -9999.000 -9999.000 -9999.000 -9999.000 -9999.000 -9999.000 -9999.000 -9999.000 -9999.000 -9999.000 -9999.000 -9999.000 -9999.000 -9999.000 -9999.000 -9999.000 -9999.000 -9999.000 51.058 50.429 50.219 50.106 50.088 50.134 50.671 50.066 49.855 49.824 50.031 50.061 50.606 49.717 50.854 50.625 13.196 0.000 0.000 0.000 0.000 0.000 0.000 0.000 0.000 0.000 49.533 49.632 49.651 49.723 50.526 50.781 50.197 49.776 49.964 49.973 50.041 50.024 50.043 50.023 50.036 50.053 50.169 50.524 50.372 50.413 50.564 50.608
-9999.000 -9999.000 -9999.000 -9999.000 -9999.000 -9999.000 -9999.000 -9999.000 -9999.000 -9999.000 -9999.000 -9999.000 -9999.000 -9999.000 -9999.000 -9999.000 -9999.000 -9999.000 51.281 50.445 50.359 50.192 50.158 50.148 50.291 50.663 50.636 50.923 50.279 50.095 50.129 50.332 50.371 50.586 50.920 50.761 49.802 0.000 0.000 0.000 0.000 0.000 0.000 0.000 0.000 0.000 0.000 49.594 49.694 49.695 49.872 49.742 49.763 49.760 49.913 49.938 49.918 49.947 49.943 49.969 49.993 50.020 50.051 50.213 50.329 50.378 50.530 50.564
-9999.000 -9999.000 -9999.000 -9999.000 -9999.000 -9999.000 -9999.000 -9999.000 -9999.000 -9999.000 -9999.000 -9999.000 -9999.000 -9999.000 -9999.000 -9999.000 51.239 50.830 50.367 50.286 50.200 50.188 50.175 50.164 50.323 50.548 50.582 50.326 50.150 50.123 50.517 50.668 50.412 50.441 50.955 51.032 50.767 12.770 0.000 0.000 0.000 0.000 0.000 0.000 0.000 0.000 0.000 0.000 24.826 24.841 49.688 12.160 50.126 49.716 49.745 49.852 49.890 49.889 49.907 49.943 49.973 49.980 50.021 50.052 50.361 50.395 50.542 50.578
-9999.000 -9999.000 -9999.000 -9999.000 -9999.000 -9999.000 -9999.000 -9999.000 -9999.000 -9999.000 -9999.000 -9999.000 -9999.000 -9999.000 -9999.000 -9999.000 51.394 50.904 50.508 50.248 50.225 50.225 50.221 50.207 50.325 50.470 50.378 50.350 50.514 50.209 50.317 50.731 50.568 50.679 50.786 50.888 50.849 50.642 11.943 0.000 0.000 0.000 0.000 0.000 0.000 0.000 0.000 0.000 0.000 13.545 13.253 11.662 49.805 49.670 49.706 49.746 49.864 49.755 49.877 49.863 50.738 49.946 49.979 50.019 50.066 50.367 50.394 50.450
-9999.000 -9999.000 -9999.000 -9999.000 -9999.000 -9999.000 -9999.000 -9999.000 -9999.000 -9999.000 -9999.000 -9999.000 -9999.000 -9999.000 -9999.000 -9999.000 -9999.000 -9999.000 51.082 50.327 50.261 50.240 50.240 50.353 50.414 50.433 50.399 50.377 50.533 50.502 50.338 50.436 50.487 50.796 50.810 50.916 50.889 50.914 49.910 0.000 0.000 0.000 0.000 0.000 0.000 0.000 0.000 0.000 0.000 0.000 0.000 0.000 49.499 49.627 49.670 49.779 49.657 49.699 49.784 49.845 49.865 49.920 49.995 50.036 50.091 50.198 50.314 50.398
-9999.000 -9999.000 -9999.000 -9999.000 -9999.000 -9999.000 -9999.000 -9999.000 -9999.000 -9999.000 -9999.000 -9999.000 -9999.000 -9999.000 -9999.000 -9999.000 -9999.000 -9999.000 51.384 50.347 50.299 50.398 50.340 50.667 50.514 50.461 50.462 50.411 50.566 50.535 50.939 50.483 50.799 50.834 50.869 50.900 50.928 50.973 50.788 49.526 0.000 0.000 0.000 0.000 0.000 0.000 0.000 0.000 0.000 0.000 0.000 0.000 13.539 50.528 49.610 49.673 49.628 49.664 49.760 49.816 51.541 49.909 49.925 50.348 50.050 50.113 50.217 50.315
-9999.000 -9999.000 -9999.000 -9999.000 -9999.000 -9999.000 -9999.000 -9999.000 -9999.000 -9999.000 -9999.000 -9999.000 -9999.000 -9999.000 -9999.000 -9999.000 -9999.000 -9999.000 -9999.000 50.376 50.331 50.368 50.461 50.807 50.539 50.506 50.566 50.458 50.506 50.577 50.815 51.227 50.824 50.871 51.018 51.034 50.905 50.876 50.841 50.905 0.000 0.000 0.000 0.000 0.000 0.000 0.000 0.000 0.000 0.000 0.000 0.000 0.000 0.000 25.175 50.528 49.604 49.663 49.729 51.859 49.893 49.819 49.901 50.263 49.986 50.596 50.578 50.392
-9999.000 -9999.000 -9999.000 -9999.000 -9999.000 -9999.000 -9999.000 -9999.000 -9999.000 -9999.000 -9999.000 -9999.000 -9999.000 -9999.000 -9999.000 -9999.000 -9999.000 -9999.000 -9999.000 50.502 50.384 50.483 50.477 50.531 50.544 50.522 50.584 50.507 50.555 50.690 50.804 51.157 51.251 50.906 51.040 51.086 50.955 50.915 50.877 50.908 50.871 25.581 0.000 0.000 0.000 0.000 0.000 0.000 0.000 0.000 0.000 0.000 0.000 0.000 0.000 0.000 0.000 49.718 50.420 51.733 51.126 49.737 50.464 50.025 49.952 50.549 50.522 50.670
-9999.000 -9999.000 -9999.000 -9999.000 -9999.000 -9999.000 -9999.000 -9999.000 -9999.000 -9999.000 -9999.000 -9999.000 -9999.000 -9999.000 -9999.000 -9999.000 -9999.000 -9999.000 -9999.000 50.544 50.404 50.461 50.475 50.495 50.583 50.559 50.606 50.614 50.626 50.702 50.747 50.832 51.127 51.061 51.054 51.106 51.016 50.944 50.911 50.930 50.890 50.702 0.000 0.000 0.000 0.000 0.000 0.000 0.000 0.000 0.000 0.000 0.000 0.000 0.000 0.000 0.000 0.000 0.000 25.383 50.469 49.712 50.561 49.751 49.780 50.445 50.485 50.639
-9999.000 -9999.000 -9999.000 -9999.000 -9999.000 -9999.000 -9999.000 -9999.000 -9999.000 -9999.000 -9999.000 -9999.000 -9999.000 -9999.000 -9999.000 -9999.000 -9999.000 -9999.000 -9999.000 50.601 50.578 50.473 50.498 50.520 50.561 50.612 50.619 50.649 50.642 50.668 50.853 50.859 51.023 51.271 51.122 51.106 51.096 51.094 50.884 50.852 50.819 50.704 49.711 13.497 0.000 0.000 0.000 0.000 0.000 0.000 0.000 0.000 0.000 0.000 0.000 0.000 0.000 0.000 0.000 0.000 11.605 12.721 49.696 49.730 50.340 49.694 50.464 50.485
-9999.000 -9999.000 -9999.000 -9999.000 -9999.000 -9999.000 -9999.000 -9999.000 -9999.000 -9999.000 -9999.000 -9999.000 -9999.000 -9999.000 -9999.000 -9999.000 -9999.000 -9999.000 -9999.000 50.708 50.994 50.857 50.701 50.561 50.586 50.629 50.649 50.662 50.661 50.724 50.830 50.892 51.431 51.271 51.253 51.170 51.105 51.002 50.954 50.901 50.869 51.428 49.484 25.975 0.000 0.000 0.000 0.000 0.000 0.000 0.000 0.000 0.000 0.000 0.000 0.000 0.000 0.000 0.000 0.000 0.000 0.000 0.000 24.846 49.440 49.587 49.803 49.853
-9999.000 -9999.000 -9999.000 -9999.000 -9999.000 -9999.000 -9999.000 -9999.000 -9999.000 -9999.000 -9999.000 -9999.000 -9999.000 -9999.000 -9999.000 -9999.000 -9999.000 -9999.000 50.896 50.865 50.845 50.863 50.650 50.600 50.603 50.633 50.646 50.705 50.704 51.079 50.853 50.880 51.324 51.315 51.514 51.372 51.083 51.017 50.998 50.871 51.030 50.737 49.514 13.568 0.000 0.000 0.000 0.000 0.000 0.000 0.000 0.000 0.000 0.000 0.000 0.000 0.000 0.000 0.000 0.000 0.000 0.000 0.000 0.000 0.000 11.666 24.927 50.401
-9999.000 -9999.000 -9999.000 -9999.000 -9999.000 -9999.000 -9999.000 -9999.000 -9999.000 -9999.000 -9999.000 -9999.000 -9999.000 -9999.000 -9999.000 -9999.000 -9999.000 51.065 50.935 50.733 50.708 50.688 50.669 50.618 50.758 50.653 50.733 50.719 50.723 50.803 50.824 50.939 51.080 51.305 51.570 -9999.000 51.534 51.099 51.041 50.826 50.769 50.714 50.658 50.134 13.769 12.429 12.000 0.000 0.000 0.000 0.000 0.000 0.000 0.000 0.000 0.000 0.000 0.000 0.000 0.000 0.000 0.000 0.000 0.000 0.000 0.000 0.000 12.146
-9999.000 -9999.000 -9999.000 -9999.000 -9999.000 -9999.000 -9999.000 -9999.000 -9999.000 -9999.000 -9999.000 -9999.000 -9999.000 -9999.000 -9999.000 -9999.000 51.156 50.996 50.973 50.749 50.726 50.705 50.708 50.810 50.782 50.792 50.776 50.798 50.741 50.778 51.474 51.000 51.243 51.251 51.363 51.414 -9999.000 51.278 -9999.000 51.467 50.921 50.740 50.707 50.152 50.825 50.421 49.667 49.833 25.701 0.000 0.000 0.000 0.000 0.000 0.000 0.000 0.000 0.000 0.000 0.000 0.000 0.000 0.000 0.000 0.000 0.000 0.000 0.000
-9999.000 -9999.000 -9999.000 -9999.000 -9999.000 -9999.000 -9999.000 -9999.000 -9999.000 -9999.000 -9999.000 -9999.000 -9999.000 -9999.000 -9999.000 51.357 50.987 51.047 50.904 50.772 50.753 50.728 50.730 50.833 50.843 50.812 50.801 50.820 50.802 50.787 50.988 51.013 51.096 51.181 51.253 51.569 51.677 -9999.000 -9999.000 51.783 51.201 51.210 51.448 51.060 -9999.000 -9999.000 51.232 51.114 50.688 50.385 49.732 11.522 0.000 0.000 0.000 0.000 0.000 0.000 0.000 0.000 0.000 0.000 0.000 0.000 0.000 0.000 0.000 0.000
-9999.000 -9999.000 -9999.000 -9999.000 -9999.000 -9999.000 -9999.000 -9999.000 -9999.000 -9999.000 51.506 51.352 51.527 51.528 51.150 50.986 50.969 50.903 50.837 50.795 50.788 50.787 50.762 50.853 50.859 50.859 51.015 51.078 50.819 51.169 51.013 51.040 51.093 51.347 51.367 -9999.000 -9999.000 -9999.000 -9999.000 51.875 51.660 -9999.000 -9999.000 51.267 51.329 50.796 50.685 50.554 50.368 49.804 49.781 49.681 49.745 25.159 0.000 0.000 0.000 0.000 0.000 0.000 0.000 0.000 0.000 0.000 0.000 0.000 0.000 0.000
-9999.000 -9999.000 -9999.000 -9999.000 -9999.000 -9999.000 -9999.000 -9999.000 51.469 51.224 51.112 51.096 51.077 51.061 51.028 51.008 50.986 50.976 50.871 50.843 50.811 50.821 50.811 50.876 50.930 50.877 51.063 50.951 50.907 51.448 51.470 51.176 -9999.000 51.483 51.480 -9999.000 -9999.000 -9999.000 -9999.000 -9999.000 -9999.000 -9999.000 -9999.000 51.596 51.394 51.473 50.725 50.602 50.637 50.735 49.791 49.769 49.768 49.911 49.636 49.695 0.000 0.000 0.000 0.000 0.000 0.000 0.000 0.000 0.000 0.000 0.000 0.000
-9999.000 -9999.000 -9999.000 -9999.000 -9999.000 -9999.000 -9999.000 51.557 51.197 51.155 51.142 51.129 51.094 51.159 51.089 51.027 51.042 50.956 50.939 50.920 50.880 50.903 50.853 50.902 50.944 51.002 51.019 50.985 51.061 51.101 51.515 -9999.000 -9999.000 -9999.000 -9999.000 -9999.000 -9999.000 -9999.000 -9999.000 -9999.000 -9999.000 -9999.000 -9999.000 -9999.000 -9999.000 50.995 50.969 50.744 50.847 50.433 49.849 49.796 49.793 49.820 49.855 49.904 49.841 49.651 25.606 0.000 0.000 0.000 0.000 0.000 0.000 0.000 0.000 0.000
-9999.000 -9999.000 -9999.000 -9999.000 -9999.000 -9999.000 -9999.000 51.326 51.201 51.187 51.173 51.161 51.152 51.136 51.113 51.057 51.003 50.990 50.955 50.943 50.980 50.927 50.941 50.945 50.973 51.020 51.168 51.253 51.115 51.333 -9999.000 -9999.000 -9999.000 -9999.000 -9999.000 -9999.000 -9999.000 -9999.000 -9999.000 -9999.000 -9999.000 -9999.000 -9999.000 -9999.000 51.136 51.077 50.801 50.772 50.837 50.174 50.111 49.834 49.851 49.843 49.825 49.802 49.694 49.677 49.614 49.665 49.549 0.000 0.000 0.000 0.000 0.000 0.000 0.000
-9999.000 -9999.000 -9999.000 -9999.000 -9999.000 -9999.000 -9999.000 51.418 51.217 51.212 51.201 51.205 51.164 51.138 51.114 51.038 51.028 51.025 50.991 50.976 50.991 50.949 50.960 51.089 50.983 51.013 51.223 51.605 51.473 -9999.000 -9999.000 -9999.000 -9999.000 -9999.000 -9999.000 -9999.000 -9999.000 -9999.000 -9999.000 -9999.000 -9999.000 -9999.000 -9999.000 -9999.000 51.174 50.981 50.835 50.921 50.681 50.214 50.719 50.412 49.893 49.866 49.841 49.782 49.758 49.776 49.689 49.695 49.577 49.479 49.441 0.000 0.000 0.000 0.000 0.000
