includes/lisflood/inputs/LittoSIM_GEN_Caen_DEM_R9_t1.553260310992E12.asc
ncols         667
nrows         504
xllcorner     559149.5871524289
yllcorner     6977567.760122366
dx            19.400299850052622
dy            19.206349206334423
[rows 180 to 215 of 504, columns 164 to 245 of 667]
-9.0 -8.5 -8.0 -7.5 -7.0 -6.5 -6.0 -5.5 -5.0 -4.5 -4.0 -3.5 -4.0 -4.0 -3.5 -3.5 -3.0 -3.0 -2.5 -2.5 -2.0 -1.5 -1.5 -1.0 -1.0 -1.0 -1.5 -2.0 -2.5 -2.5 -3.0 -3.5 -4.0 -4.5 -5.0 -5.0 -5.5 -6.0 -6.5 -7.0 -7.5 -7.5 -8.0 -8.5 -8.5 -8.5 -8.5 -8.5 -8.0 -8.0 -7.5 -7.5 -7.5 -7.0 -7.0 -7.0 -6.5 -6.5 -6.5 -6.5 -6.5 -6.5 -6.5 -6.0 -6.0 -6.0 -6.0 -6.0 -6.0 -6.0 -5.5 -5.0 -5.0 -5.0 -5.0 -5.0 -4.5 -4.5 -4.5 -4.5 -4.5 -4.5
-8.5 -8.0 -7.5 -7.0 -6.5 -6.0 -5.5 -5.0 -4.5 -4.0 -3.5 -3.0 -3.5 -3.5 -3.0 -3.0 -2.5 -2.5 -2.0 -2.0 -1.5 -1.0 -1.0 -0.5 -0.5 -0.5 -1.0 -1.5 -2.0 -2.0 -2.5 -3.0 -3.5 -4.0 -4.5 -4.5 -5.0 -5.5 -6.0 -6.5 -7.0 -7.0 -7.5 -8.0 -8.0 -8.0 -8.0 -8.0 -7.5 -7.5 -7.0 -7.0 -7.0 -6.5 -6.5 -6.5 -6.0 -6.0 -6.0 -6.0 -6.0 -6.0 -6.0 -5.5 -5.5 -5.5 -5.5 -5.5 -5.5 -5.5 -5.0 -4.5 -4.5 -4.5 -4.5 -4.5 -4.0 -4.0 -4.0 -4.0 -4.0 -4.0
-8.0 -7.5 -7.0 -6.5 -6.0 -5.5 -5.0 -4.5 -4.0 -3.5 -3.0 -2.5 -3.0 -3.0 -2.5 -2.5 -2.0 -2.0 -1.5 -1.5 -1.0 -0.5 -0.5 0.0 0.0 0.0 -0.5 -1.0 -1.5 -1.5 -2.0 -2.5 -3.0 -3.5 -4.0 -4.0 -4.5 -5.0 -5.5 -6.0 -6.5 -6.5 -7.0 -7.5 -7.5 -7.5 -7.5 -7.5 -7.0 -7.0 -6.5 -6.5 -6.5 -6.0 -6.0 -6.0 -5.5 -5.5 -5.5 -5.5 -5.5 -5.5 -5.5 -5.0 -5.0 -5.0 -5.0 -5.0 -5.0 -5.0 -4.5 -4.0 -4.0 -4.0 -4.0 -4.0 -3.5 -3.5 -3.5 -3.5 -3.5 -3.5
-7.5 -7.0 -6.5 -6.0 -5.5 -5.0 -4.5 -4.0 -3.5 -3.0 -2.5 -2.0 -2.5 -2.5 -2.0 -2.0 -1.5 -1.5 -1.0 -1.0 -0.5 0.0 0.0 0.5 0.5 0.5 0.0 -0.5 -1.0 -1.0 -1.5 -2.0 -2.5 -3.0 -3.5 -3.5 -4.0 -4.5 -5.0 -5.5 -6.0 -6.0 -6.5 -7.0 -7.0 -7.0 -7.0 -7.0 -6.5 -6.5 -6.0 -6.0 -6.0 -5.5 -5.5 -5.5 -5.0 -5.0 -5.0 -5.0 -5.0 -5.0 -5.0 -4.5 -4.5 -4.5 -4.5 -4.5 -4.5 -4.5 -4.0 -3.5 -3.5 -3.5 -3.5 -3.5 -3.0 -3.0 -3.0 -3.0 -3.0 -3.0
-7.0 -6.5 -6.0 -5.5 -5.0 -4.5 -4.0 -3.5 -3.0 -2.5 -2.0 -1.5 -2.0 -2.0 -1.5 -1.5 -1.0 -1.0 -0.5 -0.5 0.0 0.5 0.5 1.0 1.0 1.0 0.5 0.0 -0.5 -0.5 -1.0 -1.5 -2.0 -2.5 -3.0 -3.0 -3.5 -4.0 -4.5 -5.0 -5.5 -5.5 -6.0 -6.5 -6.5 -6.5 -6.5 -6.5 -6.0 -6.0 -5.5 -5.5 -5.5 -5.0 -5.0 -5.0 -4.5 -4.5 -4.5 -4.5 -4.5 -4.5 -4.5 -4.0 -4.0 -4.0 -4.0 -4.0 -4.0 -4.0 -3.5 -3.0 -3.0 -3.0 -3.0 -3.0 -2.5 -2.5 -2.5 -2.5 -2.5 -2.5
-6.5 -6.0 -5.5 -5.0 -4.5 -4.0 -3.5 -3.0 -2.5 -2.0 -1.5 -1.0 -1.5 -1.5 -1.0 -1.0 -0.5 -0.5 0.0 0.0 0.5 1.0 1.0 1.5 1.5 1.5 1.0 0.5 0.0 0.0 -0.5 -1.0 -1.5 -2.0 -2.5 -2.5 -3.0 -3.5 -4.0 -4.5 -5.0 -5.0 -5.5 -6.0 -6.0 -6.0 -6.0 -6.0 -5.5 -5.5 -5.0 -5.0 -5.0 -4.5 -4.5 -4.5 -4.0 -4.0 -4.0 -4.0 -4.0 -4.0 -4.0 -3.5 -3.5 -3.5 -3.5 -3.5 -3.5 -3.5 -3.0 -2.5 -2.5 -2.5 -2.5 -2.5 -2.0 -2.0 -2.0 -2.0 -2.0 -2.0
-6.0 -5.5 -5.0 -4.5 -4.0 -3.5 -3.0 -2.5 -2.0 -1.5 -1.0 -0.5 -1.0 -1.0 -0.5 -0.5 0.0 0.0 0.5 0.5 1.0 1.5 1.5 2.0 2.0 2.0 1.5 1.0 0.5 0.5 0.0 -0.5 -1.0 -1.5 -2.0 -2.0 -2.5 -3.0 -3.5 -4.0 -4.5 -4.5 -5.0 -5.5 -5.5 -5.5 -5.5 -5.5 -5.0 -5.0 -4.5 -4.5 -4.5 -4.0 -4.0 -4.0 -3.5 -3.5 -3.5 -3.5 -3.5 -3.5 -3.5 -3.0 -3.0 -3.0 -3.0 -3.0 -3.0 -3.0 -2.5 -2.0 -2.0 -2.0 -2.0 -2.0 -1.5 -1.5 -1.5 -1.5 -1.5 -1.5
-5.5 -5.0 -4.5 -4.0 -3.5 -3.0 -2.5 -2.0 -1.5 -1.0 -0.5 0.0 -0.5 -0.5 0.0 0.0 0.5 0.5 1.0 1.0 1.5 2.0 2.0 7.0 9.0 9.0 2.0 1.5 1.0 1.0 0.5 0.0 -0.5 -1.0 -1.5 -1.5 -2.0 -2.5 -3.0 -3.5 -4.0 -4.0 -4.5 -5.0 -5.0 -5.0 -5.0 -5.0 -4.5 -4.5 -4.0 -4.0 -4.0 -3.5 -3.5 -3.5 -3.0 -3.0 -3.0 -3.0 -3.0 -3.0 -3.0 -2.5 -2.5 -2.5 -2.5 -2.5 -2.5 -2.5 -2.0 -1.5 -1.5 -1.5 -1.5 -1.5 -1.0 -1.0 -1.0 -1.0 -1.0 -1.0
-5.0 -4.5 -4.0 -3.5 -3.0 -2.5 -2.0 -1.5 -1.0 -0.5 0.0 0.5 0.0 0.0 0.5 0.5 1.0 1.0 1.5 1.5 2.0 5.0 9.0 10.0 10.0 10.0 8.0 2.0 1.5 1.5 1.0 0.5 0.0 -0.5 -1.0 -1.0 -1.5 -2.0 -2.5 -3.0 -3.5 -3.5 -4.0 -4.5 -4.5 -4.5 -4.5 -4.5 -4.0 -4.0 -3.5 -3.5 -3.5 -3.0 -3.0 -3.0 -2.5 -2.5 -2.5 -2.5 -2.5 -2.5 -2.5 -2.0 -2.0 -2.0 -2.0 -2.0 -2.0 -2.0 -1.5 -1.0 -1.0 -1.0 -1.0 -1.0 -0.5 -0.5 -0.5 -0.5 -0.5 -0.5
-4.5 -4.0 -3.5 -3.0 -2.5 -2.0 -1.5 -1.0 -0.5 0.0 0.5 1.0 0.5 0.5 1.0 1.0 1.5 1.5 2.0 2.0 9.0 10.0 10.0 10.0 10.0 10.0 9.0 8.0 2.0 2.0 1.5 1.0 0.5 0.0 -0.5 -0.5 -1.0 -1.5 -2.0 -2.5 -3.0 -3.0 -3.5 -4.0 -4.0 -4.0 -4.0 -4.0 -3.5 -3.5 -3.0 -3.0 -3.0 -2.5 -2.5 -2.5 -2.0 -2.0 -2.0 -2.0 -2.0 -2.0 -2.0 -1.5 -1.5 -1.5 -1.5 -1.5 -1.5 -1.5 -1.0 -0.5 -0.5 -0.5 -0.5 -0.5 0.0 0.0 0.0 0.0 0.0 0.0
-4.0 -3.5 -3.0 -2.5 -2.0 -1.5 -1.0 -0.5 0.0 0.5 1.0 1.5 1.0 1.0 1.5 1.5 2.0 2.0 8.0 10.0 10.0 10.0 10.0 9.0 9.0 9.0 9.0 9.0 8.0 7.0 2.0 1.5 1.0 0.5 0.0 0.0 -0.5 -1.0 -1.5 -2.0 -2.5 -2.5 -3.0 -3.5 -3.5 -3.5 -3.5 -3.5 -3.0 -3.0 -2.5 -2.5 -2.5 -2.0 -2.0 -2.0 -1.5 -1.5 -1.5 -1.5 -1.5 -1.5 -1.5 -1.0 -1.0 -1.0 -1.0 -1.0 -1.0 -1.0 -0.5 0.0 0.0 0.0 0.0 0.0 0.5 0.5 0.5 0.5 0.5 0.5
-3.5 -3.0 -2.5 -2.0 -1.5 -1.0 -0.5 0.0 0.5 1.0 1.5 2.0 1.5 1.5 2.0 2.0 8.0 10.0 10.0 10.0 9.0 10.0 10.0 10.0 9.0 9.0 9.0 9.0 9.0 8.0 9.0 2.0 1.5 1.0 0.5 0.5 0.0 -0.5 -1.0 -1.5 -2.0 -2.0 -2.5 -3.0 -3.0 -3.0 -3.0 -3.0 -2.5 -2.5 -2.0 -2.0 -2.0 -1.5 -1.5 -1.5 -1.0 -1.0 -1.0 -1.0 -1.0 -1.0 -1.0 -0.5 -0.5 -0.5 -0.5 -0.5 -0.5 -0.5 0.0 0.5 0.5 0.5 0.5 0.5 1.0 1.0 1.0 1.0 1.0 1.0
-3.0 -2.5 -2.0 -1.5 -1.0 -0.5 0.0 0.5 1.0 1.5 2.0 4.0 2.0 2.0 5.0 9.0 10.0 10.0 9.0 10.0 10.0 10.0 10.0 10.0 9.0 9.0 9.0 9.0 9.0 9.0 8.0 9.0 2.0 1.5 1.0 1.0 0.5 0.0 -0.5 -1.0 -1.5 -1.5 -2.0 -2.5 -2.5 -2.5 -2.5 -2.5 -2.0 -2.0 -1.5 -1.5 -1.5 -1.0 -1.0 -1.0 -0.5 -0.5 -0.5 -0.5 -0.5 -0.5 -0.5 0.0 0.0 0.0 0.0 0.0 0.0 0.0 0.5 1.0 1.0 1.0 1.0 1.0 1.5 1.5 1.5 1.5 1.5 1.5
-3.5 -3.0 -2.5 -2.0 -1.5 -1.0 -0.5 0.0 0.5 1.0 1.5 2.0 1.5 2.0 10.0 10.0 10.0 9.0 9.0 10.0 10.0 10.0 10.0 10.0 9.0 9.0 9.0 9.0 9.0 8.0 9.0 8.0 8.0 2.0 1.5 1.5 1.0 0.5 0.0 -0.5 -1.0 -1.0 -1.5 -2.0 -2.0 -2.0 -2.0 -2.0 -1.5 -1.5 -1.0 -1.0 -1.0 -0.5 -0.5 -0.5 0.0 0.0 0.0 0.0 0.0 0.0 0.0 0.5 0.5 0.5 0.5 0.5 0.5 0.5 1.0 1.5 1.5 1.5 1.5 1.5 2.0 2.0 2.0 2.0 2.0 2.0
-4.722222222222222 -4.166666666666666 -3.5 -2.5 -2.0 -1.5 -1.0 -0.5 0.0 0.5 1.0 1.5 1.0 1.5 2.0 9.0 9.0 8.0 9.0 10.0 9.0 9.0 10.0 9.0 10.0 9.0 9.0 9.0 9.0 8.0 8.0 9.0 9.0 8.0 2.0 2.0 1.5 1.0 0.5 0.0 -0.5 -0.5 -1.0 -1.5 -1.5 -1.5 -1.5 -1.5 -1.0 -1.0 -0.5 -0.5 -0.5 0.0 0.0 0.0 0.5 0.5 0.5 0.5 0.5 0.5 0.5 1.0 1.0 1.0 1.0 1.0 1.0 1.0 1.5 2.0 2.0 2.0 2.0 2.0 3.0 5.0 46.0 50.0 48.0 51.0
-5.0 -4.5 -4.0 -2.5 -2.5 -2.0 -1.5 -1.0 -0.5 0.0 0.5 1.0 -1.5 -1.0 -0.5 0.0 9.0 9.0 8.0 9.0 9.0 10.0 10.0 10.0 10.0 10.0 10.0 10.0 9.0 9.0 8.0 8.0 9.0 9.0 8.0 8.0 2.0 1.5 1.0 0.5 0.0 0.0 -0.5 -1.0 -1.0 -1.0 -1.0 -1.0 -0.5 -0.5 0.0 0.0 0.0 0.5 0.5 0.5 1.0 1.0 1.0 1.0 1.0 1.0 1.0 1.5 1.5 1.5 1.5 1.5 1.5 1.5 2.0 3.0 3.0 19.0 47.0 52.0 52.0 53.0 52.0 51.0 51.0 51.0
-4.5 -4.0 -3.5 -2.0 -2.5 -2.5 -2.0 -1.5 -1.0 -0.5 0.0 0.5 -1.9375 -1.375 -0.75 0.0 1.0 8.0 8.0 8.0 9.0 9.0 10.0 10.0 10.0 10.0 10.0 10.0 9.0 9.0 9.0 9.0 9.0 9.0 8.0 8.0 7.0 2.0 1.5 1.0 0.5 0.5 0.0 -0.5 -0.5 -0.5 -0.5 -0.5 0.0 0.0 0.5 0.5 0.5 1.0 1.0 1.0 1.5 1.5 1.5 1.5 1.5 1.5 1.5 2.0 2.0 2.0 2.0 2.0 2.0 2.0 4.0 6.0 52.0 52.0 52.0 52.0 52.0 52.0 52.0 52.0 52.0 52.0
-4.0 -3.5 -3.0 -1.5 -2.0 -2.5 -2.5 -2.0 -1.5 -1.0 -0.5 0.0 -2.21875 -1.5 -0.625 0.5 2.0 8.0 9.0 9.0 9.0 9.0 10.0 10.0 9.0 9.0 10.0 9.0 9.0 9.0 9.0 8.0 9.0 9.0 10.0 8.0 8.0 7.0 2.0 1.5 1.0 1.0 0.5 0.0 0.0 0.0 0.0 0.0 0.5 0.5 1.0 1.0 1.0 1.5 1.5 1.5 2.0 2.0 2.0 2.0 2.0 2.0 2.0 3.0 44.0 52.0 26.0 4.0 4.0 10.0 54.0 53.0 53.0 54.0 54.0 54.0 54.0 54.0 53.0 53.0 53.0 53.0
-3.5 -3.0 -2.5 -1.0 -1.5 -2.0 -2.5 -2.5 -2.0 -1.5 -1.0 -0.5 -2.375 -1.53125 -0.5625 0.5 1.5 2.0 8.0 9.0 9.0 9.0 10.0 9.0 9.0 9.0 9.0 9.0 9.0 9.0 9.0 8.0 8.0 9.0 9.0 9.0 9.0 8.0 8.0 2.0 1.5 1.5 1.0 0.5 0.5 0.5 0.5 0.5 1.0 1.0 1.5 1.5 1.5 2.0 2.0 2.0 12.0 12.0 12.0 14.0 36.0 51.0 53.0 53.0 53.0 53.0 54.0 50.0 42.0 54.0 54.0 54.0 57.0 56.0 55.0 54.0 54.0 54.0 54.0 53.0 53.0 54.0
-3.0 -2.5 -2.0 -0.5 -1.0 -1.5 -2.0 -2.5 -2.5 -2.0 -1.5 -1.0 -2.484375 -1.59375 -0.65625 0.25 1.0 1.5 2.0 8.0 9.0 9.0 9.0 9.0 9.0 9.0 9.0 9.0 9.0 9.0 9.0 9.0 9.0 9.0 9.0 9.0 9.0 9.0 8.0 8.0 2.0 2.0 1.5 1.0 1.0 1.0 1.0 1.0 1.5 1.5 2.0 2.0 2.0 12.0 12.0 13.0 27.0 37.0 38.0 39.0 40.0 41.0 41.0 42.0 44.0 45.0 48.0 50.0 53.0 54.0 54.0 57.0 56.0 55.0 55.0 55.0 55.0 54.0 54.0 55.0 55.0 54.0
-2.5 -2.0 -1.5 0.0 -0.5 -1.0 -1.5 -2.0 -2.5 -2.5 -2.0 -1.5 -1.0 -0.5 0.0 0.5 1.0 1.5 2.0 8.0 8.0 8.0 9.0 9.0 9.0 9.0 9.0 9.0 9.0 9.0 10.0 9.0 9.0 9.0 9.0 9.0 9.0 9.0 9.0 8.0 8.0 6.0 2.0 1.5 1.5 1.5 1.5 1.5 2.0 2.0 12.0 12.0 12.0 22.0 33.0 34.0 33.0 34.0 35.0 36.0 37.0 38.0 40.0 42.0 43.0 45.0 45.0 45.0 46.0 47.0 48.0 51.0 54.0 55.0 55.0 55.0 55.0 55.0 55.0 56.0 56.0 56.0
-2.0 -1.5 -1.0 0.5 0.0 -0.5 -1.0 -1.5 -2.0 -2.5 -2.5 -2.0 -1.5 -1.0 -0.5 0.0 0.5 1.0 1.5 2.0 8.0 8.0 8.0 9.0 8.0 9.0 9.0 9.0 9.0 9.0 9.0 9.0 9.0 9.0 9.0 9.0 9.0 10.0 10.0 10.0 9.0 10.0 7.0 2.0 2.0 2.0 2.0 2.0 12.0 12.0 12.0 29.0 30.0 29.0 30.0 31.0 33.0 39.0 44.0 48.0 51.0 52.0 53.0 54.0 54.0 54.0 54.0 54.0 54.0 56.0 54.0 51.0 49.0 50.0 51.0 56.0 55.0 56.0 56.0 56.0 56.0 56.0
-1.5 -1.0 -0.5 1.0 0.5 0.0 -0.5 -1.0 -1.5 -2.0 -2.5 -2.5 -2.0 -1.5 -1.0 -0.5 0.0 0.5 1.0 1.5 2.0 8.0 8.0 8.0 8.0 9.0 9.0 9.0 9.0 9.0 9.0 9.0 9.0 9.0 9.0 9.0 9.0 10.0 10.0 11.0 11.0 11.0 10.0 8.0 7.0 6.0 6.0 11.0 12.0 25.0 26.0 26.0 27.0 30.0 37.0 42.0 48.0 51.0 52.0 52.0 53.0 53.0 53.0 54.0 54.0 54.0 54.0 55.0 56.0 56.0 55.0 55.0 55.0 55.0 52.0 51.0 51.0 56.0 57.0 57.0 57.0 57.0
-1.0 -0.5 0.0 1.5 1.0 0.5 0.0 -0.5 -1.0 -1.5 -2.0 -2.5 -2.5 -2.0 -1.5 -1.0 -0.5 0.0 0.5 1.0 1.5 2.0 8.0 8.0 9.0 9.0 9.0 9.0 9.0 9.0 9.0 9.0 9.0 9.0 9.0 9.0 9.0 10.0 10.0 12.0 12.0 12.0 14.0 13.0 11.0 10.0 18.0 22.0 22.0 24.0 25.0 29.0 36.0 43.0 50.0 51.0 52.0 52.0 52.0 52.0 53.0 53.0 53.0 53.0 54.0 54.0 55.0 55.0 55.0 55.0 55.0 55.0 55.0 55.0 56.0 56.0 56.0 52.0 53.0 55.0 58.0 58.0
-0.5 0.0 0.5 2.0 1.5 1.0 0.5 0.0 -0.5 -1.0 -1.5 -2.0 -2.5 -2.0 -2.0 -1.5 -1.0 -0.5 0.0 0.5 1.0 1.5 2.0 2.0 7.0 8.0 9.0 9.0 9.0 9.0 9.0 9.0 10.0 10.0 9.0 9.0 10.0 10.0 11.0 12.0 13.0 14.0 15.0 15.0 18.0 18.0 20.0 21.0 23.0 30.0 36.0 43.0 50.0 51.0 51.0 51.0 52.0 52.0 52.0 52.0 52.0 53.0 53.0 53.0 54.0 55.0 54.0 55.0 56.0 56.0 56.0 56.0 56.0 56.0 56.0 57.0 57.0 57.0 58.0 54.0 54.0 56.0
0.0 0.5 1.0 9.0 2.0 1.5 1.0 0.5 0.0 -0.5 -1.0 -1.5 -2.0 -1.5 -1.5 -1.0 -0.5 0.0 -0.375 -0.25 -0.5 0.0 0.5 1.0 8.0 8.0 9.0 9.0 9.0 9.0 9.0 9.0 10.0 10.0 9.0 10.0 11.0 11.0 11.0 12.0 13.0 14.0 15.0 16.0 17.0 18.0 22.0 30.0 39.0 44.0 47.0 50.0 51.0 51.0 51.0 51.0 51.0 52.0 52.0 54.0 53.0 53.0 53.0 54.0 54.0 55.0 55.0 56.0 56.0 56.0 56.0 56.0 56.0 56.0 57.0 57.0 57.0 57.0 58.0 58.0 59.0 56.0
0.5 1.0 3.0 6.0 9.0 2.0 1.5 1.0 0.5 0.0 -0.5 -1.0 -1.5 -1.0 -1.0 -0.5 0.0 0.5 0.5 1.0 1.0 1.5 2.0 6.0 8.0 9.0 9.0 9.0 9.0 9.0 9.0 9.0 10.0 9.0 9.0 10.0 11.0 11.0 11.0 11.0 14.0 16.0 19.0 23.0 28.0 34.0 40.0 43.0 46.0 50.0 50.0 51.0 51.0 51.0 51.0 52.0 52.0 52.0 52.0 53.0 53.0 53.0 53.0 54.0 54.0 55.0 55.0 55.0 56.0 56.0 56.0 57.0 57.0 57.0 57.0 57.0 57.0 58.0 58.0 59.0 59.0 59.0
1.0 3.0 6.0 8.0 9.0 2.0 1.5 1.0 0.5 0.0 -0.5 -1.0 -1.0 -0.5 -0.5 0.0 0.5 1.0 1.0 1.5 1.5 2.0 6.0 9.0 9.0 9.0 9.0 9.0 9.0 9.0 11.0 11.0 10.0 9.0 10.0 42.0 43.0 43.0 45.0 42.0 41.0 39.0 39.0 42.0 43.0 45.0 47.0 49.0 50.0 50.0 51.0 51.0 51.0 52.0 52.0 52.0 52.0 52.0 53.0 53.0 53.0 53.0 54.0 53.0 54.0 55.0 55.0 56.0 56.0 56.0 57.0 57.0 57.0 57.0 58.0 58.0 58.0 58.0 58.0 59.0 60.0 59.0
3.0 6.0 8.0 8.0 9.0 9.0 2.0 1.5 1.0 0.5 0.0 -0.5 -0.5 0.0 0.0 0.5 1.0 1.5 1.5 2.0 2.0 6.0 9.0 9.0 23.0 35.0 35.0 36.0 24.0 10.0 11.0 20.0 13.0 41.0 43.0 43.0 43.0 44.0 44.0 45.0 45.0 46.0 46.0 47.0 48.0 48.0 49.0 49.0 50.0 50.0 51.0 52.0 52.0 52.0 52.0 52.0 53.0 53.0 53.0 53.0 54.0 53.0 54.0 54.0 54.0 55.0 55.0 56.0 56.0 57.0 57.0 57.0 57.0 58.0 58.0 58.0 58.0 59.0 59.0 59.0 60.0 60.0
6.0 9.0 8.0 9.0 9.0 9.0 9.0 2.0 1.5 1.0 0.5 0.0 0.0 0.5 0.5 1.0 1.5 2.0 2.0 6.0 9.0 9.0 9.0 36.0 37.0 38.0 40.0 40.0 40.0 41.0 41.0 41.0 42.0 42.0 43.0 43.0 43.0 44.0 45.0 45.0 46.0 46.0 47.0 47.0 48.0 48.0 49.0 50.0 50.0 51.0 52.0 52.0 52.0 52.0 53.0 53.0 53.0 53.0 53.0 54.0 54.0 54.0 54.0 54.0 55.0 55.0 55.0 56.0 56.0 57.0 57.0 57.0 57.0 58.0 58.0 58.0 58.0 59.0 59.0 60.0 60.0 60.0
9.0 9.0 9.0 9.0 9.0 9.0 9.0 2.0 1.5 1.0 0.5 0.0 0.5 1.0 1.0 1.5 2.0 4.0 8.0 10.0 10.0 10.0 33.0 38.0 38.0 39.0 40.0 40.0 40.0 41.0 41.0 41.0 42.0 43.0 43.0 43.0 44.0 44.0 44.0 45.0 46.0 46.0 47.0 47.0 48.0 48.0 49.0 50.0 51.0 51.0 52.0 52.0 52.0 52.0 53.0 53.0 53.0 53.0 53.0 54.0 54.0 55.0 54.0 55.0 55.0 55.0 56.0 56.0 56.0 57.0 57.0 57.0 57.0 58.0 59.0 58.0 59.0 59.0 60.0 60.0 60.0 60.0
8.0 8.0 9.0 9.0 9.0 9.0 9.0 9.0 2.0 1.5 1.0 0.5 1.0 1.5 1.5 2.0 7.0 9.0 10.0 10.0 9.0 23.0 37.0 38.0 38.0 39.0 39.0 40.0 40.0 40.0 41.0 41.0 41.0 42.0 43.0 44.0 44.0 44.0 45.0 45.0 46.0 46.0 47.0 48.0 48.0 49.0 50.0 50.0 51.0 51.0 52.0 52.0 52.0 52.0 52.0 53.0 53.0 54.0 54.0 54.0 55.0 55.0 55.0 55.0 55.0 56.0 56.0 56.0 57.0 57.0 57.0 57.0 58.0 58.0 58.0 59.0 59.0 59.0 60.0 59.0 60.0 60.0
8.0 9.0 9.0 9.0 9.0 9.0 9.0 9.0 2.0 1.5 1.0 1.0 1.5 2.0 2.0 8.0 9.0 9.0 10.0 10.0 10.0 37.0 38.0 38.0 38.0 38.0 39.0 40.0 40.0 41.0 41.0 41.0 41.0 42.0 43.0 43.0 44.0 45.0 45.0 45.0 46.0 46.0 48.0 48.0 49.0 50.0 50.0 50.0 51.0 51.0 51.0 52.0 52.0 53.0 53.0 54.0 54.0 54.0 55.0 54.0 55.0 55.0 56.0 55.0 56.0 56.0 56.0 56.0 57.0 57.0 57.0 58.0 58.0 58.0 59.0 59.0 59.0 60.0 60.0 60.0 60.0 61.0
8.0 8.0 9.0 9.0 9.0 9.0 9.0 9.0 9.0 2.0 1.5 1.5 2.0 5.0 9.0 9.0 9.0 9.0 10.0 10.0 21.0 36.0 37.0 38.0 38.0 38.0 39.0 39.0 40.0 40.0 40.0 41.0 42.0 42.0 43.0 43.0 44.0 45.0 45.0 46.0 46.0 47.0 47.0 48.0 50.0 50.0 50.0 51.0 51.0 51.0 51.0 52.0 52.0 53.0 53.0 53.0 54.0 54.0 55.0 56.0 55.0 56.0 56.0 56.0 57.0 56.0 57.0 57.0 57.0 58.0 58.0 58.0 58.0 58.0 59.0 59.0 60.0 60.0 60.0 60.0 61.0 61.0
8.0 9.0 9.0 9.0 9.0 9.0 9.0 9.0 9.0 2.0 1.5 1.5 2.0 8.0 9.0 10.0 9.0 9.0 10.0 13.0 28.0 37.0 37.0 38.0 38.0 39.0 39.0 39.0 40.0 40.0 41.0 41.0 42.0 43.0 43.0 44.0 44.0 45.0 45.0 46.0 47.0 47.0 48.0 48.0 49.0 50.0 50.0 51.0 51.0 51.0 52.0 52.0 53.0 53.0 54.0 54.0 54.0 55.0 55.0 56.0 56.0 56.0 56.0 57.0 56.0 57.0 57.0 58.0 58.0 58.0 58.0 58.0 58.0 59.0 59.0 59.0 60.0 60.0 60.0 61.0 61.0 61.0
9.0 9.0 9.0 8.0 8.0 9.0 9.0 8.0 9.0 2.0 1.5 1.5 2.0 8.0 9.0 10.0 10.0 10.0 10.0 23.0 37.0 37.0 38.0 38.0 39.0 39.0 39.0 39.0 40.0 40.0 40.0 42.0 42.0 43.0 43.0 44.0 44.0 45.0 45.0 46.0 46.0 47.0 48.0 48.0 49.0 50.0 50.0 51.0 52.0 52.0 52.0 52.0 53.0 54.0 54.0 54.0 54.0 55.0 56.0 55.0 55.0 56.0 57.0 56.0 57.0 57.0 57.0 58.0 58.0 58.0 58.0 59.0 59.0 60.0 60.0 60.0 60.0 60.0 61.0 61.0 61.0 61.0
