includes/lisflood/inputs/LittoSIM_GEN_Caen_DEM_R9_t1.553260310992E12.asc
ncols         667
nrows         504
xllcorner     559149.5871524289
yllcorner     6977567.760122366
dx            19.400299850052622
dy            19.206349206334423
[rows 252 to 287 of 504, columns 82 to 163 of 667]
1.0 1.0 1.5 1.5 1.5 2.0 2.0 2.0 2.0 6.0 12.0 48.0 56.0 58.0 58.0 58.0 58.0 57.0 57.0 57.0 57.0 56.0 56.0 56.0 55.0 55.0 55.0 54.0 54.0 54.0 54.0 53.0 50.0 39.0 38.0 38.0 34.0 25.0 13.0 10.0 9.0 8.0 8.0 8.0 7.0 7.0 8.0 8.0 7.0 7.0 7.0 6.0 7.0 7.0 6.0 6.0 7.0 7.0 6.0 6.0 7.0 7.0 7.0 7.0 7.0 7.0 7.0 7.0 7.0 7.0 7.0 7.0 7.0 7.0 7.0 0.0 -2.0 -2.0 -2.0 6.0 7.0 6.0
1.5 1.5 2.0 2.0 2.0 5.0 8.0 24.0 30.0 47.0 60.0 64.0 62.0 60.0 61.0 60.0 59.0 59.0 58.0 57.0 57.0 57.0 57.0 58.0 57.0 57.0 56.0 56.0 54.0 53.0 53.0 53.0 51.0 44.0 37.0 36.0 36.0 35.0 25.0 15.0 9.0 9.0 9.0 8.0 8.0 7.0 8.0 7.0 7.0 7.0 7.0 7.0 6.0 6.0 6.0 6.0 6.0 6.0 6.0 7.0 7.0 8.0 7.0 7.0 7.0 7.0 7.0 7.0 7.0 7.0 7.0 7.0 7.0 7.0 6.0 6.0 -2.0 -2.0 -2.0 -2.0 6.0 6.0
2.0 2.0 26.0 27.0 51.0 68.0 63.0 49.0 53.0 68.0 66.0 66.0 64.0 62.0 61.0 60.0 59.0 59.0 58.0 57.0 58.0 56.0 57.0 58.0 57.0 57.0 57.0 56.0 54.0 53.0 53.0 53.0 53.0 50.0 41.0 37.0 37.0 36.0 35.0 21.0 10.0 9.0 9.0 8.0 8.0 7.0 7.0 8.0 8.0 8.0 7.0 7.0 6.0 6.0 6.0 6.0 6.0 6.0 6.0 7.0 7.0 7.0 7.0 6.0 7.0 7.0 7.0 6.0 7.0 7.0 7.0 7.0 7.0 7.0 7.0 6.0 -2.0 -2.0 -2.0 -2.0 6.0 6.0
28.0 44.0 44.0 47.0 61.0 72.0 72.0 70.0 70.0 68.0 66.0 66.0 64.0 63.0 63.0 61.0 60.0 59.0 59.0 58.0 58.0 56.0 56.0 57.0 57.0 56.0 57.0 55.0 54.0 53.0 52.0 52.0 52.0 50.0 48.0 38.0 38.0 37.0 36.0 24.0 14.0 10.0 9.0 8.0 8.0 8.0 7.0 8.0 8.0 7.0 7.0 6.0 6.0 6.0 6.0 6.0 6.0 6.0 6.0 6.0 6.0 7.0 6.0 6.0 7.0 6.0 6.0 6.0 6.0 7.0 7.0 7.0 6.0 6.0 6.0 6.0 -2.0 -2.0 -2.0 -2.0 -2.0 6.0
56.0 66.0 59.0 58.0 68.0 73.0 72.0 71.0 70.0 69.0 68.0 66.0 64.0 63.0 62.0 61.0 60.0 60.0 59.0 58.0 58.0 57.0 57.0 56.0 56.0 56.0 56.0 55.0 55.0 54.0 52.0 51.0 52.0 52.0 49.0 46.0 36.0 40.0 36.0 29.0 20.0 14.0 9.0 9.0 9.0 8.0 8.0 8.0 7.0 7.0 6.0 7.0 7.0 7.0 6.0 6.0 6.0 7.0 6.0 6.0 6.0 6.0 6.0 6.0 6.0 5.0 6.0 6.0 6.0 6.0 4.0 6.0 6.0 6.0 6.0 6.0 6.0 -2.0 -2.0 -2.0 -2.0 -2.0
62.0 77.0 71.0 66.0 75.0 74.0 73.0 72.0 72.0 70.0 68.0 67.0 66.0 64.0 63.0 62.0 61.0 60.0 59.0 58.0 58.0 58.0 57.0 57.0 57.0 56.0 55.0 55.0 54.0 54.0 53.0 51.0 51.0 52.0 51.0 47.0 41.0 38.0 39.0 38.0 26.0 16.0 10.0 9.0 9.0 9.0 8.0 7.0 7.0 7.0 7.0 7.0 7.0 7.0 6.0 6.0 6.0 6.0 6.0 6.0 7.0 7.0 6.0 6.0 6.0 6.0 6.0 5.0 5.0 6.0 5.0 6.0 6.0 6.0 7.0 6.0 7.0 -2.0 -2.0 -2.0 -2.0 -2.0
77.0 80.0 77.0 76.0 76.0 75.0 75.0 74.0 72.0 72.0 70.0 69.0 68.0 65.0 63.0 63.0 62.0 61.0 60.0 58.0 58.0 58.0 58.0 57.0 57.0 56.0 55.0 55.0 54.0 54.0 52.0 52.0 51.0 51.0 51.0 48.0 43.0 34.0 38.0 38.0 37.0 20.0 16.0 9.0 9.0 8.0 8.0 7.0 7.0 8.0 8.0 8.0 8.0 8.0 7.0 6.0 7.0 7.0 7.0 7.0 7.0 7.0 6.0 6.0 7.0 6.0 6.0 6.0 6.0 6.0 5.0 6.0 6.0 6.0 6.0 6.0 6.0 -2.0 -2.0 -2.0 -2.0 -2.0
80.0 80.0 78.0 78.0 77.0 76.0 76.0 74.0 73.0 72.0 71.0 70.0 68.0 68.0 65.0 63.0 62.0 61.0 60.0 59.0 58.0 58.0 58.0 57.0 56.0 57.0 55.0 54.0 54.0 53.0 52.0 51.0 51.0 50.0 50.0 49.0 44.0 34.0 24.0 28.0 36.0 21.0 15.0 9.0 9.0 8.0 8.0 8.0 7.0 8.0 8.0 8.0 8.0 8.0 7.0 7.0 7.0 7.0 7.0 7.0 7.0 7.0 7.0 7.0 6.0 7.0 7.0 7.0 7.0 6.0 6.0 6.0 6.0 6.0 6.0 6.0 6.0 6.0 -2.0 -2.0 -2.0 -2.0
80.0 79.0 79.0 78.0 77.0 76.0 75.0 75.0 73.0 73.0 71.0 70.0 70.0 69.0 67.0 66.0 62.0 62.0 60.0 60.0 58.0 58.0 57.0 57.0 56.0 56.0 56.0 55.0 54.0 53.0 52.0 51.0 51.0 51.0 50.0 48.0 44.0 35.0 24.0 20.0 33.0 18.0 17.0 11.0 9.0 9.0 9.0 8.0 8.0 9.0 9.0 8.0 8.0 8.0 8.0 7.0 8.0 7.0 7.0 7.0 8.0 8.0 8.0 7.0 7.0 7.0 7.0 7.0 8.0 7.0 7.0 6.0 7.0 7.0 6.0 7.0 7.0 7.0 -2.0 -2.0 -2.0 -2.0
80.0 80.0 79.0 78.0 78.0 78.0 76.0 75.0 75.0 73.0 71.0 70.0 69.0 65.0 65.0 65.0 64.0 62.0 61.0 60.0 59.0 58.0 58.0 57.0 56.0 56.0 55.0 54.0 53.0 53.0 52.0 51.0 51.0 49.0 47.0 42.0 39.0 33.0 29.0 23.0 18.0 18.0 13.0 10.0 10.0 9.0 9.0 9.0 9.0 9.0 8.0 8.0 8.0 7.0 7.0 7.0 7.0 7.0 7.0 7.0 7.0 7.0 7.0 7.0 7.0 7.0 7.0 7.0 7.0 7.0 7.0 7.0 7.0 7.0 7.0 7.0 7.0 6.0 -2.0 -2.0 -2.0 -2.0
80.0 80.0 80.0 78.0 78.0 78.0 77.0 75.0 75.0 73.0 71.0 71.0 66.0 65.0 65.0 65.0 64.0 63.0 63.0 61.0 60.0 58.0 58.0 57.0 57.0 56.0 56.0 54.0 52.0 52.0 52.0 51.0 49.0 49.0 44.0 38.0 36.0 34.0 28.0 23.0 18.0 16.0 13.0 12.0 11.0 10.0 10.0 10.0 9.0 9.0 9.0 8.0 8.0 8.0 8.0 7.0 7.0 7.0 7.0 7.0 7.0 7.0 7.0 7.0 7.0 7.0 7.0 8.0 9.0 8.0 8.0 8.0 8.0 7.0 7.0 7.0 6.0 6.0 7.0 -2.0 -2.0 -2.0
80.0 80.0 80.0 78.0 78.0 78.0 77.0 75.0 75.0 73.0 71.0 69.0 68.0 67.0 66.0 65.0 64.0 63.0 62.0 62.0 61.0 59.0 58.0 58.0 57.0 55.0 55.0 54.0 53.0 53.0 52.0 50.0 47.0 42.0 37.0 37.0 32.0 25.0 19.0 19.0 18.0 15.0 14.0 13.0 12.0 10.0 10.0 10.0 10.0 10.0 9.0 9.0 8.0 8.0 8.0 7.0 7.0 7.0 7.0 7.0 7.0 7.0 8.0 8.0 7.0 7.0 7.0 8.0 7.0 7.0 7.0 7.0 7.0 6.0 7.0 7.0 7.0 7.0 7.0 -2.0 -2.0 -2.0
80.0 80.0 80.0 80.0 78.0 78.0 78.0 75.0 74.0 72.0 69.0 69.0 69.0 69.0 68.0 67.0 65.0 63.0 63.0 62.0 60.0 59.0 59.0 58.0 57.0 53.0 53.0 53.0 53.0 53.0 51.0 47.0 40.0 37.0 37.0 33.0 23.0 20.0 18.0 18.0 16.0 16.0 15.0 14.0 13.0 12.0 11.0 10.0 10.0 9.0 10.0 9.0 8.0 8.0 8.0 8.0 7.0 7.0 7.0 7.0 7.0 7.0 8.0 8.0 7.0 7.0 7.0 7.0 7.0 8.0 8.0 6.0 8.0 6.0 7.0 7.0 7.0 7.0 7.0 -2.0 -2.0 -2.0
80.0 80.0 80.0 80.0 78.0 78.0 78.0 75.0 73.0 72.0 69.0 69.0 69.0 69.0 69.0 68.0 65.0 64.0 63.0 62.0 60.0 60.0 59.0 58.0 56.0 55.0 54.0 54.0 54.0 52.0 48.0 39.0 37.0 39.0 35.0 23.0 20.0 19.0 18.0 17.0 17.0 17.0 16.0 14.0 14.0 13.0 11.0 11.0 11.0 10.0 9.0 9.0 9.0 8.0 8.0 7.0 7.0 7.0 7.0 7.0 7.0 7.0 8.0 8.0 7.0 7.0 6.0 7.0 7.0 6.0 6.0 11.0 8.0 7.0 7.0 7.0 7.0 6.0 6.0 6.0 -2.0 -2.0
80.0 80.0 80.0 80.0 78.0 78.0 77.0 73.0 73.0 70.0 69.0 69.0 69.0 69.0 69.0 69.0 65.0 64.0 63.0 62.0 61.0 60.0 59.0 58.0 56.0 54.0 54.0 55.0 52.0 48.0 47.0 41.0 39.0 36.0 26.0 20.0 19.0 19.0 18.0 18.0 17.0 20.0 16.0 15.0 14.0 12.0 11.0 12.0 11.0 10.0 9.0 9.0 8.0 8.0 8.0 8.0 7.0 7.0 7.0 7.0 7.0 7.0 8.0 8.0 7.0 7.0 6.0 7.0 7.0 6.0 7.0 7.0 6.0 7.0 8.0 7.0 7.0 6.0 6.0 6.0 6.0 6.0
81.0 80.0 80.0 79.0 78.0 77.0 75.0 73.0 73.0 72.0 69.0 69.0 69.0 69.0 69.0 68.0 65.0 64.0 63.0 62.0 62.0 60.0 59.0 59.0 56.0 54.0 54.0 56.0 54.0 50.0 44.0 42.0 40.0 30.0 23.0 21.0 20.0 19.0 19.0 22.0 22.0 21.0 21.0 17.0 14.0 12.0 12.0 12.0 11.0 10.0 9.0 9.0 9.0 8.0 8.0 8.0 7.0 6.0 7.0 7.0 7.0 7.0 7.0 8.0 7.0 7.0 6.0 6.0 7.0 7.0 7.0 6.0 6.0 7.0 7.0 7.0 7.0 7.0 6.0 6.0 6.0 6.0
80.0 79.0 78.0 77.0 76.0 75.0 75.0 75.0 76.0 75.0 72.0 69.0 69.0 69.0 69.0 67.0 65.0 65.0 64.0 63.0 61.0 60.0 59.0 59.0 56.0 55.0 54.0 55.0 53.0 46.0 44.0 42.0 36.0 26.0 22.0 21.0 21.0 21.0 25.0 24.0 26.0 28.0 23.0 21.0 18.0 18.0 14.0 13.0 12.0 9.0 9.0 9.0 9.0 8.0 8.0 7.0 7.0 6.0 7.0 7.0 6.0 7.0 8.0 7.0 7.0 7.0 6.0 6.0 6.0 7.0 7.0 6.0 7.0 7.0 7.0 7.0 7.0 7.0 7.0 7.0 7.0 6.0
79.0 76.0 76.0 76.0 76.0 76.0 76.0 76.0 76.0 76.0 75.0 73.0 69.0 69.0 65.0 65.0 65.0 65.0 64.0 63.0 61.0 60.0 59.0 59.0 57.0 54.0 52.0 52.0 48.0 45.0 44.0 37.0 29.0 26.0 22.0 22.0 22.0 25.0 26.0 30.0 31.0 29.0 22.0 21.0 20.0 20.0 14.0 14.0 11.0 11.0 10.0 9.0 9.0 9.0 8.0 8.0 8.0 7.0 7.0 7.0 6.0 6.0 7.0 6.0 6.0 6.0 6.0 6.0 6.0 6.0 7.0 7.0 7.0 7.0 6.0 7.0 7.0 7.0 7.0 7.0 6.0 6.0
79.0 76.0 76.0 76.0 76.0 76.0 76.0 76.0 76.0 76.0 75.0 73.0 69.0 69.0 65.0 65.0 65.0 64.0 63.0 63.0 61.0 59.0 59.0 58.0 58.0 53.0 50.0 49.0 47.0 45.0 40.0 31.0 27.0 23.0 23.0 24.0 24.0 26.0 34.0 33.0 32.0 25.0 24.0 22.0 21.0 20.0 16.0 15.0 12.0 11.0 10.0 9.0 9.0 8.0 8.0 8.0 8.0 7.0 7.0 7.0 6.0 6.0 6.0 6.0 6.0 6.0 6.0 6.0 6.0 6.0 6.0 7.0 7.0 7.0 7.0 7.0 7.0 7.0 7.0 7.0 6.0 6.0
77.0 76.0 76.0 76.0 75.0 76.0 76.0 76.0 75.0 75.0 75.0 73.0 68.0 68.0 65.0 65.0 65.0 64.0 63.0 62.0 60.0 58.0 58.0 57.0 56.0 51.0 51.0 49.0 43.0 38.0 31.0 28.0 25.0 24.0 25.0 26.0 26.0 34.0 37.0 35.0 26.0 25.0 25.0 23.0 22.0 20.0 19.0 17.0 13.0 10.0 10.0 9.0 9.0 8.0 8.0 8.0 8.0 8.0 7.0 7.0 6.0 6.0 7.0 6.0 6.0 6.0 6.0 6.0 6.0 7.0 6.0 6.0 6.0 7.0 7.0 7.0 7.0 7.0 7.0 6.0 6.0 6.0
76.0 75.0 75.0 75.0 75.0 74.0 74.0 71.0 70.0 70.0 70.0 70.0 69.0 68.0 66.0 65.0 64.0 63.0 62.0 60.0 59.0 57.0 55.0 54.0 54.0 50.0 49.0 42.0 37.0 32.0 28.0 26.0 28.0 29.0 28.0 28.0 31.0 37.0 39.0 30.0 26.0 26.0 26.0 23.0 22.0 20.0 19.0 18.0 17.0 10.0 10.0 9.0 9.0 8.0 8.0 8.0 8.0 8.0 7.0 7.0 6.0 7.0 7.0 6.0 7.0 6.0 6.0 6.0 6.0 7.0 6.0 6.0 7.0 7.0 7.0 7.0 7.0 7.0 7.0 6.0 6.0 6.0
69.0 69.0 69.0 69.0 70.0 70.0 70.0 69.0 69.0 69.0 69.0 67.0 64.0 63.0 62.0 60.0 60.0 59.0 58.0 57.0 56.0 54.0 52.0 48.0 49.0 43.0 37.0 34.0 32.0 29.0 28.0 31.0 32.0 31.0 30.0 28.0 32.0 39.0 38.0 28.0 26.0 27.0 27.0 23.0 24.0 21.0 21.0 20.0 20.0 10.0 10.0 9.0 9.0 8.0 8.0 8.0 8.0 8.0 7.0 7.0 6.0 7.0 7.0 7.0 7.0 6.0 6.0 6.0 6.0 7.0 7.0 6.0 7.0 7.0 7.0 7.0 7.0 7.0 7.0 6.0 6.0 6.0
65.0 64.0 66.0 67.0 67.0 67.0 66.0 66.0 65.0 62.0 60.0 58.0 57.0 56.0 56.0 54.0 54.0 44.0 47.0 51.0 49.0 46.0 47.0 41.0 40.0 38.0 32.0 32.0 30.0 31.0 33.0 33.0 33.0 32.0 37.0 38.0 32.0 38.0 39.0 27.0 27.0 28.0 28.0 24.0 24.0 22.0 22.0 22.0 21.0 11.0 9.0 9.0 9.0 8.0 8.0 8.0 7.0 7.0 7.0 7.0 6.0 7.0 6.0 6.0 6.0 6.0 6.0 7.0 7.0 7.0 7.0 7.0 7.0 7.0 7.0 7.0 7.0 7.0 7.0 6.0 6.0 7.0
65.0 59.0 59.0 61.0 61.0 62.0 61.0 60.0 60.0 58.0 56.0 53.0 52.0 51.0 50.0 49.0 43.0 42.0 45.0 45.0 43.0 42.0 37.0 35.0 34.0 33.0 32.0 31.0 34.0 35.0 35.0 35.0 36.0 41.0 42.0 42.0 34.0 40.0 39.0 27.0 27.0 28.0 28.0 27.0 24.0 24.0 23.0 23.0 23.0 13.0 10.0 9.0 9.0 8.0 8.0 8.0 8.0 7.0 7.0 6.0 6.0 7.0 7.0 7.0 6.0 6.0 6.0 7.0 7.0 7.0 7.0 7.0 7.0 7.0 7.0 7.0 7.0 7.0 7.0 6.0 7.0 7.0
66.0 62.0 61.0 61.0 55.0 58.0 57.0 56.0 55.0 52.0 50.0 48.0 47.0 45.0 44.0 43.0 42.0 41.0 40.0 39.0 40.0 40.0 39.0 38.0 36.0 36.0 35.0 36.0 38.0 38.0 37.0 41.0 45.0 46.0 47.0 46.0 42.0 39.0 46.0 45.0 28.0 28.0 28.0 28.0 25.0 25.0 24.0 25.0 24.0 20.0 11.0 9.0 9.0 6.0 6.0 8.0 8.0 7.0 7.0 7.0 6.0 7.0 7.0 7.0 7.0 6.0 6.0 6.0 7.0 7.0 7.0 7.0 7.0 7.0 7.0 7.0 7.0 7.0 7.0 7.0 7.0 6.0
66.0 62.0 61.0 60.0 59.0 58.0 56.0 55.0 54.0 54.0 53.0 53.0 52.0 52.0 48.0 51.0 48.0 46.0 46.0 45.0 44.0 42.0 42.0 41.0 41.0 37.0 38.0 41.0 40.0 43.0 44.0 48.0 50.0 52.0 50.0 49.0 47.0 38.0 46.0 52.0 53.0 30.0 33.0 34.0 30.0 24.0 26.0 26.0 25.0 23.0 12.0 9.0 9.0 8.0 7.0 8.0 8.0 7.0 7.0 7.0 6.0 7.0 7.0 7.0 7.0 7.0 6.0 7.0 8.0 7.0 7.0 7.0 7.0 7.0 7.0 7.0 7.0 7.0 7.0 7.0 6.0 7.0
66.0 64.0 63.0 63.0 62.0 61.0 59.0 58.0 58.0 58.0 58.0 58.0 57.0 55.0 54.0 52.0 51.0 50.0 49.0 48.0 48.0 47.0 47.0 47.0 43.0 42.0 41.0 42.0 43.0 50.0 52.0 54.0 54.0 54.0 53.0 53.0 51.0 40.0 47.0 52.0 53.0 43.0 33.0 49.0 50.0 25.0 27.0 27.0 27.0 24.0 17.0 11.0 9.0 8.0 7.0 7.0 7.0 7.0 7.0 7.0 6.0 7.0 7.0 7.0 7.0 7.0 6.0 7.0 7.0 6.0 7.0 7.0 7.0 7.0 7.0 7.0 7.0 6.0 7.0 6.0 6.0 6.0
66.0 65.0 67.0 67.0 66.0 64.0 62.0 61.0 61.0 61.0 62.0 62.0 61.0 59.0 58.0 55.0 55.0 53.0 53.0 53.0 53.0 53.0 53.0 52.0 46.0 44.0 44.0 43.0 50.0 55.0 56.0 56.0 55.0 55.0 54.0 55.0 53.0 45.0 47.0 52.0 55.0 54.0 36.0 51.0 51.0 32.0 35.0 31.0 28.0 24.0 20.0 12.0 9.0 8.0 8.0 8.0 8.0 7.0 7.0 7.0 6.0 7.0 7.0 6.0 6.0 7.0 6.0 7.0 7.0 6.0 6.0 6.0 7.0 7.0 7.0 7.0 6.0 6.0 7.0 6.0 6.0 6.0
68.0 67.0 68.0 70.0 70.0 68.0 66.0 66.0 66.0 67.0 66.0 65.0 64.0 62.0 62.0 63.0 62.0 60.0 59.0 58.0 58.0 58.0 57.0 54.0 48.0 45.0 45.0 49.0 57.0 57.0 57.0 58.0 57.0 56.0 56.0 55.0 54.0 51.0 45.0 51.0 56.0 55.0 50.0 42.0 50.0 45.0 39.0 33.0 29.0 27.0 19.0 16.0 11.0 9.0 8.0 8.0 8.0 7.0 6.0 7.0 6.0 7.0 7.0 7.0 7.0 7.0 7.0 7.0 7.0 7.0 6.0 6.0 7.0 7.0 7.0 7.0 7.0 6.0 7.0 6.0 6.0 6.0
70.0 71.0 74.0 74.0 73.0 72.0 70.0 70.0 69.0 70.0 69.0 68.0 66.0 65.0 65.0 65.0 64.0 64.0 63.0 62.0 61.0 59.0 57.0 52.0 49.0 47.0 47.0 55.0 58.0 58.0 58.0 58.0 58.0 58.0 58.0 57.0 56.0 54.0 47.0 51.0 55.0 57.0 55.0 36.0 35.0 35.0 33.0 34.0 31.0 30.0 20.0 16.0 14.0 9.0 8.0 8.0 7.0 7.0 7.0 7.0 7.0 7.0 7.0 7.0 7.0 7.0 7.0 7.0 7.0 7.0 6.0 6.0 7.0 7.0 7.0 7.0 6.0 6.0 7.0 6.0 6.0 6.0
75.0 75.0 75.0 75.0 75.0 74.0 73.0 72.0 72.0 70.0 70.0 69.0 68.0 67.0 67.0 67.0 65.0 64.0 64.0 62.0 61.0 59.0 57.0 53.0 50.0 49.0 53.0 59.0 60.0 59.0 59.0 59.0 59.0 58.0 58.0 57.0 56.0 56.0 55.0 50.0 54.0 56.0 54.0 53.0 36.0 35.0 33.0 33.0 32.0 32.0 23.0 19.0 14.0 11.0 8.0 8.0 8.0 6.0 7.0 7.0 7.0 7.0 7.0 7.0 7.0 7.0 7.0 7.0 7.0 7.0 6.0 6.0 7.0 7.0 7.0 7.0 6.0 6.0 7.0 6.0 6.0 6.0
77.0 77.0 77.0 77.0 76.0 75.0 75.0 73.0 73.0 72.0 71.0 70.0 69.0 68.0 68.0 67.0 66.0 66.0 64.0 63.0 61.0 59.0 55.0 55.0 51.0 52.0 57.0 60.0 60.0 60.0 60.0 59.0 59.0 59.0 59.0 58.0 57.0 57.0 57.0 54.0 54.0 55.0 55.0 55.0 54.0 36.0 37.0 35.0 34.0 34.0 28.0 20.0 15.0 12.0 9.0 8.0 6.0 6.0 6.0 7.0 7.0 7.0 7.0 7.0 7.0 7.0 7.0 7.0 7.0 6.0 6.0 6.0 7.0 7.0 7.0 7.0 6.0 6.0 7.0 6.0 6.0 6.0
79.0 79.0 78.0 78.0 78.0 76.0 75.0 74.0 74.0 73.0 72.0 71.0 70.0 69.0 68.0 68.0 67.0 66.0 65.0 64.0 62.0 60.0 57.0 55.0 52.0 54.0 56.0 59.0 59.0 60.0 60.0 59.0 59.0 59.0 59.0 58.0 57.0 57.0 57.0 55.0 55.0 56.0 56.0 56.0 57.0 54.0 37.0 36.0 35.0 35.0 29.0 20.0 18.0 14.0 10.0 8.0 8.0 8.0 5.0 6.0 7.0 7.0 7.0 7.0 7.0 7.0 7.0 7.0 7.0 7.0 7.0 7.0 7.0 7.0 6.0 7.0 7.0 6.0 7.0 6.0 6.0 6.0
79.0 80.0 79.0 79.0 78.0 77.0 76.0 76.0 75.0 74.0 73.0 72.0 71.0 70.0 69.0 69.0 68.0 67.0 65.0 64.0 63.0 60.0 58.0 56.0 55.0 56.0 57.0 59.0 60.0 60.0 60.0 60.0 59.0 60.0 59.0 59.0 58.0 58.0 58.0 55.0 56.0 57.0 57.0 57.0 56.0 57.0 38.0 37.0 36.0 36.0 30.0 24.0 20.0 16.0 12.0 10.0 8.0 8.0 5.0 5.0 6.0 7.0 7.0 7.0 7.0 7.0 7.0 7.0 7.0 7.0 7.0 7.0 7.0 6.0 6.0 7.0 6.0 6.0 7.0 6.0 6.0 6.0
79.0 80.0 80.0 79.0 79.0 78.0 77.0 76.0 76.0 75.0 74.0 73.0 73.0 71.0 70.0 69.0 68.0 67.0 66.0 65.0 63.0 61.0 59.0 55.0 56.0 57.0 60.0 60.0 60.0 60.0 60.0 60.0 59.0 59.0 59.0 59.0 59.0 59.0 58.0 55.0 58.0 57.0 57.0 57.0 57.0 57.0 40.0 38.0 38.0 38.0 32.0 28.0 23.0 22.0 15.0 12.0 8.0 8.0 8.0 7.0 7.0 7.0 8.0 7.0 7.0 7.0 7.0 7.0 8.0 8.0 8.0 7.0 7.0 7.0 6.0 7.0 7.0 6.0 7.0 7.0 6.0 5.0
81.0 81.0 81.0 81.0 79.0 79.0 78.0 77.0 76.0 75.0 74.0 73.0 73.0 71.0 70.0 69.0 69.0 68.0 67.0 65.0 63.0 62.0 58.0 59.0 61.0 58.0 60.0 60.0 61.0 61.0 61.0 61.0 60.0 59.0 60.0 60.0 60.0 60.0 58.0 57.0 57.0 58.0 57.0 58.0 58.0 57.0 53.0 40.0 39.0 39.0 36.0 32.0 29.0 24.0 16.0 13.0 8.0 8.0 8.0 7.0 6.0 7.0 8.0 8.0 8.0 8.0 8.0 8.0 8.0 8.0 8.0 7.0 7.0 7.0 7.0 7.0 7.0 6.0 7.0 6.0 6.0 5.0
