includes/camargue/floodfiles/results_R3_t1.562344836599E12/res-0007.wdfp
ncols         906
nrows         631
xllcorner     362177.146667
yllcorner     6534725.688020
cellsize      20.000000
NODATA_value  -9999.000000
[rows 272 to 305 of 631, columns 693 to 769 of 906]
0.000 0.000 0.000 0.000 0.000 0.000 0.000 0.000 0.000 0.000 0.000 0.000 0.000 0.000 0.000 0.000 0.000 0.000 0.000 0.000 0.000 0.000 0.000 0.000 0.000 0.000 0.000 0.000 0.000 0.000 0.000 0.000 0.000 0.000 0.000 0.543 0.423 0.813 1.123 1.093 1.093 1.283 1.192 0.000 0.365 0.735 0.355 0.265 0.937 0.162 0.559 0.648 0.000 0.339 0.000 0.358 0.110 0.108 0.008 1.052 1.082 0.000 0.929 1.049 0.099 0.299 0.959 0.979 0.499 0.869 1.109 0.979 0.459 0.459 0.399 0.379 0.267
0.000 0.000 0.000 0.000 0.000 0.000 0.000 0.000 0.000 0.000 0.000 0.000 0.000 0.000 0.000 0.000 0.000 0.000 0.000 0.000 0.000 0.000 0.000 0.000 0.000 0.000 0.000 0.000 0.000 0.000 0.000 0.000 0.000 0.000 0.000 0.000 0.234 0.315 0.465 0.018 0.018 1.023 0.000 0.547 0.787 0.206 0.317 0.927 0.977 0.086 0.000 1.047 0.099 0.000 0.539 0.778 1.255 1.254 1.084 0.000 0.942 1.092 0.000 1.110 0.270 1.009 0.000 0.889 0.439 0.969 0.699 0.409 0.799 0.799 0.559 0.309 0.000
0.000 0.000 0.000 0.000 0.000 0.000 0.000 0.000 0.000 0.000 0.000 0.000 0.000 0.000 0.000 0.000 0.000 0.000 0.000 0.000 0.000 0.000 0.000 0.000 0.000 0.000 0.000 0.000 0.000 0.000 0.000 0.000 0.000 0.000 0.000 0.295 0.000 0.219 0.402 0.192 0.192 0.000 0.617 0.747 0.177 0.527 1.017 0.777 1.047 0.847 0.000 0.283 1.058 0.564 0.750 0.749 0.116 0.114 1.153 0.321 0.061 1.002 0.041 0.980 0.870 0.180 0.000 0.910 0.320 1.089 1.019 0.629 1.119 1.119 0.540 0.100 0.140
0.000 0.000 0.000 0.000 0.000 0.000 0.000 0.000 0.000 0.000 0.000 0.000 0.000 0.000 0.000 0.000 0.000 0.000 0.000 0.000 0.000 0.000 0.000 0.000 0.000 0.000 0.000 0.000 0.000 0.000 0.000 0.000 0.000 0.000 0.000 0.215 0.765 0.000 0.571 0.000 0.000 0.117 0.817 0.267 0.917 0.947 0.058 1.238 0.418 0.000 1.141 0.570 1.028 0.384 0.272 0.620 0.000 0.000 0.771 0.790 0.115 0.264 0.492 0.901 0.401 1.021 1.041 1.071 0.180 0.450 1.000 1.080 0.260 0.260 0.950 0.990 1.210
0.000 0.000 0.000 0.000 0.000 0.000 0.000 0.000 0.000 0.000 0.000 0.000 0.000 0.000 0.000 0.000 0.000 0.000 0.000 0.000 0.000 0.000 0.000 0.000 0.000 0.000 0.000 0.000 0.000 0.000 0.000 0.000 0.000 0.000 0.000 0.815 0.855 0.894 0.834 0.000 0.000 0.000 0.647 0.807 0.947 0.188 1.318 0.948 0.358 0.000 0.881 0.311 0.418 1.223 1.062 0.680 0.959 0.959 0.000 1.318 1.207 0.233 0.000 0.952 0.841 1.061 1.071 1.051 0.000 0.572 0.281 0.740 0.000 0.000 0.210 0.820 1.011
0.000 0.000 0.000 0.000 0.000 0.000 0.000 0.000 0.000 0.000 0.000 0.000 0.000 0.000 0.000 0.000 0.000 0.000 0.000 0.000 0.000 0.000 0.000 0.000 0.000 0.000 0.000 0.000 0.000 0.000 0.000 0.000 0.000 0.000 0.000 0.935 0.585 0.725 0.874 0.853 0.853 0.000 0.708 0.000 0.318 1.298 0.858 0.878 0.258 0.000 1.112 1.272 1.162 0.000 0.000 0.341 0.889 0.889 0.948 0.000 1.057 0.563 0.746 1.083 0.194 0.000 0.036 0.386 0.676 0.914 0.954 0.231 0.851 0.851 1.031 0.301 0.061
0.000 0.000 0.000 0.000 0.000 0.000 0.000 0.000 0.000 0.000 0.000 0.000 0.000 0.000 0.000 0.000 0.000 0.000 0.000 0.000 0.000 0.000 0.000 0.000 0.000 0.000 0.000 0.000 0.000 0.000 0.000 0.000 0.000 0.000 0.783 0.000 1.136 1.067 0.000 0.933 0.932 0.842 0.189 0.729 0.000 0.099 0.579 0.949 0.869 1.129 0.000 0.664 0.434 0.404 0.252 0.249 0.156 0.153 1.107 0.642 1.277 0.774 0.000 0.000 0.921 0.601 0.980 0.800 1.359 0.058 0.097 0.000 1.041 1.041 0.000 0.851 0.000
0.000 0.000 0.000 0.000 0.000 0.000 0.000 0.000 0.000 0.000 0.000 0.000 0.000 0.000 0.000 0.000 0.000 0.000 0.000 0.000 0.000 0.000 0.000 0.000 0.000 0.000 0.000 0.000 0.000 0.000 0.000 0.000 0.000 0.553 0.763 1.263 0.000 1.038 1.098 0.000 0.000 0.821 0.810 0.739 0.319 0.000 0.510 0.760 1.079 0.809 0.000 1.046 0.956 1.036 0.000 1.013 0.301 0.301 0.000 0.822 0.000 1.103 1.073 1.122 0.861 1.101 0.120 0.750 0.790 0.930 0.080 0.120 0.000 0.000 0.000 0.000 0.531
0.000 0.000 0.000 0.000 0.000 0.000 0.000 0.000 0.000 0.000 0.000 0.000 0.000 0.000 0.000 0.000 0.000 0.000 0.000 0.000 0.000 0.000 0.000 0.000 0.000 0.000 0.000 0.000 0.000 0.000 0.000 0.000 0.000 0.693 0.343 1.173 0.171 1.099 0.299 0.000 0.000 0.000 0.181 0.759 0.778 0.567 0.663 0.702 0.121 1.028 0.574 0.768 0.627 0.426 0.774 0.524 0.061 0.064 0.655 0.000 0.934 0.000 1.063 0.982 0.000 0.661 0.650 0.710 0.770 0.740 0.520 0.110 0.580 0.580 0.000 0.000 0.921
0.000 0.000 0.000 0.000 0.000 0.000 0.000 0.000 0.000 0.000 0.000 0.000 0.000 0.000 0.000 0.000 0.000 0.000 0.000 0.000 0.000 0.000 0.000 0.000 0.000 0.000 0.000 0.000 0.000 0.000 0.000 0.000 0.493 0.773 0.193 0.272 1.171 0.971 0.012 0.500 0.500 0.000 0.594 0.000 0.768 0.687 0.405 0.554 0.233 0.160 0.578 0.018 0.000 0.000 0.000 0.000 0.799 0.799 0.030 0.994 0.033 0.373 1.473 0.102 0.351 0.721 0.201 0.610 0.600 0.420 0.190 0.620 0.700 0.700 0.570 0.830 0.000
0.000 0.000 0.000 0.000 0.000 0.000 0.000 0.000 0.000 0.000 0.000 0.000 0.000 0.000 0.000 0.000 0.000 0.000 0.000 0.000 0.000 0.000 0.000 0.000 0.000 0.000 0.000 0.000 0.000 0.000 0.000 0.000 0.493 0.773 0.193 0.272 1.172 0.972 0.013 0.500 0.500 0.000 0.594 0.000 0.768 0.688 0.405 0.554 0.234 0.161 0.581 0.022 0.000 0.000 0.000 0.000 0.799 0.799 0.033 0.994 0.031 0.373 1.473 0.102 0.351 0.721 0.201 0.611 0.601 0.421 0.191 0.620 0.700 0.700 0.570 0.830 0.000
0.000 0.000 0.000 0.000 0.000 0.000 0.000 0.000 0.000 0.000 0.000 0.000 0.000 0.000 0.000 0.000 0.000 0.000 0.000 0.000 0.000 0.000 0.000 0.000 0.000 0.000 0.000 0.000 0.000 0.000 0.000 0.000 0.244 0.744 1.214 0.000 1.112 1.022 0.000 0.110 0.109 0.316 0.664 0.000 1.000 0.000 0.445 0.715 0.735 0.000 0.614 0.585 0.656 0.606 0.487 0.619 0.449 0.449 0.549 0.000 0.353 1.363 0.000 0.523 0.071 0.511 0.021 0.621 0.691 0.391 0.561 0.000 0.000 0.000 0.430 0.220 0.989
0.000 0.000 0.000 0.000 0.000 0.000 0.000 0.000 0.000 0.000 0.000 0.000 0.000 0.000 0.000 0.000 0.000 0.000 0.000 0.000 0.000 0.000 0.000 0.000 0.000 0.000 0.000 0.000 0.000 0.000 0.000 0.000 0.704 0.374 0.864 0.000 1.112 0.252 0.072 0.500 0.499 0.558 0.714 0.802 0.891 0.000 0.316 0.156 0.016 1.595 0.855 0.000 0.000 0.000 0.000 0.280 0.290 0.290 0.000 0.012 1.324 0.143 0.673 0.693 0.000 0.691 0.093 0.611 0.212 0.672 0.273 0.856 0.000 0.000 0.271 1.261 0.140
0.000 0.000 0.000 0.000 0.000 0.000 0.000 0.000 0.000 0.000 0.000 0.000 0.000 0.000 0.000 0.000 0.000 0.000 0.000 0.000 0.000 0.000 0.000 0.000 0.000 0.000 0.000 0.000 0.000 0.000 0.000 1.084 0.000 0.894 0.914 0.354 1.133 0.413 0.643 0.780 0.780 0.649 0.000 0.932 0.711 0.641 0.468 0.616 0.626 0.885 0.185 0.000 0.001 0.027 0.393 1.232 0.552 0.552 0.148 1.569 0.079 0.000 0.703 0.039 0.363 0.012 0.119 0.000 0.488 0.207 0.000 0.596 0.596 0.596 0.000 1.081 1.071
0.000 0.000 0.000 0.000 0.000 0.000 0.000 0.000 0.000 0.000 0.000 0.000 0.000 0.000 0.000 0.000 0.000 0.000 0.000 0.000 0.000 0.000 0.000 0.000 0.000 0.000 0.000 0.000 0.000 0.000 0.000 0.314 0.000 0.884 0.824 0.804 1.143 0.000 0.925 0.113 0.112 0.609 0.000 0.772 0.094 0.812 0.043 0.058 0.000 0.000 0.000 0.519 0.588 0.577 0.265 0.612 0.000 0.000 0.729 1.249 0.899 0.000 0.000 0.603 0.453 0.373 0.183 0.232 0.488 0.468 0.538 0.457 0.306 0.306 0.474 0.371 0.791
0.000 0.002 0.322 0.000 0.000 0.000 0.000 0.000 0.000 0.000 0.000 0.000 0.000 0.000 0.000 0.000 0.000 0.000 0.000 0.000 0.000 0.000 0.000 0.000 0.000 0.000 0.000 0.000 0.000 0.000 0.000 0.134 0.000 0.894 0.704 0.854 1.074 0.214 1.455 1.515 1.515 0.055 0.776 0.144 0.855 0.233 0.063 0.001 0.000 0.225 0.233 0.680 0.000 0.577 0.507 0.000 0.969 0.969 0.002 0.123 0.104 0.189 0.639 0.000 0.603 0.503 0.433 0.323 0.083 0.000 0.740 0.000 0.000 0.000 0.694 0.004 0.171
0.179 0.051 0.152 0.000 0.000 0.000 0.000 0.000 0.000 0.000 0.000 0.000 0.000 0.002 0.000 0.000 0.000 0.000 0.000 0.000 0.000 0.000 0.000 0.000 0.000 0.000 0.000 0.000 0.000 0.000 0.000 0.664 0.404 0.854 0.754 1.034 1.024 0.454 0.003 1.395 1.396 1.276 0.326 0.566 0.446 0.197 0.250 0.000 0.002 0.617 0.347 0.027 0.218 0.000 0.000 0.869 0.199 0.199 0.020 0.810 0.560 0.580 0.000 0.462 0.000 0.733 0.294 0.284 0.464 0.614 0.483 0.000 0.835 0.835 0.375 0.204 0.332
0.006 0.000 0.004 0.000 0.014 0.000 0.000 0.000 0.000 0.000 0.000 0.000 0.110 0.030 0.000 0.000 0.000 0.000 0.000 0.000 0.000 0.000 0.000 0.000 0.000 0.000 0.000 0.000 0.000 0.000 0.000 1.234 0.704 0.864 0.604 1.084 0.594 0.000 0.366 0.366 0.366 1.416 1.386 1.046 0.097 0.450 0.781 0.502 0.000 0.517 0.447 0.608 0.000 0.030 0.000 0.000 0.509 0.509 0.150 0.560 0.260 0.480 0.570 0.000 0.790 0.000 0.894 0.305 0.000 0.655 0.744 0.393 0.786 0.785 0.885 0.594 0.663
0.025 0.086 0.000 0.001 0.164 0.000 0.000 0.000 0.000 0.000 0.100 0.040 0.110 0.230 0.000 0.000 0.000 0.000 0.000 0.000 0.000 0.000 0.000 0.000 0.000 0.000 0.000 0.000 0.000 0.000 0.000 1.184 0.894 0.924 1.124 0.594 0.795 1.035 0.945 0.000 0.000 0.000 0.577 1.317 1.407 0.379 0.552 1.193 0.685 0.367 0.398 0.438 0.439 1.429 1.319 1.539 1.289 1.289 0.000 0.410 1.400 0.000 0.720 0.040 0.280 0.720 0.000 0.457 0.164 0.481 0.000 0.395 0.035 0.034 0.074 0.034 0.005
0.003 0.007 0.268 0.138 0.000 0.000 0.000 0.003 0.002 0.002 0.010 0.140 0.017 0.000 0.023 0.000 0.000 0.000 0.000 0.000 0.000 0.000 0.000 0.000 0.000 0.000 0.000 0.000 0.000 0.000 0.000 1.124 0.734 0.794 1.074 0.974 0.115 0.386 1.056 1.076 1.076 0.000 0.638 0.000 1.237 1.207 0.145 0.000 0.467 0.578 0.838 0.268 0.449 0.419 0.219 1.009 0.230 0.230 0.000 0.180 0.360 1.290 0.340 0.420 0.540 0.000 0.595 0.000 0.717 0.326 0.379 0.301 0.180 0.180 0.410 0.320 0.240
0.288 0.198 0.258 0.000 1.068 0.001 0.000 0.000 0.000 0.000 0.000 0.000 0.153 0.063 0.002 0.133 0.000 0.000 0.000 0.000 0.000 0.000 0.000 0.000 0.000 0.000 0.000 0.000 0.000 0.000 0.000 0.804 0.744 0.000 0.954 1.074 0.225 1.256 0.866 0.227 0.228 0.949 0.619 0.000 0.747 0.000 0.431 0.300 0.152 0.548 0.698 0.000 0.219 0.419 0.629 0.559 0.220 0.220 0.370 0.000 0.630 0.660 1.710 0.000 0.500 0.320 0.000 1.053 0.943 0.000 0.000 0.070 0.770 0.770 0.640 0.530 0.510
0.188 0.308 0.128 1.078 1.158 0.000 0.000 0.000 0.000 0.000 0.164 0.034 0.009 0.000 0.294 0.000 0.096 0.000 0.000 0.000 0.000 0.000 0.000 0.000 0.000 0.000 0.000 0.000 0.000 0.000 0.000 1.014 0.804 0.000 1.094 0.524 0.276 0.000 0.447 0.799 0.799 0.199 0.960 0.910 0.000 0.413 1.553 0.060 0.422 0.000 0.969 1.439 0.659 0.479 0.439 0.130 0.900 0.900 0.400 1.920 0.520 0.390 1.200 1.340 0.000 0.470 0.530 0.000 0.875 1.266 0.000 0.000 0.000 0.000 0.000 0.000 0.000
0.178 0.228 0.918 1.178 0.058 0.169 0.000 0.001 0.000 0.136 0.033 0.090 0.014 0.049 0.000 0.000 0.196 0.000 0.000 0.000 0.000 0.000 0.000 0.000 0.000 0.000 0.000 0.000 0.000 0.000 0.000 0.384 0.894 0.000 1.084 0.105 0.938 1.038 0.000 0.380 0.380 0.941 0.591 0.000 0.703 1.253 0.943 0.006 0.692 0.242 0.469 0.749 1.599 1.449 0.070 0.761 1.840 1.840 0.000 0.120 0.000 0.360 0.210 0.160 0.890 0.080 0.130 0.607 0.445 0.166 1.254 0.814 0.000 0.000 0.000 0.266 0.446
0.000 1.358 0.868 0.248 0.000 0.229 0.006 0.073 0.072 0.037 0.090 0.199 0.229 0.099 0.198 0.000 0.000 0.000 0.000 0.000 0.000 0.000 0.000 0.000 0.000 0.000 0.000 0.000 0.000 0.000 0.457 0.000 0.704 0.634 1.074 0.027 0.928 1.068 0.459 0.501 0.501 0.312 0.982 0.403 0.086 0.893 0.564 0.000 0.602 0.462 0.310 0.829 0.359 0.085 0.000 0.231 0.000 0.000 0.490 0.000 1.691 0.000 0.000 0.000 0.000 0.051 1.092 0.361 0.641 0.652 0.173 0.704 0.095 0.095 1.456 0.386 0.636
0.778 1.228 0.518 0.368 0.278 0.000 0.014 0.103 0.103 0.000 0.000 0.119 0.159 0.078 0.158 0.188 0.000 0.048 0.087 0.257 0.000 0.002 0.000 0.000 0.000 0.000 0.000 0.000 0.046 0.000 0.607 0.000 0.734 0.010 1.024 0.197 0.878 0.468 0.000 0.671 0.671 0.712 0.633 0.245 1.077 0.071 0.715 1.085 0.047 0.453 0.000 0.069 0.000 1.278 0.189 1.149 0.650 0.650 0.450 0.000 1.871 0.021 0.000 0.000 0.693 0.000 0.522 0.862 0.313 1.413 1.103 1.354 1.135 1.135 1.076 0.001 0.246
1.038 0.000 0.000 0.408 0.238 0.108 0.059 0.002 0.002 0.004 0.219 0.109 0.149 0.188 0.228 0.308 0.398 0.147 0.217 0.117 0.002 0.076 0.007 0.000 0.000 0.000 0.000 0.000 0.003 0.003 0.035 0.573 0.000 0.979 0.000 0.878 0.208 0.029 0.140 0.000 0.000 0.139 1.157 0.967 0.717 0.000 0.595 0.326 0.000 0.655 0.595 0.000 0.498 0.808 1.288 0.000 0.270 0.270 0.610 2.170 0.000 0.005 0.758 0.578 0.000 0.368 0.000 0.583 1.063 1.323 1.273 0.066 0.187 0.187 1.076 1.526 1.716
1.038 0.000 0.000 0.408 0.238 0.108 0.059 0.003 0.003 0.005 0.219 0.109 0.149 0.188 0.228 0.308 0.398 0.147 0.217 0.117 0.002 0.076 0.007 0.000 0.000 0.000 0.000 0.000 0.003 0.002 0.034 0.573 0.000 0.979 0.000 0.878 0.208 0.029 0.140 0.000 0.000 0.150 1.157 0.967 0.717 0.000 0.596 0.328 0.000 0.655 0.595 0.000 0.498 0.808 1.288 0.000 0.271 0.271 0.610 2.170 0.000 0.002 0.758 0.578 0.000 0.368 0.000 0.583 1.063 1.323 1.273 0.069 0.189 0.189 1.076 1.526 1.716
0.000 0.000 0.297 0.187 0.137 0.002 0.089 0.000 0.000 0.001 0.059 0.039 0.039 0.128 0.188 0.268 0.447 0.487 0.777 0.407 0.000 0.000 0.000 0.000 0.000 0.000 0.000 0.000 0.000 0.055 0.194 0.853 0.079 0.959 0.929 0.000 0.198 0.188 0.000 0.419 0.419 1.348 0.000 1.197 0.087 0.009 0.000 0.717 0.298 0.000 0.705 0.666 0.227 1.078 0.172 0.453 0.522 0.522 0.000 0.000 1.048 1.128 0.338 0.608 0.468 0.308 0.697 0.000 0.913 0.000 0.000 0.918 0.445 0.443 0.490 0.000 0.277
0.000 0.000 0.327 0.307 0.137 0.000 0.003 0.000 0.000 0.000 0.000 0.006 0.000 0.000 0.098 0.268 0.157 0.187 0.407 0.597 0.527 0.000 0.000 0.000 0.000 0.000 1.196 0.616 0.215 0.705 0.124 0.253 0.683 0.000 0.979 0.000 0.000 0.000 0.380 0.910 0.910 0.000 0.000 1.118 0.000 0.539 0.609 0.409 0.769 0.579 0.000 0.000 0.908 0.000 0.637 0.315 0.213 0.213 1.743 0.000 1.098 1.098 0.000 0.588 0.448 0.178 0.347 0.596 0.130 1.779 1.249 1.799 0.246 0.244 1.171 1.541 0.440
0.026 0.000 0.002 0.115 0.174 0.182 0.639 0.539 0.539 1.188 1.138 1.048 0.958 1.108 0.208 0.038 1.047 1.177 1.027 1.247 1.047 1.137 1.117 0.717 0.716 0.000 0.726 0.306 0.955 0.195 0.000 0.000 0.883 0.375 0.299 0.923 0.342 1.212 0.000 1.310 1.310 0.429 1.378 0.307 1.101 0.041 0.000 0.480 0.000 0.509 0.740 0.850 0.118 0.338 0.607 0.197 0.000 0.000 0.000 1.128 0.000 1.148 1.258 0.000 0.708 0.538 0.307 0.296 0.455 0.434 0.052 0.229 0.198 0.197 0.000 0.571 0.000
0.445 0.394 0.624 0.294 0.164 0.153 0.000 0.409 0.409 0.908 0.978 0.000 0.298 1.138 1.098 1.108 1.137 1.127 0.247 0.000 0.000 0.847 0.737 0.727 0.726 0.626 0.126 0.396 0.265 0.000 0.874 1.004 1.164 0.045 0.363 0.323 0.190 0.146 1.350 1.300 1.300 0.000 1.298 0.000 1.281 0.000 0.891 0.571 0.341 0.160 0.710 0.210 0.769 0.229 0.598 0.128 0.029 0.029 0.000 0.408 0.238 1.018 1.178 0.000 0.578 0.658 0.107 0.376 0.566 0.476 0.635 0.475 0.302 0.300 0.317 0.542 0.442
0.204 0.404 1.554 1.654 1.674 0.192 0.479 0.589 0.589 0.928 0.648 0.428 0.688 0.978 0.228 0.188 1.087 1.167 1.207 0.687 0.627 0.897 0.207 0.666 0.666 1.116 0.796 0.916 0.885 0.815 0.944 0.534 0.000 0.000 0.689 0.129 0.168 1.506 0.000 1.230 1.230 0.900 0.768 0.413 1.261 1.351 0.901 0.401 0.561 0.260 0.520 0.540 0.320 0.269 0.409 0.729 0.359 0.359 0.000 0.828 1.058 0.000 0.978 0.858 0.888 0.658 0.010 0.596 0.556 0.546 0.286 0.505 0.364 0.363 0.091 0.000 0.602
0.294 0.264 0.604 1.484 1.464 0.000 1.039 0.439 0.439 0.329 0.428 0.238 0.618 0.868 0.658 0.808 0.187 0.777 0.637 0.717 0.757 0.797 0.857 0.456 0.456 0.906 0.776 0.606 0.995 0.855 0.125 0.000 0.000 0.586 0.356 1.125 0.545 0.085 0.000 0.000 0.000 0.891 0.000 1.162 0.561 1.311 0.191 0.791 0.391 0.530 0.560 0.720 0.430 0.619 0.329 0.639 0.000 0.000 0.000 0.538 0.928 0.000 0.888 1.058 0.000 0.888 0.658 0.447 0.387 0.436 0.506 0.776 0.354 0.354 0.000 0.031 0.000
0.234 0.184 0.334 0.394 0.714 0.000 0.889 0.919 0.919 0.429 0.688 0.578 0.468 0.448 0.288 0.748 0.817 0.887 0.267 0.297 0.747 0.597 0.817 0.656 0.656 0.766 0.616 0.266 0.265 0.129 0.000 0.336 0.296 0.426 1.136 0.805 0.605 0.673 0.648 0.933 0.933 0.502 0.098 1.282 0.000 0.871 0.411 0.901 0.000 0.340 0.490 0.270 0.300 0.220 0.549 0.219 0.718 0.718 0.428 0.418 0.368 1.188 0.898 0.908 0.000 0.888 0.778 0.000 0.517 0.417 0.267 0.197 0.000 0.001 0.000 0.000 0.157
