includes/camargue/floodfiles/results_R3_t1.562344836599E12/res-0010.wd
ncols         906
nrows         631
xllcorner     362177.146667
yllcorner     6534725.688020
cellsize      20.000000
NODATA_value  -9999.000000
[rows 578 to 611 of 631, columns 154 to 230 of 906]
0.058 0.059 0.060 0.059 0.035 0.021 0.017 0.015 0.013 0.011 0.010 0.010 0.010 0.009 0.007 0.014 0.004 0.008 0.009 0.009 0.010 0.010 0.010 0.008 0.007 0.005 0.008 0.010 0.012 0.014 0.015 0.013 0.013 0.010 0.010 0.012 0.014 0.015 0.018 0.020 0.021 0.023 0.026 0.034 0.036 0.032 0.029 0.026 0.024 0.021 0.021 0.021 0.023 0.025 0.026 0.027 0.031 0.036 0.043 0.037 0.034 0.033 0.031 0.030 0.038 0.035 0.020 0.012 0.008 0.005 0.004 0.001 0.000 0.002 0.003 0.006 0.008
0.064 0.065 0.066 0.046 0.028 0.021 0.018 0.016 0.014 0.011 0.010 0.010 0.010 0.008 0.006 0.013 0.004 0.007 0.009 0.009 0.009 0.010 0.010 0.008 0.007 0.003 0.011 0.011 0.013 0.015 0.015 0.013 0.013 0.010 0.011 0.013 0.015 0.017 0.018 0.020 0.022 0.023 0.028 0.037 0.032 0.029 0.026 0.024 0.023 0.021 0.019 0.020 0.021 0.023 0.022 0.023 0.025 0.030 0.037 0.038 0.035 0.034 0.036 0.033 0.041 0.038 0.029 0.018 0.013 0.009 0.004 0.002 0.001 0.002 0.005 0.007 0.010
0.070 0.071 0.059 0.037 0.025 0.021 0.019 0.017 0.015 0.012 0.010 0.010 0.008 0.007 0.007 0.013 0.005 0.007 0.009 0.009 0.009 0.010 0.010 0.008 0.007 0.008 0.008 0.006 0.012 0.015 0.015 0.013 0.014 0.011 0.013 0.016 0.017 0.018 0.019 0.020 0.021 0.023 0.030 0.032 0.029 0.026 0.024 0.023 0.022 0.021 0.019 0.019 0.019 0.019 0.019 0.019 0.021 0.024 0.030 0.037 0.035 0.037 0.040 0.036 0.043 0.041 0.037 0.025 0.018 0.009 0.006 0.003 0.000 0.003 0.006 0.009 0.012
0.077 0.071 0.048 0.032 0.025 0.022 0.020 0.019 0.017 0.013 0.010 0.008 0.007 0.007 0.007 0.014 0.005 0.007 0.009 0.008 0.009 0.011 0.012 0.015 0.016 0.016 0.016 0.015 0.012 0.009 0.012 0.009 0.015 0.013 0.016 0.018 0.019 0.019 0.020 0.020 0.020 0.022 0.031 0.028 0.025 0.023 0.022 0.022 0.021 0.020 0.019 0.018 0.017 0.017 0.017 0.017 0.017 0.019 0.022 0.027 0.033 0.043 0.043 0.037 0.045 0.043 0.042 0.032 0.019 0.013 0.008 0.004 0.001 0.005 0.007 0.011 0.014
0.083 0.060 0.041 0.030 0.025 0.023 0.022 0.020 0.019 0.016 0.008 0.007 0.007 0.007 0.007 0.014 0.005 0.009 0.013 0.016 0.018 0.019 0.020 0.021 0.021 0.021 0.021 0.021 0.020 0.019 0.017 0.015 0.011 0.016 0.017 0.016 0.015 0.014 0.013 0.012 0.012 0.010 0.017 0.017 0.015 0.014 0.013 0.014 0.012 0.012 0.012 0.011 0.006 0.008 0.008 0.008 0.008 0.008 0.008 0.005 0.008 0.037 0.033 0.025 0.031 0.028 0.028 0.030 0.023 0.018 0.012 0.007 0.003 0.006 0.009 0.013 0.016
0.055 0.047 0.034 0.027 0.023 0.021 0.020 0.020 0.019 0.018 0.008 0.006 0.007 0.007 0.007 0.015 0.007 0.015 0.018 0.021 0.022 0.023 0.024 0.024 0.025 0.025 0.025 0.025 0.025 0.024 0.023 0.023 0.021 0.017 0.015 0.013 0.012 0.011 0.011 0.010 0.010 0.009 0.007 0.013 0.011 0.011 0.010 0.011 0.010 0.010 0.010 0.008 0.010 0.010 0.010 0.010 0.010 0.010 0.009 0.008 0.005 0.023 0.026 0.020 0.024 0.020 0.019 0.020 0.023 0.023 0.017 0.011 0.008 0.008 0.011 0.015 0.017
0.039 0.039 0.034 0.027 0.023 0.020 0.019 0.019 0.019 0.020 0.012 0.009 0.008 0.008 0.008 0.016 0.011 0.018 0.022 0.024 0.025 0.026 0.027 0.027 0.028 0.028 0.028 0.028 0.028 0.028 0.027 0.027 0.026 0.025 0.025 0.024 0.023 0.023 0.023 0.023 0.022 0.022 0.021 0.019 0.018 0.018 0.018 0.018 0.019 0.019 0.020 0.021 0.021 0.021 0.021 0.021 0.021 0.020 0.020 0.019 0.016 0.007 0.027 0.021 0.023 0.019 0.018 0.017 0.017 0.019 0.023 0.016 0.015 0.016 0.014 0.016 0.017
0.031 0.032 0.035 0.029 0.024 0.020 0.019 0.018 0.020 0.021 0.016 0.010 0.010 0.010 0.010 0.020 0.014 0.021 0.024 0.026 0.027 0.028 0.029 0.030 0.030 0.030 0.030 0.030 0.030 0.030 0.030 0.030 0.030 0.030 0.029 0.029 0.029 0.028 0.028 0.028 0.028 0.028 0.028 0.027 0.027 0.027 0.027 0.027 0.027 0.027 0.027 0.027 0.027 0.027 0.027 0.027 0.026 0.025 0.024 0.024 0.023 0.019 0.016 0.023 0.023 0.019 0.018 0.017 0.016 0.016 0.018 0.021 0.023 0.023 0.023 0.020 0.017
0.025 0.026 0.031 0.032 0.025 0.021 0.018 0.019 0.020 0.021 0.020 0.011 0.010 0.010 0.010 0.020 0.018 0.023 0.026 0.028 0.029 0.030 0.031 0.032 0.032 0.032 0.032 0.033 0.033 0.033 0.033 0.033 0.033 0.032 0.032 0.032 0.032 0.032 0.032 0.032 0.032 0.032 0.032 0.032 0.032 0.032 0.032 0.032 0.032 0.032 0.032 0.032 0.031 0.031 0.031 0.030 0.030 0.029 0.029 0.029 0.028 0.027 0.024 0.022 0.022 0.022 0.023 0.025 0.027 0.028 0.029 0.029 0.030 0.030 0.029 0.029 0.027
0.018 0.023 0.028 0.033 0.027 0.021 0.019 0.019 0.019 0.020 0.021 0.012 0.010 0.009 0.009 0.018 0.021 0.025 0.028 0.030 0.031 0.032 0.033 0.033 0.034 0.034 0.034 0.035 0.035 0.035 0.035 0.035 0.035 0.035 0.035 0.035 0.034 0.034 0.034 0.034 0.034 0.035 0.035 0.035 0.035 0.035 0.035 0.035 0.035 0.035 0.035 0.035 0.035 0.034 0.034 0.034 0.034 0.034 0.033 0.032 0.032 0.032 0.032 0.032 0.032 0.032 0.033 0.033 0.034 0.034 0.034 0.035 0.035 0.035 0.034 0.034 0.033
0.027 0.033 0.040 0.047 0.042 0.034 0.029 0.028 0.028 0.029 0.030 0.018 0.016 0.014 0.013 0.023 0.024 0.027 0.030 0.031 0.032 0.033 0.034 0.035 0.035 0.036 0.036 0.036 0.036 0.037 0.037 0.037 0.037 0.037 0.037 0.037 0.037 0.037 0.037 0.037 0.037 0.037 0.037 0.037 0.038 0.038 0.038 0.038 0.038 0.038 0.038 0.038 0.037 0.037 0.037 0.038 0.038 0.038 0.037 0.036 0.036 0.036 0.036 0.036 0.037 0.038 0.038 0.038 0.038 0.039 0.039 0.039 0.039 0.039 0.039 0.038 0.038
0.010 0.016 0.023 0.031 0.036 0.028 0.021 0.018 0.018 0.020 0.022 0.017 0.014 0.014 0.014 0.022 0.027 0.029 0.031 0.033 0.034 0.035 0.035 0.036 0.037 0.037 0.037 0.038 0.038 0.038 0.038 0.039 0.039 0.039 0.039 0.039 0.040 0.040 0.040 0.040 0.040 0.040 0.040 0.040 0.040 0.040 0.040 0.040 0.040 0.040 0.040 0.040 0.040 0.041 0.041 0.041 0.041 0.041 0.041 0.040 0.039 0.038 0.038 0.039 0.041 0.041 0.042 0.042 0.042 0.042 0.042 0.042 0.042 0.042 0.042 0.042 0.042
0.005 0.010 0.018 0.025 0.038 0.032 0.020 0.016 0.015 0.016 0.019 0.017 0.014 0.010 0.021 0.026 0.029 0.031 0.033 0.034 0.035 0.036 0.037 0.037 0.038 0.038 0.039 0.039 0.039 0.040 0.040 0.040 0.040 0.040 0.041 0.042 0.043 0.043 0.043 0.043 0.043 0.043 0.043 0.043 0.043 0.043 0.043 0.043 0.043 0.043 0.043 0.043 0.044 0.044 0.044 0.044 0.044 0.044 0.044 0.043 0.043 0.043 0.043 0.043 0.045 0.045 0.045 0.045 0.045 0.045 0.045 0.045 0.045 0.045 0.045 0.045 0.044
0.002 0.005 0.013 0.025 0.037 0.034 0.020 0.014 0.012 0.012 0.013 0.009 0.009 0.020 0.025 0.028 0.030 0.032 0.034 0.035 0.036 0.037 0.038 0.038 0.039 0.039 0.040 0.040 0.041 0.041 0.041 0.041 0.042 0.042 0.043 0.044 0.045 0.045 0.046 0.046 0.046 0.046 0.046 0.046 0.046 0.046 0.047 0.047 0.047 0.047 0.047 0.047 0.047 0.047 0.047 0.047 0.047 0.047 0.047 0.047 0.047 0.047 0.047 0.047 0.048 0.048 0.048 0.048 0.048 0.048 0.047 0.047 0.047 0.047 0.047 0.047 0.047
0.003 0.007 0.016 0.028 0.040 0.039 0.024 0.016 0.015 0.015 0.009 0.009 0.019 0.024 0.028 0.030 0.032 0.034 0.035 0.036 0.037 0.038 0.038 0.039 0.040 0.040 0.041 0.041 0.042 0.042 0.042 0.043 0.043 0.044 0.045 0.046 0.047 0.047 0.048 0.048 0.048 0.049 0.049 0.049 0.049 0.049 0.049 0.049 0.049 0.049 0.049 0.049 0.049 0.049 0.049 0.049 0.049 0.049 0.049 0.050 0.050 0.050 0.050 0.050 0.050 0.050 0.050 0.050 0.050 0.050 0.050 0.050 0.049 0.049 0.049 0.049 0.049
0.003 0.007 0.015 0.027 0.039 0.041 0.024 0.016 0.015 0.009 0.009 0.019 0.024 0.027 0.030 0.032 0.033 0.035 0.036 0.037 0.038 0.038 0.039 0.040 0.041 0.041 0.042 0.042 0.043 0.043 0.043 0.043 0.044 0.046 0.047 0.048 0.049 0.049 0.050 0.050 0.050 0.051 0.051 0.051 0.051 0.051 0.051 0.051 0.051 0.051 0.051 0.051 0.051 0.051 0.051 0.051 0.051 0.051 0.051 0.052 0.052 0.052 0.052 0.052 0.052 0.052 0.052 0.052 0.052 0.052 0.051 0.051 0.051 0.051 0.051 0.051 0.051
0.004 0.008 0.015 0.025 0.037 0.042 0.024 0.015 0.009 0.008 0.018 0.023 0.027 0.029 0.031 0.033 0.034 0.035 0.037 0.037 0.038 0.039 0.040 0.041 0.041 0.042 0.042 0.043 0.043 0.044 0.044 0.045 0.046 0.047 0.048 0.049 0.050 0.051 0.051 0.052 0.052 0.052 0.052 0.053 0.053 0.053 0.053 0.053 0.053 0.053 0.053 0.053 0.053 0.053 0.053 0.053 0.053 0.053 0.054 0.054 0.054 0.054 0.054 0.054 0.054 0.054 0.054 0.053 0.053 0.053 0.053 0.053 0.053 0.053 0.052 0.052 0.052
0.004 0.009 0.015 0.024 0.034 0.042 0.022 0.008 0.008 0.018 0.023 0.026 0.028 0.031 0.032 0.034 0.035 0.036 0.037 0.038 0.039 0.040 0.040 0.041 0.042 0.042 0.043 0.044 0.044 0.044 0.045 0.046 0.048 0.049 0.050 0.051 0.051 0.052 0.052 0.053 0.053 0.054 0.054 0.054 0.054 0.054 0.054 0.054 0.054 0.054 0.055 0.055 0.055 0.055 0.055 0.055 0.055 0.055 0.055 0.055 0.055 0.055 0.055 0.055 0.055 0.055 0.055 0.055 0.055 0.055 0.054 0.054 0.054 0.054 0.054 0.054 0.053
0.004 0.010 0.017 0.024 0.032 0.042 0.006 0.007 0.017 0.022 0.025 0.028 0.030 0.032 0.033 0.035 0.036 0.037 0.038 0.039 0.039 0.040 0.041 0.042 0.042 0.043 0.044 0.044 0.045 0.045 0.046 0.048 0.049 0.050 0.051 0.052 0.052 0.053 0.054 0.054 0.054 0.055 0.055 0.055 0.055 0.055 0.056 0.056 0.056 0.056 0.056 0.056 0.056 0.056 0.056 0.056 0.056 0.056 0.057 0.057 0.057 0.057 0.056 0.056 0.056 0.056 0.056 0.056 0.056 0.056 0.056 0.055 0.055 0.055 0.055 0.055 0.055
0.005 0.011 0.018 0.026 0.033 0.035 0.004 0.014 0.020 0.024 0.027 0.029 0.031 0.033 0.034 0.035 0.036 0.037 0.038 0.039 0.040 0.040 0.041 0.042 0.043 0.043 0.044 0.045 0.045 0.046 0.048 0.049 0.050 0.051 0.052 0.053 0.053 0.054 0.055 0.055 0.055 0.056 0.056 0.056 0.056 0.056 0.057 0.057 0.057 0.057 0.057 0.057 0.057 0.057 0.057 0.057 0.058 0.058 0.058 0.058 0.058 0.058 0.058 0.057 0.057 0.057 0.057 0.057 0.057 0.057 0.057 0.056 0.056 0.056 0.056 0.056 0.056
0.006 0.012 0.020 0.028 0.029 0.028 0.006 0.016 0.022 0.025 0.028 0.030 0.032 0.033 0.035 0.036 0.037 0.038 0.039 0.039 0.040 0.041 0.041 0.042 0.043 0.044 0.045 0.045 0.046 0.047 0.049 0.050 0.051 0.052 0.053 0.054 0.054 0.055 0.055 0.056 0.056 0.057 0.057 0.057 0.057 0.057 0.057 0.057 0.057 0.058 0.057 0.058 0.058 0.058 0.058 0.059 0.059 0.059 0.059 0.059 0.059 0.059 0.059 0.058 0.058 0.058 0.058 0.058 0.058 0.058 0.058 0.057 0.057 0.057 0.057 0.057 0.056
0.006 0.013 0.022 0.022 0.025 0.027 0.010 0.016 0.023 0.026 0.029 0.031 0.033 0.034 0.035 0.036 0.037 0.038 0.039 0.040 0.040 0.041 0.042 0.042 0.043 0.045 0.045 0.046 0.047 0.049 0.050 0.051 0.052 0.053 0.054 0.054 0.055 0.055 0.056 0.056 0.057 0.057 0.058 0.058 0.058 0.058 0.058 0.058 0.058 0.058 0.059 0.059 0.059 0.060 0.060 0.060 0.060 0.060 0.060 0.060 0.060 0.060 0.060 0.059 0.059 0.059 0.059 0.059 0.059 0.059 0.058 0.058 0.058 0.058 0.058 0.057 0.057
0.007 0.014 0.014 0.018 0.023 0.028 0.018 0.016 0.023 0.027 0.030 0.032 0.033 0.034 0.036 0.037 0.038 0.038 0.039 0.040 0.041 0.041 0.042 0.043 0.044 0.045 0.046 0.047 0.048 0.050 0.051 0.052 0.053 0.053 0.054 0.055 0.055 0.056 0.056 0.057 0.058 0.058 0.058 0.059 0.059 0.059 0.059 0.059 0.059 0.060 0.060 0.061 0.061 0.061 0.061 0.062 0.062 0.062 0.062 0.061 0.061 0.061 0.060 0.060 0.060 0.060 0.060 0.060 0.059 0.059 0.059 0.059 0.059 0.059 0.058 0.058 0.058
0.008 0.008 0.011 0.014 0.019 0.026 0.037 0.017 0.024 0.028 0.030 0.032 0.034 0.035 0.036 0.037 0.038 0.039 0.039 0.040 0.041 0.041 0.042 0.043 0.045 0.046 0.047 0.048 0.049 0.050 0.051 0.052 0.053 0.054 0.055 0.055 0.056 0.056 0.057 0.057 0.058 0.059 0.059 0.059 0.060 0.060 0.060 0.060 0.061 0.061 0.062 0.062 0.062 0.063 0.063 0.063 0.063 0.063 0.062 0.062 0.062 0.061 0.061 0.061 0.061 0.061 0.060 0.060 0.060 0.060 0.060 0.060 0.059 0.059 0.059 0.059 0.058
0.005 0.006 0.008 0.011 0.014 0.018 0.022 0.020 0.026 0.029 0.031 0.033 0.034 0.035 0.036 0.037 0.038 0.039 0.040 0.040 0.041 0.041 0.042 0.044 0.045 0.046 0.048 0.049 0.050 0.051 0.052 0.053 0.053 0.054 0.055 0.056 0.056 0.057 0.057 0.058 0.059 0.059 0.060 0.060 0.060 0.061 0.061 0.061 0.062 0.063 0.063 0.063 0.063 0.063 0.064 0.064 0.063 0.063 0.063 0.063 0.063 0.062 0.061 0.061 0.061 0.061 0.061 0.061 0.061 0.061 0.060 0.060 0.060 0.060 0.059 0.059 0.059
0.002 0.005 0.007 0.010 0.012 0.015 0.019 0.024 0.027 0.030 0.031 0.033 0.034 0.035 0.036 0.037 0.038 0.039 0.040 0.040 0.041 0.041 0.043 0.044 0.046 0.047 0.048 0.049 0.050 0.051 0.052 0.053 0.054 0.055 0.055 0.056 0.056 0.057 0.057 0.058 0.059 0.060 0.060 0.061 0.061 0.061 0.062 0.062 0.063 0.064 0.064 0.064 0.064 0.064 0.064 0.064 0.064 0.064 0.064 0.064 0.063 0.062 0.062 0.062 0.062 0.062 0.062 0.061 0.061 0.061 0.061 0.061 0.061 0.060 0.060 0.060 0.059
0.004 0.008 0.011 0.014 0.017 0.020 0.023 0.026 0.028 0.030 0.032 0.033 0.035 0.036 0.037 0.038 0.038 0.039 0.040 0.040 0.041 0.042 0.043 0.044 0.046 0.047 0.048 0.049 0.050 0.051 0.052 0.053 0.054 0.055 0.055 0.056 0.057 0.057 0.058 0.059 0.060 0.061 0.061 0.061 0.062 0.062 0.062 0.063 0.064 0.064 0.065 0.065 0.065 0.065 0.065 0.065 0.065 0.065 0.064 0.064 0.064 0.063 0.063 0.062 0.062 0.062 0.062 0.062 0.062 0.062 0.062 0.061 0.061 0.061 0.060 0.060 0.060
0.004 0.008 0.012 0.016 0.019 0.022 0.025 0.027 0.029 0.031 0.032 0.034 0.035 0.036 0.037 0.038 0.038 0.039 0.040 0.040 0.041 0.042 0.043 0.045 0.046 0.047 0.048 0.050 0.051 0.052 0.052 0.053 0.054 0.055 0.056 0.056 0.057 0.057 0.058 0.060 0.061 0.062 0.062 0.062 0.063 0.063 0.063 0.064 0.065 0.065 0.065 0.065 0.065 0.065 0.065 0.065 0.065 0.065 0.065 0.064 0.064 0.063 0.063 0.063 0.063 0.063 0.063 0.062 0.062 0.062 0.062 0.062 0.062 0.061 0.061 0.061 0.061
0.004 0.007 0.012 0.016 0.020 0.023 0.026 0.028 0.030 0.031 0.033 0.034 0.035 0.036 0.037 0.038 0.039 0.039 0.040 0.040 0.041 0.042 0.043 0.045 0.046 0.047 0.049 0.050 0.051 0.052 0.053 0.053 0.054 0.055 0.056 0.056 0.057 0.058 0.059 0.060 0.062 0.062 0.063 0.063 0.064 0.064 0.065 0.065 0.065 0.066 0.066 0.066 0.066 0.066 0.066 0.066 0.066 0.066 0.065 0.065 0.064 0.064 0.063 0.063 0.063 0.063 0.063 0.063 0.063 0.063 0.062 0.062 0.062 0.062 0.062 0.062 0.061
0.014 0.010 0.010 0.016 0.021 0.024 0.026 0.028 0.030 0.032 0.033 0.034 0.035 0.036 0.037 0.038 0.039 0.039 0.040 0.040 0.041 0.042 0.043 0.045 0.046 0.047 0.049 0.050 0.051 0.052 0.053 0.053 0.054 0.055 0.056 0.056 0.057 0.058 0.060 0.061 0.062 0.063 0.064 0.064 0.065 0.065 0.065 0.066 0.066 0.066 0.066 0.066 0.066 0.066 0.066 0.066 0.066 0.066 0.066 0.065 0.064 0.064 0.064 0.064 0.064 0.063 0.063 0.063 0.063 0.063 0.063 0.063 0.062 0.062 0.062 0.062 0.062
0.030 0.017 0.014 0.014 0.021 0.024 0.027 0.029 0.030 0.032 0.033 0.034 0.035 0.036 0.037 0.038 0.039 0.039 0.040 0.041 0.041 0.042 0.043 0.045 0.046 0.047 0.049 0.050 0.051 0.052 0.053 0.053 0.054 0.055 0.056 0.056 0.057 0.059 0.060 0.062 0.063 0.063 0.064 0.065 0.065 0.065 0.066 0.066 0.066 0.066 0.066 0.066 0.066 0.066 0.066 0.066 0.066 0.066 0.066 0.065 0.064 0.064 0.064 0.064 0.064 0.064 0.064 0.064 0.063 0.063 0.063 0.063 0.063 0.063 0.063 0.063 0.063
0.048 0.031 0.024 0.024 0.021 0.025 0.027 0.029 0.031 0.032 0.033 0.034 0.035 0.036 0.037 0.038 0.039 0.039 0.040 0.041 0.041 0.042 0.043 0.045 0.046 0.047 0.049 0.050 0.051 0.052 0.053 0.053 0.054 0.055 0.056 0.056 0.058 0.059 0.061 0.062 0.063 0.064 0.064 0.065 0.065 0.066 0.066 0.066 0.066 0.067 0.067 0.067 0.067 0.067 0.067 0.066 0.066 0.066 0.066 0.065 0.065 0.064 0.064 0.064 0.064 0.064 0.064 0.064 0.064 0.064 0.064 0.064 0.064 0.064 0.063 0.063 0.063
0.065 0.047 0.036 0.015 0.021 0.025 0.028 0.029 0.031 0.032 0.033 0.034 0.035 0.036 0.037 0.038 0.039 0.039 0.040 0.041 0.041 0.042 0.043 0.044 0.046 0.047 0.049 0.050 0.051 0.052 0.053 0.053 0.054 0.055 0.056 0.057 0.058 0.060 0.061 0.062 0.063 0.064 0.065 0.065 0.066 0.066 0.066 0.066 0.067 0.067 0.067 0.067 0.067 0.067 0.067 0.067 0.066 0.066 0.066 0.066 0.065 0.064 0.064 0.064 0.064 0.064 0.064 0.064 0.064 0.064 0.064 0.064 0.064 0.064 0.064 0.064 0.063
0.077 0.056 0.020 0.016 0.022 0.026 0.028 0.030 0.031 0.032 0.033 0.034 0.035 0.036 0.037 0.038 0.039 0.039 0.040 0.041 0.041 0.042 0.043 0.044 0.046 0.047 0.049 0.050 0.051 0.052 0.053 0.053 0.054 0.055 0.056 0.057 0.059 0.060 0.061 0.062 0.063 0.064 0.065 0.065 0.066 0.066 0.066 0.066 0.067 0.067 0.067 0.067 0.067 0.067 0.067 0.067 0.066 0.066 0.066 0.066 0.065 0.065 0.065 0.065 0.065 0.065 0.065 0.064 0.064 0.064 0.064 0.064 0.064 0.064 0.064 0.064 0.063
