includes/camargue/floodfiles/results_R3_t1.562344836599E12/res-0012.wdfp
ncols         906
nrows         631
xllcorner     362177.146667
yllcorner     6534725.688020
cellsize      20.000000
NODATA_value  -9999.000000
[rows 442 to 475 of 631, columns 154 to 230 of 906]
0.000 0.000 0.000 0.000 0.000 0.000 0.000 0.000 0.000 0.000 0.000 0.000 0.000 0.000 0.000 0.000 0.000 0.000 0.000 0.005 0.195 0.000 0.000 0.000 0.000 0.423 1.053 1.293 1.173 1.343 1.393 1.393 1.253 1.133 1.363 1.393 1.443 1.293 0.953 1.083 1.383 1.633 0.000 1.682 1.772 1.702 1.472 1.472 1.482 1.752 0.000 0.000 0.113 0.055 0.180 0.000 0.000 1.193 1.113 0.000 0.000 0.000 0.353 0.164 0.164 0.105 0.177 0.049 0.074 0.058 0.010 0.096 0.097 0.000 0.046 0.006 0.001
0.000 0.000 0.000 0.000 0.000 0.000 0.000 0.000 0.000 0.000 0.000 0.000 0.000 0.000 0.000 0.000 0.000 0.000 0.000 0.005 0.195 0.000 0.000 0.000 0.000 0.423 1.053 1.293 1.173 1.343 1.393 1.393 1.253 1.133 1.363 1.393 1.443 1.293 0.953 1.083 1.383 1.633 0.000 1.682 1.772 1.702 1.472 1.472 1.482 1.752 0.000 0.000 0.101 0.043 0.180 0.000 0.000 1.192 1.112 0.000 0.000 0.000 0.353 0.163 0.164 0.105 0.177 0.048 0.072 0.056 0.009 0.096 0.096 0.000 0.046 0.006 0.000
0.000 0.000 0.000 0.000 0.000 0.000 0.000 0.000 0.000 0.000 0.000 0.000 0.000 0.000 0.000 0.000 0.000 0.000 0.001 0.235 0.295 0.000 0.000 0.000 0.000 0.000 0.983 1.403 1.443 1.423 1.393 1.393 1.433 1.423 1.683 1.273 1.183 1.213 1.183 0.923 1.323 0.433 0.000 1.572 1.432 1.412 1.502 1.502 1.672 1.772 1.323 0.000 0.000 0.174 0.168 0.021 0.060 1.291 1.351 0.032 0.003 0.233 0.373 0.081 0.081 0.041 0.000 0.000 0.057 0.002 0.007 0.003 0.083 0.063 0.003 0.095 0.035
0.000 0.000 0.000 0.000 0.000 0.000 0.000 0.000 0.000 0.000 0.000 0.000 0.000 0.000 0.000 0.000 0.000 0.000 0.045 0.000 0.000 0.013 0.043 0.014 0.000 0.012 0.753 1.373 1.553 1.703 1.563 1.563 1.423 1.303 1.703 1.423 1.213 1.163 0.763 1.403 1.443 0.202 1.223 0.000 1.513 1.603 1.682 1.682 1.852 1.722 1.812 0.000 0.000 0.119 0.067 0.040 0.098 0.167 0.152 0.073 0.018 0.203 0.048 0.084 0.084 0.022 0.062 0.013 0.032 0.002 0.002 0.066 0.047 0.040 0.000 0.002 0.000
0.000 0.000 0.000 0.000 0.000 0.000 0.000 0.000 0.000 0.000 0.000 0.000 0.000 0.000 0.000 0.000 0.000 0.000 0.000 0.332 0.232 0.013 0.000 0.000 0.020 0.012 0.153 1.353 1.413 1.293 1.283 1.283 1.613 1.113 1.623 1.783 1.253 0.692 0.433 0.423 1.463 0.133 1.723 1.943 0.000 1.682 1.862 1.862 1.752 1.622 0.392 0.000 0.015 0.190 0.138 0.070 0.128 0.161 0.145 0.077 0.282 0.203 0.156 0.156 0.155 0.144 0.039 0.090 0.043 0.029 0.026 0.089 0.000 0.110 0.000 0.002 0.020
0.000 0.000 0.000 0.000 0.000 0.000 0.000 0.000 0.000 0.000 0.000 0.000 0.000 0.000 0.000 0.000 0.000 0.000 0.672 0.562 0.412 0.222 0.102 0.172 0.061 0.000 0.000 0.832 1.083 1.203 1.622 1.623 1.673 1.333 1.693 1.543 1.403 1.362 0.863 0.783 1.403 0.803 1.843 1.963 2.073 0.000 1.932 1.932 1.512 1.622 0.322 0.000 0.380 0.380 0.351 0.081 0.123 0.137 0.120 0.068 0.351 0.041 0.182 0.057 0.060 0.110 0.022 0.053 0.064 0.025 0.000 0.138 0.008 0.000 0.057 0.087 0.017
0.000 0.000 0.000 0.000 0.000 0.000 0.000 0.000 0.000 0.000 0.000 0.000 0.000 0.000 0.000 0.000 0.000 1.352 0.752 1.082 0.992 0.772 0.442 0.422 0.000 0.000 0.000 0.000 0.000 0.000 0.000 0.000 1.273 1.263 1.143 1.433 1.322 1.472 1.233 1.893 1.723 1.553 1.373 1.673 1.963 2.093 0.372 0.372 1.503 1.433 0.000 0.086 0.052 0.108 0.096 0.098 0.116 0.116 0.096 0.177 0.057 0.180 0.143 0.020 0.022 0.031 0.235 0.256 0.022 0.023 0.003 0.027 0.000 0.000 0.007 0.000 0.022
0.000 0.000 0.000 0.000 0.000 0.000 0.000 0.000 0.000 0.000 0.000 0.000 0.000 0.000 0.000 0.000 0.302 0.752 0.962 0.972 1.902 2.142 1.182 0.432 0.252 0.000 0.000 0.000 0.000 0.000 0.000 0.000 0.000 0.000 0.000 0.000 0.000 0.000 0.000 0.000 0.000 0.000 0.000 0.000 0.000 0.000 0.000 0.000 0.000 0.000 0.000 0.058 0.137 0.084 0.124 0.115 0.118 0.118 0.116 0.144 0.099 0.135 0.082 0.110 0.110 0.074 0.112 0.205 0.078 0.070 0.001 0.056 0.000 0.000 0.000 0.019 0.001
0.000 0.000 0.000 0.000 0.000 0.000 0.000 0.000 0.000 0.000 0.000 0.000 0.000 0.000 0.000 0.000 0.672 1.042 0.612 1.472 2.012 1.852 2.072 1.852 0.000 0.000 0.000 0.000 0.000 0.000 0.000 0.000 0.000 0.000 0.000 0.000 0.000 0.000 0.000 0.000 0.109 0.000 0.029 0.000 0.000 0.000 0.000 0.000 0.000 0.000 0.000 0.037 0.076 0.090 0.128 0.159 0.145 0.143 0.150 0.114 0.072 0.077 0.088 0.154 0.155 0.000 0.118 0.000 0.128 0.026 0.071 0.024 0.061 0.023 0.089 0.099 0.000
0.000 0.000 0.000 0.000 0.000 0.000 0.000 0.000 0.000 0.000 0.000 0.000 0.152 0.372 0.562 0.562 1.602 1.722 1.152 1.082 1.682 1.462 0.912 0.000 0.000 0.000 0.000 0.000 0.000 0.000 0.000 0.000 0.000 0.000 0.001 0.000 0.000 0.099 0.159 0.289 0.169 0.139 0.199 0.129 0.000 0.377 0.000 0.000 0.091 0.000 0.000 0.032 0.068 0.098 0.142 0.191 0.221 0.221 0.257 0.099 0.110 0.087 0.104 0.021 0.026 0.007 0.195 0.055 0.028 0.079 0.201 0.081 0.008 0.000 0.079 0.069 0.002
0.000 0.000 0.000 0.000 0.000 0.000 0.000 0.000 0.000 0.000 0.000 0.000 0.622 1.472 1.332 1.332 0.000 0.000 0.000 0.000 0.000 0.000 0.000 0.000 0.000 0.000 0.011 0.000 0.000 0.000 0.000 0.000 0.000 0.000 0.049 0.109 0.129 0.299 0.000 0.239 0.289 0.259 0.000 0.279 0.000 0.000 0.071 0.071 0.000 0.000 0.000 0.037 0.086 0.135 0.187 0.240 0.291 0.317 0.042 0.078 0.132 0.042 0.037 0.034 0.044 0.106 0.058 0.034 0.048 0.003 0.004 0.000 0.057 0.067 0.129 0.110 0.094
0.000 0.000 0.000 0.000 0.000 0.000 0.000 0.000 0.000 0.000 0.000 0.000 0.000 0.000 0.000 0.000 0.000 0.000 0.000 0.011 0.000 0.000 0.000 0.000 0.000 0.101 0.000 0.001 0.000 0.041 0.000 0.000 0.000 0.000 0.004 0.000 0.000 0.000 0.000 0.189 0.179 0.139 0.000 0.000 0.000 0.000 0.000 0.000 0.000 0.000 0.042 0.100 0.159 0.217 0.274 0.331 0.389 0.435 0.029 0.065 0.089 0.084 0.553 0.000 0.002 0.080 0.035 0.000 0.000 0.000 0.006 0.008 0.014 0.076 0.057 0.029 0.114
0.000 0.000 0.000 0.000 0.000 0.000 0.000 0.000 0.000 0.000 0.000 0.000 0.000 0.000 0.000 0.000 0.000 0.000 0.000 0.000 0.000 0.000 0.000 0.000 0.089 0.000 0.000 0.000 0.000 0.000 0.000 0.000 0.020 0.170 0.210 0.050 0.140 0.150 0.000 0.000 0.000 0.000 0.000 0.000 0.000 0.000 0.000 0.000 0.047 0.101 0.158 0.217 0.275 0.332 0.362 0.372 0.379 0.000 0.345 0.036 0.011 0.074 0.000 0.516 0.516 0.044 0.007 0.007 0.000 0.000 0.063 0.004 0.046 0.041 0.113 0.213 0.033
0.000 0.000 0.000 0.011 0.000 0.042 0.000 0.000 0.000 0.024 0.000 0.001 0.032 0.092 0.000 0.000 0.000 0.000 0.000 0.021 0.001 0.000 0.081 0.000 0.009 0.019 0.059 0.000 0.000 0.000 0.001 0.004 0.130 0.180 0.090 0.100 0.000 0.000 0.302 0.000 0.041 0.000 0.000 0.000 0.000 0.000 0.053 0.060 0.173 0.229 0.287 0.309 0.321 0.332 0.341 0.347 0.351 0.342 0.323 0.008 0.006 0.000 0.033 0.099 0.100 0.092 0.004 0.000 0.000 0.031 0.010 0.043 0.071 0.059 0.102 0.001 0.097
0.061 0.000 0.022 0.000 0.034 0.001 0.000 0.114 0.054 0.084 0.054 0.000 0.092 0.000 0.000 0.000 0.000 0.000 0.000 0.000 0.000 0.000 0.000 0.089 0.039 0.059 0.000 0.081 0.000 0.001 0.006 0.008 0.000 0.180 0.230 0.000 0.000 0.000 0.000 0.000 0.000 0.000 0.000 0.000 0.000 0.087 0.177 0.187 0.256 0.269 0.282 0.293 0.304 0.313 0.321 0.326 0.331 0.315 0.002 0.006 0.622 0.011 0.034 0.019 0.022 0.000 0.087 0.000 0.049 0.048 0.031 0.042 0.000 0.004 0.000 0.051 0.039
0.000 0.002 0.052 0.000 0.044 0.001 0.001 0.000 0.134 0.144 0.000 0.457 0.000 0.032 0.052 0.052 0.000 0.012 0.012 0.001 0.000 0.031 0.000 0.019 0.109 0.119 0.089 0.000 0.000 0.000 0.090 0.090 0.000 0.000 0.000 0.000 0.000 0.000 0.000 0.000 0.000 0.000 0.046 0.139 0.176 0.184 0.203 0.217 0.240 0.254 0.266 0.277 0.287 0.295 0.302 0.308 0.307 0.287 0.265 0.002 0.000 0.037 0.062 0.065 0.071 0.035 0.026 0.070 0.069 0.012 0.000 0.058 0.086 0.116 0.037 0.074 0.019
0.583 0.000 0.000 0.000 0.001 0.005 0.002 0.000 0.000 0.000 0.000 0.000 0.288 0.000 0.000 0.000 0.000 0.000 0.000 0.002 0.021 0.000 0.000 0.079 0.000 0.000 0.000 0.000 0.000 0.000 0.006 0.004 0.004 0.003 0.003 0.003 0.003 0.004 0.068 0.147 0.144 0.148 0.158 0.170 0.180 0.183 0.186 0.201 0.223 0.237 0.250 0.261 0.270 0.278 0.285 0.290 0.281 0.261 0.241 0.221 0.000 0.185 0.010 0.034 0.038 0.018 0.026 0.137 0.012 0.032 0.016 0.003 0.050 0.021 0.000 0.039 0.029
0.584 0.000 0.000 0.000 0.000 0.002 0.000 0.000 0.000 0.000 0.000 0.000 0.289 0.000 0.000 0.000 0.000 0.000 0.000 0.000 0.021 0.000 0.000 0.079 0.000 0.000 0.000 0.000 0.000 0.000 0.001 0.001 0.000 0.000 0.000 0.001 0.000 0.001 0.062 0.144 0.142 0.147 0.155 0.166 0.175 0.179 0.181 0.196 0.219 0.233 0.246 0.257 0.267 0.275 0.281 0.287 0.278 0.259 0.240 0.221 0.000 0.183 0.008 0.031 0.034 0.017 0.026 0.137 0.013 0.033 0.021 0.000 0.041 0.013 0.000 0.030 0.020
0.000 0.000 0.000 0.000 0.000 0.001 0.001 0.000 0.000 0.000 0.000 0.000 0.000 0.000 0.000 0.000 0.000 0.000 0.000 0.000 0.000 0.000 0.000 0.001 0.001 0.000 0.000 0.000 0.000 0.000 0.001 0.000 0.000 0.001 0.042 0.087 0.093 0.106 0.123 0.138 0.143 0.149 0.158 0.167 0.175 0.177 0.178 0.192 0.200 0.216 0.230 0.242 0.251 0.259 0.266 0.272 0.254 0.235 0.216 0.000 0.177 0.158 0.000 0.412 0.412 0.022 0.000 0.001 0.032 0.043 0.031 0.059 0.058 0.048 0.001 0.022 0.042
0.000 0.000 0.000 0.000 0.000 0.001 0.000 0.000 0.000 0.000 0.000 0.000 0.000 0.000 0.000 0.000 0.000 0.000 0.000 0.000 0.000 0.000 0.000 0.000 0.000 0.000 0.000 0.000 0.000 0.004 0.014 0.022 0.035 0.050 0.067 0.086 0.098 0.111 0.124 0.135 0.143 0.150 0.157 0.166 0.171 0.175 0.175 0.187 0.180 0.198 0.212 0.226 0.235 0.243 0.250 0.249 0.230 0.212 0.192 0.173 0.154 0.136 0.000 0.064 0.065 0.368 0.030 0.102 0.026 0.004 0.021 0.000 0.088 0.068 0.029 0.091 0.035
0.000 0.000 0.000 0.000 0.000 0.001 0.001 0.001 0.000 0.000 0.000 0.000 0.000 0.000 0.000 0.000 0.000 0.000 0.000 0.000 0.001 0.001 0.001 0.002 0.002 0.003 0.006 0.010 0.017 0.027 0.040 0.055 0.068 0.074 0.082 0.089 0.105 0.118 0.130 0.140 0.148 0.155 0.162 0.166 0.168 0.180 0.175 0.185 0.165 0.162 0.179 0.198 0.207 0.215 0.221 0.203 0.185 0.166 0.148 0.129 0.110 0.001 0.028 0.067 0.071 0.000 0.000 0.000 0.000 0.001 0.000 0.068 0.218 0.028 0.038 0.070 0.081
0.000 0.000 0.000 0.000 0.000 0.001 0.000 0.000 0.000 0.001 0.000 0.000 0.000 0.000 0.000 0.000 0.000 0.000 0.000 0.000 0.001 0.000 0.001 0.004 0.005 0.009 0.014 0.022 0.032 0.043 0.056 0.072 0.078 0.082 0.088 0.094 0.102 0.117 0.129 0.138 0.146 0.152 0.158 0.156 0.148 0.000 0.173 0.178 0.155 0.150 0.145 0.000 0.190 0.197 0.197 0.179 0.161 0.142 0.124 0.105 0.088 0.074 0.069 0.000 0.000 0.052 0.072 0.000 0.000 0.057 0.000 0.000 0.000 0.144 0.134 0.038 0.090
0.000 0.000 0.000 0.000 0.000 0.000 0.001 0.001 0.001 0.001 0.000 0.000 0.000 0.000 0.000 0.000 0.000 0.000 0.000 0.000 0.001 0.001 0.002 0.007 0.012 0.017 0.025 0.034 0.045 0.057 0.070 0.085 0.084 0.088 0.093 0.098 0.103 0.111 0.124 0.134 0.142 0.148 0.151 0.148 0.143 0.140 0.154 0.166 0.145 0.140 0.134 0.136 0.161 0.169 0.000 0.154 0.135 0.117 0.098 0.081 0.064 0.047 0.001 0.293 0.293 0.000 0.000 0.047 0.000 0.037 0.000 0.000 0.000 0.134 0.052 0.054 0.038
0.000 0.000 0.000 0.000 0.000 0.001 0.001 0.001 0.001 0.001 0.000 0.000 0.000 0.000 0.000 0.000 0.000 0.000 0.000 0.000 0.001 0.001 0.005 0.013 0.021 0.029 0.037 0.047 0.058 0.070 0.083 0.097 0.088 0.092 0.097 0.101 0.105 0.108 0.117 0.128 0.136 0.142 0.142 0.139 0.137 0.136 0.141 0.153 0.133 0.130 0.125 0.122 0.140 0.142 0.124 0.124 0.105 0.087 0.068 0.051 0.035 0.019 0.000 0.002 0.004 0.277 0.002 0.057 0.127 0.027 0.000 0.000 0.102 0.005 0.046 0.028 0.000
0.000 0.000 0.000 0.000 0.000 0.001 0.001 0.001 0.001 0.001 0.000 0.000 0.000 0.000 0.000 0.000 0.000 0.000 0.000 0.000 0.001 0.004 0.011 0.020 0.030 0.042 0.050 0.059 0.070 0.082 0.095 0.108 0.091 0.095 0.099 0.102 0.105 0.108 0.110 0.119 0.128 0.134 0.131 0.129 0.127 0.126 0.127 0.139 0.121 0.118 0.110 0.099 0.000 0.103 0.084 0.000 0.077 0.064 0.052 0.042 0.038 0.026 0.009 0.000 0.000 0.002 0.003 0.000 0.000 0.000 0.000 0.000 0.082 0.002 0.044 0.000 0.019
0.000 0.000 0.000 0.000 0.000 0.001 0.001 0.001 0.002 0.001 0.001 0.001 0.000 0.000 0.000 0.000 0.000 0.000 0.000 0.000 0.003 0.009 0.018 0.029 0.040 0.052 0.064 0.073 0.083 0.094 0.102 0.115 0.093 0.097 0.100 0.102 0.104 0.106 0.107 0.107 0.117 0.119 0.117 0.114 0.111 0.109 0.108 0.119 0.105 0.117 0.108 0.097 0.084 0.082 0.073 0.059 0.066 0.059 0.049 0.038 0.000 0.000 0.019 0.000 0.001 0.312 0.000 0.000 0.000 0.000 0.000 0.074 0.032 0.033 0.033 0.036 0.009
0.000 0.000 0.000 0.000 0.000 0.000 0.001 0.001 0.002 0.001 0.001 0.001 0.001 0.000 0.001 0.000 0.000 0.000 0.000 0.002 0.008 0.017 0.027 0.038 0.050 0.062 0.075 0.087 0.096 0.105 0.104 0.117 0.094 0.097 0.099 0.101 0.102 0.103 0.102 0.101 0.100 0.100 0.100 0.101 0.101 0.101 0.100 0.107 0.089 0.000 0.136 0.116 0.096 0.077 0.068 0.062 0.060 0.055 0.049 0.042 0.020 0.000 0.042 0.008 0.006 0.000 0.018 0.008 0.016 0.026 0.013 0.074 0.030 0.031 0.056 0.066 0.000
0.000 0.000 0.000 0.000 0.000 0.001 0.001 0.001 0.002 0.001 0.001 0.001 0.001 0.001 0.001 0.000 0.000 0.000 0.002 0.007 0.015 0.025 0.036 0.048 0.060 0.072 0.085 0.098 0.109 0.116 0.106 0.119 0.094 0.096 0.097 0.098 0.099 0.099 0.097 0.095 0.095 0.100 0.100 0.100 0.099 0.097 0.094 0.098 0.075 0.052 0.000 0.118 0.093 0.074 0.063 0.060 0.057 0.054 0.054 0.000 0.020 0.004 0.000 0.010 0.012 0.013 0.020 0.002 0.002 0.000 0.000 0.052 0.072 0.016 0.000 0.050 0.009
0.000 0.000 0.000 0.000 0.000 0.001 0.001 0.001 0.001 0.001 0.001 0.001 0.001 0.001 0.001 0.000 0.000 0.002 0.006 0.014 0.024 0.035 0.046 0.058 0.071 0.083 0.096 0.109 0.121 0.121 0.109 0.120 0.095 0.096 0.097 0.097 0.096 0.095 0.093 0.089 0.095 0.100 0.100 0.099 0.097 0.095 0.091 0.095 0.076 0.070 0.076 0.097 0.084 0.070 0.059 0.055 0.053 0.045 0.000 0.000 0.020 0.007 0.007 0.009 0.013 0.010 0.000 0.007 0.005 0.000 0.053 0.019 0.081 0.000 0.038 0.026 0.390
0.000 0.000 0.000 0.000 0.000 0.000 0.000 0.001 0.001 0.001 0.002 0.002 0.001 0.001 0.002 0.001 0.001 0.006 0.012 0.022 0.033 0.045 0.057 0.069 0.081 0.093 0.105 0.116 0.128 0.126 0.115 0.125 0.097 0.096 0.096 0.095 0.094 0.091 0.088 0.087 0.095 0.099 0.101 0.099 0.096 0.093 0.090 0.095 0.080 0.080 0.085 0.086 0.076 0.065 0.055 0.051 0.055 0.041 0.021 0.012 0.015 0.009 0.009 0.008 0.013 0.010 0.009 0.009 0.000 0.003 0.366 0.015 0.000 0.000 0.029 0.009 0.013
0.000 0.000 0.000 0.000 0.000 0.001 0.001 0.001 0.001 0.001 0.002 0.002 0.002 0.001 0.002 0.000 0.000 0.009 0.019 0.030 0.042 0.054 0.066 0.077 0.089 0.101 0.112 0.123 0.130 0.126 0.123 0.131 0.100 0.097 0.095 0.093 0.091 0.088 0.084 0.089 0.095 0.099 0.102 0.101 0.097 0.094 0.091 0.097 0.084 0.085 0.083 0.078 0.069 0.059 0.049 0.039 0.000 0.038 0.024 0.015 0.015 0.011 0.011 0.009 0.013 0.008 0.000 0.000 0.382 0.000 0.389 0.380 0.000 0.389 0.029 0.000 0.094
0.000 0.000 0.000 0.000 0.000 0.000 0.001 0.001 0.001 0.001 0.001 0.001 0.001 0.001 0.002 0.001 0.004 0.023 0.025 0.033 0.048 0.061 0.073 0.085 0.097 0.108 0.119 0.130 0.130 0.126 0.123 0.131 0.104 0.099 0.095 0.092 0.089 0.085 0.084 0.091 0.097 0.101 0.103 0.104 0.100 0.096 0.093 0.100 0.088 0.088 0.079 0.072 0.064 0.054 0.043 0.033 0.021 0.030 0.023 0.018 0.020 0.025 0.024 0.017 0.021 0.008 0.000 0.400 0.001 0.004 0.023 0.040 0.400 0.034 0.024 0.088 0.092
0.000 0.000 0.000 0.000 0.000 0.000 0.000 0.000 0.001 0.001 0.001 0.001 0.001 0.001 0.002 0.000 0.021 0.038 0.035 0.039 0.052 0.067 0.080 0.092 0.104 0.115 0.126 0.134 0.130 0.126 0.123 0.130 0.110 0.102 0.097 0.093 0.089 0.085 0.089 0.096 0.101 0.105 0.107 0.108 0.107 0.103 0.099 0.107 0.094 0.087 0.077 0.069 0.060 0.050 0.040 0.031 0.024 0.026 0.022 0.018 0.015 0.000 0.048 0.000 0.000 0.010 0.001 0.000 0.034 0.039 0.040 0.001 0.423 0.000 0.422 0.413 0.003
0.000 0.000 0.000 0.000 0.000 0.000 0.000 0.004 0.001 0.002 0.003 0.003 0.003 0.004 0.015 0.017 0.055 0.057 0.053 0.055 0.058 0.074 0.088 0.100 0.111 0.122 0.133 0.135 0.130 0.126 0.123 0.130 0.116 0.108 0.101 0.096 0.092 0.091 0.099 0.106 0.110 0.113 0.116 0.117 0.118 0.115 0.111 0.118 0.102 0.090 0.080 0.070 0.061 0.051 0.042 0.034 0.028 0.026 0.024 0.019 0.014 0.002 0.000 0.020 0.023 0.022 0.021 0.022 0.028 0.000 0.045 0.034 0.000 0.000 0.446 0.436 0.054
