includes/camargue/floodfiles/results_R3_t1.562344836599E12/res-0007.wdfp
ncols         906
nrows         631
xllcorner     362177.146667
yllcorner     6534725.688020
cellsize      20.000000
NODATA_value  -9999.000000
[rows 374 to 407 of 631, columns 0 to 76 of 906]
6.825 6.447 6.210 5.973 5.737 5.500 5.264 4.703 4.703 3.213 1.738 2.123 1.647 1.547 1.436 1.087 0.447 0.000 0.000 0.000 0.000 0.000 0.000 0.000 0.000 0.000 0.000 0.000 0.000 0.000 0.000 0.000 0.000 0.000 0.000 0.000 0.000 0.000 0.000 0.000 0.000 0.000 0.000 0.000 0.000 0.000 0.000 0.000 0.000 0.000 0.000 0.000 0.000 0.000 0.000 0.000 0.000 0.000 0.000 0.000 0.000 0.000 0.000 0.000 0.000 0.000 0.000 0.000 0.000 0.000 0.000 0.000 0.000 0.000 0.000 0.000 0.000
7.720 7.122 6.885 6.649 6.412 6.175 5.787 5.042 5.042 3.552 1.568 1.677 1.627 1.537 1.427 1.077 0.546 0.000 0.000 0.000 0.000 0.000 0.000 0.000 0.000 0.000 0.000 0.000 0.000 0.000 0.000 0.000 0.000 0.000 0.000 0.000 0.000 0.000 0.000 0.000 0.000 0.000 0.000 0.000 0.000 0.000 0.000 0.000 0.000 0.000 0.000 0.000 0.000 0.000 0.000 0.000 0.000 0.000 0.000 0.000 0.000 0.000 0.000 0.000 0.000 0.000 0.000 0.000 0.000 0.000 0.000 0.000 0.000 0.000 0.000 0.000 0.000
8.616 8.006 7.560 7.324 7.087 6.850 6.125 5.380 5.380 3.891 1.668 1.428 1.437 1.487 1.427 1.177 0.607 0.000 0.000 0.000 0.000 0.000 0.000 0.000 0.000 0.000 0.000 0.000 0.000 0.000 0.000 0.000 0.000 0.000 0.000 0.000 0.000 0.000 0.000 0.000 0.000 0.000 0.000 0.000 0.000 0.000 0.000 0.000 0.000 0.000 0.000 0.000 0.000 0.000 0.000 0.000 0.000 0.000 0.000 0.000 0.000 0.000 0.000 0.000 0.000 0.000 0.000 0.000 0.000 0.000 0.000 0.000 0.000 0.000 0.000 0.000 0.000
9.511 8.902 8.292 7.999 7.762 7.209 6.464 5.719 5.719 1.518 1.518 1.538 1.487 1.407 1.347 1.197 0.667 0.000 0.000 0.000 0.000 0.000 0.000 0.142 0.142 0.000 0.000 0.000 0.000 0.000 0.000 0.000 0.000 0.000 0.000 0.000 0.000 0.000 0.000 0.000 0.000 0.000 0.000 0.000 0.000 0.000 0.000 0.000 0.000 0.000 0.000 0.000 0.000 0.000 0.000 0.000 0.000 0.000 0.000 0.000 0.000 0.000 0.000 0.000 0.000 0.000 0.000 0.000 0.000 0.000 0.000 0.000 0.000 0.000 0.000 0.000 0.000
10.407 9.797 9.188 8.674 8.292 7.547 6.802 6.057 6.057 4.568 1.738 1.648 1.668 1.648 1.667 1.357 0.597 0.001 0.000 0.000 0.000 0.000 0.000 0.102 0.102 0.000 0.000 0.000 0.000 0.000 0.000 0.000 0.000 0.000 0.000 0.000 0.000 0.000 0.000 0.000 0.000 0.000 0.000 0.000 0.000 0.000 0.000 0.000 0.000 0.000 0.000 0.000 0.000 0.000 0.000 0.000 0.000 0.000 0.000 0.000 0.000 0.000 0.000 0.000 0.000 0.000 0.000 0.000 0.000 0.000 0.000 0.000 0.000 0.000 0.000 0.000 0.000
10.407 9.797 9.188 8.674 8.292 7.547 6.802 6.057 6.057 4.568 1.738 1.648 1.668 1.648 1.668 1.358 0.597 0.000 0.000 0.000 0.000 0.000 0.000 0.102 0.102 0.000 0.000 0.000 0.000 0.000 0.000 0.000 0.000 0.000 0.000 0.000 0.000 0.000 0.000 0.000 0.000 0.000 0.000 0.000 0.000 0.000 0.000 0.000 0.000 0.000 0.000 0.000 0.000 0.000 0.000 0.000 0.000 0.000 0.000 0.000 0.000 0.000 0.000 0.000 0.000 0.000 0.000 0.000 0.000 0.000 0.000 0.000 0.000 0.000 0.000 0.000 0.000
10.931 10.377 9.822 9.268 8.717 7.938 7.158 6.396 6.396 4.906 4.162 3.417 1.578 1.748 1.578 1.538 1.118 0.157 0.000 0.000 0.000 0.000 0.000 0.001 0.001 0.000 0.000 0.000 0.000 0.000 0.000 0.000 0.000 0.000 0.000 0.000 0.000 0.000 0.000 0.000 0.000 0.000 0.000 0.000 0.000 0.000 0.000 0.000 0.000 0.000 0.000 0.000 0.000 0.000 0.000 0.000 0.000 0.000 0.000 0.000 0.000 0.000 0.000 0.000 0.000 0.000 0.000 0.000 0.000 0.000 0.000 0.000 0.000 0.000 0.000 0.000 0.000
10.964 10.409 9.854 9.646 9.560 8.781 8.002 7.223 7.223 5.665 4.885 4.106 3.327 1.748 1.678 1.688 1.598 0.958 0.051 0.000 0.000 0.000 0.000 0.000 0.000 0.000 0.000 0.000 0.000 0.000 0.000 0.000 0.000 0.000 0.000 0.000 0.000 0.000 0.000 0.000 0.000 0.000 0.000 0.000 0.000 0.000 0.000 0.000 0.000 0.000 0.000 0.000 0.000 0.000 0.000 0.000 0.000 0.000 0.000 0.000 0.000 0.000 0.000 0.000 0.000 0.000 0.000 0.000 0.000 0.000 0.000 0.000 0.000 0.000 0.000 0.000 0.000
11.028 10.473 10.460 10.455 10.450 10.445 9.689 8.910 8.910 7.351 6.572 5.793 4.994 4.188 3.381 2.736 2.215 1.695 1.508 0.718 0.278 0.000 0.000 0.000 0.000 0.000 0.000 0.000 0.000 0.000 0.000 0.000 0.000 0.000 0.000 0.000 0.000 0.000 0.000 0.000 0.000 0.000 0.000 0.000 0.000 0.000 0.000 0.659 0.000 0.000 0.000 0.000 0.000 0.000 0.000 0.000 0.000 0.000 0.000 0.000 0.000 0.000 0.000 0.000 0.000 0.000 0.000 0.000 0.000 0.000 0.000 0.000 0.000 0.000 0.000 0.000 0.000
11.060 10.870 10.865 10.860 10.854 10.849 10.532 9.753 9.753 8.195 7.416 6.626 5.819 5.012 4.206 3.401 2.880 2.360 1.638 1.368 0.668 0.408 0.000 0.000 0.000 0.000 0.000 0.000 0.000 0.000 0.000 0.000 0.000 0.000 0.000 0.000 0.000 0.000 0.000 0.000 0.000 0.000 0.000 0.000 0.000 0.017 0.000 0.099 0.529 0.000 0.000 0.000 0.000 0.000 0.000 0.000 0.000 0.000 0.000 0.000 0.000 0.000 0.000 0.000 0.000 0.000 0.000 0.000 0.000 0.000 0.000 0.000 0.000 0.000 0.000 0.000 0.000
11.280 11.275 11.270 11.264 11.259 11.254 11.248 10.596 10.596 9.038 8.257 7.451 6.644 5.837 5.031 4.224 3.546 3.025 2.505 1.528 1.228 0.828 0.437 0.000 0.001 0.000 0.000 0.000 0.000 0.000 0.000 0.000 0.000 0.000 0.000 0.000 0.000 0.000 0.000 0.000 0.000 0.000 0.000 0.000 0.000 0.000 0.000 0.219 0.000 0.219 0.000 0.000 0.000 0.000 0.000 0.000 0.000 0.000 0.000 0.000 0.000 0.000 0.000 0.000 0.000 0.000 0.000 0.000 0.000 0.000 0.000 0.000 0.000 0.000 0.000 0.000 0.000
11.685 11.679 11.674 11.669 11.664 11.658 11.653 11.440 11.440 9.882 9.082 8.275 7.469 6.662 5.855 5.049 4.242 3.690 3.170 1.668 1.498 1.307 0.637 0.000 0.002 0.000 0.000 0.000 0.000 0.000 0.000 0.000 0.000 0.000 0.000 0.000 0.000 0.000 0.000 0.000 0.000 0.000 0.000 0.000 0.000 0.000 0.000 0.549 0.219 0.000 0.000 0.000 0.000 0.000 0.000 0.000 0.000 0.000 0.000 0.000 0.000 0.000 0.000 0.000 0.000 0.000 0.000 0.000 0.000 0.000 0.000 0.000 0.000 0.000 0.000 0.000 0.000
12.089 12.084 12.079 12.074 12.068 12.063 12.058 12.053 12.053 10.714 9.907 9.100 8.294 7.487 6.680 5.874 5.067 4.355 3.835 3.303 1.617 1.548 1.058 0.628 0.628 0.000 0.000 0.000 0.000 0.000 0.000 0.000 0.000 0.000 0.000 0.000 0.000 0.000 0.000 0.000 0.000 0.000 0.000 0.000 0.000 0.000 0.000 0.539 0.669 0.279 0.000 0.000 0.000 0.000 0.000 0.000 0.000 0.000 0.000 0.000 0.000 0.000 0.000 0.000 0.000 0.000 0.000 0.000 0.000 0.000 0.000 0.000 0.000 0.000 0.000 0.000 0.000
11.959 12.027 12.095 12.163 12.232 12.300 12.368 12.436 12.436 11.539 10.732 9.925 9.118 8.312 7.505 6.698 5.892 5.085 4.500 3.807 3.042 1.588 1.127 0.817 0.817 0.000 0.000 0.000 0.000 0.000 0.000 0.000 0.000 0.000 0.000 0.000 0.000 0.000 0.000 0.000 0.000 0.000 0.000 0.000 0.000 0.000 0.000 0.000 0.809 0.649 0.309 0.199 0.000 0.000 0.000 0.000 0.000 0.000 0.000 0.000 0.000 0.000 0.000 0.000 0.000 0.000 0.000 0.000 0.000 0.000 0.000 0.000 0.000 0.000 0.000 0.000 0.000
11.325 11.394 11.462 11.530 11.598 11.666 11.734 11.803 11.803 11.946 11.180 10.414 9.649 8.884 8.118 7.353 6.588 5.822 5.089 4.311 3.546 2.781 1.377 1.057 1.057 0.000 0.000 0.000 0.000 0.000 0.000 0.000 0.000 0.000 0.000 0.000 0.000 0.000 0.000 0.000 0.000 0.000 0.000 0.000 0.000 0.000 0.000 0.000 0.699 0.329 0.189 0.349 0.199 0.000 0.000 0.000 0.000 0.000 0.000 0.000 0.000 0.000 0.000 0.000 0.000 0.000 0.000 0.000 0.000 0.000 0.000 0.000 0.000 0.000 0.000 0.045 0.002
10.692 10.760 10.828 10.896 10.964 11.032 11.101 11.348 11.347 12.275 11.520 10.755 9.989 9.224 8.458 7.693 6.928 6.175 5.638 4.956 4.172 3.388 2.605 1.487 1.487 0.088 0.000 0.000 0.000 0.000 0.000 0.000 0.000 0.000 0.000 0.000 0.000 0.000 0.000 0.000 0.000 0.000 0.000 0.000 0.000 0.000 0.000 0.000 0.000 0.000 0.020 0.189 0.109 0.039 0.000 0.000 0.000 0.000 0.000 0.000 0.000 0.000 0.228 0.418 0.005 0.162 0.272 0.000 0.545 0.000 0.000 0.000 0.003 0.001 0.105 0.001 0.000
10.020 10.126 10.195 10.263 10.331 10.399 10.521 10.985 10.985 11.912 11.860 11.095 10.329 9.564 8.799 8.033 7.268 6.672 6.135 5.597 4.822 4.039 3.255 2.472 2.472 0.867 0.000 0.000 0.000 0.000 0.000 0.000 0.000 0.000 0.000 0.000 0.000 0.000 0.000 0.000 0.000 0.000 0.000 0.000 0.046 0.186 0.000 0.226 0.000 0.000 0.084 0.000 0.000 0.000 0.044 0.002 0.000 0.234 0.244 0.002 0.000 0.000 0.000 0.000 0.000 0.000 0.072 0.002 0.295 0.000 0.000 0.000 0.000 0.000 0.000 0.033 0.132
9.250 9.493 9.561 9.629 9.697 9.765 10.159 10.622 10.622 11.550 12.013 11.435 10.669 9.904 9.139 8.373 7.707 7.170 6.632 6.095 5.473 4.689 3.906 3.122 3.122 1.555 0.857 0.097 0.003 0.000 0.000 0.000 0.000 0.000 0.000 0.000 0.000 0.000 0.000 0.000 0.000 0.000 0.000 0.096 0.106 0.176 0.156 0.186 0.000 0.642 0.672 0.332 0.572 0.082 0.000 0.001 0.000 0.000 0.001 0.122 0.082 0.000 0.033 0.000 0.000 0.008 0.004 0.001 0.000 0.000 0.000 0.002 0.000 0.000 0.000 0.000 0.372
8.481 8.785 8.927 8.995 9.064 9.332 9.796 10.260 10.260 11.188 11.651 11.774 11.009 10.244 9.479 8.742 8.205 7.667 7.130 6.592 6.055 5.340 4.556 3.773 3.772 2.205 1.624 1.586 1.216 0.796 0.526 0.003 0.000 0.000 0.000 0.000 0.000 0.000 0.000 0.000 0.000 0.000 0.156 0.266 0.126 0.036 0.256 0.075 0.000 0.006 0.862 0.482 0.442 0.262 0.422 0.302 0.302 0.322 0.292 0.422 0.302 0.342 0.072 0.282 0.242 0.202 0.242 0.001 0.000 0.000 0.000 0.086 0.176 0.176 0.002 0.112 0.582
7.712 8.016 8.294 8.362 8.506 8.970 9.434 9.897 9.897 10.825 11.289 11.752 11.349 10.584 9.819 9.239 8.702 8.164 7.627 7.089 6.552 5.990 5.207 4.423 4.423 2.950 2.558 2.165 1.773 1.382 1.496 1.116 0.496 0.003 0.000 0.000 0.000 0.000 0.000 0.000 0.000 0.026 0.276 0.166 0.275 0.295 0.002 0.255 0.049 0.033 0.242 0.522 0.842 0.772 0.512 0.342 0.342 0.772 0.582 0.562 0.642 0.542 0.502 0.532 0.292 0.392 0.582 0.142 0.302 0.000 0.000 0.003 0.000 0.000 0.023 0.442 0.772
6.942 7.247 7.551 7.728 8.144 8.607 9.071 9.535 9.535 10.462 10.926 11.390 11.689 10.924 10.274 9.737 9.199 8.662 8.124 7.587 7.049 6.512 5.857 5.073 5.073 3.883 3.491 3.099 2.707 2.315 1.923 1.531 1.596 1.046 0.356 0.002 0.000 0.000 0.000 0.000 0.000 0.066 0.007 0.266 0.135 0.385 0.215 0.165 0.014 0.066 0.762 0.992 1.102 1.142 0.652 0.582 0.582 0.392 0.682 0.582 0.662 0.662 0.632 0.612 0.632 0.842 0.742 0.352 0.592 0.672 0.332 0.072 0.152 0.152 0.052 0.512 0.772
6.942 7.247 7.551 7.728 8.144 8.607 9.071 9.535 9.535 10.462 10.926 11.390 11.689 10.924 10.274 9.737 9.199 8.662 8.124 7.587 7.049 6.512 5.857 5.073 5.073 3.883 3.491 3.099 2.707 2.315 1.923 1.531 1.596 1.045 0.355 0.000 0.000 0.000 0.000 0.000 0.000 0.066 0.007 0.266 0.135 0.385 0.215 0.165 0.014 0.065 0.762 0.992 1.102 1.142 0.652 0.582 0.582 0.392 0.682 0.582 0.662 0.662 0.632 0.612 0.632 0.842 0.742 0.352 0.592 0.672 0.332 0.072 0.152 0.152 0.052 0.512 0.772
6.531 6.805 7.079 7.331 7.785 8.248 8.711 9.174 9.174 10.100 10.564 11.027 11.491 11.309 10.771 10.234 9.696 9.159 8.621 8.084 7.546 7.009 6.471 5.724 5.724 4.817 4.425 4.033 3.641 3.249 2.857 2.465 2.073 1.681 1.395 0.845 0.215 0.000 0.000 0.000 0.000 0.086 0.216 0.266 0.046 0.002 0.010 0.085 0.000 0.025 0.462 0.972 1.102 1.052 0.782 0.912 0.912 0.712 0.782 0.862 0.742 0.852 0.832 0.792 0.862 0.852 1.012 0.672 0.652 0.652 0.922 0.532 0.592 0.592 0.782 0.782 0.942
6.339 6.613 6.879 7.112 7.433 7.896 8.359 8.822 8.822 9.748 10.211 10.674 11.137 11.377 10.875 10.373 9.871 9.370 8.868 8.366 7.864 7.362 6.860 6.516 6.516 5.743 5.357 4.967 4.575 4.183 3.791 3.399 3.007 2.615 2.223 1.345 1.005 0.285 0.000 0.000 0.000 0.000 0.000 0.005 0.000 0.001 0.153 0.001 0.000 0.000 0.013 0.672 1.222 1.152 0.832 1.022 1.022 1.182 1.082 0.642 0.832 0.982 0.852 0.902 0.652 0.752 0.952 0.732 1.532 1.072 0.922 0.752 0.812 0.812 0.902 0.932 1.172
5.954 6.208 6.441 6.674 6.907 7.193 7.656 8.119 8.118 9.044 9.507 9.874 10.110 10.346 10.583 10.120 9.618 9.116 8.614 8.112 7.610 7.109 7.171 7.452 7.452 7.298 6.911 6.525 6.138 5.752 5.366 4.979 4.593 4.228 3.869 3.204 2.438 1.745 0.905 0.425 0.426 0.000 0.000 0.064 0.044 0.000 0.000 0.345 0.055 0.000 0.000 0.000 1.282 1.252 1.182 0.962 0.962 1.382 0.892 1.002 1.002 0.982 0.942 0.722 0.892 0.892 0.992 0.982 0.712 0.882 1.022 1.112 0.902 0.902 1.272 1.242 1.102
5.756 5.989 6.222 6.455 6.688 6.921 7.304 7.767 7.767 8.693 9.116 9.352 9.588 9.825 10.061 9.993 9.491 8.989 8.487 7.985 7.484 7.280 7.561 7.842 7.842 8.075 7.688 7.302 6.916 6.529 6.143 5.757 5.398 5.039 4.681 3.985 3.219 2.453 1.745 0.905 0.905 0.000 0.000 0.000 0.074 0.064 0.154 0.000 0.000 0.000 0.000 0.082 1.282 1.332 1.232 1.062 1.062 1.032 0.942 0.922 0.932 0.932 1.062 1.102 0.912 1.052 1.012 1.152 0.632 0.972 1.182 0.892 1.152 1.152 1.072 1.132 1.202
5.537 5.770 6.003 6.236 6.469 6.702 6.952 7.415 7.415 8.341 8.595 8.831 9.067 9.303 9.540 9.776 9.364 8.862 8.360 7.859 7.388 7.670 7.950 8.232 8.231 8.794 8.465 8.079 7.693 7.306 6.927 6.568 6.210 5.851 5.493 4.767 4.000 3.234 2.468 1.455 1.455 0.535 0.000 0.000 0.000 0.114 0.000 0.000 0.053 0.000 0.000 0.000 0.762 1.362 1.372 1.352 1.352 1.042 1.232 1.112 1.222 1.172 1.032 0.782 0.962 1.172 0.862 1.052 0.412 0.922 1.012 0.932 1.152 1.152 1.272 1.242 1.352
5.319 5.552 5.784 6.017 6.250 6.483 6.716 7.063 7.063 7.837 8.073 8.309 8.546 8.782 9.018 9.254 9.237 8.735 8.233 7.732 7.778 8.059 8.340 8.621 8.621 9.183 9.243 8.856 8.470 8.097 7.738 7.380 7.021 6.663 6.304 5.548 4.781 4.015 3.249 2.482 2.482 0.945 0.000 0.000 0.000 0.000 0.241 0.000 0.033 0.053 0.000 0.132 0.662 1.392 1.422 1.372 1.372 1.322 0.972 1.182 1.192 1.252 1.042 1.192 1.092 1.142 1.212 0.952 0.792 1.262 1.212 0.972 0.642 0.642 0.962 1.052 1.332
5.100 5.333 5.565 5.798 6.031 6.264 6.497 6.730 6.730 7.315 7.552 7.788 8.024 8.260 8.496 8.733 8.969 8.609 8.107 7.887 8.168 8.449 8.730 9.011 9.011 9.573 9.854 9.633 9.267 8.909 8.550 8.191 7.833 7.474 7.095 6.329 5.563 4.796 4.030 3.264 3.264 0.675 0.755 0.564 0.134 0.000 0.000 0.193 0.013 0.023 0.000 0.000 0.292 1.492 1.232 1.342 1.342 1.152 1.142 1.102 1.132 1.192 1.172 1.192 0.982 1.192 1.012 1.092 1.102 1.052 1.172 1.112 0.692 0.692 1.062 1.212 1.422
4.980 5.209 5.438 5.668 5.897 6.126 6.356 6.550 6.550 6.802 7.034 7.266 7.503 7.739 7.975 8.211 8.447 8.482 7.995 8.276 8.557 8.838 9.119 9.400 9.400 9.860 10.049 10.243 10.079 9.720 9.362 9.003 8.645 8.286 7.876 7.110 6.344 5.577 4.811 4.045 4.045 2.508 1.684 1.154 0.684 0.184 0.000 0.000 0.000 0.000 0.000 0.000 0.000 1.552 1.552 1.372 1.372 1.172 1.112 1.192 1.292 1.032 1.312 1.052 0.932 1.102 1.292 0.952 1.032 1.162 2.002 2.372 1.242 1.242 1.222 0.872 1.342
4.877 5.106 5.336 5.565 5.794 6.024 6.253 6.224 6.224 6.306 6.538 6.770 7.002 7.234 7.466 7.698 7.930 8.162 8.349 8.538 8.728 8.918 9.108 9.298 9.298 9.677 9.867 10.062 10.259 10.456 10.173 9.815 9.456 9.098 8.658 7.891 7.125 6.359 5.592 4.817 4.817 3.169 2.346 1.850 1.264 0.814 0.584 0.000 0.000 0.000 0.000 0.000 0.000 1.462 1.462 1.452 1.452 1.182 1.142 1.042 1.032 1.042 1.212 1.092 1.102 1.932 0.602 0.482 0.562 0.392 0.482 0.342 0.872 0.872 1.192 1.052 1.292
4.775 5.004 5.233 5.463 5.692 5.921 6.021 5.898 5.898 5.809 6.041 6.273 6.506 6.737 6.970 7.202 7.436 7.725 8.079 8.356 8.546 8.736 8.926 9.116 9.115 9.495 9.685 9.882 10.079 10.276 10.473 10.627 10.268 9.909 9.439 8.672 7.906 7.126 6.302 5.478 5.478 3.831 3.007 2.556 2.115 1.194 0.864 0.823 0.016 0.000 0.000 0.000 0.000 0.972 1.412 1.502 1.502 1.312 1.682 0.932 1.572 0.542 0.262 0.352 0.412 0.792 0.752 0.892 1.052 0.532 0.322 0.432 0.752 0.752 0.682 0.422 1.432
4.905 4.901 5.131 5.360 5.590 5.818 5.695 5.572 5.572 5.327 5.545 5.777 6.009 6.241 6.473 6.730 7.019 7.308 7.669 8.040 8.364 8.554 8.743 8.933 8.933 9.313 9.504 9.701 9.898 10.095 10.292 10.489 10.686 10.721 10.220 9.435 8.611 7.787 6.963 6.140 6.140 4.492 3.701 3.261 2.821 1.404 1.103 1.143 0.963 0.433 0.000 0.000 0.000 0.112 1.752 0.702 0.702 0.013 0.872 0.692 0.612 0.562 0.772 1.432 0.902 0.882 0.822 0.432 1.042 1.132 0.852 0.942 0.722 0.722 0.882 0.932 1.102
5.096 4.896 5.028 5.258 5.487 5.492 5.369 5.246 5.246 5.001 5.048 5.280 5.513 5.745 6.025 6.313 6.602 6.891 7.259 7.630 8.001 8.371 8.561 8.751 8.751 9.131 9.324 9.520 9.717 9.914 10.111 10.308 10.505 10.675 10.710 10.096 9.272 8.449 7.625 6.801 6.801 5.154 4.406 3.966 3.526 3.086 1.693 1.543 0.973 1.043 0.423 0.000 0.000 0.000 1.392 1.502 1.502 1.342 1.282 0.462 0.672 1.012 0.662 0.292 1.492 1.322 0.352 0.392 0.652 0.992 1.052 1.032 1.442 1.442 0.772 0.832 0.942
