includes/camargue/floodfiles/results_R3_t1.562344836599E12/res-0005.wdfp
ncols         906
nrows         631
xllcorner     362177.146667
yllcorner     6534725.688020
cellsize      20.000000
NODATA_value  -9999.000000
[rows 306 to 339 of 631, columns 693 to 769 of 906]
1.763 1.453 1.013 0.813 0.842 0.271 1.119 1.189 1.189 0.829 1.068 0.958 0.928 0.847 1.027 0.707 0.096 1.036 1.336 1.106 1.145 1.005 0.805 0.675 0.674 0.544 0.954 1.164 0.282 0.901 1.070 0.629 1.389 1.619 0.868 0.838 0.797 0.916 0.140 1.087 1.087 0.000 0.944 1.044 0.198 0.689 1.419 0.639 0.750 0.779 0.759 0.679 0.889 0.759 0.579 1.099 2.070 2.070 0.800 0.981 1.231 1.431 0.003 1.181 1.251 0.939 1.339 0.509 0.846 0.746 0.345 0.754 0.583 0.581 0.262 0.761 0.719
0.833 0.713 0.833 0.932 1.782 0.371 1.169 1.209 1.209 0.749 0.129 0.000 0.000 0.927 1.037 1.027 0.996 1.156 0.436 0.536 1.085 0.785 0.515 0.794 0.794 1.264 0.784 0.684 1.214 0.084 1.209 1.499 0.849 0.909 0.948 1.058 0.968 0.000 0.887 0.927 0.927 1.997 0.000 0.390 1.271 0.751 1.560 0.500 1.071 1.401 0.730 0.640 0.750 0.910 0.670 0.141 0.271 0.271 1.001 0.861 1.251 0.761 0.632 0.972 1.332 0.000 1.050 0.940 0.598 0.638 0.618 0.455 0.333 0.331 0.418 0.000 0.403
2.173 2.223 2.213 2.363 0.962 0.441 1.339 1.239 1.239 0.919 1.079 1.118 1.008 1.077 0.507 0.397 0.396 1.026 0.786 0.836 0.795 0.935 0.965 1.384 1.384 0.414 0.874 0.554 0.944 0.001 0.959 1.259 0.839 0.949 0.718 1.498 0.528 0.005 0.897 0.000 0.000 0.527 0.000 0.642 1.402 0.952 0.851 0.691 1.491 1.241 0.661 0.711 1.021 0.751 0.411 0.533 0.594 0.594 0.493 0.493 0.663 0.513 0.873 1.112 1.292 1.202 1.051 0.991 0.191 0.780 0.860 0.200 0.053 0.052 0.000 0.002 0.160
0.903 2.023 1.943 0.852 2.222 0.631 1.149 1.149 1.149 0.979 1.109 0.298 0.398 0.657 1.107 0.507 0.576 0.696 0.796 0.486 1.085 1.255 0.195 0.784 0.784 0.824 1.034 0.984 1.004 0.000 0.929 0.899 0.669 0.279 0.169 0.898 0.003 0.652 0.158 0.777 0.777 0.137 0.000 0.622 1.362 1.402 1.442 0.792 1.392 0.762 1.052 1.032 1.411 1.081 0.000 1.514 0.894 0.894 0.844 1.184 1.234 1.264 1.214 0.453 1.133 1.413 0.000 1.063 0.873 0.692 0.912 0.412 0.000 0.000 0.000 0.000 0.457
1.183 1.343 1.903 0.452 0.821 1.600 0.779 1.169 1.169 0.319 0.000 0.000 0.000 0.000 0.907 0.667 0.003 0.906 1.176 1.046 0.995 0.975 0.874 0.834 0.834 1.024 0.974 0.884 0.844 0.001 0.463 0.263 0.080 0.079 1.119 0.429 0.979 0.176 0.000 0.787 0.787 0.686 1.354 0.523 1.413 0.883 1.013 1.573 1.123 0.533 1.573 0.783 0.383 0.000 2.105 0.755 0.455 0.455 1.285 1.335 1.305 0.995 0.885 0.684 1.253 1.424 0.104 1.023 1.173 0.463 0.903 0.353 0.000 0.000 0.000 0.000 0.567
1.133 1.123 1.623 0.000 1.331 1.070 0.379 1.119 1.119 0.000 0.000 0.000 0.000 0.000 0.937 1.197 1.126 1.176 0.806 1.146 1.255 0.705 1.174 0.994 0.994 0.734 1.014 1.054 0.823 0.350 0.967 0.476 0.051 1.869 0.699 1.189 0.329 0.000 0.521 0.359 0.358 0.746 2.004 1.464 1.443 1.273 1.153 1.323 1.024 0.604 1.214 0.654 1.075 2.255 0.405 0.925 1.305 1.305 1.445 1.195 1.365 1.255 1.255 0.785 0.225 1.245 1.445 1.064 0.994 0.454 0.814 0.464 0.000 0.000 0.305 0.175 0.747
1.003 1.323 1.693 0.572 0.401 0.720 0.819 1.259 1.259 0.169 0.000 1.037 1.237 1.207 1.227 1.066 0.896 0.866 1.116 1.416 0.255 0.674 0.914 0.774 0.774 1.044 1.004 0.863 0.993 0.400 0.707 0.857 0.321 1.359 1.499 0.609 0.000 0.874 0.532 0.550 0.549 0.628 0.516 0.284 0.654 0.524 0.704 0.835 1.105 0.694 1.524 0.314 1.486 0.306 1.106 0.626 1.256 1.256 0.316 0.556 0.566 1.296 0.876 1.096 0.526 1.325 1.445 0.055 1.195 0.835 0.595 0.245 0.000 0.000 0.000 0.325 0.000
0.923 1.553 1.952 1.532 1.512 0.401 0.929 1.109 1.109 0.998 0.998 1.147 1.057 1.247 0.987 0.836 1.076 1.516 1.086 1.026 0.215 0.194 1.014 0.974 0.974 1.044 0.894 0.983 0.833 0.340 0.888 0.000 0.380 0.719 1.069 0.000 0.635 0.734 0.373 0.561 0.560 0.980 0.000 0.000 0.396 0.306 0.566 0.796 1.517 0.506 0.396 0.000 2.056 0.536 0.787 1.357 0.667 0.667 1.467 1.117 1.377 1.186 1.156 1.306 1.146 1.176 1.296 0.526 1.175 0.965 0.775 0.275 0.000 0.000 0.000 0.005 0.497
0.923 1.552 1.952 1.532 1.512 0.401 0.929 1.109 1.109 0.998 0.998 1.147 1.057 1.247 0.987 0.836 1.076 1.516 1.086 1.026 0.215 0.194 1.014 0.974 0.974 1.044 0.893 0.983 0.833 0.340 0.888 0.000 0.380 0.719 1.069 0.000 0.635 0.735 0.374 0.561 0.560 0.980 0.000 0.001 0.397 0.308 0.568 0.798 1.518 0.508 0.398 0.000 2.056 0.537 0.787 1.357 0.667 0.667 1.467 1.117 1.377 1.187 1.157 1.307 1.146 1.176 1.296 0.526 1.176 0.966 0.776 0.276 0.000 0.000 0.000 0.009 0.497
0.813 1.732 1.732 1.692 1.512 0.361 0.629 0.001 0.001 1.378 1.118 1.187 0.927 1.087 0.987 1.536 1.456 1.206 1.106 0.685 0.904 0.744 0.584 0.754 0.754 0.913 1.033 1.063 0.271 0.299 0.798 0.727 0.000 0.389 0.759 0.659 0.588 0.328 0.737 0.255 0.253 0.900 0.012 0.000 0.300 0.550 0.589 1.049 1.599 1.209 1.599 2.489 0.319 0.938 0.838 0.708 0.878 0.878 0.608 0.977 0.847 1.117 1.197 1.237 1.227 0.637 0.636 0.796 0.437 1.006 0.756 0.776 0.001 0.000 0.000 0.000 0.024
0.803 1.532 0.242 1.652 1.572 0.191 0.170 0.120 0.120 0.939 0.528 1.247 0.777 1.147 1.297 0.906 1.066 0.926 0.076 0.875 0.804 0.344 0.914 0.604 0.604 1.053 0.000 0.000 0.528 0.808 0.158 0.637 0.647 0.000 0.340 0.740 0.570 1.070 0.469 1.069 1.069 0.002 1.435 0.000 1.223 0.452 0.501 1.140 0.930 0.610 0.730 0.560 1.301 0.810 0.140 0.490 0.980 0.979 1.338 1.348 1.088 1.378 1.148 1.138 0.568 0.339 0.389 0.130 0.650 0.488 0.457 0.110 0.000 0.000 0.072 0.006 0.728
0.452 1.152 0.042 1.502 1.542 0.004 0.641 0.850 0.850 1.500 0.000 0.547 0.927 1.497 0.857 1.056 0.086 0.836 0.986 0.214 0.964 0.624 0.884 0.063 0.063 0.683 0.122 0.041 0.778 0.858 0.928 0.927 0.777 0.516 0.833 0.401 0.650 0.770 0.229 0.929 0.929 0.000 0.000 1.216 0.645 0.834 0.814 0.772 0.652 0.222 0.952 1.012 0.623 0.453 0.773 1.042 1.221 1.221 0.072 0.000 0.428 0.908 0.929 0.650 0.781 0.542 0.462 0.493 0.774 0.244 0.000 0.812 0.542 0.543 0.753 1.223 0.140
2.163 1.203 0.000 1.492 1.572 0.352 0.861 0.471 0.470 2.010 0.499 0.857 0.707 1.257 1.056 0.736 0.776 0.976 0.000 0.973 1.043 0.913 0.893 0.000 0.000 0.672 0.652 0.411 0.109 0.708 0.938 0.777 0.977 1.036 0.254 0.932 0.641 0.471 1.051 0.510 0.509 1.188 1.148 0.757 0.716 0.665 1.125 0.444 0.554 2.254 0.554 0.844 1.094 0.934 1.195 0.384 0.764 0.765 0.878 0.999 0.000 0.322 1.161 0.622 0.794 0.624 0.235 0.000 0.660 0.971 1.322 0.652 0.512 0.513 0.893 0.653 0.613
2.252 0.902 0.003 1.522 0.872 0.502 0.861 0.691 0.690 0.680 1.380 0.488 0.547 0.537 1.056 0.316 1.046 0.002 1.083 0.783 0.993 0.813 1.013 0.893 0.893 0.572 0.522 0.920 0.800 0.749 0.028 0.807 1.127 1.036 0.855 0.553 0.801 1.231 0.881 0.740 0.739 0.368 0.638 1.037 0.647 1.036 0.756 0.426 2.305 0.265 0.935 1.005 1.435 0.915 1.006 0.946 0.477 0.477 0.779 1.129 1.230 1.140 0.387 0.517 1.356 0.588 1.501 0.621 1.442 0.482 0.752 1.252 0.743 0.743 0.763 1.233 0.703
2.302 0.922 0.222 1.422 0.222 1.652 2.051 0.371 0.371 0.721 1.011 0.068 0.737 0.536 0.476 1.086 0.000 1.093 0.823 0.953 0.833 0.823 0.773 0.313 0.313 0.842 0.032 0.210 0.480 1.089 0.779 0.538 0.167 0.157 0.965 1.215 0.154 0.492 1.031 0.290 0.289 1.019 0.809 0.208 0.978 0.648 0.018 2.491 0.358 1.055 0.945 0.985 1.075 1.155 0.927 0.877 0.718 0.719 1.230 0.510 1.110 1.120 0.981 1.031 0.410 0.580 1.321 0.692 1.452 1.562 0.662 1.053 0.833 0.833 0.633 0.983 0.823
2.202 1.272 0.692 1.092 0.362 1.502 0.542 0.000 0.000 1.041 0.991 0.098 0.346 0.746 0.656 0.255 0.364 0.753 0.983 0.963 0.763 0.933 0.923 0.843 0.842 1.072 1.062 1.041 0.410 0.420 0.589 0.528 0.998 1.018 0.207 0.116 0.936 1.036 0.203 0.240 0.240 0.409 0.679 0.599 0.540 0.731 2.311 1.341 0.891 0.120 0.040 0.001 0.219 0.239 0.989 0.709 0.749 0.750 1.280 0.781 1.121 0.681 0.931 1.121 1.162 1.112 0.512 0.332 1.362 1.323 1.393 1.393 0.483 0.483 1.193 1.433 0.163
2.212 1.322 0.652 1.582 0.702 0.882 0.602 0.000 0.000 1.261 1.101 0.004 0.497 0.396 0.476 0.505 0.424 0.344 0.793 0.683 0.913 1.093 0.853 0.833 0.832 0.712 0.681 0.761 0.940 1.190 0.289 0.219 0.508 1.338 0.888 1.237 1.277 0.466 0.906 0.000 0.000 0.223 0.163 0.000 0.992 1.412 0.572 0.602 0.972 1.043 0.873 0.853 0.753 0.802 0.841 0.631 0.481 0.481 0.892 1.382 1.762 1.992 2.072 0.000 1.072 1.092 1.133 0.943 1.033 1.143 0.983 0.723 0.000 0.000 0.964 1.134 0.274
2.332 1.432 0.912 0.942 1.522 1.852 0.422 0.842 0.842 0.961 0.931 0.660 0.477 0.546 0.485 0.415 0.394 0.284 0.603 1.133 0.803 0.893 0.863 0.153 0.152 0.842 0.781 0.111 0.530 0.690 1.029 1.049 0.989 0.508 0.678 0.977 0.067 2.096 0.016 1.297 1.297 1.897 1.437 0.234 2.152 0.712 0.573 0.563 0.763 0.943 0.973 0.903 0.953 1.033 0.663 0.793 0.883 0.883 1.083 0.663 1.223 0.993 0.803 0.443 1.833 0.000 0.903 1.043 1.393 0.563 1.204 1.614 1.664 1.664 0.964 0.504 0.000
2.112 1.372 0.692 0.462 1.642 0.372 0.182 0.772 0.772 1.042 0.882 0.061 0.002 0.636 0.635 0.465 0.484 0.544 0.853 0.433 0.563 0.673 0.583 0.393 0.392 0.291 0.631 0.821 1.091 0.220 0.560 0.929 1.139 0.648 0.688 0.607 2.428 0.000 1.277 1.247 1.247 0.087 0.000 2.104 0.733 0.933 0.913 0.743 0.923 1.153 1.273 1.173 1.433 1.753 0.893 0.853 0.973 0.973 1.233 1.143 1.173 1.003 1.193 0.934 1.554 0.974 1.594 0.264 0.814 0.424 1.194 0.864 1.034 1.034 1.564 1.424 1.184
1.672 1.282 0.532 0.612 1.012 0.212 1.102 0.992 0.992 0.872 1.032 0.001 0.000 0.000 0.000 0.564 0.784 1.044 0.544 0.453 0.573 0.233 0.002 0.083 0.083 0.801 1.121 0.571 0.961 0.991 1.101 0.330 0.729 0.000 0.378 2.258 2.158 1.908 1.047 0.607 0.607 1.406 0.766 0.685 1.274 1.214 1.404 1.304 1.274 0.883 1.263 1.353 0.983 1.403 1.643 1.053 1.523 1.523 1.053 1.363 1.044 1.234 1.094 1.404 1.574 1.644 1.574 0.524 1.344 0.484 0.834 0.644 1.354 1.354 0.704 0.000 0.734
1.472 1.092 1.232 0.732 0.232 1.942 0.053 0.873 0.873 0.632 0.202 0.000 0.000 0.113 0.103 0.000 0.154 0.894 1.184 0.133 0.014 1.564 2.254 0.784 0.784 0.242 1.381 1.351 0.631 0.901 1.021 0.921 0.007 2.188 0.888 1.438 1.508 0.438 0.717 1.287 1.287 0.467 0.836 1.185 0.314 1.174 1.844 1.314 1.314 0.864 0.374 0.413 1.173 1.143 1.703 0.844 0.824 0.824 0.894 1.334 1.364 1.074 1.524 1.604 1.464 1.804 1.844 1.794 1.634 1.835 1.455 0.865 1.274 1.274 1.294 1.285 1.095
0.072 0.000 0.145 2.942 0.000 0.000 0.828 1.854 1.854 0.000 0.000 0.002 0.252 0.041 0.000 0.000 0.000 0.000 0.000 0.000 0.164 2.674 0.214 0.824 0.824 1.414 0.000 1.371 1.361 0.351 0.611 0.000 2.271 0.000 1.418 0.678 0.318 0.328 0.747 0.607 0.607 0.957 0.626 1.555 1.485 1.705 0.684 0.434 1.044 1.314 1.234 1.084 0.854 0.114 0.934 1.434 1.344 1.344 1.664 0.894 1.224 1.554 0.964 1.724 1.154 1.354 1.344 0.664 0.855 1.985 1.555 1.185 0.325 0.325 0.505 1.005 1.245
0.000 0.000 2.515 0.003 0.566 0.000 1.193 0.103 0.103 3.126 1.206 0.000 0.000 0.437 3.158 0.008 0.000 0.000 0.804 2.424 2.324 0.324 0.594 0.614 0.614 1.424 0.214 0.192 1.431 1.271 0.151 2.531 0.000 1.331 0.499 0.728 1.138 0.448 1.238 0.948 0.948 1.467 1.157 0.727 0.000 0.615 1.574 1.334 1.004 0.194 0.454 1.374 1.334 1.515 0.664 1.284 1.014 1.014 1.025 1.095 1.555 0.845 1.654 0.684 1.714 1.204 0.195 0.825 0.585 0.765 1.265 1.085 1.245 1.245 1.035 1.145 0.535
0.000 0.076 2.405 0.735 0.826 0.515 1.095 0.795 0.796 0.896 0.556 0.306 0.797 0.117 0.000 0.003 3.434 2.854 0.000 0.114 0.494 0.444 0.594 0.814 0.814 0.284 2.114 0.133 0.013 0.411 2.351 0.541 0.811 1.621 0.680 0.469 0.278 0.618 0.658 0.958 0.958 0.508 0.487 1.107 1.127 1.067 0.207 0.076 1.615 1.525 1.175 0.045 0.105 1.495 0.985 1.255 0.895 0.895 1.075 0.835 1.115 1.545 0.795 0.915 1.524 0.000 1.346 1.436 1.486 1.306 1.115 1.145 1.095 1.095 1.145 1.135 0.485
0.000 0.076 2.405 0.735 0.825 0.515 1.095 0.795 0.795 0.896 0.556 0.306 0.797 0.117 0.000 0.003 3.434 2.854 0.000 0.114 0.494 0.444 0.594 0.814 0.814 0.284 2.114 0.134 0.013 0.411 2.351 0.541 0.811 1.621 0.680 0.470 0.278 0.618 0.658 0.958 0.958 0.508 0.488 1.108 1.128 1.068 0.207 0.076 1.615 1.525 1.175 0.045 0.105 1.495 0.985 1.255 0.895 0.895 1.075 0.835 1.115 1.545 0.795 0.915 1.524 0.000 1.346 1.436 1.486 1.306 1.116 1.145 1.095 1.095 1.145 1.135 0.485
0.000 0.256 0.000 0.755 0.596 0.306 0.836 0.000 0.000 0.346 0.766 0.437 0.487 0.727 0.937 0.000 2.824 0.000 0.814 0.844 0.614 0.684 0.734 0.804 0.804 0.674 1.574 0.094 0.622 2.031 1.051 0.651 1.481 0.661 0.620 0.290 0.478 0.648 0.878 0.898 0.898 0.658 0.938 1.048 0.208 1.238 1.328 0.758 0.407 0.001 0.786 1.266 1.116 0.996 0.975 1.356 1.106 1.106 1.446 1.586 1.626 1.246 0.686 1.515 0.000 1.327 1.297 1.446 0.516 0.756 0.996 1.066 1.035 1.035 0.725 1.055 1.225
0.726 2.366 0.426 0.675 0.916 1.256 0.926 1.006 1.006 0.116 0.596 0.437 0.547 0.617 0.787 0.000 2.984 0.644 0.464 0.524 0.424 0.774 0.454 0.764 0.764 0.714 0.744 2.764 0.573 0.000 0.472 1.832 0.631 0.481 0.361 0.000 0.759 1.109 0.568 0.538 0.538 0.788 0.528 0.948 1.048 0.728 0.558 0.378 1.328 1.258 1.238 0.016 0.246 1.216 0.686 1.426 1.226 1.226 1.036 0.866 1.626 0.727 1.347 0.297 1.517 1.477 1.317 0.000 0.457 0.377 0.357 0.936 0.014 0.014 0.496 0.366 0.416
0.000 0.216 0.306 1.726 0.296 0.746 0.096 0.946 0.946 0.676 0.856 0.807 0.627 0.827 0.497 0.000 3.304 0.954 1.034 0.974 1.054 0.734 0.574 0.744 0.744 0.684 0.314 0.174 0.064 0.513 0.713 0.803 0.502 0.000 0.139 1.289 1.179 0.459 0.879 0.749 0.749 1.349 0.529 0.498 0.608 0.848 0.678 0.728 0.938 0.668 1.048 0.778 0.687 1.337 0.596 0.976 1.976 1.976 1.016 1.327 1.407 0.507 1.517 1.438 1.538 0.068 1.378 1.458 1.358 1.538 1.508 1.117 1.447 1.447 1.517 1.426 1.306
1.505 0.226 0.395 1.735 1.006 0.736 0.566 0.926 0.926 0.786 0.906 0.656 0.897 0.647 0.397 0.000 3.094 1.184 1.044 0.934 1.124 0.734 0.554 0.504 0.504 0.704 0.574 0.784 0.734 1.064 0.893 1.003 0.162 0.629 1.189 1.359 0.719 0.839 1.199 0.749 0.749 1.789 0.379 0.649 0.449 0.439 1.259 1.839 1.259 0.469 0.468 0.798 1.048 0.947 0.797 0.647 0.857 0.857 0.897 0.637 1.148 1.548 1.418 1.208 1.198 1.278 1.648 1.338 1.508 1.368 0.718 0.267 1.447 1.447 1.487 1.556 1.576
1.805 1.855 1.675 0.355 1.245 0.596 0.686 1.006 1.006 0.776 0.706 0.746 1.406 0.536 0.236 0.037 2.924 0.704 1.034 0.744 0.944 0.524 0.764 0.544 0.544 0.684 0.574 0.864 1.634 0.954 0.534 0.414 0.001 1.189 1.399 1.359 0.499 1.359 1.409 0.629 0.629 1.639 1.789 0.719 0.779 1.489 0.359 1.009 1.629 1.169 0.589 1.159 0.639 0.058 1.018 0.918 0.638 0.638 0.798 1.568 1.538 1.408 0.048 1.128 1.258 1.508 1.208 1.318 1.358 1.628 1.398 0.358 1.457 1.457 1.517 1.496 1.566
1.845 0.425 1.935 0.017 1.085 0.165 0.876 0.946 0.946 0.686 0.706 0.676 0.646 0.926 0.326 0.095 2.714 0.134 1.104 0.874 0.974 0.534 0.954 0.784 0.785 0.945 0.824 0.504 0.574 0.245 0.645 0.000 0.359 1.299 1.239 0.539 1.539 1.579 1.619 0.409 0.409 0.689 1.399 0.499 1.430 0.700 1.510 0.419 1.419 1.759 1.229 0.569 1.259 1.340 0.379 0.819 0.889 0.889 1.639 1.579 1.699 0.002 1.009 1.219 1.299 1.359 1.419 1.399 1.459 1.539 1.528 0.918 1.447 1.447 1.517 1.737 1.476
0.001 0.455 1.875 1.115 0.865 0.375 0.955 0.276 0.276 0.966 0.996 0.686 0.616 0.676 0.406 0.133 0.614 0.184 1.134 1.004 1.094 1.094 0.764 1.054 1.054 1.095 0.275 0.425 1.675 1.585 1.445 1.135 0.240 1.269 1.229 0.479 1.639 1.819 0.609 1.429 1.429 1.719 0.689 1.090 1.490 0.650 0.800 1.520 0.370 1.540 0.620 0.980 0.530 0.470 0.500 1.610 1.240 1.240 1.109 1.559 0.000 0.959 1.269 1.469 1.529 1.399 1.429 1.449 1.539 1.569 1.528 1.548 1.417 1.417 1.347 1.457 1.486
0.125 1.775 0.000 1.275 1.165 1.125 1.405 0.325 0.326 0.616 0.636 0.756 0.916 0.806 0.000 2.828 0.000 1.134 1.184 1.194 1.084 0.884 1.004 1.174 1.174 0.615 0.965 1.735 1.905 1.645 1.615 1.565 0.000 0.649 0.609 1.709 1.629 1.469 0.689 1.519 1.519 1.349 0.460 1.670 1.460 1.410 0.610 0.760 1.960 1.860 1.010 1.360 0.820 1.261 1.130 1.270 1.240 1.240 0.860 1.290 0.410 1.139 1.509 1.379 1.339 1.449 1.539 1.409 1.489 1.619 1.669 1.588 1.358 1.357 1.037 1.496 1.526
0.874 1.004 0.545 0.265 0.000 0.285 0.305 0.765 0.765 0.645 0.766 0.826 0.456 0.896 0.000 1.118 0.145 0.744 0.764 0.474 1.174 0.754 0.964 0.794 0.794 0.454 1.985 1.915 1.845 1.665 1.615 1.715 0.284 0.171 0.499 0.569 0.829 0.479 0.909 0.729 0.729 0.740 0.580 0.780 0.840 1.680 0.810 0.480 0.490 0.590 0.560 0.981 1.161 1.031 1.311 1.360 1.250 1.250 1.060 1.310 0.940 1.100 1.470 1.439 1.349 1.629 1.499 1.499 1.489 1.489 1.499 1.408 1.308 1.307 1.417 1.497 1.456
