includes/camargue/floodfiles/results_R3_t1.562344836599E12/res-0004.wdfp
ncols         906
nrows         631
xllcorner     362177.146667
yllcorner     6534725.688020
cellsize      20.000000
NODATA_value  -9999.000000
[rows 578 to 611 of 631, columns 693 to 769 of 906]
13.423 13.426 13.428 13.431 13.434 13.437 13.440 13.442 13.442 13.448 13.448 13.426 13.422 13.432 13.442 13.452 13.462 13.471 13.481 13.491 13.501 13.511 13.521 13.530 13.530 13.525 13.492 13.457 13.423 13.389 13.354 13.320 13.286 13.251 13.217 13.183 13.149 13.118 13.107 13.087 13.087 13.046 13.026 13.006 12.986 12.965 12.945 12.925 12.905 12.884 12.865 12.886 12.907 12.929 12.950 12.971 13.014 13.014 13.036 13.057 13.079 13.062 13.022 13.066 13.186 13.306 13.427 13.547 13.667 13.788 13.908 14.035 14.297 14.297 14.428 14.559 14.690
13.420 13.422 13.425 13.428 13.431 13.434 13.436 13.439 13.439 13.445 13.446 13.450 13.459 13.469 13.479 13.488 13.498 13.508 13.517 13.527 13.537 13.546 13.556 13.565 13.565 13.592 13.558 13.523 13.489 13.454 13.420 13.386 13.351 13.317 13.282 13.248 13.214 13.180 13.181 13.160 13.160 13.118 13.096 13.075 13.054 13.033 13.012 12.991 12.970 12.948 12.974 12.986 12.998 13.017 13.039 13.060 13.103 13.103 13.124 13.146 13.167 13.176 13.218 13.338 13.459 13.579 13.699 13.820 13.940 14.060 14.180 14.307 14.569 14.569 14.700 14.831 14.962
13.416 13.419 13.422 13.425 13.428 13.430 13.433 13.436 13.436 13.415 13.402 13.423 13.446 13.456 13.466 13.475 13.485 13.495 13.504 13.514 13.524 13.533 13.543 13.553 13.552 13.594 13.597 13.563 13.529 13.494 13.460 13.425 13.391 13.357 13.322 13.288 13.253 13.261 13.291 13.270 13.269 13.227 13.206 13.185 13.164 13.142 13.121 13.100 13.079 13.121 13.222 13.235 13.247 13.259 13.272 13.284 13.308 13.309 13.321 13.333 13.345 13.394 13.506 13.617 13.731 13.851 13.972 14.092 14.212 14.332 14.453 14.579 14.841 14.841 14.972 15.104 15.243
13.413 13.416 13.419 13.421 13.424 13.421 13.408 13.396 13.396 13.371 13.361 13.393 13.424 13.443 13.453 13.462 13.472 13.482 13.491 13.501 13.511 13.520 13.530 13.539 13.539 13.593 13.625 13.603 13.569 13.534 13.500 13.465 13.431 13.397 13.362 13.328 13.310 13.341 13.373 13.379 13.379 13.336 13.315 13.294 13.273 13.252 13.231 13.209 13.207 13.320 13.432 13.483 13.496 13.508 13.520 13.532 13.557 13.557 13.569 13.582 13.603 13.714 13.825 13.937 14.048 14.160 14.272 14.383 14.494 14.606 14.726 14.853 15.127 15.127 15.266 15.405 15.544
13.410 13.413 13.414 13.402 13.390 13.377 13.365 13.353 13.353 13.328 13.332 13.363 13.395 13.426 13.440 13.449 13.459 13.469 13.478 13.488 13.498 13.507 13.517 13.528 13.528 13.592 13.624 13.643 13.608 13.574 13.540 13.505 13.471 13.436 13.402 13.368 13.391 13.422 13.453 13.484 13.484 13.446 13.425 13.403 13.382 13.361 13.340 13.319 13.406 13.518 13.631 13.732 13.744 13.756 13.769 13.781 13.805 13.805 13.817 13.830 13.924 14.035 14.146 14.258 14.369 14.480 14.592 14.703 14.814 14.926 15.037 15.151 15.428 15.428 15.567 15.706 15.844
13.396 13.384 13.371 13.359 13.347 13.334 13.322 13.310 13.310 13.285 13.302 13.334 13.365 13.397 13.427 13.436 13.446 13.456 13.465 13.475 13.485 13.494 13.504 13.527 13.527 13.592 13.624 13.656 13.648 13.614 13.579 13.545 13.511 13.476 13.442 13.440 13.471 13.503 13.534 13.565 13.565 13.555 13.534 13.513 13.492 13.470 13.449 13.492 13.604 13.717 13.829 13.942 13.992 14.005 14.017 14.030 14.054 14.054 14.067 14.132 14.244 14.355 14.466 14.578 14.689 14.800 14.911 15.024 15.135 15.246 15.358 15.469 15.730 15.730 15.869 16.008 16.146
13.353 13.340 13.328 13.316 13.303 13.291 13.279 13.266 13.266 13.242 13.272 13.304 13.335 13.367 13.399 13.423 13.433 13.443 13.452 13.462 13.471 13.481 13.495 13.527 13.527 13.591 13.623 13.655 13.687 13.654 13.619 13.585 13.551 13.516 13.490 13.521 13.552 13.583 13.615 13.646 13.646 13.665 13.643 13.622 13.601 13.580 13.578 13.690 13.802 13.916 14.028 14.141 14.242 14.254 14.266 14.278 14.303 14.303 14.341 14.452 14.563 14.675 14.786 14.898 15.010 15.121 15.232 15.344 15.455 15.566 15.678 15.789 16.031 16.031 16.170 16.309 16.447
13.310 13.297 13.285 13.273 13.260 13.248 13.236 13.223 13.223 13.211 13.243 13.274 13.306 13.337 13.369 13.401 13.420 13.429 13.439 13.449 13.458 13.468 13.494 13.526 13.526 13.590 13.622 13.654 13.686 13.693 13.659 13.625 13.590 13.556 13.571 13.602 13.633 13.664 13.695 13.726 13.726 13.774 13.753 13.732 13.710 13.689 13.776 13.889 14.001 14.114 14.226 14.339 14.451 14.502 14.514 14.526 14.551 14.551 14.662 14.773 14.884 14.996 15.107 15.218 15.330 15.441 15.552 15.663 15.775 15.886 15.997 16.109 16.332 16.332 16.471 16.610 16.748
13.266 13.254 13.242 13.229 13.217 13.205 13.192 13.180 13.180 13.181 13.213 13.244 13.276 13.308 13.339 13.371 13.403 13.416 13.426 13.436 13.445 13.461 13.493 13.525 13.525 13.589 13.621 13.653 13.685 13.718 13.699 13.665 13.630 13.620 13.651 13.682 13.714 13.745 13.776 13.806 13.806 13.869 13.862 13.841 13.820 13.862 13.975 14.087 14.200 14.312 14.425 14.537 14.650 14.751 14.763 14.775 14.870 14.870 14.982 15.093 15.204 15.315 15.427 15.538 15.649 15.762 15.873 15.984 16.096 16.207 16.318 16.429 16.652 16.652 16.773 16.912 17.050
13.210 13.211 13.199 13.186 13.174 13.162 13.149 13.137 13.137 13.152 13.183 13.215 13.246 13.278 13.310 13.341 13.373 13.403 13.413 13.423 13.432 13.460 13.493 13.525 13.525 13.589 13.621 13.653 13.685 13.717 13.739 13.704 13.670 13.701 13.732 13.763 13.794 13.825 13.857 13.888 13.888 13.950 13.972 13.951 13.949 14.061 14.174 14.286 14.399 14.511 14.624 14.736 14.849 14.961 15.011 15.024 15.190 15.190 15.301 15.413 15.524 15.636 15.748 15.859 15.970 16.082 16.193 16.304 16.415 16.527 16.638 16.749 16.972 16.972 17.083 17.212 17.351
13.210 13.211 13.199 13.187 13.174 13.162 13.150 13.137 13.137 13.152 13.183 13.215 13.247 13.278 13.310 13.342 13.373 13.404 13.413 13.423 13.433 13.461 13.493 13.525 13.525 13.589 13.621 13.653 13.685 13.717 13.739 13.705 13.670 13.701 13.732 13.763 13.794 13.825 13.857 13.888 13.888 13.950 13.972 13.951 13.949 14.061 14.174 14.286 14.399 14.511 14.624 14.736 14.849 14.961 15.011 15.024 15.190 15.191 15.302 15.414 15.525 15.636 15.748 15.859 15.970 16.082 16.193 16.304 16.415 16.527 16.638 16.749 16.972 16.972 17.083 17.212 17.351
13.146 13.152 13.156 13.143 13.131 13.119 13.106 13.094 13.094 13.122 13.154 13.185 13.217 13.249 13.280 13.312 13.343 13.375 13.400 13.410 13.428 13.460 13.492 13.524 13.524 13.588 13.621 13.653 13.685 13.717 13.749 13.745 13.751 13.782 13.813 13.844 13.875 13.907 13.938 13.969 13.969 14.031 14.062 14.060 14.147 14.259 14.372 14.484 14.597 14.709 14.823 14.935 15.048 15.160 15.261 15.288 15.511 15.511 15.622 15.734 15.845 15.956 16.068 16.179 16.291 16.402 16.514 16.625 16.736 16.848 16.959 17.070 17.293 17.293 17.404 17.515 17.652
13.081 13.087 13.093 13.099 13.088 13.076 13.063 13.051 13.051 13.092 13.124 13.156 13.187 13.219 13.251 13.282 13.314 13.345 13.377 13.397 13.427 13.459 13.491 13.524 13.524 13.588 13.620 13.651 13.679 13.707 13.736 13.796 13.835 13.866 13.897 13.929 13.960 13.991 14.022 14.054 14.054 14.116 14.148 14.159 14.273 14.388 14.503 14.618 14.733 14.847 14.962 15.077 15.192 15.307 15.422 15.541 15.783 15.783 15.905 16.026 16.148 16.270 16.388 16.500 16.611 16.722 16.834 16.945 17.056 17.161 17.262 17.364 17.567 17.567 17.669 17.771 17.843
12.951 12.957 12.963 12.969 12.975 12.981 12.977 12.970 12.970 13.033 13.065 13.096 13.126 13.154 13.183 13.211 13.239 13.268 13.296 13.312 13.325 13.353 13.381 13.410 13.410 13.466 13.495 13.523 13.551 13.580 13.659 13.826 13.994 14.057 14.088 14.119 14.151 14.182 14.212 14.244 14.244 14.306 14.284 14.244 14.204 14.317 14.431 14.546 14.661 14.776 14.891 15.006 15.120 15.235 15.352 15.469 15.710 15.710 15.831 15.952 16.074 16.195 16.316 16.437 16.560 16.701 16.842 16.951 17.053 17.155 17.257 17.358 17.563 17.563 17.664 17.694 17.699
12.887 12.893 12.899 12.905 12.911 12.917 12.923 12.939 12.939 12.995 13.024 13.052 13.081 13.109 13.137 13.166 13.194 13.223 13.248 13.260 13.272 13.289 13.318 13.346 13.346 13.403 13.431 13.459 13.488 13.516 13.674 13.841 14.009 14.152 14.183 14.214 14.246 14.277 14.308 14.340 14.340 14.375 14.335 14.295 14.254 14.282 14.397 14.512 14.626 14.741 14.856 14.971 15.086 15.202 15.318 15.435 15.672 15.672 15.794 15.915 16.036 16.157 16.279 16.400 16.536 16.677 16.818 16.950 17.051 17.153 17.255 17.356 17.560 17.560 17.628 17.634 17.639
12.822 12.828 12.834 12.840 12.841 12.836 12.831 12.874 12.874 12.950 12.979 13.007 13.035 13.064 13.092 13.121 13.149 13.178 13.197 13.209 13.221 13.232 13.254 13.282 13.282 13.339 13.367 13.396 13.424 13.522 13.690 13.858 14.025 14.193 14.278 14.309 14.341 14.372 14.403 14.434 14.434 14.424 14.384 14.344 14.304 14.264 14.361 14.476 14.591 14.705 14.820 14.935 15.051 15.167 15.283 15.400 15.635 15.635 15.756 15.879 16.000 16.121 16.242 16.371 16.512 16.652 16.793 16.934 17.048 17.150 17.252 17.353 17.557 17.557 17.568 17.574 17.579
12.758 12.758 12.753 12.749 12.744 12.739 12.734 12.795 12.795 12.905 12.933 12.962 12.990 13.019 13.047 13.076 13.104 13.132 13.145 13.157 13.169 13.181 13.193 13.219 13.219 13.275 13.304 13.332 13.370 13.538 13.705 13.873 14.040 14.208 14.374 14.405 14.437 14.468 14.499 14.530 14.530 14.474 14.434 14.393 14.353 14.313 14.325 14.440 14.555 14.670 14.784 14.899 15.016 15.133 15.250 15.366 15.599 15.599 15.720 15.841 15.962 16.084 16.205 16.346 16.487 16.627 16.768 16.909 17.046 17.147 17.250 17.352 17.503 17.503 17.509 17.515 17.520
12.666 12.661 12.656 12.651 12.646 12.642 12.654 12.716 12.716 12.842 12.888 12.917 12.945 12.973 13.002 13.030 13.059 13.082 13.094 13.105 13.117 13.129 13.141 13.155 13.155 13.212 13.240 13.268 13.386 13.553 13.721 13.888 14.056 14.223 14.391 14.500 14.531 14.563 14.594 14.605 14.605 14.524 14.484 14.444 14.404 14.364 14.323 14.405 14.520 14.635 14.750 14.866 14.982 15.098 15.215 15.331 15.564 15.564 15.683 15.804 15.925 16.046 16.180 16.322 16.463 16.603 16.744 16.885 17.026 17.145 17.247 17.349 17.443 17.443 17.449 17.455 17.460
12.569 12.564 12.559 12.554 12.549 12.545 12.575 12.637 12.637 12.763 12.826 12.872 12.900 12.928 12.957 12.985 13.014 13.030 13.042 13.054 13.066 13.078 13.090 13.101 13.101 13.148 13.177 13.234 13.401 13.569 13.736 13.904 14.072 14.239 14.407 14.575 14.626 14.658 14.689 14.654 14.654 14.574 14.533 14.493 14.453 14.413 14.373 14.369 14.484 14.599 14.714 14.831 14.947 15.064 15.180 15.297 15.530 15.531 15.647 15.767 15.889 16.015 16.156 16.297 16.438 16.578 16.719 16.860 17.001 17.142 17.244 17.346 17.383 17.383 17.389 17.395 17.400
12.472 12.467 12.462 12.457 12.452 12.447 12.496 12.559 12.559 12.684 12.747 12.809 12.855 12.883 12.912 12.940 12.967 12.979 12.990 13.002 13.014 13.026 13.038 13.050 13.050 13.085 13.113 13.249 13.417 13.584 13.752 13.919 14.087 14.254 14.422 14.590 14.722 14.754 14.744 14.704 14.704 14.624 14.583 14.543 14.503 14.462 14.422 14.382 14.448 14.563 14.680 14.797 14.914 15.030 15.146 15.263 15.496 15.496 15.612 15.730 15.851 15.990 16.131 16.272 16.413 16.554 16.694 16.835 16.976 17.118 17.242 17.313 17.324 17.324 17.330 17.336 17.341
12.374 12.369 12.365 12.360 12.355 12.355 12.417 12.480 12.480 12.605 12.668 12.731 12.793 12.838 12.866 12.895 12.915 12.927 12.939 12.951 12.963 12.974 12.986 12.998 12.998 13.022 13.097 13.265 13.432 13.600 13.767 13.935 14.102 14.270 14.437 14.605 14.773 14.834 14.794 14.754 14.754 14.673 14.633 14.593 14.553 14.513 14.473 14.432 14.414 14.530 14.646 14.762 14.879 14.995 15.112 15.228 15.461 15.461 15.578 15.694 15.824 15.965 16.107 16.248 16.389 16.530 16.670 16.811 16.951 17.089 17.227 17.241 17.251 17.251 17.255 17.260 17.264
12.277 12.272 12.267 12.263 12.258 12.276 12.338 12.401 12.401 12.526 12.589 12.652 12.714 12.777 12.821 12.850 12.863 12.875 12.887 12.899 12.911 12.923 12.935 12.975 12.975 13.059 13.180 13.348 13.517 13.685 13.854 14.022 14.191 14.359 14.527 14.696 14.864 14.837 14.797 14.757 14.757 14.677 14.637 14.597 14.557 14.517 14.477 14.437 14.417 14.495 14.612 14.728 14.845 14.961 15.078 15.194 15.427 15.428 15.545 15.651 15.695 15.833 15.971 16.109 16.247 16.385 16.523 16.661 16.799 16.937 17.004 17.009 17.018 17.018 17.023 17.027 17.032
12.180 12.175 12.170 12.165 12.161 12.197 12.260 12.322 12.322 12.447 12.510 12.573 12.636 12.698 12.761 12.800 12.816 12.858 12.900 12.942 12.984 13.025 13.067 13.109 13.109 13.223 13.333 13.487 13.656 13.824 13.992 14.161 14.329 14.498 14.666 14.834 14.875 14.818 14.771 14.731 14.731 14.651 14.611 14.571 14.530 14.490 14.451 14.411 14.436 14.465 14.579 14.695 14.812 14.928 15.045 15.161 15.394 15.394 15.511 15.567 15.595 15.681 15.819 15.957 16.095 16.233 16.371 16.509 16.648 16.767 16.772 16.778 16.787 16.787 16.791 16.796 16.800
12.084 12.078 12.073 12.068 12.063 12.118 12.181 12.243 12.243 12.369 12.431 12.494 12.557 12.667 12.785 12.887 12.950 12.992 13.034 13.076 13.117 13.159 13.201 13.243 13.243 13.393 13.504 13.626 13.795 13.963 14.132 14.300 14.469 14.636 14.805 14.915 14.858 14.801 14.745 14.705 14.705 14.625 14.585 14.545 14.505 14.465 14.425 14.424 14.453 14.483 14.545 14.662 14.778 14.895 15.011 15.128 15.360 15.360 15.454 15.482 15.511 15.540 15.668 15.806 15.944 16.082 16.220 16.358 16.496 16.534 16.539 16.545 16.555 16.555 16.559 16.564 16.568
11.992 11.983 11.976 11.971 11.977 12.039 12.102 12.164 12.164 12.290 12.406 12.524 12.642 12.759 12.877 12.973 13.060 13.126 13.168 13.209 13.251 13.293 13.335 13.377 13.377 13.564 13.675 13.785 13.933 14.102 14.270 14.439 14.607 14.776 14.944 14.898 14.841 14.784 14.726 14.678 14.678 14.598 14.558 14.518 14.478 14.438 14.412 14.442 14.471 14.501 14.530 14.628 14.744 14.861 14.977 15.094 15.328 15.328 15.371 15.399 15.428 15.457 15.516 15.654 15.792 15.930 16.068 16.206 16.296 16.301 16.307 16.312 16.322 16.322 16.328 16.332 16.337
11.899 11.890 11.881 11.874 11.898 11.960 12.028 12.145 12.145 12.381 12.498 12.616 12.734 12.851 12.969 13.059 13.146 13.233 13.301 13.343 13.385 13.427 13.469 13.513 13.513 13.735 13.846 13.957 14.073 14.240 14.409 14.577 14.746 14.914 14.937 14.881 14.824 14.767 14.710 14.653 14.653 14.573 14.533 14.493 14.453 14.413 14.431 14.460 14.490 14.519 14.549 14.595 14.712 14.828 14.944 15.061 15.258 15.258 15.287 15.315 15.344 15.373 15.401 15.502 15.640 15.778 15.917 16.055 16.064 16.070 16.075 16.080 16.091 16.091 16.095 16.100 16.104
11.900 11.891 11.881 11.874 11.898 11.961 12.028 12.146 12.146 12.381 12.499 12.616 12.734 12.852 12.969 13.059 13.146 13.234 13.302 13.344 13.385 13.427 13.469 13.514 13.514 13.735 13.846 13.957 14.073 14.241 14.410 14.578 14.747 14.914 14.937 14.881 14.824 14.767 14.710 14.653 14.653 14.573 14.533 14.493 14.453 14.413 14.431 14.460 14.490 14.519 14.549 14.595 14.712 14.828 14.944 15.061 15.258 15.258 15.287 15.315 15.345 15.374 15.402 15.503 15.641 15.779 15.917 16.055 16.064 16.070 16.075 16.080 16.091 16.091 16.095 16.100 16.104
11.807 11.798 11.789 11.805 11.885 12.003 12.120 12.238 12.238 12.473 12.591 12.708 12.826 12.944 13.058 13.145 13.232 13.320 13.407 13.477 13.519 13.561 13.603 13.684 13.684 13.905 14.016 14.127 14.238 14.380 14.548 14.717 14.885 14.978 14.921 14.864 14.807 14.750 14.693 14.637 14.637 14.547 14.507 14.467 14.427 14.419 14.449 14.478 14.507 14.537 14.566 14.596 14.678 14.794 14.911 15.027 15.175 15.175 15.204 15.232 15.261 15.289 15.318 15.351 15.489 15.627 15.765 15.826 15.831 15.837 15.842 15.847 15.858 15.859 15.864 15.869 15.873
11.816 11.875 11.933 11.992 12.040 12.095 12.213 12.330 12.330 12.565 12.683 12.801 12.918 13.036 13.144 13.231 13.319 13.406 13.493 13.580 13.653 13.695 13.744 13.855 13.855 14.077 14.188 14.298 14.409 14.519 14.687 14.856 15.017 14.960 14.903 14.847 14.790 14.733 14.676 14.619 14.619 14.521 14.481 14.441 14.408 14.438 14.467 14.497 14.526 14.556 14.585 14.615 14.645 14.761 14.878 14.994 15.091 15.091 15.119 15.148 15.177 15.205 15.234 15.263 15.337 15.476 15.589 15.594 15.600 15.605 15.610 15.616 15.626 15.626 15.632 15.636 15.641
12.190 12.248 12.306 12.360 12.407 12.454 12.501 12.549 12.549 12.749 12.867 12.984 13.102 13.220 13.316 13.403 13.491 13.578 13.665 13.752 13.841 13.984 14.101 14.209 14.209 14.424 14.531 14.639 14.750 14.861 14.972 15.040 14.983 14.925 14.868 14.812 14.755 14.698 14.641 14.584 14.584 14.470 14.428 14.414 14.444 14.473 14.503 14.532 14.562 14.591 14.621 14.650 14.679 14.709 14.810 14.865 14.923 14.923 14.951 14.980 15.010 15.038 15.067 15.095 15.117 15.135 15.141 15.147 15.153 15.159 15.164 15.170 15.182 15.182 15.188 15.175 15.086
12.376 12.435 12.493 12.544 12.591 12.638 12.685 12.733 12.733 12.841 12.959 13.077 13.194 13.312 13.402 13.489 13.577 13.664 13.751 13.891 14.035 14.178 14.302 14.409 14.409 14.624 14.732 14.839 14.947 15.054 15.089 14.984 14.933 14.881 14.830 14.778 14.727 14.675 14.623 14.568 14.568 14.454 14.403 14.432 14.462 14.491 14.520 14.550 14.579 14.609 14.638 14.668 14.697 14.726 14.750 14.772 14.816 14.816 14.838 14.860 14.882 14.904 14.926 14.948 14.970 14.989 15.001 15.007 15.013 15.019 15.024 15.031 15.043 15.043 15.043 14.998 14.921
12.563 12.621 12.680 12.728 12.775 12.822 12.869 12.917 12.917 13.011 13.058 13.169 13.286 13.401 13.488 13.576 13.663 13.799 13.943 14.086 14.230 14.373 14.504 14.611 14.611 14.826 14.934 15.041 15.148 15.188 15.041 14.899 14.847 14.796 14.744 14.693 14.641 14.590 14.538 14.487 14.487 14.384 14.341 14.355 14.381 14.407 14.433 14.459 14.485 14.511 14.537 14.563 14.589 14.615 14.618 14.625 14.668 14.668 14.690 14.712 14.734 14.756 14.778 14.800 14.821 14.841 14.859 14.868 14.874 14.879 14.885 14.891 14.903 14.903 14.863 14.818 14.756
12.750 12.808 12.864 12.912 12.959 13.006 13.053 13.100 13.100 13.195 13.242 13.290 13.378 13.487 13.575 13.706 13.850 13.993 14.137 14.280 14.424 14.567 14.705 14.812 14.812 15.027 15.134 15.242 15.289 15.141 14.993 14.846 14.763 14.710 14.659 14.607 14.556 14.504 14.453 14.401 14.401 14.305 14.264 14.243 14.269 14.296 14.322 14.348 14.374 14.400 14.426 14.452 14.478 14.496 14.492 14.488 14.521 14.521 14.543 14.565 14.588 14.610 14.632 14.654 14.673 14.692 14.710 14.728 14.733 14.739 14.745 14.751 14.729 14.729 14.684 14.638 14.591
12.936 12.995 13.048 13.095 13.143 13.190 13.237 13.284 13.284 13.379 13.426 13.474 13.521 13.613 13.757 13.900 14.044 14.187 14.331 14.474 14.617 14.761 14.904 15.013 15.013 15.228 15.335 15.388 15.240 15.093 14.945 14.797 14.678 14.626 14.575 14.523 14.472 14.420 14.368 14.317 14.317 14.229 14.188 14.148 14.158 14.184 14.210 14.236 14.262 14.288 14.315 14.341 14.367 14.371 14.367 14.363 14.375 14.375 14.397 14.419 14.441 14.463 14.484 14.506 14.524 14.543 14.561 14.580 14.593 14.599 14.606 14.612 14.550 14.550 14.505 14.459 14.414
