includes/camargue/floodfiles/results_R3_t1.562344836599E12/res-0006.wd
ncols         906
nrows         631
xllcorner     362177.146667
yllcorner     6534725.688020
cellsize      20.000000
NODATA_value  -9999.000000
[rows 272 to 305 of 631, columns 693 to 769 of 906]
0.000 0.000 0.000 0.000 0.000 0.000 0.000 0.000 0.000 0.000 0.000 0.000 0.000 0.000 0.000 0.000 0.000 0.000 0.000 0.000 0.000 0.000 0.000 0.000 0.000 0.000 0.000 0.000 0.000 0.000 0.000 0.000 0.000 0.000 0.001 0.588 0.468 0.858 1.168 1.138 1.138 1.328 1.237 0.000 0.413 0.784 0.404 0.314 0.987 0.207 0.599 0.687 0.000 0.378 0.000 0.374 0.119 0.115 0.011 1.039 1.069 0.000 0.900 1.021 0.070 0.269 0.928 0.949 0.468 0.837 1.077 0.947 0.425 0.424 0.364 0.343 0.232
0.000 0.000 0.000 0.000 0.000 0.000 0.000 0.000 0.000 0.000 0.000 0.000 0.000 0.000 0.000 0.000 0.000 0.000 0.000 0.000 0.000 0.000 0.000 0.000 0.000 0.000 0.000 0.000 0.000 0.000 0.000 0.000 0.000 0.000 0.000 0.000 0.280 0.363 0.514 0.065 0.065 1.068 0.000 0.598 0.837 0.257 0.367 0.978 1.028 0.136 0.008 1.085 0.132 0.013 0.558 0.795 1.268 1.267 1.095 0.000 0.929 1.079 0.000 1.082 0.242 0.981 0.000 0.860 0.408 0.937 0.667 0.377 0.765 0.765 0.524 0.273 0.000
0.000 0.000 0.000 0.000 0.000 0.000 0.000 0.000 0.000 0.000 0.000 0.000 0.000 0.000 0.000 0.000 0.000 0.000 0.000 0.000 0.000 0.000 0.000 0.000 0.000 0.000 0.000 0.000 0.000 0.000 0.000 0.000 0.000 0.000 0.000 0.368 0.000 0.271 0.457 0.246 0.246 0.000 0.670 0.799 0.229 0.579 1.069 0.829 1.098 0.898 0.000 0.315 1.086 0.588 0.770 0.769 0.130 0.127 1.163 0.328 0.059 0.989 0.014 0.954 0.844 0.153 0.000 0.882 0.289 1.057 0.987 0.597 1.085 1.085 0.503 0.061 0.099
0.000 0.000 0.000 0.000 0.000 0.000 0.000 0.000 0.000 0.000 0.000 0.000 0.000 0.000 0.000 0.000 0.000 0.000 0.000 0.000 0.000 0.000 0.000 0.000 0.000 0.000 0.000 0.000 0.000 0.000 0.000 0.000 0.000 0.000 0.000 0.288 0.838 0.041 0.638 0.000 0.000 0.170 0.870 0.320 0.970 1.000 0.110 1.291 0.470 0.000 1.173 0.601 1.056 0.408 0.293 0.641 0.000 0.000 0.779 0.795 0.115 0.251 0.467 0.876 0.375 0.995 1.015 1.044 0.150 0.419 0.967 1.047 0.225 0.224 0.910 0.950 1.169
0.000 0.000 0.000 0.000 0.000 0.000 0.000 0.000 0.000 0.000 0.000 0.000 0.000 0.000 0.000 0.000 0.000 0.000 0.000 0.000 0.000 0.000 0.000 0.000 0.000 0.000 0.000 0.000 0.000 0.000 0.000 0.000 0.000 0.000 0.000 0.888 0.928 0.968 0.906 0.000 0.000 0.000 0.700 0.860 1.000 0.241 1.372 1.002 0.412 0.000 0.914 0.342 0.447 1.246 1.085 0.701 0.979 0.979 0.000 1.320 1.209 0.229 0.000 0.927 0.816 1.035 1.045 1.025 0.000 0.546 0.253 0.708 0.000 0.000 0.170 0.779 0.969
0.000 0.000 0.000 0.000 0.000 0.000 0.000 0.000 0.000 0.000 0.000 0.000 0.000 0.000 0.000 0.000 0.000 0.000 0.000 0.000 0.000 0.000 0.000 0.000 0.000 0.000 0.000 0.000 0.000 0.000 0.000 0.000 0.000 0.000 0.000 1.009 0.659 0.798 0.946 0.924 0.924 0.000 0.761 0.000 0.372 1.353 0.913 0.933 0.313 0.000 1.144 1.305 1.195 0.000 0.000 0.362 0.909 0.909 0.965 0.000 1.058 0.559 0.729 1.061 0.175 0.000 0.014 0.367 0.657 0.890 0.930 0.198 0.811 0.811 0.991 0.260 0.009
0.000 0.000 0.000 0.000 0.000 0.000 0.000 0.000 0.000 0.000 0.000 0.000 0.000 0.000 0.000 0.000 0.000 0.000 0.000 0.000 0.000 0.000 0.000 0.000 0.000 0.000 0.000 0.000 0.000 0.000 0.000 0.000 0.000 0.000 0.868 0.000 1.212 1.143 0.000 1.003 1.003 0.911 0.257 0.798 0.000 0.154 0.634 1.004 0.924 1.184 0.000 0.700 0.470 0.440 0.285 0.280 0.185 0.179 1.123 0.651 1.278 0.772 0.000 0.000 0.912 0.591 0.967 0.786 1.345 0.039 0.075 0.000 1.001 1.001 0.000 0.810 0.000
0.000 0.000 0.000 0.000 0.000 0.000 0.000 0.000 0.000 0.000 0.000 0.000 0.000 0.000 0.000 0.000 0.000 0.000 0.000 0.000 0.000 0.000 0.000 0.000 0.000 0.000 0.000 0.000 0.000 0.000 0.000 0.000 0.000 0.639 0.848 1.348 0.000 1.117 1.177 0.000 0.000 0.890 0.879 0.808 0.387 0.000 0.567 0.816 1.135 0.864 0.000 1.084 0.993 1.073 0.000 1.048 0.337 0.336 0.000 0.831 0.000 1.099 1.068 1.117 0.853 1.091 0.108 0.736 0.776 0.916 0.062 0.101 0.000 0.000 0.000 0.000 0.488
0.000 0.000 0.000 0.000 0.000 0.000 0.000 0.000 0.000 0.000 0.000 0.000 0.000 0.000 0.000 0.000 0.000 0.000 0.000 0.000 0.000 0.000 0.000 0.000 0.000 0.000 0.000 0.000 0.000 0.000 0.000 0.000 0.000 0.779 0.428 1.258 0.255 1.180 0.379 0.000 0.000 0.000 0.251 0.827 0.846 0.633 0.724 0.762 0.179 1.083 0.627 0.809 0.665 0.463 0.811 0.560 0.111 0.117 0.710 0.000 0.966 0.000 1.058 0.978 0.000 0.650 0.638 0.697 0.757 0.726 0.506 0.091 0.560 0.560 0.000 0.000 0.878
0.000 0.000 0.000 0.000 0.000 0.000 0.000 0.000 0.000 0.000 0.000 0.000 0.000 0.000 0.000 0.000 0.000 0.000 0.000 0.000 0.000 0.000 0.000 0.000 0.000 0.000 0.000 0.000 0.000 0.000 0.000 0.000 0.579 0.859 0.278 0.357 1.255 1.054 0.093 0.582 0.582 0.000 0.671 0.000 0.836 0.754 0.468 0.616 0.294 0.219 0.635 0.072 0.000 0.000 0.000 0.000 0.863 0.863 0.086 1.044 0.066 0.371 1.468 0.097 0.340 0.710 0.188 0.597 0.587 0.407 0.176 0.600 0.680 0.680 0.550 0.810 0.000
0.000 0.000 0.000 0.000 0.000 0.000 0.000 0.000 0.000 0.000 0.000 0.000 0.000 0.000 0.000 0.000 0.000 0.000 0.000 0.000 0.000 0.000 0.000 0.000 0.000 0.000 0.000 0.000 0.000 0.000 0.000 0.000 0.579 0.859 0.279 0.357 1.255 1.055 0.093 0.582 0.582 0.000 0.671 0.000 0.837 0.754 0.469 0.617 0.296 0.222 0.642 0.082 0.000 0.000 0.000 0.000 0.864 0.864 0.092 1.044 0.063 0.372 1.468 0.098 0.340 0.710 0.188 0.598 0.588 0.408 0.176 0.600 0.680 0.680 0.550 0.810 0.000
0.000 0.000 0.000 0.000 0.000 0.000 0.000 0.000 0.000 0.000 0.000 0.000 0.000 0.000 0.000 0.000 0.000 0.000 0.000 0.000 0.000 0.000 0.000 0.000 0.000 0.000 0.000 0.000 0.000 0.000 0.000 0.000 0.330 0.830 1.300 0.000 1.196 1.106 0.000 0.192 0.192 0.397 0.742 0.000 1.072 0.000 0.509 0.778 0.798 0.000 0.677 0.648 0.719 0.670 0.552 0.684 0.514 0.514 0.614 0.000 0.366 1.369 0.000 0.527 0.065 0.500 0.007 0.608 0.678 0.379 0.550 0.000 0.000 0.000 0.409 0.198 0.958
0.000 0.000 0.000 0.000 0.000 0.000 0.000 0.000 0.000 0.000 0.000 0.000 0.000 0.000 0.000 0.000 0.000 0.000 0.000 0.000 0.000 0.000 0.000 0.000 0.000 0.000 0.000 0.000 0.000 0.000 0.000 0.000 0.790 0.460 0.950 0.040 1.197 0.337 0.157 0.583 0.582 0.639 0.791 0.877 0.965 0.000 0.383 0.222 0.080 1.660 0.919 0.000 0.000 0.000 0.013 0.349 0.359 0.359 0.000 0.069 1.341 0.151 0.677 0.697 0.000 0.680 0.087 0.598 0.203 0.663 0.264 0.852 0.000 0.000 0.248 1.238 0.114
0.000 0.000 0.000 0.000 0.000 0.000 0.000 0.000 0.000 0.000 0.000 0.000 0.000 0.000 0.000 0.000 0.000 0.000 0.000 0.000 0.000 0.000 0.000 0.000 0.000 0.000 0.000 0.000 0.000 0.000 0.000 1.172 0.000 0.980 1.000 0.440 1.219 0.498 0.728 0.864 0.863 0.732 0.000 1.007 0.786 0.715 0.537 0.683 0.692 0.950 0.250 0.000 0.048 0.104 0.467 1.304 0.623 0.623 0.226 1.649 0.150 0.000 0.707 0.050 0.378 0.021 0.127 0.000 0.489 0.207 0.000 0.592 0.592 0.592 0.000 1.058 1.048
0.000 0.000 0.000 0.000 0.000 0.000 0.000 0.000 0.000 0.000 0.000 0.000 0.000 0.000 0.000 0.000 0.000 0.000 0.000 0.000 0.000 0.000 0.000 0.000 0.000 0.000 0.000 0.000 0.000 0.000 0.000 0.402 0.000 0.970 0.910 0.890 1.230 0.000 1.011 0.198 0.196 0.692 0.000 0.847 0.170 0.887 0.117 0.131 0.000 0.000 0.000 0.604 0.670 0.657 0.341 0.685 0.000 0.000 0.809 1.329 0.979 0.000 0.000 0.618 0.468 0.388 0.195 0.243 0.491 0.471 0.542 0.455 0.302 0.300 0.463 0.351 0.768
0.000 0.058 0.408 0.000 0.000 0.000 0.000 0.000 0.000 0.000 0.000 0.000 0.000 0.000 0.000 0.000 0.000 0.000 0.000 0.000 0.000 0.000 0.000 0.000 0.000 0.000 0.000 0.000 0.000 0.000 0.000 0.222 0.000 0.981 0.791 0.941 1.160 0.301 1.542 1.602 1.602 0.141 0.862 0.228 0.939 0.315 0.145 0.047 0.000 0.320 0.327 0.767 0.000 0.657 0.586 0.000 1.070 1.070 0.080 0.217 0.198 0.286 0.736 0.000 0.618 0.518 0.448 0.338 0.096 0.000 0.748 0.000 0.000 0.000 0.683 0.000 0.149
0.267 0.138 0.238 0.000 0.000 0.000 0.000 0.000 0.000 0.000 0.000 0.000 0.000 0.016 0.000 0.000 0.000 0.000 0.000 0.000 0.000 0.000 0.000 0.000 0.000 0.000 0.000 0.000 0.000 0.000 0.000 0.752 0.491 0.941 0.841 1.121 1.111 0.541 0.082 1.482 1.482 1.363 0.413 0.653 0.532 0.283 0.336 0.000 0.044 0.714 0.443 0.120 0.310 0.000 0.000 0.970 0.300 0.300 0.119 0.908 0.658 0.678 0.000 0.462 0.000 0.748 0.309 0.300 0.480 0.630 0.497 0.000 0.828 0.827 0.365 0.191 0.314
0.087 0.003 0.058 0.000 0.019 0.000 0.000 0.000 0.000 0.000 0.004 0.003 0.133 0.053 0.000 0.000 0.000 0.000 0.000 0.000 0.000 0.000 0.000 0.000 0.000 0.000 0.000 0.000 0.000 0.000 0.000 1.322 0.792 0.951 0.691 1.171 0.681 0.000 0.453 0.453 0.453 1.503 1.473 1.134 0.185 0.538 0.871 0.593 0.000 0.614 0.545 0.706 0.000 0.130 0.040 0.000 0.610 0.610 0.249 0.659 0.359 0.579 0.669 0.000 0.891 0.000 0.912 0.324 0.000 0.672 0.759 0.403 0.778 0.777 0.876 0.581 0.647
0.107 0.167 0.002 0.003 0.168 0.000 0.000 0.000 0.000 0.000 0.123 0.063 0.133 0.253 0.000 0.000 0.000 0.000 0.000 0.000 0.000 0.000 0.000 0.000 0.000 0.000 0.000 0.000 0.000 0.000 0.000 1.272 0.982 1.012 1.212 0.682 0.882 1.124 1.034 0.000 0.000 0.000 0.665 1.405 1.495 0.468 0.642 1.285 0.780 0.464 0.496 0.537 0.539 1.530 1.420 1.640 1.390 1.390 0.012 0.509 1.499 0.000 0.820 0.141 0.381 0.821 0.000 0.483 0.214 0.513 0.000 0.410 0.047 0.045 0.084 0.044 0.014
0.077 0.087 0.357 0.227 0.000 0.000 0.000 0.005 0.003 0.004 0.033 0.163 0.040 0.000 0.027 0.000 0.000 0.000 0.000 0.000 0.000 0.000 0.000 0.000 0.000 0.000 0.000 0.000 0.000 0.000 0.000 1.212 0.822 0.882 1.162 1.062 0.203 0.474 1.145 1.165 1.165 0.000 0.728 0.000 1.325 1.295 0.235 0.000 0.564 0.676 0.937 0.367 0.549 0.520 0.320 1.110 0.330 0.330 0.041 0.280 0.460 1.390 0.440 0.521 0.641 0.000 0.595 0.000 0.795 0.375 0.418 0.325 0.199 0.198 0.428 0.338 0.258
0.377 0.287 0.347 0.027 1.156 0.029 0.000 0.000 0.000 0.000 0.000 0.000 0.181 0.091 0.005 0.137 0.000 0.000 0.000 0.000 0.000 0.000 0.000 0.000 0.000 0.000 0.000 0.000 0.000 0.000 0.000 0.892 0.832 0.000 1.042 1.162 0.314 1.345 0.955 0.317 0.318 1.040 0.710 0.000 0.835 0.000 0.525 0.394 0.250 0.647 0.798 0.000 0.320 0.520 0.730 0.660 0.320 0.321 0.471 0.000 0.730 0.760 1.810 0.000 0.602 0.422 0.000 1.140 1.030 0.000 0.000 0.092 0.788 0.788 0.658 0.548 0.528
0.277 0.397 0.216 1.166 1.246 0.000 0.000 0.008 0.008 0.002 0.251 0.121 0.036 0.003 0.298 0.000 0.096 0.000 0.000 0.000 0.000 0.000 0.000 0.000 0.000 0.000 0.000 0.000 0.000 0.000 0.000 1.102 0.892 0.000 1.182 0.612 0.364 0.000 0.538 0.891 0.891 0.292 1.052 1.002 0.022 0.508 1.648 0.155 0.524 0.000 1.069 1.540 0.760 0.580 0.540 0.231 1.001 1.001 0.501 2.021 0.620 0.490 1.300 1.440 0.000 0.573 0.633 0.000 0.969 1.359 0.000 0.000 0.000 0.000 0.000 0.000 0.000
0.267 0.316 1.006 1.266 0.146 0.256 0.018 0.028 0.027 0.222 0.121 0.180 0.100 0.140 0.000 0.000 0.196 0.000 0.000 0.000 0.000 0.000 0.000 0.000 0.000 0.000 0.000 0.000 0.000 0.000 0.000 0.472 0.982 0.000 1.172 0.194 1.027 1.127 0.000 0.474 0.474 1.035 0.685 0.000 0.798 1.348 1.038 0.095 0.794 0.343 0.570 0.850 1.700 1.550 0.170 0.861 1.941 1.941 0.000 0.221 0.000 0.460 0.310 0.261 0.992 0.184 0.236 0.715 0.552 0.274 1.366 0.926 0.000 0.000 0.000 0.381 0.561
0.000 1.446 0.956 0.336 0.000 0.316 0.086 0.156 0.155 0.123 0.181 0.290 0.320 0.189 0.289 0.000 0.000 0.000 0.000 0.006 0.000 0.000 0.000 0.000 0.000 0.000 0.000 0.000 0.003 0.000 0.543 0.000 0.792 0.722 1.162 0.115 1.017 1.157 0.551 0.594 0.596 0.407 1.080 0.502 0.183 0.988 0.659 0.000 0.704 0.564 0.411 0.930 0.460 0.188 0.019 0.337 0.000 0.000 0.601 0.000 1.739 0.000 0.000 0.011 0.000 0.159 1.202 0.472 0.752 0.763 0.286 0.817 0.209 0.210 1.571 0.501 0.751
0.866 1.316 0.606 0.456 0.366 0.005 0.096 0.186 0.186 0.015 0.050 0.210 0.249 0.169 0.248 0.278 0.000 0.138 0.178 0.348 0.000 0.009 0.000 0.000 0.000 0.000 0.000 0.000 0.072 0.000 0.693 0.000 0.822 0.069 1.112 0.286 0.967 0.557 0.000 0.766 0.767 0.809 0.732 0.346 1.180 0.168 0.812 1.183 0.148 0.558 0.006 0.171 0.000 1.389 0.299 1.259 0.761 0.761 0.561 0.000 1.919 0.068 0.000 0.000 0.700 0.001 0.633 0.974 0.424 1.526 1.216 1.467 1.249 1.250 1.191 0.091 0.362
1.126 0.000 0.000 0.496 0.326 0.196 0.146 0.056 0.055 0.063 0.310 0.199 0.239 0.279 0.318 0.398 0.488 0.238 0.307 0.207 0.010 0.085 0.016 0.000 0.000 0.000 0.000 0.002 0.030 0.045 0.123 0.662 0.000 1.077 0.000 0.967 0.297 0.117 0.227 0.000 0.000 0.240 1.260 1.070 0.820 0.000 0.694 0.425 0.020 0.762 0.702 0.067 0.609 0.919 1.399 0.023 0.382 0.382 0.722 2.282 0.000 0.053 0.879 0.699 0.005 0.488 0.064 0.695 1.176 1.436 1.386 0.180 0.302 0.302 1.192 1.642 1.832
1.126 0.000 0.000 0.496 0.326 0.196 0.146 0.056 0.055 0.062 0.310 0.199 0.239 0.279 0.318 0.398 0.488 0.238 0.307 0.207 0.010 0.085 0.016 0.000 0.000 0.000 0.000 0.002 0.030 0.045 0.123 0.662 0.000 1.077 0.000 0.967 0.297 0.117 0.227 0.000 0.000 0.253 1.260 1.070 0.820 0.000 0.695 0.431 0.028 0.762 0.702 0.067 0.609 0.919 1.399 0.024 0.383 0.383 0.722 2.282 0.000 0.051 0.879 0.699 0.003 0.488 0.070 0.696 1.176 1.436 1.386 0.184 0.305 0.304 1.192 1.642 1.832
0.000 0.000 0.385 0.275 0.225 0.066 0.176 0.000 0.000 0.052 0.150 0.129 0.129 0.218 0.278 0.358 0.538 0.577 0.867 0.497 0.000 0.000 0.000 0.000 0.000 0.000 0.000 0.000 0.000 0.144 0.283 0.942 0.170 1.057 1.027 0.000 0.287 0.277 0.000 0.532 0.531 1.457 0.000 1.302 0.192 0.109 0.000 0.830 0.412 0.000 0.814 0.774 0.338 1.189 0.284 0.566 0.635 0.635 0.000 0.000 1.169 1.249 0.459 0.729 0.589 0.428 0.818 0.000 1.026 0.000 0.000 1.035 0.562 0.559 0.607 0.000 0.393
0.000 0.000 0.415 0.395 0.225 0.000 0.074 0.007 0.008 0.001 0.004 0.089 0.039 0.006 0.188 0.358 0.247 0.277 0.497 0.687 0.617 0.000 0.000 0.000 0.000 0.000 1.285 0.705 0.305 0.794 0.213 0.342 0.772 0.000 1.077 0.000 0.000 0.000 0.493 1.023 1.023 0.000 0.000 1.223 0.000 0.654 0.724 0.524 0.885 0.696 0.000 0.000 1.022 0.000 0.753 0.429 0.326 0.326 1.856 0.000 1.219 1.219 0.000 0.709 0.569 0.298 0.467 0.716 0.248 1.897 1.366 1.916 0.363 0.361 1.288 1.658 0.557
0.114 0.000 0.074 0.203 0.263 0.272 0.729 0.629 0.629 1.279 1.229 1.138 1.048 1.198 0.298 0.128 1.137 1.267 1.117 1.337 1.137 1.227 1.206 0.806 0.806 0.002 0.815 0.395 1.045 0.285 0.000 0.000 0.972 0.466 0.397 1.025 0.444 1.313 0.000 1.423 1.423 0.542 1.492 0.422 1.220 0.157 0.004 0.597 0.000 0.627 0.858 0.968 0.235 0.455 0.724 0.314 0.005 0.005 0.000 1.249 0.000 1.269 1.379 0.000 0.829 0.659 0.427 0.416 0.574 0.553 0.169 0.347 0.315 0.314 0.000 0.688 0.000
0.534 0.483 0.713 0.383 0.253 0.242 0.000 0.499 0.499 0.999 1.069 0.000 0.388 1.228 1.188 1.198 1.227 1.217 0.337 0.027 0.000 0.937 0.826 0.816 0.816 0.716 0.215 0.485 0.355 0.000 0.963 1.093 1.253 0.136 0.465 0.425 0.293 0.250 1.463 1.413 1.413 0.000 1.412 0.000 1.400 0.021 1.010 0.689 0.459 0.278 0.828 0.328 0.888 0.347 0.716 0.246 0.148 0.148 0.000 0.529 0.359 1.139 1.299 0.000 0.699 0.779 0.227 0.496 0.685 0.595 0.755 0.593 0.420 0.418 0.435 0.660 0.560
0.293 0.493 1.643 1.743 1.763 0.282 0.569 0.679 0.679 1.019 0.739 0.518 0.778 1.068 0.318 0.278 1.177 1.257 1.297 0.777 0.717 0.987 0.296 0.756 0.756 1.206 0.885 1.005 0.975 0.904 1.034 0.623 0.000 0.000 0.794 0.234 0.273 1.612 0.000 1.343 1.343 1.013 0.882 0.531 1.380 1.470 1.020 0.520 0.679 0.379 0.639 0.659 0.438 0.388 0.528 0.848 0.478 0.478 0.069 0.949 1.179 0.000 1.099 0.979 1.009 0.779 0.128 0.716 0.676 0.666 0.406 0.624 0.483 0.482 0.209 0.000 0.720
0.383 0.353 0.693 1.573 1.553 0.000 1.129 0.529 0.529 0.419 0.519 0.328 0.708 0.958 0.748 0.898 0.277 0.867 0.727 0.807 0.847 0.887 0.946 0.546 0.546 0.996 0.865 0.695 1.085 0.944 0.214 0.051 0.000 0.693 0.463 1.233 0.653 0.192 0.000 0.000 0.000 1.004 0.000 1.281 0.680 1.430 0.310 0.910 0.509 0.649 0.679 0.839 0.549 0.739 0.449 0.758 0.069 0.069 0.030 0.659 1.049 0.000 1.009 1.179 0.000 1.009 0.779 0.567 0.507 0.557 0.626 0.896 0.473 0.473 0.000 0.031 0.000
0.323 0.273 0.423 0.483 0.803 0.000 0.979 1.009 1.009 0.519 0.779 0.668 0.558 0.538 0.378 0.838 0.907 0.977 0.357 0.387 0.837 0.687 0.906 0.746 0.746 0.856 0.705 0.355 0.354 0.221 0.000 0.444 0.404 0.533 1.243 0.913 0.713 0.781 0.756 1.042 1.041 0.612 0.213 1.401 0.021 0.990 0.530 1.020 0.002 0.460 0.610 0.390 0.420 0.339 0.669 0.339 0.840 0.840 0.550 0.539 0.489 1.309 1.019 1.029 0.004 1.009 0.899 0.068 0.638 0.537 0.387 0.317 0.039 0.040 0.000 0.000 0.227
