includes/camargue/floodfiles/results_R3_t1.562344836599E12/res-0012.wdfp
ncols         906
nrows         631
xllcorner     362177.146667
yllcorner     6534725.688020
cellsize      20.000000
NODATA_value  -9999.000000
[rows 408 to 441 of 631, columns 616 to 692 of 906]
0.057 0.026 0.010 0.004 0.044 0.044 0.000 0.000 0.003 0.001 0.237 0.000 0.001 0.000 0.000 0.001 0.000 0.000 0.031 0.051 0.000 0.000 0.025 0.032 0.044 0.006 0.045 0.055 0.000 0.393 0.002 0.380 0.011 0.051 0.021 0.000 0.001 0.000 0.000 0.000 0.160 0.000 0.157 0.000 0.101 0.104 0.107 0.000 0.082 0.072 0.067 0.065 0.088 0.070 0.067 0.000 0.038 0.000 0.101 0.089 0.081 0.077 0.082 0.082 0.079 0.074 0.068 0.063 0.058 0.057 0.047 0.043 0.050 0.055 0.060 0.064 0.066
0.000 0.000 0.000 0.003 0.084 0.084 0.005 0.000 0.000 0.016 0.036 0.000 0.058 0.058 0.058 0.048 0.001 0.000 0.469 0.491 0.001 0.001 0.008 0.024 0.014 0.006 0.392 0.000 0.406 0.403 0.009 0.064 0.011 0.000 0.000 0.000 0.000 0.000 0.000 0.000 0.154 0.157 0.164 0.000 0.089 0.092 0.090 0.070 0.065 0.070 0.073 0.086 0.000 0.000 0.067 0.080 0.094 0.089 0.099 0.095 0.091 0.088 0.087 0.085 0.081 0.077 0.072 0.067 0.062 0.063 0.053 0.048 0.045 0.050 0.056 0.061 0.065
0.000 0.092 0.152 0.000 0.054 0.054 0.000 0.064 0.034 0.000 0.046 0.004 0.128 0.000 0.000 0.014 0.120 0.070 0.000 0.026 0.001 0.000 0.060 0.040 0.016 0.017 0.406 0.026 0.000 0.414 0.000 0.029 0.010 0.390 0.000 0.000 0.002 0.002 0.000 0.151 0.155 0.158 0.000 0.070 0.078 0.081 0.078 0.068 0.073 0.078 0.082 0.087 0.109 0.094 0.107 0.124 0.144 0.131 0.124 0.118 0.113 0.108 0.104 0.100 0.096 0.091 0.087 0.082 0.078 0.079 0.069 0.056 0.049 0.056 0.060 0.064 0.067
0.000 0.092 0.152 0.000 0.053 0.053 0.000 0.064 0.034 0.000 0.046 0.004 0.128 0.000 0.000 0.013 0.120 0.070 0.000 0.018 0.000 0.000 0.060 0.039 0.010 0.012 0.406 0.016 0.000 0.414 0.000 0.019 0.005 0.390 0.000 0.000 0.002 0.002 0.000 0.150 0.152 0.148 0.000 0.065 0.067 0.067 0.061 0.051 0.054 0.058 0.062 0.067 0.107 0.094 0.107 0.124 0.143 0.117 0.104 0.096 0.091 0.085 0.081 0.076 0.072 0.069 0.065 0.061 0.058 0.060 0.051 0.039 0.034 0.039 0.043 0.047 0.050
0.000 0.000 0.102 0.000 0.208 0.208 0.000 0.000 0.074 0.000 0.000 0.321 0.028 0.018 0.009 0.000 0.040 0.001 0.001 0.022 0.025 0.024 0.000 0.005 0.417 0.411 0.003 0.055 0.040 0.000 0.000 0.009 0.004 0.000 0.041 0.000 0.041 0.041 0.041 0.000 0.000 0.116 0.090 0.074 0.065 0.057 0.049 0.050 0.052 0.055 0.060 0.076 0.000 0.000 0.000 0.000 0.000 0.108 0.102 0.095 0.090 0.085 0.080 0.075 0.071 0.067 0.063 0.060 0.058 0.061 0.045 0.036 0.029 0.036 0.040 0.044 0.047
0.002 0.001 0.000 0.000 0.133 0.133 0.000 0.064 0.064 0.044 0.000 0.088 0.000 0.000 0.019 0.000 0.015 0.000 0.000 0.006 0.007 0.004 0.030 0.023 0.006 0.425 0.420 0.001 0.036 0.000 0.011 0.015 0.011 0.000 0.000 0.000 0.412 0.412 0.001 0.000 0.000 0.107 0.086 0.069 0.054 0.045 0.044 0.044 0.045 0.047 0.051 0.055 0.045 0.023 0.017 0.037 0.081 0.096 0.091 0.086 0.081 0.076 0.072 0.067 0.063 0.060 0.057 0.055 0.053 0.056 0.036 0.029 0.024 0.028 0.033 0.037 0.041
0.056 0.026 0.004 0.000 0.016 0.015 0.021 0.000 0.000 0.001 0.098 0.068 0.000 0.000 0.000 0.071 0.011 0.006 0.000 0.004 0.005 0.003 0.000 0.026 0.020 0.000 0.000 0.000 0.033 0.023 0.018 0.016 0.012 0.000 0.000 0.000 0.000 0.000 0.000 0.000 0.005 0.000 0.063 0.059 0.058 0.056 0.054 0.053 0.054 0.055 0.057 0.057 0.065 0.046 0.061 0.101 0.000 0.114 0.110 0.105 0.100 0.095 0.090 0.085 0.080 0.077 0.075 0.066 0.058 0.063 0.039 0.034 0.030 0.030 0.038 0.044 0.048
0.000 0.000 0.004 0.002 0.041 0.040 0.283 0.000 0.112 0.002 0.000 0.000 0.000 0.406 0.011 0.041 0.000 0.015 0.000 0.001 0.013 0.012 0.000 0.025 0.020 0.017 0.015 0.019 0.026 0.023 0.022 0.016 0.011 0.004 0.000 0.000 0.001 0.000 0.002 0.002 0.000 0.015 0.041 0.051 0.054 0.055 0.054 0.054 0.054 0.055 0.056 0.054 0.070 0.054 0.071 0.000 0.073 0.109 0.117 0.112 0.107 0.102 0.096 0.092 0.088 0.085 0.073 0.064 0.055 0.061 0.037 0.033 0.030 0.028 0.037 0.043 0.049
0.011 0.000 0.000 0.045 0.002 0.000 0.300 0.000 0.001 0.089 0.010 0.040 0.000 0.000 0.000 0.000 0.000 0.015 0.000 0.006 0.015 0.016 0.015 0.020 0.017 0.000 0.021 0.020 0.022 0.019 0.000 0.016 0.011 0.005 0.000 0.000 0.000 0.000 0.000 0.002 0.001 0.010 0.032 0.043 0.049 0.052 0.053 0.053 0.054 0.054 0.055 0.052 0.072 0.056 0.064 0.064 0.000 0.110 0.130 0.125 0.120 0.115 0.110 0.105 0.101 0.087 0.074 0.063 0.054 0.059 0.035 0.032 0.030 0.029 0.035 0.044 0.050
0.000 0.000 0.025 0.035 0.000 0.000 0.043 0.331 0.353 0.008 0.000 0.000 0.000 0.000 0.000 0.000 0.000 0.015 0.000 0.014 0.019 0.019 0.018 0.019 0.017 0.014 0.019 0.020 0.020 0.016 0.011 0.013 0.009 0.005 0.000 0.000 0.000 0.000 0.000 0.000 0.001 0.013 0.026 0.037 0.044 0.049 0.051 0.052 0.053 0.054 0.054 0.051 0.073 0.058 0.064 0.070 0.085 0.122 0.154 0.149 0.144 0.138 0.134 0.128 0.111 0.094 0.079 0.065 0.054 0.059 0.035 0.032 0.030 0.030 0.034 0.044 0.052
0.000 0.000 0.000 0.000 0.097 0.097 0.023 0.348 0.033 0.005 0.000 0.000 0.000 0.000 0.000 0.000 0.000 0.010 0.011 0.000 0.021 0.021 0.019 0.018 0.017 0.017 0.019 0.019 0.018 0.015 0.012 0.011 0.008 0.004 0.000 0.000 0.000 0.000 0.000 0.000 0.042 0.000 0.029 0.036 0.043 0.048 0.051 0.053 0.055 0.056 0.056 0.053 0.077 0.063 0.071 0.086 0.113 0.148 0.183 0.186 0.181 0.175 0.170 0.151 0.131 0.113 0.094 0.077 0.062 0.065 0.037 0.033 0.032 0.032 0.034 0.046 0.055
0.129 0.079 0.011 0.012 0.047 0.047 0.000 0.000 0.355 0.002 0.000 0.000 0.000 0.000 0.414 0.000 0.000 0.007 0.009 0.018 0.021 0.022 0.020 0.018 0.018 0.017 0.018 0.018 0.016 0.014 0.012 0.010 0.007 0.004 0.000 0.000 0.000 0.000 0.000 0.000 0.000 0.000 0.000 0.026 0.038 0.047 0.055 0.061 0.063 0.064 0.064 0.061 0.088 0.075 0.090 0.115 0.147 0.182 0.218 0.232 0.226 0.221 0.201 0.181 0.162 0.142 0.122 0.102 0.083 0.084 0.049 0.040 0.036 0.036 0.037 0.048 0.060
0.000 0.000 0.036 0.046 0.000 0.000 0.000 0.000 0.014 0.032 0.033 0.000 0.010 0.018 0.000 0.000 0.000 0.004 0.008 0.024 0.023 0.024 0.020 0.019 0.018 0.017 0.017 0.017 0.015 0.013 0.011 0.009 0.006 0.003 0.000 0.000 0.000 0.000 0.000 0.000 0.000 0.000 0.000 0.016 0.027 0.036 0.045 0.052 0.058 0.063 0.067 0.069 0.111 0.101 0.123 0.152 0.186 0.221 0.257 0.283 0.277 0.258 0.238 0.217 0.197 0.177 0.156 0.136 0.116 0.116 0.077 0.060 0.048 0.044 0.044 0.053 0.067
0.000 0.041 0.000 0.000 0.000 0.000 0.000 0.000 0.015 0.000 0.032 0.032 0.031 0.033 0.031 0.000 0.000 0.003 0.009 0.030 0.025 0.026 0.022 0.019 0.018 0.017 0.017 0.016 0.014 0.012 0.010 0.008 0.006 0.003 0.000 0.000 0.000 0.000 0.000 0.000 0.000 0.000 0.000 0.009 0.018 0.027 0.035 0.042 0.049 0.054 0.059 0.062 0.107 0.099 0.129 0.167 0.207 0.249 0.291 0.333 0.317 0.297 0.276 0.256 0.235 0.215 0.194 0.174 0.153 0.153 0.114 0.094 0.076 0.064 0.058 0.061 0.077
0.043 0.000 0.011 0.000 0.051 0.051 0.000 0.000 0.337 0.359 0.000 0.000 0.000 0.000 0.022 0.022 0.000 0.003 0.015 0.040 0.030 0.029 0.024 0.020 0.018 0.017 0.015 0.014 0.013 0.011 0.009 0.007 0.005 0.003 0.001 0.000 0.000 0.000 0.000 0.000 0.000 0.000 0.000 0.005 0.011 0.018 0.026 0.033 0.040 0.046 0.051 0.055 0.103 0.097 0.130 0.169 0.210 0.252 0.294 0.317 0.318 0.307 0.296 0.285 0.274 0.255 0.234 0.213 0.193 0.192 0.153 0.133 0.113 0.096 0.082 0.076 0.090
0.000 0.021 0.000 0.000 0.000 0.000 0.000 0.332 0.354 0.376 0.013 0.010 0.000 0.000 0.015 0.018 0.013 0.011 0.019 0.000 0.029 0.029 0.024 0.020 0.017 0.016 0.015 0.014 0.012 0.011 0.009 0.007 0.005 0.003 0.001 0.000 0.000 0.000 0.000 0.000 0.000 0.000 0.000 0.002 0.007 0.012 0.018 0.025 0.031 0.037 0.043 0.049 0.100 0.096 0.132 0.172 0.213 0.255 0.287 0.301 0.311 0.300 0.290 0.279 0.268 0.257 0.245 0.234 0.223 0.222 0.192 0.172 0.152 0.133 0.115 0.102 0.108
0.000 0.000 0.061 0.001 0.000 0.000 0.000 0.000 0.004 0.005 0.000 0.002 0.004 0.003 0.011 0.015 0.014 0.013 0.019 0.032 0.027 0.028 0.024 0.021 0.018 0.016 0.015 0.014 0.012 0.010 0.008 0.007 0.004 0.003 0.001 0.000 0.000 0.000 0.000 0.000 0.000 0.000 0.000 0.001 0.004 0.007 0.012 0.018 0.024 0.030 0.035 0.042 0.098 0.095 0.133 0.174 0.216 0.257 0.271 0.284 0.297 0.294 0.283 0.272 0.261 0.250 0.239 0.227 0.216 0.215 0.194 0.183 0.172 0.162 0.152 0.134 0.129
0.000 0.000 0.031 0.000 0.000 0.000 0.000 0.000 0.000 0.008 0.006 0.006 0.005 0.004 0.008 0.012 0.013 0.014 0.022 0.038 0.030 0.030 0.027 0.023 0.020 0.017 0.016 0.014 0.012 0.010 0.008 0.006 0.004 0.002 0.001 0.000 0.000 0.000 0.000 0.000 0.000 0.000 0.000 0.001 0.002 0.004 0.008 0.012 0.017 0.023 0.029 0.037 0.097 0.096 0.136 0.177 0.219 0.241 0.254 0.267 0.280 0.287 0.276 0.265 0.254 0.243 0.231 0.220 0.209 0.208 0.186 0.175 0.164 0.153 0.142 0.132 0.147
0.000 0.000 0.000 0.293 0.002 0.002 0.000 0.000 0.000 0.007 0.008 0.008 0.008 0.008 0.010 0.013 0.015 0.018 0.030 0.043 0.037 0.037 0.032 0.028 0.025 0.022 0.019 0.017 0.015 0.013 0.011 0.008 0.006 0.004 0.002 0.000 0.001 0.000 0.000 0.001 0.000 0.000 0.000 0.000 0.001 0.003 0.005 0.008 0.013 0.017 0.023 0.032 0.098 0.097 0.138 0.180 0.211 0.224 0.237 0.250 0.263 0.276 0.269 0.258 0.247 0.235 0.224 0.213 0.201 0.200 0.177 0.165 0.153 0.141 0.128 0.140 0.164
0.000 0.000 0.000 0.293 0.000 0.000 0.000 0.000 0.000 0.003 0.004 0.005 0.005 0.005 0.006 0.007 0.009 0.012 0.023 0.036 0.030 0.030 0.026 0.022 0.019 0.016 0.014 0.012 0.010 0.008 0.007 0.005 0.003 0.002 0.001 0.000 0.000 0.000 0.000 0.000 0.000 0.000 0.000 0.000 0.000 0.001 0.002 0.004 0.007 0.011 0.015 0.025 0.095 0.095 0.136 0.178 0.209 0.222 0.235 0.248 0.261 0.274 0.267 0.255 0.244 0.233 0.221 0.210 0.198 0.196 0.173 0.160 0.146 0.132 0.116 0.126 0.149
0.000 0.000 0.370 0.000 0.001 0.001 0.000 0.000 0.000 0.002 0.003 0.004 0.004 0.005 0.005 0.006 0.008 0.011 0.025 0.034 0.030 0.030 0.026 0.022 0.018 0.015 0.013 0.011 0.010 0.008 0.006 0.005 0.003 0.002 0.000 0.000 0.000 0.000 0.000 0.000 0.000 0.000 0.000 0.000 0.000 0.001 0.001 0.002 0.004 0.007 0.011 0.022 0.098 0.097 0.140 0.179 0.192 0.206 0.219 0.232 0.244 0.257 0.259 0.248 0.236 0.225 0.213 0.201 0.189 0.186 0.162 0.148 0.131 0.113 0.110 0.126 0.146
0.000 0.000 0.000 0.000 0.001 0.000 0.000 0.000 0.000 0.001 0.002 0.003 0.003 0.004 0.004 0.005 0.006 0.010 0.025 0.031 0.026 0.026 0.024 0.021 0.017 0.014 0.011 0.009 0.008 0.006 0.005 0.004 0.002 0.001 0.000 0.000 0.000 0.000 0.000 0.000 0.000 0.000 0.000 0.000 0.000 0.000 0.000 0.001 0.002 0.004 0.007 0.020 0.101 0.101 0.143 0.163 0.176 0.189 0.202 0.215 0.227 0.240 0.252 0.240 0.228 0.217 0.204 0.192 0.179 0.176 0.150 0.133 0.111 0.100 0.108 0.121 0.139
0.000 0.000 0.000 0.000 0.001 0.001 0.000 0.000 0.000 0.000 0.002 0.003 0.003 0.004 0.005 0.005 0.007 0.014 0.035 0.034 0.030 0.030 0.028 0.025 0.022 0.019 0.015 0.012 0.009 0.007 0.006 0.004 0.003 0.001 0.000 0.000 0.000 0.000 0.000 0.000 0.000 0.000 0.000 0.000 0.000 0.000 0.000 0.000 0.002 0.003 0.006 0.025 0.105 0.105 0.118 0.131 0.144 0.157 0.170 0.182 0.195 0.207 0.219 0.226 0.215 0.202 0.190 0.177 0.162 0.158 0.130 0.107 0.111 0.115 0.124 0.136 0.153
0.001 0.001 0.000 0.000 0.001 0.000 0.000 0.001 0.000 0.000 0.001 0.002 0.003 0.003 0.004 0.005 0.006 0.018 0.036 0.034 0.029 0.029 0.027 0.025 0.023 0.020 0.017 0.013 0.009 0.007 0.005 0.004 0.003 0.001 0.001 0.000 0.000 0.000 0.000 0.000 0.000 0.000 0.000 0.000 0.000 0.000 0.000 0.000 0.001 0.002 0.004 0.028 0.088 0.088 0.101 0.114 0.127 0.140 0.152 0.164 0.176 0.188 0.200 0.212 0.205 0.192 0.179 0.165 0.150 0.143 0.110 0.109 0.112 0.117 0.125 0.138 0.153
0.002 0.001 0.000 0.000 0.001 0.001 0.001 0.000 0.000 0.000 0.001 0.002 0.002 0.003 0.004 0.004 0.006 0.022 0.035 0.033 0.029 0.029 0.027 0.025 0.023 0.020 0.018 0.014 0.010 0.007 0.005 0.004 0.002 0.001 0.000 0.000 0.000 0.000 0.000 0.000 0.000 0.000 0.000 0.000 0.000 0.000 0.000 0.000 0.001 0.001 0.003 0.032 0.072 0.072 0.085 0.097 0.110 0.122 0.134 0.146 0.157 0.169 0.180 0.192 0.194 0.181 0.168 0.152 0.135 0.125 0.109 0.110 0.113 0.119 0.127 0.140 0.156
0.002 0.001 0.001 0.000 0.001 0.000 0.001 0.000 0.000 0.001 0.000 0.001 0.002 0.003 0.003 0.004 0.007 0.025 0.035 0.033 0.029 0.029 0.027 0.025 0.022 0.020 0.018 0.016 0.012 0.008 0.005 0.003 0.002 0.001 0.000 0.000 0.000 0.000 0.000 0.000 0.000 0.000 0.000 0.000 0.000 0.000 0.000 0.000 0.000 0.000 0.002 0.029 0.056 0.055 0.068 0.080 0.092 0.104 0.115 0.126 0.138 0.149 0.160 0.171 0.181 0.169 0.154 0.138 0.118 0.104 0.108 0.110 0.114 0.121 0.130 0.144 0.160
0.002 0.002 0.001 0.001 0.001 0.001 0.000 0.000 0.000 0.000 0.000 0.001 0.002 0.002 0.003 0.003 0.007 0.029 0.034 0.033 0.028 0.029 0.026 0.024 0.022 0.020 0.018 0.016 0.013 0.010 0.006 0.003 0.002 0.001 0.000 0.000 0.001 0.000 0.000 0.000 0.000 0.000 0.000 0.000 0.000 0.000 0.000 0.000 0.000 0.000 0.003 0.014 0.039 0.038 0.050 0.061 0.073 0.084 0.095 0.106 0.116 0.127 0.137 0.147 0.157 0.154 0.138 0.119 0.107 0.091 0.107 0.110 0.115 0.123 0.135 0.149 0.167
0.002 0.002 0.001 0.001 0.002 0.001 0.000 0.000 0.000 0.000 0.000 0.000 0.001 0.002 0.002 0.003 0.010 0.032 0.034 0.032 0.028 0.028 0.026 0.024 0.022 0.020 0.018 0.016 0.013 0.011 0.007 0.004 0.002 0.000 0.000 0.000 0.001 0.000 0.000 0.000 0.000 0.000 0.000 0.000 0.000 0.000 0.000 0.000 0.000 0.000 0.000 0.000 0.017 0.017 0.027 0.039 0.050 0.062 0.072 0.082 0.092 0.102 0.111 0.121 0.130 0.136 0.119 0.101 0.106 0.089 0.106 0.111 0.118 0.127 0.141 0.157 0.176
0.002 0.002 0.002 0.001 0.002 0.001 0.000 0.000 0.000 0.000 0.000 0.001 0.001 0.002 0.002 0.003 0.013 0.035 0.034 0.032 0.028 0.028 0.026 0.024 0.022 0.020 0.018 0.016 0.013 0.011 0.008 0.005 0.001 0.001 0.000 0.000 0.001 0.001 0.000 0.000 0.000 0.000 0.000 0.000 0.000 0.000 0.000 0.000 0.000 0.000 0.000 0.000 0.011 0.010 0.016 0.021 0.026 0.031 0.039 0.048 0.057 0.066 0.075 0.085 0.094 0.102 0.091 0.096 0.103 0.087 0.105 0.112 0.121 0.134 0.149 0.168 0.188
0.002 0.002 0.002 0.001 0.002 0.001 0.000 0.000 0.000 0.000 0.000 0.000 0.001 0.001 0.002 0.003 0.017 0.035 0.034 0.032 0.028 0.028 0.026 0.024 0.022 0.020 0.018 0.015 0.013 0.011 0.009 0.006 0.001 0.001 0.001 0.001 0.002 0.000 0.000 0.000 0.000 0.000 0.000 0.000 0.000 0.000 0.000 0.000 0.000 0.000 0.000 0.000 0.010 0.010 0.015 0.020 0.025 0.031 0.038 0.045 0.053 0.060 0.068 0.074 0.081 0.086 0.078 0.089 0.099 0.085 0.107 0.116 0.128 0.143 0.161 0.181 0.203
0.002 0.002 0.002 0.001 0.002 0.001 0.000 0.001 0.000 0.000 0.000 0.000 0.000 0.001 0.002 0.003 0.021 0.035 0.033 0.031 0.027 0.027 0.025 0.023 0.021 0.019 0.017 0.015 0.013 0.010 0.007 0.005 0.003 0.002 0.002 0.001 0.002 0.000 0.000 0.000 0.000 0.000 0.000 0.000 0.000 0.000 0.000 0.000 0.000 0.000 0.000 0.000 0.010 0.009 0.014 0.019 0.025 0.031 0.038 0.046 0.053 0.062 0.070 0.079 0.087 0.084 0.061 0.073 0.088 0.077 0.102 0.116 0.132 0.151 0.172 0.195 0.219
0.002 0.002 0.002 0.002 0.003 0.001 0.001 0.001 0.001 0.000 0.000 0.000 0.000 0.001 0.001 0.003 0.024 0.035 0.033 0.031 0.027 0.027 0.024 0.022 0.020 0.018 0.015 0.013 0.012 0.010 0.008 0.006 0.004 0.003 0.003 0.002 0.003 0.001 0.001 0.000 0.000 0.000 0.000 0.000 0.000 0.000 0.000 0.000 0.000 0.000 0.000 0.000 0.009 0.009 0.013 0.019 0.025 0.032 0.039 0.048 0.056 0.066 0.075 0.085 0.095 0.077 0.058 0.054 0.075 0.067 0.098 0.115 0.134 0.155 0.178 0.203 0.228
0.002 0.002 0.002 0.002 0.003 0.001 0.001 0.001 0.000 0.001 0.000 0.000 0.000 0.000 0.001 0.005 0.027 0.033 0.031 0.029 0.025 0.025 0.023 0.020 0.019 0.017 0.016 0.014 0.013 0.011 0.009 0.006 0.005 0.004 0.004 0.003 0.004 0.002 0.002 0.001 0.001 0.001 0.001 0.000 0.000 0.001 0.001 0.000 0.000 0.000 0.000 0.001 0.009 0.008 0.013 0.019 0.026 0.034 0.043 0.052 0.062 0.072 0.084 0.096 0.089 0.072 0.055 0.040 0.062 0.058 0.095 0.115 0.138 0.161 0.186 0.211 0.237
0.002 0.002 0.002 0.002 0.003 0.002 0.002 0.001 0.001 0.001 0.001 0.000 0.000 0.000 0.001 0.007 0.030 0.032 0.030 0.027 0.025 0.024 0.023 0.022 0.021 0.019 0.018 0.016 0.014 0.013 0.010 0.007 0.006 0.005 0.005 0.004 0.005 0.003 0.002 0.002 0.002 0.002 0.001 0.001 0.001 0.002 0.001 0.001 0.001 0.001 0.001 0.001 0.009 0.009 0.014 0.022 0.031 0.040 0.050 0.061 0.072 0.085 0.098 0.101 0.086 0.070 0.054 0.042 0.049 0.049 0.094 0.118 0.143 0.168 0.194 0.220 0.246
