includes/camargue/floodfiles/results_R3_t1.562344836599E12/res-0008.wd
ncols         906
nrows         631
xllcorner     362177.146667
yllcorner     6534725.688020
cellsize      20.000000
NODATA_value  -9999.000000
[rows 510 to 543 of 631, columns 770 to 846 of 906]
8.938 9.202 9.466 9.695 9.899 10.103 10.307 10.511 10.715 10.919 11.123 11.019 11.019 10.951 10.882 10.826 10.786 10.746 10.705 10.665 10.625 10.585 10.545 10.503 10.475 10.454 10.434 10.393 10.393 10.373 10.352 10.332 10.311 10.291 10.270 10.250 10.204 10.203 10.270 10.336 10.410 10.486 10.561 10.636 10.636 10.787 10.862 10.938 11.013 11.088 11.154 11.150 11.147 11.143 11.140 11.137 11.133 11.130 11.129 11.128 11.128 11.125 11.124 11.123 11.122 11.126 11.133 11.141 11.149 11.156 11.164 11.156 11.146 11.137 11.128 11.118 11.117
9.050 9.254 9.458 9.662 9.866 10.070 10.274 10.478 10.682 10.886 11.041 10.904 10.904 10.836 10.767 10.698 10.630 10.561 10.520 10.480 10.440 10.400 10.360 10.319 10.299 10.278 10.258 10.217 10.217 10.196 10.176 10.155 10.135 10.115 10.099 10.100 10.101 10.167 10.244 10.319 10.395 10.470 10.545 10.621 10.621 10.771 10.847 10.922 10.997 11.072 11.109 11.105 11.102 11.098 11.095 11.092 11.088 11.085 11.082 11.078 11.078 11.074 11.073 11.072 11.071 11.073 11.080 11.088 11.096 11.088 11.079 11.069 11.060 11.051 11.041 11.032 11.032
9.033 9.237 9.441 9.645 9.849 10.053 10.256 10.460 10.664 10.868 10.982 10.846 10.846 10.777 10.709 10.641 10.572 10.504 10.435 10.388 10.348 10.308 10.268 10.231 10.211 10.190 10.170 10.129 10.129 10.108 10.088 10.067 10.068 10.069 10.070 10.071 10.076 10.155 10.234 10.312 10.387 10.462 10.538 10.613 10.613 10.763 10.839 10.914 10.989 11.065 11.086 11.083 11.079 11.076 11.073 11.069 11.066 11.062 11.059 11.056 11.056 11.049 11.046 11.045 11.044 11.045 11.053 11.060 11.054 11.045 11.036 11.026 11.017 11.008 10.998 10.989 10.989
9.016 9.220 9.424 9.628 9.832 10.036 10.240 10.444 10.648 10.852 10.925 10.788 10.788 10.720 10.651 10.583 10.515 10.446 10.378 10.310 10.256 10.216 10.176 10.143 10.123 10.102 10.082 10.041 10.041 10.036 10.037 10.038 10.039 10.039 10.040 10.041 10.064 10.143 10.222 10.301 10.379 10.454 10.530 10.605 10.605 10.756 10.831 10.906 10.981 11.057 11.064 11.060 11.057 11.053 11.050 11.047 11.042 11.039 11.036 11.032 11.032 11.026 11.022 11.019 11.018 11.019 11.026 11.021 11.012 11.002 10.993 10.984 10.974 10.965 10.956 10.946 10.946
9.000 9.204 9.408 9.611 9.815 10.019 10.223 10.427 10.631 10.835 10.868 10.731 10.731 10.662 10.594 10.526 10.457 10.389 10.321 10.252 10.184 10.124 10.084 10.055 10.034 10.014 10.004 10.006 10.006 10.007 10.008 10.008 10.009 10.010 10.011 10.012 10.052 10.131 10.210 10.289 10.368 10.447 10.522 10.597 10.597 10.748 10.823 10.898 10.974 11.044 11.040 11.037 11.033 11.030 11.027 11.023 11.020 11.016 11.013 11.010 11.010 11.003 11.000 10.996 10.993 10.992 10.988 10.978 10.969 10.960 10.950 10.941 10.932 10.922 10.913 10.904 10.904
8.983 9.187 9.391 9.595 9.799 10.003 10.207 10.411 10.615 10.819 10.810 10.673 10.673 10.605 10.537 10.468 10.400 10.331 10.263 10.195 10.126 10.058 9.992 9.973 9.973 9.974 9.975 9.977 9.977 9.977 9.978 9.979 9.980 9.981 9.981 9.982 10.040 10.119 10.198 10.277 10.356 10.435 10.514 10.589 10.588 10.739 10.814 10.890 10.965 11.021 11.018 11.014 11.011 11.007 11.004 11.001 10.997 10.994 10.991 10.987 10.987 10.981 10.977 10.974 10.963 10.955 10.948 10.938 10.928 10.918 10.908 10.898 10.889 10.880 10.870 10.861 10.861
8.987 9.170 9.374 9.578 9.782 9.986 10.190 10.394 10.598 10.802 10.753 10.616 10.616 10.548 10.479 10.411 10.342 10.274 10.206 10.137 10.069 10.013 9.959 9.944 9.944 9.945 9.946 9.947 9.947 9.948 9.949 9.950 9.950 9.951 9.952 9.953 10.028 10.107 10.185 10.264 10.343 10.422 10.501 10.580 10.580 10.731 10.806 10.882 10.957 10.998 10.995 10.992 10.988 10.985 10.982 10.978 10.975 10.971 10.968 10.965 10.965 10.951 10.939 10.928 10.917 10.913 10.910 10.900 10.891 10.881 10.871 10.861 10.851 10.841 10.831 10.821 10.821
9.031 9.198 9.365 9.562 9.766 9.970 10.174 10.378 10.582 10.764 10.695 10.558 10.558 10.490 10.422 10.353 10.285 10.217 10.152 10.099 10.046 9.992 9.946 9.932 9.918 9.915 9.916 9.918 9.918 9.918 9.919 9.920 9.920 9.921 9.921 9.936 10.015 10.094 10.173 10.252 10.331 10.410 10.489 10.568 10.568 10.723 10.799 10.874 10.949 10.976 10.973 10.969 10.966 10.962 10.959 10.956 10.952 10.949 10.938 10.927 10.927 10.905 10.894 10.883 10.872 10.871 10.869 10.863 10.853 10.843 10.834 10.824 10.814 10.804 10.794 10.784 10.784
9.074 9.241 9.408 9.575 9.749 9.953 10.157 10.361 10.565 10.706 10.638 10.501 10.501 10.433 10.364 10.296 10.239 10.186 10.132 10.079 10.025 9.972 9.933 9.919 9.905 9.890 9.886 9.887 9.887 9.888 9.889 9.890 9.890 9.891 9.892 9.924 10.003 10.082 10.161 10.240 10.319 10.398 10.477 10.556 10.556 10.714 10.791 10.866 10.941 10.953 10.950 10.947 10.943 10.940 10.936 10.925 10.914 10.903 10.892 10.881 10.881 10.859 10.848 10.837 10.830 10.829 10.827 10.826 10.816 10.806 10.796 10.786 10.777 10.767 10.757 10.747 10.747
9.118 9.285 9.452 9.619 9.786 9.953 10.141 10.345 10.549 10.649 10.580 10.444 10.444 10.379 10.325 10.272 10.219 10.165 10.111 10.057 10.004 9.951 9.920 9.906 9.892 9.878 9.864 9.858 9.858 9.859 9.859 9.860 9.861 9.862 9.863 9.912 9.991 10.070 10.149 10.228 10.307 10.386 10.465 10.544 10.544 10.702 10.781 10.858 10.934 10.931 10.928 10.923 10.912 10.901 10.890 10.879 10.868 10.857 10.846 10.835 10.835 10.813 10.802 10.791 10.788 10.787 10.785 10.784 10.779 10.769 10.759 10.749 10.739 10.729 10.720 10.710 10.710
9.161 9.328 9.495 9.662 9.829 9.996 10.163 10.330 10.531 10.590 10.522 10.411 10.411 10.358 10.304 10.251 10.197 10.144 10.090 10.037 9.984 9.930 9.907 9.893 9.879 9.865 9.851 9.828 9.828 9.829 9.830 9.831 9.832 9.832 9.833 9.900 9.979 10.058 10.137 10.216 10.295 10.374 10.453 10.532 10.532 10.689 10.768 10.847 10.911 10.900 10.889 10.878 10.867 10.855 10.844 10.833 10.822 10.811 10.800 10.789 10.789 10.767 10.756 10.747 10.746 10.744 10.743 10.741 10.740 10.732 10.722 10.712 10.701 10.691 10.681 10.671 10.671
9.204 9.372 9.539 9.705 9.872 10.040 10.207 10.374 10.539 10.551 10.497 10.391 10.391 10.337 10.284 10.230 10.177 10.124 10.070 10.017 9.963 9.910 9.894 9.880 9.867 9.853 9.839 9.811 9.811 9.800 9.800 9.801 9.802 9.803 9.809 9.888 9.967 10.046 10.125 10.204 10.283 10.362 10.441 10.519 10.519 10.678 10.760 10.842 10.874 10.854 10.843 10.832 10.821 10.810 10.799 10.788 10.777 10.765 10.754 10.743 10.743 10.721 10.710 10.704 10.703 10.701 10.700 10.698 10.697 10.693 10.684 10.674 10.664 10.654 10.644 10.634 10.634
9.248 9.415 9.582 9.749 9.916 10.083 10.250 10.362 10.447 10.474 10.477 10.370 10.370 10.317 10.263 10.210 10.157 10.103 10.050 9.996 9.943 9.896 9.882 9.868 9.854 9.840 9.826 9.798 9.798 9.784 9.771 9.772 9.773 9.773 9.797 9.876 9.955 10.034 10.113 10.192 10.271 10.349 10.430 10.511 10.511 10.675 10.757 10.839 10.840 10.816 10.797 10.786 10.775 10.764 10.753 10.741 10.730 10.719 10.708 10.697 10.697 10.674 10.664 10.662 10.661 10.659 10.657 10.656 10.654 10.653 10.646 10.636 10.627 10.617 10.607 10.597 10.597
9.291 9.459 9.625 9.793 9.960 10.099 10.184 10.270 10.356 10.374 10.382 10.350 10.350 10.297 10.243 10.190 10.136 10.083 10.030 9.976 9.923 9.883 9.869 9.855 9.841 9.827 9.814 9.786 9.786 9.772 9.758 9.744 9.743 9.744 9.785 9.864 9.943 10.022 10.100 10.181 10.263 10.345 10.427 10.509 10.509 10.673 10.754 10.829 10.805 10.781 10.758 10.739 10.728 10.717 10.706 10.695 10.684 10.673 10.662 10.651 10.651 10.629 10.621 10.620 10.618 10.617 10.615 10.614 10.612 10.611 10.609 10.599 10.589 10.579 10.570 10.560 10.560
9.291 9.458 9.625 9.793 9.960 10.099 10.184 10.270 10.356 10.374 10.382 10.350 10.350 10.297 10.243 10.190 10.136 10.083 10.030 9.976 9.923 9.883 9.869 9.855 9.841 9.827 9.814 9.786 9.786 9.772 9.758 9.744 9.743 9.744 9.785 9.864 9.943 10.022 10.100 10.180 10.262 10.344 10.426 10.508 10.508 10.672 10.753 10.829 10.805 10.781 10.758 10.739 10.728 10.717 10.706 10.695 10.684 10.673 10.662 10.651 10.651 10.629 10.621 10.620 10.618 10.617 10.615 10.614 10.612 10.611 10.609 10.599 10.589 10.579 10.570 10.560 10.560
9.335 9.502 9.669 9.836 9.921 10.007 10.093 10.178 10.264 10.275 10.283 10.299 10.299 10.276 10.223 10.169 10.116 10.063 10.009 9.956 9.902 9.871 9.857 9.843 9.829 9.815 9.801 9.773 9.773 9.759 9.745 9.730 9.717 9.713 9.772 9.851 9.931 10.013 10.095 10.177 10.259 10.341 10.423 10.505 10.505 10.669 10.751 10.795 10.771 10.747 10.724 10.700 10.682 10.671 10.660 10.649 10.638 10.627 10.616 10.605 10.605 10.583 10.579 10.578 10.576 10.575 10.573 10.572 10.570 10.569 10.567 10.562 10.552 10.542 10.532 10.522 10.522
9.378 9.545 9.658 9.744 9.829 9.915 10.001 10.086 10.168 10.176 10.184 10.200 10.200 10.208 10.203 10.149 10.096 10.042 9.989 9.935 9.882 9.858 9.844 9.830 9.815 9.801 9.787 9.760 9.760 9.746 9.732 9.718 9.704 9.702 9.765 9.847 9.928 10.010 10.092 10.174 10.256 10.338 10.420 10.502 10.502 10.666 10.748 10.761 10.737 10.713 10.690 10.666 10.642 10.625 10.614 10.603 10.592 10.581 10.570 10.559 10.559 10.538 10.537 10.535 10.534 10.532 10.531 10.529 10.528 10.526 10.525 10.523 10.515 10.505 10.495 10.485 10.485
9.303 9.389 9.474 9.560 9.646 9.732 9.817 9.903 9.969 9.977 9.985 10.001 10.001 10.009 10.017 10.025 10.032 10.001 9.947 9.894 9.846 9.832 9.818 9.804 9.790 9.776 9.762 9.762 9.762 9.765 9.768 9.771 9.774 9.793 9.826 9.860 9.923 10.005 10.087 10.169 10.251 10.333 10.414 10.496 10.496 10.660 10.717 10.693 10.669 10.645 10.622 10.598 10.574 10.550 10.527 10.511 10.500 10.489 10.478 10.467 10.467 10.454 10.453 10.451 10.450 10.448 10.447 10.445 10.443 10.442 10.440 10.439 10.437 10.430 10.421 10.411 10.411
9.211 9.297 9.382 9.468 9.554 9.639 9.724 9.810 9.869 9.877 9.885 9.901 9.901 9.909 9.917 9.925 9.933 9.941 9.927 9.873 9.833 9.819 9.805 9.791 9.787 9.790 9.793 9.799 9.799 9.803 9.806 9.809 9.812 9.839 9.872 9.906 9.939 10.002 10.084 10.166 10.248 10.330 10.412 10.494 10.494 10.657 10.683 10.659 10.635 10.611 10.588 10.564 10.540 10.516 10.493 10.469 10.455 10.444 10.433 10.421 10.421 10.412 10.410 10.409 10.407 10.406 10.404 10.403 10.401 10.400 10.398 10.397 10.395 10.393 10.383 10.372 10.372
9.119 9.205 9.290 9.376 9.462 9.547 9.633 9.718 9.770 9.778 9.786 9.802 9.802 9.810 9.818 9.826 9.834 9.842 9.850 9.853 9.820 9.815 9.818 9.821 9.825 9.828 9.831 9.837 9.837 9.840 9.844 9.847 9.851 9.885 9.918 9.952 9.985 10.019 10.081 10.163 10.245 10.327 10.409 10.491 10.491 10.655 10.649 10.625 10.601 10.578 10.554 10.530 10.506 10.482 10.459 10.435 10.411 10.398 10.387 10.376 10.376 10.370 10.368 10.367 10.365 10.363 10.361 10.360 10.358 10.357 10.355 10.354 10.352 10.351 10.345 10.382 10.382
9.027 9.113 9.198 9.284 9.370 9.455 9.541 9.626 9.671 9.679 9.687 9.703 9.703 9.711 9.719 9.727 9.735 9.743 9.756 9.790 9.846 9.853 9.856 9.859 9.862 9.866 9.869 9.875 9.875 9.878 9.882 9.885 9.897 9.931 9.964 9.998 10.031 10.065 10.099 10.160 10.242 10.324 10.406 10.488 10.488 10.639 10.615 10.591 10.567 10.544 10.520 10.496 10.472 10.448 10.425 10.401 10.376 10.352 10.340 10.330 10.330 10.327 10.325 10.323 10.322 10.320 10.319 10.317 10.316 10.314 10.313 10.311 10.321 10.336 10.360 10.425 10.425
8.951 9.027 9.106 9.192 9.278 9.363 9.449 9.535 9.572 9.580 9.588 9.604 9.604 9.611 9.619 9.627 9.656 9.689 9.723 9.756 9.819 9.883 9.894 9.897 9.900 9.903 9.907 9.913 9.913 9.916 9.919 9.923 9.943 9.977 10.010 10.044 10.077 10.111 10.145 10.178 10.239 10.321 10.403 10.485 10.485 10.604 10.580 10.556 10.532 10.509 10.485 10.461 10.437 10.413 10.390 10.366 10.342 10.318 10.294 10.287 10.287 10.284 10.283 10.298 10.312 10.327 10.341 10.356 10.370 10.385 10.400 10.414 10.429 10.443 10.491 10.555 10.555
8.875 8.951 9.027 9.104 9.186 9.271 9.357 9.443 9.472 9.480 9.488 9.504 9.504 9.522 9.555 9.588 9.622 9.656 9.689 9.730 9.793 9.857 9.921 9.935 9.938 9.941 9.945 9.951 9.951 9.954 9.957 9.960 9.989 10.023 10.056 10.090 10.122 10.156 10.190 10.223 10.257 10.317 10.399 10.481 10.481 10.570 10.546 10.522 10.498 10.475 10.451 10.427 10.403 10.379 10.356 10.332 10.311 10.306 10.301 10.347 10.347 10.376 10.390 10.405 10.420 10.434 10.449 10.463 10.478 10.492 10.507 10.521 10.536 10.559 10.623 10.686 10.686
8.798 8.875 8.951 9.028 9.104 9.180 9.265 9.351 9.373 9.381 9.389 9.454 9.454 9.488 9.521 9.555 9.588 9.622 9.655 9.703 9.767 9.831 9.894 9.958 9.976 9.979 9.982 9.988 9.988 9.991 9.994 10.001 10.034 10.068 10.101 10.135 10.168 10.202 10.236 10.269 10.303 10.336 10.397 10.478 10.478 10.536 10.512 10.488 10.464 10.441 10.417 10.393 10.376 10.371 10.365 10.360 10.355 10.349 10.359 10.425 10.425 10.483 10.498 10.512 10.527 10.541 10.556 10.571 10.585 10.600 10.614 10.629 10.643 10.691 10.754 10.818 10.818
8.722 8.798 8.875 8.951 9.028 9.104 9.181 9.259 9.287 9.320 9.354 9.421 9.421 9.454 9.488 9.521 9.555 9.588 9.621 9.676 9.740 9.803 9.867 9.931 9.995 10.016 10.019 10.026 10.026 10.029 10.032 10.047 10.080 10.114 10.147 10.181 10.215 10.248 10.282 10.315 10.349 10.382 10.416 10.476 10.476 10.502 10.478 10.454 10.441 10.436 10.430 10.425 10.420 10.414 10.409 10.403 10.398 10.393 10.429 10.495 10.495 10.590 10.605 10.620 10.634 10.649 10.663 10.678 10.692 10.707 10.721 10.736 10.759 10.823 10.886 10.949 10.949
8.646 8.722 8.799 8.875 8.951 9.028 9.104 9.179 9.253 9.287 9.320 9.387 9.387 9.421 9.454 9.487 9.521 9.554 9.588 9.650 9.714 9.777 9.841 9.905 9.968 10.032 10.057 10.064 10.064 10.067 10.070 10.093 10.126 10.160 10.193 10.227 10.261 10.294 10.328 10.361 10.395 10.428 10.462 10.495 10.495 10.500 10.495 10.490 10.484 10.479 10.474 10.468 10.463 10.458 10.452 10.447 10.441 10.436 10.499 10.564 10.564 10.696 10.712 10.727 10.741 10.756 10.771 10.785 10.800 10.814 10.829 10.843 10.891 10.954 11.017 11.081 11.081
8.569 8.646 8.722 8.799 8.875 8.950 9.026 9.101 9.175 9.249 9.287 9.353 9.353 9.387 9.420 9.454 9.487 9.521 9.560 9.624 9.687 9.751 9.815 9.878 9.942 10.006 10.070 10.101 10.101 10.105 10.108 10.139 10.172 10.206 10.239 10.273 10.307 10.340 10.374 10.407 10.432 10.448 10.463 10.479 10.479 10.544 10.538 10.533 10.528 10.522 10.517 10.512 10.506 10.501 10.496 10.490 10.485 10.503 10.569 10.634 10.634 10.765 10.820 10.834 10.849 10.863 10.878 10.892 10.907 10.921 10.936 10.959 11.022 11.086 11.149 11.212 11.212
8.493 8.569 8.645 8.721 8.797 8.873 8.949 9.023 9.097 9.171 9.245 9.320 9.320 9.353 9.387 9.420 9.454 9.487 9.534 9.598 9.661 9.725 9.789 9.852 9.916 9.980 10.043 10.139 10.139 10.142 10.151 10.185 10.218 10.252 10.285 10.319 10.350 10.365 10.381 10.396 10.412 10.427 10.443 10.468 10.468 10.575 10.582 10.576 10.571 10.566 10.560 10.555 10.550 10.544 10.539 10.534 10.528 10.573 10.638 10.704 10.704 10.835 10.900 10.940 10.955 10.970 10.984 10.999 11.013 11.028 11.042 11.089 11.153 11.216 11.279 11.343 11.343
8.416 8.492 8.568 8.643 8.719 8.795 8.871 8.945 9.019 9.093 9.167 9.286 9.286 9.320 9.353 9.386 9.420 9.453 9.508 9.571 9.635 9.699 9.762 9.826 9.890 9.953 10.017 10.144 10.144 10.180 10.197 10.231 10.264 10.282 10.298 10.313 10.329 10.345 10.360 10.376 10.391 10.407 10.422 10.460 10.460 10.567 10.620 10.620 10.614 10.608 10.603 10.597 10.592 10.587 10.581 10.576 10.576 10.642 10.707 10.773 10.773 10.904 10.969 11.035 11.062 11.077 11.091 11.106 11.121 11.135 11.157 11.221 11.284 11.348 11.411 11.474 11.474
8.338 8.414 8.490 8.566 8.642 8.718 8.793 8.867 8.941 9.015 9.089 9.237 9.237 9.286 9.319 9.353 9.386 9.420 9.481 9.545 9.609 9.672 9.736 9.800 9.864 9.927 9.991 10.118 10.118 10.178 10.215 10.231 10.246 10.262 10.277 10.293 10.308 10.324 10.338 10.354 10.369 10.385 10.400 10.451 10.451 10.558 10.611 10.662 10.657 10.651 10.646 10.641 10.635 10.630 10.625 10.619 10.646 10.711 10.777 10.843 10.843 10.974 11.039 11.105 11.170 11.184 11.199 11.213 11.228 11.242 11.289 11.352 11.416 11.479 11.542 11.606 11.606
8.338 8.414 8.490 8.566 8.642 8.718 8.793 8.867 8.941 9.015 9.089 9.237 9.237 9.286 9.319 9.353 9.386 9.420 9.481 9.545 9.609 9.672 9.736 9.800 9.864 9.927 9.991 10.117 10.117 10.177 10.214 10.230 10.245 10.261 10.276 10.292 10.307 10.323 10.338 10.354 10.369 10.385 10.400 10.451 10.451 10.558 10.611 10.662 10.657 10.651 10.646 10.641 10.635 10.630 10.625 10.619 10.646 10.711 10.777 10.843 10.843 10.974 11.039 11.105 11.170 11.184 11.199 11.213 11.228 11.242 11.289 11.352 11.416 11.479 11.542 11.606 11.606
8.261 8.336 8.412 8.488 8.564 8.640 8.715 8.789 8.863 8.937 9.011 9.159 9.159 9.233 9.286 9.319 9.352 9.391 9.455 9.518 9.582 9.645 9.709 9.773 9.836 9.900 9.955 10.066 10.066 10.121 10.175 10.209 10.225 10.240 10.256 10.271 10.287 10.302 10.318 10.333 10.349 10.364 10.390 10.443 10.443 10.550 10.603 10.656 10.700 10.695 10.689 10.684 10.679 10.673 10.668 10.663 10.716 10.781 10.847 10.912 10.912 11.044 11.109 11.175 11.240 11.291 11.306 11.321 11.335 11.357 11.420 11.484 11.547 11.611 11.674 11.737 11.737
8.183 8.259 8.335 8.411 8.487 8.562 8.637 8.711 8.785 8.859 8.933 9.081 9.081 9.155 9.229 9.285 9.319 9.365 9.428 9.492 9.556 9.619 9.679 9.734 9.789 9.844 9.900 10.010 10.010 10.065 10.119 10.173 10.204 10.219 10.235 10.251 10.266 10.282 10.297 10.313 10.328 10.344 10.382 10.435 10.435 10.542 10.595 10.648 10.702 10.738 10.733 10.727 10.722 10.717 10.711 10.720 10.785 10.851 10.917 10.982 10.982 11.113 11.179 11.244 11.310 11.376 11.413 11.428 11.442 11.489 11.552 11.615 11.679 11.742 11.805 11.869 11.869
8.145 8.153 8.180 8.256 8.332 8.407 8.481 8.555 8.629 8.703 8.777 8.925 8.925 8.999 9.073 9.147 9.220 9.291 9.347 9.402 9.457 9.512 9.568 9.623 9.678 9.733 9.789 9.899 9.899 9.953 10.007 10.061 10.114 10.168 10.194 10.209 10.225 10.240 10.256 10.271 10.287 10.313 10.366 10.419 10.419 10.526 10.579 10.632 10.686 10.739 10.792 10.814 10.809 10.803 10.798 10.859 10.925 10.991 11.056 11.122 11.122 11.253 11.319 11.384 11.450 11.515 11.581 11.642 11.688 11.752 11.815 11.878 11.942 12.005 12.068 12.132 12.132
