includes/camargue/floodfiles/results_R3_t1.562344836599E12/res-0006.wd
ncols         906
nrows         631
xllcorner     362177.146667
yllcorner     6534725.688020
cellsize      20.000000
NODATA_value  -9999.000000
[rows 544 to 577 of 631, columns 308 to 384 of 906]
8.415 8.317 8.219 8.120 8.008 7.839 7.839 7.501 7.332 7.163 6.994 6.825 6.656 6.487 6.318 6.149 5.980 5.811 5.643 5.745 5.867 5.988 5.988 6.232 6.353 6.475 6.596 6.718 6.840 6.961 7.083 7.204 7.326 7.411 7.346 7.281 7.217 6.988 6.515 6.515 6.278 6.041 5.804 5.567 5.330 5.094 4.857 4.657 4.645 4.633 4.621 4.609 4.597 4.584 4.548 4.548 4.527 4.507 4.486 4.465 4.444 4.436 4.430 4.425 4.419 4.414 4.408 4.403 4.397 4.391 4.380 4.380 4.375 4.376 4.373 4.361 4.348
8.466 8.367 8.269 8.170 8.072 7.905 7.905 7.568 7.399 7.230 7.061 6.892 6.723 6.554 6.385 6.216 6.047 5.878 5.696 5.685 5.859 6.033 6.033 6.381 6.555 6.684 6.806 6.928 7.049 7.171 7.292 7.414 7.536 7.657 7.626 7.561 7.360 7.123 6.650 6.650 6.413 6.176 5.939 5.702 5.465 5.229 4.992 4.755 4.702 4.690 4.678 4.666 4.654 4.639 4.597 4.597 4.576 4.556 4.535 4.514 4.493 4.481 4.475 4.470 4.464 4.458 4.453 4.447 4.442 4.436 4.425 4.425 4.426 4.427 4.428 4.416 4.403
8.516 8.417 8.319 8.220 8.122 7.972 7.972 7.634 7.465 7.296 7.127 6.958 6.789 6.620 6.451 6.282 6.113 5.934 5.749 5.592 5.766 5.940 5.940 6.288 6.462 6.636 6.810 6.984 7.157 7.331 7.502 7.623 7.745 7.867 7.905 7.732 7.495 7.258 6.785 6.785 6.548 6.311 6.074 5.837 5.600 5.364 5.127 4.890 4.759 4.747 4.735 4.723 4.708 4.688 4.646 4.646 4.625 4.604 4.584 4.563 4.542 4.525 4.520 4.514 4.509 4.503 4.498 4.492 4.486 4.481 4.477 4.477 4.478 4.479 4.480 4.471 4.458
8.566 8.467 8.369 8.271 8.172 8.038 8.038 7.700 7.531 7.362 7.193 7.024 6.856 6.687 6.518 6.349 6.172 5.986 5.801 5.616 5.672 5.846 5.846 6.194 6.368 6.542 6.716 6.890 7.064 7.238 7.412 7.586 7.760 7.934 8.075 7.855 7.630 7.393 6.920 6.920 6.683 6.446 6.209 5.972 5.735 5.499 5.262 5.025 4.816 4.804 4.792 4.778 4.757 4.736 4.695 4.695 4.674 4.653 4.633 4.612 4.591 4.570 4.564 4.559 4.553 4.548 4.542 4.537 4.531 4.526 4.528 4.528 4.529 4.531 4.532 4.526 4.513
8.616 8.518 8.419 8.321 8.222 8.105 8.105 7.767 7.598 7.429 7.260 7.091 6.922 6.753 6.584 6.410 6.224 6.039 5.854 5.669 5.579 5.753 5.753 6.101 6.275 6.449 6.623 6.797 6.971 7.145 7.319 7.493 7.666 7.833 7.975 7.892 7.673 7.453 7.014 7.014 6.794 6.575 6.344 6.107 5.870 5.634 5.397 5.160 4.923 4.861 4.848 4.827 4.806 4.785 4.744 4.744 4.723 4.702 4.682 4.661 4.640 4.619 4.609 4.604 4.598 4.592 4.587 4.581 4.577 4.578 4.580 4.580 4.581 4.582 4.583 4.581 4.568
8.666 8.568 8.469 8.371 8.272 8.171 8.171 7.833 7.664 7.495 7.326 7.157 6.988 6.819 6.648 6.462 6.277 6.092 5.906 5.721 5.536 5.660 5.660 6.007 6.181 6.355 6.529 6.703 6.877 7.051 7.225 7.399 7.573 7.715 7.856 7.929 7.710 7.490 7.051 7.051 6.831 6.611 6.392 6.172 5.953 5.733 5.513 5.294 5.058 4.917 4.896 4.876 4.855 4.834 4.793 4.793 4.772 4.751 4.731 4.710 4.689 4.668 4.654 4.648 4.643 4.637 4.632 4.627 4.628 4.629 4.632 4.632 4.633 4.634 4.635 4.636 4.623
8.716 8.618 8.519 8.421 8.323 8.224 8.224 7.900 7.731 7.562 7.393 7.224 7.055 6.886 6.700 6.515 6.330 6.144 5.959 5.774 5.588 5.566 5.566 5.914 6.088 6.262 6.436 6.610 6.784 6.958 7.132 7.306 7.455 7.596 7.737 7.879 7.746 7.527 7.088 7.088 6.868 6.648 6.429 6.209 5.990 5.770 5.550 5.331 5.111 4.965 4.944 4.924 4.904 4.883 4.842 4.842 4.821 4.800 4.779 4.759 4.738 4.717 4.698 4.693 4.688 4.682 4.678 4.679 4.680 4.681 4.683 4.683 4.685 4.686 4.687 4.688 4.678
8.766 8.668 8.570 8.471 8.373 8.274 8.274 7.966 7.797 7.628 7.459 7.290 7.121 6.938 6.753 6.568 6.382 6.197 6.012 5.826 5.641 5.472 5.473 5.821 5.994 6.168 6.342 6.516 6.690 6.864 7.038 7.195 7.336 7.477 7.619 7.760 7.783 7.564 7.124 7.124 6.905 6.685 6.466 6.246 6.026 5.807 5.587 5.368 5.192 5.048 4.991 4.971 4.951 4.931 4.890 4.891 4.870 4.849 4.828 4.808 4.787 4.766 4.745 4.738 4.732 4.728 4.730 4.731 4.732 4.733 4.735 4.735 4.736 4.737 4.738 4.739 4.733
8.817 8.718 8.620 8.521 8.423 8.325 8.325 8.032 7.863 7.694 7.525 7.357 7.176 6.991 6.805 6.620 6.435 6.250 6.064 5.879 5.694 5.508 5.508 5.727 5.901 6.075 6.249 6.423 6.597 6.771 6.935 7.076 7.218 7.359 7.500 7.642 7.783 7.601 7.161 7.161 6.942 6.722 6.503 6.283 6.063 5.844 5.624 5.428 5.284 5.140 5.037 5.017 4.997 4.977 4.937 4.937 4.917 4.897 4.877 4.857 4.836 4.815 4.794 4.782 4.779 4.780 4.781 4.782 4.783 4.785 4.787 4.787 4.788 4.789 4.790 4.791 4.788
8.867 8.768 8.670 8.572 8.473 8.375 8.375 8.099 7.930 7.761 7.592 7.414 7.229 7.043 6.858 6.673 6.488 6.302 6.117 5.932 5.746 5.561 5.561 5.634 5.807 5.982 6.155 6.329 6.503 6.675 6.816 6.958 7.099 7.240 7.382 7.523 7.664 7.638 7.198 7.198 6.979 6.759 6.539 6.320 6.100 5.881 5.664 5.520 5.376 5.231 5.087 5.064 5.044 5.023 4.983 4.983 4.963 4.943 4.923 4.903 4.883 4.863 4.843 4.830 4.831 4.832 4.833 4.834 4.835 4.836 4.838 4.838 4.839 4.841 4.842 4.843 4.844
8.917 8.818 8.720 8.622 8.523 8.425 8.425 8.165 7.996 7.827 7.652 7.467 7.281 7.096 6.911 6.725 6.540 6.355 6.170 5.984 5.799 5.614 5.614 5.540 5.714 5.888 6.062 6.236 6.410 6.556 6.697 6.839 6.980 7.122 7.263 7.404 7.546 7.674 7.235 7.235 7.016 6.796 6.576 6.357 6.137 5.917 5.756 5.612 5.468 5.323 5.179 5.110 5.090 5.070 5.030 5.030 5.010 4.989 4.969 4.949 4.929 4.909 4.866 4.814 4.840 4.866 4.884 4.886 4.887 4.888 4.890 4.890 4.891 4.892 4.893 4.894 4.896
8.738 8.753 8.767 8.672 8.573 8.475 8.475 8.232 8.063 7.890 7.705 7.519 7.334 7.149 6.963 6.778 6.593 6.408 6.222 6.037 5.852 5.666 5.666 5.447 5.621 5.795 5.968 6.142 6.296 6.437 6.579 6.720 6.862 7.003 7.145 7.286 7.427 7.569 7.272 7.272 7.052 6.833 6.613 6.393 6.174 5.992 5.848 5.703 5.559 5.415 5.271 5.156 5.136 5.116 5.076 5.076 5.056 5.036 5.016 4.996 4.976 4.927 4.860 4.793 4.819 4.845 4.870 4.896 4.922 4.939 4.942 4.942 4.943 4.944 4.945 4.946 4.947
8.738 8.753 8.767 8.672 8.573 8.475 8.475 8.232 8.063 7.890 7.705 7.519 7.334 7.149 6.963 6.778 6.593 6.408 6.222 6.037 5.852 5.666 5.666 5.447 5.621 5.794 5.968 6.142 6.296 6.437 6.579 6.720 6.862 7.003 7.145 7.286 7.427 7.569 7.272 7.272 7.052 6.833 6.613 6.394 6.174 5.992 5.847 5.703 5.559 5.415 5.271 5.156 5.136 5.116 5.076 5.076 5.056 5.036 5.016 4.996 4.976 4.927 4.860 4.793 4.819 4.845 4.870 4.896 4.922 4.939 4.942 4.942 4.943 4.944 4.945 4.946 4.947
8.548 8.562 8.577 8.591 8.606 8.525 8.525 8.298 8.128 7.943 7.757 7.572 7.387 7.201 7.016 6.831 6.645 6.460 6.275 6.089 5.904 5.719 5.719 5.353 5.527 5.701 5.875 6.036 6.177 6.319 6.460 6.602 6.743 6.884 7.026 7.167 7.309 7.450 7.309 7.309 7.089 6.870 6.650 6.430 6.228 6.084 5.939 5.795 5.651 5.507 5.363 5.219 5.183 5.163 5.122 5.122 5.102 5.082 5.062 5.042 4.988 4.921 4.854 4.786 4.798 4.824 4.850 4.875 4.901 4.927 4.978 4.978 4.994 4.996 4.997 4.998 4.999
8.357 8.371 8.386 8.400 8.415 8.429 8.429 8.364 8.180 7.995 7.810 7.625 7.439 7.254 7.069 6.883 6.698 6.513 6.327 6.142 5.957 5.772 5.772 5.401 5.434 5.607 5.776 5.917 6.059 6.200 6.342 6.483 6.624 6.766 6.907 7.049 7.190 7.331 7.346 7.346 7.126 6.906 6.687 6.467 6.319 6.175 6.031 5.887 5.743 5.599 5.455 5.311 5.229 5.209 5.169 5.169 5.149 5.129 5.109 5.049 4.982 4.914 4.847 4.780 4.777 4.803 4.829 4.854 4.880 4.906 4.957 4.957 4.983 5.009 5.035 5.049 5.051
7.975 7.990 8.004 8.019 8.049 8.122 8.122 8.260 8.301 8.115 7.929 7.742 7.556 7.370 7.184 6.997 6.811 6.624 6.438 6.252 6.066 5.879 5.879 5.507 5.321 5.397 5.539 5.680 5.822 5.963 6.104 6.246 6.387 6.529 6.670 6.811 6.953 7.094 7.377 7.377 7.200 6.980 6.791 6.647 6.503 6.359 6.215 6.071 5.927 5.783 5.639 5.494 5.350 5.302 5.261 5.262 5.238 5.171 5.104 5.036 4.969 4.901 4.834 4.767 4.735 4.761 4.787 4.813 4.838 4.864 4.916 4.916 4.941 4.967 4.993 5.019 5.049
7.785 7.799 7.817 7.891 7.965 8.039 8.039 8.171 8.226 8.177 7.991 7.805 7.618 7.432 7.246 7.060 6.873 6.687 6.500 6.314 6.128 5.942 5.942 5.569 5.459 5.496 5.603 5.711 5.818 5.925 6.032 6.139 6.269 6.410 6.551 6.693 6.834 6.975 7.258 7.258 7.237 7.027 6.883 6.739 6.595 6.451 6.307 6.163 6.019 5.874 5.730 5.586 5.442 5.348 5.299 5.299 5.232 5.165 5.097 5.030 4.963 4.895 4.828 4.760 4.714 4.740 4.766 4.792 4.818 4.843 4.895 4.895 4.921 4.946 4.972 5.010 5.070
7.594 7.659 7.733 7.807 7.881 7.955 7.955 8.083 8.138 8.192 8.053 7.867 7.681 7.494 7.308 7.122 6.936 6.749 6.563 6.376 6.190 6.004 6.004 5.651 5.651 5.651 5.746 5.854 5.961 6.068 6.175 6.282 6.390 6.497 6.604 6.711 6.818 6.926 7.140 7.140 7.273 7.119 6.975 6.831 6.687 6.543 6.399 6.255 6.110 5.966 5.822 5.678 5.534 5.394 5.293 5.293 5.226 5.158 5.091 5.023 4.956 4.889 4.821 4.754 4.693 4.719 4.745 4.771 4.797 4.822 4.874 4.874 4.900 4.925 4.971 5.031 5.090
7.501 7.575 7.649 7.723 7.797 7.871 7.871 7.994 8.049 8.104 8.116 7.929 7.743 7.557 7.370 7.184 6.998 6.812 6.625 6.439 6.253 6.066 6.066 5.842 5.842 5.843 5.890 5.997 6.104 6.211 6.318 6.426 6.533 6.640 6.747 6.854 6.962 7.069 7.283 7.283 7.241 7.093 6.953 6.812 6.672 6.532 6.392 6.252 6.112 5.971 5.831 5.691 5.551 5.411 5.286 5.286 5.219 5.152 5.084 5.017 4.950 4.882 4.815 4.747 4.680 4.698 4.724 4.750 4.776 4.801 4.853 4.853 4.879 4.932 4.992 5.051 5.111
7.417 7.491 7.565 7.639 7.713 7.787 7.787 7.906 7.961 8.015 8.070 7.992 7.805 7.619 7.433 7.247 7.060 6.874 6.688 6.501 6.315 6.129 6.129 6.034 6.034 6.034 6.034 6.140 6.247 6.354 6.462 6.569 6.676 6.783 6.890 6.998 7.105 7.212 7.355 7.355 7.201 7.046 6.903 6.763 6.623 6.483 6.343 6.203 6.062 5.922 5.782 5.642 5.502 5.381 5.269 5.269 5.213 5.145 5.078 5.011 4.943 4.876 4.808 4.741 4.674 4.677 4.703 4.729 4.755 4.780 4.834 4.834 4.893 4.953 5.012 5.072 5.131
7.333 7.407 7.481 7.555 7.629 7.703 7.703 7.817 7.872 7.927 7.982 8.037 7.868 7.681 7.495 7.309 7.122 6.936 6.750 6.564 6.377 6.226 6.226 6.226 6.226 6.226 6.226 6.283 6.390 6.498 6.605 6.712 6.819 6.926 7.034 7.141 7.248 7.355 7.315 7.315 7.161 7.006 6.854 6.714 6.574 6.434 6.294 6.153 6.013 5.873 5.733 5.593 5.452 5.354 5.242 5.242 5.186 5.130 5.071 5.004 4.937 4.869 4.802 4.734 4.667 4.656 4.682 4.708 4.734 4.760 4.854 4.854 4.914 4.973 5.033 5.092 5.152
7.249 7.323 7.397 7.471 7.545 7.619 7.619 7.729 7.784 7.839 7.893 7.948 7.930 7.744 7.558 7.371 7.185 6.998 6.812 6.626 6.440 6.418 6.418 6.418 6.418 6.418 6.417 6.427 6.534 6.641 6.748 6.855 6.962 7.070 7.177 7.284 7.391 7.498 7.275 7.275 7.120 6.966 6.811 6.665 6.525 6.385 6.244 6.104 5.964 5.824 5.684 5.543 5.403 5.326 5.214 5.214 5.158 5.102 5.046 4.990 4.930 4.863 4.795 4.728 4.661 4.635 4.661 4.687 4.713 4.756 4.875 4.875 4.934 4.994 5.053 5.113 5.172
7.166 7.239 7.313 7.387 7.461 7.531 7.531 7.641 7.695 7.750 7.805 7.860 7.914 7.806 7.620 7.434 7.247 7.061 6.875 6.688 6.609 6.609 6.609 6.609 6.609 6.609 6.609 6.609 6.677 6.784 6.891 6.998 7.106 7.213 7.320 7.427 7.534 7.544 7.235 7.235 7.080 6.926 6.771 6.617 6.476 6.335 6.195 6.055 5.915 5.775 5.634 5.494 5.354 5.298 5.186 5.186 5.130 5.074 5.018 4.962 4.906 4.850 4.789 4.721 4.654 4.615 4.640 4.666 4.717 4.776 4.895 4.895 4.955 5.014 5.074 5.133 5.193
7.082 7.156 7.229 7.303 7.377 7.443 7.443 7.552 7.607 7.662 7.716 7.771 7.826 7.869 7.682 7.496 7.310 7.123 6.937 6.801 6.801 6.801 6.801 6.801 6.801 6.801 6.801 6.801 6.820 6.927 7.034 7.142 7.249 7.356 7.463 7.570 7.658 7.503 7.194 7.194 7.040 6.885 6.731 6.576 6.427 6.286 6.146 6.006 5.866 5.726 5.585 5.445 5.326 5.270 5.158 5.158 5.103 5.047 4.991 4.934 4.879 4.823 4.767 4.711 4.648 4.594 4.619 4.678 4.737 4.797 4.916 4.916 4.975 5.035 5.094 5.154 5.214
6.998 7.072 7.145 7.219 7.293 7.354 7.354 7.464 7.518 7.573 7.628 7.683 7.738 7.792 7.745 7.558 7.372 7.186 6.999 6.993 6.993 6.993 6.993 6.993 6.993 6.993 6.993 6.993 6.993 7.071 7.178 7.285 7.392 7.499 7.606 7.714 7.618 7.463 7.154 7.154 6.999 6.845 6.690 6.536 6.381 6.237 6.097 5.957 5.817 5.676 5.536 5.396 5.299 5.243 5.131 5.131 5.075 5.019 4.963 4.907 4.851 4.795 4.739 4.683 4.627 4.613 4.639 4.698 4.758 4.817 4.936 4.936 4.996 5.056 5.115 5.175 5.234
6.914 6.988 7.062 7.136 7.209 7.266 7.266 7.375 7.430 7.485 7.540 7.594 7.649 7.704 7.759 7.621 7.434 7.248 7.184 7.184 7.184 7.184 7.184 7.184 7.184 7.184 7.184 7.184 7.184 7.214 7.321 7.428 7.535 7.642 7.750 7.732 7.577 7.423 7.114 7.114 6.959 6.805 6.650 6.496 6.341 6.188 6.048 5.908 5.767 5.627 5.487 5.347 5.271 5.215 5.103 5.103 5.047 4.991 4.935 4.879 4.823 4.767 4.711 4.676 4.769 4.862 4.828 4.781 4.779 4.838 4.957 4.957 5.017 5.076 5.136 5.195 5.255
6.915 6.934 6.978 7.052 7.122 7.177 7.177 7.287 7.342 7.396 7.451 7.506 7.561 7.615 7.670 7.683 7.497 7.376 7.376 7.376 7.376 7.376 7.376 7.376 7.376 7.376 7.376 7.376 7.376 7.376 7.464 7.571 7.679 7.786 7.846 7.692 7.537 7.383 7.073 7.073 6.919 6.764 6.610 6.455 6.301 6.146 5.999 5.858 5.718 5.578 5.438 5.299 5.243 5.187 5.075 5.075 5.019 4.963 4.907 4.851 4.796 4.740 4.832 4.925 5.018 5.112 5.088 5.042 4.996 4.950 4.978 4.978 5.037 5.097 5.156 5.216 5.275
6.936 6.955 6.974 6.993 7.034 7.089 7.089 7.198 7.253 7.308 7.363 7.417 7.472 7.527 7.582 7.636 7.568 7.568 7.568 7.568 7.568 7.568 7.568 7.568 7.568 7.568 7.568 7.568 7.568 7.568 7.607 7.715 7.822 7.929 7.806 7.651 7.497 7.342 7.033 7.033 6.879 6.724 6.570 6.415 6.260 6.106 5.951 5.809 5.669 5.529 5.389 5.272 5.216 5.160 5.048 5.048 4.992 4.936 4.880 4.824 4.895 4.988 5.081 5.174 5.268 5.361 5.350 5.303 5.257 5.210 5.118 5.118 5.071 5.117 5.177 5.237 5.296
6.936 6.955 6.974 6.993 7.034 7.089 7.089 7.198 7.253 7.308 7.363 7.417 7.472 7.527 7.582 7.636 7.568 7.568 7.568 7.568 7.568 7.568 7.568 7.568 7.568 7.568 7.568 7.568 7.568 7.568 7.607 7.715 7.822 7.929 7.806 7.651 7.497 7.342 7.033 7.033 6.879 6.724 6.570 6.415 6.260 6.106 5.951 5.809 5.669 5.529 5.389 5.272 5.216 5.160 5.048 5.048 4.992 4.936 4.880 4.824 4.895 4.988 5.081 5.175 5.268 5.361 5.350 5.303 5.257 5.210 5.118 5.118 5.071 5.117 5.177 5.237 5.296
6.957 6.976 6.995 6.992 6.957 7.012 7.012 7.121 7.175 7.229 7.284 7.338 7.393 7.447 7.502 7.556 7.717 7.730 7.743 7.756 7.759 7.759 7.759 7.759 7.759 7.759 7.759 7.759 7.759 7.759 7.759 7.858 7.965 7.920 7.766 7.611 7.456 7.302 6.993 6.993 6.838 6.684 6.529 6.375 6.220 6.066 5.911 5.760 5.620 5.480 5.340 5.244 5.188 5.132 5.020 5.020 4.964 4.908 4.958 5.051 5.144 5.237 5.331 5.424 5.517 5.610 5.611 5.564 5.518 5.471 5.379 5.379 5.332 5.286 5.240 5.257 5.317
6.978 6.997 6.992 6.952 6.912 6.936 6.936 7.045 7.099 7.154 7.208 7.263 7.317 7.371 7.426 7.560 7.774 7.846 7.859 7.872 7.885 7.898 7.898 7.924 7.937 7.950 7.951 7.951 7.951 7.951 7.951 8.001 8.034 7.880 7.725 7.571 7.416 7.262 6.953 6.953 6.798 6.644 6.489 6.334 6.180 6.025 5.871 5.716 5.571 5.431 5.291 5.216 5.160 5.104 4.992 4.992 5.021 5.114 5.207 5.300 5.394 5.487 5.580 5.673 5.766 5.860 5.871 5.825 5.779 5.732 5.640 5.640 5.593 5.547 5.501 5.454 5.408
6.993 6.953 6.913 6.873 6.834 6.794 6.794 6.893 6.948 7.002 7.057 7.111 7.165 7.220 7.429 7.643 7.856 8.070 8.091 8.104 8.117 8.130 8.130 8.156 8.170 8.183 8.196 8.209 8.222 8.235 8.248 8.138 7.990 7.830 7.671 7.511 7.351 7.192 6.872 6.872 6.718 6.563 6.408 6.254 6.099 5.945 5.790 5.636 5.481 5.333 5.217 5.161 5.146 5.240 5.426 5.426 5.519 5.612 5.706 5.799 5.892 5.985 6.078 6.172 6.265 6.358 6.393 6.347 6.301 6.254 6.162 6.162 6.115 6.069 6.023 5.976 5.930
6.953 6.914 6.874 6.834 6.794 6.754 6.754 6.818 6.872 6.926 6.981 7.035 7.090 7.256 7.470 7.684 7.897 8.111 8.207 8.220 8.233 8.246 8.247 8.273 8.286 8.299 8.312 8.325 8.338 8.351 8.247 8.129 7.992 7.832 7.673 7.513 7.353 7.194 6.874 6.874 6.715 6.555 6.395 6.236 6.076 5.916 5.757 5.597 5.441 5.287 5.209 5.302 5.396 5.489 5.675 5.675 5.768 5.862 5.955 6.048 6.141 6.235 6.328 6.421 6.514 6.607 6.654 6.608 6.562 6.515 6.423 6.423 6.376 6.330 6.284 6.237 6.191
6.914 6.874 6.834 6.794 6.755 6.715 6.715 6.742 6.796 6.851 6.905 6.959 7.084 7.298 7.511 7.725 7.939 8.152 8.324 8.337 8.350 8.363 8.363 8.389 8.402 8.415 8.428 8.441 8.454 8.356 8.237 8.119 7.994 7.835 7.675 7.515 7.356 7.196 6.876 6.876 6.717 6.557 6.397 6.238 6.078 5.919 5.759 5.599 5.439 5.297 5.327 5.537 5.645 5.738 5.924 5.925 6.018 6.111 6.204 6.298 6.391 6.484 6.577 6.670 6.764 6.857 6.915 6.869 6.823 6.776 6.684 6.684 6.637 6.591 6.545 6.498 6.452
