includes/camargue/floodfiles/results_R3_t1.562344836599E12/res-0008.wd
ncols         906
nrows         631
xllcorner     362177.146667
yllcorner     6534725.688020
cellsize      20.000000
NODATA_value  -9999.000000
[rows 442 to 475 of 631, columns 231 to 307 of 906]
0.013 0.043 0.075 0.080 0.122 0.028 0.032 0.035 0.060 0.240 0.250 0.357 0.279 0.260 0.330 0.768 0.488 0.000 0.274 0.274 0.274 0.000 0.349 0.229 0.000 0.253 0.404 0.148 0.440 0.050 0.638 0.418 0.128 0.000 0.000 0.000 0.383 0.000 0.333 0.000 0.262 0.982 1.062 0.252 0.000 0.624 0.684 0.654 0.614 0.465 0.615 0.616 0.986 0.926 0.816 0.766 0.000 0.000 0.926 0.526 0.096 0.000 0.000 0.000 0.854 1.004 0.000 0.000 1.205 0.000 0.418 0.368 0.000 0.082 0.964 2.097 0.000
0.005 0.030 0.068 0.073 0.120 0.011 0.011 0.013 0.033 0.224 0.234 0.346 0.267 0.250 0.325 0.768 0.488 0.000 0.274 0.274 0.274 0.000 0.349 0.229 0.000 0.253 0.403 0.148 0.440 0.045 0.638 0.418 0.128 0.000 0.000 0.000 0.383 0.000 0.313 0.000 0.262 0.982 1.062 0.252 0.000 0.624 0.684 0.654 0.614 0.465 0.615 0.616 0.986 0.926 0.816 0.766 0.000 0.001 0.926 0.526 0.096 0.000 0.000 0.000 0.854 1.004 0.000 0.000 1.205 0.000 0.417 0.367 0.000 0.075 0.961 2.097 0.000
0.055 0.115 0.053 0.066 0.048 0.067 0.092 0.049 0.091 0.154 0.218 0.321 0.301 0.314 0.339 1.527 0.000 0.000 0.000 0.000 0.000 0.186 0.188 0.159 0.013 0.381 0.512 0.000 0.260 0.052 0.000 0.508 0.037 0.232 0.513 0.513 0.373 0.203 0.677 0.000 0.000 0.232 0.000 1.713 1.214 0.574 0.714 0.624 0.344 0.495 0.505 0.506 0.616 0.000 0.000 0.156 0.000 0.000 0.000 0.656 0.000 0.348 0.688 0.000 0.614 0.000 0.000 0.000 1.175 2.165 2.345 0.121 0.000 0.000 2.587 0.041 0.000
0.077 0.168 0.023 0.029 0.128 0.083 0.011 0.017 0.039 0.012 0.075 0.061 0.149 0.217 0.060 0.000 1.448 0.208 0.035 0.059 0.053 0.183 0.000 0.000 0.187 0.609 0.000 0.230 0.080 0.000 0.224 0.000 0.000 0.332 0.523 0.523 0.373 0.000 0.536 0.496 0.111 0.332 0.423 1.633 0.000 0.494 0.414 0.644 0.454 0.364 0.018 0.018 0.786 0.000 0.000 0.000 0.000 0.000 0.626 0.000 0.038 0.098 0.025 0.638 0.179 0.417 0.717 0.717 0.000 0.010 0.000 1.968 1.278 0.297 2.065 0.000 0.148
0.115 0.047 0.157 0.160 0.093 0.050 0.052 0.085 0.091 0.105 0.093 0.091 0.085 0.041 0.470 0.018 0.032 0.087 0.009 0.020 0.001 0.562 0.041 0.147 0.263 0.000 0.389 0.080 0.000 0.354 0.023 0.000 0.256 0.340 0.003 0.003 0.232 0.186 0.216 0.257 0.045 0.000 0.000 0.000 0.000 0.894 0.804 0.714 0.000 0.714 0.000 0.000 0.125 0.314 0.000 0.000 0.000 0.000 0.826 0.000 0.000 0.000 0.048 0.186 0.556 0.226 0.000 0.000 0.115 0.000 0.000 0.000 0.049 1.533 0.000 0.000 0.329
0.077 0.058 0.071 0.079 0.077 0.102 0.123 0.078 0.164 0.090 0.294 0.123 0.081 0.161 0.130 0.015 0.004 0.000 0.052 0.058 0.054 0.023 0.000 0.299 0.000 0.109 0.209 0.000 0.000 0.000 0.362 0.123 0.372 0.000 0.482 0.483 0.375 0.196 0.000 0.163 0.853 0.823 1.073 1.393 0.000 0.744 0.934 0.654 0.594 0.414 0.444 0.443 0.000 0.194 0.224 0.000 0.022 0.000 0.096 0.000 0.000 0.002 0.000 0.071 0.385 0.140 0.163 0.162 0.002 0.058 0.498 0.018 1.180 1.083 0.000 0.279 0.159
0.172 0.115 0.179 0.183 0.135 0.138 0.112 0.153 0.133 0.068 0.099 0.082 0.104 0.811 0.000 0.000 0.000 0.062 0.049 0.065 0.152 0.000 0.185 0.340 0.000 0.000 0.077 0.283 0.002 0.028 0.230 0.000 0.621 0.282 0.422 0.422 0.000 0.293 0.402 0.263 0.593 0.883 1.133 1.923 0.000 0.684 0.714 0.604 0.714 0.000 0.713 0.713 0.273 0.363 0.000 0.000 0.000 0.000 0.001 1.370 0.000 0.170 0.670 0.044 0.073 0.101 0.108 0.107 0.000 0.218 0.228 0.000 1.052 0.000 0.000 0.000 0.069
0.398 0.120 0.174 0.176 0.076 0.169 0.072 0.075 0.070 0.103 0.074 0.070 0.519 0.106 0.121 0.048 0.163 0.154 0.113 0.134 0.222 0.195 0.117 0.233 0.124 0.189 0.766 0.224 0.198 0.281 0.349 0.000 0.861 0.791 0.702 0.702 0.842 0.832 0.802 0.602 0.832 1.043 1.173 1.983 0.148 0.754 0.484 0.784 0.354 0.444 0.733 0.733 0.382 0.000 0.785 0.135 0.000 0.251 0.000 0.005 1.500 1.570 0.440 0.044 0.001 0.171 0.219 0.216 0.074 0.328 0.000 0.000 1.442 0.000 0.345 0.415 0.000
0.143 0.184 0.226 0.227 0.104 0.068 0.106 0.058 0.050 0.145 0.041 0.175 0.150 0.108 0.086 0.049 0.004 0.151 0.183 0.196 0.282 0.285 0.264 0.314 0.169 0.048 0.186 0.036 0.334 0.320 0.350 0.307 0.861 0.821 0.422 0.422 0.762 0.762 0.762 0.662 0.842 1.013 1.103 0.000 0.010 0.000 0.604 0.394 0.194 0.744 0.000 0.000 0.400 0.458 0.365 0.004 0.000 0.050 0.228 0.318 0.139 1.300 0.009 0.001 0.515 0.000 0.000 0.000 0.143 0.488 0.000 1.520 1.006 0.000 0.355 0.145 0.185
0.100 0.157 0.180 0.181 0.291 0.073 0.127 0.090 0.102 0.073 0.334 0.123 0.153 0.072 0.071 0.038 0.000 0.000 0.326 0.328 0.472 0.443 0.444 0.133 0.080 0.109 0.122 0.447 0.412 0.369 0.263 0.941 0.891 0.861 0.802 0.802 0.812 0.772 0.732 0.692 0.832 0.993 1.243 0.000 0.000 0.614 0.914 0.024 0.554 0.048 0.270 0.270 0.000 0.000 0.119 0.000 0.019 0.450 0.048 1.178 0.288 0.219 0.000 0.176 0.000 0.000 0.001 0.000 0.872 0.002 0.000 0.969 0.000 0.001 0.000 0.775 0.635
0.178 0.289 0.184 0.186 0.157 0.168 0.088 0.074 0.070 0.203 0.221 0.104 0.179 0.120 0.065 0.023 0.000 0.000 0.000 0.000 0.402 0.322 0.322 0.149 0.036 0.070 0.107 0.597 0.482 0.368 0.233 1.061 0.881 0.911 0.872 0.872 0.692 0.812 0.792 0.662 0.752 0.000 0.000 0.000 0.000 0.000 0.664 0.464 0.544 0.000 0.128 0.128 0.000 0.109 0.330 0.589 0.044 0.001 1.248 0.918 0.958 0.059 0.000 0.756 0.000 0.056 0.371 0.371 0.331 0.711 0.000 1.412 0.382 0.000 0.001 0.255 0.645
0.225 0.146 0.412 0.413 0.423 0.404 0.288 0.186 0.219 0.141 0.164 0.136 0.236 0.196 0.151 0.086 0.000 0.000 0.000 0.000 0.000 0.000 0.000 0.180 0.162 0.077 0.092 0.003 0.018 0.000 0.000 0.000 0.000 0.000 0.000 0.000 0.000 0.000 0.000 0.000 0.000 0.000 0.000 0.003 0.000 0.000 0.000 0.314 0.000 0.135 0.154 0.156 0.000 0.107 0.195 0.099 0.278 0.648 0.448 0.558 0.788 0.000 0.000 0.576 0.000 0.291 0.000 0.000 0.084 0.000 0.000 0.917 0.000 0.145 0.145 0.175 0.665
0.040 0.124 0.208 0.209 0.119 0.221 0.075 0.181 0.000 0.443 0.137 0.067 0.104 0.103 0.162 0.102 0.104 0.074 0.001 0.002 0.000 0.000 0.000 0.031 0.062 0.112 0.159 0.013 0.009 0.000 0.082 0.001 0.000 0.000 0.000 0.000 0.001 0.111 0.000 0.002 0.001 0.002 0.000 0.224 0.001 0.001 0.000 0.000 0.000 0.122 0.000 0.000 0.001 0.000 0.060 1.017 1.207 0.407 0.337 0.377 0.098 0.000 0.218 0.000 0.101 0.411 0.000 0.000 0.387 0.000 0.902 0.887 0.000 0.000 0.000 0.000 0.955
0.125 0.089 0.127 0.129 0.140 0.142 0.097 0.167 0.460 0.253 0.124 0.161 0.000 0.087 0.048 0.207 0.267 0.153 0.170 0.175 0.215 0.082 0.022 0.078 0.070 0.070 0.151 0.244 0.034 0.030 0.010 0.000 0.000 0.011 0.002 0.003 0.000 0.101 0.001 0.000 0.065 0.000 0.002 0.464 0.002 0.001 0.001 0.000 0.000 0.142 0.529 0.529 0.328 0.527 1.057 0.947 0.237 0.147 0.377 0.477 0.000 0.000 0.026 0.000 0.100 0.521 0.023 0.007 0.075 0.000 0.872 1.177 0.000 0.000 2.305 0.695 1.005
0.089 0.078 0.176 0.178 0.200 0.162 0.137 0.138 0.121 0.162 0.172 0.552 0.152 0.474 0.286 0.117 0.091 0.058 0.160 0.164 0.128 0.356 0.270 0.680 0.325 0.277 0.290 0.097 0.022 0.085 0.005 0.002 0.128 0.188 0.168 0.168 0.001 0.071 0.081 0.000 0.002 0.001 0.084 0.174 0.001 0.000 0.000 0.044 0.000 0.000 0.000 0.000 0.000 0.000 0.326 0.526 0.316 0.387 0.627 0.787 0.000 0.000 0.661 0.000 0.269 0.000 0.173 0.173 0.079 0.056 0.861 1.274 1.004 0.094 0.046 0.225 0.735
0.193 0.124 0.221 0.222 0.111 0.141 0.115 0.076 0.255 0.535 0.376 0.187 0.099 0.312 0.123 0.046 0.156 0.076 0.187 0.190 0.085 0.110 0.229 0.061 0.077 0.175 0.117 0.124 0.084 0.060 0.115 0.026 0.041 0.000 0.188 0.188 0.078 0.004 0.000 0.000 0.008 0.004 0.034 0.384 0.084 0.001 0.002 0.000 0.000 0.000 0.334 0.334 0.554 1.334 0.454 0.344 1.383 0.027 0.287 0.155 0.020 0.232 0.060 0.117 0.479 0.000 0.343 0.343 0.000 0.679 1.269 0.620 0.000 0.000 0.266 0.000 0.945
0.034 0.112 0.044 0.045 0.158 0.169 0.099 0.142 0.054 0.240 0.141 0.183 0.223 0.207 0.508 0.237 0.562 0.072 0.080 0.085 0.117 0.044 0.012 0.020 0.001 0.029 0.001 0.099 0.155 0.094 0.084 0.009 0.027 0.033 0.014 0.014 0.018 0.014 0.014 0.106 0.026 0.000 0.074 0.414 0.000 0.001 0.000 0.000 0.000 0.000 1.084 1.084 0.001 0.534 0.464 0.183 0.551 0.000 0.000 0.081 0.432 0.000 0.198 0.654 0.000 0.011 0.153 0.153 0.000 0.020 1.383 1.463 0.000 0.000 0.000 0.145 0.795
0.020 0.094 0.027 0.027 0.142 0.153 0.085 0.139 0.047 0.233 0.135 0.178 0.221 0.205 0.508 0.237 0.562 0.060 0.063 0.067 0.100 0.022 0.005 0.008 0.000 0.015 0.000 0.091 0.151 0.091 0.083 0.009 0.026 0.030 0.007 0.006 0.008 0.008 0.010 0.106 0.025 0.001 0.074 0.414 0.000 0.000 0.000 0.000 0.000 0.000 1.084 1.084 0.001 0.534 0.464 0.183 0.549 0.000 0.000 0.069 0.432 0.000 0.200 0.654 0.000 0.011 0.153 0.153 0.000 0.018 1.381 1.462 0.000 0.000 0.000 0.145 0.795
0.045 0.115 0.245 0.246 0.169 0.265 0.109 0.044 0.301 0.293 0.184 0.159 0.183 0.129 0.266 0.149 0.252 0.273 0.484 0.484 0.117 0.069 0.016 0.042 0.000 0.028 0.000 0.122 0.103 0.096 0.000 0.000 0.002 0.012 0.070 0.070 0.070 0.007 0.011 0.029 0.049 0.000 0.021 0.000 0.060 0.060 0.000 0.000 0.000 0.000 0.000 0.000 0.804 1.054 0.254 0.062 0.474 0.139 0.122 0.453 0.541 0.569 0.554 0.217 0.000 0.000 0.763 0.763 0.000 1.331 1.493 0.000 0.000 0.000 1.145 0.635 0.000
0.111 0.102 0.136 0.140 0.188 0.156 0.248 0.033 0.128 0.175 0.175 0.189 0.195 0.168 0.149 0.085 0.151 0.172 0.183 0.183 0.036 0.036 0.120 0.080 0.240 0.013 0.162 0.053 0.021 0.017 0.000 0.019 0.019 0.251 0.028 0.028 0.089 0.000 0.000 0.055 0.018 0.000 0.500 0.001 0.000 0.006 0.000 0.000 0.000 0.000 0.000 0.000 0.000 0.000 0.040 0.008 0.335 0.584 0.412 0.424 0.461 0.520 0.000 0.299 0.385 0.721 0.000 0.000 0.000 0.795 1.401 0.000 0.000 0.000 0.000 0.645 0.465
0.346 0.218 0.251 0.253 0.157 0.160 0.178 0.192 0.142 0.049 0.199 0.125 0.075 0.117 0.027 0.055 0.078 0.058 0.121 0.121 0.201 0.061 0.110 0.180 0.130 0.101 0.101 0.113 0.038 0.039 0.000 0.000 0.096 0.000 0.027 0.027 0.018 0.014 0.118 0.078 0.453 0.164 0.030 0.231 0.181 0.191 0.111 0.031 0.007 0.009 0.018 0.036 0.063 0.518 0.032 0.000 0.000 0.504 0.493 0.000 0.000 0.000 0.000 0.000 0.000 0.099 0.068 0.023 0.678 0.735 0.149 0.002 0.005 0.000 0.343 0.000 0.000
0.316 0.206 0.239 0.240 0.145 0.109 0.000 0.161 0.241 0.210 0.173 0.163 0.057 0.147 0.186 0.037 0.267 0.043 0.110 0.110 0.010 0.029 0.140 0.000 0.137 0.000 0.230 0.170 0.126 0.000 0.003 0.000 0.021 0.007 0.131 0.131 0.031 0.060 0.002 0.007 0.084 0.011 0.002 0.141 0.004 0.121 0.141 0.091 0.000 0.104 0.174 0.174 0.042 0.023 0.074 0.064 0.000 0.000 0.000 0.000 0.000 0.000 0.000 0.000 0.000 0.164 0.794 0.806 0.593 0.142 0.000 0.000 0.058 0.000 0.000 0.000 0.000
0.057 0.251 0.149 0.148 0.147 0.005 0.002 0.001 0.128 0.268 0.136 0.238 0.180 0.308 0.142 0.156 0.088 0.000 0.053 0.053 0.052 0.027 0.015 0.071 0.044 0.154 0.035 0.009 0.181 0.196 0.035 0.008 0.010 0.008 0.019 0.020 0.086 0.014 0.000 0.275 0.199 0.103 0.175 0.035 0.131 0.211 0.111 0.031 0.000 0.000 0.144 0.144 0.103 0.000 0.000 0.000 0.001 0.000 0.000 0.000 0.000 0.000 0.264 0.000 0.630 0.236 0.323 0.346 0.000 0.000 0.000 0.000 0.758 0.000 0.000 0.575 0.015
0.064 0.067 0.117 0.116 0.144 0.168 0.159 0.145 0.112 0.260 0.190 0.211 0.000 0.157 0.139 0.046 0.130 0.039 0.024 0.027 0.000 0.017 0.142 0.012 0.132 0.009 0.078 0.098 0.124 0.090 0.249 0.092 0.003 0.011 0.027 0.027 0.000 0.065 0.030 0.204 0.004 0.113 0.027 0.003 0.000 0.051 0.061 0.071 0.002 0.100 0.044 0.047 0.076 0.443 0.000 0.001 0.015 0.000 0.000 0.000 0.000 0.000 0.463 0.293 0.230 0.182 0.206 0.223 0.000 0.064 0.003 0.002 0.358 0.518 0.000 0.000 0.335
0.064 0.048 0.264 0.265 0.198 0.181 0.227 0.272 0.259 0.150 0.121 0.172 0.125 0.091 0.148 0.096 0.158 0.000 0.020 0.018 0.071 0.062 0.091 0.097 0.084 0.056 0.033 0.130 0.000 0.169 0.080 0.210 0.002 0.046 0.045 0.044 0.000 0.000 0.045 0.079 0.053 0.001 0.025 0.058 0.168 0.000 0.011 0.004 0.047 0.051 0.015 0.018 0.058 0.058 0.547 0.000 0.000 0.000 0.000 0.000 0.491 1.080 0.883 0.715 0.594 0.451 0.337 0.352 0.000 0.424 0.494 0.000 0.868 0.000 0.000 0.000 0.000
0.125 0.080 0.307 0.307 0.000 0.211 0.105 0.218 0.095 0.020 0.168 0.199 0.058 0.051 0.000 0.177 0.167 0.000 0.029 0.031 0.068 0.101 0.022 0.000 0.163 0.030 0.067 0.033 0.068 0.055 0.031 0.021 0.407 0.013 0.080 0.077 0.103 0.012 0.287 0.042 0.062 0.004 0.000 0.002 0.000 0.033 0.008 0.027 0.152 0.063 0.012 0.016 0.040 0.015 0.014 0.391 0.000 0.139 1.414 1.509 1.604 1.506 1.307 0.456 0.001 0.001 0.000 0.000 0.000 0.050 0.064 0.000 0.000 0.000 0.000 0.000 0.000
0.071 0.179 0.303 0.303 0.090 0.120 0.200 0.022 0.117 0.020 0.238 0.211 0.202 0.153 0.004 0.000 0.000 0.009 0.033 0.042 0.164 0.030 0.000 0.027 0.143 0.018 0.093 0.059 0.112 0.071 0.166 0.081 0.000 0.009 0.000 0.000 0.127 0.237 0.328 0.065 0.010 0.000 0.036 0.068 0.068 0.019 0.016 0.020 0.000 0.032 0.028 0.026 0.039 0.013 0.010 0.009 1.270 1.365 1.461 1.556 1.651 1.718 0.001 0.002 0.001 0.001 0.000 0.000 0.000 0.000 0.084 0.000 0.000 0.000 0.000 0.000 0.000
0.063 0.052 0.095 0.094 0.225 0.185 0.161 0.144 0.136 0.071 0.186 0.147 0.026 0.006 0.006 0.037 0.002 0.005 0.070 0.071 0.013 0.032 0.061 0.014 0.000 0.000 0.075 0.000 0.047 0.000 0.090 0.054 0.047 0.129 0.067 0.074 0.049 0.014 0.095 0.000 0.051 0.005 0.017 0.001 0.148 0.003 0.048 0.033 0.000 0.000 0.047 0.047 0.928 1.024 1.120 1.219 1.317 1.412 1.507 0.002 0.000 0.000 0.000 0.001 0.002 0.002 0.000 0.000 0.042 0.000 0.000 0.000 0.000 0.000 0.000 0.000 0.000
0.096 0.115 0.120 0.123 0.096 0.066 0.456 0.460 0.245 0.105 0.148 0.188 0.085 0.002 0.057 0.008 0.037 0.153 0.114 0.114 0.007 0.034 0.073 0.000 0.005 0.154 0.124 0.012 0.018 0.011 0.009 0.078 0.037 0.087 0.020 0.027 0.029 0.015 0.344 0.109 0.010 0.000 0.013 0.028 0.006 0.087 0.214 0.002 0.001 0.409 0.775 0.778 0.973 1.070 1.166 0.413 0.496 0.004 0.001 0.000 0.000 0.000 0.000 0.001 0.000 0.084 1.462 1.462 1.392 0.192 0.000 0.000 0.000 0.000 0.000 0.000 0.000
0.460 0.001 0.474 0.474 0.049 0.071 0.483 0.490 0.494 0.043 0.144 0.113 0.163 0.004 0.008 0.161 0.416 0.002 0.034 0.031 0.092 0.023 0.067 0.137 0.157 0.000 0.098 0.042 0.006 0.020 0.005 0.011 0.072 0.054 0.364 0.364 0.068 0.343 0.045 0.115 0.004 0.015 0.006 0.065 0.022 0.158 0.393 0.504 0.611 0.716 0.821 0.825 1.018 0.316 0.187 0.000 0.000 0.031 0.000 0.000 0.001 0.064 0.000 0.000 0.000 1.072 1.642 1.642 0.992 0.000 0.000 0.000 0.000 0.000 0.000 0.000 0.000
0.483 0.133 0.217 0.219 0.180 0.170 0.493 0.228 0.205 0.120 0.022 0.135 0.184 0.004 0.051 0.040 0.043 0.011 0.078 0.079 0.061 0.042 0.020 0.009 0.000 0.002 0.076 0.053 0.004 0.094 0.007 0.020 0.357 0.344 0.033 0.040 0.062 0.080 0.128 0.133 0.004 0.044 0.014 0.109 0.392 0.397 0.430 0.550 0.657 0.759 0.340 0.343 0.086 0.026 0.127 0.007 0.032 0.006 0.044 0.010 0.002 0.000 0.000 0.000 0.302 1.432 1.472 1.472 0.432 0.000 0.000 0.000 0.000 0.000 0.000 0.000 0.000
0.506 0.164 0.083 0.090 0.225 0.091 0.146 0.115 0.192 0.207 0.173 0.535 0.153 0.002 0.101 0.069 0.016 0.083 0.094 0.094 0.033 0.005 0.010 0.053 0.015 0.000 0.097 0.034 0.011 0.025 0.000 0.002 0.399 0.386 0.012 0.015 0.108 0.055 0.028 0.070 0.012 0.079 0.148 0.416 0.418 0.424 0.364 0.275 0.317 0.204 0.145 0.148 0.059 0.000 0.014 0.102 0.010 0.000 0.000 0.006 0.000 0.000 0.000 0.000 0.772 0.212 1.192 1.192 0.000 0.000 0.000 0.000 0.000 0.000 0.000 0.000 0.000
0.176 0.523 0.121 0.127 0.135 0.167 0.091 0.190 0.162 0.182 0.002 0.094 0.124 0.091 0.049 0.036 0.351 0.024 0.106 0.106 0.065 0.004 0.033 0.000 0.069 0.019 0.057 0.122 0.020 0.009 0.009 0.036 0.082 0.428 0.402 0.402 0.108 0.092 0.064 0.032 0.029 0.006 0.447 0.444 0.443 0.447 0.000 0.214 0.297 0.262 0.113 0.114 0.194 0.215 0.065 0.001 0.001 0.002 0.000 0.003 0.001 0.000 0.000 0.000 0.722 0.812 0.022 0.022 0.000 0.000 0.000 0.000 0.000 0.000 0.231 0.000 0.000
0.109 0.068 0.169 0.170 0.115 0.069 0.149 0.160 0.110 0.126 0.188 0.075 0.374 0.000 0.367 0.379 0.382 0.386 0.042 0.050 0.040 0.044 0.035 0.019 0.025 0.052 0.022 0.056 0.085 0.040 0.008 0.253 0.036 0.175 0.445 0.445 0.069 0.092 0.012 0.012 0.048 0.481 0.477 0.472 0.465 0.076 0.293 0.187 0.027 0.078 0.113 0.114 0.254 0.134 0.011 0.003 0.000 0.000 0.000 0.003 0.000 0.000 0.000 0.000 0.872 0.462 0.000 0.000 0.000 0.000 0.000 0.000 0.000 0.011 0.000 0.000 0.464
