includes/camargue/floodfiles/results_R3_t1.562344836599E12/res-0013.wd
ncols         906
nrows         631
xllcorner     362177.146667
yllcorner     6534725.688020
cellsize      20.000000
NODATA_value  -9999.000000
[rows 578 to 611 of 631, columns 770 to 846 of 906]
10.627 10.758 10.889 11.033 11.203 11.378 11.553 11.728 11.901 12.074 12.248 12.594 12.594 12.767 12.941 13.024 13.028 13.136 13.252 13.366 13.481 13.595 13.709 13.824 13.938 14.053 14.167 14.091 14.091 13.977 13.862 13.785 13.726 13.667 13.608 13.549 13.491 13.432 13.373 13.314 13.244 13.150 13.056 12.962 12.962 12.774 12.707 12.666 12.624 12.582 12.540 12.499 12.457 12.415 12.357 12.277 12.196 12.115 12.034 11.954 11.954 11.792 11.713 11.641 11.567 11.494 11.421 11.347 11.274 11.207 11.164 11.121 11.078 11.035 10.992 10.949 10.949
10.900 11.030 11.164 11.299 11.463 11.636 11.809 11.983 12.156 12.329 12.502 12.849 12.849 13.022 13.195 13.198 13.201 13.232 13.346 13.462 13.576 13.691 13.805 13.920 14.034 14.149 14.263 14.073 14.073 13.958 13.844 13.729 13.670 13.611 13.552 13.493 13.434 13.375 13.316 13.257 13.170 13.076 12.982 12.888 12.888 12.700 12.606 12.556 12.514 12.472 12.430 12.389 12.347 12.305 12.228 12.147 12.066 11.986 11.905 11.824 11.824 11.663 11.582 11.506 11.432 11.360 11.286 11.213 11.139 11.089 11.046 11.003 10.960 10.917 10.874 10.831 10.831
11.187 11.326 11.465 11.592 11.718 11.891 12.064 12.237 12.411 12.584 12.757 13.104 13.104 13.277 13.368 13.372 13.375 13.378 13.442 13.558 13.672 13.787 13.901 14.015 14.130 14.244 14.283 14.054 14.054 13.940 13.825 13.711 13.613 13.554 13.495 13.437 13.378 13.319 13.260 13.190 13.096 13.002 12.908 12.814 12.814 12.626 12.532 12.446 12.404 12.362 12.321 12.279 12.237 12.179 12.099 12.018 11.937 11.856 11.776 11.695 11.695 11.533 11.453 11.372 11.298 11.225 11.152 11.079 11.014 10.971 10.928 10.885 10.842 10.799 10.757 10.714 10.714
11.488 11.627 11.764 11.886 12.008 12.146 12.319 12.492 12.666 12.839 13.012 13.359 13.359 13.532 13.542 13.545 13.549 13.552 13.555 13.652 13.768 13.882 13.997 14.111 14.226 14.340 14.265 14.036 14.036 13.921 13.807 13.692 13.578 13.498 13.439 13.380 13.321 13.262 13.203 13.116 13.022 12.928 12.834 12.740 12.740 12.551 12.457 12.363 12.294 12.253 12.211 12.169 12.127 12.050 11.969 11.889 11.808 11.727 11.646 11.566 11.566 11.404 11.323 11.242 11.164 11.090 11.017 10.943 10.895 10.852 10.810 10.767 10.725 10.682 10.639 10.596 10.596
11.789 11.928 12.058 12.180 12.301 12.423 12.574 12.747 12.921 13.094 13.267 13.614 13.614 13.712 13.716 13.719 13.722 13.726 13.729 13.748 13.864 13.978 14.093 14.207 14.321 14.361 14.246 14.017 14.017 13.903 13.788 13.674 13.559 13.445 13.383 13.324 13.265 13.206 13.136 13.041 12.947 12.853 12.759 12.665 12.665 12.477 12.383 12.289 12.195 12.143 12.101 12.059 12.002 11.921 11.840 11.759 11.678 11.598 11.517 11.436 11.436 11.275 11.194 11.113 11.032 10.956 10.883 10.820 10.777 10.734 10.692 10.650 10.607 10.564 10.521 10.478 10.478
12.090 12.229 12.352 12.473 12.595 12.717 12.839 13.002 13.176 13.349 13.522 13.869 13.869 13.886 13.889 13.892 13.896 13.899 13.902 13.906 13.958 14.073 14.188 14.303 14.417 14.342 14.228 13.999 13.999 13.884 13.770 13.655 13.541 13.427 13.326 13.267 13.208 13.149 13.061 12.967 12.873 12.779 12.685 12.591 12.591 12.403 12.309 12.215 12.121 12.033 11.991 11.949 11.872 11.791 11.711 11.630 11.549 11.468 11.388 11.307 11.307 11.145 11.065 10.984 10.903 10.822 10.748 10.702 10.660 10.617 10.574 10.531 10.488 10.445 10.403 10.360 10.360
12.391 12.524 12.645 12.767 12.889 13.010 13.132 13.257 13.430 13.604 13.777 14.056 14.056 14.059 14.063 14.066 14.069 14.073 14.076 14.079 14.083 14.169 14.283 14.399 14.439 14.324 14.210 13.981 13.981 13.866 13.752 13.637 13.523 13.408 13.294 13.211 13.152 13.081 12.987 12.893 12.799 12.705 12.611 12.517 12.517 12.329 12.235 12.141 12.047 11.953 11.881 11.824 11.743 11.662 11.581 11.501 11.420 11.339 11.258 11.178 11.178 11.016 10.935 10.854 10.773 10.690 10.634 10.590 10.547 10.504 10.461 10.418 10.374 10.331 10.288 10.245 10.246
12.692 12.817 12.939 13.061 13.182 13.304 13.426 13.548 13.685 13.859 14.032 14.230 14.230 14.233 14.236 14.240 14.243 14.246 14.250 14.253 14.256 14.264 14.379 14.493 14.420 14.306 14.191 13.962 13.962 13.848 13.733 13.619 13.504 13.390 13.275 13.161 13.095 13.007 12.913 12.819 12.725 12.631 12.537 12.443 12.443 12.255 12.161 12.067 11.973 11.871 11.767 11.689 11.607 11.524 11.442 11.359 11.277 11.194 11.112 11.029 11.029 10.865 10.782 10.700 10.617 10.538 10.544 10.513 10.470 10.426 10.383 10.340 10.297 10.254 10.210 10.167 10.167
12.989 13.111 13.232 13.354 13.476 13.598 13.719 13.841 13.963 14.114 14.287 14.403 14.403 14.407 14.410 14.413 14.417 14.420 14.423 14.427 14.430 14.433 14.475 14.515 14.401 14.287 14.173 13.944 13.944 13.829 13.715 13.600 13.486 13.371 13.257 13.126 13.008 12.904 12.800 12.697 12.593 12.489 12.385 12.281 12.281 12.073 11.969 11.865 11.761 11.657 11.584 11.534 11.451 11.369 11.286 11.204 11.122 11.039 10.957 10.874 10.874 10.709 10.627 10.544 10.462 10.435 10.440 10.435 10.392 10.349 10.305 10.262 10.219 10.176 10.133 10.089 10.089
13.283 13.404 13.526 13.648 13.770 13.891 14.013 14.135 14.256 14.378 14.542 14.577 14.577 14.580 14.584 14.587 14.590 14.594 14.597 14.600 14.604 14.585 14.557 14.443 14.310 14.176 14.044 13.777 13.777 13.644 13.511 13.377 13.244 13.111 12.977 12.844 12.778 12.691 12.587 12.483 12.379 12.275 12.171 12.067 12.067 11.859 11.755 11.651 11.548 11.448 11.405 11.362 11.296 11.214 11.131 11.049 10.966 10.884 10.801 10.719 10.719 10.554 10.471 10.389 10.327 10.332 10.337 10.342 10.314 10.271 10.228 10.185 10.141 10.098 10.055 10.012 10.012
13.283 13.404 13.526 13.648 13.770 13.891 14.013 14.135 14.256 14.378 14.542 14.577 14.577 14.580 14.584 14.587 14.590 14.594 14.597 14.600 14.604 14.585 14.557 14.443 14.310 14.176 14.043 13.776 13.777 13.644 13.511 13.377 13.244 13.111 12.977 12.844 12.778 12.691 12.587 12.483 12.379 12.275 12.171 12.067 12.067 11.859 11.755 11.651 11.548 11.448 11.405 11.362 11.296 11.214 11.131 11.049 10.966 10.884 10.801 10.719 10.719 10.554 10.471 10.389 10.327 10.332 10.337 10.342 10.314 10.271 10.228 10.185 10.141 10.098 10.055 10.012 10.012
13.576 13.698 13.820 13.941 14.063 14.185 14.307 14.428 14.532 14.618 14.655 14.601 14.601 14.573 14.546 14.519 14.491 14.464 14.437 14.409 14.382 14.354 14.287 14.162 14.028 13.895 13.761 13.495 13.495 13.362 13.229 13.096 12.962 12.829 12.696 12.599 12.539 12.477 12.373 12.269 12.165 12.061 11.957 11.853 11.853 11.646 11.542 11.438 11.334 11.270 11.227 11.184 11.141 11.058 10.976 10.893 10.811 10.728 10.646 10.563 10.563 10.398 10.316 10.233 10.223 10.229 10.234 10.239 10.237 10.193 10.150 10.107 10.064 10.021 9.977 9.934 9.934
13.732 13.819 13.905 13.992 14.078 14.164 14.251 14.337 14.423 14.510 14.449 14.370 14.370 14.343 14.316 14.288 14.261 14.234 14.206 14.179 14.152 14.124 14.000 13.875 13.747 13.613 13.480 13.213 13.213 13.080 12.947 12.814 12.681 12.547 12.420 12.360 12.299 12.239 12.159 12.055 11.952 11.848 11.744 11.640 11.640 11.432 11.328 11.224 11.135 11.092 11.049 11.005 10.962 10.903 10.820 10.738 10.655 10.573 10.490 10.408 10.408 10.243 10.160 10.115 10.120 10.125 10.131 10.136 10.141 10.116 10.073 10.029 9.986 9.943 9.900 9.857 9.857
13.516 13.602 13.689 13.775 13.861 13.948 14.034 14.121 14.198 14.122 14.046 13.910 13.910 13.882 13.855 13.828 13.800 13.773 13.746 13.718 13.675 13.550 13.426 13.301 13.177 13.050 12.917 12.650 12.650 12.517 12.383 12.251 12.117 12.002 11.941 11.881 11.820 11.760 11.699 11.628 11.524 11.420 11.316 11.212 11.212 11.005 10.901 10.821 10.778 10.735 10.692 10.649 10.606 10.563 10.509 10.427 10.345 10.262 10.180 10.097 10.097 9.932 9.903 9.908 9.913 9.919 9.924 9.929 9.935 9.940 9.917 9.874 9.831 9.788 9.744 9.701 9.701
13.447 13.494 13.580 13.667 13.753 13.840 13.926 14.012 13.996 13.921 13.845 13.694 13.694 13.652 13.625 13.597 13.570 13.543 13.515 13.488 13.388 13.263 13.139 13.014 12.890 12.766 12.635 12.368 12.368 12.235 12.102 11.968 11.835 11.762 11.702 11.641 11.581 11.520 11.459 11.399 11.310 11.207 11.103 10.999 10.999 10.791 10.687 10.643 10.599 10.556 10.513 10.470 10.427 10.384 10.341 10.272 10.189 10.107 10.024 9.942 9.942 9.794 9.800 9.805 9.810 9.816 9.821 9.826 9.831 9.837 9.840 9.796 9.753 9.710 9.667 9.624 9.624
13.387 13.393 13.472 13.559 13.645 13.731 13.818 13.871 13.795 13.719 13.644 13.492 13.492 13.422 13.395 13.367 13.340 13.312 13.285 13.225 13.101 12.976 12.852 12.727 12.603 12.479 12.353 12.087 12.087 11.953 11.820 11.687 11.582 11.522 11.462 11.402 11.341 11.281 11.220 11.159 11.097 10.993 10.889 10.785 10.785 10.577 10.507 10.464 10.421 10.378 10.335 10.292 10.249 10.206 10.163 10.116 10.034 9.951 9.869 9.786 9.786 9.691 9.696 9.702 9.707 9.712 9.718 9.723 9.728 9.733 9.739 9.719 9.676 9.632 9.589 9.546 9.546
13.327 13.333 13.364 13.450 13.537 13.623 13.709 13.669 13.593 13.518 13.442 13.291 13.291 13.215 13.164 13.137 13.110 13.082 13.055 12.938 12.814 12.689 12.565 12.441 12.316 12.192 12.067 11.805 11.805 11.672 11.538 11.405 11.343 11.282 11.222 11.161 11.102 11.041 10.981 10.920 10.859 10.779 10.675 10.571 10.571 10.372 10.329 10.286 10.243 10.200 10.156 10.113 10.070 10.027 9.984 9.941 9.878 9.796 9.713 9.631 9.631 9.588 9.593 9.598 9.604 9.609 9.614 9.620 9.625 9.630 9.635 9.641 9.598 9.555 9.512 9.468 9.468
13.267 13.273 13.279 13.342 13.429 13.515 13.543 13.468 13.392 13.316 13.241 13.089 13.089 13.013 12.938 12.907 12.879 12.852 12.776 12.651 12.527 12.402 12.278 12.154 12.029 11.905 11.780 11.523 11.523 11.390 11.257 11.164 11.103 11.043 10.982 10.922 10.861 10.802 10.741 10.680 10.620 10.559 10.461 10.358 10.358 10.193 10.150 10.107 10.064 10.021 9.978 9.935 9.892 9.849 9.806 9.763 9.720 9.640 9.558 9.475 9.475 9.484 9.490 9.495 9.500 9.506 9.511 9.516 9.521 9.527 9.532 9.537 9.520 9.477 9.434 9.406 9.406
13.207 13.213 13.219 13.234 13.320 13.407 13.342 13.266 13.191 13.115 13.039 12.888 12.888 12.812 12.736 12.676 12.649 12.613 12.489 12.364 12.240 12.115 11.991 11.867 11.742 11.618 11.493 11.242 11.242 11.108 10.985 10.924 10.864 10.803 10.743 10.682 10.622 10.561 10.501 10.441 10.380 10.320 10.248 10.144 10.144 10.015 9.972 9.929 9.886 9.843 9.800 9.757 9.714 9.670 9.627 9.584 9.541 9.485 9.402 9.371 9.371 9.381 9.386 9.392 9.397 9.402 9.408 9.413 9.418 9.423 9.429 9.434 9.439 9.400 9.356 9.358 9.358
13.147 13.153 13.158 13.164 13.212 13.216 13.140 13.065 12.989 12.913 12.838 12.686 12.686 12.610 12.535 12.459 12.419 12.326 12.202 12.077 11.953 11.829 11.704 11.580 11.455 11.331 11.207 10.958 10.958 10.827 10.746 10.685 10.624 10.564 10.503 10.443 10.382 10.322 10.261 10.201 10.140 10.080 10.020 9.930 9.930 9.837 9.794 9.750 9.707 9.664 9.621 9.578 9.535 9.492 9.449 9.406 9.363 9.319 9.262 9.267 9.267 9.278 9.283 9.288 9.294 9.299 9.304 9.310 9.315 9.320 9.325 9.331 9.336 9.322 9.307 9.311 9.311
13.069 13.073 13.078 13.082 13.079 13.003 12.928 12.852 12.777 12.701 12.626 12.475 12.475 12.399 12.324 12.249 12.170 12.046 11.922 11.798 11.673 11.549 11.425 11.301 11.176 11.052 10.928 10.679 10.679 10.580 10.521 10.461 10.402 10.343 10.284 10.225 10.166 10.106 10.047 9.988 9.929 9.870 9.811 9.777 9.777 9.694 9.652 9.610 9.568 9.526 9.484 9.442 9.400 9.359 9.317 9.275 9.233 9.191 9.201 9.205 9.205 9.214 9.218 9.222 9.227 9.231 9.235 9.240 9.244 9.248 9.253 9.257 9.261 9.266 9.269 9.271 9.271
12.836 12.841 12.845 12.850 12.791 12.715 12.639 12.564 12.488 12.413 12.337 12.186 12.186 12.111 12.035 11.960 11.922 11.826 11.702 11.578 11.454 11.329 11.205 11.081 10.957 10.832 10.708 10.460 10.460 10.429 10.381 10.321 10.262 10.203 10.144 10.085 10.026 9.966 9.907 9.848 9.789 9.730 9.679 9.680 9.681 9.615 9.573 9.531 9.489 9.447 9.406 9.364 9.322 9.280 9.238 9.197 9.155 9.144 9.173 9.185 9.185 9.194 9.198 9.203 9.207 9.211 9.216 9.220 9.224 9.229 9.233 9.237 9.242 9.248 9.253 9.255 9.255
12.604 12.608 12.613 12.579 12.502 12.426 12.350 12.275 12.200 12.124 12.049 11.898 11.898 11.822 11.747 11.697 11.660 11.607 11.482 11.358 11.234 11.110 10.985 10.861 10.737 10.613 10.488 10.304 10.304 10.274 10.241 10.181 10.122 10.063 10.004 9.945 9.886 9.826 9.767 9.708 9.649 9.590 9.578 9.579 9.579 9.536 9.495 9.453 9.411 9.369 9.327 9.285 9.244 9.202 9.160 9.118 9.083 9.112 9.141 9.166 9.166 9.174 9.179 9.183 9.187 9.191 9.196 9.200 9.205 9.209 9.213 9.217 9.223 9.230 9.237 9.239 9.239
12.372 12.376 12.367 12.291 12.214 12.138 12.062 11.986 11.911 11.835 11.760 11.609 11.609 11.534 11.473 11.436 11.399 11.362 11.263 11.138 11.014 10.890 10.766 10.641 10.517 10.393 10.269 10.149 10.149 10.119 10.089 10.041 9.982 9.923 9.864 9.805 9.746 9.686 9.627 9.568 9.509 9.477 9.477 9.478 9.478 9.458 9.416 9.374 9.332 9.291 9.249 9.207 9.165 9.123 9.082 9.040 9.051 9.080 9.109 9.138 9.138 9.154 9.159 9.163 9.167 9.172 9.176 9.180 9.185 9.189 9.193 9.198 9.205 9.212 9.219 9.223 9.223
12.139 12.144 12.079 12.003 11.926 11.850 11.773 11.698 11.622 11.547 11.471 11.320 11.320 11.249 11.211 11.174 11.137 11.100 11.043 10.919 10.795 10.670 10.546 10.422 10.298 10.173 10.053 9.994 9.994 9.964 9.934 9.901 9.842 9.783 9.724 9.665 9.606 9.547 9.488 9.428 9.375 9.376 9.376 9.377 9.377 9.379 9.338 9.296 9.254 9.212 9.170 9.129 9.087 9.045 9.003 8.989 9.018 9.047 9.076 9.106 9.106 9.135 9.139 9.143 9.148 9.152 9.156 9.161 9.165 9.169 9.174 9.180 9.187 9.194 9.200 9.207 9.207
11.907 11.867 11.791 11.714 11.638 11.561 11.485 11.409 11.334 11.258 11.183 11.032 11.032 10.987 10.950 10.913 10.876 10.838 10.801 10.699 10.575 10.451 10.326 10.202 10.078 9.954 9.898 9.839 9.839 9.809 9.779 9.750 9.702 9.643 9.584 9.525 9.466 9.407 9.347 9.288 9.274 9.275 9.276 9.276 9.277 9.278 9.259 9.217 9.176 9.134 9.092 9.050 9.008 8.967 8.928 8.957 8.986 9.015 9.044 9.073 9.073 9.115 9.119 9.124 9.128 9.132 9.137 9.141 9.145 9.150 9.155 9.162 9.169 9.176 9.182 9.189 9.189
11.907 11.867 11.791 11.714 11.638 11.561 11.485 11.409 11.334 11.258 11.183 11.032 11.032 10.987 10.950 10.913 10.876 10.838 10.801 10.699 10.575 10.451 10.326 10.202 10.078 9.954 9.898 9.839 9.839 9.809 9.779 9.750 9.702 9.643 9.584 9.525 9.466 9.407 9.347 9.288 9.274 9.275 9.276 9.276 9.276 9.278 9.259 9.217 9.176 9.134 9.092 9.050 9.008 8.966 8.928 8.957 8.986 9.015 9.044 9.073 9.073 9.115 9.119 9.124 9.128 9.132 9.137 9.141 9.145 9.150 9.155 9.162 9.169 9.176 9.182 9.189 9.189
11.656 11.579 11.503 11.426 11.350 11.273 11.197 11.120 11.045 10.970 10.894 10.763 10.763 10.726 10.688 10.651 10.614 10.577 10.540 10.479 10.355 10.231 10.107 9.982 9.858 9.773 9.743 9.684 9.684 9.654 9.624 9.595 9.562 9.503 9.444 9.385 9.326 9.267 9.207 9.172 9.173 9.174 9.175 9.176 9.176 9.177 9.178 9.139 9.097 9.055 9.013 8.972 8.930 8.888 8.895 8.924 8.953 8.983 9.012 9.041 9.041 9.095 9.099 9.104 9.108 9.112 9.117 9.121 9.125 9.131 9.137 9.144 9.151 9.157 9.164 9.171 9.171
11.368 11.291 11.215 11.138 11.062 10.985 10.909 10.832 10.756 10.681 10.605 10.501 10.501 10.464 10.427 10.390 10.352 10.315 10.278 10.241 10.135 10.011 9.887 9.763 9.647 9.618 9.588 9.529 9.529 9.499 9.469 9.440 9.410 9.363 9.304 9.245 9.186 9.126 9.070 9.071 9.072 9.073 9.074 9.075 9.075 9.076 9.077 9.061 9.019 8.977 8.935 8.893 8.851 8.834 8.863 8.892 8.921 8.950 8.979 9.008 9.009 9.067 9.080 9.084 9.088 9.093 9.097 9.101 9.106 9.112 9.119 9.126 9.133 9.139 9.146 9.153 9.153
10.794 10.715 10.638 10.562 10.485 10.409 10.332 10.256 10.179 10.104 10.052 9.978 9.978 9.941 9.904 9.867 9.829 9.792 9.755 9.718 9.681 9.572 9.447 9.367 9.337 9.308 9.278 9.218 9.218 9.189 9.159 9.129 9.100 9.070 9.024 8.965 8.905 8.868 8.869 8.870 8.870 8.871 8.872 8.873 8.873 8.875 8.876 8.876 8.862 8.820 8.778 8.736 8.740 8.769 8.798 8.827 8.857 8.886 8.915 8.944 8.944 9.002 9.031 9.045 9.049 9.053 9.058 9.063 9.069 9.076 9.083 9.090 9.096 9.103 9.110 9.117 9.117
10.628 10.539 10.450 10.361 10.272 10.183 10.094 10.005 9.916 9.842 9.792 9.716 9.716 9.679 9.642 9.605 9.568 9.531 9.493 9.456 9.419 9.352 9.241 9.212 9.182 9.152 9.123 9.063 9.063 9.034 9.004 8.974 8.945 8.915 8.884 8.825 8.766 8.767 8.768 8.769 8.770 8.770 8.771 8.772 8.772 8.774 8.775 8.776 8.776 8.742 8.700 8.679 8.708 8.737 8.766 8.795 8.824 8.853 8.882 8.911 8.912 8.970 8.999 9.025 9.029 9.033 9.038 9.044 9.051 9.058 9.065 9.072 9.078 9.085 9.092 9.098 9.098
10.463 10.374 10.285 10.196 10.107 10.018 9.929 9.840 9.764 9.723 9.673 9.572 9.572 9.522 9.471 9.421 9.371 9.320 9.270 9.219 9.169 9.120 9.086 9.057 9.027 8.997 8.968 8.908 8.908 8.879 8.849 8.819 8.789 8.760 8.730 8.685 8.665 8.666 8.667 8.668 8.669 8.669 8.670 8.671 8.671 8.673 8.674 8.675 8.675 8.663 8.621 8.646 8.675 8.704 8.734 8.763 8.792 8.821 8.850 8.879 8.879 8.937 8.966 8.996 9.009 9.014 9.020 9.026 9.033 9.040 9.047 9.053 9.060 9.067 9.074 9.080 9.080
10.298 10.209 10.120 10.031 9.942 9.853 9.764 9.685 9.643 9.601 9.555 9.454 9.454 9.403 9.353 9.302 9.252 9.201 9.151 9.101 9.050 9.031 9.013 8.979 8.944 8.910 8.876 8.807 8.807 8.773 8.738 8.704 8.670 8.635 8.601 8.583 8.582 8.580 8.579 8.577 8.576 8.574 8.573 8.572 8.572 8.572 8.573 8.574 8.575 8.575 8.585 8.614 8.643 8.672 8.701 8.730 8.760 8.789 8.818 8.847 8.847 8.905 8.934 8.963 8.990 8.995 9.001 9.008 9.015 9.022 9.028 9.035 9.042 9.049 9.055 9.062 9.062
10.132 10.043 9.954 9.865 9.776 9.687 9.605 9.563 9.521 9.480 9.436 9.335 9.335 9.285 9.234 9.184 9.133 9.083 9.032 8.982 8.955 8.952 8.947 8.912 8.878 8.844 8.809 8.740 8.740 8.706 8.672 8.637 8.603 8.569 8.538 8.555 8.562 8.561 8.559 8.558 8.556 8.555 8.553 8.552 8.552 8.549 8.548 8.546 8.545 8.548 8.566 8.595 8.623 8.652 8.680 8.709 8.737 8.766 8.794 8.823 8.823 8.880 8.909 8.937 8.966 8.983 8.988 8.994 8.999 9.005 9.010 9.017 9.024 9.031 9.037 9.044 9.044
