includes/camargue/floodfiles/results_R3_t1.562344836599E12/res-0010.wd
ncols         906
nrows         631
xllcorner     362177.146667
yllcorner     6534725.688020
cellsize      20.000000
NODATA_value  -9999.000000
[rows 408 to 441 of 631, columns 539 to 615 of 906]
0.000 0.000 0.000 0.000 0.000 0.000 0.000 0.000 0.000 0.000 0.000 0.000 0.000 0.000 0.000 0.000 0.000 0.000 0.000 0.000 0.000 0.000 0.081 0.000 0.000 0.000 0.000 0.000 0.000 0.000 0.000 0.000 0.001 0.000 0.000 0.074 0.003 0.050 0.010 0.029 0.179 0.003 0.018 0.003 0.000 0.009 0.001 0.000 0.002 0.000 0.108 0.004 0.010 0.002 0.000 0.014 0.013 0.118 0.000 0.000 0.000 0.042 0.000 0.000 0.000 0.000 0.000 0.060 0.012 0.064 0.031 0.000 0.000 0.000 0.013 0.024 0.033
0.000 0.000 0.000 0.000 0.000 0.000 0.000 0.000 0.000 0.000 0.000 0.000 0.000 0.000 0.000 0.000 0.000 0.000 0.000 0.000 0.000 0.000 0.000 0.000 0.000 0.000 0.000 0.000 0.000 0.000 0.000 0.000 0.072 0.072 0.000 0.000 0.013 0.000 0.000 0.039 0.000 0.002 0.028 0.000 0.078 0.028 0.000 0.000 0.048 0.048 0.088 0.078 0.058 0.000 0.003 0.011 0.192 0.000 0.061 0.000 0.000 0.052 0.000 0.000 0.001 0.000 0.075 0.005 0.000 0.000 0.085 0.011 0.013 0.014 0.004 0.034 0.094
0.000 0.000 0.000 0.000 0.000 0.000 0.000 0.000 0.000 0.000 0.000 0.000 0.000 0.000 0.000 0.000 0.000 0.000 0.000 0.000 0.000 0.022 0.000 0.062 0.000 0.000 0.000 0.000 0.001 0.002 0.000 0.000 0.002 0.000 0.074 0.074 0.000 0.000 0.002 0.000 0.001 0.000 0.027 0.000 0.128 0.000 0.011 0.001 0.000 0.000 0.024 0.000 0.058 0.048 0.000 0.000 0.262 0.001 0.000 0.000 0.000 0.032 0.112 0.000 0.001 0.000 0.000 0.007 0.185 0.085 0.115 0.012 0.000 0.002 0.028 0.004 0.084
0.000 0.000 0.000 0.000 0.000 0.000 0.000 0.000 0.000 0.000 0.000 0.000 0.000 0.000 0.000 0.000 0.000 0.000 0.000 0.000 0.000 0.022 0.000 0.062 0.000 0.000 0.000 0.000 0.000 0.000 0.000 0.000 0.001 0.000 0.074 0.074 0.000 0.000 0.001 0.000 0.000 0.000 0.027 0.000 0.128 0.000 0.011 0.000 0.000 0.000 0.017 0.000 0.058 0.048 0.000 0.000 0.262 0.001 0.000 0.000 0.000 0.032 0.112 0.000 0.001 0.000 0.000 0.005 0.185 0.085 0.115 0.011 0.000 0.000 0.028 0.004 0.084
0.000 0.000 0.000 0.000 0.000 0.000 0.000 0.000 0.000 0.000 0.000 0.000 0.000 0.000 0.000 0.000 0.000 0.000 0.000 0.000 0.000 0.000 0.000 0.000 0.000 0.000 0.000 0.000 0.000 0.000 0.002 0.000 0.001 0.000 0.002 0.000 0.061 0.000 0.005 0.000 0.000 0.036 0.026 0.205 0.003 0.000 0.000 0.002 0.006 0.008 0.008 0.004 0.000 0.005 0.000 0.001 0.402 0.000 0.000 0.000 0.000 0.122 0.001 0.000 0.000 0.000 0.000 0.000 0.001 0.045 0.011 0.007 0.012 0.000 0.000 0.068 0.000
0.000 0.000 0.000 0.000 0.000 0.000 0.000 0.000 0.000 0.000 0.000 0.000 0.000 0.000 0.000 0.000 0.000 0.000 0.000 0.000 0.000 0.000 0.032 0.000 0.002 0.000 0.000 0.000 0.000 0.001 0.000 0.063 0.001 0.000 0.002 0.000 0.000 0.000 0.074 0.000 0.022 0.000 0.000 0.035 0.115 0.006 0.006 0.001 0.079 0.079 0.039 0.108 0.000 0.004 0.005 0.000 0.162 0.000 0.000 0.081 0.000 0.000 0.004 0.000 0.000 0.000 0.000 0.041 0.000 0.000 0.004 0.063 0.063 0.000 0.000 0.018 0.003
0.000 0.000 0.000 0.000 0.000 0.000 0.000 0.000 0.000 0.000 0.000 0.000 0.000 0.000 0.000 0.011 0.000 0.000 0.000 0.000 0.000 0.000 0.000 0.062 0.000 0.001 0.000 0.000 0.000 0.001 0.000 0.001 0.000 0.000 0.002 0.043 0.000 0.176 0.001 0.024 0.000 0.044 0.024 0.002 0.001 0.003 0.005 0.007 0.000 0.000 0.005 0.022 0.000 0.000 0.092 0.001 0.202 0.001 0.000 0.000 0.000 0.056 0.001 0.012 0.001 0.000 0.071 0.000 0.000 0.000 0.000 0.021 0.018 0.000 0.000 0.088 0.000
0.000 0.000 0.000 0.000 0.000 0.000 0.000 0.000 0.000 0.000 0.000 0.000 0.000 0.000 0.000 0.000 0.000 0.000 0.000 0.042 0.052 0.112 0.000 0.000 0.002 0.033 0.001 0.000 0.002 0.007 0.000 0.074 0.000 0.000 0.079 0.000 0.000 0.026 0.000 0.002 0.000 0.003 0.003 0.000 0.117 0.005 0.027 0.097 0.058 0.059 0.079 0.050 0.000 0.013 0.162 0.017 0.202 0.000 0.000 0.000 0.000 0.066 0.000 0.000 0.001 0.000 0.000 0.000 0.000 0.000 0.000 0.000 0.157 0.000 0.091 0.000 0.021
0.000 0.000 0.000 0.000 0.000 0.000 0.000 0.000 0.000 0.000 0.000 0.000 0.000 0.000 0.002 0.044 0.002 0.000 0.000 0.002 0.052 0.000 0.000 0.000 0.000 0.000 0.000 0.001 0.000 0.036 0.001 0.000 0.001 0.000 0.029 0.019 0.000 0.004 0.003 0.003 0.022 0.002 0.076 0.002 0.001 0.025 0.035 0.033 0.000 0.000 0.079 0.000 0.000 0.101 0.000 0.198 0.000 0.000 0.000 0.000 0.000 0.004 0.001 0.000 0.001 0.001 0.000 0.021 0.000 0.042 0.000 0.000 0.147 0.017 0.000 0.000 0.000
0.000 0.000 0.000 0.000 0.000 0.000 0.000 0.000 0.000 0.000 0.000 0.000 0.000 0.053 0.073 0.000 0.004 0.002 0.055 0.000 0.000 0.000 0.043 0.001 0.124 0.001 0.002 0.000 0.002 0.026 0.000 0.024 0.014 0.014 0.000 0.007 0.020 0.000 0.002 0.004 0.000 0.001 0.000 0.042 0.004 0.003 0.003 0.021 0.001 0.001 0.000 0.011 0.000 0.101 0.045 0.033 0.000 0.023 0.000 0.000 0.086 0.086 0.000 0.000 0.003 0.001 0.024 0.000 0.048 0.000 0.000 0.151 0.000 0.077 0.017 0.000 0.048
2.652 2.653 0.000 0.000 0.000 0.000 0.000 0.000 0.000 0.000 0.000 0.000 0.042 0.000 0.000 0.111 0.000 0.000 0.025 0.000 0.000 0.000 0.000 0.071 0.000 0.000 0.064 0.000 0.000 0.003 0.001 0.001 0.002 0.001 0.003 0.000 0.007 0.137 0.000 0.003 0.002 0.087 0.000 0.072 0.252 0.009 0.000 0.095 0.002 0.003 0.001 0.081 0.021 0.261 0.000 0.063 0.000 0.002 0.000 0.031 0.000 0.002 0.024 0.002 0.000 0.000 0.002 0.108 0.018 0.028 0.004 0.000 0.000 0.000 0.021 0.079 0.048
0.002 0.000 0.524 0.000 0.000 0.000 0.000 0.000 0.000 0.000 0.000 0.011 0.000 0.052 0.162 0.000 0.001 0.001 0.001 0.001 0.000 0.012 0.001 0.000 0.000 0.014 0.034 0.000 0.000 0.016 0.003 0.000 0.002 0.001 0.042 0.042 0.022 0.000 0.000 0.003 0.087 0.037 0.107 0.001 0.000 0.006 0.000 0.064 0.000 0.000 0.051 0.021 0.000 0.406 0.341 0.001 0.006 0.172 0.000 0.000 0.004 0.077 0.000 0.136 0.076 0.076 0.000 0.000 0.000 0.000 0.010 0.000 0.000 0.002 0.010 0.011 0.033
0.000 0.000 1.048 1.548 0.000 0.000 0.000 0.000 0.000 0.000 0.001 0.000 0.000 0.000 0.000 0.000 0.000 0.000 0.075 0.002 0.003 0.000 0.000 0.012 0.001 0.064 0.002 0.003 0.000 0.000 0.007 0.003 0.042 0.042 0.000 0.152 0.162 0.004 0.005 0.047 0.017 0.000 0.004 0.000 0.079 0.169 0.000 0.051 0.030 0.029 0.002 0.021 0.101 0.191 0.029 0.054 0.012 0.082 0.000 0.088 0.088 0.000 0.000 0.066 0.000 0.000 0.000 0.071 0.000 0.000 0.006 0.030 0.070 0.005 0.043 0.000 0.000
0.646 0.646 0.000 2.458 0.010 0.016 0.168 0.058 0.000 0.000 0.000 0.000 0.000 0.001 0.000 0.000 0.012 0.012 0.000 0.002 0.004 0.003 0.002 0.000 0.000 0.001 0.002 0.003 0.000 0.051 0.000 0.092 0.112 0.112 0.000 0.022 0.000 0.007 0.000 0.005 0.034 0.002 0.029 0.099 0.279 0.039 0.249 0.069 0.018 0.017 0.000 0.000 0.021 0.111 0.008 0.000 0.000 0.142 0.000 0.004 0.000 0.022 0.002 0.002 0.002 0.001 0.000 0.000 0.014 0.000 0.000 0.000 0.000 0.025 0.000 0.000 0.076
0.906 0.906 0.796 0.019 0.036 0.012 0.063 0.000 0.001 0.000 0.002 0.023 0.000 0.001 0.000 0.000 0.000 0.000 0.000 0.000 0.023 0.000 0.027 0.017 0.003 0.011 0.000 0.004 0.000 0.000 0.000 0.052 0.052 0.052 0.001 0.000 0.000 0.021 0.021 0.120 0.010 0.073 0.006 0.099 0.000 0.005 0.000 0.021 0.011 0.011 0.029 0.000 0.000 0.034 0.093 0.000 0.006 0.039 0.038 0.158 0.000 0.000 0.004 0.000 0.002 0.001 0.022 0.000 0.114 0.000 0.013 0.000 0.000 0.000 0.066 0.026 0.066
0.866 0.866 0.806 0.646 0.000 0.287 0.053 0.023 0.025 0.007 0.058 0.000 0.000 0.052 0.001 0.000 0.000 0.000 0.000 0.000 0.001 0.000 0.000 0.000 0.000 0.059 0.003 0.025 0.013 0.000 0.000 0.006 0.000 0.000 0.044 0.001 0.001 0.001 0.000 0.040 0.020 0.000 0.059 0.009 0.046 0.077 0.020 0.086 0.035 0.035 0.003 0.000 0.000 0.001 0.016 0.013 0.006 0.027 0.156 0.006 0.043 0.013 0.061 0.000 0.105 0.105 0.000 0.024 0.024 0.000 0.143 0.133 0.000 0.000 0.036 0.000 0.000
0.786 0.786 0.686 0.766 0.000 0.000 0.000 0.010 0.024 0.094 0.000 0.000 0.000 0.000 0.001 0.000 0.002 0.000 0.000 0.000 0.052 0.000 0.001 0.075 0.003 0.000 0.096 0.002 0.009 0.007 0.007 0.077 0.001 0.002 0.000 0.045 0.135 0.000 0.039 0.005 0.004 0.001 0.013 0.000 0.054 0.015 0.000 0.000 0.022 0.018 0.102 0.000 0.455 0.440 0.133 0.000 0.000 0.056 0.116 0.016 0.000 0.000 0.191 0.000 0.002 0.002 0.002 0.002 0.000 0.002 0.001 0.000 0.000 0.003 0.003 0.000 0.000
1.006 1.006 0.000 0.000 0.000 0.236 0.566 0.066 0.018 0.173 0.000 0.000 0.000 0.001 0.053 0.000 0.000 0.000 0.000 0.016 0.000 0.000 0.000 0.000 0.006 0.000 0.056 0.000 0.000 0.000 0.004 0.011 0.000 0.000 0.000 0.002 0.000 0.019 0.029 0.000 0.262 0.212 0.132 0.008 0.027 0.002 0.012 0.000 0.000 0.000 0.092 0.000 0.043 0.000 0.018 0.000 0.001 0.000 0.025 0.002 0.000 0.134 0.004 0.000 0.060 0.060 0.040 0.019 0.004 0.004 0.000 0.000 0.086 0.026 0.015 0.012 0.000
0.000 0.000 0.000 0.001 0.000 0.000 0.000 0.000 0.032 0.101 0.000 0.000 0.001 0.014 0.000 0.000 0.001 0.000 0.036 0.036 0.000 0.000 0.000 0.064 0.004 0.005 0.000 0.000 0.000 0.055 0.045 0.035 0.000 0.000 0.000 0.012 0.003 0.007 0.079 0.000 0.031 0.000 0.001 0.048 0.019 0.018 0.021 0.026 0.055 0.055 0.021 0.000 0.283 0.000 0.112 0.000 0.000 0.066 0.018 0.161 0.000 0.124 0.002 0.007 0.000 0.000 0.000 0.000 0.005 0.010 0.000 0.036 0.066 0.076 0.000 0.006 0.012
0.000 0.000 0.000 0.000 0.000 0.000 0.000 0.000 0.031 0.100 0.000 0.000 0.000 0.014 0.000 0.000 0.001 0.001 0.036 0.036 0.000 0.000 0.001 0.064 0.002 0.002 0.000 0.000 0.000 0.055 0.045 0.035 0.000 0.000 0.000 0.010 0.003 0.006 0.079 0.000 0.030 0.000 0.001 0.048 0.012 0.016 0.020 0.026 0.055 0.055 0.013 0.000 0.283 0.000 0.112 0.000 0.000 0.066 0.011 0.161 0.000 0.124 0.000 0.005 0.000 0.000 0.000 0.000 0.002 0.005 0.000 0.036 0.066 0.076 0.000 0.002 0.009
0.000 0.000 0.000 0.000 0.031 0.000 0.651 0.000 0.005 0.047 0.000 0.000 0.024 0.001 0.001 0.052 0.000 0.000 0.000 0.002 0.001 0.154 0.000 0.000 0.001 0.056 0.026 0.002 0.044 0.104 0.000 0.000 0.000 0.000 0.022 0.052 0.002 0.002 0.000 0.000 0.013 0.000 0.000 0.000 0.228 0.000 0.014 0.014 0.114 0.114 0.184 0.000 0.000 0.000 0.033 0.000 0.000 0.000 0.018 0.221 0.000 0.244 0.017 0.044 0.062 0.062 0.000 0.000 0.006 0.072 0.000 0.000 0.000 0.000 0.000 0.022 0.004
0.000 0.000 0.000 0.001 0.000 0.000 0.000 0.000 0.330 0.060 0.000 0.002 0.001 0.000 0.050 0.000 0.000 0.000 0.002 0.002 0.002 0.000 0.001 0.000 0.000 0.000 0.002 0.137 0.000 0.054 0.004 0.137 0.016 0.014 0.032 0.007 0.020 0.090 0.001 0.000 0.008 0.024 0.000 0.008 0.008 0.014 0.013 0.640 0.011 0.011 0.037 0.031 0.014 0.358 0.016 0.000 0.051 0.000 0.000 0.059 0.007 0.214 0.012 0.000 0.015 0.015 0.045 0.000 0.000 0.062 0.000 0.081 0.000 0.042 0.000 0.007 0.001
0.072 0.072 0.001 0.000 0.001 0.000 0.032 0.000 0.000 0.156 0.056 0.003 0.006 0.028 0.009 0.000 0.042 0.042 0.000 0.001 0.001 0.000 0.017 0.176 0.014 0.000 0.002 0.003 0.052 0.004 0.038 0.000 0.003 0.003 0.000 0.005 0.078 0.008 0.046 0.015 0.075 0.023 0.015 0.000 0.017 0.056 0.046 0.000 0.000 0.000 0.000 0.000 0.008 0.021 0.015 0.000 0.001 0.000 0.066 0.126 0.045 0.115 0.002 0.101 0.031 0.031 0.000 0.007 0.006 0.003 0.007 0.000 0.052 0.000 0.307 0.003 0.002
0.000 0.000 0.000 0.000 0.000 0.000 0.000 0.000 0.000 0.000 0.088 0.144 0.079 0.000 0.009 0.000 0.002 0.000 0.000 0.056 0.004 0.005 0.088 0.000 0.052 0.000 0.000 0.032 0.032 0.002 0.013 0.000 0.022 0.022 0.000 0.047 0.027 0.096 0.106 0.005 0.000 0.000 0.017 0.044 0.194 0.095 0.085 0.145 0.716 0.716 0.000 0.074 0.000 0.051 0.000 0.000 0.000 0.026 0.016 0.206 0.065 0.000 0.000 0.071 0.050 0.050 0.004 0.002 0.014 0.015 0.002 0.034 0.001 0.001 0.000 0.005 0.005
0.000 0.000 0.032 0.000 0.000 0.000 0.000 0.023 0.000 0.000 0.000 0.000 0.044 0.000 0.000 0.000 0.000 0.000 0.000 0.036 0.000 0.015 0.000 0.000 0.005 0.003 0.010 0.061 0.061 0.001 0.067 0.010 0.072 0.072 0.000 0.004 0.017 0.000 0.076 0.003 0.042 0.082 0.000 0.062 0.050 0.014 0.006 0.000 0.095 0.095 0.000 0.681 0.000 0.063 0.000 0.000 0.000 0.076 0.026 0.000 0.023 0.144 0.019 0.000 0.012 0.010 0.006 0.023 0.007 0.001 0.000 0.000 0.002 0.002 0.001 0.004 0.004
0.001 0.001 0.000 0.000 0.000 0.000 0.000 0.023 0.033 0.000 0.000 0.029 0.020 0.099 0.005 0.056 0.000 0.000 0.001 0.000 0.000 0.000 0.057 0.067 0.002 0.070 0.021 0.000 0.071 0.004 0.004 0.004 0.006 0.006 0.000 0.008 0.000 0.065 0.006 0.028 0.002 0.092 0.000 0.000 0.165 0.000 0.068 0.000 0.000 0.000 0.012 0.000 0.105 0.086 0.000 0.000 0.051 0.000 0.002 0.003 0.000 0.000 0.056 0.013 0.009 0.007 0.007 0.000 0.010 0.007 0.004 0.003 0.002 0.002 0.002 0.004 0.004
0.004 0.003 0.002 0.043 0.133 0.000 0.001 0.000 0.000 0.000 0.000 0.082 0.131 0.032 0.000 0.086 0.016 0.016 0.000 0.000 0.000 0.000 0.000 0.006 0.003 0.040 0.000 0.131 0.000 0.100 0.004 0.070 0.060 0.060 0.000 0.044 0.002 0.055 0.075 0.000 0.002 0.006 0.010 0.000 0.104 0.040 0.000 0.003 0.001 0.002 0.000 0.000 0.000 0.115 0.000 0.000 0.000 0.000 0.017 0.004 0.003 0.001 0.028 0.399 0.003 0.002 0.011 0.007 0.009 0.008 0.006 0.004 0.003 0.003 0.002 0.003 0.004
0.000 0.000 0.066 0.000 0.000 0.022 0.000 0.000 0.068 0.000 0.605 0.000 0.047 0.005 0.045 0.000 0.000 0.000 0.000 0.000 0.041 0.000 0.041 0.000 0.001 0.039 0.000 0.000 0.074 0.000 0.006 0.016 0.019 0.019 0.004 0.011 0.008 0.000 0.006 0.011 0.056 0.096 0.583 0.048 0.049 0.035 0.000 0.066 0.000 0.000 0.016 0.000 0.111 0.113 0.000 0.000 0.000 0.000 0.000 0.035 0.002 0.027 0.001 0.012 0.006 0.002 0.010 0.008 0.009 0.008 0.007 0.005 0.004 0.003 0.003 0.003 0.004
0.095 0.095 0.003 0.035 0.002 0.001 0.104 0.124 0.008 0.000 0.000 0.006 0.181 0.005 0.000 0.000 0.000 0.000 0.000 0.000 0.000 0.001 0.000 0.034 0.034 0.014 0.122 0.000 0.054 0.094 0.000 0.018 0.000 0.000 0.002 0.001 0.010 0.060 0.019 0.457 0.004 0.076 0.000 0.058 0.000 0.023 0.023 0.003 0.009 0.008 0.086 0.002 0.107 0.109 0.000 0.000 0.000 0.000 0.053 0.002 0.004 0.000 0.018 0.019 0.009 0.005 0.008 0.009 0.009 0.009 0.008 0.006 0.005 0.004 0.003 0.003 0.004
0.045 0.045 0.000 0.002 0.009 0.010 0.044 0.000 0.034 0.000 0.000 0.000 0.139 0.028 0.000 0.000 0.004 0.004 0.023 0.000 0.007 0.001 0.000 0.024 0.002 0.007 0.007 0.000 0.000 0.000 0.002 0.116 0.044 0.044 0.074 0.001 0.012 0.002 0.035 0.057 0.000 0.012 0.064 0.000 0.000 0.017 0.035 0.000 0.058 0.058 0.005 0.011 0.000 0.103 0.000 0.000 0.000 0.004 0.000 0.056 0.003 0.002 0.024 0.016 0.007 0.005 0.008 0.008 0.009 0.009 0.008 0.007 0.006 0.005 0.004 0.004 0.004
0.000 0.000 0.000 0.120 0.090 0.000 0.024 0.000 0.007 0.000 0.000 0.000 0.009 0.076 0.000 0.031 0.000 0.000 0.000 0.057 0.017 0.000 0.051 0.000 0.002 0.163 0.004 0.000 0.002 0.003 0.124 0.000 0.033 0.033 0.000 0.000 0.014 0.128 0.138 0.000 0.005 0.044 0.064 0.000 0.053 0.022 0.089 0.078 0.000 0.000 0.577 0.059 0.004 0.097 0.000 0.592 0.000 0.044 0.591 0.000 0.544 0.000 0.029 0.015 0.005 0.005 0.007 0.008 0.009 0.009 0.008 0.008 0.007 0.006 0.005 0.004 0.004
0.105 0.105 0.004 0.080 0.000 0.121 0.000 0.000 0.014 0.000 0.131 0.000 0.000 0.103 0.000 0.000 0.002 0.001 0.054 0.000 0.004 0.000 0.001 0.000 0.000 0.018 0.000 0.123 0.000 0.000 0.000 0.000 0.018 0.016 0.075 0.032 0.000 0.128 0.000 0.000 0.000 0.017 0.020 0.005 0.006 0.058 0.048 0.045 0.571 0.571 0.022 0.000 0.086 0.089 0.000 0.012 0.000 0.000 0.002 0.000 0.001 0.045 0.038 0.020 0.005 0.004 0.007 0.008 0.009 0.009 0.009 0.008 0.007 0.007 0.006 0.005 0.005
0.295 0.295 0.095 0.000 0.111 0.000 0.000 0.000 0.015 0.000 0.000 0.000 0.000 0.118 0.000 0.000 0.032 0.032 0.000 0.001 0.004 0.011 0.000 0.000 0.003 0.008 0.043 0.000 0.013 0.001 0.013 0.000 0.095 0.095 0.000 0.400 0.030 0.077 0.000 0.000 0.043 0.073 0.000 0.004 0.000 0.015 0.000 0.060 0.000 0.000 0.008 0.081 0.082 0.081 0.078 0.000 0.000 0.000 0.000 0.038 0.039 0.040 0.040 0.039 0.018 0.012 0.009 0.009 0.009 0.009 0.009 0.009 0.008 0.007 0.007 0.006 0.005
0.003 0.001 0.002 0.106 0.000 0.000 0.000 0.009 0.008 0.000 0.012 0.001 0.000 0.135 0.000 0.000 0.000 0.000 0.000 0.012 0.000 0.019 0.000 0.000 0.000 0.065 0.006 0.000 0.000 0.033 0.001 0.024 0.034 0.034 0.011 0.068 0.055 0.012 0.005 0.000 0.022 0.463 0.000 0.009 0.508 0.521 0.000 0.057 0.043 0.036 0.550 0.012 0.000 0.072 0.068 0.061 0.060 0.000 0.038 0.036 0.036 0.035 0.034 0.031 0.026 0.017 0.017 0.014 0.012 0.011 0.010 0.010 0.009 0.009 0.008 0.007 0.006
