includes/camargue/floodfiles/results_R3_t1.562344836599E12/res-0001.wdfp
ncols         906
nrows         631
xllcorner     362177.146667
yllcorner     6534725.688020
cellsize      20.000000
NODATA_value  -9999.000000
[rows 544 to 577 of 631, columns 154 to 230 of 906]
5.932 6.243 6.554 6.865 6.974 7.060 7.146 7.202 7.174 7.147 7.119 7.092 7.065 7.166 7.412 7.412 7.903 8.149 8.394 8.640 8.723 8.732 8.604 8.385 8.166 7.946 7.727 7.507 7.288 7.068 6.849 6.849 6.784 6.785 6.786 6.787 6.787 6.788 6.789 6.790 6.790 6.791 6.766 6.729 6.694 6.659 6.624 6.624 6.554 6.519 6.484 6.449 6.414 6.379 6.360 6.433 6.506 6.579 6.651 6.724 6.797 6.870 6.943 7.095 7.095 7.173 7.210 7.201 7.191 7.182 7.173 7.163 7.154 7.145 7.199 7.275 7.350
5.786 6.097 6.408 6.688 6.774 6.860 6.945 7.031 7.105 7.078 7.050 7.023 6.995 7.170 7.416 7.416 7.907 8.152 8.398 8.643 8.889 8.957 8.740 8.520 8.301 8.081 7.862 7.621 7.354 7.088 6.822 6.822 6.729 6.731 6.732 6.734 6.735 6.737 6.739 6.740 6.742 6.743 6.694 6.644 6.618 6.592 6.565 6.565 6.512 6.486 6.459 6.433 6.407 6.380 6.378 6.445 6.512 6.579 6.646 6.713 6.780 6.847 6.914 7.048 7.047 7.088 7.079 7.069 7.060 7.051 7.041 7.032 7.023 7.013 7.086 7.162 7.238
5.640 5.951 6.262 6.488 6.574 6.659 6.745 6.831 6.917 7.003 6.981 6.954 6.928 7.174 7.419 7.419 7.910 8.156 8.401 8.647 8.764 8.853 8.614 8.348 8.081 7.815 7.549 7.282 7.016 6.750 6.484 6.484 6.686 6.688 6.689 6.691 6.693 6.694 6.696 6.697 6.699 6.684 6.597 6.515 6.488 6.462 6.436 6.436 6.383 6.357 6.330 6.304 6.277 6.244 6.202 6.242 6.309 6.376 6.443 6.510 6.577 6.644 6.711 6.844 6.844 6.911 6.947 6.938 6.929 6.919 6.910 6.901 6.891 6.898 6.974 7.049 7.125
5.494 5.805 6.116 6.287 6.373 6.459 6.545 6.631 6.717 6.802 6.888 6.884 6.932 7.177 7.423 7.423 7.826 7.917 8.007 8.098 8.189 8.275 8.276 8.010 7.743 7.477 7.211 6.944 6.678 6.412 6.353 6.353 6.610 6.645 6.646 6.648 6.650 6.651 6.653 6.655 6.656 6.588 6.500 6.413 6.359 6.333 6.306 6.306 6.254 6.227 6.201 6.174 6.147 6.105 6.063 6.039 6.106 6.173 6.240 6.307 6.373 6.440 6.507 6.641 6.641 6.708 6.774 6.807 6.797 6.788 6.779 6.769 6.760 6.785 6.861 6.937 7.012
5.347 5.658 5.970 6.087 6.173 6.259 6.345 6.431 6.516 6.602 6.688 6.774 6.888 6.979 7.069 7.069 7.251 7.342 7.432 7.523 7.613 7.698 7.783 7.672 7.405 7.139 6.873 6.606 6.340 6.106 6.235 6.235 6.492 6.602 6.604 6.605 6.607 6.608 6.610 6.612 6.579 6.491 6.404 6.316 6.230 6.203 6.177 6.177 6.124 6.098 6.071 6.045 6.008 5.966 5.924 5.882 5.903 5.970 6.037 6.103 6.170 6.237 6.304 6.438 6.438 6.504 6.571 6.637 6.666 6.657 6.647 6.638 6.629 6.673 6.748 6.824 6.900
5.201 5.512 5.801 5.887 5.973 6.059 6.145 6.230 6.316 6.402 6.433 6.440 6.411 6.404 6.494 6.494 6.676 6.767 6.857 6.948 7.036 7.120 7.205 7.290 7.067 6.801 6.535 6.268 6.002 5.988 6.116 6.116 6.374 6.503 6.561 6.562 6.564 6.566 6.567 6.569 6.482 6.395 6.307 6.220 6.132 6.074 6.048 6.047 5.995 5.968 5.942 5.911 5.869 5.827 5.785 5.743 5.701 5.767 5.833 5.900 5.967 6.034 6.101 6.235 6.234 6.301 6.368 6.434 6.501 6.525 6.516 6.507 6.497 6.560 6.636 6.711 6.787
5.055 5.366 5.601 5.687 5.773 5.859 5.944 6.030 6.037 6.044 6.051 6.059 6.028 5.974 5.920 5.920 6.101 6.192 6.282 6.373 6.458 6.543 6.628 6.713 6.729 6.463 6.197 5.930 5.741 5.870 5.998 5.998 6.256 6.385 6.514 6.519 6.521 6.523 6.524 6.473 6.386 6.298 6.211 6.123 6.036 5.948 5.918 5.918 5.865 5.839 5.813 5.772 5.730 5.688 5.646 5.604 5.562 5.563 5.630 5.697 5.764 5.831 5.898 6.031 6.031 6.098 6.164 6.231 6.298 6.364 6.385 6.375 6.372 6.447 6.523 6.599 6.674
4.909 5.220 5.401 5.487 5.573 5.634 5.642 5.649 5.656 5.663 5.670 5.678 5.645 5.591 5.537 5.537 5.526 5.617 5.707 5.796 5.881 5.966 6.051 6.135 6.220 6.125 5.859 5.592 5.623 5.752 5.880 5.880 6.138 6.267 6.396 6.477 6.478 6.480 6.464 6.377 6.289 6.202 6.114 6.026 5.939 5.851 5.789 5.789 5.736 5.710 5.675 5.633 5.591 5.549 5.507 5.465 5.422 5.380 5.427 5.494 5.561 5.628 5.695 5.828 5.828 5.894 5.961 6.028 6.094 6.161 6.227 6.244 6.259 6.335 6.410 6.486 6.518
4.961 5.074 5.201 5.239 5.246 5.253 5.260 5.268 5.275 5.282 5.289 5.296 5.262 5.208 5.153 5.153 5.045 5.041 5.132 5.219 5.304 5.389 5.473 5.558 5.643 5.728 5.521 5.376 5.505 5.634 5.762 5.762 6.020 6.149 6.278 6.406 6.435 6.437 6.367 6.280 6.192 6.105 6.017 5.930 5.842 5.755 5.667 5.667 5.607 5.578 5.536 5.494 5.452 5.410 5.368 5.325 5.283 5.241 5.224 5.291 5.358 5.425 5.491 5.625 5.625 5.691 5.758 5.824 5.891 5.958 6.024 6.091 6.146 6.140 6.129 6.117 6.106
4.896 4.904 4.851 4.858 4.865 4.872 4.879 4.886 4.894 4.901 4.908 4.915 4.879 4.825 4.770 4.770 4.662 4.608 4.568 4.643 4.726 4.811 4.896 4.981 5.066 5.150 5.183 5.258 5.387 5.515 5.644 5.644 5.902 6.031 6.160 6.288 6.392 6.358 6.271 6.183 6.096 6.008 5.921 5.833 5.746 5.658 5.571 5.571 5.477 5.439 5.397 5.355 5.312 5.270 5.228 5.186 5.144 5.102 5.060 5.088 5.155 5.222 5.288 5.422 5.421 5.488 5.555 5.621 5.688 5.742 5.769 5.797 5.756 5.728 5.717 5.705 5.694
4.674 4.671 4.620 4.550 4.484 4.491 4.498 4.505 4.512 4.520 4.527 4.534 4.496 4.442 4.387 4.387 4.279 4.268 4.282 4.343 4.418 4.494 4.569 4.645 4.720 4.796 4.839 4.937 5.078 5.218 5.359 5.359 5.640 5.781 5.922 6.062 6.199 6.171 6.103 6.034 5.966 5.898 5.824 5.737 5.649 5.562 5.474 5.474 5.342 5.299 5.257 5.215 5.173 5.131 5.089 5.047 5.005 4.963 4.921 4.885 4.952 5.018 5.085 5.218 5.218 5.285 5.326 5.353 5.380 5.407 5.434 5.461 5.402 5.334 5.305 5.293 5.282
4.441 4.437 4.398 4.328 4.258 4.187 4.117 4.124 4.131 4.139 4.146 4.153 4.113 4.058 4.004 4.004 3.973 3.987 4.001 4.043 4.118 4.194 4.269 4.344 4.420 4.473 4.496 4.540 4.681 4.822 4.962 4.962 5.243 5.384 5.525 5.665 5.732 5.759 5.691 5.622 5.554 5.486 5.417 5.349 5.280 5.212 5.144 5.144 5.089 5.066 5.044 5.022 4.999 4.977 4.950 4.908 4.866 4.824 4.782 4.740 4.749 4.815 4.882 4.936 4.936 4.963 4.990 5.017 5.045 5.072 5.099 5.116 5.048 4.980 4.912 4.881 4.870
4.441 4.437 4.398 4.328 4.258 4.187 4.117 4.124 4.131 4.139 4.146 4.153 4.113 4.058 4.004 4.004 3.973 3.987 4.001 4.043 4.118 4.194 4.269 4.345 4.420 4.473 4.496 4.540 4.681 4.822 4.962 4.962 5.243 5.384 5.525 5.665 5.733 5.759 5.691 5.622 5.554 5.486 5.417 5.349 5.281 5.212 5.144 5.144 5.089 5.067 5.044 5.022 4.999 4.977 4.950 4.908 4.866 4.824 4.782 4.740 4.749 4.815 4.882 4.936 4.936 4.963 4.990 5.017 5.045 5.072 5.099 5.116 5.048 4.980 4.912 4.881 4.870
4.207 4.203 4.177 4.106 4.036 3.966 3.895 3.825 3.755 3.757 3.764 3.772 3.730 3.675 3.663 3.663 3.691 3.706 3.720 3.742 3.818 3.893 3.969 4.044 4.107 4.130 4.153 4.175 4.284 4.425 4.565 4.565 4.847 4.987 5.128 5.223 5.266 5.310 5.279 5.211 5.142 5.074 5.006 4.937 4.869 4.800 4.732 4.732 4.754 4.737 4.714 4.692 4.669 4.647 4.624 4.602 4.579 4.557 4.534 4.512 4.508 4.519 4.547 4.601 4.601 4.628 4.655 4.682 4.709 4.736 4.763 4.762 4.694 4.625 4.557 4.489 4.458
3.973 3.970 3.955 3.885 3.815 3.744 3.674 3.603 3.533 3.463 3.393 3.391 3.354 3.368 3.382 3.382 3.410 3.424 3.438 3.453 3.518 3.593 3.668 3.742 3.764 3.787 3.810 3.832 3.887 4.028 4.168 4.168 4.450 4.590 4.713 4.756 4.800 4.843 4.867 4.799 4.731 4.662 4.594 4.525 4.457 4.389 4.364 4.364 4.405 4.407 4.384 4.362 4.340 4.317 4.295 4.272 4.250 4.227 4.205 4.197 4.221 4.215 4.211 4.266 4.266 4.293 4.320 4.347 4.374 4.401 4.428 4.407 4.339 4.271 4.203 4.135 4.067
3.506 3.502 3.499 3.442 3.371 3.301 3.231 3.160 3.090 3.020 2.995 2.990 2.971 2.938 2.906 2.906 2.847 2.862 2.876 2.890 2.917 2.992 3.033 3.056 3.078 3.101 3.124 3.146 3.169 3.234 3.375 3.375 3.656 3.736 3.780 3.823 3.867 3.910 3.954 3.975 3.907 3.839 3.770 3.702 3.633 3.645 3.666 3.666 3.707 3.727 3.725 3.702 3.680 3.657 3.635 3.612 3.590 3.574 3.597 3.620 3.644 3.647 3.638 3.619 3.619 3.622 3.649 3.676 3.703 3.730 3.758 3.699 3.631 3.563 3.494 3.426 3.358
3.272 3.268 3.265 3.220 3.150 3.079 3.009 2.939 2.868 2.858 2.854 2.849 2.836 2.804 2.771 2.771 2.706 2.673 2.641 2.608 2.623 2.667 2.690 2.713 2.735 2.758 2.781 2.803 2.826 2.849 2.978 2.978 3.226 3.270 3.313 3.357 3.401 3.444 3.488 3.531 3.495 3.427 3.358 3.290 3.276 3.296 3.317 3.317 3.358 3.378 3.395 3.373 3.350 3.328 3.305 3.283 3.262 3.285 3.309 3.332 3.355 3.364 3.354 3.336 3.336 3.326 3.317 3.341 3.368 3.395 3.413 3.345 3.276 3.208 3.140 3.072 3.004
3.038 3.035 3.031 2.998 2.928 2.858 2.787 2.726 2.721 2.717 2.713 2.709 2.701 2.669 2.636 2.636 2.571 2.539 2.506 2.473 2.457 2.444 2.420 2.396 2.392 2.415 2.438 2.460 2.483 2.506 2.581 2.581 2.760 2.804 2.847 2.891 2.934 2.978 3.021 3.065 3.083 3.015 2.947 2.906 2.927 2.947 2.968 2.968 3.009 3.029 3.050 3.043 3.020 2.998 2.975 2.953 2.973 2.997 3.020 3.043 3.067 3.080 3.071 3.052 3.052 3.043 3.033 3.024 3.033 3.060 3.059 2.990 2.922 2.854 2.786 2.722 2.704
2.805 2.801 2.797 2.777 2.706 2.636 2.589 2.585 2.581 2.576 2.572 2.568 2.564 2.534 2.502 2.502 2.436 2.404 2.371 2.357 2.361 2.356 2.332 2.308 2.284 2.261 2.237 2.213 2.189 2.165 2.185 2.185 2.294 2.337 2.381 2.424 2.468 2.511 2.555 2.598 2.642 2.603 2.537 2.558 2.578 2.598 2.619 2.619 2.660 2.680 2.701 2.713 2.690 2.668 2.646 2.661 2.685 2.708 2.732 2.755 2.778 2.796 2.787 2.768 2.768 2.759 2.750 2.740 2.731 2.725 2.704 2.641 2.624 2.607 2.590 2.572 2.555
2.571 2.567 2.564 2.555 2.485 2.453 2.448 2.444 2.440 2.436 2.431 2.427 2.423 2.399 2.367 2.367 2.302 2.269 2.258 2.261 2.265 2.268 2.244 2.220 2.196 2.173 2.149 2.125 2.101 2.078 2.060 2.060 2.054 2.054 2.054 2.054 2.054 2.053 2.088 2.132 2.175 2.191 2.188 2.209 2.229 2.249 2.270 2.270 2.311 2.331 2.352 2.372 2.361 2.338 2.349 2.373 2.396 2.420 2.443 2.466 2.490 2.512 2.503 2.485 2.485 2.475 2.466 2.456 2.447 2.488 2.509 2.492 2.475 2.457 2.440 2.423 2.406
2.445 2.404 2.363 2.326 2.316 2.312 2.307 2.303 2.299 2.295 2.291 2.286 2.282 2.265 2.232 2.232 2.167 2.159 2.162 2.165 2.168 2.171 2.156 2.132 2.109 2.085 2.061 2.037 2.013 1.996 1.982 1.982 1.970 1.970 1.970 1.970 1.969 1.969 1.969 1.969 1.969 1.980 1.980 1.971 1.962 1.953 1.944 1.944 1.962 1.982 2.003 2.023 2.031 2.037 2.061 2.084 2.108 2.131 2.155 2.178 2.201 2.225 2.219 2.201 2.201 2.192 2.182 2.203 2.268 2.333 2.346 2.343 2.325 2.308 2.291 2.273 2.256
2.337 2.296 2.255 2.256 2.240 2.209 2.178 2.162 2.158 2.154 2.150 2.146 2.141 2.130 2.097 2.097 2.060 2.063 2.066 2.069 2.072 2.075 2.068 2.044 2.021 1.997 1.973 1.949 1.932 1.917 1.903 1.903 1.886 1.886 1.886 1.885 1.885 1.885 1.885 1.885 1.889 1.913 1.931 1.922 1.913 1.904 1.895 1.895 1.878 1.869 1.860 1.851 1.847 1.810 1.772 1.796 1.819 1.843 1.866 1.889 1.913 1.936 1.936 1.917 1.917 1.918 1.983 2.048 2.114 2.179 2.183 2.180 2.176 2.159 2.141 2.124 2.107
2.229 2.188 2.191 2.199 2.194 2.163 2.132 2.101 2.070 2.038 2.009 2.005 2.001 1.995 1.962 1.962 1.964 1.967 1.970 1.973 1.976 1.979 1.980 1.956 1.933 1.909 1.885 1.867 1.853 1.839 1.824 1.824 1.802 1.802 1.802 1.801 1.801 1.801 1.801 1.801 1.822 1.847 1.872 1.874 1.865 1.856 1.847 1.847 1.829 1.820 1.811 1.804 1.808 1.790 1.746 1.703 1.659 1.615 1.577 1.601 1.624 1.648 1.652 1.699 1.699 1.764 1.829 1.894 1.959 2.022 2.019 2.017 2.015 2.009 1.992 1.975 1.957
2.121 2.125 2.134 2.142 2.148 2.117 2.086 2.055 2.024 1.992 1.961 1.930 1.899 1.868 1.862 1.862 1.868 1.871 1.874 1.877 1.880 1.883 1.886 1.869 1.845 1.821 1.803 1.788 1.774 1.760 1.746 1.746 1.718 1.718 1.717 1.717 1.717 1.717 1.717 1.731 1.756 1.781 1.805 1.825 1.816 1.807 1.798 1.798 1.780 1.772 1.763 1.765 1.769 1.771 1.727 1.683 1.639 1.596 1.552 1.508 1.464 1.420 1.414 1.544 1.544 1.609 1.674 1.740 1.805 1.859 1.856 1.854 1.852 1.849 1.842 1.825 1.808
2.060 2.068 2.077 2.085 2.094 2.071 2.040 2.009 1.978 1.947 1.915 1.884 1.853 1.825 1.808 1.808 1.789 1.779 1.778 1.781 1.784 1.787 1.790 1.781 1.757 1.738 1.724 1.710 1.695 1.681 1.667 1.667 1.638 1.633 1.633 1.633 1.633 1.633 1.640 1.665 1.689 1.714 1.739 1.764 1.768 1.759 1.750 1.750 1.732 1.723 1.721 1.725 1.729 1.733 1.707 1.664 1.620 1.576 1.532 1.488 1.444 1.407 1.383 1.390 1.390 1.455 1.520 1.585 1.650 1.695 1.693 1.691 1.688 1.686 1.684 1.676 1.658
2.003 2.011 2.020 2.028 2.036 2.025 1.994 1.963 1.932 1.901 1.869 1.838 1.810 1.782 1.760 1.760 1.741 1.731 1.722 1.712 1.702 1.692 1.694 1.693 1.674 1.660 1.645 1.631 1.617 1.602 1.588 1.588 1.559 1.549 1.549 1.549 1.549 1.549 1.574 1.598 1.623 1.648 1.673 1.697 1.719 1.710 1.701 1.701 1.683 1.677 1.682 1.686 1.690 1.694 1.688 1.644 1.600 1.557 1.513 1.469 1.429 1.401 1.374 1.369 1.369 1.368 1.368 1.431 1.496 1.532 1.530 1.528 1.525 1.523 1.520 1.518 1.509
1.946 1.954 1.963 1.971 1.979 1.979 1.948 1.917 1.886 1.855 1.824 1.796 1.768 1.740 1.713 1.713 1.693 1.684 1.674 1.664 1.655 1.645 1.635 1.617 1.598 1.581 1.567 1.552 1.538 1.524 1.509 1.509 1.481 1.466 1.465 1.465 1.465 1.483 1.507 1.532 1.557 1.582 1.606 1.631 1.656 1.661 1.653 1.652 1.635 1.638 1.642 1.646 1.650 1.655 1.659 1.625 1.581 1.537 1.493 1.451 1.423 1.396 1.368 1.356 1.356 1.355 1.354 1.354 1.353 1.369 1.370 1.377 1.385 1.393 1.400 1.408 1.424
1.889 1.897 1.906 1.914 1.922 1.931 1.902 1.871 1.840 1.809 1.781 1.753 1.725 1.697 1.669 1.669 1.646 1.636 1.627 1.617 1.607 1.597 1.577 1.554 1.534 1.515 1.497 1.478 1.459 1.445 1.431 1.431 1.402 1.388 1.381 1.381 1.391 1.416 1.441 1.466 1.490 1.515 1.540 1.565 1.589 1.613 1.604 1.604 1.594 1.599 1.603 1.607 1.611 1.615 1.619 1.605 1.561 1.518 1.474 1.445 1.417 1.390 1.362 1.342 1.342 1.342 1.341 1.341 1.330 1.311 1.318 1.326 1.334 1.341 1.349 1.357 1.385
1.889 1.897 1.906 1.914 1.922 1.931 1.902 1.871 1.840 1.809 1.781 1.753 1.725 1.697 1.669 1.669 1.646 1.636 1.627 1.617 1.607 1.597 1.577 1.554 1.534 1.515 1.497 1.478 1.459 1.445 1.431 1.431 1.402 1.388 1.381 1.381 1.391 1.416 1.441 1.466 1.490 1.515 1.540 1.565 1.589 1.613 1.604 1.604 1.594 1.598 1.603 1.607 1.611 1.615 1.619 1.605 1.561 1.517 1.474 1.445 1.417 1.390 1.362 1.342 1.342 1.342 1.341 1.341 1.330 1.311 1.318 1.326 1.334 1.341 1.349 1.357 1.385
1.832 1.840 1.849 1.857 1.865 1.874 1.856 1.825 1.794 1.766 1.738 1.710 1.682 1.654 1.626 1.626 1.598 1.589 1.579 1.569 1.560 1.537 1.514 1.491 1.470 1.451 1.432 1.414 1.395 1.376 1.358 1.357 1.323 1.309 1.297 1.300 1.325 1.350 1.374 1.399 1.424 1.449 1.473 1.498 1.523 1.548 1.555 1.555 1.555 1.559 1.563 1.567 1.571 1.576 1.580 1.584 1.542 1.498 1.467 1.439 1.412 1.384 1.357 1.329 1.329 1.328 1.328 1.320 1.294 1.268 1.267 1.275 1.282 1.290 1.298 1.319 1.346
1.775 1.783 1.792 1.800 1.808 1.817 1.810 1.779 1.751 1.723 1.695 1.667 1.639 1.611 1.583 1.583 1.551 1.541 1.531 1.521 1.497 1.474 1.451 1.427 1.405 1.387 1.368 1.349 1.331 1.312 1.293 1.293 1.255 1.237 1.218 1.239 1.263 1.288 1.312 1.337 1.361 1.386 1.411 1.435 1.460 1.484 1.508 1.508 1.515 1.520 1.524 1.528 1.532 1.536 1.540 1.545 1.522 1.489 1.461 1.434 1.406 1.379 1.351 1.316 1.316 1.315 1.309 1.283 1.257 1.231 1.216 1.223 1.231 1.239 1.252 1.280 1.308
1.756 1.757 1.758 1.759 1.760 1.761 1.740 1.709 1.677 1.645 1.613 1.582 1.554 1.526 1.498 1.498 1.456 1.441 1.417 1.394 1.370 1.347 1.324 1.300 1.277 1.258 1.239 1.221 1.202 1.183 1.164 1.164 1.154 1.156 1.161 1.198 1.235 1.260 1.284 1.309 1.333 1.358 1.382 1.407 1.431 1.455 1.456 1.456 1.458 1.462 1.465 1.468 1.471 1.474 1.478 1.481 1.481 1.465 1.440 1.414 1.389 1.363 1.337 1.288 1.288 1.262 1.236 1.210 1.184 1.158 1.132 1.121 1.129 1.147 1.175 1.203 1.230
1.750 1.751 1.752 1.752 1.754 1.739 1.714 1.687 1.655 1.622 1.590 1.558 1.526 1.494 1.462 1.462 1.401 1.377 1.354 1.330 1.307 1.284 1.260 1.237 1.213 1.194 1.175 1.156 1.137 1.119 1.120 1.120 1.124 1.126 1.136 1.173 1.210 1.245 1.270 1.294 1.319 1.344 1.368 1.393 1.417 1.429 1.430 1.430 1.430 1.433 1.437 1.440 1.443 1.446 1.450 1.451 1.450 1.448 1.423 1.397 1.372 1.346 1.320 1.280 1.280 1.251 1.216 1.182 1.148 1.122 1.096 1.070 1.081 1.109 1.136 1.164 1.191
1.743 1.744 1.745 1.746 1.739 1.714 1.689 1.664 1.632 1.600 1.568 1.536 1.504 1.471 1.439 1.439 1.315 1.299 1.282 1.266 1.243 1.220 1.197 1.173 1.150 1.129 1.110 1.092 1.086 1.088 1.090 1.090 1.094 1.096 1.111 1.148 1.185 1.222 1.256 1.280 1.305 1.329 1.354 1.378 1.403 1.403 1.403 1.403 1.404 1.406 1.409 1.412 1.415 1.419 1.421 1.421 1.420 1.420 1.406 1.380 1.355 1.329 1.303 1.272 1.272 1.253 1.218 1.184 1.149 1.115 1.080 1.046 1.043 1.070 1.097 1.125 1.153
