includes/camargue/floodfiles/results_R3_t1.562344836599E12/res-0011.wd
ncols         906
nrows         631
xllcorner     362177.146667
yllcorner     6534725.688020
cellsize      20.000000
NODATA_value  -9999.000000
[rows 306 to 339 of 631, columns 770 to 846 of 906]
0.000 0.000 0.000 0.000 0.000 0.164 0.724 0.254 0.000 0.184 0.000 0.000 0.000 0.000 0.000 0.000 0.000 0.076 0.000 0.000 0.002 0.000 0.000 0.257 0.427 0.517 0.256 0.000 0.000 0.130 0.160 0.000 0.000 0.000 0.000 0.000 0.005 0.409 0.499 0.429 0.419 0.609 0.419 0.118 0.117 0.000 0.000 0.165 0.424 0.424 0.034 0.234 0.005 0.000 0.000 0.624 0.484 0.384 0.514 0.954 0.954 0.924 0.844 0.773 0.853 0.983 0.953 0.883 0.933 0.913 1.003 0.643 0.753 0.473 0.123 0.183 0.183
0.000 0.000 0.000 0.000 0.000 0.244 0.144 0.214 0.574 0.604 0.104 0.000 0.000 0.000 0.000 0.000 0.000 0.005 0.000 0.013 0.212 0.000 0.058 0.003 0.297 0.247 0.345 0.413 0.411 0.390 0.420 0.179 0.000 0.005 0.000 0.000 0.150 0.379 0.559 0.539 0.589 0.549 0.649 0.488 0.486 1.567 0.613 0.481 0.009 0.000 0.000 0.005 0.034 0.194 0.224 0.644 0.484 0.864 0.874 0.874 0.874 0.844 1.034 1.013 0.943 0.953 1.623 0.993 1.053 1.543 0.993 1.303 1.343 1.603 1.563 1.233 1.233
0.104 0.424 0.664 0.234 0.000 0.434 0.194 0.000 0.294 0.404 0.002 0.000 0.000 0.000 0.000 0.000 0.153 0.283 0.133 0.222 0.102 0.072 0.001 0.109 0.349 0.108 0.000 0.032 0.031 0.379 0.459 0.479 0.509 0.449 0.159 0.000 0.082 0.439 0.479 0.529 0.609 0.699 0.649 0.508 0.508 0.015 0.613 0.949 0.837 0.975 1.745 1.044 0.884 0.894 0.804 0.764 0.834 1.074 0.944 0.924 0.924 1.194 1.134 1.053 1.373 1.023 1.013 1.153 0.903 0.973 0.643 0.793 0.773 0.093 0.233 0.323 0.323
0.384 0.064 0.604 0.534 0.674 0.214 0.000 0.000 0.434 0.374 0.304 0.000 0.002 0.000 0.183 0.203 0.253 0.353 0.383 0.092 0.132 0.000 0.013 0.017 0.550 0.000 0.000 0.012 0.011 0.429 0.489 0.349 0.209 0.219 0.051 0.026 0.090 0.619 0.609 0.579 0.549 0.569 0.679 0.719 0.718 0.608 0.284 0.000 1.216 0.535 0.875 1.064 1.234 1.084 1.074 1.174 1.004 1.154 1.054 0.884 0.884 1.324 1.294 1.624 0.983 0.693 0.523 0.613 0.323 0.713 0.823 1.013 0.843 0.883 0.000 0.000 0.000
0.594 0.364 0.384 0.564 0.544 0.764 0.454 0.464 0.354 0.244 0.174 0.000 0.000 0.013 0.503 0.423 0.473 0.343 0.463 0.202 0.192 0.000 0.343 0.222 0.206 0.000 0.000 0.069 0.069 0.509 0.379 0.229 0.079 0.198 0.128 0.135 0.060 0.310 0.459 0.619 0.469 0.689 0.589 0.339 0.339 0.588 0.217 0.287 0.000 0.745 0.995 0.914 1.394 1.744 1.234 1.004 1.144 1.074 1.094 0.904 0.904 1.034 1.544 0.614 0.903 0.463 0.813 0.713 0.723 0.283 1.073 0.393 0.753 1.273 1.013 1.003 1.003
0.001 0.000 0.000 0.504 0.134 0.234 0.294 0.724 0.344 0.294 0.000 0.002 0.001 0.083 0.083 0.583 0.373 0.323 0.132 0.162 0.241 0.388 0.115 0.184 0.003 0.000 0.000 0.629 0.629 0.319 0.529 0.449 0.369 0.378 0.337 0.017 0.182 0.230 0.570 0.409 0.649 0.559 0.629 0.509 0.509 0.369 0.408 0.397 0.268 0.329 0.000 0.864 1.164 1.174 1.814 1.134 0.874 1.314 0.824 0.864 0.864 1.384 0.494 0.814 0.533 0.513 0.693 0.953 0.953 1.043 0.853 0.373 0.853 1.083 0.943 1.623 1.623
0.000 0.583 0.000 0.000 0.000 0.464 0.394 0.304 0.000 0.153 0.056 0.052 0.040 0.093 0.293 0.273 0.413 0.343 0.312 0.492 0.312 0.060 0.000 0.000 0.089 0.000 0.000 0.069 0.069 0.459 0.239 0.289 0.209 0.298 0.000 0.015 0.332 0.181 0.460 0.450 0.330 0.400 0.220 0.370 0.370 0.460 0.359 0.328 0.066 0.107 0.764 0.324 0.694 1.074 1.094 1.124 1.284 1.204 1.094 1.204 1.204 0.424 0.414 0.000 0.000 0.000 0.000 0.000 0.000 0.333 0.643 0.803 1.103 0.683 0.783 0.713 0.713
0.005 0.773 0.000 0.000 0.000 0.000 0.054 0.000 0.001 0.000 0.000 0.085 0.084 0.253 0.473 0.423 0.043 0.273 0.052 0.412 0.003 0.000 0.000 0.069 0.519 0.000 0.000 0.000 0.000 0.000 0.159 0.001 0.049 0.000 0.000 0.249 0.000 0.764 0.203 0.032 0.412 0.762 0.121 0.811 0.811 0.531 0.320 0.053 0.384 0.664 0.484 0.344 1.064 0.974 0.174 0.414 0.624 0.724 0.354 0.184 0.184 0.000 0.783 0.513 0.813 0.713 0.523 0.793 0.913 0.873 0.953 0.883 0.983 0.513 1.263 0.793 0.793
0.004 0.773 0.000 0.000 0.000 0.000 0.054 0.000 0.000 0.000 0.000 0.083 0.083 0.253 0.473 0.423 0.043 0.273 0.053 0.412 0.003 0.000 0.000 0.069 0.519 0.000 0.000 0.000 0.000 0.000 0.159 0.001 0.049 0.000 0.000 0.249 0.000 0.764 0.204 0.033 0.413 0.763 0.122 0.811 0.811 0.531 0.321 0.048 0.384 0.664 0.484 0.344 1.064 0.974 0.174 0.414 0.624 0.724 0.354 0.184 0.184 0.000 0.783 0.513 0.813 0.713 0.523 0.793 0.913 0.873 0.953 0.883 0.983 0.513 1.263 0.793 0.793
0.133 0.833 0.253 0.000 0.000 0.000 0.000 0.000 0.000 0.000 0.000 0.243 0.243 0.363 0.000 0.363 0.333 0.123 0.223 0.143 0.053 0.001 0.223 0.000 0.000 0.406 0.706 0.446 0.446 0.486 0.000 0.000 0.000 0.000 0.459 0.549 0.177 0.345 0.374 0.584 0.634 0.713 0.433 0.582 0.582 0.422 0.000 0.404 0.734 1.154 0.564 1.114 1.284 0.664 0.264 0.784 0.684 0.644 0.594 0.164 0.164 0.000 0.000 0.000 0.023 0.000 0.000 0.000 0.000 0.000 0.000 0.000 0.000 0.493 0.053 0.033 0.033
0.000 0.323 0.123 0.000 0.000 0.057 0.047 0.177 0.487 0.637 0.000 0.543 0.543 0.423 0.373 0.403 0.073 0.363 0.563 0.333 0.000 0.000 0.000 0.000 0.000 0.076 0.000 0.000 0.000 0.000 0.286 0.000 0.079 0.069 0.629 0.059 0.357 0.397 0.126 0.215 0.534 0.494 0.314 1.063 1.063 0.000 0.000 0.000 0.354 0.224 0.344 0.000 0.000 0.164 0.000 0.384 0.864 0.534 0.784 0.934 0.934 0.894 0.954 0.864 0.963 0.963 0.803 0.923 0.943 0.863 0.903 1.013 1.213 0.783 0.283 0.263 0.263
0.000 0.103 0.000 0.000 0.000 0.037 0.002 0.587 0.387 0.187 0.707 0.000 0.000 0.543 0.413 0.273 0.293 0.163 0.000 0.000 0.000 0.000 0.000 0.000 0.000 0.116 0.076 0.206 0.206 0.096 0.406 0.000 0.219 0.219 0.419 0.429 0.268 0.547 0.637 0.406 0.685 0.675 0.595 0.693 0.693 0.101 0.915 0.474 0.354 0.034 0.114 0.000 0.000 0.164 0.124 0.134 0.014 0.024 0.064 0.414 0.414 0.044 0.514 0.934 1.143 1.173 1.263 1.383 1.433 1.363 1.373 1.303 1.143 0.483 0.393 0.253 0.253
0.000 0.332 0.192 0.000 0.242 0.000 0.267 0.547 0.717 0.497 0.387 0.000 0.000 0.000 0.303 0.253 0.000 0.011 0.095 0.225 0.345 0.000 0.000 0.000 0.000 0.356 0.176 0.486 0.486 0.446 0.000 0.000 0.000 0.410 0.419 0.609 0.568 0.768 0.057 0.886 0.766 0.636 0.726 0.000 0.000 0.191 0.000 0.914 0.464 0.714 0.874 0.794 0.314 0.294 0.374 0.584 0.404 0.314 0.444 0.324 0.324 0.234 0.364 0.354 0.293 0.333 0.533 0.893 0.883 1.193 1.273 1.223 1.113 0.203 1.203 0.663 0.663
0.110 0.372 0.152 0.000 0.000 0.068 0.000 0.107 0.000 0.000 0.727 0.000 0.000 0.052 0.003 0.313 0.000 0.335 0.255 0.025 0.125 0.095 0.000 0.000 0.206 0.146 0.066 0.276 0.276 0.000 0.000 0.000 0.226 0.223 0.390 0.240 0.808 0.328 0.747 0.527 0.716 0.776 0.816 0.176 0.176 0.000 0.000 0.064 0.144 0.164 0.194 0.000 0.000 0.254 0.084 0.694 0.464 0.604 0.284 0.314 0.314 0.164 0.284 0.114 0.223 0.763 1.043 0.883 1.003 0.883 0.503 1.153 0.813 0.203 0.953 0.573 0.573
0.012 0.000 0.000 0.039 0.000 0.118 0.118 0.009 0.089 0.000 0.000 0.421 0.421 0.008 0.232 0.000 0.000 0.075 0.000 0.000 0.065 0.000 0.000 0.116 0.036 0.000 0.000 0.000 0.000 0.000 0.000 0.000 0.258 0.286 0.262 0.371 0.359 0.398 0.627 0.868 0.397 0.377 0.527 0.000 0.000 0.000 0.000 0.000 0.000 0.000 0.000 0.000 0.000 0.000 0.000 0.000 0.594 0.304 0.154 0.454 0.454 0.584 0.274 0.354 0.084 0.005 0.193 0.693 1.373 1.263 0.573 1.233 0.000 0.473 0.763 0.303 0.303
0.022 0.133 0.000 0.048 0.248 0.338 0.000 0.229 0.489 0.289 0.120 0.781 0.781 0.000 0.000 0.000 0.000 0.000 0.000 0.000 0.000 0.000 0.036 0.166 0.406 0.000 0.000 0.209 0.209 0.369 0.000 0.219 0.200 0.165 0.137 0.275 0.000 0.113 0.189 0.489 0.489 0.179 0.579 0.000 0.000 0.000 0.000 0.000 0.000 0.000 0.000 0.000 0.000 0.000 0.000 0.000 0.000 0.000 0.104 0.000 0.000 0.214 0.003 0.000 0.204 0.054 0.000 0.233 0.623 0.853 0.563 0.183 0.373 0.303 0.443 0.243 0.243
0.238 0.000 0.178 0.188 0.828 0.188 0.228 0.168 0.000 0.060 0.000 0.221 0.221 0.000 0.000 0.000 0.000 0.000 0.000 0.000 0.000 0.026 0.176 0.000 0.000 0.000 0.000 0.219 0.219 0.004 0.077 0.546 0.426 0.050 0.033 0.161 0.000 0.150 0.023 0.320 0.671 0.551 0.550 0.000 0.000 0.071 0.301 0.261 0.301 0.762 0.722 0.562 0.004 0.572 0.000 0.000 0.000 0.000 0.000 0.000 0.000 0.000 0.000 0.000 0.000 0.000 0.000 0.000 0.000 0.004 0.000 0.293 0.583 0.233 0.323 0.513 0.513
0.468 0.398 0.688 0.548 0.478 0.448 0.308 0.228 0.358 0.000 0.171 0.081 0.081 0.000 0.000 0.182 0.000 0.000 0.000 0.000 0.000 0.196 0.000 0.000 0.000 0.000 0.000 0.539 0.539 0.138 0.228 0.458 0.338 0.218 0.092 0.252 0.102 0.519 0.149 0.116 0.583 0.533 0.000 0.351 0.351 0.411 0.131 0.061 0.101 0.162 0.412 0.292 0.402 0.172 0.072 0.352 0.000 0.000 0.000 0.000 0.000 0.000 0.000 0.000 0.000 0.000 0.000 0.000 0.000 0.000 0.000 0.000 0.000 0.000 0.000 0.000 0.000
0.868 0.000 0.288 0.518 0.338 0.000 0.328 0.000 0.328 0.011 0.002 0.021 0.021 0.000 0.000 0.000 0.000 0.000 0.000 0.000 0.000 0.126 0.000 0.000 0.000 0.000 0.002 0.159 0.159 0.004 0.149 0.489 0.349 0.219 0.085 0.234 0.064 0.640 0.058 0.000 0.417 0.417 0.000 0.301 0.301 0.221 0.431 0.231 0.521 0.000 0.442 0.212 0.472 0.472 0.232 0.312 0.000 0.042 0.000 0.000 0.000 0.000 0.000 0.000 0.000 0.000 0.000 0.000 0.000 0.000 0.000 0.000 0.000 0.000 0.000 0.000 0.000
0.658 0.708 0.928 0.538 0.088 0.398 0.688 0.418 0.388 0.388 0.088 0.119 0.119 0.000 0.000 0.000 0.000 0.000 0.000 0.000 0.246 0.236 0.000 0.000 0.000 0.000 0.195 0.000 0.000 0.041 0.061 0.391 0.282 0.182 0.089 0.123 0.208 0.362 0.332 0.019 0.404 0.341 0.129 0.341 0.341 0.371 0.111 0.251 0.061 0.000 0.342 0.000 0.292 0.004 0.222 0.142 0.182 0.272 0.003 0.000 0.000 0.000 0.000 0.000 0.000 0.000 0.000 0.000 0.000 0.000 0.000 0.000 0.000 0.000 0.000 0.000 0.000
0.358 0.000 0.688 0.558 0.138 0.628 0.638 0.000 0.478 0.000 0.448 0.000 0.001 0.334 0.154 0.000 0.000 0.000 0.000 0.000 0.036 0.000 0.000 0.000 0.000 0.000 0.002 0.424 0.424 0.000 0.008 0.286 0.506 0.416 0.186 0.203 0.146 0.237 0.452 0.519 0.467 0.024 0.361 0.471 0.471 0.481 0.551 0.121 0.000 0.000 0.152 0.202 0.000 0.000 0.000 0.222 0.000 0.062 0.000 0.000 0.000 0.000 0.000 0.000 0.000 0.000 0.000 0.000 0.000 0.000 0.000 0.000 0.000 0.000 0.000 0.000 0.000
0.598 0.718 0.658 0.000 0.000 0.718 0.428 0.000 0.278 0.000 0.508 0.000 0.000 0.001 0.000 0.000 0.000 0.000 0.000 0.000 0.000 0.000 0.000 0.000 0.000 0.000 0.000 0.000 0.000 0.000 0.000 0.269 0.258 0.258 0.348 0.365 0.401 0.408 0.279 0.639 0.689 0.047 0.421 0.000 0.000 0.000 0.021 0.000 0.000 0.000 0.092 0.102 0.222 0.000 0.132 0.132 0.000 0.000 0.000 0.000 0.000 0.000 0.000 0.000 0.000 0.000 0.000 0.000 0.000 0.000 0.000 0.000 0.000 0.000 0.000 0.000 0.000
0.000 0.538 0.708 0.728 0.948 0.818 0.338 0.448 0.488 0.258 0.548 0.000 0.000 0.000 0.000 0.000 0.000 0.000 0.000 0.000 0.000 0.271 0.271 0.000 0.000 0.000 0.660 0.800 0.800 0.250 0.030 1.104 0.000 0.171 0.781 0.248 0.421 0.719 0.509 0.000 0.130 0.150 0.000 0.032 0.032 0.000 0.000 0.000 0.000 0.000 0.000 0.000 0.000 0.000 0.000 0.000 0.000 0.000 0.000 0.000 0.000 0.000 0.000 0.000 0.000 0.000 0.000 0.000 0.000 0.000 0.061 0.000 0.000 0.000 0.000 0.000 0.000
0.000 0.000 0.668 0.000 0.718 0.748 0.668 0.458 0.338 0.278 0.558 0.000 0.000 0.000 0.000 0.000 0.568 0.000 0.000 0.406 0.255 0.791 0.941 0.910 0.890 1.030 1.000 1.220 1.220 0.640 0.085 0.714 1.504 0.433 0.523 1.273 0.000 0.161 0.331 0.045 0.122 0.000 0.000 0.000 0.000 0.000 0.000 0.000 0.000 0.000 0.000 0.000 0.000 0.000 0.000 0.000 0.000 0.000 0.001 0.000 0.000 0.001 0.000 0.000 0.001 0.000 0.000 0.000 0.000 0.001 0.000 0.000 0.514 0.954 0.000 0.937 0.937
0.000 0.000 0.668 0.000 0.718 0.748 0.668 0.458 0.338 0.278 0.558 0.000 0.000 0.000 0.000 0.000 0.568 0.000 0.000 0.407 0.255 0.791 0.941 0.910 0.890 1.030 1.000 1.220 1.220 0.640 0.085 0.714 1.504 0.434 0.523 1.273 0.000 0.164 0.332 0.045 0.122 0.002 0.000 0.000 0.000 0.000 0.000 0.000 0.000 0.000 0.000 0.000 0.000 0.000 0.000 0.000 0.000 0.000 0.000 0.000 0.000 0.000 0.000 0.000 0.000 0.000 0.000 0.000 0.000 0.000 0.000 0.000 0.514 0.954 0.000 0.937 0.937
0.808 0.838 0.858 0.108 0.000 0.848 0.198 0.458 0.000 1.068 0.498 0.000 0.000 0.000 0.000 0.558 0.648 0.877 1.007 0.727 0.485 0.632 0.851 0.820 0.870 0.970 1.060 0.220 0.220 0.880 0.000 0.574 1.044 0.614 0.723 0.823 0.633 0.483 0.170 0.008 0.000 0.001 0.000 0.032 0.032 0.000 0.000 0.000 0.000 0.000 0.000 0.000 0.000 0.000 0.701 0.000 0.054 0.104 0.144 0.000 0.002 0.026 0.002 0.196 0.386 0.006 0.137 0.217 0.000 0.672 0.000 0.000 0.001 0.000 0.066 0.000 0.000
0.618 0.698 0.668 0.488 0.708 0.088 0.408 0.198 0.009 0.000 0.000 0.898 0.898 0.948 0.908 0.998 0.808 0.877 0.787 0.000 0.525 0.133 0.921 0.950 0.920 0.459 0.344 0.000 0.000 0.000 0.724 0.804 0.704 0.694 0.743 0.733 0.613 0.403 0.141 0.000 0.000 0.000 0.000 0.000 0.000 0.000 0.000 0.000 0.000 0.511 0.000 0.000 0.002 0.000 0.000 0.000 0.000 0.000 0.000 0.000 0.002 0.000 0.000 0.000 0.000 0.000 0.000 0.000 0.000 0.000 0.000 0.000 0.002 1.016 0.396 0.056 0.056
0.258 0.278 0.838 0.718 0.888 1.028 0.678 1.038 1.018 0.858 0.928 0.958 0.958 0.968 1.068 1.218 0.988 0.928 0.697 0.677 0.425 0.463 0.482 0.230 0.000 0.000 0.350 0.706 0.706 0.685 0.715 0.724 0.754 0.654 0.464 0.000 0.000 0.000 0.000 0.000 0.000 0.000 0.373 1.023 1.023 1.163 0.613 0.000 0.000 0.000 0.000 0.000 0.000 0.000 0.000 0.000 0.000 0.000 0.000 0.000 0.000 0.000 0.000 0.000 0.000 0.000 0.000 0.000 0.000 0.061 0.000 0.000 0.000 0.000 0.126 0.216 0.216
0.678 1.158 0.068 0.388 1.108 0.928 0.978 1.028 0.948 1.128 1.018 0.958 0.958 0.998 1.018 0.968 0.998 0.658 0.917 0.817 0.000 0.263 0.312 0.218 0.000 0.248 0.468 0.786 0.786 0.645 0.685 0.704 0.784 0.414 0.000 0.000 0.000 0.000 0.000 0.000 0.551 0.351 0.000 0.000 0.000 0.000 0.000 0.000 0.000 0.000 0.000 0.000 0.000 0.000 0.000 0.000 0.000 0.001 0.000 0.000 0.001 0.000 0.000 0.000 0.000 0.000 0.000 0.000 0.000 0.000 0.000 0.000 1.412 0.122 0.000 0.136 0.136
1.098 1.248 0.838 1.038 1.158 0.928 1.038 1.008 1.008 1.088 0.868 0.998 0.998 1.008 0.998 0.988 1.298 0.058 0.597 0.000 0.000 0.000 0.000 0.160 0.000 0.318 0.517 0.756 0.756 0.675 0.685 0.565 0.664 0.024 0.000 0.000 0.000 0.000 0.000 0.000 0.000 0.000 0.000 0.000 0.000 0.000 0.000 0.000 0.000 0.000 0.000 0.000 0.000 0.091 0.000 0.031 0.000 0.000 0.000 0.023 0.023 0.000 0.009 0.007 0.056 0.000 0.000 0.000 0.000 0.000 0.000 0.000 0.000 0.000 0.000 0.416 0.416
0.998 1.128 1.008 1.038 0.968 1.148 0.598 0.968 1.108 1.178 1.188 1.018 1.018 1.218 0.988 0.428 1.048 0.808 0.000 0.000 0.000 0.000 0.000 0.592 0.359 0.698 0.527 0.626 0.626 0.505 0.645 0.375 0.000 0.000 0.000 0.021 0.761 0.000 0.000 0.000 0.000 0.000 0.000 0.000 0.000 0.121 0.000 0.000 0.000 0.000 0.001 0.000 0.000 0.000 0.000 0.000 0.000 0.056 0.008 0.133 0.134 0.033 0.071 0.112 0.027 0.069 0.041 0.020 0.000 0.000 0.000 0.000 0.000 0.000 0.000 0.000 0.000
0.888 0.938 1.048 0.848 0.978 0.958 0.988 0.958 1.018 1.168 1.018 0.988 0.988 1.088 0.908 0.848 1.048 0.008 0.000 0.000 0.483 0.000 0.000 0.000 0.558 0.468 0.287 0.486 0.486 0.435 0.000 0.000 0.000 0.602 0.532 0.000 0.000 0.000 0.000 0.000 0.000 0.000 0.000 0.000 0.000 0.000 0.000 0.001 0.000 0.000 0.000 0.000 0.061 0.002 0.000 0.000 0.000 0.056 0.065 0.034 0.055 0.255 0.090 0.168 0.247 0.148 0.032 0.059 0.054 0.000 0.021 0.000 0.000 0.211 0.000 0.000 0.000
0.998 0.968 0.918 0.908 1.048 0.848 1.108 1.088 1.058 1.148 1.038 0.888 0.888 0.978 0.998 1.058 1.088 1.218 0.278 0.000 0.000 0.000 0.362 0.000 0.498 0.308 0.000 0.002 0.002 0.000 0.000 0.772 0.472 0.000 0.000 0.000 0.000 0.000 0.000 0.000 0.000 0.000 0.000 0.000 0.000 0.000 0.000 0.042 0.001 0.032 0.000 0.000 0.021 0.081 0.051 0.007 0.013 0.146 0.134 0.108 0.154 0.425 0.372 0.266 0.342 0.325 0.157 0.152 0.031 0.000 0.000 0.000 0.000 0.000 0.000 0.000 0.002
1.058 0.928 0.918 1.248 1.038 1.028 1.008 1.148 0.928 0.998 1.008 0.918 0.918 0.938 0.958 1.038 1.098 0.948 0.608 0.000 0.503 0.000 0.000 0.748 0.468 0.288 0.000 0.055 0.055 0.315 0.035 0.000 0.000 0.000 0.000 0.000 0.000 0.000 0.000 0.000 0.000 0.000 0.000 0.051 0.051 0.000 0.000 0.000 0.000 0.000 0.000 0.000 0.000 0.000 0.061 0.055 0.128 0.177 0.123 0.335 0.341 0.105 0.040 0.000 0.520 0.302 0.256 0.128 0.162 0.054 0.000 0.000 0.004 0.000 0.000 0.000 0.000
