includes/camargue/floodfiles/results_R3_t1.562344836599E12/res-0002.wdfp
ncols         906
nrows         631
xllcorner     362177.146667
yllcorner     6534725.688020
cellsize      20.000000
NODATA_value  -9999.000000
[rows 510 to 543 of 631, columns 385 to 461 of 906]
2.277 2.277 2.186 1.946 2.006 1.896 1.986 2.065 1.985 1.955 1.955 1.985 1.786 1.786 1.826 2.395 2.385 1.136 0.000 0.000 0.000 0.000 0.000 0.000 0.000 0.000 0.000 0.000 0.000 0.000 0.000 0.000 0.000 0.000 0.000 0.000 0.000 0.000 0.000 0.000 0.000 0.000 0.000 0.000 0.000 0.000 0.000 0.000 0.000 0.000 0.000 0.000 0.000 0.000 0.000 2.402 2.412 2.292 2.292 2.472 2.332 2.442 2.422 2.422 2.412 2.382 2.784 2.807 2.829 2.491 2.875 2.891 2.889 2.946 2.946 2.960 2.966
2.257 2.347 2.347 2.735 2.156 2.156 2.206 2.215 2.125 2.115 2.115 2.055 1.965 1.816 1.706 2.498 1.416 0.000 0.000 0.000 0.000 0.000 0.000 0.000 0.000 0.000 0.000 0.000 0.000 0.000 0.000 0.000 0.000 0.000 0.000 0.000 0.000 0.000 0.000 0.000 0.000 0.000 0.000 0.000 0.000 0.000 0.000 0.000 0.000 0.000 0.000 2.214 2.364 1.943 2.353 2.433 2.393 2.323 2.323 2.402 2.492 2.452 2.781 2.804 2.827 2.422 2.872 2.895 2.917 2.940 2.481 2.981 2.983 2.986 2.986 2.996 3.001
2.357 2.357 2.257 2.327 2.126 2.456 2.156 2.276 2.125 2.106 2.106 2.125 1.916 1.906 1.936 2.549 1.225 0.000 0.000 0.000 0.000 0.000 0.000 0.000 0.000 0.000 0.000 0.000 0.000 0.000 0.000 0.000 0.000 0.000 0.000 0.000 0.000 0.000 0.000 0.000 0.000 0.000 0.000 0.000 0.000 0.000 0.000 0.000 0.000 0.000 2.295 1.669 2.424 2.494 2.404 2.433 2.393 2.383 2.383 2.383 2.780 2.803 2.826 2.492 2.402 2.893 2.916 2.939 2.961 2.984 3.001 3.003 3.005 3.007 3.007 3.017 3.022
2.497 2.497 2.327 2.367 2.776 2.751 2.296 2.306 2.206 2.136 2.136 2.166 1.986 1.966 2.611 2.601 1.235 0.000 0.000 0.000 0.000 0.000 0.000 0.000 0.000 0.000 0.000 0.000 0.000 0.000 0.000 0.000 0.000 0.000 0.000 0.000 0.000 0.000 0.000 0.000 0.000 0.000 0.000 0.000 0.000 0.000 0.000 0.000 2.216 2.465 2.355 2.425 2.464 2.454 2.494 2.444 2.443 2.323 2.323 2.802 2.824 2.473 2.493 2.892 2.412 2.938 2.960 2.983 3.006 3.020 3.022 3.024 3.026 3.028 3.028 3.037 3.043
2.847 2.487 2.397 2.467 2.436 2.426 2.336 2.326 2.486 2.226 2.226 2.196 2.056 1.906 2.663 1.615 1.335 0.000 0.000 0.000 0.000 0.000 0.000 0.000 0.000 0.000 0.000 0.000 0.000 0.000 0.000 0.000 0.000 0.000 0.000 0.000 0.000 0.000 0.000 0.000 0.000 0.000 0.000 0.000 0.000 0.000 2.156 2.336 2.376 2.355 1.587 2.465 1.897 2.052 2.414 2.444 2.484 2.454 2.453 2.846 2.493 2.891 2.914 2.493 2.959 2.492 3.004 3.027 3.039 3.041 3.043 3.045 3.047 3.049 3.049 3.058 3.063
2.877 2.487 2.864 2.857 2.417 2.818 2.306 2.456 2.406 2.246 2.246 2.146 2.156 2.056 2.715 1.725 1.435 0.000 0.000 0.000 0.000 0.000 0.000 0.000 0.000 0.000 0.000 0.000 0.000 0.000 0.000 0.000 0.000 0.000 0.000 0.000 0.000 0.000 0.000 0.000 0.000 0.000 0.000 0.000 0.000 2.137 2.297 1.158 2.486 1.469 1.624 1.779 1.934 2.089 2.444 2.484 2.424 2.710 2.710 2.890 2.913 2.935 2.958 2.981 3.003 3.026 3.049 3.059 3.061 3.063 3.065 3.067 3.069 3.071 3.071 3.078 3.084
2.910 2.902 2.895 2.477 2.467 2.477 2.467 2.836 2.446 2.386 2.386 2.416 2.256 2.476 2.766 2.296 2.746 0.000 0.000 0.000 0.000 0.000 0.000 0.000 0.000 0.000 0.000 0.000 0.000 0.000 0.000 0.000 0.000 0.000 0.000 0.000 0.000 0.000 0.000 0.000 0.000 0.000 0.000 0.658 2.047 2.347 2.407 2.407 2.416 2.406 2.436 1.815 1.971 2.126 2.281 2.436 2.592 2.747 2.747 2.934 2.957 2.979 3.002 3.025 3.047 3.070 3.078 3.080 3.082 3.084 3.086 3.088 3.090 3.092 3.092 3.099 3.104
2.946 2.938 2.930 2.922 2.914 2.907 2.897 2.887 2.456 2.506 2.506 2.406 2.406 2.828 2.818 2.808 2.798 0.000 0.000 1.736 1.656 1.456 1.006 0.517 0.000 0.000 0.000 0.000 0.000 0.000 0.000 0.000 0.000 0.000 0.000 0.000 0.000 0.000 0.000 0.000 0.000 0.000 0.000 1.378 2.468 2.487 2.417 2.357 2.417 1.542 1.697 1.852 2.007 2.162 2.318 2.473 2.628 2.783 2.783 2.978 3.001 3.023 3.046 3.069 3.091 3.097 3.099 3.101 3.103 3.105 3.107 3.109 3.111 3.113 3.113 3.119 3.125
2.982 2.974 2.966 2.959 2.953 2.949 2.507 2.939 2.929 2.910 2.909 2.900 2.486 2.879 2.870 2.860 2.850 2.206 1.896 1.895 1.835 1.855 1.786 1.866 0.596 0.000 0.000 0.000 0.000 0.000 0.000 0.000 0.000 0.000 0.000 0.000 0.000 0.000 0.000 0.000 0.000 0.000 0.000 2.268 2.268 2.358 1.513 1.567 1.622 1.677 1.734 1.889 2.044 2.199 2.354 2.510 2.665 2.820 2.820 3.022 3.045 3.068 3.090 3.113 3.117 3.119 3.121 3.123 3.125 3.127 3.129 3.131 3.133 3.134 3.134 3.140 3.145
3.018 3.010 3.003 2.997 2.991 2.986 2.983 2.979 2.975 2.961 2.961 2.476 2.941 2.931 2.921 2.912 2.902 2.336 2.305 2.155 2.105 2.035 2.025 1.936 1.486 0.000 0.000 0.000 0.000 0.000 0.000 0.000 0.000 0.000 0.000 0.000 0.000 0.000 0.000 0.000 0.000 0.969 0.969 2.438 2.168 2.338 1.750 1.805 1.859 1.914 1.968 2.023 2.081 2.236 2.391 2.546 2.701 2.857 2.856 3.067 3.089 3.112 3.134 3.136 3.138 3.140 3.142 3.144 3.146 3.148 3.150 3.152 3.154 3.156 3.156 3.160 3.165
3.054 3.047 3.041 3.035 3.029 3.024 3.021 3.017 3.013 3.006 3.005 3.002 2.993 2.983 2.973 2.963 2.953 2.445 2.445 2.365 2.295 2.195 2.105 2.025 1.775 0.000 0.000 0.000 0.000 1.324 2.094 2.233 2.013 1.423 0.000 0.000 0.000 0.000 0.000 0.000 0.979 2.249 2.249 2.409 2.279 2.428 1.987 2.042 2.096 2.151 2.205 2.260 2.314 2.369 2.428 2.583 2.738 2.893 2.893 3.111 3.133 3.154 3.156 3.158 3.160 3.161 3.163 3.165 3.167 3.169 3.171 3.173 3.175 3.177 3.177 3.181 3.186
3.092 3.086 3.080 3.074 3.067 3.062 3.058 3.055 3.051 3.043 3.043 3.039 3.036 3.032 3.025 3.015 3.005 2.995 2.495 2.610 2.356 2.435 2.355 2.185 2.055 1.285 1.285 1.895 2.314 2.454 2.404 2.303 2.303 2.273 2.052 2.092 0.000 0.000 0.000 0.000 1.830 2.389 2.389 2.419 2.489 2.298 2.418 2.279 2.333 2.388 2.443 2.497 2.552 2.606 2.661 2.715 2.775 2.930 2.930 3.155 3.173 3.175 3.177 3.179 3.181 3.183 3.185 3.187 3.188 3.190 3.192 3.194 3.196 3.198 3.198 3.202 3.207
3.130 3.124 3.118 3.112 3.106 3.100 3.096 3.092 3.089 3.081 3.081 3.077 3.074 3.070 3.066 3.062 3.057 3.047 2.939 2.685 2.536 2.417 2.298 2.179 2.445 1.940 1.940 1.702 1.582 2.394 2.314 2.313 2.323 2.363 2.312 2.322 2.421 2.321 2.171 2.350 2.500 2.469 2.469 2.298 2.352 2.469 2.461 2.516 2.571 2.625 2.680 2.734 2.789 2.843 2.898 2.952 3.007 3.062 3.061 3.193 3.195 3.197 3.198 3.200 3.202 3.204 3.206 3.208 3.210 3.212 3.214 3.216 3.218 3.220 3.219 3.224 3.227
3.168 3.162 3.156 3.150 3.144 3.138 3.134 3.130 3.126 3.119 3.119 3.115 3.111 3.107 3.104 3.100 3.096 3.092 3.091 2.972 2.853 2.734 2.615 2.495 2.376 2.257 2.257 2.018 1.899 2.494 2.454 1.845 2.433 2.473 1.935 2.432 1.994 2.027 2.411 2.205 2.294 2.383 2.383 2.535 2.590 2.644 2.699 2.753 2.808 2.862 2.917 2.971 3.026 3.080 3.135 3.190 3.210 3.211 3.211 3.200 3.205 3.210 3.215 3.220 3.224 3.225 3.227 3.229 3.231 3.233 3.235 3.237 3.239 3.241 3.241 3.245 3.248
3.168 3.162 3.156 3.150 3.144 3.138 3.134 3.130 3.126 3.119 3.119 3.115 3.111 3.107 3.104 3.100 3.096 3.092 3.091 2.972 2.853 2.734 2.615 2.495 2.376 2.257 2.257 2.018 1.899 2.494 2.454 1.845 2.433 2.473 1.935 2.432 1.995 2.027 2.411 2.205 2.294 2.383 2.383 2.535 2.590 2.644 2.699 2.753 2.808 2.862 2.917 2.972 3.026 3.081 3.135 3.190 3.210 3.211 3.211 3.200 3.205 3.210 3.215 3.221 3.224 3.226 3.228 3.229 3.231 3.233 3.235 3.237 3.239 3.241 3.241 3.245 3.248
3.206 3.200 3.194 3.188 3.182 3.176 3.172 3.168 3.164 3.157 3.157 3.153 3.149 3.145 3.141 3.137 3.134 3.136 3.142 3.153 3.163 3.051 2.931 2.812 2.693 2.574 2.573 2.335 2.216 2.104 2.134 2.164 2.194 2.224 2.254 2.284 2.314 2.343 2.373 2.453 2.542 2.631 2.630 2.772 2.827 2.881 2.936 2.990 3.045 3.100 3.154 3.209 3.226 3.227 3.228 3.230 3.231 3.233 3.232 3.209 3.205 3.210 3.215 3.220 3.226 3.231 3.236 3.241 3.246 3.251 3.256 3.258 3.260 3.262 3.262 3.266 3.268
3.245 3.239 3.233 3.227 3.221 3.215 3.210 3.206 3.202 3.194 3.194 3.191 3.187 3.183 3.179 3.175 3.179 3.185 3.192 3.201 3.211 3.221 3.231 3.129 3.010 2.890 2.890 2.652 2.532 2.423 2.453 2.483 2.513 2.543 2.573 2.603 2.633 2.663 2.693 2.723 2.789 2.878 2.878 3.009 3.064 3.118 3.173 3.228 3.241 3.243 3.244 3.245 3.247 3.248 3.250 3.251 3.252 3.254 3.254 3.221 3.205 3.210 3.215 3.220 3.226 3.231 3.236 3.241 3.246 3.251 3.256 3.261 3.267 3.272 3.272 3.282 3.288
3.321 3.315 3.309 3.303 3.297 3.291 3.285 3.281 3.278 3.270 3.270 3.266 3.262 3.258 3.265 3.271 3.277 3.284 3.290 3.297 3.307 3.318 3.328 3.338 3.348 3.358 3.358 3.285 3.166 3.061 3.091 3.121 3.151 3.181 3.211 3.241 3.271 3.301 3.315 3.303 3.291 3.280 3.279 3.276 3.278 3.279 3.281 3.282 3.284 3.285 3.286 3.288 3.289 3.291 3.292 3.293 3.295 3.280 3.279 3.245 3.227 3.210 3.215 3.220 3.225 3.230 3.235 3.240 3.246 3.251 3.256 3.261 3.266 3.272 3.272 3.298 3.335
3.360 3.354 3.348 3.342 3.336 3.329 3.323 3.319 3.315 3.308 3.308 3.304 3.301 3.307 3.314 3.320 3.326 3.333 3.339 3.346 3.356 3.366 3.376 3.386 3.396 3.407 3.406 3.427 3.437 3.381 3.410 3.426 3.414 3.402 3.390 3.378 3.366 3.354 3.342 3.330 3.318 3.309 3.308 3.298 3.299 3.301 3.302 3.303 3.305 3.306 3.308 3.309 3.311 3.312 3.313 3.315 3.309 3.292 3.292 3.257 3.240 3.222 3.215 3.220 3.225 3.230 3.235 3.240 3.246 3.251 3.256 3.261 3.266 3.271 3.271 3.325 3.362
3.398 3.392 3.386 3.380 3.374 3.368 3.362 3.357 3.353 3.346 3.346 3.344 3.350 3.357 3.363 3.369 3.376 3.382 3.388 3.395 3.404 3.414 3.424 3.434 3.445 3.455 3.455 3.475 3.485 3.477 3.465 3.453 3.441 3.429 3.417 3.405 3.393 3.381 3.369 3.358 3.346 3.338 3.338 3.322 3.320 3.322 3.323 3.325 3.326 3.327 3.329 3.330 3.332 3.333 3.335 3.336 3.321 3.304 3.304 3.269 3.252 3.235 3.217 3.220 3.225 3.230 3.235 3.240 3.246 3.251 3.256 3.261 3.266 3.278 3.277 3.352 3.389
3.436 3.430 3.424 3.418 3.412 3.406 3.400 3.395 3.391 3.387 3.387 3.393 3.399 3.406 3.412 3.419 3.425 3.431 3.437 3.444 3.452 3.462 3.473 3.483 3.493 3.503 3.503 3.523 3.517 3.504 3.492 3.480 3.468 3.456 3.444 3.432 3.420 3.408 3.397 3.385 3.375 3.367 3.367 3.351 3.343 3.343 3.344 3.346 3.347 3.349 3.350 3.352 3.353 3.355 3.356 3.351 3.333 3.316 3.316 3.281 3.264 3.247 3.229 3.220 3.225 3.230 3.235 3.240 3.246 3.251 3.256 3.261 3.267 3.305 3.305 3.379 3.417
3.458 3.457 3.456 3.456 3.450 3.444 3.438 3.432 3.429 3.436 3.436 3.442 3.449 3.455 3.461 3.468 3.474 3.480 3.487 3.493 3.500 3.511 3.521 3.531 3.541 3.551 3.551 3.556 3.544 3.532 3.519 3.507 3.495 3.483 3.471 3.459 3.448 3.436 3.424 3.412 3.404 3.396 3.396 3.380 3.372 3.364 3.366 3.367 3.368 3.370 3.371 3.373 3.374 3.376 3.377 3.363 3.346 3.328 3.328 3.294 3.276 3.259 3.242 3.224 3.225 3.230 3.235 3.240 3.246 3.251 3.256 3.261 3.295 3.332 3.332 3.407 3.444
3.479 3.478 3.477 3.477 3.476 3.475 3.475 3.470 3.473 3.485 3.485 3.492 3.498 3.504 3.510 3.517 3.523 3.529 3.536 3.542 3.549 3.559 3.569 3.579 3.589 3.599 3.599 3.584 3.571 3.559 3.547 3.535 3.523 3.511 3.499 3.487 3.475 3.463 3.451 3.441 3.433 3.425 3.425 3.409 3.401 3.394 3.387 3.388 3.390 3.391 3.392 3.394 3.396 3.397 3.392 3.375 3.358 3.340 3.340 3.306 3.288 3.271 3.254 3.236 3.225 3.230 3.235 3.240 3.245 3.251 3.256 3.285 3.322 3.359 3.359 3.434 3.471
3.500 3.499 3.498 3.498 3.497 3.496 3.496 3.494 3.505 3.534 3.534 3.541 3.547 3.553 3.560 3.566 3.572 3.579 3.585 3.591 3.598 3.607 3.617 3.628 3.638 3.636 3.635 3.611 3.599 3.587 3.574 3.562 3.550 3.538 3.526 3.514 3.502 3.490 3.478 3.470 3.462 3.454 3.454 3.439 3.431 3.423 3.415 3.409 3.411 3.412 3.414 3.415 3.417 3.418 3.404 3.387 3.370 3.353 3.352 3.318 3.301 3.283 3.266 3.249 3.231 3.230 3.235 3.240 3.245 3.251 3.275 3.312 3.349 3.386 3.386 3.461 3.498
3.520 3.520 3.519 3.518 3.518 3.517 3.515 3.513 3.519 3.554 3.554 3.571 3.588 3.602 3.609 3.615 3.622 3.628 3.634 3.641 3.647 3.655 3.666 3.676 3.675 3.663 3.663 3.639 3.626 3.614 3.602 3.589 3.577 3.565 3.553 3.541 3.529 3.517 3.507 3.499 3.491 3.483 3.483 3.468 3.460 3.452 3.444 3.436 3.432 3.434 3.435 3.436 3.438 3.434 3.417 3.399 3.382 3.365 3.364 3.330 3.313 3.295 3.278 3.261 3.243 3.230 3.235 3.240 3.245 3.265 3.302 3.339 3.376 3.414 3.413 3.488 3.525
3.541 3.541 3.540 3.539 3.539 3.537 3.535 3.533 3.533 3.568 3.568 3.585 3.602 3.619 3.637 3.654 3.671 3.677 3.684 3.690 3.696 3.704 3.714 3.715 3.703 3.690 3.690 3.666 3.654 3.642 3.629 3.617 3.605 3.592 3.580 3.568 3.557 3.545 3.536 3.528 3.520 3.512 3.512 3.497 3.489 3.481 3.473 3.465 3.457 3.455 3.456 3.458 3.459 3.446 3.429 3.411 3.394 3.377 3.377 3.342 3.325 3.308 3.290 3.273 3.256 3.238 3.235 3.240 3.255 3.292 3.329 3.366 3.404 3.441 3.441 3.515 3.553
3.562 3.561 3.561 3.560 3.559 3.556 3.554 3.552 3.550 3.582 3.582 3.599 3.616 3.634 3.651 3.668 3.685 3.703 3.720 3.737 3.746 3.752 3.755 3.742 3.730 3.718 3.718 3.693 3.681 3.669 3.657 3.644 3.632 3.620 3.608 3.596 3.584 3.573 3.565 3.557 3.549 3.542 3.541 3.526 3.518 3.510 3.502 3.494 3.487 3.479 3.478 3.479 3.475 3.458 3.441 3.423 3.406 3.389 3.389 3.354 3.337 3.320 3.302 3.285 3.268 3.250 3.235 3.245 3.282 3.319 3.356 3.394 3.431 3.468 3.468 3.543 3.580
3.583 3.582 3.582 3.580 3.578 3.576 3.574 3.571 3.569 3.596 3.596 3.613 3.630 3.647 3.665 3.682 3.699 3.717 3.734 3.751 3.768 3.780 3.773 3.766 3.758 3.745 3.745 3.721 3.709 3.696 3.684 3.672 3.660 3.647 3.635 3.623 3.611 3.602 3.594 3.586 3.579 3.571 3.571 3.555 3.547 3.539 3.531 3.524 3.516 3.508 3.500 3.500 3.487 3.470 3.453 3.436 3.418 3.401 3.401 3.366 3.349 3.332 3.315 3.297 3.280 3.263 3.246 3.268 3.308 3.346 3.384 3.421 3.458 3.495 3.495 3.570 3.607
3.604 3.603 3.601 3.599 3.597 3.595 3.593 3.591 3.589 3.610 3.610 3.627 3.644 3.662 3.679 3.696 3.713 3.731 3.748 3.765 3.777 3.773 3.768 3.761 3.754 3.747 3.747 3.733 3.725 3.718 3.711 3.699 3.687 3.675 3.662 3.650 3.639 3.631 3.623 3.616 3.608 3.600 3.600 3.584 3.576 3.569 3.561 3.553 3.545 3.535 3.525 3.517 3.500 3.483 3.466 3.449 3.432 3.414 3.414 3.380 3.363 3.346 3.329 3.312 3.295 3.277 3.269 3.275 3.316 3.356 3.396 3.436 3.477 3.517 3.517 3.597 3.635
3.625 3.623 3.621 3.619 3.617 3.614 3.612 3.610 3.608 3.624 3.624 3.641 3.658 3.676 3.693 3.710 3.728 3.745 3.762 3.775 3.771 3.767 3.764 3.756 3.749 3.742 3.742 3.728 3.720 3.713 3.706 3.699 3.692 3.684 3.677 3.670 3.661 3.651 3.641 3.631 3.621 3.612 3.611 3.592 3.582 3.572 3.562 3.552 3.542 3.532 3.522 3.519 3.514 3.497 3.480 3.463 3.446 3.429 3.429 3.395 3.378 3.360 3.343 3.326 3.309 3.292 3.295 3.300 3.323 3.363 3.403 3.444 3.484 3.524 3.524 3.605 3.646
3.625 3.623 3.621 3.619 3.617 3.615 3.612 3.610 3.608 3.624 3.624 3.641 3.658 3.676 3.693 3.710 3.728 3.745 3.762 3.775 3.771 3.767 3.764 3.757 3.749 3.742 3.742 3.728 3.721 3.713 3.706 3.699 3.692 3.684 3.677 3.670 3.661 3.651 3.641 3.632 3.622 3.612 3.612 3.592 3.582 3.572 3.562 3.552 3.542 3.532 3.522 3.519 3.515 3.498 3.481 3.463 3.446 3.429 3.429 3.395 3.378 3.361 3.344 3.326 3.309 3.292 3.295 3.301 3.323 3.363 3.404 3.444 3.484 3.525 3.525 3.606 3.646
3.645 3.643 3.640 3.638 3.636 3.634 3.632 3.630 3.628 3.638 3.638 3.655 3.673 3.690 3.707 3.724 3.742 3.759 3.773 3.769 3.765 3.761 3.757 3.752 3.745 3.737 3.737 3.723 3.716 3.708 3.701 3.694 3.687 3.680 3.672 3.665 3.658 3.649 3.639 3.629 3.619 3.609 3.609 3.589 3.579 3.569 3.559 3.549 3.540 3.530 3.521 3.520 3.520 3.512 3.495 3.478 3.461 3.444 3.444 3.409 3.392 3.375 3.358 3.341 3.324 3.315 3.321 3.326 3.332 3.371 3.411 3.451 3.492 3.532 3.532 3.613 3.653
3.664 3.662 3.660 3.658 3.656 3.653 3.651 3.649 3.647 3.652 3.652 3.669 3.687 3.704 3.721 3.738 3.756 3.771 3.767 3.763 3.759 3.755 3.751 3.747 3.740 3.733 3.732 3.718 3.711 3.704 3.696 3.689 3.682 3.675 3.667 3.661 3.654 3.646 3.636 3.626 3.616 3.606 3.606 3.586 3.577 3.567 3.557 3.547 3.537 3.527 3.523 3.522 3.521 3.520 3.510 3.493 3.475 3.458 3.458 3.424 3.407 3.390 3.372 3.355 3.338 3.341 3.347 3.352 3.358 3.378 3.418 3.459 3.499 3.539 3.539 3.620 3.661
3.703 3.701 3.699 3.697 3.694 3.692 3.690 3.688 3.686 3.682 3.681 3.697 3.715 3.732 3.749 3.766 3.762 3.758 3.754 3.750 3.747 3.743 3.739 3.735 3.730 3.723 3.722 3.708 3.701 3.694 3.686 3.679 3.672 3.665 3.658 3.651 3.645 3.638 3.630 3.620 3.610 3.600 3.600 3.581 3.571 3.561 3.551 3.541 3.531 3.526 3.525 3.525 3.524 3.523 3.522 3.521 3.504 3.487 3.487 3.453 3.435 3.418 3.401 3.384 3.386 3.392 3.398 3.403 3.409 3.415 3.432 3.473 3.513 3.554 3.553 3.634 3.674
