includes/camargue/floodfiles/results_R3_t1.562344836599E12/res-0002.wdfp
ncols         906
nrows         631
xllcorner     362177.146667
yllcorner     6534725.688020
cellsize      20.000000
NODATA_value  -9999.000000
[rows 544 to 577 of 631, columns 231 to 307 of 906]
8.980 8.918 8.795 8.795 8.734 8.672 8.610 8.757 8.905 9.054 9.202 9.350 9.499 9.647 9.796 9.944 9.966 9.952 10.044 10.044 10.095 10.107 9.952 9.797 9.642 9.487 9.332 9.177 9.022 8.867 8.919 9.018 9.118 9.217 9.256 9.256 9.097 8.937 8.777 8.618 8.458 8.299 8.245 8.333 8.420 8.507 8.595 8.682 8.769 8.857 8.944 8.944 8.995 8.932 8.869 8.899 8.970 9.042 8.968 8.845 8.721 8.598 8.474 8.351 8.227 8.103 7.980 7.980 7.812 7.835 7.858 7.882 7.905 7.928 7.952 7.975 7.918
8.938 8.962 8.839 8.839 8.777 8.716 8.685 8.833 8.982 9.130 9.279 9.427 9.575 9.724 9.872 10.021 10.170 10.225 10.167 10.167 10.012 9.857 9.702 9.547 9.392 9.237 9.082 8.927 8.771 8.616 8.696 8.796 8.895 8.995 9.193 9.193 9.240 9.081 8.921 8.762 8.602 8.442 8.402 8.489 8.576 8.664 8.751 8.838 8.925 9.013 8.975 8.975 8.849 8.785 8.722 8.756 8.828 8.899 8.971 9.042 8.938 8.814 8.691 8.567 8.444 8.320 8.196 8.196 8.014 8.038 8.061 8.085 8.108 8.131 8.155 8.066 7.968
8.826 8.901 8.882 8.882 8.821 8.759 8.761 8.910 9.058 9.207 9.355 9.504 9.652 9.801 9.949 10.098 10.144 10.147 9.916 9.916 9.761 9.606 9.451 9.296 9.141 8.986 8.831 8.676 8.521 8.374 8.473 8.573 8.672 8.772 8.971 8.971 9.070 9.170 9.065 8.905 8.746 8.586 8.558 8.645 8.733 8.820 8.907 8.994 8.955 8.892 8.829 8.829 8.702 8.639 8.575 8.613 8.685 8.756 8.828 8.900 8.971 9.031 8.907 8.784 8.660 8.537 8.413 8.413 8.217 8.241 8.264 8.287 8.311 8.313 8.215 8.116 8.018
8.713 8.789 8.926 8.926 8.865 8.803 8.838 8.986 9.135 9.283 9.432 9.580 9.726 9.731 9.735 9.740 9.745 9.744 9.666 9.666 9.511 9.355 9.200 9.045 8.890 8.735 8.580 8.425 8.270 8.151 8.250 8.350 8.449 8.549 8.748 8.748 8.847 8.947 9.046 9.049 8.889 8.730 8.714 8.801 8.889 8.976 8.935 8.872 8.809 8.745 8.682 8.682 8.555 8.492 8.429 8.470 8.542 8.614 8.685 8.757 8.828 8.900 8.971 9.001 8.877 8.754 8.630 8.630 8.420 8.443 8.467 8.490 8.462 8.364 8.265 8.167 8.068
8.600 8.676 8.828 8.828 8.904 8.847 8.914 9.063 9.211 9.313 9.317 9.322 9.326 9.331 9.336 9.340 9.345 9.340 9.321 9.321 9.260 9.105 8.950 8.795 8.640 8.485 8.330 8.175 8.020 7.928 8.028 8.127 8.227 8.326 8.525 8.525 8.624 8.724 8.823 8.923 9.022 8.873 8.870 8.958 8.915 8.852 8.789 8.725 8.662 8.599 8.536 8.536 8.409 8.346 8.282 8.328 8.399 8.471 8.542 8.614 8.685 8.757 8.829 8.900 8.972 8.970 8.847 8.847 8.623 8.646 8.669 8.611 8.512 8.414 8.315 8.217 8.118
8.488 8.563 8.715 8.715 8.791 8.867 8.899 8.904 8.908 8.913 8.918 8.922 8.927 8.932 8.936 8.941 8.946 8.937 8.918 8.918 8.908 8.854 8.699 8.544 8.389 8.234 8.079 7.924 7.769 7.705 7.805 7.904 8.004 8.103 8.302 8.302 8.401 8.501 8.600 8.700 8.799 8.899 8.895 8.832 8.768 8.705 8.642 8.579 8.516 8.452 8.389 8.389 8.262 8.199 8.136 8.185 8.256 8.328 8.400 8.471 8.543 8.614 8.686 8.757 8.829 8.901 8.972 8.972 8.825 8.849 8.759 8.661 8.562 8.464 8.365 8.267 8.168
8.375 8.451 8.509 8.509 8.498 8.487 8.499 8.504 8.509 8.513 8.518 8.523 8.528 8.532 8.537 8.541 8.543 8.534 8.515 8.515 8.505 8.496 8.449 8.294 8.138 7.983 7.828 7.673 7.518 7.482 7.582 7.681 7.781 7.880 8.079 8.079 8.178 8.278 8.377 8.477 8.586 8.698 8.714 8.685 8.622 8.559 8.496 8.432 8.369 8.306 8.242 8.242 8.116 8.053 7.989 8.042 8.114 8.185 8.257 8.328 8.400 8.471 8.543 8.615 8.686 8.758 8.829 8.829 8.965 8.908 8.809 8.711 8.612 8.514 8.415 8.317 8.219
8.131 8.120 8.097 8.097 8.086 8.081 8.093 8.104 8.109 8.114 8.119 8.123 8.128 8.133 8.137 8.142 8.140 8.130 8.111 8.111 8.102 8.092 8.083 8.043 7.888 7.733 7.578 7.423 7.268 7.260 7.359 7.458 7.558 7.657 7.856 7.856 7.956 8.055 8.163 8.275 8.387 8.499 8.503 8.492 8.475 8.412 8.349 8.286 8.222 8.159 8.096 8.096 7.969 7.906 7.843 7.899 7.971 8.042 8.114 8.186 8.257 8.329 8.400 8.472 8.543 8.615 8.687 8.687 8.772 8.790 8.804 8.761 8.662 8.564 8.466 8.367 8.269
7.719 7.708 7.685 7.685 7.674 7.675 7.687 7.698 7.709 7.715 7.719 7.724 7.728 7.733 7.738 7.742 7.737 7.727 7.708 7.708 7.699 7.689 7.680 7.670 7.637 7.482 7.327 7.172 7.017 7.037 7.136 7.236 7.335 7.434 7.633 7.633 7.741 7.853 7.964 8.076 8.188 8.299 8.293 8.282 8.270 8.259 8.202 8.139 8.076 8.013 7.949 7.949 7.823 7.760 7.696 7.757 7.828 7.900 7.971 8.043 8.114 8.186 8.257 8.329 8.401 8.464 8.502 8.502 8.579 8.599 8.613 8.628 8.642 8.614 8.516 8.417 8.319
7.307 7.296 7.273 7.273 7.262 7.269 7.281 7.292 7.303 7.315 7.320 7.324 7.329 7.334 7.338 7.343 7.333 7.324 7.305 7.305 7.295 7.286 7.276 7.267 7.258 7.232 7.077 6.922 6.767 6.814 6.913 7.013 7.112 7.212 7.430 7.430 7.542 7.654 7.765 7.877 7.989 8.093 8.082 8.071 8.060 8.049 8.038 7.993 7.929 7.866 7.803 7.803 7.676 7.613 7.550 7.614 7.685 7.757 7.829 7.900 7.972 8.043 8.115 8.186 8.232 8.270 8.309 8.309 8.386 8.408 8.423 8.437 8.451 8.466 8.480 8.467 8.369
6.895 6.884 6.861 6.861 6.852 6.864 6.875 6.886 6.897 6.909 6.920 6.925 6.929 6.934 6.939 6.940 6.930 6.921 6.902 6.902 6.892 6.883 6.873 6.864 6.854 6.845 6.826 6.671 6.516 6.591 6.690 6.790 6.896 7.007 7.231 7.231 7.343 7.454 7.566 7.678 7.790 7.883 7.872 7.861 7.850 7.838 7.827 7.816 7.783 7.720 7.656 7.656 7.530 7.467 7.403 7.471 7.543 7.614 7.686 7.757 7.829 7.900 7.962 8.000 8.039 8.077 8.116 8.116 8.193 8.217 8.232 8.246 8.261 8.275 8.289 8.304 8.318
6.483 6.472 6.449 6.449 6.446 6.458 6.469 6.480 6.491 6.503 6.514 6.525 6.530 6.535 6.539 6.536 6.527 6.517 6.498 6.498 6.489 6.479 6.470 6.461 6.451 6.442 6.432 6.420 6.268 6.368 6.473 6.585 6.696 6.808 7.032 7.032 7.143 7.255 7.367 7.479 7.591 7.673 7.662 7.650 7.639 7.628 7.617 7.606 7.595 7.573 7.510 7.510 7.383 7.320 7.257 7.328 7.400 7.471 7.543 7.615 7.686 7.731 7.769 7.807 7.846 7.884 7.923 7.923 8.000 8.026 8.041 8.055 8.070 8.084 8.099 8.113 8.128
6.483 6.472 6.449 6.449 6.446 6.457 6.469 6.480 6.491 6.503 6.514 6.525 6.530 6.535 6.539 6.536 6.527 6.517 6.498 6.498 6.489 6.479 6.470 6.461 6.451 6.442 6.432 6.420 6.268 6.368 6.473 6.585 6.696 6.808 7.032 7.032 7.143 7.255 7.367 7.479 7.590 7.673 7.662 7.650 7.639 7.628 7.617 7.606 7.595 7.573 7.510 7.510 7.383 7.320 7.257 7.328 7.400 7.471 7.543 7.615 7.686 7.731 7.769 7.807 7.846 7.884 7.923 7.923 8.000 8.026 8.041 8.055 8.070 8.084 8.099 8.113 8.127
6.071 6.060 6.037 6.037 6.040 6.052 6.063 6.074 6.085 6.097 6.108 6.119 6.130 6.135 6.140 6.133 6.124 6.114 6.095 6.095 6.086 6.076 6.067 6.057 6.048 6.038 6.029 6.022 6.058 6.162 6.274 6.385 6.497 6.609 6.833 6.833 6.944 7.056 7.168 7.279 7.391 7.462 7.451 7.440 7.429 7.418 7.406 7.395 7.384 7.373 7.362 7.362 7.237 7.173 7.114 7.185 7.257 7.329 7.400 7.460 7.499 7.537 7.576 7.614 7.653 7.691 7.730 7.730 7.806 7.836 7.850 7.865 7.879 7.893 7.908 7.922 7.937
5.659 5.648 5.625 5.625 5.634 5.646 5.657 5.668 5.679 5.691 5.702 5.713 5.725 5.736 5.739 5.730 5.720 5.711 5.692 5.692 5.698 5.727 5.756 5.785 5.814 5.843 5.873 5.902 5.957 6.026 6.099 6.186 6.298 6.410 6.633 6.633 6.745 6.857 6.969 7.080 7.192 7.252 7.241 7.229 7.218 7.207 7.196 7.185 7.174 7.162 7.151 7.151 7.090 7.027 6.971 7.043 7.114 7.186 7.229 7.267 7.306 7.344 7.383 7.421 7.460 7.498 7.537 7.536 7.613 7.645 7.659 7.674 7.688 7.703 7.717 7.731 7.746
4.914 4.846 4.811 4.811 4.822 4.834 4.845 4.856 4.908 4.971 5.035 5.098 5.162 5.226 5.274 5.311 5.340 5.369 5.427 5.427 5.456 5.485 5.515 5.544 5.573 5.602 5.631 5.692 5.755 5.818 5.890 5.962 6.034 6.107 6.252 6.252 6.347 6.459 6.571 6.682 6.794 6.831 6.820 6.809 6.797 6.786 6.775 6.764 6.753 6.742 6.730 6.730 6.708 6.697 6.686 6.727 6.766 6.804 6.843 6.881 6.920 6.958 6.997 7.035 7.074 7.112 7.150 7.150 7.227 7.263 7.278 7.292 7.307 7.321 7.336 7.350 7.364
4.560 4.492 4.467 4.467 4.531 4.594 4.658 4.722 4.785 4.849 4.913 4.976 5.040 5.099 5.143 5.186 5.219 5.248 5.306 5.306 5.335 5.365 5.394 5.423 5.452 5.481 5.529 5.591 5.654 5.717 5.785 5.858 5.930 6.002 6.147 6.147 6.220 6.292 6.371 6.483 6.595 6.620 6.609 6.598 6.587 6.576 6.565 6.553 6.549 6.553 6.556 6.556 6.564 6.567 6.635 6.616 6.579 6.611 6.650 6.688 6.727 6.765 6.804 6.842 6.880 6.919 6.957 6.957 7.034 7.073 7.087 7.101 7.116 7.130 7.145 7.159 7.174
4.311 4.294 4.345 4.345 4.408 4.472 4.535 4.599 4.663 4.727 4.790 4.854 4.917 4.968 5.012 5.055 5.098 5.127 5.185 5.185 5.215 5.244 5.273 5.302 5.331 5.365 5.428 5.490 5.553 5.616 5.681 5.753 5.825 5.898 6.043 6.043 6.115 6.187 6.260 6.332 6.404 6.422 6.426 6.429 6.433 6.437 6.441 6.444 6.448 6.452 6.455 6.455 6.462 6.502 6.596 6.617 6.579 6.542 6.505 6.495 6.534 6.572 6.610 6.649 6.687 6.726 6.764 6.764 6.841 6.879 6.896 6.911 6.925 6.939 6.954 6.968 6.983
4.161 4.144 4.223 4.223 4.286 4.349 4.413 4.477 4.541 4.604 4.668 4.731 4.794 4.838 4.881 4.925 4.968 5.006 5.065 5.065 5.094 5.123 5.152 5.181 5.210 5.264 5.327 5.389 5.452 5.515 5.577 5.649 5.721 5.793 5.938 5.938 6.010 6.083 6.155 6.227 6.285 6.321 6.325 6.328 6.332 6.336 6.339 6.343 6.347 6.351 6.354 6.354 6.370 6.463 6.557 6.617 6.580 6.543 6.505 6.468 6.431 6.393 6.417 6.456 6.494 6.533 6.571 6.571 6.648 6.686 6.705 6.720 6.734 6.749 6.763 6.778 6.831
4.012 3.995 4.102 4.102 4.164 4.227 4.291 4.354 4.418 4.482 4.545 4.609 4.663 4.707 4.750 4.794 4.837 4.881 4.944 4.944 4.973 5.002 5.031 5.060 5.101 5.163 5.226 5.289 5.351 5.414 5.476 5.544 5.616 5.689 5.834 5.834 5.906 5.978 6.051 6.111 6.162 6.213 6.224 6.227 6.231 6.235 6.238 6.242 6.246 6.250 6.253 6.253 6.331 6.424 6.518 6.612 6.581 6.543 6.506 6.469 6.431 6.394 6.357 6.319 6.301 6.340 6.378 6.378 6.455 6.493 6.515 6.529 6.543 6.558 6.599 6.673 6.747
3.862 3.855 3.980 3.980 4.043 4.105 4.168 4.232 4.296 4.359 4.423 4.487 4.532 4.576 4.619 4.663 4.707 4.750 4.823 4.823 4.852 4.881 4.910 4.940 5.000 5.062 5.125 5.188 5.250 5.313 5.375 5.440 5.512 5.584 5.729 5.729 5.801 5.874 5.936 5.988 6.039 6.090 6.123 6.126 6.130 6.134 6.137 6.141 6.145 6.149 6.152 6.152 6.292 6.386 6.479 6.573 6.581 6.544 6.507 6.469 6.432 6.395 6.357 6.320 6.283 6.245 6.208 6.208 6.262 6.300 6.324 6.338 6.367 6.441 6.515 6.589 6.663
3.712 3.734 3.859 3.859 3.921 3.984 4.046 4.110 4.173 4.237 4.301 4.358 4.402 4.445 4.489 4.532 4.576 4.619 4.702 4.702 4.731 4.760 4.790 4.836 4.899 4.961 5.024 5.087 5.149 5.212 5.274 5.337 5.407 5.480 5.625 5.625 5.697 5.762 5.813 5.864 5.915 5.967 6.018 6.025 6.029 6.033 6.036 6.040 6.044 6.048 6.066 6.066 6.253 6.347 6.440 6.534 6.582 6.545 6.507 6.470 6.433 6.395 6.358 6.321 6.283 6.246 6.208 6.208 6.134 6.107 6.136 6.210 6.283 6.357 6.431 6.505 6.579
3.563 3.612 3.737 3.737 3.800 3.863 3.925 3.988 4.051 4.115 4.179 4.227 4.271 4.314 4.358 4.401 4.445 4.489 4.576 4.576 4.611 4.640 4.673 4.735 4.798 4.860 4.923 4.986 5.048 5.111 5.173 5.236 5.303 5.375 5.520 5.520 5.587 5.638 5.690 5.741 5.792 5.844 5.895 5.924 5.928 5.932 5.935 5.939 5.943 5.947 6.027 6.027 6.214 6.308 6.402 6.495 6.583 6.545 6.508 6.471 6.433 6.396 6.359 6.321 6.284 6.246 6.209 6.209 6.134 6.105 6.103 6.126 6.199 6.273 6.347 6.421 6.495
3.428 3.491 3.616 3.616 3.678 3.741 3.804 3.866 3.929 3.993 4.053 4.096 4.140 4.184 4.227 4.271 4.314 4.358 4.445 4.445 4.488 4.519 4.572 4.634 4.697 4.759 4.822 4.885 4.947 5.010 5.072 5.135 5.198 5.271 5.412 5.412 5.464 5.515 5.566 5.618 5.669 5.720 5.772 5.823 5.827 5.831 5.834 5.838 5.842 5.894 5.988 5.988 6.175 6.269 6.363 6.457 6.550 6.546 6.509 6.471 6.434 6.397 6.359 6.322 6.285 6.247 6.210 6.210 6.146 6.132 6.123 6.142 6.161 6.189 6.263 6.337 6.411
3.307 3.369 3.494 3.494 3.557 3.619 3.682 3.745 3.807 3.870 3.922 3.966 4.009 4.053 4.096 4.140 4.183 4.227 4.314 4.314 4.359 4.412 4.471 4.533 4.596 4.658 4.721 4.784 4.846 4.909 4.971 5.034 5.096 5.166 5.289 5.289 5.340 5.392 5.443 5.494 5.546 5.597 5.648 5.700 5.726 5.730 5.733 5.737 5.762 5.856 5.949 5.949 6.137 6.230 6.324 6.418 6.511 6.547 6.509 6.472 6.435 6.397 6.360 6.323 6.285 6.248 6.210 6.210 6.173 6.159 6.144 6.163 6.182 6.201 6.220 6.253 6.327
3.185 3.248 3.373 3.373 3.436 3.502 3.570 3.638 3.706 3.772 3.812 3.858 3.904 3.950 3.996 4.042 4.089 4.135 4.227 4.227 4.273 4.379 4.448 4.500 4.553 4.605 4.658 4.711 4.763 4.816 4.870 4.933 4.995 5.062 5.166 5.166 5.217 5.269 5.320 5.371 5.422 5.474 5.525 5.576 5.625 5.629 5.632 5.636 5.723 5.817 5.910 5.910 6.098 6.191 6.285 6.379 6.473 6.548 6.510 6.473 6.435 6.398 6.361 6.323 6.286 6.249 6.228 6.228 6.200 6.186 6.171 6.184 6.203 6.222 6.241 6.260 6.279
3.104 3.171 3.307 3.307 3.374 3.442 3.510 3.578 3.645 3.695 3.728 3.772 3.818 3.864 3.910 3.956 4.002 4.048 4.140 4.140 4.217 4.333 4.431 4.483 4.536 4.589 4.641 4.694 4.746 4.799 4.851 4.904 4.957 4.968 5.053 5.053 5.095 5.145 5.197 5.248 5.299 5.350 5.402 5.453 5.505 5.528 5.531 5.590 5.684 5.778 5.872 5.872 6.059 6.153 6.246 6.340 6.434 6.527 6.511 6.474 6.436 6.399 6.361 6.324 6.287 6.269 6.255 6.255 6.227 6.213 6.198 6.205 6.224 6.243 6.262 6.281 6.300
3.043 3.111 3.246 3.246 3.314 3.382 3.450 3.517 3.584 3.618 3.651 3.686 3.732 3.778 3.824 3.870 3.916 3.962 4.056 4.055 4.171 4.286 4.401 4.467 4.519 4.572 4.624 4.677 4.730 4.782 4.835 4.887 4.911 4.907 4.977 4.977 5.020 5.062 5.104 5.147 5.189 5.231 5.279 5.330 5.381 5.427 5.458 5.552 5.645 5.739 5.833 5.833 6.020 6.114 6.208 6.301 6.395 6.489 6.512 6.474 6.437 6.399 6.362 6.325 6.310 6.296 6.282 6.282 6.254 6.240 6.225 6.226 6.245 6.264 6.283 6.302 6.321
3.043 3.111 3.246 3.246 3.314 3.382 3.450 3.517 3.584 3.617 3.651 3.686 3.732 3.778 3.824 3.870 3.916 3.962 4.055 4.055 4.171 4.286 4.401 4.467 4.519 4.572 4.624 4.677 4.730 4.782 4.835 4.887 4.911 4.907 4.977 4.977 5.020 5.062 5.104 5.147 5.189 5.231 5.279 5.330 5.381 5.427 5.458 5.552 5.645 5.739 5.833 5.833 6.020 6.114 6.208 6.301 6.395 6.489 6.512 6.474 6.437 6.399 6.362 6.325 6.310 6.296 6.282 6.282 6.254 6.240 6.225 6.226 6.245 6.264 6.283 6.301 6.320
2.996 3.051 3.186 3.186 3.254 3.322 3.390 3.457 3.507 3.540 3.573 3.606 3.646 3.692 3.738 3.784 3.830 3.876 4.009 4.009 4.124 4.240 4.355 4.450 4.502 4.555 4.608 4.660 4.713 4.765 4.818 4.854 4.851 4.847 4.901 4.901 4.944 4.986 5.028 5.071 5.113 5.155 5.198 5.240 5.283 5.325 5.413 5.513 5.606 5.700 5.794 5.794 5.981 6.075 6.169 6.262 6.356 6.450 6.512 6.475 6.437 6.400 6.366 6.352 6.337 6.323 6.309 6.309 6.281 6.267 6.252 6.247 6.266 6.285 6.303 6.322 6.341
2.958 2.991 3.126 3.126 3.194 3.262 3.329 3.397 3.430 3.463 3.496 3.529 3.562 3.606 3.651 3.697 3.743 3.790 3.962 3.963 4.078 4.193 4.308 4.424 4.486 4.538 4.591 4.643 4.696 4.749 4.798 4.794 4.791 4.787 4.825 4.825 4.868 4.910 4.952 4.995 5.037 5.080 5.122 5.164 5.207 5.249 5.319 5.426 5.533 5.639 5.746 5.746 5.943 6.036 6.130 6.224 6.317 6.411 6.505 6.476 6.438 6.407 6.393 6.378 6.364 6.350 6.336 6.336 6.308 6.293 6.279 6.268 6.287 6.305 6.324 6.343 6.362
2.880 2.908 3.006 3.006 3.074 3.141 3.209 3.242 3.275 3.308 3.341 3.374 3.407 3.440 3.479 3.525 3.571 3.639 3.869 3.870 3.985 4.100 4.216 4.331 4.446 4.505 4.557 4.610 4.663 4.681 4.678 4.674 4.670 4.667 4.673 4.674 4.716 4.758 4.801 4.843 4.885 4.928 4.970 5.013 5.055 5.098 5.141 5.237 5.344 5.451 5.558 5.557 5.771 5.878 5.984 6.091 6.198 6.304 6.411 6.487 6.475 6.461 6.447 6.432 6.418 6.404 6.390 6.390 6.361 6.347 6.333 6.319 6.328 6.347 6.366 6.385 6.404
2.841 2.869 2.945 2.946 3.013 3.081 3.131 3.165 3.198 3.231 3.264 3.297 3.330 3.363 3.396 3.439 3.485 3.592 3.823 3.823 3.938 4.054 4.169 4.285 4.400 4.488 4.541 4.593 4.625 4.621 4.618 4.614 4.610 4.607 4.599 4.599 4.640 4.682 4.725 4.767 4.809 4.852 4.894 4.937 4.980 5.022 5.065 5.143 5.250 5.357 5.463 5.463 5.677 5.783 5.890 5.997 6.103 6.210 6.291 6.344 6.387 6.429 6.471 6.459 6.445 6.431 6.417 6.417 6.388 6.374 6.360 6.346 6.349 6.368 6.387 6.406 6.396
2.803 2.831 2.887 2.887 2.953 3.021 3.054 3.087 3.120 3.153 3.186 3.219 3.252 3.286 3.319 3.353 3.431 3.546 3.777 3.777 3.892 4.007 4.123 4.238 4.353 4.469 4.524 4.568 4.565 4.561 4.557 4.554 4.550 4.546 4.539 4.539 4.564 4.606 4.649 4.691 4.734 4.776 4.819 4.861 4.904 4.947 4.989 5.049 5.155 5.262 5.369 5.369 5.582 5.689 5.796 5.902 6.009 6.092 6.146 6.200 6.244 6.286 6.329 6.371 6.413 6.455 6.444 6.444 6.415 6.401 6.387 6.373 6.370 6.389 6.408 6.396 6.357
