includes/camargue/floodfiles/results_R3_t1.562344836599E12/res-0003.wd
ncols         906
nrows         631
xllcorner     362177.146667
yllcorner     6534725.688020
cellsize      20.000000
NODATA_value  -9999.000000
[rows 408 to 441 of 631, columns 231 to 307 of 906]
1.222 1.131 1.860 1.860 0.865 0.814 1.580 2.129 2.169 2.159 1.283 0.000 1.339 2.033 2.031 2.077 0.286 0.758 0.714 0.710 1.404 0.959 1.254 1.570 1.256 1.292 1.851 1.630 0.680 0.587 2.540 0.046 0.000 1.947 1.805 1.803 2.192 0.827 1.755 0.643 0.447 1.645 1.534 0.482 0.000 1.294 1.194 0.000 1.401 0.238 0.000 0.000 0.038 0.196 0.748 0.000 0.000 0.000 0.000 0.000 0.000 0.000 0.000 0.000 0.000 0.000 0.000 0.000 0.000 0.000 0.000 0.000 0.000 0.000 0.000 0.000 0.000
1.395 1.665 1.004 1.003 0.571 0.829 0.797 0.264 1.502 2.250 2.170 2.130 0.820 0.000 1.368 2.077 2.041 2.148 0.942 0.936 1.536 0.723 1.329 1.197 0.691 0.973 0.792 1.582 0.727 2.546 0.033 0.121 0.554 2.489 0.000 0.000 1.363 1.222 0.637 1.155 0.553 0.864 1.678 1.306 1.262 1.342 0.988 0.114 1.184 0.860 1.153 1.147 0.078 1.303 0.000 0.000 0.045 0.000 0.000 0.000 0.000 0.000 0.000 0.000 0.000 0.000 0.000 0.000 0.000 0.000 0.000 0.000 0.000 0.000 0.000 0.000 0.000
1.319 1.809 0.759 0.758 1.138 1.157 0.663 1.451 2.049 0.925 1.033 2.142 2.161 2.191 1.280 0.000 1.840 2.088 1.705 1.703 0.432 1.587 1.395 1.474 0.582 0.000 0.000 2.520 2.539 0.000 2.133 1.753 0.671 0.000 1.259 1.256 1.394 1.069 1.788 1.282 0.390 0.675 0.985 1.211 1.235 1.189 0.368 0.352 0.752 1.099 0.805 0.790 0.748 1.076 1.080 0.278 0.356 0.000 0.000 0.000 0.000 0.000 0.000 0.000 0.000 0.000 0.000 0.000 0.000 0.000 0.000 0.000 0.000 0.000 0.000 0.000 0.000
1.323 1.813 0.763 0.762 1.141 1.160 0.667 1.453 2.050 0.929 1.037 2.143 2.162 2.192 1.290 0.000 1.841 2.088 1.705 1.703 0.435 1.590 1.398 1.477 0.586 0.000 0.000 2.521 2.540 0.000 2.134 1.753 0.682 0.000 1.262 1.259 1.403 1.078 1.792 1.288 0.403 0.690 0.994 1.219 1.238 1.191 0.354 0.355 0.776 1.105 0.808 0.790 0.751 1.083 1.081 0.260 0.354 0.000 0.000 0.000 0.000 0.021 0.000 0.000 0.000 0.000 0.000 0.000 0.000 0.000 0.000 0.000 0.000 0.000 0.000 0.000 0.000
1.769 1.929 2.120 2.120 0.827 1.625 1.244 2.018 0.887 1.066 2.084 1.441 0.868 2.183 2.193 2.212 0.888 0.000 1.705 1.703 1.528 1.715 0.972 1.082 0.429 0.203 2.502 2.519 0.113 0.711 0.681 0.000 1.739 1.518 0.839 0.811 1.322 1.140 1.302 0.966 0.656 0.773 0.749 1.479 0.507 0.000 1.240 1.153 1.101 0.476 0.290 0.264 1.067 0.634 0.000 0.675 1.738 1.531 0.000 0.000 0.265 0.174 0.047 0.001 0.000 0.000 0.000 0.000 0.000 0.000 0.000 0.000 0.000 0.000 0.000 0.000 0.000
1.871 1.872 1.931 1.931 1.991 1.300 1.199 0.856 1.152 1.252 1.490 1.466 1.665 0.971 0.907 2.343 1.843 2.042 0.265 0.248 1.608 1.717 0.000 1.119 0.245 0.787 2.500 0.000 0.812 0.000 2.014 1.561 0.867 1.425 0.597 0.575 0.685 1.230 0.922 0.903 0.532 0.757 1.399 1.121 0.332 0.836 1.233 1.196 1.159 1.244 1.243 1.237 0.455 0.000 0.710 0.433 0.000 1.988 1.877 0.000 0.327 0.028 0.002 0.000 0.000 0.000 0.000 0.000 0.000 0.000 0.000 0.000 0.000 0.000 0.000 0.000 0.000
0.677 1.976 1.686 1.686 0.695 1.875 1.875 1.926 0.502 2.031 1.970 0.894 1.019 1.376 1.583 1.297 1.685 0.972 2.040 2.040 0.180 0.443 3.052 1.198 2.487 1.340 0.890 1.997 1.662 1.635 1.349 0.674 1.663 1.932 1.954 1.945 1.424 1.559 1.183 0.940 0.103 2.546 2.550 2.547 2.181 0.869 1.585 2.338 2.356 1.992 0.000 0.000 1.249 1.258 0.123 0.462 2.361 0.234 0.000 0.000 0.540 0.009 0.000 0.000 0.000 0.000 0.000 0.000 0.000 0.000 0.000 0.000 0.000 0.000 0.000 0.000 0.000
1.020 1.850 1.781 1.781 1.251 0.640 2.108 2.088 2.058 2.085 1.983 1.553 0.916 1.250 1.787 0.503 1.218 0.000 0.752 0.752 0.177 0.397 1.185 2.468 1.619 0.734 1.126 1.492 0.686 1.005 1.851 1.789 1.862 1.866 1.866 1.861 0.000 0.229 0.917 0.228 1.706 2.561 0.069 0.000 0.157 0.745 0.687 0.603 0.000 1.923 0.663 0.662 0.708 0.588 0.000 1.418 0.136 0.502 0.000 0.541 0.499 0.090 0.392 0.000 0.000 0.000 0.000 0.000 0.000 0.000 0.000 0.000 0.000 0.000 0.000 0.000 0.000
0.469 1.327 1.687 1.687 1.076 0.956 1.502 1.921 2.020 1.950 0.829 1.437 1.143 1.676 0.715 0.854 0.720 0.145 0.895 0.894 0.396 1.175 2.460 0.836 1.921 1.719 1.401 1.665 1.662 1.954 1.837 1.910 2.041 0.754 0.174 0.177 0.706 0.591 0.736 2.632 2.643 0.408 0.746 0.788 1.058 0.105 0.672 0.704 0.162 0.136 2.371 2.371 0.614 0.748 0.303 2.511 2.808 0.000 0.644 0.644 0.551 0.140 0.352 0.000 0.000 0.000 0.000 0.000 0.000 0.000 0.000 0.000 0.000 0.000 0.000 0.000 0.000
1.221 1.406 1.605 1.604 1.033 1.091 1.258 2.027 1.047 1.876 0.937 1.967 1.002 0.378 1.045 0.968 0.954 0.691 3.248 3.247 3.297 2.493 0.261 1.907 1.824 1.741 1.753 1.757 1.735 1.941 1.299 0.000 0.914 0.461 0.257 0.258 2.654 2.665 2.678 1.571 0.571 0.668 0.761 0.971 1.200 1.080 0.014 0.451 0.808 0.169 2.371 2.371 0.134 0.413 0.877 2.512 0.000 0.957 0.656 0.619 0.627 0.415 0.376 0.150 0.015 0.000 0.000 0.000 0.000 0.000 0.000 0.000 0.000 0.000 0.000 0.000 0.000
1.355 1.294 1.502 1.502 1.421 1.129 1.553 1.892 1.112 1.722 1.462 2.255 0.583 1.171 1.187 0.490 0.243 3.358 0.509 0.505 2.477 0.000 1.479 1.949 1.689 1.490 0.519 0.213 1.503 1.441 1.489 2.028 0.251 0.679 2.652 2.650 2.660 0.287 1.748 0.000 1.522 1.381 1.238 1.425 1.423 1.411 0.786 0.057 1.018 0.527 0.000 0.000 2.572 1.698 2.600 0.202 1.098 0.486 0.680 0.689 0.486 0.000 0.000 0.156 0.037 0.000 0.000 0.000 0.000 0.000 0.000 0.000 0.000 0.000 0.000 0.000 0.000
1.472 1.232 1.430 1.429 1.399 1.459 0.845 1.070 1.768 1.947 0.172 2.955 0.925 0.902 1.102 1.715 2.671 1.280 3.285 3.284 1.927 0.000 0.206 0.542 1.098 1.597 1.526 2.548 2.555 2.562 2.575 2.590 2.603 2.617 2.650 2.648 0.964 1.422 1.376 0.215 0.981 1.099 1.013 1.009 0.955 1.121 1.432 1.365 0.241 0.945 0.815 0.783 2.386 0.907 0.000 0.810 0.827 0.848 0.711 0.638 0.424 0.536 0.277 0.314 0.000 0.000 0.000 0.000 0.000 0.000 0.000 0.000 0.000 0.000 0.000 0.000 0.000
1.697 1.268 0.989 0.989 1.038 1.077 0.932 1.996 1.346 0.695 1.060 2.711 1.069 1.352 0.727 0.577 0.676 1.291 2.464 2.464 0.200 0.124 0.914 0.854 2.129 2.521 2.535 2.462 1.391 0.000 1.196 0.411 0.229 0.399 1.398 1.396 1.203 0.481 0.305 0.870 1.185 1.132 0.714 1.463 1.439 1.563 1.303 1.481 1.582 1.232 0.881 0.850 1.245 0.000 1.264 0.675 1.032 0.979 0.383 0.558 0.535 0.402 0.003 0.141 0.000 0.000 0.000 0.000 0.000 0.000 0.000 0.000 0.000 0.000 0.000 0.000 0.000
1.105 1.034 1.065 1.064 1.324 1.208 1.579 0.000 0.571 1.479 1.569 1.058 2.400 1.349 1.081 1.601 0.417 0.773 2.460 2.459 2.477 2.494 2.508 2.518 2.526 0.924 0.000 1.837 1.707 1.668 0.525 1.292 1.231 0.706 1.298 1.297 0.517 0.707 0.805 1.285 0.813 1.083 1.017 1.023 1.452 1.385 1.083 1.312 1.002 1.145 1.246 1.232 0.015 0.827 0.583 0.739 0.891 0.924 0.371 0.080 0.000 0.496 0.620 0.575 0.000 0.002 0.000 0.000 0.000 0.000 0.000 0.013 0.000 0.000 0.000 0.159 0.000
1.891 0.992 1.033 1.033 1.353 0.405 0.949 0.912 0.826 0.599 1.282 2.380 1.549 2.541 1.901 1.350 1.711 0.737 2.296 2.296 0.087 1.309 1.188 0.905 0.232 1.351 1.417 1.791 1.693 1.531 0.999 0.940 0.865 0.988 0.861 0.855 0.592 1.160 1.025 1.057 1.228 1.008 1.151 0.827 1.179 1.031 1.413 1.432 1.014 1.453 0.506 0.469 1.100 0.742 0.716 0.875 0.732 0.569 0.437 0.769 0.515 0.000 0.623 0.523 0.514 0.848 0.000 0.000 0.000 0.000 0.032 0.048 0.000 0.000 0.000 0.087 0.000
1.151 1.141 1.472 1.471 1.571 0.683 1.803 1.018 0.914 0.765 1.104 0.661 1.090 1.528 1.879 0.889 1.839 2.068 0.115 0.100 2.220 2.114 1.658 1.963 2.022 1.735 1.863 2.033 0.751 0.387 1.094 0.556 1.252 1.199 0.698 0.689 1.242 1.269 1.175 1.239 0.959 1.138 1.142 1.175 0.899 1.263 0.649 0.703 1.226 0.514 0.000 0.000 1.042 0.826 0.951 0.500 0.599 0.312 0.774 0.000 0.779 0.862 0.823 0.038 0.000 0.791 0.000 0.000 0.000 0.016 0.058 0.069 0.376 0.000 0.285 0.765 0.515
1.211 1.195 1.845 1.844 1.584 1.714 1.633 0.892 1.511 1.570 0.757 1.782 0.723 0.533 3.520 1.132 1.639 1.220 0.068 0.049 2.057 1.423 1.805 1.842 0.590 1.610 1.147 0.378 1.515 1.504 2.149 2.018 0.754 0.847 0.626 0.616 0.766 1.219 1.154 1.235 1.221 0.922 1.304 1.075 1.206 0.693 0.233 1.164 0.182 0.000 0.555 0.542 0.765 0.749 1.056 0.000 0.788 0.000 0.514 0.346 0.000 0.000 0.023 0.088 0.000 0.781 0.000 0.000 0.002 0.015 0.048 0.194 0.442 0.149 0.000 0.320 0.232
1.341 0.470 1.589 1.588 1.156 1.363 2.063 1.622 1.388 1.946 1.735 0.958 1.265 0.797 1.169 2.649 0.792 2.801 0.147 0.133 2.051 1.997 1.279 1.342 1.814 1.195 1.144 1.845 1.880 1.916 1.951 1.868 1.775 1.843 1.143 1.134 1.253 1.374 1.218 0.859 1.001 0.954 1.316 1.136 0.376 1.237 1.226 0.000 0.000 0.402 1.239 1.237 0.997 0.109 0.962 0.993 0.266 0.000 0.895 0.104 0.126 0.161 0.387 0.634 0.000 1.069 0.000 0.000 0.000 0.000 0.013 0.499 0.139 0.191 0.296 0.366 0.000
0.712 1.182 1.636 1.634 1.110 1.084 1.979 1.517 1.664 1.500 3.137 3.626 2.460 2.474 2.487 2.499 2.979 2.528 2.480 2.474 2.024 1.124 1.271 2.116 1.120 1.792 1.209 1.717 1.922 1.678 1.413 2.059 1.966 1.954 1.155 1.147 1.139 1.341 1.358 0.969 1.231 1.427 1.445 0.004 1.217 1.235 0.000 0.000 0.600 0.644 0.143 0.116 1.501 1.683 0.203 1.017 1.027 0.569 0.781 0.612 0.692 0.619 0.286 0.158 0.790 0.909 0.624 0.627 0.000 0.000 0.000 0.076 0.095 0.425 0.295 0.426 0.000
0.721 1.192 1.650 1.649 1.124 1.096 1.986 1.524 1.669 1.504 3.138 3.626 2.461 2.475 2.488 2.502 2.980 2.529 2.480 2.475 2.032 1.134 1.279 2.121 1.127 1.794 1.213 1.720 1.924 1.680 1.414 2.059 1.967 1.955 1.158 1.151 1.144 1.347 1.364 0.976 1.238 1.430 1.450 0.013 1.221 1.238 0.000 0.000 0.606 0.655 0.175 0.151 1.509 1.688 0.250 1.020 1.029 0.573 0.787 0.617 0.697 0.625 0.305 0.175 0.799 0.923 0.629 0.629 0.000 0.000 0.000 0.108 0.131 0.442 0.308 0.441 0.000
0.587 3.327 1.717 1.713 1.992 1.148 1.745 1.773 1.456 2.417 2.430 2.444 3.543 2.472 2.486 2.499 2.512 2.526 2.491 2.487 1.505 1.220 1.906 2.047 2.112 0.697 1.967 1.935 1.446 1.511 1.675 1.870 2.068 2.005 1.510 1.506 1.208 1.293 1.720 0.965 1.389 0.000 1.208 1.328 1.155 0.145 0.355 0.747 0.878 1.476 1.181 1.166 1.152 0.912 1.011 0.142 0.579 0.436 0.087 0.331 0.549 0.529 0.178 0.140 1.164 0.973 0.582 0.581 0.513 0.000 0.962 0.000 0.800 0.801 0.031 0.420 0.961
2.169 3.692 1.439 1.435 1.771 1.061 1.469 1.882 2.406 2.419 1.872 1.729 1.043 1.466 1.501 2.282 1.543 1.438 1.663 1.659 1.357 1.894 1.795 1.695 2.092 1.867 1.776 0.000 1.716 1.623 1.428 1.263 2.108 2.016 1.591 1.587 1.231 1.817 1.644 1.683 0.977 1.344 1.389 1.218 0.162 0.711 1.285 0.645 1.471 1.419 1.185 1.181 0.173 0.486 0.423 0.226 0.154 0.389 0.536 0.323 0.361 0.460 1.065 0.000 1.016 0.042 0.321 0.322 0.000 0.462 0.712 0.782 0.083 0.592 0.825 0.683 0.690
1.894 1.856 1.902 1.898 3.581 2.385 2.393 2.403 1.600 1.595 1.889 1.667 1.544 2.228 1.543 1.528 0.710 1.739 3.246 3.245 1.539 1.569 2.313 2.075 1.276 2.007 2.017 1.756 1.279 1.146 1.659 1.595 1.651 1.467 1.332 1.328 1.603 1.599 1.816 1.565 0.951 0.968 0.985 1.573 1.512 1.270 0.510 1.556 0.504 1.415 0.895 0.894 1.916 0.986 0.633 0.753 0.082 0.387 0.656 0.686 0.174 0.320 1.030 0.000 1.164 0.000 0.000 0.000 0.007 0.000 0.192 0.503 0.784 0.631 0.880 0.729 0.798
1.942 1.994 2.365 2.361 2.371 2.385 1.735 1.551 0.567 2.743 1.439 1.645 1.381 1.756 2.163 1.538 0.375 2.153 1.722 1.722 0.390 2.643 2.730 1.551 1.132 1.074 0.860 1.525 1.615 0.693 1.460 1.577 1.543 1.699 1.373 1.369 1.356 1.353 0.870 1.178 1.215 0.982 1.060 1.108 0.987 0.512 1.512 1.309 1.375 0.947 1.403 1.401 1.710 0.140 1.109 1.009 0.141 0.320 0.555 0.936 0.563 0.343 0.635 0.704 1.058 0.000 0.072 0.072 0.015 1.273 0.002 0.207 0.877 1.107 1.066 0.684 1.293
2.325 2.333 3.614 3.612 1.764 1.827 3.050 2.318 1.581 1.589 1.432 1.436 1.451 1.744 1.692 0.978 1.806 1.086 2.208 2.207 1.875 1.840 1.853 1.113 0.979 1.135 1.224 0.660 1.336 1.489 1.227 1.869 1.485 1.310 1.224 1.221 1.228 1.236 1.245 1.663 0.869 1.126 1.224 1.662 1.710 1.458 0.809 1.045 0.561 0.956 0.794 0.792 0.941 0.000 0.894 1.032 0.528 0.487 0.551 0.579 0.828 0.000 0.432 1.364 0.685 0.000 0.333 0.333 0.000 0.573 0.674 1.192 1.061 0.861 1.020 1.299 1.246
2.322 2.332 2.399 2.396 1.770 1.715 1.447 1.881 1.495 1.567 1.641 1.816 2.522 1.544 1.627 1.974 2.080 1.746 1.102 1.094 1.814 1.650 1.534 1.632 0.642 1.055 1.264 0.965 0.753 1.521 1.281 1.562 1.527 1.641 1.255 1.251 1.419 1.508 1.517 1.615 1.003 1.050 1.558 1.405 1.801 1.468 1.243 1.529 1.357 1.336 1.124 1.123 0.791 0.000 1.005 0.964 0.000 0.737 0.926 0.145 0.568 0.428 0.566 1.293 0.715 0.523 0.707 0.706 0.000 0.255 0.797 0.280 0.508 1.007 1.105 1.283 1.219
1.817 1.670 2.752 2.750 1.806 1.771 1.443 2.325 1.660 1.674 1.648 1.743 1.857 1.762 1.811 1.806 2.143 2.080 2.186 2.182 2.257 0.813 1.120 1.071 1.605 0.210 1.052 0.916 1.071 1.165 0.824 1.326 1.053 0.547 1.204 1.202 1.370 1.550 1.769 1.237 1.886 1.685 1.751 1.929 1.164 0.819 1.003 1.120 1.668 1.968 1.887 1.887 1.126 1.454 1.036 1.014 0.000 0.423 0.659 0.229 1.049 0.526 0.000 1.332 0.043 0.521 0.000 0.000 0.000 0.000 0.336 1.167 0.415 1.145 1.212 1.270 0.964
1.964 1.768 1.791 1.787 1.751 1.776 1.467 1.720 1.605 1.750 1.795 1.790 1.775 1.872 0.620 1.091 2.027 2.204 2.029 2.025 2.213 2.163 0.381 1.723 1.733 1.815 0.000 1.207 1.297 1.206 1.045 0.530 1.098 0.908 0.045 0.034 1.741 1.761 1.771 0.960 1.579 1.508 1.266 1.274 0.588 0.602 0.606 0.852 1.550 1.489 1.558 1.558 1.287 1.606 0.919 1.077 0.370 0.661 0.626 0.000 1.130 0.153 0.002 1.430 0.000 0.512 0.000 0.000 1.115 0.306 0.765 1.110 1.518 1.208 0.982 1.297 0.731
1.731 1.715 1.729 1.725 1.529 1.683 1.313 1.794 1.750 1.846 1.832 1.967 1.821 1.766 1.948 2.181 2.245 2.059 1.484 1.481 1.029 2.096 1.955 0.605 1.768 1.678 1.068 0.196 1.157 1.157 1.107 0.908 0.000 0.933 0.832 0.830 0.402 1.683 1.713 1.734 1.723 1.682 2.021 1.658 1.582 1.625 1.549 1.614 1.501 1.540 1.530 1.530 1.073 1.093 0.762 0.968 1.005 1.159 1.056 0.137 1.159 0.805 1.228 1.397 0.000 0.244 0.000 0.000 0.975 0.093 1.232 0.470 1.283 1.004 1.120 1.146 0.799
1.798 1.662 1.716 1.712 1.738 1.503 1.081 2.147 1.895 1.891 1.888 1.843 1.955 1.722 0.885 2.093 2.231 1.117 1.083 1.080 1.254 1.442 0.879 1.622 1.156 1.561 1.580 1.610 0.486 0.833 1.081 1.298 1.106 0.605 0.431 0.420 0.906 0.540 1.757 1.807 1.786 1.766 1.745 1.164 0.683 0.260 0.039 0.000 0.368 0.208 0.318 0.318 1.490 1.650 0.000 1.039 1.067 1.042 0.848 0.083 1.233 1.123 0.251 1.524 0.000 0.743 0.000 0.000 0.738 1.336 1.025 1.373 0.981 0.576 1.296 1.352 0.000
2.892 1.870 1.466 1.461 1.656 1.832 1.331 1.229 1.850 1.937 2.045 1.974 0.687 1.498 1.256 1.584 1.668 1.346 1.762 1.760 0.764 1.408 1.456 1.146 1.412 0.707 1.392 1.621 0.820 1.208 0.528 1.262 1.147 0.861 0.174 0.159 1.026 1.483 1.861 1.810 1.770 1.719 1.699 1.699 1.239 1.570 1.639 1.558 1.717 1.765 1.703 1.701 1.517 1.696 0.013 1.025 1.163 0.973 1.089 0.764 1.040 1.187 0.000 0.927 0.012 0.838 0.488 0.478 0.541 1.034 0.666 1.548 1.332 1.390 0.884 0.000 1.180
3.053 2.923 1.822 1.820 1.656 1.599 1.248 1.338 1.620 1.416 1.872 1.961 1.741 1.204 1.850 1.390 0.865 1.120 0.915 0.910 1.474 1.468 1.351 0.505 0.978 1.273 1.287 1.573 1.490 1.416 1.455 0.508 0.004 1.091 1.151 1.149 0.548 1.735 1.754 1.733 1.693 1.682 1.762 1.702 0.921 1.670 1.470 1.399 1.537 1.685 1.584 1.582 1.649 1.728 0.403 1.028 1.117 0.000 1.060 0.653 0.598 1.232 0.000 1.449 0.085 1.124 1.103 1.101 0.417 1.131 1.399 1.391 0.643 1.227 0.439 1.174 1.722
3.184 3.024 2.404 2.403 1.902 1.637 1.313 1.375 1.569 1.415 1.471 1.738 1.676 1.865 1.752 0.836 1.622 1.617 0.888 0.882 1.342 1.407 0.120 1.156 1.189 1.229 0.924 1.227 1.592 1.510 1.558 1.538 0.736 0.004 0.859 0.855 0.584 1.079 1.597 1.656 1.666 1.755 1.725 1.814 1.724 0.794 1.503 0.842 0.840 1.196 1.445 1.444 1.071 1.729 1.728 1.211 1.267 0.000 0.952 1.070 0.255 1.173 0.802 0.876 0.194 1.439 0.947 0.943 0.697 1.061 1.367 0.852 1.011 1.115 1.372 0.473 3.117
3.065 3.075 3.015 3.015 2.444 2.113 0.693 1.341 1.586 1.634 1.520 1.467 1.535 1.552 1.660 1.619 1.514 1.082 1.648 1.647 1.240 0.705 1.393 1.498 1.390 0.569 1.431 1.326 0.959 1.542 1.400 1.508 1.085 0.798 0.753 0.745 0.000 1.112 1.242 1.389 1.748 1.738 1.748 1.427 1.436 1.078 1.318 1.478 1.488 0.582 1.227 1.226 1.274 1.751 1.449 1.185 0.958 0.996 1.301 0.788 0.000 1.165 1.185 1.084 0.117 1.328 1.251 1.248 1.448 0.557 1.026 0.932 0.738 1.470 0.000 3.199 2.873
