includes/camargue/floodfiles/results_R3_t1.562344836599E12/res-0014.wd
ncols         906
nrows         631
xllcorner     362177.146667
yllcorner     6534725.688020
cellsize      20.000000
NODATA_value  -9999.000000
[rows 544 to 577 of 631, columns 693 to 769 of 906]
9.699 9.835 9.971 10.107 10.243 10.396 10.552 10.707 10.707 11.017 10.947 10.835 10.722 10.609 10.497 10.384 10.271 10.159 10.056 9.992 9.927 9.862 9.789 9.704 9.704 9.535 9.450 9.366 9.281 9.196 9.112 9.020 8.887 8.753 8.619 8.579 8.573 8.568 8.563 8.558 8.558 8.547 8.542 8.537 8.527 8.508 8.488 8.468 8.495 8.533 8.571 8.610 8.648 8.686 8.724 8.762 8.873 8.873 8.958 9.042 9.126 9.183 9.240 9.297 9.354 9.411 9.468 9.524 9.581 9.605 9.622 9.640 9.662 9.661 9.669 9.677 9.685
9.748 9.884 10.020 10.156 10.292 10.432 10.587 10.743 10.743 10.959 10.846 10.733 10.621 10.508 10.395 10.283 10.170 10.057 9.945 9.861 9.796 9.731 9.647 9.562 9.562 9.393 9.308 9.224 9.139 9.054 8.970 8.885 8.772 8.638 8.549 8.544 8.538 8.533 8.528 8.523 8.523 8.512 8.507 8.502 8.496 8.480 8.460 8.467 8.505 8.544 8.582 8.620 8.658 8.696 8.734 8.773 8.862 8.862 8.946 9.030 9.096 9.153 9.210 9.267 9.323 9.380 9.437 9.494 9.551 9.593 9.611 9.628 9.645 9.645 9.653 9.661 9.669
9.798 9.934 10.070 10.206 10.342 10.478 10.623 10.778 10.778 10.857 10.745 10.632 10.520 10.407 10.294 10.182 10.069 9.956 9.844 9.731 9.665 9.589 9.504 9.420 9.420 9.251 9.166 9.081 8.997 8.912 8.827 8.743 8.658 8.524 8.514 8.508 8.503 8.498 8.493 8.487 8.487 8.477 8.472 8.466 8.461 8.452 8.439 8.478 8.516 8.554 8.592 8.630 8.669 8.707 8.745 8.783 8.859 8.859 8.934 9.009 9.066 9.123 9.179 9.236 9.293 9.350 9.407 9.463 9.520 9.577 9.599 9.612 9.628 9.628 9.636 9.644 9.652
9.847 9.983 10.119 10.255 10.391 10.527 10.663 10.814 10.814 10.756 10.644 10.531 10.418 10.306 10.193 10.080 9.968 9.855 9.742 9.630 9.531 9.447 9.362 9.278 9.278 9.108 9.024 8.939 8.855 8.774 8.694 8.613 8.532 8.494 8.489 8.483 8.477 8.471 8.465 8.459 8.459 8.448 8.442 8.436 8.430 8.424 8.450 8.488 8.526 8.564 8.602 8.641 8.679 8.717 8.755 8.793 8.870 8.870 8.922 8.978 9.035 9.092 9.149 9.206 9.263 9.319 9.376 9.433 9.490 9.547 9.587 9.595 9.610 9.610 9.616 9.622 9.628
9.897 10.033 10.169 10.305 10.441 10.577 10.713 10.850 10.850 10.655 10.549 10.444 10.339 10.234 10.128 10.023 9.918 9.812 9.707 9.602 9.522 9.444 9.363 9.283 9.283 9.121 9.041 8.960 8.879 8.799 8.718 8.637 8.570 8.560 8.554 8.548 8.542 8.536 8.530 8.524 8.524 8.513 8.507 8.501 8.495 8.491 8.498 8.535 8.572 8.610 8.647 8.684 8.722 8.759 8.796 8.834 8.909 8.909 8.908 8.949 9.006 9.062 9.119 9.176 9.233 9.290 9.346 9.403 9.460 9.517 9.556 9.566 9.579 9.578 9.584 9.590 9.597
9.946 10.082 10.215 10.345 10.476 10.606 10.737 10.815 10.815 10.651 10.546 10.441 10.335 10.230 10.125 10.020 9.914 9.809 9.704 9.606 9.538 9.468 9.387 9.307 9.307 9.146 9.065 8.984 8.904 8.823 8.742 8.661 8.637 8.627 8.619 8.613 8.607 8.601 8.595 8.590 8.590 8.578 8.572 8.566 8.561 8.559 8.557 8.582 8.620 8.657 8.694 8.732 8.769 8.806 8.844 8.881 8.938 8.938 8.919 8.920 8.976 9.033 9.090 9.147 9.204 9.260 9.317 9.374 9.431 9.482 9.510 9.535 9.547 9.547 9.553 9.559 9.565
9.967 10.097 10.228 10.358 10.488 10.619 10.749 10.760 10.760 10.648 10.543 10.437 10.332 10.227 10.121 10.016 9.911 9.806 9.700 9.623 9.555 9.487 9.412 9.331 9.331 9.170 9.089 9.008 8.928 8.847 8.766 8.714 8.704 8.694 8.685 8.678 8.672 8.666 8.661 8.655 8.655 8.643 8.637 8.631 8.628 8.626 8.624 8.629 8.667 8.704 8.741 8.779 8.816 8.854 8.891 8.928 8.949 8.949 8.930 8.912 8.947 9.004 9.061 9.118 9.174 9.231 9.288 9.345 9.402 9.437 9.465 9.492 9.516 9.516 9.522 9.528 9.534
9.979 10.110 10.240 10.370 10.501 10.631 10.735 10.705 10.705 10.643 10.539 10.434 10.328 10.223 10.118 10.013 9.907 9.802 9.708 9.640 9.572 9.504 9.436 9.355 9.355 9.194 9.113 9.033 8.952 8.871 8.791 8.781 8.772 8.762 8.752 8.743 8.737 8.732 8.726 8.720 8.720 8.708 8.702 8.698 8.696 8.694 8.692 8.690 8.714 8.751 8.789 8.826 8.863 8.901 8.938 8.976 8.960 8.960 8.942 8.923 8.918 8.975 9.031 9.088 9.145 9.202 9.259 9.315 9.363 9.391 9.419 9.447 9.485 9.485 9.491 9.497 9.503
9.992 10.122 10.253 10.383 10.513 10.644 10.680 10.649 10.649 10.588 10.536 10.430 10.325 10.220 10.114 10.009 9.904 9.798 9.725 9.657 9.589 9.521 9.453 9.379 9.379 9.218 9.138 9.057 8.976 8.896 8.858 8.849 8.839 8.829 8.819 8.809 8.802 8.797 8.791 8.785 8.785 8.773 8.768 8.765 8.764 8.762 8.760 8.758 8.761 8.799 8.836 8.873 8.911 8.948 8.985 9.009 8.971 8.971 8.953 8.934 8.915 8.945 9.002 9.059 9.116 9.173 9.229 9.286 9.318 9.345 9.373 9.401 9.454 9.454 9.460 9.466 9.472
10.004 10.135 10.265 10.395 10.526 10.655 10.625 10.594 10.594 10.533 10.503 10.427 10.321 10.216 10.111 10.006 9.900 9.810 9.742 9.674 9.606 9.538 9.470 9.402 9.402 9.242 9.162 9.081 9.000 8.936 8.926 8.916 8.906 8.896 8.886 8.877 8.868 8.862 8.856 8.850 8.850 8.838 8.835 8.833 8.831 8.829 8.827 8.825 8.824 8.846 8.883 8.920 8.958 8.995 9.033 9.020 8.983 8.983 8.964 8.945 8.926 8.916 8.973 9.030 9.087 9.143 9.200 9.244 9.272 9.300 9.327 9.355 9.411 9.411 9.429 9.435 9.441
10.017 10.147 10.278 10.408 10.538 10.600 10.570 10.539 10.539 10.478 10.447 10.417 10.318 10.213 10.107 10.002 9.897 9.826 9.759 9.691 9.623 9.555 9.487 9.419 9.419 9.267 9.186 9.105 9.025 9.003 8.993 8.983 8.973 8.964 8.954 8.944 8.934 8.927 8.921 8.915 8.915 8.904 8.903 8.901 8.899 8.897 8.895 8.893 8.891 8.893 8.930 8.968 9.005 9.042 9.050 9.031 8.994 8.994 8.975 8.956 8.938 8.919 8.944 9.001 9.057 9.114 9.171 9.198 9.226 9.254 9.282 9.309 9.365 9.365 9.393 9.404 9.410
10.029 10.160 10.290 10.420 10.551 10.545 10.514 10.484 10.484 10.423 10.392 10.361 10.314 10.209 10.104 9.999 9.911 9.843 9.775 9.707 9.640 9.571 9.504 9.436 9.435 9.291 9.210 9.129 9.080 9.070 9.060 9.051 9.041 9.031 9.021 9.011 9.001 8.992 8.986 8.980 8.980 8.972 8.970 8.968 8.966 8.965 8.963 8.961 8.959 8.957 8.978 9.015 9.052 9.080 9.061 9.043 9.005 9.005 8.986 8.968 8.949 8.930 8.915 8.971 9.028 9.085 9.125 9.153 9.180 9.208 9.236 9.264 9.319 9.319 9.347 9.372 9.378
10.029 10.160 10.290 10.421 10.551 10.545 10.514 10.484 10.484 10.423 10.392 10.361 10.314 10.209 10.104 9.999 9.911 9.843 9.775 9.707 9.640 9.572 9.504 9.436 9.436 9.291 9.210 9.130 9.080 9.070 9.060 9.051 9.041 9.031 9.021 9.011 9.001 8.992 8.986 8.980 8.980 8.972 8.970 8.968 8.966 8.965 8.963 8.961 8.959 8.957 8.978 9.015 9.052 9.080 9.061 9.043 9.005 9.005 8.986 8.968 8.949 8.930 8.915 8.971 9.028 9.085 9.125 9.153 9.180 9.208 9.236 9.264 9.320 9.320 9.347 9.373 9.379
10.042 10.172 10.303 10.433 10.520 10.490 10.459 10.429 10.429 10.367 10.337 10.306 10.276 10.206 10.100 9.996 9.928 9.860 9.792 9.724 9.656 9.588 9.520 9.452 9.452 9.315 9.234 9.157 9.147 9.137 9.128 9.118 9.108 9.098 9.088 9.079 9.069 9.059 9.051 9.046 9.046 9.040 9.038 9.036 9.034 9.032 9.030 9.029 9.027 9.025 9.025 9.062 9.100 9.091 9.073 9.054 9.016 9.016 8.998 8.979 8.960 8.941 8.923 8.942 8.999 9.051 9.079 9.107 9.135 9.163 9.190 9.218 9.274 9.274 9.302 9.329 9.347
10.054 10.185 10.315 10.446 10.465 10.435 10.404 10.373 10.373 10.312 10.282 10.251 10.220 10.190 10.097 10.013 9.945 9.877 9.809 9.741 9.673 9.605 9.537 9.469 9.469 9.333 9.259 9.224 9.215 9.205 9.195 9.185 9.175 9.165 9.156 9.146 9.136 9.126 9.116 9.111 9.111 9.107 9.106 9.104 9.102 9.100 9.098 9.096 9.094 9.092 9.090 9.109 9.121 9.103 9.084 9.065 9.028 9.027 9.009 8.990 8.971 8.953 8.934 8.915 8.970 9.006 9.033 9.061 9.089 9.117 9.145 9.173 9.228 9.228 9.256 9.284 9.311
10.286 10.294 10.340 10.385 10.355 10.324 10.293 10.268 10.268 10.240 10.226 10.212 10.198 10.184 10.145 10.085 10.018 9.951 9.884 9.816 9.749 9.682 9.615 9.548 9.548 9.414 9.379 9.356 9.346 9.336 9.326 9.317 9.307 9.297 9.287 9.277 9.268 9.258 9.250 9.245 9.245 9.241 9.239 9.237 9.235 9.233 9.231 9.230 9.228 9.226 9.224 9.206 9.184 9.165 9.145 9.126 9.087 9.087 9.068 9.048 9.029 9.010 8.990 8.971 8.939 8.963 8.995 9.026 9.057 9.089 9.120 9.152 9.215 9.215 9.246 9.278 9.340
10.405 10.407 10.393 10.391 10.377 10.362 10.348 10.334 10.334 10.306 10.292 10.278 10.264 10.243 10.192 10.139 10.072 10.005 9.938 9.871 9.804 9.737 9.670 9.603 9.603 9.488 9.456 9.424 9.411 9.401 9.392 9.382 9.372 9.362 9.352 9.342 9.333 9.323 9.318 9.313 9.313 9.307 9.305 9.303 9.301 9.299 9.298 9.296 9.294 9.292 9.281 9.257 9.233 9.214 9.195 9.175 9.137 9.136 9.117 9.098 9.078 9.059 9.040 9.012 8.980 8.968 9.000 9.031 9.063 9.094 9.126 9.157 9.220 9.220 9.251 9.283 9.377
10.456 10.442 10.432 10.444 10.443 10.428 10.414 10.400 10.400 10.372 10.358 10.344 10.330 10.289 10.238 10.187 10.127 10.060 9.993 9.926 9.859 9.792 9.725 9.658 9.658 9.565 9.533 9.501 9.476 9.466 9.457 9.447 9.437 9.427 9.417 9.407 9.398 9.391 9.386 9.380 9.380 9.373 9.371 9.369 9.367 9.365 9.364 9.362 9.360 9.356 9.333 9.309 9.285 9.263 9.244 9.225 9.186 9.186 9.167 9.147 9.128 9.108 9.086 9.053 9.021 8.988 9.005 9.036 9.068 9.099 9.131 9.162 9.225 9.225 9.257 9.315 9.413
10.491 10.477 10.474 10.486 10.499 10.494 10.480 10.466 10.466 10.438 10.424 10.410 10.387 10.336 10.284 10.233 10.181 10.115 10.047 9.980 9.913 9.846 9.779 9.712 9.712 9.642 9.610 9.578 9.546 9.531 9.522 9.512 9.502 9.492 9.482 9.473 9.464 9.459 9.454 9.448 9.448 9.439 9.437 9.435 9.433 9.432 9.430 9.428 9.426 9.408 9.384 9.360 9.337 9.313 9.293 9.274 9.235 9.235 9.216 9.197 9.177 9.158 9.126 9.094 9.062 9.029 9.010 9.042 9.073 9.105 9.136 9.168 9.230 9.230 9.262 9.352 9.450
10.526 10.512 10.516 10.528 10.541 10.553 10.546 10.532 10.532 10.504 10.490 10.476 10.433 10.382 10.330 10.279 10.228 10.169 10.102 10.035 9.968 9.901 9.834 9.783 9.783 9.719 9.687 9.655 9.623 9.596 9.587 9.577 9.567 9.557 9.547 9.538 9.532 9.527 9.522 9.516 9.516 9.506 9.503 9.501 9.500 9.498 9.496 9.494 9.483 9.459 9.436 9.412 9.388 9.365 9.343 9.324 9.285 9.285 9.265 9.246 9.227 9.200 9.167 9.135 9.102 9.070 9.038 9.047 9.078 9.110 9.141 9.173 9.236 9.236 9.290 9.388 9.487
10.561 10.547 10.558 10.570 10.583 10.595 10.608 10.598 10.598 10.570 10.556 10.531 10.480 10.428 10.377 10.325 10.274 10.222 10.157 10.090 10.023 9.956 9.892 9.860 9.860 9.796 9.764 9.732 9.700 9.668 9.652 9.642 9.632 9.622 9.612 9.606 9.600 9.595 9.590 9.584 9.584 9.573 9.569 9.567 9.566 9.564 9.562 9.558 9.535 9.511 9.487 9.464 9.440 9.416 9.393 9.373 9.334 9.334 9.315 9.295 9.273 9.240 9.208 9.176 9.143 9.111 9.078 9.052 9.084 9.115 9.147 9.178 9.241 9.241 9.327 9.425 9.523
10.596 10.587 10.600 10.612 10.625 10.637 10.650 10.662 10.662 10.636 10.622 10.577 10.526 10.474 10.423 10.372 10.320 10.269 10.212 10.145 10.077 10.010 9.969 9.937 9.937 9.873 9.841 9.809 9.777 9.745 9.717 9.707 9.697 9.687 9.679 9.674 9.668 9.663 9.657 9.652 9.652 9.641 9.636 9.633 9.632 9.630 9.628 9.610 9.586 9.563 9.539 9.515 9.492 9.468 9.444 9.422 9.384 9.384 9.364 9.345 9.314 9.281 9.249 9.216 9.184 9.152 9.119 9.087 9.089 9.120 9.152 9.183 9.265 9.265 9.363 9.462 9.560
10.631 10.629 10.642 10.654 10.667 10.679 10.692 10.704 10.704 10.702 10.675 10.623 10.572 10.521 10.469 10.418 10.366 10.315 10.264 10.199 10.132 10.078 10.046 10.014 10.014 9.950 9.918 9.886 9.854 9.822 9.790 9.772 9.762 9.752 9.747 9.741 9.736 9.731 9.725 9.720 9.720 9.709 9.704 9.700 9.698 9.696 9.685 9.662 9.638 9.614 9.591 9.567 9.543 9.520 9.496 9.472 9.433 9.433 9.414 9.387 9.354 9.322 9.289 9.257 9.225 9.192 9.160 9.128 9.095 9.126 9.157 9.189 9.302 9.302 9.400 9.498 9.597
10.666 10.671 10.684 10.696 10.709 10.721 10.734 10.746 10.746 10.768 10.721 10.670 10.618 10.567 10.515 10.464 10.413 10.361 10.310 10.254 10.187 10.155 10.123 10.091 10.091 10.027 9.995 9.963 9.931 9.899 9.867 9.837 9.827 9.820 9.815 9.809 9.804 9.799 9.793 9.788 9.788 9.777 9.772 9.767 9.764 9.761 9.737 9.713 9.690 9.666 9.642 9.619 9.595 9.571 9.548 9.524 9.483 9.483 9.460 9.427 9.395 9.363 9.330 9.298 9.266 9.233 9.201 9.168 9.136 9.131 9.162 9.194 9.338 9.338 9.437 9.535 9.633
10.701 10.714 10.726 10.739 10.751 10.763 10.776 10.788 10.788 10.784 10.742 10.694 10.645 10.597 10.549 10.501 10.452 10.404 10.356 10.305 10.264 10.232 10.200 10.168 10.168 10.104 10.072 10.040 10.008 9.976 9.944 9.912 9.893 9.888 9.883 9.877 9.872 9.867 9.861 9.856 9.856 9.845 9.840 9.834 9.830 9.812 9.789 9.765 9.741 9.718 9.694 9.670 9.647 9.623 9.599 9.575 9.532 9.532 9.501 9.468 9.436 9.403 9.371 9.339 9.306 9.274 9.241 9.209 9.177 9.144 9.168 9.199 9.375 9.375 9.473 9.572 9.670
10.743 10.756 10.768 10.780 10.793 10.801 10.798 10.795 10.795 10.789 10.754 10.706 10.657 10.609 10.561 10.512 10.464 10.416 10.368 10.344 10.344 10.312 10.280 10.248 10.248 10.184 10.152 10.120 10.088 10.056 10.024 9.992 9.958 9.953 9.948 9.942 9.937 9.932 9.926 9.921 9.921 9.911 9.905 9.900 9.889 9.866 9.842 9.819 9.795 9.771 9.747 9.723 9.700 9.676 9.652 9.628 9.583 9.583 9.544 9.509 9.477 9.444 9.412 9.380 9.347 9.315 9.282 9.250 9.217 9.185 9.173 9.215 9.412 9.412 9.510 9.609 9.735
10.785 10.798 10.810 10.812 10.809 10.806 10.803 10.801 10.801 10.795 10.766 10.718 10.669 10.621 10.573 10.524 10.476 10.428 10.394 10.404 10.413 10.393 10.361 10.329 10.329 10.265 10.233 10.201 10.169 10.137 10.105 10.072 10.038 10.017 10.011 10.006 10.001 9.996 9.990 9.985 9.985 9.974 9.969 9.963 9.943 9.922 9.898 9.874 9.851 9.827 9.803 9.779 9.755 9.732 9.708 9.684 9.695 9.695 9.658 9.618 9.579 9.540 9.500 9.461 9.422 9.383 9.343 9.304 9.265 9.226 9.194 9.257 9.550 9.550 9.696 9.843 9.989
10.826 10.823 10.820 10.817 10.815 10.812 10.809 10.806 10.806 10.800 10.778 10.730 10.681 10.633 10.585 10.536 10.488 10.443 10.453 10.463 10.473 10.474 10.442 10.410 10.410 10.346 10.314 10.282 10.250 10.218 10.186 10.152 10.118 10.083 10.075 10.070 10.065 10.059 10.054 10.049 10.049 10.038 10.033 10.017 9.997 9.977 9.954 9.930 9.906 9.883 9.859 9.835 9.811 9.787 9.763 9.741 9.784 9.784 9.771 9.732 9.693 9.653 9.614 9.575 9.536 9.496 9.457 9.418 9.378 9.339 9.388 9.516 9.804 9.804 9.951 10.098 10.244
10.826 10.823 10.820 10.817 10.815 10.812 10.809 10.806 10.806 10.800 10.778 10.730 10.681 10.633 10.585 10.536 10.488 10.443 10.453 10.463 10.473 10.474 10.442 10.410 10.410 10.346 10.314 10.282 10.250 10.218 10.186 10.152 10.118 10.083 10.075 10.070 10.065 10.060 10.054 10.049 10.049 10.038 10.033 10.017 9.997 9.977 9.954 9.930 9.906 9.883 9.859 9.835 9.811 9.787 9.764 9.741 9.784 9.784 9.771 9.732 9.693 9.654 9.614 9.575 9.536 9.496 9.457 9.418 9.379 9.339 9.389 9.516 9.804 9.804 9.951 10.098 10.244
10.831 10.829 10.826 10.823 10.820 10.817 10.814 10.811 10.811 10.806 10.790 10.742 10.693 10.645 10.597 10.548 10.500 10.503 10.512 10.522 10.532 10.542 10.523 10.491 10.491 10.427 10.395 10.363 10.331 10.299 10.266 10.231 10.197 10.163 10.139 10.134 10.129 10.123 10.118 10.113 10.113 10.102 10.091 10.071 10.051 10.031 10.010 9.986 9.962 9.938 9.915 9.891 9.867 9.843 9.819 9.829 9.872 9.872 9.885 9.846 9.806 9.767 9.728 9.689 9.649 9.610 9.571 9.532 9.492 9.541 9.661 9.788 10.059 10.059 10.206 10.352 10.499
10.827 10.830 10.831 10.828 10.826 10.823 10.820 10.817 10.817 10.811 10.802 10.753 10.705 10.657 10.609 10.560 10.552 10.562 10.572 10.582 10.592 10.601 10.604 10.572 10.572 10.508 10.476 10.444 10.412 10.379 10.345 10.311 10.277 10.242 10.208 10.198 10.193 10.187 10.182 10.177 10.177 10.166 10.145 10.125 10.105 10.085 10.064 10.042 10.018 9.994 9.970 9.947 9.923 9.899 9.896 9.918 9.960 9.960 9.982 9.959 9.920 9.881 9.842 9.802 9.763 9.724 9.685 9.645 9.693 9.813 9.933 10.061 10.322 10.322 10.460 10.607 10.753
10.820 10.823 10.826 10.829 10.832 10.834 10.831 10.828 10.828 10.822 10.819 10.777 10.729 10.681 10.651 10.661 10.671 10.681 10.691 10.700 10.710 10.720 10.730 10.734 10.734 10.670 10.638 10.606 10.573 10.538 10.504 10.470 10.436 10.401 10.367 10.333 10.320 10.315 10.310 10.304 10.304 10.273 10.253 10.233 10.213 10.192 10.172 10.152 10.129 10.106 10.082 10.058 10.034 10.052 10.073 10.095 10.137 10.137 10.158 10.180 10.147 10.108 10.069 10.030 9.990 9.951 9.997 10.117 10.237 10.357 10.478 10.605 10.867 10.867 10.997 11.128 11.262
10.817 10.820 10.822 10.825 10.828 10.831 10.834 10.833 10.833 10.828 10.825 10.789 10.741 10.701 10.710 10.720 10.730 10.740 10.750 10.760 10.770 10.780 10.789 10.799 10.799 10.751 10.719 10.686 10.652 10.618 10.584 10.549 10.515 10.481 10.447 10.413 10.384 10.379 10.374 10.368 10.368 10.327 10.307 10.287 10.267 10.246 10.226 10.206 10.185 10.161 10.138 10.114 10.119 10.140 10.162 10.183 10.226 10.225 10.247 10.268 10.261 10.222 10.183 10.143 10.104 10.149 10.269 10.389 10.510 10.630 10.750 10.877 11.139 11.139 11.269 11.400 11.531
10.813 10.816 10.819 10.822 10.825 10.827 10.830 10.833 10.833 10.833 10.830 10.801 10.753 10.760 10.770 10.780 10.790 10.799 10.809 10.819 10.829 10.839 10.849 10.859 10.859 10.832 10.800 10.766 10.732 10.697 10.663 10.629 10.595 10.561 10.526 10.492 10.458 10.443 10.437 10.422 10.422 10.381 10.361 10.341 10.321 10.300 10.280 10.260 10.240 10.217 10.193 10.186 10.207 10.229 10.250 10.271 10.314 10.314 10.335 10.356 10.375 10.336 10.296 10.257 10.301 10.421 10.541 10.662 10.782 10.902 11.022 11.149 11.411 11.411 11.542 11.673 11.803
