includes/camargue/floodfiles/results_R3_t1.562344836599E12/res-0005.wdfp
ncols         906
nrows         631
xllcorner     362177.146667
yllcorner     6534725.688020
cellsize      20.000000
NODATA_value  -9999.000000
[rows 442 to 475 of 631, columns 308 to 384 of 906]
0.003 0.919 0.969 1.009 0.530 0.670 0.670 0.600 0.610 0.660 0.000 0.313 0.254 0.285 0.033 0.028 0.004 0.005 0.001 0.001 0.002 0.000 0.000 0.012 0.006 0.000 0.078 0.016 0.001 0.000 0.000 0.000 0.000 0.000 0.000 0.000 0.000 0.000 0.000 0.000 0.000 0.000 0.000 0.000 0.000 0.000 0.000 0.000 0.000 0.000 0.000 0.000 0.000 0.000 0.000 0.000 0.000 0.000 0.000 0.000 0.000 0.000 0.000 0.000 0.055 1.116 1.215 0.745 0.816 0.526 0.756 0.756 1.446 0.466 1.026 1.066 1.096
0.003 0.919 0.969 1.009 0.529 0.670 0.670 0.600 0.610 0.659 0.000 0.312 0.253 0.285 0.034 0.029 0.007 0.009 0.004 0.003 0.005 0.000 0.000 0.020 0.012 0.000 0.078 0.017 0.000 0.000 0.000 0.000 0.000 0.000 0.000 0.000 0.000 0.000 0.000 0.000 0.000 0.000 0.000 0.000 0.000 0.000 0.000 0.000 0.000 0.000 0.000 0.000 0.000 0.000 0.000 0.000 0.000 0.000 0.000 0.000 0.000 0.000 0.000 0.000 0.055 1.116 1.216 0.746 0.816 0.526 0.756 0.756 1.446 0.466 1.026 1.066 1.096
0.927 1.028 0.838 0.718 0.899 0.088 0.088 0.000 0.468 0.627 0.426 0.317 0.151 0.010 0.002 0.000 0.000 0.000 0.003 0.000 0.000 0.023 0.023 0.000 0.016 0.000 0.128 0.018 0.000 0.000 0.000 0.000 0.000 0.000 0.000 0.000 0.000 0.000 0.000 0.000 0.000 0.000 0.000 0.000 0.000 0.000 0.000 0.000 0.000 0.000 0.000 0.000 0.000 0.000 0.000 0.000 0.000 0.000 0.000 0.000 0.221 0.201 0.080 0.356 1.206 1.026 0.966 0.736 0.496 0.516 1.046 1.046 1.256 0.286 1.046 0.956 0.836
1.007 0.767 0.787 0.918 0.114 1.448 1.448 0.688 0.192 0.624 0.444 0.344 0.051 0.000 0.000 0.000 0.000 0.000 0.003 0.000 0.000 0.000 0.000 0.000 0.000 0.067 0.000 0.000 0.000 0.000 0.000 0.000 0.000 0.000 0.000 0.000 0.000 0.000 0.000 0.000 0.000 0.000 0.000 0.000 0.000 0.000 0.000 0.000 0.000 0.000 0.000 0.000 0.000 0.000 0.000 0.000 0.000 0.000 0.000 1.521 0.871 0.841 0.610 0.278 0.416 0.556 0.686 0.416 0.256 1.096 1.116 1.116 1.346 0.000 1.067 1.017 1.897
0.706 0.886 0.857 0.027 1.108 1.118 1.118 1.268 1.058 0.650 0.321 0.312 0.014 0.000 0.000 0.000 0.000 0.000 0.000 0.000 0.000 0.000 0.000 0.000 0.000 0.000 0.000 0.000 0.000 0.000 0.000 0.000 0.000 0.000 0.000 0.000 0.000 0.000 0.000 0.000 0.000 0.000 0.000 0.002 0.000 0.000 0.003 0.002 0.000 0.000 0.000 0.000 0.000 0.000 0.000 0.000 0.000 0.041 0.051 1.311 0.811 0.241 0.321 0.170 0.109 0.318 0.358 0.418 0.308 0.768 0.000 0.000 0.000 0.418 1.108 1.098 0.107
1.006 0.956 1.236 0.150 0.968 0.838 0.838 1.128 0.898 0.599 0.319 0.230 0.054 0.000 0.000 0.004 0.065 0.000 0.000 0.000 0.000 0.000 0.000 0.000 0.000 0.000 0.000 0.000 0.000 0.000 0.000 0.000 0.000 0.000 0.000 0.000 0.000 0.000 0.000 0.000 0.000 0.000 0.000 0.194 0.105 0.001 0.001 0.000 0.057 0.000 0.000 0.000 0.000 0.000 0.000 0.000 0.000 0.761 1.451 1.681 1.611 1.741 1.931 0.861 0.821 0.850 0.940 0.870 0.930 0.920 1.550 1.550 1.460 0.539 1.019 0.849 0.000
0.945 0.706 0.205 1.398 0.588 1.028 1.028 1.148 0.908 0.838 0.398 0.398 0.006 0.004 0.001 0.002 0.000 0.000 0.000 0.000 0.000 0.000 0.000 0.000 0.000 0.000 0.000 0.000 0.000 0.000 0.000 0.000 0.000 0.000 0.000 0.000 0.000 0.000 0.000 0.000 0.000 0.000 0.133 0.101 0.096 0.002 0.081 0.037 0.000 0.000 0.000 0.000 0.000 0.000 0.000 0.000 0.221 0.341 0.731 1.531 0.941 1.611 1.431 1.431 1.501 0.670 1.420 1.190 1.360 1.330 1.380 1.380 1.500 0.430 1.129 0.779 0.039
0.439 0.120 0.000 0.000 0.667 1.107 1.108 1.018 0.978 0.958 0.558 0.368 0.168 0.001 0.001 0.000 0.000 0.000 0.000 0.000 0.000 0.000 0.000 0.000 0.000 0.000 0.000 0.000 0.000 0.000 0.000 0.000 0.000 0.000 0.000 0.000 0.000 0.000 0.000 0.000 0.000 0.000 0.364 0.000 0.192 0.074 0.419 0.020 0.000 0.000 0.000 0.000 0.000 0.000 0.000 0.000 1.281 0.761 0.341 0.006 0.541 0.401 0.651 1.121 1.051 0.681 1.270 1.130 1.210 1.340 1.010 1.010 1.430 0.450 1.230 0.990 0.000
1.135 1.405 0.905 1.396 0.927 1.147 1.147 0.947 0.837 0.788 0.638 0.328 0.118 0.006 0.000 0.000 0.000 0.000 0.000 0.000 0.000 0.000 0.000 0.000 0.000 0.000 0.000 0.000 0.000 0.000 0.000 0.000 0.000 0.000 0.000 0.000 0.000 0.000 0.006 0.002 0.005 0.124 0.664 0.334 0.014 0.000 0.000 0.006 0.001 0.000 0.000 0.000 0.000 0.000 0.181 0.181 1.331 0.431 0.971 1.401 1.451 0.731 0.501 0.681 1.311 1.261 0.791 0.811 0.401 0.420 0.300 0.300 0.290 0.620 1.050 1.040 0.000
1.564 0.225 1.276 1.576 0.726 1.007 1.007 0.957 1.017 0.767 0.647 0.357 0.208 0.198 0.007 0.000 0.000 0.000 0.000 0.000 0.000 0.000 0.000 0.000 0.000 0.000 0.000 0.000 0.000 0.000 0.000 0.000 0.000 0.000 0.000 0.025 0.000 0.000 0.000 0.000 0.324 0.334 0.484 0.494 0.011 0.023 0.000 0.000 0.000 0.000 0.000 0.000 0.000 0.000 0.000 0.000 0.000 1.151 0.631 0.871 1.371 1.351 1.121 1.411 1.381 1.421 1.381 1.451 1.371 1.431 1.571 1.571 1.601 0.441 1.150 1.100 0.000
1.144 0.945 1.575 0.966 1.106 1.047 1.047 1.037 1.107 0.797 0.657 0.417 0.188 0.158 0.000 0.000 0.001 0.000 0.000 0.000 0.000 0.000 0.000 0.000 0.005 0.091 0.000 0.000 0.000 0.000 0.000 0.000 0.000 0.000 0.000 0.001 0.000 0.034 0.394 0.394 0.224 0.764 0.000 0.404 0.011 0.205 0.024 0.009 0.000 0.000 0.000 0.000 0.000 0.000 0.000 0.000 0.000 0.000 0.891 0.961 1.511 1.401 0.931 1.351 1.111 1.251 1.361 1.341 1.241 1.181 1.541 1.541 1.601 1.511 1.091 0.701 0.611
2.034 1.595 1.585 0.866 0.736 1.097 1.097 1.027 1.077 0.737 0.617 0.257 0.267 0.018 0.000 0.002 0.003 0.000 0.000 0.000 0.000 0.015 0.015 0.000 0.000 0.111 0.000 0.000 0.000 0.053 0.023 0.000 0.000 0.000 0.000 0.106 0.024 0.134 0.234 0.234 0.734 0.614 0.664 0.009 0.018 0.000 0.000 0.028 0.014 0.000 0.000 0.000 0.139 0.000 0.779 0.779 0.000 1.279 0.000 1.811 1.461 1.121 0.491 1.291 0.591 0.371 0.811 0.731 0.441 0.331 0.231 0.231 0.601 1.631 1.131 0.821 1.611
0.115 1.425 1.665 1.235 0.000 1.057 1.057 1.037 1.027 0.697 0.617 0.337 0.347 0.000 0.191 0.121 0.000 0.000 0.006 0.119 0.000 0.205 0.205 0.007 0.199 0.050 0.031 0.000 0.000 0.010 0.000 0.000 0.000 0.000 0.120 0.000 0.065 0.043 1.264 1.264 0.374 0.764 0.000 0.290 0.001 0.270 0.003 0.000 0.165 0.155 0.000 0.000 0.000 0.000 0.189 0.189 0.749 1.119 0.678 0.000 1.081 0.182 1.193 0.000 0.872 0.772 0.852 0.772 0.942 0.682 0.662 0.662 0.861 1.131 0.811 0.861 1.321
0.000 0.775 1.475 1.405 0.785 0.000 0.000 0.977 0.987 0.747 0.497 0.287 0.000 0.016 0.140 0.002 0.000 0.000 0.007 0.000 0.227 0.000 0.000 0.009 0.179 0.119 0.000 0.000 0.000 0.003 0.029 0.125 0.000 0.230 1.229 0.849 0.429 0.000 1.194 1.194 0.151 0.020 0.509 0.249 0.360 0.180 0.000 0.000 0.000 0.000 0.000 0.000 0.000 0.488 0.025 0.024 0.959 0.409 1.488 1.348 0.175 0.794 1.323 1.283 1.162 1.192 0.702 0.682 1.022 0.972 0.532 0.532 1.171 0.801 0.831 0.951 1.191
1.583 0.000 0.215 0.695 1.375 1.196 1.196 0.987 0.947 0.647 0.297 0.157 0.000 0.055 0.036 0.039 0.000 0.012 0.009 0.003 0.046 0.002 0.002 0.144 0.021 0.000 0.000 0.000 0.000 0.209 0.000 0.095 0.104 0.220 1.269 1.269 0.000 0.109 0.000 0.000 0.389 0.769 0.389 0.469 0.290 0.005 0.000 0.384 0.000 0.000 0.000 0.000 0.688 0.498 1.198 1.198 0.000 1.304 0.000 0.828 0.797 1.165 0.374 0.653 1.332 1.322 1.252 1.172 0.982 0.892 0.582 0.582 0.971 0.931 0.831 0.951 1.201
1.603 1.103 1.324 0.884 0.875 0.606 0.606 0.957 0.887 0.547 0.157 0.000 0.189 0.170 0.004 0.004 0.000 0.000 0.008 0.044 0.334 0.134 0.134 0.061 0.095 0.007 0.004 0.138 0.000 0.003 0.003 0.105 0.204 0.000 0.549 1.179 0.169 1.078 0.000 0.000 0.959 0.549 0.389 0.339 0.110 0.000 0.262 0.000 0.000 0.000 0.000 0.508 0.678 0.258 0.000 0.000 1.307 0.516 0.656 0.389 0.847 0.000 0.605 1.195 0.000 0.442 0.952 1.162 0.782 0.742 1.012 1.012 0.482 0.262 0.912 0.842 0.362
1.483 1.053 1.104 0.924 1.594 0.002 0.002 0.687 0.577 0.457 0.000 0.318 0.279 0.129 0.000 0.000 0.000 0.173 0.173 0.054 0.194 0.064 0.064 0.000 0.024 0.021 0.298 0.658 0.328 0.398 0.708 0.000 0.000 1.179 1.079 0.000 1.458 1.708 1.139 1.139 1.379 0.319 0.099 0.219 0.000 0.212 0.742 0.592 0.000 0.478 0.468 0.688 0.238 1.357 1.327 1.327 0.797 0.887 0.886 0.000 0.257 0.556 1.316 0.686 0.466 0.204 0.343 0.713 0.313 0.893 0.543 0.543 0.723 1.083 0.603 0.373 0.663
1.483 1.054 1.104 0.924 1.594 0.002 0.002 0.687 0.577 0.457 0.000 0.318 0.278 0.129 0.001 0.000 0.000 0.173 0.173 0.054 0.194 0.064 0.064 0.000 0.006 0.010 0.298 0.658 0.328 0.398 0.708 0.000 0.000 1.179 1.079 0.000 1.458 1.708 1.138 1.139 1.379 0.317 0.097 0.219 0.000 0.212 0.742 0.592 0.000 0.478 0.468 0.688 0.238 1.357 1.327 1.327 0.797 0.887 0.886 0.000 0.258 0.556 1.316 0.686 0.466 0.204 0.344 0.714 0.313 0.893 0.543 0.543 0.723 1.083 0.603 0.373 0.663
1.033 1.074 0.754 0.904 0.924 0.236 0.237 0.847 0.607 0.000 0.139 0.144 0.027 0.000 0.000 0.001 0.004 0.213 0.173 0.094 0.144 0.034 0.028 0.016 0.238 0.328 0.348 0.698 0.688 0.378 0.869 0.000 1.209 1.139 0.299 1.128 1.348 0.000 1.198 1.198 0.000 0.917 0.467 0.000 0.054 0.132 0.161 0.181 0.081 0.778 0.448 0.808 0.847 0.937 0.927 0.927 0.627 0.447 0.896 0.406 1.284 0.388 0.507 0.466 0.746 0.000 1.035 0.805 0.000 0.803 1.263 1.263 0.973 0.763 1.223 0.373 1.504
1.153 1.634 0.974 0.884 0.075 0.777 0.777 0.867 0.191 0.155 0.361 0.001 0.058 0.000 0.001 0.016 0.035 0.000 0.033 0.006 0.000 0.000 0.000 0.000 0.000 0.268 1.008 0.878 0.588 0.648 0.409 1.249 1.289 1.499 0.469 1.298 1.388 0.000 1.188 1.188 0.000 1.387 1.437 0.000 0.404 0.313 0.521 0.691 0.681 0.420 0.729 0.248 0.757 0.107 0.607 0.607 0.000 0.716 0.706 0.546 0.914 0.002 1.157 0.657 0.806 1.095 1.135 0.625 0.914 0.984 0.583 0.583 0.583 0.193 1.073 0.334 1.254
0.774 0.464 0.000 0.645 0.725 0.406 0.407 0.000 0.431 0.000 0.281 0.271 0.022 0.000 0.000 0.000 0.110 0.199 0.129 0.063 0.000 0.004 0.002 0.459 0.249 0.818 0.458 0.958 1.318 0.688 0.708 0.719 1.179 1.149 1.109 0.308 1.368 1.408 0.998 0.998 1.208 0.259 0.816 0.795 0.835 0.573 0.871 0.791 0.821 0.630 0.409 0.859 0.000 1.108 0.837 0.837 0.647 0.696 0.776 0.806 0.334 0.759 0.668 0.557 1.116 0.325 0.925 0.915 0.144 0.424 0.124 0.124 1.714 0.254 0.914 0.484 1.164
0.274 0.134 0.000 0.335 0.335 0.068 0.087 0.590 0.000 0.094 0.038 0.114 0.204 0.000 0.000 0.169 0.002 0.249 0.000 0.537 0.597 0.155 0.153 0.379 0.489 0.638 0.718 0.478 0.268 0.678 0.708 0.659 0.989 0.609 1.029 0.348 1.298 1.068 1.078 1.078 1.398 0.489 0.956 0.575 0.875 0.000 0.831 0.741 0.881 0.890 0.890 0.749 1.238 0.998 0.937 0.937 0.767 0.347 0.956 1.746 0.000 2.039 1.139 0.288 0.207 0.955 0.915 0.905 0.145 0.944 1.564 1.564 1.464 0.274 0.454 1.144 1.224
0.245 0.002 0.096 0.126 0.004 0.000 0.000 0.272 0.344 0.484 0.364 0.000 0.002 0.052 0.143 0.000 0.000 0.000 0.587 0.587 0.467 0.000 0.000 0.709 0.099 0.628 0.698 0.768 0.738 0.348 0.818 0.918 0.899 1.039 0.249 1.098 1.048 0.000 1.028 1.028 0.000 0.587 1.126 1.245 0.275 0.344 0.451 0.881 0.481 0.670 0.900 0.499 1.118 0.708 0.797 0.797 0.987 1.126 1.986 0.516 0.000 0.709 1.179 0.148 0.187 1.055 0.815 0.945 0.785 0.000 0.264 0.264 1.034 0.424 0.614 1.444 1.424
0.625 0.003 0.000 0.002 0.000 0.684 0.684 0.124 0.484 0.474 0.484 0.314 0.000 0.027 0.002 0.000 0.000 0.000 0.457 0.757 0.667 0.000 0.000 0.799 0.449 0.002 0.618 0.428 0.388 1.218 0.818 0.718 0.878 1.128 0.668 1.288 0.058 1.438 0.768 0.768 1.057 0.000 0.886 1.315 1.305 0.534 0.332 0.601 0.701 0.820 0.700 0.999 0.888 0.848 0.837 0.837 0.377 1.956 1.126 0.155 0.074 0.000 0.860 0.490 1.540 0.066 0.286 0.995 0.935 0.825 0.000 0.000 1.135 0.555 0.675 0.605 0.284
0.000 0.208 0.000 0.000 0.002 0.604 0.604 0.184 0.534 0.494 0.364 0.394 0.047 0.243 0.000 0.000 0.033 0.207 0.247 0.757 0.597 0.000 0.000 0.649 0.000 0.588 0.538 0.698 0.668 0.808 0.678 0.718 0.838 0.758 0.858 0.658 0.638 1.368 0.518 0.518 0.967 1.077 0.359 0.815 1.325 1.174 0.593 0.142 0.931 0.710 0.630 1.109 0.718 0.998 0.000 0.000 1.996 0.866 0.264 1.372 1.222 1.382 1.611 0.000 0.000 0.018 1.427 0.096 0.435 0.655 0.455 0.455 1.235 1.325 0.915 0.775 0.765
0.000 0.000 0.000 0.004 0.097 0.000 0.000 0.554 0.674 0.464 0.234 0.344 0.124 0.000 0.315 0.083 0.487 0.457 0.887 0.997 0.927 0.327 0.326 0.222 0.362 0.049 0.648 1.358 0.518 0.818 0.738 0.158 0.458 1.508 0.478 0.188 1.498 1.478 1.678 1.678 0.667 0.004 1.149 0.206 0.505 1.113 1.332 1.022 1.232 0.810 0.660 1.029 0.638 0.948 2.157 2.157 0.936 0.505 1.113 0.702 0.942 0.922 0.941 0.301 0.830 0.580 0.309 0.038 1.295 0.315 1.725 1.725 0.965 1.425 0.875 0.815 0.865
0.000 0.000 0.033 0.000 0.000 0.000 0.000 0.000 0.000 0.000 0.000 0.000 0.000 0.000 0.000 0.000 0.009 0.031 0.818 0.818 0.308 0.097 0.096 0.202 0.181 0.248 0.758 0.368 0.918 0.478 0.818 0.658 1.568 1.628 0.608 1.528 1.278 1.338 0.398 0.397 0.775 0.571 0.969 0.416 0.446 0.001 1.312 1.162 1.082 0.000 0.750 0.000 0.928 0.000 0.105 0.105 0.085 0.924 0.000 1.192 1.262 1.302 0.661 1.041 0.750 0.640 1.290 1.110 0.000 1.665 0.725 0.725 0.825 1.225 0.895 0.875 0.975
0.000 0.000 0.000 0.000 0.000 0.356 0.356 0.887 1.027 0.877 0.278 0.000 0.000 0.456 0.396 0.000 1.178 1.108 0.438 0.788 0.158 0.000 0.000 0.000 0.000 0.698 0.768 1.128 1.108 0.718 0.908 0.798 1.948 1.968 1.478 0.098 1.318 1.298 0.527 0.527 0.595 1.431 0.000 1.056 0.446 0.415 0.042 1.312 1.222 1.272 0.000 0.225 0.045 0.383 0.393 0.393 0.433 0.393 1.252 1.242 1.212 0.611 0.851 0.781 0.660 0.680 1.150 1.250 0.347 1.165 0.655 0.655 1.125 1.425 1.095 1.155 0.945
0.000 0.000 0.000 0.607 0.566 1.146 1.146 0.356 0.527 0.427 0.000 0.000 0.116 0.536 0.275 0.455 0.017 0.928 1.299 1.299 1.199 0.378 0.378 0.000 0.000 0.000 1.278 0.938 0.668 1.288 1.158 1.958 1.988 2.028 0.938 1.448 1.228 0.767 1.417 1.417 0.000 1.451 1.291 0.158 1.085 0.274 0.571 0.221 1.302 1.232 1.242 0.000 0.233 0.273 0.033 0.033 0.883 1.033 1.342 1.202 0.000 1.021 0.931 0.671 0.000 1.459 1.369 0.049 0.447 1.465 0.675 0.675 0.865 0.495 1.145 1.095 1.175
0.000 1.507 1.007 0.687 0.117 1.266 1.266 0.837 0.267 0.457 0.000 0.000 1.804 0.027 0.403 0.084 1.072 0.100 1.199 1.149 1.219 1.079 1.078 0.518 0.788 0.867 0.000 0.818 1.348 1.158 1.958 2.018 1.828 0.528 0.348 1.487 0.457 0.697 0.537 0.537 0.647 0.191 1.550 1.180 0.385 0.992 0.411 0.967 0.000 0.162 0.029 0.064 0.000 1.553 0.983 0.983 1.313 1.293 1.142 0.032 0.980 0.881 0.781 0.100 1.629 1.489 0.000 1.568 0.818 0.006 0.885 0.885 1.105 1.055 0.805 0.775 1.045
0.045 0.927 1.167 0.497 1.157 1.316 1.316 0.986 0.366 0.000 0.085 0.008 1.444 0.000 0.763 0.213 0.552 0.791 0.620 1.489 1.279 0.979 0.978 0.628 0.208 0.688 1.238 0.000 0.348 0.518 1.958 1.908 0.588 1.547 1.167 0.777 0.847 0.877 0.817 0.817 0.236 0.671 0.480 0.819 1.455 0.862 0.179 2.637 0.866 0.000 0.994 2.554 1.594 0.653 0.893 0.893 1.353 1.303 0.000 1.040 0.990 0.860 0.130 1.349 1.459 0.000 1.548 1.348 0.948 0.497 0.925 0.925 0.425 0.445 1.035 0.575 0.855
0.767 0.317 1.067 1.207 0.077 1.306 1.307 1.276 0.686 1.465 1.655 0.205 1.154 0.864 0.723 0.923 0.302 0.761 0.691 0.410 0.950 0.329 0.329 0.648 0.508 1.118 0.938 0.588 0.000 0.058 0.368 0.778 1.847 1.447 1.177 0.887 0.897 1.027 0.787 0.787 0.907 0.000 0.710 1.040 0.295 0.808 1.207 0.116 1.556 0.995 0.874 0.734 1.304 0.863 1.452 1.453 1.333 0.082 0.970 0.980 0.800 0.240 1.639 1.499 0.529 1.248 1.388 0.668 0.958 0.628 0.196 0.196 0.266 0.396 0.756 0.796 1.256
1.207 1.167 0.527 0.657 0.817 0.927 0.927 0.946 0.936 2.225 1.825 1.115 0.704 1.153 0.653 0.852 0.712 0.952 0.911 0.571 0.800 0.650 0.649 0.618 0.738 0.628 0.888 0.718 0.147 0.000 0.000 0.467 1.497 1.027 0.907 0.837 1.037 0.937 1.067 1.067 0.434 0.812 1.001 0.610 0.132 0.816 0.876 1.356 1.526 0.665 1.404 0.774 0.113 1.282 1.352 1.352 0.000 0.890 1.000 1.070 0.260 1.539 1.479 0.169 1.568 1.428 0.348 1.438 0.718 0.138 0.076 0.076 0.856 1.266 1.116 1.196 1.236
0.084 1.207 0.437 0.000 1.767 0.957 0.956 1.536 2.246 1.035 1.105 0.775 1.154 0.633 0.573 0.712 0.722 0.882 0.402 0.882 0.652 0.000 0.000 0.238 0.928 0.758 0.708 0.177 0.315 0.405 0.194 0.000 0.337 1.027 1.197 1.207 1.097 0.987 0.287 0.286 0.722 0.732 0.531 0.002 1.846 0.886 1.356 1.366 0.505 1.174 1.414 0.314 1.392 1.422 0.422 0.422 0.512 0.000 0.110 0.309 1.389 1.259 0.459 1.508 1.448 0.488 1.198 0.838 1.658 1.568 0.027 0.026 0.836 1.126 1.096 0.746 0.566
