includes/camargue/floodfiles/results_R3_t1.562344836599E12/res-0013.wd
ncols         906
nrows         631
xllcorner     362177.146667
yllcorner     6534725.688020
cellsize      20.000000
NODATA_value  -9999.000000
[rows 374 to 407 of 631, columns 616 to 692 of 906]
0.000 0.000 0.000 0.000 0.000 0.000 0.000 0.000 0.000 0.000 0.000 0.000 0.021 0.000 0.011 0.000 0.051 0.000 0.000 0.000 0.061 0.061 0.000 0.000 0.000 0.019 0.000 0.261 0.101 0.152 0.102 0.000 0.019 0.050 0.004 0.015 0.034 0.028 0.036 0.029 0.051 0.000 0.028 0.130 0.041 0.069 0.187 0.060 0.012 0.242 0.036 0.057 0.076 0.084 0.072 0.032 0.037 0.049 0.065 0.071 0.052 0.000 0.085 0.030 0.003 0.017 0.068 0.000 0.000 0.000 0.000 0.723 0.008 0.029 0.000 0.000 0.000
0.031 0.000 0.011 0.000 0.000 0.000 0.000 0.000 0.000 0.000 0.000 0.000 0.000 0.000 0.000 0.000 0.000 0.000 0.000 0.000 0.000 0.000 0.000 0.000 0.000 0.026 0.032 0.024 0.271 0.061 0.061 0.000 0.048 0.036 0.078 0.005 0.028 0.022 0.039 0.011 0.038 0.037 0.024 0.027 0.067 0.002 0.076 0.045 0.279 0.087 0.070 0.014 0.118 0.118 0.000 0.053 0.058 0.091 0.050 0.048 0.017 0.016 0.018 0.007 0.007 0.050 0.008 0.001 0.001 0.008 0.007 0.011 0.029 0.011 0.000 0.000 0.000
0.000 0.000 0.000 0.000 0.000 0.000 0.000 0.017 0.000 0.000 0.000 0.000 0.000 0.081 0.000 0.000 0.000 0.000 0.000 0.000 0.000 0.000 0.000 0.000 0.002 0.000 0.031 0.000 0.000 0.000 0.120 0.015 0.012 0.017 0.027 0.021 0.025 0.017 0.026 0.173 0.018 0.041 0.049 0.052 0.083 0.165 0.068 0.094 0.164 0.014 0.000 0.087 0.098 0.101 0.000 0.056 0.088 0.015 0.067 0.037 0.022 0.007 0.078 0.138 0.012 0.077 0.002 0.006 0.006 0.021 0.014 0.014 0.011 0.000 0.000 0.000 0.000
0.000 0.000 0.000 0.000 0.017 0.017 0.017 0.087 0.057 0.000 0.000 0.000 0.000 0.000 0.000 0.021 0.000 0.000 0.000 0.000 0.000 0.000 0.000 0.002 0.062 0.000 0.021 0.158 0.000 0.000 0.000 0.008 0.019 0.089 0.027 0.028 0.064 0.060 0.033 0.049 0.034 0.013 0.021 0.138 0.060 0.052 0.260 0.079 0.044 0.041 0.086 0.073 0.032 0.041 0.071 0.114 0.058 0.052 0.078 0.058 0.004 0.014 0.017 0.018 0.000 0.126 0.000 0.078 0.006 0.018 0.005 0.010 0.005 0.000 0.000 0.050 0.568
0.000 0.000 0.000 0.152 0.000 0.000 0.017 0.000 0.007 0.000 0.041 0.141 0.000 0.132 0.032 0.000 0.011 0.000 0.091 0.000 0.000 0.000 0.032 0.042 0.082 0.000 0.222 0.041 0.000 0.001 0.000 0.013 0.049 0.005 0.024 0.019 0.046 0.040 0.033 0.059 0.099 0.069 0.102 0.091 0.102 0.058 0.080 0.032 0.012 0.062 0.103 0.353 0.079 0.093 0.063 0.128 0.048 0.063 0.000 0.056 0.008 0.007 0.035 0.085 0.000 0.030 0.000 0.026 0.011 0.019 0.002 0.023 0.005 0.000 0.000 0.063 0.586
0.000 0.000 0.000 0.152 0.000 0.000 0.017 0.000 0.006 0.000 0.041 0.141 0.000 0.132 0.032 0.000 0.011 0.000 0.091 0.000 0.000 0.000 0.032 0.042 0.082 0.000 0.222 0.032 0.000 0.000 0.000 0.008 0.048 0.003 0.011 0.009 0.032 0.027 0.019 0.045 0.092 0.062 0.098 0.078 0.089 0.041 0.058 0.015 0.004 0.049 0.093 0.353 0.078 0.091 0.056 0.127 0.039 0.053 0.000 0.039 0.003 0.002 0.032 0.085 0.000 0.018 0.000 0.013 0.004 0.008 0.000 0.009 0.000 0.000 0.000 0.038 0.552
0.000 0.000 0.000 0.092 0.002 0.001 0.001 0.000 0.075 0.000 0.000 0.000 0.000 0.072 0.000 0.000 0.000 0.000 0.000 0.000 0.062 0.062 0.112 0.000 0.000 0.051 0.000 0.022 0.283 0.000 0.000 0.008 0.005 0.005 0.019 0.025 0.023 0.015 0.063 0.051 0.125 0.091 0.020 0.127 0.094 0.026 0.049 0.142 0.062 0.171 0.093 0.087 0.023 0.037 0.182 0.010 0.018 0.031 0.001 0.062 0.015 0.014 0.013 0.000 0.000 0.041 0.012 0.023 0.007 0.012 0.003 0.007 0.000 0.000 0.000 0.576 1.014
0.000 0.000 0.021 0.000 0.000 0.000 0.000 0.004 0.001 0.000 0.031 0.000 0.000 0.000 0.000 0.000 0.000 0.000 0.000 0.033 0.001 0.001 0.000 0.000 0.061 0.000 0.000 0.024 0.028 0.000 0.000 0.004 0.009 0.002 0.001 0.000 0.054 0.055 0.104 0.037 0.000 0.077 0.055 0.220 0.042 0.039 0.128 0.033 0.048 0.081 0.193 0.038 0.015 0.024 0.012 0.054 0.012 0.032 0.196 0.127 0.011 0.000 0.018 0.045 0.010 0.012 0.020 0.019 0.147 0.147 0.003 0.004 0.000 0.000 0.000 0.589 0.000
0.000 0.000 0.000 0.000 0.000 0.000 0.006 0.007 0.000 0.000 0.000 0.000 0.002 0.012 0.000 0.001 0.000 0.022 0.112 0.000 0.000 0.000 0.000 0.000 0.000 0.000 0.021 0.000 0.043 0.047 0.000 0.004 0.030 0.002 0.000 0.022 0.057 0.058 0.034 0.074 0.000 0.095 0.051 0.085 0.061 0.008 0.191 0.075 0.154 0.145 0.070 0.199 0.022 0.031 0.021 0.015 0.054 0.109 0.017 0.002 0.068 0.000 0.000 0.042 0.013 0.048 0.118 0.003 0.000 0.001 0.002 0.007 0.214 0.307 0.311 0.139 0.117
0.012 0.012 0.000 0.054 0.124 0.124 0.004 0.000 0.000 0.061 0.000 0.000 0.000 0.001 0.001 0.000 0.000 0.001 0.000 0.132 0.000 0.001 0.000 0.061 0.000 0.000 0.000 0.000 0.000 0.097 0.000 0.002 0.010 0.009 0.001 0.029 0.053 0.053 0.113 0.065 0.000 0.162 0.062 0.065 0.045 0.041 0.052 0.165 0.178 0.158 0.031 0.197 0.019 0.024 0.045 0.044 0.128 0.007 0.014 0.010 0.010 0.007 0.011 0.015 0.009 0.015 0.077 0.002 0.085 0.085 0.001 0.080 0.221 0.339 0.682 0.106 0.156
0.000 0.000 0.092 0.000 0.002 0.002 0.000 0.000 0.000 0.000 0.000 0.054 0.000 0.000 0.003 0.000 0.000 0.023 0.053 0.000 0.000 0.000 0.000 0.000 0.000 0.041 0.000 0.000 0.000 0.159 0.173 0.005 0.011 0.043 0.032 0.038 0.054 0.055 0.039 0.030 0.096 0.063 0.110 0.141 0.046 0.112 0.047 0.081 0.000 0.084 0.089 0.083 0.052 0.054 0.191 0.113 0.000 0.000 0.000 0.021 0.056 0.006 0.004 0.105 0.008 0.000 0.023 0.006 0.000 0.000 0.000 0.030 0.363 0.362 0.065 0.196 0.166
0.000 0.002 0.002 0.000 0.002 0.002 0.000 0.000 0.013 0.013 0.004 0.114 0.000 0.000 0.000 0.000 0.000 0.003 0.002 0.000 0.022 0.022 0.000 0.000 0.000 0.000 0.002 0.000 0.000 0.000 0.195 0.000 0.000 0.000 0.060 0.029 0.118 0.118 0.077 0.028 0.039 0.148 0.000 0.086 0.146 0.099 0.129 0.072 0.018 0.163 0.104 0.082 0.159 0.160 0.073 0.020 0.000 0.000 0.000 0.000 0.055 0.002 0.019 0.022 0.013 0.046 0.018 0.000 0.000 0.000 0.000 0.835 0.389 0.336 0.041 0.099 0.048
0.022 0.001 0.003 0.000 0.015 0.015 0.000 0.001 0.002 0.000 0.004 0.000 0.000 0.013 0.093 0.033 0.000 0.000 0.001 0.000 0.000 0.000 0.000 0.000 0.011 0.000 0.092 0.002 0.000 0.000 0.218 0.044 0.003 0.002 0.036 0.004 0.138 0.138 0.052 0.196 0.104 0.043 0.184 0.145 0.177 0.129 0.129 0.009 0.245 0.081 0.154 0.315 0.033 0.035 0.000 0.040 0.000 0.000 0.021 0.025 0.008 0.006 0.033 0.016 0.009 0.000 0.020 0.007 0.010 0.015 0.000 0.418 0.419 0.037 0.013 0.047 0.143
0.001 0.000 0.002 0.000 0.002 0.001 0.002 0.004 0.001 0.000 0.000 0.000 0.000 0.000 0.001 0.000 0.000 0.000 0.001 0.000 0.000 0.000 0.062 0.000 0.000 0.000 0.000 0.000 0.032 0.000 0.000 0.206 0.000 0.000 0.036 0.056 0.002 0.002 0.155 0.012 0.078 0.077 0.073 0.118 0.161 0.020 0.136 0.096 0.172 0.147 0.235 0.064 0.081 0.080 0.016 0.000 0.000 0.054 0.015 0.000 0.015 0.005 0.037 0.010 0.020 0.000 0.040 0.012 0.037 0.048 0.689 0.436 0.014 0.070 0.023 0.056 0.085
0.000 0.013 0.000 0.055 0.002 0.002 0.004 0.000 0.000 0.000 0.000 0.101 0.000 0.012 0.001 0.013 0.000 0.000 0.000 0.044 0.014 0.014 0.000 0.001 0.000 0.000 0.041 0.000 0.001 0.000 0.000 0.229 0.000 0.007 0.112 0.084 0.076 0.082 0.263 0.083 0.163 0.164 0.066 0.092 0.073 0.101 0.325 0.096 0.188 0.023 0.000 0.054 0.097 0.097 0.016 0.014 0.007 0.134 0.002 0.000 0.082 0.024 0.025 0.021 0.025 0.031 0.070 0.108 0.059 0.077 0.468 0.468 0.016 0.000 0.028 0.053 0.098
0.000 0.001 0.000 0.015 0.003 0.002 0.003 0.000 0.000 0.000 0.000 0.141 0.000 0.000 0.000 0.000 0.044 0.000 0.002 0.000 0.002 0.002 0.000 0.000 0.000 0.041 0.000 0.000 0.053 0.000 0.000 0.252 0.266 0.067 0.065 0.202 0.065 0.066 0.000 0.062 0.161 0.161 0.191 0.122 0.059 0.169 0.116 0.166 0.157 0.013 0.106 0.046 0.018 0.018 0.033 0.073 0.008 0.007 0.008 0.009 0.171 0.040 0.035 0.040 0.038 0.009 0.133 0.000 0.004 0.010 0.494 0.000 0.000 0.000 0.000 0.097 0.090
0.000 0.025 0.000 0.000 0.146 0.146 0.003 0.000 0.000 0.000 0.000 0.001 0.000 0.001 0.000 0.054 0.034 0.074 0.000 0.000 0.019 0.019 0.008 0.008 0.000 0.000 0.044 0.003 0.043 0.063 0.000 0.000 0.288 0.000 0.000 0.222 0.053 0.053 0.000 0.000 0.146 0.125 0.218 0.138 0.071 0.202 0.018 0.209 0.209 0.046 0.032 0.042 0.080 0.080 0.080 0.012 0.000 0.012 0.043 0.053 0.004 0.037 0.022 0.009 0.008 0.038 0.028 0.051 0.050 0.100 0.537 0.128 0.032 0.042 0.000 0.000 0.074
0.000 0.045 0.000 0.006 0.003 0.003 0.000 0.000 0.000 0.061 0.000 0.000 0.000 0.001 0.000 0.000 0.000 0.001 0.001 0.000 0.000 0.000 0.036 0.000 0.000 0.000 0.000 0.023 0.043 0.000 0.000 0.000 0.311 0.005 0.008 0.013 0.141 0.141 0.029 0.115 0.075 0.126 0.000 0.113 0.027 0.117 0.092 0.075 0.135 0.054 0.176 0.044 0.024 0.024 0.022 0.038 0.016 0.011 0.063 0.063 0.000 0.037 0.104 0.006 0.033 0.017 0.024 0.055 0.107 0.114 0.000 0.088 0.128 0.033 0.007 0.055 0.045
0.003 0.025 0.000 0.025 0.002 0.002 0.182 0.000 0.000 0.000 0.032 0.000 0.000 0.062 0.122 0.000 0.000 0.001 0.000 0.043 0.000 0.001 0.002 0.002 0.016 0.000 0.000 0.000 0.001 0.000 0.000 0.000 0.333 0.347 0.056 0.207 0.000 0.000 0.042 0.100 0.168 0.120 0.229 0.220 0.070 0.062 0.175 0.022 0.052 0.133 0.029 0.042 0.055 0.054 0.030 0.021 0.003 0.047 0.000 0.000 0.000 0.046 0.066 0.018 0.046 0.008 0.015 0.016 0.163 0.163 0.000 0.111 0.092 0.081 0.002 0.022 0.042
0.000 0.000 0.141 0.000 0.119 0.119 0.000 0.000 0.000 0.000 0.012 0.000 0.000 0.000 0.000 0.000 0.000 0.043 0.000 0.063 0.013 0.013 0.001 0.166 0.106 0.002 0.000 0.000 0.002 0.002 0.000 0.000 0.000 0.369 0.126 0.000 0.000 0.000 0.064 0.011 0.174 0.194 0.141 0.070 0.038 0.052 0.092 0.085 0.119 0.080 0.074 0.413 0.040 0.040 0.072 0.092 0.022 0.008 0.000 0.048 0.012 0.072 0.112 0.043 0.000 0.014 0.041 0.015 0.172 0.173 0.038 0.097 0.107 0.023 0.010 0.121 0.240
0.119 0.000 0.000 0.000 0.008 0.008 0.000 0.000 0.000 0.000 0.092 0.000 0.012 0.002 0.000 0.065 0.000 0.043 0.000 0.073 0.002 0.001 0.074 0.000 0.000 0.020 0.000 0.000 0.000 0.004 0.000 0.000 0.000 0.392 0.406 0.216 0.126 0.128 0.112 0.080 0.094 0.013 0.214 0.141 0.187 0.071 0.093 0.097 0.058 0.109 0.229 0.188 0.411 0.411 0.166 0.027 0.056 0.004 0.076 0.037 0.130 0.054 0.077 0.018 0.036 0.000 0.000 0.174 0.181 0.185 0.066 0.057 0.096 0.061 0.050 0.050 0.147
0.119 0.000 0.000 0.000 0.005 0.005 0.000 0.000 0.000 0.000 0.092 0.000 0.012 0.000 0.000 0.065 0.000 0.043 0.000 0.073 0.001 0.000 0.074 0.000 0.000 0.020 0.000 0.000 0.000 0.002 0.000 0.000 0.000 0.392 0.406 0.216 0.126 0.127 0.110 0.079 0.087 0.007 0.213 0.139 0.187 0.063 0.082 0.088 0.048 0.104 0.229 0.188 0.411 0.411 0.165 0.025 0.055 0.000 0.074 0.032 0.130 0.051 0.074 0.014 0.036 0.000 0.000 0.163 0.164 0.166 0.051 0.028 0.069 0.045 0.043 0.045 0.145
0.028 0.000 0.000 0.000 0.111 0.111 0.007 0.000 0.000 0.000 0.102 0.001 0.000 0.013 0.002 0.075 0.000 0.083 0.001 0.000 0.154 0.154 0.144 0.000 0.037 0.009 0.000 0.000 0.000 0.124 0.002 0.011 0.000 0.000 0.431 0.065 0.276 0.276 0.166 0.000 0.000 0.004 0.001 0.062 0.040 0.054 0.072 0.083 0.036 0.141 0.083 0.082 0.182 0.182 0.073 0.044 0.114 0.007 0.034 0.080 0.000 0.110 0.039 0.012 0.000 0.000 0.000 0.181 0.184 0.186 0.021 0.035 0.106 0.065 0.008 0.109 0.037
0.005 0.079 0.000 0.061 0.000 0.000 0.031 0.131 0.000 0.051 0.000 0.000 0.000 0.000 0.000 0.003 0.003 0.001 0.033 0.073 0.002 0.002 0.000 0.000 0.037 0.000 0.031 0.000 0.030 0.000 0.100 0.251 0.000 0.124 0.462 0.470 0.165 0.165 0.033 0.020 0.003 0.005 0.024 0.425 0.212 0.124 0.123 0.041 0.116 0.000 0.133 0.045 0.117 0.117 0.039 0.184 0.134 0.125 0.156 0.074 0.024 0.000 0.011 0.028 0.000 0.000 0.165 0.183 0.151 0.156 0.011 0.073 0.034 0.043 0.040 0.032 0.015
0.000 0.005 0.000 0.000 0.000 0.000 0.005 0.000 0.000 0.151 0.000 0.000 0.142 0.232 0.102 0.000 0.056 0.036 0.000 0.001 0.035 0.035 0.000 0.015 0.002 0.047 0.000 0.410 0.050 0.050 0.437 0.041 0.025 0.284 0.014 0.525 0.044 0.034 0.052 0.015 0.060 0.016 0.027 0.070 0.064 0.190 0.024 0.000 0.033 0.113 0.133 0.183 0.456 0.456 0.045 0.455 0.434 0.145 0.125 0.000 0.000 0.000 0.009 0.277 0.021 0.110 0.226 0.233 0.060 0.067 0.028 0.033 0.089 0.108 0.076 0.030 0.007
0.003 0.002 0.002 0.000 0.000 0.000 0.171 0.251 0.000 0.031 0.000 0.000 0.000 0.001 0.000 0.072 0.000 0.076 0.002 0.004 0.001 0.001 0.096 0.004 0.065 0.006 0.004 0.180 0.080 0.060 0.170 0.111 0.022 0.002 0.094 0.304 0.051 0.027 0.104 0.005 0.018 0.026 0.114 0.118 0.107 0.041 0.113 0.094 0.061 0.026 0.138 0.120 0.473 0.473 0.000 0.103 0.042 0.000 0.000 0.000 0.000 0.000 0.062 0.320 0.000 0.227 0.249 0.126 0.025 0.027 0.038 0.089 0.018 0.006 0.058 0.089 0.018
0.002 0.120 0.100 0.110 0.000 0.000 0.171 0.031 0.000 0.000 0.000 0.032 0.142 0.000 0.023 0.000 0.102 0.000 0.000 0.014 0.011 0.014 0.046 0.000 0.003 0.003 0.102 0.012 0.130 0.110 0.080 0.090 0.031 0.018 0.000 0.000 0.204 0.204 0.036 0.066 0.008 0.052 0.091 0.091 0.026 0.042 0.061 0.001 0.040 0.062 0.055 0.051 0.061 0.048 0.153 0.011 0.017 0.011 0.000 0.000 0.000 0.111 0.121 0.000 0.000 0.216 0.000 0.040 0.041 0.039 0.024 0.022 0.091 0.331 0.348 0.080 0.008
0.000 0.000 0.000 0.003 0.123 0.123 0.004 0.000 0.033 0.023 0.000 0.012 0.072 0.001 0.133 0.000 0.000 0.000 0.001 0.026 0.000 0.000 0.046 0.108 0.098 0.050 0.092 0.030 0.024 0.049 0.000 0.000 0.000 0.011 0.000 0.000 0.212 0.212 0.017 0.018 0.343 0.000 0.362 0.102 0.030 0.329 0.333 0.002 0.025 0.086 0.067 0.057 0.086 0.062 0.168 0.143 0.005 0.015 0.004 0.000 0.000 0.007 0.025 0.000 0.179 0.196 0.000 0.019 0.077 0.079 0.097 0.030 0.073 0.016 0.003 0.060 0.020
0.000 0.000 0.000 0.001 0.010 0.010 0.000 0.000 0.103 0.043 0.000 0.000 0.000 0.000 0.123 0.000 0.000 0.043 0.000 0.025 0.000 0.000 0.031 0.000 0.088 0.000 0.062 0.123 0.006 0.000 0.000 0.121 0.032 0.005 0.006 0.000 0.220 0.220 0.011 0.216 0.013 0.368 0.371 0.106 0.053 0.000 0.342 0.022 0.152 0.071 0.053 0.034 0.000 0.000 0.179 0.158 0.006 0.365 0.001 0.000 0.000 0.112 0.009 0.005 0.197 0.215 0.000 0.059 0.069 0.071 0.010 0.304 0.020 0.054 0.010 0.033 0.017
0.000 0.000 0.054 0.003 0.082 0.082 0.000 0.000 0.033 0.000 0.051 0.000 0.000 0.000 0.000 0.000 0.063 0.103 0.053 0.123 0.035 0.037 0.023 0.000 0.015 0.049 0.171 0.000 0.008 0.000 0.000 0.021 0.000 0.009 0.004 0.002 0.229 0.228 0.221 0.226 0.043 0.041 0.042 0.001 0.122 0.000 0.032 0.128 0.136 0.000 0.000 0.064 0.000 0.000 0.196 0.182 0.157 0.002 0.001 0.062 0.022 0.000 0.008 0.129 0.154 0.000 0.048 0.057 0.060 0.060 0.045 0.000 0.008 0.045 0.047 0.008 0.118
0.053 0.033 0.001 0.000 0.005 0.005 0.000 0.000 0.093 0.000 0.000 0.000 0.000 0.000 0.111 0.001 0.000 0.000 0.000 0.028 0.000 0.000 0.059 0.012 0.108 0.021 0.004 0.012 0.011 0.011 0.000 0.006 0.005 0.009 0.001 0.000 0.000 0.000 0.217 0.000 0.004 0.012 0.028 0.114 0.118 0.111 0.115 0.121 0.126 0.000 0.000 0.072 0.037 0.030 0.014 0.000 0.160 0.001 0.000 0.000 0.000 0.000 0.000 0.121 0.120 0.086 0.072 0.065 0.061 0.057 0.044 0.029 0.027 0.041 0.051 0.068 0.099
0.063 0.000 0.000 0.000 0.069 0.069 0.000 0.000 0.043 0.000 0.071 0.000 0.000 0.000 0.000 0.001 0.000 0.000 0.097 0.057 0.001 0.002 0.000 0.129 0.028 0.000 0.044 0.000 0.000 0.007 0.004 0.002 0.005 0.067 0.007 0.000 0.000 0.000 0.212 0.200 0.204 0.000 0.000 0.119 0.000 0.109 0.113 0.116 0.120 0.000 0.000 0.000 0.000 0.000 0.024 0.000 0.179 0.145 0.140 0.135 0.000 0.000 0.081 0.100 0.100 0.094 0.092 0.075 0.065 0.058 0.045 0.035 0.033 0.041 0.053 0.069 0.079
0.000 0.000 0.000 0.000 0.078 0.078 0.000 0.021 0.001 0.000 0.000 0.000 0.000 0.000 0.113 0.063 0.000 0.060 0.000 0.466 0.000 0.000 0.045 0.000 0.106 0.045 0.104 0.000 0.025 0.065 0.085 0.105 0.025 0.036 0.007 0.057 0.000 0.000 0.000 0.190 0.000 0.127 0.127 0.124 0.107 0.107 0.109 0.110 0.107 0.096 0.000 0.000 0.000 0.000 0.000 0.000 0.000 0.148 0.000 0.000 0.000 0.000 0.088 0.089 0.089 0.087 0.000 0.066 0.062 0.057 0.046 0.037 0.037 0.044 0.057 0.065 0.068
0.000 0.000 0.000 0.000 0.103 0.103 0.000 0.000 0.014 0.000 0.044 0.000 0.000 0.073 0.083 0.000 0.020 0.080 0.010 0.013 0.056 0.056 0.045 0.000 0.085 0.000 0.012 0.006 0.004 0.000 0.025 0.003 0.060 0.000 0.000 0.000 0.021 0.021 0.000 0.176 0.150 0.140 0.138 0.000 0.099 0.102 0.105 0.108 0.097 0.084 0.054 0.052 0.000 0.000 0.000 0.528 0.000 0.155 0.102 0.069 0.056 0.056 0.078 0.081 0.079 0.073 0.055 0.056 0.055 0.053 0.045 0.037 0.040 0.050 0.055 0.060 0.062
