includes/camargue/floodfiles/results_R3_t1.562344836599E12/res-0011.wd
ncols         906
nrows         631
xllcorner     362177.146667
yllcorner     6534725.688020
cellsize      20.000000
NODATA_value  -9999.000000
[rows 510 to 543 of 631, columns 154 to 230 of 906]
0.061 0.053 0.040 0.030 0.023 0.000 0.000 0.000 0.000 0.000 0.000 0.000 0.000 0.000 0.000 0.000 0.000 0.000 0.000 0.000 0.000 0.000 0.000 0.000 0.000 0.000 0.000 0.000 0.000 0.000 0.000 0.000 0.000 0.000 0.000 0.000 0.000 0.000 0.000 0.000 0.000 0.000 0.000 0.000 0.000 0.000 0.000 0.000 0.000 0.000 0.000 0.000 0.000 0.000 0.000 0.000 0.000 0.000 0.000 0.000 0.000 0.000 0.000 0.018 0.016 0.050 0.081 0.060 0.038 0.018 0.004 0.000 0.000 0.000 0.000 0.000 0.000
0.037 0.040 0.040 0.026 0.000 0.000 0.000 0.000 0.000 0.000 0.000 0.000 0.000 0.000 0.000 0.000 0.000 0.000 0.000 0.000 0.000 0.000 0.000 0.000 0.000 0.000 0.000 0.000 0.000 0.000 0.000 0.000 0.000 0.000 0.000 0.000 0.000 0.000 0.000 0.000 0.000 0.000 0.000 0.000 0.000 0.000 0.000 0.000 0.000 0.000 0.000 0.000 0.000 0.000 0.000 0.000 0.000 0.000 0.000 0.000 0.000 0.000 0.000 0.018 0.015 0.047 0.089 0.066 0.041 0.026 0.014 0.006 0.002 0.000 0.000 0.000 0.000
0.017 0.017 0.017 0.011 0.000 0.000 0.000 0.000 0.000 0.000 0.000 0.000 0.000 0.000 0.000 0.000 0.000 0.000 0.000 0.000 0.000 0.000 0.000 0.000 0.000 0.000 0.000 0.000 0.000 0.001 0.002 0.001 0.000 0.000 0.000 0.000 0.000 0.000 0.000 0.000 0.000 0.000 0.000 0.000 0.000 0.000 0.000 0.000 0.000 0.000 0.000 0.000 0.000 0.000 0.000 0.000 0.000 0.000 0.000 0.000 0.000 0.000 0.000 0.015 0.012 0.037 0.073 0.058 0.045 0.033 0.021 0.012 0.005 0.002 0.000 0.000 0.000
0.012 0.014 0.020 0.007 0.000 0.000 0.000 0.000 0.000 0.000 0.000 0.000 0.000 0.000 0.000 0.000 0.000 0.000 0.000 0.000 0.000 0.000 0.000 0.000 0.000 0.000 0.000 0.000 0.000 0.000 0.004 0.002 0.002 0.000 0.000 0.000 0.000 0.000 0.000 0.000 0.000 0.000 0.000 0.000 0.000 0.000 0.000 0.000 0.000 0.000 0.000 0.000 0.000 0.000 0.000 0.000 0.000 0.000 0.000 0.000 0.000 0.000 0.000 0.012 0.009 0.023 0.065 0.055 0.045 0.035 0.025 0.016 0.009 0.004 0.000 0.000 0.000
0.011 0.014 0.025 0.005 0.000 0.000 0.000 0.000 0.000 0.000 0.000 0.000 0.000 0.000 0.000 0.000 0.000 0.000 0.000 0.000 0.000 0.000 0.000 0.000 0.000 0.000 0.000 0.000 0.000 0.000 0.000 0.000 0.001 0.000 0.000 0.000 0.000 0.000 0.000 0.000 0.000 0.000 0.000 0.000 0.000 0.000 0.000 0.000 0.000 0.000 0.000 0.000 0.000 0.000 0.000 0.000 0.000 0.000 0.000 0.000 0.000 0.000 0.000 0.009 0.006 0.017 0.067 0.058 0.041 0.029 0.024 0.018 0.011 0.006 0.002 0.000 0.000
0.010 0.021 0.022 0.003 0.000 0.000 0.000 0.000 0.000 0.000 0.000 0.000 0.000 0.000 0.000 0.000 0.000 0.000 0.000 0.000 0.000 0.000 0.000 0.000 0.000 0.000 0.000 0.000 0.000 0.000 0.000 0.000 0.001 0.000 0.000 0.000 0.000 0.000 0.000 0.000 0.000 0.000 0.000 0.000 0.000 0.000 0.000 0.000 0.000 0.000 0.000 0.000 0.000 0.000 0.000 0.000 0.000 0.000 0.000 0.000 0.000 0.000 0.000 0.008 0.005 0.014 0.070 0.059 0.042 0.028 0.020 0.015 0.011 0.007 0.003 0.000 0.000
0.010 0.028 0.015 0.002 0.000 0.000 0.000 0.000 0.000 0.000 0.000 0.000 0.000 0.000 0.000 0.000 0.000 0.000 0.000 0.000 0.000 0.000 0.000 0.000 0.000 0.000 0.000 0.000 0.000 0.000 0.000 0.000 0.001 0.000 0.000 0.000 0.000 0.000 0.000 0.000 0.000 0.000 0.000 0.000 0.000 0.000 0.000 0.000 0.000 0.000 0.000 0.000 0.000 0.000 0.000 0.000 0.000 0.000 0.000 0.000 0.000 0.000 0.000 0.007 0.004 0.011 0.072 0.060 0.042 0.027 0.019 0.013 0.009 0.007 0.004 0.000 0.001
0.020 0.050 0.009 0.001 0.000 0.000 0.000 0.000 0.000 0.000 0.000 0.000 0.000 0.000 0.000 0.000 0.000 0.000 0.000 0.000 0.000 0.000 0.000 0.000 0.000 0.000 0.000 0.000 0.000 0.000 0.000 0.000 0.001 0.000 0.000 0.000 0.000 0.000 0.000 0.000 0.000 0.000 0.000 0.000 0.000 0.000 0.000 0.000 0.000 0.000 0.000 0.000 0.000 0.000 0.000 0.000 0.000 0.000 0.000 0.000 0.000 0.000 0.000 0.007 0.003 0.010 0.075 0.060 0.042 0.027 0.018 0.012 0.008 0.006 0.003 0.000 0.000
0.162 0.114 0.006 0.000 0.000 0.000 0.000 0.000 0.000 0.000 0.000 0.000 0.000 0.000 0.000 0.000 0.000 0.000 0.000 0.000 0.000 0.000 0.000 0.000 0.000 0.000 0.000 0.000 0.000 0.000 0.000 0.000 0.001 0.000 0.000 0.000 0.000 0.000 0.000 0.000 0.000 0.000 0.000 0.000 0.000 0.000 0.000 0.000 0.000 0.000 0.000 0.001 0.000 0.000 0.000 0.000 0.000 0.000 0.000 0.000 0.000 0.000 0.000 0.006 0.003 0.008 0.077 0.060 0.042 0.027 0.017 0.011 0.007 0.005 0.002 0.000 0.000
0.316 0.192 0.010 0.000 0.000 0.000 0.000 0.000 0.000 0.000 0.000 0.000 0.000 0.000 0.000 0.000 0.000 0.000 0.000 0.000 0.000 0.000 0.000 0.000 0.000 0.000 0.000 0.000 0.000 0.078 0.242 0.242 0.118 0.000 0.000 0.000 0.000 0.000 0.000 0.000 0.000 0.000 0.000 0.000 0.000 0.000 0.000 0.000 0.000 0.000 0.000 0.000 0.000 0.000 0.000 0.000 0.000 0.000 0.000 0.000 0.000 0.000 0.000 0.006 0.003 0.007 0.078 0.060 0.042 0.026 0.016 0.010 0.006 0.003 0.002 0.001 0.000
0.442 0.269 0.097 0.000 0.000 0.000 0.000 0.000 0.000 0.000 0.000 0.000 0.000 0.000 0.000 0.000 0.000 0.000 0.000 0.000 0.000 0.000 0.000 0.000 0.000 0.000 0.001 0.170 0.333 0.496 0.659 0.659 0.417 0.237 0.056 0.000 0.000 0.000 0.000 0.000 0.000 0.000 0.000 0.000 0.000 0.000 0.000 0.000 0.000 0.000 0.000 0.000 0.000 0.000 0.000 0.000 0.000 0.000 0.000 0.000 0.000 0.000 0.000 0.005 0.002 0.007 0.079 0.060 0.042 0.025 0.013 0.006 0.005 0.004 0.003 0.002 0.001
0.519 0.347 0.175 0.001 0.000 0.000 0.000 0.000 0.000 0.000 0.000 0.000 0.000 0.000 0.000 0.000 0.000 0.000 0.000 0.000 0.000 0.000 0.000 0.000 0.097 0.260 0.423 0.586 0.749 0.912 1.075 1.075 0.715 0.535 0.354 0.174 0.000 0.000 0.000 0.000 0.000 0.000 0.000 0.000 0.000 0.000 0.000 0.000 0.000 0.000 0.000 0.000 0.000 0.000 0.000 0.000 0.000 0.000 0.000 0.000 0.000 0.000 0.000 0.004 0.002 0.006 0.076 0.057 0.038 0.018 0.013 0.009 0.006 0.005 0.004 0.003 0.002
0.597 0.424 0.342 0.290 0.239 0.188 0.136 0.084 0.019 0.000 0.000 0.000 0.000 0.000 0.000 0.000 0.000 0.000 0.000 0.000 0.000 0.000 0.000 0.172 0.429 0.677 0.840 1.002 1.165 1.328 1.374 1.374 1.013 0.833 0.653 0.472 0.292 0.111 0.000 0.000 0.000 0.000 0.000 0.000 0.000 0.000 0.000 0.000 0.000 0.000 0.000 0.000 0.000 0.000 0.000 0.000 0.000 0.000 0.000 0.000 0.000 0.000 0.000 0.004 0.002 0.005 0.065 0.042 0.036 0.026 0.019 0.013 0.010 0.008 0.007 0.007 0.033
1.093 1.041 0.990 0.939 0.888 0.836 0.785 0.733 0.682 0.631 0.303 0.000 0.000 0.000 0.001 0.000 0.000 0.000 0.000 0.000 0.000 0.000 0.245 0.502 0.758 1.015 1.256 1.419 1.582 1.745 1.672 1.672 1.311 1.131 0.951 0.770 0.590 0.409 0.229 0.048 0.012 0.001 0.001 0.001 0.001 0.002 0.002 0.004 0.002 0.002 0.001 0.000 0.000 0.001 0.001 0.001 0.000 0.000 0.000 0.000 0.000 0.000 0.000 0.008 0.004 0.008 0.064 0.068 0.066 0.060 0.057 0.067 0.102 0.144 0.185 0.222 0.252
1.093 1.042 0.990 0.939 0.888 0.836 0.785 0.733 0.682 0.631 0.303 0.000 0.000 0.000 0.000 0.000 0.000 0.000 0.000 0.000 0.000 0.000 0.245 0.502 0.758 1.015 1.256 1.419 1.582 1.745 1.672 1.672 1.311 1.131 0.951 0.770 0.590 0.409 0.229 0.051 0.027 0.001 0.000 0.000 0.000 0.000 0.000 0.000 0.000 0.000 0.000 0.000 0.000 0.000 0.000 0.000 0.000 0.000 0.000 0.000 0.000 0.000 0.000 0.003 0.001 0.002 0.031 0.038 0.041 0.041 0.045 0.064 0.102 0.144 0.185 0.222 0.252
1.689 1.690 1.639 1.587 1.536 1.485 1.433 1.382 1.331 1.187 0.859 0.530 0.201 0.000 0.000 0.000 0.000 0.000 0.000 0.000 0.061 0.318 0.575 0.832 1.088 1.345 1.602 1.835 1.998 2.151 1.970 1.970 1.609 1.429 1.249 1.068 0.888 0.708 0.527 0.347 0.217 0.177 0.138 0.098 0.058 0.003 0.001 0.001 0.000 0.000 0.000 0.000 0.000 0.000 0.000 0.000 0.000 0.000 0.000 0.000 0.000 0.000 0.000 0.003 0.001 0.003 0.054 0.104 0.149 0.190 0.231 0.273 0.315 0.356 0.398 0.433 0.463
2.163 2.305 2.287 2.236 2.184 2.133 2.082 2.030 1.979 1.743 1.414 1.086 0.757 0.429 0.100 0.100 0.000 0.000 0.000 0.135 0.391 0.648 0.905 1.161 1.418 1.675 1.932 2.189 2.414 2.449 2.268 2.268 1.908 1.727 1.547 1.366 1.185 1.005 0.824 0.643 0.525 0.445 0.405 0.365 0.325 0.285 0.245 0.245 0.164 0.125 0.052 0.000 0.000 0.000 0.000 0.000 0.000 0.000 0.000 0.000 0.000 0.000 0.000 0.093 0.093 0.180 0.251 0.304 0.357 0.402 0.444 0.485 0.527 0.568 0.610 0.644 0.674
3.111 3.252 3.394 3.533 3.481 3.430 3.378 3.327 3.182 2.853 2.525 2.196 1.868 1.539 1.210 1.211 0.553 0.462 0.537 0.794 1.051 1.308 1.564 1.808 2.031 2.253 2.476 2.698 2.904 2.957 2.862 2.862 2.501 2.320 2.140 1.959 1.778 1.598 1.417 1.280 1.176 1.073 0.970 0.899 0.859 0.819 0.779 0.779 0.699 0.658 0.576 0.495 0.413 0.331 0.250 0.168 0.087 0.001 0.000 0.071 0.158 0.245 0.332 0.506 0.506 0.592 0.653 0.706 0.758 0.811 0.864 0.910 0.952 0.993 1.035 1.066 1.095
3.585 3.726 3.868 4.010 4.129 4.078 4.027 3.975 3.737 3.408 3.080 2.751 2.423 2.094 1.766 1.766 1.109 0.780 0.867 1.089 1.312 1.534 1.757 1.979 2.202 2.424 2.647 2.870 3.012 3.064 3.116 3.116 2.798 2.617 2.436 2.256 2.075 1.894 1.714 1.606 1.502 1.399 1.296 1.192 1.126 1.086 1.046 1.046 0.966 0.919 0.838 0.756 0.675 0.593 0.511 0.430 0.348 0.267 0.218 0.289 0.364 0.451 0.538 0.712 0.712 0.798 0.854 0.906 0.959 1.012 1.065 1.117 1.164 1.205 1.247 1.276 1.306
4.059 4.200 4.342 4.484 4.626 4.726 4.675 4.621 4.292 3.964 3.635 3.307 2.978 2.650 2.301 2.301 1.470 1.054 1.058 1.260 1.483 1.705 1.928 2.150 2.373 2.595 2.818 3.041 3.120 3.172 3.224 3.224 3.094 2.914 2.733 2.552 2.372 2.191 2.035 1.931 1.828 1.725 1.621 1.518 1.415 1.353 1.313 1.313 1.233 1.181 1.099 1.018 0.936 0.854 0.773 0.692 0.611 0.530 0.454 0.526 0.597 0.669 0.744 0.918 0.918 1.002 1.054 1.107 1.160 1.213 1.265 1.318 1.371 1.418 1.458 1.487 1.517
4.533 4.674 4.816 4.958 5.100 5.242 5.323 5.176 4.848 4.519 4.158 3.742 3.327 2.911 2.496 2.496 1.664 1.365 1.398 1.431 1.654 1.876 2.099 2.321 2.544 2.766 2.989 3.175 3.227 3.279 3.331 3.331 3.391 3.210 3.029 2.849 2.668 2.487 2.361 2.257 2.154 2.051 1.947 1.844 1.740 1.637 1.580 1.580 1.500 1.442 1.361 1.279 1.198 1.116 1.035 0.954 0.873 0.792 0.712 0.762 0.834 0.905 0.977 1.124 1.123 1.202 1.255 1.308 1.361 1.413 1.466 1.519 1.572 1.625 1.668 1.692 1.715
5.007 5.148 5.290 5.432 5.574 5.716 5.786 5.599 5.183 4.768 4.352 3.937 3.521 3.106 2.690 2.690 1.859 1.705 1.738 1.770 1.825 2.047 2.270 2.492 2.715 2.938 3.160 3.283 3.335 3.387 3.439 3.439 3.543 3.507 3.326 3.145 2.965 2.790 2.686 2.583 2.480 2.376 2.273 2.170 2.066 1.963 1.859 1.859 1.767 1.704 1.622 1.541 1.460 1.379 1.298 1.217 1.136 1.055 0.974 0.998 1.070 1.141 1.213 1.356 1.356 1.453 1.509 1.564 1.620 1.675 1.731 1.786 1.842 1.888 1.877 1.889 1.913
5.480 5.622 5.758 5.724 5.691 5.658 5.624 5.570 5.378 4.962 4.547 4.131 3.715 3.300 2.884 2.884 2.053 2.045 2.077 2.110 2.143 2.218 2.441 2.663 2.886 3.109 3.331 3.390 3.442 3.494 3.547 3.547 3.651 3.703 3.623 3.442 3.261 3.116 3.012 2.909 2.806 2.702 2.599 2.495 2.392 2.289 2.185 2.185 2.035 1.965 1.884 1.803 1.722 1.641 1.560 1.480 1.399 1.318 1.237 1.235 1.306 1.378 1.449 1.623 1.623 1.731 1.802 1.858 1.913 1.969 2.024 2.080 2.123 2.103 2.092 2.103 2.114
5.662 5.629 5.596 5.562 5.529 5.496 5.459 5.402 5.346 5.156 4.741 4.325 3.910 3.494 3.079 3.079 2.352 2.384 2.417 2.450 2.482 2.515 2.612 2.835 3.057 3.280 3.446 3.498 3.550 3.602 3.654 3.654 3.758 3.811 3.863 3.739 3.558 3.441 3.338 3.235 3.131 3.028 2.925 2.821 2.718 2.615 2.511 2.511 2.304 2.227 2.147 2.066 1.985 1.904 1.823 1.742 1.661 1.580 1.499 1.471 1.543 1.614 1.686 1.896 1.896 2.004 2.096 2.152 2.207 2.263 2.318 2.358 2.338 2.318 2.307 2.318 2.329
5.501 5.467 5.434 5.401 5.367 5.334 5.291 5.235 5.178 5.122 4.935 4.520 4.104 3.688 3.273 3.273 2.691 2.724 2.757 2.789 2.822 2.855 2.888 3.006 3.228 3.451 3.553 3.605 3.657 3.710 3.762 3.762 3.866 3.918 3.970 4.022 3.871 3.767 3.664 3.561 3.457 3.345 3.206 3.067 2.928 2.789 2.649 2.649 2.408 2.373 2.339 2.305 2.247 2.167 2.086 2.005 1.924 1.843 1.762 1.708 1.779 1.851 1.952 2.169 2.169 2.277 2.386 2.445 2.501 2.556 2.593 2.573 2.553 2.533 2.522 2.533 2.544
5.339 5.306 5.272 5.239 5.206 5.172 5.124 5.067 5.011 4.954 4.898 4.714 4.298 3.883 3.467 3.467 3.031 3.064 3.096 3.129 3.162 3.195 3.227 3.260 3.399 3.609 3.661 3.713 3.765 3.817 3.869 3.869 3.974 4.022 4.052 4.081 4.067 3.928 3.789 3.650 3.511 3.372 3.233 3.094 2.954 2.815 2.676 2.676 2.493 2.458 2.424 2.390 2.356 2.322 2.288 2.255 2.187 2.106 2.025 1.944 2.015 2.117 2.225 2.442 2.442 2.550 2.658 2.739 2.795 2.828 2.809 2.789 2.769 2.749 2.737 2.748 2.759
5.177 5.144 5.111 5.077 5.044 5.011 4.956 4.900 4.843 4.787 4.730 4.674 4.493 4.077 3.661 3.661 3.370 3.403 3.436 3.469 3.501 3.534 3.567 3.600 3.633 3.716 3.762 3.792 3.822 3.851 3.881 3.881 3.940 3.970 3.999 4.026 4.027 3.955 3.816 3.677 3.538 3.398 3.259 3.120 2.981 2.842 2.703 2.703 2.578 2.543 2.509 2.475 2.441 2.407 2.373 2.339 2.305 2.271 2.238 2.204 2.281 2.389 2.498 2.715 2.715 2.823 2.931 3.033 3.064 3.044 3.024 3.004 2.984 2.964 2.952 2.963 2.974
5.015 4.982 4.949 4.915 4.882 4.845 4.789 4.732 4.676 4.619 4.563 4.506 4.450 4.271 3.856 3.856 3.710 3.743 3.776 3.808 3.841 3.863 3.872 3.881 3.890 3.707 3.710 3.739 3.769 3.799 3.828 3.828 3.887 3.917 3.947 3.960 3.960 3.961 3.842 3.703 3.564 3.425 3.286 3.147 3.008 2.869 2.734 2.734 2.664 2.629 2.594 2.560 2.526 2.492 2.458 2.424 2.390 2.356 2.322 2.339 2.423 2.541 2.659 2.895 2.895 3.013 3.131 3.244 3.279 3.259 3.239 3.219 3.199 3.179 3.167 3.178 3.189
4.854 4.820 4.787 4.754 4.720 4.677 4.621 4.565 4.508 4.452 4.395 4.339 4.283 4.226 4.050 4.050 4.044 4.053 4.062 4.071 4.079 4.088 4.097 4.106 4.062 3.842 3.657 3.687 3.716 3.746 3.775 3.775 3.835 3.864 3.892 3.893 3.894 3.895 3.869 3.730 3.591 3.452 3.313 3.174 3.035 2.896 2.819 2.819 2.749 2.714 2.679 2.645 2.611 2.577 2.543 2.509 2.475 2.441 2.422 2.495 2.568 2.670 2.788 3.024 3.024 3.142 3.260 3.353 3.414 3.474 3.454 3.434 3.414 3.394 3.382 3.393 3.404
4.538 4.659 4.625 4.592 4.559 4.510 4.453 4.397 4.341 4.284 4.228 4.171 4.119 4.092 4.103 4.103 4.269 4.278 4.287 4.296 4.305 4.314 4.323 4.331 4.197 3.977 3.758 3.634 3.664 3.693 3.723 3.723 3.782 3.811 3.826 3.827 3.827 3.828 3.829 3.757 3.618 3.479 3.340 3.201 3.062 2.940 2.905 2.905 2.835 2.800 2.764 2.730 2.696 2.662 2.628 2.594 2.560 2.526 2.578 2.651 2.724 2.800 2.918 3.154 3.154 3.272 3.390 3.461 3.522 3.583 3.644 3.649 3.629 3.609 3.597 3.608 3.619
4.538 4.659 4.625 4.592 4.559 4.510 4.453 4.397 4.341 4.284 4.228 4.171 4.119 4.092 4.103 4.103 4.269 4.278 4.287 4.296 4.305 4.314 4.323 4.331 4.197 3.978 3.758 3.634 3.664 3.693 3.723 3.723 3.782 3.812 3.826 3.827 3.828 3.828 3.829 3.757 3.618 3.479 3.340 3.201 3.062 2.940 2.905 2.905 2.835 2.800 2.764 2.730 2.696 2.662 2.628 2.594 2.560 2.526 2.578 2.651 2.724 2.800 2.918 3.154 3.154 3.272 3.390 3.461 3.522 3.583 3.644 3.649 3.629 3.609 3.597 3.608 3.619
4.077 4.278 4.464 4.430 4.397 4.342 4.286 4.230 4.173 4.132 4.105 4.077 4.050 4.022 4.106 4.106 4.494 4.503 4.512 4.521 4.530 4.539 4.548 4.552 4.332 4.113 3.893 3.674 3.611 3.640 3.670 3.670 3.729 3.759 3.760 3.760 3.761 3.762 3.763 3.763 3.645 3.506 3.367 3.228 3.088 3.025 2.990 2.990 2.920 2.885 2.850 2.815 2.781 2.747 2.713 2.679 2.645 2.661 2.734 2.807 2.880 2.953 3.048 3.284 3.284 3.402 3.508 3.569 3.630 3.691 3.752 3.813 3.845 3.825 3.812 3.823 3.834
3.615 3.816 4.017 4.218 4.231 4.175 4.145 4.118 4.090 4.063 4.035 4.008 3.981 3.953 4.110 4.110 4.601 4.729 4.738 4.746 4.755 4.764 4.773 4.687 4.468 4.248 4.029 3.809 3.590 3.588 3.617 3.617 3.677 3.692 3.693 3.694 3.695 3.695 3.696 3.697 3.672 3.533 3.393 3.254 3.146 3.111 3.076 3.075 3.005 2.970 2.935 2.900 2.865 2.831 2.798 2.764 2.744 2.817 2.890 2.963 3.036 3.109 3.182 3.413 3.413 3.531 3.616 3.677 3.738 3.799 3.860 3.921 3.982 4.040 4.027 4.038 3.993
2.786 3.097 3.408 3.719 3.883 3.968 4.007 3.979 3.952 3.924 3.897 3.870 3.842 3.871 4.117 4.117 4.608 4.853 5.099 5.197 5.206 5.215 5.177 4.958 4.738 4.519 4.299 4.080 3.860 3.641 3.512 3.512 3.559 3.560 3.560 3.561 3.562 3.563 3.563 3.564 3.565 3.565 3.447 3.352 3.317 3.282 3.247 3.246 3.176 3.141 3.106 3.071 3.036 3.001 2.967 2.984 3.057 3.130 3.202 3.275 3.348 3.421 3.494 3.672 3.672 3.772 3.833 3.894 3.955 4.016 4.011 4.002 3.993 3.984 4.019 4.095 4.081
