includes/camargue/floodfiles/results_R3_t1.562344836599E12/res-0003.wd
ncols         906
nrows         631
xllcorner     362177.146667
yllcorner     6534725.688020
cellsize      20.000000
NODATA_value  -9999.000000
[rows 578 to 611 of 631, columns 77 to 153 of 906]
5.293 5.272 5.263 5.254 5.228 5.201 5.175 5.148 5.122 5.083 5.035 4.941 4.941 4.893 4.856 4.821 4.786 4.751 4.716 4.692 4.691 4.691 4.690 4.685 4.679 4.674 4.668 4.657 4.657 4.651 4.648 4.649 4.650 4.651 4.652 4.653 4.654 4.656 4.621 4.584 4.555 4.543 4.531 4.506 4.506 4.494 4.481 4.469 4.456 4.444 4.429 4.423 4.422 4.420 4.419 4.417 4.416 4.415 4.413 4.412 4.412 4.401 4.393 4.387 4.398 4.408 4.419 4.429 4.440 4.451 4.483 4.521 4.560 4.598 4.637 4.665 4.665
5.297 5.275 5.258 5.232 5.205 5.179 5.152 5.126 5.099 5.070 5.022 4.927 4.927 4.883 4.848 4.813 4.778 4.743 4.708 4.673 4.651 4.650 4.649 4.643 4.637 4.632 4.626 4.622 4.622 4.622 4.621 4.620 4.618 4.619 4.620 4.621 4.622 4.624 4.611 4.574 4.555 4.543 4.531 4.506 4.506 4.494 4.478 4.463 4.447 4.432 4.417 4.407 4.401 4.400 4.398 4.397 4.395 4.394 4.392 4.391 4.391 4.378 4.371 4.363 4.359 4.369 4.380 4.391 4.401 4.417 4.455 4.494 4.532 4.571 4.609 4.648 4.648
5.276 5.261 5.236 5.209 5.183 5.156 5.130 5.103 5.076 5.050 5.009 4.914 4.914 4.876 4.841 4.806 4.771 4.736 4.701 4.665 4.630 4.609 4.606 4.601 4.597 4.598 4.599 4.600 4.600 4.600 4.599 4.598 4.596 4.595 4.593 4.592 4.591 4.592 4.593 4.568 4.555 4.543 4.528 4.497 4.497 4.481 4.466 4.451 4.435 4.420 4.406 4.396 4.385 4.379 4.377 4.376 4.374 4.373 4.371 4.370 4.370 4.356 4.348 4.340 4.333 4.330 4.341 4.352 4.363 4.389 4.427 4.466 4.505 4.543 4.582 4.620 4.620
5.247 5.231 5.207 5.183 5.159 5.134 5.107 5.081 5.054 5.028 4.996 4.903 4.903 4.868 4.833 4.798 4.763 4.728 4.693 4.658 4.622 4.590 4.574 4.575 4.575 4.576 4.577 4.578 4.578 4.578 4.577 4.576 4.574 4.573 4.572 4.570 4.569 4.567 4.566 4.562 4.547 4.531 4.516 4.485 4.485 4.469 4.454 4.438 4.423 4.408 4.395 4.384 4.374 4.363 4.356 4.355 4.353 4.352 4.351 4.348 4.348 4.333 4.325 4.318 4.310 4.303 4.302 4.313 4.324 4.361 4.400 4.439 4.477 4.516 4.554 4.593 4.593
5.217 5.202 5.178 5.154 5.130 5.106 5.082 5.058 5.032 5.005 4.978 4.896 4.895 4.860 4.825 4.790 4.755 4.723 4.692 4.661 4.630 4.599 4.576 4.554 4.553 4.554 4.555 4.556 4.556 4.557 4.556 4.554 4.552 4.551 4.550 4.548 4.547 4.547 4.549 4.544 4.533 4.519 4.504 4.473 4.473 4.457 4.442 4.426 4.411 4.396 4.384 4.373 4.362 4.352 4.341 4.334 4.333 4.331 4.330 4.325 4.325 4.310 4.303 4.295 4.288 4.280 4.273 4.274 4.295 4.334 4.372 4.411 4.450 4.488 4.527 4.565 4.565
5.187 5.173 5.149 5.125 5.101 5.077 5.053 5.029 5.004 4.980 4.956 4.888 4.888 4.856 4.825 4.794 4.763 4.731 4.700 4.669 4.638 4.607 4.585 4.563 4.541 4.532 4.533 4.534 4.534 4.535 4.534 4.532 4.531 4.529 4.528 4.527 4.529 4.530 4.532 4.526 4.516 4.505 4.491 4.460 4.460 4.445 4.430 4.414 4.399 4.384 4.373 4.362 4.351 4.341 4.330 4.319 4.312 4.310 4.309 4.302 4.303 4.287 4.280 4.272 4.265 4.258 4.250 4.243 4.264 4.302 4.339 4.376 4.413 4.450 4.487 4.525 4.525
5.157 5.144 5.120 5.096 5.072 5.048 5.024 4.999 4.975 4.951 4.930 4.896 4.896 4.865 4.833 4.802 4.771 4.739 4.708 4.677 4.646 4.617 4.595 4.573 4.551 4.528 4.511 4.512 4.512 4.513 4.511 4.510 4.509 4.507 4.509 4.510 4.512 4.513 4.515 4.509 4.498 4.487 4.476 4.448 4.448 4.433 4.417 4.402 4.386 4.372 4.362 4.351 4.340 4.330 4.319 4.308 4.297 4.289 4.287 4.280 4.280 4.265 4.257 4.250 4.243 4.235 4.228 4.222 4.221 4.258 4.295 4.332 4.369 4.406 4.443 4.481 4.481
5.127 5.114 5.091 5.067 5.043 5.019 4.995 4.970 4.946 4.931 4.918 4.888 4.888 4.872 4.841 4.810 4.779 4.748 4.716 4.685 4.654 4.626 4.604 4.582 4.560 4.538 4.516 4.490 4.490 4.491 4.490 4.488 4.488 4.490 4.492 4.493 4.495 4.497 4.498 4.491 4.480 4.469 4.458 4.436 4.436 4.421 4.405 4.390 4.374 4.361 4.350 4.340 4.329 4.318 4.308 4.297 4.286 4.275 4.265 4.257 4.257 4.243 4.235 4.228 4.221 4.213 4.206 4.203 4.202 4.214 4.251 4.288 4.325 4.362 4.400 4.437 4.437
5.097 5.084 5.062 5.038 5.014 4.989 4.965 4.946 4.933 4.919 4.905 4.875 4.875 4.860 4.844 4.818 4.787 4.756 4.725 4.693 4.662 4.636 4.614 4.592 4.570 4.548 4.526 4.481 4.481 4.469 4.469 4.470 4.472 4.473 4.475 4.477 4.478 4.480 4.482 4.473 4.462 4.451 4.441 4.419 4.419 4.408 4.393 4.378 4.362 4.350 4.339 4.329 4.318 4.307 4.296 4.287 4.279 4.270 4.255 4.235 4.235 4.221 4.213 4.206 4.198 4.191 4.184 4.183 4.183 4.182 4.207 4.244 4.281 4.318 4.355 4.393 4.393
5.067 5.054 5.033 5.009 4.984 4.961 4.948 4.934 4.920 4.907 4.893 4.863 4.863 4.848 4.832 4.816 4.795 4.764 4.732 4.701 4.670 4.645 4.623 4.601 4.579 4.557 4.535 4.487 4.487 4.456 4.452 4.453 4.455 4.456 4.458 4.460 4.461 4.463 4.465 4.456 4.445 4.434 4.423 4.401 4.401 4.390 4.379 4.365 4.350 4.339 4.328 4.318 4.308 4.300 4.291 4.283 4.274 4.266 4.249 4.226 4.226 4.199 4.191 4.184 4.176 4.169 4.165 4.164 4.163 4.162 4.163 4.200 4.237 4.274 4.311 4.348 4.348
5.067 5.054 5.033 5.009 4.984 4.961 4.948 4.934 4.920 4.907 4.893 4.863 4.863 4.847 4.832 4.816 4.795 4.764 4.732 4.701 4.670 4.646 4.623 4.601 4.579 4.557 4.535 4.488 4.488 4.456 4.451 4.453 4.455 4.456 4.458 4.460 4.461 4.463 4.465 4.456 4.445 4.434 4.423 4.401 4.401 4.390 4.379 4.365 4.350 4.339 4.328 4.317 4.308 4.300 4.291 4.283 4.274 4.266 4.248 4.226 4.227 4.199 4.191 4.184 4.176 4.169 4.165 4.164 4.163 4.162 4.163 4.200 4.237 4.274 4.312 4.348 4.348
5.037 5.024 5.004 4.979 4.963 4.949 4.935 4.922 4.908 4.894 4.881 4.851 4.851 4.835 4.819 4.804 4.788 4.772 4.741 4.709 4.678 4.655 4.633 4.611 4.589 4.567 4.537 4.474 4.474 4.443 4.441 4.438 4.438 4.439 4.441 4.443 4.444 4.446 4.448 4.438 4.427 4.416 4.405 4.383 4.383 4.372 4.362 4.351 4.339 4.329 4.321 4.312 4.304 4.295 4.287 4.279 4.270 4.261 4.242 4.220 4.220 4.176 4.169 4.162 4.154 4.147 4.146 4.145 4.144 4.143 4.142 4.156 4.193 4.230 4.267 4.289 4.289
5.008 4.994 4.978 4.964 4.950 4.937 4.923 4.909 4.896 4.882 4.868 4.838 4.838 4.823 4.807 4.791 4.776 4.760 4.745 4.717 4.686 4.664 4.642 4.618 4.586 4.554 4.523 4.459 4.460 4.432 4.430 4.427 4.425 4.423 4.424 4.426 4.428 4.429 4.431 4.420 4.409 4.398 4.387 4.365 4.366 4.355 4.344 4.337 4.330 4.325 4.317 4.308 4.299 4.291 4.283 4.274 4.266 4.257 4.235 4.214 4.214 4.170 4.148 4.140 4.132 4.127 4.126 4.125 4.124 4.123 4.122 4.121 4.149 4.186 4.223 4.229 4.229
4.949 4.935 4.927 4.923 4.920 4.912 4.899 4.885 4.871 4.858 4.844 4.814 4.814 4.798 4.782 4.767 4.751 4.736 4.720 4.704 4.683 4.653 4.621 4.590 4.558 4.527 4.495 4.432 4.432 4.410 4.408 4.406 4.403 4.401 4.398 4.396 4.394 4.395 4.395 4.384 4.374 4.363 4.356 4.341 4.341 4.334 4.326 4.319 4.312 4.307 4.302 4.297 4.291 4.282 4.274 4.265 4.257 4.245 4.223 4.201 4.201 4.157 4.135 4.113 4.093 4.091 4.088 4.087 4.086 4.085 4.084 4.083 4.082 4.098 4.112 4.110 4.110
4.920 4.905 4.897 4.893 4.890 4.886 4.883 4.873 4.859 4.845 4.832 4.801 4.801 4.786 4.770 4.755 4.739 4.722 4.705 4.689 4.667 4.637 4.607 4.576 4.544 4.513 4.481 4.418 4.418 4.400 4.397 4.395 4.392 4.390 4.388 4.385 4.383 4.380 4.378 4.369 4.361 4.354 4.347 4.332 4.332 4.324 4.317 4.309 4.303 4.298 4.293 4.288 4.283 4.278 4.269 4.261 4.252 4.238 4.216 4.194 4.194 4.150 4.129 4.109 4.087 4.083 4.081 4.079 4.076 4.074 4.071 4.069 4.066 4.062 4.071 4.083 4.083
4.890 4.875 4.867 4.863 4.860 4.856 4.853 4.849 4.846 4.833 4.819 4.789 4.789 4.774 4.757 4.741 4.724 4.707 4.691 4.674 4.651 4.621 4.591 4.561 4.530 4.499 4.467 4.404 4.404 4.389 4.386 4.384 4.382 4.379 4.377 4.374 4.372 4.367 4.363 4.360 4.352 4.345 4.338 4.322 4.322 4.315 4.307 4.300 4.294 4.289 4.285 4.279 4.274 4.269 4.265 4.257 4.248 4.232 4.210 4.188 4.188 4.146 4.125 4.104 4.083 4.077 4.074 4.072 4.069 4.067 4.064 4.061 4.057 4.044 4.049 4.059 4.059
4.860 4.845 4.837 4.833 4.830 4.826 4.823 4.819 4.816 4.812 4.807 4.776 4.776 4.759 4.743 4.726 4.709 4.693 4.676 4.659 4.635 4.605 4.575 4.545 4.515 4.485 4.453 4.390 4.390 4.378 4.375 4.373 4.371 4.368 4.365 4.359 4.354 4.349 4.346 4.344 4.343 4.336 4.328 4.313 4.313 4.306 4.298 4.291 4.285 4.280 4.275 4.270 4.265 4.260 4.256 4.251 4.244 4.226 4.204 4.184 4.183 4.142 4.121 4.100 4.079 4.070 4.067 4.064 4.062 4.060 4.057 4.052 4.039 4.026 4.027 4.037 4.037
4.830 4.815 4.806 4.803 4.800 4.796 4.793 4.789 4.786 4.782 4.791 4.761 4.761 4.745 4.728 4.711 4.695 4.678 4.661 4.645 4.620 4.590 4.559 4.529 4.499 4.469 4.439 4.376 4.376 4.367 4.365 4.362 4.358 4.352 4.347 4.342 4.337 4.332 4.329 4.327 4.326 4.324 4.319 4.304 4.304 4.296 4.289 4.282 4.276 4.271 4.267 4.262 4.257 4.252 4.247 4.242 4.237 4.221 4.200 4.179 4.179 4.137 4.116 4.096 4.075 4.062 4.060 4.057 4.055 4.052 4.047 4.034 4.021 4.008 4.005 4.015 4.015
4.800 4.785 4.776 4.773 4.769 4.766 4.763 4.759 4.766 4.778 4.791 4.754 4.754 4.730 4.713 4.697 4.680 4.664 4.647 4.630 4.604 4.573 4.543 4.513 4.483 4.453 4.423 4.362 4.362 4.355 4.350 4.345 4.340 4.335 4.330 4.325 4.320 4.315 4.312 4.311 4.309 4.307 4.306 4.295 4.295 4.287 4.280 4.272 4.268 4.263 4.258 4.253 4.248 4.243 4.238 4.233 4.228 4.212 4.193 4.175 4.175 4.133 4.112 4.091 4.070 4.055 4.053 4.050 4.048 4.042 4.029 4.016 4.003 3.990 3.983 3.994 3.994
4.770 4.755 4.746 4.743 4.739 4.736 4.741 4.753 4.766 4.778 4.791 4.753 4.753 4.727 4.702 4.682 4.665 4.649 4.632 4.616 4.588 4.558 4.527 4.497 4.467 4.437 4.407 4.351 4.351 4.338 4.333 4.328 4.323 4.318 4.312 4.307 4.302 4.297 4.295 4.294 4.292 4.290 4.289 4.286 4.286 4.278 4.271 4.264 4.259 4.254 4.249 4.243 4.238 4.234 4.229 4.224 4.219 4.203 4.184 4.166 4.166 4.129 4.108 4.087 4.066 4.048 4.046 4.043 4.037 4.024 4.011 3.998 3.985 3.973 3.962 3.972 3.972
4.740 4.725 4.716 4.713 4.715 4.728 4.740 4.753 4.765 4.778 4.790 4.751 4.751 4.726 4.701 4.675 4.651 4.634 4.617 4.601 4.572 4.542 4.512 4.481 4.452 4.424 4.396 4.342 4.342 4.330 4.317 4.311 4.305 4.300 4.295 4.290 4.285 4.280 4.278 4.277 4.275 4.274 4.272 4.269 4.269 4.267 4.261 4.255 4.250 4.245 4.240 4.235 4.230 4.225 4.220 4.215 4.210 4.194 4.175 4.157 4.157 4.120 4.102 4.083 4.062 4.041 4.038 4.032 4.019 4.006 3.993 3.980 3.967 3.955 3.942 3.951 3.950
4.736 4.701 4.690 4.702 4.715 4.727 4.740 4.752 4.765 4.777 4.790 4.750 4.750 4.724 4.699 4.674 4.648 4.622 4.603 4.586 4.556 4.526 4.497 4.469 4.441 4.414 4.386 4.334 4.334 4.322 4.309 4.297 4.288 4.283 4.278 4.273 4.267 4.263 4.261 4.260 4.258 4.257 4.255 4.252 4.252 4.250 4.249 4.246 4.241 4.236 4.231 4.226 4.221 4.216 4.211 4.206 4.201 4.184 4.166 4.148 4.148 4.111 4.093 4.074 4.056 4.037 4.027 4.014 4.001 3.988 3.975 3.962 3.949 3.937 3.924 3.929 3.929
4.743 4.693 4.678 4.702 4.714 4.727 4.740 4.752 4.764 4.777 4.790 4.748 4.749 4.723 4.697 4.672 4.646 4.621 4.596 4.570 4.542 4.514 4.487 4.459 4.431 4.403 4.375 4.326 4.326 4.314 4.301 4.289 4.276 4.265 4.260 4.255 4.250 4.246 4.244 4.243 4.241 4.240 4.238 4.235 4.235 4.228 4.220 4.222 4.231 4.227 4.222 4.217 4.212 4.207 4.202 4.197 4.192 4.175 4.157 4.139 4.139 4.102 4.084 4.065 4.047 4.031 4.014 3.996 3.983 3.970 3.957 3.944 3.932 3.919 3.906 3.907 3.907
4.723 4.673 4.657 4.682 4.706 4.727 4.739 4.752 4.764 4.777 4.789 4.747 4.747 4.722 4.696 4.671 4.645 4.619 4.591 4.562 4.532 4.504 4.476 4.448 4.420 4.392 4.365 4.318 4.318 4.305 4.293 4.280 4.268 4.255 4.243 4.238 4.233 4.229 4.227 4.226 4.224 4.223 4.217 4.202 4.202 4.195 4.187 4.191 4.200 4.210 4.213 4.208 4.203 4.198 4.193 4.188 4.183 4.166 4.148 4.130 4.130 4.093 4.075 4.057 4.042 4.027 4.010 3.992 3.975 3.957 3.939 3.927 3.914 3.901 3.888 3.886 3.886
4.703 4.653 4.637 4.661 4.686 4.710 4.735 4.751 4.764 4.777 4.789 4.745 4.746 4.720 4.695 4.669 4.640 4.611 4.582 4.553 4.524 4.494 4.466 4.438 4.410 4.382 4.354 4.310 4.310 4.297 4.284 4.272 4.259 4.247 4.234 4.222 4.215 4.212 4.210 4.207 4.200 4.192 4.185 4.169 4.169 4.162 4.154 4.159 4.169 4.178 4.188 4.198 4.194 4.189 4.184 4.179 4.174 4.157 4.139 4.121 4.121 4.084 4.068 4.053 4.037 4.022 4.006 3.988 3.970 3.953 3.935 3.918 3.900 3.883 3.870 3.864 3.864
4.684 4.634 4.617 4.641 4.666 4.690 4.714 4.739 4.763 4.776 4.789 4.744 4.744 4.718 4.689 4.660 4.631 4.602 4.573 4.544 4.515 4.486 4.457 4.427 4.400 4.372 4.344 4.301 4.301 4.289 4.276 4.264 4.251 4.239 4.226 4.213 4.201 4.189 4.182 4.174 4.166 4.159 4.151 4.136 4.136 4.129 4.121 4.128 4.138 4.147 4.157 4.166 4.176 4.180 4.175 4.170 4.165 4.148 4.130 4.111 4.111 4.079 4.064 4.048 4.033 4.017 4.002 3.984 3.966 3.949 3.931 3.913 3.896 3.878 3.861 3.850 3.850
4.684 4.634 4.617 4.641 4.666 4.690 4.714 4.739 4.763 4.776 4.789 4.744 4.744 4.718 4.689 4.660 4.631 4.602 4.574 4.544 4.515 4.486 4.456 4.427 4.399 4.372 4.344 4.301 4.301 4.289 4.276 4.264 4.251 4.238 4.226 4.213 4.201 4.189 4.182 4.174 4.167 4.159 4.151 4.136 4.136 4.129 4.121 4.128 4.138 4.147 4.157 4.166 4.176 4.180 4.175 4.170 4.165 4.148 4.130 4.111 4.111 4.079 4.064 4.048 4.033 4.017 4.001 3.984 3.966 3.949 3.931 3.913 3.896 3.878 3.861 3.850 3.850
4.664 4.613 4.597 4.621 4.645 4.670 4.694 4.718 4.743 4.767 4.788 4.738 4.738 4.709 4.681 4.652 4.623 4.594 4.565 4.536 4.507 4.477 4.448 4.419 4.389 4.361 4.333 4.293 4.293 4.280 4.268 4.255 4.243 4.230 4.219 4.207 4.196 4.167 4.148 4.141 4.133 4.126 4.118 4.103 4.103 4.096 4.088 4.097 4.107 4.116 4.126 4.135 4.145 4.154 4.163 4.161 4.156 4.139 4.121 4.105 4.105 4.074 4.059 4.044 4.028 4.013 3.997 3.980 3.962 3.944 3.927 3.909 3.892 3.874 3.864 3.863 3.863
4.644 4.593 4.576 4.601 4.625 4.649 4.674 4.698 4.723 4.747 4.770 4.729 4.730 4.701 4.672 4.643 4.614 4.585 4.556 4.527 4.498 4.469 4.440 4.410 4.381 4.351 4.323 4.285 4.285 4.272 4.260 4.249 4.237 4.226 4.214 4.203 4.187 4.157 4.128 4.108 4.100 4.093 4.085 4.070 4.070 4.062 4.056 4.066 4.075 4.085 4.095 4.104 4.113 4.123 4.132 4.142 4.147 4.131 4.116 4.101 4.101 4.070 4.054 4.039 4.024 4.008 3.993 3.976 3.958 3.940 3.923 3.905 3.887 3.875 3.875 3.874 3.874
4.604 4.554 4.536 4.560 4.585 4.609 4.632 4.655 4.678 4.701 4.724 4.689 4.690 4.670 4.650 4.626 4.597 4.568 4.540 4.510 4.481 4.452 4.423 4.393 4.364 4.340 4.315 4.274 4.274 4.262 4.251 4.239 4.228 4.216 4.204 4.193 4.167 4.138 4.109 4.080 4.050 4.027 4.019 4.004 4.004 3.996 3.994 4.004 4.013 4.023 4.032 4.042 4.051 4.062 4.080 4.097 4.115 4.108 4.099 4.089 4.089 4.061 4.045 4.030 4.015 3.999 3.984 3.967 3.950 3.932 3.914 3.900 3.899 3.898 3.898 3.897 3.897
4.583 4.534 4.516 4.540 4.563 4.586 4.609 4.632 4.655 4.678 4.701 4.666 4.666 4.647 4.627 4.607 4.588 4.560 4.531 4.502 4.473 4.443 4.417 4.392 4.368 4.343 4.319 4.276 4.277 4.257 4.246 4.234 4.223 4.211 4.200 4.187 4.157 4.128 4.099 4.070 4.041 4.012 3.986 3.971 3.971 3.963 3.963 3.972 3.982 3.992 4.001 4.010 4.028 4.046 4.064 4.082 4.100 4.093 4.083 4.074 4.074 4.055 4.041 4.025 4.010 3.995 3.979 3.963 3.946 3.928 3.912 3.911 3.910 3.910 3.909 3.908 3.908
4.522 4.495 4.494 4.517 4.540 4.563 4.586 4.609 4.632 4.655 4.678 4.643 4.643 4.624 4.604 4.584 4.565 4.545 4.523 4.494 4.469 4.445 4.420 4.396 4.372 4.347 4.323 4.281 4.281 4.260 4.241 4.229 4.218 4.206 4.195 4.177 4.148 4.119 4.089 4.060 4.031 4.002 3.972 3.938 3.938 3.930 3.932 3.941 3.951 3.960 3.977 3.995 4.012 4.030 4.048 4.066 4.084 4.077 4.068 4.058 4.058 4.039 4.029 4.020 4.006 3.990 3.975 3.959 3.941 3.924 3.923 3.922 3.922 3.921 3.920 3.919 3.919
4.474 4.474 4.481 4.498 4.518 4.541 4.563 4.586 4.610 4.633 4.656 4.620 4.620 4.600 4.581 4.561 4.542 4.522 4.510 4.495 4.472 4.448 4.424 4.400 4.375 4.351 4.327 4.285 4.285 4.264 4.243 4.225 4.213 4.201 4.190 4.167 4.138 4.109 4.080 4.050 4.021 3.992 3.963 3.905 3.905 3.897 3.901 3.910 3.925 3.943 3.961 3.979 3.997 4.014 4.032 4.050 4.068 4.062 4.052 4.042 4.042 4.023 4.014 4.004 3.994 3.985 3.970 3.955 3.937 3.935 3.935 3.934 3.933 3.932 3.931 3.931 3.930
4.462 4.462 4.468 4.485 4.502 4.520 4.541 4.563 4.587 4.610 4.633 4.597 4.597 4.577 4.558 4.538 4.525 4.513 4.501 4.486 4.470 4.452 4.427 4.403 4.379 4.354 4.331 4.289 4.290 4.269 4.248 4.227 4.208 4.197 4.185 4.157 4.128 4.099 4.070 4.041 4.011 3.982 3.953 3.894 3.894 3.865 3.874 3.891 3.909 3.927 3.945 3.963 3.981 3.999 4.017 4.034 4.052 4.046 4.036 4.027 4.027 4.008 3.998 3.989 3.979 3.969 3.960 3.950 3.947 3.946 3.946 3.945 3.944 3.943 3.943 3.942 3.942
