includes/camargue/floodfiles/results_R3_t1.562344836599E12/res-0014.wd
ncols         906
nrows         631
xllcorner     362177.146667
yllcorner     6534725.688020
cellsize      20.000000
NODATA_value  -9999.000000
[rows 374 to 407 of 631, columns 693 to 769 of 906]
0.000 0.519 1.541 0.000 0.000 0.000 0.000 0.050 0.050 0.500 0.000 0.000 0.000 0.000 0.000 0.000 0.000 0.000 0.000 0.000 0.000 0.000 0.000 0.000 0.000 0.002 0.000 0.000 0.283 0.323 0.273 0.452 0.522 0.087 0.080 0.419 0.599 0.000 0.238 0.850 0.850 0.840 0.970 0.320 0.930 0.000 0.280 0.390 0.700 0.520 0.850 0.940 0.100 0.004 0.000 0.000 0.000 0.000 0.000 0.000 0.000 0.000 0.000 0.560 0.750 0.761 0.821 0.821 0.881 0.921 0.931 1.051 0.981 0.981 0.424 1.132 1.112
0.000 0.536 0.000 0.000 0.000 0.002 0.001 0.002 0.002 0.000 0.000 0.000 0.000 0.000 0.000 0.000 0.000 0.000 0.000 0.000 0.000 0.000 0.000 0.000 0.000 0.000 0.000 0.000 0.000 0.000 0.005 0.017 0.000 0.000 0.104 0.339 0.449 0.000 0.274 0.890 0.890 0.900 0.640 0.220 0.410 0.410 0.250 0.310 0.500 0.500 0.460 0.130 0.000 0.156 0.000 0.000 0.000 0.000 0.000 0.000 0.000 0.000 0.530 0.650 0.850 0.771 0.861 0.881 0.891 0.911 0.961 0.213 0.992 0.992 1.022 1.022 0.831
0.540 0.557 0.000 0.000 0.206 0.298 0.293 0.002 0.005 0.000 0.000 0.000 0.000 0.000 0.000 0.000 0.113 0.033 0.125 0.205 0.023 0.018 0.052 0.149 0.150 0.073 0.027 0.000 0.000 0.000 0.070 0.017 0.012 0.000 0.088 0.173 0.330 0.574 0.495 0.000 0.000 0.540 0.000 0.360 0.000 0.320 0.430 0.290 0.520 0.250 0.000 0.000 0.000 0.000 0.000 0.000 0.000 0.000 0.000 0.000 0.000 0.561 0.550 0.770 0.760 0.830 0.931 0.861 0.991 0.971 0.269 0.941 0.982 0.982 0.952 1.102 0.959
0.562 0.000 0.000 0.116 0.279 0.178 0.116 0.359 0.368 0.632 0.224 0.319 0.000 0.000 0.000 0.000 0.000 0.029 0.003 0.010 0.048 0.179 0.211 0.000 0.000 0.220 0.250 0.050 0.003 0.000 0.000 0.011 0.063 0.109 0.118 0.072 0.430 0.263 0.685 0.000 0.000 0.000 0.050 0.260 0.340 0.490 0.470 0.000 0.000 0.000 0.000 0.000 0.000 0.000 0.000 0.000 0.000 0.000 0.000 0.000 0.532 0.641 0.731 0.701 0.790 0.931 0.841 0.911 0.971 1.021 0.440 1.082 1.132 1.132 1.072 1.092 1.112
0.000 0.000 0.092 0.231 0.083 0.000 0.000 0.000 0.000 0.000 0.000 0.559 0.501 0.336 0.221 0.294 0.088 0.055 0.103 0.219 0.107 0.035 0.049 0.064 0.069 0.037 0.210 0.231 0.004 0.079 0.104 0.064 0.124 0.097 0.086 0.185 0.000 0.000 0.455 0.000 0.000 0.000 0.020 0.320 0.000 0.000 0.000 0.000 0.000 0.000 0.000 0.000 0.000 0.068 0.068 0.000 0.001 0.000 0.282 0.682 0.701 0.561 0.811 0.781 0.771 0.971 0.981 1.021 0.991 1.131 1.111 1.072 1.132 1.132 1.052 1.186 1.301
0.000 0.000 0.081 0.214 0.042 0.000 0.000 0.000 0.000 0.000 0.000 0.560 0.501 0.337 0.221 0.294 0.088 0.054 0.103 0.219 0.106 0.047 0.058 0.067 0.070 0.037 0.211 0.231 0.002 0.074 0.099 0.055 0.118 0.074 0.058 0.167 0.000 0.000 0.455 0.000 0.000 0.000 0.020 0.320 0.000 0.000 0.000 0.001 0.000 0.000 0.000 0.000 0.000 0.068 0.068 0.000 0.000 0.000 0.282 0.682 0.702 0.561 0.811 0.781 0.771 0.971 0.981 1.021 0.991 1.131 1.112 1.072 1.132 1.132 1.052 1.187 1.302
0.000 0.021 0.067 0.211 0.040 0.000 0.000 0.000 0.000 0.000 0.000 0.000 0.000 0.491 0.573 0.000 0.000 0.000 0.004 0.111 0.011 0.081 0.178 0.321 0.322 0.177 0.370 0.242 0.307 0.116 0.105 0.181 0.025 0.099 0.143 0.190 0.076 0.000 0.000 0.000 0.000 0.000 0.000 0.000 0.000 0.000 0.000 0.000 0.000 0.000 0.000 0.000 0.000 0.000 0.000 0.000 0.493 0.493 0.623 0.752 0.662 0.861 0.701 0.831 0.981 0.931 0.911 0.981 0.961 1.072 0.782 0.897 1.022 1.022 1.243 1.358 1.103
0.048 0.106 0.082 0.083 0.048 0.000 0.000 0.000 0.000 0.000 0.000 0.000 0.000 0.000 0.379 0.148 0.597 0.699 0.337 0.024 0.069 0.344 0.198 0.251 0.253 0.237 0.330 0.402 0.128 0.026 0.133 0.191 0.111 0.135 0.067 0.114 0.044 0.014 0.059 0.000 0.000 0.000 0.000 0.000 0.000 0.000 0.000 0.075 0.315 0.275 0.285 0.000 0.000 0.000 0.000 0.000 0.684 0.683 0.703 0.703 0.792 0.742 0.932 0.961 0.881 0.991 1.051 0.608 1.112 1.002 0.953 1.068 1.298 1.299 1.414 1.529 1.644
0.183 0.254 0.194 0.155 0.135 0.000 0.000 0.000 0.000 0.000 0.000 0.000 0.000 0.000 0.000 0.000 0.000 0.000 0.343 0.031 0.039 0.364 0.397 0.321 0.323 0.437 0.110 0.183 0.156 0.234 0.150 0.019 0.137 0.169 0.015 0.183 0.073 0.109 0.048 0.078 0.078 0.048 0.000 0.168 0.068 0.001 0.315 0.405 0.155 0.255 0.000 0.000 0.000 0.000 0.585 0.554 0.864 0.864 0.733 0.853 0.843 0.802 0.892 1.052 0.982 0.610 0.835 0.950 1.122 1.072 1.295 1.082 1.640 1.640 1.704 1.732 1.759
0.173 0.213 0.304 0.214 0.124 0.224 0.000 0.000 0.000 0.000 0.000 0.021 0.000 0.000 0.000 0.000 0.000 0.000 0.145 0.146 0.204 0.086 0.000 0.000 0.000 0.378 0.320 0.263 0.091 0.136 0.112 0.265 0.160 0.133 0.263 0.029 0.079 0.077 0.118 0.118 0.118 0.038 0.258 0.148 0.018 0.000 0.455 0.235 0.155 0.000 0.000 0.000 0.154 0.695 0.805 0.864 0.764 0.764 0.924 0.943 0.953 0.893 1.113 0.307 1.092 0.992 1.052 1.121 1.236 1.351 1.466 1.581 1.709 1.709 1.737 1.764 1.791
0.203 0.173 0.164 0.284 0.344 0.514 0.000 0.000 0.000 0.000 0.000 0.000 0.000 0.000 0.000 0.000 0.000 0.000 0.000 0.079 0.051 0.322 0.135 0.545 0.545 0.000 0.211 0.097 0.092 0.417 0.114 0.215 0.338 0.210 0.113 0.065 0.093 0.000 0.005 0.038 0.038 0.008 0.068 0.288 0.088 0.000 0.335 0.000 0.000 0.000 0.000 0.555 0.655 0.575 0.735 0.704 0.684 0.684 1.044 0.953 1.083 1.133 1.073 1.063 0.729 1.092 1.178 1.293 1.407 1.522 1.637 1.687 1.742 1.742 1.769 1.796 1.824
0.283 0.293 0.394 0.364 0.444 0.385 0.345 0.000 0.000 0.000 0.000 0.000 0.000 0.000 0.000 0.031 0.000 0.000 0.001 0.019 0.026 0.008 0.065 0.000 0.000 0.000 0.000 0.089 0.025 0.069 0.146 0.204 0.168 0.180 0.034 0.051 0.105 0.004 0.117 0.000 0.000 0.109 0.000 0.009 0.000 0.000 0.000 0.000 0.000 0.000 0.685 0.705 0.695 0.805 0.745 0.724 0.954 0.954 0.984 1.054 1.033 1.053 1.083 0.933 0.910 1.151 1.349 1.464 1.579 1.665 1.692 1.720 1.774 1.774 1.802 1.829 1.856
0.343 0.384 0.594 0.515 0.375 0.525 0.496 0.486 0.486 0.000 0.000 0.000 0.000 0.000 0.000 0.000 0.071 0.000 0.000 0.000 0.000 0.100 0.120 0.078 0.082 0.124 0.073 0.369 0.067 0.080 0.039 0.017 0.000 0.391 0.153 0.164 0.067 0.127 0.167 0.067 0.067 0.000 0.000 0.000 0.000 0.000 0.000 0.000 0.014 0.645 0.825 0.835 0.855 0.905 0.875 0.864 0.944 0.944 0.944 1.044 0.954 1.063 0.973 1.093 1.090 1.332 1.520 1.635 1.670 1.698 1.725 1.752 1.807 1.807 1.834 1.861 1.889
0.374 0.444 0.465 0.515 0.655 0.576 0.456 0.566 0.567 0.000 0.000 0.000 0.000 0.000 0.000 0.000 0.000 0.000 0.121 0.000 0.000 0.000 0.000 0.122 0.122 0.154 0.013 0.199 0.239 0.008 0.039 0.069 0.000 0.072 0.143 0.143 0.114 0.000 0.000 0.000 0.000 0.000 0.000 0.000 0.000 0.000 0.000 0.305 0.664 0.754 0.914 0.945 0.765 1.005 0.924 0.914 1.084 1.084 1.044 1.084 1.104 1.144 1.113 1.143 1.358 1.541 1.143 1.676 1.703 1.730 1.757 1.785 1.839 1.839 1.866 1.894 1.921
0.495 0.435 0.495 0.616 0.546 0.666 0.687 0.547 0.547 0.658 0.015 0.000 0.000 0.000 0.000 0.000 0.000 0.000 0.000 0.000 0.222 0.302 0.000 0.000 0.000 0.058 0.081 0.048 0.129 0.089 0.000 0.000 0.000 0.000 0.000 0.000 0.000 0.000 0.000 0.000 0.000 0.000 0.000 0.000 0.000 0.000 0.405 0.764 0.824 0.884 0.904 0.894 1.014 1.004 0.964 1.074 1.084 1.084 1.134 1.034 1.084 1.112 1.084 1.124 1.626 1.655 1.682 1.708 1.735 1.763 1.790 1.817 1.872 1.872 1.899 1.926 1.953
0.545 0.596 0.526 0.636 0.717 0.777 0.637 0.588 0.588 0.599 0.670 0.620 0.000 0.000 0.000 0.000 0.000 0.000 0.000 0.000 0.000 0.192 0.000 0.000 0.000 0.000 0.000 0.000 0.000 0.000 0.000 0.000 0.000 0.000 0.000 0.000 0.000 0.000 0.000 0.000 0.000 0.000 0.000 0.000 0.000 0.634 0.784 0.794 1.004 0.864 0.974 0.914 0.984 1.114 1.064 0.984 1.114 1.114 0.964 1.074 1.054 1.416 1.599 1.631 1.661 1.690 1.717 1.743 1.769 1.795 1.822 1.850 1.904 1.904 1.931 1.959 1.986
0.536 0.616 0.737 0.817 0.787 0.817 0.658 0.658 0.659 0.649 0.780 0.771 0.641 0.572 0.000 0.000 0.000 0.000 0.000 0.000 0.000 0.000 0.000 0.000 0.000 0.000 0.000 0.000 0.000 0.225 0.295 0.205 0.224 0.254 0.000 0.000 0.000 0.000 0.000 0.000 0.000 0.000 0.000 0.000 0.514 0.634 0.804 0.884 0.924 0.874 0.804 0.924 1.084 1.014 1.014 1.004 0.987 0.987 1.014 1.353 1.536 1.608 1.637 1.666 1.695 1.725 1.751 1.777 1.803 1.829 1.855 1.882 1.937 1.937 1.964 1.991 2.018
0.606 0.737 0.607 0.687 0.668 0.748 0.818 0.799 0.799 0.920 0.801 0.901 0.802 0.792 0.713 0.683 0.264 0.000 0.000 0.000 0.000 0.000 0.000 0.000 0.000 0.395 0.365 0.535 0.445 0.445 0.405 0.485 0.335 0.305 0.155 0.396 0.266 0.000 0.000 0.000 0.000 0.000 0.000 0.293 0.524 0.834 0.834 0.764 0.944 0.974 0.316 0.348 0.379 1.084 1.144 1.014 1.074 1.074 1.104 1.584 1.613 1.642 1.672 1.701 1.730 1.759 1.786 1.812 1.838 1.864 1.889 1.915 1.969 1.969 1.996 2.024 2.051
0.687 0.697 0.768 0.778 0.758 0.769 0.839 0.809 0.810 0.720 0.911 0.841 0.832 0.752 0.833 0.813 0.784 0.804 0.814 0.714 0.614 0.585 0.575 0.545 0.545 0.485 0.495 0.485 0.565 0.525 0.495 0.395 0.455 0.365 0.416 0.526 0.417 0.417 0.077 0.000 0.000 0.000 0.483 0.433 0.593 0.844 0.944 0.854 0.784 1.064 1.044 1.104 0.678 0.861 1.144 1.228 1.124 1.124 1.590 1.619 1.648 1.677 1.706 1.736 1.765 1.794 1.820 1.846 1.872 1.898 1.924 1.950 2.002 2.002 2.029 2.056 2.083
0.667 0.748 0.808 0.788 0.919 0.799 0.969 0.870 0.870 1.021 0.871 0.902 0.882 0.893 0.873 0.773 0.894 0.804 0.924 0.714 0.864 0.745 0.655 0.775 0.775 0.625 0.585 0.655 0.645 0.475 0.556 0.506 0.386 0.456 0.416 0.437 0.477 0.498 0.369 0.082 0.082 0.543 0.683 0.633 0.654 0.914 1.104 1.004 1.094 1.054 0.984 1.034 0.984 0.874 1.044 1.531 1.595 1.595 1.624 1.653 1.683 1.712 1.741 1.770 1.799 1.828 1.854 1.880 1.906 1.932 1.958 1.984 2.036 2.036 2.062 2.089 2.116
0.758 0.838 0.798 0.869 0.809 0.930 0.970 0.900 0.901 0.911 0.901 0.962 0.892 0.993 0.933 0.893 0.924 0.834 0.794 0.854 0.884 0.735 0.785 0.925 0.925 0.765 0.745 0.665 0.645 0.666 0.506 0.526 0.466 0.576 0.647 0.537 0.648 0.748 0.479 0.450 0.452 0.533 0.703 0.643 0.704 0.674 1.004 1.004 1.104 0.964 1.144 1.124 1.285 0.954 1.044 1.014 1.630 1.630 1.659 1.688 1.717 1.746 1.776 1.805 1.834 1.863 1.889 1.915 1.941 1.967 1.993 2.019 2.071 2.071 2.097 2.123 2.149
0.758 0.838 0.799 0.869 0.810 0.930 0.970 0.901 0.901 0.911 0.902 0.962 0.892 0.993 0.933 0.893 0.924 0.834 0.794 0.854 0.884 0.735 0.785 0.925 0.925 0.765 0.745 0.665 0.646 0.666 0.506 0.526 0.466 0.577 0.647 0.537 0.648 0.748 0.479 0.450 0.451 0.532 0.703 0.643 0.704 0.674 1.004 1.004 1.104 0.964 1.144 1.124 1.285 0.954 1.044 1.014 1.630 1.630 1.659 1.688 1.717 1.747 1.776 1.805 1.834 1.863 1.889 1.915 1.941 1.967 1.993 2.019 2.071 2.071 2.097 2.123 2.149
0.808 0.999 0.849 1.010 0.890 0.850 0.971 1.051 1.051 0.922 0.972 1.052 1.013 0.943 0.993 1.083 0.914 0.934 0.874 0.944 0.825 0.855 0.885 0.745 0.745 0.826 0.676 0.636 0.606 0.676 0.716 0.536 0.547 0.747 0.637 0.838 0.718 0.628 0.479 0.530 0.531 0.482 0.623 0.883 0.853 0.764 0.944 1.024 1.074 1.234 1.340 1.445 1.114 1.547 0.985 1.055 1.664 1.664 1.694 1.723 1.752 1.781 1.810 1.840 1.869 1.897 1.923 1.949 1.975 2.001 2.027 2.053 2.105 2.105 2.131 2.157 2.183
0.959 0.959 0.960 0.950 0.850 0.921 1.001 0.981 0.981 0.932 0.962 1.062 1.003 0.983 0.953 1.044 0.974 0.904 0.954 0.815 0.935 0.775 0.885 0.856 0.856 0.886 0.646 0.776 0.706 0.806 0.617 0.857 0.747 0.787 0.787 0.698 0.648 0.738 0.549 0.280 0.281 0.593 0.803 0.893 0.753 0.834 1.034 1.114 1.267 1.372 1.471 1.511 1.548 1.581 1.611 1.115 1.699 1.699 1.728 1.758 1.787 1.816 1.845 1.874 1.904 1.932 1.958 1.984 2.010 2.036 2.062 2.088 2.140 2.140 2.166 2.192 2.218
0.959 0.960 0.970 1.060 1.001 1.011 1.422 1.122 1.122 0.942 1.379 1.103 1.023 1.053 0.963 0.964 1.054 0.974 0.994 1.035 0.875 0.815 0.746 0.806 0.806 0.826 0.746 0.766 0.846 0.927 0.877 0.807 0.887 0.707 0.808 0.648 0.658 0.579 0.749 0.220 0.221 0.823 0.953 1.003 1.094 1.114 1.114 0.994 1.064 1.492 1.532 1.572 1.608 1.640 1.672 1.705 1.768 1.768 1.797 1.827 1.856 1.885 1.914 1.944 1.973 2.000 2.026 2.052 2.078 2.104 2.130 2.156 2.207 2.207 2.231 2.255 2.278
1.060 0.920 1.040 1.131 1.051 0.981 1.062 1.122 1.122 1.052 1.463 1.103 1.093 1.043 1.053 0.954 1.104 0.964 0.945 1.045 0.875 0.865 0.826 0.696 0.696 0.796 0.826 0.956 0.927 0.807 0.907 0.957 0.877 0.817 0.768 0.868 0.709 0.649 0.500 0.461 0.462 0.783 0.843 0.873 1.014 1.362 1.104 1.004 1.134 1.074 1.563 1.603 1.638 1.670 1.702 1.735 1.799 1.799 1.831 1.861 1.891 1.920 1.949 1.978 2.008 2.035 2.061 2.087 2.113 2.139 2.165 2.190 2.237 2.237 2.261 2.285 2.308
1.040 1.080 1.041 1.081 1.468 1.062 1.032 1.062 1.062 0.983 1.123 1.123 1.073 1.133 1.114 0.994 0.974 1.034 0.975 0.945 0.875 0.916 0.906 0.916 0.916 0.986 1.017 0.877 0.897 1.077 1.087 1.017 0.847 1.008 0.858 0.858 0.829 0.639 0.380 0.441 0.442 0.943 0.943 1.103 1.353 1.393 1.433 0.924 1.514 1.554 1.594 1.634 1.668 1.700 1.732 1.764 1.829 1.829 1.861 1.893 1.925 1.955 1.984 2.013 2.042 2.069 2.095 2.121 2.147 2.172 2.196 2.220 2.267 2.267 2.291 2.315 2.338
1.031 1.457 1.111 1.051 0.962 1.506 1.512 1.519 1.519 1.033 1.521 1.519 1.517 1.134 1.513 1.074 1.074 1.035 0.995 1.015 1.036 0.936 1.026 1.026 1.027 1.067 1.017 0.967 0.977 0.987 0.817 0.918 1.008 0.978 0.998 0.839 0.759 0.739 0.521 0.562 0.562 0.963 0.993 0.953 1.383 1.424 1.464 1.094 1.544 1.584 1.624 1.664 1.698 1.730 1.762 1.794 1.859 1.859 1.891 1.923 1.955 1.987 2.018 2.048 2.077 2.103 2.129 2.155 2.178 2.202 2.226 2.250 2.297 2.297 2.321 2.344 2.368
1.480 1.496 1.132 1.052 1.122 1.533 1.103 1.073 1.073 1.103 1.103 1.104 1.054 1.544 1.054 1.094 1.035 1.055 0.995 1.056 0.936 0.826 1.036 1.057 1.057 1.007 1.057 1.057 1.137 1.344 1.028 0.858 1.068 0.938 0.958 1.029 0.879 0.710 0.431 0.892 0.892 1.113 1.334 1.033 1.134 1.454 1.494 1.534 1.575 1.615 1.655 1.695 1.728 1.760 1.792 1.824 1.889 1.889 1.921 1.953 1.985 2.017 2.050 2.082 2.111 2.137 2.161 2.185 2.208 2.232 2.256 2.279 2.327 2.327 2.351 2.374 2.398
1.519 1.122 1.541 1.122 1.103 1.561 1.567 1.574 1.574 1.582 1.580 1.084 1.576 1.573 1.571 1.125 1.015 1.045 1.085 1.056 1.096 1.557 1.555 1.077 1.077 1.067 1.522 0.977 1.037 1.118 1.078 1.088 1.068 1.078 0.939 0.949 0.989 0.580 0.761 0.932 0.932 0.963 1.133 1.404 1.104 1.485 1.525 1.565 1.605 1.645 1.685 1.725 1.758 1.790 1.822 1.854 1.918 1.918 1.951 1.983 2.015 2.047 2.079 2.112 2.143 2.167 2.191 2.214 2.238 2.262 2.286 2.309 2.357 2.357 2.381 2.404 2.428
1.122 1.562 1.568 1.575 1.582 1.113 1.595 1.124 1.124 1.611 1.104 1.607 1.074 1.115 1.075 1.025 1.005 1.076 0.966 1.126 1.588 1.137 1.584 1.117 1.117 1.562 1.017 0.967 0.998 1.018 0.958 1.475 1.079 1.019 1.009 1.099 1.389 0.841 0.801 0.882 0.882 0.933 1.143 1.063 1.475 1.515 1.555 1.596 1.636 1.676 1.716 1.755 1.787 1.820 1.852 1.884 1.948 1.948 1.980 2.013 2.045 2.077 2.109 2.141 2.172 2.196 2.221 2.244 2.268 2.292 2.316 2.339 2.387 2.387 2.410 2.434 2.458
1.583 1.589 1.596 1.603 1.103 1.616 1.622 1.629 1.629 1.640 1.638 1.125 1.634 1.632 1.085 1.628 1.076 1.624 1.622 1.066 1.618 1.615 1.613 1.605 1.605 1.568 1.028 1.068 1.068 1.088 1.138 1.089 1.483 1.079 0.889 1.010 1.060 0.931 0.921 1.012 1.012 0.893 1.143 1.477 1.511 1.546 1.586 1.626 1.666 1.706 1.747 1.785 1.817 1.850 1.882 1.914 1.978 1.978 2.010 2.043 2.075 2.107 2.139 2.171 2.200 2.225 2.249 2.274 2.298 2.322 2.345 2.369 2.417 2.417 2.440 2.464 2.488
1.610 1.617 1.623 1.630 1.637 1.643 1.650 1.657 1.657 1.124 1.668 1.665 1.663 1.075 1.025 1.657 1.106 1.653 1.651 1.649 1.647 1.645 1.629 1.610 1.610 1.128 1.028 0.998 1.018 0.989 1.019 1.079 1.509 1.049 1.020 1.040 1.130 1.131 0.901 1.142 1.142 1.093 1.133 1.083 1.550 1.584 1.618 1.657 1.697 1.737 1.777 1.815 1.847 1.879 1.912 1.944 2.008 2.008 2.040 2.072 2.105 2.137 2.169 2.201 2.229 2.254 2.278 2.303 2.327 2.352 2.375 2.399 2.446 2.446 2.470 2.494 2.518
1.638 1.644 1.651 1.658 1.664 1.671 1.677 1.684 1.684 1.697 1.697 1.125 1.692 1.125 1.688 1.686 1.684 1.682 1.680 1.678 1.671 1.653 1.634 1.616 1.616 1.008 1.138 1.580 1.109 1.069 1.129 1.069 1.535 1.060 1.100 1.483 0.981 1.449 1.132 0.962 0.963 1.487 1.521 1.555 1.034 1.623 1.657 1.691 1.728 1.768 1.808 1.845 1.877 1.909 1.942 1.974 2.038 2.038 2.070 2.102 2.134 2.167 2.199 2.231 2.258 2.282 2.307 2.331 2.356 2.381 2.405 2.429 2.476 2.476 2.500 2.524 2.548
