includes/camargue/floodfiles/results_R3_t1.562344836599E12/res-0009.wdfp
ncols         906
nrows         631
xllcorner     362177.146667
yllcorner     6534725.688020
cellsize      20.000000
NODATA_value  -9999.000000
[rows 510 to 543 of 631, columns 154 to 230 of 906]
0.126 0.118 0.106 0.095 0.087 0.017 0.002 0.001 0.000 0.000 0.000 0.000 0.000 0.000 0.000 0.002 0.001 0.002 0.001 0.001 0.000 0.000 0.000 0.000 0.000 0.004 0.008 0.003 0.002 0.002 0.002 0.002 0.002 0.002 0.002 0.001 0.001 0.001 0.000 0.000 0.000 0.000 0.000 0.000 0.001 0.002 0.003 0.001 0.002 0.004 0.005 0.002 0.001 0.001 0.001 0.001 0.000 0.000 0.000 0.001 0.002 0.004 0.007 0.057 0.055 0.099 0.131 0.109 0.088 0.066 0.045 0.024 0.016 0.008 0.004 0.002 0.002
0.096 0.098 0.099 0.084 0.032 0.002 0.001 0.001 0.000 0.000 0.000 0.000 0.000 0.000 0.000 0.001 0.001 0.001 0.001 0.000 0.000 0.000 0.000 0.000 0.000 0.001 0.006 0.008 0.012 0.010 0.004 0.004 0.002 0.002 0.002 0.002 0.002 0.002 0.000 0.000 0.000 0.000 0.000 0.001 0.002 0.002 0.004 0.002 0.002 0.005 0.007 0.006 0.002 0.003 0.003 0.002 0.000 0.000 0.000 0.001 0.003 0.004 0.007 0.057 0.055 0.096 0.140 0.116 0.089 0.074 0.059 0.043 0.029 0.019 0.011 0.004 0.004
0.064 0.063 0.063 0.055 0.009 0.002 0.002 0.002 0.002 0.002 0.002 0.001 0.001 0.001 0.000 0.002 0.001 0.001 0.001 0.000 0.000 0.000 0.000 0.000 0.000 0.000 0.002 0.003 0.006 0.013 0.015 0.013 0.004 0.003 0.003 0.003 0.002 0.002 0.001 0.000 0.000 0.000 0.000 0.001 0.002 0.002 0.004 0.002 0.003 0.004 0.007 0.010 0.004 0.004 0.003 0.002 0.000 0.000 0.000 0.001 0.002 0.004 0.006 0.049 0.046 0.080 0.120 0.104 0.091 0.078 0.065 0.051 0.038 0.026 0.016 0.007 0.006
0.050 0.058 0.076 0.040 0.004 0.003 0.003 0.003 0.002 0.002 0.002 0.002 0.001 0.001 0.001 0.003 0.000 0.000 0.000 0.000 0.000 0.000 0.000 0.000 0.000 0.000 0.001 0.002 0.003 0.007 0.018 0.013 0.013 0.005 0.003 0.003 0.003 0.002 0.002 0.001 0.000 0.000 0.000 0.001 0.002 0.002 0.005 0.002 0.003 0.004 0.006 0.011 0.009 0.004 0.003 0.002 0.001 0.000 0.000 0.001 0.002 0.003 0.005 0.039 0.035 0.057 0.110 0.099 0.088 0.078 0.067 0.056 0.044 0.032 0.022 0.011 0.008
0.051 0.065 0.091 0.028 0.003 0.002 0.003 0.003 0.003 0.002 0.002 0.002 0.001 0.002 0.001 0.003 0.000 0.000 0.000 0.000 0.000 0.000 0.000 0.000 0.000 0.000 0.001 0.001 0.002 0.003 0.007 0.004 0.008 0.005 0.002 0.002 0.002 0.002 0.001 0.001 0.000 0.000 0.000 0.000 0.001 0.002 0.004 0.002 0.003 0.004 0.005 0.014 0.008 0.004 0.003 0.002 0.001 0.000 0.000 0.001 0.002 0.003 0.004 0.030 0.024 0.049 0.113 0.103 0.085 0.070 0.064 0.056 0.046 0.037 0.026 0.014 0.011
0.059 0.086 0.082 0.019 0.003 0.002 0.003 0.003 0.003 0.003 0.002 0.002 0.002 0.002 0.002 0.003 0.000 0.000 0.000 0.000 0.000 0.000 0.000 0.000 0.000 0.000 0.000 0.000 0.000 0.000 0.004 0.002 0.009 0.003 0.002 0.002 0.002 0.002 0.002 0.001 0.001 0.000 0.000 0.001 0.000 0.002 0.005 0.002 0.003 0.004 0.005 0.017 0.007 0.004 0.003 0.002 0.001 0.000 0.000 0.000 0.002 0.003 0.002 0.026 0.020 0.044 0.117 0.106 0.088 0.071 0.056 0.049 0.044 0.037 0.029 0.017 0.014
0.080 0.109 0.063 0.013 0.003 0.002 0.002 0.003 0.003 0.003 0.003 0.002 0.002 0.002 0.002 0.003 0.000 0.000 0.000 0.000 0.000 0.000 0.000 0.000 0.000 0.000 0.000 0.000 0.000 0.000 0.004 0.002 0.010 0.003 0.002 0.002 0.002 0.002 0.002 0.002 0.001 0.001 0.000 0.001 0.000 0.000 0.004 0.002 0.003 0.004 0.006 0.021 0.006 0.004 0.003 0.002 0.001 0.000 0.000 0.000 0.001 0.002 0.002 0.023 0.017 0.041 0.121 0.108 0.090 0.072 0.057 0.045 0.035 0.033 0.028 0.017 0.015
0.133 0.162 0.048 0.009 0.003 0.003 0.002 0.002 0.003 0.003 0.002 0.002 0.002 0.002 0.002 0.003 0.000 0.000 0.000 0.000 0.000 0.000 0.000 0.000 0.000 0.000 0.000 0.000 0.000 0.000 0.004 0.002 0.011 0.003 0.002 0.002 0.002 0.002 0.002 0.002 0.002 0.001 0.001 0.001 0.001 0.002 0.003 0.001 0.003 0.004 0.009 0.022 0.006 0.003 0.003 0.002 0.001 0.000 0.000 0.000 0.000 0.002 0.002 0.021 0.014 0.040 0.125 0.110 0.091 0.074 0.057 0.045 0.035 0.028 0.022 0.015 0.014
0.253 0.208 0.054 0.007 0.003 0.003 0.002 0.002 0.002 0.003 0.003 0.002 0.002 0.002 0.002 0.003 0.000 0.000 0.000 0.000 0.000 0.000 0.000 0.000 0.000 0.000 0.000 0.000 0.000 0.000 0.011 0.012 0.015 0.003 0.002 0.002 0.002 0.002 0.002 0.002 0.002 0.002 0.002 0.002 0.002 0.002 0.002 0.002 0.002 0.004 0.016 0.019 0.006 0.003 0.002 0.002 0.000 0.000 0.000 0.000 0.000 0.001 0.002 0.019 0.013 0.040 0.128 0.110 0.092 0.074 0.058 0.044 0.033 0.026 0.017 0.008 0.010
0.400 0.277 0.106 0.008 0.003 0.003 0.002 0.002 0.002 0.001 0.002 0.002 0.001 0.001 0.000 0.002 0.000 0.000 0.000 0.000 0.000 0.000 0.000 0.000 0.000 0.000 0.000 0.002 0.022 0.167 0.330 0.330 0.206 0.034 0.003 0.002 0.002 0.002 0.002 0.002 0.002 0.002 0.002 0.002 0.002 0.002 0.002 0.002 0.001 0.003 0.022 0.016 0.005 0.003 0.002 0.001 0.000 0.000 0.000 0.000 0.000 0.001 0.001 0.017 0.011 0.041 0.129 0.111 0.092 0.074 0.057 0.042 0.029 0.017 0.015 0.011 0.010
0.524 0.352 0.180 0.025 0.003 0.002 0.002 0.001 0.001 0.000 0.000 0.000 0.001 0.001 0.001 0.001 0.000 0.000 0.000 0.000 0.000 0.000 0.000 0.000 0.000 0.005 0.095 0.257 0.420 0.583 0.746 0.746 0.504 0.324 0.144 0.010 0.002 0.002 0.003 0.002 0.003 0.003 0.003 0.002 0.002 0.002 0.002 0.003 0.001 0.003 0.026 0.013 0.004 0.002 0.002 0.002 0.001 0.000 0.000 0.000 0.000 0.001 0.001 0.015 0.010 0.042 0.127 0.109 0.090 0.072 0.052 0.031 0.026 0.020 0.017 0.014 0.011
0.601 0.429 0.256 0.085 0.005 0.002 0.001 0.001 0.000 0.000 0.000 0.000 0.001 0.001 0.001 0.001 0.000 0.000 0.000 0.000 0.000 0.000 0.000 0.005 0.185 0.348 0.510 0.673 0.836 0.999 1.162 1.162 0.802 0.622 0.441 0.261 0.082 0.005 0.003 0.004 0.004 0.004 0.003 0.002 0.002 0.002 0.002 0.005 0.004 0.007 0.019 0.008 0.005 0.003 0.002 0.002 0.001 0.000 0.000 0.000 0.000 0.000 0.001 0.013 0.008 0.040 0.121 0.102 0.081 0.055 0.048 0.037 0.031 0.025 0.022 0.020 0.019
0.678 0.506 0.423 0.372 0.320 0.269 0.218 0.167 0.116 0.066 0.002 0.000 0.000 0.001 0.002 0.001 0.001 0.000 0.000 0.000 0.000 0.000 0.021 0.259 0.516 0.764 0.927 1.090 1.253 1.416 1.461 1.461 1.100 0.920 0.740 0.559 0.379 0.199 0.032 0.015 0.013 0.007 0.004 0.003 0.003 0.002 0.003 0.007 0.005 0.010 0.013 0.006 0.005 0.003 0.003 0.002 0.002 0.000 0.000 0.000 0.000 0.001 0.001 0.012 0.008 0.033 0.104 0.080 0.076 0.066 0.060 0.054 0.053 0.060 0.083 0.117 0.145
1.174 1.122 1.071 1.020 0.969 0.918 0.866 0.815 0.764 0.712 0.385 0.061 0.002 0.002 0.006 0.005 0.006 0.005 0.005 0.002 0.003 0.077 0.332 0.589 0.845 1.102 1.343 1.506 1.669 1.832 1.759 1.759 1.398 1.218 1.038 0.857 0.677 0.497 0.317 0.146 0.132 0.070 0.029 0.016 0.014 0.014 0.016 0.026 0.019 0.023 0.020 0.010 0.007 0.009 0.008 0.008 0.007 0.004 0.003 0.004 0.004 0.005 0.005 0.021 0.016 0.044 0.107 0.118 0.125 0.132 0.148 0.174 0.209 0.247 0.288 0.325 0.354
1.174 1.122 1.071 1.020 0.969 0.918 0.866 0.815 0.764 0.712 0.385 0.060 0.000 0.000 0.002 0.001 0.002 0.002 0.002 0.000 0.001 0.077 0.332 0.589 0.845 1.102 1.343 1.506 1.669 1.832 1.759 1.759 1.398 1.218 1.038 0.857 0.677 0.497 0.317 0.145 0.132 0.069 0.025 0.010 0.008 0.007 0.007 0.013 0.008 0.009 0.007 0.003 0.002 0.003 0.003 0.003 0.003 0.002 0.001 0.001 0.002 0.002 0.002 0.010 0.007 0.021 0.066 0.083 0.097 0.114 0.138 0.170 0.207 0.247 0.287 0.324 0.354
1.769 1.771 1.720 1.668 1.617 1.566 1.515 1.463 1.412 1.269 0.940 0.612 0.284 0.007 0.002 0.002 0.003 0.003 0.002 0.003 0.148 0.404 0.661 0.918 1.175 1.432 1.689 1.922 2.085 2.238 2.057 2.057 1.696 1.516 1.336 1.156 0.975 0.795 0.615 0.435 0.306 0.266 0.226 0.187 0.147 0.108 0.071 0.073 0.022 0.015 0.008 0.004 0.003 0.003 0.003 0.003 0.003 0.002 0.002 0.002 0.002 0.003 0.003 0.023 0.020 0.081 0.156 0.207 0.251 0.292 0.333 0.374 0.415 0.456 0.498 0.534 0.563
2.243 2.385 2.368 2.317 2.266 2.214 2.163 2.112 2.060 1.824 1.496 1.167 0.839 0.510 0.182 0.182 0.050 0.056 0.060 0.220 0.477 0.734 0.991 1.248 1.505 1.762 2.019 2.276 2.501 2.536 2.355 2.355 1.995 1.814 1.634 1.453 1.273 1.092 0.912 0.731 0.613 0.533 0.493 0.454 0.414 0.374 0.335 0.335 0.255 0.215 0.145 0.066 0.015 0.005 0.003 0.003 0.003 0.002 0.002 0.003 0.004 0.008 0.030 0.192 0.192 0.279 0.350 0.403 0.456 0.502 0.543 0.585 0.627 0.668 0.710 0.744 0.774
3.191 3.333 3.475 3.614 3.562 3.511 3.460 3.408 3.263 2.935 2.606 2.278 1.949 1.621 1.293 1.292 0.636 0.545 0.622 0.879 1.137 1.394 1.651 1.895 2.118 2.340 2.563 2.785 2.992 3.044 2.949 2.949 2.588 2.408 2.227 2.046 1.866 1.685 1.505 1.368 1.265 1.162 1.059 0.988 0.948 0.909 0.869 0.869 0.790 0.749 0.668 0.587 0.505 0.424 0.343 0.262 0.181 0.101 0.082 0.168 0.255 0.342 0.429 0.603 0.603 0.690 0.751 0.804 0.857 0.910 0.963 1.009 1.051 1.093 1.134 1.166 1.195
3.665 3.807 3.949 4.091 4.211 4.159 4.108 4.057 3.818 3.490 3.162 2.833 2.505 2.176 1.848 1.848 1.191 0.863 0.951 1.175 1.398 1.620 1.843 2.066 2.289 2.511 2.734 2.957 3.099 3.151 3.203 3.203 2.885 2.704 2.524 2.343 2.162 1.982 1.801 1.694 1.591 1.487 1.384 1.281 1.216 1.176 1.136 1.136 1.057 1.011 0.929 0.848 0.767 0.686 0.605 0.523 0.442 0.362 0.313 0.385 0.461 0.548 0.635 0.809 0.809 0.896 0.952 1.005 1.058 1.111 1.164 1.217 1.263 1.305 1.347 1.376 1.406
4.139 4.281 4.423 4.565 4.707 4.808 4.756 4.702 4.374 4.045 3.717 3.388 3.060 2.731 2.383 2.383 1.553 1.138 1.143 1.346 1.569 1.791 2.014 2.237 2.460 2.682 2.905 3.128 3.207 3.259 3.311 3.311 3.181 3.001 2.820 2.640 2.459 2.279 2.123 2.020 1.916 1.813 1.710 1.607 1.504 1.443 1.403 1.404 1.324 1.272 1.191 1.110 1.028 0.947 0.866 0.785 0.705 0.625 0.549 0.622 0.694 0.766 0.841 1.015 1.015 1.099 1.152 1.205 1.258 1.311 1.364 1.418 1.470 1.517 1.557 1.587 1.617
4.613 4.755 4.897 5.039 5.181 5.323 5.405 5.257 4.929 4.601 4.239 3.824 3.408 2.993 2.578 2.578 1.747 1.449 1.482 1.516 1.739 1.962 2.185 2.408 2.631 2.853 3.076 3.262 3.314 3.366 3.419 3.419 3.478 3.297 3.117 2.936 2.756 2.575 2.448 2.345 2.242 2.139 2.036 1.933 1.830 1.727 1.671 1.671 1.591 1.534 1.452 1.371 1.290 1.209 1.128 1.048 0.968 0.887 0.807 0.858 0.930 1.002 1.074 1.221 1.221 1.300 1.353 1.406 1.459 1.512 1.565 1.618 1.671 1.724 1.768 1.792 1.815
5.087 5.229 5.371 5.513 5.655 5.797 5.867 5.680 5.265 4.849 4.434 4.018 3.603 3.187 2.772 2.772 1.942 1.789 1.822 1.855 1.910 2.133 2.356 2.579 2.802 3.024 3.247 3.369 3.422 3.474 3.526 3.526 3.630 3.594 3.413 3.233 3.052 2.877 2.774 2.671 2.568 2.465 2.362 2.259 2.156 2.053 1.950 1.950 1.858 1.795 1.714 1.633 1.552 1.471 1.391 1.311 1.230 1.150 1.069 1.094 1.166 1.238 1.310 1.454 1.454 1.551 1.607 1.663 1.718 1.774 1.830 1.885 1.941 1.987 1.977 1.989 2.013
5.561 5.703 5.838 5.805 5.772 5.739 5.706 5.651 5.459 5.044 4.628 4.213 3.797 3.382 2.967 2.967 2.136 2.128 2.162 2.195 2.228 2.304 2.527 2.750 2.973 3.195 3.418 3.477 3.529 3.581 3.634 3.634 3.738 3.790 3.710 3.530 3.349 3.203 3.100 2.997 2.894 2.791 2.688 2.585 2.481 2.378 2.275 2.276 2.125 2.057 1.976 1.895 1.815 1.734 1.654 1.573 1.493 1.412 1.332 1.331 1.403 1.475 1.547 1.721 1.721 1.829 1.901 1.956 2.012 2.068 2.123 2.179 2.222 2.202 2.192 2.203 2.214
5.743 5.710 5.677 5.644 5.610 5.577 5.540 5.484 5.427 5.238 4.823 4.407 3.992 3.576 3.161 3.161 2.435 2.468 2.501 2.535 2.568 2.601 2.698 2.921 3.144 3.366 3.532 3.584 3.637 3.689 3.741 3.741 3.846 3.898 3.950 3.826 3.646 3.529 3.426 3.323 3.220 3.117 3.014 2.910 2.807 2.704 2.601 2.601 2.395 2.319 2.238 2.158 2.077 1.997 1.916 1.836 1.756 1.675 1.595 1.567 1.639 1.711 1.783 1.994 1.994 2.102 2.194 2.250 2.306 2.361 2.417 2.457 2.437 2.418 2.407 2.418 2.429
5.581 5.548 5.515 5.482 5.449 5.415 5.373 5.316 5.260 5.204 5.017 4.602 4.186 3.771 3.355 3.356 2.775 2.808 2.841 2.874 2.907 2.940 2.974 3.092 3.314 3.537 3.640 3.692 3.744 3.797 3.849 3.849 3.953 4.006 4.058 4.110 3.958 3.855 3.752 3.649 3.546 3.434 3.295 3.156 3.017 2.878 2.739 2.740 2.499 2.464 2.431 2.397 2.340 2.259 2.179 2.099 2.018 1.938 1.857 1.803 1.875 1.947 2.049 2.266 2.266 2.375 2.484 2.544 2.599 2.655 2.692 2.673 2.653 2.633 2.622 2.633 2.644
5.420 5.386 5.353 5.320 5.287 5.254 5.205 5.149 5.093 5.036 4.980 4.796 4.381 3.965 3.550 3.550 3.114 3.148 3.181 3.214 3.247 3.280 3.313 3.346 3.485 3.695 3.747 3.800 3.852 3.904 3.956 3.956 4.061 4.110 4.139 4.169 4.155 4.016 3.877 3.738 3.599 3.460 3.321 3.183 3.044 2.905 2.766 2.767 2.584 2.549 2.516 2.482 2.449 2.415 2.382 2.348 2.281 2.200 2.120 2.040 2.112 2.213 2.322 2.539 2.539 2.648 2.757 2.838 2.893 2.927 2.908 2.888 2.868 2.848 2.837 2.848 2.859
5.258 5.225 5.192 5.158 5.125 5.092 5.038 4.981 4.925 4.869 4.812 4.756 4.575 4.160 3.744 3.745 3.454 3.487 3.520 3.553 3.587 3.620 3.653 3.686 3.719 3.802 3.849 3.879 3.908 3.938 3.968 3.968 4.027 4.057 4.087 4.114 4.115 4.043 3.904 3.765 3.626 3.487 3.348 3.209 3.071 2.932 2.793 2.793 2.669 2.635 2.601 2.567 2.534 2.500 2.467 2.433 2.400 2.366 2.333 2.300 2.377 2.486 2.595 2.812 2.812 2.921 3.030 3.131 3.162 3.142 3.123 3.103 3.083 3.063 3.052 3.063 3.074
5.096 5.063 5.030 4.997 4.963 4.926 4.870 4.814 4.758 4.701 4.645 4.589 4.533 4.354 3.939 3.939 3.794 3.827 3.860 3.893 3.926 3.948 3.957 3.966 3.976 3.793 3.796 3.826 3.856 3.885 3.915 3.915 3.975 4.004 4.034 4.047 4.048 4.049 3.931 3.792 3.653 3.514 3.375 3.236 3.097 2.959 2.824 2.824 2.755 2.720 2.686 2.652 2.619 2.585 2.552 2.518 2.485 2.451 2.418 2.435 2.519 2.638 2.756 2.992 2.992 3.111 3.229 3.343 3.377 3.358 3.338 3.318 3.298 3.279 3.267 3.278 3.289
4.934 4.901 4.868 4.835 4.802 4.759 4.703 4.646 4.590 4.534 4.478 4.421 4.365 4.309 4.133 4.133 4.128 4.137 4.146 4.155 4.164 4.174 4.183 4.192 4.147 3.928 3.743 3.773 3.803 3.833 3.862 3.862 3.922 3.952 3.980 3.981 3.982 3.983 3.957 3.818 3.680 3.541 3.402 3.263 3.124 2.986 2.910 2.910 2.840 2.806 2.771 2.737 2.703 2.670 2.636 2.603 2.570 2.536 2.517 2.591 2.664 2.767 2.885 3.122 3.122 3.240 3.358 3.451 3.512 3.573 3.553 3.533 3.514 3.494 3.482 3.493 3.504
4.619 4.740 4.706 4.673 4.640 4.591 4.535 4.479 4.423 4.366 4.310 4.254 4.202 4.174 4.186 4.186 4.353 4.362 4.371 4.381 4.390 4.399 4.408 4.417 4.283 4.063 3.844 3.720 3.750 3.780 3.810 3.810 3.869 3.899 3.913 3.914 3.915 3.916 3.917 3.845 3.706 3.568 3.429 3.290 3.151 3.030 2.995 2.995 2.926 2.891 2.856 2.822 2.788 2.755 2.721 2.688 2.654 2.621 2.674 2.747 2.820 2.897 3.015 3.251 3.252 3.370 3.488 3.559 3.621 3.682 3.743 3.749 3.729 3.709 3.697 3.708 3.719
4.619 4.740 4.706 4.673 4.640 4.591 4.535 4.479 4.423 4.366 4.310 4.254 4.202 4.175 4.186 4.186 4.353 4.362 4.371 4.381 4.390 4.399 4.408 4.417 4.283 4.063 3.844 3.720 3.750 3.780 3.810 3.810 3.869 3.899 3.913 3.914 3.915 3.916 3.917 3.845 3.706 3.568 3.429 3.290 3.151 3.030 2.995 2.995 2.926 2.891 2.856 2.822 2.788 2.755 2.721 2.688 2.654 2.621 2.674 2.747 2.820 2.897 3.015 3.251 3.252 3.370 3.488 3.559 3.620 3.682 3.743 3.749 3.729 3.709 3.697 3.708 3.719
4.158 4.359 4.545 4.512 4.478 4.424 4.368 4.311 4.255 4.214 4.187 4.160 4.133 4.105 4.189 4.190 4.578 4.588 4.597 4.606 4.615 4.624 4.633 4.637 4.418 4.199 3.979 3.760 3.697 3.727 3.757 3.757 3.816 3.846 3.847 3.848 3.849 3.850 3.851 3.852 3.733 3.594 3.456 3.317 3.178 3.115 3.080 3.081 3.011 2.976 2.942 2.907 2.873 2.840 2.806 2.773 2.739 2.756 2.830 2.903 2.976 3.050 3.145 3.381 3.381 3.499 3.606 3.667 3.729 3.790 3.851 3.912 3.944 3.924 3.912 3.923 3.934
3.696 3.897 4.098 4.299 4.313 4.257 4.227 4.200 4.172 4.145 4.118 4.091 4.063 4.036 4.193 4.193 4.685 4.813 4.822 4.831 4.840 4.849 4.858 4.773 4.553 4.334 4.115 3.895 3.676 3.674 3.704 3.704 3.764 3.780 3.781 3.782 3.782 3.783 3.784 3.785 3.760 3.621 3.482 3.344 3.235 3.201 3.166 3.166 3.096 3.062 3.027 2.992 2.958 2.925 2.891 2.858 2.839 2.912 2.986 3.059 3.132 3.206 3.279 3.511 3.511 3.629 3.714 3.776 3.837 3.898 3.959 4.021 4.082 4.139 4.127 4.138 4.093
2.868 3.179 3.490 3.801 3.964 4.050 4.088 4.061 4.034 4.007 3.980 3.952 3.925 3.954 4.200 4.200 4.692 4.937 5.183 5.282 5.291 5.300 5.262 5.043 4.824 4.604 4.385 4.166 3.947 3.727 3.599 3.599 3.646 3.647 3.648 3.649 3.650 3.651 3.652 3.652 3.653 3.654 3.536 3.441 3.406 3.372 3.337 3.337 3.267 3.233 3.198 3.163 3.129 3.094 3.061 3.078 3.151 3.225 3.298 3.371 3.445 3.518 3.591 3.770 3.770 3.870 3.931 3.992 4.053 4.115 4.110 4.101 4.092 4.083 4.119 4.195 4.181
