includes/camargue/floodfiles/results_R3_t1.562344836599E12/res-0009.wdfp
ncols         906
nrows         631
xllcorner     362177.146667
yllcorner     6534725.688020
cellsize      20.000000
NODATA_value  -9999.000000
[rows 340 to 373 of 631, columns 616 to 692 of 906]
0.000 0.000 0.939 1.349 0.089 0.089 0.109 0.089 0.369 0.679 0.308 0.438 0.388 0.338 0.000 1.647 1.947 1.977 0.000 2.322 0.000 0.000 1.612 1.532 0.000 1.589 0.129 1.199 0.669 0.629 1.119 0.399 0.158 0.928 1.098 1.288 0.948 0.948 1.488 1.558 0.698 0.568 0.608 0.000 1.567 0.217 1.557 0.767 0.327 1.416 0.154 0.213 0.872 0.872 1.172 0.531 0.680 0.789 0.908 0.728 0.000 0.168 1.018 0.000 0.000 1.318 0.000 0.000 0.000 0.000 0.300 0.574 0.793 0.663 0.222 0.512 0.702
1.340 1.230 0.000 1.349 1.559 1.559 0.449 0.489 0.549 0.469 0.498 0.438 0.001 0.000 0.387 1.877 1.927 0.194 0.641 0.332 1.562 1.562 1.552 0.000 1.549 0.169 1.539 0.109 1.219 0.000 1.189 0.579 0.919 0.238 0.108 0.598 0.438 0.438 0.298 1.518 0.000 0.668 0.588 0.047 1.357 0.357 0.047 0.000 0.106 0.216 0.275 0.203 1.302 1.302 1.552 0.411 0.579 0.498 0.678 0.658 0.158 0.009 0.568 0.348 1.088 1.398 1.098 0.268 0.000 0.000 0.254 1.303 0.793 0.843 0.000 0.632 1.552
1.360 1.470 1.370 0.000 0.279 0.279 0.249 0.469 0.419 0.549 0.429 0.000 0.000 0.000 1.937 1.887 1.797 2.287 0.165 0.000 1.532 1.532 0.000 1.559 0.309 0.859 0.209 0.719 0.000 1.139 0.049 1.249 0.179 0.968 0.988 0.588 1.458 1.458 1.628 1.358 1.438 0.708 0.578 0.567 0.027 1.776 1.836 1.456 1.296 0.996 0.565 0.574 0.533 0.532 0.382 0.000 0.748 0.465 0.329 0.177 0.000 0.000 0.000 0.000 0.000 0.000 0.000 0.000 0.081 0.082 0.302 0.272 1.313 0.622 1.972 1.422 1.452
0.000 1.300 1.460 0.004 0.599 0.599 0.329 0.489 0.189 0.169 0.149 0.000 0.000 1.837 1.997 1.937 0.000 0.000 0.000 1.459 0.000 0.000 1.509 0.269 1.509 0.319 0.849 0.389 1.379 1.179 1.279 0.869 1.119 0.068 0.148 1.538 1.368 1.368 0.367 0.357 0.467 0.287 0.257 0.707 0.516 1.496 1.486 1.416 0.796 0.086 0.575 0.000 0.000 0.000 0.000 0.000 0.000 0.344 0.300 1.051 0.979 0.145 0.113 0.000 0.132 0.052 0.381 0.611 0.511 0.511 1.231 0.491 0.612 0.000 0.000 0.662 0.801
1.266 0.000 0.299 0.419 0.449 0.449 0.479 0.289 0.349 0.179 0.000 0.000 0.077 0.547 1.937 0.000 1.511 0.000 0.399 1.309 1.569 1.569 0.169 1.529 0.429 0.389 0.599 0.819 0.369 0.479 0.629 0.679 1.419 0.989 0.859 0.198 1.348 1.348 0.427 1.466 0.476 0.536 0.456 0.336 0.556 1.356 1.316 0.186 0.000 1.096 0.000 0.000 0.000 0.000 0.000 0.534 0.065 0.027 0.000 0.317 1.197 0.485 0.290 0.434 1.392 0.561 0.601 0.771 0.961 0.961 0.711 1.421 0.251 0.000 0.251 0.000 2.281
0.004 0.199 0.419 0.499 0.299 0.299 0.129 0.179 0.079 0.000 0.000 0.000 0.737 0.167 0.537 0.487 0.000 0.109 1.389 0.000 0.119 0.119 1.559 0.359 0.579 0.819 0.159 0.799 0.049 0.159 0.079 0.179 0.000 1.179 0.009 0.478 0.067 0.067 0.496 1.536 0.276 0.496 0.656 0.126 0.296 0.002 0.000 0.000 0.000 0.000 0.000 0.000 1.248 1.248 0.210 0.644 1.364 1.514 1.334 1.324 0.765 0.514 0.021 0.000 0.222 0.701 0.811 0.711 0.701 0.701 0.691 0.791 1.521 1.021 0.761 0.931 0.711
0.169 0.069 0.329 0.279 0.119 0.119 0.001 0.279 0.005 0.006 0.000 0.557 0.567 0.847 0.000 1.207 0.257 0.000 0.229 1.339 0.399 0.399 0.559 0.319 0.409 0.609 0.169 0.979 0.189 0.119 0.338 0.128 0.338 0.000 1.137 0.000 1.436 1.436 0.586 1.146 1.616 0.756 0.656 0.656 0.526 0.000 0.000 0.000 0.000 0.019 0.348 0.108 1.288 1.288 1.368 0.049 0.189 0.040 0.000 0.241 0.481 0.350 0.317 0.415 0.594 0.000 0.681 0.801 0.771 0.771 0.691 2.231 0.801 0.781 0.911 0.881 0.761
0.169 0.069 0.329 0.279 0.119 0.119 0.001 0.278 0.004 0.005 0.000 0.557 0.567 0.847 0.000 1.207 0.257 0.000 0.229 1.339 0.399 0.399 0.559 0.319 0.409 0.609 0.169 0.979 0.189 0.118 0.338 0.128 0.338 0.000 1.137 0.000 1.436 1.436 0.586 1.146 1.616 0.756 0.656 0.656 0.526 0.000 0.000 0.000 0.000 0.019 0.348 0.108 1.288 1.288 1.368 0.045 0.183 0.034 0.000 0.237 0.478 0.348 0.317 0.415 0.594 0.000 0.681 0.801 0.771 0.771 0.691 2.231 0.801 0.781 0.911 0.881 0.761
0.000 0.209 0.419 0.229 0.047 0.046 0.023 0.073 0.070 0.049 0.000 0.597 0.717 0.000 1.167 0.597 1.157 2.827 0.000 0.000 0.000 0.000 1.169 0.000 0.389 0.979 1.419 0.319 0.000 0.858 0.788 0.558 0.488 0.717 1.337 1.637 0.266 0.266 1.606 1.396 0.146 0.466 0.466 0.406 0.000 0.000 0.256 0.186 0.010 0.000 0.025 0.215 0.368 0.368 0.000 0.946 0.996 0.566 1.806 0.597 0.259 0.121 0.000 0.122 0.290 0.359 0.150 0.731 0.721 0.721 0.791 0.451 0.901 0.991 0.961 0.981 0.751
0.005 0.039 0.000 0.000 0.119 0.119 0.149 0.049 0.068 0.577 0.557 0.307 0.327 1.157 1.217 0.427 0.387 0.467 0.947 0.187 0.114 0.105 0.250 0.889 0.589 1.279 0.000 1.079 0.749 0.318 0.838 0.278 0.308 0.000 0.596 0.000 0.685 0.685 0.315 1.206 0.331 0.192 1.106 0.000 0.126 0.008 0.126 0.000 0.000 0.028 0.108 0.210 0.000 0.000 1.196 0.806 1.226 1.156 1.386 0.306 0.356 0.376 0.047 0.048 0.379 0.589 0.619 0.580 0.590 0.590 1.411 0.631 0.791 0.721 0.971 0.871 0.951
0.000 0.000 0.000 0.000 0.139 0.139 0.158 0.088 0.537 0.607 0.767 0.000 1.047 0.857 0.557 0.807 1.087 0.177 0.957 0.937 0.727 0.727 0.000 0.239 0.000 0.329 0.939 0.949 0.279 0.498 0.828 0.278 0.117 0.486 0.436 0.725 1.625 1.625 0.384 0.070 0.662 0.373 0.000 0.176 0.146 0.126 0.256 0.136 0.042 0.116 0.546 0.786 1.196 1.196 0.856 1.146 0.386 0.002 0.116 0.596 0.396 0.426 0.516 0.486 0.377 0.557 0.228 0.168 0.349 0.349 0.379 0.000 0.751 0.721 0.501 0.861 0.671
0.000 0.000 0.138 0.148 0.000 0.000 0.218 0.157 0.597 0.537 0.000 1.607 0.477 1.537 1.027 1.057 0.207 1.097 1.017 1.417 0.005 0.003 0.750 0.550 0.689 1.129 0.939 0.479 0.329 0.658 0.708 0.518 0.617 0.546 0.616 0.665 0.555 0.554 1.171 0.637 0.497 0.000 0.384 0.000 0.376 0.206 0.106 0.000 0.000 0.166 0.000 0.000 1.096 1.096 0.000 0.895 1.175 1.245 1.355 1.065 0.745 0.395 1.395 0.456 0.596 0.547 0.577 0.477 0.567 0.567 0.367 0.347 0.000 1.391 0.751 0.571 0.281
0.002 0.000 0.028 0.068 0.078 0.078 0.003 0.477 0.627 0.000 0.417 1.157 1.357 1.157 0.907 0.187 0.997 1.077 0.347 0.000 0.274 0.274 0.202 1.060 1.140 0.669 0.579 0.249 0.828 0.898 0.888 0.698 0.000 0.000 0.000 0.000 0.174 0.173 0.941 0.000 2.347 0.613 0.194 0.326 0.276 0.706 0.176 0.326 0.072 0.126 0.665 0.565 0.185 0.185 0.002 1.085 0.335 0.000 0.135 0.855 1.065 1.345 1.225 0.716 0.546 0.366 0.045 0.075 0.395 0.395 0.245 0.094 0.384 0.158 0.000 1.611 0.601
0.000 0.028 0.078 0.238 0.000 0.000 0.707 0.737 0.587 0.097 1.197 1.207 0.687 0.977 0.957 0.637 0.847 0.957 2.237 0.000 0.194 0.194 0.354 0.142 0.400 0.899 0.439 0.909 0.000 0.000 0.000 0.000 2.159 0.259 0.299 0.389 0.000 0.000 0.441 0.045 0.541 0.349 0.024 0.358 0.000 0.386 0.000 0.007 0.000 0.726 0.000 0.615 0.145 0.145 0.195 1.035 1.395 1.165 1.244 1.104 0.214 0.234 0.104 0.253 0.283 0.093 0.490 0.481 0.572 0.572 0.162 0.172 0.212 0.000 0.110 0.000 0.000
0.000 0.000 0.038 0.107 0.657 0.657 0.717 0.487 0.257 1.277 0.657 0.377 0.837 0.887 0.457 1.097 0.000 0.314 0.000 0.016 0.167 0.166 0.354 0.373 0.271 0.000 0.000 0.000 0.000 0.000 3.059 0.229 0.000 0.099 0.000 1.619 0.999 0.999 0.004 0.090 0.337 0.251 0.368 0.298 0.368 0.000 0.111 0.201 0.811 0.000 0.000 0.184 0.164 0.164 0.224 0.000 0.333 0.000 0.252 0.702 0.782 0.732 0.751 0.671 0.621 0.140 1.380 0.780 0.260 0.260 1.130 0.230 0.220 0.920 0.830 1.081 0.413
0.000 0.000 0.014 0.227 0.477 0.477 0.607 0.527 1.387 0.687 1.107 1.007 0.937 0.497 1.027 0.437 0.134 3.102 0.088 0.088 0.290 0.289 0.416 0.025 0.000 0.000 0.000 0.003 3.069 0.000 0.679 0.169 0.669 0.499 0.389 0.739 0.059 0.058 0.062 0.006 0.206 0.156 0.460 0.018 0.000 0.286 0.000 0.000 0.321 0.086 0.473 0.663 0.703 0.703 0.084 0.000 0.811 0.781 0.761 0.691 0.121 0.241 0.151 0.570 0.560 0.550 0.720 0.590 0.320 0.319 0.599 1.039 0.429 0.190 0.870 0.891 0.492
0.000 0.119 0.229 0.000 0.557 0.557 0.337 0.537 0.777 1.337 0.867 0.497 0.327 0.997 0.117 0.276 0.144 0.175 0.178 0.256 0.254 0.253 0.000 0.000 0.000 0.738 3.088 0.000 0.099 0.229 0.469 0.000 0.000 0.539 0.699 1.189 0.000 0.000 0.187 0.010 0.000 0.000 0.478 0.287 0.206 0.166 0.000 0.379 0.349 0.000 0.000 0.000 0.173 0.173 0.000 0.000 1.011 0.170 0.590 0.710 0.700 0.720 0.720 0.680 0.550 0.460 1.020 0.369 0.989 0.989 1.119 0.809 1.119 0.699 0.940 0.210 0.371
0.119 0.199 0.000 0.667 0.517 0.517 0.167 1.167 1.017 0.607 0.587 0.017 0.217 0.187 0.167 0.316 1.626 0.000 0.182 0.416 0.595 0.595 0.000 0.000 2.058 0.798 0.000 0.002 0.000 0.199 0.209 0.219 0.159 0.699 0.729 1.209 0.179 0.178 0.051 0.048 0.000 0.000 0.393 0.298 0.254 0.013 0.100 0.389 0.349 0.269 0.348 0.111 0.000 0.000 0.000 0.000 0.000 0.728 0.899 0.389 0.169 0.209 0.489 0.589 0.749 0.469 1.139 0.579 0.819 0.819 1.239 0.579 0.499 0.889 0.599 0.770 0.440
0.000 0.000 1.037 0.747 0.177 0.177 1.497 0.447 1.387 0.157 0.467 0.157 0.277 0.057 0.267 0.027 0.000 0.151 0.000 0.286 0.000 0.000 0.000 2.098 0.000 0.268 0.828 0.000 0.002 0.509 0.199 0.429 0.159 0.559 0.289 0.000 0.000 0.000 0.000 0.043 0.346 0.236 0.203 0.103 0.230 0.232 0.212 0.000 0.369 0.000 0.000 0.072 0.002 0.004 0.014 0.000 0.000 0.495 0.000 0.427 1.027 0.798 0.458 0.559 0.089 1.079 0.319 0.719 0.669 0.669 0.739 0.959 0.809 0.949 0.519 0.629 0.610
0.000 0.877 0.847 1.047 0.957 0.957 0.417 0.957 0.397 0.177 0.207 0.257 0.507 0.787 0.397 0.006 3.081 0.181 0.000 0.016 0.000 0.000 0.000 0.128 0.138 0.288 0.758 0.000 0.000 0.002 0.209 0.049 0.239 0.000 0.000 0.793 0.403 0.403 0.000 0.093 0.031 0.210 0.154 0.102 0.241 0.143 0.224 0.243 0.000 0.103 0.000 0.402 0.001 0.004 0.000 0.000 0.000 0.842 0.591 0.371 0.000 0.467 0.578 0.388 0.000 0.979 0.539 0.719 0.609 0.609 0.899 0.519 0.889 0.599 0.739 0.339 0.449
0.757 0.837 1.067 0.000 0.907 0.907 1.037 0.337 0.547 1.137 0.197 1.237 0.817 0.187 1.187 0.000 0.061 0.000 0.336 2.436 2.556 2.556 0.000 0.378 0.002 0.028 0.218 0.598 0.248 0.051 0.330 0.000 0.000 0.000 0.000 0.000 0.000 0.000 0.000 0.000 0.072 0.226 0.267 0.000 0.113 0.027 0.268 0.042 0.041 0.000 0.557 0.028 0.000 0.000 0.000 0.000 0.803 0.000 0.456 0.396 0.366 0.306 0.000 1.358 0.498 0.278 0.858 0.588 0.888 0.888 1.118 0.988 1.088 0.518 0.608 0.718 0.668
0.727 0.717 0.587 0.037 0.957 0.957 0.327 0.417 1.037 0.187 1.047 1.307 0.717 0.217 0.447 1.287 0.000 0.000 0.000 0.236 0.000 0.000 0.000 0.000 0.308 0.168 0.408 0.368 0.000 0.000 0.000 0.000 0.000 0.000 0.000 0.000 0.000 0.000 0.000 0.000 0.000 0.200 0.180 0.000 0.147 0.287 0.267 0.000 0.144 0.020 0.014 0.129 0.069 0.069 0.000 0.767 0.000 0.699 0.339 0.419 0.000 0.343 0.500 0.000 0.000 0.287 1.038 1.078 1.008 1.008 0.428 0.978 0.878 0.598 0.708 0.678 0.508
0.787 0.437 0.917 0.277 0.767 0.767 0.667 0.567 0.327 1.077 1.087 1.137 0.327 1.007 0.227 0.987 0.217 0.000 0.186 0.176 0.536 0.536 0.000 0.010 0.448 0.348 0.000 0.000 0.000 0.000 0.000 0.000 0.013 0.000 0.000 0.000 0.002 0.002 0.000 0.001 0.000 0.000 0.232 0.123 0.116 0.000 0.052 0.026 0.130 0.015 0.078 0.045 0.000 0.000 0.066 0.006 0.000 0.000 0.208 0.288 0.607 0.196 0.929 1.039 0.000 0.344 0.000 0.038 0.728 0.728 0.868 0.958 0.347 0.527 0.767 0.577 0.117
0.787 0.437 0.917 0.277 0.767 0.767 0.667 0.567 0.327 1.077 1.087 1.137 0.327 1.007 0.227 0.987 0.217 0.000 0.186 0.176 0.536 0.536 0.000 0.010 0.448 0.348 0.000 0.000 0.000 0.000 0.000 0.000 0.013 0.000 0.000 0.000 0.000 0.000 0.000 0.000 0.000 0.000 0.138 0.060 0.041 0.000 0.012 0.009 0.077 0.014 0.077 0.033 0.000 0.000 0.066 0.004 0.000 0.000 0.183 0.270 0.606 0.195 0.929 1.039 0.000 0.343 0.000 0.038 0.727 0.727 0.867 0.957 0.347 0.527 0.767 0.577 0.117
0.457 0.797 0.797 0.547 0.107 0.107 0.667 0.657 0.787 0.967 1.137 0.277 1.197 0.057 1.047 1.157 0.000 0.000 0.000 0.176 1.946 1.946 0.000 0.001 0.000 0.308 0.118 0.000 0.000 0.000 0.000 0.000 0.000 0.000 0.002 0.000 0.000 0.000 0.002 0.000 0.000 0.071 0.090 0.128 0.032 0.011 0.026 0.003 0.092 0.004 0.000 0.000 0.102 0.102 0.000 0.002 0.212 0.092 0.109 0.610 0.022 0.000 0.237 0.000 0.320 0.331 0.211 0.000 0.566 0.566 0.446 0.807 0.587 0.616 0.716 0.566 0.835
0.887 0.807 0.637 0.807 0.657 0.657 0.557 0.647 0.547 1.347 0.287 1.337 0.137 0.187 1.297 0.000 0.000 0.390 0.300 0.000 3.036 3.036 0.000 0.463 0.623 0.000 0.000 0.000 0.000 0.000 0.000 0.032 0.000 0.000 0.001 0.000 0.032 0.032 0.000 0.070 0.037 0.100 0.105 0.041 0.039 0.036 0.084 0.004 0.072 0.003 0.000 0.000 0.000 0.000 0.002 0.001 0.298 0.008 0.143 0.104 0.184 0.151 0.129 0.199 0.179 0.360 0.330 0.371 0.332 0.332 0.522 0.043 0.053 0.745 0.795 0.544 0.604
0.667 0.837 0.707 0.227 0.217 0.217 0.327 0.707 0.887 0.137 1.307 0.001 0.637 0.000 0.089 0.321 0.130 0.870 1.880 0.330 0.000 0.000 0.903 0.000 0.000 0.000 0.000 0.000 0.000 0.000 0.000 0.000 0.000 0.000 0.064 0.004 0.000 0.000 0.037 0.075 0.226 0.103 0.145 0.056 0.017 0.053 0.089 0.002 0.141 0.022 0.002 0.000 0.000 0.000 0.000 0.000 0.049 0.176 0.150 0.180 0.000 0.211 0.000 0.036 0.149 0.150 0.420 0.260 0.430 0.430 0.580 0.205 0.524 0.227 0.359 0.439 0.580
0.817 0.477 0.677 0.367 0.427 0.427 1.027 0.157 0.877 0.000 0.000 0.672 0.000 0.311 0.221 0.271 0.680 0.860 1.000 1.060 0.095 0.041 0.703 0.473 0.000 0.000 0.086 0.007 0.003 0.002 0.027 0.000 0.000 0.001 0.001 0.000 0.003 0.006 0.141 0.213 0.240 0.156 0.089 0.054 0.037 0.051 0.102 0.106 0.113 0.256 0.002 0.000 0.000 0.000 0.017 0.028 0.064 0.167 0.111 0.088 0.000 0.000 0.000 0.336 0.000 0.000 0.329 0.298 0.408 0.408 0.408 0.545 0.613 0.562 0.532 0.431 0.310
0.737 0.687 0.497 0.657 0.567 0.567 0.647 0.767 0.427 0.000 0.000 0.000 0.121 0.481 0.000 0.000 0.000 0.000 0.230 0.730 0.000 0.000 1.223 0.884 0.000 0.000 0.020 0.033 0.140 0.025 0.006 0.101 0.004 0.064 0.025 0.111 0.136 0.143 0.252 0.115 0.163 0.122 0.051 0.107 0.041 0.034 0.133 0.013 0.043 0.169 0.166 0.116 0.012 0.029 0.030 0.045 0.089 0.172 0.141 0.082 0.000 0.000 0.000 0.000 0.000 0.036 0.000 0.224 0.476 0.476 0.000 0.000 0.532 0.511 0.447 0.494 0.371
0.707 0.647 0.827 0.347 0.867 0.867 1.077 0.177 0.000 0.000 0.196 0.000 0.003 0.000 0.390 0.000 0.000 0.000 0.940 0.750 0.260 0.260 0.000 0.883 0.018 0.044 0.046 0.015 0.000 0.013 0.022 0.000 0.095 0.084 0.144 0.147 0.244 0.245 0.073 0.038 0.001 0.070 0.077 0.055 0.124 0.103 0.055 0.138 0.029 0.185 0.324 0.106 0.027 0.051 0.078 0.048 0.256 0.105 0.112 0.083 0.000 0.065 0.000 0.002 0.002 0.005 0.008 0.292 0.185 0.185 0.255 0.000 0.190 0.133 0.378 0.516 0.195
0.657 0.707 1.487 0.187 0.797 0.797 0.327 0.000 0.436 0.466 0.196 0.216 0.001 0.001 0.490 0.150 0.004 0.310 0.910 0.930 0.000 0.000 0.091 0.031 0.080 0.000 0.000 0.019 0.014 0.009 0.031 0.000 0.182 0.000 0.027 0.222 0.051 0.050 0.048 0.105 0.135 0.047 0.074 0.146 0.075 0.047 0.102 0.038 0.059 0.020 0.282 0.048 0.069 0.085 0.043 0.098 0.063 0.096 0.059 0.110 0.002 0.001 0.000 0.036 0.093 0.070 0.105 0.304 0.237 0.237 0.028 0.120 0.000 0.701 0.331 0.368 0.233
0.887 0.587 0.577 0.217 0.000 0.000 0.000 0.000 0.306 0.606 0.386 0.386 0.000 0.210 0.380 0.190 0.530 0.200 0.600 0.200 0.000 0.000 0.000 0.000 0.081 0.000 0.000 0.000 0.011 0.004 0.016 0.030 0.092 0.240 0.131 0.053 0.099 0.099 0.029 0.057 0.023 0.040 0.035 0.053 0.119 0.048 0.110 0.069 0.040 0.139 0.083 0.092 0.083 0.099 0.087 0.083 0.066 0.161 0.051 0.091 0.035 0.008 0.009 0.097 0.113 0.044 0.000 0.000 0.122 0.116 0.194 0.129 0.000 0.000 0.000 0.457 1.292
0.827 0.807 0.647 0.000 0.000 0.000 0.000 0.000 0.000 0.000 0.000 0.000 0.000 0.190 0.420 0.340 0.000 0.000 0.000 0.000 0.000 0.000 0.000 0.150 0.083 0.779 0.039 0.015 0.033 0.120 0.085 0.168 0.065 0.168 0.048 0.032 0.036 0.031 0.047 0.036 0.038 0.047 0.095 0.042 0.164 0.154 0.124 0.092 0.173 0.093 0.098 0.032 0.018 0.031 0.062 0.043 0.086 0.123 0.115 0.048 0.180 0.066 0.187 0.108 0.112 0.032 0.000 0.000 0.000 0.000 0.158 0.210 0.000 0.000 0.000 0.000 0.388
0.997 0.000 0.000 0.000 0.000 0.000 0.000 0.000 0.000 0.000 0.000 0.000 0.000 0.000 0.000 0.000 0.000 0.000 0.000 0.000 0.000 0.000 0.000 0.000 0.000 0.057 0.000 0.038 0.019 0.147 0.004 0.258 0.118 0.067 0.036 0.026 0.066 0.064 0.027 0.052 0.036 0.201 0.086 0.124 0.116 0.065 0.080 0.241 0.046 0.185 0.070 0.087 0.039 0.060 0.114 0.108 0.093 0.000 0.083 0.134 0.102 0.173 0.024 0.046 0.023 0.046 0.000 0.000 0.000 0.000 0.000 0.572 0.008 0.000 0.000 0.000 0.000
