includes/camargue/floodfiles/results_R3_t1.562344836599E12/res.totaltm
ncols         906
nrows         631
xllcorner     362177.146667
yllcorner     6534725.688020
cellsize      20.000000
NODATA_value  -9999.000000
[rows 363 to 395 of 631, columns 228 to 303 of 906]
0.000 0.000 0.000 0.000 0.000 0.000 0.000 0.000 0.000 0.000 0.000 0.000 0.000 0.000 0.000 0.000 0.000 0.000 0.000 0.000 0.000 0.000 0.000 0.000 0.000 0.000 0.000 0.000 0.000 0.000 0.000 0.000 0.000 0.000 0.000 0.000 3.348 10.978 10.978 10.965 2.518 3.416 2.638 11.031 3.093 6.128 5.552 10.021 11.007 11.004 11.000 10.993 1.551 10.942 10.951 10.956 0.000 10.953 10.940 10.934 10.948 10.944 10.918 10.912 10.914 10.906 10.892 3.652 1.552 1.261 1.066 2.094 10.802 10.795 10.789 4.209
0.000 0.000 0.000 0.000 0.000 0.000 0.000 0.000 0.000 0.000 0.000 0.000 0.000 0.000 0.000 0.000 0.000 0.000 0.000 0.000 0.000 0.000 0.000 0.000 0.000 0.000 0.000 0.000 0.000 0.000 0.000 0.000 0.000 0.000 0.000 1.289 10.969 10.986 10.984 11.013 8.863 10.978 1.829 11.037 3.653 8.189 3.084 11.026 11.023 3.080 11.008 3.697 10.943 0.000 0.000 5.158 10.255 4.579 5.246 10.940 10.951 6.661 10.895 10.921 10.922 10.915 9.068 10.893 0.729 1.246 1.044 4.284 4.175 4.558 2.934 10.813
0.000 0.000 0.000 0.000 0.000 0.000 0.000 0.000 0.000 0.000 0.000 0.000 0.000 0.000 0.000 0.000 0.000 0.000 0.000 0.000 0.000 0.000 0.000 0.000 0.000 0.000 0.000 0.000 0.000 0.000 0.000 0.000 0.000 0.000 0.000 4.026 10.980 11.009 11.009 11.020 1.213 4.151 10.012 11.050 3.195 11.035 11.038 11.035 1.272 11.018 11.011 11.009 0.000 10.972 10.985 9.951 11.000 3.743 2.165 10.952 10.955 10.925 10.936 10.934 10.934 10.446 10.918 2.147 3.002 4.160 4.159 2.952 10.828 6.326 7.012 7.468
0.000 0.000 0.000 0.000 0.000 0.000 0.000 0.000 0.000 0.000 0.000 0.000 0.000 0.000 0.000 0.000 0.000 0.000 0.000 0.000 0.000 0.000 0.000 0.000 0.000 0.000 0.000 0.000 0.000 0.000 0.000 0.000 0.000 0.000 3.153 11.016 11.050 11.021 11.019 11.024 11.037 11.021 11.064 11.058 11.065 11.053 11.049 2.779 3.348 11.039 2.670 1.372 11.037 1.256 1.240 7.036 11.005 11.001 7.197 10.988 10.996 2.873 6.314 7.976 9.126 2.215 10.927 10.924 10.909 10.893 10.887 3.678 4.399 2.843 2.319 7.346
0.000 0.000 0.000 0.000 0.000 0.000 0.000 0.000 0.000 0.000 0.000 0.000 0.000 0.000 0.000 0.000 0.000 0.000 0.000 0.000 0.000 0.000 0.000 0.000 0.000 0.000 0.000 0.000 0.000 0.000 0.000 0.000 0.000 0.000 2.837 3.853 11.058 11.012 11.020 11.028 11.044 11.065 6.780 3.627 11.072 11.058 11.053 11.048 11.044 11.043 11.041 11.043 11.042 5.974 5.990 11.025 11.024 9.830 11.000 10.993 11.004 11.011 11.004 10.996 10.986 10.963 10.959 9.725 0.000 5.689 5.791 6.104 4.761 3.620 4.895 10.865
0.000 0.000 0.000 0.000 0.000 0.000 0.000 0.000 0.000 0.000 0.000 0.000 0.000 0.000 0.000 0.000 0.000 0.000 0.000 0.000 0.000 0.000 0.000 0.000 0.000 0.000 0.000 0.000 0.000 0.000 0.000 0.000 0.000 0.933 3.936 11.057 3.046 0.922 0.933 2.470 3.016 3.278 11.100 7.195 11.078 11.073 11.067 11.053 3.942 11.049 1.593 11.064 11.052 11.057 11.056 11.035 11.031 11.027 11.002 11.000 3.654 11.018 11.013 10.981 10.976 10.970 5.328 5.664 4.999 1.895 1.886 10.895 10.882 4.894 2.005 10.878
0.000 0.000 0.000 0.000 0.000 0.000 0.000 0.000 0.000 0.000 0.000 0.000 0.000 0.000 0.000 0.000 0.000 0.000 0.000 0.000 0.000 0.000 0.000 0.000 0.000 0.000 0.000 0.000 0.000 0.000 0.000 0.000 0.000 11.031 2.616 0.000 11.089 0.860 0.947 0.000 0.000 6.752 11.112 5.277 4.235 11.061 11.056 11.058 11.083 10.857 11.088 11.075 11.070 8.342 8.472 11.059 11.055 11.021 11.017 0.000 11.046 11.042 1.699 10.991 10.982 10.971 10.964 1.952 0.990 3.013 2.843 10.906 10.881 10.891 10.882 10.887
0.000 0.000 0.000 0.000 0.000 0.000 0.000 0.000 0.000 0.000 0.000 0.000 0.000 0.000 0.000 0.000 0.000 0.000 0.000 0.000 0.000 0.000 0.000 0.000 0.000 0.000 0.000 0.000 0.000 0.000 0.000 0.000 3.342 1.644 6.847 5.355 8.493 11.101 11.106 11.118 11.124 11.123 11.118 4.951 2.914 2.603 3.564 11.084 11.088 11.094 11.094 11.088 5.606 11.090 11.083 9.696 3.066 11.017 1.231 11.080 11.059 2.939 6.182 10.999 2.539 7.145 10.964 10.953 10.939 10.933 10.924 3.178 1.237 2.596 10.904 10.907
0.000 0.000 0.000 0.000 0.000 0.000 0.000 0.000 0.000 0.000 0.000 0.000 0.000 0.000 0.000 0.000 0.000 0.000 0.000 0.000 0.000 0.000 0.000 0.000 0.000 0.000 0.000 0.000 0.000 0.000 0.000 0.000 11.117 11.128 11.136 4.078 0.000 0.000 0.000 4.595 11.129 11.128 11.123 11.115 11.101 11.139 2.863 11.090 11.096 11.104 11.110 7.063 11.108 11.104 11.097 11.093 11.088 3.375 11.098 11.084 4.640 11.024 11.019 11.015 11.011 4.677 10.972 10.965 3.213 3.798 3.740 10.964 10.999 4.527 2.900 3.757
0.000 0.000 0.000 0.000 0.000 0.000 0.000 0.000 0.000 0.000 0.000 0.000 0.000 0.000 0.000 0.000 0.000 0.000 0.000 0.000 0.000 0.000 0.000 0.000 0.000 0.000 0.000 0.000 0.000 0.000 0.000 3.331 11.120 11.145 11.149 11.143 11.148 11.154 11.154 11.154 11.146 11.155 2.661 0.000 0.000 11.145 11.141 6.438 11.105 11.110 11.116 11.126 11.121 3.206 3.272 2.428 11.104 11.095 11.102 8.861 11.064 11.035 11.026 5.017 9.549 5.454 6.500 0.000 10.957 10.981 10.994 11.001 11.007 10.997 10.979 4.631
0.000 0.000 0.000 0.000 0.000 0.000 0.000 0.000 0.000 0.000 0.000 0.000 0.000 0.000 0.000 0.000 0.000 0.000 0.000 0.000 0.000 0.000 0.000 0.000 0.000 0.000 0.000 0.000 0.000 2.770 3.558 4.050 2.415 11.150 5.172 3.404 4.628 11.159 11.159 11.158 11.160 11.169 11.180 11.162 11.160 11.151 11.147 11.102 11.109 11.124 11.140 11.135 11.129 11.125 11.127 5.554 11.109 11.120 11.109 6.140 11.071 11.036 11.029 10.054 2.215 10.989 10.984 10.980 10.976 0.976 0.976 5.370 11.035 0.000 1.884 9.710
0.000 0.000 0.000 0.000 0.000 0.000 0.000 0.000 0.000 0.000 0.000 0.000 0.000 0.000 0.000 0.000 0.000 0.000 0.000 0.000 0.000 0.000 0.000 0.000 0.000 0.000 0.000 0.000 3.776 4.754 4.746 11.174 2.866 3.345 11.174 8.976 11.168 7.346 7.365 7.693 6.662 3.867 11.187 11.194 11.175 2.815 11.141 1.483 8.677 11.141 11.147 11.143 0.995 11.125 11.132 11.137 11.132 11.125 11.102 11.096 11.076 11.069 11.057 3.401 11.014 11.009 1.098 11.038 2.324 11.029 11.037 11.042 11.042 11.042 11.028 6.150
0.000 0.000 0.000 0.000 0.000 0.000 0.000 0.000 0.000 0.000 0.000 0.000 0.000 0.000 0.000 0.000 0.000 0.000 0.000 0.000 0.000 0.000 0.000 0.000 0.000 0.000 0.000 1.363 1.418 3.745 11.191 11.195 11.180 3.468 5.492 11.184 11.180 11.177 11.177 11.183 11.185 11.188 11.206 11.200 3.904 11.160 11.120 4.269 11.123 4.146 11.163 5.047 10.046 3.551 3.549 11.143 3.530 11.128 5.741 11.078 11.071 11.065 6.582 11.036 11.027 1.102 11.063 11.044 11.039 11.035 11.043 11.048 11.049 11.051 11.046 11.042
0.000 0.000 0.000 0.000 0.000 0.000 0.000 0.000 0.000 0.000 0.000 0.000 0.000 0.000 0.000 0.000 0.000 0.000 0.000 0.000 0.000 0.000 0.000 0.000 0.000 0.000 0.000 3.281 11.250 11.261 4.545 6.783 11.195 11.191 9.557 10.137 11.184 11.190 11.195 11.186 11.195 11.219 11.234 3.053 11.219 3.896 2.892 11.197 4.137 11.166 11.167 11.163 11.173 11.168 11.163 11.155 11.153 11.131 11.128 2.644 3.065 9.756 5.869 11.046 2.222 11.086 11.081 3.353 11.032 0.000 0.000 11.065 11.069 11.062 4.212 11.029
0.000 0.000 0.000 0.000 0.000 0.000 0.000 0.000 0.000 0.000 0.000 0.000 0.000 0.000 0.000 0.000 0.000 0.000 0.000 0.000 0.000 0.000 0.000 0.000 0.000 0.000 3.411 4.784 5.000 11.265 11.261 11.256 4.834 4.835 11.198 11.194 1.459 11.198 11.202 11.195 11.194 5.648 11.246 11.256 11.259 11.238 9.680 11.222 11.234 11.179 11.206 4.653 11.178 11.171 11.166 4.191 11.147 7.706 11.125 11.121 11.074 5.243 11.072 7.129 11.111 11.107 1.678 11.153 3.458 11.097 11.090 11.089 11.077 11.073 11.062 2.714
0.000 0.000 0.000 0.000 0.000 0.000 0.000 0.000 0.000 0.000 0.000 0.000 0.000 0.000 0.000 0.000 0.000 0.000 0.000 0.000 0.000 0.000 0.000 0.000 0.000 0.000 1.759 11.241 8.799 11.270 3.928 11.241 11.235 11.230 11.203 6.267 11.208 6.477 6.859 1.974 3.637 11.251 11.255 2.931 11.263 6.456 11.240 11.233 11.240 11.234 11.226 11.220 11.203 11.178 11.174 1.902 3.347 11.125 1.453 11.104 11.094 11.103 11.084 0.000 11.139 5.829 11.174 11.158 11.123 11.118 11.109 11.095 11.090 11.075 11.080 11.060
0.000 0.000 0.000 0.000 0.000 0.000 0.000 0.000 0.000 0.000 0.000 0.000 0.000 0.000 0.000 0.000 0.000 0.000 0.000 0.000 0.000 0.000 0.000 0.000 0.000 0.000 1.737 11.249 8.807 11.275 3.942 11.249 11.243 11.237 11.203 6.263 11.214 7.081 9.404 1.998 3.644 11.260 11.266 2.950 11.269 6.454 11.249 11.245 11.248 11.242 11.234 11.228 11.204 11.179 11.174 1.909 3.361 11.115 1.461 11.100 11.106 11.113 11.097 0.000 11.147 5.836 11.181 11.161 11.122 11.119 11.110 11.096 11.097 11.083 11.088 11.066
0.000 0.000 0.000 0.000 0.000 0.000 0.000 0.000 0.000 0.000 0.000 0.000 0.000 0.000 0.000 0.000 0.000 0.000 0.000 0.000 0.000 0.000 0.000 0.000 0.000 0.780 11.259 11.254 5.330 11.283 4.460 11.254 3.528 11.238 11.233 11.237 7.924 5.429 5.440 11.272 11.302 4.697 9.895 11.290 11.284 11.280 4.393 8.278 11.251 4.782 11.227 11.208 2.104 11.212 11.213 11.216 11.168 2.503 11.023 1.135 11.118 11.123 6.192 11.171 11.182 11.191 11.187 3.462 11.137 11.129 11.118 11.103 11.114 11.106 11.093 11.088
0.000 0.000 0.000 0.000 0.000 0.000 0.000 0.000 0.000 0.000 0.000 0.000 0.000 0.000 0.000 0.000 0.000 0.000 0.000 0.000 0.000 0.000 0.000 0.000 3.170 11.272 5.394 4.466 8.023 11.296 6.908 5.963 5.417 6.066 3.394 6.317 11.249 11.256 11.261 11.264 11.305 4.695 11.301 11.298 11.287 11.284 11.279 11.259 11.255 11.251 2.640 11.216 11.221 8.280 8.275 10.819 11.216 11.211 0.758 11.157 2.218 11.148 11.154 3.551 3.836 11.194 0.708 11.130 11.163 11.163 11.152 11.137 11.124 11.117 11.108 11.086
0.000 0.000 0.000 0.000 0.000 0.000 0.000 0.000 0.000 0.000 0.000 0.000 0.000 0.000 0.000 0.000 0.000 0.000 0.000 0.000 0.000 0.000 0.000 3.701 5.730 9.947 11.290 11.305 11.300 11.306 11.297 4.945 5.723 11.264 11.260 11.257 2.826 11.237 11.238 3.689 11.307 11.299 11.308 11.305 11.309 11.286 7.344 2.611 11.252 11.248 0.000 10.332 11.225 11.271 11.282 11.291 5.570 3.229 11.126 11.187 0.790 11.154 11.158 11.190 11.194 11.204 10.132 11.195 11.180 11.172 11.161 11.150 11.149 11.121 11.116 11.109
0.000 0.000 0.000 0.000 0.000 0.000 0.000 0.000 0.000 0.000 0.000 0.000 0.000 0.000 0.000 0.000 0.000 0.000 0.000 0.000 0.000 3.420 3.240 0.796 5.278 11.299 11.305 11.310 11.303 11.311 11.302 11.298 11.309 6.392 11.264 6.371 11.253 3.558 3.558 9.740 11.324 11.304 11.314 11.310 11.314 2.208 11.297 11.305 2.094 11.240 11.233 11.232 11.233 5.127 5.127 11.300 11.307 4.474 2.596 11.198 11.202 4.902 11.169 11.184 6.091 11.207 11.219 11.201 11.197 11.192 11.182 11.167 11.158 11.125 11.119 11.092
0.000 0.000 0.000 0.000 0.000 0.000 0.000 0.000 0.000 0.000 0.000 0.000 0.000 0.000 0.000 0.000 0.000 0.000 0.000 1.608 2.499 4.009 3.851 11.315 3.295 3.856 10.536 11.317 11.324 11.317 6.801 4.269 11.313 11.309 11.303 11.295 3.593 11.327 11.327 6.432 11.331 11.331 11.331 11.323 11.318 11.336 5.139 11.313 11.308 2.667 4.004 11.276 11.281 11.305 11.314 11.319 11.323 11.319 7.962 3.568 8.664 11.202 11.179 10.453 11.174 10.975 11.220 11.217 11.201 11.196 11.186 11.169 11.156 11.131 11.093 11.093
0.000 0.000 0.000 0.000 0.000 0.000 0.000 0.000 0.000 0.000 0.000 0.000 0.000 0.000 0.000 0.000 0.000 0.000 0.000 0.591 4.594 11.310 11.316 11.323 11.321 11.319 11.320 11.322 11.333 11.323 11.337 11.313 11.318 5.961 10.969 11.289 4.336 11.331 11.330 11.336 11.335 11.334 11.334 11.319 11.331 11.346 11.318 11.336 8.624 11.289 11.273 8.195 5.090 11.251 11.251 0.000 11.351 4.699 5.448 11.228 11.224 3.901 11.194 11.197 11.192 2.389 11.227 3.576 11.196 11.187 11.175 11.165 11.152 11.114 11.097 11.098
0.000 0.000 0.000 0.000 0.000 0.000 0.000 0.000 0.000 0.000 0.000 0.000 0.000 0.000 0.000 0.000 0.000 0.000 1.663 11.308 3.474 11.331 11.329 6.385 11.344 7.514 11.325 11.331 11.343 11.344 11.343 11.328 11.343 0.979 11.320 2.309 11.348 11.353 11.353 11.341 11.377 11.365 11.371 2.615 11.356 11.356 9.669 11.346 3.455 11.292 4.364 10.490 7.984 2.033 2.170 0.000 11.362 2.100 6.869 11.248 6.300 11.229 2.378 11.202 7.976 11.212 11.233 2.998 11.166 11.177 11.167 11.158 11.101 11.116 11.110 11.109
0.000 0.000 0.000 0.000 0.000 0.000 0.000 0.000 0.000 0.000 0.000 0.000 0.000 0.000 0.000 0.000 0.000 0.000 1.805 1.041 11.358 3.808 3.813 4.017 5.885 4.015 11.327 11.339 11.351 11.355 11.359 11.356 11.348 11.351 11.325 11.185 11.354 11.357 11.357 11.368 11.390 11.360 11.385 11.373 11.361 11.362 11.351 11.351 7.467 6.273 6.518 5.502 11.291 1.404 1.491 0.598 11.370 3.506 11.271 11.252 11.248 11.238 8.442 11.215 11.210 11.228 11.239 6.331 11.171 11.166 11.157 11.150 11.139 11.129 11.118 11.118
0.000 0.000 0.000 0.000 0.000 0.000 0.000 0.000 0.000 0.000 0.000 0.000 0.000 0.000 0.000 0.000 0.545 2.420 3.494 11.375 11.369 11.379 11.386 11.390 11.385 4.439 11.343 11.351 11.358 11.351 11.373 11.358 11.354 11.355 3.202 5.331 11.358 11.381 11.387 11.381 11.402 11.372 11.401 11.379 11.374 11.370 11.418 11.354 5.359 11.360 11.351 3.656 11.301 1.517 1.660 0.000 11.376 3.937 11.288 11.275 11.248 5.551 4.399 4.985 11.212 11.247 11.241 4.126 11.183 7.767 7.757 11.143 11.148 11.140 11.125 11.124
0.000 0.000 0.000 0.000 0.000 0.000 0.000 0.000 0.000 0.000 0.000 0.000 0.000 0.000 0.000 0.000 2.241 0.975 4.079 5.271 3.014 3.856 3.787 11.394 6.328 11.380 5.185 7.386 11.364 10.934 11.377 6.000 5.176 11.360 11.443 6.252 11.356 11.395 11.405 11.391 11.415 11.406 11.416 9.372 11.379 11.376 11.430 11.419 6.879 9.468 6.899 11.324 4.943 2.664 2.656 11.370 11.386 4.622 11.295 11.286 10.019 10.727 11.221 11.215 2.520 11.252 11.251 7.409 11.190 4.178 4.169 7.819 11.158 11.139 11.132 11.135
0.000 0.000 0.000 0.000 0.000 0.000 0.000 0.000 0.000 0.000 0.000 0.000 0.000 0.000 1.113 0.879 9.108 11.437 11.432 11.425 11.419 11.425 11.420 11.420 11.418 4.150 11.376 6.850 11.370 11.401 11.428 11.437 11.455 11.483 11.477 11.442 11.438 11.403 11.412 11.418 11.425 10.009 11.427 11.418 11.422 11.431 11.438 7.625 8.673 11.412 4.139 3.347 11.365 3.289 3.283 11.405 11.400 8.023 11.305 11.292 7.310 3.016 11.214 11.206 4.382 11.262 11.259 9.456 9.721 9.275 9.200 11.170 11.170 11.162 11.137 5.796
0.000 0.000 0.000 0.000 0.000 0.000 0.000 0.000 0.000 0.000 0.000 0.000 0.000 0.000 0.000 2.147 11.438 11.441 11.424 2.165 3.597 8.684 8.468 11.425 11.422 11.418 4.844 4.838 11.419 11.430 11.407 8.394 7.651 11.490 11.482 11.359 4.045 11.404 11.235 11.444 11.452 11.501 11.461 9.627 11.427 11.434 11.444 11.443 11.431 11.418 2.846 5.522 6.660 11.365 11.352 11.430 11.396 5.634 11.306 11.298 11.291 11.278 0.830 3.967 6.815 11.266 11.238 11.233 3.294 4.837 4.761 11.175 9.789 3.409 4.527 11.183
0.000 0.000 0.000 0.000 0.000 0.000 0.000 0.000 0.000 0.000 0.000 0.000 0.944 11.198 1.317 1.354 11.435 11.450 11.455 11.460 11.459 6.745 6.741 11.433 11.506 7.038 6.730 11.416 11.428 11.438 11.421 11.412 11.490 11.496 5.715 9.786 2.094 10.206 10.078 11.424 11.483 11.510 11.429 11.422 11.399 4.929 11.470 11.447 6.034 11.414 11.396 11.409 11.395 5.436 5.435 11.439 5.916 11.310 11.315 11.286 1.071 5.552 11.215 2.843 4.270 11.271 2.422 11.236 11.215 5.498 5.680 4.281 11.210 11.201 11.196 11.187
0.000 0.000 0.000 0.000 0.000 0.000 0.000 0.000 0.000 0.000 0.000 1.782 0.888 2.114 2.209 2.902 5.059 4.173 11.460 11.479 11.493 7.570 7.569 9.757 11.534 11.540 11.486 11.420 11.446 5.597 4.598 8.350 11.483 11.500 11.493 1.170 11.448 11.455 11.466 11.481 11.499 11.516 11.465 11.450 3.454 11.486 11.474 10.250 11.423 2.248 11.423 11.419 3.279 8.157 7.942 11.457 2.900 11.351 8.479 11.315 11.324 2.377 2.673 11.266 11.269 11.285 5.752 4.463 11.246 6.477 6.477 11.225 11.214 11.204 3.475 0.000
0.000 0.000 0.000 0.000 0.000 0.000 0.000 0.000 0.000 1.674 1.428 2.822 11.506 3.009 11.460 4.076 11.491 11.487 11.480 11.509 11.510 11.525 11.539 6.053 11.547 11.551 11.540 11.529 6.708 11.478 11.488 2.866 5.049 11.513 3.124 7.162 11.474 11.436 11.447 3.689 11.496 11.544 11.485 5.788 11.510 11.496 2.323 11.422 3.469 11.440 11.431 11.425 3.343 11.446 11.455 11.473 2.695 11.359 8.003 4.135 11.347 11.340 11.334 2.562 5.027 11.291 1.487 11.290 5.424 11.259 11.253 3.262 11.224 11.221 11.240 11.246
0.000 0.000 0.000 0.000 0.000 0.000 0.000 0.000 0.000 0.902 0.874 2.443 6.287 2.865 5.600 4.012 11.501 11.495 11.495 11.517 11.521 11.541 11.554 6.056 11.559 11.562 11.553 11.541 6.774 11.489 11.498 2.883 5.016 11.521 3.144 7.163 11.485 11.449 11.465 3.704 11.508 11.555 11.507 5.788 11.516 11.504 2.339 11.406 3.486 11.448 11.440 11.433 3.294 11.454 11.463 11.484 2.696 11.371 7.903 4.142 11.356 11.348 11.341 2.561 5.030 11.301 1.503 11.301 5.417 11.267 11.260 3.262 11.228 11.225 11.248 11.254
