includes/camargue/floodfiles/results_R3_t1.562344836599E12/res.totaltm
ncols         906
nrows         631
xllcorner     362177.146667
yllcorner     6534725.688020
cellsize      20.000000
NODATA_value  -9999.000000
[rows 396 to 428 of 631, columns 532 to 607 of 906]
0.000 0.000 0.000 0.000 0.000 0.000 0.000 0.000 0.000 0.000 0.000 0.000 0.000 0.000 0.000 0.000 0.000 0.000 0.000 0.000 0.000 0.000 0.000 0.000 0.000 0.000 0.000 0.000 0.000 0.000 0.000 0.000 0.000 0.000 0.000 0.000 0.000 0.000 0.000 0.000 0.000 0.000 0.000 0.000 6.879 6.783 6.839 13.205 6.670 13.209 7.107 7.292 10.083 13.232 13.240 9.590 7.802 7.685 13.259 10.450 13.279 7.298 7.604 7.296 13.290 6.945 12.668 13.301 7.117 13.321 13.339 13.336 13.337 6.922 7.060 13.368
0.000 0.000 0.000 0.000 0.000 0.000 0.000 0.000 0.000 0.000 0.000 0.000 0.000 0.000 0.000 0.000 0.000 0.000 0.000 0.000 0.000 0.000 0.000 0.000 0.000 0.000 0.000 0.000 0.000 0.000 0.000 0.000 0.000 0.000 0.000 0.000 0.000 0.000 0.000 0.000 0.000 4.841 6.837 6.968 6.029 6.723 7.025 7.779 6.512 11.293 13.248 6.687 13.271 6.750 6.753 10.355 8.901 9.196 9.795 13.287 10.339 10.386 7.638 7.035 13.304 7.356 13.300 13.311 7.845 8.113 13.346 13.347 13.217 13.361 13.369 13.378
0.000 0.000 0.000 0.000 0.000 0.000 0.000 0.000 0.000 0.000 0.000 0.000 0.000 0.000 0.000 0.000 0.000 0.000 0.000 0.000 0.000 0.000 0.000 0.000 0.000 0.000 0.000 0.000 0.000 0.000 0.000 0.000 0.000 0.000 0.000 0.000 0.000 0.000 0.000 4.400 4.274 6.566 6.639 7.076 7.944 6.718 7.010 13.236 13.244 9.758 13.256 13.275 13.283 6.848 8.209 13.285 13.288 13.272 13.291 10.054 10.003 10.175 13.325 7.121 11.886 11.965 13.127 13.322 13.328 6.999 13.365 13.378 13.385 12.674 13.386 13.393
0.000 0.000 0.000 0.000 0.000 0.000 0.000 0.000 0.000 0.000 0.000 0.000 0.000 0.000 0.000 0.000 0.000 0.000 0.000 0.000 0.000 0.000 0.000 0.000 0.000 0.000 0.000 0.000 0.000 0.000 0.000 0.000 0.000 0.000 0.000 0.000 0.000 0.000 4.832 7.494 6.686 6.508 5.648 6.519 13.201 13.223 8.456 13.246 12.822 8.136 7.544 8.019 13.295 7.054 13.298 7.067 7.047 13.301 6.992 13.320 9.695 13.335 13.338 7.005 13.329 13.317 12.999 7.347 7.327 7.496 9.327 13.388 13.396 13.405 7.276 7.371
0.000 0.000 0.000 0.000 0.000 0.000 0.000 0.000 0.000 0.000 0.000 0.000 0.000 0.000 0.000 0.000 0.000 0.000 0.000 0.000 0.000 0.000 0.000 0.000 0.000 0.000 0.000 0.000 0.000 0.000 0.000 0.000 0.000 0.000 0.000 0.000 0.427 4.976 6.067 12.226 7.116 7.224 5.934 6.685 6.717 7.005 7.865 7.563 11.839 13.284 7.464 13.304 13.311 13.321 7.170 7.472 7.347 13.315 13.320 13.332 13.336 13.340 13.348 13.342 13.338 11.650 13.332 7.319 9.423 10.952 13.392 13.398 13.406 9.249 9.254 7.843
0.000 0.000 0.000 0.000 0.000 0.000 0.000 0.000 0.000 0.000 0.000 0.000 0.000 0.000 0.000 0.000 0.000 0.000 0.000 0.000 0.000 0.000 0.000 0.000 0.000 0.000 0.000 0.000 0.000 0.000 0.000 0.000 0.000 0.000 0.000 1.316 5.303 13.067 6.003 5.781 5.763 7.656 13.235 6.844 6.603 7.482 13.269 13.280 7.296 13.003 7.371 8.560 7.294 13.327 13.133 7.585 7.560 13.327 7.237 12.061 13.348 13.356 8.528 13.353 13.350 7.182 7.192 13.360 13.371 13.382 13.397 13.405 13.412 7.740 13.437 7.824
0.000 0.000 0.000 0.000 0.000 0.000 0.000 0.000 0.000 0.000 0.000 0.000 0.000 0.000 0.000 0.000 0.000 0.000 0.000 0.000 0.000 0.000 0.000 0.000 0.000 0.000 0.000 0.000 0.000 0.000 0.000 0.000 0.000 0.000 1.317 5.424 6.038 6.534 6.665 6.754 6.585 13.235 8.155 8.998 6.992 7.200 7.024 8.848 10.134 13.311 13.318 6.971 7.415 13.339 13.343 7.857 8.032 13.343 9.531 7.299 9.845 13.366 13.377 8.187 8.516 13.367 7.691 13.369 13.377 8.203 7.591 13.413 13.419 7.296 13.444 11.872
0.000 0.000 0.000 0.000 0.000 0.000 0.000 0.000 0.000 0.000 0.000 0.000 0.000 0.000 0.000 0.000 0.000 0.000 0.000 0.000 0.000 0.000 0.000 0.000 0.000 0.000 0.000 0.000 0.000 0.000 0.000 0.000 0.000 3.414 5.518 5.968 6.094 6.879 7.439 11.840 11.902 6.603 7.682 13.278 13.278 7.099 13.301 8.073 8.468 7.411 13.328 7.127 7.644 12.201 13.359 13.365 12.069 7.369 7.124 13.369 8.069 8.148 13.387 8.559 7.544 10.296 13.368 13.378 11.905 7.163 8.444 13.421 13.426 13.443 8.427 8.583
0.000 0.000 0.000 0.000 0.000 0.000 0.000 0.000 0.000 0.000 0.000 0.000 0.000 0.000 0.000 0.000 0.000 0.000 0.000 0.000 0.000 0.000 0.000 0.000 0.000 0.000 0.000 0.000 0.000 0.000 0.000 0.000 4.015 5.589 13.077 6.548 6.909 5.738 6.642 7.815 7.467 7.280 13.291 9.771 6.952 7.463 7.752 13.323 13.332 8.822 11.985 13.353 11.914 11.482 9.128 13.384 13.386 13.383 7.325 13.381 9.058 13.398 13.395 13.387 7.616 13.386 7.417 8.665 13.399 7.607 7.321 8.229 8.124 13.450 13.457 13.465
0.000 0.000 0.000 0.000 0.000 0.000 0.000 0.000 0.000 0.000 0.000 0.000 0.000 0.000 0.000 0.000 0.000 0.000 0.000 0.000 0.000 0.000 0.000 0.000 0.000 0.000 0.000 0.000 0.000 0.000 0.000 4.395 5.292 5.915 6.038 6.826 6.971 6.496 6.821 12.448 8.118 13.303 7.659 10.825 13.311 7.426 13.334 7.388 10.547 10.906 13.360 7.772 12.628 8.855 13.385 13.391 13.393 7.863 7.918 7.436 8.430 13.405 13.412 7.484 8.090 13.408 7.544 7.466 7.762 13.425 8.554 12.460 9.857 13.464 7.929 13.482
0.000 0.000 0.000 0.000 0.000 0.000 0.000 0.000 0.000 0.000 0.000 0.000 0.000 0.000 0.000 0.000 0.000 0.000 0.000 0.000 0.000 0.000 0.000 0.000 0.000 0.000 0.000 0.000 0.000 0.000 4.447 5.778 5.808 6.034 6.612 7.491 13.227 7.410 7.821 6.773 6.766 8.543 9.486 6.954 12.559 11.705 13.343 7.117 13.357 9.733 11.651 13.383 13.384 13.389 13.224 13.401 13.403 7.832 7.338 7.619 13.412 8.972 13.430 8.863 13.430 12.322 8.025 7.515 7.286 7.641 7.813 7.865 7.666 13.474 8.272 8.571
0.000 0.000 0.000 0.000 0.000 0.000 0.000 0.000 0.000 0.000 0.000 0.000 0.000 0.000 0.000 0.000 0.000 0.000 0.000 0.000 0.000 0.000 0.000 0.000 0.000 0.000 0.000 0.000 1.099 4.998 6.449 9.723 7.190 13.147 6.543 6.502 6.690 8.341 13.297 10.578 7.857 10.466 13.336 13.345 6.963 7.167 11.221 13.360 7.091 10.256 10.201 10.054 12.559 10.917 7.363 13.410 13.411 13.417 13.419 7.938 13.424 11.420 13.440 13.452 13.441 9.013 13.411 7.585 7.164 7.248 7.832 8.106 7.823 13.488 13.496 8.646
0.000 0.000 0.000 0.000 0.000 0.000 0.000 0.000 0.000 0.000 0.000 0.000 0.000 0.000 0.000 0.000 0.000 0.000 0.000 0.000 0.000 0.000 0.000 0.000 0.000 0.000 0.000 3.925 5.586 13.102 5.999 6.207 5.791 7.786 6.376 6.654 7.505 6.794 7.122 9.353 7.721 7.982 13.348 12.292 13.370 13.378 13.371 13.375 12.846 13.403 12.237 8.152 13.403 9.573 7.268 9.996 9.453 13.444 13.424 13.429 10.789 8.379 13.451 13.458 13.453 7.821 7.374 7.250 13.431 7.725 7.701 8.285 7.959 8.039 13.504 13.509
0.000 0.000 0.000 0.000 0.000 0.000 0.000 0.000 0.000 0.000 0.000 0.000 0.000 0.000 0.000 0.000 0.000 0.000 0.000 0.000 0.000 0.000 0.000 0.000 0.000 0.000 4.217 5.941 7.249 6.920 6.145 6.791 6.086 7.734 6.012 7.229 7.267 7.886 7.924 13.338 13.343 7.299 7.507 13.368 7.927 8.950 13.383 7.312 11.968 13.413 7.392 13.416 13.417 7.869 8.026 13.443 13.443 13.452 13.442 13.443 7.823 10.470 13.459 13.475 8.736 13.448 8.039 7.658 13.443 7.235 7.382 10.499 8.458 13.503 12.579 7.421
0.000 0.000 0.000 0.000 0.000 0.000 0.000 0.000 0.000 0.000 0.000 0.000 0.000 0.000 0.000 0.000 0.000 0.000 0.000 0.000 0.000 0.000 0.000 0.000 0.000 4.500 6.435 6.780 13.156 6.805 13.175 6.811 6.886 8.442 8.528 8.637 12.402 6.960 7.242 13.347 9.463 13.384 13.379 7.204 7.805 12.296 7.548 10.995 7.238 13.422 7.777 13.432 7.589 13.443 11.877 8.721 8.076 13.459 7.528 13.453 13.464 8.711 9.504 13.484 9.912 7.567 7.327 7.644 13.451 13.462 7.799 10.512 8.415 8.601 12.990 13.540
0.000 0.000 0.000 0.000 0.000 0.000 0.000 0.000 0.000 0.000 0.000 0.000 0.000 0.000 0.000 0.000 0.000 0.000 0.000 0.000 0.000 0.000 0.000 0.000 0.000 4.355 6.205 6.591 13.170 6.477 13.191 6.590 6.696 7.545 7.698 7.985 9.027 6.965 7.167 8.839 7.910 13.394 13.388 7.192 7.562 10.077 7.452 8.551 7.244 13.431 7.724 13.443 7.587 13.451 8.909 8.202 7.920 13.468 7.513 13.465 13.476 8.737 9.044 13.490 9.850 7.566 7.389 7.647 13.459 13.474 7.819 10.521 8.285 8.588 12.454 13.548
10.796 10.836 0.000 0.000 0.000 0.000 0.000 0.000 0.000 0.000 0.000 0.000 0.000 0.000 0.000 0.000 0.000 0.000 0.000 0.000 0.000 0.000 0.000 0.000 0.000 5.815 6.349 6.577 9.765 7.797 7.468 8.309 6.815 6.845 7.788 7.578 8.800 12.993 9.124 10.489 8.672 11.178 7.310 13.413 7.681 13.423 7.897 8.568 13.438 13.443 13.457 13.267 8.053 7.431 11.413 13.474 13.476 13.478 13.481 8.077 10.632 8.875 9.871 13.506 8.519 7.726 7.301 7.793 13.480 10.876 7.460 8.626 7.970 7.857 8.255 9.380
10.838 10.862 0.000 0.000 0.000 10.750 0.000 0.000 0.000 0.000 0.000 0.000 0.000 0.000 0.000 0.000 0.000 0.000 0.000 0.000 0.000 0.000 0.000 4.805 4.748 6.564 7.261 6.643 7.435 13.269 9.095 13.302 9.325 8.803 6.867 7.203 9.347 7.088 13.386 10.188 8.453 12.679 7.346 8.675 7.767 13.443 7.492 13.451 7.477 7.764 13.465 13.474 13.472 13.482 11.212 13.493 13.494 13.501 13.505 7.401 10.709 10.814 8.135 13.511 8.850 7.889 13.499 8.204 8.999 13.495 8.183 8.344 8.050 7.337 13.531 7.543
0.155 1.006 1.484 0.000 0.941 10.988 0.307 0.000 0.000 0.000 0.000 0.000 0.000 0.000 0.000 0.000 0.000 0.000 0.000 0.000 1.722 5.230 13.145 6.488 6.468 6.982 7.044 6.638 8.989 7.509 13.307 7.137 8.957 8.828 8.457 7.865 8.936 7.359 10.698 7.540 7.422 12.162 13.430 8.222 13.460 10.269 13.470 8.638 13.476 13.472 10.201 9.992 13.103 13.497 13.502 8.306 8.324 10.687 13.511 9.327 8.712 13.521 9.792 13.526 9.978 8.730 9.188 8.037 13.514 9.927 13.518 10.380 8.969 13.541 7.462 8.010
0.227 0.377 0.448 0.847 0.000 10.992 11.079 0.000 0.000 0.000 0.000 0.000 0.000 0.000 0.000 0.000 0.000 0.000 0.000 3.961 5.711 6.354 7.300 6.989 6.686 7.293 13.245 13.262 13.281 8.428 9.372 11.582 13.354 10.168 9.592 11.579 13.400 7.431 13.418 7.396 7.329 13.442 7.977 7.698 13.468 9.678 11.417 9.552 11.629 11.294 9.802 13.501 13.425 13.519 13.538 13.519 13.520 13.523 13.527 8.060 13.545 13.539 13.533 13.539 8.639 9.831 9.885 8.355 13.527 10.154 7.966 11.019 9.581 8.140 8.606 7.621
0.434 0.529 0.886 8.617 7.027 0.506 11.096 0.000 0.000 0.000 0.000 0.000 0.000 0.000 0.000 0.000 0.000 1.035 4.834 6.335 6.653 11.949 13.185 11.494 8.741 7.864 13.243 13.279 9.099 9.622 7.689 7.563 7.288 9.609 10.500 9.341 13.413 10.184 9.735 10.023 8.184 13.449 13.455 7.538 13.189 12.721 12.028 13.501 11.032 13.498 10.811 9.786 13.529 13.535 13.547 8.349 8.402 13.532 8.683 9.226 13.566 8.551 13.563 7.946 9.183 9.352 7.719 7.581 13.535 10.952 7.501 10.571 9.607 8.029 13.589 7.730
0.720 0.787 11.564 11.748 11.667 1.405 3.175 3.300 2.018 0.000 0.000 0.000 0.000 0.000 0.000 0.000 1.851 5.360 6.739 9.364 13.167 13.170 6.590 13.212 12.453 13.263 7.184 6.693 8.337 13.329 10.399 13.366 10.738 11.591 8.461 10.656 13.423 7.842 13.445 13.453 13.455 7.642 13.462 13.472 7.458 11.446 12.781 9.215 10.416 7.527 13.529 10.812 10.157 10.241 13.557 9.865 9.781 8.997 11.621 8.163 13.572 13.562 13.570 8.165 13.615 9.312 7.906 13.556 13.573 8.115 7.790 13.565 10.531 13.593 8.604 13.632
2.781 7.008 11.749 11.762 11.773 11.800 2.247 12.181 12.192 0.000 0.000 0.000 0.000 0.000 0.000 4.066 5.664 7.503 6.659 13.181 6.788 7.085 13.201 7.418 7.051 13.279 7.543 7.872 8.043 6.916 13.357 7.012 7.111 13.409 7.334 7.272 12.479 10.657 10.478 12.179 10.901 12.000 7.646 13.480 13.504 8.245 12.374 11.334 13.540 8.871 13.551 13.551 13.557 8.226 13.584 10.167 11.244 9.977 13.565 13.568 13.595 8.101 13.589 8.469 10.914 8.852 13.592 7.684 12.109 13.573 11.395 7.671 7.652 11.369 13.633 13.641
0.808 11.561 11.570 11.748 11.760 11.851 3.879 12.184 7.540 12.252 0.000 0.000 0.000 0.611 5.006 7.220 6.422 7.000 13.203 6.756 13.209 13.210 7.387 10.945 8.883 11.005 9.772 6.835 13.355 10.256 8.033 7.687 13.405 13.417 7.888 8.371 13.448 12.086 7.378 12.081 10.476 13.484 13.492 13.496 7.786 8.417 12.230 13.559 13.547 13.568 9.952 7.754 13.267 7.977 13.595 8.482 8.517 13.590 13.574 8.098 13.626 13.614 9.941 12.968 13.650 9.477 8.079 13.608 13.616 7.678 13.622 13.618 13.619 7.770 7.792 8.144
11.514 2.997 11.731 4.831 11.746 2.606 11.858 0.322 0.320 12.286 12.315 0.000 2.766 5.464 7.492 6.854 7.252 8.321 7.538 9.238 8.456 6.879 6.572 6.750 6.713 13.323 12.519 13.123 7.014 8.971 13.389 9.785 13.418 11.539 13.020 8.190 8.312 13.477 12.784 13.493 13.494 8.393 13.515 13.531 13.539 13.547 13.566 13.566 7.859 11.175 8.570 13.585 13.610 8.870 13.606 13.611 13.615 10.001 13.590 13.615 13.636 13.625 13.615 13.621 13.657 8.352 13.647 13.637 8.976 7.874 13.632 8.035 8.006 8.431 13.655 8.212
11.740 11.750 11.757 11.804 11.596 11.856 11.864 12.030 12.033 0.367 12.397 12.406 12.981 13.200 13.202 7.711 7.481 8.219 8.110 8.743 9.463 6.917 8.019 13.283 13.298 8.203 11.232 13.361 13.271 12.481 7.284 8.237 10.686 11.081 12.536 8.206 13.474 8.775 13.515 13.512 13.520 7.477 13.524 7.637 13.561 8.135 11.449 13.587 10.326 13.603 13.611 13.619 13.621 13.615 13.622 13.624 13.628 9.152 8.731 12.800 13.651 10.931 9.417 8.141 13.688 8.539 13.434 10.518 13.657 12.157 12.917 13.250 10.968 7.803 9.242 13.682
11.450 11.758 11.806 11.816 11.836 11.847 4.373 12.178 12.212 12.236 12.251 12.752 12.831 13.212 8.547 9.409 7.412 11.176 13.251 6.999 10.025 6.904 7.527 6.911 6.890 8.112 7.191 13.369 7.177 13.411 13.414 13.304 13.439 9.395 12.955 7.445 7.549 7.759 13.524 13.520 13.529 9.811 7.973 7.999 13.580 13.585 13.598 13.600 13.605 13.611 13.626 9.050 11.086 7.740 13.629 13.637 13.643 13.663 7.982 9.002 13.666 13.690 8.224 13.660 13.702 13.724 13.713 8.397 7.988 13.388 7.946 12.562 10.925 13.669 7.716 13.790
11.734 11.762 11.803 11.812 11.823 11.807 0.509 12.160 12.187 12.214 12.235 0.000 13.219 13.226 13.241 13.293 13.299 13.288 6.826 6.909 13.287 9.691 7.115 7.610 7.434 7.813 10.071 9.963 8.917 9.574 7.725 7.253 13.457 13.371 13.493 13.504 7.820 7.882 13.530 7.980 7.966 13.564 10.143 9.968 9.745 8.102 13.609 13.620 8.660 13.630 13.635 13.677 13.678 13.652 13.660 13.666 13.681 12.386 8.188 9.044 10.146 13.704 13.684 13.674 13.716 13.803 10.806 13.768 13.818 13.781 8.448 13.781 13.781 8.035 13.790 13.837
11.718 11.754 11.744 11.641 11.811 11.825 3.136 12.106 12.117 12.133 12.210 0.000 5.300 6.483 13.265 13.308 13.323 6.962 6.821 8.652 8.757 9.921 8.487 11.578 8.798 9.407 9.556 13.402 9.458 10.925 13.448 12.868 7.422 13.486 12.908 13.514 13.527 13.544 13.557 10.359 12.372 8.034 13.608 13.602 9.069 13.617 13.619 13.629 10.599 13.637 8.167 13.713 12.209 8.414 8.635 13.680 13.696 13.782 8.255 14.500 14.500 14.010 8.460 8.663 13.740 13.821 12.532 9.141 9.676 13.878 9.117 12.698 12.364 12.210 12.226 8.914
11.707 11.715 11.728 11.746 11.793 11.813 0.000 12.092 12.102 0.000 0.000 0.000 13.271 13.306 13.312 13.320 13.342 7.369 7.023 9.339 9.685 13.327 8.845 7.228 7.111 7.132 13.399 9.953 9.243 9.327 7.960 13.475 7.680 13.484 7.409 7.845 8.145 13.443 13.567 8.367 8.348 8.445 11.031 8.224 13.637 13.625 7.964 13.720 13.676 13.685 12.199 13.739 10.309 12.575 9.521 8.532 8.505 13.803 8.293 13.878 8.361 14.023 7.858 12.248 8.844 13.836 10.552 8.326 13.928 13.344 9.149 13.911 13.899 13.911 13.930 13.865
11.551 11.705 11.701 11.689 11.658 11.725 0.000 0.000 0.000 0.000 10.528 5.105 5.329 5.522 7.101 13.336 13.351 7.384 7.086 9.565 13.354 7.538 6.892 11.510 9.581 13.408 13.417 7.383 7.406 9.594 13.481 13.398 13.506 7.547 7.792 7.992 13.583 13.583 13.594 9.665 9.218 9.552 13.675 13.657 13.657 13.648 8.448 13.741 9.462 10.205 13.773 13.789 13.791 13.827 13.828 13.866 13.870 13.825 8.431 13.869 8.250 14.117 7.989 9.801 13.851 13.860 13.896 9.320 13.939 11.382 13.980 9.361 9.688 8.008 8.107 13.999
11.532 11.685 11.673 11.669 11.656 11.714 0.000 0.000 0.000 0.000 6.815 5.058 5.333 5.540 7.185 13.345 13.365 7.287 7.041 8.217 13.365 7.307 6.878 11.523 9.595 13.420 13.431 7.349 7.350 9.993 13.493 11.783 11.915 7.510 7.669 7.846 13.593 13.594 13.607 9.378 9.003 9.300 13.695 13.135 13.678 13.664 8.388 13.773 9.395 10.122 13.793 13.805 13.810 13.850 13.845 13.882 13.890 13.861 8.402 13.854 8.226 14.135 7.959 9.295 13.853 13.863 13.907 9.324 13.949 9.679 13.211 9.141 9.356 8.006 8.084 12.242
11.550 11.632 11.653 11.652 11.645 0.000 5.638 5.733 5.611 6.229 5.544 13.017 5.410 13.049 5.769 10.609 13.374 8.055 7.162 13.387 10.332 10.503 13.396 7.212 7.213 7.614 12.655 11.267 13.478 10.205 8.986 10.670 13.557 13.567 10.999 13.592 13.617 7.634 8.040 9.403 8.994 13.720 13.753 11.784 12.252 8.070 8.609 13.794 9.422 8.532 8.255 13.879 8.197 13.870 13.795 13.917 13.930 13.973 8.584 8.031 9.136 14.149 8.049 7.931 9.904 13.904 13.938 8.753 13.982 13.988 14.015 14.039 14.043 8.533 9.047 13.941
