includes/camargue/floodfiles/results_R3_t1.562344836599E12/res.max
ncols         906
nrows         631
xllcorner     362177.146667
yllcorner     6534725.688020
cellsize      20.000000
NODATA_value  -9999.000000
[rows 408 to 441 of 631, columns 231 to 307 of 906]
1.857 1.767 2.496 2.495 1.503 1.451 2.219 2.768 2.807 2.797 1.923 0.346 2.005 2.702 2.701 2.750 0.966 1.443 1.401 1.399 2.096 1.653 1.951 2.269 1.957 1.994 2.553 2.332 1.387 1.301 3.264 0.817 0.000 2.824 2.683 2.682 3.072 1.710 2.647 1.536 1.362 2.588 2.478 1.427 0.895 2.254 2.162 0.639 2.547 1.455 0.441 0.438 1.532 1.641 2.658 1.597 1.623 0.825 3.241 1.453 1.040 1.217 1.764 1.453 1.682 1.310 0.937 0.936 0.382 2.067 2.095 0.000 2.177 1.993 0.652 1.209 0.680
2.029 2.298 1.637 1.636 1.205 1.463 1.432 0.900 2.138 2.887 2.806 2.766 1.461 0.413 2.034 2.750 2.718 2.827 1.624 1.622 2.227 1.415 2.023 1.892 1.389 1.675 1.493 2.283 1.429 3.252 0.777 0.901 1.365 3.366 0.666 0.666 2.225 2.084 1.502 2.021 1.455 1.801 2.619 2.249 2.209 2.296 1.954 1.152 2.328 2.008 2.307 2.306 1.309 2.547 1.083 1.239 1.686 1.140 3.554 0.767 1.113 1.922 1.500 1.498 1.746 1.743 2.061 2.060 2.090 2.007 0.446 2.012 2.122 0.210 0.889 0.387 1.936
1.950 2.440 1.389 1.388 1.767 1.787 1.294 2.082 2.681 1.559 1.667 2.776 2.795 2.825 1.919 0.628 2.518 2.767 2.386 2.385 1.120 2.277 2.086 2.165 1.274 0.599 0.676 3.219 3.238 0.716 2.888 2.508 1.434 0.671 2.094 2.093 2.239 1.918 2.637 2.135 1.279 1.604 1.922 2.151 2.179 2.138 1.356 1.403 1.880 2.239 1.957 1.956 1.942 2.308 2.317 1.632 1.889 1.293 2.167 0.622 1.577 1.935 1.955 1.953 1.981 1.166 1.672 1.671 2.190 2.230 0.109 2.153 2.043 1.403 1.633 1.693 1.772
1.951 2.441 1.391 1.390 1.768 1.788 1.296 2.083 2.682 1.560 1.669 2.776 2.795 2.825 1.923 0.634 2.518 2.767 2.386 2.385 1.122 2.279 2.087 2.167 1.276 0.601 0.677 3.219 3.238 0.716 2.888 2.508 1.436 0.677 2.095 2.094 2.242 1.920 2.638 2.137 1.282 1.607 1.924 2.152 2.180 2.139 1.357 1.405 1.882 2.240 1.958 1.956 1.943 2.309 2.317 1.633 1.890 1.296 2.169 0.626 1.580 1.939 1.958 1.956 1.983 1.168 1.672 1.671 2.190 2.230 0.110 2.154 2.043 1.404 1.633 1.694 1.774
2.393 2.553 2.743 2.743 1.451 2.249 1.868 2.646 1.514 1.693 2.711 2.070 1.498 2.815 2.824 2.844 1.527 0.538 2.385 2.385 2.213 2.401 1.659 1.768 1.117 0.894 3.200 3.217 0.814 1.447 1.416 0.722 2.487 2.267 1.634 1.629 2.154 1.973 2.140 1.809 1.525 1.671 1.658 2.396 1.434 0.891 2.279 2.198 2.156 1.553 1.390 1.388 2.254 1.841 0.587 2.203 3.311 3.101 0.975 1.502 1.937 1.984 1.982 1.990 1.045 1.791 0.835 0.833 2.252 0.760 1.940 2.088 0.237 1.157 0.596 1.696 1.156
2.494 2.494 2.554 2.553 2.613 1.921 1.820 1.479 1.776 1.875 2.114 2.092 2.290 1.598 1.536 2.973 2.472 2.671 0.909 0.903 2.293 2.402 0.582 1.800 0.929 1.475 3.197 0.470 1.501 0.545 2.730 2.279 1.602 2.169 1.362 1.356 1.490 2.046 1.744 1.732 1.397 1.643 2.292 2.020 1.257 1.843 2.270 2.239 2.207 2.296 2.303 2.302 1.541 0.156 2.059 1.778 1.005 3.555 3.440 1.595 1.902 1.690 1.818 1.395 0.652 1.732 0.520 0.518 1.675 1.191 2.121 1.661 1.101 1.400 1.900 1.748 1.278
1.297 2.596 2.306 2.305 1.314 2.493 2.492 2.542 1.120 2.648 2.588 1.515 1.642 2.000 2.208 1.925 2.313 1.601 2.667 2.666 0.834 1.117 3.725 1.873 3.163 2.019 1.576 2.685 2.352 2.330 2.055 1.390 2.395 2.671 2.699 2.696 2.204 2.360 1.988 1.756 0.942 3.421 3.437 3.439 3.081 1.865 2.621 3.379 3.401 3.039 0.376 0.375 2.303 2.313 1.265 1.632 3.553 1.517 1.223 0.871 2.038 1.568 1.658 0.668 1.909 0.553 1.955 1.955 2.043 0.892 0.000 2.002 2.082 2.042 1.692 0.941 1.309
1.638 2.468 2.398 2.398 1.867 1.255 2.723 2.703 2.672 2.701 2.599 2.168 1.535 1.872 2.410 1.128 1.845 0.632 1.378 1.377 0.819 1.061 1.856 3.141 2.294 1.411 1.808 2.176 1.374 1.700 2.556 2.502 2.587 2.602 2.609 2.608 0.000 0.995 1.703 1.021 2.518 3.421 0.841 0.610 0.965 1.745 1.704 1.623 0.952 2.969 1.709 1.708 1.756 1.635 0.900 2.458 1.225 1.781 0.519 1.968 1.946 1.615 2.034 0.862 1.821 0.500 1.180 1.179 1.108 2.197 1.787 0.573 0.867 1.985 1.904 0.834 0.862
1.083 1.941 2.301 2.300 1.689 1.568 2.115 2.534 2.633 2.563 1.441 2.050 1.757 2.294 1.332 1.471 1.339 0.765 1.519 1.518 1.025 1.818 3.123 1.506 2.594 2.393 2.080 2.348 2.346 2.643 2.538 2.623 2.760 1.478 0.896 0.895 1.415 1.309 1.483 3.396 3.413 1.165 1.465 1.505 1.774 0.871 1.686 1.716 1.125 1.122 3.415 3.415 1.657 1.786 1.324 3.542 3.840 0.886 2.034 2.051 1.980 1.648 1.988 0.496 1.884 0.617 1.097 1.095 1.262 2.078 0.975 1.946 1.995 1.894 0.000 2.203 0.657
1.830 2.016 2.214 2.213 1.642 1.700 1.867 2.636 1.655 2.484 1.543 2.573 1.610 0.988 1.655 1.582 1.570 1.307 3.870 3.870 3.920 3.117 0.920 2.576 2.495 2.414 2.431 2.438 2.417 2.625 1.984 0.609 1.632 1.172 0.961 0.960 3.354 3.370 3.387 2.304 1.302 1.390 1.479 1.688 1.917 1.797 0.753 1.401 1.711 1.087 3.415 3.415 1.109 1.387 1.855 3.543 0.690 2.307 2.026 2.014 2.052 1.921 1.990 1.859 1.807 1.104 1.466 1.462 1.587 1.450 1.585 1.089 1.896 2.056 0.000 2.313 0.861
1.962 1.899 2.107 2.106 2.025 1.733 2.159 2.498 1.717 2.326 2.065 2.855 1.183 1.771 1.789 1.096 0.853 3.970 1.126 1.124 3.098 0.565 2.149 2.617 2.357 2.157 1.186 0.883 2.179 2.118 2.167 2.706 0.940 1.368 3.340 3.339 3.354 0.989 2.455 0.630 2.234 2.094 1.952 2.140 2.139 2.128 1.506 0.814 1.905 1.375 0.710 0.706 3.474 2.611 3.524 1.245 2.324 1.770 2.028 2.066 1.895 1.273 1.601 1.940 1.988 1.997 1.412 1.407 1.771 0.856 1.664 1.500 1.348 1.997 1.396 2.094 0.923
2.074 1.832 2.030 2.028 1.997 2.056 1.443 1.670 2.369 2.548 0.768 3.547 1.516 1.494 1.700 2.317 3.276 1.891 3.899 3.898 2.545 0.000 0.854 1.193 1.751 2.250 2.180 3.204 3.219 3.233 3.250 3.268 3.284 3.300 3.336 3.335 1.655 2.121 2.078 0.915 1.688 1.807 1.724 1.722 1.671 1.839 2.157 2.095 1.015 1.741 1.618 1.613 3.285 1.813 0.760 2.006 2.045 2.093 2.030 2.008 1.837 2.016 1.844 2.012 1.610 2.178 1.576 1.574 0.771 1.230 0.126 1.630 1.809 1.528 2.097 1.765 1.455
2.287 1.856 1.575 1.574 1.622 1.661 1.518 2.592 1.942 1.281 1.641 3.298 1.648 1.928 1.306 1.163 1.277 1.901 3.078 3.077 0.816 0.744 1.536 1.482 2.768 3.167 3.184 3.111 2.041 0.556 1.870 1.080 0.898 1.074 2.080 2.079 1.888 1.165 0.992 1.558 1.883 1.831 1.418 2.174 2.153 2.280 2.027 2.215 2.330 2.005 1.680 1.675 2.128 0.715 2.412 1.849 2.237 2.195 1.662 1.929 1.948 1.877 1.536 1.814 1.492 1.789 1.688 1.687 1.305 1.473 0.336 0.640 0.985 1.338 1.868 0.658 0.738
1.673 1.602 1.631 1.630 1.888 1.776 2.146 0.542 1.137 2.045 2.135 1.623 2.964 1.912 1.642 2.161 0.994 1.375 3.073 3.073 3.090 3.108 3.123 3.138 3.153 1.552 0.558 2.475 2.345 2.305 1.169 1.937 1.875 1.360 1.973 1.972 1.191 1.379 1.477 1.963 1.498 1.775 1.712 1.728 2.164 2.102 1.808 2.045 1.751 1.916 2.041 2.039 0.863 1.869 1.675 1.891 2.079 2.127 1.605 1.392 1.310 2.028 2.158 2.127 1.325 1.372 1.938 1.938 1.537 0.464 0.800 1.958 1.686 0.394 0.746 1.425 1.273
2.438 1.537 1.576 1.575 1.895 0.943 1.482 1.442 1.358 1.143 1.838 2.936 2.105 3.095 2.455 1.904 2.263 1.313 2.909 2.909 0.688 1.907 1.786 1.505 0.840 1.966 2.034 2.419 2.327 2.165 1.634 1.580 1.507 1.634 1.519 1.517 1.255 1.823 1.690 1.727 1.903 1.689 1.836 1.522 1.887 1.744 2.138 2.166 1.762 2.217 1.302 1.299 2.066 1.752 1.769 2.004 1.891 1.759 1.658 2.154 1.953 1.431 2.150 2.049 1.927 2.177 1.052 1.049 1.747 0.875 1.962 1.810 1.078 1.536 0.797 1.034 0.681
1.673 1.662 1.991 1.991 2.090 1.199 2.318 1.536 1.434 1.290 1.644 1.202 1.638 2.077 2.427 1.437 2.385 2.615 0.693 0.688 2.795 2.693 2.241 2.549 2.615 2.340 2.476 2.653 1.371 1.009 1.717 1.185 1.890 1.838 1.344 1.341 1.897 1.926 1.833 1.900 1.627 1.813 1.820 1.857 1.592 1.968 1.371 1.436 1.972 1.270 0.656 0.653 2.007 1.815 1.963 1.596 1.734 1.472 1.932 0.969 2.263 2.353 2.332 1.643 0.449 2.079 1.303 1.300 1.317 1.835 1.723 1.242 1.472 0.698 1.172 1.651 1.400
1.717 1.705 2.354 2.354 2.093 2.222 2.141 1.399 2.018 2.077 1.273 2.300 1.247 1.064 4.060 1.670 2.179 1.759 0.621 0.615 2.627 1.996 2.383 2.422 1.178 2.212 1.750 0.987 2.125 2.114 2.762 2.631 1.376 1.473 1.259 1.256 1.412 1.869 1.806 1.893 1.881 1.587 1.974 1.751 1.887 1.375 0.929 1.897 0.925 0.664 1.371 1.369 1.663 1.719 2.048 0.293 1.917 0.807 1.597 1.427 0.884 0.822 1.241 1.351 0.049 2.025 0.511 0.505 1.817 1.485 1.244 1.304 1.533 1.112 0.838 1.195 1.113
1.840 0.969 2.087 2.087 1.656 1.864 2.563 2.122 1.890 2.449 2.238 1.465 1.773 1.310 1.687 3.167 1.314 3.324 0.678 0.672 2.612 2.560 1.847 1.915 2.392 1.786 1.742 2.449 2.486 2.525 2.563 2.481 2.390 2.459 1.764 1.761 1.887 2.013 1.861 1.507 1.654 1.611 1.978 1.805 1.043 1.903 1.892 0.150 0.452 1.120 2.043 2.042 1.802 0.927 1.951 1.981 1.278 0.805 1.923 1.142 1.162 1.211 1.508 1.778 0.908 2.273 0.560 0.553 1.778 0.427 1.155 1.585 1.125 1.084 1.154 1.222 0.788
1.195 1.664 2.122 2.121 1.599 1.577 2.475 2.014 2.162 2.000 3.638 4.127 2.965 2.981 2.998 3.014 3.497 3.049 3.003 3.000 2.562 1.676 1.831 2.679 1.694 2.378 1.804 2.319 2.527 2.285 2.023 2.671 2.580 2.569 1.776 1.772 1.769 1.976 1.994 1.611 1.878 2.076 2.095 0.681 1.879 1.898 0.094 0.387 1.264 1.312 0.845 0.841 2.248 2.428 1.029 2.002 2.012 1.561 1.788 1.617 1.697 1.626 1.343 1.271 1.950 2.079 1.789 1.790 0.492 1.634 0.760 0.978 0.968 1.268 1.137 1.267 0.063
1.198 1.667 2.126 2.125 1.603 1.580 2.477 2.015 2.163 2.001 3.638 4.127 2.965 2.982 2.998 3.015 3.497 3.049 3.003 3.000 2.565 1.679 1.834 2.681 1.696 2.379 1.805 2.320 2.527 2.286 2.024 2.671 2.580 2.569 1.777 1.774 1.771 1.978 1.997 1.614 1.880 2.077 2.097 0.685 1.881 1.900 0.098 0.390 1.268 1.317 0.853 0.848 2.250 2.430 1.034 2.003 2.013 1.562 1.789 1.619 1.698 1.628 1.345 1.273 1.951 2.081 1.790 1.790 0.499 1.633 0.763 0.981 0.971 1.271 1.140 1.270 0.066
1.052 3.783 2.180 2.179 2.458 1.624 2.229 2.258 1.945 2.910 2.927 2.944 4.046 2.977 2.994 3.011 3.028 3.045 3.013 3.011 2.036 1.761 2.456 2.603 2.671 1.273 2.556 2.531 2.048 2.116 2.284 2.482 2.680 2.619 2.127 2.125 1.832 1.920 2.349 1.597 2.025 0.592 1.850 1.970 1.806 0.795 1.004 1.400 1.535 2.134 1.842 1.838 1.867 1.634 1.733 0.914 1.546 1.396 1.015 1.303 1.531 1.511 1.169 1.224 2.293 2.121 1.741 1.740 1.670 0.133 1.740 0.707 1.605 1.605 0.844 1.222 1.761
2.617 4.145 1.894 1.892 2.231 1.528 1.943 2.361 2.891 2.908 2.363 2.221 1.539 1.966 2.004 2.791 2.058 1.955 2.183 2.182 1.887 2.432 2.339 2.245 2.651 2.436 2.353 0.000 2.318 2.226 2.035 1.873 2.720 2.630 2.208 2.206 1.853 2.441 2.270 2.310 1.607 1.976 2.024 1.853 0.800 1.349 1.926 1.292 2.127 2.076 1.844 1.843 0.847 1.172 1.109 0.934 0.955 1.252 1.392 1.209 1.297 1.397 1.987 0.551 2.086 1.182 1.481 1.481 0.398 1.243 1.491 1.561 0.870 1.379 1.609 1.467 1.476
2.332 2.300 2.348 2.346 4.034 2.840 2.856 2.871 2.079 2.077 2.375 2.154 2.032 2.720 2.038 2.026 1.220 2.255 3.764 3.763 2.068 2.104 2.851 2.618 1.832 2.576 2.593 2.339 1.873 1.748 2.265 2.203 2.262 2.080 1.948 1.946 2.224 2.222 2.441 2.190 1.579 1.597 1.616 2.204 2.144 1.902 1.148 2.196 1.152 2.068 1.547 1.547 2.567 1.641 1.287 1.406 0.785 1.217 1.486 1.515 1.033 1.230 1.949 0.526 2.183 0.287 0.784 0.782 1.988 0.658 0.973 1.283 1.562 1.411 1.661 1.510 1.579
2.375 2.432 2.806 2.804 2.820 2.838 2.191 2.010 1.035 3.220 1.918 2.126 1.865 2.242 2.651 2.029 0.874 2.666 2.236 2.236 0.911 3.175 3.264 2.090 1.684 1.639 1.434 2.109 2.205 1.290 2.066 2.184 2.152 2.310 1.988 1.987 1.975 1.974 1.493 1.801 1.840 1.609 1.687 1.736 1.616 1.143 2.149 1.948 2.016 1.593 2.051 2.050 2.359 0.793 1.760 1.660 0.831 1.103 1.360 1.749 1.378 1.223 1.542 1.612 2.019 0.195 0.980 0.978 0.847 2.049 0.796 0.985 1.654 1.884 1.843 1.462 2.071
2.755 2.767 4.052 4.051 2.208 2.276 3.503 2.772 2.039 2.055 1.902 1.910 1.928 2.225 2.174 1.462 2.290 1.584 2.718 2.717 2.386 2.360 2.377 1.644 1.526 1.699 1.796 1.240 1.925 2.082 1.828 2.475 2.093 1.921 1.839 1.837 1.846 1.855 1.864 2.283 1.491 1.750 1.849 2.288 2.337 2.086 1.442 1.680 1.198 1.596 1.435 1.434 1.584 0.369 1.543 1.682 1.215 1.220 1.316 1.373 1.623 0.619 1.306 2.236 1.574 0.643 1.208 1.208 0.000 1.349 1.448 1.967 1.836 1.635 1.795 2.074 2.023
2.750 2.764 2.834 2.833 2.210 2.158 1.895 2.333 1.950 2.027 2.105 2.283 2.991 2.018 2.105 2.454 2.562 2.230 1.595 1.592 2.318 2.163 2.050 2.149 1.172 1.620 1.835 1.542 1.337 2.113 1.879 2.166 2.134 2.252 1.869 1.867 2.036 2.125 2.135 2.234 1.623 1.671 2.180 2.029 2.427 2.096 1.874 2.162 1.991 1.970 1.759 1.759 1.428 0.535 1.648 1.608 0.551 1.463 1.652 0.899 1.347 1.216 1.419 2.148 1.586 1.395 1.581 1.580 0.000 1.029 1.569 1.049 1.278 1.778 1.877 2.056 1.994
2.240 2.098 3.185 3.184 2.242 2.210 1.887 2.774 2.112 2.130 2.108 2.205 2.323 2.231 2.287 2.284 2.623 2.561 2.670 2.668 2.746 1.310 1.624 1.574 2.104 0.732 1.625 1.492 1.650 1.747 1.414 1.928 1.656 1.154 1.819 1.817 1.986 2.166 2.385 1.854 2.503 2.303 2.371 2.550 1.788 1.446 1.634 1.752 2.301 2.601 2.521 2.520 1.760 2.089 1.674 1.653 0.637 1.120 1.358 0.964 1.803 1.291 0.536 2.163 0.919 1.388 0.562 0.561 0.000 0.286 1.085 1.915 1.173 1.911 1.980 2.039 1.737
2.383 2.190 2.218 2.216 2.184 2.212 1.909 2.166 2.054 2.202 2.250 2.248 2.236 2.334 1.090 1.566 2.504 2.683 2.511 2.509 2.697 2.647 0.871 2.216 2.226 2.306 0.371 1.782 1.872 1.781 1.620 1.115 1.698 1.508 0.664 0.661 2.356 2.376 2.386 1.575 2.194 2.124 1.883 1.892 1.210 1.227 1.235 1.483 2.182 2.121 2.191 2.191 1.920 2.239 1.556 1.715 1.012 1.318 1.286 0.640 1.876 0.904 0.782 2.238 0.414 1.370 0.000 0.000 1.823 1.029 1.502 1.858 2.267 1.965 1.743 2.062 1.500
2.145 2.133 2.151 2.149 1.957 2.114 1.751 2.237 2.196 2.294 2.282 2.420 2.278 2.226 2.413 2.650 2.717 2.535 1.963 1.961 1.509 2.578 2.437 1.091 2.258 2.167 1.557 0.711 1.725 1.725 1.675 1.474 0.437 1.529 1.428 1.426 1.010 2.296 2.326 2.346 2.336 2.295 2.634 2.273 2.201 2.249 2.176 2.244 2.132 2.172 2.162 2.162 1.702 1.721 1.397 1.606 1.645 1.803 1.701 0.815 1.898 1.548 2.004 2.183 0.500 0.967 0.000 0.000 1.683 0.811 1.957 1.204 2.030 1.758 1.877 1.905 1.563
2.208 2.075 2.133 2.131 2.160 1.928 1.513 2.588 2.337 2.336 2.334 2.293 2.409 2.178 1.345 2.561 2.699 1.588 1.556 1.554 1.732 1.920 1.358 2.104 1.641 2.048 2.067 2.096 1.002 1.374 1.638 1.857 1.666 1.177 1.021 1.017 1.512 1.149 2.367 2.417 2.397 2.376 2.356 1.775 1.295 0.874 0.672 0.420 0.988 0.828 0.937 0.937 2.107 2.267 0.611 1.676 1.706 1.684 1.493 0.757 1.961 1.851 1.016 2.304 0.503 1.402 0.340 0.334 1.446 2.045 1.742 2.091 1.707 1.314 2.050 2.109 0.489
3.299 2.278 1.876 1.874 2.072 2.251 1.757 1.662 2.289 2.378 2.487 2.417 1.134 1.950 1.709 2.044 2.132 1.811 2.229 2.228 1.235 1.882 1.931 1.626 1.893 1.190 1.878 2.107 1.312 1.707 1.049 1.818 1.706 1.422 0.746 0.741 1.632 2.090 2.468 2.418 2.378 2.327 2.307 2.307 1.847 2.177 2.246 2.166 2.324 2.374 2.313 2.312 2.130 2.309 0.654 1.659 1.798 1.615 1.733 1.430 1.754 1.904 0.340 1.686 0.705 1.492 1.141 1.137 1.234 1.739 1.376 2.263 2.052 2.111 1.618 0.628 1.908
3.459 3.329 2.228 2.228 2.066 2.014 1.669 1.766 2.053 1.851 2.309 2.399 2.179 1.646 2.294 1.840 1.318 1.576 1.374 1.371 1.938 1.936 1.822 0.979 1.455 1.753 1.769 2.057 1.975 1.903 1.942 1.006 0.507 1.651 1.711 1.709 1.137 2.340 2.359 2.339 2.298 2.288 2.368 2.308 1.527 2.277 2.076 2.006 2.144 2.293 2.193 2.192 2.260 2.340 1.018 1.653 1.742 0.528 1.704 1.312 1.297 1.945 0.563 2.189 0.767 1.773 1.752 1.750 1.090 1.832 2.101 2.098 1.356 1.944 1.163 1.901 2.450
3.588 3.428 2.809 2.808 2.308 2.046 1.731 1.798 1.996 1.844 1.903 2.171 2.111 2.300 2.188 1.276 2.064 2.062 1.338 1.336 1.802 1.869 0.585 1.621 1.659 1.705 1.402 1.709 2.076 1.995 2.044 2.023 1.222 0.505 1.413 1.410 1.169 1.681 2.200 2.259 2.269 2.359 2.329 2.419 2.328 1.398 2.107 1.447 1.446 1.804 2.053 2.052 1.681 2.340 2.339 1.827 1.885 0.591 1.586 1.706 0.938 1.885 1.514 1.592 0.869 2.085 1.593 1.591 1.356 1.756 2.064 1.552 1.720 1.828 2.086 1.195 3.842
3.468 3.478 3.418 3.418 2.848 2.518 1.105 1.760 2.008 2.057 1.946 1.895 1.963 1.982 2.091 2.051 1.949 1.524 2.092 2.091 1.688 1.161 1.848 1.956 1.852 1.038 1.904 1.802 1.439 2.026 1.885 1.994 1.571 1.302 1.282 1.279 0.449 1.712 1.842 1.990 2.350 2.340 2.350 2.029 2.039 1.678 1.918 2.078 2.088 1.185 1.833 1.833 1.882 2.361 2.060 1.798 1.575 1.613 1.921 1.410 0.314 1.875 1.895 1.794 0.771 1.967 1.894 1.892 2.091 1.232 1.708 1.617 1.443 2.181 0.680 3.918 3.595
