includes/camargue/floodfiles/results_R3_t1.562344836599E12/res.max
ncols         906
nrows         631
xllcorner     362177.146667
yllcorner     6534725.688020
cellsize      20.000000
NODATA_value  -9999.000000
[rows 340 to 373 of 631, columns 693 to 769 of 906]
2.363 2.263 1.333 1.643 1.453 1.269 0.892 0.426 0.419 0.634 0.422 0.198 0.292 0.002 1.398 0.562 0.731 0.781 0.677 0.814 1.211 0.971 0.790 0.277 0.276 1.945 2.135 2.114 2.074 1.934 1.944 1.964 0.529 0.547 0.528 0.660 0.525 1.074 1.764 1.815 1.815 0.656 1.596 1.446 0.687 0.667 0.918 0.608 0.878 1.496 1.215 1.444 1.784 1.604 1.314 1.053 1.411 1.411 1.580 1.610 1.629 1.357 1.674 1.713 1.813 1.682 1.631 1.791 1.860 1.720 1.700 1.530 0.354 0.350 1.657 1.726 1.676
2.436 1.266 1.555 1.575 1.535 1.884 1.653 1.182 1.180 1.357 1.537 0.485 0.720 0.499 3.739 0.314 0.661 0.647 0.704 0.852 0.700 0.778 0.714 1.977 1.977 1.956 1.795 2.005 2.024 1.985 2.115 2.125 0.825 0.632 0.389 0.592 0.222 0.385 0.523 1.070 1.070 0.836 0.539 0.759 0.589 0.719 0.808 0.987 1.465 0.853 0.752 0.860 1.029 1.089 1.539 1.709 1.206 1.204 1.482 1.601 1.710 1.599 1.886 1.535 1.744 1.583 1.753 1.632 1.642 1.712 1.761 1.631 0.278 0.274 1.408 1.706 1.516
1.519 1.668 1.658 1.607 1.597 1.746 1.355 1.523 1.521 1.619 1.697 0.671 0.523 1.149 0.931 0.844 0.516 0.862 0.780 0.758 0.828 1.107 0.674 0.580 0.578 0.515 1.152 0.623 0.483 0.813 0.493 0.423 0.732 0.773 0.683 0.278 0.689 0.285 0.486 0.414 0.413 0.794 0.945 0.914 0.723 0.739 1.007 0.833 0.831 1.189 1.489 1.608 1.496 1.504 1.592 1.710 1.869 1.868 1.455 1.673 1.512 1.641 1.139 1.636 1.516 1.625 1.614 1.634 1.793 1.713 1.583 1.383 1.241 1.239 1.864 0.449 1.987
2.343 1.730 1.560 1.579 1.689 2.357 1.446 1.355 1.353 1.659 2.057 1.083 0.376 2.673 0.325 1.054 1.685 1.544 1.354 1.123 1.392 1.401 1.111 0.919 0.918 0.807 0.804 1.024 1.244 0.862 0.992 0.941 1.230 1.098 1.128 1.307 1.155 1.103 1.120 0.563 0.558 0.963 1.312 1.702 1.381 1.339 0.955 0.740 1.154 1.662 1.490 1.669 1.618 1.576 1.764 1.703 1.461 1.460 1.477 1.525 1.824 1.633 1.543 1.249 1.447 1.637 1.646 1.606 1.585 1.634 1.344 1.714 0.823 0.820 1.825 0.341 1.908
1.695 0.301 1.651 1.542 1.632 1.619 1.498 1.637 1.635 1.650 1.987 1.119 1.415 2.424 1.301 0.000 1.705 1.714 1.854 1.823 1.923 1.932 1.982 1.981 1.981 1.790 1.548 1.976 1.926 1.815 1.834 1.932 1.821 1.930 1.818 1.887 1.815 1.533 1.851 1.398 1.394 1.219 1.645 1.573 1.652 1.740 1.809 1.798 1.098 1.753 1.802 1.640 1.729 1.617 1.896 1.755 1.594 1.593 1.039 1.567 1.606 1.705 1.584 1.322 1.799 1.628 1.728 1.908 1.287 1.077 1.436 1.645 1.484 1.484 0.549 1.565 1.602
1.797 1.078 0.030 2.954 2.344 0.120 1.519 1.490 1.489 1.811 1.538 0.398 3.669 0.256 1.300 1.648 1.755 1.824 1.824 1.913 2.093 2.022 1.982 2.091 2.091 2.040 1.628 2.057 1.836 1.905 1.894 2.022 2.001 1.980 1.998 2.047 1.805 2.363 1.951 1.778 1.775 1.891 1.677 1.705 1.883 1.921 1.829 1.828 1.160 1.694 1.753 1.772 1.720 1.599 2.007 1.736 1.635 1.635 1.082 1.539 1.588 1.707 1.576 1.425 1.192 1.460 1.530 1.479 1.639 1.669 1.238 1.698 0.496 0.494 1.661 1.279 1.336
1.690 1.760 1.659 1.704 1.684 1.355 0.089 3.047 3.047 0.251 0.416 0.547 1.222 2.942 0.410 1.856 1.925 1.854 1.894 1.843 2.243 2.042 2.072 1.991 1.991 1.940 1.818 1.897 1.866 1.895 1.954 1.943 2.031 2.130 2.048 2.397 2.045 2.323 1.900 1.938 1.935 2.071 1.938 1.815 2.063 1.811 1.769 1.788 1.292 1.796 1.704 1.713 1.731 1.640 1.858 1.768 1.737 1.736 2.055 1.532 1.750 1.469 1.668 1.526 1.515 1.423 1.562 1.481 1.660 1.770 1.720 1.479 0.618 0.616 1.741 1.310 1.409
1.692 1.761 1.660 1.707 1.686 1.356 0.092 3.048 3.048 0.257 0.418 0.551 1.224 2.942 0.416 1.855 1.925 1.854 1.894 1.843 2.243 2.042 2.072 1.991 1.991 1.940 1.818 1.897 1.866 1.895 1.954 1.943 2.031 2.130 2.048 2.397 2.045 2.323 1.900 1.938 1.935 2.072 1.939 1.816 2.063 1.811 1.769 1.788 1.292 1.797 1.705 1.714 1.733 1.641 1.860 1.769 1.738 1.737 2.056 1.534 1.752 1.470 1.669 1.528 1.517 1.425 1.563 1.482 1.661 1.770 1.720 1.480 0.619 0.617 1.743 1.312 1.410
1.684 1.822 1.661 1.659 1.767 2.756 2.804 2.711 2.710 1.407 0.481 2.419 0.604 0.987 0.263 1.655 1.895 1.904 1.844 1.823 2.373 2.002 1.982 1.921 1.921 1.670 1.529 2.007 1.876 1.995 1.944 1.983 2.041 1.990 2.078 2.357 1.915 2.053 1.960 2.117 2.115 1.822 1.839 1.766 1.854 1.702 1.780 1.818 1.363 1.768 1.616 1.725 1.794 1.803 1.731 1.800 1.799 1.798 1.667 1.585 1.663 1.662 1.631 1.670 1.678 1.516 1.674 1.643 1.672 1.721 1.591 1.860 1.950 1.949 1.626 1.504 1.582
1.655 1.734 1.633 1.932 1.500 1.578 1.626 1.914 1.912 2.787 1.764 3.080 0.895 1.729 0.825 1.865 1.784 1.814 1.754 1.753 2.523 1.903 1.942 1.892 1.891 1.780 1.659 1.818 1.997 1.996 1.954 1.973 2.042 2.010 1.899 1.917 1.865 1.963 1.810 1.848 1.845 1.672 1.719 1.696 1.834 1.832 1.750 1.818 1.383 1.849 1.788 1.786 1.905 2.174 1.622 1.791 1.820 1.819 1.828 1.566 1.585 1.653 1.732 1.661 1.580 1.438 1.595 1.624 1.773 0.741 2.111 0.561 2.030 2.030 1.537 1.605 1.614
1.746 1.755 1.754 1.893 1.802 1.971 2.500 2.208 2.207 1.098 1.213 1.819 1.642 0.972 0.311 1.745 1.854 1.814 1.984 1.794 2.673 1.893 2.042 1.852 1.851 1.440 1.769 1.828 2.037 1.936 1.955 1.893 2.042 1.881 1.869 1.897 1.925 1.753 1.770 1.878 1.875 1.792 1.669 1.726 1.784 1.872 1.670 1.698 1.474 1.970 1.838 1.847 1.906 2.115 1.683 1.772 1.821 1.820 1.909 1.688 1.766 1.535 1.694 1.733 1.812 1.720 1.646 1.985 0.753 1.962 1.612 1.932 1.731 1.730 1.618 1.666 1.555
1.677 1.467 1.826 1.755 2.504 2.372 2.731 2.141 2.140 1.094 0.815 2.608 0.822 0.505 0.440 0.807 1.834 1.854 1.794 1.754 2.483 1.853 1.813 1.892 1.891 1.851 1.930 2.019 2.008 2.047 1.955 1.814 1.952 1.861 1.799 1.727 1.885 1.863 1.680 1.738 1.735 1.672 1.759 1.827 1.684 2.052 1.920 1.688 1.484 1.760 1.869 1.908 1.886 1.965 1.664 1.713 1.822 1.821 1.840 1.790 1.457 1.796 1.805 1.885 1.714 1.684 0.530 1.935 0.343 1.812 1.532 1.502 1.581 1.580 1.418 1.467 1.446
1.370 1.500 1.470 1.559 1.638 1.557 1.835 2.113 2.112 1.311 0.557 3.667 0.583 0.483 1.171 0.000 1.424 1.824 1.814 1.844 2.184 1.813 1.903 1.563 1.562 1.651 2.210 2.099 2.399 1.807 1.966 1.854 1.913 1.842 1.780 1.508 1.845 1.733 1.681 1.748 1.746 1.693 1.719 1.827 2.094 1.782 1.730 1.808 1.425 1.921 1.850 1.808 1.817 1.676 1.755 1.734 1.923 1.922 1.991 1.881 1.279 1.537 1.896 1.716 1.936 1.596 0.574 0.048 1.903 1.883 1.403 0.972 0.951 0.950 1.419 1.658 1.358
2.779 1.586 1.554 1.594 1.933 1.721 2.290 1.598 1.597 1.354 0.391 3.297 1.024 0.406 2.431 1.141 0.000 1.804 1.804 1.864 1.914 1.814 1.524 1.713 1.713 2.022 2.431 2.060 2.419 1.798 1.876 1.955 1.944 1.822 1.861 1.648 1.925 1.713 1.701 1.708 1.706 1.623 1.749 2.157 1.694 1.782 1.860 1.858 1.655 1.832 1.781 1.829 1.848 1.797 1.746 1.824 1.804 1.803 1.842 1.832 1.671 1.639 1.628 1.757 1.747 1.557 0.634 0.318 1.943 1.993 1.163 1.143 1.152 1.151 1.570 1.569 1.519
1.482 0.991 1.114 2.588 2.477 2.236 1.854 1.603 1.601 0.965 0.422 3.646 0.853 0.505 2.420 2.400 1.169 0.000 1.785 1.855 1.836 1.986 1.475 1.695 1.694 1.992 2.561 2.200 2.319 1.978 1.897 1.916 1.904 1.843 1.911 1.649 1.796 1.774 1.621 1.719 1.716 1.623 1.570 1.867 1.654 1.722 1.940 1.928 1.735 1.793 1.941 1.890 1.829 1.717 1.836 1.895 1.864 1.864 1.863 1.833 1.671 1.710 1.859 1.778 1.758 1.728 0.474 0.608 1.774 1.704 1.064 1.383 1.563 1.562 1.721 1.620 1.559
1.597 1.611 1.615 1.578 1.664 1.651 1.559 1.647 1.646 0.615 0.443 2.527 0.940 2.603 2.081 2.209 2.357 1.324 0.000 1.498 1.849 1.879 1.639 1.637 1.635 1.883 2.172 2.151 2.140 1.939 1.878 2.006 1.885 1.853 1.932 1.589 1.796 1.854 1.832 1.619 1.617 2.184 1.340 1.707 1.815 1.792 1.880 1.788 1.676 1.903 1.842 1.830 1.919 1.778 1.797 1.976 1.905 1.905 1.924 1.954 1.743 1.520 1.749 1.668 1.718 1.648 0.794 1.728 1.926 1.396 1.675 1.504 1.753 1.752 1.651 1.580 1.450
0.648 1.455 1.470 1.625 1.580 1.566 1.493 1.510 1.509 0.574 0.583 2.541 3.319 2.543 2.380 1.858 2.085 2.311 1.553 0.313 1.737 1.806 1.804 1.750 1.747 2.034 2.093 2.051 2.070 2.079 2.038 1.947 1.905 1.854 1.862 1.540 1.827 1.915 1.812 1.860 1.857 1.744 1.521 1.787 1.845 1.803 1.800 1.788 1.756 1.854 1.872 1.871 1.970 1.799 1.747 1.896 1.916 1.915 1.815 1.884 1.864 1.162 1.820 1.689 1.668 0.588 1.795 0.329 1.627 1.776 1.716 1.555 1.204 1.204 0.902 1.551 1.380
1.459 1.594 1.537 1.640 1.636 1.541 1.557 1.683 1.680 0.284 2.595 1.233 0.792 2.551 2.049 2.387 2.454 1.868 2.128 1.513 1.447 1.670 1.809 1.703 1.698 1.975 2.103 1.942 1.991 2.030 2.009 1.927 1.866 1.974 1.983 1.740 1.997 1.945 1.853 1.590 1.587 1.754 1.661 1.867 1.935 1.863 1.781 1.698 1.856 1.854 2.042 2.031 1.940 1.809 1.748 2.277 1.876 1.876 1.836 1.815 1.905 1.174 1.691 0.829 0.649 1.168 0.374 1.829 1.308 1.717 1.646 1.656 1.646 1.645 1.074 1.591 0.112
1.583 1.163 1.503 1.636 1.760 1.715 1.650 1.714 1.710 1.015 2.610 1.290 0.365 2.580 2.419 2.196 2.143 2.227 1.837 2.127 1.829 2.216 2.386 2.134 2.129 2.176 2.074 1.973 2.041 2.060 2.059 1.918 1.957 2.005 2.074 1.791 1.848 1.956 1.803 1.910 1.908 1.825 1.781 1.838 1.906 1.793 1.751 1.818 1.896 1.864 2.193 1.862 1.910 1.889 1.788 1.927 2.097 2.097 1.896 1.846 1.866 1.766 1.015 0.520 1.149 0.427 1.869 1.969 1.578 1.817 1.647 1.576 1.676 1.676 1.505 0.243 0.000
1.686 1.672 1.455 1.278 1.202 1.216 1.178 1.127 1.118 3.884 1.641 1.180 0.344 2.350 1.968 2.295 2.112 2.146 2.327 1.991 2.172 1.736 1.383 1.774 1.769 2.175 2.064 1.933 2.032 2.011 2.110 1.999 1.947 2.016 2.014 1.852 1.879 2.026 2.133 1.950 1.948 1.855 1.712 1.938 1.986 1.883 1.751 1.968 1.906 1.964 2.023 1.912 1.821 1.880 1.839 1.878 1.967 1.967 2.027 1.897 1.957 1.797 1.677 0.222 0.128 1.790 1.800 1.899 1.738 1.708 1.537 1.547 1.017 1.017 0.606 0.000 0.000
1.342 1.507 1.503 1.549 1.403 1.427 1.599 1.630 1.618 2.664 1.012 1.175 2.138 2.503 1.609 2.105 2.311 1.916 2.027 2.328 1.785 1.622 0.650 0.241 0.226 2.055 2.054 2.033 2.002 2.061 2.141 2.029 2.018 2.127 2.055 1.923 1.910 1.847 1.604 1.840 1.838 1.875 1.772 1.838 1.916 1.934 1.821 1.858 1.976 1.934 2.093 2.032 1.921 1.910 1.799 1.798 1.817 1.817 2.137 1.817 1.807 1.807 1.197 0.052 0.373 0.960 2.040 1.839 1.139 1.678 1.578 1.938 1.397 1.397 0.287 0.000 0.000
1.887 1.623 1.709 1.595 1.491 1.597 1.755 0.100 0.084 0.983 0.974 0.905 2.697 2.224 1.731 1.776 2.022 2.087 1.681 2.064 2.372 0.505 2.101 1.117 1.107 2.266 1.975 1.924 2.023 1.972 2.141 2.070 2.099 2.048 2.096 1.934 1.881 1.938 1.654 1.930 1.928 1.915 1.762 1.879 1.896 1.964 1.841 1.909 1.886 1.884 1.893 2.012 1.851 1.940 1.869 1.718 1.808 1.807 2.067 1.797 1.797 1.837 0.133 0.964 1.094 0.962 2.060 0.960 0.739 1.628 1.608 1.898 0.277 0.277 0.000 0.000 0.907
1.919 1.787 1.794 1.641 1.537 1.473 1.690 0.451 0.435 1.588 1.111 0.737 2.517 2.155 2.052 2.068 1.673 1.948 2.205 1.650 2.219 0.000 2.521 2.400 2.400 0.519 1.318 1.715 2.033 2.093 2.152 2.191 2.170 2.029 1.917 1.975 1.903 1.689 1.615 2.070 2.068 1.945 1.872 1.989 1.936 1.994 2.051 2.019 1.846 1.964 2.003 1.932 1.941 1.960 2.109 1.849 1.748 1.747 1.857 1.887 1.837 0.226 0.637 1.345 1.684 1.163 1.521 1.471 1.060 1.629 0.999 0.749 0.000 0.000 0.000 1.356 2.586
1.923 1.791 1.798 1.645 1.541 1.477 1.692 0.452 0.439 1.592 1.115 0.740 2.518 2.156 2.052 2.069 1.674 1.949 2.206 1.653 2.222 0.000 2.521 2.400 2.400 0.531 1.327 1.716 2.035 2.094 2.153 2.192 2.171 2.030 1.918 1.976 1.904 1.690 1.616 2.071 2.068 1.945 1.872 1.989 1.936 1.994 2.051 2.019 1.846 1.964 2.003 1.932 1.941 1.960 2.109 1.849 1.748 1.747 1.857 1.887 1.837 0.226 0.638 1.345 1.684 1.163 1.521 1.471 1.061 1.630 1.000 0.750 0.000 0.000 0.000 1.355 2.585
1.770 1.876 1.513 1.489 1.667 1.305 0.167 2.790 2.789 1.192 1.279 1.207 1.862 2.107 2.323 1.929 1.765 1.841 1.747 2.295 1.903 0.062 2.404 1.382 1.380 1.346 1.336 0.519 2.076 2.026 1.986 2.164 2.023 1.942 1.870 1.997 1.875 1.651 1.717 1.902 1.899 1.816 1.842 1.989 1.947 1.914 2.102 1.869 1.916 1.934 1.963 1.961 2.041 1.950 2.139 1.809 1.258 1.258 0.227 1.037 0.978 0.997 0.924 1.040 1.066 0.784 1.441 1.091 1.721 2.121 0.510 0.530 0.000 0.000 1.534 2.864 3.584
1.935 1.652 1.398 1.674 1.659 1.807 1.184 2.808 2.808 1.012 0.750 0.947 1.167 2.058 2.164 2.339 2.025 1.982 2.008 1.955 2.763 0.606 2.538 1.316 1.312 1.658 2.446 1.634 0.701 2.435 2.031 1.966 2.095 2.044 1.951 2.009 1.807 1.723 1.709 1.953 1.949 1.906 2.023 2.150 2.037 1.874 2.062 1.639 1.856 2.044 1.962 1.881 1.901 2.080 0.550 0.780 0.539 0.539 0.000 0.138 2.108 1.958 2.068 2.087 0.091 0.807 0.385 1.372 1.461 1.311 0.611 0.000 1.863 1.863 3.073 3.653 3.743
1.313 1.440 1.616 1.591 0.815 0.883 2.879 1.009 1.004 1.207 1.167 0.944 1.093 1.136 1.000 2.179 2.075 2.212 1.658 2.406 0.733 2.546 2.633 1.549 1.545 2.500 2.487 2.394 2.386 2.153 1.748 0.518 2.229 1.948 1.942 2.220 1.779 2.106 1.971 2.014 2.009 2.086 2.213 1.980 1.707 1.664 2.083 0.590 0.997 0.987 0.176 0.114 0.711 1.101 1.021 1.061 1.970 1.971 0.421 1.351 1.290 1.469 1.938 1.098 0.974 1.521 1.340 0.976 0.000 0.000 0.638 2.311 3.672 3.672 3.822 3.852 3.992
1.493 1.550 1.427 0.944 0.447 2.913 2.898 3.816 3.814 3.873 1.910 1.123 1.176 1.129 1.011 0.837 1.975 2.092 2.298 1.915 0.000 2.416 2.574 1.581 1.578 2.433 2.308 2.475 1.667 2.277 2.204 2.130 2.082 1.940 0.715 0.561 1.995 2.222 2.096 1.825 1.820 1.826 1.953 1.502 0.370 0.984 1.034 0.522 0.718 0.978 0.839 0.439 0.000 0.302 1.123 0.363 0.000 0.000 1.753 1.572 1.871 1.510 1.269 1.368 0.405 1.181 1.101 0.379 0.000 1.211 2.511 3.461 3.751 3.751 3.741 3.971 3.941
1.790 1.469 1.327 0.971 2.379 2.940 1.279 0.936 0.932 1.524 0.961 3.714 0.995 2.678 1.077 0.944 0.960 1.812 1.998 2.473 0.348 2.470 1.467 2.104 2.102 2.518 1.602 2.416 1.829 2.231 2.096 2.042 2.058 2.087 2.157 2.235 2.219 2.285 1.666 0.540 0.540 0.355 0.385 0.570 1.334 0.401 0.558 0.324 0.530 0.729 0.980 0.920 0.931 0.147 1.855 1.705 1.716 1.715 1.944 1.562 1.261 1.181 0.889 1.108 0.947 0.914 0.492 0.000 1.321 2.610 3.530 3.700 3.770 3.770 3.960 3.880 3.950
1.378 1.688 1.547 0.574 3.014 1.483 0.445 1.757 1.755 1.106 0.629 1.826 3.092 1.344 0.883 0.908 0.945 1.103 0.266 2.498 1.678 2.535 1.611 2.257 2.255 2.631 1.685 2.568 1.852 2.194 2.098 2.134 2.101 2.170 2.289 2.128 2.246 2.148 0.188 1.244 1.243 0.511 0.185 0.000 0.527 0.078 0.812 0.532 0.179 0.267 0.150 2.071 1.361 0.804 0.000 1.596 1.826 1.826 1.275 0.974 0.763 1.281 1.120 1.018 1.028 0.386 0.000 1.730 2.959 3.529 3.669 3.689 3.749 3.749 3.929 3.999 3.978
1.325 1.654 1.493 3.049 4.050 0.895 1.057 1.602 1.599 1.020 1.378 1.414 1.346 0.940 2.910 0.883 1.654 0.991 1.064 0.978 0.331 2.167 2.574 2.451 2.449 2.423 2.267 2.410 2.235 2.408 1.720 2.144 2.083 2.213 2.233 1.923 0.584 3.322 2.956 3.048 3.048 0.815 0.580 0.901 2.469 2.939 3.169 2.868 0.495 2.204 0.690 0.044 0.000 1.056 1.464 1.449 1.806 1.806 1.385 1.355 1.334 1.383 0.701 0.450 0.000 0.000 1.839 3.118 3.708 3.688 3.868 3.958 3.928 3.928 3.948 4.107 4.037
1.533 1.533 0.524 2.989 1.561 1.171 0.880 1.339 1.333 2.256 1.375 1.414 1.515 1.428 0.965 0.877 3.744 2.592 0.995 3.479 3.606 2.115 2.956 3.474 3.474 1.390 1.013 1.043 1.046 0.848 0.508 0.316 0.488 0.870 1.028 0.945 2.055 1.445 1.346 1.578 1.580 1.674 1.864 1.914 1.892 1.840 1.759 0.515 0.815 0.847 0.508 1.201 1.411 1.983 1.596 1.361 1.308 1.306 1.405 1.445 1.354 1.204 0.000 0.000 0.000 2.198 3.278 3.608 3.777 3.947 3.987 3.927 3.997 3.997 4.056 3.976 3.936
1.631 1.552 3.003 2.982 1.116 1.455 1.274 0.977 0.963 1.214 1.471 1.532 1.403 1.333 1.280 1.176 0.970 1.062 1.178 1.165 1.136 1.053 0.932 0.606 0.609 2.699 1.019 0.836 1.651 3.322 2.182 1.600 1.402 3.037 1.196 3.205 0.082 1.001 0.886 1.779 1.778 1.858 1.937 1.825 1.813 1.271 1.079 0.965 1.055 1.656 1.789 1.193 0.762 0.694 0.900 0.883 1.188 1.187 1.236 1.255 1.025 0.000 0.000 0.828 2.347 3.477 3.637 3.737 3.706 3.876 4.006 4.026 4.145 4.145 3.995 3.965 4.095
1.570 0.622 3.075 1.474 0.834 2.351 1.759 1.130 1.114 1.427 1.420 1.390 1.378 1.420 1.162 1.302 1.084 1.273 1.162 0.845 0.642 1.081 0.931 0.620 0.631 1.036 3.317 3.747 0.648 1.488 1.308 0.699 0.829 0.352 1.238 1.018 1.048 1.008 1.192 1.669 1.665 1.881 1.940 1.828 0.866 1.242 1.020 1.254 1.575 1.578 1.299 1.247 1.150 1.012 1.115 1.126 1.039 1.037 0.936 0.775 0.225 0.000 1.057 2.516 3.686 3.656 3.776 3.835 3.895 3.915 3.985 3.955 4.134 4.134 4.064 4.144 4.224
