includes/lisflood/camargue/results_R2_t1.561741151404E12/res-0005.wdfp
ncols         906
nrows         631
xllcorner     362177.146667
yllcorner     6534725.688020
cellsize      20.000000
NODATA_value  -9999.000000
[rows 578 to 611 of 631, columns 308 to 384 of 906]
7.251 7.211 7.171 7.131 7.091 7.051 7.051 7.042 7.097 7.151 7.206 7.288 7.502 7.715 7.929 8.143 8.357 8.571 8.784 8.830 8.843 8.856 8.856 8.882 8.895 8.908 8.921 8.934 8.842 8.724 8.605 8.487 8.369 8.214 8.055 7.895 7.735 7.576 7.256 7.256 7.096 6.937 6.777 6.617 6.458 6.298 6.138 5.978 5.828 5.733 5.680 5.890 6.099 6.309 6.551 6.551 6.644 6.737 6.830 6.924 7.017 7.110 7.203 7.296 7.389 7.482 7.552 7.506 7.459 7.413 7.320 7.320 7.274 7.227 7.181 7.134 7.083
7.211 7.171 7.132 7.092 7.052 7.012 7.012 6.967 7.021 7.076 7.130 7.329 7.543 7.757 7.971 8.184 8.398 8.612 8.826 8.946 8.959 8.972 8.972 8.998 9.011 9.024 9.037 8.951 8.832 8.714 8.596 8.477 8.359 8.216 8.057 7.897 7.737 7.578 7.258 7.258 7.099 6.939 6.779 6.620 6.460 6.300 6.140 5.982 5.887 5.791 5.696 5.865 6.075 6.285 6.705 6.705 6.893 6.987 7.080 7.173 7.266 7.359 7.452 7.546 7.639 7.732 7.813 7.767 7.720 7.674 7.581 7.581 7.535 7.488 7.442 7.218 6.949
7.172 7.132 7.092 7.053 7.013 6.973 6.973 6.893 6.946 7.000 7.157 7.371 7.584 7.798 8.012 8.226 8.439 8.653 8.867 9.062 9.075 9.088 9.088 9.114 9.127 9.141 9.059 8.941 8.823 8.705 8.586 8.468 8.350 8.219 8.059 7.899 7.740 7.580 7.261 7.261 7.101 6.941 6.782 6.622 6.462 6.302 6.143 6.041 5.946 5.850 5.755 5.841 6.051 6.261 6.680 6.680 6.890 7.100 7.310 7.422 7.516 7.609 7.702 7.795 7.888 7.981 8.074 8.028 7.982 7.935 7.842 7.842 7.796 7.622 7.354 7.085 6.816
7.131 7.092 7.053 7.013 6.973 6.934 6.934 6.854 6.870 6.984 7.198 7.412 7.626 7.840 8.053 8.267 8.481 8.694 8.908 9.122 9.191 9.204 9.204 9.231 9.244 9.168 9.050 8.932 8.813 8.695 8.577 8.458 8.340 8.221 8.061 7.902 7.742 7.582 7.263 7.263 7.103 6.944 6.784 6.624 6.464 6.305 6.195 6.100 6.005 5.909 5.814 5.817 6.027 6.237 6.656 6.656 6.866 7.076 7.286 7.495 7.705 7.858 7.951 8.044 8.137 8.230 8.324 8.289 8.243 8.196 8.027 8.027 7.758 7.489 7.220 6.952 6.683
7.089 7.050 7.011 6.972 6.932 6.893 6.893 6.814 6.812 7.026 7.240 7.453 7.667 7.881 8.095 8.308 8.522 8.736 8.950 9.163 9.308 9.321 9.321 9.347 9.277 9.158 9.040 8.922 8.804 8.685 8.567 8.449 8.331 8.212 8.064 7.904 7.744 7.585 7.265 7.265 7.106 6.946 6.786 6.626 6.467 6.349 6.254 6.159 6.064 5.968 5.873 5.793 6.003 6.213 6.632 6.632 6.842 7.052 7.262 7.471 7.681 7.891 8.100 8.294 8.387 8.480 8.573 8.550 8.504 8.431 7.894 7.893 7.625 7.356 7.087 6.819 6.550
7.048 7.008 6.969 6.930 6.890 6.851 6.851 6.773 6.772 6.967 7.212 7.458 7.703 7.922 8.136 8.350 8.563 8.777 8.991 9.205 9.418 9.437 9.437 9.386 9.267 9.149 9.031 8.912 8.794 8.676 8.558 8.439 8.321 8.203 8.066 7.906 7.747 7.587 7.268 7.268 7.108 6.948 6.788 6.629 6.503 6.408 6.313 6.218 6.122 6.027 5.932 5.837 5.979 6.188 6.608 6.608 6.818 7.028 7.237 7.447 7.657 7.867 8.076 8.286 8.496 8.705 8.822 8.811 8.567 8.298 7.760 7.760 7.492 7.223 6.954 6.685 6.417
7.006 6.967 6.927 6.888 6.849 6.809 6.809 6.754 6.764 6.857 7.103 7.348 7.594 7.839 8.084 8.330 8.575 8.819 9.032 9.246 9.460 9.553 9.553 9.376 9.258 9.139 9.021 8.903 8.785 8.667 8.548 8.430 8.312 8.193 8.068 7.909 7.749 7.589 7.270 7.270 7.110 6.950 6.791 6.657 6.562 6.467 6.372 6.277 6.182 6.086 5.991 5.896 5.955 6.164 6.584 6.584 6.794 7.004 7.213 7.423 7.633 7.842 8.052 8.262 8.471 8.681 8.903 8.762 8.433 8.165 7.627 7.627 7.359 7.090 6.821 6.552 6.284
6.964 6.925 6.886 6.846 6.807 6.768 6.768 6.746 6.755 6.765 6.993 7.239 7.484 7.729 7.975 8.220 8.466 8.711 8.957 9.202 9.447 9.587 9.587 9.367 9.248 9.130 9.012 8.893 8.775 8.657 8.539 8.420 8.302 8.184 8.066 7.911 7.751 7.591 7.272 7.272 7.112 6.953 6.812 6.716 6.621 6.526 6.431 6.336 6.240 6.145 6.050 5.955 5.931 6.140 6.560 6.560 6.770 6.980 7.189 7.399 7.609 7.818 8.028 8.238 8.448 8.673 8.922 8.926 8.515 8.104 7.494 7.494 7.225 6.957 6.688 6.419 6.151
6.922 6.883 6.844 6.805 6.765 6.726 6.726 6.737 6.747 6.756 6.884 7.129 7.374 7.620 7.865 8.111 8.356 8.602 8.847 9.092 9.260 9.360 9.360 9.315 9.239 9.120 9.002 8.884 8.766 8.648 8.529 8.411 8.293 8.174 8.056 7.913 7.753 7.594 7.274 7.274 7.115 6.966 6.871 6.775 6.680 6.585 6.490 6.395 6.300 6.204 6.109 6.014 5.919 6.116 6.536 6.536 6.746 6.955 7.165 7.375 7.585 7.794 8.004 8.214 8.444 8.693 8.942 9.091 8.680 8.269 7.447 7.447 7.092 6.824 6.555 6.286 6.017
6.880 6.841 6.802 6.763 6.724 6.710 6.710 6.729 6.738 6.748 6.774 7.019 7.265 7.510 7.756 8.001 8.247 8.492 8.738 8.886 9.022 9.134 9.134 9.089 9.066 9.044 8.993 8.875 8.756 8.638 8.520 8.402 8.283 8.165 8.047 7.915 7.756 7.596 7.277 7.277 7.120 7.025 6.930 6.834 6.739 6.644 6.549 6.454 6.358 6.263 6.168 6.073 5.978 6.092 6.512 6.512 6.722 6.931 7.141 7.351 7.561 7.770 7.980 8.214 8.463 8.712 8.961 9.210 8.845 8.434 7.612 7.612 7.201 6.790 6.422 6.153 5.884
6.881 6.841 6.802 6.763 6.724 6.710 6.710 6.729 6.738 6.748 6.774 7.020 7.265 7.510 7.756 8.001 8.247 8.492 8.738 8.887 9.023 9.134 9.134 9.089 9.066 9.044 8.993 8.875 8.757 8.638 8.520 8.402 8.284 8.165 8.047 7.916 7.756 7.596 7.277 7.277 7.120 7.025 6.930 6.834 6.739 6.644 6.549 6.454 6.359 6.263 6.168 6.073 5.978 6.092 6.512 6.512 6.722 6.931 7.141 7.351 7.561 7.770 7.980 8.215 8.463 8.712 8.961 9.210 8.845 8.434 7.612 7.612 7.201 6.790 6.422 6.153 5.885
6.839 6.800 6.761 6.721 6.692 6.702 6.702 6.721 6.730 6.739 6.749 6.910 7.156 7.401 7.647 7.892 8.137 8.378 8.514 8.649 8.785 8.907 8.907 8.862 8.840 8.817 8.795 8.773 8.747 8.629 8.511 8.392 8.274 8.156 8.037 7.918 7.758 7.599 7.279 7.279 7.179 7.084 6.989 6.894 6.798 6.703 6.608 6.513 6.418 6.322 6.227 6.132 6.037 6.068 6.488 6.488 6.698 6.908 7.117 7.327 7.537 7.746 7.985 8.234 8.483 8.732 8.981 9.230 9.009 8.598 7.776 7.776 7.365 6.954 6.544 6.133 5.751
6.797 6.758 6.719 6.680 6.684 6.693 6.693 6.712 6.721 6.731 6.740 6.801 7.046 7.292 7.537 7.782 8.005 8.141 8.276 8.412 8.548 8.681 8.681 8.636 8.613 8.591 8.569 8.546 8.524 8.501 8.479 8.383 8.265 8.146 8.028 7.910 7.761 7.601 7.333 7.333 7.238 7.143 7.048 6.952 6.857 6.762 6.667 6.572 6.477 6.382 6.286 6.191 6.096 6.044 6.464 6.464 6.674 6.883 7.093 7.303 7.513 7.755 8.004 8.253 8.502 8.751 9.000 9.249 9.174 8.763 7.941 7.941 7.530 7.119 6.708 6.297 5.886
6.714 6.674 6.648 6.657 6.667 6.676 6.676 6.695 6.704 6.714 6.723 6.732 6.827 7.072 7.258 7.394 7.530 7.666 7.802 7.938 8.073 8.209 8.209 8.183 8.160 8.138 8.115 8.093 8.071 8.048 8.026 8.003 7.981 7.958 7.936 7.891 7.765 7.641 7.451 7.451 7.356 7.261 7.166 7.070 6.975 6.880 6.785 6.690 6.595 6.500 6.404 6.309 6.214 6.119 6.416 6.416 6.626 6.835 7.047 7.296 7.545 7.794 8.043 8.292 8.541 8.790 9.039 9.288 9.503 9.092 8.270 8.270 7.859 7.448 7.037 6.626 6.215
6.672 6.633 6.640 6.649 6.658 6.668 6.668 6.686 6.696 6.705 6.715 6.724 6.733 6.885 7.021 7.157 7.293 7.429 7.565 7.700 7.836 7.972 7.972 7.956 7.934 7.911 7.889 7.866 7.844 7.822 7.799 7.777 7.754 7.732 7.709 7.698 7.783 7.740 7.511 7.511 7.415 7.320 7.225 7.129 7.034 6.939 6.844 6.749 6.654 6.559 6.463 6.368 6.273 6.178 6.392 6.392 6.602 6.818 7.067 7.316 7.565 7.814 8.063 8.312 8.561 8.810 9.059 9.308 9.557 9.257 8.435 8.435 8.024 7.613 7.202 6.791 6.429
6.630 6.622 6.631 6.640 6.650 6.659 6.659 6.679 6.690 6.700 6.710 6.721 6.731 6.732 6.784 6.920 7.056 7.192 7.327 7.463 7.599 7.735 7.735 7.730 7.707 7.685 7.662 7.640 7.618 7.595 7.573 7.550 7.528 7.548 7.607 7.666 7.800 7.927 7.698 7.698 7.584 7.469 7.355 7.241 7.126 7.012 6.903 6.808 6.713 6.618 6.522 6.427 6.332 6.237 6.368 6.368 6.588 6.837 7.086 7.335 7.584 7.833 8.082 8.331 8.580 8.829 9.078 9.327 9.576 9.421 8.599 8.599 8.188 7.777 7.366 7.002 6.698
6.603 6.616 6.626 6.637 6.647 6.657 6.657 6.678 6.689 6.699 6.709 6.720 6.729 6.730 6.730 6.731 6.819 6.954 7.090 7.226 7.362 7.498 7.498 7.503 7.481 7.458 7.436 7.414 7.391 7.369 7.346 7.398 7.457 7.517 7.576 7.635 7.817 8.006 7.885 7.885 7.771 7.656 7.542 7.428 7.313 7.199 7.084 6.970 6.856 6.741 6.627 6.512 6.398 6.296 6.359 6.359 6.608 6.857 7.106 7.355 7.604 7.853 8.102 8.350 8.599 8.848 9.097 9.346 9.595 9.586 8.764 8.764 8.353 7.942 7.576 7.271 6.967
6.539 6.599 6.625 6.636 6.646 6.656 6.656 6.677 6.687 6.698 6.708 6.719 6.727 6.728 6.728 6.728 6.729 6.729 6.853 6.989 7.125 7.261 7.261 7.277 7.254 7.232 7.210 7.187 7.189 7.248 7.307 7.367 7.426 7.485 7.545 7.645 7.834 8.023 8.072 8.072 7.958 7.843 7.729 7.615 7.500 7.386 7.272 7.157 7.043 6.928 6.814 6.699 6.585 6.471 6.287 6.287 6.579 6.872 7.125 7.374 7.623 7.872 8.121 8.370 8.619 8.868 9.117 9.366 9.615 9.750 8.929 8.929 8.518 8.149 7.844 7.540 7.236
6.475 6.535 6.595 6.635 6.645 6.655 6.655 6.676 6.686 6.697 6.707 6.718 6.725 6.725 6.726 6.726 6.727 6.727 6.728 6.752 6.888 7.024 7.024 7.050 7.028 7.006 7.039 7.098 7.158 7.217 7.276 7.336 7.395 7.454 7.514 7.663 7.852 8.041 8.259 8.259 8.145 8.031 7.916 7.802 7.687 7.573 7.459 7.344 7.230 7.115 7.001 6.887 6.772 6.658 6.133 6.133 6.426 6.719 7.012 7.304 7.597 7.890 8.140 8.389 8.638 8.887 9.136 9.385 9.634 9.883 9.093 9.093 8.722 8.418 8.113 7.809 7.505
6.411 6.471 6.531 6.591 6.644 6.654 6.654 6.675 6.685 6.696 6.706 6.717 6.722 6.723 6.723 6.724 6.724 6.725 6.725 6.726 6.727 6.787 6.787 6.830 6.889 6.949 7.008 7.067 7.127 7.186 7.245 7.305 7.364 7.423 7.491 7.680 7.869 8.058 8.436 8.436 8.332 8.218 8.103 7.989 7.874 7.760 7.646 7.531 7.417 7.302 7.188 7.074 6.959 6.722 6.165 6.165 6.273 6.566 6.858 7.151 7.444 7.736 8.029 8.322 8.614 8.907 9.156 9.405 9.654 9.903 9.296 9.296 8.991 8.687 8.382 8.078 7.773
6.347 6.407 6.467 6.527 6.587 6.647 6.647 6.674 6.685 6.695 6.705 6.716 6.720 6.721 6.721 6.722 6.722 6.723 6.723 6.724 6.724 6.732 6.732 6.799 6.858 6.918 6.977 7.036 7.096 7.155 7.214 7.274 7.333 7.392 7.508 7.697 7.886 8.075 8.453 8.453 8.519 8.405 8.290 8.176 8.062 7.947 7.833 7.718 7.604 7.489 7.375 7.260 7.063 6.785 6.228 6.228 6.120 6.412 6.705 6.998 7.291 7.583 7.876 8.169 8.461 8.754 9.047 9.339 9.632 9.922 9.564 9.564 9.260 8.956 8.651 8.347 8.042
6.283 6.343 6.403 6.463 6.523 6.583 6.583 6.673 6.683 6.694 6.704 6.715 6.718 6.718 6.719 6.719 6.720 6.720 6.721 6.733 6.752 6.771 6.772 6.768 6.827 6.887 6.946 7.005 7.064 7.124 7.183 7.242 7.302 7.361 7.526 7.715 7.904 8.093 8.471 8.471 8.660 8.592 8.477 8.363 8.249 8.134 8.020 7.905 7.791 7.676 7.562 7.405 7.126 6.848 6.291 6.291 6.013 6.259 6.552 6.845 7.137 7.430 7.723 8.015 8.308 8.601 8.894 9.186 9.479 9.745 9.612 9.612 9.379 9.146 8.913 8.616 8.311
6.219 6.279 6.339 6.399 6.459 6.519 6.519 6.639 6.683 6.693 6.704 6.714 6.716 6.716 6.717 6.717 6.718 6.733 6.753 6.772 6.791 6.811 6.811 6.795 6.796 6.855 6.915 6.974 7.033 7.093 7.152 7.211 7.270 7.354 7.543 7.732 7.921 8.110 8.488 8.488 8.677 8.779 8.664 8.550 8.436 8.321 8.207 8.092 7.978 7.863 7.746 7.468 7.190 6.911 6.355 6.354 6.076 6.106 6.399 6.691 6.984 7.277 7.570 7.862 8.155 8.448 8.740 9.033 9.318 9.482 9.498 9.499 9.265 9.032 8.799 8.565 8.332
6.155 6.215 6.275 6.335 6.395 6.455 6.455 6.575 6.635 6.692 6.702 6.713 6.713 6.714 6.715 6.734 6.753 6.773 6.792 6.811 6.831 6.846 6.846 6.829 6.820 6.824 6.884 6.943 7.002 7.061 7.121 7.180 7.239 7.372 7.560 7.749 7.938 8.127 8.505 8.505 8.694 8.883 8.852 8.737 8.623 8.508 8.394 8.280 8.165 8.051 7.809 7.531 7.253 6.974 6.418 6.418 6.139 5.953 6.245 6.538 6.831 7.124 7.416 7.709 8.002 8.294 8.587 8.880 9.055 9.218 9.385 9.385 9.151 8.918 8.685 8.451 8.218
6.091 6.151 6.211 6.271 6.331 6.391 6.391 6.511 6.571 6.631 6.691 6.710 6.715 6.735 6.754 6.773 6.793 6.812 6.831 6.850 6.870 6.880 6.880 6.862 6.853 6.844 6.852 6.912 6.971 7.030 7.090 7.149 7.208 7.389 7.578 7.767 7.956 8.145 8.523 8.523 8.712 8.901 9.039 8.924 8.810 8.695 8.581 8.467 8.352 8.151 7.873 7.594 7.316 7.037 6.481 6.481 6.202 5.924 6.092 6.385 6.678 6.970 7.263 7.556 7.849 8.141 8.434 8.627 8.791 8.955 9.271 9.271 9.037 8.804 8.571 8.337 8.104
6.027 6.087 6.147 6.207 6.267 6.327 6.327 6.447 6.507 6.567 6.628 6.694 6.755 6.774 6.793 6.813 6.832 6.851 6.870 6.890 6.909 6.913 6.913 6.896 6.887 6.878 6.869 6.880 6.940 6.999 7.058 7.118 7.217 7.406 7.595 7.784 7.973 8.162 8.540 8.540 8.729 8.918 9.107 9.111 8.997 8.883 8.768 8.654 8.492 8.214 7.936 7.657 7.379 7.101 6.544 6.544 6.265 5.987 5.939 6.232 6.524 6.817 7.110 7.403 7.695 7.988 8.200 8.364 8.528 8.692 9.019 9.019 8.923 8.690 8.457 8.223 7.990
6.027 6.087 6.147 6.208 6.267 6.327 6.327 6.447 6.507 6.568 6.628 6.694 6.755 6.774 6.793 6.813 6.832 6.851 6.871 6.890 6.909 6.914 6.914 6.896 6.887 6.878 6.869 6.881 6.940 6.999 7.058 7.118 7.217 7.406 7.595 7.784 7.973 8.162 8.540 8.540 8.729 8.918 9.107 9.112 8.997 8.883 8.768 8.654 8.492 8.214 7.936 7.657 7.379 7.101 6.544 6.544 6.266 5.987 5.939 6.232 6.525 6.817 7.110 7.403 7.695 7.988 8.201 8.364 8.528 8.692 9.019 9.020 8.923 8.690 8.457 8.223 7.990
5.963 6.023 6.083 6.143 6.203 6.264 6.264 6.384 6.444 6.506 6.569 6.633 6.713 6.794 6.833 6.852 6.871 6.890 6.910 6.929 6.948 6.947 6.947 6.929 6.920 6.912 6.903 6.894 6.909 6.968 7.027 7.087 7.235 7.424 7.612 7.801 7.990 8.179 8.557 8.557 8.746 8.935 9.124 9.299 9.184 9.070 8.955 8.834 8.556 8.277 7.999 7.721 7.442 7.164 6.607 6.607 6.329 6.050 5.786 6.079 6.372 6.664 6.957 7.250 7.542 7.773 7.937 8.101 8.265 8.429 8.756 8.756 8.809 8.576 8.343 8.110 7.876
5.899 5.959 6.019 6.079 6.140 6.200 6.200 6.321 6.384 6.446 6.509 6.573 6.653 6.733 6.813 6.891 6.910 6.930 6.949 6.968 6.987 6.981 6.981 6.963 6.954 6.945 6.936 6.927 6.918 6.937 6.996 7.063 7.252 7.441 7.630 7.819 8.008 8.197 8.575 8.575 8.764 8.953 9.142 9.331 9.371 9.257 9.142 8.897 8.619 8.340 8.062 7.784 7.505 7.227 6.670 6.670 6.392 6.114 5.835 5.926 6.218 6.511 6.804 7.096 7.346 7.510 7.674 7.838 8.002 8.165 8.493 8.493 8.657 8.462 8.229 7.995 7.762
5.771 5.831 5.891 5.951 6.014 6.076 6.076 6.202 6.264 6.327 6.390 6.452 6.531 6.611 6.691 6.771 6.851 6.931 7.011 7.046 7.056 7.047 7.047 7.030 7.021 7.012 7.003 6.994 6.984 6.970 6.955 7.074 7.265 7.456 7.647 7.838 8.029 8.220 8.602 8.602 8.793 8.984 9.175 9.365 9.554 9.580 9.302 9.023 8.745 8.467 8.188 7.910 7.632 7.353 6.796 6.796 6.518 6.240 5.961 5.683 5.912 6.205 6.492 6.656 6.820 6.983 7.147 7.311 7.475 7.638 7.966 7.966 8.130 8.234 8.001 7.767 7.534
5.707 5.767 5.829 5.891 5.954 6.017 6.017 6.142 6.205 6.267 6.330 6.393 6.470 6.550 6.630 6.710 6.790 6.870 6.950 7.030 7.074 7.059 7.059 7.030 7.016 7.002 6.987 6.973 6.958 6.944 6.946 6.983 7.174 7.365 7.556 7.747 7.938 8.129 8.511 8.511 8.702 8.893 9.084 9.275 9.466 9.720 9.465 9.167 8.869 8.571 8.273 7.975 7.695 7.416 6.860 6.860 6.581 6.303 6.025 5.746 5.759 6.052 6.229 6.393 6.556 6.720 6.884 7.048 7.211 7.375 7.703 7.703 7.866 8.030 7.887 7.653 7.420
5.651 5.706 5.769 5.832 5.894 5.957 5.957 6.083 6.145 6.208 6.271 6.333 6.410 6.490 6.569 6.649 6.729 6.809 6.889 6.968 7.046 7.034 7.034 7.005 6.990 6.976 6.962 6.947 6.933 6.923 6.941 6.960 7.083 7.274 7.465 7.656 7.847 8.038 8.420 8.420 8.611 8.802 8.993 9.184 9.417 9.671 9.661 9.363 9.065 8.767 8.469 8.171 7.873 7.575 6.979 6.979 6.682 6.384 6.088 5.809 5.606 5.802 5.966 6.129 6.293 6.457 6.621 6.784 6.948 7.112 7.439 7.439 7.603 7.767 7.773 7.539 7.306
5.639 5.677 5.717 5.772 5.835 5.897 5.898 6.023 6.086 6.148 6.211 6.274 6.349 6.429 6.509 6.589 6.669 6.748 6.827 6.905 6.983 7.008 7.008 6.979 6.965 6.950 6.936 6.921 6.907 6.918 6.937 6.955 6.992 7.183 7.374 7.565 7.756 7.947 8.329 8.329 8.520 8.711 8.902 9.114 9.369 9.623 9.858 9.559 9.262 8.964 8.666 8.368 8.070 7.772 7.176 7.176 6.878 6.580 6.282 5.984 5.748 5.761 5.850 5.939 6.030 6.194 6.357 6.521 6.685 6.849 7.176 7.176 7.340 7.504 7.659 7.425 7.192
5.627 5.664 5.704 5.744 5.784 5.838 5.838 5.963 6.026 6.089 6.151 6.214 6.288 6.368 6.448 6.528 6.607 6.685 6.764 6.842 6.920 6.982 6.982 6.954 6.939 6.925 6.910 6.896 6.895 6.913 6.932 6.951 6.970 7.092 7.283 7.474 7.665 7.856 8.238 8.238 8.429 8.620 8.812 9.066 9.320 9.575 9.829 9.756 9.458 9.160 8.862 8.564 8.266 7.968 7.372 7.372 7.074 6.776 6.478 6.215 6.032 5.931 6.020 6.109 6.197 6.286 6.375 6.464 6.553 6.642 6.913 6.913 7.077 7.240 7.404 7.312 7.233
