includes/lisflood/camargue/results_R2_t1.561741151404E12/res-0004.wdfp
ncols         906
nrows         631
xllcorner     362177.146667
yllcorner     6534725.688020
cellsize      20.000000
NODATA_value  -9999.000000
[rows 476 to 509 of 631, columns 0 to 76 of 906]
7.275 7.359 7.491 7.670 7.849 8.028 8.207 8.386 8.387 8.742 8.904 9.067 9.229 9.247 9.239 9.230 9.222 9.213 9.204 9.190 9.176 9.162 9.148 9.134 9.135 8.886 8.730 8.578 8.487 8.396 8.304 8.213 8.121 8.030 7.939 7.847 8.027 8.244 8.462 8.680 8.680 9.127 9.370 9.612 9.855 10.097 10.270 10.305 10.202 10.099 9.996 9.893 9.790 9.687 9.585 9.482 9.482 9.256 9.141 9.024 8.896 8.769 8.642 8.515 8.388 8.261 8.293 8.366 8.439 8.512 8.585 8.944 9.755 9.756 10.162 10.568 10.522
7.202 7.299 7.397 7.540 7.719 7.898 8.077 8.256 8.257 8.606 8.769 8.931 9.094 9.256 9.262 9.253 9.245 9.236 9.225 9.211 9.197 9.183 9.170 9.156 9.156 9.043 8.887 8.755 8.664 8.572 8.481 8.390 8.298 8.207 8.116 8.024 7.930 8.165 8.407 8.650 8.650 9.135 9.378 9.620 9.863 10.106 10.213 10.251 10.278 10.175 10.072 9.969 9.867 9.764 9.661 9.557 9.558 9.328 9.213 9.098 8.979 8.852 8.725 8.598 8.471 8.385 8.458 8.531 8.604 8.677 8.750 8.856 9.668 9.668 10.074 10.339 10.007
7.083 7.181 7.278 7.375 7.473 7.638 7.817 7.996 7.997 8.335 8.498 8.660 8.822 8.985 9.147 9.299 9.291 9.282 9.268 9.254 9.240 9.226 9.212 9.198 9.199 9.176 9.193 9.036 8.911 8.785 8.659 8.534 8.408 8.283 8.157 8.031 8.107 8.266 8.425 8.666 8.666 9.151 9.394 9.637 9.879 10.060 10.098 10.137 10.175 10.213 10.224 10.121 10.019 9.916 9.813 9.701 9.702 9.472 9.357 9.242 9.127 9.012 8.891 8.764 8.641 8.714 8.787 8.860 8.934 9.007 9.080 9.153 9.493 9.493 9.641 9.309 8.978
7.024 7.121 7.219 7.316 7.413 7.511 7.687 7.866 7.867 8.200 8.362 8.525 8.687 8.849 9.012 9.174 9.314 9.303 9.289 9.275 9.282 9.299 9.316 9.333 9.334 9.367 9.306 9.067 8.910 8.784 8.658 8.533 8.407 8.282 8.156 8.037 8.196 8.355 8.513 8.674 8.675 9.160 9.402 9.645 9.887 10.003 10.041 10.079 10.118 10.156 10.195 10.198 10.095 9.992 9.888 9.773 9.774 9.544 9.429 9.314 9.199 9.084 8.970 8.847 8.806 8.879 8.952 9.026 9.098 9.172 9.245 9.318 9.448 9.448 9.228 8.933 8.639
6.965 7.062 7.159 7.257 7.354 7.452 7.558 7.736 7.737 8.064 8.227 8.389 8.552 8.714 8.875 9.034 9.194 9.421 9.439 9.456 9.473 9.490 9.507 9.524 9.525 9.558 9.414 9.174 8.935 8.783 8.657 8.532 8.406 8.281 8.155 8.126 8.285 8.444 8.602 8.761 8.761 9.168 9.410 9.653 9.895 9.945 9.984 10.022 10.061 10.099 10.137 10.176 10.171 10.068 9.960 9.845 9.845 9.616 9.501 9.386 9.271 9.156 9.042 8.929 8.936 8.985 9.034 9.083 9.132 9.181 9.230 9.279 9.413 9.413 9.580 9.315 9.020
6.905 7.003 7.100 7.197 7.295 7.392 7.489 7.604 7.604 7.923 8.082 8.242 8.401 8.560 8.720 8.879 9.063 9.391 9.630 9.647 9.664 9.681 9.698 9.715 9.715 9.749 9.521 9.282 9.042 8.803 8.656 8.531 8.405 8.280 8.154 8.215 8.373 8.532 8.691 8.850 8.850 9.176 9.418 9.661 9.849 9.888 9.926 9.965 10.003 10.042 10.080 10.119 10.157 10.144 10.032 9.917 9.918 9.694 9.587 9.480 9.373 9.266 9.158 9.042 8.890 8.914 8.963 9.012 9.061 9.110 9.159 9.208 9.388 9.388 9.555 9.696 9.401
6.848 6.951 7.055 7.158 7.261 7.364 7.467 7.528 7.529 7.768 7.927 8.086 8.246 8.405 8.565 8.724 8.968 9.296 9.624 9.838 9.854 9.872 9.889 9.906 9.906 9.868 9.629 9.389 9.150 8.910 8.671 8.530 8.404 8.279 8.153 8.303 8.462 8.621 8.780 8.938 8.939 9.256 9.426 9.669 9.792 9.831 9.869 9.908 9.946 9.984 10.023 10.067 10.111 10.156 10.138 10.031 10.032 9.817 9.710 9.602 9.495 9.388 9.281 9.149 8.997 8.845 8.892 8.941 8.990 9.038 9.087 9.136 9.363 9.363 9.530 9.697 9.783
6.832 6.936 7.039 7.142 7.245 7.348 7.451 7.484 7.485 7.612 7.772 7.931 8.091 8.250 8.410 8.569 8.872 9.200 9.528 9.856 10.045 10.062 10.079 10.097 10.097 9.976 9.737 9.497 9.258 9.018 8.779 8.539 8.403 8.278 8.233 8.392 8.551 8.710 8.869 9.027 9.028 9.345 9.503 9.677 9.735 9.778 9.822 9.866 9.910 9.954 9.998 10.042 10.086 10.133 10.183 10.154 10.154 9.939 9.832 9.725 9.617 9.510 9.403 9.255 9.103 8.951 8.820 8.869 8.918 8.967 9.016 9.065 9.338 9.338 9.505 9.672 9.839
6.817 6.920 7.023 7.126 7.229 7.333 7.410 7.440 7.441 7.501 7.617 7.776 7.936 8.095 8.254 8.448 8.776 9.105 9.433 9.761 10.089 10.253 10.270 10.287 10.288 10.084 9.844 9.605 9.365 9.126 8.886 8.647 8.407 8.277 8.322 8.481 8.640 8.798 8.957 9.112 9.112 9.385 9.522 9.644 9.708 9.752 9.796 9.840 9.884 9.928 9.972 10.017 10.061 10.109 10.159 10.209 10.210 10.061 9.954 9.847 9.740 9.633 9.513 9.361 9.210 9.058 8.906 8.798 8.847 8.896 8.945 8.994 9.313 9.313 9.480 9.647 9.814
6.801 6.904 7.007 7.110 7.214 7.317 7.366 7.396 7.397 7.456 7.487 7.621 7.781 7.940 8.099 8.353 8.681 9.009 9.337 9.665 9.993 10.321 10.461 10.478 10.479 10.191 9.952 9.712 9.473 9.233 8.994 8.754 8.515 8.276 8.398 8.535 8.672 8.809 8.946 9.083 9.083 9.356 9.493 9.594 9.664 9.727 9.771 9.815 9.859 9.903 9.947 9.991 10.036 10.086 10.136 10.186 10.186 10.184 10.077 9.969 9.862 9.755 9.619 9.468 9.316 9.164 9.012 8.861 8.776 8.825 8.874 8.954 9.288 9.288 9.455 9.622 9.789
6.807 6.888 6.992 7.095 7.198 7.291 7.321 7.352 7.353 7.412 7.443 7.473 7.625 7.785 7.944 8.257 8.585 8.913 9.241 9.569 9.897 10.225 10.554 10.669 10.670 10.299 10.059 9.820 9.580 9.345 9.110 8.875 8.639 8.440 8.369 8.506 8.643 8.780 8.917 9.054 9.054 9.328 9.464 9.543 9.614 9.684 9.745 9.789 9.833 9.877 9.922 9.966 10.012 10.063 10.113 10.162 10.163 10.263 10.199 10.092 9.984 9.877 9.726 9.574 9.422 9.270 9.119 8.967 8.815 8.753 8.802 8.929 9.263 9.263 9.430 9.597 9.764
6.828 6.887 6.976 7.079 7.182 7.247 7.277 7.308 7.309 7.368 7.398 7.429 7.470 7.629 7.833 8.161 8.489 8.818 9.146 9.474 9.802 10.130 10.458 10.775 10.776 10.417 10.181 9.946 9.711 9.476 9.240 9.005 8.770 8.620 8.539 8.477 8.614 8.751 8.888 9.025 9.025 9.299 9.423 9.493 9.564 9.634 9.704 9.764 9.808 9.852 9.896 9.940 9.989 10.039 10.089 10.139 10.139 10.239 10.289 10.214 10.107 9.984 9.832 9.680 9.528 9.377 9.225 9.073 8.921 8.770 8.737 8.904 9.233 9.233 9.391 9.549 9.707
6.849 6.908 6.967 7.063 7.166 7.203 7.233 7.264 7.264 7.324 7.354 7.385 7.415 7.474 7.738 8.066 8.394 8.708 9.017 9.325 9.633 9.942 10.250 10.527 10.528 10.547 10.312 10.077 9.841 9.606 9.371 9.135 8.900 8.800 8.719 8.638 8.585 8.722 8.859 8.996 8.997 9.270 9.373 9.443 9.513 9.583 9.654 9.724 9.783 9.827 9.871 9.916 9.966 10.016 10.066 10.116 10.116 10.216 10.266 10.316 10.229 10.090 9.938 9.786 9.635 9.483 9.330 9.171 9.012 8.853 8.743 8.831 9.146 9.146 9.304 9.462 9.620
6.870 6.929 6.988 7.047 7.128 7.159 7.189 7.219 7.220 7.281 7.316 7.351 7.386 7.420 7.566 7.875 8.183 8.491 8.800 9.108 9.417 9.725 10.033 10.267 10.268 10.625 10.442 10.207 9.972 9.736 9.501 9.266 9.060 8.979 8.899 8.818 8.737 8.693 8.830 8.967 8.967 9.241 9.323 9.393 9.463 9.533 9.603 9.673 9.744 9.801 9.845 9.892 9.942 9.992 10.042 10.092 10.093 10.192 10.242 10.293 10.337 10.183 10.024 9.865 9.706 9.547 9.388 9.229 9.070 8.911 8.842 8.801 9.059 9.059 9.217 9.375 9.533
6.870 6.924 6.979 7.034 7.104 7.139 7.174 7.209 7.210 7.279 7.313 7.348 7.383 7.426 7.483 7.658 7.966 8.275 8.583 8.891 9.200 9.508 9.817 10.007 10.007 10.365 10.544 10.337 10.102 9.867 9.632 9.396 9.240 9.159 9.078 8.997 8.916 8.836 8.801 8.938 8.939 9.202 9.273 9.343 9.413 9.483 9.553 9.623 9.693 9.763 9.820 9.869 9.919 9.969 10.021 10.076 10.076 10.184 10.239 10.293 10.301 10.242 10.083 9.924 9.765 9.605 9.446 9.288 9.129 8.983 8.942 8.900 8.972 8.972 9.130 9.288 9.446
6.805 6.860 6.914 6.980 7.072 7.136 7.171 7.206 7.207 7.276 7.311 7.345 7.380 7.432 7.489 7.546 7.749 8.058 8.366 8.675 8.983 9.292 9.567 9.746 9.747 10.105 10.284 10.463 10.233 9.997 9.762 9.527 9.420 9.339 9.258 9.177 9.096 9.015 8.934 8.909 8.910 9.152 9.222 9.293 9.363 9.433 9.503 9.573 9.644 9.715 9.789 9.860 9.915 9.969 10.023 10.078 10.078 10.186 10.241 10.295 10.265 10.207 10.141 9.982 9.823 9.664 9.505 9.346 9.187 9.082 9.041 8.999 8.915 8.915 9.043 9.201 9.359
6.805 6.860 6.914 6.980 7.072 7.136 7.171 7.206 7.207 7.276 7.311 7.345 7.380 7.432 7.489 7.546 7.749 8.058 8.366 8.675 8.983 9.291 9.567 9.746 9.747 10.105 10.284 10.463 10.233 9.997 9.762 9.527 9.420 9.339 9.258 9.177 9.096 9.015 8.934 8.909 8.910 9.152 9.222 9.293 9.363 9.433 9.503 9.573 9.644 9.715 9.789 9.860 9.915 9.969 10.023 10.078 10.078 10.186 10.241 10.295 10.265 10.207 10.141 9.982 9.823 9.664 9.505 9.346 9.187 9.082 9.041 8.999 8.915 8.916 9.043 9.201 9.359
6.740 6.795 6.850 6.936 7.027 7.119 7.168 7.203 7.204 7.273 7.308 7.343 7.381 7.438 7.495 7.552 7.609 7.841 8.149 8.458 8.766 9.075 9.307 9.486 9.487 9.844 10.024 10.203 10.363 10.128 9.892 9.680 9.599 9.518 9.438 9.357 9.276 9.195 9.114 9.033 9.034 9.102 9.172 9.243 9.315 9.387 9.458 9.530 9.601 9.672 9.753 9.847 9.917 9.971 10.026 10.080 10.080 10.189 10.243 10.288 10.230 10.171 10.113 10.040 9.881 9.722 9.563 9.404 9.245 9.182 9.140 9.098 9.014 9.015 8.973 9.114 9.272
6.611 6.666 6.755 6.847 6.938 7.030 7.122 7.197 7.198 7.267 7.302 7.337 7.393 7.450 7.507 7.564 7.620 7.677 7.734 8.024 8.333 8.607 8.786 8.965 8.966 9.324 9.503 9.682 9.861 10.040 10.153 10.039 9.943 9.816 9.688 9.560 9.433 9.305 9.177 9.050 9.050 9.033 9.086 9.158 9.229 9.301 9.373 9.444 9.515 9.588 9.682 9.776 9.870 9.964 10.030 10.084 10.084 10.193 10.247 10.217 10.158 10.099 10.041 9.982 9.924 9.838 9.679 9.520 9.421 9.380 9.338 9.296 9.212 9.213 9.171 9.130 9.098
6.546 6.619 6.710 6.802 6.894 6.985 7.077 7.169 7.170 7.264 7.299 7.342 7.399 7.456 7.513 7.570 7.626 7.683 7.740 7.807 8.116 8.346 8.526 8.705 8.706 9.063 9.242 9.434 9.631 9.828 10.009 10.004 9.876 9.749 9.621 9.494 9.366 9.238 9.111 8.983 8.984 9.019 9.061 9.115 9.187 9.258 9.330 9.401 9.473 9.553 9.647 9.741 9.835 9.929 10.022 10.086 10.086 10.195 10.240 10.181 10.122 10.064 10.005 9.947 9.888 9.830 9.737 9.578 9.520 9.479 9.437 9.395 9.312 9.312 9.255 9.179 9.103
6.483 6.574 6.666 6.758 6.849 6.941 7.033 7.124 7.125 7.261 7.296 7.348 7.405 7.462 7.519 7.575 7.632 7.689 7.746 7.803 7.899 8.087 8.284 8.481 8.482 8.876 9.073 9.271 9.468 9.665 9.793 9.819 9.810 9.682 9.554 9.427 9.299 9.172 9.044 8.921 8.922 9.005 9.047 9.089 9.144 9.215 9.287 9.358 9.430 9.517 9.611 9.705 9.799 9.893 9.987 10.081 10.081 10.197 10.204 10.145 10.087 10.028 9.969 9.911 9.852 9.794 9.735 9.661 9.606 9.530 9.454 9.378 9.224 9.225 9.149 9.072 9.002
6.438 6.530 6.621 6.713 6.805 6.896 6.988 7.080 7.081 7.258 7.297 7.354 7.411 7.468 7.524 7.581 7.637 7.693 7.748 7.804 7.855 7.924 8.121 8.319 8.319 8.713 8.911 9.108 9.305 9.502 9.577 9.603 9.628 9.615 9.488 9.360 9.233 9.105 8.977 8.907 8.908 8.991 9.033 9.075 9.117 9.173 9.244 9.316 9.388 9.482 9.576 9.669 9.763 9.857 9.951 10.045 10.045 10.199 10.168 10.110 10.051 9.992 9.938 9.907 9.877 9.847 9.817 9.669 9.499 9.423 9.347 9.270 9.117 9.118 9.042 8.965 8.921
6.394 6.486 6.577 6.669 6.761 6.852 6.944 7.036 7.037 7.219 7.301 7.357 7.412 7.468 7.524 7.580 7.635 7.691 7.747 7.803 7.847 7.884 7.958 8.156 8.156 8.550 8.748 8.945 9.142 9.336 9.361 9.387 9.412 9.438 9.421 9.294 9.166 9.038 8.911 8.893 8.893 8.977 9.019 9.061 9.103 9.144 9.201 9.273 9.352 9.446 9.540 9.634 9.728 9.822 9.916 10.009 10.010 10.202 10.185 10.155 10.125 10.095 10.064 10.034 10.004 9.974 9.943 9.725 9.478 9.316 9.240 9.164 9.010 9.011 8.935 8.858 8.840
6.354 6.446 6.538 6.629 6.721 6.813 6.904 6.996 6.997 7.180 7.276 7.355 7.411 7.467 7.522 7.578 7.634 7.690 7.745 7.801 7.840 7.876 7.913 7.993 7.994 8.387 8.585 8.782 8.979 9.120 9.145 9.171 9.197 9.222 9.248 9.227 9.099 8.972 8.844 8.879 8.879 8.963 9.005 9.047 9.088 9.130 9.172 9.230 9.317 9.410 9.504 9.599 9.698 9.796 9.895 9.993 9.993 10.194 10.303 10.282 10.251 10.221 10.191 10.160 10.130 10.100 10.028 9.780 9.533 9.286 9.133 9.057 8.904 8.904 8.828 8.759 8.760
6.320 6.406 6.498 6.590 6.681 6.773 6.865 6.956 6.957 7.142 7.238 7.334 7.409 7.465 7.521 7.577 7.633 7.688 7.744 7.795 7.832 7.869 7.906 7.942 7.943 8.224 8.422 8.619 8.816 8.904 8.930 8.955 8.981 9.007 9.032 9.058 9.033 8.905 8.823 8.865 8.865 8.948 8.990 9.032 9.074 9.116 9.144 9.160 9.293 9.391 9.490 9.588 9.686 9.785 9.883 9.982 9.982 10.186 10.296 10.405 10.378 10.347 10.317 10.287 10.257 10.227 10.083 9.836 9.588 9.341 9.094 8.950 8.797 8.797 8.721 8.678 8.679
6.362 6.367 6.458 6.550 6.642 6.733 6.825 6.917 6.918 7.104 7.200 7.296 7.392 7.464 7.519 7.575 7.631 7.687 7.743 7.788 7.825 7.861 7.898 7.935 7.935 8.061 8.259 8.456 8.653 8.688 8.714 8.739 8.765 8.791 8.816 8.842 8.868 8.838 8.808 8.850 8.851 8.918 8.934 8.950 8.967 8.983 9.000 9.064 9.247 9.380 9.478 9.577 9.675 9.774 9.872 9.970 9.971 10.179 10.288 10.397 10.504 10.474 10.444 10.413 10.383 10.353 10.138 9.891 9.644 9.397 9.149 8.902 8.689 8.690 8.614 8.597 8.598
6.405 6.342 6.419 6.510 6.602 6.694 6.785 6.877 6.878 7.066 7.162 7.258 7.354 7.450 7.518 7.574 7.630 7.685 7.741 7.780 7.817 7.854 7.891 7.927 7.928 8.000 8.096 8.293 8.447 8.472 8.498 8.524 8.549 8.575 8.601 8.626 8.660 8.699 8.724 8.740 8.741 8.774 8.790 8.806 8.823 8.839 8.856 8.971 9.153 9.336 9.467 9.565 9.664 9.762 9.861 9.959 9.959 10.171 10.280 10.389 10.498 10.600 10.570 10.540 10.510 10.441 10.194 9.946 9.699 9.452 9.205 8.958 8.582 8.583 8.516 8.517 8.517
6.447 6.385 6.379 6.471 6.562 6.654 6.746 6.837 6.838 7.028 7.124 7.220 7.317 7.413 7.509 7.572 7.628 7.684 7.736 7.773 7.810 7.846 7.883 7.920 7.920 7.993 8.030 8.130 8.231 8.257 8.282 8.315 8.353 8.391 8.430 8.468 8.506 8.543 8.572 8.596 8.597 8.629 8.646 8.662 8.679 8.695 8.712 8.877 9.060 9.243 9.425 9.554 9.652 9.751 9.849 9.948 9.948 10.163 10.272 10.381 10.491 10.600 10.696 10.666 10.636 10.496 10.249 10.002 9.755 9.507 9.260 9.013 8.518 8.519 8.435 8.440 8.457
6.490 6.427 6.365 6.431 6.523 6.614 6.706 6.798 6.799 6.990 7.086 7.183 7.279 7.375 7.471 7.567 7.627 7.683 7.729 7.765 7.802 7.839 7.875 7.912 7.913 7.986 8.019 8.046 8.046 8.084 8.122 8.161 8.199 8.237 8.275 8.314 8.352 8.386 8.415 8.445 8.445 8.485 8.502 8.518 8.535 8.551 8.601 8.784 8.966 9.149 9.332 9.515 9.641 9.740 9.838 9.936 9.937 10.155 10.264 10.373 10.483 10.592 10.701 10.793 10.762 10.552 10.304 10.057 9.810 9.563 9.317 9.071 8.579 8.580 8.458 8.452 8.469
6.532 6.470 6.407 6.391 6.483 6.574 6.666 6.760 6.761 6.953 7.049 7.145 7.241 7.337 7.433 7.529 7.625 7.681 7.721 7.758 7.795 7.831 7.860 7.887 7.887 7.940 7.967 7.986 7.941 7.930 7.968 8.006 8.045 8.083 8.121 8.159 8.198 8.229 8.258 8.288 8.289 8.341 8.358 8.374 8.391 8.407 8.507 8.690 8.873 9.055 9.238 9.421 9.604 9.728 9.827 9.928 9.929 10.147 10.256 10.365 10.475 10.584 10.693 10.803 10.854 10.609 10.363 10.117 9.872 9.626 9.381 9.135 8.657 8.657 8.570 8.483 8.481
6.575 6.512 6.450 6.387 6.443 6.534 6.626 6.722 6.723 6.915 7.011 7.107 7.203 7.299 7.395 7.491 7.588 7.674 7.701 7.728 7.754 7.781 7.808 7.835 7.835 7.888 7.915 7.915 7.871 7.827 7.814 7.852 7.890 7.929 7.967 8.005 8.043 8.072 8.102 8.131 8.132 8.190 8.214 8.230 8.246 8.263 8.414 8.596 8.779 8.962 9.145 9.327 9.510 9.693 9.815 9.920 9.921 10.139 10.248 10.359 10.471 10.583 10.695 10.807 10.812 10.672 10.427 10.181 9.936 9.690 9.444 9.198 8.769 8.769 8.682 8.595 8.508
6.618 6.555 6.492 6.430 6.403 6.495 6.588 6.684 6.685 6.877 6.973 7.069 7.165 7.271 7.385 7.499 7.614 7.681 7.650 7.676 7.702 7.729 7.756 7.783 7.783 7.836 7.863 7.844 7.800 7.756 7.712 7.698 7.736 7.774 7.813 7.851 7.886 7.915 7.945 7.974 7.975 8.033 8.062 8.086 8.102 8.137 8.320 8.503 8.686 8.868 9.051 9.234 9.417 9.599 9.789 9.917 9.918 10.141 10.253 10.366 10.478 10.590 10.702 10.814 10.747 10.633 10.491 10.245 9.999 9.754 9.508 9.262 8.881 8.882 8.795 8.707 8.620
6.618 6.555 6.492 6.430 6.403 6.495 6.588 6.684 6.685 6.877 6.973 7.069 7.165 7.270 7.385 7.499 7.614 7.681 7.649 7.675 7.702 7.729 7.756 7.782 7.783 7.836 7.863 7.844 7.800 7.756 7.712 7.698 7.736 7.774 7.812 7.851 7.886 7.915 7.945 7.974 7.975 8.033 8.062 8.086 8.102 8.137 8.320 8.503 8.686 8.868 9.051 9.234 9.417 9.599 9.789 9.917 9.918 10.141 10.253 10.365 10.478 10.590 10.702 10.814 10.747 10.633 10.491 10.245 9.999 9.753 9.508 9.262 8.881 8.882 8.795 8.707 8.620
6.707 6.599 6.535 6.472 6.409 6.455 6.550 6.647 6.647 6.852 6.966 7.081 7.195 7.309 7.424 7.538 7.653 7.692 7.661 7.630 7.650 7.677 7.704 7.730 7.731 7.784 7.811 7.773 7.729 7.685 7.641 7.597 7.582 7.620 7.658 7.696 7.729 7.759 7.788 7.817 7.818 7.876 7.906 7.935 7.958 8.044 8.227 8.409 8.592 8.781 8.974 9.167 9.360 9.553 9.740 9.910 9.910 10.148 10.260 10.372 10.484 10.596 10.709 10.797 10.683 10.569 10.454 10.308 10.063 9.817 9.571 9.326 8.993 8.994 8.907 8.820 8.732
