includes/lisflood/camargue/results_R2_t1.561741151404E12/res-0004.wdfp
ncols         906
nrows         631
xllcorner     362177.146667
yllcorner     6534725.688020
cellsize      20.000000
NODATA_value  -9999.000000
[rows 578 to 611 of 631, columns 231 to 307 of 906]
4.244 4.272 4.327 4.327 4.372 4.422 4.456 4.489 4.522 4.555 4.588 4.621 4.646 4.669 4.692 4.715 4.816 4.941 5.191 5.191 5.316 5.439 5.554 5.669 5.784 5.899 5.984 5.985 5.981 5.977 5.973 5.969 5.965 5.961 5.953 5.953 5.962 6.004 6.046 6.088 6.130 6.172 6.215 6.257 6.299 6.341 6.383 6.426 6.530 6.637 6.743 6.743 6.956 7.063 7.169 7.275 7.359 7.413 7.466 7.520 7.567 7.609 7.651 7.693 7.735 7.777 7.819 7.818 7.902 7.890 7.876 7.861 7.852 7.871 7.857 7.817 7.777
4.216 4.241 4.292 4.291 4.316 4.328 4.351 4.374 4.397 4.420 4.443 4.466 4.489 4.512 4.536 4.584 4.669 4.789 5.039 5.039 5.164 5.289 5.414 5.539 5.664 5.788 5.937 5.929 5.920 5.916 5.913 5.908 5.904 5.900 5.893 5.892 5.888 5.927 5.969 6.011 6.054 6.096 6.138 6.180 6.223 6.265 6.307 6.349 6.436 6.542 6.649 6.648 6.861 6.968 7.074 7.159 7.213 7.267 7.321 7.375 7.424 7.466 7.508 7.550 7.592 7.634 7.676 7.676 7.760 7.801 7.843 7.885 7.873 7.858 7.817 7.777 7.737
4.187 4.213 4.261 4.261 4.279 4.210 4.194 4.217 4.240 4.264 4.287 4.310 4.333 4.356 4.379 4.455 4.540 4.637 4.887 4.887 5.012 5.137 5.262 5.387 5.512 5.668 5.858 5.886 5.878 5.869 5.861 5.852 5.844 5.840 5.832 5.832 5.828 5.851 5.893 5.935 5.977 6.019 6.062 6.104 6.146 6.189 6.231 6.273 6.341 6.448 6.554 6.554 6.767 6.873 6.959 7.013 7.067 7.121 7.175 7.229 7.282 7.324 7.366 7.407 7.449 7.491 7.533 7.533 7.617 7.659 7.700 7.742 7.817 7.817 7.777 7.737 7.697
4.159 4.184 4.223 4.223 4.238 4.168 4.098 4.061 4.084 4.107 4.130 4.153 4.176 4.200 4.241 4.326 4.411 4.496 4.735 4.735 4.860 4.985 5.110 5.235 5.376 5.567 5.758 5.843 5.835 5.826 5.818 5.810 5.801 5.793 5.776 5.776 5.768 5.774 5.816 5.859 5.901 5.943 5.985 6.028 6.070 6.112 6.155 6.197 6.246 6.353 6.459 6.459 6.672 6.759 6.813 6.867 6.921 6.975 7.029 7.083 7.137 7.181 7.223 7.265 7.307 7.348 7.390 7.390 7.474 7.516 7.558 7.634 7.730 7.774 7.735 7.695 7.655
4.131 4.149 4.186 4.186 4.196 4.126 4.056 4.000 4.000 4.001 4.001 4.000 4.020 4.043 4.111 4.197 4.282 4.367 4.584 4.584 4.709 4.834 4.959 5.085 5.276 5.467 5.658 5.801 5.792 5.784 5.775 5.767 5.759 5.750 5.734 5.733 5.726 5.733 5.762 5.791 5.824 5.867 5.909 5.951 5.994 6.036 6.078 6.121 6.163 6.258 6.364 6.364 6.559 6.613 6.667 6.721 6.775 6.829 6.883 6.937 6.991 7.038 7.080 7.122 7.164 7.206 7.247 7.247 7.331 7.373 7.451 7.547 7.643 7.732 7.693 7.653 7.613
4.094 4.112 4.149 4.149 4.154 4.084 4.014 4.000 4.000 4.000 4.000 4.000 4.000 3.999 3.999 4.067 4.153 4.238 4.432 4.432 4.557 4.682 4.807 4.984 5.175 5.366 5.557 5.748 5.749 5.741 5.733 5.724 5.716 5.707 5.692 5.692 5.699 5.706 5.730 5.759 5.788 5.818 5.847 5.876 5.917 5.960 6.002 6.044 6.087 6.163 6.269 6.269 6.414 6.467 6.521 6.575 6.629 6.683 6.737 6.791 6.845 6.895 6.937 6.979 7.021 7.063 7.104 7.104 7.188 7.267 7.364 7.460 7.556 7.652 7.650 7.611 7.571
4.056 4.075 4.112 4.111 4.112 4.042 3.999 3.999 3.999 3.999 3.999 3.999 3.999 3.999 3.998 3.998 4.023 4.109 4.280 4.280 4.405 4.530 4.693 4.884 5.075 5.266 5.457 5.648 5.707 5.698 5.690 5.682 5.673 5.665 5.665 5.665 5.672 5.679 5.699 5.728 5.757 5.786 5.815 5.844 5.873 5.902 5.931 5.968 6.010 6.068 6.160 6.159 6.268 6.322 6.375 6.429 6.483 6.537 6.591 6.645 6.699 6.752 6.794 6.836 6.878 6.920 6.962 6.961 7.084 7.180 7.277 7.373 7.469 7.565 7.608 7.568 7.528
4.019 4.038 4.075 4.074 4.071 4.001 3.998 3.998 3.998 3.998 3.998 3.998 3.998 3.998 3.998 3.998 3.998 3.997 4.150 4.150 4.253 4.401 4.592 4.783 4.974 5.165 5.356 5.547 5.664 5.656 5.647 5.639 5.630 5.624 5.638 5.638 5.645 5.651 5.667 5.696 5.725 5.754 5.783 5.812 5.841 5.870 5.900 5.929 5.958 5.989 6.013 6.013 6.121 6.175 6.229 6.283 6.337 6.391 6.445 6.499 6.553 6.607 6.651 6.693 6.735 6.777 6.819 6.818 6.997 7.094 7.190 7.286 7.382 7.479 7.565 7.526 7.486
3.998 4.000 4.037 4.037 4.029 3.998 3.997 3.997 3.997 3.997 3.997 3.997 3.997 3.997 3.997 3.997 3.997 3.997 3.997 3.997 4.086 4.301 4.492 4.683 4.874 5.065 5.256 5.447 5.621 5.613 5.605 5.596 5.590 5.597 5.611 5.611 5.617 5.624 5.635 5.664 5.693 5.722 5.751 5.780 5.809 5.839 5.868 5.897 5.929 5.967 5.985 5.985 6.011 6.029 6.084 6.137 6.191 6.246 6.299 6.353 6.407 6.461 6.508 6.550 6.592 6.634 6.718 6.717 6.910 7.007 7.103 7.199 7.295 7.392 7.488 7.483 7.444
3.997 3.997 4.000 4.000 3.997 3.997 3.997 3.996 3.996 3.996 3.996 3.996 3.996 3.996 3.996 3.996 3.996 3.996 3.996 3.996 3.996 4.353 4.477 4.600 4.773 4.964 5.155 5.346 5.537 5.570 5.562 5.556 5.562 5.569 5.584 5.583 5.590 5.597 5.604 5.632 5.661 5.691 5.720 5.749 5.778 5.807 5.836 5.869 5.907 5.944 5.968 5.968 5.994 6.006 6.019 6.032 6.046 6.099 6.154 6.207 6.261 6.315 6.365 6.407 6.449 6.534 6.631 6.630 6.823 6.919 7.016 7.112 7.208 7.305 7.401 7.441 7.401
3.996 3.996 3.999 3.999 3.996 3.996 3.996 3.996 3.996 3.996 3.995 3.995 3.995 3.995 3.995 3.995 3.995 3.995 3.995 3.995 3.995 4.352 4.476 4.599 4.772 4.963 5.154 5.345 5.536 5.569 5.561 5.555 5.562 5.569 5.583 5.583 5.590 5.597 5.604 5.632 5.661 5.690 5.719 5.748 5.777 5.806 5.836 5.869 5.906 5.944 5.967 5.967 5.993 6.006 6.019 6.031 6.045 6.099 6.153 6.207 6.261 6.315 6.364 6.406 6.448 6.534 6.630 6.630 6.823 6.919 7.015 7.111 7.208 7.304 7.400 7.440 7.401
3.995 3.995 3.995 3.995 3.995 3.995 3.995 3.995 3.995 3.995 3.995 3.994 3.994 3.994 3.994 3.994 3.994 3.994 3.994 3.994 3.994 4.434 4.558 4.682 4.805 4.929 5.054 5.245 5.436 5.527 5.521 5.528 5.535 5.542 5.556 5.556 5.563 5.570 5.577 5.600 5.629 5.658 5.688 5.717 5.746 5.775 5.808 5.846 5.884 5.922 5.950 5.950 5.976 5.988 6.001 6.014 6.027 6.039 6.052 6.065 6.115 6.169 6.221 6.263 6.350 6.447 6.543 6.543 6.736 6.832 6.928 7.025 7.121 7.217 7.313 7.398 7.358
3.995 3.994 3.994 3.994 3.994 3.994 3.994 3.994 3.994 3.994 3.994 3.993 3.993 3.993 3.993 3.993 3.993 3.993 3.993 3.993 3.993 4.517 4.640 4.764 4.888 5.011 5.135 5.258 5.382 5.486 5.493 5.501 5.508 5.515 5.529 5.528 5.535 5.542 5.549 5.569 5.598 5.627 5.656 5.685 5.714 5.748 5.786 5.824 5.862 5.899 5.933 5.933 5.958 5.971 5.984 5.997 6.009 6.022 6.035 6.047 6.060 6.072 6.085 6.167 6.263 6.360 6.456 6.455 6.648 6.745 6.841 6.938 7.034 7.130 7.227 7.323 7.316
3.994 3.993 3.993 3.993 3.993 3.993 3.993 3.993 3.993 3.993 3.993 3.992 3.992 3.992 3.992 3.992 3.992 3.992 3.992 3.992 3.992 4.682 4.806 4.929 5.053 5.177 5.300 5.362 5.401 5.439 5.444 5.450 5.456 5.461 5.475 5.475 5.482 5.489 5.496 5.506 5.535 5.564 5.593 5.629 5.667 5.704 5.742 5.780 5.817 5.855 5.893 5.893 5.924 5.937 5.950 5.963 5.975 5.988 6.001 6.013 6.026 6.037 6.048 6.091 6.169 6.246 6.324 6.324 6.480 6.571 6.668 6.764 6.861 6.957 7.053 7.150 7.232
3.993 3.993 3.992 3.992 3.992 3.992 3.992 3.992 3.992 3.992 3.991 3.991 3.991 3.991 3.991 3.991 3.991 3.991 3.991 3.991 3.991 4.765 4.888 5.012 5.135 5.257 5.296 5.336 5.375 5.414 5.420 5.426 5.432 5.437 5.449 5.449 5.455 5.462 5.469 5.476 5.503 5.532 5.569 5.607 5.644 5.682 5.719 5.757 5.795 5.833 5.870 5.870 5.907 5.920 5.933 5.945 5.958 5.970 5.983 5.995 6.007 6.018 6.030 6.060 6.137 6.215 6.293 6.293 6.449 6.527 6.605 6.683 6.774 6.870 6.966 7.063 7.159
3.992 3.992 3.992 3.991 3.991 3.991 3.991 3.991 3.991 3.990 3.990 3.990 3.990 3.990 3.990 3.990 3.990 3.990 3.990 3.990 3.990 4.829 4.971 5.094 5.191 5.231 5.270 5.309 5.348 5.388 5.396 5.402 5.408 5.413 5.425 5.425 5.430 5.436 5.441 5.448 5.471 5.509 5.546 5.584 5.622 5.659 5.697 5.735 5.772 5.810 5.848 5.848 5.890 5.903 5.915 5.928 5.940 5.953 5.965 5.976 5.988 5.999 6.011 6.028 6.106 6.184 6.262 6.261 6.418 6.496 6.574 6.651 6.730 6.808 6.886 6.976 7.072
3.991 3.991 3.990 3.990 3.990 3.990 3.990 3.990 3.990 3.989 3.989 3.989 3.989 3.989 3.989 3.989 3.989 3.989 3.989 3.989 3.989 4.739 5.053 5.125 5.165 5.204 5.243 5.283 5.322 5.361 5.372 5.378 5.383 5.389 5.401 5.401 5.406 5.412 5.417 5.426 5.451 5.486 5.524 5.562 5.599 5.637 5.675 5.712 5.750 5.788 5.826 5.826 5.872 5.885 5.898 5.910 5.923 5.935 5.946 5.958 5.969 5.981 5.992 6.003 6.075 6.153 6.231 6.230 6.386 6.464 6.542 6.620 6.698 6.776 6.854 6.933 7.011
3.990 3.990 3.990 3.989 3.989 3.989 3.989 3.989 3.989 3.988 3.988 3.988 3.988 3.988 3.988 3.988 3.988 3.988 3.988 3.988 4.370 4.944 5.059 5.099 5.138 5.178 5.217 5.256 5.295 5.335 5.348 5.353 5.359 5.365 5.377 5.377 5.382 5.388 5.402 5.420 5.445 5.477 5.508 5.540 5.577 5.614 5.652 5.690 5.728 5.765 5.803 5.803 5.855 5.868 5.880 5.893 5.905 5.916 5.927 5.939 5.950 5.962 5.973 5.984 6.043 6.121 6.199 6.199 6.355 6.433 6.511 6.589 6.667 6.745 6.823 6.901 6.960
3.989 3.989 3.989 3.988 3.988 3.988 3.988 3.988 3.988 3.987 3.987 3.987 3.987 3.987 3.987 3.987 3.987 3.987 4.279 4.280 4.611 4.943 5.023 5.072 5.112 5.151 5.190 5.230 5.269 5.308 5.324 5.329 5.335 5.341 5.353 5.352 5.359 5.378 5.396 5.415 5.439 5.470 5.502 5.533 5.565 5.597 5.630 5.667 5.705 5.743 5.781 5.781 5.838 5.850 5.863 5.875 5.886 5.897 5.909 5.920 5.931 5.943 5.954 5.966 6.012 6.090 6.168 6.168 6.324 6.402 6.480 6.558 6.636 6.714 6.790 6.843 6.895
3.988 3.988 3.988 3.988 3.987 3.987 3.987 3.987 3.987 3.987 3.986 3.986 3.986 3.986 3.986 3.986 3.986 3.986 4.278 4.278 4.610 4.932 4.981 5.031 5.080 5.124 5.164 5.203 5.243 5.282 5.299 5.305 5.311 5.317 5.335 5.335 5.354 5.373 5.391 5.410 5.433 5.464 5.495 5.527 5.559 5.590 5.622 5.654 5.685 5.720 5.758 5.758 5.820 5.833 5.844 5.856 5.867 5.879 5.890 5.901 5.913 5.924 5.935 5.947 5.981 6.059 6.137 6.137 6.293 6.371 6.449 6.527 6.605 6.672 6.725 6.778 6.831
3.987 3.987 3.987 3.987 3.986 3.986 3.986 3.986 3.985 3.985 3.986 3.986 3.985 3.985 3.985 3.985 3.985 3.985 4.277 4.277 4.609 4.890 4.939 4.989 5.038 5.088 5.137 5.177 5.216 5.255 5.275 5.281 5.287 5.293 5.330 5.330 5.348 5.367 5.386 5.404 5.426 5.458 5.489 5.521 5.552 5.584 5.616 5.647 5.679 5.710 5.742 5.742 5.802 5.814 5.825 5.837 5.848 5.860 5.871 5.882 5.894 5.905 5.916 5.928 5.950 6.028 6.106 6.105 6.262 6.340 6.418 6.496 6.555 6.607 6.660 6.713 6.766
3.986 3.986 3.985 3.985 3.985 3.985 3.985 3.985 3.984 3.984 3.984 3.984 3.984 3.984 3.984 3.984 3.984 3.984 4.275 4.276 4.607 4.848 4.898 4.947 4.997 5.046 5.096 5.145 5.190 5.229 5.251 5.257 5.268 5.287 5.325 5.324 5.343 5.362 5.380 5.399 5.420 5.451 5.483 5.515 5.546 5.578 5.609 5.641 5.673 5.704 5.736 5.735 5.779 5.793 5.806 5.818 5.829 5.841 5.852 5.864 5.875 5.886 5.898 5.909 5.921 5.996 6.074 6.074 6.230 6.308 6.384 6.437 6.490 6.543 6.596 6.649 6.701
3.984 3.984 3.984 3.984 3.984 3.984 3.984 3.984 3.984 3.984 3.984 3.984 3.983 3.983 3.983 3.984 3.984 3.984 4.274 4.275 4.606 4.806 4.856 4.905 4.955 5.004 5.054 5.103 5.153 5.202 5.227 5.244 5.263 5.281 5.319 5.319 5.338 5.356 5.375 5.394 5.414 5.445 5.477 5.508 5.540 5.572 5.603 5.635 5.666 5.698 5.724 5.724 5.753 5.767 5.781 5.795 5.809 5.822 5.833 5.845 5.856 5.868 5.879 5.890 5.902 5.965 6.043 6.043 6.199 6.267 6.320 6.372 6.425 6.478 6.531 6.584 6.637
3.983 3.983 3.983 3.983 3.983 3.983 3.983 3.983 3.983 3.982 3.983 3.983 3.983 3.983 3.983 3.983 3.983 3.983 4.273 4.273 4.605 4.765 4.814 4.864 4.913 4.963 5.012 5.062 5.111 5.166 5.212 5.238 5.257 5.276 5.314 5.313 5.332 5.351 5.370 5.388 5.407 5.439 5.470 5.502 5.534 5.565 5.597 5.628 5.660 5.683 5.698 5.698 5.727 5.741 5.755 5.769 5.783 5.797 5.811 5.825 5.837 5.849 5.860 5.872 5.883 5.934 6.012 6.012 6.149 6.202 6.255 6.308 6.360 6.413 6.466 6.519 6.572
3.982 3.982 3.982 3.982 3.982 3.982 3.982 3.982 3.982 3.982 3.982 3.982 3.982 3.982 3.982 3.982 3.982 3.982 4.272 4.272 4.604 4.723 4.772 4.822 4.871 4.921 4.970 5.025 5.083 5.140 5.183 5.218 5.252 5.270 5.308 5.308 5.327 5.346 5.364 5.383 5.402 5.433 5.464 5.496 5.527 5.559 5.590 5.622 5.643 5.657 5.672 5.671 5.701 5.715 5.729 5.743 5.757 5.771 5.785 5.799 5.813 5.827 5.841 5.853 5.864 5.903 5.979 5.979 6.085 6.137 6.190 6.243 6.296 6.349 6.401 6.454 6.507
3.981 3.981 3.982 3.981 3.981 3.981 3.981 3.981 3.981 3.981 3.981 3.981 3.981 3.981 3.981 3.981 3.981 3.981 4.271 4.271 4.603 4.681 4.730 4.780 4.829 4.885 4.942 5.000 5.057 5.115 5.154 5.189 5.224 5.259 5.303 5.303 5.322 5.340 5.359 5.378 5.396 5.426 5.458 5.489 5.521 5.552 5.584 5.602 5.617 5.631 5.646 5.645 5.675 5.689 5.703 5.717 5.731 5.745 5.759 5.773 5.787 5.801 5.815 5.829 5.843 5.862 5.914 5.914 6.020 6.073 6.126 6.178 6.231 6.284 6.337 6.390 6.442
3.981 3.981 3.981 3.980 3.980 3.980 3.980 3.980 3.980 3.980 3.980 3.980 3.980 3.980 3.980 3.980 3.980 3.981 4.270 4.270 4.602 4.680 4.730 4.779 4.829 4.884 4.941 4.999 5.056 5.114 5.153 5.188 5.223 5.258 5.302 5.302 5.321 5.339 5.358 5.377 5.396 5.425 5.457 5.488 5.520 5.551 5.583 5.601 5.616 5.630 5.645 5.645 5.674 5.688 5.702 5.716 5.730 5.744 5.758 5.772 5.786 5.800 5.814 5.828 5.842 5.861 5.914 5.914 6.020 6.072 6.125 6.178 6.230 6.283 6.336 6.389 6.442
3.980 3.980 3.979 3.979 3.979 3.979 3.979 3.979 3.979 3.979 3.979 3.979 3.979 3.979 3.979 3.979 3.980 3.980 4.268 4.269 4.589 4.638 4.688 4.743 4.801 4.858 4.916 4.973 5.031 5.088 5.124 5.159 5.194 5.229 5.297 5.296 5.315 5.334 5.353 5.372 5.390 5.419 5.450 5.482 5.513 5.545 5.560 5.575 5.589 5.604 5.619 5.618 5.648 5.662 5.676 5.690 5.704 5.718 5.732 5.746 5.761 5.775 5.789 5.803 5.824 5.850 5.877 5.877 5.955 6.008 6.060 6.113 6.166 6.219 6.272 6.324 6.377
3.979 3.978 3.978 3.978 3.978 3.978 3.978 3.978 3.978 3.978 3.978 3.978 3.978 3.978 3.978 3.978 3.979 3.979 4.187 4.188 4.547 4.603 4.660 4.718 4.775 4.833 4.890 4.948 5.005 5.060 5.095 5.130 5.165 5.200 5.270 5.270 5.305 5.329 5.347 5.366 5.385 5.412 5.444 5.475 5.505 5.520 5.534 5.549 5.564 5.578 5.593 5.592 5.622 5.636 5.650 5.664 5.678 5.692 5.707 5.721 5.735 5.749 5.763 5.786 5.812 5.838 5.865 5.865 5.919 5.946 5.996 6.049 6.101 6.154 6.207 6.260 6.313
3.977 3.977 3.977 3.977 3.977 3.977 3.977 3.977 3.977 3.977 3.977 3.977 3.977 3.977 3.977 3.978 3.978 3.978 4.235 4.235 4.525 4.568 4.610 4.668 4.725 4.783 4.840 4.898 4.955 5.003 5.038 5.073 5.108 5.143 5.213 5.213 5.248 5.283 5.318 5.353 5.375 5.400 5.425 5.440 5.454 5.469 5.483 5.498 5.512 5.527 5.541 5.541 5.571 5.585 5.600 5.614 5.628 5.642 5.656 5.670 5.687 5.712 5.738 5.764 5.790 5.816 5.842 5.842 5.896 5.923 5.950 5.977 6.004 6.031 6.078 6.131 6.184
3.976 3.976 3.976 3.976 3.976 3.976 3.976 3.976 3.976 3.976 3.976 3.976 3.976 3.976 3.977 3.977 3.977 3.977 4.340 4.340 4.518 4.561 4.604 4.646 4.700 4.757 4.815 4.872 4.930 4.974 5.009 5.044 5.079 5.114 5.184 5.184 5.219 5.254 5.289 5.324 5.359 5.384 5.399 5.413 5.428 5.442 5.457 5.472 5.486 5.501 5.515 5.515 5.545 5.559 5.574 5.588 5.602 5.616 5.630 5.649 5.675 5.701 5.727 5.752 5.778 5.804 5.831 5.830 5.885 5.911 5.938 5.965 5.992 6.019 6.046 6.074 6.120
3.975 3.975 3.975 3.975 3.975 3.975 3.975 3.975 3.975 3.975 3.975 3.975 3.975 3.976 3.976 3.976 3.976 3.976 4.445 4.446 4.512 4.554 4.597 4.640 4.682 4.732 4.790 4.847 4.904 4.945 4.980 5.015 5.050 5.085 5.155 5.155 5.190 5.225 5.260 5.295 5.330 5.368 5.380 5.392 5.404 5.416 5.431 5.446 5.460 5.475 5.489 5.489 5.519 5.533 5.548 5.562 5.576 5.590 5.612 5.638 5.664 5.690 5.715 5.741 5.767 5.792 5.819 5.819 5.873 5.900 5.927 5.954 5.981 6.008 6.035 6.062 6.089
3.974 3.974 3.974 3.974 3.974 3.974 3.974 3.974 3.974 3.974 3.974 3.974 3.974 3.975 3.975 3.975 3.975 3.975 4.462 4.462 4.505 4.548 4.590 4.633 4.675 4.718 4.764 4.822 4.879 4.916 4.951 4.986 5.021 5.056 5.126 5.126 5.161 5.196 5.231 5.266 5.302 5.341 5.365 5.377 5.389 5.401 5.413 5.425 5.437 5.449 5.464 5.463 5.493 5.507 5.522 5.536 5.551 5.575 5.601 5.626 5.652 5.678 5.704 5.729 5.755 5.781 5.807 5.807 5.861 5.888 5.915 5.942 5.969 5.996 6.023 6.050 6.076
3.973 3.973 3.973 3.973 3.973 3.973 3.973 3.973 3.973 3.973 3.973 3.974 3.974 3.974 3.974 3.974 3.974 3.974 4.456 4.456 4.498 4.541 4.584 4.626 4.669 4.711 4.754 4.796 4.852 4.887 4.922 4.957 4.992 5.027 5.097 5.097 5.132 5.167 5.202 5.237 5.275 5.314 5.350 5.362 5.374 5.386 5.398 5.410 5.421 5.434 5.446 5.445 5.469 5.482 5.496 5.511 5.537 5.563 5.589 5.615 5.640 5.666 5.692 5.718 5.744 5.769 5.795 5.795 5.849 5.876 5.903 5.930 5.957 5.984 6.011 6.037 6.063
