includes/lisflood/camargue/results_R2_t1.561741151404E12/res-0001.wd
ncols         906
nrows         631
xllcorner     362177.146667
yllcorner     6534725.688020
cellsize      20.000000
NODATA_value  -9999.000000
[rows 510 to 543 of 631, columns 154 to 230 of 906]
2.804 2.793 2.775 2.758 2.741 2.651 2.561 2.470 2.380 2.290 2.200 2.109 2.019 1.944 1.904 1.904 1.845 1.818 1.798 1.779 1.759 1.739 1.720 1.700 1.734 1.771 1.797 1.792 1.787 1.782 1.777 1.777 1.767 1.760 1.753 1.745 1.738 1.729 1.717 1.705 1.693 1.681 1.696 1.712 1.729 1.745 1.762 1.762 1.811 1.842 1.860 1.850 1.841 1.831 1.822 1.812 1.803 1.785 1.801 1.851 1.901 1.952 2.002 2.103 2.103 2.154 2.189 2.167 2.146 2.125 2.103 2.082 2.078 2.077 2.075 2.073 2.107
2.784 2.784 2.783 2.766 2.695 2.604 2.514 2.424 2.334 2.249 2.163 2.078 1.993 1.908 1.856 1.856 1.800 1.780 1.760 1.741 1.721 1.701 1.682 1.689 1.726 1.763 1.800 1.837 1.875 1.884 1.879 1.879 1.869 1.862 1.854 1.847 1.835 1.823 1.811 1.799 1.787 1.775 1.764 1.780 1.796 1.813 1.835 1.835 1.897 1.928 1.958 1.967 1.958 1.948 1.939 1.915 1.883 1.852 1.856 1.905 1.955 2.005 2.054 2.154 2.154 2.205 2.254 2.233 2.212 2.206 2.205 2.203 2.201 2.199 2.197 2.196 2.229
2.774 2.774 2.773 2.762 2.675 2.590 2.505 2.420 2.334 2.249 2.164 2.079 1.994 1.919 1.868 1.868 1.781 1.761 1.742 1.722 1.702 1.683 1.663 1.685 1.722 1.759 1.796 1.833 1.870 1.908 1.930 1.930 1.920 1.913 1.905 1.894 1.882 1.870 1.858 1.847 1.835 1.823 1.811 1.813 1.830 1.847 1.878 1.878 1.940 1.971 2.001 2.026 2.016 2.007 1.980 1.948 1.917 1.885 1.883 1.933 1.982 2.032 2.082 2.181 2.181 2.230 2.281 2.271 2.270 2.268 2.266 2.264 2.262 2.261 2.259 2.257 2.291
2.833 2.861 2.889 2.820 2.676 2.591 2.506 2.420 2.335 2.250 2.165 2.080 1.995 1.931 1.880 1.879 1.776 1.742 1.723 1.703 1.683 1.664 1.644 1.681 1.718 1.755 1.792 1.829 1.866 1.903 1.941 1.941 1.970 1.964 1.953 1.941 1.929 1.918 1.906 1.894 1.882 1.870 1.858 1.847 1.863 1.890 1.921 1.921 1.983 2.013 2.044 2.075 2.075 2.045 2.014 1.982 1.950 1.918 1.911 1.960 2.010 2.059 2.109 2.208 2.208 2.258 2.340 2.334 2.331 2.329 2.327 2.325 2.324 2.322 2.320 2.318 2.352
2.987 3.014 3.042 2.898 2.725 2.592 2.506 2.421 2.336 2.251 2.166 2.081 1.995 1.943 1.891 1.891 1.788 1.736 1.704 1.684 1.664 1.645 1.639 1.676 1.714 1.751 1.788 1.825 1.862 1.899 1.937 1.937 2.011 2.012 2.000 1.989 1.977 1.965 1.953 1.941 1.929 1.917 1.905 1.893 1.902 1.933 1.964 1.964 2.030 2.062 2.095 2.128 2.112 2.079 2.047 2.015 1.983 1.951 1.938 1.988 2.037 2.087 2.136 2.251 2.251 2.341 2.431 2.422 2.404 2.390 2.389 2.387 2.385 2.383 2.381 2.380 2.413
3.140 3.167 3.147 2.975 2.802 2.630 2.507 2.422 2.337 2.252 2.166 2.081 2.007 1.955 1.903 1.903 1.800 1.748 1.697 1.665 1.646 1.626 1.635 1.672 1.709 1.747 1.784 1.821 1.858 1.895 2.012 2.012 2.338 2.180 2.161 2.148 2.135 2.123 2.110 2.097 2.085 2.072 2.059 2.047 1.991 2.001 2.033 2.033 2.099 2.131 2.164 2.197 2.164 2.121 2.080 2.048 2.016 1.985 1.966 2.015 2.065 2.114 2.164 2.341 2.341 2.431 2.521 2.511 2.492 2.474 2.455 2.448 2.446 2.445 2.443 2.441 2.474
3.293 3.321 3.225 3.052 2.880 2.707 2.535 2.423 2.337 2.252 2.167 2.082 2.019 1.967 1.915 1.915 1.812 1.760 1.708 1.657 1.627 1.607 1.631 1.668 1.705 1.742 1.780 1.939 2.102 2.265 2.428 2.428 2.659 2.478 2.335 2.322 2.310 2.297 2.284 2.272 2.259 2.246 2.234 2.210 2.143 2.076 2.102 2.102 2.168 2.200 2.233 2.260 2.217 2.173 2.130 2.086 2.050 2.018 1.993 2.043 2.092 2.162 2.252 2.432 2.432 2.522 2.612 2.599 2.580 2.562 2.544 2.525 2.508 2.506 2.504 2.502 2.535
3.446 3.474 3.302 3.129 2.957 2.784 2.612 2.440 2.338 2.253 2.168 2.083 2.031 1.979 1.927 1.927 1.824 1.772 1.720 1.669 1.617 1.590 1.627 1.704 1.867 2.030 2.193 2.356 2.519 2.682 2.845 2.845 2.957 2.776 2.596 2.496 2.484 2.471 2.458 2.446 2.433 2.420 2.408 2.362 2.296 2.229 2.171 2.171 2.237 2.270 2.302 2.313 2.269 2.226 2.182 2.139 2.095 2.052 2.020 2.073 2.163 2.253 2.343 2.523 2.522 2.612 2.702 2.687 2.669 2.650 2.632 2.613 2.595 2.576 2.566 2.564 2.596
3.599 3.551 3.379 3.206 3.034 2.862 2.689 2.517 2.345 2.254 2.169 2.094 2.043 1.991 1.939 1.939 1.835 1.784 1.732 1.682 1.687 1.773 1.957 2.120 2.283 2.446 2.609 2.772 2.935 3.098 3.261 3.261 3.255 3.075 2.894 2.714 2.658 2.645 2.633 2.620 2.607 2.595 2.581 2.515 2.448 2.381 2.315 2.314 2.306 2.339 2.371 2.365 2.322 2.278 2.235 2.191 2.148 2.104 2.098 2.164 2.253 2.343 2.433 2.613 2.613 2.703 2.793 2.775 2.757 2.738 2.720 2.701 2.683 2.665 2.646 2.628 2.680
3.752 3.629 3.456 3.284 3.111 2.939 2.767 2.594 2.422 2.254 2.169 2.106 2.054 2.003 1.951 1.951 1.915 1.920 1.925 1.929 1.934 2.103 2.360 2.537 2.699 2.862 3.025 3.188 3.351 3.514 3.677 3.677 3.553 3.373 3.192 3.012 2.832 2.820 2.807 2.794 2.781 2.769 2.734 2.667 2.600 2.534 2.467 2.467 2.375 2.408 2.440 2.418 2.374 2.331 2.287 2.244 2.241 2.241 2.242 2.298 2.353 2.434 2.524 2.704 2.704 2.794 2.882 2.863 2.845 2.827 2.808 2.790 2.771 2.753 2.772 2.814 2.845
3.878 3.706 3.533 3.361 3.189 3.016 2.844 2.671 2.499 2.327 2.170 2.140 2.144 2.149 2.153 2.153 2.162 2.167 2.171 2.176 2.181 2.433 2.689 2.946 3.116 3.279 3.442 3.604 3.767 3.930 4.093 4.093 3.851 3.671 3.490 3.310 3.129 2.994 2.981 2.968 2.956 2.943 2.886 2.819 2.753 2.686 2.620 2.619 2.486 2.477 2.509 2.470 2.427 2.385 2.385 2.384 2.384 2.383 2.387 2.442 2.498 2.553 2.614 2.794 2.794 2.884 2.970 2.951 2.933 2.915 2.896 2.878 2.901 2.943 2.984 3.026 3.056
3.955 3.783 3.611 3.438 3.266 3.093 2.923 2.872 2.820 2.769 2.628 2.387 2.391 2.396 2.400 2.400 2.409 2.414 2.419 2.423 2.506 2.763 3.019 3.276 3.532 3.695 3.858 4.021 4.184 4.347 4.509 4.509 4.149 3.969 3.788 3.608 3.428 3.247 3.155 3.142 3.130 3.105 3.038 2.972 2.905 2.839 2.772 2.772 2.639 2.572 2.566 2.528 2.528 2.527 2.527 2.526 2.526 2.525 2.532 2.587 2.642 2.698 2.753 2.885 2.885 2.975 3.058 3.040 3.021 3.003 3.030 3.072 3.113 3.155 3.197 3.237 3.266
4.033 3.860 3.777 3.726 3.674 3.623 3.572 3.520 3.469 3.417 3.183 2.855 2.638 2.643 2.647 2.647 2.657 2.661 2.666 2.670 2.836 3.092 3.349 3.606 3.863 4.111 4.274 4.437 4.600 4.763 4.808 4.808 4.447 4.267 4.087 3.906 3.726 3.545 3.365 3.317 3.304 3.258 3.191 3.124 3.058 2.991 2.924 2.924 2.797 2.757 2.703 2.671 2.670 2.670 2.669 2.669 2.668 2.667 2.677 2.732 2.787 2.842 2.898 3.008 3.008 3.065 3.146 3.128 3.159 3.201 3.243 3.284 3.326 3.367 3.409 3.448 3.477
4.528 4.477 4.426 4.374 4.323 4.271 4.220 4.168 4.117 4.066 3.738 3.410 3.081 2.890 2.894 2.894 2.904 2.908 2.913 2.917 3.166 3.422 3.679 3.936 4.193 4.450 4.690 4.853 5.016 5.179 5.106 5.106 4.745 4.565 4.385 4.204 4.024 3.843 3.663 3.491 3.477 3.410 3.343 3.277 3.224 3.184 3.144 3.144 3.064 3.024 2.964 2.883 2.812 2.812 2.811 2.811 2.810 2.810 2.821 2.877 2.932 2.987 3.042 3.153 3.153 3.208 3.285 3.330 3.372 3.413 3.455 3.496 3.538 3.580 3.621 3.658 3.688
4.528 4.477 4.426 4.374 4.323 4.271 4.220 4.168 4.117 4.066 3.738 3.410 3.081 2.890 2.894 2.894 2.904 2.908 2.913 2.917 3.166 3.422 3.679 3.936 4.193 4.450 4.690 4.853 5.016 5.179 5.106 5.106 4.745 4.565 4.385 4.204 4.024 3.843 3.663 3.491 3.477 3.410 3.343 3.277 3.224 3.184 3.144 3.144 3.064 3.024 2.964 2.883 2.812 2.812 2.811 2.811 2.810 2.810 2.821 2.877 2.932 2.987 3.042 3.153 3.153 3.208 3.285 3.330 3.372 3.413 3.455 3.496 3.538 3.580 3.621 3.658 3.688
5.124 5.125 5.074 5.023 4.971 4.920 4.868 4.817 4.765 4.622 4.294 3.965 3.636 3.308 3.141 3.141 3.150 3.155 3.160 3.239 3.496 3.752 4.009 4.266 4.523 4.779 5.036 5.269 5.432 5.585 5.404 5.404 5.043 4.863 4.683 4.502 4.322 4.141 3.961 3.780 3.651 3.611 3.571 3.531 3.491 3.451 3.411 3.411 3.331 3.291 3.226 3.144 3.063 2.981 2.954 2.953 2.952 2.952 2.966 3.021 3.077 3.132 3.187 3.323 3.323 3.410 3.486 3.539 3.584 3.626 3.667 3.709 3.750 3.792 3.833 3.869 3.899
5.598 5.740 5.722 5.671 5.619 5.568 5.517 5.465 5.414 5.177 4.849 4.520 4.192 3.863 3.534 3.534 3.397 3.402 3.407 3.569 3.825 4.082 4.339 4.596 4.853 5.109 5.366 5.623 5.848 5.883 5.703 5.702 5.342 5.161 4.980 4.800 4.619 4.438 4.258 4.077 3.958 3.878 3.838 3.798 3.758 3.718 3.678 3.678 3.598 3.558 3.487 3.406 3.324 3.243 3.161 3.095 3.095 3.094 3.111 3.166 3.221 3.277 3.355 3.529 3.529 3.615 3.686 3.739 3.792 3.838 3.879 3.921 3.962 4.004 4.046 4.080 4.109
6.546 6.688 6.829 6.968 6.916 6.865 6.813 6.762 6.616 6.288 5.959 5.631 5.302 4.974 4.645 4.645 3.988 3.896 3.972 4.229 4.485 4.742 4.999 5.243 5.465 5.688 5.910 6.133 6.339 6.391 6.296 6.296 5.935 5.754 5.574 5.393 5.212 5.032 4.851 4.713 4.610 4.507 4.403 4.333 4.293 4.253 4.213 4.213 4.133 4.092 4.010 3.929 3.847 3.766 3.684 3.602 3.521 3.439 3.419 3.506 3.593 3.680 3.767 3.941 3.940 4.027 4.088 4.141 4.194 4.246 4.299 4.345 4.387 4.429 4.470 4.501 4.531
7.020 7.161 7.303 7.445 7.564 7.513 7.461 7.410 7.172 6.843 6.515 6.186 5.857 5.529 5.200 5.200 4.543 4.214 4.301 4.524 4.746 4.969 5.191 5.414 5.636 5.859 6.081 6.304 6.446 6.498 6.550 6.550 6.232 6.051 5.870 5.689 5.509 5.328 5.147 5.039 4.936 4.833 4.729 4.626 4.560 4.520 4.480 4.480 4.400 4.353 4.272 4.190 4.109 4.027 3.945 3.864 3.782 3.702 3.652 3.724 3.799 3.886 3.973 4.147 4.146 4.233 4.289 4.341 4.394 4.447 4.500 4.553 4.599 4.641 4.682 4.712 4.741
7.494 7.635 7.777 7.919 8.061 8.161 8.110 8.056 7.727 7.398 7.070 6.741 6.413 6.084 5.736 5.736 4.904 4.489 4.493 4.695 4.917 5.140 5.362 5.585 5.807 6.030 6.252 6.475 6.554 6.606 6.658 6.658 6.528 6.347 6.167 5.986 5.805 5.625 5.468 5.365 5.262 5.158 5.055 4.952 4.848 4.787 4.747 4.747 4.667 4.615 4.533 4.452 4.370 4.289 4.207 4.126 4.045 3.964 3.889 3.960 4.032 4.104 4.179 4.352 4.352 4.436 4.489 4.542 4.595 4.648 4.701 4.753 4.806 4.853 4.893 4.922 4.952
7.968 8.109 8.251 8.393 8.535 8.677 8.758 8.611 8.282 7.954 7.592 7.177 6.761 6.346 5.930 5.930 5.099 4.800 4.832 4.866 5.088 5.311 5.533 5.756 5.978 6.201 6.423 6.609 6.661 6.713 6.765 6.765 6.825 6.644 6.463 6.283 6.102 5.921 5.794 5.691 5.587 5.484 5.381 5.277 5.174 5.071 5.014 5.014 4.934 4.876 4.795 4.713 4.632 4.550 4.469 4.388 4.308 4.227 4.146 4.197 4.268 4.340 4.411 4.558 4.558 4.637 4.690 4.743 4.796 4.848 4.901 4.954 5.007 5.060 5.104 5.128 5.151
8.442 8.583 8.725 8.867 9.009 9.151 9.221 9.034 8.618 8.202 7.787 7.371 6.956 6.540 6.124 6.124 5.293 5.139 5.172 5.205 5.259 5.482 5.704 5.927 6.149 6.372 6.594 6.717 6.769 6.821 6.873 6.873 6.977 6.941 6.760 6.579 6.398 6.223 6.120 6.017 5.913 5.810 5.707 5.603 5.500 5.396 5.293 5.293 5.201 5.138 5.056 4.975 4.893 4.813 4.732 4.651 4.570 4.489 4.409 4.433 4.505 4.576 4.648 4.791 4.791 4.888 4.944 4.999 5.055 5.110 5.166 5.221 5.277 5.323 5.312 5.325 5.348
8.915 9.057 9.193 9.159 9.126 9.092 9.059 9.005 8.812 8.397 7.981 7.565 7.150 6.734 6.319 6.319 5.487 5.479 5.512 5.545 5.577 5.653 5.875 6.098 6.320 6.543 6.765 6.824 6.876 6.928 6.980 6.980 7.085 7.137 7.056 6.876 6.695 6.549 6.446 6.342 6.239 6.136 6.032 5.929 5.826 5.722 5.619 5.619 5.468 5.399 5.318 5.237 5.156 5.075 4.994 4.914 4.833 4.752 4.671 4.669 4.741 4.812 4.884 5.058 5.058 5.166 5.237 5.293 5.348 5.404 5.459 5.515 5.558 5.538 5.527 5.538 5.549
9.097 9.064 9.031 8.997 8.964 8.931 8.893 8.837 8.781 8.591 8.175 7.760 7.344 6.928 6.513 6.513 5.786 5.819 5.851 5.884 5.917 5.950 6.046 6.269 6.491 6.714 6.880 6.932 6.984 7.036 7.088 7.088 7.192 7.244 7.296 7.172 6.991 6.875 6.772 6.668 6.565 6.461 6.358 6.255 6.151 6.048 5.945 5.944 5.738 5.661 5.580 5.499 5.419 5.338 5.257 5.176 5.095 5.015 4.934 4.906 4.977 5.049 5.120 5.331 5.331 5.439 5.531 5.586 5.642 5.697 5.753 5.793 5.773 5.753 5.742 5.753 5.764
8.936 8.902 8.869 8.836 8.802 8.769 8.726 8.669 8.613 8.556 8.370 7.954 7.538 7.123 6.707 6.707 6.126 6.158 6.191 6.224 6.256 6.289 6.322 6.440 6.662 6.885 6.987 7.039 7.091 7.143 7.196 7.195 7.300 7.352 7.404 7.456 7.304 7.201 7.097 6.994 6.891 6.778 6.639 6.500 6.361 6.222 6.083 6.083 5.841 5.807 5.773 5.739 5.681 5.600 5.520 5.439 5.358 5.277 5.196 5.142 5.214 5.285 5.387 5.603 5.603 5.712 5.820 5.880 5.936 5.991 6.028 6.008 5.988 5.968 5.957 5.968 5.979
8.774 8.741 8.707 8.674 8.641 8.607 8.558 8.502 8.445 8.389 8.332 8.148 7.733 7.317 6.901 6.901 6.465 6.498 6.531 6.563 6.596 6.629 6.662 6.694 6.833 7.043 7.095 7.147 7.199 7.251 7.303 7.303 7.407 7.456 7.486 7.515 7.500 7.361 7.222 7.083 6.944 6.805 6.666 6.527 6.388 6.249 6.110 6.110 5.927 5.892 5.858 5.824 5.790 5.756 5.722 5.689 5.621 5.540 5.459 5.378 5.450 5.551 5.659 5.876 5.876 5.985 6.093 6.174 6.229 6.263 6.243 6.223 6.203 6.183 6.172 6.183 6.194
8.612 8.579 8.545 8.512 8.479 8.445 8.391 8.334 8.278 8.221 8.165 8.108 7.927 7.511 7.096 7.096 6.805 6.838 6.870 6.903 6.936 6.968 7.001 7.034 7.067 7.150 7.196 7.226 7.255 7.285 7.315 7.314 7.374 7.403 7.433 7.460 7.460 7.388 7.249 7.110 6.971 6.832 6.693 6.554 6.415 6.275 6.136 6.136 6.012 5.977 5.942 5.909 5.875 5.841 5.807 5.773 5.739 5.706 5.672 5.638 5.715 5.824 5.932 6.149 6.149 6.258 6.366 6.467 6.498 6.478 6.458 6.439 6.419 6.399 6.387 6.398 6.409
8.450 8.417 8.384 8.350 8.317 8.280 8.223 8.167 8.110 8.054 7.997 7.941 7.884 7.706 7.290 7.290 7.144 7.177 7.210 7.243 7.275 7.297 7.306 7.315 7.324 7.141 7.144 7.173 7.203 7.232 7.262 7.262 7.321 7.351 7.380 7.393 7.394 7.394 7.276 7.137 6.998 6.859 6.719 6.580 6.441 6.302 6.167 6.167 6.097 6.062 6.027 5.993 5.960 5.926 5.892 5.858 5.824 5.790 5.757 5.773 5.857 5.975 6.093 6.329 6.329 6.447 6.565 6.679 6.713 6.694 6.674 6.654 6.634 6.614 6.602 6.613 6.624
8.289 8.255 8.222 8.189 8.155 8.112 8.056 7.999 7.943 7.886 7.830 7.773 7.717 7.660 7.484 7.484 7.478 7.487 7.496 7.505 7.514 7.522 7.531 7.540 7.496 7.276 7.091 7.120 7.150 7.180 7.209 7.209 7.268 7.298 7.326 7.327 7.327 7.328 7.303 7.163 7.024 6.885 6.746 6.607 6.468 6.329 6.253 6.253 6.183 6.148 6.113 6.078 6.045 6.011 5.977 5.943 5.909 5.875 5.856 5.929 6.002 6.105 6.223 6.459 6.459 6.577 6.695 6.787 6.848 6.909 6.889 6.869 6.849 6.829 6.817 6.828 6.839
7.973 8.094 8.060 8.027 7.993 7.944 7.888 7.832 7.775 7.719 7.662 7.606 7.553 7.526 7.537 7.537 7.704 7.712 7.721 7.730 7.739 7.748 7.757 7.765 7.631 7.411 7.192 7.068 7.097 7.127 7.156 7.156 7.215 7.245 7.259 7.260 7.261 7.262 7.262 7.190 7.051 6.912 6.773 6.634 6.495 6.373 6.338 6.338 6.268 6.233 6.198 6.163 6.129 6.096 6.062 6.028 5.994 5.960 6.012 6.085 6.158 6.234 6.352 6.588 6.588 6.706 6.824 6.895 6.956 7.018 7.079 7.084 7.064 7.044 7.032 7.043 7.053
7.973 8.094 8.060 8.027 7.993 7.944 7.888 7.832 7.775 7.719 7.662 7.606 7.553 7.526 7.537 7.537 7.703 7.712 7.721 7.730 7.739 7.748 7.757 7.765 7.631 7.411 7.192 7.068 7.097 7.127 7.156 7.156 7.215 7.245 7.259 7.260 7.261 7.262 7.262 7.190 7.051 6.912 6.773 6.634 6.495 6.373 6.338 6.338 6.268 6.233 6.198 6.163 6.129 6.095 6.062 6.028 5.994 5.960 6.012 6.085 6.158 6.234 6.352 6.588 6.588 6.706 6.824 6.895 6.956 7.017 7.078 7.084 7.064 7.044 7.032 7.043 7.053
7.512 7.713 7.898 7.865 7.832 7.777 7.721 7.664 7.608 7.566 7.539 7.511 7.484 7.457 7.540 7.540 7.929 7.938 7.946 7.955 7.964 7.973 7.982 7.986 7.766 7.547 7.327 7.108 7.044 7.074 7.104 7.103 7.163 7.192 7.193 7.194 7.194 7.195 7.196 7.196 7.078 6.939 6.800 6.661 6.522 6.459 6.423 6.423 6.353 6.318 6.283 6.248 6.214 6.180 6.146 6.113 6.079 6.095 6.168 6.241 6.314 6.387 6.482 6.718 6.718 6.836 6.943 7.004 7.065 7.126 7.187 7.248 7.279 7.259 7.247 7.258 7.268
7.050 7.251 7.452 7.653 7.666 7.609 7.580 7.552 7.525 7.497 7.470 7.442 7.415 7.387 7.544 7.544 8.035 8.163 8.172 8.181 8.189 8.198 8.207 8.121 7.901 7.682 7.462 7.243 7.023 7.021 7.051 7.051 7.110 7.126 7.126 7.127 7.128 7.129 7.129 7.130 7.105 6.966 6.827 6.687 6.579 6.544 6.509 6.509 6.439 6.404 6.369 6.334 6.299 6.265 6.231 6.197 6.178 6.251 6.324 6.397 6.470 6.543 6.616 6.847 6.847 6.965 7.051 7.112 7.173 7.234 7.295 7.356 7.417 7.474 7.462 7.472 7.428
6.221 6.532 6.843 7.154 7.317 7.403 7.441 7.414 7.386 7.359 7.331 7.304 7.276 7.305 7.551 7.551 8.042 8.287 8.533 8.631 8.640 8.649 8.611 8.392 8.172 7.953 7.733 7.513 7.294 7.074 6.945 6.945 6.992 6.993 6.994 6.994 6.995 6.996 6.996 6.997 6.998 6.998 6.880 6.785 6.750 6.715 6.680 6.680 6.610 6.574 6.539 6.505 6.469 6.435 6.401 6.418 6.490 6.563 6.636 6.709 6.782 6.855 6.928 7.107 7.106 7.206 7.267 7.328 7.389 7.450 7.446 7.436 7.427 7.418 7.454 7.530 7.515
