includes/lisflood/camargue/results_R2_t1.561741151404E12/res-0005.wdfp
ncols         906
nrows         631
xllcorner     362177.146667
yllcorner     6534725.688020
cellsize      20.000000
NODATA_value  -9999.000000
[rows 476 to 509 of 631, columns 616 to 692 of 906]
4.890 4.936 4.983 5.029 5.092 5.092 5.092 5.092 5.091 5.091 5.091 5.091 5.090 5.090 5.090 5.088 5.066 5.044 5.022 5.000 4.969 4.969 4.966 4.962 4.959 4.956 4.956 4.965 4.974 4.983 4.992 5.001 5.010 5.019 5.028 5.037 5.078 5.077 5.123 5.168 5.214 5.260 5.305 5.350 5.396 5.441 5.487 5.532 5.578 5.623 5.669 5.713 5.763 5.762 5.734 5.705 5.676 5.648 5.619 5.591 5.562 5.533 5.505 5.476 5.448 5.419 5.390 5.362 5.333 5.333 5.269 5.243 5.221 5.200 5.179 5.158 5.137
4.937 4.984 5.030 5.076 5.145 5.145 5.145 5.145 5.144 5.144 5.144 5.144 5.144 5.143 5.135 5.113 5.091 5.068 5.046 5.024 4.994 4.994 4.990 4.987 4.984 4.980 4.977 4.974 4.983 4.992 5.001 5.010 5.019 5.028 5.037 5.046 5.093 5.092 5.138 5.183 5.229 5.274 5.320 5.365 5.411 5.456 5.502 5.547 5.593 5.638 5.684 5.729 5.761 5.761 5.732 5.702 5.673 5.645 5.616 5.587 5.559 5.530 5.502 5.473 5.445 5.416 5.387 5.359 5.330 5.330 5.272 5.251 5.230 5.208 5.187 5.166 5.145
5.032 5.078 5.124 5.171 5.252 5.252 5.251 5.251 5.251 5.251 5.250 5.250 5.228 5.206 5.184 5.162 5.140 5.117 5.095 5.073 5.043 5.043 5.040 5.037 5.033 5.030 5.027 5.024 5.020 5.017 5.019 5.028 5.037 5.046 5.055 5.064 5.122 5.122 5.168 5.213 5.259 5.304 5.350 5.395 5.441 5.486 5.532 5.571 5.600 5.629 5.658 5.688 5.760 5.760 5.777 5.747 5.718 5.688 5.658 5.629 5.599 5.570 5.540 5.511 5.481 5.451 5.422 5.392 5.363 5.363 5.287 5.263 5.242 5.221 5.199 5.178 5.157
5.079 5.125 5.172 5.218 5.305 5.305 5.304 5.304 5.304 5.304 5.296 5.274 5.252 5.230 5.208 5.186 5.164 5.142 5.120 5.098 5.068 5.068 5.065 5.061 5.058 5.055 5.052 5.048 5.045 5.042 5.039 5.037 5.046 5.055 5.064 5.073 5.137 5.137 5.183 5.228 5.274 5.319 5.365 5.410 5.455 5.485 5.514 5.543 5.572 5.601 5.630 5.659 5.735 5.735 5.774 5.770 5.741 5.711 5.681 5.652 5.622 5.593 5.563 5.533 5.504 5.474 5.445 5.415 5.386 5.385 5.304 5.268 5.247 5.226 5.205 5.184 5.163
5.126 5.172 5.219 5.265 5.358 5.358 5.357 5.357 5.357 5.343 5.321 5.299 5.277 5.255 5.233 5.211 5.188 5.166 5.144 5.122 5.093 5.093 5.089 5.086 5.083 5.080 5.076 5.073 5.070 5.067 5.064 5.060 5.057 5.064 5.073 5.082 5.152 5.152 5.198 5.243 5.289 5.334 5.369 5.398 5.427 5.456 5.485 5.515 5.544 5.573 5.602 5.631 5.710 5.710 5.749 5.789 5.763 5.734 5.704 5.675 5.645 5.615 5.586 5.556 5.527 5.497 5.468 5.438 5.402 5.402 5.320 5.279 5.253 5.232 5.210 5.189 5.168
5.141 5.203 5.265 5.312 5.405 5.405 5.410 5.410 5.389 5.367 5.345 5.323 5.301 5.279 5.257 5.235 5.213 5.191 5.169 5.147 5.118 5.117 5.114 5.111 5.108 5.104 5.101 5.098 5.095 5.092 5.088 5.085 5.082 5.079 5.082 5.091 5.167 5.167 5.213 5.253 5.282 5.312 5.341 5.370 5.399 5.428 5.457 5.486 5.516 5.545 5.574 5.606 5.685 5.685 5.724 5.763 5.786 5.757 5.727 5.698 5.668 5.638 5.609 5.579 5.550 5.520 5.491 5.460 5.419 5.419 5.337 5.296 5.258 5.237 5.216 5.195 5.173
5.152 5.213 5.275 5.337 5.452 5.452 5.458 5.436 5.414 5.392 5.370 5.348 5.326 5.304 5.281 5.259 5.237 5.215 5.193 5.171 5.142 5.142 5.139 5.136 5.132 5.129 5.126 5.123 5.119 5.116 5.113 5.110 5.107 5.104 5.100 5.100 5.167 5.167 5.196 5.225 5.254 5.283 5.312 5.342 5.371 5.400 5.429 5.458 5.487 5.517 5.546 5.581 5.659 5.659 5.699 5.738 5.778 5.780 5.750 5.720 5.691 5.661 5.632 5.602 5.573 5.543 5.513 5.476 5.435 5.435 5.353 5.312 5.271 5.242 5.221 5.200 5.179
5.162 5.224 5.285 5.347 5.464 5.464 5.475 5.460 5.438 5.416 5.394 5.372 5.350 5.328 5.306 5.284 5.262 5.240 5.218 5.196 5.167 5.167 5.164 5.160 5.157 5.154 5.151 5.147 5.144 5.141 5.138 5.135 5.132 5.128 5.127 5.134 5.138 5.138 5.167 5.197 5.226 5.255 5.284 5.313 5.343 5.372 5.401 5.430 5.459 5.489 5.518 5.556 5.634 5.634 5.674 5.713 5.752 5.792 5.773 5.743 5.714 5.684 5.655 5.625 5.595 5.566 5.534 5.493 5.452 5.452 5.370 5.329 5.288 5.248 5.226 5.205 5.184
5.172 5.234 5.296 5.357 5.457 5.457 5.472 5.464 5.456 5.441 5.419 5.397 5.375 5.353 5.330 5.308 5.286 5.264 5.242 5.220 5.192 5.191 5.188 5.185 5.182 5.179 5.175 5.172 5.169 5.166 5.163 5.159 5.158 5.165 5.171 5.178 5.118 5.118 5.139 5.168 5.197 5.227 5.256 5.285 5.314 5.344 5.373 5.402 5.431 5.460 5.491 5.530 5.609 5.609 5.648 5.688 5.727 5.767 5.796 5.766 5.736 5.707 5.677 5.648 5.618 5.588 5.550 5.509 5.468 5.468 5.386 5.345 5.304 5.263 5.232 5.211 5.190
5.182 5.244 5.304 5.353 5.451 5.451 5.469 5.461 5.453 5.445 5.437 5.421 5.399 5.377 5.355 5.333 5.311 5.289 5.267 5.244 5.216 5.216 5.213 5.210 5.207 5.203 5.200 5.197 5.194 5.191 5.189 5.195 5.202 5.209 5.216 5.218 5.159 5.158 5.129 5.140 5.169 5.199 5.228 5.257 5.286 5.315 5.345 5.374 5.403 5.432 5.466 5.505 5.584 5.584 5.623 5.663 5.702 5.742 5.781 5.789 5.759 5.730 5.700 5.671 5.641 5.608 5.567 5.526 5.485 5.485 5.403 5.362 5.321 5.280 5.239 5.216 5.195
5.193 5.249 5.298 5.346 5.444 5.444 5.466 5.458 5.450 5.442 5.434 5.426 5.417 5.401 5.379 5.357 5.335 5.313 5.291 5.269 5.241 5.241 5.238 5.234 5.231 5.228 5.225 5.222 5.220 5.227 5.233 5.240 5.247 5.254 5.260 5.259 5.199 5.199 5.169 5.139 5.141 5.170 5.200 5.229 5.258 5.287 5.316 5.346 5.375 5.404 5.441 5.480 5.559 5.559 5.598 5.638 5.677 5.716 5.756 5.795 5.782 5.753 5.723 5.693 5.664 5.625 5.584 5.542 5.501 5.501 5.419 5.378 5.337 5.296 5.255 5.222 5.201
5.193 5.242 5.291 5.340 5.438 5.437 5.464 5.456 5.447 5.439 5.431 5.423 5.415 5.407 5.398 5.382 5.360 5.338 5.316 5.293 5.266 5.266 5.262 5.259 5.256 5.253 5.251 5.258 5.264 5.271 5.278 5.285 5.291 5.298 5.305 5.299 5.239 5.239 5.209 5.179 5.149 5.142 5.171 5.201 5.230 5.259 5.288 5.318 5.347 5.376 5.415 5.455 5.534 5.534 5.573 5.612 5.652 5.691 5.731 5.770 5.805 5.775 5.746 5.716 5.682 5.641 5.600 5.559 5.518 5.518 5.436 5.395 5.354 5.313 5.272 5.231 5.206
5.187 5.235 5.284 5.333 5.431 5.431 5.461 5.453 5.445 5.437 5.428 5.420 5.412 5.404 5.396 5.387 5.379 5.362 5.340 5.318 5.291 5.290 5.287 5.284 5.282 5.289 5.296 5.302 5.309 5.316 5.323 5.329 5.336 5.343 5.350 5.339 5.279 5.279 5.249 5.220 5.190 5.160 5.143 5.173 5.202 5.231 5.260 5.289 5.319 5.351 5.390 5.430 5.508 5.508 5.548 5.587 5.627 5.666 5.705 5.745 5.784 5.798 5.768 5.739 5.698 5.657 5.617 5.576 5.535 5.535 5.452 5.412 5.371 5.330 5.289 5.248 5.211
5.180 5.229 5.278 5.327 5.424 5.424 5.458 5.450 5.442 5.434 5.426 5.417 5.409 5.401 5.393 5.385 5.376 5.368 5.360 5.343 5.315 5.315 5.313 5.320 5.326 5.333 5.340 5.347 5.353 5.360 5.367 5.374 5.381 5.387 5.394 5.380 5.320 5.320 5.290 5.260 5.230 5.200 5.170 5.144 5.174 5.203 5.232 5.261 5.291 5.326 5.365 5.405 5.483 5.483 5.523 5.562 5.601 5.641 5.680 5.719 5.759 5.798 5.791 5.756 5.715 5.674 5.633 5.592 5.551 5.551 5.469 5.428 5.387 5.346 5.305 5.264 5.223
5.173 5.222 5.271 5.320 5.418 5.417 5.455 5.447 5.439 5.431 5.423 5.415 5.407 5.398 5.390 5.382 5.374 5.366 5.357 5.349 5.351 5.351 5.357 5.364 5.371 5.378 5.384 5.391 5.398 5.405 5.412 5.418 5.425 5.432 5.439 5.420 5.360 5.360 5.330 5.300 5.271 5.241 5.211 5.181 5.151 5.175 5.204 5.233 5.262 5.300 5.340 5.379 5.458 5.458 5.497 5.537 5.576 5.615 5.655 5.694 5.734 5.773 5.811 5.767 5.724 5.681 5.638 5.595 5.552 5.552 5.466 5.422 5.379 5.336 5.293 5.250 5.207
5.167 5.216 5.264 5.313 5.411 5.411 5.453 5.445 5.437 5.428 5.420 5.412 5.404 5.396 5.387 5.379 5.371 5.363 5.355 5.356 5.386 5.386 5.402 5.409 5.416 5.422 5.429 5.436 5.443 5.449 5.456 5.463 5.470 5.477 5.484 5.461 5.401 5.401 5.371 5.341 5.311 5.281 5.251 5.221 5.191 5.161 5.176 5.205 5.236 5.275 5.315 5.354 5.433 5.433 5.472 5.512 5.551 5.593 5.640 5.687 5.733 5.780 5.781 5.726 5.683 5.640 5.597 5.554 5.511 5.511 5.425 5.382 5.339 5.296 5.253 5.209 5.175
5.167 5.215 5.264 5.313 5.411 5.411 5.452 5.445 5.436 5.428 5.420 5.412 5.404 5.396 5.387 5.379 5.371 5.363 5.355 5.357 5.386 5.386 5.402 5.409 5.416 5.422 5.429 5.436 5.443 5.450 5.456 5.463 5.470 5.477 5.484 5.461 5.401 5.401 5.371 5.341 5.311 5.281 5.252 5.222 5.192 5.162 5.176 5.205 5.236 5.275 5.315 5.354 5.433 5.433 5.472 5.512 5.551 5.594 5.640 5.687 5.734 5.780 5.781 5.727 5.683 5.640 5.597 5.554 5.511 5.511 5.425 5.382 5.339 5.296 5.253 5.210 5.175
5.160 5.209 5.258 5.306 5.404 5.404 5.450 5.442 5.434 5.426 5.417 5.409 5.401 5.393 5.385 5.377 5.368 5.361 5.371 5.382 5.412 5.411 5.431 5.450 5.460 5.467 5.474 5.481 5.487 5.494 5.501 5.508 5.515 5.522 5.528 5.501 5.441 5.441 5.411 5.382 5.352 5.322 5.292 5.262 5.232 5.202 5.172 5.177 5.211 5.250 5.290 5.329 5.420 5.420 5.466 5.513 5.559 5.606 5.653 5.699 5.746 5.793 5.751 5.691 5.643 5.600 5.557 5.514 5.471 5.471 5.384 5.341 5.298 5.255 5.212 5.169 5.150
5.147 5.196 5.245 5.293 5.391 5.391 5.440 5.437 5.428 5.420 5.412 5.404 5.396 5.388 5.380 5.390 5.401 5.412 5.423 5.433 5.463 5.463 5.482 5.501 5.520 5.540 5.559 5.570 5.577 5.583 5.590 5.597 5.604 5.611 5.612 5.582 5.522 5.522 5.492 5.462 5.432 5.402 5.372 5.343 5.313 5.264 5.203 5.143 5.201 5.258 5.304 5.351 5.444 5.444 5.491 5.537 5.584 5.631 5.677 5.724 5.771 5.750 5.690 5.631 5.572 5.518 5.475 5.432 5.389 5.389 5.303 5.260 5.217 5.174 5.131 5.114 5.098
5.141 5.189 5.238 5.287 5.385 5.385 5.434 5.434 5.426 5.418 5.410 5.401 5.393 5.394 5.405 5.416 5.427 5.437 5.448 5.459 5.488 5.488 5.508 5.527 5.546 5.566 5.585 5.604 5.621 5.628 5.635 5.642 5.649 5.655 5.652 5.622 5.562 5.562 5.532 5.503 5.473 5.443 5.412 5.352 5.291 5.230 5.170 5.124 5.193 5.262 5.317 5.363 5.457 5.457 5.503 5.550 5.596 5.643 5.690 5.736 5.779 5.719 5.660 5.601 5.542 5.482 5.434 5.391 5.348 5.348 5.262 5.219 5.176 5.133 5.103 5.088 5.072
5.134 5.183 5.232 5.281 5.378 5.378 5.427 5.432 5.423 5.415 5.407 5.399 5.409 5.420 5.431 5.442 5.452 5.463 5.474 5.485 5.514 5.514 5.533 5.553 5.572 5.591 5.611 5.630 5.649 5.668 5.680 5.686 5.693 5.700 5.692 5.663 5.603 5.603 5.573 5.543 5.500 5.439 5.378 5.318 5.257 5.197 5.136 5.116 5.185 5.254 5.324 5.376 5.469 5.469 5.516 5.562 5.609 5.655 5.702 5.749 5.749 5.689 5.630 5.571 5.512 5.452 5.394 5.351 5.308 5.308 5.221 5.178 5.135 5.093 5.078 5.062 5.047
5.147 5.184 5.225 5.274 5.372 5.372 5.421 5.429 5.421 5.413 5.413 5.424 5.435 5.445 5.456 5.467 5.478 5.489 5.500 5.511 5.540 5.540 5.559 5.579 5.598 5.617 5.636 5.656 5.675 5.694 5.713 5.731 5.738 5.745 5.733 5.703 5.643 5.643 5.587 5.527 5.466 5.405 5.345 5.284 5.223 5.163 5.102 5.108 5.177 5.246 5.315 5.385 5.482 5.482 5.528 5.575 5.621 5.668 5.715 5.761 5.719 5.659 5.600 5.541 5.482 5.422 5.363 5.310 5.267 5.267 5.181 5.138 5.095 5.068 5.052 5.037 5.021
5.168 5.205 5.242 5.279 5.366 5.366 5.414 5.426 5.418 5.428 5.439 5.450 5.460 5.471 5.482 5.493 5.504 5.515 5.525 5.536 5.566 5.566 5.585 5.604 5.624 5.643 5.662 5.681 5.701 5.720 5.739 5.758 5.778 5.790 5.773 5.735 5.614 5.614 5.553 5.493 5.432 5.371 5.311 5.250 5.189 5.129 5.068 5.100 5.169 5.238 5.307 5.376 5.494 5.494 5.541 5.587 5.634 5.681 5.727 5.748 5.689 5.629 5.570 5.511 5.452 5.392 5.333 5.274 5.226 5.226 5.140 5.097 5.058 5.042 5.027 5.011 4.996
5.189 5.226 5.263 5.300 5.374 5.374 5.411 5.432 5.443 5.454 5.465 5.475 5.486 5.497 5.508 5.519 5.530 5.540 5.551 5.562 5.592 5.591 5.611 5.630 5.649 5.669 5.688 5.707 5.726 5.746 5.765 5.784 5.803 5.812 5.762 5.702 5.580 5.580 5.519 5.459 5.398 5.337 5.277 5.216 5.156 5.095 5.034 5.091 5.161 5.230 5.299 5.368 5.506 5.506 5.553 5.600 5.646 5.693 5.740 5.718 5.659 5.599 5.540 5.481 5.422 5.362 5.303 5.244 5.186 5.186 5.100 5.057 5.032 5.017 5.001 4.986 4.970
5.210 5.247 5.284 5.321 5.395 5.395 5.424 5.447 5.467 5.479 5.490 5.501 5.512 5.523 5.534 5.544 5.555 5.566 5.577 5.588 5.617 5.617 5.637 5.656 5.675 5.694 5.714 5.733 5.752 5.771 5.791 5.806 5.799 5.793 5.739 5.669 5.546 5.546 5.485 5.425 5.364 5.303 5.243 5.182 5.122 5.061 5.014 5.083 5.152 5.222 5.291 5.360 5.499 5.499 5.565 5.612 5.659 5.706 5.747 5.688 5.629 5.569 5.510 5.451 5.392 5.332 5.273 5.214 5.155 5.155 5.059 5.022 5.007 4.991 4.976 4.960 4.945
5.231 5.268 5.305 5.342 5.405 5.405 5.432 5.456 5.476 5.495 5.515 5.527 5.538 5.549 5.559 5.570 5.581 5.592 5.603 5.614 5.643 5.643 5.662 5.682 5.701 5.720 5.739 5.759 5.778 5.797 5.793 5.787 5.780 5.774 5.717 5.647 5.512 5.512 5.452 5.391 5.330 5.270 5.209 5.148 5.088 5.027 5.006 5.075 5.144 5.213 5.283 5.352 5.490 5.490 5.560 5.625 5.671 5.718 5.717 5.658 5.599 5.539 5.480 5.421 5.362 5.302 5.243 5.184 5.125 5.125 5.019 4.996 4.981 4.966 4.950 4.935 4.919
5.252 5.289 5.326 5.359 5.413 5.413 5.440 5.464 5.484 5.504 5.524 5.544 5.563 5.574 5.585 5.596 5.607 5.618 5.629 5.640 5.669 5.669 5.688 5.707 5.727 5.746 5.765 5.784 5.787 5.780 5.774 5.767 5.761 5.754 5.695 5.625 5.487 5.487 5.418 5.357 5.296 5.236 5.175 5.114 5.054 4.993 4.998 5.067 5.136 5.205 5.274 5.344 5.482 5.482 5.551 5.621 5.684 5.730 5.687 5.628 5.569 5.509 5.450 5.391 5.332 5.272 5.213 5.154 5.095 5.095 5.010 4.998 4.986 4.974 4.963 4.951 4.939
5.273 5.310 5.339 5.367 5.421 5.421 5.448 5.473 5.493 5.513 5.532 5.552 5.572 5.592 5.611 5.622 5.633 5.644 5.654 5.665 5.695 5.695 5.714 5.733 5.752 5.772 5.781 5.774 5.768 5.761 5.755 5.748 5.742 5.735 5.673 5.603 5.464 5.465 5.395 5.326 5.262 5.202 5.141 5.081 5.020 4.959 4.990 5.059 5.128 5.197 5.266 5.336 5.474 5.474 5.543 5.613 5.682 5.716 5.660 5.609 5.558 5.508 5.457 5.406 5.355 5.304 5.254 5.203 5.152 5.152 5.102 5.102 5.090 5.078 5.066 5.054 5.042
5.293 5.320 5.348 5.375 5.429 5.429 5.456 5.482 5.501 5.521 5.541 5.561 5.580 5.600 5.620 5.640 5.659 5.669 5.680 5.691 5.721 5.721 5.740 5.759 5.775 5.768 5.761 5.755 5.748 5.742 5.735 5.729 5.722 5.716 5.650 5.581 5.442 5.442 5.373 5.304 5.234 5.168 5.107 5.047 4.986 4.925 4.981 5.051 5.120 5.189 5.258 5.328 5.466 5.466 5.536 5.608 5.680 5.737 5.717 5.666 5.615 5.565 5.514 5.463 5.412 5.362 5.311 5.260 5.209 5.209 5.192 5.204 5.193 5.181 5.170 5.158 5.146
5.301 5.328 5.356 5.383 5.437 5.437 5.464 5.490 5.510 5.530 5.549 5.569 5.589 5.609 5.629 5.648 5.668 5.688 5.706 5.717 5.746 5.746 5.766 5.762 5.755 5.749 5.742 5.735 5.729 5.722 5.716 5.709 5.703 5.696 5.628 5.559 5.420 5.420 5.351 5.282 5.212 5.143 5.074 5.013 4.952 4.904 4.973 5.043 5.112 5.181 5.250 5.321 5.465 5.465 5.537 5.609 5.681 5.730 5.774 5.723 5.672 5.622 5.571 5.520 5.469 5.419 5.368 5.317 5.267 5.267 5.282 5.293 5.297 5.285 5.273 5.261 5.249
5.309 5.337 5.364 5.391 5.445 5.445 5.472 5.499 5.519 5.538 5.558 5.578 5.598 5.617 5.637 5.657 5.677 5.696 5.716 5.736 5.756 5.756 5.749 5.743 5.736 5.729 5.723 5.716 5.710 5.703 5.697 5.690 5.684 5.675 5.606 5.537 5.398 5.398 5.329 5.260 5.190 5.121 5.052 4.982 4.918 4.896 4.965 5.034 5.106 5.178 5.250 5.322 5.466 5.466 5.538 5.610 5.674 5.722 5.769 5.780 5.730 5.679 5.628 5.577 5.526 5.476 5.425 5.374 5.349 5.349 5.372 5.383 5.395 5.389 5.377 5.365 5.353
5.317 5.345 5.372 5.399 5.453 5.453 5.480 5.507 5.527 5.547 5.567 5.586 5.606 5.626 5.646 5.666 5.685 5.705 5.725 5.744 5.743 5.742 5.730 5.723 5.717 5.710 5.703 5.697 5.690 5.684 5.677 5.671 5.664 5.653 5.584 5.515 5.376 5.376 5.307 5.238 5.168 5.099 5.030 4.960 4.891 4.891 4.963 5.035 5.107 5.179 5.251 5.323 5.467 5.467 5.539 5.611 5.667 5.714 5.762 5.809 5.787 5.736 5.685 5.634 5.583 5.533 5.482 5.431 5.439 5.439 5.462 5.473 5.485 5.492 5.480 5.468 5.457
5.318 5.345 5.372 5.399 5.454 5.454 5.481 5.507 5.527 5.547 5.567 5.587 5.607 5.626 5.646 5.666 5.686 5.705 5.725 5.744 5.743 5.743 5.730 5.724 5.717 5.710 5.704 5.697 5.691 5.684 5.678 5.671 5.665 5.653 5.584 5.515 5.376 5.376 5.307 5.238 5.169 5.100 5.030 4.961 4.891 4.891 4.963 5.035 5.107 5.179 5.251 5.324 5.468 5.468 5.540 5.612 5.667 5.715 5.762 5.810 5.787 5.736 5.685 5.635 5.584 5.533 5.482 5.432 5.439 5.439 5.462 5.474 5.485 5.493 5.481 5.469 5.457
5.326 5.353 5.380 5.407 5.462 5.462 5.489 5.516 5.536 5.556 5.576 5.595 5.615 5.635 5.655 5.675 5.694 5.714 5.730 5.743 5.742 5.742 5.725 5.707 5.698 5.691 5.684 5.678 5.671 5.665 5.658 5.652 5.645 5.631 5.562 5.493 5.354 5.354 5.285 5.216 5.147 5.078 5.008 4.960 4.927 4.928 4.965 5.036 5.108 5.181 5.253 5.325 5.469 5.469 5.541 5.612 5.660 5.707 5.755 5.802 5.844 5.793 5.742 5.692 5.641 5.590 5.540 5.518 5.529 5.529 5.552 5.564 5.575 5.587 5.584 5.573 5.561
