includes/zone_restreinte/mnt.asc
ncols        250
nrows        175
xllcorner    368987.146666680000
yllcorner    6545012.565555600400
cellsize     20.000000000000
NODATA_value  -9999
[rows 42 to 62 of 175, columns 144 to 191 of 250]
3.9800000190734863 3.0699999332427979 3.7000000476837158 4.7800002098083496 1.8400000333786011 0.79000002145767212 0.62999999523162842 0.5899999737739563 0.51999998092651367 0.34000000357627869 0.25 0.15999999642372131 0.28999999165534973 0.11999999731779099 0.25 -0 0.11999999731779099 0.10000000149011612 -0 -0 0.05000000074505806 -0 -0 -0 -0 -0 -0 -0 -0 -0 -0 -0 -0 -0 -0 -0 -0 -0 -0 -0 -0 -0 -0 -0 -0 -0 -0 -0
3.190000057220459 3.7100000381469727 3.4100000858306885 4.380000114440918 3.0499999523162842 1.3999999761581421 0.6600000262260437 0.6600000262260437 0.52999997138977051 0.36000001430511475 0.28999999165534973 0.14000000059604645 0.25 0.17000000178813934 0.15999999642372131 0.12999999523162842 0.05000000074505806 0.2199999988079071 0.029999999329447746 -0 -0 -0 -0 -0 -0 -0 -0 -0 -0 -0 -0 -0 -0 -0 -0 -0 -0 -0 -0 -0 -0 -0 -0 -0 -0 -0 -0 -0
3.309999942779541 3.690000057220459 3.690000057220459 3.630000114440918 4.9200000762939453 2.4200000762939453 0.86000001430511475 0.57999998331069946 0.43999999761581421 0.52999997138977051 0.47999998927116394 0.20999999344348907 0.15999999642372131 0.11999999731779099 0.10000000149011612 0.059999998658895493 0.10999999940395355 -0 0.05000000074505806 -0 0.059999998658895493 -0 -0 -0 -0 -0 -0 -0 -0 -0 -0 -0 -0 -0 -0 -0 -0 -0 -0 -0 -0 -0 -0 -0 -0 -0 -0 -0
3.0999999046325684 3.3399999141693115 3.5799999237060547 3.9600000381469727 4.1999998092651367 4.320000171661377 1.7699999809265137 0.76999998092651367 0.57999998331069946 0.43000000715255737 0.38999998569488525 0.37999999523162842 0.18000000715255737 0.11999999731779099 0.30000001192092896 0.12999999523162842 0.10000000149011612 -0 0.019999999552965164 0.05000000074505806 0.029999999329447746 0 -0 -0 -0 -0 -0 -0 -0 -0 -0 -0 -0 -0 -0 -0 -0 -0 -0 -0 -0 -0 -0 -0 -0 -0 -0 -0
2.7200000286102295 2.7400000095367432 3.0299999713897705 3.2699999809265137 3.7699999809265137 4.5300002098083496 3.0799999237060547 1.3200000524520874 0.69999998807907104 0.56999999284744263 0.50999999046325684 0.41999998688697815 0.2800000011920929 0.2800000011920929 0.12999999523162842 0.15000000596046448 0.15999999642372131 0.070000000298023224 0.11999999731779099 -0 -0 -0 -0 -0 -0 -0 -0 -0 -0 -0 -0 -0 -0 -0 -0 -0 -0 -0 -0 -0 -0 -0 -0 -0 -0 -0 -0 -0
2.4200000762939453 2.1500000953674316 2.7699999809265137 2.7300000190734863 3.0199999809265137 3.940000057220459 5.2300000190734863 2.369999885559082 0.81000000238418579 0.52999997138977051 0.43000000715255737 0.50999999046325684 0.40000000596046448 0.27000001072883606 0.20000000298023224 0.15999999642372131 0.090000003576278687 0.029999999329447746 0.15000000596046448 0.10000000149011612 0.029999999329447746 -0 -0 -0 -0 0 -0 -0 -0 -0 -0 -0 -0 -0 -0 -0 -0 -0 -0 -0 -0 -0 -0 -0 -0 -0 -0 -0
2.6400001049041748 2.7799999713897705 2.6700000762939453 2.7699999809265137 3.0999999046325684 3.0299999713897705 4.5100002288818359 4.320000171661377 1.9099999666213989 0.62999999523162842 0.5899999737739563 0.5 0.50999999046325684 0.25 0.33000001311302185 0.15000000596046448 0.2199999988079071 0.10999999940395355 0.12999999523162842 0.070000000298023224 -0 0.079999998211860657 0.17000000178813934 0.029999999329447746 0.05000000074505806 0.029999999329447746 -0 -0 -0 -0 -0 -0 -0 -0 -0 -0 -0 -0 -0 -0 -0 -0 -0 -0 -0 -0 -0 -0
2.869999885559082 2.3399999141693115 2.3299999237060547 2.5899999141693115 3.2999999523162842 2.5199999809265137 3.5199999809265137 4.929999828338623 3.1700000762939453 1.3999999761581421 0.70999997854232788 0.55000001192092896 0.4699999988079071 0.34000000357627869 0.23000000417232513 0.20999999344348907 0.20999999344348907 0.17000000178813934 0.18000000715255737 0.090000003576278687 -0 -0 0.029999999329447746 0.070000000298023224 -0 -0 -0 -0 -0 -0 -0 -0 -0 -0 -0 -0 -0 -0 -0 -0 -0 -0 -0 -0 -0 -0 -0 -0
2.1600000858306885 2.3599998950958252 2.4500000476837158 2.5299999713897705 2.6600000858306885 3.0799999237060547 2.8599998950958252 4.070000171661377 5.25 2.630000114440918 1.1000000238418579 0.67000001668930054 0.55000001192092896 0.49000000953674316 0.37999999523162842 0.28999999165534973 0.25 0.15000000596046448 0.20999999344348907 0.019999999552965164 0.019999999552965164 0 0.029999999329447746 0.05000000074505806 0.12999999523162842 0.0099999997764825821 -0 -0 -0 -0 -0 -0 -0 -0 -0 -0 -0 -0 -0 -0 -0 -0 -0 -0 -0 -0 -0 -0
2.2999999523162842 2.2699999809265137 2.2799999713897705 2.4500000476837158 2.5999999046325684 2.7400000095367432 3.4100000858306885 3.9000000953674316 4.6100001335144043 5.2600002288818359 2.0999999046325684 0.76999998092651367 0.49000000953674316 0.55000001192092896 0.37999999523162842 0.38999998569488525 0.2800000011920929 0.34000000357627869 0.12999999523162842 0.12999999523162842 0.17000000178813934 0.14000000059604645 0.029999999329447746 0.05000000074505806 -0 -0 -0 -0 -0 -0 -0 -0 -0 -0 -0 -0 -0 -0 -0 -0 -0 -0 -0 -0 -0 -0 -0 -0
2.2300000190734863 2.2999999523162842 2.190000057220459 2.2799999713897705 2.5099999904632568 2.6600000858306885 2.7899999618530273 3.380000114440918 3.9300000667572021 4.869999885559082 3.8900001049041748 1.7999999523162842 0.70999997854232788 0.61000001430511475 0.40999999642372131 0.47999998927116394 0.37000000476837158 0.15000000596046448 0.15999999642372131 0.12999999523162842 0.23000000417232513 0.14000000059604645 0.15999999642372131 0.10000000149011612 0.090000003576278687 0.070000000298023224 -0 -0 -0 -0 -0 -0 -0 -0 -0 -0 -0 -0 -0 -0 -0 -0 -0 -0 -0 -0 -0 -0
2.0999999046325684 2.5899999141693115 2.4100000858306885 2.7200000286102295 2.3499999046325684 2.4100000858306885 2.7200000286102295 3.0299999713897705 3.5399999618530273 4.0300002098083496 5.0300002098083496 3.0899999141693115 1.5299999713897705 0.74000000953674316 0.57999998331069946 0.49000000953674316 0.40999999642372131 0.27000001072883606 0.2199999988079071 0.2800000011920929 0.10000000149011612 0.019999999552965164 0.05000000074505806 0.090000003576278687 0.019999999552965164 -0 -0 -0 -0 -0 -0 -0 -0 -0 -0 -0 -0 -0 -0 -0 -0 -0 -0 -0 -0 -0 -0 -0
1.8500000238418579 3.0199999809265137 2.559999942779541 3.440000057220459 2.4000000953674316 2.619999885559082 2.559999942779541 2.2400000095367432 2.7100000381469727 3.6400001049041748 4.0100002288818359 5.2300000190734863 2.7699999809265137 1.2200000286102295 0.62999999523162842 0.61000001430511475 0.50999999046325684 0.30000001192092896 0.28999999165534973 0.23000000417232513 0.15999999642372131 0.27000001072883606 0.15000000596046448 0.23000000417232513 0.039999999105930328 0 0.090000003576278687 -0 -0 -0 -0 -0 -0 -0 -0 -0 -0 -0 -0 -0 -0 -0 -0 -0 -0 -0 -0 -0
2.119999885559082 2.6099998950958252 2.619999885559082 2.380000114440918 2.5499999523162842 2.619999885559082 2.5199999809265137 3.119999885559082 2.9900000095367432 3.1800000667572021 3.7699999809265137 4.5900001525878906 5.2800002098083496 2.2799999713897705 0.87999999523162842 0.57999998331069946 0.38999998569488525 0.38999998569488525 0.40000000596046448 0.17000000178813934 0.25999999046325684 0.079999998211860657 0.12999999523162842 0.05000000074505806 0.15999999642372131 -0 -0 -0 -0 -0 -0 -0 -0 -0 -0 -0 -0 -0 -0 -0 -0 -0 -0 -0 -0 -0 -0 -0
1.8500000238418579 2.3900001049041748 2.1600000858306885 2.3299999237060547 2.4600000381469727 2.5799999237060547 2.4100000858306885 2.5999999046325684 2.5799999237060547 3.6099998950958252 3.190000057220459 3.6099998950958252 4.9099998474121094 4.190000057220459 1.9600000381469727 0.80000001192092896 0.55000001192092896 0.46000000834465027 0.37000000476837158 0.25 0.31000000238418579 0.17000000178813934 0.15000000596046448 0.15000000596046448 0.059999998658895493 0.14000000059604645 0.029999999329447746 0.05000000074505806 -0 -0 -0 -0 -0 -0 -0 -0 -0 -0 -0 -0 -0 -0 -0 -0 -0 -0 -0 -0
2.0899999141693115 2 2.059999942779541 2.119999885559082 2.2300000190734863 2.3199999332427979 2.1600000858306885 2.119999885559082 2.2300000190734863 2.2999999523162842 3.5499999523162842 3.809999942779541 3.8499999046325684 4.9099998474121094 3.3499999046325684 1.6699999570846558 0.67000001668930054 0.50999999046325684 0.38999998569488525 0.25999999046325684 0.31000000238418579 0.30000001192092896 0.27000001072883606 0.20999999344348907 0.31000000238418579 0.15000000596046448 0.019999999552965164 0.039999999105930328 -0 -0 0.039999999105930328 -0 0.05000000074505806 -0 -0 -0 -0 -0 -0 -0 -0 -0 -0 -0 -0 -0 -0 -0
2.1700000762939453 2.0899999141693115 2.0699999332427979 2.0099999904632568 2.2100000381469727 2.0199999809265137 2.1099998950958252 2.059999942779541 2.0999999046325684 2.130000114440918 2.0899999141693115 3.440000057220459 3.6800000667572021 3.9600000381469727 4.9099998474121094 2.9000000953674316 1.3899999856948853 0.60000002384185791 0.4699999988079071 0.40000000596046448 0.2800000011920929 0.37000000476837158 0.25 0.14000000059604645 0.27000001072883606 0.2800000011920929 0.10000000149011612 0.019999999552965164 0.12999999523162842 0.05000000074505806 0.059999998658895493 -0 -0 -0 -0 -0 -0 -0 -0 -0 -0 -0 -0 -0 -0 -0 -0 -0
2.0499999523162842 2.1400001049041748 2.1400001049041748 2.059999942779541 2.2599999904632568 2.2599999904632568 2.1099998950958252 1.9600000381469727 2.0299999713897705 2.7799999713897705 2.6099998950958252 2.1800000667572021 3.0799999237060547 3.4000000953674316 4.1599998474121094 5.320000171661377 2.7200000286102295 1.1799999475479126 0.68000000715255737 0.43000000715255737 0.50999999046325684 0.28999999165534973 0.31999999284744263 0.30000001192092896 0.18999999761581421 0.25 0.18000000715255737 -0 0.12999999523162842 0.20000000298023224 0.079999998211860657 0.10000000149011612 -0 -0 -0 -0 -0 -0 -0 -0 -0 -0 -0 -0 -0 -0 -0 -0
1.7300000190734863 1.7400000095367432 1.6499999761581421 1.9500000476837158 2.0999999046325684 2.7300000190734863 2.5299999713897705 2.119999885559082 1.9299999475479126 2.4800000190734863 2.0399999618530273 2.0099999904632568 2.6700000762939453 2.2899999618530273 3.4100000858306885 4.4899997711181641 5.3499999046325684 2.3900001049041748 0.97000002861022949 0.57999998331069946 0.5 0.47999998927116394 0.5 0.31999999284744263 0.25 0.10000000149011612 0.10999999940395355 0.17000000178813934 0.15999999642372131 0.17000000178813934 0.019999999552965164 0.019999999552965164 0.12999999523162842 -0 -0 -0 -0 -0 -0 -0 -0 -0 -0 -0 -0 -0 -0 -0
2.059999942779541 3.1500000953674316 1.6100000143051147 1.5900000333786011 2.2999999523162842 2.5099999904632568 2.1700000762939453 2.190000057220459 1.9500000476837158 1.9099999666213989 1.9900000095367432 2.059999942779541 2.130000114440918 1.9500000476837158 2.4000000953674316 3.4200000762939453 5.0300002098083496 5.119999885559082 2.2300000190734863 0.87000000476837158 0.56000000238418579 0.47999998927116394 0.2800000011920929 0.30000001192092896 0.31000000238418579 0.15999999642372131 0.070000000298023224 0.039999999105930328 0.23000000417232513 0.0099999997764825821 0.11999999731779099 0.039999999105930328 0.029999999329447746 -0 -0 -0 -0 -0 -0 -0 -0 -0 -0 -0 -0 -0 -0 -0
1.8200000524520874 3.2699999809265137 3.119999885559082 1.75 2.1800000667572021 2.7100000381469727 2.5399999618530273 2.2999999523162842 2.1800000667572021 2.130000114440918 2.0299999713897705 2.1099998950958252 2.1400001049041748 1.75 1.7899999618530273 2.940000057220459 3.1600000858306885 5 4.0500001907348633 1.940000057220459 0.79000002145767212 0.55000001192092896 0.56000000238418579 0.28999999165534973 0.31999999284744263 0.2199999988079071 0.28999999165534973 0.10000000149011612 -0 0.20999999344348907 0.070000000298023224 0.079999998211860657 0 -0 -0 0.070000000298023224 -0 -0 -0 -0 -0 -0 -0 -0 -0 -0 -0 -0
