includes/zone_restreinte/mnt.asc
ncols        250
nrows        175
xllcorner    368987.146666680000
yllcorner    6545012.565555600400
cellsize     20.000000000000
NODATA_value  -9999
[rows 84 to 104 of 175, columns 48 to 95 of 250]
3.2799999713897705 2.5399999618530273 2.8199999332427979 2.9700000286102295 2.9500000476837158 3.1500000953674316 3.130000114440918 2.6800000667572021 3.8900001049041748 3.2300000190734863 2.6500000953674316 1.9600000381469727 2.0099999904632568 3.25 2.0099999904632568 1.9199999570846558 2.4600000381469727 2.4000000953674316 2.6400001049041748 2.7000000476837158 2.6700000762939453 2.9300000667572021 3.0099999904632568 2.25 3.4200000762939453 3.309999942779541 3.5799999237060547 1.9700000286102295 2.2899999618530273 2.0699999332427979 2.940000057220459 3.690000057220459 1.5099999904632568 2.5799999237060547 2.2200000286102295 3.6099998950958252 2.9100000858306885 2.5199999809265137 2.619999885559082 2.7699999809265137 2.559999942779541 2.5899999141693115 3.3299999237060547 2.9000000953674316 2.6800000667572021 2.690000057220459 2.4900000095367432 4.0500001907348633
3.309999942779541 3.130000114440918 3.25 2.9300000667572021 2.6800000667572021 3.0799999237060547 2.9300000667572021 3 3.4600000381469727 3.0799999237060547 2.0899999141693115 2.4000000953674316 2 2.3299999237060547 3.059999942779541 2.1099998950958252 2.0099999904632568 3.0699999332427979 2.2999999523162842 2.5199999809265137 2.7899999618530273 2.1600000858306885 2.119999885559082 2.0499999523162842 2.6800000667572021 2.7400000095367432 2.8399999141693115 2.2300000190734863 2.0199999809265137 2.9800000190734863 2.869999885559082 2.369999885559082 3.0899999141693115 2.5099999904632568 2.4800000190734863 3.7300000190734863 3.4200000762939453 3.190000057220459 3.2799999713897705 2.4500000476837158 2.6700000762939453 2.9900000095367432 2.7200000286102295 2.4500000476837158 2.5399999618530273 3.0999999046325684 3.2400000095367432 2.869999885559082
3.1500000953674316 3.1600000858306885 3.5199999809265137 3.5 3.2400000095367432 3.3900001049041748 2.8900001049041748 3.1700000762939453 3.4000000953674316 3.369999885559082 2.130000114440918 2.809999942779541 2.0799999237060547 2.059999942779541 2.7599999904632568 2.3299999237060547 2.119999885559082 1.9900000095367432 3.059999942779541 2.3399999141693115 2.5699999332427979 2.8299999237060547 2.1700000762939453 2.3199999332427979 1.8600000143051147 2.1500000953674316 2.2200000286102295 2.1500000953674316 2.3399999141693115 2.4000000953674316 2.5499999523162842 2.3900001049041748 2.9500000476837158 2.4000000953674316 2.4900000095367432 3.0499999523162842 3.1500000953674316 3.3499999046325684 2.630000114440918 1.940000057220459 3.7000000476837158 2.8499999046325684 3.0899999141693115 3.1500000953674316 3.5299999713897705 2.0699999332427979 2.8299999237060547 2.4500000476837158
3.0999999046325684 3.2200000286102295 3.4900000095367432 3.369999885559082 3.4000000953674316 3.1800000667572021 3.2799999713897705 3.1500000953674316 3.2699999809265137 3.4500000476837158 3.880000114440918 2.2400000095367432 2.7899999618530273 2.0099999904632568 2.119999885559082 3.1099998950958252 1.9600000381469727 1.8999999761581421 1.9299999475479126 2.8599998950958252 2.2999999523162842 2.7400000095367432 2.7799999713897705 2.0799999237060547 3.0399999618530273 1.7799999713897705 2.2400000095367432 2.5199999809265137 2.5899999141693115 2.440000057220459 2.7000000476837158 2.6600000858306885 2.7899999618530273 2.5 2.6400001049041748 3.0699999332427979 3.059999942779541 2.880000114440918 2.3499999046325684 2.5799999237060547 2.9900000095367432 2.7200000286102295 1.6000000238418579 2.2100000381469727 2.5899999141693115 2.440000057220459 2.559999942779541 3.9300000667572021
2.5799999237060547 2.7599999904632568 3.059999942779541 3.3900001049041748 3.4100000858306885 3.25 3.2200000286102295 3.1500000953674316 3.6099998950958252 3.7300000190734863 3.9500000476837158 3.7999999523162842 2.9200000762939453 3.2400000095367432 2.0199999809265137 2.0399999618530273 3.4000000953674316 1.809999942779541 1.9700000286102295 2.0099999904632568 3.0299999713897705 2.3599998950958252 2.8900001049041748 2.5699999332427979 2.1500000953674316 2.9100000858306885 1.7999999523162842 3 3.4900000095367432 2.5399999618530273 2.4200000762939453 3.4200000762939453 3.4300000667572021 3.2799999713897705 2.4700000286102295 2.2999999523162842 2.8900001049041748 2.9300000667572021 2.6800000667572021 2.75 1.9199999570846558 3.4300000667572021 2.7400000095367432 1.8999999761581421 2.2599999904632568 3.0799999237060547 4.0399999618530273 3.1600000858306885
2.059999942779541 2.2000000476837158 2.2599999904632568 2.0399999618530273 2.9200000762939453 2.8499999046325684 1.9800000190734863 2.619999885559082 3.5699999332427979 3.6500000953674316 3.4300000667572021 3.5399999618530273 3.690000057220459 2.190000057220459 3.130000114440918 1.9600000381469727 2.0099999904632568 4.1999998092651367 1.8999999761581421 1.8700000047683716 2.5 2.7300000190734863 2.309999942779541 2.9200000762939453 2.1800000667572021 2.1500000953674316 2.7799999713897705 3.4200000762939453 2.7899999618530273 2.3299999237060547 2.3399999141693115 2.1099998950958252 2.2200000286102295 2.1600000858306885 2.4000000953674316 3.0199999809265137 2.2699999809265137 2.6800000667572021 3.0299999713897705 1.7200000286102295 1.8899999856948853 2.380000114440918 3.2200000286102295 2.4500000476837158 3.059999942779541 2.059999942779541 2.4200000762939453 3.0499999523162842
2.619999885559082 3.3299999237060547 3.0999999046325684 2.1500000953674316 2.2100000381469727 2.0699999332427979 2 2.2899999618530273 1.8999999761581421 4.130000114440918 3.869999885559082 3.8599998950958252 3.7200000286102295 4.130000114440918 2.2599999904632568 3.1400001049041748 2.1400001049041748 2.0399999618530273 4.4600000381469727 1.8500000238418579 1.9199999570846558 3.1600000858306885 2.5499999523162842 2.3499999046325684 2.8299999237060547 2.2899999618530273 3.5699999332427979 2.380000114440918 2.369999885559082 2.3499999046325684 3.7300000190734863 3.4800000190734863 2.309999942779541 2.2000000476837158 2.1800000667572021 2.3399999141693115 2.9800000190734863 2.559999942779541 2.0799999237060547 1.809999942779541 3.440000057220459 3.3299999237060547 2.2200000286102295 3.3499999046325684 2.7300000190734863 2.8900001049041748 2.1700000762939453 1.940000057220459
2.3599998950958252 4.7199997901916504 2.4500000476837158 3.2899999618530273 3.3399999141693115 2.690000057220459 2.4000000953674316 2.130000114440918 2.440000057220459 1.7799999713897705 3.7000000476837158 4.179999828338623 3.75 3.380000114440918 4.190000057220459 2.4100000858306885 3.0299999713897705 1.9700000286102295 2.130000114440918 4.3400001525878906 1.8300000429153442 1.8999999761581421 3.3299999237060547 2.4800000190734863 2.2799999713897705 2.4500000476837158 2.3900001049041748 2.9200000762939453 2.2999999523162842 2.9300000667572021 2.5199999809265137 2.4500000476837158 2.4000000953674316 2.940000057220459 4.869999885559082 3.6099998950958252 2.3499999046325684 2.7999999523162842 1.7400000095367432 2.5499999523162842 2.4900000095367432 2.5099999904632568 2.1700000762939453 2.5399999618530273 2.1500000953674316 2.5 1.9800000190734863 3.5099999904632568
4.8299999237060547 2.7400000095367432 2.559999942779541 2.8499999046325684 2.7100000381469727 2.9500000476837158 3.4300000667572021 2.75 2.1600000858306885 2.0999999046325684 1.8600000143051147 2.6500000953674316 4.059999942779541 3.5 3.5499999523162842 4.320000171661377 2.0899999141693115 2.8900001049041748 2 2.0099999904632568 3.8499999046325684 1.809999942779541 2.0699999332427979 3.630000114440918 2.9800000190734863 3.2200000286102295 3.2100000381469727 2.2699999809265137 2.2899999618530273 6.0999999046325684 3.6500000953674316 2.7999999523162842 2.559999942779541 2.5299999713897705 2.4700000286102295 2.5099999904632568 3.0699999332427979 1.8500000238418579 1.7100000381469727 3.369999885559082 3.6400001049041748 2.1800000667572021 2.9300000667572021 2.190000057220459 2.8199999332427979 2.4200000762939453 3 1.8300000429153442
2.8599998950958252 2.7300000190734863 2.8499999046325684 2.7599999904632568 2.880000114440918 3.1500000953674316 2.9100000858306885 3.7000000476837158 2.6600000858306885 2 1.9700000286102295 2.2100000381469727 1.8999999761581421 4.3499999046325684 4.0900001525878906 4.0199999809265137 4.4899997711181641 2.190000057220459 2.7899999618530273 2 1.9500000476837158 3.5 2.119999885559082 3.119999885559082 3.1400001049041748 2.4500000476837158 2.4700000286102295 2.1700000762939453 3.8299999237060547 2.7400000095367432 2.7200000286102295 2.619999885559082 2.5899999141693115 3.8399999141693115 2.9900000095367432 2.559999942779541 2.880000114440918 1.6699999570846558 2.8900001049041748 2.5099999904632568 2.4600000381469727 2.309999942779541 2.440000057220459 2.8599998950958252 1.9800000190734863 3.0099999904632568 2.7300000190734863 3.2000000476837158
2.3399999141693115 2.559999942779541 2.7999999523162842 3.0199999809265137 3.2300000190734863 3.130000114440918 3.2100000381469727 3 3.1500000953674316 3.1099998950958252 2.2100000381469727 1.9600000381469727 1.9900000095367432 1.7899999618530273 4.3299999237060547 4 3.8599998950958252 4.0100002288818359 2.2100000381469727 2.059999942779541 2.0699999332427979 2 3.0799999237060547 2.9100000858306885 3.6400001049041748 3.2999999523162842 2.2599999904632568 2.1800000667572021 3.3199999332427979 3.4300000667572021 2.619999885559082 3.0099999904632568 2.619999885559082 3.2200000286102295 2.3399999141693115 3.0099999904632568 1.6100000143051147 1.7300000190734863 2.7599999904632568 4.3899998664855957 2.0499999523162842 2.9000000953674316 2.3299999237060547 2.75 2.630000114440918 2.4600000381469727 3.5799999237060547 2.7599999904632568
2.7899999618530273 2.8199999332427979 3.0199999809265137 3.3199999332427979 3.1099998950958252 3 3.3399999141693115 2.940000057220459 3.0099999904632568 3.1600000858306885 4.2899999618530273 2.4300000667572021 1.9099999666213989 2.5199999809265137 1.809999942779541 4.5199999809265137 3.4600000381469727 3.4700000286102295 4.0199999809265137 2.0499999523162842 2.0699999332427979 1.9700000286102295 2.630000114440918 2.7000000476837158 2.5399999618530273 2.2799999713897705 2.2400000095367432 3.3299999237060547 2.0199999809265137 2.8199999332427979 3.1099998950958252 3.4600000381469727 3.0499999523162842 3.1600000858306885 2.4800000190734863 2.2000000476837158 1.6699999570846558 3.130000114440918 2.7599999904632568 2.1800000667572021 2.0699999332427979 2.2599999904632568 2.6800000667572021 3.7400000095367432 2.6700000762939453 3.7799999713897705 2.9900000095367432 3.5699999332427979
2.8900001049041748 3.2000000476837158 3.2799999713897705 3.0799999237060547 3.309999942779541 3.2599999904632568 2.869999885559082 3.0899999141693115 2.9300000667572021 3.0999999046325684 3.2999999523162842 4.690000057220459 2.4100000858306885 2.0199999809265137 2.3900001049041748 2.0299999713897705 2.9700000286102295 3.1800000667572021 3.4600000381469727 3.3399999141693115 2.5999999046325684 2.2799999713897705 2.7799999713897705 2.880000114440918 3.1400001049041748 2.2200000286102295 2.3900001049041748 2.0499999523162842 2.0799999237060547 2.0199999809265137 2.1500000953674316 2.0999999046325684 2.869999885559082 2.7400000095367432 2.7100000381469727 3.380000114440918 2.9100000858306885 2.6700000762939453 4.3299999237060547 2.0899999141693115 2.7400000095367432 1.8700000047683716 3.2300000190734863 2.0899999141693115 2.059999942779541 2.6600000858306885 3.0999999046325684 2.940000057220459
3.3900001049041748 3.3499999046325684 3.0899999141693115 3.130000114440918 3.0899999141693115 3.1099998950958252 3.130000114440918 3.0999999046325684 2.9800000190734863 2.9900000095367432 3.0699999332427979 4.3000001907348633 3.8900001049041748 2.3499999046325684 2.1099998950958252 2.7899999618530273 2.7000000476837158 2.2200000286102295 3.5 2.2799999713897705 2.1800000667572021 2.6700000762939453 2.8599998950958252 3.5499999523162842 2.3499999046325684 2.2599999904632568 2.5299999713897705 1.9800000190734863 4.179999828338623 2.9500000476837158 1.9500000476837158 2.0099999904632568 2.0099999904632568 2.7400000095367432 1.9900000095367432 1.9800000190734863 2.0499999523162842 2.0999999046325684 2.5299999713897705 2.3299999237060547 3.0099999904632568 2.9000000953674316 2.8499999046325684 2.190000057220459 2.2000000476837158 2.25 2.9200000762939453 2.9300000667572021
2.8399999141693115 2.9300000667572021 2.9000000953674316 3.0399999618530273 3.0499999523162842 3.0899999141693115 3.1700000762939453 3.1700000762939453 2.9900000095367432 3.3399999141693115 3.0799999237060547 3.130000114440918 3.2999999523162842 2.5099999904632568 2.2599999904632568 3.0799999237060547 2.1600000858306885 2.5499999523162842 3.1500000953674316 2.130000114440918 2.2400000095367432 2.5499999523162842 3.7100000381469727 2.8199999332427979 2.9000000953674316 2.2999999523162842 2.1800000667572021 3.7300000190734863 1.8600000143051147 1.9500000476837158 2.8499999046325684 4.7600002288818359 3.1700000762939453 2.7699999809265137 2.7699999809265137 2.3199999332427979 2.2699999809265137 2.0899999141693115 2.0399999618530273 2.5299999713897705 2.1500000953674316 2.0499999523162842 2.5999999046325684 3.0199999809265137 3.0999999046325684 2.9300000667572021 2.25 3.9500000476837158
2.9600000381469727 2.9300000667572021 2.7899999618530273 3.0299999713897705 2.9700000286102295 3.0899999141693115 3.2000000476837158 3.1700000762939453 3.2699999809265137 3.25 3.4700000286102295 2.9000000953674316 3.0299999713897705 2.3299999237060547 2.1700000762939453 2.8399999141693115 2.7599999904632568 2.9700000286102295 3.0099999904632568 3.1099998950958252 2.9600000381469727 3.130000114440918 3.8499999046325684 4.369999885559082 3.9200000762939453 3.3900001049041748 3.8399999141693115 2.3399999141693115 2.3599998950958252 2.7799999713897705 2.9300000667572021 1.9099999666213989 2.2599999904632568 3.1600000858306885 2.2100000381469727 2.2999999523162842 2.4200000762939453 2.369999885559082 2.5199999809265137 2 2.0499999523162842 2.1700000762939453 2.0299999713897705 2.0399999618530273 2.0499999523162842 2.0999999046325684 3.7799999713897705 2.2999999523162842
3.2000000476837158 2.8599998950958252 2.8900001049041748 2.9700000286102295 2.9900000095367432 3.1600000858306885 3.2699999809265137 3.2000000476837158 3.0799999237060547 3.2000000476837158 3.0799999237060547 3.059999942779541 3.8299999237060547 2.1500000953674316 2.7799999713897705 2.9800000190734863 2.5899999141693115 2.9900000095367432 2.9600000381469727 2.190000057220459 2.8399999141693115 3.0799999237060547 3.7000000476837158 3.5399999618530273 3.9500000476837158 4.0799999237060547 3.7000000476837158 4.0399999618530273 2.5699999332427979 2.4300000667572021 2.3499999046325684 2.380000114440918 2.75 2.9900000095367432 2.2300000190734863 2.2400000095367432 2.2300000190734863 2.2699999809265137 2.2599999904632568 2.2000000476837158 2.3299999237060547 4.0900001525878906 4.2899999618530273 3.559999942779541 2.4900000095367432 3.2000000476837158 2.25 2.2699999809265137
3.0799999237060547 3.2200000286102295 2.7999999523162842 2.9700000286102295 2.880000114440918 3.1400001049041748 3.1099998950958252 3.1700000762939453 3.1500000953674316 2.940000057220459 3.309999942779541 3.1800000667572021 3.9900000095367432 2.119999885559082 2.2999999523162842 2.2000000476837158 2.1800000667572021 2.1500000953674316 2.2799999713897705 2.3599998950958252 3.1500000953674316 3.059999942779541 3.7300000190734863 4.2399997711181641 4.1100001335144043 4.320000171661377 4.429999828338623 4.179999828338623 3.9100000858306885 4.5500001907348633 2.630000114440918 2.880000114440918 2.4200000762939453 2.3499999046325684 3.619999885559082 4.5 3.2899999618530273 2.7200000286102295 2.4200000762939453 2.2300000190734863 2.3900001049041748 2.380000114440918 2.3199999332427979 2.2300000190734863 2.4200000762939453 2.3900001049041748 3.4700000286102295 3.1700000762939453
2.0699999332427979 2.4900000095367432 3.0299999713897705 2.880000114440918 2.9800000190734863 2.809999942779541 2.7599999904632568 3.0699999332427979 2.9700000286102295 3.1400001049041748 3.2799999713897705 3.309999942779541 3.940000057220459 2.119999885559082 3.2699999809265137 2.369999885559082 2.380000114440918 2.9800000190734863 3.0699999332427979 3.5499999523162842 2.75 3.7599999904632568 3.5099999904632568 3.6500000953674316 4 4.3499999046325684 4.429999828338623 4.5399999618530273 4.7899999618530273 4.6599998474121094 4.5300002098083496 4.0399999618530273 3.809999942779541 2.2300000190734863 2.0399999618530273 2.809999942779541 2.9900000095367432 2.4600000381469727 1.8899999856948853 1.940000057220459 2 2.3199999332427979 2.1099998950958252 2.7400000095367432 3.7599999904632568 3.7599999904632568 2.6800000667572021 2.4000000953674316
2.059999942779541 2.130000114440918 2.1800000667572021 3.0699999332427979 3.2799999713897705 3.2100000381469727 3.0099999904632568 2.809999942779541 3.190000057220459 3.2300000190734863 3.190000057220459 3.2100000381469727 3.9200000762939453 2.4500000476837158 2.4500000476837158 2.2400000095367432 2.7300000190734863 2.2200000286102295 2.369999885559082 3.0299999713897705 3.3399999141693115 3.8599998950958252 3.4100000858306885 3.7200000286102295 4.1599998474121094 4.4899997711181641 4.3000001907348633 4.4200000762939453 4.7100000381469727 4.8299999237060547 4.679999828338623 4.630000114440918 4.4600000381469727 4.3000001907348633 4.1500000953674316 3.880000114440918 4.0999999046325684 3.9000000953674316 4.4099998474121094 4.4800000190734863 4.0500001907348633 3.2799999713897705 3.7799999713897705 3.9500000476837158 2.7999999523162842 2.6500000953674316 3.2200000286102295 3.059999942779541
2.8499999046325684 2.5199999809265137 2.2300000190734863 2.3299999237060547 2.880000114440918 3.1400001049041748 2.869999885559082 2.8900001049041748 3.2000000476837158 3.4000000953674316 3.2699999809265137 3.3499999046325684 4.0300002098083496 3.119999885559082 2.1400001049041748 3.2999999523162842 2.75 2.809999942779541 3.2100000381469727 2.119999885559082 2.6800000667572021 4.2699999809265137 3.7899999618530273 3.940000057220459 4.119999885559082 4.179999828338623 4.4000000953674316 4.5399999618530273 4.619999885559082 4.7399997711181641 4.570000171661377 4.9000000953674316 4.8499999046325684 4.619999885559082 4.559999942779541 4.4499998092651367 4.5399999618530273 4.369999885559082 4.2300000190734863 4.25 3.8199999332427979 3.3599998950958252 3.4900000095367432 3.869999885559082 3.8900001049041748 3.5 3.2999999523162842 3.2000000476837158
