includes/camargue/floodfiles/results_R2_t1.562344511003E12/res-0008.wdfp
ncols         906
nrows         631
xllcorner     362177.146667
yllcorner     6534725.688020
cellsize      20.000000
NODATA_value  -9999.000000
[rows 476 to 509 of 631, columns 77 to 153 of 906]
5.609 5.277 4.945 4.587 4.053 3.520 2.986 2.452 1.919 1.385 0.852 0.398 0.405 0.472 0.657 0.660 0.584 0.508 0.432 0.355 0.000 0.003 0.000 0.000 0.000 0.000 0.000 0.000 0.000 0.000 0.000 0.000 0.000 0.000 0.000 0.000 0.000 0.000 0.000 0.001 0.000 0.000 0.000 0.001 0.000 0.001 0.002 0.007 0.069 0.348 0.546 0.626 0.632 0.638 0.643 0.649 0.655 0.661 0.621 0.565 0.566 0.473 0.471 0.469 0.467 0.464 0.457 0.438 0.420 0.402 0.383 0.366 0.348 0.333 0.330 0.336 0.339
5.094 4.762 4.430 4.099 3.640 3.106 2.573 2.039 1.506 1.121 0.889 0.434 0.441 0.536 0.720 0.902 0.953 0.877 0.801 0.725 0.649 0.572 0.496 0.429 0.383 0.000 0.000 0.000 0.000 0.000 0.000 0.000 0.000 0.000 0.000 0.000 0.000 0.000 0.000 0.001 0.001 0.005 0.053 0.344 0.344 0.492 0.641 0.762 0.746 0.726 0.713 0.719 0.725 0.731 0.737 0.742 0.748 0.746 0.690 0.635 0.635 0.524 0.492 0.490 0.488 0.486 0.472 0.454 0.435 0.416 0.398 0.380 0.361 0.344 0.330 0.342 0.345
4.064 3.733 3.401 3.069 2.737 2.280 1.890 1.658 1.426 1.195 0.963 0.508 0.514 0.664 0.848 1.030 1.211 1.393 1.541 1.465 1.388 1.312 1.236 1.188 1.142 1.095 1.049 0.956 0.957 0.911 0.761 0.482 0.597 0.712 0.826 0.941 1.056 1.122 1.137 1.153 1.154 1.139 1.123 1.091 1.091 1.076 1.060 1.044 1.025 0.990 0.955 0.920 0.912 0.918 0.924 0.929 0.935 0.886 0.830 0.774 0.775 0.663 0.608 0.553 0.532 0.524 0.505 0.486 0.467 0.461 0.462 0.463 0.465 0.466 0.478 0.504 0.506
3.761 3.466 3.171 2.876 2.581 2.214 1.928 1.696 1.464 1.232 1.001 0.544 0.550 0.727 0.911 1.093 1.275 1.457 1.638 1.819 1.758 1.682 1.615 1.568 1.521 1.475 1.428 1.335 1.336 1.290 1.198 1.182 1.198 1.213 1.229 1.244 1.259 1.275 1.290 1.305 1.292 1.280 1.264 1.232 1.233 1.217 1.201 1.186 1.158 1.122 1.087 1.052 1.017 1.011 1.017 1.023 1.011 0.955 0.900 0.844 0.845 0.733 0.677 0.622 0.567 0.547 0.548 0.549 0.550 0.551 0.553 0.554 0.555 0.557 0.577 0.603 0.605
4.143 3.848 3.553 3.257 2.962 2.548 2.100 1.733 1.501 1.269 1.038 0.598 0.604 0.791 0.975 1.157 1.339 1.520 1.702 1.883 2.064 2.052 1.994 1.947 1.901 1.827 1.704 1.457 1.458 1.335 1.217 1.299 1.351 1.366 1.382 1.397 1.412 1.427 1.443 1.443 1.431 1.418 1.406 1.374 1.374 1.359 1.343 1.325 1.290 1.255 1.219 1.184 1.149 1.114 1.111 1.116 1.081 1.025 0.970 0.914 0.915 0.806 0.770 0.735 0.700 0.645 0.640 0.641 0.642 0.643 0.644 0.645 0.647 0.651 0.677 0.703 0.705
4.524 4.229 3.934 3.639 3.329 2.881 2.434 1.986 1.538 1.306 1.075 0.662 0.667 0.854 1.038 1.221 1.403 1.584 1.766 1.947 2.128 2.271 2.212 2.088 1.965 1.841 1.718 1.471 1.472 1.349 1.311 1.393 1.474 1.519 1.534 1.550 1.565 1.580 1.594 1.582 1.569 1.557 1.544 1.515 1.516 1.500 1.484 1.457 1.422 1.387 1.351 1.316 1.281 1.245 1.210 1.207 1.151 1.095 1.059 1.024 1.024 0.953 0.917 0.882 0.839 0.784 0.732 0.732 0.733 0.734 0.736 0.737 0.739 0.751 0.777 0.803 0.805
4.906 4.611 4.315 4.020 3.663 3.215 2.767 2.319 1.872 1.424 1.112 0.725 0.730 0.917 1.101 1.284 1.466 1.648 1.781 1.907 2.033 2.158 2.137 2.102 1.979 1.855 1.732 1.485 1.486 1.363 1.405 1.487 1.568 1.649 1.687 1.702 1.718 1.733 1.732 1.720 1.707 1.695 1.683 1.657 1.657 1.641 1.625 1.590 1.554 1.519 1.484 1.448 1.413 1.376 1.332 1.311 1.277 1.242 1.206 1.171 1.171 1.100 1.064 1.029 0.978 0.923 0.869 0.824 0.825 0.826 0.828 0.829 0.830 0.852 0.877 0.903 0.905
5.287 4.992 4.697 4.402 3.996 3.548 3.100 2.653 2.205 1.757 1.310 0.789 0.793 0.980 1.161 1.289 1.416 1.542 1.668 1.794 1.920 2.042 2.014 1.986 1.959 1.869 1.746 1.499 1.500 1.417 1.499 1.580 1.662 1.743 1.824 1.855 1.871 1.883 1.871 1.858 1.846 1.833 1.821 1.796 1.796 1.783 1.757 1.722 1.686 1.643 1.599 1.555 1.511 1.466 1.422 1.423 1.425 1.389 1.353 1.318 1.319 1.247 1.211 1.172 1.117 1.062 1.008 0.953 0.917 0.919 0.920 0.921 0.927 0.952 0.978 1.003 1.006
5.398 5.373 5.078 4.777 4.329 3.881 3.434 2.986 2.538 2.091 1.643 0.810 0.814 0.918 1.047 1.175 1.302 1.429 1.555 1.681 1.807 1.919 1.891 1.863 1.836 1.809 1.760 1.513 1.514 1.511 1.593 1.674 1.756 1.837 1.918 1.999 2.023 2.021 2.009 1.996 1.984 1.972 1.959 1.908 1.908 1.879 1.866 1.822 1.778 1.733 1.689 1.645 1.601 1.557 1.530 1.535 1.541 1.536 1.501 1.465 1.466 1.394 1.358 1.312 1.257 1.202 1.147 1.093 1.038 1.011 1.012 1.013 1.027 1.053 1.078 1.104 1.106
5.373 5.539 5.459 5.110 4.662 4.215 3.767 3.301 2.823 2.346 1.868 1.095 1.097 0.907 0.932 1.061 1.188 1.316 1.442 1.568 1.694 1.796 1.768 1.740 1.713 1.686 1.658 1.527 1.528 1.605 1.687 1.768 1.849 1.931 2.012 2.090 2.155 2.126 2.097 2.068 2.039 2.009 1.980 1.921 1.922 1.917 1.936 1.912 1.868 1.823 1.779 1.735 1.691 1.647 1.642 1.647 1.653 1.659 1.648 1.612 1.613 1.541 1.506 1.451 1.396 1.341 1.287 1.232 1.177 1.123 1.104 1.105 1.128 1.153 1.179 1.204 1.207
5.347 5.514 5.681 5.422 4.944 4.466 3.989 3.511 3.034 2.556 2.079 1.380 1.381 1.189 0.998 0.945 1.074 1.201 1.328 1.455 1.581 1.673 1.645 1.617 1.590 1.563 1.536 1.584 1.585 1.664 1.742 1.820 1.898 1.975 2.052 2.130 2.146 2.140 2.111 2.081 2.052 2.023 1.994 1.936 1.937 1.956 1.974 1.993 1.958 1.913 1.869 1.825 1.781 1.748 1.754 1.760 1.765 1.771 1.777 1.759 1.760 1.688 1.646 1.591 1.536 1.481 1.426 1.371 1.317 1.262 1.208 1.203 1.228 1.247 1.251 1.255 1.257
5.281 5.438 5.593 5.492 5.154 4.677 4.199 3.721 3.244 2.766 2.289 1.665 1.666 1.473 1.281 1.089 0.957 1.087 1.214 1.341 1.468 1.549 1.522 1.494 1.467 1.440 1.449 1.620 1.621 1.704 1.782 1.859 1.937 2.014 2.092 2.136 2.137 2.138 2.124 2.095 2.066 2.037 2.007 1.975 1.975 1.994 2.013 2.031 2.048 2.003 1.959 1.915 1.871 1.860 1.866 1.872 1.877 1.883 1.889 1.894 1.895 1.835 1.786 1.731 1.676 1.620 1.565 1.511 1.456 1.393 1.329 1.248 1.246 1.250 1.254 1.258 1.260
5.194 5.352 5.419 5.318 5.217 4.887 4.409 3.931 3.454 2.976 2.499 1.950 1.951 1.758 1.565 1.372 1.181 0.991 1.099 1.227 1.354 1.426 1.398 1.371 1.344 1.399 1.485 1.655 1.657 1.742 1.821 1.899 1.977 2.054 2.126 2.127 2.128 2.129 2.130 2.109 2.079 2.050 2.021 2.013 2.014 2.032 2.051 2.070 2.088 2.094 2.049 2.005 1.967 1.972 1.978 1.984 1.990 1.995 2.001 2.007 2.007 1.981 1.925 1.870 1.810 1.746 1.681 1.617 1.553 1.489 1.425 1.331 1.249 1.253 1.257 1.261 1.264
5.107 5.265 5.244 5.143 5.042 4.941 4.619 4.142 3.664 3.187 2.709 2.235 2.236 2.043 1.850 1.657 1.464 1.273 1.082 1.112 1.240 1.302 1.275 1.262 1.348 1.434 1.520 1.691 1.692 1.778 1.861 1.939 2.016 2.094 2.116 2.118 2.119 2.120 2.121 2.122 2.093 2.064 2.035 2.051 2.052 2.071 2.089 2.108 2.126 2.145 2.139 2.095 2.079 2.085 2.090 2.096 2.102 2.107 2.113 2.104 2.105 2.100 2.036 1.971 1.907 1.842 1.778 1.713 1.649 1.585 1.509 1.416 1.322 1.256 1.261 1.265 1.267
5.020 5.170 5.069 4.968 4.867 4.766 4.666 4.352 3.874 3.397 2.919 2.521 2.521 2.328 2.135 1.942 1.749 1.557 1.365 1.174 1.126 1.178 1.211 1.297 1.383 1.470 1.556 1.726 1.727 1.813 1.899 1.978 2.056 2.106 2.107 2.108 2.110 2.111 2.112 2.113 2.106 2.077 2.053 2.090 2.090 2.109 2.128 2.146 2.165 2.183 2.202 2.185 2.191 2.197 2.175 2.147 2.119 2.092 2.064 2.036 2.037 2.082 2.132 2.068 2.003 1.939 1.874 1.810 1.745 1.681 1.594 1.500 1.406 1.313 1.264 1.268 1.270
4.933 4.995 4.894 4.793 4.693 4.592 4.491 4.390 4.084 3.607 3.194 2.806 2.807 2.613 2.420 2.227 2.034 1.841 1.649 1.457 1.212 1.153 1.244 1.332 1.419 1.505 1.591 1.762 1.763 1.849 1.934 2.018 2.095 2.097 2.098 2.099 2.100 2.102 2.103 2.104 2.105 2.091 2.091 2.128 2.129 2.147 2.166 2.180 2.189 2.198 2.208 2.194 2.163 2.135 2.107 2.079 2.051 2.024 1.996 1.968 1.969 2.060 2.140 2.164 2.100 2.035 1.971 1.906 1.842 1.772 1.678 1.584 1.490 1.396 1.303 1.271 1.273
4.933 4.995 4.894 4.794 4.693 4.592 4.491 4.390 4.085 3.607 3.194 2.806 2.807 2.613 2.420 2.227 2.034 1.841 1.649 1.456 1.211 1.152 1.243 1.332 1.418 1.505 1.591 1.762 1.763 1.848 1.934 2.017 2.095 2.096 2.098 2.099 2.100 2.101 2.103 2.104 2.105 2.091 2.091 2.128 2.129 2.147 2.166 2.180 2.189 2.198 2.208 2.194 2.163 2.135 2.107 2.079 2.051 2.024 1.996 1.968 1.969 2.060 2.140 2.164 2.100 2.035 1.970 1.906 1.842 1.772 1.678 1.583 1.489 1.396 1.302 1.270 1.272
4.846 4.820 4.720 4.619 4.518 4.417 4.316 4.216 4.115 3.817 3.480 3.092 3.092 2.898 2.683 2.436 2.189 1.942 1.696 1.450 1.237 1.193 1.251 1.342 1.432 1.522 1.611 1.789 1.790 1.879 1.968 2.055 2.086 2.087 2.088 2.089 2.090 2.090 2.091 2.092 2.092 2.092 2.099 2.117 2.117 2.127 2.136 2.145 2.154 2.163 2.173 2.135 2.095 2.067 2.039 2.011 1.983 1.955 1.928 1.900 1.901 2.038 2.118 2.198 2.196 2.131 2.067 2.002 1.938 1.857 1.762 1.668 1.574 1.480 1.386 1.293 1.295
4.572 4.471 4.370 4.286 4.213 4.141 4.068 3.996 3.923 3.832 3.643 3.167 3.167 2.919 2.672 2.425 2.178 1.931 1.685 1.464 1.419 1.375 1.331 1.360 1.450 1.540 1.629 1.807 1.808 1.897 1.986 2.009 2.029 2.040 2.041 2.041 2.042 2.043 2.043 2.044 2.043 2.040 2.038 2.047 2.048 2.057 2.066 2.075 2.084 2.094 2.057 2.017 1.978 1.938 1.903 1.875 1.847 1.819 1.791 1.835 1.836 1.995 2.075 2.155 2.235 2.315 2.260 2.195 2.120 2.026 1.931 1.837 1.742 1.648 1.555 1.461 1.463
4.491 4.418 4.346 4.273 4.200 4.128 4.055 3.983 3.910 3.775 3.586 3.161 3.162 2.914 2.666 2.419 2.172 1.925 1.679 1.555 1.511 1.466 1.421 1.377 1.458 1.548 1.638 1.816 1.817 1.906 1.953 1.973 1.993 2.013 2.016 2.017 2.018 2.018 2.019 2.020 2.017 2.014 2.012 2.012 2.013 2.022 2.031 2.040 2.049 2.038 1.998 1.958 1.919 1.879 1.839 1.807 1.779 1.751 1.733 1.813 1.814 1.974 2.054 2.133 2.213 2.293 2.356 2.291 2.205 2.110 2.016 1.921 1.827 1.726 1.607 1.488 1.490
4.419 4.405 4.333 4.260 4.188 4.115 4.043 3.970 3.897 3.718 3.529 3.151 3.151 2.908 2.660 2.413 2.166 1.919 1.691 1.646 1.602 1.557 1.513 1.468 1.467 1.557 1.647 1.825 1.826 1.896 1.916 1.936 1.956 1.976 1.992 1.993 1.994 1.994 1.995 1.994 1.991 1.988 1.986 1.979 1.980 1.987 1.996 2.005 2.015 1.979 1.939 1.900 1.860 1.820 1.780 1.741 1.711 1.683 1.711 1.792 1.792 1.952 2.032 2.112 2.192 2.272 2.351 2.384 2.280 2.159 2.040 1.920 1.800 1.680 1.561 1.442 1.444
4.338 4.338 4.320 4.247 4.175 4.102 4.030 3.957 3.851 3.661 3.472 3.094 3.094 2.902 2.655 2.407 2.160 1.914 1.783 1.738 1.693 1.648 1.604 1.559 1.514 1.566 1.656 1.834 1.835 1.859 1.879 1.899 1.919 1.939 1.959 1.969 1.969 1.970 1.971 1.968 1.965 1.962 1.959 1.953 1.954 1.952 1.961 1.970 1.960 1.920 1.881 1.841 1.801 1.761 1.722 1.682 1.643 1.615 1.690 1.770 1.771 1.930 2.009 2.076 2.144 2.211 2.279 2.301 2.234 2.114 1.994 1.874 1.754 1.634 1.515 1.396 1.398
4.258 4.258 4.258 4.235 4.162 4.089 4.017 3.944 3.794 3.605 3.415 3.037 3.037 2.848 2.649 2.402 2.154 1.919 1.874 1.829 1.784 1.740 1.695 1.650 1.606 1.575 1.665 1.801 1.802 1.822 1.842 1.863 1.883 1.903 1.923 1.943 1.945 1.946 1.945 1.942 1.939 1.936 1.933 1.927 1.928 1.925 1.926 1.935 1.901 1.861 1.822 1.782 1.742 1.702 1.663 1.623 1.583 1.576 1.643 1.711 1.712 1.847 1.915 1.982 2.050 2.117 2.185 2.172 2.155 2.068 1.948 1.828 1.708 1.588 1.469 1.350 1.352
4.177 4.177 4.178 4.178 4.149 4.077 4.004 3.926 3.737 3.548 3.358 2.980 2.980 2.791 2.602 2.396 2.149 2.010 1.965 1.921 1.876 1.831 1.786 1.741 1.697 1.652 1.673 1.764 1.765 1.785 1.806 1.826 1.846 1.866 1.886 1.906 1.921 1.922 1.919 1.916 1.913 1.910 1.907 1.901 1.901 1.898 1.895 1.882 1.842 1.801 1.759 1.717 1.676 1.634 1.592 1.551 1.509 1.512 1.549 1.617 1.618 1.753 1.820 1.888 1.956 2.023 2.059 2.042 2.025 2.009 1.902 1.782 1.662 1.543 1.423 1.304 1.306
4.097 4.097 4.097 4.097 4.097 4.064 3.991 3.870 3.680 3.491 3.302 2.923 2.923 2.734 2.545 2.356 2.147 2.102 2.057 2.012 1.967 1.922 1.878 1.833 1.788 1.743 1.693 1.728 1.729 1.750 1.770 1.790 1.810 1.831 1.851 1.871 1.891 1.895 1.892 1.889 1.886 1.883 1.880 1.873 1.874 1.871 1.867 1.812 1.768 1.727 1.685 1.643 1.601 1.560 1.518 1.476 1.451 1.462 1.473 1.523 1.524 1.659 1.726 1.794 1.861 1.929 1.930 1.913 1.896 1.879 1.856 1.736 1.616 1.497 1.377 1.283 1.284
4.016 4.016 4.016 4.017 4.017 4.017 3.979 3.813 3.623 3.434 3.245 2.893 2.893 2.720 2.547 2.374 2.189 2.092 2.042 1.993 1.944 1.894 1.845 1.796 1.746 1.697 1.681 1.718 1.720 1.740 1.761 1.781 1.801 1.821 1.841 1.861 1.874 1.867 1.863 1.860 1.857 1.854 1.851 1.844 1.845 1.842 1.815 1.753 1.694 1.652 1.610 1.569 1.527 1.485 1.444 1.402 1.401 1.412 1.423 1.434 1.435 1.564 1.632 1.700 1.767 1.817 1.800 1.783 1.766 1.749 1.732 1.690 1.570 1.450 1.331 1.276 1.277
3.936 3.936 3.936 3.936 3.945 3.961 3.963 3.828 3.654 3.481 3.308 2.961 2.962 2.789 2.616 2.443 2.245 2.046 1.996 1.947 1.898 1.849 1.799 1.750 1.701 1.658 1.674 1.709 1.710 1.731 1.751 1.771 1.791 1.812 1.832 1.852 1.849 1.841 1.835 1.831 1.828 1.825 1.822 1.815 1.816 1.813 1.756 1.694 1.632 1.578 1.536 1.494 1.453 1.411 1.369 1.340 1.351 1.362 1.373 1.384 1.385 1.470 1.538 1.605 1.673 1.687 1.670 1.653 1.636 1.619 1.603 1.586 1.524 1.404 1.286 1.269 1.270
3.892 3.908 3.925 3.941 3.957 3.973 3.945 3.874 3.723 3.550 3.377 3.030 3.030 2.857 2.684 2.499 2.300 2.102 1.951 1.901 1.852 1.803 1.754 1.704 1.655 1.651 1.668 1.699 1.701 1.721 1.741 1.762 1.782 1.802 1.822 1.831 1.823 1.815 1.808 1.803 1.800 1.797 1.794 1.787 1.787 1.759 1.696 1.634 1.572 1.510 1.462 1.420 1.378 1.337 1.295 1.290 1.301 1.312 1.323 1.334 1.335 1.376 1.444 1.511 1.574 1.557 1.540 1.523 1.506 1.490 1.473 1.456 1.439 1.358 1.279 1.261 1.263
3.904 3.920 3.937 3.953 3.969 3.985 3.926 3.855 3.784 3.618 3.445 3.099 3.099 2.926 2.753 2.555 2.356 2.158 1.960 1.855 1.806 1.757 1.708 1.658 1.627 1.644 1.661 1.692 1.693 1.711 1.732 1.752 1.772 1.793 1.812 1.805 1.797 1.789 1.782 1.774 1.771 1.768 1.765 1.758 1.759 1.699 1.637 1.575 1.513 1.451 1.389 1.346 1.304 1.262 1.229 1.240 1.251 1.262 1.273 1.284 1.285 1.306 1.349 1.417 1.444 1.427 1.410 1.393 1.376 1.359 1.343 1.326 1.309 1.292 1.273 1.257 1.258
3.916 3.933 3.949 3.965 3.981 3.979 3.908 3.837 3.766 3.687 3.514 3.167 3.167 2.994 2.810 2.611 2.412 2.214 2.016 1.818 1.760 1.711 1.662 1.613 1.620 1.637 1.653 1.685 1.686 1.703 1.722 1.743 1.763 1.783 1.787 1.779 1.771 1.764 1.756 1.748 1.742 1.739 1.736 1.702 1.702 1.640 1.578 1.516 1.454 1.392 1.329 1.271 1.230 1.188 1.179 1.190 1.201 1.212 1.223 1.234 1.235 1.256 1.267 1.322 1.314 1.297 1.280 1.263 1.261 1.264 1.267 1.270 1.273 1.275 1.276 1.260 1.261
3.928 3.945 3.961 3.977 3.993 3.960 3.889 3.818 3.747 3.676 3.582 3.236 3.236 3.063 2.866 2.667 2.468 2.270 2.071 1.874 1.715 1.665 1.616 1.596 1.613 1.630 1.647 1.678 1.679 1.696 1.713 1.733 1.753 1.768 1.761 1.753 1.746 1.738 1.730 1.723 1.715 1.710 1.707 1.642 1.643 1.581 1.519 1.456 1.394 1.332 1.270 1.208 1.155 1.118 1.129 1.140 1.151 1.162 1.173 1.184 1.185 1.207 1.223 1.236 1.239 1.242 1.245 1.248 1.251 1.254 1.257 1.260 1.263 1.264 1.264 1.262 1.263
3.952 3.957 3.973 3.989 4.006 3.942 3.871 3.800 3.729 3.658 3.587 3.304 3.305 3.121 2.922 2.723 2.524 2.325 2.127 1.929 1.732 1.620 1.572 1.589 1.606 1.623 1.639 1.671 1.672 1.689 1.705 1.723 1.744 1.742 1.735 1.727 1.720 1.712 1.705 1.697 1.689 1.682 1.678 1.583 1.584 1.521 1.459 1.397 1.335 1.273 1.211 1.149 1.087 1.068 1.083 1.099 1.116 1.133 1.149 1.166 1.166 1.199 1.216 1.224 1.230 1.232 1.235 1.238 1.241 1.244 1.247 1.250 1.253 1.253 1.253 1.253 1.254
3.953 3.957 3.973 3.990 4.006 3.942 3.871 3.800 3.729 3.658 3.587 3.305 3.305 3.122 2.922 2.723 2.524 2.326 2.127 1.929 1.732 1.620 1.572 1.589 1.606 1.623 1.639 1.671 1.672 1.688 1.704 1.723 1.743 1.742 1.734 1.727 1.720 1.712 1.705 1.697 1.689 1.682 1.678 1.583 1.583 1.521 1.459 1.397 1.335 1.273 1.211 1.148 1.086 1.068 1.082 1.099 1.116 1.132 1.149 1.165 1.166 1.198 1.215 1.223 1.229 1.231 1.234 1.237 1.240 1.243 1.246 1.249 1.252 1.252 1.251 1.252 1.252
4.065 3.977 3.985 4.002 3.994 3.923 3.852 3.781 3.710 3.639 3.568 3.373 3.373 3.177 2.978 2.779 2.580 2.382 2.183 1.985 1.788 1.591 1.566 1.582 1.599 1.616 1.632 1.664 1.665 1.681 1.697 1.713 1.723 1.716 1.709 1.701 1.694 1.686 1.679 1.671 1.664 1.656 1.648 1.524 1.524 1.463 1.403 1.342 1.281 1.220 1.159 1.098 1.040 1.058 1.075 1.092 1.108 1.125 1.141 1.158 1.158 1.191 1.205 1.211 1.217 1.221 1.224 1.227 1.230 1.233 1.235 1.238 1.240 1.240 1.240 1.240 1.240
