includes/camargue/floodfiles/results_R2_t1.562344511003E12/res-0001.wdfp
ncols         906
nrows         631
xllcorner     362177.146667
yllcorner     6534725.688020
cellsize      20.000000
NODATA_value  -9999.000000
[rows 510 to 543 of 631, columns 154 to 230 of 906]
2.475 2.464 2.446 2.429 2.412 2.322 2.232 2.142 2.051 1.961 1.871 1.780 1.690 1.615 1.575 1.574 1.515 1.488 1.469 1.449 1.429 1.409 1.390 1.370 1.404 1.441 1.467 1.462 1.457 1.452 1.447 1.447 1.437 1.430 1.423 1.415 1.407 1.398 1.386 1.374 1.361 1.349 1.364 1.380 1.397 1.413 1.430 1.430 1.479 1.510 1.528 1.519 1.509 1.500 1.490 1.480 1.471 1.453 1.469 1.519 1.569 1.620 1.670 1.771 1.770 1.821 1.855 1.834 1.812 1.791 1.769 1.748 1.744 1.742 1.740 1.738 1.773
2.455 2.454 2.454 2.437 2.366 2.276 2.185 2.095 2.005 1.920 1.835 1.749 1.664 1.579 1.526 1.526 1.470 1.451 1.431 1.411 1.391 1.372 1.352 1.359 1.396 1.433 1.470 1.507 1.545 1.554 1.549 1.549 1.539 1.532 1.525 1.517 1.505 1.493 1.480 1.468 1.456 1.444 1.432 1.448 1.464 1.481 1.503 1.503 1.565 1.596 1.627 1.635 1.626 1.616 1.607 1.583 1.552 1.520 1.524 1.574 1.623 1.672 1.722 1.822 1.821 1.872 1.921 1.899 1.878 1.873 1.871 1.869 1.867 1.865 1.863 1.861 1.895
2.445 2.444 2.444 2.433 2.346 2.261 2.176 2.091 2.006 1.920 1.835 1.750 1.665 1.590 1.538 1.538 1.451 1.432 1.412 1.392 1.372 1.353 1.333 1.355 1.392 1.429 1.466 1.504 1.541 1.578 1.600 1.600 1.590 1.583 1.576 1.564 1.552 1.540 1.528 1.516 1.504 1.491 1.479 1.482 1.498 1.515 1.546 1.546 1.608 1.639 1.670 1.694 1.684 1.675 1.649 1.617 1.585 1.553 1.552 1.601 1.650 1.700 1.749 1.848 1.848 1.897 1.947 1.938 1.936 1.934 1.932 1.930 1.928 1.926 1.924 1.922 1.956
2.504 2.532 2.559 2.491 2.347 2.262 2.177 2.092 2.006 1.921 1.836 1.751 1.665 1.602 1.550 1.550 1.447 1.413 1.393 1.373 1.354 1.334 1.314 1.351 1.388 1.425 1.462 1.500 1.537 1.574 1.611 1.611 1.641 1.634 1.623 1.611 1.599 1.587 1.575 1.563 1.551 1.539 1.527 1.515 1.532 1.559 1.589 1.589 1.651 1.682 1.712 1.743 1.743 1.714 1.682 1.650 1.618 1.586 1.579 1.628 1.678 1.727 1.777 1.876 1.875 1.925 2.007 2.001 1.997 1.995 1.993 1.991 1.989 1.988 1.986 1.984 2.017
2.657 2.685 2.712 2.568 2.396 2.262 2.177 2.092 2.007 1.922 1.836 1.751 1.666 1.614 1.562 1.562 1.459 1.407 1.374 1.354 1.335 1.315 1.310 1.347 1.384 1.421 1.458 1.496 1.533 1.570 1.607 1.607 1.681 1.683 1.671 1.659 1.647 1.635 1.623 1.610 1.598 1.586 1.574 1.562 1.571 1.602 1.633 1.632 1.698 1.731 1.763 1.796 1.780 1.747 1.715 1.683 1.651 1.619 1.606 1.656 1.705 1.755 1.804 1.918 1.918 2.007 2.097 2.089 2.070 2.057 2.055 2.053 2.051 2.049 2.047 2.045 2.078
2.810 2.838 2.818 2.645 2.473 2.301 2.178 2.093 2.008 1.922 1.837 1.752 1.677 1.626 1.574 1.574 1.470 1.419 1.367 1.336 1.316 1.296 1.306 1.343 1.380 1.417 1.454 1.492 1.529 1.566 1.683 1.683 2.008 1.851 1.831 1.818 1.805 1.793 1.780 1.767 1.754 1.741 1.728 1.715 1.659 1.669 1.702 1.702 1.767 1.800 1.833 1.865 1.833 1.789 1.748 1.716 1.684 1.652 1.634 1.683 1.732 1.782 1.831 2.009 2.008 2.098 2.188 2.177 2.159 2.140 2.121 2.114 2.112 2.110 2.108 2.106 2.139
2.963 2.991 2.895 2.723 2.550 2.378 2.205 2.093 2.008 1.923 1.838 1.753 1.689 1.637 1.586 1.586 1.482 1.431 1.379 1.327 1.297 1.277 1.301 1.339 1.376 1.413 1.450 1.610 1.773 1.936 2.099 2.099 2.329 2.149 2.005 1.992 1.980 1.967 1.954 1.941 1.928 1.915 1.903 1.879 1.812 1.745 1.771 1.771 1.836 1.869 1.902 1.929 1.885 1.842 1.798 1.755 1.718 1.686 1.661 1.710 1.760 1.830 1.919 2.099 2.099 2.189 2.278 2.265 2.247 2.228 2.210 2.191 2.173 2.171 2.169 2.167 2.200
3.116 3.144 2.972 2.800 2.627 2.455 2.283 2.110 2.009 1.924 1.838 1.753 1.701 1.649 1.597 1.597 1.494 1.442 1.391 1.339 1.287 1.260 1.297 1.374 1.537 1.700 1.863 2.026 2.189 2.352 2.515 2.515 2.627 2.447 2.266 2.167 2.154 2.141 2.128 2.115 2.102 2.090 2.077 2.031 1.964 1.898 1.840 1.840 1.905 1.938 1.971 1.981 1.938 1.894 1.851 1.807 1.763 1.720 1.688 1.741 1.830 1.920 2.010 2.190 2.189 2.279 2.369 2.353 2.335 2.316 2.298 2.279 2.261 2.242 2.231 2.229 2.261
3.269 3.221 3.049 2.877 2.705 2.532 2.360 2.188 2.015 1.924 1.839 1.765 1.713 1.661 1.609 1.609 1.506 1.454 1.402 1.352 1.357 1.443 1.628 1.790 1.954 2.117 2.280 2.443 2.606 2.768 2.931 2.931 2.925 2.745 2.564 2.384 2.328 2.315 2.302 2.290 2.277 2.264 2.250 2.184 2.117 2.050 1.983 1.983 1.974 2.007 2.040 2.034 1.990 1.947 1.903 1.860 1.816 1.772 1.766 1.831 1.921 2.011 2.100 2.280 2.280 2.370 2.459 2.441 2.423 2.404 2.386 2.367 2.349 2.330 2.311 2.293 2.345
3.422 3.299 3.126 2.954 2.782 2.609 2.437 2.265 2.092 1.925 1.840 1.776 1.725 1.673 1.621 1.621 1.586 1.590 1.595 1.599 1.604 1.773 2.030 2.207 2.370 2.533 2.696 2.859 3.022 3.185 3.348 3.347 3.223 3.043 2.862 2.682 2.502 2.489 2.476 2.464 2.451 2.438 2.403 2.336 2.269 2.203 2.136 2.135 2.043 2.076 2.109 2.086 2.043 1.999 1.956 1.912 1.909 1.908 1.910 1.965 2.020 2.101 2.191 2.371 2.370 2.460 2.548 2.530 2.511 2.493 2.474 2.455 2.437 2.418 2.437 2.479 2.510
3.548 3.376 3.203 3.031 2.859 2.686 2.514 2.342 2.170 1.997 1.840 1.810 1.814 1.819 1.823 1.823 1.832 1.837 1.842 1.846 1.851 2.103 2.359 2.616 2.786 2.949 3.112 3.275 3.438 3.601 3.764 3.764 3.521 3.341 3.160 2.980 2.799 2.663 2.651 2.638 2.625 2.612 2.555 2.488 2.422 2.355 2.288 2.288 2.154 2.145 2.178 2.139 2.095 2.053 2.053 2.052 2.051 2.051 2.055 2.110 2.165 2.220 2.281 2.461 2.461 2.551 2.636 2.618 2.599 2.581 2.562 2.543 2.567 2.608 2.650 2.691 2.721
3.625 3.453 3.281 3.108 2.936 2.764 2.593 2.542 2.491 2.439 2.298 2.057 2.061 2.066 2.070 2.070 2.079 2.084 2.089 2.093 2.176 2.432 2.689 2.946 3.202 3.365 3.528 3.691 3.854 4.017 4.180 4.180 3.819 3.639 3.458 3.278 3.097 2.917 2.825 2.812 2.799 2.774 2.707 2.641 2.574 2.507 2.440 2.440 2.307 2.240 2.235 2.197 2.196 2.195 2.195 2.194 2.193 2.193 2.199 2.254 2.309 2.365 2.420 2.552 2.551 2.641 2.724 2.706 2.687 2.669 2.696 2.737 2.779 2.820 2.862 2.902 2.931
3.702 3.530 3.447 3.396 3.344 3.293 3.242 3.190 3.139 3.088 2.853 2.525 2.308 2.313 2.317 2.317 2.326 2.331 2.335 2.340 2.506 2.762 3.019 3.276 3.533 3.781 3.944 4.107 4.270 4.433 4.478 4.478 4.117 3.937 3.756 3.576 3.395 3.215 3.034 2.986 2.973 2.927 2.860 2.793 2.726 2.660 2.593 2.593 2.465 2.425 2.371 2.339 2.338 2.338 2.337 2.336 2.336 2.335 2.344 2.399 2.454 2.509 2.564 2.675 2.675 2.732 2.812 2.794 2.825 2.867 2.908 2.950 2.991 3.033 3.074 3.113 3.142
4.198 4.147 4.095 4.044 3.993 3.941 3.890 3.838 3.787 3.736 3.408 3.080 2.751 2.560 2.564 2.564 2.573 2.578 2.582 2.587 2.835 3.092 3.349 3.606 3.863 4.119 4.360 4.523 4.686 4.849 4.776 4.776 4.415 4.235 4.054 3.874 3.693 3.513 3.332 3.160 3.146 3.079 3.012 2.945 2.893 2.853 2.813 2.812 2.732 2.692 2.632 2.551 2.480 2.480 2.479 2.479 2.478 2.477 2.489 2.544 2.599 2.654 2.709 2.820 2.820 2.875 2.951 2.996 3.038 3.079 3.121 3.162 3.203 3.245 3.286 3.323 3.353
4.198 4.147 4.095 4.044 3.993 3.941 3.890 3.838 3.787 3.736 3.408 3.080 2.751 2.559 2.564 2.564 2.573 2.578 2.582 2.587 2.835 3.092 3.349 3.606 3.862 4.119 4.360 4.523 4.686 4.849 4.776 4.776 4.415 4.235 4.054 3.874 3.693 3.513 3.332 3.160 3.146 3.079 3.012 2.945 2.893 2.853 2.813 2.812 2.732 2.692 2.632 2.551 2.480 2.480 2.479 2.478 2.478 2.477 2.489 2.544 2.599 2.654 2.709 2.820 2.819 2.875 2.951 2.996 3.038 3.079 3.120 3.162 3.203 3.245 3.286 3.323 3.353
4.793 4.795 4.744 4.692 4.641 4.589 4.538 4.487 4.435 4.292 3.963 3.635 3.306 2.977 2.811 2.811 2.820 2.825 2.829 2.908 3.165 3.422 3.679 3.935 4.192 4.449 4.706 4.939 5.102 5.255 5.074 5.074 4.713 4.533 4.352 4.172 3.991 3.811 3.630 3.450 3.320 3.280 3.240 3.200 3.160 3.120 3.080 3.079 2.999 2.959 2.894 2.812 2.730 2.649 2.621 2.621 2.620 2.619 2.633 2.688 2.744 2.799 2.854 2.989 2.989 3.076 3.152 3.205 3.250 3.291 3.333 3.374 3.416 3.457 3.498 3.534 3.563
5.267 5.409 5.392 5.340 5.289 5.238 5.186 5.135 5.083 4.847 4.519 4.190 3.861 3.533 3.204 3.204 3.067 3.072 3.076 3.238 3.495 3.752 4.008 4.265 4.522 4.779 5.036 5.293 5.518 5.553 5.372 5.372 5.011 4.831 4.650 4.469 4.288 4.108 3.927 3.746 3.627 3.547 3.507 3.467 3.427 3.387 3.347 3.347 3.266 3.226 3.155 3.074 2.992 2.910 2.829 2.763 2.762 2.761 2.778 2.833 2.888 2.943 3.021 3.195 3.195 3.282 3.353 3.405 3.458 3.504 3.545 3.586 3.628 3.669 3.711 3.745 3.774
6.215 6.357 6.499 6.637 6.586 6.534 6.483 6.431 6.286 5.958 5.629 5.300 4.972 4.643 4.314 4.314 3.657 3.565 3.641 3.898 4.155 4.411 4.668 4.912 5.135 5.357 5.580 5.802 6.008 6.060 5.966 5.966 5.604 5.424 5.243 5.062 4.881 4.701 4.520 4.382 4.279 4.175 4.072 4.001 3.961 3.921 3.881 3.881 3.801 3.760 3.678 3.596 3.515 3.433 3.352 3.270 3.188 3.107 3.086 3.173 3.260 3.346 3.433 3.607 3.607 3.694 3.754 3.807 3.859 3.912 3.965 4.011 4.052 4.094 4.135 4.166 4.195
6.689 6.831 6.973 7.115 7.234 7.182 7.131 7.080 6.841 6.513 6.184 5.855 5.527 5.198 4.870 4.870 4.212 3.884 3.971 4.193 4.416 4.638 4.861 5.083 5.306 5.528 5.751 5.973 6.116 6.168 6.220 6.220 5.901 5.720 5.539 5.359 5.178 4.997 4.816 4.708 4.605 4.501 4.398 4.294 4.228 4.188 4.148 4.148 4.068 4.021 3.940 3.858 3.776 3.695 3.613 3.531 3.450 3.369 3.319 3.391 3.465 3.552 3.639 3.813 3.813 3.899 3.955 4.007 4.060 4.113 4.165 4.218 4.265 4.306 4.347 4.377 4.406
7.163 7.305 7.447 7.588 7.730 7.831 7.779 7.725 7.397 7.068 6.739 6.411 6.082 5.753 5.405 5.405 4.574 4.158 4.162 4.364 4.587 4.809 5.032 5.254 5.477 5.699 5.922 6.144 6.223 6.275 6.327 6.327 6.197 6.017 5.836 5.655 5.474 5.294 5.137 5.034 4.930 4.827 4.723 4.620 4.517 4.455 4.415 4.415 4.335 4.283 4.201 4.119 4.038 3.956 3.874 3.793 3.712 3.631 3.556 3.627 3.699 3.770 3.845 4.019 4.019 4.103 4.155 4.208 4.261 4.313 4.366 4.419 4.472 4.518 4.558 4.587 4.617
7.637 7.779 7.920 8.062 8.204 8.346 8.428 8.280 7.952 7.623 7.262 6.846 6.431 6.015 5.599 5.599 4.768 4.469 4.502 4.535 4.758 4.980 5.203 5.425 5.648 5.870 6.093 6.279 6.331 6.383 6.435 6.435 6.494 6.313 6.132 5.952 5.771 5.590 5.463 5.360 5.256 5.153 5.049 4.946 4.842 4.739 4.682 4.682 4.602 4.544 4.462 4.381 4.299 4.218 4.137 4.056 3.975 3.894 3.813 3.863 3.935 4.006 4.078 4.225 4.224 4.303 4.356 4.409 4.461 4.514 4.567 4.620 4.672 4.725 4.768 4.792 4.815
8.111 8.252 8.394 8.536 8.678 8.820 8.890 8.703 8.287 7.872 7.456 7.041 6.625 6.209 5.794 5.794 4.962 4.809 4.841 4.874 4.929 5.151 5.374 5.596 5.819 6.041 6.264 6.386 6.438 6.490 6.542 6.542 6.646 6.610 6.429 6.248 6.067 5.892 5.789 5.685 5.582 5.479 5.375 5.272 5.168 5.065 4.961 4.961 4.869 4.806 4.724 4.642 4.561 4.480 4.399 4.318 4.237 4.156 4.075 4.100 4.171 4.243 4.314 4.457 4.457 4.554 4.610 4.665 4.720 4.776 4.831 4.886 4.942 4.988 4.977 4.989 5.012
8.585 8.726 8.862 8.828 8.795 8.762 8.728 8.674 8.482 8.066 7.650 7.235 6.819 6.404 5.988 5.988 5.157 5.148 5.181 5.214 5.246 5.322 5.545 5.767 5.990 6.212 6.435 6.494 6.546 6.598 6.650 6.650 6.754 6.806 6.725 6.545 6.364 6.218 6.115 6.011 5.908 5.804 5.701 5.597 5.494 5.390 5.287 5.287 5.136 5.067 4.985 4.905 4.824 4.743 4.662 4.581 4.500 4.419 4.338 4.336 4.408 4.479 4.550 4.724 4.724 4.832 4.903 4.959 5.014 5.069 5.125 5.180 5.223 5.203 5.192 5.203 5.214
8.766 8.733 8.700 8.666 8.633 8.600 8.563 8.506 8.450 8.260 7.845 7.429 7.013 6.598 6.182 6.182 5.455 5.488 5.521 5.553 5.586 5.619 5.716 5.938 6.161 6.383 6.549 6.601 6.653 6.705 6.757 6.757 6.861 6.913 6.965 6.841 6.660 6.544 6.440 6.337 6.233 6.130 6.027 5.923 5.820 5.716 5.613 5.613 5.406 5.329 5.248 5.167 5.086 5.005 4.924 4.843 4.762 4.682 4.601 4.572 4.644 4.715 4.787 4.997 4.997 5.105 5.197 5.252 5.308 5.363 5.418 5.458 5.438 5.418 5.407 5.418 5.429
8.605 8.571 8.538 8.505 8.471 8.438 8.395 8.339 8.282 8.226 8.039 7.623 7.208 6.792 6.376 6.376 5.795 5.827 5.860 5.893 5.926 5.958 5.991 6.109 6.331 6.554 6.656 6.708 6.761 6.813 6.865 6.865 6.969 7.021 7.073 7.125 6.973 6.870 6.766 6.663 6.559 6.447 6.308 6.169 6.029 5.890 5.751 5.751 5.509 5.475 5.441 5.407 5.349 5.268 5.187 5.106 5.025 4.944 4.863 4.809 4.880 4.952 5.053 5.270 5.270 5.378 5.486 5.546 5.601 5.657 5.694 5.674 5.654 5.633 5.622 5.633 5.643
8.443 8.410 8.376 8.343 8.310 8.276 8.227 8.171 8.115 8.058 8.002 7.818 7.402 6.986 6.571 6.571 6.134 6.167 6.200 6.233 6.265 6.298 6.331 6.364 6.503 6.712 6.764 6.816 6.868 6.920 6.972 6.972 7.076 7.125 7.154 7.184 7.169 7.030 6.891 6.752 6.613 6.474 6.334 6.195 6.056 5.917 5.778 5.778 5.595 5.559 5.525 5.492 5.458 5.424 5.390 5.356 5.288 5.207 5.126 5.045 5.117 5.218 5.326 5.543 5.542 5.651 5.759 5.840 5.895 5.929 5.909 5.889 5.869 5.849 5.837 5.848 5.858
8.281 8.248 8.214 8.181 8.148 8.114 8.060 8.003 7.947 7.891 7.834 7.778 7.596 7.181 6.765 6.765 6.474 6.507 6.539 6.572 6.605 6.638 6.670 6.703 6.736 6.819 6.865 6.895 6.925 6.954 6.984 6.983 7.043 7.072 7.102 7.128 7.129 7.057 6.918 6.779 6.639 6.500 6.361 6.222 6.083 5.944 5.805 5.804 5.680 5.645 5.610 5.576 5.542 5.508 5.474 5.441 5.407 5.373 5.339 5.305 5.382 5.490 5.599 5.815 5.815 5.924 6.032 6.133 6.164 6.144 6.124 6.104 6.084 6.064 6.052 6.063 6.073
8.119 8.086 8.053 8.019 7.986 7.949 7.892 7.836 7.779 7.723 7.667 7.610 7.554 7.375 6.959 6.959 6.814 6.846 6.879 6.912 6.945 6.966 6.975 6.984 6.993 6.810 6.813 6.842 6.872 6.901 6.931 6.931 6.990 7.019 7.049 7.062 7.062 7.063 6.944 6.805 6.666 6.527 6.388 6.249 6.110 5.970 5.836 5.835 5.765 5.730 5.695 5.661 5.627 5.593 5.559 5.525 5.491 5.457 5.424 5.440 5.524 5.642 5.760 5.996 5.995 6.113 6.231 6.345 6.379 6.359 6.339 6.319 6.299 6.279 6.267 6.278 6.288
7.958 7.924 7.891 7.857 7.824 7.781 7.725 7.668 7.612 7.555 7.499 7.443 7.386 7.330 7.153 7.153 7.147 7.156 7.165 7.174 7.183 7.192 7.200 7.209 7.165 6.945 6.760 6.789 6.819 6.849 6.878 6.878 6.937 6.967 6.995 6.995 6.996 6.997 6.971 6.832 6.693 6.554 6.415 6.276 6.136 5.997 5.921 5.921 5.851 5.816 5.780 5.746 5.712 5.678 5.644 5.610 5.576 5.542 5.523 5.596 5.669 5.771 5.889 6.125 6.125 6.243 6.361 6.453 6.514 6.574 6.554 6.534 6.514 6.494 6.482 6.493 6.503
7.642 7.762 7.729 7.696 7.662 7.614 7.557 7.501 7.444 7.388 7.331 7.275 7.223 7.195 7.206 7.206 7.373 7.381 7.390 7.399 7.408 7.417 7.426 7.434 7.300 7.080 6.861 6.737 6.766 6.796 6.825 6.825 6.884 6.914 6.928 6.929 6.930 6.930 6.931 6.859 6.720 6.581 6.441 6.302 6.163 6.041 6.006 6.006 5.936 5.901 5.866 5.831 5.797 5.763 5.729 5.695 5.661 5.627 5.679 5.752 5.825 5.901 6.019 6.255 6.255 6.373 6.490 6.561 6.622 6.683 6.744 6.749 6.729 6.709 6.697 6.708 6.718
7.642 7.762 7.729 7.696 7.662 7.614 7.557 7.501 7.444 7.388 7.331 7.275 7.223 7.195 7.206 7.206 7.373 7.381 7.390 7.399 7.408 7.417 7.426 7.434 7.300 7.080 6.861 6.737 6.766 6.796 6.825 6.825 6.884 6.914 6.928 6.929 6.930 6.930 6.931 6.859 6.720 6.581 6.441 6.302 6.163 6.041 6.006 6.006 5.936 5.901 5.866 5.831 5.797 5.763 5.729 5.695 5.661 5.627 5.679 5.752 5.825 5.901 6.019 6.255 6.255 6.373 6.490 6.561 6.622 6.683 6.744 6.749 6.729 6.709 6.697 6.708 6.718
7.180 7.381 7.567 7.534 7.501 7.446 7.390 7.333 7.277 7.236 7.208 7.181 7.153 7.126 7.209 7.209 7.598 7.607 7.615 7.624 7.633 7.642 7.651 7.655 7.435 7.216 6.996 6.777 6.713 6.743 6.772 6.772 6.832 6.861 6.862 6.862 6.863 6.864 6.864 6.865 6.746 6.607 6.468 6.329 6.190 6.127 6.092 6.091 6.021 5.986 5.951 5.916 5.882 5.848 5.814 5.780 5.746 5.762 5.835 5.908 5.981 6.054 6.148 6.384 6.384 6.502 6.609 6.670 6.730 6.791 6.852 6.913 6.945 6.925 6.912 6.923 6.933
6.719 6.920 7.121 7.321 7.335 7.278 7.249 7.221 7.194 7.166 7.139 7.111 7.084 7.057 7.213 7.213 7.704 7.832 7.841 7.850 7.858 7.867 7.876 7.790 7.571 7.351 7.131 6.912 6.692 6.690 6.720 6.720 6.779 6.795 6.795 6.796 6.797 6.797 6.798 6.799 6.773 6.634 6.495 6.356 6.247 6.212 6.177 6.177 6.107 6.072 6.037 6.001 5.967 5.933 5.899 5.865 5.845 5.918 5.991 6.064 6.137 6.210 6.283 6.514 6.514 6.632 6.717 6.778 6.839 6.900 6.960 7.022 7.082 7.140 7.127 7.138 7.093
5.890 6.201 6.512 6.823 6.986 7.072 7.110 7.083 7.055 7.028 7.000 6.973 6.946 6.975 7.220 7.220 7.711 7.956 8.202 8.300 8.309 8.318 8.280 8.061 7.841 7.622 7.402 7.182 6.963 6.743 6.614 6.614 6.661 6.662 6.662 6.663 6.664 6.664 6.665 6.666 6.666 6.667 6.549 6.453 6.418 6.383 6.348 6.348 6.278 6.242 6.207 6.172 6.137 6.102 6.068 6.085 6.158 6.230 6.303 6.376 6.449 6.522 6.595 6.773 6.773 6.872 6.933 6.994 7.055 7.116 7.111 7.102 7.093 7.083 7.119 7.195 7.180
