includes/camargue/floodfiles/results_R2_t1.562344511003E12/res-0012.wdfp
ncols         906
nrows         631
xllcorner     362177.146667
yllcorner     6534725.688020
cellsize      20.000000
NODATA_value  -9999.000000
[rows 510 to 543 of 631, columns 616 to 692 of 906]
0.009 0.009 0.009 0.009 0.053 0.054 0.085 0.114 0.135 0.155 0.175 0.195 0.215 0.235 0.254 0.274 0.293 0.306 0.318 0.331 0.332 0.331 0.313 0.295 0.277 0.258 0.250 0.241 0.233 0.224 0.216 0.208 0.200 0.182 0.108 0.012 0.000 0.000 0.000 0.000 0.000 0.000 0.000 0.000 0.000 0.000 0.000 0.000 0.000 0.000 0.000 0.010 0.181 0.183 0.257 0.320 0.368 0.417 0.465 0.513 0.561 0.570 0.520 0.470 0.421 0.371 0.322 0.334 0.347 0.348 0.372 0.384 0.396 0.408 0.420 0.408 0.396
0.007 0.008 0.010 0.022 0.084 0.085 0.113 0.141 0.163 0.183 0.202 0.222 0.242 0.261 0.274 0.287 0.299 0.312 0.325 0.338 0.341 0.341 0.323 0.306 0.288 0.271 0.253 0.235 0.217 0.204 0.197 0.190 0.183 0.159 0.089 0.010 0.000 0.000 0.000 0.000 0.000 0.000 0.000 0.000 0.000 0.000 0.000 0.000 0.000 0.000 0.000 0.013 0.184 0.186 0.257 0.306 0.354 0.402 0.450 0.498 0.546 0.595 0.635 0.585 0.535 0.489 0.502 0.514 0.527 0.528 0.551 0.563 0.575 0.587 0.599 0.610 0.602
0.007 0.008 0.018 0.049 0.105 0.105 0.132 0.159 0.181 0.200 0.220 0.240 0.256 0.269 0.282 0.295 0.308 0.321 0.334 0.347 0.351 0.351 0.334 0.317 0.300 0.283 0.266 0.250 0.233 0.216 0.200 0.191 0.185 0.161 0.094 0.029 0.000 0.000 0.000 0.000 0.000 0.000 0.000 0.000 0.000 0.000 0.000 0.000 0.000 0.000 0.000 0.030 0.186 0.188 0.251 0.299 0.347 0.396 0.444 0.492 0.540 0.588 0.636 0.643 0.593 0.579 0.592 0.604 0.616 0.617 0.641 0.653 0.664 0.676 0.688 0.700 0.706
0.050 0.061 0.072 0.081 0.126 0.125 0.151 0.177 0.199 0.218 0.238 0.251 0.264 0.277 0.290 0.303 0.316 0.329 0.342 0.356 0.361 0.361 0.344 0.327 0.311 0.295 0.279 0.263 0.248 0.233 0.218 0.204 0.189 0.163 0.124 0.097 0.032 0.032 0.003 0.000 0.000 0.000 0.000 0.000 0.000 0.000 0.000 0.000 0.000 0.001 0.043 0.090 0.188 0.189 0.244 0.292 0.341 0.389 0.437 0.485 0.533 0.581 0.629 0.677 0.657 0.669 0.681 0.694 0.706 0.707 0.730 0.742 0.754 0.766 0.777 0.789 0.801
0.103 0.114 0.125 0.136 0.158 0.156 0.170 0.195 0.217 0.233 0.246 0.258 0.271 0.284 0.297 0.311 0.324 0.337 0.351 0.364 0.370 0.371 0.354 0.338 0.322 0.306 0.291 0.276 0.262 0.248 0.235 0.222 0.227 0.234 0.190 0.160 0.098 0.099 0.067 0.022 0.001 0.000 0.000 0.000 0.000 0.000 0.000 0.000 0.003 0.058 0.099 0.139 0.209 0.210 0.256 0.304 0.352 0.400 0.448 0.495 0.543 0.591 0.638 0.686 0.759 0.772 0.784 0.797 0.809 0.810 0.834 0.846 0.858 0.870 0.883 0.895 0.907
0.151 0.163 0.174 0.185 0.209 0.207 0.218 0.228 0.229 0.241 0.253 0.266 0.279 0.292 0.305 0.318 0.331 0.345 0.358 0.372 0.379 0.380 0.364 0.348 0.332 0.317 0.302 0.288 0.275 0.262 0.250 0.281 0.314 0.323 0.275 0.226 0.152 0.153 0.121 0.088 0.055 0.006 0.000 0.000 0.000 0.000 0.000 0.010 0.070 0.111 0.149 0.186 0.245 0.246 0.285 0.334 0.382 0.430 0.477 0.525 0.572 0.620 0.668 0.741 0.849 0.890 0.902 0.915 0.927 0.928 0.952 0.964 0.976 0.988 1.000 1.012 1.109
0.198 0.210 0.221 0.233 0.256 0.255 0.262 0.256 0.253 0.256 0.260 0.273 0.286 0.299 0.312 0.325 0.339 0.352 0.366 0.379 0.388 0.389 0.373 0.357 0.342 0.327 0.313 0.299 0.287 0.296 0.331 0.363 0.395 0.406 0.357 0.308 0.210 0.211 0.172 0.139 0.107 0.072 0.026 0.001 0.000 0.000 0.022 0.078 0.120 0.159 0.192 0.222 0.280 0.281 0.315 0.363 0.411 0.459 0.507 0.554 0.602 0.649 0.706 0.813 0.920 1.008 1.020 1.032 1.045 1.045 1.069 1.081 1.094 1.106 1.118 1.130 1.359
0.243 0.255 0.267 0.279 0.292 0.291 0.285 0.280 0.277 0.281 0.284 0.288 0.292 0.305 0.318 0.332 0.345 0.359 0.372 0.386 0.396 0.397 0.381 0.366 0.351 0.336 0.323 0.310 0.344 0.378 0.410 0.442 0.473 0.486 0.437 0.388 0.290 0.291 0.242 0.193 0.156 0.123 0.090 0.057 0.009 0.039 0.087 0.128 0.168 0.198 0.228 0.257 0.315 0.316 0.345 0.392 0.440 0.488 0.536 0.583 0.631 0.678 0.777 0.884 0.992 1.099 1.138 1.150 1.162 1.163 1.187 1.199 1.211 1.223 1.235 1.376 1.609
0.288 0.300 0.312 0.324 0.314 0.314 0.308 0.303 0.300 0.304 0.308 0.312 0.316 0.320 0.325 0.338 0.351 0.365 0.379 0.393 0.403 0.404 0.389 0.374 0.359 0.346 0.357 0.391 0.423 0.455 0.487 0.518 0.549 0.564 0.516 0.467 0.368 0.369 0.320 0.271 0.223 0.174 0.141 0.108 0.076 0.098 0.137 0.173 0.203 0.233 0.262 0.292 0.349 0.350 0.379 0.421 0.469 0.517 0.564 0.612 0.660 0.742 0.849 0.956 1.063 1.170 1.256 1.268 1.280 1.280 1.304 1.317 1.329 1.341 1.393 1.625 1.858
0.333 0.345 0.351 0.346 0.336 0.335 0.330 0.325 0.322 0.326 0.331 0.335 0.339 0.344 0.348 0.353 0.357 0.370 0.384 0.398 0.410 0.411 0.396 0.381 0.370 0.403 0.436 0.468 0.500 0.531 0.562 0.593 0.623 0.642 0.593 0.544 0.446 0.446 0.398 0.349 0.300 0.252 0.203 0.156 0.125 0.147 0.179 0.208 0.238 0.268 0.297 0.326 0.384 0.384 0.413 0.449 0.497 0.545 0.593 0.641 0.706 0.813 0.920 1.027 1.134 1.241 1.348 1.385 1.398 1.398 1.422 1.434 1.446 1.458 1.642 1.875 2.108
0.377 0.377 0.372 0.367 0.357 0.357 0.352 0.347 0.344 0.348 0.352 0.357 0.361 0.366 0.371 0.375 0.380 0.385 0.390 0.403 0.416 0.418 0.403 0.416 0.449 0.481 0.512 0.544 0.575 0.606 0.636 0.667 0.697 0.719 0.670 0.621 0.522 0.523 0.474 0.426 0.377 0.329 0.280 0.232 0.197 0.184 0.214 0.243 0.273 0.302 0.331 0.360 0.418 0.418 0.447 0.478 0.526 0.574 0.622 0.670 0.777 0.884 0.991 1.098 1.205 1.312 1.419 1.503 1.515 1.516 1.540 1.552 1.564 1.659 1.892 2.125 2.358
0.402 0.397 0.392 0.388 0.378 0.378 0.373 0.368 0.364 0.369 0.374 0.378 0.383 0.388 0.392 0.397 0.402 0.407 0.413 0.418 0.428 0.430 0.462 0.494 0.525 0.556 0.587 0.618 0.649 0.680 0.710 0.741 0.771 0.796 0.746 0.697 0.599 0.600 0.551 0.502 0.453 0.405 0.356 0.357 0.391 0.385 0.353 0.322 0.307 0.336 0.365 0.394 0.452 0.452 0.481 0.511 0.554 0.602 0.650 0.741 0.848 0.955 1.062 1.169 1.277 1.383 1.491 1.598 1.633 1.633 1.657 1.669 1.681 1.909 2.142 2.375 2.607
0.422 0.417 0.413 0.408 0.398 0.398 0.394 0.389 0.385 0.389 0.394 0.399 0.404 0.409 0.413 0.418 0.424 0.429 0.434 0.440 0.514 0.515 0.539 0.569 0.600 0.631 0.661 0.692 0.723 0.753 0.784 0.814 0.844 0.872 0.823 0.773 0.675 0.676 0.627 0.578 0.529 0.483 0.518 0.552 0.585 0.587 0.555 0.524 0.492 0.461 0.430 0.428 0.486 0.486 0.515 0.544 0.583 0.631 0.705 0.812 0.919 1.026 1.133 1.241 1.348 1.455 1.561 1.669 1.750 1.751 1.775 1.787 1.926 2.159 2.392 2.624 2.857
0.442 0.437 0.433 0.428 0.418 0.419 0.414 0.409 0.405 0.409 0.414 0.419 0.424 0.429 0.434 0.439 0.444 0.450 0.455 0.508 0.604 0.605 0.628 0.652 0.675 0.704 0.735 0.765 0.796 0.826 0.857 0.887 0.917 0.947 0.899 0.849 0.751 0.751 0.703 0.654 0.644 0.678 0.712 0.745 0.779 0.788 0.757 0.725 0.694 0.662 0.631 0.600 0.536 0.537 0.549 0.578 0.611 0.668 0.776 0.883 0.990 1.097 1.204 1.311 1.419 1.525 1.633 1.740 1.847 1.847 1.892 1.943 2.176 2.409 2.641 2.874 3.107
0.444 0.440 0.435 0.430 0.421 0.421 0.416 0.412 0.408 0.412 0.417 0.422 0.427 0.432 0.437 0.442 0.447 0.453 0.458 0.511 0.606 0.607 0.630 0.654 0.677 0.706 0.736 0.767 0.797 0.827 0.858 0.888 0.918 0.948 0.899 0.850 0.752 0.752 0.703 0.654 0.644 0.678 0.712 0.745 0.779 0.788 0.757 0.725 0.694 0.662 0.631 0.599 0.536 0.537 0.549 0.578 0.610 0.668 0.775 0.882 0.990 1.097 1.204 1.311 1.418 1.525 1.632 1.739 1.846 1.847 1.892 1.943 2.176 2.408 2.641 2.874 3.106
0.464 0.459 0.455 0.450 0.440 0.441 0.437 0.432 0.428 0.432 0.437 0.442 0.447 0.452 0.457 0.462 0.468 0.492 0.545 0.598 0.694 0.695 0.718 0.742 0.765 0.788 0.811 0.840 0.870 0.900 0.931 0.961 0.991 1.021 0.975 0.926 0.827 0.828 0.779 0.804 0.838 0.872 0.906 0.939 0.973 0.990 0.958 0.927 0.895 0.864 0.832 0.801 0.737 0.738 0.706 0.675 0.644 0.739 0.846 0.953 1.061 1.168 1.275 1.382 1.489 1.596 1.703 1.810 1.917 1.918 2.009 2.192 2.425 2.658 2.891 3.123 3.356
0.483 0.479 0.474 0.470 0.460 0.461 0.456 0.452 0.448 0.451 0.456 0.461 0.466 0.471 0.477 0.482 0.527 0.579 0.632 0.684 0.782 0.783 0.806 0.829 0.852 0.875 0.898 0.921 0.944 0.973 1.003 1.033 1.064 1.094 1.051 1.002 0.931 0.931 0.965 0.999 1.032 1.066 1.099 1.133 1.166 1.191 1.160 1.128 1.097 1.065 1.034 1.002 0.939 0.939 0.908 0.876 0.863 0.914 1.010 1.105 1.200 1.295 1.390 1.485 1.580 1.675 1.774 1.881 1.988 1.988 2.209 2.442 2.675 2.908 3.140 3.373 3.606
0.521 0.516 0.511 0.507 0.497 0.498 0.494 0.489 0.485 0.487 0.492 0.497 0.503 0.539 0.592 0.645 0.697 0.750 0.802 0.854 0.956 0.956 0.980 1.003 1.026 1.049 1.072 1.095 1.118 1.141 1.164 1.187 1.210 1.238 1.218 1.252 1.319 1.319 1.353 1.386 1.420 1.453 1.487 1.520 1.554 1.587 1.563 1.532 1.500 1.468 1.437 1.405 1.346 1.347 1.334 1.320 1.307 1.294 1.388 1.483 1.579 1.674 1.769 1.864 1.958 2.053 2.148 2.243 2.338 2.338 2.665 2.878 3.110 3.342 3.574 3.805 4.037
0.540 0.536 0.531 0.526 0.517 0.517 0.513 0.509 0.505 0.506 0.511 0.520 0.573 0.625 0.678 0.730 0.783 0.835 0.887 0.939 1.043 1.043 1.066 1.089 1.112 1.135 1.158 1.181 1.204 1.227 1.250 1.274 1.297 1.344 1.402 1.446 1.512 1.513 1.546 1.580 1.613 1.647 1.680 1.714 1.747 1.781 1.765 1.733 1.702 1.670 1.638 1.607 1.568 1.569 1.556 1.542 1.529 1.516 1.578 1.673 1.768 1.863 1.958 2.053 2.148 2.243 2.338 2.432 2.554 2.555 2.908 3.089 3.321 3.553 3.785 4.016 4.248
0.560 0.555 0.550 0.546 0.536 0.537 0.532 0.528 0.524 0.524 0.553 0.606 0.659 0.711 0.763 0.816 0.868 0.920 0.972 1.024 1.128 1.128 1.153 1.176 1.199 1.222 1.245 1.268 1.291 1.314 1.337 1.362 1.424 1.486 1.544 1.601 1.706 1.707 1.740 1.774 1.807 1.840 1.874 1.907 1.941 1.974 1.966 1.935 1.903 1.872 1.840 1.817 1.790 1.791 1.777 1.764 1.751 1.738 1.767 1.862 1.957 2.052 2.147 2.242 2.337 2.432 2.527 2.622 2.798 2.798 3.151 3.328 3.532 3.764 3.996 4.227 4.459
0.579 0.574 0.570 0.565 0.555 0.556 0.552 0.547 0.543 0.589 0.639 0.692 0.744 0.796 0.848 0.901 0.953 1.005 1.057 1.109 1.213 1.213 1.240 1.263 1.286 1.309 1.332 1.355 1.378 1.401 1.442 1.504 1.566 1.628 1.686 1.743 1.856 1.856 1.913 1.967 2.001 2.034 2.067 2.101 2.134 2.168 2.168 2.136 2.105 2.073 2.053 2.039 2.012 2.013 1.999 1.986 1.973 1.960 1.956 2.051 2.146 2.241 2.336 2.431 2.526 2.621 2.716 2.864 3.041 3.041 3.394 3.571 3.747 3.975 4.207 4.439 4.670
0.598 0.593 0.589 0.584 0.575 0.576 0.571 0.584 0.648 0.703 0.742 0.782 0.829 0.881 0.933 0.985 1.038 1.090 1.142 1.194 1.297 1.298 1.326 1.349 1.372 1.395 1.418 1.441 1.464 1.522 1.584 1.646 1.708 1.769 1.828 1.885 1.998 1.998 2.055 2.111 2.168 2.224 2.261 2.294 2.328 2.361 2.369 2.338 2.306 2.288 2.275 2.261 2.234 2.235 2.221 2.208 2.195 2.181 2.168 2.241 2.335 2.430 2.525 2.620 2.715 2.810 2.931 3.107 3.284 3.284 3.637 3.814 3.991 4.186 4.418 4.650 4.881
0.617 0.613 0.608 0.604 0.594 0.595 0.632 0.696 0.759 0.816 0.855 0.894 0.934 0.973 1.018 1.070 1.122 1.174 1.226 1.278 1.382 1.382 1.413 1.436 1.459 1.482 1.505 1.540 1.602 1.664 1.725 1.787 1.849 1.911 1.970 2.027 2.140 2.140 2.197 2.253 2.310 2.366 2.423 2.479 2.521 2.555 2.571 2.539 2.524 2.510 2.497 2.483 2.456 2.457 2.443 2.430 2.417 2.403 2.390 2.430 2.525 2.620 2.715 2.810 2.905 2.999 3.174 3.351 3.527 3.528 3.881 4.057 4.234 4.411 4.629 4.861 5.092
0.636 0.632 0.627 0.623 0.679 0.680 0.743 0.807 0.870 0.928 0.968 1.007 1.046 1.086 1.125 1.164 1.207 1.259 1.311 1.363 1.467 1.467 1.499 1.522 1.545 1.568 1.620 1.681 1.743 1.805 1.867 1.929 1.991 2.053 2.112 2.169 2.282 2.282 2.338 2.395 2.451 2.508 2.564 2.621 2.677 2.734 2.773 2.759 2.746 2.732 2.719 2.705 2.678 2.679 2.665 2.652 2.639 2.625 2.612 2.619 2.714 2.809 2.904 2.999 3.094 3.240 3.417 3.594 3.770 3.771 4.124 4.300 4.477 4.654 4.840 5.072 5.303
0.655 0.651 0.646 0.664 0.790 0.791 0.854 0.917 0.980 1.041 1.080 1.119 1.159 1.198 1.237 1.277 1.316 1.355 1.395 1.447 1.551 1.551 1.586 1.609 1.637 1.699 1.761 1.823 1.885 1.947 2.009 2.071 2.132 2.194 2.254 2.311 2.424 2.424 2.480 2.537 2.593 2.650 2.706 2.763 2.819 2.880 2.944 2.954 2.964 2.954 2.941 2.927 2.900 2.901 2.887 2.874 2.861 2.847 2.834 2.820 2.903 2.998 3.093 3.188 3.307 3.484 3.660 3.837 4.014 4.014 4.367 4.544 4.720 4.897 5.074 5.283 5.515
0.674 0.670 0.712 0.775 0.901 0.902 0.965 1.028 1.091 1.153 1.192 1.232 1.271 1.310 1.350 1.389 1.428 1.467 1.506 1.546 1.636 1.636 1.672 1.717 1.779 1.841 1.903 1.965 2.027 2.088 2.150 2.212 2.274 2.336 2.396 2.453 2.565 2.566 2.622 2.679 2.735 2.792 2.848 2.905 2.970 3.038 3.106 3.116 3.126 3.136 3.145 3.149 3.122 3.123 3.109 3.096 3.082 3.069 3.056 3.042 3.093 3.188 3.282 3.377 3.550 3.727 3.904 4.080 4.257 4.257 4.610 4.787 4.964 5.140 5.317 5.494 5.726
0.696 0.759 0.823 0.886 1.012 1.012 1.075 1.138 1.201 1.264 1.305 1.344 1.383 1.422 1.462 1.501 1.540 1.579 1.619 1.658 1.736 1.736 1.795 1.859 1.921 1.983 2.044 2.106 2.168 2.230 2.292 2.354 2.415 2.477 2.538 2.595 2.707 2.708 2.764 2.821 2.877 2.933 2.992 3.060 3.128 3.196 3.263 3.278 3.288 3.298 3.307 3.317 3.336 3.337 3.331 3.318 3.304 3.291 3.278 3.264 3.282 3.377 3.472 3.617 3.793 3.970 4.147 4.323 4.500 4.501 4.854 5.030 5.207 5.383 5.560 5.737 5.937
0.807 0.870 0.933 0.996 1.122 1.122 1.185 1.248 1.311 1.374 1.417 1.456 1.495 1.535 1.574 1.613 1.652 1.691 1.731 1.770 1.861 1.861 1.918 1.988 2.058 2.124 2.186 2.248 2.310 2.372 2.433 2.495 2.557 2.619 2.680 2.737 2.849 2.849 2.906 2.962 3.019 3.082 3.150 3.217 3.285 3.353 3.421 3.440 3.450 3.460 3.469 3.479 3.498 3.499 3.508 3.518 3.526 3.513 3.500 3.486 3.473 3.566 3.683 3.860 4.037 4.213 4.390 4.567 4.743 4.744 5.097 5.273 5.450 5.627 5.803 5.980 6.157
0.917 0.981 1.044 1.107 1.232 1.232 1.295 1.358 1.421 1.484 1.529 1.568 1.608 1.647 1.686 1.725 1.764 1.804 1.843 1.889 1.986 1.987 2.042 2.112 2.182 2.252 2.322 2.389 2.451 2.513 2.575 2.637 2.698 2.760 2.822 2.879 2.991 2.991 3.048 3.104 3.172 3.240 3.307 3.375 3.443 3.511 3.579 3.602 3.612 3.622 3.631 3.641 3.660 3.661 3.670 3.680 3.690 3.700 3.709 3.708 3.695 3.756 3.927 4.103 4.280 4.457 4.633 4.810 4.987 4.987 5.326 5.486 5.646 5.805 5.965 6.125 6.285
1.028 1.091 1.154 1.217 1.342 1.343 1.406 1.469 1.531 1.594 1.641 1.680 1.720 1.759 1.798 1.837 1.877 1.916 1.965 2.014 2.112 2.112 2.165 2.235 2.305 2.375 2.445 2.515 2.585 2.655 2.716 2.778 2.840 2.902 2.964 3.020 3.133 3.133 3.194 3.262 3.329 3.397 3.465 3.533 3.601 3.669 3.737 3.764 3.774 3.784 3.794 3.803 3.822 3.823 3.832 3.842 3.852 3.862 3.871 3.881 3.891 3.946 4.106 4.266 4.426 4.586 4.745 4.905 5.065 5.066 5.385 5.545 5.705 5.865 6.024 6.184 6.336
1.028 1.091 1.154 1.217 1.342 1.343 1.406 1.469 1.531 1.594 1.641 1.681 1.720 1.759 1.798 1.837 1.877 1.916 1.965 2.014 2.112 2.112 2.165 2.235 2.305 2.375 2.445 2.515 2.585 2.654 2.716 2.778 2.840 2.902 2.963 3.020 3.133 3.133 3.194 3.261 3.329 3.397 3.465 3.533 3.601 3.669 3.736 3.764 3.774 3.784 3.793 3.803 3.822 3.822 3.832 3.842 3.852 3.861 3.871 3.881 3.891 3.946 4.106 4.265 4.425 4.585 4.745 4.905 5.065 5.065 5.385 5.544 5.704 5.864 6.024 6.184 6.336
1.138 1.201 1.264 1.327 1.453 1.453 1.516 1.579 1.641 1.704 1.753 1.793 1.832 1.871 1.910 1.949 1.993 2.042 2.091 2.140 2.237 2.237 2.289 2.359 2.429 2.499 2.569 2.639 2.709 2.779 2.849 2.919 2.981 3.043 3.105 3.162 3.283 3.284 3.351 3.419 3.487 3.555 3.623 3.691 3.758 3.826 3.894 3.926 3.936 3.946 3.955 3.965 3.984 3.984 3.994 4.004 4.014 4.023 4.033 4.046 4.065 4.091 4.165 4.325 4.484 4.644 4.804 4.964 5.124 5.124 5.444 5.603 5.763 5.923 6.083 6.243 6.385
1.240 1.307 1.373 1.437 1.563 1.563 1.626 1.689 1.752 1.814 1.865 1.905 1.944 1.983 2.022 2.069 2.118 2.167 2.216 2.265 2.363 2.363 2.412 2.482 2.552 2.622 2.692 2.762 2.832 2.902 2.972 3.042 3.112 3.182 3.246 3.306 3.441 3.441 3.509 3.577 3.645 3.713 3.780 3.848 3.916 3.984 4.052 4.088 4.098 4.108 4.117 4.127 4.146 4.146 4.156 4.166 4.176 4.186 4.204 4.222 4.241 4.269 4.299 4.383 4.543 4.703 4.863 5.023 5.183 5.183 5.503 5.662 5.822 5.982 6.142 6.297 6.434
1.443 1.510 1.576 1.643 1.776 1.776 1.843 1.909 1.972 2.034 2.090 2.129 2.173 2.222 2.271 2.320 2.369 2.418 2.467 2.516 2.613 2.614 2.662 2.729 2.799 2.869 2.939 3.009 3.079 3.149 3.219 3.289 3.359 3.435 3.513 3.591 3.748 3.749 3.825 3.893 3.960 4.028 4.096 4.164 4.232 4.300 4.367 4.413 4.422 4.432 4.442 4.451 4.470 4.471 4.483 4.501 4.520 4.538 4.556 4.575 4.594 4.624 4.655 4.685 4.715 4.822 4.981 5.141 5.301 5.301 5.621 5.781 5.941 6.100 6.260 6.396 6.532
