includes/camargue/floodfiles/results_R2_t1.562344511003E12/res-0011.wd
ncols         906
nrows         631
xllcorner     362177.146667
yllcorner     6534725.688020
cellsize      20.000000
NODATA_value  -9999.000000
[rows 476 to 509 of 631, columns 0 to 76 of 906]
0.750 0.830 0.959 1.136 1.313 1.490 1.668 1.845 1.845 2.199 2.360 2.521 2.683 2.700 2.690 2.681 2.671 2.661 2.651 2.636 2.621 2.606 2.591 2.576 2.576 2.326 2.169 2.017 1.924 1.832 1.740 1.647 1.555 1.463 1.370 1.278 1.456 1.672 1.889 2.107 2.106 2.553 2.795 3.037 3.279 3.521 3.694 3.728 3.625 3.522 3.418 3.315 3.212 3.109 3.005 2.902 2.902 2.675 2.560 2.442 2.314 2.187 2.059 1.932 1.804 1.676 1.707 1.779 1.852 1.924 1.997 2.355 3.166 3.166 3.572 3.977 3.931
0.676 0.770 0.864 1.006 1.183 1.360 1.537 1.715 1.714 2.063 2.224 2.385 2.547 2.708 2.713 2.703 2.693 2.684 2.672 2.657 2.642 2.627 2.612 2.597 2.597 2.483 2.326 2.193 2.101 2.009 1.916 1.824 1.732 1.639 1.547 1.454 1.359 1.592 1.834 2.076 2.076 2.561 2.803 3.045 3.287 3.529 3.636 3.674 3.701 3.597 3.494 3.391 3.288 3.184 3.081 2.977 2.977 2.747 2.631 2.516 2.397 2.269 2.142 2.014 1.887 1.799 1.872 1.944 2.017 2.089 2.161 2.267 3.079 3.079 3.484 3.748 3.417
0.558 0.651 0.745 0.840 0.936 1.100 1.277 1.455 1.454 1.791 1.952 2.114 2.275 2.436 2.598 2.748 2.739 2.729 2.714 2.699 2.684 2.669 2.654 2.639 2.639 2.615 2.631 2.474 2.347 2.221 2.094 1.968 1.841 1.715 1.588 1.461 1.536 1.694 1.852 2.092 2.092 2.576 2.818 3.061 3.303 3.483 3.521 3.559 3.597 3.635 3.646 3.543 3.439 3.336 3.233 3.121 3.120 2.890 2.775 2.660 2.544 2.429 2.307 2.180 2.056 2.129 2.201 2.274 2.346 2.418 2.491 2.563 2.903 2.903 3.050 2.719 2.387
0.498 0.591 0.685 0.780 0.876 0.971 1.147 1.324 1.324 1.655 1.816 1.978 2.139 2.300 2.462 2.623 2.761 2.749 2.734 2.719 2.725 2.741 2.757 2.773 2.773 2.806 2.744 2.504 2.346 2.220 2.093 1.966 1.840 1.713 1.587 1.467 1.624 1.782 1.940 2.100 2.100 2.584 2.826 3.068 3.311 3.425 3.464 3.502 3.540 3.578 3.616 3.618 3.515 3.412 3.307 3.192 3.192 2.962 2.846 2.731 2.616 2.501 2.385 2.262 2.221 2.293 2.366 2.438 2.511 2.583 2.656 2.728 2.858 2.858 2.637 2.342 2.047
0.438 0.531 0.625 0.720 0.816 0.912 1.016 1.194 1.193 1.519 1.680 1.842 2.003 2.164 2.324 2.482 2.640 2.867 2.883 2.899 2.915 2.931 2.948 2.964 2.964 2.996 2.851 2.611 2.371 2.218 2.092 1.965 1.839 1.712 1.585 1.555 1.713 1.871 2.028 2.186 2.186 2.592 2.834 3.076 3.318 3.368 3.406 3.444 3.482 3.520 3.558 3.596 3.591 3.487 3.379 3.264 3.264 3.033 2.918 2.803 2.688 2.572 2.457 2.344 2.351 2.399 2.447 2.496 2.544 2.592 2.641 2.689 2.822 2.822 2.989 2.723 2.428
0.379 0.471 0.565 0.660 0.756 0.852 0.948 1.060 1.060 1.377 1.535 1.693 1.852 2.010 2.168 2.327 2.509 2.836 3.074 3.090 3.106 3.122 3.138 3.154 3.154 3.187 2.959 2.718 2.478 2.238 2.090 1.964 1.837 1.711 1.584 1.644 1.801 1.959 2.117 2.275 2.275 2.600 2.842 3.084 3.272 3.310 3.348 3.386 3.424 3.462 3.501 3.539 3.577 3.563 3.451 3.335 3.335 3.112 3.004 2.897 2.789 2.681 2.573 2.457 2.304 2.327 2.376 2.424 2.472 2.521 2.569 2.618 2.797 2.797 2.963 3.104 2.809
0.321 0.419 0.519 0.620 0.721 0.823 0.925 0.985 0.984 1.221 1.380 1.538 1.696 1.854 2.013 2.171 2.413 2.740 3.067 3.280 3.296 3.312 3.329 3.345 3.345 3.306 3.066 2.826 2.585 2.345 2.105 1.963 1.836 1.709 1.583 1.732 1.890 2.048 2.206 2.364 2.363 2.680 2.850 3.092 3.215 3.253 3.291 3.329 3.367 3.405 3.443 3.487 3.531 3.575 3.557 3.449 3.449 3.234 3.126 3.019 2.911 2.803 2.695 2.563 2.410 2.258 2.304 2.352 2.401 2.449 2.498 2.546 2.772 2.772 2.938 3.105 3.190
0.305 0.403 0.503 0.604 0.705 0.807 0.908 0.940 0.940 1.066 1.224 1.382 1.540 1.699 1.857 2.015 2.317 2.644 2.971 3.298 3.487 3.503 3.519 3.535 3.535 3.413 3.173 2.933 2.693 2.452 2.212 1.972 1.835 1.708 1.663 1.821 1.978 2.136 2.294 2.452 2.452 2.768 2.926 3.100 3.157 3.199 3.243 3.287 3.330 3.374 3.418 3.461 3.505 3.551 3.601 3.571 3.571 3.356 3.248 3.140 3.033 2.925 2.817 2.669 2.517 2.364 2.232 2.281 2.329 2.378 2.426 2.474 2.746 2.746 2.913 3.079 3.246
0.289 0.386 0.486 0.587 0.689 0.790 0.867 0.896 0.895 0.954 1.068 1.227 1.385 1.543 1.701 1.894 2.221 2.548 2.875 3.202 3.530 3.693 3.710 3.726 3.726 3.521 3.281 3.040 2.800 2.560 2.319 2.079 1.839 1.707 1.751 1.909 2.067 2.225 2.383 2.537 2.536 2.809 2.945 3.066 3.130 3.174 3.217 3.261 3.305 3.348 3.392 3.436 3.479 3.527 3.577 3.627 3.626 3.478 3.370 3.262 3.155 3.047 2.927 2.775 2.622 2.470 2.318 2.209 2.258 2.306 2.354 2.403 2.721 2.721 2.887 3.054 3.220
0.273 0.370 0.470 0.571 0.673 0.774 0.822 0.851 0.851 0.909 0.938 1.071 1.229 1.387 1.546 1.798 2.125 2.452 2.779 3.107 3.434 3.761 3.900 3.917 3.916 3.628 3.388 3.148 2.907 2.667 2.427 2.186 1.946 1.706 1.827 1.963 2.099 2.235 2.371 2.508 2.507 2.780 2.916 3.016 3.086 3.148 3.192 3.235 3.279 3.322 3.366 3.410 3.454 3.504 3.553 3.603 3.603 3.600 3.492 3.385 3.277 3.169 3.033 2.881 2.728 2.576 2.424 2.272 2.186 2.234 2.283 2.363 2.696 2.696 2.862 3.029 3.195
0.279 0.354 0.454 0.555 0.656 0.748 0.777 0.806 0.806 0.864 0.893 0.922 1.074 1.232 1.390 1.702 2.029 2.356 2.683 3.011 3.338 3.665 3.992 4.107 4.107 3.735 3.495 3.255 3.015 2.779 2.543 2.306 2.070 1.870 1.798 1.934 2.070 2.206 2.342 2.478 2.478 2.751 2.887 2.966 3.035 3.105 3.166 3.210 3.253 3.297 3.340 3.384 3.430 3.480 3.530 3.579 3.579 3.678 3.614 3.507 3.399 3.291 3.139 2.987 2.834 2.682 2.530 2.378 2.225 2.163 2.211 2.337 2.670 2.670 2.837 3.003 3.170
0.300 0.353 0.438 0.539 0.640 0.704 0.733 0.762 0.761 0.820 0.849 0.878 0.918 1.076 1.279 1.606 1.933 2.260 2.588 2.915 3.242 3.569 3.897 4.213 4.213 3.853 3.617 3.381 3.145 2.909 2.673 2.437 2.200 2.050 1.968 1.905 2.041 2.177 2.313 2.449 2.449 2.722 2.846 2.915 2.985 3.054 3.124 3.184 3.228 3.271 3.315 3.358 3.407 3.456 3.506 3.555 3.555 3.655 3.704 3.629 3.521 3.397 3.245 3.093 2.940 2.788 2.636 2.484 2.331 2.179 2.145 2.312 2.640 2.640 2.798 2.955 3.112
0.321 0.374 0.429 0.523 0.624 0.659 0.688 0.717 0.717 0.775 0.804 0.833 0.862 0.921 1.183 1.510 1.837 2.151 2.458 2.766 3.073 3.381 3.688 3.965 3.965 3.983 3.747 3.511 3.275 3.039 2.803 2.567 2.331 2.229 2.148 2.066 2.012 2.148 2.284 2.420 2.420 2.693 2.795 2.865 2.934 3.004 3.074 3.143 3.202 3.245 3.289 3.333 3.383 3.433 3.482 3.532 3.532 3.631 3.681 3.730 3.643 3.503 3.351 3.199 3.046 2.894 2.741 2.581 2.422 2.262 2.151 2.238 2.553 2.553 2.711 2.868 3.025
0.342 0.395 0.450 0.507 0.586 0.615 0.643 0.672 0.672 0.732 0.765 0.799 0.833 0.866 1.011 1.319 1.626 1.934 2.241 2.549 2.856 3.164 3.471 3.704 3.704 4.061 3.877 3.641 3.405 3.169 2.933 2.697 2.491 2.409 2.327 2.245 2.164 2.119 2.255 2.391 2.391 2.663 2.745 2.814 2.884 2.954 3.023 3.093 3.163 3.220 3.263 3.310 3.359 3.409 3.458 3.508 3.508 3.607 3.657 3.706 3.750 3.596 3.437 3.277 3.118 2.958 2.799 2.639 2.480 2.320 2.250 2.208 2.466 2.466 2.623 2.781 2.938
0.341 0.390 0.441 0.493 0.561 0.594 0.628 0.661 0.661 0.728 0.762 0.796 0.830 0.872 0.928 1.102 1.409 1.717 2.024 2.332 2.639 2.947 3.254 3.444 3.444 3.801 3.979 3.772 3.535 3.299 3.063 2.827 2.670 2.588 2.507 2.425 2.343 2.261 2.226 2.362 2.362 2.625 2.694 2.764 2.834 2.903 2.973 3.042 3.112 3.182 3.238 3.286 3.336 3.385 3.437 3.491 3.491 3.599 3.653 3.707 3.714 3.654 3.495 3.335 3.176 3.016 2.857 2.697 2.538 2.392 2.349 2.307 2.379 2.379 2.536 2.694 2.851
0.277 0.325 0.376 0.439 0.528 0.591 0.624 0.658 0.658 0.725 0.759 0.793 0.826 0.878 0.933 0.989 1.192 1.500 1.807 2.115 2.422 2.730 3.005 3.183 3.183 3.540 3.718 3.897 3.666 3.430 3.194 2.957 2.850 2.768 2.686 2.604 2.523 2.441 2.359 2.333 2.333 2.574 2.644 2.714 2.783 2.853 2.922 2.992 3.062 3.133 3.206 3.277 3.331 3.385 3.439 3.493 3.493 3.601 3.655 3.709 3.678 3.619 3.553 3.393 3.234 3.074 2.915 2.755 2.596 2.490 2.448 2.406 2.322 2.322 2.449 2.606 2.764
0.276 0.325 0.375 0.438 0.528 0.590 0.624 0.657 0.657 0.725 0.758 0.792 0.826 0.877 0.933 0.989 1.192 1.499 1.807 2.115 2.422 2.730 3.005 3.183 3.183 3.540 3.718 3.897 3.666 3.430 3.193 2.957 2.849 2.768 2.686 2.604 2.523 2.441 2.359 2.333 2.333 2.574 2.644 2.713 2.783 2.853 2.922 2.992 3.062 3.133 3.206 3.277 3.331 3.385 3.439 3.493 3.493 3.601 3.655 3.709 3.678 3.619 3.553 3.393 3.234 3.074 2.915 2.755 2.596 2.490 2.448 2.406 2.322 2.322 2.449 2.606 2.764
0.212 0.259 0.310 0.393 0.483 0.573 0.620 0.654 0.654 0.721 0.755 0.789 0.827 0.883 0.939 0.995 1.051 1.283 1.590 1.898 2.205 2.513 2.744 2.923 2.923 3.280 3.458 3.636 3.796 3.560 3.324 3.111 3.029 2.947 2.866 2.784 2.702 2.621 2.539 2.457 2.457 2.524 2.594 2.664 2.735 2.806 2.877 2.948 3.019 3.090 3.170 3.264 3.333 3.387 3.441 3.495 3.495 3.603 3.657 3.701 3.642 3.583 3.524 3.451 3.292 3.132 2.973 2.813 2.653 2.589 2.547 2.505 2.421 2.421 2.378 2.519 2.677
0.081 0.127 0.213 0.302 0.393 0.483 0.574 0.648 0.648 0.715 0.749 0.783 0.839 0.895 0.950 1.007 1.063 1.119 1.175 1.464 1.772 2.045 2.223 2.402 2.402 2.759 2.937 3.115 3.294 3.472 3.584 3.470 3.373 3.244 3.116 2.988 2.859 2.731 2.602 2.474 2.473 2.455 2.507 2.578 2.649 2.720 2.791 2.862 2.933 3.006 3.099 3.192 3.286 3.379 3.445 3.499 3.499 3.606 3.661 3.630 3.571 3.511 3.452 3.393 3.334 3.248 3.089 2.929 2.830 2.787 2.745 2.703 2.619 2.619 2.577 2.534 2.502
0.006 0.075 0.166 0.257 0.347 0.438 0.529 0.619 0.619 0.712 0.746 0.788 0.844 0.900 0.956 1.012 1.068 1.124 1.180 1.247 1.555 1.784 1.963 2.141 2.141 2.498 2.677 2.867 3.063 3.260 3.440 3.435 3.306 3.178 3.049 2.921 2.792 2.664 2.535 2.407 2.407 2.441 2.482 2.535 2.606 2.677 2.748 2.819 2.890 2.970 3.063 3.157 3.250 3.344 3.437 3.500 3.500 3.608 3.653 3.594 3.535 3.476 3.417 3.357 3.298 3.239 3.147 2.987 2.929 2.886 2.844 2.802 2.718 2.718 2.661 2.584 2.507
0.000 0.016 0.119 0.211 0.302 0.393 0.484 0.574 0.574 0.709 0.743 0.794 0.850 0.906 0.962 1.018 1.074 1.130 1.186 1.242 1.338 1.525 1.721 1.918 1.918 2.311 2.507 2.704 2.901 3.097 3.224 3.249 3.239 3.111 2.983 2.854 2.726 2.597 2.469 2.345 2.344 2.427 2.468 2.509 2.563 2.634 2.705 2.776 2.847 2.934 3.027 3.121 3.214 3.308 3.401 3.495 3.495 3.610 3.617 3.558 3.499 3.440 3.381 3.321 3.262 3.203 3.144 3.070 3.014 2.938 2.861 2.784 2.630 2.630 2.554 2.477 2.405
0.000 0.000 0.072 0.165 0.257 0.348 0.439 0.529 0.529 0.706 0.744 0.800 0.856 0.912 0.968 1.024 1.078 1.133 1.188 1.243 1.293 1.362 1.558 1.755 1.755 2.148 2.345 2.541 2.738 2.934 3.008 3.033 3.058 3.044 2.916 2.787 2.659 2.531 2.402 2.331 2.330 2.413 2.454 2.495 2.536 2.591 2.662 2.733 2.805 2.898 2.992 3.085 3.179 3.272 3.365 3.459 3.459 3.612 3.581 3.522 3.463 3.404 3.349 3.318 3.287 3.256 3.226 3.078 2.907 2.830 2.754 2.677 2.523 2.523 2.446 2.370 2.325
0.000 0.000 0.015 0.120 0.212 0.303 0.394 0.485 0.485 0.667 0.747 0.802 0.857 0.912 0.967 1.022 1.077 1.132 1.187 1.242 1.286 1.322 1.395 1.592 1.592 1.985 2.181 2.378 2.575 2.767 2.792 2.817 2.842 2.867 2.849 2.721 2.592 2.464 2.335 2.316 2.316 2.399 2.440 2.481 2.522 2.563 2.619 2.690 2.769 2.862 2.956 3.049 3.143 3.236 3.330 3.423 3.423 3.615 3.598 3.567 3.536 3.506 3.475 3.444 3.413 3.383 3.352 3.133 2.885 2.723 2.647 2.570 2.416 2.416 2.339 2.263 2.244
0.000 0.000 0.000 0.079 0.172 0.264 0.355 0.445 0.445 0.627 0.722 0.801 0.856 0.911 0.966 1.021 1.076 1.131 1.185 1.240 1.278 1.314 1.350 1.429 1.429 1.822 2.019 2.215 2.412 2.552 2.576 2.601 2.626 2.651 2.676 2.654 2.526 2.397 2.268 2.302 2.302 2.384 2.426 2.467 2.508 2.549 2.590 2.647 2.733 2.827 2.920 3.015 3.113 3.210 3.308 3.406 3.406 3.607 3.716 3.693 3.663 3.632 3.601 3.570 3.540 3.509 3.436 3.188 2.941 2.693 2.539 2.463 2.309 2.309 2.232 2.163 2.163
0.000 0.000 0.000 0.031 0.132 0.224 0.315 0.406 0.406 0.589 0.684 0.780 0.854 0.909 0.964 1.019 1.074 1.129 1.184 1.235 1.271 1.307 1.342 1.378 1.378 1.659 1.856 2.052 2.249 2.336 2.361 2.386 2.410 2.435 2.460 2.485 2.459 2.330 2.247 2.288 2.288 2.370 2.411 2.452 2.494 2.535 2.562 2.578 2.709 2.807 2.905 3.003 3.101 3.199 3.297 3.395 3.395 3.599 3.708 3.816 3.789 3.758 3.727 3.697 3.666 3.635 3.491 3.244 2.996 2.748 2.500 2.356 2.202 2.202 2.125 2.082 2.082
0.000 0.000 0.000 0.000 0.092 0.184 0.275 0.366 0.366 0.551 0.646 0.742 0.837 0.908 0.963 1.018 1.073 1.128 1.183 1.227 1.263 1.299 1.335 1.371 1.371 1.496 1.693 1.889 2.086 2.120 2.145 2.170 2.195 2.219 2.244 2.269 2.294 2.264 2.233 2.274 2.274 2.339 2.355 2.371 2.386 2.402 2.418 2.481 2.664 2.796 2.894 2.992 3.090 3.188 3.286 3.384 3.384 3.591 3.700 3.808 3.915 3.884 3.854 3.823 3.792 3.762 3.547 3.299 3.051 2.803 2.556 2.308 2.095 2.095 2.018 2.001 2.001
0.000 0.000 0.000 0.000 0.050 0.144 0.235 0.326 0.326 0.513 0.609 0.704 0.799 0.895 0.961 1.016 1.071 1.126 1.181 1.220 1.256 1.292 1.328 1.363 1.363 1.435 1.530 1.726 1.879 1.904 1.929 1.954 1.979 2.004 2.028 2.053 2.086 2.124 2.148 2.164 2.164 2.195 2.211 2.227 2.242 2.258 2.273 2.388 2.570 2.752 2.882 2.980 3.078 3.176 3.274 3.372 3.372 3.583 3.692 3.801 3.909 4.011 3.980 3.949 3.919 3.850 3.602 3.354 3.106 2.859 2.611 2.363 1.988 1.988 1.920 1.920 1.920
0.000 0.000 0.000 0.000 0.002 0.104 0.195 0.286 0.286 0.475 0.571 0.666 0.761 0.857 0.952 1.015 1.070 1.125 1.176 1.212 1.248 1.284 1.320 1.356 1.356 1.428 1.464 1.563 1.664 1.688 1.713 1.745 1.783 1.820 1.858 1.895 1.932 1.968 1.997 2.020 2.020 2.051 2.067 2.082 2.098 2.114 2.129 2.294 2.476 2.659 2.841 2.969 3.067 3.165 3.263 3.361 3.361 3.575 3.684 3.792 3.901 4.010 4.106 4.076 4.045 3.905 3.657 3.409 3.162 2.914 2.666 2.419 1.923 1.923 1.839 1.844 1.860
0.000 0.000 0.000 0.000 0.000 0.063 0.154 0.246 0.246 0.437 0.533 0.628 0.724 0.819 0.914 1.010 1.069 1.124 1.169 1.205 1.241 1.277 1.313 1.349 1.349 1.420 1.453 1.479 1.479 1.516 1.554 1.591 1.628 1.666 1.703 1.741 1.778 1.811 1.840 1.868 1.868 1.907 1.923 1.938 1.954 1.970 2.019 2.201 2.383 2.565 2.747 2.929 3.055 3.153 3.251 3.349 3.349 3.567 3.676 3.785 3.893 4.002 4.111 4.202 4.171 3.960 3.712 3.465 3.217 2.969 2.723 2.477 1.984 1.984 1.861 1.855 1.872
0.001 0.000 0.000 0.000 0.000 0.007 0.113 0.208 0.208 0.399 0.495 0.590 0.686 0.781 0.876 0.972 1.067 1.122 1.161 1.197 1.233 1.269 1.297 1.323 1.323 1.375 1.401 1.419 1.374 1.362 1.399 1.437 1.474 1.512 1.549 1.586 1.624 1.654 1.683 1.711 1.711 1.763 1.779 1.794 1.810 1.825 1.925 2.107 2.289 2.471 2.653 2.836 3.018 3.142 3.240 3.341 3.341 3.559 3.668 3.777 3.885 3.994 4.103 4.212 4.263 4.017 3.771 3.525 3.279 3.033 2.786 2.540 2.062 2.062 1.974 1.886 1.883
0.051 0.000 0.000 0.000 0.000 0.000 0.072 0.169 0.170 0.361 0.457 0.553 0.648 0.743 0.839 0.934 1.029 1.115 1.141 1.167 1.193 1.219 1.245 1.271 1.271 1.323 1.349 1.348 1.304 1.259 1.245 1.283 1.320 1.358 1.395 1.432 1.469 1.498 1.526 1.555 1.554 1.611 1.634 1.650 1.666 1.681 1.831 2.013 2.195 2.378 2.560 2.742 2.924 3.107 3.228 3.333 3.333 3.551 3.660 3.770 3.881 3.993 4.105 4.216 4.221 4.081 3.835 3.589 3.342 3.096 2.850 2.604 2.174 2.174 2.086 1.998 1.910
0.093 0.010 0.000 0.000 0.000 0.000 0.022 0.131 0.132 0.324 0.419 0.515 0.610 0.715 0.828 0.942 1.056 1.122 1.090 1.115 1.141 1.167 1.193 1.219 1.219 1.271 1.297 1.278 1.233 1.188 1.143 1.129 1.166 1.203 1.241 1.278 1.312 1.341 1.369 1.398 1.397 1.455 1.483 1.506 1.521 1.556 1.738 1.920 2.102 2.284 2.466 2.648 2.831 3.013 3.202 3.330 3.330 3.553 3.665 3.776 3.888 4.000 4.111 4.223 4.156 4.041 3.898 3.652 3.406 3.160 2.914 2.667 2.286 2.286 2.198 2.110 2.023
0.094 0.016 0.000 0.000 0.000 0.000 0.015 0.131 0.132 0.324 0.419 0.515 0.610 0.715 0.828 0.942 1.056 1.122 1.090 1.115 1.141 1.167 1.193 1.219 1.219 1.271 1.297 1.278 1.233 1.188 1.143 1.129 1.166 1.203 1.241 1.278 1.312 1.341 1.369 1.398 1.397 1.455 1.483 1.506 1.521 1.555 1.737 1.919 2.102 2.284 2.466 2.648 2.831 3.013 3.202 3.330 3.330 3.553 3.665 3.776 3.888 4.000 4.111 4.223 4.156 4.041 3.898 3.652 3.406 3.160 2.914 2.667 2.286 2.286 2.198 2.110 2.022
0.185 0.075 0.001 0.000 0.000 0.000 0.000 0.093 0.094 0.299 0.413 0.526 0.640 0.754 0.867 0.981 1.095 1.134 1.102 1.070 1.089 1.115 1.141 1.167 1.167 1.219 1.245 1.207 1.162 1.117 1.073 1.028 1.012 1.049 1.087 1.124 1.156 1.184 1.212 1.241 1.241 1.298 1.326 1.354 1.377 1.462 1.644 1.826 2.008 2.197 2.389 2.581 2.774 2.966 3.153 3.323 3.322 3.560 3.672 3.783 3.895 4.006 4.118 4.206 4.091 3.977 3.862 3.716 3.470 3.223 2.977 2.731 2.398 2.398 2.310 2.223 2.135
