includes/camargue/floodfiles/results_R2_t1.562344511003E12/res-0009.wd
ncols         906
nrows         631
xllcorner     362177.146667
yllcorner     6534725.688020
cellsize      20.000000
NODATA_value  -9999.000000
[rows 544 to 577 of 631, columns 154 to 230 of 906]
2.548 2.859 3.170 3.481 3.590 3.676 3.762 3.818 3.791 3.764 3.736 3.709 3.682 3.784 4.030 4.030 4.521 4.767 5.013 5.258 5.342 5.351 5.224 5.004 4.785 4.566 4.346 4.127 3.908 3.689 3.469 3.469 3.405 3.406 3.407 3.408 3.409 3.410 3.411 3.412 3.413 3.414 3.389 3.352 3.318 3.283 3.248 3.249 3.179 3.144 3.110 3.075 3.040 3.006 2.987 3.061 3.134 3.207 3.281 3.354 3.428 3.501 3.574 3.726 3.726 3.805 3.842 3.833 3.824 3.815 3.806 3.797 3.788 3.779 3.833 3.909 3.985
2.402 2.713 3.024 3.304 3.390 3.476 3.562 3.648 3.722 3.694 3.667 3.640 3.613 3.787 4.033 4.033 4.525 4.770 5.016 5.262 5.507 5.576 5.359 5.139 4.920 4.701 4.482 4.240 3.974 3.708 3.442 3.442 3.350 3.352 3.354 3.355 3.357 3.359 3.361 3.363 3.364 3.366 3.316 3.267 3.241 3.215 3.189 3.190 3.137 3.111 3.085 3.059 3.033 3.007 3.006 3.073 3.141 3.208 3.275 3.343 3.410 3.477 3.545 3.679 3.679 3.720 3.711 3.702 3.693 3.684 3.675 3.666 3.657 3.648 3.721 3.797 3.873
2.256 2.567 2.878 3.104 3.190 3.276 3.362 3.448 3.533 3.619 3.598 3.571 3.545 3.791 4.037 4.037 4.528 4.774 5.020 5.265 5.383 5.471 5.233 4.967 4.701 4.435 4.168 3.902 3.636 3.370 3.104 3.104 3.307 3.309 3.311 3.313 3.314 3.316 3.318 3.320 3.322 3.307 3.220 3.138 3.112 3.086 3.060 3.060 3.008 2.982 2.956 2.930 2.904 2.871 2.830 2.870 2.937 3.005 3.072 3.140 3.207 3.274 3.342 3.476 3.476 3.543 3.580 3.571 3.562 3.553 3.543 3.534 3.525 3.532 3.608 3.684 3.760
2.110 2.421 2.732 2.904 2.990 3.076 3.161 3.247 3.333 3.419 3.505 3.501 3.549 3.795 4.040 4.041 4.444 4.535 4.626 4.717 4.808 4.894 4.895 4.629 4.363 4.097 3.830 3.564 3.298 3.032 2.973 2.973 3.231 3.266 3.268 3.270 3.271 3.273 3.275 3.277 3.279 3.210 3.123 3.036 2.983 2.957 2.930 2.931 2.878 2.852 2.826 2.800 2.774 2.732 2.691 2.667 2.734 2.802 2.869 2.936 3.004 3.071 3.138 3.273 3.273 3.340 3.406 3.439 3.430 3.421 3.412 3.403 3.394 3.420 3.495 3.571 3.647
1.964 2.275 2.586 2.704 2.789 2.875 2.961 3.047 3.133 3.219 3.305 3.391 3.505 3.596 3.687 3.687 3.869 3.960 4.051 4.142 4.232 4.317 4.402 4.291 4.025 3.758 3.492 3.226 2.960 2.726 2.855 2.855 3.113 3.223 3.225 3.227 3.229 3.230 3.232 3.234 3.201 3.114 3.027 2.939 2.853 2.827 2.801 2.801 2.749 2.723 2.697 2.671 2.634 2.593 2.551 2.510 2.531 2.598 2.666 2.733 2.801 2.868 2.935 3.069 3.069 3.136 3.203 3.270 3.299 3.290 3.281 3.272 3.263 3.307 3.383 3.459 3.535
1.817 2.129 2.418 2.503 2.589 2.675 2.761 2.847 2.933 3.019 3.050 3.057 3.028 3.021 3.112 3.112 3.294 3.385 3.476 3.567 3.654 3.739 3.824 3.909 3.686 3.420 3.154 2.888 2.622 2.608 2.737 2.737 2.995 3.124 3.182 3.184 3.186 3.187 3.189 3.191 3.105 3.017 2.930 2.843 2.756 2.698 2.672 2.672 2.619 2.593 2.567 2.537 2.495 2.454 2.412 2.371 2.329 2.395 2.463 2.530 2.597 2.665 2.732 2.866 2.866 2.933 3.000 3.067 3.134 3.159 3.149 3.140 3.131 3.194 3.270 3.346 3.422
1.671 1.983 2.217 2.303 2.389 2.475 2.561 2.646 2.654 2.661 2.668 2.676 2.645 2.591 2.537 2.537 2.719 2.810 2.901 2.992 3.077 3.162 3.247 3.332 3.348 3.082 2.816 2.550 2.361 2.490 2.619 2.619 2.877 3.006 3.135 3.141 3.143 3.145 3.146 3.095 3.008 2.921 2.833 2.746 2.659 2.572 2.542 2.542 2.490 2.464 2.438 2.398 2.356 2.314 2.273 2.231 2.190 2.192 2.260 2.327 2.394 2.462 2.529 2.663 2.663 2.730 2.797 2.863 2.930 2.997 3.018 3.009 3.006 3.082 3.157 3.233 3.309
1.525 1.837 2.017 2.103 2.189 2.251 2.258 2.265 2.273 2.280 2.287 2.295 2.262 2.208 2.154 2.154 2.144 2.235 2.326 2.415 2.500 2.584 2.670 2.754 2.839 2.744 2.478 2.212 2.243 2.372 2.501 2.501 2.759 2.888 3.017 3.098 3.100 3.102 3.086 2.999 2.911 2.824 2.737 2.650 2.562 2.475 2.413 2.413 2.361 2.335 2.300 2.259 2.217 2.175 2.134 2.092 2.051 2.009 2.056 2.124 2.191 2.259 2.326 2.459 2.460 2.526 2.593 2.660 2.727 2.794 2.861 2.878 2.893 2.969 3.045 3.121 3.153
1.577 1.690 1.817 1.855 1.862 1.870 1.877 1.884 1.891 1.899 1.906 1.913 1.879 1.825 1.771 1.771 1.663 1.660 1.750 1.837 1.922 2.007 2.092 2.177 2.262 2.347 2.140 1.996 2.125 2.254 2.383 2.383 2.641 2.770 2.899 3.028 3.057 3.059 2.989 2.902 2.815 2.727 2.640 2.553 2.466 2.378 2.291 2.292 2.231 2.203 2.161 2.119 2.078 2.036 1.995 1.953 1.911 1.870 1.853 1.921 1.988 2.055 2.122 2.256 2.256 2.323 2.390 2.457 2.524 2.591 2.658 2.724 2.780 2.774 2.763 2.752 2.741
1.512 1.521 1.467 1.474 1.481 1.488 1.496 1.503 1.510 1.518 1.525 1.532 1.496 1.442 1.388 1.388 1.280 1.226 1.186 1.262 1.345 1.430 1.515 1.600 1.685 1.770 1.802 1.877 2.007 2.136 2.265 2.265 2.523 2.652 2.781 2.910 3.014 2.980 2.893 2.805 2.718 2.631 2.543 2.456 2.369 2.282 2.195 2.195 2.102 2.064 2.022 1.980 1.939 1.897 1.855 1.814 1.772 1.731 1.689 1.718 1.785 1.852 1.919 2.053 2.053 2.120 2.187 2.254 2.321 2.375 2.403 2.430 2.390 2.362 2.351 2.340 2.329
1.290 1.287 1.236 1.166 1.100 1.107 1.115 1.122 1.129 1.136 1.144 1.151 1.113 1.059 1.005 1.005 0.897 0.886 0.900 0.961 1.037 1.112 1.188 1.264 1.339 1.415 1.458 1.557 1.698 1.839 1.980 1.980 2.261 2.402 2.543 2.684 2.820 2.793 2.725 2.656 2.588 2.520 2.447 2.360 2.272 2.185 2.098 2.098 1.966 1.924 1.883 1.841 1.799 1.758 1.716 1.675 1.633 1.591 1.550 1.514 1.582 1.649 1.716 1.850 1.850 1.917 1.958 1.985 2.013 2.040 2.067 2.095 2.036 1.968 1.939 1.928 1.917
1.057 1.053 1.015 0.944 0.874 0.804 0.734 0.741 0.748 0.755 0.762 0.770 0.729 0.675 0.621 0.622 0.590 0.605 0.619 0.661 0.737 0.812 0.888 0.963 1.039 1.092 1.115 1.160 1.301 1.442 1.583 1.583 1.864 2.005 2.146 2.287 2.354 2.381 2.313 2.244 2.176 2.108 2.040 1.972 1.904 1.835 1.767 1.768 1.713 1.691 1.669 1.647 1.625 1.603 1.577 1.535 1.494 1.452 1.411 1.369 1.379 1.446 1.513 1.567 1.568 1.595 1.622 1.650 1.677 1.705 1.732 1.749 1.681 1.614 1.546 1.516 1.505
1.057 1.053 1.015 0.944 0.874 0.804 0.734 0.741 0.748 0.755 0.762 0.770 0.729 0.675 0.621 0.622 0.590 0.605 0.619 0.661 0.737 0.812 0.888 0.963 1.039 1.092 1.115 1.160 1.301 1.442 1.583 1.583 1.864 2.005 2.146 2.287 2.354 2.381 2.313 2.244 2.176 2.108 2.040 1.972 1.904 1.835 1.767 1.768 1.713 1.691 1.669 1.647 1.625 1.603 1.577 1.535 1.494 1.452 1.411 1.369 1.379 1.446 1.513 1.567 1.568 1.595 1.622 1.650 1.677 1.705 1.732 1.749 1.681 1.614 1.546 1.516 1.505
0.823 0.819 0.793 0.723 0.653 0.582 0.512 0.442 0.371 0.374 0.381 0.388 0.346 0.292 0.280 0.280 0.309 0.323 0.338 0.361 0.436 0.512 0.588 0.663 0.726 0.749 0.772 0.795 0.904 1.045 1.186 1.186 1.468 1.608 1.749 1.844 1.887 1.931 1.901 1.833 1.764 1.696 1.628 1.560 1.492 1.424 1.356 1.356 1.378 1.361 1.339 1.317 1.295 1.273 1.251 1.229 1.207 1.185 1.163 1.141 1.138 1.150 1.177 1.232 1.232 1.260 1.287 1.315 1.342 1.369 1.397 1.395 1.327 1.259 1.191 1.124 1.093
0.589 0.586 0.572 0.501 0.431 0.361 0.290 0.220 0.150 0.082 0.032 0.034 0.017 0.024 0.031 0.030 0.044 0.054 0.065 0.077 0.139 0.213 0.288 0.361 0.383 0.406 0.429 0.452 0.507 0.648 0.789 0.789 1.071 1.211 1.334 1.377 1.421 1.465 1.489 1.421 1.352 1.284 1.216 1.148 1.080 1.012 0.987 0.988 1.029 1.032 1.009 0.987 0.965 0.943 0.921 0.899 0.877 0.855 0.833 0.827 0.851 0.845 0.842 0.897 0.897 0.924 0.952 0.979 1.007 1.034 1.061 1.041 0.973 0.905 0.837 0.769 0.701
0.130 0.129 0.128 0.080 0.039 0.023 0.016 0.012 0.010 0.009 0.009 0.011 0.010 0.008 0.007 0.012 0.005 0.008 0.009 0.009 0.011 0.016 0.014 0.011 0.009 0.009 0.009 0.008 0.007 0.006 0.026 0.022 0.277 0.357 0.401 0.445 0.488 0.532 0.575 0.597 0.529 0.461 0.392 0.324 0.257 0.269 0.290 0.290 0.331 0.352 0.350 0.328 0.306 0.284 0.262 0.240 0.218 0.202 0.226 0.250 0.274 0.277 0.269 0.250 0.251 0.254 0.281 0.308 0.336 0.363 0.390 0.332 0.264 0.196 0.129 0.063 0.018
0.044 0.050 0.056 0.043 0.027 0.020 0.016 0.013 0.011 0.012 0.013 0.014 0.014 0.011 0.010 0.017 0.010 0.011 0.011 0.010 0.014 0.017 0.013 0.010 0.008 0.008 0.008 0.007 0.006 0.004 0.007 0.003 0.006 0.007 0.009 0.016 0.035 0.070 0.112 0.155 0.122 0.067 0.039 0.030 0.032 0.043 0.051 0.041 0.059 0.075 0.093 0.078 0.060 0.043 0.030 0.023 0.018 0.021 0.020 0.020 0.026 0.032 0.023 0.014 0.016 0.012 0.008 0.015 0.026 0.046 0.062 0.016 0.006 0.003 0.002 0.001 0.001
0.036 0.042 0.049 0.044 0.029 0.022 0.017 0.014 0.014 0.012 0.012 0.013 0.014 0.011 0.010 0.016 0.010 0.012 0.014 0.016 0.020 0.019 0.013 0.009 0.007 0.008 0.008 0.007 0.006 0.004 0.006 0.004 0.004 0.003 0.003 0.003 0.004 0.004 0.004 0.007 0.027 0.025 0.021 0.024 0.031 0.033 0.036 0.027 0.034 0.038 0.053 0.054 0.042 0.030 0.022 0.018 0.020 0.017 0.013 0.010 0.009 0.011 0.005 0.004 0.005 0.004 0.005 0.005 0.006 0.012 0.011 0.004 0.003 0.002 0.002 0.001 0.000
0.033 0.039 0.046 0.046 0.032 0.024 0.019 0.018 0.015 0.012 0.011 0.012 0.014 0.011 0.009 0.016 0.009 0.011 0.013 0.016 0.024 0.026 0.018 0.014 0.012 0.010 0.009 0.007 0.006 0.004 0.005 0.005 0.003 0.003 0.003 0.003 0.003 0.003 0.004 0.005 0.018 0.026 0.021 0.031 0.033 0.033 0.035 0.027 0.033 0.035 0.042 0.054 0.043 0.030 0.022 0.023 0.020 0.016 0.012 0.010 0.008 0.010 0.005 0.004 0.005 0.004 0.005 0.005 0.006 0.010 0.010 0.004 0.003 0.002 0.002 0.002 0.001
0.029 0.037 0.043 0.047 0.035 0.029 0.025 0.019 0.014 0.011 0.011 0.012 0.013 0.011 0.009 0.015 0.009 0.010 0.013 0.018 0.022 0.027 0.020 0.015 0.013 0.012 0.011 0.010 0.009 0.008 0.006 0.008 0.003 0.003 0.003 0.003 0.003 0.003 0.004 0.005 0.009 0.026 0.029 0.033 0.034 0.033 0.033 0.028 0.033 0.034 0.038 0.050 0.045 0.031 0.027 0.024 0.020 0.015 0.011 0.008 0.007 0.008 0.005 0.004 0.005 0.004 0.004 0.005 0.005 0.011 0.013 0.006 0.003 0.003 0.002 0.002 0.001
0.036 0.041 0.043 0.044 0.043 0.037 0.026 0.018 0.013 0.011 0.010 0.011 0.012 0.011 0.009 0.014 0.008 0.011 0.014 0.017 0.020 0.025 0.021 0.015 0.013 0.012 0.012 0.011 0.010 0.009 0.008 0.010 0.003 0.005 0.005 0.005 0.006 0.006 0.006 0.007 0.010 0.029 0.040 0.039 0.037 0.034 0.031 0.032 0.032 0.034 0.037 0.043 0.046 0.038 0.028 0.023 0.018 0.013 0.009 0.007 0.006 0.007 0.004 0.004 0.004 0.004 0.004 0.005 0.007 0.013 0.012 0.006 0.003 0.003 0.002 0.002 0.001
0.037 0.045 0.050 0.066 0.061 0.041 0.024 0.015 0.012 0.010 0.010 0.011 0.011 0.011 0.009 0.013 0.010 0.013 0.015 0.016 0.019 0.023 0.022 0.015 0.013 0.012 0.012 0.011 0.011 0.010 0.008 0.011 0.003 0.004 0.005 0.005 0.005 0.006 0.006 0.006 0.010 0.034 0.057 0.057 0.056 0.054 0.052 0.057 0.047 0.047 0.048 0.050 0.057 0.043 0.023 0.021 0.016 0.011 0.007 0.007 0.006 0.005 0.004 0.005 0.004 0.004 0.006 0.007 0.008 0.014 0.009 0.004 0.003 0.003 0.002 0.002 0.001
0.034 0.042 0.060 0.075 0.077 0.054 0.034 0.020 0.013 0.011 0.009 0.010 0.010 0.011 0.009 0.012 0.013 0.014 0.014 0.015 0.017 0.020 0.022 0.015 0.013 0.012 0.012 0.012 0.011 0.010 0.009 0.011 0.003 0.004 0.005 0.005 0.005 0.005 0.006 0.006 0.011 0.025 0.053 0.062 0.061 0.058 0.057 0.062 0.055 0.057 0.061 0.067 0.080 0.075 0.050 0.028 0.016 0.010 0.006 0.006 0.005 0.004 0.002 0.006 0.004 0.006 0.007 0.008 0.009 0.013 0.007 0.003 0.002 0.003 0.002 0.002 0.001
0.031 0.050 0.064 0.076 0.085 0.061 0.039 0.023 0.017 0.015 0.014 0.012 0.011 0.010 0.012 0.014 0.014 0.014 0.014 0.015 0.016 0.017 0.021 0.016 0.013 0.012 0.013 0.012 0.012 0.011 0.009 0.012 0.004 0.004 0.004 0.005 0.005 0.005 0.006 0.008 0.012 0.018 0.040 0.064 0.062 0.060 0.057 0.062 0.055 0.058 0.062 0.073 0.084 0.093 0.066 0.044 0.029 0.020 0.014 0.009 0.006 0.003 0.002 0.007 0.005 0.007 0.007 0.008 0.009 0.011 0.005 0.002 0.002 0.002 0.002 0.002 0.001
0.038 0.053 0.064 0.074 0.084 0.067 0.043 0.025 0.017 0.016 0.015 0.015 0.014 0.014 0.014 0.020 0.014 0.014 0.014 0.015 0.015 0.015 0.018 0.016 0.013 0.013 0.013 0.012 0.012 0.011 0.010 0.013 0.004 0.004 0.004 0.004 0.005 0.005 0.007 0.010 0.013 0.016 0.029 0.054 0.064 0.060 0.057 0.061 0.053 0.055 0.063 0.074 0.084 0.093 0.080 0.054 0.036 0.026 0.020 0.016 0.012 0.008 0.005 0.007 0.006 0.008 0.008 0.009 0.009 0.009 0.004 0.002 0.002 0.002 0.002 0.002 0.001
0.045 0.054 0.063 0.072 0.081 0.073 0.047 0.026 0.018 0.016 0.015 0.015 0.015 0.015 0.015 0.022 0.017 0.018 0.018 0.017 0.015 0.013 0.015 0.015 0.013 0.013 0.013 0.013 0.012 0.011 0.010 0.013 0.005 0.004 0.004 0.004 0.005 0.005 0.009 0.011 0.014 0.016 0.022 0.040 0.064 0.060 0.056 0.059 0.050 0.053 0.063 0.072 0.081 0.090 0.091 0.063 0.043 0.031 0.024 0.020 0.016 0.014 0.010 0.011 0.012 0.010 0.007 0.009 0.008 0.006 0.002 0.001 0.002 0.002 0.002 0.002 0.001
0.046 0.053 0.061 0.069 0.077 0.078 0.050 0.027 0.018 0.015 0.015 0.015 0.015 0.015 0.015 0.022 0.017 0.019 0.019 0.019 0.018 0.017 0.016 0.014 0.013 0.013 0.013 0.013 0.012 0.011 0.010 0.014 0.006 0.004 0.004 0.004 0.004 0.007 0.010 0.012 0.015 0.017 0.021 0.031 0.054 0.062 0.055 0.057 0.047 0.054 0.062 0.069 0.077 0.085 0.094 0.072 0.049 0.036 0.029 0.024 0.022 0.018 0.014 0.013 0.016 0.016 0.016 0.012 0.006 0.003 0.001 0.001 0.001 0.002 0.002 0.002 0.002
0.047 0.052 0.058 0.064 0.072 0.080 0.053 0.029 0.018 0.015 0.015 0.015 0.015 0.015 0.015 0.022 0.017 0.019 0.019 0.019 0.019 0.018 0.015 0.014 0.014 0.014 0.014 0.013 0.012 0.012 0.011 0.014 0.007 0.005 0.004 0.004 0.005 0.008 0.011 0.013 0.016 0.018 0.021 0.027 0.042 0.063 0.055 0.055 0.048 0.054 0.060 0.066 0.073 0.080 0.088 0.081 0.056 0.041 0.033 0.032 0.028 0.023 0.018 0.015 0.019 0.019 0.019 0.018 0.008 0.000 0.001 0.001 0.002 0.002 0.002 0.002 0.003
0.066 0.072 0.077 0.084 0.092 0.100 0.071 0.042 0.028 0.024 0.024 0.024 0.024 0.024 0.023 0.032 0.026 0.029 0.030 0.030 0.029 0.029 0.025 0.024 0.024 0.024 0.024 0.024 0.022 0.022 0.021 0.026 0.014 0.012 0.009 0.009 0.013 0.018 0.021 0.025 0.028 0.031 0.035 0.043 0.058 0.080 0.071 0.071 0.064 0.069 0.075 0.081 0.088 0.096 0.104 0.098 0.072 0.055 0.045 0.042 0.037 0.031 0.025 0.021 0.026 0.026 0.026 0.024 0.013 0.002 0.003 0.003 0.004 0.004 0.005 0.006 0.008
0.053 0.057 0.061 0.065 0.070 0.077 0.059 0.029 0.018 0.016 0.015 0.015 0.015 0.015 0.015 0.023 0.016 0.020 0.021 0.021 0.020 0.017 0.015 0.014 0.014 0.015 0.015 0.015 0.014 0.013 0.012 0.017 0.009 0.008 0.005 0.007 0.010 0.013 0.015 0.017 0.019 0.022 0.024 0.029 0.037 0.052 0.056 0.054 0.053 0.056 0.060 0.065 0.071 0.078 0.087 0.097 0.073 0.057 0.052 0.047 0.042 0.036 0.029 0.021 0.026 0.026 0.025 0.015 0.003 0.002 0.000 0.001 0.000 0.001 0.002 0.004 0.007
0.050 0.054 0.056 0.059 0.061 0.064 0.054 0.025 0.017 0.015 0.014 0.014 0.014 0.014 0.014 0.022 0.015 0.019 0.020 0.020 0.017 0.016 0.014 0.013 0.013 0.014 0.014 0.015 0.014 0.014 0.013 0.017 0.011 0.010 0.006 0.009 0.012 0.014 0.016 0.018 0.020 0.022 0.025 0.029 0.036 0.044 0.052 0.047 0.048 0.048 0.051 0.055 0.060 0.066 0.073 0.083 0.076 0.066 0.060 0.054 0.048 0.042 0.035 0.024 0.029 0.028 0.021 0.006 0.003 0.002 0.001 0.001 0.000 0.001 0.003 0.005 0.008
0.062 0.062 0.062 0.061 0.060 0.058 0.036 0.019 0.014 0.012 0.012 0.011 0.011 0.011 0.011 0.017 0.011 0.015 0.015 0.015 0.014 0.013 0.012 0.011 0.010 0.011 0.012 0.012 0.012 0.011 0.011 0.013 0.011 0.011 0.009 0.012 0.016 0.018 0.021 0.023 0.025 0.027 0.031 0.036 0.044 0.054 0.048 0.042 0.039 0.039 0.040 0.042 0.045 0.049 0.055 0.062 0.068 0.067 0.059 0.053 0.048 0.044 0.039 0.026 0.033 0.020 0.010 0.005 0.003 0.002 0.001 0.000 0.000 0.001 0.003 0.005 0.008
0.075 0.076 0.076 0.076 0.076 0.061 0.037 0.025 0.019 0.017 0.016 0.015 0.015 0.014 0.014 0.021 0.012 0.016 0.017 0.018 0.017 0.016 0.015 0.013 0.012 0.012 0.014 0.014 0.014 0.013 0.017 0.016 0.018 0.015 0.013 0.015 0.018 0.023 0.026 0.028 0.030 0.033 0.037 0.044 0.054 0.056 0.051 0.046 0.042 0.041 0.042 0.044 0.048 0.051 0.056 0.060 0.065 0.071 0.062 0.055 0.051 0.047 0.043 0.035 0.044 0.029 0.015 0.007 0.003 0.003 0.001 0.000 0.000 0.002 0.004 0.007 0.010
0.084 0.085 0.085 0.086 0.078 0.053 0.035 0.026 0.021 0.018 0.017 0.017 0.016 0.016 0.016 0.024 0.008 0.014 0.017 0.018 0.018 0.017 0.016 0.013 0.012 0.011 0.013 0.014 0.016 0.019 0.021 0.019 0.020 0.016 0.015 0.017 0.020 0.024 0.029 0.031 0.033 0.036 0.041 0.049 0.060 0.055 0.050 0.045 0.042 0.040 0.040 0.042 0.045 0.049 0.052 0.054 0.059 0.066 0.065 0.058 0.053 0.050 0.047 0.043 0.052 0.044 0.027 0.016 0.009 0.004 0.002 0.001 0.001 0.002 0.005 0.008 0.012
