includes/camargue/floodfiles/results_R2_t1.562344511003E12/res-0005.wdfp
ncols         906
nrows         631
xllcorner     362177.146667
yllcorner     6534725.688020
cellsize      20.000000
NODATA_value  -9999.000000
[rows 544 to 577 of 631, columns 231 to 307 of 906]
9.619 9.558 9.434 9.434 9.373 9.311 9.250 9.396 9.544 9.693 9.841 9.990 10.138 10.287 10.435 10.584 10.605 10.592 10.683 10.683 10.735 10.746 10.591 10.436 10.281 10.126 9.971 9.816 9.661 9.506 9.557 9.657 9.756 9.855 9.894 9.894 9.734 9.575 9.415 9.255 9.096 8.936 8.882 8.969 9.057 9.144 9.231 9.318 9.405 9.493 9.580 9.580 9.631 9.568 9.504 9.534 9.605 9.677 9.603 9.480 9.356 9.232 9.109 8.985 8.861 8.738 8.614 8.614 8.446 8.469 8.492 8.516 8.539 8.562 8.586 8.609 8.551
9.578 9.601 9.478 9.478 9.417 9.355 9.324 9.473 9.621 9.770 9.918 10.066 10.215 10.363 10.512 10.660 10.809 10.864 10.806 10.806 10.651 10.496 10.341 10.186 10.031 9.875 9.720 9.565 9.410 9.255 9.335 9.434 9.533 9.633 9.831 9.831 9.878 9.718 9.559 9.399 9.239 9.080 9.038 9.126 9.213 9.300 9.387 9.474 9.562 9.649 9.611 9.611 9.484 9.421 9.358 9.391 9.463 9.534 9.606 9.677 9.573 9.449 9.325 9.202 9.078 8.954 8.831 8.831 8.648 8.672 8.695 8.718 8.742 8.765 8.788 8.700 8.601
9.465 9.541 9.522 9.522 9.460 9.399 9.401 9.549 9.698 9.846 9.995 10.143 10.292 10.440 10.589 10.737 10.783 10.786 10.556 10.556 10.401 10.245 10.090 9.935 9.780 9.625 9.470 9.315 9.160 9.012 9.112 9.211 9.310 9.410 9.609 9.608 9.708 9.807 9.702 9.543 9.383 9.223 9.195 9.282 9.369 9.456 9.543 9.631 9.591 9.528 9.465 9.464 9.338 9.274 9.211 9.249 9.320 9.391 9.463 9.534 9.606 9.666 9.542 9.418 9.295 9.171 9.047 9.047 8.851 8.874 8.898 8.921 8.944 8.947 8.849 8.750 8.652
9.352 9.428 9.566 9.566 9.504 9.442 9.477 9.626 9.774 9.923 10.071 10.220 10.365 10.370 10.375 10.379 10.384 10.383 10.305 10.305 10.150 9.995 9.840 9.685 9.529 9.374 9.219 9.064 8.909 8.790 8.889 8.988 9.088 9.187 9.386 9.386 9.485 9.584 9.684 9.686 9.527 9.367 9.351 9.438 9.525 9.613 9.572 9.508 9.445 9.381 9.318 9.318 9.191 9.128 9.065 9.106 9.177 9.249 9.320 9.392 9.463 9.534 9.606 9.635 9.511 9.388 9.264 9.264 9.054 9.077 9.101 9.124 9.096 8.997 8.899 8.800 8.702
9.240 9.316 9.467 9.467 9.543 9.486 9.554 9.702 9.851 9.952 9.957 9.961 9.966 9.971 9.975 9.980 9.984 9.980 9.961 9.961 9.899 9.744 9.589 9.434 9.279 9.124 8.969 8.813 8.658 8.567 8.666 8.765 8.865 8.964 9.163 9.163 9.262 9.361 9.461 9.560 9.659 9.511 9.507 9.595 9.552 9.488 9.425 9.362 9.298 9.235 9.172 9.171 9.045 8.981 8.918 8.963 9.034 9.106 9.177 9.249 9.320 9.392 9.463 9.535 9.606 9.604 9.481 9.481 9.257 9.280 9.303 9.244 9.146 9.047 8.949 8.850 8.752
9.127 9.203 9.354 9.354 9.430 9.506 9.539 9.543 9.548 9.553 9.557 9.562 9.566 9.571 9.576 9.580 9.585 9.576 9.557 9.557 9.548 9.494 9.338 9.183 9.028 8.873 8.718 8.563 8.408 8.344 8.443 8.543 8.642 8.741 8.940 8.940 9.039 9.139 9.238 9.337 9.437 9.536 9.532 9.469 9.405 9.342 9.279 9.215 9.152 9.089 9.025 9.025 8.898 8.835 8.771 8.820 8.892 8.963 9.035 9.106 9.178 9.249 9.320 9.392 9.463 9.535 9.606 9.606 9.459 9.483 9.393 9.294 9.196 9.097 8.999 8.900 8.802
9.015 9.090 9.149 9.149 9.137 9.127 9.138 9.144 9.148 9.153 9.158 9.162 9.167 9.172 9.176 9.181 9.183 9.173 9.154 9.154 9.145 9.135 9.088 8.933 8.778 8.622 8.467 8.312 8.157 8.121 8.220 8.320 8.419 8.518 8.717 8.717 8.816 8.916 9.015 9.114 9.223 9.335 9.351 9.322 9.259 9.195 9.132 9.069 9.005 8.942 8.879 8.878 8.752 8.688 8.625 8.678 8.749 8.820 8.892 8.963 9.035 9.106 9.178 9.249 9.321 9.392 9.463 9.463 9.599 9.542 9.443 9.344 9.246 9.147 9.049 8.950 8.852
8.771 8.759 8.737 8.737 8.726 8.721 8.732 8.744 8.749 8.754 8.758 8.763 8.768 8.772 8.777 8.781 8.779 8.770 8.751 8.751 8.741 8.732 8.722 8.682 8.527 8.372 8.217 8.062 7.907 7.898 7.998 8.097 8.196 8.296 8.494 8.494 8.594 8.693 8.801 8.913 9.024 9.136 9.140 9.129 9.112 9.049 8.986 8.922 8.859 8.795 8.732 8.732 8.605 8.542 8.478 8.535 8.606 8.678 8.749 8.820 8.892 8.963 9.035 9.106 9.178 9.249 9.321 9.321 9.406 9.423 9.438 9.395 9.296 9.198 9.099 9.001 8.902
8.359 8.348 8.325 8.325 8.314 8.315 8.326 8.338 8.349 8.354 8.359 8.363 8.368 8.373 8.377 8.382 8.376 8.367 8.348 8.348 8.338 8.329 8.319 8.310 8.277 8.121 7.966 7.811 7.656 7.676 7.775 7.874 7.973 8.073 8.271 8.271 8.379 8.490 8.602 8.714 8.825 8.937 8.930 8.919 8.907 8.896 8.839 8.776 8.712 8.649 8.585 8.585 8.459 8.395 8.332 8.392 8.463 8.535 8.606 8.678 8.749 8.821 8.892 8.964 9.035 9.098 9.136 9.136 9.213 9.232 9.247 9.261 9.276 9.248 9.149 9.051 8.952
7.947 7.936 7.913 7.913 7.902 7.909 7.921 7.932 7.943 7.954 7.959 7.964 7.969 7.973 7.978 7.983 7.973 7.964 7.945 7.945 7.935 7.926 7.916 7.906 7.897 7.871 7.716 7.561 7.405 7.453 7.552 7.651 7.751 7.850 8.068 8.068 8.180 8.291 8.403 8.515 8.626 8.731 8.720 8.708 8.697 8.686 8.674 8.629 8.566 8.502 8.439 8.439 8.312 8.249 8.185 8.249 8.321 8.392 8.464 8.535 8.606 8.678 8.749 8.821 8.866 8.905 8.943 8.943 9.020 9.042 9.056 9.071 9.085 9.099 9.114 9.101 9.002
7.535 7.524 7.501 7.501 7.492 7.503 7.515 7.526 7.537 7.548 7.560 7.565 7.569 7.574 7.578 7.579 7.570 7.560 7.541 7.541 7.532 7.522 7.513 7.503 7.494 7.484 7.465 7.310 7.155 7.230 7.329 7.428 7.534 7.646 7.869 7.869 7.981 8.092 8.204 8.315 8.427 8.520 8.509 8.498 8.487 8.475 8.464 8.453 8.419 8.356 8.292 8.292 8.166 8.102 8.039 8.106 8.178 8.249 8.321 8.392 8.464 8.535 8.597 8.635 8.673 8.712 8.750 8.750 8.827 8.851 8.865 8.880 8.894 8.909 8.923 8.937 8.952
7.123 7.112 7.089 7.089 7.086 7.097 7.109 7.120 7.131 7.142 7.154 7.165 7.170 7.174 7.179 7.176 7.167 7.157 7.138 7.138 7.129 7.119 7.109 7.100 7.091 7.081 7.071 7.059 6.907 7.007 7.111 7.223 7.335 7.447 7.670 7.670 7.781 7.893 8.005 8.116 8.228 8.310 8.299 8.287 8.276 8.265 8.253 8.242 8.231 8.209 8.146 8.146 8.019 7.956 7.892 7.964 8.035 8.107 8.178 8.249 8.321 8.365 8.403 8.442 8.480 8.518 8.557 8.557 8.633 8.660 8.675 8.689 8.703 8.718 8.732 8.747 8.761
7.123 7.112 7.089 7.089 7.086 7.097 7.109 7.120 7.131 7.142 7.154 7.165 7.170 7.174 7.179 7.176 7.167 7.157 7.138 7.138 7.129 7.119 7.109 7.100 7.091 7.081 7.071 7.059 6.907 7.007 7.111 7.223 7.335 7.446 7.670 7.670 7.782 7.893 8.005 8.116 8.228 8.310 8.299 8.287 8.276 8.265 8.253 8.242 8.231 8.209 8.146 8.146 8.019 7.956 7.892 7.964 8.035 8.107 8.178 8.249 8.321 8.365 8.403 8.442 8.480 8.518 8.557 8.557 8.633 8.660 8.675 8.689 8.703 8.718 8.732 8.747 8.761
6.711 6.700 6.677 6.677 6.680 6.692 6.703 6.714 6.725 6.737 6.748 6.759 6.770 6.775 6.780 6.773 6.763 6.754 6.735 6.735 6.725 6.716 6.706 6.697 6.687 6.678 6.668 6.662 6.697 6.801 6.912 7.024 7.136 7.247 7.471 7.471 7.582 7.694 7.806 7.917 8.029 8.100 8.088 8.077 8.066 8.054 8.043 8.032 8.021 8.009 7.998 7.998 7.873 7.809 7.750 7.821 7.892 7.964 8.035 8.095 8.134 8.172 8.210 8.249 8.287 8.325 8.364 8.364 8.440 8.469 8.484 8.498 8.513 8.527 8.541 8.556 8.570
6.299 6.288 6.265 6.265 6.275 6.286 6.297 6.308 6.319 6.331 6.342 6.353 6.365 6.376 6.379 6.370 6.360 6.351 6.332 6.332 6.338 6.367 6.396 6.425 6.454 6.483 6.512 6.541 6.596 6.665 6.738 6.825 6.937 7.048 7.272 7.272 7.383 7.495 7.607 7.718 7.830 7.889 7.878 7.867 7.855 7.844 7.833 7.821 7.810 7.799 7.787 7.787 7.726 7.663 7.607 7.678 7.750 7.821 7.864 7.902 7.941 7.979 8.017 8.056 8.094 8.132 8.171 8.170 8.247 8.279 8.293 8.307 8.322 8.336 8.351 8.365 8.379
5.555 5.487 5.452 5.452 5.463 5.474 5.485 5.496 5.548 5.611 5.675 5.739 5.802 5.866 5.914 5.951 5.980 6.009 6.067 6.067 6.096 6.125 6.154 6.183 6.212 6.241 6.270 6.332 6.394 6.457 6.529 6.601 6.673 6.745 6.890 6.890 6.985 7.097 7.209 7.320 7.432 7.468 7.457 7.446 7.434 7.423 7.412 7.401 7.389 7.378 7.366 7.366 7.344 7.333 7.321 7.363 7.401 7.439 7.478 7.516 7.554 7.593 7.631 7.669 7.708 7.746 7.784 7.784 7.861 7.897 7.911 7.926 7.940 7.955 7.969 7.984 7.998
5.200 5.132 5.108 5.108 5.171 5.235 5.298 5.362 5.426 5.489 5.553 5.617 5.680 5.740 5.783 5.827 5.859 5.888 5.946 5.946 5.975 6.005 6.033 6.062 6.092 6.121 6.168 6.231 6.293 6.356 6.424 6.496 6.569 6.641 6.785 6.785 6.858 6.930 7.009 7.121 7.233 7.258 7.247 7.235 7.224 7.213 7.201 7.190 7.185 7.189 7.192 7.192 7.200 7.203 7.270 7.251 7.214 7.246 7.285 7.323 7.361 7.400 7.438 7.476 7.515 7.553 7.591 7.591 7.668 7.706 7.721 7.735 7.749 7.764 7.778 7.793 7.807
4.952 4.935 4.986 4.985 5.049 5.112 5.176 5.240 5.303 5.367 5.431 5.494 5.558 5.609 5.652 5.696 5.739 5.768 5.826 5.826 5.855 5.884 5.913 5.942 5.971 6.005 6.067 6.130 6.192 6.255 6.320 6.392 6.464 6.536 6.681 6.681 6.753 6.825 6.898 6.970 7.042 7.060 7.063 7.067 7.070 7.074 7.077 7.081 7.084 7.088 7.091 7.091 7.099 7.138 7.232 7.252 7.215 7.177 7.140 7.130 7.168 7.207 7.245 7.283 7.322 7.360 7.398 7.398 7.475 7.513 7.530 7.544 7.559 7.573 7.588 7.602 7.616
4.802 4.785 4.864 4.864 4.927 4.990 5.054 5.117 5.181 5.245 5.308 5.372 5.435 5.478 5.522 5.565 5.609 5.647 5.705 5.705 5.734 5.763 5.792 5.821 5.850 5.904 5.966 6.029 6.091 6.154 6.216 6.287 6.360 6.432 6.576 6.576 6.649 6.721 6.793 6.865 6.923 6.959 6.962 6.966 6.969 6.973 6.976 6.980 6.983 6.987 6.990 6.990 7.006 7.099 7.193 7.253 7.215 7.178 7.140 7.103 7.066 7.028 7.052 7.090 7.128 7.167 7.205 7.205 7.282 7.320 7.339 7.353 7.368 7.382 7.397 7.411 7.464
4.653 4.636 4.743 4.743 4.805 4.868 4.931 4.995 5.059 5.123 5.186 5.250 5.304 5.347 5.391 5.435 5.478 5.522 5.584 5.584 5.613 5.642 5.671 5.701 5.741 5.803 5.866 5.928 5.990 6.053 6.115 6.183 6.255 6.327 6.472 6.472 6.544 6.617 6.689 6.749 6.800 6.851 6.861 6.865 6.868 6.872 6.875 6.879 6.882 6.886 6.889 6.889 6.967 7.060 7.154 7.247 7.216 7.179 7.141 7.104 7.066 7.029 6.991 6.954 6.935 6.974 7.012 7.012 7.089 7.127 7.148 7.163 7.177 7.192 7.233 7.306 7.380
4.503 4.496 4.621 4.621 4.684 4.746 4.809 4.873 4.937 5.000 5.064 5.128 5.173 5.217 5.260 5.304 5.347 5.391 5.464 5.464 5.493 5.522 5.551 5.580 5.640 5.702 5.765 5.827 5.890 5.952 6.014 6.078 6.151 6.223 6.368 6.367 6.440 6.512 6.574 6.625 6.677 6.728 6.760 6.764 6.767 6.771 6.775 6.778 6.781 6.785 6.788 6.788 6.928 7.022 7.115 7.209 7.217 7.179 7.142 7.104 7.067 7.029 6.992 6.954 6.917 6.879 6.842 6.842 6.896 6.934 6.958 6.972 7.001 7.075 7.149 7.222 7.296
4.354 4.375 4.500 4.500 4.562 4.625 4.687 4.751 4.814 4.878 4.942 4.999 5.042 5.086 5.130 5.173 5.217 5.260 5.343 5.343 5.372 5.401 5.430 5.476 5.539 5.601 5.664 5.726 5.789 5.851 5.913 5.976 6.046 6.119 6.263 6.263 6.335 6.400 6.451 6.502 6.553 6.605 6.656 6.663 6.666 6.670 6.673 6.677 6.680 6.684 6.702 6.702 6.889 6.983 7.076 7.170 7.218 7.180 7.143 7.105 7.068 7.030 6.993 6.955 6.918 6.880 6.843 6.842 6.768 6.741 6.769 6.843 6.917 6.991 7.065 7.139 7.212
4.204 4.253 4.379 4.379 4.441 4.504 4.566 4.629 4.692 4.756 4.819 4.868 4.912 4.955 4.999 5.042 5.086 5.129 5.216 5.216 5.251 5.280 5.313 5.376 5.438 5.500 5.563 5.625 5.688 5.750 5.813 5.875 5.942 6.014 6.159 6.159 6.225 6.277 6.328 6.379 6.430 6.481 6.533 6.562 6.565 6.569 6.572 6.576 6.579 6.583 6.663 6.663 6.850 6.944 7.038 7.131 7.218 7.181 7.143 7.106 7.068 7.031 6.993 6.956 6.918 6.881 6.843 6.843 6.768 6.739 6.736 6.759 6.833 6.907 6.981 7.055 7.128
4.070 4.132 4.257 4.257 4.320 4.382 4.445 4.507 4.570 4.633 4.694 4.737 4.781 4.825 4.868 4.912 4.955 4.999 5.086 5.086 5.129 5.160 5.212 5.275 5.337 5.400 5.462 5.524 5.587 5.649 5.712 5.774 5.837 5.910 6.051 6.051 6.102 6.153 6.205 6.256 6.307 6.358 6.409 6.461 6.465 6.468 6.471 6.475 6.478 6.531 6.624 6.624 6.812 6.905 6.999 7.092 7.186 7.181 7.144 7.106 7.069 7.031 6.994 6.957 6.919 6.882 6.844 6.844 6.780 6.766 6.757 6.776 6.795 6.823 6.897 6.971 7.044
3.948 4.011 4.136 4.136 4.198 4.261 4.323 4.386 4.448 4.511 4.563 4.607 4.650 4.694 4.737 4.781 4.825 4.868 4.955 4.955 5.000 5.053 5.111 5.174 5.236 5.299 5.361 5.423 5.486 5.548 5.611 5.673 5.736 5.805 5.928 5.928 5.979 6.030 6.081 6.133 6.184 6.235 6.286 6.337 6.364 6.367 6.370 6.374 6.399 6.492 6.586 6.586 6.773 6.866 6.960 7.053 7.147 7.182 7.145 7.107 7.070 7.032 6.995 6.957 6.920 6.882 6.845 6.845 6.807 6.793 6.778 6.797 6.816 6.835 6.854 6.887 6.960
3.827 3.889 4.014 4.014 4.077 4.144 4.211 4.279 4.347 4.413 4.453 4.499 4.546 4.592 4.638 4.684 4.730 4.776 4.868 4.868 4.914 5.020 5.089 5.141 5.193 5.246 5.298 5.350 5.403 5.455 5.510 5.572 5.635 5.701 5.805 5.805 5.856 5.907 5.958 6.009 6.061 6.112 6.163 6.214 6.262 6.266 6.269 6.273 6.360 6.453 6.547 6.547 6.734 6.827 6.921 7.015 7.108 7.183 7.145 7.108 7.070 7.033 6.995 6.958 6.920 6.883 6.863 6.862 6.834 6.820 6.805 6.818 6.837 6.856 6.875 6.893 6.912
3.745 3.813 3.948 3.948 4.016 4.083 4.151 4.219 4.287 4.336 4.369 4.413 4.459 4.505 4.551 4.597 4.644 4.690 4.782 4.782 4.858 4.974 5.072 5.124 5.177 5.229 5.281 5.334 5.386 5.439 5.491 5.544 5.596 5.608 5.692 5.692 5.734 5.784 5.835 5.886 5.937 5.988 6.040 6.091 6.142 6.165 6.168 6.227 6.321 6.414 6.508 6.508 6.695 6.789 6.882 6.976 7.069 7.163 7.146 7.109 7.071 7.034 6.996 6.959 6.921 6.904 6.890 6.889 6.861 6.847 6.832 6.839 6.858 6.877 6.895 6.914 6.933
3.685 3.752 3.888 3.888 3.955 4.023 4.091 4.159 4.226 4.259 4.292 4.327 4.373 4.419 4.465 4.511 4.557 4.603 4.697 4.697 4.812 4.927 5.042 5.107 5.160 5.212 5.265 5.317 5.370 5.422 5.475 5.527 5.550 5.547 5.616 5.616 5.658 5.701 5.743 5.785 5.827 5.869 5.916 5.968 6.019 6.064 6.095 6.189 6.282 6.376 6.469 6.469 6.656 6.750 6.843 6.937 7.030 7.124 7.147 7.109 7.072 7.034 6.997 6.959 6.945 6.931 6.916 6.916 6.888 6.874 6.859 6.860 6.879 6.898 6.916 6.935 6.954
3.685 3.752 3.888 3.888 3.955 4.023 4.091 4.158 4.226 4.259 4.292 4.327 4.373 4.419 4.465 4.511 4.557 4.603 4.697 4.697 4.812 4.927 5.042 5.108 5.160 5.212 5.265 5.317 5.370 5.422 5.475 5.527 5.550 5.547 5.616 5.616 5.658 5.701 5.743 5.785 5.827 5.869 5.916 5.968 6.019 6.064 6.095 6.189 6.282 6.376 6.469 6.469 6.656 6.750 6.843 6.937 7.030 7.124 7.147 7.109 7.072 7.034 6.997 6.959 6.945 6.931 6.916 6.916 6.888 6.874 6.859 6.860 6.879 6.898 6.916 6.935 6.954
3.638 3.692 3.827 3.827 3.895 3.963 4.031 4.098 4.148 4.181 4.214 4.247 4.287 4.333 4.379 4.425 4.471 4.517 4.650 4.650 4.766 4.881 4.996 5.091 5.143 5.196 5.248 5.301 5.353 5.406 5.458 5.494 5.490 5.487 5.540 5.540 5.583 5.625 5.667 5.709 5.751 5.793 5.836 5.878 5.920 5.962 6.050 6.150 6.243 6.337 6.430 6.430 6.617 6.711 6.805 6.898 6.992 7.085 7.147 7.110 7.072 7.035 7.001 6.986 6.972 6.958 6.943 6.943 6.915 6.901 6.886 6.881 6.900 6.919 6.937 6.956 6.975
3.599 3.632 3.767 3.767 3.835 3.903 3.970 4.038 4.071 4.104 4.137 4.170 4.203 4.247 4.293 4.339 4.385 4.431 4.604 4.604 4.719 4.834 4.950 5.065 5.127 5.179 5.232 5.284 5.337 5.389 5.438 5.434 5.430 5.427 5.465 5.464 5.507 5.549 5.591 5.633 5.675 5.717 5.760 5.802 5.844 5.887 5.956 6.063 6.169 6.276 6.382 6.382 6.579 6.672 6.766 6.859 6.953 7.046 7.140 7.111 7.073 7.042 7.028 7.013 6.999 6.985 6.970 6.970 6.942 6.928 6.913 6.902 6.921 6.939 6.958 6.977 6.996
3.521 3.549 3.647 3.647 3.714 3.782 3.850 3.883 3.916 3.949 3.982 4.015 4.049 4.082 4.120 4.167 4.213 4.280 4.511 4.511 4.626 4.742 4.857 4.972 5.087 5.146 5.198 5.251 5.303 5.322 5.318 5.314 5.310 5.306 5.313 5.313 5.355 5.397 5.439 5.481 5.523 5.566 5.608 5.650 5.693 5.735 5.778 5.874 5.981 6.087 6.194 6.194 6.407 6.514 6.620 6.727 6.833 6.940 7.046 7.122 7.110 7.096 7.082 7.067 7.053 7.039 7.024 7.024 6.996 6.982 6.967 6.953 6.962 6.981 7.000 7.019 7.037
3.482 3.510 3.586 3.586 3.654 3.722 3.772 3.805 3.839 3.872 3.905 3.938 3.971 4.004 4.037 4.080 4.127 4.234 4.465 4.465 4.580 4.695 4.810 4.926 5.041 5.129 5.182 5.234 5.265 5.262 5.258 5.254 5.250 5.246 5.239 5.239 5.279 5.321 5.363 5.405 5.448 5.490 5.532 5.575 5.617 5.660 5.702 5.780 5.886 5.993 6.100 6.099 6.313 6.419 6.526 6.632 6.739 6.846 6.927 6.980 7.022 7.064 7.106 7.094 7.080 7.066 7.051 7.051 7.023 7.008 6.994 6.980 6.983 7.002 7.021 7.039 7.030
3.444 3.472 3.527 3.527 3.594 3.661 3.695 3.728 3.761 3.794 3.827 3.861 3.894 3.927 3.960 3.994 4.072 4.188 4.418 4.418 4.533 4.649 4.764 4.879 4.994 5.110 5.165 5.209 5.205 5.202 5.198 5.194 5.190 5.186 5.179 5.178 5.203 5.245 5.287 5.329 5.372 5.414 5.456 5.499 5.541 5.584 5.626 5.686 5.792 5.899 6.005 6.005 6.218 6.325 6.432 6.538 6.645 6.727 6.781 6.836 6.880 6.922 6.964 7.006 7.048 7.090 7.078 7.078 7.050 7.035 7.021 7.007 7.004 7.023 7.042 7.030 6.990
