includes/camargue/floodfiles/results_R2_t1.562344511003E12/res-0012.wdfp
ncols         906
nrows         631
xllcorner     362177.146667
yllcorner     6534725.688020
cellsize      20.000000
NODATA_value  -9999.000000
[rows 578 to 611 of 631, columns 385 to 461 of 906]
1.459 1.190 0.921 0.652 0.524 0.637 0.750 0.784 0.777 0.761 0.761 0.753 0.746 0.738 0.730 0.723 0.715 0.707 0.699 0.692 0.684 0.796 0.971 1.002 0.947 0.892 0.892 0.782 0.727 0.672 0.617 0.562 0.507 0.452 0.397 0.342 0.327 0.342 0.357 0.372 0.387 0.401 0.402 0.431 0.446 0.461 0.475 0.468 0.460 0.453 0.446 0.444 0.516 0.588 0.660 0.732 0.727 0.654 0.654 0.571 0.588 0.605 0.622 0.639 0.656 0.673 0.690 0.707 0.732 0.758 0.784 0.810 0.836 0.862 0.863 0.915 0.941
1.326 1.057 0.788 0.519 0.470 0.584 0.697 0.810 0.809 0.793 0.793 0.785 0.778 0.770 0.762 0.754 0.747 0.739 0.731 0.724 0.766 0.941 1.116 1.266 1.211 1.156 1.156 1.047 0.992 0.937 0.881 0.826 0.771 0.716 0.661 0.599 0.497 0.490 0.484 0.478 0.472 0.470 0.470 0.500 0.514 0.529 0.544 0.538 0.531 0.563 0.635 0.707 0.779 0.851 0.923 0.995 0.955 0.882 0.882 0.736 0.715 0.732 0.749 0.766 0.783 0.800 0.817 0.835 0.861 0.887 0.913 0.939 0.965 0.992 0.992 1.044 1.070
1.192 0.924 0.655 0.386 0.417 0.530 0.643 0.757 0.841 0.825 0.825 0.817 0.810 0.802 0.794 0.786 0.779 0.771 0.763 0.756 0.911 1.087 1.262 1.437 1.476 1.421 1.421 1.311 1.256 1.201 1.146 1.091 1.036 0.981 0.926 0.831 0.729 0.673 0.667 0.661 0.655 0.649 0.649 0.637 0.632 0.626 0.620 0.683 0.755 0.827 0.899 0.971 1.043 1.115 1.186 1.257 1.184 1.110 1.110 0.964 0.891 0.859 0.876 0.893 0.910 0.927 0.944 0.964 0.990 1.016 1.042 1.068 1.094 1.121 1.121 1.173 1.199
1.059 0.790 0.522 0.253 0.364 0.477 0.590 0.704 0.817 0.857 0.857 0.849 0.841 0.834 0.826 0.818 0.811 0.803 0.795 0.882 1.057 1.232 1.407 1.583 1.741 1.686 1.686 1.576 1.521 1.466 1.411 1.356 1.301 1.246 1.166 1.063 0.961 0.858 0.849 0.844 0.838 0.832 0.832 0.820 0.814 0.808 0.846 0.943 1.018 1.090 1.162 1.234 1.306 1.378 1.450 1.485 1.412 1.339 1.339 1.192 1.119 1.046 1.003 1.020 1.037 1.054 1.071 1.093 1.119 1.145 1.171 1.197 1.223 1.250 1.250 1.302 1.328
0.926 0.657 0.388 0.197 0.311 0.424 0.537 0.650 0.764 0.889 0.889 0.881 0.873 0.866 0.858 0.850 0.842 0.835 0.852 1.027 1.203 1.378 1.553 1.728 1.903 1.950 1.950 1.840 1.785 1.730 1.675 1.620 1.566 1.501 1.398 1.295 1.193 1.090 1.032 1.026 1.020 1.014 1.014 1.002 0.997 0.991 1.086 1.183 1.280 1.353 1.425 1.497 1.569 1.641 1.713 1.713 1.640 1.567 1.567 1.420 1.347 1.274 1.201 1.147 1.164 1.181 1.198 1.222 1.248 1.274 1.300 1.326 1.353 1.379 1.379 1.431 1.457
0.793 0.524 0.255 0.144 0.257 0.370 0.484 0.597 0.710 0.921 0.921 0.913 0.905 0.897 0.890 0.882 0.874 0.867 0.997 1.173 1.348 1.523 1.698 1.874 2.049 2.215 2.215 2.105 2.050 1.995 1.940 1.885 1.830 1.733 1.630 1.527 1.424 1.322 1.219 1.209 1.203 1.197 1.197 1.185 1.179 1.228 1.325 1.423 1.520 1.616 1.688 1.760 1.832 1.904 1.976 1.941 1.868 1.795 1.795 1.648 1.575 1.502 1.429 1.356 1.291 1.308 1.325 1.351 1.377 1.403 1.429 1.456 1.482 1.516 1.516 1.626 1.681
0.659 0.391 0.122 0.090 0.204 0.317 0.431 0.544 0.657 0.884 0.884 0.945 0.937 0.929 0.922 0.914 0.906 0.968 1.143 1.318 1.493 1.669 1.844 2.019 2.194 2.369 2.370 2.370 2.315 2.260 2.205 2.150 2.067 1.965 1.862 1.759 1.656 1.554 1.451 1.391 1.385 1.379 1.379 1.368 1.370 1.468 1.565 1.663 1.760 1.857 1.951 2.023 2.095 2.167 2.239 2.169 2.096 2.023 2.023 1.877 1.803 1.730 1.657 1.584 1.511 1.438 1.454 1.480 1.506 1.555 1.610 1.664 1.719 1.774 1.774 1.884 1.939
0.526 0.257 0.000 0.025 0.150 0.264 0.377 0.491 0.604 0.830 0.830 0.944 0.969 0.961 0.954 0.946 0.938 1.113 1.289 1.464 1.639 1.814 1.989 2.165 2.340 2.515 2.515 2.634 2.579 2.524 2.469 2.402 2.299 2.197 2.094 1.991 1.888 1.786 1.683 1.580 1.568 1.562 1.562 1.550 1.610 1.708 1.805 1.902 2.000 2.097 2.194 2.286 2.358 2.430 2.471 2.398 2.324 2.251 2.251 2.105 2.032 1.958 1.885 1.812 1.737 1.645 1.646 1.703 1.758 1.813 1.868 1.923 1.978 2.033 2.033 2.142 2.197
0.393 0.124 0.000 0.000 0.096 0.211 0.324 0.437 0.551 0.777 0.777 0.891 1.001 0.993 0.985 0.978 1.083 1.259 1.434 1.609 1.784 1.960 2.135 2.310 2.485 2.660 2.660 2.899 2.844 2.789 2.734 2.634 2.531 2.428 2.326 2.223 2.120 2.018 1.915 1.812 1.750 1.744 1.744 1.752 1.850 1.947 2.045 2.142 2.239 2.337 2.434 2.531 2.621 2.693 2.699 2.626 2.552 2.479 2.479 2.333 2.255 2.164 2.072 1.980 1.888 1.797 1.864 1.962 2.017 2.071 2.126 2.181 2.236 2.291 2.291 2.401 2.456
0.260 0.000 0.000 0.000 0.034 0.157 0.271 0.384 0.498 0.724 0.724 0.837 0.951 1.025 1.017 1.054 1.229 1.404 1.579 1.755 1.930 2.105 2.280 2.455 2.631 2.806 2.806 3.156 3.109 3.054 2.968 2.866 2.763 2.660 2.558 2.455 2.352 2.249 2.147 2.044 1.941 1.927 1.927 1.992 2.090 2.187 2.284 2.382 2.479 2.576 2.674 2.771 2.868 2.956 2.927 2.854 2.774 2.682 2.682 2.499 2.407 2.315 2.223 2.132 2.040 1.980 2.082 2.183 2.275 2.330 2.385 2.440 2.495 2.549 2.549 2.659 2.714
0.260 0.000 0.000 0.000 0.028 0.157 0.271 0.384 0.498 0.724 0.724 0.837 0.951 1.025 1.017 1.054 1.229 1.404 1.580 1.755 1.930 2.105 2.280 2.456 2.631 2.806 2.806 3.156 3.109 3.054 2.968 2.866 2.763 2.660 2.558 2.455 2.352 2.249 2.147 2.044 1.941 1.927 1.927 1.992 2.090 2.187 2.284 2.382 2.479 2.576 2.674 2.771 2.868 2.956 2.927 2.854 2.774 2.682 2.682 2.499 2.407 2.315 2.223 2.132 2.040 1.980 2.082 2.183 2.275 2.330 2.385 2.440 2.495 2.549 2.549 2.659 2.714
0.128 0.000 0.000 0.000 0.000 0.105 0.218 0.331 0.445 0.671 0.671 0.784 0.898 1.011 1.049 1.199 1.375 1.550 1.725 1.900 2.075 2.251 2.426 2.601 2.776 2.951 2.951 3.302 3.373 3.303 3.200 3.098 2.995 2.892 2.790 2.687 2.584 2.481 2.379 2.276 2.173 2.109 2.109 2.232 2.329 2.427 2.524 2.621 2.719 2.816 2.905 2.961 3.018 3.075 3.109 3.017 2.925 2.834 2.834 2.650 2.558 2.467 2.375 2.283 2.192 2.198 2.299 2.400 2.502 2.588 2.643 2.698 2.753 2.808 2.808 2.918 2.972
0.120 0.000 0.000 0.000 0.000 0.051 0.170 0.290 0.409 0.649 0.649 0.768 0.888 1.007 1.058 1.234 1.417 1.599 1.782 1.964 2.147 2.329 2.512 2.694 2.877 3.059 3.059 3.424 3.606 3.517 3.417 3.316 3.216 3.116 3.016 2.915 2.815 2.713 2.610 2.508 2.405 2.302 2.302 2.407 2.464 2.520 2.577 2.634 2.691 2.747 2.804 2.861 2.918 3.011 3.161 3.169 3.077 2.985 2.985 2.802 2.710 2.618 2.527 2.435 2.343 2.416 2.517 2.618 2.719 2.821 2.902 2.956 3.011 3.066 3.066 3.176 3.231
0.501 0.196 0.000 0.000 0.080 0.200 0.319 0.438 0.558 0.797 0.797 0.916 1.036 1.061 1.033 1.006 1.152 1.334 1.517 1.699 1.882 2.064 2.246 2.429 2.611 2.794 2.794 3.140 3.178 3.216 3.161 3.060 2.960 2.860 2.760 2.659 2.559 2.459 2.359 2.258 2.158 2.159 2.159 2.206 2.262 2.319 2.376 2.433 2.489 2.546 2.603 2.660 2.734 2.884 3.034 3.183 3.333 3.288 3.288 3.105 3.013 2.921 2.830 2.738 2.749 2.851 2.952 3.053 3.154 3.256 3.357 3.458 3.528 3.583 3.583 3.693 3.729
0.769 0.465 0.161 0.031 0.154 0.274 0.393 0.513 0.632 0.871 0.871 0.991 1.076 1.048 1.021 0.994 1.019 1.202 1.384 1.567 1.749 1.931 2.114 2.296 2.479 2.661 2.661 2.926 2.964 3.001 3.033 2.932 2.832 2.732 2.632 2.531 2.431 2.331 2.231 2.130 2.074 2.089 2.089 2.119 2.162 2.219 2.275 2.332 2.389 2.446 2.502 2.559 2.671 2.820 2.970 3.120 3.269 3.419 3.419 3.256 3.165 3.073 2.981 2.889 2.967 3.068 3.169 3.271 3.372 3.473 3.574 3.676 3.777 3.841 3.841 3.951 3.927
1.038 0.734 0.430 0.125 0.228 0.348 0.467 0.587 0.706 0.945 0.945 1.065 1.063 1.036 1.009 0.982 0.955 1.069 1.251 1.434 1.616 1.799 1.981 2.164 2.346 2.529 2.529 2.711 2.749 2.787 2.824 2.804 2.704 2.604 2.504 2.403 2.303 2.203 2.103 2.002 2.005 2.020 2.020 2.049 2.064 2.118 2.175 2.232 2.288 2.345 2.402 2.459 2.607 2.757 2.906 3.056 3.206 3.355 3.355 3.408 3.316 3.224 3.133 3.083 3.184 3.286 3.387 3.488 3.590 3.691 3.792 3.893 3.995 4.096 4.096 4.194 4.125
1.307 1.003 0.698 0.394 0.303 0.422 0.542 0.661 0.781 1.020 1.020 1.078 1.051 1.024 0.997 0.970 0.942 0.936 1.119 1.301 1.484 1.666 1.849 2.031 2.213 2.396 2.396 2.497 2.535 2.572 2.610 2.648 2.576 2.476 2.376 2.275 2.175 2.075 1.975 1.921 1.935 1.950 1.950 1.980 1.994 2.018 2.074 2.131 2.188 2.244 2.301 2.394 2.543 2.693 2.843 2.992 3.142 3.292 3.292 3.559 3.468 3.376 3.284 3.301 3.402 3.503 3.605 3.706 3.807 3.908 4.010 4.111 4.212 4.313 4.314 4.392 4.323
1.576 1.272 0.967 0.663 0.377 0.496 0.616 0.735 0.855 1.094 1.094 1.066 1.039 1.012 0.985 0.957 0.930 0.903 0.986 1.169 1.351 1.534 1.716 1.899 2.081 2.207 2.207 2.282 2.320 2.358 2.395 2.433 2.448 2.348 2.248 2.147 2.047 1.947 1.847 1.851 1.866 1.881 1.881 1.910 1.925 1.940 1.974 2.030 2.087 2.144 2.201 2.330 2.480 2.629 2.779 2.929 3.078 3.228 3.228 3.527 3.619 3.527 3.436 3.518 3.620 3.721 3.822 3.923 4.025 4.126 4.227 4.314 4.316 4.319 4.319 4.256 4.137
1.845 1.541 1.236 0.932 0.627 0.571 0.690 0.810 0.929 1.081 1.081 1.054 1.027 1.000 0.972 0.945 0.918 0.891 0.863 1.036 1.219 1.401 1.584 1.766 1.948 1.992 1.992 2.068 2.105 2.143 2.181 2.218 2.256 2.220 2.120 2.019 1.919 1.819 1.767 1.782 1.797 1.811 1.811 1.841 1.856 1.870 1.885 1.930 1.987 2.043 2.117 2.266 2.416 2.566 2.715 2.865 3.015 3.164 3.164 3.464 3.613 3.679 3.635 3.736 3.837 3.938 4.028 4.031 4.033 4.036 4.039 4.041 4.044 4.046 4.046 3.974 3.901
2.114 1.809 1.505 1.201 0.896 0.645 0.764 0.884 1.003 1.069 1.069 1.042 1.015 0.987 0.960 0.933 0.906 0.879 0.851 0.904 1.086 1.269 1.451 1.633 1.740 1.778 1.778 1.853 1.891 1.929 1.966 2.004 2.042 2.079 1.992 1.891 1.791 1.691 1.698 1.712 1.727 1.742 1.742 1.771 1.786 1.801 1.816 1.830 1.886 1.943 2.053 2.203 2.352 2.502 2.652 2.801 2.951 3.101 3.101 3.400 3.550 3.694 3.746 3.748 3.751 3.753 3.756 3.759 3.761 3.764 3.766 3.769 3.771 3.774 3.774 3.681 3.626
2.383 2.078 1.774 1.470 1.165 0.861 0.839 0.958 1.078 1.057 1.057 1.030 1.003 0.975 0.948 0.921 0.894 0.866 0.839 0.812 0.954 1.136 1.318 1.488 1.526 1.563 1.563 1.639 1.676 1.714 1.752 1.789 1.827 1.865 1.864 1.763 1.663 1.613 1.628 1.643 1.658 1.672 1.672 1.702 1.717 1.731 1.746 1.761 1.785 1.842 1.989 2.139 2.289 2.438 2.588 2.738 2.859 2.980 2.980 3.222 3.343 3.464 3.473 3.476 3.478 3.481 3.484 3.486 3.489 3.491 3.494 3.496 3.499 3.500 3.500 3.389 3.333
2.652 2.347 2.043 1.739 1.434 1.130 0.913 1.032 1.099 1.045 1.045 1.018 0.990 0.963 0.936 0.909 0.881 0.854 0.827 0.800 0.821 1.003 1.186 1.273 1.311 1.349 1.349 1.424 1.462 1.500 1.537 1.575 1.613 1.650 1.688 1.635 1.535 1.544 1.559 1.573 1.588 1.603 1.603 1.633 1.647 1.662 1.677 1.692 1.706 1.776 1.903 2.024 2.145 2.266 2.387 2.508 2.629 2.750 2.750 2.992 3.113 3.196 3.200 3.203 3.206 3.209 3.211 3.214 3.216 3.219 3.221 3.224 3.226 3.208 3.208 3.096 3.041
2.743 2.510 2.277 2.007 1.703 1.399 1.094 1.107 1.087 1.033 1.033 1.006 0.978 0.951 0.924 0.897 0.869 0.842 0.815 0.787 0.760 0.871 1.021 1.059 1.097 1.134 1.134 1.210 1.247 1.285 1.323 1.360 1.398 1.436 1.473 1.507 1.460 1.475 1.489 1.504 1.519 1.533 1.533 1.562 1.576 1.590 1.604 1.619 1.633 1.605 1.672 1.793 1.914 2.035 2.156 2.277 2.398 2.519 2.519 2.761 2.882 2.923 2.926 2.930 2.933 2.936 2.939 2.941 2.944 2.946 2.949 2.951 2.954 2.915 2.915 2.804 2.749
2.629 2.396 2.163 1.930 1.696 1.463 1.230 1.127 1.096 1.034 1.034 1.003 0.972 0.941 0.912 0.885 0.857 0.830 0.803 0.775 0.748 0.739 0.807 0.845 0.882 0.920 0.920 1.003 1.049 1.095 1.140 1.186 1.232 1.277 1.323 1.369 1.388 1.402 1.416 1.430 1.445 1.459 1.459 1.487 1.502 1.516 1.530 1.544 1.548 1.508 1.469 1.563 1.684 1.805 1.926 2.047 2.168 2.289 2.289 2.531 2.646 2.650 2.653 2.657 2.660 2.664 2.666 2.669 2.671 2.674 2.677 2.679 2.678 2.623 2.623 2.512 2.456
2.515 2.282 2.049 1.816 1.582 1.349 1.211 1.219 1.195 1.133 1.133 1.102 1.071 1.040 1.009 0.978 0.947 0.915 0.884 0.853 0.822 0.761 0.710 0.756 0.801 0.847 0.847 0.938 0.984 1.029 1.075 1.121 1.166 1.212 1.258 1.292 1.312 1.328 1.342 1.356 1.371 1.385 1.385 1.413 1.427 1.442 1.456 1.470 1.451 1.412 1.372 1.333 1.454 1.575 1.696 1.817 1.938 2.059 2.059 2.301 2.373 2.376 2.380 2.383 2.387 2.390 2.394 2.397 2.399 2.402 2.404 2.407 2.386 2.331 2.331 2.219 2.164
2.401 2.168 1.935 1.702 1.469 1.283 1.292 1.300 1.294 1.232 1.232 1.201 1.170 1.139 1.108 1.077 1.046 1.014 0.983 0.952 0.921 0.811 0.691 0.691 0.736 0.782 0.782 0.873 0.918 0.964 1.010 1.055 1.101 1.147 1.192 1.215 1.234 1.253 1.268 1.282 1.296 1.311 1.311 1.339 1.353 1.368 1.382 1.394 1.355 1.315 1.276 1.236 1.223 1.344 1.465 1.586 1.707 1.828 1.828 2.070 2.100 2.103 2.107 2.110 2.114 2.117 2.121 2.124 2.127 2.129 2.132 2.134 2.094 2.038 2.038 1.927 1.871
2.402 2.168 1.935 1.702 1.469 1.283 1.292 1.301 1.294 1.232 1.232 1.201 1.170 1.139 1.108 1.077 1.046 1.015 0.984 0.953 0.921 0.812 0.691 0.691 0.736 0.782 0.782 0.873 0.919 0.964 1.010 1.055 1.101 1.147 1.192 1.215 1.234 1.253 1.268 1.282 1.296 1.311 1.311 1.339 1.353 1.368 1.382 1.394 1.355 1.315 1.276 1.236 1.223 1.344 1.465 1.586 1.707 1.828 1.828 2.070 2.100 2.103 2.107 2.110 2.114 2.117 2.121 2.124 2.127 2.129 2.132 2.134 2.094 2.038 2.038 1.927 1.871
2.288 2.054 1.821 1.588 1.355 1.364 1.373 1.382 1.390 1.331 1.331 1.300 1.269 1.238 1.207 1.176 1.145 1.114 1.083 1.051 0.982 0.862 0.742 0.626 0.671 0.717 0.716 0.808 0.853 0.899 0.944 0.990 1.036 1.081 1.118 1.137 1.156 1.175 1.194 1.208 1.222 1.237 1.236 1.265 1.279 1.293 1.308 1.298 1.258 1.219 1.179 1.140 1.100 1.114 1.235 1.356 1.477 1.598 1.598 1.823 1.826 1.830 1.833 1.837 1.841 1.844 1.848 1.851 1.854 1.857 1.859 1.857 1.801 1.746 1.746 1.635 1.579
2.174 1.941 1.707 1.474 1.436 1.445 1.454 1.463 1.471 1.430 1.430 1.399 1.368 1.337 1.306 1.275 1.244 1.213 1.181 1.150 1.033 0.912 0.792 0.671 0.606 0.651 0.651 0.742 0.788 0.833 0.879 0.925 0.970 1.016 1.040 1.059 1.078 1.097 1.116 1.134 1.148 1.162 1.162 1.191 1.205 1.219 1.234 1.202 1.162 1.123 1.083 1.043 1.004 0.964 1.005 1.126 1.247 1.368 1.368 1.550 1.553 1.557 1.560 1.564 1.567 1.571 1.574 1.578 1.581 1.585 1.587 1.565 1.509 1.453 1.454 1.342 1.287
1.946 1.713 1.581 1.589 1.598 1.607 1.616 1.624 1.633 1.627 1.627 1.596 1.565 1.534 1.503 1.472 1.441 1.410 1.374 1.253 1.133 1.013 0.892 0.772 0.652 0.531 0.531 0.612 0.657 0.703 0.748 0.794 0.840 0.866 0.885 0.904 0.923 0.942 0.961 0.980 0.999 1.014 1.014 1.042 1.057 1.071 1.048 1.008 0.969 0.929 0.890 0.850 0.811 0.771 0.732 0.692 0.786 0.907 0.907 1.003 1.007 1.010 1.014 1.017 1.021 1.024 1.028 1.031 1.046 1.092 1.138 1.160 1.166 1.173 1.173 1.185 1.192
1.832 1.653 1.662 1.670 1.679 1.688 1.696 1.705 1.714 1.726 1.726 1.695 1.664 1.633 1.602 1.571 1.540 1.509 1.424 1.304 1.183 1.063 0.943 0.822 0.702 0.581 0.581 0.547 0.592 0.637 0.683 0.729 0.769 0.788 0.807 0.826 0.845 0.864 0.883 0.902 0.921 0.940 0.940 0.968 0.982 0.991 0.952 0.912 0.873 0.833 0.793 0.754 0.714 0.675 0.635 0.596 0.556 0.677 0.677 0.730 0.733 0.737 0.741 0.755 0.801 0.848 0.894 0.941 0.987 1.034 1.077 1.115 1.135 1.142 1.142 1.155 1.161
1.725 1.734 1.743 1.751 1.760 1.769 1.777 1.786 1.795 1.812 1.812 1.794 1.763 1.732 1.701 1.670 1.639 1.595 1.474 1.354 1.234 1.113 0.993 0.873 0.752 0.632 0.632 0.481 0.527 0.572 0.618 0.663 0.691 0.710 0.729 0.748 0.767 0.786 0.805 0.824 0.843 0.862 0.862 0.894 0.908 0.895 0.855 0.816 0.776 0.737 0.697 0.657 0.618 0.578 0.539 0.499 0.460 0.446 0.446 0.510 0.557 0.603 0.650 0.696 0.743 0.789 0.836 0.882 0.929 0.975 1.015 1.053 1.091 1.111 1.111 1.124 1.130
1.806 1.815 1.824 1.832 1.841 1.850 1.858 1.867 1.876 1.893 1.893 1.893 1.862 1.831 1.800 1.769 1.738 1.645 1.525 1.404 1.284 1.164 1.043 0.923 0.803 0.682 0.682 0.441 0.462 0.507 0.553 0.595 0.614 0.633 0.652 0.671 0.690 0.709 0.728 0.747 0.766 0.784 0.784 0.820 0.834 0.798 0.759 0.719 0.680 0.640 0.601 0.561 0.525 0.502 0.480 0.457 0.435 0.411 0.411 0.451 0.498 0.544 0.591 0.637 0.684 0.731 0.777 0.823 0.870 0.916 0.954 0.992 1.030 1.068 1.068 1.093 1.100
1.887 1.896 1.905 1.913 1.922 1.931 1.939 1.948 1.957 1.974 1.974 1.982 1.961 1.930 1.899 1.868 1.816 1.695 1.575 1.455 1.334 1.214 1.094 0.973 0.853 0.733 0.732 0.492 0.397 0.442 0.487 0.517 0.536 0.555 0.574 0.593 0.612 0.631 0.650 0.669 0.688 0.707 0.707 0.745 0.741 0.702 0.668 0.646 0.623 0.601 0.578 0.556 0.533 0.511 0.488 0.465 0.443 0.418 0.418 0.393 0.439 0.486 0.532 0.579 0.625 0.672 0.718 0.765 0.811 0.854 0.893 0.931 0.969 1.007 1.007 1.063 1.069
