includes/camargue/floodfiles/results_R2_t1.562344511003E12/res-0009.wd
ncols         906
nrows         631
xllcorner     362177.146667
yllcorner     6534725.688020
cellsize      20.000000
NODATA_value  -9999.000000
[rows 578 to 611 of 631, columns 0 to 76 of 906]
1.690 1.773 1.854 1.936 2.016 2.097 2.177 2.219 2.220 2.232 2.243 2.268 2.294 2.319 2.345 2.370 2.689 3.035 3.382 3.728 4.074 4.421 4.767 4.993 4.993 4.609 4.128 3.646 3.164 2.683 2.201 1.719 1.238 0.756 0.291 0.007 0.009 0.012 0.012 0.012 0.020 0.011 0.013 0.015 0.016 0.017 0.019 0.020 0.021 0.022 0.023 0.025 0.028 0.043 0.054 0.065 0.073 0.086 0.095 0.094 0.091 0.088 0.085 0.083 0.078 0.073 0.072 0.073 0.076 0.079 0.086 0.094 0.095 0.110 0.115 0.116 0.107
1.594 1.802 1.966 2.047 2.128 2.208 2.289 2.348 2.349 2.368 2.394 2.419 2.445 2.470 2.496 2.521 2.754 3.100 3.447 3.793 4.139 4.486 4.710 4.912 4.912 4.784 4.302 3.821 3.339 2.857 2.376 1.894 1.413 0.931 0.504 0.081 0.008 0.015 0.017 0.018 0.027 0.013 0.014 0.013 0.013 0.014 0.015 0.016 0.018 0.019 0.020 0.021 0.023 0.037 0.047 0.056 0.062 0.074 0.083 0.091 0.096 0.091 0.083 0.072 0.066 0.064 0.065 0.067 0.070 0.073 0.080 0.086 0.085 0.100 0.103 0.107 0.110
1.217 1.425 1.632 1.837 2.043 2.248 2.400 2.477 2.478 2.519 2.545 2.570 2.596 2.621 2.646 2.672 2.819 3.165 3.512 3.858 4.204 4.426 4.629 4.831 4.831 4.959 4.477 3.996 3.514 3.032 2.551 2.069 1.588 1.142 0.717 0.292 0.012 0.015 0.019 0.021 0.032 0.018 0.020 0.019 0.018 0.013 0.012 0.014 0.015 0.016 0.017 0.017 0.019 0.032 0.040 0.048 0.054 0.065 0.073 0.080 0.089 0.088 0.073 0.063 0.058 0.057 0.059 0.062 0.065 0.068 0.073 0.079 0.078 0.091 0.093 0.096 0.098
0.840 1.049 1.255 1.461 1.666 1.871 2.076 2.243 2.244 2.670 2.696 2.721 2.747 2.772 2.797 2.823 2.884 3.230 3.577 3.923 4.143 4.346 4.548 4.751 4.751 5.134 4.652 4.170 3.689 3.207 2.726 2.244 1.780 1.355 0.930 0.505 0.082 0.011 0.020 0.023 0.035 0.021 0.024 0.022 0.019 0.016 0.014 0.011 0.012 0.013 0.014 0.015 0.016 0.027 0.035 0.042 0.047 0.058 0.066 0.079 0.090 0.088 0.069 0.056 0.052 0.052 0.054 0.056 0.060 0.063 0.068 0.074 0.072 0.085 0.087 0.088 0.089
0.464 0.672 0.879 1.084 1.290 1.495 1.660 1.800 1.801 2.220 2.449 2.679 2.898 2.923 2.948 2.973 2.998 3.295 3.642 3.860 4.063 4.265 4.468 4.670 4.670 5.075 4.827 4.345 3.864 3.382 2.901 2.419 1.993 1.568 1.143 0.718 0.292 0.015 0.018 0.024 0.037 0.024 0.027 0.026 0.021 0.018 0.016 0.014 0.012 0.011 0.012 0.012 0.014 0.024 0.031 0.037 0.040 0.057 0.068 0.079 0.089 0.087 0.068 0.055 0.048 0.046 0.049 0.052 0.055 0.058 0.064 0.069 0.067 0.080 0.081 0.082 0.082
0.089 0.297 0.503 0.708 0.913 1.078 1.217 1.357 1.358 1.754 1.984 2.214 2.443 2.673 2.902 3.124 3.149 3.360 3.577 3.779 3.982 4.184 4.387 4.589 4.589 4.994 5.002 4.520 4.039 3.557 3.075 2.632 2.206 1.781 1.356 0.930 0.505 0.083 0.012 0.024 0.038 0.027 0.030 0.029 0.024 0.021 0.019 0.017 0.014 0.012 0.010 0.010 0.011 0.020 0.027 0.037 0.038 0.058 0.068 0.078 0.088 0.085 0.066 0.053 0.047 0.045 0.045 0.047 0.050 0.054 0.059 0.065 0.062 0.075 0.076 0.077 0.079
0.000 0.004 0.128 0.332 0.496 0.635 0.775 0.914 0.915 1.289 1.519 1.748 1.978 2.207 2.436 2.666 2.895 3.395 3.496 3.699 3.901 4.104 4.306 4.509 4.509 4.914 5.116 4.695 4.214 3.732 3.270 2.845 2.419 1.994 1.569 1.144 0.718 0.293 0.018 0.019 0.037 0.028 0.034 0.031 0.027 0.024 0.022 0.020 0.018 0.015 0.013 0.010 0.009 0.019 0.028 0.038 0.037 0.056 0.065 0.075 0.085 0.083 0.063 0.050 0.044 0.043 0.044 0.046 0.047 0.049 0.055 0.060 0.058 0.071 0.073 0.074 0.076
0.000 0.000 0.000 0.004 0.059 0.194 0.332 0.471 0.472 0.824 1.053 1.283 1.512 1.742 1.971 2.278 3.018 3.638 3.725 3.811 3.898 4.023 4.226 4.428 4.428 4.833 5.036 4.870 4.389 3.908 3.483 3.058 2.632 2.207 1.782 1.357 0.931 0.506 0.084 0.010 0.027 0.030 0.038 0.033 0.030 0.027 0.025 0.023 0.021 0.019 0.017 0.015 0.015 0.020 0.028 0.036 0.035 0.053 0.062 0.072 0.081 0.079 0.059 0.046 0.041 0.041 0.042 0.044 0.046 0.046 0.050 0.056 0.054 0.068 0.069 0.072 0.074
0.000 0.000 0.000 0.000 0.000 0.000 0.003 0.042 0.039 0.359 0.588 0.818 1.047 1.276 1.667 2.407 3.147 3.881 3.968 4.054 4.141 4.227 4.314 4.401 4.401 4.753 4.955 5.045 4.564 4.121 3.696 3.271 2.846 2.420 1.995 1.570 1.144 0.719 0.294 0.018 0.039 0.027 0.040 0.036 0.033 0.030 0.028 0.026 0.025 0.023 0.022 0.020 0.021 0.029 0.032 0.033 0.033 0.049 0.059 0.068 0.077 0.075 0.055 0.041 0.037 0.037 0.039 0.040 0.040 0.041 0.046 0.052 0.050 0.064 0.066 0.069 0.072
0.000 0.000 0.000 0.000 0.000 0.000 0.000 0.001 0.000 0.003 0.125 0.353 0.582 1.057 1.797 2.537 3.276 4.016 4.210 4.297 4.383 4.470 4.557 4.644 4.644 4.817 4.904 5.077 4.760 4.334 3.909 3.484 3.059 2.633 2.208 1.783 1.357 0.932 0.507 0.099 0.109 0.028 0.042 0.040 0.037 0.034 0.032 0.030 0.029 0.027 0.025 0.024 0.025 0.035 0.040 0.042 0.042 0.045 0.054 0.063 0.073 0.071 0.050 0.036 0.032 0.032 0.032 0.033 0.035 0.037 0.042 0.048 0.047 0.061 0.062 0.066 0.069
0.000 0.000 0.000 0.000 0.000 0.000 0.000 0.003 0.001 0.005 0.125 0.354 0.582 1.057 1.796 2.536 3.276 4.016 4.210 4.297 4.383 4.470 4.557 4.643 4.643 4.817 4.903 5.077 4.760 4.334 3.909 3.484 3.059 2.633 2.208 1.783 1.357 0.932 0.507 0.097 0.105 0.031 0.050 0.048 0.044 0.041 0.038 0.035 0.033 0.031 0.030 0.028 0.029 0.041 0.046 0.049 0.050 0.053 0.062 0.071 0.080 0.078 0.057 0.041 0.037 0.038 0.039 0.041 0.043 0.046 0.051 0.058 0.057 0.072 0.074 0.078 0.082
0.000 0.000 0.000 0.000 0.000 0.000 0.000 0.000 0.000 0.000 0.000 0.003 0.446 1.186 1.926 2.666 3.406 4.146 4.453 4.539 4.626 4.713 4.799 4.886 4.886 5.060 5.146 4.923 4.641 4.261 3.880 3.500 3.119 2.738 2.358 1.977 1.571 1.145 0.720 0.306 0.310 0.039 0.055 0.053 0.050 0.046 0.042 0.038 0.036 0.034 0.032 0.031 0.032 0.044 0.050 0.054 0.056 0.056 0.056 0.062 0.071 0.069 0.046 0.028 0.022 0.022 0.024 0.027 0.030 0.033 0.038 0.045 0.045 0.059 0.061 0.065 0.069
0.000 0.000 0.000 0.000 0.000 0.000 0.000 0.000 0.000 0.000 0.000 0.000 0.575 1.315 2.055 2.795 3.535 4.275 4.695 4.782 4.869 4.955 5.042 5.129 5.129 5.111 4.748 4.396 4.200 3.876 3.496 3.115 2.735 2.354 1.974 1.593 1.212 0.832 0.451 0.093 0.108 0.041 0.066 0.061 0.057 0.052 0.047 0.042 0.039 0.036 0.034 0.033 0.034 0.047 0.054 0.058 0.061 0.062 0.063 0.063 0.063 0.060 0.032 0.013 0.011 0.014 0.016 0.019 0.022 0.024 0.029 0.035 0.036 0.049 0.052 0.055 0.060
0.000 0.000 0.000 0.000 0.000 0.000 0.000 0.000 0.000 0.000 0.000 0.247 0.916 1.586 2.314 3.054 3.794 4.534 5.181 5.268 5.354 5.441 5.124 4.761 4.761 4.035 3.672 3.409 3.212 3.015 2.727 2.346 1.966 1.585 1.205 0.824 0.444 0.075 0.023 0.022 0.036 0.040 0.041 0.039 0.042 0.048 0.051 0.046 0.041 0.038 0.035 0.034 0.035 0.049 0.056 0.060 0.063 0.065 0.068 0.071 0.074 0.063 0.020 0.004 0.004 0.006 0.008 0.010 0.012 0.014 0.018 0.022 0.023 0.034 0.036 0.039 0.042
0.000 0.000 0.000 0.000 0.000 0.000 0.000 0.000 0.000 0.000 0.004 0.584 1.253 1.923 2.592 3.261 3.930 4.663 5.403 5.510 5.312 4.949 4.586 4.223 4.223 3.497 3.134 2.915 2.719 2.522 2.325 1.962 1.581 1.201 0.820 0.440 0.073 0.025 0.027 0.045 0.057 0.048 0.045 0.035 0.030 0.030 0.036 0.044 0.046 0.042 0.038 0.036 0.038 0.051 0.059 0.063 0.067 0.072 0.076 0.079 0.082 0.074 0.031 0.008 0.005 0.004 0.006 0.009 0.011 0.014 0.017 0.022 0.023 0.034 0.035 0.038 0.042
0.000 0.000 0.000 0.000 0.000 0.000 0.000 0.000 0.000 0.006 0.305 0.921 1.590 2.259 2.929 3.598 4.267 4.936 5.541 5.137 4.774 4.411 4.048 3.685 3.685 2.959 2.619 2.422 2.225 2.028 1.831 1.578 1.197 0.816 0.436 0.067 0.022 0.024 0.044 0.050 0.060 0.050 0.048 0.036 0.026 0.020 0.020 0.024 0.032 0.041 0.042 0.038 0.040 0.054 0.061 0.069 0.072 0.079 0.083 0.086 0.089 0.083 0.039 0.013 0.006 0.005 0.005 0.005 0.007 0.010 0.013 0.018 0.019 0.029 0.031 0.035 0.039
0.000 0.000 0.000 0.000 0.000 0.000 0.000 0.000 0.000 0.360 0.717 1.258 1.927 2.596 3.266 3.935 4.604 5.153 5.498 5.136 4.429 3.872 3.510 3.147 3.147 2.421 2.125 1.928 1.731 1.534 1.337 1.140 0.813 0.432 0.061 0.018 0.019 0.039 0.047 0.051 0.061 0.052 0.051 0.039 0.028 0.018 0.012 0.012 0.015 0.020 0.028 0.037 0.041 0.058 0.068 0.075 0.078 0.085 0.089 0.093 0.096 0.091 0.047 0.018 0.009 0.007 0.006 0.005 0.005 0.005 0.008 0.012 0.014 0.024 0.026 0.030 0.034
0.000 0.000 0.000 0.000 0.000 0.000 0.000 0.063 0.061 0.773 1.130 1.595 2.264 2.933 3.603 4.272 4.765 5.111 5.456 5.235 4.528 3.821 3.114 2.608 2.608 1.882 1.631 1.434 1.238 1.041 0.844 0.647 0.428 0.056 0.013 0.015 0.030 0.040 0.046 0.051 0.062 0.053 0.054 0.044 0.031 0.019 0.011 0.007 0.006 0.007 0.009 0.013 0.021 0.063 0.073 0.080 0.083 0.091 0.095 0.099 0.102 0.099 0.056 0.025 0.013 0.008 0.007 0.006 0.006 0.005 0.005 0.006 0.009 0.018 0.021 0.025 0.030
0.000 0.002 0.000 0.000 0.000 0.000 0.113 0.470 0.470 1.185 1.543 1.932 2.601 3.270 3.940 4.377 4.723 5.068 5.414 5.333 4.627 3.920 3.213 2.506 2.506 1.344 1.137 0.941 0.744 0.547 0.350 0.154 0.016 0.010 0.011 0.020 0.030 0.037 0.043 0.049 0.061 0.054 0.056 0.049 0.035 0.022 0.012 0.006 0.004 0.003 0.002 0.002 0.001 0.019 0.051 0.084 0.087 0.096 0.100 0.104 0.107 0.107 0.064 0.032 0.018 0.012 0.009 0.008 0.007 0.007 0.006 0.006 0.004 0.010 0.014 0.019 0.024
0.000 0.001 0.000 0.000 0.000 0.118 0.525 0.882 0.882 1.598 1.955 2.313 2.938 3.607 3.990 4.335 4.680 5.026 5.371 5.432 4.725 4.018 3.312 2.605 2.605 1.091 0.790 0.567 0.344 0.122 0.007 0.005 0.005 0.007 0.011 0.020 0.026 0.033 0.039 0.046 0.059 0.055 0.059 0.054 0.040 0.025 0.013 0.006 0.003 0.003 0.002 0.001 0.000 0.001 0.008 0.037 0.038 0.101 0.105 0.109 0.113 0.114 0.072 0.041 0.025 0.017 0.013 0.010 0.009 0.009 0.009 0.009 0.007 0.013 0.008 0.011 0.018
0.000 0.000 0.000 0.000 0.004 0.324 0.734 1.143 1.143 1.963 2.368 2.726 3.256 3.602 3.947 4.293 4.638 4.983 5.329 5.531 4.824 4.117 3.410 2.691 2.691 1.038 0.576 0.353 0.132 0.007 0.004 0.004 0.005 0.006 0.010 0.016 0.021 0.027 0.034 0.042 0.056 0.055 0.061 0.060 0.045 0.029 0.015 0.006 0.003 0.002 0.002 0.000 0.000 0.000 0.001 0.007 0.005 0.054 0.086 0.113 0.117 0.121 0.080 0.051 0.035 0.026 0.020 0.015 0.013 0.012 0.012 0.012 0.010 0.018 0.012 0.011 0.011
0.000 0.000 0.000 0.001 0.122 0.530 0.940 1.349 1.350 2.169 2.579 2.987 3.176 3.549 3.905 4.250 4.596 4.941 5.286 5.630 4.923 4.216 3.464 2.637 2.637 0.984 0.363 0.140 0.007 0.003 0.003 0.004 0.004 0.006 0.007 0.011 0.015 0.021 0.027 0.036 0.051 0.053 0.062 0.067 0.052 0.033 0.018 0.006 0.003 0.002 0.002 0.000 0.000 0.000 0.001 0.005 0.002 0.011 0.038 0.070 0.101 0.126 0.090 0.063 0.048 0.037 0.029 0.022 0.018 0.016 0.015 0.016 0.013 0.023 0.017 0.016 0.015
0.000 0.000 0.001 0.078 0.327 0.736 1.146 1.556 1.556 2.375 2.785 2.951 3.058 3.422 3.794 4.167 4.539 4.899 5.244 5.589 5.022 4.238 3.411 2.584 2.584 0.930 0.150 0.007 0.003 0.003 0.003 0.004 0.005 0.005 0.005 0.008 0.010 0.014 0.020 0.027 0.042 0.048 0.062 0.074 0.061 0.040 0.021 0.006 0.003 0.002 0.001 0.000 0.000 0.000 0.001 0.005 0.002 0.004 0.007 0.025 0.049 0.061 0.075 0.076 0.062 0.049 0.040 0.031 0.024 0.020 0.019 0.020 0.016 0.027 0.021 0.020 0.021
0.000 0.002 0.104 0.334 0.565 0.942 1.352 1.762 1.762 2.581 2.808 2.915 3.021 3.295 3.667 4.040 4.412 4.785 5.157 5.529 5.011 4.184 3.357 2.530 2.530 0.876 0.055 0.003 0.003 0.003 0.003 0.004 0.004 0.004 0.004 0.005 0.007 0.009 0.013 0.018 0.031 0.038 0.054 0.096 0.083 0.041 0.022 0.004 0.002 0.002 0.001 0.001 0.000 0.000 0.001 0.005 0.002 0.004 0.005 0.005 0.006 0.013 0.023 0.039 0.060 0.063 0.053 0.041 0.032 0.025 0.022 0.023 0.019 0.031 0.024 0.022 0.014
0.002 0.131 0.361 0.593 0.824 1.148 1.558 1.968 1.968 2.665 2.772 2.879 2.985 3.168 3.540 3.913 4.285 4.658 4.937 4.755 4.346 3.795 3.245 2.477 2.477 0.823 0.022 0.002 0.003 0.003 0.004 0.003 0.003 0.003 0.003 0.003 0.005 0.006 0.007 0.009 0.018 0.024 0.069 0.117 0.119 0.074 0.029 0.003 0.001 0.000 0.001 0.000 0.000 0.001 0.001 0.005 0.003 0.004 0.004 0.004 0.004 0.004 0.005 0.011 0.022 0.038 0.057 0.054 0.043 0.032 0.026 0.027 0.024 0.035 0.019 0.008 0.005
0.152 0.389 0.620 0.852 1.084 1.353 1.764 2.173 2.174 2.629 2.735 2.842 2.949 3.056 3.413 3.786 4.158 4.296 4.115 3.934 3.568 3.017 2.466 1.916 1.916 0.770 0.011 0.002 0.002 0.003 0.003 0.003 0.003 0.003 0.002 0.003 0.004 0.004 0.004 0.004 0.004 0.034 0.081 0.128 0.146 0.099 0.054 0.016 0.002 0.000 0.000 0.000 0.000 0.000 0.001 0.004 0.003 0.004 0.004 0.003 0.003 0.003 0.003 0.005 0.008 0.014 0.023 0.036 0.051 0.039 0.030 0.025 0.012 0.021 0.007 0.005 0.004
0.151 0.388 0.619 0.851 1.083 1.352 1.763 2.172 2.173 2.628 2.735 2.841 2.948 3.055 3.413 3.785 4.158 4.296 4.115 3.934 3.567 3.017 2.466 1.916 1.916 0.770 0.017 0.006 0.007 0.007 0.007 0.006 0.005 0.005 0.005 0.005 0.007 0.008 0.008 0.007 0.008 0.042 0.089 0.136 0.154 0.106 0.059 0.018 0.002 0.001 0.002 0.002 0.001 0.002 0.004 0.009 0.007 0.008 0.008 0.007 0.007 0.007 0.008 0.009 0.014 0.020 0.029 0.041 0.054 0.040 0.030 0.024 0.013 0.022 0.009 0.007 0.006
0.408 0.644 0.877 1.109 1.341 1.573 1.968 2.377 2.377 2.591 2.698 2.805 2.912 3.019 3.285 3.658 3.656 3.475 3.293 3.112 2.789 2.239 1.688 1.138 1.138 0.044 0.006 0.005 0.005 0.004 0.003 0.002 0.002 0.001 0.000 0.000 0.000 0.001 0.001 0.003 0.002 0.044 0.091 0.138 0.173 0.126 0.079 0.034 0.004 0.002 0.001 0.000 0.000 0.002 0.002 0.004 0.003 0.003 0.002 0.002 0.002 0.002 0.002 0.002 0.002 0.002 0.003 0.005 0.012 0.025 0.038 0.015 0.007 0.014 0.006 0.005 0.003
0.665 0.900 1.134 1.367 1.600 1.832 2.173 2.340 2.341 2.554 2.661 2.768 2.875 2.982 3.157 3.014 2.833 2.653 2.472 2.291 2.011 1.461 0.910 0.360 0.360 0.005 0.006 0.011 0.006 0.004 0.003 0.002 0.002 0.001 0.000 0.000 0.000 0.000 0.000 0.005 0.003 0.045 0.092 0.138 0.185 0.144 0.096 0.050 0.011 0.003 0.003 0.004 0.004 0.002 0.002 0.003 0.004 0.002 0.002 0.002 0.001 0.001 0.001 0.002 0.002 0.002 0.002 0.003 0.003 0.006 0.022 0.010 0.007 0.013 0.007 0.005 0.004
1.180 1.414 1.648 1.881 2.096 2.288 2.363 2.352 2.353 2.574 2.685 2.796 2.907 3.018 2.780 2.191 1.602 1.013 0.828 0.647 0.455 0.006 0.003 0.004 0.008 0.008 0.010 0.010 0.006 0.004 0.003 0.002 0.002 0.001 0.000 0.000 0.000 0.000 0.000 0.005 0.003 0.041 0.087 0.134 0.181 0.174 0.126 0.080 0.036 0.014 0.008 0.006 0.004 0.004 0.004 0.003 0.005 0.001 0.000 0.001 0.000 0.000 0.000 0.001 0.001 0.001 0.002 0.002 0.002 0.003 0.015 0.005 0.004 0.008 0.005 0.005 0.004
1.437 1.671 1.902 2.094 2.286 2.478 2.526 2.509 2.510 2.600 2.711 2.822 2.933 3.044 2.684 2.094 1.505 0.916 0.328 0.003 0.003 0.003 0.005 0.010 0.016 0.011 0.012 0.012 0.008 0.005 0.004 0.003 0.002 0.002 0.001 0.000 0.000 0.000 0.000 0.006 0.003 0.039 0.086 0.133 0.179 0.189 0.142 0.095 0.048 0.014 0.008 0.006 0.006 0.005 0.005 0.005 0.008 0.003 0.002 0.001 0.000 0.000 0.000 0.001 0.001 0.002 0.002 0.002 0.003 0.004 0.016 0.006 0.004 0.009 0.005 0.005 0.004
1.694 1.900 2.093 2.285 2.477 2.668 2.690 2.672 2.673 2.637 2.737 2.848 2.958 3.069 2.588 1.999 1.409 0.820 0.232 0.002 0.002 0.004 0.008 0.010 0.015 0.011 0.012 0.012 0.010 0.005 0.004 0.003 0.002 0.002 0.001 0.001 0.000 0.000 0.000 0.004 0.002 0.029 0.083 0.130 0.177 0.204 0.156 0.104 0.046 0.014 0.009 0.007 0.006 0.006 0.006 0.006 0.009 0.003 0.003 0.002 0.001 0.000 0.000 0.000 0.001 0.002 0.002 0.002 0.002 0.003 0.014 0.006 0.004 0.008 0.005 0.005 0.004
1.898 2.091 2.283 2.475 2.667 2.859 2.853 2.835 2.836 2.800 2.783 2.873 2.984 3.082 2.493 1.903 1.314 0.724 0.144 0.002 0.002 0.004 0.007 0.008 0.014 0.010 0.012 0.013 0.011 0.006 0.004 0.003 0.003 0.003 0.002 0.001 0.000 0.000 0.000 0.004 0.002 0.009 0.058 0.114 0.170 0.219 0.161 0.102 0.046 0.017 0.011 0.008 0.007 0.006 0.006 0.006 0.010 0.004 0.004 0.003 0.002 0.002 0.002 0.001 0.001 0.001 0.002 0.002 0.002 0.003 0.012 0.005 0.004 0.008 0.005 0.005 0.004
2.089 2.282 2.474 2.666 2.858 3.034 3.016 2.999 2.999 2.964 2.946 2.929 3.010 2.987 2.397 1.808 1.227 0.651 0.080 0.002 0.002 0.003 0.006 0.007 0.011 0.010 0.012 0.013 0.012 0.007 0.004 0.004 0.004 0.003 0.002 0.001 0.000 0.000 0.000 0.005 0.002 0.004 0.032 0.087 0.143 0.173 0.143 0.100 0.046 0.021 0.014 0.010 0.007 0.006 0.006 0.006 0.010 0.004 0.004 0.004 0.004 0.004 0.004 0.004 0.002 0.000 0.001 0.001 0.002 0.002 0.010 0.005 0.003 0.007 0.005 0.005 0.006
