includes/camargue/floodfiles/results_R2_t1.562344511003E12/res-0002.wd
ncols         906
nrows         631
xllcorner     362177.146667
yllcorner     6534725.688020
cellsize      20.000000
NODATA_value  -9999.000000
[rows 578 to 611 of 631, columns 462 to 538 of 906]
5.139 5.179 5.219 5.259 5.295 5.313 5.331 5.350 5.368 5.394 5.459 5.525 5.591 5.722 5.722 5.788 5.853 5.919 5.924 5.899 5.875 5.850 5.826 5.801 5.777 5.752 5.728 5.723 5.749 5.804 5.804 5.849 5.894 5.939 5.986 6.032 6.079 6.126 6.173 6.219 6.266 6.313 6.359 6.408 6.459 6.560 6.560 6.611 6.662 6.713 6.764 6.814 6.839 6.851 6.863 6.875 6.898 6.949 7.000 7.051 7.102 7.173 7.173 7.197 7.222 7.246 7.270 7.294 7.319 7.343 7.356 7.367 7.378 7.389 7.400 7.412 7.423
5.263 5.291 5.331 5.371 5.406 5.424 5.442 5.460 5.515 5.581 5.647 5.712 5.778 5.909 5.909 5.975 6.041 6.106 6.114 6.089 6.064 6.040 6.015 5.991 5.966 5.942 5.917 5.893 5.868 5.901 5.901 5.946 5.993 6.039 6.086 6.133 6.179 6.226 6.273 6.320 6.366 6.413 6.460 6.508 6.559 6.661 6.661 6.712 6.762 6.813 6.864 6.915 6.966 7.013 7.025 7.037 7.063 7.114 7.165 7.212 7.236 7.285 7.285 7.309 7.333 7.358 7.382 7.406 7.431 7.455 7.466 7.477 7.489 7.500 7.511 7.522 7.534
5.392 5.418 5.444 5.483 5.516 5.534 5.571 5.637 5.703 5.768 5.834 5.900 5.965 6.097 6.097 6.162 6.228 6.294 6.303 6.279 6.254 6.230 6.205 6.181 6.156 6.132 6.107 6.082 6.058 5.996 5.996 6.046 6.093 6.140 6.186 6.233 6.280 6.327 6.373 6.420 6.467 6.514 6.560 6.609 6.660 6.762 6.762 6.812 6.863 6.914 6.965 7.016 7.067 7.117 7.168 7.200 7.228 7.275 7.299 7.324 7.348 7.397 7.397 7.421 7.445 7.470 7.494 7.518 7.543 7.566 7.577 7.588 7.599 7.611 7.622 7.633 7.645
5.522 5.548 5.574 5.599 5.627 5.693 5.759 5.824 5.890 5.956 6.021 6.087 6.153 6.284 6.284 6.350 6.415 6.481 6.493 6.468 6.444 6.419 6.395 6.370 6.346 6.321 6.297 6.272 6.226 6.072 6.072 6.134 6.193 6.240 6.287 6.333 6.380 6.427 6.474 6.521 6.567 6.614 6.661 6.710 6.761 6.862 6.862 6.913 6.964 7.015 7.065 7.116 7.167 7.218 7.269 7.315 7.360 7.387 7.411 7.436 7.460 7.509 7.508 7.533 7.557 7.581 7.606 7.630 7.654 7.676 7.688 7.699 7.710 7.722 7.733 7.744 7.755
5.651 5.700 5.755 5.809 5.785 5.870 5.946 6.011 6.077 6.143 6.209 6.274 6.340 6.471 6.471 6.537 6.603 6.668 6.682 6.658 6.633 6.609 6.584 6.560 6.535 6.511 6.480 6.387 6.294 6.148 6.148 6.210 6.272 6.334 6.387 6.434 6.481 6.527 6.574 6.621 6.668 6.714 6.761 6.810 6.861 6.963 6.963 7.014 7.064 7.115 7.166 7.217 7.268 7.313 7.327 7.342 7.392 7.470 7.523 7.547 7.572 7.620 7.620 7.645 7.669 7.693 7.718 7.742 7.766 7.787 7.798 7.810 7.821 7.832 7.844 7.855 7.866
5.904 5.958 6.013 6.035 5.966 6.008 6.093 6.178 6.263 6.330 6.396 6.462 6.527 6.659 6.659 6.724 6.790 6.856 6.872 6.847 6.823 6.798 6.774 6.749 6.725 6.641 6.548 6.455 6.363 6.224 6.224 6.286 6.348 6.410 6.472 6.534 6.581 6.628 6.675 6.721 6.768 6.815 6.861 6.911 6.962 7.063 7.063 7.114 7.165 7.216 7.267 7.312 7.326 7.340 7.354 7.368 7.425 7.503 7.580 7.658 7.684 7.732 7.732 7.757 7.781 7.805 7.829 7.854 7.878 7.898 7.909 7.920 7.932 7.943 7.954 7.966 7.977
6.162 6.217 6.272 6.234 6.164 6.145 6.230 6.315 6.400 6.486 6.571 6.649 6.715 6.846 6.846 6.912 6.977 7.043 7.061 7.037 7.013 6.988 6.964 6.894 6.802 6.709 6.617 6.524 6.431 6.300 6.300 6.362 6.424 6.486 6.548 6.610 6.672 6.728 6.775 6.822 6.868 6.915 6.962 7.012 7.062 7.164 7.164 7.215 7.266 7.311 7.325 7.339 7.353 7.367 7.381 7.395 7.457 7.535 7.613 7.690 7.768 7.844 7.844 7.868 7.893 7.917 7.941 7.966 7.990 8.009 8.020 8.031 8.042 8.054 8.065 8.076 8.088
6.421 6.476 6.501 6.432 6.362 6.292 6.368 6.453 6.538 6.623 6.708 6.793 6.878 7.033 7.033 7.099 7.165 7.230 7.251 7.227 7.202 7.148 7.055 6.963 6.870 6.778 6.685 6.592 6.500 6.376 6.376 6.438 6.500 6.562 6.624 6.686 6.748 6.810 6.871 6.922 6.969 7.016 7.062 7.112 7.163 7.265 7.265 7.309 7.323 7.337 7.351 7.365 7.379 7.393 7.407 7.422 7.490 7.568 7.645 7.723 7.801 7.956 7.956 7.980 8.005 8.029 8.053 8.078 8.102 8.119 8.131 8.142 8.153 8.164 8.176 8.187 8.198
6.679 6.734 6.699 6.630 6.560 6.490 6.505 6.591 6.676 6.761 6.846 6.931 7.016 7.186 7.186 7.271 7.352 7.418 7.441 7.401 7.309 7.216 7.124 7.031 6.939 6.846 6.753 6.661 6.568 6.452 6.452 6.514 6.576 6.638 6.700 6.762 6.824 6.885 6.947 7.009 7.069 7.116 7.163 7.213 7.264 7.322 7.322 7.336 7.350 7.364 7.378 7.392 7.406 7.420 7.434 7.448 7.522 7.600 7.678 7.755 7.833 7.988 7.988 8.066 8.116 8.141 8.165 8.190 8.214 8.230 8.241 8.253 8.264 8.275 8.287 8.288 8.266
6.938 6.967 6.898 6.828 6.758 6.688 6.643 6.728 6.813 6.898 6.983 7.069 7.154 7.324 7.324 7.409 7.494 7.579 7.557 7.470 7.377 7.285 7.192 7.100 7.007 6.914 6.822 6.729 6.637 6.528 6.528 6.590 6.652 6.714 6.776 6.838 6.900 6.961 7.023 7.085 7.147 7.209 7.263 7.306 7.320 7.349 7.349 7.363 7.377 7.391 7.405 7.419 7.433 7.447 7.461 7.477 7.555 7.633 7.710 7.788 7.866 8.021 8.021 8.099 8.176 8.253 8.277 8.301 8.326 8.341 8.352 8.363 8.375 8.372 8.349 8.327 8.304
6.938 6.967 6.898 6.828 6.758 6.689 6.643 6.728 6.813 6.899 6.984 7.069 7.154 7.324 7.324 7.409 7.494 7.579 7.557 7.470 7.377 7.285 7.192 7.100 7.007 6.915 6.822 6.729 6.637 6.528 6.528 6.590 6.652 6.714 6.776 6.838 6.900 6.962 7.024 7.086 7.147 7.209 7.263 7.307 7.321 7.349 7.349 7.363 7.377 7.391 7.405 7.419 7.433 7.447 7.461 7.477 7.555 7.633 7.710 7.788 7.866 8.021 8.021 8.099 8.177 8.253 8.277 8.302 8.326 8.341 8.352 8.364 8.375 8.372 8.350 8.327 8.304
7.196 7.165 7.096 7.026 6.957 6.887 6.817 6.866 6.951 7.036 7.121 7.206 7.292 7.462 7.462 7.547 7.572 7.494 7.458 7.467 7.446 7.353 7.261 7.168 7.076 6.983 6.891 6.798 6.705 6.604 6.604 6.666 6.728 6.790 6.852 6.914 6.976 7.038 7.100 7.161 7.223 7.275 7.287 7.333 7.347 7.376 7.376 7.390 7.404 7.418 7.432 7.446 7.460 7.474 7.488 7.510 7.588 7.665 7.743 7.821 7.898 8.054 8.054 8.131 8.209 8.287 8.364 8.414 8.438 8.452 8.463 8.456 8.433 8.411 8.388 8.365 8.343
7.433 7.363 7.294 7.224 7.155 7.085 7.015 7.004 7.089 7.174 7.259 7.344 7.429 7.599 7.599 7.548 7.470 7.392 7.359 7.367 7.376 7.384 7.329 7.237 7.144 7.052 6.959 6.866 6.774 6.680 6.680 6.742 6.804 6.866 6.928 6.990 7.052 7.114 7.176 7.225 7.238 7.251 7.266 7.312 7.358 7.402 7.402 7.416 7.430 7.444 7.458 7.472 7.486 7.500 7.515 7.543 7.620 7.698 7.776 7.853 7.931 8.086 8.086 8.164 8.242 8.319 8.397 8.475 8.550 8.540 8.517 8.494 8.472 8.449 8.426 8.404 8.381
7.829 7.760 7.690 7.620 7.551 7.481 7.411 7.342 7.364 7.449 7.534 7.619 7.579 7.423 7.423 7.345 7.267 7.189 7.161 7.169 7.177 7.186 7.194 7.202 7.211 7.188 7.096 7.003 6.911 6.832 6.832 6.894 6.956 7.018 7.079 7.126 7.139 7.151 7.164 7.177 7.190 7.203 7.224 7.271 7.317 7.409 7.409 7.455 7.483 7.497 7.512 7.526 7.540 7.554 7.568 7.608 7.685 7.763 7.841 7.918 7.996 8.151 8.151 8.229 8.306 8.343 8.379 8.415 8.452 8.497 8.542 8.571 8.548 8.525 8.503 8.480 8.457
8.027 7.958 7.888 7.818 7.749 7.679 7.610 7.540 7.502 7.587 7.633 7.555 7.477 7.321 7.321 7.243 7.165 7.087 7.061 7.070 7.078 7.087 7.095 7.103 7.112 7.120 7.129 7.072 6.979 6.908 6.908 6.970 7.032 7.076 7.089 7.102 7.115 7.128 7.140 7.153 7.166 7.179 7.204 7.250 7.296 7.388 7.388 7.434 7.480 7.524 7.538 7.552 7.566 7.580 7.594 7.640 7.718 7.795 7.873 7.951 8.028 8.177 8.177 8.213 8.249 8.285 8.321 8.357 8.396 8.441 8.486 8.531 8.577 8.564 8.541 8.518 8.496
8.225 8.156 8.086 8.016 7.947 7.877 7.808 7.738 7.668 7.610 7.532 7.454 7.376 7.220 7.220 7.142 7.064 6.986 6.962 6.971 6.979 6.987 6.996 7.004 7.013 7.021 7.029 7.038 7.046 6.983 6.983 7.027 7.040 7.052 7.065 7.078 7.091 7.104 7.116 7.129 7.142 7.155 7.183 7.229 7.275 7.367 7.367 7.413 7.459 7.505 7.552 7.579 7.593 7.607 7.621 7.673 7.750 7.828 7.906 7.983 8.047 8.120 8.119 8.156 8.192 8.228 8.264 8.300 8.339 8.384 8.430 8.475 8.520 8.566 8.579 8.557 8.534
8.423 8.304 8.185 8.066 7.946 7.827 7.708 7.588 7.473 7.468 7.430 7.352 7.274 7.118 7.118 7.040 6.962 6.884 6.863 6.872 6.880 6.888 6.897 6.905 6.914 6.922 6.930 6.939 6.947 6.990 6.990 7.003 7.016 7.029 7.041 7.054 7.067 7.080 7.093 7.105 7.118 7.131 7.162 7.208 7.254 7.346 7.346 7.393 7.439 7.485 7.531 7.577 7.620 7.634 7.648 7.705 7.783 7.861 7.918 7.954 7.990 8.062 8.062 8.098 8.134 8.170 8.206 8.242 8.283 8.328 8.373 8.419 8.464 8.509 8.555 8.595 8.572
8.188 8.069 7.949 7.830 7.711 7.591 7.472 7.353 7.267 7.263 7.258 7.251 7.173 7.017 7.017 6.939 6.861 6.783 6.764 6.772 6.781 6.789 6.798 6.806 6.814 6.823 6.831 6.854 6.888 6.951 6.951 6.978 6.992 7.005 7.017 7.030 7.043 7.056 7.069 7.081 7.094 7.107 7.141 7.187 7.233 7.326 7.326 7.372 7.418 7.464 7.510 7.556 7.602 7.648 7.675 7.738 7.788 7.825 7.860 7.897 7.933 8.005 8.005 8.041 8.077 8.113 8.149 8.185 8.227 8.272 8.317 8.362 8.408 8.453 8.498 8.544 8.589
7.952 7.833 7.714 7.594 7.475 7.356 7.236 7.117 7.061 7.057 7.053 7.048 7.044 6.915 6.915 6.837 6.759 6.681 6.665 6.673 6.682 6.690 6.699 6.707 6.715 6.740 6.775 6.810 6.844 6.906 6.906 6.933 6.960 6.981 6.993 7.006 7.019 7.032 7.045 7.057 7.070 7.083 7.121 7.167 7.213 7.305 7.305 7.351 7.397 7.443 7.489 7.536 7.582 7.628 7.655 7.695 7.731 7.767 7.803 7.839 7.875 7.947 7.947 7.983 8.019 8.055 8.091 8.128 8.170 8.216 8.261 8.306 8.351 8.397 8.442 8.487 8.532
7.716 7.597 7.478 7.359 7.239 7.120 7.001 6.881 6.855 6.851 6.847 6.843 6.838 6.814 6.814 6.736 6.658 6.580 6.566 6.574 6.583 6.591 6.599 6.627 6.662 6.696 6.731 6.765 6.800 6.861 6.861 6.888 6.915 6.943 6.969 6.982 6.995 7.008 7.021 7.033 7.046 7.059 7.100 7.146 7.192 7.284 7.284 7.330 7.376 7.423 7.469 7.514 7.538 7.561 7.584 7.628 7.672 7.710 7.746 7.782 7.818 7.890 7.890 7.926 7.962 7.998 8.034 8.070 8.114 8.159 8.205 8.250 8.295 8.340 8.386 8.431 8.476
7.448 7.362 7.242 7.123 7.004 6.884 6.765 6.653 6.649 6.645 6.641 6.637 6.633 6.624 6.624 6.620 6.556 6.478 6.467 6.475 6.483 6.514 6.548 6.583 6.617 6.652 6.687 6.721 6.756 6.816 6.816 6.843 6.870 6.898 6.925 6.952 6.971 6.984 6.997 7.009 7.022 7.035 7.079 7.125 7.171 7.264 7.263 7.310 7.356 7.397 7.420 7.443 7.467 7.490 7.516 7.560 7.604 7.648 7.688 7.724 7.760 7.833 7.833 7.869 7.905 7.941 7.977 8.013 8.058 8.103 8.148 8.193 8.239 8.284 8.329 8.374 8.420
7.156 7.100 7.007 6.887 6.768 6.649 6.529 6.448 6.443 6.439 6.435 6.431 6.427 6.418 6.418 6.414 6.410 6.377 6.368 6.401 6.435 6.470 6.504 6.539 6.573 6.608 6.643 6.677 6.712 6.771 6.771 6.798 6.826 6.853 6.880 6.907 6.935 6.960 6.973 6.985 6.998 7.012 7.058 7.104 7.150 7.243 7.243 7.279 7.302 7.326 7.349 7.372 7.396 7.419 7.447 7.491 7.535 7.579 7.623 7.667 7.703 7.775 7.775 7.811 7.847 7.883 7.919 7.956 8.001 8.047 8.092 8.137 8.182 8.228 8.273 8.318 8.363
6.864 6.808 6.752 6.652 6.532 6.413 6.293 6.242 6.238 6.233 6.229 6.225 6.221 6.213 6.213 6.208 6.236 6.303 6.322 6.356 6.391 6.426 6.460 6.495 6.529 6.564 6.598 6.633 6.668 6.726 6.726 6.753 6.781 6.808 6.835 6.863 6.890 6.917 6.944 6.962 6.974 6.991 7.038 7.084 7.130 7.185 7.185 7.208 7.231 7.255 7.278 7.301 7.324 7.348 7.379 7.423 7.467 7.511 7.555 7.599 7.643 7.718 7.718 7.754 7.790 7.826 7.862 7.900 7.945 7.990 8.035 8.081 8.126 8.171 8.217 8.262 8.307
6.572 6.516 6.460 6.405 6.296 6.177 6.058 6.036 6.032 6.028 6.023 6.019 6.015 6.096 6.096 6.163 6.229 6.292 6.305 6.319 6.347 6.381 6.416 6.451 6.485 6.520 6.554 6.589 6.623 6.681 6.681 6.708 6.736 6.763 6.790 6.818 6.845 6.872 6.900 6.927 6.951 6.971 7.017 7.044 7.067 7.114 7.114 7.137 7.160 7.184 7.207 7.230 7.253 7.277 7.310 7.354 7.398 7.442 7.486 7.530 7.574 7.660 7.660 7.696 7.732 7.768 7.804 7.843 7.889 7.934 7.979 8.024 8.070 8.115 8.165 8.233 8.302
6.280 6.224 6.168 6.112 6.057 5.942 5.834 5.830 5.826 5.822 5.822 5.888 5.955 6.089 6.089 6.156 6.223 6.276 6.289 6.303 6.316 6.337 6.372 6.407 6.441 6.476 6.510 6.545 6.579 6.636 6.636 6.663 6.691 6.718 6.745 6.773 6.800 6.827 6.855 6.882 6.909 6.930 6.950 6.973 6.996 7.043 7.043 7.066 7.089 7.113 7.136 7.159 7.182 7.206 7.242 7.286 7.330 7.374 7.418 7.462 7.506 7.594 7.594 7.638 7.675 7.711 7.747 7.787 7.832 7.878 7.923 7.968 8.025 8.094 8.162 8.231 8.299
5.987 5.932 5.876 5.820 5.764 5.706 5.629 5.624 5.681 5.748 5.815 5.882 5.949 6.083 6.083 6.149 6.216 6.260 6.274 6.287 6.301 6.314 6.328 6.362 6.397 6.432 6.466 6.501 6.535 6.591 6.591 6.618 6.646 6.673 6.701 6.728 6.755 6.782 6.811 6.842 6.873 6.890 6.891 6.902 6.925 6.972 6.972 6.995 7.018 7.042 7.065 7.088 7.111 7.135 7.174 7.218 7.261 7.305 7.350 7.394 7.438 7.525 7.525 7.569 7.613 7.653 7.689 7.731 7.776 7.821 7.886 7.954 8.023 8.091 8.160 8.229 8.297
5.988 5.932 5.876 5.820 5.765 5.706 5.629 5.625 5.681 5.748 5.815 5.882 5.949 6.083 6.083 6.150 6.217 6.260 6.274 6.287 6.301 6.314 6.328 6.363 6.397 6.432 6.466 6.501 6.535 6.591 6.591 6.619 6.646 6.673 6.701 6.728 6.755 6.783 6.811 6.842 6.873 6.890 6.891 6.902 6.926 6.972 6.972 6.995 7.019 7.042 7.065 7.089 7.112 7.135 7.174 7.218 7.262 7.306 7.350 7.394 7.438 7.526 7.526 7.570 7.614 7.654 7.690 7.731 7.776 7.821 7.886 7.955 8.023 8.092 8.160 8.229 8.297
5.695 5.640 5.584 5.528 5.487 5.493 5.541 5.608 5.675 5.742 5.809 5.876 5.942 6.076 6.076 6.143 6.210 6.244 6.258 6.271 6.285 6.298 6.312 6.326 6.353 6.388 6.422 6.457 6.491 6.546 6.546 6.574 6.601 6.629 6.656 6.683 6.713 6.744 6.775 6.806 6.837 6.849 6.850 6.851 6.855 6.901 6.901 6.924 6.948 6.971 6.994 7.018 7.041 7.064 7.105 7.149 7.193 7.237 7.281 7.325 7.369 7.457 7.457 7.501 7.545 7.589 7.632 7.678 7.747 7.815 7.884 7.952 8.021 8.089 8.158 8.227 8.295
5.432 5.438 5.444 5.450 5.457 5.463 5.529 5.601 5.668 5.735 5.802 5.869 5.936 6.070 6.070 6.136 6.203 6.228 6.242 6.255 6.269 6.283 6.296 6.310 6.323 6.344 6.378 6.413 6.447 6.502 6.502 6.529 6.556 6.584 6.615 6.645 6.676 6.707 6.738 6.769 6.800 6.808 6.810 6.811 6.812 6.830 6.830 6.854 6.877 6.900 6.923 6.947 6.970 6.993 7.037 7.081 7.125 7.169 7.213 7.257 7.301 7.389 7.389 7.433 7.477 7.532 7.600 7.674 7.744 7.813 7.881 7.950 8.019 8.087 8.156 8.224 8.293
5.370 5.377 5.383 5.389 5.395 5.430 5.503 5.575 5.648 5.720 5.789 5.856 5.922 6.056 6.056 6.123 6.183 6.196 6.210 6.223 6.237 6.250 6.264 6.277 6.291 6.304 6.318 6.331 6.357 6.417 6.417 6.448 6.479 6.510 6.541 6.572 6.603 6.634 6.665 6.695 6.725 6.727 6.728 6.729 6.730 6.732 6.732 6.733 6.735 6.758 6.781 6.804 6.828 6.856 6.900 6.944 6.988 7.032 7.076 7.120 7.167 7.304 7.304 7.372 7.441 7.509 7.578 7.653 7.728 7.802 7.876 7.945 8.014 8.082 8.151 8.219 8.288
5.340 5.346 5.352 5.359 5.365 5.418 5.490 5.562 5.635 5.707 5.780 5.849 5.916 6.050 6.050 6.116 6.167 6.181 6.194 6.208 6.221 6.235 6.248 6.262 6.275 6.288 6.302 6.313 6.328 6.381 6.381 6.412 6.442 6.473 6.504 6.535 6.566 6.597 6.628 6.659 6.685 6.686 6.687 6.688 6.689 6.691 6.691 6.692 6.693 6.695 6.710 6.733 6.757 6.787 6.831 6.875 6.919 6.963 7.019 7.087 7.156 7.293 7.293 7.361 7.429 7.498 7.568 7.643 7.717 7.792 7.867 7.941 8.011 8.080 8.148 8.217 8.285
5.309 5.316 5.322 5.328 5.334 5.405 5.477 5.550 5.622 5.695 5.767 5.839 5.909 6.043 6.043 6.110 6.151 6.165 6.178 6.192 6.205 6.219 6.232 6.246 6.258 6.269 6.281 6.293 6.308 6.344 6.344 6.375 6.406 6.437 6.468 6.499 6.529 6.560 6.591 6.622 6.644 6.645 6.646 6.647 6.648 6.651 6.651 6.652 6.653 6.654 6.655 6.662 6.686 6.719 6.763 6.807 6.871 6.939 7.008 7.076 7.144 7.281 7.281 7.350 7.418 7.486 7.557 7.632 7.707 7.781 7.856 7.931 8.006 8.077 8.146 8.215 8.283
5.279 5.285 5.291 5.298 5.320 5.392 5.465 5.537 5.609 5.682 5.754 5.827 5.899 6.036 6.036 6.103 6.135 6.149 6.162 6.176 6.189 6.202 6.214 6.225 6.237 6.249 6.261 6.272 6.289 6.324 6.324 6.342 6.369 6.400 6.431 6.462 6.493 6.524 6.555 6.586 6.603 6.604 6.605 6.607 6.608 6.610 6.610 6.611 6.612 6.613 6.614 6.615 6.616 6.654 6.723 6.791 6.860 6.928 6.996 7.065 7.133 7.270 7.270 7.338 7.407 7.475 7.547 7.622 7.696 7.771 7.846 7.920 7.995 8.070 8.144 8.212 8.281
5.248 5.254 5.261 5.267 5.307 5.379 5.452 5.524 5.597 5.669 5.741 5.814 5.886 6.030 6.030 6.097 6.119 6.133 6.146 6.158 6.170 6.181 6.193 6.205 6.216 6.228 6.240 6.252 6.269 6.304 6.304 6.322 6.340 6.363 6.394 6.425 6.456 6.487 6.518 6.549 6.562 6.564 6.565 6.566 6.567 6.569 6.569 6.570 6.571 6.572 6.573 6.597 6.637 6.662 6.712 6.780 6.848 6.917 6.985 7.053 7.122 7.259 7.259 7.327 7.395 7.464 7.537 7.611 7.686 7.761 7.835 7.910 7.985 8.059 8.134 8.209 8.279
