includes/camargue/floodfiles/results_R2_t1.562344511003E12/res-0013.wd
ncols         906
nrows         631
xllcorner     362177.146667
yllcorner     6534725.688020
cellsize      20.000000
NODATA_value  -9999.000000
[rows 510 to 543 of 631, columns 616 to 692 of 906]
1.208 1.235 1.263 1.290 1.345 1.345 1.372 1.399 1.420 1.440 1.460 1.480 1.500 1.520 1.540 1.560 1.580 1.593 1.607 1.620 1.621 1.621 1.604 1.587 1.570 1.553 1.546 1.540 1.534 1.528 1.521 1.515 1.509 1.493 1.424 1.355 1.216 1.217 1.148 1.080 1.011 0.957 0.925 0.893 0.861 0.865 0.903 0.940 1.003 1.075 1.148 1.221 1.366 1.366 1.439 1.502 1.550 1.598 1.646 1.695 1.743 1.752 1.702 1.652 1.602 1.552 1.503 1.515 1.527 1.528 1.552 1.564 1.576 1.588 1.600 1.589 1.578
1.226 1.253 1.281 1.308 1.362 1.363 1.390 1.417 1.439 1.459 1.479 1.499 1.519 1.539 1.552 1.565 1.579 1.592 1.606 1.619 1.622 1.622 1.605 1.588 1.571 1.554 1.537 1.520 1.503 1.491 1.485 1.479 1.473 1.450 1.381 1.313 1.177 1.177 1.145 1.113 1.081 1.049 1.017 0.985 0.953 0.960 0.998 1.035 1.073 1.110 1.152 1.224 1.369 1.370 1.440 1.488 1.536 1.584 1.632 1.681 1.729 1.777 1.817 1.767 1.718 1.671 1.683 1.696 1.708 1.709 1.732 1.745 1.757 1.769 1.781 1.793 1.786
1.256 1.268 1.291 1.318 1.373 1.373 1.400 1.427 1.449 1.469 1.489 1.509 1.526 1.539 1.553 1.566 1.579 1.593 1.606 1.620 1.624 1.624 1.607 1.590 1.573 1.556 1.539 1.522 1.505 1.488 1.471 1.462 1.456 1.431 1.362 1.293 1.224 1.225 1.192 1.160 1.128 1.096 1.064 1.031 0.999 1.008 1.046 1.083 1.121 1.158 1.195 1.233 1.372 1.373 1.434 1.482 1.530 1.578 1.626 1.675 1.723 1.771 1.819 1.826 1.776 1.762 1.774 1.787 1.799 1.800 1.823 1.835 1.847 1.859 1.872 1.884 1.890
1.299 1.312 1.324 1.336 1.382 1.383 1.410 1.437 1.460 1.480 1.500 1.513 1.527 1.540 1.553 1.567 1.580 1.593 1.607 1.620 1.625 1.625 1.608 1.591 1.574 1.558 1.541 1.524 1.507 1.490 1.473 1.456 1.439 1.411 1.368 1.336 1.271 1.272 1.239 1.207 1.175 1.142 1.110 1.078 1.046 1.057 1.094 1.131 1.169 1.206 1.243 1.281 1.375 1.375 1.428 1.476 1.524 1.572 1.620 1.669 1.717 1.765 1.813 1.861 1.841 1.853 1.865 1.877 1.890 1.890 1.914 1.926 1.938 1.950 1.962 1.974 1.986
1.342 1.355 1.367 1.379 1.404 1.404 1.420 1.447 1.470 1.487 1.500 1.514 1.527 1.540 1.554 1.567 1.581 1.594 1.607 1.621 1.627 1.627 1.610 1.593 1.576 1.559 1.542 1.525 1.508 1.492 1.475 1.458 1.458 1.462 1.415 1.383 1.318 1.318 1.286 1.254 1.221 1.189 1.157 1.125 1.092 1.105 1.142 1.179 1.217 1.254 1.291 1.329 1.397 1.397 1.441 1.489 1.537 1.584 1.632 1.680 1.728 1.776 1.823 1.871 1.944 1.957 1.969 1.982 1.994 1.995 2.019 2.031 2.043 2.056 2.068 2.080 2.093
1.385 1.398 1.410 1.423 1.447 1.447 1.460 1.472 1.474 1.488 1.501 1.514 1.528 1.541 1.554 1.568 1.581 1.594 1.608 1.621 1.628 1.628 1.612 1.595 1.578 1.561 1.544 1.527 1.510 1.494 1.477 1.502 1.533 1.539 1.490 1.441 1.364 1.365 1.333 1.300 1.268 1.235 1.203 1.171 1.139 1.152 1.190 1.227 1.265 1.302 1.339 1.375 1.433 1.433 1.472 1.519 1.567 1.615 1.662 1.710 1.758 1.806 1.854 1.927 2.034 2.076 2.088 2.101 2.113 2.113 2.138 2.150 2.162 2.174 2.187 2.199 2.296
1.428 1.441 1.453 1.465 1.490 1.490 1.498 1.493 1.493 1.497 1.501 1.515 1.528 1.541 1.555 1.568 1.581 1.595 1.608 1.622 1.630 1.630 1.613 1.596 1.579 1.562 1.546 1.529 1.512 1.516 1.546 1.577 1.607 1.616 1.567 1.518 1.419 1.419 1.379 1.347 1.314 1.282 1.249 1.217 1.185 1.200 1.238 1.275 1.312 1.349 1.382 1.411 1.468 1.469 1.502 1.550 1.597 1.645 1.693 1.740 1.788 1.836 1.892 2.000 2.107 2.195 2.207 2.219 2.232 2.232 2.256 2.268 2.281 2.293 2.305 2.317 2.546
1.471 1.483 1.496 1.508 1.522 1.523 1.518 1.513 1.511 1.516 1.520 1.524 1.528 1.542 1.555 1.568 1.582 1.595 1.609 1.622 1.631 1.631 1.615 1.598 1.581 1.564 1.547 1.530 1.560 1.590 1.620 1.651 1.681 1.693 1.644 1.595 1.496 1.496 1.447 1.397 1.360 1.328 1.296 1.263 1.231 1.248 1.285 1.323 1.360 1.389 1.418 1.447 1.504 1.504 1.533 1.580 1.627 1.675 1.723 1.770 1.818 1.866 1.965 2.072 2.179 2.286 2.326 2.338 2.350 2.351 2.374 2.387 2.399 2.411 2.423 2.564 2.796
1.514 1.526 1.539 1.551 1.542 1.542 1.537 1.532 1.530 1.534 1.538 1.543 1.547 1.551 1.556 1.569 1.582 1.595 1.609 1.622 1.632 1.633 1.616 1.599 1.582 1.566 1.573 1.603 1.634 1.664 1.694 1.724 1.754 1.770 1.721 1.671 1.572 1.573 1.523 1.474 1.425 1.375 1.342 1.309 1.277 1.296 1.333 1.367 1.396 1.425 1.454 1.482 1.540 1.540 1.569 1.610 1.657 1.705 1.753 1.800 1.848 1.930 2.037 2.144 2.251 2.359 2.444 2.456 2.469 2.469 2.493 2.505 2.517 2.529 2.581 2.814 3.047
1.557 1.569 1.576 1.571 1.561 1.561 1.556 1.551 1.548 1.553 1.557 1.561 1.566 1.570 1.574 1.579 1.583 1.596 1.609 1.623 1.634 1.634 1.617 1.600 1.586 1.616 1.647 1.677 1.707 1.738 1.768 1.798 1.828 1.846 1.797 1.748 1.649 1.649 1.600 1.550 1.501 1.452 1.403 1.355 1.322 1.343 1.374 1.403 1.432 1.460 1.489 1.518 1.575 1.575 1.604 1.640 1.687 1.735 1.782 1.830 1.895 2.002 2.109 2.216 2.324 2.431 2.538 2.575 2.587 2.587 2.611 2.623 2.635 2.648 2.832 3.064 3.297
1.599 1.600 1.595 1.590 1.580 1.580 1.575 1.570 1.567 1.571 1.576 1.580 1.584 1.589 1.593 1.597 1.602 1.606 1.610 1.623 1.635 1.635 1.619 1.630 1.660 1.690 1.720 1.751 1.781 1.811 1.841 1.871 1.901 1.923 1.873 1.824 1.725 1.725 1.676 1.627 1.577 1.528 1.479 1.430 1.394 1.381 1.410 1.438 1.467 1.496 1.525 1.553 1.610 1.611 1.639 1.669 1.717 1.764 1.812 1.860 1.967 2.074 2.181 2.288 2.396 2.503 2.610 2.693 2.705 2.706 2.730 2.742 2.754 2.849 3.082 3.315 3.547
1.624 1.619 1.614 1.609 1.599 1.599 1.594 1.589 1.585 1.590 1.594 1.598 1.603 1.607 1.611 1.616 1.620 1.625 1.629 1.634 1.642 1.643 1.673 1.703 1.733 1.764 1.794 1.824 1.854 1.884 1.914 1.945 1.975 1.999 1.950 1.900 1.801 1.802 1.752 1.703 1.654 1.604 1.555 1.555 1.589 1.582 1.550 1.518 1.503 1.531 1.560 1.588 1.646 1.646 1.675 1.703 1.746 1.794 1.842 1.932 2.039 2.146 2.253 2.360 2.467 2.574 2.681 2.788 2.824 2.824 2.848 2.860 2.872 3.100 3.332 3.565 3.798
1.642 1.638 1.633 1.628 1.618 1.618 1.613 1.608 1.604 1.608 1.612 1.617 1.621 1.625 1.630 1.634 1.639 1.643 1.648 1.652 1.724 1.725 1.748 1.777 1.807 1.837 1.867 1.897 1.927 1.958 1.988 2.018 2.048 2.075 2.026 1.976 1.877 1.878 1.828 1.779 1.730 1.683 1.717 1.750 1.784 1.785 1.753 1.721 1.689 1.658 1.626 1.624 1.681 1.681 1.710 1.738 1.776 1.824 1.897 2.004 2.111 2.218 2.325 2.432 2.539 2.646 2.753 2.860 2.942 2.942 2.966 2.978 3.117 3.350 3.583 3.815 4.048
1.661 1.656 1.651 1.647 1.637 1.637 1.632 1.627 1.622 1.626 1.631 1.635 1.639 1.644 1.648 1.653 1.657 1.662 1.666 1.718 1.812 1.812 1.835 1.858 1.881 1.910 1.940 1.970 2.001 2.031 2.061 2.091 2.121 2.151 2.102 2.052 1.953 1.954 1.904 1.855 1.844 1.878 1.911 1.945 1.978 1.987 1.955 1.924 1.892 1.860 1.828 1.797 1.733 1.733 1.745 1.773 1.806 1.863 1.969 2.076 2.183 2.290 2.397 2.504 2.611 2.718 2.825 2.932 3.039 3.039 3.084 3.135 3.367 3.600 3.833 4.065 4.298
1.663 1.658 1.653 1.648 1.638 1.638 1.633 1.628 1.624 1.628 1.632 1.636 1.641 1.645 1.650 1.654 1.658 1.663 1.668 1.719 1.813 1.814 1.837 1.860 1.883 1.911 1.941 1.972 2.002 2.032 2.062 2.092 2.122 2.152 2.103 2.053 1.954 1.955 1.905 1.856 1.845 1.879 1.912 1.946 1.979 1.988 1.956 1.924 1.893 1.861 1.829 1.797 1.733 1.734 1.745 1.774 1.806 1.863 1.970 2.077 2.184 2.291 2.398 2.505 2.612 2.718 2.825 2.932 3.039 3.039 3.084 3.135 3.368 3.600 3.833 4.065 4.298
1.681 1.676 1.671 1.667 1.657 1.657 1.652 1.647 1.642 1.646 1.650 1.655 1.659 1.663 1.668 1.672 1.677 1.701 1.753 1.805 1.901 1.901 1.924 1.947 1.970 1.993 2.016 2.044 2.075 2.105 2.135 2.165 2.195 2.225 2.179 2.129 2.030 2.031 1.981 2.007 2.040 2.074 2.107 2.140 2.174 2.191 2.159 2.127 2.095 2.063 2.032 2.000 1.936 1.936 1.904 1.872 1.841 1.935 2.042 2.149 2.256 2.363 2.469 2.576 2.683 2.790 2.897 3.004 3.111 3.111 3.202 3.385 3.618 3.851 4.083 4.316 4.548
1.700 1.695 1.690 1.685 1.675 1.676 1.671 1.666 1.661 1.664 1.668 1.673 1.677 1.682 1.686 1.691 1.735 1.787 1.839 1.891 1.989 1.989 2.012 2.035 2.058 2.080 2.103 2.126 2.149 2.177 2.208 2.238 2.268 2.298 2.255 2.205 2.134 2.134 2.168 2.201 2.235 2.268 2.301 2.335 2.368 2.393 2.361 2.329 2.297 2.266 2.234 2.202 2.138 2.138 2.107 2.075 2.061 2.112 2.207 2.301 2.396 2.491 2.585 2.680 2.775 2.869 2.969 3.075 3.182 3.182 3.403 3.636 3.868 4.101 4.333 4.566 4.798
1.737 1.732 1.726 1.722 1.712 1.712 1.707 1.702 1.698 1.699 1.703 1.708 1.712 1.748 1.800 1.853 1.905 1.957 2.009 2.061 2.162 2.163 2.185 2.208 2.231 2.254 2.277 2.300 2.323 2.346 2.368 2.391 2.414 2.442 2.422 2.456 2.522 2.523 2.556 2.589 2.623 2.656 2.689 2.723 2.756 2.789 2.765 2.733 2.701 2.669 2.638 2.606 2.547 2.547 2.533 2.519 2.506 2.492 2.586 2.681 2.776 2.870 2.965 3.060 3.154 3.249 3.344 3.438 3.533 3.533 3.859 4.072 4.304 4.535 4.767 4.999 5.230
1.756 1.751 1.745 1.741 1.730 1.731 1.726 1.721 1.716 1.717 1.721 1.730 1.782 1.834 1.886 1.938 1.990 2.042 2.094 2.146 2.250 2.250 2.273 2.295 2.318 2.341 2.364 2.387 2.410 2.433 2.455 2.478 2.501 2.549 2.606 2.650 2.716 2.717 2.750 2.783 2.817 2.850 2.883 2.917 2.950 2.983 2.967 2.935 2.903 2.872 2.840 2.808 2.769 2.769 2.756 2.742 2.728 2.715 2.776 2.871 2.965 3.060 3.155 3.249 3.344 3.439 3.533 3.628 3.750 3.750 4.103 4.284 4.515 4.747 4.979 5.210 5.442
1.775 1.769 1.765 1.760 1.749 1.750 1.745 1.740 1.735 1.735 1.763 1.815 1.867 1.919 1.971 2.023 2.075 2.127 2.179 2.231 2.335 2.335 2.360 2.383 2.405 2.428 2.451 2.474 2.497 2.520 2.542 2.567 2.629 2.691 2.749 2.806 2.911 2.911 2.944 2.978 3.011 3.044 3.077 3.111 3.144 3.177 3.169 3.137 3.105 3.074 3.042 3.019 2.992 2.992 2.978 2.964 2.951 2.937 2.966 3.061 3.155 3.250 3.345 3.439 3.534 3.629 3.723 3.818 3.993 3.994 4.346 4.523 4.727 4.958 5.190 5.422 5.653
1.793 1.789 1.783 1.778 1.768 1.769 1.764 1.759 1.754 1.799 1.849 1.901 1.953 2.005 2.057 2.109 2.160 2.212 2.264 2.316 2.420 2.420 2.447 2.470 2.492 2.515 2.538 2.561 2.584 2.606 2.648 2.710 2.771 2.833 2.891 2.948 3.060 3.061 3.117 3.172 3.205 3.238 3.271 3.305 3.338 3.371 3.371 3.339 3.307 3.276 3.255 3.241 3.214 3.214 3.200 3.187 3.173 3.160 3.156 3.251 3.345 3.440 3.534 3.629 3.724 3.818 3.913 4.061 4.237 4.237 4.590 4.767 4.943 5.170 5.402 5.633 5.865
1.812 1.807 1.802 1.797 1.787 1.788 1.783 1.795 1.858 1.913 1.952 1.991 2.038 2.090 2.142 2.194 2.246 2.297 2.349 2.401 2.505 2.505 2.534 2.556 2.579 2.602 2.625 2.648 2.670 2.728 2.790 2.852 2.913 2.975 3.034 3.090 3.203 3.203 3.260 3.316 3.372 3.429 3.465 3.499 3.532 3.565 3.573 3.541 3.509 3.491 3.477 3.464 3.436 3.437 3.423 3.409 3.396 3.382 3.368 3.440 3.535 3.630 3.724 3.819 3.914 4.008 4.128 4.305 4.481 4.481 4.834 5.010 5.187 5.382 5.613 5.845 6.076
1.831 1.826 1.821 1.816 1.806 1.806 1.843 1.906 1.969 2.025 2.065 2.104 2.143 2.182 2.227 2.279 2.331 2.383 2.434 2.486 2.590 2.590 2.621 2.643 2.666 2.689 2.712 2.747 2.808 2.870 2.932 2.994 3.055 3.117 3.176 3.233 3.345 3.345 3.402 3.458 3.514 3.571 3.627 3.684 3.726 3.759 3.775 3.743 3.727 3.714 3.700 3.686 3.659 3.659 3.645 3.632 3.618 3.604 3.591 3.630 3.725 3.819 3.914 4.009 4.103 4.198 4.372 4.548 4.725 4.725 5.077 5.254 5.430 5.607 5.825 6.056 6.288
1.850 1.845 1.840 1.835 1.891 1.891 1.954 2.017 2.080 2.138 2.177 2.217 2.256 2.295 2.334 2.373 2.416 2.467 2.519 2.571 2.675 2.675 2.707 2.730 2.753 2.776 2.827 2.889 2.950 3.012 3.074 3.136 3.197 3.259 3.319 3.375 3.488 3.488 3.544 3.600 3.657 3.713 3.769 3.826 3.882 3.938 3.977 3.963 3.950 3.936 3.922 3.909 3.881 3.881 3.868 3.854 3.840 3.827 3.813 3.820 3.915 4.009 4.104 4.198 4.293 4.439 4.616 4.792 4.968 4.968 5.321 5.498 5.674 5.850 6.036 6.268 6.499
1.869 1.864 1.859 1.876 2.002 2.002 2.065 2.128 2.191 2.251 2.290 2.329 2.368 2.407 2.447 2.486 2.525 2.564 2.604 2.656 2.760 2.760 2.794 2.817 2.845 2.907 2.969 3.031 3.092 3.154 3.216 3.277 3.339 3.401 3.461 3.517 3.630 3.630 3.686 3.743 3.799 3.855 3.912 3.968 4.024 4.085 4.149 4.159 4.168 4.158 4.145 4.131 4.104 4.104 4.090 4.076 4.063 4.049 4.035 4.022 4.104 4.199 4.293 4.388 4.506 4.683 4.859 5.036 5.212 5.212 5.565 5.741 5.918 6.094 6.270 6.479 6.711
1.888 1.883 1.924 1.987 2.113 2.113 2.176 2.238 2.301 2.364 2.403 2.442 2.481 2.520 2.559 2.598 2.637 2.677 2.716 2.755 2.844 2.845 2.881 2.926 2.987 3.049 3.111 3.173 3.234 3.296 3.358 3.419 3.481 3.543 3.603 3.660 3.772 3.772 3.829 3.885 3.941 3.998 4.054 4.110 4.175 4.243 4.311 4.321 4.330 4.340 4.349 4.353 4.326 4.326 4.312 4.299 4.285 4.271 4.258 4.244 4.294 4.389 4.483 4.578 4.750 4.927 5.103 5.279 5.456 5.456 5.808 5.985 6.161 6.338 6.514 6.691 6.922
1.909 1.972 2.035 2.098 2.223 2.223 2.286 2.349 2.412 2.475 2.515 2.555 2.594 2.633 2.672 2.711 2.750 2.789 2.828 2.867 2.945 2.945 3.004 3.068 3.129 3.191 3.253 3.314 3.376 3.438 3.500 3.561 3.623 3.685 3.745 3.802 3.914 3.914 3.971 4.027 4.083 4.140 4.198 4.266 4.333 4.401 4.469 4.483 4.493 4.502 4.512 4.521 4.540 4.540 4.535 4.521 4.507 4.494 4.480 4.466 4.484 4.578 4.673 4.817 4.994 5.170 5.347 5.523 5.699 5.699 6.052 6.229 6.405 6.581 6.758 6.934 7.134
2.020 2.083 2.146 2.208 2.334 2.334 2.397 2.460 2.522 2.585 2.628 2.667 2.706 2.745 2.784 2.823 2.862 2.902 2.941 2.980 3.071 3.071 3.128 3.197 3.267 3.333 3.395 3.456 3.518 3.580 3.641 3.703 3.765 3.826 3.888 3.944 4.056 4.057 4.113 4.169 4.226 4.288 4.356 4.424 4.491 4.559 4.627 4.646 4.655 4.665 4.674 4.684 4.703 4.703 4.712 4.722 4.730 4.716 4.702 4.689 4.675 4.768 4.885 5.061 5.237 5.414 5.590 5.767 5.943 5.943 6.296 6.472 6.649 6.825 7.001 7.178 7.354
2.131 2.193 2.256 2.319 2.444 2.445 2.507 2.570 2.633 2.696 2.740 2.780 2.819 2.858 2.897 2.936 2.975 3.014 3.053 3.099 3.196 3.197 3.251 3.321 3.391 3.461 3.531 3.598 3.660 3.721 3.783 3.845 3.906 3.968 4.030 4.086 4.199 4.199 4.255 4.311 4.379 4.446 4.514 4.582 4.649 4.717 4.785 4.808 4.818 4.827 4.837 4.846 4.865 4.865 4.875 4.884 4.894 4.903 4.912 4.911 4.897 4.958 5.128 5.305 5.481 5.658 5.834 6.010 6.187 6.187 6.525 6.685 6.845 7.004 7.164 7.323 7.483
2.241 2.304 2.367 2.430 2.555 2.555 2.618 2.681 2.743 2.806 2.853 2.892 2.931 2.970 3.009 3.048 3.087 3.127 3.176 3.225 3.322 3.322 3.375 3.445 3.515 3.585 3.655 3.724 3.794 3.863 3.925 3.987 4.048 4.110 4.172 4.228 4.341 4.341 4.401 4.469 4.537 4.604 4.672 4.740 4.807 4.875 4.943 4.971 4.980 4.990 4.999 5.008 5.027 5.027 5.037 5.046 5.056 5.065 5.075 5.084 5.094 5.148 5.308 5.468 5.627 5.787 5.946 6.106 6.266 6.266 6.585 6.744 6.904 7.064 7.223 7.383 7.534
2.242 2.305 2.367 2.430 2.555 2.555 2.618 2.681 2.744 2.806 2.853 2.892 2.931 2.970 3.010 3.049 3.088 3.127 3.176 3.225 3.322 3.323 3.376 3.445 3.515 3.585 3.655 3.725 3.795 3.864 3.925 3.987 4.048 4.110 4.172 4.228 4.341 4.341 4.401 4.469 4.537 4.605 4.672 4.740 4.808 4.875 4.943 4.971 4.980 4.990 4.999 5.009 5.027 5.028 5.037 5.046 5.056 5.065 5.075 5.084 5.094 5.148 5.308 5.468 5.627 5.787 5.946 6.106 6.266 6.266 6.585 6.744 6.904 7.064 7.223 7.383 7.534
2.352 2.415 2.478 2.541 2.666 2.666 2.729 2.791 2.854 2.917 2.966 3.005 3.044 3.083 3.122 3.161 3.204 3.253 3.302 3.351 3.448 3.448 3.499 3.569 3.639 3.709 3.779 3.848 3.918 3.988 4.058 4.128 4.190 4.252 4.314 4.371 4.492 4.492 4.559 4.627 4.695 4.763 4.830 4.898 4.966 5.033 5.101 5.133 5.143 5.152 5.161 5.171 5.190 5.190 5.199 5.209 5.218 5.228 5.237 5.250 5.268 5.294 5.368 5.527 5.687 5.846 6.006 6.165 6.325 6.325 6.644 6.804 6.963 7.123 7.283 7.442 7.584
2.454 2.521 2.587 2.651 2.776 2.776 2.839 2.902 2.964 3.027 3.078 3.117 3.156 3.195 3.234 3.281 3.330 3.379 3.427 3.476 3.574 3.574 3.623 3.693 3.763 3.832 3.902 3.972 4.042 4.112 4.182 4.251 4.321 4.391 4.455 4.514 4.650 4.650 4.718 4.785 4.853 4.921 4.988 5.056 5.124 5.191 5.259 5.295 5.305 5.314 5.324 5.333 5.352 5.352 5.362 5.371 5.381 5.390 5.409 5.427 5.445 5.472 5.502 5.586 5.746 5.906 6.065 6.225 6.384 6.385 6.704 6.863 7.023 7.182 7.342 7.497 7.633
2.658 2.724 2.790 2.857 2.989 2.990 3.056 3.122 3.185 3.248 3.303 3.342 3.386 3.434 3.483 3.532 3.581 3.630 3.678 3.727 3.825 3.825 3.874 3.940 4.010 4.080 4.150 4.219 4.289 4.359 4.429 4.498 4.568 4.645 4.722 4.800 4.957 4.958 5.034 5.101 5.169 5.237 5.304 5.372 5.440 5.507 5.575 5.620 5.629 5.639 5.649 5.658 5.677 5.677 5.689 5.707 5.725 5.743 5.761 5.779 5.798 5.828 5.858 5.888 5.919 6.024 6.184 6.344 6.503 6.503 6.822 6.982 7.142 7.301 7.460 7.596 7.732
