includes/camargue/floodfiles/results_R2_t1.562344511003E12/res-0003.wdfp
ncols         906
nrows         631
xllcorner     362177.146667
yllcorner     6534725.688020
cellsize      20.000000
NODATA_value  -9999.000000
[rows 510 to 543 of 631, columns 0 to 76 of 906]
6.622 6.513 6.405 6.296 6.188 6.104 6.217 6.331 6.331 6.558 6.672 6.786 6.899 7.013 7.126 7.240 7.354 7.366 7.334 7.302 7.270 7.283 7.309 7.335 7.336 7.388 7.402 7.357 7.313 7.268 7.223 7.178 7.134 7.117 7.154 7.192 7.221 7.250 7.279 7.308 7.308 7.365 7.394 7.423 7.472 7.611 7.804 7.996 8.189 8.381 8.574 8.766 8.959 9.151 9.331 9.501 9.501 9.796 9.907 10.019 10.131 10.243 10.354 10.371 10.256 10.142 10.027 9.913 9.763 9.517 9.271 9.025 8.741 8.741 8.653 8.565 8.478
7.103 6.994 6.886 6.638 6.348 6.087 6.235 6.383 6.383 6.637 6.750 6.864 6.977 7.091 7.205 7.318 7.422 7.390 7.358 7.326 7.294 7.262 7.230 7.232 7.232 7.284 7.261 7.216 7.172 7.127 7.082 7.037 6.993 6.948 6.905 6.918 6.981 7.044 7.106 7.169 7.169 7.295 7.357 7.420 7.502 7.627 7.753 7.910 8.102 8.295 8.487 8.680 8.872 9.062 9.231 9.401 9.401 9.740 9.910 10.033 10.145 10.257 10.357 10.242 10.128 10.013 9.899 9.784 9.669 9.555 9.398 9.152 8.966 8.966 8.878 8.790 8.692
7.344 7.235 6.957 6.667 6.376 6.085 6.226 6.374 6.374 6.670 6.789 6.903 7.016 7.130 7.244 7.357 7.434 7.402 7.370 7.338 7.306 7.274 7.242 7.210 7.210 7.232 7.191 7.146 7.101 7.056 7.024 7.008 6.992 6.976 6.960 6.962 6.986 7.049 7.112 7.175 7.175 7.300 7.363 7.426 7.525 7.651 7.776 7.902 8.059 8.252 8.444 8.637 8.829 9.012 9.181 9.351 9.351 9.690 9.860 10.029 10.152 10.263 10.292 10.178 10.063 9.949 9.834 9.719 9.605 9.490 9.376 9.254 9.028 9.028 8.913 8.799 8.685
7.566 7.276 6.985 6.695 6.404 6.113 6.218 6.365 6.365 6.661 6.809 6.942 7.055 7.169 7.283 7.397 7.446 7.414 7.382 7.350 7.318 7.286 7.254 7.222 7.222 7.165 7.142 7.126 7.110 7.094 7.078 7.062 7.046 7.030 7.016 7.023 7.030 7.054 7.117 7.180 7.180 7.305 7.368 7.431 7.549 7.674 7.800 7.925 8.051 8.208 8.401 8.594 8.786 8.962 9.131 9.301 9.301 9.640 9.810 9.979 10.149 10.270 10.228 10.113 9.999 9.884 9.782 9.730 9.678 9.625 9.573 9.377 9.021 9.021 8.907 8.792 8.678
7.594 7.304 7.013 6.723 6.432 6.141 6.209 6.357 6.357 6.652 6.800 6.948 7.095 7.208 7.322 7.436 7.458 7.426 7.394 7.362 7.330 7.298 7.269 7.263 7.263 7.234 7.196 7.180 7.164 7.148 7.132 7.116 7.101 7.085 7.076 7.084 7.091 7.098 7.122 7.185 7.185 7.311 7.373 7.447 7.572 7.698 7.823 7.949 8.074 8.200 8.358 8.550 8.742 8.912 9.081 9.251 9.251 9.590 9.760 9.929 10.099 10.275 10.262 10.210 10.158 10.105 10.053 10.001 9.949 9.897 9.845 9.563 9.014 9.014 8.900 8.785 8.671
7.623 7.332 7.041 6.750 6.460 6.169 6.200 6.348 6.348 6.643 6.791 6.939 7.087 7.235 7.361 7.475 7.470 7.438 7.406 7.382 7.377 7.371 7.366 7.360 7.360 7.323 7.275 7.235 7.219 7.203 7.187 7.171 7.155 7.139 7.137 7.144 7.152 7.159 7.166 7.190 7.190 7.316 7.379 7.470 7.596 7.721 7.847 7.972 8.098 8.223 8.349 8.507 8.692 8.862 9.031 9.201 9.201 9.558 9.741 9.924 10.107 10.297 10.502 10.481 10.429 10.377 10.325 10.272 10.220 10.168 10.053 9.749 9.139 9.139 8.893 8.778 8.664
7.651 7.360 7.069 6.779 6.488 6.198 6.191 6.339 6.339 6.635 6.783 6.930 7.078 7.226 7.374 7.514 7.496 7.491 7.485 7.480 7.474 7.469 7.463 7.457 7.457 7.412 7.363 7.315 7.273 7.257 7.241 7.225 7.210 7.194 7.198 7.205 7.212 7.220 7.227 7.234 7.234 7.321 7.384 7.494 7.619 7.745 7.870 7.996 8.121 8.247 8.372 8.497 8.657 8.840 9.023 9.207 9.207 9.573 9.756 9.939 10.122 10.318 10.523 10.728 10.700 10.648 10.596 10.544 10.492 10.439 10.239 9.934 9.325 9.325 9.020 8.771 8.657
7.679 7.388 7.097 6.807 6.516 6.226 6.182 6.330 6.330 6.626 6.774 6.922 7.070 7.217 7.365 7.510 7.586 7.588 7.582 7.577 7.571 7.566 7.560 7.555 7.555 7.500 7.452 7.404 7.356 7.312 7.296 7.280 7.264 7.252 7.259 7.266 7.273 7.281 7.288 7.295 7.295 7.327 7.392 7.517 7.643 7.768 7.894 8.011 8.126 8.241 8.355 8.470 8.663 8.855 9.038 9.221 9.222 9.588 9.771 9.954 10.137 10.340 10.544 10.749 10.954 10.919 10.867 10.815 10.763 10.711 10.425 10.120 9.510 9.510 9.206 8.901 8.650
7.707 7.416 7.125 6.835 6.544 6.253 6.173 6.321 6.321 6.617 6.765 6.913 7.061 7.209 7.357 7.500 7.576 7.651 7.680 7.674 7.669 7.663 7.658 7.652 7.652 7.589 7.541 7.493 7.444 7.396 7.350 7.334 7.319 7.312 7.320 7.327 7.334 7.342 7.349 7.356 7.356 7.371 7.411 7.525 7.640 7.755 7.870 7.985 8.100 8.214 8.329 8.460 8.660 8.860 9.053 9.236 9.236 9.603 9.786 9.969 10.156 10.361 10.566 10.771 10.975 11.180 11.139 11.087 11.034 10.916 10.611 10.306 9.696 9.696 9.391 9.087 8.782
7.719 7.444 7.153 6.863 6.572 6.281 6.165 6.313 6.313 6.608 6.756 6.904 7.052 7.200 7.348 7.491 7.566 7.641 7.717 7.771 7.766 7.760 7.755 7.749 7.749 7.678 7.630 7.581 7.533 7.485 7.437 7.389 7.373 7.373 7.380 7.388 7.395 7.400 7.396 7.393 7.393 7.386 7.423 7.499 7.614 7.729 7.844 7.958 8.073 8.188 8.303 8.457 8.658 8.858 9.058 9.251 9.251 9.618 9.801 9.984 10.178 10.383 10.587 10.792 10.997 11.202 11.406 11.358 11.306 11.102 10.797 10.492 9.882 9.882 9.577 9.272 8.967
7.576 7.350 7.123 6.891 6.600 6.310 6.156 6.304 6.304 6.600 6.748 6.896 7.044 7.192 7.340 7.481 7.556 7.631 7.707 7.782 7.858 7.857 7.852 7.846 7.846 7.766 7.718 7.670 7.622 7.574 7.526 7.478 7.429 7.423 7.419 7.416 7.412 7.409 7.405 7.402 7.402 7.395 7.451 7.511 7.588 7.703 7.817 7.932 8.047 8.162 8.277 8.454 8.655 8.855 9.055 9.256 9.256 9.633 9.816 9.999 10.199 10.404 10.609 10.813 11.018 11.223 11.428 11.629 11.577 11.287 10.983 10.678 10.068 10.068 9.763 9.476 9.214
7.433 7.207 6.981 6.754 6.528 6.301 6.147 6.295 6.295 6.591 6.739 6.887 7.035 7.183 7.331 7.471 7.546 7.621 7.697 7.772 7.848 7.923 7.949 7.944 7.944 7.855 7.807 7.759 7.708 7.645 7.582 7.519 7.464 7.432 7.428 7.425 7.421 7.418 7.415 7.411 7.411 7.418 7.479 7.539 7.600 7.676 7.791 7.906 8.021 8.136 8.251 8.452 8.652 8.852 9.053 9.253 9.253 9.647 9.831 10.016 10.221 10.425 10.630 10.835 11.040 11.244 11.449 11.652 11.852 11.590 11.328 11.066 10.541 10.542 10.279 10.017 9.755
7.291 7.064 6.838 6.611 6.385 6.207 6.142 6.288 6.288 6.582 6.731 6.879 7.027 7.174 7.322 7.461 7.536 7.612 7.687 7.762 7.838 7.913 7.989 8.040 8.040 7.924 7.861 7.798 7.735 7.672 7.609 7.546 7.501 7.469 7.438 7.434 7.431 7.427 7.424 7.420 7.421 7.446 7.507 7.567 7.628 7.688 7.765 7.880 7.995 8.109 8.249 8.449 8.649 8.850 9.050 9.250 9.250 9.651 9.845 10.037 10.242 10.447 10.650 10.843 11.035 11.228 11.421 11.613 11.928 12.131 11.869 11.606 11.082 11.083 10.820 10.558 10.296
7.148 6.921 6.695 6.469 6.321 6.236 6.150 6.283 6.283 6.575 6.722 6.870 7.018 7.166 7.314 7.451 7.526 7.602 7.677 7.753 7.828 7.903 8.021 8.104 8.104 7.951 7.888 7.825 7.762 7.699 7.636 7.573 7.537 7.505 7.473 7.444 7.440 7.437 7.433 7.430 7.430 7.475 7.535 7.596 7.656 7.717 7.777 7.854 7.968 8.083 8.246 8.447 8.647 8.847 9.047 9.247 9.248 9.648 9.813 10.033 10.225 10.418 10.611 10.804 10.996 11.189 11.382 11.575 11.958 12.342 12.409 12.147 11.623 11.623 11.361 11.099 10.837
7.148 6.921 6.695 6.469 6.322 6.236 6.150 6.283 6.283 6.575 6.722 6.870 7.018 7.166 7.314 7.451 7.526 7.602 7.677 7.753 7.828 7.903 8.021 8.104 8.104 7.951 7.888 7.825 7.762 7.699 7.636 7.573 7.537 7.505 7.473 7.444 7.440 7.437 7.433 7.430 7.430 7.475 7.535 7.596 7.656 7.716 7.777 7.853 7.968 8.083 8.246 8.446 8.647 8.847 9.047 9.247 9.247 9.648 9.813 10.033 10.225 10.418 10.611 10.804 10.996 11.189 11.382 11.575 11.958 12.342 12.409 12.147 11.623 11.623 11.361 11.099 10.837
7.005 6.779 6.552 6.436 6.350 6.264 6.178 6.279 6.279 6.570 6.716 6.862 7.009 7.157 7.305 7.441 7.517 7.592 7.667 7.750 7.873 7.995 8.117 8.166 8.166 7.978 7.915 7.852 7.789 7.726 7.663 7.606 7.574 7.542 7.510 7.478 7.449 7.446 7.442 7.439 7.439 7.503 7.563 7.624 7.684 7.745 7.805 7.865 7.942 8.057 8.243 8.443 8.644 8.844 9.015 9.172 9.172 9.488 9.645 9.921 10.186 10.379 10.572 10.765 10.957 11.150 11.343 11.603 11.987 12.372 12.756 12.688 12.164 12.164 11.902 11.640 11.235
6.862 6.637 6.551 6.465 6.379 6.293 6.207 6.274 6.274 6.566 6.712 6.858 7.004 7.149 7.297 7.431 7.507 7.601 7.724 7.846 7.969 8.091 8.214 8.227 8.227 8.033 7.942 7.879 7.816 7.753 7.690 7.642 7.610 7.578 7.546 7.514 7.482 7.455 7.452 7.448 7.448 7.531 7.591 7.652 7.712 7.773 7.833 7.894 7.954 8.040 8.216 8.373 8.531 8.689 8.846 9.004 9.004 9.319 9.495 9.782 10.070 10.340 10.533 10.726 10.918 11.111 11.304 11.632 12.017 12.401 12.785 13.170 12.705 12.705 12.443 12.181 11.543
6.780 6.694 6.608 6.522 6.436 6.350 6.264 6.265 6.265 6.557 6.703 6.849 6.995 7.140 7.267 7.393 7.592 7.790 7.917 8.039 8.162 8.284 8.407 8.350 8.350 8.156 8.059 7.962 7.870 7.807 7.747 7.715 7.683 7.651 7.619 7.587 7.555 7.523 7.491 7.467 7.467 7.562 7.598 7.633 7.668 7.704 7.739 7.775 7.810 7.874 7.956 8.039 8.195 8.352 8.510 8.668 8.668 8.983 9.217 9.505 9.792 10.079 10.367 10.648 10.841 11.033 11.307 11.691 12.075 12.460 12.844 13.229 13.787 13.787 13.463 12.811 12.159
6.809 6.723 6.637 6.551 6.465 6.379 6.293 6.261 6.261 6.553 6.699 6.844 6.983 7.108 7.233 7.359 7.547 7.745 7.944 8.135 8.258 8.380 8.503 8.412 8.412 8.217 8.120 8.023 7.926 7.834 7.784 7.752 7.720 7.688 7.649 7.606 7.564 7.521 7.478 7.441 7.441 7.471 7.506 7.541 7.577 7.612 7.648 7.683 7.719 7.793 7.876 7.958 8.041 8.184 8.342 8.499 8.499 8.814 9.078 9.366 9.653 9.940 10.228 10.515 10.802 10.994 11.336 11.721 12.105 12.489 12.874 13.258 14.009 14.009 13.793 13.119 12.467
6.780 6.729 6.665 6.579 6.493 6.408 6.322 6.256 6.256 6.548 6.694 6.824 6.949 7.074 7.200 7.325 7.502 7.700 7.899 8.097 8.296 8.477 8.570 8.473 8.473 8.279 8.182 8.081 7.981 7.881 7.781 7.738 7.695 7.652 7.609 7.567 7.524 7.481 7.438 7.406 7.406 7.379 7.415 7.450 7.486 7.521 7.556 7.592 7.630 7.713 7.796 7.878 7.961 8.043 8.173 8.331 8.331 8.652 8.940 9.227 9.514 9.802 10.089 10.376 10.664 10.958 11.328 11.694 12.061 12.427 12.794 13.161 13.950 13.950 14.344 13.667 12.990
6.717 6.666 6.614 6.563 6.512 6.436 6.350 6.264 6.264 6.539 6.665 6.790 6.915 7.041 7.166 7.291 7.456 7.655 7.853 8.052 8.251 8.449 8.611 8.518 8.518 8.317 8.217 8.117 8.016 7.909 7.785 7.698 7.655 7.612 7.569 7.527 7.484 7.441 7.401 7.372 7.372 7.314 7.323 7.359 7.394 7.430 7.465 7.500 7.550 7.633 7.715 7.798 7.880 7.963 8.046 8.163 8.163 8.514 8.801 9.088 9.376 9.663 9.931 10.189 10.447 10.756 11.207 11.579 11.945 12.312 12.678 13.045 13.933 13.933 14.468 14.218 13.541
6.653 6.602 6.551 6.499 6.448 6.397 6.346 6.293 6.293 6.506 6.631 6.756 6.881 7.007 7.132 7.258 7.411 7.610 7.808 8.007 8.205 8.364 8.510 8.554 8.554 8.353 8.252 8.152 8.051 7.933 7.809 7.685 7.615 7.572 7.529 7.487 7.444 7.401 7.367 7.338 7.338 7.280 7.251 7.267 7.303 7.338 7.374 7.409 7.470 7.553 7.635 7.718 7.800 7.883 7.965 8.048 8.048 8.375 8.662 8.925 9.183 9.441 9.699 9.957 10.215 10.555 11.006 11.456 11.830 12.196 12.563 12.929 13.915 13.915 14.451 14.769 14.092
6.590 6.539 6.487 6.436 6.385 6.334 6.281 6.217 6.217 6.460 6.597 6.722 6.848 6.973 7.099 7.224 7.366 7.565 7.763 7.962 8.117 8.263 8.410 8.557 8.557 8.388 8.287 8.187 8.081 7.957 7.833 7.709 7.585 7.532 7.490 7.447 7.404 7.361 7.332 7.303 7.303 7.245 7.216 7.187 7.211 7.247 7.282 7.317 7.390 7.472 7.555 7.638 7.720 7.803 7.885 7.968 7.968 8.178 8.435 8.693 8.951 9.209 9.467 9.725 9.983 10.354 10.804 11.255 11.705 12.080 12.447 12.825 13.897 13.897 14.433 14.969 14.643
6.526 6.475 6.424 6.372 6.321 6.263 6.199 6.135 6.135 6.357 6.511 6.664 6.814 6.939 7.065 7.190 7.321 7.520 7.718 7.869 8.016 8.163 8.309 8.456 8.456 8.423 8.323 8.222 8.104 7.980 7.856 7.732 7.608 7.492 7.450 7.407 7.364 7.327 7.298 7.269 7.269 7.211 7.182 7.153 7.124 7.155 7.191 7.227 7.310 7.392 7.475 7.557 7.640 7.721 7.795 7.869 7.869 8.080 8.246 8.461 8.719 8.977 9.235 9.493 9.751 10.153 10.603 11.053 11.504 11.954 12.332 12.808 13.880 13.880 14.415 14.951 15.194
6.463 6.412 6.360 6.309 6.245 6.181 6.117 6.053 6.053 6.255 6.409 6.562 6.715 6.869 7.022 7.156 7.281 7.475 7.622 7.769 7.916 8.062 8.209 8.356 8.356 8.458 8.358 8.252 8.128 8.004 7.880 7.756 7.632 7.508 7.410 7.367 7.324 7.293 7.264 7.235 7.235 7.176 7.148 7.119 7.090 7.064 7.099 7.147 7.229 7.312 7.395 7.471 7.546 7.620 7.695 7.769 7.769 7.983 8.149 8.315 8.487 8.745 9.003 9.261 9.519 9.952 10.402 10.852 11.303 11.753 12.151 12.790 13.862 13.862 14.398 14.934 15.469
6.632 6.348 6.292 6.227 6.163 6.099 6.035 5.971 5.971 6.153 6.306 6.460 6.613 6.766 6.920 7.073 7.239 7.401 7.522 7.668 7.815 7.962 8.109 8.255 8.255 8.493 8.393 8.276 8.152 8.028 7.904 7.780 7.656 7.532 7.408 7.327 7.287 7.258 7.229 7.200 7.200 7.142 7.113 7.084 7.055 7.026 7.008 7.067 7.148 7.222 7.297 7.371 7.445 7.520 7.594 7.668 7.668 7.886 8.052 8.217 8.383 8.549 8.771 9.029 9.300 9.751 10.201 10.651 11.005 11.341 11.677 12.294 13.575 13.575 14.215 14.856 15.452
6.770 6.274 6.210 6.146 6.081 6.017 5.953 5.889 5.889 6.051 6.204 6.357 6.511 6.664 6.817 7.011 7.350 7.603 7.695 7.788 7.880 7.972 8.065 8.157 8.157 8.448 8.423 8.299 8.175 8.051 7.927 7.803 7.679 7.555 7.431 7.307 7.253 7.224 7.195 7.167 7.167 7.110 7.082 7.053 7.025 6.997 6.968 6.976 7.047 7.122 7.196 7.270 7.345 7.419 7.493 7.568 7.568 7.788 7.954 8.120 8.286 8.451 8.617 8.797 9.099 9.542 9.878 10.214 10.550 10.886 11.222 11.797 13.078 13.078 13.718 14.359 14.995
6.790 6.471 6.165 6.064 5.999 5.935 5.871 5.807 5.806 5.948 6.102 6.255 6.408 6.562 6.783 7.122 7.461 7.800 7.898 7.990 8.082 8.174 8.267 8.359 8.359 8.544 8.480 8.358 8.236 8.114 7.993 7.871 7.749 7.627 7.506 7.382 7.233 7.204 7.175 7.147 7.147 7.090 7.062 7.033 7.005 6.976 6.928 6.910 6.967 7.023 7.095 7.170 7.244 7.318 7.393 7.467 7.467 7.691 7.857 8.022 8.188 8.354 8.520 8.675 8.810 9.086 9.422 9.758 10.094 10.430 10.766 11.300 12.581 12.581 13.221 13.842 14.409
7.001 6.696 6.391 6.085 5.917 5.853 5.789 5.724 5.724 5.846 5.999 6.153 6.306 6.555 6.894 7.233 7.571 7.910 8.100 8.192 8.284 8.377 8.469 8.561 8.561 8.632 8.545 8.440 8.318 8.196 8.075 7.953 7.831 7.709 7.588 7.453 7.304 7.183 7.155 7.126 7.126 7.070 7.041 7.013 6.984 6.941 6.886 6.845 6.902 6.958 7.014 7.071 7.143 7.218 7.292 7.367 7.367 7.593 7.759 7.925 8.091 8.252 8.349 8.446 8.575 8.796 9.016 9.302 9.638 9.974 10.310 10.803 12.084 12.084 12.690 13.256 13.822
7.227 6.922 6.616 6.311 6.005 5.771 5.707 5.642 5.642 5.744 5.897 6.051 6.326 6.665 7.004 7.343 7.682 8.021 8.302 8.394 8.486 8.579 8.671 8.763 8.763 8.693 8.606 8.519 8.400 8.278 8.157 8.035 7.913 7.791 7.669 7.523 7.374 7.226 7.134 7.106 7.106 7.049 7.021 6.992 6.954 6.900 6.845 6.791 6.837 6.893 6.949 7.006 7.062 7.119 7.192 7.266 7.266 7.496 7.662 7.828 7.925 8.023 8.120 8.218 8.341 8.561 8.782 9.002 9.222 9.519 9.855 10.306 11.538 11.538 12.104 12.670 13.236
7.227 6.922 6.616 6.311 6.005 5.771 5.707 5.642 5.642 5.744 5.897 6.051 6.326 6.665 7.004 7.343 7.682 8.021 8.302 8.394 8.486 8.579 8.671 8.763 8.763 8.693 8.606 8.518 8.400 8.278 8.157 8.035 7.913 7.791 7.669 7.523 7.374 7.226 7.134 7.106 7.106 7.049 7.020 6.992 6.954 6.899 6.845 6.791 6.837 6.893 6.949 7.006 7.062 7.119 7.192 7.266 7.266 7.496 7.662 7.828 7.925 8.023 8.120 8.217 8.341 8.561 8.782 9.002 9.222 9.519 9.855 10.306 11.537 11.538 12.104 12.670 13.236
7.453 7.147 6.842 6.536 6.231 5.926 5.625 5.560 5.560 5.641 5.795 6.098 6.437 6.776 7.115 7.454 7.792 8.131 8.470 8.596 8.689 8.781 8.873 8.930 8.930 8.755 8.667 8.580 8.482 8.360 8.239 8.117 7.995 7.873 7.742 7.594 7.445 7.297 7.148 7.086 7.086 7.029 7.000 6.967 6.912 6.858 6.804 6.750 6.771 6.828 6.884 6.941 6.997 7.053 7.110 7.166 7.166 7.399 7.502 7.599 7.696 7.794 7.891 7.988 8.106 8.327 8.547 8.768 8.988 9.208 9.428 9.809 10.951 10.951 11.517 12.084 12.650
7.678 7.373 7.067 6.762 6.456 6.151 5.846 5.540 5.540 5.539 5.869 6.208 6.547 6.886 7.225 7.564 7.903 8.242 8.581 8.799 8.891 8.983 9.075 8.992 8.992 8.817 8.729 8.642 8.554 8.442 8.321 8.199 8.077 7.955 7.813 7.664 7.516 7.367 7.218 7.070 7.070 7.008 6.980 6.925 6.871 6.817 6.763 6.708 6.706 6.763 6.819 6.875 6.932 6.988 7.045 7.101 7.101 7.177 7.273 7.370 7.468 7.565 7.662 7.760 7.872 8.092 8.313 8.533 8.753 8.974 9.175 9.390 10.365 10.365 10.931 11.497 12.064
8.082 7.725 7.368 7.011 6.654 6.297 5.940 5.583 5.583 5.389 5.795 6.200 6.605 7.011 7.416 7.785 8.124 8.463 8.802 9.141 9.295 9.290 9.202 9.115 9.115 8.940 8.852 8.765 8.677 8.589 8.485 8.363 8.241 8.103 7.954 7.806 7.657 7.508 7.360 7.211 7.211 6.952 6.897 6.843 6.789 6.734 6.680 6.626 6.576 6.632 6.689 6.745 6.801 6.844 6.870 6.896 6.897 6.957 6.997 7.037 7.077 7.117 7.205 7.302 7.403 7.624 7.844 8.031 8.202 8.373 8.545 8.716 9.643 9.643 10.108 10.574 11.039
