includes/camargue/floodfiles/results_R2_t1.562344511003E12/res-0004.wd
ncols         906
nrows         631
xllcorner     362177.146667
yllcorner     6534725.688020
cellsize      20.000000
NODATA_value  -9999.000000
[rows 578 to 611 of 631, columns 539 to 615 of 906]
8.614 8.614 8.572 8.529 8.486 8.443 8.410 8.441 8.473 8.504 8.535 8.567 8.598 8.630 8.661 8.675 8.673 8.673 8.669 8.667 8.666 8.682 8.707 8.732 8.757 8.782 8.772 8.751 8.729 8.707 8.685 8.664 8.642 8.642 8.598 8.576 8.555 8.578 8.601 8.625 8.648 8.671 8.695 8.718 8.742 8.757 8.763 8.770 8.776 8.776 8.788 8.794 8.834 8.944 9.054 9.163 9.273 9.383 9.493 9.602 9.712 9.822 9.932 10.041 10.151 10.151 10.274 10.295 10.317 10.340 10.363 10.386 10.408 10.431 10.454 10.477 10.500
8.806 8.806 8.764 8.721 8.678 8.635 8.607 8.639 8.670 8.702 8.733 8.764 8.796 8.808 8.806 8.804 8.802 8.802 8.798 8.796 8.794 8.814 8.839 8.864 8.889 8.914 8.939 8.955 8.933 8.911 8.890 8.868 8.846 8.846 8.802 8.781 8.759 8.780 8.803 8.826 8.850 8.873 8.897 8.920 8.933 8.940 8.946 8.952 8.958 8.958 8.970 8.976 8.993 9.103 9.212 9.322 9.432 9.542 9.651 9.761 9.871 9.981 10.090 10.200 10.294 10.294 10.343 10.363 10.383 10.403 10.423 10.446 10.469 10.491 10.514 10.537 10.560
8.943 8.943 8.954 8.913 8.870 8.827 8.805 8.837 8.868 8.899 8.931 8.941 8.939 8.937 8.935 8.933 8.931 8.931 8.927 8.925 8.923 8.946 8.971 8.996 9.021 9.046 9.070 9.095 9.120 9.116 9.094 9.072 9.050 9.050 9.007 8.985 8.963 8.981 9.005 9.028 9.052 9.075 9.099 9.109 9.116 9.122 9.128 9.134 9.140 9.140 9.152 9.158 9.164 9.261 9.371 9.481 9.591 9.700 9.810 9.920 10.030 10.139 10.249 10.337 10.362 10.362 10.413 10.432 10.452 10.472 10.492 10.511 10.531 10.551 10.574 10.597 10.620
9.054 9.054 9.065 9.076 9.062 9.019 9.003 9.034 9.066 9.074 9.072 9.070 9.068 9.066 9.064 9.062 9.060 9.060 9.056 9.054 9.053 9.078 9.103 9.128 9.153 9.177 9.202 9.227 9.252 9.277 9.298 9.276 9.254 9.254 9.211 9.189 9.167 9.183 9.207 9.230 9.254 9.277 9.285 9.292 9.298 9.304 9.310 9.316 9.322 9.322 9.334 9.340 9.346 9.420 9.530 9.640 9.749 9.859 9.969 10.079 10.188 10.298 10.380 10.405 10.430 10.431 10.481 10.502 10.522 10.541 10.561 10.581 10.601 10.620 10.640 10.660 10.680
9.165 9.164 9.176 9.187 9.198 9.209 9.201 9.206 9.204 9.202 9.200 9.198 9.196 9.194 9.192 9.190 9.188 9.188 9.184 9.182 9.185 9.210 9.235 9.259 9.284 9.309 9.334 9.359 9.384 9.409 9.434 9.459 9.459 9.459 9.415 9.393 9.371 9.385 9.408 9.432 9.455 9.461 9.468 9.474 9.480 9.486 9.492 9.498 9.504 9.504 9.516 9.522 9.528 9.579 9.689 9.798 9.908 10.018 10.127 10.237 10.347 10.422 10.448 10.473 10.499 10.499 10.550 10.571 10.591 10.611 10.630 10.650 10.670 10.690 10.710 10.729 10.749
9.275 9.275 9.286 9.298 9.309 9.290 9.310 9.335 9.333 9.331 9.329 9.327 9.325 9.323 9.321 9.319 9.317 9.317 9.313 9.311 9.317 9.342 9.366 9.391 9.416 9.441 9.466 9.491 9.516 9.541 9.566 9.591 9.615 9.615 9.619 9.597 9.576 9.587 9.610 9.631 9.637 9.643 9.650 9.656 9.662 9.668 9.674 9.680 9.686 9.686 9.698 9.704 9.711 9.737 9.847 9.957 10.067 10.177 10.286 10.396 10.465 10.490 10.516 10.541 10.567 10.567 10.618 10.641 10.660 10.680 10.700 10.720 10.739 10.759 10.779 10.799 10.819
9.386 9.386 9.397 9.374 9.351 9.329 9.358 9.413 9.462 9.460 9.458 9.456 9.454 9.452 9.450 9.448 9.446 9.446 9.442 9.440 9.448 9.473 9.498 9.523 9.548 9.573 9.598 9.623 9.648 9.673 9.697 9.722 9.747 9.747 9.797 9.801 9.780 9.789 9.807 9.813 9.819 9.825 9.832 9.838 9.844 9.850 9.856 9.862 9.868 9.868 9.880 9.886 9.893 9.899 10.006 10.116 10.225 10.335 10.445 10.508 10.533 10.559 10.584 10.610 10.635 10.635 10.686 10.710 10.730 10.749 10.769 10.789 10.809 10.829 10.848 10.868 10.888
9.458 9.458 9.435 9.412 9.390 9.367 9.406 9.461 9.517 9.573 9.586 9.584 9.582 9.580 9.578 9.576 9.575 9.574 9.571 9.569 9.580 9.605 9.630 9.655 9.680 9.705 9.730 9.754 9.779 9.804 9.829 9.854 9.879 9.879 9.929 9.954 9.978 9.983 9.989 9.995 10.001 10.007 10.014 10.020 10.026 10.032 10.038 10.044 10.050 10.050 10.062 10.069 10.075 10.081 10.165 10.274 10.384 10.494 10.551 10.576 10.602 10.627 10.652 10.678 10.703 10.703 10.754 10.779 10.799 10.819 10.839 10.858 10.878 10.898 10.918 10.938 10.957
9.496 9.496 9.473 9.451 9.428 9.405 9.454 9.509 9.565 9.621 9.676 9.713 9.711 9.709 9.707 9.705 9.703 9.703 9.699 9.697 9.712 9.737 9.762 9.787 9.811 9.836 9.861 9.886 9.911 9.936 9.961 9.986 10.011 10.011 10.061 10.034 9.998 10.089 10.113 10.137 10.161 10.185 10.196 10.202 10.208 10.214 10.220 10.226 10.232 10.232 10.244 10.251 10.257 10.263 10.323 10.433 10.543 10.593 10.619 10.644 10.670 10.695 10.721 10.746 10.771 10.771 10.822 10.848 10.868 10.888 10.908 10.928 10.948 10.967 10.987 11.007 10.998
9.534 9.534 9.512 9.489 9.466 9.446 9.502 9.557 9.613 9.669 9.724 9.780 9.836 9.838 9.836 9.834 9.832 9.832 9.828 9.826 9.844 9.869 9.893 9.918 9.943 9.968 9.993 10.018 10.043 10.068 10.093 10.118 10.110 10.110 10.038 10.002 10.005 10.123 10.190 10.214 10.238 10.262 10.286 10.310 10.334 10.358 10.382 10.406 10.414 10.414 10.427 10.433 10.439 10.445 10.482 10.592 10.636 10.662 10.687 10.712 10.738 10.763 10.789 10.814 10.840 10.840 10.890 10.916 10.938 10.958 10.977 10.997 11.017 11.037 11.053 11.044 11.036
9.535 9.535 9.512 9.489 9.466 9.446 9.502 9.558 9.613 9.669 9.725 9.780 9.836 9.838 9.836 9.834 9.832 9.832 9.828 9.826 9.844 9.869 9.894 9.919 9.944 9.968 9.993 10.018 10.043 10.068 10.093 10.118 10.110 10.110 10.039 10.003 10.005 10.124 10.190 10.214 10.238 10.263 10.287 10.311 10.335 10.359 10.383 10.407 10.415 10.415 10.427 10.433 10.439 10.445 10.482 10.592 10.636 10.662 10.687 10.713 10.738 10.764 10.789 10.815 10.840 10.840 10.891 10.916 10.938 10.958 10.978 10.998 11.017 11.037 11.053 11.045 11.036
9.573 9.573 9.550 9.528 9.505 9.494 9.550 9.606 9.661 9.717 9.773 9.828 9.884 9.940 9.965 9.963 9.961 9.961 9.957 9.955 9.976 10.001 10.026 10.051 10.075 10.100 10.125 10.150 10.175 10.187 10.151 10.115 10.079 10.079 10.007 9.971 10.027 10.145 10.264 10.291 10.315 10.339 10.363 10.387 10.412 10.436 10.460 10.484 10.508 10.508 10.556 10.580 10.604 10.627 10.641 10.679 10.705 10.730 10.756 10.781 10.806 10.832 10.857 10.883 10.908 10.908 10.959 10.985 11.008 11.027 11.047 11.067 11.087 11.100 11.091 11.083 11.074
9.612 9.611 9.589 9.566 9.543 9.542 9.598 9.654 9.709 9.765 9.821 9.876 9.932 9.988 10.043 10.092 10.090 10.090 10.086 10.084 10.108 10.133 10.157 10.182 10.207 10.232 10.257 10.227 10.191 10.155 10.119 10.083 10.047 10.047 9.975 9.939 10.049 10.167 10.285 10.368 10.392 10.416 10.440 10.464 10.488 10.512 10.536 10.561 10.585 10.585 10.633 10.657 10.681 10.705 10.727 10.751 10.775 10.798 10.824 10.849 10.875 10.900 10.925 10.951 10.976 10.976 11.027 11.053 11.077 11.097 11.116 11.136 11.146 11.137 11.129 11.121 11.112
9.688 9.688 9.665 9.642 9.619 9.638 9.694 9.750 9.805 9.861 9.916 9.972 10.028 10.083 10.139 10.195 10.250 10.250 10.343 10.346 10.371 10.379 10.343 10.307 10.271 10.235 10.199 10.163 10.127 10.091 10.056 10.020 9.984 9.984 9.912 9.973 10.092 10.210 10.328 10.446 10.546 10.570 10.594 10.618 10.642 10.666 10.690 10.714 10.738 10.738 10.786 10.810 10.834 10.855 10.877 10.898 10.922 10.946 10.970 10.994 11.018 11.042 11.066 11.090 11.114 11.114 11.163 11.189 11.214 11.235 11.238 11.230 11.221 11.213 11.204 11.196 11.187
9.726 9.726 9.703 9.681 9.658 9.686 9.742 9.798 9.853 9.909 9.964 10.020 10.076 10.131 10.187 10.243 10.298 10.298 10.410 10.419 10.383 10.347 10.311 10.275 10.239 10.203 10.167 10.132 10.096 10.060 10.024 9.988 9.952 9.952 9.880 9.995 10.113 10.232 10.350 10.468 10.586 10.647 10.671 10.695 10.719 10.743 10.767 10.791 10.815 10.815 10.863 10.887 10.909 10.930 10.952 10.973 10.996 11.020 11.044 11.068 11.092 11.116 11.140 11.164 11.188 11.188 11.236 11.259 11.283 11.284 11.276 11.267 11.259 11.250 11.242 11.234 11.225
9.764 9.764 9.742 9.719 9.696 9.734 9.790 9.846 9.901 9.957 10.013 10.068 10.124 10.179 10.235 10.291 10.340 10.340 10.403 10.395 10.352 10.315 10.279 10.244 10.208 10.172 10.136 10.100 10.064 10.028 9.992 9.956 9.921 9.921 9.899 10.017 10.135 10.253 10.372 10.490 10.608 10.724 10.748 10.772 10.796 10.820 10.844 10.868 10.892 10.892 10.940 10.962 10.984 11.005 11.027 11.048 11.070 11.094 11.118 11.142 11.166 11.190 11.214 11.238 11.262 11.262 11.310 11.333 11.335 11.328 11.317 11.307 11.297 11.288 11.280 11.271 11.263
9.803 9.803 9.780 9.757 9.734 9.782 9.838 9.894 9.949 10.005 10.061 10.116 10.172 10.228 10.267 10.298 10.330 10.330 10.393 10.371 10.328 10.285 10.248 10.212 10.176 10.140 10.104 10.068 10.033 9.997 9.961 9.925 9.889 9.889 9.920 10.038 10.157 10.275 10.393 10.511 10.630 10.748 10.824 10.849 10.873 10.897 10.921 10.945 10.969 10.969 11.016 11.037 11.059 11.080 11.101 11.123 11.145 11.169 11.192 11.216 11.240 11.264 11.288 11.312 11.336 11.336 11.384 11.384 11.378 11.372 11.362 11.351 11.341 11.330 11.320 11.309 11.301
9.841 9.841 9.818 9.796 9.775 9.830 9.886 9.942 9.997 10.053 10.109 10.163 10.194 10.225 10.257 10.288 10.320 10.320 10.383 10.346 10.304 10.261 10.219 10.180 10.145 10.109 10.073 10.037 10.001 9.965 9.929 9.893 9.857 9.857 9.942 10.060 10.178 10.297 10.415 10.533 10.651 10.770 10.888 10.925 10.950 10.974 10.998 11.022 11.046 11.046 11.091 11.112 11.134 11.155 11.176 11.198 11.219 11.243 11.267 11.290 11.314 11.338 11.362 11.386 11.410 11.410 11.432 11.427 11.421 11.416 11.406 11.395 11.385 11.374 11.364 11.354 11.343
9.879 9.879 9.857 9.834 9.823 9.878 9.934 9.990 10.045 10.090 10.121 10.153 10.184 10.215 10.247 10.278 10.310 10.310 10.365 10.322 10.280 10.237 10.195 10.152 10.113 10.077 10.041 10.005 9.969 9.933 9.898 9.862 9.826 9.826 9.964 10.082 10.200 10.318 10.437 10.555 10.673 10.791 10.910 11.002 11.026 11.051 11.075 11.099 11.123 11.123 11.165 11.187 11.208 11.230 11.251 11.273 11.294 11.317 11.341 11.364 11.388 11.412 11.436 11.460 11.484 11.484 11.476 11.470 11.465 11.459 11.450 11.439 11.429 11.419 11.408 11.398 11.387
9.842 9.842 9.888 9.872 9.871 9.926 9.982 10.017 10.048 10.080 10.111 10.143 10.174 10.206 10.237 10.268 10.300 10.300 10.341 10.298 10.255 10.213 10.170 10.128 10.085 10.046 10.010 9.974 9.938 9.902 9.866 9.830 9.794 9.794 9.985 10.103 10.222 10.340 10.458 10.576 10.695 10.813 10.931 11.050 11.103 11.127 11.152 11.176 11.197 11.197 11.240 11.262 11.283 11.305 11.326 11.347 11.369 11.391 11.415 11.439 11.462 11.486 11.510 11.534 11.530 11.530 11.519 11.513 11.508 11.502 11.494 11.484 11.473 11.463 11.452 11.442 11.431
9.786 9.786 9.831 9.877 9.913 9.944 9.976 10.007 10.038 10.070 10.101 10.133 10.164 10.196 10.227 10.259 10.290 10.290 10.316 10.274 10.231 10.189 10.146 10.104 10.061 10.019 9.978 9.942 9.906 9.870 9.834 9.799 9.770 9.770 10.007 10.125 10.243 10.362 10.480 10.598 10.716 10.835 10.953 11.071 11.180 11.204 11.228 11.251 11.272 11.272 11.315 11.337 11.358 11.380 11.401 11.422 11.444 11.465 11.489 11.513 11.537 11.560 11.584 11.578 11.573 11.573 11.562 11.556 11.551 11.545 11.538 11.528 11.517 11.507 11.496 11.486 11.476
9.730 9.730 9.788 9.857 9.904 9.934 9.966 9.997 10.029 10.060 10.091 10.123 10.154 10.186 10.217 10.249 10.280 10.280 10.292 10.250 10.207 10.165 10.122 10.079 10.037 9.994 9.952 9.911 9.875 9.839 9.803 9.767 9.792 9.792 10.029 10.147 10.265 10.383 10.501 10.620 10.738 10.856 10.975 11.093 11.211 11.281 11.304 11.326 11.347 11.347 11.390 11.412 11.433 11.454 11.476 11.497 11.519 11.540 11.563 11.587 11.611 11.632 11.627 11.621 11.616 11.616 11.605 11.599 11.594 11.588 11.582 11.572 11.561 11.551 11.540 11.530 11.520
9.717 9.717 9.786 9.854 9.896 9.926 9.956 9.987 10.019 10.050 10.082 10.113 10.144 10.176 10.207 10.239 10.270 10.270 10.268 10.225 10.183 10.140 10.098 10.055 10.013 9.970 9.928 9.885 9.843 9.807 9.771 9.735 9.814 9.814 10.050 10.168 10.287 10.405 10.523 10.641 10.760 10.878 10.996 11.115 11.233 11.335 11.376 11.401 11.422 11.422 11.465 11.486 11.508 11.529 11.551 11.572 11.593 11.615 11.637 11.661 11.681 11.676 11.670 11.665 11.659 11.659 11.648 11.642 11.637 11.631 11.626 11.616 11.605 11.595 11.585 11.574 11.564
9.715 9.715 9.784 9.852 9.888 9.918 9.948 9.978 10.009 10.040 10.072 10.103 10.134 10.166 10.197 10.229 10.260 10.260 10.244 10.201 10.159 10.116 10.074 10.031 9.988 9.946 9.904 9.861 9.819 9.776 9.740 9.717 9.835 9.835 10.072 10.190 10.308 10.427 10.545 10.649 10.753 10.856 10.960 11.063 11.166 11.248 11.297 11.338 11.378 11.378 11.459 11.499 11.540 11.580 11.620 11.647 11.668 11.690 11.711 11.730 11.724 11.719 11.713 11.708 11.702 11.702 11.691 11.686 11.680 11.675 11.669 11.660 11.649 11.639 11.629 11.618 11.608
9.713 9.713 9.781 9.850 9.880 9.910 9.940 9.970 10.000 10.030 10.062 10.093 10.125 10.156 10.188 10.219 10.250 10.250 10.220 10.177 10.135 10.092 10.050 10.007 9.964 9.922 9.879 9.837 9.794 9.752 9.709 9.739 9.857 9.857 10.065 10.168 10.271 10.374 10.478 10.581 10.684 10.788 10.891 10.994 11.098 11.160 11.215 11.259 11.299 11.299 11.380 11.420 11.461 11.501 11.541 11.582 11.622 11.662 11.697 11.727 11.767 11.762 11.756 11.751 11.745 11.745 11.734 11.729 11.723 11.718 11.712 11.704 11.694 11.683 11.673 11.662 11.624
9.711 9.711 9.779 9.842 9.872 9.902 9.932 9.962 9.992 10.022 10.052 10.083 10.115 10.146 10.177 10.209 10.240 10.240 10.195 10.153 10.110 10.068 10.025 9.983 9.940 9.898 9.855 9.813 9.770 9.719 9.664 9.693 9.789 9.790 9.996 10.099 10.203 10.306 10.409 10.513 10.616 10.719 10.823 10.926 11.018 11.073 11.128 11.180 11.220 11.221 11.301 11.342 11.382 11.422 11.463 11.503 11.543 11.580 11.584 11.607 11.655 11.702 11.750 11.794 11.788 11.788 11.777 11.772 11.766 11.761 11.755 11.748 11.738 11.727 11.717 11.668 11.594
9.711 9.711 9.779 9.842 9.872 9.902 9.932 9.962 9.992 10.022 10.052 10.083 10.115 10.146 10.178 10.209 10.241 10.241 10.196 10.153 10.111 10.068 10.026 9.983 9.941 9.898 9.856 9.813 9.771 9.720 9.664 9.693 9.790 9.790 9.996 10.100 10.203 10.306 10.410 10.513 10.616 10.720 10.823 10.926 11.019 11.073 11.128 11.180 11.221 11.221 11.301 11.342 11.382 11.423 11.463 11.503 11.544 11.580 11.585 11.607 11.655 11.703 11.750 11.794 11.789 11.789 11.778 11.772 11.766 11.761 11.755 11.748 11.738 11.727 11.717 11.668 11.594
9.709 9.709 9.777 9.834 9.864 9.894 9.924 9.954 9.984 10.014 10.044 10.074 10.105 10.136 10.168 10.199 10.231 10.231 10.172 10.129 10.087 10.044 10.001 9.959 9.916 9.874 9.825 9.769 9.714 9.658 9.602 9.660 9.727 9.727 9.928 10.031 10.135 10.238 10.341 10.445 10.548 10.651 10.755 10.858 10.931 10.986 11.041 11.095 11.142 11.142 11.223 11.263 11.303 11.344 11.384 11.424 11.463 11.468 11.472 11.487 11.535 11.583 11.630 11.678 11.725 11.725 11.821 11.815 11.809 11.804 11.799 11.792 11.782 11.772 11.712 11.638 11.564
9.706 9.706 9.775 9.826 9.856 9.886 9.916 9.946 9.976 10.006 10.036 10.066 10.096 10.126 10.158 10.189 10.221 10.221 10.147 10.105 10.062 10.020 9.977 9.931 9.875 9.819 9.763 9.707 9.651 9.596 9.561 9.627 9.693 9.693 9.860 9.963 10.066 10.170 10.273 10.376 10.480 10.583 10.686 10.789 10.844 10.899 10.953 11.008 11.063 11.063 11.144 11.184 11.225 11.265 11.305 11.345 11.350 11.355 11.360 11.367 11.415 11.463 11.510 11.558 11.605 11.605 11.701 11.748 11.796 11.843 11.841 11.836 11.826 11.756 11.682 11.608 11.535
9.702 9.701 9.770 9.809 9.839 9.869 9.899 9.929 9.959 9.989 10.019 10.049 10.079 10.109 10.139 10.169 10.184 10.184 10.086 10.030 9.974 9.918 9.862 9.806 9.751 9.695 9.639 9.583 9.527 9.471 9.495 9.561 9.627 9.627 9.760 9.826 9.929 10.032 10.136 10.239 10.342 10.446 10.549 10.614 10.669 10.724 10.779 10.833 10.888 10.888 10.986 11.026 11.066 11.107 11.116 11.121 11.126 11.130 11.135 11.140 11.174 11.222 11.270 11.317 11.365 11.365 11.460 11.508 11.555 11.603 11.624 11.617 11.609 11.599 11.589 11.549 11.475
9.699 9.699 9.768 9.801 9.831 9.861 9.891 9.921 9.951 9.981 10.011 10.041 10.071 10.101 10.131 10.149 10.134 10.134 10.024 9.968 9.912 9.856 9.800 9.744 9.688 9.633 9.577 9.521 9.465 9.409 9.462 9.528 9.594 9.594 9.727 9.793 9.861 9.964 10.067 10.171 10.274 10.377 10.472 10.527 10.582 10.637 10.691 10.746 10.800 10.800 10.907 10.947 10.988 10.999 11.004 11.008 11.013 11.018 11.023 11.027 11.054 11.102 11.150 11.197 11.245 11.245 11.340 11.388 11.435 11.438 11.432 11.425 11.416 11.407 11.397 11.387 11.377
9.697 9.697 9.763 9.793 9.823 9.853 9.883 9.913 9.943 9.973 10.003 10.033 10.062 10.070 10.079 10.087 10.062 10.062 9.962 9.906 9.850 9.794 9.738 9.682 9.626 9.570 9.514 9.458 9.403 9.362 9.428 9.495 9.561 9.561 9.693 9.760 9.826 9.896 9.999 10.102 10.206 10.309 10.385 10.440 10.495 10.549 10.604 10.659 10.713 10.713 10.822 10.869 10.882 10.887 10.891 10.896 10.901 10.906 10.910 10.915 10.934 10.982 11.030 11.077 11.125 11.125 11.220 11.260 11.253 11.246 11.239 11.232 11.224 11.214 11.204 11.195 11.185
9.695 9.695 9.754 9.784 9.814 9.844 9.875 9.905 9.935 9.965 9.983 9.992 10.000 10.009 10.017 10.025 9.991 9.991 9.894 9.844 9.788 9.732 9.676 9.620 9.564 9.508 9.452 9.396 9.340 9.329 9.395 9.462 9.528 9.528 9.661 9.727 9.793 9.859 9.931 10.034 10.137 10.241 10.298 10.352 10.407 10.462 10.517 10.571 10.626 10.626 10.743 10.781 10.770 10.774 10.779 10.784 10.789 10.793 10.798 10.803 10.814 10.862 10.909 10.957 11.005 11.005 11.074 11.067 11.060 11.053 11.046 11.040 11.032 11.022 11.012 11.002 10.993
9.692 9.692 9.746 9.776 9.806 9.836 9.866 9.896 9.905 9.913 9.922 9.930 9.939 9.947 9.955 9.964 9.919 9.919 9.823 9.775 9.726 9.670 9.614 9.558 9.502 9.446 9.390 9.334 9.278 9.296 9.362 9.429 9.495 9.495 9.627 9.694 9.760 9.826 9.893 9.965 10.069 10.156 10.211 10.265 10.320 10.375 10.435 10.498 10.560 10.560 10.685 10.717 10.701 10.685 10.669 10.672 10.676 10.681 10.686 10.690 10.695 10.742 10.789 10.837 10.885 10.885 10.881 10.874 10.868 10.861 10.854 10.847 10.839 10.830 10.820 10.810 10.800
