includes/camargue/floodfiles/results_R2_t1.562344511003E12/res-0013.wd
ncols         906
nrows         631
xllcorner     362177.146667
yllcorner     6534725.688020
cellsize      20.000000
NODATA_value  -9999.000000
[rows 476 to 509 of 631, columns 231 to 307 of 906]
0.003 0.000 0.073 0.073 0.014 0.000 0.046 0.056 0.007 0.026 0.105 0.005 0.060 0.000 0.028 0.038 0.040 0.043 0.000 0.001 0.000 0.000 0.000 0.000 0.000 0.000 0.000 0.000 0.016 0.000 0.000 0.000 0.000 0.062 0.330 0.330 0.000 0.015 0.000 0.000 0.000 0.081 0.076 0.083 0.077 0.000 0.123 0.003 0.000 0.000 0.002 0.002 0.142 0.022 0.000 0.000 0.000 0.000 0.000 0.001 0.000 0.000 0.000 0.000 0.864 0.454 0.000 0.000 0.000 0.000 0.000 0.000 0.000 0.000 0.000 0.000 0.461
0.004 0.008 0.435 0.435 0.044 0.005 0.065 0.055 0.000 0.000 0.055 0.000 0.047 0.043 0.045 0.052 0.061 0.071 0.066 0.058 0.033 0.018 0.007 0.000 0.000 0.000 0.000 0.042 0.001 0.002 0.000 0.011 0.007 0.029 0.000 0.000 0.000 0.015 0.002 0.000 0.000 0.085 0.073 0.000 0.000 0.041 0.000 0.000 0.001 0.000 0.000 0.000 0.022 0.000 0.000 0.000 0.000 0.000 0.000 0.000 0.000 0.000 0.000 0.000 0.964 0.000 0.000 0.000 0.000 0.000 0.000 0.000 0.000 0.000 0.000 0.000 0.371
0.445 0.000 0.000 0.000 0.034 0.065 0.075 0.045 0.447 0.000 0.025 0.000 0.058 0.064 0.069 0.076 0.085 0.000 0.000 0.000 0.050 0.063 0.047 0.033 0.021 0.012 0.000 0.001 0.003 0.002 0.000 0.013 0.001 0.000 0.052 0.052 0.000 0.000 0.001 0.000 0.104 0.126 0.120 0.000 0.000 0.000 0.011 0.000 0.001 0.062 0.000 0.000 0.000 0.041 0.000 0.011 0.000 0.000 0.000 0.000 0.000 0.000 0.000 0.000 0.000 0.000 0.000 0.000 0.000 0.000 0.000 0.000 0.000 0.000 0.000 0.341 0.221
0.052 0.001 0.473 0.473 0.000 0.000 0.075 0.045 0.035 0.015 0.000 0.000 0.000 0.000 0.081 0.000 0.081 0.065 0.047 0.035 0.032 0.041 0.056 0.066 0.053 0.043 0.034 0.020 0.011 0.008 0.011 0.012 0.004 0.000 0.002 0.002 0.000 0.043 0.044 0.058 0.081 0.000 0.000 0.000 0.000 0.051 0.011 0.000 0.000 0.000 0.000 0.001 0.000 0.000 0.000 0.000 0.000 0.000 0.000 0.000 0.000 0.000 0.000 0.000 0.000 0.000 0.000 0.000 0.000 0.000 0.000 0.000 0.000 0.000 0.000 0.000 0.000
0.000 0.000 0.000 0.000 0.000 0.011 0.011 0.021 0.024 0.074 0.000 0.000 0.000 0.000 0.000 0.000 0.000 0.000 0.020 0.012 0.011 0.016 0.030 0.048 0.070 0.082 0.000 0.037 0.031 0.026 0.000 0.025 0.019 0.013 0.000 0.000 0.058 0.069 0.066 0.068 0.061 0.000 0.000 0.000 0.000 0.000 0.000 0.164 0.000 0.000 0.011 0.011 0.000 0.000 0.000 0.002 0.000 0.000 0.000 0.000 0.000 0.000 0.000 0.000 0.000 0.000 0.000 0.000 0.000 0.000 0.000 0.000 0.000 0.000 0.000 0.000 0.000
0.000 0.000 0.000 0.000 0.011 0.000 0.082 0.043 0.000 0.024 0.000 0.000 0.000 0.000 0.000 0.051 0.000 0.000 0.001 0.000 0.000 0.000 0.004 0.021 0.044 0.067 0.076 0.079 0.071 0.066 0.062 0.060 0.062 0.059 0.051 0.060 0.058 0.000 0.078 0.058 0.044 0.000 0.000 0.000 0.000 0.000 0.000 0.004 0.035 0.000 0.000 0.000 0.000 0.071 0.000 0.092 0.022 0.000 0.000 0.000 0.000 0.000 0.000 0.000 0.000 0.000 0.000 0.000 0.000 0.000 0.000 0.000 0.000 0.000 0.000 0.000 0.000
0.000 0.481 0.007 0.009 0.000 0.004 0.038 0.000 0.081 0.000 0.111 0.000 0.111 0.000 0.021 0.000 0.101 0.000 0.000 0.000 0.000 0.000 0.000 0.001 0.021 0.000 0.048 0.075 0.104 0.107 0.102 0.097 0.000 0.000 0.000 0.000 0.076 0.056 0.060 0.046 0.031 0.000 0.000 0.003 0.044 0.000 0.014 0.004 0.000 0.032 0.012 0.012 0.000 0.000 0.000 0.092 0.000 0.000 0.000 0.000 0.000 0.000 0.000 0.000 0.000 0.000 0.000 0.000 0.000 0.000 0.000 0.000 0.000 0.000 0.000 0.000 0.000
0.017 0.006 0.028 0.030 0.025 0.022 0.015 0.023 0.000 0.000 0.000 0.101 0.589 0.000 0.111 0.000 0.101 0.000 0.000 0.000 0.000 0.000 0.000 0.000 0.000 0.000 0.022 0.050 0.080 0.110 0.142 0.139 0.133 0.120 0.066 0.072 0.065 0.052 0.047 0.035 0.021 0.000 0.352 0.000 0.014 0.001 0.002 0.000 0.000 0.000 0.000 0.000 0.001 0.001 0.000 0.000 0.031 0.000 0.000 0.000 0.000 0.000 0.000 0.000 0.000 0.000 0.000 0.000 0.000 0.000 0.000 0.000 0.000 0.000 0.000 0.000 0.000
0.001 0.487 0.000 0.000 0.001 0.472 0.002 0.037 0.000 0.011 0.000 0.000 0.000 0.000 0.000 0.000 0.000 0.121 0.000 0.000 0.000 0.024 0.000 0.017 0.048 0.000 0.000 0.025 0.054 0.083 0.112 0.000 0.169 0.136 0.072 0.075 0.058 0.046 0.038 0.027 0.014 0.000 0.000 0.141 0.000 0.000 0.000 0.000 0.000 0.001 0.002 0.002 0.000 0.000 0.041 0.000 0.001 0.000 0.000 0.000 0.000 0.000 0.000 0.000 0.000 0.000 0.000 0.000 0.000 0.000 0.000 0.011 0.000 0.000 0.000 0.000 0.081
0.004 0.000 0.000 0.000 0.495 0.009 0.466 0.450 0.000 0.081 0.000 0.000 0.001 0.000 0.000 0.051 0.000 0.000 0.000 0.000 0.000 0.000 0.000 0.000 0.025 0.000 0.025 0.000 0.026 0.051 0.061 0.078 0.000 0.146 0.075 0.076 0.053 0.039 0.031 0.024 0.011 0.000 0.000 0.000 0.331 0.000 0.000 0.000 0.000 0.032 0.000 0.000 0.061 0.000 0.000 0.000 0.000 0.000 0.000 0.000 0.000 0.000 0.000 0.000 0.000 0.000 0.000 0.000 0.000 0.031 0.051 0.000 0.000 0.000 0.000 0.121 0.000
0.002 0.000 0.000 0.000 0.017 0.000 0.477 0.487 0.446 0.000 0.000 0.000 0.012 0.000 0.001 0.111 0.000 0.000 0.000 0.000 0.000 0.000 0.000 0.000 0.000 0.000 0.001 0.021 0.000 0.000 0.045 0.086 0.118 0.000 0.070 0.071 0.046 0.032 0.025 0.000 0.018 0.000 0.403 0.370 0.337 0.001 0.022 0.000 0.000 0.000 0.000 0.000 0.000 0.000 0.000 0.000 0.000 0.000 0.000 0.000 0.000 0.000 0.000 0.000 0.000 0.201 0.000 0.000 0.061 0.000 0.000 0.041 0.031 0.000 0.000 0.000 0.000
0.002 0.000 0.000 0.000 0.002 0.012 0.006 0.009 0.000 0.000 0.428 0.000 0.000 0.000 0.021 0.000 0.000 0.000 0.000 0.000 0.000 0.000 0.000 0.000 0.000 0.000 0.000 0.000 0.001 0.000 0.034 0.085 0.000 0.000 0.071 0.071 0.035 0.021 0.000 0.506 0.000 0.443 0.024 0.377 0.000 0.082 0.022 0.000 0.041 0.000 0.031 0.031 0.000 0.000 0.111 0.000 0.000 0.000 0.000 0.000 0.000 0.000 0.000 0.000 0.000 0.000 0.000 0.000 0.000 0.082 0.001 0.000 0.011 0.091 0.000 0.000 0.007
0.002 0.002 0.001 0.002 0.000 0.012 0.000 0.541 0.000 0.001 0.072 0.000 0.000 0.011 0.000 0.101 0.000 0.000 0.000 0.000 0.000 0.000 0.000 0.000 0.001 0.000 0.000 0.000 0.000 0.001 0.026 0.076 0.089 0.000 0.073 0.073 0.031 0.012 0.000 0.000 0.000 0.000 0.003 0.034 0.351 0.000 0.000 0.061 0.011 0.000 0.000 0.000 0.000 0.000 0.000 0.020 0.000 0.000 0.000 0.000 0.000 0.000 0.000 0.000 0.000 0.000 0.000 0.000 0.000 0.012 0.000 0.000 0.000 0.000 0.000 0.000 0.074
0.001 0.000 0.025 0.025 0.000 0.014 0.003 0.589 0.000 0.001 0.000 0.000 0.000 0.000 0.071 0.000 0.071 0.000 0.000 0.000 0.000 0.000 0.000 0.000 0.000 0.001 0.000 0.000 0.000 0.000 0.023 0.091 0.116 0.000 0.072 0.072 0.028 0.009 0.000 0.000 0.000 0.000 0.395 0.000 0.000 0.000 0.121 0.000 0.000 0.000 0.000 0.000 0.000 0.000 0.068 0.000 0.000 0.000 0.000 0.000 0.232 0.000 0.160 0.050 0.050 0.060 0.050 0.050 0.000 0.000 0.000 0.000 0.000 0.000 0.162 0.052 0.008
0.001 0.000 0.000 0.000 0.000 0.011 0.011 0.000 0.000 0.000 0.541 0.000 0.000 0.061 0.000 0.000 0.000 0.051 0.000 0.000 0.000 0.000 0.000 0.000 0.031 0.000 0.000 0.000 0.000 0.001 0.050 0.123 0.146 0.000 0.070 0.070 0.026 0.006 0.000 0.000 0.000 0.000 0.001 0.000 0.000 0.081 0.000 0.000 0.000 0.000 0.000 0.000 0.000 0.000 0.000 0.000 0.000 0.000 0.000 0.182 0.202 0.000 0.090 0.050 0.070 0.050 0.000 0.000 0.022 0.001 0.000 0.000 0.061 0.000 0.006 0.001 0.003
0.000 0.000 0.001 0.001 0.000 0.013 0.017 0.021 0.009 0.000 0.000 0.000 0.001 0.151 0.011 0.011 0.000 0.051 0.000 0.000 0.000 0.000 0.000 0.000 0.060 0.124 0.000 0.000 0.000 0.002 0.084 0.155 0.176 0.132 0.062 0.066 0.025 0.005 0.000 0.000 0.000 0.000 0.006 0.000 0.000 0.000 0.000 0.000 0.000 0.001 0.000 0.000 0.002 0.000 0.000 0.000 0.000 0.001 0.091 0.000 0.000 0.000 0.070 0.070 0.000 0.000 0.000 0.000 0.000 0.000 0.012 0.022 0.000 0.025 0.008 0.118 0.003
0.000 0.000 0.000 0.000 0.000 0.009 0.014 0.015 0.005 0.000 0.000 0.000 0.001 0.151 0.011 0.011 0.000 0.051 0.000 0.000 0.000 0.000 0.000 0.000 0.060 0.124 0.000 0.000 0.000 0.002 0.087 0.158 0.179 0.133 0.048 0.051 0.013 0.002 0.000 0.000 0.000 0.000 0.003 0.000 0.000 0.000 0.000 0.000 0.000 0.000 0.000 0.000 0.000 0.000 0.000 0.000 0.000 0.000 0.091 0.000 0.000 0.000 0.070 0.070 0.000 0.000 0.000 0.000 0.000 0.000 0.012 0.022 0.000 0.025 0.005 0.118 0.001
0.002 0.000 0.000 0.000 0.000 0.000 0.000 0.018 0.009 0.000 0.000 0.000 0.000 0.000 0.000 0.000 0.373 0.000 0.198 0.198 0.000 0.000 0.000 0.000 0.000 0.000 0.000 0.000 0.030 0.000 0.000 0.194 0.211 0.164 0.070 0.070 0.012 0.001 0.000 0.000 0.000 0.002 0.002 0.000 0.000 0.000 0.000 0.000 0.000 0.000 0.000 0.000 0.000 0.000 0.000 0.000 0.000 0.000 0.000 0.000 0.000 0.093 0.000 0.009 0.000 0.000 0.000 0.000 0.000 0.000 0.000 0.000 0.000 0.010 0.008 0.000 0.083
0.002 0.001 0.011 0.015 0.052 0.087 0.110 0.130 0.139 0.000 0.009 0.000 0.000 0.000 0.000 0.000 0.051 0.000 0.000 0.000 0.001 0.000 0.000 0.000 0.001 0.000 0.000 0.000 0.000 0.133 0.196 0.257 0.269 0.222 0.127 0.127 0.078 0.004 0.000 0.000 0.049 0.002 0.001 0.000 0.000 0.000 0.000 0.000 0.000 0.000 0.000 0.000 0.000 0.000 0.000 0.001 0.000 0.001 0.001 0.000 0.017 0.003 0.003 0.137 0.007 0.000 0.000 0.000 0.000 0.000 0.000 0.000 0.000 0.000 0.034 0.000 0.000
0.003 0.040 0.094 0.098 0.120 0.143 0.163 0.182 0.198 0.148 0.094 0.026 0.000 0.000 0.000 0.000 0.000 0.000 0.000 0.000 0.000 0.000 0.000 0.000 0.000 0.000 0.000 0.000 0.100 0.164 0.227 0.289 0.299 0.252 0.157 0.156 0.107 0.048 0.000 0.000 0.000 0.002 0.001 0.000 0.000 0.000 0.000 0.000 0.000 0.000 0.000 0.000 0.000 0.001 0.000 0.000 0.001 0.001 0.001 0.006 0.003 0.001 0.002 0.000 0.000 0.000 0.001 0.001 0.021 0.000 0.000 0.006 0.002 0.004 0.004 0.002 0.015
0.040 0.097 0.152 0.156 0.176 0.196 0.215 0.234 0.252 0.206 0.155 0.103 0.047 0.002 0.000 0.000 0.000 0.000 0.000 0.000 0.000 0.000 0.001 0.000 0.000 0.001 0.011 0.066 0.132 0.195 0.259 0.322 0.329 0.281 0.187 0.187 0.138 0.087 0.042 0.003 0.001 0.002 0.000 0.000 0.000 0.000 0.000 0.000 0.000 0.000 0.000 0.000 0.000 0.001 0.001 0.002 0.003 0.005 0.005 0.002 0.017 0.000 0.084 0.000 0.000 0.000 0.000 0.000 0.000 0.000 0.000 0.267 0.015 0.001 0.327 0.004 0.002
0.074 0.120 0.193 0.196 0.229 0.248 0.267 0.285 0.303 0.264 0.215 0.166 0.134 0.117 0.099 0.078 0.048 0.017 0.001 0.001 0.001 0.006 0.024 0.055 0.000 0.113 0.135 0.158 0.179 0.227 0.291 0.354 0.359 0.312 0.217 0.217 0.183 0.151 0.119 0.085 0.043 0.004 0.000 0.000 0.000 0.000 0.000 0.000 0.000 0.000 0.000 0.001 0.000 0.001 0.002 0.002 0.002 0.000 0.000 0.000 0.027 0.188 0.000 0.091 0.000 0.000 0.021 0.021 0.000 0.000 0.000 0.324 0.344 0.364 0.384 0.026 0.006
0.096 0.140 0.211 0.214 0.249 0.284 0.318 0.337 0.354 0.322 0.274 0.256 0.238 0.220 0.202 0.184 0.166 0.147 0.109 0.110 0.108 0.129 0.151 0.173 0.194 0.215 0.237 0.258 0.280 0.301 0.322 0.386 0.389 0.341 0.276 0.276 0.245 0.214 0.183 0.151 0.118 0.084 0.039 0.002 0.000 0.000 0.000 0.000 0.000 0.000 0.000 0.001 0.001 0.002 0.002 0.002 0.002 0.000 0.000 0.000 0.000 0.260 0.017 0.000 0.033 0.000 0.000 0.000 0.011 0.000 0.000 0.005 0.000 0.024 0.428 0.000 0.015
0.119 0.159 0.229 0.232 0.267 0.301 0.336 0.370 0.403 0.395 0.377 0.358 0.340 0.322 0.304 0.285 0.267 0.248 0.210 0.211 0.208 0.230 0.252 0.273 0.294 0.316 0.337 0.359 0.380 0.402 0.423 0.445 0.431 0.400 0.337 0.337 0.307 0.276 0.244 0.213 0.181 0.149 0.117 0.082 0.045 0.009 0.001 0.000 0.000 0.000 0.000 0.002 0.001 0.002 0.002 0.002 0.001 0.000 0.000 0.000 0.000 0.000 0.002 0.023 0.043 0.000 0.001 0.000 0.000 0.001 0.000 0.007 0.009 0.003 0.000 0.000 0.001
0.139 0.178 0.247 0.249 0.284 0.319 0.353 0.387 0.441 0.469 0.478 0.459 0.441 0.423 0.404 0.386 0.367 0.349 0.311 0.311 0.308 0.330 0.351 0.373 0.394 0.415 0.437 0.458 0.480 0.502 0.523 0.544 0.519 0.462 0.398 0.398 0.367 0.336 0.305 0.273 0.242 0.211 0.179 0.147 0.121 0.099 0.077 0.042 0.000 0.001 0.001 0.002 0.001 0.002 0.002 0.002 0.001 0.000 0.000 0.000 0.000 0.000 0.000 0.000 0.363 0.000 0.001 0.000 0.000 0.001 0.000 0.007 0.009 0.007 0.003 0.002 0.000
0.158 0.196 0.265 0.267 0.301 0.336 0.378 0.433 0.489 0.517 0.529 0.540 0.541 0.523 0.504 0.486 0.467 0.449 0.411 0.411 0.407 0.429 0.450 0.472 0.493 0.515 0.536 0.558 0.580 0.601 0.622 0.643 0.615 0.559 0.458 0.458 0.427 0.396 0.364 0.333 0.302 0.271 0.240 0.209 0.186 0.165 0.144 0.122 0.101 0.078 0.043 0.034 0.002 0.002 0.002 0.001 0.000 0.000 0.000 0.000 0.000 0.000 0.000 0.000 0.000 0.000 0.001 0.000 0.000 0.000 0.004 0.007 0.008 0.006 0.004 0.002 0.002
0.177 0.214 0.283 0.284 0.319 0.370 0.426 0.481 0.536 0.566 0.577 0.588 0.599 0.611 0.604 0.586 0.567 0.548 0.510 0.511 0.506 0.528 0.549 0.571 0.593 0.614 0.636 0.657 0.678 0.699 0.721 0.742 0.712 0.655 0.542 0.542 0.486 0.455 0.424 0.393 0.362 0.331 0.300 0.269 0.248 0.227 0.207 0.186 0.165 0.144 0.121 0.120 0.083 0.083 0.033 0.002 0.001 0.000 0.000 0.000 0.000 0.000 0.000 0.461 0.000 0.000 0.001 0.000 0.000 0.000 0.006 0.007 0.007 0.006 0.004 0.002 0.002
0.196 0.233 0.305 0.307 0.363 0.418 0.474 0.528 0.583 0.614 0.625 0.636 0.647 0.658 0.670 0.681 0.667 0.648 0.610 0.610 0.605 0.627 0.648 0.670 0.692 0.713 0.734 0.755 0.777 0.798 0.819 0.840 0.808 0.751 0.638 0.638 0.582 0.526 0.484 0.453 0.422 0.391 0.360 0.329 0.309 0.289 0.268 0.248 0.227 0.206 0.188 0.188 0.188 0.188 0.157 0.120 0.081 0.025 0.001 0.000 0.074 0.047 0.000 0.000 0.000 0.000 0.001 0.000 0.002 0.003 0.006 0.007 0.007 0.006 0.004 0.003 0.002
0.214 0.250 0.354 0.355 0.411 0.466 0.521 0.575 0.630 0.662 0.673 0.684 0.695 0.706 0.717 0.728 0.739 0.748 0.709 0.710 0.703 0.725 0.747 0.769 0.790 0.811 0.832 0.854 0.875 0.896 0.917 0.938 0.904 0.847 0.735 0.735 0.678 0.622 0.565 0.512 0.481 0.450 0.419 0.390 0.369 0.349 0.329 0.309 0.291 0.290 0.290 0.290 0.290 0.290 0.261 0.224 0.186 0.148 0.111 0.075 0.000 0.000 0.000 0.000 0.000 0.000 0.000 0.000 0.003 0.004 0.006 0.007 0.007 0.005 0.004 0.003 0.002
0.234 0.292 0.402 0.403 0.458 0.513 0.568 0.622 0.677 0.710 0.721 0.732 0.743 0.754 0.765 0.776 0.787 0.798 0.809 0.810 0.802 0.824 0.846 0.867 0.888 0.909 0.931 0.952 0.973 0.994 1.015 1.037 1.000 0.943 0.831 0.831 0.774 0.718 0.662 0.605 0.549 0.510 0.479 0.450 0.430 0.410 0.392 0.392 0.392 0.392 0.391 0.391 0.391 0.391 0.365 0.327 0.290 0.252 0.215 0.179 0.142 0.000 0.044 0.005 0.000 0.000 0.000 0.001 0.003 0.005 0.006 0.007 0.006 0.005 0.004 0.003 0.002
0.283 0.340 0.449 0.450 0.505 0.560 0.615 0.669 0.724 0.757 0.768 0.779 0.790 0.801 0.812 0.823 0.834 0.845 0.867 0.867 0.898 0.922 0.944 0.965 0.986 1.008 1.029 1.050 1.071 1.092 1.114 1.135 1.095 1.039 0.926 0.927 0.870 0.814 0.758 0.701 0.645 0.588 0.538 0.510 0.493 0.493 0.493 0.493 0.493 0.492 0.492 0.492 0.491 0.491 0.468 0.431 0.393 0.356 0.319 0.283 0.246 0.208 0.170 0.134 0.098 0.100 0.016 0.011 0.003 0.005 0.006 0.007 0.006 0.005 0.004 0.003 0.002
0.332 0.387 0.496 0.497 0.552 0.607 0.661 0.716 0.770 0.805 0.816 0.827 0.838 0.849 0.860 0.871 0.882 0.893 0.950 0.950 0.982 1.012 1.042 1.063 1.084 1.106 1.127 1.148 1.169 1.190 1.212 1.233 1.191 1.135 1.022 1.022 0.966 0.910 0.853 0.797 0.741 0.684 0.632 0.606 0.594 0.594 0.594 0.593 0.593 0.593 0.593 0.593 0.592 0.592 0.572 0.534 0.497 0.460 0.423 0.386 0.349 0.312 0.275 0.244 0.262 0.280 0.224 0.224 0.064 0.008 0.010 0.010 0.010 0.009 0.008 0.006 0.005
0.333 0.389 0.498 0.498 0.553 0.608 0.662 0.717 0.771 0.806 0.817 0.828 0.839 0.850 0.861 0.872 0.882 0.893 0.950 0.950 0.982 1.013 1.042 1.063 1.085 1.106 1.127 1.148 1.170 1.191 1.212 1.233 1.192 1.135 1.023 1.023 0.966 0.910 0.854 0.797 0.741 0.685 0.632 0.606 0.594 0.594 0.594 0.594 0.594 0.594 0.593 0.593 0.593 0.592 0.572 0.535 0.498 0.461 0.423 0.386 0.349 0.312 0.276 0.244 0.262 0.280 0.225 0.225 0.067 0.014 0.011 0.007 0.006 0.005 0.004 0.003 0.003
0.393 0.440 0.545 0.545 0.600 0.655 0.709 0.764 0.818 0.854 0.865 0.876 0.887 0.897 0.908 0.919 0.937 0.969 1.034 1.035 1.066 1.097 1.127 1.157 1.183 1.204 1.225 1.246 1.268 1.289 1.310 1.331 1.287 1.231 1.118 1.118 1.062 1.006 0.950 0.893 0.837 0.820 0.805 0.778 0.734 0.695 0.694 0.694 0.694 0.694 0.694 0.694 0.693 0.693 0.676 0.639 0.601 0.564 0.527 0.490 0.453 0.416 0.405 0.423 0.441 0.459 0.412 0.412 0.261 0.184 0.106 0.058 0.047 0.034 0.026 0.020 0.015
