includes/camargue/floodfiles/results_R2_t1.562344511003E12/res-0014.wd
ncols         906
nrows         631
xllcorner     362177.146667
yllcorner     6534725.688020
cellsize      20.000000
NODATA_value  -9999.000000
[rows 544 to 577 of 631, columns 385 to 461 of 906]
2.173 2.162 2.160 2.158 2.156 2.155 2.153 2.151 2.149 2.145 2.145 2.155 2.173 2.190 2.208 2.204 2.201 2.197 2.193 2.190 2.186 2.182 2.179 2.175 2.171 2.164 2.164 2.150 2.143 2.136 2.129 2.122 2.115 2.109 2.102 2.095 2.088 2.082 2.075 2.067 2.057 2.047 2.047 2.028 2.018 2.008 1.999 1.989 1.979 1.978 1.978 1.977 1.976 1.976 1.975 1.975 1.970 1.954 1.954 1.920 1.903 1.886 1.869 1.860 1.866 1.872 1.878 1.884 1.889 1.895 1.901 1.935 1.976 2.016 2.016 2.096 2.125
2.228 2.216 2.204 2.192 2.179 2.174 2.172 2.170 2.168 2.164 2.164 2.170 2.187 2.205 2.202 2.198 2.195 2.191 2.187 2.184 2.180 2.176 2.173 2.169 2.165 2.159 2.159 2.145 2.138 2.131 2.124 2.117 2.111 2.104 2.097 2.091 2.084 2.077 2.071 2.064 2.054 2.044 2.044 2.025 2.015 2.006 1.996 1.986 1.980 1.980 1.979 1.979 1.978 1.977 1.977 1.976 1.975 1.968 1.968 1.934 1.917 1.900 1.884 1.886 1.892 1.898 1.904 1.909 1.915 1.921 1.927 1.942 1.983 2.023 2.023 2.091 2.119
2.283 2.271 2.259 2.247 2.235 2.222 2.210 2.198 2.188 2.184 2.184 2.184 2.201 2.200 2.196 2.192 2.189 2.185 2.181 2.178 2.174 2.170 2.166 2.163 2.159 2.155 2.155 2.141 2.134 2.127 2.120 2.113 2.106 2.100 2.093 2.086 2.080 2.073 2.066 2.060 2.051 2.042 2.042 2.022 2.012 2.003 1.993 1.983 1.982 1.981 1.981 1.980 1.979 1.979 1.978 1.977 1.977 1.976 1.976 1.949 1.932 1.915 1.906 1.912 1.918 1.923 1.929 1.935 1.941 1.947 1.952 1.958 1.990 2.028 2.028 2.085 2.114
2.338 2.326 2.314 2.302 2.290 2.278 2.265 2.253 2.241 2.217 2.217 2.204 2.197 2.194 2.190 2.186 2.183 2.179 2.175 2.171 2.168 2.164 2.161 2.157 2.153 2.150 2.150 2.136 2.129 2.122 2.115 2.108 2.102 2.095 2.088 2.082 2.075 2.068 2.062 2.055 2.048 2.039 2.039 2.020 2.010 2.000 1.990 1.984 1.983 1.983 1.982 1.981 1.981 1.980 1.979 1.979 1.978 1.977 1.977 1.963 1.946 1.929 1.932 1.937 1.943 1.949 1.955 1.961 1.966 1.972 1.978 1.984 1.994 2.022 2.022 2.080 2.109
2.394 2.382 2.369 2.357 2.345 2.333 2.321 2.309 2.296 2.272 2.272 2.244 2.222 2.210 2.198 2.186 2.177 2.173 2.169 2.165 2.162 2.158 2.154 2.151 2.147 2.143 2.143 2.131 2.124 2.117 2.111 2.104 2.097 2.091 2.084 2.077 2.071 2.064 2.057 2.051 2.044 2.036 2.036 2.017 2.007 1.997 1.988 1.985 1.985 1.984 1.983 1.983 1.982 1.981 1.981 1.980 1.979 1.979 1.979 1.977 1.960 1.951 1.957 1.963 1.969 1.975 1.980 1.985 1.988 1.991 1.994 1.997 2.006 2.025 2.026 2.075 2.103
2.449 2.437 2.425 2.413 2.400 2.388 2.376 2.364 2.352 2.311 2.311 2.280 2.253 2.241 2.229 2.217 2.205 2.193 2.181 2.169 2.157 2.152 2.148 2.145 2.141 2.137 2.137 2.126 2.119 2.113 2.106 2.100 2.093 2.086 2.079 2.073 2.066 2.059 2.053 2.046 2.039 2.033 2.033 2.014 2.004 1.995 1.987 1.987 1.986 1.985 1.985 1.984 1.983 1.983 1.982 1.981 1.981 1.980 1.980 1.979 1.975 1.977 1.981 1.984 1.987 1.990 1.993 1.996 1.999 2.002 2.005 2.009 2.020 2.039 2.039 2.078 2.098
2.504 2.492 2.480 2.468 2.456 2.443 2.431 2.419 2.407 2.348 2.348 2.317 2.286 2.272 2.260 2.248 2.236 2.224 2.212 2.200 2.188 2.176 2.164 2.152 2.140 2.131 2.131 2.122 2.115 2.108 2.102 2.095 2.088 2.082 2.075 2.068 2.062 2.055 2.048 2.042 2.035 2.028 2.028 2.011 2.002 1.992 1.989 1.988 1.987 1.987 1.986 1.985 1.985 1.984 1.983 1.983 1.982 1.981 1.982 1.988 1.990 1.990 1.993 1.996 1.999 2.002 2.005 2.008 2.011 2.014 2.017 2.020 2.034 2.053 2.053 2.092 2.111
2.559 2.547 2.535 2.523 2.511 2.499 2.487 2.474 2.446 2.384 2.384 2.354 2.323 2.303 2.291 2.279 2.267 2.255 2.243 2.231 2.219 2.207 2.195 2.183 2.171 2.159 2.159 2.129 2.118 2.108 2.097 2.090 2.084 2.077 2.070 2.064 2.057 2.051 2.044 2.037 2.030 2.024 2.024 2.009 1.999 1.991 1.990 1.990 1.989 1.988 1.988 1.987 1.986 1.985 1.988 1.992 1.995 1.999 1.999 2.005 2.007 2.006 2.004 2.007 2.010 2.013 2.016 2.019 2.022 2.025 2.029 2.032 2.048 2.067 2.067 2.106 2.125
2.615 2.603 2.590 2.578 2.566 2.554 2.542 2.513 2.483 2.421 2.421 2.391 2.360 2.334 2.322 2.310 2.298 2.286 2.274 2.262 2.250 2.238 2.226 2.214 2.202 2.190 2.190 2.150 2.139 2.128 2.117 2.106 2.096 2.085 2.074 2.063 2.053 2.046 2.039 2.033 2.026 2.019 2.019 2.006 1.996 1.992 1.992 1.991 1.990 1.990 1.993 1.996 1.999 2.003 2.006 2.009 2.013 2.016 2.016 2.023 2.024 2.022 2.021 2.020 2.022 2.025 2.028 2.031 2.034 2.037 2.040 2.043 2.062 2.081 2.081 2.120 2.139
2.670 2.658 2.646 2.634 2.621 2.609 2.581 2.550 2.519 2.458 2.458 2.427 2.396 2.366 2.353 2.341 2.329 2.317 2.305 2.293 2.281 2.269 2.257 2.245 2.233 2.213 2.213 2.173 2.159 2.148 2.138 2.127 2.116 2.105 2.094 2.084 2.073 2.062 2.051 2.040 2.029 2.019 2.018 2.002 1.995 1.994 1.997 2.000 2.004 2.007 2.010 2.014 2.017 2.020 2.024 2.027 2.030 2.034 2.034 2.040 2.040 2.039 2.037 2.036 2.035 2.036 2.039 2.043 2.046 2.049 2.052 2.056 2.076 2.095 2.095 2.134 2.153
2.725 2.713 2.701 2.689 2.677 2.648 2.618 2.587 2.556 2.495 2.495 2.464 2.433 2.402 2.384 2.372 2.360 2.348 2.336 2.324 2.312 2.300 2.288 2.276 2.257 2.237 2.237 2.197 2.180 2.169 2.158 2.147 2.137 2.126 2.115 2.104 2.093 2.082 2.071 2.061 2.050 2.039 2.039 2.017 2.022 2.011 2.015 2.018 2.021 2.025 2.028 2.031 2.035 2.038 2.041 2.045 2.048 2.051 2.051 2.058 2.057 2.055 2.054 2.053 2.052 2.050 2.051 2.054 2.057 2.060 2.063 2.070 2.089 2.109 2.109 2.148 2.167
2.781 2.768 2.756 2.744 2.716 2.685 2.654 2.624 2.593 2.531 2.531 2.501 2.470 2.439 2.415 2.403 2.391 2.379 2.367 2.355 2.343 2.331 2.319 2.300 2.280 2.260 2.260 2.220 2.200 2.189 2.179 2.168 2.157 2.146 2.135 2.125 2.114 2.103 2.092 2.081 2.070 2.059 2.059 2.060 2.066 2.050 2.035 2.036 2.039 2.042 2.045 2.049 2.052 2.055 2.059 2.062 2.065 2.069 2.069 2.075 2.073 2.072 2.071 2.070 2.068 2.067 2.066 2.066 2.069 2.072 2.075 2.084 2.103 2.123 2.123 2.162 2.181
2.781 2.769 2.757 2.744 2.716 2.685 2.654 2.624 2.593 2.531 2.532 2.501 2.470 2.439 2.415 2.403 2.391 2.379 2.367 2.355 2.343 2.331 2.319 2.300 2.280 2.260 2.260 2.220 2.201 2.190 2.179 2.168 2.157 2.146 2.136 2.125 2.114 2.103 2.092 2.081 2.071 2.060 2.060 2.060 2.066 2.051 2.035 2.036 2.039 2.042 2.046 2.049 2.052 2.056 2.059 2.062 2.066 2.069 2.069 2.075 2.074 2.072 2.071 2.070 2.068 2.067 2.066 2.066 2.069 2.072 2.075 2.084 2.104 2.123 2.123 2.162 2.181
2.836 2.824 2.812 2.783 2.753 2.722 2.691 2.660 2.630 2.568 2.568 2.538 2.507 2.476 2.446 2.434 2.422 2.410 2.398 2.386 2.374 2.362 2.344 2.324 2.304 2.284 2.284 2.244 2.224 2.210 2.199 2.189 2.178 2.167 2.156 2.145 2.134 2.124 2.113 2.102 2.091 2.083 2.083 2.102 2.111 2.095 2.079 2.064 2.057 2.060 2.063 2.067 2.070 2.073 2.077 2.080 2.083 2.087 2.087 2.092 2.090 2.089 2.088 2.086 2.085 2.084 2.083 2.081 2.081 2.084 2.087 2.098 2.117 2.137 2.137 2.181 2.206
2.891 2.879 2.851 2.820 2.789 2.759 2.728 2.697 2.667 2.605 2.605 2.574 2.544 2.513 2.482 2.465 2.453 2.441 2.429 2.417 2.405 2.387 2.367 2.347 2.327 2.307 2.307 2.267 2.247 2.231 2.220 2.209 2.198 2.187 2.177 2.166 2.155 2.144 2.133 2.122 2.116 2.126 2.126 2.145 2.155 2.140 2.124 2.108 2.093 2.078 2.081 2.084 2.088 2.091 2.094 2.097 2.101 2.104 2.104 2.108 2.107 2.106 2.104 2.103 2.102 2.101 2.099 2.098 2.097 2.096 2.099 2.112 2.131 2.156 2.156 2.206 2.232
2.949 2.960 2.928 2.895 2.863 2.832 2.801 2.770 2.740 2.678 2.678 2.648 2.617 2.586 2.555 2.526 2.514 2.502 2.490 2.474 2.454 2.434 2.414 2.394 2.374 2.354 2.354 2.314 2.294 2.274 2.260 2.250 2.239 2.228 2.217 2.206 2.196 2.185 2.182 2.191 2.201 2.211 2.211 2.230 2.240 2.229 2.213 2.197 2.182 2.166 2.150 2.134 2.123 2.126 2.129 2.132 2.136 2.139 2.139 2.141 2.140 2.139 2.138 2.136 2.135 2.134 2.132 2.131 2.134 2.144 2.154 2.165 2.181 2.206 2.207 2.257 2.283
2.970 3.002 2.970 2.938 2.906 2.874 2.841 2.809 2.777 2.715 2.715 2.684 2.654 2.623 2.592 2.561 2.545 2.533 2.518 2.498 2.478 2.458 2.438 2.418 2.398 2.378 2.378 2.338 2.318 2.298 2.281 2.270 2.259 2.249 2.238 2.227 2.216 2.214 2.224 2.234 2.243 2.253 2.253 2.273 2.282 2.273 2.258 2.242 2.226 2.210 2.195 2.179 2.163 2.147 2.147 2.150 2.153 2.157 2.157 2.158 2.157 2.156 2.154 2.153 2.152 2.151 2.161 2.171 2.181 2.191 2.201 2.212 2.223 2.235 2.235 2.283 2.308
2.990 3.045 3.013 2.980 2.948 2.916 2.884 2.852 2.820 2.755 2.755 2.723 2.691 2.660 2.629 2.598 2.576 2.561 2.541 2.521 2.501 2.481 2.461 2.441 2.421 2.401 2.401 2.361 2.341 2.321 2.301 2.291 2.280 2.269 2.258 2.247 2.247 2.257 2.267 2.276 2.286 2.296 2.296 2.315 2.325 2.318 2.302 2.286 2.271 2.255 2.239 2.223 2.208 2.192 2.176 2.168 2.171 2.174 2.174 2.175 2.174 2.172 2.171 2.178 2.188 2.198 2.208 2.217 2.227 2.237 2.247 2.259 2.270 2.281 2.281 2.309 2.334
3.011 3.071 3.055 3.023 2.991 2.959 2.926 2.894 2.862 2.798 2.798 2.766 2.733 2.701 2.669 2.637 2.608 2.585 2.565 2.545 2.525 2.505 2.485 2.465 2.445 2.425 2.425 2.385 2.365 2.345 2.325 2.311 2.300 2.289 2.279 2.280 2.290 2.300 2.309 2.319 2.329 2.338 2.338 2.358 2.368 2.363 2.347 2.331 2.315 2.299 2.284 2.268 2.252 2.236 2.221 2.205 2.189 2.192 2.192 2.192 2.195 2.205 2.215 2.225 2.234 2.244 2.254 2.264 2.274 2.284 2.294 2.305 2.317 2.328 2.328 2.351 2.362
3.032 3.092 3.098 3.065 3.033 3.001 2.969 2.937 2.905 2.840 2.840 2.808 2.776 2.744 2.711 2.683 2.673 2.649 2.620 2.591 2.562 2.534 2.509 2.488 2.469 2.449 2.449 2.409 2.388 2.369 2.349 2.331 2.321 2.310 2.313 2.323 2.332 2.342 2.352 2.361 2.371 2.381 2.381 2.400 2.410 2.407 2.391 2.376 2.360 2.344 2.328 2.313 2.297 2.281 2.265 2.250 2.234 2.218 2.218 2.232 2.242 2.251 2.261 2.271 2.281 2.291 2.301 2.310 2.320 2.330 2.341 2.352 2.363 2.375 2.375 2.397 2.409
3.053 3.112 3.140 3.108 3.076 3.044 3.011 2.979 2.947 2.883 2.883 2.850 2.818 2.786 2.755 2.745 2.735 2.718 2.689 2.661 2.632 2.603 2.574 2.546 2.517 2.488 2.488 2.432 2.412 2.392 2.372 2.352 2.341 2.346 2.356 2.365 2.375 2.385 2.394 2.404 2.414 2.423 2.423 2.443 2.453 2.452 2.436 2.420 2.404 2.389 2.373 2.357 2.341 2.326 2.310 2.294 2.289 2.285 2.285 2.278 2.288 2.298 2.308 2.318 2.327 2.337 2.347 2.357 2.367 2.377 2.387 2.399 2.410 2.421 2.421 2.444 2.456
3.074 3.133 3.183 3.150 3.118 3.086 3.054 3.022 2.989 2.925 2.925 2.893 2.861 2.829 2.817 2.807 2.797 2.787 2.759 2.730 2.701 2.673 2.644 2.615 2.586 2.558 2.558 2.500 2.472 2.443 2.414 2.385 2.379 2.388 2.398 2.408 2.418 2.427 2.437 2.447 2.456 2.466 2.466 2.485 2.495 2.496 2.481 2.465 2.449 2.433 2.418 2.402 2.386 2.370 2.365 2.360 2.355 2.351 2.351 2.341 2.336 2.344 2.354 2.364 2.374 2.384 2.394 2.403 2.413 2.423 2.434 2.445 2.457 2.468 2.468 2.491 2.502
3.094 3.154 3.214 3.193 3.161 3.128 3.096 3.064 3.032 2.968 2.968 2.935 2.903 2.889 2.879 2.869 2.859 2.849 2.828 2.800 2.771 2.742 2.713 2.685 2.656 2.627 2.627 2.570 2.541 2.512 2.483 2.454 2.435 2.440 2.445 2.450 2.460 2.470 2.480 2.489 2.499 2.509 2.509 2.528 2.538 2.541 2.525 2.509 2.494 2.478 2.462 2.446 2.440 2.435 2.431 2.426 2.422 2.417 2.417 2.407 2.402 2.397 2.401 2.410 2.420 2.430 2.440 2.450 2.460 2.470 2.481 2.492 2.503 2.515 2.515 2.537 2.549
3.115 3.175 3.234 3.235 3.203 3.171 3.139 3.107 3.074 3.010 3.010 2.978 2.961 2.951 2.941 2.931 2.921 2.911 2.898 2.869 2.840 2.812 2.783 2.754 2.725 2.697 2.697 2.639 2.610 2.582 2.552 2.523 2.493 2.498 2.503 2.508 2.513 2.518 2.523 2.532 2.541 2.551 2.551 2.571 2.580 2.586 2.570 2.554 2.538 2.523 2.515 2.511 2.506 2.502 2.497 2.492 2.488 2.483 2.483 2.473 2.468 2.463 2.458 2.457 2.467 2.477 2.486 2.496 2.506 2.516 2.527 2.539 2.550 2.561 2.561 2.584 2.595
3.136 3.195 3.255 3.278 3.246 3.213 3.181 3.149 3.117 3.052 3.052 3.033 3.023 3.013 3.003 2.993 2.983 2.973 2.963 2.939 2.910 2.881 2.852 2.824 2.795 2.766 2.766 2.709 2.680 2.651 2.621 2.591 2.562 2.555 2.560 2.565 2.570 2.575 2.580 2.585 2.590 2.595 2.595 2.613 2.623 2.630 2.614 2.599 2.591 2.586 2.582 2.577 2.573 2.568 2.563 2.559 2.554 2.549 2.550 2.539 2.534 2.529 2.524 2.519 2.514 2.523 2.533 2.543 2.553 2.562 2.574 2.585 2.597 2.608 2.608 2.631 2.642
3.157 3.216 3.276 3.320 3.288 3.256 3.224 3.191 3.159 3.105 3.105 3.095 3.085 3.075 3.065 3.055 3.045 3.035 3.025 3.008 2.979 2.951 2.922 2.893 2.864 2.836 2.836 2.778 2.749 2.719 2.690 2.660 2.630 2.613 2.618 2.623 2.628 2.633 2.638 2.643 2.648 2.653 2.653 2.663 2.668 2.675 2.667 2.662 2.657 2.653 2.648 2.643 2.639 2.634 2.630 2.625 2.620 2.616 2.616 2.606 2.600 2.595 2.590 2.585 2.580 2.575 2.579 2.589 2.599 2.609 2.620 2.632 2.643 2.655 2.655 2.706 2.746
3.177 3.237 3.297 3.356 3.330 3.298 3.266 3.234 3.202 3.167 3.167 3.157 3.147 3.137 3.127 3.117 3.107 3.097 3.087 3.077 3.049 3.020 2.991 2.963 2.934 2.905 2.905 2.847 2.818 2.788 2.758 2.729 2.699 2.671 2.676 2.681 2.686 2.691 2.695 2.700 2.705 2.710 2.710 2.720 2.725 2.739 2.734 2.728 2.724 2.719 2.714 2.710 2.705 2.700 2.696 2.691 2.687 2.682 2.682 2.672 2.667 2.662 2.657 2.651 2.646 2.641 2.636 2.636 2.645 2.656 2.667 2.678 2.697 2.737 2.738 2.818 2.858
3.198 3.258 3.317 3.377 3.373 3.341 3.308 3.276 3.249 3.229 3.229 3.219 3.209 3.199 3.189 3.179 3.169 3.159 3.150 3.140 3.118 3.090 3.061 3.032 3.003 2.975 2.975 2.916 2.886 2.857 2.827 2.797 2.768 2.738 2.733 2.738 2.743 2.748 2.753 2.758 2.763 2.768 2.768 2.778 2.792 2.807 2.804 2.797 2.790 2.785 2.781 2.776 2.771 2.767 2.762 2.758 2.753 2.748 2.748 2.738 2.733 2.728 2.723 2.718 2.713 2.708 2.702 2.697 2.692 2.702 2.729 2.769 2.809 2.849 2.850 2.930 2.970
3.198 3.258 3.318 3.377 3.373 3.341 3.309 3.276 3.249 3.229 3.229 3.219 3.209 3.199 3.189 3.179 3.170 3.160 3.150 3.140 3.118 3.090 3.061 3.032 3.004 2.975 2.975 2.916 2.887 2.857 2.827 2.798 2.768 2.738 2.733 2.738 2.743 2.748 2.753 2.758 2.763 2.768 2.768 2.778 2.793 2.807 2.804 2.797 2.790 2.785 2.781 2.776 2.772 2.767 2.762 2.758 2.753 2.748 2.748 2.738 2.733 2.728 2.723 2.718 2.713 2.708 2.703 2.698 2.693 2.702 2.729 2.769 2.810 2.850 2.850 2.930 2.970
3.219 3.279 3.338 3.398 3.415 3.383 3.351 3.321 3.311 3.291 3.291 3.281 3.271 3.261 3.251 3.242 3.232 3.222 3.212 3.202 3.188 3.159 3.130 3.102 3.073 3.044 3.044 2.985 2.955 2.926 2.896 2.866 2.836 2.807 2.791 2.796 2.801 2.806 2.811 2.816 2.821 2.826 2.826 2.846 2.861 2.876 2.875 2.868 2.860 2.853 2.847 2.842 2.838 2.833 2.829 2.824 2.819 2.815 2.815 2.804 2.799 2.794 2.789 2.784 2.779 2.774 2.769 2.766 2.783 2.805 2.841 2.881 2.922 2.962 2.962 3.042 3.082
3.240 3.299 3.359 3.419 3.458 3.426 3.393 3.383 3.373 3.353 3.353 3.343 3.333 3.323 3.313 3.303 3.294 3.284 3.274 3.264 3.254 3.229 3.200 3.171 3.142 3.113 3.113 3.054 3.024 2.994 2.964 2.935 2.905 2.875 2.849 2.854 2.859 2.864 2.869 2.873 2.879 2.884 2.884 2.914 2.929 2.944 2.946 2.938 2.931 2.924 2.916 2.909 2.904 2.899 2.895 2.890 2.886 2.881 2.881 2.871 2.865 2.860 2.855 2.850 2.845 2.860 2.877 2.894 2.911 2.935 2.961 2.993 3.034 3.074 3.074 3.154 3.194
3.727 3.680 3.634 3.588 3.541 3.526 3.517 3.507 3.497 3.477 3.477 3.467 3.457 3.447 3.437 3.427 3.417 3.408 3.398 3.388 3.378 3.367 3.339 3.309 3.280 3.250 3.250 3.191 3.161 3.131 3.102 3.072 3.042 3.013 2.983 2.969 2.974 2.979 2.984 2.991 3.006 3.021 3.021 3.050 3.065 3.080 3.087 3.079 3.072 3.065 3.058 3.050 3.043 3.036 3.028 3.023 3.018 3.013 3.013 3.013 3.029 3.046 3.063 3.080 3.097 3.114 3.131 3.148 3.167 3.193 3.219 3.245 3.271 3.298 3.298 3.378 3.418
3.988 3.941 3.895 3.743 3.474 3.561 3.553 3.545 3.537 3.521 3.522 3.514 3.506 3.498 3.490 3.483 3.475 3.467 3.459 3.450 3.440 3.430 3.408 3.378 3.348 3.319 3.319 3.259 3.230 3.200 3.170 3.141 3.111 3.081 3.051 3.026 3.031 3.036 3.044 3.059 3.074 3.089 3.089 3.119 3.133 3.148 3.157 3.150 3.143 3.135 3.128 3.121 3.114 3.106 3.099 3.092 3.093 3.106 3.106 3.140 3.157 3.174 3.191 3.207 3.224 3.241 3.258 3.275 3.296 3.322 3.348 3.374 3.400 3.426 3.426 3.490 3.530
4.249 4.147 3.878 3.609 3.401 3.514 3.585 3.577 3.569 3.553 3.553 3.546 3.538 3.530 3.522 3.514 3.507 3.499 3.491 3.483 3.475 3.473 3.615 3.560 3.505 3.450 3.450 3.340 3.298 3.268 3.239 3.209 3.179 3.150 3.120 3.090 3.089 3.097 3.112 3.127 3.142 3.157 3.157 3.187 3.202 3.216 3.228 3.220 3.213 3.206 3.199 3.191 3.184 3.177 3.220 3.292 3.321 3.248 3.248 3.267 3.284 3.301 3.318 3.335 3.352 3.368 3.385 3.402 3.425 3.451 3.477 3.504 3.530 3.556 3.556 3.608 3.642
