includes/camargue/floodfiles/results_R2_t1.562344511003E12/res-0001.wdfp
ncols         906
nrows         631
xllcorner     362177.146667
yllcorner     6534725.688020
cellsize      20.000000
NODATA_value  -9999.000000
[rows 442 to 475 of 631, columns 539 to 615 of 906]
0.000 0.000 0.000 0.000 0.000 0.000 0.000 0.000 0.000 0.000 0.000 0.000 0.000 0.000 0.005 0.000 0.000 0.000 0.005 0.042 0.167 0.293 0.272 0.232 0.231 0.410 0.404 0.322 0.368 0.312 0.467 0.481 0.524 0.527 0.580 0.483 0.617 0.530 0.494 0.589 0.612 0.645 1.069 0.601 0.623 0.535 0.558 0.591 0.584 0.586 0.609 0.692 0.674 0.686 1.203 1.207 1.211 1.216 1.219 1.223 1.226 1.230 1.233 1.243 1.255 1.256 1.300 1.319 1.329 1.338 1.347 1.357 1.366 1.375 1.384 1.394 1.403
0.000 0.000 0.000 0.000 0.000 0.000 0.000 0.000 0.000 0.000 0.000 0.000 0.000 0.000 0.082 0.000 0.000 0.013 0.011 0.056 0.172 0.299 0.280 0.240 0.239 0.416 0.409 0.326 0.371 0.316 0.471 0.484 0.528 0.530 0.583 0.487 0.621 0.535 0.499 0.593 0.616 0.649 1.071 0.605 0.627 0.540 0.562 0.595 0.587 0.589 0.612 0.695 0.676 0.689 1.205 1.208 1.212 1.216 1.220 1.223 1.227 1.230 1.234 1.243 1.255 1.256 1.300 1.320 1.329 1.338 1.348 1.357 1.366 1.375 1.385 1.394 1.403
0.000 0.000 0.000 0.000 0.000 0.000 0.000 0.000 0.000 0.000 0.000 0.000 0.000 0.000 0.150 0.197 0.275 0.313 0.296 0.180 0.243 0.178 0.455 0.300 0.326 0.492 0.465 0.351 0.486 0.460 0.394 0.578 0.501 0.504 0.478 0.633 0.626 0.620 1.007 0.547 0.590 0.663 1.070 0.579 0.622 0.644 0.547 1.150 1.164 1.165 0.675 1.191 0.699 0.680 1.203 1.206 1.210 1.213 1.217 1.220 1.224 1.229 1.241 1.253 1.265 1.266 1.309 1.334 1.359 1.373 1.382 1.392 1.401 1.410 1.419 1.429 1.438
0.000 0.000 0.000 0.000 0.000 0.000 0.000 0.000 0.000 0.000 0.000 0.000 0.000 0.000 0.000 0.000 0.016 0.033 0.459 0.177 0.147 0.242 0.411 0.436 0.301 0.446 0.430 0.446 0.469 0.393 0.388 0.462 0.496 0.499 0.554 0.567 0.521 0.614 0.618 0.541 0.585 0.628 0.631 1.091 1.105 0.659 0.651 0.642 0.664 0.665 0.697 1.189 1.193 0.682 1.200 1.203 1.207 1.210 1.214 1.217 1.226 1.238 1.251 1.263 1.275 1.276 1.318 1.343 1.368 1.392 1.417 1.426 1.436 1.445 1.454 1.463 1.473
0.000 0.000 0.000 0.000 0.000 0.000 0.000 0.000 0.000 0.000 0.000 0.000 0.000 0.000 0.000 0.003 0.242 0.247 0.506 0.266 0.180 0.401 0.506 0.490 0.575 0.460 0.355 0.511 0.543 0.448 0.603 0.486 0.460 0.464 0.578 0.572 0.586 0.609 0.672 0.627 0.681 1.054 0.675 1.084 1.098 1.113 1.129 1.143 0.696 0.698 1.180 1.183 1.187 1.191 1.194 1.197 1.201 1.209 1.221 1.233 1.245 1.257 1.270 1.282 1.294 1.295 1.336 1.361 1.385 1.410 1.435 1.459 1.484 1.508 1.523 1.533 1.542
0.000 0.000 0.000 0.000 0.000 0.000 0.000 0.000 0.000 0.000 0.000 0.000 0.000 0.000 0.001 0.084 0.019 0.045 0.530 0.161 0.356 0.463 0.438 0.524 0.400 0.556 0.541 0.544 0.537 0.392 0.537 0.511 0.635 0.638 1.005 0.566 0.630 0.603 1.040 0.601 1.058 1.064 1.070 1.081 1.095 0.653 1.126 1.140 1.155 1.156 1.177 1.181 1.184 1.188 1.191 1.194 1.206 1.219 1.231 1.243 1.255 1.267 1.279 1.291 1.304 1.305 1.345 1.370 1.394 1.419 1.443 1.468 1.492 1.517 1.542 1.566 1.576
0.000 0.000 0.000 0.000 0.000 0.000 0.000 0.000 0.000 0.000 0.000 0.000 0.000 0.003 0.030 0.078 0.131 0.154 0.265 0.624 0.654 0.315 0.392 0.488 0.484 0.500 0.514 0.568 0.602 0.526 0.450 0.604 0.488 0.492 0.546 0.581 0.624 0.627 0.571 1.066 1.071 0.687 0.629 1.091 1.096 0.684 1.123 1.137 1.151 1.152 1.175 1.178 1.181 1.185 1.192 1.204 1.216 1.229 1.241 1.253 1.265 1.277 1.289 1.301 1.313 1.314 1.354 1.379 1.403 1.428 1.452 1.477 1.501 1.526 1.550 1.575 1.599
0.000 0.000 0.000 0.000 0.000 0.000 0.000 0.000 0.000 0.000 0.000 0.000 0.000 0.000 0.081 0.195 0.210 0.231 0.399 0.151 0.677 0.708 0.739 0.412 0.458 0.832 0.857 0.562 0.556 0.630 0.614 0.458 0.512 0.516 0.521 1.049 0.679 0.651 0.674 1.079 1.085 1.091 1.098 1.104 1.110 1.116 1.123 1.134 1.148 1.149 1.172 1.175 1.179 1.190 1.202 1.214 1.226 1.238 1.251 1.263 1.275 1.287 1.299 1.311 1.323 1.324 1.363 1.388 1.412 1.437 1.461 1.486 1.510 1.535 1.559 1.584 1.608
0.000 0.000 0.000 0.000 0.000 0.000 0.000 0.000 0.000 0.000 0.000 0.000 0.000 0.249 0.164 0.248 0.167 0.188 0.329 0.352 0.343 0.371 0.762 0.476 0.522 0.568 0.611 0.526 0.640 0.653 0.597 0.582 0.526 0.530 0.576 0.609 1.074 1.080 1.086 1.092 1.098 0.651 1.111 1.117 1.123 0.676 1.136 1.142 1.148 1.149 1.169 1.175 1.187 1.200 1.212 1.224 1.236 1.248 1.260 1.273 1.285 1.297 1.309 1.321 1.333 1.333 1.372 1.397 1.421 1.446 1.470 1.495 1.519 1.543 1.568 1.592 1.617
0.000 0.000 0.000 0.000 0.000 0.000 0.000 0.000 0.000 0.000 0.000 0.000 0.000 0.041 0.086 0.172 0.238 0.255 0.323 0.384 0.343 0.234 0.784 0.813 0.475 0.592 0.576 0.910 0.930 0.567 0.532 0.635 0.450 0.455 1.068 1.080 1.086 1.093 1.099 1.106 1.112 1.118 1.124 1.130 1.136 1.143 1.149 1.154 1.160 1.161 1.174 1.185 1.197 1.210 1.222 1.234 1.246 1.258 1.270 1.282 1.294 1.307 1.319 1.330 1.342 1.343 1.381 1.406 1.430 1.454 1.479 1.503 1.528 1.552 1.577 1.601 1.625
0.000 0.000 0.000 0.000 0.000 0.000 0.000 0.000 0.000 0.000 0.000 0.000 0.000 0.110 0.191 0.164 0.206 0.221 0.508 0.426 0.406 0.537 0.386 0.828 0.499 0.575 0.901 0.585 0.588 0.593 0.636 0.540 0.626 0.629 0.652 0.634 0.656 1.106 0.689 1.119 1.125 1.131 1.137 1.143 1.149 1.155 1.161 1.167 1.173 1.174 1.191 1.200 1.208 1.219 1.232 1.244 1.256 1.268 1.280 1.292 1.304 1.316 1.328 1.340 1.352 1.353 1.390 1.415 1.439 1.463 1.488 1.512 1.537 1.561 1.585 1.610 1.634
0.000 0.000 0.000 0.000 0.000 0.000 0.000 0.000 0.000 0.000 0.000 0.000 0.000 0.001 0.190 0.136 0.233 0.242 0.439 0.379 0.349 0.411 0.550 0.545 0.868 0.471 0.487 0.571 0.584 0.667 0.660 1.028 0.619 0.622 0.644 1.107 0.687 1.120 1.126 1.132 1.138 1.144 1.150 1.156 1.162 1.168 1.174 1.181 1.189 1.190 1.207 1.216 1.225 1.234 1.242 1.253 1.266 1.278 1.290 1.302 1.314 1.326 1.338 1.350 1.362 1.362 1.399 1.424 1.448 1.472 1.497 1.521 1.545 1.570 1.594 1.618 1.643
0.000 0.000 0.000 0.000 0.000 0.000 0.000 0.000 0.000 0.000 0.000 0.000 0.000 0.000 0.174 0.186 0.298 0.306 0.290 0.342 0.284 0.386 0.463 0.401 0.460 0.916 0.938 0.958 0.978 0.651 0.624 0.597 1.066 1.067 1.105 1.120 0.549 0.650 1.139 1.145 1.151 1.157 1.163 1.169 1.175 1.181 1.188 1.197 1.206 1.207 1.224 1.233 1.242 1.250 1.259 1.268 1.276 1.287 1.299 1.311 1.323 1.335 1.347 1.359 1.371 1.372 1.408 1.432 1.457 1.481 1.505 1.530 1.554 1.578 1.603 1.627 1.652
0.000 0.000 0.000 0.000 0.000 0.000 0.000 0.000 0.000 0.000 0.000 0.000 0.000 0.015 0.141 0.272 0.229 0.237 0.252 0.418 0.378 0.479 0.446 0.496 0.444 0.403 0.952 0.972 0.642 0.614 1.034 0.560 1.078 1.079 0.647 1.134 1.140 1.146 0.673 1.159 1.164 1.170 1.176 1.182 1.188 1.196 1.205 1.214 1.223 1.224 1.241 1.249 1.258 1.267 1.275 1.284 1.293 1.301 1.310 1.321 1.333 1.345 1.357 1.369 1.381 1.381 1.417 1.441 1.466 1.490 1.514 1.539 1.563 1.587 1.612 1.636 1.661
0.000 0.000 0.000 0.000 0.000 0.000 0.000 0.000 0.000 0.000 0.000 0.002 0.118 0.135 0.174 0.615 0.648 0.652 0.245 0.764 0.312 0.561 0.351 0.412 0.520 0.476 0.965 0.986 1.007 1.027 0.669 0.682 1.089 1.091 1.130 1.147 1.153 0.643 1.166 1.172 1.177 1.183 1.188 1.195 1.204 1.213 1.222 1.231 1.240 1.240 1.257 1.266 1.275 1.283 1.292 1.300 1.309 1.318 1.326 1.335 1.343 1.355 1.367 1.378 1.390 1.391 1.426 1.450 1.474 1.499 1.523 1.548 1.572 1.596 1.621 1.645 1.670
0.000 0.000 0.000 0.000 0.000 0.000 0.000 0.000 0.000 0.000 0.000 0.058 0.115 0.204 0.305 0.261 0.304 0.311 0.153 0.219 0.609 0.316 0.870 0.407 0.494 0.569 0.483 1.000 1.020 1.040 1.060 1.080 0.627 0.629 1.142 1.160 1.166 1.173 1.178 1.184 1.190 1.195 1.203 1.212 1.221 1.230 1.238 1.247 1.256 1.257 1.274 1.283 1.291 1.300 1.308 1.317 1.325 1.334 1.343 1.351 1.360 1.368 1.377 1.388 1.400 1.400 1.435 1.459 1.483 1.508 1.532 1.556 1.581 1.605 1.630 1.654 1.679
0.000 0.000 0.000 0.000 0.000 0.000 0.000 0.000 0.000 0.000 0.001 0.028 0.177 0.232 0.258 0.203 0.292 0.304 0.365 0.356 0.373 0.379 0.242 0.505 0.579 0.562 0.990 1.012 1.032 1.052 0.673 0.686 1.116 1.117 1.154 1.173 1.179 1.185 1.191 1.197 1.202 1.210 1.219 1.228 1.237 1.246 1.255 1.264 1.273 1.274 1.290 1.299 1.308 1.316 1.325 1.333 1.342 1.350 1.359 1.367 1.376 1.384 1.393 1.401 1.410 1.410 1.443 1.468 1.492 1.517 1.541 1.565 1.590 1.614 1.639 1.663 1.688
0.000 0.000 0.000 0.000 0.000 0.000 0.000 0.000 0.000 0.000 0.003 0.044 0.186 0.237 0.262 0.207 0.298 0.312 0.370 0.360 0.377 0.384 0.246 0.507 0.581 0.564 0.991 1.013 1.034 1.054 0.675 0.688 1.116 1.117 1.155 1.174 1.180 1.186 1.192 1.197 1.203 1.211 1.220 1.229 1.238 1.247 1.256 1.265 1.273 1.274 1.291 1.300 1.308 1.316 1.325 1.334 1.342 1.351 1.359 1.368 1.376 1.385 1.393 1.401 1.410 1.410 1.443 1.468 1.492 1.517 1.541 1.566 1.590 1.614 1.639 1.663 1.688
0.000 0.000 0.000 0.000 0.000 0.000 0.000 0.000 0.000 0.000 0.010 0.159 0.249 0.264 0.234 0.173 0.181 0.195 0.409 0.375 0.414 0.382 0.412 0.408 0.949 0.666 0.996 0.572 1.044 1.066 1.088 1.108 1.127 1.128 1.166 1.186 1.193 1.199 1.204 1.210 1.219 1.228 1.237 1.246 1.255 1.263 1.272 1.281 1.290 1.291 1.307 1.316 1.325 1.333 1.342 1.350 1.358 1.367 1.376 1.384 1.392 1.401 1.409 1.418 1.426 1.427 1.453 1.477 1.501 1.526 1.550 1.575 1.599 1.623 1.648 1.672 1.696
0.000 0.000 0.000 0.000 0.000 0.000 0.000 0.000 0.000 0.008 0.134 0.150 0.125 0.130 0.140 0.113 0.273 0.279 0.365 0.312 0.401 0.499 0.534 0.440 0.954 0.977 0.591 0.634 1.050 1.073 1.095 1.118 1.139 1.140 1.178 1.197 1.206 1.211 1.218 1.227 1.236 1.245 1.253 1.262 1.271 1.280 1.289 1.298 1.307 1.307 1.324 1.333 1.341 1.349 1.358 1.366 1.375 1.383 1.392 1.400 1.409 1.417 1.425 1.434 1.442 1.443 1.468 1.490 1.511 1.535 1.559 1.584 1.608 1.632 1.657 1.681 1.705
0.000 0.000 0.000 0.000 0.000 0.000 0.000 0.000 0.000 0.000 0.009 0.115 0.274 0.160 0.334 0.584 0.419 0.424 0.351 0.389 0.416 0.412 0.488 0.582 0.496 0.420 0.675 1.039 1.061 1.083 1.105 1.127 0.573 0.574 1.196 1.218 1.234 1.242 1.251 1.260 1.269 1.277 1.286 1.295 1.304 1.313 1.321 1.330 1.339 1.340 1.357 1.365 1.373 1.382 1.390 1.399 1.407 1.416 1.424 1.432 1.441 1.449 1.458 1.466 1.474 1.475 1.497 1.519 1.541 1.563 1.584 1.606 1.628 1.650 1.675 1.699 1.723
0.000 0.000 0.000 0.000 0.000 0.000 0.000 0.000 0.000 0.014 0.041 0.395 0.221 0.294 0.278 0.317 0.374 0.378 0.375 0.333 0.560 0.435 0.530 0.523 0.478 0.572 1.021 1.044 1.066 1.088 1.111 1.134 1.157 1.158 1.201 1.225 1.242 1.255 1.268 1.277 1.285 1.294 1.303 1.312 1.321 1.329 1.338 1.347 1.355 1.356 1.373 1.382 1.390 1.398 1.407 1.415 1.423 1.432 1.440 1.448 1.457 1.465 1.474 1.482 1.490 1.491 1.512 1.534 1.556 1.577 1.599 1.621 1.642 1.664 1.686 1.708 1.732
0.000 0.000 0.000 0.000 0.000 0.000 0.000 0.000 0.000 0.000 0.004 0.204 0.272 0.162 0.334 0.320 0.448 0.452 0.381 0.408 0.454 0.468 0.552 0.456 0.630 0.434 0.667 1.049 1.071 0.681 1.117 1.139 1.162 1.163 1.208 1.232 1.250 1.263 1.276 1.288 1.301 1.311 1.320 1.328 1.337 1.346 1.355 1.363 1.372 1.373 1.389 1.398 1.406 1.415 1.423 1.431 1.440 1.448 1.456 1.465 1.473 1.481 1.490 1.498 1.506 1.507 1.527 1.549 1.570 1.592 1.614 1.635 1.657 1.679 1.700 1.722 1.744
0.000 0.000 0.000 0.000 0.000 0.000 0.000 0.000 0.007 0.079 0.284 0.201 0.332 0.390 0.336 0.393 0.303 0.309 0.447 0.422 0.467 0.511 0.585 0.569 0.983 0.515 0.568 1.055 1.077 1.100 1.123 1.145 1.168 1.169 1.215 1.239 1.258 1.271 1.284 1.296 1.309 1.322 1.334 1.345 1.354 1.362 1.371 1.380 1.388 1.389 1.406 1.414 1.423 1.431 1.439 1.448 1.456 1.464 1.473 1.481 1.489 1.497 1.506 1.514 1.522 1.523 1.542 1.563 1.585 1.607 1.628 1.650 1.672 1.694 1.715 1.737 1.758
0.000 0.000 0.000 0.000 0.000 0.000 0.000 0.000 0.147 0.203 0.183 0.213 0.285 0.303 0.310 0.241 0.401 0.406 0.571 0.406 0.511 0.614 0.467 0.621 0.604 0.647 0.509 0.461 1.083 1.105 1.128 1.152 1.175 1.176 1.222 1.246 1.267 1.279 1.292 1.304 1.317 1.330 1.342 1.355 1.368 1.379 1.387 1.396 1.405 1.406 1.422 1.431 1.439 1.447 1.456 1.464 1.472 1.480 1.489 1.497 1.505 1.514 1.522 1.530 1.538 1.539 1.556 1.578 1.600 1.621 1.643 1.665 1.687 1.708 1.730 1.752 1.773
0.000 0.000 0.000 0.000 0.000 0.000 0.000 0.005 0.000 0.096 0.077 0.325 0.222 0.309 0.248 0.309 0.384 0.389 0.435 0.530 0.564 0.566 0.500 0.553 0.997 1.020 0.600 0.552 1.088 1.111 1.135 1.159 1.182 1.183 1.229 1.253 1.275 1.287 1.300 1.312 1.325 1.338 1.350 1.363 1.376 1.388 1.401 1.413 1.421 1.422 1.439 1.447 1.455 1.463 1.472 1.480 1.488 1.497 1.505 1.513 1.521 1.530 1.538 1.546 1.555 1.555 1.571 1.593 1.614 1.636 1.658 1.679 1.701 1.723 1.745 1.766 1.788
0.000 0.000 0.000 0.000 0.000 0.000 0.004 0.028 0.076 0.167 0.303 0.210 0.249 0.218 0.236 0.373 0.348 0.353 0.519 0.483 0.637 0.539 0.542 0.615 0.558 1.026 1.048 0.653 0.555 0.656 1.143 1.166 1.190 1.190 1.236 1.260 1.283 1.295 1.308 1.320 1.333 1.346 1.358 1.371 1.383 1.396 1.409 1.421 1.434 1.435 1.455 1.463 1.472 1.480 1.488 1.496 1.505 1.513 1.521 1.529 1.538 1.546 1.554 1.562 1.571 1.571 1.587 1.607 1.629 1.651 1.672 1.694 1.716 1.737 1.759 1.781 1.803
0.000 0.000 0.000 0.000 0.000 0.000 0.000 0.024 0.122 0.192 0.286 0.354 0.216 0.307 0.392 0.306 0.412 0.416 0.441 0.455 0.911 0.682 0.674 0.557 1.009 1.031 0.692 0.554 1.104 1.127 1.150 1.174 1.197 1.197 1.243 1.267 1.290 1.303 1.316 1.328 1.341 1.353 1.366 1.379 1.391 1.404 1.417 1.429 1.442 1.442 1.467 1.479 1.488 1.496 1.504 1.513 1.521 1.529 1.537 1.546 1.554 1.562 1.570 1.578 1.587 1.587 1.603 1.622 1.644 1.665 1.687 1.709 1.730 1.752 1.774 1.796 1.825
0.000 0.000 0.000 0.000 0.000 0.003 0.045 0.215 0.155 0.178 0.174 0.216 0.377 0.341 0.345 0.590 0.315 0.320 0.485 0.588 0.491 0.584 0.967 0.589 0.631 1.037 0.674 0.696 1.111 1.134 1.158 1.181 1.204 1.204 1.251 1.274 1.298 1.311 1.324 1.336 1.349 1.361 1.374 1.387 1.399 1.412 1.424 1.437 1.449 1.450 1.474 1.493 1.505 1.512 1.520 1.529 1.537 1.545 1.553 1.562 1.570 1.578 1.586 1.594 1.602 1.603 1.619 1.637 1.658 1.680 1.702 1.723 1.745 1.767 1.789 1.825 1.872
0.000 0.000 0.000 0.000 0.000 0.028 0.092 0.192 0.250 0.103 0.220 0.275 0.420 0.305 0.360 0.315 0.410 0.414 0.458 0.481 0.584 0.546 0.609 0.641 0.683 1.045 0.686 0.637 1.118 1.141 1.165 1.188 1.211 1.212 1.258 1.281 1.305 1.319 1.332 1.344 1.357 1.369 1.382 1.394 1.407 1.419 1.432 1.445 1.457 1.458 1.490 1.509 1.522 1.530 1.538 1.545 1.553 1.561 1.569 1.578 1.586 1.594 1.602 1.610 1.619 1.619 1.635 1.652 1.673 1.695 1.717 1.738 1.760 1.781 1.825 1.872 1.919
0.000 0.000 0.002 0.133 0.209 0.040 0.216 0.170 0.110 0.323 0.326 0.310 0.314 0.289 0.414 0.399 0.423 0.427 0.480 0.503 0.506 0.529 0.982 1.005 0.665 1.054 1.078 1.101 1.125 1.148 1.172 1.195 1.218 1.219 1.265 1.288 1.311 1.327 1.340 1.352 1.365 1.377 1.390 1.402 1.415 1.427 1.440 1.452 1.467 1.468 1.506 1.525 1.540 1.547 1.555 1.563 1.570 1.578 1.586 1.594 1.602 1.610 1.618 1.626 1.635 1.635 1.651 1.666 1.688 1.710 1.731 1.753 1.779 1.825 1.873 1.919 1.966
0.034 0.039 0.060 0.148 0.200 0.259 0.122 0.222 0.245 0.195 0.281 0.325 0.480 0.462 0.377 0.492 0.576 0.579 0.552 0.446 0.499 0.591 0.693 1.013 1.037 1.061 1.085 1.108 1.132 1.155 1.178 1.202 1.225 1.226 1.272 1.295 1.318 1.335 1.347 1.360 1.372 1.385 1.397 1.410 1.422 1.435 1.448 1.464 1.483 1.484 1.522 1.541 1.557 1.565 1.572 1.580 1.588 1.595 1.603 1.610 1.618 1.626 1.634 1.642 1.651 1.651 1.667 1.681 1.703 1.724 1.746 1.779 1.826 1.873 1.920 1.967 2.013
0.096 0.102 0.047 0.187 0.212 0.160 0.241 0.219 0.262 0.321 0.315 0.268 0.403 0.306 0.410 0.325 0.459 0.462 0.436 0.670 0.975 0.693 0.997 1.020 1.044 1.068 1.092 1.115 1.138 1.162 1.185 1.209 1.232 1.233 1.279 1.302 1.325 1.343 1.355 1.368 1.380 1.393 1.405 1.418 1.430 1.443 1.461 1.480 1.499 1.500 1.538 1.557 1.574 1.582 1.590 1.597 1.605 1.613 1.620 1.628 1.635 1.643 1.651 1.658 1.667 1.667 1.683 1.696 1.717 1.739 1.779 1.826 1.873 1.920 1.967 2.014 2.061
0.113 0.123 0.370 0.110 0.140 0.154 0.221 0.151 0.252 0.276 0.310 0.244 0.348 0.482 0.225 0.361 0.333 0.336 0.581 0.632 0.613 0.604 0.606 1.030 1.053 1.075 1.099 1.122 1.146 1.169 1.192 1.216 1.239 1.239 1.286 1.309 1.332 1.351 1.363 1.376 1.388 1.401 1.413 1.426 1.438 1.458 1.477 1.496 1.516 1.516 1.554 1.573 1.592 1.599 1.607 1.615 1.622 1.630 1.638 1.645 1.653 1.660 1.668 1.676 1.683 1.684 1.699 1.711 1.733 1.780 1.827 1.874 1.920 1.967 2.014 2.061 2.108
