includes/camargue/floodfiles/results_R2_t1.562344511003E12/res-0010.wd
ncols         906
nrows         631
xllcorner     362177.146667
yllcorner     6534725.688020
cellsize      20.000000
NODATA_value  -9999.000000
[rows 578 to 611 of 631, columns 539 to 615 of 906]
1.851 1.851 1.809 1.766 1.724 1.682 1.649 1.681 1.713 1.745 1.777 1.809 1.841 1.873 1.905 1.920 1.918 1.919 1.916 1.914 1.913 1.930 1.955 1.981 2.006 2.032 2.023 2.001 1.980 1.959 1.938 1.916 1.895 1.896 1.853 1.832 1.810 1.834 1.858 1.882 1.906 1.930 1.954 1.978 2.002 2.018 2.025 2.031 2.038 2.038 2.051 2.058 2.098 2.209 2.319 2.429 2.539 2.649 2.759 2.869 2.979 3.089 3.199 3.309 3.419 3.419 3.542 3.563 3.586 3.609 3.632 3.655 3.678 3.702 3.725 3.748 3.771
2.043 2.043 2.000 1.958 1.916 1.873 1.846 1.878 1.910 1.942 1.974 2.006 2.038 2.051 2.050 2.048 2.047 2.047 2.044 2.042 2.041 2.061 2.087 2.112 2.137 2.163 2.188 2.205 2.184 2.162 2.141 2.120 2.099 2.099 2.056 2.035 2.014 2.035 2.059 2.083 2.107 2.131 2.155 2.179 2.193 2.199 2.206 2.212 2.219 2.219 2.232 2.239 2.256 2.366 2.476 2.586 2.696 2.807 2.916 3.027 3.137 3.247 3.357 3.467 3.561 3.561 3.610 3.631 3.651 3.671 3.691 3.714 3.738 3.761 3.784 3.807 3.830
2.179 2.179 2.191 2.150 2.108 2.065 2.044 2.076 2.108 2.140 2.171 2.182 2.181 2.179 2.178 2.176 2.175 2.175 2.172 2.171 2.169 2.193 2.218 2.243 2.269 2.294 2.319 2.345 2.370 2.366 2.345 2.323 2.302 2.303 2.260 2.239 2.217 2.236 2.260 2.284 2.308 2.332 2.356 2.367 2.374 2.380 2.387 2.393 2.400 2.401 2.413 2.420 2.426 2.524 2.634 2.744 2.854 2.964 3.074 3.184 3.294 3.404 3.514 3.603 3.628 3.628 3.679 3.699 3.719 3.739 3.759 3.779 3.799 3.820 3.843 3.866 3.889
2.290 2.290 2.301 2.313 2.299 2.257 2.241 2.273 2.305 2.313 2.312 2.310 2.309 2.308 2.306 2.305 2.303 2.304 2.300 2.299 2.299 2.324 2.349 2.375 2.400 2.425 2.451 2.476 2.501 2.527 2.548 2.527 2.506 2.506 2.463 2.442 2.421 2.437 2.461 2.485 2.509 2.533 2.542 2.549 2.555 2.562 2.568 2.575 2.581 2.582 2.594 2.601 2.607 2.681 2.792 2.902 3.012 3.122 3.232 3.342 3.452 3.562 3.644 3.670 3.695 3.696 3.747 3.767 3.787 3.808 3.828 3.848 3.868 3.888 3.908 3.928 3.948
2.400 2.400 2.412 2.423 2.435 2.447 2.438 2.445 2.443 2.442 2.440 2.439 2.437 2.436 2.434 2.433 2.431 2.432 2.428 2.427 2.430 2.455 2.481 2.506 2.531 2.557 2.582 2.607 2.633 2.658 2.683 2.709 2.709 2.710 2.667 2.645 2.624 2.638 2.662 2.686 2.710 2.717 2.723 2.730 2.736 2.743 2.749 2.756 2.762 2.763 2.775 2.782 2.788 2.839 2.949 3.059 3.169 3.280 3.390 3.500 3.610 3.685 3.711 3.737 3.763 3.763 3.814 3.836 3.856 3.876 3.896 3.916 3.936 3.956 3.976 3.996 4.016
2.510 2.511 2.522 2.534 2.545 2.527 2.547 2.573 2.572 2.570 2.569 2.567 2.565 2.564 2.562 2.561 2.560 2.560 2.557 2.555 2.561 2.586 2.612 2.637 2.663 2.688 2.713 2.739 2.764 2.789 2.815 2.840 2.865 2.866 2.870 2.849 2.828 2.839 2.863 2.885 2.891 2.898 2.904 2.911 2.918 2.924 2.931 2.937 2.944 2.944 2.957 2.963 2.969 2.997 3.107 3.217 3.327 3.437 3.547 3.657 3.727 3.753 3.778 3.804 3.830 3.830 3.881 3.904 3.924 3.944 3.964 3.984 4.005 4.025 4.045 4.065 4.085
2.621 2.621 2.632 2.610 2.588 2.565 2.595 2.651 2.700 2.698 2.697 2.695 2.694 2.692 2.691 2.689 2.688 2.688 2.685 2.683 2.692 2.718 2.743 2.768 2.794 2.819 2.844 2.870 2.895 2.921 2.946 2.971 2.997 2.997 3.047 3.052 3.031 3.041 3.060 3.066 3.073 3.079 3.086 3.092 3.099 3.105 3.112 3.118 3.125 3.125 3.138 3.144 3.151 3.157 3.265 3.375 3.485 3.595 3.705 3.768 3.794 3.820 3.846 3.871 3.897 3.897 3.948 3.973 3.993 4.013 4.033 4.053 4.073 4.093 4.113 4.133 4.153
2.692 2.693 2.670 2.648 2.626 2.603 2.643 2.699 2.755 2.811 2.825 2.824 2.822 2.820 2.819 2.818 2.816 2.816 2.813 2.812 2.824 2.849 2.874 2.900 2.925 2.950 2.976 3.001 3.026 3.052 3.077 3.102 3.128 3.128 3.179 3.204 3.229 3.234 3.241 3.247 3.254 3.260 3.267 3.274 3.280 3.287 3.293 3.299 3.306 3.306 3.319 3.325 3.332 3.338 3.422 3.533 3.643 3.753 3.810 3.836 3.861 3.887 3.913 3.938 3.964 3.965 4.016 4.041 4.061 4.081 4.101 4.121 4.141 4.161 4.181 4.201 4.221
2.730 2.731 2.708 2.686 2.664 2.641 2.690 2.746 2.802 2.859 2.915 2.952 2.950 2.949 2.947 2.946 2.944 2.945 2.941 2.940 2.955 2.980 3.006 3.031 3.056 3.082 3.107 3.132 3.158 3.183 3.208 3.234 3.259 3.259 3.310 3.284 3.248 3.340 3.364 3.389 3.413 3.438 3.448 3.455 3.461 3.468 3.474 3.481 3.487 3.488 3.500 3.507 3.513 3.519 3.580 3.690 3.800 3.851 3.877 3.903 3.929 3.954 3.980 4.006 4.031 4.032 4.083 4.109 4.130 4.150 4.170 4.190 4.210 4.230 4.250 4.270 4.261
2.768 2.769 2.746 2.724 2.702 2.682 2.738 2.794 2.850 2.906 2.962 3.018 3.074 3.077 3.075 3.074 3.072 3.073 3.069 3.068 3.086 3.112 3.137 3.162 3.188 3.213 3.238 3.263 3.289 3.314 3.340 3.365 3.358 3.358 3.287 3.251 3.255 3.373 3.440 3.465 3.489 3.514 3.538 3.563 3.587 3.611 3.636 3.660 3.669 3.669 3.681 3.688 3.694 3.701 3.738 3.848 3.893 3.919 3.944 3.970 3.996 4.022 4.047 4.073 4.099 4.099 4.150 4.176 4.198 4.218 4.238 4.258 4.278 4.298 4.315 4.306 4.298
2.768 2.768 2.746 2.724 2.701 2.682 2.738 2.794 2.850 2.906 2.962 3.018 3.074 3.077 3.075 3.074 3.072 3.073 3.069 3.068 3.086 3.111 3.137 3.162 3.187 3.213 3.238 3.263 3.289 3.314 3.339 3.364 3.357 3.358 3.286 3.251 3.254 3.373 3.440 3.464 3.489 3.513 3.538 3.562 3.587 3.611 3.635 3.660 3.668 3.668 3.681 3.687 3.694 3.700 3.738 3.848 3.892 3.918 3.944 3.970 3.995 4.021 4.047 4.072 4.098 4.098 4.149 4.175 4.197 4.217 4.238 4.258 4.278 4.298 4.314 4.306 4.298
2.806 2.806 2.784 2.762 2.739 2.729 2.785 2.842 2.898 2.954 3.010 3.066 3.122 3.178 3.203 3.202 3.200 3.201 3.197 3.196 3.217 3.243 3.268 3.293 3.318 3.344 3.369 3.394 3.420 3.432 3.396 3.361 3.325 3.326 3.254 3.219 3.275 3.394 3.513 3.541 3.565 3.590 3.614 3.638 3.663 3.687 3.712 3.736 3.760 3.761 3.809 3.833 3.858 3.881 3.895 3.934 3.959 3.985 4.011 4.037 4.063 4.088 4.114 4.140 4.165 4.166 4.217 4.242 4.266 4.286 4.306 4.326 4.346 4.359 4.351 4.343 4.334
2.844 2.844 2.822 2.800 2.777 2.777 2.833 2.889 2.945 3.001 3.057 3.113 3.169 3.225 3.281 3.330 3.329 3.329 3.326 3.324 3.349 3.374 3.399 3.424 3.450 3.475 3.500 3.470 3.435 3.399 3.364 3.328 3.293 3.293 3.222 3.187 3.296 3.415 3.534 3.617 3.641 3.666 3.690 3.714 3.739 3.763 3.788 3.812 3.836 3.837 3.885 3.909 3.934 3.958 3.981 4.004 4.029 4.053 4.078 4.104 4.130 4.155 4.181 4.207 4.233 4.233 4.284 4.310 4.334 4.354 4.374 4.394 4.404 4.396 4.388 4.380 4.371
2.920 2.920 2.898 2.876 2.853 2.872 2.928 2.984 3.040 3.096 3.153 3.209 3.265 3.321 3.377 3.433 3.489 3.489 3.582 3.586 3.611 3.619 3.584 3.548 3.513 3.477 3.442 3.406 3.371 3.335 3.300 3.264 3.229 3.229 3.158 3.220 3.339 3.457 3.576 3.695 3.794 3.818 3.843 3.867 3.892 3.916 3.940 3.965 3.989 3.989 4.038 4.062 4.086 4.108 4.129 4.151 4.175 4.200 4.224 4.248 4.272 4.296 4.321 4.345 4.369 4.369 4.419 4.445 4.470 4.492 4.495 4.487 4.479 4.470 4.462 4.454 4.446
2.958 2.958 2.936 2.914 2.891 2.920 2.976 3.032 3.088 3.144 3.200 3.256 3.312 3.368 3.424 3.480 3.536 3.537 3.649 3.658 3.623 3.587 3.552 3.516 3.481 3.445 3.410 3.374 3.339 3.303 3.268 3.232 3.197 3.197 3.126 3.241 3.360 3.478 3.597 3.716 3.834 3.895 3.919 3.943 3.968 3.992 4.017 4.041 4.065 4.066 4.114 4.138 4.160 4.182 4.203 4.225 4.249 4.273 4.297 4.321 4.345 4.370 4.394 4.418 4.442 4.442 4.491 4.515 4.539 4.540 4.532 4.524 4.515 4.507 4.499 4.491 4.482
2.996 2.996 2.974 2.951 2.929 2.968 3.024 3.080 3.136 3.192 3.248 3.304 3.360 3.416 3.472 3.528 3.577 3.577 3.641 3.633 3.591 3.555 3.519 3.484 3.448 3.413 3.377 3.342 3.306 3.271 3.235 3.200 3.164 3.165 3.143 3.262 3.381 3.499 3.618 3.737 3.855 3.971 3.995 4.020 4.044 4.068 4.093 4.117 4.141 4.142 4.190 4.212 4.234 4.256 4.277 4.299 4.322 4.346 4.370 4.394 4.419 4.443 4.467 4.491 4.515 4.516 4.564 4.588 4.590 4.583 4.573 4.562 4.552 4.544 4.536 4.527 4.519
3.034 3.034 3.012 2.989 2.967 3.015 3.071 3.127 3.183 3.239 3.295 3.351 3.407 3.463 3.503 3.535 3.567 3.567 3.630 3.609 3.567 3.524 3.487 3.452 3.416 3.381 3.345 3.310 3.274 3.239 3.203 3.168 3.132 3.133 3.164 3.283 3.402 3.520 3.639 3.758 3.876 3.995 4.071 4.096 4.120 4.145 4.169 4.193 4.217 4.218 4.265 4.286 4.308 4.330 4.351 4.373 4.395 4.419 4.443 4.468 4.492 4.516 4.540 4.564 4.588 4.589 4.637 4.637 4.632 4.626 4.616 4.606 4.595 4.585 4.575 4.565 4.556
3.072 3.072 3.050 3.027 3.007 3.063 3.119 3.175 3.231 3.287 3.343 3.397 3.429 3.461 3.493 3.524 3.556 3.556 3.620 3.584 3.542 3.500 3.458 3.420 3.384 3.349 3.313 3.277 3.242 3.207 3.171 3.136 3.100 3.101 3.185 3.304 3.423 3.541 3.660 3.779 3.897 4.016 4.134 4.172 4.196 4.221 4.245 4.269 4.294 4.294 4.339 4.361 4.382 4.404 4.426 4.447 4.469 4.493 4.517 4.541 4.565 4.589 4.613 4.638 4.662 4.662 4.685 4.679 4.674 4.669 4.659 4.649 4.639 4.628 4.618 4.608 4.598
3.110 3.110 3.087 3.065 3.054 3.110 3.166 3.222 3.278 3.323 3.355 3.387 3.419 3.450 3.482 3.514 3.546 3.546 3.601 3.559 3.517 3.475 3.433 3.391 3.352 3.316 3.281 3.245 3.210 3.174 3.139 3.103 3.068 3.068 3.206 3.325 3.444 3.562 3.681 3.800 3.918 4.037 4.155 4.248 4.273 4.297 4.321 4.345 4.370 4.370 4.413 4.435 4.456 4.478 4.500 4.521 4.543 4.566 4.590 4.614 4.638 4.662 4.687 4.711 4.735 4.735 4.727 4.722 4.716 4.711 4.702 4.692 4.682 4.672 4.661 4.651 4.641
3.072 3.073 3.118 3.103 3.102 3.158 3.214 3.249 3.281 3.313 3.344 3.376 3.408 3.440 3.472 3.503 3.535 3.535 3.577 3.534 3.492 3.450 3.408 3.366 3.324 3.284 3.249 3.213 3.177 3.142 3.107 3.071 3.036 3.036 3.227 3.346 3.465 3.583 3.702 3.820 3.939 4.058 4.176 4.295 4.349 4.373 4.397 4.422 4.444 4.444 4.487 4.509 4.530 4.552 4.574 4.595 4.617 4.639 4.663 4.687 4.712 4.736 4.760 4.784 4.780 4.780 4.769 4.764 4.759 4.753 4.745 4.735 4.725 4.715 4.705 4.694 4.684
3.016 3.016 3.061 3.107 3.144 3.175 3.207 3.239 3.271 3.302 3.334 3.366 3.398 3.429 3.461 3.493 3.525 3.525 3.552 3.510 3.467 3.425 3.383 3.341 3.299 3.257 3.216 3.181 3.145 3.110 3.074 3.039 3.011 3.011 3.248 3.367 3.486 3.604 3.723 3.841 3.960 4.079 4.197 4.316 4.425 4.449 4.473 4.496 4.518 4.518 4.561 4.583 4.604 4.626 4.648 4.669 4.691 4.713 4.736 4.761 4.785 4.809 4.833 4.827 4.822 4.822 4.811 4.806 4.801 4.796 4.789 4.778 4.768 4.758 4.748 4.738 4.727
2.959 2.959 3.018 3.087 3.134 3.165 3.197 3.228 3.260 3.292 3.324 3.355 3.387 3.419 3.451 3.482 3.514 3.514 3.527 3.485 3.443 3.400 3.358 3.316 3.274 3.232 3.190 3.149 3.113 3.077 3.042 3.007 3.032 3.032 3.269 3.388 3.507 3.625 3.744 3.862 3.981 4.099 4.218 4.337 4.455 4.525 4.549 4.570 4.592 4.592 4.635 4.657 4.679 4.700 4.722 4.743 4.765 4.787 4.810 4.834 4.858 4.880 4.875 4.869 4.864 4.864 4.854 4.848 4.843 4.838 4.832 4.822 4.811 4.801 4.791 4.781 4.770
2.946 2.946 3.015 3.084 3.126 3.156 3.186 3.218 3.250 3.281 3.313 3.345 3.377 3.408 3.440 3.472 3.504 3.504 3.502 3.460 3.418 3.376 3.333 3.291 3.249 3.207 3.165 3.123 3.081 3.045 3.010 2.974 3.053 3.053 3.290 3.409 3.527 3.646 3.765 3.883 4.002 4.121 4.239 4.357 4.476 4.578 4.620 4.644 4.666 4.666 4.709 4.731 4.753 4.774 4.796 4.817 4.839 4.861 4.883 4.907 4.928 4.922 4.917 4.912 4.906 4.907 4.896 4.891 4.885 4.880 4.875 4.865 4.855 4.844 4.834 4.824 4.814
2.943 2.943 3.012 3.081 3.117 3.147 3.178 3.208 3.239 3.271 3.303 3.334 3.366 3.398 3.430 3.461 3.493 3.493 3.477 3.435 3.393 3.351 3.309 3.266 3.224 3.182 3.140 3.098 3.056 3.013 2.977 2.955 3.074 3.074 3.311 3.430 3.548 3.667 3.786 3.891 3.994 4.098 4.202 4.305 4.409 4.490 4.540 4.581 4.621 4.622 4.703 4.743 4.784 4.824 4.865 4.892 4.913 4.935 4.956 4.975 4.970 4.965 4.959 4.954 4.949 4.949 4.938 4.933 4.927 4.922 4.917 4.908 4.898 4.888 4.877 4.867 4.857
2.940 2.941 3.009 3.078 3.108 3.139 3.169 3.199 3.230 3.260 3.292 3.324 3.356 3.387 3.419 3.451 3.483 3.483 3.453 3.410 3.368 3.326 3.284 3.241 3.199 3.157 3.115 3.073 3.031 2.989 2.946 2.976 3.095 3.095 3.303 3.407 3.510 3.614 3.718 3.822 3.925 4.029 4.132 4.236 4.340 4.402 4.457 4.501 4.542 4.542 4.623 4.663 4.704 4.744 4.785 4.826 4.866 4.907 4.941 4.972 5.012 5.007 5.002 4.996 4.991 4.991 4.980 4.975 4.970 4.964 4.959 4.951 4.941 4.931 4.920 4.910 4.872
2.938 2.938 3.007 3.069 3.100 3.130 3.160 3.191 3.221 3.251 3.282 3.313 3.345 3.377 3.409 3.440 3.472 3.472 3.428 3.386 3.343 3.301 3.259 3.217 3.174 3.132 3.090 3.048 3.006 2.955 2.900 2.930 3.027 3.027 3.234 3.338 3.441 3.545 3.649 3.752 3.856 3.960 4.063 4.167 4.259 4.314 4.369 4.422 4.462 4.462 4.543 4.584 4.624 4.665 4.705 4.746 4.786 4.823 4.828 4.851 4.899 4.947 4.995 5.038 5.033 5.033 5.023 5.017 5.012 5.007 5.001 4.995 4.984 4.974 4.964 4.915 4.841
2.937 2.938 3.006 3.069 3.099 3.130 3.160 3.190 3.221 3.251 3.281 3.313 3.345 3.377 3.408 3.440 3.472 3.472 3.427 3.385 3.343 3.301 3.258 3.216 3.174 3.132 3.090 3.047 3.005 2.955 2.900 2.929 3.026 3.027 3.234 3.337 3.441 3.545 3.648 3.752 3.856 3.959 4.063 4.166 4.259 4.313 4.368 4.421 4.462 4.462 4.543 4.583 4.624 4.664 4.705 4.745 4.786 4.822 4.827 4.851 4.898 4.946 4.994 5.038 5.033 5.033 5.022 5.017 5.011 5.006 5.001 4.994 4.984 4.973 4.963 4.914 4.841
2.935 2.935 3.004 3.060 3.091 3.121 3.151 3.182 3.212 3.242 3.273 3.303 3.334 3.366 3.398 3.429 3.461 3.461 3.403 3.360 3.318 3.276 3.234 3.191 3.149 3.107 3.059 3.003 2.948 2.892 2.837 2.895 2.962 2.963 3.164 3.268 3.372 3.475 3.579 3.683 3.786 3.890 3.993 4.097 4.170 4.225 4.280 4.335 4.382 4.382 4.463 4.503 4.544 4.585 4.625 4.666 4.704 4.709 4.714 4.730 4.777 4.825 4.873 4.921 4.969 4.969 5.064 5.059 5.053 5.048 5.043 5.037 5.027 5.017 4.957 4.883 4.810
2.932 2.932 3.001 3.052 3.082 3.112 3.143 3.173 3.203 3.234 3.264 3.294 3.324 3.355 3.387 3.419 3.451 3.451 3.378 3.336 3.293 3.251 3.209 3.163 3.107 3.052 2.996 2.940 2.885 2.829 2.795 2.862 2.928 2.929 3.095 3.199 3.303 3.406 3.510 3.613 3.717 3.821 3.924 4.027 4.082 4.137 4.192 4.247 4.302 4.302 4.383 4.424 4.464 4.505 4.545 4.586 4.591 4.596 4.601 4.609 4.656 4.704 4.752 4.800 4.848 4.848 4.943 4.991 5.039 5.087 5.085 5.080 5.070 5.000 4.927 4.853 4.779
2.926 2.926 2.995 3.035 3.065 3.095 3.125 3.156 3.186 3.216 3.247 3.277 3.307 3.338 3.368 3.398 3.413 3.413 3.316 3.260 3.205 3.149 3.093 3.037 2.982 2.926 2.871 2.815 2.759 2.704 2.728 2.794 2.861 2.861 2.994 3.061 3.165 3.268 3.372 3.475 3.579 3.683 3.786 3.852 3.906 3.961 4.016 4.071 4.126 4.126 4.224 4.265 4.305 4.346 4.355 4.360 4.365 4.370 4.375 4.380 4.415 4.463 4.511 4.559 4.606 4.607 4.702 4.750 4.797 4.845 4.867 4.860 4.852 4.842 4.832 4.792 4.718
2.924 2.924 2.992 3.026 3.056 3.087 3.117 3.147 3.177 3.208 3.238 3.268 3.298 3.329 3.359 3.377 3.362 3.362 3.253 3.197 3.142 3.086 3.030 2.975 2.919 2.863 2.808 2.752 2.697 2.641 2.694 2.761 2.827 2.828 2.961 3.027 3.095 3.199 3.303 3.406 3.510 3.613 3.709 3.763 3.818 3.873 3.928 3.983 4.038 4.038 4.145 4.185 4.226 4.237 4.242 4.247 4.252 4.257 4.262 4.267 4.294 4.342 4.390 4.438 4.485 4.486 4.581 4.629 4.677 4.680 4.673 4.667 4.658 4.649 4.639 4.630 4.620
2.921 2.921 2.987 3.017 3.048 3.078 3.108 3.138 3.168 3.199 3.229 3.259 3.289 3.297 3.306 3.314 3.290 3.290 3.190 3.135 3.079 3.023 2.967 2.912 2.856 2.800 2.745 2.689 2.634 2.594 2.660 2.727 2.793 2.794 2.927 2.993 3.060 3.130 3.233 3.337 3.440 3.544 3.620 3.675 3.730 3.785 3.840 3.895 3.949 3.950 4.059 4.105 4.119 4.124 4.129 4.134 4.139 4.144 4.149 4.154 4.173 4.221 4.269 4.317 4.364 4.365 4.460 4.500 4.493 4.486 4.480 4.473 4.465 4.456 4.446 4.436 4.427
2.918 2.918 2.978 3.008 3.039 3.069 3.099 3.129 3.160 3.190 3.209 3.218 3.226 3.235 3.244 3.252 3.218 3.218 3.122 3.072 3.016 2.960 2.904 2.849 2.793 2.737 2.682 2.626 2.571 2.560 2.626 2.693 2.759 2.760 2.893 2.959 3.026 3.092 3.164 3.267 3.371 3.475 3.532 3.587 3.642 3.697 3.751 3.806 3.861 3.861 3.979 4.017 4.006 4.011 4.016 4.021 4.026 4.030 4.035 4.040 4.052 4.100 4.148 4.195 4.243 4.243 4.313 4.306 4.300 4.293 4.286 4.280 4.272 4.262 4.253 4.243 4.233
2.915 2.915 2.969 3.000 3.030 3.060 3.090 3.121 3.129 3.138 3.147 3.155 3.164 3.173 3.181 3.190 3.146 3.146 3.050 3.002 2.953 2.897 2.842 2.786 2.730 2.674 2.619 2.563 2.508 2.526 2.592 2.659 2.726 2.726 2.859 2.925 2.992 3.058 3.125 3.198 3.302 3.389 3.444 3.499 3.553 3.608 3.669 3.732 3.794 3.795 3.920 3.952 3.936 3.921 3.905 3.907 3.912 3.917 3.922 3.927 3.932 3.979 4.026 4.074 4.122 4.122 4.119 4.113 4.106 4.099 4.093 4.086 4.078 4.069 4.059 4.050 4.040
