includes/camargue/floodfiles/results_R2_t1.562344511003E12/res-0006.wdfp
ncols         906
nrows         631
xllcorner     362177.146667
yllcorner     6534725.688020
cellsize      20.000000
NODATA_value  -9999.000000
[rows 408 to 441 of 631, columns 539 to 615 of 906]
0.000 0.000 0.000 0.000 0.000 0.000 0.000 0.000 0.000 0.000 0.000 0.000 0.000 0.000 0.000 0.000 0.000 0.000 0.000 0.000 0.000 1.163 1.673 1.483 1.554 1.384 1.664 1.624 1.764 1.924 1.894 2.004 2.035 2.035 2.125 2.225 2.155 2.225 2.186 2.206 2.356 2.186 2.317 2.297 2.237 2.287 2.258 2.158 2.288 2.288 2.468 2.349 2.369 2.339 2.319 2.359 2.359 2.459 2.279 2.200 2.140 2.310 2.190 2.180 2.230 2.230 2.320 2.421 2.381 2.481 2.451 2.421 2.371 2.461 2.580 2.600 2.610
0.000 0.000 0.000 0.000 0.000 0.000 0.000 0.000 0.000 0.000 0.000 0.000 0.000 0.000 0.000 0.000 0.000 0.000 0.000 0.026 1.373 1.663 1.593 1.563 1.673 1.544 1.743 1.514 1.934 1.934 2.024 2.034 2.144 2.145 2.065 2.125 2.165 2.145 2.175 2.216 2.136 2.216 2.326 2.197 2.357 2.307 2.247 2.288 2.408 2.408 2.448 2.439 2.419 2.299 2.369 2.379 2.619 2.329 2.389 2.289 2.240 2.320 2.140 2.170 2.250 2.250 2.440 2.371 2.251 2.350 2.510 2.440 2.470 2.490 2.490 2.610 2.670
0.000 0.000 0.000 0.000 0.000 0.000 0.000 0.000 0.000 0.000 0.000 0.000 0.000 0.000 0.000 0.000 0.000 0.000 0.151 1.502 1.653 1.753 1.663 1.803 1.703 1.753 1.883 1.923 1.963 2.004 1.954 2.024 2.074 2.074 2.235 2.235 2.085 2.145 2.255 2.156 2.216 2.136 2.326 2.236 2.407 2.227 2.307 2.298 2.298 2.298 2.388 2.248 2.418 2.408 2.349 2.369 2.689 2.419 2.249 2.179 2.230 2.300 2.380 2.240 2.250 2.250 2.350 2.420 2.610 2.511 2.540 2.440 2.430 2.480 2.590 2.570 2.660
0.000 0.000 0.000 0.000 0.000 0.000 0.000 0.000 0.000 0.000 0.000 0.000 0.000 0.000 0.000 0.000 0.000 0.000 0.151 1.502 1.652 1.752 1.663 1.802 1.703 1.753 1.883 1.923 1.963 2.003 1.954 2.024 2.074 2.074 2.234 2.235 2.085 2.145 2.255 2.155 2.216 2.136 2.326 2.236 2.407 2.227 2.307 2.297 2.298 2.298 2.388 2.248 2.418 2.408 2.348 2.369 2.689 2.419 2.249 2.179 2.229 2.300 2.380 2.240 2.250 2.250 2.350 2.420 2.610 2.510 2.540 2.440 2.430 2.480 2.590 2.570 2.660
0.000 0.000 0.000 0.000 0.000 0.000 0.000 0.000 0.000 0.000 0.000 0.000 0.000 0.000 0.000 0.000 0.000 0.000 1.331 1.612 1.662 1.732 1.742 1.742 1.892 1.842 1.863 1.933 1.953 2.063 2.113 2.113 2.134 2.134 2.164 2.124 2.284 2.215 2.285 2.245 2.265 2.336 2.326 2.506 2.286 2.267 2.227 2.407 2.437 2.438 2.398 2.398 2.328 2.368 2.358 2.418 2.828 2.389 2.299 2.169 2.249 2.390 2.270 2.220 2.250 2.250 2.280 2.350 2.420 2.470 2.440 2.460 2.560 2.510 2.550 2.660 2.560
0.000 0.000 0.000 0.000 0.000 0.000 0.000 0.000 0.000 0.000 0.000 0.000 0.000 0.000 0.000 0.000 0.390 0.390 1.701 1.751 1.711 1.742 1.932 1.902 1.942 1.942 1.962 1.902 1.963 2.113 2.063 2.223 2.143 2.144 2.264 2.164 2.224 2.225 2.355 2.225 2.315 2.226 2.256 2.336 2.416 2.316 2.377 2.377 2.527 2.527 2.487 2.558 2.238 2.388 2.428 2.368 2.588 2.398 2.339 2.449 2.279 2.269 2.319 2.300 2.280 2.280 2.200 2.390 2.310 2.410 2.440 2.630 2.630 2.530 2.470 2.610 2.600
0.000 0.000 0.000 0.000 0.000 0.000 0.000 0.000 0.000 0.000 0.000 0.000 0.000 0.000 0.769 1.739 1.659 1.660 1.770 1.761 1.741 1.891 1.891 2.012 1.932 1.992 2.012 2.052 2.082 2.132 2.123 2.163 2.133 2.133 2.294 2.334 2.254 2.514 2.285 2.355 2.295 2.395 2.375 2.305 2.306 2.336 2.426 2.457 2.417 2.417 2.457 2.477 2.438 2.378 2.548 2.428 2.628 2.418 2.378 2.369 2.329 2.459 2.319 2.359 2.349 2.350 2.420 2.270 2.410 2.460 2.430 2.590 2.590 2.500 2.550 2.680 2.560
0.000 0.000 0.000 0.000 0.000 0.000 0.000 0.000 0.000 0.000 0.000 0.000 0.000 1.238 1.588 1.729 1.739 1.740 1.850 1.940 1.951 2.011 1.901 1.951 2.041 2.082 2.052 2.112 2.202 2.222 2.162 2.273 2.133 2.133 2.423 2.284 2.254 2.364 2.314 2.335 2.335 2.355 2.355 2.345 2.566 2.456 2.496 2.566 2.527 2.527 2.547 2.517 2.407 2.477 2.618 2.458 2.628 2.398 2.408 2.398 2.379 2.469 2.379 2.339 2.389 2.390 2.349 2.459 2.380 2.510 2.489 2.539 2.759 2.439 2.679 2.569 2.699
0.000 0.000 0.000 0.000 0.000 0.000 0.000 0.000 0.000 0.000 0.000 0.407 1.547 1.728 1.828 1.878 1.839 1.839 1.850 1.900 1.950 1.900 1.961 1.951 2.001 2.011 2.101 2.142 2.172 2.252 2.212 2.202 2.263 2.263 2.373 2.364 2.254 2.344 2.354 2.364 2.385 2.365 2.445 2.375 2.405 2.496 2.506 2.506 2.436 2.436 2.547 2.447 2.497 2.627 2.427 2.708 2.358 2.468 2.428 2.328 2.298 2.409 2.399 2.279 2.409 2.409 2.399 2.509 2.419 2.579 2.529 2.499 2.749 2.629 2.589 2.559 2.589
0.000 0.000 0.000 0.000 0.000 0.000 0.000 0.000 0.000 0.000 0.877 1.677 1.807 1.877 1.898 1.768 1.868 1.869 1.939 1.870 1.810 1.930 2.060 2.021 2.201 2.081 2.151 2.141 2.212 2.242 2.202 2.332 2.322 2.323 2.283 2.353 2.374 2.264 2.364 2.414 2.364 2.395 2.305 2.525 2.485 2.475 2.476 2.506 2.486 2.486 2.456 2.537 2.457 2.627 2.567 2.547 2.448 2.618 2.488 2.378 2.498 2.498 2.379 2.359 2.449 2.449 2.559 2.489 2.639 2.539 2.439 2.709 2.519 2.739 2.689 2.619 2.789
2.694 2.694 0.000 0.000 0.000 0.000 0.000 0.000 0.000 1.216 1.706 1.697 1.847 1.797 1.817 1.948 1.838 1.839 1.909 1.879 1.930 1.950 1.920 2.090 1.980 2.041 2.261 2.131 2.131 2.221 2.232 2.282 2.312 2.312 2.363 2.293 2.363 2.493 2.344 2.454 2.474 2.594 2.475 2.555 2.735 2.495 2.445 2.636 2.506 2.506 2.506 2.606 2.547 2.787 2.447 2.577 2.477 2.597 2.488 2.518 2.348 2.418 2.458 2.438 2.359 2.359 2.539 2.699 2.609 2.619 2.599 2.559 2.509 2.609 2.739 2.819 2.789
0.045 0.054 0.807 0.000 0.000 0.000 0.000 0.655 1.655 1.616 1.736 1.896 1.796 1.917 2.027 1.838 1.868 1.868 1.889 1.909 1.869 2.069 2.060 2.020 2.060 2.210 2.231 2.191 2.241 2.271 2.261 2.222 2.342 2.342 2.412 2.413 2.393 2.323 2.443 2.494 2.594 2.544 2.614 2.485 2.395 2.505 2.435 2.605 2.486 2.486 2.576 2.546 2.456 2.932 2.867 2.517 2.557 2.787 2.577 2.467 2.528 2.598 2.368 2.648 2.588 2.588 2.429 2.439 2.519 2.569 2.639 2.538 2.568 2.658 2.728 2.748 2.778
0.000 0.000 1.331 1.831 0.000 0.000 1.035 1.765 1.685 1.855 1.936 1.886 1.896 1.867 1.837 1.747 1.798 1.798 2.068 1.999 2.039 1.979 2.069 2.150 2.140 2.260 2.200 2.250 2.241 2.251 2.351 2.351 2.412 2.412 2.352 2.522 2.533 2.383 2.463 2.553 2.524 2.424 2.514 2.474 2.624 2.715 2.525 2.595 2.575 2.575 2.526 2.546 2.626 2.716 2.556 2.586 2.557 2.697 2.517 2.637 2.637 2.517 2.438 2.578 2.468 2.468 2.528 2.628 2.528 2.518 2.638 2.678 2.718 2.658 2.758 2.628 2.638
0.712 0.712 0.000 2.741 0.323 1.244 1.985 1.875 1.805 1.855 1.945 1.926 1.906 1.916 1.857 1.907 1.927 1.928 1.918 2.008 2.059 2.069 2.099 2.079 2.139 2.200 2.220 2.260 2.250 2.351 2.301 2.461 2.481 2.482 2.272 2.392 2.312 2.503 2.443 2.513 2.543 2.514 2.574 2.644 2.824 2.584 2.795 2.615 2.565 2.565 2.515 2.496 2.546 2.636 2.536 2.516 2.466 2.757 2.537 2.557 2.547 2.567 2.547 2.517 2.548 2.548 2.458 2.558 2.628 2.598 2.608 2.598 2.588 2.678 2.528 2.618 2.798
0.972 0.972 0.862 0.091 0.781 0.904 1.885 1.815 1.995 1.945 2.005 2.025 1.896 1.936 1.866 1.897 1.877 1.877 1.948 1.948 2.078 2.028 2.209 2.199 2.189 2.259 2.230 2.300 2.220 2.250 2.291 2.421 2.421 2.421 2.372 2.342 2.372 2.532 2.533 2.633 2.523 2.603 2.544 2.644 2.534 2.554 2.404 2.575 2.565 2.565 2.585 2.445 2.505 2.566 2.636 2.476 2.596 2.656 2.656 2.777 2.527 2.477 2.617 2.477 2.567 2.568 2.588 2.428 2.728 2.608 2.638 2.618 2.498 2.618 2.788 2.748 2.788
0.932 0.932 0.872 0.712 0.000 2.124 1.895 1.905 2.025 2.015 2.065 1.875 1.886 1.996 1.946 1.896 1.977 1.977 1.997 2.078 2.058 2.088 2.178 2.169 2.139 2.309 2.259 2.340 2.330 2.280 2.310 2.380 2.341 2.341 2.461 2.421 2.452 2.472 2.462 2.552 2.533 2.503 2.633 2.563 2.644 2.674 2.604 2.664 2.614 2.615 2.565 2.495 2.525 2.535 2.575 2.576 2.576 2.646 2.776 2.626 2.666 2.637 2.687 2.577 2.717 2.717 2.527 2.637 2.637 2.547 2.767 2.757 2.597 2.687 2.757 2.687 2.667
0.852 0.852 0.752 0.832 0.000 0.899 1.684 1.935 2.085 2.205 1.945 1.875 1.965 1.945 1.966 1.966 1.996 1.997 2.067 2.097 2.167 2.118 2.218 2.328 2.259 2.199 2.379 2.289 2.330 2.350 2.410 2.500 2.411 2.411 2.391 2.531 2.621 2.482 2.592 2.522 2.522 2.523 2.593 2.503 2.653 2.614 2.534 2.544 2.604 2.604 2.744 2.525 3.147 3.132 2.825 2.535 2.556 2.676 2.736 2.636 2.596 2.616 2.816 2.607 2.617 2.617 2.627 2.617 2.607 2.677 2.627 2.567 2.707 2.737 2.727 2.707 2.637
1.072 1.072 0.000 0.000 0.000 2.304 2.634 2.134 2.094 2.284 2.025 1.955 1.995 1.985 2.036 1.976 1.966 1.966 2.017 2.167 2.117 2.128 2.198 2.198 2.268 2.229 2.339 2.209 2.289 2.329 2.420 2.440 2.400 2.400 2.471 2.491 2.471 2.571 2.582 2.472 2.862 2.812 2.733 2.613 2.633 2.603 2.673 2.644 2.544 2.544 2.734 2.544 2.735 2.585 2.725 2.465 2.615 2.585 2.656 2.626 2.556 2.846 2.636 2.616 2.706 2.706 2.686 2.667 2.657 2.687 2.637 2.687 2.827 2.767 2.757 2.757 2.617
0.000 0.000 0.000 0.804 0.734 0.934 1.188 1.984 2.144 2.214 2.024 1.965 2.035 2.075 1.975 1.896 2.136 2.136 2.186 2.187 2.097 2.107 2.238 2.328 2.268 2.278 2.229 2.289 2.339 2.519 2.509 2.500 2.460 2.460 2.570 2.610 2.561 2.561 2.631 2.531 2.632 2.592 2.602 2.672 2.643 2.663 2.683 2.693 2.723 2.724 2.674 2.574 2.974 2.565 2.945 2.505 2.615 2.735 2.685 2.865 2.666 2.836 2.646 2.756 2.636 2.636 2.526 2.546 2.716 2.726 2.576 2.776 2.806 2.816 2.737 2.757 2.797
0.000 0.000 0.000 0.804 0.734 0.934 1.188 1.984 2.144 2.214 2.024 1.964 2.035 2.075 1.975 1.895 2.135 2.136 2.186 2.186 2.097 2.107 2.237 2.327 2.268 2.278 2.228 2.289 2.339 2.519 2.509 2.499 2.460 2.460 2.570 2.610 2.560 2.561 2.631 2.531 2.631 2.592 2.602 2.672 2.642 2.662 2.683 2.693 2.723 2.723 2.674 2.574 2.974 2.564 2.944 2.505 2.615 2.735 2.685 2.865 2.665 2.835 2.645 2.755 2.636 2.636 2.526 2.546 2.716 2.726 2.576 2.776 2.806 2.816 2.736 2.756 2.796
1.213 1.213 1.334 0.834 1.373 1.074 2.053 1.352 2.124 2.174 2.094 2.024 2.144 2.064 2.125 2.175 2.065 2.065 2.126 2.156 2.176 2.367 2.217 2.237 2.288 2.438 2.408 2.388 2.508 2.569 2.369 2.429 2.499 2.500 2.630 2.660 2.580 2.560 2.511 2.581 2.621 2.601 2.572 2.552 2.892 2.552 2.682 2.683 2.783 2.783 2.853 2.594 2.524 2.784 2.874 2.534 2.504 2.665 2.715 2.925 2.635 2.955 2.735 2.805 2.825 2.825 2.655 2.725 2.796 2.866 2.716 2.656 2.696 2.736 2.696 2.906 2.806
1.573 1.573 1.523 1.533 1.343 1.173 1.403 1.476 2.483 2.213 2.054 2.164 2.124 2.064 2.234 2.095 2.085 2.085 2.185 2.186 2.206 2.126 2.317 2.277 2.257 2.358 2.388 2.648 2.408 2.518 2.479 2.739 2.619 2.619 2.640 2.620 2.690 2.760 2.670 2.620 2.651 2.701 2.671 2.681 2.682 2.722 2.702 3.321 2.682 2.683 2.713 2.723 2.733 3.291 2.874 2.604 2.714 2.554 2.694 2.764 2.715 2.925 2.725 2.695 2.785 2.785 2.815 2.735 2.665 2.855 2.635 2.875 2.745 2.925 2.835 2.895 2.816
1.733 1.733 1.663 1.593 1.843 1.873 1.993 1.863 1.765 2.323 2.233 2.183 2.194 2.214 2.194 2.114 2.235 2.235 2.175 2.195 2.246 2.286 2.437 2.597 2.437 2.377 2.448 2.518 2.588 2.478 2.619 2.569 2.609 2.609 2.509 2.650 2.750 2.680 2.720 2.690 2.750 2.701 2.701 2.671 2.761 2.801 2.792 2.682 2.602 2.602 2.613 2.693 2.763 2.973 2.913 2.663 2.664 2.684 2.774 2.834 2.754 2.824 2.715 2.894 2.825 2.825 2.725 2.885 2.885 2.805 2.865 2.795 2.975 2.885 3.229 2.925 2.975
1.653 1.653 1.673 1.653 1.773 1.742 1.962 2.032 1.852 1.925 2.283 2.343 2.283 2.184 2.194 2.154 2.194 2.195 2.285 2.425 2.376 2.396 2.506 2.347 2.477 2.377 2.447 2.568 2.568 2.508 2.598 2.579 2.649 2.649 2.589 2.719 2.700 2.770 2.780 2.680 2.650 2.670 2.741 2.791 2.941 2.841 2.831 2.892 3.462 3.463 2.672 2.862 2.673 3.397 2.833 2.673 2.633 2.733 2.723 2.914 2.774 2.634 2.684 2.864 2.844 2.844 2.804 2.865 2.925 2.925 2.865 2.955 2.925 2.955 2.885 3.270 3.278
1.902 1.902 1.932 1.892 1.702 1.842 2.042 2.102 1.922 1.993 2.059 2.193 2.263 2.203 2.164 2.184 2.174 2.175 2.325 2.405 2.285 2.406 2.386 2.346 2.436 2.477 2.547 2.597 2.598 2.538 2.668 2.618 2.698 2.699 2.589 2.679 2.689 2.659 2.750 2.680 2.790 2.830 2.710 2.811 2.801 2.761 2.751 2.711 2.841 2.842 2.722 3.468 2.692 3.431 2.793 2.743 2.643 2.783 2.733 2.683 2.744 2.914 2.804 2.784 2.814 2.814 2.844 2.934 2.924 2.914 2.794 2.924 3.280 3.288 3.296 3.303 3.311
1.952 1.952 1.892 1.972 1.942 1.882 2.002 2.102 2.112 2.052 2.127 2.353 2.283 2.423 2.323 2.374 2.294 2.294 2.324 2.225 2.365 2.375 2.546 2.556 2.456 2.617 2.567 2.497 2.607 2.548 2.608 2.618 2.638 2.638 2.619 2.739 2.629 2.799 2.689 2.719 2.700 2.840 2.630 2.700 2.930 2.671 2.811 2.731 2.721 2.721 2.802 2.792 3.483 3.464 2.742 2.652 2.723 2.643 2.713 2.753 2.623 2.683 2.933 2.894 2.854 2.854 2.944 2.824 3.281 3.289 3.297 3.305 3.313 3.321 3.329 3.337 3.345
2.001 2.002 2.012 2.052 2.142 1.982 2.052 1.822 2.082 2.122 2.195 2.422 2.472 2.363 2.263 2.403 2.334 2.334 2.294 2.385 2.445 2.465 2.455 2.496 2.496 2.586 2.387 2.667 2.517 2.737 2.648 2.788 2.778 2.778 2.718 2.788 2.739 2.789 2.809 2.639 2.729 2.759 2.780 2.750 2.870 2.810 2.681 2.831 2.801 2.801 2.701 2.801 2.882 3.498 2.882 2.712 2.672 2.682 2.793 2.783 2.803 2.813 2.913 3.307 2.863 2.863 3.298 3.306 3.314 3.322 3.330 3.338 3.346 3.354 3.362 3.370 3.378
1.941 1.941 2.111 2.001 1.991 2.141 2.051 2.101 2.232 2.072 2.932 2.329 2.402 2.343 2.383 2.303 2.303 2.304 2.374 2.394 2.525 2.485 2.525 2.426 2.506 2.586 2.516 2.537 2.707 2.627 2.707 2.738 2.738 2.738 2.728 2.758 2.768 2.728 2.749 2.789 2.829 2.869 3.357 2.819 2.820 2.810 2.740 2.900 2.781 2.781 2.901 2.811 3.494 3.497 2.792 2.662 2.722 2.782 2.762 2.842 2.813 2.893 2.873 2.943 2.973 2.973 3.332 3.340 3.348 3.356 3.364 3.372 3.380 3.388 3.395 3.404 3.412
2.141 2.141 2.051 2.131 2.101 2.121 2.261 2.281 2.171 2.051 1.952 2.397 2.572 2.392 2.332 2.313 2.353 2.353 2.414 2.414 2.474 2.545 2.425 2.585 2.586 2.566 2.676 2.556 2.687 2.727 2.637 2.777 2.628 2.628 2.738 2.748 2.818 2.878 2.838 3.278 2.779 2.849 2.759 2.829 2.689 2.830 2.860 2.840 2.890 2.890 2.970 2.891 3.491 3.493 2.821 2.791 2.742 2.802 2.862 2.812 2.852 2.832 3.394 3.375 3.356 3.356 3.365 3.373 3.381 3.389 3.397 3.405 3.413 3.421 3.430 3.438 3.447
2.090 2.090 2.030 2.101 2.151 2.161 2.201 2.111 2.231 2.171 2.281 2.322 2.531 2.442 2.252 2.343 2.443 2.443 2.463 2.384 2.584 2.554 2.535 2.575 2.555 2.566 2.566 2.536 2.596 2.627 2.737 2.907 2.837 2.837 2.868 2.778 2.828 2.818 2.858 2.878 2.738 2.799 2.899 2.769 2.749 2.859 2.900 2.830 2.940 2.940 2.890 2.910 2.810 3.489 2.761 2.841 2.791 2.911 2.781 2.932 2.882 2.952 3.427 3.408 3.389 3.389 3.398 3.406 3.414 3.422 3.430 3.439 3.447 3.456 3.464 3.473 3.481
2.010 2.010 2.020 2.260 2.230 2.120 2.180 2.090 2.211 2.151 2.221 2.101 2.412 2.664 2.352 2.413 2.383 2.383 2.443 2.634 2.594 2.514 2.595 2.485 2.615 2.845 2.576 2.576 2.696 2.726 2.857 2.707 2.827 2.827 2.787 2.728 2.838 2.958 2.968 2.738 2.838 2.878 2.899 2.759 2.929 2.899 2.969 2.959 2.840 2.840 3.478 2.960 2.920 3.486 2.870 3.491 2.791 2.951 3.498 2.861 3.499 2.942 3.461 3.442 3.423 3.423 3.432 3.440 3.448 3.456 3.464 3.473 3.481 3.490 3.498 3.507 3.515
2.240 2.240 2.140 2.220 2.100 2.240 2.120 2.210 2.290 2.220 2.361 2.231 2.401 2.698 2.322 2.332 2.453 2.453 2.553 2.503 2.584 2.444 2.544 2.585 2.625 2.705 2.566 2.746 2.606 2.696 2.716 2.647 2.817 2.817 2.907 2.867 2.817 2.957 2.808 2.708 2.748 2.858 2.858 2.848 2.879 2.939 2.929 2.929 3.458 3.459 2.920 2.840 3.479 3.482 2.900 2.910 2.850 2.871 2.911 2.881 2.961 3.502 3.494 3.475 3.456 3.456 3.465 3.473 3.482 3.490 3.499 3.507 3.516 3.524 3.533 3.541 3.550
2.429 2.429 2.229 2.079 2.220 2.080 2.250 2.230 2.300 2.180 2.190 2.181 2.321 2.717 2.312 2.442 2.482 2.482 2.443 2.583 2.613 2.664 2.564 2.614 2.695 2.705 2.765 2.626 2.766 2.756 2.796 2.756 2.897 2.897 2.797 3.239 2.867 2.907 2.797 2.868 2.938 2.968 2.838 2.858 2.828 2.898 2.839 2.949 2.859 2.859 2.919 3.473 3.476 3.478 3.481 2.890 2.910 2.930 2.970 3.493 3.496 3.498 3.501 3.503 3.490 3.490 3.499 3.507 3.516 3.524 3.533 3.541 3.550 3.558 3.567 3.575 3.584
2.129 2.129 2.139 2.329 2.109 2.209 2.279 2.310 2.300 2.280 2.380 2.370 2.401 2.735 2.401 2.382 2.362 2.362 2.573 2.593 2.533 2.673 2.614 2.584 2.574 2.815 2.735 2.505 2.726 2.816 2.786 2.826 2.836 2.836 2.817 2.907 2.897 2.847 2.837 2.817 2.917 3.358 2.818 2.898 3.398 3.411 2.828 2.949 2.939 2.939 3.467 2.949 2.909 3.474 3.477 3.479 3.482 2.820 3.487 3.489 3.492 3.494 3.497 3.500 3.505 3.505 3.533 3.541 3.550 3.559 3.567 3.576 3.584 3.593 3.601 3.610 3.618
