includes/camargue/floodfiles/results_R2_t1.562344511003E12/res-0003.wdfp
ncols         906
nrows         631
xllcorner     362177.146667
yllcorner     6534725.688020
cellsize      20.000000
NODATA_value  -9999.000000
[rows 510 to 543 of 631, columns 154 to 230 of 906]
5.394 5.382 5.365 5.348 5.331 5.241 5.150 5.060 4.970 4.880 4.790 4.699 4.609 4.534 4.494 4.494 4.435 4.408 4.389 4.369 4.349 4.330 4.310 4.290 4.324 4.362 4.387 4.382 4.377 4.372 4.368 4.368 4.357 4.350 4.342 4.335 4.327 4.318 4.306 4.294 4.282 4.270 4.285 4.301 4.318 4.334 4.351 4.351 4.400 4.431 4.449 4.439 4.430 4.420 4.411 4.402 4.392 4.374 4.390 4.440 4.491 4.541 4.591 4.693 4.693 4.743 4.778 4.756 4.735 4.714 4.692 4.671 4.667 4.665 4.664 4.662 4.696
5.373 5.373 5.372 5.355 5.284 5.194 5.104 5.014 4.924 4.838 4.753 4.668 4.583 4.498 4.446 4.446 4.390 4.370 4.351 4.331 4.311 4.292 4.272 4.279 4.316 4.353 4.390 4.427 4.465 4.474 4.469 4.469 4.459 4.452 4.444 4.436 4.424 4.412 4.401 4.389 4.377 4.364 4.352 4.369 4.385 4.402 4.424 4.424 4.486 4.517 4.548 4.556 4.547 4.537 4.528 4.504 4.473 4.441 4.445 4.495 4.545 4.594 4.643 4.743 4.743 4.794 4.843 4.822 4.801 4.795 4.794 4.792 4.790 4.788 4.786 4.784 4.818
5.363 5.363 5.362 5.351 5.265 5.179 5.094 5.009 4.924 4.839 4.754 4.669 4.584 4.510 4.458 4.457 4.371 4.352 4.332 4.312 4.292 4.273 4.253 4.275 4.312 4.349 4.386 4.423 4.460 4.498 4.520 4.520 4.510 4.503 4.495 4.484 4.472 4.460 4.448 4.436 4.424 4.412 4.400 4.403 4.419 4.436 4.467 4.467 4.529 4.560 4.590 4.615 4.605 4.596 4.569 4.538 4.506 4.474 4.473 4.522 4.572 4.622 4.671 4.770 4.770 4.820 4.870 4.861 4.859 4.857 4.855 4.853 4.851 4.849 4.848 4.846 4.879
5.422 5.450 5.478 5.409 5.265 5.180 5.095 5.010 4.925 4.840 4.755 4.670 4.585 4.521 4.469 4.469 4.366 4.333 4.313 4.293 4.273 4.254 4.234 4.270 4.308 4.345 4.382 4.419 4.456 4.493 4.531 4.531 4.560 4.553 4.543 4.531 4.519 4.507 4.495 4.483 4.471 4.459 4.447 4.436 4.453 4.479 4.510 4.510 4.572 4.603 4.633 4.664 4.664 4.634 4.603 4.571 4.539 4.508 4.500 4.550 4.599 4.649 4.698 4.797 4.797 4.847 4.929 4.923 4.920 4.918 4.916 4.914 4.913 4.911 4.909 4.907 4.940
5.575 5.603 5.631 5.487 5.314 5.181 5.096 5.011 4.926 4.840 4.755 4.670 4.585 4.533 4.481 4.481 4.378 4.326 4.294 4.274 4.254 4.235 4.229 4.266 4.304 4.341 4.378 4.415 4.452 4.489 4.526 4.526 4.601 4.602 4.590 4.578 4.566 4.554 4.542 4.530 4.518 4.506 4.494 4.482 4.491 4.522 4.553 4.553 4.619 4.652 4.684 4.717 4.701 4.668 4.636 4.604 4.572 4.541 4.528 4.577 4.627 4.676 4.726 4.840 4.840 4.930 5.020 5.011 4.993 4.980 4.978 4.976 4.974 4.972 4.970 4.969 5.002
5.729 5.756 5.736 5.564 5.392 5.219 5.096 5.011 4.926 4.841 4.756 4.671 4.597 4.545 4.493 4.493 4.390 4.338 4.286 4.255 4.235 4.216 4.225 4.262 4.299 4.337 4.374 4.411 4.448 4.485 4.602 4.602 4.928 4.770 4.750 4.738 4.725 4.712 4.699 4.687 4.674 4.661 4.648 4.636 4.580 4.590 4.623 4.622 4.688 4.721 4.753 4.786 4.754 4.710 4.669 4.637 4.606 4.574 4.555 4.605 4.654 4.704 4.753 4.931 4.930 5.020 5.110 5.100 5.081 5.063 5.045 5.037 5.035 5.034 5.032 5.030 5.063
5.882 5.910 5.814 5.641 5.469 5.297 5.124 5.012 4.927 4.842 4.757 4.672 4.608 4.557 4.505 4.505 4.402 4.350 4.298 4.247 4.217 4.197 4.221 4.258 4.295 4.332 4.370 4.529 4.692 4.855 5.018 5.018 5.248 5.068 4.925 4.912 4.899 4.886 4.874 4.861 4.848 4.835 4.823 4.799 4.732 4.665 4.691 4.691 4.757 4.790 4.822 4.850 4.806 4.763 4.719 4.676 4.639 4.607 4.582 4.632 4.681 4.751 4.841 5.021 5.021 5.111 5.201 5.188 5.170 5.151 5.133 5.114 5.097 5.095 5.093 5.091 5.124
6.035 6.063 5.891 5.719 5.546 5.374 5.201 5.029 4.928 4.843 4.758 4.672 4.620 4.568 4.517 4.517 4.414 4.362 4.310 4.259 4.207 4.180 4.217 4.294 4.457 4.620 4.783 4.945 5.109 5.271 5.434 5.434 5.546 5.366 5.186 5.086 5.073 5.060 5.048 5.035 5.022 5.010 4.997 4.951 4.885 4.818 4.761 4.761 4.826 4.859 4.892 4.902 4.859 4.815 4.772 4.728 4.685 4.641 4.610 4.662 4.752 4.842 4.932 5.112 5.112 5.202 5.292 5.276 5.258 5.239 5.221 5.202 5.184 5.166 5.155 5.153 5.185
6.188 6.140 5.968 5.796 5.624 5.451 5.279 5.107 4.934 4.843 4.758 4.684 4.632 4.580 4.529 4.529 4.425 4.374 4.322 4.272 4.277 4.362 4.547 4.710 4.873 5.036 5.199 5.362 5.525 5.688 5.851 5.850 5.845 5.664 5.484 5.303 5.248 5.235 5.222 5.209 5.197 5.184 5.170 5.104 5.037 4.970 4.904 4.904 4.895 4.928 4.961 4.955 4.911 4.868 4.824 4.781 4.737 4.694 4.687 4.753 4.843 4.933 5.022 5.202 5.202 5.292 5.382 5.364 5.346 5.328 5.309 5.291 5.272 5.254 5.236 5.217 5.269
6.341 6.218 6.045 5.873 5.701 5.528 5.356 5.184 5.011 4.844 4.759 4.695 4.644 4.592 4.541 4.540 4.505 4.509 4.514 4.519 4.523 4.692 4.949 5.126 5.289 5.452 5.615 5.778 5.941 6.104 6.267 6.267 6.143 5.962 5.782 5.601 5.422 5.409 5.396 5.383 5.371 5.358 5.323 5.256 5.190 5.123 5.056 5.056 4.964 4.997 5.030 5.008 4.964 4.921 4.877 4.834 4.831 4.830 4.832 4.887 4.942 5.023 5.113 5.293 5.293 5.383 5.471 5.453 5.434 5.416 5.397 5.379 5.360 5.342 5.361 5.403 5.435
6.467 6.295 6.123 5.950 5.778 5.605 5.433 5.261 5.089 4.916 4.759 4.729 4.734 4.738 4.743 4.743 4.752 4.756 4.761 4.766 4.770 5.022 5.279 5.536 5.706 5.868 6.031 6.194 6.357 6.520 6.683 6.683 6.441 6.260 6.080 5.900 5.719 5.583 5.570 5.558 5.545 5.532 5.475 5.409 5.342 5.276 5.209 5.209 5.076 5.066 5.099 5.060 5.017 4.975 4.974 4.974 4.973 4.972 4.977 5.032 5.087 5.142 5.204 5.383 5.384 5.474 5.559 5.541 5.522 5.504 5.485 5.467 5.490 5.532 5.574 5.615 5.645
6.545 6.372 6.200 6.028 5.855 5.683 5.513 5.461 5.410 5.359 5.217 4.976 4.981 4.985 4.990 4.990 4.999 5.004 5.008 5.013 5.095 5.352 5.609 5.866 6.122 6.285 6.447 6.610 6.773 6.936 7.099 7.099 6.739 6.559 6.378 6.198 6.017 5.837 5.744 5.732 5.719 5.694 5.628 5.561 5.495 5.428 5.361 5.361 5.228 5.162 5.156 5.118 5.118 5.117 5.116 5.116 5.115 5.115 5.121 5.177 5.232 5.287 5.342 5.474 5.474 5.564 5.647 5.629 5.610 5.592 5.620 5.661 5.703 5.744 5.786 5.826 5.856
6.622 6.449 6.367 6.315 6.264 6.213 6.161 6.110 6.058 6.007 5.773 5.444 5.228 5.232 5.237 5.236 5.246 5.251 5.255 5.260 5.425 5.682 5.939 6.196 6.453 6.701 6.864 7.027 7.190 7.353 7.398 7.398 7.037 6.857 6.676 6.496 6.315 6.135 5.954 5.906 5.893 5.847 5.780 5.714 5.647 5.581 5.514 5.514 5.386 5.347 5.292 5.260 5.260 5.259 5.259 5.258 5.258 5.257 5.266 5.321 5.377 5.432 5.487 5.598 5.598 5.655 5.736 5.717 5.749 5.790 5.832 5.874 5.915 5.957 5.998 6.037 6.067
7.118 7.066 7.015 6.964 6.912 6.861 6.810 6.758 6.707 6.655 6.328 5.999 5.671 5.479 5.484 5.483 5.493 5.497 5.502 5.507 5.755 6.012 6.269 6.526 6.783 7.039 7.280 7.443 7.606 7.769 7.696 7.696 7.335 7.155 6.974 6.794 6.613 6.433 6.252 6.080 6.066 5.999 5.933 5.866 5.814 5.774 5.734 5.734 5.654 5.614 5.554 5.472 5.402 5.402 5.401 5.401 5.400 5.399 5.411 5.466 5.521 5.577 5.632 5.743 5.743 5.798 5.875 5.920 5.961 6.003 6.044 6.086 6.128 6.169 6.211 6.248 6.277
7.118 7.066 7.015 6.964 6.912 6.861 6.809 6.758 6.707 6.655 6.328 5.999 5.670 5.479 5.484 5.483 5.493 5.497 5.502 5.506 5.755 6.012 6.269 6.526 6.783 7.039 7.280 7.443 7.606 7.769 7.696 7.696 7.335 7.155 6.974 6.794 6.613 6.433 6.252 6.080 6.066 5.999 5.933 5.866 5.814 5.774 5.734 5.734 5.654 5.614 5.554 5.473 5.402 5.402 5.401 5.400 5.400 5.399 5.411 5.466 5.522 5.577 5.632 5.743 5.743 5.798 5.875 5.920 5.961 6.003 6.044 6.086 6.127 6.169 6.211 6.248 6.278
7.713 7.715 7.663 7.612 7.560 7.509 7.458 7.406 7.355 7.212 6.883 6.554 6.226 5.897 5.731 5.731 5.740 5.744 5.749 5.828 6.085 6.342 6.599 6.856 7.112 7.369 7.626 7.859 8.022 8.175 7.994 7.994 7.633 7.453 7.272 7.092 6.911 6.731 6.550 6.370 6.241 6.201 6.161 6.121 6.081 6.041 6.001 6.001 5.921 5.881 5.816 5.734 5.653 5.571 5.543 5.543 5.542 5.542 5.556 5.611 5.666 5.722 5.777 5.913 5.912 5.999 6.076 6.128 6.174 6.215 6.257 6.298 6.340 6.381 6.423 6.459 6.488
8.187 8.329 8.312 8.260 8.209 8.158 8.106 8.055 8.003 7.767 7.438 7.110 6.781 6.453 6.124 6.124 5.987 5.991 5.996 6.158 6.415 6.672 6.929 7.186 7.442 7.699 7.956 8.213 8.438 8.473 8.292 8.292 7.932 7.751 7.570 7.389 7.209 7.028 6.847 6.667 6.548 6.468 6.428 6.388 6.348 6.308 6.268 6.268 6.188 6.148 6.077 5.996 5.914 5.833 5.751 5.685 5.685 5.684 5.701 5.756 5.811 5.867 5.945 6.119 6.118 6.205 6.276 6.329 6.382 6.428 6.469 6.511 6.552 6.594 6.635 6.670 6.699
9.135 9.277 9.419 9.557 9.506 9.454 9.403 9.351 9.206 8.877 8.549 8.220 7.892 7.563 7.234 7.234 6.577 6.485 6.561 6.818 7.075 7.332 7.589 7.832 8.055 8.278 8.500 8.723 8.929 8.981 8.886 8.886 8.525 8.344 8.163 7.983 7.802 7.621 7.441 7.303 7.200 7.096 6.993 6.923 6.882 6.842 6.802 6.802 6.722 6.682 6.600 6.519 6.437 6.356 6.274 6.192 6.111 6.029 6.009 6.096 6.183 6.270 6.357 6.530 6.530 6.617 6.678 6.731 6.783 6.836 6.889 6.935 6.977 7.018 7.060 7.091 7.120
9.609 9.751 9.893 10.035 10.154 10.102 10.051 10.000 9.761 9.433 9.104 8.775 8.447 8.118 7.790 7.790 7.132 6.804 6.891 7.113 7.336 7.558 7.781 8.003 8.226 8.449 8.671 8.894 9.036 9.088 9.140 9.140 8.822 8.641 8.460 8.279 8.099 7.918 7.737 7.629 7.526 7.422 7.319 7.216 7.150 7.110 7.070 7.069 6.990 6.943 6.862 6.780 6.698 6.617 6.536 6.454 6.372 6.292 6.243 6.314 6.389 6.476 6.563 6.737 6.736 6.823 6.879 6.931 6.984 7.037 7.090 7.143 7.189 7.231 7.272 7.302 7.331
10.083 10.225 10.367 10.508 10.650 10.751 10.699 10.645 10.317 9.988 9.659 9.331 9.002 8.673 8.325 8.325 7.494 7.078 7.082 7.284 7.507 7.729 7.952 8.175 8.397 8.620 8.842 9.065 9.144 9.196 9.248 9.248 9.118 8.937 8.757 8.576 8.395 8.215 8.058 7.955 7.852 7.748 7.645 7.541 7.438 7.377 7.337 7.337 7.257 7.205 7.123 7.042 6.960 6.879 6.797 6.716 6.635 6.554 6.479 6.550 6.622 6.693 6.769 6.943 6.942 7.026 7.079 7.132 7.185 7.238 7.290 7.343 7.396 7.443 7.483 7.512 7.542
10.557 10.699 10.841 10.982 11.124 11.266 11.348 11.200 10.872 10.543 10.182 9.766 9.351 8.935 8.520 8.520 7.688 7.389 7.422 7.455 7.678 7.900 8.123 8.345 8.568 8.791 9.013 9.199 9.251 9.303 9.355 9.355 9.415 9.234 9.053 8.872 8.692 8.511 8.384 8.281 8.177 8.074 7.971 7.867 7.764 7.661 7.604 7.604 7.524 7.466 7.385 7.303 7.222 7.140 7.060 6.979 6.898 6.817 6.736 6.787 6.858 6.930 7.001 7.148 7.148 7.227 7.280 7.333 7.386 7.438 7.491 7.544 7.597 7.650 7.693 7.718 7.741
11.031 11.173 11.314 11.456 11.598 11.740 11.810 11.623 11.207 10.792 10.376 9.961 9.545 9.129 8.714 8.714 7.882 7.729 7.762 7.794 7.849 8.071 8.294 8.517 8.739 8.962 9.184 9.307 9.359 9.411 9.463 9.463 9.567 9.531 9.350 9.169 8.988 8.813 8.710 8.607 8.503 8.400 8.296 8.193 8.090 7.986 7.883 7.883 7.791 7.728 7.646 7.565 7.484 7.403 7.322 7.241 7.160 7.080 6.999 7.023 7.095 7.166 7.238 7.381 7.381 7.478 7.534 7.589 7.645 7.700 7.756 7.811 7.867 7.913 7.902 7.915 7.938
11.505 11.646 11.782 11.749 11.715 11.682 11.648 11.594 11.402 10.986 10.571 10.155 9.739 9.324 8.908 8.908 8.077 8.068 8.101 8.134 8.167 8.242 8.465 8.688 8.910 9.133 9.355 9.414 9.466 9.518 9.571 9.571 9.675 9.727 9.646 9.466 9.285 9.139 9.036 8.932 8.829 8.726 8.622 8.519 8.415 8.312 8.209 8.209 8.058 7.989 7.908 7.827 7.746 7.666 7.585 7.504 7.423 7.342 7.261 7.260 7.331 7.403 7.474 7.648 7.648 7.757 7.828 7.883 7.938 7.994 8.049 8.105 8.148 8.128 8.117 8.128 8.139
11.687 11.653 11.620 11.587 11.553 11.520 11.483 11.426 11.370 11.180 10.765 10.349 9.934 9.518 9.102 9.102 8.375 8.408 8.441 8.474 8.506 8.539 8.636 8.859 9.081 9.304 9.470 9.522 9.574 9.626 9.678 9.678 9.782 9.834 9.886 9.762 9.582 9.465 9.362 9.258 9.155 9.052 8.948 8.845 8.741 8.638 8.535 8.535 8.328 8.251 8.171 8.090 8.009 7.928 7.847 7.767 7.686 7.605 7.524 7.496 7.568 7.639 7.711 7.921 7.921 8.029 8.121 8.177 8.232 8.288 8.343 8.383 8.363 8.343 8.332 8.343 8.354
11.525 11.492 11.458 11.425 11.392 11.358 11.315 11.259 11.202 11.146 10.959 10.543 10.128 9.712 9.297 9.297 8.715 8.748 8.781 8.813 8.846 8.879 8.912 9.030 9.252 9.474 9.577 9.629 9.681 9.734 9.786 9.786 9.890 9.942 9.994 10.046 9.894 9.791 9.688 9.584 9.481 9.368 9.229 9.090 8.951 8.812 8.673 8.673 8.431 8.397 8.363 8.330 8.272 8.191 8.110 8.029 7.948 7.868 7.787 7.732 7.804 7.876 7.977 8.194 8.194 8.302 8.411 8.471 8.526 8.581 8.618 8.599 8.579 8.559 8.547 8.558 8.569
11.363 11.330 11.296 11.263 11.230 11.196 11.148 11.091 11.035 10.978 10.922 10.738 10.322 9.907 9.491 9.491 9.055 9.088 9.120 9.153 9.186 9.218 9.251 9.284 9.423 9.632 9.684 9.737 9.789 9.841 9.893 9.893 9.997 10.046 10.076 10.105 10.090 9.951 9.812 9.673 9.534 9.395 9.256 9.117 8.978 8.839 8.700 8.700 8.517 8.482 8.448 8.414 8.381 8.347 8.313 8.279 8.211 8.130 8.050 7.969 8.040 8.141 8.250 8.467 8.467 8.575 8.684 8.764 8.820 8.854 8.834 8.814 8.794 8.774 8.762 8.773 8.784
11.201 11.168 11.135 11.101 11.068 11.035 10.980 10.924 10.867 10.811 10.754 10.698 10.516 10.101 9.685 9.685 9.394 9.427 9.460 9.492 9.525 9.558 9.591 9.624 9.657 9.740 9.786 9.816 9.846 9.875 9.905 9.905 9.964 9.993 10.023 10.050 10.050 9.978 9.839 9.700 9.561 9.422 9.283 9.144 9.005 8.866 8.727 8.727 8.602 8.567 8.533 8.499 8.465 8.432 8.398 8.364 8.330 8.296 8.263 8.229 8.306 8.414 8.523 8.740 8.740 8.848 8.957 9.058 9.089 9.069 9.049 9.029 9.009 8.989 8.977 8.988 8.999
11.040 11.006 10.973 10.939 10.906 10.869 10.812 10.756 10.700 10.643 10.587 10.530 10.474 10.295 9.879 9.879 9.734 9.767 9.799 9.832 9.865 9.887 9.896 9.905 9.914 9.731 9.733 9.763 9.793 9.822 9.852 9.852 9.911 9.941 9.970 9.983 9.984 9.984 9.866 9.727 9.588 9.449 9.310 9.171 9.032 8.893 8.758 8.758 8.688 8.653 8.618 8.584 8.550 8.516 8.483 8.449 8.415 8.381 8.347 8.364 8.448 8.566 8.684 8.920 8.920 9.038 9.156 9.270 9.304 9.284 9.264 9.244 9.224 9.204 9.192 9.203 9.214
10.878 10.844 10.811 10.778 10.744 10.701 10.645 10.588 10.532 10.476 10.419 10.363 10.306 10.250 10.074 10.074 10.068 10.077 10.085 10.094 10.103 10.112 10.121 10.130 10.085 9.866 9.681 9.710 9.740 9.770 9.799 9.799 9.858 9.888 9.916 9.917 9.917 9.918 9.893 9.754 9.615 9.476 9.337 9.197 9.058 8.919 8.843 8.843 8.773 8.738 8.703 8.669 8.635 8.601 8.567 8.534 8.500 8.466 8.447 8.520 8.593 8.695 8.813 9.050 9.050 9.168 9.286 9.378 9.439 9.499 9.479 9.459 9.439 9.420 9.407 9.418 9.429
10.562 10.682 10.649 10.616 10.583 10.534 10.477 10.421 10.364 10.308 10.252 10.195 10.143 10.115 10.126 10.126 10.293 10.302 10.311 10.320 10.328 10.337 10.346 10.355 10.221 10.001 9.782 9.658 9.687 9.717 9.746 9.746 9.805 9.835 9.850 9.850 9.851 9.852 9.853 9.781 9.642 9.502 9.363 9.224 9.085 8.963 8.928 8.928 8.859 8.824 8.788 8.754 8.720 8.686 8.652 8.618 8.584 8.551 8.603 8.676 8.749 8.825 8.943 9.179 9.179 9.297 9.415 9.486 9.547 9.608 9.669 9.675 9.655 9.635 9.622 9.633 9.644
10.562 10.682 10.649 10.616 10.583 10.534 10.477 10.421 10.364 10.308 10.252 10.195 10.143 10.115 10.126 10.126 10.293 10.302 10.311 10.320 10.329 10.337 10.346 10.355 10.221 10.001 9.782 9.658 9.687 9.717 9.746 9.746 9.805 9.835 9.849 9.850 9.851 9.852 9.852 9.781 9.642 9.502 9.363 9.224 9.085 8.963 8.928 8.928 8.859 8.824 8.789 8.754 8.720 8.686 8.652 8.618 8.584 8.551 8.603 8.676 8.749 8.825 8.943 9.179 9.179 9.297 9.415 9.486 9.547 9.608 9.669 9.675 9.655 9.635 9.622 9.633 9.644
10.100 10.301 10.487 10.454 10.421 10.366 10.310 10.253 10.197 10.156 10.128 10.101 10.073 10.046 10.130 10.130 10.518 10.527 10.536 10.545 10.554 10.563 10.571 10.575 10.356 10.136 9.917 9.697 9.634 9.664 9.694 9.694 9.753 9.782 9.783 9.784 9.785 9.785 9.786 9.787 9.668 9.529 9.390 9.251 9.112 9.049 9.014 9.014 8.944 8.909 8.874 8.839 8.805 8.771 8.737 8.703 8.669 8.686 8.759 8.832 8.905 8.978 9.073 9.309 9.309 9.427 9.533 9.594 9.655 9.716 9.777 9.838 9.870 9.850 9.837 9.848 9.859
9.639 9.840 10.041 10.241 10.255 10.199 10.169 10.141 10.114 10.086 10.059 10.032 10.004 9.977 10.133 10.133 10.624 10.752 10.761 10.770 10.779 10.788 10.797 10.711 10.491 10.272 10.052 9.833 9.613 9.611 9.641 9.641 9.700 9.716 9.717 9.717 9.718 9.719 9.719 9.720 9.695 9.556 9.417 9.278 9.169 9.134 9.099 9.099 9.029 8.994 8.960 8.924 8.890 8.856 8.822 8.788 8.769 8.842 8.915 8.988 9.061 9.134 9.207 9.438 9.438 9.556 9.642 9.703 9.764 9.825 9.886 9.947 10.008 10.065 10.052 10.063 10.018
8.810 9.121 9.432 9.743 9.906 9.992 10.030 10.003 9.975 9.948 9.921 9.893 9.866 9.895 10.140 10.140 10.631 10.877 11.122 11.221 11.230 11.238 11.201 10.981 10.762 10.542 10.323 10.103 9.884 9.664 9.535 9.535 9.582 9.583 9.584 9.585 9.585 9.586 9.587 9.587 9.588 9.589 9.470 9.375 9.340 9.305 9.270 9.270 9.200 9.165 9.130 9.095 9.060 9.025 8.992 9.008 9.081 9.154 9.227 9.300 9.373 9.446 9.519 9.697 9.697 9.797 9.858 9.919 9.980 10.041 10.037 10.027 10.018 10.009 10.044 10.120 10.106
