includes/camargue/floodfiles/results_R2_t1.562344511003E12/res-0014.wd
ncols         906
nrows         631
xllcorner     362177.146667
yllcorner     6534725.688020
cellsize      20.000000
NODATA_value  -9999.000000
[rows 408 to 441 of 631, columns 231 to 307 of 906]
0.241 0.151 0.881 0.881 0.000 0.000 0.611 1.161 1.201 1.191 0.321 0.000 0.421 1.121 1.121 1.171 0.000 0.000 0.000 0.000 0.531 0.090 0.390 0.710 0.400 0.440 1.000 0.780 0.000 0.000 1.972 0.000 0.000 1.229 1.089 1.089 1.479 0.119 1.060 0.000 0.000 1.041 0.931 0.000 0.000 0.711 0.621 0.000 1.006 0.000 0.000 0.000 0.016 0.125 1.147 0.088 0.119 0.000 1.832 0.052 0.000 0.000 0.375 0.066 0.297 0.000 0.000 0.000 0.000 0.706 0.736 0.000 0.848 0.668 0.000 0.000 0.000
0.411 0.681 0.022 0.022 0.000 0.000 0.000 0.000 0.531 1.281 1.201 1.161 0.000 0.000 0.451 1.171 1.140 1.250 0.050 0.050 0.661 0.000 0.460 0.330 0.000 0.120 0.000 0.730 0.000 1.829 0.000 0.000 0.000 1.769 0.000 0.000 0.628 0.488 0.000 0.427 0.000 0.251 1.071 0.700 0.660 0.750 0.411 0.000 0.786 0.466 0.766 0.766 0.000 1.017 0.000 0.000 0.184 0.000 2.144 0.000 0.000 0.527 0.107 0.107 0.358 0.362 0.685 0.686 0.716 0.636 0.000 0.679 0.789 0.000 0.000 0.000 0.610
0.331 0.821 0.000 0.000 0.151 0.171 0.000 0.471 1.071 0.000 0.061 1.171 1.191 1.221 0.321 0.000 0.940 1.190 0.810 0.810 0.000 0.710 0.520 0.600 0.000 0.000 0.000 1.665 1.684 0.000 1.452 1.072 0.002 0.000 0.487 0.487 0.637 0.317 1.037 0.537 0.000 0.050 0.370 0.600 0.630 0.590 0.000 0.000 0.335 0.696 0.416 0.416 0.407 0.777 0.787 0.120 0.385 0.000 0.752 0.000 0.177 0.537 0.557 0.557 0.587 0.000 0.296 0.296 0.816 0.856 0.000 0.819 0.709 0.069 0.300 0.360 0.440
0.331 0.821 0.000 0.000 0.151 0.171 0.000 0.471 1.071 0.000 0.061 1.171 1.191 1.221 0.321 0.000 0.940 1.190 0.810 0.810 0.000 0.710 0.520 0.600 0.000 0.000 0.000 1.665 1.684 0.000 1.452 1.072 0.000 0.000 0.487 0.487 0.637 0.317 1.037 0.537 0.000 0.048 0.369 0.599 0.630 0.590 0.000 0.000 0.335 0.696 0.416 0.416 0.407 0.777 0.787 0.121 0.385 0.000 0.752 0.000 0.177 0.537 0.557 0.557 0.587 0.000 0.296 0.296 0.816 0.856 0.000 0.819 0.709 0.069 0.300 0.360 0.440
0.771 0.931 1.121 1.121 0.000 0.631 0.251 1.031 0.000 0.081 1.101 0.461 0.000 1.211 1.221 1.241 0.000 0.000 0.810 0.810 0.640 0.830 0.087 0.182 0.000 0.000 1.642 1.661 0.000 0.031 0.000 0.000 0.848 0.628 0.017 0.017 0.547 0.366 0.537 0.207 0.000 0.102 0.092 0.834 0.000 0.000 0.720 0.640 0.600 0.006 0.000 0.000 0.717 0.307 0.000 0.696 1.806 1.596 0.000 0.077 0.527 0.577 0.577 0.587 0.000 0.622 0.000 0.000 0.876 0.000 0.599 0.749 0.000 0.000 0.000 0.359 0.000
0.871 0.871 0.931 0.931 0.991 0.301 0.201 0.000 0.161 0.261 0.501 0.481 0.681 0.000 0.000 1.371 0.871 1.071 0.000 0.000 0.720 0.830 0.000 0.175 0.000 0.000 1.638 0.000 0.000 0.000 1.078 0.628 0.000 0.528 0.000 0.000 0.000 0.433 0.134 0.124 0.000 0.063 0.711 0.443 0.000 0.279 0.710 0.680 0.650 0.740 0.750 0.750 0.002 0.000 0.546 0.266 0.000 2.051 1.936 0.153 0.487 0.277 0.407 0.001 0.000 0.562 0.000 0.000 0.296 0.000 0.779 0.319 0.000 0.059 0.559 0.409 0.016
0.000 0.971 0.681 0.681 0.000 0.871 0.871 0.921 0.000 1.031 0.971 0.000 0.031 0.391 0.601 0.321 0.711 0.006 1.078 1.078 0.000 0.000 2.051 0.202 1.489 0.348 0.003 1.018 0.688 0.668 0.398 0.000 0.748 1.028 1.058 1.058 0.580 0.741 0.371 0.142 0.000 1.834 1.853 1.858 1.500 0.298 1.060 1.820 1.842 1.480 0.000 0.000 0.750 0.760 0.000 0.111 2.034 0.008 0.000 0.000 0.617 0.147 0.237 0.000 0.487 0.000 0.566 0.566 0.656 0.000 0.000 0.659 0.739 0.699 0.349 0.000 0.052
0.014 0.841 0.771 0.771 0.241 0.000 1.101 1.081 1.051 1.081 0.981 0.551 0.000 0.261 0.801 0.000 0.241 0.000 0.000 0.000 0.000 0.000 0.179 1.465 0.618 0.000 0.138 0.508 0.000 0.038 0.898 0.848 0.938 0.958 0.968 0.968 0.000 0.000 0.081 0.000 0.917 1.829 0.000 0.000 0.000 0.178 0.140 0.060 0.000 1.410 0.150 0.150 0.200 0.080 0.000 0.925 0.000 0.270 0.000 0.537 0.517 0.187 0.607 0.000 0.397 0.000 0.000 0.000 0.000 0.829 0.419 0.000 0.000 0.639 0.559 0.000 0.000
0.000 0.311 0.671 0.671 0.061 0.000 0.491 0.911 1.011 0.941 0.000 0.431 0.141 0.681 0.000 0.000 0.000 0.000 0.000 0.000 0.000 0.127 1.442 0.000 0.918 0.718 0.408 0.678 0.678 0.978 0.878 0.968 1.108 0.000 0.000 0.000 0.000 0.000 0.000 1.781 1.801 0.000 0.000 0.000 0.188 0.000 0.120 0.150 0.000 0.000 1.857 1.857 0.100 0.230 0.000 2.007 2.305 0.000 0.597 0.617 0.547 0.217 0.557 0.000 0.457 0.000 0.000 0.000 0.000 0.709 0.000 0.589 0.639 0.539 0.000 0.849 0.000
0.192 0.381 0.581 0.581 0.011 0.071 0.241 1.011 0.031 0.861 0.000 0.951 0.001 0.000 0.000 0.000 0.000 0.000 2.165 2.165 2.215 1.415 0.000 0.898 0.818 0.738 0.758 0.768 0.748 0.958 0.318 0.000 0.002 0.000 0.000 0.000 1.705 1.725 1.744 0.677 0.000 0.000 0.000 0.098 0.328 0.208 0.000 0.000 0.312 0.000 1.857 1.857 0.000 0.000 0.315 2.007 0.000 0.867 0.587 0.577 0.617 0.487 0.557 0.427 0.377 0.000 0.079 0.079 0.209 0.079 0.219 0.000 0.539 0.699 0.000 0.959 0.000
0.322 0.261 0.471 0.471 0.391 0.101 0.531 0.871 0.091 0.701 0.441 1.231 0.000 0.076 0.096 0.000 0.000 2.255 0.000 0.000 1.391 0.000 0.468 0.938 0.678 0.477 0.000 0.000 0.507 0.447 0.497 1.038 0.000 0.000 1.681 1.681 1.701 0.000 0.810 0.000 0.638 0.498 0.358 0.548 0.548 0.538 0.000 0.000 0.502 0.000 0.000 0.000 1.925 1.065 1.980 0.000 0.877 0.327 0.587 0.627 0.457 0.000 0.167 0.507 0.557 0.567 0.012 0.015 0.389 0.000 0.299 0.139 0.000 0.639 0.039 0.739 0.000
0.432 0.192 0.391 0.391 0.361 0.421 0.000 0.041 0.741 0.921 0.000 1.921 0.000 0.000 0.004 0.595 1.555 0.175 2.185 2.185 0.835 0.000 0.000 0.000 0.066 0.566 0.495 1.521 1.541 1.561 1.580 1.599 1.619 1.638 1.677 1.677 0.003 0.470 0.430 0.000 0.088 0.208 0.128 0.128 0.078 0.248 0.568 0.508 0.000 0.168 0.049 0.051 1.735 0.265 0.000 0.557 0.597 0.647 0.587 0.567 0.397 0.577 0.407 0.577 0.177 0.747 0.147 0.147 0.000 0.000 0.000 0.269 0.449 0.169 0.739 0.409 0.099
0.642 0.212 0.000 0.000 0.000 0.011 0.000 0.961 0.311 0.000 0.006 1.671 0.008 0.211 0.000 0.000 0.000 0.185 1.363 1.363 0.000 0.000 0.000 0.000 1.075 1.478 1.497 1.425 0.354 0.000 0.197 0.000 0.000 0.000 0.419 0.419 0.229 0.000 0.000 0.000 0.277 0.227 0.000 0.578 0.558 0.688 0.438 0.628 0.748 0.428 0.109 0.110 0.575 0.000 0.957 0.397 0.787 0.747 0.217 0.487 0.507 0.437 0.097 0.377 0.057 0.357 0.257 0.257 0.000 0.171 0.000 0.000 0.000 0.000 0.509 0.000 0.000
0.044 0.000 0.002 0.000 0.025 0.012 0.383 0.000 0.000 0.321 0.411 0.000 1.242 0.191 0.000 0.441 0.000 0.000 1.359 1.359 1.378 1.397 1.416 1.435 1.454 0.000 0.000 0.780 0.649 0.609 0.000 0.362 0.302 0.000 0.309 0.309 0.000 0.000 0.000 0.289 0.000 0.165 0.104 0.128 0.568 0.508 0.218 0.458 0.168 0.338 0.468 0.468 0.000 0.407 0.217 0.437 0.627 0.677 0.157 0.000 0.000 0.587 0.717 0.687 0.000 0.000 0.507 0.507 0.107 0.000 0.000 0.655 0.385 0.000 0.000 0.342 0.192
0.802 0.000 0.000 0.000 0.013 0.000 0.000 0.000 0.000 0.000 0.111 1.211 0.381 1.371 0.731 0.181 0.541 0.000 1.195 1.195 0.000 0.162 0.050 0.000 0.000 0.239 0.316 0.716 0.628 0.469 0.000 0.001 0.000 0.113 0.000 0.000 0.000 0.060 0.003 0.049 0.250 0.065 0.216 0.000 0.288 0.148 0.548 0.578 0.178 0.638 0.000 0.000 0.597 0.287 0.307 0.547 0.437 0.307 0.207 0.707 0.507 0.000 0.707 0.607 0.487 0.737 0.000 0.000 0.317 0.000 0.655 0.505 0.000 0.461 0.000 0.000 0.000
0.022 0.004 0.007 0.003 0.092 0.000 0.330 0.000 0.000 0.000 0.000 0.000 0.000 0.351 0.701 0.000 0.661 0.891 0.000 0.000 0.969 0.874 0.451 0.772 0.850 0.600 0.754 0.939 0.000 0.000 0.000 0.000 0.363 0.313 0.000 0.000 0.130 0.160 0.076 0.152 0.000 0.185 0.195 0.235 0.000 0.368 0.000 0.000 0.388 0.000 0.000 0.000 0.537 0.347 0.497 0.137 0.277 0.017 0.477 0.000 0.817 0.907 0.887 0.197 0.000 0.637 0.000 0.000 0.003 0.525 0.415 0.000 0.231 0.000 0.000 0.462 0.212
0.042 0.014 0.340 0.340 0.092 0.229 0.150 0.000 0.108 0.168 0.000 0.841 0.000 0.000 2.331 0.000 0.451 0.021 0.000 0.000 0.792 0.173 0.594 0.638 0.000 0.470 0.019 0.000 0.303 0.293 0.944 0.814 0.000 0.000 0.000 0.000 0.000 0.097 0.043 0.142 0.132 0.000 0.345 0.125 0.265 0.000 0.000 0.461 0.000 0.000 0.000 0.000 0.187 0.247 0.577 0.000 0.457 0.000 0.137 0.000 0.000 0.000 0.000 0.000 0.000 0.577 0.000 0.000 0.505 0.175 0.000 0.061 0.291 0.000 0.000 0.001 0.000
0.162 0.000 0.058 0.058 0.000 0.000 0.572 0.133 0.000 0.538 0.328 0.000 0.000 0.000 0.000 1.270 0.000 1.431 0.000 0.000 0.764 0.714 0.038 0.108 0.588 0.023 0.003 0.623 0.663 0.703 0.744 0.664 0.574 0.644 0.000 0.000 0.101 0.231 0.081 0.000 0.007 0.000 0.345 0.175 0.000 0.273 0.263 0.000 0.000 0.000 0.556 0.556 0.316 0.000 0.477 0.507 0.000 0.000 0.457 0.000 0.000 0.000 0.152 0.422 0.000 0.817 0.000 0.000 0.465 0.000 0.000 0.341 0.000 0.000 0.000 0.013 0.000
0.000 0.000 0.064 0.064 0.000 0.000 0.482 0.049 0.225 0.083 1.728 2.218 1.058 1.077 1.097 1.116 1.601 1.155 1.112 1.112 0.688 0.000 0.010 0.823 0.000 0.592 0.013 0.493 0.703 0.463 0.204 0.854 0.764 0.754 0.002 0.003 0.002 0.190 0.210 0.000 0.235 0.435 0.455 0.000 0.243 0.263 0.000 0.000 0.000 0.001 0.000 0.000 0.756 0.936 0.000 0.527 0.537 0.087 0.317 0.147 0.227 0.157 0.000 0.000 0.487 0.617 0.327 0.327 0.000 0.871 0.000 0.000 0.000 0.001 0.000 0.053 0.000
0.000 0.000 0.047 0.047 0.000 0.000 0.482 0.049 0.225 0.083 1.728 2.218 1.058 1.077 1.097 1.116 1.601 1.155 1.112 1.112 0.685 0.000 0.005 0.823 0.000 0.592 0.011 0.493 0.703 0.463 0.204 0.854 0.764 0.754 0.001 0.002 0.001 0.190 0.210 0.000 0.235 0.435 0.454 0.000 0.243 0.263 0.000 0.000 0.000 0.000 0.000 0.000 0.756 0.936 0.000 0.527 0.537 0.087 0.317 0.147 0.227 0.157 0.000 0.000 0.487 0.617 0.327 0.327 0.000 0.871 0.000 0.000 0.000 0.000 0.000 0.053 0.000
0.000 1.524 0.043 0.046 0.297 0.000 0.231 0.261 0.014 0.991 1.013 1.034 2.139 1.073 1.092 1.112 1.132 1.151 1.122 1.122 0.153 0.000 0.592 0.743 0.813 0.000 0.720 0.701 0.223 0.293 0.464 0.664 0.864 0.804 0.314 0.314 0.036 0.130 0.559 0.000 0.375 0.000 0.204 0.323 0.163 0.000 0.000 0.000 0.016 0.616 0.326 0.326 0.366 0.136 0.236 0.000 0.067 0.000 0.000 0.000 0.057 0.037 0.000 0.000 0.827 0.657 0.277 0.277 0.207 0.000 0.462 0.000 0.232 0.232 0.000 0.000 0.080
0.354 1.884 0.000 0.000 0.058 0.000 0.000 0.360 0.959 0.984 0.444 0.306 0.000 0.059 0.099 0.890 0.161 0.062 0.293 0.293 0.008 0.561 0.471 0.382 0.794 0.586 0.507 0.000 0.493 0.403 0.214 0.054 0.904 0.814 0.394 0.395 0.056 0.649 0.479 0.519 0.000 0.323 0.373 0.203 0.000 0.000 0.581 0.000 0.606 0.556 0.326 0.326 0.000 0.000 0.000 0.000 0.000 0.000 0.066 0.000 0.000 0.000 0.508 0.000 0.617 0.000 0.018 0.018 0.000 0.000 0.212 0.282 0.000 0.000 0.000 0.000 0.000
0.034 0.034 0.102 0.120 1.843 0.660 0.702 0.739 0.122 0.145 0.454 0.235 0.116 0.807 0.127 0.118 0.000 0.364 1.874 1.874 0.187 0.229 0.980 0.750 0.000 0.726 0.746 0.496 0.039 0.000 0.444 0.384 0.444 0.265 0.137 0.141 0.429 0.429 0.649 0.399 0.000 0.000 0.000 0.552 0.492 0.252 0.000 0.584 0.000 0.546 0.023 0.021 1.033 0.113 0.000 0.000 0.000 0.000 0.156 0.186 0.000 0.000 0.468 0.000 0.707 0.000 0.000 0.000 1.141 0.000 0.000 0.000 0.001 0.000 0.001 0.000 0.000
0.047 0.144 0.542 0.554 0.620 0.651 0.082 0.000 0.000 1.283 0.002 0.205 0.000 0.327 0.737 0.117 0.000 0.774 0.344 0.344 0.000 1.299 1.389 0.219 0.000 0.000 0.000 0.266 0.366 0.000 0.244 0.365 0.335 0.495 0.178 0.183 0.179 0.180 0.000 0.040 0.080 0.000 0.005 0.059 0.000 0.000 0.534 0.334 0.404 0.045 0.513 0.513 0.823 0.000 0.163 0.063 0.000 0.000 0.026 0.416 0.046 0.000 0.058 0.127 0.537 0.000 0.000 0.000 0.000 0.701 0.000 0.000 0.002 0.180 0.140 0.000 0.370
0.410 0.462 1.776 1.777 0.045 0.160 1.442 0.714 0.064 0.109 0.000 0.000 0.007 0.307 0.257 0.000 0.377 0.000 0.824 0.824 0.495 0.477 0.498 0.000 0.000 0.063 0.163 0.000 0.088 0.249 0.006 0.655 0.275 0.105 0.045 0.057 0.076 0.091 0.110 0.531 0.000 0.007 0.103 0.543 0.593 0.343 0.000 0.041 0.000 0.025 0.000 0.000 0.043 0.000 0.000 0.083 0.000 0.000 0.000 0.036 0.286 0.000 0.000 0.748 0.088 0.000 0.000 0.000 0.000 0.000 0.000 0.313 0.183 0.000 0.090 0.370 0.320
0.404 0.458 0.553 0.554 0.027 0.021 0.000 0.300 0.002 0.084 0.168 0.349 1.059 0.094 0.186 0.537 0.647 0.317 0.000 0.000 0.423 0.276 0.167 0.267 0.000 0.000 0.203 0.000 0.000 0.279 0.052 0.345 0.315 0.435 0.082 0.096 0.281 0.371 0.381 0.481 0.000 0.000 0.433 0.283 0.683 0.353 0.133 0.423 0.253 0.233 0.023 0.023 0.000 0.000 0.002 0.001 0.000 0.142 0.332 0.000 0.002 0.000 0.000 0.658 0.098 0.001 0.193 0.193 0.000 0.000 0.121 0.000 0.000 0.070 0.170 0.350 0.290
0.000 0.000 0.903 0.903 0.031 0.027 0.000 0.761 0.146 0.184 0.167 0.269 0.389 0.301 0.365 0.367 0.707 0.647 0.758 0.758 0.838 0.000 0.000 0.000 0.411 0.000 0.000 0.000 0.000 0.003 0.000 0.105 0.000 0.000 0.044 0.051 0.231 0.412 0.632 0.102 0.752 0.552 0.622 0.802 0.043 0.000 0.000 0.014 0.563 0.863 0.783 0.783 0.023 0.353 0.002 0.002 0.000 0.000 0.032 0.000 0.299 0.000 0.000 0.668 0.000 0.000 0.000 0.000 0.000 0.000 0.000 0.200 0.000 0.200 0.270 0.330 0.030
0.000 0.000 0.000 0.001 0.000 0.027 0.000 0.193 0.097 0.256 0.307 0.308 0.299 0.401 0.000 0.000 0.587 0.767 0.598 0.598 0.788 0.738 0.000 0.521 0.531 0.611 0.000 0.037 0.127 0.037 0.000 0.000 0.042 0.000 0.000 0.000 0.602 0.622 0.632 0.000 0.442 0.372 0.132 0.142 0.000 0.000 0.000 0.000 0.443 0.383 0.453 0.453 0.183 0.503 0.000 0.063 0.000 0.000 0.000 0.000 0.369 0.000 0.000 0.738 0.000 0.000 0.000 0.000 0.382 0.000 0.000 0.140 0.550 0.250 0.030 0.350 0.000
0.000 0.000 0.000 0.000 0.000 0.000 0.000 0.283 0.245 0.347 0.337 0.478 0.339 0.291 0.486 0.727 0.797 0.617 0.048 0.048 0.000 0.668 0.528 0.000 0.561 0.471 0.000 0.000 0.001 0.002 0.002 0.000 0.000 0.021 0.000 0.001 0.000 0.542 0.572 0.592 0.582 0.542 0.882 0.522 0.453 0.503 0.433 0.503 0.393 0.433 0.423 0.423 0.000 0.007 0.000 0.000 0.000 0.128 0.028 0.000 0.389 0.038 0.498 0.678 0.000 0.000 0.000 0.000 0.242 0.000 0.278 0.000 0.310 0.040 0.160 0.190 0.000
0.000 0.000 0.000 0.001 0.032 0.000 0.000 0.635 0.386 0.387 0.387 0.348 0.469 0.240 0.000 0.637 0.777 0.000 0.000 0.000 0.000 0.013 0.000 0.461 0.000 0.351 0.371 0.401 0.000 0.000 0.002 0.224 0.034 0.000 0.000 0.000 0.000 0.000 0.612 0.662 0.642 0.622 0.602 0.022 0.000 0.000 0.000 0.000 0.000 0.000 0.000 0.000 0.390 0.550 0.000 0.001 0.010 0.007 0.000 0.000 0.449 0.339 0.000 0.798 0.000 0.000 0.000 0.000 0.000 0.358 0.058 0.408 0.023 0.000 0.330 0.390 0.000
0.000 0.000 0.000 0.000 0.000 0.181 0.000 0.000 0.337 0.427 0.537 0.467 0.000 0.012 0.000 0.117 0.207 0.000 0.422 0.422 0.000 0.005 0.056 0.000 0.251 0.000 0.181 0.411 0.000 0.021 0.000 0.184 0.074 0.000 0.000 0.000 0.000 0.332 0.712 0.662 0.622 0.572 0.552 0.552 0.109 0.450 0.520 0.440 0.600 0.650 0.590 0.590 0.410 0.590 0.000 0.000 0.092 0.002 0.128 0.000 0.239 0.389 0.000 0.178 0.000 0.000 0.000 0.000 0.000 0.048 0.000 0.578 0.368 0.428 0.000 0.000 0.179
0.070 0.000 0.000 0.000 0.000 0.000 0.000 0.000 0.097 0.000 0.357 0.447 0.228 0.000 0.348 0.000 0.000 0.000 0.000 0.000 0.058 0.058 0.000 0.000 0.000 0.051 0.071 0.361 0.281 0.211 0.251 0.000 0.000 0.232 0.292 0.292 0.000 0.582 0.602 0.582 0.542 0.532 0.612 0.552 0.000 0.550 0.350 0.280 0.420 0.570 0.470 0.470 0.540 0.620 0.000 0.000 0.031 0.000 0.098 0.000 0.000 0.429 0.000 0.678 0.000 0.078 0.058 0.058 0.000 0.138 0.408 0.408 0.000 0.258 0.000 0.169 0.719
0.203 0.008 0.000 0.000 0.000 0.000 0.000 0.000 0.037 0.000 0.000 0.218 0.158 0.348 0.238 0.000 0.130 0.130 0.000 0.000 0.001 0.002 0.000 0.000 0.000 0.002 0.000 0.007 0.381 0.301 0.351 0.331 0.000 0.000 0.000 0.000 0.000 0.000 0.442 0.502 0.512 0.602 0.572 0.662 0.572 0.000 0.380 0.000 0.000 0.080 0.330 0.330 0.000 0.620 0.620 0.110 0.170 0.000 0.004 0.124 0.000 0.369 0.003 0.078 0.000 0.388 0.000 0.000 0.000 0.058 0.368 0.000 0.028 0.138 0.398 0.000 2.109
0.070 0.033 0.000 0.000 0.000 0.000 0.000 0.000 0.048 0.098 0.002 0.000 0.010 0.029 0.139 0.099 0.006 0.000 0.403 0.403 0.001 0.000 0.096 0.206 0.106 0.000 0.089 0.011 0.000 0.331 0.191 0.301 0.000 0.000 0.000 0.000 0.000 0.000 0.082 0.232 0.592 0.582 0.592 0.272 0.282 0.000 0.190 0.350 0.360 0.000 0.110 0.110 0.160 0.640 0.340 0.080 0.000 0.027 0.337 0.000 0.000 0.359 0.379 0.279 0.000 0.268 0.198 0.198 0.398 0.000 0.022 0.000 0.000 0.488 0.000 2.179 1.859
