includes/camargue/floodfiles/results_R2_t1.562344511003E12/res-0004.wd
ncols         906
nrows         631
xllcorner     362177.146667
yllcorner     6534725.688020
cellsize      20.000000
NODATA_value  -9999.000000
[rows 510 to 543 of 631, columns 231 to 307 of 906]
4.749 4.794 4.885 4.885 4.938 4.991 5.045 5.099 5.154 5.190 5.201 5.211 5.222 5.233 5.244 5.276 5.308 5.340 5.405 5.405 5.436 5.466 5.497 5.527 5.557 5.587 5.608 5.629 5.650 5.671 5.692 5.713 5.666 5.610 5.497 5.497 5.440 5.384 5.328 5.305 5.290 5.275 5.259 5.232 5.188 5.144 5.100 5.077 5.077 5.077 5.076 5.076 5.076 5.076 5.061 5.024 4.987 4.949 4.912 4.875 4.838 4.845 4.864 4.882 4.900 4.918 4.878 4.878 4.727 4.651 4.576 4.500 4.424 4.380 4.378 4.377 4.375
4.871 4.916 5.007 5.007 5.052 5.098 5.143 5.191 5.245 5.284 5.295 5.314 5.346 5.379 5.411 5.443 5.476 5.508 5.572 5.572 5.604 5.634 5.664 5.694 5.724 5.754 5.784 5.814 5.844 5.866 5.888 5.909 5.857 5.801 5.710 5.710 5.695 5.680 5.664 5.649 5.633 5.618 5.603 5.575 5.531 5.487 5.442 5.398 5.354 5.310 5.276 5.276 5.276 5.276 5.267 5.230 5.192 5.155 5.147 5.165 5.183 5.202 5.220 5.238 5.256 5.275 5.249 5.249 5.098 5.022 4.946 4.871 4.795 4.719 4.644 4.568 4.493
4.932 4.977 5.068 5.068 5.113 5.159 5.204 5.249 5.295 5.333 5.365 5.397 5.430 5.462 5.495 5.527 5.559 5.591 5.656 5.656 5.687 5.717 5.747 5.778 5.808 5.838 5.868 5.898 5.928 5.958 5.985 6.006 5.952 5.913 5.882 5.882 5.867 5.851 5.836 5.820 5.805 5.790 5.775 5.746 5.702 5.658 5.614 5.569 5.525 5.481 5.437 5.437 5.376 5.376 5.370 5.332 5.295 5.307 5.325 5.343 5.361 5.380 5.398 5.416 5.434 5.453 5.435 5.434 5.283 5.207 5.132 5.056 4.980 4.905 4.829 4.754 4.678
4.993 5.038 5.129 5.129 5.174 5.220 5.265 5.311 5.388 5.444 5.449 5.481 5.513 5.546 5.578 5.610 5.643 5.675 5.740 5.740 5.771 5.801 5.831 5.861 5.891 5.921 5.951 5.981 6.011 6.041 6.071 6.104 6.101 6.085 6.054 6.054 6.038 6.023 6.008 5.992 5.977 5.962 5.946 5.917 5.873 5.829 5.785 5.741 5.696 5.652 5.608 5.608 5.519 5.476 5.472 5.448 5.467 5.485 5.503 5.521 5.539 5.558 5.576 5.594 5.612 5.631 5.620 5.620 5.469 5.393 5.317 5.241 5.166 5.090 5.015 4.939 4.864
5.054 5.099 5.190 5.190 5.235 5.281 5.349 5.433 5.518 5.571 5.576 5.580 5.597 5.630 5.662 5.694 5.726 5.759 5.823 5.823 5.855 5.884 5.914 5.945 5.975 6.005 6.035 6.065 6.095 6.126 6.165 6.203 6.235 6.257 6.226 6.226 6.210 6.195 6.179 6.164 6.149 6.133 6.118 6.088 6.044 6.000 5.956 5.912 5.868 5.823 5.779 5.779 5.690 5.646 5.590 5.626 5.645 5.663 5.681 5.699 5.718 5.736 5.754 5.772 5.791 5.809 5.805 5.805 5.654 5.578 5.502 5.427 5.351 5.276 5.200 5.124 5.049
5.115 5.160 5.251 5.251 5.309 5.394 5.479 5.564 5.649 5.698 5.703 5.707 5.712 5.716 5.745 5.778 5.810 5.842 5.907 5.907 5.938 5.968 5.998 6.028 6.058 6.088 6.118 6.148 6.187 6.225 6.264 6.302 6.334 6.366 6.398 6.398 6.382 6.367 6.351 6.336 6.320 6.305 6.290 6.260 6.216 6.171 6.127 6.083 6.039 5.995 5.950 5.950 5.851 5.785 5.721 5.765 5.809 5.841 5.859 5.877 5.895 5.914 5.932 5.950 5.968 5.987 5.991 5.991 5.839 5.764 5.688 5.612 5.537 5.461 5.385 5.310 5.234
5.176 5.221 5.354 5.354 5.439 5.524 5.609 5.694 5.779 5.825 5.829 5.834 5.839 5.843 5.848 5.861 5.894 5.926 5.990 5.990 6.022 6.052 6.082 6.112 6.142 6.172 6.209 6.248 6.286 6.325 6.363 6.401 6.433 6.465 6.529 6.529 6.554 6.538 6.523 6.507 6.492 6.477 6.461 6.431 6.387 6.342 6.298 6.254 6.210 6.166 6.117 6.117 5.984 5.918 5.852 5.896 5.940 5.984 6.028 6.055 6.073 6.092 6.110 6.128 6.146 6.165 6.176 6.176 6.025 5.949 5.873 5.798 5.722 5.646 5.571 5.495 5.409
5.237 5.315 5.485 5.485 5.570 5.655 5.740 5.825 5.910 5.952 5.956 5.961 5.965 5.970 5.974 5.979 5.983 6.010 6.074 6.074 6.105 6.135 6.165 6.195 6.231 6.270 6.309 6.347 6.386 6.424 6.463 6.500 6.532 6.564 6.628 6.628 6.660 6.692 6.695 6.679 6.664 6.648 6.633 6.602 6.558 6.514 6.469 6.425 6.381 6.316 6.250 6.250 6.118 6.051 5.985 6.027 6.070 6.114 6.158 6.202 6.246 6.270 6.288 6.306 6.324 6.343 6.361 6.361 6.210 6.134 6.059 5.983 5.907 5.832 5.745 5.658 5.571
5.360 5.445 5.615 5.615 5.700 5.785 5.870 5.955 6.040 6.078 6.083 6.087 6.092 6.097 6.101 6.106 6.110 6.115 6.158 6.158 6.189 6.219 6.254 6.292 6.331 6.369 6.408 6.446 6.485 6.524 6.562 6.599 6.631 6.663 6.727 6.727 6.759 6.791 6.823 6.851 6.835 6.820 6.805 6.773 6.729 6.685 6.641 6.582 6.516 6.449 6.383 6.383 6.251 6.184 6.118 6.157 6.201 6.245 6.289 6.333 6.377 6.421 6.465 6.484 6.502 6.521 6.539 6.539 6.396 6.320 6.244 6.168 6.081 5.994 5.907 5.820 5.732
5.490 5.575 5.745 5.745 5.830 5.915 6.000 6.085 6.170 6.205 6.210 6.214 6.219 6.223 6.228 6.232 6.237 6.241 6.250 6.250 6.276 6.315 6.353 6.392 6.430 6.469 6.507 6.546 6.584 6.623 6.661 6.698 6.730 6.762 6.826 6.826 6.858 6.890 6.922 6.954 6.986 6.992 6.976 6.944 6.900 6.847 6.781 6.715 6.649 6.583 6.516 6.516 6.384 6.317 6.251 6.288 6.332 6.376 6.420 6.464 6.508 6.552 6.596 6.640 6.680 6.699 6.717 6.717 6.581 6.504 6.417 6.330 6.243 6.155 6.068 5.981 5.894
5.680 5.710 5.875 5.875 5.960 6.045 6.130 6.215 6.300 6.332 6.336 6.341 6.346 6.350 6.355 6.359 6.364 6.368 6.373 6.373 6.388 6.414 6.452 6.491 6.530 6.568 6.606 6.645 6.684 6.722 6.761 6.798 6.830 6.862 6.925 6.925 6.957 6.989 7.021 7.053 7.085 7.117 7.148 7.113 7.047 6.980 6.914 6.848 6.782 6.716 6.649 6.649 6.517 6.451 6.384 6.419 6.463 6.507 6.550 6.594 6.638 6.682 6.726 6.770 6.814 6.858 6.895 6.895 6.753 6.666 6.579 6.491 6.404 6.317 6.230 6.142 6.055
5.891 5.920 6.006 6.006 6.091 6.176 6.261 6.346 6.431 6.459 6.463 6.468 6.472 6.477 6.481 6.486 6.489 6.491 6.494 6.494 6.510 6.533 6.556 6.590 6.629 6.667 6.706 6.744 6.783 6.821 6.860 6.897 6.929 6.961 7.025 7.024 7.056 7.088 7.120 7.152 7.184 7.216 7.222 7.215 7.180 7.114 7.048 6.981 6.915 6.849 6.783 6.783 6.650 6.584 6.518 6.549 6.593 6.637 6.681 6.725 6.769 6.813 6.857 6.901 6.945 6.989 6.964 6.964 6.915 6.827 6.740 6.653 6.566 6.478 6.391 6.304 6.217
6.101 6.131 6.190 6.190 6.221 6.306 6.391 6.476 6.561 6.585 6.590 6.595 6.599 6.604 6.607 6.609 6.610 6.612 6.615 6.615 6.633 6.656 6.679 6.702 6.728 6.767 6.805 6.844 6.882 6.921 6.959 6.996 7.028 7.060 7.124 7.124 7.155 7.187 7.219 7.251 7.260 7.264 7.269 7.262 7.250 7.237 7.181 7.114 7.048 6.982 6.916 6.916 6.783 6.717 6.651 6.680 6.724 6.768 6.812 6.856 6.900 6.944 6.988 7.032 7.034 7.000 6.967 6.967 6.994 6.989 6.902 6.814 6.727 6.640 6.553 6.465 6.378
6.312 6.342 6.401 6.401 6.431 6.460 6.521 6.606 6.691 6.712 6.717 6.721 6.725 6.727 6.728 6.730 6.731 6.733 6.736 6.736 6.755 6.778 6.801 6.824 6.847 6.870 6.905 6.943 6.982 7.020 7.059 7.095 7.127 7.159 7.223 7.223 7.255 7.287 7.298 7.303 7.307 7.312 7.317 7.310 7.297 7.284 7.271 7.248 7.181 7.115 7.049 7.049 6.916 6.850 6.784 6.811 6.855 6.899 6.943 6.987 7.030 7.074 7.105 7.071 7.037 7.004 6.970 6.970 6.996 7.017 7.039 6.976 6.889 6.801 6.714 6.627 6.539
6.312 6.342 6.401 6.401 6.430 6.460 6.521 6.606 6.691 6.712 6.717 6.721 6.725 6.727 6.728 6.730 6.731 6.733 6.736 6.736 6.755 6.778 6.801 6.824 6.847 6.870 6.905 6.943 6.982 7.020 7.059 7.095 7.127 7.159 7.223 7.223 7.255 7.287 7.298 7.303 7.307 7.312 7.317 7.309 7.297 7.284 7.271 7.248 7.181 7.115 7.049 7.049 6.916 6.850 6.784 6.811 6.855 6.899 6.942 6.986 7.030 7.074 7.104 7.071 7.037 7.003 6.970 6.969 6.995 7.017 7.039 6.976 6.888 6.801 6.714 6.626 6.539
6.523 6.552 6.611 6.611 6.641 6.671 6.700 6.737 6.822 6.839 6.843 6.844 6.846 6.848 6.849 6.851 6.852 6.854 6.857 6.857 6.877 6.900 6.923 6.946 6.969 6.992 7.015 7.043 7.081 7.120 7.158 7.194 7.226 7.258 7.322 7.322 7.337 7.341 7.346 7.350 7.355 7.360 7.364 7.357 7.344 7.331 7.318 7.305 7.292 7.248 7.182 7.182 7.049 6.983 6.917 6.942 6.986 7.030 7.073 7.117 7.161 7.141 7.108 7.074 7.040 7.006 6.973 6.973 6.997 7.019 7.041 7.063 7.050 6.962 6.875 6.788 6.701
6.733 6.763 6.822 6.822 6.852 6.881 6.911 6.941 6.969 6.962 6.964 6.965 6.967 6.968 6.970 6.972 6.973 6.975 6.978 6.978 7.000 7.023 7.046 7.069 7.091 7.114 7.137 7.160 7.183 7.219 7.258 7.293 7.325 7.357 7.380 7.380 7.384 7.389 7.393 7.398 7.402 7.407 7.412 7.404 7.391 7.378 7.365 7.352 7.339 7.326 7.313 7.313 7.183 7.116 7.050 7.072 7.116 7.160 7.204 7.212 7.178 7.145 7.111 7.077 7.043 7.010 6.976 6.976 6.999 7.021 7.043 7.065 7.087 7.109 7.037 6.949 6.862
7.154 7.184 7.243 7.243 7.270 7.293 7.317 7.340 7.358 7.310 7.262 7.214 7.209 7.210 7.212 7.214 7.215 7.217 7.222 7.221 7.244 7.267 7.290 7.313 7.336 7.359 7.382 7.405 7.428 7.451 7.495 7.472 7.461 7.466 7.475 7.475 7.479 7.484 7.489 7.493 7.498 7.502 7.507 7.498 7.485 7.472 7.459 7.446 7.433 7.420 7.407 7.407 7.381 7.368 7.316 7.334 7.320 7.286 7.252 7.219 7.185 7.151 7.117 7.084 7.050 7.016 6.982 6.982 7.003 7.025 7.047 7.069 7.091 7.113 7.135 7.156 7.178
7.365 7.395 7.444 7.444 7.467 7.490 7.514 7.537 7.549 7.501 7.453 7.405 7.357 7.331 7.333 7.335 7.336 7.338 7.344 7.344 7.367 7.390 7.413 7.436 7.458 7.481 7.504 7.527 7.576 7.656 7.737 7.701 7.583 7.513 7.522 7.522 7.527 7.531 7.536 7.541 7.545 7.550 7.554 7.545 7.532 7.519 7.506 7.493 7.480 7.467 7.454 7.454 7.428 7.415 7.438 7.357 7.323 7.289 7.256 7.222 7.188 7.154 7.121 7.087 7.053 7.019 6.985 6.985 7.005 7.027 7.049 7.071 7.093 7.115 7.136 7.158 7.187
7.571 7.594 7.641 7.641 7.664 7.687 7.711 7.734 7.740 7.692 7.644 7.596 7.548 7.500 7.454 7.456 7.457 7.459 7.466 7.466 7.489 7.512 7.535 7.558 7.581 7.604 7.657 7.737 7.817 7.898 7.978 7.929 7.811 7.693 7.570 7.570 7.574 7.579 7.584 7.588 7.593 7.597 7.602 7.592 7.579 7.566 7.553 7.540 7.527 7.514 7.501 7.501 7.495 7.561 7.627 7.540 7.400 7.293 7.259 7.225 7.191 7.158 7.124 7.090 7.056 7.023 6.989 6.989 7.007 7.029 7.051 7.073 7.095 7.117 7.138 7.189 7.265
7.768 7.791 7.838 7.838 7.861 7.884 7.907 7.931 7.931 7.883 7.835 7.787 7.739 7.691 7.643 7.594 7.578 7.580 7.588 7.588 7.611 7.634 7.657 7.680 7.738 7.818 7.898 7.979 8.059 8.140 8.220 8.157 8.039 7.922 7.686 7.686 7.622 7.627 7.631 7.636 7.640 7.645 7.649 7.639 7.626 7.613 7.600 7.587 7.574 7.561 7.552 7.551 7.683 7.749 7.815 7.730 7.590 7.449 7.309 7.228 7.195 7.161 7.127 7.093 7.059 7.026 6.992 6.992 7.009 7.031 7.053 7.075 7.097 7.118 7.190 7.266 7.342
7.965 7.988 8.035 8.035 8.058 8.081 8.104 8.128 8.122 8.074 8.026 7.978 7.930 7.882 7.834 7.785 7.737 7.701 7.711 7.711 7.734 7.757 7.818 7.899 7.979 8.060 8.140 8.221 8.301 8.381 8.462 8.385 8.268 8.150 7.914 7.914 7.797 7.679 7.679 7.683 7.688 7.693 7.697 7.686 7.673 7.660 7.647 7.634 7.621 7.674 7.740 7.740 7.872 7.938 8.004 7.920 7.780 7.639 7.499 7.358 7.218 7.164 7.130 7.096 7.063 7.029 6.995 6.995 7.011 7.033 7.055 7.077 7.116 7.192 7.268 7.344 7.420
8.162 8.185 8.232 8.232 8.255 8.278 8.301 8.325 8.313 8.265 8.217 8.169 8.121 8.073 8.024 7.976 7.928 7.880 7.833 7.833 7.899 7.980 8.060 8.141 8.221 8.302 8.382 8.462 8.543 8.623 8.703 8.614 8.496 8.378 8.143 8.143 8.025 7.907 7.789 7.731 7.736 7.740 7.744 7.733 7.721 7.708 7.695 7.732 7.797 7.863 7.929 7.929 8.061 8.127 8.192 8.110 7.970 7.829 7.689 7.548 7.408 7.267 7.133 7.100 7.066 7.032 6.998 6.998 7.013 7.035 7.057 7.118 7.194 7.270 7.346 7.422 7.498
8.369 8.382 8.429 8.429 8.452 8.475 8.498 8.522 8.504 8.456 8.408 8.360 8.312 8.263 8.215 8.167 8.119 8.071 8.076 8.075 8.141 8.221 8.302 8.382 8.463 8.543 8.624 8.704 8.784 8.865 8.945 8.842 8.724 8.606 8.371 8.371 8.253 8.135 8.018 7.900 7.783 7.788 7.792 7.781 7.768 7.789 7.854 7.920 7.986 8.052 8.118 8.118 8.249 8.315 8.381 8.300 8.160 8.019 7.879 7.738 7.598 7.457 7.317 7.176 7.069 7.035 7.001 7.001 7.015 7.043 7.119 7.195 7.272 7.348 7.424 7.500 7.576
8.584 8.595 8.626 8.626 8.649 8.672 8.695 8.719 8.695 8.647 8.599 8.551 8.503 8.454 8.406 8.370 8.357 8.343 8.355 8.355 8.407 8.463 8.544 8.624 8.704 8.785 8.865 8.946 9.026 9.106 9.187 9.070 8.952 8.834 8.599 8.599 8.481 8.364 8.246 8.128 8.010 7.893 7.840 7.846 7.911 7.977 8.043 8.109 8.175 8.241 8.306 8.306 8.438 8.504 8.570 8.490 8.350 8.210 8.069 7.928 7.788 7.647 7.507 7.366 7.226 7.085 7.005 7.005 7.045 7.121 7.197 7.273 7.349 7.425 7.501 7.577 7.653
8.799 8.810 8.832 8.832 8.846 8.869 8.892 8.916 8.886 8.838 8.790 8.742 8.694 8.669 8.655 8.642 8.629 8.615 8.635 8.635 8.687 8.738 8.790 8.866 8.946 9.026 9.107 9.187 9.268 9.348 9.416 9.298 9.180 9.063 8.827 8.827 8.709 8.592 8.474 8.356 8.239 8.114 7.954 8.034 8.100 8.166 8.232 8.298 8.363 8.429 8.495 8.495 8.627 8.693 8.759 8.681 8.540 8.400 8.259 8.118 7.978 7.837 7.697 7.556 7.416 7.275 7.135 7.135 7.123 7.199 7.275 7.351 7.427 7.503 7.579 7.655 7.731
9.014 9.025 9.047 9.047 9.058 9.069 9.089 9.113 9.077 9.029 8.981 8.967 8.954 8.941 8.927 8.914 8.901 8.887 8.915 8.915 8.967 9.018 9.070 9.121 9.188 9.268 9.349 9.429 9.509 9.590 9.644 9.527 9.409 9.291 9.055 9.055 8.938 8.820 8.702 8.577 8.417 8.258 8.104 8.191 8.278 8.355 8.421 8.486 8.552 8.618 8.684 8.684 8.816 8.881 8.947 8.870 8.730 8.589 8.449 8.308 8.168 8.027 7.887 7.746 7.606 7.474 7.351 7.351 7.294 7.317 7.353 7.429 7.505 7.581 7.657 7.733 7.809
9.229 9.240 9.262 9.262 9.273 9.284 9.295 9.309 9.279 9.266 9.253 9.239 9.226 9.213 9.199 9.186 9.173 9.159 9.195 9.195 9.247 9.298 9.350 9.401 9.453 9.510 9.590 9.671 9.751 9.831 9.873 9.755 9.637 9.519 9.284 9.284 9.166 9.040 8.880 8.721 8.561 8.401 8.260 8.347 8.434 8.521 8.608 8.675 8.741 8.807 8.873 8.872 9.004 9.070 9.136 9.060 8.920 8.779 8.639 8.498 8.358 8.217 8.077 7.938 7.815 7.691 7.567 7.567 7.496 7.520 7.543 7.566 7.590 7.659 7.735 7.811 7.887
9.444 9.455 9.477 9.477 9.488 9.499 9.460 9.409 9.551 9.538 9.525 9.511 9.498 9.485 9.472 9.458 9.445 9.431 9.475 9.475 9.527 9.578 9.630 9.681 9.733 9.784 9.836 9.912 9.993 10.073 10.101 9.983 9.865 9.747 9.503 9.503 9.343 9.184 9.024 8.864 8.705 8.545 8.416 8.503 8.590 8.677 8.764 8.852 8.929 8.995 9.061 9.061 9.193 9.259 9.324 9.250 9.110 8.969 8.829 8.688 8.548 8.407 8.279 8.155 8.031 7.908 7.784 7.784 7.699 7.722 7.746 7.769 7.792 7.815 7.839 7.889 7.965
9.659 9.670 9.688 9.688 9.627 9.565 9.503 9.485 9.634 9.782 9.797 9.783 9.770 9.757 9.744 9.730 9.717 9.703 9.755 9.755 9.807 9.858 9.910 9.961 10.013 10.064 10.116 10.167 10.234 10.315 10.329 10.211 10.093 9.966 9.647 9.647 9.487 9.327 9.167 9.008 8.848 8.689 8.572 8.659 8.746 8.833 8.921 9.008 9.095 9.182 9.250 9.250 9.381 9.447 9.513 9.441 9.300 9.159 9.019 8.878 8.742 8.619 8.495 8.371 8.248 8.124 8.000 8.000 7.902 7.925 7.948 7.972 7.995 8.018 8.041 8.064 8.088
9.659 9.670 9.688 9.688 9.627 9.565 9.503 9.485 9.634 9.782 9.797 9.783 9.770 9.757 9.743 9.730 9.717 9.703 9.755 9.755 9.807 9.858 9.910 9.961 10.013 10.064 10.116 10.167 10.234 10.315 10.329 10.211 10.093 9.966 9.647 9.647 9.487 9.327 9.167 9.008 8.848 8.688 8.572 8.659 8.746 8.833 8.920 9.007 9.094 9.182 9.250 9.249 9.381 9.447 9.513 9.440 9.300 9.159 9.019 8.878 8.742 8.619 8.495 8.371 8.248 8.124 8.000 8.000 7.901 7.925 7.948 7.971 7.994 8.018 8.041 8.064 8.088
9.873 9.855 9.732 9.732 9.670 9.609 9.547 9.562 9.710 9.859 10.007 10.055 10.042 10.029 10.015 10.002 9.989 9.975 10.035 10.035 10.086 10.138 10.190 10.241 10.292 10.344 10.395 10.447 10.498 10.556 10.557 10.429 10.269 10.109 9.790 9.790 9.630 9.471 9.311 9.151 8.992 8.832 8.728 8.815 8.902 8.989 9.077 9.164 9.251 9.338 9.425 9.425 9.570 9.636 9.702 9.630 9.490 9.349 9.209 9.082 8.959 8.835 8.712 8.588 8.464 8.341 8.217 8.217 8.104 8.127 8.151 8.174 8.197 8.220 8.244 8.267 8.290
9.960 9.899 9.775 9.775 9.714 9.652 9.591 9.638 9.787 9.935 10.084 10.232 10.314 10.301 10.288 10.274 10.261 10.247 10.315 10.315 10.366 10.418 10.469 10.521 10.572 10.624 10.675 10.727 10.778 10.729 10.697 10.573 10.413 10.253 9.934 9.934 9.774 9.614 9.455 9.295 9.135 8.975 8.884 8.971 9.058 9.145 9.232 9.320 9.407 9.494 9.581 9.581 9.755 9.824 9.890 9.820 9.680 9.546 9.423 9.299 9.175 9.052 8.928 8.804 8.681 8.557 8.434 8.433 8.307 8.330 8.353 8.377 8.400 8.423 8.446 8.469 8.493
10.048 9.986 9.863 9.863 9.801 9.740 9.678 9.792 9.940 10.089 10.237 10.385 10.534 10.682 10.831 10.818 10.805 10.792 10.875 10.875 10.926 10.978 11.029 11.081 11.003 10.848 10.693 10.538 10.382 10.227 10.251 10.351 10.450 10.540 10.221 10.221 10.061 9.901 9.742 9.582 9.422 9.263 9.196 9.284 9.371 9.458 9.545 9.632 9.719 9.806 9.893 9.893 10.067 10.154 10.120 10.146 10.103 9.980 9.856 9.732 9.609 9.485 9.361 9.238 9.114 8.990 8.867 8.867 8.712 8.735 8.759 8.782 8.805 8.828 8.852 8.875 8.898
