includes/camargue/floodfiles/results_R2_t1.562344511003E12/res-0011.wd
ncols         906
nrows         631
xllcorner     362177.146667
yllcorner     6534725.688020
cellsize      20.000000
NODATA_value  -9999.000000
[rows 408 to 441 of 631, columns 693 to 769 of 906]
0.054 0.053 0.053 0.055 0.059 0.064 0.070 0.074 0.072 0.081 0.081 0.000 0.058 0.039 0.026 0.017 0.011 0.007 0.005 0.003 0.002 0.001 0.000 0.001 0.001 0.000 0.000 0.000 0.000 0.000 0.000 0.000 0.007 0.000 0.000 0.000 0.002 0.044 0.000 0.000 0.000 0.000 0.000 0.000 0.000 0.000 0.000 0.000 0.000 0.000 0.001 0.000 0.000 0.000 0.000 0.000 0.002 0.001 0.000 0.001 0.000 0.000 0.001 0.001 0.001 0.001 0.002 0.002 0.002 0.002 0.002 0.002 0.004 0.002 0.002 0.002 0.002
0.054 0.055 0.056 0.059 0.062 0.067 0.071 0.075 0.073 0.081 0.079 0.063 0.059 0.049 0.040 0.032 0.026 0.020 0.006 0.003 0.002 0.001 0.000 0.001 0.001 0.000 0.000 0.000 0.002 0.003 0.004 0.005 0.006 0.000 0.000 0.407 0.003 0.000 0.000 0.000 0.000 0.000 0.000 0.000 0.000 0.000 0.000 0.000 0.001 0.001 0.000 0.000 0.000 0.000 0.000 0.000 0.002 0.001 0.001 0.000 0.000 0.001 0.001 0.002 0.002 0.002 0.002 0.002 0.002 0.002 0.002 0.002 0.005 0.002 0.002 0.003 0.003
0.058 0.061 0.063 0.066 0.069 0.073 0.077 0.081 0.078 0.086 0.086 0.077 0.071 0.063 0.057 0.052 0.039 0.021 0.006 0.003 0.002 0.001 0.001 0.001 0.002 0.001 0.001 0.000 0.006 0.006 0.006 0.007 0.008 0.002 0.000 0.000 0.406 0.000 0.000 0.000 0.000 0.000 0.001 0.001 0.000 0.001 0.001 0.001 0.001 0.000 0.001 0.001 0.001 0.001 0.001 0.001 0.004 0.002 0.002 0.002 0.003 0.003 0.003 0.004 0.004 0.004 0.004 0.004 0.004 0.004 0.004 0.004 0.008 0.005 0.005 0.005 0.005
0.043 0.046 0.049 0.051 0.055 0.058 0.062 0.065 0.062 0.070 0.071 0.065 0.059 0.054 0.049 0.046 0.034 0.016 0.004 0.001 0.001 0.000 0.000 0.000 0.001 0.000 0.001 0.000 0.005 0.004 0.005 0.005 0.005 0.000 0.000 0.000 0.406 0.000 0.000 0.000 0.000 0.000 0.000 0.000 0.000 0.000 0.000 0.000 0.000 0.000 0.000 0.000 0.000 0.001 0.001 0.000 0.002 0.000 0.001 0.001 0.001 0.001 0.001 0.002 0.002 0.002 0.002 0.002 0.002 0.002 0.002 0.002 0.005 0.002 0.002 0.003 0.002
0.040 0.043 0.044 0.047 0.051 0.054 0.058 0.062 0.059 0.069 0.072 0.068 0.064 0.062 0.059 0.043 0.028 0.013 0.003 0.001 0.001 0.000 0.000 0.000 0.001 0.000 0.000 0.003 0.004 0.005 0.005 0.005 0.004 0.003 0.000 0.000 0.001 0.000 0.000 0.000 0.000 0.000 0.000 0.000 0.000 0.000 0.000 0.000 0.000 0.000 0.000 0.000 0.001 0.000 0.000 0.000 0.002 0.000 0.001 0.001 0.001 0.001 0.002 0.002 0.002 0.002 0.002 0.002 0.002 0.002 0.002 0.002 0.005 0.002 0.002 0.003 0.002
0.035 0.037 0.039 0.041 0.044 0.047 0.050 0.055 0.053 0.065 0.071 0.071 0.070 0.063 0.050 0.036 0.022 0.009 0.002 0.001 0.000 0.000 0.000 0.000 0.002 0.001 0.003 0.003 0.004 0.004 0.004 0.004 0.004 0.003 0.002 0.003 0.003 0.000 0.000 0.001 0.000 0.000 0.000 0.000 0.000 0.000 0.000 0.000 0.000 0.000 0.000 0.000 0.000 0.000 0.000 0.000 0.002 0.001 0.000 0.001 0.001 0.001 0.001 0.001 0.002 0.002 0.002 0.002 0.002 0.002 0.002 0.002 0.004 0.002 0.002 0.002 0.002
0.041 0.045 0.048 0.052 0.056 0.060 0.065 0.070 0.073 0.085 0.090 0.078 0.068 0.057 0.045 0.032 0.019 0.008 0.002 0.001 0.001 0.001 0.001 0.000 0.002 0.001 0.000 0.005 0.005 0.005 0.005 0.005 0.004 0.004 0.003 0.003 0.000 0.000 0.000 0.000 0.000 0.000 0.000 0.000 0.000 0.000 0.000 0.000 0.000 0.000 0.000 0.000 0.000 0.000 0.000 0.000 0.002 0.001 0.001 0.001 0.001 0.002 0.002 0.002 0.002 0.002 0.002 0.002 0.002 0.002 0.002 0.002 0.004 0.002 0.002 0.002 0.002
0.042 0.046 0.050 0.055 0.060 0.065 0.071 0.079 0.083 0.092 0.082 0.070 0.060 0.048 0.036 0.025 0.014 0.006 0.002 0.001 0.001 0.001 0.001 0.001 0.003 0.001 0.003 0.005 0.005 0.005 0.005 0.004 0.004 0.003 0.002 0.002 0.002 0.022 0.032 0.058 0.058 0.000 0.000 0.000 0.000 0.000 0.000 0.000 0.000 0.000 0.000 0.000 0.000 0.000 0.000 0.000 0.002 0.000 0.001 0.001 0.001 0.002 0.002 0.002 0.002 0.002 0.002 0.002 0.002 0.002 0.002 0.002 0.005 0.002 0.002 0.002 0.002
0.043 0.048 0.053 0.059 0.065 0.073 0.081 0.089 0.095 0.083 0.073 0.063 0.052 0.041 0.030 0.019 0.010 0.004 0.002 0.002 0.002 0.002 0.002 0.002 0.003 0.002 0.003 0.005 0.005 0.005 0.004 0.003 0.002 0.002 0.004 0.003 0.003 0.000 0.084 0.000 0.000 0.000 0.000 0.000 0.000 0.000 0.000 0.000 0.000 0.000 0.000 0.000 0.000 0.000 0.000 0.000 0.002 0.000 0.001 0.001 0.002 0.002 0.002 0.002 0.002 0.002 0.002 0.002 0.002 0.002 0.002 0.002 0.005 0.002 0.002 0.002 0.002
0.046 0.052 0.058 0.066 0.074 0.083 0.093 0.095 0.101 0.074 0.065 0.055 0.045 0.035 0.025 0.015 0.007 0.003 0.002 0.002 0.002 0.002 0.002 0.002 0.004 0.002 0.003 0.004 0.004 0.003 0.002 0.003 0.002 0.003 0.000 0.004 0.004 0.003 0.000 0.001 0.000 0.000 0.000 0.000 0.000 0.000 0.000 0.000 0.000 0.000 0.000 0.000 0.000 0.000 0.000 0.000 0.002 0.001 0.001 0.001 0.002 0.002 0.002 0.002 0.002 0.002 0.002 0.002 0.002 0.002 0.002 0.002 0.005 0.002 0.002 0.002 0.003
0.050 0.057 0.066 0.075 0.084 0.095 0.097 0.087 0.094 0.066 0.057 0.048 0.039 0.029 0.020 0.011 0.006 0.003 0.002 0.002 0.002 0.002 0.002 0.002 0.003 0.001 0.002 0.002 0.002 0.003 0.002 0.002 0.002 0.004 0.000 0.000 0.006 0.005 0.000 0.000 0.000 0.000 0.000 0.000 0.000 0.000 0.000 0.000 0.000 0.000 0.000 0.000 0.000 0.000 0.000 0.000 0.002 0.000 0.001 0.001 0.002 0.002 0.002 0.002 0.002 0.002 0.002 0.002 0.002 0.002 0.002 0.002 0.005 0.002 0.002 0.003 0.003
0.056 0.065 0.075 0.086 0.098 0.098 0.089 0.080 0.087 0.058 0.050 0.041 0.032 0.024 0.015 0.009 0.004 0.003 0.002 0.002 0.002 0.002 0.002 0.001 0.003 0.001 0.001 0.002 0.002 0.002 0.002 0.003 0.003 0.003 0.003 0.000 0.000 0.007 0.011 0.013 0.009 0.005 0.003 0.001 0.000 0.001 0.000 0.000 0.000 0.000 0.000 0.000 0.000 0.000 0.001 0.000 0.002 0.001 0.001 0.001 0.002 0.002 0.002 0.002 0.002 0.002 0.002 0.002 0.002 0.002 0.002 0.002 0.005 0.002 0.003 0.003 0.003
0.064 0.075 0.087 0.099 0.099 0.090 0.082 0.073 0.079 0.051 0.043 0.035 0.027 0.019 0.012 0.006 0.003 0.002 0.002 0.002 0.002 0.002 0.001 0.001 0.001 0.001 0.001 0.002 0.002 0.002 0.002 0.003 0.003 0.003 0.004 0.000 0.000 0.055 0.065 0.000 0.000 0.004 0.003 0.002 0.001 0.001 0.000 0.001 0.000 0.000 0.000 0.000 0.000 0.000 0.000 0.000 0.002 0.001 0.001 0.001 0.002 0.002 0.002 0.002 0.002 0.002 0.002 0.002 0.002 0.002 0.002 0.002 0.005 0.003 0.003 0.003 0.003
0.074 0.087 0.100 0.099 0.091 0.083 0.075 0.066 0.072 0.045 0.037 0.029 0.022 0.015 0.009 0.005 0.003 0.002 0.002 0.002 0.001 0.001 0.001 0.000 0.000 0.001 0.001 0.002 0.002 0.002 0.002 0.003 0.003 0.003 0.005 0.000 0.000 0.106 0.000 0.000 0.000 0.004 0.003 0.003 0.002 0.001 0.001 0.001 0.000 0.001 0.000 0.000 0.000 0.000 0.000 0.000 0.002 0.001 0.001 0.001 0.002 0.002 0.002 0.002 0.002 0.003 0.003 0.003 0.003 0.003 0.003 0.002 0.005 0.003 0.003 0.003 0.003
0.086 0.101 0.098 0.091 0.084 0.076 0.068 0.060 0.065 0.038 0.031 0.024 0.017 0.011 0.007 0.004 0.003 0.002 0.002 0.001 0.000 0.000 0.000 0.001 0.000 0.001 0.002 0.002 0.002 0.002 0.002 0.003 0.003 0.003 0.004 0.003 0.000 0.000 0.000 0.000 0.000 0.003 0.003 0.003 0.002 0.002 0.001 0.001 0.001 0.000 0.000 0.000 0.001 0.000 0.000 0.000 0.002 0.001 0.001 0.001 0.002 0.002 0.002 0.002 0.002 0.002 0.003 0.003 0.003 0.003 0.003 0.002 0.005 0.003 0.003 0.003 0.003
0.101 0.097 0.090 0.084 0.077 0.069 0.061 0.053 0.059 0.033 0.026 0.020 0.013 0.009 0.005 0.003 0.002 0.002 0.001 0.001 0.000 0.000 0.001 0.000 0.001 0.000 0.000 0.002 0.002 0.002 0.002 0.003 0.003 0.003 0.004 0.004 0.003 0.000 0.000 0.000 0.000 0.002 0.003 0.003 0.003 0.002 0.002 0.001 0.001 0.001 0.001 0.001 0.000 0.001 0.000 0.000 0.002 0.001 0.001 0.002 0.002 0.002 0.002 0.002 0.002 0.002 0.002 0.003 0.003 0.003 0.003 0.002 0.006 0.003 0.003 0.003 0.003
0.096 0.088 0.082 0.075 0.069 0.062 0.055 0.047 0.052 0.027 0.021 0.016 0.010 0.007 0.004 0.002 0.002 0.001 0.000 0.000 0.001 0.001 0.000 0.001 0.000 0.000 0.001 0.001 0.002 0.002 0.003 0.003 0.003 0.003 0.004 0.004 0.003 0.002 0.001 0.001 0.000 0.002 0.003 0.004 0.005 0.012 0.006 0.001 0.001 0.001 0.001 0.001 0.001 0.000 0.000 0.001 0.002 0.001 0.001 0.002 0.002 0.002 0.002 0.002 0.002 0.002 0.002 0.003 0.003 0.003 0.003 0.003 0.006 0.003 0.003 0.003 0.003
0.099 0.080 0.070 0.065 0.060 0.054 0.048 0.041 0.046 0.023 0.018 0.012 0.008 0.005 0.003 0.002 0.001 0.000 0.001 0.001 0.000 0.000 0.000 0.001 0.000 0.000 0.000 0.000 0.001 0.002 0.002 0.003 0.003 0.003 0.003 0.004 0.004 0.002 0.002 0.001 0.000 0.006 0.017 0.012 0.010 0.008 0.002 0.000 0.000 0.001 0.001 0.001 0.001 0.001 0.001 0.000 0.003 0.001 0.002 0.002 0.002 0.002 0.002 0.002 0.002 0.002 0.002 0.003 0.003 0.003 0.004 0.003 0.007 0.003 0.003 0.003 0.003
0.124 0.098 0.079 0.067 0.057 0.048 0.042 0.036 0.041 0.019 0.015 0.011 0.007 0.005 0.003 0.002 0.001 0.002 0.002 0.002 0.002 0.002 0.002 0.003 0.001 0.002 0.002 0.002 0.002 0.003 0.004 0.005 0.005 0.006 0.007 0.008 0.008 0.009 0.014 0.023 0.024 0.013 0.011 0.007 0.005 0.003 0.000 0.000 0.000 0.000 0.001 0.002 0.002 0.003 0.003 0.002 0.006 0.003 0.003 0.004 0.003 0.004 0.004 0.004 0.004 0.004 0.005 0.005 0.005 0.005 0.006 0.005 0.012 0.007 0.007 0.007 0.007
0.110 0.083 0.061 0.048 0.039 0.032 0.027 0.024 0.028 0.012 0.009 0.006 0.004 0.002 0.001 0.001 0.000 0.000 0.000 0.000 0.000 0.001 0.001 0.001 0.000 0.000 0.000 0.001 0.000 0.001 0.001 0.002 0.002 0.003 0.003 0.004 0.005 0.006 0.013 0.023 0.023 0.012 0.010 0.007 0.004 0.002 0.000 0.000 0.000 0.000 0.000 0.001 0.001 0.001 0.001 0.001 0.003 0.002 0.002 0.002 0.002 0.002 0.002 0.002 0.002 0.002 0.002 0.002 0.002 0.003 0.003 0.003 0.007 0.003 0.004 0.004 0.004
0.123 0.093 0.065 0.046 0.036 0.029 0.024 0.019 0.023 0.007 0.006 0.004 0.002 0.001 0.000 0.000 0.000 0.000 0.000 0.000 0.001 0.000 0.000 0.001 0.000 0.000 0.000 0.000 0.000 0.001 0.001 0.002 0.002 0.003 0.005 0.017 0.027 0.023 0.020 0.018 0.019 0.008 0.005 0.003 0.001 0.000 0.000 0.000 0.000 0.000 0.000 0.000 0.001 0.001 0.001 0.001 0.004 0.002 0.002 0.002 0.002 0.002 0.002 0.002 0.002 0.002 0.002 0.002 0.002 0.003 0.003 0.002 0.008 0.004 0.004 0.004 0.004
0.131 0.099 0.070 0.044 0.030 0.023 0.018 0.014 0.018 0.005 0.004 0.002 0.001 0.000 0.001 0.000 0.000 0.000 0.000 0.001 0.000 0.000 0.001 0.001 0.000 0.000 0.000 0.000 0.001 0.000 0.001 0.001 0.002 0.007 0.024 0.025 0.021 0.018 0.016 0.013 0.015 0.004 0.002 0.000 0.000 0.000 0.000 0.000 0.000 0.000 0.000 0.000 0.000 0.001 0.001 0.001 0.003 0.001 0.002 0.002 0.002 0.002 0.002 0.002 0.002 0.002 0.002 0.002 0.002 0.002 0.002 0.002 0.007 0.004 0.004 0.004 0.004
0.143 0.141 0.107 0.075 0.046 0.027 0.020 0.015 0.020 0.005 0.004 0.002 0.001 0.000 0.000 0.001 0.001 0.001 0.001 0.000 0.001 0.001 0.001 0.002 0.001 0.000 0.001 0.000 0.001 0.001 0.001 0.002 0.005 0.022 0.032 0.022 0.015 0.010 0.008 0.006 0.007 0.000 0.000 0.000 0.000 0.000 0.000 0.000 0.000 0.000 0.000 0.000 0.000 0.000 0.001 0.001 0.004 0.002 0.002 0.002 0.002 0.002 0.002 0.002 0.002 0.002 0.002 0.003 0.003 0.003 0.003 0.003 0.008 0.004 0.004 0.005 0.005
0.142 0.160 0.127 0.094 0.062 0.033 0.019 0.013 0.018 0.004 0.003 0.002 0.001 0.000 0.000 0.001 0.000 0.000 0.000 0.000 0.001 0.001 0.001 0.002 0.001 0.001 0.001 0.000 0.001 0.001 0.002 0.002 0.012 0.030 0.030 0.020 0.012 0.007 0.004 0.003 0.004 0.000 0.000 0.000 0.000 0.000 0.000 0.000 0.000 0.000 0.000 0.000 0.000 0.000 0.000 0.001 0.004 0.002 0.002 0.002 0.002 0.002 0.002 0.002 0.002 0.003 0.003 0.003 0.003 0.003 0.003 0.003 0.008 0.004 0.004 0.005 0.005
0.144 0.164 0.148 0.115 0.082 0.050 0.022 0.012 0.016 0.003 0.003 0.002 0.001 0.000 0.000 0.000 0.000 0.000 0.000 0.001 0.000 0.001 0.002 0.003 0.001 0.001 0.001 0.001 0.001 0.001 0.002 0.003 0.019 0.038 0.027 0.017 0.010 0.005 0.003 0.001 0.002 0.000 0.000 0.000 0.000 0.000 0.000 0.000 0.000 0.000 0.000 0.000 0.000 0.000 0.001 0.001 0.004 0.002 0.002 0.002 0.002 0.002 0.003 0.003 0.003 0.003 0.003 0.003 0.003 0.003 0.003 0.003 0.008 0.004 0.004 0.004 0.012
0.148 0.168 0.172 0.139 0.105 0.072 0.040 0.014 0.017 0.003 0.002 0.001 0.000 0.000 0.000 0.000 0.000 0.000 0.001 0.001 0.000 0.001 0.002 0.003 0.001 0.001 0.001 0.001 0.001 0.002 0.002 0.008 0.026 0.036 0.025 0.015 0.008 0.004 0.002 0.001 0.002 0.000 0.000 0.000 0.000 0.000 0.000 0.000 0.000 0.000 0.000 0.000 0.000 0.000 0.000 0.000 0.004 0.002 0.002 0.002 0.002 0.003 0.003 0.003 0.003 0.003 0.003 0.003 0.003 0.003 0.003 0.003 0.008 0.004 0.004 0.004 0.034
0.155 0.175 0.196 0.166 0.133 0.100 0.067 0.033 0.032 0.002 0.002 0.000 0.001 0.000 0.000 0.000 0.000 0.000 0.001 0.000 0.001 0.001 0.002 0.003 0.002 0.002 0.001 0.001 0.002 0.002 0.002 0.014 0.033 0.033 0.022 0.012 0.006 0.003 0.002 0.001 0.002 0.000 0.000 0.000 0.000 0.000 0.000 0.000 0.000 0.000 0.000 0.000 0.000 0.000 0.000 0.000 0.003 0.001 0.002 0.002 0.002 0.003 0.003 0.003 0.003 0.003 0.003 0.003 0.003 0.003 0.003 0.003 0.008 0.004 0.004 0.005 0.069
0.165 0.186 0.209 0.198 0.166 0.133 0.101 0.066 0.065 0.003 0.001 0.001 0.000 0.001 0.000 0.000 0.000 0.001 0.000 0.000 0.001 0.002 0.002 0.003 0.002 0.002 0.002 0.001 0.002 0.002 0.004 0.021 0.039 0.029 0.019 0.010 0.005 0.003 0.002 0.001 0.002 0.000 0.000 0.000 0.000 0.000 0.000 0.000 0.000 0.000 0.000 0.000 0.000 0.000 0.000 0.000 0.003 0.001 0.002 0.002 0.002 0.002 0.003 0.003 0.003 0.003 0.003 0.003 0.003 0.003 0.003 0.003 0.008 0.004 0.004 0.012 0.085
0.178 0.200 0.223 0.232 0.201 0.170 0.138 0.100 0.099 0.026 0.001 0.000 0.000 0.000 0.000 0.000 0.000 0.000 0.000 0.000 0.001 0.002 0.002 0.003 0.002 0.002 0.002 0.002 0.002 0.002 0.008 0.027 0.037 0.026 0.016 0.008 0.004 0.002 0.002 0.001 0.002 0.000 0.000 0.000 0.000 0.000 0.000 0.000 0.000 0.000 0.000 0.000 0.000 0.000 0.000 0.000 0.003 0.001 0.001 0.002 0.002 0.002 0.003 0.003 0.003 0.003 0.003 0.003 0.003 0.003 0.004 0.003 0.008 0.004 0.004 0.037 0.104
0.194 0.217 0.241 0.265 0.239 0.208 0.171 0.134 0.134 0.061 0.024 0.000 0.000 0.000 0.000 0.000 0.000 0.000 0.000 0.000 0.001 0.002 0.002 0.003 0.002 0.002 0.002 0.002 0.002 0.002 0.013 0.032 0.033 0.022 0.013 0.006 0.003 0.002 0.001 0.001 0.002 0.000 0.000 0.000 0.000 0.000 0.000 0.000 0.000 0.000 0.000 0.000 0.000 0.000 0.000 0.000 0.002 0.001 0.001 0.002 0.002 0.002 0.002 0.003 0.003 0.003 0.003 0.003 0.003 0.004 0.004 0.003 0.008 0.004 0.005 0.068 0.121
0.213 0.236 0.260 0.285 0.278 0.243 0.206 0.169 0.169 0.096 0.060 0.023 0.000 0.000 0.000 0.000 0.000 0.000 0.000 0.000 0.001 0.002 0.002 0.004 0.002 0.002 0.002 0.002 0.002 0.002 0.017 0.036 0.027 0.017 0.009 0.004 0.002 0.001 0.001 0.000 0.000 0.000 0.000 0.000 0.000 0.000 0.000 0.000 0.000 0.000 0.000 0.000 0.000 0.000 0.000 0.000 0.002 0.000 0.001 0.001 0.002 0.002 0.002 0.003 0.003 0.003 0.003 0.003 0.003 0.004 0.004 0.003 0.008 0.004 0.013 0.084 0.135
0.223 0.249 0.275 0.301 0.298 0.267 0.236 0.205 0.205 0.133 0.096 0.060 0.024 0.000 0.000 0.000 0.000 0.000 0.000 0.000 0.001 0.002 0.002 0.004 0.002 0.003 0.003 0.003 0.003 0.006 0.018 0.030 0.020 0.011 0.005 0.002 0.001 0.000 0.000 0.000 0.000 0.000 0.000 0.000 0.000 0.000 0.000 0.000 0.000 0.000 0.000 0.000 0.000 0.000 0.000 0.000 0.002 0.001 0.001 0.001 0.002 0.002 0.002 0.002 0.003 0.003 0.003 0.003 0.003 0.004 0.004 0.003 0.008 0.004 0.039 0.101 0.150
0.234 0.260 0.286 0.297 0.285 0.259 0.228 0.197 0.197 0.136 0.106 0.075 0.044 0.014 0.000 0.000 0.000 0.000 0.000 0.000 0.001 0.002 0.002 0.003 0.002 0.002 0.002 0.002 0.003 0.009 0.019 0.021 0.016 0.010 0.005 0.002 0.001 0.000 0.000 0.000 0.001 0.000 0.000 0.000 0.000 0.000 0.000 0.000 0.000 0.000 0.000 0.000 0.000 0.000 0.000 0.000 0.002 0.001 0.001 0.001 0.002 0.002 0.002 0.002 0.003 0.003 0.003 0.003 0.003 0.004 0.004 0.003 0.008 0.005 0.066 0.116 0.165
0.245 0.271 0.292 0.280 0.268 0.250 0.220 0.189 0.189 0.128 0.098 0.067 0.037 0.008 0.000 0.000 0.000 0.000 0.000 0.000 0.001 0.001 0.002 0.003 0.002 0.002 0.002 0.003 0.005 0.014 0.022 0.020 0.015 0.010 0.005 0.002 0.001 0.000 0.000 0.000 0.000 0.000 0.000 0.000 0.000 0.000 0.000 0.000 0.000 0.000 0.000 0.000 0.000 0.000 0.000 0.000 0.002 0.001 0.001 0.001 0.002 0.002 0.002 0.002 0.003 0.003 0.003 0.003 0.004 0.004 0.004 0.003 0.009 0.012 0.080 0.131 0.180
