includes/camargue/floodfiles/results_R2_t1.562344511003E12/res-0008.wdfp
ncols         906
nrows         631
xllcorner     362177.146667
yllcorner     6534725.688020
cellsize      20.000000
NODATA_value  -9999.000000
[rows 510 to 543 of 631, columns 385 to 461 of 906]
0.019 0.018 0.003 0.000 0.014 0.000 0.000 0.002 0.002 0.000 0.001 0.003 0.000 0.000 0.002 0.010 0.015 0.000 0.000 0.000 0.000 0.000 0.000 0.000 0.000 0.104 0.104 0.000 0.000 0.000 0.000 0.000 0.000 0.000 0.000 0.000 0.000 0.000 0.000 0.000 0.000 0.000 0.000 0.000 0.000 0.000 0.000 0.000 0.000 0.000 0.000 0.000 0.000 0.000 0.000 0.027 0.037 0.000 0.000 0.089 0.000 0.017 0.008 0.008 0.004 0.000 0.017 0.011 0.013 0.001 0.023 0.024 0.020 0.060 0.059 0.074 0.080
0.000 0.034 0.037 0.427 0.012 0.004 0.008 0.009 0.005 0.008 0.011 0.003 0.000 0.000 0.000 0.014 0.000 0.000 0.000 0.000 0.000 0.000 0.000 0.025 2.287 0.000 0.000 0.000 0.000 0.000 0.000 0.000 0.000 0.000 0.000 0.000 0.000 0.000 0.000 0.000 0.000 0.000 0.000 0.000 0.000 0.000 0.000 0.000 0.000 0.000 0.000 0.000 0.008 0.000 0.002 0.055 0.016 0.000 0.000 0.011 0.010 0.005 0.091 0.115 0.138 0.000 0.019 0.023 0.032 0.048 0.000 0.081 0.083 0.087 0.087 0.098 0.103
0.009 0.018 0.000 0.012 0.000 0.043 0.000 0.013 0.001 0.000 0.001 0.004 0.000 0.000 0.000 0.016 0.000 0.000 0.000 0.000 0.000 0.074 2.191 1.938 1.966 0.000 0.000 0.000 0.000 0.000 0.000 0.000 0.000 0.000 0.000 0.000 0.000 0.000 0.000 0.000 0.000 0.000 0.000 0.000 0.000 0.000 0.000 0.000 0.000 0.000 0.004 0.000 0.057 0.125 0.030 0.054 0.015 0.009 0.009 0.002 0.078 0.108 0.133 0.000 0.000 0.014 0.028 0.042 0.060 0.080 0.096 0.098 0.100 0.102 0.102 0.112 0.117
0.015 0.029 0.000 0.007 0.363 0.338 0.001 0.014 0.001 0.000 0.000 0.006 0.000 0.000 0.019 0.025 0.000 0.000 0.000 0.003 0.000 2.521 2.267 2.014 1.760 0.000 0.000 0.000 0.000 0.000 0.000 0.000 0.000 0.000 0.000 0.000 0.000 0.000 0.000 0.000 0.000 0.000 0.000 0.000 0.000 0.000 0.000 0.000 0.000 0.169 0.044 0.070 0.098 0.084 0.118 0.060 0.055 0.000 0.000 0.065 0.105 0.000 0.000 0.402 0.000 0.042 0.055 0.074 0.095 0.110 0.112 0.113 0.115 0.117 0.116 0.126 0.131
0.039 0.007 0.000 0.010 0.016 0.009 0.004 0.006 0.096 0.002 0.007 0.007 0.000 0.000 0.021 0.000 0.000 0.000 0.081 0.001 2.850 2.596 2.343 0.000 0.000 0.000 0.000 0.000 0.000 0.000 0.000 0.000 0.000 0.000 0.000 0.000 0.000 0.000 0.000 0.000 0.000 0.000 0.000 0.000 0.000 0.000 0.001 0.053 0.093 0.067 0.000 0.110 0.000 0.000 0.028 0.051 0.083 0.025 0.007 0.066 0.000 0.012 0.025 0.000 0.044 0.000 0.088 0.110 0.122 0.124 0.126 0.128 0.130 0.132 0.132 0.140 0.145
0.039 0.001 0.029 0.034 0.000 0.358 0.000 0.006 0.007 0.001 0.004 0.000 0.000 0.000 0.022 0.000 0.000 0.000 0.039 3.179 2.926 0.000 0.000 0.000 0.000 0.000 0.000 0.000 0.000 0.000 0.000 0.000 0.000 0.000 0.000 0.000 0.000 0.000 0.000 0.000 0.000 0.000 0.000 0.000 0.000 0.001 0.018 0.000 0.205 0.000 0.000 0.000 0.000 0.000 0.048 0.086 0.011 0.037 0.018 0.054 0.042 0.039 0.047 0.060 0.081 0.103 0.125 0.136 0.138 0.140 0.142 0.144 0.146 0.147 0.147 0.155 0.160
0.034 0.026 0.026 0.000 0.000 0.006 0.000 0.017 0.004 0.002 0.004 0.017 0.000 0.000 0.023 0.000 0.004 0.000 0.022 0.000 0.000 0.000 0.000 0.000 0.000 0.000 0.000 0.000 0.000 0.000 0.000 0.000 0.000 0.000 0.000 0.000 0.000 0.000 0.000 0.000 0.000 0.000 0.000 0.000 0.001 0.066 0.125 0.125 0.135 0.125 0.155 0.000 0.000 0.000 0.000 0.016 0.017 0.036 0.019 0.053 0.056 0.063 0.078 0.097 0.119 0.142 0.150 0.152 0.154 0.156 0.158 0.160 0.161 0.163 0.163 0.170 0.174
0.040 0.035 0.031 0.023 0.021 0.023 0.025 0.019 0.000 0.002 0.003 0.002 0.000 0.017 0.020 0.009 0.006 0.000 0.003 0.008 0.001 0.000 0.000 0.000 0.000 0.000 0.000 0.000 0.000 0.000 0.000 0.000 0.000 0.000 0.000 0.000 0.000 0.000 0.000 0.000 0.000 0.000 0.000 0.000 0.186 0.206 0.136 0.075 0.135 0.000 0.000 0.000 0.000 0.000 0.000 0.009 0.013 0.033 0.018 0.062 0.077 0.094 0.114 0.135 0.158 0.164 0.166 0.168 0.170 0.172 0.174 0.176 0.178 0.179 0.179 0.185 0.189
0.053 0.048 0.043 0.038 0.034 0.032 0.000 0.033 0.023 0.015 0.019 0.020 0.000 0.025 0.021 0.014 0.009 0.002 0.004 0.005 0.000 0.001 0.000 0.002 0.000 0.000 0.000 0.000 0.000 0.000 0.000 0.000 0.000 0.000 0.000 0.000 0.000 0.000 0.000 0.000 0.000 0.000 0.000 0.005 0.004 0.076 0.000 0.000 0.000 0.000 0.000 0.000 0.000 0.000 0.000 0.005 0.009 0.029 0.017 0.087 0.108 0.130 0.152 0.174 0.179 0.181 0.183 0.185 0.187 0.189 0.190 0.192 0.194 0.195 0.195 0.200 0.204
0.071 0.065 0.060 0.056 0.052 0.049 0.046 0.046 0.044 0.033 0.034 0.000 0.031 0.031 0.026 0.020 0.015 0.001 0.003 0.002 0.000 0.000 0.000 0.000 0.000 0.000 0.000 0.000 0.000 0.000 0.000 0.000 0.000 0.000 0.000 0.000 0.000 0.000 0.000 0.000 0.000 0.000 0.000 0.088 0.000 0.056 0.000 0.000 0.000 0.000 0.000 0.000 0.000 0.000 0.000 0.003 0.006 0.026 0.016 0.123 0.146 0.168 0.191 0.193 0.195 0.197 0.199 0.201 0.203 0.205 0.207 0.209 0.210 0.212 0.211 0.215 0.219
0.093 0.087 0.083 0.079 0.074 0.071 0.069 0.067 0.064 0.058 0.059 0.056 0.052 0.047 0.040 0.033 0.026 0.000 0.004 0.002 0.001 0.000 0.000 0.000 0.000 0.000 0.000 0.000 0.000 0.000 0.000 0.015 0.000 0.000 0.000 0.000 0.000 0.000 0.000 0.000 0.000 0.002 0.000 0.058 0.001 0.146 0.000 0.000 0.000 0.000 0.000 0.000 0.000 0.000 0.000 0.001 0.004 0.024 0.017 0.163 0.185 0.206 0.208 0.210 0.212 0.214 0.216 0.218 0.220 0.222 0.224 0.225 0.227 0.228 0.227 0.231 0.235
0.120 0.115 0.110 0.106 0.101 0.097 0.094 0.092 0.089 0.083 0.084 0.081 0.079 0.076 0.070 0.061 0.052 0.043 0.001 0.004 0.000 0.026 0.002 0.000 0.000 0.000 0.000 0.002 0.093 0.233 0.183 0.083 0.082 0.052 0.000 0.000 0.000 0.000 0.000 0.000 0.000 0.034 0.034 0.068 0.138 0.005 0.008 0.000 0.000 0.000 0.000 0.000 0.000 0.000 0.000 0.002 0.003 0.024 0.019 0.203 0.222 0.224 0.226 0.228 0.230 0.232 0.234 0.236 0.238 0.239 0.241 0.243 0.244 0.245 0.244 0.247 0.250
0.150 0.145 0.140 0.135 0.130 0.126 0.123 0.120 0.118 0.111 0.112 0.109 0.106 0.103 0.099 0.095 0.090 0.081 0.010 0.002 0.001 0.002 0.000 0.000 0.074 0.000 0.000 0.000 0.000 0.173 0.093 0.093 0.102 0.142 0.089 0.095 0.195 0.095 0.000 0.005 0.142 0.112 0.112 0.000 0.001 0.006 0.004 0.003 0.002 0.001 0.001 0.001 0.002 0.003 0.006 0.016 0.050 0.103 0.103 0.237 0.239 0.241 0.244 0.245 0.247 0.249 0.251 0.253 0.255 0.257 0.259 0.260 0.261 0.262 0.261 0.264 0.266
0.182 0.177 0.172 0.167 0.162 0.157 0.154 0.151 0.148 0.141 0.142 0.139 0.136 0.132 0.129 0.125 0.121 0.117 0.115 0.021 0.007 0.005 0.003 0.003 0.003 0.001 0.003 0.000 0.000 0.273 0.233 0.000 0.212 0.252 0.000 0.201 0.000 0.000 0.046 0.000 0.000 0.018 0.013 0.015 0.014 0.015 0.015 0.014 0.013 0.013 0.016 0.028 0.062 0.114 0.168 0.222 0.243 0.245 0.247 0.240 0.246 0.252 0.257 0.262 0.266 0.268 0.270 0.272 0.273 0.275 0.276 0.278 0.279 0.279 0.278 0.280 0.282
0.177 0.172 0.167 0.162 0.157 0.152 0.149 0.146 0.143 0.136 0.136 0.133 0.130 0.126 0.123 0.119 0.115 0.111 0.110 0.017 0.003 0.002 0.001 0.000 0.000 0.000 0.001 0.000 0.000 0.273 0.233 0.000 0.212 0.252 0.000 0.201 0.000 0.000 0.046 0.000 0.000 0.007 0.004 0.006 0.006 0.006 0.006 0.006 0.006 0.007 0.011 0.024 0.060 0.112 0.166 0.221 0.242 0.245 0.246 0.237 0.244 0.249 0.255 0.260 0.263 0.266 0.268 0.269 0.271 0.272 0.274 0.275 0.275 0.276 0.274 0.276 0.277
0.208 0.202 0.197 0.191 0.186 0.181 0.176 0.173 0.170 0.163 0.163 0.160 0.156 0.152 0.148 0.144 0.139 0.139 0.142 0.147 0.156 0.047 0.005 0.002 0.000 0.000 0.000 0.000 0.000 0.000 0.000 0.000 0.000 0.002 0.001 0.022 0.010 0.005 0.003 0.002 0.001 0.007 0.004 0.006 0.007 0.009 0.013 0.026 0.065 0.119 0.173 0.228 0.246 0.250 0.254 0.258 0.261 0.264 0.265 0.243 0.241 0.246 0.252 0.257 0.263 0.268 0.273 0.278 0.283 0.287 0.291 0.292 0.292 0.292 0.290 0.292 0.291
0.239 0.234 0.228 0.222 0.217 0.211 0.206 0.203 0.199 0.192 0.192 0.188 0.184 0.180 0.176 0.171 0.174 0.179 0.183 0.191 0.200 0.209 0.219 0.117 0.019 0.003 0.005 0.000 0.000 0.000 0.000 0.000 0.000 0.002 0.002 0.018 0.012 0.007 0.005 0.003 0.003 0.010 0.006 0.031 0.076 0.130 0.184 0.240 0.255 0.258 0.261 0.264 0.267 0.270 0.273 0.277 0.279 0.282 0.283 0.252 0.238 0.244 0.249 0.255 0.260 0.265 0.271 0.275 0.280 0.284 0.288 0.292 0.295 0.297 0.294 0.302 0.304
0.310 0.304 0.299 0.293 0.287 0.281 0.275 0.272 0.268 0.261 0.260 0.257 0.252 0.248 0.254 0.259 0.265 0.271 0.277 0.284 0.294 0.304 0.314 0.324 0.335 0.345 0.346 0.273 0.155 0.055 0.085 0.115 0.145 0.176 0.206 0.237 0.268 0.299 0.314 0.303 0.292 0.281 0.282 0.281 0.284 0.287 0.290 0.293 0.296 0.299 0.302 0.305 0.308 0.311 0.314 0.317 0.319 0.305 0.306 0.273 0.257 0.240 0.246 0.251 0.257 0.262 0.268 0.272 0.277 0.281 0.284 0.287 0.290 0.292 0.289 0.310 0.343
0.345 0.340 0.334 0.328 0.322 0.316 0.311 0.306 0.303 0.295 0.295 0.291 0.288 0.294 0.300 0.306 0.312 0.318 0.325 0.331 0.341 0.352 0.362 0.372 0.383 0.394 0.394 0.415 0.426 0.370 0.401 0.418 0.407 0.396 0.385 0.374 0.363 0.352 0.341 0.330 0.319 0.310 0.311 0.302 0.305 0.308 0.311 0.314 0.317 0.319 0.322 0.325 0.328 0.331 0.333 0.336 0.331 0.315 0.316 0.283 0.266 0.250 0.243 0.249 0.254 0.260 0.265 0.269 0.274 0.277 0.280 0.283 0.285 0.287 0.283 0.331 0.365
0.381 0.375 0.370 0.364 0.358 0.352 0.346 0.341 0.338 0.330 0.330 0.329 0.335 0.341 0.347 0.353 0.360 0.366 0.373 0.379 0.389 0.399 0.410 0.420 0.431 0.442 0.442 0.463 0.474 0.467 0.456 0.445 0.434 0.423 0.412 0.401 0.390 0.379 0.368 0.357 0.346 0.339 0.340 0.326 0.326 0.329 0.331 0.334 0.337 0.340 0.342 0.345 0.348 0.350 0.353 0.355 0.341 0.325 0.326 0.292 0.276 0.259 0.243 0.246 0.252 0.257 0.262 0.266 0.270 0.273 0.276 0.278 0.280 0.287 0.282 0.352 0.386
0.417 0.411 0.406 0.400 0.394 0.388 0.382 0.377 0.373 0.369 0.369 0.375 0.382 0.388 0.395 0.401 0.408 0.414 0.421 0.427 0.436 0.447 0.457 0.468 0.479 0.490 0.490 0.511 0.505 0.494 0.482 0.471 0.460 0.449 0.438 0.427 0.416 0.405 0.395 0.384 0.375 0.368 0.369 0.354 0.348 0.349 0.352 0.354 0.357 0.360 0.362 0.365 0.367 0.370 0.372 0.368 0.352 0.335 0.336 0.302 0.286 0.269 0.252 0.244 0.249 0.254 0.259 0.263 0.266 0.269 0.272 0.273 0.275 0.307 0.303 0.373 0.408
0.437 0.436 0.436 0.435 0.430 0.424 0.418 0.413 0.409 0.417 0.416 0.423 0.429 0.436 0.442 0.449 0.456 0.462 0.469 0.476 0.484 0.494 0.505 0.516 0.526 0.537 0.538 0.544 0.532 0.521 0.509 0.498 0.487 0.476 0.465 0.454 0.443 0.432 0.421 0.410 0.403 0.396 0.397 0.383 0.376 0.369 0.372 0.374 0.377 0.379 0.382 0.384 0.387 0.389 0.391 0.378 0.362 0.345 0.346 0.312 0.295 0.279 0.262 0.245 0.247 0.251 0.256 0.260 0.263 0.265 0.266 0.267 0.295 0.328 0.325 0.396 0.431
0.455 0.455 0.455 0.454 0.454 0.454 0.453 0.449 0.451 0.464 0.464 0.471 0.477 0.484 0.490 0.497 0.504 0.510 0.517 0.524 0.531 0.542 0.553 0.563 0.574 0.585 0.585 0.571 0.559 0.548 0.536 0.525 0.514 0.503 0.492 0.481 0.470 0.459 0.448 0.439 0.432 0.425 0.425 0.411 0.404 0.397 0.392 0.394 0.397 0.399 0.402 0.404 0.406 0.409 0.405 0.388 0.372 0.355 0.356 0.322 0.305 0.289 0.272 0.255 0.244 0.249 0.253 0.256 0.258 0.260 0.261 0.284 0.316 0.350 0.347 0.418 0.454
0.474 0.474 0.474 0.474 0.473 0.473 0.472 0.471 0.482 0.512 0.512 0.518 0.525 0.532 0.538 0.545 0.552 0.559 0.566 0.572 0.579 0.589 0.600 0.611 0.622 0.620 0.621 0.597 0.586 0.575 0.563 0.552 0.540 0.529 0.518 0.507 0.496 0.485 0.474 0.467 0.460 0.453 0.454 0.439 0.432 0.425 0.418 0.414 0.416 0.419 0.421 0.423 0.426 0.428 0.415 0.398 0.382 0.365 0.366 0.332 0.316 0.299 0.282 0.265 0.247 0.246 0.249 0.252 0.254 0.255 0.273 0.305 0.338 0.373 0.370 0.442 0.477
0.493 0.493 0.493 0.493 0.492 0.492 0.491 0.489 0.495 0.530 0.530 0.548 0.565 0.580 0.587 0.593 0.600 0.607 0.614 0.621 0.628 0.637 0.648 0.658 0.659 0.647 0.648 0.624 0.613 0.601 0.590 0.578 0.567 0.556 0.545 0.534 0.523 0.512 0.502 0.495 0.488 0.481 0.482 0.467 0.460 0.453 0.446 0.439 0.436 0.438 0.441 0.443 0.445 0.442 0.425 0.409 0.392 0.376 0.376 0.342 0.326 0.309 0.292 0.274 0.256 0.242 0.245 0.248 0.249 0.263 0.294 0.327 0.361 0.396 0.393 0.465 0.501
0.512 0.512 0.512 0.512 0.511 0.510 0.509 0.507 0.508 0.543 0.543 0.560 0.578 0.596 0.613 0.631 0.648 0.655 0.662 0.669 0.676 0.684 0.695 0.697 0.685 0.674 0.674 0.651 0.639 0.628 0.616 0.605 0.594 0.582 0.571 0.560 0.549 0.538 0.530 0.523 0.516 0.509 0.510 0.495 0.488 0.481 0.474 0.467 0.460 0.458 0.460 0.463 0.465 0.452 0.436 0.419 0.402 0.386 0.386 0.352 0.335 0.318 0.301 0.284 0.266 0.247 0.242 0.243 0.253 0.284 0.317 0.350 0.385 0.419 0.417 0.489 0.525
0.531 0.531 0.531 0.531 0.529 0.528 0.526 0.525 0.523 0.555 0.556 0.573 0.591 0.609 0.626 0.644 0.662 0.680 0.698 0.716 0.725 0.732 0.735 0.723 0.712 0.701 0.701 0.678 0.666 0.655 0.643 0.632 0.620 0.609 0.597 0.586 0.575 0.565 0.558 0.551 0.544 0.537 0.538 0.523 0.516 0.509 0.502 0.495 0.488 0.481 0.480 0.482 0.479 0.463 0.446 0.429 0.413 0.396 0.396 0.362 0.345 0.328 0.311 0.293 0.275 0.256 0.238 0.243 0.274 0.307 0.340 0.374 0.408 0.443 0.441 0.514 0.550
0.550 0.550 0.550 0.549 0.547 0.545 0.544 0.542 0.541 0.568 0.568 0.586 0.604 0.622 0.639 0.657 0.675 0.693 0.711 0.729 0.747 0.759 0.753 0.747 0.739 0.727 0.728 0.704 0.693 0.681 0.670 0.658 0.647 0.635 0.624 0.613 0.602 0.593 0.586 0.579 0.572 0.565 0.566 0.551 0.544 0.537 0.530 0.523 0.515 0.508 0.501 0.502 0.490 0.473 0.456 0.440 0.423 0.406 0.406 0.372 0.355 0.337 0.320 0.302 0.284 0.265 0.244 0.262 0.297 0.330 0.364 0.398 0.433 0.468 0.466 0.538 0.574
0.569 0.569 0.567 0.566 0.564 0.563 0.561 0.560 0.558 0.580 0.581 0.599 0.617 0.634 0.652 0.670 0.688 0.706 0.724 0.742 0.755 0.752 0.747 0.741 0.734 0.728 0.729 0.715 0.709 0.702 0.696 0.685 0.673 0.662 0.650 0.639 0.629 0.622 0.615 0.607 0.600 0.593 0.594 0.579 0.572 0.565 0.558 0.550 0.543 0.534 0.525 0.517 0.501 0.484 0.468 0.451 0.434 0.417 0.417 0.383 0.366 0.349 0.331 0.313 0.295 0.275 0.263 0.265 0.301 0.337 0.374 0.411 0.449 0.487 0.485 0.563 0.599
0.587 0.586 0.585 0.583 0.582 0.580 0.579 0.578 0.576 0.593 0.593 0.611 0.629 0.647 0.665 0.683 0.701 0.719 0.737 0.751 0.748 0.744 0.741 0.735 0.728 0.722 0.723 0.709 0.703 0.696 0.690 0.683 0.677 0.671 0.664 0.658 0.650 0.641 0.631 0.622 0.613 0.604 0.604 0.585 0.576 0.567 0.558 0.548 0.539 0.530 0.520 0.517 0.513 0.497 0.480 0.463 0.446 0.429 0.429 0.395 0.378 0.361 0.343 0.325 0.306 0.286 0.285 0.287 0.305 0.341 0.378 0.416 0.454 0.492 0.490 0.569 0.608
0.585 0.584 0.583 0.581 0.580 0.579 0.577 0.576 0.574 0.591 0.592 0.610 0.628 0.646 0.664 0.682 0.700 0.718 0.736 0.749 0.746 0.743 0.740 0.734 0.727 0.721 0.722 0.708 0.702 0.695 0.689 0.683 0.676 0.670 0.663 0.657 0.649 0.640 0.631 0.621 0.612 0.603 0.603 0.584 0.575 0.566 0.556 0.547 0.538 0.528 0.519 0.516 0.512 0.495 0.478 0.461 0.444 0.427 0.427 0.393 0.375 0.358 0.340 0.321 0.302 0.283 0.282 0.284 0.303 0.339 0.376 0.414 0.452 0.491 0.489 0.568 0.607
0.602 0.601 0.600 0.598 0.597 0.596 0.594 0.593 0.592 0.603 0.604 0.622 0.640 0.658 0.676 0.694 0.712 0.730 0.745 0.742 0.739 0.736 0.733 0.728 0.721 0.715 0.716 0.702 0.696 0.689 0.683 0.676 0.670 0.664 0.657 0.651 0.645 0.636 0.626 0.617 0.608 0.599 0.599 0.580 0.571 0.562 0.552 0.543 0.533 0.524 0.516 0.515 0.515 0.507 0.490 0.473 0.456 0.439 0.439 0.404 0.387 0.369 0.351 0.332 0.313 0.301 0.303 0.306 0.308 0.344 0.381 0.419 0.457 0.495 0.494 0.573 0.612
0.619 0.618 0.616 0.615 0.614 0.613 0.611 0.610 0.609 0.615 0.616 0.634 0.652 0.670 0.688 0.706 0.724 0.740 0.737 0.734 0.731 0.728 0.725 0.721 0.715 0.709 0.709 0.696 0.689 0.683 0.677 0.670 0.664 0.657 0.651 0.645 0.639 0.632 0.622 0.613 0.604 0.595 0.595 0.576 0.567 0.557 0.548 0.538 0.529 0.519 0.515 0.515 0.514 0.513 0.502 0.485 0.468 0.450 0.450 0.415 0.398 0.379 0.361 0.342 0.322 0.322 0.325 0.328 0.331 0.348 0.386 0.424 0.462 0.501 0.499 0.578 0.617
0.655 0.654 0.652 0.651 0.650 0.649 0.647 0.646 0.645 0.642 0.643 0.660 0.678 0.696 0.714 0.732 0.729 0.726 0.723 0.720 0.717 0.714 0.711 0.708 0.703 0.697 0.698 0.684 0.678 0.672 0.665 0.659 0.652 0.646 0.640 0.634 0.628 0.622 0.615 0.606 0.597 0.587 0.588 0.569 0.559 0.550 0.540 0.531 0.521 0.517 0.516 0.515 0.514 0.513 0.512 0.511 0.493 0.476 0.475 0.441 0.423 0.404 0.386 0.366 0.366 0.369 0.372 0.375 0.379 0.382 0.397 0.435 0.474 0.512 0.511 0.590 0.629
