includes/camargue/floodfiles/results_R2_t1.562344511003E12/res-0006.wdfp
ncols         906
nrows         631
xllcorner     362177.146667
yllcorner     6534725.688020
cellsize      20.000000
NODATA_value  -9999.000000
[rows 578 to 611 of 631, columns 693 to 769 of 906]
12.572 12.575 12.578 12.581 12.584 12.587 12.590 12.592 12.592 12.598 12.599 12.576 12.573 12.582 12.592 12.602 12.612 12.622 12.632 12.642 12.652 12.662 12.672 12.682 12.682 12.677 12.643 12.609 12.575 12.541 12.507 12.473 12.438 12.404 12.370 12.336 12.302 12.271 12.260 12.240 12.240 12.200 12.179 12.159 12.139 12.119 12.099 12.079 12.058 12.038 12.018 12.039 12.061 12.082 12.104 12.125 12.167 12.167 12.189 12.210 12.232 12.215 12.176 12.219 12.339 12.459 12.579 12.700 12.820 12.940 13.060 13.187 13.449 13.449 13.581 13.712 13.843
12.569 12.571 12.574 12.577 12.580 12.583 12.586 12.589 12.589 12.595 12.595 12.600 12.609 12.619 12.629 12.638 12.648 12.658 12.668 12.677 12.687 12.697 12.706 12.716 12.716 12.743 12.709 12.674 12.640 12.606 12.572 12.537 12.503 12.469 12.435 12.400 12.366 12.333 12.334 12.313 12.313 12.271 12.249 12.228 12.207 12.186 12.165 12.144 12.123 12.101 12.127 12.139 12.151 12.170 12.192 12.213 12.256 12.256 12.277 12.298 12.320 12.328 12.370 12.491 12.611 12.731 12.851 12.972 13.092 13.212 13.332 13.459 13.721 13.721 13.852 13.983 14.114
12.565 12.568 12.571 12.574 12.576 12.579 12.582 12.585 12.585 12.564 12.552 12.572 12.596 12.605 12.615 12.625 12.635 12.644 12.654 12.664 12.673 12.683 12.693 12.703 12.703 12.744 12.748 12.714 12.679 12.645 12.611 12.577 12.542 12.508 12.474 12.440 12.405 12.413 12.443 12.422 12.422 12.379 12.358 12.337 12.316 12.295 12.274 12.252 12.231 12.273 12.375 12.387 12.399 12.411 12.424 12.436 12.460 12.460 12.473 12.485 12.497 12.546 12.657 12.769 12.883 13.003 13.124 13.244 13.364 13.484 13.605 13.731 13.993 13.993 14.124 14.255 14.394
12.561 12.564 12.567 12.570 12.573 12.569 12.557 12.545 12.545 12.520 12.510 12.542 12.573 12.592 12.602 12.611 12.621 12.631 12.640 12.650 12.660 12.670 12.679 12.689 12.689 12.743 12.775 12.753 12.719 12.684 12.650 12.616 12.582 12.547 12.513 12.479 12.461 12.493 12.524 12.530 12.530 12.488 12.467 12.446 12.425 12.403 12.382 12.361 12.359 12.471 12.584 12.635 12.647 12.659 12.672 12.684 12.708 12.708 12.721 12.733 12.754 12.866 12.976 13.088 13.199 13.310 13.422 13.534 13.645 13.757 13.877 14.004 14.278 14.278 14.417 14.556 14.695
12.557 12.560 12.562 12.550 12.538 12.525 12.513 12.501 12.501 12.476 12.480 12.511 12.543 12.575 12.588 12.598 12.607 12.617 12.627 12.637 12.646 12.656 12.666 12.677 12.677 12.742 12.774 12.792 12.758 12.724 12.689 12.655 12.621 12.587 12.552 12.518 12.541 12.573 12.604 12.635 12.635 12.597 12.576 12.555 12.533 12.512 12.491 12.470 12.557 12.669 12.782 12.883 12.895 12.907 12.919 12.932 12.956 12.956 12.968 12.981 13.074 13.185 13.296 13.408 13.519 13.630 13.742 13.853 13.964 14.076 14.188 14.302 14.579 14.579 14.718 14.857 14.995
12.543 12.531 12.518 12.506 12.494 12.482 12.469 12.457 12.457 12.433 12.450 12.481 12.513 12.545 12.574 12.584 12.594 12.604 12.613 12.623 12.633 12.642 12.652 12.676 12.676 12.740 12.772 12.805 12.797 12.763 12.729 12.694 12.660 12.626 12.592 12.590 12.621 12.653 12.684 12.715 12.715 12.706 12.684 12.663 12.642 12.621 12.600 12.642 12.755 12.867 12.980 13.093 13.143 13.156 13.168 13.180 13.204 13.204 13.217 13.282 13.394 13.505 13.616 13.728 13.839 13.950 14.061 14.173 14.284 14.395 14.507 14.618 14.879 14.879 15.018 15.157 15.296
12.499 12.487 12.475 12.462 12.450 12.438 12.426 12.413 12.413 12.389 12.419 12.451 12.483 12.514 12.546 12.571 12.580 12.590 12.600 12.609 12.619 12.629 12.643 12.675 12.675 12.739 12.771 12.803 12.835 12.802 12.768 12.734 12.699 12.665 12.639 12.670 12.702 12.733 12.764 12.795 12.795 12.814 12.793 12.772 12.751 12.730 12.728 12.840 12.952 13.065 13.177 13.290 13.391 13.403 13.415 13.428 13.453 13.453 13.491 13.602 13.713 13.825 13.936 14.047 14.159 14.270 14.381 14.493 14.604 14.715 14.827 14.938 15.180 15.180 15.319 15.458 15.596
12.455 12.443 12.431 12.419 12.406 12.394 12.382 12.370 12.370 12.357 12.389 12.421 12.453 12.484 12.516 12.547 12.567 12.576 12.586 12.596 12.606 12.615 12.641 12.673 12.673 12.738 12.770 12.802 12.834 12.841 12.807 12.773 12.739 12.704 12.719 12.750 12.782 12.813 12.844 12.875 12.875 12.923 12.902 12.881 12.860 12.839 12.926 13.038 13.150 13.263 13.375 13.488 13.600 13.651 13.663 13.675 13.700 13.700 13.810 13.921 14.032 14.145 14.256 14.367 14.479 14.590 14.701 14.812 14.924 15.035 15.146 15.258 15.481 15.481 15.620 15.759 15.897
12.412 12.399 12.387 12.375 12.363 12.351 12.338 12.326 12.326 12.327 12.359 12.391 12.422 12.454 12.486 12.517 12.549 12.563 12.573 12.582 12.592 12.608 12.640 12.672 12.672 12.736 12.768 12.801 12.833 12.865 12.846 12.812 12.778 12.768 12.799 12.830 12.862 12.893 12.924 12.955 12.955 13.018 13.011 12.990 12.969 13.011 13.124 13.236 13.349 13.461 13.574 13.686 13.799 13.899 13.911 13.923 14.018 14.018 14.130 14.241 14.352 14.463 14.575 14.686 14.797 14.909 15.021 15.132 15.244 15.355 15.466 15.577 15.800 15.800 15.921 16.060 16.198
12.355 12.356 12.344 12.331 12.319 12.307 12.295 12.282 12.282 12.297 12.329 12.360 12.392 12.424 12.455 12.487 12.519 12.549 12.559 12.569 12.578 12.607 12.639 12.671 12.671 12.735 12.767 12.799 12.832 12.864 12.886 12.851 12.817 12.848 12.879 12.910 12.942 12.973 13.005 13.036 13.036 13.098 13.120 13.099 13.097 13.209 13.322 13.434 13.547 13.659 13.772 13.884 13.997 14.109 14.159 14.172 14.338 14.338 14.449 14.561 14.672 14.783 14.895 15.006 15.117 15.229 15.340 15.451 15.562 15.674 15.786 15.897 16.120 16.120 16.231 16.360 16.499
12.355 12.356 12.343 12.331 12.319 12.307 12.294 12.282 12.282 12.297 12.329 12.360 12.392 12.423 12.455 12.487 12.518 12.549 12.559 12.568 12.578 12.606 12.638 12.671 12.671 12.735 12.767 12.799 12.831 12.863 12.886 12.851 12.817 12.848 12.879 12.910 12.941 12.972 13.004 13.035 13.035 13.097 13.119 13.098 13.096 13.208 13.322 13.434 13.547 13.659 13.772 13.884 13.997 14.109 14.159 14.172 14.338 14.338 14.449 14.561 14.672 14.783 14.895 15.006 15.117 15.229 15.340 15.451 15.562 15.674 15.785 15.896 16.119 16.119 16.230 16.360 16.499
12.289 12.295 12.300 12.287 12.275 12.263 12.251 12.239 12.239 12.267 12.298 12.330 12.362 12.393 12.425 12.457 12.488 12.520 12.545 12.555 12.573 12.605 12.637 12.669 12.669 12.734 12.766 12.798 12.830 12.862 12.894 12.890 12.897 12.928 12.959 12.990 13.021 13.053 13.084 13.115 13.115 13.177 13.209 13.207 13.294 13.406 13.519 13.631 13.744 13.856 13.969 14.081 14.194 14.306 14.407 14.434 14.658 14.658 14.769 14.881 14.992 15.103 15.215 15.326 15.437 15.548 15.660 15.771 15.882 15.994 16.105 16.216 16.439 16.439 16.550 16.661 16.798
12.224 12.230 12.236 12.242 12.232 12.219 12.207 12.195 12.195 12.236 12.268 12.300 12.331 12.363 12.395 12.426 12.458 12.490 12.521 12.541 12.572 12.604 12.636 12.668 12.668 12.732 12.764 12.795 12.824 12.852 12.881 12.941 12.981 13.012 13.043 13.075 13.106 13.137 13.168 13.200 13.200 13.262 13.294 13.305 13.419 13.534 13.649 13.764 13.879 13.993 14.108 14.223 14.338 14.453 14.568 14.687 14.929 14.929 15.051 15.172 15.293 15.416 15.534 15.646 15.757 15.868 15.980 16.091 16.202 16.307 16.408 16.510 16.713 16.713 16.815 16.917 16.989
12.094 12.100 12.106 12.112 12.118 12.125 12.120 12.113 12.113 12.176 12.208 12.240 12.269 12.298 12.326 12.355 12.383 12.412 12.440 12.456 12.468 12.497 12.525 12.554 12.554 12.610 12.639 12.667 12.696 12.724 12.803 12.971 13.139 13.202 13.233 13.264 13.296 13.327 13.358 13.390 13.390 13.452 13.430 13.390 13.350 13.463 13.577 13.692 13.807 13.922 14.037 14.152 14.266 14.381 14.498 14.614 14.855 14.855 14.976 15.097 15.219 15.340 15.461 15.582 15.705 15.847 15.988 16.097 16.199 16.301 16.403 16.504 16.708 16.708 16.809 16.839 16.844
12.029 12.035 12.041 12.047 12.053 12.059 12.065 12.081 12.081 12.138 12.167 12.195 12.224 12.252 12.281 12.309 12.338 12.366 12.392 12.404 12.415 12.433 12.461 12.489 12.489 12.546 12.575 12.603 12.631 12.660 12.818 12.985 13.153 13.296 13.327 13.358 13.390 13.421 13.452 13.485 13.485 13.520 13.480 13.440 13.399 13.427 13.542 13.657 13.771 13.886 14.001 14.116 14.231 14.347 14.463 14.580 14.817 14.817 14.939 15.060 15.181 15.302 15.424 15.545 15.680 15.821 15.962 16.094 16.195 16.298 16.400 16.501 16.705 16.705 16.773 16.779 16.784
11.964 11.970 11.976 11.982 11.983 11.978 11.974 12.016 12.016 12.093 12.121 12.149 12.178 12.206 12.235 12.263 12.292 12.320 12.339 12.351 12.363 12.375 12.397 12.425 12.425 12.482 12.510 12.539 12.567 12.665 12.833 13.001 13.168 13.336 13.422 13.453 13.485 13.516 13.547 13.578 13.578 13.568 13.528 13.488 13.448 13.409 13.506 13.621 13.736 13.850 13.965 14.080 14.196 14.312 14.428 14.545 14.780 14.780 14.901 15.023 15.144 15.265 15.386 15.515 15.656 15.796 15.937 16.078 16.192 16.294 16.396 16.497 16.702 16.702 16.713 16.719 16.724
11.899 11.899 11.895 11.890 11.885 11.881 11.876 11.937 11.937 12.047 12.075 12.104 12.132 12.161 12.189 12.218 12.246 12.275 12.287 12.299 12.311 12.323 12.335 12.361 12.361 12.418 12.446 12.475 12.513 12.680 12.848 13.016 13.183 13.351 13.517 13.548 13.580 13.611 13.642 13.673 13.673 13.618 13.578 13.537 13.497 13.457 13.469 13.584 13.699 13.814 13.928 14.043 14.160 14.276 14.394 14.510 14.743 14.743 14.864 14.985 15.106 15.228 15.349 15.490 15.631 15.771 15.912 16.053 16.190 16.291 16.393 16.495 16.646 16.646 16.652 16.658 16.664
11.806 11.802 11.797 11.792 11.788 11.783 11.795 11.858 11.858 11.983 12.030 12.058 12.087 12.115 12.144 12.172 12.200 12.223 12.235 12.247 12.259 12.271 12.283 12.297 12.297 12.354 12.382 12.410 12.528 12.695 12.863 13.031 13.199 13.366 13.534 13.643 13.674 13.706 13.737 13.748 13.748 13.667 13.627 13.587 13.547 13.507 13.466 13.548 13.663 13.778 13.893 14.009 14.125 14.241 14.358 14.474 14.707 14.707 14.826 14.948 15.069 15.190 15.324 15.465 15.606 15.746 15.887 16.028 16.169 16.288 16.390 16.492 16.586 16.586 16.592 16.598 16.603
11.709 11.704 11.699 11.695 11.690 11.685 11.715 11.778 11.778 11.904 11.966 12.013 12.041 12.069 12.098 12.126 12.155 12.171 12.183 12.195 12.207 12.219 12.231 12.242 12.242 12.289 12.318 12.375 12.543 12.710 12.878 13.046 13.214 13.381 13.549 13.717 13.769 13.801 13.832 13.797 13.797 13.717 13.676 13.636 13.596 13.556 13.516 13.512 13.627 13.742 13.857 13.974 14.090 14.207 14.323 14.440 14.673 14.673 14.789 14.909 15.031 15.157 15.298 15.440 15.581 15.721 15.862 16.003 16.144 16.285 16.387 16.489 16.526 16.526 16.532 16.538 16.543
11.611 11.606 11.602 11.597 11.592 11.587 11.636 11.699 11.699 11.824 11.887 11.950 11.995 12.024 12.052 12.081 12.107 12.119 12.131 12.143 12.155 12.167 12.178 12.190 12.190 12.225 12.254 12.390 12.558 12.725 12.893 13.060 13.228 13.395 13.563 13.731 13.863 13.895 13.886 13.846 13.846 13.766 13.726 13.686 13.646 13.605 13.565 13.525 13.591 13.706 13.823 13.939 14.056 14.172 14.288 14.405 14.638 14.638 14.754 14.872 14.993 15.132 15.273 15.414 15.555 15.696 15.836 15.978 16.119 16.260 16.384 16.455 16.466 16.466 16.472 16.478 16.483
11.513 11.509 11.504 11.499 11.494 11.494 11.557 11.619 11.620 11.745 11.808 11.871 11.933 11.978 12.006 12.035 12.055 12.067 12.079 12.091 12.103 12.114 12.126 12.138 12.138 12.162 12.237 12.405 12.573 12.740 12.908 13.075 13.243 13.411 13.578 13.746 13.914 13.975 13.935 13.895 13.895 13.814 13.774 13.734 13.694 13.654 13.615 13.574 13.556 13.672 13.788 13.904 14.021 14.137 14.254 14.370 14.603 14.603 14.720 14.836 14.966 15.107 15.248 15.389 15.530 15.671 15.811 15.952 16.092 16.230 16.368 16.383 16.393 16.393 16.397 16.402 16.406
11.416 11.411 11.406 11.401 11.397 11.415 11.477 11.540 11.540 11.666 11.728 11.791 11.854 11.917 11.961 11.989 12.003 12.015 12.027 12.038 12.050 12.062 12.074 12.115 12.115 12.198 12.320 12.488 12.657 12.825 12.994 13.162 13.331 13.499 13.667 13.836 14.004 13.978 13.938 13.898 13.898 13.818 13.778 13.738 13.698 13.658 13.618 13.578 13.558 13.636 13.753 13.869 13.986 14.103 14.220 14.336 14.569 14.569 14.686 14.792 14.836 14.974 15.112 15.250 15.388 15.526 15.664 15.802 15.940 16.078 16.145 16.150 16.159 16.159 16.165 16.169 16.174
11.318 11.313 11.308 11.304 11.299 11.335 11.398 11.461 11.461 11.586 11.649 11.712 11.775 11.837 11.900 11.939 11.955 11.997 12.039 12.081 12.123 12.164 12.206 12.248 12.248 12.361 12.472 12.626 12.795 12.964 13.132 13.301 13.469 13.638 13.806 13.974 14.015 13.958 13.911 13.871 13.871 13.791 13.751 13.711 13.671 13.631 13.591 13.551 13.576 13.605 13.719 13.835 13.952 14.068 14.185 14.301 14.534 14.534 14.652 14.708 14.736 14.822 14.960 15.098 15.236 15.374 15.512 15.650 15.788 15.907 15.912 15.918 15.927 15.927 15.931 15.936 15.940
11.222 11.215 11.211 11.206 11.201 11.256 11.319 11.381 11.382 11.507 11.570 11.632 11.695 11.805 11.923 12.025 12.088 12.130 12.172 12.214 12.256 12.298 12.339 12.381 12.381 12.532 12.642 12.765 12.933 13.101 13.270 13.438 13.608 13.776 13.945 14.055 13.998 13.941 13.885 13.845 13.845 13.765 13.725 13.685 13.645 13.605 13.565 13.564 13.593 13.623 13.685 13.802 13.918 14.035 14.151 14.268 14.500 14.500 14.594 14.622 14.651 14.680 14.807 14.946 15.084 15.222 15.360 15.498 15.636 15.674 15.679 15.685 15.695 15.695 15.699 15.704 15.708
11.129 11.120 11.113 11.108 11.114 11.177 11.239 11.302 11.302 11.428 11.544 11.662 11.779 11.897 12.015 12.111 12.198 12.264 12.305 12.347 12.389 12.431 12.473 12.515 12.515 12.702 12.813 12.923 13.071 13.240 13.408 13.577 13.745 13.914 14.082 14.036 13.979 13.922 13.866 13.818 13.818 13.738 13.698 13.658 13.618 13.578 13.552 13.582 13.611 13.641 13.670 13.768 13.884 14.001 14.117 14.234 14.467 14.467 14.510 14.538 14.567 14.596 14.655 14.793 14.931 15.069 15.207 15.346 15.436 15.441 15.447 15.452 15.462 15.462 15.467 15.471 15.476
11.036 11.027 11.017 11.011 11.035 11.097 11.165 11.283 11.283 11.518 11.636 11.753 11.871 11.989 12.106 12.196 12.283 12.371 12.439 12.480 12.522 12.564 12.606 12.651 12.651 12.872 12.983 13.094 13.210 13.378 13.547 13.715 13.884 14.052 14.075 14.019 13.962 13.905 13.848 13.791 13.791 13.711 13.671 13.631 13.592 13.552 13.570 13.599 13.629 13.658 13.688 13.734 13.851 13.967 14.083 14.200 14.397 14.397 14.426 14.454 14.483 14.512 14.540 14.641 14.779 14.917 15.055 15.193 15.202 15.208 15.213 15.219 15.230 15.230 15.234 15.239 15.243
11.035 11.026 11.017 11.010 11.034 11.097 11.165 11.282 11.282 11.518 11.635 11.753 11.871 11.988 12.106 12.196 12.283 12.370 12.438 12.480 12.522 12.564 12.606 12.650 12.650 12.872 12.983 13.094 13.210 13.378 13.547 13.715 13.884 14.052 14.075 14.019 13.962 13.905 13.848 13.791 13.791 13.711 13.671 13.631 13.591 13.551 13.569 13.598 13.628 13.657 13.687 13.733 13.851 13.967 14.083 14.200 14.397 14.397 14.426 14.454 14.483 14.512 14.540 14.641 14.779 14.917 15.055 15.193 15.202 15.208 15.213 15.218 15.229 15.229 15.234 15.239 15.243
10.942 10.933 10.924 10.941 11.021 11.139 11.256 11.374 11.374 11.609 11.727 11.845 11.962 12.080 12.194 12.282 12.369 12.456 12.543 12.614 12.655 12.697 12.739 12.821 12.821 13.042 13.153 13.264 13.375 13.517 13.685 13.854 14.022 14.115 14.058 14.001 13.944 13.887 13.830 13.774 13.774 13.685 13.645 13.605 13.565 13.557 13.587 13.616 13.645 13.675 13.704 13.734 13.816 13.932 14.049 14.165 14.312 14.312 14.341 14.370 14.399 14.427 14.456 14.489 14.627 14.765 14.903 14.964 14.969 14.975 14.980 14.985 14.996 14.996 15.001 15.006 15.010
10.951 11.010 11.068 11.127 11.175 11.230 11.348 11.466 11.466 11.701 11.819 11.936 12.054 12.172 12.280 12.367 12.454 12.542 12.629 12.716 12.789 12.830 12.880 12.990 12.990 13.212 13.323 13.433 13.544 13.656 13.824 13.993 14.154 14.097 14.040 13.984 13.927 13.870 13.813 13.756 13.756 13.658 13.618 13.578 13.545 13.575 13.604 13.634 13.663 13.693 13.722 13.752 13.782 13.898 14.015 14.131 14.228 14.228 14.256 14.285 14.314 14.342 14.371 14.401 14.475 14.613 14.726 14.731 14.737 14.742 14.747 14.753 14.763 14.763 14.769 14.773 14.778
11.324 11.382 11.441 11.494 11.542 11.589 11.636 11.684 11.684 11.884 12.002 12.120 12.237 12.355 12.451 12.539 12.626 12.713 12.800 12.887 12.976 13.119 13.236 13.344 13.344 13.559 13.666 13.774 13.885 13.996 14.107 14.175 14.118 14.061 14.004 13.948 13.892 13.835 13.778 13.721 13.721 13.607 13.565 13.551 13.581 13.610 13.640 13.669 13.699 13.728 13.758 13.787 13.816 13.846 13.947 14.002 14.060 14.060 14.088 14.117 14.146 14.174 14.203 14.231 14.253 14.271 14.278 14.284 14.290 14.296 14.301 14.307 14.319 14.319 14.325 14.312 14.223
11.510 11.568 11.627 11.678 11.725 11.772 11.820 11.867 11.867 11.976 12.093 12.211 12.329 12.447 12.537 12.624 12.711 12.799 12.886 13.026 13.170 13.313 13.437 13.544 13.544 13.759 13.867 13.974 14.082 14.189 14.224 14.119 14.068 14.016 13.965 13.913 13.862 13.810 13.758 13.703 13.703 13.589 13.539 13.569 13.599 13.628 13.657 13.687 13.716 13.746 13.775 13.805 13.834 13.862 13.886 13.908 13.952 13.952 13.974 13.996 14.018 14.040 14.062 14.084 14.106 14.125 14.137 14.143 14.149 14.155 14.160 14.167 14.179 14.179 14.179 14.134 14.057
11.696 11.755 11.813 11.861 11.908 11.956 12.003 12.051 12.051 12.145 12.193 12.303 12.420 12.535 12.623 12.710 12.797 12.933 13.077 13.220 13.364 13.507 13.638 13.745 13.745 13.960 14.068 14.175 14.283 14.323 14.176 14.034 13.982 13.931 13.879 13.828 13.776 13.725 13.673 13.622 13.622 13.519 13.476 13.490 13.516 13.542 13.568 13.594 13.620 13.647 13.673 13.699 13.725 13.751 13.754 13.761 13.804 13.804 13.826 13.848 13.870 13.892 13.914 13.936 13.957 13.976 13.994 14.003 14.009 14.014 14.020 14.026 14.038 14.038 13.998 13.954 13.892
11.882 11.941 11.997 12.044 12.092 12.139 12.187 12.234 12.234 12.329 12.376 12.423 12.512 12.621 12.708 12.840 12.984 13.127 13.271 13.414 13.558 13.701 13.839 13.946 13.946 14.161 14.268 14.376 14.423 14.275 14.127 13.980 13.897 13.845 13.794 13.742 13.691 13.639 13.588 13.536 13.536 13.440 13.399 13.378 13.404 13.431 13.457 13.483 13.509 13.535 13.561 13.587 13.613 13.631 13.627 13.623 13.656 13.657 13.679 13.701 13.723 13.745 13.767 13.789 13.808 13.827 13.845 13.863 13.868 13.874 13.880 13.886 13.864 13.864 13.819 13.773 13.726
12.068 12.127 12.181 12.228 12.275 12.323 12.370 12.417 12.417 12.512 12.559 12.607 12.654 12.747 12.890 13.033 13.177 13.320 13.464 13.607 13.750 13.894 14.037 14.146 14.147 14.362 14.469 14.522 14.374 14.227 14.079 13.931 13.812 13.760 13.709 13.657 13.606 13.554 13.502 13.451 13.451 13.364 13.323 13.283 13.293 13.319 13.345 13.371 13.397 13.423 13.450 13.476 13.502 13.505 13.501 13.497 13.509 13.509 13.531 13.553 13.575 13.597 13.618 13.641 13.659 13.678 13.696 13.715 13.728 13.734 13.740 13.746 13.684 13.684 13.639 13.593 13.548
