includes/camargue/floodfiles/results_R2_t1.562344511003E12/res-0007.wd
ncols         906
nrows         631
xllcorner     362177.146667
yllcorner     6534725.688020
cellsize      20.000000
NODATA_value  -9999.000000
[rows 544 to 577 of 631, columns 77 to 153 of 906]
9.078 9.543 9.903 10.300 10.466 10.633 10.800 10.966 11.133 11.299 11.466 10.936 10.936 10.254 9.573 8.991 8.768 8.545 8.322 8.099 7.876 7.653 7.462 7.381 7.300 7.216 7.047 6.709 6.709 6.540 6.372 6.285 6.326 6.349 6.361 6.374 6.387 6.400 6.454 6.550 6.646 6.742 6.971 7.522 7.522 7.798 8.067 8.311 8.556 8.801 9.046 9.291 9.202 8.974 8.746 8.615 8.665 8.714 8.763 8.813 8.813 8.912 8.961 8.715 8.449 8.028 7.607 7.186 6.766 6.345 5.924 5.541 5.169 5.350 5.631 5.942 5.942
8.677 9.001 9.328 9.736 10.143 10.551 10.835 11.001 11.168 11.335 11.501 11.264 11.264 10.582 9.901 9.635 9.412 9.189 8.966 8.743 8.520 8.297 8.074 7.932 7.851 7.723 7.554 7.216 7.216 7.047 6.879 6.710 6.689 6.702 6.715 6.728 6.740 6.753 6.775 6.871 6.967 7.162 7.437 7.989 7.989 8.264 8.540 8.791 9.036 9.281 9.526 9.533 9.305 9.077 8.848 8.620 8.654 8.703 8.753 8.802 8.802 8.901 8.706 8.446 8.186 7.820 7.399 6.978 6.557 6.136 5.715 5.294 5.021 5.174 5.485 5.796 5.796
8.106 8.430 8.753 9.160 9.568 9.976 10.384 10.792 11.199 11.370 11.536 11.592 11.592 10.911 10.502 10.279 10.056 9.833 9.610 9.387 9.164 8.941 8.718 8.495 8.398 8.230 8.061 7.746 7.746 7.623 7.500 7.377 7.276 7.188 7.101 7.081 7.094 7.107 7.119 7.192 7.352 7.628 7.904 8.455 8.455 8.731 9.006 9.271 9.516 9.761 9.864 9.636 9.408 9.179 8.951 8.723 8.643 8.693 8.742 8.791 8.791 8.697 8.437 8.177 7.917 7.611 7.190 6.769 6.348 5.928 5.507 5.127 5.113 5.099 5.339 5.650 5.650
7.535 7.859 8.182 8.585 8.993 9.401 9.809 10.216 10.624 11.032 11.440 11.904 11.904 11.369 11.146 10.923 10.700 10.477 10.254 10.031 9.808 9.562 9.285 9.009 8.983 8.860 8.737 8.491 8.491 8.368 8.245 8.122 8.020 7.933 7.846 7.758 7.671 7.584 7.496 7.543 7.819 8.094 8.370 8.922 8.921 9.197 9.473 9.748 9.995 10.195 9.967 9.739 9.510 9.282 9.054 8.826 8.633 8.682 8.731 8.781 8.781 8.428 8.168 7.909 7.649 7.389 6.982 6.561 6.140 5.719 5.298 5.219 5.205 5.191 5.193 5.504 5.503
6.964 7.288 7.611 8.010 8.418 8.825 9.233 9.641 10.049 10.457 10.864 11.664 11.664 11.759 11.483 11.206 10.930 10.653 10.377 10.101 9.824 9.548 9.271 8.995 9.262 9.605 9.482 9.236 9.236 9.113 8.990 8.867 8.765 8.678 8.590 8.503 8.416 8.328 8.194 7.894 8.162 8.466 8.769 9.376 9.376 9.664 9.939 10.215 10.475 10.298 10.070 9.841 9.613 9.385 9.157 8.929 8.701 8.671 8.721 8.679 8.679 8.159 7.900 7.640 7.380 7.120 6.773 6.352 5.931 5.510 5.324 5.310 5.296 5.282 5.268 5.358 5.357
6.393 6.716 7.040 7.435 7.842 8.250 8.658 9.066 9.474 9.881 10.274 11.007 11.007 11.380 11.469 11.192 10.916 10.639 10.363 10.087 9.810 9.534 9.257 9.104 9.466 9.829 10.191 9.981 9.981 9.858 9.735 9.612 9.510 9.422 9.335 9.248 9.160 9.008 8.708 8.408 8.448 8.751 9.054 9.661 9.661 9.964 10.268 10.571 10.503 10.318 10.132 9.944 9.716 9.488 9.260 9.031 8.803 8.661 8.670 8.410 8.410 7.891 7.631 7.371 7.111 6.852 6.565 6.144 5.723 5.430 5.416 5.402 5.388 5.374 5.360 5.346 5.346
5.822 6.145 6.469 6.859 7.267 7.675 8.083 8.491 8.885 9.251 9.618 10.352 10.351 10.724 11.097 11.178 10.902 10.625 10.349 10.073 9.796 9.520 9.243 9.308 9.671 10.033 10.395 10.726 10.726 10.603 10.480 10.357 10.254 10.167 10.080 9.992 9.822 9.522 9.222 8.922 8.733 9.037 9.340 9.947 9.947 10.250 10.553 10.552 10.338 10.145 9.960 9.774 9.588 9.403 9.217 9.032 8.846 8.660 8.401 8.142 8.142 7.622 7.362 7.103 6.843 6.583 6.323 5.935 5.536 5.522 5.508 5.494 5.480 5.466 5.452 5.437 5.437
5.251 5.574 5.898 6.284 6.692 7.100 7.495 7.862 8.228 8.595 8.961 9.696 9.696 10.069 10.442 10.814 10.888 10.611 10.335 10.059 9.782 9.506 9.229 9.512 9.875 10.237 10.599 11.324 11.324 11.348 11.225 11.102 10.999 10.912 10.824 10.637 10.336 10.036 9.736 9.436 9.136 9.322 9.625 10.232 10.232 10.535 10.604 10.390 10.176 9.973 9.787 9.601 9.416 9.230 9.045 8.859 8.673 8.267 7.943 7.718 7.718 7.269 7.045 6.820 6.574 6.314 6.055 5.727 5.627 5.613 5.599 5.585 5.571 5.557 5.543 5.529 5.529
4.973 5.032 5.327 5.709 6.106 6.472 6.839 7.205 7.571 7.938 8.304 9.040 9.040 9.413 9.786 10.159 10.532 10.597 10.321 10.045 9.768 9.492 9.354 9.716 10.079 10.441 10.803 11.528 11.528 11.889 11.970 11.847 11.744 11.656 11.451 11.151 10.850 10.550 10.250 9.950 9.650 9.608 9.911 10.518 10.518 10.656 10.442 10.228 10.014 9.800 9.615 9.429 9.243 9.058 8.872 8.687 8.312 7.864 7.462 7.238 7.238 6.789 6.565 6.340 6.116 5.891 5.667 5.606 5.620 5.634 5.648 5.662 5.663 5.649 5.635 5.621 5.621
4.859 4.918 4.976 5.083 5.449 5.815 6.182 6.548 6.915 7.281 7.647 8.385 8.384 8.757 9.130 9.503 9.876 10.249 10.307 10.031 9.754 9.478 9.558 9.920 10.283 10.645 11.007 11.732 11.732 12.093 12.456 12.592 12.488 12.265 11.965 11.665 11.364 11.064 10.764 10.464 10.164 9.893 10.197 10.708 10.708 10.494 10.280 10.066 9.852 9.638 9.442 9.256 9.071 8.885 8.700 8.358 7.910 7.461 7.012 6.758 6.758 6.309 6.084 5.860 5.635 5.411 5.325 5.378 5.403 5.417 5.431 5.445 5.459 5.473 5.487 5.501 5.500
4.743 4.799 4.856 4.856 4.842 5.159 5.525 5.892 6.258 6.624 6.991 7.729 7.729 8.102 8.475 8.847 9.220 9.593 9.966 10.017 9.740 9.464 9.762 10.124 10.487 10.849 11.211 11.936 11.936 12.297 12.660 12.930 12.930 12.779 12.479 12.179 11.878 11.578 11.278 10.978 10.678 10.378 10.482 10.546 10.546 10.332 10.118 9.904 9.690 9.476 9.270 9.084 8.898 8.713 8.404 7.956 7.507 7.058 6.610 6.277 6.277 5.828 5.604 5.380 5.155 5.040 5.094 5.148 5.186 5.200 5.214 5.228 5.242 5.256 5.270 5.284 5.284
4.622 4.679 4.735 4.727 4.714 4.700 4.868 5.235 5.601 5.968 6.334 7.073 7.073 7.446 7.819 8.192 8.565 8.937 9.310 9.683 9.726 9.604 9.966 10.328 10.691 11.053 11.280 11.565 11.565 11.707 11.850 11.980 11.842 11.759 11.688 11.617 11.546 11.475 11.405 11.334 11.192 10.892 10.768 10.384 10.384 10.170 9.956 9.742 9.528 9.314 9.101 8.911 8.726 8.450 8.001 7.553 7.104 6.656 6.207 5.797 5.797 5.348 5.124 4.899 4.756 4.810 4.864 4.918 4.970 4.983 4.997 5.011 5.025 5.039 5.053 5.067 5.067
4.622 4.679 4.735 4.727 4.714 4.700 4.868 5.235 5.601 5.968 6.334 7.073 7.073 7.446 7.819 8.192 8.565 8.938 9.310 9.683 9.726 9.604 9.966 10.328 10.691 11.053 11.280 11.565 11.565 11.707 11.850 11.980 11.842 11.759 11.688 11.617 11.546 11.475 11.405 11.334 11.192 10.892 10.768 10.384 10.384 10.170 9.956 9.742 9.528 9.315 9.101 8.912 8.726 8.450 8.002 7.553 7.104 6.656 6.207 5.797 5.797 5.348 5.124 4.899 4.756 4.810 4.864 4.918 4.970 4.984 4.998 5.011 5.025 5.039 5.053 5.067 5.067
4.502 4.558 4.613 4.599 4.586 4.572 4.558 4.578 4.944 5.311 5.677 6.418 6.418 6.790 7.163 7.536 7.909 8.282 8.655 9.028 9.401 9.630 9.772 9.915 10.057 10.200 10.343 10.628 10.628 10.770 10.913 10.922 10.783 10.659 10.588 10.517 10.447 10.376 10.305 10.234 10.163 10.092 10.125 10.009 10.009 9.939 9.794 9.580 9.366 9.152 8.939 8.739 8.496 8.047 7.599 7.150 6.702 6.253 5.804 5.356 5.356 4.868 4.643 4.472 4.526 4.580 4.634 4.688 4.742 4.767 4.781 4.795 4.809 4.823 4.836 4.847 4.847
4.381 4.438 4.485 4.471 4.457 4.444 4.430 4.417 4.403 4.654 5.021 5.762 5.762 6.135 6.508 6.881 7.253 7.637 8.027 8.416 8.806 8.777 8.835 8.978 9.120 9.263 9.405 9.690 9.690 9.833 9.976 9.863 9.725 9.586 9.489 9.418 9.347 9.276 9.205 9.134 9.063 9.038 9.133 9.094 9.094 9.024 8.953 8.883 8.813 8.743 8.672 8.542 8.093 7.645 7.196 6.747 6.299 5.850 5.402 4.953 4.953 4.388 4.188 4.242 4.296 4.350 4.404 4.458 4.512 4.550 4.564 4.578 4.592 4.606 4.617 4.613 4.613
4.140 4.197 4.228 4.215 4.201 4.187 4.174 4.160 4.147 4.133 4.126 4.508 4.508 4.898 5.287 5.677 6.067 6.456 6.846 7.236 7.394 7.309 7.224 7.139 7.245 7.388 7.531 7.816 7.816 7.958 7.884 7.746 7.608 7.469 7.331 7.218 7.147 7.076 7.005 6.934 6.958 7.053 7.148 7.263 7.263 7.193 7.122 7.052 6.982 6.966 7.206 7.445 7.244 6.800 6.357 5.913 5.470 5.026 4.583 4.139 4.139 3.674 3.728 3.782 3.836 3.890 3.944 3.998 4.051 4.105 4.130 4.144 4.157 4.153 4.150 4.146 4.146
4.020 4.076 4.100 4.086 4.073 4.059 4.046 4.036 4.030 4.024 4.018 3.918 3.918 4.307 4.697 5.087 5.477 5.866 6.256 6.646 6.660 6.575 6.490 6.405 6.320 6.451 6.593 6.878 6.878 6.964 6.826 6.687 6.549 6.411 6.273 6.134 6.047 5.976 5.905 5.871 5.966 6.061 6.156 6.346 6.346 6.277 6.207 6.137 6.135 6.374 6.614 6.853 6.816 6.372 5.929 5.485 5.042 4.598 4.155 3.711 3.711 3.726 3.711 3.696 3.681 3.666 3.713 3.767 3.821 3.875 3.914 3.927 3.924 3.920 3.916 3.912 3.912
3.902 3.956 3.972 3.958 3.946 3.940 3.934 3.928 3.922 3.916 3.907 3.791 3.791 3.734 4.107 4.497 4.886 5.276 5.666 6.011 5.926 5.841 5.756 5.671 5.587 5.513 5.656 5.941 5.941 5.905 5.767 5.629 5.491 5.352 5.214 5.076 4.947 4.877 4.806 4.878 4.973 5.068 5.163 5.353 5.353 5.362 5.291 5.303 5.542 5.782 6.021 6.261 6.388 5.944 5.501 5.058 4.614 4.171 3.727 3.613 3.613 3.810 3.795 3.780 3.765 3.750 3.734 3.719 3.704 3.689 3.697 3.694 3.690 3.686 3.682 3.679 3.678
3.860 3.861 3.851 3.845 3.838 3.832 3.826 3.820 3.814 3.808 3.789 3.673 3.673 3.615 3.558 3.906 4.296 4.686 5.076 5.277 5.192 5.107 5.023 4.938 4.853 4.768 4.719 4.985 4.985 4.847 4.709 4.570 4.432 4.294 4.155 4.017 3.879 3.777 3.791 3.886 3.981 4.076 4.171 4.361 4.361 4.446 4.471 4.711 4.950 5.190 5.429 5.669 5.908 5.517 5.073 4.630 4.186 3.743 3.552 3.654 3.654 3.857 3.878 3.863 3.848 3.833 3.818 3.803 3.788 3.755 3.592 3.539 3.498 3.457 3.449 3.445 3.445
3.784 3.760 3.746 3.737 3.731 3.725 3.719 3.712 3.706 3.700 3.671 3.555 3.555 3.497 3.439 3.382 3.706 4.096 4.486 4.543 4.459 4.374 4.289 4.204 4.119 4.034 3.949 3.927 3.927 3.788 3.650 3.512 3.374 3.235 3.097 2.992 2.933 2.875 2.983 3.108 3.234 3.360 3.486 3.738 3.738 3.864 3.897 4.119 4.358 4.598 4.837 5.077 5.316 5.089 4.645 4.202 3.758 3.492 3.593 3.695 3.695 3.898 3.961 3.946 3.931 3.916 3.901 3.886 3.827 3.664 3.501 3.431 3.390 3.349 3.308 3.267 3.267
3.681 3.656 3.644 3.634 3.623 3.617 3.611 3.605 3.599 3.592 3.553 3.437 3.437 3.379 3.321 3.264 3.206 3.506 3.895 3.810 3.725 3.640 3.555 3.470 3.385 3.311 3.344 3.348 3.348 3.288 3.228 3.169 3.109 3.049 2.989 2.929 2.869 2.820 2.796 2.922 3.048 3.173 3.299 3.551 3.551 3.652 3.683 3.714 3.766 4.006 4.245 4.485 4.724 4.661 4.217 3.774 3.431 3.532 3.634 3.736 3.736 3.939 4.041 4.030 4.015 4.000 3.985 3.899 3.736 3.573 3.411 3.323 3.282 3.241 3.200 3.159 3.159
3.577 3.553 3.542 3.532 3.521 3.510 3.503 3.497 3.491 3.485 3.434 3.319 3.319 3.261 3.203 3.145 3.088 3.030 3.161 3.076 3.064 3.097 3.131 3.165 3.199 3.233 3.267 3.270 3.270 3.225 3.165 3.105 3.045 2.985 2.925 2.865 2.806 2.765 2.723 2.735 2.861 2.987 3.113 3.364 3.364 3.437 3.468 3.499 3.531 3.562 3.653 3.893 4.132 4.233 3.789 3.370 3.472 3.573 3.675 3.777 3.777 3.980 4.082 4.113 4.098 4.083 3.971 3.808 3.646 3.483 3.320 3.215 3.174 3.133 3.093 3.052 3.051
3.474 3.451 3.441 3.430 3.419 3.408 3.398 3.389 3.383 3.374 3.316 3.201 3.201 3.143 3.085 3.028 2.986 2.943 2.926 2.952 2.986 3.020 3.053 3.087 3.121 3.155 3.189 3.173 3.173 3.157 3.101 3.042 2.982 2.922 2.862 2.802 2.751 2.710 2.668 2.627 2.674 2.800 2.926 3.178 3.178 3.223 3.254 3.285 3.316 3.347 3.379 3.410 3.540 3.779 3.361 3.411 3.512 3.614 3.716 3.818 3.817 4.021 4.123 4.197 4.182 4.044 3.881 3.718 3.555 3.392 3.229 3.107 3.067 3.026 2.985 2.944 2.944
3.371 3.349 3.339 3.328 3.317 3.307 3.296 3.285 3.275 3.256 3.198 3.098 3.098 3.055 3.013 2.971 2.928 2.886 2.881 2.879 2.908 2.942 2.976 3.010 3.043 3.077 3.108 3.076 3.076 3.060 3.038 2.978 2.918 2.858 2.798 2.738 2.696 2.654 2.613 2.572 2.531 2.613 2.739 2.977 2.977 3.008 3.039 3.070 3.102 3.133 3.164 3.195 3.226 3.258 3.339 3.439 3.540 3.640 3.741 3.841 3.841 4.042 4.142 4.242 4.116 3.953 3.790 3.627 3.464 3.301 3.139 3.000 2.959 2.918 2.877 2.836 2.836
3.267 3.247 3.237 3.226 3.215 3.205 3.194 3.183 3.183 3.168 3.125 3.040 3.040 2.997 2.955 2.913 2.870 2.837 2.835 2.834 2.832 2.864 2.898 2.932 2.966 3.000 3.010 2.979 2.979 2.963 2.947 2.915 2.855 2.795 2.735 2.682 2.641 2.599 2.558 2.517 2.476 2.434 2.552 2.762 2.762 2.794 2.825 2.856 2.887 2.918 2.950 3.020 3.094 3.164 3.141 3.220 3.320 3.421 3.521 3.621 3.621 3.822 3.922 3.986 3.935 3.862 3.699 3.536 3.374 3.211 3.048 2.892 2.851 2.810 2.769 2.728 2.728
3.164 3.146 3.135 3.124 3.114 3.103 3.118 3.133 3.149 3.119 3.067 2.982 2.982 2.940 2.897 2.855 2.812 2.792 2.790 2.789 2.787 2.786 2.820 2.854 2.888 2.922 2.913 2.882 2.882 2.866 2.850 2.834 2.791 2.731 2.672 2.627 2.586 2.544 2.503 2.462 2.421 2.379 2.366 2.548 2.548 2.579 2.610 2.643 2.716 2.790 2.863 2.936 3.010 3.051 3.028 3.005 3.101 3.201 3.301 3.402 3.402 3.602 3.703 3.719 3.669 3.618 3.568 3.446 3.283 3.120 2.957 2.794 2.743 2.702 2.661 2.620 2.620
3.061 3.044 3.033 3.038 3.053 3.069 3.084 3.099 3.114 3.071 3.019 2.925 2.925 2.882 2.840 2.797 2.755 2.747 2.745 2.743 2.742 2.740 2.742 2.776 2.810 2.832 2.816 2.785 2.785 2.769 2.753 2.737 2.722 2.668 2.613 2.572 2.531 2.489 2.448 2.407 2.365 2.324 2.283 2.339 2.338 2.412 2.485 2.559 2.632 2.706 2.779 2.852 2.926 2.939 2.916 2.893 2.881 2.981 3.082 3.182 3.182 3.383 3.483 3.453 3.402 3.352 3.302 3.251 3.192 3.029 2.867 2.704 2.635 2.594 2.556 2.564 2.563
2.985 2.974 2.989 3.004 3.019 3.034 3.049 3.064 3.075 3.023 2.970 2.867 2.867 2.824 2.782 2.739 2.704 2.702 2.700 2.698 2.697 2.695 2.693 2.699 2.732 2.735 2.719 2.688 2.688 2.672 2.656 2.640 2.625 2.605 2.558 2.517 2.476 2.438 2.401 2.364 2.328 2.291 2.254 2.255 2.255 2.328 2.401 2.475 2.548 2.622 2.695 2.769 2.842 2.827 2.804 2.781 2.757 2.762 2.862 2.963 2.963 3.163 3.237 3.186 3.136 3.085 3.035 2.985 2.934 2.884 2.776 2.613 2.528 2.491 2.499 2.507 2.506
2.985 2.974 2.989 3.004 3.019 3.034 3.049 3.065 3.075 3.023 2.971 2.867 2.867 2.824 2.782 2.740 2.704 2.702 2.700 2.698 2.697 2.695 2.693 2.699 2.733 2.735 2.720 2.688 2.688 2.672 2.656 2.640 2.625 2.605 2.558 2.517 2.476 2.438 2.401 2.365 2.328 2.291 2.254 2.255 2.255 2.328 2.402 2.475 2.548 2.622 2.695 2.769 2.842 2.827 2.804 2.781 2.758 2.762 2.862 2.963 2.963 3.163 3.237 3.186 3.136 3.086 3.035 2.985 2.934 2.884 2.776 2.613 2.528 2.491 2.499 2.507 2.507
2.989 2.971 2.962 2.969 2.985 3.000 3.015 3.030 3.027 2.974 2.922 2.818 2.818 2.767 2.724 2.682 2.659 2.657 2.655 2.653 2.651 2.650 2.648 2.646 2.654 2.638 2.623 2.602 2.602 2.592 2.582 2.572 2.562 2.554 2.538 2.502 2.465 2.428 2.391 2.355 2.318 2.281 2.245 2.216 2.215 2.244 2.318 2.391 2.464 2.538 2.611 2.685 2.738 2.715 2.692 2.668 2.645 2.622 2.643 2.743 2.743 2.944 2.970 2.920 2.870 2.819 2.769 2.718 2.668 2.618 2.567 2.517 2.426 2.434 2.442 2.450 2.450
2.992 2.974 2.965 2.956 2.950 2.965 2.980 2.996 2.978 2.926 2.874 2.770 2.770 2.717 2.666 2.624 2.613 2.612 2.610 2.608 2.606 2.605 2.605 2.604 2.602 2.594 2.584 2.564 2.564 2.554 2.544 2.534 2.524 2.523 2.524 2.492 2.455 2.418 2.382 2.345 2.308 2.272 2.241 2.216 2.216 2.203 2.234 2.307 2.381 2.454 2.527 2.601 2.626 2.603 2.579 2.556 2.533 2.510 2.487 2.524 2.523 2.724 2.704 2.653 2.603 2.553 2.502 2.452 2.401 2.351 2.361 2.372 2.400 2.401 2.401 2.402 2.402
2.999 2.980 2.971 2.962 2.953 2.944 2.935 2.927 2.884 2.836 2.788 2.693 2.693 2.646 2.598 2.557 2.529 2.528 2.527 2.526 2.525 2.524 2.524 2.523 2.517 2.512 2.506 2.487 2.487 2.477 2.467 2.457 2.458 2.459 2.460 2.461 2.435 2.399 2.362 2.325 2.288 2.253 2.241 2.216 2.216 2.204 2.191 2.178 2.213 2.286 2.359 2.424 2.401 2.378 2.355 2.332 2.308 2.285 2.262 2.239 2.239 2.221 2.200 2.210 2.221 2.232 2.242 2.252 2.263 2.273 2.284 2.309 2.348 2.386 2.389 2.389 2.389
3.002 2.982 2.974 2.965 2.956 2.947 2.934 2.907 2.871 2.823 2.775 2.680 2.680 2.633 2.585 2.549 2.514 2.487 2.486 2.486 2.485 2.484 2.483 2.481 2.475 2.470 2.464 2.449 2.449 2.439 2.429 2.424 2.426 2.427 2.428 2.429 2.425 2.389 2.352 2.315 2.279 2.254 2.241 2.216 2.216 2.204 2.191 2.179 2.166 2.202 2.275 2.312 2.289 2.266 2.242 2.219 2.196 2.173 2.162 2.161 2.161 2.153 2.161 2.172 2.182 2.193 2.203 2.214 2.224 2.235 2.245 2.282 2.320 2.359 2.382 2.383 2.383
3.006 2.985 2.976 2.968 2.959 2.939 2.912 2.885 2.858 2.810 2.762 2.667 2.667 2.620 2.577 2.542 2.507 2.471 2.446 2.445 2.444 2.444 2.443 2.439 2.433 2.428 2.422 2.410 2.410 2.401 2.391 2.393 2.394 2.395 2.396 2.397 2.398 2.379 2.342 2.306 2.269 2.254 2.241 2.217 2.217 2.204 2.192 2.179 2.166 2.154 2.192 2.200 2.177 2.153 2.148 2.147 2.145 2.143 2.142 2.140 2.140 2.131 2.123 2.133 2.144 2.154 2.165 2.175 2.185 2.196 2.216 2.255 2.293 2.331 2.370 2.377 2.377
