includes/camargue/floodfiles/results_R2_t1.562344511003E12/res-0005.wdfp
ncols         906
nrows         631
xllcorner     362177.146667
yllcorner     6534725.688020
cellsize      20.000000
NODATA_value  -9999.000000
[rows 544 to 577 of 631, columns 308 to 384 of 906]
8.453 8.355 8.256 8.158 8.046 7.877 7.877 7.539 7.370 7.201 7.032 6.863 6.694 6.525 6.356 6.187 6.018 5.849 5.680 5.782 5.904 6.025 6.025 6.268 6.390 6.512 6.633 6.755 6.876 6.998 7.119 7.241 7.362 7.447 7.382 7.317 7.253 7.024 6.550 6.550 6.313 6.076 5.839 5.602 5.365 5.128 4.891 4.691 4.679 4.667 4.654 4.642 4.630 4.618 4.581 4.581 4.560 4.539 4.518 4.497 4.476 4.467 4.462 4.456 4.451 4.445 4.439 4.434 4.428 4.423 4.411 4.411 4.406 4.407 4.404 4.392 4.379
8.503 8.405 8.306 8.208 8.109 7.943 7.943 7.605 7.436 7.267 7.098 6.929 6.760 6.591 6.422 6.253 6.084 5.915 5.733 5.722 5.896 6.070 6.070 6.418 6.592 6.721 6.843 6.964 7.086 7.207 7.329 7.450 7.572 7.693 7.662 7.597 7.396 7.159 6.685 6.685 6.448 6.211 5.974 5.737 5.500 5.263 5.026 4.789 4.736 4.724 4.711 4.699 4.687 4.672 4.630 4.630 4.609 4.588 4.567 4.546 4.525 4.512 4.507 4.501 4.495 4.490 4.484 4.479 4.473 4.467 4.456 4.456 4.457 4.458 4.459 4.447 4.434
8.553 8.455 8.356 8.258 8.160 8.009 8.009 7.671 7.502 7.334 7.165 6.996 6.827 6.658 6.489 6.320 6.151 5.971 5.786 5.629 5.803 5.977 5.977 6.325 6.498 6.672 6.846 7.020 7.194 7.368 7.538 7.660 7.781 7.903 7.941 7.768 7.531 7.294 6.820 6.820 6.583 6.346 6.109 5.872 5.635 5.398 5.161 4.924 4.793 4.781 4.768 4.756 4.742 4.721 4.679 4.679 4.658 4.637 4.616 4.595 4.574 4.557 4.552 4.546 4.540 4.535 4.529 4.523 4.518 4.512 4.508 4.508 4.509 4.510 4.511 4.502 4.489
8.603 8.505 8.406 8.308 8.210 8.076 8.076 7.738 7.569 7.400 7.231 7.062 6.893 6.724 6.555 6.386 6.209 6.024 5.838 5.653 5.709 5.883 5.883 6.231 6.405 6.579 6.753 6.927 7.101 7.274 7.448 7.622 7.796 7.970 8.111 7.891 7.666 7.429 6.955 6.955 6.718 6.481 6.244 6.007 5.770 5.533 5.296 5.059 4.850 4.838 4.826 4.812 4.791 4.770 4.728 4.728 4.707 4.686 4.665 4.644 4.623 4.602 4.596 4.591 4.585 4.579 4.574 4.568 4.563 4.557 4.560 4.560 4.561 4.562 4.563 4.557 4.545
8.653 8.555 8.456 8.358 8.260 8.142 8.142 7.804 7.635 7.466 7.297 7.128 6.959 6.790 6.621 6.447 6.262 6.076 5.891 5.705 5.616 5.790 5.790 6.137 6.311 6.485 6.659 6.833 7.007 7.181 7.355 7.529 7.703 7.869 8.011 7.928 7.708 7.489 7.049 7.049 6.829 6.610 6.379 6.142 5.905 5.668 5.431 5.194 4.957 4.895 4.882 4.861 4.840 4.819 4.777 4.777 4.756 4.735 4.714 4.693 4.672 4.651 4.641 4.635 4.630 4.624 4.619 4.613 4.608 4.609 4.611 4.611 4.613 4.614 4.615 4.612 4.600
8.703 8.605 8.507 8.408 8.310 8.208 8.208 7.870 7.701 7.532 7.363 7.195 7.026 6.857 6.685 6.500 6.314 6.129 5.943 5.758 5.573 5.696 5.696 6.044 6.218 6.392 6.566 6.740 6.914 7.087 7.261 7.435 7.609 7.751 7.892 7.965 7.745 7.526 7.086 7.086 6.866 6.647 6.427 6.207 5.987 5.768 5.548 5.328 5.092 4.951 4.930 4.910 4.889 4.868 4.826 4.826 4.805 4.784 4.763 4.742 4.721 4.700 4.686 4.680 4.675 4.669 4.663 4.659 4.660 4.661 4.663 4.663 4.664 4.665 4.666 4.667 4.655
8.754 8.655 8.557 8.458 8.360 8.261 8.261 7.937 7.768 7.599 7.430 7.261 7.092 6.923 6.737 6.552 6.367 6.181 5.996 5.811 5.625 5.603 5.603 5.951 6.124 6.298 6.472 6.646 6.820 6.994 7.168 7.342 7.491 7.632 7.773 7.915 7.782 7.562 7.123 7.123 6.903 6.684 6.464 6.244 6.024 5.805 5.585 5.365 5.146 4.999 4.979 4.958 4.938 4.917 4.875 4.875 4.854 4.833 4.812 4.791 4.770 4.750 4.731 4.725 4.719 4.714 4.710 4.711 4.712 4.713 4.715 4.715 4.716 4.717 4.718 4.719 4.710
8.804 8.705 8.607 8.508 8.410 8.311 8.311 8.003 7.834 7.665 7.496 7.327 7.158 6.975 6.790 6.605 6.419 6.234 6.048 5.863 5.678 5.509 5.509 5.857 6.031 6.205 6.379 6.553 6.727 6.901 7.074 7.231 7.372 7.513 7.655 7.796 7.819 7.599 7.160 7.160 6.940 6.721 6.501 6.281 6.061 5.842 5.622 5.402 5.226 5.082 5.025 5.005 4.985 4.964 4.924 4.924 4.903 4.882 4.861 4.840 4.819 4.799 4.778 4.770 4.764 4.760 4.761 4.762 4.764 4.765 4.767 4.767 4.768 4.769 4.770 4.771 4.765
8.854 8.755 8.657 8.558 8.460 8.361 8.361 8.069 7.900 7.731 7.562 7.393 7.213 7.028 6.842 6.657 6.472 6.286 6.101 5.916 5.730 5.545 5.545 5.763 5.937 6.111 6.285 6.459 6.633 6.807 6.971 7.112 7.254 7.395 7.536 7.677 7.819 7.636 7.197 7.197 6.977 6.758 6.538 6.318 6.098 5.879 5.659 5.463 5.318 5.174 5.072 5.051 5.031 5.011 4.971 4.970 4.950 4.930 4.910 4.889 4.868 4.848 4.827 4.815 4.811 4.812 4.813 4.814 4.815 4.816 4.819 4.819 4.820 4.821 4.822 4.823 4.820
8.904 8.805 8.707 8.608 8.510 8.411 8.411 8.136 7.966 7.797 7.629 7.451 7.265 7.080 6.895 6.710 6.524 6.339 6.153 5.968 5.783 5.598 5.598 5.670 5.844 6.018 6.192 6.366 6.540 6.711 6.852 6.994 7.135 7.276 7.418 7.559 7.700 7.673 7.234 7.234 7.014 6.794 6.575 6.355 6.135 5.915 5.699 5.554 5.410 5.266 5.122 5.098 5.078 5.057 5.017 5.017 4.997 4.976 4.956 4.936 4.916 4.895 4.875 4.862 4.863 4.864 4.865 4.866 4.867 4.868 4.870 4.870 4.871 4.872 4.873 4.874 4.875
8.954 8.855 8.757 8.658 8.560 8.462 8.462 8.202 8.033 7.864 7.689 7.503 7.318 7.133 6.947 6.762 6.577 6.391 6.206 6.021 5.835 5.650 5.650 5.576 5.750 5.924 6.098 6.272 6.446 6.592 6.734 6.875 7.016 7.158 7.299 7.440 7.582 7.710 7.271 7.271 7.051 6.831 6.612 6.392 6.172 5.952 5.791 5.646 5.502 5.358 5.214 5.144 5.124 5.104 5.064 5.063 5.043 5.023 5.003 4.982 4.962 4.942 4.899 4.846 4.872 4.898 4.917 4.918 4.919 4.920 4.922 4.922 4.923 4.924 4.925 4.926 4.927
8.775 8.790 8.804 8.709 8.610 8.512 8.512 8.268 8.099 7.926 7.741 7.556 7.371 7.185 7.000 6.815 6.629 6.444 6.259 6.073 5.888 5.703 5.703 5.483 5.657 5.831 6.005 6.179 6.332 6.474 6.615 6.756 6.898 7.039 7.180 7.322 7.463 7.604 7.308 7.308 7.088 6.868 6.648 6.429 6.209 6.027 5.883 5.738 5.594 5.450 5.306 5.191 5.171 5.150 5.110 5.110 5.090 5.069 5.049 5.029 5.009 4.960 4.893 4.826 4.851 4.877 4.903 4.929 4.954 4.972 4.974 4.974 4.975 4.976 4.977 4.978 4.979
8.775 8.790 8.804 8.709 8.610 8.512 8.512 8.268 8.099 7.926 7.741 7.556 7.371 7.185 7.000 6.815 6.629 6.444 6.259 6.073 5.888 5.703 5.703 5.483 5.657 5.831 6.005 6.179 6.332 6.474 6.615 6.756 6.898 7.039 7.180 7.322 7.463 7.604 7.308 7.308 7.088 6.868 6.648 6.429 6.209 6.027 5.883 5.738 5.594 5.450 5.306 5.191 5.171 5.150 5.110 5.110 5.090 5.069 5.049 5.029 5.009 4.960 4.893 4.826 4.851 4.877 4.903 4.929 4.954 4.972 4.974 4.974 4.975 4.976 4.977 4.978 4.979
8.585 8.599 8.613 8.628 8.642 8.562 8.562 8.334 8.164 7.979 7.794 7.608 7.423 7.238 7.052 6.867 6.682 6.496 6.311 6.126 5.941 5.755 5.755 5.389 5.563 5.737 5.911 6.072 6.214 6.355 6.496 6.638 6.779 6.920 7.062 7.203 7.344 7.486 7.344 7.344 7.125 6.905 6.685 6.466 6.263 6.119 5.975 5.830 5.686 5.542 5.398 5.254 5.217 5.197 5.157 5.156 5.136 5.116 5.096 5.075 5.022 4.954 4.886 4.819 4.831 4.856 4.882 4.908 4.934 4.959 5.011 5.011 5.027 5.028 5.029 5.030 5.031
8.394 8.408 8.423 8.437 8.451 8.466 8.466 8.401 8.217 8.031 7.846 7.661 7.475 7.290 7.105 6.920 6.734 6.549 6.364 6.178 5.993 5.808 5.808 5.437 5.470 5.644 5.812 5.954 6.095 6.236 6.378 6.519 6.660 6.802 6.943 7.084 7.226 7.367 7.381 7.381 7.162 6.942 6.722 6.503 6.355 6.211 6.066 5.922 5.778 5.634 5.490 5.345 5.264 5.243 5.203 5.203 5.183 5.162 5.142 5.083 5.015 4.948 4.880 4.812 4.810 4.835 4.861 4.887 4.913 4.939 4.990 4.990 5.016 5.041 5.067 5.081 5.083
8.012 8.027 8.041 8.056 8.085 8.159 8.159 8.296 8.338 8.151 7.965 7.779 7.592 7.406 7.220 7.033 6.847 6.661 6.474 6.288 6.102 5.915 5.915 5.543 5.357 5.433 5.575 5.716 5.858 5.999 6.140 6.282 6.423 6.564 6.706 6.847 6.988 7.130 7.413 7.413 7.235 7.016 6.827 6.683 6.539 6.394 6.250 6.106 5.962 5.818 5.674 5.529 5.385 5.336 5.296 5.296 5.273 5.205 5.138 5.070 5.002 4.935 4.867 4.800 4.768 4.794 4.819 4.845 4.871 4.897 4.948 4.948 4.974 5.000 5.025 5.051 5.081
7.822 7.836 7.853 7.927 8.001 8.075 8.075 8.208 8.262 8.214 8.027 7.841 7.655 7.468 7.282 7.096 6.909 6.723 6.537 6.350 6.164 5.978 5.978 5.605 5.495 5.532 5.639 5.747 5.854 5.961 6.068 6.175 6.304 6.446 6.587 6.728 6.870 7.011 7.294 7.294 7.272 7.063 6.919 6.775 6.631 6.486 6.342 6.198 6.054 5.910 5.766 5.621 5.477 5.383 5.334 5.334 5.266 5.199 5.131 5.064 4.996 4.928 4.861 4.793 4.747 4.773 4.799 4.824 4.850 4.876 4.927 4.927 4.953 4.979 5.005 5.043 5.102
7.631 7.696 7.770 7.843 7.917 7.991 7.991 8.119 8.174 8.229 8.090 7.903 7.717 7.531 7.344 7.158 6.972 6.785 6.599 6.412 6.226 6.040 6.040 5.687 5.687 5.687 5.783 5.890 5.997 6.104 6.211 6.318 6.426 6.533 6.640 6.747 6.854 6.961 7.175 7.175 7.309 7.155 7.011 6.867 6.722 6.578 6.434 6.290 6.146 6.002 5.857 5.713 5.569 5.429 5.327 5.327 5.260 5.192 5.125 5.057 4.990 4.922 4.855 4.787 4.727 4.752 4.778 4.804 4.829 4.855 4.907 4.907 4.932 4.958 5.004 5.063 5.123
7.538 7.612 7.686 7.759 7.833 7.907 7.907 8.031 8.085 8.140 8.152 7.966 7.779 7.593 7.407 7.220 7.034 6.848 6.661 6.475 6.288 6.102 6.102 5.878 5.878 5.879 5.926 6.033 6.140 6.247 6.354 6.462 6.569 6.676 6.783 6.890 6.997 7.104 7.319 7.319 7.277 7.128 6.988 6.848 6.708 6.568 6.427 6.287 6.147 6.007 5.866 5.726 5.586 5.445 5.321 5.321 5.253 5.186 5.119 5.051 4.983 4.916 4.848 4.781 4.713 4.731 4.757 4.783 4.809 4.834 4.886 4.886 4.911 4.965 5.024 5.084 5.143
7.454 7.528 7.602 7.675 7.749 7.823 7.823 7.942 7.997 8.052 8.106 8.028 7.841 7.655 7.469 7.282 7.096 6.910 6.724 6.537 6.351 6.165 6.165 6.070 6.070 6.070 6.070 6.176 6.283 6.390 6.498 6.605 6.712 6.819 6.926 7.033 7.140 7.248 7.391 7.391 7.236 7.082 6.939 6.799 6.659 6.518 6.378 6.238 6.098 5.957 5.817 5.677 5.537 5.416 5.304 5.304 5.247 5.180 5.112 5.045 4.977 4.909 4.842 4.774 4.707 4.711 4.736 4.762 4.788 4.813 4.867 4.866 4.926 4.985 5.045 5.104 5.164
7.370 7.444 7.518 7.591 7.665 7.739 7.739 7.854 7.908 7.963 8.018 8.073 7.904 7.717 7.531 7.345 7.158 6.972 6.786 6.600 6.413 6.262 6.262 6.262 6.262 6.262 6.262 6.319 6.426 6.534 6.641 6.748 6.855 6.962 7.069 7.176 7.284 7.391 7.351 7.351 7.196 7.042 6.890 6.750 6.610 6.469 6.329 6.189 6.049 5.908 5.768 5.628 5.488 5.389 5.276 5.276 5.220 5.164 5.106 5.038 4.971 4.903 4.836 4.768 4.701 4.690 4.715 4.741 4.767 4.793 4.887 4.887 4.947 5.006 5.065 5.125 5.184
7.286 7.360 7.434 7.508 7.581 7.655 7.655 7.765 7.820 7.875 7.929 7.984 7.966 7.780 7.593 7.407 7.221 7.034 6.848 6.662 6.475 6.453 6.453 6.453 6.453 6.453 6.453 6.462 6.569 6.677 6.784 6.891 6.998 7.105 7.212 7.320 7.427 7.534 7.310 7.310 7.156 7.001 6.847 6.700 6.560 6.420 6.280 6.140 5.999 5.859 5.719 5.579 5.438 5.361 5.249 5.249 5.193 5.136 5.080 5.024 4.964 4.897 4.829 4.762 4.694 4.669 4.695 4.721 4.746 4.789 4.908 4.908 4.967 5.026 5.086 5.146 5.205
7.202 7.276 7.350 7.424 7.497 7.567 7.567 7.677 7.731 7.786 7.841 7.895 7.950 7.842 7.656 7.469 7.283 7.097 6.910 6.724 6.645 6.645 6.645 6.645 6.645 6.645 6.645 6.645 6.713 6.820 6.927 7.034 7.141 7.248 7.356 7.463 7.570 7.579 7.270 7.270 7.115 6.961 6.806 6.652 6.511 6.371 6.231 6.091 5.950 5.810 5.670 5.530 5.389 5.333 5.221 5.221 5.165 5.109 5.053 4.997 4.941 4.884 4.823 4.755 4.688 4.648 4.674 4.700 4.750 4.809 4.928 4.928 4.988 5.047 5.107 5.166 5.226
7.118 7.192 7.266 7.340 7.413 7.479 7.479 7.588 7.643 7.698 7.752 7.807 7.862 7.904 7.718 7.532 7.345 7.159 6.973 6.836 6.836 6.837 6.837 6.837 6.836 6.837 6.837 6.837 6.856 6.963 7.070 7.177 7.284 7.392 7.499 7.606 7.693 7.539 7.230 7.230 7.075 6.921 6.766 6.612 6.462 6.322 6.182 6.041 5.901 5.761 5.621 5.480 5.362 5.306 5.193 5.193 5.137 5.081 5.025 4.969 4.913 4.857 4.800 4.744 4.681 4.627 4.653 4.711 4.771 4.830 4.949 4.949 5.008 5.068 5.127 5.187 5.246
7.034 7.108 7.182 7.256 7.329 7.390 7.390 7.500 7.554 7.609 7.664 7.718 7.773 7.828 7.780 7.594 7.407 7.221 7.035 7.028 7.028 7.028 7.028 7.028 7.028 7.028 7.028 7.028 7.028 7.106 7.213 7.320 7.428 7.535 7.642 7.749 7.653 7.498 7.189 7.189 7.035 6.880 6.726 6.571 6.417 6.273 6.132 5.992 5.852 5.712 5.572 5.431 5.334 5.278 5.166 5.166 5.110 5.054 4.997 4.941 4.885 4.829 4.773 4.717 4.661 4.647 4.672 4.732 4.791 4.851 4.970 4.969 5.029 5.088 5.148 5.207 5.267
6.950 7.024 7.098 7.172 7.245 7.302 7.302 7.411 7.466 7.520 7.575 7.630 7.685 7.739 7.794 7.656 7.470 7.283 7.220 7.220 7.220 7.220 7.220 7.220 7.220 7.220 7.220 7.220 7.220 7.249 7.356 7.464 7.571 7.678 7.785 7.767 7.613 7.458 7.149 7.149 6.995 6.840 6.685 6.531 6.376 6.223 6.083 5.943 5.803 5.663 5.522 5.382 5.306 5.250 5.138 5.138 5.082 5.026 4.970 4.914 4.857 4.801 4.745 4.710 4.803 4.896 4.861 4.815 4.812 4.871 4.990 4.990 5.049 5.109 5.168 5.228 5.287
6.952 6.971 7.014 7.088 7.158 7.213 7.213 7.322 7.377 7.432 7.487 7.541 7.596 7.651 7.706 7.718 7.532 7.411 7.411 7.411 7.411 7.411 7.411 7.411 7.411 7.411 7.411 7.411 7.411 7.411 7.500 7.607 7.714 7.821 7.881 7.727 7.572 7.418 7.109 7.109 6.954 6.800 6.645 6.491 6.336 6.182 6.034 5.894 5.754 5.613 5.473 5.335 5.278 5.222 5.110 5.110 5.054 4.998 4.942 4.886 4.830 4.774 4.866 4.959 5.052 5.145 5.122 5.076 5.029 4.983 5.011 5.011 5.070 5.130 5.189 5.248 5.308
6.973 6.992 7.010 7.029 7.070 7.125 7.124 7.234 7.289 7.343 7.398 7.453 7.508 7.562 7.617 7.672 7.603 7.603 7.603 7.603 7.603 7.603 7.603 7.603 7.603 7.603 7.603 7.603 7.603 7.603 7.643 7.750 7.857 7.964 7.841 7.686 7.532 7.377 7.068 7.068 6.914 6.759 6.605 6.450 6.296 6.141 5.987 5.845 5.704 5.564 5.424 5.307 5.251 5.195 5.083 5.083 5.026 4.970 4.914 4.858 4.929 5.022 5.115 5.208 5.302 5.395 5.383 5.337 5.290 5.244 5.151 5.151 5.104 5.150 5.210 5.269 5.329
6.973 6.992 7.010 7.029 7.070 7.125 7.124 7.234 7.289 7.343 7.398 7.453 7.507 7.562 7.617 7.672 7.603 7.603 7.603 7.603 7.603 7.603 7.603 7.603 7.603 7.603 7.603 7.603 7.603 7.603 7.643 7.750 7.857 7.964 7.841 7.686 7.532 7.377 7.068 7.068 6.914 6.759 6.605 6.450 6.296 6.141 5.987 5.845 5.704 5.564 5.424 5.307 5.251 5.195 5.083 5.082 5.026 4.970 4.914 4.858 4.929 5.022 5.115 5.208 5.302 5.395 5.383 5.337 5.290 5.244 5.151 5.151 5.104 5.150 5.210 5.269 5.329
6.994 7.012 7.031 7.028 6.993 7.047 7.047 7.156 7.211 7.265 7.319 7.374 7.428 7.483 7.537 7.591 7.752 7.765 7.778 7.791 7.794 7.794 7.794 7.794 7.795 7.794 7.794 7.794 7.794 7.795 7.795 7.893 8.000 7.955 7.801 7.646 7.492 7.337 7.028 7.028 6.873 6.719 6.565 6.410 6.255 6.101 5.946 5.795 5.655 5.515 5.375 5.279 5.223 5.167 5.055 5.055 4.999 4.943 4.992 5.085 5.178 5.272 5.365 5.458 5.551 5.644 5.644 5.598 5.551 5.505 5.412 5.412 5.365 5.319 5.272 5.290 5.349
7.014 7.033 7.028 6.988 6.948 6.972 6.972 7.080 7.135 7.189 7.244 7.298 7.352 7.407 7.461 7.595 7.809 7.881 7.894 7.907 7.920 7.933 7.933 7.959 7.972 7.985 7.986 7.986 7.986 7.986 7.986 8.036 8.070 7.915 7.760 7.606 7.451 7.297 6.988 6.988 6.833 6.679 6.524 6.370 6.215 6.061 5.906 5.752 5.606 5.466 5.326 5.251 5.195 5.139 5.027 5.027 5.055 5.148 5.242 5.335 5.428 5.521 5.614 5.707 5.800 5.893 5.905 5.859 5.812 5.766 5.673 5.673 5.626 5.580 5.533 5.487 5.441
7.029 6.989 6.949 6.909 6.869 6.829 6.829 6.929 6.983 7.038 7.092 7.146 7.201 7.255 7.464 7.678 7.891 8.105 8.126 8.139 8.152 8.166 8.166 8.192 8.205 8.218 8.231 8.244 8.257 8.270 8.283 8.173 8.025 7.865 7.706 7.546 7.386 7.227 6.907 6.907 6.752 6.598 6.444 6.289 6.134 5.980 5.826 5.671 5.516 5.368 5.252 5.196 5.181 5.274 5.461 5.461 5.554 5.647 5.740 5.833 5.926 6.019 6.112 6.206 6.299 6.392 6.427 6.381 6.334 6.288 6.195 6.195 6.148 6.102 6.055 6.009 5.963
6.990 6.950 6.910 6.870 6.830 6.790 6.790 6.853 6.908 6.962 7.016 7.071 7.125 7.291 7.505 7.719 7.933 8.146 8.242 8.255 8.269 8.282 8.282 8.308 8.321 8.334 8.347 8.360 8.373 8.386 8.282 8.164 8.027 7.867 7.708 7.548 7.388 7.229 6.909 6.909 6.750 6.590 6.430 6.271 6.111 5.951 5.792 5.632 5.476 5.322 5.244 5.337 5.430 5.524 5.710 5.710 5.803 5.896 5.989 6.082 6.176 6.269 6.362 6.455 6.548 6.641 6.688 6.642 6.595 6.549 6.456 6.456 6.409 6.363 6.316 6.270 6.224
6.950 6.910 6.870 6.830 6.790 6.751 6.750 6.777 6.832 6.886 6.941 6.995 7.119 7.333 7.546 7.760 7.974 8.187 8.359 8.372 8.385 8.398 8.398 8.424 8.437 8.450 8.463 8.476 8.489 8.391 8.272 8.154 8.029 7.870 7.710 7.550 7.390 7.231 6.911 6.911 6.752 6.592 6.432 6.273 6.113 5.953 5.794 5.634 5.475 5.332 5.362 5.572 5.680 5.773 5.959 5.959 6.052 6.145 6.239 6.332 6.425 6.518 6.611 6.704 6.797 6.891 6.949 6.903 6.856 6.810 6.717 6.717 6.670 6.624 6.577 6.531 6.485
