includes/camargue/floodfiles/results_R2_t1.562344511003E12/res-0002.wd
ncols         906
nrows         631
xllcorner     362177.146667
yllcorner     6534725.688020
cellsize      20.000000
NODATA_value  -9999.000000
[rows 408 to 441 of 631, columns 770 to 846 of 906]
3.768 3.803 3.837 3.871 3.905 3.939 3.974 4.011 4.048 4.085 4.122 4.196 4.196 4.234 4.273 4.313 4.353 4.393 4.433 4.472 4.510 4.549 4.587 4.626 4.664 4.702 4.741 4.810 4.810 4.841 4.872 4.903 4.934 4.965 4.996 5.027 5.057 5.088 5.119 5.150 5.181 5.211 5.220 5.229 5.229 5.246 5.255 5.264 5.273 5.282 5.290 5.299 5.308 5.317 5.326 5.335 5.361 5.390 5.420 5.437 5.437 5.457 5.467 5.476 5.486 5.496 5.511 5.530 5.549 5.569 5.588 5.607 5.626 5.643 5.651 5.660 5.660
3.799 3.834 3.868 3.902 3.937 3.974 4.011 4.048 4.085 4.122 4.159 4.233 4.233 4.271 4.310 4.350 4.390 4.430 4.470 4.510 4.550 4.588 4.626 4.665 4.703 4.741 4.780 4.848 4.848 4.879 4.910 4.941 4.972 5.003 5.034 5.065 5.096 5.127 5.159 5.196 5.233 5.265 5.288 5.297 5.297 5.314 5.323 5.332 5.341 5.349 5.358 5.367 5.376 5.385 5.394 5.411 5.441 5.470 5.500 5.522 5.522 5.542 5.551 5.561 5.571 5.581 5.590 5.600 5.615 5.634 5.653 5.672 5.692 5.708 5.717 5.725 5.725
3.830 3.865 3.899 3.937 3.974 4.011 4.048 4.085 4.122 4.159 4.196 4.270 4.270 4.308 4.348 4.388 4.428 4.467 4.507 4.547 4.587 4.627 4.666 4.704 4.742 4.781 4.819 4.886 4.886 4.917 4.948 4.979 5.010 5.041 5.072 5.103 5.138 5.175 5.212 5.249 5.286 5.316 5.343 5.364 5.364 5.382 5.391 5.400 5.409 5.417 5.426 5.435 5.444 5.453 5.462 5.491 5.521 5.550 5.580 5.607 5.607 5.626 5.636 5.646 5.656 5.666 5.675 5.685 5.695 5.705 5.718 5.738 5.757 5.773 5.782 5.790 5.790
3.830 3.865 3.899 3.936 3.974 4.011 4.048 4.085 4.122 4.159 4.196 4.270 4.270 4.308 4.348 4.388 4.428 4.467 4.507 4.547 4.587 4.627 4.665 4.704 4.742 4.781 4.819 4.886 4.886 4.917 4.948 4.979 5.010 5.041 5.072 5.103 5.138 5.175 5.212 5.249 5.286 5.316 5.343 5.364 5.364 5.382 5.391 5.400 5.409 5.417 5.426 5.435 5.444 5.453 5.462 5.491 5.521 5.550 5.580 5.607 5.607 5.626 5.636 5.646 5.656 5.666 5.675 5.685 5.695 5.705 5.718 5.737 5.757 5.773 5.782 5.790 5.790
3.862 3.899 3.936 3.973 4.011 4.048 4.085 4.122 4.159 4.196 4.233 4.307 4.308 4.345 4.385 4.425 4.465 4.505 4.545 4.585 4.624 4.664 4.704 4.743 4.782 4.820 4.858 4.924 4.924 4.955 4.986 5.017 5.048 5.079 5.116 5.154 5.191 5.228 5.265 5.302 5.339 5.367 5.394 5.421 5.421 5.450 5.459 5.468 5.476 5.485 5.494 5.503 5.512 5.521 5.542 5.571 5.601 5.630 5.660 5.690 5.690 5.711 5.721 5.731 5.741 5.750 5.760 5.770 5.780 5.790 5.799 5.809 5.822 5.838 5.855 5.884 5.884
3.900 3.936 3.973 4.011 4.048 4.085 4.122 4.159 4.196 4.233 4.270 4.344 4.344 4.382 4.422 4.462 4.502 4.542 4.582 4.622 4.662 4.702 4.741 4.781 4.821 4.859 4.898 4.962 4.962 4.993 5.024 5.058 5.095 5.132 5.169 5.207 5.244 5.281 5.318 5.355 5.391 5.418 5.445 5.472 5.472 5.518 5.527 5.536 5.544 5.553 5.562 5.571 5.580 5.592 5.622 5.651 5.681 5.710 5.740 5.770 5.770 5.796 5.806 5.816 5.825 5.835 5.845 5.855 5.865 5.875 5.884 5.894 5.904 5.941 5.955 5.984 5.984
3.990 4.021 4.052 4.084 4.122 4.159 4.196 4.233 4.270 4.307 4.344 4.418 4.418 4.457 4.497 4.537 4.577 4.617 4.657 4.697 4.736 4.776 4.816 4.856 4.896 4.936 4.977 5.053 5.053 5.090 5.127 5.164 5.201 5.238 5.276 5.313 5.350 5.387 5.424 5.461 5.494 5.521 5.547 5.574 5.574 5.628 5.655 5.671 5.680 5.689 5.698 5.707 5.723 5.752 5.782 5.811 5.841 5.871 5.900 5.930 5.930 5.966 5.976 5.986 5.995 6.005 6.015 6.025 6.035 6.044 6.062 6.114 6.167 6.220 6.231 6.238 6.238
4.035 4.066 4.097 4.128 4.159 4.196 4.233 4.270 4.307 4.344 4.381 4.455 4.455 4.494 4.534 4.574 4.614 4.654 4.694 4.734 4.774 4.814 4.854 4.893 4.936 4.981 5.026 5.106 5.106 5.143 5.180 5.217 5.254 5.292 5.329 5.366 5.403 5.440 5.477 5.514 5.545 5.572 5.599 5.626 5.626 5.679 5.706 5.733 5.748 5.757 5.766 5.775 5.803 5.832 5.862 5.892 5.921 5.951 5.980 6.010 6.010 6.051 6.061 6.070 6.080 6.090 6.100 6.110 6.120 6.144 6.197 6.249 6.302 6.354 6.372 6.380 6.380
4.081 4.112 4.143 4.174 4.205 4.236 4.270 4.307 4.344 4.381 4.418 4.492 4.492 4.532 4.572 4.612 4.652 4.692 4.731 4.771 4.811 4.851 4.894 4.940 4.985 5.031 5.075 5.156 5.156 5.196 5.233 5.270 5.307 5.345 5.382 5.419 5.456 5.493 5.530 5.567 5.596 5.623 5.650 5.677 5.677 5.730 5.757 5.784 5.811 5.825 5.834 5.853 5.883 5.912 5.942 5.972 6.001 6.031 6.060 6.090 6.090 6.136 6.146 6.155 6.165 6.175 6.185 6.195 6.226 6.279 6.332 6.384 6.437 6.489 6.514 6.521 6.521
4.126 4.157 4.188 4.219 4.250 4.281 4.312 4.344 4.381 4.418 4.455 4.529 4.529 4.569 4.609 4.649 4.689 4.729 4.769 4.809 4.852 4.898 4.944 4.989 5.035 5.080 5.124 5.205 5.205 5.245 5.286 5.323 5.360 5.398 5.435 5.472 5.509 5.546 5.583 5.620 5.648 5.674 5.701 5.728 5.728 5.782 5.808 5.835 5.862 5.889 5.904 5.933 5.963 5.993 6.022 6.052 6.081 6.111 6.140 6.170 6.170 6.221 6.231 6.240 6.250 6.260 6.270 6.309 6.361 6.414 6.467 6.519 6.572 6.624 6.655 6.662 6.662
4.171 4.202 4.233 4.264 4.295 4.326 4.357 4.388 4.419 4.455 4.492 4.566 4.566 4.606 4.646 4.686 4.726 4.766 4.811 4.856 4.902 4.947 4.993 5.039 5.084 5.130 5.173 5.254 5.254 5.294 5.335 5.375 5.414 5.451 5.488 5.525 5.562 5.599 5.636 5.672 5.699 5.726 5.752 5.779 5.779 5.833 5.860 5.886 5.913 5.945 5.980 6.012 6.043 6.073 6.102 6.132 6.161 6.191 6.220 6.250 6.250 6.306 6.315 6.325 6.335 6.345 6.391 6.444 6.496 6.549 6.601 6.654 6.706 6.759 6.796 6.803 6.803
4.216 4.247 4.278 4.309 4.340 4.371 4.402 4.433 4.464 4.495 4.529 4.604 4.604 4.644 4.684 4.724 4.769 4.815 4.860 4.906 4.951 4.997 5.043 5.088 5.134 5.179 5.222 5.303 5.303 5.343 5.384 5.424 5.464 5.504 5.541 5.578 5.615 5.652 5.689 5.723 5.750 5.777 5.804 5.830 5.831 5.884 5.911 5.943 5.979 6.015 6.051 6.083 6.115 6.148 6.180 6.212 6.241 6.271 6.301 6.330 6.330 6.389 6.401 6.410 6.421 6.473 6.526 6.578 6.631 6.684 6.736 6.789 6.841 6.894 6.937 6.945 6.945
4.262 4.293 4.323 4.354 4.385 4.416 4.447 4.478 4.509 4.540 4.571 4.641 4.641 4.682 4.727 4.773 4.818 4.864 4.910 4.955 5.001 5.046 5.092 5.138 5.183 5.229 5.271 5.352 5.352 5.392 5.433 5.473 5.513 5.554 5.594 5.631 5.668 5.705 5.742 5.775 5.801 5.828 5.855 5.882 5.882 5.941 5.977 6.013 6.050 6.086 6.121 6.154 6.186 6.219 6.251 6.283 6.316 6.348 6.381 6.410 6.410 6.469 6.485 6.503 6.556 6.608 6.661 6.713 6.766 6.818 6.871 6.924 6.976 7.029 7.079 7.086 7.086
4.307 4.338 4.369 4.400 4.431 4.462 4.492 4.523 4.554 4.585 4.616 4.685 4.685 4.731 4.777 4.822 4.868 4.914 4.959 5.005 5.050 5.096 5.141 5.187 5.233 5.278 5.320 5.400 5.401 5.441 5.481 5.522 5.562 5.603 5.643 5.683 5.721 5.758 5.795 5.826 5.853 5.879 5.906 5.939 5.939 6.011 6.048 6.084 6.120 6.157 6.192 6.225 6.257 6.289 6.322 6.354 6.387 6.419 6.451 6.484 6.484 6.548 6.585 6.638 6.691 6.743 6.796 6.848 6.901 6.953 7.006 7.058 7.111 7.164 7.216 7.227 7.227
4.352 4.383 4.414 4.445 4.476 4.507 4.538 4.569 4.599 4.630 4.660 4.730 4.731 4.779 4.826 4.872 4.917 4.963 5.009 5.054 5.100 5.145 5.191 5.237 5.282 5.328 5.369 5.449 5.450 5.490 5.530 5.571 5.611 5.651 5.692 5.732 5.772 5.811 5.848 5.877 5.904 5.937 5.973 6.009 6.009 6.082 6.118 6.155 6.191 6.227 6.263 6.296 6.328 6.360 6.393 6.425 6.457 6.490 6.522 6.555 6.555 6.647 6.726 6.776 6.826 6.878 6.930 6.983 7.036 7.088 7.141 7.193 7.246 7.298 7.351 7.368 7.368
4.398 4.428 4.459 4.490 4.521 4.552 4.583 4.613 4.643 4.673 4.703 4.776 4.776 4.825 4.873 4.921 4.967 5.013 5.058 5.104 5.149 5.195 5.241 5.286 5.332 5.377 5.418 5.498 5.499 5.539 5.579 5.620 5.660 5.700 5.741 5.781 5.821 5.862 5.901 5.935 5.971 6.007 6.044 6.080 6.080 6.153 6.189 6.225 6.262 6.298 6.334 6.366 6.399 6.431 6.463 6.496 6.528 6.561 6.593 6.625 6.626 6.781 6.868 6.918 6.968 7.017 7.067 7.118 7.170 7.223 7.276 7.328 7.381 7.433 7.486 7.510 7.510
4.443 4.474 4.505 4.536 4.566 4.597 4.626 4.656 4.686 4.716 4.746 4.821 4.821 4.870 4.919 4.967 5.016 5.062 5.108 5.153 5.199 5.244 5.290 5.336 5.381 5.426 5.467 5.547 5.547 5.588 5.628 5.669 5.709 5.749 5.790 5.830 5.870 5.915 5.961 6.003 6.042 6.078 6.114 6.151 6.151 6.223 6.260 6.296 6.332 6.369 6.405 6.437 6.470 6.502 6.534 6.567 6.599 6.631 6.664 6.738 6.738 6.916 7.005 7.060 7.109 7.159 7.209 7.259 7.309 7.359 7.410 7.463 7.515 7.568 7.621 7.651 7.651
4.488 4.519 4.550 4.580 4.610 4.640 4.669 4.699 4.729 4.759 4.789 4.867 4.867 4.915 4.964 5.013 5.062 5.110 5.157 5.203 5.248 5.294 5.340 5.385 5.431 5.475 5.516 5.596 5.596 5.637 5.677 5.718 5.758 5.798 5.839 5.883 5.930 5.976 6.021 6.064 6.107 6.149 6.185 6.221 6.221 6.294 6.330 6.366 6.403 6.439 6.475 6.508 6.540 6.573 6.605 6.637 6.670 6.702 6.783 6.872 6.873 7.051 7.140 7.202 7.251 7.301 7.351 7.401 7.451 7.501 7.551 7.600 7.650 7.703 7.755 7.792 7.792
4.533 4.563 4.593 4.623 4.653 4.683 4.712 4.742 4.772 4.802 4.832 4.912 4.912 4.961 5.010 5.058 5.107 5.156 5.204 5.252 5.298 5.344 5.389 5.435 5.480 5.524 5.564 5.645 5.645 5.686 5.726 5.766 5.807 5.852 5.898 5.944 5.990 6.036 6.082 6.124 6.167 6.210 6.252 6.292 6.292 6.364 6.401 6.437 6.473 6.510 6.546 6.579 6.611 6.644 6.676 6.708 6.741 6.829 6.918 7.007 7.007 7.186 7.275 7.343 7.393 7.443 7.493 7.543 7.593 7.643 7.692 7.742 7.792 7.842 7.892 7.954 7.955
4.533 4.563 4.593 4.623 4.653 4.683 4.713 4.742 4.772 4.802 4.832 4.912 4.912 4.961 5.010 5.058 5.107 5.156 5.204 5.252 5.298 5.344 5.389 5.435 5.480 5.524 5.564 5.645 5.645 5.686 5.726 5.766 5.807 5.852 5.898 5.944 5.990 6.036 6.082 6.124 6.167 6.210 6.252 6.292 6.292 6.364 6.401 6.437 6.473 6.510 6.546 6.579 6.611 6.644 6.676 6.708 6.741 6.829 6.918 7.007 7.007 7.186 7.275 7.343 7.393 7.443 7.493 7.543 7.593 7.643 7.692 7.742 7.792 7.842 7.892 7.954 7.954
4.577 4.607 4.636 4.666 4.696 4.726 4.756 4.785 4.815 4.845 4.875 4.957 4.958 5.006 5.055 5.104 5.152 5.201 5.250 5.298 5.347 5.393 5.439 5.484 5.530 5.573 5.613 5.694 5.694 5.734 5.775 5.821 5.867 5.913 5.959 6.005 6.051 6.097 6.142 6.185 6.228 6.270 6.313 6.356 6.356 6.435 6.471 6.508 6.544 6.580 6.617 6.650 6.682 6.714 6.747 6.785 6.874 6.964 7.053 7.142 7.142 7.320 7.409 7.485 7.535 7.585 7.635 7.685 7.735 7.784 7.834 7.884 7.934 7.984 8.067 8.299 8.299
4.620 4.650 4.679 4.709 4.739 4.769 4.799 4.829 4.858 4.888 4.918 5.003 5.003 5.052 5.100 5.149 5.198 5.246 5.295 5.344 5.393 5.441 5.488 5.534 5.580 5.622 5.662 5.743 5.743 5.789 5.835 5.881 5.927 5.974 6.020 6.066 6.112 6.158 6.203 6.246 6.288 6.331 6.374 6.416 6.416 6.501 6.542 6.578 6.615 6.651 6.687 6.721 6.753 6.785 6.831 6.920 7.009 7.098 7.187 7.277 7.277 7.455 7.544 7.627 7.677 7.727 7.777 7.827 7.877 7.926 7.976 8.026 8.076 8.163 8.394 8.626 8.626
4.704 4.736 4.766 4.796 4.825 4.855 4.885 4.915 4.945 4.974 5.004 5.094 5.094 5.143 5.191 5.240 5.288 5.337 5.386 5.435 5.483 5.532 5.581 5.629 5.678 5.726 5.772 5.864 5.864 5.911 5.957 6.003 6.049 6.095 6.141 6.187 6.233 6.280 6.324 6.367 6.409 6.452 6.495 6.537 6.538 6.623 6.665 6.708 6.751 6.792 6.829 6.862 6.922 7.011 7.100 7.190 7.279 7.368 7.457 7.546 7.546 7.725 7.814 7.903 7.961 8.011 8.061 8.111 8.160 8.210 8.260 8.355 8.586 8.817 9.049 9.280 9.280
4.722 4.770 4.809 4.839 4.868 4.898 4.928 4.958 4.988 5.017 5.047 5.139 5.139 5.188 5.237 5.285 5.334 5.383 5.431 5.480 5.529 5.577 5.627 5.678 5.730 5.783 5.833 5.925 5.925 5.971 6.018 6.064 6.110 6.156 6.202 6.248 6.294 6.340 6.385 6.427 6.470 6.513 6.555 6.598 6.598 6.683 6.726 6.769 6.811 6.854 6.896 6.968 7.057 7.146 7.235 7.324 7.414 7.503 7.592 7.681 7.681 7.859 7.948 8.038 8.103 8.153 8.203 8.252 8.302 8.352 8.451 8.682 8.913 9.144 9.376 9.607 9.607
4.739 4.788 4.836 4.882 4.912 4.941 4.971 5.001 5.031 5.060 5.090 5.184 5.185 5.233 5.282 5.331 5.379 5.428 5.477 5.525 5.575 5.627 5.678 5.730 5.782 5.834 5.887 5.986 5.986 6.032 6.078 6.125 6.171 6.217 6.263 6.309 6.355 6.401 6.445 6.488 6.531 6.573 6.616 6.659 6.659 6.744 6.787 6.829 6.872 6.929 7.021 7.110 7.196 7.281 7.370 7.459 7.548 7.638 7.727 7.816 7.816 7.994 8.083 8.172 8.245 8.295 8.345 8.394 8.444 8.546 8.778 9.009 9.240 9.471 9.703 9.934 9.934
4.757 4.806 4.854 4.903 4.951 4.984 5.014 5.044 5.074 5.103 5.133 5.230 5.230 5.279 5.327 5.376 5.425 5.473 5.523 5.575 5.626 5.678 5.730 5.781 5.833 5.886 5.939 6.044 6.044 6.093 6.139 6.185 6.231 6.278 6.324 6.370 6.416 6.462 6.506 6.549 6.591 6.634 6.676 6.719 6.719 6.804 6.847 6.890 6.980 7.073 7.165 7.255 7.340 7.426 7.511 7.597 7.683 7.772 7.861 7.951 7.951 8.129 8.218 8.307 8.387 8.437 8.486 8.536 8.642 8.873 9.105 9.336 9.567 9.798 10.030 10.261 10.261
4.775 4.823 4.872 4.921 4.969 5.017 5.057 5.087 5.117 5.146 5.178 5.275 5.275 5.324 5.373 5.421 5.471 5.523 5.575 5.626 5.678 5.730 5.781 5.833 5.885 5.938 5.990 6.095 6.096 6.148 6.200 6.246 6.292 6.338 6.385 6.431 6.477 6.523 6.566 6.609 6.652 6.694 6.737 6.780 6.780 6.865 6.939 7.032 7.124 7.217 7.309 7.399 7.485 7.570 7.656 7.741 7.827 7.912 7.998 8.085 8.085 8.264 8.353 8.442 8.529 8.579 8.628 8.738 8.969 9.200 9.432 9.663 9.894 10.125 10.357 10.588 10.588
4.793 4.841 4.890 4.938 4.987 5.035 5.084 5.130 5.160 5.189 5.224 5.321 5.321 5.369 5.420 5.471 5.523 5.574 5.626 5.678 5.730 5.781 5.833 5.885 5.937 5.989 6.042 6.147 6.147 6.200 6.253 6.305 6.353 6.399 6.445 6.491 6.538 6.584 6.627 6.670 6.712 6.755 6.798 6.840 6.841 6.991 7.083 7.176 7.268 7.361 7.453 7.544 7.630 7.715 7.800 7.886 7.971 8.057 8.142 8.228 8.228 8.398 8.488 8.577 8.666 8.721 8.834 9.065 9.296 9.528 9.759 9.990 10.221 10.452 10.684 10.915 10.915
4.811 4.859 4.908 4.956 5.005 5.053 5.101 5.150 5.198 5.232 5.269 5.368 5.368 5.419 5.471 5.523 5.574 5.626 5.678 5.729 5.781 5.833 5.885 5.936 5.988 6.041 6.094 6.199 6.199 6.252 6.304 6.357 6.410 6.460 6.506 6.552 6.598 6.644 6.688 6.730 6.773 6.816 6.858 6.950 6.950 7.135 7.228 7.320 7.412 7.505 7.597 7.689 7.774 7.860 7.945 8.030 8.116 8.201 8.287 8.372 8.372 8.543 8.628 8.714 8.801 8.930 9.161 9.392 9.623 9.855 10.086 10.317 10.548 10.780 11.011 11.242 11.242
4.828 4.877 4.925 4.974 5.022 5.071 5.119 5.168 5.216 5.265 5.316 5.419 5.419 5.471 5.523 5.574 5.626 5.678 5.729 5.781 5.833 5.884 5.936 5.988 6.040 6.093 6.145 6.250 6.251 6.303 6.356 6.408 6.461 6.514 6.566 6.613 6.659 6.705 6.748 6.791 6.834 6.909 7.001 7.094 7.094 7.279 7.372 7.464 7.557 7.649 7.741 7.833 7.919 8.004 8.089 8.175 8.260 8.346 8.431 8.517 8.517 8.688 8.773 8.858 8.983 9.200 9.455 9.710 9.950 10.182 10.413 10.644 10.875 11.107 11.338 11.569 11.569
4.846 4.895 4.943 4.992 5.040 5.089 5.137 5.185 5.240 5.303 5.362 5.471 5.471 5.523 5.574 5.626 5.678 5.729 5.781 5.833 5.884 5.936 5.988 6.039 6.092 6.144 6.197 6.302 6.302 6.355 6.407 6.460 6.513 6.565 6.618 6.671 6.720 6.766 6.809 6.868 6.961 7.053 7.146 7.238 7.238 7.423 7.516 7.608 7.701 7.793 7.886 7.978 8.063 8.149 8.234 8.320 8.405 8.490 8.576 8.661 8.661 8.832 8.918 9.040 9.231 9.429 9.683 9.938 10.193 10.448 10.702 10.957 11.202 11.434 11.665 11.896 11.896
4.864 4.912 4.961 5.010 5.058 5.106 5.159 5.222 5.284 5.347 5.406 5.520 5.520 5.574 5.626 5.678 5.729 5.781 5.832 5.884 5.936 5.987 6.039 6.091 6.143 6.196 6.249 6.354 6.354 6.407 6.459 6.512 6.564 6.617 6.670 6.722 6.775 6.827 6.919 7.012 7.104 7.197 7.290 7.382 7.382 7.567 7.659 7.752 7.845 7.937 8.030 8.122 8.208 8.293 8.379 8.464 8.549 8.635 8.720 8.806 8.806 8.977 9.098 9.289 9.480 9.672 9.912 10.167 10.421 10.676 10.931 11.186 11.440 11.695 11.950 12.205 12.205
4.882 4.930 4.979 5.027 5.078 5.141 5.204 5.266 5.329 5.391 5.450 5.564 5.564 5.621 5.678 5.729 5.781 5.833 5.884 5.936 5.987 6.039 6.091 6.142 6.195 6.248 6.300 6.405 6.405 6.458 6.511 6.563 6.616 6.669 6.721 6.777 6.854 6.938 7.054 7.156 7.248 7.341 7.433 7.526 7.526 7.711 7.804 7.896 7.988 8.081 8.173 8.266 8.352 8.438 8.523 8.609 8.694 8.779 8.865 8.950 8.950 9.155 9.347 9.538 9.729 9.921 10.140 10.395 10.650 10.905 11.159 11.414 11.669 11.924 12.178 12.433 12.433
4.900 4.948 4.997 5.060 5.123 5.185 5.248 5.310 5.373 5.436 5.494 5.608 5.608 5.665 5.722 5.779 5.833 5.884 5.936 5.987 6.039 6.091 6.142 6.194 6.247 6.299 6.352 6.457 6.457 6.510 6.562 6.615 6.668 6.727 6.804 6.881 6.959 7.048 7.163 7.279 7.392 7.485 7.577 7.670 7.670 7.855 7.947 8.040 8.133 8.225 8.317 8.410 8.497 8.582 8.668 8.753 8.839 8.924 9.010 9.095 9.095 9.404 9.595 9.787 9.978 10.169 10.369 10.624 10.878 11.133 11.388 11.643 11.897 12.152 12.407 12.661 12.661
