includes/camargue/floodfiles/results_R2_t1.562344511003E12/res-0007.wd
ncols         906
nrows         631
xllcorner     362177.146667
yllcorner     6534725.688020
cellsize      20.000000
NODATA_value  -9999.000000
[rows 476 to 509 of 631, columns 231 to 307 of 906]
1.448 1.388 1.479 1.480 1.420 1.371 1.452 1.462 1.413 1.433 1.514 1.424 1.873 1.295 1.900 1.913 1.917 1.922 1.478 1.479 1.469 1.480 1.470 1.431 1.421 1.452 1.372 1.443 1.513 1.473 1.444 1.860 1.424 1.545 1.813 1.813 1.425 1.445 1.325 1.275 1.305 1.735 1.722 1.709 1.696 1.256 1.436 1.316 1.117 1.157 1.187 1.187 1.328 1.208 1.078 1.018 0.869 0.740 0.650 0.670 0.600 0.500 0.002 0.000 0.875 0.465 0.000 0.000 0.000 0.000 0.000 0.000 0.000 0.000 0.000 0.000 0.464
1.437 1.418 1.840 1.841 1.450 1.410 1.471 1.461 1.292 1.383 1.463 1.384 1.884 1.898 1.912 1.925 1.939 1.952 1.953 1.954 1.947 1.943 1.939 1.440 1.481 1.501 1.392 1.542 1.502 1.910 1.473 1.902 1.504 1.514 1.454 1.454 1.424 1.444 1.434 1.305 1.365 1.777 1.764 1.535 1.345 1.386 1.176 1.266 1.256 1.036 1.057 1.057 1.207 1.107 1.077 0.907 0.000 0.000 0.000 0.000 0.000 0.000 0.000 0.000 0.975 0.000 0.000 0.000 0.000 0.000 0.000 0.000 0.000 0.000 0.000 0.000 0.374
1.919 1.407 1.358 1.358 1.439 1.470 1.480 1.451 1.853 1.382 1.433 1.343 1.908 1.922 1.935 1.949 1.962 1.527 1.507 1.508 1.997 2.027 2.023 2.019 2.015 2.011 1.471 1.501 1.999 1.995 1.532 1.986 1.503 1.463 1.534 1.534 1.374 1.314 1.454 1.454 1.875 1.862 1.849 1.305 1.275 1.305 1.315 1.235 1.246 1.306 1.176 1.176 1.116 1.157 0.947 0.987 0.000 0.000 0.000 0.000 0.000 0.000 0.000 0.000 0.000 0.000 0.000 0.000 0.000 0.000 0.000 0.000 0.000 0.000 0.000 0.344 0.224
1.526 1.416 1.888 1.888 1.398 1.379 1.480 1.450 1.441 1.421 1.382 1.403 1.423 1.434 1.947 1.515 1.960 1.949 1.940 1.941 1.973 2.005 2.037 2.061 2.057 2.053 2.049 2.045 2.041 2.037 2.033 2.028 2.021 1.483 1.483 1.483 1.373 1.956 1.943 1.930 1.917 1.524 1.484 1.464 1.264 1.355 1.315 1.275 1.195 1.195 1.185 1.185 1.096 1.106 1.026 0.976 0.000 0.000 0.000 0.000 0.000 0.000 0.000 0.000 0.000 0.000 0.000 0.000 0.000 0.000 0.000 0.000 0.000 0.000 0.000 0.000 0.000
1.315 1.436 1.396 1.397 1.398 1.418 1.419 1.430 1.430 1.481 1.401 1.382 1.313 1.454 1.464 1.445 1.495 1.526 1.917 1.917 1.950 1.982 2.014 2.046 2.078 2.095 1.510 2.087 2.083 2.079 1.531 2.070 2.063 2.050 1.432 1.432 2.011 1.998 1.985 1.970 1.937 1.323 1.273 1.403 1.394 1.274 1.264 1.454 1.144 1.105 1.195 1.195 1.155 1.025 1.006 1.025 0.875 0.000 0.000 0.000 0.000 0.000 0.000 0.000 0.000 0.000 0.000 0.000 0.000 0.000 0.000 0.000 0.000 0.000 0.000 0.000 0.000
1.444 1.465 1.406 1.406 1.417 1.388 1.508 1.469 1.389 1.430 1.371 1.372 1.282 1.353 1.304 1.494 1.275 1.285 1.893 1.894 1.926 1.958 1.990 2.022 2.054 2.086 2.118 2.129 2.125 2.121 2.116 2.112 2.105 2.092 2.066 2.066 2.053 1.502 2.009 1.976 1.943 1.483 1.353 1.293 1.353 1.313 1.254 1.294 1.324 1.164 1.144 1.144 1.045 1.115 1.015 1.115 1.045 0.000 0.000 0.000 0.000 0.000 0.000 0.000 0.000 0.000 0.000 0.000 0.000 0.000 0.000 0.000 0.000 0.000 0.001 0.003 0.367
1.414 1.966 1.485 1.486 1.396 1.437 1.468 1.388 1.469 1.310 1.480 1.331 1.442 1.322 1.343 1.304 1.404 1.245 1.525 1.526 1.902 1.934 1.966 1.998 2.031 1.538 2.095 2.127 2.159 2.163 2.158 2.154 1.421 1.521 1.541 1.541 2.081 2.048 2.015 1.982 1.950 1.472 1.412 1.412 1.453 1.243 1.303 1.293 1.243 1.274 1.254 1.254 1.114 1.034 1.024 1.114 0.944 0.000 0.000 0.000 0.000 0.000 0.000 0.000 0.000 0.000 0.000 0.000 0.000 0.000 0.000 0.000 0.000 0.003 0.003 0.167 0.437
1.995 1.494 1.504 1.505 1.496 1.486 1.457 1.488 1.328 1.439 1.280 1.430 1.919 1.222 1.432 1.273 1.404 1.194 1.395 1.395 1.878 1.496 1.943 1.477 1.537 1.518 2.071 2.103 2.135 2.167 2.199 2.196 2.189 2.176 2.119 2.120 2.087 2.054 2.021 1.989 1.956 1.542 1.890 1.282 1.422 1.302 1.292 1.223 1.213 1.143 1.173 1.173 1.113 1.103 1.043 0.973 1.083 0.000 0.000 0.000 0.000 0.000 0.000 0.000 0.000 0.175 0.031 0.033 0.007 0.042 0.605 0.665 0.595 0.002 0.050 0.606 0.676
1.513 1.993 1.394 1.395 1.465 1.936 1.447 1.507 1.448 1.458 1.309 1.220 1.310 1.231 1.192 1.232 1.253 1.443 1.324 1.324 1.855 1.887 1.516 1.951 1.983 1.527 1.488 2.079 2.111 2.143 2.175 1.539 2.224 2.192 2.126 2.126 2.093 2.060 2.028 1.995 1.962 1.451 1.331 1.531 1.391 1.342 1.262 1.212 1.282 1.262 1.262 1.263 1.073 1.043 1.103 1.043 1.052 0.000 0.000 0.000 0.000 0.000 0.000 0.000 0.444 0.835 0.655 0.654 0.535 0.755 0.965 0.985 0.615 0.365 0.645 0.665 0.916
2.017 1.473 1.464 1.464 1.963 1.475 1.936 1.921 1.397 1.528 1.368 1.299 1.350 1.310 1.281 1.342 1.272 1.313 1.303 1.304 1.831 1.863 1.895 1.927 1.959 1.526 2.023 1.477 2.087 2.119 2.151 2.214 1.479 2.201 2.132 2.132 2.100 2.067 2.034 2.001 1.969 1.391 1.421 1.371 1.837 1.351 1.311 1.372 1.312 1.342 1.202 1.202 1.262 1.122 1.062 1.122 1.051 1.051 0.000 0.000 0.000 0.000 0.000 0.575 0.775 0.915 0.725 0.725 0.875 1.115 1.135 0.975 0.605 0.905 0.785 0.995 0.536
2.029 2.015 1.393 1.394 1.484 1.455 1.947 1.957 1.917 1.407 1.358 1.349 1.379 1.300 1.291 1.401 1.232 1.272 1.293 1.293 1.807 1.839 1.871 1.903 1.935 1.967 1.999 2.031 1.327 1.387 2.177 2.242 2.274 1.518 2.138 2.139 2.106 2.073 2.040 1.460 1.975 1.350 1.909 1.876 1.844 1.441 1.461 1.411 1.331 1.291 1.311 1.311 1.171 1.151 1.131 1.151 1.121 1.160 0.920 0.000 0.000 0.000 0.965 0.975 0.875 1.135 0.865 0.865 1.175 1.075 1.085 1.145 1.135 0.925 0.985 0.875 0.745
2.040 1.463 1.473 1.473 1.474 1.972 1.485 1.486 1.456 1.407 1.873 1.378 1.369 1.259 1.310 1.281 1.191 1.232 1.352 1.353 1.783 1.815 1.847 1.879 1.911 1.535 1.975 2.013 2.077 2.141 2.206 2.270 1.487 1.467 2.159 2.160 2.113 2.079 1.509 2.014 1.469 1.948 1.529 1.883 1.340 1.520 1.460 1.420 1.461 1.271 1.421 1.421 1.201 1.161 1.341 1.231 1.260 1.170 1.089 0.599 0.000 1.076 1.306 1.085 1.245 0.935 1.175 1.175 1.115 1.295 1.175 1.105 1.115 1.195 1.035 0.955 1.056
2.051 2.038 2.010 2.010 1.384 2.019 1.395 2.053 1.466 1.446 1.517 1.417 1.338 1.349 1.279 1.380 1.271 1.191 1.272 1.272 1.760 1.792 1.493 1.414 1.888 1.444 1.977 2.041 2.105 2.169 2.234 2.298 2.325 1.527 2.185 2.185 2.139 2.092 2.053 1.398 1.987 1.418 1.509 1.539 1.856 1.369 1.370 1.480 1.430 1.400 1.390 1.390 1.330 1.280 1.200 1.370 1.299 1.120 0.819 0.928 0.917 1.236 1.356 1.286 1.355 1.275 1.365 1.365 1.195 1.225 1.175 1.145 1.105 1.075 0.905 1.075 1.185
2.063 1.502 2.033 2.033 1.433 2.067 1.524 2.101 1.375 1.456 1.376 1.367 1.308 1.198 1.349 1.239 1.340 1.171 1.191 1.192 1.502 1.768 1.413 1.473 1.876 1.940 2.005 2.069 2.133 2.198 2.262 2.326 2.351 1.526 2.211 2.211 2.165 2.118 2.071 1.467 1.993 1.458 1.928 1.468 1.279 1.379 1.499 1.379 1.369 1.420 1.470 1.470 1.480 1.390 1.470 1.351 1.300 0.949 0.758 1.017 1.537 1.296 1.536 1.426 1.425 1.435 1.425 1.425 1.155 1.215 1.195 1.125 1.165 0.875 1.305 1.195 1.126
2.074 2.060 1.492 1.493 2.098 2.115 2.132 1.434 1.485 1.495 2.036 1.287 1.287 1.428 1.268 1.149 1.259 1.320 1.220 1.221 1.461 1.744 1.776 1.402 1.904 1.443 1.463 2.097 2.162 2.226 2.290 2.355 2.377 1.535 2.237 2.237 2.190 2.144 2.097 1.537 2.004 1.437 1.537 1.528 1.288 1.488 1.369 1.399 1.479 1.489 1.489 1.489 1.497 1.489 1.403 1.339 1.139 0.788 1.028 1.487 1.507 1.227 1.466 1.426 1.446 1.425 1.325 1.325 1.345 1.315 1.215 1.186 1.246 1.126 1.156 1.136 1.126
2.086 2.096 2.129 2.130 2.147 2.164 2.180 2.197 2.188 2.139 1.356 1.336 1.367 1.517 1.378 1.378 1.269 1.319 1.260 1.260 1.441 1.481 1.804 1.868 1.932 1.997 1.453 2.126 2.190 2.254 2.319 2.383 2.403 2.356 2.263 2.263 2.216 2.170 2.123 2.076 2.030 1.366 1.940 1.467 1.477 1.408 1.488 1.737 1.488 1.643 1.498 1.499 1.523 1.492 1.461 1.359 1.238 1.418 1.507 1.306 1.278 1.284 1.446 1.446 1.226 1.316 1.246 1.245 1.256 1.195 1.275 1.286 1.166 1.256 1.226 1.336 1.176
2.085 2.096 2.129 2.130 2.146 2.163 2.180 2.197 2.188 2.138 1.355 1.336 1.366 1.517 1.377 1.378 1.268 1.319 1.259 1.260 1.440 1.480 1.803 1.867 1.932 1.996 1.452 2.125 2.190 2.254 2.318 2.382 2.402 2.356 2.262 2.262 2.216 2.169 2.122 2.076 2.029 1.366 1.940 1.466 1.477 1.407 1.487 1.737 1.488 1.643 1.498 1.498 1.523 1.492 1.461 1.358 1.238 1.417 1.507 1.306 1.278 1.284 1.446 1.446 1.226 1.316 1.246 1.245 1.255 1.196 1.276 1.286 1.166 1.256 1.226 1.336 1.176
2.127 1.472 2.178 2.178 2.195 1.503 1.483 2.246 2.242 1.414 1.435 1.355 1.406 1.356 1.297 1.367 1.849 1.268 1.706 1.706 1.510 1.490 1.831 1.896 1.471 1.491 1.452 1.512 2.218 1.512 1.533 2.411 2.428 2.382 2.288 2.288 2.242 2.195 2.148 2.102 1.535 2.008 1.962 1.456 1.536 1.426 1.527 1.747 1.716 1.686 1.655 1.655 1.593 1.538 1.428 1.328 1.537 1.437 1.406 1.378 1.351 1.536 1.361 1.386 1.306 1.336 1.286 1.286 1.326 1.246 1.266 1.156 1.236 1.246 1.256 1.206 1.326
2.224 2.241 2.274 2.275 2.291 2.308 2.325 2.342 2.351 1.474 2.252 2.203 1.525 2.105 1.506 1.477 1.527 1.418 1.468 1.469 1.906 1.928 1.950 1.971 2.017 1.430 1.411 1.491 1.421 2.339 2.403 2.468 2.481 2.434 2.341 2.341 2.294 2.248 2.201 1.524 2.107 2.061 2.026 1.995 1.965 1.945 1.919 1.888 1.857 1.826 1.796 1.796 1.734 1.703 1.507 1.640 1.609 1.578 1.551 1.447 1.496 1.446 1.386 1.516 1.386 1.336 1.286 1.286 1.336 1.306 1.296 1.256 1.316 1.216 1.356 1.226 1.246
2.272 2.289 2.323 2.323 2.340 2.357 2.374 2.391 2.405 2.356 2.307 2.257 1.505 2.159 2.110 2.079 1.447 1.447 1.458 1.458 1.478 2.026 1.509 1.489 2.091 2.113 2.174 1.520 2.303 2.367 2.432 2.496 2.507 2.460 2.367 2.367 2.320 2.273 2.227 2.180 1.514 2.114 2.084 2.053 2.024 2.004 1.984 1.958 1.927 1.896 1.866 1.866 1.256 1.773 1.742 1.711 1.680 1.651 1.537 1.536 1.486 1.426 1.406 1.376 1.336 1.376 1.396 1.396 1.416 1.356 1.376 1.506 1.406 1.396 1.336 1.346 1.406
2.294 2.327 2.371 2.372 2.388 2.405 2.422 2.439 2.456 2.410 2.361 2.312 2.263 2.216 2.197 1.396 1.506 2.140 2.102 2.102 2.102 2.124 2.145 1.499 2.189 2.211 2.233 2.267 2.331 2.396 2.460 2.524 2.533 2.486 2.393 2.393 2.346 2.299 2.265 2.234 2.203 2.173 2.142 2.111 2.083 2.063 2.043 2.023 1.998 1.967 1.936 1.936 1.536 1.843 1.812 1.781 1.750 1.723 1.696 1.506 1.516 1.346 1.516 1.396 1.386 1.396 1.395 1.396 1.176 1.386 1.426 1.768 1.516 1.406 1.828 1.496 1.396
2.309 2.342 2.406 2.407 2.437 2.454 2.470 2.487 2.504 2.465 2.416 2.366 2.334 2.315 2.296 2.277 2.258 2.239 2.201 2.201 2.200 2.222 2.244 2.265 1.509 2.309 2.331 2.353 2.375 2.424 2.488 2.553 2.559 2.512 2.419 2.419 2.385 2.354 2.323 2.292 2.261 2.231 2.200 2.169 2.143 2.123 2.102 2.082 2.062 2.037 2.006 2.006 1.944 1.913 1.882 1.851 1.823 1.536 1.446 1.496 1.526 1.687 1.436 1.526 1.396 1.405 1.455 1.455 1.395 1.415 1.455 1.825 1.845 1.865 1.885 1.525 1.425
2.324 2.356 2.421 2.422 2.454 2.487 2.519 2.536 2.553 2.519 2.471 2.452 2.433 2.414 2.395 2.376 2.357 2.338 2.300 2.300 2.298 2.320 2.342 2.364 2.386 2.407 2.429 2.451 2.473 2.495 2.517 2.581 2.585 2.538 2.473 2.474 2.443 2.412 2.381 2.350 2.320 2.289 2.258 2.227 2.202 2.182 2.162 2.142 2.121 2.101 2.076 2.076 2.014 1.983 1.953 1.922 1.895 1.455 1.505 1.476 1.496 1.759 1.516 1.375 1.525 1.435 1.435 1.435 1.495 1.485 1.455 1.516 1.496 1.525 1.929 1.395 1.435
2.339 2.371 2.436 2.436 2.469 2.501 2.534 2.566 2.599 2.589 2.570 2.551 2.532 2.513 2.494 2.475 2.456 2.437 2.399 2.399 2.396 2.418 2.440 2.462 2.484 2.506 2.528 2.549 2.571 2.593 2.615 2.637 2.624 2.593 2.532 2.532 2.501 2.470 2.439 2.409 2.378 2.347 2.316 2.286 2.261 2.241 2.221 2.201 2.181 2.161 2.140 2.141 2.085 2.054 2.023 1.995 1.967 1.940 1.913 1.886 1.859 1.465 1.495 1.515 1.535 1.455 1.839 1.839 1.435 1.899 1.495 1.939 1.959 1.515 1.375 1.485 1.425
2.353 2.386 2.451 2.451 2.484 2.516 2.549 2.581 2.634 2.661 2.669 2.650 2.631 2.612 2.593 2.574 2.555 2.536 2.498 2.498 2.495 2.517 2.538 2.560 2.582 2.604 2.626 2.648 2.670 2.691 2.713 2.734 2.709 2.653 2.590 2.590 2.559 2.528 2.498 2.467 2.436 2.405 2.375 2.344 2.321 2.300 2.280 2.260 1.473 2.220 2.200 2.200 2.155 2.124 2.094 2.067 2.040 2.013 1.985 1.535 1.525 1.515 1.435 1.425 1.855 1.355 1.895 1.896 1.535 1.956 1.976 1.996 1.997 1.996 1.994 1.992 1.495
2.368 2.401 2.466 2.466 2.498 2.531 2.572 2.626 2.680 2.708 2.719 2.730 2.730 2.711 2.692 2.673 2.654 2.635 2.597 2.597 2.593 2.615 2.637 2.659 2.680 2.702 2.724 2.746 2.768 2.789 2.811 2.832 2.804 2.748 2.648 2.648 2.617 2.587 2.556 2.525 2.494 2.464 2.433 2.402 2.380 2.360 2.340 2.319 2.299 2.279 2.259 2.259 2.219 2.194 2.166 2.139 2.112 2.085 2.058 2.031 2.004 1.976 1.949 1.535 1.425 1.515 1.952 1.952 1.525 2.012 2.033 2.031 2.030 2.028 2.027 2.025 2.023
2.383 2.416 2.480 2.481 2.513 2.563 2.617 2.672 2.726 2.755 2.766 2.777 2.788 2.798 2.792 2.773 2.754 2.735 2.696 2.696 2.692 2.713 2.735 2.757 2.779 2.801 2.823 2.844 2.865 2.887 2.908 2.929 2.900 2.844 2.731 2.731 2.676 2.645 2.614 2.584 2.553 2.522 2.491 2.460 2.439 2.419 2.399 2.379 2.359 2.338 2.318 2.319 2.281 2.281 2.247 2.212 2.184 2.157 2.130 2.103 2.076 2.049 1.465 1.994 1.505 1.989 2.009 2.009 2.049 1.525 2.066 2.064 2.062 2.061 2.059 2.057 2.056
2.398 2.430 2.500 2.500 2.555 2.609 2.663 2.718 2.772 2.802 2.813 2.824 2.835 2.845 2.856 2.867 2.853 2.834 2.795 2.796 2.790 2.812 2.834 2.855 2.877 2.899 2.920 2.941 2.963 2.984 3.006 3.027 2.995 2.939 2.826 2.826 2.770 2.714 2.673 2.642 2.611 2.580 2.550 2.519 2.499 2.479 2.458 2.438 2.418 2.398 2.380 2.380 2.380 2.380 2.350 2.313 2.276 2.238 2.203 1.514 2.149 2.121 1.484 1.514 2.040 2.046 2.066 2.066 2.101 2.099 2.098 2.096 2.095 2.093 2.091 2.090 2.088
2.413 2.445 2.546 2.546 2.601 2.655 2.709 2.764 2.818 2.849 2.860 2.871 2.882 2.892 2.903 2.914 2.925 2.933 2.895 2.895 2.888 2.910 2.932 2.954 2.975 2.996 3.018 3.039 3.060 3.082 3.103 3.124 3.090 3.034 2.921 2.921 2.865 2.809 2.753 2.700 2.669 2.639 2.608 2.578 2.558 2.538 2.518 2.498 2.480 2.480 2.480 2.480 2.480 2.480 2.452 2.415 2.378 2.341 2.304 2.267 1.524 1.514 1.234 2.139 2.112 2.102 2.122 2.123 2.134 2.132 2.130 2.129 2.127 2.125 2.124 2.122 2.120
2.429 2.484 2.592 2.592 2.647 2.701 2.755 2.810 2.864 2.896 2.907 2.918 2.929 2.940 2.950 2.961 2.972 2.983 2.994 2.994 2.987 3.009 3.030 3.051 3.073 3.094 3.115 3.137 3.158 3.179 3.201 3.222 3.185 3.129 3.016 3.017 2.960 2.904 2.848 2.792 2.736 2.697 2.666 2.638 2.617 2.597 2.580 2.580 2.580 2.580 2.580 2.580 2.580 2.580 2.555 2.518 2.481 2.444 2.407 2.369 2.332 1.484 2.258 2.221 2.185 2.159 2.169 2.169 2.166 2.164 2.163 2.161 2.159 2.158 2.156 2.154 2.153
2.475 2.530 2.638 2.638 2.693 2.747 2.801 2.856 2.910 2.943 2.954 2.965 2.976 2.987 2.997 3.008 3.019 3.030 3.051 3.051 3.082 3.106 3.128 3.149 3.170 3.192 3.213 3.234 3.256 3.277 3.298 3.320 3.280 3.224 3.111 3.112 3.055 2.999 2.943 2.887 2.831 2.775 2.725 2.697 2.680 2.680 2.680 2.680 2.680 2.680 2.680 2.680 2.680 2.680 2.658 2.620 2.583 2.546 2.509 2.472 2.435 2.398 2.361 2.324 2.287 2.290 2.228 2.229 2.198 2.197 2.195 2.193 2.192 2.190 2.188 2.187 2.185
2.521 2.576 2.684 2.684 2.738 2.793 2.847 2.901 2.956 2.990 3.001 3.012 3.023 3.034 3.044 3.055 3.066 3.077 3.134 3.134 3.165 3.196 3.225 3.247 3.268 3.289 3.311 3.332 3.353 3.375 3.396 3.417 3.376 3.319 3.207 3.207 3.151 3.094 3.038 2.982 2.926 2.870 2.817 2.792 2.779 2.780 2.780 2.780 2.780 2.780 2.780 2.780 2.780 2.780 2.760 2.723 2.686 2.649 2.612 2.575 2.538 2.501 2.463 2.432 2.450 2.468 2.414 2.414 2.263 2.229 2.227 2.226 2.224 2.222 2.221 2.219 2.218
2.521 2.576 2.684 2.684 2.739 2.793 2.847 2.901 2.956 2.990 3.001 3.012 3.023 3.034 3.044 3.055 3.066 3.077 3.133 3.134 3.165 3.196 3.225 3.246 3.268 3.289 3.310 3.332 3.353 3.374 3.396 3.417 3.375 3.319 3.207 3.207 3.150 3.094 3.038 2.982 2.926 2.870 2.817 2.791 2.779 2.779 2.779 2.779 2.779 2.780 2.780 2.780 2.780 2.780 2.760 2.723 2.686 2.649 2.612 2.575 2.537 2.500 2.463 2.431 2.450 2.468 2.413 2.414 2.262 2.229 2.227 2.226 2.224 2.222 2.221 2.219 2.217
2.579 2.625 2.730 2.730 2.785 2.839 2.893 2.947 3.002 3.038 3.048 3.059 3.070 3.081 3.091 3.102 3.120 3.152 3.217 3.217 3.249 3.279 3.310 3.340 3.365 3.387 3.408 3.429 3.451 3.472 3.493 3.515 3.471 3.414 3.302 3.302 3.246 3.189 3.133 3.077 3.021 3.004 2.989 2.962 2.918 2.879 2.879 2.879 2.879 2.879 2.879 2.880 2.880 2.880 2.863 2.825 2.788 2.751 2.714 2.677 2.640 2.603 2.591 2.609 2.628 2.646 2.599 2.599 2.448 2.372 2.297 2.258 2.256 2.255 2.253 2.251 2.250
