includes/camargue/floodfiles/results_R2_t1.562344511003E12/res.totaltm
ncols         906
nrows         631
xllcorner     362177.146667
yllcorner     6534725.688020
cellsize      20.000000
NODATA_value  -9999.000000
[rows 374 to 407 of 631, columns 228 to 303 of 906]
0.000 0.000 0.000 0.000 0.000 0.000 0.000 0.000 0.000 0.000 0.000 0.000 0.000 0.000 0.000 0.000 0.000 0.000 0.000 0.000 0.000 0.000 0.000 0.000 0.000 0.000 0.000 0.000 2.678 3.778 3.815 10.970 1.751 2.269 10.971 8.078 10.966 6.457 6.476 6.802 5.779 2.969 10.999 11.014 10.988 1.680 10.945 0.786 7.751 10.942 10.948 10.944 0.000 10.926 10.933 10.939 10.933 10.925 10.896 10.889 10.867 10.859 10.846 2.396 10.795 10.790 0.000 10.826 1.232 10.816 10.825 10.830 10.831 10.830 10.815 5.235
0.000 0.000 0.000 0.000 0.000 0.000 0.000 0.000 0.000 0.000 0.000 0.000 0.000 0.000 0.000 0.000 0.000 0.000 0.000 0.000 0.000 0.000 0.000 0.000 0.000 0.000 0.000 0.552 0.621 2.773 10.991 10.996 10.976 2.470 4.628 10.986 10.982 10.980 10.985 10.998 11.001 11.001 11.027 11.021 2.998 10.937 10.908 3.392 10.911 3.265 10.968 4.173 9.099 2.561 2.558 10.945 2.540 10.930 4.846 10.869 10.861 10.855 5.669 10.819 10.809 0.000 10.857 10.833 10.827 10.823 10.832 10.836 10.839 10.842 10.837 10.831
0.000 0.000 0.000 0.000 0.000 0.000 0.000 0.000 0.000 0.000 0.000 0.000 0.000 0.000 0.000 0.000 0.000 0.000 0.000 0.000 0.000 0.000 0.000 0.000 0.000 0.000 0.000 2.185 11.074 11.088 3.699 5.919 10.997 10.992 8.729 9.285 10.986 11.001 11.009 11.002 11.015 11.043 11.061 1.898 11.043 2.983 1.748 11.013 3.257 10.971 10.974 10.968 10.986 10.981 10.974 10.964 10.962 10.933 10.930 1.503 1.910 8.792 4.966 10.830 1.179 10.884 10.879 2.331 10.819 0.000 0.000 10.857 10.863 10.855 3.318 10.816
0.000 0.000 0.000 0.000 0.000 0.000 0.000 0.000 0.000 0.000 0.000 0.000 0.000 0.000 0.000 0.000 0.000 0.000 0.000 0.000 0.000 0.000 0.000 0.000 0.000 0.000 2.322 3.944 4.156 11.093 11.088 11.082 3.987 3.988 11.004 11.000 0.788 11.013 11.018 11.008 11.004 4.793 11.074 11.089 11.092 11.063 8.758 11.043 11.063 10.988 11.025 3.784 10.993 10.983 10.977 3.311 10.955 6.806 10.925 10.921 10.863 4.348 10.855 6.206 10.919 10.915 0.845 10.975 2.467 10.899 10.891 10.892 10.874 10.869 10.854 1.557
0.000 0.000 0.000 0.000 0.000 0.000 0.000 0.000 0.000 0.000 0.000 0.000 0.000 0.000 0.000 0.000 0.000 0.000 0.000 0.000 0.000 0.000 0.000 0.000 0.000 0.000 1.029 11.054 7.949 11.098 3.055 11.056 11.050 11.045 11.010 5.403 11.026 5.622 6.002 1.144 2.660 11.080 11.084 1.786 11.096 5.600 11.065 11.057 11.070 11.063 11.054 11.047 11.025 10.993 10.988 1.073 2.238 10.921 0.737 10.898 10.884 10.894 10.869 0.000 10.955 4.921 10.998 10.979 10.933 10.927 10.917 10.898 10.892 10.870 10.875 10.851
0.000 0.000 0.000 0.000 0.000 0.000 0.000 0.000 0.000 0.000 0.000 0.000 0.000 0.000 0.000 0.000 0.000 0.000 0.000 0.000 0.000 0.000 0.000 0.000 0.000 0.000 1.005 11.066 7.961 11.104 3.072 11.067 11.059 11.051 11.011 5.402 11.033 6.227 8.576 1.166 2.677 11.090 11.096 1.807 11.103 5.602 11.076 11.073 11.079 11.072 11.063 11.056 11.027 10.993 10.988 1.080 2.256 10.906 0.755 10.893 10.897 10.905 10.885 0.000 10.964 4.929 11.005 10.982 10.934 10.927 10.916 10.898 10.895 10.876 10.885 10.857
0.000 0.000 0.000 0.000 0.000 0.000 0.000 0.000 0.000 0.000 0.000 0.000 0.000 0.000 0.000 0.000 0.000 0.000 0.000 0.000 0.000 0.000 0.000 0.000 0.000 0.000 11.077 11.073 4.498 11.113 3.630 11.074 2.566 11.051 11.047 11.052 7.073 4.587 4.599 11.106 11.139 3.867 9.021 11.127 11.120 11.115 3.546 7.394 11.083 3.918 11.055 11.034 1.199 11.036 11.038 11.043 10.972 1.576 10.799 0.000 10.910 10.916 5.288 10.994 11.006 11.016 11.011 2.472 10.941 10.931 10.918 10.900 10.918 10.908 10.891 10.885
0.000 0.000 0.000 0.000 0.000 0.000 0.000 0.000 0.000 0.000 0.000 0.000 0.000 0.000 0.000 0.000 0.000 0.000 0.000 0.000 0.000 0.000 0.000 0.000 2.041 11.098 4.560 3.640 7.164 11.129 6.061 5.123 4.580 5.218 2.393 5.466 11.079 11.088 11.092 11.095 11.142 3.871 11.138 11.135 11.122 11.119 11.114 11.092 11.087 11.083 1.530 11.044 11.049 7.389 7.385 9.875 11.043 11.035 0.000 10.954 1.254 10.949 10.956 2.572 2.906 11.018 0.000 10.186 10.976 10.980 10.965 10.946 10.931 10.923 10.912 10.880
0.000 0.000 0.000 0.000 0.000 0.000 0.000 0.000 0.000 0.000 0.000 0.000 0.000 0.000 0.000 0.000 0.000 0.000 0.000 0.000 0.000 0.000 0.000 2.681 4.896 9.084 11.119 11.138 11.133 11.139 11.130 4.115 4.886 11.086 11.083 11.079 1.704 11.063 11.063 2.785 11.144 11.135 11.145 11.142 11.147 11.122 6.496 1.509 11.084 11.080 0.000 9.396 11.054 11.107 11.119 11.128 4.716 2.100 10.909 10.997 0.000 10.956 10.961 11.015 11.018 11.030 9.193 11.018 11.001 10.991 10.977 10.962 10.964 10.928 10.922 10.913
0.000 0.000 0.000 0.000 0.000 0.000 0.000 0.000 0.000 0.000 0.000 0.000 0.000 0.000 0.000 0.000 0.000 0.000 0.000 0.000 0.000 2.314 2.126 0.000 4.449 11.131 11.138 11.144 10.481 11.145 11.136 11.131 11.144 5.548 11.087 5.530 11.072 2.602 2.602 8.873 11.163 11.141 11.152 11.148 11.152 1.290 11.134 11.143 1.227 11.070 11.062 11.056 11.057 4.273 4.273 11.137 11.145 3.620 1.483 11.011 11.016 4.005 10.980 11.008 5.189 11.032 11.046 11.026 11.021 11.014 11.003 10.986 10.975 10.931 10.923 10.887
0.000 0.000 0.000 0.000 0.000 0.000 0.000 0.000 0.000 0.000 0.000 0.000 0.000 0.000 0.000 0.000 0.000 0.000 0.000 0.000 1.560 3.118 2.956 11.147 2.210 2.989 9.655 11.150 11.160 11.150 5.959 3.441 11.148 11.144 11.137 11.127 2.668 11.165 11.165 5.598 11.169 11.170 11.170 11.162 11.156 11.175 4.318 11.151 11.145 1.557 3.140 11.113 11.118 11.144 11.152 11.157 11.161 11.157 7.084 2.585 7.810 11.017 10.985 9.516 10.983 10.034 11.048 11.044 11.025 11.020 11.008 10.988 10.973 10.940 10.883 10.886
0.000 0.000 0.000 0.000 0.000 0.000 0.000 0.000 0.000 0.000 0.000 0.000 0.000 0.000 0.000 0.000 0.000 0.000 0.000 0.000 3.732 11.139 11.148 11.155 11.154 11.152 11.155 11.157 11.169 11.157 11.173 10.594 11.153 5.122 10.083 11.121 3.519 11.168 11.168 11.173 11.173 11.173 11.173 11.157 11.170 11.185 11.157 11.175 7.787 11.121 11.104 7.345 4.248 11.085 11.084 0.000 11.189 3.854 4.587 11.048 11.045 3.006 11.006 11.012 11.005 1.302 11.055 2.582 11.020 11.009 10.996 10.983 10.968 10.912 10.888 10.891
0.000 0.000 0.000 0.000 0.000 0.000 0.000 0.000 0.000 0.000 0.000 0.000 0.000 0.000 0.000 0.000 0.000 0.000 0.851 11.098 2.417 11.165 11.162 5.553 11.180 6.666 11.159 11.167 11.180 11.181 11.180 11.164 11.180 0.203 11.157 1.351 11.187 11.192 11.192 11.179 11.216 11.204 11.210 1.524 11.196 11.195 8.804 11.185 2.479 11.127 3.539 9.866 7.160 1.207 1.320 0.000 11.200 1.214 5.993 11.075 5.429 11.051 1.326 11.017 7.075 11.037 11.062 1.824 10.967 10.998 10.986 10.975 10.889 10.908 10.900 10.904
0.000 0.000 0.000 0.000 0.000 0.000 0.000 0.000 0.000 0.000 0.000 0.000 0.000 0.000 0.000 0.000 0.000 0.000 1.008 0.271 11.196 2.948 2.950 3.196 5.065 3.197 11.161 11.175 11.188 11.193 11.197 11.194 11.186 11.189 11.162 10.305 11.192 11.196 11.196 11.208 11.229 11.199 11.224 11.212 11.200 11.202 11.190 11.190 6.625 5.439 5.686 4.672 11.124 0.514 0.617 0.000 11.208 2.512 11.103 11.078 11.075 11.062 7.544 11.033 11.032 11.055 11.068 5.439 10.973 10.967 10.957 10.955 10.936 10.929 10.907 10.915
0.000 0.000 0.000 0.000 0.000 0.000 0.000 0.000 0.000 0.000 0.000 0.000 0.000 0.000 0.000 0.000 0.000 1.520 2.478 11.214 11.208 11.219 11.226 11.230 11.225 3.639 11.179 11.188 11.195 10.635 11.212 11.196 11.192 11.193 2.075 4.513 11.197 11.221 11.226 11.221 11.241 11.211 11.240 11.218 11.213 11.209 11.256 11.194 4.543 11.201 11.191 2.743 11.136 0.707 0.837 0.000 11.214 3.055 11.123 11.108 11.074 4.692 3.545 4.121 11.035 11.077 11.071 3.222 10.990 6.853 6.840 10.936 10.945 10.934 10.915 10.920
0.000 0.000 0.000 0.000 0.000 0.000 0.000 0.000 0.000 0.000 0.000 0.000 0.000 0.000 0.000 0.000 1.394 0.246 3.262 4.466 1.946 2.991 2.921 11.234 5.511 11.219 4.373 6.546 11.202 10.056 11.216 5.175 4.361 11.198 11.278 5.425 11.195 11.234 11.243 11.231 11.254 11.245 11.255 8.511 11.218 11.215 11.267 11.257 6.048 8.646 6.075 11.162 4.127 1.583 1.570 11.208 11.224 3.794 11.130 11.121 9.180 9.968 10.800 11.028 1.409 11.082 11.082 6.512 11.000 3.268 3.258 6.895 10.957 10.931 10.923 10.933
0.000 0.000 0.000 0.000 0.000 0.000 0.000 0.000 0.000 0.000 0.000 0.000 0.000 0.000 0.000 0.000 8.253 11.277 11.272 11.264 11.259 11.265 11.260 11.260 11.257 3.350 11.216 6.023 11.208 11.238 11.264 11.272 11.290 11.315 11.310 11.277 11.273 11.241 11.251 11.256 11.263 9.142 11.265 11.257 11.260 11.269 11.275 6.783 7.822 11.251 3.308 2.302 11.206 2.174 2.162 11.243 11.237 7.152 11.142 11.127 6.429 1.855 11.028 11.019 3.518 11.094 11.091 8.547 8.807 8.359 8.280 10.972 10.974 10.964 10.928 4.899
0.000 0.000 0.000 0.000 0.000 0.000 0.000 0.000 0.000 0.000 0.000 0.000 0.000 0.000 0.000 1.328 11.277 11.280 11.265 1.313 2.672 7.836 7.621 11.264 11.261 11.257 4.045 4.036 11.257 11.268 11.247 7.543 6.807 11.322 11.315 11.197 3.214 10.675 10.361 11.282 11.289 11.337 11.298 8.765 11.265 11.272 11.281 11.280 11.269 11.256 1.729 4.706 5.830 11.205 10.607 11.267 11.233 4.796 11.142 11.133 11.126 11.111 0.000 3.065 5.935 11.098 11.064 11.057 2.178 3.962 3.885 10.975 8.860 2.369 3.641 10.998
0.000 0.000 0.000 0.000 0.000 0.000 0.000 0.000 0.000 0.000 0.000 0.000 0.000 10.906 0.523 0.520 11.275 11.289 11.294 11.299 11.298 5.917 5.914 11.273 11.339 6.206 5.901 11.256 11.265 11.275 11.260 11.252 11.322 11.328 4.895 8.923 1.247 9.339 9.212 10.977 11.318 11.345 11.267 11.260 11.238 4.125 11.306 11.284 5.213 11.252 11.236 11.249 11.236 4.615 4.612 11.275 5.076 10.903 11.152 11.116 0.000 4.699 11.021 1.703 3.390 11.104 1.346 11.050 11.022 4.623 4.801 3.400 11.028 11.019 11.013 11.003
0.000 0.000 0.000 0.000 0.000 0.000 0.000 0.000 0.000 0.000 0.000 1.074 0.000 1.248 1.355 1.869 4.261 3.380 11.300 11.315 11.328 6.733 6.732 8.897 11.365 11.370 11.322 11.259 11.283 4.783 3.801 7.502 11.317 11.333 11.325 0.324 11.285 11.292 11.303 11.317 11.335 11.352 11.303 11.289 2.475 11.322 11.310 9.424 11.262 1.327 11.263 11.258 2.172 7.298 7.082 11.293 1.768 11.190 7.600 11.152 11.161 1.356 1.559 11.098 11.101 11.118 4.886 3.609 11.068 5.603 5.603 11.040 11.033 11.022 2.442 0.000
0.000 0.000 0.000 0.000 0.000 0.000 0.000 0.000 0.000 0.000 0.000 1.944 11.345 2.026 11.303 3.254 11.329 11.325 11.319 11.343 11.344 11.357 11.370 5.235 11.377 11.381 11.371 11.360 5.878 11.312 11.321 1.791 4.248 11.344 2.041 6.332 11.310 11.274 11.285 2.786 11.332 11.379 11.322 4.973 11.345 11.332 1.384 11.261 2.480 11.279 11.271 11.265 2.249 11.283 11.291 11.310 1.591 11.198 7.134 3.295 11.186 11.179 11.172 1.474 4.177 11.125 0.790 11.125 4.573 11.089 11.083 2.117 11.045 11.042 11.069 11.075
0.000 0.000 0.000 0.000 0.000 0.000 0.000 0.000 0.000 0.000 0.000 1.611 5.484 1.860 4.808 3.188 11.338 11.332 11.332 11.351 11.354 11.372 11.384 5.239 11.389 11.392 11.383 11.372 5.946 11.322 11.331 1.821 4.217 11.352 2.068 6.332 11.321 11.287 11.303 2.805 11.344 11.391 11.343 4.973 11.351 11.339 1.399 11.245 2.505 11.287 11.279 11.272 2.195 11.291 11.300 11.320 1.592 11.210 7.037 3.306 11.195 11.187 11.180 1.474 4.184 11.136 0.806 11.137 4.566 11.097 11.090 2.118 11.050 11.047 11.077 11.084
0.000 0.000 0.000 0.000 0.000 0.000 0.000 0.000 0.000 1.203 2.289 6.028 11.400 11.377 11.371 11.365 11.369 3.532 8.790 11.355 11.365 11.379 11.389 11.389 8.844 11.397 11.390 11.360 4.770 3.083 10.793 11.404 11.411 11.413 3.804 0.966 11.327 11.342 11.351 11.380 11.390 11.395 10.386 11.353 11.368 4.537 11.251 0.870 11.326 11.313 11.294 11.286 4.809 11.301 11.312 11.330 5.686 11.300 11.255 11.209 11.201 1.723 11.151 11.166 11.116 11.145 11.143 11.149 11.128 11.103 11.096 11.091 11.063 0.000 1.854 11.090
0.000 0.000 0.000 0.000 0.000 0.000 0.000 0.000 2.066 4.464 3.517 11.478 11.405 2.835 3.911 2.161 4.145 11.372 11.388 11.395 11.402 11.407 11.414 3.861 4.547 4.734 7.170 11.389 11.379 11.370 11.347 11.396 11.429 11.421 11.416 3.625 11.320 11.321 11.334 11.385 11.393 11.417 11.396 5.006 11.373 11.368 3.217 6.855 11.337 11.333 5.648 2.545 11.259 11.275 11.271 11.350 11.329 11.307 11.227 11.225 9.332 11.194 1.452 11.175 11.178 11.153 11.134 11.154 11.151 6.345 6.548 1.292 3.697 5.017 11.096 11.095
0.000 0.000 0.000 0.000 0.000 0.000 0.000 4.173 0.000 11.555 0.000 3.253 0.000 0.365 11.410 2.819 3.455 11.395 11.401 11.399 11.407 11.412 11.418 11.431 11.444 11.444 1.998 2.686 11.367 1.931 11.356 0.000 11.437 11.427 11.353 3.991 0.199 4.821 4.760 11.348 4.726 11.422 11.409 11.402 11.385 11.390 0.800 11.386 3.861 10.316 11.368 11.359 1.606 11.369 11.365 11.357 11.337 10.920 11.234 11.274 11.266 5.049 11.177 11.182 10.044 2.757 11.177 11.171 11.154 1.767 1.743 11.140 11.145 11.140 11.130 11.126
0.000 0.000 0.000 0.000 0.000 0.000 0.000 11.626 0.650 7.236 0.419 11.462 11.473 11.477 0.000 11.511 0.867 1.803 2.654 2.190 11.444 1.131 1.122 4.317 11.476 11.454 11.440 1.899 11.372 11.365 11.368 1.832 11.444 11.439 8.901 11.353 11.404 11.410 11.410 3.379 11.437 11.433 11.410 5.290 1.177 11.396 11.384 11.397 8.833 4.484 6.286 2.223 6.337 11.389 11.382 11.375 11.367 11.358 11.304 11.295 5.202 11.210 4.821 6.446 11.195 11.191 11.182 11.176 11.171 1.082 1.077 11.145 11.163 8.496 11.126 11.130
0.000 0.000 0.000 0.000 0.000 0.830 0.486 11.633 11.638 11.617 0.290 2.800 11.473 11.481 11.512 11.523 11.530 11.538 11.539 11.538 3.497 11.479 11.468 8.018 11.480 1.546 11.427 4.208 3.636 11.371 8.269 1.172 11.460 11.446 11.420 2.604 11.409 5.736 5.750 6.605 11.471 2.038 7.615 11.445 11.416 11.401 4.320 2.291 11.530 9.849 11.430 11.458 1.832 11.398 11.390 11.381 11.372 11.361 11.332 11.249 11.237 11.227 11.209 11.173 11.212 5.354 11.179 2.494 11.167 3.054 3.055 3.751 11.168 5.895 11.145 11.142
0.000 0.000 0.000 0.000 5.467 11.363 11.313 0.000 11.651 5.286 2.139 2.666 3.049 4.118 3.541 6.819 11.544 11.553 11.565 11.558 5.131 5.277 5.161 11.492 11.493 1.710 1.805 0.204 0.000 0.000 11.387 1.263 11.467 11.453 2.888 11.410 2.883 11.438 11.438 2.375 11.478 11.492 11.488 11.449 8.741 0.000 11.569 11.575 11.536 0.000 11.500 11.470 1.464 11.412 11.403 11.302 11.392 11.323 11.317 11.311 11.239 11.231 2.537 11.227 11.222 11.201 11.196 4.501 11.175 11.182 11.181 11.183 11.181 11.171 11.165 11.151
0.000 0.000 0.000 1.020 11.327 11.418 11.395 0.000 11.662 1.914 11.533 3.851 3.251 3.528 4.668 11.567 8.507 11.587 11.586 0.424 4.664 11.524 11.524 11.509 11.503 11.509 6.754 11.518 11.537 4.093 11.441 1.052 11.476 11.468 5.299 11.443 1.558 11.486 11.493 11.497 11.511 11.534 5.382 4.231 7.605 4.976 10.012 11.588 11.537 11.527 11.515 2.757 11.445 11.434 11.421 11.412 11.401 11.392 11.299 11.302 11.295 11.233 11.234 11.233 11.227 2.619 7.167 4.703 11.183 7.590 7.535 11.194 11.184 11.178 11.168 2.544
0.000 0.749 3.188 7.235 6.981 1.302 1.284 11.683 11.666 3.582 5.343 11.590 5.842 3.203 4.255 11.577 9.009 11.604 11.595 11.565 0.342 8.089 8.088 6.086 11.519 11.520 11.520 11.529 11.545 8.698 3.298 11.484 11.481 11.475 11.463 11.455 1.596 3.517 3.371 11.495 11.542 11.541 11.472 11.534 11.482 9.175 11.488 11.622 0.000 11.514 11.500 11.484 11.459 3.687 3.689 11.403 0.470 11.380 11.353 3.965 11.297 11.268 11.250 11.243 6.385 3.697 2.276 11.172 3.494 11.209 11.204 11.198 9.800 11.185 0.000 11.162
1.528 3.419 6.501 5.438 9.774 11.738 11.728 11.691 4.514 3.997 2.950 7.999 5.026 2.999 11.605 11.588 11.604 11.611 11.610 11.604 11.596 11.545 11.544 8.062 11.527 7.193 3.996 8.175 11.558 11.543 11.539 11.533 2.087 11.452 11.456 11.448 3.309 0.722 0.714 11.518 11.557 11.564 9.150 11.544 11.554 11.596 4.059 11.628 11.617 11.591 5.480 11.465 11.453 2.651 2.656 11.395 0.000 1.007 11.321 11.316 11.304 11.270 9.570 8.418 11.232 11.254 11.252 3.704 11.241 11.225 11.218 11.211 11.197 11.190 11.185 11.179
4.215 7.975 11.811 11.788 11.776 11.743 11.728 11.724 11.709 5.266 11.640 11.695 11.690 4.225 9.482 11.605 11.631 11.624 11.614 11.610 11.604 11.597 11.587 4.764 7.605 11.560 11.555 11.561 11.562 8.005 11.516 11.504 3.803 2.770 1.868 0.473 11.626 2.714 2.709 11.513 11.514 11.570 11.482 11.500 11.596 11.605 11.648 11.634 11.629 11.600 11.644 11.492 1.125 11.368 11.359 0.480 11.318 0.792 4.581 1.384 11.295 11.291 10.863 11.235 11.256 11.259 11.255 11.257 11.249 11.224 11.223 11.218 2.718 3.682 11.192 11.171
6.790 4.665 11.830 11.823 8.358 11.763 11.754 11.749 9.027 11.706 1.420 11.700 11.696 11.701 11.695 3.850 11.648 11.638 11.629 11.607 11.601 11.592 11.581 11.567 11.565 11.635 11.605 11.586 11.578 1.591 11.503 11.490 0.691 11.601 11.609 11.626 11.629 6.708 6.708 11.520 11.603 11.600 8.446 11.501 11.564 11.631 11.669 7.001 11.638 11.647 11.652 6.433 11.400 11.389 11.375 11.347 11.329 11.336 11.332 11.316 8.801 11.295 11.290 11.285 11.259 11.263 11.262 11.271 11.242 11.245 11.238 11.210 1.584 11.226 11.196 0.000
11.820 11.829 11.838 11.854 11.845 7.010 7.010 11.757 11.749 11.739 11.748 11.705 0.495 11.705 11.701 11.688 11.684 4.647 11.622 11.615 9.019 11.571 11.558 11.572 6.539 11.651 11.635 11.580 11.581 11.571 4.124 4.047 4.409 3.586 11.602 10.234 11.659 11.627 11.638 11.650 11.645 11.605 9.496 7.385 11.648 11.704 11.676 11.477 2.764 11.689 11.679 4.482 11.369 1.673 1.667 5.416 11.370 11.362 1.450 11.326 9.146 11.294 11.290 3.160 11.259 11.272 11.271 11.277 11.272 11.260 11.252 3.899 11.246 11.237 11.227 2.158
