includes/camargue/floodfiles/results_R2_t1.562344511003E12/res.totaltm
ncols         906
nrows         631
xllcorner     362177.146667
yllcorner     6534725.688020
cellsize      20.000000
NODATA_value  -9999.000000
[rows 442 to 475 of 631, columns 304 to 379 of 906]
5.919 12.319 12.316 0.384 1.403 11.763 11.790 11.802 3.966 11.581 11.530 7.735 11.018 11.431 0.671 11.349 2.744 11.315 1.858 2.266 1.539 1.810 0.830 0.870 1.190 0.000 0.000 0.000 0.000 0.000 0.000 0.000 0.000 0.000 0.000 0.000 0.000 0.000 0.000 0.000 0.000 0.000 0.000 0.000 0.000 0.000 0.000 0.000 0.000 0.000 0.000 0.000 0.000 0.000 0.000 0.000 0.000 0.000 0.000 0.000 0.000 0.000 0.000 0.000 0.000 0.000 0.000 0.000 0.000 9.128 9.415 9.433 9.530 9.550 9.741 9.759
6.045 12.327 12.323 0.401 1.419 11.748 11.777 11.787 3.967 11.524 11.487 8.155 11.434 11.443 0.707 7.217 2.834 11.326 2.602 3.626 2.418 3.027 1.586 2.037 4.567 0.000 0.000 0.000 0.000 0.000 0.000 0.000 0.000 0.000 0.000 0.000 0.000 0.000 0.000 0.000 0.000 0.000 0.000 0.000 0.000 0.000 0.000 0.000 0.000 0.000 0.000 0.000 0.000 0.000 0.000 0.000 0.000 0.000 0.000 0.000 0.000 0.000 0.000 0.000 0.000 0.000 0.000 0.000 0.000 9.230 9.416 9.432 9.522 9.546 9.760 9.762
2.148 12.508 5.538 1.694 11.697 11.737 6.366 5.330 11.635 1.772 1.856 0.675 4.009 11.453 4.694 4.761 2.111 1.548 1.278 0.746 0.457 0.000 0.449 0.000 0.000 0.000 0.000 0.000 0.000 0.000 0.000 0.000 0.000 0.000 0.000 0.000 0.000 0.000 0.000 0.000 0.000 0.000 0.000 0.000 0.000 0.000 0.000 0.000 0.000 0.000 0.000 0.000 0.000 0.000 0.000 0.000 0.000 0.000 0.000 0.000 0.000 0.000 0.000 0.000 0.000 0.000 0.000 0.000 9.244 9.314 9.377 9.427 9.467 9.539 9.977 9.959
12.532 12.521 3.634 11.736 11.722 5.250 6.487 11.651 1.793 11.544 11.554 11.485 2.160 11.463 4.972 4.437 1.757 0.734 0.459 0.000 0.000 0.000 0.000 0.000 0.000 0.000 0.000 0.000 0.000 0.000 0.000 0.000 0.000 0.000 0.000 0.000 0.000 0.000 0.000 0.000 0.000 0.000 0.000 0.000 0.000 0.000 0.000 0.000 0.000 0.000 0.000 0.000 0.000 0.000 0.000 0.000 0.000 0.000 0.000 0.000 0.000 0.000 0.000 10.323 10.229 10.204 10.098 0.000 2.910 8.436 8.674 3.246 0.000 10.033 10.016 9.997
12.946 3.797 4.614 11.860 4.763 11.638 11.650 1.528 11.536 11.553 11.561 11.591 11.556 11.480 3.236 3.368 1.564 0.516 0.000 0.000 0.000 0.000 0.000 0.000 0.000 0.000 0.000 0.000 0.000 0.000 0.000 0.000 0.000 0.000 0.000 0.000 0.000 0.000 0.000 0.000 0.000 0.000 0.000 0.000 0.000 0.000 0.000 0.000 0.000 0.000 0.000 0.000 0.000 0.000 0.000 0.000 0.000 0.000 0.000 0.000 0.000 0.000 0.000 10.333 10.216 0.000 0.000 0.000 0.000 0.000 0.000 3.709 0.000 10.044 0.000 0.000
12.949 2.046 11.859 11.752 11.737 11.700 11.689 1.997 11.550 11.565 11.560 11.601 11.545 11.486 3.160 2.393 2.036 0.912 0.000 0.000 0.000 0.000 0.000 0.000 0.000 0.000 0.000 0.000 0.000 0.000 0.000 0.000 0.000 0.000 0.000 0.000 0.000 0.000 0.000 0.000 0.000 0.000 0.000 0.000 0.000 0.000 0.000 10.761 10.734 0.000 0.000 0.000 0.000 0.000 0.000 0.000 0.000 0.000 0.000 0.000 0.000 10.197 10.359 10.395 10.404 10.454 10.470 10.235 10.224 10.208 10.194 10.155 10.137 10.099 10.258 10.239
4.831 4.253 1.664 5.644 11.698 4.893 2.229 11.511 11.522 11.632 11.627 11.619 11.562 11.534 4.413 11.311 1.644 1.806 0.608 0.000 0.000 0.000 0.000 0.000 0.000 0.000 0.000 0.000 0.000 0.000 0.000 0.000 0.000 0.000 0.000 0.000 0.000 0.000 0.000 0.000 0.000 0.000 0.000 0.000 0.000 0.000 10.794 10.774 10.756 0.610 10.578 2.756 0.000 0.000 0.000 0.000 0.000 0.000 0.000 0.000 0.000 0.000 10.187 10.367 10.249 10.468 10.483 10.507 10.525 10.193 10.369 10.376 10.356 10.296 10.275 10.251
1.274 11.909 11.886 2.822 3.920 1.894 0.337 0.000 11.583 11.663 11.650 11.626 11.601 11.573 10.369 3.566 2.496 1.332 0.782 0.000 0.000 0.000 0.000 0.000 0.000 0.000 0.000 0.000 0.000 0.000 0.000 0.000 0.000 0.000 0.000 0.000 0.000 0.000 0.000 0.000 0.000 0.000 0.000 0.000 0.000 0.000 10.827 0.000 10.768 10.260 10.695 1.376 0.000 0.000 0.000 0.000 0.000 0.000 0.000 0.000 8.266 3.996 0.000 0.000 9.904 0.000 10.142 10.521 10.534 10.261 10.387 10.400 10.376 10.351 10.127 10.109
2.227 11.885 11.780 11.769 11.769 11.763 11.711 11.725 11.689 11.682 11.670 11.619 11.563 11.543 11.505 3.106 1.901 1.560 0.873 0.000 0.000 0.000 0.000 0.000 0.000 0.000 0.000 0.000 0.000 0.000 0.000 0.000 0.000 0.000 0.000 0.000 0.000 0.000 0.000 0.000 0.000 0.000 0.000 0.000 1.094 3.384 10.886 10.834 1.922 0.000 0.000 0.000 0.000 0.000 0.000 0.000 0.000 0.000 0.000 0.000 8.393 3.698 10.385 10.483 10.517 10.307 9.738 10.268 10.574 10.577 10.402 10.416 0.000 3.374 0.000 0.000
5.477 3.681 11.881 11.844 11.837 2.301 11.767 11.758 11.651 11.661 11.649 11.621 11.608 11.551 11.512 3.570 3.340 3.879 1.757 0.000 0.000 0.000 0.000 0.000 0.000 0.000 0.000 0.000 0.000 0.000 0.000 0.000 0.000 0.000 0.000 0.000 0.000 0.000 0.000 0.000 0.000 0.000 0.000 0.000 10.866 10.880 10.906 10.953 3.104 10.770 0.000 0.000 0.000 0.000 0.000 0.000 0.000 0.000 0.000 0.000 0.000 10.188 10.207 10.360 10.536 10.574 10.599 10.598 10.608 10.610 10.619 10.611 10.594 10.587 10.580 10.569
2.274 4.933 11.860 11.861 11.849 11.732 11.815 11.706 11.695 11.675 11.666 11.652 11.639 11.558 11.517 4.327 2.322 2.308 0.588 0.000 0.000 0.000 0.000 0.000 0.000 0.000 0.000 0.000 0.000 0.000 0.000 0.000 0.000 0.000 0.000 0.000 0.000 0.000 0.000 0.000 0.000 1.512 10.972 10.937 10.869 10.957 0.697 10.978 3.058 10.880 3.556 0.000 0.000 0.000 0.000 0.000 0.000 0.000 0.000 0.000 0.000 0.000 10.358 10.384 10.589 10.606 10.617 10.611 10.621 10.607 10.627 10.616 10.595 10.571 10.565 10.556
11.920 11.896 11.877 11.872 11.868 11.832 11.825 11.689 11.656 11.668 11.658 11.635 11.623 11.548 11.511 2.578 3.228 1.638 0.000 0.507 0.000 0.000 0.000 0.000 0.000 0.000 0.000 0.000 0.000 0.000 0.000 0.000 0.000 0.000 0.000 0.000 0.000 0.000 0.000 11.008 2.350 5.803 10.997 10.960 11.076 10.968 10.979 2.041 10.970 0.000 0.000 0.000 0.000 0.000 0.000 0.000 0.000 0.000 10.686 10.676 0.000 10.776 0.000 10.586 10.603 10.618 10.628 10.622 10.629 0.000 10.632 10.617 7.956 0.000 0.000 0.000
3.023 4.213 4.405 11.906 1.876 11.811 11.818 11.759 0.337 11.649 11.639 11.624 11.607 11.543 11.512 4.494 11.416 0.000 10.980 10.906 0.000 0.000 0.000 0.000 0.000 0.000 0.000 0.000 0.000 0.000 0.000 0.000 0.000 0.000 0.000 0.000 0.000 0.818 1.977 0.857 2.145 1.578 11.060 11.088 11.101 11.076 0.821 11.124 0.996 11.077 1.277 0.000 0.000 0.000 0.000 0.000 0.000 0.000 0.728 0.699 10.750 10.781 10.727 0.000 10.608 0.000 10.708 0.000 10.665 10.654 10.646 10.630 10.640 10.614 10.604 10.595
4.490 12.047 12.014 11.993 0.591 11.672 11.791 11.773 11.673 0.000 0.000 11.607 11.598 11.555 5.311 2.998 0.874 1.992 11.010 1.041 0.000 0.000 0.000 0.000 10.795 0.000 0.000 0.000 0.000 0.000 0.000 0.000 0.000 0.000 1.809 11.047 0.000 3.424 11.242 11.203 4.881 0.000 11.077 11.107 11.121 1.201 11.168 3.007 11.130 3.363 0.545 0.000 0.000 0.000 0.000 0.000 0.000 10.791 0.479 0.421 10.781 4.743 10.782 10.792 0.432 10.734 10.729 10.715 10.701 10.695 10.646 10.636 10.656 10.642 10.590 10.568
12.873 12.059 12.038 12.015 11.988 0.000 2.326 11.644 11.714 11.648 11.640 11.616 11.604 11.540 3.013 2.156 0.000 9.046 10.363 10.886 0.494 5.492 0.000 0.000 10.734 0.000 0.000 10.741 0.000 0.000 0.000 0.000 0.475 10.973 0.000 4.760 5.450 4.724 11.255 11.249 0.000 1.836 0.000 0.000 11.195 11.208 6.401 11.168 4.669 1.171 0.009 0.000 0.000 0.000 0.000 0.000 10.852 10.804 10.798 10.787 0.000 10.813 0.000 10.799 10.779 10.773 1.376 10.715 10.712 10.703 10.702 10.716 10.663 10.646 10.602 10.586
3.899 12.040 1.738 11.984 11.956 11.817 11.809 11.751 11.728 11.595 11.578 11.605 11.586 8.578 2.157 0.274 11.064 11.015 1.572 1.567 0.000 0.000 1.255 5.900 10.944 10.845 10.824 10.767 10.744 1.168 1.279 2.109 0.686 1.482 1.296 11.044 11.090 0.000 11.260 11.255 1.787 11.257 0.000 0.000 11.239 11.215 4.683 3.587 1.577 0.000 10.841 0.000 0.000 0.000 0.000 10.879 10.868 1.837 0.000 0.000 10.843 10.818 10.827 3.895 10.799 0.000 10.742 10.744 0.000 8.252 10.664 10.732 10.646 10.633 10.625 10.612
2.795 4.299 11.864 11.852 11.862 11.808 11.799 11.757 11.750 1.470 1.471 11.552 11.521 4.535 0.641 11.200 11.148 5.622 0.861 0.000 0.000 11.112 11.190 10.062 10.982 10.852 10.819 0.000 10.836 11.014 11.267 11.385 3.204 6.638 11.251 0.000 0.000 11.297 11.286 0.785 11.292 11.287 11.279 11.280 11.273 2.947 1.439 3.272 0.894 10.972 10.957 10.893 0.000 10.927 10.923 10.915 1.683 10.901 10.905 10.903 10.848 10.845 10.853 0.000 1.616 10.785 10.823 10.759 10.722 0.000 0.985 10.742 0.000 10.636 10.565 10.563
2.884 4.337 11.835 11.839 11.853 11.808 11.798 11.757 11.749 1.475 1.470 11.536 11.501 4.761 0.686 11.228 11.176 6.248 1.124 0.000 0.000 11.190 11.264 9.830 11.054 10.882 10.844 0.000 4.031 3.453 5.889 11.398 3.112 6.488 11.272 0.000 0.000 11.304 11.292 0.785 11.301 11.295 11.289 11.290 11.283 2.945 1.402 8.764 0.868 10.964 10.947 10.915 0.000 10.935 10.934 10.926 1.684 10.912 10.920 10.917 10.848 10.853 10.866 0.000 1.756 10.795 10.842 10.783 10.741 0.000 1.126 10.755 0.000 10.651 10.563 10.549
1.327 11.835 11.813 1.059 11.806 11.798 11.692 11.732 11.709 2.608 2.598 11.523 11.483 1.036 11.281 11.246 2.025 0.876 0.000 1.372 1.672 11.274 11.316 11.274 11.167 3.879 3.289 2.678 7.488 10.674 6.130 11.415 11.402 3.623 11.301 0.000 11.321 11.309 2.700 11.286 11.308 0.000 11.322 11.318 0.655 11.180 10.626 0.797 1.163 1.437 1.881 7.404 1.021 10.974 9.272 10.937 10.928 10.920 10.929 10.926 10.843 8.173 10.886 4.693 10.850 3.897 10.850 10.801 10.836 0.000 10.814 10.783 0.000 10.661 10.653 10.640
1.450 4.269 11.772 11.732 11.796 11.790 11.735 11.715 1.695 11.519 11.497 11.506 11.396 11.367 11.353 1.272 11.180 0.000 1.193 3.421 4.142 0.752 11.345 1.716 0.540 0.804 0.626 0.000 0.464 2.745 11.498 11.453 11.402 11.396 6.692 11.379 11.365 11.351 5.609 11.304 11.328 0.000 11.342 11.335 0.000 11.173 11.166 0.834 5.148 2.630 11.027 11.037 11.019 5.296 10.974 1.819 10.904 0.937 10.936 10.934 0.000 10.917 10.897 10.859 10.856 0.000 10.898 10.865 10.857 10.850 10.841 10.741 10.730 10.715 10.611 10.585
2.298 11.629 3.379 3.174 11.694 4.625 1.260 11.620 11.605 9.404 11.509 1.273 11.387 1.207 11.314 11.299 3.047 0.594 0.000 0.627 11.446 11.533 11.562 11.596 0.596 2.001 1.628 11.675 2.704 11.634 5.401 11.497 11.483 11.414 11.404 11.390 11.379 11.340 11.317 2.772 11.344 11.357 11.353 11.346 11.337 2.230 11.173 11.154 11.138 11.084 11.078 11.063 11.055 11.004 4.732 10.998 0.000 10.976 10.959 10.953 10.937 10.930 10.918 10.904 2.713 10.908 10.904 10.877 10.868 1.114 10.802 10.789 0.000 5.672 0.000 0.000
2.043 3.898 1.435 1.754 6.177 2.069 0.683 4.165 7.243 6.451 11.361 11.348 1.095 5.193 1.891 5.212 11.248 0.785 0.402 11.219 2.211 11.507 0.228 11.821 11.816 2.900 2.826 9.846 11.536 11.656 11.631 6.465 2.587 11.416 11.392 11.360 11.348 11.322 11.316 3.137 11.357 11.366 11.380 11.371 11.363 11.213 11.206 11.113 11.121 0.000 11.065 11.049 11.045 11.034 11.022 11.004 10.999 10.980 10.972 10.965 10.946 2.920 10.907 10.898 0.000 10.956 10.960 1.518 0.862 10.778 10.789 10.775 0.000 10.458 10.451 10.462
1.255 1.045 11.418 11.434 8.914 1.522 2.566 2.541 1.520 0.492 0.498 11.288 11.279 11.269 11.226 1.021 1.253 11.022 11.048 1.054 0.331 0.000 11.828 11.838 3.934 0.482 0.412 11.679 1.863 11.609 11.579 11.555 11.520 3.309 11.418 11.384 11.354 11.359 2.240 11.338 11.327 0.000 11.389 11.379 0.000 11.204 11.232 11.217 2.132 3.172 8.738 11.042 11.016 11.029 11.026 10.984 11.002 10.969 10.967 10.957 10.949 10.942 10.936 10.871 0.000 10.907 10.973 0.671 0.897 10.766 10.752 10.765 10.718 0.000 0.000 0.000
11.803 0.000 0.000 11.416 11.440 1.955 1.231 1.515 0.000 11.188 11.226 11.243 11.269 11.253 11.239 11.154 0.322 5.501 1.366 0.744 0.317 1.359 3.984 11.861 11.847 0.354 0.279 11.713 11.611 1.428 11.519 4.491 3.739 11.447 11.371 11.348 11.366 11.377 11.348 11.369 1.288 11.450 11.395 11.385 11.378 0.000 11.249 11.236 11.215 11.096 2.821 11.032 11.054 11.047 11.031 11.026 11.007 10.996 10.986 10.975 3.535 10.936 10.898 1.141 0.773 0.000 10.978 10.896 10.886 0.000 1.192 10.754 10.730 10.705 0.000 0.000
0.000 0.000 0.000 0.000 0.000 11.288 0.000 0.000 1.806 11.095 11.182 11.216 11.256 11.239 11.183 11.163 4.887 11.068 0.583 0.799 2.044 3.107 3.126 11.871 6.138 1.358 1.300 11.727 0.643 11.534 11.486 11.476 11.448 11.433 11.365 11.355 11.376 11.383 11.376 11.377 11.385 11.458 9.159 9.162 11.380 11.370 3.271 11.249 11.233 11.192 11.099 1.309 11.093 11.055 11.037 11.032 10.998 10.992 0.000 0.000 10.919 10.922 1.773 11.027 11.035 11.033 11.026 0.000 0.000 0.000 10.743 0.000 7.931 10.676 9.742 9.722
0.000 0.000 0.000 0.000 0.000 0.000 0.000 2.163 10.848 0.346 0.311 11.197 11.243 11.210 11.101 11.115 11.042 0.000 11.683 3.214 11.829 5.429 11.900 11.915 11.892 4.687 11.791 3.911 11.725 1.777 11.534 11.515 9.067 11.412 11.372 1.733 5.262 11.436 6.200 1.908 11.480 11.477 11.470 11.461 11.387 1.021 11.318 1.838 11.227 11.214 11.196 11.126 11.121 11.074 11.045 11.039 10.993 10.986 10.979 10.969 10.923 10.930 11.001 11.011 11.041 11.039 11.030 1.699 10.918 10.876 2.415 0.000 10.625 0.585 10.628 10.609
0.000 0.000 0.000 0.000 0.000 0.000 0.000 0.000 0.000 0.000 0.000 0.000 0.000 0.000 0.000 0.000 0.000 0.000 0.255 0.640 1.811 1.943 11.911 11.926 3.416 2.324 2.279 3.812 2.585 2.909 11.626 3.362 11.480 6.091 11.383 11.376 11.447 11.449 11.382 11.480 11.485 11.487 3.760 3.754 11.380 11.339 11.331 4.987 11.238 0.789 11.147 11.129 11.118 0.000 11.038 0.000 10.986 0.000 0.999 0.999 0.770 10.926 0.000 11.087 11.081 11.073 10.993 10.981 10.926 10.895 10.885 10.844 0.000 10.731 10.588 10.576
0.000 0.000 0.000 0.000 0.000 0.000 0.000 0.433 0.511 3.927 4.822 11.991 11.978 11.939 3.637 0.987 0.863 11.903 11.928 0.000 11.935 11.945 3.771 11.937 2.478 0.296 0.332 0.000 0.000 11.626 11.608 11.591 11.553 11.435 11.423 11.388 11.478 11.471 11.476 1.457 11.496 11.500 11.407 11.408 11.393 11.380 0.675 11.240 11.224 5.883 0.998 11.124 11.113 11.107 0.000 10.752 0.664 4.758 10.885 5.829 7.302 3.838 11.109 11.100 11.088 10.986 10.980 10.944 10.913 10.902 10.890 10.875 1.829 10.741 10.578 10.565
0.000 0.000 0.000 0.000 0.000 0.536 1.525 5.210 4.211 12.219 12.219 4.821 11.987 11.907 1.137 1.238 2.499 11.930 6.427 11.929 1.869 11.953 11.991 12.004 12.016 3.740 3.908 1.500 0.000 0.000 11.592 11.494 11.422 11.425 11.418 11.504 11.497 11.487 11.483 11.519 11.502 11.509 11.500 11.485 0.000 11.361 11.352 1.573 11.266 2.177 11.240 1.758 11.107 11.095 11.088 0.280 1.978 1.933 0.000 0.000 11.098 11.124 11.129 11.106 0.000 10.974 10.964 10.914 0.000 10.891 10.877 0.000 8.397 10.732 10.609 10.602
0.000 0.000 0.000 0.000 0.536 12.073 12.090 12.109 2.384 12.245 12.246 5.800 3.173 11.941 1.416 1.540 12.182 1.922 6.010 2.032 11.978 2.243 11.999 12.009 12.044 11.989 11.970 4.330 11.889 11.878 0.000 11.463 11.453 11.424 11.510 11.522 11.506 10.182 3.243 11.533 5.269 11.519 11.394 11.489 11.480 1.939 11.378 11.384 3.682 11.342 5.149 11.243 0.000 1.789 0.792 1.101 0.000 11.205 11.191 11.168 11.168 11.157 11.135 0.000 10.928 10.935 10.926 0.000 10.880 10.875 0.000 10.928 10.879 0.000 10.707 10.693
0.000 0.000 0.000 0.000 2.071 12.061 12.111 3.942 12.229 12.271 12.279 12.209 3.645 1.212 2.503 1.825 12.195 1.313 12.072 3.048 5.593 12.019 8.041 12.097 12.122 11.977 11.962 11.923 2.804 11.849 11.845 0.174 3.388 9.419 11.521 11.529 11.514 11.682 11.588 11.540 11.565 11.563 11.542 11.530 2.253 11.360 10.237 11.388 11.384 11.348 1.472 11.325 11.332 0.000 11.325 11.318 11.270 11.210 11.203 11.186 11.184 11.167 0.000 10.907 10.917 10.922 0.506 10.893 10.887 0.000 10.954 10.933 10.892 10.745 10.733 10.716
0.000 0.000 0.000 0.567 11.940 3.322 12.120 12.168 2.066 12.293 12.301 12.296 4.174 12.262 12.271 2.981 12.209 12.141 12.093 12.076 3.311 12.031 10.441 3.699 12.145 3.392 3.380 11.949 4.276 11.881 11.856 6.790 0.874 1.784 3.642 11.534 11.693 11.711 11.615 11.585 11.606 11.608 11.549 11.538 11.530 0.000 11.413 11.408 2.434 11.336 11.331 1.079 11.390 11.348 11.334 11.291 11.282 11.223 11.218 11.210 11.192 0.461 10.879 10.889 10.882 1.164 10.931 10.910 10.790 10.965 10.960 10.848 10.883 10.832 0.000 0.000
0.000 0.000 0.000 1.459 12.008 12.031 8.704 12.180 11.843 12.285 7.573 12.304 5.721 12.311 12.307 12.238 12.225 12.209 5.864 12.088 12.037 12.115 12.078 4.780 12.171 12.020 11.997 11.963 11.951 11.885 11.873 11.811 2.467 1.283 0.715 5.972 11.711 11.735 11.629 11.600 11.701 11.626 11.609 11.588 4.602 11.465 11.450 11.408 1.453 11.325 11.337 11.404 11.398 11.287 11.384 11.318 0.888 11.218 11.211 11.200 0.000 10.850 10.870 10.882 1.275 10.957 10.937 0.000 10.999 10.980 1.782 10.869 10.850 0.000 0.000 0.000
0.000 0.000 0.000 11.821 3.779 12.008 3.956 0.000 12.404 12.414 10.922 12.465 12.456 12.327 12.319 4.312 12.289 4.633 4.482 12.105 12.075 12.133 3.696 12.183 12.200 0.318 0.302 3.130 11.939 11.878 11.855 2.461 11.721 11.707 2.824 1.205 3.430 11.776 11.829 11.811 11.742 11.673 2.945 2.888 11.464 11.452 11.419 1.018 11.407 11.413 11.421 11.413 11.239 11.401 11.395 2.168 11.205 11.212 5.175 5.170 10.984 0.000 0.682 1.879 10.999 10.964 9.583 11.022 11.006 10.763 10.919 10.876 10.869 10.836 0.000 0.000
