includes/camargue/floodfiles/results_R2_t1.562344511003E12/res.max
ncols         906
nrows         631
xllcorner     362177.146667
yllcorner     6534725.688020
cellsize      20.000000
NODATA_value  -9999.000000
[rows 544 to 577 of 631, columns 462 to 538 of 906]
5.169 5.197 5.226 5.255 5.284 5.314 5.344 5.374 5.405 5.435 5.465 5.496 5.526 5.587 5.587 5.617 5.647 5.667 5.627 5.588 5.550 5.512 5.473 5.435 5.397 5.358 5.320 5.282 5.243 5.167 5.167 5.199 5.234 5.269 5.304 5.339 5.374 5.409 5.445 5.480 5.515 5.548 5.575 5.603 5.624 5.633 5.633 5.636 5.625 5.614 5.602 5.591 5.579 5.568 5.556 5.545 5.533 5.522 5.532 5.556 5.579 5.626 5.626 5.650 5.673 5.696 5.720 5.743 5.766 5.787 5.808 5.828 5.850 5.871 5.893 5.915 5.936
5.163 5.192 5.220 5.249 5.278 5.308 5.338 5.368 5.399 5.429 5.459 5.490 5.520 5.581 5.581 5.611 5.664 5.699 5.651 5.603 5.562 5.524 5.486 5.447 5.409 5.371 5.332 5.294 5.256 5.179 5.179 5.209 5.244 5.279 5.314 5.350 5.385 5.420 5.455 5.490 5.518 5.545 5.573 5.600 5.621 5.631 5.630 5.635 5.640 5.638 5.627 5.615 5.604 5.592 5.581 5.569 5.558 5.546 5.558 5.582 5.605 5.652 5.652 5.676 5.699 5.722 5.746 5.767 5.787 5.808 5.829 5.849 5.871 5.892 5.914 5.935 5.957
5.157 5.186 5.214 5.243 5.272 5.302 5.332 5.362 5.393 5.423 5.453 5.483 5.514 5.584 5.584 5.638 5.692 5.731 5.683 5.635 5.587 5.539 5.498 5.460 5.422 5.383 5.345 5.306 5.268 5.191 5.191 5.219 5.254 5.290 5.325 5.360 5.395 5.430 5.460 5.488 5.515 5.543 5.570 5.598 5.618 5.628 5.627 5.632 5.637 5.641 5.646 5.640 5.629 5.617 5.606 5.594 5.583 5.571 5.584 5.608 5.631 5.678 5.678 5.702 5.725 5.746 5.767 5.787 5.808 5.829 5.849 5.870 5.892 5.913 5.935 5.956 5.978
5.151 5.180 5.208 5.237 5.266 5.295 5.326 5.356 5.386 5.417 5.447 5.477 5.507 5.612 5.612 5.666 5.720 5.763 5.715 5.667 5.619 5.571 5.523 5.476 5.434 5.395 5.357 5.319 5.280 5.204 5.203 5.229 5.265 5.300 5.335 5.370 5.403 5.430 5.458 5.485 5.513 5.540 5.568 5.595 5.615 5.625 5.625 5.629 5.634 5.638 5.643 5.648 5.652 5.642 5.630 5.619 5.607 5.596 5.610 5.634 5.657 5.704 5.704 5.726 5.747 5.767 5.788 5.809 5.829 5.850 5.871 5.891 5.913 5.934 5.956 5.977 5.999
5.145 5.174 5.202 5.231 5.260 5.289 5.320 5.350 5.380 5.410 5.441 5.478 5.532 5.640 5.640 5.694 5.748 5.795 5.747 5.699 5.651 5.603 5.555 5.508 5.460 5.412 5.369 5.331 5.292 5.216 5.216 5.240 5.275 5.310 5.345 5.373 5.400 5.428 5.455 5.483 5.511 5.538 5.565 5.593 5.612 5.622 5.622 5.626 5.631 5.636 5.640 5.645 5.649 5.654 5.655 5.644 5.632 5.621 5.636 5.660 5.683 5.727 5.726 5.747 5.768 5.788 5.809 5.830 5.850 5.871 5.892 5.912 5.934 5.956 5.977 5.998 6.020
5.139 5.168 5.196 5.225 5.254 5.283 5.313 5.344 5.374 5.404 5.452 5.506 5.560 5.668 5.668 5.722 5.776 5.826 5.779 5.731 5.683 5.635 5.587 5.539 5.492 5.444 5.396 5.348 5.305 5.228 5.228 5.250 5.285 5.315 5.343 5.370 5.398 5.425 5.453 5.480 5.508 5.535 5.563 5.590 5.609 5.619 5.619 5.623 5.628 5.633 5.637 5.642 5.647 5.651 5.656 5.660 5.657 5.645 5.662 5.686 5.706 5.747 5.747 5.768 5.789 5.809 5.830 5.851 5.871 5.892 5.913 5.933 5.955 5.977 5.998 6.020 6.041
5.143 5.162 5.191 5.219 5.248 5.277 5.307 5.337 5.372 5.426 5.480 5.534 5.588 5.696 5.696 5.750 5.804 5.858 5.811 5.763 5.715 5.667 5.619 5.571 5.523 5.475 5.428 5.380 5.332 5.240 5.240 5.258 5.285 5.313 5.340 5.368 5.395 5.423 5.450 5.478 5.505 5.533 5.560 5.588 5.606 5.616 5.616 5.621 5.625 5.630 5.634 5.639 5.643 5.648 5.653 5.657 5.662 5.667 5.686 5.707 5.727 5.768 5.768 5.789 5.810 5.830 5.851 5.872 5.892 5.913 5.934 5.955 5.976 5.998 6.019 6.041 6.062
5.156 5.175 5.195 5.214 5.242 5.271 5.301 5.346 5.400 5.454 5.508 5.562 5.616 5.724 5.724 5.778 5.832 5.885 5.842 5.795 5.747 5.699 5.651 5.603 5.555 5.507 5.459 5.411 5.363 5.287 5.287 5.273 5.283 5.310 5.338 5.365 5.393 5.420 5.448 5.475 5.503 5.530 5.558 5.585 5.603 5.613 5.613 5.617 5.622 5.627 5.631 5.636 5.641 5.645 5.650 5.655 5.682 5.720 5.724 5.727 5.748 5.789 5.789 5.810 5.831 5.851 5.872 5.893 5.913 5.934 5.955 5.976 5.997 6.019 6.040 6.062 6.083
5.169 5.188 5.208 5.227 5.246 5.266 5.320 5.374 5.428 5.482 5.536 5.590 5.644 5.752 5.752 5.805 5.859 5.913 5.874 5.826 5.778 5.731 5.683 5.635 5.587 5.539 5.491 5.443 5.406 5.353 5.353 5.339 5.328 5.318 5.335 5.363 5.390 5.418 5.446 5.473 5.500 5.528 5.555 5.583 5.601 5.610 5.610 5.615 5.619 5.624 5.628 5.633 5.638 5.642 5.663 5.700 5.738 5.776 5.778 5.779 5.779 5.810 5.810 5.831 5.852 5.872 5.893 5.914 5.934 5.955 5.976 5.997 6.018 6.040 6.061 6.083 6.104
5.182 5.202 5.221 5.240 5.266 5.291 5.347 5.402 5.456 5.510 5.564 5.618 5.672 5.779 5.779 5.833 5.887 5.941 5.906 5.858 5.810 5.763 5.715 5.667 5.619 5.571 5.525 5.499 5.472 5.419 5.419 5.405 5.395 5.384 5.373 5.363 5.388 5.415 5.443 5.470 5.498 5.525 5.553 5.580 5.598 5.607 5.607 5.612 5.616 5.621 5.626 5.630 5.643 5.681 5.718 5.756 5.794 5.831 5.833 5.833 5.834 5.835 5.835 5.852 5.873 5.894 5.914 5.935 5.955 5.976 5.997 6.018 6.039 6.061 6.082 6.104 6.126
5.196 5.215 5.240 5.265 5.291 5.317 5.372 5.427 5.482 5.538 5.592 5.645 5.699 5.807 5.807 5.861 5.915 5.969 5.938 5.890 5.842 5.794 5.746 5.698 5.651 5.618 5.592 5.565 5.538 5.486 5.485 5.472 5.461 5.450 5.440 5.429 5.418 5.413 5.440 5.468 5.495 5.523 5.551 5.578 5.595 5.604 5.604 5.609 5.613 5.618 5.624 5.661 5.699 5.737 5.774 5.812 5.850 5.886 5.887 5.887 5.888 5.889 5.889 5.890 5.894 5.915 5.935 5.956 5.977 5.997 6.018 6.039 6.060 6.082 6.104 6.125 6.147
5.214 5.239 5.265 5.290 5.316 5.343 5.398 5.453 5.508 5.563 5.618 5.673 5.727 5.835 5.835 5.889 5.943 5.997 5.970 5.922 5.874 5.826 5.778 5.737 5.711 5.684 5.658 5.631 5.605 5.552 5.552 5.538 5.527 5.517 5.506 5.495 5.485 5.474 5.463 5.466 5.493 5.521 5.548 5.576 5.592 5.602 5.601 5.606 5.611 5.642 5.679 5.717 5.755 5.792 5.830 5.868 5.905 5.941 5.941 5.942 5.942 5.944 5.944 5.944 5.945 5.945 5.956 5.977 5.998 6.018 6.039 6.060 6.082 6.103 6.125 6.147 6.167
5.214 5.239 5.264 5.290 5.315 5.342 5.397 5.453 5.508 5.563 5.618 5.673 5.727 5.835 5.835 5.888 5.942 5.996 5.969 5.921 5.873 5.825 5.778 5.737 5.710 5.684 5.657 5.631 5.604 5.551 5.551 5.537 5.527 5.516 5.505 5.495 5.484 5.473 5.463 5.465 5.493 5.520 5.548 5.575 5.592 5.601 5.601 5.605 5.610 5.641 5.679 5.717 5.754 5.792 5.830 5.867 5.905 5.940 5.941 5.941 5.942 5.943 5.943 5.944 5.944 5.945 5.956 5.977 5.997 6.018 6.039 6.060 6.081 6.103 6.125 6.146 6.167
5.239 5.264 5.289 5.315 5.340 5.368 5.423 5.478 5.533 5.588 5.643 5.699 5.753 5.862 5.862 5.916 5.970 6.024 6.001 5.953 5.905 5.857 5.830 5.803 5.777 5.750 5.723 5.697 5.671 5.618 5.617 5.604 5.593 5.582 5.572 5.561 5.550 5.540 5.529 5.518 5.508 5.518 5.545 5.573 5.589 5.598 5.598 5.622 5.659 5.697 5.735 5.772 5.810 5.848 5.886 5.923 5.961 5.994 5.995 5.996 5.996 5.998 5.998 5.998 5.999 6.000 6.000 6.001 6.018 6.039 6.060 6.081 6.103 6.124 6.146 6.164 6.183
5.263 5.289 5.314 5.339 5.365 5.394 5.449 5.504 5.559 5.614 5.669 5.724 5.779 5.889 5.889 5.944 5.998 6.052 6.033 5.985 5.949 5.923 5.896 5.869 5.843 5.816 5.790 5.763 5.737 5.684 5.684 5.670 5.659 5.649 5.638 5.627 5.617 5.606 5.595 5.585 5.574 5.563 5.553 5.570 5.586 5.640 5.640 5.678 5.715 5.753 5.791 5.828 5.866 5.904 5.941 5.979 6.017 6.049 6.049 6.050 6.051 6.052 6.052 6.053 6.053 6.054 6.055 6.055 6.056 6.060 6.081 6.102 6.124 6.143 6.161 6.180 6.199
5.314 5.339 5.364 5.390 5.415 5.445 5.500 5.556 5.611 5.666 5.721 5.776 5.831 5.941 5.941 5.996 6.051 6.111 6.125 6.109 6.082 6.056 6.029 6.003 5.976 5.950 5.923 5.897 5.870 5.817 5.817 5.803 5.793 5.782 5.771 5.761 5.750 5.739 5.729 5.718 5.707 5.697 5.718 5.743 5.750 5.752 5.752 5.790 5.827 5.865 5.903 5.940 5.978 6.016 6.054 6.091 6.129 6.158 6.159 6.159 6.160 6.161 6.161 6.162 6.163 6.163 6.164 6.164 6.165 6.196 6.252 6.226 6.162 6.175 6.193 6.212 6.231
5.339 5.364 5.389 5.415 5.440 5.471 5.526 5.581 5.636 5.691 5.746 5.802 5.857 5.967 5.967 6.025 6.086 6.147 6.160 6.151 6.141 6.122 6.096 6.069 6.043 6.016 5.990 5.963 5.937 5.884 5.883 5.870 5.859 5.848 5.838 5.827 5.816 5.806 5.795 5.784 5.796 5.822 5.847 5.873 5.879 5.868 5.867 5.861 5.883 5.921 5.959 5.996 6.034 6.072 6.110 6.147 6.185 6.213 6.213 6.214 6.214 6.216 6.216 6.216 6.217 6.217 6.218 6.241 6.297 6.353 6.408 6.376 6.311 6.247 6.209 6.228 6.247
5.364 5.389 5.414 5.439 5.465 5.497 5.552 5.607 5.662 5.717 5.772 5.827 5.882 6.000 6.000 6.061 6.122 6.182 6.195 6.186 6.176 6.167 6.157 6.136 6.109 6.083 6.056 6.030 6.003 5.950 5.950 5.936 5.926 5.915 5.904 5.894 5.883 5.872 5.875 5.900 5.926 5.951 5.977 6.003 6.008 5.996 5.996 5.990 5.984 5.979 6.015 6.053 6.090 6.128 6.166 6.203 6.241 6.267 6.268 6.268 6.269 6.270 6.270 6.271 6.271 6.286 6.342 6.398 6.453 6.509 6.565 6.525 6.461 6.396 6.332 6.268 6.262
5.389 5.414 5.439 5.464 5.490 5.522 5.578 5.633 5.688 5.743 5.798 5.853 5.914 6.036 6.036 6.097 6.157 6.218 6.230 6.221 6.211 6.202 6.192 6.183 6.174 6.149 6.123 6.096 6.070 6.017 6.016 6.003 5.992 5.981 5.971 5.960 5.953 5.979 6.004 6.030 6.056 6.081 6.107 6.133 6.136 6.125 6.125 6.119 6.113 6.108 6.102 6.108 6.146 6.184 6.222 6.259 6.297 6.322 6.322 6.323 6.323 6.325 6.325 6.331 6.387 6.443 6.498 6.554 6.610 6.666 6.722 6.675 6.610 6.546 6.482 6.417 6.353
5.423 5.439 5.464 5.489 5.515 5.548 5.603 5.658 5.713 5.768 5.828 5.889 5.950 6.071 6.071 6.132 6.193 6.254 6.265 6.256 6.246 6.237 6.227 6.218 6.209 6.199 6.189 6.163 6.136 6.083 6.083 6.069 6.059 6.048 6.037 6.057 6.083 6.109 6.134 6.160 6.186 6.211 6.237 6.262 6.265 6.254 6.254 6.248 6.242 6.236 6.230 6.225 6.219 6.240 6.278 6.316 6.353 6.376 6.377 6.377 6.378 6.432 6.432 6.488 6.544 6.599 6.655 6.711 6.767 6.822 6.878 6.825 6.760 6.696 6.631 6.567 6.502
5.469 5.481 5.492 5.514 5.540 5.574 5.629 5.684 5.742 5.803 5.864 5.924 5.985 6.107 6.107 6.168 6.229 6.290 6.300 6.291 6.281 6.272 6.263 6.253 6.244 6.234 6.225 6.215 6.203 6.150 6.149 6.136 6.125 6.136 6.162 6.187 6.213 6.239 6.264 6.290 6.315 6.341 6.367 6.392 6.394 6.383 6.382 6.377 6.371 6.365 6.359 6.354 6.348 6.342 6.337 6.372 6.409 6.431 6.431 6.432 6.477 6.589 6.588 6.644 6.700 6.756 6.812 6.867 6.923 6.979 7.035 6.974 6.910 6.845 6.781 6.716 6.652
5.515 5.527 5.538 5.549 5.565 5.599 5.656 5.717 5.778 5.838 5.899 5.960 6.021 6.143 6.143 6.204 6.264 6.325 6.335 6.326 6.316 6.307 6.298 6.288 6.279 6.269 6.260 6.250 6.241 6.216 6.216 6.215 6.240 6.266 6.291 6.317 6.343 6.369 6.394 6.420 6.445 6.471 6.497 6.522 6.523 6.511 6.511 6.505 6.500 6.494 6.488 6.483 6.477 6.471 6.465 6.460 6.465 6.485 6.522 6.578 6.634 6.745 6.745 6.801 6.857 6.912 6.968 7.024 7.080 7.135 7.188 7.124 7.059 6.995 6.930 6.866 6.801
5.561 5.573 5.584 5.595 5.611 5.643 5.692 5.753 5.813 5.874 5.935 5.996 6.057 6.179 6.179 6.239 6.300 6.361 6.370 6.361 6.351 6.342 6.333 6.323 6.314 6.304 6.295 6.286 6.276 6.295 6.295 6.337 6.370 6.396 6.421 6.447 6.473 6.498 6.524 6.550 6.575 6.601 6.627 6.652 6.652 6.640 6.640 6.634 6.629 6.623 6.617 6.611 6.606 6.600 6.594 6.588 6.592 6.625 6.679 6.734 6.790 6.902 6.902 6.957 7.013 7.069 7.125 7.181 7.236 7.292 7.338 7.273 7.209 7.144 7.080 7.015 6.951
5.608 5.619 5.642 5.682 5.722 5.753 5.771 5.789 5.849 5.910 5.971 6.032 6.093 6.214 6.214 6.275 6.336 6.397 6.405 6.396 6.386 6.377 6.368 6.358 6.349 6.339 6.330 6.321 6.339 6.391 6.391 6.434 6.479 6.524 6.551 6.577 6.603 6.628 6.654 6.680 6.705 6.731 6.757 6.782 6.781 6.769 6.769 6.763 6.758 6.752 6.746 6.740 6.735 6.729 6.730 6.742 6.754 6.789 6.840 6.891 6.947 7.058 7.058 7.114 7.170 7.225 7.281 7.337 7.393 7.448 7.487 7.423 7.358 7.294 7.229 7.165 7.100
5.674 5.714 5.754 5.794 5.834 5.863 5.881 5.899 5.918 5.946 6.006 6.067 6.128 6.250 6.250 6.311 6.372 6.433 6.440 6.431 6.422 6.412 6.403 6.393 6.384 6.374 6.383 6.409 6.435 6.488 6.488 6.530 6.575 6.620 6.665 6.707 6.733 6.758 6.784 6.810 6.835 6.861 6.886 6.912 6.910 6.898 6.898 6.892 6.886 6.881 6.875 6.869 6.868 6.880 6.891 6.903 6.915 6.953 7.004 7.055 7.106 7.215 7.215 7.271 7.326 7.382 7.438 7.494 7.549 7.605 7.637 7.572 7.508 7.443 7.379 7.314 7.250
5.785 5.825 5.865 5.905 5.945 5.973 5.991 6.009 6.028 6.046 6.064 6.103 6.164 6.286 6.286 6.347 6.407 6.468 6.475 6.466 6.457 6.447 6.438 6.428 6.427 6.453 6.479 6.505 6.532 6.584 6.584 6.627 6.672 6.717 6.762 6.807 6.852 6.888 6.914 6.939 6.965 6.991 7.016 7.042 7.038 7.027 7.027 7.021 7.015 7.009 7.006 7.017 7.029 7.041 7.053 7.065 7.077 7.117 7.168 7.219 7.270 7.372 7.372 7.427 7.483 7.539 7.594 7.650 7.706 7.761 7.786 7.722 7.657 7.593 7.528 7.464 7.399
5.897 5.936 5.976 6.016 6.056 6.083 6.101 6.119 6.137 6.156 6.174 6.192 6.211 6.321 6.321 6.382 6.443 6.504 6.510 6.501 6.492 6.482 6.473 6.497 6.523 6.549 6.575 6.602 6.628 6.680 6.680 6.724 6.769 6.814 6.859 6.904 6.949 6.994 7.039 7.069 7.095 7.121 7.146 7.172 7.167 7.156 7.156 7.150 7.144 7.155 7.167 7.179 7.191 7.203 7.215 7.227 7.239 7.282 7.332 7.383 7.434 7.536 7.536 7.587 7.639 7.695 7.751 7.807 7.862 7.918 7.936 7.871 7.807 7.742 7.678 7.613 7.549
6.008 6.048 6.088 6.128 6.168 6.193 6.211 6.229 6.247 6.266 6.284 6.302 6.320 6.357 6.357 6.418 6.479 6.539 6.545 6.536 6.527 6.540 6.567 6.593 6.619 6.645 6.672 6.698 6.724 6.777 6.777 6.821 6.866 6.911 6.956 7.001 7.046 7.091 7.136 7.181 7.225 7.251 7.276 7.302 7.296 7.285 7.285 7.293 7.305 7.317 7.329 7.341 7.353 7.365 7.377 7.389 7.401 7.446 7.497 7.548 7.598 7.700 7.700 7.751 7.802 7.853 7.907 7.963 8.019 8.074 8.085 8.021 7.956 7.892 7.827 7.771 7.729
6.007 6.047 6.087 6.127 6.167 6.192 6.210 6.229 6.247 6.265 6.283 6.302 6.320 6.356 6.356 6.417 6.478 6.539 6.545 6.535 6.526 6.540 6.566 6.592 6.619 6.645 6.671 6.698 6.724 6.776 6.776 6.820 6.865 6.910 6.955 7.000 7.045 7.090 7.135 7.180 7.225 7.250 7.276 7.302 7.296 7.284 7.284 7.293 7.305 7.317 7.329 7.341 7.353 7.365 7.376 7.388 7.400 7.445 7.496 7.547 7.598 7.700 7.700 7.751 7.802 7.853 7.907 7.963 8.018 8.074 8.085 8.021 7.956 7.892 7.827 7.771 7.728
6.119 6.159 6.199 6.239 6.279 6.302 6.320 6.338 6.357 6.375 6.393 6.411 6.430 6.466 6.466 6.484 6.514 6.575 6.580 6.583 6.610 6.636 6.662 6.689 6.715 6.741 6.768 6.794 6.820 6.873 6.872 6.917 6.962 7.007 7.052 7.097 7.142 7.187 7.232 7.277 7.322 7.367 7.406 7.431 7.425 7.443 7.443 7.455 7.467 7.479 7.491 7.503 7.514 7.526 7.538 7.550 7.562 7.610 7.661 7.712 7.762 7.864 7.864 7.915 7.966 8.017 8.068 8.119 8.175 8.231 8.235 8.170 8.106 8.048 8.005 7.963 7.920
6.230 6.270 6.310 6.350 6.390 6.412 6.430 6.448 6.466 6.485 6.503 6.521 6.539 6.576 6.576 6.594 6.613 6.634 6.653 6.680 6.706 6.732 6.758 6.785 6.811 6.837 6.864 6.890 6.916 6.969 6.969 7.014 7.059 7.104 7.149 7.194 7.239 7.284 7.329 7.374 7.419 7.464 7.509 7.555 7.581 7.605 7.605 7.617 7.629 7.641 7.652 7.664 7.676 7.688 7.700 7.712 7.724 7.774 7.825 7.876 7.927 8.028 8.028 8.079 8.130 8.181 8.232 8.283 8.334 8.387 8.385 8.325 8.282 8.240 8.197 8.154 8.111
6.453 6.493 6.533 6.573 6.613 6.632 6.650 6.669 6.687 6.705 6.723 6.741 6.760 6.811 6.811 6.876 6.942 7.008 7.006 6.981 6.957 6.932 6.951 6.978 7.004 7.030 7.057 7.083 7.109 7.163 7.162 7.207 7.253 7.298 7.343 7.388 7.433 7.478 7.523 7.568 7.615 7.661 7.708 7.755 7.806 7.908 7.907 7.940 7.953 7.964 7.976 7.988 8.000 8.012 8.024 8.036 8.052 8.103 8.154 8.204 8.255 8.357 8.357 8.408 8.459 8.510 8.561 8.607 8.631 8.655 8.671 8.682 8.666 8.623 8.580 8.537 8.495
6.565 6.605 6.645 6.685 6.724 6.742 6.760 6.778 6.797 6.815 6.833 6.851 6.870 6.997 6.997 7.063 7.129 7.194 7.195 7.170 7.146 7.121 7.097 7.074 7.100 7.127 7.153 7.179 7.205 7.259 7.259 7.304 7.349 7.394 7.439 7.484 7.529 7.575 7.621 7.668 7.714 7.761 7.808 7.855 7.906 8.008 8.008 8.058 8.109 8.126 8.138 8.150 8.162 8.174 8.186 8.198 8.216 8.267 8.318 8.369 8.420 8.521 8.521 8.572 8.623 8.669 8.694 8.718 8.742 8.767 8.781 8.792 8.804 8.815 8.772 8.729 8.686
6.676 6.716 6.756 6.796 6.833 6.851 6.870 6.888 6.906 6.925 6.943 6.987 7.052 7.184 7.184 7.250 7.315 7.381 7.384 7.359 7.335 7.310 7.286 7.261 7.237 7.223 7.249 7.275 7.302 7.356 7.356 7.401 7.446 7.491 7.536 7.581 7.628 7.674 7.721 7.767 7.814 7.861 7.907 7.955 8.006 8.108 8.107 8.158 8.209 8.260 8.300 8.312 8.324 8.336 8.348 8.359 8.380 8.431 8.482 8.533 8.584 8.686 8.686 8.732 8.756 8.781 8.805 8.829 8.854 8.878 8.891 8.903 8.914 8.925 8.936 8.921 8.878
