includes/camargue/floodfiles/results_R2_t1.562344511003E12/res.max
ncols         906
nrows         631
xllcorner     362177.146667
yllcorner     6534725.688020
cellsize      20.000000
NODATA_value  -9999.000000
[rows 510 to 543 of 631, columns 231 to 307 of 906]
5.126 5.172 5.262 5.262 5.315 5.369 5.422 5.476 5.530 5.567 5.577 5.587 5.598 5.608 5.618 5.651 5.683 5.715 5.779 5.779 5.810 5.840 5.870 5.900 5.930 5.960 5.982 6.002 6.023 6.044 6.065 6.086 6.040 5.983 5.870 5.870 5.813 5.757 5.700 5.677 5.662 5.646 5.630 5.603 5.559 5.514 5.470 5.447 5.447 5.447 5.446 5.446 5.446 5.445 5.430 5.393 5.356 5.318 5.281 5.243 5.206 5.214 5.232 5.250 5.268 5.286 5.246 5.246 5.094 5.019 4.943 4.867 4.791 4.747 4.745 4.744 4.742
5.248 5.293 5.384 5.384 5.429 5.474 5.520 5.568 5.622 5.660 5.671 5.689 5.721 5.753 5.785 5.817 5.849 5.882 5.946 5.946 5.977 6.007 6.037 6.067 6.097 6.127 6.157 6.187 6.217 6.240 6.261 6.282 6.230 6.174 6.083 6.083 6.067 6.052 6.036 6.021 6.005 5.989 5.974 5.945 5.901 5.857 5.812 5.768 5.724 5.679 5.646 5.646 5.646 5.645 5.636 5.599 5.561 5.524 5.516 5.534 5.552 5.570 5.588 5.606 5.624 5.642 5.617 5.617 5.465 5.390 5.314 5.238 5.162 5.087 5.011 4.935 4.859
5.309 5.354 5.445 5.445 5.490 5.535 5.580 5.625 5.671 5.708 5.740 5.772 5.804 5.837 5.869 5.901 5.933 5.965 6.029 6.029 6.061 6.091 6.121 6.150 6.181 6.211 6.241 6.271 6.301 6.331 6.358 6.379 6.325 6.286 6.255 6.255 6.239 6.224 6.208 6.192 6.177 6.161 6.145 6.117 6.072 6.028 5.983 5.939 5.895 5.850 5.806 5.806 5.745 5.745 5.739 5.701 5.664 5.675 5.693 5.711 5.730 5.748 5.766 5.784 5.802 5.820 5.802 5.802 5.651 5.575 5.499 5.423 5.347 5.272 5.196 5.120 5.044
5.369 5.415 5.505 5.505 5.550 5.596 5.641 5.686 5.763 5.819 5.824 5.856 5.888 5.920 5.952 5.984 6.016 6.048 6.113 6.113 6.144 6.174 6.204 6.234 6.264 6.294 6.324 6.354 6.384 6.414 6.444 6.477 6.473 6.458 6.427 6.426 6.411 6.395 6.379 6.364 6.348 6.332 6.317 6.288 6.243 6.199 6.155 6.110 6.066 6.021 5.977 5.977 5.888 5.845 5.841 5.817 5.835 5.853 5.871 5.889 5.908 5.926 5.944 5.962 5.980 5.998 5.987 5.987 5.836 5.760 5.684 5.609 5.533 5.457 5.381 5.305 5.230
5.430 5.475 5.566 5.566 5.611 5.656 5.724 5.808 5.893 5.946 5.950 5.954 5.971 6.003 6.035 6.067 6.099 6.132 6.196 6.196 6.227 6.257 6.287 6.317 6.347 6.377 6.407 6.437 6.467 6.499 6.537 6.575 6.607 6.629 6.598 6.598 6.582 6.567 6.551 6.535 6.520 6.504 6.488 6.459 6.414 6.370 6.326 6.281 6.237 6.192 6.148 6.148 6.059 6.015 5.959 5.995 6.013 6.031 6.049 6.067 6.085 6.104 6.122 6.140 6.158 6.176 6.173 6.173 6.021 5.945 5.870 5.794 5.718 5.642 5.566 5.491 5.415
5.491 5.536 5.627 5.626 5.684 5.769 5.854 5.938 6.023 6.072 6.076 6.081 6.085 6.089 6.118 6.151 6.183 6.215 6.279 6.279 6.310 6.340 6.370 6.400 6.430 6.460 6.490 6.521 6.559 6.598 6.636 6.674 6.706 6.738 6.770 6.770 6.754 6.738 6.723 6.707 6.691 6.676 6.660 6.630 6.585 6.541 6.497 6.452 6.408 6.364 6.319 6.319 6.220 6.154 6.090 6.134 6.177 6.209 6.227 6.245 6.263 6.281 6.300 6.318 6.336 6.354 6.358 6.358 6.207 6.131 6.055 5.979 5.903 5.828 5.752 5.676 5.600
5.551 5.597 5.730 5.729 5.814 5.899 5.983 6.068 6.153 6.198 6.203 6.207 6.212 6.216 6.220 6.234 6.266 6.298 6.363 6.362 6.394 6.424 6.454 6.484 6.514 6.544 6.581 6.620 6.658 6.697 6.735 6.773 6.805 6.837 6.901 6.901 6.925 6.910 6.894 6.878 6.863 6.847 6.832 6.801 6.757 6.712 6.668 6.623 6.579 6.535 6.486 6.486 6.353 6.287 6.220 6.264 6.308 6.352 6.396 6.423 6.441 6.459 6.477 6.496 6.514 6.532 6.543 6.543 6.392 6.316 6.240 6.164 6.088 6.013 5.937 5.861 5.775
5.612 5.690 5.860 5.859 5.944 6.029 6.113 6.198 6.283 6.325 6.329 6.334 6.338 6.342 6.347 6.351 6.356 6.382 6.446 6.446 6.477 6.507 6.537 6.567 6.603 6.642 6.680 6.719 6.757 6.796 6.834 6.872 6.904 6.936 7.000 6.999 7.031 7.063 7.066 7.050 7.034 7.019 7.003 6.972 6.927 6.883 6.839 6.794 6.750 6.685 6.619 6.618 6.486 6.420 6.353 6.395 6.439 6.482 6.526 6.570 6.614 6.637 6.655 6.673 6.692 6.710 6.728 6.728 6.577 6.501 6.425 6.350 6.274 6.198 6.111 6.024 5.936
5.735 5.820 5.990 5.989 6.074 6.159 6.243 6.328 6.413 6.451 6.456 6.460 6.464 6.469 6.473 6.478 6.482 6.486 6.529 6.529 6.560 6.590 6.625 6.664 6.702 6.741 6.779 6.818 6.856 6.895 6.934 6.971 7.003 7.035 7.098 7.098 7.130 7.162 7.194 7.222 7.206 7.190 7.175 7.143 7.099 7.054 7.010 6.951 6.885 6.818 6.752 6.751 6.619 6.553 6.486 6.525 6.569 6.613 6.657 6.701 6.744 6.788 6.832 6.851 6.870 6.888 6.906 6.906 6.762 6.686 6.611 6.535 6.447 6.360 6.273 6.185 6.098
5.865 5.950 6.119 6.119 6.204 6.289 6.373 6.458 6.543 6.577 6.582 6.586 6.591 6.595 6.600 6.604 6.608 6.613 6.622 6.622 6.647 6.686 6.724 6.763 6.802 6.840 6.879 6.917 6.956 6.994 7.033 7.070 7.102 7.134 7.197 7.197 7.229 7.261 7.293 7.324 7.356 7.362 7.346 7.314 7.270 7.217 7.150 7.084 7.017 6.951 6.885 6.884 6.752 6.686 6.619 6.656 6.700 6.744 6.787 6.831 6.875 6.919 6.963 7.007 7.047 7.066 7.084 7.084 6.948 6.871 6.784 6.696 6.609 6.521 6.434 6.346 6.259
6.055 6.084 6.249 6.249 6.334 6.419 6.503 6.588 6.673 6.704 6.708 6.713 6.717 6.721 6.726 6.730 6.735 6.739 6.744 6.744 6.759 6.785 6.823 6.862 6.901 6.939 6.978 7.016 7.055 7.093 7.132 7.169 7.201 7.232 7.296 7.296 7.328 7.360 7.391 7.423 7.455 7.487 7.518 7.482 7.416 7.349 7.283 7.217 7.150 7.084 7.018 7.017 6.885 6.819 6.752 6.787 6.830 6.874 6.918 6.962 7.006 7.050 7.093 7.137 7.181 7.225 7.262 7.262 7.120 7.032 6.945 6.858 6.770 6.683 6.595 6.508 6.420
6.265 6.294 6.379 6.379 6.464 6.549 6.633 6.718 6.803 6.830 6.835 6.839 6.843 6.848 6.852 6.857 6.860 6.862 6.865 6.865 6.881 6.904 6.927 6.961 7.000 7.038 7.077 7.115 7.154 7.192 7.231 7.267 7.299 7.331 7.395 7.395 7.427 7.459 7.490 7.522 7.554 7.586 7.591 7.585 7.549 7.483 7.416 7.350 7.283 7.217 7.151 7.151 7.018 6.952 6.885 6.917 6.961 7.005 7.049 7.092 7.136 7.180 7.224 7.268 7.312 7.356 7.330 7.330 7.281 7.194 7.106 7.019 6.932 6.844 6.757 6.669 6.582
6.475 6.505 6.564 6.563 6.594 6.679 6.763 6.848 6.933 6.957 6.961 6.966 6.970 6.974 6.978 6.979 6.981 6.983 6.986 6.986 7.003 7.026 7.049 7.072 7.099 7.137 7.176 7.214 7.253 7.291 7.330 7.366 7.398 7.430 7.494 7.494 7.526 7.557 7.589 7.621 7.629 7.634 7.638 7.632 7.618 7.605 7.549 7.483 7.417 7.350 7.284 7.284 7.151 7.085 7.018 7.048 7.092 7.135 7.179 7.223 7.267 7.311 7.355 7.399 7.401 7.367 7.333 7.333 7.360 7.355 7.268 7.180 7.093 7.005 6.918 6.830 6.743
6.686 6.715 6.774 6.774 6.803 6.832 6.893 6.978 7.063 7.083 7.088 7.092 7.096 7.097 7.099 7.100 7.102 7.103 7.106 7.106 7.125 7.148 7.171 7.194 7.217 7.240 7.275 7.313 7.352 7.391 7.429 7.465 7.497 7.529 7.593 7.593 7.624 7.656 7.668 7.672 7.677 7.681 7.686 7.678 7.665 7.652 7.639 7.616 7.549 7.483 7.417 7.417 7.284 7.218 7.151 7.178 7.222 7.266 7.310 7.354 7.398 7.441 7.472 7.438 7.404 7.370 7.336 7.336 7.362 7.384 7.405 7.342 7.254 7.167 7.079 6.992 6.904
6.685 6.715 6.774 6.773 6.803 6.832 6.893 6.978 7.062 7.083 7.087 7.092 7.095 7.097 7.098 7.100 7.101 7.103 7.106 7.106 7.125 7.148 7.171 7.194 7.217 7.240 7.275 7.313 7.352 7.390 7.429 7.465 7.497 7.529 7.592 7.592 7.624 7.656 7.667 7.672 7.676 7.681 7.685 7.678 7.665 7.652 7.639 7.616 7.549 7.483 7.417 7.416 7.284 7.218 7.151 7.178 7.222 7.266 7.310 7.354 7.397 7.441 7.471 7.437 7.404 7.370 7.336 7.336 7.362 7.383 7.405 7.341 7.254 7.166 7.079 6.991 6.904
6.896 6.925 6.984 6.984 7.013 7.042 7.072 7.108 7.192 7.209 7.213 7.214 7.216 7.218 7.219 7.221 7.222 7.224 7.227 7.227 7.247 7.270 7.293 7.316 7.339 7.362 7.385 7.412 7.451 7.489 7.528 7.564 7.596 7.627 7.691 7.691 7.706 7.710 7.715 7.719 7.724 7.728 7.732 7.725 7.712 7.699 7.686 7.673 7.660 7.616 7.550 7.549 7.417 7.351 7.284 7.309 7.353 7.397 7.440 7.484 7.528 7.508 7.474 7.441 7.407 7.373 7.339 7.339 7.363 7.385 7.407 7.428 7.415 7.328 7.240 7.153 7.065
7.106 7.135 7.194 7.194 7.223 7.253 7.282 7.311 7.339 7.332 7.334 7.335 7.337 7.338 7.340 7.341 7.343 7.344 7.347 7.347 7.369 7.392 7.415 7.438 7.461 7.484 7.507 7.530 7.553 7.588 7.627 7.663 7.694 7.726 7.749 7.748 7.753 7.757 7.762 7.766 7.771 7.775 7.780 7.772 7.759 7.746 7.733 7.720 7.707 7.694 7.681 7.680 7.550 7.484 7.417 7.439 7.483 7.527 7.571 7.579 7.545 7.511 7.477 7.444 7.410 7.376 7.342 7.342 7.365 7.387 7.409 7.430 7.452 7.474 7.401 7.314 7.227
7.527 7.556 7.615 7.615 7.641 7.664 7.687 7.710 7.729 7.680 7.632 7.584 7.579 7.580 7.582 7.583 7.584 7.586 7.591 7.590 7.613 7.636 7.659 7.682 7.705 7.728 7.751 7.774 7.797 7.820 7.864 7.841 7.830 7.834 7.843 7.843 7.848 7.852 7.857 7.861 7.866 7.870 7.875 7.866 7.853 7.840 7.827 7.814 7.801 7.788 7.775 7.775 7.749 7.736 7.684 7.701 7.687 7.653 7.619 7.585 7.552 7.518 7.484 7.450 7.416 7.382 7.348 7.348 7.369 7.391 7.412 7.434 7.456 7.477 7.499 7.521 7.543
7.737 7.767 7.815 7.815 7.838 7.861 7.884 7.907 7.919 7.871 7.823 7.775 7.726 7.701 7.702 7.704 7.705 7.707 7.713 7.712 7.735 7.758 7.781 7.804 7.827 7.850 7.873 7.896 7.945 8.025 8.105 8.069 7.952 7.882 7.891 7.891 7.895 7.900 7.904 7.908 7.913 7.917 7.922 7.913 7.899 7.887 7.874 7.861 7.848 7.835 7.822 7.821 7.796 7.782 7.805 7.724 7.690 7.656 7.622 7.588 7.555 7.521 7.487 7.453 7.419 7.385 7.351 7.351 7.371 7.392 7.414 7.436 7.457 7.479 7.501 7.523 7.551
7.943 7.966 8.012 8.012 8.035 8.058 8.081 8.104 8.110 8.062 8.013 7.965 7.917 7.869 7.823 7.824 7.826 7.827 7.835 7.834 7.857 7.880 7.903 7.926 7.949 7.972 8.025 8.106 8.186 8.266 8.347 8.297 8.179 8.062 7.938 7.938 7.942 7.947 7.951 7.956 7.960 7.965 7.969 7.959 7.946 7.933 7.920 7.907 7.895 7.881 7.869 7.868 7.862 7.928 7.993 7.907 7.766 7.659 7.625 7.591 7.558 7.524 7.490 7.456 7.422 7.388 7.354 7.354 7.373 7.394 7.416 7.438 7.459 7.481 7.503 7.553 7.629
8.140 8.163 8.209 8.209 8.232 8.255 8.277 8.300 8.301 8.252 8.204 8.156 8.108 8.059 8.011 7.963 7.947 7.948 7.957 7.956 7.979 8.002 8.025 8.048 8.106 8.186 8.267 8.347 8.427 8.508 8.588 8.525 8.407 8.289 8.054 8.054 7.990 7.994 7.999 8.003 8.008 8.012 8.016 8.006 7.993 7.980 7.967 7.954 7.941 7.928 7.919 7.918 8.050 8.116 8.182 8.097 7.956 7.816 7.675 7.594 7.561 7.527 7.493 7.459 7.425 7.391 7.357 7.357 7.374 7.396 7.418 7.439 7.461 7.483 7.554 7.630 7.706
8.336 8.359 8.405 8.405 8.428 8.451 8.474 8.497 8.491 8.443 8.395 8.347 8.298 8.250 8.202 8.154 8.105 8.069 8.079 8.079 8.101 8.124 8.186 8.267 8.347 8.427 8.508 8.588 8.669 8.749 8.830 8.753 8.635 8.517 8.282 8.282 8.164 8.046 8.046 8.050 8.055 8.059 8.064 8.053 8.040 8.027 8.014 8.001 7.988 8.041 8.107 8.107 8.239 8.305 8.370 8.287 8.146 8.006 7.865 7.724 7.584 7.530 7.496 7.462 7.428 7.394 7.360 7.360 7.376 7.398 7.419 7.441 7.480 7.556 7.632 7.708 7.784
8.533 8.556 8.602 8.602 8.625 8.648 8.671 8.694 8.682 8.634 8.586 8.537 8.489 8.441 8.393 8.344 8.296 8.248 8.201 8.201 8.267 8.347 8.428 8.508 8.588 8.669 8.749 8.830 8.910 8.991 9.071 8.981 8.863 8.745 8.510 8.510 8.392 8.274 8.156 8.098 8.102 8.107 8.111 8.100 8.087 8.074 8.061 8.098 8.164 8.230 8.296 8.295 8.427 8.493 8.559 8.477 8.336 8.196 8.055 7.914 7.774 7.633 7.499 7.465 7.431 7.397 7.363 7.363 7.378 7.400 7.421 7.482 7.558 7.634 7.710 7.786 7.862
8.740 8.753 8.799 8.799 8.822 8.845 8.868 8.891 8.873 8.824 8.776 8.728 8.680 8.631 8.583 8.535 8.487 8.439 8.443 8.443 8.508 8.589 8.669 8.749 8.830 8.910 8.991 9.071 9.152 9.232 9.312 9.209 9.091 8.973 8.738 8.738 8.620 8.502 8.384 8.266 8.149 8.154 8.158 8.147 8.134 8.155 8.221 8.287 8.352 8.418 8.484 8.484 8.616 8.682 8.747 8.667 8.526 8.385 8.245 8.104 7.963 7.823 7.682 7.542 7.434 7.400 7.366 7.366 7.380 7.408 7.484 7.559 7.635 7.711 7.787 7.863 7.939
8.954 8.965 8.996 8.995 9.018 9.041 9.064 9.087 9.063 9.015 8.967 8.919 8.870 8.822 8.774 8.737 8.724 8.710 8.723 8.722 8.774 8.830 8.910 8.991 9.071 9.152 9.232 9.312 9.393 9.473 9.554 9.437 9.319 9.201 8.966 8.966 8.848 8.730 8.612 8.494 8.377 8.259 8.206 8.212 8.278 8.343 8.409 8.475 8.541 8.607 8.673 8.672 8.804 8.870 8.936 8.857 8.716 8.575 8.435 8.294 8.153 8.013 7.872 7.732 7.591 7.450 7.369 7.369 7.409 7.485 7.561 7.637 7.713 7.789 7.865 7.941 8.017
9.169 9.180 9.201 9.201 9.215 9.238 9.261 9.284 9.254 9.206 9.158 9.109 9.061 9.036 9.023 9.009 8.996 8.982 9.002 9.002 9.054 9.105 9.156 9.232 9.313 9.393 9.473 9.554 9.634 9.715 9.783 9.665 9.547 9.429 9.194 9.194 9.076 8.958 8.840 8.722 8.604 8.480 8.320 8.400 8.466 8.532 8.598 8.664 8.729 8.795 8.861 8.861 8.993 9.059 9.124 9.046 8.906 8.765 8.624 8.484 8.343 8.203 8.062 7.921 7.781 7.640 7.499 7.499 7.487 7.563 7.639 7.715 7.791 7.866 7.942 8.018 8.094
9.384 9.394 9.416 9.416 9.427 9.437 9.458 9.481 9.445 9.397 9.348 9.335 9.321 9.308 9.294 9.281 9.268 9.254 9.282 9.282 9.333 9.385 9.436 9.488 9.554 9.634 9.715 9.795 9.876 9.956 10.011 9.893 9.775 9.657 9.422 9.422 9.304 9.186 9.068 8.943 8.783 8.623 8.469 8.556 8.643 8.720 8.786 8.852 8.918 8.984 9.050 9.049 9.181 9.247 9.313 9.236 9.096 8.955 8.814 8.674 8.533 8.393 8.252 8.111 7.971 7.839 7.715 7.715 7.658 7.681 7.716 7.792 7.868 7.944 8.020 8.096 8.172
9.598 9.609 9.631 9.631 9.642 9.652 9.663 9.678 9.647 9.634 9.620 9.607 9.593 9.580 9.566 9.553 9.539 9.526 9.562 9.562 9.613 9.664 9.716 9.767 9.819 9.876 9.956 10.037 10.117 10.197 10.239 10.121 10.003 9.885 9.650 9.649 9.532 9.406 9.246 9.086 8.926 8.767 8.625 8.712 8.799 8.887 8.974 9.040 9.106 9.172 9.238 9.238 9.370 9.436 9.502 9.426 9.286 9.145 9.004 8.864 8.723 8.582 8.442 8.303 8.179 8.055 7.931 7.931 7.860 7.883 7.906 7.930 7.953 8.022 8.098 8.173 8.249
9.813 9.824 9.846 9.845 9.856 9.867 9.828 9.777 9.919 9.906 9.892 9.879 9.865 9.852 9.838 9.825 9.811 9.798 9.841 9.841 9.893 9.944 9.996 10.047 10.098 10.150 10.201 10.278 10.358 10.439 10.467 10.349 10.231 10.113 9.869 9.868 9.709 9.549 9.389 9.229 9.070 8.910 8.781 8.868 8.955 9.042 9.130 9.217 9.295 9.361 9.427 9.426 9.558 9.624 9.690 9.616 9.475 9.335 9.194 9.053 8.913 8.772 8.643 8.519 8.395 8.272 8.148 8.148 8.063 8.086 8.109 8.132 8.155 8.178 8.201 8.251 8.327
10.028 10.039 10.057 10.057 9.995 9.933 9.871 9.853 10.001 10.150 10.164 10.150 10.137 10.123 10.110 10.096 10.083 10.069 10.121 10.121 10.172 10.224 10.275 10.327 10.378 10.430 10.481 10.533 10.600 10.680 10.695 10.577 10.459 10.331 10.012 10.012 9.852 9.692 9.533 9.373 9.213 9.053 8.937 9.024 9.111 9.198 9.285 9.373 9.460 9.547 9.615 9.615 9.747 9.813 9.879 9.806 9.665 9.525 9.384 9.243 9.107 8.983 8.860 8.736 8.612 8.488 8.364 8.364 8.265 8.288 8.311 8.334 8.357 8.381 8.404 8.427 8.450
10.028 10.038 10.057 10.056 9.995 9.933 9.871 9.853 10.001 10.149 10.164 10.150 10.137 10.123 10.110 10.096 10.083 10.069 10.121 10.121 10.172 10.224 10.275 10.326 10.378 10.429 10.481 10.532 10.600 10.680 10.694 10.576 10.458 10.331 10.012 10.011 9.852 9.692 9.532 9.373 9.213 9.053 8.937 9.024 9.111 9.198 9.285 9.372 9.459 9.547 9.615 9.615 9.746 9.812 9.878 9.805 9.665 9.524 9.383 9.243 9.107 8.983 8.859 8.735 8.611 8.488 8.364 8.363 8.265 8.288 8.311 8.334 8.357 8.380 8.403 8.426 8.449
10.242 10.224 10.100 10.100 10.038 9.976 9.914 9.929 10.077 10.226 10.374 10.422 10.408 10.395 10.382 10.368 10.354 10.341 10.401 10.400 10.452 10.503 10.555 10.606 10.658 10.709 10.761 10.812 10.864 10.921 10.922 10.794 10.634 10.474 10.155 10.155 9.995 9.835 9.676 9.516 9.356 9.196 9.092 9.180 9.267 9.354 9.441 9.528 9.615 9.702 9.790 9.789 9.935 10.001 10.067 9.995 9.855 9.714 9.573 9.447 9.323 9.199 9.075 8.952 8.828 8.704 8.580 8.580 8.467 8.490 8.513 8.536 8.560 8.583 8.606 8.629 8.652
10.329 10.267 10.144 10.143 10.082 10.020 9.958 10.006 10.154 10.302 10.450 10.599 10.680 10.667 10.653 10.640 10.626 10.613 10.680 10.680 10.731 10.783 10.834 10.886 10.937 10.989 11.040 11.092 11.143 11.093 11.062 10.937 10.777 10.618 10.298 10.298 10.138 9.979 9.819 9.659 9.499 9.340 9.248 9.335 9.423 9.510 9.597 9.684 9.771 9.858 9.945 9.945 10.120 10.189 10.255 10.185 10.044 9.911 9.787 9.663 9.539 9.416 9.292 9.168 9.044 8.920 8.796 8.796 8.670 8.693 8.716 8.739 8.762 8.785 8.808 8.831 8.854
10.416 10.354 10.231 10.231 10.169 10.107 10.045 10.158 10.307 10.455 10.603 10.751 10.900 11.048 11.196 11.184 11.170 11.157 11.240 11.240 11.291 11.343 11.394 11.446 11.368 11.213 11.058 10.902 10.747 10.592 10.616 10.715 10.814 10.905 10.585 10.585 10.425 10.266 10.106 9.946 9.786 9.627 9.560 9.648 9.735 9.822 9.909 9.996 10.083 10.171 10.258 10.257 10.432 10.519 10.484 10.511 10.467 10.344 10.220 10.096 9.972 9.849 9.725 9.601 9.477 9.353 9.229 9.229 9.075 9.098 9.121 9.144 9.167 9.190 9.213 9.236 9.260
