includes/Oleron/zone_etude/mnt_corrige.asc
ncols         631
nrows         906
xllcorner     364927.14666668
yllcorner     6531972.5655556
cellsize      20
NODATA_value  -9999
[rows 360 to 404 of 906, columns 384 to 479 of 631]
3.52 2.5 1.43 1.51 4.08 2.57 2.47 3.5 1.26 4.13 3.07 3.03 3.12 3.18 3.12 2.56 2.66 3.13 3.32 2.86 2.74 3.54 4.14 4.9 5.4 4.08 4.38 5.06 5.29 5.09 4.84 4.61 4.95 5.28 4.98 3.7173 1.94 0.99 1.09 1.08 1.29 0.34 -0 0.92 1.57 1.11 0.98 1.01 0.93 0.97 0.92 0.92 0.71 0.77 0.79 0.85 0.72 0.69 0.71 0.73 0.72 0.62 0.5 0.51 0.3 0.59 0.52 0.56 0.61 0.54 0.51 0.52 0.48 0.5 0.44 0.37 0.52 0.52 0.38 0.38 0.47 0.6 0.44 0.42 0.4 0.52 0.5 0.48 0.38 0.49 0.39 0.42 0.49 0.27 0.37 0.34
3.11 3.09 3.56 1.53 1.45 2.53 4.13 3.42 0.87 3.5 3.01 3.42 3.59 3.3 3.19 2.9 2.59 2.84 3.19 3.61 2.82 2.83 4.27 4.71 5.12 4.74 4.01 4.45 4.99 4.9 4.78 5.15 4.73 4.85 4.92 3.7173 3.7173 1.73 2.07 0.85 -0 0.67 2.04 1.9 1.8 1.18 1.1 1.23 1.13 1.09 0.99 0.83 0.85 0.81 0.85 0.73 0.89 0.76 0.81 0.71 0.69 0.68 0.61 0.6 0.74 0.62 0.59 0.26 0.61 0.57 0.6 0.58 0.53 0.57 0.5 0.43 0.55 0.45 0.41 0.35 0.51 0.58 0.63 0.58 0.48 0.52 0.49 0.49 0.52 0.33 0.45 0.48 0.39 0.32 0.4 0.3
2.89 2.81 2.97 3.13 2.74 1.42 1.52 2.76 1.98 3.69 2.79 2.7 2.83 2.78 3.49 3.23 3.22 3.15 2.92 2.51 3.53 3.63 3.86 4.52 4.81 5.36 4.08 4.18 5.25 5.19 4.78 4.71 4.98 4.74 4.85 4.88 3.7173 2.65 -0 4.50382 4.50382 4.50382 2.24 1.6 1.63 1.25 1.13 1.2 1.27 1.03 0.83 0.98 0.87 0.82 0.74 0.87 0.75 0.86 0.3 0.68 0.72 0.15 0.84 0.6 0.78 0.59 0.77 0.8 0.53 0.66 0.59 0.54 0.63 0.51 0.46 0.56 0.62 0.5 0.54 0.51 0.33 0.49 0.48 0.57 0.66 0.47 0.54 0.58 0.36 0.38 0.38 0.49 0.43 0.36 0.42 0.38
2.84 3.36 2.82 2.28 3.14 3.63 2.54 3.05 2.7 2.9 2.65 2.72 2.8 2.69 2.88 2.71 2.76 3.14 3.27 2.86 2.86 3.47 3.61 4.34 4.52 4.98 4.93 3.87 4.77 5 4.6 4.73 4.86 5.16 5.27 4.98 1.14 0.23 2.92 2.32 2.2 4.50382 2.17 2.14 1.44 1.21 1.38 1.32 1.08 1 0.92 0.97 0.84 0.87 0.71 0.75 0.89 0.64 0.74 0.85 0.89 0.83 0.77 0.67 0.79 0.67 0.78 0.6 0.65 0.59 0.59 0.61 0.56 0.52 0.45 0.54 0.52 0.46 0.53 0.53 0.4 0.54 0.63 0.65 0.53 0.52 0.49 0.53 0.43 0.42 0.4 0.52 0.48 0.43 0.44 0.28
3.47 2.97 3.14 2.75 3.52 2.34 2.34 3.26 3.28 3.04 0.57 3.19 1.77 3.06 3.01 2.89 3.15 3 2.97 2.85 2.65 3.75 3.48 4.32 4.26 4.41 5.36 4.35 4.45 4.7 4.65 4.63 4.77 4.66 4.26 -0 1.64 4.09 2.17 2.16 2.28 4.50382 4.50382 1.64 1.45 1.46 1.31 1.3 1.04 1.08 0.96 0.86 0.92 0.94 0.95 0.83 0.74 0.83 0.83 0.66 0.95 0.79 0.56 0.78 0.78 0.65 0.72 0.67 0.68 0.65 0.52 0.57 0.54 0.59 0.62 0.57 0.56 0.61 0.6 0.6 0.51 0.57 0.51 0.69 0.6 0.53 0.58 0.31 0.51 0.48 0.55 0.27 0.27 0.21 0.32 0.36
2.09 2.08 3.13 1.88 2.86 1.88 3.05 3.06 3.3 1.04 3.21 0.91 0.87 2.95 1.97 2.35 3.05 3.12 2.98 2.76 2.75 3.46 3.21 4.29 4.32 4.58 4.73 5 4.49 4.04 4.64 5.3 4.77 3.66 0.24 2.89 4.13 2.32 2.06 2.1 2.18 1.96 4.50382 1.76 1.4 1.33 1.24 1.32 1.07 1.02 0.97 1.03 0.83 0.88 0.96 0.73 0.54 0.84 0.87 1.02 0.94 0.71 0.86 0.76 0.78 0.77 0.69 0.76 0.64 0.62 0.64 0.69 0.69 0.64 0.65 0.53 0.54 0.47 0.56 0.62 0.58 0.59 0.57 0.52 0.63 0.56 0.61 0.56 0.57 0.52 0.49 0.5 0.42 0.34 0.3 0.24
2.96 2.6 2.04 3.02 2.29 2.09 2.81 3.48 3.41 2.69 2.58 2.69 3.4 0.7 3.25 2.57 2.21 1.95 3.03 3.06 3.24 3.59 2.95 3.98 4.57 4.67 4.32 4.73 4.59 3.79 4.64 4.74 2.8 1.36 2.65 3.88 3.81 2.45 2.23 2.14 2.14 4.50382 4.50382 1.93 1.41 1.33 1.18 1.11 1.06 1 1.01 0.92 1.05 1.05 1.07 1.08 0.92 0.95 0.9 1.03 0.87 0.73 0.82 0.75 0.79 0.69 0.76 0.65 0.72 0.59 0.65 0.71 0.61 0.61 0.64 0.66 0.65 0.59 0.6 0.44 0.61 0.56 0.63 0.59 0.62 0.52 0.59 0.61 0.63 0.63 0.43 0.43 0.5 0.51 0.47 0.37
3.03 1.93 3.03 2.57 2 2.67 2.42 3.23 3.41 2.6 4.61 2.64 3.05 2.73 1.66 3.43 3.28 2.21 1.95 1.76 3.42 3.53 3.24 3.59 4.21 4.26 4.47 4.29 4.36 4.29 4.1 1.53 3.59 3.98 3.73 3.39 2.69 3.26 3.37 4.02 3.44 4.50382 4.50382 4.50382 1.5 1.37 1.47 1.14 1.22 0.85 1.12 0.64 1.1 1.12 1.15 1.19 1.18 0.97 0.94 1.12 1.08 0.7 0.74 0.65 0.71 0.63 0.76 0.72 0.62 0.63 0.64 0.6 0.58 0.63 0.71 0.62 0.74 0.68 0.71 0.65 0.78 0.71 0.49 0.55 0.61 0.57 0.7 0.63 0.6 0.57 0.42 0.49 0.5 0.5 0.38 0.39
2.01 2 3.12 2.61 3.28 3.19 2.3 2.64 3.3 4.03 2.62 2.95 3.06 2.77 3.04 0.67 3.96 3.49 2.23 2.09 2.06 2.41 3.55 4.17 3.64 4.29 4.13 4.39 3.75 3.41 0.29 3.9 4.04 3.94 2.93 2.82 3.48 2.89 2.78 3.02 3.09 2.31 2.61 4.50382 4.50382 1.67 1.43 1.4 1.51 1.24 0.96 1.29 1.2 1.28 1.2 1.06 1.04 1.04 1.02 1.07 0.94 0.78 0.82 0.88 0.73 0.87 0.67 0.68 0.72 0.66 0.78 0.67 0.63 0.72 0.66 0.72 0.67 0.63 0.52 0.6 0.59 0.59 0.69 0.49 0.66 0.61 0.74 0.62 0.74 0.67 0.31 0.46 0.29 0.43 0.48 0.44
1.75 2.11 3.17 3.08 2.46 2.44 2.51 0.73 3.14 2.72 3.07 3.05 3.12 2.91 3.23 3.66 0.86 4.2 4.12 3.46 1.97 2.14 2.31 3.2 3.21 3.66 4.38 4.19 4.27 1.4 4.02 4.35 3.33 3.09 2.98 3.06 2.78 3.29 2.7 2.7 2.8 2.59 2.89 2.36 4.50382 4.50382 1.28 1.27 1.2 0.91 1.12 1.17 1.33 1.13 1.22 1.14 1.14 1.11 0.94 1.09 0.98 0.82 0.85 0.87 0.87 0.94 0.81 0.78 0.8 0.82 0.64 0.7 0.69 0.66 0.72 0.67 0.74 0.77 0.68 0.61 0.63 0.65 0.57 0.67 0.54 0.57 0.64 0.68 0.72 0.55 0.47 0.59 0.48 0.5 0.45 0.51
3.42 3.08 3.57 3.43 2.35 2.27 1.9 0.79 2.43 3.13 2.6 3.21 2.8 3.07 3.71 2.59 2.51 1.1 0.63 3.69 3.56 3.83 3.33 3.21 4.27 4.58 4.44 4.01 1.08 4.39 4.43 3.96 3.32 2.74 2.85 2.82 3.36 2.74 2.75 2.69 3.04 2.64 2.8 2.7 2.58 4.50382 4.50382 4.50382 4.50382 4.50382 1.3 1.27 1.18 1.2 1.23 1.05 1.1 1.17 1 0.88 0.96 0.97 0.86 1.05 0.87 0.95 0.84 0.84 0.86 0.76 0.74 0.6 0.85 0.75 0.71 0.65 0.68 0.84 0.78 0.73 0.75 0.58 0.79 0.71 0.62 0.67 0.58 0.72 0.72 0.65 0.61 0.62 0.65 0.46 0.44 0.55
1.86 1.84 1.96 1.82 1.97 1.98 3.35 0.88 2.52 2.75 3.14 3.18 2.77 2.81 3.53 2.79 2.27 3.82 2.27 2.35 1.3 3.08 4.12 5.5 6.23 4.16 0.58 4.58 4.96 4.97 4.08 4.11 3.84 3.24 2.62 3.22 2.89 2.85 2.69 2.45 2.89 2.79 2.79 2.69 2.57 2.79 2.98 3.88 2.82 4.50382 4.50382 4.50382 1.2 1.13 1.21 1.05 1.18 1.04 1.02 0.92 0.97 0.98 1.04 0.9 0.82 1.01 1.04 0.8 0.91 0.71 0.77 0.74 0.74 0.76 0.72 0.78 0.73 0.74 0.7 0.76 0.74 0.7 0.69 0.67 0.67 0.65 0.64 0.58 0.54 0.54 0.58 0.72 0.63 0.54 0.55 0.41
3.64 3.37 3.14 2.11 3.37 2.4 1.46 3.55 2.38 2.53 3.08 2.91 3.29 2.88 3.05 2.66 2.52 4.32 3.71 2.75 2.74 3.69 1.97 0.79 0.62 0.9 4.55 3.51 3.57 3.88 4.06 4.16 4.1 3.93 3.34 2.8 3.43 2.73 2.81 2.79 2.64 2.8 2.69 2.83 2.71 2.99 2.83 3.02 2.6 2.77 2.78 4.50382 1.42 1.18 1.19 1.21 1.11 1.1 1.12 1.08 0.99 1 1.05 0.98 0.93 0.95 0.94 0.9 0.87 0.85 0.81 0.76 0.9 0.82 0.8 0.8 0.63 0.71 0.73 0.63 0.65 0.71 0.69 0.7 0.66 0.55 0.72 0.74 0.71 0.65 0.77 0.71 0.54 0.66 0.57 0.58
2.12 3.21 3.4 2.97 2.84 3.92 3.29 2.33 2.46 3.58 3.93 3 2.41 2.65 3.35 2.46 2.41 4.51 3.32 2.63 2.49 3.57 4.27 3.65 3.39 4.02 4.07 3.52 3.46 3.49 4.14 4.19 4.17 4.03 3.95 3.97 3.16 2.57 3.27 2.85 2.79 2.77 3.05 2.96 2.55 2.81 3.03 2.93 3.27 2.63 2.71 2.7 4.50382 1.4 1.25 1.05 1.14 1.15 1.06 1.13 1.1 0.88 0.96 0.97 0.91 1.01 0.91 0.89 0.85 0.83 0.74 0.84 0.86 0.78 0.73 0.82 0.75 0.73 0.69 0.8 0.72 0.81 0.6 0.63 0.64 0.63 0.67 0.7 0.72 0.77 0.59 0.64 0.6 0.58 0.67 0.58
0.8 3.2 3.52 3.59 1.02 3.31 3.4 2.05 2.54 4.01 2.36 2.4 2.41 3.05 3.54 2.44 2.49 3.91 3.38 2.41 2.27 4.77 2.3 2.24 3.73 3.72 3.74 3.79 4.03 3.91 4.06 3.93 4.41 4.27 3.94 3.87 4.03 2.87 3.1 2.64 3.04 2.95 2.75 2.48 3.04 2.92 2.8 2.97 3.18 2.98 2.97 2.67 4.50382 1.31 1.31 1.14 1.2 1.24 1.08 1.16 1.09 1.08 0.89 0.85 1.14 1.07 0.98 1.05 0.95 0.97 0.95 0.91 0.92 0.88 0.75 0.74 0.78 0.74 0.7 0.63 0.8 0.77 0.74 0.73 0.6 0.76 0.74 0.75 0.71 0.75 0.63 0.63 0.61 0.63 0.55 0.52
3.37 3.01 0.68 1.6 3.12 1.48 3.97 4.1 4.07 2.48 2.47 2.32 3.02 2.58 3.34 2.48 2.43 3.17 3.13 3.11 3.48 2.06 2.24 3.37 3.49 3.56 3.89 4.02 4.24 4.05 4.07 3.89 3.97 4.06 4.1 4.03 4.07 4.04 3.7 2.41 2.9 2.97 2.57 2.7 2.81 3.01 2.66 2.95 3.03 2.93 2.82 2.66 4.50382 1.57 1.26 1.16 1.11 1.27 1.19 1.15 1.22 1.09 1.03 1.05 1.09 1.13 1.02 0.96 0.88 0.96 0.75 0.93 0.91 0.92 0.88 0.7 0.75 0.81 0.78 0.79 0.72 0.8 0.8 0.77 0.67 0.75 0.7 0.75 0.8 0.85 0.59 0.86 0.64 0.68 0.64 0.64
1.63 3.72 2.36 4.85 1.81 3.25 2.54 4.06 2.36 2.3 2.42 3.61 2.79 3.26 3.04 3.1 2.82 2.69 1.84 3.22 3.53 2.26 3.59 3.22 3.16 3.35 3.77 3.93 3.96 3.98 4.32 4.22 4.1 3.88 4.18 3.95 4.09 4.06 3.98 3.52 2.75 2.19 2.98 2.68 2.61 3.26 2.75 2.6 2.96 2.72 2.85 2.77 2.81 4.50382 1.55 1.36 1.34 1.28 1.58 1.22 1.24 1.22 1.13 1.02 1.12 1.15 1.02 1.01 1.03 1.11 0.9 1.05 0.87 0.88 0.88 0.85 0.89 0.75 0.89 0.85 0.92 0.9 0.85 0.68 0.72 0.85 0.88 0.67 0.64 0.77 0.72 0.63 0.68 0.73 0.63 0.68
2.34 2.44 2.97 3.09 2.03 3.67 1.54 3.68 2.01 1.96 4.11 3.44 3.35 3.06 2.69 3.22 2.79 2.85 1.29 3.22 2.17 3.17 3.88 3.29 3.28 3.36 3.74 3.62 3.92 3.91 3.99 4.22 4.38 4.41 4.18 4.06 4.13 4.03 4.02 4.06 3.95 3.6 3.27 3.05 2.61 3.11 2.73 2.75 2.97 3.03 2.75 2.98 2.72 4.50382 1.47 1.35 1.35 1.63 1.62 1.07 1.22 1.26 1.24 1.18 1.03 1.24 1.17 1.08 1.01 0.98 1.08 1 1.03 0.88 0.89 0.9 0.84 0.9 0.99 0.86 0.81 0.92 0.84 0.83 0.73 0.85 0.83 0.78 0.74 0.71 0.73 0.77 0.79 0.84 0.57 0.49
3.4 2.4 3.62 2.25 3.63 1.68 1.83 2.58 2.35 2.29 3.41 4.71 2.71 3.24 2.68 2.8 2.59 2.52 3.49 1.9 3.62 4.21 3.95 3.14 3.31 3.73 3.69 3.8 3.9 3.71 3.85 4.17 3.91 4.12 4.18 4.01 4.2 4.34 4.27 4.29 4.28 4.46 4.25 4.21 2.79 2.76 2.75 2.72 3.04 2.78 2.85 2.88 2.83 4.50382 1.56 1.46 1.85 1.48 1.5 1.23 1.17 1.23 1.32 1.1 1.08 1.03 1.12 1.1 1.01 1.04 1.14 1.01 0.95 0.92 0.99 1.01 0.95 0.9 0.8 0.96 0.93 0.9 0.89 0.79 0.89 0.98 0.98 0.76 0.63 0.61 0.6 0.61 0.66 0.79 0.71 0.61
3.15 2.39 2.48 1.82 3.19 2.31 3.32 1.53 3.84 2.28 2.24 3.87 2.41 2.76 2.59 2.85 2.89 2.61 2.34 2.08 2.51 3.37 3.16 3.28 3.14 3.47 3.48 3.84 4.01 3.77 4.05 3.97 3.96 3.8 3.63 3.94 3.88 4.37 4.35 4.41 3.95 4.3 4.43 4.29 4.37 4.14 2.99 2.59 2.88 2.83 3.13 2.83 4.50382 4.50382 1.52 1.7 1.83 1.86 1.69 1.27 1.37 1.24 1.36 1.21 1.15 1.14 1.09 1.23 1.24 1.08 1.09 1.06 1.05 1.01 0.96 0.99 0.94 0.85 0.84 0.93 0.92 0.97 0.9 0.88 0.82 0.87 0.93 0.88 0.8 0.63 0.71 0.77 0.67 0.75 0.65 0.68
2.46 3.35 2.43 3.48 2.07 3.35 2.16 4.1 3.59 2.93 2.31 2.49 2.9 2.69 3.28 3 2.82 1.69 3.29 2.17 2.59 2.53 3.53 3.19 3.34 3.35 3.4 3.6 3.7 3.78 4.08 3.99 3.99 3.95 4.09 3.62 3.75 3.94 4.38 3.96 2.92 4.26 4.49 4.76 4.47 4.5 4.42 4.05 3.06 2.99 2.88 2.85 4.42574 3.5324 1.86 1.79 2.26 2.35 2.14 1.54 1.87 1.32 1.27 1.28 1.29 1.28 1.3 1.18 1.18 1.1 1.07 1.08 1.14 1.1 1.03 1.03 1 1.05 1.03 1 0.93 0.94 0.86 0.84 0.85 0.69 0.84 0.86 0.69 0.66 0.66 0.77 0.83 0.75 0.71 0.67
2.74 2.58 2.5 3.29 1.65 3.36 1.88 2.08 1.75 3.31 2.62 2.31 3.06 3.07 2.45 1.66 3.12 3.19 3.04 3.92 3.43 2.62 3.07 3.4 3.12 3.36 3.48 3.53 3.75 3.82 3.77 3.97 4.1 4.21 4.15 4.16 3.52 3.73 3.34 3.75 2.52 3.35 4.03 4.53 4.53 4.8 4.96 4.93 4.85 4.68 3.68 3.65 3.53 4.42574 3.5324 3.5324 2.29 2.33 1.96 1.94 1.75 1.29 1.39 1.27 1.31 1.26 1.28 1.44 1.21 1.21 1.08 1.2 1.12 1.17 1.09 1.03 1.03 0.97 1.06 0.81 1.06 0.91 0.85 0.77 0.88 0.9 0.73 0.75 0.82 0.86 0.84 0.66 0.68 0.77 0.77 0.7
2.78 2.28 3.6 2.88 2.8 2.25 1.8 2.37 1.9 2.35 3.14 3.38 2.71 2.56 2.68 1.55 3 1.75 1.87 3.64 3.56 3.28 3.07 2.74 3.26 3.42 3.65 3.63 3.62 3.8 3.93 4.01 3.78 4.04 4.26 3.97 3.41 3.03 3.21 2.57 2.69 3.34 3.16 3.13 4.51 4.48 4.72 4.65 5.19 5.53 5.68 5.28 4.42 4.25 4.33 3.5324 3.5324 3.5324 2.31 1.88 1.87 1.63 1.4 1.4 1.51 1.36 1.43 1.51 1.19 1.17 1.25 1.11 1.15 1.06 1.05 1.06 1.06 1.1 1.07 0.95 0.93 0.96 1 0.93 0.87 0.92 0.89 0.9 0.81 0.81 0.71 0.78 0.73 0.79 0.88 0.77
3.9 2.07 3.17 1.29 2.53 2.83 2.38 2.57 3.1 2.89 1.8 1.97 3.03 2.83 2.96 1.65 2.26 2.77 1.81 1.73 2 1.96 3.11 2.67 3 3.32 3.48 3.73 3.5 3.79 3.69 3.69 3.79 3.86 4.07 3.99 3.84 2.94 2.6 2.42 2.47 2.52 2.75 3.01 4.31 4.14 4.28 4.94 4.98 5.21 5.83 5.17 5.77 5.28 4.38 4.36 4.45 3.5324 3.5324 1.94 2.01 1.78 1.35 1.46 1.46 1.44 1.27 1.22 1.31 1.25 1.25 1.3 1.21 1.18 1.12 1.08 1.12 1.13 1.06 1.05 0.96 0.98 0.92 0.93 1.03 0.93 0.88 0.92 0.9 0.86 0.79 0.75 0.66 0.82 0.79 0.84
1.78 3.23 2.98 3.2 2.71 2.75 2.69 2.5 2.9 2.95 2.07 2.67 2.88 2.83 2.8 2.14 2.44 3.36 3.36 1.69 1.99 2.15 1.84 2.91 2.23 2.88 3.33 3.59 3.53 3.43 3.59 3.62 3.55 3.66 3.54 4.05 3.86 2.77 2.88 3.06 2.64 2.52 2.41 2.36 3.64 4.45 3.73 4.05 4.69 5.1 4.89 4.49 5.75 5.47 5.68 5.45 5.26 4.84 3.5324 3.5324 2.2 1.76 1.59 1.52 1.42 1.58 1.62 1.29 1.29 1.28 1.29 1.17 1.23 1.16 1.08 1.06 1.11 1.2 1.05 1.03 0.97 0.98 0.85 0.9 0.99 0.81 0.91 0.9 0.91 0.83 0.92 0.86 0.79 0.73 0.75 0.8
1.71 2.82 4.1 1.75 3.04 3.3 2.81 2.47 1.79 1.95 2.21 2.22 2.69 2.93 1.77 1.76 2.98 1.61 3.58 1.77 1.94 1.98 1.88 2.97 2.32 3.57 3.8 3.3 3.33 3.27 3.29 3.12 3.19 3.29 3.27 3.49 3.99 3.56 3.17 2.69 2.21 2.2 2.37 2.27 2.55 2.63 2.92 3.83 3.74 4.19 4.95 5.2 4.52 5.46 5.42 5.22 5.62 5.99 5.8 3.5324 3.5324 3.5324 1.67 1.6 1.71 1.7 1.67 1.35 1.21 1.25 1.29 1.3 1.34 1.22 1.22 1.23 1.2 1.02 0.94 0.96 0.93 1.15 0.99 1.01 0.96 0.91 0.94 0.99 0.97 0.93 0.88 0.93 0.83 0.74 0.82 0.82
2.85 3.08 1.72 3.44 2.93 2.64 3.7 2.68 3.07 2.22 3.45 3.45 1.89 1.84 2.46 3.17 3.21 2.63 3.05 3.24 2.07 1.87 3.87 1.8 1.84 1.84 3.23 4.02 3.77 3.31 3.16 3.07 2.92 3.08 3.06 3.33 3.55 3.28 2.87 2.9 2.64 2.52 2.56 2.59 2.4 2.61 2.81 2.63 3.74 3.64 3.53 4.33 4.27 4.97 5.09 5.65 5.13 5.5 5.11 5.97 5.62 3.5324 3.5324 2.07 1.87 1.77 1.48 1.42 1.3 1.14 1.21 1.47 1.24 1.33 1.28 1.05 1.04 1.11 0.98 1.05 1.14 1.22 1.11 0.88 0.95 0.95 0.99 0.83 0.94 0.88 0.85 0.76 0.79 0.88 0.88 0.9
3.14 2.54 3.27 1.68 3.64 3.03 3.05 2.13 3.51 3.37 2.28 2.22 3.4 2.66 2.2 3.19 2.96 3.22 2.32 1.66 1.91 3.06 1.88 2.4 2.68 1.73 1.93 1.85 2.46 2.69 3.7 3.95 3.46 3.49 3.13 3.13 3.34 3.47 3.23 2.68 2.64 2.83 2.35 2.41 2.37 2.45 2.39 2.23 4.01 3.54 3.6 3.14 3.84 5 4.56 5.03 4.79 4.68 5.69 4.94 5.52 6.09 3.5324 3.5324 3.5324 1.89 1.91 1.85 1.56 1.32 1.36 1.76 1.55 1.3 1.42 1.07 1.1 1.18 1.02 1.12 1.42 0.96 0.96 0.95 1 1.09 1.07 1.05 0.98 0.92 0.81 0.86 0.91 0.89 0.91 0.89
1.78 3.11 3.04 1.64 1.59 2.55 2.68 3.14 2.62 2.22 2.27 3.46 3.42 2.01 1.74 3.11 2.18 3.52 1.76 2.24 2.03 2.23 2.81 3.61 2.1 2.25 3.27 3.16 2.03 1.83 2.6 1.92 1.79 1.96 3.17 3.55 3.37 3.38 3.49 2.66 2.67 2.45 2.51 2.31 2.24 2.38 2.35 2.49 2.43 3.54 3.07 2.85 2.96 3.88 4.56 4.72 4.93 4.51 4.73 5.1 4.64 5 5.54 5.49 3.5324 3.5324 3.5324 1.94 1.96 1.66 1.46 1.63 1.38 1.27 1.28 1.22 1.29 1.25 1.15 1.08 1.12 1.21 1.16 0.99 1.13 1.05 1 1.01 1.01 0.86 0.88 0.86 0.92 1.07 1.01 1
3.12 2.69 2.57 2.59 2.24 3.42 2.17 2.62 1.96 2.57 3.38 3.61 3.16 2.03 1.73 3.5 3.25 2.56 3.21 2.93 2.93 3.07 2.93 2.73 2.7 2.01 2.41 2.43 2.78 3.5 2.03 1.87 1.89 3.35 1.91 3.26 3.58 3.51 3.4 2.59 2.21 2.71 3.07 2.86 2.76 2.29 2.37 2.8 2.92 2.34 3.77 3.3 3.53 2.98 3.76 4.27 4.43 4.62 4.51 4.53 4.5 4.52 4.84 4.42 4.53 4.85 3.5324 3.5324 3.5324 1.72 1.92 1.6 1.51 1.31 1.23 1.17 1.31 1.21 1.2 1.09 1.11 1.2 1.13 1.18 1.15 0.96 1.11 1.03 0.93 0.98 1.01 1.06 0.96 1.14 0.92 1.05
1.46 2.94 3.47 2.86 2.41 3.8 2.31 3.38 2.8 2.98 2.03 3.36 3.2 3.4 3.44 2.12 3.45 2.54 2.88 2.69 3.14 2.9 3.49 3.11 2.76 2.7 4.11 2.02 2.19 2.84 2.98 3.18 2.09 3.49 2.11 2.1 3.29 3.65 3.19 3.12 2.66 1.92 2.54 2.9 2.75 2.77 2.56 2.71 1.87 1.72 2.33 3.71 3.63 3.44 3.11 3.11 4.07 3.88 4 3.87 3.7 3.04 3.46 4.18 4.33 4.13 4.44 4.35 3.5324 3.5324 2.22 1.66 1.49 1.44 1.42 1.25 1.32 1.18 1.15 1.2 1.08 1.21 1.11 1.11 1.09 1.07 0.98 1 1.07 0.93 1.03 0.96 1 0.89 0.97 1.18
2.65 3.18 2.96 3.07 3.06 2.8 2.27 3.63 2.39 3.15 3.6 3.58 3.54 3.68 2.94 3.5 2.36 3.1 2.97 3.06 2.9 2.28 2.61 4.02 3.09 3.05 2.7 3.84 2.88 2.26 2.72 3.36 3.02 2.42 3.51 1.93 2.63 3.69 3.43 3.61 3.28 3.43 2.53 2.59 2.5 2.51 2.73 2.42 2.34 2.57 2.28 2.4 2.03 2.44 3.56 4.03 3.11 3.68 2.89 3.81 2.69 3.08 2.96 3.05 3.59 4.2 3.97 4.16 4.98 3.5324 3.5324 3.5324 1.86 1.75 1.67 1.31 1.32 1.44 1.28 1.14 1.18 1.08 1.15 1.18 1.09 1.03 1.02 1.02 1.05 0.92 1.03 0.99 0.98 1.05 1.17 1.68
2.67 2.25 3.35 2.86 2.59 2.33 2.11 3.46 2.71 3.93 3.69 3.32 3.65 3.3 3.08 3.2 3.06 2.8 3.05 2.42 2.53 3.17 2.3 2.87 3.48 3.15 2.27 2.59 3.18 2.25 2.39 3.04 3.12 2.59 3.49 2.07 2.55 2.07 3.71 4.02 3.23 3.53 3.34 2.19 2.57 2.68 2.61 2.29 2.54 2.78 3.05 2.53 2.44 2.66 2.17 2.99 3.67 3.27 2.94 3.27 2.79 3.19 3.52 3.45 3.31 4.35 4.35 3.72 4.13 5.53 4.5 3.5324 3.5324 2.54 1.63 1.65 1.72 1.7 1.5 1.28 1.29 1.18 1.22 1.15 1.05 1.15 1.04 0.99 0.87 1 0.97 0.98 1.16 1.28 1.37 1.59
2.62 1.62 3.22 3.4 2.99 2.35 2.4 2.36 4.24 3.91 3.75 3.28 3.39 3.33 2.6 3.56 3.36 1.81 2.45 2.64 2.36 3.19 2.51 2.47 3.22 2.82 3.24 3.52 3.38 2.72 2.65 2.57 3.19 2.84 2.71 3.35 2.47 2.02 3.4 4.04 3.49 3.65 3.88 3.68 3.22 3.76 2.75 2.74 2.54 2.51 2.2 2.79 2.61 2.89 2.5 2.77 2.83 3.63 3.33 3.11 3.61 3.33 3.24 3.5 2.96 3.22 4.14 4.27 3.48 3.8 5.5 5.35 3.5324 3.5324 3.5324 2.39 1.68 1.66 1.67 1.3 1.25 1.22 1.17 1.25 1.14 1.21 1.01 1.08 0.98 0.99 1.04 1.15 1.33 1.52 1.7 1.54
2.69 2.95 1.75 3.47 2.8 2.63 2.41 2.32 3.93 3.24 3.64 3.33 3.29 3.52 3.1 3.4 1.51 1.65 2.64 2.54 3.12 2.29 2.8 2.36 2.76 3.52 3.9 4.39 4.99 5.13 2.99 3.59 2.43 2.42 3.23 3.02 2.49 2.29 2.45 3.54 3.74 3.77 3.69 3.54 3.42 3.15 3.84 2.71 2.84 2.83 2.24 2.58 2.56 3.35 3.02 2.54 2.84 2.85 3.57 3.46 3.6 2.92 3.28 3.2 2.98 3.29 3 2.31 3.79 3.45 3.52 3.38 4.16 5.36 3.5324 3.5324 3.5324 1.93 1.62 1.68 1.36 1.23 1.17 1.2 1.17 1.06 1.04 1.14 1.34 1.34 1.48 1.55 1.54 1.75 1.58 1.49
2.67 2.83 2.73 3.17 1.54 1.8 3.6 2.39 3.51 3.52 3.53 3.44 3.27 3.29 3.74 1.61 1.51 2.97 2.52 2.52 2.76 2.65 2.16 2.46 3.74 4.6 4.76 5.21 5.27 5.47 5.35 5.4 2.81 2.73 2.52 2.39 3.35 2.67 2.06 2.29 2.09 2.35 3.05 3.02 3.32 4.11 3.76 4.1 2.9 2.79 3.03 2.58 2.57 2.67 2.84 2.67 2.45 3.12 2.42 2.43 2.04 3.45 3.86 3.29 3.19 2.59 2.62 3.35 4.67 3.8 3.56 3.55 3.15 4.36 4.78 5.01 3.5324 3.5324 3.5324 1.56 1.42 1.5 1.27 1.34 1.2 1.29 1.38 1.52 1.57 1.58 1.62 1.47 1.28 1.06 1.08 1.09
2.02 2.39 2.75 2.28 2.93 2.2 1.79 3.63 3.3 3.31 3.59 3.17 3.51 3.92 1.84 1.55 3.05 2.48 3.16 2.85 2.6 2.75 3.37 4.01 4.85 5.3 5.54 6.63 6.73 6.72 6.47 5.58 6.13 4.51 3.54 2.59 2.76 2.97 2.52 2.94 3.4 3.5 3.23 2.82 3.8 4.14 3.67 3.44 3.4 3.42 3.5 3.38 3.08 2.71 2.8 2.94 2.53 1.92 2.32 3.62 2.1 2.37 3.57 3.44 3.65 2.89 2.59 2.81 2.98 4.51 4.4 4.24 3.48 3.13 3.43 4.12 4.45 5.17 3.5324 3.5324 3.5324 4.42574 4.42574 1.27 1.36 1.39 1.43 1.49 1.61 1.4 1.28 1.11 0.9 1.05 0.94 0.84
2.63 3.17 2.5 2.24 2.07 2.76 1.76 1.8 3.98 3.54 3.72 3.6 3.07 2.78 1.68 3.28 2.87 3.76 3.61 3.32 2.62 3.25 3.63 4.8 5.56 6 6.83 6.95 7.62 7.58 7.44 6.95 5.77 4.81 3.65 2.62 3.05 3.42 2.83 2.28 2.27 3.09 2.89 3.15 3.93 4.04 3.63 3.46 3.43 3.24 3.62 3.84 3.86 3 2.62 2.41 3.68 2.37 2.33 2.03 2.06 1.98 2.42 2.78 2.91 3.72 3.49 3.84 3.93 4.64 4.96 4.51 4.21 3.86 3.56 2.77 2.66 3.8 4.69 5.32 3.5324 4.49 4.42574 4.42574 4.42574 4.42574 1.61 1.79 1.16 1.04 1.06 0.99 1.08 0.81 0.96 0.88
2.39 2.37 3.44 1.6 1.75 1.74 3.2 1.6 2.01 4.11 3.43 3.52 3.45 1.67 3.53 3.16 4.05 2.99 3.36 3.48 3.23 3.97 4.14 5.82 6.37 7.34 7.29 7.78 7.53 7.54 7.71 7.4 6.5 5.35 5.46 3.32 2.47 2.5 2.08 2.78 2.22 2.24 2.64 2.27 2.36 2.12 2.09 2.06 2.93 3.21 3.13 2.87 4.17 3.52 3.32 3.51 2.14 2.38 2.99 2 2.23 2.93 2.47 1.9 2.19 2.51 3.88 4 4.44 4.5 4.38 2.81 4.74 4.47 3.99 3.75 3.86 2.94 3.5 3.88 4.48 4.55 4.7 4.39 4.18 4.42574 4.42574 4.42574 1.19 0.98 0.99 0.89 0.7 0.84 0.81 0.89
2.39 2.67 2.97 1.63 1.63 2.57 2.65 2.96 1.83 2.2 2.29 2.39 2.57 2.5 2.38 4.03 4.09 4.03 3.96 3.8 3.71 4.58 5.18 5.74 7.56 7.64 7.68 7.71 7.89 7.91 7.9 7.69 7.09 5.48 5.26 3.96 3.08 3.27 2.87 2.79 2.6 2.64 2.84 2.26 2.25 2.1 2.04 2.05 2.96 2.95 3.09 3.46 3.52 2.17 2.02 2.31 2.42 3.63 2.2 2.39 1.96 2.58 3.12 2.04 1.98 3.47 3.58 3.91 3.85 4.65 5.78 4.65 5.48 5 4.86 4.4 4.32 3.8 3.85 3.69 3.44 3.76 3.39 3.75 4.35 4.38 4.32 4.42574 1.07 0.99 0.84 0.88 0.86 0.79 0.84 0.7
2.28 2.37 2.88 1.51 2.72 2.45 2.37 2.82 2.88 2.35 2.18 2.44 2.35 2.35 2.36 4.25 4.28 4.64 4.81 5.2 5.4 5.36 5.89 6.63 7.02 7.6 7.65 7.71 8.03 8.15 8 7.83 7.42 6.54 5.39 4.63 3.81 4.32 3.31 3.18 3.41 3.38 2.57 2.3 2.57 2.44 2.34 2.61 2.9 2.93 3.13 4.42 4.05 2.22 3.37 2.31 2.41 2.44 2.28 2.15 3.27 2.44 3.05 1.98 2.01 2.1 2.22 3.51 3.92 3.94 4.02 5.19 4.95 5.26 5.59 5.78 5.4 5.07 4.66 4.38 3.65 2.71 3.57 3.68 3.89 3.61 4.17 4.42574 1.18 0.97 0.95 0.95 0.83 0.73 0.72 0.75
2.5 2.7 2.33 3.01 2.83 2.63 2.15 4.04 3.31 2.21 2.39 2.38 3.08 3.15 4.25 3.97 4.77 5.16 5.28 6.05 6.44 6.28 6.42 6.97 7.2 7.72 7.34 8.05 8.13 8.07 7.87 7.74 7.44 7.17 7.06 5.6 5.21 4.68 4.41 4.14 4.07 3.89 4.03 4.05 3.21 3 2.89 2.9 3.08 3.78 3.78 5.71 3.84 2.02 2.18 2.93 3.6 2.16 2.24 1.79 2.68 2.76 2.35 2.69 3.54 3.84 2.45 2.3 2.59 2.93 3.48 3.87 4.16 5.96 5.39 5.81 5.04 4.8 4.87 5.03 4.5 3.77 3.83 3.85 3.55 3.26 3.48 4.42574 1.39 0.95 0.96 0.85 0.8 0.68 0.68 0.83
2.63 2.71 2.32 2.41 2.83 2.32 2.4 3.24 2.49 2.36 3.45 3.37 3 3.61 4.73 4.69 4.62 5.53 6.21 6.39 6.58 6.66 6.8 7.06 7.35 7.47 7.86 7.71 8.13 7.8 7.83 7.61 7.64 7.38 7.45 6.52 6.08 5.52 5.14 4.63 4.31 4.23 4.32 4.2 4.3 3.57 3.59 3.99 4.04 4.12 4.51 5.51 4.96 3.38 2.13 2.13 2.07 2.09 2.11 3.19 2.63 2.48 2.7 2.53 2.85 2.79 2.67 4 2.49 2.32 2.08 2.19 3.37 3.92 4.39 4.79 5.91 4.63 4.16 4.92 4.53 3.81 3.75 3.99 3.53 3.25 3.21 4.42574 4.42574 0.94 0.98 0.92 0.95 0.8 0.67 0.72
2.62 2.29 2.65 2.37 2.91 2.32 3.04 2.89 2.34 3.62 4.12 4.53 4.53 4.67 4.98 5.26 5.25 5.82 6.48 6.68 6.84 6.96 7.13 7.21 7.43 7.4 7.6 7.74 7.74 7.91 7.83 7.64 7.66 7.7 7.84 7.2 6.52 6.06 5.6 5.12 4.95 4.81 4.85 4.82 4.55 4.02 4.02 4.49 4.97 5.62 5.01 6.57 6.52 5.85 2.97 3.06 2.03 2.1 3.08 3.03 2.35 2.69 2.28 3.04 3.17 2.69 2.66 2.69 2.95 3.49 2.22 2.27 2.45 2.97 3.75 4.07 5.23 4.34 3.87 5.14 4.01 3.95 3.75 4.08 3.71 2.99 3.15 4.05 4.42574 1.04 0.85 0.81 0.76 0.75 0.75 0.6
2.84 2.55 2.64 2.2 2.51 2.8 2.46 2.38 3.11 5.01 4.55 4.53 4.68 4.76 5.08 5.4 6.03 6.48 6.76 7.09 7.28 7.03 7.15 7.34 7.36 7.46 7.53 7.56 7.52 7.67 7.42 7.72 7.4 7.44 7.43 7.65 6.58 6.21 5.95 5.56 5.27 5.27 5.3 4.84 4.8 4.83 4.89 5.44 5.95 6.24 6.71 6.65 6.8 6.43 5.64 4.12 3.23 2.16 2.11 2.18 3.18 2.97 2.13 2.73 2.19 2.58 3.15 2.26 2.6 2.35 2.21 3.07 2.34 2.1 2.7 3.64 3.48 3.91 4.17 4.8 3.86 3.88 3.83 4 3.54 2.85 3.41 4.37 4.42574 4.34582 4.34582 4.34582 0.62 0.69 0.65 0.57
