includes/Oleron/zone_etude/mnt_corrige.asc
ncols         631
nrows         906
xllcorner     364927.14666668
yllcorner     6531972.5655556
cellsize      20
NODATA_value  -9999
[rows 45 to 89 of 906, columns 192 to 287 of 631]
2.3 1.62 2.52 1.05 2.78 2.2 1.84 2.94 1.28 2.03 2.25 1.43 1.23 2.82 2.64 1.99 1.88 2.67 2.11 2.13 2.38 2.5 2.24 2.2 2.03 2 2.47 2.42 2.14 0.7 0.65 1.12 4.23 2.47 2.83 2.43 2.45 2.7 1.97 2.94 2.67 2.79 1.81 3.24 3.18 3.27 2.66 2.03 2.48 2.61 3.22 2.74 1.92 1.97 2.04 1.98 2.18 3.38 3.02 3.52 4.65 4.08 3.33 2.7 2.86 2.82 2.81 2.57 2.6 2.72 2.64 2.53 3.21 3.58 3.57 2.21 2.19 2.71 2.3 2.94 2.14 2.03 2.45 3 2.02 2.18 2.93 -0 2.74 2.9 1.81 1.75 1.66 3.31 2.23 2.35
2.76 3.19 1.11 1.64 2.7 2.3 2.13 2.82 2.53 1.72 2.11 2.12 2.05 0.93 2.8 2.65 2.26 1.92 2.76 2.73 2.34 2.29 2.39 2.21 2.65 2.84 1.91 1.73 0.87 0.81 2.5 2.48 2.94 2.53 1.64 2.45 2.66 2.69 2.73 2.51 2.34 2.89 1.93 2.5 3.28 3.2 2.22 2.01 2.89 2.69 3.29 1.91 2.66 2.78 2.71 2.71 2.69 2.71 3.39 3.79 3.86 3.84 3.73 3.09 3.03 3.08 3.19 2.76 2.92 1.99 2.93 2.77 3.09 3.34 3.27 2.3 2.36 3.37 2.3 2.75 2.13 2.09 3.2 2.6 2.12 2.15 2.33 -0 2.69 2.23 1.57 2.28 2.51 1.82 3.14 2.19
2.87 2.15 1.86 2.66 2.61 2.81 3.22 2.02 2.99 1.97 2.16 2.51 1.82 2.05 0.81 3.12 2.81 2.43 2.54 2.92 2.15 2.47 2.17 2.73 2.38 2.6 1.93 3.46 0.91 2.55 3.19 3.08 2.98 3.01 2 2.77 2.62 2.89 2.08 2.05 2.71 1.99 2.81 2.44 3.29 3.12 2.84 2.11 2.9 2.71 3.03 3.22 2.61 2.63 2.09 2.65 2.35 2.62 3.13 3.64 3.81 3.74 3.54 3.46 3.29 3.54 3.32 1.87 2.5 2.71 2.73 2.95 2.97 2.63 2.39 3.07 2.28 3.11 2.1 2.25 2.01 2.1 2.72 1.89 2.65 2.1 2.12 -0 2.37 3.04 1.41 2.4 1.57 2.06 1.55 2.87
1.14 1.66 2.2 3.49 2.2 2.73 2.04 2.04 2.05 1.94 2.14 2.35 1.63 2.02 2.02 0.98 2.09 1.97 2.71 2.36 2.21 2.75 2.06 2.25 2.04 2 3.15 2.73 1.24 2.99 2.44 2.39 3.09 3.05 2.12 1.99 1.52 2.2 1.88 2.17 2.74 2.68 2.96 1.99 2.52 2.86 2.98 2.03 2.94 2.61 2.61 2.94 1.94 1.96 2.72 2.57 2.67 2.72 3.41 3.26 3.54 3.54 3.43 3.86 3.26 3.15 3.41 2.62 2.65 2.69 2.5 2.4 2.46 2.49 2.9 3.39 2.03 2.58 2.53 2.38 2.82 2.06 2.08 2.56 3.05 2 2.08 0.04 -0 2.7 3.26 1.46 1.92 1.58 1.75 1.57
1.88 2.82 2.91 2.59 2.28 2.29 2.03 2.89 2.03 2.72 2.25 2.75 2.52 1.91 1.8 1.11 1.9 2.74 1.77 1.11 0.87 0.82 0.97 2.11 2.67 1.98 2.42 2.22 0.43 2.82 2.96 2.85 2.56 2.04 3.02 2.72 2.14 2.82 2.59 2.57 2.43 2.38 1.92 2.04 2.03 3.06 2.76 1.83 2.91 3.05 2.81 2.73 3.03 1.94 2.44 2.54 2.2 2.24 3.02 3.68 3.98 3.78 4.16 5.2 5.33 3.44 3.2 3.31 2.61 2.48 2.5 2.47 2.51 2.39 2.71 2.99 2.15 2.01 2.8 2.19 2.86 2.16 2.34 2.5 2.05 1.93 2 3.24 -0 -0 2.83 1.38 2.47 2.13 2.37 1.75
2.44 2.41 2.51 2.26 2.6 1.98 3.46 2.03 2.92 2.48 2.3 2.5 2.48 2.38 2.52 2.08 2.58 2.02 2.36 0.76 2.39 2.65 2.95 0.75 0.75 1.45 2.56 0.92 2.42 3.02 3.29 2.71 1.99 2.9 1.96 2.81 2.63 1.59 2.89 2.32 2.59 2.33 2.3 3.27 2.1 2.85 3.08 1.89 2.92 2.71 2.6 2.73 2.9 3.13 2.77 2.55 2.3 2.73 2.22 3.88 4.03 3.81 4.61 5.47 4.62 3.45 3.04 2.94 2.81 2.87 2.59 2.75 2.55 2.81 2.88 2.57 2.65 1.97 3.11 1.95 2.59 1.71 2.05 2.82 2.14 2.2 1.94 2.31 2.12 -0 -0 2.42 2.41 2.23 2.33 2.88
2.38 2.29 2.3 3.07 2.21 3.22 1.94 2.78 2.36 1.94 2.23 2.32 2.78 2.06 2.6 2.62 0.94 1.89 0.52 2.5 3.42 2.23 3.21 2.05 1.95 2.66 0.84 3.03 2.89 1.67 2 2.97 1.94 2.77 2.77 1.94 3.02 3.06 2.04 3 2.03 2.05 2.22 2.8 2.55 2.13 2.92 1.89 2.31 2.7 2.92 2.75 2.62 3.36 1.99 1.92 2.38 2.93 2.01 4.08 3.84 4.05 4.31 5.12 5.21 4.03 3.49 2.78 2.99 2.3 2.11 2.92 2.7 2.04 2.42 2.59 2.9 2 2.63 1.95 2.01 2.71 1.97 1.7 2.86 2.56 2.36 2.53 2.43 3.2 -0 -0 2.58 2.44 2.38 2.21
2.58 2.45 3.02 2.23 2.17 2.07 2 2.28 1.98 1.86 2.72 2.6 1.78 2.62 1.8 2.68 0.96 0.84 2.69 2.7 2.86 2.88 3.07 2.03 2.21 1.92 1.58 2.93 3.35 2.8 2.17 2.8 2.9 1.85 2.84 3.13 3.05 2.75 2.41 3.07 1.97 2.04 3.39 2.81 2.85 2.73 2.6 1.99 1.99 2.48 2.38 3 2.52 2.85 2.84 2.7 2.56 2.85 2.23 3.91 3.92 3.58 3.99 4.67 4.65 3.88 3.7 3.73 3.07 3.13 3.08 2.26 2.64 2.13 2.53 2.52 2.47 2 2.28 2.74 1.91 2.22 2.69 1.65 2.65 2.66 2.48 2.41 2.57 1.97 1.33 -0 1.34 3 2.28 2.12
2.61 2.36 2.66 2.06 2.64 1.97 2.55 2.56 1.88 2.69 2.26 1.99 2.8 1.68 2 2.82 2.98 2.18 2.66 2.47 2.63 2.64 2.71 2.61 2.1 2.42 0.86 2.09 2.52 2.37 2.9 1.89 2.56 2.37 2.37 2.18 2 2.15 2.42 2.65 3.45 2 2.11 2.14 2.8 2.76 3.05 2.02 1.92 2.73 2.59 2.7 2.9 3.08 3.45 1.95 1.95 2.17 2.05 2.08 4.46 3.85 3.78 4.18 4.28 4.16 3.94 3.99 3.59 3.33 3.19 2.65 2.61 2.75 2.8 2.07 2.14 2.71 1.88 2.45 2.45 1.96 2.54 2.36 2.17 2.68 2.31 2.44 2.41 2.43 2.87 -0 -0 2.77 2.75 2.5
2.4 3.04 2.11 2.85 1.89 2.85 2.17 1.77 2.65 2.3 2.32 2.59 1.83 1.84 2.64 2.86 2.88 2.77 2.56 2.28 2.52 2.58 2.48 2.15 2.13 2.72 2.67 2.69 2.76 2.37 1.6 2.98 2.17 2.9 2.1 2.67 2.07 2.93 2.81 2.63 2.96 2.13 2.2 3.57 2.67 2.17 3.22 2.62 1.88 2.76 2.27 2.45 2.53 3.03 3.25 1.82 2.54 2.76 2.84 2.08 2.29 2.81 3.49 3.7 3.96 3.55 3.8 4.01 3.93 3.01 3.19 2.57 2.43 1.96 3.06 2.28 1.86 2.61 2.38 1.89 2.56 2.78 2.06 2.23 2.63 1.65 2.81 2.56 2.55 2.49 2.31 3.3 -0 -0 2.7 3.23
2.6 2.28 2.84 2.85 2.65 1.93 2.44 2.64 2.4 2.06 2.46 2.76 2.93 2.63 2.96 3.15 3.18 2.76 2.14 2.39 2.36 2.22 1.98 2.23 2.78 2.65 2.98 2.82 3.01 2.72 2.95 2.1 2.03 3.28 2.18 2.51 2.73 2.22 2.63 1.82 2.27 2.64 2.36 2.57 1.83 2.94 3.15 3.01 2.3 3.06 2.76 1.92 2.59 2.79 3.24 3.52 2.14 2.36 2.68 2.78 2.16 3.07 3.34 3.5 4.17 3.93 3.77 3.36 3.75 3.22 3.27 3.26 1.76 1.76 2.9 2.68 2.6 2.11 2.23 2.33 2.02 2.77 1.91 2.51 2.01 2.4 2.08 3.01 2.5 2.52 2.42 2.47 2.29 -0 -0 2.76
2.41 2.54 2.38 1.32 2.43 2.53 2.48 2.69 3.02 2.19 2.28 3.11 3.09 2.35 2.26 2.71 3.19 1.23 2.66 2.48 2.31 1.98 2.1 2.84 2.7 2.96 2.36 2.42 2.9 2.55 1.46 2.38 1.99 2.04 2.99 2.63 2.14 2.17 2.22 2.76 3.31 3.52 2.19 2.71 3.04 2.77 3.17 3.15 2.03 2.77 2.04 3.02 2.37 2.61 2.91 3.9 2.74 2.28 1.7 2.15 2.97 3.06 3.46 3.33 3.49 3.76 3.51 3.14 3.74 2.97 3.12 3.4 2.22 1.85 1.95 2.85 2.48 1.91 2.05 1.95 2.64 1.98 2.51 2.09 2.45 2.48 2.1 1.87 2.48 2.95 2.45 2.52 2.42 3.12 -0 -0
2.66 2.53 1.52 2.55 2.07 3.07 2.23 2.96 2.89 1.98 3.09 2.95 3.19 3.01 2.34 2.35 1.32 2.04 2.49 2.41 2.19 2.25 2.5 2.48 2.87 2.47 2.43 2.52 2.84 2.49 2.95 3.56 2 2.11 4.35 2.42 3.07 2.23 2.73 2.81 2.65 2.26 2.03 2.56 3.44 2.44 2.99 3.1 2.69 2.73 2.53 2.31 2.79 2.63 2.98 3.35 3.65 1.47 2.98 1.65 2.18 1.62 2.44 3.49 3.64 3.68 3.71 3.57 3.75 3.49 3.65 3.25 2.8 1.89 1.78 2.91 2.19 2.15 2.27 2.79 1.96 2.52 1.85 2.29 2.18 2.26 2.14 2.57 2.22 2.04 2.91 2.47 2.42 2.53 2.28 3.29
2.28 2.44 2.48 2.46 2.51 2.46 2.46 1.95 2.62 3.48 1.07 1.17 3.16 3.11 2.31 1.26 2.94 2.54 3 2.18 2.19 2.79 2.25 2.99 2.49 2.39 2.52 2.73 0.72 2.36 1.38 2.25 2.09 2.15 4.01 2.49 2.78 2.07 2.79 1.92 2.87 2.59 3.56 2.41 3.11 2.64 3.08 3.23 2.55 2.16 2.78 2.73 2.06 2.88 2.64 3.32 3.68 2.24 2.04 1.83 1.82 1.68 1.61 3.75 3.62 3.41 3.85 3.75 3.92 3.54 3.7 3.09 2.75 1.8 1.81 3.14 2.37 2.4 2.74 2.03 2.25 2.04 2.35 2.19 2.54 2.29 2.12 2.14 2.77 2.22 2.17 2.85 2.72 2.3 2.35 2.29
2.93 2.78 2.49 2.55 2.52 2.31 3.19 2.21 2.42 2.34 2.2 2.6 2.4 2.13 2.88 2.81 2.82 2.9 2.2 2.17 2.82 2.14 2.83 2.36 2.51 2.56 2.73 2.21 2.57 1.88 2.75 2.75 3.12 2.02 2.06 3.37 2.49 3.19 2.64 2.62 2.99 2.45 2.29 2.05 2.59 3.23 2.94 2.5 2.29 2.66 2.33 2.29 2.09 2.81 2.94 3.28 3.37 2.99 1.72 3.27 1.59 3.74 1.69 1.65 3.83 3.58 3.79 3.76 3.8 3.28 3.11 3.13 2.86 1.75 1.87 2.94 2.76 2.27 2.11 2.02 1.71 2.2 2.19 2.42 2.55 2.12 2.45 2.38 2.12 2.53 2.26 3.33 2.56 2.55 2.34 2.59
2.11 2.26 2.44 2.48 2.89 2.39 3.42 3.12 2.46 2.93 2.2 2.53 1.95 1.98 2.72 2.62 2.93 2.25 2.12 2.94 2.33 2.86 2.37 2.47 2.49 2.41 3.03 2.68 2.36 2.58 1.55 1.6 3.43 2.04 2.08 3.99 2.97 2.73 2.47 2.23 3.15 2.7 2.92 3.06 2.44 2.78 2.62 3.02 2.46 2.77 2.36 2.36 2.71 3.32 2.84 3.05 4.1 3.51 2.11 1.94 1.75 1.67 1.73 1.65 1.75 3.6 3.61 3.43 3.28 3.47 3.16 3.04 2.97 2.56 1.75 1.81 2.78 2.23 2.37 1.85 2.23 2.42 2.39 2.55 2.17 2.31 2.59 2.08 2.54 2.16 2.95 2.69 2.46 2.48 2.2 2.31
2.86 2.81 2.78 2.58 2.33 2.42 2.2 2.42 2.89 2.5 2.87 1.68 2.05 2.69 2.87 3.27 2.71 2.22 3.05 1.97 2.98 2.5 2.42 2.73 2.41 2.3 3.33 2.4 2.83 2.1 1.56 2.17 2.2 2 2.03 2.1 2.92 2.5 2.99 2.79 3.17 2.62 2.86 2.64 2.67 3.12 2.58 2.84 2.53 2.69 2.33 2.31 2.71 3.13 3.29 3.13 3.83 3.99 4.06 2.44 3.01 1.59 3.76 1.61 1.8 4.08 3.94 4.34 3.7 3.79 3.62 3.26 3.19 3.54 1.98 1.86 2.88 2.97 2.38 2.28 2.39 1.9 2.47 2.51 2.08 2.76 2.22 2.56 2.1 2.61 2.39 2.41 2.53 2.41 2.73 2.79
1.85 2.31 2.69 2.63 3.1 2.34 2.76 1.49 3.33 1.19 3.1 2.82 2.05 2.76 2.81 2.5 2.45 2.76 1.84 3.08 1.71 2.52 3.18 2.38 2.26 3.26 2.23 2.92 2.65 2.62 2.85 2.59 2.68 3.19 2.09 2.13 2.75 2.26 2.67 2.13 2.59 3.02 1.74 2.57 2.43 1.89 1.48 2.84 2.66 2.83 2.32 2.37 2.84 3.27 2.02 3.07 3.2 3.67 3.66 3.68 1.47 1.76 1.83 1.66 1.67 4.23 3.61 4.39 3.49 3.73 3.92 3.79 4.05 3.5 1.95 1.77 2.85 2.96 2.33 2.4 2.76 2.05 2.43 1.87 2.61 2.56 2.72 1.99 2.53 2.83 2.32 2.32 2.33 3.03 2.63 2.3
2.33 2.37 2.36 3.09 2.36 2.65 2.18 3.37 2.34 2.32 3.26 1.32 3.04 2.21 2.93 2.44 2.5 2.74 2.16 2.75 1.7 3 3.01 2.56 2.46 2.61 2.12 2.12 1.11 1.9 1.9 1.57 1.51 3.39 2.08 2.1 2.96 2.67 2.47 3.01 1.93 1.88 2.78 2.21 2.14 1.77 1.91 2.73 2.7 2.85 2.42 2.33 2.85 1.8 1.77 3.41 3.31 3.6 3.84 3.78 3.64 3.21 1.69 3.48 1.64 2.18 3.74 3.87 3.42 3.92 4.07 4.18 3.82 3.75 2.37 1.79 1.89 2.07 3.01 2.51 2.44 2.43 2.06 2.11 2.57 2.77 1.94 1.95 3.24 2.43 2.31 2.34 3.25 2.61 2.17 1.73
2.33 2.41 2.97 2.28 2.65 1.66 3.38 1.93 2.09 2.55 3.34 2.39 2.59 2.84 2.34 2.94 2.98 2.25 2.84 1.71 1.8 3.17 2.78 3.58 2.3 2.25 3.62 2.51 3.15 2.74 2.33 1.98 2.4 2.32 2.38 2.12 2.05 3.36 2.19 2.69 3.15 2.68 2.72 2.49 2.72 1.72 2.46 2.7 2.85 2.79 2.29 2.3 2.79 2.91 3.32 3.39 3.09 3.5 3.8 3.71 3.97 1.44 1.83 1.64 1.83 1.67 3.54 3.43 3.85 3.57 4.07 4.16 3.99 3.92 3.34 2.07 1.92 2.69 2.65 2.73 2.31 2.59 2.17 2.78 2.17 1.94 2.03 3.24 2.44 2.46 2.42 3.02 2.5 2.54 2.14 1.71
3.18 2.22 2.72 3.02 2.38 3.15 2.14 2.06 3.35 2.8 2.28 3.3 3 2.86 3 2.96 2.15 2.48 2.75 1.69 2.35 2.3 2.27 2.83 2.7 2.34 2.22 3.49 2.18 2.85 2.36 2.71 2.6 2.59 3.03 2.04 2.09 3.47 2.5 2.47 3.18 1.77 2.29 2.5 3.08 2.8 2.84 2.49 2.89 2.75 2.41 2.29 2.54 2.4 2.34 2.81 3.46 3.23 3.64 3.96 3.54 2 3.06 1.67 3.45 1.62 2.17 3.51 3.51 3.35 3.88 4.16 4.22 4.13 3.38 1.95 1.88 1.83 3.11 3.05 2.15 2.43 1.79 2.39 2.06 1.92 3.08 2.56 2.45 2.34 2.76 2.9 2.49 2.4 2.76 2.88
2.88 2.49 3.5 2.11 2.87 2.37 2.41 3.84 3.35 2.17 3.2 1.81 2.45 2.7 2.94 1.93 2.46 2.54 1.69 1.76 3.05 2.29 2.35 2.29 3.1 2.23 2.36 2.17 2.3 2.63 2.12 2.7 2.74 2.31 2.76 2.05 2.15 2.08 3.29 2.52 2.47 2.91 2.98 2.96 2.6 2.74 3.08 1.66 2.53 2.53 2.52 2.28 2.56 3.23 3.43 3.56 3.25 3.04 3.45 3.91 4.06 2.46 1.44 1.68 1.72 1.87 1.67 3.04 3.08 3.43 3.48 3.8 3.89 3.64 3.42 2.52 1.99 1.89 1.95 3.45 2.21 2.09 2.52 2.3 2.18 2.59 2.43 2.29 2.36 2.45 2.87 2.38 2.43 2.11 2.32 2.6
2.47 1.84 1.73 2.92 2.07 2.15 3.96 2.84 1.85 1.87 3.13 2.83 3 2.83 2.71 2.12 2.33 2.87 1.64 1.76 2.39 2.16 2.31 2.25 2.22 3.32 2.33 2.48 2.92 1.28 2.77 2.53 2.68 2.55 2.64 2.79 1.99 2.37 2.19 2.43 2.74 1.85 1.64 2.88 1.53 2.26 2.38 2.89 2.54 1.36 2.7 2.36 1.85 2.28 2.57 2.68 3.18 3.02 3.34 3.51 4.02 3.23 2.27 3.18 1.83 3.31 1.7 2.75 3.14 3.39 3.69 3.7 3.24 3.6 3.57 3.38 2.23 1.94 1.88 3.75 3.32 2.07 2.17 2.32 2.83 3.07 2.21 2.46 2.32 3.27 2.44 2.37 2.1 2.41 2.32 2.36
2.55 2.76 3.21 2.6 1.95 3.15 2.81 2.45 2.19 2.52 3.16 2.76 3.08 3 2.22 2.31 2.86 2.19 1.69 3.33 2.67 2.27 2.21 2.22 2.2 2.21 2.72 2.34 2.21 2.32 1.87 3.17 3 2 2.4 2.27 2.58 2.37 2.85 2.99 2.95 2.27 2.57 2.67 2.44 2.96 2.57 3.01 1.43 2.68 2.51 2.62 2.65 2.45 2.8 2.69 2.51 2.93 3.28 3.43 3.82 3.29 1.59 1.5 1.64 1.77 3.08 3.28 2.43 3.13 3.48 3.51 3.82 3.36 3.49 3.06 3.19 1.91 1.98 1.84 3.08 2.18 2.1 2.99 2.39 2.38 2.37 2.42 3.53 2.51 2.21 2.42 2.07 2.32 2.26 2.39
2.7 2.73 1.95 1.89 3.25 2.93 1.65 3.01 2.37 1.98 1.88 2.07 2.12 2.63 3.79 2.67 2.71 1.96 1.76 2.44 2.6 2.08 2.89 2.84 2.34 2.16 2.73 1.72 2.48 2.89 2.1 2.15 3.06 2.02 2.36 2.53 2.71 2.34 2.2 2.85 2.31 1.97 1.63 2.34 2.49 2.94 2.52 2.75 2.31 2.88 2.62 2.64 2.64 2.6 2.46 2.34 3.05 2.77 2.83 2.94 3.38 3.08 1.63 2.92 1.9 1.8 2.09 2.33 2.93 2.9 3.54 3.74 3.58 3.41 3.46 3.34 3.1 2.3 2.14 2 2.78 2.55 3.32 2.3 2.29 2.4 2.39 3.41 2.72 2.44 2.29 1.81 2.34 2.36 2.31 2.29
2.4 2.38 2.38 1.67 2.68 2.8 1.73 3.1 2.31 3.21 1.96 2.2 2.2 2.13 2.48 3.31 2.96 2.51 2.88 2.32 2.51 2.96 2.4 2.6 2.87 3.71 2.57 2.59 2.44 2.48 2.99 2.17 2.21 3.16 2.7 2.42 3.1 2.33 3.29 2.28 2.48 2.53 1.69 2.26 2.67 3.2 2.55 2.73 3.07 2.6 2.63 2.7 2.62 2.63 2.5 2.29 2.85 1.96 3.19 2.67 2.79 2.63 2.4 1.84 1.55 1.96 2.25 3.1 2.3 3.18 3.5 3.55 3.21 3.62 3.93 3.56 3.47 3.1 2.16 2.02 1.78 2.83 2.36 2.16 2.28 2.25 3.38 2.31 2.58 2.19 2.37 1.92 2.28 1.47 2.49 2.21
3.14 2.92 3.08 2.36 2.14 1.63 1.57 1.56 1.81 2.62 2.25 2.84 2.69 2.07 2.22 2.41 3 1.46 2.78 2.4 2.17 2.72 2.52 2.62 2.52 2.31 2.51 1.52 2.49 2.45 2.65 2.33 1.98 3.4 2.02 2.49 2.68 3.63 2.74 2.55 2.82 2.39 2.36 2.28 3.49 3.22 2.89 2.64 2.9 1.2 2.83 3.1 3.16 3.14 3.12 3.03 2.98 3.26 2.21 2.16 2.02 2.51 2.76 2.73 2.59 2.7 2.24 2.9 3.3 3.19 3.37 3.37 3.17 3.01 3.7 3.46 3.63 3.65 2.83 1.93 2.04 2.96 2.56 2.39 2.69 3 2.57 2.26 2.48 2.6 2.22 2.48 1.67 2.36 1.7 2.27
2.09 1.66 2.88 1.69 2.56 2.76 2.09 1.67 1.72 2.09 3.03 2.52 3.39 2.49 3.23 2.21 2.15 2.45 1.92 3.04 2.75 2.22 2.11 2.19 2.84 3.1 2.75 2.63 2.75 2.62 2.56 2.76 2.08 1.85 2.29 2.31 2.6 2.57 2.71 2.37 2.22 2.96 2.76 2.44 3.63 3.75 3.18 2.36 2.67 2.98 2.74 2.16 2.16 2.15 2.17 2.22 2.22 2.25 3 2.12 2.9 3.49 2.63 2.95 1.89 1.8 2.12 2.54 2.91 2.94 3.39 3.26 3.27 3.32 3.34 3.33 3.6 3.35 3.19 2.82 2.1 2.04 2.42 2.98 2.63 2.6 2.22 2.66 2.22 2.6 2.86 2.25 2.55 2.05 1.82 2.27
1.07 3.01 2.55 1.72 2.67 2.54 2.95 1.59 1.97 2.74 2.79 2.85 2.84 2.9 2.92 2.13 3.04 2.73 2.9 3.01 2.51 2.57 2.6 2.39 2.03 2.65 2.59 2.12 1.4 2.52 2.68 2.76 2.2 1.99 3.3 2.2 2.37 3.39 2.76 2.22 2.18 3.63 2.25 2.59 2.77 3.43 3.52 3.23 2.46 2.99 2.41 3.51 3.5 3.26 3.03 2.99 2.61 2.18 2.2 2.74 2.83 1.66 2.48 3.39 1.93 2.16 1.71 2.09 2.65 3.52 3.34 3.49 3.24 3.58 3.79 3.45 3.49 3.35 3.34 3.12 2.14 1.98 2.93 2.24 2.55 2.44 2.42 2.68 2.15 2.08 1.89 2.99 2.5 2.37 2.56 1.82
2.83 2.5 2.7 2.74 2.7 2.57 1.83 2.82 2.58 2.06 1.83 2.69 2.46 3.01 1.98 2.9 2.06 2.98 2.68 2.11 2.04 2.09 2.32 2.2 2.55 2.71 2.3 1.88 2.69 2.71 2.81 2.76 2.78 2.17 2.72 2.3 2.35 3.23 2.8 2.42 2.79 2.58 2.18 2.29 2.31 2.46 2.42 2.63 2.75 2.82 2.78 2.45 2.48 2.7 2.43 2.03 1.52 1.51 1.46 2.51 3.35 3.11 2.02 2.85 2.24 1.74 1.66 1.87 3.27 3.65 3.4 3.06 2.7 2.9 3.44 3.43 3.14 3.05 2.94 2.97 2.79 3.06 2.17 2.13 2.4 2.31 2.55 2.07 2.67 2.15 1.81 1.85 2.04 2.89 2.36 2.52
2.07 3.19 1.69 2.7 1.88 2.43 2.02 1.77 2.13 1.84 1.86 2.35 2.99 2.05 2.17 2.62 2.98 1.79 1.79 1.73 3.23 3.64 2.28 2.2 2.21 2.26 2.37 2.55 2.55 2.58 2.72 2.6 2.5 2.28 2.01 3.75 2.57 2.71 2.39 2.63 2.14 2.2 2.76 2.98 3.8 3.56 2.28 2.59 2.46 2.25 2.26 1.79 1.91 1.88 1.76 1.9 1.83 1.8 1.98 1.82 2.59 3.24 3.26 3.6 2.12 1.72 2.26 2.78 2.32 3.34 3.29 3.02 2.83 2.92 3.17 3.24 3.3 3.19 2.95 3.26 3.43 3.53 2.4 2.59 2.3 2.29 2.43 2.67 2.06 2.44 2.49 1.72 1.9 2.21 3.05 2.28
2.16 1.89 2.94 2.11 1.64 2.34 2.61 2.12 2.71 2.85 2.83 2.82 1.87 2.03 3.26 2.89 2.76 3.26 2.15 1.78 1.72 1.76 1.83 2.1 3.44 2.91 2 2.12 2.01 2.38 2.63 2.56 2.51 3.06 2.15 3.18 2.71 2.67 2.83 2.67 2.63 2.59 3.02 3.08 1.95 1.87 2.12 2.75 2.6 2.59 2.54 2.66 2.33 2.49 2.7 2.72 2.7 2.82 2.96 3.05 2.72 2.87 2.8 3.55 2.32 1.97 2.15 1.86 2.12 3.29 3.4 3.05 2.65 2.47 2.53 3.23 3.42 3.51 3.54 3.47 3.55 3.2 2.6 2.53 2.7 2.74 2.54 2.37 2.28 2.69 2.35 2.85 2.02 1.88 1.98 2.12
3.16 2.87 1.47 1.53 2.85 2.13 2.93 3.47 2.57 2 2.23 2.14 2.08 2.34 1.81 1.95 3.29 3.42 3.02 2.67 3.01 2.93 1.6 1.73 1.6 1.7 1.61 2.92 2.82 2.13 2.77 2.76 2.79 2.86 2.31 2.06 3.36 2.82 2.05 2.92 2.84 2.46 3.13 2.8 3.06 3.18 3.29 2.91 2.75 2.69 2.69 2.87 2.06 1.87 1.98 2.11 2.25 2.19 2.08 2.07 2.01 2.6 2.3 3.78 1.92 2.29 2.46 2.64 1.88 3.02 3.36 2.97 2.84 2.92 3.42 3.4 3.44 3.62 3.37 3.7 3.65 3.37 2.87 2.52 2.41 2.63 2.76 2.47 2.32 2.29 2.94 2.2 2.59 2.72 1.84 1.85
2.95 1.2 1.68 2.53 2.69 2.79 2.9 3.02 2.94 3.64 3.7 3.83 1.95 1.95 1.86 1.99 1.93 2.2 2.01 2.06 2.6 3.48 2.93 2.92 2.91 2.83 1.76 1.6 1.81 1.87 1.96 2.66 3.14 2.89 2.2 2.12 2.37 2.59 2.56 2.43 2.42 2.36 2.63 2.91 2.87 3.06 3.11 2.97 2.37 1.4 2.87 2.79 2.73 2.4 2.86 2 3.24 3.31 3.61 2.51 2.45 3.02 2.29 3.83 1.98 2.42 2.52 2.4 2.19 2.27 3.1 2.63 2.55 2.46 3.25 2.79 2.75 3.2 2.93 3.07 3.14 3.33 2.89 2.72 2.43 2.34 2.33 2.84 2.29 2.43 2.42 2.51 2.43 2.17 2.45 1.77
1.74 2.35 1.99 2.72 2.35 2.39 2.31 2.4 2.21 2.06 2.41 2.02 2.49 3.88 3.82 1.83 1.85 1.96 1.88 2.09 1.97 2.4 2.32 2.28 2.96 3.23 2.74 2.75 2.83 2.13 1.48 2.5 2.38 2.32 2.53 2.55 2.69 2.35 2.38 2.95 2.2 2.31 3.09 2.52 3.16 2.21 2.49 2.47 2.63 2.83 2.66 2.72 2.69 2.8 2.51 2.61 2.81 2.83 2.79 2.55 2.78 2.92 3.59 2.84 2.87 2.32 2.11 2.26 2.16 2.31 3.31 2.54 2.71 3.16 3.15 2.88 2.62 2.83 2.86 2.94 3.67 3.58 3.64 3.37 2.62 2.61 2.39 2.09 2.47 2.36 2.21 2.3 2.83 2.13 2.61 2.18
2.85 1.72 1.54 1.9 1.6 2.42 2.85 2.72 2.79 3.04 1.86 2.34 1.99 1.92 1.88 1.92 3.5 3.54 2.65 1.88 1.87 2.24 2.22 2.22 2.19 2.2 2.19 2.29 3.11 3.16 2.61 1.95 2.72 3 2.64 2.69 2.46 3.42 3.31 2.39 2.35 2.81 2.93 2.49 2.23 2.79 2.21 2.67 2.37 1.92 2.21 2.92 2.26 2.41 2.45 2.48 2.69 2.81 2.85 1.87 2.63 2.98 3.3 3 2.94 2.65 2.52 2.38 2.13 2.61 3.39 3.09 2.61 2.83 3.44 3 2.8 2.95 2.92 3.7 3.37 3.22 3.74 3.88 3.15 2.7 2.42 2.55 2.2 2.36 2.4 2.3 2.27 2.25 2.23 2.68
1.67 1.58 2.24 1.92 2.02 2.76 1.85 2.59 2.72 2.69 2.33 2 3.21 1.93 1.88 1.94 1.93 1.76 1.73 1.86 3.7 3.23 2.81 2.13 2.11 2.02 2.27 2.24 2.47 2.38 2.25 1.62 2.7 2.41 2.46 2.4 2.35 2.5 3.17 2.33 2.51 3 1.97 2.74 2.72 2.11 2.58 2.42 2.14 2.55 2.89 2.97 2.53 2.18 2.5 2.7 2.45 1.78 2.13 2.34 2.02 2.77 2.59 2.65 3.05 2.98 2.39 1.84 2.2 2.02 2.54 2.97 2.65 2.77 3.22 3.18 3.29 3.52 3.33 4.16 3.54 3.25 3.32 4.37 3.5 2.61 2.42 2.06 2.13 2.17 2.41 2.37 2.28 2.32 2.42 2.67
2.71 1.66 2.39 1.57 2.69 1.45 1.72 2.4 2.58 2.59 1.57 2.84 2.62 2.75 3 3.5 2.49 1.76 1.7 1.69 1.69 1.68 1.66 2.07 3.11 3.06 3 2.2 2.6 2.29 2.16 2.32 3.04 2.67 2.81 2.71 2.07 2.29 2.28 2.31 3.07 2.73 2.55 2.28 2.33 2.27 2.27 2.34 2.83 2.48 2.11 1.91 2.49 2.42 2.18 2.25 2.6 1.94 2.94 3.08 2 2.63 2.18 2.86 3.14 2.97 2.7 2.46 1.85 1.88 1.82 2.54 2.92 2.75 3.54 3.63 3.3 3.62 3.08 4.08 4.32 2.84 3.35 4.09 3.8 3.25 2.82 2.79 2.52 2.18 2.29 2.24 2.64 2.43 2.56 2.26
2.89 1.71 2.43 2.9 2.14 2.24 1.7 2.4 1.98 1.79 1.9 2.62 2.66 2.83 2.14 2.62 2.21 2.18 3.16 3.4 1.69 1.66 1.67 1.5 1.74 1.84 2.15 2.17 3.01 2.47 2.51 2.38 2.19 2.57 2.67 2.32 2.43 2.66 2.31 2.39 3.04 2.42 2.81 2.85 2.21 2.28 2.02 2.09 2.77 2.02 2.01 1.93 2.65 3.04 2.64 2.51 3.4 1.92 3.54 3.11 1.97 2.13 2.08 2.68 2.84 2.71 2.61 2.26 2.48 2.33 2.46 3.1 2.99 2.6 3.28 3.46 3.36 3.43 3.37 3.56 3.85 3.49 3.36 3.63 4.05 3.73 2.79 2.78 2.33 2.47 2.14 2.15 2.76 2.5 2.26 2.12
2.97 2.95 2.51 2.89 2.26 2.14 2.21 1.58 1.5 1.98 1.38 1.63 2.3 2.64 2.83 2.78 1.99 2.44 2.72 2.27 2.15 3.07 3.62 3.27 2.49 2.78 2.67 2.12 2.17 2.83 2.35 2.99 2.36 2.85 2.39 2.61 2.4 2.64 2.34 2.89 2.57 2.7 2.31 1.81 2.5 2.47 2.32 2.29 2.06 2.12 2.74 2.07 1.9 2.19 2.76 2.84 2.87 2.36 2.36 2.94 2.12 2.32 2.72 2.49 2.67 2.66 2.64 1.76 2.4 2.43 2.38 2.79 2.17 2.47 3.4 3.42 3.31 3.55 2.91 3.75 3.39 3.26 2.96 3.57 3.67 3.66 2.68 2.41 2.21 2.19 2.29 2.04 2.18 2.86 2.41 2.3
2.83 2.76 2.02 2.39 2.38 2.59 2.61 2.61 2.47 2.48 1.58 2.02 2.48 2.22 2.29 2.22 2.33 2.28 2.54 2.4 2.78 2.17 2.45 2.66 2.26 2.87 2.54 2.62 2.1 2.67 2.34 2.77 2.4 2.16 2.46 2.78 2.62 2.8 2.27 1.89 2.63 2.8 2.5 2.31 2.32 2.34 2.31 2.76 1.98 2 2.18 2.98 1.98 1.96 2.11 2.17 1.9 3.44 2.75 2.99 1.9 2.26 2.81 2.37 2.71 2.44 2.5 2.56 2.82 1.72 2.51 2.24 2.64 2.45 2.53 2.82 3.16 3.44 2.58 2.83 2.71 3.1 3.79 3.65 4.17 3.94 2.86 2.45 2.22 2.02 2.4 2.18 2.43 2.23 2.47 2.78
2.82 2.26 2.65 2.83 1.56 2.12 1.83 1.51 1.54 1.49 1.37 2.29 2.49 3.05 2.22 2.48 2.59 2.67 2.07 2.77 2.52 2.09 2.52 2.38 3.09 2.33 2.51 2.58 2.47 2.16 2.4 2.4 2.84 2.26 2.78 2.28 2.58 2.31 2.62 2.09 2.85 2.02 2.29 1.83 2.31 2.28 2.37 2.46 2.06 2.55 2.5 2.23 2.98 3.34 2.16 3.46 2.46 2.48 2.55 2.32 1.95 2.04 3.04 2.99 2.3 2.46 2.46 2.56 1.87 2.31 2.24 2.78 2.23 2.61 2.48 2.26 2.65 3.12 3.29 3.3 3.45 3.63 3.96 4.2 4.23 3.76 2.99 2.59 2.38 2.55 2.5 2.78 2.73 2.17 2.73 2.81
2.14 2.85 2.63 1.76 2.95 2.94 2.15 2.2 1.41 1.44 1.93 2.31 1.76 2.25 2.88 2.42 2.08 2.02 2.33 2.06 2.34 2.83 2.72 2.81 2.41 2.94 2.34 2.21 2.5 2.18 2.76 2.4 2.45 2.17 2.75 2.43 3.01 2.43 2.42 1.9 1.91 1.88 2.83 2.46 2.07 2.14 2.07 2.18 2.5 2.28 2.96 2.02 2.73 2.14 3.22 2.37 2.89 2.62 2.53 2.2 1.9 2.33 3.39 2.82 2.19 2.18 2.47 2.67 2.71 2.57 2.68 1.48 2.34 2.47 2.25 3.4 2.73 3.14 3.67 3.73 3.83 3.74 3.79 3.89 4.13 3.76 3.41 2.76 2.53 2.3 2.85 2.57 2.83 2.77 2.51 2.4
2.72 2.69 3.06 2.34 1.8 1.97 2.64 1.53 1.6 1.44 1.56 2.73 3.37 1.63 1.79 2 2.96 2.67 2.52 2.72 2.32 2.04 2.17 2.51 2.5 2.41 3.17 2.22 2.23 2.99 2.21 2.88 2.46 2.69 2.2 2.5 2.52 1.78 1.91 3.54 2.83 1.89 1.84 1.8 2.26 2.29 2.53 2.44 2.67 2.34 2.79 2.07 3.04 2.22 2.08 2.29 2.85 2.4 3.31 2.22 1.87 2.22 3.32 3.07 3.12 2.77 2.64 2.62 2.68 2.41 2.66 2.65 2.42 2.48 2.03 3.02 3.23 3.5 3.54 3.26 3.22 3.59 3.73 3.79 4.31 3.79 3.35 3.3 3.3 2.68 2.48 2.6 2.63 2.64 2.71 2.64
2.28 2.36 1.75 1.31 1.69 2.37 2.56 1.59 2.55 2.76 2.03 2.89 1.9 3.11 2.76 1.91 1.94 2.35 2.99 2.06 1.95 2.06 2.13 2.21 2.44 2.32 2.37 3.15 2.32 2.29 2.97 2.33 2.55 2.49 2.29 2.93 2.45 3.02 1.81 1.8 1.87 2.52 2.71 1.94 2 2.66 2.44 2.51 2.6 2.8 2.61 2.71 1.77 2.09 1.99 2.59 3.38 1.95 2.87 2.63 1.89 2.48 3.19 2.47 2.27 1.96 3.17 2.73 2.89 2.8 1.83 1.69 2.89 1.81 2.42 2.57 3.1 3.09 3.07 3.44 3.47 3.61 3.55 3.84 4.19 3.91 3.53 3.62 3.59 2.83 2.48 2.78 2.92 3.05 3.2 3.06
