includes/overflow_coast_co/floodfiles/results/res-0009.wdfp
ncols         906
nrows         631
xllcorner     362177.146667
yllcorner     6534725.688020
cellsize      20.000000
NODATA_value  -9999.000000
[rows 306 to 339 of 631, columns 616 to 692 of 906]
0.000 0.000 0.000 0.000 0.000 0.000 0.000 0.000 0.000 0.000 0.000 0.000 0.000 0.000 0.000 0.000 0.000 0.000 0.000 0.000 0.000 0.000 0.000 0.000 0.000 0.000 0.000 0.000 0.000 0.000 0.000 0.000 0.000 0.000 0.000 0.224 0.764 0.734 0.000 0.000 0.000 0.000 0.233 0.222 0.622 0.000 0.000 0.000 0.000 0.000 0.000 0.000 0.000 0.605 0.655 0.925 0.000 0.727 0.016 1.346 1.356 0.136 0.000 1.096 1.246 0.000 0.026 1.566 1.386 0.246 1.106 0.056 0.506 0.976 0.656 1.016 1.496
0.000 0.000 0.000 0.000 0.000 0.000 0.000 0.000 0.000 0.000 0.000 0.000 0.000 0.000 0.000 0.000 0.000 0.000 0.000 0.000 0.000 0.000 0.000 0.000 0.000 0.000 0.000 0.000 0.000 0.000 0.000 0.000 0.000 0.000 0.000 0.934 0.000 0.794 0.104 0.000 0.000 0.000 0.313 0.000 0.221 0.190 0.000 0.000 0.000 0.000 0.000 0.000 0.225 0.535 0.785 1.345 0.455 0.000 1.195 0.000 0.000 1.345 1.435 0.000 0.000 1.306 1.376 0.000 0.206 0.476 1.306 0.066 0.526 1.206 1.516 1.316 0.676
0.000 0.000 0.000 0.000 0.000 0.000 0.000 0.000 0.000 0.000 0.000 0.000 0.000 0.000 0.000 0.000 0.000 0.000 0.000 0.000 0.000 0.000 0.000 0.000 0.000 0.000 0.000 0.000 0.000 0.000 0.000 0.000 0.000 0.000 0.000 1.164 1.214 0.000 0.724 0.674 0.224 0.523 0.054 0.000 0.000 0.019 0.443 0.000 0.000 0.000 0.000 0.000 0.345 0.000 0.625 1.475 0.295 0.145 0.835 0.000 0.875 0.435 0.000 1.206 0.036 1.366 0.366 0.007 0.000 1.056 0.246 0.000 0.266 0.416 0.376 1.176 0.856
0.000 0.000 0.000 0.000 0.000 0.000 0.000 0.000 0.000 0.000 0.000 0.000 0.000 0.000 0.000 0.000 0.000 0.000 0.000 0.000 0.000 0.000 0.000 0.000 0.000 0.000 0.000 0.000 0.000 0.000 0.000 0.000 0.000 0.000 0.494 1.284 1.174 1.244 0.594 0.024 0.164 0.000 0.484 0.354 0.000 0.239 0.000 0.000 0.000 0.000 0.000 0.000 0.155 0.000 0.715 0.465 0.425 0.935 0.000 0.225 0.575 0.995 0.065 0.876 0.096 1.346 1.166 0.276 0.356 1.236 0.286 0.186 0.286 0.556 1.196 1.706 1.716
0.000 0.000 0.000 0.000 0.000 0.000 0.000 0.000 0.000 0.000 0.000 0.000 0.000 0.000 0.000 0.000 0.000 0.000 0.000 0.000 0.000 0.000 0.000 0.000 0.000 0.000 0.000 0.000 0.000 0.000 0.000 0.000 0.000 0.000 0.000 1.234 0.994 1.174 0.114 0.074 0.604 0.394 0.424 0.000 0.145 0.030 0.000 0.000 0.000 0.000 0.000 0.000 0.000 0.000 0.655 0.000 0.505 1.205 1.245 1.165 0.235 0.345 0.455 0.000 0.206 1.516 0.000 0.926 0.816 0.466 0.546 0.296 0.486 0.626 0.326 0.106 0.386
0.000 0.000 0.000 0.000 0.000 0.000 0.000 0.000 0.000 0.000 0.000 0.000 0.000 0.000 0.000 0.000 0.000 0.000 0.000 0.000 0.000 0.000 0.000 0.000 0.000 0.000 0.000 0.000 0.000 0.000 0.000 0.000 0.000 0.000 0.000 0.000 0.000 0.434 0.174 0.474 0.194 0.234 0.000 0.000 0.000 0.000 0.000 0.000 0.000 0.000 0.000 0.000 0.384 0.604 0.514 0.000 0.775 1.475 1.285 0.895 0.185 0.395 0.045 0.576 0.000 1.406 0.366 0.000 0.326 0.836 1.376 1.566 0.516 0.386 0.000 0.086 0.000
0.000 0.000 0.000 0.000 0.000 0.000 0.000 0.000 0.000 0.000 0.000 0.000 0.000 0.000 0.000 0.000 0.000 0.000 0.000 0.000 0.000 0.000 0.000 0.000 0.000 0.000 0.000 0.000 0.000 0.000 0.000 0.000 0.000 0.000 0.000 0.354 0.094 0.054 0.544 0.224 0.000 0.000 0.000 0.000 0.000 0.000 0.000 0.000 0.000 0.000 0.000 0.414 0.424 0.654 0.000 0.000 1.525 0.000 0.415 1.375 0.145 1.345 0.195 1.436 0.000 1.386 0.866 0.000 0.000 0.046 0.886 1.506 1.516 0.276 0.606 0.816 0.086
0.000 0.000 0.000 0.000 0.000 0.000 0.000 0.000 0.000 0.000 0.000 0.000 0.000 0.000 0.000 0.000 0.000 0.000 0.000 0.000 0.000 0.000 0.000 0.000 0.000 0.000 0.000 0.000 0.000 0.000 0.000 0.000 0.000 0.136 0.266 0.000 0.000 0.034 0.264 0.214 0.000 0.000 0.000 0.000 0.000 0.000 0.000 0.000 0.000 0.051 0.000 0.514 0.744 0.624 0.014 0.000 1.415 0.000 1.215 1.335 0.000 1.415 0.175 1.606 0.116 1.126 0.736 1.106 1.206 1.366 1.316 1.386 1.376 1.596 1.426 1.216 0.676
0.000 0.000 0.000 0.000 0.000 0.000 0.000 0.000 0.000 0.000 0.000 0.000 0.000 0.000 0.000 0.000 0.000 0.000 0.000 0.000 0.000 0.000 0.000 0.000 0.000 0.000 0.000 0.000 0.000 0.000 0.000 0.000 0.466 0.476 0.436 0.000 1.035 0.000 0.415 0.000 0.000 0.000 0.000 0.000 0.000 0.224 0.274 0.074 0.000 0.000 0.164 0.834 0.644 1.344 0.000 0.195 1.355 0.175 1.595 1.225 0.065 1.485 0.000 1.456 1.096 0.096 0.056 0.000 0.000 0.000 0.000 0.000 0.166 0.256 0.196 0.816 0.126
0.000 0.000 0.000 0.000 0.000 0.000 0.000 0.000 0.000 0.000 0.000 0.000 0.000 0.000 0.000 0.000 0.000 0.000 0.000 0.000 0.000 0.000 0.000 0.000 0.000 0.000 0.000 0.000 0.000 0.000 0.000 0.426 0.436 0.316 0.276 0.236 1.195 0.385 0.082 0.000 0.007 0.000 0.000 0.000 0.394 0.504 0.194 0.284 0.154 1.434 1.244 1.294 0.474 0.000 0.000 0.000 1.565 1.125 1.395 0.935 0.000 1.485 0.000 1.386 1.326 0.000 0.000 0.836 0.976 0.876 1.016 1.016 0.716 0.566 0.616 0.886 0.876
0.000 0.000 0.000 0.000 0.000 0.000 0.000 0.000 0.000 0.000 0.000 0.000 0.000 0.000 0.000 0.000 0.000 0.000 0.000 0.000 0.000 0.000 0.000 0.000 0.000 0.000 0.000 0.000 0.000 0.120 0.000 0.000 0.000 0.216 0.916 1.256 0.000 0.395 0.215 0.000 0.000 0.000 0.000 0.002 0.304 0.064 0.024 1.444 1.514 1.474 1.504 0.154 0.574 0.254 0.634 0.154 1.115 1.235 1.425 0.000 1.265 1.535 0.000 0.456 1.386 1.156 0.166 0.886 0.936 0.986 0.746 1.046 0.956 0.936 1.306 0.946 0.826
0.000 0.000 0.000 0.000 0.000 0.000 0.000 0.000 0.000 0.000 0.000 0.000 0.000 0.000 0.000 0.000 0.000 0.000 0.000 0.000 0.000 0.000 0.000 0.000 0.000 0.000 0.000 0.000 0.150 0.260 0.159 0.177 0.266 1.026 1.256 0.000 0.255 0.445 0.000 0.000 0.000 0.000 0.000 0.324 0.184 1.454 1.564 1.434 1.484 0.034 0.000 0.964 0.734 0.444 0.554 0.000 0.305 1.305 0.555 0.000 1.465 1.065 1.035 0.000 1.176 0.176 0.756 0.726 0.596 0.000 0.000 0.000 0.000 0.000 0.000 0.000 0.000
0.000 0.000 0.000 0.000 0.000 0.000 0.000 0.000 0.000 0.000 0.000 0.000 0.000 0.000 0.000 0.000 0.000 0.000 0.000 0.042 0.000 0.000 0.000 0.000 0.000 0.014 0.000 0.000 0.071 0.141 0.000 0.167 0.000 0.426 1.186 1.146 0.000 0.000 0.000 0.154 0.204 0.000 1.174 1.534 1.444 1.374 1.564 0.044 0.284 0.274 0.544 0.574 0.274 0.684 0.634 0.000 0.000 1.185 0.000 1.015 1.475 0.045 0.135 1.655 0.000 0.000 1.496 0.106 1.156 0.926 0.916 0.896 0.916 0.886 0.706 0.000 0.956
0.000 0.000 0.000 0.000 0.000 0.000 0.000 0.000 0.000 0.000 0.000 0.000 0.000 0.000 0.000 0.000 0.000 0.026 0.000 0.000 0.055 0.000 0.000 0.000 0.000 0.000 0.000 0.306 0.014 0.253 0.000 0.000 0.000 0.296 0.000 0.000 0.984 0.734 0.524 0.000 1.154 1.504 1.444 1.484 1.564 0.054 0.064 0.684 0.214 0.534 0.444 0.384 0.584 0.494 0.000 0.000 1.085 1.345 0.000 1.505 1.525 0.055 1.255 0.000 0.000 0.000 1.496 0.226 1.026 0.000 0.646 0.000 0.000 0.000 0.786 0.776 0.036
0.000 0.000 0.000 0.000 0.000 0.000 0.000 0.000 0.000 0.000 0.000 0.000 0.000 0.000 0.000 0.000 0.000 0.000 0.000 0.000 0.000 0.000 0.000 0.004 0.000 0.035 0.000 0.376 0.165 0.584 0.000 0.000 0.141 0.000 0.000 0.863 0.000 0.054 1.254 1.454 1.434 1.484 1.394 0.024 0.564 0.694 0.704 0.144 0.494 0.284 0.594 0.544 0.794 0.000 0.000 0.000 1.365 0.965 0.495 1.475 1.475 0.002 0.000 1.347 0.000 0.786 0.836 1.106 1.006 0.496 0.816 0.616 0.386 0.526 0.007 0.356 0.000
0.000 0.000 0.000 0.000 0.000 0.000 0.000 0.000 0.000 0.000 0.000 0.000 0.000 0.000 0.000 0.000 0.000 0.000 0.034 0.000 0.974 0.000 0.000 0.000 0.000 0.000 0.176 0.486 0.000 0.000 0.421 0.000 0.000 0.403 1.003 0.363 1.314 1.474 1.414 1.554 1.134 0.000 0.094 0.524 0.554 0.584 0.934 0.404 0.244 0.764 0.594 0.554 0.114 0.000 0.000 0.175 1.075 0.375 1.365 1.475 0.755 0.145 1.635 0.000 0.416 0.736 0.986 0.516 0.786 0.626 0.146 0.786 0.536 0.906 0.676 0.466 0.286
0.000 0.000 0.000 0.000 0.000 0.000 0.000 0.000 0.000 0.000 0.000 0.000 0.000 0.000 0.000 0.000 0.000 0.564 0.424 0.000 0.074 0.804 0.000 0.000 0.000 0.218 0.467 0.000 0.000 0.341 0.000 0.043 0.623 0.353 0.000 0.644 0.994 1.454 0.584 0.000 0.000 0.000 0.743 0.294 0.674 0.464 0.554 0.604 0.664 0.604 0.754 0.504 0.384 0.584 0.000 0.205 0.000 1.325 0.505 0.245 0.000 0.000 0.000 0.376 0.596 0.756 0.000 0.736 0.446 0.000 0.776 0.826 0.316 0.816 0.816 0.826 0.046
0.000 0.000 0.000 0.000 0.000 0.001 0.000 0.000 0.000 0.000 0.357 0.117 0.000 0.000 0.000 0.000 0.000 0.000 0.084 0.034 0.714 1.194 0.764 0.000 0.304 0.059 0.000 0.000 0.013 0.000 0.000 0.583 0.673 0.000 0.634 0.434 0.604 0.383 0.693 0.073 0.723 0.703 0.233 0.703 0.663 0.694 0.414 0.714 0.494 0.794 0.494 0.174 0.354 0.054 0.705 1.095 0.725 0.955 0.000 0.065 0.115 0.000 0.036 0.546 1.056 0.000 0.000 0.786 0.666 0.516 0.906 0.556 0.416 0.166 0.486 0.076 0.016
0.005 0.008 0.000 0.000 0.000 0.003 0.121 0.081 0.000 1.117 1.147 0.000 0.407 0.000 0.000 0.000 0.000 0.000 0.974 1.214 0.244 0.904 0.944 0.764 1.274 0.234 0.144 0.000 0.033 0.000 1.023 0.443 0.023 0.664 0.244 0.544 0.704 0.343 0.633 0.593 0.393 0.563 0.243 0.603 0.723 0.413 0.714 0.444 0.834 0.424 0.824 0.694 0.254 0.655 1.155 0.000 0.965 0.935 0.125 0.145 0.415 0.645 1.105 1.205 0.000 0.000 0.434 0.000 0.776 0.536 0.000 0.000 0.436 0.836 0.676 0.366 0.116
0.816 0.000 0.000 0.000 0.000 0.004 0.021 0.014 0.000 0.527 0.557 0.567 0.557 0.437 0.000 0.000 0.000 1.124 0.000 0.954 0.124 0.274 1.074 0.000 0.000 0.314 0.000 0.000 0.001 0.973 1.143 0.063 0.763 0.093 0.764 0.654 0.000 0.433 0.303 0.573 0.413 0.423 0.133 0.803 0.453 0.703 0.394 0.484 0.484 0.914 0.304 0.184 0.674 0.000 0.000 0.425 0.655 0.835 0.000 1.155 0.000 0.995 1.095 0.595 0.005 0.590 0.000 0.000 0.000 0.496 0.526 0.126 0.566 0.676 0.576 0.436 0.176
1.246 0.626 0.000 0.000 0.539 0.020 0.020 0.000 1.067 0.797 0.000 0.000 0.797 0.717 0.277 0.000 1.204 1.114 0.554 0.304 0.994 0.474 0.734 1.054 0.000 0.164 0.000 0.313 1.113 0.513 0.473 0.493 0.093 0.674 0.744 0.000 0.563 0.693 0.243 0.653 0.833 0.293 0.563 0.793 0.513 0.223 0.624 0.734 0.544 0.624 0.494 0.614 0.000 0.125 0.555 0.685 0.495 0.555 0.875 0.105 1.035 1.355 0.000 0.000 0.600 0.640 0.000 0.294 0.000 0.356 0.786 0.436 0.066 0.736 0.726 0.646 0.296
0.326 1.436 0.207 0.709 0.859 1.039 0.959 0.000 1.027 0.787 0.000 0.000 0.000 0.877 0.777 0.757 0.000 1.284 0.034 0.764 1.124 0.000 0.000 0.194 0.000 0.000 0.093 0.383 1.753 0.023 0.643 0.000 0.784 0.654 0.000 0.173 0.183 0.593 0.523 0.153 0.373 0.463 0.633 0.683 0.103 0.703 0.193 0.434 0.384 0.904 0.494 0.124 0.315 1.075 0.655 0.845 0.885 0.445 0.000 1.135 1.155 0.000 0.000 0.160 0.300 0.510 0.002 0.704 0.000 0.000 0.476 0.566 0.000 0.076 0.000 0.386 0.000
0.000 0.176 0.336 0.000 0.699 0.969 1.089 0.000 0.877 0.907 0.000 0.000 0.000 0.000 1.067 0.827 0.477 0.000 1.194 0.654 0.314 0.445 0.000 0.001 0.000 0.000 0.342 1.583 0.000 0.683 0.000 0.774 0.484 0.000 0.403 1.493 0.000 0.000 0.693 0.283 0.553 0.783 0.113 0.113 0.143 0.383 0.353 0.183 0.113 0.013 0.000 0.135 0.295 0.595 0.875 0.895 0.765 0.000 1.075 1.195 0.000 0.000 0.610 0.580 0.340 0.080 0.270 0.000 0.462 0.000 0.000 0.436 0.306 0.396 0.216 0.000 0.000
0.646 0.296 0.806 0.000 0.000 0.210 0.050 0.656 0.926 0.346 0.366 0.000 0.000 0.000 0.000 0.977 0.647 0.247 0.000 0.121 0.000 0.665 0.435 0.000 0.000 0.392 1.522 0.000 0.098 0.000 0.654 0.564 0.000 0.343 0.863 0.000 1.583 1.073 0.933 0.533 0.283 0.583 0.673 0.673 0.873 0.293 0.633 0.343 0.343 0.053 0.313 0.000 0.835 0.315 0.215 0.415 0.000 0.995 1.115 0.000 0.060 0.540 0.610 0.530 0.070 0.120 0.630 0.680 0.000 0.350 0.000 0.000 0.134 0.000 0.626 0.000 0.000
0.536 0.826 0.000 0.000 0.050 0.180 0.000 0.096 0.746 0.266 0.636 0.136 0.000 0.000 0.000 0.000 1.007 0.707 1.108 0.488 0.478 0.075 0.365 0.000 0.441 1.591 0.000 0.701 0.000 0.714 0.404 0.005 0.263 0.983 0.000 1.403 1.383 1.223 0.000 0.603 0.393 0.283 0.573 0.183 0.463 0.573 0.493 0.393 0.103 0.000 0.000 1.075 0.125 1.025 0.315 0.425 0.985 1.285 0.000 0.440 0.500 0.470 0.640 0.060 0.280 0.700 0.670 0.600 0.510 0.980 0.000 0.162 0.603 0.723 0.000 0.000 0.000
0.000 0.000 0.000 0.000 0.000 0.000 0.896 0.406 1.166 0.000 0.000 0.236 0.426 0.000 0.000 0.000 0.000 0.238 0.808 0.028 0.000 1.114 0.082 0.561 0.741 0.000 0.641 0.000 0.344 0.424 0.054 0.224 0.933 0.000 1.183 1.313 0.993 0.363 0.313 0.213 0.503 0.443 0.843 0.813 0.223 0.133 0.803 0.553 1.643 1.033 1.043 0.084 1.124 0.025 1.125 0.795 0.875 0.025 0.695 0.000 0.830 0.840 0.370 0.000 0.660 0.280 0.580 0.460 0.460 0.530 0.000 0.821 0.000 0.000 0.551 0.000 0.397
0.000 0.000 0.000 0.000 0.000 0.000 0.836 0.716 0.436 0.000 0.000 0.546 0.000 0.171 0.000 0.000 0.000 1.988 0.000 1.232 0.342 0.000 1.181 0.441 0.821 1.321 0.000 0.454 0.244 0.114 0.254 0.934 0.000 0.933 0.963 1.383 0.133 0.533 0.533 0.583 0.423 0.453 0.000 0.543 0.553 0.673 0.803 0.793 0.000 0.903 0.203 1.032 0.053 0.973 0.000 0.000 0.182 0.101 0.000 0.940 0.800 1.090 0.000 0.700 0.190 0.370 1.860 1.580 0.570 0.000 0.011 0.661 0.521 2.111 0.000 0.167 0.637
0.000 0.000 0.000 0.000 0.000 0.656 0.836 0.746 1.716 1.486 0.000 0.586 0.000 0.751 0.000 0.888 0.638 1.128 0.021 2.292 0.000 0.000 1.171 0.012 0.971 0.000 0.734 0.684 0.204 0.164 0.774 0.000 0.853 0.713 1.033 0.243 0.283 0.343 0.313 0.283 0.000 0.613 0.523 0.173 0.523 0.403 0.683 0.583 1.763 0.001 0.482 0.342 1.042 0.000 0.800 1.070 0.640 0.150 0.280 0.900 1.050 0.000 0.430 0.650 0.000 0.020 0.000 1.080 0.000 1.111 1.061 0.491 0.901 0.000 0.000 0.567 0.437
0.000 0.000 0.000 0.000 0.000 1.126 1.956 1.726 0.986 0.000 0.000 0.000 1.071 0.171 0.121 0.000 1.558 0.000 0.010 1.532 0.502 0.000 0.000 1.512 0.000 0.794 0.664 0.444 0.000 0.924 0.000 0.773 0.263 0.273 0.253 0.263 0.243 0.623 0.523 0.453 0.423 0.323 0.613 0.483 0.723 0.793 0.603 0.043 0.000 0.000 0.000 0.642 0.172 0.990 1.030 0.720 0.690 0.510 0.270 0.000 0.000 0.190 0.500 0.000 1.800 1.230 1.170 0.000 1.281 1.151 0.000 1.131 1.011 0.000 1.147 1.287 0.000
0.000 0.000 0.000 0.000 0.000 1.116 0.000 1.006 0.000 0.000 0.000 0.000 1.321 0.251 0.041 0.173 0.001 0.710 0.000 1.672 1.692 1.652 0.023 0.000 0.474 0.000 0.914 0.034 0.984 0.000 1.141 0.000 0.723 0.673 1.283 0.593 1.422 0.173 0.393 0.353 0.473 0.433 0.583 0.573 0.000 0.673 0.763 0.333 0.613 0.203 1.872 0.782 0.000 0.560 1.030 0.000 0.230 0.660 0.740 0.150 0.920 0.980 1.120 0.400 1.300 0.000 0.200 1.391 0.971 0.000 1.101 1.121 0.000 0.117 1.267 0.947 0.407
0.000 0.000 0.000 0.000 0.000 0.000 0.000 0.000 0.000 0.000 0.041 1.171 0.151 1.421 0.000 1.013 0.633 0.000 1.682 1.782 1.582 0.000 1.384 2.034 0.814 0.734 0.964 1.054 0.784 0.834 0.000 0.962 0.512 0.752 0.492 0.052 1.072 0.972 0.583 0.543 0.303 0.113 0.000 0.483 0.743 0.213 0.223 0.873 0.613 1.233 0.172 0.051 0.000 1.170 0.237 0.435 0.000 0.160 0.620 0.540 0.290 2.150 0.000 0.460 1.480 1.410 0.670 0.000 0.371 1.291 0.741 0.000 0.000 0.000 0.000 0.000 0.917
0.000 0.000 0.000 0.000 0.000 0.000 0.000 0.000 0.000 0.181 1.211 0.241 0.111 0.441 0.211 1.193 0.074 1.252 1.752 1.722 0.000 0.000 0.894 2.194 0.174 1.014 0.000 0.984 0.023 0.013 0.322 0.432 0.382 0.862 0.962 1.642 0.812 1.382 0.000 0.562 0.632 0.562 0.652 0.000 0.963 0.833 0.713 0.000 1.383 0.000 1.288 1.358 0.077 0.000 1.125 0.705 0.855 0.000 0.000 1.520 0.000 1.330 1.430 1.350 1.380 0.620 1.330 1.510 0.230 0.000 0.581 0.000 0.000 0.132 0.000 0.000 0.000
0.000 0.000 0.000 0.000 0.000 0.000 0.000 0.000 0.000 1.191 0.000 0.000 0.620 0.100 0.201 0.112 0.000 1.622 1.732 1.672 0.000 1.332 0.000 0.000 0.554 0.654 0.744 0.000 0.972 0.082 0.352 0.932 0.332 0.382 0.592 0.502 0.062 1.292 1.332 0.732 0.362 0.312 0.212 0.083 1.473 0.143 1.473 1.153 0.042 1.349 0.188 1.238 0.186 1.075 1.405 0.000 0.065 0.684 0.544 0.135 0.485 0.000 0.570 0.000 0.000 1.430 1.570 0.250 1.390 1.340 0.000 0.000 0.088 0.000 0.298 0.298 0.000
0.000 0.000 0.000 0.000 0.000 0.000 0.000 0.000 0.000 0.000 0.229 0.239 0.249 0.260 0.610 0.000 1.682 1.882 1.582 0.000 0.372 0.152 0.000 1.474 0.794 0.000 0.000 0.992 0.272 1.242 0.000 0.292 0.902 0.982 0.562 0.982 1.632 0.882 1.412 0.000 0.422 0.532 0.422 0.000 1.473 0.193 1.373 0.553 1.493 0.071 1.508 0.128 1.445 1.275 1.705 1.675 1.145 0.074 0.694 0.604 0.000 1.340 0.650 1.250 0.000 0.000 0.000 1.280 1.330 0.000 0.128 0.598 0.248 0.218 0.308 0.458 0.208
