includes/overflow_coast_co/floodfiles/results/res-0009.wdfp
ncols         906
nrows         631
xllcorner     362177.146667
yllcorner     6534725.688020
cellsize      20.000000
NODATA_value  -9999.000000
[rows 340 to 373 of 631, columns 693 to 769 of 906]
1.398 1.298 0.368 0.678 0.488 0.308 0.000 0.000 0.000 0.000 0.000 0.000 0.000 0.000 0.581 0.000 0.002 0.044 0.000 0.084 0.484 0.244 0.064 0.000 0.013 1.223 1.413 1.393 1.353 1.213 1.223 1.243 0.000 0.000 0.000 0.000 0.000 0.385 1.075 1.125 0.175 0.000 0.905 0.755 0.003 0.000 0.225 0.000 0.183 0.803 0.523 0.753 1.093 0.913 0.623 0.363 0.873 0.723 0.893 0.923 0.943 0.673 0.993 1.033 1.133 1.003 0.953 1.113 1.183 1.043 1.023 0.853 0.023 0.000 0.993 1.063 1.013
1.468 0.298 0.588 0.608 0.568 0.918 0.688 0.218 0.498 0.398 0.578 0.000 0.191 0.000 2.921 0.000 0.000 0.000 0.000 0.114 0.000 0.036 0.000 1.253 1.353 1.233 1.073 1.283 1.303 1.263 1.393 1.403 0.103 0.000 0.000 0.000 0.000 0.000 0.000 0.375 0.045 0.133 0.000 0.054 0.000 0.013 0.103 0.283 0.763 0.153 0.053 0.163 0.333 0.393 0.843 1.013 0.983 0.513 0.793 0.913 1.023 0.913 1.203 0.853 1.063 0.903 1.073 0.953 0.963 1.033 1.083 0.953 0.013 0.000 0.743 1.043 0.853
0.548 0.698 0.688 0.638 0.628 0.778 0.388 0.558 0.488 0.658 0.738 0.000 0.000 0.301 0.111 0.052 0.000 0.093 0.014 0.006 0.063 0.343 0.000 0.000 0.000 0.000 0.423 0.000 0.000 0.075 0.000 0.000 0.002 0.023 0.000 0.000 0.000 0.000 0.000 0.000 0.000 0.073 0.223 0.193 0.005 0.023 0.293 0.123 0.123 0.483 0.783 0.903 0.793 0.803 0.893 1.013 0.943 1.173 0.763 0.983 0.823 0.953 0.453 0.953 0.833 0.943 0.933 0.953 1.113 1.033 0.903 0.703 0.993 0.563 1.193 0.000 1.323
1.368 0.758 0.588 0.608 0.718 1.388 0.478 0.388 0.548 0.698 1.098 0.143 0.000 1.821 0.000 0.273 0.913 0.773 0.583 0.353 0.623 0.633 0.343 0.153 0.123 0.044 0.048 0.263 0.483 0.103 0.233 0.183 0.473 0.343 0.373 0.553 0.403 0.353 0.373 0.000 0.163 0.233 0.583 0.973 0.653 0.613 0.233 0.023 0.443 0.953 0.783 0.963 0.913 0.873 1.063 1.003 0.893 0.763 0.783 0.833 1.133 0.943 0.853 0.563 0.763 0.953 0.963 0.923 0.903 0.953 0.663 1.033 1.083 0.143 1.153 0.000 1.243
0.708 0.000 0.678 0.568 0.658 0.648 0.528 0.668 0.708 0.688 1.028 0.187 0.530 1.571 0.471 0.000 0.933 0.943 1.083 1.053 1.153 1.163 1.213 1.213 0.963 1.023 0.783 1.213 1.163 1.053 1.073 1.173 1.063 1.173 1.063 1.133 1.063 0.783 1.103 0.653 0.653 0.483 0.913 0.843 0.923 1.013 1.083 1.073 0.383 1.043 1.093 0.933 1.023 0.913 1.193 1.053 1.023 0.893 0.343 0.873 0.913 1.013 0.893 0.633 1.113 0.943 1.043 1.223 0.603 0.393 0.753 0.963 0.813 0.803 0.000 0.893 0.933
0.798 0.078 0.000 1.968 1.358 0.000 0.548 0.518 0.578 0.848 0.578 0.000 2.780 0.000 0.492 0.873 0.983 1.053 1.053 1.143 1.323 1.253 1.213 1.323 1.303 1.273 0.863 1.293 1.073 1.143 1.133 1.263 1.243 1.223 1.243 1.293 1.053 1.613 1.203 1.033 1.013 1.153 0.943 0.973 1.153 1.193 1.103 1.103 0.443 0.983 1.043 1.063 1.013 0.893 1.303 1.033 1.043 0.933 0.383 0.843 0.893 1.013 0.883 0.733 0.503 0.773 0.843 0.793 0.953 0.983 0.553 1.013 0.943 0.000 0.983 0.603 0.663
0.688 0.758 0.658 0.708 0.688 0.358 0.000 2.058 1.788 0.000 0.000 0.000 0.330 2.050 0.000 1.083 1.153 1.083 1.123 1.073 1.473 1.273 1.303 1.223 1.203 1.173 1.053 1.133 1.103 1.133 1.193 1.183 1.273 1.373 1.293 1.643 1.293 1.573 1.153 1.193 0.983 1.333 1.203 1.083 1.333 1.083 1.043 1.063 0.573 1.083 0.993 1.003 1.023 0.933 1.153 1.063 1.253 1.033 1.353 0.833 1.053 0.773 0.973 0.833 0.823 0.733 0.873 0.793 0.973 1.083 1.033 0.793 0.000 0.000 1.063 0.633 0.733
0.678 0.818 0.658 0.658 0.768 1.758 1.808 1.718 0.619 0.420 0.000 1.467 0.000 0.090 0.000 0.883 1.123 1.133 1.073 1.053 1.603 1.233 1.213 1.153 0.693 0.903 0.763 1.243 1.113 1.233 1.183 1.223 1.283 1.233 1.323 1.603 1.163 1.303 1.213 1.373 1.113 1.083 1.103 1.033 1.123 0.973 1.053 1.093 0.643 1.053 0.903 1.013 1.083 1.093 1.023 1.093 1.143 1.093 0.963 0.883 0.963 0.963 0.933 0.973 0.983 0.823 0.983 0.953 0.983 1.033 0.903 1.173 0.933 1.263 0.943 0.823 0.903
0.738 0.648 0.708 0.758 1.738 1.378 1.398 0.768 0.929 0.532 0.565 2.418 0.000 0.000 0.000 1.053 1.103 1.153 1.003 1.073 1.563 0.983 1.123 1.183 1.083 0.893 0.763 1.163 1.133 1.193 1.243 1.193 1.343 1.263 1.283 1.523 1.053 1.283 1.093 1.263 1.013 1.043 0.963 1.053 1.143 1.103 1.023 1.123 0.533 1.103 1.083 1.093 1.123 1.143 1.063 1.103 1.123 1.273 0.953 0.333 0.903 1.053 0.853 1.023 0.903 0.683 1.103 0.883 0.973 1.043 1.253 0.000 0.000 1.253 0.853 0.903 0.993
0.648 0.728 0.628 0.928 0.498 0.578 0.628 0.918 0.649 1.802 0.795 2.128 0.000 0.822 0.000 1.093 1.013 1.043 0.983 0.983 1.753 1.133 1.173 1.123 1.033 1.013 0.893 1.053 1.233 1.233 1.193 1.213 1.283 1.253 1.143 1.163 1.113 1.213 1.063 1.103 0.933 0.933 0.983 0.963 1.103 1.103 1.023 1.093 0.663 1.133 1.073 1.073 1.193 1.463 0.913 1.083 1.013 1.113 1.123 0.863 0.883 0.953 1.033 0.963 0.883 0.743 0.903 0.933 1.083 0.053 1.423 0.000 1.383 1.343 0.853 0.923 0.933
0.738 0.748 0.748 0.888 0.798 0.968 1.498 1.208 0.608 0.112 0.248 0.872 0.702 0.052 0.000 0.973 1.083 1.043 1.213 1.023 1.903 1.123 1.273 1.083 0.793 0.673 1.003 1.063 1.273 1.173 1.193 1.133 1.283 1.123 1.113 1.143 1.173 1.003 1.023 1.133 0.993 1.053 0.933 0.993 1.053 1.143 0.943 0.973 0.753 1.253 1.123 1.133 1.193 1.403 0.973 1.063 1.013 1.113 1.203 0.983 1.063 0.833 0.993 1.033 1.113 1.023 0.953 1.293 0.063 1.273 0.923 1.243 1.403 1.043 0.933 0.983 0.873
0.668 0.458 0.818 0.748 1.498 1.368 1.728 1.138 0.758 0.099 0.000 1.668 0.000 0.000 0.000 0.033 1.063 1.083 1.023 0.983 1.713 1.083 1.043 1.123 0.813 1.083 1.163 1.253 1.243 1.283 1.193 1.053 1.193 1.103 1.043 0.973 1.133 1.113 0.933 0.993 1.143 0.933 1.023 1.093 0.953 1.323 1.193 0.963 0.763 1.043 1.153 1.193 1.173 1.253 0.953 1.003 0.993 1.113 1.133 1.083 0.753 1.093 1.103 1.183 1.013 0.983 0.000 1.243 0.000 1.123 0.843 0.813 0.693 0.893 0.733 0.783 0.763
0.358 0.488 0.458 0.548 0.628 0.548 0.828 1.108 0.498 0.308 0.000 2.729 0.000 0.000 0.252 0.000 0.653 1.053 1.043 1.073 1.413 1.043 1.133 0.793 0.663 0.883 1.443 1.333 1.633 1.043 1.203 1.093 1.153 1.083 1.023 0.753 1.093 0.983 0.933 1.003 1.033 0.953 0.983 1.093 1.363 1.053 1.003 1.083 0.703 1.203 1.133 1.093 1.103 0.963 1.043 1.023 1.063 1.213 1.283 1.173 0.573 0.833 1.193 1.013 1.233 0.893 0.000 0.000 1.213 1.193 0.713 0.283 0.483 0.263 0.733 0.973 0.673
1.757 0.567 0.538 0.578 0.918 0.708 1.278 0.588 1.418 0.348 0.000 2.359 0.089 0.000 1.512 0.222 0.000 1.033 1.033 1.093 1.143 1.043 0.753 0.943 0.803 1.253 1.663 1.293 1.653 1.033 1.113 1.193 1.183 1.063 1.103 0.893 1.173 0.963 0.953 0.963 1.213 0.883 1.013 1.423 0.963 1.053 1.133 1.133 0.933 1.113 1.063 1.113 1.133 1.083 1.033 1.113 1.003 1.093 1.133 1.123 0.963 0.933 0.923 1.053 1.043 0.853 0.000 0.000 1.253 1.303 0.473 0.453 0.823 0.463 0.883 0.883 0.833
0.435 0.000 0.087 1.567 1.457 1.217 0.837 0.587 0.000 0.000 0.000 2.709 0.000 0.000 1.502 1.482 0.252 0.000 1.013 1.083 1.063 1.213 0.703 0.923 1.023 1.223 1.793 1.433 1.553 1.213 1.133 1.153 1.143 1.083 1.153 0.893 1.043 1.023 0.873 0.973 1.113 0.883 0.833 1.133 0.923 0.993 1.213 1.203 1.013 1.073 1.223 1.173 1.113 1.003 1.123 1.183 1.023 1.153 1.153 1.123 0.963 1.003 1.153 1.073 1.053 1.023 0.000 0.000 1.083 1.013 0.373 0.693 0.803 0.873 1.033 0.933 0.873
0.545 0.565 0.576 0.547 0.637 0.627 0.537 0.627 0.377 0.000 0.000 1.592 0.012 1.682 1.162 1.292 1.442 0.412 0.000 0.723 1.073 1.103 0.863 0.863 1.073 1.113 1.403 1.383 1.373 1.173 1.113 1.243 1.123 1.093 1.173 0.833 1.043 1.103 1.083 0.873 1.083 1.443 0.603 0.973 1.083 1.063 1.153 1.063 0.953 1.183 1.123 1.113 1.203 1.063 1.083 1.263 1.413 1.193 1.213 1.243 1.033 0.813 1.043 0.963 1.013 0.943 0.093 1.033 1.233 0.703 0.983 0.813 1.043 1.063 0.963 0.893 0.763
0.000 0.405 0.426 0.586 0.546 0.537 0.467 0.487 0.427 0.000 0.000 1.607 2.391 1.622 1.462 0.942 1.172 1.402 0.652 0.000 0.953 1.023 1.023 0.973 1.123 1.263 1.323 1.283 1.303 1.313 1.273 1.183 1.143 1.093 1.103 0.783 1.073 1.163 1.063 1.113 1.213 1.003 0.783 1.053 1.113 1.073 1.073 1.063 1.033 1.133 1.153 1.153 1.253 1.083 1.033 1.183 1.333 1.203 1.103 1.173 1.153 0.453 1.113 0.983 0.963 0.000 1.093 0.000 0.933 1.083 1.023 0.863 1.083 0.513 0.213 0.863 0.693
0.382 0.535 0.485 0.596 0.596 0.506 0.526 0.657 0.567 0.000 1.630 0.281 0.000 1.632 1.132 1.472 1.542 0.962 1.232 0.642 0.622 0.873 1.023 0.923 0.793 1.203 1.333 1.173 1.223 1.263 1.243 1.163 1.103 1.213 1.223 0.983 1.243 1.193 1.103 0.843 1.043 1.013 0.923 1.133 1.203 1.133 1.053 0.973 1.133 1.133 1.323 1.313 1.223 1.093 1.033 1.563 1.273 1.163 1.123 1.103 1.193 0.463 0.983 0.123 0.001 0.522 0.000 1.133 0.613 1.023 0.953 0.963 1.003 0.953 0.383 0.903 0.000
0.501 0.093 0.445 0.586 0.716 0.676 0.616 0.686 0.187 0.028 1.644 0.331 0.000 1.662 1.502 1.282 1.232 1.322 0.942 1.252 0.982 1.402 1.593 1.353 1.073 1.403 1.303 1.203 1.273 1.293 1.293 1.153 1.193 1.243 1.313 1.033 1.093 1.203 1.053 1.163 1.093 1.083 1.043 1.103 1.173 1.063 1.023 1.093 1.173 1.143 1.473 1.143 1.193 1.173 1.073 1.213 1.303 1.383 1.183 1.133 1.153 1.053 0.303 0.000 0.502 0.000 1.173 1.273 0.883 1.123 0.953 0.883 0.933 0.983 0.813 0.000 0.000
0.601 0.591 0.382 0.212 0.143 0.163 0.133 0.093 0.000 2.901 0.671 0.221 0.000 1.432 1.052 1.382 1.202 1.242 1.432 1.112 1.312 0.902 0.583 0.993 0.703 1.403 1.293 1.163 1.263 1.243 1.343 1.233 1.183 1.253 1.253 1.093 1.123 1.273 1.383 1.203 1.093 1.113 0.973 1.203 1.253 1.153 1.023 1.243 1.183 1.243 1.303 1.193 1.103 1.163 1.123 1.163 1.173 1.253 1.313 1.183 1.243 1.083 0.963 0.000 0.000 1.093 1.103 1.203 1.043 1.013 0.843 0.853 0.863 0.323 0.000 0.000 0.000
0.250 0.420 0.420 0.470 0.330 0.360 0.540 0.590 0.000 1.681 0.041 0.221 1.212 1.582 0.692 1.192 1.402 1.012 1.132 1.442 0.912 0.772 0.000 0.000 1.193 1.283 1.283 1.263 1.233 1.293 1.373 1.263 1.253 1.363 1.293 1.163 1.153 1.093 0.853 1.093 1.133 1.133 1.033 1.103 1.183 1.203 1.093 1.133 1.253 1.213 1.373 1.313 1.203 1.193 1.083 1.083 1.183 1.103 1.423 1.103 1.093 1.093 0.483 0.000 0.000 0.263 1.343 1.143 0.443 0.983 0.883 1.243 1.043 0.703 0.000 0.000 0.000
0.790 0.530 0.620 0.510 0.410 0.520 0.680 0.000 1.705 0.005 0.005 0.000 1.772 1.302 0.812 0.862 1.112 1.182 0.782 1.172 1.482 0.000 1.272 0.292 0.000 1.493 1.203 1.153 1.253 1.203 1.373 1.303 1.333 1.283 1.333 1.173 1.123 1.183 0.903 1.183 1.053 1.173 1.023 1.143 1.163 1.233 1.113 1.183 1.163 1.163 1.173 1.293 1.133 1.223 1.153 1.003 1.183 1.093 1.353 1.083 1.083 1.123 0.000 0.263 0.393 0.263 1.363 0.263 0.043 0.933 0.913 1.203 0.593 0.000 0.000 0.000 0.001
0.820 0.690 0.700 0.550 0.450 0.390 0.610 0.000 1.721 0.602 0.132 0.000 1.592 1.232 1.132 1.152 0.762 1.042 1.302 0.752 1.322 0.000 1.692 1.572 1.012 0.000 0.543 0.943 1.263 1.323 1.383 1.423 1.403 1.263 1.153 1.213 1.143 0.933 0.863 1.323 1.073 1.203 1.133 1.253 1.203 1.263 1.323 1.293 1.123 1.243 1.283 1.213 1.223 1.243 1.393 1.133 1.173 1.033 1.143 1.173 1.123 0.000 0.000 0.643 0.983 0.463 0.823 0.773 0.363 0.933 0.303 0.053 0.000 0.000 0.001 0.000 0.000
0.660 0.770 0.410 0.390 0.570 0.210 0.000 1.662 0.000 0.182 0.292 0.242 0.932 1.182 1.402 1.012 0.852 0.932 0.842 1.392 1.002 0.000 1.572 0.552 1.002 0.523 0.523 0.000 1.303 1.253 1.213 1.393 1.253 1.173 1.103 1.233 1.113 0.893 0.963 1.153 1.103 1.073 1.103 1.253 1.213 1.183 1.373 1.143 1.193 1.213 1.243 1.243 1.323 1.233 1.423 1.093 1.413 0.543 0.000 0.323 0.263 0.283 0.213 0.333 0.363 0.083 0.743 0.393 1.023 1.423 0.000 0.000 0.000 0.001 0.000 0.000 0.000
0.819 0.540 0.290 0.570 0.560 0.710 0.037 1.681 0.117 0.000 0.000 0.000 0.222 1.132 1.242 1.422 1.112 1.072 1.102 1.052 1.862 0.000 1.702 0.482 1.142 0.833 1.623 0.813 0.000 1.653 1.253 1.193 1.323 1.273 1.183 1.243 1.043 0.963 0.953 1.203 1.183 1.163 1.283 1.413 1.303 1.143 1.333 0.913 1.133 1.323 1.243 1.163 1.183 1.363 0.000 0.063 0.273 0.000 0.000 0.000 1.393 1.243 1.353 1.373 0.000 0.103 0.000 0.673 0.763 0.613 0.000 0.000 0.001 0.000 0.000 0.000 0.000
0.000 0.000 0.000 0.041 0.810 0.000 0.666 0.000 0.001 0.000 0.105 0.006 0.000 0.160 1.562 1.362 1.542 1.222 1.312 1.322 1.102 1.012 1.692 0.462 1.202 1.593 1.733 1.693 1.663 0.443 0.173 1.223 1.283 1.243 1.193 1.463 0.983 1.213 1.093 1.153 1.323 1.203 1.363 1.263 1.183 1.153 1.223 0.533 1.053 1.313 0.763 0.000 0.143 0.393 0.493 0.353 0.303 0.123 1.483 0.113 0.203 0.000 0.343 0.693 0.343 0.000 0.623 0.353 0.203 0.000 0.000 0.000 0.000 0.000 0.000 0.000 0.000
0.127 0.244 0.424 0.404 0.000 0.000 0.685 0.000 0.000 0.000 0.000 0.000 0.103 0.169 0.057 1.262 1.162 1.302 0.752 1.502 0.000 1.702 1.792 0.712 1.272 1.673 1.663 1.573 1.573 1.353 0.953 0.000 1.453 1.173 1.173 1.453 1.013 1.343 1.213 1.263 1.553 1.343 1.473 1.243 0.973 0.933 1.353 0.000 0.273 0.263 0.000 0.000 0.002 0.383 0.303 0.343 0.443 1.253 0.000 0.633 0.573 0.753 1.223 0.383 0.263 0.813 0.633 0.273 0.000 0.001 0.000 0.000 0.000 0.000 0.000 0.000 0.001
0.289 0.344 0.223 0.000 0.000 0.711 0.703 1.627 1.536 1.686 0.054 0.041 0.157 0.128 0.034 0.000 1.062 1.182 1.392 1.012 0.000 1.572 1.732 0.742 1.342 1.603 1.483 1.653 0.853 1.473 1.403 1.333 1.293 1.153 0.000 0.000 1.223 1.453 1.333 1.073 1.513 1.083 1.213 0.763 0.000 0.253 0.303 0.000 0.002 0.253 0.113 0.000 0.000 0.000 0.403 0.000 1.583 0.000 1.033 0.853 1.153 0.793 0.553 0.653 0.000 0.473 0.393 0.000 0.000 0.000 0.000 0.000 0.000 0.000 0.000 0.032 0.000
0.578 0.242 0.097 0.000 0.117 0.729 0.000 0.000 0.000 0.000 0.000 2.645 0.000 1.647 0.068 0.001 0.032 0.902 1.092 1.572 0.000 1.622 0.622 1.262 0.842 1.683 0.773 1.593 1.013 1.423 1.293 1.243 1.263 1.293 1.363 1.443 1.433 1.503 0.893 0.000 0.000 0.000 0.000 0.000 0.761 0.000 0.000 0.000 0.000 0.005 0.253 0.193 0.203 0.000 1.133 0.983 0.000 0.993 1.223 0.843 0.543 0.463 0.173 0.393 0.233 0.203 0.000 0.000 0.000 0.000 0.000 0.000 0.000 0.000 0.032 0.000 0.000
0.138 0.396 0.246 0.000 0.636 0.000 0.000 0.275 0.375 0.000 0.000 0.755 2.025 0.296 0.000 0.000 0.005 0.172 0.000 1.602 0.802 1.682 0.762 1.412 0.852 1.793 0.853 1.743 1.033 1.383 1.293 1.333 1.303 1.373 1.493 1.333 1.453 1.353 0.000 0.422 0.000 0.000 0.000 0.000 0.000 0.000 0.007 0.000 0.000 0.000 0.000 1.343 0.633 0.073 0.000 0.873 1.043 1.103 0.553 0.253 0.043 0.563 0.403 0.303 0.313 0.000 0.000 0.000 0.000 0.000 0.000 0.000 0.033 0.000 0.000 0.000 0.000
0.060 0.343 0.122 0.656 1.662 0.000 0.000 0.115 0.285 0.000 0.275 0.325 0.265 0.000 1.962 0.000 0.702 0.052 0.142 0.082 0.000 1.312 1.722 1.602 1.352 1.583 1.433 1.583 1.413 1.593 0.913 1.343 1.283 1.413 1.433 1.123 0.000 2.502 2.132 2.222 0.242 0.000 0.000 0.062 1.632 2.102 2.332 2.032 0.000 1.395 0.000 0.000 0.000 0.323 0.733 0.723 0.723 1.083 0.663 0.633 0.613 0.663 0.002 0.000 0.000 0.000 0.000 0.000 0.000 0.000 0.000 0.023 0.013 0.000 0.000 0.073 0.001
0.221 0.204 0.000 0.577 0.000 0.000 0.000 0.000 0.000 1.135 0.265 0.315 0.425 0.345 0.000 0.000 2.792 1.642 0.072 2.592 2.722 1.252 2.102 2.622 0.682 0.532 0.152 0.182 0.180 0.000 0.000 0.000 0.000 0.019 0.179 0.100 1.222 0.612 0.512 0.742 1.002 0.832 1.022 1.072 1.052 1.002 0.922 0.000 0.003 0.034 0.000 0.423 0.653 1.243 0.863 0.633 0.323 0.583 0.683 0.723 0.633 0.483 0.000 0.000 0.002 0.000 0.000 0.000 0.000 0.000 0.000 0.000 0.000 0.000 0.061 0.000 0.000
0.306 0.147 0.550 0.547 0.000 0.216 0.036 0.000 0.163 0.084 0.355 0.425 0.305 0.245 0.205 0.127 0.000 0.112 0.252 0.262 0.242 0.162 0.043 0.000 0.132 1.802 0.112 0.000 0.722 2.382 1.242 0.662 0.472 2.122 0.283 2.293 0.000 0.142 0.032 0.932 1.172 1.012 1.092 0.982 0.972 0.432 0.242 0.132 0.232 0.842 0.982 0.402 0.003 0.000 0.163 0.153 0.153 0.463 0.513 0.533 0.303 0.000 0.000 0.002 0.000 0.000 0.000 0.000 0.000 0.000 0.000 0.000 0.020 0.080 0.000 0.000 0.002
0.236 0.000 0.560 0.000 0.000 1.096 0.506 0.000 0.173 0.283 0.294 0.275 0.275 0.325 0.076 0.249 0.079 0.322 0.232 0.000 0.000 0.172 0.023 0.000 0.372 0.073 2.352 2.782 0.000 0.512 0.332 0.000 0.000 0.000 0.282 0.061 0.091 0.099 0.311 0.812 1.102 1.032 1.092 0.982 0.022 0.402 0.182 0.422 0.752 0.762 0.492 0.452 0.372 0.253 0.373 0.393 0.063 0.313 0.213 0.053 0.000 0.000 0.002 0.000 0.000 0.000 0.000 0.000 0.000 0.000 0.000 0.000 0.110 0.070 0.001 0.046 0.126
