includes/overflow_coast_co/floodfiles/results/res.totaltm
ncols         906
nrows         631
xllcorner     362177.146667
yllcorner     6534725.688020
cellsize      20.000000
NODATA_value  -9999.000000
[rows 510 to 543 of 631, columns 380 to 455 of 906]
13.787 13.793 9.531 13.787 8.067 13.769 7.865 10.909 10.455 12.991 11.431 10.742 8.594 8.868 8.650 9.201 9.349 7.578 7.225 7.509 9.908 9.701 5.522 0.498 0.000 0.000 0.000 0.604 9.481 5.596 11.148 11.387 11.340 11.282 0.000 0.000 0.000 0.000 0.000 0.000 0.000 0.000 0.000 0.000 0.000 0.000 0.000 0.000 0.000 0.000 0.000 0.000 0.000 0.000 0.000 0.000 0.000 0.000 0.000 13.772 8.304 10.178 8.195 14.145 12.479 14.258 10.629 11.373 8.731 9.277 10.093 11.769 11.629 11.394 11.200 8.711
8.144 13.827 9.129 13.531 8.352 8.336 13.807 13.793 14.500 11.834 9.794 12.716 11.596 9.030 8.253 13.688 9.011 7.681 7.227 6.923 10.203 6.507 0.380 4.249 0.000 0.000 8.547 2.317 2.220 11.998 5.315 11.422 11.370 11.305 0.000 0.000 0.000 0.000 0.000 0.000 0.000 0.000 0.000 0.000 0.000 0.000 0.000 0.000 0.000 0.000 0.000 0.000 0.000 0.000 0.000 0.000 8.023 8.677 7.441 8.831 13.836 10.602 8.137 8.800 8.335 11.518 9.319 14.500 14.500 14.500 8.474 11.429 11.586 11.493 11.609 8.678
8.172 13.851 12.372 12.306 8.306 10.385 13.825 7.958 8.843 7.744 13.820 7.815 12.248 8.029 9.732 9.634 9.706 7.367 7.392 7.413 10.541 6.157 0.323 0.000 0.410 8.280 2.158 12.066 12.024 12.011 2.457 0.000 0.000 0.000 0.000 0.000 0.000 0.000 0.000 0.000 0.000 0.000 0.000 0.000 0.000 0.000 0.000 0.000 0.000 0.000 0.000 0.000 0.000 0.000 0.000 8.469 6.875 11.064 13.824 9.308 13.878 9.230 8.523 8.930 8.168 14.500 14.500 14.500 8.802 8.226 9.453 11.106 11.475 11.515 11.729 11.644
14.270 14.500 8.624 10.836 11.726 13.771 14.252 8.085 8.840 14.500 14.500 8.372 12.547 8.014 13.777 8.808 9.978 7.544 7.507 10.939 11.070 6.201 0.464 0.654 8.220 2.144 12.140 12.093 12.043 11.992 2.272 0.000 0.000 0.000 0.000 0.000 0.000 0.000 0.000 0.000 0.000 0.000 0.000 0.000 0.000 0.000 0.000 0.000 0.000 0.000 0.000 0.000 0.000 7.941 13.745 13.753 13.779 13.819 13.846 14.027 14.064 14.096 8.089 9.792 14.500 14.500 8.667 8.813 14.500 8.274 9.848 10.835 11.328 11.685 12.203 11.860
14.500 9.052 8.913 13.874 9.302 14.500 9.598 8.173 11.376 13.647 10.070 9.694 10.728 13.838 9.947 10.130 10.109 7.675 7.292 11.036 6.794 6.436 0.423 8.397 2.136 12.269 12.171 12.113 1.810 2.228 8.530 0.000 0.000 0.000 0.000 0.000 0.000 0.000 0.000 0.000 0.000 0.000 0.000 0.000 0.000 0.000 0.000 0.000 0.000 0.000 0.000 0.000 10.969 13.715 13.721 6.751 13.770 7.344 7.644 9.610 14.096 14.184 14.214 14.500 14.500 8.706 9.472 9.732 8.776 9.696 8.696 10.618 11.425 12.095 12.249 12.030
10.135 11.055 8.803 13.837 8.697 14.500 8.820 14.384 14.500 8.375 14.500 8.023 11.159 11.447 9.614 9.371 7.805 8.000 7.595 11.128 7.012 6.678 0.471 2.061 12.327 12.352 1.162 1.785 8.230 0.687 0.000 0.000 0.000 0.000 0.000 0.000 0.000 0.000 0.000 0.000 0.000 0.000 0.000 0.000 0.000 0.000 0.000 0.000 0.000 0.000 8.006 8.801 6.004 13.709 6.572 6.849 7.105 7.489 7.759 13.991 14.133 9.427 14.500 14.500 14.500 14.500 14.500 13.903 12.695 11.579 10.771 11.003 11.751 12.107 12.291 12.169
11.300 11.810 12.957 14.008 14.315 14.500 12.736 14.144 8.688 8.701 9.797 8.663 13.533 10.170 14.107 9.236 13.841 8.034 8.679 11.233 8.012 9.449 0.353 2.140 1.827 12.371 4.410 2.772 0.000 0.000 0.000 0.000 0.000 0.000 0.000 0.000 0.000 0.000 0.000 0.000 0.000 0.000 0.000 0.000 0.000 0.000 0.000 0.000 5.512 7.939 13.722 13.723 13.713 13.703 13.689 13.682 7.177 7.578 7.842 8.041 11.349 11.654 14.077 14.500 14.500 14.500 14.500 14.500 14.303 13.464 13.074 12.494 11.984 12.147 12.341 12.290
11.913 12.810 13.742 14.292 14.498 14.500 13.255 13.803 10.794 11.692 12.708 13.337 13.288 8.945 9.931 9.864 8.655 8.287 11.167 11.271 9.596 9.530 6.078 6.572 13.401 13.354 6.892 5.978 0.000 0.000 0.000 0.000 0.000 0.000 0.000 0.000 0.000 0.000 0.000 0.000 0.000 0.000 0.000 0.000 0.000 0.000 0.000 4.984 6.695 13.740 13.757 13.734 13.715 13.706 6.681 6.953 7.289 7.655 7.919 8.158 10.941 11.489 12.572 14.500 14.500 14.500 14.500 14.500 14.500 14.500 14.412 13.540 12.544 12.286 12.407 12.404
12.683 13.510 14.133 14.443 14.500 14.500 13.323 13.418 11.340 12.028 12.656 8.726 13.520 10.964 11.543 11.024 11.120 8.703 11.338 11.307 9.932 10.483 8.411 9.061 13.529 13.485 12.098 7.338 8.097 5.353 0.000 0.000 0.000 0.000 0.000 0.000 0.000 0.000 0.000 0.000 0.000 0.000 0.000 0.000 0.000 0.000 4.689 6.053 8.790 8.441 13.765 6.639 6.740 6.828 6.951 7.057 7.366 7.724 7.988 8.231 10.570 11.133 11.753 14.500 14.500 14.500 14.500 14.500 14.500 14.500 14.500 14.258 13.327 12.635 12.522 12.519
13.317 13.961 14.349 14.486 14.498 14.429 13.240 13.099 11.705 12.183 12.590 12.218 13.437 11.341 11.604 10.963 8.631 11.291 11.405 11.433 11.585 13.521 9.578 13.465 13.680 13.445 9.769 7.984 7.818 6.619 0.000 0.000 0.000 0.000 0.000 0.000 0.000 0.000 0.000 0.000 0.000 0.000 0.000 0.000 0.000 4.327 5.902 8.978 13.790 7.827 12.395 7.043 7.188 7.294 7.426 7.549 7.651 7.759 8.027 8.285 9.983 10.666 11.234 13.881 14.500 14.500 14.500 14.500 14.500 14.500 14.500 14.499 14.053 13.190 12.754 12.659
13.789 14.233 14.443 14.487 14.467 14.239 13.153 12.916 11.963 12.309 12.630 12.697 13.339 11.465 11.562 11.125 11.243 11.451 11.515 11.709 12.627 13.657 9.575 14.092 13.719 13.748 9.101 8.010 7.831 7.143 0.000 0.000 0.000 0.000 0.000 7.885 8.619 7.542 6.654 0.000 0.000 0.000 0.000 0.000 0.000 0.000 13.400 7.280 13.798 8.241 13.814 7.515 7.658 7.766 7.863 7.957 8.047 8.134 8.213 8.567 9.411 10.158 10.746 12.793 14.500 14.500 14.500 14.500 14.500 14.500 14.500 14.500 14.435 13.828 13.138 12.851
14.109 14.382 14.470 14.474 14.382 14.041 13.112 12.817 12.161 12.436 12.716 12.874 13.235 11.554 11.566 11.329 11.479 11.598 11.859 12.512 13.474 14.156 14.500 11.357 14.500 10.173 13.905 8.621 8.144 7.813 0.000 0.000 0.000 13.670 13.693 13.700 13.706 13.714 10.521 7.583 7.832 0.000 0.000 0.000 0.000 0.000 0.000 13.793 13.811 13.833 8.484 8.898 8.028 8.144 8.221 8.601 8.809 9.049 9.109 9.167 9.359 9.550 10.080 11.915 14.500 14.500 14.500 14.500 14.500 14.500 14.500 14.500 14.500 14.304 13.650 13.140
14.306 14.443 14.470 14.433 14.282 13.887 13.078 12.790 12.323 12.563 12.782 12.940 13.127 11.640 11.627 11.536 11.621 11.774 12.237 13.331 14.287 14.500 14.500 14.274 13.574 10.251 9.600 8.033 7.848 13.843 7.409 7.196 6.969 6.743 13.699 13.707 13.716 13.726 13.748 13.757 13.769 13.763 13.744 7.869 13.772 13.814 0.000 7.943 8.146 10.279 10.539 9.100 9.331 9.277 9.224 9.220 9.255 9.302 9.352 9.402 9.517 9.667 9.967 11.021 14.500 14.500 14.500 14.500 14.500 14.500 14.500 14.500 14.500 14.500 14.191 13.575
14.409 14.461 14.453 14.387 14.196 13.754 13.069 12.809 12.468 12.675 12.836 12.963 13.024 11.733 11.729 11.694 11.780 12.023 12.769 13.907 14.460 14.500 14.500 14.500 13.151 10.279 9.995 9.113 8.861 8.465 8.001 7.806 7.565 7.301 13.712 13.725 7.187 13.759 13.776 7.383 13.803 7.491 7.573 13.841 7.878 8.808 8.563 8.856 9.082 10.796 10.743 10.088 9.739 9.590 9.507 9.473 9.491 9.530 9.585 9.669 9.986 10.767 11.699 14.479 14.436 14.500 14.500 14.500 14.500 14.500 14.500 14.500 14.500 14.500 14.500 14.463
14.450 14.462 14.439 14.346 14.107 13.646 13.082 12.851 12.601 12.765 12.877 12.965 12.929 11.838 11.849 11.848 11.969 12.367 13.309 14.203 14.465 14.450 14.500 14.500 14.500 14.500 10.266 9.429 9.340 9.277 9.037 8.570 8.118 7.936 7.712 7.806 7.891 7.979 8.175 8.213 13.814 11.871 10.001 9.012 8.962 9.554 9.483 9.422 9.356 10.685 10.809 10.480 10.109 9.880 9.780 9.763 9.923 10.214 10.304 10.429 10.770 11.597 14.395 14.500 14.421 14.500 14.500 14.500 14.500 14.500 14.500 14.500 14.500 14.500 14.500 14.500
14.466 14.468 14.428 14.299 14.021 13.570 13.115 12.908 12.714 12.839 12.913 12.952 12.854 11.955 11.981 12.009 12.194 12.744 13.629 14.168 14.099 14.276 14.500 14.500 14.500 14.500 13.775 12.195 9.678 9.534 9.369 9.245 9.118 8.992 8.324 8.603 8.753 8.861 9.112 9.151 14.500 13.676 11.924 10.617 9.803 9.728 9.698 9.644 9.591 10.660 11.220 11.089 11.245 11.156 10.673 10.429 10.389 10.460 10.562 10.762 11.260 12.496 14.500 14.455 14.033 13.003 14.500 14.500 14.500 14.500 14.500 14.500 14.500 14.500 14.500 14.500
14.489 14.475 14.410 14.248 13.944 13.526 13.158 12.969 12.812 12.905 12.948 12.930 12.806 12.081 12.123 12.183 12.435 12.995 13.602 13.560 13.854 14.176 14.484 14.500 14.500 14.500 14.427 13.437 11.631 10.806 9.708 9.576 9.451 9.325 9.193 9.274 9.318 9.356 9.390 9.431 14.408 14.094 12.741 11.473 10.584 10.123 10.008 10.036 10.264 12.653 12.807 12.256 11.746 11.374 10.974 10.737 10.650 10.692 10.818 11.155 12.095 14.500 14.500 14.266 13.749 13.363 14.163 14.500 14.500 14.500 14.500 14.500 14.500 14.500 14.500 14.500
14.500 14.479 14.390 14.198 13.884 13.515 13.211 13.034 12.901 12.966 12.980 12.905 12.792 12.216 12.267 12.354 12.607 13.002 13.065 13.411 13.739 14.073 14.432 14.500 14.500 14.500 14.500 14.177 12.939 11.612 10.700 10.448 9.799 9.655 9.527 9.607 9.653 9.689 9.724 9.767 14.500 14.500 14.500 14.500 11.568 10.930 10.557 10.380 10.564 12.508 12.776 12.440 11.991 11.603 11.230 10.999 10.896 10.923 11.106 11.638 13.011 14.500 14.500 13.965 13.390 12.864 12.041 14.467 14.500 14.500 14.500 14.500 14.500 14.500 14.500 14.500
14.500 14.489 14.367 14.151 13.845 13.526 13.265 13.099 12.984 13.023 13.010 12.907 12.803 12.353 12.405 12.478 12.637 12.754 13.044 13.356 13.649 13.973 14.358 14.500 14.500 14.500 14.500 14.459 13.798 12.604 11.440 10.801 10.506 10.465 9.907 10.090 12.064 12.702 13.868 14.500 14.500 14.500 14.500 14.370 11.465 10.866 10.627 10.532 10.574 12.380 12.740 12.547 12.187 11.825 11.475 11.242 11.131 11.166 11.485 12.518 14.500 14.500 14.389 13.624 13.072 12.631 12.349 12.882 14.495 14.500 14.500 14.500 14.500 14.500 14.500 14.500
14.500 14.500 14.494 14.238 13.900 13.556 13.324 13.169 13.063 13.081 13.044 12.930 12.824 12.475 12.501 12.512 12.562 12.766 13.041 13.328 13.587 13.885 14.270 14.494 14.500 14.500 14.500 14.500 14.293 13.432 12.299 11.355 10.862 11.141 11.482 12.224 13.231 14.044 14.495 14.500 14.500 14.500 14.495 14.072 11.364 10.869 10.773 10.753 10.904 12.151 12.685 12.615 12.343 12.029 11.707 11.475 11.364 11.436 11.975 13.421 14.500 14.500 14.084 13.303 12.803 12.420 12.120 11.740 13.528 14.491 14.500 14.500 14.500 14.500 14.500 14.500
14.500 14.500 14.500 14.400 14.249 14.026 13.506 13.277 13.146 13.137 13.084 12.970 12.858 12.556 12.522 12.513 12.603 12.793 13.053 13.320 13.551 13.812 14.180 14.462 14.500 14.500 14.500 14.500 14.477 14.035 13.085 12.067 11.940 11.998 12.558 13.357 14.106 14.481 14.500 14.500 14.500 14.500 14.416 13.681 11.297 10.978 10.957 11.036 11.319 11.837 12.574 12.648 12.461 12.204 11.920 11.701 11.600 11.805 12.892 14.500 14.500 14.481 13.713 13.022 12.588 12.259 12.008 11.839 12.074 13.662 14.477 14.500 14.500 14.500 14.500 14.500
14.500 14.500 14.500 14.449 14.308 14.108 13.735 13.541 13.453 13.305 13.195 13.032 12.873 12.564 12.543 12.564 12.650 12.826 13.074 13.329 13.537 13.760 14.096 14.409 14.498 14.500 14.500 14.500 14.500 14.375 13.734 13.429 12.542 12.808 13.474 14.105 14.466 14.500 14.500 14.500 14.500 14.500 14.243 13.277 11.278 11.138 11.171 11.313 11.594 11.960 12.114 12.625 12.550 12.350 12.112 11.917 11.847 12.295 13.769 14.500 14.500 14.259 13.365 12.789 12.417 12.128 11.895 11.706 11.504 12.781 13.735 14.462 14.500 14.500 14.500 14.500
14.500 14.500 14.500 14.498 14.370 14.180 13.861 13.680 13.580 13.487 13.438 13.399 12.962 12.682 12.636 12.635 12.706 12.869 13.104 13.348 13.546 13.738 14.021 14.345 14.483 14.500 14.500 14.500 14.500 14.495 14.500 13.635 13.077 13.570 14.124 14.451 14.500 14.500 14.500 14.500 14.500 14.475 13.987 12.861 11.357 11.319 11.393 11.557 11.813 12.095 12.218 12.310 12.572 12.460 12.277 12.124 12.171 13.231 14.500 14.500 14.500 13.890 13.079 12.608 12.286 12.031 11.822 11.654 11.515 11.579 12.979 13.775 14.442 14.500 14.500 14.500
14.500 14.500 14.500 14.500 14.435 14.259 13.985 13.818 13.710 13.616 13.550 13.507 12.872 12.838 12.904 12.938 12.939 13.025 13.176 13.391 13.572 13.732 13.971 14.278 14.458 14.500 14.500 14.500 14.500 14.500 14.500 13.680 13.677 14.141 14.442 14.500 14.500 14.500 14.500 14.500 14.500 14.358 13.690 12.469 11.493 11.510 11.611 11.781 12.008 12.224 12.306 12.331 12.384 12.513 12.408 12.322 12.635 14.092 14.500 14.500 14.399 13.518 12.856 12.472 12.194 11.973 11.796 11.664 11.579 11.558 12.206 13.108 13.803 14.387 14.227 14.418
14.500 14.500 14.500 14.500 14.499 14.353 14.107 13.951 13.847 13.751 13.702 13.554 12.724 12.790 12.919 13.027 13.123 13.339 13.748 13.905 13.947 13.878 13.976 14.227 14.428 14.492 14.500 14.500 14.500 14.500 14.484 13.950 14.169 14.440 14.500 14.500 14.500 14.500 14.500 14.500 14.494 14.170 13.356 12.271 11.658 11.706 11.821 11.988 12.184 12.340 12.391 12.391 12.374 12.419 12.502 12.567 13.554 14.500 14.500 14.500 14.090 13.211 12.694 12.376 12.138 11.945 11.788 11.657 11.540 11.403 11.150 12.482 13.159 13.216 13.593 14.180
14.500 14.500 14.500 14.500 14.500 14.438 14.240 14.090 13.984 13.925 13.801 13.594 12.678 12.559 12.882 13.035 13.154 13.320 13.639 13.989 14.296 14.500 14.500 14.500 14.500 14.500 14.500 14.500 14.500 14.500 14.500 14.314 14.447 14.500 14.500 14.500 14.500 14.500 14.500 14.500 14.422 13.933 13.012 12.225 11.834 11.906 12.026 12.181 12.342 12.456 12.487 12.480 12.461 12.449 12.506 12.972 14.342 14.500 14.500 14.484 13.720 12.987 12.584 12.319 12.110 11.938 11.788 11.653 11.527 11.410 11.330 11.750 12.168 12.517 13.228 13.836
14.500 14.500 14.500 14.500 14.500 14.500 14.366 14.232 14.155 14.038 13.880 13.633 12.696 12.199 12.774 13.013 13.162 13.318 13.555 13.836 14.122 14.441 14.500 14.500 14.500 14.500 14.500 14.500 14.500 14.500 14.500 14.500 14.500 14.500 14.500 14.500 14.500 14.500 14.500 14.500 14.282 13.662 12.798 12.267 12.025 12.109 12.231 12.370 12.503 12.594 12.627 12.648 12.703 12.841 13.102 13.767 14.500 14.500 14.500 14.280 13.398 12.835 12.517 12.290 12.104 11.941 11.792 11.647 11.506 11.358 11.177 10.802 11.436 12.184 12.862 13.486
14.500 14.500 14.500 14.500 14.500 14.500 14.498 14.405 14.278 14.138 13.956 13.668 12.715 11.962 12.539 12.949 13.148 13.313 13.512 13.746 14.008 14.481 14.500 14.500 14.500 14.500 14.500 14.500 14.500 14.500 14.500 14.500 14.500 14.500 14.500 14.500 14.500 14.500 14.500 14.464 14.109 13.425 12.845 12.503 12.373 12.470 12.597 12.737 12.874 12.984 13.091 13.257 13.547 13.956 14.356 14.500 14.500 14.500 14.500 13.926 13.150 12.730 12.472 12.272 12.096 11.936 11.781 11.625 11.467 11.286 11.042 10.497 11.244 12.035 12.706 13.324
14.500 14.500 14.500 14.500 14.500 14.500 14.500 14.500 14.387 14.228 14.023 13.693 12.737 11.874 12.234 12.799 13.101 13.298 13.489 13.704 14.113 14.500 14.500 14.500 14.500 14.500 14.500 14.500 14.500 14.500 14.500 14.500 14.500 14.500 14.500 14.500 14.500 14.500 14.500 14.500 14.500 14.477 14.500 14.500 14.500 14.500 14.500 14.500 14.500 14.500 14.500 14.500 14.500 14.500 14.500 14.500 14.500 14.500 14.401 13.591 12.997 12.675 12.454 12.269 12.100 11.939 11.779 11.613 11.438 11.227 10.938 10.429 10.764 11.510 12.201 12.875
14.500 14.500 14.500 14.500 14.500 14.500 14.500 14.500 14.494 14.319 14.090 13.713 12.764 11.968 11.857 12.557 12.996 13.257 13.469 13.772 14.500 14.500 14.500 14.500 14.500 14.500 14.500 14.500 14.500 14.500 14.500 14.500 14.500 14.500 14.500 14.500 14.500 14.500 14.500 14.500 14.500 14.500 14.500 14.500 14.500 14.500 14.500 14.500 14.500 14.500 14.500 14.500 14.500 14.500 14.500 14.500 14.500 14.500 14.160 13.366 12.915 12.652 12.453 12.276 12.109 11.944 11.776 11.598 11.400 11.155 10.753 10.595 10.696 11.087 11.691 12.310
14.500 14.500 14.500 14.500 14.500 14.500 14.500 14.500 14.500 14.404 14.150 13.723 12.795 12.059 11.673 12.285 12.819 13.181 13.489 14.500 14.500 14.500 14.500 14.500 14.500 14.500 14.500 14.500 14.500 14.500 14.500 14.500 14.500 14.500 14.500 14.500 14.500 14.500 14.500 14.500 14.500 14.500 14.500 14.500 14.500 14.500 14.500 14.500 14.500 14.500 14.500 14.500 14.500 14.500 14.500 14.500 14.500 14.500 14.219 13.224 12.871 12.646 12.461 12.288 12.119 11.948 11.770 11.578 11.358 11.077 10.656 10.680 10.779 10.804 11.268 11.811
14.500 14.500 14.500 14.500 14.500 14.500 14.500 14.500 14.500 14.484 14.207 13.732 12.831 12.147 11.621 12.056 12.622 13.142 14.047 14.500 14.500 14.500 14.500 14.500 14.500 14.500 14.500 14.500 14.500 14.500 14.500 14.500 14.500 14.500 14.500 14.500 14.500 14.500 14.500 14.500 14.500 14.500 14.500 14.500 14.500 14.500 14.500 14.500 14.500 14.500 14.500 14.500 14.500 14.500 14.500 14.500 14.500 14.500 14.500 13.275 12.855 12.651 12.473 12.300 12.127 11.949 11.759 11.550 11.301 10.904 10.772 10.789 10.874 10.862 11.003 11.408
14.500 14.500 14.500 14.500 14.500 14.500 14.500 14.500 14.500 14.500 14.255 13.737 12.873 12.238 11.713 11.924 12.595 13.531 14.500 14.500 14.500 14.500 14.500 14.500 14.500 14.500 14.500 14.500 14.500 14.500 14.500 14.500 14.500 14.500 14.500 14.500 14.500 14.500 14.500 14.500 14.500 14.500 14.500 14.500 14.500 14.500 14.500 14.500 14.500 14.500 14.500 14.500 14.500 14.500 14.500 14.500 14.500 14.500 14.500 14.500 12.905 12.662 12.485 12.310 12.131 11.944 11.740 11.512 11.227 10.794 10.842 10.891 10.975 11.003 10.952 11.167
14.500 14.500 14.500 14.500 14.500 14.500 14.500 14.500 14.500 14.500 14.301 13.746 12.921 12.348 12.033 11.954 12.983 14.500 14.500 14.500 14.500 14.500 14.500 14.500 14.500 14.500 14.500 14.500 14.500 14.500 14.500 14.500 14.500 14.500 14.500 14.500 14.500 14.500 14.500 14.500 14.500 14.500 14.500 14.500 14.500 14.500 14.500 14.500 14.500 14.500 14.500 14.500 14.500 14.500 14.500 14.500 14.500 14.500 14.500 14.500 14.500 12.699 12.497 12.317 12.129 11.930 11.710 11.455 11.043 10.899 10.932 10.996 11.080 11.127 11.084 11.105
