includes/overflow_coast_co/floodfiles/results/res.totaltm
ncols         906
nrows         631
xllcorner     362177.146667
yllcorner     6534725.688020
cellsize      20.000000
NODATA_value  -9999.000000
[rows 476 to 509 of 631, columns 456 to 531 of 906]
0.000 0.000 0.000 0.000 0.000 0.000 0.000 0.000 0.000 0.000 0.000 0.000 0.000 0.000 0.000 0.000 0.000 0.000 0.000 0.000 5.995 13.248 13.257 10.536 7.993 7.388 7.545 6.807 6.873 13.318 13.324 7.210 13.346 13.327 7.113 13.375 7.141 6.921 8.022 7.364 7.485 13.430 10.398 9.921 13.445 8.142 7.461 6.681 13.016 8.444 10.246 13.292 6.511 13.233 6.211 5.623 5.941 6.262 13.145 12.734 12.776 12.308 9.683 13.222 13.229 13.248 13.286 13.302 13.336 7.144 13.363 13.358 7.391 13.412 13.433 13.463
0.000 0.000 0.000 0.000 0.000 0.000 0.000 0.000 0.000 0.000 0.000 0.000 0.000 0.000 0.000 0.000 0.000 0.000 5.285 6.583 6.653 6.659 6.752 7.930 8.263 7.998 8.688 7.037 7.076 13.343 13.340 6.997 12.557 6.849 13.431 10.340 13.387 7.154 7.996 8.251 7.715 13.449 7.032 11.081 13.490 7.345 7.421 6.978 13.350 12.946 11.694 9.924 13.290 7.073 7.237 5.362 5.641 6.033 6.657 13.147 6.277 6.443 10.257 8.709 13.249 13.269 8.020 8.792 13.346 13.363 12.098 7.398 6.973 7.379 7.785 13.474
0.000 0.000 0.000 0.000 0.000 0.000 0.000 0.000 0.000 0.000 0.000 0.000 0.000 0.000 0.000 0.000 0.000 5.765 7.492 7.527 6.839 7.228 6.801 7.883 8.203 8.087 8.438 13.379 13.387 9.615 7.167 6.996 13.422 7.293 10.484 6.941 13.454 10.390 8.703 8.678 7.892 9.629 13.527 12.049 13.503 7.467 7.218 13.389 13.364 13.363 7.465 13.312 6.681 7.384 6.628 5.569 5.407 5.899 6.258 13.151 13.173 7.277 7.382 7.818 8.514 13.285 13.294 6.896 12.353 13.379 13.403 8.070 13.449 8.914 8.152 13.507
0.000 0.000 0.000 0.000 0.000 0.000 0.000 0.000 0.000 0.000 0.000 0.000 0.000 0.000 0.000 5.284 6.601 13.305 6.689 7.590 6.638 7.163 13.351 7.525 8.736 13.382 13.392 13.175 7.931 8.920 7.475 11.613 11.754 9.990 13.501 13.506 7.099 11.292 7.606 13.506 11.726 13.524 12.852 11.107 7.446 13.498 13.505 12.418 6.872 7.289 11.378 6.827 7.901 13.300 6.539 5.884 5.899 5.575 5.422 6.343 6.706 7.248 13.210 7.773 8.966 11.094 7.345 7.538 13.378 13.400 13.411 13.439 13.463 7.565 7.999 13.530
0.000 0.000 0.000 0.000 0.000 0.000 0.000 0.000 0.000 0.000 0.000 0.000 0.000 0.000 5.889 7.064 13.329 7.687 6.819 7.708 7.659 7.808 7.443 13.393 13.385 8.014 13.407 7.615 10.470 10.099 8.545 13.534 11.479 13.541 7.908 10.385 9.765 12.176 7.571 13.527 13.519 7.470 13.575 11.849 7.539 7.309 13.526 13.473 9.158 8.337 9.271 7.842 8.238 6.709 7.033 5.932 5.550 5.470 8.759 5.921 5.816 6.641 6.780 13.237 7.557 8.344 13.359 13.369 13.380 7.710 13.415 13.454 13.470 7.380 13.530 13.540
0.000 0.000 0.000 0.000 0.000 0.000 0.000 0.000 0.000 0.000 0.000 0.000 5.359 6.995 6.791 7.507 7.908 7.496 7.035 7.441 7.856 11.778 13.426 13.455 7.060 9.207 12.603 12.272 13.524 7.295 9.671 9.286 13.584 11.999 7.706 13.577 13.572 13.567 8.049 7.549 7.333 13.601 13.582 7.752 8.713 7.273 13.568 7.368 7.972 8.911 6.995 8.505 7.719 13.365 7.249 6.143 5.632 5.404 5.557 13.163 7.524 6.159 6.792 6.806 13.274 13.305 8.039 13.373 7.662 7.919 7.066 7.312 13.494 13.505 8.296 13.563
0.000 0.000 0.000 0.000 0.000 0.000 0.000 0.000 0.000 0.000 4.243 5.686 6.881 7.053 7.081 7.850 7.859 7.928 7.729 7.723 8.028 13.518 7.161 13.482 7.247 13.541 7.121 13.556 9.828 7.351 10.751 9.672 13.468 7.497 13.599 12.859 7.721 7.563 7.429 13.577 7.280 13.606 7.846 13.582 13.575 7.623 13.582 13.578 7.973 9.383 13.070 9.812 7.876 6.777 6.914 6.984 8.458 13.163 6.043 6.127 7.302 13.229 6.085 6.909 7.628 6.720 7.090 11.447 7.247 8.080 7.984 13.493 13.501 13.534 13.560 13.577
0.000 0.000 0.000 0.000 0.000 0.000 0.000 0.000 0.000 4.949 6.557 13.302 7.204 7.368 7.701 8.800 7.435 7.619 13.479 13.534 13.524 13.530 13.540 7.928 9.049 9.799 8.868 11.637 13.594 7.561 9.670 8.374 13.618 7.599 11.488 13.615 11.019 10.914 7.476 7.912 13.646 13.621 8.484 7.443 13.605 7.419 13.598 11.974 13.602 7.433 10.257 7.355 7.893 7.418 6.967 7.053 6.248 6.206 5.926 6.315 6.711 13.255 13.269 6.254 6.764 7.543 7.703 12.956 7.443 8.053 9.576 13.499 13.505 13.555 13.567 13.585
0.000 0.000 0.000 0.000 0.000 0.000 0.000 3.295 5.385 13.314 13.332 6.736 7.238 13.388 7.125 8.118 13.547 7.815 7.080 13.544 7.434 13.573 7.508 8.032 13.337 9.956 8.334 9.904 13.358 12.938 13.637 7.513 13.633 13.391 13.637 10.141 11.242 12.663 8.293 7.993 13.658 9.045 8.138 9.916 10.164 7.522 13.613 7.743 11.196 7.274 10.401 7.597 8.549 7.607 7.202 7.883 6.999 6.865 6.615 6.579 6.317 13.267 8.227 8.148 6.205 6.945 7.182 6.927 7.513 13.440 13.462 7.511 7.893 13.521 13.556 7.784
0.000 0.000 0.000 0.000 0.000 0.000 4.293 6.097 13.306 6.660 8.301 6.796 9.334 13.410 7.170 8.015 10.656 11.450 10.449 11.775 13.592 10.968 11.370 8.091 7.556 10.520 8.271 11.930 7.384 11.897 13.647 13.639 12.559 8.030 13.647 13.644 13.665 12.557 7.780 7.894 13.662 8.026 7.509 9.530 9.540 13.637 13.631 7.779 12.835 7.622 13.600 13.611 13.308 13.588 7.807 7.773 7.100 7.500 6.923 7.292 6.778 6.468 7.796 8.463 6.799 6.204 6.832 7.021 7.499 7.568 8.228 8.206 13.509 9.038 13.573 9.552
0.000 0.000 0.000 0.000 1.624 4.863 6.840 6.949 7.143 7.137 8.379 8.225 9.027 7.027 7.747 13.569 7.325 13.619 7.620 13.592 11.033 12.214 13.638 13.637 7.663 13.638 12.236 13.662 7.701 10.184 13.664 7.779 13.668 11.666 7.792 13.667 13.681 7.884 13.665 8.601 13.675 7.710 13.675 13.669 13.661 13.644 7.756 10.226 11.502 7.758 13.624 13.157 7.957 13.607 13.597 8.179 7.522 7.544 13.583 7.413 7.301 6.935 8.528 10.129 7.532 6.936 5.998 6.855 7.060 7.113 8.102 13.495 8.630 10.022 13.573 7.662
0.000 0.000 0.000 2.849 5.402 6.722 13.345 6.955 8.083 9.068 7.962 9.148 9.936 7.299 13.575 8.363 7.703 10.623 13.622 7.605 13.009 8.660 13.660 7.784 7.801 7.508 7.809 13.672 12.739 13.639 13.602 7.847 10.476 13.692 8.456 13.686 13.693 13.701 7.853 8.234 13.688 13.690 13.696 8.280 7.823 13.661 13.673 13.671 11.331 8.393 8.371 13.278 13.643 7.520 7.410 7.600 8.418 8.571 8.940 13.588 11.057 13.587 10.913 10.428 7.907 7.373 7.115 5.945 6.938 13.405 7.921 7.345 7.511 8.604 13.584 13.456
0.000 0.000 4.026 5.521 6.818 6.920 7.296 7.564 7.421 8.334 9.467 8.683 13.608 8.607 8.014 13.621 7.743 13.656 8.474 7.565 12.150 13.669 13.680 7.842 7.899 13.674 9.662 8.581 11.618 13.695 12.652 10.789 12.526 12.282 13.699 8.149 13.231 13.716 13.718 13.710 13.698 13.707 13.710 9.578 7.900 7.701 8.107 13.678 12.619 13.661 13.650 13.666 10.935 7.571 7.813 8.659 8.312 8.791 7.544 7.598 7.496 13.604 7.592 7.594 7.354 13.565 7.907 7.109 6.265 7.011 7.231 13.441 7.806 7.907 8.050 13.653
0.000 4.367 6.551 7.011 10.477 7.878 7.627 7.545 7.646 13.561 7.327 13.614 13.618 7.602 9.726 9.646 7.559 12.635 13.668 7.669 8.072 8.042 13.695 7.895 13.692 7.645 9.091 13.067 13.254 13.606 13.715 11.311 13.700 11.503 12.104 8.194 13.722 13.723 10.703 13.720 8.037 10.219 13.725 8.073 13.713 8.273 13.701 13.688 13.682 7.699 7.674 13.690 8.196 8.257 8.705 8.371 7.641 10.060 10.417 12.180 12.093 11.467 13.632 10.258 10.641 13.576 13.567 7.339 6.841 6.329 7.091 7.167 7.830 7.814 7.887 7.967
4.747 6.840 7.074 7.271 6.936 7.566 8.891 8.877 13.601 13.596 7.531 7.801 13.135 11.903 12.951 7.605 8.083 13.679 12.398 7.778 8.379 8.402 13.697 13.705 13.713 8.072 13.724 13.726 13.558 12.647 13.727 7.944 13.732 13.748 7.957 13.743 13.740 13.738 13.744 8.165 13.741 13.746 13.734 12.606 9.097 8.026 13.724 13.712 7.820 13.699 7.613 9.480 7.782 8.341 13.702 8.684 7.703 13.687 13.689 7.777 7.884 7.460 13.642 13.628 7.841 7.155 7.659 7.103 8.025 13.497 6.404 6.838 7.124 7.445 7.275 13.633
7.243 7.015 7.181 7.485 7.545 8.087 7.825 11.090 13.613 7.277 7.976 13.661 7.800 7.803 13.561 7.745 9.540 10.115 13.437 12.492 13.710 8.282 13.727 8.148 13.189 13.735 13.735 13.737 13.735 8.210 13.737 8.200 13.748 13.766 8.183 13.544 9.392 9.244 13.786 13.770 8.213 13.764 13.677 13.495 14.500 9.552 13.734 8.379 8.130 8.267 10.231 13.728 7.916 9.552 9.062 8.090 8.267 7.967 12.514 7.859 13.607 12.577 13.651 7.913 7.583 7.845 7.443 7.291 13.594 7.295 13.493 6.550 6.869 7.036 10.417 7.722
7.355 13.557 7.931 8.501 7.576 8.792 9.957 10.089 7.819 13.665 13.675 9.110 8.764 10.064 11.353 13.710 13.708 10.017 8.144 7.864 13.719 13.037 13.741 13.752 11.558 13.744 8.515 8.539 8.498 13.768 13.761 13.767 8.762 13.047 12.833 13.798 13.977 9.242 13.848 8.175 14.500 13.777 13.765 13.758 14.500 13.745 13.755 7.852 8.114 8.804 13.739 8.668 8.665 9.370 8.789 13.747 11.248 12.494 13.715 7.850 13.700 13.693 7.644 13.685 7.959 7.892 7.530 10.277 9.154 9.827 13.532 8.299 6.563 5.777 6.897 13.484
7.596 7.136 7.947 8.146 8.499 8.501 10.423 13.160 13.682 7.613 9.727 7.703 8.238 11.846 12.399 8.009 12.962 13.732 13.047 13.742 8.009 8.534 9.061 13.762 8.893 13.765 13.778 13.791 9.273 13.784 8.327 8.829 8.065 12.707 8.328 8.352 14.500 14.500 14.094 8.617 14.027 13.914 14.500 8.912 8.159 8.034 8.429 7.996 13.769 13.767 13.749 7.925 13.804 10.561 8.082 13.758 8.175 13.279 7.934 12.646 13.631 9.064 13.691 8.746 13.685 8.133 7.596 8.837 10.212 7.347 7.335 13.485 7.197 6.869 5.866 6.108
7.819 13.629 13.648 13.659 7.619 7.714 13.696 13.283 7.865 9.728 10.072 8.459 8.541 12.906 7.943 8.397 7.968 8.362 13.756 13.766 7.864 8.557 13.771 13.772 13.784 8.637 8.739 13.813 8.179 13.856 8.361 13.942 8.192 14.500 8.627 14.500 8.556 14.159 14.500 10.982 14.500 8.990 7.935 13.796 7.898 8.112 8.803 8.414 12.101 9.063 8.039 13.982 13.847 11.494 13.776 11.161 12.056 12.403 13.365 13.098 13.671 8.238 7.711 8.971 7.653 8.123 13.699 13.692 13.675 7.595 7.517 7.107 7.724 7.111 6.614 6.189
13.647 7.731 7.689 9.735 7.550 13.697 12.389 7.840 7.943 13.725 9.095 8.788 8.544 13.398 7.832 13.757 8.221 8.229 9.318 13.069 11.368 10.487 9.337 13.805 12.597 9.716 8.971 13.840 14.186 14.166 14.097 9.619 9.321 14.500 8.054 9.315 8.581 12.268 14.500 14.500 14.118 10.462 13.798 8.828 8.348 9.561 9.131 8.361 13.835 9.220 8.113 13.528 13.988 9.356 9.327 11.199 13.803 13.785 13.775 13.766 8.027 13.758 8.094 13.762 7.907 12.435 12.104 13.700 7.782 7.697 13.667 7.411 7.789 7.494 7.242 6.440
13.665 9.778 7.550 10.645 7.731 7.791 13.729 13.727 8.057 9.627 13.744 13.753 8.273 13.761 8.031 8.870 13.808 9.098 9.088 13.866 14.500 14.037 9.233 13.823 12.387 10.742 13.063 9.272 14.500 9.552 8.818 14.216 9.552 14.500 8.651 14.500 14.500 14.259 14.235 14.500 8.478 9.135 8.201 10.197 10.137 9.623 8.096 11.678 12.459 12.564 8.165 14.500 8.818 9.338 8.096 10.087 13.857 7.889 8.239 7.996 13.788 8.694 13.786 13.775 7.934 12.508 9.057 7.709 7.651 13.704 8.017 13.726 8.041 6.991 6.790 5.762
7.739 11.585 7.976 13.721 7.854 11.727 13.722 8.308 13.756 13.768 7.984 10.594 11.215 13.790 13.784 8.821 11.392 9.169 9.055 8.798 14.154 8.274 9.115 14.200 14.500 14.500 14.500 9.236 14.265 14.500 8.144 8.115 13.530 14.500 14.500 14.500 8.632 8.126 14.500 11.094 9.063 8.502 8.090 14.500 8.700 9.638 9.432 14.132 9.437 14.119 8.553 14.184 8.180 14.172 8.190 14.202 13.655 14.106 8.268 14.113 8.828 8.439 9.333 13.800 13.786 12.895 10.356 7.917 8.355 8.126 11.431 13.737 7.533 7.248 6.990 5.697
7.960 10.028 13.727 10.974 8.055 13.753 13.757 8.040 8.049 9.677 13.838 11.191 8.263 13.078 8.717 7.925 11.317 14.500 8.576 13.652 14.500 9.532 14.500 9.834 14.500 8.693 8.623 14.124 14.500 14.500 14.500 13.916 8.609 14.500 14.500 14.500 14.500 10.400 14.500 9.802 10.574 8.734 10.912 9.687 10.888 9.285 8.975 14.173 8.239 13.833 8.303 14.220 14.500 9.558 11.636 11.195 14.500 8.096 8.439 10.685 8.702 13.902 10.837 12.538 8.222 8.067 7.705 8.064 13.801 13.788 11.322 10.698 13.736 7.581 7.035 6.169
7.733 9.070 13.741 12.072 13.752 8.209 13.174 12.232 9.704 13.445 10.950 8.066 8.509 14.110 14.124 14.500 14.210 8.257 11.379 14.500 9.269 8.053 9.672 13.093 14.500 14.500 8.186 8.588 14.500 14.500 14.500 14.500 14.500 14.500 14.500 8.771 10.480 14.500 8.997 10.804 14.500 11.585 11.104 11.275 11.463 8.911 14.361 14.500 8.666 11.156 9.691 11.920 10.745 13.346 9.561 14.500 14.500 8.640 8.233 11.534 10.380 10.511 14.500 14.500 8.740 8.222 14.211 12.694 10.700 13.801 9.332 7.813 13.717 7.715 7.023 6.492
9.001 13.751 8.086 13.769 8.025 13.799 13.737 10.752 12.626 14.198 11.413 8.156 14.500 14.136 14.500 10.872 10.294 8.559 12.785 14.500 14.290 12.706 11.638 13.342 14.500 8.063 8.729 8.727 14.500 14.500 14.500 14.500 14.500 8.657 8.776 8.882 8.876 9.257 10.880 10.919 8.692 11.781 11.260 11.228 8.689 13.422 14.230 8.665 14.105 14.442 13.232 14.330 13.240 13.038 10.873 8.444 14.500 8.659 9.747 8.671 12.527 9.324 14.500 9.011 12.413 10.507 14.500 8.370 14.500 8.108 7.990 7.716 13.752 7.925 7.312 6.725
9.194 9.331 8.885 13.743 8.131 8.375 14.162 12.534 8.458 14.104 14.500 14.500 14.500 8.352 9.251 9.218 10.996 11.189 8.472 14.500 14.500 14.409 13.305 13.531 14.500 8.634 10.811 12.324 14.500 14.500 8.642 14.500 14.500 14.500 14.500 14.500 11.721 10.928 11.037 11.062 11.185 11.849 11.628 11.950 12.641 13.704 14.054 12.890 13.970 8.639 14.019 14.169 13.147 12.951 12.742 13.985 14.500 14.477 14.500 13.645 12.908 14.278 11.296 14.356 12.459 11.610 8.636 11.930 10.314 10.016 8.951 13.826 7.886 13.799 7.558 6.982
7.987 10.595 13.813 13.804 13.803 8.251 14.220 8.246 8.396 14.281 14.500 8.785 8.769 8.798 10.091 8.906 11.008 11.417 8.635 14.497 14.500 14.500 14.429 14.345 14.500 14.500 14.220 14.179 14.500 14.500 8.703 14.500 14.500 14.500 14.500 14.500 12.517 11.322 11.216 11.283 11.565 12.282 13.531 12.753 13.481 13.792 13.909 13.355 13.830 12.959 14.034 13.986 13.113 13.004 13.061 13.565 14.500 14.500 8.697 13.336 13.012 14.093 14.194 14.335 14.178 11.215 10.844 11.461 11.180 8.046 8.662 8.089 9.116 8.404 7.714 7.244
13.253 13.818 13.845 9.320 8.406 12.248 13.494 13.718 12.918 14.500 8.875 9.649 9.752 9.849 10.151 10.155 11.009 11.432 11.418 14.253 14.500 14.500 14.500 14.483 14.500 14.500 14.500 14.500 14.500 8.685 14.500 14.500 14.500 14.500 14.500 14.500 13.135 11.770 11.418 11.492 11.772 12.348 8.575 12.972 13.643 14.125 13.842 13.523 13.765 13.499 14.001 13.813 13.106 13.024 13.007 13.012 14.500 14.500 14.258 13.864 13.341 13.939 14.122 14.286 14.455 11.682 11.044 11.123 10.536 9.380 9.436 8.463 9.768 9.284 7.845 7.349
8.206 9.194 14.204 9.213 9.485 14.500 8.717 13.323 14.500 14.500 8.859 9.797 9.923 10.031 10.241 10.289 11.006 11.709 11.702 13.753 14.423 14.500 14.500 14.500 14.500 14.500 14.500 14.500 14.500 14.500 14.500 14.500 14.500 14.500 14.500 14.500 13.613 12.204 11.633 11.659 11.931 12.402 12.199 13.147 13.738 14.153 14.157 13.658 13.776 13.683 13.942 13.675 13.101 13.001 12.789 12.776 14.500 14.500 14.500 14.316 13.814 13.921 14.073 14.241 14.427 14.200 11.083 10.845 10.241 9.643 9.703 9.758 9.943 8.511 8.051 7.575
8.302 9.413 14.238 13.983 13.915 9.770 10.872 14.500 14.500 8.691 9.752 9.943 10.076 10.189 10.350 10.428 11.156 8.639 11.694 13.172 14.183 14.464 14.500 14.500 14.500 14.500 14.500 14.500 14.500 14.500 14.500 14.500 14.500 14.500 14.500 14.500 13.978 12.577 11.872 11.840 12.079 12.484 12.575 13.305 13.831 14.188 14.195 14.021 13.873 13.760 13.877 13.577 13.098 12.940 12.360 12.680 14.450 14.500 14.500 14.484 14.219 14.065 14.086 14.213 14.398 14.455 11.560 10.619 10.102 9.780 9.770 9.716 8.675 9.286 8.134 7.955
12.439 12.133 9.090 13.171 13.658 13.552 14.053 14.500 8.626 9.919 10.030 10.138 10.246 10.349 10.478 10.563 11.155 11.094 11.662 12.710 13.821 14.337 14.486 14.500 14.500 14.500 14.500 14.500 14.500 14.500 14.500 14.500 14.500 14.500 14.500 14.500 14.230 12.885 12.108 12.043 12.237 12.606 12.856 13.462 13.925 14.229 14.240 14.091 14.184 13.890 13.817 13.503 13.080 12.821 11.969 12.599 14.291 14.500 14.500 14.500 14.432 14.265 14.184 14.240 14.404 14.493 14.263 10.926 10.118 9.856 9.802 9.676 9.378 9.338 8.563 8.288
14.500 12.831 12.007 12.745 14.273 14.477 14.405 14.500 14.500 14.500 14.389 13.647 12.536 11.571 11.014 10.825 11.144 11.167 11.605 12.394 13.411 14.116 14.420 14.500 14.500 14.500 14.500 14.500 14.500 14.500 14.500 14.500 14.500 14.500 14.500 14.500 14.390 13.146 12.326 12.275 12.408 12.761 13.086 13.616 14.019 14.278 14.290 14.168 14.240 14.193 13.912 13.446 13.042 12.598 11.990 12.525 14.081 14.500 14.500 14.500 14.500 14.454 14.352 14.317 14.413 14.500 14.272 10.667 10.206 10.011 9.859 9.676 9.470 9.399 8.744 9.351
8.594 12.256 12.105 13.903 14.482 14.492 14.488 14.500 14.500 14.500 14.500 14.484 14.087 13.238 12.305 11.583 11.283 11.282 11.572 12.186 13.044 13.823 14.275 14.474 14.500 14.500 14.500 14.500 14.500 14.500 14.500 14.500 14.500 14.500 14.500 14.500 14.500 13.369 12.631 12.494 12.591 12.930 13.291 13.768 14.119 14.332 14.344 14.251 14.305 14.260 14.195 13.587 12.976 12.167 12.044 12.479 13.880 14.472 14.500 14.500 14.500 14.500 14.457 14.402 14.442 14.500 14.174 10.527 10.200 10.049 9.932 9.789 9.582 9.473 8.652 9.514
10.793 12.064 13.729 14.123 14.441 14.493 14.500 14.500 14.500 14.500 14.500 14.500 14.500 14.249 13.583 12.745 11.920 11.634 11.665 12.070 12.764 13.496 14.052 14.395 14.500 14.500 14.500 14.500 14.500 14.500 14.500 14.500 14.500 14.500 14.500 14.500 14.500 13.563 12.990 12.727 12.785 13.109 13.481 13.914 14.221 14.396 14.405 14.338 14.371 14.330 14.271 13.933 13.096 11.909 12.106 12.533 13.724 14.402 14.500 14.500 14.500 14.500 14.500 14.478 14.487 14.500 13.944 10.469 10.227 10.097 9.981 9.860 9.753 9.679 9.598 9.553
