includes/camargue/floodfiles/results_R2_t1.562345283857E12/res-0004.wd
ncols         906
nrows         631
xllcorner     362177.146667
yllcorner     6534725.688020
cellsize      20.000000
NODATA_value  -9999.000000
[rows 544 to 577 of 631, columns 616 to 692 of 906]
7.347 7.413 7.480 7.546 7.679 7.679 7.745 7.812 7.878 7.945 8.003 8.050 8.099 8.148 8.196 8.245 8.294 8.343 8.391 8.440 8.538 8.538 8.587 8.651 8.721 8.791 8.861 8.931 9.000 9.070 9.140 9.212 9.289 9.366 9.443 9.521 9.679 9.679 9.757 9.836 9.914 9.982 10.049 10.117 10.185 10.252 10.320 10.369 10.379 10.388 10.398 10.407 10.434 10.434 10.452 10.469 10.487 10.505 10.523 10.541 10.562 10.592 10.622 10.652 10.682 10.712 10.828 10.988 11.147 11.147 11.466 11.625 11.785 11.944 12.093 12.228 12.364
7.449 7.516 7.582 7.648 7.781 7.781 7.847 7.914 7.980 8.048 8.122 8.174 8.225 8.273 8.322 8.371 8.420 8.469 8.517 8.566 8.664 8.664 8.713 8.775 8.845 8.915 8.985 9.055 9.124 9.194 9.269 9.346 9.423 9.500 9.577 9.655 9.813 9.813 9.891 9.970 10.049 10.128 10.206 10.275 10.343 10.411 10.478 10.532 10.541 10.551 10.560 10.574 10.610 10.610 10.628 10.646 10.664 10.682 10.700 10.718 10.740 10.770 10.800 10.830 10.860 10.890 10.920 11.047 11.207 11.207 11.526 11.685 11.844 12.004 12.143 12.278 12.414
7.551 7.618 7.684 7.750 7.883 7.883 7.949 8.016 8.087 8.163 8.239 8.291 8.344 8.396 8.448 8.497 8.546 8.594 8.643 8.692 8.790 8.790 8.839 8.899 8.969 9.039 9.109 9.179 9.249 9.326 9.403 9.480 9.557 9.634 9.712 9.789 9.947 9.947 10.025 10.104 10.183 10.262 10.340 10.419 10.498 10.569 10.637 10.695 10.704 10.715 10.733 10.751 10.787 10.787 10.805 10.823 10.841 10.859 10.877 10.895 10.919 10.949 10.979 11.009 11.039 11.069 11.099 11.128 11.267 11.266 11.585 11.745 11.904 12.057 12.192 12.328 12.464
7.653 7.720 7.786 7.852 7.985 7.985 8.051 8.126 8.202 8.278 8.354 8.409 8.461 8.513 8.566 8.618 8.671 8.720 8.769 8.818 8.915 8.915 8.964 9.023 9.093 9.163 9.233 9.305 9.383 9.460 9.537 9.614 9.691 9.768 9.846 9.923 10.081 10.081 10.159 10.238 10.317 10.395 10.474 10.553 10.632 10.710 10.789 10.857 10.874 10.892 10.910 10.928 10.964 10.964 10.982 11.000 11.018 11.035 11.053 11.071 11.097 11.127 11.157 11.187 11.217 11.247 11.277 11.307 11.337 11.337 11.645 11.804 11.964 12.106 12.242 12.378 12.514
7.755 7.822 7.888 7.954 8.088 8.088 8.164 8.241 8.317 8.393 8.469 8.526 8.578 8.631 8.683 8.736 8.788 8.840 8.893 8.944 9.041 9.041 9.090 9.147 9.217 9.287 9.362 9.439 9.517 9.594 9.671 9.748 9.825 9.903 9.980 10.057 10.215 10.215 10.293 10.372 10.451 10.529 10.608 10.687 10.766 10.844 10.920 10.987 11.040 11.068 11.086 11.104 11.140 11.140 11.158 11.176 11.194 11.212 11.230 11.248 11.276 11.306 11.336 11.366 11.396 11.426 11.455 11.485 11.515 11.515 11.705 11.864 12.020 12.156 12.292 12.428 12.564
7.857 7.924 7.990 8.056 8.203 8.203 8.279 8.355 8.431 8.508 8.584 8.643 8.696 8.748 8.800 8.853 8.905 8.958 9.010 9.063 9.167 9.167 9.216 9.271 9.342 9.419 9.496 9.574 9.651 9.728 9.805 9.882 9.959 10.037 10.114 10.191 10.349 10.349 10.427 10.506 10.585 10.663 10.742 10.821 10.899 10.971 11.039 11.106 11.159 11.212 11.263 11.281 11.317 11.317 11.335 11.353 11.371 11.389 11.407 11.425 11.454 11.484 11.514 11.544 11.574 11.604 11.634 11.664 11.694 11.694 11.765 11.924 12.070 12.206 12.342 12.478 12.614
7.959 8.026 8.092 8.166 8.318 8.318 8.394 8.470 8.546 8.622 8.698 8.761 8.813 8.865 8.918 8.970 9.023 9.075 9.127 9.180 9.285 9.285 9.337 9.399 9.476 9.553 9.630 9.708 9.785 9.862 9.939 10.016 10.094 10.171 10.248 10.325 10.482 10.483 10.561 10.640 10.719 10.797 10.876 10.953 11.021 11.089 11.158 11.225 11.278 11.331 11.385 11.437 11.494 11.494 11.512 11.530 11.548 11.566 11.584 11.603 11.633 11.663 11.693 11.723 11.752 11.782 11.812 11.842 11.872 11.872 11.932 11.984 12.119 12.249 12.380 12.510 12.640
8.061 8.129 8.205 8.281 8.433 8.433 8.509 8.585 8.661 8.737 8.813 8.878 8.930 8.983 9.035 9.088 9.140 9.192 9.245 9.297 9.402 9.402 9.466 9.535 9.611 9.688 9.765 9.842 9.919 9.996 10.073 10.150 10.228 10.305 10.382 10.459 10.617 10.617 10.695 10.774 10.853 10.931 11.004 11.072 11.140 11.208 11.276 11.344 11.398 11.450 11.504 11.557 11.663 11.663 11.688 11.706 11.724 11.742 11.760 11.781 11.811 11.841 11.871 11.901 11.931 11.961 11.991 12.021 12.051 12.051 12.078 12.089 12.132 12.262 12.392 12.523 12.653
8.167 8.243 8.319 8.395 8.547 8.547 8.623 8.700 8.776 8.852 8.928 8.995 9.048 9.100 9.152 9.205 9.257 9.310 9.362 9.415 9.536 9.536 9.603 9.671 9.747 9.824 9.900 9.977 10.053 10.130 10.207 10.285 10.362 10.439 10.516 10.593 10.750 10.751 10.829 10.908 10.986 11.054 11.122 11.191 11.259 11.327 11.395 11.463 11.517 11.570 11.623 11.676 11.782 11.782 11.835 11.883 11.901 11.919 11.937 11.960 11.990 12.020 12.049 12.079 12.109 12.139 12.151 12.163 12.175 12.175 12.199 12.208 12.216 12.275 12.405 12.536 12.666
8.282 8.358 8.434 8.510 8.662 8.662 8.738 8.814 8.890 8.966 9.042 9.112 9.165 9.217 9.270 9.322 9.375 9.427 9.479 9.538 9.673 9.673 9.740 9.808 9.883 9.960 10.036 10.112 10.189 10.265 10.342 10.419 10.496 10.573 10.650 10.727 10.884 10.884 10.963 11.037 11.105 11.173 11.241 11.309 11.378 11.446 11.514 11.582 11.636 11.689 11.742 11.795 11.901 11.901 11.954 12.007 12.060 12.096 12.114 12.138 12.168 12.198 12.223 12.236 12.248 12.260 12.272 12.284 12.296 12.296 12.320 12.328 12.336 12.343 12.418 12.548 12.679
8.397 8.473 8.549 8.625 8.777 8.777 8.853 8.929 9.005 9.081 9.157 9.230 9.282 9.335 9.387 9.439 9.492 9.544 9.607 9.675 9.810 9.810 9.877 9.945 10.019 10.096 10.172 10.248 10.325 10.401 10.478 10.554 10.630 10.707 10.784 10.861 11.018 11.018 11.087 11.155 11.224 11.292 11.360 11.428 11.496 11.564 11.633 11.701 11.755 11.808 11.861 11.914 12.020 12.020 12.073 12.126 12.179 12.232 12.285 12.308 12.320 12.332 12.344 12.356 12.368 12.381 12.393 12.405 12.417 12.417 12.440 12.448 12.455 12.463 12.471 12.561 12.692
8.536 8.602 8.668 8.740 8.891 8.892 8.968 9.044 9.120 9.196 9.272 9.347 9.399 9.452 9.504 9.557 9.609 9.676 9.744 9.812 9.947 9.947 10.014 10.082 10.155 10.231 10.308 10.384 10.461 10.537 10.613 10.690 10.766 10.843 10.919 10.995 11.138 11.138 11.206 11.274 11.342 11.411 11.479 11.547 11.615 11.683 11.751 11.819 11.874 11.927 11.980 12.033 12.139 12.139 12.192 12.245 12.298 12.350 12.399 12.426 12.441 12.453 12.465 12.477 12.489 12.501 12.513 12.525 12.538 12.537 12.560 12.567 12.575 12.583 12.591 12.598 12.704
8.536 8.602 8.669 8.740 8.892 8.892 8.968 9.044 9.120 9.196 9.272 9.347 9.400 9.452 9.505 9.557 9.610 9.677 9.744 9.812 9.947 9.947 10.015 10.082 10.156 10.232 10.308 10.385 10.461 10.537 10.614 10.690 10.767 10.843 10.919 10.996 11.138 11.138 11.206 11.274 11.343 11.411 11.479 11.547 11.615 11.683 11.752 11.820 11.874 11.927 11.980 12.033 12.139 12.139 12.192 12.245 12.298 12.350 12.399 12.427 12.442 12.454 12.466 12.478 12.490 12.502 12.514 12.526 12.538 12.538 12.560 12.568 12.575 12.583 12.591 12.599 12.705
8.675 8.741 8.808 8.874 9.007 9.007 9.083 9.159 9.235 9.311 9.387 9.463 9.517 9.569 9.622 9.679 9.746 9.814 9.881 9.949 10.084 10.084 10.152 10.219 10.291 10.368 10.444 10.521 10.597 10.673 10.750 10.826 10.903 10.979 11.055 11.120 11.256 11.256 11.325 11.393 11.461 11.530 11.598 11.666 11.734 11.802 11.870 11.938 11.993 12.046 12.099 12.152 12.258 12.258 12.311 12.364 12.413 12.463 12.512 12.536 12.559 12.575 12.587 12.599 12.611 12.623 12.635 12.647 12.659 12.659 12.680 12.687 12.695 12.703 12.711 12.719 12.726
8.814 8.880 8.947 9.013 9.145 9.145 9.212 9.278 9.350 9.426 9.502 9.578 9.634 9.687 9.748 9.816 9.883 9.951 10.018 10.086 10.221 10.221 10.289 10.356 10.427 10.504 10.580 10.656 10.733 10.809 10.886 10.962 11.038 11.115 11.175 11.235 11.370 11.370 11.440 11.511 11.580 11.648 11.716 11.785 11.853 11.921 11.989 12.057 12.112 12.165 12.218 12.271 12.377 12.377 12.427 12.477 12.526 12.576 12.623 12.646 12.669 12.692 12.708 12.720 12.732 12.744 12.756 12.768 12.780 12.780 12.799 12.807 12.815 12.823 12.831 12.838 12.846
9.092 9.158 9.224 9.290 9.423 9.423 9.489 9.555 9.622 9.688 9.754 9.817 9.882 9.954 10.022 10.089 10.157 10.224 10.292 10.359 10.494 10.495 10.562 10.630 10.699 10.775 10.851 10.928 11.004 11.081 11.157 11.223 11.284 11.344 11.404 11.464 11.597 11.597 11.667 11.738 11.808 11.879 11.949 12.019 12.090 12.158 12.226 12.294 12.350 12.403 12.455 12.504 12.603 12.603 12.653 12.702 12.752 12.801 12.841 12.864 12.887 12.910 12.933 12.956 12.973 12.985 12.997 13.009 13.021 13.021 13.038 13.046 13.054 13.062 13.070 13.077 13.085
9.231 9.297 9.363 9.429 9.562 9.562 9.628 9.694 9.760 9.827 9.886 9.934 9.995 10.072 10.149 10.226 10.294 10.361 10.429 10.496 10.631 10.631 10.699 10.767 10.835 10.911 10.987 11.064 11.140 11.217 11.278 11.338 11.399 11.459 11.519 11.579 11.711 11.711 11.781 11.851 11.922 11.992 12.063 12.133 12.204 12.274 12.344 12.413 12.469 12.518 12.568 12.617 12.716 12.716 12.766 12.815 12.865 12.914 12.951 12.974 12.997 13.020 13.043 13.066 13.089 13.106 13.118 13.130 13.142 13.142 13.158 13.166 13.174 13.182 13.189 13.197 13.205
9.369 9.436 9.502 9.568 9.701 9.701 9.767 9.833 9.899 9.954 10.003 10.052 10.108 10.185 10.262 10.339 10.416 10.493 10.566 10.633 10.768 10.768 10.836 10.903 10.971 11.047 11.123 11.200 11.272 11.333 11.393 11.453 11.513 11.574 11.634 11.694 11.824 11.824 11.895 11.965 12.036 12.106 12.176 12.247 12.317 12.388 12.458 12.511 12.574 12.631 12.681 12.730 12.829 12.829 12.879 12.928 12.978 13.028 13.061 13.083 13.106 13.129 13.152 13.175 13.198 13.221 13.239 13.251 13.262 13.262 13.278 13.286 13.293 13.301 13.305 13.291 13.277
9.508 9.575 9.641 9.707 9.840 9.840 9.906 9.972 10.023 10.071 10.120 10.169 10.222 10.298 10.375 10.452 10.529 10.606 10.682 10.759 10.905 10.905 10.973 11.040 11.108 11.183 11.259 11.327 11.387 11.448 11.508 11.568 11.628 11.689 11.749 11.809 11.938 11.938 12.008 12.079 12.149 12.220 12.290 12.361 12.431 12.501 12.544 12.580 12.638 12.711 12.784 12.843 12.942 12.942 12.992 13.041 13.091 13.140 13.170 13.193 13.216 13.239 13.262 13.285 13.308 13.331 13.354 13.372 13.382 13.382 13.397 13.383 13.369 13.355 13.341 13.327 13.313
9.647 9.714 9.780 9.846 9.978 9.979 10.042 10.091 10.140 10.188 10.237 10.286 10.335 10.411 10.488 10.565 10.642 10.719 10.795 10.872 11.026 11.026 11.103 11.177 11.245 11.319 11.382 11.442 11.502 11.562 11.623 11.683 11.743 11.803 11.864 11.924 12.052 12.052 12.122 12.193 12.263 12.333 12.404 12.474 12.541 12.577 12.613 12.649 12.701 12.775 12.848 12.922 13.055 13.055 13.105 13.154 13.204 13.253 13.279 13.302 13.325 13.348 13.371 13.394 13.417 13.440 13.463 13.466 13.461 13.461 13.433 13.419 13.404 13.390 13.376 13.362 13.348
9.786 9.853 9.919 9.985 10.111 10.111 10.159 10.208 10.257 10.306 10.354 10.403 10.451 10.524 10.601 10.678 10.755 10.832 10.908 10.985 11.139 11.139 11.216 11.293 11.363 11.425 11.496 11.557 11.617 11.677 11.737 11.798 11.858 11.918 11.978 12.039 12.165 12.165 12.236 12.306 12.377 12.447 12.517 12.573 12.610 12.646 12.682 12.718 12.765 12.839 12.912 12.985 13.132 13.132 13.205 13.267 13.317 13.366 13.389 13.412 13.435 13.458 13.474 13.477 13.479 13.482 13.484 13.487 13.487 13.487 13.468 13.454 13.440 13.426 13.411 13.397 13.383
9.925 9.991 10.058 10.124 10.228 10.228 10.277 10.325 10.374 10.423 10.471 10.520 10.569 10.637 10.714 10.791 10.868 10.945 11.022 11.098 11.252 11.252 11.329 11.386 11.404 11.454 11.547 11.640 11.732 11.792 11.852 11.913 11.973 12.033 12.093 12.153 12.279 12.279 12.350 12.420 12.490 12.561 12.606 12.642 12.679 12.715 12.751 12.787 12.829 12.902 12.976 13.049 13.196 13.196 13.269 13.342 13.416 13.475 13.485 13.488 13.490 13.493 13.495 13.498 13.501 13.503 13.506 13.507 13.508 13.508 13.503 13.489 13.475 13.461 13.447 13.433 13.419
10.064 10.130 10.197 10.248 10.345 10.345 10.394 10.442 10.491 10.540 10.588 10.637 10.686 10.751 10.827 10.904 10.981 11.058 11.135 11.211 11.365 11.365 11.409 11.427 11.445 11.484 11.577 11.669 11.762 11.854 11.947 12.027 12.088 12.148 12.208 12.268 12.393 12.393 12.463 12.534 12.603 12.639 12.675 12.712 12.748 12.784 12.820 12.856 12.893 12.966 13.039 13.113 13.259 13.259 13.333 13.406 13.475 13.497 13.506 13.509 13.511 13.514 13.517 13.519 13.522 13.524 13.527 13.528 13.528 13.528 13.529 13.525 13.510 13.496 13.482 13.468 13.454
10.203 10.267 10.316 10.365 10.462 10.462 10.511 10.559 10.608 10.657 10.705 10.754 10.803 10.864 10.940 11.017 11.094 11.171 11.248 11.324 11.432 11.432 11.450 11.468 11.486 11.513 11.606 11.699 11.791 11.884 11.976 12.069 12.162 12.254 12.323 12.383 12.506 12.506 12.577 12.636 12.672 12.708 12.744 12.781 12.817 12.853 12.889 12.925 12.962 13.030 13.103 13.177 13.323 13.323 13.397 13.462 13.485 13.508 13.527 13.530 13.533 13.535 13.538 13.540 13.543 13.546 13.548 13.548 13.549 13.549 13.550 13.550 13.546 13.532 13.517 13.503 13.489
10.325 10.384 10.433 10.482 10.579 10.579 10.628 10.677 10.725 10.774 10.823 10.871 10.920 10.977 11.053 11.130 11.207 11.284 11.361 11.437 11.474 11.474 11.492 11.509 11.527 11.545 11.636 11.728 11.821 11.913 12.006 12.099 12.191 12.284 12.376 12.469 12.620 12.620 12.669 12.705 12.741 12.777 12.813 12.850 12.886 12.922 12.958 12.995 13.031 13.094 13.167 13.240 13.387 13.387 13.450 13.473 13.496 13.519 13.541 13.551 13.554 13.556 13.559 13.562 13.564 13.567 13.568 13.568 13.569 13.569 13.570 13.570 13.571 13.567 13.553 13.539 13.524
10.382 10.449 10.521 10.593 10.696 10.696 10.745 10.794 10.842 10.891 10.940 10.988 11.037 11.090 11.166 11.243 11.320 11.397 11.461 11.479 11.515 11.515 11.533 11.551 11.569 11.587 11.665 11.758 11.850 11.943 12.035 12.128 12.221 12.313 12.406 12.498 12.650 12.650 12.717 12.774 12.810 12.846 12.883 12.919 12.955 12.991 13.027 13.064 13.100 13.157 13.231 13.304 13.438 13.438 13.461 13.484 13.506 13.529 13.552 13.573 13.575 13.578 13.580 13.583 13.586 13.588 13.588 13.589 13.589 13.589 13.590 13.591 13.591 13.592 13.588 13.574 13.560
10.442 10.500 10.572 10.644 10.788 10.788 10.860 10.911 10.959 11.008 11.057 11.105 11.154 11.203 11.279 11.356 11.433 11.484 11.502 11.520 11.556 11.556 11.574 11.592 11.610 11.628 11.694 11.787 11.880 11.972 12.065 12.157 12.250 12.343 12.435 12.525 12.634 12.634 12.699 12.766 12.833 12.900 12.952 12.988 13.024 13.060 13.096 13.133 13.169 13.221 13.294 13.368 13.448 13.448 13.471 13.494 13.517 13.540 13.562 13.585 13.596 13.599 13.602 13.604 13.607 13.608 13.609 13.609 13.610 13.610 13.611 13.611 13.612 13.612 13.613 13.609 13.595
10.502 10.552 10.624 10.696 10.840 10.840 10.912 10.984 11.056 11.125 11.174 11.222 11.271 11.320 11.393 11.469 11.507 11.525 11.543 11.561 11.597 11.597 11.615 11.633 11.651 11.669 11.724 11.817 11.909 12.002 12.094 12.187 12.279 12.372 12.454 12.508 12.618 12.618 12.681 12.748 12.815 12.882 12.949 13.015 13.082 13.129 13.165 13.202 13.238 13.285 13.358 13.413 13.459 13.459 13.482 13.505 13.527 13.550 13.573 13.596 13.618 13.620 13.623 13.625 13.628 13.629 13.629 13.630 13.630 13.630 13.631 13.632 13.632 13.633 13.633 13.634 13.630
10.502 10.552 10.624 10.696 10.840 10.840 10.912 10.984 11.056 11.125 11.174 11.223 11.271 11.320 11.393 11.470 11.507 11.525 11.543 11.561 11.597 11.597 11.615 11.633 11.651 11.669 11.724 11.817 11.909 12.002 12.095 12.187 12.280 12.372 12.454 12.509 12.618 12.618 12.681 12.748 12.815 12.882 12.949 13.016 13.083 13.130 13.166 13.202 13.238 13.285 13.358 13.414 13.459 13.459 13.482 13.505 13.528 13.550 13.573 13.596 13.618 13.621 13.623 13.626 13.628 13.629 13.630 13.630 13.631 13.631 13.632 13.632 13.633 13.633 13.634 13.634 13.631
10.562 10.603 10.676 10.748 10.892 10.892 10.964 11.036 11.108 11.180 11.252 11.324 11.389 11.437 11.506 11.531 11.549 11.566 11.584 11.602 11.638 11.638 11.656 11.674 11.692 11.710 11.754 11.846 11.939 12.032 12.124 12.217 12.309 12.383 12.438 12.493 12.602 12.602 12.663 12.730 12.797 12.864 12.931 12.997 13.064 13.131 13.198 13.265 13.307 13.349 13.401 13.424 13.470 13.470 13.493 13.515 13.538 13.561 13.584 13.607 13.629 13.642 13.644 13.647 13.649 13.650 13.650 13.651 13.651 13.651 13.652 13.653 13.653 13.654 13.654 13.647 13.639
10.622 10.655 10.727 10.799 10.943 10.943 11.015 11.087 11.159 11.231 11.303 11.375 11.447 11.517 11.551 11.572 11.590 11.608 11.626 11.644 11.679 11.679 11.697 11.715 11.733 11.751 11.783 11.876 11.968 12.061 12.154 12.246 12.312 12.367 12.422 12.476 12.586 12.586 12.645 12.712 12.779 12.845 12.912 12.979 13.046 13.113 13.180 13.247 13.314 13.371 13.405 13.435 13.480 13.480 13.503 13.526 13.549 13.572 13.594 13.617 13.640 13.663 13.666 13.668 13.670 13.670 13.671 13.671 13.672 13.672 13.673 13.672 13.665 13.657 13.650 13.642 13.636
10.742 10.765 10.830 10.902 11.046 11.046 11.118 11.190 11.262 11.334 11.406 11.468 11.515 11.563 11.606 11.628 11.651 11.674 11.696 11.719 11.761 11.761 11.779 11.797 11.815 11.833 11.851 11.934 12.027 12.115 12.170 12.225 12.279 12.334 12.389 12.444 12.553 12.553 12.608 12.675 12.742 12.809 12.876 12.942 13.009 13.076 13.143 13.193 13.241 13.289 13.328 13.362 13.430 13.430 13.464 13.498 13.532 13.565 13.599 13.633 13.661 13.683 13.706 13.710 13.710 13.708 13.700 13.693 13.685 13.685 13.670 13.662 13.655 13.647 13.639 13.632 13.629
10.802 10.825 10.881 10.953 11.097 11.097 11.169 11.241 11.313 11.385 11.443 11.491 11.538 11.586 11.633 11.656 11.679 11.701 11.724 11.746 11.791 11.791 11.814 11.836 11.856 11.874 11.892 11.964 12.044 12.099 12.154 12.208 12.263 12.318 12.373 12.427 12.537 12.537 12.592 12.656 12.723 12.790 12.857 12.924 12.991 13.057 13.105 13.153 13.200 13.248 13.290 13.324 13.392 13.392 13.426 13.460 13.493 13.527 13.561 13.595 13.629 13.663 13.697 13.718 13.710 13.703 13.695 13.688 13.680 13.680 13.665 13.657 13.650 13.642 13.634 13.627 13.626
10.862 10.885 10.933 11.005 11.149 11.149 11.221 11.293 11.365 11.419 11.466 11.514 11.561 11.609 11.656 11.684 11.706 11.729 11.751 11.774 11.819 11.819 11.841 11.864 11.886 11.909 11.931 11.973 12.028 12.083 12.138 12.192 12.247 12.302 12.357 12.411 12.521 12.521 12.576 12.638 12.705 12.772 12.839 12.906 12.969 13.017 13.064 13.112 13.159 13.207 13.252 13.286 13.354 13.354 13.388 13.421 13.455 13.489 13.523 13.557 13.591 13.623 13.644 13.668 13.695 13.698 13.690 13.683 13.675 13.675 13.660 13.652 13.645 13.637 13.630 13.622 13.623
