includes/camargue/floodfiles/results_R2_t1.562345283857E12/res-0008.wd
ncols         906
nrows         631
xllcorner     362177.146667
yllcorner     6534725.688020
cellsize      20.000000
NODATA_value  -9999.000000
[rows 476 to 509 of 631, columns 231 to 307 of 906]
0.129 0.091 0.195 0.196 0.137 0.090 0.172 0.182 0.132 0.147 0.216 0.106 0.486 0.002 0.497 0.509 0.512 0.516 0.078 0.080 0.070 0.080 0.070 0.040 0.036 0.066 0.016 0.051 0.103 0.057 0.025 0.396 0.064 0.213 0.488 0.488 0.108 0.132 0.044 0.044 0.093 0.536 0.527 0.527 0.521 0.121 0.338 0.225 0.065 0.132 0.167 0.169 0.309 0.189 0.060 0.015 0.001 0.001 0.000 0.009 0.002 0.000 0.000 0.000 0.875 0.465 0.000 0.000 0.000 0.278 0.078 0.000 0.000 0.242 0.000 0.000 0.465
0.112 0.113 0.554 0.554 0.163 0.123 0.184 0.175 0.010 0.089 0.165 0.066 0.490 0.500 0.510 0.521 0.532 0.543 0.535 0.525 0.504 0.495 0.489 0.026 0.057 0.077 0.009 0.106 0.064 0.430 0.022 0.435 0.110 0.160 0.113 0.118 0.102 0.125 0.111 0.041 0.122 0.556 0.546 0.340 0.169 0.220 0.058 0.162 0.152 0.006 0.028 0.031 0.187 0.086 0.059 0.000 0.000 0.000 0.000 0.000 0.000 0.000 0.000 0.000 0.975 0.000 0.000 0.000 0.000 0.000 0.000 0.000 0.181 0.000 0.000 0.000 0.375
0.575 0.088 0.059 0.064 0.149 0.179 0.188 0.158 0.558 0.085 0.134 0.028 0.513 0.524 0.534 0.545 0.555 0.114 0.086 0.076 0.550 0.579 0.573 0.565 0.559 0.554 0.023 0.049 0.520 0.515 0.059 0.513 0.085 0.088 0.172 0.173 0.036 0.003 0.101 0.107 0.561 0.607 0.608 0.094 0.093 0.139 0.158 0.113 0.139 0.204 0.089 0.099 0.079 0.124 0.000 0.017 0.000 0.000 0.206 0.106 0.036 0.056 0.000 0.000 0.000 0.000 0.000 0.000 0.000 0.000 0.000 0.000 0.000 0.000 0.000 0.345 0.225
0.183 0.090 0.573 0.573 0.095 0.081 0.184 0.154 0.143 0.122 0.080 0.087 0.067 0.054 0.546 0.112 0.546 0.525 0.502 0.497 0.527 0.557 0.587 0.608 0.602 0.595 0.582 0.569 0.563 0.558 0.554 0.549 0.542 0.078 0.108 0.113 0.016 0.508 0.499 0.500 0.525 0.246 0.237 0.227 0.072 0.186 0.155 0.126 0.084 0.095 0.098 0.103 0.047 0.070 0.009 0.003 0.000 0.000 0.396 0.000 0.116 0.003 0.285 0.335 0.000 0.000 0.000 0.000 0.000 0.000 0.000 0.000 0.000 0.000 0.000 0.000 0.000
0.002 0.099 0.071 0.078 0.086 0.112 0.115 0.128 0.130 0.180 0.100 0.078 0.007 0.073 0.075 0.053 0.083 0.102 0.476 0.474 0.503 0.533 0.563 0.593 0.623 0.638 0.046 0.608 0.603 0.599 0.053 0.591 0.584 0.571 0.032 0.033 0.548 0.546 0.536 0.526 0.501 0.025 0.023 0.169 0.165 0.088 0.095 0.291 0.020 0.010 0.109 0.111 0.078 0.003 0.002 0.020 0.000 0.000 0.146 0.116 0.036 0.000 0.495 0.175 0.000 0.000 0.000 0.000 0.062 0.272 0.000 0.001 0.000 0.000 0.000 0.000 0.000
0.058 0.102 0.063 0.072 0.092 0.070 0.193 0.158 0.085 0.130 0.070 0.070 0.003 0.030 0.006 0.110 0.002 0.002 0.452 0.451 0.479 0.509 0.540 0.571 0.601 0.627 0.643 0.650 0.644 0.639 0.634 0.631 0.626 0.615 0.590 0.591 0.579 0.044 0.550 0.519 0.487 0.070 0.038 0.043 0.119 0.109 0.075 0.125 0.157 0.031 0.039 0.043 0.005 0.084 0.006 0.109 0.039 0.000 0.336 0.316 0.006 0.000 0.000 0.000 0.000 0.000 0.000 0.000 0.000 0.392 0.362 0.000 0.000 0.000 0.000 0.000 0.000
0.017 0.588 0.115 0.120 0.055 0.100 0.137 0.067 0.158 0.010 0.182 0.036 0.149 0.028 0.054 0.016 0.126 0.001 0.086 0.084 0.451 0.485 0.517 0.548 0.579 0.079 0.615 0.645 0.676 0.678 0.673 0.669 0.003 0.044 0.063 0.062 0.598 0.566 0.541 0.512 0.480 0.062 0.073 0.119 0.176 0.035 0.116 0.119 0.078 0.124 0.109 0.111 0.013 0.005 0.011 0.109 0.000 0.000 0.396 0.466 0.000 0.000 0.000 0.000 0.000 0.000 0.000 0.000 0.000 0.000 0.000 0.000 0.000 0.000 0.000 0.000 0.000
0.394 0.087 0.130 0.139 0.132 0.126 0.102 0.129 0.008 0.072 0.002 0.139 0.627 0.000 0.144 0.005 0.126 0.000 0.019 0.012 0.410 0.043 0.495 0.026 0.071 0.051 0.590 0.619 0.649 0.679 0.710 0.707 0.694 0.679 0.623 0.623 0.596 0.567 0.538 0.509 0.477 0.113 0.477 0.003 0.143 0.061 0.085 0.038 0.032 0.002 0.023 0.024 0.014 0.018 0.008 0.000 0.043 0.000 0.716 0.486 0.000 0.000 0.000 0.000 0.000 0.000 0.000 0.000 0.000 0.000 0.000 0.000 0.000 0.000 0.000 0.000 0.001
0.030 0.557 0.017 0.025 0.096 0.567 0.078 0.138 0.080 0.091 0.004 0.000 0.019 0.002 0.000 0.002 0.003 0.148 0.018 0.008 0.360 0.385 0.039 0.421 0.453 0.041 0.013 0.593 0.622 0.650 0.679 0.045 0.729 0.694 0.628 0.628 0.597 0.567 0.538 0.510 0.478 0.026 0.007 0.219 0.086 0.058 0.031 0.012 0.052 0.040 0.059 0.063 0.000 0.000 0.053 0.001 0.011 0.000 0.000 0.486 0.000 0.381 0.000 0.000 0.000 0.001 0.000 0.000 0.000 0.000 0.002 0.019 0.000 0.000 0.000 0.000 0.133
0.367 0.030 0.062 0.076 0.578 0.092 0.551 0.536 0.027 0.162 0.023 0.004 0.050 0.030 0.019 0.081 0.011 0.025 0.012 0.006 0.324 0.352 0.374 0.400 0.430 0.022 0.444 0.006 0.594 0.621 0.630 0.673 0.006 0.702 0.629 0.629 0.596 0.565 0.538 0.515 0.484 0.012 0.053 0.031 0.465 0.038 0.021 0.065 0.045 0.083 0.004 0.007 0.075 0.004 0.004 0.010 0.004 0.004 0.000 0.027 0.066 0.000 0.000 0.000 0.000 0.004 0.000 0.000 0.000 0.042 0.062 0.003 0.000 0.003 0.000 0.128 0.000
0.379 0.365 0.003 0.006 0.086 0.054 0.563 0.572 0.532 0.038 0.017 0.027 0.069 0.023 0.029 0.141 0.002 0.005 0.006 0.002 0.295 0.325 0.351 0.377 0.401 0.411 0.421 0.449 0.000 0.001 0.624 0.687 0.718 0.021 0.620 0.621 0.589 0.559 0.536 0.006 0.491 0.002 0.537 0.504 0.471 0.096 0.120 0.078 0.034 0.020 0.018 0.016 0.002 0.005 0.003 0.010 0.003 0.013 0.001 0.000 0.000 0.000 0.000 0.000 0.000 0.208 0.000 0.000 0.068 0.001 0.006 0.054 0.044 0.000 0.005 0.003 0.000
0.390 0.002 0.012 0.021 0.039 0.313 0.071 0.084 0.065 0.035 0.510 0.042 0.052 0.002 0.050 0.023 0.000 0.002 0.023 0.013 0.270 0.300 0.328 0.354 0.378 0.014 0.390 0.427 0.490 0.555 0.628 0.693 0.004 0.003 0.621 0.621 0.575 0.541 0.024 0.554 0.039 0.564 0.152 0.510 0.003 0.178 0.120 0.081 0.121 0.001 0.068 0.068 0.002 0.002 0.125 0.010 0.017 0.008 0.003 0.000 0.000 0.000 0.030 0.000 0.007 0.001 0.003 0.003 0.002 0.114 0.015 0.008 0.024 0.105 0.005 0.001 0.084
0.401 0.387 0.360 0.360 0.000 0.354 0.001 0.629 0.072 0.066 0.154 0.068 0.026 0.047 0.020 0.124 0.020 0.000 0.004 0.002 0.246 0.277 0.013 0.001 0.339 0.001 0.389 0.451 0.515 0.579 0.644 0.707 0.730 0.008 0.625 0.625 0.577 0.529 0.481 0.000 0.366 0.021 0.124 0.160 0.476 0.023 0.028 0.139 0.089 0.044 0.029 0.028 0.003 0.002 0.000 0.057 0.017 0.000 0.000 0.000 0.000 0.002 0.077 0.011 0.078 0.008 0.090 0.090 0.009 0.043 0.013 0.014 0.006 0.002 0.000 0.047 0.172
0.409 0.000 0.383 0.383 0.000 0.397 0.047 0.677 0.002 0.055 0.013 0.019 0.005 0.000 0.090 0.003 0.091 0.000 0.001 0.000 0.017 0.247 0.001 0.010 0.305 0.360 0.418 0.477 0.539 0.602 0.666 0.729 0.753 0.007 0.631 0.631 0.585 0.537 0.490 0.002 0.373 0.028 0.514 0.064 0.000 0.028 0.150 0.030 0.016 0.031 0.049 0.045 0.050 0.010 0.101 0.028 0.013 0.000 0.000 0.000 0.261 0.021 0.257 0.147 0.148 0.159 0.150 0.150 0.000 0.023 0.012 0.000 0.017 0.000 0.233 0.128 0.081
0.416 0.399 0.001 0.001 0.423 0.440 0.456 0.004 0.018 0.040 0.585 0.000 0.001 0.091 0.005 0.000 0.009 0.063 0.002 0.001 0.009 0.210 0.220 0.000 0.329 0.001 0.003 0.499 0.563 0.626 0.689 0.751 0.773 0.006 0.640 0.640 0.593 0.547 0.500 0.004 0.384 0.006 0.087 0.088 0.000 0.116 0.009 0.015 0.033 0.041 0.046 0.047 0.055 0.047 0.019 0.009 0.000 0.000 0.000 0.211 0.231 0.000 0.186 0.146 0.168 0.148 0.052 0.056 0.085 0.062 0.014 0.015 0.090 0.017 0.065 0.053 0.057
0.424 0.430 0.457 0.455 0.471 0.488 0.504 0.518 0.508 0.459 0.003 0.005 0.030 0.181 0.041 0.041 0.009 0.063 0.006 0.003 0.007 0.008 0.226 0.287 0.352 0.417 0.002 0.526 0.590 0.652 0.713 0.772 0.789 0.740 0.648 0.649 0.603 0.556 0.508 0.456 0.409 0.000 0.267 0.015 0.029 0.016 0.016 0.104 0.014 0.101 0.034 0.042 0.067 0.043 0.028 0.007 0.000 0.035 0.126 0.017 0.006 0.010 0.164 0.164 0.000 0.038 0.003 0.004 0.010 0.001 0.060 0.070 0.009 0.105 0.084 0.196 0.063
0.421 0.429 0.456 0.455 0.471 0.487 0.503 0.518 0.508 0.459 0.002 0.004 0.027 0.181 0.041 0.041 0.005 0.063 0.003 0.001 0.006 0.008 0.216 0.281 0.352 0.417 0.003 0.526 0.590 0.652 0.711 0.761 0.778 0.730 0.637 0.637 0.591 0.544 0.498 0.452 0.407 0.000 0.261 0.009 0.020 0.006 0.008 0.098 0.004 0.082 0.017 0.024 0.049 0.031 0.025 0.005 0.000 0.032 0.126 0.008 0.004 0.007 0.163 0.163 0.000 0.035 0.003 0.004 0.009 0.001 0.058 0.070 0.005 0.100 0.074 0.194 0.045
0.460 0.000 0.501 0.501 0.517 0.001 0.000 0.563 0.559 0.000 0.005 0.002 0.023 0.008 0.000 0.013 0.408 0.003 0.234 0.234 0.022 0.005 0.217 0.281 0.002 0.010 0.004 0.007 0.619 0.002 0.003 0.768 0.786 0.740 0.647 0.647 0.601 0.555 0.510 0.471 0.002 0.319 0.274 0.001 0.018 0.002 0.006 0.095 0.066 0.065 0.038 0.045 0.038 0.020 0.002 0.000 0.024 0.018 0.013 0.009 0.005 0.183 0.055 0.087 0.011 0.041 0.008 0.008 0.031 0.007 0.035 0.000 0.039 0.069 0.075 0.037 0.146
0.552 0.565 0.597 0.596 0.611 0.625 0.641 0.658 0.666 0.000 0.562 0.513 0.015 0.411 0.008 0.018 0.086 0.004 0.011 0.006 0.247 0.268 0.304 0.326 0.349 0.001 0.000 0.006 0.000 0.662 0.729 0.805 0.820 0.775 0.682 0.683 0.636 0.590 0.543 0.001 0.418 0.371 0.335 0.304 0.274 0.254 0.228 0.199 0.170 0.142 0.114 0.117 0.079 0.050 0.002 0.040 0.036 0.040 0.050 0.026 0.097 0.082 0.056 0.200 0.070 0.028 0.005 0.005 0.031 0.016 0.023 0.000 0.042 0.014 0.110 0.019 0.034
0.599 0.613 0.644 0.643 0.658 0.673 0.689 0.705 0.718 0.667 0.617 0.567 0.001 0.466 0.417 0.385 0.003 0.003 0.004 0.003 0.002 0.341 0.002 0.001 0.405 0.424 0.485 0.003 0.621 0.688 0.755 0.823 0.835 0.789 0.696 0.696 0.650 0.603 0.555 0.502 0.000 0.424 0.393 0.362 0.333 0.313 0.293 0.268 0.238 0.207 0.177 0.177 0.000 0.104 0.075 0.064 0.059 0.060 0.039 0.079 0.070 0.057 0.053 0.041 0.010 0.032 0.046 0.047 0.075 0.016 0.021 0.098 0.042 0.045 0.043 0.034 0.091
0.620 0.650 0.692 0.691 0.706 0.721 0.737 0.752 0.768 0.721 0.671 0.621 0.570 0.523 0.503 0.000 0.003 0.444 0.406 0.406 0.405 0.427 0.449 0.001 0.501 0.522 0.544 0.578 0.646 0.712 0.779 0.844 0.853 0.807 0.713 0.713 0.667 0.620 0.584 0.550 0.514 0.482 0.451 0.419 0.392 0.372 0.352 0.332 0.306 0.276 0.245 0.245 0.001 0.163 0.133 0.111 0.103 0.117 0.113 0.049 0.077 0.000 0.145 0.035 0.025 0.036 0.036 0.036 0.000 0.013 0.027 0.356 0.104 0.024 0.417 0.099 0.061
0.634 0.664 0.726 0.725 0.753 0.769 0.784 0.800 0.816 0.776 0.725 0.675 0.641 0.622 0.602 0.582 0.562 0.543 0.505 0.505 0.504 0.525 0.547 0.569 0.000 0.618 0.640 0.663 0.686 0.737 0.802 0.867 0.873 0.827 0.733 0.733 0.699 0.668 0.636 0.604 0.571 0.539 0.508 0.477 0.450 0.430 0.410 0.390 0.370 0.344 0.314 0.314 0.253 0.223 0.194 0.165 0.139 0.004 0.002 0.048 0.086 0.252 0.045 0.144 0.018 0.026 0.066 0.066 0.006 0.012 0.041 0.413 0.433 0.453 0.474 0.127 0.073
0.648 0.678 0.740 0.739 0.770 0.801 0.832 0.848 0.864 0.829 0.780 0.760 0.740 0.721 0.701 0.681 0.662 0.642 0.604 0.604 0.602 0.624 0.646 0.668 0.690 0.713 0.736 0.759 0.781 0.804 0.827 0.891 0.895 0.848 0.783 0.784 0.753 0.722 0.691 0.660 0.628 0.597 0.565 0.534 0.508 0.488 0.468 0.448 0.428 0.408 0.382 0.383 0.321 0.291 0.260 0.230 0.203 0.000 0.011 0.014 0.041 0.324 0.088 0.002 0.102 0.023 0.023 0.021 0.048 0.025 0.021 0.067 0.054 0.102 0.518 0.011 0.066
0.662 0.692 0.754 0.753 0.784 0.815 0.846 0.878 0.909 0.899 0.879 0.859 0.839 0.820 0.800 0.780 0.761 0.742 0.703 0.703 0.700 0.722 0.744 0.766 0.788 0.811 0.833 0.855 0.877 0.900 0.922 0.944 0.931 0.900 0.839 0.839 0.808 0.778 0.747 0.716 0.685 0.653 0.622 0.591 0.567 0.547 0.526 0.507 0.487 0.466 0.445 0.445 0.389 0.359 0.328 0.300 0.273 0.246 0.220 0.199 0.177 0.020 0.068 0.091 0.111 0.020 0.147 0.148 0.000 0.208 0.008 0.251 0.271 0.040 0.000 0.022 0.026
0.675 0.705 0.768 0.767 0.798 0.829 0.860 0.892 0.944 0.970 0.978 0.958 0.938 0.919 0.899 0.880 0.860 0.841 0.802 0.802 0.799 0.821 0.842 0.864 0.886 0.908 0.930 0.952 0.974 0.996 1.018 1.039 1.014 0.958 0.895 0.895 0.865 0.834 0.803 0.772 0.741 0.710 0.679 0.649 0.625 0.605 0.585 0.565 0.000 0.523 0.503 0.503 0.458 0.428 0.398 0.371 0.344 0.317 0.290 0.002 0.006 0.014 0.004 0.004 0.432 0.000 0.201 0.201 0.003 0.264 0.284 0.304 0.306 0.304 0.302 0.300 0.018
0.689 0.719 0.782 0.781 0.812 0.843 0.883 0.936 0.989 1.017 1.027 1.037 1.037 1.018 0.998 0.979 0.959 0.940 0.901 0.901 0.897 0.919 0.940 0.962 0.984 1.006 1.028 1.050 1.071 1.093 1.114 1.136 1.108 1.052 0.952 0.952 0.922 0.891 0.860 0.829 0.799 0.768 0.737 0.706 0.683 0.663 0.643 0.622 0.601 0.581 0.561 0.561 0.521 0.497 0.469 0.442 0.415 0.388 0.361 0.334 0.308 0.280 0.253 0.013 0.002 0.003 0.256 0.256 0.001 0.321 0.340 0.339 0.337 0.336 0.334 0.332 0.330
0.702 0.733 0.796 0.795 0.826 0.874 0.928 0.981 1.035 1.063 1.073 1.084 1.094 1.104 1.097 1.078 1.058 1.039 1.000 1.000 0.995 1.017 1.039 1.060 1.082 1.104 1.126 1.147 1.168 1.190 1.211 1.232 1.203 1.147 1.034 1.034 0.979 0.948 0.918 0.887 0.856 0.825 0.794 0.763 0.742 0.721 0.701 0.681 0.660 0.640 0.619 0.620 0.581 0.582 0.548 0.513 0.486 0.459 0.432 0.407 0.380 0.353 0.000 0.479 0.002 0.291 0.311 0.311 0.351 0.000 0.372 0.370 0.369 0.367 0.366 0.364 0.362
0.716 0.746 0.814 0.813 0.866 0.920 0.973 1.027 1.080 1.110 1.120 1.130 1.141 1.151 1.162 1.172 1.157 1.138 1.099 1.099 1.093 1.115 1.137 1.159 1.180 1.202 1.223 1.244 1.266 1.287 1.308 1.330 1.297 1.241 1.129 1.129 1.073 1.017 0.975 0.944 0.914 0.883 0.852 0.821 0.800 0.780 0.760 0.739 0.719 0.698 0.681 0.681 0.680 0.680 0.650 0.613 0.576 0.539 0.503 0.000 0.453 0.426 0.002 0.003 0.340 0.347 0.367 0.368 0.403 0.402 0.402 0.401 0.400 0.398 0.397 0.396 0.394
0.729 0.760 0.859 0.858 0.911 0.965 1.018 1.072 1.126 1.156 1.167 1.177 1.188 1.198 1.208 1.219 1.229 1.237 1.198 1.198 1.192 1.213 1.235 1.257 1.278 1.299 1.320 1.342 1.363 1.384 1.405 1.427 1.392 1.336 1.223 1.224 1.167 1.111 1.055 1.002 0.971 0.940 0.909 0.880 0.859 0.839 0.818 0.798 0.780 0.780 0.780 0.780 0.780 0.780 0.752 0.714 0.677 0.640 0.603 0.565 0.002 0.003 0.000 0.439 0.412 0.403 0.423 0.424 0.435 0.434 0.434 0.433 0.431 0.430 0.429 0.428 0.426
0.744 0.797 0.904 0.903 0.957 1.010 1.064 1.117 1.171 1.203 1.214 1.224 1.234 1.245 1.255 1.266 1.276 1.287 1.298 1.298 1.290 1.312 1.333 1.354 1.375 1.397 1.418 1.439 1.460 1.482 1.503 1.524 1.487 1.431 1.318 1.318 1.262 1.206 1.150 1.094 1.037 0.998 0.967 0.939 0.918 0.898 0.880 0.880 0.880 0.880 0.879 0.879 0.879 0.879 0.854 0.817 0.779 0.742 0.705 0.668 0.630 0.000 0.557 0.520 0.484 0.459 0.469 0.470 0.467 0.466 0.465 0.464 0.463 0.462 0.461 0.460 0.458
0.789 0.842 0.949 0.948 1.002 1.055 1.109 1.163 1.217 1.250 1.260 1.271 1.281 1.292 1.302 1.313 1.323 1.334 1.355 1.355 1.385 1.409 1.431 1.452 1.473 1.494 1.515 1.537 1.558 1.579 1.600 1.622 1.582 1.526 1.413 1.413 1.357 1.301 1.245 1.188 1.132 1.076 1.025 0.998 0.980 0.980 0.980 0.979 0.979 0.979 0.979 0.979 0.979 0.979 0.956 0.919 0.882 0.845 0.807 0.770 0.733 0.696 0.659 0.622 0.586 0.590 0.528 0.529 0.499 0.498 0.497 0.496 0.495 0.494 0.493 0.491 0.490
0.834 0.887 0.994 0.994 1.047 1.101 1.155 1.208 1.262 1.297 1.307 1.318 1.328 1.339 1.349 1.360 1.370 1.381 1.437 1.437 1.469 1.499 1.528 1.549 1.571 1.592 1.613 1.634 1.655 1.677 1.698 1.719 1.678 1.621 1.509 1.509 1.452 1.396 1.340 1.283 1.227 1.171 1.118 1.092 1.080 1.080 1.079 1.079 1.079 1.079 1.079 1.079 1.079 1.079 1.059 1.021 0.984 0.947 0.910 0.873 0.836 0.798 0.761 0.730 0.749 0.767 0.713 0.713 0.563 0.530 0.529 0.528 0.527 0.525 0.524 0.523 0.522
0.833 0.886 0.993 0.993 1.047 1.100 1.154 1.208 1.262 1.296 1.307 1.317 1.328 1.338 1.349 1.359 1.370 1.380 1.437 1.437 1.469 1.499 1.528 1.549 1.570 1.592 1.613 1.634 1.655 1.676 1.698 1.719 1.677 1.621 1.508 1.508 1.452 1.396 1.339 1.283 1.227 1.170 1.118 1.092 1.079 1.079 1.079 1.079 1.079 1.079 1.079 1.079 1.078 1.078 1.058 1.021 0.984 0.947 0.910 0.873 0.835 0.798 0.761 0.729 0.748 0.767 0.712 0.713 0.562 0.529 0.528 0.527 0.526 0.524 0.523 0.522 0.521
0.890 0.935 1.039 1.038 1.092 1.146 1.200 1.254 1.308 1.343 1.354 1.364 1.375 1.385 1.396 1.406 1.424 1.456 1.521 1.520 1.552 1.582 1.613 1.643 1.668 1.689 1.710 1.732 1.753 1.774 1.795 1.817 1.772 1.716 1.603 1.603 1.547 1.491 1.434 1.378 1.322 1.304 1.289 1.263 1.219 1.179 1.179 1.179 1.179 1.179 1.178 1.178 1.178 1.178 1.161 1.124 1.087 1.049 1.012 0.975 0.938 0.901 0.889 0.907 0.926 0.944 0.897 0.897 0.746 0.671 0.596 0.558 0.557 0.556 0.555 0.553 0.552
