includes/camargue/floodfiles/results_R2_t1.562345283857E12/res-0001.wd
ncols         906
nrows         631
xllcorner     362177.146667
yllcorner     6534725.688020
cellsize      20.000000
NODATA_value  -9999.000000
[rows 544 to 577 of 631, columns 154 to 230 of 906]
6.120 6.431 6.742 7.053 7.162 7.248 7.334 7.390 7.362 7.335 7.307 7.280 7.252 7.354 7.600 7.599 8.090 8.336 8.581 8.827 8.910 8.919 8.791 8.572 8.352 8.133 7.913 7.694 7.474 7.255 7.035 7.035 6.971 6.971 6.972 6.973 6.973 6.974 6.975 6.976 6.976 6.977 6.952 6.915 6.880 6.845 6.810 6.810 6.740 6.705 6.670 6.635 6.600 6.565 6.545 6.618 6.691 6.764 6.837 6.910 6.983 7.056 7.129 7.281 7.281 7.359 7.396 7.387 7.378 7.368 7.359 7.350 7.341 7.331 7.386 7.461 7.537
5.974 6.285 6.596 6.876 6.962 7.048 7.134 7.219 7.293 7.266 7.238 7.211 7.183 7.358 7.603 7.603 8.094 8.339 8.585 8.830 9.076 9.144 8.927 8.707 8.488 8.268 8.049 7.807 7.541 7.274 7.008 7.008 6.915 6.917 6.918 6.920 6.921 6.923 6.925 6.926 6.928 6.929 6.879 6.830 6.804 6.777 6.751 6.751 6.698 6.672 6.645 6.619 6.592 6.566 6.564 6.631 6.698 6.765 6.832 6.899 6.966 7.033 7.100 7.234 7.234 7.274 7.265 7.256 7.246 7.237 7.228 7.219 7.209 7.200 7.273 7.349 7.425
5.828 6.139 6.450 6.676 6.762 6.848 6.933 7.019 7.105 7.191 7.169 7.141 7.116 7.361 7.607 7.606 8.097 8.343 8.588 8.834 8.951 9.039 8.801 8.535 8.268 8.002 7.735 7.469 7.203 6.936 6.670 6.670 6.872 6.874 6.875 6.877 6.879 6.880 6.882 6.883 6.885 6.870 6.783 6.701 6.674 6.648 6.621 6.621 6.569 6.542 6.516 6.489 6.463 6.430 6.388 6.428 6.495 6.562 6.629 6.696 6.763 6.829 6.896 7.030 7.030 7.097 7.133 7.124 7.115 7.106 7.096 7.087 7.078 7.085 7.160 7.236 7.312
5.682 5.993 6.304 6.476 6.562 6.647 6.733 6.819 6.905 6.990 7.076 7.072 7.119 7.365 7.610 7.610 8.013 8.104 8.195 8.285 8.376 8.462 8.463 8.196 7.930 7.664 7.397 7.131 6.865 6.598 6.539 6.539 6.796 6.831 6.832 6.834 6.836 6.837 6.839 6.840 6.842 6.774 6.686 6.599 6.545 6.518 6.492 6.492 6.439 6.413 6.386 6.360 6.333 6.291 6.249 6.225 6.291 6.358 6.425 6.492 6.559 6.626 6.693 6.827 6.827 6.894 6.960 6.993 6.984 6.974 6.965 6.956 6.947 6.972 7.048 7.123 7.199
5.536 5.847 6.158 6.276 6.361 6.447 6.533 6.619 6.704 6.790 6.876 6.962 7.075 7.166 7.257 7.257 7.438 7.529 7.620 7.710 7.800 7.885 7.969 7.858 7.592 7.326 7.059 6.793 6.526 6.292 6.421 6.421 6.678 6.788 6.790 6.791 6.793 6.794 6.796 6.797 6.765 6.677 6.590 6.502 6.415 6.389 6.363 6.362 6.310 6.283 6.257 6.230 6.194 6.152 6.110 6.067 6.088 6.155 6.222 6.289 6.356 6.423 6.490 6.624 6.624 6.690 6.757 6.824 6.852 6.843 6.834 6.824 6.815 6.859 6.935 7.011 7.086
5.390 5.701 5.990 6.075 6.161 6.247 6.333 6.419 6.504 6.590 6.620 6.627 6.599 6.591 6.682 6.682 6.863 6.954 7.044 7.135 7.223 7.307 7.392 7.477 7.254 6.987 6.721 6.455 6.188 6.174 6.303 6.303 6.560 6.689 6.747 6.748 6.750 6.751 6.753 6.755 6.668 6.580 6.493 6.405 6.318 6.260 6.233 6.233 6.180 6.154 6.127 6.097 6.055 6.012 5.970 5.928 5.886 5.952 6.019 6.086 6.153 6.220 6.287 6.420 6.420 6.487 6.554 6.620 6.687 6.712 6.702 6.693 6.684 6.747 6.822 6.898 6.974
5.244 5.555 5.789 5.875 5.961 6.047 6.133 6.218 6.225 6.232 6.239 6.246 6.215 6.161 6.107 6.107 6.288 6.379 6.469 6.560 6.645 6.730 6.815 6.899 6.916 6.649 6.383 6.117 5.927 6.056 6.185 6.184 6.442 6.571 6.700 6.705 6.707 6.709 6.710 6.659 6.571 6.484 6.396 6.309 6.221 6.134 6.104 6.104 6.051 6.024 5.998 5.957 5.915 5.873 5.831 5.789 5.747 5.749 5.816 5.883 5.950 6.017 6.084 6.217 6.217 6.284 6.350 6.417 6.484 6.550 6.571 6.562 6.558 6.634 6.710 6.785 6.861
5.098 5.409 5.589 5.675 5.761 5.823 5.830 5.837 5.844 5.851 5.858 5.865 5.832 5.778 5.724 5.724 5.713 5.804 5.894 5.983 6.068 6.152 6.237 6.322 6.407 6.311 6.045 5.779 5.809 5.938 6.066 6.066 6.324 6.453 6.581 6.662 6.664 6.666 6.650 6.562 6.475 6.387 6.300 6.212 6.124 6.037 5.974 5.974 5.921 5.895 5.860 5.818 5.776 5.734 5.692 5.650 5.608 5.566 5.613 5.680 5.747 5.814 5.881 6.014 6.014 6.080 6.147 6.214 6.280 6.347 6.414 6.430 6.445 6.521 6.597 6.673 6.704
5.149 5.263 5.389 5.427 5.434 5.441 5.448 5.455 5.463 5.470 5.477 5.484 5.449 5.395 5.341 5.341 5.232 5.228 5.319 5.406 5.490 5.575 5.660 5.745 5.829 5.914 5.707 5.562 5.691 5.820 5.948 5.948 6.206 6.335 6.463 6.592 6.621 6.623 6.553 6.466 6.378 6.291 6.203 6.115 6.028 5.940 5.853 5.853 5.792 5.763 5.721 5.679 5.637 5.595 5.553 5.511 5.469 5.427 5.410 5.477 5.544 5.610 5.677 5.811 5.810 5.877 5.944 6.010 6.077 6.144 6.210 6.277 6.333 6.326 6.315 6.304 6.292
5.085 5.093 5.039 5.046 5.053 5.060 5.067 5.074 5.081 5.089 5.096 5.103 5.066 5.012 4.958 4.958 4.849 4.795 4.755 4.830 4.913 4.998 5.082 5.167 5.252 5.337 5.369 5.444 5.573 5.701 5.830 5.830 6.088 6.216 6.345 6.474 6.578 6.544 6.456 6.369 6.281 6.194 6.106 6.019 5.931 5.844 5.756 5.756 5.663 5.624 5.582 5.540 5.498 5.456 5.414 5.372 5.330 5.288 5.245 5.273 5.340 5.407 5.474 5.607 5.607 5.674 5.740 5.807 5.874 5.928 5.956 5.983 5.943 5.915 5.903 5.892 5.880
4.863 4.859 4.808 4.738 4.672 4.679 4.686 4.693 4.700 4.707 4.714 4.721 4.683 4.629 4.575 4.574 4.466 4.455 4.469 4.530 4.605 4.680 4.756 4.831 4.906 4.982 5.025 5.123 5.264 5.404 5.545 5.545 5.826 5.967 6.107 6.248 6.385 6.357 6.288 6.220 6.151 6.083 6.010 5.922 5.835 5.747 5.660 5.659 5.527 5.485 5.443 5.401 5.359 5.317 5.275 5.233 5.190 5.148 5.106 5.070 5.137 5.204 5.271 5.404 5.404 5.471 5.511 5.539 5.566 5.593 5.620 5.647 5.588 5.520 5.491 5.480 5.468
4.629 4.625 4.587 4.516 4.446 4.375 4.305 4.312 4.319 4.326 4.333 4.340 4.300 4.246 4.191 4.191 4.160 4.174 4.188 4.229 4.305 4.380 4.455 4.531 4.606 4.659 4.682 4.726 4.867 5.007 5.148 5.148 5.429 5.570 5.710 5.851 5.918 5.945 5.876 5.808 5.740 5.671 5.603 5.534 5.466 5.397 5.329 5.329 5.274 5.252 5.229 5.207 5.184 5.162 5.135 5.093 5.051 5.009 4.967 4.925 4.934 5.001 5.067 5.122 5.122 5.149 5.176 5.203 5.230 5.258 5.285 5.302 5.234 5.166 5.098 5.068 5.056
4.629 4.625 4.587 4.516 4.446 4.375 4.305 4.312 4.319 4.326 4.333 4.340 4.300 4.246 4.191 4.191 4.160 4.174 4.188 4.229 4.304 4.380 4.455 4.531 4.606 4.659 4.682 4.726 4.867 5.007 5.148 5.148 5.429 5.570 5.710 5.851 5.918 5.945 5.876 5.808 5.740 5.671 5.603 5.534 5.466 5.397 5.329 5.329 5.274 5.252 5.229 5.207 5.184 5.162 5.135 5.093 5.051 5.009 4.967 4.925 4.934 5.001 5.067 5.122 5.122 5.149 5.176 5.203 5.230 5.258 5.285 5.302 5.234 5.166 5.098 5.068 5.056
4.395 4.392 4.365 4.295 4.224 4.154 4.083 4.013 3.942 3.945 3.952 3.959 3.917 3.863 3.850 3.850 3.878 3.892 3.906 3.929 4.004 4.080 4.155 4.230 4.293 4.316 4.339 4.361 4.470 4.610 4.751 4.751 5.032 5.173 5.313 5.408 5.452 5.495 5.464 5.396 5.328 5.259 5.191 5.122 5.054 4.986 4.917 4.917 4.939 4.922 4.899 4.877 4.854 4.832 4.810 4.787 4.765 4.742 4.720 4.697 4.693 4.705 4.732 4.786 4.786 4.813 4.841 4.868 4.895 4.922 4.949 4.947 4.879 4.811 4.743 4.675 4.644
4.162 4.158 4.143 4.073 4.003 3.932 3.862 3.791 3.721 3.650 3.580 3.578 3.541 3.555 3.569 3.569 3.597 3.611 3.625 3.639 3.704 3.779 3.855 3.928 3.950 3.973 3.995 4.018 4.073 4.214 4.354 4.354 4.635 4.776 4.898 4.942 4.985 5.029 5.053 4.984 4.916 4.847 4.779 4.711 4.642 4.574 4.549 4.549 4.590 4.592 4.570 4.547 4.525 4.502 4.480 4.457 4.435 4.412 4.390 4.383 4.406 4.400 4.397 4.451 4.451 4.478 4.505 4.532 4.560 4.587 4.614 4.593 4.525 4.457 4.389 4.321 4.253
3.694 3.690 3.687 3.630 3.559 3.489 3.418 3.348 3.278 3.207 3.182 3.178 3.158 3.125 3.093 3.093 3.034 3.048 3.062 3.076 3.103 3.179 3.219 3.242 3.264 3.287 3.309 3.332 3.355 3.420 3.560 3.560 3.842 3.922 3.965 4.009 4.052 4.096 4.139 4.161 4.092 4.024 3.955 3.887 3.818 3.830 3.851 3.851 3.892 3.912 3.910 3.887 3.865 3.842 3.820 3.798 3.775 3.759 3.782 3.805 3.829 3.832 3.823 3.805 3.804 3.807 3.834 3.862 3.889 3.916 3.943 3.885 3.816 3.748 3.680 3.612 3.544
3.460 3.456 3.453 3.408 3.338 3.267 3.197 3.126 3.056 3.045 3.041 3.037 3.023 2.990 2.958 2.958 2.892 2.860 2.827 2.795 2.809 2.854 2.876 2.899 2.921 2.944 2.966 2.989 3.012 3.034 3.163 3.163 3.412 3.455 3.499 3.542 3.586 3.629 3.673 3.716 3.680 3.612 3.543 3.475 3.461 3.481 3.502 3.502 3.543 3.563 3.580 3.557 3.535 3.513 3.490 3.468 3.446 3.470 3.493 3.517 3.540 3.549 3.539 3.521 3.521 3.511 3.502 3.526 3.553 3.580 3.598 3.530 3.462 3.394 3.326 3.258 3.190
3.227 3.223 3.219 3.186 3.116 3.046 2.975 2.913 2.909 2.905 2.900 2.896 2.888 2.856 2.823 2.823 2.758 2.725 2.692 2.660 2.643 2.630 2.606 2.582 2.578 2.601 2.623 2.646 2.669 2.691 2.766 2.766 2.945 2.989 3.032 3.076 3.119 3.163 3.206 3.250 3.268 3.200 3.132 3.092 3.112 3.132 3.153 3.153 3.194 3.214 3.235 3.228 3.205 3.183 3.160 3.138 3.158 3.181 3.205 3.228 3.252 3.265 3.255 3.237 3.237 3.228 3.218 3.209 3.218 3.245 3.244 3.176 3.108 3.040 2.972 2.907 2.890
2.993 2.989 2.985 2.965 2.894 2.824 2.777 2.773 2.768 2.764 2.759 2.755 2.751 2.721 2.688 2.688 2.623 2.590 2.557 2.544 2.547 2.542 2.518 2.494 2.470 2.446 2.423 2.399 2.375 2.351 2.371 2.371 2.479 2.522 2.566 2.609 2.653 2.696 2.740 2.783 2.827 2.788 2.722 2.742 2.763 2.783 2.804 2.804 2.845 2.865 2.886 2.898 2.875 2.853 2.830 2.846 2.869 2.893 2.916 2.940 2.963 2.981 2.972 2.953 2.953 2.944 2.934 2.925 2.916 2.910 2.890 2.826 2.809 2.792 2.775 2.758 2.741
2.759 2.755 2.752 2.743 2.673 2.640 2.636 2.632 2.627 2.623 2.619 2.614 2.610 2.586 2.553 2.553 2.488 2.455 2.445 2.448 2.451 2.454 2.430 2.406 2.382 2.358 2.335 2.311 2.287 2.263 2.246 2.245 2.239 2.239 2.239 2.239 2.239 2.238 2.273 2.317 2.360 2.376 2.373 2.393 2.414 2.434 2.455 2.455 2.496 2.516 2.536 2.557 2.545 2.523 2.534 2.557 2.581 2.604 2.627 2.651 2.674 2.697 2.688 2.669 2.669 2.660 2.651 2.641 2.632 2.672 2.694 2.677 2.660 2.643 2.625 2.608 2.591
2.633 2.592 2.551 2.514 2.504 2.500 2.495 2.491 2.487 2.482 2.478 2.473 2.469 2.451 2.418 2.418 2.353 2.346 2.349 2.352 2.355 2.358 2.342 2.318 2.294 2.271 2.247 2.223 2.199 2.181 2.167 2.167 2.155 2.155 2.155 2.155 2.154 2.154 2.154 2.154 2.153 2.164 2.164 2.155 2.146 2.138 2.129 2.128 2.146 2.167 2.187 2.208 2.215 2.222 2.245 2.268 2.292 2.315 2.339 2.362 2.386 2.409 2.404 2.385 2.385 2.376 2.367 2.387 2.453 2.518 2.530 2.527 2.510 2.493 2.476 2.459 2.442
2.525 2.484 2.443 2.444 2.428 2.397 2.366 2.350 2.346 2.341 2.337 2.332 2.328 2.316 2.284 2.284 2.247 2.249 2.252 2.255 2.258 2.261 2.254 2.230 2.206 2.183 2.159 2.135 2.117 2.103 2.088 2.088 2.071 2.071 2.071 2.070 2.070 2.070 2.070 2.069 2.073 2.098 2.116 2.107 2.098 2.089 2.080 2.080 2.062 2.053 2.044 2.035 2.032 1.994 1.956 1.980 2.003 2.027 2.050 2.074 2.097 2.121 2.120 2.101 2.101 2.102 2.168 2.233 2.298 2.363 2.367 2.365 2.360 2.343 2.326 2.309 2.292
2.417 2.376 2.379 2.387 2.382 2.351 2.320 2.288 2.257 2.226 2.196 2.192 2.187 2.182 2.149 2.149 2.150 2.153 2.156 2.159 2.162 2.165 2.166 2.142 2.118 2.095 2.071 2.053 2.038 2.024 2.009 2.009 1.987 1.987 1.986 1.986 1.986 1.986 1.985 1.985 2.007 2.032 2.056 2.058 2.049 2.040 2.031 2.031 2.013 2.004 1.995 1.988 1.992 1.974 1.931 1.887 1.843 1.799 1.761 1.785 1.808 1.832 1.836 1.883 1.882 1.948 2.013 2.078 2.143 2.206 2.203 2.201 2.199 2.194 2.176 2.159 2.142
2.309 2.314 2.322 2.330 2.336 2.305 2.274 2.242 2.211 2.180 2.149 2.117 2.086 2.055 2.048 2.048 2.054 2.057 2.060 2.063 2.066 2.069 2.072 2.054 2.030 2.007 1.988 1.974 1.959 1.945 1.931 1.930 1.903 1.902 1.902 1.902 1.902 1.901 1.901 1.916 1.940 1.965 1.990 2.009 2.000 1.992 1.983 1.982 1.965 1.956 1.947 1.949 1.953 1.955 1.911 1.867 1.823 1.779 1.736 1.692 1.648 1.604 1.597 1.728 1.728 1.793 1.858 1.923 1.988 2.042 2.040 2.038 2.036 2.033 2.027 2.010 1.993
2.249 2.257 2.265 2.273 2.282 2.259 2.228 2.196 2.165 2.134 2.103 2.071 2.040 2.012 1.994 1.994 1.975 1.965 1.964 1.967 1.970 1.973 1.976 1.966 1.942 1.924 1.909 1.895 1.881 1.866 1.852 1.852 1.823 1.818 1.818 1.818 1.817 1.817 1.824 1.849 1.874 1.899 1.923 1.948 1.952 1.943 1.934 1.934 1.916 1.907 1.905 1.909 1.913 1.917 1.891 1.848 1.804 1.760 1.716 1.672 1.628 1.590 1.567 1.573 1.573 1.638 1.703 1.769 1.834 1.879 1.877 1.874 1.872 1.870 1.868 1.860 1.843
2.192 2.200 2.208 2.216 2.225 2.213 2.182 2.150 2.119 2.088 2.057 2.025 1.997 1.969 1.947 1.947 1.927 1.918 1.908 1.898 1.888 1.879 1.880 1.878 1.860 1.845 1.831 1.816 1.802 1.787 1.773 1.773 1.744 1.734 1.734 1.733 1.733 1.733 1.758 1.783 1.807 1.832 1.857 1.882 1.903 1.894 1.885 1.885 1.867 1.861 1.866 1.870 1.874 1.878 1.872 1.828 1.784 1.740 1.696 1.653 1.612 1.585 1.557 1.552 1.552 1.551 1.551 1.614 1.679 1.715 1.713 1.711 1.709 1.707 1.704 1.702 1.693
2.135 2.143 2.151 2.159 2.168 2.167 2.135 2.104 2.073 2.042 2.011 1.983 1.954 1.926 1.899 1.899 1.880 1.870 1.860 1.850 1.841 1.831 1.821 1.803 1.784 1.766 1.752 1.737 1.723 1.709 1.694 1.694 1.665 1.651 1.650 1.649 1.649 1.667 1.692 1.716 1.741 1.766 1.790 1.815 1.840 1.845 1.836 1.836 1.819 1.822 1.826 1.830 1.834 1.838 1.843 1.808 1.765 1.721 1.677 1.634 1.607 1.579 1.551 1.539 1.538 1.538 1.537 1.537 1.536 1.552 1.553 1.560 1.568 1.576 1.584 1.592 1.608
2.078 2.086 2.094 2.102 2.111 2.119 2.090 2.058 2.027 1.996 1.968 1.940 1.912 1.883 1.855 1.855 1.832 1.822 1.813 1.803 1.793 1.783 1.763 1.740 1.719 1.701 1.682 1.663 1.644 1.630 1.615 1.615 1.587 1.572 1.565 1.565 1.576 1.600 1.625 1.650 1.675 1.699 1.724 1.749 1.773 1.797 1.788 1.788 1.778 1.782 1.787 1.791 1.795 1.799 1.803 1.789 1.745 1.701 1.657 1.628 1.601 1.573 1.545 1.525 1.525 1.524 1.524 1.523 1.513 1.493 1.501 1.509 1.517 1.524 1.532 1.541 1.569
2.078 2.086 2.094 2.102 2.111 2.119 2.090 2.058 2.027 1.996 1.968 1.940 1.912 1.883 1.855 1.855 1.832 1.822 1.813 1.803 1.793 1.783 1.763 1.740 1.719 1.701 1.682 1.663 1.644 1.630 1.615 1.615 1.586 1.572 1.565 1.565 1.575 1.600 1.625 1.650 1.674 1.699 1.724 1.749 1.773 1.797 1.788 1.787 1.778 1.782 1.786 1.790 1.795 1.799 1.803 1.789 1.745 1.701 1.657 1.628 1.600 1.573 1.545 1.525 1.525 1.524 1.524 1.523 1.513 1.493 1.501 1.509 1.516 1.524 1.532 1.541 1.568
2.021 2.029 2.037 2.045 2.054 2.062 2.044 2.012 1.981 1.953 1.925 1.897 1.869 1.841 1.812 1.812 1.785 1.775 1.765 1.755 1.746 1.723 1.700 1.676 1.655 1.636 1.617 1.598 1.580 1.561 1.542 1.542 1.508 1.493 1.481 1.484 1.509 1.534 1.558 1.583 1.608 1.633 1.657 1.682 1.707 1.731 1.739 1.739 1.739 1.743 1.747 1.751 1.755 1.759 1.763 1.767 1.725 1.681 1.650 1.622 1.595 1.567 1.539 1.511 1.511 1.511 1.510 1.502 1.476 1.450 1.449 1.457 1.465 1.473 1.481 1.502 1.530
1.964 1.972 1.980 1.988 1.997 2.005 1.998 1.967 1.939 1.911 1.882 1.854 1.826 1.798 1.770 1.770 1.737 1.727 1.718 1.707 1.683 1.660 1.636 1.613 1.591 1.572 1.553 1.534 1.515 1.496 1.477 1.477 1.440 1.421 1.402 1.423 1.447 1.472 1.496 1.521 1.545 1.570 1.594 1.619 1.643 1.668 1.692 1.691 1.699 1.703 1.707 1.711 1.716 1.720 1.724 1.728 1.705 1.672 1.644 1.616 1.589 1.561 1.533 1.498 1.498 1.497 1.491 1.465 1.439 1.413 1.398 1.405 1.413 1.421 1.435 1.463 1.491
1.945 1.946 1.947 1.948 1.948 1.949 1.928 1.897 1.865 1.832 1.800 1.769 1.740 1.712 1.684 1.684 1.642 1.627 1.603 1.580 1.556 1.533 1.509 1.486 1.462 1.443 1.424 1.405 1.386 1.367 1.349 1.348 1.338 1.340 1.345 1.382 1.419 1.444 1.468 1.493 1.517 1.542 1.566 1.591 1.615 1.639 1.639 1.639 1.642 1.645 1.648 1.651 1.655 1.658 1.661 1.664 1.664 1.648 1.622 1.597 1.571 1.545 1.519 1.470 1.470 1.444 1.418 1.392 1.366 1.340 1.314 1.302 1.310 1.329 1.357 1.385 1.413
1.939 1.940 1.940 1.941 1.942 1.927 1.903 1.875 1.842 1.810 1.778 1.745 1.713 1.680 1.648 1.648 1.587 1.563 1.540 1.516 1.493 1.470 1.446 1.422 1.399 1.379 1.360 1.341 1.322 1.303 1.304 1.304 1.308 1.310 1.320 1.357 1.394 1.430 1.454 1.478 1.503 1.527 1.552 1.577 1.601 1.613 1.613 1.613 1.614 1.617 1.620 1.623 1.626 1.630 1.633 1.634 1.633 1.631 1.605 1.579 1.554 1.528 1.502 1.461 1.461 1.432 1.398 1.363 1.329 1.303 1.277 1.251 1.262 1.290 1.318 1.346 1.374
1.932 1.933 1.934 1.935 1.927 1.902 1.877 1.852 1.820 1.788 1.755 1.723 1.690 1.658 1.626 1.626 1.501 1.485 1.468 1.452 1.430 1.406 1.382 1.359 1.335 1.314 1.295 1.276 1.271 1.272 1.274 1.274 1.278 1.280 1.295 1.332 1.369 1.406 1.440 1.464 1.489 1.513 1.538 1.562 1.587 1.587 1.587 1.587 1.587 1.589 1.592 1.595 1.598 1.602 1.604 1.604 1.603 1.602 1.588 1.562 1.536 1.511 1.485 1.453 1.453 1.434 1.399 1.365 1.330 1.296 1.261 1.227 1.225 1.251 1.279 1.307 1.335
