includes/camargue/floodfiles/results_R2_t1.562345283857E12/res-0010.wdfp
ncols         906
nrows         631
xllcorner     362177.146667
yllcorner     6534725.688020
cellsize      20.000000
NODATA_value  -9999.000000
[rows 408 to 441 of 631, columns 308 to 384 of 906]
0.750 0.420 0.560 0.000 0.639 0.001 0.002 0.000 0.329 0.619 0.389 0.000 0.506 0.000 1.106 0.000 1.146 0.786 0.986 0.000 0.051 0.131 0.131 0.000 0.336 0.000 0.221 0.000 0.000 1.657 1.847 0.000 0.000 0.375 0.000 0.000 0.076 0.446 0.356 0.356 0.666 0.556 0.000 0.000 0.323 0.403 0.323 0.163 0.000 0.000 0.000 0.000 0.000 0.000 0.000 0.000 0.000 0.000 0.000 0.000 0.000 0.000 0.000 0.000 0.000 0.000 0.000 0.000 0.000 0.000 1.154 1.154 1.114 0.994 0.944 0.834 0.364
0.600 0.590 0.000 0.729 0.749 0.000 0.000 0.619 0.000 0.609 0.099 0.000 0.336 0.000 0.906 0.000 1.086 0.007 0.013 0.981 0.171 0.000 0.000 0.126 0.866 1.246 0.000 1.447 0.000 1.927 0.237 0.000 0.000 0.000 0.061 0.000 0.426 0.586 0.926 0.926 0.926 1.346 0.256 0.446 0.284 0.033 0.503 0.000 0.000 0.000 0.000 0.000 0.000 0.000 0.000 0.000 0.000 0.000 0.000 0.000 0.000 0.000 0.000 0.000 0.000 0.000 0.000 0.000 0.594 0.000 0.000 0.000 1.284 0.834 0.634 0.000 0.614
0.000 0.000 0.118 0.329 0.299 0.509 0.509 0.709 0.000 0.000 0.000 0.446 0.406 0.000 1.166 0.136 0.406 1.036 0.000 0.003 0.000 0.686 0.686 0.886 0.806 0.126 0.147 0.097 2.237 2.107 1.427 0.837 0.217 0.000 1.221 0.000 1.336 1.076 0.316 0.316 0.526 0.746 0.436 0.326 0.000 0.043 0.463 0.123 0.000 0.000 0.000 0.000 0.000 0.000 0.000 0.000 0.000 0.000 0.000 0.000 0.000 0.000 0.000 0.000 0.000 0.000 0.164 0.784 0.664 0.804 0.894 0.894 1.224 0.704 0.000 0.001 0.000
0.000 0.000 0.118 0.329 0.299 0.509 0.509 0.709 0.000 0.000 0.000 0.446 0.406 0.000 1.166 0.136 0.406 1.036 0.000 0.002 0.000 0.686 0.686 0.886 0.806 0.126 0.147 0.097 2.237 2.107 1.427 0.837 0.217 0.000 1.222 0.000 1.336 1.076 0.316 0.316 0.526 0.746 0.436 0.326 0.000 0.043 0.463 0.123 0.000 0.000 0.000 0.000 0.000 0.000 0.000 0.000 0.000 0.000 0.000 0.000 0.000 0.000 0.000 0.000 0.000 0.001 0.164 0.784 0.664 0.804 0.894 0.894 1.224 0.704 0.000 0.000 0.000
0.000 0.096 0.443 0.000 0.749 0.549 0.549 0.000 0.000 0.186 0.376 0.516 0.296 0.746 1.246 1.096 0.000 0.376 0.907 0.238 0.789 0.164 0.165 0.746 0.696 0.000 0.407 0.537 1.727 0.000 0.527 0.000 0.000 1.361 0.000 1.016 1.306 0.916 0.686 0.686 0.496 1.636 0.606 0.456 0.496 0.000 0.283 0.613 0.000 0.000 0.000 0.000 0.000 0.000 0.000 0.000 0.000 0.000 0.000 0.000 0.000 0.000 0.000 0.098 0.000 0.094 0.000 0.764 0.354 0.454 1.244 1.244 1.054 1.374 0.214 0.134 0.364
0.164 0.296 0.000 0.649 0.839 0.649 0.649 0.709 0.829 0.000 0.346 0.846 0.000 0.966 0.000 0.000 0.000 0.466 0.000 0.077 0.000 0.000 0.000 0.766 0.000 0.297 0.377 1.397 1.697 0.000 0.047 0.000 0.000 1.311 0.000 1.096 1.076 1.166 0.696 0.696 0.456 0.216 0.606 0.516 0.546 0.676 0.114 0.333 0.005 0.000 0.000 0.000 0.000 0.000 0.000 0.000 0.000 0.000 0.000 0.000 0.000 0.000 0.000 0.000 0.000 0.001 0.000 0.064 0.534 1.394 1.284 1.284 0.944 0.000 0.000 0.544 0.384
0.264 0.000 0.919 0.729 0.000 0.000 0.000 0.000 0.000 0.556 1.596 0.566 0.666 0.286 0.000 0.056 0.126 0.286 0.195 0.125 0.445 0.685 0.685 0.021 0.242 0.000 2.187 0.097 2.107 0.000 0.000 0.489 0.769 0.000 0.516 1.256 0.836 0.946 1.036 1.036 0.856 0.826 0.796 0.376 0.476 0.816 0.000 0.000 0.202 0.052 0.133 0.143 0.007 0.000 0.000 0.000 0.000 0.000 0.000 0.000 0.000 0.000 0.000 0.000 0.125 0.000 0.000 0.024 0.084 0.244 0.274 0.274 0.334 0.000 0.254 0.354 1.264
0.008 0.759 0.659 0.000 0.452 0.372 0.372 0.602 0.069 0.386 1.496 0.936 0.056 0.545 0.455 0.105 0.002 0.005 0.365 0.375 0.515 0.505 0.505 0.415 0.000 1.996 0.000 0.732 0.000 0.000 0.000 0.059 0.000 0.686 0.886 0.786 0.856 0.726 1.216 1.216 0.756 0.736 0.646 0.706 0.636 1.026 0.266 0.316 0.000 0.200 0.000 0.233 0.033 0.000 0.017 0.017 0.000 0.000 0.000 0.000 0.000 0.000 0.000 0.016 0.004 0.003 0.000 0.000 0.254 0.334 0.514 0.514 0.364 0.283 0.173 0.204 0.424
0.000 0.709 0.289 0.000 0.000 0.000 0.000 0.127 0.585 0.000 0.000 1.706 0.000 0.455 0.645 0.565 0.000 0.000 0.455 0.385 0.425 0.008 0.008 0.000 2.255 0.106 0.130 0.232 0.000 0.000 1.199 1.179 0.000 0.086 1.416 1.056 1.106 0.596 1.156 1.156 1.136 1.166 1.226 1.146 1.046 1.506 0.176 0.156 0.116 0.047 0.000 0.002 0.002 0.003 0.047 0.047 0.000 0.000 0.000 0.000 0.000 0.000 0.000 0.156 0.000 0.002 0.002 0.000 0.114 0.000 0.484 0.484 0.000 0.463 0.393 0.093 0.223
0.000 0.599 0.729 0.000 0.575 0.585 0.585 0.745 0.585 0.555 0.000 0.000 0.686 0.000 0.445 0.000 0.000 0.635 0.485 0.735 0.705 0.745 0.745 1.005 1.385 1.125 0.000 0.000 0.381 0.000 1.149 0.529 0.000 0.000 0.000 1.686 0.176 0.576 0.926 0.926 1.136 0.766 0.856 0.576 0.756 0.196 0.036 0.126 0.116 0.086 0.126 0.047 0.002 0.000 0.000 0.000 0.000 0.000 0.000 0.000 0.000 0.000 0.000 0.000 0.001 0.002 0.001 0.000 0.144 0.643 0.373 0.373 0.163 0.323 0.933 0.393 0.153
0.000 0.039 1.179 0.014 0.415 0.000 0.000 0.555 0.765 0.425 0.000 0.000 1.586 0.010 0.525 0.144 0.444 0.515 0.795 0.000 0.915 0.105 0.105 1.075 0.000 0.475 0.000 0.000 0.000 1.299 1.099 0.000 0.361 0.000 0.856 1.226 0.276 1.306 1.116 1.116 0.916 1.186 1.106 0.766 0.696 0.576 0.126 0.136 0.086 0.196 0.196 0.000 0.000 0.000 0.094 0.094 0.002 0.007 0.005 0.000 0.000 0.000 0.000 0.096 0.010 0.082 0.000 0.000 0.324 0.000 0.313 0.313 1.283 1.083 1.173 1.023 0.223
0.003 0.069 0.019 0.288 0.000 0.115 0.115 0.415 0.485 0.665 0.095 0.000 0.956 0.000 0.172 0.403 0.453 0.000 0.000 0.935 1.095 0.675 0.675 0.000 0.549 0.000 0.000 1.249 0.359 1.199 0.499 0.000 0.000 0.796 0.396 0.000 1.276 0.000 0.326 0.326 0.316 0.716 0.846 0.606 0.576 0.496 0.426 0.426 0.246 0.000 0.136 0.000 0.000 0.000 0.000 0.000 0.000 0.000 0.229 0.079 0.000 0.002 0.000 0.125 0.155 0.000 0.163 0.803 0.000 0.063 1.163 1.163 0.533 0.463 0.703 0.283 0.000
0.148 0.000 0.000 0.000 0.000 0.000 0.000 0.495 0.455 0.475 0.000 0.376 1.516 0.034 0.236 0.193 0.000 0.706 0.000 2.405 2.365 0.000 0.000 0.139 0.769 0.000 0.721 0.000 0.359 0.769 0.000 0.887 1.067 0.000 0.546 0.656 0.000 0.546 0.576 0.576 0.176 0.546 0.576 0.696 0.506 0.296 0.306 0.001 0.216 0.116 0.000 0.000 0.000 0.000 0.124 0.124 0.104 0.000 0.001 0.002 0.018 0.000 0.315 0.135 0.000 0.001 0.000 0.000 0.000 0.313 0.683 0.683 0.533 0.903 0.513 0.503 0.000
0.278 0.000 0.000 0.132 0.000 1.395 1.395 0.235 0.605 0.099 0.000 0.606 0.296 0.000 0.000 0.188 0.736 0.096 2.316 0.000 0.000 1.013 1.013 0.000 0.449 0.689 0.000 0.189 0.659 0.000 0.000 0.000 0.787 1.067 0.000 0.000 1.036 0.716 0.066 0.066 0.256 0.976 0.076 0.000 0.476 0.376 0.176 0.136 0.196 0.000 0.006 0.000 0.000 0.000 0.044 0.044 0.084 0.000 0.001 0.003 0.042 0.023 0.026 0.000 0.024 0.133 0.000 0.235 0.024 0.000 0.303 0.303 0.423 0.873 0.933 0.863 0.000
0.000 0.000 0.000 0.001 0.000 0.000 0.000 0.053 0.002 0.360 0.000 0.476 1.676 0.246 0.077 0.051 2.216 2.476 0.000 1.342 0.000 0.000 0.000 0.045 0.000 0.429 0.519 0.439 0.559 0.000 0.000 0.002 0.000 0.477 0.607 1.187 0.307 0.000 0.000 0.000 0.236 0.356 0.007 0.266 0.246 0.096 0.226 0.036 0.136 0.047 0.167 0.000 0.000 0.131 0.000 0.000 0.000 0.034 0.044 0.000 0.128 0.128 0.077 0.397 0.000 1.013 0.000 0.000 0.592 0.532 0.263 0.263 0.313 0.243 0.133 0.000 0.503
0.000 0.000 0.172 0.000 0.316 0.000 0.000 1.226 0.366 0.049 0.451 0.000 0.076 0.646 0.000 2.476 2.456 0.069 0.327 0.000 0.000 0.000 0.000 0.605 0.435 0.068 0.189 0.379 0.000 0.000 0.039 0.249 0.319 0.118 0.138 0.000 0.000 0.000 0.077 0.077 0.000 0.276 0.336 0.196 0.196 0.176 0.000 0.000 0.009 0.097 0.000 0.001 0.000 0.000 0.000 0.000 0.000 0.000 0.000 0.000 0.048 0.000 0.594 0.000 0.000 0.723 0.000 1.242 0.862 0.572 0.000 0.000 0.812 0.802 0.862 0.852 0.000
0.000 0.000 0.000 0.000 0.496 0.686 0.686 1.636 1.546 0.004 0.361 0.261 0.000 0.596 1.746 2.186 0.000 0.000 0.597 0.048 0.274 0.294 0.294 0.495 0.000 0.169 0.499 0.000 0.042 0.000 0.005 0.159 0.129 0.020 0.110 0.051 0.000 0.038 1.117 1.117 0.517 0.000 0.146 0.256 0.356 0.096 0.000 0.014 0.000 0.000 0.000 0.103 0.000 0.000 0.000 0.000 0.010 0.000 0.000 0.039 0.028 0.035 0.314 0.204 0.654 0.193 1.302 1.372 0.000 0.712 0.601 0.601 0.601 0.000 0.000 0.842 0.852
0.545 0.000 0.475 0.265 0.356 0.000 0.000 0.375 0.115 0.000 0.441 0.010 0.068 0.139 2.336 0.000 0.000 0.000 0.667 0.000 0.000 0.665 0.665 0.000 0.355 0.000 0.000 0.000 0.000 0.000 0.000 0.002 0.081 0.192 0.202 0.192 0.000 0.000 0.197 0.197 0.257 0.227 0.317 0.037 0.004 0.000 0.084 0.044 0.000 0.000 0.052 0.000 0.000 0.000 0.000 0.000 0.000 0.000 0.000 0.000 0.018 0.075 0.734 0.084 0.074 0.000 0.000 0.003 1.155 0.000 0.721 0.721 0.801 0.861 1.401 0.000 0.000
0.365 0.465 0.405 0.235 0.000 0.555 0.555 0.445 0.265 0.000 1.111 0.311 1.201 2.131 0.000 0.000 0.000 0.327 0.637 0.000 0.565 0.945 0.945 0.345 0.295 0.000 0.000 0.026 0.176 0.016 0.000 0.252 0.012 0.602 0.462 0.362 0.342 0.222 0.000 0.000 0.187 0.000 0.019 0.038 0.000 0.000 0.000 0.000 0.000 0.000 0.000 0.000 0.000 0.000 0.000 0.000 0.000 0.000 0.000 0.000 0.000 0.000 0.664 0.000 0.534 0.006 0.000 0.898 0.000 0.000 0.701 0.701 0.000 0.840 0.000 0.649 1.139
0.365 0.465 0.405 0.235 0.000 0.555 0.555 0.445 0.265 0.000 1.111 0.311 1.201 2.131 0.000 0.000 0.000 0.327 0.637 0.000 0.565 0.945 0.945 0.345 0.295 0.000 0.000 0.026 0.176 0.014 0.000 0.252 0.012 0.602 0.462 0.362 0.342 0.222 0.000 0.000 0.187 0.000 0.019 0.039 0.000 0.000 0.000 0.000 0.000 0.000 0.000 0.000 0.000 0.000 0.000 0.000 0.000 0.000 0.000 0.001 0.001 0.000 0.664 0.000 0.534 0.006 0.000 0.898 0.000 0.000 0.701 0.701 0.000 0.840 0.000 0.649 1.139
0.285 0.075 0.000 0.424 0.424 0.455 0.455 0.000 0.036 0.002 0.000 0.711 2.501 2.201 0.000 0.000 0.267 0.467 0.028 0.000 0.795 0.000 0.000 0.525 0.545 0.395 0.000 0.000 0.000 0.202 0.062 0.152 0.152 0.332 0.442 0.232 0.072 0.000 0.041 0.041 0.178 0.000 0.000 0.000 0.000 0.000 0.000 0.000 0.000 0.000 0.000 0.000 0.000 0.000 0.000 0.000 0.000 0.000 0.022 0.000 0.002 0.134 0.001 0.716 0.000 0.000 0.748 0.258 0.118 0.748 0.000 0.000 0.079 1.009 0.909 0.669 0.509
0.000 0.484 0.000 0.553 0.393 0.000 0.000 0.000 0.000 0.175 0.000 0.120 2.171 0.001 1.627 0.000 0.000 0.000 0.000 0.171 0.000 0.575 0.575 0.555 0.585 0.425 0.000 0.025 0.000 0.000 0.142 0.092 0.232 0.252 0.192 0.212 0.112 0.132 0.042 0.041 0.000 0.000 0.000 0.000 0.000 0.000 0.000 0.000 0.000 0.000 0.000 0.000 0.000 0.000 0.000 0.000 0.000 0.000 0.012 0.122 0.000 0.000 0.000 0.004 0.758 0.468 0.758 0.608 0.588 0.928 0.208 0.208 0.758 0.109 0.899 0.349 1.158
0.000 0.062 0.422 0.302 0.433 0.113 0.114 0.056 0.000 0.000 0.000 2.356 0.528 0.000 0.004 0.003 0.516 0.026 0.000 0.000 0.595 0.595 0.595 0.455 0.375 0.015 0.000 0.065 0.000 0.069 0.221 0.013 0.000 0.192 0.302 0.242 0.000 0.132 0.000 0.000 0.000 0.000 0.000 0.000 0.000 0.000 0.000 0.000 0.000 0.000 0.000 0.000 0.000 0.000 0.000 0.000 0.000 0.000 0.000 0.000 0.000 0.000 0.166 0.036 0.000 0.588 0.000 1.008 1.398 0.000 0.838 0.838 0.938 0.000 1.089 0.629 0.058
0.511 0.611 0.401 0.472 0.623 0.553 0.554 0.242 0.219 0.455 1.516 2.536 0.000 0.000 0.000 0.000 1.166 0.000 0.165 0.144 0.000 0.195 0.195 0.445 0.065 0.011 0.018 0.025 0.236 0.126 0.000 0.003 0.142 0.192 0.142 0.182 0.000 0.000 0.000 0.000 0.000 0.000 0.000 0.000 0.000 0.000 0.000 0.000 0.000 0.000 0.000 0.000 0.000 0.000 0.000 0.000 0.000 0.000 0.000 0.000 0.000 0.000 0.000 0.000 0.098 0.998 1.408 1.278 0.358 1.048 0.938 0.938 0.088 0.848 1.229 0.000 0.000
0.511 0.491 0.601 0.511 0.323 1.093 1.093 0.000 0.083 1.026 2.426 0.326 0.000 0.000 0.000 0.436 0.646 0.000 0.000 0.002 0.275 0.405 0.405 0.135 0.355 0.000 0.000 0.215 0.125 0.000 0.000 0.000 0.000 0.142 0.172 0.102 0.000 0.000 0.000 0.000 0.000 0.000 0.000 0.000 0.000 0.000 0.000 0.000 0.000 0.000 0.000 0.000 0.000 0.000 0.000 0.000 0.000 0.000 0.000 0.000 0.000 0.049 0.039 0.000 0.848 0.000 1.178 0.408 0.508 0.000 0.578 0.578 1.178 1.288 0.000 0.858 0.578
0.471 0.531 1.120 0.829 0.000 0.018 0.018 0.000 0.565 2.176 1.516 0.001 0.035 0.355 0.245 0.000 0.000 0.000 1.025 1.165 0.000 0.865 0.865 0.000 0.003 0.000 0.000 0.000 0.000 0.000 0.000 0.000 0.000 0.000 0.000 0.000 0.000 0.000 0.000 0.000 0.000 0.000 0.000 0.000 0.000 0.000 0.000 0.000 0.000 0.000 0.000 0.000 0.000 0.000 0.000 0.000 0.000 0.000 0.000 0.000 0.000 0.059 0.139 0.000 0.000 0.638 1.128 0.388 0.000 0.888 1.258 1.258 1.038 0.218 0.318 0.428 0.948
0.231 0.691 0.000 2.056 0.196 0.000 0.000 2.465 2.475 0.000 0.000 0.000 0.315 0.000 0.000 0.656 0.306 0.000 0.155 0.365 1.105 0.795 0.795 0.035 0.000 0.000 0.000 0.000 0.000 0.203 0.000 0.042 0.000 0.000 0.000 0.000 0.022 0.000 0.000 0.000 0.000 0.000 0.000 0.000 0.000 0.000 0.000 0.000 0.000 0.000 0.000 0.000 0.000 0.000 0.000 0.000 0.000 0.000 0.000 0.000 0.071 0.000 0.039 0.179 0.000 0.318 0.528 0.000 1.048 0.828 1.208 1.208 0.478 0.058 0.908 0.438 0.978
0.381 0.000 0.695 1.385 0.845 0.086 0.107 2.075 0.000 0.000 0.210 0.480 0.000 0.000 0.156 0.196 0.316 0.115 0.085 0.205 0.145 0.145 0.145 0.235 0.005 0.110 0.001 0.002 0.003 0.002 0.000 0.000 0.082 0.000 0.122 0.000 0.000 0.000 0.000 0.000 0.000 0.000 0.000 0.000 0.000 0.000 0.000 0.000 0.000 0.000 0.000 0.000 0.000 0.000 0.000 0.000 0.000 0.000 0.000 0.000 0.000 0.000 0.000 0.004 0.458 0.768 0.010 0.188 0.918 0.228 1.318 1.318 0.278 0.768 0.688 0.837 1.007
0.000 0.000 0.974 0.404 1.574 2.134 2.134 0.000 0.000 0.000 0.160 0.070 0.000 0.000 0.686 0.096 0.196 0.007 0.000 0.000 0.145 0.165 0.165 0.000 0.004 0.040 0.100 0.002 0.000 0.001 0.043 0.000 0.000 0.000 0.000 0.017 0.000 0.000 0.000 0.000 0.000 0.000 0.000 0.000 0.000 0.000 0.000 0.000 0.000 0.000 0.000 0.000 0.000 0.000 0.000 0.000 0.000 0.000 0.000 0.000 0.000 0.000 0.000 0.094 0.000 0.828 0.000 0.777 0.147 1.397 0.000 0.000 0.717 0.000 0.000 0.847 0.357
0.000 0.432 1.854 1.864 1.984 0.000 0.000 0.000 0.105 0.169 0.180 0.390 0.000 0.000 0.416 0.036 0.226 0.000 0.000 0.001 0.055 0.045 0.045 0.000 0.190 0.000 0.004 0.000 0.000 0.000 0.000 0.000 0.000 0.025 0.035 0.000 0.000 0.000 0.000 0.000 0.000 0.000 0.000 0.000 0.000 0.000 0.000 0.000 0.000 0.000 0.000 0.000 0.000 0.000 0.000 0.000 0.000 0.000 0.000 0.000 0.000 0.702 0.000 0.000 0.047 0.000 0.577 0.877 0.157 1.167 0.987 0.987 0.907 0.867 0.667 0.767 1.487
0.034 0.709 2.054 2.364 0.274 0.000 0.000 0.000 0.471 0.000 0.000 0.210 0.031 0.291 0.000 0.196 0.004 0.006 0.000 0.003 0.000 0.000 0.002 0.178 0.008 0.009 0.000 0.000 0.000 0.000 0.000 0.000 0.000 0.000 0.000 0.000 0.000 0.000 0.000 0.000 0.000 0.000 0.000 0.000 0.000 0.000 0.000 0.000 0.000 0.000 0.000 0.000 0.000 0.000 0.000 0.000 0.000 0.000 0.233 0.913 0.183 0.001 0.000 0.277 0.487 0.727 0.877 0.277 1.007 1.457 0.807 0.807 0.997 1.007 0.777 0.947 0.467
2.101 2.371 0.000 0.168 0.000 0.213 0.213 0.333 0.107 0.000 0.291 0.331 0.171 0.002 0.000 0.000 0.000 0.000 0.000 0.000 0.000 0.000 0.000 0.002 0.000 0.006 0.000 0.000 0.000 0.000 0.000 0.000 0.040 0.000 0.000 0.000 0.000 0.000 0.000 0.000 0.000 0.000 0.000 0.000 0.000 0.000 0.000 0.000 0.000 0.000 0.000 0.000 0.000 0.000 0.000 0.000 0.000 0.000 0.000 0.023 0.000 0.000 0.000 0.667 0.287 0.717 0.617 1.197 1.227 0.607 0.717 0.717 0.847 0.587 0.817 0.547 0.707
1.821 0.000 0.000 0.682 0.020 1.373 1.373 0.033 0.000 0.291 0.321 0.011 0.000 0.001 0.000 0.000 0.000 0.000 0.000 0.000 0.000 0.000 0.000 0.109 0.000 0.005 0.022 0.005 0.000 0.000 0.000 0.035 0.000 0.000 0.000 0.000 0.000 0.000 0.000 0.000 0.000 0.000 0.000 0.000 0.000 0.000 0.000 0.000 0.000 0.000 0.000 0.000 0.000 0.000 0.000 0.000 0.000 0.000 0.000 0.000 0.000 0.000 0.000 0.057 0.627 0.707 0.000 1.167 0.997 0.287 0.417 0.417 0.877 1.437 0.000 1.107 1.717
0.000 0.000 0.763 0.263 0.038 0.015 0.021 0.000 0.371 0.301 0.000 0.000 0.005 0.015 0.000 0.000 0.000 0.000 0.000 0.000 0.000 0.000 0.000 0.019 0.010 0.000 0.000 0.004 0.000 0.002 0.000 0.000 0.000 0.000 0.000 0.000 0.000 0.000 0.000 0.000 0.000 0.000 0.000 0.000 0.000 0.000 0.000 0.000 0.000 0.000 0.000 0.000 0.000 0.000 0.000 0.000 0.000 0.000 0.108 0.000 0.000 0.000 0.028 0.337 1.027 0.107 1.387 1.367 0.000 0.787 0.847 0.847 0.407 0.647 1.117 1.077 1.637
