includes/camargue/floodfiles/results_R2_t1.562345283857E12/res-0013.wdfp
ncols         906
nrows         631
xllcorner     362177.146667
yllcorner     6534725.688020
cellsize      20.000000
NODATA_value  -9999.000000
[rows 238 to 271 of 631, columns 770 to 846 of 906]
0.676 0.000 0.904 0.864 0.562 0.721 0.681 0.811 0.170 0.819 0.022 0.155 0.154 0.862 0.000 0.607 0.557 0.947 0.536 0.296 1.066 0.214 0.962 0.000 0.631 0.711 0.651 0.000 0.000 0.054 0.691 0.350 0.680 0.810 0.078 0.257 0.306 0.496 0.000 0.825 0.165 0.495 0.000 0.845 0.845 0.295 0.273 0.180 0.639 0.339 0.399 0.389 0.689 0.439 0.129 0.499 0.219 0.000 0.000 0.540 0.540 0.240 0.000 0.000 0.000 0.001 0.013 0.000 0.000 0.000 0.000 0.114 0.663 1.093 0.000 0.000 0.000
0.000 0.955 0.934 0.864 0.144 0.000 0.291 0.000 0.850 0.199 0.848 0.068 0.060 0.138 0.617 0.717 0.000 0.497 0.000 0.945 0.965 0.005 0.072 0.972 0.972 0.000 0.591 0.681 0.681 0.741 0.085 0.093 0.072 0.330 0.000 0.337 0.436 0.576 0.086 0.705 0.185 0.445 0.000 0.835 0.835 0.735 0.203 0.270 0.529 0.249 0.000 0.419 0.619 0.369 0.289 0.039 0.239 0.000 0.000 0.000 0.000 0.030 0.000 0.000 0.000 0.002 0.005 0.000 0.000 1.106 0.276 0.040 0.023 0.000 0.000 0.000 0.000
1.005 0.955 0.355 0.000 0.907 0.707 0.000 0.570 0.620 0.000 0.168 0.845 0.845 0.000 0.657 0.547 0.677 0.727 0.286 0.965 0.955 0.614 0.282 0.712 0.092 0.921 0.941 0.351 0.351 0.071 0.067 0.066 0.606 0.142 0.141 0.367 0.276 0.596 0.176 0.865 0.415 0.395 0.885 0.835 0.835 0.795 0.114 0.040 0.209 0.649 0.729 0.649 0.000 0.000 0.569 0.339 0.079 0.339 0.000 0.001 0.000 0.000 0.000 0.000 0.000 0.000 0.456 1.336 0.226 0.236 0.000 0.000 0.078 0.122 0.253 0.324 0.324
0.796 0.106 0.417 0.907 0.997 0.000 0.541 0.231 0.800 0.250 0.400 0.000 0.000 0.587 0.567 0.000 0.000 0.000 0.965 0.975 0.000 0.663 0.822 0.712 0.692 0.762 0.371 1.021 1.021 0.321 0.118 0.947 0.376 0.212 0.691 0.067 0.326 0.736 0.000 0.865 0.485 0.035 0.925 0.835 0.835 0.055 0.000 0.369 0.429 0.159 0.709 0.589 0.689 0.229 0.159 0.789 0.000 1.309 0.009 0.015 0.013 0.000 0.000 0.000 1.567 0.167 0.000 0.086 1.406 0.236 0.016 0.000 0.000 0.000 0.086 0.010 0.012
0.000 0.857 0.857 1.017 0.000 0.404 0.092 0.541 0.142 0.000 0.330 0.000 0.000 0.647 0.000 0.000 0.715 0.875 1.005 0.255 0.685 0.000 0.762 0.762 0.432 0.692 0.751 0.621 0.621 0.241 0.548 0.717 0.000 0.542 0.111 0.237 0.576 0.616 0.076 0.865 0.545 0.000 0.875 0.000 0.000 0.585 0.105 0.000 0.000 0.209 0.529 0.000 0.699 0.599 0.000 0.499 0.049 0.000 0.004 0.063 0.063 0.000 0.000 0.000 0.000 0.137 0.147 0.257 0.067 0.247 0.357 0.477 0.347 0.447 0.437 0.407 0.407
0.857 0.957 0.997 0.117 0.000 0.194 0.724 0.000 0.467 0.001 0.710 0.000 0.000 0.587 0.009 0.839 0.000 0.895 0.875 0.465 0.885 0.055 0.252 0.802 0.202 0.552 0.291 0.371 0.371 0.741 0.148 0.377 0.000 0.702 0.000 0.577 0.216 0.506 0.116 0.895 0.605 0.915 0.855 0.000 0.000 0.000 0.005 0.639 0.689 0.479 0.000 0.639 0.779 0.799 0.000 0.000 0.000 0.000 0.000 0.000 0.000 0.201 0.000 0.000 0.000 0.067 0.127 0.147 0.407 0.487 0.477 0.467 0.437 0.397 0.457 0.407 0.407
0.978 0.448 0.208 0.000 0.000 0.664 0.000 0.477 0.697 0.437 0.036 0.287 0.287 0.000 0.000 0.000 0.895 0.875 0.000 0.825 0.095 0.085 0.633 0.562 0.122 0.602 0.091 0.151 0.151 0.481 0.000 0.217 0.000 0.632 0.000 0.147 0.006 0.246 0.175 0.815 0.455 0.885 0.835 0.725 0.725 0.845 0.945 0.000 0.000 0.000 0.729 0.809 0.057 0.213 0.170 0.440 0.009 0.000 0.591 0.321 0.321 0.171 0.000 0.000 0.000 0.147 0.127 0.117 0.917 0.207 0.227 0.000 0.000 0.000 0.057 0.057 0.058
0.008 0.368 0.128 0.439 0.639 0.107 0.277 0.267 0.317 0.317 0.497 0.037 0.037 0.004 0.565 0.865 0.865 0.000 0.807 0.000 0.000 0.546 0.383 0.542 0.212 0.722 0.302 0.201 0.201 0.181 0.139 0.116 0.632 0.492 0.302 0.000 0.456 0.216 0.275 0.755 0.495 0.225 0.000 1.035 1.035 0.995 0.625 0.495 0.575 0.000 0.749 0.519 0.000 0.280 0.520 0.290 0.000 0.251 0.781 0.161 0.161 0.000 0.000 0.000 0.000 0.137 0.167 0.317 0.487 0.000 0.367 0.000 0.000 0.000 0.000 0.000 0.000
0.729 0.000 0.859 0.589 0.609 0.108 0.307 0.307 0.077 0.027 0.747 0.127 0.127 0.000 0.045 0.865 0.875 0.017 0.867 0.000 0.440 0.478 0.000 0.532 0.542 0.122 0.672 0.301 0.301 0.240 0.479 0.146 0.692 0.492 0.742 0.081 0.246 0.156 0.445 0.575 0.475 0.115 1.115 0.205 0.205 0.575 0.725 0.635 0.000 0.549 0.599 0.000 0.059 0.519 0.199 0.249 0.189 0.000 0.671 0.000 0.000 0.000 0.000 0.000 0.000 0.267 0.307 0.000 0.197 0.000 0.427 0.000 0.000 0.000 0.000 0.000 0.000
0.489 0.839 0.749 0.339 0.779 0.358 0.517 0.317 0.657 1.147 0.977 0.087 0.087 0.000 0.775 0.915 0.000 0.847 0.000 0.394 0.384 0.000 0.522 0.122 0.342 0.652 0.652 0.231 0.231 0.000 0.479 0.000 0.662 0.000 0.792 0.322 0.000 0.075 0.625 0.815 0.265 0.725 0.000 0.275 0.275 0.000 0.125 0.425 0.345 0.000 0.539 0.000 0.189 0.449 0.000 0.219 0.081 0.651 0.541 0.000 0.000 0.000 0.000 0.000 0.000 0.477 0.427 0.077 0.087 0.000 0.000 0.000 0.000 0.000 0.000 0.000 0.000
0.449 0.939 0.979 0.999 0.759 0.108 0.787 0.867 1.007 0.917 0.177 0.000 0.000 0.000 0.195 0.256 0.656 0.000 0.675 0.415 0.405 0.625 0.000 0.602 0.652 0.212 0.442 0.252 0.251 0.000 0.419 0.000 0.652 0.000 0.552 0.002 0.412 0.000 0.196 0.286 0.000 0.000 0.645 0.495 0.495 0.745 0.000 0.000 0.000 0.249 0.809 0.000 0.000 0.073 0.207 0.003 0.000 0.000 0.401 0.000 0.000 0.000 0.000 0.000 0.000 0.000 0.000 0.257 0.000 0.000 0.000 0.000 0.000 0.000 0.000 0.000 0.000
0.719 0.939 0.002 0.949 0.929 0.000 0.967 0.057 0.997 0.857 0.617 0.185 0.182 0.749 0.000 0.206 0.041 0.586 0.405 0.375 0.635 0.155 0.605 0.000 0.093 0.000 1.002 0.000 0.000 0.000 0.549 0.000 0.602 0.000 0.362 0.582 0.322 0.080 0.489 0.098 0.128 0.578 0.137 0.000 0.000 0.000 0.759 0.309 0.089 0.229 0.000 0.297 0.737 0.717 0.877 0.000 0.000 0.000 0.461 0.000 0.000 0.000 0.000 0.000 0.000 0.000 0.000 0.000 0.000 0.000 0.000 0.000 0.000 0.000 0.000 0.000 0.000
0.719 0.939 0.002 0.949 0.929 0.000 0.967 0.057 0.997 0.857 0.617 0.185 0.182 0.749 0.000 0.206 0.044 0.586 0.406 0.375 0.635 0.155 0.605 0.000 0.094 0.000 1.002 0.000 0.000 0.000 0.549 0.000 0.602 0.000 0.362 0.582 0.322 0.080 0.489 0.098 0.128 0.578 0.137 0.000 0.000 0.000 0.759 0.309 0.089 0.229 0.000 0.297 0.737 0.717 0.877 0.000 0.000 0.000 0.461 0.000 0.000 0.000 0.000 0.000 0.000 0.000 0.000 0.000 0.000 0.000 0.000 0.000 0.000 0.000 0.000 0.000 0.000
0.849 0.000 1.049 0.959 0.000 0.947 0.257 0.917 1.007 0.647 0.437 0.000 0.000 0.225 0.469 0.000 0.159 0.397 0.286 0.646 0.000 0.785 0.000 0.605 0.605 0.425 0.000 0.218 0.218 0.278 0.107 0.642 0.632 0.331 0.000 0.000 0.652 0.000 0.609 0.719 0.000 0.278 0.087 0.777 0.777 0.737 0.000 0.000 0.179 0.159 0.000 0.297 0.000 0.000 0.527 0.000 0.000 0.000 0.571 0.000 0.000 0.000 0.000 0.000 0.000 0.000 0.000 0.000 0.000 0.000 0.000 0.000 0.000 0.000 0.000 0.363 0.363
1.209 1.019 1.039 0.439 0.097 0.847 1.007 1.007 0.327 0.537 0.000 0.492 0.492 0.000 0.191 1.075 0.402 0.589 0.016 0.616 0.000 0.000 0.000 0.000 0.086 0.225 0.059 0.258 0.258 0.068 0.000 0.642 0.000 0.430 0.510 0.610 0.000 0.779 0.529 0.000 0.208 0.648 0.127 0.697 0.697 0.066 0.080 0.489 0.509 0.389 0.000 0.000 0.000 0.000 0.316 0.786 0.104 0.141 0.581 0.000 0.000 0.000 0.000 0.000 0.000 0.000 0.000 0.000 0.000 0.000 0.000 0.000 0.000 0.000 0.033 0.533 0.533
0.949 1.279 0.000 0.178 0.767 0.757 0.327 0.897 0.087 0.496 0.536 0.000 0.000 1.243 0.613 0.154 0.000 0.000 0.136 0.456 0.406 0.096 0.186 0.000 0.371 0.000 0.258 0.298 0.298 0.077 0.000 1.132 0.000 0.080 0.549 0.000 0.839 0.479 0.439 0.189 0.000 0.708 0.000 0.747 0.747 0.000 0.229 0.489 0.379 0.669 0.449 0.389 0.579 0.079 0.000 0.000 0.000 0.000 0.024 0.000 0.000 0.000 0.000 0.000 0.000 0.000 0.000 0.000 0.000 0.008 0.473 1.033 0.000 0.713 0.883 0.803 0.803
1.129 0.409 0.119 0.118 0.237 0.697 0.207 0.067 0.816 0.386 0.154 1.043 1.043 0.753 0.000 0.000 0.007 0.036 0.026 0.216 0.206 0.000 0.000 0.181 0.801 0.241 0.000 0.108 0.108 0.046 0.522 1.042 0.000 0.000 0.629 1.019 0.089 0.529 0.769 0.039 0.459 0.178 0.929 0.038 0.038 0.000 0.000 0.000 0.000 0.000 0.000 0.000 0.629 0.529 0.119 0.000 0.000 0.039 0.044 0.000 0.000 0.000 0.000 0.000 0.000 0.072 0.842 0.882 0.203 1.033 0.000 0.643 0.783 0.643 0.000 0.743 0.743
0.989 0.279 0.279 0.558 0.998 0.097 0.237 0.002 0.000 0.636 1.276 0.000 0.000 0.053 0.023 0.003 0.000 0.526 0.356 0.196 0.000 0.000 0.431 0.141 0.851 0.111 0.291 0.015 0.013 0.000 0.712 0.902 0.000 0.329 0.000 0.869 0.789 0.699 0.129 0.000 0.129 0.989 0.269 0.000 0.000 0.949 0.249 0.000 0.000 0.000 0.234 0.114 0.016 0.000 0.059 0.000 0.000 0.000 0.000 0.000 0.000 0.000 0.000 0.000 0.000 0.632 0.000 0.972 0.000 0.793 0.803 0.833 0.000 0.813 0.863 0.823 0.823
0.000 0.061 0.000 0.338 0.708 0.078 0.000 0.403 0.000 0.236 0.000 0.166 0.166 0.000 0.000 0.346 0.000 0.196 0.066 0.296 0.000 0.311 0.151 0.000 0.231 0.681 0.000 0.000 0.000 0.462 0.692 0.452 0.000 0.549 0.989 0.159 0.319 0.099 0.949 0.399 0.059 0.899 0.309 0.259 0.259 0.599 0.449 0.000 0.000 0.000 0.000 0.000 0.000 0.000 0.000 0.000 0.000 0.483 0.543 0.143 0.143 0.223 0.533 0.573 0.000 0.922 0.572 0.832 0.643 0.753 0.000 0.643 0.833 0.803 0.673 0.723 0.723
0.359 0.056 0.000 0.178 0.308 0.000 0.158 0.000 0.000 0.000 0.000 0.496 0.496 0.386 0.356 0.506 0.000 0.186 0.000 0.000 0.000 0.000 0.000 0.711 0.781 0.151 0.221 0.037 0.032 0.702 0.000 1.102 0.382 0.000 0.849 0.439 0.000 0.189 0.789 0.569 0.099 0.289 0.319 0.659 0.659 0.179 0.759 0.000 0.000 0.000 0.000 0.000 0.000 0.000 0.000 0.000 0.142 0.043 0.173 0.493 0.493 0.723 0.303 0.664 0.000 0.512 0.672 0.702 0.000 0.603 0.853 0.803 0.293 0.000 0.000 0.000 0.000
0.001 0.658 0.138 0.000 0.148 0.768 0.088 0.000 0.000 0.000 0.000 0.406 0.406 0.000 0.516 0.536 0.356 0.456 0.000 0.000 0.000 0.162 0.351 0.601 0.151 0.641 0.000 0.000 0.000 0.312 0.291 0.000 0.231 0.981 0.040 0.879 0.969 0.000 0.000 0.000 0.229 0.939 0.319 0.559 0.559 0.000 0.000 0.000 0.000 0.000 0.000 0.000 0.000 0.000 0.072 0.000 0.352 0.000 0.000 0.313 0.313 0.803 0.753 0.344 0.227 0.221 0.382 0.000 0.773 0.803 0.303 0.000 0.000 0.000 0.000 0.000 0.000
0.978 0.318 0.548 0.638 0.027 0.000 0.000 0.736 0.000 0.166 0.406 0.476 0.476 0.296 0.000 0.486 0.136 0.085 0.812 0.172 0.442 0.312 0.000 0.000 0.612 0.000 0.000 0.000 0.000 0.000 0.281 0.221 0.341 0.000 0.000 0.019 0.359 0.749 0.499 0.000 0.000 0.000 0.169 0.179 0.179 0.039 0.000 0.000 0.000 0.000 0.000 0.002 0.000 0.000 0.622 0.082 0.202 0.062 0.000 0.603 0.603 0.593 0.373 0.000 0.000 0.000 0.142 0.000 0.000 0.000 0.000 0.000 0.000 0.000 0.000 0.000 0.000
0.000 1.018 0.718 0.000 0.000 0.000 0.000 0.886 0.856 0.156 0.346 0.316 0.316 0.586 0.076 0.246 0.386 0.000 0.592 0.000 0.372 0.000 0.122 0.612 0.522 0.252 0.000 0.000 0.000 0.000 0.000 0.321 0.381 0.511 0.000 0.089 0.219 0.309 0.709 1.039 0.000 0.000 0.529 0.399 0.399 0.099 0.000 0.000 0.000 0.000 0.000 0.003 0.000 0.612 0.262 0.332 0.302 0.273 0.583 0.343 0.343 0.000 0.000 0.000 0.000 0.000 0.000 0.000 0.000 0.000 0.000 0.000 0.000 0.000 0.000 0.000 0.000
1.038 0.008 0.538 0.298 0.000 0.376 0.976 0.000 0.616 0.866 0.176 0.196 0.196 0.476 0.000 0.556 0.396 0.000 0.000 0.072 0.642 0.312 0.592 0.582 0.000 0.582 0.000 0.000 0.000 0.000 0.000 0.000 0.091 0.601 0.341 0.000 0.000 0.000 0.000 0.539 0.859 0.459 0.169 0.000 0.000 0.000 0.000 0.000 0.000 0.000 0.021 0.009 0.132 0.582 0.442 0.000 0.152 0.192 0.000 0.000 0.000 0.000 0.000 0.000 0.000 0.000 0.000 0.000 0.000 0.000 0.000 0.000 0.000 0.000 0.000 0.000 0.000
0.938 0.508 0.138 0.028 0.000 0.000 0.506 0.916 0.000 0.916 0.386 0.356 0.356 0.106 0.536 0.000 0.000 0.000 0.000 0.702 0.572 0.000 0.192 0.302 0.642 0.000 0.652 0.000 0.000 0.000 0.000 0.000 0.000 0.000 0.511 0.241 0.571 0.000 0.000 0.019 0.309 0.189 0.009 0.000 0.000 0.000 0.000 0.000 0.000 0.000 0.000 0.005 0.000 0.642 0.000 0.000 0.000 0.000 0.000 0.000 0.000 0.000 0.000 0.000 0.000 0.000 0.000 0.000 0.000 0.000 0.000 0.000 0.000 0.000 0.000 0.000 0.000
0.908 0.228 0.218 0.000 0.461 0.791 0.000 0.516 0.916 0.000 0.776 0.326 0.326 0.266 0.000 0.000 0.000 0.000 0.262 0.712 0.000 0.622 0.572 0.000 0.272 0.782 0.000 0.000 0.000 0.000 0.000 0.000 0.000 0.000 0.000 0.431 0.151 0.270 0.000 0.189 0.000 0.000 0.076 0.000 0.000 0.000 0.000 0.000 0.000 0.000 0.000 0.000 0.000 0.000 0.000 0.000 0.000 0.000 0.000 0.000 0.000 0.000 0.000 0.000 0.000 0.000 0.000 0.000 0.000 0.000 0.000 0.000 0.000 0.000 0.000 0.000 0.000
0.388 0.000 0.798 0.748 0.000 0.000 0.000 0.000 0.396 0.896 0.236 0.000 0.000 0.000 0.000 0.000 0.000 0.000 0.000 0.412 0.000 0.362 0.222 0.000 0.000 0.000 0.021 0.000 0.000 0.000 0.000 0.000 0.000 0.000 0.000 0.000 0.000 0.039 0.213 0.000 0.000 0.000 0.000 0.000 0.000 0.000 0.000 0.000 0.000 0.000 0.000 0.000 0.000 0.000 0.000 0.000 0.000 0.000 0.000 0.000 0.000 0.000 0.000 0.000 0.000 0.000 0.000 0.000 0.000 0.000 0.000 0.000 0.000 0.000 0.000 0.000 0.000
0.108 0.000 0.628 0.588 0.000 0.000 0.000 0.000 0.000 0.346 0.916 0.000 0.000 0.000 0.000 0.000 0.000 0.000 0.000 0.000 0.422 0.222 0.742 0.072 0.000 0.014 0.000 0.000 0.000 0.000 0.000 0.000 0.000 0.000 0.000 0.000 0.000 0.000 0.283 0.123 0.000 0.000 0.000 0.000 0.000 0.000 0.000 0.000 0.000 0.000 0.000 0.000 0.000 0.000 0.000 0.000 0.000 0.000 0.000 0.000 0.000 0.000 0.000 0.000 0.000 0.000 0.000 0.000 0.000 0.000 0.000 0.000 0.000 0.000 0.000 0.324 0.324
0.108 0.000 0.628 0.588 0.000 0.000 0.000 0.001 0.000 0.346 0.916 0.000 0.000 0.000 0.000 0.000 0.000 0.000 0.000 0.000 0.422 0.222 0.742 0.072 0.000 0.014 0.000 0.000 0.000 0.000 0.000 0.000 0.000 0.000 0.000 0.000 0.000 0.000 0.283 0.123 0.000 0.000 0.000 0.000 0.000 0.000 0.000 0.000 0.000 0.000 0.000 0.000 0.000 0.000 0.000 0.000 0.000 0.000 0.000 0.000 0.000 0.000 0.000 0.000 0.000 0.000 0.000 0.000 0.000 0.000 0.000 0.000 0.000 0.000 0.000 0.324 0.324
0.848 0.048 0.000 0.818 0.548 0.099 0.000 0.000 0.161 0.000 0.000 0.307 0.307 0.000 0.000 0.000 0.000 0.000 0.000 0.000 0.000 0.252 0.052 0.000 0.779 0.000 0.000 0.000 0.000 0.000 0.000 0.000 0.000 0.000 0.000 0.000 0.000 0.903 0.773 0.173 0.026 0.000 0.000 0.000 0.000 0.000 0.000 0.000 0.000 0.000 0.000 0.000 0.000 0.000 0.000 0.000 0.000 0.000 0.000 0.000 0.000 0.000 0.000 0.000 0.000 0.000 0.000 0.000 0.000 0.000 0.000 0.000 0.514 0.934 0.904 1.134 1.134
0.000 0.834 0.025 0.000 0.000 0.060 0.092 0.000 0.041 0.000 0.000 0.000 0.000 0.000 0.000 0.000 0.000 0.000 0.000 0.000 0.272 0.462 0.000 0.000 0.019 0.540 0.000 0.000 0.000 0.000 0.000 0.000 0.000 0.000 0.000 0.773 0.863 0.433 0.000 0.000 0.382 0.000 0.000 0.000 0.000 0.000 0.000 0.000 0.000 0.000 0.000 0.000 0.000 0.000 0.000 0.000 0.000 0.000 0.000 0.000 0.000 0.000 0.000 0.000 0.000 0.000 0.000 0.000 0.000 0.364 0.934 0.814 1.094 1.114 1.024 1.074 1.074
0.895 0.275 0.000 0.912 0.432 0.000 0.642 0.622 0.000 0.000 0.000 0.000 0.000 0.000 0.506 0.496 0.536 0.000 0.000 0.806 0.005 0.662 0.010 0.047 0.058 0.012 0.124 0.000 0.000 0.000 0.000 0.000 0.000 0.000 0.000 0.000 0.000 0.000 0.000 0.000 0.027 0.013 0.016 0.000 0.000 0.000 0.000 0.000 0.000 0.000 0.000 0.000 0.000 0.000 0.000 0.000 0.000 0.000 0.000 0.000 0.000 0.000 0.000 0.000 0.000 0.000 0.584 0.974 0.944 0.994 1.054 0.194 0.814 0.000 0.000 0.654 0.654
0.000 0.805 0.000 0.922 0.552 0.972 0.000 0.532 0.000 0.000 0.000 0.000 0.000 0.396 0.436 0.000 0.506 0.516 0.000 0.003 0.023 0.000 0.620 0.000 0.000 0.574 0.464 0.164 0.164 0.000 0.000 0.000 0.000 0.000 0.000 0.000 0.000 0.000 0.000 0.000 0.013 0.032 0.000 0.000 0.000 0.000 0.000 0.000 0.000 0.000 0.000 0.000 0.000 0.000 0.000 0.000 0.000 0.000 0.000 0.000 0.000 0.032 0.000 0.000 0.054 0.724 0.744 0.904 1.004 0.934 0.000 0.234 0.000 0.554 0.504 0.514 0.514
0.000 0.805 0.085 0.000 0.962 0.942 0.922 0.172 0.000 0.000 0.000 0.000 0.000 0.366 0.426 0.546 0.000 0.516 0.536 0.000 0.034 0.674 0.000 0.000 0.554 0.684 0.604 0.000 0.000 0.000 0.000 0.000 0.000 0.000 0.000 0.000 0.000 0.000 0.000 0.000 0.000 0.000 0.000 0.000 0.000 0.000 0.000 0.000 0.000 0.000 0.000 0.000 0.000 0.000 0.000 0.000 0.000 0.000 0.000 0.000 0.000 0.000 0.000 0.064 0.954 0.864 0.884 1.044 0.000 0.000 0.000 0.154 0.374 0.484 0.604 1.034 1.034
