includes/camargue/floodfiles/results_R2_t1.562345283857E12/res-0012.wdfp
ncols         906
nrows         631
xllcorner     362177.146667
yllcorner     6534725.688020
cellsize      20.000000
NODATA_value  -9999.000000
[rows 306 to 339 of 631, columns 770 to 846 of 906]
0.000 0.000 0.000 0.000 0.000 0.174 0.734 0.264 0.000 0.194 0.003 0.005 0.009 0.000 0.004 0.002 0.000 0.084 0.000 0.000 0.010 0.000 0.000 0.301 0.471 0.561 0.300 0.010 0.009 0.169 0.199 0.000 0.000 0.004 0.000 0.000 0.107 0.517 0.607 0.537 0.527 0.717 0.527 0.226 0.226 0.000 0.071 0.290 0.550 0.550 0.160 0.360 0.130 0.000 0.000 0.750 0.610 0.510 0.640 1.080 1.080 1.050 0.970 0.899 0.979 1.109 1.079 1.009 1.059 1.039 1.129 0.769 0.879 0.599 0.249 0.309 0.309
0.000 0.000 0.000 0.000 0.000 0.254 0.154 0.224 0.584 0.614 0.114 0.000 0.004 0.058 0.048 0.000 0.000 0.013 0.000 0.036 0.236 0.000 0.084 0.032 0.341 0.291 0.388 0.454 0.452 0.429 0.459 0.218 0.001 0.038 0.000 0.002 0.257 0.487 0.667 0.647 0.697 0.657 0.757 0.596 0.596 1.684 0.733 0.602 0.131 0.000 0.000 0.130 0.160 0.320 0.350 0.770 0.610 0.990 1.000 1.000 1.000 0.970 1.160 1.140 1.069 1.079 1.749 1.119 1.179 1.669 1.119 1.429 1.469 1.729 1.689 1.359 1.359
0.114 0.434 0.674 0.244 0.000 0.444 0.204 0.001 0.304 0.414 0.006 0.000 0.000 0.038 0.000 0.000 0.176 0.306 0.156 0.246 0.126 0.096 0.013 0.153 0.392 0.151 0.028 0.072 0.071 0.418 0.498 0.518 0.548 0.487 0.197 0.000 0.188 0.547 0.587 0.637 0.717 0.807 0.757 0.616 0.616 0.125 0.732 1.071 0.961 1.100 1.870 1.170 1.010 1.020 0.930 0.890 0.960 1.200 1.070 1.050 1.050 1.320 1.260 1.180 1.499 1.149 1.139 1.279 1.029 1.099 0.769 0.919 0.899 0.219 0.359 0.449 0.449
0.394 0.074 0.614 0.544 0.684 0.224 0.000 0.000 0.444 0.384 0.314 0.000 0.003 0.000 0.206 0.226 0.276 0.376 0.406 0.116 0.156 0.000 0.049 0.056 0.593 0.000 0.000 0.050 0.049 0.468 0.528 0.388 0.247 0.257 0.087 0.057 0.190 0.727 0.717 0.687 0.657 0.677 0.787 0.826 0.826 0.716 0.395 0.000 1.341 0.660 1.000 1.190 1.360 1.210 1.200 1.300 1.130 1.280 1.180 1.010 1.010 1.450 1.420 1.750 1.109 0.819 0.649 0.739 0.449 0.839 0.949 1.139 0.969 1.009 0.000 0.000 0.000
0.604 0.374 0.394 0.574 0.554 0.774 0.464 0.474 0.364 0.254 0.184 0.000 0.000 0.036 0.526 0.446 0.496 0.366 0.486 0.226 0.215 0.000 0.381 0.260 0.247 0.000 0.000 0.108 0.108 0.548 0.418 0.268 0.117 0.235 0.166 0.177 0.108 0.417 0.567 0.727 0.577 0.797 0.697 0.447 0.446 0.696 0.326 0.396 0.001 0.870 1.120 1.040 1.520 1.870 1.360 1.130 1.270 1.200 1.220 1.030 1.030 1.160 1.670 0.740 1.029 0.589 0.939 0.839 0.849 0.409 1.199 0.519 0.879 1.399 1.139 1.129 1.129
0.003 0.000 0.000 0.514 0.144 0.244 0.304 0.734 0.354 0.304 0.000 0.008 0.006 0.106 0.106 0.606 0.396 0.346 0.156 0.186 0.265 0.412 0.147 0.221 0.004 0.000 0.000 0.668 0.668 0.358 0.568 0.487 0.407 0.416 0.374 0.040 0.288 0.337 0.677 0.517 0.757 0.667 0.737 0.617 0.617 0.476 0.516 0.505 0.383 0.451 0.000 0.990 1.290 1.300 1.940 1.260 1.000 1.440 0.950 0.990 0.990 1.510 0.620 0.940 0.659 0.639 0.819 1.079 1.079 1.169 0.979 0.499 0.979 1.209 1.069 1.749 1.749
0.000 0.588 0.000 0.000 0.000 0.474 0.404 0.314 0.000 0.162 0.065 0.067 0.060 0.116 0.316 0.296 0.436 0.366 0.336 0.516 0.335 0.084 0.000 0.000 0.091 0.000 0.002 0.108 0.108 0.498 0.278 0.327 0.247 0.336 0.017 0.074 0.438 0.288 0.567 0.557 0.437 0.507 0.327 0.477 0.477 0.567 0.466 0.435 0.182 0.231 0.890 0.450 0.820 1.200 1.220 1.250 1.410 1.330 1.220 1.330 1.330 0.550 0.540 0.000 0.000 0.000 0.004 0.000 0.059 0.459 0.769 0.929 1.229 0.809 0.909 0.839 0.839
0.005 0.778 0.000 0.000 0.000 0.000 0.064 0.000 0.001 0.000 0.000 0.107 0.107 0.276 0.496 0.446 0.066 0.296 0.076 0.436 0.016 0.000 0.000 0.071 0.521 0.000 0.000 0.030 0.030 0.009 0.198 0.027 0.087 0.000 0.000 0.350 0.000 0.868 0.308 0.137 0.517 0.867 0.227 0.917 0.917 0.637 0.426 0.164 0.510 0.790 0.610 0.470 1.190 1.100 0.300 0.540 0.750 0.850 0.480 0.310 0.310 0.100 0.909 0.639 0.939 0.839 0.649 0.919 1.039 0.999 1.079 1.009 1.109 0.639 1.389 0.919 0.919
0.004 0.778 0.000 0.000 0.000 0.000 0.064 0.000 0.000 0.000 0.000 0.106 0.106 0.276 0.496 0.446 0.066 0.296 0.076 0.436 0.016 0.000 0.000 0.071 0.521 0.000 0.000 0.038 0.038 0.016 0.198 0.028 0.087 0.000 0.000 0.350 0.000 0.868 0.308 0.138 0.518 0.868 0.227 0.917 0.917 0.637 0.426 0.163 0.510 0.790 0.610 0.470 1.190 1.100 0.300 0.540 0.750 0.850 0.480 0.310 0.310 0.100 0.909 0.639 0.939 0.839 0.649 0.919 1.039 0.999 1.079 1.009 1.109 0.639 1.389 0.919 0.919
0.138 0.838 0.258 0.000 0.000 0.000 0.000 0.000 0.000 0.000 0.000 0.266 0.266 0.386 0.007 0.386 0.356 0.146 0.246 0.166 0.076 0.002 0.223 0.000 0.000 0.474 0.774 0.514 0.514 0.554 0.000 0.000 0.000 0.000 0.560 0.650 0.279 0.449 0.478 0.688 0.738 0.818 0.538 0.687 0.687 0.527 0.000 0.530 0.860 1.280 0.690 1.240 1.410 0.790 0.390 0.910 0.810 0.770 0.720 0.290 0.290 0.040 0.000 0.000 0.149 0.000 0.000 0.000 0.000 0.000 0.000 0.000 0.001 0.619 0.179 0.159 0.159
0.000 0.328 0.128 0.000 0.000 0.059 0.049 0.179 0.489 0.639 0.000 0.566 0.566 0.446 0.396 0.426 0.096 0.386 0.586 0.356 0.000 0.000 0.000 0.000 0.000 0.144 0.000 0.000 0.000 0.000 0.355 0.000 0.180 0.170 0.730 0.160 0.459 0.499 0.229 0.318 0.638 0.598 0.418 1.168 1.167 0.087 0.007 0.000 0.480 0.350 0.470 0.000 0.001 0.290 0.000 0.510 0.990 0.660 0.910 1.060 1.060 1.020 1.080 0.989 1.089 1.089 0.929 1.049 1.069 0.989 1.029 1.139 1.339 0.909 0.409 0.389 0.389
0.000 0.107 0.000 0.000 0.000 0.039 0.003 0.589 0.389 0.189 0.709 0.000 0.000 0.566 0.436 0.296 0.316 0.186 0.000 0.000 0.000 0.000 0.000 0.045 0.065 0.185 0.145 0.275 0.275 0.165 0.475 0.000 0.320 0.320 0.520 0.530 0.370 0.649 0.739 0.509 0.789 0.779 0.698 0.798 0.798 0.215 1.040 0.600 0.480 0.160 0.240 0.110 0.110 0.290 0.250 0.260 0.140 0.150 0.190 0.540 0.540 0.170 0.640 1.059 1.269 1.299 1.389 1.509 1.559 1.489 1.499 1.429 1.269 0.609 0.519 0.379 0.379
0.000 0.336 0.196 0.000 0.242 0.000 0.269 0.549 0.719 0.499 0.389 0.000 0.000 0.000 0.326 0.276 0.000 0.017 0.100 0.230 0.350 0.000 0.000 0.000 0.000 0.425 0.245 0.555 0.555 0.515 0.000 0.000 0.061 0.510 0.520 0.710 0.670 0.870 0.159 0.989 0.869 0.739 0.829 0.000 0.000 0.305 0.000 1.040 0.590 0.840 1.000 0.920 0.440 0.420 0.500 0.710 0.530 0.440 0.570 0.450 0.450 0.360 0.490 0.479 0.419 0.459 0.659 1.019 1.009 1.319 1.399 1.349 1.239 0.329 1.329 0.789 0.789
0.115 0.376 0.156 0.000 0.000 0.073 0.000 0.109 0.000 0.000 0.729 0.000 0.000 0.070 0.020 0.336 0.002 0.340 0.260 0.030 0.130 0.100 0.000 0.000 0.275 0.215 0.135 0.345 0.345 0.000 0.000 0.000 0.322 0.321 0.490 0.340 0.910 0.430 0.849 0.629 0.819 0.879 0.919 0.279 0.279 0.000 0.001 0.190 0.270 0.290 0.320 0.000 0.090 0.380 0.210 0.820 0.590 0.730 0.410 0.440 0.440 0.290 0.410 0.239 0.349 0.889 1.169 1.009 1.129 1.009 0.629 1.279 0.939 0.329 1.079 0.699 0.699
0.016 0.000 0.000 0.043 0.000 0.123 0.123 0.010 0.095 0.000 0.000 0.427 0.427 0.022 0.250 0.000 0.000 0.080 0.000 0.000 0.070 0.000 0.000 0.185 0.105 0.045 0.000 0.000 0.000 0.000 0.000 0.000 0.352 0.382 0.361 0.471 0.460 0.500 0.729 0.969 0.499 0.479 0.629 0.000 0.000 0.000 0.000 0.000 0.000 0.000 0.000 0.000 0.000 0.000 0.000 0.000 0.720 0.430 0.280 0.580 0.580 0.710 0.400 0.480 0.209 0.129 0.319 0.819 1.499 1.389 0.699 1.359 0.000 0.599 0.889 0.429 0.429
0.026 0.136 0.000 0.053 0.253 0.343 0.000 0.234 0.495 0.295 0.126 0.787 0.787 0.000 0.001 0.000 0.000 0.000 0.001 0.000 0.000 0.002 0.105 0.235 0.475 0.001 0.000 0.271 0.271 0.431 0.000 0.288 0.276 0.254 0.232 0.372 0.000 0.210 0.290 0.590 0.590 0.280 0.680 0.000 0.000 0.000 0.000 0.000 0.003 0.000 0.000 0.000 0.000 0.000 0.000 0.000 0.000 0.000 0.230 0.000 0.001 0.340 0.120 0.000 0.329 0.179 0.020 0.359 0.749 0.979 0.689 0.309 0.499 0.429 0.569 0.369 0.369
0.243 0.001 0.183 0.193 0.833 0.193 0.233 0.173 0.000 0.065 0.000 0.227 0.227 0.000 0.000 0.000 0.000 0.000 0.212 0.000 0.000 0.095 0.245 0.000 0.000 0.000 0.000 0.281 0.281 0.061 0.141 0.610 0.490 0.118 0.107 0.245 0.000 0.233 0.112 0.420 0.771 0.651 0.650 0.025 0.026 0.156 0.386 0.346 0.386 0.846 0.806 0.646 0.086 0.656 0.000 0.000 0.000 0.000 0.000 0.000 0.000 0.000 0.000 0.000 0.000 0.000 0.000 0.000 0.000 0.119 0.039 0.419 0.709 0.359 0.449 0.639 0.639
0.473 0.403 0.693 0.553 0.483 0.453 0.313 0.233 0.363 0.000 0.177 0.087 0.087 0.000 0.000 0.182 0.000 0.312 0.000 0.000 0.000 0.265 0.000 0.000 0.000 0.000 0.000 0.601 0.601 0.201 0.291 0.521 0.401 0.281 0.159 0.328 0.178 0.596 0.234 0.212 0.681 0.631 0.000 0.436 0.436 0.496 0.216 0.146 0.186 0.246 0.496 0.376 0.486 0.256 0.156 0.436 0.000 0.000 0.000 0.000 0.000 0.000 0.000 0.000 0.000 0.000 0.000 0.000 0.000 0.000 0.000 0.000 0.000 0.000 0.000 0.000 0.000
0.873 0.000 0.293 0.523 0.343 0.000 0.333 0.000 0.333 0.014 0.003 0.027 0.027 0.000 0.000 0.000 0.000 0.000 0.000 0.000 0.003 0.195 0.026 0.000 0.000 0.000 0.002 0.221 0.221 0.061 0.211 0.551 0.411 0.281 0.150 0.309 0.138 0.717 0.136 0.025 0.512 0.512 0.075 0.386 0.386 0.306 0.516 0.316 0.606 0.000 0.526 0.296 0.556 0.556 0.316 0.396 0.056 0.126 0.000 0.000 0.000 0.000 0.000 0.000 0.000 0.000 0.000 0.000 0.000 0.000 0.000 0.000 0.000 0.000 0.000 0.000 0.000
0.663 0.713 0.933 0.543 0.093 0.403 0.693 0.423 0.393 0.393 0.093 0.124 0.124 0.000 0.000 0.000 0.000 0.000 0.000 0.002 0.315 0.305 0.000 0.000 0.032 0.000 0.196 0.000 0.000 0.102 0.122 0.452 0.342 0.242 0.152 0.190 0.279 0.438 0.408 0.097 0.494 0.434 0.216 0.426 0.426 0.456 0.196 0.336 0.146 0.000 0.426 0.056 0.376 0.086 0.306 0.226 0.266 0.356 0.076 0.000 0.000 0.000 0.000 0.000 0.000 0.000 0.000 0.000 0.000 0.000 0.000 0.000 0.000 0.000 0.000 0.000 0.000
0.363 0.000 0.693 0.563 0.143 0.633 0.643 0.000 0.483 0.000 0.453 0.000 0.001 0.334 0.154 0.000 0.000 0.000 0.000 0.000 0.105 0.000 0.000 0.000 0.000 0.000 0.002 0.424 0.424 0.000 0.063 0.344 0.564 0.474 0.244 0.263 0.211 0.309 0.528 0.597 0.547 0.106 0.446 0.556 0.556 0.566 0.636 0.206 0.000 0.000 0.236 0.286 0.000 0.017 0.046 0.306 0.000 0.146 0.000 0.000 0.000 0.000 0.000 0.000 0.000 0.000 0.000 0.000 0.000 0.000 0.000 0.000 0.000 0.000 0.000 0.000 0.000
0.603 0.723 0.663 0.000 0.000 0.723 0.433 0.000 0.283 0.000 0.513 0.000 0.000 0.001 0.000 0.000 0.000 0.000 0.000 0.000 0.000 0.000 0.000 0.000 0.000 0.000 0.000 0.000 0.000 0.000 0.000 0.325 0.315 0.315 0.405 0.424 0.463 0.472 0.350 0.717 0.767 0.127 0.506 0.000 0.000 0.000 0.106 0.000 0.000 0.000 0.176 0.186 0.306 0.000 0.216 0.216 0.000 0.000 0.000 0.000 0.000 0.000 0.000 0.000 0.000 0.000 0.000 0.000 0.000 0.000 0.000 0.000 0.000 0.000 0.000 0.000 0.000
0.000 0.543 0.713 0.733 0.953 0.823 0.343 0.453 0.493 0.263 0.553 0.000 0.000 0.000 0.000 0.000 0.000 0.000 0.000 0.000 0.000 0.278 0.278 0.000 0.000 0.000 0.668 0.808 0.808 0.258 0.044 1.157 0.000 0.226 0.836 0.305 0.483 0.782 0.572 0.021 0.208 0.228 0.000 0.062 0.062 0.000 0.000 0.000 0.011 0.000 0.000 0.000 0.000 0.000 0.000 0.000 0.000 0.000 0.000 0.000 0.000 0.000 0.000 0.000 0.000 0.000 0.000 0.000 0.000 0.000 0.061 0.000 0.000 0.000 0.000 0.000 0.000
0.000 0.000 0.673 0.000 0.723 0.753 0.673 0.463 0.343 0.283 0.563 0.000 0.000 0.000 0.000 0.000 0.572 0.000 0.000 0.412 0.261 0.799 0.948 0.918 0.898 1.038 1.008 1.228 1.228 0.648 0.103 0.767 1.557 0.487 0.577 1.327 0.000 0.223 0.393 0.112 0.199 0.049 0.000 0.000 0.000 0.000 0.000 0.000 0.000 0.000 0.000 0.000 0.000 0.000 0.000 0.000 0.000 0.000 0.001 0.000 0.000 0.001 0.000 0.000 0.001 0.000 0.000 0.000 0.000 0.001 0.000 0.000 0.514 0.954 0.000 0.936 0.936
0.000 0.000 0.673 0.000 0.723 0.753 0.673 0.463 0.343 0.283 0.563 0.000 0.000 0.000 0.000 0.000 0.572 0.000 0.000 0.412 0.261 0.799 0.948 0.918 0.898 1.038 1.008 1.228 1.228 0.648 0.103 0.767 1.557 0.487 0.577 1.327 0.000 0.224 0.393 0.112 0.200 0.049 0.000 0.000 0.000 0.000 0.000 0.000 0.000 0.000 0.000 0.000 0.000 0.000 0.000 0.000 0.000 0.000 0.000 0.000 0.000 0.000 0.000 0.000 0.000 0.000 0.000 0.000 0.000 0.000 0.000 0.000 0.514 0.954 0.000 0.936 0.936
0.813 0.843 0.863 0.113 0.000 0.853 0.203 0.463 0.000 1.073 0.503 0.000 0.000 0.000 0.000 0.562 0.652 0.882 1.012 0.732 0.491 0.639 0.858 0.828 0.878 0.978 1.068 0.228 0.228 0.888 0.000 0.627 1.097 0.667 0.777 0.877 0.687 0.536 0.225 0.064 0.000 0.020 0.000 0.032 0.032 0.000 0.000 0.000 0.000 0.000 0.000 0.000 0.000 0.000 0.701 0.000 0.053 0.103 0.143 0.000 0.002 0.025 0.002 0.195 0.385 0.006 0.136 0.216 0.000 0.672 0.000 0.000 0.001 0.000 0.065 0.000 0.000
0.623 0.703 0.673 0.493 0.713 0.093 0.413 0.203 0.013 0.001 0.000 0.903 0.903 0.953 0.913 1.003 0.812 0.882 0.792 0.000 0.531 0.140 0.928 0.958 0.928 0.468 0.355 0.000 0.000 0.000 0.777 0.857 0.757 0.747 0.797 0.787 0.667 0.456 0.196 0.000 0.000 0.000 0.000 0.000 0.000 0.000 0.000 0.000 0.000 0.511 0.000 0.000 0.002 0.000 0.000 0.000 0.000 0.000 0.000 0.000 0.002 0.000 0.000 0.000 0.000 0.000 0.000 0.000 0.000 0.000 0.000 0.000 0.002 1.015 0.395 0.055 0.055
0.263 0.283 0.843 0.723 0.893 1.033 0.683 1.043 1.023 0.863 0.933 0.963 0.963 0.973 1.073 1.223 0.992 0.932 0.702 0.682 0.431 0.470 0.489 0.238 0.000 0.000 0.388 0.758 0.758 0.738 0.767 0.777 0.807 0.707 0.517 0.000 0.000 0.000 0.000 0.000 0.000 0.000 0.373 1.023 1.023 1.163 0.613 0.000 0.000 0.000 0.000 0.000 0.000 0.000 0.000 0.000 0.000 0.000 0.000 0.000 0.000 0.000 0.000 0.000 0.000 0.000 0.000 0.000 0.000 0.061 0.000 0.000 0.000 0.000 0.125 0.215 0.215
0.683 1.163 0.073 0.393 1.113 0.933 0.983 1.033 0.953 1.133 1.023 0.963 0.963 1.003 1.023 0.973 1.003 0.662 0.922 0.822 0.000 0.270 0.319 0.227 0.000 0.299 0.519 0.838 0.838 0.698 0.737 0.757 0.837 0.467 0.000 0.000 0.000 0.000 0.000 0.000 0.551 0.351 0.000 0.000 0.000 0.000 0.000 0.000 0.000 0.000 0.000 0.000 0.000 0.000 0.000 0.000 0.000 0.001 0.000 0.000 0.001 0.000 0.000 0.000 0.000 0.000 0.000 0.000 0.000 0.000 0.000 0.000 1.412 0.122 0.000 0.135 0.135
1.103 1.253 0.843 1.043 1.163 0.933 1.043 1.013 1.013 1.093 0.873 1.003 1.003 1.013 1.003 0.993 1.303 0.062 0.602 0.000 0.000 0.000 0.000 0.181 0.000 0.369 0.568 0.808 0.808 0.728 0.737 0.617 0.717 0.077 0.000 0.000 0.000 0.000 0.000 0.000 0.000 0.000 0.000 0.000 0.000 0.000 0.000 0.000 0.000 0.000 0.000 0.000 0.000 0.091 0.000 0.031 0.000 0.000 0.000 0.047 0.048 0.000 0.042 0.037 0.095 0.011 0.020 0.000 0.000 0.000 0.000 0.000 0.000 0.000 0.000 0.415 0.415
1.003 1.133 1.013 1.043 0.973 1.153 0.603 0.973 1.113 1.183 1.193 1.023 1.023 1.223 0.993 0.433 1.053 0.813 0.000 0.000 0.000 0.000 0.000 0.640 0.409 0.749 0.578 0.678 0.678 0.558 0.697 0.427 0.000 0.000 0.000 0.021 0.761 0.000 0.000 0.000 0.000 0.000 0.000 0.000 0.000 0.121 0.000 0.000 0.000 0.000 0.001 0.000 0.000 0.000 0.000 0.000 0.000 0.086 0.019 0.156 0.159 0.060 0.108 0.155 0.071 0.120 0.095 0.067 0.013 0.000 0.000 0.000 0.000 0.000 0.000 0.000 0.000
0.893 0.943 1.053 0.853 0.983 0.963 0.993 0.963 1.023 1.173 1.023 0.993 0.993 1.093 0.913 0.853 1.053 0.013 0.000 0.000 0.483 0.000 0.000 0.000 0.609 0.519 0.338 0.538 0.538 0.488 0.000 0.000 0.000 0.601 0.531 0.000 0.000 0.000 0.000 0.000 0.000 0.000 0.000 0.000 0.000 0.000 0.000 0.000 0.000 0.000 0.000 0.000 0.086 0.026 0.000 0.001 0.002 0.085 0.095 0.054 0.080 0.288 0.127 0.210 0.294 0.199 0.078 0.108 0.108 0.011 0.044 0.000 0.000 0.211 0.000 0.000 0.000
1.003 0.973 0.923 0.913 1.053 0.853 1.113 1.093 1.063 1.153 1.043 0.893 0.893 0.983 1.003 1.063 1.093 1.223 0.283 0.000 0.001 0.000 0.362 0.000 0.549 0.359 0.000 0.004 0.004 0.000 0.000 0.772 0.472 0.000 0.000 0.000 0.000 0.000 0.000 0.000 0.000 0.000 0.000 0.000 0.000 0.000 0.000 0.042 0.000 0.032 0.000 0.000 0.046 0.106 0.076 0.019 0.031 0.173 0.161 0.133 0.181 0.457 0.409 0.308 0.389 0.374 0.206 0.204 0.082 0.038 0.030 0.000 0.007 0.000 0.000 0.000 0.001
1.063 0.933 0.923 1.253 1.043 1.033 1.013 1.153 0.933 1.003 1.013 0.923 0.923 0.943 0.963 1.043 1.103 0.953 0.613 0.000 0.507 0.000 0.000 0.799 0.519 0.339 0.000 0.057 0.057 0.317 0.037 0.000 0.000 0.000 0.000 0.000 0.000 0.000 0.000 0.000 0.000 0.000 0.000 0.051 0.051 0.000 0.000 0.000 0.001 0.000 0.000 0.000 0.000 0.000 0.085 0.074 0.151 0.203 0.147 0.361 0.369 0.132 0.066 0.002 0.568 0.351 0.304 0.179 0.217 0.115 0.034 0.037 0.076 0.000 0.000 0.000 0.000
