includes/camargue/floodfiles/results_R2_t1.562345283857E12/res-0008.wd
ncols         906
nrows         631
xllcorner     362177.146667
yllcorner     6534725.688020
cellsize      20.000000
NODATA_value  -9999.000000
[rows 578 to 611 of 631, columns 231 to 307 of 906]
0.167 0.188 0.234 0.227 0.256 0.291 0.313 0.339 0.367 0.398 0.430 0.462 0.487 0.510 0.533 0.557 0.658 0.783 1.033 1.034 1.159 1.282 1.398 1.513 1.629 1.744 1.829 1.830 1.827 1.823 1.819 1.816 1.812 1.808 1.801 1.801 1.810 1.852 1.894 1.936 1.978 2.021 2.063 2.106 2.148 2.190 2.233 2.275 2.380 2.486 2.593 2.593 2.806 2.912 3.019 3.126 3.209 3.263 3.317 3.371 3.418 3.460 3.502 3.545 3.587 3.629 3.671 3.670 3.755 3.743 3.728 3.714 3.705 3.723 3.710 3.670 3.630
0.170 0.189 0.232 0.226 0.238 0.226 0.226 0.234 0.249 0.268 0.289 0.310 0.333 0.355 0.378 0.427 0.512 0.632 0.883 0.883 1.008 1.133 1.259 1.384 1.509 1.634 1.783 1.775 1.767 1.763 1.760 1.756 1.752 1.749 1.741 1.741 1.737 1.776 1.818 1.861 1.903 1.945 1.988 2.030 2.072 2.115 2.157 2.199 2.286 2.392 2.499 2.499 2.712 2.818 2.925 3.010 3.064 3.118 3.172 3.226 3.276 3.318 3.360 3.402 3.444 3.486 3.528 3.528 3.612 3.654 3.696 3.738 3.726 3.711 3.671 3.631 3.590
0.173 0.194 0.237 0.233 0.247 0.167 0.128 0.119 0.124 0.136 0.150 0.167 0.185 0.205 0.225 0.299 0.384 0.482 0.732 0.732 0.857 0.983 1.108 1.233 1.358 1.514 1.705 1.733 1.725 1.717 1.709 1.701 1.693 1.689 1.681 1.681 1.677 1.701 1.743 1.785 1.828 1.870 1.912 1.955 1.997 2.039 2.082 2.124 2.192 2.298 2.405 2.405 2.618 2.724 2.811 2.865 2.919 2.973 3.027 3.081 3.134 3.176 3.218 3.260 3.302 3.344 3.386 3.385 3.470 3.512 3.553 3.595 3.670 3.670 3.631 3.591 3.551
0.177 0.199 0.236 0.234 0.248 0.177 0.106 0.065 0.073 0.079 0.084 0.088 0.093 0.096 0.111 0.175 0.257 0.342 0.581 0.582 0.707 0.832 0.957 1.082 1.223 1.415 1.606 1.691 1.683 1.675 1.667 1.659 1.651 1.643 1.627 1.627 1.618 1.625 1.667 1.710 1.752 1.794 1.837 1.879 1.921 1.964 2.006 2.048 2.098 2.204 2.311 2.310 2.524 2.611 2.665 2.719 2.773 2.827 2.881 2.935 2.989 3.033 3.075 3.117 3.159 3.201 3.243 3.243 3.327 3.369 3.411 3.487 3.583 3.628 3.588 3.549 3.509
0.181 0.198 0.234 0.234 0.244 0.175 0.111 0.075 0.077 0.077 0.076 0.071 0.074 0.068 0.073 0.107 0.154 0.223 0.432 0.431 0.556 0.681 0.806 0.933 1.124 1.315 1.506 1.650 1.642 1.634 1.626 1.617 1.609 1.601 1.585 1.585 1.577 1.585 1.614 1.643 1.677 1.719 1.761 1.804 1.846 1.888 1.931 1.973 2.015 2.110 2.217 2.216 2.412 2.466 2.520 2.574 2.628 2.682 2.736 2.790 2.844 2.891 2.933 2.975 3.017 3.059 3.101 3.100 3.185 3.226 3.304 3.400 3.497 3.586 3.546 3.507 3.467
0.175 0.193 0.230 0.230 0.235 0.167 0.112 0.108 0.111 0.111 0.111 0.110 0.104 0.089 0.076 0.093 0.114 0.145 0.295 0.287 0.407 0.531 0.656 0.833 1.025 1.216 1.407 1.598 1.600 1.592 1.584 1.576 1.568 1.559 1.544 1.544 1.551 1.558 1.583 1.612 1.641 1.671 1.700 1.729 1.770 1.813 1.855 1.897 1.940 2.016 2.122 2.122 2.267 2.321 2.375 2.429 2.483 2.537 2.591 2.645 2.699 2.749 2.791 2.832 2.874 2.916 2.958 2.958 3.042 3.121 3.218 3.314 3.410 3.507 3.504 3.465 3.425
0.169 0.186 0.223 0.223 0.224 0.158 0.127 0.132 0.134 0.134 0.134 0.134 0.132 0.125 0.120 0.106 0.097 0.105 0.189 0.172 0.266 0.381 0.543 0.734 0.925 1.116 1.307 1.499 1.558 1.550 1.542 1.534 1.526 1.518 1.518 1.518 1.525 1.532 1.552 1.581 1.611 1.640 1.669 1.698 1.727 1.756 1.785 1.822 1.864 1.922 2.013 2.013 2.121 2.175 2.229 2.283 2.337 2.391 2.445 2.499 2.553 2.606 2.648 2.690 2.732 2.774 2.816 2.815 2.938 3.035 3.131 3.227 3.324 3.420 3.462 3.423 3.383
0.162 0.178 0.214 0.214 0.211 0.147 0.149 0.151 0.152 0.152 0.152 0.151 0.147 0.147 0.144 0.136 0.121 0.093 0.138 0.111 0.146 0.257 0.444 0.635 0.826 1.017 1.208 1.399 1.516 1.508 1.500 1.492 1.484 1.477 1.492 1.492 1.499 1.506 1.521 1.551 1.580 1.609 1.638 1.667 1.696 1.725 1.754 1.783 1.812 1.844 1.868 1.868 1.976 2.030 2.084 2.138 2.192 2.246 2.300 2.354 2.408 2.462 2.506 2.547 2.589 2.631 2.673 2.673 2.852 2.948 3.044 3.141 3.237 3.333 3.420 3.381 3.341
0.166 0.167 0.202 0.202 0.194 0.166 0.167 0.168 0.168 0.168 0.168 0.167 0.164 0.163 0.160 0.153 0.143 0.127 0.101 0.075 0.074 0.163 0.345 0.535 0.726 0.917 1.109 1.300 1.475 1.467 1.458 1.450 1.444 1.451 1.465 1.465 1.472 1.479 1.490 1.520 1.549 1.578 1.607 1.636 1.665 1.694 1.723 1.752 1.784 1.822 1.841 1.840 1.866 1.885 1.939 1.993 2.047 2.101 2.154 2.208 2.262 2.316 2.363 2.405 2.447 2.489 2.573 2.572 2.765 2.861 2.958 3.054 3.150 3.247 3.343 3.339 3.299
0.184 0.184 0.186 0.186 0.183 0.183 0.183 0.183 0.183 0.182 0.180 0.177 0.177 0.175 0.171 0.164 0.155 0.142 0.124 0.102 0.061 0.214 0.331 0.454 0.627 0.818 1.009 1.200 1.391 1.425 1.417 1.410 1.418 1.425 1.439 1.439 1.446 1.453 1.460 1.489 1.518 1.547 1.576 1.605 1.634 1.663 1.692 1.725 1.763 1.800 1.824 1.824 1.849 1.862 1.875 1.887 1.901 1.955 2.009 2.063 2.117 2.171 2.220 2.262 2.304 2.390 2.486 2.486 2.679 2.775 2.871 2.967 3.064 3.160 3.256 3.296 3.257
0.198 0.198 0.200 0.200 0.197 0.196 0.196 0.195 0.194 0.193 0.193 0.189 0.188 0.184 0.179 0.171 0.161 0.148 0.132 0.110 0.069 0.213 0.331 0.455 0.627 0.818 1.010 1.201 1.392 1.425 1.417 1.411 1.418 1.425 1.439 1.439 1.446 1.453 1.460 1.489 1.518 1.547 1.576 1.605 1.634 1.663 1.692 1.725 1.763 1.800 1.824 1.824 1.849 1.862 1.875 1.887 1.901 1.955 2.009 2.063 2.117 2.171 2.220 2.262 2.304 2.390 2.486 2.485 2.678 2.775 2.871 2.967 3.064 3.160 3.256 3.296 3.256
0.209 0.209 0.208 0.208 0.207 0.207 0.206 0.205 0.204 0.202 0.200 0.199 0.196 0.191 0.183 0.174 0.163 0.150 0.134 0.111 0.069 0.293 0.415 0.538 0.662 0.785 0.910 1.101 1.292 1.383 1.377 1.385 1.392 1.399 1.413 1.413 1.420 1.427 1.434 1.458 1.487 1.516 1.545 1.574 1.603 1.632 1.666 1.704 1.741 1.779 1.807 1.807 1.833 1.845 1.858 1.871 1.883 1.896 1.909 1.921 1.971 2.025 2.078 2.120 2.207 2.303 2.399 2.399 2.592 2.688 2.784 2.881 2.977 3.073 3.170 3.254 3.214
0.219 0.218 0.218 0.217 0.217 0.216 0.215 0.214 0.213 0.212 0.208 0.206 0.201 0.195 0.186 0.175 0.164 0.150 0.134 0.111 0.062 0.376 0.499 0.622 0.745 0.869 0.992 1.116 1.239 1.344 1.351 1.358 1.365 1.373 1.387 1.387 1.394 1.401 1.408 1.427 1.456 1.485 1.514 1.543 1.572 1.607 1.644 1.682 1.719 1.757 1.790 1.790 1.816 1.829 1.841 1.854 1.866 1.879 1.892 1.904 1.917 1.929 1.942 2.024 2.120 2.216 2.313 2.312 2.505 2.601 2.698 2.794 2.890 2.987 3.083 3.179 3.172
0.227 0.226 0.226 0.225 0.224 0.223 0.222 0.221 0.219 0.217 0.215 0.211 0.205 0.197 0.187 0.175 0.163 0.149 0.132 0.108 0.058 0.542 0.665 0.789 0.912 1.036 1.159 1.221 1.260 1.297 1.303 1.309 1.315 1.320 1.334 1.334 1.341 1.348 1.355 1.365 1.394 1.423 1.452 1.488 1.525 1.563 1.600 1.638 1.676 1.713 1.751 1.751 1.782 1.795 1.808 1.820 1.833 1.845 1.858 1.871 1.883 1.894 1.906 1.948 2.026 2.104 2.181 2.181 2.337 2.428 2.524 2.621 2.717 2.813 2.910 3.006 3.088
0.234 0.233 0.233 0.232 0.231 0.230 0.229 0.227 0.226 0.223 0.220 0.215 0.208 0.198 0.187 0.175 0.161 0.145 0.126 0.101 0.050 0.626 0.749 0.872 0.996 1.117 1.156 1.196 1.235 1.274 1.280 1.286 1.291 1.297 1.309 1.309 1.315 1.322 1.329 1.335 1.363 1.392 1.428 1.466 1.504 1.541 1.579 1.616 1.654 1.692 1.729 1.729 1.765 1.778 1.791 1.803 1.816 1.829 1.841 1.853 1.865 1.876 1.887 1.917 1.995 2.073 2.151 2.150 2.306 2.384 2.462 2.540 2.630 2.727 2.823 2.919 3.016
0.240 0.239 0.239 0.238 0.237 0.235 0.234 0.232 0.230 0.229 0.224 0.218 0.209 0.198 0.186 0.171 0.153 0.133 0.106 0.076 0.030 0.691 0.833 0.956 1.053 1.092 1.131 1.170 1.209 1.249 1.257 1.263 1.268 1.274 1.286 1.285 1.291 1.297 1.302 1.309 1.332 1.369 1.407 1.444 1.482 1.519 1.557 1.595 1.632 1.670 1.707 1.707 1.749 1.761 1.774 1.787 1.799 1.812 1.824 1.835 1.846 1.858 1.869 1.886 1.964 2.042 2.120 2.119 2.275 2.353 2.431 2.509 2.587 2.664 2.742 2.832 2.929
0.245 0.245 0.244 0.243 0.242 0.241 0.239 0.236 0.234 0.232 0.227 0.220 0.210 0.198 0.183 0.163 0.133 0.104 0.070 0.053 0.024 0.602 0.916 0.989 1.028 1.067 1.106 1.145 1.184 1.223 1.234 1.240 1.245 1.251 1.263 1.262 1.268 1.274 1.279 1.287 1.313 1.347 1.385 1.423 1.460 1.498 1.535 1.573 1.610 1.648 1.685 1.685 1.732 1.744 1.757 1.770 1.782 1.794 1.805 1.817 1.828 1.839 1.851 1.862 1.933 2.011 2.089 2.088 2.244 2.322 2.400 2.478 2.556 2.634 2.711 2.789 2.867
0.250 0.249 0.249 0.248 0.247 0.246 0.245 0.242 0.239 0.235 0.229 0.221 0.210 0.197 0.179 0.146 0.103 0.082 0.054 0.031 0.235 0.809 0.924 0.963 1.002 1.041 1.081 1.120 1.159 1.198 1.211 1.217 1.222 1.228 1.239 1.239 1.245 1.250 1.264 1.283 1.307 1.339 1.370 1.402 1.438 1.476 1.513 1.551 1.588 1.626 1.664 1.663 1.715 1.728 1.740 1.753 1.765 1.776 1.787 1.799 1.810 1.821 1.832 1.844 1.903 1.980 2.058 2.058 2.213 2.291 2.369 2.447 2.525 2.603 2.681 2.758 2.817
0.254 0.253 0.253 0.252 0.251 0.250 0.248 0.247 0.243 0.237 0.230 0.221 0.210 0.195 0.173 0.136 0.096 0.067 0.176 0.165 0.478 0.809 0.889 0.938 0.977 1.016 1.055 1.094 1.134 1.173 1.188 1.194 1.199 1.205 1.216 1.216 1.223 1.241 1.260 1.278 1.302 1.333 1.365 1.396 1.427 1.459 1.491 1.529 1.567 1.604 1.642 1.641 1.698 1.711 1.723 1.735 1.746 1.758 1.769 1.780 1.792 1.803 1.814 1.825 1.872 1.949 2.027 2.027 2.183 2.260 2.338 2.416 2.494 2.572 2.647 2.700 2.753
0.258 0.257 0.256 0.256 0.255 0.254 0.252 0.249 0.245 0.239 0.231 0.221 0.209 0.192 0.166 0.125 0.093 0.062 0.174 0.164 0.478 0.799 0.848 0.898 0.947 0.991 1.030 1.069 1.108 1.147 1.165 1.171 1.176 1.182 1.200 1.200 1.218 1.237 1.255 1.274 1.297 1.328 1.359 1.391 1.422 1.453 1.485 1.516 1.547 1.582 1.620 1.619 1.681 1.694 1.705 1.717 1.728 1.739 1.751 1.762 1.773 1.784 1.796 1.807 1.841 1.919 1.996 1.996 2.152 2.229 2.307 2.385 2.463 2.530 2.583 2.635 2.688
0.261 0.260 0.259 0.259 0.258 0.256 0.255 0.252 0.247 0.240 0.232 0.221 0.208 0.188 0.153 0.112 0.094 0.060 0.172 0.163 0.478 0.758 0.808 0.857 0.906 0.956 1.005 1.044 1.083 1.122 1.142 1.148 1.153 1.159 1.196 1.195 1.214 1.232 1.251 1.269 1.291 1.322 1.354 1.385 1.416 1.448 1.479 1.510 1.542 1.573 1.604 1.604 1.664 1.676 1.687 1.698 1.710 1.721 1.732 1.744 1.755 1.766 1.777 1.789 1.810 1.888 1.965 1.965 2.121 2.199 2.276 2.354 2.413 2.466 2.518 2.571 2.624
0.264 0.263 0.262 0.262 0.261 0.259 0.257 0.253 0.248 0.241 0.232 0.221 0.206 0.183 0.146 0.111 0.094 0.060 0.172 0.163 0.478 0.718 0.767 0.817 0.866 0.915 0.964 1.013 1.058 1.096 1.119 1.124 1.135 1.154 1.191 1.191 1.209 1.228 1.246 1.265 1.286 1.317 1.348 1.379 1.411 1.442 1.473 1.505 1.536 1.567 1.599 1.598 1.642 1.655 1.669 1.680 1.691 1.703 1.714 1.725 1.736 1.748 1.759 1.770 1.781 1.857 1.935 1.934 2.090 2.168 2.243 2.296 2.349 2.401 2.454 2.506 2.559
0.266 0.265 0.264 0.264 0.263 0.262 0.259 0.254 0.249 0.241 0.232 0.220 0.203 0.177 0.137 0.111 0.094 0.060 0.171 0.163 0.478 0.678 0.727 0.776 0.825 0.874 0.924 0.973 1.022 1.071 1.096 1.112 1.131 1.150 1.187 1.187 1.205 1.223 1.242 1.260 1.280 1.311 1.343 1.374 1.405 1.437 1.468 1.499 1.531 1.562 1.588 1.587 1.616 1.630 1.644 1.658 1.671 1.684 1.696 1.707 1.718 1.729 1.740 1.752 1.763 1.826 1.904 1.903 2.059 2.126 2.179 2.232 2.284 2.337 2.389 2.442 2.495
0.268 0.267 0.266 0.266 0.265 0.263 0.260 0.255 0.249 0.241 0.231 0.218 0.199 0.164 0.125 0.112 0.094 0.060 0.171 0.162 0.478 0.637 0.686 0.736 0.785 0.834 0.883 0.932 0.981 1.035 1.082 1.108 1.127 1.145 1.183 1.182 1.201 1.219 1.238 1.256 1.275 1.306 1.337 1.368 1.400 1.431 1.462 1.493 1.525 1.548 1.562 1.562 1.591 1.605 1.619 1.632 1.646 1.660 1.674 1.687 1.700 1.711 1.722 1.733 1.744 1.795 1.873 1.872 2.009 2.062 2.114 2.167 2.220 2.272 2.325 2.377 2.430
0.270 0.269 0.267 0.267 0.266 0.264 0.261 0.256 0.249 0.241 0.231 0.216 0.195 0.158 0.124 0.112 0.094 0.060 0.171 0.162 0.478 0.597 0.646 0.695 0.744 0.793 0.842 0.897 0.954 1.011 1.054 1.089 1.122 1.141 1.178 1.178 1.196 1.215 1.233 1.251 1.270 1.300 1.332 1.363 1.394 1.425 1.457 1.488 1.509 1.523 1.537 1.537 1.566 1.580 1.593 1.607 1.621 1.635 1.648 1.662 1.675 1.689 1.703 1.715 1.726 1.764 1.840 1.839 1.945 1.997 2.050 2.102 2.155 2.208 2.260 2.313 2.365
0.271 0.270 0.269 0.268 0.268 0.265 0.262 0.256 0.249 0.241 0.230 0.214 0.191 0.154 0.124 0.112 0.094 0.060 0.171 0.163 0.478 0.556 0.605 0.655 0.704 0.758 0.816 0.873 0.930 0.987 1.026 1.061 1.096 1.130 1.174 1.173 1.192 1.210 1.229 1.247 1.265 1.295 1.326 1.357 1.389 1.420 1.451 1.469 1.483 1.498 1.512 1.511 1.540 1.554 1.568 1.582 1.595 1.609 1.623 1.636 1.650 1.664 1.677 1.691 1.705 1.723 1.775 1.775 1.880 1.933 1.985 2.038 2.090 2.143 2.196 2.248 2.301
0.273 0.273 0.272 0.271 0.269 0.266 0.262 0.256 0.249 0.240 0.228 0.211 0.184 0.146 0.124 0.112 0.095 0.060 0.172 0.163 0.479 0.557 0.606 0.655 0.704 0.759 0.816 0.873 0.930 0.987 1.026 1.061 1.096 1.130 1.174 1.173 1.192 1.210 1.229 1.247 1.265 1.295 1.326 1.357 1.388 1.420 1.451 1.469 1.483 1.497 1.512 1.511 1.540 1.554 1.568 1.581 1.595 1.609 1.622 1.636 1.650 1.663 1.677 1.690 1.704 1.723 1.775 1.774 1.880 1.932 1.985 2.037 2.090 2.142 2.195 2.248 2.300
0.277 0.276 0.275 0.273 0.271 0.267 0.262 0.256 0.249 0.239 0.226 0.206 0.172 0.135 0.124 0.112 0.095 0.060 0.173 0.164 0.468 0.517 0.566 0.621 0.678 0.735 0.792 0.849 0.906 0.963 0.999 1.033 1.068 1.103 1.170 1.169 1.187 1.206 1.224 1.242 1.261 1.289 1.320 1.352 1.383 1.414 1.429 1.444 1.458 1.472 1.486 1.486 1.515 1.529 1.542 1.556 1.570 1.583 1.597 1.610 1.624 1.638 1.651 1.665 1.686 1.711 1.738 1.737 1.815 1.868 1.920 1.973 2.025 2.078 2.130 2.183 2.235
0.280 0.279 0.277 0.275 0.272 0.268 0.262 0.256 0.248 0.238 0.223 0.202 0.166 0.134 0.125 0.112 0.095 0.060 0.095 0.084 0.427 0.483 0.540 0.597 0.654 0.711 0.768 0.825 0.882 0.936 0.971 1.006 1.040 1.075 1.144 1.144 1.178 1.201 1.220 1.238 1.256 1.284 1.315 1.346 1.376 1.390 1.404 1.418 1.433 1.447 1.461 1.460 1.489 1.503 1.517 1.530 1.544 1.558 1.571 1.585 1.598 1.612 1.626 1.649 1.674 1.699 1.726 1.725 1.779 1.806 1.855 1.908 1.960 2.013 2.066 2.118 2.171
0.282 0.281 0.279 0.276 0.272 0.268 0.262 0.256 0.247 0.236 0.220 0.197 0.161 0.134 0.125 0.113 0.095 0.060 0.134 0.127 0.407 0.450 0.492 0.549 0.605 0.662 0.719 0.776 0.833 0.881 0.915 0.950 0.984 1.019 1.089 1.088 1.123 1.157 1.191 1.226 1.247 1.272 1.297 1.311 1.325 1.339 1.354 1.368 1.382 1.396 1.410 1.409 1.438 1.452 1.466 1.480 1.493 1.507 1.520 1.534 1.550 1.575 1.601 1.626 1.651 1.677 1.703 1.702 1.756 1.783 1.810 1.836 1.863 1.890 1.937 1.989 2.042
0.284 0.282 0.280 0.276 0.273 0.268 0.262 0.255 0.246 0.234 0.216 0.190 0.153 0.134 0.125 0.113 0.095 0.059 0.231 0.228 0.403 0.445 0.487 0.528 0.582 0.638 0.695 0.752 0.809 0.853 0.888 0.922 0.957 0.991 1.061 1.060 1.095 1.129 1.163 1.198 1.232 1.257 1.271 1.286 1.300 1.314 1.328 1.342 1.356 1.370 1.384 1.384 1.413 1.427 1.441 1.454 1.468 1.481 1.495 1.513 1.539 1.564 1.589 1.614 1.640 1.665 1.691 1.691 1.744 1.771 1.798 1.824 1.851 1.878 1.904 1.931 1.977
0.285 0.283 0.280 0.277 0.273 0.268 0.262 0.254 0.244 0.230 0.210 0.177 0.143 0.134 0.125 0.113 0.095 0.059 0.335 0.334 0.398 0.440 0.482 0.523 0.565 0.614 0.671 0.728 0.785 0.825 0.860 0.894 0.929 0.963 1.033 1.032 1.067 1.101 1.135 1.170 1.204 1.242 1.254 1.265 1.277 1.288 1.303 1.317 1.331 1.345 1.359 1.358 1.387 1.401 1.415 1.428 1.442 1.455 1.476 1.502 1.527 1.552 1.577 1.603 1.628 1.653 1.679 1.679 1.733 1.759 1.786 1.812 1.839 1.866 1.892 1.919 1.946
0.286 0.283 0.280 0.277 0.273 0.268 0.261 0.253 0.242 0.227 0.204 0.169 0.142 0.134 0.125 0.113 0.094 0.059 0.353 0.352 0.394 0.435 0.476 0.518 0.560 0.602 0.647 0.704 0.761 0.798 0.832 0.867 0.901 0.935 1.005 1.004 1.039 1.073 1.107 1.142 1.178 1.216 1.239 1.251 1.262 1.273 1.285 1.296 1.307 1.319 1.333 1.332 1.361 1.375 1.389 1.403 1.416 1.439 1.465 1.490 1.515 1.540 1.566 1.591 1.616 1.642 1.667 1.667 1.721 1.747 1.774 1.800 1.827 1.854 1.881 1.907 1.933
0.286 0.283 0.280 0.277 0.273 0.267 0.260 0.251 0.239 0.222 0.196 0.160 0.141 0.134 0.125 0.112 0.094 0.059 0.348 0.347 0.388 0.430 0.471 0.513 0.554 0.596 0.638 0.680 0.735 0.770 0.804 0.839 0.873 0.907 0.977 0.976 1.010 1.045 1.079 1.114 1.152 1.189 1.225 1.236 1.248 1.259 1.270 1.281 1.293 1.304 1.315 1.314 1.338 1.349 1.363 1.377 1.402 1.428 1.453 1.478 1.503 1.529 1.554 1.579 1.604 1.630 1.655 1.655 1.709 1.735 1.762 1.788 1.815 1.842 1.868 1.894 1.920
