includes/camargue/floodfiles/results_R2_t1.562345283857E12/res-0005.wd
ncols         906
nrows         631
xllcorner     362177.146667
yllcorner     6534725.688020
cellsize      20.000000
NODATA_value  -9999.000000
[rows 510 to 543 of 631, columns 462 to 538 of 906]
4.020 4.026 4.032 4.039 4.045 4.051 4.057 4.064 4.070 4.076 4.082 4.093 4.104 4.127 4.127 4.139 4.151 4.163 4.175 4.188 4.200 4.213 4.225 4.237 4.250 4.251 4.250 4.249 4.248 4.246 4.246 4.245 4.245 4.245 4.245 4.245 4.245 4.245 4.245 4.245 4.245 4.245 4.245 4.245 4.245 4.244 4.244 4.241 4.249 4.256 4.263 4.270 4.277 4.284 4.291 4.297 4.304 4.311 4.318 4.325 4.314 4.237 4.237 4.198 4.159 4.120 4.081 4.043 3.988 3.922 3.855 3.514 3.783 3.857 3.931 3.995 4.037
4.055 4.060 4.066 4.073 4.079 4.085 4.091 4.098 4.104 4.110 4.116 4.125 4.136 4.159 4.159 4.172 4.184 4.196 4.209 4.221 4.234 4.246 4.258 4.271 4.283 4.296 4.301 4.300 4.299 4.296 4.296 4.296 4.296 4.296 4.296 4.296 4.296 4.296 4.296 4.296 4.296 4.296 4.296 4.296 4.297 4.297 4.297 4.306 4.318 4.326 4.333 4.340 4.347 4.353 4.360 4.367 4.374 4.381 4.388 4.394 4.375 4.297 4.297 4.258 4.220 4.181 4.142 4.103 4.064 4.026 3.987 3.948 3.927 3.969 4.010 4.052 4.093
4.075 4.081 4.086 4.091 4.097 4.102 4.108 4.115 4.121 4.127 4.133 4.140 4.152 4.176 4.176 4.188 4.201 4.213 4.226 4.238 4.250 4.263 4.275 4.288 4.300 4.313 4.325 4.325 4.324 4.321 4.322 4.321 4.321 4.321 4.321 4.321 4.322 4.322 4.322 4.322 4.322 4.322 4.322 4.322 4.323 4.323 4.324 4.334 4.346 4.358 4.368 4.374 4.381 4.388 4.395 4.402 4.409 4.415 4.422 4.429 4.405 4.327 4.327 4.288 4.250 4.211 4.172 4.133 4.095 4.056 4.017 3.354 4.000 4.013 4.038 4.080 4.121
4.096 4.101 4.107 4.112 4.117 4.123 4.128 4.133 4.138 4.144 4.150 4.157 4.168 4.193 4.193 4.205 4.218 4.230 4.242 4.255 4.267 4.280 4.292 4.305 4.317 4.329 4.342 4.350 4.349 4.347 4.347 4.347 4.347 4.347 4.347 4.347 4.347 4.347 4.347 4.347 4.348 4.348 4.348 4.349 4.349 4.350 4.350 4.361 4.373 4.386 4.398 4.409 4.416 4.423 4.430 4.437 4.443 4.450 4.457 4.464 4.435 4.357 4.357 4.319 4.280 4.241 4.202 4.163 4.125 4.101 4.093 3.374 4.083 4.096 4.108 4.121 4.149
4.116 4.122 4.127 4.132 4.138 4.143 4.148 4.154 4.159 4.164 4.170 4.175 4.186 4.210 4.210 4.222 4.235 4.247 4.259 4.272 4.284 4.297 4.309 4.321 4.334 4.346 4.359 4.371 4.374 4.372 4.372 4.372 4.372 4.372 4.372 4.372 4.373 4.373 4.373 4.374 4.374 4.374 4.375 4.375 4.375 4.377 4.377 4.389 4.401 4.413 4.426 4.438 4.450 4.458 4.465 4.471 4.478 4.485 4.492 4.499 4.465 4.388 4.388 4.349 4.310 4.271 4.232 4.199 4.192 4.184 4.176 4.168 4.166 4.178 4.191 4.204 4.216
4.137 4.142 4.148 4.153 4.158 4.164 4.169 4.174 4.179 4.185 4.190 4.196 4.205 4.229 4.229 4.241 4.253 4.265 4.277 4.289 4.301 4.313 4.326 4.338 4.351 4.363 4.376 4.388 4.399 4.398 4.398 4.398 4.398 4.398 4.398 4.399 4.399 4.399 4.400 4.400 4.400 4.401 4.401 4.401 4.402 4.405 4.405 4.417 4.429 4.441 4.453 4.466 4.478 4.490 4.499 4.506 4.513 4.520 4.527 4.534 4.495 4.418 4.418 4.379 4.340 4.301 4.290 4.282 4.274 4.266 4.259 4.251 4.249 4.261 4.274 4.286 4.299
4.157 4.163 4.168 4.173 4.179 4.184 4.189 4.195 4.200 4.206 4.212 4.218 4.225 4.249 4.249 4.261 4.273 4.285 4.297 4.309 4.321 4.333 4.345 4.357 4.368 4.380 4.392 4.405 4.417 4.423 4.423 4.424 4.424 4.424 4.425 4.425 4.425 4.426 4.426 4.426 4.427 4.427 4.427 4.428 4.428 4.433 4.433 4.445 4.457 4.469 4.481 4.493 4.505 4.517 4.530 4.541 4.548 4.555 4.561 4.564 4.526 4.448 4.448 4.409 4.388 4.380 4.372 4.365 4.357 4.349 4.341 4.333 4.332 4.344 4.357 4.369 4.382
4.178 4.183 4.189 4.194 4.199 4.205 4.210 4.215 4.221 4.227 4.233 4.239 4.245 4.269 4.269 4.281 4.293 4.305 4.316 4.328 4.340 4.352 4.364 4.376 4.388 4.400 4.412 4.424 4.436 4.450 4.450 4.450 4.450 4.451 4.451 4.451 4.452 4.452 4.452 4.453 4.453 4.453 4.454 4.454 4.454 4.461 4.461 4.473 4.485 4.497 4.509 4.521 4.533 4.545 4.557 4.569 4.582 4.589 4.596 4.595 4.556 4.486 4.486 4.478 4.471 4.463 4.455 4.447 4.439 4.431 4.424 4.416 4.414 4.427 4.440 4.452 4.465
4.198 4.204 4.209 4.214 4.220 4.225 4.230 4.236 4.242 4.248 4.254 4.260 4.266 4.289 4.289 4.301 4.312 4.324 4.336 4.348 4.360 4.372 4.384 4.396 4.408 4.420 4.432 4.443 4.448 4.463 4.463 4.473 4.477 4.477 4.477 4.478 4.478 4.478 4.479 4.479 4.479 4.480 4.480 4.480 4.480 4.489 4.489 4.501 4.513 4.525 4.537 4.549 4.561 4.573 4.585 4.597 4.609 4.621 4.631 4.625 4.586 4.569 4.569 4.561 4.553 4.545 4.538 4.530 4.522 4.514 4.506 4.498 4.497 4.510 4.522 4.535 4.548
4.219 4.224 4.230 4.235 4.240 4.246 4.251 4.257 4.263 4.269 4.275 4.281 4.287 4.308 4.308 4.320 4.332 4.344 4.356 4.368 4.380 4.392 4.404 4.416 4.427 4.439 4.451 4.455 4.459 4.473 4.473 4.483 4.494 4.503 4.504 4.504 4.504 4.504 4.505 4.505 4.505 4.506 4.506 4.506 4.507 4.517 4.517 4.529 4.541 4.553 4.565 4.577 4.589 4.601 4.613 4.625 4.637 4.649 4.661 4.675 4.667 4.651 4.652 4.644 4.636 4.628 4.620 4.612 4.604 4.597 4.589 4.581 4.580 4.593 4.605 4.618 4.631
4.239 4.245 4.250 4.255 4.261 4.266 4.272 4.278 4.284 4.290 4.296 4.302 4.309 4.328 4.328 4.340 4.352 4.364 4.376 4.388 4.400 4.412 4.423 4.435 4.447 4.458 4.461 4.465 4.469 4.483 4.483 4.494 4.504 4.514 4.525 4.530 4.530 4.531 4.531 4.531 4.532 4.532 4.532 4.533 4.533 4.545 4.545 4.557 4.569 4.581 4.593 4.605 4.617 4.629 4.641 4.653 4.665 4.672 4.676 4.693 4.726 4.734 4.734 4.726 4.718 4.711 4.703 4.695 4.687 4.679 4.671 4.664 4.663 4.676 4.688 4.701 4.713
4.260 4.265 4.271 4.276 4.282 4.287 4.294 4.300 4.306 4.312 4.318 4.324 4.330 4.348 4.348 4.360 4.372 4.384 4.395 4.407 4.419 4.431 4.443 4.455 4.464 4.468 4.472 4.476 4.480 4.493 4.493 4.504 4.514 4.524 4.535 4.545 4.555 4.557 4.557 4.558 4.558 4.558 4.558 4.559 4.559 4.572 4.572 4.584 4.596 4.609 4.621 4.633 4.645 4.657 4.669 4.675 4.679 4.684 4.688 4.706 4.739 4.805 4.805 4.809 4.801 4.793 4.785 4.778 4.770 4.762 4.754 4.746 4.746 4.759 4.771 4.784 4.796
4.280 4.286 4.291 4.297 4.303 4.309 4.315 4.321 4.327 4.333 4.339 4.345 4.351 4.368 4.368 4.380 4.391 4.403 4.415 4.427 4.439 4.451 4.463 4.471 4.475 4.479 4.482 4.486 4.490 4.503 4.503 4.514 4.524 4.534 4.545 4.555 4.565 4.576 4.583 4.584 4.584 4.584 4.585 4.585 4.585 4.600 4.600 4.612 4.624 4.636 4.648 4.660 4.673 4.679 4.683 4.687 4.691 4.696 4.700 4.720 4.753 4.818 4.819 4.851 4.883 4.876 4.868 4.860 4.852 4.844 4.837 4.829 4.829 4.842 4.854 4.867 4.879
4.301 4.306 4.312 4.318 4.324 4.330 4.336 4.342 4.348 4.354 4.360 4.366 4.372 4.387 4.387 4.399 4.411 4.423 4.435 4.447 4.459 4.471 4.478 4.481 4.485 4.489 4.493 4.497 4.501 4.514 4.514 4.524 4.534 4.544 4.555 4.565 4.575 4.586 4.596 4.606 4.610 4.611 4.611 4.611 4.612 4.628 4.628 4.640 4.652 4.664 4.676 4.683 4.687 4.691 4.695 4.699 4.703 4.708 4.712 4.734 4.767 4.832 4.832 4.865 4.898 4.931 4.951 4.943 4.935 4.927 4.919 4.912 4.912 4.924 4.937 4.949 4.962
4.301 4.306 4.312 4.318 4.324 4.330 4.336 4.342 4.348 4.354 4.360 4.366 4.372 4.387 4.387 4.399 4.411 4.423 4.435 4.447 4.459 4.471 4.478 4.482 4.485 4.489 4.493 4.497 4.501 4.514 4.514 4.524 4.534 4.544 4.555 4.565 4.576 4.586 4.596 4.606 4.610 4.611 4.611 4.611 4.611 4.628 4.628 4.640 4.652 4.664 4.676 4.683 4.687 4.691 4.695 4.699 4.703 4.708 4.712 4.734 4.767 4.832 4.832 4.865 4.898 4.931 4.951 4.943 4.935 4.927 4.919 4.912 4.912 4.924 4.937 4.949 4.962
4.321 4.327 4.333 4.339 4.345 4.351 4.357 4.363 4.369 4.375 4.381 4.387 4.393 4.407 4.407 4.419 4.431 4.443 4.455 4.467 4.479 4.485 4.488 4.492 4.496 4.500 4.504 4.507 4.511 4.524 4.524 4.534 4.544 4.555 4.565 4.575 4.586 4.596 4.606 4.617 4.627 4.637 4.637 4.638 4.638 4.656 4.656 4.668 4.680 4.686 4.691 4.695 4.699 4.703 4.707 4.712 4.716 4.720 4.724 4.747 4.780 4.846 4.846 4.879 4.912 4.944 4.977 5.010 5.018 5.010 5.002 4.994 4.995 5.007 5.020 5.032 5.038
4.342 4.348 4.354 4.360 4.366 4.372 4.379 4.385 4.391 4.397 4.403 4.409 4.415 4.427 4.427 4.439 4.451 4.463 4.475 4.486 4.491 4.495 4.499 4.503 4.506 4.510 4.514 4.518 4.522 4.534 4.534 4.544 4.554 4.565 4.575 4.585 4.596 4.606 4.616 4.627 4.637 4.647 4.658 4.664 4.664 4.684 4.684 4.690 4.694 4.699 4.703 4.707 4.711 4.715 4.719 4.724 4.728 4.732 4.736 4.761 4.794 4.860 4.860 4.893 4.925 4.958 4.991 5.024 5.057 5.089 5.085 5.077 5.078 5.090 5.102 5.096 5.090
4.415 4.417 4.419 4.421 4.423 4.425 4.428 4.430 4.433 4.439 4.445 4.451 4.457 4.469 4.469 4.478 4.490 4.501 4.504 4.508 4.512 4.516 4.520 4.523 4.527 4.531 4.535 4.539 4.543 4.554 4.554 4.564 4.575 4.585 4.595 4.606 4.616 4.626 4.636 4.647 4.657 4.667 4.678 4.694 4.718 4.710 4.710 4.714 4.718 4.723 4.727 4.731 4.735 4.739 4.743 4.748 4.752 4.756 4.760 4.789 4.822 4.887 4.887 4.920 4.953 4.986 5.018 5.051 5.084 5.117 5.150 5.182 5.207 5.212 5.206 5.200 5.193
4.447 4.454 4.457 4.459 4.461 4.463 4.465 4.467 4.469 4.471 4.473 4.475 4.478 4.490 4.490 4.498 4.507 4.511 4.515 4.519 4.523 4.526 4.530 4.534 4.538 4.542 4.545 4.549 4.553 4.564 4.564 4.574 4.585 4.595 4.605 4.616 4.626 4.636 4.647 4.657 4.667 4.679 4.703 4.726 4.750 4.739 4.739 4.732 4.730 4.735 4.739 4.743 4.747 4.751 4.755 4.760 4.764 4.768 4.772 4.803 4.835 4.901 4.901 4.934 4.966 4.999 5.032 5.065 5.098 5.130 5.163 5.195 5.219 5.236 5.253 5.251 5.245
4.474 4.492 4.494 4.496 4.498 4.500 4.502 4.505 4.507 4.509 4.511 4.513 4.515 4.519 4.519 4.523 4.518 4.522 4.525 4.529 4.533 4.537 4.541 4.544 4.548 4.552 4.556 4.560 4.563 4.574 4.574 4.585 4.595 4.605 4.616 4.626 4.636 4.646 4.657 4.667 4.688 4.712 4.735 4.759 4.782 4.771 4.771 4.763 4.756 4.748 4.751 4.755 4.759 4.763 4.768 4.772 4.776 4.780 4.784 4.816 4.849 4.915 4.915 4.947 4.980 5.013 5.046 5.079 5.111 5.143 5.175 5.207 5.231 5.248 5.265 5.282 5.297
4.501 4.529 4.532 4.534 4.536 4.538 4.540 4.542 4.544 4.546 4.548 4.550 4.552 4.562 4.562 4.573 4.561 4.550 4.538 4.540 4.544 4.547 4.551 4.555 4.559 4.562 4.566 4.570 4.574 4.584 4.584 4.595 4.605 4.615 4.626 4.636 4.646 4.657 4.673 4.697 4.720 4.744 4.768 4.791 4.815 4.802 4.802 4.795 4.787 4.779 4.772 4.767 4.771 4.775 4.780 4.784 4.788 4.792 4.797 4.830 4.863 4.928 4.928 4.961 4.994 5.027 5.059 5.091 5.123 5.156 5.188 5.220 5.243 5.260 5.277 5.293 5.310
4.529 4.566 4.569 4.571 4.573 4.575 4.577 4.579 4.582 4.584 4.586 4.588 4.590 4.609 4.609 4.620 4.612 4.600 4.588 4.576 4.564 4.558 4.562 4.565 4.569 4.573 4.577 4.581 4.584 4.595 4.595 4.605 4.615 4.625 4.636 4.646 4.659 4.682 4.706 4.729 4.753 4.776 4.800 4.823 4.847 4.834 4.834 4.826 4.818 4.811 4.803 4.795 4.788 4.788 4.792 4.796 4.800 4.804 4.811 4.844 4.876 4.942 4.942 4.975 5.007 5.040 5.072 5.104 5.136 5.168 5.200 5.232 5.255 5.272 5.289 5.305 5.322
4.556 4.593 4.606 4.609 4.611 4.613 4.615 4.617 4.619 4.621 4.623 4.625 4.635 4.657 4.657 4.667 4.662 4.650 4.638 4.626 4.614 4.603 4.591 4.579 4.580 4.583 4.587 4.591 4.595 4.605 4.605 4.615 4.625 4.635 4.646 4.667 4.691 4.714 4.738 4.761 4.785 4.809 4.832 4.856 4.879 4.865 4.865 4.858 4.850 4.842 4.835 4.827 4.819 4.812 4.804 4.808 4.812 4.816 4.825 4.857 4.890 4.956 4.956 4.988 5.020 5.052 5.084 5.116 5.148 5.181 5.213 5.245 5.267 5.284 5.301 5.317 5.334
4.583 4.620 4.644 4.646 4.648 4.650 4.652 4.654 4.656 4.659 4.661 4.672 4.682 4.704 4.704 4.715 4.712 4.700 4.688 4.677 4.665 4.653 4.641 4.629 4.617 4.605 4.598 4.601 4.605 4.615 4.615 4.625 4.635 4.652 4.676 4.700 4.723 4.747 4.770 4.794 4.817 4.841 4.865 4.888 4.912 4.897 4.897 4.889 4.882 4.874 4.866 4.858 4.851 4.843 4.835 4.828 4.824 4.828 4.838 4.871 4.904 4.968 4.968 5.000 5.032 5.065 5.097 5.129 5.161 5.193 5.225 5.257 5.279 5.296 5.313 5.329 5.346
4.610 4.647 4.681 4.683 4.685 4.688 4.690 4.692 4.694 4.697 4.708 4.719 4.730 4.751 4.751 4.762 4.762 4.751 4.739 4.727 4.715 4.703 4.691 4.679 4.667 4.655 4.644 4.632 4.620 4.625 4.625 4.638 4.661 4.685 4.708 4.732 4.756 4.779 4.803 4.826 4.850 4.873 4.897 4.920 4.944 4.928 4.928 4.921 4.913 4.905 4.898 4.890 4.882 4.874 4.867 4.859 4.851 4.844 4.852 4.884 4.917 4.981 4.981 5.013 5.045 5.077 5.109 5.141 5.173 5.206 5.238 5.270 5.291 5.308 5.325 5.341 5.358
4.637 4.674 4.712 4.721 4.723 4.725 4.727 4.729 4.734 4.745 4.756 4.766 4.777 4.799 4.799 4.810 4.813 4.801 4.789 4.777 4.765 4.753 4.741 4.730 4.718 4.706 4.694 4.682 4.670 4.641 4.641 4.670 4.694 4.717 4.741 4.764 4.788 4.811 4.835 4.859 4.882 4.906 4.929 4.953 4.975 4.960 4.960 4.952 4.945 4.937 4.929 4.921 4.914 4.906 4.898 4.891 4.883 4.873 4.873 4.897 4.929 4.993 4.993 5.025 5.058 5.090 5.122 5.154 5.186 5.218 5.250 5.282 5.303 5.320 5.337 5.353 5.370
4.664 4.701 4.739 4.758 4.761 4.763 4.765 4.770 4.781 4.792 4.803 4.814 4.825 4.846 4.846 4.857 4.863 4.851 4.839 4.827 4.815 4.803 4.792 4.780 4.768 4.756 4.744 4.732 4.715 4.651 4.651 4.686 4.722 4.750 4.773 4.797 4.820 4.844 4.867 4.891 4.914 4.938 4.962 4.985 5.007 4.991 4.991 4.984 4.976 4.968 4.961 4.953 4.945 4.937 4.930 4.921 4.910 4.899 4.899 4.923 4.947 5.006 5.006 5.038 5.070 5.102 5.134 5.166 5.199 5.231 5.263 5.295 5.315 5.332 5.349 5.365 5.382
4.691 4.729 4.766 4.796 4.798 4.800 4.807 4.818 4.829 4.840 4.850 4.861 4.872 4.894 4.894 4.904 4.913 4.901 4.889 4.878 4.866 4.854 4.842 4.830 4.818 4.806 4.794 4.766 4.728 4.662 4.662 4.697 4.733 4.768 4.803 4.829 4.853 4.876 4.900 4.923 4.947 4.970 4.994 5.018 5.038 5.023 5.023 5.015 5.008 5.000 4.992 4.984 4.977 4.969 4.957 4.946 4.935 4.924 4.926 4.950 4.974 5.021 5.021 5.050 5.083 5.115 5.147 5.179 5.211 5.243 5.275 5.307 5.327 5.344 5.361 5.377 5.394
4.718 4.756 4.793 4.831 4.835 4.844 4.854 4.865 4.876 4.887 4.898 4.909 4.919 4.941 4.941 4.952 4.963 4.951 4.940 4.928 4.916 4.904 4.892 4.880 4.868 4.856 4.817 4.779 4.741 4.673 4.673 4.708 4.743 4.779 4.814 4.849 4.884 4.909 4.932 4.956 4.979 5.003 5.027 5.050 5.070 5.054 5.054 5.047 5.039 5.031 5.024 5.016 5.005 4.994 4.983 4.972 4.961 4.949 4.953 4.977 5.000 5.048 5.048 5.071 5.095 5.127 5.159 5.191 5.224 5.256 5.288 5.320 5.339 5.356 5.373 5.389 5.406
4.732 4.773 4.813 4.854 4.880 4.891 4.902 4.913 4.923 4.934 4.945 4.956 4.967 4.988 4.988 4.999 5.010 5.002 4.990 4.978 4.966 4.954 4.942 4.931 4.907 4.868 4.830 4.792 4.753 4.684 4.684 4.719 4.754 4.789 4.825 4.860 4.895 4.930 4.965 4.988 5.012 5.035 5.059 5.083 5.101 5.086 5.086 5.078 5.071 5.063 5.053 5.042 5.030 5.019 5.008 4.997 4.986 4.975 4.979 5.003 5.027 5.074 5.074 5.098 5.122 5.145 5.172 5.204 5.236 5.268 5.300 5.332 5.351 5.368 5.384 5.401 5.418
4.732 4.773 4.813 4.854 4.880 4.891 4.902 4.913 4.924 4.934 4.945 4.956 4.967 4.988 4.988 4.999 5.010 5.002 4.990 4.978 4.966 4.954 4.943 4.931 4.907 4.869 4.830 4.792 4.753 4.684 4.684 4.719 4.754 4.789 4.825 4.860 4.895 4.930 4.965 4.988 5.012 5.035 5.059 5.083 5.102 5.086 5.086 5.078 5.071 5.063 5.053 5.042 5.031 5.019 5.008 4.997 4.986 4.975 4.979 5.003 5.027 5.074 5.074 5.098 5.122 5.145 5.172 5.204 5.236 5.268 5.300 5.332 5.351 5.368 5.384 5.401 5.418
4.739 4.780 4.820 4.850 4.880 4.910 4.940 4.960 4.971 4.982 4.993 5.003 5.014 5.036 5.036 5.047 5.057 5.052 5.040 5.028 5.016 5.005 4.993 4.958 4.920 4.881 4.843 4.805 4.766 4.695 4.695 4.730 4.765 4.800 4.835 4.871 4.906 4.941 4.976 5.012 5.044 5.068 5.091 5.115 5.133 5.118 5.118 5.110 5.101 5.089 5.078 5.067 5.056 5.045 5.034 5.023 5.012 5.000 5.006 5.030 5.054 5.101 5.101 5.125 5.148 5.172 5.196 5.220 5.249 5.281 5.313 5.345 5.363 5.380 5.396 5.414 5.436
4.746 4.787 4.816 4.845 4.874 4.905 4.935 4.965 4.995 5.026 5.040 5.051 5.062 5.083 5.083 5.094 5.105 5.102 5.090 5.079 5.067 5.047 5.009 4.971 4.932 4.894 4.856 4.818 4.779 4.706 4.706 4.741 4.776 4.811 4.846 4.882 4.917 4.952 4.987 5.022 5.058 5.093 5.124 5.148 5.165 5.149 5.148 5.137 5.126 5.115 5.104 5.093 5.082 5.070 5.059 5.048 5.037 5.026 5.033 5.057 5.080 5.128 5.128 5.152 5.175 5.199 5.222 5.246 5.270 5.293 5.325 5.357 5.375 5.392 5.413 5.435 5.457
4.748 4.777 4.805 4.834 4.863 4.893 4.923 4.954 4.984 5.014 5.045 5.075 5.105 5.166 5.166 5.189 5.200 5.203 5.188 5.150 5.111 5.073 5.035 4.996 4.958 4.920 4.882 4.843 4.805 4.728 4.728 4.762 4.797 4.833 4.868 4.903 4.938 4.974 5.009 5.044 5.079 5.115 5.150 5.180 5.202 5.199 5.199 5.188 5.177 5.166 5.155 5.144 5.132 5.121 5.110 5.099 5.088 5.077 5.086 5.110 5.134 5.181 5.181 5.205 5.229 5.252 5.276 5.299 5.323 5.347 5.369 5.390 5.412 5.433 5.455 5.477 5.499
