includes/camargue/floodfiles/results_R2_t1.562345283857E12/res-0011.wd
ncols         906
nrows         631
xllcorner     362177.146667
yllcorner     6534725.688020
cellsize      20.000000
NODATA_value  -9999.000000
[rows 510 to 543 of 631, columns 308 to 384 of 906]
0.026 0.029 0.031 0.034 0.030 0.031 0.043 0.042 0.052 0.057 0.064 0.066 0.085 0.086 0.090 0.095 0.100 0.102 0.008 0.015 0.027 0.090 0.095 0.407 0.110 0.103 0.186 0.021 0.167 0.127 0.006 0.150 0.029 0.000 0.098 0.272 0.212 0.086 0.066 0.061 0.143 0.106 0.050 0.033 0.034 0.117 0.068 0.378 0.175 0.047 0.000 0.046 0.000 0.000 0.001 0.002 0.013 0.003 0.002 0.002 0.000 0.000 0.001 0.007 0.001 0.000 0.000 0.000 0.000 0.000 0.000 0.000 0.070 0.000 0.000 0.001 0.022
0.019 0.028 0.036 0.042 0.045 0.049 0.065 0.059 0.066 0.072 0.078 0.084 0.092 0.095 0.097 0.098 0.096 0.086 0.000 0.000 0.000 0.185 0.186 0.103 0.180 0.172 0.195 0.056 0.259 0.143 0.203 0.155 0.003 0.130 0.272 0.259 0.066 0.045 0.056 0.050 0.156 0.165 0.043 0.112 0.046 0.126 0.000 0.053 0.019 0.006 0.032 0.011 0.052 0.006 0.000 0.001 0.001 0.002 0.000 0.003 0.043 0.000 0.242 0.002 0.001 0.000 0.001 0.000 0.000 0.000 0.001 0.003 0.003 0.058 0.000 0.001 0.000
0.020 0.023 0.024 0.037 0.049 0.055 0.072 0.059 0.067 0.073 0.079 0.084 0.088 0.090 0.090 0.089 0.085 0.082 0.000 0.011 0.000 0.045 0.046 0.043 0.120 0.081 0.000 0.094 0.214 0.096 0.242 0.046 0.002 0.224 0.140 0.092 0.023 0.202 0.173 0.173 0.132 0.118 0.103 0.154 0.098 0.021 0.000 0.058 0.044 0.003 0.000 0.014 0.006 0.009 0.000 0.000 0.000 0.340 0.001 0.007 0.000 0.362 0.001 0.009 0.006 0.000 0.000 0.000 0.000 0.000 0.001 0.002 0.001 0.003 0.001 0.000 0.000
0.022 0.025 0.028 0.033 0.036 0.043 0.060 0.051 0.060 0.068 0.073 0.078 0.080 0.081 0.079 0.074 0.063 0.000 0.000 0.000 0.009 0.011 0.013 0.000 0.179 0.011 0.144 0.135 0.118 0.077 0.014 0.146 0.092 0.111 0.085 0.158 0.081 0.115 0.032 0.031 0.535 0.116 0.213 0.128 0.123 0.472 0.004 0.040 0.405 0.005 0.005 0.009 0.000 0.389 0.028 0.028 0.000 0.380 0.006 0.004 0.000 0.000 0.001 0.000 0.011 0.006 0.000 0.001 0.000 0.007 0.003 0.011 0.013 0.349 0.000 0.000 0.000
0.025 0.028 0.032 0.035 0.037 0.039 0.059 0.044 0.050 0.053 0.055 0.060 0.063 0.064 0.062 0.057 0.044 0.006 0.000 0.022 0.050 0.081 0.084 0.022 0.040 0.121 0.032 0.173 0.025 0.161 0.042 0.492 0.160 0.501 0.201 0.124 0.050 0.000 0.027 0.027 0.062 0.036 0.160 0.055 0.022 0.509 0.047 0.117 0.000 0.003 0.001 0.025 0.000 0.000 0.432 0.432 0.005 0.420 0.000 0.000 0.002 0.001 0.001 0.000 0.000 0.006 0.000 0.001 0.000 0.008 0.000 0.002 0.385 0.000 0.000 0.001 0.000
0.029 0.031 0.034 0.037 0.037 0.036 0.059 0.044 0.051 0.054 0.055 0.057 0.056 0.053 0.047 0.039 0.026 0.011 0.016 0.026 0.001 0.003 0.010 0.046 0.000 0.000 0.012 0.135 0.170 0.120 0.166 0.050 0.178 0.533 0.082 0.155 0.075 0.000 0.016 0.016 0.110 0.043 0.019 0.496 0.503 0.024 0.022 0.107 0.084 0.073 0.069 0.004 0.001 0.001 0.000 0.000 0.013 0.002 0.004 0.000 0.001 0.000 0.001 0.002 0.003 0.005 0.002 0.003 0.006 0.010 0.000 0.000 0.000 0.000 0.000 0.001 0.000
0.031 0.033 0.036 0.039 0.037 0.037 0.062 0.042 0.052 0.054 0.055 0.055 0.053 0.049 0.042 0.033 0.022 0.013 0.016 0.017 0.000 0.411 0.411 0.000 0.061 0.000 0.163 0.155 0.115 0.153 0.523 0.171 0.083 0.565 0.046 0.076 0.017 0.080 0.087 0.088 0.029 0.029 0.486 0.058 0.012 0.125 0.129 0.130 0.108 0.106 0.093 0.001 0.004 0.003 0.003 0.004 0.011 0.000 0.004 0.002 0.002 0.001 0.002 0.002 0.003 0.005 0.003 0.004 0.005 0.000 0.000 0.001 0.000 0.001 0.001 0.002 0.002
0.033 0.035 0.038 0.040 0.038 0.039 0.064 0.040 0.051 0.054 0.054 0.053 0.050 0.045 0.038 0.029 0.020 0.014 0.015 0.014 0.006 0.005 0.010 0.000 0.000 0.001 0.151 0.540 0.113 0.550 0.555 0.079 0.533 0.021 0.026 0.160 0.122 0.109 0.116 0.112 0.098 0.097 0.014 0.511 0.006 0.001 0.167 0.000 0.097 0.000 0.070 0.047 0.032 0.020 0.013 0.008 0.010 0.005 0.004 0.003 0.002 0.002 0.002 0.003 0.004 0.005 0.004 0.004 0.004 0.000 0.000 0.001 0.001 0.001 0.001 0.002 0.003
0.035 0.037 0.040 0.040 0.039 0.040 0.065 0.037 0.050 0.053 0.052 0.050 0.046 0.040 0.033 0.025 0.018 0.014 0.014 0.011 0.006 0.002 0.010 0.017 0.083 0.064 0.122 0.042 0.000 0.005 0.012 0.137 0.022 0.075 0.009 0.002 0.108 0.111 0.000 0.000 0.097 0.103 0.091 0.017 0.002 0.007 0.000 0.045 0.068 0.053 0.059 0.051 0.041 0.030 0.022 0.014 0.011 0.008 0.005 0.004 0.003 0.003 0.003 0.003 0.004 0.004 0.004 0.004 0.003 0.000 0.000 0.002 0.001 0.002 0.002 0.002 0.003
0.044 0.041 0.042 0.041 0.040 0.040 0.066 0.036 0.048 0.051 0.050 0.047 0.043 0.037 0.030 0.022 0.016 0.014 0.012 0.010 0.009 0.010 0.024 0.011 0.081 0.000 0.063 0.123 0.022 0.002 0.081 0.100 0.085 0.083 0.081 0.077 0.092 0.099 0.000 0.000 0.089 0.000 0.072 0.057 0.040 0.029 0.031 0.044 0.054 0.054 0.055 0.051 0.044 0.036 0.029 0.020 0.015 0.010 0.008 0.006 0.004 0.003 0.003 0.004 0.004 0.004 0.004 0.004 0.003 0.000 0.001 0.002 0.002 0.002 0.002 0.003 0.003
0.133 0.067 0.048 0.041 0.040 0.041 0.066 0.035 0.042 0.049 0.047 0.044 0.039 0.033 0.026 0.020 0.015 0.013 0.012 0.011 0.010 0.011 0.021 0.003 0.006 0.031 0.088 0.011 0.060 0.062 0.083 0.097 0.102 0.112 0.000 0.085 0.090 0.095 0.066 0.057 0.068 0.058 0.066 0.070 0.053 0.042 0.039 0.044 0.050 0.052 0.053 0.051 0.046 0.041 0.035 0.026 0.019 0.015 0.011 0.007 0.004 0.003 0.003 0.004 0.004 0.004 0.004 0.004 0.002 0.001 0.001 0.002 0.002 0.002 0.002 0.003 0.003
0.293 0.206 0.111 0.051 0.042 0.041 0.066 0.035 0.040 0.044 0.045 0.041 0.036 0.030 0.024 0.018 0.015 0.013 0.013 0.012 0.011 0.012 0.024 0.014 0.021 0.017 0.000 0.051 0.063 0.073 0.089 0.104 0.123 0.000 0.057 0.076 0.080 0.000 0.057 0.054 0.061 0.063 0.069 0.000 0.046 0.045 0.044 0.046 0.049 0.052 0.052 0.051 0.048 0.044 0.040 0.032 0.026 0.021 0.015 0.009 0.006 0.004 0.004 0.004 0.004 0.005 0.004 0.004 0.002 0.001 0.001 0.003 0.002 0.002 0.003 0.003 0.002
0.455 0.368 0.258 0.139 0.059 0.045 0.070 0.035 0.040 0.039 0.043 0.039 0.034 0.028 0.022 0.017 0.015 0.014 0.014 0.013 0.013 0.014 0.026 0.013 0.015 0.001 0.043 0.058 0.069 0.078 0.087 0.092 0.000 0.050 0.063 0.072 0.073 0.062 0.050 0.052 0.053 0.059 0.061 0.047 0.048 0.049 0.049 0.051 0.053 0.055 0.055 0.054 0.052 0.050 0.048 0.041 0.035 0.028 0.020 0.014 0.009 0.006 0.004 0.004 0.005 0.005 0.004 0.004 0.003 0.002 0.001 0.003 0.002 0.003 0.003 0.003 0.002
0.617 0.529 0.410 0.289 0.170 0.085 0.106 0.052 0.056 0.053 0.053 0.051 0.045 0.039 0.033 0.030 0.028 0.028 0.025 0.025 0.026 0.027 0.045 0.026 0.031 0.033 0.058 0.072 0.081 0.087 0.089 0.090 0.079 0.079 0.082 0.086 0.085 0.073 0.054 0.057 0.051 0.059 0.062 0.059 0.058 0.058 0.059 0.060 0.061 0.063 0.064 0.064 0.064 0.062 0.063 0.058 0.050 0.042 0.034 0.027 0.021 0.016 0.013 0.010 0.009 0.009 0.008 0.007 0.006 0.005 0.004 0.007 0.006 0.005 0.005 0.005 0.004
0.617 0.529 0.410 0.288 0.168 0.069 0.082 0.028 0.031 0.028 0.029 0.029 0.025 0.021 0.018 0.016 0.015 0.016 0.014 0.014 0.015 0.016 0.029 0.016 0.020 0.023 0.041 0.052 0.059 0.063 0.064 0.064 0.062 0.062 0.064 0.066 0.065 0.055 0.036 0.040 0.034 0.041 0.045 0.045 0.045 0.045 0.045 0.046 0.047 0.048 0.049 0.050 0.050 0.049 0.051 0.046 0.039 0.033 0.026 0.020 0.015 0.011 0.008 0.006 0.005 0.005 0.004 0.004 0.003 0.002 0.002 0.004 0.003 0.003 0.002 0.002 0.002
0.778 0.682 0.561 0.440 0.319 0.198 0.198 0.033 0.029 0.026 0.024 0.026 0.023 0.019 0.017 0.016 0.017 0.015 0.015 0.015 0.016 0.017 0.031 0.018 0.023 0.026 0.038 0.049 0.055 0.059 0.061 0.062 0.062 0.063 0.066 0.067 0.059 0.050 0.033 0.037 0.026 0.035 0.040 0.042 0.043 0.043 0.043 0.044 0.045 0.046 0.047 0.048 0.049 0.051 0.053 0.049 0.045 0.037 0.030 0.023 0.018 0.013 0.009 0.006 0.005 0.005 0.004 0.004 0.003 0.003 0.002 0.004 0.003 0.002 0.002 0.002 0.002
0.940 0.833 0.712 0.591 0.470 0.349 0.349 0.107 0.034 0.023 0.019 0.019 0.018 0.016 0.014 0.015 0.014 0.013 0.012 0.013 0.014 0.015 0.028 0.016 0.021 0.023 0.028 0.041 0.047 0.051 0.053 0.055 0.057 0.059 0.063 0.057 0.050 0.042 0.026 0.030 0.022 0.025 0.032 0.035 0.036 0.037 0.038 0.039 0.040 0.041 0.043 0.045 0.048 0.052 0.046 0.043 0.040 0.036 0.031 0.026 0.021 0.015 0.010 0.007 0.005 0.004 0.003 0.003 0.003 0.002 0.002 0.003 0.002 0.002 0.002 0.002 0.002
1.257 1.136 1.015 0.894 0.772 0.651 0.651 0.409 0.288 0.167 0.048 0.021 0.019 0.019 0.019 0.017 0.017 0.016 0.016 0.017 0.019 0.020 0.037 0.022 0.028 0.031 0.034 0.043 0.054 0.060 0.065 0.069 0.075 0.072 0.069 0.063 0.055 0.046 0.030 0.035 0.027 0.023 0.032 0.037 0.041 0.043 0.044 0.046 0.048 0.051 0.056 0.063 0.060 0.057 0.049 0.048 0.045 0.042 0.038 0.033 0.028 0.023 0.018 0.013 0.010 0.007 0.006 0.006 0.004 0.003 0.002 0.004 0.003 0.003 0.002 0.002 0.002
1.396 1.277 1.158 1.039 0.921 0.802 0.802 0.560 0.439 0.318 0.197 0.076 0.019 0.020 0.018 0.017 0.017 0.017 0.018 0.019 0.021 0.023 0.040 0.024 0.030 0.033 0.035 0.037 0.053 0.061 0.068 0.074 0.074 0.070 0.065 0.059 0.051 0.043 0.028 0.033 0.026 0.022 0.025 0.033 0.038 0.041 0.044 0.047 0.051 0.056 0.064 0.062 0.059 0.055 0.048 0.047 0.043 0.041 0.038 0.035 0.030 0.026 0.021 0.017 0.013 0.010 0.008 0.007 0.005 0.005 0.003 0.005 0.003 0.003 0.002 0.002 0.002
1.507 1.404 1.286 1.167 1.048 0.929 0.929 0.692 0.573 0.454 0.336 0.217 0.098 0.022 0.019 0.018 0.019 0.019 0.020 0.022 0.023 0.025 0.044 0.026 0.032 0.034 0.035 0.036 0.051 0.063 0.072 0.074 0.071 0.067 0.061 0.055 0.048 0.041 0.026 0.032 0.025 0.021 0.020 0.029 0.035 0.040 0.044 0.049 0.056 0.065 0.064 0.060 0.057 0.053 0.046 0.045 0.041 0.040 0.038 0.035 0.032 0.028 0.023 0.019 0.015 0.012 0.010 0.008 0.006 0.006 0.005 0.005 0.004 0.004 0.003 0.002 0.002
1.585 1.532 1.413 1.294 1.176 1.057 1.057 0.819 0.701 0.582 0.463 0.344 0.198 0.031 0.019 0.019 0.020 0.022 0.025 0.028 0.029 0.031 0.050 0.029 0.034 0.036 0.037 0.039 0.047 0.064 0.071 0.070 0.067 0.063 0.058 0.052 0.045 0.038 0.025 0.031 0.024 0.020 0.016 0.026 0.033 0.040 0.047 0.055 0.064 0.064 0.062 0.058 0.055 0.052 0.044 0.044 0.040 0.039 0.037 0.035 0.032 0.029 0.025 0.021 0.018 0.015 0.012 0.009 0.008 0.007 0.006 0.005 0.004 0.004 0.003 0.003 0.003
1.663 1.660 1.541 1.422 1.303 1.185 1.185 0.947 0.828 0.710 0.591 0.454 0.281 0.108 0.024 0.021 0.022 0.024 0.025 0.029 0.032 0.035 0.055 0.034 0.040 0.041 0.040 0.040 0.040 0.057 0.063 0.063 0.061 0.058 0.053 0.048 0.042 0.035 0.023 0.029 0.023 0.019 0.017 0.023 0.033 0.042 0.051 0.061 0.064 0.062 0.059 0.057 0.053 0.050 0.043 0.043 0.039 0.037 0.036 0.035 0.032 0.030 0.027 0.023 0.020 0.017 0.014 0.011 0.009 0.008 0.007 0.006 0.005 0.004 0.004 0.003 0.003
1.741 1.787 1.668 1.550 1.431 1.312 1.312 1.075 0.956 0.837 0.710 0.537 0.364 0.191 0.045 0.024 0.024 0.026 0.027 0.029 0.032 0.035 0.055 0.033 0.039 0.039 0.038 0.035 0.032 0.043 0.039 0.043 0.044 0.044 0.044 0.042 0.038 0.032 0.022 0.028 0.022 0.019 0.019 0.022 0.035 0.046 0.057 0.062 0.061 0.060 0.057 0.055 0.052 0.048 0.041 0.041 0.038 0.035 0.035 0.034 0.032 0.030 0.027 0.025 0.021 0.018 0.015 0.013 0.011 0.009 0.008 0.007 0.006 0.005 0.004 0.004 0.003
1.819 1.896 1.796 1.677 1.558 1.440 1.440 1.202 1.083 0.965 0.792 0.619 0.446 0.273 0.100 0.033 0.027 0.027 0.029 0.030 0.031 0.032 0.051 0.030 0.035 0.032 0.027 0.015 0.030 0.057 0.039 0.039 0.036 0.033 0.028 0.025 0.024 0.023 0.018 0.025 0.021 0.019 0.020 0.022 0.038 0.051 0.058 0.059 0.059 0.057 0.055 0.053 0.050 0.047 0.040 0.040 0.037 0.033 0.033 0.033 0.032 0.030 0.028 0.025 0.023 0.020 0.017 0.014 0.012 0.010 0.009 0.008 0.006 0.005 0.005 0.004 0.004
1.897 1.974 1.923 1.805 1.686 1.567 1.567 1.330 1.211 1.048 0.875 0.702 0.529 0.356 0.183 0.063 0.031 0.029 0.030 0.030 0.031 0.031 0.047 0.024 0.027 0.023 0.012 0.013 0.025 0.071 0.042 0.037 0.035 0.031 0.027 0.023 0.021 0.017 0.010 0.017 0.013 0.014 0.017 0.023 0.038 0.051 0.054 0.055 0.055 0.054 0.053 0.051 0.048 0.045 0.039 0.039 0.035 0.032 0.031 0.031 0.031 0.030 0.028 0.026 0.024 0.021 0.018 0.016 0.014 0.011 0.011 0.009 0.007 0.006 0.005 0.004 0.004
1.975 2.052 2.051 1.932 1.813 1.695 1.695 1.457 1.303 1.131 0.958 0.785 0.612 0.439 0.266 0.110 0.044 0.030 0.030 0.030 0.029 0.028 0.043 0.019 0.018 0.011 0.010 0.012 0.021 0.065 0.063 0.038 0.033 0.029 0.025 0.022 0.019 0.016 0.009 0.018 0.013 0.014 0.017 0.022 0.029 0.041 0.046 0.049 0.050 0.050 0.049 0.048 0.046 0.043 0.037 0.037 0.034 0.031 0.029 0.030 0.030 0.029 0.028 0.026 0.024 0.022 0.020 0.017 0.015 0.013 0.012 0.010 0.009 0.007 0.006 0.005 0.004
2.053 2.130 2.179 2.060 1.941 1.822 1.822 1.559 1.386 1.213 1.040 0.867 0.694 0.521 0.348 0.175 0.081 0.035 0.029 0.028 0.027 0.025 0.038 0.013 0.010 0.007 0.008 0.010 0.018 0.064 0.115 0.057 0.039 0.031 0.025 0.021 0.018 0.014 0.009 0.019 0.015 0.018 0.023 0.027 0.023 0.036 0.041 0.042 0.041 0.042 0.042 0.042 0.041 0.040 0.035 0.036 0.033 0.030 0.027 0.028 0.028 0.028 0.027 0.026 0.025 0.023 0.021 0.018 0.016 0.014 0.013 0.011 0.010 0.008 0.007 0.006 0.005
2.131 2.208 2.284 2.187 2.069 1.950 1.950 1.642 1.469 1.296 1.123 0.950 0.777 0.604 0.431 0.258 0.128 0.055 0.029 0.026 0.024 0.022 0.033 0.008 0.005 0.006 0.007 0.010 0.052 0.173 0.295 0.261 0.196 0.132 0.069 0.032 0.021 0.016 0.010 0.022 0.018 0.023 0.031 0.025 0.023 0.030 0.040 0.041 0.041 0.040 0.038 0.036 0.033 0.032 0.029 0.031 0.030 0.027 0.025 0.025 0.026 0.027 0.027 0.026 0.025 0.024 0.022 0.020 0.018 0.015 0.015 0.013 0.011 0.009 0.008 0.006 0.005
2.209 2.286 2.362 2.315 2.196 2.070 2.070 1.724 1.552 1.379 1.206 1.033 0.860 0.687 0.514 0.341 0.176 0.100 0.037 0.024 0.021 0.018 0.027 0.003 0.004 0.006 0.015 0.138 0.260 0.382 0.503 0.540 0.475 0.410 0.345 0.281 0.216 0.151 0.031 0.044 0.031 0.034 0.028 0.025 0.023 0.025 0.039 0.042 0.042 0.041 0.039 0.037 0.034 0.032 0.025 0.029 0.025 0.022 0.022 0.022 0.024 0.026 0.026 0.026 0.026 0.025 0.023 0.022 0.020 0.018 0.017 0.015 0.014 0.012 0.010 0.008 0.007
2.287 2.364 2.440 2.442 2.324 2.153 2.153 1.807 1.634 1.461 1.288 1.115 0.942 0.770 0.597 0.424 0.250 0.147 0.071 0.030 0.022 0.017 0.022 0.013 0.016 0.105 0.226 0.348 0.469 0.591 0.712 0.819 0.755 0.690 0.625 0.560 0.495 0.430 0.301 0.301 0.236 0.069 0.040 0.036 0.034 0.031 0.045 0.052 0.053 0.053 0.051 0.048 0.045 0.042 0.034 0.040 0.035 0.032 0.029 0.025 0.026 0.026 0.028 0.029 0.030 0.029 0.028 0.027 0.026 0.024 0.024 0.021 0.020 0.018 0.016 0.014 0.013
2.287 2.364 2.440 2.442 2.324 2.153 2.153 1.807 1.634 1.461 1.288 1.115 0.943 0.770 0.597 0.424 0.251 0.147 0.071 0.018 0.011 0.007 0.010 0.005 0.008 0.104 0.226 0.348 0.469 0.591 0.712 0.819 0.755 0.690 0.625 0.560 0.495 0.430 0.301 0.301 0.236 0.055 0.021 0.018 0.017 0.017 0.029 0.035 0.036 0.035 0.034 0.032 0.030 0.027 0.020 0.026 0.022 0.019 0.018 0.015 0.015 0.016 0.018 0.020 0.020 0.021 0.020 0.020 0.019 0.017 0.017 0.015 0.014 0.013 0.011 0.010 0.009
2.483 2.506 2.529 2.570 2.409 2.236 2.236 1.890 1.717 1.544 1.371 1.198 1.025 0.852 0.679 0.506 0.333 0.195 0.118 0.042 0.008 0.004 0.005 0.070 0.192 0.314 0.435 0.557 0.678 0.800 0.922 1.043 1.034 0.969 0.904 0.840 0.775 0.710 0.580 0.580 0.414 0.177 0.024 0.018 0.018 0.018 0.024 0.033 0.034 0.034 0.032 0.030 0.028 0.026 0.019 0.025 0.021 0.019 0.017 0.014 0.015 0.016 0.016 0.016 0.015 0.017 0.018 0.018 0.017 0.017 0.017 0.015 0.014 0.013 0.012 0.011 0.010
2.685 2.709 2.732 2.645 2.484 2.315 2.315 1.973 1.800 1.627 1.454 1.281 1.108 0.935 0.762 0.589 0.416 0.243 0.166 0.090 0.007 0.024 0.029 0.280 0.401 0.523 0.645 0.766 0.888 1.010 1.131 1.253 1.314 1.249 1.184 1.119 1.054 0.990 0.786 0.786 0.549 0.312 0.076 0.016 0.015 0.015 0.015 0.027 0.028 0.028 0.027 0.025 0.023 0.021 0.016 0.021 0.018 0.016 0.013 0.011 0.012 0.013 0.014 0.013 0.013 0.013 0.013 0.012 0.011 0.012 0.013 0.011 0.011 0.011 0.010 0.010 0.008
3.041 2.942 2.844 2.745 2.617 2.448 2.448 2.110 1.941 1.772 1.603 1.434 1.265 1.096 0.927 0.755 0.582 0.409 0.261 0.211 0.333 0.455 0.455 0.699 0.820 0.942 1.064 1.185 1.307 1.428 1.550 1.672 1.793 1.808 1.743 1.678 1.614 1.530 1.056 1.056 0.819 0.582 0.345 0.109 0.020 0.019 0.019 0.025 0.032 0.033 0.031 0.030 0.028 0.026 0.020 0.027 0.021 0.018 0.015 0.014 0.014 0.016 0.016 0.016 0.016 0.016 0.015 0.014 0.014 0.014 0.012 0.013 0.012 0.011 0.009 0.009 0.008
