includes/camargue/floodfiles/results_R2_t1.562345283857E12/res-0014.wd
ncols         906
nrows         631
xllcorner     362177.146667
yllcorner     6534725.688020
cellsize      20.000000
NODATA_value  -9999.000000
[rows 544 to 577 of 631, columns 308 to 384 of 906]
6.670 6.571 6.473 6.374 6.262 6.093 6.093 5.755 5.586 5.417 5.248 5.079 4.910 4.741 4.572 4.403 4.234 4.065 3.896 3.999 4.120 4.242 4.242 4.485 4.606 4.728 4.849 4.971 5.092 5.214 5.335 5.457 5.578 5.663 5.598 5.533 5.469 5.240 4.766 4.766 4.529 4.292 4.055 3.818 3.581 3.344 3.107 2.907 2.895 2.883 2.871 2.858 2.846 2.834 2.797 2.797 2.776 2.755 2.734 2.714 2.693 2.684 2.678 2.673 2.667 2.661 2.656 2.650 2.645 2.639 2.628 2.628 2.622 2.623 2.620 2.608 2.596
6.720 6.621 6.523 6.424 6.326 6.159 6.159 5.821 5.652 5.483 5.314 5.145 4.976 4.807 4.638 4.469 4.300 4.131 3.949 3.939 4.113 4.286 4.286 4.634 4.808 4.937 5.059 5.180 5.302 5.423 5.545 5.666 5.788 5.909 5.878 5.813 5.612 5.375 4.901 4.901 4.664 4.427 4.190 3.953 3.716 3.479 3.242 3.005 2.952 2.940 2.928 2.916 2.903 2.888 2.846 2.846 2.825 2.804 2.784 2.763 2.742 2.729 2.723 2.718 2.712 2.706 2.701 2.695 2.689 2.684 2.673 2.673 2.674 2.675 2.675 2.663 2.651
6.770 6.671 6.573 6.474 6.376 6.226 6.226 5.888 5.719 5.550 5.381 5.212 5.043 4.874 4.705 4.536 4.367 4.187 4.002 3.845 4.019 4.193 4.193 4.541 4.715 4.888 5.062 5.236 5.410 5.584 5.754 5.876 5.997 6.119 6.157 5.984 5.747 5.510 5.036 5.036 4.799 4.562 4.325 4.088 3.851 3.614 3.377 3.140 3.009 2.997 2.985 2.973 2.958 2.937 2.895 2.895 2.874 2.853 2.833 2.812 2.791 2.774 2.768 2.762 2.757 2.751 2.745 2.740 2.734 2.729 2.724 2.724 2.725 2.726 2.728 2.718 2.706
6.820 6.721 6.623 6.525 6.426 6.292 6.292 5.954 5.785 5.616 5.447 5.278 5.109 4.940 4.771 4.602 4.425 4.240 4.055 3.869 3.926 4.099 4.099 4.447 4.621 4.795 4.969 5.143 5.316 5.490 5.664 5.838 6.012 6.186 6.327 6.107 5.882 5.645 5.171 5.171 4.934 4.697 4.460 4.223 3.986 3.749 3.512 3.275 3.066 3.054 3.042 3.028 3.007 2.986 2.944 2.944 2.923 2.902 2.882 2.861 2.840 2.819 2.813 2.807 2.801 2.796 2.790 2.785 2.779 2.774 2.776 2.776 2.777 2.778 2.779 2.773 2.761
6.870 6.772 6.673 6.575 6.476 6.359 6.359 6.021 5.852 5.683 5.514 5.345 5.176 5.006 4.838 4.663 4.478 4.292 4.107 3.922 3.832 4.006 4.006 4.354 4.527 4.701 4.875 5.049 5.223 5.397 5.571 5.745 5.918 6.085 6.227 6.144 5.924 5.705 5.265 5.265 5.046 4.826 4.595 4.358 4.121 3.884 3.647 3.410 3.173 3.111 3.098 3.077 3.056 3.035 2.993 2.993 2.972 2.951 2.931 2.910 2.889 2.868 2.858 2.852 2.846 2.841 2.835 2.829 2.825 2.826 2.828 2.828 2.829 2.830 2.831 2.828 2.816
6.920 6.822 6.723 6.625 6.526 6.425 6.425 6.087 5.918 5.749 5.580 5.411 5.242 5.073 4.901 4.716 4.530 4.345 4.160 3.974 3.789 3.912 3.912 4.260 4.434 4.608 4.782 4.956 5.129 5.303 5.477 5.651 5.825 5.967 6.108 6.181 5.961 5.742 5.302 5.302 5.082 4.863 4.643 4.423 4.204 3.984 3.764 3.544 3.308 3.168 3.147 3.126 3.105 3.084 3.042 3.042 3.021 3.000 2.980 2.959 2.938 2.917 2.902 2.897 2.891 2.886 2.880 2.875 2.876 2.878 2.880 2.880 2.881 2.882 2.883 2.883 2.871
6.970 6.872 6.773 6.675 6.577 6.478 6.478 6.153 5.984 5.815 5.646 5.477 5.308 5.139 4.954 4.768 4.583 4.398 4.212 4.027 3.841 3.819 3.819 4.167 4.341 4.514 4.688 4.862 5.036 5.210 5.384 5.558 5.707 5.848 5.989 6.131 5.998 5.778 5.339 5.339 5.119 4.900 4.680 4.460 4.240 4.021 3.801 3.581 3.362 3.215 3.195 3.174 3.154 3.133 3.091 3.091 3.070 3.049 3.029 3.008 2.987 2.966 2.947 2.942 2.936 2.930 2.926 2.927 2.928 2.929 2.931 2.931 2.932 2.933 2.934 2.935 2.926
7.020 6.922 6.824 6.725 6.627 6.528 6.528 6.220 6.051 5.882 5.713 5.544 5.375 5.192 5.006 4.821 4.636 4.450 4.265 4.079 3.894 3.725 3.725 4.073 4.247 4.421 4.595 4.769 4.942 5.116 5.290 5.447 5.588 5.729 5.871 6.012 6.035 5.815 5.376 5.376 5.156 4.937 4.717 4.497 4.277 4.058 3.838 3.618 3.442 3.298 3.241 3.221 3.201 3.180 3.140 3.140 3.119 3.098 3.078 3.057 3.036 3.015 2.994 2.986 2.981 2.977 2.978 2.979 2.980 2.981 2.983 2.983 2.984 2.985 2.986 2.987 2.981
7.071 6.972 6.874 6.775 6.677 6.578 6.578 6.286 6.117 5.948 5.779 5.610 5.430 5.244 5.059 4.873 4.688 4.503 4.317 4.132 3.947 3.761 3.761 3.980 4.153 4.327 4.501 4.675 4.849 5.023 5.187 5.328 5.469 5.611 5.752 5.893 6.035 5.852 5.413 5.413 5.193 4.973 4.754 4.534 4.314 4.095 3.875 3.679 3.534 3.390 3.288 3.267 3.247 3.227 3.187 3.186 3.166 3.146 3.126 3.106 3.085 3.064 3.043 3.031 3.028 3.029 3.030 3.031 3.032 3.033 3.035 3.035 3.036 3.037 3.038 3.039 3.036
7.121 7.022 6.924 6.825 6.727 6.628 6.628 6.352 6.183 6.014 5.845 5.668 5.482 5.297 5.111 4.926 4.741 4.555 4.370 4.185 3.999 3.814 3.814 3.886 4.060 4.234 4.408 4.582 4.755 4.927 5.068 5.209 5.351 5.492 5.633 5.775 5.916 5.889 5.450 5.450 5.230 5.010 4.791 4.571 4.351 4.131 3.915 3.770 3.626 3.482 3.338 3.314 3.294 3.273 3.233 3.233 3.213 3.193 3.172 3.152 3.132 3.112 3.091 3.078 3.079 3.080 3.081 3.082 3.084 3.085 3.087 3.087 3.088 3.089 3.090 3.091 3.091
7.171 7.072 6.974 6.875 6.777 6.679 6.679 6.419 6.250 6.081 5.906 5.720 5.535 5.349 5.164 4.979 4.793 4.608 4.422 4.237 4.052 3.866 3.866 3.793 3.967 4.140 4.314 4.488 4.662 4.808 4.949 5.091 5.232 5.373 5.515 5.656 5.797 5.926 5.487 5.487 5.267 5.047 4.828 4.608 4.388 4.168 4.007 3.862 3.718 3.574 3.430 3.360 3.340 3.320 3.280 3.279 3.259 3.239 3.219 3.199 3.178 3.158 3.115 3.063 3.089 3.114 3.133 3.134 3.135 3.136 3.139 3.138 3.139 3.140 3.142 3.143 3.144
6.992 7.007 7.021 6.926 6.827 6.729 6.729 6.485 6.316 6.143 5.958 5.773 5.587 5.402 5.217 5.031 4.846 4.661 4.475 4.290 4.104 3.919 3.919 3.699 3.873 4.047 4.221 4.395 4.548 4.690 4.831 4.972 5.114 5.255 5.396 5.538 5.679 5.820 5.524 5.524 5.304 5.084 4.864 4.645 4.425 4.243 4.098 3.954 3.810 3.666 3.522 3.407 3.386 3.366 3.326 3.326 3.306 3.285 3.265 3.245 3.225 3.177 3.109 3.042 3.068 3.093 3.119 3.145 3.171 3.188 3.190 3.190 3.191 3.192 3.193 3.194 3.195
6.992 7.007 7.021 6.926 6.827 6.729 6.729 6.485 6.316 6.143 5.958 5.773 5.587 5.402 5.217 5.031 4.846 4.661 4.475 4.290 4.104 3.919 3.919 3.699 3.873 4.047 4.221 4.395 4.548 4.690 4.831 4.972 5.114 5.255 5.396 5.538 5.679 5.820 5.524 5.524 5.304 5.084 4.864 4.645 4.425 4.243 4.098 3.954 3.810 3.666 3.522 3.407 3.386 3.366 3.326 3.326 3.306 3.286 3.265 3.245 3.225 3.177 3.109 3.042 3.068 3.093 3.119 3.145 3.171 3.188 3.190 3.190 3.191 3.192 3.193 3.194 3.195
6.802 6.816 6.831 6.845 6.859 6.779 6.779 6.552 6.381 6.196 6.011 5.825 5.640 5.455 5.269 5.084 4.898 4.713 4.528 4.342 4.157 3.972 3.972 3.606 3.780 3.953 4.127 4.288 4.430 4.571 4.712 4.854 4.995 5.136 5.278 5.419 5.560 5.702 5.560 5.560 5.341 5.121 4.901 4.682 4.479 4.335 4.190 4.046 3.902 3.758 3.614 3.469 3.433 3.413 3.372 3.372 3.352 3.332 3.312 3.292 3.238 3.170 3.103 3.035 3.047 3.073 3.098 3.124 3.150 3.176 3.227 3.227 3.243 3.244 3.245 3.246 3.247
6.611 6.625 6.640 6.654 6.669 6.683 6.683 6.618 6.434 6.249 6.063 5.878 5.692 5.507 5.322 5.136 4.951 4.766 4.580 4.395 4.210 4.024 4.024 3.654 3.686 3.860 4.028 4.170 4.311 4.452 4.594 4.735 4.876 5.018 5.159 5.300 5.442 5.583 5.597 5.597 5.378 5.158 4.938 4.719 4.571 4.426 4.282 4.138 3.994 3.850 3.706 3.561 3.479 3.459 3.419 3.419 3.399 3.378 3.358 3.299 3.231 3.164 3.096 3.029 3.026 3.052 3.078 3.103 3.129 3.155 3.206 3.206 3.232 3.258 3.283 3.298 3.299
6.229 6.244 6.258 6.273 6.302 6.376 6.376 6.513 6.555 6.369 6.182 5.996 5.809 5.623 5.437 5.250 5.064 4.877 4.691 4.505 4.318 4.132 4.132 3.759 3.573 3.650 3.791 3.933 4.074 4.215 4.357 4.498 4.639 4.781 4.922 5.063 5.205 5.346 5.629 5.629 5.451 5.232 5.043 4.899 4.755 4.610 4.466 4.322 4.178 4.034 3.889 3.745 3.601 3.552 3.512 3.512 3.489 3.421 3.354 3.286 3.219 3.151 3.084 3.016 2.985 3.010 3.036 3.062 3.087 3.113 3.165 3.165 3.190 3.216 3.242 3.267 3.298
6.039 6.053 6.071 6.145 6.218 6.292 6.292 6.425 6.480 6.431 6.244 6.058 5.872 5.685 5.499 5.313 5.126 4.940 4.753 4.567 4.381 4.194 4.194 3.822 3.712 3.749 3.856 3.963 4.070 4.177 4.284 4.391 4.521 4.662 4.803 4.945 5.086 5.227 5.510 5.510 5.488 5.279 5.135 4.991 4.846 4.702 4.558 4.414 4.270 4.125 3.981 3.837 3.693 3.599 3.550 3.550 3.482 3.415 3.347 3.280 3.212 3.145 3.077 3.010 2.964 2.989 3.015 3.041 3.067 3.092 3.144 3.144 3.169 3.195 3.221 3.259 3.318
5.848 5.913 5.987 6.061 6.134 6.208 6.208 6.336 6.391 6.446 6.307 6.120 5.934 5.748 5.561 5.375 5.189 5.002 4.816 4.629 4.443 4.257 4.257 3.904 3.904 3.904 3.999 4.106 4.213 4.320 4.428 4.535 4.642 4.749 4.856 4.963 5.070 5.177 5.392 5.392 5.525 5.371 5.227 5.082 4.938 4.794 4.650 4.506 4.362 4.217 4.073 3.929 3.785 3.645 3.543 3.543 3.476 3.408 3.341 3.273 3.206 3.138 3.071 3.003 2.943 2.969 2.994 3.020 3.046 3.072 3.123 3.123 3.149 3.174 3.220 3.279 3.339
5.755 5.829 5.903 5.977 6.050 6.124 6.124 6.248 6.303 6.357 6.369 6.183 5.996 5.810 5.624 5.437 5.251 5.065 4.878 4.692 4.505 4.319 4.319 4.095 4.095 4.095 4.142 4.249 4.357 4.464 4.571 4.678 4.785 4.892 4.999 5.106 5.213 5.321 5.535 5.535 5.493 5.344 5.204 5.064 4.924 4.783 4.643 4.503 4.363 4.222 4.082 3.942 3.801 3.661 3.537 3.537 3.469 3.402 3.335 3.267 3.200 3.132 3.065 2.997 2.930 2.948 2.974 2.999 3.025 3.051 3.102 3.102 3.128 3.181 3.241 3.300 3.359
5.671 5.745 5.819 5.893 5.967 6.040 6.040 6.159 6.214 6.269 6.324 6.245 6.059 5.872 5.686 5.500 5.313 5.127 4.940 4.754 4.568 4.382 4.382 4.287 4.287 4.287 4.287 4.393 4.500 4.607 4.714 4.821 4.928 5.035 5.142 5.250 5.357 5.464 5.607 5.607 5.453 5.298 5.155 5.015 4.875 4.734 4.594 4.454 4.313 4.173 4.033 3.893 3.752 3.632 3.520 3.520 3.463 3.396 3.328 3.261 3.193 3.126 3.058 2.991 2.923 2.927 2.953 2.979 3.004 3.030 3.083 3.083 3.142 3.202 3.261 3.321 3.380
5.587 5.661 5.735 5.809 5.883 5.956 5.956 6.071 6.126 6.180 6.235 6.290 6.121 5.935 5.748 5.562 5.376 5.189 5.003 4.816 4.630 4.479 4.479 4.479 4.479 4.479 4.479 4.536 4.643 4.750 4.857 4.964 5.071 5.179 5.286 5.393 5.500 5.607 5.567 5.567 5.412 5.258 5.106 4.966 4.825 4.685 4.545 4.405 4.264 4.124 3.984 3.844 3.703 3.604 3.492 3.492 3.436 3.380 3.322 3.254 3.187 3.119 3.052 2.984 2.917 2.906 2.932 2.958 2.983 3.009 3.104 3.104 3.163 3.222 3.282 3.341 3.401
5.503 5.577 5.651 5.725 5.799 5.872 5.872 5.982 6.037 6.092 6.147 6.201 6.183 5.997 5.811 5.624 5.438 5.252 5.065 4.879 4.693 4.670 4.670 4.670 4.670 4.670 4.670 4.679 4.786 4.893 5.000 5.108 5.215 5.322 5.429 5.536 5.643 5.750 5.527 5.527 5.372 5.217 5.063 4.916 4.776 4.636 4.496 4.355 4.215 4.075 3.935 3.794 3.654 3.577 3.465 3.464 3.408 3.352 3.296 3.240 3.180 3.113 3.045 2.978 2.911 2.885 2.911 2.937 2.963 3.005 3.124 3.124 3.184 3.243 3.303 3.362 3.421
5.419 5.493 5.567 5.641 5.715 5.784 5.784 5.894 5.949 6.003 6.058 6.113 6.168 6.059 5.873 5.687 5.500 5.314 5.128 4.941 4.862 4.862 4.862 4.862 4.862 4.862 4.862 4.862 4.930 5.037 5.144 5.251 5.358 5.465 5.572 5.679 5.786 5.796 5.486 5.486 5.332 5.177 5.023 4.868 4.727 4.587 4.447 4.306 4.166 4.026 3.886 3.745 3.605 3.549 3.437 3.437 3.381 3.325 3.269 3.213 3.157 3.100 3.039 2.972 2.904 2.865 2.890 2.916 2.967 3.026 3.145 3.145 3.204 3.264 3.323 3.383 3.442
5.335 5.409 5.483 5.557 5.631 5.696 5.696 5.805 5.860 5.915 5.970 6.024 6.079 6.122 5.935 5.749 5.563 5.376 5.190 5.054 5.054 5.054 5.054 5.054 5.054 5.054 5.054 5.054 5.073 5.180 5.287 5.394 5.501 5.608 5.715 5.823 5.910 5.755 5.446 5.446 5.292 5.137 4.982 4.828 4.678 4.538 4.397 4.257 4.117 3.977 3.836 3.696 3.577 3.521 3.409 3.409 3.353 3.297 3.241 3.185 3.129 3.073 3.017 2.961 2.898 2.844 2.869 2.928 2.987 3.047 3.166 3.165 3.225 3.284 3.344 3.403 3.463
5.251 5.325 5.399 5.473 5.547 5.608 5.607 5.717 5.772 5.826 5.881 5.936 5.991 6.046 5.998 5.811 5.625 5.439 5.252 5.246 5.245 5.245 5.245 5.245 5.245 5.245 5.245 5.245 5.245 5.323 5.430 5.537 5.644 5.751 5.859 5.966 5.870 5.715 5.406 5.406 5.251 5.097 4.942 4.787 4.633 4.489 4.348 4.208 4.068 3.928 3.787 3.647 3.550 3.494 3.382 3.382 3.326 3.269 3.213 3.157 3.101 3.045 2.989 2.933 2.877 2.863 2.889 2.948 3.008 3.067 3.186 3.186 3.246 3.305 3.364 3.424 3.483
5.168 5.241 5.315 5.389 5.463 5.519 5.519 5.629 5.683 5.738 5.793 5.848 5.902 5.957 6.012 5.874 5.687 5.501 5.437 5.437 5.437 5.437 5.437 5.437 5.437 5.437 5.437 5.437 5.437 5.466 5.573 5.680 5.788 5.895 6.002 5.984 5.829 5.675 5.366 5.366 5.211 5.056 4.902 4.747 4.593 4.439 4.299 4.159 4.019 3.878 3.738 3.598 3.522 3.466 3.354 3.354 3.298 3.242 3.186 3.130 3.074 3.018 2.962 2.926 3.019 3.113 3.078 3.031 3.028 3.088 3.207 3.207 3.266 3.326 3.385 3.444 3.504
5.169 5.188 5.231 5.305 5.376 5.431 5.431 5.540 5.595 5.650 5.704 5.759 5.814 5.869 5.923 5.936 5.750 5.629 5.629 5.629 5.629 5.629 5.629 5.629 5.629 5.629 5.629 5.628 5.628 5.628 5.717 5.824 5.931 6.038 6.098 5.944 5.789 5.635 5.325 5.325 5.171 5.016 4.862 4.707 4.552 4.398 4.250 4.110 3.970 3.829 3.689 3.550 3.494 3.438 3.326 3.326 3.270 3.214 3.158 3.102 3.046 2.990 3.083 3.176 3.269 3.362 3.339 3.292 3.246 3.199 3.227 3.227 3.287 3.346 3.406 3.465 3.525
5.190 5.209 5.228 5.247 5.287 5.342 5.342 5.452 5.506 5.561 5.616 5.671 5.725 5.780 5.835 5.890 5.821 5.821 5.821 5.821 5.820 5.820 5.820 5.820 5.820 5.820 5.820 5.820 5.820 5.820 5.860 5.967 6.074 6.181 6.058 5.903 5.749 5.594 5.285 5.285 5.130 4.976 4.821 4.667 4.512 4.357 4.203 4.061 3.920 3.780 3.640 3.523 3.467 3.411 3.299 3.299 3.243 3.187 3.131 3.075 3.146 3.239 3.332 3.425 3.518 3.611 3.600 3.553 3.507 3.460 3.368 3.367 3.321 3.367 3.426 3.486 3.545
5.190 5.209 5.228 5.247 5.287 5.342 5.342 5.452 5.506 5.561 5.616 5.671 5.725 5.780 5.835 5.890 5.821 5.821 5.821 5.821 5.820 5.820 5.820 5.820 5.820 5.820 5.820 5.820 5.820 5.820 5.860 5.967 6.074 6.181 6.058 5.903 5.749 5.594 5.285 5.285 5.130 4.976 4.821 4.667 4.512 4.357 4.203 4.061 3.920 3.780 3.640 3.523 3.467 3.411 3.299 3.299 3.243 3.187 3.131 3.075 3.146 3.239 3.332 3.425 3.518 3.611 3.600 3.553 3.507 3.460 3.368 3.368 3.321 3.367 3.426 3.486 3.545
5.211 5.230 5.249 5.245 5.211 5.265 5.265 5.374 5.428 5.483 5.537 5.592 5.646 5.700 5.755 5.809 5.970 5.983 5.996 6.009 6.012 6.012 6.012 6.012 6.012 6.012 6.012 6.012 6.012 6.012 6.012 6.110 6.217 6.172 6.018 5.863 5.709 5.554 5.245 5.245 5.090 4.936 4.781 4.626 4.472 4.317 4.163 4.012 3.871 3.731 3.591 3.495 3.439 3.383 3.271 3.271 3.215 3.159 3.209 3.302 3.395 3.488 3.581 3.674 3.767 3.861 3.861 3.814 3.768 3.721 3.629 3.629 3.582 3.536 3.489 3.506 3.566
5.232 5.251 5.246 5.206 5.166 5.189 5.189 5.298 5.353 5.407 5.462 5.516 5.570 5.625 5.679 5.813 6.027 6.099 6.112 6.125 6.138 6.151 6.151 6.177 6.190 6.203 6.203 6.203 6.203 6.203 6.203 6.253 6.287 6.132 5.977 5.823 5.668 5.514 5.205 5.205 5.050 4.895 4.741 4.586 4.432 4.277 4.122 3.968 3.822 3.682 3.542 3.467 3.411 3.355 3.243 3.243 3.272 3.365 3.458 3.551 3.644 3.738 3.831 3.924 4.017 4.110 4.122 4.075 4.029 3.982 3.890 3.890 3.843 3.797 3.750 3.704 3.657
5.246 5.207 5.167 5.127 5.087 5.047 5.047 5.147 5.201 5.256 5.310 5.364 5.419 5.473 5.682 5.896 6.109 6.323 6.344 6.357 6.370 6.383 6.383 6.409 6.422 6.435 6.448 6.461 6.474 6.487 6.500 6.391 6.242 6.082 5.923 5.763 5.603 5.444 5.124 5.124 4.969 4.815 4.660 4.506 4.351 4.196 4.042 3.887 3.733 3.584 3.468 3.412 3.398 3.491 3.677 3.677 3.770 3.863 3.957 4.050 4.143 4.236 4.329 4.422 4.515 4.609 4.644 4.597 4.551 4.504 4.412 4.411 4.365 4.319 4.272 4.226 4.179
5.207 5.167 5.127 5.087 5.048 5.008 5.008 5.071 5.126 5.180 5.234 5.289 5.343 5.510 5.723 5.937 6.151 6.364 6.460 6.473 6.486 6.499 6.499 6.525 6.538 6.551 6.564 6.577 6.590 6.603 6.499 6.381 6.244 6.085 5.925 5.765 5.605 5.446 5.126 5.126 4.966 4.807 4.647 4.487 4.328 4.168 4.008 3.848 3.692 3.538 3.460 3.554 3.647 3.740 3.926 3.926 4.020 4.113 4.206 4.299 4.392 4.485 4.579 4.672 4.765 4.858 4.905 4.858 4.812 4.765 4.673 4.672 4.626 4.580 4.533 4.487 4.440
5.168 5.128 5.088 5.048 5.008 4.968 4.968 4.995 5.050 5.104 5.159 5.213 5.337 5.551 5.765 5.978 6.192 6.405 6.576 6.589 6.602 6.615 6.615 6.641 6.654 6.667 6.680 6.693 6.706 6.608 6.490 6.371 6.247 6.087 5.927 5.767 5.608 5.448 5.128 5.128 4.969 4.809 4.649 4.490 4.330 4.170 4.010 3.851 3.691 3.548 3.578 3.788 3.896 3.989 4.176 4.176 4.269 4.362 4.455 4.548 4.642 4.735 4.828 4.921 5.014 5.107 5.166 5.119 5.073 5.026 4.933 4.933 4.887 4.840 4.794 4.748 4.701
