includes/camargue/floodfiles/results_R2_t1.562345283857E12/res-0001.wd
ncols         906
nrows         631
xllcorner     362177.146667
yllcorner     6534725.688020
cellsize      20.000000
NODATA_value  -9999.000000
[rows 476 to 509 of 631, columns 693 to 769 of 906]
2.766 2.745 2.724 2.703 2.682 2.662 2.641 2.615 2.615 2.565 2.554 2.542 2.531 2.520 2.508 2.497 2.486 2.474 2.463 2.452 2.440 2.445 2.451 2.457 2.457 2.473 2.484 2.496 2.507 2.518 2.529 2.541 2.552 2.600 2.670 2.740 2.810 2.880 2.949 3.019 3.020 3.159 3.228 3.287 3.347 3.394 3.439 3.485 3.530 3.575 3.621 3.669 3.720 3.770 3.821 3.871 3.979 3.979 4.090 4.194 4.280 4.366 4.453 4.539 4.625 4.712 4.798 4.884 4.971 5.057 5.152 5.260 5.476 5.476 5.584 5.692 5.804
2.774 2.753 2.732 2.711 2.690 2.669 2.648 2.626 2.626 2.587 2.576 2.564 2.553 2.541 2.530 2.519 2.507 2.496 2.485 2.474 2.462 2.460 2.466 2.471 2.472 2.493 2.504 2.516 2.527 2.538 2.549 2.561 2.572 2.618 2.688 2.758 2.827 2.897 2.967 3.037 3.037 3.176 3.246 3.316 3.374 3.419 3.466 3.516 3.567 3.617 3.667 3.718 3.768 3.819 3.869 3.919 4.050 4.050 4.160 4.271 4.371 4.457 4.543 4.630 4.716 4.802 4.889 4.975 5.061 5.148 5.250 5.358 5.574 5.574 5.682 5.790 5.898
2.786 2.765 2.744 2.724 2.703 2.682 2.661 2.633 2.633 2.590 2.582 2.574 2.566 2.558 2.550 2.542 2.533 2.525 2.517 2.509 2.501 2.493 2.499 2.510 2.511 2.533 2.544 2.555 2.567 2.578 2.589 2.600 2.612 2.653 2.723 2.793 2.862 2.932 3.002 3.076 3.076 3.249 3.336 3.422 3.470 3.512 3.563 3.613 3.664 3.714 3.765 3.815 3.865 3.916 3.966 4.016 4.190 4.190 4.301 4.411 4.522 4.632 4.725 4.811 4.898 4.984 5.070 5.157 5.243 5.338 5.446 5.554 5.770 5.770 5.878 5.986 6.094
2.791 2.770 2.750 2.729 2.708 2.687 2.666 2.622 2.623 2.561 2.553 2.545 2.537 2.529 2.521 2.513 2.505 2.496 2.488 2.480 2.472 2.499 2.562 2.565 2.565 2.570 2.573 2.576 2.587 2.598 2.609 2.620 2.632 2.670 2.740 2.810 2.887 2.973 3.060 3.146 3.147 3.320 3.406 3.482 3.525 3.567 3.611 3.662 3.712 3.763 3.813 3.863 3.914 3.964 4.015 4.065 4.260 4.261 4.371 4.482 4.592 4.703 4.813 4.902 4.989 5.075 5.161 5.248 5.334 5.435 5.543 5.652 5.867 5.868 5.976 6.084 6.192
2.796 2.776 2.755 2.734 2.713 2.692 2.657 2.612 2.612 2.532 2.524 2.516 2.508 2.500 2.492 2.484 2.475 2.467 2.459 2.451 2.448 2.531 2.614 2.634 2.634 2.639 2.642 2.645 2.647 2.650 2.653 2.655 2.658 2.697 2.784 2.870 2.957 3.044 3.130 3.217 3.217 3.390 3.477 3.537 3.580 3.622 3.665 3.710 3.761 3.811 3.862 3.912 3.962 4.013 4.063 4.113 4.331 4.331 4.441 4.552 4.662 4.773 4.883 4.993 5.079 5.166 5.252 5.338 5.425 5.533 5.641 5.749 5.965 5.965 6.073 6.181 6.289
2.802 2.781 2.760 2.739 2.718 2.693 2.647 2.602 2.602 2.511 2.495 2.487 2.479 2.471 2.463 2.455 2.447 2.438 2.431 2.423 2.481 2.564 2.647 2.702 2.703 2.708 2.711 2.713 2.716 2.719 2.721 2.724 2.730 2.780 2.854 2.941 3.028 3.114 3.201 3.287 3.288 3.461 3.547 3.592 3.635 3.678 3.720 3.763 3.809 3.860 3.910 3.960 4.011 4.061 4.112 4.180 4.401 4.401 4.512 4.622 4.733 4.843 4.954 5.064 5.170 5.256 5.343 5.429 5.523 5.631 5.739 5.847 6.063 6.063 6.171 6.279 6.387
2.807 2.786 2.765 2.744 2.723 2.682 2.637 2.592 2.592 2.501 2.466 2.458 2.450 2.442 2.434 2.426 2.418 2.410 2.402 2.431 2.514 2.597 2.679 2.762 2.763 2.777 2.779 2.782 2.785 2.787 2.790 2.793 2.827 2.877 2.927 3.012 3.098 3.185 3.271 3.358 3.358 3.531 3.605 3.647 3.690 3.733 3.775 3.818 3.860 3.908 3.959 4.009 4.059 4.110 4.160 4.250 4.471 4.471 4.582 4.692 4.803 4.913 5.024 5.134 5.245 5.347 5.433 5.520 5.621 5.729 5.837 5.945 6.161 6.161 6.269 6.377 6.495
2.812 2.791 2.770 2.749 2.718 2.672 2.627 2.581 2.582 2.491 2.445 2.429 2.421 2.413 2.405 2.397 2.389 2.381 2.381 2.464 2.546 2.629 2.712 2.795 2.795 2.845 2.848 2.851 2.854 2.856 2.859 2.874 2.924 2.975 3.025 3.082 3.169 3.255 3.342 3.429 3.429 3.602 3.660 3.703 3.745 3.788 3.830 3.873 3.916 3.958 4.007 4.058 4.108 4.158 4.210 4.321 4.541 4.542 4.652 4.763 4.873 4.984 5.094 5.204 5.315 5.425 5.524 5.611 5.719 5.827 5.935 6.043 6.278 6.278 6.398 6.517 6.637
2.817 2.796 2.775 2.753 2.708 2.662 2.617 2.571 2.572 2.481 2.435 2.400 2.392 2.384 2.376 2.368 2.360 2.352 2.413 2.496 2.579 2.662 2.745 2.828 2.828 2.914 2.917 2.920 2.922 2.925 2.928 2.972 3.022 3.072 3.122 3.173 3.239 3.326 3.412 3.499 3.499 3.672 3.715 3.758 3.800 3.843 3.885 3.928 3.971 4.013 4.056 4.106 4.156 4.207 4.280 4.391 4.612 4.612 4.722 4.833 4.943 5.054 5.164 5.275 5.385 5.496 5.606 5.708 5.822 5.941 6.061 6.181 6.420 6.421 6.540 6.660 6.780
2.822 2.801 2.781 2.743 2.697 2.652 2.606 2.561 2.561 2.470 2.425 2.380 2.363 2.355 2.347 2.339 2.331 2.363 2.446 2.529 2.612 2.695 2.777 2.860 2.860 2.983 2.986 2.988 2.991 2.994 3.019 3.069 3.119 3.170 3.220 3.270 3.320 3.397 3.483 3.570 3.570 3.728 3.770 3.813 3.855 3.898 3.941 3.983 4.026 4.068 4.111 4.154 4.205 4.255 4.351 4.461 4.682 4.682 4.793 4.903 5.013 5.124 5.234 5.345 5.455 5.565 5.675 5.831 5.964 6.084 6.204 6.324 6.563 6.563 6.683 6.803 6.922
2.827 2.807 2.778 2.733 2.687 2.642 2.596 2.551 2.551 2.460 2.415 2.369 2.334 2.326 2.318 2.310 2.313 2.396 2.479 2.561 2.644 2.727 2.810 2.893 2.893 3.052 3.054 3.057 3.060 3.066 3.117 3.167 3.217 3.267 3.317 3.367 3.418 3.468 3.554 3.640 3.640 3.783 3.825 3.868 3.911 3.953 3.996 4.038 4.081 4.123 4.166 4.209 4.253 4.310 4.421 4.531 4.752 4.752 4.863 4.973 5.083 5.193 5.303 5.413 5.523 5.634 5.747 5.923 6.099 6.227 6.346 6.466 6.706 6.706 6.825 6.945 7.065
2.833 2.812 2.768 2.722 2.677 2.632 2.586 2.541 2.541 2.450 2.405 2.359 2.314 2.297 2.289 2.281 2.345 2.428 2.511 2.594 2.677 2.760 2.843 2.926 2.926 3.091 3.123 3.126 3.129 3.164 3.214 3.264 3.314 3.364 3.415 3.465 3.515 3.565 3.624 3.711 3.711 3.838 3.881 3.923 3.966 4.008 4.051 4.093 4.136 4.178 4.221 4.264 4.306 4.380 4.491 4.601 4.821 4.821 4.931 5.041 5.151 5.262 5.372 5.482 5.592 5.702 5.840 6.016 6.192 6.368 6.489 6.609 6.848 6.848 6.968 7.088 7.208
2.838 2.803 2.758 2.712 2.667 2.621 2.576 2.531 2.531 2.440 2.394 2.349 2.304 2.268 2.260 2.295 2.378 2.461 2.544 2.627 2.710 2.792 2.875 2.958 2.958 3.124 3.192 3.194 3.211 3.261 3.311 3.362 3.412 3.462 3.512 3.562 3.612 3.663 3.713 3.781 3.781 3.893 3.936 3.978 4.021 4.063 4.109 4.177 4.245 4.313 4.381 4.449 4.517 4.496 4.559 4.669 4.889 4.890 5.000 5.110 5.220 5.330 5.440 5.550 5.661 5.771 5.932 6.108 6.284 6.460 6.632 6.751 6.991 6.991 7.111 7.230 7.350
2.838 2.793 2.747 2.702 2.657 2.611 2.566 2.520 2.521 2.430 2.384 2.339 2.293 2.248 2.245 2.328 2.411 2.494 2.576 2.659 2.742 2.825 2.908 2.991 2.991 3.156 3.239 3.263 3.308 3.359 3.409 3.459 3.509 3.559 3.610 3.660 3.710 3.760 3.810 3.860 3.860 3.989 4.057 4.125 4.193 4.261 4.329 4.397 4.465 4.533 4.601 4.669 4.702 4.672 4.642 4.738 4.958 4.958 5.068 5.178 5.288 5.399 5.509 5.619 5.729 5.849 6.025 6.201 6.377 6.553 6.728 6.894 7.133 7.133 7.253 7.373 7.493
2.829 2.783 2.738 2.693 2.647 2.602 2.556 2.511 2.511 2.420 2.375 2.329 2.284 2.239 2.278 2.361 2.444 2.527 2.610 2.692 2.775 2.858 2.941 3.024 3.024 3.189 3.272 3.357 3.407 3.457 3.508 3.558 3.609 3.659 3.709 3.760 3.810 3.860 3.911 3.988 3.988 4.209 4.277 4.345 4.413 4.481 4.548 4.616 4.684 4.752 4.820 4.888 4.879 4.849 4.819 4.806 5.026 5.026 5.137 5.247 5.357 5.467 5.577 5.687 5.798 5.941 6.117 6.293 6.469 6.645 6.821 6.997 7.276 7.276 7.396 7.516 7.635
2.806 2.775 2.729 2.684 2.638 2.593 2.548 2.502 2.502 2.411 2.366 2.321 2.275 2.268 2.321 2.395 2.478 2.561 2.643 2.726 2.809 2.892 2.974 3.057 3.057 3.223 3.309 3.432 3.508 3.558 3.609 3.659 3.710 3.760 3.810 3.861 3.911 3.961 4.012 4.144 4.144 4.428 4.496 4.564 4.632 4.700 4.768 4.836 4.904 4.972 5.040 5.086 5.056 5.025 4.995 4.965 5.095 5.095 5.205 5.315 5.425 5.536 5.646 5.756 5.866 6.034 6.210 6.386 6.562 6.738 6.913 7.089 7.419 7.419 7.538 7.658 7.778
2.806 2.775 2.729 2.684 2.639 2.593 2.548 2.502 2.502 2.411 2.366 2.321 2.275 2.268 2.321 2.395 2.478 2.561 2.643 2.726 2.809 2.892 2.974 3.057 3.057 3.223 3.309 3.432 3.508 3.558 3.609 3.659 3.709 3.760 3.810 3.860 3.911 3.961 4.012 4.144 4.144 4.428 4.496 4.564 4.632 4.700 4.768 4.836 4.904 4.972 5.040 5.086 5.055 5.025 4.995 4.964 5.095 5.095 5.205 5.315 5.425 5.535 5.645 5.756 5.866 6.034 6.210 6.385 6.561 6.737 6.913 7.089 7.418 7.418 7.538 7.658 7.778
2.781 2.765 2.721 2.675 2.630 2.584 2.539 2.493 2.494 2.403 2.357 2.312 2.267 2.318 2.371 2.429 2.512 2.594 2.677 2.760 2.843 2.925 3.008 3.091 3.091 3.256 3.367 3.490 3.609 3.659 3.710 3.760 3.810 3.861 3.911 3.962 4.012 4.062 4.141 4.300 4.300 4.619 4.715 4.783 4.851 4.919 4.987 5.055 5.123 5.191 5.259 5.262 5.232 5.202 5.171 5.141 5.163 5.163 5.273 5.384 5.494 5.604 5.714 5.824 5.950 6.126 6.302 6.478 6.654 6.830 7.006 7.182 7.534 7.534 7.681 7.801 7.920
2.729 2.713 2.698 2.657 2.612 2.566 2.521 2.476 2.476 2.385 2.339 2.311 2.364 2.418 2.471 2.524 2.579 2.662 2.745 2.827 2.910 2.993 3.076 3.158 3.159 3.358 3.482 3.605 3.729 3.852 3.912 3.962 4.012 4.063 4.113 4.163 4.214 4.294 4.453 4.613 4.613 4.931 5.091 5.223 5.291 5.359 5.426 5.494 5.562 5.630 5.646 5.615 5.585 5.555 5.525 5.494 5.433 5.434 5.411 5.521 5.631 5.741 5.851 5.961 6.135 6.311 6.487 6.663 6.839 7.015 7.191 7.367 7.719 7.719 7.895 8.071 8.206
2.703 2.687 2.672 2.649 2.603 2.558 2.512 2.467 2.467 2.376 2.331 2.361 2.414 2.467 2.521 2.574 2.627 2.696 2.778 2.861 2.944 3.027 3.109 3.192 3.192 3.416 3.539 3.663 3.786 3.910 4.013 4.063 4.113 4.164 4.214 4.264 4.315 4.450 4.610 4.769 4.769 5.088 5.247 5.406 5.510 5.578 5.646 5.714 5.782 5.850 5.822 5.792 5.762 5.731 5.701 5.671 5.610 5.610 5.580 5.589 5.699 5.810 5.920 6.052 6.228 6.404 6.580 6.756 6.932 7.108 7.284 7.460 7.811 7.811 7.987 8.163 8.339
2.677 2.661 2.646 2.631 2.594 2.549 2.503 2.458 2.458 2.367 2.358 2.411 2.464 2.517 2.571 2.624 2.677 2.730 2.812 2.895 2.978 3.060 3.143 3.227 3.227 3.474 3.597 3.721 3.844 3.967 4.091 4.164 4.214 4.265 4.315 4.365 4.447 4.606 4.766 4.925 4.925 5.244 5.403 5.562 5.722 5.798 5.865 5.933 6.001 6.029 5.999 5.968 5.938 5.908 5.878 5.847 5.786 5.787 5.756 5.726 5.768 5.878 5.988 6.144 6.320 6.496 6.672 6.848 7.024 7.200 7.376 7.552 7.904 7.904 8.083 8.262 8.442
2.651 2.635 2.620 2.605 2.585 2.540 2.495 2.449 2.449 2.358 2.408 2.461 2.514 2.567 2.620 2.674 2.727 2.780 2.846 2.929 3.011 3.094 3.177 3.284 3.284 3.531 3.655 3.778 3.902 4.025 4.148 4.265 4.315 4.366 4.416 4.466 4.603 4.763 4.922 5.081 5.081 5.400 5.559 5.718 5.878 6.017 6.085 6.153 6.221 6.206 6.175 6.145 6.115 6.084 6.054 6.024 5.963 5.963 5.933 5.902 5.872 5.947 6.061 6.237 6.413 6.589 6.765 6.941 7.117 7.295 7.474 7.654 8.013 8.013 8.193 8.372 8.557
2.625 2.609 2.594 2.579 2.564 2.531 2.486 2.440 2.441 2.404 2.457 2.511 2.564 2.617 2.670 2.723 2.777 2.830 2.883 2.962 3.045 3.128 3.218 3.342 3.342 3.589 3.712 3.836 3.959 4.083 4.206 4.329 4.416 4.467 4.517 4.600 4.759 4.919 5.078 5.237 5.237 5.556 5.715 5.874 6.034 6.193 6.304 6.372 6.413 6.382 6.352 6.322 6.291 6.261 6.231 6.200 6.140 6.140 6.109 6.079 6.049 6.018 6.153 6.329 6.506 6.686 6.866 7.045 7.225 7.405 7.584 7.764 8.123 8.123 8.302 8.482 8.693
2.599 2.583 2.568 2.553 2.538 2.522 2.477 2.431 2.432 2.454 2.507 2.561 2.614 2.667 2.720 2.773 2.826 2.880 2.933 2.996 3.079 3.161 3.276 3.399 3.400 3.646 3.770 3.893 4.017 4.140 4.263 4.387 4.510 4.568 4.618 4.756 4.916 5.075 5.234 5.393 5.394 5.712 5.871 6.031 6.190 6.349 6.509 6.592 6.589 6.559 6.528 6.498 6.468 6.437 6.407 6.377 6.317 6.317 6.289 6.260 6.232 6.203 6.257 6.437 6.616 6.796 6.976 7.155 7.335 7.514 7.694 7.874 8.233 8.233 8.412 8.592 8.828
2.573 2.558 2.542 2.527 2.512 2.496 2.468 2.423 2.423 2.504 2.557 2.610 2.664 2.717 2.770 2.823 2.876 2.929 2.983 3.036 3.112 3.210 3.334 3.457 3.457 3.704 3.827 3.951 4.074 4.198 4.321 4.445 4.568 4.669 4.753 4.912 5.072 5.231 5.390 5.550 5.550 5.868 6.027 6.187 6.346 6.505 6.665 6.797 6.768 6.739 6.711 6.682 6.654 6.625 6.597 6.568 6.511 6.511 6.482 6.454 6.425 6.417 6.443 6.547 6.726 6.906 7.085 7.265 7.445 7.624 7.804 7.984 8.343 8.343 8.522 8.702 8.963
2.547 2.532 2.516 2.501 2.486 2.470 2.455 2.447 2.448 2.554 2.607 2.660 2.713 2.767 2.820 2.873 2.926 2.979 3.032 3.085 3.146 3.268 3.391 3.515 3.515 3.762 3.885 4.008 4.132 4.255 4.380 4.509 4.639 4.769 4.930 5.100 5.269 5.438 5.607 5.776 5.776 6.115 6.284 6.453 6.622 6.792 6.961 6.991 6.962 6.933 6.905 6.876 6.847 6.819 6.790 6.762 6.705 6.705 6.676 6.648 6.619 6.639 6.665 6.691 6.836 7.016 7.195 7.375 7.555 7.734 7.914 8.093 8.452 8.453 8.632 8.835 9.099
2.570 2.558 2.546 2.534 2.523 2.511 2.499 2.563 2.563 2.673 2.727 2.782 2.837 2.891 2.946 3.001 3.055 3.110 3.165 3.219 3.351 3.502 3.632 3.762 3.762 4.021 4.151 4.281 4.410 4.540 4.670 4.799 4.929 5.071 5.232 5.402 5.571 5.740 5.909 6.078 6.079 6.417 6.586 6.755 6.924 7.094 7.216 7.186 7.156 7.127 7.098 7.070 7.041 7.013 6.984 6.955 6.898 6.898 6.870 6.841 6.834 6.860 6.886 6.912 6.946 7.126 7.305 7.485 7.664 7.844 8.024 8.203 8.562 8.562 8.742 8.970 9.234
2.673 2.661 2.649 2.638 2.626 2.614 2.646 2.724 2.724 2.839 2.894 2.949 3.003 3.058 3.113 3.167 3.222 3.277 3.331 3.402 3.601 3.792 3.922 4.052 4.052 4.311 4.441 4.571 4.700 4.830 4.960 5.089 5.219 5.378 5.539 5.704 5.873 6.042 6.211 6.380 6.381 6.719 6.888 7.057 7.227 7.396 7.411 7.380 7.350 7.320 7.292 7.263 7.235 7.206 7.178 7.149 7.092 7.092 7.063 7.035 7.055 7.082 7.107 7.133 7.159 7.236 7.415 7.595 7.774 7.954 8.133 8.313 8.672 8.672 8.852 9.106 9.370
2.776 2.764 2.753 2.741 2.729 2.723 2.800 2.878 2.878 3.006 3.061 3.115 3.170 3.225 3.279 3.334 3.389 3.443 3.498 3.652 3.851 4.050 4.212 4.342 4.342 4.601 4.731 4.861 4.990 5.120 5.250 5.380 5.525 5.686 5.846 6.006 6.175 6.344 6.513 6.683 6.683 7.021 7.190 7.359 7.529 7.636 7.605 7.575 7.545 7.515 7.486 7.457 7.429 7.400 7.371 7.343 7.286 7.286 7.257 7.251 7.277 7.303 7.329 7.355 7.381 7.407 7.525 7.705 7.884 8.064 8.243 8.423 8.782 8.782 8.977 9.241 9.505
2.879 2.868 2.856 2.844 2.833 2.877 2.954 3.032 3.032 3.173 3.228 3.282 3.337 3.392 3.446 3.501 3.555 3.610 3.703 3.902 4.101 4.301 4.500 4.632 4.632 4.891 5.021 5.151 5.280 5.410 5.540 5.672 5.833 5.993 6.153 6.314 6.477 6.646 6.815 6.985 6.985 7.323 7.492 7.661 7.831 7.830 7.800 7.770 7.740 7.710 7.679 7.651 7.622 7.594 7.565 7.537 7.479 7.479 7.451 7.472 7.498 7.524 7.550 7.576 7.602 7.628 7.654 7.814 7.994 8.174 8.353 8.533 8.892 8.892 9.113 9.377 9.641
2.983 2.971 2.959 2.947 2.954 3.031 3.108 3.185 3.186 3.340 3.394 3.449 3.504 3.558 3.613 3.667 3.722 3.777 3.953 4.152 4.352 4.551 4.750 4.922 4.922 5.181 5.311 5.441 5.571 5.700 5.830 5.979 6.140 6.300 6.461 6.621 6.782 6.948 7.117 7.287 7.287 7.625 7.794 7.963 8.055 8.025 7.995 7.965 7.935 7.904 7.874 7.845 7.816 7.787 7.759 7.730 7.673 7.673 7.668 7.694 7.720 7.746 7.772 7.798 7.824 7.850 7.875 7.924 8.104 8.284 8.463 8.643 9.002 9.002 9.248 9.512 9.776
3.086 3.074 3.062 3.051 3.108 3.185 3.262 3.339 3.340 3.494 3.561 3.616 3.670 3.725 3.780 3.834 3.889 4.004 4.203 4.403 4.602 4.801 5.000 5.199 5.199 5.471 5.601 5.731 5.861 5.990 6.126 6.287 6.447 6.608 6.768 6.929 7.089 7.250 7.419 7.589 7.589 7.927 8.096 8.265 8.250 8.220 8.190 8.159 8.129 8.099 8.069 8.039 8.010 7.981 7.953 7.924 7.867 7.867 7.889 7.915 7.941 7.967 7.993 8.019 8.045 8.071 8.097 8.123 8.214 8.393 8.573 8.753 9.119 9.119 9.384 9.648 9.912
3.086 3.074 3.062 3.051 3.108 3.185 3.262 3.339 3.339 3.494 3.561 3.616 3.670 3.725 3.779 3.834 3.889 4.004 4.203 4.402 4.601 4.800 5.000 5.199 5.199 5.471 5.601 5.731 5.860 5.990 6.126 6.287 6.447 6.608 6.768 6.928 7.089 7.250 7.419 7.589 7.589 7.927 8.096 8.265 8.250 8.220 8.189 8.159 8.129 8.099 8.069 8.039 8.010 7.981 7.953 7.924 7.867 7.867 7.889 7.915 7.941 7.967 7.993 8.019 8.045 8.071 8.097 8.123 8.214 8.393 8.573 8.752 9.119 9.119 9.383 9.648 9.912
3.189 3.177 3.166 3.184 3.262 3.339 3.416 3.493 3.493 3.648 3.725 3.782 3.837 3.891 3.946 4.001 4.055 4.254 4.453 4.653 4.852 5.051 5.250 5.449 5.449 5.761 5.891 6.021 6.151 6.280 6.434 6.594 6.755 6.915 7.075 7.236 7.396 7.557 7.721 7.891 7.891 8.229 8.398 8.475 8.444 8.414 8.384 8.354 8.324 8.294 8.264 8.233 8.203 8.175 8.146 8.118 8.085 8.085 8.111 8.137 8.162 8.188 8.214 8.240 8.266 8.292 8.318 8.344 8.370 8.503 8.683 8.862 9.255 9.255 9.519 9.783 10.047
