includes/camargue/floodfiles/results_R2_t1.562345283857E12/res-0003.wdfp
ncols         906
nrows         631
xllcorner     362177.146667
yllcorner     6534725.688020
cellsize      20.000000
NODATA_value  -9999.000000
[rows 544 to 577 of 631, columns 77 to 153 of 906]
11.565 12.030 12.390 12.787 12.954 13.120 13.287 13.454 13.621 13.787 13.954 13.424 13.424 12.743 12.061 11.480 11.257 11.034 10.811 10.588 10.366 10.143 9.952 9.871 9.790 9.706 9.537 9.200 9.200 9.031 8.863 8.776 8.817 8.840 8.853 8.866 8.879 8.892 8.946 9.042 9.138 9.234 9.464 10.015 10.015 10.291 10.560 10.805 11.050 11.295 11.540 11.785 11.697 11.469 11.241 11.110 11.160 11.210 11.259 11.309 11.309 11.408 11.457 11.211 10.946 10.525 10.104 9.684 9.263 8.842 8.422 8.039 7.668 7.848 8.130 8.441 8.441
11.164 11.488 11.815 12.223 12.631 13.038 13.322 13.489 13.656 13.823 13.989 13.752 13.752 13.071 12.390 12.124 11.901 11.678 11.455 11.232 11.010 10.787 10.564 10.422 10.341 10.213 10.044 9.707 9.707 9.538 9.370 9.201 9.180 9.193 9.206 9.219 9.232 9.245 9.267 9.363 9.459 9.654 9.930 10.482 10.482 10.758 11.033 11.285 11.530 11.775 12.020 12.027 11.799 11.571 11.343 11.115 11.149 11.199 11.248 11.298 11.298 11.397 11.202 10.943 10.683 10.316 9.896 9.475 9.054 8.634 8.213 7.793 7.520 7.672 7.983 8.295 8.295
10.593 10.917 11.240 11.647 12.055 12.463 12.871 13.279 13.687 13.858 14.024 14.081 14.081 13.399 12.991 12.768 12.545 12.322 12.099 11.876 11.654 11.431 11.208 10.985 10.889 10.720 10.551 10.237 10.237 10.114 9.992 9.869 9.767 9.680 9.593 9.573 9.586 9.599 9.612 9.684 9.845 10.121 10.397 10.948 10.948 11.224 11.500 11.765 12.010 12.255 12.358 12.130 11.902 11.674 11.446 11.218 11.138 11.188 11.238 11.287 11.287 11.193 10.933 10.674 10.414 10.108 9.687 9.267 8.846 8.425 8.005 7.625 7.611 7.597 7.837 8.148 8.149
10.022 10.345 10.669 11.072 11.480 11.888 12.296 12.704 13.112 13.520 13.928 14.393 14.393 13.858 13.635 13.412 13.189 12.966 12.743 12.520 12.298 12.052 11.775 11.499 11.473 11.350 11.228 10.982 10.982 10.859 10.736 10.614 10.512 10.425 10.337 10.250 10.163 10.076 9.989 10.036 10.311 10.587 10.863 11.414 11.415 11.690 11.966 12.242 12.489 12.689 12.461 12.233 12.005 11.777 11.549 11.321 11.128 11.177 11.227 11.276 11.277 10.924 10.665 10.405 10.145 9.886 9.479 9.058 8.637 8.217 7.796 7.717 7.703 7.689 7.691 8.002 8.003
9.451 9.774 10.098 10.497 10.905 11.313 11.721 12.129 12.537 12.945 13.353 14.153 14.153 14.248 13.971 13.695 13.419 13.143 12.866 12.590 12.314 12.038 11.761 11.485 11.753 12.095 11.973 11.727 11.727 11.604 11.481 11.359 11.256 11.169 11.082 10.995 10.908 10.821 10.686 10.386 10.655 10.958 11.262 11.869 11.869 12.157 12.433 12.708 12.969 12.792 12.564 12.336 12.108 11.880 11.652 11.424 11.196 11.167 11.216 11.175 11.175 10.656 10.396 10.136 9.877 9.617 9.270 8.850 8.429 8.008 7.822 7.808 7.795 7.781 7.767 7.856 7.856
8.880 9.203 9.527 9.922 10.330 10.738 11.146 11.554 11.962 12.370 12.763 13.496 13.496 13.869 13.957 13.681 13.405 13.129 12.852 12.576 12.300 12.024 11.747 11.594 11.957 12.319 12.682 12.472 12.472 12.349 12.226 12.104 12.001 11.914 11.827 11.740 11.652 11.500 11.200 10.900 10.940 11.244 11.547 12.154 12.154 12.458 12.761 13.065 12.997 12.812 12.626 12.438 12.210 11.982 11.754 11.526 11.298 11.156 11.165 10.906 10.906 10.387 10.127 9.868 9.608 9.348 9.062 8.641 8.220 7.928 7.914 7.900 7.886 7.872 7.858 7.845 7.845
8.309 8.632 8.956 9.347 9.755 10.163 10.571 10.978 11.373 11.739 12.106 12.840 12.840 13.213 13.586 13.667 13.391 13.115 12.839 12.562 12.286 12.010 11.733 11.798 12.161 12.523 12.886 13.217 13.217 13.094 12.971 12.848 12.746 12.659 12.571 12.484 12.314 12.014 11.714 11.414 11.226 11.529 11.833 12.440 12.440 12.743 13.047 13.046 12.832 12.639 12.454 12.268 12.083 11.897 11.712 11.526 11.341 11.155 10.897 10.637 10.637 10.118 9.858 9.599 9.339 9.080 8.820 8.432 8.033 8.019 8.005 7.991 7.978 7.964 7.950 7.936 7.936
7.737 8.061 8.385 8.772 9.179 9.587 9.983 10.350 10.716 11.083 11.449 12.184 12.184 12.557 12.930 13.303 13.377 13.101 12.825 12.548 12.272 11.996 11.719 12.002 12.365 12.727 13.090 13.814 13.814 13.839 13.716 13.593 13.491 13.403 13.316 13.128 12.828 12.528 12.228 11.928 11.628 11.815 12.118 12.725 12.725 13.029 13.097 12.884 12.670 12.467 12.281 12.096 11.910 11.725 11.539 11.354 11.168 10.762 10.438 10.214 10.214 9.765 9.541 9.317 9.071 8.811 8.551 8.224 8.125 8.111 8.097 8.083 8.069 8.055 8.042 8.028 8.028
7.460 7.519 7.814 8.196 8.593 8.960 9.326 9.693 10.059 10.426 10.793 11.529 11.529 11.902 12.275 12.648 13.021 13.087 12.811 12.534 12.258 11.982 11.844 12.207 12.569 12.931 13.294 14.018 14.018 14.380 14.462 14.339 14.236 14.148 13.942 13.642 13.342 13.042 12.742 12.442 12.142 12.100 12.404 13.011 13.011 13.149 12.935 12.722 12.508 12.294 12.109 11.923 11.738 11.552 11.367 11.181 10.807 10.359 9.958 9.733 9.733 9.285 9.061 8.836 8.612 8.388 8.164 8.103 8.117 8.131 8.145 8.160 8.161 8.147 8.133 8.119 8.119
7.345 7.405 7.463 7.570 7.936 8.303 8.670 9.036 9.403 9.769 10.136 10.873 10.873 11.246 11.619 11.992 12.365 12.738 12.797 12.520 12.244 11.968 12.048 12.411 12.773 13.135 13.498 14.222 14.222 14.584 14.947 15.084 14.980 14.757 14.457 14.157 13.856 13.556 13.256 12.956 12.656 12.386 12.689 13.201 13.201 12.987 12.773 12.560 12.346 12.132 11.936 11.750 11.565 11.379 11.194 10.853 10.404 9.956 9.508 9.253 9.253 8.805 8.580 8.356 8.132 7.908 7.821 7.875 7.900 7.914 7.929 7.943 7.957 7.971 7.985 7.999 7.999
7.229 7.286 7.343 7.343 7.329 7.646 8.013 8.379 8.746 9.112 9.479 10.217 10.217 10.590 10.963 11.337 11.710 12.083 12.456 12.506 12.230 11.954 12.252 12.615 12.977 13.340 13.702 14.426 14.427 14.789 15.152 15.422 15.422 15.271 14.971 14.671 14.370 14.070 13.770 13.470 13.170 12.870 12.975 13.039 13.039 12.825 12.611 12.398 12.184 11.970 11.763 11.578 11.392 11.207 10.899 10.450 10.002 9.553 9.105 8.772 8.773 8.324 8.100 7.876 7.651 7.537 7.591 7.645 7.683 7.698 7.712 7.726 7.740 7.754 7.768 7.782 7.782
7.109 7.165 7.222 7.215 7.201 7.188 7.356 7.722 8.089 8.456 8.822 9.562 9.562 9.935 10.308 10.681 11.054 11.427 11.800 12.173 12.216 12.094 12.457 12.819 13.181 13.544 13.771 14.056 14.056 14.199 14.342 14.472 14.334 14.251 14.180 14.109 14.038 13.968 13.897 13.826 13.684 13.384 13.260 12.877 12.877 12.663 12.449 12.236 12.022 11.808 11.594 11.405 11.220 10.944 10.496 10.047 9.599 9.150 8.702 8.292 8.292 7.844 7.620 7.395 7.253 7.307 7.361 7.415 7.467 7.481 7.495 7.509 7.523 7.537 7.551 7.565 7.565
7.109 7.165 7.222 7.215 7.201 7.188 7.356 7.723 8.089 8.456 8.822 9.562 9.562 9.935 10.308 10.681 11.054 11.427 11.800 12.173 12.216 12.094 12.457 12.819 13.181 13.544 13.771 14.056 14.056 14.199 14.342 14.472 14.334 14.251 14.180 14.109 14.038 13.968 13.897 13.826 13.684 13.384 13.260 12.877 12.877 12.663 12.449 12.236 12.022 11.808 11.594 11.405 11.220 10.944 10.496 10.047 9.599 9.150 8.702 8.292 8.292 7.844 7.619 7.395 7.253 7.307 7.361 7.415 7.467 7.481 7.495 7.509 7.523 7.537 7.551 7.565 7.566
6.988 7.045 7.100 7.086 7.073 7.059 7.046 7.066 7.432 7.799 8.165 8.906 8.906 9.279 9.652 10.025 10.398 10.771 11.144 11.518 11.891 12.120 12.262 12.405 12.548 12.691 12.833 13.119 13.119 13.261 13.404 13.413 13.275 13.151 13.080 13.009 12.939 12.868 12.797 12.726 12.655 12.585 12.618 12.502 12.502 12.432 12.287 12.073 11.860 11.646 11.432 11.233 10.990 10.542 10.093 9.644 9.196 8.748 8.299 7.851 7.851 7.363 7.139 6.968 7.022 7.077 7.131 7.185 7.239 7.264 7.278 7.292 7.306 7.320 7.334 7.345 7.345
6.867 6.924 6.971 6.958 6.945 6.931 6.918 6.904 6.891 7.142 7.509 8.250 8.250 8.624 8.997 9.370 9.743 10.126 10.516 10.906 11.296 11.267 11.325 11.468 11.611 11.753 11.896 12.181 12.181 12.324 12.467 12.354 12.216 12.078 11.980 11.909 11.839 11.768 11.697 11.626 11.556 11.531 11.626 11.587 11.587 11.517 11.446 11.376 11.306 11.236 11.166 11.036 10.587 10.139 9.690 9.242 8.793 8.345 7.896 7.448 7.448 6.883 6.684 6.738 6.792 6.846 6.900 6.954 7.009 7.047 7.061 7.075 7.089 7.103 7.115 7.111 7.111
6.626 6.683 6.715 6.702 6.688 6.675 6.661 6.648 6.634 6.621 6.614 6.996 6.996 7.386 7.776 8.166 8.556 8.946 9.336 9.726 9.884 9.799 9.714 9.630 9.736 9.879 10.021 10.307 10.307 10.449 10.375 10.237 10.099 9.961 9.823 9.710 9.639 9.568 9.497 9.427 9.451 9.546 9.641 9.756 9.756 9.685 9.615 9.545 9.475 9.460 9.699 9.939 9.738 9.294 8.851 8.408 7.964 7.521 7.078 6.634 6.634 6.170 6.224 6.278 6.332 6.386 6.440 6.494 6.548 6.602 6.627 6.641 6.655 6.651 6.647 6.644 6.644
6.506 6.563 6.587 6.574 6.560 6.547 6.533 6.524 6.518 6.512 6.506 6.406 6.406 6.796 7.186 7.576 7.966 8.356 8.746 9.135 9.150 9.065 8.980 8.896 8.811 8.941 9.084 9.369 9.369 9.455 9.317 9.179 9.041 8.902 8.764 8.626 8.539 8.468 8.398 8.363 8.458 8.553 8.648 8.838 8.838 8.770 8.700 8.630 8.628 8.867 9.107 9.347 9.309 8.866 8.423 7.980 7.536 7.093 6.649 6.206 6.206 6.222 6.207 6.192 6.177 6.162 6.210 6.264 6.318 6.372 6.410 6.424 6.421 6.417 6.414 6.410 6.410
6.389 6.442 6.459 6.445 6.433 6.427 6.421 6.416 6.410 6.404 6.395 6.280 6.280 6.222 6.596 6.986 7.376 7.765 8.155 8.501 8.416 8.331 8.247 8.162 8.077 8.004 8.147 8.432 8.432 8.397 8.258 8.120 7.982 7.844 7.706 7.568 7.439 7.369 7.298 7.371 7.466 7.561 7.656 7.846 7.846 7.854 7.784 7.796 8.036 8.275 8.515 8.754 8.881 8.438 7.995 7.552 7.108 6.665 6.221 6.108 6.108 6.305 6.290 6.275 6.260 6.245 6.230 6.216 6.201 6.186 6.193 6.191 6.187 6.183 6.180 6.176 6.176
6.347 6.347 6.337 6.331 6.325 6.319 6.314 6.308 6.302 6.296 6.277 6.162 6.162 6.104 6.046 6.395 6.785 7.175 7.565 7.767 7.682 7.597 7.513 7.428 7.343 7.258 7.209 7.476 7.476 7.338 7.200 7.062 6.924 6.785 6.647 6.509 6.371 6.269 6.283 6.378 6.473 6.568 6.663 6.853 6.853 6.939 6.964 7.204 7.443 7.683 7.923 8.162 8.402 8.010 7.567 7.123 6.680 6.237 6.047 6.149 6.149 6.352 6.373 6.358 6.343 6.328 6.314 6.299 6.284 6.251 6.088 6.035 5.995 5.954 5.946 5.943 5.943
6.270 6.246 6.233 6.223 6.218 6.212 6.206 6.200 6.194 6.188 6.159 6.043 6.043 5.986 5.928 5.870 6.195 6.585 6.975 7.033 6.948 6.864 6.779 6.694 6.609 6.525 6.440 6.418 6.418 6.280 6.141 6.003 5.865 5.727 5.589 5.484 5.424 5.367 5.475 5.601 5.726 5.852 5.978 6.230 6.230 6.356 6.390 6.611 6.851 7.091 7.330 7.570 7.810 7.582 7.139 6.695 6.252 5.986 6.087 6.189 6.189 6.393 6.456 6.441 6.427 6.412 6.397 6.382 6.323 6.160 5.998 5.927 5.887 5.846 5.805 5.765 5.765
6.167 6.143 6.131 6.120 6.110 6.104 6.098 6.092 6.086 6.080 6.040 5.925 5.925 5.868 5.810 5.752 5.695 5.995 6.384 6.299 6.214 6.130 6.045 5.960 5.876 5.801 5.835 5.839 5.839 5.779 5.720 5.660 5.600 5.540 5.480 5.421 5.361 5.312 5.288 5.414 5.539 5.665 5.791 6.043 6.043 6.144 6.175 6.206 6.259 6.498 6.738 6.978 7.217 7.154 6.711 6.267 5.924 6.026 6.128 6.230 6.230 6.434 6.536 6.525 6.510 6.495 6.480 6.395 6.232 6.069 5.907 5.819 5.779 5.738 5.697 5.657 5.657
6.063 6.039 6.029 6.018 6.008 5.997 5.990 5.984 5.978 5.972 5.922 5.807 5.807 5.749 5.692 5.634 5.576 5.519 5.650 5.565 5.553 5.587 5.621 5.655 5.689 5.723 5.757 5.761 5.761 5.716 5.656 5.596 5.537 5.477 5.417 5.357 5.298 5.256 5.215 5.227 5.353 5.479 5.604 5.856 5.856 5.929 5.960 5.992 6.023 6.054 6.146 6.385 6.625 6.726 6.283 5.863 5.965 6.067 6.169 6.271 6.271 6.474 6.576 6.608 6.593 6.578 6.467 6.304 6.141 5.979 5.816 5.711 5.671 5.630 5.589 5.549 5.549
5.960 5.937 5.927 5.916 5.906 5.895 5.885 5.876 5.870 5.862 5.804 5.689 5.689 5.631 5.573 5.517 5.474 5.432 5.415 5.441 5.475 5.509 5.543 5.577 5.611 5.645 5.679 5.664 5.664 5.648 5.593 5.533 5.473 5.413 5.353 5.294 5.243 5.201 5.160 5.119 5.166 5.292 5.418 5.669 5.669 5.714 5.746 5.777 5.808 5.840 5.871 5.902 6.033 6.272 5.855 5.904 6.006 6.108 6.210 6.311 6.311 6.515 6.617 6.691 6.676 6.539 6.376 6.213 6.050 5.888 5.725 5.603 5.563 5.522 5.482 5.441 5.441
5.857 5.835 5.825 5.814 5.804 5.793 5.783 5.772 5.762 5.744 5.686 5.586 5.586 5.543 5.501 5.459 5.417 5.374 5.369 5.368 5.397 5.431 5.466 5.500 5.534 5.568 5.598 5.566 5.567 5.551 5.529 5.469 5.409 5.350 5.290 5.230 5.187 5.146 5.105 5.063 5.022 5.105 5.231 5.468 5.468 5.500 5.531 5.562 5.594 5.625 5.656 5.688 5.719 5.750 5.832 5.933 6.033 6.134 6.234 6.335 6.335 6.536 6.636 6.737 6.610 6.448 6.285 6.122 5.960 5.797 5.634 5.496 5.455 5.414 5.374 5.333 5.333
5.753 5.733 5.723 5.712 5.702 5.691 5.681 5.670 5.670 5.655 5.612 5.528 5.528 5.485 5.443 5.401 5.359 5.326 5.324 5.323 5.321 5.354 5.388 5.422 5.456 5.490 5.501 5.469 5.469 5.454 5.438 5.406 5.346 5.286 5.226 5.173 5.132 5.091 5.049 5.008 4.967 4.926 5.044 5.254 5.254 5.285 5.317 5.348 5.379 5.410 5.442 5.513 5.586 5.656 5.633 5.713 5.813 5.914 6.014 6.115 6.115 6.316 6.416 6.480 6.430 6.357 6.194 6.032 5.869 5.706 5.543 5.388 5.347 5.306 5.266 5.225 5.225
5.649 5.631 5.621 5.610 5.600 5.590 5.605 5.620 5.635 5.606 5.554 5.470 5.470 5.428 5.385 5.343 5.301 5.280 5.279 5.277 5.276 5.276 5.310 5.344 5.378 5.412 5.404 5.372 5.372 5.357 5.341 5.325 5.282 5.222 5.163 5.118 5.077 5.035 4.994 4.953 4.912 4.870 4.857 5.039 5.039 5.070 5.102 5.134 5.208 5.282 5.355 5.428 5.502 5.544 5.521 5.498 5.594 5.694 5.795 5.895 5.895 6.096 6.197 6.213 6.163 6.113 6.063 5.941 5.778 5.615 5.452 5.290 5.239 5.198 5.157 5.117 5.117
5.546 5.529 5.519 5.524 5.540 5.555 5.570 5.586 5.601 5.558 5.506 5.412 5.412 5.370 5.327 5.285 5.243 5.235 5.234 5.232 5.231 5.229 5.232 5.266 5.300 5.322 5.307 5.275 5.275 5.260 5.244 5.228 5.212 5.159 5.104 5.063 5.021 4.980 4.939 4.898 4.856 4.815 4.774 4.830 4.830 4.903 4.977 5.050 5.124 5.197 5.271 5.344 5.418 5.432 5.408 5.385 5.374 5.474 5.575 5.675 5.675 5.876 5.977 5.947 5.896 5.846 5.796 5.746 5.687 5.524 5.361 5.199 5.131 5.090 5.051 5.060 5.060
5.470 5.459 5.474 5.490 5.505 5.520 5.536 5.551 5.561 5.509 5.457 5.354 5.354 5.312 5.269 5.227 5.192 5.190 5.188 5.187 5.185 5.184 5.182 5.188 5.222 5.225 5.209 5.178 5.178 5.162 5.147 5.131 5.115 5.095 5.049 5.007 4.966 4.929 4.892 4.855 4.818 4.782 4.745 4.745 4.745 4.819 4.893 4.966 5.039 5.113 5.186 5.260 5.334 5.319 5.296 5.273 5.250 5.254 5.355 5.455 5.456 5.656 5.730 5.680 5.630 5.579 5.529 5.479 5.429 5.378 5.271 5.108 5.023 4.986 4.994 5.003 5.003
5.470 5.459 5.474 5.490 5.505 5.520 5.536 5.551 5.561 5.509 5.457 5.354 5.354 5.312 5.269 5.227 5.192 5.190 5.188 5.187 5.185 5.184 5.182 5.188 5.222 5.225 5.209 5.178 5.178 5.162 5.147 5.131 5.115 5.095 5.049 5.007 4.966 4.929 4.892 4.855 4.818 4.782 4.745 4.745 4.745 4.819 4.893 4.966 5.040 5.113 5.187 5.260 5.334 5.319 5.296 5.273 5.250 5.254 5.355 5.455 5.455 5.656 5.730 5.680 5.630 5.579 5.529 5.479 5.429 5.378 5.271 5.108 5.023 4.986 4.994 5.003 5.003
5.473 5.456 5.448 5.455 5.470 5.485 5.501 5.516 5.513 5.461 5.409 5.305 5.305 5.254 5.211 5.169 5.146 5.145 5.143 5.142 5.140 5.139 5.137 5.135 5.143 5.128 5.112 5.092 5.092 5.082 5.072 5.062 5.052 5.045 5.028 4.992 4.955 4.918 4.882 4.845 4.808 4.772 4.735 4.706 4.706 4.735 4.808 4.882 4.955 5.029 5.102 5.176 5.229 5.206 5.183 5.160 5.137 5.114 5.135 5.235 5.235 5.437 5.463 5.413 5.363 5.312 5.262 5.212 5.162 5.112 5.061 5.011 4.921 4.929 4.937 4.946 4.946
5.477 5.459 5.450 5.442 5.436 5.451 5.466 5.481 5.464 5.412 5.360 5.256 5.256 5.204 5.154 5.111 5.101 5.099 5.098 5.096 5.095 5.094 5.094 5.093 5.091 5.083 5.073 5.053 5.053 5.043 5.033 5.024 5.014 5.013 5.014 4.982 4.945 4.908 4.872 4.835 4.798 4.762 4.731 4.706 4.706 4.694 4.724 4.798 4.871 4.945 5.018 5.092 5.117 5.094 5.071 5.048 5.025 5.002 4.979 5.016 5.016 5.217 5.197 5.146 5.096 5.046 4.996 4.945 4.895 4.845 4.856 4.866 4.895 4.896 4.897 4.898 4.898
5.483 5.464 5.456 5.447 5.438 5.430 5.421 5.412 5.369 5.322 5.275 5.180 5.180 5.133 5.085 5.044 5.016 5.015 5.015 5.014 5.013 5.013 5.012 5.012 5.006 5.001 4.995 4.977 4.977 4.967 4.957 4.947 4.947 4.949 4.950 4.951 4.925 4.888 4.852 4.815 4.778 4.743 4.731 4.706 4.706 4.694 4.681 4.669 4.703 4.776 4.850 4.915 4.892 4.869 4.846 4.823 4.800 4.777 4.754 4.731 4.731 4.713 4.692 4.703 4.714 4.724 4.735 4.746 4.757 4.767 4.778 4.804 4.842 4.881 4.884 4.885 4.885
5.487 5.467 5.458 5.450 5.441 5.432 5.420 5.393 5.356 5.309 5.262 5.167 5.167 5.120 5.072 5.037 5.002 4.975 4.974 4.974 4.973 4.972 4.972 4.970 4.964 4.958 4.953 4.938 4.938 4.928 4.919 4.914 4.915 4.916 4.917 4.918 4.915 4.878 4.841 4.805 4.768 4.743 4.731 4.706 4.706 4.694 4.681 4.669 4.656 4.692 4.766 4.803 4.780 4.756 4.733 4.710 4.687 4.664 4.654 4.653 4.653 4.645 4.653 4.664 4.675 4.685 4.696 4.707 4.718 4.728 4.739 4.776 4.815 4.853 4.877 4.878 4.878
5.490 5.470 5.461 5.452 5.443 5.424 5.397 5.371 5.343 5.296 5.249 5.154 5.154 5.106 5.064 5.029 4.994 4.959 4.933 4.933 4.932 4.932 4.931 4.928 4.922 4.916 4.911 4.899 4.900 4.890 4.881 4.882 4.883 4.884 4.885 4.886 4.887 4.868 4.831 4.795 4.758 4.743 4.731 4.706 4.706 4.694 4.681 4.669 4.656 4.644 4.682 4.690 4.667 4.644 4.639 4.638 4.636 4.635 4.633 4.632 4.632 4.623 4.615 4.625 4.636 4.647 4.657 4.668 4.679 4.689 4.710 4.749 4.787 4.826 4.864 4.872 4.872
