includes/camargue/floodfiles/results_R2_t1.562345283857E12/res-0007.wdfp
ncols         906
nrows         631
xllcorner     362177.146667
yllcorner     6534725.688020
cellsize      20.000000
NODATA_value  -9999.000000
[rows 510 to 543 of 631, columns 231 to 307 of 906]
3.071 3.117 3.208 3.208 3.261 3.315 3.369 3.423 3.478 3.514 3.525 3.536 3.546 3.557 3.568 3.600 3.633 3.665 3.730 3.730 3.762 3.792 3.822 3.852 3.883 3.913 3.934 3.955 3.976 3.998 4.019 4.040 3.994 3.937 3.824 3.825 3.768 3.712 3.656 3.633 3.618 3.603 3.587 3.560 3.516 3.473 3.429 3.406 3.406 3.406 3.406 3.406 3.406 3.406 3.392 3.355 3.318 3.281 3.244 3.207 3.170 3.178 3.197 3.215 3.234 3.252 3.212 3.213 3.062 2.986 2.911 2.835 2.760 2.716 2.714 2.713 2.711
3.193 3.239 3.330 3.330 3.376 3.421 3.467 3.515 3.569 3.608 3.619 3.638 3.670 3.703 3.735 3.768 3.800 3.833 3.897 3.897 3.929 3.959 3.989 4.020 4.050 4.080 4.110 4.140 4.171 4.193 4.214 4.236 4.184 4.128 4.038 4.038 4.023 4.007 3.992 3.977 3.962 3.946 3.931 3.903 3.859 3.815 3.771 3.727 3.683 3.639 3.606 3.606 3.606 3.607 3.598 3.561 3.524 3.487 3.479 3.498 3.516 3.534 3.553 3.571 3.590 3.608 3.583 3.583 3.432 3.357 3.281 3.206 3.130 3.055 2.979 2.904 2.828
3.254 3.300 3.391 3.391 3.437 3.482 3.528 3.573 3.619 3.657 3.689 3.721 3.754 3.786 3.819 3.851 3.884 3.916 3.981 3.981 4.012 4.043 4.073 4.103 4.133 4.164 4.194 4.224 4.254 4.285 4.312 4.333 4.280 4.241 4.210 4.210 4.195 4.179 4.164 4.149 4.133 4.118 4.103 4.074 4.030 3.986 3.942 3.898 3.854 3.810 3.766 3.767 3.706 3.707 3.700 3.664 3.627 3.638 3.657 3.675 3.694 3.712 3.731 3.749 3.768 3.786 3.768 3.769 3.618 3.542 3.466 3.391 3.315 3.240 3.164 3.089 3.013
3.315 3.361 3.452 3.452 3.497 3.543 3.589 3.634 3.712 3.768 3.773 3.805 3.837 3.870 3.902 3.935 3.967 4.000 4.064 4.065 4.096 4.126 4.157 4.187 4.217 4.247 4.277 4.308 4.338 4.368 4.398 4.431 4.428 4.413 4.382 4.382 4.366 4.351 4.336 4.320 4.305 4.290 4.274 4.246 4.202 4.158 4.113 4.070 4.026 3.981 3.938 3.938 3.850 3.807 3.803 3.779 3.798 3.816 3.835 3.853 3.872 3.890 3.909 3.927 3.946 3.964 3.954 3.954 3.803 3.727 3.652 3.576 3.501 3.425 3.350 3.274 3.198
3.376 3.421 3.513 3.513 3.558 3.604 3.672 3.757 3.842 3.895 3.899 3.904 3.921 3.954 3.986 4.018 4.051 4.083 4.148 4.148 4.179 4.210 4.240 4.270 4.301 4.331 4.361 4.391 4.421 4.453 4.492 4.530 4.562 4.584 4.554 4.554 4.538 4.523 4.508 4.492 4.477 4.461 4.446 4.417 4.373 4.329 4.285 4.241 4.197 4.153 4.109 4.109 4.021 3.977 3.921 3.957 3.976 3.994 4.013 4.031 4.050 4.068 4.087 4.105 4.124 4.142 4.139 4.139 3.988 3.912 3.837 3.761 3.686 3.610 3.535 3.459 3.384
3.437 3.482 3.573 3.574 3.632 3.717 3.802 3.887 3.972 4.021 4.026 4.031 4.035 4.040 4.069 4.102 4.134 4.167 4.232 4.232 4.263 4.293 4.324 4.354 4.384 4.414 4.445 4.475 4.513 4.552 4.591 4.629 4.661 4.693 4.725 4.725 4.710 4.695 4.679 4.664 4.649 4.633 4.618 4.588 4.544 4.500 4.456 4.412 4.368 4.324 4.280 4.280 4.182 4.116 4.052 4.096 4.141 4.173 4.191 4.209 4.228 4.246 4.265 4.283 4.302 4.320 4.324 4.324 4.173 4.098 4.022 3.947 3.871 3.796 3.720 3.644 3.569
3.498 3.543 3.677 3.677 3.762 3.847 3.932 4.017 4.102 4.148 4.153 4.157 4.162 4.167 4.171 4.185 4.218 4.250 4.315 4.315 4.347 4.377 4.407 4.437 4.468 4.498 4.535 4.574 4.613 4.652 4.690 4.728 4.760 4.793 4.857 4.857 4.882 4.866 4.851 4.836 4.820 4.805 4.790 4.759 4.715 4.671 4.627 4.583 4.539 4.495 4.447 4.447 4.315 4.249 4.183 4.227 4.271 4.315 4.360 4.387 4.406 4.424 4.443 4.461 4.480 4.498 4.510 4.510 4.359 4.283 4.207 4.132 4.056 3.981 3.905 3.830 3.744
3.559 3.637 3.807 3.807 3.892 3.977 4.062 4.147 4.232 4.274 4.279 4.284 4.289 4.293 4.298 4.303 4.308 4.334 4.399 4.399 4.430 4.460 4.491 4.521 4.557 4.596 4.635 4.674 4.712 4.751 4.790 4.827 4.859 4.892 4.956 4.956 4.988 5.020 5.023 5.007 4.992 4.977 4.962 4.931 4.887 4.843 4.798 4.754 4.711 4.646 4.580 4.580 4.448 4.382 4.316 4.358 4.402 4.446 4.490 4.534 4.579 4.602 4.621 4.639 4.658 4.676 4.694 4.694 4.544 4.468 4.393 4.317 4.242 4.166 4.079 3.992 3.905
3.682 3.767 3.937 3.937 4.022 4.107 4.192 4.277 4.362 4.401 4.406 4.411 4.415 4.420 4.425 4.430 4.434 4.439 4.482 4.482 4.514 4.544 4.579 4.618 4.657 4.695 4.734 4.773 4.811 4.850 4.889 4.926 4.959 4.991 5.055 5.055 5.087 5.119 5.151 5.179 5.164 5.149 5.133 5.102 5.058 5.014 4.970 4.911 4.845 4.779 4.713 4.713 4.581 4.515 4.449 4.489 4.533 4.577 4.621 4.665 4.709 4.753 4.798 4.817 4.835 4.854 4.872 4.872 4.729 4.654 4.578 4.502 4.415 4.328 4.241 4.154 4.067
3.812 3.897 4.067 4.067 4.152 4.237 4.323 4.408 4.493 4.528 4.533 4.537 4.542 4.547 4.551 4.556 4.561 4.566 4.575 4.575 4.601 4.640 4.678 4.717 4.756 4.795 4.833 4.872 4.911 4.950 4.988 5.026 5.058 5.090 5.154 5.154 5.186 5.218 5.250 5.282 5.314 5.321 5.305 5.273 5.229 5.176 5.110 5.044 4.978 4.912 4.846 4.846 4.714 4.648 4.582 4.619 4.663 4.708 4.752 4.796 4.840 4.884 4.928 4.972 5.013 5.032 5.050 5.050 4.914 4.838 4.751 4.664 4.577 4.489 4.402 4.315 4.228
4.002 4.032 4.197 4.198 4.283 4.368 4.453 4.538 4.623 4.654 4.659 4.664 4.669 4.673 4.678 4.683 4.688 4.692 4.698 4.698 4.713 4.739 4.778 4.816 4.855 4.894 4.933 4.971 5.010 5.049 5.088 5.125 5.157 5.189 5.253 5.253 5.285 5.317 5.349 5.381 5.413 5.446 5.477 5.442 5.376 5.310 5.244 5.178 5.112 5.046 4.979 4.980 4.847 4.782 4.716 4.750 4.794 4.838 4.882 4.927 4.971 5.015 5.059 5.103 5.147 5.191 5.228 5.228 5.087 5.000 4.912 4.825 4.738 4.651 4.564 4.477 4.389
4.212 4.242 4.328 4.328 4.413 4.498 4.583 4.668 4.753 4.781 4.786 4.791 4.795 4.800 4.805 4.809 4.813 4.815 4.818 4.819 4.835 4.858 4.881 4.916 4.954 4.993 5.032 5.071 5.109 5.148 5.187 5.224 5.256 5.288 5.352 5.352 5.384 5.416 5.448 5.481 5.513 5.545 5.550 5.544 5.509 5.443 5.377 5.311 5.245 5.179 5.113 5.113 4.981 4.915 4.849 4.881 4.925 4.969 5.013 5.057 5.101 5.146 5.190 5.234 5.278 5.322 5.297 5.297 5.248 5.161 5.074 4.987 4.899 4.812 4.725 4.638 4.551
4.423 4.453 4.512 4.512 4.543 4.628 4.713 4.798 4.883 4.908 4.912 4.917 4.922 4.927 4.930 4.932 4.934 4.936 4.939 4.939 4.957 4.981 5.004 5.027 5.054 5.093 5.131 5.170 5.209 5.248 5.286 5.323 5.355 5.387 5.451 5.451 5.483 5.515 5.548 5.580 5.588 5.593 5.598 5.591 5.579 5.566 5.510 5.444 5.378 5.312 5.246 5.246 5.114 5.048 4.982 5.012 5.056 5.100 5.144 5.188 5.232 5.276 5.320 5.365 5.367 5.334 5.300 5.300 5.327 5.323 5.235 5.148 5.061 4.974 4.887 4.799 4.712
4.634 4.663 4.723 4.723 4.752 4.782 4.843 4.928 5.013 5.034 5.039 5.044 5.048 5.050 5.051 5.053 5.055 5.057 5.060 5.060 5.080 5.103 5.126 5.149 5.172 5.196 5.231 5.269 5.308 5.347 5.386 5.422 5.454 5.486 5.550 5.550 5.583 5.615 5.626 5.631 5.636 5.641 5.645 5.638 5.626 5.613 5.600 5.577 5.511 5.445 5.379 5.379 5.247 5.181 5.115 5.142 5.186 5.231 5.275 5.319 5.363 5.407 5.437 5.404 5.370 5.337 5.303 5.303 5.329 5.351 5.373 5.310 5.222 5.135 5.048 4.961 4.874
4.634 4.663 4.722 4.723 4.752 4.782 4.843 4.928 5.013 5.034 5.039 5.044 5.048 5.049 5.051 5.053 5.055 5.057 5.060 5.060 5.079 5.103 5.126 5.149 5.172 5.195 5.231 5.269 5.308 5.347 5.386 5.422 5.454 5.486 5.550 5.550 5.582 5.614 5.626 5.631 5.636 5.641 5.645 5.638 5.626 5.613 5.600 5.577 5.511 5.445 5.379 5.379 5.247 5.181 5.115 5.142 5.186 5.230 5.274 5.319 5.363 5.407 5.437 5.403 5.370 5.336 5.303 5.303 5.329 5.351 5.373 5.309 5.222 5.135 5.048 4.961 4.873
4.844 4.874 4.933 4.933 4.963 4.993 5.022 5.058 5.143 5.161 5.165 5.167 5.169 5.170 5.172 5.174 5.176 5.177 5.181 5.181 5.202 5.225 5.248 5.271 5.294 5.318 5.341 5.369 5.407 5.446 5.485 5.521 5.553 5.585 5.649 5.649 5.664 5.669 5.674 5.679 5.683 5.688 5.693 5.685 5.673 5.660 5.647 5.634 5.622 5.578 5.512 5.512 5.380 5.314 5.248 5.273 5.317 5.361 5.405 5.449 5.493 5.474 5.440 5.407 5.373 5.339 5.306 5.306 5.331 5.353 5.375 5.397 5.384 5.296 5.209 5.122 5.035
5.055 5.084 5.144 5.144 5.173 5.203 5.233 5.262 5.291 5.284 5.286 5.288 5.289 5.291 5.293 5.295 5.297 5.298 5.302 5.302 5.324 5.347 5.370 5.393 5.417 5.440 5.463 5.486 5.510 5.546 5.584 5.620 5.652 5.684 5.707 5.707 5.712 5.717 5.721 5.726 5.731 5.736 5.740 5.733 5.720 5.707 5.694 5.681 5.669 5.656 5.643 5.643 5.513 5.447 5.381 5.404 5.448 5.492 5.536 5.544 5.511 5.477 5.443 5.410 5.376 5.343 5.309 5.309 5.333 5.355 5.377 5.399 5.421 5.442 5.371 5.283 5.196
5.476 5.506 5.565 5.565 5.592 5.615 5.638 5.662 5.680 5.632 5.584 5.536 5.531 5.533 5.535 5.537 5.538 5.540 5.545 5.545 5.568 5.592 5.615 5.638 5.661 5.685 5.708 5.731 5.754 5.777 5.822 5.799 5.788 5.793 5.802 5.802 5.807 5.812 5.817 5.821 5.826 5.831 5.835 5.827 5.814 5.801 5.789 5.776 5.763 5.750 5.738 5.738 5.712 5.699 5.648 5.665 5.652 5.618 5.584 5.551 5.517 5.484 5.450 5.416 5.383 5.349 5.315 5.316 5.337 5.359 5.381 5.403 5.425 5.447 5.469 5.491 5.513
5.687 5.716 5.765 5.765 5.789 5.812 5.835 5.858 5.871 5.823 5.775 5.727 5.679 5.654 5.656 5.658 5.659 5.661 5.667 5.668 5.691 5.714 5.737 5.760 5.784 5.807 5.830 5.853 5.902 5.983 6.063 6.028 5.910 5.840 5.850 5.850 5.855 5.859 5.864 5.869 5.873 5.878 5.883 5.874 5.861 5.848 5.836 5.823 5.810 5.797 5.785 5.785 5.759 5.746 5.769 5.688 5.655 5.621 5.588 5.554 5.520 5.487 5.453 5.420 5.386 5.352 5.319 5.319 5.339 5.361 5.383 5.405 5.427 5.449 5.470 5.492 5.521
5.893 5.916 5.962 5.962 5.986 6.009 6.032 6.055 6.062 6.014 5.966 5.918 5.870 5.822 5.777 5.779 5.780 5.782 5.790 5.790 5.813 5.836 5.859 5.883 5.906 5.929 5.982 6.063 6.144 6.224 6.305 6.256 6.138 6.021 5.897 5.897 5.902 5.907 5.911 5.916 5.921 5.926 5.930 5.921 5.908 5.895 5.883 5.870 5.857 5.844 5.832 5.832 5.826 5.892 5.958 5.872 5.731 5.624 5.591 5.557 5.524 5.490 5.456 5.423 5.389 5.356 5.322 5.322 5.341 5.363 5.385 5.407 5.429 5.451 5.472 5.523 5.599
6.089 6.113 6.159 6.159 6.183 6.206 6.229 6.252 6.253 6.205 6.157 6.109 6.061 6.013 5.965 5.917 5.901 5.903 5.912 5.912 5.935 5.958 5.982 6.005 6.063 6.143 6.224 6.305 6.385 6.466 6.547 6.484 6.366 6.249 6.014 6.014 5.950 5.954 5.959 5.964 5.968 5.973 5.978 5.968 5.955 5.943 5.930 5.917 5.904 5.891 5.882 5.882 6.014 6.080 6.147 6.062 5.921 5.781 5.641 5.560 5.527 5.493 5.459 5.426 5.392 5.359 5.325 5.325 5.343 5.365 5.387 5.409 5.431 5.452 5.525 5.601 5.677
6.286 6.310 6.356 6.356 6.379 6.403 6.426 6.449 6.444 6.396 6.348 6.300 6.252 6.204 6.156 6.108 6.060 6.024 6.034 6.034 6.058 6.081 6.143 6.224 6.304 6.385 6.466 6.546 6.627 6.708 6.788 6.712 6.595 6.477 6.242 6.242 6.124 6.007 6.006 6.011 6.016 6.021 6.025 6.015 6.002 5.990 5.977 5.964 5.951 6.005 6.071 6.071 6.203 6.269 6.335 6.252 6.111 5.971 5.831 5.690 5.550 5.496 5.463 5.429 5.395 5.362 5.328 5.328 5.345 5.367 5.389 5.410 5.450 5.526 5.602 5.679 5.755
6.483 6.507 6.553 6.553 6.577 6.600 6.623 6.646 6.635 6.587 6.539 6.491 6.443 6.395 6.347 6.299 6.251 6.203 6.157 6.157 6.223 6.304 6.384 6.465 6.546 6.627 6.707 6.788 6.869 6.949 7.030 6.940 6.823 6.705 6.470 6.470 6.352 6.235 6.117 6.059 6.063 6.068 6.073 6.062 6.049 6.037 6.024 6.061 6.127 6.193 6.259 6.259 6.392 6.458 6.524 6.442 6.301 6.161 6.021 5.880 5.740 5.600 5.466 5.432 5.399 5.365 5.331 5.331 5.347 5.368 5.391 5.451 5.528 5.604 5.680 5.756 5.833
6.690 6.704 6.750 6.750 6.773 6.797 6.820 6.843 6.826 6.778 6.730 6.682 6.634 6.586 6.538 6.490 6.442 6.394 6.399 6.399 6.465 6.545 6.626 6.707 6.788 6.868 6.949 7.030 7.110 7.191 7.272 7.169 7.051 6.933 6.698 6.698 6.581 6.463 6.345 6.228 6.111 6.116 6.120 6.109 6.096 6.118 6.184 6.250 6.316 6.382 6.448 6.448 6.580 6.646 6.713 6.632 6.492 6.351 6.211 6.070 5.930 5.790 5.649 5.509 5.402 5.368 5.335 5.335 5.349 5.377 5.453 5.529 5.606 5.682 5.758 5.834 5.910
6.905 6.916 6.947 6.947 6.970 6.994 7.017 7.040 7.017 6.969 6.921 6.873 6.825 6.777 6.729 6.693 6.680 6.666 6.679 6.679 6.731 6.787 6.868 6.949 7.029 7.110 7.191 7.271 7.352 7.433 7.513 7.397 7.279 7.162 6.926 6.926 6.809 6.691 6.574 6.456 6.338 6.221 6.168 6.174 6.240 6.306 6.372 6.439 6.505 6.571 6.637 6.637 6.769 6.835 6.901 6.822 6.682 6.541 6.401 6.261 6.120 5.980 5.839 5.699 5.559 5.418 5.338 5.338 5.378 5.455 5.531 5.607 5.683 5.760 5.836 5.912 5.988
7.120 7.131 7.153 7.153 7.167 7.191 7.214 7.237 7.208 7.160 7.112 7.064 7.016 6.991 6.978 6.965 6.952 6.939 6.959 6.959 7.011 7.063 7.114 7.190 7.271 7.352 7.432 7.513 7.594 7.674 7.743 7.625 7.507 7.390 7.155 7.155 7.037 6.919 6.802 6.684 6.567 6.443 6.283 6.363 6.429 6.495 6.561 6.627 6.693 6.759 6.826 6.826 6.958 7.024 7.090 7.012 6.872 6.731 6.591 6.451 6.310 6.170 6.030 5.889 5.749 5.608 5.468 5.468 5.456 5.533 5.609 5.685 5.761 5.837 5.914 5.990 6.066
7.335 7.346 7.368 7.368 7.379 7.390 7.411 7.434 7.399 7.351 7.303 7.290 7.276 7.263 7.250 7.237 7.224 7.211 7.239 7.239 7.291 7.342 7.394 7.446 7.513 7.593 7.674 7.755 7.835 7.916 7.971 7.853 7.736 7.618 7.383 7.383 7.265 7.148 7.030 6.905 6.746 6.586 6.432 6.519 6.607 6.684 6.750 6.816 6.882 6.948 7.014 7.014 7.147 7.213 7.279 7.202 7.062 6.922 6.781 6.641 6.500 6.360 6.220 6.079 5.939 5.808 5.684 5.684 5.627 5.651 5.687 5.763 5.839 5.915 5.991 6.068 6.144
7.550 7.561 7.583 7.583 7.594 7.605 7.616 7.631 7.601 7.588 7.575 7.562 7.548 7.535 7.522 7.509 7.496 7.483 7.519 7.519 7.571 7.622 7.674 7.726 7.778 7.835 7.916 7.996 8.077 8.158 8.199 8.082 7.964 7.846 7.611 7.611 7.494 7.368 7.208 7.049 6.889 6.730 6.588 6.676 6.763 6.850 6.938 7.005 7.071 7.137 7.203 7.203 7.335 7.401 7.467 7.392 7.252 7.112 6.971 6.831 6.690 6.550 6.410 6.271 6.148 6.024 5.901 5.901 5.830 5.853 5.877 5.900 5.924 5.993 6.069 6.145 6.222
7.765 7.776 7.798 7.798 7.809 7.820 7.781 7.731 7.873 7.860 7.847 7.834 7.821 7.807 7.794 7.781 7.768 7.755 7.799 7.799 7.851 7.902 7.954 8.006 8.058 8.109 8.161 8.238 8.319 8.399 8.427 8.310 8.192 8.075 7.830 7.831 7.671 7.511 7.352 7.192 7.033 6.873 6.745 6.832 6.919 7.007 7.094 7.181 7.260 7.326 7.392 7.392 7.524 7.590 7.656 7.582 7.442 7.302 7.161 7.021 6.880 6.740 6.611 6.488 6.364 6.241 6.117 6.117 6.033 6.056 6.080 6.103 6.126 6.150 6.173 6.223 6.300
7.980 7.991 8.009 8.010 7.948 7.887 7.825 7.807 7.956 8.104 8.119 8.106 8.093 8.079 8.066 8.053 8.040 8.027 8.079 8.079 8.131 8.182 8.234 8.286 8.338 8.389 8.441 8.493 8.561 8.641 8.656 8.538 8.420 8.293 7.974 7.974 7.815 7.655 7.496 7.336 7.177 7.017 6.901 6.988 7.075 7.163 7.250 7.337 7.425 7.512 7.580 7.581 7.713 7.779 7.845 7.772 7.632 7.492 7.351 7.211 7.075 6.951 6.828 6.704 6.581 6.457 6.334 6.334 6.235 6.259 6.282 6.306 6.329 6.352 6.376 6.399 6.423
7.980 7.991 8.009 8.010 7.948 7.887 7.825 7.807 7.956 8.104 8.119 8.106 8.093 8.079 8.066 8.053 8.040 8.027 8.079 8.079 8.131 8.182 8.234 8.286 8.338 8.389 8.441 8.493 8.560 8.641 8.656 8.538 8.420 8.293 7.974 7.974 7.815 7.655 7.496 7.336 7.176 7.017 6.901 6.988 7.075 7.163 7.250 7.337 7.425 7.512 7.580 7.580 7.713 7.779 7.845 7.772 7.632 7.492 7.351 7.211 7.075 6.951 6.828 6.704 6.581 6.457 6.334 6.334 6.235 6.259 6.282 6.306 6.329 6.352 6.376 6.399 6.422
8.195 8.176 8.053 8.053 7.992 7.930 7.869 7.884 8.032 8.181 8.330 8.378 8.365 8.351 8.338 8.325 8.312 8.299 8.359 8.359 8.410 8.462 8.514 8.566 8.618 8.669 8.721 8.773 8.825 8.883 8.884 8.756 8.596 8.437 8.118 8.118 7.958 7.799 7.639 7.480 7.320 7.161 7.057 7.144 7.231 7.319 7.406 7.493 7.581 7.668 7.755 7.756 7.901 7.967 8.033 7.962 7.822 7.682 7.541 7.415 7.291 7.168 7.044 6.921 6.797 6.674 6.550 6.550 6.438 6.461 6.485 6.508 6.531 6.555 6.578 6.602 6.625
8.281 8.220 8.097 8.097 8.035 7.974 7.912 7.960 8.109 8.258 8.406 8.555 8.637 8.624 8.610 8.597 8.584 8.571 8.639 8.639 8.690 8.742 8.794 8.846 8.897 8.949 9.001 9.053 9.105 9.055 9.024 8.900 8.740 8.580 8.261 8.261 8.102 7.942 7.783 7.623 7.464 7.304 7.213 7.300 7.388 7.475 7.562 7.650 7.737 7.824 7.912 7.912 8.086 8.156 8.222 8.152 8.012 7.879 7.755 7.632 7.508 7.385 7.261 7.138 7.014 6.890 6.767 6.767 6.641 6.664 6.687 6.711 6.734 6.758 6.781 6.804 6.828
8.369 8.307 8.184 8.184 8.123 8.061 8.000 8.114 8.262 8.411 8.559 8.708 8.857 9.005 9.154 9.141 9.128 9.115 9.199 9.199 9.250 9.302 9.354 9.406 9.328 9.173 9.019 8.864 8.709 8.554 8.578 8.677 8.777 8.868 8.549 8.549 8.389 8.230 8.070 7.911 7.751 7.591 7.525 7.613 7.700 7.787 7.875 7.962 8.049 8.137 8.224 8.224 8.399 8.486 8.452 8.478 8.435 8.312 8.188 8.065 7.941 7.818 7.694 7.571 7.447 7.324 7.200 7.200 7.046 7.069 7.093 7.116 7.140 7.163 7.186 7.210 7.233
