includes/camargue/floodfiles/results_R2_t1.562345283857E12/res-0009.wd
ncols         906
nrows         631
xllcorner     362177.146667
yllcorner     6534725.688020
cellsize      20.000000
NODATA_value  -9999.000000
[rows 476 to 509 of 631, columns 0 to 76 of 906]
1.102 1.192 1.328 1.510 1.691 1.871 2.050 2.230 2.231 2.587 2.750 2.912 3.075 3.093 3.085 3.076 3.068 3.060 3.050 3.036 3.022 3.008 2.994 2.980 2.981 2.732 2.577 2.425 2.334 2.243 2.152 2.061 1.970 1.878 1.788 1.697 1.876 2.094 2.312 2.529 2.530 2.977 3.219 3.461 3.704 3.946 4.119 4.154 4.050 3.948 3.845 3.742 3.639 3.536 3.433 3.330 3.330 3.104 2.989 2.871 2.744 2.617 2.490 2.363 2.236 2.110 2.141 2.214 2.287 2.360 2.433 2.791 3.603 3.603 4.008 4.414 4.368
1.030 1.133 1.234 1.381 1.562 1.742 1.921 2.101 2.102 2.452 2.615 2.778 2.940 3.103 3.109 3.100 3.092 3.083 3.072 3.058 3.044 3.030 3.016 3.003 3.003 2.890 2.734 2.602 2.511 2.420 2.329 2.238 2.147 2.055 1.964 1.874 1.779 2.014 2.257 2.500 2.500 2.985 3.227 3.470 3.712 3.955 4.062 4.100 4.127 4.024 3.921 3.818 3.715 3.612 3.509 3.406 3.406 3.176 3.061 2.946 2.827 2.700 2.573 2.446 2.319 2.233 2.306 2.379 2.452 2.525 2.597 2.704 3.515 3.515 3.920 4.185 3.853
0.911 1.015 1.117 1.217 1.316 1.483 1.663 1.842 1.843 2.182 2.345 2.507 2.670 2.833 2.995 3.147 3.139 3.130 3.116 3.102 3.088 3.074 3.060 3.046 3.046 3.023 3.040 2.884 2.758 2.633 2.507 2.382 2.257 2.131 2.006 1.881 1.957 2.116 2.275 2.516 2.516 3.001 3.244 3.486 3.728 3.909 3.947 3.985 4.024 4.062 4.073 3.970 3.867 3.764 3.661 3.549 3.550 3.320 3.205 3.090 2.975 2.860 2.739 2.612 2.490 2.563 2.636 2.708 2.781 2.854 2.927 2.999 3.339 3.339 3.487 3.155 2.823
0.853 0.957 1.058 1.158 1.258 1.356 1.534 1.713 1.714 2.048 2.210 2.373 2.535 2.698 2.861 3.023 3.163 3.152 3.138 3.124 3.131 3.147 3.164 3.181 3.182 3.215 3.154 2.914 2.757 2.632 2.506 2.381 2.256 2.130 2.005 1.887 2.046 2.205 2.364 2.524 2.525 3.010 3.252 3.494 3.737 3.852 3.890 3.928 3.967 4.005 4.043 4.046 3.943 3.840 3.736 3.621 3.622 3.392 3.277 3.162 3.047 2.932 2.818 2.695 2.654 2.727 2.800 2.873 2.946 3.019 3.092 3.164 3.294 3.294 3.073 2.778 2.483
0.794 0.898 1.000 1.100 1.200 1.298 1.405 1.584 1.586 1.913 2.076 2.238 2.401 2.563 2.724 2.884 3.043 3.271 3.288 3.305 3.322 3.339 3.356 3.373 3.373 3.406 3.262 3.022 2.783 2.631 2.506 2.380 2.255 2.130 2.005 1.976 2.135 2.294 2.453 2.611 2.612 3.018 3.260 3.503 3.745 3.795 3.833 3.871 3.910 3.948 3.986 4.025 4.019 3.916 3.808 3.693 3.694 3.464 3.349 3.234 3.119 3.004 2.890 2.777 2.784 2.833 2.882 2.931 2.979 3.028 3.077 3.125 3.259 3.259 3.425 3.160 2.865
0.735 0.840 0.942 1.042 1.141 1.240 1.338 1.452 1.454 1.772 1.932 2.092 2.251 2.411 2.570 2.730 2.914 3.242 3.480 3.497 3.514 3.531 3.548 3.564 3.565 3.598 3.370 3.130 2.891 2.651 2.505 2.379 2.254 2.129 2.004 2.065 2.224 2.383 2.542 2.700 2.701 3.026 3.268 3.511 3.699 3.738 3.776 3.814 3.852 3.891 3.929 3.967 4.006 3.993 3.880 3.766 3.766 3.543 3.435 3.328 3.221 3.114 3.006 2.890 2.738 2.762 2.810 2.859 2.908 2.956 3.005 3.054 3.233 3.233 3.400 3.541 3.246
0.678 0.789 0.897 1.004 1.108 1.213 1.316 1.378 1.379 1.618 1.778 1.937 2.097 2.256 2.416 2.575 2.819 3.147 3.475 3.689 3.706 3.722 3.739 3.756 3.756 3.718 3.478 3.238 2.999 2.759 2.520 2.379 2.253 2.128 2.003 2.154 2.313 2.472 2.630 2.789 2.789 3.106 3.277 3.519 3.642 3.680 3.719 3.757 3.795 3.834 3.872 3.916 3.960 4.005 3.987 3.880 3.880 3.665 3.558 3.450 3.343 3.236 3.129 2.996 2.844 2.692 2.739 2.788 2.836 2.885 2.934 2.982 3.208 3.208 3.375 3.541 3.627
0.663 0.775 0.883 0.989 1.094 1.198 1.302 1.335 1.336 1.464 1.623 1.783 1.943 2.102 2.262 2.421 2.724 3.052 3.380 3.708 3.897 3.914 3.930 3.947 3.947 3.826 3.586 3.346 3.107 2.867 2.627 2.388 2.252 2.127 2.084 2.243 2.402 2.561 2.719 2.878 2.878 3.195 3.353 3.527 3.585 3.627 3.671 3.715 3.759 3.803 3.847 3.891 3.935 3.981 4.031 4.002 4.002 3.788 3.680 3.573 3.466 3.358 3.251 3.102 2.951 2.799 2.667 2.716 2.765 2.813 2.862 2.911 3.183 3.183 3.349 3.516 3.683
0.648 0.760 0.868 0.974 1.079 1.183 1.261 1.292 1.293 1.353 1.469 1.629 1.788 1.948 2.107 2.301 2.629 2.957 3.285 3.613 3.941 4.105 4.122 4.138 4.139 3.934 3.694 3.454 3.215 2.975 2.735 2.496 2.257 2.126 2.172 2.332 2.491 2.649 2.808 2.962 2.963 3.236 3.373 3.494 3.558 3.602 3.646 3.690 3.734 3.778 3.822 3.866 3.910 3.958 4.008 4.058 4.058 3.910 3.803 3.695 3.588 3.481 3.361 3.209 3.057 2.905 2.753 2.644 2.693 2.742 2.790 2.839 3.157 3.157 3.324 3.491 3.657
0.632 0.744 0.853 0.959 1.064 1.168 1.218 1.248 1.250 1.310 1.340 1.474 1.634 1.794 1.953 2.207 2.535 2.862 3.190 3.518 3.846 4.173 4.313 4.330 4.330 4.042 3.802 3.562 3.323 3.083 2.843 2.604 2.364 2.126 2.249 2.386 2.523 2.660 2.797 2.934 2.934 3.207 3.344 3.444 3.514 3.577 3.621 3.665 3.708 3.752 3.796 3.840 3.885 3.935 3.985 4.035 4.035 4.032 3.925 3.818 3.710 3.603 3.467 3.315 3.163 3.011 2.859 2.707 2.622 2.670 2.719 2.799 3.132 3.132 3.299 3.465 3.632
0.638 0.729 0.838 0.944 1.049 1.144 1.174 1.205 1.206 1.266 1.297 1.327 1.480 1.639 1.799 2.112 2.440 2.767 3.095 3.423 3.751 4.078 4.406 4.521 4.521 4.150 3.910 3.670 3.431 3.195 2.960 2.724 2.489 2.291 2.220 2.357 2.494 2.631 2.768 2.905 2.905 3.178 3.315 3.394 3.464 3.534 3.595 3.639 3.683 3.727 3.771 3.815 3.862 3.912 3.962 4.011 4.012 4.111 4.047 3.940 3.833 3.725 3.573 3.421 3.269 3.117 2.965 2.813 2.661 2.599 2.647 2.774 3.107 3.107 3.274 3.440 3.607
0.660 0.727 0.822 0.929 1.034 1.100 1.131 1.162 1.163 1.223 1.254 1.284 1.325 1.485 1.689 2.017 2.345 2.672 3.000 3.328 3.655 3.983 4.311 4.627 4.628 4.268 4.032 3.797 3.561 3.326 3.090 2.855 2.620 2.471 2.390 2.328 2.465 2.602 2.739 2.876 2.876 3.149 3.274 3.344 3.414 3.484 3.554 3.614 3.658 3.702 3.746 3.790 3.838 3.888 3.938 3.988 3.988 4.088 4.138 4.062 3.955 3.831 3.679 3.527 3.375 3.223 3.071 2.919 2.767 2.615 2.582 2.749 3.077 3.077 3.235 3.392 3.549
0.681 0.749 0.814 0.914 1.019 1.057 1.088 1.119 1.120 1.180 1.211 1.241 1.271 1.331 1.594 1.922 2.250 2.563 2.871 3.179 3.487 3.795 4.103 4.380 4.380 4.399 4.163 3.928 3.692 3.457 3.221 2.986 2.751 2.650 2.570 2.489 2.436 2.573 2.710 2.847 2.847 3.120 3.224 3.294 3.364 3.434 3.504 3.574 3.633 3.677 3.721 3.765 3.815 3.865 3.915 3.965 3.965 4.065 4.114 4.164 4.077 3.938 3.786 3.634 3.482 3.330 3.176 3.017 2.858 2.698 2.588 2.675 2.990 2.990 3.148 3.305 3.462
0.703 0.771 0.836 0.899 0.982 1.014 1.045 1.076 1.077 1.138 1.173 1.208 1.243 1.278 1.423 1.731 2.039 2.347 2.655 2.963 3.271 3.579 3.887 4.120 4.120 4.477 4.294 4.058 3.823 3.587 3.352 3.117 2.911 2.830 2.749 2.669 2.588 2.544 2.681 2.818 2.818 3.092 3.173 3.243 3.314 3.384 3.454 3.524 3.594 3.651 3.695 3.742 3.792 3.842 3.892 3.942 3.942 4.041 4.091 4.141 4.185 4.031 3.872 3.713 3.553 3.394 3.235 3.075 2.916 2.757 2.687 2.645 2.903 2.903 3.060 3.218 3.375
0.702 0.766 0.827 0.886 0.959 0.995 1.031 1.066 1.068 1.137 1.172 1.207 1.241 1.284 1.341 1.515 1.823 2.131 2.439 2.747 3.055 3.363 3.670 3.860 3.860 4.218 4.396 4.189 3.954 3.718 3.483 3.247 3.091 3.010 2.929 2.848 2.767 2.687 2.652 2.789 2.790 3.053 3.123 3.193 3.263 3.333 3.404 3.474 3.544 3.614 3.670 3.719 3.769 3.818 3.871 3.925 3.925 4.033 4.088 4.142 4.149 4.090 3.930 3.771 3.612 3.452 3.293 3.134 2.974 2.828 2.786 2.744 2.816 2.816 2.973 3.131 3.288
0.638 0.703 0.764 0.834 0.928 0.994 1.029 1.065 1.066 1.135 1.170 1.205 1.239 1.291 1.348 1.404 1.607 1.915 2.223 2.531 2.839 3.146 3.422 3.600 3.600 3.958 4.136 4.315 4.084 3.849 3.613 3.378 3.271 3.190 3.109 3.028 2.947 2.866 2.785 2.760 2.761 3.003 3.073 3.143 3.213 3.283 3.353 3.424 3.494 3.565 3.639 3.710 3.765 3.819 3.873 3.927 3.927 4.036 4.090 4.144 4.114 4.055 3.989 3.829 3.670 3.511 3.351 3.192 3.033 2.928 2.885 2.843 2.759 2.759 2.886 3.044 3.201
0.638 0.703 0.765 0.835 0.929 0.995 1.031 1.066 1.067 1.136 1.171 1.206 1.240 1.292 1.348 1.405 1.608 1.916 2.223 2.531 2.839 3.147 3.422 3.600 3.601 3.958 4.137 4.315 4.085 3.849 3.614 3.378 3.271 3.190 3.109 3.028 2.947 2.866 2.786 2.760 2.761 3.003 3.073 3.143 3.214 3.284 3.354 3.424 3.494 3.566 3.639 3.711 3.765 3.819 3.873 3.928 3.928 4.036 4.090 4.144 4.114 4.055 3.989 3.829 3.670 3.511 3.351 3.192 3.033 2.928 2.886 2.843 2.759 2.759 2.887 3.044 3.201
0.574 0.640 0.702 0.792 0.886 0.979 1.029 1.064 1.065 1.134 1.169 1.204 1.242 1.299 1.355 1.411 1.468 1.699 2.007 2.315 2.623 2.930 3.162 3.341 3.341 3.698 3.877 4.055 4.215 3.980 3.744 3.532 3.451 3.370 3.289 3.208 3.127 3.046 2.965 2.884 2.885 2.953 3.023 3.094 3.166 3.237 3.309 3.380 3.452 3.523 3.604 3.698 3.767 3.821 3.876 3.930 3.930 4.038 4.092 4.137 4.078 4.020 3.961 3.888 3.728 3.569 3.410 3.250 3.091 3.027 2.985 2.943 2.858 2.858 2.816 2.957 3.114
0.446 0.513 0.609 0.705 0.799 0.892 0.984 1.060 1.061 1.130 1.164 1.199 1.255 1.311 1.368 1.424 1.480 1.536 1.593 1.882 2.190 2.463 2.642 2.820 2.821 3.178 3.356 3.535 3.714 3.893 4.005 3.891 3.795 3.667 3.539 3.412 3.284 3.156 3.029 2.901 2.902 2.884 2.937 3.009 3.080 3.152 3.223 3.295 3.366 3.439 3.533 3.627 3.721 3.814 3.880 3.934 3.934 4.043 4.097 4.066 4.007 3.948 3.889 3.830 3.771 3.685 3.526 3.367 3.267 3.225 3.183 3.141 3.057 3.057 3.015 2.972 2.940
0.383 0.468 0.567 0.662 0.756 0.849 0.941 1.033 1.034 1.128 1.163 1.205 1.262 1.318 1.374 1.431 1.487 1.543 1.599 1.666 1.973 2.203 2.382 2.560 2.561 2.918 3.096 3.287 3.484 3.681 3.861 3.856 3.728 3.601 3.473 3.345 3.217 3.090 2.962 2.834 2.835 2.870 2.912 2.966 3.038 3.109 3.181 3.252 3.324 3.404 3.498 3.591 3.685 3.779 3.873 3.937 3.937 4.045 4.089 4.030 3.972 3.913 3.854 3.795 3.736 3.677 3.584 3.425 3.367 3.324 3.282 3.240 3.156 3.156 3.099 3.022 2.945
0.320 0.426 0.524 0.619 0.713 0.806 0.898 0.989 0.990 1.126 1.161 1.212 1.268 1.325 1.381 1.437 1.493 1.550 1.606 1.662 1.757 1.944 2.141 2.338 2.338 2.731 2.928 3.125 3.322 3.518 3.646 3.671 3.662 3.534 3.406 3.279 3.151 3.023 2.895 2.773 2.773 2.857 2.898 2.940 2.995 3.067 3.138 3.210 3.281 3.368 3.462 3.556 3.650 3.744 3.838 3.931 3.931 4.047 4.054 3.995 3.936 3.877 3.818 3.759 3.700 3.641 3.582 3.508 3.453 3.376 3.299 3.222 3.069 3.069 2.992 2.915 2.844
0.277 0.384 0.482 0.577 0.670 0.762 0.854 0.946 0.947 1.124 1.162 1.219 1.275 1.331 1.388 1.443 1.498 1.553 1.608 1.663 1.713 1.782 1.979 2.175 2.175 2.569 2.766 2.962 3.159 3.356 3.430 3.456 3.481 3.468 3.340 3.212 3.084 2.957 2.829 2.759 2.759 2.842 2.884 2.926 2.968 3.024 3.096 3.167 3.239 3.333 3.427 3.521 3.615 3.708 3.802 3.896 3.896 4.050 4.018 3.960 3.901 3.842 3.787 3.756 3.725 3.695 3.664 3.516 3.346 3.269 3.192 3.115 2.962 2.962 2.885 2.808 2.763
0.234 0.341 0.439 0.534 0.627 0.720 0.812 0.903 0.904 1.086 1.167 1.222 1.278 1.333 1.388 1.443 1.498 1.553 1.608 1.663 1.706 1.742 1.816 2.013 2.013 2.406 2.603 2.800 2.997 3.190 3.215 3.240 3.265 3.291 3.273 3.146 3.018 2.890 2.763 2.745 2.745 2.829 2.871 2.912 2.954 2.996 3.053 3.124 3.204 3.298 3.392 3.486 3.579 3.673 3.767 3.861 3.861 4.053 4.036 4.005 3.975 3.944 3.914 3.883 3.852 3.822 3.791 3.572 3.324 3.162 3.086 3.009 2.855 2.855 2.778 2.702 2.683
0.195 0.303 0.401 0.495 0.589 0.681 0.773 0.865 0.865 1.047 1.143 1.222 1.277 1.332 1.387 1.442 1.497 1.552 1.607 1.662 1.700 1.735 1.771 1.850 1.851 2.244 2.441 2.637 2.834 2.974 2.999 3.024 3.050 3.075 3.100 3.079 2.951 2.824 2.696 2.731 2.731 2.815 2.857 2.898 2.940 2.982 3.024 3.082 3.169 3.262 3.356 3.451 3.550 3.648 3.746 3.844 3.845 4.045 4.154 4.132 4.102 4.071 4.040 4.010 3.979 3.948 3.875 3.628 3.380 3.132 2.979 2.902 2.748 2.748 2.671 2.602 2.602
0.160 0.264 0.362 0.457 0.550 0.642 0.734 0.826 0.826 1.010 1.106 1.201 1.276 1.331 1.386 1.441 1.496 1.551 1.606 1.657 1.693 1.728 1.764 1.800 1.800 2.081 2.278 2.475 2.671 2.759 2.784 2.809 2.834 2.860 2.885 2.910 2.885 2.757 2.675 2.717 2.717 2.801 2.843 2.885 2.926 2.968 2.996 3.013 3.145 3.244 3.342 3.440 3.539 3.637 3.735 3.834 3.834 4.038 4.147 4.256 4.228 4.198 4.167 4.137 4.106 4.075 3.931 3.683 3.436 3.188 2.940 2.795 2.642 2.642 2.565 2.522 2.522
0.200 0.221 0.322 0.417 0.511 0.603 0.695 0.787 0.787 0.973 1.069 1.164 1.260 1.330 1.385 1.440 1.495 1.550 1.605 1.650 1.685 1.721 1.757 1.793 1.793 1.919 2.115 2.312 2.509 2.543 2.568 2.594 2.619 2.644 2.669 2.695 2.720 2.691 2.661 2.703 2.703 2.770 2.787 2.803 2.819 2.836 2.852 2.917 3.100 3.233 3.331 3.430 3.528 3.626 3.724 3.823 3.823 4.030 4.139 4.248 4.355 4.325 4.294 4.263 4.233 4.202 3.987 3.739 3.492 3.244 2.996 2.748 2.535 2.535 2.458 2.441 2.441
0.237 0.192 0.282 0.378 0.472 0.564 0.656 0.748 0.748 0.936 1.032 1.127 1.222 1.318 1.384 1.439 1.494 1.549 1.604 1.643 1.678 1.714 1.750 1.786 1.786 1.858 1.953 2.149 2.303 2.328 2.353 2.378 2.403 2.429 2.454 2.479 2.513 2.551 2.577 2.593 2.594 2.626 2.643 2.659 2.676 2.692 2.709 2.824 3.007 3.190 3.320 3.419 3.517 3.615 3.714 3.812 3.812 4.023 4.132 4.241 4.350 4.451 4.421 4.390 4.359 4.290 4.043 3.795 3.547 3.300 3.052 2.804 2.428 2.428 2.361 2.361 2.361
0.276 0.228 0.237 0.338 0.432 0.525 0.617 0.709 0.709 0.899 0.995 1.090 1.185 1.280 1.376 1.438 1.493 1.548 1.600 1.636 1.671 1.707 1.743 1.779 1.779 1.851 1.887 1.987 2.087 2.112 2.137 2.170 2.207 2.245 2.283 2.321 2.359 2.396 2.425 2.449 2.450 2.482 2.499 2.515 2.532 2.549 2.565 2.731 2.914 3.097 3.279 3.408 3.506 3.604 3.703 3.801 3.801 4.015 4.124 4.233 4.342 4.451 4.548 4.517 4.486 4.346 4.098 3.851 3.603 3.355 3.108 2.860 2.364 2.364 2.281 2.285 2.301
0.317 0.264 0.218 0.297 0.393 0.486 0.578 0.670 0.671 0.862 0.957 1.053 1.148 1.243 1.338 1.434 1.492 1.547 1.593 1.628 1.664 1.700 1.736 1.772 1.772 1.844 1.877 1.903 1.902 1.940 1.978 2.016 2.053 2.091 2.129 2.167 2.205 2.239 2.269 2.298 2.299 2.339 2.355 2.372 2.388 2.405 2.455 2.638 2.821 3.003 3.186 3.369 3.495 3.593 3.692 3.790 3.790 4.008 4.117 4.226 4.335 4.444 4.553 4.644 4.613 4.402 4.154 3.906 3.659 3.411 3.165 2.918 2.426 2.426 2.303 2.297 2.314
0.358 0.302 0.252 0.251 0.352 0.446 0.538 0.633 0.633 0.825 0.920 1.015 1.111 1.206 1.301 1.396 1.491 1.546 1.585 1.621 1.657 1.693 1.721 1.747 1.747 1.799 1.825 1.843 1.798 1.786 1.824 1.862 1.899 1.937 1.975 2.013 2.051 2.083 2.112 2.141 2.142 2.195 2.211 2.228 2.245 2.261 2.362 2.545 2.728 2.910 3.093 3.276 3.458 3.583 3.681 3.782 3.782 4.000 4.109 4.218 4.327 4.436 4.545 4.654 4.706 4.459 4.213 3.967 3.721 3.475 3.229 2.983 2.504 2.504 2.416 2.328 2.326
0.399 0.341 0.288 0.241 0.310 0.406 0.499 0.595 0.596 0.788 0.883 0.978 1.073 1.168 1.264 1.359 1.454 1.539 1.565 1.591 1.617 1.643 1.669 1.695 1.695 1.747 1.773 1.772 1.728 1.683 1.670 1.708 1.745 1.783 1.821 1.859 1.897 1.926 1.956 1.985 1.986 2.044 2.068 2.084 2.101 2.118 2.269 2.452 2.635 2.817 3.000 3.183 3.365 3.548 3.670 3.775 3.775 3.993 4.102 4.212 4.324 4.436 4.547 4.659 4.663 4.524 4.277 4.031 3.785 3.539 3.293 3.047 2.617 2.617 2.529 2.441 2.353
0.441 0.382 0.326 0.276 0.264 0.365 0.461 0.558 0.559 0.750 0.846 0.941 1.036 1.140 1.254 1.367 1.481 1.547 1.514 1.539 1.565 1.591 1.617 1.643 1.643 1.695 1.721 1.702 1.657 1.613 1.568 1.554 1.591 1.629 1.667 1.705 1.740 1.770 1.799 1.829 1.829 1.888 1.917 1.941 1.957 1.993 2.176 2.359 2.542 2.724 2.907 3.090 3.272 3.455 3.644 3.772 3.772 3.996 4.108 4.219 4.331 4.443 4.555 4.666 4.599 4.485 4.342 4.095 3.849 3.603 3.357 3.111 2.730 2.730 2.642 2.554 2.466
0.440 0.380 0.322 0.270 0.259 0.363 0.461 0.558 0.559 0.751 0.846 0.941 1.036 1.141 1.254 1.367 1.481 1.547 1.515 1.540 1.565 1.591 1.617 1.643 1.643 1.695 1.721 1.702 1.657 1.613 1.568 1.554 1.591 1.629 1.667 1.705 1.741 1.770 1.799 1.829 1.830 1.888 1.917 1.941 1.958 1.993 2.176 2.359 2.542 2.725 2.908 3.090 3.273 3.455 3.644 3.773 3.773 3.996 4.108 4.220 4.332 4.443 4.555 4.667 4.600 4.485 4.342 4.096 3.850 3.604 3.358 3.111 2.730 2.730 2.642 2.554 2.467
0.529 0.422 0.360 0.304 0.257 0.319 0.423 0.520 0.521 0.726 0.840 0.953 1.067 1.180 1.293 1.407 1.520 1.559 1.527 1.495 1.514 1.540 1.565 1.591 1.591 1.644 1.670 1.632 1.587 1.542 1.498 1.453 1.437 1.475 1.513 1.551 1.584 1.614 1.643 1.672 1.673 1.731 1.761 1.790 1.814 1.900 2.083 2.266 2.449 2.638 2.831 3.024 3.216 3.409 3.596 3.766 3.766 4.004 4.115 4.227 4.339 4.451 4.562 4.650 4.536 4.421 4.306 4.160 3.914 3.668 3.422 3.176 2.843 2.843 2.755 2.667 2.579
