includes/camargue/floodfiles/results_R2_t1.562345283857E12/res-0012.wdfp
ncols         906
nrows         631
xllcorner     362177.146667
yllcorner     6534725.688020
cellsize      20.000000
NODATA_value  -9999.000000
[rows 510 to 543 of 631, columns 539 to 615 of 906]
0.001 0.000 0.000 0.000 0.000 0.000 0.000 0.001 0.002 0.005 0.007 0.008 0.008 0.009 0.009 0.009 0.009 0.006 0.007 0.006 0.006 0.005 0.004 0.004 0.004 0.004 0.004 0.003 0.003 0.003 0.003 0.003 0.004 0.002 0.002 0.002 0.002 0.002 0.002 0.002 0.002 0.002 0.002 0.002 0.002 0.001 0.001 0.002 0.004 0.002 0.002 0.002 0.002 0.003 0.003 0.009 0.065 0.110 0.139 0.145 0.151 0.157 0.163 0.169 0.175 0.176 0.187 0.193 0.199 0.205 0.211 0.226 0.243 0.271 0.298 0.325 0.353
0.002 0.000 0.000 0.001 0.001 0.000 0.001 0.000 0.002 0.006 0.008 0.009 0.010 0.011 0.011 0.011 0.012 0.008 0.009 0.009 0.009 0.008 0.006 0.005 0.005 0.005 0.005 0.004 0.004 0.004 0.004 0.004 0.005 0.003 0.003 0.003 0.003 0.003 0.003 0.003 0.003 0.003 0.003 0.003 0.002 0.002 0.001 0.002 0.004 0.002 0.002 0.002 0.003 0.003 0.004 0.053 0.100 0.144 0.186 0.192 0.198 0.204 0.210 0.216 0.222 0.223 0.234 0.240 0.248 0.270 0.291 0.312 0.325 0.337 0.350 0.362 0.374
0.001 0.001 0.000 0.001 0.000 0.000 0.000 0.000 0.002 0.005 0.007 0.009 0.010 0.010 0.011 0.011 0.012 0.009 0.011 0.010 0.009 0.008 0.006 0.005 0.005 0.005 0.005 0.005 0.004 0.004 0.004 0.004 0.006 0.003 0.003 0.003 0.003 0.003 0.003 0.003 0.003 0.003 0.003 0.003 0.003 0.002 0.002 0.001 0.004 0.001 0.002 0.002 0.002 0.003 0.009 0.071 0.117 0.162 0.205 0.216 0.222 0.228 0.234 0.240 0.246 0.247 0.258 0.270 0.292 0.313 0.334 0.356 0.369 0.382 0.394 0.407 0.419
0.001 0.000 0.000 0.000 0.000 0.000 0.000 0.000 0.002 0.005 0.007 0.008 0.009 0.010 0.011 0.011 0.013 0.010 0.011 0.010 0.009 0.008 0.006 0.005 0.005 0.005 0.005 0.005 0.005 0.005 0.004 0.005 0.006 0.003 0.004 0.004 0.004 0.003 0.003 0.003 0.003 0.003 0.003 0.003 0.003 0.003 0.002 0.002 0.003 0.001 0.002 0.002 0.002 0.002 0.036 0.089 0.135 0.179 0.223 0.241 0.247 0.253 0.258 0.264 0.270 0.271 0.292 0.314 0.335 0.356 0.378 0.399 0.413 0.426 0.438 0.451 0.463
0.001 0.000 0.000 0.000 0.000 0.000 0.000 0.000 0.002 0.004 0.006 0.008 0.009 0.010 0.011 0.013 0.013 0.012 0.011 0.011 0.010 0.008 0.006 0.006 0.006 0.005 0.005 0.005 0.005 0.005 0.005 0.005 0.006 0.003 0.004 0.004 0.004 0.004 0.004 0.004 0.004 0.003 0.003 0.003 0.003 0.003 0.002 0.002 0.003 0.001 0.001 0.001 0.002 0.003 0.060 0.108 0.153 0.197 0.240 0.265 0.271 0.277 0.282 0.288 0.294 0.295 0.336 0.357 0.378 0.399 0.421 0.442 0.457 0.470 0.482 0.495 0.507
0.001 0.000 0.000 0.000 0.001 0.000 0.000 0.001 0.001 0.004 0.006 0.007 0.009 0.011 0.012 0.013 0.013 0.012 0.011 0.011 0.010 0.009 0.007 0.006 0.006 0.006 0.006 0.005 0.005 0.005 0.005 0.005 0.006 0.004 0.004 0.004 0.004 0.004 0.004 0.004 0.004 0.004 0.003 0.003 0.003 0.003 0.003 0.002 0.003 0.001 0.001 0.001 0.001 0.022 0.080 0.126 0.170 0.214 0.257 0.289 0.295 0.300 0.306 0.314 0.336 0.336 0.379 0.400 0.421 0.442 0.463 0.484 0.501 0.513 0.526 0.538 0.550
0.001 0.000 0.001 0.001 0.000 0.000 0.001 0.000 0.001 0.004 0.005 0.008 0.011 0.012 0.012 0.012 0.012 0.012 0.012 0.011 0.010 0.009 0.007 0.006 0.006 0.006 0.006 0.006 0.005 0.005 0.005 0.005 0.006 0.004 0.004 0.004 0.004 0.004 0.004 0.004 0.004 0.003 0.003 0.003 0.003 0.003 0.003 0.002 0.004 0.001 0.002 0.002 0.013 0.064 0.103 0.144 0.188 0.231 0.274 0.313 0.318 0.324 0.336 0.357 0.379 0.379 0.421 0.442 0.463 0.485 0.506 0.527 0.544 0.556 0.569 0.581 0.594
0.001 0.001 0.000 0.000 0.000 0.000 0.000 0.000 0.001 0.004 0.007 0.009 0.011 0.011 0.012 0.012 0.012 0.012 0.012 0.011 0.010 0.009 0.007 0.006 0.006 0.006 0.006 0.006 0.006 0.006 0.005 0.005 0.007 0.004 0.004 0.005 0.004 0.004 0.004 0.004 0.004 0.003 0.003 0.003 0.003 0.003 0.003 0.003 0.004 0.002 0.002 0.014 0.065 0.104 0.140 0.176 0.212 0.248 0.291 0.334 0.342 0.357 0.379 0.400 0.421 0.422 0.463 0.485 0.506 0.527 0.548 0.569 0.587 0.600 0.612 0.625 0.637
0.001 0.000 0.000 0.000 0.000 0.000 0.000 0.000 0.001 0.005 0.008 0.009 0.010 0.011 0.011 0.012 0.012 0.012 0.012 0.011 0.010 0.009 0.007 0.007 0.006 0.006 0.006 0.006 0.006 0.006 0.006 0.006 0.007 0.004 0.005 0.004 0.004 0.004 0.004 0.004 0.004 0.004 0.004 0.004 0.004 0.003 0.003 0.003 0.005 0.002 0.014 0.065 0.104 0.141 0.177 0.212 0.248 0.283 0.319 0.354 0.379 0.400 0.421 0.442 0.463 0.464 0.506 0.527 0.548 0.569 0.590 0.611 0.630 0.643 0.655 0.668 0.680
0.001 0.000 0.000 0.000 0.000 0.000 0.000 0.002 0.003 0.005 0.006 0.008 0.010 0.011 0.011 0.011 0.012 0.011 0.011 0.011 0.010 0.009 0.007 0.007 0.007 0.007 0.007 0.006 0.006 0.006 0.006 0.006 0.007 0.004 0.004 0.004 0.004 0.004 0.004 0.004 0.004 0.004 0.004 0.004 0.004 0.004 0.003 0.003 0.005 0.002 0.067 0.104 0.141 0.177 0.212 0.248 0.283 0.319 0.355 0.396 0.423 0.443 0.463 0.484 0.506 0.506 0.548 0.569 0.590 0.611 0.632 0.653 0.673 0.685 0.698 0.710 0.723
0.001 0.000 0.000 0.000 0.000 0.000 0.001 0.003 0.004 0.005 0.006 0.007 0.008 0.010 0.011 0.011 0.011 0.011 0.011 0.011 0.010 0.009 0.007 0.007 0.007 0.007 0.007 0.007 0.007 0.006 0.006 0.006 0.007 0.004 0.004 0.004 0.004 0.004 0.004 0.004 0.004 0.004 0.004 0.004 0.004 0.004 0.004 0.003 0.008 0.013 0.103 0.140 0.176 0.212 0.247 0.283 0.318 0.357 0.398 0.439 0.468 0.487 0.507 0.527 0.547 0.548 0.590 0.611 0.632 0.653 0.674 0.695 0.716 0.728 0.741 0.753 0.766
0.001 0.000 0.000 0.000 0.001 0.001 0.002 0.004 0.005 0.006 0.007 0.007 0.007 0.007 0.009 0.010 0.011 0.011 0.011 0.011 0.010 0.009 0.007 0.007 0.007 0.007 0.007 0.007 0.007 0.007 0.006 0.006 0.007 0.004 0.005 0.005 0.005 0.004 0.004 0.004 0.004 0.004 0.004 0.004 0.004 0.004 0.004 0.016 0.056 0.061 0.139 0.175 0.211 0.247 0.282 0.318 0.359 0.400 0.441 0.482 0.512 0.532 0.552 0.572 0.592 0.592 0.632 0.652 0.674 0.695 0.716 0.737 0.758 0.771 0.783 0.796 0.807
0.001 0.000 0.000 0.000 0.001 0.002 0.003 0.005 0.007 0.007 0.007 0.007 0.008 0.008 0.008 0.007 0.009 0.010 0.010 0.011 0.010 0.009 0.007 0.007 0.007 0.007 0.007 0.007 0.007 0.006 0.006 0.006 0.008 0.004 0.005 0.005 0.005 0.005 0.005 0.005 0.004 0.004 0.004 0.004 0.004 0.011 0.043 0.067 0.095 0.099 0.173 0.210 0.246 0.281 0.320 0.361 0.402 0.443 0.484 0.525 0.556 0.576 0.596 0.616 0.636 0.636 0.676 0.696 0.716 0.736 0.757 0.778 0.799 0.813 0.826 0.831 0.826
0.005 0.005 0.005 0.006 0.007 0.008 0.010 0.012 0.014 0.013 0.013 0.014 0.014 0.013 0.013 0.012 0.012 0.015 0.011 0.013 0.013 0.012 0.010 0.011 0.011 0.011 0.011 0.010 0.011 0.011 0.011 0.011 0.014 0.008 0.010 0.010 0.010 0.010 0.009 0.009 0.009 0.009 0.009 0.010 0.035 0.062 0.085 0.106 0.133 0.135 0.208 0.244 0.280 0.321 0.362 0.403 0.444 0.485 0.526 0.567 0.600 0.620 0.640 0.660 0.680 0.680 0.720 0.740 0.760 0.780 0.800 0.820 0.841 0.856 0.855 0.850 0.845
0.002 0.002 0.002 0.003 0.004 0.005 0.006 0.007 0.008 0.007 0.007 0.007 0.007 0.007 0.007 0.006 0.006 0.008 0.006 0.007 0.008 0.007 0.006 0.006 0.007 0.007 0.007 0.006 0.006 0.006 0.006 0.006 0.008 0.005 0.005 0.006 0.005 0.005 0.005 0.005 0.005 0.005 0.008 0.021 0.046 0.069 0.090 0.109 0.135 0.137 0.210 0.246 0.281 0.322 0.363 0.404 0.446 0.486 0.527 0.568 0.601 0.621 0.641 0.661 0.681 0.681 0.721 0.741 0.761 0.781 0.801 0.821 0.842 0.857 0.856 0.851 0.847
0.002 0.003 0.003 0.003 0.004 0.005 0.006 0.007 0.008 0.007 0.007 0.007 0.007 0.007 0.006 0.006 0.005 0.008 0.004 0.005 0.006 0.006 0.005 0.006 0.006 0.006 0.006 0.006 0.006 0.006 0.006 0.006 0.009 0.005 0.006 0.006 0.006 0.006 0.006 0.007 0.017 0.042 0.061 0.077 0.094 0.111 0.130 0.148 0.172 0.174 0.245 0.282 0.324 0.365 0.406 0.447 0.488 0.529 0.570 0.611 0.646 0.665 0.685 0.705 0.725 0.726 0.765 0.785 0.805 0.825 0.845 0.865 0.883 0.880 0.875 0.870 0.865
0.031 0.030 0.022 0.016 0.012 0.010 0.009 0.009 0.010 0.008 0.007 0.006 0.006 0.006 0.005 0.005 0.004 0.007 0.004 0.004 0.004 0.004 0.004 0.004 0.004 0.005 0.005 0.005 0.005 0.005 0.005 0.005 0.007 0.004 0.005 0.006 0.007 0.013 0.035 0.055 0.072 0.088 0.104 0.120 0.136 0.151 0.167 0.184 0.208 0.209 0.284 0.325 0.366 0.408 0.448 0.490 0.530 0.571 0.612 0.653 0.690 0.709 0.729 0.749 0.769 0.770 0.809 0.829 0.849 0.869 0.889 0.900 0.901 0.899 0.894 0.889 0.884
0.150 0.150 0.144 0.138 0.132 0.126 0.120 0.115 0.109 0.092 0.074 0.054 0.026 0.009 0.007 0.006 0.005 0.009 0.004 0.005 0.005 0.004 0.003 0.004 0.005 0.005 0.006 0.006 0.006 0.006 0.006 0.007 0.011 0.008 0.052 0.071 0.088 0.103 0.119 0.135 0.150 0.166 0.181 0.196 0.211 0.226 0.241 0.264 0.292 0.293 0.368 0.409 0.450 0.491 0.532 0.573 0.614 0.655 0.696 0.737 0.776 0.796 0.816 0.836 0.856 0.856 0.896 0.916 0.932 0.933 0.934 0.936 0.937 0.936 0.931 0.926 0.921
0.203 0.203 0.197 0.191 0.185 0.179 0.173 0.167 0.161 0.144 0.126 0.108 0.089 0.071 0.051 0.023 0.008 0.012 0.005 0.005 0.004 0.003 0.002 0.003 0.004 0.005 0.005 0.006 0.006 0.006 0.009 0.025 0.050 0.054 0.092 0.110 0.126 0.142 0.157 0.173 0.188 0.203 0.219 0.234 0.249 0.268 0.293 0.317 0.345 0.346 0.417 0.453 0.492 0.533 0.574 0.615 0.656 0.697 0.738 0.779 0.820 0.840 0.860 0.880 0.900 0.900 0.939 0.949 0.950 0.951 0.953 0.954 0.955 0.955 0.950 0.945 0.940
0.256 0.256 0.250 0.244 0.238 0.232 0.226 0.220 0.214 0.196 0.179 0.161 0.143 0.125 0.107 0.089 0.071 0.070 0.012 0.004 0.003 0.002 0.001 0.003 0.004 0.005 0.005 0.006 0.010 0.032 0.055 0.074 0.093 0.095 0.131 0.149 0.164 0.180 0.195 0.211 0.226 0.241 0.256 0.272 0.297 0.321 0.346 0.370 0.398 0.399 0.470 0.506 0.541 0.577 0.616 0.657 0.698 0.739 0.780 0.821 0.861 0.883 0.903 0.923 0.943 0.943 0.966 0.967 0.968 0.970 0.971 0.972 0.974 0.973 0.969 0.964 0.959
0.308 0.309 0.303 0.297 0.291 0.285 0.279 0.272 0.266 0.249 0.231 0.214 0.196 0.179 0.161 0.143 0.117 0.116 0.062 0.028 0.003 0.002 0.000 0.002 0.004 0.006 0.019 0.043 0.061 0.079 0.098 0.116 0.134 0.135 0.169 0.187 0.203 0.218 0.233 0.248 0.264 0.278 0.301 0.325 0.350 0.374 0.399 0.423 0.451 0.451 0.522 0.558 0.594 0.629 0.665 0.701 0.740 0.781 0.822 0.862 0.903 0.927 0.947 0.967 0.982 0.982 0.984 0.985 0.987 0.988 0.989 0.991 0.992 0.992 0.987 0.982 0.978
0.329 0.329 0.347 0.350 0.344 0.337 0.331 0.325 0.318 0.301 0.284 0.266 0.249 0.231 0.208 0.183 0.157 0.157 0.105 0.079 0.051 0.011 0.003 0.014 0.039 0.058 0.075 0.091 0.107 0.122 0.138 0.155 0.172 0.173 0.208 0.225 0.240 0.255 0.271 0.286 0.304 0.329 0.354 0.378 0.403 0.427 0.452 0.476 0.503 0.504 0.575 0.610 0.646 0.682 0.717 0.753 0.789 0.825 0.863 0.904 0.945 0.970 0.990 0.999 1.000 1.000 1.002 1.004 1.005 1.006 1.007 1.009 1.010 1.011 1.006 1.001 0.996
0.342 0.342 0.359 0.376 0.393 0.390 0.384 0.378 0.371 0.353 0.336 0.319 0.298 0.273 0.248 0.223 0.198 0.197 0.147 0.121 0.096 0.070 0.059 0.074 0.089 0.104 0.120 0.135 0.150 0.165 0.180 0.195 0.211 0.211 0.245 0.263 0.278 0.293 0.308 0.333 0.357 0.382 0.407 0.431 0.456 0.480 0.504 0.529 0.556 0.556 0.627 0.663 0.698 0.734 0.770 0.805 0.841 0.877 0.913 0.948 0.987 1.014 1.015 1.017 1.018 1.018 1.020 1.022 1.023 1.024 1.026 1.027 1.028 1.030 1.025 1.020 1.015
0.354 0.355 0.372 0.389 0.406 0.423 0.436 0.430 0.423 0.406 0.388 0.363 0.338 0.313 0.288 0.263 0.238 0.237 0.187 0.162 0.137 0.112 0.104 0.118 0.133 0.148 0.162 0.177 0.192 0.207 0.222 0.237 0.252 0.252 0.283 0.300 0.315 0.336 0.361 0.386 0.410 0.435 0.459 0.484 0.508 0.533 0.557 0.582 0.608 0.608 0.679 0.715 0.751 0.786 0.822 0.858 0.893 0.929 0.965 1.000 1.023 1.029 1.033 1.035 1.036 1.036 1.038 1.040 1.041 1.042 1.044 1.045 1.046 1.048 1.043 1.039 1.034
0.367 0.368 0.385 0.402 0.419 0.436 0.452 0.469 0.475 0.452 0.427 0.402 0.377 0.353 0.328 0.303 0.278 0.277 0.228 0.203 0.178 0.153 0.146 0.160 0.175 0.190 0.204 0.219 0.234 0.249 0.264 0.278 0.293 0.294 0.323 0.339 0.365 0.389 0.414 0.439 0.463 0.488 0.512 0.536 0.561 0.585 0.610 0.634 0.660 0.661 0.732 0.767 0.803 0.839 0.874 0.910 0.946 0.981 1.017 1.025 1.028 1.033 1.040 1.048 1.054 1.054 1.056 1.058 1.059 1.060 1.062 1.063 1.064 1.066 1.062 1.057 1.053
0.380 0.380 0.397 0.414 0.431 0.448 0.465 0.485 0.502 0.488 0.467 0.442 0.417 0.392 0.367 0.342 0.317 0.317 0.268 0.243 0.218 0.193 0.187 0.202 0.217 0.231 0.246 0.261 0.275 0.290 0.305 0.319 0.334 0.335 0.361 0.375 0.409 0.442 0.467 0.491 0.516 0.540 0.565 0.589 0.613 0.638 0.662 0.687 0.712 0.713 0.784 0.820 0.855 0.891 0.926 0.962 0.998 1.025 1.027 1.030 1.032 1.037 1.044 1.052 1.060 1.060 1.074 1.076 1.077 1.078 1.080 1.081 1.082 1.084 1.081 1.076 1.071
0.393 0.393 0.410 0.427 0.444 0.462 0.484 0.507 0.523 0.509 0.495 0.482 0.457 0.432 0.407 0.382 0.357 0.357 0.307 0.283 0.258 0.233 0.228 0.243 0.258 0.272 0.287 0.302 0.316 0.331 0.346 0.360 0.373 0.374 0.397 0.411 0.445 0.479 0.512 0.544 0.568 0.593 0.617 0.642 0.666 0.690 0.715 0.739 0.765 0.765 0.836 0.872 0.907 0.943 0.979 1.014 1.027 1.029 1.032 1.034 1.036 1.041 1.048 1.056 1.064 1.064 1.079 1.087 1.095 1.096 1.098 1.099 1.101 1.102 1.099 1.094 1.090
0.406 0.406 0.423 0.440 0.462 0.484 0.506 0.528 0.544 0.530 0.516 0.502 0.489 0.471 0.447 0.422 0.397 0.397 0.347 0.323 0.298 0.273 0.270 0.284 0.299 0.313 0.328 0.343 0.357 0.372 0.386 0.397 0.409 0.410 0.433 0.447 0.480 0.514 0.548 0.582 0.615 0.645 0.670 0.694 0.718 0.743 0.767 0.792 0.817 0.817 0.888 0.924 0.959 0.995 1.027 1.029 1.031 1.033 1.036 1.038 1.040 1.044 1.052 1.060 1.067 1.068 1.083 1.091 1.098 1.106 1.114 1.117 1.119 1.120 1.118 1.113 1.135
0.419 0.419 0.440 0.462 0.484 0.506 0.528 0.550 0.565 0.551 0.537 0.523 0.509 0.496 0.482 0.461 0.437 0.437 0.387 0.362 0.338 0.313 0.310 0.325 0.340 0.354 0.369 0.384 0.398 0.410 0.422 0.433 0.445 0.445 0.468 0.482 0.516 0.550 0.584 0.617 0.651 0.685 0.718 0.747 0.771 0.795 0.820 0.844 0.869 0.869 0.940 0.976 1.011 1.028 1.031 1.033 1.035 1.038 1.040 1.042 1.045 1.048 1.056 1.064 1.071 1.072 1.087 1.095 1.102 1.110 1.118 1.126 1.133 1.138 1.136 1.183 1.246
0.439 0.439 0.462 0.484 0.506 0.528 0.550 0.572 0.585 0.572 0.558 0.544 0.530 0.516 0.503 0.489 0.475 0.475 0.427 0.402 0.377 0.353 0.351 0.366 0.381 0.395 0.410 0.423 0.434 0.446 0.458 0.469 0.481 0.481 0.504 0.518 0.552 0.585 0.619 0.653 0.686 0.720 0.754 0.787 0.821 0.848 0.872 0.896 0.921 0.921 0.992 1.028 1.030 1.033 1.035 1.037 1.040 1.042 1.044 1.047 1.049 1.052 1.060 1.068 1.075 1.076 1.091 1.098 1.106 1.114 1.122 1.129 1.137 1.153 1.228 1.293 1.356
0.440 0.440 0.462 0.485 0.507 0.529 0.551 0.573 0.586 0.572 0.559 0.545 0.531 0.517 0.503 0.490 0.476 0.476 0.428 0.403 0.378 0.354 0.352 0.367 0.381 0.396 0.410 0.423 0.435 0.447 0.458 0.470 0.482 0.482 0.505 0.519 0.552 0.586 0.620 0.653 0.687 0.721 0.754 0.788 0.821 0.848 0.872 0.897 0.921 0.922 0.993 1.028 1.031 1.033 1.035 1.038 1.040 1.042 1.045 1.047 1.049 1.053 1.060 1.068 1.076 1.076 1.091 1.099 1.107 1.114 1.122 1.130 1.138 1.154 1.228 1.294 1.357
0.462 0.462 0.485 0.507 0.529 0.551 0.573 0.595 0.607 0.593 0.579 0.566 0.552 0.538 0.524 0.511 0.497 0.497 0.468 0.443 0.418 0.394 0.393 0.408 0.422 0.436 0.448 0.459 0.471 0.482 0.494 0.506 0.517 0.518 0.541 0.554 0.588 0.622 0.655 0.689 0.723 0.756 0.790 0.823 0.857 0.891 0.924 0.949 0.973 0.974 1.030 1.033 1.035 1.037 1.040 1.042 1.044 1.047 1.049 1.051 1.054 1.056 1.064 1.072 1.079 1.080 1.095 1.103 1.111 1.118 1.126 1.134 1.175 1.254 1.330 1.397 1.463
0.484 0.484 0.506 0.529 0.551 0.573 0.595 0.617 0.628 0.614 0.600 0.586 0.573 0.559 0.545 0.531 0.518 0.518 0.490 0.477 0.458 0.433 0.434 0.448 0.460 0.472 0.484 0.495 0.507 0.518 0.530 0.541 0.553 0.553 0.576 0.590 0.624 0.657 0.691 0.725 0.758 0.792 0.825 0.859 0.893 0.926 0.960 0.993 1.026 1.026 1.034 1.037 1.039 1.041 1.044 1.046 1.048 1.051 1.053 1.055 1.058 1.060 1.068 1.076 1.083 1.084 1.099 1.107 1.114 1.122 1.130 1.196 1.276 1.355 1.432 1.499 1.565
0.527 0.527 0.549 0.572 0.594 0.616 0.638 0.660 0.669 0.655 0.641 0.627 0.614 0.600 0.586 0.572 0.559 0.559 0.531 0.518 0.507 0.503 0.509 0.520 0.531 0.543 0.554 0.566 0.578 0.589 0.601 0.612 0.624 0.624 0.647 0.661 0.694 0.728 0.762 0.795 0.829 0.862 0.896 0.929 0.963 0.997 1.020 1.041 1.063 1.063 1.057 1.052 1.048 1.049 1.052 1.054 1.056 1.059 1.061 1.063 1.066 1.068 1.075 1.083 1.090 1.091 1.106 1.114 1.159 1.238 1.318 1.397 1.476 1.556 1.635 1.702 1.768
