includes/camargue/floodfiles/results_R2_t1.562345283857E12/res-0006.wdfp
ncols         906
nrows         631
xllcorner     362177.146667
yllcorner     6534725.688020
cellsize      20.000000
NODATA_value  -9999.000000
[rows 476 to 509 of 631, columns 308 to 384 of 906]
0.060 1.174 0.404 0.000 1.731 0.920 0.920 1.500 2.210 1.000 1.071 0.741 1.121 0.603 0.545 0.688 0.699 0.860 0.382 0.864 0.633 0.000 0.000 0.276 0.968 0.798 0.749 0.251 0.407 0.502 0.298 0.005 0.527 1.216 1.386 1.397 1.288 1.178 0.479 0.479 0.921 0.931 0.732 0.187 2.075 1.115 1.585 1.595 0.736 1.406 1.646 0.547 1.628 1.658 0.658 0.658 0.748 0.099 0.350 0.550 1.631 1.501 0.701 1.751 1.691 0.731 1.441 1.081 1.901 1.811 0.272 0.272 1.082 1.372 1.342 0.992 0.812
0.355 0.001 0.000 0.000 0.790 1.420 1.420 1.030 0.930 0.960 0.980 1.021 1.031 0.502 0.594 0.476 0.658 0.718 0.656 0.465 0.962 0.936 0.935 0.000 0.818 1.059 0.441 0.917 0.749 0.406 0.512 0.653 0.000 1.272 1.242 1.316 1.328 1.438 1.038 1.038 0.280 0.981 0.112 2.856 0.000 1.685 1.265 0.745 1.686 1.626 1.266 0.507 1.728 1.718 1.458 1.458 1.618 0.518 1.768 0.450 1.371 0.851 1.631 1.721 0.911 1.431 1.361 1.111 0.651 1.451 0.362 0.362 0.332 1.322 0.742 0.542 0.492
0.475 0.000 0.000 2.299 2.129 2.249 2.249 0.940 0.860 0.950 1.050 0.950 1.020 1.050 0.511 0.292 0.203 0.383 0.602 0.797 0.684 1.479 1.479 1.869 0.000 0.000 0.000 0.959 1.090 0.837 0.327 0.590 0.859 0.782 1.157 0.000 1.488 1.508 1.838 1.838 0.000 0.970 0.640 0.000 1.585 1.085 1.135 1.645 1.596 0.786 1.377 1.707 0.868 1.078 1.938 1.938 1.688 1.588 1.828 0.340 1.451 1.431 1.701 1.711 1.351 1.581 0.971 1.551 0.971 1.391 0.922 0.922 1.162 1.502 1.082 1.812 1.772
0.105 0.000 2.259 2.259 2.369 2.349 2.349 0.999 0.920 1.010 0.940 0.980 1.130 0.830 0.950 1.140 0.510 0.440 0.873 0.821 1.869 2.049 2.049 1.919 2.009 1.779 1.099 0.000 0.000 0.512 1.706 0.870 1.197 0.803 1.075 1.014 0.000 1.298 0.268 0.268 0.909 1.799 0.000 0.185 1.885 1.385 0.635 0.415 0.816 0.616 1.677 1.177 1.738 0.578 1.648 1.648 1.298 1.768 0.229 1.500 1.060 1.631 0.491 1.671 0.991 1.091 0.941 0.921 1.801 0.951 0.822 0.822 1.002 1.292 1.912 0.952 1.062
0.000 2.349 2.379 2.499 2.169 2.329 2.329 1.049 1.055 0.960 0.940 1.030 1.110 0.770 1.119 1.159 1.169 1.289 0.832 1.949 1.979 1.959 1.959 2.039 2.159 1.899 2.099 1.759 0.000 0.000 0.356 0.131 0.916 1.159 0.770 0.770 0.536 0.000 0.958 0.958 1.678 0.000 1.148 0.000 1.595 0.955 1.885 0.495 1.606 1.656 0.817 1.637 0.678 1.798 1.588 1.588 1.928 0.309 1.670 1.530 1.490 0.511 1.681 1.731 1.041 1.011 1.211 1.631 1.051 1.251 1.032 1.032 1.962 1.642 1.072 1.212 0.952
2.309 2.279 2.459 2.359 2.309 2.369 2.369 2.359 0.995 0.890 0.849 0.990 0.930 1.090 1.059 1.149 1.199 0.888 0.942 2.069 2.039 2.079 2.079 2.219 2.269 1.899 2.019 1.979 2.069 1.339 0.000 0.000 0.948 0.218 0.377 0.113 0.840 0.770 0.000 0.000 1.818 1.788 1.218 1.628 0.000 1.584 1.845 1.725 1.696 0.717 1.797 0.938 1.458 1.198 0.128 0.129 1.699 1.539 1.569 0.430 1.220 1.651 1.751 0.811 1.331 0.991 1.341 1.141 1.181 1.401 1.792 1.792 1.562 1.152 1.102 1.182 1.332
2.469 2.459 2.589 2.499 2.499 2.359 2.359 2.279 2.439 2.469 0.918 0.891 1.019 0.949 1.049 1.139 0.901 0.877 2.159 2.129 2.149 2.159 2.159 2.269 2.149 2.179 2.109 2.079 2.089 1.819 0.908 0.000 0.981 0.934 0.482 0.799 0.859 0.769 0.004 0.006 0.356 1.128 0.858 1.058 1.111 1.653 1.564 1.375 0.596 1.367 1.807 1.748 1.398 1.768 1.699 1.699 1.249 1.579 0.140 1.610 1.760 1.711 0.821 1.231 1.071 0.831 1.301 1.081 0.971 0.961 1.072 1.072 1.142 0.972 1.762 1.512 1.132
2.460 2.549 2.469 2.619 2.519 2.479 2.479 2.539 2.479 2.459 2.389 0.922 0.881 0.934 1.209 0.991 0.976 2.089 2.219 2.189 2.189 2.249 2.249 2.259 2.229 2.399 2.199 2.149 2.209 2.139 1.399 0.000 0.000 0.988 0.718 0.887 0.737 0.918 0.819 0.821 2.043 0.000 0.897 1.027 1.097 0.000 0.665 0.745 1.617 1.727 1.047 1.728 1.778 0.428 1.239 1.239 1.739 0.639 1.670 1.750 1.290 1.271 1.251 0.901 1.711 1.171 0.941 0.851 1.841 1.681 1.192 1.192 1.242 1.352 1.052 1.112 0.832
2.610 2.650 2.679 2.569 2.519 2.499 2.499 2.509 2.469 2.559 2.419 2.339 2.459 0.914 1.033 0.938 2.439 2.309 2.379 2.359 2.279 2.159 2.159 2.599 2.299 2.299 2.239 2.189 2.209 2.079 1.589 1.049 0.000 0.954 0.944 0.564 0.855 0.855 0.156 0.158 1.043 1.213 0.000 1.065 1.053 1.152 0.000 0.000 1.677 1.727 1.737 0.788 1.218 1.609 1.339 1.339 0.989 1.569 1.430 0.880 1.330 1.211 1.221 1.661 1.141 1.531 1.091 1.631 1.141 1.201 1.282 1.282 1.362 1.122 1.782 1.432 1.182
2.670 2.630 2.650 2.539 2.579 2.509 2.509 2.549 2.499 2.509 2.529 2.489 2.389 2.469 2.349 2.529 2.449 2.439 2.389 2.309 2.349 2.359 2.359 2.399 2.439 2.309 2.199 2.269 2.169 2.079 1.779 1.549 0.000 0.830 0.930 0.930 0.671 0.772 0.312 0.313 0.169 1.243 1.213 0.000 0.956 1.211 0.861 1.052 0.000 1.697 0.557 1.638 1.688 1.729 1.499 1.499 1.539 1.789 0.540 1.260 1.050 1.821 1.801 0.781 1.521 0.721 1.571 1.141 1.161 1.201 1.292 1.292 1.012 1.162 1.042 0.942 1.802
2.740 2.770 2.580 2.610 2.540 2.660 2.659 2.559 2.519 2.629 2.529 2.619 2.569 2.529 2.439 2.449 2.539 2.449 2.399 2.409 2.399 2.339 2.339 2.419 2.389 2.429 2.269 2.209 2.089 2.119 1.999 1.639 0.273 0.509 0.956 0.847 0.818 1.200 1.130 1.132 1.097 1.162 1.164 1.249 0.810 0.002 1.222 0.337 0.524 1.067 0.308 1.048 1.669 1.099 1.649 1.649 0.659 0.680 1.070 0.850 1.641 1.811 0.911 1.551 1.171 1.391 1.411 1.141 1.371 1.301 1.432 1.432 1.592 1.532 1.072 0.782 1.082
2.860 2.720 2.740 2.690 2.690 2.630 2.629 2.549 2.579 2.569 2.579 2.719 2.639 2.589 2.559 2.509 2.509 2.519 2.599 2.529 2.389 2.519 2.519 2.489 2.369 2.329 2.359 2.349 2.209 2.269 2.089 1.679 1.050 0.280 0.922 0.973 0.766 0.818 1.740 1.740 0.327 1.142 1.194 1.229 1.371 1.231 0.000 0.000 0.206 0.000 0.118 0.429 0.909 1.499 0.599 0.599 0.529 1.250 1.240 1.860 1.361 1.761 1.471 1.221 0.901 0.971 0.981 0.481 0.871 1.041 1.492 1.492 1.702 1.122 0.492 0.922 1.322
2.810 2.750 2.800 2.710 2.830 2.690 2.689 2.569 2.729 2.739 2.729 2.759 2.719 2.619 2.499 2.699 2.569 2.469 2.469 2.479 2.429 2.479 2.479 2.539 2.439 2.439 2.349 2.269 2.219 2.149 2.289 2.019 1.259 0.086 0.939 0.938 0.559 0.897 2.180 2.180 0.000 1.528 0.262 1.289 1.161 1.241 0.001 0.000 0.247 0.318 0.339 0.379 0.579 0.709 0.599 0.599 0.649 0.570 0.800 0.860 1.681 1.191 0.901 0.901 1.181 0.901 1.031 0.841 1.291 1.671 0.952 0.952 1.422 1.172 1.112 1.102 1.042
2.770 2.790 2.800 2.750 2.760 2.660 2.660 2.810 2.749 2.759 2.889 2.740 2.570 2.669 2.590 2.550 2.500 2.550 2.490 2.479 2.599 2.569 2.569 2.499 2.379 2.400 2.399 2.340 2.230 2.189 2.089 2.119 1.399 0.000 0.190 0.900 0.850 0.502 2.040 2.040 1.263 1.264 1.074 0.000 1.201 1.351 1.132 0.002 0.001 0.000 0.499 1.049 1.199 1.309 1.269 1.269 0.869 0.590 1.720 1.280 0.000 1.041 0.751 1.211 0.731 0.991 1.411 1.471 1.261 1.471 0.872 0.872 2.042 2.032 0.692 1.062 1.092
2.900 2.850 2.830 2.820 2.780 2.930 2.930 2.890 2.840 2.840 2.810 2.700 2.730 2.620 2.590 2.740 2.620 2.520 2.580 2.610 2.700 2.710 2.710 2.540 2.500 2.390 2.390 2.310 2.280 2.259 2.199 2.009 1.309 0.000 1.400 1.193 1.215 1.297 0.452 0.460 1.244 1.694 1.744 1.574 0.024 0.119 0.327 0.000 0.658 0.748 1.429 0.000 0.039 0.439 1.019 1.019 0.529 0.550 0.370 1.200 0.861 0.741 0.911 0.771 0.831 0.881 1.061 1.371 1.491 1.231 1.132 1.132 1.742 0.622 1.302 0.832 0.652
2.900 2.870 2.870 2.950 2.920 2.880 2.880 2.760 2.860 2.830 2.850 2.800 2.790 2.830 2.670 2.750 2.620 2.690 2.730 2.750 2.650 2.640 2.640 2.480 2.610 2.410 2.540 2.390 2.280 2.130 2.180 2.019 0.909 0.000 1.176 1.137 1.097 0.507 0.000 0.000 1.394 1.274 1.704 0.000 0.258 1.218 1.358 0.918 1.058 0.368 1.469 0.569 1.089 0.879 0.000 0.000 0.000 0.000 0.350 0.240 0.721 0.751 0.661 0.571 0.941 0.721 0.871 1.151 1.301 0.441 1.012 1.012 0.852 0.872 0.632 1.112 1.042
2.900 2.870 2.870 2.950 2.920 2.880 2.880 2.760 2.860 2.830 2.850 2.800 2.790 2.830 2.670 2.750 2.620 2.690 2.730 2.750 2.650 2.640 2.640 2.480 2.610 2.410 2.540 2.390 2.280 2.130 2.180 2.019 0.909 0.000 1.168 1.132 1.093 0.493 0.000 0.000 1.394 1.274 1.704 0.000 0.258 1.218 1.358 0.918 1.058 0.368 1.469 0.569 1.089 0.879 0.000 0.000 0.000 0.000 0.350 0.240 0.721 0.751 0.661 0.571 0.941 0.721 0.871 1.151 1.301 0.441 1.012 1.012 0.852 0.872 0.632 1.112 1.042
2.940 2.920 2.970 2.880 3.040 2.930 2.930 2.850 2.820 2.940 2.840 2.720 2.720 2.710 2.730 2.760 2.670 2.700 2.720 2.760 2.760 2.670 2.670 2.650 2.640 2.440 2.480 2.480 2.250 2.310 1.970 1.660 0.043 0.135 1.090 0.017 0.357 0.924 0.000 0.000 1.314 1.344 1.344 0.004 0.000 1.268 1.188 0.848 0.548 0.868 0.318 0.000 1.319 1.079 0.929 0.930 0.970 0.640 0.600 1.090 0.021 0.000 0.061 0.321 0.691 0.841 1.501 0.421 0.361 0.091 0.852 0.852 1.152 1.092 0.842 0.922 0.912
3.141 2.950 3.070 3.120 2.940 2.920 2.920 2.830 2.930 2.980 3.000 2.900 2.950 2.910 2.770 2.790 2.860 2.860 2.790 2.660 2.720 2.800 2.800 2.780 2.670 2.651 2.591 2.521 2.471 2.241 0.501 0.001 0.000 0.697 1.100 0.935 1.334 1.364 2.303 2.303 0.000 0.000 0.000 0.000 0.000 0.628 1.238 0.838 1.098 0.948 1.098 0.419 1.159 1.399 0.889 0.890 0.900 0.680 0.980 1.080 1.000 0.130 1.281 1.141 1.241 1.111 0.701 1.141 0.721 1.311 0.122 0.122 0.000 0.022 0.222 0.812 0.662
3.131 3.041 3.190 3.050 2.990 2.950 2.950 3.030 3.200 2.930 3.000 2.980 2.880 2.980 2.800 2.830 2.790 2.910 2.880 2.820 2.770 2.910 2.910 2.660 2.751 2.761 2.671 2.571 2.531 2.551 1.731 1.182 1.392 1.583 1.523 1.593 1.813 2.033 2.713 2.713 2.463 2.303 2.233 1.943 0.000 0.000 1.108 0.928 0.348 0.908 1.208 0.000 0.389 1.079 0.949 0.950 0.720 0.930 1.090 0.920 1.230 0.840 1.381 0.401 0.851 1.231 0.931 1.441 1.271 0.911 1.422 1.422 1.532 1.232 1.662 1.522 0.142
3.161 3.151 3.141 3.101 3.070 3.010 3.010 3.030 3.080 3.090 3.070 3.100 3.070 2.960 2.950 2.910 2.910 2.810 2.880 2.840 2.920 2.750 2.751 2.981 2.891 2.821 2.741 2.671 2.661 2.541 2.422 1.972 2.232 1.842 1.703 1.833 2.513 2.483 2.713 2.713 2.793 2.573 2.333 2.393 2.003 0.000 1.038 0.918 1.148 1.208 1.298 0.179 0.569 1.129 0.639 0.640 0.630 1.050 0.770 0.670 1.010 0.630 0.801 0.000 0.000 0.000 0.000 0.000 1.161 1.562 1.422 1.422 1.292 1.312 0.612 1.482 1.202
3.231 3.191 3.091 3.111 3.170 3.110 3.110 3.110 3.060 3.050 3.130 3.120 3.100 3.170 2.990 2.880 3.020 3.000 2.901 2.851 2.970 2.951 2.951 2.871 2.891 2.871 2.801 2.811 2.671 2.662 2.652 2.422 2.672 2.512 2.492 2.693 2.613 2.523 2.693 2.693 2.743 2.593 2.563 2.423 2.263 0.000 1.238 1.048 1.148 1.268 0.968 0.419 1.449 1.329 0.069 0.070 0.620 0.630 0.720 0.000 0.000 0.000 0.000 0.000 2.348 2.428 2.358 0.000 0.000 0.000 0.000 0.000 0.000 0.000 0.000 0.000 0.000
3.101 3.131 3.201 3.271 3.070 3.151 3.150 3.120 3.140 3.090 3.100 3.080 3.050 3.060 3.040 3.021 2.981 3.011 2.941 3.001 2.851 2.791 2.791 2.911 3.061 2.911 2.991 2.881 2.811 2.722 2.772 2.792 2.642 2.942 2.873 2.763 2.763 2.613 2.933 2.933 2.853 2.603 2.553 2.603 2.613 0.000 0.000 0.000 0.000 0.918 1.108 0.309 0.199 0.579 0.249 0.249 0.000 0.000 0.000 0.000 2.317 2.617 2.577 2.647 2.557 2.478 2.408 2.578 2.638 2.648 2.768 2.768 2.618 2.658 2.698 2.708 2.668
3.201 3.251 3.707 3.291 3.201 3.191 3.191 3.121 3.141 3.101 3.141 3.251 3.161 3.111 3.091 3.111 3.081 3.111 3.041 3.001 3.061 3.031 3.031 2.881 2.971 3.041 2.911 2.922 2.882 2.812 2.882 2.832 2.852 2.872 2.663 2.833 2.793 2.743 2.903 2.903 2.653 2.683 2.773 2.743 2.724 2.864 2.654 2.144 0.000 0.000 0.000 0.000 0.000 0.000 0.000 0.000 1.926 2.526 2.507 2.707 2.807 2.657 2.607 2.787 2.788 2.808 2.608 2.828 2.728 2.698 2.718 2.718 2.748 2.608 2.708 2.758 2.798
3.251 3.231 3.743 3.251 3.211 3.690 3.690 3.201 3.221 3.151 3.091 3.181 3.091 3.071 3.291 3.081 3.131 3.111 3.031 2.991 3.131 3.061 3.061 2.961 3.051 3.001 2.962 2.972 2.932 2.962 2.922 2.852 2.892 2.722 2.703 2.803 2.793 2.823 2.843 2.843 2.893 2.813 2.853 2.844 2.854 2.794 2.884 2.794 2.854 2.715 2.355 2.165 2.406 2.486 2.836 2.836 2.866 2.776 2.787 2.787 2.677 2.877 2.797 2.847 2.688 2.908 2.698 2.708 2.778 2.818 2.748 2.748 2.558 2.648 2.718 2.708 2.688
3.291 3.311 3.251 3.762 3.161 3.291 3.291 3.271 3.261 3.221 3.211 3.241 3.091 3.121 3.141 3.191 3.111 3.221 3.051 3.041 3.051 3.021 3.021 3.021 2.891 3.152 2.942 3.002 3.032 2.862 2.962 2.982 2.812 2.823 2.773 2.953 2.783 2.923 2.953 2.953 2.823 2.793 2.843 2.704 2.894 2.824 2.824 2.874 2.944 2.915 3.125 2.925 2.825 2.886 2.796 2.796 2.896 2.816 2.746 2.817 2.777 2.957 2.987 2.897 2.818 2.758 2.958 2.738 2.948 2.698 2.768 2.768 2.698 2.638 2.828 2.878 2.758
3.830 3.241 3.191 3.251 3.781 3.764 3.763 3.728 3.311 3.693 3.201 3.221 3.171 3.271 3.241 3.241 3.091 3.211 3.171 3.231 3.071 3.191 3.191 3.121 3.001 3.092 3.242 3.072 2.992 2.932 3.002 2.822 2.882 2.833 2.883 2.973 2.963 2.953 2.893 2.893 2.863 2.803 2.773 2.744 2.794 2.884 2.944 2.914 2.974 2.895 2.925 2.845 3.015 2.896 2.826 2.826 2.946 2.746 2.906 2.887 2.947 2.827 2.967 2.827 2.908 2.798 2.848 2.808 2.798 2.738 2.748 2.748 2.798 2.838 2.828 2.808 2.688
3.863 3.861 3.853 3.835 3.818 3.800 3.800 3.311 3.261 3.729 3.171 3.141 3.241 3.141 3.628 3.251 3.221 3.151 3.181 3.191 3.081 3.151 3.151 3.091 2.992 3.152 3.102 3.072 3.082 2.912 2.872 2.942 2.892 2.833 2.903 2.933 2.943 2.973 2.873 2.873 3.003 2.953 2.913 2.874 2.934 3.014 2.834 2.864 2.944 2.865 2.945 2.945 2.905 2.896 2.956 2.956 2.916 2.976 2.946 2.907 2.897 2.757 2.887 2.927 2.938 2.808 2.878 2.828 2.828 2.768 2.888 2.888 2.818 2.828 2.738 2.838 2.788
3.895 3.894 3.890 3.872 3.854 3.837 3.837 3.801 3.783 3.291 3.748 3.201 3.271 3.231 3.649 3.615 3.581 3.251 3.131 3.241 3.261 3.241 3.242 3.042 3.122 3.062 3.132 2.982 2.932 2.982 2.932 3.022 3.033 2.863 2.993 3.063 3.103 3.003 2.883 2.883 2.973 2.893 3.074 2.874 2.994 3.014 2.984 2.964 2.934 3.055 2.995 3.055 2.935 2.856 3.036 3.036 2.806 2.896 2.946 2.757 2.977 2.997 2.947 2.847 2.808 2.868 2.878 2.908 2.948 2.878 2.928 2.928 3.008 2.848 2.868 2.858 2.808
3.928 3.926 3.925 3.909 3.891 3.873 3.873 3.838 3.820 3.802 3.785 3.261 3.291 3.211 3.251 3.636 3.301 3.291 3.191 3.201 3.111 3.261 3.262 3.202 3.042 3.162 3.102 3.112 3.032 3.042 3.032 3.032 3.052 2.913 2.953 3.033 3.023 3.093 3.033 3.033 2.923 2.963 2.974 2.964 3.024 2.924 3.034 3.024 2.974 2.875 2.935 2.895 2.945 2.895 3.026 3.026 2.976 2.966 2.886 2.907 3.097 3.007 2.967 2.837 2.888 2.928 3.028 2.958 2.818 2.878 2.978 2.978 2.898 2.878 3.008 2.858 2.908
3.961 3.959 3.957 3.945 3.927 3.910 3.910 3.874 3.857 3.839 3.821 3.795 3.761 3.261 3.692 3.658 3.624 3.589 3.201 3.521 3.281 3.272 3.272 3.172 3.152 3.042 3.082 3.052 3.052 3.012 3.272 3.093 3.043 2.943 3.013 3.023 3.113 2.993 2.933 2.933 2.953 2.963 3.014 3.014 2.994 3.024 2.874 2.914 2.924 3.055 3.105 3.045 3.015 3.025 2.906 2.906 2.966 2.906 2.946 2.917 2.947 3.027 3.057 3.087 3.087 2.938 2.998 2.978 3.038 2.958 2.918 2.918 3.108 3.018 2.998 2.928 2.878
3.993 3.992 3.990 3.982 3.964 3.946 3.946 3.911 3.893 3.301 3.851 3.817 3.782 3.748 3.714 3.679 3.645 3.611 3.181 3.261 3.281 3.212 3.212 3.292 3.122 3.202 3.152 3.072 3.082 3.202 3.222 3.042 2.963 3.213 2.983 3.073 3.003 3.073 3.013 3.013 3.023 3.023 3.074 3.094 3.004 2.934 2.914 2.984 3.035 2.965 2.925 3.115 2.955 2.955 2.936 2.936 2.956 2.976 3.086 3.017 2.987 2.997 3.177 3.047 2.977 3.038 3.088 2.978 2.948 2.988 3.038 3.038 3.008 3.088 3.138 2.948 2.898
3.993 3.992 3.990 3.982 3.964 3.946 3.946 3.911 3.893 3.301 3.851 3.817 3.782 3.748 3.714 3.679 3.645 3.611 3.181 3.262 3.281 3.212 3.212 3.292 3.122 3.202 3.152 3.072 3.082 3.202 3.222 3.042 2.963 3.213 2.983 3.073 3.003 3.073 3.013 3.013 3.023 3.024 3.074 3.094 3.004 2.934 2.914 2.984 3.035 2.965 2.925 3.115 2.955 2.955 2.936 2.936 2.956 2.976 3.087 3.017 2.987 2.997 3.177 3.047 2.977 3.037 3.088 2.978 2.948 2.988 3.038 3.038 3.008 3.088 3.138 2.948 2.898
4.026 4.024 4.023 4.018 4.001 3.983 3.983 3.948 3.930 3.907 3.873 3.311 3.804 3.770 3.735 3.701 3.667 3.632 3.598 3.564 3.302 3.292 3.292 3.272 3.172 3.052 3.102 3.052 2.992 3.408 3.152 3.052 3.283 2.873 2.983 3.123 3.193 3.053 3.093 3.093 3.023 3.044 3.074 3.064 3.094 3.034 3.084 3.004 2.894 3.125 3.165 3.055 3.055 2.975 3.006 3.006 3.026 3.036 3.036 3.047 3.047 2.947 3.257 3.077 3.087 3.137 3.217 3.018 3.078 3.048 3.128 3.128 3.098 2.988 2.998 2.958 3.068
