includes/camargue/floodfiles/results_R2_t1.562345283857E12/res-0004.wd
ncols         906
nrows         631
xllcorner     362177.146667
yllcorner     6534725.688020
cellsize      20.000000
NODATA_value  -9999.000000
[rows 272 to 305 of 631, columns 693 to 769 of 906]
0.000 0.000 0.000 0.000 0.000 0.000 0.000 0.000 0.000 0.000 0.000 0.000 0.000 0.000 0.000 0.000 0.000 0.000 0.000 0.000 0.000 0.000 0.000 0.000 0.000 0.000 0.000 0.000 0.000 0.000 0.000 0.000 0.000 0.000 0.000 0.000 0.000 0.000 0.000 0.000 0.000 0.000 0.000 0.000 0.000 0.000 0.000 0.000 0.000 0.000 0.000 0.000 0.000 0.000 0.000 0.000 0.000 0.000 0.000 0.000 0.000 0.000 0.000 0.000 0.000 0.000 0.000 0.000 0.000 0.000 0.000 0.000 0.000 0.000 0.000 0.000 0.000
0.000 0.000 0.000 0.000 0.000 0.000 0.000 0.000 0.000 0.000 0.000 0.000 0.000 0.000 0.000 0.000 0.000 0.000 0.000 0.000 0.000 0.000 0.000 0.000 0.000 0.000 0.000 0.000 0.000 0.000 0.000 0.000 0.000 0.000 0.000 0.000 0.000 0.000 0.000 0.000 0.000 0.000 0.000 0.000 0.000 0.000 0.000 0.000 0.000 0.000 0.000 0.000 0.000 0.000 0.000 0.000 0.000 0.000 0.000 0.000 0.000 0.000 0.000 0.000 0.000 0.000 0.000 0.000 0.000 0.000 0.000 0.000 0.000 0.000 0.000 0.000 0.000
0.000 0.000 0.000 0.000 0.000 0.000 0.000 0.000 0.000 0.000 0.000 0.000 0.000 0.000 0.000 0.000 0.000 0.000 0.000 0.000 0.000 0.000 0.000 0.000 0.000 0.000 0.000 0.000 0.000 0.000 0.000 0.000 0.000 0.000 0.000 0.000 0.000 0.000 0.000 0.000 0.000 0.000 0.000 0.000 0.000 0.000 0.000 0.000 0.000 0.000 0.000 0.000 0.000 0.000 0.000 0.000 0.000 0.000 0.000 0.000 0.000 0.000 0.000 0.000 0.000 0.000 0.000 0.000 0.000 0.000 0.000 0.000 0.000 0.000 0.000 0.000 0.000
0.000 0.000 0.000 0.000 0.000 0.000 0.000 0.000 0.000 0.000 0.000 0.000 0.000 0.000 0.000 0.000 0.000 0.000 0.000 0.000 0.000 0.000 0.000 0.000 0.000 0.000 0.000 0.000 0.000 0.000 0.000 0.000 0.000 0.000 0.000 0.000 0.000 0.000 0.000 0.000 0.000 0.000 0.000 0.000 0.000 0.000 0.000 0.000 0.000 0.000 0.000 0.000 0.000 0.000 0.000 0.000 0.000 0.000 0.000 0.000 0.000 0.000 0.000 0.000 0.000 0.000 0.000 0.000 0.000 0.000 0.000 0.000 0.000 0.000 0.000 0.000 0.000
0.000 0.000 0.000 0.000 0.000 0.000 0.000 0.000 0.000 0.000 0.000 0.000 0.000 0.000 0.000 0.000 0.000 0.000 0.000 0.000 0.000 0.000 0.000 0.000 0.000 0.000 0.000 0.000 0.000 0.000 0.000 0.000 0.000 0.000 0.000 0.000 0.000 0.000 0.000 0.000 0.000 0.000 0.000 0.000 0.000 0.000 0.000 0.000 0.000 0.000 0.000 0.000 0.000 0.000 0.000 0.000 0.000 0.000 0.000 0.000 0.000 0.000 0.000 0.000 0.000 0.000 0.000 0.000 0.000 0.000 0.000 0.000 0.000 0.000 0.000 0.000 0.000
0.000 0.000 0.000 0.000 0.000 0.000 0.000 0.000 0.000 0.000 0.000 0.000 0.000 0.000 0.000 0.000 0.000 0.000 0.000 0.000 0.000 0.000 0.000 0.000 0.000 0.000 0.000 0.000 0.000 0.000 0.000 0.000 0.000 0.000 0.000 0.000 0.000 0.000 0.000 0.000 0.000 0.000 0.000 0.000 0.000 0.000 0.000 0.000 0.000 0.000 0.000 0.000 0.000 0.000 0.000 0.000 0.000 0.000 0.000 0.000 0.000 0.000 0.000 0.000 0.000 0.000 0.000 0.000 0.000 0.000 0.000 0.000 0.000 0.000 0.000 0.000 0.000
0.000 0.000 0.000 0.000 0.000 0.000 0.000 0.000 0.000 0.000 0.000 0.000 0.000 0.000 0.000 0.000 0.000 0.000 0.000 0.000 0.000 0.000 0.000 0.000 0.000 0.000 0.000 0.000 0.000 0.000 0.000 0.000 0.000 0.000 0.000 0.000 0.000 0.002 0.000 0.000 0.000 0.000 0.000 0.000 0.000 0.000 0.000 0.000 0.000 0.000 0.000 0.000 0.000 0.000 0.000 0.000 0.000 0.000 0.000 0.000 0.000 0.000 0.000 0.000 0.000 0.000 0.000 0.000 0.000 0.000 0.000 0.000 0.000 0.000 0.000 0.000 0.000
0.000 0.000 0.000 0.000 0.000 0.000 0.000 0.000 0.000 0.000 0.000 0.000 0.000 0.000 0.000 0.000 0.000 0.000 0.000 0.000 0.000 0.000 0.000 0.000 0.000 0.000 0.000 0.000 0.000 0.000 0.000 0.000 0.000 0.000 0.000 0.000 0.000 0.073 0.002 0.000 0.000 0.000 0.000 0.000 0.000 0.000 0.000 0.000 0.000 0.000 0.000 0.000 0.000 0.000 0.000 0.000 0.000 0.000 0.000 0.000 0.000 0.000 0.000 0.000 0.000 0.000 0.000 0.000 0.000 0.000 0.000 0.000 0.000 0.000 0.000 0.000 0.000
0.000 0.000 0.000 0.000 0.000 0.000 0.000 0.000 0.000 0.000 0.000 0.000 0.000 0.000 0.000 0.000 0.000 0.000 0.000 0.000 0.000 0.000 0.000 0.000 0.000 0.000 0.000 0.000 0.000 0.000 0.000 0.000 0.000 0.000 0.000 0.000 0.000 0.345 0.000 0.000 0.000 0.000 0.000 0.000 0.000 0.000 0.000 0.000 0.000 0.000 0.000 0.000 0.000 0.000 0.000 0.000 0.000 0.000 0.000 0.000 0.000 0.000 0.000 0.000 0.000 0.000 0.000 0.000 0.000 0.000 0.000 0.000 0.000 0.000 0.000 0.000 0.000
0.000 0.000 0.000 0.000 0.000 0.000 0.000 0.000 0.000 0.000 0.000 0.000 0.000 0.000 0.000 0.000 0.000 0.000 0.000 0.000 0.000 0.000 0.000 0.000 0.000 0.000 0.000 0.000 0.000 0.000 0.000 0.000 0.000 0.046 0.000 0.000 0.638 0.391 0.000 0.000 0.000 0.000 0.000 0.000 0.000 0.000 0.000 0.000 0.000 0.000 0.000 0.000 0.000 0.000 0.000 0.000 0.000 0.000 0.000 0.000 0.000 0.000 0.000 0.000 0.000 0.000 0.000 0.000 0.000 0.000 0.000 0.000 0.000 0.000 0.000 0.000 0.000
0.000 0.000 0.000 0.000 0.000 0.000 0.000 0.000 0.000 0.000 0.000 0.000 0.000 0.000 0.000 0.000 0.000 0.000 0.000 0.000 0.000 0.000 0.000 0.000 0.000 0.000 0.000 0.000 0.000 0.000 0.000 0.000 0.000 0.234 0.000 0.000 0.664 0.450 0.000 0.000 0.000 0.000 0.000 0.000 0.000 0.000 0.000 0.000 0.000 0.000 0.000 0.000 0.000 0.000 0.000 0.000 0.000 0.000 0.000 0.000 0.000 0.000 0.000 0.000 0.000 0.000 0.000 0.000 0.000 0.000 0.000 0.000 0.000 0.000 0.000 0.000 0.000
0.000 0.000 0.000 0.000 0.000 0.000 0.000 0.000 0.000 0.000 0.000 0.000 0.000 0.000 0.000 0.000 0.000 0.000 0.000 0.000 0.000 0.000 0.000 0.000 0.000 0.000 0.000 0.000 0.000 0.000 0.000 0.000 0.000 0.348 0.913 0.000 0.665 0.536 0.000 0.000 0.000 0.000 0.003 0.000 0.003 0.000 0.000 0.000 0.000 0.000 0.000 0.000 0.000 0.000 0.000 0.000 0.000 0.000 0.000 0.000 0.000 0.000 0.000 0.000 0.000 0.000 0.000 0.003 0.041 0.000 0.000 0.000 0.000 0.000 0.000 0.000 0.000
0.021 0.000 0.000 0.000 0.000 0.000 0.000 0.000 0.000 0.000 0.000 0.000 0.000 0.000 0.000 0.000 0.000 0.000 0.000 0.000 0.000 0.000 0.000 0.000 0.000 0.000 0.000 0.000 0.000 0.000 0.000 0.000 0.016 0.072 0.609 0.000 0.774 0.012 0.000 0.265 0.236 0.212 0.130 0.030 0.049 0.000 0.000 0.000 0.000 0.000 0.000 0.000 0.000 0.000 0.000 0.000 0.000 0.000 0.000 0.000 0.000 0.000 0.000 0.000 0.000 0.000 0.000 0.035 0.045 0.169 0.003 0.639 0.000 0.000 0.000 0.000 0.000
0.236 0.149 0.000 0.151 0.000 0.000 0.000 0.000 0.000 0.000 0.000 0.000 0.000 0.000 0.000 0.000 0.000 0.000 0.000 0.000 0.000 0.000 0.000 0.000 0.000 0.000 0.000 0.000 0.000 0.000 0.000 0.000 0.000 0.696 0.708 0.113 0.882 0.241 0.544 0.590 0.551 0.372 0.000 0.242 0.146 0.262 0.026 0.003 0.000 0.000 0.000 0.000 0.000 0.000 0.013 0.002 0.000 0.000 0.000 0.317 0.000 0.000 0.000 0.000 0.187 0.000 0.008 0.000 0.414 0.097 0.000 0.386 0.378 0.375 0.000 0.000 0.000
0.290 0.280 0.164 0.287 0.028 0.000 0.000 0.000 0.000 0.000 0.000 0.000 0.000 0.000 0.000 0.000 0.000 0.000 0.000 0.000 0.000 0.000 0.000 0.000 0.000 0.000 0.000 0.000 0.000 0.000 0.000 0.000 0.000 0.708 0.647 0.627 0.953 0.000 0.929 0.094 0.074 0.355 0.000 0.239 0.056 0.545 0.042 0.006 0.000 0.000 0.000 0.586 0.585 0.517 0.085 0.020 0.000 0.000 0.150 0.352 0.224 0.000 0.000 0.486 0.334 0.279 0.120 0.185 0.424 0.406 0.486 0.326 0.105 0.042 0.039 0.000 0.000
0.441 0.570 0.920 0.363 0.252 0.001 0.000 0.000 0.000 0.000 0.000 0.025 0.152 0.181 0.005 0.000 0.000 0.000 0.000 0.000 0.000 0.000 0.000 0.000 0.000 0.000 0.000 0.000 0.000 0.000 0.000 0.015 0.000 0.750 0.559 0.709 0.927 0.159 1.493 1.565 1.569 0.091 0.846 0.182 0.924 0.277 0.140 0.005 0.000 0.463 0.455 0.808 0.000 0.505 0.428 0.000 1.264 1.265 0.168 0.220 0.199 0.301 0.538 0.000 0.511 0.436 0.399 0.312 0.093 0.000 0.744 0.000 0.000 0.000 0.379 0.000 0.000
0.780 0.650 0.749 0.296 0.171 0.163 0.068 0.000 0.000 0.000 0.236 0.265 0.304 0.422 0.099 0.000 0.000 0.000 0.000 0.000 0.000 0.000 0.000 0.000 0.000 0.000 0.000 0.000 0.000 0.000 0.000 0.617 0.341 0.750 0.644 0.923 0.908 0.349 0.014 1.451 1.455 1.351 0.411 0.663 0.542 0.319 0.397 0.001 0.195 0.872 0.600 0.259 0.458 0.067 0.059 1.161 0.498 0.496 0.282 1.054 0.800 0.816 0.033 0.009 0.000 0.679 0.304 0.328 0.529 0.690 0.544 0.000 0.722 0.717 0.213 0.004 0.074
0.600 0.499 0.568 0.427 0.446 0.070 0.264 0.014 0.006 0.000 0.400 0.400 0.549 0.467 0.281 0.000 0.000 0.000 0.000 0.000 0.000 0.000 0.000 0.000 0.000 0.000 0.000 0.000 0.000 0.000 0.000 1.194 0.658 0.803 0.535 1.004 0.526 0.000 0.442 0.434 0.436 1.504 1.488 1.162 0.233 0.617 0.973 0.711 0.102 0.784 0.718 0.882 0.077 0.319 0.230 0.030 0.823 0.824 0.436 0.828 0.522 0.739 0.848 0.014 1.130 0.000 0.951 0.396 0.000 0.753 0.818 0.432 0.678 0.667 0.750 0.431 0.474
0.620 0.679 0.468 0.437 0.595 0.383 0.181 0.073 0.060 0.203 0.543 0.483 0.552 0.671 0.063 0.060 0.126 0.061 0.000 0.000 0.000 0.000 0.000 0.000 0.000 0.000 0.000 0.000 0.000 0.000 0.000 1.150 0.860 0.891 1.100 0.575 0.804 1.103 1.032 0.000 0.000 0.000 0.720 1.457 1.558 0.548 0.754 1.417 0.944 0.643 0.681 0.726 0.739 1.736 1.630 1.855 1.608 1.611 0.213 0.698 1.690 0.034 1.021 0.366 0.620 1.059 0.000 0.629 0.436 0.691 0.000 0.459 0.045 0.009 0.000 0.000 0.000
0.589 0.599 0.868 0.738 0.316 0.323 0.307 0.385 0.378 0.388 0.455 0.585 0.472 0.347 0.443 0.252 0.404 0.000 0.000 0.000 0.000 0.000 0.000 0.000 0.000 0.000 0.000 0.000 0.000 0.000 0.000 1.097 0.709 0.771 1.066 0.974 0.169 0.484 1.167 1.195 1.198 0.000 0.837 0.000 1.396 1.370 0.389 0.000 0.759 0.877 1.139 0.569 0.756 0.731 0.535 1.328 0.552 0.555 0.258 0.489 0.680 1.619 0.669 0.755 0.889 0.150 0.471 0.000 1.102 0.599 0.590 0.411 0.179 0.096 0.179 0.021 0.000
0.888 0.798 0.858 0.538 1.668 0.537 0.000 0.332 0.332 0.000 0.000 0.000 0.652 0.562 0.432 0.562 0.002 0.287 0.000 0.000 0.000 0.000 0.000 0.000 0.000 0.000 0.000 0.000 0.000 0.000 0.000 0.791 0.731 0.000 0.972 1.091 0.308 1.369 0.986 0.404 0.430 1.187 0.858 0.031 0.910 0.044 0.774 0.644 0.485 0.863 1.016 0.016 0.545 0.747 0.959 0.890 0.554 0.557 0.710 0.184 0.965 0.994 2.047 0.000 0.874 0.734 0.000 1.518 1.407 0.000 0.008 0.116 0.572 0.564 0.413 0.264 0.219
0.788 0.907 0.727 1.677 1.757 0.407 0.328 0.497 0.497 0.487 0.766 0.636 0.532 0.450 0.740 0.370 0.535 0.187 0.309 0.035 0.098 0.047 0.000 0.000 0.000 0.000 0.000 0.000 0.000 0.000 0.000 1.014 0.809 0.000 1.145 0.574 0.380 0.045 0.631 1.036 1.044 0.468 1.237 1.188 0.250 0.786 1.926 0.425 0.794 0.167 1.316 1.789 1.010 0.826 0.783 0.476 1.249 1.250 0.746 2.269 0.861 0.731 1.541 1.683 0.148 0.933 1.006 0.342 1.381 1.777 0.022 0.000 0.000 0.000 0.000 0.000 0.000
0.777 0.827 1.517 1.777 0.657 0.768 0.528 0.537 0.537 0.737 0.636 0.696 0.616 0.656 0.375 0.305 0.635 0.020 0.200 0.329 0.229 0.279 0.000 0.000 0.000 0.000 0.000 0.000 0.000 0.000 0.000 0.403 0.933 0.000 1.159 0.219 1.113 1.215 0.000 0.661 0.670 1.250 0.905 0.143 1.082 1.633 1.322 0.373 1.074 0.622 0.831 1.109 1.959 1.810 0.431 1.120 2.191 2.192 0.219 0.515 0.182 0.706 0.557 0.523 1.311 0.568 0.646 1.143 0.983 0.713 1.822 1.385 0.133 0.137 0.270 0.850 1.031
0.406 1.957 1.466 0.846 0.000 0.828 0.598 0.668 0.667 0.637 0.697 0.807 0.837 0.707 0.807 0.387 0.387 0.108 0.379 0.499 0.339 0.409 0.299 0.000 0.000 0.000 0.000 0.327 0.457 0.000 1.042 0.030 0.809 0.740 1.169 0.166 1.105 1.248 0.703 0.795 0.814 0.652 1.347 0.794 0.479 1.280 0.956 0.019 0.993 0.855 0.686 1.200 0.730 0.507 0.350 0.675 0.119 0.137 1.009 0.313 2.135 0.048 0.004 0.259 0.103 0.588 1.643 0.914 1.197 1.215 0.743 1.277 0.674 0.677 2.040 0.970 1.221
1.376 1.826 1.116 0.967 0.877 0.508 0.608 0.697 0.697 0.527 0.568 0.728 0.768 0.688 0.768 0.798 0.238 0.659 0.699 0.869 0.299 0.479 0.389 0.004 0.000 0.000 0.217 0.427 0.566 0.345 1.193 0.048 0.889 0.310 1.127 0.355 1.055 0.647 0.000 0.990 1.002 1.079 1.028 0.665 1.514 0.490 1.142 1.514 0.476 0.886 0.323 0.497 0.003 1.787 0.697 1.658 1.172 1.176 0.977 0.079 2.316 0.495 0.000 0.000 1.103 0.390 1.086 1.428 0.880 1.986 1.678 1.930 1.714 1.717 1.659 0.561 0.831
1.636 0.000 0.448 1.008 0.838 0.708 0.658 0.568 0.568 0.578 0.828 0.718 0.758 0.798 0.838 0.919 1.009 0.759 0.828 0.728 0.488 0.558 0.488 0.000 0.000 0.000 0.148 0.457 0.526 0.545 0.622 1.159 0.306 1.534 0.000 1.054 0.386 0.223 0.362 0.051 0.058 0.584 1.606 1.418 1.168 0.000 1.042 0.776 0.371 1.125 1.069 0.440 1.013 1.324 1.805 0.434 0.804 0.806 1.150 2.713 0.329 0.515 1.362 1.182 0.437 0.953 0.521 1.156 1.637 1.897 1.848 0.644 0.768 0.770 1.661 2.111 2.302
1.635 0.000 0.449 1.008 0.838 0.708 0.658 0.568 0.568 0.578 0.828 0.718 0.758 0.798 0.838 0.918 1.008 0.758 0.828 0.728 0.488 0.558 0.488 0.000 0.000 0.000 0.149 0.458 0.526 0.545 0.622 1.159 0.344 1.545 0.009 1.052 0.390 0.227 0.368 0.109 0.116 0.633 1.615 1.429 1.178 0.000 1.053 0.809 0.402 1.132 1.076 0.453 1.014 1.326 1.807 0.447 0.814 0.814 1.153 2.713 0.351 0.529 1.362 1.183 0.446 0.959 0.536 1.158 1.638 1.898 1.848 0.651 0.773 0.773 1.662 2.112 2.302
0.000 0.410 0.900 0.789 0.739 0.579 0.688 0.448 0.448 0.569 0.668 0.648 0.648 0.738 0.798 0.878 1.058 1.098 1.387 1.017 0.287 0.147 0.000 0.000 0.000 0.077 0.384 0.422 0.290 0.646 0.783 1.439 0.660 1.535 1.509 0.000 0.387 0.386 0.130 1.011 1.006 1.902 0.158 1.695 0.594 0.543 0.000 1.267 0.852 0.000 1.200 1.165 0.749 1.600 0.717 1.010 1.081 1.081 0.395 0.337 1.666 1.746 0.946 1.215 1.075 0.912 1.302 0.000 1.491 0.000 0.238 1.510 1.035 1.031 1.079 0.377 0.863
0.000 0.380 0.930 0.909 0.739 0.409 0.589 0.509 0.509 0.489 0.509 0.609 0.558 0.518 0.708 0.878 0.768 0.797 1.017 1.207 1.136 0.086 0.000 0.182 0.182 0.409 1.796 1.216 0.814 1.300 0.714 0.841 1.271 0.000 1.562 0.074 0.000 0.000 0.982 1.512 1.512 0.254 0.022 1.634 0.319 1.118 1.189 0.989 1.349 1.172 0.261 0.000 1.473 0.246 1.217 0.892 0.786 0.786 2.316 0.281 1.717 1.719 0.000 1.196 1.057 0.787 0.957 1.207 0.734 2.382 1.850 2.396 0.840 0.836 1.760 2.131 1.028
0.629 0.470 0.590 0.720 0.780 0.790 1.250 1.150 1.150 1.799 1.749 1.659 1.568 1.718 0.818 0.648 1.657 1.787 1.637 1.856 1.655 1.744 1.724 1.323 1.323 0.490 1.327 0.906 1.555 0.793 0.208 0.294 1.472 0.969 0.903 1.532 0.951 1.817 0.402 1.916 1.916 1.035 1.985 0.900 1.712 0.645 0.474 1.084 0.000 1.119 1.354 1.464 0.723 0.943 1.209 0.797 0.467 0.467 0.227 1.761 0.337 1.776 1.887 0.000 1.325 1.155 0.922 0.911 1.068 1.045 0.656 0.829 0.795 0.793 0.278 1.162 0.000
1.050 1.000 1.230 0.900 0.770 0.760 0.340 1.020 1.019 1.519 1.589 0.408 0.908 1.748 1.707 1.717 1.747 1.737 0.856 0.546 0.475 1.454 1.343 1.333 1.332 1.231 0.729 0.997 0.866 0.403 1.470 1.598 1.754 0.639 0.975 0.934 0.802 0.757 1.960 1.908 1.908 0.000 1.906 0.137 1.900 0.520 1.513 1.192 0.962 0.780 1.329 0.829 1.388 0.845 1.214 0.744 0.647 0.647 0.224 1.043 0.873 1.648 1.808 0.000 1.201 1.281 0.728 0.996 1.185 1.095 1.252 1.085 0.906 0.901 0.917 1.135 1.035
0.810 1.010 2.160 2.260 2.280 0.799 1.089 1.199 1.199 1.539 1.258 1.038 1.298 1.587 0.837 0.797 1.696 1.776 1.816 1.295 1.235 1.504 0.813 1.272 1.272 1.721 1.400 1.518 1.486 1.415 1.541 1.129 0.356 0.252 1.308 0.748 0.786 2.125 0.005 1.838 1.839 1.511 1.381 1.036 1.885 1.977 1.526 1.026 1.186 0.887 1.146 1.167 0.946 0.896 1.036 1.357 0.987 0.988 0.584 1.466 1.697 0.354 1.612 1.493 1.517 1.287 0.635 1.221 1.181 1.171 0.911 1.125 0.977 0.972 0.694 0.097 1.195
0.900 0.870 1.210 2.090 2.069 0.449 1.649 1.049 1.049 0.938 1.038 0.848 1.227 1.477 1.267 1.416 0.796 1.386 1.245 1.325 1.364 1.404 1.463 1.063 1.062 1.511 1.380 1.208 1.596 1.455 0.722 0.560 0.267 1.214 0.982 1.752 1.171 0.709 0.043 0.238 0.236 1.507 0.041 1.793 1.190 1.940 0.821 1.422 1.021 1.162 1.192 1.352 1.062 1.252 0.962 1.272 0.585 0.586 0.548 1.178 1.568 0.308 1.527 1.697 0.000 1.523 1.293 1.077 1.017 1.066 1.135 1.402 0.973 0.968 0.284 0.642 0.002
0.840 0.790 0.939 0.999 1.319 0.429 1.499 1.529 1.528 1.038 1.298 1.188 1.077 1.057 0.897 1.356 1.426 1.495 0.875 0.905 1.354 1.204 1.423 1.262 1.262 1.371 1.220 0.869 0.867 0.735 0.151 0.969 0.928 1.055 1.764 1.433 1.232 1.299 1.275 1.561 1.559 1.122 0.730 1.916 0.536 1.506 1.047 1.537 0.489 0.979 1.129 0.909 0.940 0.860 1.190 0.861 1.364 1.364 1.074 1.064 1.014 1.834 1.541 1.551 0.502 1.527 1.417 0.585 1.152 1.052 0.900 0.830 0.543 0.536 0.224 0.275 0.623
