includes/camargue/floodfiles/results_R2_t1.562345283857E12/res-0007.wdfp
ncols         906
nrows         631
xllcorner     362177.146667
yllcorner     6534725.688020
cellsize      20.000000
NODATA_value  -9999.000000
[rows 544 to 577 of 631, columns 231 to 307 of 906]
8.413 8.351 8.228 8.228 8.167 8.105 8.044 8.190 8.339 8.487 8.636 8.784 8.933 9.082 9.230 9.379 9.400 9.387 9.479 9.479 9.530 9.543 9.388 9.233 9.078 8.923 8.768 8.613 8.458 8.303 8.355 8.455 8.554 8.653 8.692 8.692 8.533 8.373 8.214 8.054 7.895 7.735 7.682 7.769 7.856 7.944 8.031 8.118 8.206 8.293 8.380 8.380 8.432 8.369 8.305 8.336 8.407 8.479 8.405 8.282 8.158 8.035 7.911 7.788 7.664 7.540 7.417 7.417 7.249 7.272 7.295 7.319 7.342 7.366 7.389 7.412 7.355
8.371 8.395 8.272 8.272 8.210 8.149 8.118 8.267 8.415 8.564 8.713 8.861 9.010 9.158 9.307 9.455 9.604 9.659 9.602 9.602 9.447 9.292 9.137 8.982 8.827 8.672 8.517 8.362 8.207 8.052 8.132 8.232 8.331 8.431 8.630 8.630 8.676 8.517 8.357 8.198 8.038 7.879 7.838 7.925 8.013 8.100 8.187 8.274 8.362 8.449 8.412 8.412 8.285 8.222 8.159 8.193 8.264 8.336 8.407 8.479 8.375 8.251 8.128 8.004 7.881 7.757 7.633 7.634 7.451 7.475 7.498 7.522 7.545 7.568 7.592 7.503 7.405
8.258 8.334 8.315 8.315 8.254 8.192 8.195 8.343 8.492 8.640 8.789 8.938 9.086 9.235 9.383 9.532 9.579 9.581 9.351 9.351 9.196 9.041 8.886 8.731 8.576 8.422 8.267 8.112 7.957 7.810 7.909 8.009 8.108 8.208 8.407 8.407 8.506 8.606 8.501 8.341 8.182 8.022 7.994 8.081 8.169 8.256 8.343 8.431 8.391 8.328 8.265 8.265 8.139 8.075 8.012 8.050 8.121 8.193 8.265 8.336 8.408 8.468 8.344 8.221 8.097 7.974 7.850 7.850 7.654 7.677 7.701 7.724 7.748 7.750 7.652 7.553 7.455
8.145 8.221 8.359 8.359 8.298 8.236 8.271 8.420 8.568 8.717 8.866 9.014 9.160 9.165 9.170 9.174 9.179 9.178 9.100 9.101 8.946 8.791 8.636 8.481 8.326 8.171 8.016 7.861 7.706 7.587 7.686 7.786 7.885 7.985 8.184 8.184 8.283 8.383 8.482 8.485 8.326 8.166 8.150 8.238 8.325 8.412 8.371 8.308 8.245 8.182 8.118 8.119 7.992 7.929 7.866 7.907 7.979 8.050 8.122 8.193 8.265 8.336 8.408 8.437 8.314 8.190 8.067 8.067 7.857 7.880 7.904 7.927 7.899 7.800 7.702 7.604 7.505
8.033 8.109 8.261 8.261 8.337 8.280 8.348 8.496 8.645 8.746 8.751 8.756 8.761 8.765 8.770 8.775 8.780 8.775 8.756 8.756 8.695 8.540 8.385 8.230 8.075 7.920 7.765 7.610 7.455 7.364 7.463 7.563 7.662 7.762 7.961 7.961 8.060 8.160 8.259 8.359 8.458 8.310 8.306 8.394 8.351 8.288 8.225 8.162 8.098 8.035 7.972 7.972 7.845 7.782 7.719 7.764 7.836 7.907 7.979 8.051 8.122 8.194 8.265 8.337 8.408 8.407 8.283 8.283 8.059 8.083 8.106 8.047 7.949 7.851 7.752 7.654 7.555
7.920 7.996 8.148 8.148 8.224 8.300 8.332 8.337 8.342 8.347 8.352 8.356 8.361 8.366 8.371 8.375 8.380 8.372 8.353 8.353 8.344 8.289 8.134 7.980 7.825 7.670 7.515 7.360 7.205 7.141 7.241 7.340 7.440 7.539 7.738 7.738 7.837 7.937 8.036 8.136 8.235 8.335 8.331 8.268 8.205 8.141 8.078 8.015 7.952 7.889 7.825 7.825 7.699 7.636 7.572 7.621 7.693 7.765 7.836 7.908 7.979 8.051 8.122 8.194 8.266 8.337 8.409 8.409 8.262 8.285 8.196 8.097 7.999 7.901 7.802 7.704 7.605
7.807 7.883 7.942 7.942 7.931 7.921 7.932 7.938 7.943 7.947 7.952 7.957 7.962 7.966 7.971 7.976 7.978 7.968 7.950 7.950 7.940 7.931 7.884 7.729 7.574 7.419 7.264 7.109 6.954 6.918 7.018 7.117 7.217 7.316 7.515 7.515 7.614 7.714 7.814 7.913 8.022 8.134 8.150 8.121 8.058 7.995 7.932 7.868 7.805 7.742 7.679 7.679 7.552 7.489 7.426 7.479 7.550 7.622 7.693 7.765 7.836 7.908 7.980 8.051 8.123 8.194 8.266 8.266 8.402 8.344 8.246 8.147 8.049 7.951 7.852 7.754 7.655
7.564 7.552 7.530 7.530 7.519 7.515 7.526 7.537 7.543 7.548 7.553 7.557 7.562 7.567 7.572 7.576 7.575 7.565 7.546 7.546 7.537 7.528 7.518 7.478 7.323 7.168 7.013 6.858 6.703 6.695 6.795 6.894 6.994 7.093 7.292 7.292 7.392 7.491 7.599 7.711 7.823 7.935 7.939 7.928 7.912 7.848 7.785 7.722 7.659 7.595 7.532 7.532 7.406 7.342 7.279 7.336 7.407 7.479 7.551 7.622 7.694 7.765 7.837 7.908 7.980 8.052 8.123 8.123 8.209 8.226 8.241 8.198 8.099 8.001 7.902 7.804 7.705
7.152 7.140 7.118 7.118 7.107 7.109 7.120 7.132 7.143 7.148 7.153 7.158 7.163 7.167 7.172 7.177 7.171 7.162 7.143 7.143 7.134 7.124 7.115 7.106 7.073 6.918 6.763 6.608 6.453 6.472 6.572 6.671 6.771 6.870 7.069 7.069 7.177 7.289 7.400 7.512 7.624 7.736 7.729 7.718 7.707 7.695 7.638 7.575 7.512 7.449 7.386 7.386 7.259 7.196 7.133 7.193 7.264 7.336 7.408 7.479 7.551 7.622 7.694 7.766 7.837 7.900 7.939 7.939 8.016 8.035 8.050 8.064 8.079 8.051 7.952 7.854 7.756
6.740 6.728 6.706 6.706 6.695 6.703 6.714 6.726 6.737 6.748 6.754 6.758 6.763 6.768 6.773 6.777 6.768 6.759 6.740 6.740 6.731 6.721 6.712 6.702 6.693 6.667 6.512 6.357 6.202 6.249 6.349 6.448 6.548 6.647 6.866 6.866 6.978 7.089 7.201 7.313 7.425 7.529 7.518 7.507 7.496 7.485 7.474 7.429 7.365 7.302 7.239 7.239 7.113 7.049 6.986 7.050 7.122 7.193 7.265 7.336 7.408 7.480 7.551 7.623 7.669 7.707 7.746 7.746 7.822 7.845 7.859 7.874 7.888 7.903 7.917 7.904 7.806
6.328 6.317 6.294 6.294 6.285 6.297 6.308 6.320 6.331 6.343 6.354 6.359 6.364 6.369 6.373 6.374 6.365 6.355 6.337 6.337 6.327 6.318 6.309 6.299 6.290 6.280 6.261 6.107 5.951 6.026 6.126 6.226 6.331 6.443 6.667 6.667 6.778 6.890 7.002 7.114 7.226 7.319 7.308 7.297 7.286 7.274 7.263 7.252 7.219 7.156 7.092 7.092 6.966 6.903 6.839 6.907 6.979 7.050 7.122 7.194 7.265 7.337 7.398 7.437 7.475 7.514 7.552 7.552 7.629 7.654 7.668 7.683 7.697 7.712 7.726 7.741 7.755
5.916 5.905 5.882 5.882 5.880 5.891 5.902 5.914 5.925 5.937 5.948 5.960 5.964 5.969 5.974 5.971 5.962 5.952 5.933 5.933 5.924 5.915 5.905 5.896 5.887 5.877 5.868 5.856 5.704 5.804 5.908 6.020 6.132 6.244 6.467 6.468 6.579 6.691 6.803 6.915 7.026 7.108 7.097 7.086 7.075 7.064 7.053 7.042 7.030 7.009 6.946 6.946 6.819 6.756 6.693 6.764 6.836 6.908 6.979 7.051 7.122 7.167 7.205 7.244 7.282 7.321 7.359 7.359 7.436 7.463 7.478 7.492 7.507 7.521 7.535 7.550 7.564
5.916 5.905 5.882 5.882 5.880 5.891 5.902 5.914 5.925 5.937 5.948 5.960 5.964 5.969 5.974 5.971 5.962 5.952 5.933 5.933 5.924 5.915 5.905 5.896 5.887 5.877 5.868 5.856 5.704 5.804 5.908 6.020 6.132 6.244 6.467 6.468 6.579 6.691 6.803 6.914 7.026 7.108 7.097 7.086 7.075 7.064 7.053 7.042 7.030 7.009 6.946 6.946 6.819 6.756 6.693 6.764 6.836 6.908 6.979 7.051 7.122 7.167 7.205 7.244 7.282 7.321 7.359 7.359 7.436 7.463 7.478 7.492 7.507 7.521 7.535 7.550 7.564
5.504 5.493 5.470 5.470 5.474 5.485 5.496 5.508 5.519 5.531 5.542 5.554 5.565 5.570 5.574 5.568 5.558 5.549 5.530 5.530 5.521 5.511 5.502 5.493 5.483 5.474 5.464 5.458 5.494 5.598 5.709 5.821 5.933 6.045 6.268 6.268 6.380 6.492 6.604 6.715 6.827 6.898 6.887 6.876 6.865 6.853 6.842 6.831 6.820 6.809 6.798 6.798 6.673 6.609 6.550 6.622 6.693 6.765 6.836 6.897 6.935 6.974 7.012 7.051 7.089 7.128 7.166 7.166 7.243 7.272 7.287 7.301 7.316 7.330 7.345 7.359 7.374
5.092 5.081 5.058 5.058 5.068 5.079 5.091 5.102 5.113 5.125 5.136 5.148 5.159 5.170 5.174 5.165 5.155 5.146 5.127 5.127 5.133 5.162 5.191 5.221 5.250 5.279 5.308 5.337 5.393 5.462 5.534 5.622 5.734 5.846 6.069 6.069 6.181 6.293 6.404 6.516 6.628 6.688 6.676 6.665 6.654 6.643 6.632 6.621 6.609 6.598 6.587 6.587 6.526 6.463 6.407 6.479 6.550 6.622 6.665 6.704 6.742 6.781 6.819 6.858 6.896 6.935 6.973 6.973 7.050 7.082 7.096 7.111 7.125 7.140 7.154 7.168 7.183
4.347 4.279 4.244 4.245 4.256 4.267 4.279 4.290 4.342 4.405 4.469 4.533 4.597 4.660 4.708 4.746 4.775 4.804 4.862 4.862 4.892 4.921 4.950 4.979 5.008 5.037 5.067 5.128 5.191 5.253 5.325 5.398 5.470 5.542 5.687 5.687 5.783 5.894 6.006 6.118 6.230 6.267 6.255 6.244 6.233 6.222 6.211 6.200 6.189 6.177 6.166 6.166 6.144 6.133 6.122 6.163 6.202 6.240 6.279 6.318 6.356 6.394 6.433 6.471 6.510 6.548 6.587 6.587 6.664 6.700 6.715 6.729 6.744 6.758 6.772 6.787 6.801
3.993 3.925 3.900 3.901 3.964 4.028 4.092 4.156 4.219 4.283 4.347 4.411 4.474 4.534 4.578 4.621 4.654 4.683 4.741 4.742 4.771 4.800 4.829 4.858 4.887 4.917 4.964 5.027 5.090 5.152 5.221 5.293 5.366 5.438 5.583 5.583 5.655 5.727 5.807 5.919 6.031 6.056 6.045 6.034 6.023 6.012 6.000 5.989 5.985 5.988 5.992 5.992 5.999 6.003 6.071 6.052 6.015 6.047 6.086 6.124 6.163 6.201 6.240 6.278 6.317 6.355 6.394 6.394 6.471 6.509 6.524 6.538 6.553 6.567 6.582 6.596 6.611
3.744 3.727 3.778 3.779 3.842 3.906 3.969 4.033 4.097 4.161 4.225 4.288 4.352 4.403 4.447 4.490 4.533 4.562 4.621 4.621 4.650 4.679 4.708 4.738 4.767 4.801 4.864 4.926 4.989 5.051 5.116 5.189 5.261 5.334 5.478 5.478 5.551 5.623 5.695 5.768 5.840 5.858 5.862 5.865 5.869 5.873 5.876 5.880 5.884 5.887 5.891 5.891 5.898 5.938 6.032 6.053 6.016 5.978 5.941 5.931 5.970 6.008 6.047 6.085 6.124 6.162 6.201 6.201 6.278 6.316 6.333 6.348 6.362 6.376 6.391 6.405 6.420
3.595 3.578 3.657 3.657 3.720 3.783 3.847 3.911 3.975 4.038 4.102 4.166 4.229 4.272 4.316 4.360 4.403 4.442 4.500 4.500 4.529 4.558 4.588 4.617 4.646 4.700 4.763 4.825 4.888 4.950 5.013 5.084 5.157 5.229 5.374 5.374 5.446 5.518 5.591 5.663 5.721 5.757 5.761 5.764 5.768 5.772 5.775 5.779 5.783 5.786 5.790 5.790 5.806 5.899 5.993 6.053 6.016 5.979 5.942 5.904 5.867 5.830 5.854 5.892 5.931 5.969 6.008 6.008 6.085 6.123 6.142 6.157 6.171 6.186 6.200 6.215 6.268
3.445 3.429 3.536 3.536 3.598 3.661 3.725 3.789 3.852 3.916 3.980 4.044 4.098 4.142 4.185 4.229 4.272 4.316 4.379 4.379 4.408 4.438 4.467 4.496 4.536 4.599 4.662 4.724 4.787 4.849 4.912 4.980 5.052 5.124 5.269 5.269 5.342 5.414 5.486 5.546 5.598 5.649 5.660 5.663 5.667 5.671 5.674 5.678 5.682 5.685 5.689 5.689 5.767 5.860 5.954 6.048 6.017 5.979 5.942 5.905 5.868 5.830 5.793 5.756 5.738 5.776 5.815 5.815 5.892 5.930 5.951 5.966 5.981 5.995 6.036 6.110 6.184
3.296 3.289 3.414 3.414 3.477 3.539 3.603 3.666 3.730 3.794 3.858 3.921 3.967 4.011 4.055 4.098 4.142 4.185 4.258 4.259 4.288 4.317 4.346 4.375 4.435 4.498 4.561 4.623 4.686 4.748 4.811 4.875 4.948 5.020 5.165 5.165 5.237 5.309 5.372 5.423 5.475 5.526 5.558 5.562 5.566 5.569 5.573 5.577 5.580 5.584 5.588 5.588 5.728 5.822 5.915 6.009 6.018 5.980 5.943 5.906 5.868 5.831 5.794 5.756 5.719 5.682 5.644 5.645 5.699 5.737 5.761 5.775 5.804 5.878 5.952 6.026 6.100
3.147 3.168 3.293 3.293 3.355 3.418 3.481 3.544 3.608 3.672 3.735 3.793 3.836 3.880 3.924 3.967 4.011 4.055 4.138 4.138 4.167 4.196 4.225 4.272 4.335 4.397 4.460 4.522 4.585 4.647 4.710 4.773 4.843 4.915 5.060 5.060 5.132 5.197 5.249 5.300 5.351 5.403 5.454 5.461 5.465 5.468 5.472 5.476 5.479 5.483 5.501 5.501 5.689 5.783 5.877 5.970 6.018 5.981 5.944 5.906 5.869 5.832 5.794 5.757 5.720 5.682 5.645 5.645 5.571 5.544 5.573 5.647 5.720 5.794 5.868 5.942 6.016
2.997 3.046 3.171 3.171 3.234 3.297 3.359 3.422 3.485 3.549 3.613 3.662 3.706 3.749 3.793 3.837 3.880 3.924 4.011 4.011 4.046 4.075 4.108 4.171 4.233 4.296 4.359 4.421 4.484 4.546 4.609 4.672 4.739 4.811 4.956 4.956 5.023 5.074 5.125 5.177 5.228 5.279 5.331 5.360 5.364 5.367 5.371 5.375 5.378 5.382 5.463 5.463 5.650 5.744 5.838 5.931 6.019 5.982 5.944 5.907 5.870 5.832 5.795 5.758 5.720 5.683 5.646 5.646 5.571 5.542 5.540 5.563 5.636 5.710 5.784 5.858 5.932
2.862 2.925 3.050 3.050 3.113 3.175 3.238 3.300 3.363 3.427 3.488 3.531 3.575 3.619 3.662 3.706 3.750 3.793 3.880 3.880 3.924 3.955 4.007 4.070 4.133 4.195 4.258 4.320 4.383 4.446 4.508 4.571 4.634 4.706 4.848 4.848 4.899 4.951 5.002 5.053 5.105 5.156 5.207 5.259 5.263 5.266 5.270 5.274 5.277 5.330 5.424 5.424 5.611 5.705 5.799 5.893 5.986 5.982 5.945 5.908 5.870 5.833 5.796 5.759 5.721 5.684 5.647 5.647 5.583 5.569 5.561 5.579 5.598 5.626 5.700 5.774 5.848
2.741 2.803 2.928 2.928 2.991 3.054 3.116 3.179 3.242 3.305 3.357 3.400 3.444 3.488 3.531 3.575 3.619 3.662 3.750 3.750 3.795 3.847 3.906 3.969 4.032 4.094 4.157 4.219 4.282 4.345 4.407 4.470 4.532 4.602 4.725 4.725 4.776 4.827 4.879 4.930 4.981 5.033 5.084 5.135 5.162 5.165 5.169 5.173 5.198 5.291 5.385 5.385 5.572 5.666 5.760 5.854 5.948 5.983 5.946 5.909 5.871 5.834 5.797 5.759 5.722 5.685 5.647 5.647 5.610 5.596 5.582 5.600 5.619 5.638 5.657 5.690 5.764
2.619 2.682 2.807 2.807 2.870 2.937 3.004 3.072 3.140 3.207 3.247 3.293 3.339 3.385 3.432 3.478 3.524 3.570 3.662 3.662 3.708 3.815 3.883 3.936 3.989 4.041 4.094 4.146 4.199 4.252 4.306 4.369 4.431 4.497 4.601 4.601 4.653 4.704 4.755 4.807 4.858 4.909 4.961 5.012 5.061 5.064 5.068 5.072 5.159 5.252 5.346 5.346 5.534 5.627 5.721 5.815 5.909 5.984 5.946 5.909 5.872 5.835 5.797 5.760 5.723 5.685 5.665 5.665 5.637 5.623 5.609 5.621 5.640 5.659 5.678 5.697 5.716
2.537 2.605 2.741 2.741 2.809 2.876 2.944 3.012 3.080 3.129 3.163 3.207 3.253 3.299 3.345 3.392 3.438 3.484 3.576 3.576 3.653 3.768 3.867 3.919 3.972 4.024 4.077 4.130 4.182 4.235 4.287 4.340 4.392 4.404 4.489 4.489 4.531 4.581 4.632 4.684 4.735 4.786 4.837 4.889 4.940 4.963 4.967 5.026 5.120 5.214 5.307 5.307 5.495 5.589 5.682 5.776 5.870 5.964 5.947 5.910 5.873 5.835 5.798 5.761 5.723 5.706 5.692 5.692 5.664 5.650 5.636 5.642 5.661 5.680 5.699 5.718 5.737
2.477 2.545 2.681 2.681 2.748 2.816 2.884 2.952 3.019 3.052 3.085 3.121 3.167 3.213 3.259 3.305 3.352 3.398 3.491 3.491 3.606 3.722 3.837 3.902 3.955 4.008 4.060 4.113 4.165 4.218 4.271 4.323 4.347 4.343 4.413 4.413 4.455 4.497 4.540 4.582 4.625 4.667 4.714 4.765 4.817 4.862 4.893 4.987 5.081 5.175 5.268 5.269 5.456 5.550 5.644 5.737 5.831 5.925 5.948 5.911 5.873 5.836 5.799 5.761 5.747 5.733 5.719 5.719 5.691 5.677 5.663 5.663 5.682 5.701 5.720 5.739 5.758
2.477 2.545 2.681 2.681 2.748 2.816 2.884 2.952 3.019 3.052 3.085 3.121 3.167 3.213 3.259 3.305 3.351 3.398 3.491 3.491 3.606 3.722 3.837 3.902 3.955 4.008 4.060 4.113 4.165 4.218 4.270 4.323 4.347 4.343 4.413 4.413 4.455 4.497 4.540 4.582 4.625 4.667 4.714 4.765 4.817 4.862 4.893 4.987 5.081 5.175 5.268 5.269 5.456 5.550 5.644 5.737 5.831 5.925 5.948 5.911 5.873 5.836 5.799 5.762 5.747 5.733 5.719 5.719 5.691 5.677 5.663 5.663 5.682 5.701 5.720 5.739 5.758
2.431 2.485 2.620 2.621 2.688 2.756 2.824 2.891 2.941 2.975 3.008 3.041 3.081 3.127 3.173 3.219 3.265 3.311 3.445 3.445 3.560 3.675 3.791 3.886 3.938 3.991 4.043 4.096 4.149 4.201 4.254 4.290 4.286 4.283 4.337 4.337 4.379 4.421 4.464 4.506 4.549 4.591 4.633 4.676 4.718 4.761 4.849 4.948 5.042 5.136 5.230 5.230 5.417 5.511 5.605 5.699 5.792 5.886 5.949 5.911 5.874 5.837 5.803 5.789 5.774 5.760 5.746 5.746 5.718 5.704 5.690 5.684 5.703 5.722 5.741 5.760 5.779
2.392 2.425 2.560 2.560 2.628 2.696 2.764 2.831 2.864 2.897 2.931 2.964 2.997 3.041 3.087 3.133 3.179 3.225 3.398 3.398 3.513 3.629 3.744 3.860 3.922 3.974 4.027 4.079 4.132 4.184 4.234 4.230 4.226 4.223 4.261 4.261 4.303 4.346 4.388 4.430 4.473 4.515 4.558 4.600 4.642 4.685 4.755 4.861 4.968 5.075 5.182 5.182 5.379 5.472 5.566 5.660 5.754 5.847 5.941 5.912 5.875 5.844 5.830 5.816 5.801 5.787 5.773 5.773 5.745 5.731 5.717 5.705 5.724 5.743 5.762 5.781 5.800
2.314 2.342 2.440 2.440 2.508 2.575 2.643 2.676 2.709 2.743 2.776 2.809 2.843 2.876 2.915 2.961 3.007 3.074 3.305 3.305 3.421 3.536 3.651 3.767 3.882 3.941 3.993 4.046 4.098 4.117 4.114 4.110 4.106 4.102 4.109 4.109 4.151 4.194 4.236 4.279 4.321 4.363 4.406 4.448 4.491 4.534 4.576 4.673 4.780 4.886 4.993 4.993 5.207 5.314 5.421 5.527 5.634 5.741 5.848 5.924 5.912 5.898 5.884 5.870 5.855 5.841 5.827 5.827 5.799 5.785 5.770 5.756 5.766 5.785 5.804 5.822 5.841
2.276 2.304 2.380 2.380 2.447 2.515 2.566 2.599 2.632 2.666 2.699 2.732 2.765 2.798 2.832 2.875 2.921 3.028 3.259 3.259 3.374 3.490 3.605 3.720 3.836 3.924 3.977 4.029 4.061 4.057 4.053 4.050 4.046 4.042 4.035 4.035 4.075 4.118 4.160 4.203 4.245 4.287 4.330 4.373 4.415 4.458 4.500 4.579 4.685 4.792 4.899 4.899 5.113 5.220 5.326 5.433 5.540 5.647 5.728 5.781 5.824 5.866 5.908 5.896 5.882 5.868 5.854 5.854 5.826 5.812 5.797 5.783 5.787 5.806 5.824 5.843 5.834
2.237 2.265 2.321 2.321 2.387 2.455 2.488 2.522 2.555 2.588 2.621 2.655 2.688 2.721 2.754 2.788 2.866 2.982 3.212 3.212 3.328 3.443 3.558 3.674 3.789 3.905 3.960 4.004 4.001 3.997 3.993 3.990 3.986 3.982 3.975 3.975 3.999 4.042 4.084 4.127 4.169 4.211 4.254 4.297 4.339 4.382 4.425 4.484 4.591 4.698 4.805 4.805 5.019 5.125 5.232 5.339 5.446 5.528 5.583 5.637 5.681 5.724 5.766 5.808 5.850 5.893 5.881 5.881 5.853 5.839 5.824 5.810 5.808 5.826 5.845 5.834 5.794
