includes/camargue/floodfiles/results_R2_t1.562345283857E12/res-0002.wd
ncols         906
nrows         631
xllcorner     362177.146667
yllcorner     6534725.688020
cellsize      20.000000
NODATA_value  -9999.000000
[rows 442 to 475 of 631, columns 616 to 692 of 906]
3.358 3.366 3.374 3.384 3.405 3.405 3.415 3.425 3.435 3.446 3.456 3.466 3.477 3.487 3.497 3.507 3.521 3.520 3.521 3.523 3.525 3.525 3.526 3.527 3.528 3.529 3.530 3.532 3.533 3.534 3.535 3.543 3.561 3.578 3.596 3.613 3.643 3.643 3.657 3.671 3.685 3.699 3.713 3.728 3.742 3.756 3.770 3.803 3.838 3.874 3.909 3.945 4.011 4.011 4.020 4.028 4.037 4.045 4.054 4.063 4.071 4.080 4.088 4.064 4.039 4.015 3.991 3.967 3.944 3.944 3.997 4.023 4.050 4.076 4.103 4.129 4.155
3.358 3.366 3.375 3.385 3.405 3.405 3.415 3.426 3.436 3.446 3.456 3.467 3.477 3.487 3.498 3.508 3.522 3.521 3.522 3.523 3.526 3.526 3.527 3.528 3.529 3.530 3.531 3.532 3.533 3.535 3.536 3.544 3.561 3.579 3.596 3.614 3.644 3.644 3.658 3.672 3.686 3.700 3.714 3.728 3.742 3.756 3.770 3.803 3.839 3.874 3.910 3.946 4.011 4.012 4.020 4.029 4.038 4.046 4.055 4.063 4.072 4.081 4.089 4.064 4.040 4.016 3.991 3.967 3.945 3.945 3.998 4.024 4.050 4.077 4.103 4.130 4.156
3.393 3.402 3.410 3.420 3.440 3.440 3.451 3.461 3.471 3.481 3.492 3.502 3.512 3.523 3.533 3.537 3.539 3.547 3.548 3.549 3.551 3.551 3.553 3.554 3.555 3.556 3.557 3.558 3.559 3.560 3.562 3.575 3.592 3.610 3.627 3.645 3.678 3.678 3.692 3.706 3.720 3.734 3.748 3.762 3.776 3.790 3.811 3.847 3.882 3.918 3.954 3.989 4.060 4.060 4.079 4.088 4.096 4.105 4.114 4.122 4.131 4.139 4.126 4.102 4.077 4.053 4.029 4.004 3.980 3.981 4.012 4.039 4.065 4.091 4.118 4.144 4.171
3.428 3.437 3.445 3.455 3.476 3.476 3.486 3.496 3.506 3.517 3.527 3.537 3.548 3.551 3.551 3.552 3.556 3.567 3.574 3.575 3.577 3.577 3.578 3.580 3.581 3.582 3.583 3.584 3.585 3.586 3.588 3.605 3.623 3.641 3.658 3.676 3.711 3.711 3.726 3.740 3.754 3.768 3.782 3.796 3.810 3.824 3.855 3.891 3.926 3.962 3.997 4.033 4.104 4.104 4.138 4.146 4.155 4.164 4.172 4.181 4.190 4.187 4.163 4.139 4.114 4.090 4.066 4.042 4.017 4.018 4.027 4.053 4.080 4.106 4.132 4.159 4.185
3.498 3.506 3.515 3.525 3.546 3.546 3.556 3.566 3.576 3.579 3.579 3.580 3.580 3.580 3.581 3.581 3.588 3.599 3.610 3.621 3.628 3.629 3.630 3.631 3.632 3.633 3.634 3.635 3.636 3.637 3.649 3.667 3.684 3.702 3.719 3.737 3.772 3.772 3.790 3.807 3.821 3.835 3.849 3.863 3.877 3.906 3.941 3.977 4.012 4.048 4.084 4.119 4.190 4.190 4.226 4.261 4.272 4.281 4.289 4.298 4.285 4.261 4.237 4.212 4.188 4.164 4.140 4.115 4.091 4.091 4.055 4.082 4.108 4.134 4.161 4.187 4.182
3.533 3.541 3.550 3.560 3.581 3.581 3.591 3.593 3.594 3.594 3.594 3.594 3.595 3.595 3.595 3.596 3.605 3.616 3.627 3.638 3.654 3.654 3.656 3.657 3.658 3.659 3.660 3.661 3.662 3.663 3.680 3.697 3.715 3.733 3.750 3.768 3.803 3.803 3.821 3.839 3.855 3.868 3.882 3.897 3.914 3.949 3.985 4.020 4.056 4.091 4.127 4.163 4.234 4.234 4.269 4.305 4.331 4.340 4.348 4.347 4.322 4.298 4.274 4.249 4.225 4.201 4.177 4.152 4.128 4.129 4.080 4.096 4.122 4.149 4.175 4.180 4.168
3.568 3.577 3.585 3.595 3.608 3.608 3.608 3.608 3.608 3.609 3.609 3.609 3.609 3.610 3.610 3.610 3.621 3.632 3.643 3.654 3.676 3.676 3.681 3.683 3.684 3.685 3.686 3.687 3.688 3.693 3.711 3.728 3.746 3.763 3.781 3.799 3.834 3.834 3.852 3.869 3.887 3.902 3.916 3.930 3.957 3.993 4.029 4.064 4.100 4.135 4.171 4.206 4.277 4.277 4.313 4.348 4.384 4.398 4.407 4.384 4.359 4.335 4.311 4.287 4.262 4.238 4.214 4.190 4.165 4.166 4.117 4.111 4.137 4.163 4.178 4.166 4.154
3.581 3.605 3.620 3.622 3.623 3.623 3.623 3.623 3.623 3.624 3.624 3.624 3.624 3.624 3.625 3.627 3.638 3.649 3.660 3.671 3.693 3.693 3.703 3.708 3.710 3.711 3.712 3.713 3.714 3.724 3.741 3.759 3.777 3.794 3.812 3.830 3.865 3.865 3.883 3.900 3.918 3.936 3.950 3.965 4.001 4.037 4.072 4.107 4.143 4.178 4.214 4.250 4.321 4.321 4.356 4.392 4.427 4.457 4.445 4.421 4.397 4.372 4.348 4.324 4.299 4.275 4.251 4.227 4.203 4.203 4.154 4.130 4.151 4.176 4.164 4.152 4.140
3.590 3.614 3.634 3.637 3.637 3.637 3.638 3.638 3.638 3.638 3.639 3.639 3.639 3.639 3.640 3.643 3.654 3.665 3.676 3.687 3.709 3.709 3.720 3.731 3.735 3.736 3.737 3.739 3.740 3.755 3.772 3.790 3.807 3.825 3.843 3.860 3.896 3.896 3.913 3.931 3.949 3.966 3.984 4.009 4.044 4.080 4.115 4.151 4.187 4.222 4.255 4.288 4.352 4.352 4.385 4.417 4.449 4.484 4.479 4.456 4.432 4.408 4.384 4.360 4.336 4.312 4.288 4.264 4.240 4.240 4.191 4.167 4.166 4.163 4.150 4.139 4.126
3.600 3.624 3.646 3.648 3.652 3.652 3.652 3.653 3.653 3.653 3.653 3.654 3.654 3.654 3.654 3.660 3.671 3.682 3.693 3.704 3.726 3.726 3.736 3.747 3.758 3.762 3.763 3.764 3.768 3.785 3.803 3.821 3.838 3.856 3.874 3.891 3.927 3.927 3.944 3.962 3.979 3.994 4.009 4.025 4.057 4.090 4.122 4.154 4.187 4.219 4.251 4.284 4.348 4.348 4.381 4.413 4.445 4.485 4.510 4.486 4.462 4.438 4.414 4.391 4.367 4.343 4.319 4.296 4.272 4.272 4.225 4.201 4.172 4.157 4.143 4.129 4.114
3.609 3.633 3.657 3.659 3.664 3.664 3.666 3.667 3.668 3.668 3.668 3.668 3.669 3.669 3.669 3.676 3.687 3.698 3.709 3.720 3.742 3.742 3.753 3.764 3.775 3.786 3.789 3.790 3.798 3.816 3.834 3.851 3.869 3.887 3.904 3.922 3.953 3.953 3.968 3.982 3.997 4.012 4.026 4.033 4.053 4.086 4.118 4.150 4.183 4.215 4.247 4.280 4.344 4.344 4.377 4.409 4.445 4.486 4.527 4.516 4.493 4.469 4.445 4.421 4.397 4.374 4.350 4.326 4.302 4.303 4.255 4.229 4.194 4.170 4.156 4.141 4.127
3.619 3.643 3.666 3.671 3.675 3.675 3.678 3.680 3.682 3.683 3.683 3.683 3.683 3.684 3.684 3.693 3.704 3.715 3.726 3.737 3.758 3.758 3.769 3.780 3.791 3.802 3.813 3.816 3.829 3.847 3.864 3.882 3.897 3.911 3.926 3.941 3.971 3.971 3.986 4.000 4.015 4.030 4.041 4.049 4.056 4.082 4.114 4.146 4.179 4.211 4.243 4.276 4.340 4.340 4.372 4.405 4.446 4.487 4.528 4.547 4.523 4.499 4.475 4.452 4.428 4.404 4.380 4.357 4.333 4.333 4.285 4.251 4.216 4.182 4.168 4.154 4.139
3.628 3.652 3.676 3.682 3.687 3.687 3.689 3.691 3.694 3.696 3.698 3.698 3.698 3.698 3.699 3.709 3.720 3.731 3.742 3.753 3.775 3.775 3.786 3.797 3.808 3.818 3.829 3.841 3.855 3.870 3.885 3.900 3.915 3.930 3.944 3.959 3.989 3.989 4.004 4.018 4.033 4.048 4.057 4.064 4.072 4.079 4.110 4.142 4.175 4.207 4.239 4.272 4.336 4.336 4.368 4.405 4.447 4.488 4.529 4.570 4.553 4.530 4.506 4.482 4.458 4.435 4.411 4.387 4.363 4.363 4.309 4.274 4.238 4.203 4.181 4.166 4.152
3.638 3.661 3.685 3.693 3.698 3.698 3.700 3.703 3.705 3.707 3.710 3.712 3.713 3.713 3.715 3.726 3.737 3.747 3.758 3.769 3.791 3.791 3.803 3.814 3.826 3.837 3.849 3.861 3.873 3.888 3.903 3.918 3.933 3.947 3.962 3.977 4.007 4.007 4.022 4.037 4.051 4.066 4.073 4.080 4.087 4.095 4.106 4.138 4.171 4.203 4.235 4.267 4.332 4.332 4.365 4.406 4.448 4.489 4.530 4.571 4.584 4.560 4.536 4.513 4.489 4.465 4.441 4.417 4.394 4.394 4.331 4.296 4.260 4.225 4.193 4.179 4.165
3.647 3.671 3.695 3.705 3.709 3.709 3.712 3.714 3.716 3.719 3.721 3.723 3.725 3.728 3.731 3.742 3.753 3.765 3.776 3.788 3.811 3.811 3.823 3.834 3.846 3.857 3.869 3.881 3.894 3.906 3.921 3.936 3.951 3.966 3.980 3.995 4.025 4.025 4.040 4.054 4.069 4.082 4.089 4.096 4.103 4.110 4.118 4.134 4.166 4.199 4.231 4.263 4.328 4.328 4.366 4.407 4.449 4.490 4.531 4.572 4.613 4.591 4.567 4.543 4.519 4.495 4.472 4.448 4.424 4.424 4.354 4.318 4.283 4.247 4.212 4.191 4.177
3.657 3.680 3.704 3.716 3.721 3.721 3.723 3.725 3.728 3.730 3.732 3.734 3.737 3.740 3.750 3.762 3.773 3.785 3.796 3.808 3.831 3.831 3.842 3.854 3.866 3.877 3.889 3.901 3.914 3.926 3.939 3.954 3.969 3.984 3.998 4.013 4.043 4.043 4.058 4.072 4.087 4.098 4.105 4.112 4.119 4.126 4.133 4.141 4.162 4.195 4.227 4.259 4.326 4.326 4.367 4.408 4.450 4.491 4.532 4.573 4.614 4.621 4.597 4.573 4.550 4.526 4.502 4.478 4.446 4.447 4.376 4.340 4.305 4.270 4.234 4.204 4.190
3.666 3.690 3.714 3.727 3.732 3.732 3.734 3.737 3.739 3.741 3.743 3.746 3.750 3.760 3.770 3.781 3.793 3.805 3.816 3.828 3.851 3.851 3.862 3.874 3.885 3.897 3.909 3.921 3.934 3.946 3.959 3.972 3.987 4.002 4.016 4.031 4.061 4.061 4.076 4.090 4.105 4.113 4.121 4.128 4.135 4.142 4.149 4.157 4.164 4.191 4.223 4.255 4.327 4.327 4.368 4.409 4.451 4.492 4.533 4.574 4.615 4.651 4.628 4.604 4.580 4.556 4.533 4.504 4.469 4.469 4.398 4.363 4.327 4.292 4.256 4.221 4.202
3.667 3.690 3.714 3.728 3.733 3.733 3.735 3.737 3.739 3.742 3.744 3.746 3.750 3.761 3.771 3.782 3.793 3.805 3.817 3.828 3.851 3.851 3.863 3.874 3.886 3.897 3.910 3.922 3.935 3.947 3.959 3.972 3.987 4.002 4.017 4.032 4.061 4.061 4.076 4.091 4.106 4.114 4.121 4.128 4.135 4.143 4.150 4.157 4.164 4.191 4.224 4.256 4.327 4.328 4.369 4.410 4.451 4.492 4.533 4.575 4.616 4.652 4.628 4.604 4.581 4.557 4.533 4.505 4.469 4.469 4.399 4.363 4.328 4.292 4.257 4.222 4.203
3.676 3.700 3.724 3.739 3.744 3.744 3.746 3.748 3.751 3.753 3.755 3.761 3.771 3.781 3.791 3.802 3.813 3.825 3.837 3.848 3.871 3.871 3.883 3.894 3.906 3.917 3.930 3.942 3.955 3.967 3.980 3.992 4.005 4.020 4.035 4.050 4.079 4.079 4.094 4.109 4.123 4.130 4.137 4.144 4.151 4.158 4.166 4.173 4.180 4.187 4.219 4.252 4.329 4.329 4.370 4.411 4.452 4.493 4.534 4.576 4.617 4.658 4.659 4.635 4.611 4.587 4.562 4.527 4.492 4.492 4.421 4.385 4.350 4.315 4.279 4.244 4.215
3.685 3.709 3.733 3.750 3.755 3.755 3.757 3.760 3.762 3.764 3.771 3.781 3.791 3.801 3.812 3.822 3.833 3.845 3.856 3.868 3.891 3.891 3.903 3.914 3.926 3.938 3.950 3.962 3.975 3.987 4.000 4.012 4.025 4.038 4.053 4.068 4.097 4.097 4.112 4.127 4.138 4.146 4.153 4.160 4.167 4.174 4.182 4.189 4.196 4.203 4.215 4.248 4.329 4.330 4.371 4.412 4.453 4.494 4.535 4.577 4.618 4.659 4.689 4.665 4.642 4.618 4.585 4.549 4.514 4.514 4.443 4.408 4.372 4.337 4.301 4.266 4.230
3.704 3.728 3.752 3.773 3.777 3.777 3.780 3.782 3.791 3.801 3.811 3.821 3.832 3.842 3.852 3.863 3.873 3.884 3.896 3.907 3.930 3.930 3.942 3.953 3.965 3.978 3.990 4.002 4.015 4.027 4.040 4.052 4.065 4.077 4.089 4.103 4.133 4.133 4.148 4.162 4.169 4.177 4.184 4.191 4.198 4.205 4.213 4.220 4.231 4.252 4.273 4.298 4.365 4.365 4.398 4.432 4.465 4.499 4.537 4.578 4.619 4.660 4.701 4.726 4.699 4.664 4.629 4.593 4.558 4.558 4.487 4.452 4.416 4.381 4.345 4.310 4.274
3.713 3.737 3.761 3.784 3.789 3.789 3.791 3.801 3.811 3.821 3.831 3.842 3.852 3.862 3.873 3.883 3.893 3.904 3.915 3.927 3.950 3.950 3.962 3.973 3.985 3.998 4.010 4.023 4.035 4.048 4.060 4.072 4.085 4.097 4.110 4.122 4.151 4.151 4.166 4.178 4.185 4.192 4.200 4.207 4.214 4.221 4.241 4.262 4.282 4.303 4.323 4.347 4.414 4.414 4.448 4.481 4.515 4.548 4.582 4.615 4.649 4.682 4.716 4.749 4.721 4.686 4.651 4.616 4.580 4.580 4.509 4.474 4.438 4.403 4.368 4.332 4.297
3.723 3.747 3.770 3.794 3.801 3.800 3.811 3.821 3.831 3.842 3.852 3.862 3.872 3.883 3.893 3.903 3.914 3.924 3.935 3.947 3.970 3.970 3.982 3.993 4.005 4.018 4.030 4.043 4.055 4.068 4.080 4.092 4.105 4.117 4.130 4.142 4.169 4.169 4.183 4.194 4.201 4.208 4.215 4.230 4.251 4.271 4.292 4.312 4.333 4.353 4.374 4.396 4.463 4.463 4.497 4.530 4.564 4.597 4.631 4.664 4.698 4.731 4.765 4.751 4.720 4.687 4.653 4.619 4.586 4.586 4.518 4.484 4.451 4.417 4.383 4.349 4.316
3.738 3.759 3.780 3.804 3.821 3.821 3.831 3.841 3.852 3.862 3.872 3.883 3.893 3.903 3.914 3.924 3.934 3.945 3.955 3.967 3.990 3.990 4.001 4.013 4.026 4.038 4.051 4.063 4.075 4.088 4.100 4.113 4.125 4.137 4.150 4.162 4.187 4.187 4.201 4.210 4.219 4.240 4.260 4.281 4.301 4.322 4.342 4.363 4.384 4.404 4.425 4.445 4.512 4.512 4.546 4.580 4.613 4.647 4.680 4.714 4.747 4.781 4.776 4.748 4.719 4.686 4.653 4.619 4.585 4.585 4.517 4.484 4.450 4.416 4.382 4.349 4.315
3.753 3.774 3.795 3.827 3.841 3.841 3.852 3.862 3.872 3.882 3.893 3.903 3.913 3.924 3.934 3.944 3.955 3.965 3.975 3.987 4.010 4.010 4.021 4.033 4.046 4.058 4.071 4.083 4.096 4.108 4.120 4.133 4.145 4.158 4.170 4.182 4.207 4.207 4.221 4.249 4.270 4.290 4.311 4.331 4.352 4.372 4.393 4.414 4.434 4.455 4.475 4.496 4.562 4.562 4.595 4.629 4.662 4.696 4.729 4.763 4.796 4.802 4.773 4.745 4.716 4.686 4.652 4.618 4.584 4.584 4.517 4.483 4.449 4.416 4.382 4.348 4.314
3.768 3.789 3.828 3.875 3.891 3.891 3.891 3.891 3.893 3.903 3.913 3.923 3.934 3.944 3.954 3.965 3.975 3.985 3.996 4.006 4.030 4.030 4.041 4.054 4.066 4.078 4.091 4.103 4.116 4.128 4.140 4.153 4.165 4.178 4.189 4.198 4.217 4.217 4.236 4.282 4.320 4.341 4.361 4.382 4.403 4.423 4.444 4.464 4.485 4.506 4.526 4.547 4.611 4.611 4.645 4.678 4.712 4.745 4.779 4.812 4.827 4.799 4.770 4.742 4.713 4.685 4.651 4.618 4.584 4.584 4.516 4.483 4.449 4.415 4.381 4.348 4.315
3.783 3.830 3.876 3.923 3.945 3.945 3.945 3.945 3.945 3.945 3.945 3.945 3.954 3.964 3.975 3.985 3.995 4.006 4.016 4.026 4.049 4.049 4.061 4.074 4.086 4.098 4.111 4.123 4.136 4.148 4.161 4.170 4.180 4.189 4.198 4.207 4.226 4.226 4.252 4.297 4.343 4.389 4.412 4.433 4.453 4.474 4.494 4.515 4.536 4.556 4.577 4.597 4.660 4.660 4.694 4.727 4.761 4.794 4.828 4.853 4.824 4.796 4.767 4.739 4.710 4.682 4.651 4.617 4.583 4.583 4.516 4.482 4.448 4.415 4.381 4.347 4.323
3.831 3.877 3.924 3.970 3.999 3.999 3.999 3.999 3.999 3.999 3.999 3.998 3.999 3.998 3.998 4.005 4.016 4.026 4.036 4.047 4.069 4.069 4.081 4.094 4.106 4.119 4.131 4.143 4.152 4.161 4.170 4.180 4.189 4.198 4.208 4.217 4.235 4.235 4.267 4.313 4.359 4.404 4.450 4.483 4.504 4.524 4.545 4.566 4.586 4.607 4.627 4.648 4.709 4.709 4.743 4.777 4.810 4.844 4.877 4.850 4.821 4.793 4.764 4.736 4.707 4.679 4.650 4.616 4.583 4.583 4.515 4.481 4.448 4.414 4.380 4.352 4.331
3.879 3.925 3.972 4.018 4.052 4.052 4.052 4.052 4.052 4.052 4.052 4.052 4.052 4.052 4.052 4.052 4.052 4.052 4.057 4.067 4.089 4.089 4.102 4.114 4.124 4.133 4.143 4.152 4.161 4.171 4.180 4.189 4.198 4.208 4.217 4.226 4.245 4.245 4.283 4.328 4.374 4.420 4.465 4.511 4.554 4.575 4.596 4.616 4.637 4.657 4.678 4.699 4.759 4.759 4.792 4.826 4.859 4.893 4.875 4.847 4.818 4.790 4.761 4.733 4.704 4.676 4.647 4.616 4.582 4.582 4.515 4.481 4.447 4.413 4.381 4.360 4.339
3.926 3.973 4.019 4.066 4.106 4.106 4.106 4.106 4.106 4.106 4.106 4.106 4.106 4.106 4.106 4.106 4.106 4.105 4.105 4.105 4.106 4.106 4.115 4.124 4.133 4.143 4.152 4.161 4.171 4.180 4.189 4.199 4.208 4.217 4.226 4.236 4.254 4.254 4.298 4.344 4.389 4.435 4.481 4.526 4.572 4.618 4.646 4.667 4.687 4.708 4.729 4.749 4.808 4.808 4.841 4.875 4.908 4.900 4.872 4.844 4.815 4.787 4.758 4.730 4.701 4.673 4.644 4.615 4.581 4.581 4.514 4.480 4.446 4.413 4.390 4.368 4.347
3.974 4.021 4.067 4.114 4.160 4.160 4.160 4.160 4.160 4.160 4.160 4.159 4.160 4.159 4.159 4.159 4.159 4.159 4.159 4.156 4.125 4.125 4.124 4.134 4.143 4.152 4.161 4.171 4.180 4.189 4.199 4.208 4.217 4.226 4.236 4.245 4.268 4.268 4.313 4.359 4.405 4.450 4.496 4.542 4.587 4.633 4.679 4.718 4.738 4.759 4.779 4.800 4.857 4.857 4.891 4.924 4.926 4.897 4.869 4.841 4.812 4.784 4.755 4.727 4.698 4.670 4.641 4.613 4.581 4.581 4.513 4.479 4.446 4.419 4.398 4.376 4.355
4.022 4.069 4.115 4.162 4.213 4.213 4.213 4.213 4.213 4.213 4.213 4.213 4.213 4.213 4.213 4.213 4.213 4.213 4.203 4.181 4.150 4.150 4.147 4.144 4.152 4.161 4.171 4.180 4.189 4.199 4.208 4.217 4.227 4.236 4.245 4.255 4.283 4.283 4.329 4.374 4.420 4.466 4.511 4.557 4.603 4.648 4.694 4.740 4.785 4.809 4.830 4.851 4.906 4.906 4.940 4.951 4.923 4.894 4.866 4.838 4.809 4.781 4.752 4.724 4.695 4.667 4.638 4.610 4.580 4.580 4.513 4.479 4.448 4.427 4.406 4.385 4.363
4.070 4.116 4.163 4.209 4.267 4.267 4.267 4.267 4.267 4.267 4.267 4.267 4.267 4.267 4.267 4.267 4.266 4.250 4.228 4.206 4.175 4.175 4.172 4.169 4.166 4.171 4.180 4.189 4.199 4.208 4.217 4.227 4.236 4.245 4.255 4.264 4.298 4.298 4.344 4.390 4.435 4.481 4.527 4.572 4.618 4.664 4.709 4.755 4.801 4.846 4.881 4.901 4.955 4.955 4.977 4.948 4.920 4.891 4.863 4.834 4.806 4.778 4.749 4.721 4.692 4.664 4.635 4.607 4.578 4.578 4.512 4.478 4.456 4.435 4.414 4.393 4.371
4.118 4.164 4.211 4.257 4.321 4.320 4.320 4.320 4.320 4.320 4.320 4.320 4.320 4.320 4.320 4.318 4.296 4.275 4.253 4.231 4.201 4.201 4.198 4.195 4.192 4.189 4.189 4.199 4.208 4.217 4.227 4.236 4.245 4.255 4.264 4.273 4.314 4.314 4.359 4.405 4.451 4.496 4.542 4.588 4.633 4.679 4.725 4.770 4.816 4.862 4.907 4.952 5.002 5.002 4.974 4.945 4.917 4.888 4.860 4.831 4.803 4.774 4.746 4.718 4.689 4.661 4.632 4.604 4.575 4.575 4.511 4.485 4.464 4.443 4.422 4.401 4.379
