includes/camargue/floodfiles/results_R2_t1.562345283857E12/res-0010.wdfp
ncols         906
nrows         631
xllcorner     362177.146667
yllcorner     6534725.688020
cellsize      20.000000
NODATA_value  -9999.000000
[rows 306 to 339 of 631, columns 770 to 846 of 906]
0.000 0.000 0.000 0.000 0.000 0.205 0.765 0.295 0.000 0.225 0.006 0.008 0.014 0.000 0.007 0.005 0.000 0.117 0.000 0.000 0.046 0.000 0.000 0.348 0.518 0.608 0.347 0.053 0.050 0.211 0.241 0.000 0.003 0.029 0.000 0.000 0.166 0.576 0.665 0.595 0.585 0.775 0.585 0.285 0.285 0.000 0.128 0.347 0.607 0.607 0.217 0.417 0.187 0.017 0.000 0.807 0.666 0.566 0.696 1.136 1.136 1.106 1.026 0.956 1.036 1.166 1.136 1.066 1.116 1.096 1.186 0.826 0.936 0.656 0.306 0.366 0.366
0.000 0.001 0.000 0.000 0.000 0.285 0.185 0.255 0.615 0.645 0.145 0.002 0.006 0.062 0.052 0.000 0.000 0.047 0.000 0.076 0.276 0.000 0.131 0.079 0.388 0.337 0.434 0.498 0.495 0.471 0.500 0.260 0.029 0.078 0.000 0.019 0.316 0.546 0.725 0.705 0.755 0.715 0.815 0.655 0.654 1.742 0.790 0.659 0.188 0.000 0.000 0.187 0.217 0.377 0.407 0.827 0.666 1.046 1.056 1.056 1.056 1.026 1.216 1.196 1.126 1.136 1.806 1.176 1.236 1.726 1.176 1.486 1.526 1.786 1.746 1.416 1.416
0.145 0.465 0.705 0.275 0.000 0.475 0.235 0.016 0.335 0.445 0.035 0.000 0.000 0.042 0.000 0.000 0.216 0.346 0.196 0.286 0.166 0.135 0.048 0.200 0.439 0.198 0.074 0.116 0.113 0.460 0.540 0.559 0.588 0.528 0.236 0.000 0.246 0.606 0.646 0.695 0.775 0.865 0.815 0.675 0.675 0.183 0.790 1.129 1.018 1.157 1.927 1.227 1.067 1.077 0.987 0.947 1.017 1.256 1.126 1.106 1.106 1.376 1.316 1.236 1.556 1.206 1.196 1.336 1.086 1.156 0.826 0.976 0.956 0.276 0.416 0.506 0.506
0.425 0.105 0.645 0.575 0.715 0.255 0.000 0.000 0.475 0.415 0.345 0.002 0.004 0.000 0.246 0.266 0.316 0.416 0.446 0.156 0.196 0.000 0.095 0.103 0.640 0.000 0.000 0.092 0.091 0.509 0.569 0.429 0.288 0.297 0.126 0.094 0.249 0.786 0.776 0.746 0.715 0.735 0.845 0.885 0.885 0.775 0.453 0.000 1.398 0.717 1.057 1.247 1.417 1.267 1.257 1.357 1.187 1.336 1.236 1.066 1.066 1.506 1.476 1.806 1.166 0.876 0.706 0.796 0.506 0.896 1.006 1.196 1.026 1.066 0.000 0.000 0.000
0.635 0.405 0.425 0.605 0.585 0.805 0.495 0.505 0.395 0.285 0.215 0.000 0.000 0.077 0.566 0.486 0.536 0.406 0.526 0.266 0.256 0.000 0.426 0.305 0.293 0.000 0.000 0.149 0.149 0.589 0.459 0.309 0.157 0.275 0.205 0.219 0.154 0.476 0.626 0.786 0.635 0.855 0.755 0.505 0.505 0.755 0.384 0.454 0.050 0.927 1.177 1.097 1.577 1.927 1.417 1.187 1.327 1.256 1.276 1.086 1.086 1.216 1.726 0.796 1.086 0.646 0.996 0.896 0.906 0.466 1.256 0.576 0.936 1.456 1.196 1.186 1.186
0.025 0.000 0.000 0.545 0.175 0.275 0.335 0.765 0.385 0.335 0.000 0.042 0.039 0.147 0.146 0.646 0.436 0.386 0.196 0.226 0.306 0.453 0.191 0.267 0.014 0.000 0.000 0.709 0.709 0.399 0.609 0.528 0.447 0.455 0.412 0.071 0.348 0.397 0.736 0.576 0.816 0.726 0.795 0.675 0.675 0.535 0.574 0.563 0.440 0.508 0.027 1.047 1.347 1.357 1.997 1.317 1.057 1.496 1.006 1.046 1.046 1.566 0.676 0.996 0.716 0.696 0.876 1.136 1.136 1.226 1.036 0.556 1.036 1.266 1.126 1.806 1.806
0.000 0.648 0.000 0.000 0.000 0.505 0.435 0.345 0.000 0.192 0.095 0.103 0.099 0.157 0.356 0.336 0.476 0.406 0.376 0.556 0.376 0.125 0.004 0.000 0.104 0.000 0.022 0.149 0.149 0.539 0.319 0.368 0.287 0.376 0.051 0.135 0.498 0.347 0.626 0.616 0.496 0.566 0.386 0.535 0.535 0.625 0.524 0.493 0.240 0.288 0.947 0.507 0.877 1.257 1.277 1.307 1.467 1.386 1.276 1.386 1.386 0.606 0.596 0.000 0.000 0.000 0.056 0.026 0.116 0.516 0.826 0.986 1.286 0.866 0.966 0.896 0.896
0.039 0.838 0.000 0.000 0.000 0.000 0.095 0.000 0.002 0.000 0.000 0.147 0.147 0.317 0.537 0.487 0.106 0.336 0.116 0.476 0.056 0.000 0.001 0.084 0.534 0.000 0.005 0.056 0.056 0.034 0.239 0.068 0.128 0.000 0.000 0.410 0.000 0.927 0.367 0.196 0.576 0.926 0.286 0.976 0.976 0.695 0.485 0.222 0.568 0.847 0.667 0.527 1.247 1.157 0.357 0.597 0.807 0.906 0.536 0.366 0.366 0.156 0.966 0.696 0.996 0.896 0.706 0.976 1.096 1.056 1.136 1.066 1.166 0.696 1.446 0.976 0.976
0.039 0.838 0.000 0.000 0.000 0.000 0.095 0.000 0.002 0.000 0.001 0.147 0.147 0.317 0.537 0.487 0.106 0.336 0.116 0.476 0.056 0.000 0.002 0.084 0.534 0.000 0.007 0.061 0.061 0.039 0.239 0.068 0.128 0.000 0.000 0.410 0.000 0.927 0.367 0.197 0.577 0.927 0.286 0.976 0.976 0.695 0.485 0.220 0.568 0.847 0.667 0.527 1.247 1.157 0.357 0.597 0.807 0.906 0.536 0.366 0.366 0.156 0.966 0.696 0.996 0.896 0.706 0.976 1.096 1.056 1.136 1.066 1.166 0.696 1.446 0.976 0.976
0.198 0.898 0.318 0.000 0.000 0.000 0.000 0.000 0.000 0.000 0.000 0.307 0.307 0.427 0.047 0.427 0.397 0.186 0.286 0.206 0.116 0.006 0.229 0.002 0.000 0.496 0.796 0.536 0.536 0.576 0.000 0.000 0.000 0.000 0.620 0.710 0.339 0.508 0.538 0.747 0.797 0.877 0.597 0.746 0.746 0.586 0.024 0.588 0.918 1.337 0.747 1.297 1.467 0.847 0.447 0.967 0.867 0.826 0.776 0.346 0.346 0.096 0.000 0.000 0.206 0.000 0.000 0.000 0.026 0.000 0.000 0.000 0.046 0.676 0.236 0.216 0.216
0.000 0.388 0.188 0.000 0.000 0.084 0.074 0.203 0.513 0.663 0.008 0.607 0.607 0.487 0.437 0.467 0.137 0.426 0.626 0.396 0.005 0.000 0.000 0.000 0.000 0.167 0.000 0.000 0.000 0.000 0.379 0.000 0.240 0.230 0.790 0.220 0.519 0.559 0.288 0.378 0.698 0.658 0.477 1.226 1.226 0.145 0.063 0.000 0.538 0.407 0.527 0.000 0.047 0.347 0.047 0.567 1.047 0.716 0.966 1.116 1.116 1.076 1.136 1.046 1.146 1.146 0.986 1.106 1.126 1.046 1.086 1.196 1.396 0.966 0.466 0.446 0.446
0.005 0.167 0.000 0.000 0.000 0.064 0.024 0.613 0.413 0.213 0.733 0.000 0.000 0.607 0.477 0.337 0.357 0.227 0.000 0.000 0.000 0.000 0.000 0.068 0.088 0.208 0.169 0.299 0.299 0.189 0.499 0.000 0.380 0.380 0.580 0.590 0.430 0.709 0.799 0.569 0.848 0.838 0.758 0.857 0.856 0.273 1.098 0.658 0.538 0.217 0.297 0.167 0.167 0.347 0.307 0.317 0.197 0.206 0.246 0.596 0.596 0.226 0.696 1.116 1.326 1.356 1.446 1.566 1.616 1.546 1.556 1.486 1.326 0.666 0.576 0.436 0.436
0.000 0.396 0.256 0.000 0.243 0.000 0.293 0.573 0.743 0.523 0.413 0.000 0.000 0.000 0.366 0.316 0.007 0.038 0.120 0.250 0.370 0.000 0.000 0.000 0.010 0.449 0.269 0.579 0.579 0.539 0.000 0.000 0.121 0.571 0.580 0.770 0.730 0.930 0.219 1.049 0.929 0.799 0.889 0.000 0.000 0.363 0.000 1.098 0.648 0.897 1.057 0.977 0.497 0.477 0.557 0.767 0.587 0.497 0.626 0.506 0.506 0.416 0.546 0.536 0.476 0.516 0.716 1.076 1.066 1.376 1.456 1.406 1.296 0.386 1.386 0.846 0.846
0.175 0.436 0.216 0.000 0.000 0.134 0.008 0.132 0.000 0.000 0.753 0.000 0.000 0.110 0.057 0.376 0.017 0.360 0.280 0.050 0.150 0.120 0.000 0.000 0.299 0.239 0.159 0.369 0.369 0.000 0.000 0.000 0.382 0.381 0.551 0.401 0.970 0.490 0.909 0.689 0.879 0.939 0.979 0.339 0.339 0.000 0.028 0.248 0.328 0.347 0.377 0.000 0.147 0.437 0.267 0.877 0.647 0.787 0.466 0.496 0.496 0.346 0.466 0.296 0.406 0.946 1.226 1.066 1.186 1.066 0.686 1.336 0.996 0.386 1.136 0.756 0.756
0.074 0.000 0.000 0.104 0.000 0.184 0.184 0.028 0.156 0.000 0.000 0.488 0.488 0.060 0.290 0.000 0.000 0.100 0.000 0.002 0.090 0.000 0.000 0.209 0.129 0.069 0.000 0.010 0.010 0.000 0.000 0.028 0.413 0.442 0.422 0.531 0.520 0.560 0.790 1.030 0.559 0.539 0.689 0.000 0.000 0.000 0.000 0.000 0.000 0.000 0.000 0.000 0.000 0.003 0.000 0.000 0.777 0.487 0.336 0.636 0.636 0.766 0.456 0.536 0.266 0.186 0.376 0.876 1.556 1.446 0.756 1.416 0.000 0.656 0.946 0.486 0.486
0.084 0.194 0.000 0.114 0.314 0.404 0.034 0.295 0.556 0.356 0.187 0.848 0.848 0.000 0.009 0.000 0.000 0.000 0.002 0.000 0.000 0.020 0.130 0.259 0.499 0.011 0.000 0.332 0.332 0.492 0.000 0.349 0.337 0.314 0.293 0.433 0.000 0.270 0.350 0.650 0.650 0.340 0.740 0.000 0.000 0.000 0.000 0.000 0.047 0.017 0.000 0.000 0.000 0.000 0.000 0.000 0.000 0.000 0.286 0.027 0.027 0.396 0.176 0.000 0.386 0.236 0.076 0.416 0.806 1.036 0.746 0.366 0.556 0.486 0.626 0.426 0.426
0.304 0.044 0.244 0.254 0.894 0.254 0.294 0.234 0.000 0.126 0.028 0.288 0.288 0.000 0.000 0.000 0.000 0.000 0.213 0.000 0.000 0.120 0.270 0.000 0.000 0.000 0.000 0.342 0.342 0.122 0.201 0.671 0.551 0.179 0.167 0.306 0.000 0.293 0.172 0.481 0.831 0.711 0.711 0.086 0.086 0.217 0.447 0.407 0.447 0.907 0.867 0.707 0.147 0.717 0.000 0.000 0.000 0.000 0.000 0.000 0.000 0.000 0.000 0.000 0.000 0.000 0.000 0.000 0.000 0.176 0.096 0.476 0.766 0.416 0.506 0.696 0.696
0.534 0.464 0.753 0.613 0.543 0.514 0.374 0.294 0.423 0.000 0.238 0.148 0.148 0.000 0.000 0.182 0.000 0.312 0.000 0.000 0.000 0.290 0.000 0.000 0.000 0.000 0.000 0.662 0.662 0.262 0.352 0.581 0.461 0.341 0.220 0.389 0.238 0.657 0.294 0.272 0.742 0.692 0.000 0.497 0.497 0.557 0.277 0.207 0.247 0.307 0.557 0.437 0.547 0.317 0.217 0.497 0.000 0.000 0.000 0.000 0.000 0.000 0.000 0.000 0.000 0.000 0.000 0.000 0.000 0.000 0.000 0.000 0.000 0.000 0.000 0.000 0.000
0.934 0.000 0.353 0.583 0.403 0.000 0.393 0.000 0.393 0.074 0.056 0.086 0.086 0.004 0.001 0.000 0.000 0.000 0.001 0.001 0.021 0.220 0.050 0.000 0.000 0.000 0.006 0.282 0.282 0.122 0.272 0.612 0.472 0.342 0.211 0.370 0.199 0.777 0.197 0.085 0.573 0.573 0.136 0.447 0.447 0.367 0.577 0.377 0.667 0.000 0.587 0.357 0.617 0.617 0.377 0.457 0.117 0.187 0.000 0.000 0.000 0.000 0.000 0.000 0.000 0.000 0.000 0.000 0.000 0.000 0.000 0.000 0.000 0.000 0.000 0.000 0.000
0.724 0.773 0.993 0.603 0.153 0.463 0.753 0.483 0.453 0.453 0.154 0.185 0.185 0.000 0.000 0.000 0.000 0.000 0.000 0.014 0.340 0.330 0.000 0.000 0.032 0.000 0.200 0.000 0.000 0.163 0.183 0.513 0.403 0.303 0.213 0.252 0.340 0.499 0.469 0.158 0.555 0.495 0.276 0.487 0.487 0.517 0.257 0.397 0.207 0.000 0.487 0.117 0.437 0.147 0.367 0.287 0.327 0.417 0.137 0.000 0.000 0.000 0.000 0.000 0.000 0.000 0.000 0.000 0.000 0.000 0.000 0.000 0.000 0.000 0.000 0.000 0.000
0.423 0.000 0.753 0.623 0.203 0.693 0.703 0.000 0.543 0.006 0.513 0.000 0.002 0.337 0.157 0.000 0.000 0.000 0.000 0.000 0.130 0.000 0.001 0.001 0.000 0.000 0.003 0.427 0.427 0.000 0.124 0.405 0.625 0.535 0.305 0.324 0.273 0.370 0.589 0.659 0.608 0.167 0.507 0.617 0.617 0.627 0.697 0.267 0.000 0.000 0.297 0.347 0.008 0.077 0.107 0.367 0.000 0.207 0.000 0.000 0.000 0.000 0.000 0.000 0.000 0.000 0.000 0.000 0.000 0.000 0.000 0.000 0.000 0.000 0.000 0.000 0.000
0.663 0.783 0.723 0.000 0.000 0.783 0.493 0.000 0.343 0.000 0.573 0.000 0.000 0.003 0.000 0.000 0.000 0.000 0.000 0.000 0.000 0.000 0.000 0.000 0.000 0.000 0.000 0.000 0.000 0.000 0.000 0.387 0.376 0.376 0.466 0.485 0.524 0.533 0.411 0.779 0.829 0.188 0.567 0.000 0.000 0.002 0.167 0.017 0.000 0.000 0.237 0.247 0.367 0.000 0.277 0.277 0.000 0.000 0.000 0.000 0.000 0.000 0.000 0.000 0.000 0.000 0.000 0.000 0.000 0.000 0.000 0.000 0.000 0.000 0.000 0.000 0.000
0.043 0.603 0.773 0.793 1.013 0.883 0.403 0.513 0.553 0.323 0.613 0.000 0.001 0.000 0.000 0.000 0.000 0.000 0.000 0.000 0.000 0.337 0.337 0.000 0.000 0.000 0.726 0.866 0.866 0.316 0.101 1.219 0.000 0.287 0.897 0.366 0.544 0.844 0.633 0.081 0.269 0.289 0.000 0.062 0.062 0.000 0.000 0.000 0.011 0.000 0.000 0.000 0.000 0.000 0.000 0.000 0.000 0.000 0.000 0.000 0.000 0.000 0.000 0.000 0.000 0.000 0.000 0.000 0.000 0.000 0.061 0.000 0.000 0.000 0.000 0.000 0.000
0.000 0.014 0.733 0.033 0.783 0.813 0.733 0.523 0.403 0.343 0.623 0.000 0.000 0.000 0.000 0.000 0.633 0.000 0.000 0.471 0.320 0.857 1.007 0.977 0.957 1.096 1.066 1.286 1.286 0.706 0.161 0.829 1.619 0.549 0.638 1.388 0.000 0.284 0.454 0.173 0.261 0.111 0.000 0.000 0.000 0.000 0.000 0.000 0.000 0.000 0.000 0.000 0.000 0.000 0.000 0.000 0.000 0.000 0.001 0.000 0.000 0.001 0.000 0.000 0.002 0.000 0.000 0.000 0.000 0.002 0.000 0.000 0.516 0.956 0.000 0.940 0.940
0.000 0.014 0.733 0.033 0.783 0.813 0.733 0.523 0.403 0.343 0.623 0.000 0.000 0.000 0.000 0.000 0.633 0.000 0.000 0.472 0.320 0.857 1.007 0.977 0.957 1.096 1.066 1.286 1.286 0.706 0.161 0.829 1.619 0.549 0.638 1.388 0.000 0.285 0.455 0.173 0.261 0.111 0.000 0.000 0.000 0.000 0.000 0.000 0.000 0.000 0.000 0.000 0.000 0.000 0.000 0.000 0.000 0.000 0.000 0.000 0.000 0.000 0.000 0.000 0.000 0.000 0.000 0.000 0.000 0.000 0.000 0.000 0.516 0.956 0.000 0.940 0.940
0.873 0.903 0.923 0.173 0.000 0.913 0.263 0.523 0.023 1.133 0.563 0.000 0.000 0.000 0.023 0.623 0.713 0.943 1.072 0.792 0.551 0.698 0.917 0.887 0.937 1.036 1.126 0.286 0.286 0.946 0.000 0.689 1.159 0.729 0.839 0.938 0.748 0.598 0.287 0.125 0.000 0.081 0.002 0.034 0.034 0.000 0.000 0.000 0.000 0.000 0.000 0.000 0.000 0.000 0.702 0.000 0.055 0.105 0.145 0.000 0.003 0.028 0.003 0.197 0.388 0.009 0.139 0.219 0.000 0.672 0.000 0.000 0.002 0.000 0.074 0.000 0.000
0.683 0.763 0.733 0.553 0.773 0.153 0.473 0.263 0.073 0.053 0.000 0.963 0.963 1.013 0.973 1.063 0.873 0.943 0.852 0.000 0.591 0.199 0.987 1.017 0.987 0.526 0.414 0.000 0.000 0.001 0.839 0.919 0.819 0.809 0.859 0.848 0.728 0.518 0.257 0.000 0.000 0.000 0.000 0.000 0.000 0.000 0.000 0.000 0.000 0.512 0.000 0.000 0.002 0.000 0.000 0.000 0.000 0.001 0.000 0.001 0.003 0.000 0.000 0.000 0.000 0.000 0.000 0.000 0.000 0.000 0.000 0.000 0.003 1.024 0.404 0.064 0.064
0.323 0.343 0.903 0.783 0.953 1.093 0.743 1.103 1.083 0.923 0.993 1.023 1.023 1.033 1.133 1.283 1.053 0.993 0.762 0.742 0.491 0.529 0.548 0.297 0.000 0.000 0.449 0.820 0.820 0.800 0.829 0.839 0.869 0.769 0.579 0.000 0.000 0.000 0.000 0.000 0.000 0.000 0.374 1.024 1.024 1.164 0.614 0.000 0.000 0.000 0.000 0.000 0.000 0.000 0.000 0.000 0.000 0.000 0.000 0.000 0.001 0.000 0.000 0.000 0.000 0.000 0.000 0.000 0.000 0.061 0.000 0.000 0.000 0.000 0.134 0.224 0.224
0.743 1.223 0.133 0.453 1.173 0.993 1.043 1.093 1.013 1.193 1.083 1.023 1.023 1.063 1.083 1.033 1.063 0.723 0.982 0.882 0.000 0.329 0.378 0.286 0.000 0.361 0.581 0.900 0.900 0.760 0.799 0.819 0.899 0.529 0.002 0.000 0.000 0.000 0.000 0.000 0.552 0.352 0.000 0.000 0.000 0.000 0.000 0.000 0.000 0.000 0.000 0.000 0.001 0.000 0.000 0.000 0.000 0.002 0.000 0.001 0.002 0.000 0.000 0.000 0.000 0.000 0.000 0.000 0.000 0.000 0.000 0.001 1.413 0.123 0.000 0.144 0.144
1.163 1.313 0.903 1.103 1.223 0.993 1.103 1.073 1.073 1.153 0.933 1.063 1.063 1.073 1.063 1.053 1.363 0.123 0.662 0.023 0.000 0.000 0.000 0.241 0.004 0.431 0.631 0.870 0.870 0.790 0.799 0.679 0.779 0.139 0.000 0.000 0.000 0.000 0.000 0.000 0.000 0.000 0.000 0.000 0.000 0.000 0.001 0.001 0.000 0.000 0.000 0.000 0.001 0.091 0.000 0.031 0.000 0.001 0.004 0.057 0.059 0.006 0.057 0.052 0.112 0.025 0.039 0.000 0.000 0.000 0.000 0.000 0.000 0.000 0.000 0.424 0.424
1.063 1.193 1.073 1.103 1.033 1.213 0.663 1.033 1.173 1.243 1.253 1.083 1.083 1.283 1.053 0.493 1.113 0.873 0.000 0.000 0.000 0.000 0.000 0.704 0.472 0.811 0.641 0.740 0.740 0.620 0.759 0.489 0.000 0.000 0.000 0.022 0.762 0.000 0.000 0.000 0.000 0.000 0.000 0.000 0.000 0.121 0.001 0.000 0.001 0.000 0.001 0.000 0.000 0.000 0.000 0.000 0.006 0.098 0.025 0.165 0.170 0.071 0.123 0.173 0.089 0.140 0.116 0.089 0.034 0.000 0.000 0.000 0.000 0.000 0.000 0.000 0.000
0.953 1.003 1.113 0.913 1.043 1.023 1.053 1.023 1.083 1.233 1.083 1.053 1.053 1.153 0.973 0.913 1.113 0.073 0.000 0.000 0.485 0.000 0.000 0.000 0.671 0.581 0.401 0.600 0.600 0.550 0.000 0.000 0.000 0.602 0.532 0.000 0.000 0.000 0.000 0.000 0.000 0.000 0.000 0.000 0.000 0.000 0.000 0.001 0.000 0.000 0.000 0.000 0.097 0.037 0.002 0.003 0.009 0.097 0.107 0.063 0.091 0.301 0.141 0.227 0.312 0.219 0.098 0.130 0.132 0.024 0.062 0.000 0.000 0.211 0.000 0.000 0.000
1.063 1.033 0.983 0.973 1.113 0.913 1.173 1.153 1.123 1.213 1.103 0.953 0.953 1.043 1.063 1.123 1.153 1.283 0.343 0.000 0.003 0.000 0.363 0.000 0.611 0.421 0.000 0.017 0.017 0.000 0.000 0.772 0.472 0.000 0.000 0.000 0.000 0.000 0.000 0.000 0.000 0.000 0.000 0.000 0.000 0.000 0.000 0.043 0.001 0.033 0.000 0.000 0.057 0.117 0.087 0.025 0.040 0.184 0.172 0.144 0.193 0.470 0.424 0.325 0.407 0.394 0.226 0.226 0.105 0.063 0.051 0.000 0.035 0.000 0.000 0.000 0.002
1.123 0.993 0.983 1.313 1.103 1.093 1.073 1.213 0.993 1.063 1.073 0.983 0.983 1.003 1.023 1.103 1.163 1.013 0.673 0.000 0.563 0.000 0.000 0.861 0.581 0.401 0.000 0.071 0.071 0.331 0.051 0.000 0.000 0.000 0.000 0.000 0.000 0.000 0.000 0.000 0.000 0.000 0.000 0.052 0.052 0.000 0.000 0.000 0.001 0.000 0.000 0.000 0.000 0.000 0.096 0.083 0.161 0.214 0.158 0.372 0.381 0.143 0.077 0.008 0.586 0.370 0.323 0.200 0.240 0.141 0.057 0.065 0.105 0.000 0.000 0.000 0.000
