includes/camargue/floodfiles/results_R2_t1.562345283857E12/res-0003.wdfp
ncols         906
nrows         631
xllcorner     362177.146667
yllcorner     6534725.688020
cellsize      20.000000
NODATA_value  -9999.000000
[rows 544 to 577 of 631, columns 616 to 692 of 906]
7.395 7.461 7.527 7.593 7.726 7.726 7.792 7.858 7.924 7.991 8.048 8.096 8.144 8.193 8.242 8.290 8.339 8.388 8.436 8.485 8.582 8.582 8.631 8.695 8.765 8.834 8.904 8.974 9.043 9.113 9.182 9.254 9.331 9.408 9.485 9.563 9.721 9.721 9.799 9.878 9.956 10.023 10.091 10.159 10.226 10.294 10.361 10.411 10.420 10.429 10.439 10.448 10.475 10.475 10.493 10.511 10.529 10.547 10.565 10.583 10.603 10.633 10.663 10.693 10.723 10.753 10.870 11.029 11.189 11.189 11.508 11.667 11.827 11.986 12.135 12.271 12.407
7.496 7.563 7.629 7.695 7.828 7.828 7.894 7.960 8.026 8.094 8.167 8.219 8.270 8.319 8.367 8.416 8.465 8.513 8.562 8.610 8.708 8.708 8.756 8.819 8.888 8.958 9.028 9.097 9.167 9.237 9.311 9.388 9.465 9.542 9.619 9.697 9.854 9.854 9.933 10.011 10.090 10.169 10.247 10.317 10.384 10.452 10.519 10.573 10.582 10.592 10.601 10.615 10.651 10.651 10.669 10.687 10.705 10.723 10.741 10.759 10.782 10.812 10.842 10.871 10.901 10.931 10.961 11.089 11.248 11.248 11.567 11.727 11.886 12.046 12.185 12.321 12.457
7.598 7.664 7.731 7.797 7.929 7.929 7.995 8.062 8.133 8.209 8.284 8.336 8.389 8.441 8.493 8.541 8.590 8.639 8.687 8.736 8.833 8.833 8.882 8.942 9.012 9.082 9.151 9.221 9.291 9.368 9.445 9.522 9.599 9.676 9.753 9.831 9.988 9.988 10.067 10.145 10.224 10.302 10.381 10.460 10.538 10.610 10.677 10.735 10.745 10.756 10.774 10.792 10.828 10.828 10.846 10.864 10.882 10.900 10.918 10.936 10.960 10.990 11.020 11.050 11.080 11.110 11.140 11.170 11.308 11.308 11.627 11.786 11.946 12.098 12.234 12.370 12.506
7.700 7.766 7.832 7.898 8.031 8.031 8.097 8.172 8.247 8.323 8.399 8.454 8.506 8.558 8.610 8.663 8.715 8.764 8.813 8.862 8.959 8.959 9.007 9.066 9.136 9.205 9.275 9.347 9.425 9.502 9.579 9.656 9.733 9.810 9.887 9.964 10.122 10.122 10.200 10.279 10.358 10.436 10.515 10.593 10.672 10.751 10.829 10.898 10.914 10.932 10.950 10.968 11.004 11.004 11.022 11.040 11.058 11.076 11.094 11.112 11.138 11.168 11.198 11.228 11.258 11.288 11.318 11.348 11.378 11.378 11.686 11.846 12.005 12.148 12.284 12.420 12.556
7.802 7.868 7.934 8.000 8.134 8.134 8.210 8.286 8.362 8.438 8.514 8.571 8.623 8.675 8.727 8.780 8.832 8.884 8.936 8.987 9.084 9.084 9.133 9.190 9.259 9.329 9.404 9.481 9.558 9.635 9.712 9.789 9.867 9.944 10.021 10.098 10.255 10.255 10.334 10.413 10.491 10.570 10.649 10.727 10.806 10.884 10.960 11.028 11.081 11.109 11.127 11.145 11.181 11.181 11.199 11.217 11.235 11.253 11.271 11.289 11.316 11.346 11.376 11.406 11.436 11.466 11.496 11.526 11.556 11.556 11.746 11.905 12.061 12.197 12.333 12.469 12.605
7.903 7.969 8.036 8.102 8.249 8.249 8.324 8.400 8.476 8.552 8.628 8.688 8.740 8.792 8.844 8.897 8.949 9.001 9.053 9.106 9.210 9.210 9.258 9.314 9.384 9.461 9.538 9.615 9.692 9.769 9.846 9.923 10.000 10.077 10.154 10.232 10.389 10.389 10.468 10.546 10.625 10.704 10.782 10.861 10.940 11.011 11.079 11.146 11.199 11.252 11.303 11.321 11.357 11.357 11.375 11.393 11.411 11.429 11.447 11.465 11.494 11.524 11.554 11.584 11.614 11.644 11.674 11.704 11.734 11.734 11.805 11.965 12.111 12.247 12.383 12.519 12.655
8.005 8.071 8.137 8.211 8.363 8.363 8.439 8.515 8.591 8.667 8.743 8.805 8.857 8.909 8.961 9.014 9.066 9.118 9.170 9.223 9.327 9.327 9.380 9.441 9.518 9.595 9.672 9.749 9.826 9.903 9.980 10.057 10.134 10.211 10.288 10.365 10.523 10.523 10.601 10.680 10.759 10.837 10.916 10.993 11.061 11.129 11.197 11.265 11.318 11.371 11.424 11.477 11.533 11.533 11.551 11.570 11.587 11.605 11.623 11.643 11.673 11.703 11.733 11.763 11.793 11.823 11.853 11.883 11.912 11.912 11.972 12.024 12.160 12.290 12.420 12.551 12.681
8.107 8.174 8.250 8.326 8.477 8.477 8.553 8.629 8.705 8.781 8.857 8.922 8.974 9.026 9.078 9.131 9.183 9.235 9.288 9.340 9.444 9.444 9.508 9.577 9.653 9.729 9.806 9.883 9.960 10.037 10.114 10.191 10.268 10.345 10.422 10.499 10.656 10.656 10.735 10.814 10.892 10.971 11.043 11.111 11.180 11.248 11.316 11.384 11.437 11.490 11.543 11.596 11.702 11.702 11.728 11.746 11.764 11.782 11.800 11.821 11.851 11.881 11.911 11.941 11.971 12.001 12.031 12.061 12.091 12.091 12.118 12.129 12.172 12.303 12.433 12.563 12.694
8.212 8.288 8.364 8.440 8.592 8.592 8.668 8.744 8.820 8.896 8.971 9.039 9.091 9.143 9.196 9.248 9.300 9.352 9.405 9.457 9.578 9.578 9.645 9.713 9.789 9.865 9.941 10.017 10.094 10.171 10.248 10.325 10.402 10.479 10.556 10.633 10.790 10.790 10.869 10.947 11.026 11.094 11.162 11.230 11.298 11.366 11.434 11.502 11.556 11.609 11.662 11.715 11.821 11.821 11.874 11.922 11.940 11.958 11.976 11.999 12.029 12.059 12.089 12.119 12.149 12.178 12.190 12.203 12.215 12.215 12.239 12.248 12.256 12.315 12.446 12.576 12.706
8.327 8.403 8.478 8.554 8.706 8.706 8.782 8.858 8.934 9.010 9.086 9.156 9.208 9.260 9.312 9.365 9.417 9.469 9.522 9.580 9.715 9.714 9.782 9.849 9.924 10.001 10.077 10.153 10.229 10.306 10.382 10.459 10.536 10.613 10.690 10.767 10.924 10.924 11.002 11.076 11.144 11.212 11.280 11.349 11.417 11.485 11.553 11.621 11.675 11.728 11.781 11.834 11.940 11.940 11.993 12.046 12.099 12.135 12.153 12.177 12.207 12.237 12.263 12.275 12.287 12.299 12.311 12.323 12.335 12.335 12.359 12.368 12.376 12.383 12.458 12.589 12.719
8.441 8.517 8.593 8.669 8.821 8.821 8.897 8.973 9.049 9.124 9.200 9.273 9.325 9.377 9.429 9.482 9.534 9.586 9.649 9.716 9.851 9.851 9.919 9.986 10.060 10.136 10.213 10.289 10.365 10.441 10.518 10.594 10.670 10.747 10.824 10.901 11.057 11.057 11.126 11.194 11.263 11.331 11.399 11.467 11.535 11.603 11.671 11.739 11.794 11.847 11.900 11.953 12.059 12.059 12.112 12.165 12.218 12.270 12.323 12.347 12.359 12.371 12.384 12.396 12.408 12.420 12.432 12.444 12.456 12.456 12.479 12.487 12.495 12.503 12.511 12.601 12.732
8.580 8.646 8.712 8.783 8.935 8.935 9.011 9.087 9.163 9.239 9.315 9.390 9.442 9.494 9.547 9.599 9.651 9.718 9.786 9.853 9.988 9.988 10.055 10.123 10.196 10.272 10.348 10.424 10.501 10.577 10.653 10.730 10.806 10.882 10.958 11.034 11.177 11.177 11.245 11.313 11.381 11.449 11.517 11.585 11.654 11.722 11.790 11.858 11.912 11.965 12.018 12.071 12.177 12.177 12.230 12.283 12.336 12.388 12.438 12.465 12.480 12.492 12.504 12.516 12.528 12.540 12.553 12.565 12.577 12.577 12.599 12.607 12.615 12.622 12.630 12.638 12.744
8.580 8.646 8.712 8.783 8.935 8.935 9.011 9.087 9.163 9.239 9.315 9.390 9.442 9.495 9.547 9.599 9.651 9.718 9.786 9.853 9.988 9.988 10.056 10.123 10.196 10.272 10.348 10.425 10.501 10.577 10.653 10.730 10.806 10.882 10.959 11.035 11.177 11.177 11.245 11.313 11.381 11.449 11.518 11.586 11.654 11.722 11.790 11.858 11.913 11.965 12.018 12.071 12.178 12.178 12.230 12.283 12.336 12.388 12.438 12.465 12.480 12.492 12.504 12.516 12.528 12.541 12.553 12.565 12.577 12.577 12.599 12.607 12.615 12.623 12.630 12.638 12.744
8.719 8.785 8.851 8.917 9.050 9.050 9.126 9.202 9.277 9.353 9.429 9.505 9.559 9.611 9.664 9.720 9.788 9.855 9.923 9.990 10.125 10.125 10.192 10.260 10.332 10.408 10.484 10.560 10.637 10.713 10.789 10.865 10.942 11.018 11.094 11.159 11.295 11.295 11.363 11.432 11.500 11.568 11.636 11.704 11.772 11.840 11.909 11.977 12.031 12.084 12.137 12.190 12.296 12.296 12.349 12.402 12.452 12.501 12.551 12.575 12.598 12.613 12.625 12.637 12.649 12.661 12.673 12.685 12.697 12.697 12.719 12.726 12.734 12.742 12.750 12.758 12.765
8.857 8.923 8.990 9.056 9.188 9.188 9.254 9.320 9.392 9.468 9.544 9.620 9.676 9.728 9.790 9.857 9.924 9.992 10.059 10.127 10.262 10.262 10.329 10.396 10.467 10.544 10.620 10.696 10.772 10.849 10.925 11.001 11.077 11.154 11.214 11.274 11.408 11.408 11.479 11.549 11.618 11.686 11.755 11.823 11.891 11.959 12.027 12.095 12.150 12.203 12.256 12.309 12.415 12.415 12.465 12.515 12.564 12.614 12.661 12.684 12.707 12.730 12.746 12.758 12.770 12.782 12.794 12.806 12.818 12.818 12.838 12.846 12.854 12.861 12.869 12.877 12.885
9.134 9.200 9.267 9.333 9.465 9.465 9.531 9.597 9.664 9.730 9.796 9.859 9.924 9.996 10.063 10.130 10.198 10.265 10.333 10.400 10.535 10.535 10.602 10.670 10.739 10.815 10.891 10.967 11.044 11.120 11.196 11.262 11.323 11.383 11.443 11.503 11.635 11.635 11.706 11.776 11.846 11.917 11.987 12.057 12.128 12.196 12.264 12.332 12.388 12.441 12.493 12.542 12.641 12.641 12.691 12.740 12.790 12.839 12.879 12.902 12.925 12.948 12.971 12.994 13.011 13.023 13.035 13.047 13.059 13.059 13.077 13.085 13.092 13.100 13.108 13.116 13.124
9.273 9.339 9.405 9.471 9.604 9.604 9.670 9.736 9.802 9.868 9.927 9.976 10.037 10.113 10.190 10.267 10.335 10.402 10.469 10.537 10.672 10.672 10.739 10.806 10.874 10.951 11.027 11.103 11.179 11.256 11.317 11.377 11.437 11.497 11.557 11.618 11.749 11.749 11.819 11.889 11.960 12.030 12.100 12.171 12.241 12.312 12.382 12.450 12.506 12.556 12.605 12.655 12.754 12.754 12.803 12.853 12.902 12.952 12.988 13.011 13.034 13.058 13.081 13.104 13.127 13.144 13.156 13.168 13.180 13.180 13.196 13.204 13.212 13.220 13.228 13.235 13.243
9.412 9.478 9.544 9.610 9.742 9.742 9.809 9.875 9.941 9.996 10.044 10.093 10.150 10.226 10.303 10.380 10.456 10.533 10.606 10.673 10.808 10.808 10.876 10.943 11.011 11.086 11.163 11.239 11.311 11.372 11.432 11.492 11.552 11.612 11.672 11.732 11.862 11.862 11.933 12.003 12.073 12.144 12.214 12.284 12.355 12.425 12.495 12.548 12.611 12.669 12.718 12.768 12.867 12.867 12.916 12.966 13.015 13.065 13.098 13.121 13.144 13.167 13.190 13.213 13.236 13.259 13.277 13.289 13.300 13.300 13.316 13.323 13.331 13.339 13.344 13.330 13.316
9.550 9.616 9.683 9.749 9.881 9.881 9.947 10.013 10.064 10.113 10.161 10.210 10.262 10.339 10.416 10.492 10.569 10.646 10.723 10.799 10.945 10.945 11.012 11.080 11.147 11.222 11.298 11.366 11.426 11.486 11.546 11.606 11.667 11.727 11.787 11.847 11.976 11.976 12.046 12.116 12.187 12.257 12.328 12.398 12.468 12.539 12.581 12.617 12.675 12.748 12.821 12.880 12.979 12.979 13.029 13.078 13.128 13.177 13.207 13.230 13.253 13.276 13.299 13.322 13.345 13.368 13.391 13.409 13.419 13.419 13.435 13.421 13.407 13.393 13.379 13.365 13.351
9.689 9.755 9.821 9.887 10.020 10.020 10.083 10.132 10.181 10.229 10.278 10.327 10.375 10.452 10.529 10.605 10.682 10.759 10.835 10.912 11.066 11.065 11.142 11.217 11.284 11.358 11.420 11.481 11.541 11.601 11.661 11.721 11.781 11.841 11.901 11.962 12.089 12.089 12.160 12.230 12.300 12.371 12.441 12.511 12.578 12.614 12.650 12.686 12.738 12.812 12.885 12.958 13.092 13.092 13.142 13.191 13.241 13.290 13.316 13.339 13.362 13.385 13.408 13.431 13.454 13.477 13.500 13.503 13.498 13.498 13.470 13.456 13.442 13.428 13.414 13.400 13.386
9.828 9.894 9.960 10.026 10.152 10.152 10.200 10.249 10.298 10.346 10.395 10.443 10.492 10.565 10.641 10.718 10.795 10.871 10.948 11.025 11.178 11.178 11.255 11.332 11.402 11.464 11.535 11.595 11.655 11.716 11.776 11.836 11.896 11.956 12.016 12.076 12.203 12.203 12.273 12.344 12.414 12.484 12.555 12.610 12.647 12.683 12.719 12.755 12.802 12.875 12.949 13.022 13.169 13.169 13.242 13.304 13.353 13.402 13.425 13.448 13.471 13.495 13.511 13.513 13.516 13.519 13.521 13.523 13.524 13.524 13.505 13.491 13.477 13.463 13.449 13.435 13.421
9.966 10.032 10.099 10.165 10.269 10.269 10.317 10.366 10.414 10.463 10.512 10.560 10.609 10.678 10.754 10.831 10.908 10.984 11.061 11.138 11.291 11.291 11.368 11.425 11.443 11.493 11.586 11.678 11.770 11.830 11.890 11.950 12.011 12.071 12.131 12.191 12.316 12.316 12.387 12.457 12.527 12.598 12.643 12.679 12.715 12.752 12.788 12.824 12.866 12.939 13.012 13.085 13.232 13.232 13.305 13.379 13.452 13.512 13.521 13.524 13.526 13.529 13.532 13.534 13.537 13.540 13.542 13.544 13.544 13.544 13.540 13.526 13.512 13.498 13.484 13.470 13.456
10.105 10.171 10.237 10.288 10.386 10.385 10.434 10.483 10.531 10.580 10.629 10.677 10.726 10.790 10.867 10.944 11.020 11.097 11.174 11.251 11.404 11.404 11.448 11.466 11.484 11.522 11.615 11.707 11.800 11.892 11.985 12.065 12.125 12.185 12.245 12.306 12.430 12.430 12.500 12.571 12.640 12.676 12.712 12.748 12.784 12.821 12.857 12.893 12.929 13.002 13.076 13.149 13.296 13.296 13.369 13.442 13.511 13.534 13.542 13.545 13.548 13.550 13.553 13.555 13.558 13.561 13.563 13.564 13.565 13.565 13.566 13.561 13.547 13.533 13.519 13.505 13.491
10.244 10.308 10.356 10.405 10.502 10.502 10.551 10.600 10.648 10.697 10.745 10.794 10.843 10.903 10.980 11.056 11.133 11.210 11.287 11.363 11.471 11.471 11.489 11.507 11.525 11.552 11.644 11.737 11.829 11.922 12.014 12.107 12.199 12.292 12.360 12.420 12.543 12.543 12.614 12.673 12.709 12.745 12.781 12.817 12.853 12.889 12.926 12.962 12.998 13.066 13.139 13.213 13.359 13.359 13.433 13.498 13.521 13.544 13.563 13.566 13.569 13.571 13.574 13.577 13.579 13.582 13.584 13.584 13.585 13.585 13.586 13.586 13.582 13.568 13.554 13.540 13.526
10.365 10.425 10.473 10.522 10.619 10.619 10.668 10.716 10.765 10.814 10.862 10.911 10.959 11.016 11.093 11.169 11.246 11.323 11.399 11.476 11.512 11.512 11.530 11.548 11.566 11.583 11.673 11.766 11.858 11.951 12.043 12.136 12.228 12.321 12.413 12.506 12.657 12.657 12.705 12.741 12.778 12.814 12.850 12.886 12.922 12.958 12.995 13.031 13.067 13.130 13.203 13.276 13.423 13.423 13.486 13.509 13.532 13.554 13.577 13.587 13.590 13.592 13.595 13.598 13.600 13.603 13.604 13.605 13.605 13.605 13.606 13.607 13.607 13.604 13.590 13.575 13.561
10.422 10.489 10.561 10.633 10.736 10.736 10.785 10.833 10.882 10.930 10.979 11.028 11.076 11.129 11.205 11.282 11.359 11.435 11.499 11.517 11.553 11.553 11.571 11.589 11.606 11.624 11.703 11.795 11.888 11.980 12.073 12.165 12.258 12.350 12.443 12.535 12.687 12.687 12.754 12.810 12.847 12.883 12.919 12.955 12.991 13.027 13.063 13.100 13.136 13.193 13.266 13.340 13.474 13.474 13.496 13.519 13.542 13.565 13.587 13.608 13.611 13.613 13.616 13.619 13.621 13.624 13.624 13.625 13.625 13.625 13.626 13.627 13.628 13.628 13.625 13.611 13.597
10.482 10.540 10.612 10.684 10.828 10.828 10.900 10.950 10.999 11.047 11.096 11.144 11.193 11.242 11.318 11.395 11.472 11.522 11.540 11.558 11.594 11.594 11.612 11.629 11.647 11.665 11.732 11.824 11.917 12.009 12.102 12.194 12.287 12.379 12.472 12.561 12.671 12.671 12.736 12.802 12.869 12.936 12.988 13.024 13.060 13.096 13.132 13.168 13.205 13.257 13.330 13.403 13.484 13.484 13.507 13.530 13.552 13.575 13.598 13.621 13.632 13.634 13.637 13.640 13.642 13.644 13.645 13.645 13.646 13.646 13.647 13.647 13.648 13.648 13.649 13.646 13.632
10.541 10.591 10.663 10.735 10.879 10.879 10.951 11.023 11.095 11.164 11.213 11.261 11.310 11.358 11.431 11.508 11.545 11.563 11.581 11.599 11.635 11.635 11.652 11.670 11.688 11.706 11.761 11.854 11.946 12.039 12.131 12.224 12.316 12.409 12.490 12.545 12.654 12.654 12.717 12.784 12.851 12.918 12.985 13.051 13.118 13.165 13.201 13.237 13.273 13.320 13.394 13.449 13.494 13.494 13.517 13.540 13.563 13.585 13.608 13.631 13.653 13.656 13.658 13.661 13.663 13.664 13.665 13.665 13.666 13.666 13.667 13.668 13.668 13.669 13.669 13.670 13.667
10.542 10.591 10.663 10.735 10.879 10.879 10.951 11.023 11.095 11.164 11.213 11.261 11.310 11.358 11.431 11.508 11.545 11.563 11.581 11.599 11.635 11.635 11.653 11.670 11.688 11.706 11.761 11.854 11.946 12.039 12.131 12.224 12.316 12.409 12.490 12.545 12.654 12.654 12.717 12.784 12.851 12.918 12.985 13.051 13.118 13.165 13.201 13.237 13.274 13.320 13.394 13.449 13.494 13.494 13.517 13.540 13.563 13.586 13.608 13.631 13.653 13.656 13.658 13.661 13.664 13.665 13.665 13.666 13.666 13.666 13.667 13.668 13.668 13.669 13.669 13.670 13.667
10.601 10.643 10.714 10.786 10.930 10.930 11.002 11.074 11.146 11.218 11.290 11.362 11.427 11.475 11.544 11.568 11.586 11.604 11.622 11.640 11.676 11.676 11.693 11.711 11.729 11.747 11.791 11.883 11.976 12.068 12.161 12.253 12.346 12.419 12.474 12.529 12.638 12.638 12.699 12.766 12.832 12.899 12.966 13.033 13.100 13.167 13.233 13.300 13.342 13.384 13.437 13.459 13.505 13.505 13.528 13.550 13.573 13.596 13.619 13.641 13.664 13.677 13.679 13.682 13.684 13.685 13.685 13.686 13.686 13.686 13.688 13.688 13.689 13.689 13.690 13.683 13.675
10.661 10.694 10.766 10.838 10.982 10.982 11.054 11.126 11.198 11.269 11.341 11.413 11.485 11.555 11.589 11.609 11.627 11.645 11.663 11.681 11.716 11.716 11.734 11.752 11.770 11.788 11.820 11.912 12.005 12.097 12.190 12.282 12.348 12.403 12.458 12.512 12.622 12.622 12.680 12.747 12.814 12.881 12.948 13.014 13.081 13.148 13.215 13.282 13.349 13.406 13.440 13.470 13.515 13.515 13.538 13.561 13.584 13.606 13.629 13.652 13.675 13.697 13.700 13.703 13.705 13.705 13.706 13.706 13.707 13.707 13.708 13.708 13.700 13.693 13.685 13.677 13.672
10.781 10.803 10.868 10.940 11.084 11.084 11.156 11.228 11.300 11.372 11.444 11.506 11.553 11.600 11.644 11.666 11.688 11.711 11.733 11.756 11.798 11.798 11.816 11.834 11.852 11.869 11.887 11.971 12.063 12.151 12.206 12.261 12.315 12.370 12.425 12.479 12.589 12.589 12.643 12.710 12.777 12.844 12.911 12.977 13.044 13.111 13.178 13.228 13.276 13.324 13.363 13.397 13.465 13.465 13.498 13.532 13.566 13.600 13.634 13.668 13.695 13.718 13.741 13.744 13.745 13.742 13.735 13.727 13.720 13.720 13.705 13.697 13.690 13.682 13.675 13.667 13.665
10.840 10.863 10.919 10.991 11.135 11.135 11.207 11.279 11.351 11.423 11.481 11.528 11.576 11.623 11.671 11.693 11.716 11.738 11.761 11.783 11.828 11.828 11.850 11.873 11.892 11.910 11.928 12.000 12.080 12.135 12.190 12.244 12.299 12.354 12.408 12.463 12.572 12.572 12.627 12.692 12.758 12.825 12.892 12.959 13.026 13.092 13.140 13.187 13.235 13.282 13.325 13.359 13.426 13.426 13.460 13.494 13.528 13.562 13.595 13.629 13.663 13.697 13.731 13.752 13.745 13.737 13.730 13.722 13.715 13.715 13.700 13.692 13.685 13.677 13.669 13.662 13.661
10.900 10.923 10.971 11.043 11.187 11.187 11.259 11.330 11.402 11.456 11.504 11.551 11.598 11.646 11.693 11.721 11.743 11.765 11.788 11.810 11.855 11.855 11.878 11.900 11.923 11.945 11.967 12.009 12.064 12.119 12.173 12.228 12.283 12.337 12.392 12.447 12.556 12.556 12.611 12.673 12.740 12.807 12.874 12.941 13.003 13.051 13.099 13.146 13.194 13.241 13.286 13.320 13.388 13.388 13.422 13.456 13.489 13.523 13.557 13.591 13.625 13.657 13.678 13.702 13.729 13.732 13.725 13.717 13.710 13.710 13.695 13.687 13.680 13.672 13.664 13.657 13.658
