includes/camargue/floodfiles/results_R2_t1.562345283857E12/res-0005.wd
ncols         906
nrows         631
xllcorner     362177.146667
yllcorner     6534725.688020
cellsize      20.000000
NODATA_value  -9999.000000
[rows 442 to 475 of 631, columns 154 to 230 of 906]
0.000 0.000 0.000 0.000 0.000 0.000 0.000 0.000 0.000 0.000 0.000 0.000 0.000 0.006 0.033 0.030 0.225 0.485 0.455 0.515 0.705 0.155 0.000 0.082 0.468 0.988 1.617 1.857 1.737 1.907 1.957 1.957 1.817 1.697 1.927 1.957 2.007 1.857 1.517 1.647 1.947 2.197 0.000 2.246 2.336 2.266 2.036 2.036 2.046 2.316 0.346 0.000 3.079 3.059 3.259 2.102 2.084 3.360 3.280 2.030 2.012 2.019 3.471 3.281 3.281 3.221 3.292 3.152 3.172 3.152 3.062 3.142 3.143 2.983 3.053 3.013 2.983
0.000 0.000 0.000 0.000 0.000 0.000 0.000 0.000 0.000 0.000 0.000 0.000 0.000 0.004 0.030 0.028 0.225 0.485 0.455 0.515 0.705 0.155 0.000 0.081 0.468 0.988 1.617 1.857 1.737 1.907 1.957 1.957 1.817 1.697 1.927 1.957 2.007 1.857 1.517 1.647 1.947 2.197 0.000 2.246 2.336 2.266 2.036 2.036 2.046 2.316 0.346 0.000 3.079 3.059 3.259 2.102 2.084 3.360 3.280 2.030 2.012 2.019 3.471 3.281 3.281 3.221 3.291 3.152 3.172 3.152 3.062 3.142 3.143 2.983 3.053 3.013 2.983
0.000 0.000 0.000 0.000 0.000 0.000 0.000 0.000 0.000 0.000 0.000 0.000 0.000 0.115 0.315 0.315 0.755 0.485 0.515 0.744 0.804 0.000 0.321 0.251 0.309 0.478 1.547 1.967 2.007 1.987 1.957 1.957 1.997 1.987 2.247 1.837 1.747 1.777 1.747 1.487 1.887 0.997 0.257 2.136 1.996 1.976 2.066 2.066 2.236 2.336 1.886 0.000 0.000 3.259 3.249 2.298 2.280 3.460 3.520 2.226 2.208 3.350 3.491 3.201 3.201 3.161 3.091 3.101 3.162 3.062 3.062 3.052 3.132 3.113 3.013 3.103 3.043
0.000 0.000 0.000 0.000 0.000 0.000 0.000 0.000 0.000 0.000 0.000 0.002 0.024 0.285 0.355 0.355 0.485 0.695 0.835 0.000 0.293 0.402 0.431 0.401 0.339 0.518 1.318 1.937 2.117 2.267 2.127 2.127 1.987 1.867 2.267 1.987 1.777 1.727 1.327 1.967 2.007 0.767 1.787 0.000 2.076 2.166 2.246 2.246 2.416 2.286 2.376 0.002 0.000 3.219 3.149 2.493 2.475 2.457 2.439 2.421 2.411 3.320 3.170 3.210 3.211 3.151 3.201 3.141 3.151 3.082 3.062 3.142 3.102 3.092 2.923 3.013 2.983
0.000 0.000 0.000 0.000 0.000 0.000 0.000 0.000 0.449 0.299 0.499 0.169 0.001 0.069 0.565 0.565 0.000 0.000 0.065 0.722 0.622 0.402 0.322 0.321 0.420 0.468 0.718 1.917 1.977 1.857 1.847 1.847 2.177 1.677 2.187 2.347 1.817 1.257 0.997 0.987 2.027 0.697 2.287 2.507 0.097 2.247 2.427 2.427 2.317 2.187 0.957 0.002 3.159 3.329 3.269 2.884 2.866 2.848 2.830 2.812 3.390 3.320 3.290 3.290 3.291 3.281 3.181 3.241 3.191 3.172 3.122 3.172 3.052 3.162 2.972 3.042 3.073
0.000 0.000 0.000 0.000 0.000 0.419 0.239 0.319 0.269 0.639 0.619 0.499 0.181 0.063 0.000 0.001 0.000 0.202 1.062 0.952 0.802 0.612 0.492 0.562 0.451 0.309 0.428 1.397 1.647 1.767 2.187 2.187 2.237 1.897 2.257 2.107 1.967 1.927 1.427 1.347 1.967 1.367 2.407 2.527 2.637 0.217 2.497 2.497 2.077 2.187 0.887 0.000 3.539 3.539 3.509 3.079 3.061 3.043 3.025 3.009 3.460 3.170 3.340 3.200 3.201 3.251 3.171 3.211 3.221 3.181 3.081 3.222 3.092 3.052 3.112 3.142 3.072
0.000 0.000 0.099 0.519 0.429 0.399 0.489 0.439 0.459 0.519 0.149 0.000 0.000 0.000 0.000 0.000 0.002 1.742 1.142 1.472 1.382 1.162 0.832 0.812 0.342 0.131 0.051 0.000 0.000 0.000 0.000 0.000 1.837 1.827 1.707 1.997 1.887 2.037 1.797 2.457 2.287 2.117 1.937 2.237 2.527 2.657 0.937 0.937 2.067 1.997 0.000 3.449 3.263 3.311 3.293 3.275 3.256 3.238 3.220 3.390 3.220 3.380 3.330 3.180 3.180 3.191 3.421 3.441 3.191 3.191 3.101 3.122 2.972 3.052 3.062 2.842 3.092
0.000 0.749 0.649 0.499 0.419 0.369 0.609 0.589 0.049 0.000 0.000 0.000 0.000 0.093 0.000 0.000 0.692 1.142 1.352 1.362 2.292 2.532 1.572 0.822 0.642 0.003 0.000 0.000 1.770 2.080 1.860 1.860 0.000 0.000 0.000 0.000 0.000 0.000 0.000 0.000 0.000 0.000 0.000 0.000 0.000 0.000 0.000 0.000 0.000 0.000 0.000 3.449 3.539 3.446 3.488 3.470 3.452 3.434 3.416 3.420 3.350 3.360 3.300 3.330 3.330 3.271 3.301 3.391 3.261 3.251 3.121 3.181 3.102 3.072 2.932 3.132 3.072
0.449 0.629 0.559 0.539 0.619 0.639 0.619 0.000 0.000 0.000 0.000 0.004 0.000 0.000 0.342 0.342 1.062 1.432 1.002 1.862 2.402 2.242 2.462 2.242 0.000 0.000 2.420 2.570 2.890 2.990 2.840 2.840 2.780 2.810 3.000 3.009 3.049 3.169 3.009 3.169 3.349 3.169 3.269 3.109 3.089 3.129 3.109 3.109 3.139 3.159 3.309 3.480 3.530 3.579 3.629 3.665 3.647 3.629 3.611 3.470 3.360 3.330 3.330 3.380 3.380 3.160 3.311 3.151 3.311 3.201 3.241 3.161 3.192 3.142 3.202 3.212 3.042
0.189 0.709 0.689 0.759 0.599 0.569 0.199 0.000 0.000 0.001 0.000 0.063 0.542 0.762 0.952 0.952 1.992 2.112 1.542 1.472 2.072 1.852 1.302 0.000 0.000 2.490 2.890 2.740 3.020 3.020 2.870 2.870 2.960 3.130 3.240 3.179 3.209 3.339 3.399 3.529 3.409 3.379 3.439 3.369 2.604 3.539 3.163 3.163 3.449 3.339 3.564 3.614 3.663 3.713 3.762 3.812 3.843 3.824 3.812 3.499 3.480 3.390 3.390 3.260 3.260 3.210 3.390 3.251 3.211 3.251 3.371 3.251 3.131 2.911 3.192 3.182 3.092
0.589 0.859 0.609 0.000 0.000 0.000 0.000 0.000 0.000 0.000 0.000 0.000 1.012 1.862 1.722 1.722 0.000 0.000 0.000 0.000 0.000 0.000 0.000 0.000 3.100 2.970 3.140 3.120 3.110 2.830 2.850 2.850 2.900 3.220 3.290 3.349 3.369 3.539 1.581 3.479 3.529 3.499 2.259 3.519 2.818 3.098 3.539 3.539 3.359 3.439 3.697 3.747 3.797 3.846 3.896 3.946 3.995 4.020 3.529 3.489 3.519 3.370 3.340 3.290 3.290 3.350 3.270 3.231 3.241 3.171 3.161 3.101 3.171 3.181 3.242 3.222 3.202
1.199 1.089 0.000 0.000 0.000 0.000 2.381 2.631 2.731 2.481 2.011 0.000 0.000 0.000 0.000 0.000 0.000 2.570 2.911 3.220 3.150 3.210 3.230 3.310 3.110 3.450 3.130 3.290 3.150 3.250 3.000 3.000 3.159 3.139 3.249 1.759 1.828 1.910 1.992 3.429 3.419 3.379 2.473 2.753 3.032 3.312 3.469 3.469 3.732 3.781 3.831 3.881 3.930 3.980 4.029 4.079 4.129 4.162 3.519 3.489 3.480 3.460 3.925 3.250 3.250 3.330 3.260 3.141 3.161 3.141 3.151 3.131 3.131 3.191 3.172 3.142 3.222
0.000 0.000 0.000 0.000 3.031 3.351 3.271 3.221 3.261 3.211 3.071 0.881 2.981 3.151 3.231 3.231 3.221 3.231 3.281 3.211 3.330 3.260 3.350 3.360 3.510 3.350 3.350 3.290 3.260 3.210 3.170 3.170 3.330 3.479 3.519 3.359 3.449 3.459 2.404 2.486 2.569 2.651 2.733 2.967 3.246 3.526 3.766 3.766 3.865 3.915 3.964 4.014 4.064 4.113 4.137 4.141 4.145 3.529 4.127 3.499 3.400 3.450 3.310 3.827 3.827 3.320 3.240 3.241 3.171 3.141 3.221 3.131 3.171 3.161 3.232 3.332 3.152
0.000 0.000 3.391 3.451 3.371 3.491 3.381 3.231 3.301 3.391 3.351 3.341 3.371 3.431 3.251 3.251 3.351 3.211 3.291 3.421 3.401 3.330 3.450 3.370 3.430 3.440 3.480 3.410 3.370 3.360 3.320 3.320 3.439 3.489 3.399 3.409 2.652 2.734 3.529 2.899 3.509 3.469 3.145 3.227 3.460 3.740 3.899 3.899 3.999 4.048 4.098 4.112 4.116 4.120 4.124 4.129 4.133 4.126 4.106 3.479 3.410 3.330 3.360 3.410 3.410 3.400 3.271 3.191 3.261 3.311 3.171 3.191 3.201 3.181 3.222 3.122 3.242
3.461 3.401 3.461 3.441 3.501 3.451 3.371 3.481 3.421 3.451 3.421 2.618 3.431 2.489 3.351 3.351 3.381 3.321 3.351 3.401 3.291 3.371 3.330 3.510 3.460 3.480 3.340 3.490 3.380 3.430 3.450 3.450 2.775 3.489 3.539 2.982 3.064 3.146 3.228 3.310 3.393 3.475 3.557 3.639 3.721 3.954 4.033 4.033 4.087 4.091 4.095 4.100 4.104 4.108 4.112 4.116 4.120 4.104 3.469 3.439 4.046 3.410 3.420 3.350 3.350 3.280 3.431 3.181 3.351 3.331 3.241 3.231 3.111 3.131 3.042 3.222 3.192
2.290 3.441 3.491 3.381 3.511 3.461 3.481 3.198 3.501 3.511 2.927 3.511 2.746 3.481 3.501 3.501 3.451 3.501 3.501 3.491 3.451 3.481 3.420 3.440 3.530 3.540 3.510 2.863 3.370 2.988 3.540 3.540 3.180 3.245 3.312 3.529 3.529 3.558 3.640 3.722 3.805 3.887 3.969 4.051 4.076 4.066 4.066 4.066 4.075 4.079 4.083 4.087 4.091 4.095 4.100 4.104 4.103 4.083 4.064 3.489 3.340 3.530 3.510 3.500 3.500 3.430 3.371 3.401 3.391 3.301 3.191 3.251 3.281 3.311 3.222 3.252 3.172
3.491 2.909 3.318 3.461 3.471 3.516 3.507 3.417 3.326 3.236 3.146 3.055 3.501 3.005 3.053 3.053 3.381 3.451 3.471 3.511 3.541 3.093 3.026 3.500 3.082 3.145 3.207 3.270 3.333 3.395 3.458 3.458 3.584 3.650 3.724 3.806 3.888 3.970 4.052 4.127 4.118 4.110 4.101 4.093 4.084 4.070 4.054 4.054 4.062 4.066 4.071 4.075 4.079 4.083 4.087 4.091 4.081 4.062 4.042 4.023 3.500 3.984 3.460 3.470 3.470 3.400 3.371 3.471 3.311 3.321 3.291 3.201 3.251 3.221 3.072 3.222 3.212
3.491 2.909 3.318 3.461 3.471 3.516 3.507 3.417 3.326 3.236 3.146 3.055 3.501 3.005 3.054 3.053 3.381 3.451 3.471 3.511 3.541 3.094 3.026 3.500 3.082 3.145 3.207 3.270 3.333 3.395 3.458 3.458 3.584 3.650 3.724 3.806 3.888 3.970 4.052 4.127 4.119 4.110 4.101 4.093 4.084 4.070 4.054 4.054 4.062 4.066 4.071 4.075 4.079 4.083 4.087 4.091 4.082 4.062 4.042 4.023 3.500 3.984 3.460 3.470 3.470 3.401 3.371 3.471 3.311 3.321 3.291 3.201 3.251 3.221 3.072 3.222 3.212
2.709 3.421 3.501 3.578 3.605 3.632 3.658 3.635 3.545 3.455 3.364 3.274 3.214 3.263 3.311 3.311 3.409 3.458 3.506 3.521 3.523 3.455 3.387 3.427 3.489 3.552 3.615 3.677 3.740 3.803 3.865 3.865 3.991 4.054 4.136 4.169 4.161 4.152 4.144 4.135 4.126 4.118 4.109 4.101 4.091 4.074 4.057 4.057 4.050 4.054 4.058 4.062 4.066 4.071 4.075 4.079 4.060 4.041 4.021 3.500 3.982 3.962 3.410 3.857 3.857 3.461 3.301 3.301 3.331 3.331 3.291 3.301 3.291 3.281 3.212 3.232 3.262
2.919 3.328 3.667 3.693 3.720 3.747 3.773 3.800 3.764 3.673 3.583 3.492 3.471 3.520 3.569 3.569 3.667 3.715 3.764 3.813 3.862 3.817 3.771 3.834 3.896 3.959 4.022 4.084 4.147 4.210 4.215 4.215 4.213 4.202 4.186 4.177 4.169 4.160 4.151 4.143 4.134 4.125 4.117 4.108 4.095 4.078 4.061 4.061 4.037 4.042 4.046 4.050 4.054 4.058 4.062 4.059 4.039 4.019 4.000 3.980 3.961 3.941 3.410 3.510 3.510 3.811 3.431 3.491 3.351 3.271 3.281 3.191 3.321 3.301 3.262 3.322 3.262
3.338 3.748 3.897 3.924 3.950 3.977 4.004 4.030 4.057 4.084 4.020 3.938 3.987 4.036 4.085 4.085 4.182 4.231 4.277 4.280 4.283 4.286 4.291 4.289 4.288 4.287 4.285 4.284 4.283 4.281 4.280 4.280 4.272 4.246 4.219 4.193 4.184 4.175 4.167 4.158 4.149 4.141 4.132 4.120 4.103 4.086 4.069 4.069 4.034 4.017 4.021 4.025 4.029 4.033 4.036 4.016 3.996 3.977 3.957 3.938 3.918 3.490 3.510 3.520 3.521 3.401 3.341 3.321 3.221 3.271 3.201 3.301 3.451 3.261 3.272 3.302 3.312
3.548 3.957 4.012 4.039 4.065 4.092 4.119 4.145 4.172 4.199 4.225 4.196 4.245 4.288 4.291 4.291 4.297 4.301 4.304 4.307 4.310 4.313 4.318 4.322 4.320 4.319 4.318 4.316 4.315 4.314 4.312 4.312 4.294 4.268 4.241 4.215 4.192 4.183 4.174 4.166 4.157 4.149 4.140 4.125 4.107 3.539 4.073 4.073 4.038 4.021 4.008 3.509 4.016 4.021 4.015 3.995 3.975 3.956 3.936 3.916 3.897 3.877 3.858 3.401 3.401 3.491 3.511 3.211 3.331 3.471 3.361 3.151 3.141 3.382 3.372 3.272 3.322
3.758 4.101 4.127 4.154 4.180 4.207 4.234 4.260 4.287 4.299 4.302 4.308 4.312 4.315 4.318 4.318 4.324 4.327 4.330 4.333 4.336 4.340 4.345 4.350 4.353 4.351 4.350 4.349 4.347 4.346 4.345 4.344 4.316 4.290 4.263 4.237 4.211 4.191 4.182 4.174 4.165 4.156 4.146 4.128 4.111 4.094 4.077 4.077 4.042 4.025 4.008 4.000 4.004 4.008 3.540 3.974 3.954 3.934 3.915 3.895 3.875 3.856 3.510 3.797 3.797 3.441 3.361 3.461 3.371 3.451 3.291 3.281 3.171 3.371 3.292 3.292 3.272
3.968 4.216 4.242 4.269 4.296 4.307 4.310 4.313 4.316 4.320 4.323 4.331 4.338 4.341 4.344 4.344 4.350 4.353 4.356 4.359 4.363 4.367 4.372 4.377 4.382 4.384 4.382 4.381 4.380 4.378 4.377 4.377 4.338 4.312 4.285 4.259 4.233 4.206 4.190 4.181 4.173 4.164 4.150 4.133 4.115 4.098 4.081 4.081 4.046 4.029 4.012 3.995 3.992 3.992 3.972 3.952 3.933 3.913 3.893 3.874 3.854 3.835 3.510 3.501 3.501 3.771 3.421 3.471 3.541 3.441 3.271 3.221 3.481 3.251 3.302 3.272 3.172
4.272 4.314 4.318 4.321 4.324 4.327 4.331 4.334 4.337 4.341 4.345 4.353 4.361 4.367 4.370 4.370 4.377 4.380 4.383 4.386 4.390 4.394 4.399 4.404 4.409 4.414 4.414 4.413 4.412 4.411 4.409 4.409 4.360 4.334 4.307 4.281 4.254 4.228 4.202 4.189 4.180 4.171 4.154 4.137 4.119 4.102 4.085 4.085 4.050 4.033 4.016 3.999 3.480 3.970 3.951 3.490 3.919 3.905 3.891 3.877 3.864 3.850 3.836 3.421 3.421 3.491 3.471 3.391 3.411 3.371 3.321 3.301 3.461 3.272 3.342 3.202 3.332
4.318 4.333 4.338 4.342 4.345 4.348 4.352 4.355 4.358 4.361 4.367 4.375 4.383 4.391 4.397 4.397 4.403 4.406 4.409 4.412 4.417 4.421 4.426 4.431 4.437 4.441 4.446 4.445 4.444 4.443 4.435 4.435 4.382 4.356 4.329 4.303 4.276 4.250 4.224 4.197 4.188 4.175 4.158 4.141 4.123 4.106 4.089 4.089 4.055 4.043 4.031 4.019 4.007 3.984 3.970 3.956 3.942 3.929 3.915 3.901 3.520 3.480 3.860 3.511 3.511 3.818 3.291 3.421 3.471 3.431 3.331 3.461 3.411 3.402 3.382 3.392 3.322
4.329 4.344 4.359 4.362 4.366 4.369 4.372 4.376 4.379 4.382 4.390 4.398 4.405 4.413 4.421 4.421 4.429 4.432 4.435 4.438 4.444 4.449 4.454 4.459 4.464 4.469 4.474 4.478 4.476 4.475 4.457 4.457 4.404 4.378 4.351 4.325 4.298 4.272 4.246 4.219 4.196 4.179 4.166 4.154 4.142 4.130 4.118 4.118 4.094 3.540 4.070 4.058 4.038 4.011 3.994 3.980 3.966 3.952 3.939 3.925 3.911 3.520 3.883 3.856 3.856 3.421 3.830 3.541 3.511 3.511 3.411 3.461 3.412 3.402 3.422 3.432 3.272
4.339 4.354 4.369 4.383 4.386 4.390 4.393 4.396 4.400 4.404 4.412 4.420 4.428 4.436 4.444 4.444 4.456 4.459 4.462 4.466 4.471 4.476 4.481 4.486 4.491 4.496 4.501 4.506 4.509 4.505 4.479 4.479 4.426 4.400 4.373 4.347 4.321 4.295 4.269 4.243 4.226 4.217 4.205 4.193 4.181 4.169 4.157 4.157 4.133 4.121 3.500 4.096 4.069 4.041 4.017 4.003 3.990 3.976 3.962 3.460 3.935 3.921 3.521 3.879 3.880 3.867 3.854 3.541 3.501 3.451 3.381 3.441 3.462 3.392 3.362 3.422 3.382
4.350 4.365 4.380 4.395 4.407 4.410 4.414 4.417 4.420 4.426 4.434 4.442 4.450 4.458 4.466 4.466 4.482 4.485 4.488 4.493 4.498 4.503 4.508 4.513 4.518 4.523 4.528 4.533 4.538 4.528 4.502 4.502 4.450 4.424 4.398 4.372 4.347 4.321 4.295 4.269 4.261 4.255 4.244 4.232 4.220 4.208 4.196 4.196 4.172 4.160 4.148 4.127 4.100 4.072 4.045 4.027 4.014 4.000 3.520 3.460 3.958 3.944 3.931 3.904 3.904 3.891 3.521 3.866 3.853 3.461 3.541 3.421 3.472 3.362 3.452 3.412 3.778
4.361 4.376 4.391 4.406 4.421 4.431 4.435 4.438 4.441 4.448 4.456 4.464 4.472 4.480 4.488 4.488 4.504 4.511 4.515 4.520 4.525 4.530 4.535 4.540 4.544 4.548 4.552 4.556 4.561 4.550 4.527 4.527 4.475 4.450 4.424 4.398 4.372 4.346 4.320 4.301 4.295 4.290 4.283 4.271 4.259 4.247 4.235 4.235 4.211 4.199 4.186 4.158 4.131 4.103 4.076 4.051 4.037 4.023 4.010 3.996 3.982 3.968 3.954 3.928 3.928 3.916 3.903 3.890 3.431 3.491 3.856 3.472 3.392 3.302 3.452 3.402 3.412
4.372 4.387 4.402 4.417 4.432 4.447 4.455 4.459 4.463 4.471 4.479 4.486 4.494 4.502 4.510 4.510 4.526 4.534 4.541 4.545 4.549 4.553 4.558 4.562 4.566 4.570 4.575 4.579 4.578 4.565 4.553 4.553 4.501 4.475 4.449 4.423 4.397 4.372 4.346 4.336 4.330 4.325 4.319 4.310 4.298 4.286 4.274 4.274 4.250 4.238 4.217 4.189 4.162 4.134 4.107 4.079 3.530 4.047 4.033 4.020 4.006 3.992 3.978 3.952 3.953 3.940 3.491 3.441 3.902 3.451 3.880 3.871 3.452 3.852 3.482 3.382 3.532
4.382 4.397 4.412 4.427 4.442 4.457 4.472 4.479 4.485 4.493 4.501 4.509 4.517 4.531 4.547 4.547 4.578 4.594 4.578 4.568 4.572 4.576 4.580 4.584 4.589 4.593 4.597 4.601 4.594 4.581 4.569 4.568 4.526 4.500 4.475 4.449 4.423 4.397 4.377 4.371 4.365 4.360 4.354 4.348 4.337 4.325 4.313 4.313 4.289 4.275 4.248 4.220 4.193 4.165 4.138 4.110 4.085 4.071 4.057 4.043 4.029 4.016 4.002 3.977 3.977 3.964 3.541 3.939 3.521 3.522 3.532 3.532 3.885 3.502 3.482 3.542 3.532
4.393 4.408 4.423 4.438 4.453 4.468 4.483 4.498 4.512 4.528 4.544 4.559 4.575 4.591 4.607 4.607 4.638 4.647 4.623 4.598 4.594 4.599 4.603 4.607 4.611 4.616 4.620 4.622 4.609 4.597 4.584 4.584 4.552 4.526 4.500 4.474 4.448 4.422 4.411 4.406 4.400 4.395 4.389 4.383 4.376 4.364 4.352 4.352 4.328 4.306 4.278 4.251 4.223 4.196 4.169 4.141 4.114 4.094 4.081 4.067 4.053 3.501 4.027 3.501 3.501 3.989 3.976 3.541 3.951 3.938 3.927 3.492 3.909 3.372 3.890 3.881 3.442
4.404 4.419 4.434 4.449 4.480 4.515 4.549 4.578 4.572 4.588 4.604 4.619 4.635 4.651 4.666 4.666 4.698 4.692 4.668 4.643 4.619 4.621 4.625 4.630 4.634 4.638 4.642 4.637 4.625 4.612 4.600 4.600 4.575 4.551 4.525 4.500 4.474 4.452 4.446 4.441 4.435 4.429 4.424 4.418 4.413 4.403 4.391 4.391 4.364 4.337 4.309 4.282 4.254 4.227 4.199 4.172 4.145 4.118 4.104 4.090 4.077 4.064 3.541 4.026 4.026 4.013 4.001 3.988 3.975 3.471 3.950 3.941 3.462 3.462 3.914 3.904 3.522
