includes/camargue/floodfiles/results_R2_t1.562345283857E12/res-0006.wdfp
ncols         906
nrows         631
xllcorner     362177.146667
yllcorner     6534725.688020
cellsize      20.000000
NODATA_value  -9999.000000
[rows 544 to 577 of 631, columns 385 to 461 of 906]
4.538 4.527 4.525 4.523 4.521 4.519 4.517 4.515 4.513 4.509 4.509 4.520 4.537 4.555 4.572 4.569 4.565 4.561 4.558 4.554 4.550 4.547 4.543 4.539 4.536 4.528 4.528 4.514 4.507 4.500 4.493 4.486 4.480 4.473 4.466 4.460 4.453 4.446 4.440 4.431 4.422 4.412 4.412 4.393 4.383 4.373 4.364 4.354 4.344 4.344 4.343 4.342 4.342 4.341 4.340 4.340 4.336 4.319 4.319 4.285 4.269 4.252 4.235 4.226 4.232 4.238 4.244 4.250 4.256 4.262 4.267 4.302 4.342 4.383 4.383 4.463 4.492
4.593 4.580 4.568 4.556 4.544 4.538 4.536 4.534 4.532 4.528 4.529 4.534 4.551 4.569 4.566 4.562 4.559 4.555 4.552 4.548 4.544 4.541 4.537 4.533 4.529 4.524 4.524 4.510 4.502 4.495 4.488 4.482 4.475 4.468 4.462 4.455 4.448 4.442 4.435 4.428 4.419 4.409 4.409 4.390 4.380 4.370 4.361 4.351 4.346 4.345 4.344 4.344 4.343 4.342 4.342 4.341 4.340 4.333 4.333 4.300 4.283 4.266 4.249 4.251 4.257 4.263 4.269 4.275 4.281 4.287 4.293 4.309 4.349 4.390 4.390 4.457 4.486
4.648 4.635 4.623 4.611 4.599 4.586 4.574 4.562 4.552 4.548 4.548 4.548 4.565 4.564 4.560 4.556 4.553 4.549 4.545 4.542 4.538 4.534 4.531 4.527 4.523 4.519 4.519 4.505 4.498 4.491 4.484 4.477 4.470 4.464 4.457 4.450 4.444 4.437 4.431 4.424 4.416 4.406 4.406 4.387 4.377 4.367 4.358 4.348 4.347 4.346 4.345 4.345 4.344 4.344 4.343 4.342 4.342 4.341 4.341 4.314 4.297 4.280 4.271 4.277 4.283 4.289 4.295 4.301 4.307 4.313 4.319 4.325 4.356 4.394 4.394 4.452 4.481
4.703 4.690 4.678 4.666 4.654 4.641 4.629 4.617 4.605 4.580 4.580 4.568 4.561 4.557 4.554 4.550 4.546 4.543 4.539 4.535 4.532 4.528 4.524 4.521 4.517 4.513 4.513 4.500 4.493 4.486 4.479 4.472 4.466 4.459 4.452 4.446 4.439 4.432 4.426 4.419 4.413 4.403 4.403 4.384 4.374 4.365 4.355 4.348 4.348 4.347 4.347 4.346 4.345 4.345 4.344 4.343 4.343 4.342 4.342 4.328 4.311 4.294 4.297 4.303 4.308 4.314 4.320 4.326 4.332 4.338 4.344 4.350 4.360 4.389 4.389 4.446 4.475
4.758 4.745 4.733 4.721 4.709 4.697 4.684 4.672 4.660 4.635 4.635 4.607 4.586 4.574 4.562 4.550 4.540 4.536 4.533 4.529 4.525 4.522 4.518 4.514 4.511 4.507 4.507 4.495 4.488 4.481 4.474 4.468 4.461 4.454 4.448 4.441 4.434 4.428 4.421 4.415 4.408 4.400 4.400 4.381 4.371 4.362 4.352 4.350 4.349 4.349 4.348 4.347 4.347 4.346 4.345 4.345 4.344 4.343 4.344 4.342 4.325 4.316 4.322 4.328 4.334 4.340 4.346 4.350 4.354 4.357 4.360 4.363 4.372 4.392 4.392 4.441 4.469
4.813 4.800 4.788 4.776 4.764 4.752 4.739 4.727 4.715 4.674 4.674 4.644 4.617 4.605 4.593 4.581 4.569 4.557 4.545 4.533 4.521 4.516 4.512 4.508 4.505 4.501 4.501 4.490 4.483 4.476 4.470 4.463 4.456 4.450 4.443 4.436 4.430 4.423 4.417 4.410 4.403 4.397 4.397 4.378 4.368 4.359 4.352 4.351 4.350 4.350 4.349 4.348 4.348 4.347 4.346 4.346 4.345 4.345 4.345 4.343 4.339 4.342 4.346 4.349 4.352 4.356 4.359 4.362 4.365 4.368 4.371 4.374 4.386 4.405 4.405 4.444 4.464
4.868 4.855 4.843 4.831 4.819 4.807 4.794 4.782 4.770 4.711 4.711 4.680 4.649 4.635 4.623 4.611 4.599 4.587 4.575 4.563 4.551 4.539 4.527 4.515 4.503 4.494 4.494 4.485 4.478 4.472 4.465 4.458 4.452 4.445 4.438 4.432 4.425 4.418 4.412 4.405 4.399 4.392 4.392 4.375 4.366 4.356 4.353 4.352 4.352 4.351 4.350 4.350 4.349 4.348 4.348 4.347 4.347 4.346 4.346 4.352 4.355 4.354 4.357 4.361 4.364 4.367 4.370 4.373 4.376 4.379 4.383 4.386 4.399 4.419 4.419 4.458 4.477
4.923 4.911 4.898 4.886 4.874 4.862 4.849 4.837 4.809 4.747 4.747 4.717 4.686 4.666 4.654 4.642 4.630 4.618 4.606 4.594 4.582 4.570 4.558 4.546 4.534 4.522 4.522 4.492 4.481 4.471 4.460 4.453 4.447 4.440 4.434 4.427 4.420 4.414 4.407 4.401 4.394 4.387 4.388 4.372 4.363 4.355 4.354 4.354 4.353 4.352 4.352 4.351 4.350 4.350 4.353 4.356 4.359 4.363 4.363 4.369 4.371 4.370 4.369 4.372 4.375 4.378 4.381 4.385 4.388 4.391 4.394 4.397 4.413 4.432 4.433 4.471 4.491
4.978 4.966 4.953 4.941 4.929 4.917 4.905 4.876 4.845 4.784 4.784 4.753 4.723 4.697 4.685 4.673 4.661 4.649 4.637 4.625 4.613 4.601 4.589 4.577 4.565 4.552 4.552 4.513 4.502 4.491 4.480 4.469 4.458 4.448 4.437 4.426 4.416 4.409 4.403 4.396 4.389 4.383 4.383 4.370 4.360 4.356 4.355 4.355 4.354 4.353 4.357 4.360 4.363 4.367 4.370 4.373 4.377 4.380 4.380 4.387 4.388 4.386 4.385 4.384 4.386 4.390 4.393 4.396 4.399 4.402 4.405 4.408 4.427 4.446 4.446 4.485 4.504
5.033 5.021 5.008 4.996 4.984 4.972 4.943 4.913 4.882 4.820 4.820 4.790 4.759 4.728 4.716 4.704 4.692 4.680 4.667 4.655 4.643 4.631 4.619 4.607 4.595 4.575 4.575 4.536 4.522 4.511 4.500 4.490 4.479 4.468 4.457 4.446 4.435 4.425 4.414 4.403 4.392 4.382 4.382 4.365 4.358 4.357 4.361 4.364 4.367 4.371 4.374 4.377 4.381 4.384 4.387 4.391 4.394 4.397 4.397 4.404 4.404 4.403 4.402 4.401 4.399 4.401 4.404 4.407 4.410 4.413 4.416 4.421 4.440 4.460 4.460 4.499 4.518
5.088 5.076 5.063 5.051 5.039 5.011 4.980 4.949 4.918 4.857 4.857 4.826 4.796 4.765 4.746 4.734 4.722 4.710 4.698 4.686 4.674 4.662 4.650 4.638 4.619 4.599 4.599 4.559 4.542 4.531 4.521 4.510 4.499 4.488 4.477 4.466 4.456 4.445 4.434 4.423 4.413 4.402 4.402 4.380 4.385 4.375 4.378 4.381 4.385 4.388 4.391 4.395 4.398 4.401 4.405 4.408 4.411 4.415 4.415 4.422 4.421 4.419 4.418 4.417 4.416 4.415 4.415 4.419 4.422 4.425 4.428 4.434 4.454 4.473 4.473 4.512 4.532
5.143 5.131 5.119 5.106 5.078 5.047 5.016 4.986 4.955 4.893 4.893 4.863 4.832 4.801 4.777 4.765 4.753 4.741 4.729 4.717 4.705 4.693 4.681 4.662 4.642 4.622 4.622 4.582 4.562 4.551 4.541 4.530 4.519 4.508 4.498 4.487 4.476 4.465 4.454 4.444 4.433 4.422 4.422 4.422 4.429 4.413 4.398 4.399 4.402 4.405 4.409 4.412 4.415 4.419 4.422 4.425 4.429 4.432 4.432 4.438 4.437 4.436 4.434 4.433 4.432 4.431 4.430 4.430 4.433 4.436 4.439 4.448 4.467 4.487 4.487 4.526 4.545
5.143 5.131 5.118 5.106 5.078 5.047 5.016 4.986 4.955 4.893 4.893 4.863 4.832 4.801 4.777 4.765 4.753 4.741 4.729 4.717 4.705 4.693 4.681 4.662 4.642 4.622 4.622 4.582 4.562 4.552 4.541 4.530 4.519 4.508 4.498 4.487 4.476 4.465 4.454 4.444 4.433 4.422 4.422 4.422 4.429 4.413 4.398 4.399 4.402 4.405 4.409 4.412 4.415 4.419 4.422 4.425 4.429 4.432 4.432 4.438 4.437 4.436 4.434 4.433 4.432 4.431 4.430 4.430 4.433 4.436 4.439 4.448 4.467 4.487 4.487 4.526 4.545
5.198 5.186 5.173 5.145 5.114 5.084 5.053 5.022 4.991 4.930 4.930 4.899 4.868 4.838 4.808 4.796 4.784 4.772 4.760 4.748 4.736 4.723 4.706 4.686 4.666 4.645 4.646 4.605 4.585 4.572 4.561 4.550 4.539 4.529 4.518 4.507 4.496 4.485 4.475 4.464 4.453 4.445 4.445 4.465 4.473 4.458 4.442 4.426 4.419 4.423 4.426 4.429 4.433 4.436 4.439 4.443 4.446 4.449 4.449 4.455 4.453 4.452 4.451 4.450 4.448 4.447 4.446 4.445 4.444 4.447 4.450 4.462 4.481 4.500 4.501 4.544 4.570
5.253 5.241 5.212 5.181 5.151 5.120 5.089 5.059 5.028 4.966 4.966 4.936 4.905 4.874 4.844 4.826 4.814 4.802 4.790 4.778 4.766 4.749 4.729 4.709 4.689 4.669 4.669 4.629 4.609 4.592 4.581 4.570 4.560 4.549 4.538 4.527 4.516 4.506 4.495 4.484 4.478 4.488 4.488 4.507 4.517 4.502 4.486 4.470 4.455 4.440 4.443 4.447 4.450 4.453 4.457 4.460 4.463 4.467 4.467 4.471 4.470 4.468 4.467 4.466 4.465 4.464 4.462 4.461 4.460 4.459 4.462 4.475 4.495 4.519 4.519 4.570 4.595
5.310 5.321 5.289 5.257 5.225 5.193 5.162 5.132 5.101 5.039 5.039 5.009 4.978 4.947 4.917 4.888 4.876 4.864 4.852 4.836 4.816 4.796 4.776 4.756 4.736 4.715 4.716 4.676 4.656 4.636 4.622 4.611 4.600 4.589 4.579 4.568 4.557 4.546 4.543 4.553 4.563 4.572 4.572 4.592 4.602 4.591 4.575 4.559 4.544 4.528 4.512 4.496 4.485 4.488 4.491 4.495 4.498 4.502 4.502 4.504 4.503 4.501 4.500 4.499 4.498 4.496 4.495 4.494 4.497 4.507 4.517 4.528 4.544 4.569 4.569 4.620 4.646
5.331 5.363 5.331 5.299 5.267 5.235 5.202 5.170 5.138 5.076 5.076 5.045 5.015 4.984 4.953 4.923 4.907 4.894 4.879 4.859 4.839 4.819 4.799 4.779 4.759 4.739 4.739 4.699 4.679 4.659 4.642 4.631 4.620 4.610 4.599 4.588 4.577 4.576 4.586 4.595 4.605 4.615 4.615 4.634 4.644 4.635 4.619 4.604 4.588 4.572 4.556 4.541 4.525 4.509 4.509 4.512 4.516 4.519 4.519 4.520 4.519 4.518 4.517 4.515 4.514 4.514 4.523 4.533 4.543 4.553 4.563 4.574 4.586 4.597 4.597 4.645 4.671
5.351 5.405 5.373 5.341 5.309 5.277 5.245 5.213 5.180 5.116 5.116 5.084 5.052 5.020 4.990 4.959 4.937 4.922 4.902 4.882 4.862 4.842 4.822 4.802 4.782 4.762 4.762 4.722 4.702 4.682 4.662 4.651 4.641 4.630 4.619 4.608 4.608 4.618 4.628 4.638 4.647 4.657 4.657 4.677 4.686 4.680 4.664 4.648 4.632 4.617 4.601 4.585 4.570 4.554 4.538 4.530 4.533 4.536 4.536 4.537 4.536 4.534 4.533 4.540 4.550 4.560 4.570 4.580 4.589 4.599 4.609 4.621 4.632 4.644 4.644 4.671 4.696
5.372 5.431 5.415 5.383 5.351 5.319 5.287 5.255 5.223 5.158 5.158 5.126 5.094 5.062 5.030 4.997 4.969 4.946 4.926 4.906 4.886 4.866 4.846 4.826 4.806 4.786 4.786 4.746 4.726 4.706 4.686 4.672 4.661 4.650 4.639 4.641 4.651 4.660 4.670 4.680 4.690 4.699 4.699 4.719 4.729 4.724 4.708 4.692 4.677 4.661 4.645 4.630 4.614 4.598 4.582 4.567 4.551 4.554 4.554 4.553 4.557 4.567 4.577 4.586 4.596 4.606 4.616 4.626 4.636 4.645 4.656 4.667 4.678 4.690 4.690 4.713 4.724
5.392 5.452 5.458 5.426 5.394 5.361 5.329 5.297 5.265 5.201 5.201 5.168 5.136 5.104 5.072 5.043 5.033 5.009 4.980 4.952 4.923 4.894 4.869 4.849 4.829 4.809 4.809 4.769 4.749 4.729 4.709 4.692 4.681 4.670 4.674 4.683 4.693 4.703 4.713 4.722 4.732 4.742 4.742 4.761 4.771 4.768 4.753 4.737 4.721 4.705 4.690 4.674 4.658 4.643 4.627 4.611 4.595 4.580 4.580 4.593 4.603 4.613 4.623 4.633 4.642 4.652 4.662 4.672 4.682 4.692 4.702 4.713 4.725 4.736 4.736 4.759 4.770
5.413 5.473 5.500 5.468 5.436 5.404 5.372 5.339 5.307 5.243 5.243 5.211 5.179 5.146 5.115 5.105 5.095 5.078 5.050 5.021 4.992 4.964 4.935 4.906 4.877 4.849 4.849 4.792 4.772 4.753 4.733 4.713 4.701 4.706 4.716 4.726 4.736 4.745 4.755 4.765 4.775 4.784 4.784 4.804 4.814 4.813 4.797 4.781 4.766 4.750 4.734 4.718 4.703 4.687 4.671 4.655 4.650 4.646 4.646 4.639 4.649 4.659 4.669 4.679 4.689 4.699 4.708 4.718 4.728 4.738 4.749 4.760 4.771 4.783 4.783 4.805 4.817
5.434 5.493 5.543 5.510 5.478 5.446 5.414 5.382 5.350 5.285 5.285 5.253 5.221 5.189 5.177 5.167 5.157 5.147 5.119 5.090 5.062 5.033 5.004 4.975 4.946 4.918 4.918 4.860 4.832 4.803 4.774 4.746 4.739 4.749 4.758 4.768 4.778 4.788 4.798 4.807 4.817 4.827 4.827 4.846 4.856 4.857 4.841 4.826 4.810 4.794 4.779 4.763 4.747 4.731 4.726 4.721 4.716 4.712 4.712 4.702 4.697 4.705 4.715 4.725 4.735 4.745 4.755 4.764 4.774 4.784 4.795 4.806 4.818 4.829 4.829 4.852 4.863
5.454 5.514 5.573 5.553 5.520 5.488 5.456 5.424 5.392 5.327 5.327 5.295 5.263 5.249 5.239 5.229 5.219 5.209 5.188 5.160 5.131 5.102 5.073 5.045 5.016 4.987 4.987 4.930 4.901 4.872 4.844 4.814 4.795 4.800 4.805 4.811 4.820 4.830 4.840 4.850 4.859 4.869 4.869 4.889 4.898 4.902 4.886 4.870 4.855 4.839 4.823 4.807 4.801 4.796 4.792 4.787 4.782 4.778 4.778 4.768 4.763 4.758 4.761 4.771 4.781 4.791 4.801 4.811 4.820 4.830 4.841 4.853 4.864 4.875 4.876 4.898 4.910
5.475 5.534 5.594 5.595 5.563 5.531 5.498 5.466 5.434 5.370 5.370 5.338 5.321 5.311 5.301 5.291 5.281 5.271 5.258 5.229 5.200 5.171 5.143 5.114 5.085 5.056 5.057 4.999 4.970 4.942 4.913 4.883 4.853 4.858 4.863 4.868 4.873 4.878 4.883 4.892 4.902 4.912 4.912 4.931 4.941 4.946 4.930 4.915 4.899 4.883 4.876 4.871 4.867 4.862 4.858 4.853 4.849 4.844 4.844 4.834 4.829 4.824 4.819 4.817 4.827 4.837 4.847 4.857 4.867 4.876 4.888 4.899 4.910 4.922 4.922 4.945 4.956
5.495 5.555 5.615 5.637 5.605 5.573 5.541 5.508 5.476 5.412 5.412 5.392 5.383 5.373 5.363 5.353 5.343 5.333 5.323 5.298 5.269 5.241 5.212 5.183 5.154 5.126 5.126 5.068 5.040 5.011 4.981 4.951 4.922 4.915 4.920 4.925 4.930 4.935 4.940 4.945 4.950 4.955 4.955 4.973 4.983 4.990 4.975 4.959 4.951 4.947 4.942 4.937 4.933 4.928 4.924 4.919 4.915 4.910 4.910 4.900 4.895 4.890 4.885 4.879 4.874 4.883 4.893 4.903 4.913 4.923 4.934 4.945 4.957 4.968 4.968 4.991 5.002
5.516 5.576 5.635 5.680 5.647 5.615 5.583 5.551 5.519 5.464 5.464 5.454 5.444 5.435 5.425 5.415 5.405 5.395 5.385 5.367 5.339 5.310 5.281 5.253 5.224 5.195 5.195 5.138 5.109 5.079 5.049 5.020 4.990 4.973 4.978 4.983 4.988 4.993 4.998 5.003 5.008 5.013 5.013 5.023 5.028 5.035 5.027 5.022 5.017 5.013 5.008 5.004 4.999 4.994 4.990 4.985 4.981 4.976 4.976 4.966 4.961 4.956 4.951 4.945 4.940 4.935 4.939 4.949 4.959 4.969 4.980 4.992 5.003 5.015 5.015 5.066 5.106
5.536 5.596 5.656 5.715 5.690 5.658 5.625 5.593 5.561 5.526 5.526 5.516 5.506 5.496 5.487 5.477 5.467 5.457 5.447 5.437 5.408 5.379 5.351 5.322 5.293 5.264 5.264 5.207 5.177 5.147 5.118 5.088 5.058 5.030 5.035 5.040 5.045 5.050 5.055 5.060 5.065 5.070 5.070 5.080 5.085 5.099 5.093 5.088 5.083 5.079 5.074 5.070 5.065 5.060 5.056 5.051 5.047 5.042 5.042 5.032 5.026 5.021 5.016 5.011 5.006 5.001 4.996 4.995 5.005 5.015 5.027 5.038 5.057 5.097 5.097 5.177 5.217
5.557 5.617 5.676 5.736 5.732 5.700 5.668 5.635 5.608 5.588 5.588 5.578 5.568 5.558 5.548 5.538 5.528 5.519 5.509 5.499 5.477 5.449 5.420 5.391 5.362 5.334 5.334 5.275 5.246 5.216 5.186 5.157 5.127 5.097 5.093 5.098 5.103 5.108 5.112 5.118 5.122 5.128 5.128 5.138 5.152 5.167 5.164 5.157 5.149 5.145 5.140 5.136 5.131 5.126 5.122 5.117 5.113 5.108 5.108 5.098 5.092 5.087 5.082 5.077 5.072 5.067 5.062 5.057 5.052 5.062 5.089 5.129 5.169 5.209 5.209 5.289 5.329
5.557 5.617 5.676 5.736 5.732 5.700 5.668 5.635 5.608 5.588 5.588 5.578 5.568 5.558 5.548 5.538 5.528 5.519 5.509 5.499 5.477 5.449 5.420 5.391 5.362 5.334 5.334 5.275 5.246 5.216 5.186 5.157 5.127 5.097 5.093 5.098 5.103 5.108 5.112 5.118 5.123 5.128 5.128 5.138 5.152 5.167 5.164 5.157 5.149 5.145 5.140 5.135 5.131 5.126 5.122 5.117 5.112 5.108 5.108 5.097 5.092 5.087 5.082 5.077 5.072 5.067 5.062 5.057 5.052 5.062 5.089 5.129 5.169 5.209 5.209 5.289 5.329
5.578 5.637 5.697 5.757 5.774 5.742 5.710 5.680 5.670 5.650 5.650 5.640 5.630 5.620 5.610 5.600 5.590 5.580 5.571 5.561 5.547 5.518 5.489 5.460 5.432 5.403 5.403 5.344 5.314 5.284 5.255 5.225 5.195 5.166 5.150 5.155 5.160 5.165 5.170 5.175 5.180 5.185 5.185 5.205 5.220 5.235 5.234 5.227 5.220 5.212 5.206 5.202 5.197 5.192 5.188 5.183 5.179 5.174 5.174 5.163 5.158 5.153 5.148 5.143 5.138 5.133 5.128 5.126 5.143 5.165 5.200 5.241 5.281 5.321 5.321 5.401 5.441
5.598 5.658 5.718 5.777 5.816 5.784 5.752 5.742 5.732 5.712 5.712 5.702 5.692 5.682 5.672 5.662 5.652 5.642 5.632 5.622 5.613 5.587 5.558 5.530 5.501 5.472 5.472 5.412 5.383 5.353 5.323 5.293 5.264 5.234 5.207 5.212 5.217 5.222 5.227 5.232 5.237 5.243 5.243 5.273 5.288 5.303 5.305 5.297 5.290 5.283 5.275 5.268 5.263 5.258 5.254 5.249 5.244 5.240 5.240 5.229 5.224 5.219 5.214 5.209 5.204 5.219 5.236 5.253 5.270 5.294 5.320 5.352 5.393 5.433 5.433 5.513 5.553
6.085 6.039 5.992 5.946 5.900 5.885 5.875 5.865 5.855 5.835 5.836 5.826 5.816 5.806 5.796 5.786 5.776 5.766 5.756 5.746 5.736 5.726 5.697 5.668 5.638 5.609 5.609 5.549 5.519 5.490 5.460 5.430 5.401 5.371 5.341 5.327 5.332 5.337 5.342 5.350 5.365 5.379 5.379 5.409 5.424 5.439 5.445 5.438 5.431 5.423 5.416 5.409 5.402 5.394 5.387 5.381 5.377 5.372 5.372 5.371 5.388 5.405 5.422 5.439 5.456 5.473 5.490 5.507 5.526 5.552 5.578 5.604 5.630 5.657 5.657 5.737 5.777
6.346 6.300 6.253 6.101 5.832 5.919 5.911 5.903 5.896 5.880 5.880 5.872 5.864 5.857 5.849 5.841 5.833 5.825 5.817 5.808 5.798 5.788 5.766 5.736 5.707 5.677 5.677 5.618 5.588 5.558 5.529 5.499 5.469 5.439 5.410 5.385 5.390 5.395 5.403 5.418 5.433 5.447 5.447 5.477 5.492 5.507 5.516 5.508 5.501 5.494 5.487 5.479 5.472 5.465 5.457 5.450 5.452 5.464 5.464 5.498 5.515 5.532 5.549 5.566 5.583 5.600 5.617 5.634 5.655 5.681 5.707 5.733 5.759 5.785 5.785 5.849 5.889
6.607 6.505 6.236 5.968 5.759 5.872 5.943 5.935 5.927 5.912 5.912 5.904 5.896 5.888 5.881 5.873 5.865 5.857 5.849 5.841 5.834 5.831 5.973 5.918 5.863 5.808 5.808 5.698 5.656 5.627 5.597 5.567 5.538 5.508 5.478 5.449 5.447 5.456 5.471 5.486 5.500 5.515 5.515 5.545 5.560 5.575 5.586 5.579 5.572 5.564 5.557 5.550 5.542 5.535 5.578 5.650 5.680 5.606 5.607 5.625 5.642 5.659 5.676 5.693 5.710 5.727 5.744 5.761 5.784 5.810 5.836 5.862 5.888 5.914 5.914 5.966 6.001
