includes/camargue/floodfiles/results_R2_t1.562345283857E12/res-0011.wd
ncols         906
nrows         631
xllcorner     362177.146667
yllcorner     6534725.688020
cellsize      20.000000
NODATA_value  -9999.000000
[rows 442 to 475 of 631, columns 616 to 692 of 906]
0.008 0.007 0.007 0.006 0.009 0.006 0.006 0.006 0.005 0.005 0.005 0.005 0.005 0.006 0.014 0.026 0.042 0.041 0.042 0.042 0.042 0.041 0.040 0.039 0.038 0.036 0.035 0.033 0.031 0.028 0.024 0.021 0.020 0.019 0.018 0.016 0.022 0.015 0.014 0.013 0.012 0.011 0.010 0.010 0.009 0.009 0.007 0.007 0.007 0.007 0.008 0.011 0.048 0.048 0.057 0.067 0.078 0.088 0.099 0.111 0.123 0.136 0.149 0.133 0.117 0.102 0.088 0.078 0.072 0.079 0.136 0.163 0.190 0.217 0.244 0.271 0.297
0.004 0.004 0.004 0.003 0.005 0.003 0.003 0.003 0.003 0.003 0.002 0.002 0.002 0.003 0.009 0.018 0.032 0.031 0.031 0.031 0.032 0.031 0.030 0.029 0.028 0.027 0.026 0.024 0.023 0.020 0.016 0.014 0.013 0.013 0.012 0.011 0.015 0.010 0.009 0.008 0.007 0.007 0.006 0.006 0.005 0.005 0.004 0.004 0.004 0.004 0.004 0.005 0.033 0.033 0.041 0.050 0.059 0.068 0.078 0.089 0.101 0.113 0.125 0.109 0.094 0.081 0.069 0.061 0.057 0.066 0.125 0.154 0.181 0.209 0.237 0.264 0.291
0.005 0.004 0.004 0.003 0.005 0.003 0.003 0.003 0.003 0.003 0.003 0.003 0.003 0.005 0.015 0.021 0.025 0.031 0.031 0.031 0.031 0.030 0.029 0.029 0.028 0.027 0.025 0.024 0.022 0.020 0.016 0.014 0.014 0.013 0.012 0.011 0.016 0.011 0.010 0.009 0.008 0.007 0.007 0.006 0.006 0.005 0.004 0.004 0.004 0.004 0.004 0.005 0.032 0.031 0.044 0.053 0.061 0.071 0.082 0.094 0.106 0.121 0.117 0.102 0.088 0.077 0.068 0.063 0.061 0.076 0.122 0.154 0.184 0.213 0.242 0.270 0.299
0.004 0.004 0.003 0.003 0.005 0.003 0.003 0.003 0.003 0.002 0.003 0.003 0.005 0.009 0.013 0.016 0.020 0.026 0.029 0.028 0.028 0.027 0.026 0.025 0.024 0.023 0.022 0.021 0.019 0.017 0.013 0.012 0.012 0.011 0.011 0.009 0.014 0.009 0.009 0.008 0.007 0.007 0.006 0.006 0.005 0.004 0.004 0.004 0.003 0.003 0.003 0.004 0.026 0.024 0.044 0.052 0.061 0.071 0.082 0.095 0.110 0.116 0.104 0.091 0.080 0.070 0.064 0.063 0.066 0.085 0.115 0.152 0.185 0.216 0.246 0.276 0.305
0.007 0.006 0.005 0.004 0.006 0.004 0.004 0.004 0.005 0.005 0.005 0.006 0.008 0.012 0.014 0.015 0.020 0.027 0.031 0.035 0.037 0.034 0.032 0.031 0.030 0.029 0.027 0.025 0.023 0.019 0.016 0.016 0.015 0.015 0.014 0.012 0.018 0.012 0.012 0.011 0.010 0.009 0.008 0.008 0.006 0.006 0.005 0.005 0.005 0.004 0.004 0.004 0.030 0.029 0.058 0.092 0.103 0.114 0.128 0.143 0.141 0.130 0.118 0.106 0.096 0.089 0.086 0.088 0.094 0.117 0.116 0.162 0.199 0.232 0.264 0.294 0.293
0.010 0.008 0.006 0.005 0.007 0.005 0.006 0.006 0.006 0.006 0.006 0.008 0.009 0.011 0.012 0.012 0.018 0.024 0.028 0.032 0.040 0.037 0.034 0.033 0.031 0.029 0.028 0.026 0.023 0.018 0.017 0.016 0.016 0.015 0.014 0.012 0.019 0.013 0.012 0.012 0.011 0.010 0.009 0.008 0.006 0.006 0.006 0.005 0.005 0.005 0.005 0.005 0.040 0.040 0.076 0.112 0.139 0.149 0.161 0.165 0.149 0.135 0.122 0.110 0.101 0.096 0.096 0.100 0.106 0.128 0.119 0.159 0.199 0.234 0.267 0.278 0.270
0.018 0.013 0.010 0.008 0.011 0.008 0.007 0.007 0.007 0.007 0.007 0.008 0.010 0.011 0.011 0.010 0.016 0.021 0.026 0.029 0.041 0.037 0.037 0.035 0.033 0.031 0.028 0.026 0.023 0.018 0.018 0.017 0.016 0.016 0.015 0.013 0.020 0.014 0.013 0.013 0.012 0.011 0.010 0.008 0.007 0.007 0.006 0.006 0.006 0.005 0.005 0.007 0.066 0.066 0.104 0.141 0.177 0.193 0.203 0.184 0.165 0.148 0.132 0.120 0.111 0.107 0.107 0.111 0.118 0.140 0.130 0.152 0.197 0.235 0.258 0.253 0.246
0.019 0.020 0.020 0.016 0.013 0.011 0.009 0.008 0.008 0.008 0.008 0.009 0.010 0.010 0.010 0.010 0.014 0.019 0.023 0.026 0.039 0.035 0.039 0.038 0.035 0.032 0.030 0.027 0.022 0.019 0.018 0.018 0.017 0.017 0.016 0.014 0.020 0.014 0.014 0.013 0.013 0.012 0.011 0.009 0.008 0.008 0.007 0.007 0.007 0.007 0.009 0.030 0.102 0.102 0.139 0.175 0.211 0.242 0.231 0.209 0.188 0.168 0.150 0.135 0.125 0.120 0.120 0.123 0.129 0.151 0.139 0.149 0.193 0.232 0.230 0.226 0.221
0.018 0.020 0.024 0.021 0.017 0.014 0.012 0.010 0.009 0.009 0.009 0.009 0.009 0.010 0.009 0.009 0.012 0.017 0.021 0.024 0.037 0.033 0.037 0.040 0.038 0.035 0.031 0.027 0.022 0.020 0.019 0.019 0.018 0.017 0.016 0.014 0.021 0.015 0.015 0.014 0.014 0.014 0.012 0.012 0.012 0.013 0.015 0.017 0.021 0.026 0.038 0.065 0.129 0.129 0.162 0.195 0.228 0.262 0.258 0.235 0.213 0.191 0.172 0.156 0.144 0.137 0.135 0.136 0.141 0.162 0.149 0.158 0.183 0.198 0.199 0.197 0.193
0.018 0.020 0.026 0.023 0.022 0.018 0.015 0.013 0.011 0.010 0.010 0.010 0.010 0.009 0.008 0.008 0.011 0.015 0.019 0.022 0.035 0.031 0.034 0.037 0.040 0.038 0.033 0.028 0.022 0.021 0.020 0.020 0.019 0.018 0.017 0.015 0.023 0.017 0.017 0.017 0.017 0.016 0.015 0.013 0.016 0.018 0.019 0.020 0.020 0.023 0.033 0.058 0.122 0.122 0.154 0.186 0.218 0.258 0.283 0.259 0.236 0.213 0.192 0.174 0.160 0.151 0.146 0.146 0.149 0.170 0.154 0.162 0.164 0.170 0.171 0.168 0.162
0.018 0.020 0.027 0.025 0.024 0.021 0.018 0.016 0.014 0.012 0.011 0.011 0.010 0.009 0.008 0.008 0.010 0.013 0.017 0.020 0.032 0.029 0.032 0.035 0.038 0.040 0.036 0.029 0.024 0.023 0.022 0.021 0.021 0.020 0.020 0.018 0.026 0.020 0.019 0.018 0.018 0.017 0.017 0.013 0.011 0.013 0.015 0.015 0.016 0.018 0.027 0.051 0.113 0.113 0.144 0.176 0.212 0.253 0.293 0.283 0.259 0.236 0.214 0.194 0.178 0.166 0.158 0.156 0.156 0.175 0.157 0.161 0.156 0.157 0.159 0.158 0.154
0.018 0.020 0.027 0.026 0.026 0.023 0.021 0.019 0.017 0.015 0.013 0.012 0.011 0.010 0.007 0.008 0.010 0.012 0.015 0.018 0.030 0.027 0.030 0.033 0.036 0.037 0.038 0.031 0.028 0.027 0.026 0.026 0.025 0.024 0.022 0.020 0.027 0.021 0.020 0.019 0.019 0.019 0.018 0.015 0.010 0.010 0.010 0.011 0.012 0.014 0.021 0.042 0.103 0.103 0.134 0.166 0.206 0.247 0.288 0.307 0.283 0.259 0.236 0.215 0.197 0.182 0.171 0.165 0.163 0.180 0.160 0.155 0.149 0.143 0.148 0.148 0.145
0.017 0.019 0.027 0.028 0.028 0.024 0.022 0.021 0.019 0.018 0.016 0.014 0.012 0.010 0.008 0.008 0.009 0.011 0.014 0.016 0.028 0.025 0.028 0.031 0.033 0.035 0.035 0.033 0.031 0.030 0.029 0.027 0.026 0.025 0.024 0.021 0.029 0.022 0.021 0.020 0.020 0.021 0.020 0.017 0.014 0.008 0.008 0.008 0.009 0.010 0.016 0.034 0.094 0.093 0.124 0.160 0.200 0.241 0.282 0.323 0.306 0.283 0.259 0.237 0.217 0.199 0.186 0.176 0.170 0.185 0.157 0.150 0.143 0.136 0.137 0.138 0.136
0.017 0.019 0.027 0.029 0.029 0.026 0.024 0.023 0.021 0.019 0.018 0.017 0.015 0.012 0.009 0.009 0.009 0.011 0.013 0.014 0.026 0.023 0.026 0.029 0.031 0.033 0.034 0.033 0.031 0.031 0.030 0.029 0.027 0.026 0.025 0.022 0.030 0.023 0.022 0.022 0.022 0.023 0.021 0.019 0.016 0.012 0.007 0.007 0.008 0.009 0.012 0.026 0.083 0.082 0.114 0.154 0.194 0.235 0.276 0.317 0.330 0.306 0.282 0.259 0.238 0.218 0.202 0.189 0.180 0.192 0.154 0.146 0.138 0.130 0.125 0.129 0.128
0.017 0.019 0.027 0.030 0.031 0.028 0.026 0.025 0.023 0.021 0.020 0.018 0.016 0.013 0.010 0.009 0.009 0.010 0.012 0.013 0.024 0.021 0.024 0.027 0.030 0.032 0.033 0.033 0.032 0.031 0.030 0.030 0.029 0.028 0.027 0.024 0.032 0.025 0.024 0.024 0.024 0.025 0.023 0.022 0.019 0.016 0.011 0.007 0.008 0.009 0.011 0.019 0.072 0.071 0.107 0.147 0.188 0.229 0.270 0.310 0.351 0.329 0.305 0.281 0.259 0.238 0.219 0.204 0.191 0.201 0.153 0.143 0.134 0.126 0.118 0.119 0.120
0.018 0.020 0.027 0.032 0.033 0.030 0.029 0.027 0.026 0.024 0.022 0.020 0.018 0.014 0.012 0.012 0.011 0.011 0.012 0.013 0.024 0.021 0.024 0.027 0.029 0.032 0.033 0.034 0.034 0.033 0.032 0.032 0.031 0.030 0.029 0.027 0.035 0.028 0.027 0.027 0.028 0.028 0.027 0.025 0.023 0.020 0.016 0.011 0.010 0.010 0.010 0.015 0.063 0.062 0.100 0.141 0.181 0.222 0.263 0.304 0.345 0.351 0.328 0.304 0.281 0.259 0.238 0.220 0.198 0.206 0.154 0.142 0.131 0.123 0.115 0.110 0.113
0.020 0.022 0.029 0.036 0.037 0.034 0.033 0.031 0.030 0.028 0.026 0.023 0.021 0.020 0.019 0.018 0.017 0.017 0.017 0.017 0.028 0.024 0.027 0.030 0.033 0.035 0.036 0.038 0.038 0.038 0.037 0.036 0.036 0.036 0.035 0.032 0.041 0.033 0.033 0.033 0.035 0.034 0.032 0.031 0.029 0.026 0.023 0.019 0.012 0.010 0.010 0.010 0.056 0.055 0.093 0.134 0.174 0.215 0.256 0.297 0.338 0.374 0.350 0.326 0.303 0.280 0.259 0.234 0.206 0.213 0.158 0.143 0.131 0.122 0.113 0.105 0.106
0.015 0.017 0.023 0.030 0.031 0.028 0.027 0.026 0.024 0.023 0.021 0.018 0.015 0.014 0.013 0.013 0.012 0.012 0.012 0.012 0.020 0.017 0.019 0.022 0.024 0.026 0.027 0.028 0.029 0.029 0.029 0.028 0.028 0.028 0.027 0.025 0.033 0.026 0.026 0.026 0.028 0.027 0.026 0.025 0.023 0.021 0.019 0.016 0.011 0.010 0.010 0.010 0.049 0.048 0.086 0.126 0.166 0.207 0.248 0.289 0.330 0.366 0.342 0.319 0.295 0.272 0.250 0.225 0.195 0.200 0.143 0.126 0.113 0.103 0.095 0.088 0.090
0.014 0.016 0.022 0.029 0.030 0.028 0.026 0.025 0.024 0.022 0.019 0.017 0.016 0.015 0.014 0.013 0.013 0.012 0.012 0.011 0.019 0.016 0.018 0.020 0.022 0.024 0.025 0.027 0.028 0.028 0.028 0.027 0.027 0.027 0.026 0.024 0.033 0.026 0.026 0.026 0.028 0.027 0.026 0.025 0.023 0.022 0.019 0.017 0.013 0.007 0.007 0.006 0.041 0.040 0.077 0.117 0.158 0.199 0.240 0.281 0.321 0.362 0.363 0.339 0.315 0.292 0.268 0.234 0.203 0.206 0.145 0.125 0.109 0.098 0.089 0.082 0.080
0.012 0.014 0.019 0.026 0.028 0.025 0.024 0.023 0.020 0.018 0.016 0.015 0.014 0.013 0.013 0.012 0.011 0.011 0.010 0.010 0.017 0.013 0.015 0.017 0.018 0.020 0.021 0.023 0.024 0.024 0.024 0.024 0.024 0.023 0.023 0.021 0.030 0.023 0.023 0.024 0.026 0.025 0.024 0.023 0.021 0.020 0.018 0.015 0.012 0.008 0.004 0.002 0.030 0.029 0.067 0.108 0.149 0.190 0.231 0.272 0.313 0.354 0.384 0.360 0.336 0.312 0.280 0.245 0.212 0.215 0.150 0.126 0.106 0.092 0.082 0.074 0.068
0.014 0.015 0.020 0.030 0.031 0.028 0.026 0.023 0.022 0.021 0.020 0.019 0.018 0.017 0.016 0.015 0.014 0.014 0.013 0.012 0.020 0.016 0.017 0.019 0.021 0.023 0.024 0.026 0.027 0.028 0.029 0.029 0.028 0.028 0.027 0.025 0.035 0.028 0.028 0.031 0.030 0.029 0.028 0.027 0.025 0.023 0.020 0.016 0.012 0.010 0.007 0.005 0.040 0.041 0.078 0.113 0.148 0.183 0.221 0.263 0.304 0.345 0.386 0.410 0.384 0.349 0.314 0.279 0.245 0.247 0.180 0.151 0.126 0.107 0.092 0.082 0.075
0.013 0.014 0.018 0.029 0.030 0.026 0.023 0.023 0.023 0.022 0.021 0.020 0.019 0.018 0.017 0.016 0.015 0.015 0.014 0.013 0.020 0.016 0.017 0.018 0.020 0.022 0.023 0.025 0.026 0.027 0.028 0.028 0.028 0.028 0.027 0.025 0.035 0.028 0.029 0.031 0.030 0.029 0.027 0.025 0.022 0.018 0.017 0.016 0.014 0.012 0.010 0.011 0.071 0.072 0.110 0.147 0.183 0.218 0.253 0.289 0.323 0.358 0.392 0.426 0.398 0.364 0.329 0.295 0.261 0.262 0.194 0.164 0.136 0.114 0.097 0.084 0.074
0.011 0.012 0.016 0.026 0.027 0.023 0.023 0.023 0.023 0.022 0.022 0.021 0.020 0.019 0.018 0.017 0.016 0.015 0.015 0.013 0.020 0.016 0.017 0.018 0.019 0.021 0.022 0.024 0.025 0.027 0.027 0.028 0.028 0.028 0.027 0.026 0.035 0.028 0.030 0.030 0.028 0.026 0.022 0.021 0.020 0.019 0.018 0.017 0.016 0.016 0.022 0.043 0.112 0.113 0.150 0.186 0.222 0.258 0.293 0.328 0.364 0.398 0.433 0.420 0.391 0.358 0.326 0.293 0.260 0.262 0.197 0.167 0.141 0.118 0.100 0.086 0.076
0.011 0.012 0.013 0.019 0.026 0.021 0.022 0.022 0.022 0.022 0.022 0.021 0.021 0.020 0.019 0.018 0.017 0.016 0.015 0.014 0.020 0.016 0.017 0.017 0.019 0.020 0.022 0.023 0.025 0.026 0.027 0.028 0.028 0.028 0.028 0.026 0.035 0.029 0.029 0.026 0.023 0.023 0.022 0.021 0.021 0.020 0.020 0.022 0.028 0.044 0.064 0.086 0.156 0.157 0.193 0.229 0.264 0.300 0.335 0.371 0.406 0.441 0.438 0.411 0.384 0.352 0.319 0.287 0.254 0.256 0.191 0.161 0.133 0.109 0.090 0.076 0.065
0.011 0.011 0.011 0.016 0.021 0.017 0.018 0.020 0.021 0.021 0.021 0.021 0.021 0.020 0.020 0.019 0.018 0.017 0.016 0.015 0.021 0.016 0.016 0.017 0.018 0.020 0.021 0.022 0.024 0.025 0.026 0.027 0.028 0.029 0.029 0.029 0.038 0.031 0.029 0.029 0.026 0.025 0.024 0.023 0.024 0.026 0.034 0.049 0.069 0.090 0.111 0.133 0.201 0.202 0.238 0.273 0.309 0.344 0.379 0.414 0.450 0.456 0.430 0.403 0.375 0.346 0.313 0.281 0.248 0.249 0.184 0.154 0.126 0.101 0.081 0.066 0.054
0.011 0.009 0.009 0.015 0.021 0.019 0.017 0.016 0.015 0.017 0.018 0.019 0.020 0.020 0.019 0.019 0.019 0.018 0.017 0.015 0.021 0.016 0.017 0.017 0.018 0.019 0.020 0.022 0.023 0.025 0.027 0.028 0.030 0.032 0.033 0.031 0.037 0.029 0.026 0.031 0.033 0.030 0.029 0.032 0.041 0.056 0.076 0.096 0.117 0.138 0.159 0.181 0.247 0.248 0.284 0.319 0.354 0.389 0.424 0.459 0.476 0.449 0.422 0.395 0.367 0.340 0.307 0.275 0.242 0.243 0.178 0.147 0.118 0.092 0.071 0.056 0.044
0.008 0.008 0.009 0.015 0.022 0.020 0.018 0.017 0.016 0.016 0.016 0.014 0.016 0.017 0.018 0.018 0.018 0.018 0.017 0.015 0.022 0.017 0.017 0.017 0.018 0.019 0.021 0.022 0.024 0.027 0.030 0.031 0.032 0.032 0.032 0.031 0.036 0.027 0.025 0.028 0.032 0.043 0.051 0.065 0.084 0.104 0.125 0.145 0.166 0.187 0.208 0.230 0.294 0.295 0.330 0.365 0.400 0.434 0.469 0.496 0.469 0.442 0.414 0.387 0.360 0.332 0.302 0.269 0.237 0.238 0.172 0.141 0.111 0.084 0.062 0.046 0.040
0.008 0.008 0.009 0.013 0.023 0.021 0.019 0.018 0.017 0.016 0.016 0.015 0.015 0.014 0.013 0.014 0.015 0.016 0.016 0.015 0.021 0.017 0.017 0.018 0.019 0.020 0.023 0.025 0.026 0.028 0.029 0.030 0.031 0.031 0.031 0.030 0.035 0.025 0.024 0.026 0.031 0.046 0.081 0.113 0.133 0.153 0.174 0.195 0.215 0.236 0.257 0.279 0.341 0.342 0.377 0.411 0.446 0.481 0.515 0.489 0.462 0.435 0.407 0.380 0.353 0.325 0.297 0.264 0.231 0.232 0.166 0.135 0.104 0.076 0.053 0.041 0.036
0.008 0.008 0.009 0.012 0.023 0.021 0.020 0.018 0.017 0.017 0.016 0.015 0.015 0.014 0.014 0.014 0.013 0.012 0.012 0.012 0.020 0.016 0.018 0.020 0.021 0.022 0.023 0.024 0.026 0.027 0.028 0.029 0.030 0.031 0.030 0.029 0.033 0.023 0.023 0.025 0.031 0.053 0.094 0.139 0.182 0.203 0.224 0.244 0.265 0.286 0.307 0.328 0.389 0.389 0.424 0.458 0.493 0.527 0.510 0.483 0.456 0.428 0.401 0.373 0.346 0.318 0.290 0.259 0.226 0.227 0.161 0.129 0.097 0.069 0.046 0.037 0.032
0.008 0.008 0.009 0.012 0.024 0.022 0.020 0.019 0.018 0.017 0.016 0.016 0.015 0.015 0.014 0.014 0.013 0.013 0.013 0.013 0.015 0.014 0.016 0.018 0.020 0.021 0.022 0.023 0.025 0.026 0.027 0.028 0.029 0.030 0.030 0.028 0.031 0.021 0.022 0.024 0.033 0.065 0.108 0.153 0.199 0.245 0.273 0.294 0.314 0.335 0.356 0.377 0.436 0.437 0.471 0.505 0.539 0.532 0.505 0.477 0.450 0.422 0.394 0.367 0.339 0.311 0.283 0.255 0.222 0.222 0.156 0.123 0.091 0.061 0.045 0.034 0.028
0.008 0.008 0.009 0.011 0.024 0.023 0.021 0.019 0.018 0.017 0.017 0.016 0.015 0.015 0.015 0.014 0.014 0.014 0.016 0.017 0.011 0.012 0.011 0.015 0.017 0.019 0.021 0.022 0.024 0.025 0.026 0.028 0.029 0.029 0.029 0.026 0.031 0.020 0.021 0.024 0.039 0.078 0.122 0.168 0.213 0.259 0.305 0.343 0.364 0.385 0.405 0.426 0.484 0.484 0.518 0.552 0.555 0.527 0.499 0.471 0.444 0.416 0.388 0.360 0.332 0.305 0.277 0.249 0.217 0.217 0.151 0.118 0.085 0.061 0.044 0.032 0.024
0.008 0.008 0.009 0.010 0.025 0.023 0.022 0.020 0.019 0.018 0.017 0.016 0.016 0.016 0.016 0.016 0.016 0.019 0.018 0.014 0.009 0.012 0.011 0.010 0.014 0.017 0.019 0.021 0.023 0.024 0.026 0.027 0.028 0.028 0.028 0.025 0.031 0.021 0.021 0.026 0.049 0.091 0.137 0.182 0.228 0.273 0.319 0.365 0.410 0.434 0.455 0.476 0.532 0.532 0.566 0.578 0.550 0.522 0.494 0.466 0.438 0.410 0.382 0.354 0.326 0.298 0.270 0.242 0.213 0.213 0.146 0.113 0.083 0.063 0.045 0.030 0.021
0.009 0.009 0.009 0.010 0.027 0.025 0.024 0.022 0.021 0.020 0.019 0.018 0.018 0.018 0.018 0.020 0.023 0.020 0.016 0.012 0.008 0.012 0.011 0.010 0.010 0.013 0.016 0.019 0.021 0.023 0.025 0.027 0.028 0.028 0.027 0.024 0.032 0.021 0.023 0.030 0.061 0.106 0.151 0.197 0.242 0.288 0.333 0.379 0.425 0.470 0.505 0.525 0.579 0.580 0.601 0.573 0.545 0.517 0.489 0.461 0.433 0.405 0.376 0.348 0.320 0.292 0.264 0.236 0.208 0.208 0.142 0.108 0.086 0.066 0.047 0.030 0.019
0.015 0.015 0.015 0.016 0.039 0.037 0.035 0.034 0.032 0.031 0.031 0.031 0.031 0.031 0.033 0.035 0.027 0.022 0.018 0.015 0.011 0.016 0.016 0.015 0.014 0.013 0.014 0.018 0.021 0.024 0.026 0.027 0.028 0.029 0.028 0.024 0.034 0.024 0.026 0.038 0.075 0.120 0.165 0.211 0.257 0.302 0.348 0.393 0.439 0.485 0.530 0.575 0.625 0.625 0.597 0.568 0.540 0.512 0.484 0.455 0.427 0.399 0.371 0.343 0.314 0.286 0.258 0.230 0.201 0.202 0.138 0.111 0.091 0.070 0.050 0.031 0.019
