includes/camargue/floodfiles/results_R2_t1.562345283857E12/res-0009.wd
ncols         906
nrows         631
xllcorner     362177.146667
yllcorner     6534725.688020
cellsize      20.000000
NODATA_value  -9999.000000
[rows 374 to 407 of 631, columns 0 to 76 of 906]
2.842 2.464 2.227 1.991 1.754 1.518 1.281 0.721 0.721 0.000 0.000 0.115 0.000 0.000 0.000 0.000 0.000 0.000 0.000 0.000 0.000 0.121 0.141 0.000 0.000 0.000 0.000 0.000 0.000 0.000 0.000 0.000 0.000 0.000 0.000 0.000 0.000 0.000 0.000 0.000 0.000 0.000 0.000 0.000 0.000 0.000 0.000 0.000 0.000 0.000 0.000 0.000 0.000 0.000 0.000 0.000 0.000 0.000 0.000 0.000 0.000 0.000 0.000 0.000 0.000 0.000 0.000 0.000 0.000 0.000 0.000 0.000 0.000 0.000 0.000 0.000 0.000
3.737 3.139 2.902 2.666 2.429 2.193 1.804 1.060 1.060 0.000 0.000 0.000 0.000 0.000 0.000 0.000 0.000 0.000 0.000 0.000 0.000 0.000 0.461 0.000 0.000 0.000 0.000 0.000 0.000 0.000 0.000 0.000 0.000 0.000 0.000 0.000 0.000 0.000 0.000 0.000 0.000 0.000 0.000 0.000 0.000 0.000 0.000 0.000 0.000 0.000 0.000 0.000 0.000 0.000 0.000 0.000 0.000 0.000 0.000 0.000 0.000 0.000 0.000 0.000 0.000 0.000 0.000 0.000 0.000 0.000 0.000 0.000 0.000 0.000 0.000 0.000 0.000
4.633 4.023 3.577 3.341 3.104 2.868 2.143 1.398 1.398 0.009 0.000 0.000 0.000 0.000 0.000 0.000 0.000 0.000 0.000 0.000 0.000 0.000 0.000 0.000 0.000 0.000 0.000 0.000 0.000 0.000 0.000 0.000 0.000 0.000 0.000 0.000 0.000 0.000 0.000 0.000 0.000 0.014 0.000 0.000 0.000 0.000 0.000 0.000 0.000 0.000 0.000 0.000 0.000 0.000 0.000 0.000 0.000 0.000 0.000 0.000 0.000 0.000 0.000 0.000 0.000 0.000 0.000 0.000 0.000 0.000 0.000 0.000 0.000 0.000 0.000 0.000 0.000
5.528 4.919 4.309 4.016 3.779 3.226 2.481 1.737 1.737 0.000 0.000 0.000 0.000 0.000 0.000 0.000 0.000 0.000 0.000 0.000 0.000 0.000 0.000 0.141 0.141 0.000 0.000 0.000 0.000 0.000 0.000 0.000 0.000 0.000 0.000 0.000 0.000 0.000 0.000 0.034 0.034 0.304 0.000 0.000 0.000 0.000 0.000 0.000 0.000 0.000 0.000 0.000 0.000 0.000 0.000 0.000 0.000 0.000 0.000 0.000 0.000 0.000 0.000 0.000 0.000 0.000 0.000 0.000 0.000 0.000 0.000 0.000 0.000 0.000 0.000 0.000 0.000
6.424 5.814 5.205 4.691 4.309 3.564 2.820 2.075 2.075 0.586 0.000 0.000 0.022 0.002 0.023 0.000 0.000 0.000 0.000 0.000 0.000 0.000 0.000 0.101 0.101 0.000 0.000 0.000 0.000 0.000 0.000 0.000 0.000 0.000 0.000 0.000 0.000 0.000 0.000 0.264 0.264 0.434 0.234 0.000 0.594 0.000 0.000 0.000 0.000 0.000 0.000 0.000 0.000 0.000 0.000 0.000 0.000 0.000 0.000 0.000 0.000 0.000 0.000 0.000 0.000 0.000 0.000 0.000 0.000 0.000 0.000 0.000 0.000 0.000 0.000 0.000 0.000
6.424 5.814 5.205 4.691 4.309 3.565 2.820 2.075 2.075 0.586 0.000 0.000 0.022 0.001 0.023 0.000 0.000 0.000 0.000 0.000 0.000 0.000 0.000 0.101 0.101 0.000 0.000 0.000 0.000 0.000 0.000 0.000 0.000 0.000 0.000 0.000 0.000 0.000 0.000 0.264 0.264 0.434 0.234 0.000 0.594 0.000 0.000 0.000 0.000 0.000 0.000 0.000 0.000 0.000 0.000 0.000 0.000 0.000 0.000 0.000 0.000 0.000 0.000 0.000 0.000 0.000 0.000 0.000 0.000 0.000 0.000 0.000 0.000 0.000 0.000 0.000 0.000
6.948 6.394 5.840 5.285 4.734 3.955 3.176 2.414 2.414 0.924 0.180 0.000 0.000 0.004 0.000 0.000 0.000 0.000 0.000 0.000 0.000 0.000 0.000 0.000 0.000 0.000 0.000 0.000 0.000 0.000 0.000 0.000 0.000 0.000 0.000 0.000 0.000 0.031 0.042 0.009 0.012 0.000 0.524 0.514 0.704 0.000 0.000 0.000 0.000 0.000 0.000 0.000 0.000 0.000 0.000 0.000 0.000 0.000 0.000 0.000 0.000 0.000 0.000 0.000 0.000 0.000 0.000 0.000 0.000 0.000 0.000 0.000 0.000 0.000 0.000 0.000 0.000
6.981 6.426 5.872 5.663 5.578 4.799 4.020 3.241 3.241 1.683 0.904 0.126 0.000 0.000 0.000 0.000 0.000 0.000 0.000 0.000 0.000 0.000 0.000 0.000 0.000 0.000 0.000 0.000 0.000 0.000 0.000 0.000 0.000 0.000 0.000 0.000 0.000 0.018 0.000 0.000 0.000 0.000 0.000 0.384 0.124 0.154 0.000 0.000 0.000 0.000 0.000 0.000 0.000 0.000 0.000 0.000 0.000 0.000 0.000 0.000 0.000 0.000 0.000 0.000 0.000 0.000 0.000 0.000 0.000 0.000 0.000 0.000 0.000 0.000 0.000 0.000 0.000
7.045 6.491 6.478 6.472 6.467 6.462 5.706 4.927 4.927 3.369 2.591 1.812 1.013 0.207 0.000 0.000 0.000 0.000 0.000 0.000 0.000 0.000 0.000 0.000 0.000 0.000 0.000 0.000 0.000 0.000 0.000 0.000 0.000 0.000 0.000 0.000 0.000 0.084 0.000 0.000 0.000 0.000 0.000 0.000 0.304 0.000 0.000 0.651 0.000 0.000 0.000 0.000 0.000 0.000 0.000 0.000 0.000 0.000 0.000 0.000 0.000 0.000 0.000 0.000 0.000 0.000 0.000 0.000 0.147 0.000 0.000 0.000 0.000 0.000 0.000 0.000 0.000
7.077 6.887 6.882 6.877 6.872 6.867 6.550 5.771 5.771 4.213 3.434 2.644 1.838 1.031 0.225 0.000 0.000 0.000 0.000 0.000 0.000 0.000 0.000 0.000 0.000 0.000 0.000 0.000 0.000 0.000 0.000 0.000 0.000 0.000 0.000 0.289 0.000 0.001 0.000 0.000 0.000 0.000 0.000 0.000 0.000 0.373 0.000 0.091 0.521 0.003 0.000 0.000 0.000 0.000 0.000 0.000 0.000 0.000 0.000 0.000 0.000 0.000 0.000 0.000 0.000 0.000 0.000 0.000 0.187 0.257 0.000 0.000 0.000 0.000 0.000 0.000 0.000
7.297 7.292 7.287 7.282 7.277 7.271 7.266 6.614 6.614 5.056 4.276 3.469 2.663 1.856 1.049 0.243 0.000 0.000 0.000 0.000 0.000 0.000 0.000 0.000 0.000 0.000 0.000 0.000 0.000 0.000 0.000 0.000 0.000 0.000 0.000 0.139 0.000 0.000 0.000 0.000 0.000 0.000 0.000 0.000 0.000 0.000 0.000 0.211 0.000 0.694 0.000 0.000 0.000 0.000 0.000 0.000 0.000 0.000 0.000 0.000 0.000 0.000 0.000 0.000 0.000 0.000 0.000 0.000 0.357 0.257 0.247 0.000 0.000 0.000 0.000 0.000 0.000
7.702 7.697 7.691 7.686 7.681 7.676 7.671 7.458 7.458 5.900 5.101 4.294 3.487 2.681 1.874 1.068 0.261 0.000 0.000 0.000 0.000 0.000 0.000 0.000 0.000 0.000 0.000 0.000 0.000 0.000 0.000 0.000 0.000 0.000 0.219 0.008 0.405 0.075 0.066 0.013 0.018 0.000 0.000 0.000 0.000 0.000 0.000 0.541 0.211 0.000 0.000 0.000 0.000 0.000 0.000 0.000 0.000 0.000 0.000 0.000 0.000 0.000 0.000 0.000 0.000 0.003 0.000 0.000 0.097 0.397 0.000 0.000 0.000 0.000 0.000 0.000 0.000
8.106 8.101 8.096 8.091 8.086 8.081 8.076 8.071 8.071 6.732 5.925 5.119 4.312 3.506 2.699 1.893 1.086 0.375 0.002 0.000 0.000 0.000 0.000 0.000 0.000 0.000 0.000 0.000 0.000 0.000 0.000 0.000 0.000 0.000 0.109 0.000 0.000 0.000 0.000 0.090 0.090 0.550 0.710 0.000 0.000 0.000 0.000 0.531 0.661 0.271 0.000 0.000 0.000 0.000 0.000 0.000 0.000 0.000 0.000 0.000 0.000 0.000 0.000 0.000 0.000 0.000 0.000 0.000 0.027 0.000 0.000 0.000 0.000 0.000 0.000 0.000 0.000
7.976 8.044 8.112 8.180 8.250 8.318 8.386 8.454 8.454 7.557 6.750 5.944 5.137 4.331 3.524 2.717 1.911 1.104 0.520 0.002 0.000 0.000 0.000 0.000 0.000 0.000 0.000 0.000 0.000 0.000 0.000 0.000 0.000 0.000 0.000 0.000 0.000 0.000 0.000 0.320 0.320 0.370 0.660 0.530 0.260 0.300 0.000 0.000 0.801 0.641 0.301 0.191 0.000 0.000 0.000 0.000 0.000 0.000 0.000 0.000 0.000 0.000 0.000 0.000 0.000 0.000 0.000 0.000 0.000 0.000 0.000 0.000 0.000 0.000 0.000 0.000 0.000
7.342 7.411 7.479 7.547 7.616 7.684 7.752 7.821 7.821 7.964 7.198 6.433 5.668 4.903 4.138 3.372 2.607 1.842 1.108 0.331 0.000 0.000 0.000 0.000 0.000 0.000 0.000 0.000 0.000 0.000 0.000 0.000 0.000 0.000 0.000 0.000 0.000 0.000 0.000 0.270 0.270 0.030 0.000 0.000 0.000 0.000 0.001 0.000 0.691 0.321 0.181 0.341 0.191 0.000 0.000 0.000 0.000 0.000 0.000 0.000 0.000 0.000 0.000 0.000 0.000 0.000 0.000 0.122 0.000 0.000 0.000 0.000 0.000 0.000 0.000 0.043 0.000
6.709 6.777 6.846 6.914 6.982 7.050 7.119 7.366 7.366 8.294 7.538 6.773 6.008 5.243 4.478 3.712 2.947 2.195 1.658 0.976 0.193 0.000 0.000 0.000 0.000 0.000 0.000 0.000 0.000 0.000 0.000 0.000 0.000 0.000 0.000 0.000 0.000 0.000 0.000 0.320 0.320 0.000 0.000 0.000 0.000 0.000 0.000 0.000 0.000 0.000 0.013 0.181 0.101 0.031 0.000 0.000 0.000 0.000 0.000 0.000 0.000 0.000 0.226 0.416 0.003 0.158 0.268 0.000 0.544 0.000 0.000 0.000 0.002 0.000 0.103 0.000 0.000
6.037 6.144 6.212 6.280 6.349 6.417 6.539 7.003 7.003 7.931 7.879 7.113 6.348 5.583 4.818 4.053 3.287 2.692 2.155 1.618 0.843 0.062 0.000 0.000 0.000 0.000 0.000 0.000 0.000 0.000 0.000 0.000 0.000 0.000 0.000 0.000 0.000 0.000 0.000 0.000 0.000 0.000 0.000 0.000 0.029 0.169 0.000 0.209 0.000 0.000 0.062 0.000 0.000 0.000 0.043 0.002 0.000 0.233 0.243 0.000 0.000 0.000 0.000 0.000 0.000 0.000 0.068 0.001 0.294 0.000 0.000 0.000 0.000 0.000 0.000 0.013 0.111
5.267 5.510 5.578 5.647 5.715 5.783 6.177 6.641 6.641 7.569 8.032 7.454 6.688 5.923 5.158 4.393 3.727 3.190 2.652 2.115 1.493 0.710 0.004 0.000 0.000 0.000 0.000 0.000 0.000 0.000 0.000 0.000 0.000 0.000 0.000 0.000 0.000 0.000 0.000 0.000 0.000 0.000 0.000 0.079 0.089 0.159 0.139 0.169 0.000 0.621 0.651 0.311 0.551 0.061 0.000 0.000 0.000 0.000 0.000 0.101 0.061 0.000 0.012 0.000 0.000 0.004 0.002 0.000 0.000 0.000 0.000 0.000 0.000 0.000 0.000 0.000 0.351
4.498 4.803 4.945 5.013 5.082 5.351 5.815 6.278 6.279 7.206 7.670 7.793 7.029 6.263 5.498 4.762 4.224 3.687 3.150 2.612 2.075 1.361 0.577 0.001 0.002 0.000 0.000 0.000 0.000 0.000 0.000 0.000 0.000 0.000 0.000 0.000 0.000 0.000 0.000 0.000 0.000 0.000 0.139 0.249 0.109 0.019 0.239 0.059 0.000 0.001 0.841 0.461 0.421 0.241 0.401 0.281 0.281 0.301 0.271 0.401 0.281 0.321 0.051 0.261 0.221 0.181 0.221 0.000 0.000 0.000 0.000 0.084 0.174 0.174 0.001 0.091 0.561
3.729 4.033 4.311 4.380 4.524 4.988 5.452 5.916 5.916 6.844 7.308 7.772 7.369 6.604 5.838 5.259 4.722 4.185 3.647 3.110 2.573 2.011 1.228 0.445 0.446 0.000 0.000 0.000 0.000 0.000 0.000 0.000 0.000 0.000 0.000 0.000 0.000 0.000 0.000 0.000 0.000 0.010 0.259 0.149 0.259 0.279 0.000 0.239 0.036 0.023 0.221 0.501 0.821 0.751 0.491 0.321 0.321 0.751 0.561 0.541 0.621 0.521 0.481 0.511 0.271 0.371 0.561 0.121 0.281 0.000 0.000 0.001 0.000 0.000 0.005 0.421 0.751
2.960 3.264 3.569 3.746 4.162 4.626 5.090 5.554 5.554 6.481 6.945 7.409 7.709 6.944 6.294 5.757 5.219 4.682 4.145 3.607 3.070 2.533 1.879 1.096 1.096 0.005 0.000 0.000 0.000 0.000 0.000 0.000 0.002 0.000 0.000 0.000 0.000 0.000 0.000 0.000 0.000 0.050 0.000 0.249 0.119 0.369 0.199 0.149 0.004 0.044 0.741 0.971 1.081 1.121 0.631 0.561 0.561 0.371 0.661 0.561 0.641 0.641 0.611 0.591 0.611 0.821 0.721 0.331 0.571 0.651 0.311 0.051 0.131 0.131 0.031 0.491 0.751
2.960 3.264 3.569 3.746 4.162 4.626 5.090 5.554 5.554 6.481 6.945 7.409 7.709 6.944 6.294 5.757 5.219 4.682 4.145 3.607 3.070 2.533 1.879 1.096 1.096 0.004 0.000 0.000 0.000 0.000 0.000 0.000 0.000 0.000 0.000 0.000 0.000 0.000 0.000 0.000 0.000 0.050 0.000 0.249 0.119 0.369 0.199 0.149 0.004 0.043 0.741 0.971 1.081 1.121 0.631 0.561 0.561 0.371 0.661 0.561 0.641 0.641 0.611 0.591 0.611 0.821 0.721 0.331 0.571 0.651 0.311 0.051 0.131 0.131 0.031 0.491 0.751
2.548 2.823 3.097 3.349 3.804 4.267 4.730 5.193 5.193 6.119 6.583 7.047 7.511 7.329 6.791 6.254 5.717 5.179 4.642 4.105 3.568 3.031 2.494 1.747 1.747 0.841 0.450 0.061 0.000 0.000 0.000 0.000 0.000 0.000 0.000 0.000 0.000 0.000 0.000 0.000 0.000 0.070 0.199 0.249 0.029 0.000 0.003 0.069 0.000 0.005 0.441 0.951 1.081 1.031 0.761 0.891 0.891 0.691 0.761 0.841 0.721 0.831 0.811 0.771 0.841 0.831 0.991 0.651 0.631 0.631 0.901 0.511 0.571 0.571 0.761 0.761 0.921
2.356 2.630 2.897 3.130 3.452 3.915 4.378 4.841 4.841 5.767 6.230 6.693 7.156 7.397 6.895 6.394 5.892 5.390 4.889 4.387 3.886 3.384 2.883 2.539 2.539 1.767 1.382 0.992 0.600 0.209 0.001 0.000 0.000 0.000 0.000 0.000 0.000 0.000 0.000 0.000 0.000 0.000 0.000 0.003 0.000 0.000 0.145 0.000 0.000 0.000 0.002 0.651 1.201 1.131 0.811 1.001 1.001 1.161 1.061 0.621 0.811 0.961 0.831 0.881 0.631 0.731 0.931 0.711 1.511 1.051 0.901 0.731 0.791 0.791 0.881 0.911 1.151
1.971 2.226 2.459 2.693 2.926 3.212 3.675 4.138 4.138 5.064 5.527 5.893 6.130 6.366 6.603 6.140 5.638 5.137 4.635 4.134 3.632 3.131 3.195 3.476 3.476 3.322 2.936 2.550 2.164 1.778 1.392 1.005 0.619 0.254 0.004 0.000 0.000 0.000 0.000 0.000 0.000 0.000 0.000 0.059 0.039 0.000 0.000 0.344 0.054 0.000 0.000 0.000 1.261 1.231 1.161 0.941 0.941 1.361 0.871 0.981 0.981 0.961 0.921 0.701 0.871 0.871 0.971 0.961 0.691 0.861 1.001 1.091 0.881 0.881 1.251 1.221 1.081
1.774 2.007 2.240 2.474 2.707 2.940 3.323 3.786 3.786 4.712 5.136 5.372 5.609 5.845 6.081 6.013 5.512 5.010 4.509 4.007 3.506 3.303 3.584 3.866 3.866 4.099 3.713 3.327 2.941 2.555 2.169 1.783 1.424 1.066 0.707 0.027 0.000 0.000 0.000 0.000 0.000 0.000 0.000 0.000 0.070 0.060 0.150 0.000 0.000 0.000 0.000 0.061 1.261 1.311 1.211 1.041 1.041 1.011 0.921 0.901 0.911 0.911 1.041 1.081 0.891 1.031 0.991 1.131 0.611 0.951 1.161 0.871 1.131 1.131 1.051 1.111 1.181
1.555 1.788 2.022 2.255 2.488 2.721 2.971 3.434 3.434 4.361 4.614 4.851 5.087 5.324 5.560 5.797 5.385 4.884 4.382 3.881 3.411 3.693 3.974 4.256 4.256 4.818 4.490 4.104 3.718 3.332 2.952 2.594 2.236 1.877 1.519 0.793 0.036 0.000 0.000 0.000 0.000 0.000 0.000 0.000 0.000 0.110 0.000 0.000 0.052 0.000 0.000 0.000 0.741 1.341 1.351 1.331 1.331 1.021 1.211 1.091 1.201 1.151 1.011 0.761 0.941 1.151 0.841 1.031 0.391 0.901 0.991 0.911 1.131 1.131 1.251 1.221 1.331
1.336 1.569 1.803 2.036 2.269 2.502 2.735 3.083 3.083 3.857 4.093 4.329 4.566 4.802 5.039 5.275 5.258 4.757 4.255 3.754 3.801 4.083 4.364 4.645 4.646 5.208 5.268 4.882 4.495 4.122 3.764 3.406 3.047 2.689 2.331 1.574 0.808 0.047 0.000 0.000 0.000 0.000 0.000 0.000 0.000 0.000 0.241 0.000 0.032 0.052 0.000 0.111 0.641 1.371 1.401 1.351 1.351 1.301 0.951 1.161 1.171 1.231 1.021 1.171 1.071 1.121 1.191 0.931 0.771 1.241 1.191 0.951 0.621 0.621 0.941 1.031 1.311
1.117 1.351 1.584 1.817 2.050 2.283 2.516 2.749 2.750 3.335 3.572 3.808 4.045 4.281 4.517 4.754 4.990 4.630 4.129 3.909 4.191 4.472 4.754 5.035 5.035 5.598 5.879 5.659 5.293 4.934 4.576 4.218 3.859 3.501 3.122 2.356 1.589 0.823 0.060 0.000 0.000 0.000 0.000 0.000 0.000 0.000 0.000 0.192 0.012 0.022 0.000 0.000 0.271 1.471 1.211 1.321 1.321 1.131 1.121 1.081 1.111 1.171 1.151 1.171 0.961 1.171 0.991 1.071 1.081 1.031 1.151 1.091 0.671 0.671 1.041 1.191 1.401
0.997 1.227 1.457 1.686 1.916 2.145 2.375 2.570 2.570 2.822 3.054 3.287 3.523 3.760 3.996 4.233 4.469 4.504 4.018 4.299 4.581 4.862 5.143 5.425 5.425 5.885 6.075 6.268 6.104 5.746 5.388 5.029 4.671 4.313 3.903 3.137 2.371 1.604 0.838 0.075 0.075 0.000 0.000 0.000 0.000 0.000 0.000 0.000 0.000 0.000 0.000 0.000 0.000 1.531 1.531 1.351 1.351 1.151 1.091 1.171 1.271 1.011 1.291 1.031 0.911 1.081 1.271 0.931 1.011 1.141 1.981 2.351 1.221 1.221 1.201 0.851 1.321
0.894 1.124 1.354 1.584 1.813 2.043 2.272 2.244 2.244 2.326 2.558 2.790 3.023 3.255 3.487 3.720 3.952 4.185 4.371 4.561 4.752 4.942 5.132 5.322 5.322 5.703 5.893 6.088 6.285 6.482 6.199 5.841 5.483 5.124 4.684 3.918 3.152 2.386 1.619 0.844 0.844 0.000 0.000 0.000 0.000 0.000 0.000 0.000 0.000 0.000 0.000 0.000 0.000 1.441 1.441 1.431 1.431 1.161 1.121 1.021 1.011 1.021 1.191 1.071 1.081 1.911 0.581 0.461 0.541 0.371 0.461 0.321 0.851 0.851 1.171 1.031 1.271
0.792 1.022 1.252 1.481 1.711 1.941 2.040 1.918 1.918 1.829 2.062 2.294 2.526 2.759 2.991 3.224 3.458 3.748 4.102 4.380 4.570 4.760 4.950 5.140 5.140 5.520 5.711 5.907 6.104 6.302 6.499 6.653 6.295 5.936 5.466 4.699 3.933 3.153 2.329 1.506 1.506 0.002 0.000 0.000 0.000 0.000 0.000 0.000 0.000 0.000 0.000 0.000 0.000 0.951 1.391 1.481 1.481 1.291 1.661 0.911 1.551 0.521 0.241 0.331 0.391 0.771 0.731 0.871 1.031 0.511 0.301 0.411 0.731 0.731 0.661 0.401 1.411
0.922 0.919 1.149 1.379 1.609 1.837 1.714 1.592 1.592 1.347 1.565 1.798 2.030 2.263 2.495 2.753 3.042 3.331 3.692 4.064 4.388 4.578 4.768 4.958 4.958 5.338 5.530 5.727 5.924 6.121 6.318 6.515 6.712 6.748 6.247 5.462 4.638 3.814 2.991 2.167 2.167 0.521 0.000 0.000 0.000 0.000 0.000 0.000 0.000 0.000 0.000 0.000 0.000 0.091 1.731 0.681 0.681 0.000 0.851 0.671 0.591 0.541 0.751 1.411 0.881 0.861 0.801 0.411 1.021 1.111 0.831 0.921 0.701 0.701 0.861 0.911 1.081
1.113 0.914 1.047 1.276 1.506 1.511 1.388 1.266 1.266 1.021 1.069 1.301 1.534 1.766 2.047 2.336 2.625 2.914 3.282 3.654 4.025 4.396 4.586 4.776 4.776 5.156 5.349 5.546 5.743 5.940 6.138 6.335 6.532 6.701 6.737 6.123 5.300 4.476 3.653 2.829 2.829 1.182 0.435 0.019 0.000 0.000 0.000 0.000 0.000 0.000 0.000 0.000 0.000 0.000 1.371 1.481 1.481 1.321 1.261 0.441 0.651 0.991 0.641 0.271 1.471 1.301 0.331 0.371 0.631 0.971 1.031 1.011 1.421 1.421 0.751 0.811 0.921
