includes/camargue/floodfiles/results_R2_t1.562345283857E12/res.max
ncols         906
nrows         631
xllcorner     362177.146667
yllcorner     6534725.688020
cellsize      20.000000
NODATA_value  -9999.000000
[rows 476 to 509 of 631, columns 770 to 846 of 906]
9.162 9.274 9.386 9.499 9.611 9.728 9.942 10.155 10.369 10.582 10.796 11.223 11.223 11.436 11.650 11.863 12.077 12.247 12.410 12.616 12.822 13.005 13.186 13.366 13.547 13.728 13.909 14.271 14.271 14.452 14.633 14.766 14.814 14.862 14.909 14.957 15.010 15.116 15.223 15.329 15.435 15.541 15.647 15.754 15.754 15.932 16.011 16.090 16.168 16.247 16.326 16.404 16.483 16.562 16.646 16.737 16.828 16.869 16.887 16.905 16.905 16.940 16.958 16.976 16.993 17.011 17.029 17.047 17.084 17.136 17.143 17.150 17.156 17.163 17.169 17.176 17.176
9.256 9.368 9.480 9.592 9.704 9.846 10.060 10.273 10.487 10.700 10.914 11.341 11.341 11.554 11.768 11.981 12.195 12.408 12.606 12.787 12.968 13.149 13.329 13.510 13.691 13.872 14.053 14.414 14.414 14.595 14.776 14.880 14.927 14.975 15.023 15.071 15.118 15.168 15.274 15.380 15.487 15.593 15.699 15.805 15.805 15.976 16.056 16.135 16.213 16.292 16.371 16.450 16.528 16.607 16.686 16.772 16.855 16.873 16.890 16.908 16.908 16.944 16.961 16.979 16.997 17.015 17.032 17.050 17.068 17.078 17.084 17.091 17.097 17.104 17.110 17.117 17.117
9.448 9.556 9.667 9.779 9.892 10.082 10.296 10.509 10.723 10.936 11.150 11.580 11.580 11.798 12.016 12.233 12.451 12.669 12.866 13.063 13.255 13.436 13.617 13.798 13.979 14.160 14.340 14.702 14.702 14.883 15.061 15.109 15.157 15.204 15.252 15.300 15.347 15.395 15.443 15.491 15.592 15.698 15.805 15.909 15.909 16.067 16.145 16.224 16.303 16.382 16.460 16.539 16.618 16.683 16.737 16.792 16.825 16.840 16.855 16.869 16.869 16.897 16.912 16.926 16.940 16.955 16.969 16.983 16.984 16.984 16.989 16.995 17.001 17.007 17.013 17.018 17.018
9.546 9.653 9.761 9.873 9.987 10.200 10.414 10.627 10.841 11.057 11.275 11.711 11.711 11.929 12.147 12.365 12.583 12.796 12.992 13.189 13.385 13.580 13.761 13.942 14.122 14.303 14.484 14.845 14.845 15.026 15.175 15.222 15.270 15.318 15.366 15.413 15.461 15.509 15.557 15.605 15.653 15.751 15.857 15.954 15.954 16.112 16.191 16.269 16.348 16.424 16.479 16.533 16.588 16.642 16.697 16.750 16.778 16.805 16.819 16.833 16.833 16.862 16.876 16.891 16.905 16.919 16.933 16.940 16.940 16.940 16.943 16.949 16.955 16.960 16.966 16.971 16.971
9.643 9.751 9.859 9.967 10.105 10.318 10.534 10.752 10.970 11.188 11.406 11.842 11.842 12.060 12.278 12.496 12.714 12.922 13.118 13.315 13.512 13.708 13.904 14.085 14.266 14.447 14.628 14.989 14.989 15.170 15.289 15.337 15.385 15.432 15.480 15.528 15.576 15.623 15.671 15.719 15.766 15.814 15.909 15.999 15.999 16.156 16.219 16.274 16.328 16.383 16.437 16.492 16.546 16.601 16.655 16.702 16.730 16.758 16.783 16.797 16.797 16.826 16.840 16.854 16.868 16.883 16.896 16.896 16.896 16.897 16.897 16.903 16.909 16.914 16.920 16.925 16.925
9.741 9.849 9.956 10.076 10.231 10.448 10.666 10.883 11.101 11.319 11.537 11.973 11.973 12.191 12.409 12.627 12.845 13.048 13.245 13.441 13.638 13.834 14.031 14.228 14.410 14.591 14.772 15.133 15.133 15.314 15.404 15.451 15.499 15.547 15.595 15.642 15.690 15.738 15.785 15.833 15.881 15.929 15.970 16.015 16.015 16.124 16.179 16.233 16.288 16.342 16.397 16.451 16.506 16.560 16.615 16.655 16.683 16.711 16.739 16.762 16.762 16.790 16.804 16.819 16.833 16.847 16.851 16.852 16.852 16.852 16.852 16.856 16.862 16.867 16.873 16.878 16.878
9.860 9.979 10.099 10.219 10.393 10.581 10.797 11.015 11.232 11.450 11.668 12.104 12.104 12.322 12.540 12.758 12.976 13.174 13.371 13.567 13.764 13.961 14.157 14.354 14.550 14.734 14.915 15.277 15.277 15.457 15.517 15.565 15.613 15.660 15.708 15.756 15.804 15.851 15.899 15.946 15.943 15.941 15.941 15.979 15.979 16.083 16.137 16.192 16.246 16.301 16.355 16.410 16.464 16.519 16.573 16.607 16.635 16.663 16.691 16.719 16.720 16.755 16.769 16.783 16.798 16.808 16.808 16.808 16.808 16.808 16.808 16.810 16.816 16.821 16.827 16.833 16.833
10.002 10.122 10.241 10.366 10.555 10.743 10.932 11.146 11.363 11.581 11.799 12.235 12.235 12.453 12.671 12.889 13.104 13.300 13.497 13.694 13.890 14.087 14.283 14.480 14.677 14.873 15.059 15.421 15.421 15.584 15.632 15.679 15.727 15.775 15.823 15.870 15.918 15.919 15.917 15.914 15.912 15.909 15.918 15.957 15.957 16.042 16.097 16.151 16.206 16.260 16.315 16.369 16.424 16.478 16.532 16.561 16.589 16.617 16.645 16.673 16.673 16.718 16.733 16.747 16.761 16.763 16.763 16.763 16.764 16.764 16.764 16.764 16.769 16.774 16.781 16.787 16.787
10.144 10.264 10.384 10.528 10.717 10.905 11.094 11.282 11.495 11.712 11.930 12.366 12.366 12.584 12.802 13.020 13.230 13.427 13.623 13.820 14.016 14.213 14.410 14.607 14.803 15.000 15.197 15.565 15.564 15.698 15.745 15.793 15.841 15.888 15.895 15.892 15.890 15.887 15.886 15.883 15.880 15.878 15.896 15.934 15.934 16.010 16.056 16.110 16.164 16.219 16.273 16.328 16.383 16.438 16.486 16.514 16.542 16.570 16.598 16.626 16.626 16.682 16.697 16.711 16.719 16.719 16.720 16.720 16.720 16.720 16.720 16.720 16.723 16.729 16.734 16.740 16.740
10.287 10.407 10.526 10.690 10.878 11.067 11.255 11.444 11.632 11.844 12.062 12.497 12.497 12.715 12.933 13.151 13.356 13.553 13.749 13.946 14.143 14.339 14.536 14.732 14.929 15.125 15.322 15.708 15.708 15.812 15.860 15.871 15.868 15.866 15.863 15.861 15.858 15.856 15.853 15.851 15.848 15.846 15.872 15.910 15.910 15.987 16.025 16.069 16.124 16.178 16.233 16.287 16.342 16.396 16.438 16.466 16.494 16.522 16.550 16.578 16.578 16.634 16.661 16.674 16.675 16.675 16.675 16.676 16.676 16.676 16.677 16.677 16.677 16.683 16.688 16.694 16.694
10.429 10.549 10.669 10.852 11.040 11.229 11.417 11.606 11.794 11.983 12.193 12.629 12.628 12.846 13.064 13.282 13.482 13.679 13.876 14.072 14.269 14.465 14.662 14.859 15.055 15.252 15.449 15.824 15.824 15.844 15.842 15.839 15.837 15.834 15.832 15.829 15.827 15.825 15.822 15.820 15.817 15.815 15.849 15.887 15.887 15.964 16.002 16.040 16.083 16.138 16.192 16.247 16.301 16.356 16.391 16.419 16.447 16.475 16.503 16.531 16.531 16.587 16.615 16.631 16.631 16.631 16.631 16.631 16.632 16.632 16.632 16.632 16.632 16.636 16.641 16.647 16.647
10.572 10.691 10.825 11.014 11.202 11.390 11.579 11.767 11.956 12.144 12.333 12.760 12.759 12.977 13.195 13.412 13.609 13.805 14.002 14.198 14.395 14.592 14.789 14.985 15.182 15.364 15.532 15.864 15.864 15.834 15.810 15.807 15.805 15.802 15.800 15.797 15.795 15.792 15.790 15.787 15.785 15.787 15.825 15.863 15.863 15.940 15.978 16.016 16.055 16.096 16.151 16.205 16.260 16.314 16.343 16.371 16.399 16.427 16.455 16.483 16.483 16.542 16.573 16.592 16.591 16.590 16.590 16.589 16.589 16.588 16.588 16.589 16.589 16.590 16.595 16.603 16.603
10.714 10.834 10.987 11.175 11.364 11.552 11.741 11.929 12.118 12.306 12.495 12.891 12.891 13.109 13.327 13.538 13.735 13.931 14.128 14.325 14.521 14.718 14.904 15.071 15.239 15.406 15.573 15.865 15.865 15.834 15.804 15.776 15.773 15.771 15.768 15.766 15.763 15.761 15.758 15.756 15.753 15.764 15.802 15.841 15.841 15.917 15.955 15.994 16.032 16.070 16.110 16.165 16.219 16.268 16.296 16.324 16.352 16.380 16.410 16.440 16.440 16.500 16.530 16.551 16.550 16.550 16.549 16.549 16.548 16.547 16.547 16.546 16.545 16.546 16.551 16.558 16.558
10.857 10.976 11.149 11.337 11.526 11.714 11.903 12.091 12.280 12.468 12.657 13.034 13.034 13.240 13.458 13.664 13.861 14.058 14.254 14.444 14.612 14.779 14.947 15.114 15.281 15.449 15.616 15.866 15.866 15.835 15.804 15.773 15.743 15.740 15.737 15.735 15.732 15.730 15.727 15.725 15.722 15.741 15.779 15.817 15.817 15.893 15.932 15.970 16.008 16.046 16.085 16.123 16.178 16.220 16.248 16.277 16.307 16.337 16.367 16.397 16.397 16.458 16.488 16.511 16.511 16.510 16.510 16.509 16.508 16.508 16.507 16.506 16.506 16.513 16.520 16.525 16.525
10.999 11.122 11.311 11.499 11.688 11.876 12.064 12.253 12.441 12.630 12.818 13.195 13.195 13.384 13.589 13.791 13.984 14.152 14.319 14.487 14.655 14.822 14.989 15.157 15.324 15.492 15.658 15.865 15.865 15.834 15.804 15.773 15.742 15.712 15.705 15.702 15.700 15.697 15.695 15.692 15.690 15.717 15.756 15.794 15.794 15.870 15.909 15.947 15.985 16.024 16.062 16.100 16.138 16.174 16.204 16.234 16.264 16.294 16.324 16.354 16.354 16.414 16.444 16.471 16.470 16.469 16.469 16.468 16.469 16.468 16.467 16.467 16.474 16.483 16.491 16.496 16.496
11.141 11.284 11.472 11.661 11.849 12.038 12.226 12.415 12.603 12.792 12.980 13.357 13.357 13.547 13.748 13.859 14.027 14.194 14.362 14.529 14.696 14.864 15.031 15.199 15.366 15.534 15.701 15.866 15.866 15.835 15.804 15.774 15.743 15.712 15.682 15.671 15.669 15.666 15.664 15.661 15.659 15.695 15.733 15.771 15.771 15.848 15.886 15.924 15.962 16.001 16.039 16.083 16.129 16.143 16.162 16.192 16.222 16.252 16.282 16.312 16.312 16.372 16.402 16.431 16.430 16.430 16.429 16.429 16.428 16.427 16.427 16.434 16.443 16.452 16.460 16.466 16.466
11.141 11.284 11.472 11.661 11.849 12.037 12.226 12.414 12.603 12.791 12.980 13.357 13.357 13.546 13.748 13.859 14.027 14.194 14.361 14.529 14.696 14.864 15.031 15.199 15.366 15.534 15.701 15.866 15.866 15.835 15.804 15.774 15.743 15.712 15.682 15.671 15.669 15.666 15.664 15.661 15.658 15.694 15.732 15.770 15.770 15.847 15.885 15.923 15.961 16.000 16.038 16.082 16.128 16.142 16.161 16.191 16.221 16.251 16.281 16.311 16.311 16.372 16.402 16.431 16.430 16.430 16.429 16.429 16.428 16.427 16.427 16.434 16.443 16.452 16.460 16.466 16.466
11.284 11.446 11.634 11.822 12.011 12.199 12.388 12.576 12.765 12.953 13.144 13.547 13.547 13.748 13.919 13.974 14.069 14.236 14.403 14.571 14.738 14.906 15.074 15.241 15.409 15.575 15.743 15.865 15.865 15.835 15.804 15.773 15.743 15.712 15.681 15.651 15.636 15.634 15.631 15.629 15.632 15.671 15.709 15.747 15.747 15.824 15.862 15.900 15.941 15.987 16.032 16.078 16.123 16.134 16.142 16.151 16.179 16.209 16.239 16.269 16.269 16.329 16.359 16.389 16.390 16.389 16.389 16.388 16.387 16.387 16.395 16.403 16.413 16.422 16.430 16.437 16.437
11.581 11.770 11.958 12.147 12.340 12.542 12.743 12.945 13.146 13.347 13.549 13.952 13.952 14.153 14.256 14.311 14.366 14.421 14.489 14.656 14.824 14.991 15.159 15.326 15.494 15.661 15.828 15.867 15.867 15.836 15.805 15.775 15.744 15.713 15.683 15.652 15.621 15.591 15.569 15.566 15.587 15.625 15.663 15.705 15.705 15.796 15.841 15.887 15.932 15.977 16.023 16.067 16.108 16.116 16.125 16.133 16.142 16.150 16.159 16.185 16.185 16.245 16.275 16.305 16.310 16.310 16.309 16.309 16.317 16.326 16.335 16.343 16.352 16.361 16.369 16.378 16.378
11.743 11.939 12.140 12.341 12.543 12.744 12.945 13.147 13.348 13.550 13.751 14.154 14.154 14.355 14.424 14.479 14.535 14.590 14.645 14.701 14.867 15.034 15.202 15.369 15.536 15.704 15.871 15.867 15.867 15.837 15.806 15.775 15.745 15.714 15.683 15.653 15.622 15.591 15.561 15.534 15.563 15.609 15.654 15.699 15.699 15.790 15.836 15.881 15.926 15.972 16.017 16.062 16.098 16.107 16.115 16.124 16.132 16.141 16.149 16.158 16.158 16.201 16.231 16.261 16.270 16.269 16.270 16.279 16.287 16.296 16.305 16.313 16.322 16.331 16.339 16.348 16.348
11.929 12.141 12.342 12.544 12.745 12.946 13.148 13.349 13.550 13.752 13.953 14.356 14.356 14.537 14.593 14.648 14.704 14.759 14.814 14.870 14.925 15.077 15.243 15.411 15.578 15.746 15.913 15.867 15.867 15.836 15.806 15.775 15.744 15.714 15.683 15.652 15.622 15.591 15.546 15.496 15.558 15.604 15.649 15.695 15.695 15.786 15.831 15.876 15.922 15.967 16.012 16.058 16.089 16.098 16.106 16.115 16.123 16.132 16.140 16.149 16.149 16.166 16.189 16.219 16.230 16.230 16.239 16.247 16.256 16.265 16.273 16.282 16.291 16.300 16.309 16.318 16.318
12.064 12.328 12.544 12.746 12.947 13.148 13.350 13.551 13.753 13.954 14.155 14.558 14.558 14.705 14.761 14.816 14.871 14.927 14.982 15.037 15.093 15.148 15.286 15.454 15.621 15.788 15.929 15.868 15.868 15.837 15.806 15.776 15.745 15.714 15.684 15.644 15.594 15.543 15.493 15.461 15.527 15.594 15.645 15.690 15.690 15.781 15.826 15.871 15.916 15.961 16.007 16.052 16.080 16.088 16.097 16.105 16.115 16.123 16.132 16.140 16.140 16.157 16.166 16.177 16.191 16.200 16.209 16.217 16.226 16.235 16.243 16.252 16.261 16.269 16.278 16.287 16.287
12.199 12.463 12.727 12.948 13.149 13.351 13.552 13.753 13.955 14.156 14.358 14.760 14.760 14.874 14.929 14.985 15.040 15.095 15.151 15.206 15.261 15.317 15.372 15.496 15.664 15.831 15.930 15.868 15.868 15.838 15.807 15.776 15.742 15.692 15.641 15.591 15.540 15.489 15.439 15.429 15.495 15.562 15.628 15.684 15.684 15.775 15.820 15.866 15.911 15.957 16.002 16.047 16.071 16.080 16.088 16.097 16.105 16.114 16.122 16.131 16.131 16.148 16.156 16.159 16.162 16.171 16.179 16.187 16.196 16.205 16.213 16.222 16.231 16.239 16.248 16.257 16.257
12.335 12.599 12.863 13.126 13.351 13.553 13.754 13.956 14.157 14.358 14.560 14.963 14.963 15.043 15.098 15.153 15.209 15.264 15.319 15.375 15.430 15.485 15.541 15.595 15.706 15.873 15.929 15.868 15.868 15.837 15.789 15.738 15.688 15.637 15.587 15.537 15.486 15.436 15.386 15.398 15.464 15.531 15.597 15.664 15.664 15.770 15.816 15.861 15.907 15.952 15.997 16.043 16.062 16.071 16.079 16.088 16.096 16.105 16.113 16.122 16.122 16.135 16.134 16.133 16.135 16.143 16.151 16.158 16.166 16.174 16.182 16.191 16.200 16.208 16.218 16.227 16.227
12.470 12.734 12.998 13.262 13.526 13.755 13.956 14.158 14.359 14.561 14.762 15.156 15.156 15.211 15.266 15.321 15.376 15.432 15.487 15.543 15.598 15.653 15.709 15.764 15.819 15.916 15.930 15.836 15.836 15.786 15.735 15.685 15.635 15.584 15.534 15.484 15.433 15.383 15.333 15.367 15.433 15.500 15.566 15.633 15.633 15.765 15.811 15.856 15.902 15.947 15.993 16.038 16.054 16.062 16.071 16.079 16.088 16.096 16.105 16.112 16.112 16.110 16.108 16.107 16.109 16.116 16.124 16.132 16.139 16.147 16.154 16.162 16.170 16.178 16.187 16.196 16.196
12.605 12.869 13.133 13.397 13.661 13.925 14.159 14.360 14.561 14.762 14.964 15.324 15.324 15.379 15.435 15.490 15.545 15.601 15.656 15.711 15.767 15.822 15.877 15.933 15.951 15.911 15.884 15.783 15.783 15.733 15.682 15.632 15.582 15.531 15.481 15.431 15.380 15.329 15.279 15.335 15.401 15.468 15.534 15.601 15.601 15.734 15.800 15.851 15.896 15.942 15.987 16.032 16.044 16.052 16.061 16.070 16.078 16.087 16.086 16.085 16.085 16.083 16.082 16.082 16.082 16.090 16.098 16.105 16.113 16.120 16.128 16.136 16.143 16.151 16.158 16.166 16.166
12.741 13.005 13.269 13.533 13.797 14.060 14.324 14.562 14.763 14.965 15.166 15.493 15.493 15.548 15.603 15.659 15.714 15.769 15.825 15.880 15.935 15.980 15.940 15.900 15.859 15.823 15.802 15.729 15.729 15.679 15.628 15.578 15.528 15.477 15.427 15.377 15.326 15.276 15.237 15.304 15.370 15.437 15.503 15.570 15.570 15.703 15.769 15.835 15.891 15.937 15.982 16.027 16.035 16.044 16.052 16.061 16.062 16.061 16.060 16.059 16.059 16.057 16.056 16.055 16.055 16.062 16.070 16.078 16.085 16.093 16.100 16.108 16.117 16.124 16.132 16.139 16.139
12.876 13.140 13.404 13.668 13.932 14.196 14.460 14.724 14.966 15.167 15.369 15.661 15.661 15.717 15.772 15.827 15.883 15.938 15.992 15.967 15.927 15.887 15.847 15.807 15.766 15.734 15.713 15.672 15.672 15.626 15.575 15.525 15.475 15.424 15.374 15.323 15.273 15.223 15.207 15.273 15.339 15.406 15.472 15.539 15.539 15.672 15.738 15.804 15.871 15.932 15.977 16.018 16.027 16.035 16.039 16.038 16.037 16.036 16.034 16.033 16.033 16.031 16.030 16.029 16.028 16.036 16.044 16.051 16.059 16.066 16.074 16.082 16.089 16.097 16.104 16.112 16.112
13.012 13.276 13.540 13.803 14.067 14.331 14.595 14.859 15.123 15.370 15.571 15.830 15.829 15.884 15.940 15.995 15.996 15.956 15.915 15.875 15.835 15.795 15.755 15.715 15.674 15.646 15.625 15.584 15.584 15.564 15.522 15.472 15.421 15.371 15.321 15.270 15.220 15.170 15.176 15.242 15.307 15.374 15.440 15.507 15.507 15.640 15.706 15.773 15.839 15.905 15.972 16.008 16.014 16.013 16.012 16.011 16.010 16.010 16.009 16.008 16.008 16.005 16.004 16.003 16.002 16.009 16.017 16.025 16.032 16.040 16.047 16.055 16.063 16.070 16.078 16.083 16.083
13.147 13.411 13.675 13.939 14.203 14.467 14.731 14.995 15.258 15.522 15.773 15.998 15.998 16.024 15.984 15.944 15.904 15.864 15.823 15.783 15.743 15.703 15.663 15.623 15.582 15.558 15.537 15.496 15.496 15.476 15.455 15.419 15.368 15.317 15.267 15.216 15.166 15.116 15.144 15.210 15.276 15.343 15.409 15.476 15.476 15.609 15.675 15.742 15.808 15.874 15.945 15.990 15.988 15.987 15.986 15.985 15.984 15.983 15.982 15.981 15.981 15.979 15.978 15.976 15.975 15.982 15.990 15.998 16.006 16.013 16.021 16.029 16.036 16.044 16.050 16.040 16.040
13.282 13.546 13.810 14.074 14.338 14.602 14.866 15.130 15.394 15.658 15.922 15.973 15.973 15.932 15.892 15.852 15.812 15.772 15.731 15.691 15.651 15.611 15.571 15.530 15.489 15.469 15.448 15.407 15.407 15.387 15.366 15.346 15.314 15.264 15.214 15.163 15.113 15.062 15.113 15.179 15.246 15.312 15.378 15.445 15.445 15.578 15.644 15.711 15.786 15.862 15.937 15.968 15.964 15.961 15.960 15.959 15.958 15.957 15.956 15.955 15.955 15.953 15.952 15.951 15.950 15.955 15.963 15.971 15.978 15.986 15.993 16.001 16.009 16.015 16.006 15.997 15.997
13.418 13.682 13.946 14.210 14.473 14.737 15.001 15.265 15.498 15.702 15.906 15.884 15.884 15.840 15.800 15.760 15.720 15.679 15.638 15.598 15.558 15.518 15.478 15.438 15.401 15.380 15.360 15.319 15.319 15.299 15.278 15.258 15.237 15.211 15.160 15.110 15.060 15.015 15.082 15.148 15.215 15.281 15.347 15.414 15.414 15.553 15.628 15.703 15.778 15.854 15.929 15.945 15.942 15.938 15.935 15.934 15.932 15.931 15.930 15.929 15.929 15.927 15.926 15.925 15.924 15.929 15.936 15.944 15.952 15.959 15.967 15.974 15.982 15.973 15.963 15.954 15.954
13.418 13.682 13.946 14.210 14.473 14.737 15.001 15.265 15.498 15.702 15.906 15.884 15.883 15.839 15.799 15.759 15.719 15.679 15.638 15.598 15.558 15.518 15.478 15.438 15.401 15.380 15.360 15.319 15.319 15.299 15.278 15.258 15.237 15.211 15.160 15.110 15.060 15.015 15.081 15.147 15.214 15.280 15.346 15.413 15.413 15.552 15.627 15.702 15.777 15.853 15.928 15.944 15.941 15.937 15.934 15.933 15.931 15.931 15.930 15.929 15.929 15.927 15.926 15.925 15.924 15.929 15.936 15.944 15.952 15.959 15.967 15.974 15.982 15.973 15.963 15.954 15.954
13.553 13.817 14.081 14.345 14.609 14.870 15.074 15.278 15.482 15.685 15.889 15.825 15.825 15.757 15.707 15.667 15.627 15.587 15.546 15.506 15.466 15.426 15.386 15.345 15.313 15.292 15.272 15.231 15.231 15.210 15.189 15.169 15.148 15.128 15.106 15.056 15.006 14.983 15.050 15.116 15.183 15.249 15.318 15.393 15.393 15.544 15.619 15.694 15.770 15.845 15.920 15.922 15.918 15.915 15.912 15.908 15.906 15.905 15.903 15.902 15.902 15.900 15.899 15.898 15.897 15.901 15.909 15.917 15.924 15.933 15.940 15.948 15.939 15.930 15.920 15.911 15.911
