includes/camargue/floodfiles/results_R2_t1.562345283857E12/res.totaltm
ncols         906
nrows         631
xllcorner     362177.146667
yllcorner     6534725.688020
cellsize      20.000000
NODATA_value  -9999.000000
[rows 462 to 494 of 631, columns 456 to 531 of 906]
0.000 0.000 0.000 0.000 0.000 0.000 0.000 0.000 0.000 0.000 0.000 0.000 0.000 0.000 0.000 0.000 0.000 0.000 0.000 0.000 0.000 0.000 0.000 0.000 0.000 0.000 0.000 0.000 0.000 0.000 0.000 0.000 0.000 0.000 0.000 0.000 0.000 0.000 0.000 6.813 0.734 11.146 1.860 1.805 0.505 0.000 0.000 0.000 0.000 0.000 2.008 0.000 0.000 1.233 5.398 13.135 6.973 6.760 7.036 13.284 7.274 7.301 11.263 13.357 13.371 7.535 7.502 7.434 7.357 7.409 13.444 13.456 7.331 8.148 13.527 13.550
0.000 0.000 0.000 0.000 0.000 0.000 0.000 0.000 0.000 0.000 0.000 0.000 0.000 0.000 0.000 0.000 0.000 0.000 0.000 0.000 0.000 0.000 0.000 0.000 0.000 0.000 0.000 0.000 0.000 0.000 0.000 0.000 0.000 0.000 0.000 0.000 0.000 0.000 0.000 10.977 11.127 1.149 2.252 1.674 1.543 0.000 0.000 0.000 0.000 0.213 2.579 0.000 0.000 5.260 6.902 6.282 7.732 7.507 13.273 7.202 13.313 13.328 9.843 9.264 13.378 7.651 7.444 13.404 13.414 8.605 13.454 7.687 13.501 13.502 13.404 13.553
0.000 0.000 0.000 0.000 0.000 0.000 0.000 0.000 0.000 0.000 0.000 0.000 0.000 0.000 0.000 0.000 0.000 0.000 0.000 0.000 0.000 0.000 0.000 0.000 0.000 0.000 0.000 0.000 0.000 0.000 0.000 0.000 0.000 0.000 0.000 0.000 0.000 0.000 0.000 0.472 2.681 1.437 1.148 11.250 1.219 11.403 1.539 0.000 0.000 11.852 11.949 12.034 12.065 13.179 13.218 13.236 13.251 6.779 8.144 13.296 13.310 13.328 6.596 7.112 13.392 13.400 13.411 7.239 7.224 13.448 13.463 13.053 13.495 7.473 13.553 8.052
0.000 0.000 0.000 0.000 0.000 0.000 0.000 0.000 0.000 0.000 0.000 0.000 0.000 0.000 0.000 0.000 0.000 0.000 0.000 0.000 0.000 0.000 0.000 0.000 0.000 0.000 0.000 0.000 0.000 0.000 0.000 0.000 0.000 0.000 0.000 0.000 0.000 0.000 0.000 1.894 2.477 1.135 11.320 1.366 11.418 5.099 1.828 11.557 11.590 11.832 2.156 0.000 0.000 0.386 6.605 13.256 13.262 13.276 13.299 6.948 7.099 6.980 12.018 6.914 7.039 12.396 11.389 11.829 9.541 8.514 7.429 13.484 7.589 7.632 8.224 8.453
0.000 0.000 0.000 0.000 0.000 0.000 0.000 0.000 0.000 0.000 0.000 0.000 0.000 0.000 0.000 0.000 0.000 0.000 0.000 0.000 0.000 0.000 0.000 0.000 0.000 0.000 0.000 0.000 0.000 0.000 0.000 0.000 0.000 0.000 0.000 0.000 0.000 0.000 0.196 0.569 0.603 1.727 11.372 11.397 11.457 11.474 11.525 11.549 11.567 11.629 11.708 11.734 11.772 1.534 7.699 13.275 13.276 7.033 13.307 13.329 8.269 7.084 10.482 7.079 7.636 13.429 13.268 13.454 13.471 11.139 8.070 11.807 13.247 7.919 8.077 8.492
0.000 0.000 0.000 0.000 0.000 0.000 0.000 0.000 0.000 0.000 0.000 0.000 0.000 0.000 0.000 0.000 0.000 0.000 0.000 0.000 0.000 0.000 0.000 0.000 0.000 0.000 0.000 0.000 0.000 0.000 0.000 0.000 0.000 0.000 0.000 0.000 0.000 0.000 1.574 11.133 6.980 1.000 0.447 1.051 0.000 1.706 1.048 1.560 11.558 11.604 2.463 4.876 3.767 13.241 7.397 13.282 6.845 7.346 7.022 13.330 7.016 7.809 13.389 13.410 7.294 13.430 8.526 13.469 13.486 13.498 8.605 13.538 11.368 13.582 8.061 8.436
0.000 0.000 0.000 0.000 0.000 0.000 0.000 0.000 0.000 0.000 0.000 0.000 0.000 0.000 0.000 0.000 0.000 0.000 0.000 0.000 0.000 0.000 0.000 0.000 0.000 0.000 0.000 0.000 0.000 0.000 0.000 0.000 0.000 0.000 0.000 10.952 2.702 4.943 11.113 11.376 11.366 11.368 2.773 11.328 11.363 11.353 11.366 11.521 11.545 2.999 0.272 1.785 1.677 7.208 8.390 13.294 13.301 13.320 13.326 13.335 7.089 7.097 7.478 13.418 8.121 7.410 7.225 9.126 8.974 13.488 13.512 8.032 13.431 13.438 13.608 13.631
0.000 0.000 0.000 0.000 0.000 0.000 0.000 0.000 0.000 0.000 0.000 0.000 0.000 0.000 0.000 0.000 0.000 0.000 0.000 0.000 0.000 0.000 0.000 0.000 0.000 0.000 0.000 0.000 0.000 0.000 0.000 0.000 0.000 0.000 0.000 0.000 0.000 0.465 11.404 11.415 11.389 11.393 11.352 11.276 11.378 11.470 11.489 11.507 11.529 11.525 0.156 2.044 1.845 7.575 7.313 13.309 6.876 7.034 13.343 13.345 13.368 13.375 7.165 11.965 13.441 13.463 7.839 8.030 7.973 13.519 9.196 7.367 7.686 7.669 8.340 7.981
0.000 0.000 0.000 0.000 0.000 0.000 0.000 0.000 0.000 0.000 0.000 0.000 0.000 0.000 0.000 0.000 0.000 0.000 0.000 0.000 0.000 0.000 0.000 0.000 0.000 0.000 0.000 0.000 0.000 0.000 0.000 0.000 0.000 7.254 7.214 7.301 7.234 1.046 1.189 1.340 1.050 1.694 11.397 11.325 11.344 11.377 11.462 11.485 11.435 0.715 0.421 13.152 7.719 8.195 7.227 13.318 13.332 13.341 13.355 13.374 7.124 13.396 7.262 7.404 7.875 13.110 12.680 13.524 13.537 13.533 7.577 7.363 7.948 7.514 13.615 9.327
0.000 0.000 0.000 0.000 0.000 0.000 0.000 0.000 0.000 0.000 0.000 0.000 0.000 0.000 0.000 0.000 0.000 0.000 0.000 0.000 0.000 0.000 0.000 0.000 0.000 0.000 0.000 0.000 0.000 0.000 0.000 7.068 6.908 7.106 7.383 10.988 8.740 8.859 7.504 7.122 7.043 1.250 1.192 0.000 0.000 0.147 1.920 0.000 0.000 0.000 0.000 6.024 5.982 7.235 6.500 7.073 7.253 13.357 13.367 13.383 9.681 13.410 7.330 13.441 7.360 13.479 7.787 13.537 13.553 8.686 7.735 8.709 8.094 13.613 8.770 8.535
0.000 0.000 0.000 0.000 0.000 0.000 0.000 0.000 0.000 0.000 0.000 0.000 0.000 0.000 0.000 0.000 0.000 0.000 0.000 0.000 0.000 0.000 0.000 0.000 0.000 5.289 5.234 5.598 7.499 13.508 13.519 7.327 8.168 13.523 7.308 6.929 6.926 8.999 9.520 7.246 7.702 7.480 7.283 5.311 0.000 0.000 0.000 0.463 6.751 7.116 7.604 7.098 7.150 6.348 6.460 6.771 13.355 13.371 7.551 7.304 13.419 12.283 10.259 10.075 7.488 9.841 8.752 13.548 13.563 13.595 7.935 13.626 10.241 13.642 7.868 13.666
0.000 0.000 0.000 0.000 0.000 0.000 0.000 0.000 0.000 0.000 0.000 0.000 0.000 0.000 0.000 0.000 0.000 0.000 0.000 0.000 0.000 0.000 0.000 2.924 5.017 5.098 7.207 13.492 13.508 13.133 9.349 7.401 8.504 7.379 7.474 8.019 8.020 7.544 8.803 9.927 13.629 13.637 7.386 7.626 5.721 6.832 7.521 13.542 13.546 8.122 8.126 8.308 10.742 6.665 6.422 6.832 13.368 13.377 13.407 13.419 13.426 13.448 9.301 11.898 7.700 13.516 10.198 8.766 8.053 13.611 13.626 13.641 11.517 8.241 7.636 8.080
0.000 0.000 0.000 0.000 0.000 0.000 0.000 0.000 0.000 0.000 0.000 0.000 0.000 0.000 0.000 0.000 0.000 0.000 0.000 0.000 0.000 1.709 4.434 6.060 7.115 7.876 13.487 13.489 7.191 10.132 12.843 13.612 13.629 13.640 7.568 13.643 13.640 7.586 13.625 7.458 13.644 13.656 13.634 13.678 13.667 7.516 7.983 7.442 8.814 8.386 13.604 7.253 7.310 6.850 6.324 6.561 7.630 13.374 7.651 7.640 7.694 13.456 13.476 13.487 8.871 7.707 11.676 8.418 8.057 13.612 12.710 13.654 9.248 9.178 13.718 13.732
0.000 0.000 0.000 0.000 0.000 0.000 0.000 0.000 0.000 0.000 0.000 0.000 0.000 0.000 0.000 0.000 0.000 0.000 0.000 11.413 4.857 5.824 7.431 7.553 13.552 8.425 7.329 7.553 7.840 8.657 8.131 8.088 8.576 13.658 8.211 13.658 13.657 13.654 9.495 9.876 13.680 8.350 7.448 13.689 7.606 11.580 8.023 7.600 13.640 7.805 13.619 8.130 10.746 7.229 6.625 6.456 7.080 13.371 13.380 13.401 7.292 13.469 13.479 13.503 7.692 7.971 13.559 13.585 13.597 13.605 12.527 13.667 8.191 13.705 7.609 13.750
0.000 0.000 0.000 0.000 0.000 0.000 0.000 0.000 0.000 0.000 0.000 0.000 0.000 0.000 0.000 0.000 0.000 0.000 0.000 4.661 4.219 5.523 7.141 7.345 13.578 8.224 7.320 7.503 7.651 7.785 7.735 7.800 8.295 13.424 8.073 13.678 13.679 13.671 8.259 9.155 13.694 8.162 7.466 13.702 7.598 9.321 7.811 7.592 10.031 7.557 11.561 8.138 10.759 7.162 6.578 6.467 7.162 13.376 13.385 13.405 7.287 13.472 13.483 13.515 7.656 7.897 13.564 13.599 13.615 13.621 13.639 13.684 8.217 13.722 7.615 13.630
0.000 0.000 0.000 0.000 0.000 0.000 0.000 0.000 0.000 0.000 0.000 0.000 0.000 0.000 0.000 0.187 0.000 0.000 1.993 6.867 6.728 8.125 7.839 7.986 8.955 8.208 8.325 7.624 7.730 13.689 13.686 7.941 11.328 13.219 8.785 10.139 10.283 7.848 8.364 8.268 8.505 13.749 10.259 11.353 13.753 9.547 7.905 7.435 10.020 9.480 10.676 7.170 7.173 13.567 6.844 6.491 6.782 7.046 13.403 13.415 13.440 13.465 13.387 13.526 13.535 13.555 13.598 13.613 13.632 7.822 13.682 13.697 7.909 10.258 10.563 12.672
0.000 0.000 0.000 0.000 0.000 0.000 0.000 0.000 0.000 0.000 0.000 0.000 0.000 0.000 0.000 2.311 5.210 6.573 13.587 13.588 9.415 10.314 7.680 8.073 9.274 8.889 8.816 13.720 13.727 9.162 7.873 7.776 13.746 11.799 13.337 13.745 13.752 11.367 9.482 9.357 8.670 9.453 13.819 13.216 13.786 8.051 7.933 13.730 13.710 13.712 9.005 7.499 7.543 8.471 7.321 6.406 6.134 6.726 7.039 13.410 13.432 7.439 9.651 9.159 13.544 13.583 13.594 13.625 13.644 13.674 13.701 10.126 13.747 11.211 9.508 13.522
0.000 0.000 0.000 0.000 0.000 0.000 0.000 0.000 0.000 0.000 0.000 0.000 0.000 0.000 4.404 5.794 7.284 13.642 7.547 7.418 7.404 8.976 13.692 8.031 9.539 13.724 13.730 13.034 8.354 8.837 8.079 11.161 11.299 11.301 13.779 7.901 7.892 12.508 8.365 13.784 12.353 13.815 13.626 12.281 8.141 13.780 12.237 10.701 7.655 8.022 13.731 7.901 8.905 13.639 7.200 6.695 6.745 6.426 6.169 7.102 7.394 7.622 13.498 8.897 13.557 13.589 7.990 13.661 13.674 13.699 13.710 13.746 13.783 8.516 9.187 13.893
0.000 0.000 0.000 0.000 0.000 0.000 0.000 0.000 0.000 0.000 0.000 0.000 1.743 5.169 6.646 7.849 13.670 8.483 7.640 7.992 7.935 9.883 8.678 13.729 13.726 8.628 13.743 8.250 9.943 9.503 8.763 13.810 11.138 13.820 12.008 13.014 9.942 13.807 8.323 13.803 13.805 8.184 13.908 12.963 8.244 8.013 12.694 11.901 10.671 9.609 11.107 8.564 10.214 7.457 7.785 6.712 6.405 6.264 9.610 6.747 6.650 7.378 7.539 13.522 8.397 9.033 13.650 13.661 13.677 8.650 13.715 13.765 13.794 8.252 13.887 13.015
0.000 0.000 0.000 0.000 0.000 0.000 0.000 0.000 0.000 0.000 0.000 4.146 5.830 7.702 7.534 8.298 8.703 8.291 7.803 8.402 8.412 12.785 13.748 13.770 7.843 9.661 12.614 12.278 13.800 8.012 9.628 9.493 13.927 13.573 9.432 13.858 13.857 13.846 9.771 8.262 8.046 13.985 13.930 8.490 9.446 7.984 13.872 8.057 8.843 10.357 7.952 8.353 9.261 13.714 8.027 6.831 6.473 6.135 6.402 13.368 8.229 6.898 7.538 7.556 13.568 13.595 8.768 9.290 8.810 8.943 7.825 8.160 13.837 13.847 9.645 13.944
0.000 0.000 0.000 0.000 0.000 0.000 0.000 0.000 0.000 0.533 4.834 6.499 7.583 7.824 7.858 8.648 8.654 8.721 8.444 9.113 8.879 13.795 7.938 13.783 8.018 13.814 7.894 13.830 10.068 8.052 10.520 9.831 13.942 8.246 13.955 11.644 12.388 8.435 8.149 13.862 7.991 13.992 8.643 13.930 13.890 8.322 13.838 13.886 8.792 10.951 13.842 8.604 10.041 7.532 7.610 7.628 9.108 13.356 6.796 6.844 8.009 13.453 6.830 7.652 8.360 7.462 7.868 8.181 8.095 9.089 8.958 13.837 13.846 13.900 13.938 13.961
0.000 0.000 0.000 0.000 0.000 0.000 0.000 0.000 3.332 5.429 7.209 13.631 7.975 8.149 8.484 9.568 8.231 8.417 13.763 13.799 13.800 13.805 13.813 8.657 9.544 10.184 9.374 11.771 13.939 8.267 9.861 8.937 14.002 8.391 11.608 12.298 11.979 11.890 8.195 8.636 14.057 14.016 9.312 8.154 13.962 8.122 13.673 11.223 13.963 8.128 11.239 8.574 9.614 8.144 7.735 7.780 6.893 6.863 6.690 6.982 7.404 13.491 13.519 6.965 7.504 8.269 8.543 8.758 8.378 9.045 10.903 13.846 13.854 13.930 13.946 13.971
0.000 0.000 0.000 0.000 0.000 0.000 0.000 4.182 6.029 13.648 13.668 7.499 8.019 13.737 7.922 8.869 13.823 8.539 7.874 8.301 8.274 13.844 8.344 8.743 13.561 10.396 8.934 10.270 13.479 13.101 14.034 8.238 14.026 13.976 14.042 12.263 11.701 13.388 9.114 8.809 14.073 9.931 8.941 10.718 10.953 8.238 13.612 8.447 11.186 7.982 11.636 10.365 10.641 8.342 7.960 8.627 7.793 7.642 7.278 7.228 6.960 13.514 8.966 8.939 6.918 7.676 7.743 11.677 8.978 13.747 13.775 8.336 8.899 13.873 13.929 8.707
0.000 0.000 0.000 0.000 0.000 0.807 4.866 6.780 13.635 7.400 9.086 7.569 10.114 13.756 7.962 8.744 11.320 11.036 8.458 13.860 13.863 12.734 13.181 8.834 8.271 11.002 9.001 12.195 8.080 12.161 14.049 14.035 13.298 8.840 14.051 14.078 14.081 13.279 8.598 8.717 14.078 8.849 8.240 10.345 10.346 14.036 14.010 8.554 12.298 8.414 13.938 13.943 13.943 13.913 8.561 8.495 7.867 8.212 7.716 8.046 7.533 7.101 8.600 9.284 7.555 6.916 7.529 11.680 9.141 9.002 9.447 9.321 13.854 10.152 13.951 11.503
0.000 0.000 0.000 0.000 3.332 5.350 7.604 7.717 7.916 7.920 9.158 8.957 9.746 7.820 8.453 13.837 8.037 13.891 8.191 10.904 10.400 13.339 14.037 14.028 8.461 14.036 12.670 14.074 8.509 10.682 14.078 8.587 14.080 12.519 8.576 14.097 14.098 8.702 14.072 9.432 14.096 8.531 13.423 14.003 14.068 13.542 8.559 10.706 11.499 8.763 14.001 9.026 9.100 13.948 13.930 8.963 8.235 8.256 13.879 8.126 8.017 7.728 9.274 10.868 8.245 7.733 6.762 7.934 7.825 7.857 8.857 13.828 9.581 11.301 13.949 8.535
0.000 0.000 0.000 0.000 6.080 7.459 13.679 7.735 8.801 9.770 8.678 9.845 10.629 8.018 13.841 9.064 8.401 10.191 10.755 12.843 12.296 9.576 14.067 8.615 8.620 8.218 8.633 14.088 13.169 14.029 13.997 8.670 11.404 14.121 9.133 14.113 14.113 14.128 8.679 9.066 14.111 14.116 14.124 9.090 8.654 14.066 14.092 14.093 12.515 12.072 12.820 14.018 14.022 8.246 8.119 8.332 9.160 9.331 9.676 13.882 11.803 13.894 11.648 11.165 8.624 8.090 7.914 7.739 7.706 13.702 8.650 8.076 8.240 9.656 13.962 14.000
0.000 0.753 4.735 4.687 7.589 7.699 8.079 8.344 8.177 9.041 10.159 9.384 13.878 9.307 8.711 13.912 8.430 14.056 8.229 14.059 13.037 14.084 14.105 8.687 8.751 14.095 10.505 9.386 12.144 14.127 13.127 11.403 13.253 13.082 14.127 14.130 13.477 14.145 14.149 14.139 14.122 14.135 14.140 10.453 8.746 8.527 8.971 14.102 13.526 14.077 14.056 13.833 14.036 8.309 8.595 9.440 9.077 9.592 8.260 8.314 8.212 13.923 8.321 8.318 8.063 13.861 8.622 6.974 6.979 7.720 7.943 13.741 8.526 8.665 8.994 14.060
1.832 4.921 7.273 7.220 11.259 8.659 8.402 8.304 8.345 13.821 8.038 13.887 13.893 8.305 10.537 10.427 8.250 12.319 14.079 9.209 9.020 8.963 14.132 8.756 14.119 8.454 9.944 13.580 13.690 14.032 14.164 11.910 14.157 11.997 11.894 14.148 14.150 14.153 11.310 14.151 8.889 11.195 14.155 8.937 14.149 9.173 14.132 14.115 14.108 8.530 8.482 9.814 9.659 9.604 9.703 9.165 8.396 10.917 11.257 12.917 12.814 12.208 13.996 10.995 11.360 13.878 13.864 7.613 7.674 7.013 7.799 7.874 8.546 8.528 8.664 8.788
5.220 7.628 7.999 8.002 7.733 8.326 9.577 9.627 13.855 13.858 8.250 8.527 13.655 12.655 13.647 8.311 8.828 14.088 11.298 11.287 9.821 9.504 14.156 14.148 14.146 8.963 14.158 14.163 14.072 13.155 14.182 8.811 14.172 14.177 8.796 14.170 14.169 14.168 14.174 9.009 14.174 14.182 14.164 13.348 10.043 8.898 14.163 14.148 8.651 14.106 8.400 8.790 8.730 9.596 14.109 9.514 8.500 14.093 14.112 8.564 8.670 8.176 14.012 13.984 8.562 7.886 8.391 8.123 8.679 13.779 7.081 7.547 7.831 8.157 7.982 14.023
11.271 7.881 9.624 8.337 8.588 12.403 8.760 13.876 13.868 8.019 9.064 14.061 8.554 8.694 14.104 8.678 14.121 10.644 11.360 14.141 14.150 9.326 14.177 9.124 14.158 14.174 14.171 14.173 14.174 9.183 14.195 9.158 14.186 14.194 9.311 12.384 12.344 11.135 14.207 14.197 9.177 14.195 14.180 14.178 14.500 11.550 14.176 9.354 9.195 9.345 13.224 9.043 9.043 14.155 10.277 9.110 12.382 8.942 14.122 8.720 14.091 14.005 14.027 8.791 8.383 11.804 8.163 13.860 13.859 7.993 13.811 7.236 7.603 7.767 11.206 8.321
8.706 7.821 8.368 8.081 8.315 9.479 8.423 12.325 13.884 8.016 8.919 14.083 8.447 8.577 14.119 8.621 10.533 9.160 9.908 14.152 14.161 9.033 14.184 8.977 12.004 14.188 14.188 14.189 14.188 9.137 14.203 9.076 14.200 14.212 9.169 11.308 11.181 10.161 14.217 14.207 9.165 14.204 12.345 13.637 14.500 10.626 14.191 9.348 8.944 8.821 10.626 8.920 8.916 11.508 9.494 8.798 9.884 8.875 13.099 8.696 14.109 11.747 12.501 8.742 8.350 9.448 8.154 13.881 13.881 7.967 13.824 7.235 7.704 7.883 11.196 8.701
8.482 8.741 8.426 8.210 8.379 10.730 11.071 11.328 8.578 9.262 9.269 9.941 9.286 10.825 12.660 13.925 11.948 9.334 8.758 14.161 14.171 13.572 14.197 14.209 10.610 14.199 9.492 9.500 9.459 9.539 14.220 14.228 9.508 13.228 12.449 14.234 14.225 10.275 14.234 9.081 14.500 14.211 14.207 14.223 14.500 14.200 14.211 8.701 8.958 10.894 14.182 10.051 9.361 11.054 9.220 14.195 9.695 8.994 14.122 8.693 14.124 14.117 8.395 9.395 9.273 9.276 8.638 9.357 9.431 8.160 13.872 8.182 7.233 6.598 7.605 13.776
10.337 13.891 13.886 13.900 8.598 8.733 14.123 13.911 8.897 9.647 9.480 9.930 9.888 13.337 11.114 13.961 8.839 9.452 14.197 8.800 8.805 11.838 14.213 14.216 14.229 14.222 14.234 14.243 9.419 9.892 9.093 14.245 9.475 14.500 11.886 12.808 12.339 14.240 14.500 14.238 14.500 14.219 8.811 14.239 8.757 8.962 14.224 9.054 9.679 10.167 8.892 14.222 14.227 12.299 14.216 9.953 11.930 12.340 14.184 13.894 14.146 8.913 8.543 9.514 8.458 9.246 14.106 14.095 14.080 9.061 9.657 7.859 8.423 7.875 7.279 6.850
