includes/camargue/floodfiles/results_R2_t1.562345283857E12/res.max
ncols         906
nrows         631
xllcorner     362177.146667
yllcorner     6534725.688020
cellsize      20.000000
NODATA_value  -9999.000000
[rows 544 to 577 of 631, columns 308 to 384 of 906]
9.673 9.575 9.476 9.378 9.265 9.096 9.096 8.758 8.589 8.420 8.251 8.082 7.913 7.743 7.574 7.405 7.236 7.067 6.898 7.000 7.122 7.243 7.243 7.486 7.607 7.729 7.850 7.972 8.093 8.215 8.336 8.457 8.579 8.663 8.599 8.534 8.469 8.240 7.767 7.767 7.530 7.293 7.056 6.819 6.582 6.345 6.108 5.908 5.896 5.884 5.872 5.860 5.848 5.835 5.799 5.799 5.778 5.757 5.736 5.716 5.695 5.686 5.681 5.675 5.669 5.664 5.658 5.652 5.647 5.641 5.630 5.630 5.624 5.625 5.622 5.610 5.597
9.723 9.625 9.526 9.427 9.329 9.162 9.162 8.824 8.655 8.486 8.317 8.148 7.979 7.810 7.641 7.471 7.302 7.133 6.951 6.940 7.114 7.288 7.288 7.635 7.809 7.938 8.059 8.181 8.302 8.424 8.545 8.666 8.788 8.909 8.878 8.813 8.612 8.375 7.901 7.901 7.664 7.427 7.190 6.953 6.717 6.480 6.243 6.006 5.953 5.941 5.929 5.916 5.904 5.889 5.848 5.848 5.827 5.806 5.785 5.764 5.743 5.731 5.725 5.719 5.714 5.708 5.702 5.697 5.691 5.685 5.674 5.674 5.675 5.676 5.677 5.665 5.652
9.773 9.674 9.576 9.477 9.379 9.228 9.228 8.890 8.721 8.552 8.383 8.214 8.045 7.876 7.707 7.538 7.368 7.189 7.003 6.847 7.020 7.194 7.194 7.542 7.715 7.889 8.063 8.236 8.410 8.584 8.754 8.876 8.997 9.119 9.157 8.984 8.747 8.510 8.036 8.036 7.799 7.562 7.325 7.088 6.851 6.614 6.377 6.141 6.009 5.997 5.985 5.973 5.959 5.938 5.896 5.896 5.875 5.854 5.834 5.813 5.792 5.775 5.769 5.764 5.758 5.752 5.747 5.741 5.735 5.730 5.726 5.726 5.727 5.728 5.729 5.719 5.707
9.823 9.724 9.626 9.527 9.429 9.295 9.294 8.956 8.787 8.618 8.449 8.280 8.111 7.942 7.773 7.604 7.427 7.241 7.056 6.870 6.926 7.100 7.100 7.448 7.621 7.795 7.969 8.143 8.316 8.490 8.664 8.838 9.012 9.185 9.326 9.107 8.881 8.644 8.171 8.171 7.934 7.697 7.460 7.223 6.986 6.749 6.512 6.275 6.066 6.054 6.042 6.028 6.007 5.986 5.945 5.945 5.924 5.903 5.882 5.861 5.841 5.820 5.814 5.808 5.802 5.797 5.791 5.785 5.780 5.775 5.777 5.777 5.778 5.779 5.780 5.774 5.762
9.873 9.774 9.676 9.577 9.478 9.361 9.360 9.022 8.853 8.684 8.515 8.346 8.177 8.008 7.839 7.664 7.479 7.293 7.108 6.922 6.833 7.006 7.006 7.354 7.528 7.701 7.875 8.049 8.223 8.397 8.570 8.744 8.918 9.084 9.226 9.143 8.923 8.704 8.264 8.264 8.045 7.825 7.594 7.358 7.121 6.884 6.647 6.410 6.173 6.111 6.098 6.077 6.056 6.035 5.993 5.993 5.973 5.952 5.931 5.910 5.889 5.868 5.858 5.852 5.847 5.841 5.836 5.830 5.825 5.826 5.828 5.828 5.829 5.830 5.832 5.829 5.817
9.923 9.824 9.725 9.627 9.528 9.427 9.427 9.088 8.919 8.750 8.581 8.412 8.243 8.074 7.902 7.717 7.531 7.346 7.160 6.975 6.789 6.913 6.912 7.260 7.434 7.608 7.781 7.955 8.129 8.303 8.476 8.650 8.824 8.966 9.107 9.180 8.960 8.740 8.301 8.301 8.081 7.861 7.642 7.422 7.202 6.983 6.763 6.544 6.308 6.167 6.146 6.125 6.105 6.084 6.042 6.042 6.021 6.000 5.980 5.959 5.938 5.917 5.902 5.897 5.891 5.886 5.880 5.875 5.876 5.878 5.880 5.880 5.881 5.882 5.883 5.884 5.871
9.972 9.874 9.775 9.677 9.578 9.480 9.479 9.155 8.985 8.816 8.647 8.478 8.309 8.140 7.954 7.769 7.583 7.398 7.212 7.027 6.841 6.819 6.819 7.166 7.340 7.514 7.688 7.861 8.035 8.209 8.383 8.556 8.705 8.847 8.988 9.129 8.997 8.777 8.338 8.338 8.118 7.898 7.679 7.459 7.239 7.020 6.800 6.580 6.361 6.214 6.194 6.174 6.153 6.132 6.091 6.091 6.070 6.049 6.028 6.007 5.987 5.966 5.947 5.941 5.936 5.930 5.926 5.927 5.928 5.929 5.931 5.931 5.932 5.933 5.934 5.935 5.926
10.022 9.924 9.825 9.727 9.628 9.529 9.529 9.221 9.051 8.882 8.713 8.544 8.375 8.192 8.006 7.821 7.636 7.450 7.265 7.079 6.894 6.725 6.725 7.073 7.246 7.420 7.594 7.768 7.941 8.115 8.289 8.445 8.586 8.728 8.869 9.010 9.033 8.814 8.374 8.374 8.154 7.935 7.715 7.495 7.276 7.056 6.837 6.617 6.441 6.297 6.240 6.220 6.200 6.179 6.139 6.139 6.118 6.098 6.077 6.056 6.035 6.014 5.993 5.986 5.980 5.976 5.977 5.978 5.979 5.980 5.982 5.982 5.984 5.985 5.986 5.987 5.981
10.072 9.974 9.875 9.776 9.678 9.579 9.579 9.287 9.118 8.948 8.779 8.610 8.430 8.244 8.059 7.873 7.688 7.502 7.317 7.131 6.946 6.760 6.760 6.979 7.152 7.326 7.500 7.674 7.847 8.021 8.185 8.326 8.468 8.609 8.750 8.891 9.033 8.850 8.411 8.411 8.191 7.971 7.752 7.532 7.312 7.093 6.873 6.677 6.533 6.389 6.286 6.266 6.246 6.226 6.185 6.185 6.165 6.145 6.125 6.104 6.084 6.063 6.042 6.030 6.026 6.027 6.028 6.029 6.031 6.032 6.034 6.034 6.035 6.036 6.037 6.038 6.036
10.122 10.023 9.925 9.826 9.728 9.629 9.629 9.353 9.184 9.015 8.845 8.667 8.482 8.297 8.111 7.926 7.740 7.555 7.369 7.184 6.998 6.813 6.813 6.885 7.059 7.233 7.406 7.580 7.754 7.925 8.066 8.207 8.349 8.490 8.631 8.773 8.914 8.887 8.447 8.447 8.228 8.008 7.788 7.569 7.349 7.129 6.912 6.768 6.624 6.480 6.336 6.312 6.292 6.272 6.231 6.231 6.211 6.191 6.171 6.150 6.130 6.110 6.090 6.077 6.078 6.079 6.080 6.081 6.082 6.083 6.085 6.085 6.086 6.087 6.089 6.090 6.090
10.172 10.073 9.975 9.876 9.777 9.679 9.679 9.419 9.250 9.081 8.905 8.720 8.534 8.349 8.163 7.978 7.792 7.607 7.421 7.236 7.051 6.865 6.865 6.791 6.965 7.139 7.312 7.486 7.660 7.806 7.947 8.088 8.230 8.371 8.512 8.654 8.795 8.923 8.484 8.484 8.264 8.044 7.825 7.605 7.385 7.166 7.004 6.860 6.716 6.572 6.427 6.358 6.338 6.318 6.277 6.277 6.257 6.237 6.217 6.196 6.176 6.156 6.113 6.061 6.087 6.112 6.131 6.132 6.133 6.134 6.137 6.137 6.138 6.139 6.140 6.141 6.142
9.993 10.007 10.022 9.926 9.827 9.729 9.729 9.485 9.316 9.143 8.958 8.772 8.586 8.401 8.216 8.030 7.845 7.659 7.474 7.288 7.103 6.917 6.917 6.697 6.871 7.045 7.219 7.392 7.546 7.687 7.828 7.970 8.111 8.252 8.393 8.535 8.676 8.817 8.520 8.520 8.301 8.081 7.861 7.642 7.422 7.240 7.095 6.951 6.807 6.663 6.519 6.404 6.384 6.364 6.323 6.323 6.303 6.283 6.263 6.243 6.222 6.174 6.107 6.040 6.065 6.091 6.117 6.143 6.168 6.186 6.188 6.188 6.189 6.190 6.191 6.192 6.193
9.993 10.007 10.021 9.926 9.827 9.728 9.728 9.485 9.315 9.143 8.957 8.772 8.586 8.401 8.215 8.030 7.844 7.659 7.473 7.288 7.102 6.917 6.917 6.697 6.871 7.044 7.218 7.392 7.546 7.687 7.828 7.969 8.110 8.252 8.393 8.534 8.676 8.817 8.520 8.520 8.300 8.081 7.861 7.641 7.422 7.239 7.095 6.951 6.807 6.663 6.519 6.404 6.383 6.363 6.323 6.323 6.303 6.283 6.262 6.242 6.222 6.174 6.106 6.039 6.065 6.091 6.116 6.142 6.168 6.186 6.188 6.188 6.189 6.190 6.191 6.192 6.193
9.802 9.816 9.830 9.845 9.859 9.778 9.778 9.551 9.380 9.195 9.009 8.824 8.638 8.453 8.268 8.082 7.897 7.711 7.526 7.340 7.155 6.969 6.969 6.603 6.777 6.951 7.124 7.285 7.427 7.568 7.709 7.850 7.992 8.133 8.274 8.415 8.557 8.698 8.557 8.557 8.337 8.117 7.898 7.678 7.475 7.331 7.187 7.043 6.898 6.754 6.610 6.466 6.430 6.409 6.369 6.369 6.349 6.329 6.308 6.288 6.234 6.167 6.099 6.032 6.044 6.069 6.095 6.121 6.147 6.173 6.224 6.224 6.240 6.241 6.242 6.243 6.244
9.611 9.625 9.639 9.654 9.668 9.682 9.682 9.617 9.433 9.247 9.062 8.876 8.691 8.505 8.320 8.134 7.949 7.763 7.578 7.392 7.207 7.021 7.021 6.650 6.683 6.857 7.025 7.166 7.308 7.449 7.590 7.731 7.873 8.014 8.155 8.297 8.438 8.579 8.593 8.593 8.374 8.154 7.934 7.714 7.567 7.422 7.278 7.134 6.990 6.846 6.702 6.557 6.476 6.456 6.415 6.415 6.395 6.375 6.354 6.295 6.228 6.160 6.093 6.025 6.022 6.048 6.074 6.100 6.126 6.151 6.203 6.203 6.229 6.254 6.280 6.295 6.296
9.229 9.243 9.257 9.272 9.301 9.375 9.375 9.512 9.553 9.367 9.180 8.994 8.807 8.621 8.434 8.248 8.061 7.875 7.688 7.502 7.315 7.129 7.129 6.756 6.570 6.646 6.788 6.929 7.070 7.211 7.353 7.494 7.635 7.776 7.918 8.059 8.200 8.341 8.624 8.624 8.447 8.227 8.038 7.894 7.750 7.606 7.462 7.318 7.173 7.029 6.885 6.741 6.597 6.548 6.508 6.508 6.484 6.417 6.349 6.282 6.214 6.147 6.079 6.012 5.980 6.006 6.032 6.058 6.083 6.109 6.161 6.161 6.187 6.212 6.238 6.264 6.294
9.038 9.052 9.070 9.143 9.217 9.291 9.290 9.423 9.478 9.429 9.242 9.056 8.869 8.683 8.496 8.310 8.123 7.937 7.750 7.564 7.377 7.191 7.191 6.818 6.708 6.745 6.852 6.959 7.066 7.173 7.280 7.387 7.516 7.657 7.799 7.940 8.081 8.223 8.505 8.505 8.483 8.274 8.130 7.986 7.842 7.697 7.553 7.409 7.265 7.121 6.977 6.832 6.688 6.594 6.545 6.545 6.478 6.410 6.343 6.275 6.208 6.140 6.073 6.005 5.959 5.985 6.011 6.036 6.062 6.088 6.139 6.139 6.165 6.191 6.217 6.255 6.314
8.847 8.912 8.985 9.059 9.133 9.206 9.206 9.334 9.389 9.443 9.304 9.118 8.931 8.745 8.558 8.372 8.185 7.999 7.812 7.626 7.439 7.253 7.253 6.899 6.899 6.899 6.995 7.102 7.209 7.316 7.423 7.530 7.637 7.744 7.851 7.958 8.065 8.172 8.387 8.386 8.520 8.366 8.221 8.077 7.933 7.789 7.645 7.501 7.356 7.212 7.068 6.924 6.780 6.640 6.539 6.538 6.471 6.403 6.336 6.268 6.201 6.133 6.066 5.998 5.938 5.964 5.989 6.015 6.041 6.066 6.118 6.118 6.144 6.170 6.215 6.275 6.334
8.753 8.827 8.901 8.975 9.048 9.122 9.122 9.245 9.300 9.355 9.366 9.180 8.993 8.807 8.620 8.434 8.247 8.061 7.874 7.688 7.501 7.315 7.315 7.091 7.091 7.091 7.138 7.245 7.352 7.459 7.566 7.673 7.780 7.887 7.994 8.101 8.208 8.315 8.529 8.529 8.487 8.339 8.199 8.058 7.918 7.778 7.638 7.497 7.357 7.217 7.077 6.936 6.796 6.656 6.532 6.532 6.464 6.397 6.329 6.262 6.194 6.127 6.059 5.991 5.924 5.942 5.968 5.994 6.020 6.045 6.097 6.097 6.123 6.176 6.235 6.295 6.354
8.669 8.743 8.817 8.890 8.964 9.038 9.038 9.157 9.211 9.266 9.320 9.242 9.055 8.869 8.682 8.496 8.309 8.123 7.936 7.750 7.563 7.377 7.377 7.282 7.282 7.282 7.282 7.388 7.495 7.602 7.709 7.816 7.923 8.030 8.137 8.244 8.351 8.458 8.601 8.601 8.447 8.292 8.149 8.009 7.869 7.728 7.588 7.448 7.308 7.167 7.027 6.887 6.747 6.626 6.514 6.514 6.457 6.390 6.322 6.255 6.187 6.120 6.052 5.985 5.917 5.921 5.947 5.972 5.998 6.024 6.077 6.077 6.137 6.196 6.256 6.315 6.375
8.585 8.659 8.732 8.806 8.880 8.954 8.953 9.068 9.122 9.177 9.231 9.286 9.117 8.931 8.744 8.558 8.371 8.185 7.998 7.812 7.625 7.474 7.474 7.473 7.473 7.473 7.473 7.531 7.637 7.745 7.852 7.959 8.066 8.173 8.280 8.387 8.494 8.601 8.561 8.561 8.406 8.251 8.100 7.959 7.819 7.679 7.539 7.398 7.258 7.118 6.978 6.837 6.697 6.598 6.486 6.486 6.430 6.374 6.316 6.248 6.181 6.113 6.045 5.978 5.910 5.900 5.925 5.951 5.977 6.003 6.097 6.097 6.157 6.216 6.276 6.335 6.395
8.500 8.574 8.648 8.722 8.796 8.869 8.869 8.979 9.034 9.088 9.143 9.197 9.179 8.993 8.806 8.620 8.433 8.247 8.060 7.874 7.687 7.665 7.665 7.665 7.665 7.665 7.664 7.673 7.780 7.887 7.994 8.101 8.209 8.316 8.423 8.530 8.637 8.744 8.520 8.520 8.365 8.211 8.056 7.910 7.770 7.629 7.489 7.349 7.209 7.069 6.928 6.788 6.648 6.570 6.458 6.458 6.402 6.346 6.290 6.234 6.174 6.106 6.039 5.971 5.904 5.878 5.904 5.930 5.956 5.998 6.117 6.117 6.177 6.236 6.296 6.356 6.415
8.416 8.490 8.564 8.638 8.711 8.781 8.781 8.890 8.945 8.999 9.054 9.108 9.163 9.054 8.868 8.682 8.495 8.309 8.122 7.936 7.857 7.856 7.856 7.856 7.856 7.856 7.856 7.856 7.923 8.030 8.137 8.244 8.351 8.458 8.566 8.672 8.780 8.789 8.479 8.479 8.325 8.170 8.016 7.861 7.720 7.580 7.440 7.299 7.159 7.019 6.879 6.739 6.598 6.542 6.430 6.430 6.374 6.318 6.262 6.205 6.149 6.093 6.032 5.964 5.897 5.857 5.883 5.909 5.959 6.018 6.138 6.138 6.197 6.256 6.316 6.376 6.435
8.332 8.406 8.479 8.553 8.627 8.692 8.692 8.801 8.856 8.911 8.965 9.020 9.074 9.117 8.930 8.744 8.557 8.371 8.184 8.048 8.048 8.048 8.048 8.048 8.047 8.047 8.047 8.047 8.066 8.173 8.280 8.387 8.494 8.601 8.708 8.815 8.903 8.748 8.439 8.439 8.284 8.130 7.975 7.820 7.671 7.531 7.390 7.250 7.110 6.969 6.829 6.689 6.570 6.514 6.402 6.402 6.346 6.290 6.234 6.177 6.121 6.065 6.009 5.953 5.890 5.836 5.861 5.920 5.979 6.039 6.158 6.158 6.217 6.277 6.336 6.396 6.455
8.248 8.321 8.395 8.469 8.543 8.603 8.603 8.712 8.767 8.822 8.876 8.931 8.985 9.040 8.992 8.806 8.619 8.433 8.246 8.239 8.239 8.239 8.239 8.239 8.239 8.239 8.239 8.238 8.238 8.316 8.423 8.530 8.637 8.744 8.851 8.958 8.862 8.707 8.398 8.398 8.244 8.089 7.934 7.780 7.625 7.481 7.341 7.200 7.060 6.920 6.780 6.640 6.542 6.486 6.374 6.374 6.318 6.262 6.205 6.149 6.093 6.037 5.981 5.925 5.869 5.855 5.880 5.940 5.999 6.059 6.178 6.178 6.237 6.297 6.356 6.416 6.476
8.163 8.237 8.311 8.384 8.458 8.514 8.514 8.624 8.678 8.733 8.787 8.842 8.897 8.951 9.006 8.868 8.681 8.495 8.431 8.431 8.431 8.430 8.430 8.430 8.430 8.430 8.430 8.430 8.430 8.459 8.566 8.673 8.780 8.887 8.994 8.976 8.822 8.667 8.358 8.358 8.203 8.048 7.894 7.739 7.585 7.431 7.291 7.151 7.011 6.870 6.730 6.590 6.514 6.458 6.346 6.346 6.290 6.234 6.177 6.121 6.065 6.009 5.953 5.917 6.010 6.103 6.069 6.022 6.019 6.079 6.198 6.198 6.257 6.317 6.377 6.436 6.496
8.164 8.183 8.226 8.300 8.371 8.425 8.425 8.535 8.589 8.644 8.699 8.753 8.808 8.862 8.917 8.930 8.743 8.622 8.622 8.622 8.622 8.622 8.622 8.622 8.621 8.621 8.621 8.621 8.621 8.621 8.709 8.816 8.923 9.030 9.090 8.936 8.781 8.626 8.317 8.317 8.162 8.008 7.853 7.699 7.544 7.389 7.242 7.101 6.961 6.821 6.681 6.542 6.486 6.430 6.318 6.318 6.262 6.205 6.149 6.093 6.037 5.981 6.073 6.166 6.259 6.352 6.329 6.283 6.236 6.190 6.218 6.218 6.278 6.337 6.397 6.456 6.516
8.185 8.204 8.222 8.241 8.282 8.337 8.336 8.446 8.501 8.555 8.610 8.664 8.719 8.773 8.828 8.883 8.814 8.814 8.814 8.813 8.813 8.813 8.813 8.813 8.813 8.813 8.812 8.812 8.812 8.812 8.852 8.959 9.066 9.173 9.050 8.895 8.740 8.586 8.276 8.276 8.122 7.967 7.813 7.658 7.503 7.349 7.194 7.052 6.912 6.771 6.631 6.514 6.458 6.402 6.290 6.290 6.233 6.177 6.121 6.065 6.136 6.229 6.322 6.415 6.508 6.601 6.590 6.543 6.497 6.450 6.358 6.358 6.311 6.357 6.417 6.476 6.536
8.185 8.203 8.222 8.241 8.282 8.336 8.336 8.445 8.500 8.555 8.609 8.664 8.718 8.773 8.828 8.882 8.813 8.813 8.813 8.813 8.813 8.813 8.813 8.813 8.812 8.812 8.812 8.812 8.812 8.812 8.851 8.958 9.065 9.173 9.049 8.895 8.740 8.585 8.276 8.276 8.121 7.967 7.812 7.658 7.503 7.348 7.194 7.052 6.911 6.771 6.631 6.514 6.458 6.401 6.289 6.289 6.233 6.177 6.121 6.065 6.135 6.229 6.322 6.415 6.508 6.601 6.589 6.543 6.496 6.450 6.357 6.357 6.311 6.357 6.416 6.476 6.536
8.205 8.224 8.243 8.239 8.204 8.259 8.259 8.367 8.422 8.476 8.530 8.584 8.639 8.693 8.747 8.802 8.962 8.975 8.988 9.001 9.004 9.004 9.004 9.004 9.004 9.004 9.003 9.003 9.003 9.003 9.003 9.101 9.208 9.163 9.009 8.854 8.699 8.545 8.236 8.235 8.081 7.926 7.772 7.617 7.462 7.308 7.153 7.002 6.862 6.722 6.581 6.486 6.429 6.373 6.261 6.261 6.205 6.149 6.198 6.291 6.384 6.477 6.570 6.664 6.757 6.850 6.850 6.803 6.757 6.711 6.618 6.618 6.571 6.525 6.479 6.496 6.556
8.225 8.244 8.239 8.199 8.159 8.183 8.182 8.291 8.345 8.400 8.454 8.508 8.563 8.617 8.671 8.805 9.019 9.091 9.104 9.117 9.129 9.142 9.142 9.168 9.181 9.194 9.195 9.195 9.194 9.194 9.194 9.244 9.277 9.123 8.968 8.813 8.659 8.504 8.195 8.195 8.040 7.886 7.731 7.576 7.422 7.267 7.112 6.958 6.812 6.672 6.532 6.457 6.401 6.345 6.233 6.233 6.261 6.354 6.447 6.540 6.633 6.726 6.819 6.912 7.005 7.099 7.110 7.064 7.018 6.971 6.878 6.878 6.832 6.786 6.739 6.693 6.647
8.240 8.200 8.160 8.120 8.080 8.040 8.040 8.139 8.193 8.248 8.302 8.356 8.411 8.465 8.674 8.887 9.101 9.315 9.336 9.349 9.361 9.374 9.374 9.400 9.413 9.426 9.439 9.452 9.465 9.478 9.491 9.381 9.233 9.073 8.913 8.753 8.593 8.434 8.114 8.114 7.959 7.805 7.650 7.495 7.341 7.186 7.032 6.877 6.722 6.573 6.458 6.402 6.387 6.480 6.666 6.666 6.759 6.852 6.945 7.038 7.131 7.224 7.317 7.410 7.504 7.597 7.632 7.585 7.539 7.493 7.400 7.400 7.354 7.307 7.261 7.215 7.168
8.200 8.160 8.120 8.080 8.040 8.000 8.000 8.063 8.117 8.172 8.226 8.280 8.335 8.501 8.715 8.928 9.142 9.355 9.451 9.464 9.477 9.490 9.490 9.516 9.529 9.542 9.555 9.568 9.581 9.594 9.490 9.371 9.234 9.075 8.915 8.755 8.595 8.435 8.116 8.116 7.956 7.796 7.636 7.477 7.317 7.157 6.997 6.838 6.682 6.527 6.450 6.543 6.636 6.729 6.915 6.915 7.008 7.101 7.194 7.287 7.380 7.473 7.566 7.659 7.753 7.846 7.892 7.846 7.800 7.753 7.661 7.660 7.614 7.568 7.521 7.475 7.429
8.160 8.120 8.080 8.040 8.000 7.960 7.960 7.987 8.041 8.096 8.150 8.204 8.328 8.542 8.756 8.969 9.183 9.396 9.567 9.580 9.593 9.606 9.606 9.632 9.645 9.658 9.671 9.683 9.696 9.598 9.480 9.361 9.236 9.077 8.917 8.757 8.597 8.437 8.118 8.118 7.958 7.798 7.638 7.478 7.319 7.159 6.999 6.839 6.679 6.537 6.567 6.776 6.885 6.978 7.164 7.164 7.257 7.350 7.443 7.536 7.629 7.722 7.815 7.908 8.002 8.095 8.153 8.107 8.060 8.014 7.921 7.921 7.875 7.828 7.782 7.736 7.690
