includes/camargue/floodfiles/results_R2_t1.562345283857E12/res.totaltm
ncols         906
nrows         631
xllcorner     362177.146667
yllcorner     6534725.688020
cellsize      20.000000
NODATA_value  -9999.000000
[rows 363 to 395 of 631, columns 684 to 759 of 906]
12.220 12.218 12.224 12.216 12.105 12.185 12.243 12.259 11.970 12.263 12.274 12.257 12.246 12.253 12.222 12.204 2.795 2.742 12.249 12.053 4.845 12.188 12.172 12.030 12.015 11.884 11.908 11.895 11.819 11.838 0.000 11.820 11.811 11.805 4.134 11.756 11.801 11.860 11.881 11.872 11.883 11.892 11.877 11.857 11.865 11.876 11.845 11.811 11.883 11.877 11.847 11.834 11.843 11.831 11.823 11.815 11.795 11.762 11.753 11.741 11.715 11.704 11.691 11.679 11.638 11.622 11.613 11.605 11.593 11.566 2.982 7.558 11.297 11.281 11.284 11.494
12.234 12.229 12.229 12.223 12.195 12.213 12.266 12.285 12.294 12.269 12.325 12.255 12.258 12.282 12.137 1.381 12.336 12.315 12.275 12.241 12.193 12.215 12.207 12.186 11.995 11.920 11.920 11.874 11.926 11.843 1.408 11.824 11.756 11.757 11.773 11.773 4.065 11.881 11.888 11.875 11.892 11.899 11.884 11.865 11.878 11.890 11.862 11.876 11.890 11.884 11.857 11.845 11.851 11.840 11.829 11.822 11.768 11.759 11.750 11.740 11.726 11.712 11.684 11.678 11.636 11.490 11.480 2.900 11.437 11.424 11.402 11.348 11.323 11.291 11.217 11.526
12.246 12.240 12.248 9.530 10.091 12.252 12.290 12.302 12.307 12.326 12.340 12.273 12.311 12.294 12.366 12.379 12.368 12.346 8.308 4.391 8.847 12.240 12.240 12.210 12.181 12.009 11.985 11.971 11.937 11.928 4.468 11.835 11.754 11.760 11.837 11.952 11.833 6.245 11.945 11.888 11.892 11.917 11.912 11.889 11.891 11.900 11.898 11.889 11.903 11.896 11.884 11.877 11.870 11.854 11.834 11.826 11.717 11.740 11.741 11.726 11.700 11.691 11.682 4.934 11.389 5.152 5.323 0.532 2.393 11.411 11.387 11.368 11.353 2.013 11.209 3.764
12.296 12.282 12.272 12.217 12.278 12.225 12.274 12.313 12.323 12.304 12.353 12.347 12.321 4.335 4.688 13.009 6.810 6.840 8.404 7.584 7.454 12.266 12.262 12.033 12.039 12.011 12.003 11.853 11.927 5.426 11.854 11.848 11.808 11.817 11.959 11.969 11.975 11.967 11.954 11.871 4.102 11.962 11.930 11.906 11.903 11.909 11.946 11.921 11.915 11.907 11.901 11.895 11.871 11.802 11.764 11.812 5.455 11.460 11.453 2.410 1.906 8.682 11.468 11.440 11.430 11.418 11.397 4.121 11.392 11.371 11.372 11.364 11.298 11.281 11.374 11.410
12.319 12.294 12.281 12.279 12.300 12.309 12.318 12.324 12.332 12.363 12.396 12.363 5.307 2.316 13.040 13.027 13.020 13.008 12.997 12.804 12.370 12.351 12.290 11.919 6.561 11.998 11.984 11.971 11.927 0.448 11.860 11.854 11.827 11.826 11.960 11.969 11.992 11.847 11.984 11.961 11.960 11.973 11.951 6.894 4.504 11.946 11.965 11.945 11.909 11.899 11.887 11.875 11.719 3.461 11.511 11.592 4.631 8.695 11.436 11.405 4.106 1.302 3.472 11.431 3.732 0.870 0.869 11.458 11.432 11.424 11.386 11.354 11.338 3.869 11.246 11.234
12.338 12.320 4.156 6.193 12.305 12.317 12.324 12.339 12.346 12.398 12.406 12.379 5.270 13.066 13.058 5.472 5.148 5.138 10.412 6.020 12.360 8.121 12.276 12.054 9.203 11.103 11.997 11.980 11.962 2.786 11.870 11.803 11.884 11.893 11.950 11.829 11.998 11.882 11.993 11.965 11.966 11.982 11.996 12.006 12.007 11.991 11.982 11.896 4.511 4.586 3.282 3.665 6.185 11.532 3.668 5.068 3.229 4.892 9.152 11.398 11.372 11.358 2.348 11.520 11.535 11.516 11.498 11.489 11.443 11.386 11.355 11.289 11.287 11.268 11.254 4.928
12.341 12.323 12.307 4.730 12.222 12.245 12.333 12.351 12.345 12.387 12.458 12.472 3.041 13.140 5.738 2.302 12.292 12.319 10.104 3.522 12.208 12.198 12.104 6.257 7.729 9.545 11.939 2.044 11.932 11.848 11.885 11.831 11.909 11.922 11.980 11.847 12.026 11.896 12.000 11.980 11.989 11.997 12.009 12.023 12.016 12.007 11.973 2.067 11.840 11.841 4.045 2.101 0.653 4.407 1.552 9.962 4.289 2.116 3.048 2.248 11.364 11.375 11.394 0.790 11.547 11.537 11.523 11.426 11.348 11.049 11.360 11.328 11.300 11.286 4.049 0.000
12.370 12.352 9.738 12.309 3.334 12.336 12.344 12.357 12.353 12.366 12.474 12.489 13.230 13.221 4.388 7.742 12.216 12.218 6.795 12.217 12.218 12.182 6.285 12.020 6.621 11.948 11.767 11.874 11.852 2.654 11.891 11.943 11.959 11.977 11.990 11.998 12.036 12.046 12.036 11.877 11.994 12.002 12.021 12.032 12.023 4.541 12.083 12.013 12.049 12.045 8.748 4.348 11.785 12.046 12.040 12.034 12.014 3.860 11.596 7.247 1.791 1.394 11.535 11.567 11.557 11.548 11.534 11.475 11.438 11.414 11.397 8.932 4.497 0.000 0.000 5.283
12.311 12.302 12.315 12.320 5.644 1.904 6.935 12.371 12.454 12.457 12.481 2.446 13.243 5.745 4.844 4.279 12.183 12.154 12.227 12.234 12.229 12.222 12.197 7.788 6.153 12.019 12.002 11.903 11.979 11.970 11.887 11.931 11.954 11.972 11.978 12.003 12.039 12.052 8.717 3.934 2.773 3.863 10.277 12.039 12.026 12.081 12.093 11.954 12.057 12.053 12.058 12.067 12.061 12.051 12.038 11.998 3.832 9.356 11.608 4.146 11.657 11.640 11.627 11.585 11.562 11.543 11.527 11.509 11.486 11.432 11.373 1.745 0.000 0.410 5.731 7.554
3.823 3.830 12.322 12.336 6.161 1.594 4.399 3.971 12.465 12.494 12.512 13.266 13.253 4.662 8.263 5.417 5.197 5.333 12.237 12.265 12.255 12.231 12.200 12.160 12.101 9.010 12.014 11.998 11.986 11.964 11.848 11.510 4.604 4.600 12.126 11.990 7.033 12.086 12.172 12.176 12.084 12.069 12.139 12.152 12.139 1.423 12.104 10.745 12.096 12.088 12.085 12.081 12.065 12.056 11.919 11.862 11.813 11.793 11.772 11.747 11.672 9.261 7.490 11.557 11.541 11.551 11.534 11.515 11.490 11.351 0.000 0.000 3.768 5.975 7.923 8.178
5.737 6.015 5.543 12.369 8.769 0.691 3.277 3.812 5.729 12.442 3.068 13.281 5.211 3.844 12.467 12.389 7.760 8.143 12.282 12.274 12.259 12.247 12.232 12.085 12.085 12.037 12.030 12.006 7.439 4.396 11.871 10.538 4.373 4.353 12.139 12.183 12.169 4.043 12.184 12.190 4.316 5.738 2.379 12.181 12.127 12.133 12.119 12.114 12.104 12.095 12.097 12.090 12.071 10.094 11.899 11.835 11.822 11.805 11.780 11.701 11.671 11.645 11.620 11.609 11.593 11.562 11.548 11.476 11.309 3.129 0.000 4.271 6.335 8.767 8.202 8.443
6.222 6.571 4.177 12.411 12.399 12.421 0.000 4.200 4.581 4.024 13.359 13.354 4.634 3.960 10.177 9.569 12.355 12.345 12.331 6.488 12.088 3.942 3.791 11.122 2.953 3.744 0.723 0.421 0.271 1.854 3.358 1.806 3.790 3.745 12.170 11.857 10.468 12.150 12.202 12.219 12.223 12.211 12.173 12.198 12.221 12.212 11.737 12.128 12.124 12.114 12.103 12.097 11.912 11.904 6.587 11.821 11.805 11.789 11.742 11.729 11.712 11.630 11.594 10.875 3.997 1.455 1.711 0.000 0.000 0.000 4.621 6.661 8.381 8.918 8.874 9.043
13.032 13.030 12.709 12.421 12.468 12.434 0.723 3.858 2.421 3.779 13.376 5.402 4.900 13.111 13.111 12.947 12.371 12.364 1.861 1.643 2.940 3.228 4.343 4.294 4.324 4.461 3.810 4.022 4.374 4.103 4.272 8.104 6.305 6.643 6.399 9.314 3.970 4.570 5.096 12.231 12.233 12.223 5.512 12.237 12.235 12.224 9.373 12.146 12.140 12.129 12.118 12.077 11.887 11.873 11.851 11.823 11.811 11.794 11.763 11.714 11.637 6.184 11.581 1.546 0.000 0.000 0.000 0.000 0.000 4.980 7.079 8.140 8.422 14.081 9.231 10.188
13.203 13.201 12.953 12.754 12.491 4.521 1.553 5.499 10.189 13.403 13.392 3.805 5.901 13.281 13.267 13.242 13.104 13.095 4.878 4.146 3.982 4.184 5.142 4.747 8.455 12.769 12.764 12.748 12.729 12.694 12.649 12.635 12.620 12.604 12.566 12.528 8.139 8.164 10.977 12.282 12.276 12.277 12.235 12.259 12.248 12.235 12.222 12.191 4.031 4.052 12.034 6.370 11.872 5.119 11.829 11.820 11.779 11.768 11.699 7.721 2.483 0.000 0.000 0.000 0.000 0.000 0.000 0.000 5.128 7.169 8.336 8.153 14.077 9.109 9.281 14.127
13.289 13.286 12.944 12.889 12.555 4.361 3.590 13.297 13.427 13.417 4.807 5.324 13.344 13.331 13.267 13.206 13.198 13.187 13.179 13.133 13.124 11.083 9.984 11.833 11.361 11.521 12.804 12.727 12.719 12.724 12.711 12.692 12.599 12.570 12.555 12.540 12.470 12.436 11.172 10.781 12.312 12.326 12.318 12.300 12.259 12.249 12.207 12.198 1.920 1.902 11.791 11.772 11.827 11.817 11.820 11.806 10.367 4.566 2.882 0.755 0.000 0.000 0.000 0.467 10.961 0.000 0.000 5.455 7.219 8.104 8.563 8.839 8.412 8.961 9.871 8.684
13.344 13.344 12.987 12.992 12.884 5.283 5.411 13.335 13.442 4.923 6.381 13.384 13.426 13.337 6.336 5.670 9.287 9.261 9.804 9.980 13.115 13.093 13.050 13.018 13.007 12.947 12.871 12.851 12.834 12.777 12.706 12.666 12.633 12.605 12.555 12.536 12.508 12.432 12.420 12.404 12.366 12.356 12.332 12.316 12.307 8.253 4.388 12.159 1.726 1.732 11.534 11.737 11.817 3.171 6.523 6.155 9.112 0.000 0.000 0.000 0.000 11.329 11.305 11.261 1.653 12.843 6.175 8.263 14.020 14.023 8.130 14.084 14.092 8.696 11.572 11.977
13.365 13.365 8.675 13.009 12.670 5.196 5.284 13.345 13.448 4.908 6.187 13.407 13.441 13.339 6.269 5.736 11.074 10.091 10.699 10.556 13.103 13.083 13.050 13.014 13.001 12.947 12.871 12.851 12.834 12.777 12.707 12.668 12.635 12.599 12.545 12.527 12.512 12.431 12.437 12.423 12.368 12.357 12.333 12.317 12.309 7.842 4.320 12.151 1.750 1.758 11.746 11.746 11.801 3.182 8.822 6.424 11.572 0.000 0.000 0.000 0.000 10.934 11.347 11.302 0.723 6.145 5.633 7.599 12.249 14.044 8.126 14.094 10.887 8.639 13.160 13.243
13.435 13.423 13.113 13.091 10.188 5.275 5.469 13.490 13.485 5.873 13.417 13.442 13.460 13.399 6.332 5.373 4.871 4.976 3.287 4.074 7.265 8.534 13.041 13.030 11.159 9.473 12.801 12.797 12.783 12.680 12.681 12.658 12.636 12.609 12.568 12.559 12.525 12.516 12.470 12.447 12.434 12.355 12.343 12.334 12.324 12.302 8.117 3.124 2.289 2.300 2.583 2.035 6.795 4.785 3.254 0.797 0.073 0.000 0.378 1.541 4.041 6.499 1.849 0.384 4.161 8.889 7.946 8.354 14.081 8.449 14.097 8.435 9.953 14.146 12.043 8.935
13.460 13.448 13.239 13.159 9.770 5.583 6.444 13.505 7.433 13.480 13.487 13.477 13.470 13.464 6.338 5.370 4.246 4.278 3.971 4.087 5.371 10.406 10.455 12.998 12.946 12.937 12.926 12.876 12.731 12.707 12.691 12.630 12.615 12.600 12.580 12.568 12.554 12.497 12.443 12.434 12.422 12.387 12.373 12.339 12.330 12.299 12.285 12.276 4.148 4.262 3.445 3.174 1.020 0.862 1.777 2.582 12.085 12.088 12.075 12.062 8.567 4.068 0.000 4.623 6.419 8.988 8.578 9.337 10.357 11.027 8.864 9.682 11.372 8.793 14.146 14.162
11.293 13.454 13.417 13.527 13.567 13.576 13.565 13.511 13.516 13.514 13.522 13.519 13.521 13.517 8.903 5.422 4.441 4.549 3.263 3.069 4.122 5.944 12.877 10.692 9.215 12.027 11.074 12.867 12.783 12.705 12.725 12.700 12.639 12.625 12.614 12.531 12.521 12.500 12.489 12.451 12.390 12.377 12.366 12.334 12.326 12.304 12.296 12.279 12.272 12.259 12.244 10.960 12.224 12.204 12.162 12.155 12.144 12.095 12.087 3.381 0.849 5.372 7.153 8.597 8.112 14.095 14.112 8.914 11.214 10.369 8.769 8.831 14.182 13.036 8.230 8.716
13.493 13.493 13.289 13.539 13.580 13.587 13.583 13.533 13.542 13.529 13.538 13.564 13.575 13.530 13.581 5.864 5.099 5.153 3.127 2.335 12.183 4.825 4.900 8.817 9.075 8.719 8.873 12.835 12.815 12.806 12.741 7.491 9.340 9.469 12.588 12.566 12.545 12.492 12.474 12.433 12.422 12.386 12.371 12.363 12.331 12.323 12.303 12.292 12.279 12.266 12.245 12.239 12.220 12.205 4.733 12.150 12.114 12.093 1.950 3.838 5.532 7.517 9.776 14.078 14.091 14.106 11.431 12.283 12.923 11.600 8.804 14.189 7.559 14.220 11.262 10.549
10.184 10.344 6.808 13.546 13.604 13.597 13.547 13.580 13.569 13.566 13.553 13.550 13.608 13.623 13.654 7.150 5.435 5.485 2.324 2.462 4.591 4.036 4.671 4.209 3.865 4.092 6.336 10.745 12.783 12.750 12.737 12.674 12.665 12.650 9.321 12.538 12.501 12.480 12.468 12.418 12.409 12.399 12.376 12.361 12.338 12.328 6.749 12.272 12.265 12.253 12.240 12.233 12.226 12.205 5.033 12.151 8.252 0.778 4.452 6.045 8.203 9.388 8.127 8.814 8.531 8.439 8.423 14.168 10.363 14.190 14.211 14.198 14.193 8.483 11.014 10.948
12.850 12.968 6.897 13.641 13.619 13.602 13.561 13.594 13.580 13.610 13.616 13.662 13.653 13.655 13.665 13.650 6.794 6.835 4.251 2.484 2.970 3.881 4.591 3.181 12.132 3.921 7.347 12.703 12.739 12.720 12.641 12.620 12.423 12.532 9.996 11.346 12.483 12.424 12.425 12.460 12.434 12.394 12.383 12.348 12.336 12.324 12.303 12.295 9.746 9.880 12.248 11.938 12.219 5.423 3.437 2.029 0.827 5.119 6.534 8.564 8.647 8.684 8.990 8.746 8.545 12.514 10.266 12.651 14.205 9.839 14.219 14.213 8.898 8.830 10.113 10.921
13.581 13.572 8.912 13.645 13.637 13.588 13.576 13.608 13.667 13.637 13.659 13.893 13.911 13.663 13.916 13.883 13.888 13.887 5.317 3.841 3.881 3.391 3.916 4.483 8.997 12.201 6.884 4.060 5.790 7.900 12.621 12.598 12.547 12.530 12.514 12.471 12.470 12.436 12.460 12.484 12.427 10.228 12.378 12.352 12.341 12.321 12.313 12.302 12.284 12.276 7.334 4.548 1.528 0.484 0.246 3.310 5.358 7.249 8.430 8.756 8.845 9.372 9.518 8.914 8.750 9.038 9.024 8.939 13.693 8.910 14.234 8.970 9.461 9.144 10.135 11.599
13.608 13.593 13.695 13.662 13.586 13.615 13.625 13.665 13.681 13.657 13.684 13.707 13.929 13.937 13.942 13.709 13.933 13.932 6.779 5.387 4.065 3.579 2.543 3.335 4.074 6.701 4.215 12.226 5.297 4.560 4.040 7.797 12.533 12.516 12.502 12.456 12.460 12.488 12.467 12.514 12.489 12.164 12.391 12.373 12.351 12.324 12.150 12.293 8.371 8.579 2.511 0.354 1.306 0.349 3.958 5.679 7.659 8.466 8.558 14.123 14.136 8.528 14.166 8.983 8.839 14.193 14.206 14.182 14.228 14.240 14.264 14.261 14.285 13.608 14.204 9.152
13.637 13.622 13.703 13.689 13.573 7.220 13.665 13.699 13.904 13.902 13.695 13.921 13.954 13.945 13.971 13.969 13.942 13.945 13.968 7.208 5.847 4.865 1.956 1.743 1.931 3.579 3.271 3.880 4.191 12.159 12.149 4.208 9.079 7.130 12.468 12.491 12.458 12.504 12.522 6.539 4.422 3.782 3.370 3.365 4.326 7.188 5.584 4.934 4.130 4.243 1.809 1.007 0.691 4.111 5.859 7.803 8.701 8.744 9.384 12.956 9.056 14.167 13.683 9.029 14.190 14.194 14.203 14.226 9.604 9.906 13.065 9.246 9.258 14.500 14.500 14.218
13.625 13.616 13.771 7.296 8.084 9.437 11.563 13.918 13.933 13.935 13.961 13.940 13.965 13.981 13.999 13.980 13.970 13.972 13.978 13.997 10.296 6.794 5.917 4.881 3.272 0.971 1.948 3.310 3.186 4.004 12.167 7.944 6.724 4.847 5.307 5.633 4.278 4.030 6.086 6.554 6.557 5.308 5.186 4.858 4.102 1.467 3.135 1.708 0.000 0.000 1.049 0.936 4.044 6.176 8.537 8.805 8.737 14.140 8.767 14.142 11.435 11.277 14.207 14.211 9.052 14.215 14.216 8.936 9.615 9.119 12.960 13.672 13.027 14.205 14.498 14.446
13.909 13.904 13.891 13.908 13.703 13.947 11.815 11.743 13.957 13.946 13.977 13.979 14.001 14.000 14.016 13.999 14.001 14.002 14.001 14.024 14.023 8.846 8.303 7.099 6.406 5.501 4.821 3.872 2.243 1.698 1.965 3.148 4.000 3.955 5.579 6.144 6.722 6.886 8.045 8.706 8.273 8.275 8.528 7.238 6.569 5.597 4.450 2.557 1.092 1.095 2.503 4.551 5.972 8.204 8.415 8.821 9.145 10.545 8.854 8.612 10.288 14.206 12.578 11.572 9.471 9.066 9.052 9.066 9.988 10.084 13.793 13.791 13.527 13.935 14.404 14.448
14.063 14.063 12.423 13.966 14.001 13.969 13.952 13.986 13.982 13.984 14.005 13.986 14.009 14.006 14.022 14.046 14.039 14.038 14.032 14.037 14.047 14.036 13.794 9.368 8.565 7.571 7.052 6.769 6.339 6.090 6.300 6.630 7.067 6.988 8.230 7.802 13.714 8.795 9.474 9.451 13.662 8.539 8.592 7.451 8.529 7.686 6.891 5.341 4.701 4.701 5.168 6.257 7.633 8.130 9.178 8.968 8.547 10.477 10.309 7.570 7.642 7.687 12.925 14.267 9.254 9.455 9.304 9.219 10.170 10.234 13.162 13.585 13.586 13.816 14.257 14.404
14.096 14.096 12.614 14.018 14.012 13.999 13.967 13.999 14.003 14.002 14.013 14.033 14.036 14.030 14.037 14.061 14.051 14.048 12.132 14.064 14.057 14.053 10.608 11.183 10.575 9.312 14.038 14.029 8.621 8.424 8.437 8.479 8.333 8.489 8.247 8.875 9.039 10.560 10.833 10.319 8.946 13.663 8.421 8.952 13.687 8.069 8.006 7.261 5.499 5.499 6.422 7.998 7.796 8.268 8.952 9.253 8.742 8.578 14.200 11.876 14.223 8.399 8.737 13.493 12.804 9.376 9.259 9.956 10.207 10.308 12.573 13.284 13.510 13.735 14.109 14.318
14.112 14.112 14.048 14.040 14.032 14.005 14.003 14.032 14.043 14.009 14.044 14.053 14.056 14.057 14.059 14.094 14.072 14.072 14.085 14.074 14.086 14.073 14.071 13.486 9.076 12.407 10.498 14.041 8.480 14.035 8.764 8.441 10.557 10.556 8.549 8.656 11.861 11.449 7.937 13.904 10.511 7.928 8.488 8.074 8.966 8.557 8.499 7.721 7.258 7.260 8.386 14.014 8.583 8.560 9.099 14.186 9.991 14.221 12.545 8.984 9.470 9.015 8.760 9.675 14.271 14.467 12.284 11.784 11.369 11.054 12.132 12.968 13.378 13.642 13.979 14.216
14.134 14.127 14.083 14.051 14.051 14.046 14.036 14.043 14.052 14.049 14.084 14.066 14.086 14.066 14.087 14.108 14.094 14.094 14.093 14.094 14.107 14.090 14.098 14.082 12.488 14.075 10.466 8.996 14.050 14.048 8.598 14.018 14.012 14.006 11.847 11.729 11.018 10.180 14.000 9.375 13.901 8.024 8.960 13.985 8.919 13.962 13.954 8.106 8.095 8.048 8.340 14.024 9.766 14.077 8.426 12.510 10.012 14.237 8.941 13.870 10.732 14.500 8.928 14.235 8.995 14.500 14.305 14.335 14.363 14.395 14.455 14.500 14.500 14.500 14.500 14.500
14.145 14.136 14.087 14.054 14.063 14.058 14.048 14.053 14.065 14.063 14.096 14.080 14.097 14.078 14.097 14.121 14.104 14.104 14.101 14.104 14.118 14.106 14.110 14.092 12.303 14.085 9.798 8.876 14.057 14.058 8.584 13.808 14.022 14.015 10.723 10.804 9.867 9.468 12.095 8.567 12.160 7.891 8.479 14.002 8.220 11.222 13.966 8.070 7.999 7.980 8.458 14.031 9.122 9.936 8.435 12.537 9.898 14.253 8.919 10.367 9.831 14.500 8.893 14.229 9.014 14.192 12.179 12.258 12.298 12.314 12.388 12.599 12.889 13.204 13.568 13.829
