includes/mada_coast/shapefiles/dem.asc
ncols        271
nrows        301
XLLCORNER 384110.63900336897
YLLCORNER 1149636.1010820866
cellsize  30
NODATA_value -9999 
[rows 0 to 57 of 301, columns 96 to 191 of 271]
-10 -9 -9 -9 -9 -9 -9 -9 -8 -8 -8 -8 -8 -8 -7 -7 -7 -7 -7 -6 -6 -6 -6 -5 -5 -5 -5 -5 -4 -4 -4 -4 -4 -4 -4 -4 -4 -4 -4 -4 -4 -4 -4 -3 -3 -3 -3 -3 -3 -2 -2 -2 -2 -2 -1 -1 -1 -1 -1 0 4 8 10 10 11 12 13 14 15 15 15 13 12 10 9 9 9 10 10 9 8 8 8 9 9 10 10 10 11 11 12 12 12 13 14 12
-10 -9 -9 -9 -9 -9 -9 -8 -8 -8 -8 -8 -8 -7 -7 -7 -7 -7 -6 -6 -6 -6 -5 -5 -5 -5 -5 -4 -4 -4 -4 -4 -4 -4 -4 -4 -4 -4 -3 -3 -3 -3 -3 -3 -3 -3 -3 -3 -2 -2 -2 -2 -2 -1 -1 -1 -1 -1 0 0 7 9 9 9 11 13 14 14 13 13 12 12 11 9 9 9 10 11 12 11 9 9 8 9 9 9 9 9 11 12 12 12 12 12 13 12
-9 -9 -9 -9 -9 -9 -8 -8 -8 -8 -8 -8 -7 -7 -7 -7 -7 -6 -6 -6 -6 -5 -5 -5 -5 -5 -4 -4 -4 -4 -4 -4 -4 -3 -3 -3 -3 -3 -3 -3 -3 -3 -3 -3 -3 -3 -3 -2 -2 -2 -2 -2 -1 -1 -1 -1 -1 0 8 9 11 11 10 10 12 14 13 13 12 11 11 11 9 9 9 10 11 12 12 11 9 9 9 9 9 10 10 11 12 12 12 12 11 12 13 12
-9 -9 -9 -9 -9 -8 -8 -8 -8 -8 -8 -7 -7 -7 -7 -7 -6 -6 -6 -6 -5 -5 -5 -5 -5 -4 -4 -4 -4 -3 -3 -3 -3 -3 -3 -3 -3 -3 -3 -3 -3 -3 -3 -3 -3 -3 -2 -2 -2 -2 -2 -1 -1 -1 -1 -1 8 8 9 11 12 11 10 12 15 15 13 12 11 11 10 10 9 9 10 11 11 12 11 10 9 9 9 9 10 10 11 12 12 11 11 12 12 13 14 12
-9 -9 -9 -9 -9 -8 -8 -8 -8 -8 -7 -7 -7 -7 -7 -6 -6 -6 -6 -5 -5 -5 -5 -5 -4 -4 -4 -4 -3 -3 -3 -3 -3 -3 -3 -3 -3 -3 -3 -3 -3 -3 -3 -3 -3 -2 -2 -2 -2 -2 -1 -1 -1 8 8 9 10 11 10 11 11 11 12 14 17 16 14 13 12 11 10 10 10 11 11 11 10 11 11 9 9 9 8 9 10 11 11 11 10 9 9 10 12 13 13 12
-9 -9 -9 -9 -8 -8 -8 -8 -8 -7 -7 -7 -7 -7 -6 -6 -6 -6 -5 -5 -5 -5 -5 -4 -4 -4 -4 -3 -3 -3 -3 -3 -3 -3 -3 -3 -3 -3 -3 -3 -3 -2 -2 -2 -2 -2 -2 -2 -2 -1 -1 -1 7 8 9 11 12 12 11 11 11 12 14 17 18 17 16 15 13 11 10 10 10 10 10 10 9 10 10 10 10 10 9 10 11 11 10 10 10 9 10 11 13 14 12 11
-9 -9 -9 -9 -8 -8 -8 -8 -7 -7 -7 -7 -7 -6 -6 -6 -6 -5 -5 -5 -5 -5 -4 -4 -4 -4 -3 -3 -3 -3 -3 -3 -3 -2 -2 -2 -2 -2 -2 -2 -2 -2 -2 -2 -2 -2 -2 -2 -1 -1 -1 10 10 11 11 12 12 12 11 11 12 13 16 19 19 18 17 16 14 12 10 9 9 9 10 11 10 9 9 10 11 11 10 11 12 12 11 11 11 11 11 11 13 14 13 12
-9 -9 -9 -8 -8 -8 -8 -8 -7 -7 -7 -7 -6 -6 -6 -6 -6 -5 -5 -5 -5 -4 -4 -4 -4 -3 -3 -3 -3 -2 -2 -2 -2 -2 -2 -2 -2 -2 -2 -2 -2 -2 -2 -2 -2 -2 -2 -1 -1 -1 -1 9 11 13 13 12 12 11 10 11 12 15 17 18 18 17 17 16 15 13 11 10 10 10 11 12 12 10 8 8 10 11 10 11 12 11 11 11 11 11 12 12 13 14 14 14
-9 -9 -9 -8 -8 -8 -8 -7 -7 -7 -7 -6 -6 -6 -6 -6 -5 -5 -5 -5 -4 -4 -4 -4 -3 -3 -3 -3 -2 -2 -2 -2 -2 -2 -2 -2 -2 -2 -2 -2 -2 -2 -2 -2 -2 -2 -1 -1 -1 -1 9 10 11 13 13 12 11 10 11 13 15 17 17 17 16 17 17 16 15 13 11 11 11 11 11 12 11 11 10 9 10 11 11 11 11 11 10 10 10 11 13 13 13 13 13 15
-9 -9 -8 -8 -8 -8 -8 -7 -7 -7 -7 -6 -6 -6 -6 -5 -5 -5 -5 -4 -4 -4 -4 -3 -3 -3 -3 -2 -2 -2 -2 -2 -2 -2 -2 -2 -2 -2 -2 -2 -2 -2 -2 -2 -2 -1 -1 -1 -1 9 11 11 11 11 11 11 10 10 13 17 19 19 18 17 16 17 18 16 14 13 12 12 12 11 11 11 11 12 12 11 11 11 11 11 11 11 11 10 11 12 14 14 13 13 12 12
-9 -9 -8 -8 -8 -8 -7 -7 -7 -7 -6 -6 -6 -6 -5 -5 -5 -5 -4 -4 -4 -4 -3 -3 -3 -3 -2 -2 -2 -2 -2 -2 -2 -1 -1 -1 -1 -1 -1 -1 -1 -1 -1 -1 -1 -1 -1 -1 -1 13 13 12 11 11 11 11 11 12 15 19 20 19 18 17 17 17 17 15 14 13 13 12 11 10 10 10 11 12 13 13 13 12 12 11 11 12 11 11 12 13 15 15 13 13 12 12
-9 -9 -8 -8 -8 -8 -7 -7 -7 -6 -6 -6 -6 -5 -5 -5 -5 -4 -4 -4 -4 -3 -3 -3 -3 -2 -2 -2 -2 -1 -1 -1 -1 -1 -1 -1 -1 -1 -1 -1 -1 -1 -1 -1 -1 -1 -1 6 9 13 13 11 10 11 12 12 12 14 16 17 18 20 20 20 20 19 16 14 13 13 13 12 11 10 10 10 12 14 15 15 14 13 12 11 11 11 11 12 14 15 15 14 13 13 13 14
-9 -8 -8 -8 -8 -7 -7 -7 -7 -6 -6 -6 -6 -5 -5 -5 -4 -4 -4 -4 -3 -3 -3 -3 -2 -2 -2 -2 -1 -1 -1 -1 -1 -1 -1 -1 -1 -1 -1 -1 -1 -1 -1 -1 -1 7 7 7 9 11 12 10 9 9 11 12 14 15 15 15 17 19 22 22 22 19 17 15 13 13 12 12 11 11 11 11 13 15 16 15 15 13 11 10 11 12 12 13 14 15 15 14 13 13 14 15
-9 -8 -8 -8 -8 -7 -7 -7 -7 -6 -6 -6 -5 -5 -5 -5 -4 -4 -4 -4 -3 -3 -3 -3 -2 -2 -2 -2 -1 -1 -1 -1 -1 -1 -1 -1 -1 -1 -1 -1 -1 -1 -1 -1 5 8 9 9 10 11 11 10 8 8 10 12 14 15 14 15 17 19 22 23 22 19 17 15 13 13 13 12 12 13 13 13 14 15 15 15 15 14 13 11 11 12 13 13 14 14 15 15 15 15 15 15
-8 -8 -8 -8 -7 -7 -7 -7 -6 -6 -6 -6 -5 -5 -5 -5 -4 -4 -4 -4 -3 -3 -3 -3 -2 -2 -2 -2 -1 -1 -1 -1 -1 -1 -1 -1 -1 -1 -1 -1 -1 -1 -1 -1 6 9 10 11 10 10 10 9 8 9 10 11 13 14 14 16 17 19 22 22 21 19 16 14 13 12 12 13 14 15 15 15 15 14 14 14 15 15 14 12 12 12 12 13 13 14 14 15 16 16 15 14
-8 -8 -8 -8 -7 -7 -7 -7 -6 -6 -6 -6 -5 -5 -5 -5 -4 -4 -4 -4 -3 -3 -3 -3 -2 -2 -2 -2 -1 -1 -1 -1 -1 -1 -1 -1 -1 -1 -1 -1 -1 -1 0 4 9 11 11 11 10 9 8 9 10 10 11 12 12 13 13 15 16 20 22 22 20 18 15 14 12 11 12 13 14 16 16 15 15 14 13 14 14 15 14 12 11 12 12 12 13 14 13 14 15 16 15 15
-8 -8 -8 -7 -7 -7 -7 -6 -6 -6 -6 -5 -5 -5 -5 -4 -4 -4 -4 -3 -3 -3 -3 -2 -2 -2 -2 -1 -1 -1 -1 -1 -1 -1 -1 -1 -1 -1 -1 0 0 0 3 10 13 13 12 11 9 8 8 10 11 12 12 12 12 11 12 14 17 20 23 22 20 16 14 13 12 11 12 12 14 15 16 15 14 13 13 14 15 15 15 13 12 13 13 13 13 13 13 13 14 15 15 15
-8 -8 -8 -7 -7 -7 -7 -6 -6 -6 -6 -5 -5 -5 -5 -4 -4 -4 -4 -3 -3 -3 -3 -2 -2 -2 -2 -1 -1 -1 -1 -1 -1 -1 -1 -1 -1 0 0 0 0 0 8 12 13 13 11 10 9 8 9 11 13 13 12 12 11 11 13 15 17 20 21 20 18 15 13 13 13 12 12 13 14 15 15 14 13 12 13 15 16 15 15 15 15 16 15 12 12 13 13 13 13 13 13 13
-8 -8 -7 -7 -7 -7 -7 -6 -6 -6 -6 -5 -5 -5 -5 -4 -4 -4 -4 -3 -3 -3 -3 -2 -2 -2 -2 -1 -1 -1 -1 -1 -1 -1 -1 -1 0 0 0 0 0 8 9 11 12 12 11 9 9 9 10 12 13 13 12 11 11 12 14 15 17 19 20 19 17 14 14 14 14 13 12 13 15 14 14 13 13 12 13 14 14 15 16 16 17 18 16 14 13 12 13 13 12 12 11 11
-8 -8 -7 -7 -7 -7 -6 -6 -6 -6 -5 -5 -5 -5 -5 -4 -4 -4 -4 -3 -3 -3 -3 -2 -2 -2 -2 -1 -1 -1 -1 -1 -1 -1 -1 0 0 0 0 0 6 10 10 11 12 12 11 10 10 11 11 11 12 13 12 11 11 12 14 16 17 18 18 17 16 14 14 14 14 13 12 12 13 14 14 14 13 12 13 13 13 14 16 17 18 18 17 15 14 12 12 13 13 11 10 10
-8 -7 -7 -7 -7 -7 -6 -6 -6 -6 -5 -5 -5 -5 -4 -4 -4 -4 -4 -3 -3 -3 -3 -2 -2 -2 -2 -1 -1 -1 -1 -1 -1 -1 0 0 0 0 0 9 9 10 11 10 11 12 11 11 11 12 12 12 12 11 9 8 9 12 15 17 18 18 16 15 13 12 13 14 13 13 12 11 12 14 15 14 13 13 13 13 13 13 16 17 19 19 17 16 15 13 12 14 13 12 10 10
-8 -7 -7 -7 -7 -6 -6 -6 -6 -6 -5 -5 -5 -5 -4 -4 -4 -4 -3 -3 -3 -3 -3 -2 -2 -2 -2 -1 -1 -1 -1 -1 -1 -1 0 0 0 0 6 6 9 10 10 9 10 11 11 12 13 13 14 13 11 11 9 7 9 12 15 17 18 17 15 13 12 12 13 13 13 13 12 11 11 13 15 15 14 13 13 13 12 12 13 16 18 18 19 18 16 14 13 14 14 12 10 11
-7 -7 -7 -7 -7 -6 -6 -6 -6 -5 -5 -5 -5 -5 -4 -4 -4 -4 -3 -3 -3 -3 -3 -2 -2 -2 -2 -1 -1 -1 -1 -1 -1 0 0 0 0 0 8 8 9 9 10 10 11 11 13 14 14 13 13 12 11 11 12 10 11 13 15 17 17 17 16 14 13 14 14 14 13 12 11 10 11 13 14 14 13 13 13 13 11 10 11 13 16 18 19 18 17 15 16 15 14 13 12 12
-7 -7 -7 -7 -6 -6 -6 -6 -6 -5 -5 -5 -5 -4 -4 -4 -4 -4 -3 -3 -3 -3 -3 -2 -2 -2 -2 -1 -1 -1 -1 -1 -1 0 0 0 0 8 9 9 9 10 11 12 12 12 14 15 15 12 11 11 12 14 15 13 12 13 15 16 17 18 17 15 14 15 15 15 14 12 10 10 12 14 13 12 12 12 12 12 11 10 11 13 14 16 18 19 17 17 17 17 15 14 13 13
-7 -7 -7 -7 -6 -6 -6 -6 -5 -5 -5 -5 -5 -4 -4 -4 -4 -4 -3 -3 -3 -3 -2 -2 -2 -2 -2 -1 -1 -1 -1 -1 -1 0 0 0 0 7 9 9 10 11 11 11 11 12 13 15 15 13 12 12 13 16 16 13 13 13 15 17 19 19 18 16 14 14 15 15 14 12 11 11 13 14 14 13 13 12 12 12 11 11 11 12 12 14 17 19 19 19 18 17 15 15 14 12
-7 -7 -7 -6 -6 -6 -6 -6 -5 -5 -5 -5 -5 -4 -4 -4 -4 -4 -3 -3 -3 -3 -2 -2 -2 -2 -2 -1 -1 -1 -1 -1 0 0 0 0 0 7 8 9 10 11 10 10 10 12 13 14 14 13 13 13 14 13 12 13 15 15 16 18 20 20 18 16 15 14 15 15 14 13 12 13 14 14 15 14 13 12 12 11 11 12 13 13 13 14 16 19 20 20 19 18 16 15 14 11
-7 -7 -7 -6 -6 -6 -6 -5 -5 -5 -5 -5 -4 -4 -4 -4 -4 -3 -3 -3 -3 -3 -2 -2 -2 -2 -2 -1 -1 -1 -1 -1 0 0 0 0 6 6 7 8 9 11 10 9 10 12 13 13 12 12 12 14 14 11 11 14 17 17 18 19 20 19 17 15 15 15 15 15 15 14 13 14 15 16 15 14 12 11 11 12 12 12 14 15 16 15 16 18 20 21 20 18 17 16 14 12
-7 -7 -6 -6 -6 -6 -6 -5 -5 -5 -5 -5 -4 -4 -4 -4 -4 -3 -3 -3 -3 -3 -2 -2 -2 -2 -2 -1 -1 -1 -1 -1 0 0 0 0 7 8 8 9 9 10 9 8 10 12 13 13 12 10 11 14 13 11 12 16 18 19 20 20 19 19 17 15 15 15 15 15 14 14 14 14 15 16 15 14 12 11 12 12 12 13 14 16 16 16 16 17 18 19 19 18 17 16 14 14
-7 -6 -6 -6 -6 -6 -5 -5 -5 -5 -5 -4 -4 -4 -4 -4 -3 -3 -3 -3 -3 -2 -2 -2 -2 -2 -1 -1 -1 -1 -1 0 0 0 0 5 8 10 10 11 11 9 8 8 10 12 12 14 13 11 10 11 11 10 13 16 19 20 21 20 20 19 17 15 14 15 16 15 13 13 14 14 14 15 15 14 13 12 12 13 13 13 14 14 15 15 15 15 16 16 17 18 18 17 15 14
-7 -6 -6 -6 -6 -6 -5 -5 -5 -5 -5 -4 -4 -4 -4 -4 -3 -3 -3 -3 -2 -2 -2 -2 -2 -1 -1 -1 -1 -1 0 0 0 0 0 6 8 10 11 12 11 10 10 10 11 12 13 13 13 11 9 8 9 10 14 17 20 21 21 21 20 19 17 15 13 14 16 14 12 12 12 13 14 15 17 16 14 13 13 13 14 14 14 14 15 15 14 14 14 15 16 18 18 17 15 14
-6 -6 -6 -6 -6 -5 -5 -5 -5 -5 -4 -4 -4 -4 -4 -3 -3 -3 -3 -3 -2 -2 -2 -2 -1 -1 -1 -1 -1 0 0 0 0 0 0 6 9 11 11 10 10 10 10 11 11 12 13 12 11 9 7 7 8 11 16 19 21 21 21 21 21 19 15 13 12 13 15 14 13 11 12 12 13 15 16 16 14 13 13 13 14 14 13 14 15 14 13 12 13 14 15 16 17 16 15 14
-6 -6 -6 -6 -5 -5 -5 -5 -5 -4 -4 -4 -4 -4 -3 -3 -3 -3 -3 -2 -2 -2 -2 -2 -1 -1 -1 -1 0 0 0 0 0 0 4 6 8 11 11 10 10 10 12 12 12 13 13 12 10 8 7 7 10 13 16 20 21 21 21 21 21 18 14 12 12 12 13 13 12 13 13 14 14 15 15 15 14 13 13 13 13 13 12 14 15 14 13 12 13 13 13 14 16 16 15 14
-6 -6 -6 -6 -5 -5 -5 -5 -5 -4 -4 -4 -4 -4 -3 -3 -3 -3 -2 -2 -2 -2 -2 -1 -1 -1 -1 0 0 0 0 0 0 0 5 6 6 8 10 10 11 12 13 13 13 13 12 11 9 8 8 10 13 16 19 21 22 22 22 23 22 18 14 13 12 10 12 12 12 13 14 14 15 16 15 15 14 13 13 13 13 12 12 13 14 14 13 12 13 12 13 13 15 17 16 14
-6 -6 -6 -5 -5 -5 -5 -5 -4 -4 -4 -4 -4 -3 -3 -3 -3 -3 -2 -2 -2 -2 -1 -1 -1 -1 0 0 0 0 0 0 0 5 8 7 6 7 9 11 12 14 15 15 14 13 12 11 10 9 10 12 15 18 21 23 23 23 23 23 21 17 14 13 11 10 11 12 13 13 13 13 14 15 15 14 14 14 15 14 13 12 12 13 14 13 12 13 13 12 12 14 16 17 16 14
-6 -6 -5 -5 -5 -5 -5 -4 -4 -4 -4 -4 -3 -3 -3 -3 -3 -2 -2 -2 -2 -1 -1 -1 -1 -1 0 0 0 0 0 0 0 5 9 9 9 9 10 12 13 14 16 16 14 12 11 11 11 10 11 13 16 19 21 22 23 23 22 21 20 16 14 13 11 9 10 11 13 13 12 12 13 14 14 14 13 13 14 15 14 12 12 12 13 12 12 14 15 14 14 14 16 17 16 15
-6 -6 -5 -5 -5 -5 -5 -4 -4 -4 -4 -4 -3 -3 -3 -3 -2 -2 -2 -2 -2 -1 -1 -1 -1 0 0 0 0 0 0 0 5 7 7 9 10 11 11 13 13 14 15 15 12 10 10 11 10 8 9 13 16 19 21 23 23 22 22 21 19 15 13 12 10 8 8 10 12 13 12 11 12 13 13 13 12 11 13 15 14 12 11 11 11 12 12 15 16 16 14 15 16 18 18 17
-6 -5 -5 -5 -5 -5 -4 -4 -4 -4 -4 -3 -3 -3 -3 -3 -2 -2 -2 -2 -1 -1 -1 -1 0 0 0 0 0 0 0 0 9 11 10 10 11 12 13 13 13 13 14 12 9 8 9 8 7 8 10 12 16 19 22 24 23 21 21 20 19 15 12 11 9 8 8 9 11 12 12 13 12 13 13 12 11 10 12 15 15 13 11 11 12 13 14 15 16 16 15 15 15 17 18 18
-5 -5 -5 -5 -5 -4 -4 -4 -4 -4 -3 -3 -3 -3 -3 -2 -2 -2 -2 -1 -1 -1 -1 0 0 0 0 0 0 0 0 0 9 13 13 12 12 13 14 13 11 12 12 11 8 8 7 5 6 9 11 14 17 20 22 23 23 21 20 20 18 14 12 11 9 8 9 10 11 13 15 14 13 13 14 14 11 10 12 14 13 12 11 12 14 15 15 16 16 16 15 15 15 16 17 17
-5 -5 -5 -5 -5 -4 -4 -4 -4 -4 -3 -3 -3 -3 -3 -2 -2 -2 -2 -1 -1 -1 -1 0 0 0 0 0 0 0 0 0 9 14 14 14 14 14 14 13 12 11 11 11 11 9 7 6 8 10 12 14 17 18 21 22 22 20 18 16 14 12 11 11 10 9 10 11 13 15 16 16 13 13 14 13 11 11 11 12 12 11 11 13 15 15 15 16 17 16 16 15 15 15 16 17
-5 -5 -5 -5 -4 -4 -4 -4 -4 -3 -3 -3 -3 -3 -2 -2 -2 -2 -1 -1 -1 -1 0 0 0 0 0 0 0 0 0 5 9 13 14 14 14 14 14 13 12 12 12 12 12 9 8 8 9 11 12 13 15 17 19 19 19 17 16 14 11 10 11 11 11 11 10 11 13 15 16 15 13 12 12 11 10 11 11 11 11 11 12 14 16 17 16 16 17 17 16 16 15 15 16 18
-5 -5 -5 -4 -4 -4 -4 -4 -3 -3 -3 -3 -3 -2 -2 -2 -2 -1 -1 -1 -1 0 0 0 0 0 0 0 0 0 0 9 11 13 13 14 14 14 13 13 12 12 13 14 12 9 8 8 9 11 12 13 14 16 17 17 17 15 14 13 10 10 10 11 11 12 11 12 13 14 14 14 14 11 10 10 10 10 10 11 11 12 14 16 17 17 17 17 17 16 17 16 15 16 18 19
-5 -5 -5 -4 -4 -4 -4 -4 -3 -3 -3 -3 -3 -2 -2 -2 -2 -1 -1 -1 -1 0 0 0 0 0 0 0 0 0 0 9 13 14 14 15 14 13 13 13 11 12 13 14 12 9 8 7 9 11 12 13 15 16 16 15 13 11 12 11 10 9 10 11 12 12 12 12 12 12 13 14 13 11 11 11 11 11 12 12 13 15 15 16 16 17 17 17 16 16 17 16 15 17 19 19
-5 -5 -4 -4 -4 -4 -4 -3 -3 -3 -3 -3 -2 -2 -2 -2 -1 -1 -1 -1 0 0 0 0 0 0 0 0 0 0 0 9 15 15 16 16 14 13 12 12 12 12 13 13 11 8 6 6 8 13 14 15 15 16 15 14 11 10 10 11 10 9 10 11 12 12 12 11 10 11 11 12 12 11 11 12 11 12 13 13 14 15 16 16 17 18 18 17 17 17 17 17 16 18 18 19
-5 -5 -4 -4 -4 -4 -4 -3 -3 -3 -3 -3 -2 -2 -2 -2 -1 -1 -1 -1 0 0 0 0 0 0 0 0 0 0 0 9 13 15 16 16 14 13 12 13 14 13 11 11 9 6 6 7 10 14 16 16 16 15 14 13 11 9 10 11 11 10 10 11 12 12 12 10 10 10 10 11 11 11 11 12 11 12 14 14 14 15 16 17 18 20 19 18 18 20 19 17 17 18 18 19
-5 -4 -4 -4 -4 -4 -3 -3 -3 -3 -3 -2 -2 -2 -2 -2 -1 -1 -1 -1 0 0 0 0 0 0 0 0 0 0 0 11 13 13 14 14 14 13 13 14 14 13 11 10 8 5 7 9 11 15 17 17 16 15 13 12 11 10 10 11 11 10 10 9 10 12 12 11 10 11 12 12 11 11 13 13 13 14 16 16 15 16 16 16 18 19 18 17 18 20 20 18 18 18 19 19
-5 -4 -4 -4 -4 -4 -3 -3 -3 -3 -3 -2 -2 -2 -2 -2 -1 -1 -1 0 0 0 0 0 0 0 0 0 0 0 6 12 13 12 13 13 14 14 14 14 14 12 11 10 8 7 9 10 11 14 16 17 16 13 12 12 12 12 12 12 11 11 10 9 9 10 11 11 11 13 13 13 13 14 14 15 15 16 17 18 18 18 16 15 16 18 18 17 17 19 20 18 18 19 18 19
-5 -4 -4 -4 -4 -4 -3 -3 -3 -3 -3 -2 -2 -2 -2 -1 -1 -1 -1 0 0 0 0 0 0 0 0 0 0 0 10 11 13 13 13 13 13 13 13 14 13 12 10 8 8 10 11 10 11 14 15 17 16 13 12 13 12 12 13 13 13 12 11 10 10 10 11 11 12 13 14 13 14 14 14 15 16 17 19 19 19 19 17 15 15 17 18 18 18 18 19 19 19 19 19 20
-4 -4 -4 -4 -4 -3 -3 -3 -3 -3 -2 -2 -2 -2 -2 -1 -1 -1 -1 0 0 0 0 0 0 0 0 0 0 0 10 11 13 13 13 13 13 13 13 14 13 12 9 7 7 9 10 10 12 14 15 16 15 13 12 12 11 11 13 13 13 12 11 10 10 9 10 10 10 12 12 12 13 14 15 15 16 17 18 19 19 18 17 16 16 17 19 18 18 19 19 20 20 21 20 21
-4 -4 -4 -4 -4 -3 -3 -3 -3 -3 -2 -2 -2 -2 -2 -1 -1 -1 -1 0 0 0 0 0 0 0 0 0 0 0 8 10 12 12 13 14 14 14 13 13 13 12 9 6 5 7 9 10 12 15 16 15 15 13 11 10 10 10 11 12 12 10 9 9 9 9 8 9 9 10 10 11 12 13 14 15 14 15 16 17 17 16 17 17 17 18 19 19 19 19 20 20 21 22 21 21
-4 -4 -4 -4 -4 -3 -3 -3 -3 -3 -2 -2 -2 -2 -2 -1 -1 -1 0 0 0 0 0 0 0 0 0 0 0 0 5 8 11 12 13 13 13 13 13 12 12 12 9 5 4 7 9 10 13 16 17 16 15 14 11 10 9 9 9 10 9 8 8 8 9 9 8 8 8 8 9 11 12 12 13 13 13 14 16 16 15 15 16 17 18 20 20 20 19 19 19 20 21 22 23 23
-4 -4 -4 -4 -3 -3 -3 -3 -3 -2 -2 -2 -2 -2 -1 -1 -1 -1 0 0 0 0 0 0 0 0 0 0 0 0 6 8 11 12 12 13 13 13 13 12 11 12 10 8 9 11 11 12 15 17 17 16 16 15 13 12 10 9 9 9 8 7 8 10 12 11 10 9 9 9 9 11 11 10 11 13 15 15 16 16 16 15 16 17 18 20 20 21 21 20 20 19 19 22 23 23
-4 -4 -4 -4 -3 -3 -3 -3 -3 -2 -2 -2 -2 -2 -1 -1 -1 -1 0 0 0 0 0 0 0 0 0 0 0 8 7 8 11 12 12 12 13 14 14 12 10 10 11 10 12 13 14 15 17 19 18 16 15 14 14 14 12 11 10 9 8 7 9 11 12 12 11 11 11 10 10 10 10 9 11 15 16 17 17 17 16 15 16 18 18 18 19 21 21 21 20 18 19 21 23 23
-4 -4 -4 -4 -3 -3 -3 -3 -3 -2 -2 -2 -2 -2 -1 -1 -1 -1 0 0 0 0 0 0 0 0 0 0 0 9 7 9 11 12 12 12 13 14 14 12 9 9 10 10 11 13 15 17 18 19 18 16 15 14 15 14 12 11 10 9 8 8 9 12 13 13 13 12 11 11 10 10 9 9 12 14 16 17 17 17 15 15 16 18 18 17 17 19 20 20 21 19 20 22 24 24
-4 -4 -4 -3 -3 -3 -3 -3 -2 -2 -2 -2 -2 -1 -1 -1 -1 0 0 0 0 0 0 0 0 0 0 0 0 9 8 9 11 12 11 11 12 14 14 11 9 9 10 10 10 13 15 17 19 20 18 16 15 15 16 15 13 12 10 9 8 7 9 12 13 14 14 13 12 12 11 9 9 9 11 13 15 17 17 17 15 15 16 17 18 16 16 18 20 21 21 22 22 24 26 27
-4 -4 -4 -3 -3 -3 -3 -3 -2 -2 -2 -2 -2 -1 -1 -1 -1 0 0 0 0 0 0 0 0 0 0 0 0 8 8 9 10 11 12 11 11 13 13 12 9 9 11 11 12 13 16 18 19 19 18 16 15 15 16 15 14 13 11 9 6 6 8 11 12 12 13 13 13 13 12 10 9 10 11 12 15 17 17 16 15 16 17 17 18 17 18 19 21 22 23 24 25 26 28 28
-4 -4 -4 -3 -3 -3 -3 -3 -2 -2 -2 -2 -2 -1 -1 -1 -1 0 0 0 0 0 0 0 0 0 0 0 0 0 8 9 10 11 12 11 11 13 14 13 10 10 12 12 13 15 17 18 18 18 17 16 15 15 15 15 13 13 11 9 7 6 7 10 10 10 11 12 13 14 13 11 11 12 12 12 14 16 17 16 15 17 18 18 18 19 20 21 22 23 24 25 25 26 28 28
-4 -4 -3 -3 -3 -3 -3 -2 -2 -2 -2 -2 -1 -1 -1 -1 -1 0 0 0 0 0 0 0 0 0 0 0 0 7 8 9 10 11 11 10 10 12 13 12 11 11 12 12 14 16 16 16 16 16 16 15 14 14 15 14 12 11 11 10 8 5 6 9 10 11 11 11 13 14 15 14 14 14 13 12 13 16 17 16 17 18 19 18 19 19 20 21 23 24 24 25 25 27 28 28
-4 -4 -3 -3 -3 -3 -3 -2 -2 -2 -2 -2 -1 -1 -1 -1 0 0 0 0 0 0 0 0 0 0 0 0 0 6 8 10 11 11 10 10 10 10 10 10 11 11 12 13 15 16 16 15 15 15 15 14 13 14 14 14 12 12 11 10 7 6 6 8 11 12 12 12 13 14 16 17 17 16 15 14 14 15 15 16 18 19 19 19 19 19 20 23 25 26 25 24 25 26 28 28
