includes/mada_coast/shapefiles/dem.asc
ncols        271
nrows        301
XLLCORNER 384110.63900336897
YLLCORNER 1149636.1010820866
cellsize  30
NODATA_value -9999 
[rows 116 to 173 of 301, columns 96 to 191 of 271]
-1 0 0 0 0 3 6 7 7 4 5 5 5 5 5 6 7 8 8 6 6 6 7 7 7 7 7 7 8 8 7 6 7 6 5 3 4 6 6 5 5 5 6 7 7 8 8 7 7 7 6 6 5 4 5 5 5 5 5 5 6 6 5 5 5 6 5 5 5 6 6 6 6 7 6 5 4 4 6 7 7 5 5 7 8 9 9 9 10 10 8 8 9 10 12 13
-1 0 0 0 0 2 5 6 6 5 4 5 5 5 5 5 5 7 8 7 6 7 8 7 6 7 8 9 7 6 6 6 6 6 5 4 4 5 5 4 4 5 8 8 7 8 7 6 5 5 4 5 5 5 6 6 5 5 6 6 7 7 6 6 8 9 8 7 8 9 9 8 6 6 6 5 4 5 6 7 7 5 4 6 6 6 5 6 8 8 7 7 8 8 9 11
-1 0 0 0 0 1 3 6 6 5 6 6 5 5 5 5 5 6 8 8 8 9 8 7 5 6 8 8 6 5 6 6 6 6 5 4 4 3 2 1 3 6 9 8 5 5 5 5 4 4 3 3 4 5 7 7 7 7 7 7 8 7 5 6 9 10 9 8 9 11 11 10 8 7 6 6 7 7 8 8 7 6 5 5 6 4 4 5 6 6 6 7 7 8 9 10
0 0 0 0 0 4 7 6 5 5 6 8 7 7 7 6 6 7 8 8 9 9 9 6 5 5 5 6 5 5 5 6 6 6 5 4 4 3 1 1 4 7 8 6 5 3 5 7 6 4 4 3 4 5 7 8 7 7 7 7 7 6 5 6 9 10 9 9 9 11 11 9 8 7 7 7 7 9 9 8 8 8 4 5 5 4 5 6 6 6 6 7 7 9 9 10
0 0 0 0 5 7 9 8 5 2 5 7 9 9 7 7 6 7 8 8 9 9 8 6 5 5 5 5 5 5 5 6 6 6 6 5 6 7 5 6 7 9 8 8 6 4 6 7 5 5 4 3 3 6 7 7 7 7 7 7 7 7 7 8 9 9 8 7 9 10 10 9 8 8 9 8 8 8 9 9 9 7 6 5 6 6 6 7 7 6 6 6 7 9 10 10
0 0 0 0 5 7 7 7 5 3 4 6 7 7 6 7 6 6 7 7 7 7 7 6 5 6 6 6 6 6 6 6 6 6 7 6 8 10 10 11 10 9 9 8 6 6 5 3 2 2 4 3 4 6 6 6 6 7 7 7 8 8 8 9 9 8 6 6 8 10 10 9 7 7 9 10 9 7 8 9 9 9 9 8 10 10 9 8 7 6 6 6 6 8 10 10
0 0 0 0 4 6 6 5 5 4 2 3 5 5 5 6 7 6 6 6 5 6 6 6 6 6 7 7 6 6 5 5 5 6 6 6 8 11 13 12 10 9 9 7 5 5 5 4 0 1 2 4 4 6 6 5 6 7 7 7 8 8 8 9 8 8 7 8 8 8 8 7 7 8 11 13 12 11 10 10 11 11 13 13 12 13 11 10 9 8 6 5 6 8 10 10
0 0 0 2 3 7 8 5 4 4 1 2 3 5 6 6 6 6 6 6 5 6 6 6 6 6 7 7 7 6 5 5 6 6 6 7 9 11 13 12 10 9 8 7 4 5 5 4 4 2 1 2 4 5 6 6 6 7 8 7 7 8 8 8 8 8 9 9 8 6 6 6 8 11 13 15 15 13 12 12 12 12 13 14 14 13 12 11 10 8 6 5 5 7 9 10
0 0 0 4 6 10 11 7 4 4 3 3 4 6 6 6 6 6 6 6 6 7 7 7 7 6 6 6 6 6 5 5 6 6 6 7 8 10 10 10 11 10 9 8 6 6 5 6 9 7 4 3 5 6 7 8 7 7 8 7 7 8 8 8 8 8 9 8 7 7 7 8 8 11 13 14 14 13 12 11 12 12 12 12 13 12 12 11 10 9 7 6 6 7 9 9
0 0 8 8 10 13 14 9 5 4 4 5 6 7 7 5 4 5 6 7 7 7 7 6 6 5 4 5 5 5 6 6 6 6 5 7 8 7 8 8 9 10 9 9 9 8 8 9 11 10 7 4 6 7 9 9 8 7 8 8 9 11 10 9 8 8 9 8 7 8 10 10 10 11 14 14 12 12 11 10 11 12 11 10 11 12 11 10 9 8 7 7 6 7 8 9
0 0 13 10 10 13 13 10 8 5 5 6 6 6 6 5 4 5 6 7 7 7 6 5 4 4 4 3 3 5 7 7 7 6 7 8 8 7 7 7 8 8 7 8 9 10 11 10 10 10 8 6 6 7 9 10 9 9 9 10 12 13 13 11 9 8 9 10 10 11 11 11 11 12 14 14 12 12 11 10 11 13 12 10 10 11 11 10 10 8 8 8 8 7 8 7
0 12 10 8 9 10 10 9 9 8 6 5 5 5 5 5 5 5 6 6 7 7 4 3 3 4 4 3 3 5 7 7 7 8 9 10 8 7 6 7 8 7 7 8 10 11 12 11 9 8 8 7 7 8 9 9 9 9 11 13 14 14 14 12 10 9 10 12 12 13 13 12 11 13 15 14 14 13 11 9 11 14 15 13 11 11 11 11 11 10 10 10 10 9 7 7
0 8 7 7 7 8 7 7 8 6 4 4 4 5 5 6 6 5 4 6 7 7 4 2 3 4 5 5 4 4 5 6 10 12 12 11 8 7 7 7 9 8 7 8 9 11 11 11 9 7 6 7 8 9 9 9 9 9 11 13 14 14 14 12 11 11 12 12 14 15 15 14 13 14 15 15 16 15 11 9 10 13 14 13 11 10 10 10 11 10 9 9 9 9 8 7
6 9 8 8 9 9 8 7 7 3 2 3 3 4 6 7 7 6 5 6 7 6 4 2 4 5 5 5 5 4 4 7 10 13 13 11 8 9 9 8 9 10 8 7 8 9 10 10 9 7 6 7 9 9 9 9 8 8 9 11 13 13 15 13 12 13 13 15 16 17 17 16 15 15 15 16 16 15 12 9 10 11 12 11 9 9 10 10 10 9 8 8 8 9 8 8
7 8 10 10 10 10 9 7 5 2 2 3 3 4 6 7 8 7 7 7 5 4 3 4 5 6 6 5 6 6 5 6 9 11 12 12 10 11 11 9 10 9 7 6 7 10 9 10 9 8 7 8 9 10 9 7 8 8 9 11 13 14 15 15 14 14 16 17 19 20 18 17 16 16 16 15 16 16 13 11 10 10 9 7 7 8 9 9 9 9 7 7 8 8 8 8
8 9 9 10 9 9 8 6 4 3 3 2 2 3 5 7 8 8 8 8 7 7 6 6 6 6 6 6 7 6 5 6 8 10 10 11 11 11 11 10 9 8 7 7 8 10 11 10 9 9 8 9 10 10 9 7 8 9 10 11 12 14 14 14 14 16 17 18 20 20 19 18 17 16 15 15 15 16 13 10 10 10 8 7 7 7 9 9 10 8 7 8 8 8 8 9
8 11 9 8 8 7 6 4 4 3 2 1 2 3 5 7 8 8 9 10 10 9 8 8 7 7 7 7 8 7 4 5 7 8 9 9 9 10 10 9 9 8 8 7 8 10 11 10 9 8 8 8 9 10 9 8 8 9 9 9 11 12 13 13 13 15 16 18 19 20 20 18 17 16 15 14 15 15 13 11 11 11 10 8 8 9 10 11 10 9 8 9 9 8 8 8
8 11 10 9 8 7 5 4 5 4 1 0 1 3 5 7 8 9 11 12 11 10 9 9 8 8 7 6 8 7 4 5 6 7 8 7 8 9 9 10 9 8 8 8 8 9 10 10 8 8 8 8 9 9 9 10 9 8 8 9 11 12 13 14 16 13 15 17 18 19 18 19 18 16 16 16 16 15 14 12 12 12 10 9 10 11 12 13 12 10 9 10 10 8 8 8
9 10 11 11 10 7 6 6 6 3 1 0 2 4 6 7 8 10 12 13 12 11 9 9 10 9 9 8 7 7 5 5 6 6 7 6 7 8 9 10 9 8 8 10 9 8 8 9 10 10 9 9 9 9 9 9 9 8 10 13 14 15 15 18 19 17 16 16 17 17 17 17 17 16 16 17 17 16 15 13 13 12 11 10 11 11 12 12 12 11 10 10 10 9 9 8
9 9 9 11 9 7 6 6 5 4 3 2 3 6 8 9 11 12 13 14 13 11 9 9 10 11 11 10 8 7 6 6 6 6 6 7 7 7 8 9 9 8 8 9 10 10 9 9 10 9 8 8 8 8 9 9 8 9 13 16 16 18 20 21 23 20 18 18 17 17 17 17 16 16 17 18 18 17 16 15 12 12 11 10 10 11 12 12 13 12 11 9 9 10 10 9
10 8 9 10 9 6 5 6 6 6 6 4 4 6 9 11 13 15 15 15 14 12 10 9 10 11 10 9 8 7 6 7 7 7 7 7 6 6 7 8 9 9 9 9 11 12 10 10 9 8 8 8 8 8 9 8 7 9 13 17 17 20 21 21 20 19 19 20 20 19 18 17 17 17 18 18 19 19 18 16 13 12 12 10 10 11 11 12 13 13 11 9 9 10 11 10
9 10 10 9 8 6 4 4 6 8 6 4 5 8 11 14 16 17 16 15 15 14 12 11 10 10 9 8 8 7 7 8 8 8 8 7 6 6 8 9 9 9 9 9 10 11 11 10 9 8 9 9 10 9 10 9 7 10 14 18 20 22 21 20 19 19 20 22 22 22 20 18 18 19 19 19 18 18 17 16 15 15 14 13 11 10 10 10 12 12 10 8 8 9 11 11
8 9 9 9 8 6 3 3 5 6 6 6 8 10 13 16 18 19 18 17 16 15 14 13 11 10 9 9 10 8 8 9 9 9 9 7 5 6 7 8 7 8 9 9 9 10 11 11 9 9 10 11 12 13 12 11 10 12 14 17 20 23 21 20 20 20 22 22 24 24 24 21 19 20 20 19 18 16 15 16 16 17 16 14 12 11 11 11 11 11 9 8 8 8 9 10
6 8 8 9 9 7 6 5 5 6 7 9 13 14 15 17 19 19 18 17 17 16 14 13 11 10 10 11 12 11 10 11 10 9 9 7 4 5 7 7 7 8 9 9 9 9 10 10 9 10 11 13 13 14 14 13 13 14 14 15 19 21 21 20 20 21 21 23 25 26 25 23 21 21 20 19 18 16 15 15 16 17 17 15 13 14 14 13 11 11 9 8 7 7 7 8
7 8 8 9 10 9 9 8 8 8 10 12 15 15 14 17 18 18 17 17 16 15 15 13 12 10 10 11 14 13 12 12 11 10 9 6 4 5 8 8 9 9 9 9 9 8 8 9 10 11 12 13 13 14 14 13 15 17 17 16 18 19 19 19 19 20 21 24 25 25 25 23 22 21 20 18 17 16 16 16 16 17 18 18 16 16 16 14 13 12 11 8 7 8 8 9
9 8 8 8 8 7 7 7 9 11 14 17 18 17 16 17 17 16 16 17 17 17 15 14 13 12 10 10 12 12 11 10 11 10 8 6 5 7 9 10 10 10 10 11 10 9 9 9 10 12 12 13 14 15 14 15 17 20 19 18 18 17 18 19 19 20 21 22 22 22 21 21 21 21 19 17 15 15 16 16 16 17 20 20 17 16 16 15 14 13 10 8 8 9 10 11
8 6 6 6 6 0 4 5 8 13 17 20 19 19 18 18 17 17 17 19 19 19 16 15 14 12 11 10 10 10 9 10 11 11 9 8 7 8 9 10 10 11 12 12 11 11 12 11 11 12 12 13 15 16 15 16 18 20 20 19 19 19 19 19 20 20 20 20 19 18 19 19 19 20 19 17 16 16 16 15 16 18 20 19 17 16 15 15 14 13 10 8 7 8 11 12
7 5 4 6 0 0 6 8 11 16 17 18 19 18 18 17 17 17 18 19 20 19 17 15 13 12 11 10 10 8 7 10 12 11 10 9 9 9 8 9 10 10 11 11 11 12 12 12 11 12 12 13 14 15 16 16 18 19 20 20 20 20 19 18 19 20 20 19 17 17 19 19 18 18 18 18 18 17 16 16 17 19 19 18 17 16 15 14 14 13 11 9 7 8 10 12
7 5 5 6 0 0 8 12 15 18 16 16 17 18 17 16 16 17 18 18 19 20 18 16 13 12 11 11 9 7 8 11 11 11 9 9 9 9 9 9 9 9 9 9 10 11 12 13 13 13 13 13 14 15 16 17 18 20 21 21 21 20 19 18 18 18 18 18 17 17 18 19 18 17 17 19 21 19 18 18 19 19 18 18 17 16 15 14 14 13 12 10 8 8 10 11
6 5 0 0 0 8 11 15 18 18 17 16 16 17 17 15 15 17 17 18 18 17 17 15 13 11 11 10 9 9 10 11 11 10 9 9 9 10 9 9 9 9 9 9 9 10 13 15 16 15 14 14 15 16 17 17 19 20 21 22 21 20 18 17 17 17 17 17 16 16 17 18 17 17 18 19 21 20 19 19 19 18 17 17 16 15 15 14 14 14 14 12 10 10 10 10
6 0 0 0 9 9 13 17 18 17 16 15 16 16 16 16 16 16 17 17 15 14 14 13 12 11 10 10 9 10 11 12 11 10 9 10 10 11 10 10 9 10 9 9 9 9 11 14 15 14 14 15 16 17 17 17 19 21 22 23 20 19 17 16 16 17 17 17 15 14 15 16 17 19 20 20 20 20 19 19 19 18 17 17 16 14 13 13 13 14 14 13 12 11 11 10
0 0 0 0 11 13 15 18 18 17 16 15 15 15 15 15 15 15 15 14 14 13 12 12 12 11 10 10 10 11 11 11 12 11 11 11 11 11 11 10 10 10 10 9 8 8 9 11 13 13 14 15 16 17 17 17 19 22 23 23 20 18 17 16 17 17 18 17 15 14 14 15 18 21 21 20 20 20 20 20 18 17 16 16 16 14 11 11 11 12 13 12 11 11 11 9
0 0 0 10 14 15 17 19 17 16 16 15 13 13 13 13 13 14 13 13 13 12 11 10 10 10 9 9 10 12 12 13 12 13 12 11 10 11 11 11 11 11 11 10 9 8 8 10 11 13 14 14 14 16 17 16 18 21 23 21 20 19 18 17 18 18 18 17 15 14 14 15 19 21 22 22 21 22 23 22 19 17 16 16 16 14 12 11 11 11 13 13 12 11 11 9
0 0 9 12 15 16 17 18 16 16 15 14 12 12 12 12 12 11 11 10 10 10 9 8 8 9 9 11 12 14 14 13 12 12 12 10 10 10 11 12 12 12 11 10 10 9 9 10 12 13 14 14 14 14 15 15 17 19 20 19 19 20 19 18 19 17 16 16 14 13 13 15 18 21 24 24 24 25 24 23 20 18 17 16 16 15 13 12 11 11 14 15 13 12 10 9
0 8 11 14 17 17 16 15 15 15 15 13 12 11 12 13 12 11 9 8 8 8 8 7 8 9 11 12 14 15 15 14 11 11 11 11 10 10 11 12 13 12 11 11 11 11 11 12 13 13 14 14 13 13 13 13 13 15 17 18 19 20 20 18 17 15 14 15 15 14 14 16 17 21 25 25 26 25 24 22 20 19 17 16 15 15 14 14 12 12 14 15 14 12 11 9
0 9 13 16 19 18 16 14 14 15 15 13 12 11 11 11 11 10 9 8 8 9 8 8 9 10 11 12 14 15 15 14 11 11 12 12 12 11 12 12 13 13 11 10 11 11 13 14 14 13 14 14 13 12 11 10 11 14 15 17 18 19 19 18 16 15 14 15 15 15 17 17 17 20 23 24 24 24 23 22 20 19 18 17 15 14 14 14 14 13 14 15 14 13 12 9
6 10 13 16 19 18 16 14 14 15 15 14 13 12 10 9 9 8 8 8 8 9 9 9 10 11 12 13 14 14 14 13 12 12 11 12 11 11 12 12 12 12 10 11 12 13 14 16 15 14 15 15 13 12 11 10 11 13 14 15 16 18 18 18 18 16 15 15 14 15 17 18 18 20 21 22 23 23 23 22 20 19 18 17 16 15 14 14 14 13 13 13 13 13 13 9
9 11 13 15 16 17 15 14 13 14 16 15 14 12 11 9 7 7 7 7 7 7 9 10 10 10 11 12 12 12 12 13 13 12 12 12 11 11 12 11 11 11 11 12 13 13 14 15 15 15 16 16 14 12 11 9 11 13 14 15 16 18 19 19 18 16 15 14 14 14 16 18 20 21 21 21 21 22 22 21 20 19 18 17 17 16 15 13 12 12 12 13 13 13 13 10
10 12 13 14 15 16 15 13 13 15 17 16 13 13 11 9 7 7 7 6 6 6 8 9 9 9 10 10 11 11 12 13 14 13 12 12 12 12 12 12 11 11 11 12 13 13 13 14 15 16 17 17 16 13 11 10 11 13 14 14 15 18 18 17 17 16 15 15 16 16 17 18 21 22 21 21 21 21 21 21 21 20 18 18 18 16 14 12 12 12 13 14 13 13 13 12
12 13 14 14 14 16 15 14 14 17 18 16 13 11 10 9 8 7 7 6 6 7 7 9 9 9 8 9 10 11 11 13 13 13 12 12 12 12 12 12 11 10 11 12 13 13 14 15 15 17 18 18 17 15 13 12 12 14 14 13 14 16 17 16 17 17 17 18 18 18 16 17 20 21 21 21 22 22 21 22 22 21 20 20 18 17 16 15 13 12 13 14 14 14 13 13
15 15 16 15 15 15 15 15 16 17 16 14 12 10 10 9 7 7 7 6 6 7 7 8 9 8 8 9 11 12 11 11 13 13 12 12 12 11 12 12 12 11 11 12 13 14 16 16 17 18 19 19 17 16 15 14 14 14 14 13 14 15 16 16 17 18 18 19 20 18 16 18 20 20 20 21 22 22 23 24 23 22 22 21 19 18 18 16 15 13 13 13 13 13 13 13
18 18 17 17 15 15 14 14 14 14 12 11 10 9 9 8 7 7 7 7 7 6 6 6 7 7 8 9 12 12 10 10 12 13 12 12 12 12 12 13 12 12 13 13 14 16 17 17 17 19 20 20 19 17 17 17 16 15 14 15 16 16 15 16 19 20 20 22 23 21 19 21 23 22 22 22 23 23 23 23 24 23 22 22 20 19 18 18 17 15 14 14 13 13 13 14
18 17 16 16 15 14 13 12 11 10 10 8 8 7 7 8 8 7 8 8 7 6 5 5 5 7 9 11 12 12 11 10 11 12 12 12 12 11 11 12 12 13 14 15 16 18 18 17 18 19 21 21 20 20 19 19 18 16 16 16 17 16 16 18 20 21 23 24 25 24 24 25 25 25 25 24 23 23 23 23 24 24 22 21 20 20 19 18 18 17 16 15 15 15 14 14
16 15 14 13 13 12 12 10 8 8 8 7 7 6 6 8 8 8 8 8 7 6 5 5 6 9 11 12 12 12 11 11 12 12 12 12 12 11 10 11 12 13 14 16 17 17 17 17 18 20 21 20 21 22 22 21 20 19 18 18 17 17 17 18 19 20 22 25 26 26 26 26 25 26 26 25 25 25 24 24 23 22 20 19 19 20 19 18 18 18 17 17 17 17 16 14
15 15 14 13 12 11 11 9 7 7 7 7 7 6 5 7 9 8 7 6 6 6 5 5 6 9 11 12 12 13 12 12 12 13 12 12 11 11 10 9 10 13 14 16 17 16 16 17 20 22 22 21 22 23 24 23 22 21 21 21 19 18 18 19 20 20 22 25 27 27 26 25 25 25 26 26 27 27 25 23 21 20 20 19 18 19 18 17 17 17 16 16 16 16 15 14
14 15 15 13 12 10 9 7 6 6 7 8 7 7 7 8 9 8 6 6 6 6 5 6 6 8 9 10 11 12 12 13 14 14 14 13 11 10 9 9 10 13 14 16 16 15 15 17 20 23 23 23 23 24 25 25 25 26 25 24 21 20 20 21 22 22 23 26 28 27 26 26 26 27 27 27 28 27 25 22 20 21 21 19 18 17 16 16 15 14 14 13 12 13 13 12
13 14 14 14 13 11 9 7 5 6 7 7 7 8 9 10 10 8 6 6 6 6 6 7 7 8 8 8 10 10 11 12 13 14 14 12 11 9 10 10 12 13 14 15 16 16 16 17 21 23 23 24 25 25 26 26 26 27 27 25 24 22 21 22 23 23 23 26 28 28 27 27 29 29 28 27 28 27 25 23 22 23 23 21 18 17 16 16 13 12 11 11 10 10 10 11
12 13 13 14 14 12 10 8 6 6 7 7 7 8 8 9 9 7 7 6 7 7 7 8 8 10 9 8 8 8 9 10 11 12 11 10 9 9 9 11 12 13 13 14 15 15 16 18 20 22 22 23 24 24 25 27 27 28 28 27 25 23 22 23 23 23 23 25 27 28 28 29 29 30 29 28 29 29 26 25 25 25 24 21 18 17 17 15 13 12 11 11 10 10 10 11
10 11 12 14 13 12 11 10 8 7 7 7 7 7 7 8 8 7 7 7 8 9 8 8 10 11 10 8 7 7 7 9 9 9 9 8 8 9 9 9 11 12 12 11 12 13 15 17 19 20 20 22 23 22 24 26 28 28 29 28 26 24 23 23 23 23 23 24 26 27 28 28 29 30 30 29 31 33 30 28 28 26 24 20 17 17 16 15 14 13 12 11 11 12 13 13
8 10 11 12 13 12 11 11 10 9 8 7 7 7 7 7 8 8 7 7 8 8 7 7 10 13 12 9 8 7 8 8 8 8 7 7 8 8 9 9 10 11 11 10 11 11 13 16 18 19 19 21 23 23 24 24 27 28 28 28 27 25 23 23 23 23 23 24 26 27 28 29 29 30 31 32 33 34 32 30 29 26 23 20 17 16 15 14 14 14 13 12 13 15 16 17
8 9 9 10 11 11 11 11 11 11 10 9 8 7 7 8 9 9 8 7 7 6 7 7 10 13 12 11 9 8 8 8 8 8 8 8 8 8 8 9 10 11 11 10 11 12 12 15 17 18 19 21 22 22 22 23 25 26 26 26 26 24 23 24 25 24 24 25 26 27 29 30 30 30 31 33 34 33 32 30 28 25 23 20 18 15 14 13 14 14 13 13 15 16 17 18
8 9 9 9 9 10 11 11 12 11 10 9 8 8 8 9 10 9 9 9 8 8 7 7 10 12 11 11 10 8 8 8 8 8 8 8 8 9 9 11 11 11 11 10 11 12 13 15 17 18 19 20 20 20 21 22 24 25 24 25 26 25 24 25 25 24 25 26 27 28 30 31 30 31 31 33 34 33 31 29 28 26 23 21 18 15 13 13 14 14 13 13 15 16 18 19
8 9 9 8 8 9 11 12 11 10 8 8 8 8 8 9 10 9 9 9 10 10 8 8 8 9 10 10 10 8 7 7 7 7 8 8 9 11 13 13 13 13 13 12 12 13 13 14 16 17 18 19 20 20 20 21 23 24 25 27 27 26 25 26 26 24 25 26 27 28 30 30 30 31 32 33 34 33 32 30 27 25 22 19 17 15 13 13 14 14 14 13 13 16 18 18
8 9 10 9 9 9 10 10 9 8 7 7 7 8 8 9 10 8 7 8 10 10 8 7 7 8 10 10 9 8 7 7 6 6 7 7 10 12 14 14 14 14 15 14 14 13 14 14 15 17 18 18 19 20 20 22 23 25 27 28 28 27 26 27 27 26 26 27 28 29 30 30 30 31 32 34 35 34 33 31 25 22 19 18 18 16 13 12 13 13 13 11 11 12 13 14
7 9 10 10 9 9 8 8 9 8 7 8 7 7 8 9 9 8 8 8 9 8 7 6 7 9 10 10 8 8 7 7 6 7 7 8 10 13 14 14 14 14 15 15 15 13 14 14 15 16 17 18 19 20 20 22 24 26 28 29 29 28 27 27 27 26 26 27 29 30 31 31 32 32 33 34 36 35 35 31 25 21 19 18 18 16 14 13 12 12 11 10 10 9 10 11
8 9 9 9 9 9 8 8 9 9 8 9 8 8 8 8 9 8 8 9 9 8 7 7 7 9 9 9 9 9 9 8 7 8 8 9 10 11 12 12 14 15 16 16 15 14 14 15 16 16 17 19 21 22 22 22 24 27 28 28 28 27 26 26 26 25 26 28 30 31 31 31 32 32 32 33 34 35 33 31 25 21 19 19 17 15 15 14 13 11 11 10 11 11 10 11
9 9 9 8 8 8 8 9 9 9 9 9 9 9 8 8 9 8 8 9 9 9 9 8 7 8 8 9 10 11 12 10 9 8 9 9 10 10 10 11 14 15 15 16 17 16 15 15 16 17 18 20 23 24 23 24 26 27 28 28 28 27 25 25 25 25 26 30 32 31 30 30 30 31 32 32 33 34 32 29 25 22 21 19 16 15 15 15 13 12 11 10 10 10 11 11
9 9 9 9 8 8 8 9 10 9 9 9 9 9 9 8 9 8 8 8 9 9 8 7 7 8 9 9 11 12 13 11 10 9 9 9 9 9 10 12 14 15 16 17 18 17 14 15 16 17 18 20 23 25 25 26 27 28 28 29 28 27 26 25 25 25 27 30 32 30 29 29 30 30 30 32 33 33 31 28 25 23 23 22 19 16 16 15 12 11 10 8 7 8 10 11
