includes/camargue/floodfiles/results_R2_t1.562608011066E12/res-0008.wd
ncols         906
nrows         631
xllcorner     362177.146667
yllcorner     6534725.688020
cellsize      20.000000
NODATA_value  -9999.000000
[rows 510 to 543 of 631, columns 308 to 384 of 906]
0.803 0.802 0.801 0.799 0.787 0.769 0.752 0.733 0.698 0.664 0.630 0.596 0.562 0.528 0.495 0.460 0.018 0.397 0.076 0.147 0.121 0.143 0.127 0.456 0.199 0.132 0.114 0.107 0.042 0.134 0.011 0.132 0.143 0.038 0.156 0.144 0.181 0.111 0.120 0.175 0.230 0.140 0.034 0.032 0.161 0.029 0.259 0.068 0.188 0.158 0.167 0.041 0.071 0.113 0.124 0.002 0.129 0.088 0.156 0.105 0.061 0.172 0.063 0.201 0.130 0.083 0.193 0.131 0.134 0.194 0.205 0.173 0.236 0.185 0.149 0.208 0.097
0.836 0.834 0.833 0.831 0.823 0.806 0.788 0.754 0.720 0.685 0.651 0.617 0.583 0.549 0.515 0.481 0.446 0.413 0.005 0.002 0.018 0.207 0.118 0.137 0.210 0.201 0.222 0.067 0.261 0.148 0.208 0.162 0.004 0.142 0.281 0.263 0.080 0.060 0.000 0.063 0.188 0.195 0.059 0.139 0.077 0.156 0.034 0.117 0.094 0.076 0.100 0.056 0.122 0.081 0.060 0.056 0.057 0.070 0.051 0.130 0.170 0.081 0.408 0.172 0.142 0.107 0.155 0.155 0.117 0.175 0.089 0.121 0.092 0.252 0.121 0.136 0.083
1.000 0.924 0.865 0.864 0.859 0.842 0.809 0.775 0.741 0.706 0.672 0.638 0.604 0.570 0.536 0.502 0.467 0.434 0.025 0.047 0.008 0.067 0.004 0.079 0.150 0.111 0.002 0.105 0.219 0.103 0.248 0.055 0.008 0.236 0.150 0.101 0.033 0.219 0.199 0.191 0.153 0.142 0.127 0.180 0.127 0.048 0.019 0.149 0.140 0.054 0.031 0.071 0.061 0.095 0.116 0.044 0.028 0.449 0.058 0.137 0.054 0.489 0.128 0.466 0.464 0.086 0.093 0.173 0.152 0.172 0.122 0.089 0.065 0.161 0.132 0.105 0.055
1.185 1.109 1.034 0.959 0.894 0.864 0.830 0.796 0.762 0.727 0.693 0.659 0.625 0.591 0.557 0.522 0.488 0.023 0.022 0.002 0.037 0.032 0.048 0.025 0.210 0.039 0.163 0.153 0.129 0.089 0.023 0.166 0.111 0.126 0.099 0.174 0.098 0.130 0.075 0.047 0.555 0.137 0.236 0.152 0.149 0.501 0.031 0.137 0.498 0.085 0.051 0.054 0.014 0.505 0.101 0.124 0.090 0.489 0.113 0.104 0.088 0.087 0.111 0.108 0.489 0.477 0.058 0.440 0.040 0.452 0.451 0.140 0.155 0.512 0.067 0.086 0.111
1.370 1.295 1.219 1.135 1.041 0.952 0.904 0.856 0.807 0.759 0.714 0.680 0.646 0.611 0.577 0.543 0.509 0.474 0.012 0.075 0.101 0.131 0.034 0.067 0.073 0.153 0.059 0.198 0.041 0.188 0.069 0.512 0.181 0.521 0.221 0.144 0.068 0.000 0.163 0.040 0.080 0.055 0.180 0.076 0.044 0.538 0.082 0.416 0.039 0.084 0.035 0.073 0.035 0.070 0.100 0.515 0.099 0.528 0.090 0.040 0.457 0.460 0.463 0.070 0.069 0.491 0.054 0.468 0.048 0.469 0.061 0.121 0.505 0.093 0.069 0.401 0.065
1.556 1.471 1.384 1.297 1.192 1.071 1.016 0.967 0.919 0.870 0.822 0.773 0.725 0.676 0.628 0.579 0.531 0.495 0.460 0.426 0.032 0.039 0.113 0.100 0.004 0.008 0.037 0.164 0.201 0.150 0.198 0.074 0.199 0.553 0.103 0.181 0.100 0.002 0.129 0.046 0.142 0.074 0.032 0.525 0.532 0.052 0.074 0.448 0.453 0.460 0.467 0.033 0.039 0.062 0.476 0.045 0.482 0.076 0.489 0.033 0.497 0.499 0.503 0.505 0.504 0.505 0.502 0.497 0.490 0.486 0.473 0.033 0.082 0.443 0.049 0.429 0.041
1.720 1.632 1.545 1.458 1.343 1.222 1.127 1.079 1.030 0.982 0.933 0.885 0.836 0.788 0.739 0.691 0.642 0.594 0.545 0.497 0.024 0.469 0.008 0.006 0.081 0.019 0.196 0.186 0.146 0.185 0.554 0.203 0.108 0.586 0.068 0.116 0.042 0.418 0.040 0.426 0.069 0.070 0.518 0.086 0.037 0.472 0.480 0.486 0.490 0.498 0.503 0.040 0.509 0.512 0.515 0.518 0.521 0.037 0.529 0.532 0.535 0.538 0.540 0.539 0.537 0.536 0.534 0.529 0.522 0.050 0.503 0.493 0.485 0.477 0.469 0.462 0.454
1.881 1.794 1.707 1.616 1.495 1.374 1.252 1.191 1.142 1.094 1.045 0.996 0.948 0.899 0.851 0.802 0.754 0.705 0.657 0.608 0.560 0.057 0.065 0.004 0.015 0.035 0.184 0.572 0.145 0.582 0.587 0.119 0.570 0.040 0.053 0.442 0.445 0.450 0.456 0.459 0.461 0.464 0.049 0.543 0.028 0.022 0.518 0.014 0.522 0.042 0.534 0.541 0.549 0.552 0.555 0.558 0.561 0.564 0.568 0.571 0.574 0.576 0.574 0.572 0.570 0.568 0.566 0.562 0.554 0.545 0.537 0.529 0.521 0.513 0.505 0.497 0.489
2.043 1.956 1.869 1.767 1.646 1.525 1.404 1.303 1.254 1.205 1.157 1.108 1.060 1.011 0.963 0.914 0.866 0.817 0.769 0.720 0.672 0.047 0.021 0.043 0.110 0.096 0.153 0.072 0.016 0.028 0.038 0.450 0.055 0.458 0.035 0.029 0.476 0.481 0.036 0.004 0.493 0.500 0.507 0.057 0.028 0.529 0.017 0.547 0.555 0.563 0.571 0.579 0.587 0.592 0.595 0.598 0.601 0.604 0.607 0.610 0.612 0.610 0.608 0.606 0.604 0.601 0.599 0.597 0.589 0.580 0.572 0.564 0.556 0.548 0.540 0.532 0.524
2.205 2.118 2.031 1.918 1.797 1.676 1.555 1.434 1.366 1.317 1.269 1.220 1.172 1.123 1.075 1.026 0.978 0.929 0.881 0.832 0.783 0.700 0.617 0.035 0.106 0.011 0.091 0.153 0.056 0.025 0.500 0.501 0.501 0.502 0.503 0.503 0.507 0.513 0.518 0.012 0.529 0.005 0.544 0.552 0.559 0.568 0.576 0.584 0.592 0.600 0.608 0.616 0.624 0.631 0.634 0.637 0.640 0.643 0.646 0.648 0.646 0.644 0.642 0.639 0.637 0.635 0.632 0.630 0.624 0.615 0.607 0.599 0.591 0.583 0.575 0.567 0.559
2.367 2.280 2.191 2.070 1.949 1.827 1.706 1.585 1.478 1.429 1.381 1.332 1.284 1.235 1.186 1.138 1.090 1.041 0.992 0.944 0.869 0.786 0.703 0.024 0.023 0.058 0.114 0.038 0.553 0.554 0.554 0.555 0.556 0.556 0.031 0.557 0.557 0.558 0.559 0.557 0.566 0.574 0.582 0.590 0.598 0.606 0.614 0.622 0.630 0.638 0.646 0.654 0.662 0.670 0.674 0.677 0.680 0.683 0.685 0.682 0.680 0.678 0.676 0.673 0.671 0.668 0.666 0.664 0.658 0.650 0.642 0.634 0.626 0.618 0.610 0.602 0.594
2.528 2.441 2.342 2.221 2.100 1.979 1.858 1.736 1.615 1.541 1.493 1.444 1.396 1.347 1.298 1.250 1.201 1.153 1.105 1.037 0.954 0.871 0.788 0.705 0.622 0.056 0.000 0.607 0.607 0.608 0.609 0.609 0.610 0.014 0.610 0.610 0.611 0.032 0.604 0.590 0.599 0.608 0.618 0.033 0.636 0.644 0.652 0.660 0.668 0.676 0.684 0.692 0.700 0.708 0.713 0.716 0.719 0.721 0.719 0.716 0.714 0.712 0.709 0.707 0.705 0.702 0.700 0.697 0.694 0.686 0.678 0.670 0.661 0.653 0.645 0.637 0.629
2.690 2.603 2.494 2.372 2.251 2.130 2.009 1.888 1.766 1.653 1.605 1.556 1.508 1.459 1.410 1.362 1.313 1.265 1.206 1.123 1.040 0.957 0.873 0.790 0.707 0.027 0.660 0.661 0.661 0.662 0.663 0.663 0.006 0.663 0.664 0.664 0.665 0.659 0.645 0.631 0.632 0.641 0.650 0.659 0.669 0.678 0.688 0.697 0.706 0.714 0.722 0.730 0.738 0.746 0.752 0.755 0.757 0.755 0.753 0.750 0.748 0.746 0.743 0.741 0.739 0.736 0.734 0.731 0.728 0.721 0.713 0.705 0.697 0.688 0.680 0.672 0.665
2.852 2.765 2.645 2.524 2.403 2.281 2.160 2.039 1.918 1.797 1.717 1.668 1.620 1.571 1.522 1.474 1.425 1.375 1.291 1.208 1.125 1.042 0.959 0.876 0.792 0.714 0.714 0.715 0.716 0.716 0.716 0.717 0.717 0.717 0.718 0.719 0.715 0.701 0.686 0.672 0.665 0.674 0.683 0.692 0.702 0.711 0.720 0.730 0.739 0.748 0.757 0.767 0.776 0.783 0.791 0.794 0.791 0.789 0.787 0.784 0.782 0.780 0.777 0.775 0.772 0.770 0.767 0.765 0.762 0.756 0.748 0.740 0.732 0.724 0.715 0.709 0.703
3.014 2.917 2.796 2.675 2.554 2.433 2.311 2.190 2.069 1.948 1.829 1.780 1.732 1.683 1.635 1.586 1.537 1.460 1.377 1.294 1.211 1.127 1.044 0.961 0.878 0.794 0.769 0.769 0.770 0.770 0.770 0.771 0.771 0.772 0.772 0.771 0.756 0.741 0.727 0.712 0.698 0.707 0.716 0.725 0.735 0.744 0.753 0.762 0.772 0.781 0.790 0.799 0.808 0.818 0.825 0.825 0.826 0.823 0.821 0.818 0.816 0.814 0.811 0.809 0.806 0.804 0.801 0.799 0.796 0.791 0.783 0.775 0.767 0.759 0.752 0.746 0.740
3.176 3.069 2.948 2.826 2.705 2.584 2.463 2.342 2.220 2.099 1.978 1.892 1.844 1.795 1.747 1.698 1.629 1.546 1.462 1.379 1.296 1.213 1.130 1.046 0.963 0.879 0.823 0.823 0.824 0.824 0.825 0.825 0.825 0.826 0.826 0.811 0.797 0.782 0.768 0.753 0.739 0.740 0.749 0.758 0.767 0.777 0.786 0.795 0.804 0.813 0.823 0.832 0.841 0.849 0.846 0.845 0.846 0.848 0.849 0.851 0.850 0.848 0.845 0.843 0.840 0.838 0.835 0.833 0.830 0.826 0.818 0.810 0.802 0.796 0.790 0.784 0.778
3.337 3.220 3.099 2.978 2.857 2.735 2.614 2.493 2.372 2.251 2.129 2.008 1.956 1.907 1.859 1.797 1.714 1.631 1.548 1.465 1.381 1.298 1.215 1.132 1.048 0.965 0.881 0.878 0.878 0.878 0.879 0.879 0.879 0.880 0.867 0.852 0.838 0.823 0.808 0.794 0.014 0.772 0.782 0.791 0.800 0.809 0.818 0.828 0.837 0.846 0.855 0.864 0.874 0.871 0.867 0.864 0.866 0.867 0.869 0.870 0.872 0.873 0.874 0.876 0.874 0.872 0.869 0.867 0.864 0.861 0.853 0.845 0.839 0.833 0.827 0.821 0.815
3.493 3.371 3.250 3.129 3.008 2.887 2.766 2.644 2.523 2.402 2.281 2.160 2.068 2.019 1.966 1.883 1.800 1.717 1.633 1.550 1.467 1.384 1.300 1.217 1.134 1.050 0.967 0.932 0.932 0.932 0.933 0.933 0.934 0.922 0.908 0.893 0.878 0.864 0.849 0.834 0.820 0.805 0.814 0.823 0.833 0.842 0.851 0.860 0.869 0.879 0.888 0.897 0.895 0.892 0.888 0.885 0.885 0.887 0.888 0.890 0.891 0.893 0.894 0.895 0.897 0.898 0.899 0.900 0.898 0.895 0.889 0.883 0.877 0.871 0.865 0.859 0.853
3.631 3.512 3.394 3.275 3.156 3.037 2.917 2.796 2.674 2.553 2.432 2.311 2.190 2.131 2.052 1.968 1.885 1.802 1.719 1.635 1.552 1.469 1.386 1.302 1.219 1.136 1.052 0.986 0.986 0.986 0.987 0.987 0.978 0.963 0.948 0.934 0.919 0.904 0.890 0.875 0.861 0.846 0.847 0.856 0.865 0.874 0.884 0.893 0.902 0.911 0.921 0.919 0.916 0.913 0.909 0.906 0.905 0.906 0.908 0.909 0.911 0.912 0.913 0.915 0.916 0.917 0.919 0.920 0.921 0.922 0.923 0.920 0.914 0.908 0.902 0.896 0.890
3.743 3.640 3.521 3.402 3.284 3.165 3.046 2.927 2.809 2.690 2.571 2.452 2.334 2.214 2.137 2.054 1.971 1.887 1.804 1.721 1.638 1.554 1.471 1.388 1.304 1.221 1.137 1.054 1.040 1.040 1.041 1.033 1.019 1.004 0.989 0.974 0.960 0.945 0.930 0.916 0.901 0.887 0.880 0.889 0.898 0.907 0.916 0.926 0.935 0.944 0.943 0.940 0.937 0.934 0.930 0.927 0.925 0.926 0.927 0.929 0.930 0.932 0.933 0.934 0.936 0.937 0.938 0.939 0.941 0.942 0.943 0.943 0.942 0.942 0.940 0.934 0.928
3.821 3.767 3.649 3.530 3.411 3.292 3.174 3.055 2.936 2.817 2.699 2.580 2.434 2.261 2.185 2.109 2.033 1.957 1.881 1.804 1.723 1.640 1.556 1.473 1.390 1.306 1.223 1.139 1.094 1.094 1.089 1.074 1.059 1.044 1.030 1.015 1.000 0.986 0.971 0.957 0.942 0.927 0.913 0.921 0.931 0.940 0.949 0.958 0.967 0.967 0.964 0.961 0.958 0.955 0.951 0.948 0.945 0.946 0.947 0.948 0.950 0.951 0.953 0.954 0.955 0.956 0.958 0.959 0.960 0.962 0.963 0.963 0.963 0.962 0.962 0.961 0.961
3.899 3.895 3.776 3.657 3.539 3.420 3.301 3.183 3.064 2.945 2.826 2.690 2.517 2.344 2.232 2.156 2.080 2.004 1.928 1.852 1.776 1.699 1.623 1.547 1.470 1.391 1.308 1.224 1.148 1.144 1.129 1.115 1.100 1.085 1.070 1.056 1.041 1.026 1.012 0.997 0.983 0.968 0.953 0.954 0.963 0.972 0.982 0.991 0.992 0.988 0.985 0.982 0.979 0.976 0.972 0.969 0.966 0.965 0.967 0.968 0.969 0.971 0.972 0.973 0.975 0.976 0.977 0.979 0.980 0.982 0.983 0.983 0.983 0.982 0.982 0.981 0.981
3.977 4.023 3.904 3.785 3.666 3.548 3.429 3.310 3.192 3.073 2.945 2.772 2.600 2.427 2.280 2.204 2.128 2.052 1.975 1.899 1.823 1.747 1.670 1.594 1.518 1.441 1.365 1.288 1.234 1.223 1.170 1.155 1.140 1.126 1.111 1.096 1.082 1.067 1.052 1.038 1.023 1.009 0.994 0.987 0.996 1.005 1.014 1.016 1.013 1.010 1.006 1.003 1.000 0.997 0.993 0.990 0.987 0.985 0.986 0.987 0.989 0.990 0.991 0.993 0.994 0.995 0.997 0.998 1.000 1.001 1.003 1.003 1.003 1.003 1.002 1.002 1.001
4.055 4.131 4.031 3.913 3.794 3.675 3.557 3.438 3.319 3.200 3.028 2.855 2.682 2.509 2.336 2.251 2.175 2.099 2.023 1.946 1.870 1.794 1.717 1.641 1.565 1.488 1.412 1.335 1.443 1.502 1.437 1.372 1.308 1.243 1.178 1.137 1.122 1.107 1.093 1.078 1.064 1.049 1.035 1.020 1.028 1.038 1.040 1.037 1.034 1.031 1.027 1.024 1.021 1.018 1.014 1.011 1.008 1.004 1.006 1.007 1.008 1.010 1.011 1.012 1.014 1.015 1.017 1.018 1.020 1.021 1.022 1.024 1.023 1.023 1.022 1.022 1.021
4.133 4.209 4.159 4.040 3.922 3.803 3.684 3.565 3.447 3.284 3.111 2.938 2.765 2.592 2.419 2.299 2.223 2.146 2.070 1.994 1.917 1.841 1.765 1.688 1.612 1.535 1.459 1.531 1.652 1.773 1.716 1.651 1.587 1.522 1.457 1.393 1.328 1.264 1.199 1.135 1.104 1.090 1.075 1.061 1.061 1.064 1.061 1.058 1.055 1.052 1.048 1.045 1.042 1.039 1.035 1.032 1.029 1.025 1.025 1.026 1.028 1.029 1.030 1.032 1.033 1.035 1.036 1.038 1.039 1.041 1.042 1.044 1.043 1.043 1.043 1.042 1.042
4.211 4.287 4.287 4.168 4.049 3.931 3.812 3.693 3.539 3.367 3.194 3.021 2.848 2.675 2.502 2.346 2.270 2.194 2.117 2.041 1.965 1.888 1.812 1.735 1.659 1.582 1.619 1.740 1.861 1.983 1.995 1.931 1.866 1.801 1.737 1.672 1.607 1.543 1.478 1.414 1.349 1.285 1.220 1.156 1.089 1.085 1.082 1.079 1.076 1.073 1.069 1.066 1.063 1.060 1.056 1.053 1.050 1.046 1.045 1.046 1.047 1.049 1.050 1.051 1.053 1.054 1.056 1.057 1.059 1.060 1.062 1.063 1.064 1.063 1.063 1.062 1.062
4.289 4.365 4.414 4.296 4.177 4.058 3.939 3.795 3.622 3.449 3.276 3.103 2.931 2.758 2.585 2.412 2.317 2.241 2.165 2.088 2.012 1.936 1.859 1.782 1.706 1.707 1.828 1.949 2.070 2.192 2.275 2.210 2.145 2.081 2.016 1.951 1.887 1.822 1.758 1.693 1.628 1.564 1.499 1.396 1.159 1.134 1.122 1.110 1.098 1.094 1.090 1.087 1.084 1.080 1.077 1.074 1.071 1.067 1.064 1.065 1.067 1.068 1.070 1.071 1.073 1.074 1.076 1.077 1.079 1.080 1.082 1.083 1.084 1.083 1.083 1.082 1.082
4.367 4.443 4.520 4.423 4.304 4.186 4.051 3.878 3.705 3.532 3.359 3.186 3.013 2.840 2.667 2.494 2.365 2.288 2.212 2.136 2.059 1.983 1.906 1.830 1.795 1.916 2.037 2.158 2.280 2.401 2.523 2.490 2.425 2.360 2.296 2.231 2.166 2.102 2.037 1.972 1.908 1.843 1.767 1.531 1.294 1.190 1.179 1.167 1.155 1.143 1.131 1.120 1.108 1.101 1.098 1.095 1.091 1.088 1.085 1.085 1.086 1.088 1.089 1.091 1.092 1.094 1.095 1.097 1.098 1.100 1.101 1.103 1.104 1.103 1.103 1.103 1.102
4.445 4.521 4.598 4.551 4.432 4.306 4.133 3.961 3.788 3.615 3.442 3.269 3.096 2.923 2.750 2.577 2.412 2.336 2.259 2.183 2.106 2.030 1.953 1.883 2.004 2.125 2.246 2.368 2.489 2.611 2.732 2.769 2.705 2.640 2.575 2.510 2.446 2.381 2.316 2.252 2.187 2.123 1.902 1.665 1.429 1.247 1.235 1.224 1.212 1.200 1.188 1.176 1.164 1.152 1.140 1.128 1.117 1.109 1.105 1.104 1.106 1.107 1.109 1.110 1.112 1.113 1.115 1.116 1.118 1.119 1.121 1.122 1.124 1.124 1.123 1.123 1.122
4.523 4.599 4.676 4.678 4.560 4.389 4.216 4.043 3.870 3.697 3.525 3.352 3.179 3.006 2.833 2.660 2.487 2.383 2.307 2.230 2.154 2.077 2.001 2.092 2.213 2.335 2.456 2.577 2.699 2.820 2.942 3.049 2.984 2.919 2.855 2.790 2.725 2.661 2.596 2.531 2.467 2.273 2.037 1.800 1.563 1.327 1.292 1.280 1.268 1.256 1.245 1.233 1.221 1.209 1.197 1.185 1.173 1.161 1.149 1.133 1.128 1.127 1.129 1.130 1.132 1.133 1.135 1.136 1.138 1.139 1.140 1.142 1.143 1.144 1.143 1.143 1.142
4.719 4.742 4.765 4.806 4.645 4.472 4.299 4.126 3.953 3.780 3.607 3.434 3.261 3.088 2.915 2.742 2.569 2.430 2.354 2.277 2.201 2.124 2.180 2.301 2.423 2.544 2.665 2.787 2.908 3.030 3.151 3.273 3.264 3.199 3.134 3.070 3.005 2.940 2.876 2.811 2.645 2.408 2.172 1.935 1.698 1.462 1.349 1.337 1.325 1.313 1.301 1.289 1.277 1.265 1.253 1.241 1.229 1.217 1.200 1.179 1.172 1.167 1.161 1.156 1.151 1.153 1.154 1.156 1.157 1.159 1.160 1.162 1.163 1.164 1.163 1.163 1.162
4.921 4.945 4.968 4.881 4.720 4.551 4.382 4.209 4.036 3.863 3.690 3.517 3.344 3.171 2.998 2.825 2.652 2.479 2.401 2.325 2.248 2.269 2.390 2.511 2.632 2.753 2.875 2.996 3.118 3.239 3.361 3.482 3.543 3.479 3.414 3.349 3.284 3.220 3.155 3.017 2.780 2.543 2.306 2.070 1.833 1.596 1.406 1.394 1.382 1.370 1.358 1.346 1.334 1.322 1.310 1.298 1.286 1.269 1.248 1.227 1.216 1.211 1.205 1.200 1.194 1.189 1.183 1.178 1.177 1.178 1.180 1.181 1.183 1.184 1.183 1.183 1.181
5.124 5.128 5.030 4.931 4.787 4.618 4.449 4.280 4.111 3.942 3.773 3.600 3.427 3.254 3.081 2.908 2.735 2.561 2.449 2.372 2.357 2.478 2.599 2.720 2.842 2.963 3.084 3.206 3.327 3.449 3.570 3.692 3.814 3.758 3.693 3.629 3.564 3.499 3.388 3.152 2.915 2.678 2.441 2.205 1.968 1.731 1.494 1.450 1.438 1.426 1.415 1.403 1.391 1.379 1.367 1.355 1.338 1.317 1.296 1.276 1.260 1.255 1.249 1.244 1.238 1.233 1.227 1.222 1.216 1.211 1.205 1.201 1.202 1.204 1.203 1.202 1.200
5.277 5.179 5.080 4.982 4.853 4.684 4.515 4.346 4.177 4.008 3.839 3.670 3.501 3.332 3.163 2.990 2.817 2.644 2.496 2.445 2.566 2.687 2.808 2.930 3.051 3.172 3.294 3.415 3.537 3.658 3.780 3.901 4.023 4.038 3.973 3.908 3.844 3.760 3.523 3.286 3.050 2.813 2.576 2.339 2.103 1.866 1.629 1.507 1.495 1.483 1.471 1.459 1.447 1.435 1.423 1.407 1.386 1.366 1.345 1.324 1.305 1.299 1.294 1.288 1.282 1.277 1.271 1.266 1.260 1.255 1.249 1.244 1.238 1.233 1.226 1.220 1.218
