includes/camargue/floodfiles/results_R2_t1.562608011066E12/res-0004.wdfp
ncols         906
nrows         631
xllcorner     362177.146667
yllcorner     6534725.688020
cellsize      20.000000
NODATA_value  -9999.000000
[rows 442 to 475 of 631, columns 231 to 307 of 906]
3.469 3.489 3.559 3.519 3.559 3.138 2.638 1.788 1.778 1.958 1.968 2.078 1.998 1.977 2.047 2.487 2.207 2.847 1.747 1.877 1.877 0.003 2.057 1.937 1.047 1.917 2.067 1.807 2.097 1.677 2.257 2.037 1.747 0.847 1.027 1.107 1.937 0.988 1.809 1.309 1.719 2.439 2.519 1.709 0.719 2.079 2.139 2.109 2.069 1.919 2.069 2.429 2.439 2.380 2.270 2.220 1.120 1.380 2.371 1.971 1.541 1.061 1.261 0.991 2.361 2.511 1.111 1.981 2.711 1.061 1.921 1.871 0.981 1.601 2.501 3.632 0.491
3.629 3.679 3.519 3.529 3.489 3.469 3.419 2.298 2.018 1.928 1.978 2.068 2.048 2.058 2.068 3.248 3.747 0.837 1.758 1.587 0.967 1.898 1.897 1.867 1.687 2.047 2.177 0.000 1.917 1.697 1.287 2.127 1.617 1.787 1.327 2.068 1.927 1.738 2.198 0.758 1.089 1.689 0.869 3.169 2.669 2.029 2.169 2.079 1.799 1.949 1.960 2.160 2.070 1.210 1.160 1.610 0.420 1.041 1.051 2.101 1.201 1.861 2.201 1.251 2.121 1.321 0.891 3.372 2.681 3.671 3.851 1.651 1.291 0.961 4.141 1.581 0.861
3.660 3.740 3.559 3.519 3.639 3.569 3.029 2.319 2.188 1.828 1.938 1.888 1.968 2.008 1.858 2.148 3.388 2.148 0.738 1.858 1.788 1.898 1.637 0.878 1.878 2.277 0.947 1.887 1.737 1.367 1.797 1.057 0.947 1.888 1.918 2.078 1.928 1.258 2.058 2.018 1.598 1.789 1.879 3.089 0.699 1.949 1.869 2.099 1.909 1.820 1.470 1.400 2.240 1.360 0.740 0.550 0.581 1.261 1.991 1.051 1.552 1.611 1.541 2.161 1.701 1.941 2.241 1.641 1.341 1.501 0.971 3.691 3.001 2.021 3.620 1.231 1.641
3.760 3.620 3.610 3.610 3.559 3.679 3.409 2.579 2.719 2.308 2.998 2.958 2.448 2.018 1.778 3.908 2.808 1.688 1.638 1.598 1.978 1.878 1.348 1.718 1.938 2.028 1.178 2.108 1.708 1.518 1.608 1.468 1.608 1.968 2.118 1.998 2.228 1.818 1.418 1.708 1.578 1.639 1.789 3.279 2.429 2.149 2.189 2.169 1.270 1.540 2.010 1.000 1.230 2.010 1.370 1.191 1.361 1.091 2.081 1.121 1.212 1.562 1.512 1.412 1.442 2.262 2.481 2.481 2.271 1.761 1.011 1.662 1.101 3.421 3.731 0.422 1.572
3.720 3.630 3.610 3.730 3.630 3.550 3.509 3.509 3.459 3.419 3.239 3.068 2.418 1.938 3.348 2.218 1.988 2.028 2.898 1.838 1.718 2.278 1.768 1.908 1.988 1.188 2.048 1.738 0.868 1.928 1.598 1.508 1.818 1.898 2.138 1.548 1.788 1.738 1.748 1.788 1.558 0.968 0.998 1.359 1.299 2.350 2.259 2.169 1.249 2.170 0.520 2.080 1.580 1.770 0.480 0.551 1.051 1.161 2.192 1.022 1.322 1.442 1.572 1.712 2.082 1.752 1.352 1.832 1.611 1.441 0.742 1.432 1.862 4.041 1.222 1.382 1.822
3.690 3.660 3.710 3.660 3.630 3.640 3.640 3.529 3.589 3.419 3.589 3.389 3.259 3.339 3.068 2.449 1.968 1.918 1.838 1.978 1.968 1.758 1.558 2.148 1.548 1.768 1.868 0.948 1.388 0.878 1.948 1.698 1.938 1.408 1.588 2.048 1.938 1.758 1.488 1.718 2.418 2.387 2.637 2.957 1.179 2.200 2.390 2.110 2.049 1.870 1.900 2.310 1.130 1.650 1.680 0.731 1.071 0.581 1.462 1.282 1.192 1.642 1.482 1.602 1.912 1.672 1.702 1.592 1.502 1.742 2.181 1.732 3.712 3.603 0.932 1.772 1.652
3.800 3.740 3.740 3.800 3.720 3.700 3.630 3.640 3.580 3.429 3.429 3.389 3.409 4.109 2.769 1.789 1.959 2.079 2.079 1.989 2.068 1.668 2.048 2.198 1.708 1.378 1.738 1.938 1.588 1.618 1.818 1.068 2.188 1.848 1.848 1.988 1.308 1.858 1.968 1.828 2.158 2.448 2.697 3.487 0.649 2.140 2.170 2.060 2.170 0.430 2.170 0.870 1.730 1.821 1.301 0.571 0.801 1.261 1.372 3.032 1.562 1.872 2.371 1.602 1.612 1.642 1.652 1.812 1.252 1.902 1.912 1.402 3.597 1.822 1.242 0.842 1.563
4.031 3.751 3.740 3.800 3.670 3.740 3.610 3.580 3.540 3.560 3.470 3.459 3.909 3.449 3.459 2.489 2.479 2.209 2.129 2.059 2.139 2.109 1.999 2.099 1.908 1.908 2.448 1.878 1.808 1.878 1.938 0.748 2.428 2.358 2.238 2.268 2.408 2.398 2.368 2.168 2.398 2.608 2.738 3.548 1.638 2.210 1.940 2.240 1.810 1.900 2.190 1.680 1.841 1.151 2.251 1.601 1.371 1.951 1.482 1.672 3.202 3.271 2.142 1.672 1.482 1.722 1.772 1.742 1.682 2.012 0.092 1.612 4.002 0.712 1.633 1.702 1.083
3.781 3.821 3.831 3.861 3.730 3.660 3.690 3.600 3.560 3.650 3.490 3.630 3.580 3.509 3.449 3.209 1.999 2.129 2.199 2.119 2.199 2.199 2.169 2.199 2.009 1.769 1.869 1.659 1.939 1.918 1.938 1.878 2.428 2.388 2.448 1.988 2.328 2.328 2.328 2.228 2.408 2.578 2.668 3.338 1.488 1.090 2.060 1.850 1.650 2.200 0.900 1.821 1.861 1.921 1.831 1.451 1.431 1.752 1.932 2.022 1.842 3.002 1.702 1.442 1.992 1.152 1.192 1.352 1.832 2.172 1.512 4.112 3.582 0.962 1.643 1.433 1.473
3.751 3.801 3.801 3.821 3.930 3.690 3.730 3.680 3.680 3.620 3.890 3.620 3.640 3.510 3.490 3.360 2.339 1.899 2.049 2.249 2.389 2.359 2.359 2.039 1.909 1.869 1.799 2.059 2.019 1.969 1.848 2.508 2.458 2.428 2.468 2.368 2.378 2.338 2.298 2.258 2.398 2.558 2.808 3.288 1.309 2.070 2.370 1.480 2.010 1.520 1.910 1.781 0.821 1.311 1.631 1.431 1.692 2.152 1.752 2.882 1.992 1.922 1.402 1.612 1.032 1.242 1.672 1.352 2.592 1.682 1.482 3.580 1.512 1.502 1.173 2.063 1.923
3.841 3.941 3.861 3.831 3.801 3.811 3.711 3.681 3.660 3.780 3.790 3.640 3.710 3.650 3.570 3.440 3.360 2.500 1.959 2.079 2.319 2.239 2.239 2.099 1.879 1.859 1.809 2.209 2.089 1.969 1.819 2.629 2.448 2.478 2.428 2.438 2.258 2.378 2.358 2.228 2.318 2.288 2.468 3.298 0.349 2.040 2.120 1.920 2.000 1.190 1.771 1.651 1.391 1.761 1.981 2.241 1.712 1.662 2.952 2.622 2.662 1.762 1.182 2.192 0.642 1.792 2.092 1.642 2.052 2.432 1.172 4.042 3.012 0.973 1.263 1.543 1.933
3.891 3.801 3.781 4.061 4.071 4.051 3.931 3.821 3.841 3.741 3.750 3.700 3.790 3.750 3.710 3.650 3.490 3.120 3.170 2.720 1.829 2.149 1.839 2.339 2.389 2.319 2.329 1.629 1.879 1.669 1.929 2.649 2.658 2.768 2.788 2.838 2.798 2.878 3.038 3.158 3.278 3.248 3.418 3.498 3.328 0.229 1.999 1.770 1.090 1.791 1.801 1.831 1.381 1.761 1.851 1.771 1.982 2.352 2.152 2.262 2.492 1.522 1.422 2.012 0.892 2.062 1.342 1.852 1.842 1.062 1.662 3.568 1.203 1.433 1.433 1.464 1.954
3.711 3.781 3.801 3.861 3.771 3.871 3.721 3.821 3.581 4.071 3.751 3.651 3.670 3.670 3.730 3.680 3.690 3.660 3.750 3.560 3.030 3.279 3.059 2.939 2.839 3.049 3.169 3.009 2.749 3.389 3.479 3.359 3.308 3.388 3.298 3.328 3.408 3.548 3.338 3.358 3.378 3.408 3.418 3.758 3.358 3.268 2.818 1.389 1.790 1.791 1.281 2.001 1.621 1.581 1.741 2.721 2.912 2.112 2.042 2.082 1.802 1.172 1.982 0.922 1.873 2.182 1.282 2.252 2.272 0.782 3.582 3.563 1.183 1.073 1.224 1.244 2.244
3.822 3.762 3.762 3.791 3.801 3.801 3.751 3.811 4.101 3.891 3.761 3.801 3.561 3.681 3.640 3.800 3.860 3.740 3.830 3.750 3.780 3.610 3.360 3.380 3.239 3.219 3.419 3.589 3.399 3.429 3.409 3.369 3.399 3.489 3.548 3.468 3.428 3.538 3.428 3.358 3.518 3.438 3.508 3.998 3.398 3.258 3.158 2.378 1.260 1.831 2.231 2.011 2.031 2.231 2.761 2.652 1.942 1.852 2.082 2.182 1.462 0.962 1.792 0.502 1.873 2.293 1.823 2.293 2.003 1.863 3.557 3.862 1.353 1.263 3.594 1.984 2.294
3.792 3.762 3.772 3.852 3.871 3.831 3.801 3.791 3.771 3.811 3.821 4.201 3.801 4.121 3.931 3.731 3.700 3.650 3.630 3.740 3.680 3.870 3.770 4.150 3.770 3.700 3.699 3.489 3.419 3.519 3.419 3.419 3.609 3.669 3.449 3.649 3.438 3.508 3.518 3.418 3.458 3.488 3.618 3.708 3.428 3.278 3.088 3.128 0.000 1.091 1.301 1.331 1.341 1.631 2.031 2.232 2.022 2.092 2.332 2.492 1.332 1.712 2.432 1.512 2.042 1.413 2.283 2.363 2.203 2.503 3.551 3.963 3.693 2.663 1.374 1.514 2.024
3.902 3.822 3.802 3.902 3.792 3.821 3.791 3.741 3.911 4.191 4.031 3.841 3.751 3.961 3.771 3.681 3.791 3.680 3.730 3.770 3.640 3.630 3.730 3.530 3.520 3.600 3.540 3.549 3.519 3.499 3.559 3.479 3.519 3.449 3.559 3.669 3.559 3.448 3.438 3.558 3.589 3.539 3.568 3.918 3.618 3.408 3.368 2.618 0.420 1.111 2.041 1.981 2.261 3.041 2.161 2.052 3.092 1.732 1.992 1.862 1.742 2.002 1.832 1.892 2.252 1.483 2.453 2.003 1.453 3.383 3.973 3.323 1.433 1.243 1.594 0.864 2.234
3.752 3.822 3.932 3.742 3.862 3.872 3.791 3.831 3.721 3.901 3.801 3.841 3.881 3.861 4.161 3.888 4.211 3.691 3.621 3.681 3.710 3.589 3.510 3.500 3.430 3.460 3.420 3.540 3.599 3.539 3.529 3.459 3.509 3.519 3.739 3.499 3.509 3.539 3.589 3.719 3.639 3.529 3.609 3.948 3.468 3.418 3.218 2.208 0.000 1.011 2.791 1.501 1.671 2.241 2.171 1.892 2.262 1.582 1.572 1.812 2.182 1.622 1.972 2.432 1.612 2.113 2.263 0.923 2.083 2.723 4.093 4.173 1.413 1.044 1.224 1.435 2.085
3.822 3.882 3.852 4.012 3.922 4.012 3.852 3.742 3.981 3.971 3.861 3.831 3.851 3.791 3.921 3.801 3.901 3.921 3.941 4.131 3.754 3.705 3.656 3.690 3.590 3.620 3.440 3.590 3.560 3.549 3.439 3.399 3.489 3.519 3.759 3.669 3.669 3.579 3.599 3.649 3.669 3.509 3.569 3.469 3.629 3.629 3.079 2.419 2.249 1.749 1.579 0.490 2.511 2.761 1.961 1.771 2.191 1.872 1.862 2.202 2.292 2.322 2.312 2.012 1.592 1.943 2.873 1.873 1.483 4.053 4.213 2.603 1.193 0.694 2.435 1.925 0.635
3.903 3.883 4.062 3.912 3.952 3.912 4.002 3.742 3.821 3.861 3.861 3.871 3.871 3.841 3.811 3.741 3.801 3.821 3.831 3.831 3.681 3.681 3.770 3.730 3.890 3.627 3.800 3.570 3.500 3.490 3.449 3.619 3.619 3.849 3.539 3.629 3.689 3.559 3.549 3.699 3.649 3.549 4.109 3.589 3.499 3.579 3.079 3.059 2.799 2.979 3.219 2.889 0.220 1.631 1.801 1.721 2.061 2.321 2.152 2.172 2.212 2.272 1.682 2.252 2.392 2.752 0.963 1.783 1.633 3.528 4.123 1.103 0.483 0.715 1.175 1.935 1.755
4.073 3.953 3.933 3.912 3.812 3.932 3.922 3.932 3.842 3.992 3.841 3.791 3.761 3.881 3.851 3.691 3.821 3.831 3.751 3.751 3.791 3.941 3.741 3.720 3.700 3.580 3.695 3.600 3.500 3.580 3.550 3.540 3.729 3.639 3.609 3.629 3.619 3.599 3.639 3.739 3.589 3.659 3.509 3.539 3.679 3.619 3.589 3.579 3.549 3.629 3.379 3.339 3.269 1.720 1.970 2.151 1.911 2.141 2.302 2.262 1.902 1.972 1.922 2.132 0.982 2.042 1.892 1.682 2.503 3.522 4.203 1.413 0.393 1.695 2.055 1.585 1.805
4.143 4.013 4.053 4.043 3.932 3.922 3.932 3.942 3.882 3.762 3.912 3.831 3.771 3.811 3.701 3.721 3.741 3.711 3.671 3.771 3.851 3.711 3.761 3.831 3.780 3.750 3.750 3.762 3.680 3.670 3.510 3.540 3.709 3.559 3.709 3.639 3.629 3.639 3.769 3.729 4.109 3.819 3.649 3.849 3.799 3.809 3.729 3.649 3.549 3.529 3.529 3.589 3.519 3.939 2.749 1.280 2.251 2.241 2.231 0.431 1.682 2.272 2.082 1.692 2.272 2.262 2.512 2.832 3.516 3.516 2.893 3.673 2.933 0.894 1.515 1.135 1.125
4.113 4.003 4.003 4.033 3.933 3.882 3.672 3.912 3.992 3.962 3.912 3.902 3.782 3.871 3.911 3.731 3.961 3.701 3.691 3.761 3.661 3.681 3.791 3.601 3.790 3.640 3.890 3.830 3.800 3.610 3.680 3.610 3.640 3.630 3.679 3.759 3.659 3.689 3.629 3.659 3.749 3.669 3.619 3.759 3.619 3.739 3.759 3.709 3.509 3.659 3.729 3.479 3.539 3.129 3.139 3.129 0.000 2.021 1.391 1.561 1.581 1.151 4.021 1.901 2.632 3.232 3.862 3.509 3.510 2.963 1.343 1.033 1.233 0.914 1.135 0.775 0.875
3.863 4.053 4.043 3.953 3.953 3.783 3.772 3.752 3.892 4.032 3.892 3.992 3.922 4.041 3.871 3.881 3.801 3.611 3.771 3.711 3.711 3.691 3.681 3.751 3.721 3.831 3.710 3.680 3.880 3.897 3.740 3.690 3.640 3.650 3.730 3.659 3.719 3.649 3.619 3.958 3.879 3.779 3.849 3.659 3.749 3.829 3.729 3.649 3.569 3.529 3.699 3.989 3.659 2.739 2.909 2.590 2.610 2.210 1.411 1.971 2.091 1.681 3.951 2.941 4.072 3.502 3.502 3.892 1.112 0.822 0.683 0.743 1.933 0.654 0.605 1.615 1.055
3.894 3.893 3.873 3.943 3.973 4.003 3.993 3.972 3.902 4.032 3.962 3.982 3.702 3.891 3.871 3.771 3.851 3.751 3.771 3.701 3.661 3.731 3.901 3.711 3.871 3.701 3.790 3.810 3.830 3.800 3.965 3.810 3.640 3.740 3.800 3.760 3.629 3.749 3.719 3.889 3.679 3.789 3.699 3.629 3.549 3.669 3.679 3.689 3.589 3.690 3.609 3.619 3.640 4.010 2.830 2.640 2.650 2.370 1.780 1.081 2.211 3.081 4.150 3.948 3.747 3.546 3.496 1.442 1.002 0.892 0.833 0.873 1.533 1.693 0.000 0.000 1.375
3.934 3.904 3.923 4.123 4.043 4.023 4.063 4.102 4.082 3.942 3.912 3.962 3.912 3.842 3.882 3.821 3.881 3.691 3.791 3.751 3.861 3.841 3.851 3.851 3.831 3.801 3.760 3.850 3.670 3.890 3.800 3.930 3.710 3.820 3.790 3.820 3.710 3.640 3.770 3.789 3.769 3.659 3.689 3.719 3.829 3.610 3.630 3.610 3.650 3.650 3.590 3.560 3.630 3.630 4.120 2.720 2.570 2.320 2.390 3.180 4.191 4.778 4.577 4.376 4.175 3.973 3.772 3.571 1.012 1.252 1.322 0.393 2.044 0.000 0.009 0.000 0.003
4.014 3.954 4.003 4.173 3.813 4.063 3.953 4.053 3.933 3.832 3.992 4.022 3.862 3.832 3.682 3.902 3.891 3.681 3.901 3.841 3.871 3.901 3.791 3.541 3.911 3.780 3.840 3.780 3.830 3.800 3.770 3.760 4.162 3.780 3.770 3.870 3.910 3.820 4.100 3.780 3.790 3.690 3.620 3.659 3.620 3.740 3.640 3.650 3.760 3.670 3.610 3.470 3.630 3.600 3.600 4.010 3.430 3.840 5.115 5.209 5.304 5.206 5.005 4.141 3.261 2.921 2.042 1.102 3.832 1.082 0.892 0.672 0.055 0.006 0.005 0.026 0.000
3.964 4.054 3.994 4.173 3.973 4.003 4.093 3.883 4.003 3.872 4.082 4.052 4.042 3.992 3.842 3.722 3.691 3.871 3.681 3.891 3.991 3.851 3.721 3.781 3.891 3.770 3.890 3.840 3.890 3.850 3.970 3.890 3.740 3.800 3.910 3.730 3.940 4.050 4.141 3.860 3.750 3.670 3.770 3.800 3.800 3.730 3.720 3.700 3.550 3.650 3.680 3.260 3.690 3.650 3.640 3.640 4.973 5.067 5.162 5.256 5.351 5.418 3.391 3.181 2.461 1.742 1.172 1.992 0.822 0.632 0.912 0.000 0.000 0.000 0.066 0.008 0.943
3.994 3.954 4.124 3.993 4.133 4.093 4.073 4.063 4.053 3.963 4.052 4.012 3.882 3.852 3.902 4.002 3.911 3.901 3.951 4.021 3.861 3.931 3.981 3.781 3.711 3.730 3.900 3.760 3.830 3.770 3.900 3.880 3.920 4.030 3.880 3.960 3.890 3.840 3.930 3.760 3.830 3.750 3.760 3.730 3.880 3.720 3.810 3.780 3.280 3.330 3.760 3.520 4.642 4.737 4.831 4.925 5.020 5.114 5.209 3.671 3.411 3.211 2.881 2.751 2.071 0.901 2.062 2.222 0.802 0.732 0.000 0.008 0.000 0.000 0.000 0.787 0.325
4.064 4.064 4.014 4.064 4.023 3.993 4.396 4.400 4.183 4.013 4.042 4.082 3.992 3.852 4.032 3.982 4.022 4.121 3.931 4.081 3.911 3.961 4.001 3.731 3.890 4.040 4.010 3.860 3.820 3.830 3.830 3.940 3.920 4.000 3.840 3.920 3.900 3.890 4.226 4.000 3.800 3.740 3.800 3.860 3.750 3.870 3.990 3.730 3.710 4.140 4.500 4.595 4.689 4.783 4.878 4.120 4.200 3.630 3.621 3.351 3.191 3.211 2.981 2.771 0.501 2.082 2.222 2.482 2.152 0.952 0.003 0.046 0.000 0.000 0.799 0.438 0.000
4.464 3.944 4.054 4.436 3.994 4.013 4.425 4.431 4.435 3.963 4.052 4.032 4.102 3.942 3.992 4.212 4.466 3.971 3.941 4.021 4.121 3.971 4.001 4.071 4.090 3.850 4.000 3.950 3.830 3.930 3.870 3.890 4.050 4.000 4.070 4.307 4.010 4.281 3.950 4.020 3.810 3.870 3.820 3.910 3.830 3.950 4.169 4.264 4.358 4.453 4.547 4.641 4.736 4.030 3.900 3.630 3.590 3.650 3.561 3.431 3.381 3.441 3.141 2.071 1.871 1.832 2.402 2.322 1.752 0.672 0.007 0.176 0.000 0.252 0.529 0.000 0.002
4.487 4.124 4.154 4.184 4.144 4.123 4.437 4.173 4.153 4.073 3.953 4.092 4.142 3.962 4.122 4.102 4.101 4.071 4.141 4.141 4.101 4.051 3.971 3.951 3.750 3.880 4.000 3.980 3.890 4.040 3.950 4.010 4.389 4.376 4.363 3.990 4.010 4.020 4.050 4.050 3.870 3.920 3.870 3.960 4.233 4.220 4.216 4.311 4.405 4.499 4.070 4.170 3.810 3.740 3.840 3.690 3.710 3.591 3.621 3.571 3.471 3.041 2.031 1.071 1.061 2.192 2.232 2.022 1.192 0.000 0.000 0.000 0.646 0.515 0.000 0.003 0.196
4.511 4.164 4.204 4.064 4.194 4.053 4.103 4.073 4.153 4.173 4.143 4.510 4.132 3.972 4.182 4.152 4.091 4.161 4.141 4.171 4.091 4.001 3.991 4.041 4.011 3.860 4.060 3.990 3.970 3.980 3.900 3.990 4.432 4.419 4.200 3.980 4.100 4.020 3.960 3.990 3.900 3.960 4.030 4.289 4.276 4.263 4.160 4.040 4.070 3.950 3.880 3.950 3.790 3.690 3.720 3.800 3.690 3.501 3.491 3.541 3.411 3.291 2.511 1.571 1.532 0.972 1.952 1.572 0.000 0.002 0.000 0.826 0.606 0.000 0.004 0.032 0.406
4.184 4.525 4.509 4.114 4.114 4.144 4.063 4.163 4.133 4.153 3.963 4.102 4.162 4.142 4.132 4.142 4.561 4.121 4.101 4.191 4.151 4.061 4.131 3.881 4.121 4.031 4.050 4.150 4.050 3.990 4.060 4.100 4.120 4.462 4.449 4.436 4.120 4.100 4.050 3.960 3.950 3.890 4.344 4.331 4.318 4.305 3.700 3.980 4.050 4.010 3.850 3.970 3.930 3.950 3.800 3.670 3.590 3.570 3.381 3.441 3.401 3.261 2.651 1.221 1.482 1.572 0.782 0.000 0.005 0.336 0.966 0.646 0.146 0.021 0.375 0.145 0.686
4.134 4.074 4.084 4.164 4.104 4.053 4.133 4.143 4.093 4.113 4.193 4.102 4.550 3.972 4.576 4.588 4.592 4.596 4.181 4.151 4.141 4.151 4.141 4.101 4.091 4.121 4.040 4.110 4.180 4.140 4.110 4.526 4.090 4.210 4.100 4.478 4.090 4.110 3.990 3.940 3.970 4.400 4.387 4.374 4.361 3.920 4.100 3.980 3.780 3.820 3.850 3.810 3.990 3.870 3.740 3.680 3.530 3.400 3.311 3.331 3.261 3.161 2.251 0.001 1.632 1.222 0.000 0.031 0.000 0.926 0.726 0.186 0.022 0.360 0.002 0.175 1.396
