includes/camargue/floodfiles/results_R2_t1.562608011066E12/res-0009.wdfp
ncols         906
nrows         631
xllcorner     362177.146667
yllcorner     6534725.688020
cellsize      20.000000
NODATA_value  -9999.000000
[rows 578 to 611 of 631, columns 0 to 76 of 906]
2.288 2.369 2.449 2.529 2.609 2.689 2.768 2.809 2.815 2.821 2.832 2.857 2.883 2.908 2.933 2.958 3.277 3.623 3.969 4.316 4.662 5.009 5.355 5.581 5.679 5.197 4.716 4.234 3.752 3.271 2.789 2.308 1.826 1.344 0.879 0.455 0.384 0.344 0.304 0.265 0.227 0.195 0.165 0.136 0.108 0.081 0.061 0.050 0.047 0.047 0.048 0.049 0.053 0.073 0.088 0.100 0.112 0.123 0.132 0.131 0.128 0.125 0.123 0.120 0.114 0.108 0.105 0.104 0.106 0.109 0.116 0.124 0.131 0.138 0.145 0.147 0.138
2.192 2.398 2.560 2.640 2.720 2.800 2.879 2.938 2.944 2.958 2.983 3.008 3.033 3.059 3.084 3.109 3.342 3.688 4.034 4.381 4.727 5.074 5.298 5.500 5.703 5.372 4.891 4.409 3.927 3.446 2.964 2.482 2.001 1.519 1.092 0.666 0.384 0.344 0.304 0.265 0.226 0.189 0.153 0.118 0.087 0.059 0.045 0.040 0.039 0.040 0.041 0.043 0.046 0.065 0.078 0.089 0.099 0.109 0.118 0.127 0.132 0.128 0.120 0.109 0.101 0.096 0.095 0.096 0.098 0.101 0.108 0.115 0.122 0.127 0.133 0.138 0.142
1.815 2.021 2.226 2.430 2.635 2.839 2.991 3.067 3.083 3.109 3.134 3.159 3.184 3.210 3.235 3.260 3.407 3.753 4.100 4.446 4.792 5.014 5.217 5.420 5.622 5.547 5.065 4.584 4.102 3.621 3.139 2.657 2.175 1.730 1.304 0.879 0.455 0.343 0.303 0.264 0.226 0.189 0.154 0.120 0.090 0.052 0.033 0.033 0.033 0.035 0.036 0.037 0.041 0.058 0.069 0.079 0.089 0.097 0.106 0.114 0.124 0.123 0.108 0.097 0.090 0.087 0.086 0.088 0.091 0.094 0.101 0.107 0.113 0.118 0.123 0.126 0.130
1.438 1.644 1.849 2.054 2.258 2.463 2.667 2.833 3.045 3.260 3.285 3.310 3.335 3.361 3.386 3.411 3.472 3.818 4.165 4.511 4.731 4.934 5.136 5.339 5.541 5.722 5.240 4.759 4.277 3.795 3.314 2.832 2.368 1.943 1.517 1.092 0.667 0.343 0.303 0.264 0.226 0.189 0.155 0.122 0.086 0.052 0.036 0.028 0.028 0.030 0.031 0.033 0.036 0.052 0.062 0.072 0.080 0.088 0.097 0.110 0.123 0.121 0.103 0.088 0.081 0.078 0.079 0.081 0.084 0.088 0.094 0.101 0.106 0.111 0.114 0.118 0.120
1.062 1.267 1.472 1.677 1.881 2.086 2.251 2.390 2.579 2.809 3.038 3.268 3.486 3.511 3.537 3.562 3.587 3.883 4.230 4.448 4.651 4.853 5.056 5.258 5.461 5.663 5.415 4.934 4.452 3.970 3.489 3.007 2.581 2.156 1.730 1.305 0.880 0.455 0.302 0.264 0.226 0.190 0.156 0.125 0.083 0.053 0.039 0.032 0.027 0.025 0.027 0.028 0.032 0.046 0.056 0.065 0.073 0.086 0.098 0.110 0.121 0.119 0.100 0.085 0.075 0.070 0.072 0.074 0.078 0.082 0.088 0.095 0.100 0.104 0.108 0.110 0.111
0.685 0.890 1.095 1.300 1.504 1.669 1.808 1.947 2.114 2.343 2.573 2.802 3.032 3.261 3.490 3.712 3.737 3.948 4.165 4.368 4.570 4.773 4.975 5.178 5.380 5.583 5.590 5.108 4.627 4.145 3.664 3.220 2.794 2.369 1.944 1.518 1.093 0.667 0.302 0.263 0.226 0.191 0.158 0.125 0.081 0.055 0.042 0.036 0.031 0.027 0.023 0.025 0.028 0.041 0.051 0.063 0.075 0.086 0.097 0.108 0.118 0.116 0.097 0.082 0.072 0.068 0.067 0.068 0.072 0.076 0.083 0.089 0.095 0.098 0.101 0.104 0.106
0.308 0.514 0.719 0.923 1.087 1.226 1.365 1.505 1.648 1.878 2.108 2.337 2.566 2.795 3.025 3.254 3.483 3.984 4.084 4.287 4.490 4.692 4.895 5.097 5.300 5.502 5.705 5.283 4.802 4.320 3.858 3.433 3.007 2.582 2.157 1.731 1.306 0.880 0.456 0.263 0.226 0.192 0.159 0.120 0.080 0.057 0.046 0.040 0.035 0.032 0.028 0.023 0.023 0.040 0.053 0.063 0.074 0.084 0.094 0.104 0.115 0.113 0.093 0.078 0.069 0.065 0.065 0.066 0.067 0.070 0.077 0.083 0.088 0.092 0.096 0.099 0.102
0.003 0.139 0.343 0.505 0.644 0.784 0.923 1.062 1.201 1.413 1.642 1.872 2.101 2.330 2.559 2.866 3.606 4.226 4.313 4.400 4.486 4.612 4.814 5.017 5.219 5.421 5.624 5.458 4.977 4.496 4.071 3.646 3.221 2.795 2.370 1.944 1.519 1.093 0.668 0.262 0.226 0.193 0.162 0.116 0.080 0.060 0.050 0.044 0.040 0.036 0.034 0.031 0.031 0.041 0.051 0.061 0.071 0.081 0.091 0.101 0.110 0.109 0.088 0.073 0.064 0.061 0.061 0.063 0.065 0.066 0.070 0.077 0.083 0.087 0.092 0.095 0.099
0.000 0.000 0.004 0.067 0.203 0.341 0.480 0.619 0.758 0.947 1.177 1.406 1.635 1.865 2.255 2.995 3.735 4.469 4.556 4.642 4.729 4.816 4.903 4.989 5.138 5.341 5.543 5.633 5.152 4.710 4.284 3.859 3.434 3.008 2.583 2.157 1.732 1.307 0.881 0.457 0.226 0.194 0.159 0.114 0.082 0.063 0.053 0.048 0.045 0.042 0.040 0.037 0.038 0.050 0.056 0.058 0.068 0.077 0.086 0.096 0.106 0.104 0.083 0.067 0.058 0.056 0.057 0.058 0.058 0.060 0.065 0.072 0.078 0.083 0.087 0.092 0.096
0.000 0.000 0.000 0.000 0.000 0.003 0.043 0.178 0.316 0.482 0.712 0.941 1.170 1.645 2.385 3.125 3.865 4.605 4.799 4.885 4.972 5.059 5.145 5.232 5.319 5.405 5.492 5.665 5.348 4.923 4.497 4.072 3.647 3.221 2.796 2.371 1.945 1.520 1.094 0.669 0.251 0.196 0.155 0.113 0.084 0.068 0.059 0.054 0.050 0.047 0.045 0.042 0.044 0.057 0.064 0.068 0.069 0.073 0.082 0.091 0.100 0.098 0.077 0.060 0.051 0.049 0.048 0.050 0.052 0.055 0.060 0.068 0.074 0.079 0.083 0.088 0.092
0.000 0.000 0.000 0.000 0.000 0.000 0.000 0.000 0.002 0.027 0.247 0.476 1.034 1.774 2.514 3.254 3.994 4.734 5.041 5.128 5.215 5.301 5.388 5.475 5.561 5.648 5.735 5.511 5.229 4.849 4.468 4.088 3.707 3.326 2.946 2.565 2.158 1.733 1.308 0.883 0.461 0.198 0.153 0.116 0.090 0.075 0.065 0.059 0.055 0.052 0.049 0.047 0.048 0.063 0.071 0.076 0.078 0.080 0.080 0.085 0.095 0.093 0.070 0.052 0.041 0.039 0.041 0.043 0.046 0.049 0.055 0.063 0.069 0.074 0.079 0.084 0.088
0.000 0.000 0.000 0.000 0.000 0.000 0.000 0.000 0.000 0.000 0.000 0.424 1.164 1.904 2.644 3.384 4.124 4.864 5.284 5.371 5.457 5.544 5.631 5.717 5.804 5.699 5.336 4.985 4.788 4.465 4.084 3.703 3.323 2.942 2.561 2.181 1.800 1.419 1.039 0.658 0.283 0.170 0.156 0.122 0.098 0.082 0.072 0.065 0.060 0.056 0.053 0.050 0.052 0.068 0.077 0.082 0.085 0.088 0.089 0.089 0.090 0.087 0.059 0.037 0.030 0.031 0.034 0.037 0.041 0.044 0.050 0.058 0.064 0.069 0.074 0.079 0.084
0.000 0.000 0.001 0.001 0.000 0.000 0.000 0.000 0.000 0.000 0.001 0.553 1.293 2.033 2.773 3.513 4.253 4.993 5.527 5.613 5.700 5.787 5.874 5.888 5.525 5.161 4.798 4.491 4.294 4.080 3.700 3.319 2.938 2.558 2.177 1.797 1.416 1.035 0.654 0.275 0.121 0.126 0.118 0.112 0.106 0.090 0.078 0.070 0.064 0.060 0.056 0.054 0.056 0.072 0.081 0.087 0.091 0.094 0.096 0.097 0.099 0.087 0.045 0.026 0.022 0.024 0.028 0.031 0.035 0.038 0.044 0.052 0.058 0.064 0.069 0.074 0.079
0.001 0.001 0.002 0.002 0.002 0.001 0.001 0.000 0.000 0.000 0.167 0.836 1.505 2.174 2.903 3.643 4.383 5.123 5.770 5.856 5.943 6.030 5.713 5.350 4.986 4.623 4.260 3.998 3.801 3.603 3.315 2.935 2.554 2.173 1.793 1.412 1.031 0.651 0.271 0.088 0.096 0.098 0.092 0.084 0.082 0.085 0.086 0.077 0.070 0.064 0.060 0.057 0.059 0.076 0.085 0.092 0.096 0.099 0.102 0.106 0.110 0.100 0.056 0.023 0.014 0.017 0.021 0.025 0.028 0.032 0.038 0.046 0.052 0.057 0.063 0.068 0.073
0.000 0.002 0.002 0.003 0.002 0.002 0.002 0.000 0.000 0.125 0.504 1.173 1.842 2.511 3.181 3.850 4.519 5.252 5.992 6.099 5.901 5.538 5.175 4.812 4.448 4.085 3.722 3.504 3.307 3.110 2.913 2.550 2.170 1.789 1.408 1.028 0.647 0.267 0.068 0.080 0.085 0.086 0.080 0.069 0.062 0.060 0.065 0.074 0.076 0.069 0.064 0.060 0.062 0.079 0.089 0.095 0.100 0.106 0.111 0.115 0.119 0.111 0.067 0.033 0.017 0.011 0.013 0.017 0.022 0.026 0.031 0.039 0.045 0.051 0.056 0.062 0.067
0.001 0.003 0.003 0.003 0.003 0.003 0.001 0.001 0.179 0.536 0.894 1.510 2.179 2.848 3.518 4.187 4.856 5.525 6.130 5.726 5.363 4.999 4.636 4.273 3.910 3.547 3.207 3.010 2.813 2.616 2.419 2.166 1.785 1.405 1.024 0.644 0.263 0.054 0.071 0.078 0.081 0.081 0.077 0.064 0.053 0.045 0.044 0.048 0.057 0.068 0.068 0.063 0.065 0.082 0.092 0.101 0.108 0.114 0.119 0.123 0.126 0.120 0.077 0.041 0.023 0.015 0.011 0.010 0.014 0.018 0.024 0.031 0.038 0.044 0.049 0.055 0.060
0.002 0.003 0.003 0.004 0.003 0.001 0.003 0.234 0.591 0.949 1.307 1.847 2.516 3.185 3.855 4.524 5.193 5.742 6.087 5.725 5.018 4.461 4.098 3.735 3.372 3.009 2.713 2.517 2.320 2.123 1.926 1.729 1.401 1.020 0.640 0.260 0.042 0.062 0.071 0.077 0.080 0.080 0.079 0.065 0.051 0.040 0.032 0.029 0.033 0.040 0.050 0.062 0.067 0.088 0.100 0.108 0.115 0.121 0.125 0.130 0.133 0.129 0.086 0.050 0.029 0.020 0.016 0.012 0.010 0.010 0.015 0.022 0.029 0.036 0.042 0.048 0.054
0.002 0.004 0.003 0.003 0.001 0.005 0.289 0.647 1.004 1.362 1.719 2.184 2.853 3.523 4.192 4.861 5.354 5.700 6.045 5.824 5.117 4.410 3.703 3.197 2.834 2.471 2.220 2.023 1.826 1.629 1.432 1.235 1.017 0.636 0.256 0.034 0.050 0.062 0.070 0.075 0.079 0.081 0.081 0.069 0.054 0.040 0.029 0.020 0.017 0.019 0.024 0.031 0.046 0.093 0.106 0.114 0.121 0.127 0.132 0.136 0.140 0.138 0.095 0.059 0.037 0.026 0.020 0.016 0.013 0.012 0.010 0.012 0.020 0.027 0.034 0.041 0.048
0.002 0.005 0.003 0.001 0.014 0.345 0.702 1.059 1.417 1.775 2.132 2.521 3.190 3.860 4.529 4.967 5.312 5.657 6.003 5.923 5.216 4.509 3.802 3.095 2.389 1.933 1.726 1.529 1.332 1.135 0.939 0.742 0.544 0.252 0.026 0.035 0.050 0.059 0.067 0.074 0.079 0.082 0.083 0.074 0.059 0.044 0.030 0.019 0.012 0.009 0.009 0.010 0.013 0.050 0.085 0.120 0.126 0.132 0.137 0.142 0.146 0.146 0.104 0.068 0.045 0.033 0.026 0.021 0.018 0.016 0.015 0.015 0.013 0.016 0.025 0.033 0.040
0.002 0.003 0.002 0.003 0.298 0.707 1.115 1.472 1.830 2.187 2.545 2.902 3.527 4.197 4.579 4.924 5.270 5.615 5.961 6.021 5.315 4.608 3.901 3.194 2.487 1.681 1.379 1.156 0.933 0.709 0.486 0.262 0.058 0.017 0.021 0.037 0.046 0.055 0.063 0.071 0.078 0.083 0.085 0.079 0.064 0.048 0.033 0.020 0.011 0.007 0.005 0.003 0.002 0.012 0.041 0.073 0.106 0.137 0.142 0.147 0.152 0.154 0.112 0.077 0.054 0.041 0.034 0.029 0.025 0.021 0.020 0.020 0.019 0.019 0.018 0.022 0.032
0.000 0.001 0.004 0.147 0.505 0.914 1.324 1.733 2.143 2.552 2.958 3.315 3.846 4.191 4.537 4.882 5.227 5.573 5.918 6.120 5.414 4.707 4.000 3.281 2.454 1.627 1.166 0.942 0.719 0.496 0.272 0.054 0.010 0.012 0.021 0.031 0.040 0.048 0.057 0.067 0.075 0.082 0.087 0.086 0.070 0.052 0.036 0.023 0.012 0.007 0.004 0.003 0.001 0.003 0.007 0.028 0.059 0.091 0.124 0.152 0.157 0.161 0.120 0.087 0.066 0.052 0.044 0.037 0.032 0.027 0.025 0.025 0.025 0.025 0.024 0.024 0.024
0.000 0.006 0.175 0.406 0.711 1.120 1.530 1.939 2.349 2.759 3.168 3.577 3.766 4.138 4.494 4.840 5.185 5.531 5.876 6.219 5.512 4.806 4.054 3.227 2.400 1.573 0.952 0.729 0.505 0.282 0.062 0.008 0.009 0.012 0.015 0.023 0.031 0.040 0.050 0.061 0.071 0.081 0.089 0.093 0.077 0.057 0.042 0.026 0.012 0.006 0.004 0.002 0.000 0.002 0.003 0.006 0.017 0.045 0.076 0.109 0.141 0.166 0.129 0.099 0.078 0.064 0.054 0.046 0.039 0.034 0.031 0.031 0.030 0.030 0.030 0.031 0.031
0.007 0.202 0.434 0.665 0.917 1.327 1.736 2.146 2.556 2.965 3.375 3.541 3.647 4.011 4.384 4.756 5.129 5.488 5.834 6.179 5.611 4.827 4.000 3.173 2.347 1.520 0.738 0.515 0.292 0.071 0.006 0.006 0.009 0.009 0.010 0.016 0.023 0.030 0.039 0.050 0.063 0.076 0.089 0.100 0.087 0.066 0.047 0.027 0.011 0.005 0.003 0.002 0.000 0.002 0.003 0.004 0.006 0.011 0.031 0.062 0.087 0.099 0.112 0.111 0.091 0.077 0.066 0.056 0.048 0.042 0.037 0.036 0.035 0.036 0.036 0.037 0.038
0.227 0.461 0.693 0.925 1.156 1.533 1.942 2.352 2.762 3.171 3.398 3.505 3.611 3.885 4.257 4.629 5.002 5.374 5.747 6.119 5.600 4.774 3.947 3.120 2.293 1.466 0.639 0.301 0.080 0.006 0.005 0.007 0.007 0.007 0.007 0.010 0.015 0.021 0.029 0.039 0.052 0.067 0.082 0.125 0.113 0.070 0.049 0.027 0.010 0.004 0.003 0.002 0.001 0.002 0.003 0.004 0.005 0.006 0.009 0.013 0.021 0.032 0.045 0.064 0.087 0.090 0.079 0.067 0.058 0.050 0.044 0.041 0.040 0.040 0.041 0.041 0.033
0.487 0.720 0.953 1.184 1.416 1.739 2.149 2.559 2.968 3.256 3.362 3.469 3.575 3.758 4.130 4.503 4.875 5.247 5.526 5.345 4.935 4.385 3.834 3.066 2.240 1.413 0.586 0.089 0.006 0.005 0.006 0.005 0.005 0.005 0.005 0.006 0.009 0.013 0.019 0.027 0.038 0.053 0.102 0.151 0.154 0.109 0.063 0.024 0.008 0.003 0.002 0.002 0.001 0.002 0.003 0.004 0.005 0.005 0.005 0.005 0.005 0.006 0.011 0.021 0.036 0.057 0.081 0.080 0.070 0.059 0.051 0.046 0.044 0.043 0.036 0.024 0.018
0.747 0.980 1.212 1.444 1.676 1.945 2.355 2.765 3.113 3.220 3.326 3.433 3.539 3.646 4.003 4.376 4.748 4.886 4.705 4.523 4.157 3.607 3.056 2.506 1.955 1.359 0.532 0.009 0.006 0.006 0.005 0.005 0.004 0.004 0.003 0.003 0.005 0.007 0.010 0.014 0.021 0.070 0.118 0.165 0.184 0.138 0.092 0.049 0.012 0.002 0.001 0.001 0.001 0.002 0.003 0.004 0.004 0.004 0.004 0.004 0.004 0.004 0.004 0.005 0.009 0.018 0.033 0.053 0.077 0.070 0.058 0.051 0.043 0.028 0.018 0.013 0.012
1.007 1.240 1.472 1.704 1.935 2.167 2.561 2.970 3.077 3.183 3.290 3.397 3.503 3.610 3.876 4.249 4.246 4.064 3.883 3.702 3.379 2.829 2.278 1.727 1.177 0.626 0.078 0.009 0.008 0.006 0.005 0.004 0.004 0.003 0.002 0.002 0.003 0.003 0.003 0.004 0.033 0.079 0.126 0.173 0.208 0.161 0.115 0.070 0.029 0.006 0.002 0.000 0.001 0.002 0.003 0.003 0.003 0.003 0.003 0.003 0.003 0.004 0.004 0.004 0.004 0.005 0.008 0.016 0.030 0.049 0.067 0.041 0.023 0.015 0.012 0.010 0.008
1.264 1.498 1.731 1.963 2.195 2.426 2.767 2.934 3.040 3.147 3.254 3.361 3.467 3.574 3.749 3.605 3.424 3.243 3.062 2.880 2.601 2.050 1.500 0.949 0.399 0.014 0.011 0.016 0.010 0.007 0.005 0.004 0.003 0.003 0.002 0.001 0.001 0.001 0.002 0.008 0.037 0.083 0.130 0.177 0.224 0.182 0.135 0.089 0.045 0.014 0.006 0.005 0.005 0.003 0.002 0.003 0.003 0.003 0.003 0.003 0.003 0.003 0.003 0.003 0.004 0.004 0.004 0.005 0.007 0.022 0.041 0.023 0.018 0.014 0.011 0.009 0.007
1.522 1.755 1.987 2.220 2.453 2.685 2.809 2.920 3.031 3.141 3.252 3.363 3.473 3.584 3.467 2.878 2.602 2.421 2.240 2.059 1.823 1.272 0.722 0.172 0.009 0.016 0.019 0.018 0.011 0.007 0.006 0.005 0.003 0.002 0.002 0.000 0.000 0.000 0.003 0.009 0.038 0.085 0.131 0.178 0.225 0.200 0.153 0.107 0.062 0.026 0.013 0.010 0.007 0.006 0.005 0.003 0.002 0.003 0.002 0.003 0.002 0.003 0.003 0.003 0.003 0.003 0.004 0.004 0.006 0.014 0.033 0.015 0.012 0.013 0.012 0.009 0.007
1.779 2.012 2.245 2.477 2.691 2.883 2.958 2.946 3.057 3.168 3.278 3.389 3.500 3.610 3.372 2.782 2.193 1.604 1.418 1.237 1.045 0.494 0.015 0.009 0.019 0.021 0.020 0.019 0.013 0.008 0.006 0.005 0.004 0.003 0.002 0.000 0.000 0.001 0.003 0.009 0.038 0.085 0.132 0.178 0.225 0.218 0.170 0.123 0.078 0.039 0.017 0.010 0.008 0.007 0.008 0.006 0.005 0.003 0.002 0.002 0.002 0.002 0.002 0.002 0.003 0.003 0.004 0.004 0.005 0.010 0.029 0.013 0.010 0.010 0.010 0.010 0.008
2.036 2.269 2.499 2.691 2.882 3.074 3.122 3.104 3.086 3.194 3.305 3.415 3.526 3.637 3.277 2.687 2.098 1.508 0.919 0.415 0.234 0.007 0.009 0.018 0.020 0.021 0.021 0.020 0.014 0.008 0.007 0.005 0.004 0.003 0.002 0.001 0.000 0.000 0.002 0.008 0.037 0.084 0.131 0.177 0.224 0.234 0.186 0.139 0.091 0.040 0.016 0.011 0.009 0.008 0.009 0.008 0.007 0.006 0.004 0.002 0.001 0.002 0.002 0.002 0.003 0.003 0.004 0.004 0.005 0.008 0.026 0.011 0.009 0.009 0.008 0.008 0.007
2.293 2.498 2.690 2.882 3.073 3.265 3.285 3.268 3.250 3.232 3.331 3.442 3.552 3.663 3.182 2.592 2.003 1.413 0.824 0.235 0.004 0.007 0.015 0.017 0.019 0.020 0.020 0.020 0.016 0.009 0.007 0.006 0.004 0.003 0.003 0.002 0.000 0.001 0.002 0.003 0.021 0.075 0.129 0.176 0.223 0.249 0.202 0.149 0.091 0.040 0.018 0.012 0.010 0.009 0.009 0.009 0.008 0.007 0.006 0.005 0.003 0.002 0.001 0.002 0.003 0.003 0.004 0.004 0.005 0.007 0.023 0.011 0.009 0.008 0.008 0.007 0.006
2.498 2.689 2.881 3.073 3.264 3.455 3.449 3.431 3.413 3.396 3.378 3.468 3.579 3.676 3.087 2.497 1.908 1.318 0.735 0.161 0.004 0.007 0.013 0.016 0.017 0.019 0.020 0.020 0.018 0.010 0.008 0.006 0.005 0.005 0.004 0.002 0.000 0.000 0.001 0.002 0.008 0.048 0.104 0.160 0.216 0.265 0.208 0.148 0.090 0.042 0.021 0.015 0.012 0.010 0.009 0.009 0.008 0.008 0.007 0.006 0.004 0.004 0.003 0.002 0.002 0.003 0.003 0.003 0.004 0.006 0.020 0.010 0.008 0.008 0.008 0.007 0.006
2.689 2.880 3.072 3.264 3.455 3.631 3.613 3.595 3.577 3.559 3.542 3.524 3.605 3.581 2.992 2.402 1.822 1.245 0.669 0.097 0.004 0.006 0.011 0.013 0.015 0.017 0.019 0.020 0.019 0.012 0.008 0.007 0.007 0.006 0.004 0.003 0.001 0.000 0.001 0.002 0.005 0.024 0.078 0.134 0.190 0.220 0.190 0.147 0.090 0.045 0.027 0.019 0.014 0.011 0.009 0.009 0.009 0.008 0.007 0.007 0.007 0.007 0.007 0.007 0.004 0.002 0.003 0.003 0.004 0.005 0.016 0.009 0.008 0.008 0.008 0.007 0.009
