includes/camargue/floodfiles/results_R2_t1.562608011066E12/res-0011.wd
ncols         906
nrows         631
xllcorner     362177.146667
yllcorner     6534725.688020
cellsize      20.000000
NODATA_value  -9999.000000
[rows 578 to 611 of 631, columns 77 to 153 of 906]
0.030 0.027 0.029 0.027 0.017 0.013 0.011 0.009 0.007 0.004 0.002 0.001 0.000 0.000 0.000 0.000 0.000 0.000 0.000 0.000 0.000 0.000 0.002 0.002 0.003 0.004 0.006 0.007 0.010 0.011 0.013 0.016 0.020 0.024 0.029 0.034 0.041 0.049 0.036 0.027 0.025 0.027 0.026 0.025 0.023 0.021 0.019 0.016 0.014 0.010 0.006 0.005 0.005 0.006 0.006 0.006 0.006 0.006 0.006 0.006 0.005 0.004 0.003 0.002 0.002 0.002 0.002 0.002 0.002 0.001 0.001 0.002 0.002 0.002 0.011 0.041 0.043
0.036 0.031 0.027 0.019 0.015 0.013 0.012 0.010 0.009 0.006 0.003 0.001 0.000 0.000 0.000 0.000 0.000 0.000 0.000 0.000 0.000 0.000 0.000 0.001 0.002 0.003 0.005 0.006 0.009 0.012 0.014 0.016 0.017 0.021 0.025 0.029 0.035 0.042 0.042 0.030 0.030 0.031 0.030 0.028 0.026 0.024 0.020 0.017 0.014 0.011 0.009 0.008 0.006 0.006 0.006 0.006 0.005 0.005 0.005 0.006 0.005 0.004 0.004 0.003 0.002 0.002 0.002 0.002 0.001 0.001 0.001 0.002 0.002 0.002 0.003 0.031 0.046
0.029 0.027 0.021 0.018 0.016 0.014 0.013 0.012 0.010 0.008 0.005 0.002 0.001 0.000 0.000 0.000 0.000 0.000 0.000 0.000 0.000 0.000 0.000 0.000 0.001 0.003 0.004 0.007 0.009 0.012 0.014 0.016 0.018 0.020 0.023 0.026 0.030 0.036 0.043 0.035 0.036 0.034 0.031 0.027 0.024 0.021 0.019 0.016 0.015 0.013 0.011 0.010 0.008 0.006 0.006 0.005 0.005 0.005 0.005 0.005 0.004 0.004 0.004 0.003 0.003 0.002 0.002 0.001 0.001 0.001 0.002 0.002 0.002 0.002 0.003 0.013 0.048
0.024 0.023 0.019 0.018 0.017 0.016 0.014 0.013 0.011 0.010 0.007 0.003 0.000 0.000 0.000 0.000 0.000 0.000 0.000 0.000 0.000 0.000 0.000 0.000 0.001 0.002 0.003 0.005 0.008 0.011 0.012 0.014 0.017 0.019 0.022 0.026 0.029 0.033 0.037 0.040 0.034 0.031 0.028 0.025 0.023 0.021 0.019 0.017 0.016 0.014 0.013 0.012 0.009 0.007 0.005 0.005 0.005 0.005 0.005 0.005 0.004 0.004 0.004 0.004 0.003 0.002 0.001 0.001 0.001 0.001 0.002 0.002 0.002 0.002 0.002 0.004 0.036
0.023 0.023 0.019 0.018 0.017 0.016 0.015 0.014 0.013 0.011 0.010 0.005 0.002 0.000 0.000 0.000 0.000 0.000 0.000 0.000 0.000 0.000 0.000 0.000 0.000 0.001 0.002 0.004 0.006 0.009 0.011 0.013 0.015 0.018 0.021 0.024 0.027 0.031 0.036 0.036 0.033 0.030 0.027 0.025 0.024 0.022 0.020 0.019 0.017 0.015 0.015 0.013 0.011 0.009 0.006 0.005 0.004 0.004 0.004 0.004 0.004 0.004 0.004 0.004 0.003 0.003 0.002 0.001 0.001 0.002 0.002 0.002 0.002 0.002 0.002 0.003 0.022
0.023 0.023 0.020 0.018 0.017 0.016 0.015 0.014 0.013 0.012 0.011 0.009 0.003 0.000 0.000 0.000 0.000 0.000 0.000 0.000 0.000 0.000 0.000 0.000 0.000 0.000 0.001 0.003 0.005 0.007 0.009 0.011 0.013 0.016 0.019 0.022 0.027 0.031 0.035 0.033 0.030 0.029 0.028 0.026 0.025 0.023 0.021 0.020 0.018 0.017 0.016 0.014 0.012 0.010 0.008 0.006 0.004 0.004 0.004 0.003 0.004 0.004 0.004 0.004 0.004 0.003 0.003 0.001 0.001 0.002 0.002 0.002 0.002 0.002 0.002 0.003 0.014
0.022 0.023 0.020 0.019 0.018 0.016 0.015 0.014 0.013 0.012 0.013 0.015 0.014 0.005 0.000 0.000 0.000 0.000 0.000 0.000 0.000 0.000 0.000 0.000 0.000 0.000 0.001 0.002 0.004 0.006 0.007 0.009 0.011 0.014 0.018 0.022 0.026 0.029 0.033 0.030 0.027 0.027 0.027 0.027 0.026 0.024 0.023 0.021 0.019 0.018 0.017 0.016 0.014 0.011 0.009 0.007 0.005 0.003 0.003 0.003 0.003 0.004 0.004 0.004 0.004 0.003 0.003 0.003 0.001 0.002 0.002 0.002 0.002 0.002 0.002 0.003 0.015
0.022 0.023 0.021 0.020 0.018 0.017 0.016 0.014 0.013 0.013 0.014 0.015 0.015 0.016 0.008 0.002 0.000 0.001 0.000 0.000 0.000 0.000 0.000 0.000 0.000 0.001 0.001 0.000 0.002 0.004 0.006 0.008 0.010 0.013 0.017 0.020 0.024 0.028 0.032 0.028 0.025 0.025 0.025 0.026 0.027 0.025 0.024 0.022 0.021 0.020 0.019 0.017 0.015 0.013 0.010 0.008 0.006 0.004 0.003 0.003 0.003 0.003 0.004 0.004 0.004 0.004 0.003 0.003 0.002 0.002 0.002 0.002 0.002 0.002 0.002 0.003 0.013
0.021 0.022 0.021 0.020 0.019 0.018 0.017 0.016 0.016 0.015 0.014 0.013 0.013 0.014 0.015 0.011 0.003 0.001 0.001 0.001 0.001 0.001 0.001 0.001 0.002 0.002 0.002 0.002 0.002 0.003 0.005 0.007 0.009 0.012 0.015 0.019 0.022 0.026 0.030 0.026 0.024 0.024 0.024 0.025 0.026 0.026 0.025 0.024 0.022 0.021 0.020 0.018 0.016 0.014 0.012 0.010 0.008 0.006 0.003 0.002 0.003 0.003 0.003 0.003 0.004 0.003 0.003 0.004 0.003 0.002 0.002 0.001 0.001 0.001 0.001 0.003 0.008
0.019 0.021 0.021 0.021 0.020 0.019 0.020 0.019 0.017 0.015 0.013 0.012 0.012 0.012 0.013 0.014 0.013 0.005 0.003 0.003 0.003 0.003 0.004 0.004 0.005 0.005 0.006 0.007 0.005 0.003 0.005 0.006 0.008 0.010 0.013 0.017 0.020 0.024 0.028 0.024 0.022 0.022 0.023 0.024 0.024 0.025 0.026 0.025 0.023 0.023 0.022 0.020 0.018 0.017 0.015 0.012 0.010 0.007 0.004 0.003 0.002 0.003 0.003 0.003 0.003 0.003 0.004 0.004 0.004 0.003 0.001 0.001 0.001 0.001 0.001 0.004 0.005
0.017 0.020 0.021 0.021 0.022 0.024 0.023 0.021 0.019 0.016 0.013 0.011 0.010 0.010 0.011 0.013 0.014 0.015 0.009 0.006 0.005 0.006 0.007 0.008 0.010 0.009 0.006 0.004 0.004 0.003 0.006 0.006 0.007 0.009 0.011 0.015 0.018 0.022 0.026 0.022 0.021 0.021 0.022 0.023 0.023 0.024 0.024 0.025 0.025 0.025 0.025 0.024 0.022 0.020 0.017 0.014 0.011 0.009 0.005 0.003 0.003 0.002 0.003 0.003 0.003 0.003 0.004 0.004 0.004 0.003 0.002 0.001 0.001 0.000 0.000 0.002 0.003
0.014 0.017 0.020 0.024 0.025 0.026 0.025 0.023 0.021 0.018 0.014 0.010 0.008 0.008 0.009 0.010 0.011 0.013 0.015 0.012 0.009 0.011 0.012 0.010 0.006 0.004 0.003 0.003 0.003 0.003 0.006 0.007 0.007 0.007 0.010 0.012 0.016 0.020 0.024 0.020 0.020 0.020 0.021 0.022 0.022 0.023 0.024 0.025 0.027 0.029 0.028 0.027 0.025 0.022 0.019 0.016 0.013 0.010 0.005 0.004 0.003 0.003 0.002 0.003 0.003 0.003 0.004 0.004 0.004 0.003 0.002 0.001 0.001 0.001 0.000 0.000 0.001
0.011 0.014 0.019 0.025 0.026 0.027 0.027 0.025 0.023 0.020 0.016 0.011 0.007 0.006 0.006 0.007 0.008 0.009 0.011 0.013 0.013 0.009 0.005 0.003 0.003 0.003 0.003 0.003 0.003 0.003 0.005 0.006 0.007 0.008 0.008 0.010 0.014 0.018 0.021 0.019 0.019 0.019 0.020 0.021 0.022 0.024 0.025 0.026 0.028 0.029 0.031 0.029 0.027 0.024 0.022 0.018 0.015 0.011 0.006 0.005 0.004 0.003 0.003 0.002 0.003 0.004 0.004 0.004 0.003 0.003 0.002 0.001 0.000 0.000 0.001 0.000 0.000
0.007 0.009 0.013 0.018 0.024 0.028 0.028 0.027 0.026 0.023 0.019 0.013 0.007 0.005 0.005 0.005 0.005 0.005 0.005 0.005 0.004 0.003 0.003 0.003 0.003 0.003 0.002 0.002 0.003 0.003 0.005 0.005 0.006 0.007 0.008 0.010 0.011 0.015 0.018 0.017 0.018 0.018 0.020 0.022 0.024 0.025 0.026 0.026 0.028 0.029 0.030 0.030 0.029 0.027 0.024 0.021 0.017 0.012 0.007 0.006 0.005 0.004 0.003 0.003 0.002 0.004 0.004 0.004 0.003 0.003 0.002 0.001 0.000 0.000 0.000 0.000 0.000
0.005 0.006 0.009 0.013 0.017 0.022 0.027 0.029 0.028 0.026 0.022 0.015 0.007 0.005 0.004 0.004 0.004 0.004 0.004 0.004 0.003 0.003 0.003 0.002 0.002 0.002 0.002 0.002 0.002 0.002 0.004 0.005 0.005 0.006 0.007 0.009 0.011 0.013 0.015 0.016 0.018 0.020 0.021 0.022 0.023 0.024 0.025 0.026 0.027 0.028 0.029 0.030 0.030 0.029 0.026 0.023 0.019 0.013 0.008 0.006 0.005 0.005 0.004 0.004 0.003 0.004 0.005 0.005 0.004 0.003 0.002 0.001 0.000 0.000 0.000 0.000 0.000
0.004 0.004 0.006 0.009 0.012 0.016 0.021 0.026 0.031 0.029 0.026 0.018 0.008 0.004 0.004 0.004 0.004 0.004 0.003 0.003 0.003 0.003 0.002 0.002 0.002 0.002 0.002 0.002 0.002 0.002 0.003 0.004 0.004 0.005 0.006 0.007 0.009 0.010 0.013 0.017 0.018 0.019 0.020 0.021 0.023 0.024 0.024 0.025 0.027 0.028 0.029 0.029 0.029 0.029 0.029 0.026 0.022 0.014 0.009 0.007 0.006 0.005 0.005 0.004 0.004 0.004 0.005 0.005 0.004 0.003 0.002 0.001 0.000 0.000 0.000 0.000 0.000
0.002 0.003 0.004 0.006 0.009 0.012 0.016 0.020 0.025 0.029 0.032 0.022 0.009 0.004 0.003 0.003 0.003 0.003 0.003 0.003 0.003 0.002 0.002 0.002 0.002 0.002 0.002 0.002 0.002 0.002 0.003 0.003 0.003 0.003 0.004 0.004 0.005 0.007 0.009 0.013 0.017 0.018 0.019 0.020 0.021 0.023 0.024 0.024 0.026 0.028 0.028 0.029 0.029 0.029 0.028 0.027 0.025 0.016 0.011 0.009 0.008 0.006 0.005 0.004 0.004 0.004 0.005 0.005 0.004 0.003 0.002 0.000 0.000 0.000 0.000 0.000 0.000
0.002 0.002 0.003 0.004 0.006 0.009 0.012 0.016 0.022 0.025 0.037 0.028 0.010 0.003 0.003 0.003 0.003 0.003 0.003 0.003 0.003 0.002 0.002 0.002 0.002 0.002 0.002 0.001 0.001 0.002 0.002 0.002 0.002 0.002 0.002 0.002 0.003 0.004 0.006 0.008 0.012 0.015 0.017 0.019 0.020 0.021 0.022 0.024 0.026 0.027 0.028 0.029 0.029 0.029 0.028 0.027 0.026 0.019 0.014 0.011 0.009 0.007 0.006 0.005 0.004 0.004 0.005 0.005 0.004 0.003 0.002 0.000 0.000 0.000 0.000 0.000 0.000
0.000 0.001 0.001 0.002 0.003 0.005 0.009 0.012 0.021 0.034 0.047 0.036 0.012 0.003 0.002 0.003 0.003 0.003 0.003 0.003 0.003 0.002 0.002 0.002 0.002 0.002 0.002 0.001 0.001 0.002 0.002 0.001 0.001 0.001 0.001 0.001 0.002 0.002 0.003 0.005 0.007 0.010 0.014 0.017 0.018 0.020 0.021 0.023 0.025 0.027 0.028 0.028 0.029 0.029 0.029 0.028 0.027 0.019 0.015 0.013 0.011 0.009 0.007 0.006 0.005 0.004 0.005 0.005 0.004 0.002 0.001 0.000 0.000 0.000 0.000 0.000 0.000
0.000 0.000 0.000 0.001 0.001 0.002 0.006 0.016 0.028 0.041 0.053 0.041 0.016 0.003 0.002 0.002 0.002 0.003 0.003 0.003 0.002 0.002 0.002 0.002 0.002 0.002 0.002 0.001 0.001 0.001 0.001 0.000 0.000 0.000 0.000 0.000 0.001 0.001 0.002 0.003 0.004 0.006 0.009 0.012 0.016 0.018 0.019 0.021 0.024 0.026 0.027 0.028 0.029 0.029 0.029 0.028 0.027 0.020 0.016 0.014 0.012 0.011 0.009 0.007 0.005 0.004 0.006 0.005 0.003 0.002 0.001 0.001 0.000 0.000 0.000 0.000 0.001
0.000 0.000 0.000 0.000 0.000 0.002 0.010 0.021 0.033 0.045 0.057 0.044 0.019 0.004 0.002 0.002 0.002 0.002 0.003 0.003 0.002 0.002 0.002 0.002 0.002 0.002 0.002 0.002 0.002 0.001 0.001 0.000 0.000 0.000 0.000 0.000 0.000 0.000 0.001 0.001 0.002 0.003 0.005 0.007 0.011 0.015 0.017 0.020 0.023 0.025 0.027 0.028 0.029 0.029 0.030 0.029 0.028 0.021 0.016 0.014 0.013 0.012 0.010 0.009 0.007 0.005 0.006 0.004 0.003 0.002 0.001 0.000 0.001 0.000 0.000 0.000 0.000
0.000 0.000 0.000 0.000 0.001 0.004 0.012 0.023 0.036 0.048 0.060 0.046 0.020 0.005 0.003 0.002 0.002 0.002 0.002 0.002 0.002 0.002 0.002 0.002 0.002 0.002 0.002 0.002 0.002 0.002 0.001 0.000 0.000 0.000 0.000 0.000 0.000 0.000 0.000 0.000 0.001 0.001 0.002 0.003 0.005 0.008 0.012 0.017 0.021 0.024 0.026 0.027 0.029 0.030 0.030 0.030 0.029 0.022 0.018 0.015 0.014 0.013 0.011 0.010 0.008 0.006 0.005 0.004 0.003 0.002 0.002 0.001 0.000 0.000 0.000 0.000 0.000
0.000 0.000 0.000 0.000 0.001 0.004 0.013 0.025 0.038 0.050 0.063 0.047 0.021 0.006 0.003 0.003 0.003 0.002 0.002 0.002 0.002 0.002 0.002 0.002 0.002 0.002 0.002 0.002 0.002 0.002 0.001 0.000 0.000 0.000 0.000 0.000 0.000 0.000 0.000 0.000 0.000 0.000 0.000 0.001 0.001 0.002 0.002 0.006 0.020 0.022 0.024 0.027 0.028 0.030 0.030 0.031 0.030 0.023 0.019 0.017 0.015 0.014 0.012 0.011 0.009 0.008 0.006 0.004 0.003 0.002 0.002 0.001 0.000 0.000 0.000 0.000 0.001
0.000 0.000 0.000 0.000 0.000 0.004 0.014 0.027 0.039 0.052 0.064 0.047 0.022 0.006 0.004 0.003 0.003 0.003 0.002 0.002 0.002 0.002 0.002 0.002 0.002 0.002 0.002 0.002 0.002 0.001 0.000 0.000 0.000 0.000 0.000 0.000 0.000 0.000 0.000 0.000 0.000 0.000 0.000 0.000 0.000 0.000 0.000 0.000 0.004 0.015 0.023 0.025 0.028 0.029 0.031 0.031 0.031 0.024 0.020 0.018 0.016 0.015 0.014 0.013 0.012 0.010 0.008 0.006 0.004 0.003 0.002 0.001 0.000 0.000 0.000 0.000 0.001
0.000 0.000 0.000 0.000 0.000 0.000 0.011 0.028 0.040 0.053 0.066 0.048 0.022 0.007 0.005 0.003 0.003 0.002 0.002 0.002 0.002 0.002 0.002 0.002 0.002 0.002 0.002 0.001 0.002 0.001 0.000 0.000 0.000 0.000 0.000 0.000 0.000 0.000 0.000 0.000 0.000 0.000 0.000 0.000 0.000 0.000 0.000 0.000 0.000 0.001 0.010 0.023 0.026 0.029 0.031 0.032 0.032 0.025 0.021 0.019 0.018 0.016 0.016 0.015 0.014 0.012 0.010 0.008 0.006 0.004 0.003 0.002 0.000 0.000 0.000 0.000 0.001
0.000 0.000 0.000 0.000 0.000 0.000 0.001 0.016 0.041 0.054 0.067 0.048 0.023 0.008 0.005 0.003 0.003 0.002 0.002 0.001 0.001 0.001 0.001 0.001 0.001 0.001 0.001 0.001 0.001 0.000 0.000 0.000 0.000 0.000 0.000 0.000 0.000 0.000 0.000 0.000 0.000 0.000 0.000 0.000 0.000 0.000 0.000 0.000 0.000 0.000 0.000 0.006 0.019 0.028 0.031 0.033 0.034 0.026 0.022 0.020 0.019 0.019 0.018 0.017 0.016 0.014 0.012 0.010 0.008 0.006 0.004 0.002 0.001 0.000 0.000 0.001 0.000
0.000 0.000 0.000 0.000 0.000 0.000 0.000 0.002 0.022 0.047 0.068 0.047 0.019 0.008 0.005 0.004 0.003 0.002 0.001 0.000 0.000 0.000 0.000 0.000 0.000 0.000 0.000 0.000 0.000 0.000 0.000 0.000 0.000 0.000 0.000 0.000 0.000 0.000 0.000 0.000 0.000 0.000 0.000 0.000 0.000 0.000 0.000 0.000 0.000 0.000 0.000 0.000 0.004 0.015 0.029 0.033 0.035 0.027 0.023 0.022 0.021 0.021 0.020 0.019 0.018 0.016 0.015 0.012 0.010 0.007 0.005 0.003 0.002 0.000 0.000 0.002 0.002
0.000 0.000 0.000 0.000 0.000 0.000 0.000 0.001 0.006 0.030 0.053 0.039 0.016 0.009 0.007 0.005 0.004 0.003 0.002 0.000 0.000 0.000 0.000 0.000 0.000 0.000 0.000 0.000 0.000 0.000 0.000 0.000 0.000 0.000 0.000 0.000 0.000 0.000 0.000 0.000 0.000 0.000 0.000 0.000 0.000 0.000 0.000 0.000 0.000 0.000 0.000 0.000 0.000 0.002 0.013 0.027 0.038 0.030 0.025 0.024 0.023 0.022 0.021 0.021 0.020 0.018 0.017 0.014 0.012 0.010 0.007 0.004 0.002 0.001 0.002 0.004 0.003
0.000 0.000 0.000 0.000 0.000 0.000 0.000 0.001 0.002 0.016 0.040 0.025 0.013 0.010 0.008 0.006 0.005 0.003 0.002 0.001 0.000 0.000 0.000 0.000 0.000 0.000 0.000 0.000 0.000 0.000 0.000 0.000 0.000 0.000 0.000 0.000 0.000 0.000 0.000 0.000 0.000 0.000 0.000 0.000 0.000 0.000 0.000 0.000 0.000 0.000 0.000 0.000 0.000 0.000 0.002 0.015 0.035 0.031 0.027 0.025 0.024 0.023 0.023 0.022 0.021 0.020 0.019 0.017 0.015 0.012 0.009 0.006 0.004 0.006 0.007 0.008 0.007
0.000 0.000 0.000 0.000 0.000 0.000 0.001 0.001 0.002 0.010 0.033 0.019 0.010 0.009 0.009 0.008 0.006 0.005 0.003 0.001 0.000 0.000 0.000 0.000 0.000 0.000 0.000 0.000 0.000 0.000 0.000 0.000 0.000 0.000 0.000 0.000 0.000 0.000 0.000 0.000 0.000 0.000 0.000 0.000 0.000 0.000 0.000 0.000 0.000 0.000 0.000 0.000 0.000 0.000 0.001 0.011 0.031 0.025 0.023 0.024 0.024 0.024 0.024 0.023 0.023 0.022 0.021 0.020 0.017 0.015 0.012 0.010 0.014 0.016 0.017 0.018 0.018
0.000 0.000 0.000 0.000 0.000 0.000 0.001 0.001 0.002 0.007 0.030 0.016 0.009 0.008 0.008 0.008 0.008 0.006 0.004 0.002 0.000 0.000 0.000 0.000 0.000 0.000 0.000 0.000 0.000 0.000 0.000 0.000 0.000 0.000 0.000 0.000 0.000 0.000 0.000 0.000 0.000 0.000 0.000 0.000 0.000 0.000 0.000 0.000 0.000 0.000 0.000 0.000 0.000 0.000 0.000 0.007 0.026 0.020 0.017 0.018 0.020 0.023 0.024 0.024 0.024 0.024 0.023 0.022 0.020 0.018 0.016 0.022 0.025 0.027 0.028 0.029 0.030
0.000 0.000 0.000 0.000 0.000 0.000 0.001 0.001 0.002 0.005 0.028 0.014 0.008 0.008 0.008 0.008 0.007 0.007 0.006 0.003 0.001 0.000 0.000 0.000 0.000 0.000 0.000 0.000 0.000 0.000 0.000 0.000 0.000 0.000 0.000 0.000 0.000 0.000 0.000 0.000 0.000 0.000 0.000 0.000 0.000 0.000 0.000 0.000 0.000 0.000 0.000 0.000 0.000 0.000 0.000 0.004 0.022 0.016 0.012 0.013 0.015 0.017 0.020 0.024 0.024 0.025 0.025 0.025 0.023 0.021 0.029 0.033 0.036 0.038 0.040 0.041 0.041
0.001 0.001 0.000 0.000 0.000 0.000 0.001 0.001 0.002 0.004 0.026 0.012 0.008 0.008 0.007 0.007 0.007 0.007 0.008 0.008 0.006 0.002 0.000 0.000 0.000 0.000 0.000 0.000 0.000 0.000 0.000 0.000 0.000 0.000 0.000 0.000 0.000 0.000 0.000 0.000 0.000 0.000 0.000 0.000 0.000 0.000 0.000 0.000 0.000 0.000 0.000 0.000 0.000 0.001 0.001 0.003 0.020 0.014 0.009 0.009 0.010 0.012 0.014 0.017 0.021 0.024 0.026 0.027 0.026 0.035 0.041 0.045 0.048 0.050 0.051 0.052 0.053
0.002 0.000 0.001 0.000 0.000 0.001 0.001 0.002 0.002 0.004 0.023 0.011 0.008 0.007 0.007 0.007 0.008 0.008 0.008 0.007 0.007 0.006 0.003 0.000 0.000 0.000 0.000 0.000 0.000 0.000 0.000 0.000 0.000 0.000 0.000 0.000 0.000 0.000 0.000 0.000 0.000 0.000 0.000 0.000 0.000 0.000 0.000 0.000 0.000 0.000 0.000 0.000 0.000 0.000 0.001 0.003 0.018 0.012 0.007 0.007 0.007 0.008 0.009 0.011 0.014 0.017 0.022 0.028 0.038 0.046 0.052 0.056 0.059 0.061 0.062 0.063 0.064
