includes/camargue/floodfiles/results_R2_t1.562608011066E12/res-0012.wd
ncols         906
nrows         631
xllcorner     362177.146667
yllcorner     6534725.688020
cellsize      20.000000
NODATA_value  -9999.000000
[rows 442 to 475 of 631, columns 616 to 692 of 906]
0.003 0.003 0.002 0.002 0.002 0.002 0.002 0.002 0.002 0.002 0.003 0.003 0.007 0.019 0.033 0.047 0.063 0.062 0.063 0.063 0.063 0.063 0.062 0.061 0.060 0.058 0.056 0.054 0.051 0.047 0.042 0.037 0.036 0.035 0.035 0.034 0.033 0.030 0.028 0.026 0.024 0.023 0.021 0.020 0.018 0.016 0.013 0.012 0.011 0.011 0.010 0.010 0.014 0.023 0.029 0.038 0.047 0.057 0.068 0.080 0.092 0.105 0.119 0.105 0.090 0.075 0.062 0.053 0.050 0.084 0.113 0.141 0.168 0.195 0.222 0.249 0.275
0.004 0.003 0.003 0.002 0.002 0.002 0.002 0.002 0.002 0.002 0.003 0.004 0.014 0.028 0.042 0.050 0.054 0.062 0.063 0.063 0.063 0.062 0.062 0.061 0.060 0.058 0.056 0.054 0.051 0.047 0.040 0.037 0.037 0.036 0.035 0.035 0.034 0.032 0.030 0.028 0.026 0.024 0.023 0.021 0.019 0.017 0.014 0.013 0.012 0.011 0.011 0.011 0.013 0.025 0.042 0.051 0.062 0.074 0.086 0.099 0.112 0.126 0.120 0.104 0.089 0.075 0.064 0.058 0.059 0.080 0.114 0.144 0.173 0.201 0.229 0.256 0.284
0.004 0.003 0.003 0.003 0.002 0.002 0.002 0.002 0.002 0.002 0.003 0.012 0.026 0.035 0.041 0.044 0.048 0.058 0.064 0.064 0.063 0.063 0.062 0.061 0.060 0.058 0.056 0.054 0.050 0.046 0.038 0.038 0.037 0.037 0.036 0.035 0.035 0.034 0.032 0.030 0.028 0.026 0.024 0.022 0.020 0.017 0.015 0.014 0.013 0.013 0.012 0.012 0.016 0.044 0.080 0.089 0.100 0.111 0.123 0.135 0.147 0.149 0.130 0.111 0.094 0.080 0.070 0.066 0.067 0.075 0.115 0.147 0.177 0.207 0.235 0.263 0.292
0.005 0.004 0.003 0.003 0.003 0.002 0.002 0.002 0.002 0.004 0.015 0.023 0.029 0.034 0.037 0.038 0.044 0.054 0.062 0.066 0.065 0.064 0.063 0.061 0.060 0.058 0.056 0.053 0.050 0.044 0.039 0.038 0.038 0.037 0.037 0.036 0.035 0.035 0.034 0.032 0.030 0.028 0.026 0.024 0.021 0.017 0.016 0.015 0.014 0.014 0.013 0.017 0.050 0.086 0.123 0.146 0.155 0.165 0.175 0.185 0.195 0.173 0.151 0.130 0.110 0.093 0.081 0.077 0.078 0.082 0.112 0.149 0.181 0.212 0.241 0.271 0.296
0.006 0.005 0.004 0.003 0.003 0.003 0.002 0.003 0.008 0.014 0.019 0.024 0.029 0.032 0.034 0.034 0.041 0.050 0.058 0.065 0.067 0.065 0.064 0.062 0.060 0.058 0.056 0.053 0.049 0.043 0.039 0.039 0.038 0.038 0.037 0.037 0.036 0.035 0.035 0.034 0.032 0.029 0.027 0.025 0.021 0.019 0.018 0.017 0.016 0.015 0.021 0.057 0.094 0.130 0.166 0.201 0.213 0.222 0.231 0.240 0.228 0.205 0.182 0.159 0.137 0.117 0.101 0.093 0.092 0.095 0.108 0.150 0.184 0.216 0.247 0.277 0.275
0.010 0.007 0.005 0.004 0.004 0.004 0.006 0.009 0.012 0.016 0.021 0.025 0.028 0.029 0.030 0.030 0.038 0.046 0.054 0.061 0.067 0.068 0.066 0.064 0.061 0.059 0.056 0.053 0.048 0.041 0.040 0.039 0.039 0.038 0.038 0.037 0.037 0.036 0.035 0.035 0.034 0.031 0.029 0.026 0.021 0.020 0.019 0.018 0.018 0.027 0.064 0.100 0.137 0.173 0.209 0.245 0.271 0.280 0.289 0.288 0.264 0.240 0.216 0.193 0.170 0.148 0.129 0.116 0.110 0.110 0.113 0.148 0.186 0.220 0.252 0.261 0.253
0.016 0.012 0.009 0.007 0.008 0.008 0.009 0.011 0.015 0.018 0.021 0.024 0.026 0.027 0.027 0.027 0.035 0.043 0.050 0.057 0.063 0.068 0.069 0.066 0.063 0.060 0.057 0.053 0.047 0.041 0.040 0.040 0.039 0.039 0.038 0.038 0.037 0.037 0.036 0.036 0.035 0.033 0.030 0.026 0.023 0.022 0.021 0.021 0.034 0.071 0.107 0.144 0.180 0.216 0.252 0.288 0.324 0.338 0.347 0.324 0.300 0.276 0.252 0.229 0.205 0.182 0.162 0.144 0.133 0.128 0.129 0.145 0.187 0.222 0.244 0.237 0.230
0.016 0.017 0.018 0.014 0.012 0.012 0.012 0.014 0.016 0.019 0.021 0.023 0.024 0.025 0.025 0.025 0.032 0.040 0.047 0.053 0.059 0.065 0.069 0.069 0.065 0.062 0.058 0.053 0.046 0.042 0.041 0.041 0.040 0.040 0.039 0.038 0.038 0.037 0.037 0.036 0.036 0.035 0.032 0.027 0.026 0.025 0.027 0.042 0.078 0.114 0.151 0.187 0.223 0.259 0.295 0.331 0.367 0.397 0.385 0.361 0.337 0.313 0.289 0.265 0.241 0.218 0.196 0.176 0.161 0.150 0.146 0.146 0.185 0.222 0.218 0.212 0.206
0.015 0.017 0.021 0.019 0.016 0.015 0.015 0.016 0.017 0.019 0.021 0.022 0.023 0.023 0.022 0.023 0.030 0.037 0.044 0.050 0.056 0.061 0.066 0.070 0.068 0.064 0.059 0.054 0.045 0.043 0.042 0.042 0.041 0.040 0.040 0.039 0.039 0.039 0.038 0.038 0.038 0.037 0.035 0.034 0.036 0.040 0.053 0.085 0.121 0.157 0.192 0.225 0.258 0.290 0.323 0.356 0.389 0.423 0.419 0.395 0.372 0.348 0.325 0.301 0.278 0.254 0.232 0.210 0.192 0.177 0.167 0.163 0.180 0.191 0.189 0.185 0.179
0.015 0.017 0.023 0.021 0.019 0.019 0.018 0.018 0.019 0.020 0.021 0.021 0.021 0.021 0.020 0.022 0.028 0.034 0.041 0.047 0.052 0.058 0.062 0.066 0.070 0.067 0.061 0.054 0.046 0.045 0.044 0.043 0.043 0.042 0.042 0.041 0.041 0.042 0.042 0.042 0.043 0.042 0.040 0.037 0.041 0.046 0.058 0.088 0.121 0.154 0.187 0.220 0.253 0.286 0.319 0.352 0.384 0.424 0.449 0.426 0.402 0.378 0.355 0.331 0.308 0.285 0.262 0.240 0.220 0.202 0.188 0.178 0.167 0.167 0.163 0.158 0.150
0.014 0.016 0.024 0.022 0.021 0.020 0.021 0.021 0.020 0.021 0.021 0.021 0.021 0.020 0.019 0.021 0.026 0.032 0.038 0.044 0.049 0.054 0.059 0.063 0.066 0.068 0.063 0.055 0.049 0.048 0.047 0.046 0.046 0.046 0.046 0.047 0.047 0.046 0.045 0.044 0.044 0.043 0.042 0.035 0.033 0.038 0.053 0.084 0.117 0.150 0.183 0.216 0.249 0.282 0.315 0.347 0.384 0.425 0.466 0.456 0.432 0.409 0.385 0.361 0.338 0.315 0.291 0.269 0.248 0.228 0.210 0.193 0.170 0.160 0.156 0.151 0.144
0.014 0.016 0.024 0.023 0.022 0.022 0.022 0.022 0.023 0.022 0.022 0.021 0.021 0.020 0.017 0.020 0.024 0.030 0.035 0.041 0.046 0.051 0.056 0.059 0.062 0.064 0.065 0.057 0.053 0.052 0.052 0.052 0.051 0.050 0.049 0.048 0.047 0.047 0.046 0.045 0.045 0.045 0.044 0.038 0.030 0.032 0.046 0.079 0.112 0.145 0.179 0.212 0.245 0.278 0.311 0.343 0.384 0.426 0.467 0.486 0.463 0.439 0.415 0.392 0.368 0.345 0.321 0.298 0.276 0.254 0.234 0.205 0.178 0.156 0.151 0.145 0.138
0.013 0.015 0.023 0.024 0.023 0.023 0.022 0.022 0.023 0.023 0.023 0.022 0.021 0.019 0.016 0.019 0.023 0.028 0.033 0.038 0.043 0.048 0.052 0.055 0.058 0.060 0.060 0.058 0.057 0.055 0.054 0.053 0.052 0.051 0.050 0.049 0.048 0.048 0.047 0.047 0.047 0.048 0.046 0.041 0.035 0.027 0.040 0.074 0.108 0.141 0.174 0.208 0.241 0.273 0.306 0.344 0.385 0.427 0.468 0.509 0.493 0.469 0.446 0.422 0.398 0.375 0.351 0.328 0.305 0.282 0.253 0.221 0.190 0.162 0.148 0.141 0.134
0.013 0.015 0.022 0.025 0.024 0.024 0.023 0.023 0.023 0.023 0.023 0.023 0.022 0.019 0.016 0.018 0.021 0.025 0.030 0.035 0.039 0.044 0.048 0.052 0.055 0.057 0.058 0.057 0.056 0.055 0.054 0.054 0.053 0.052 0.051 0.050 0.049 0.049 0.048 0.048 0.048 0.050 0.047 0.044 0.039 0.034 0.036 0.070 0.103 0.137 0.170 0.203 0.236 0.269 0.303 0.345 0.386 0.428 0.469 0.510 0.523 0.500 0.476 0.452 0.429 0.405 0.381 0.358 0.334 0.308 0.273 0.239 0.206 0.175 0.149 0.140 0.131
0.013 0.014 0.021 0.025 0.025 0.024 0.024 0.024 0.023 0.023 0.023 0.023 0.022 0.019 0.016 0.017 0.020 0.023 0.028 0.032 0.037 0.041 0.045 0.049 0.052 0.055 0.056 0.056 0.055 0.054 0.054 0.053 0.053 0.052 0.051 0.051 0.050 0.049 0.049 0.049 0.050 0.052 0.049 0.047 0.044 0.043 0.048 0.066 0.099 0.133 0.166 0.199 0.232 0.265 0.304 0.346 0.387 0.429 0.470 0.511 0.553 0.530 0.506 0.483 0.459 0.435 0.411 0.388 0.364 0.329 0.294 0.259 0.225 0.191 0.158 0.142 0.131
0.013 0.014 0.020 0.026 0.025 0.025 0.024 0.024 0.024 0.023 0.023 0.022 0.020 0.017 0.017 0.017 0.019 0.022 0.026 0.030 0.035 0.039 0.043 0.047 0.050 0.052 0.053 0.054 0.054 0.054 0.053 0.053 0.053 0.052 0.052 0.051 0.051 0.050 0.050 0.051 0.053 0.054 0.052 0.052 0.053 0.058 0.065 0.073 0.095 0.129 0.162 0.195 0.228 0.263 0.305 0.347 0.388 0.430 0.471 0.512 0.554 0.560 0.537 0.513 0.489 0.465 0.442 0.418 0.386 0.350 0.315 0.280 0.245 0.210 0.175 0.147 0.135
0.012 0.014 0.019 0.026 0.026 0.025 0.025 0.024 0.024 0.023 0.022 0.020 0.018 0.018 0.017 0.018 0.019 0.021 0.025 0.028 0.033 0.037 0.041 0.044 0.047 0.050 0.051 0.053 0.053 0.053 0.053 0.052 0.052 0.052 0.052 0.051 0.051 0.051 0.051 0.053 0.057 0.058 0.059 0.062 0.068 0.074 0.082 0.089 0.097 0.125 0.158 0.192 0.225 0.265 0.306 0.348 0.389 0.431 0.472 0.513 0.555 0.591 0.567 0.543 0.520 0.496 0.472 0.443 0.408 0.372 0.337 0.301 0.266 0.230 0.195 0.159 0.141
0.012 0.013 0.018 0.026 0.026 0.025 0.025 0.024 0.024 0.022 0.020 0.019 0.018 0.018 0.018 0.018 0.019 0.021 0.023 0.027 0.031 0.035 0.038 0.042 0.045 0.047 0.050 0.051 0.052 0.052 0.052 0.052 0.051 0.051 0.051 0.051 0.052 0.052 0.054 0.057 0.063 0.067 0.071 0.077 0.084 0.091 0.099 0.107 0.114 0.122 0.155 0.188 0.225 0.266 0.308 0.349 0.391 0.432 0.473 0.514 0.556 0.597 0.598 0.574 0.550 0.526 0.501 0.466 0.430 0.394 0.359 0.323 0.287 0.251 0.215 0.179 0.150
0.012 0.013 0.017 0.026 0.026 0.025 0.025 0.024 0.023 0.020 0.019 0.019 0.019 0.018 0.018 0.018 0.019 0.020 0.023 0.026 0.029 0.033 0.036 0.040 0.043 0.045 0.048 0.049 0.051 0.051 0.052 0.051 0.051 0.050 0.051 0.051 0.052 0.054 0.058 0.066 0.075 0.080 0.087 0.094 0.101 0.109 0.116 0.124 0.131 0.139 0.152 0.185 0.226 0.268 0.309 0.351 0.392 0.433 0.474 0.516 0.557 0.598 0.628 0.604 0.580 0.557 0.523 0.488 0.452 0.416 0.381 0.345 0.309 0.273 0.237 0.201 0.164
0.011 0.012 0.016 0.026 0.025 0.025 0.024 0.023 0.020 0.019 0.019 0.019 0.019 0.019 0.019 0.018 0.019 0.020 0.022 0.024 0.028 0.031 0.034 0.038 0.040 0.043 0.046 0.048 0.049 0.050 0.051 0.051 0.051 0.050 0.050 0.052 0.054 0.060 0.069 0.081 0.090 0.097 0.104 0.111 0.118 0.126 0.134 0.141 0.149 0.156 0.164 0.187 0.228 0.269 0.311 0.352 0.393 0.434 0.476 0.517 0.558 0.599 0.640 0.635 0.611 0.581 0.545 0.510 0.474 0.438 0.403 0.367 0.331 0.295 0.259 0.222 0.186
0.010 0.011 0.015 0.025 0.025 0.024 0.023 0.020 0.020 0.020 0.020 0.019 0.019 0.019 0.019 0.019 0.019 0.020 0.021 0.024 0.026 0.029 0.033 0.036 0.038 0.041 0.044 0.046 0.048 0.049 0.050 0.050 0.051 0.051 0.052 0.054 0.061 0.071 0.084 0.099 0.106 0.113 0.121 0.128 0.136 0.143 0.151 0.158 0.171 0.192 0.213 0.238 0.272 0.305 0.339 0.372 0.406 0.439 0.477 0.518 0.559 0.600 0.641 0.665 0.639 0.603 0.568 0.532 0.496 0.461 0.425 0.389 0.353 0.317 0.281 0.244 0.208
0.010 0.011 0.014 0.024 0.024 0.022 0.020 0.020 0.020 0.020 0.020 0.020 0.020 0.019 0.019 0.019 0.019 0.019 0.021 0.023 0.025 0.028 0.031 0.034 0.037 0.039 0.042 0.044 0.046 0.048 0.049 0.050 0.051 0.053 0.056 0.062 0.073 0.088 0.103 0.115 0.123 0.130 0.138 0.145 0.153 0.161 0.181 0.202 0.223 0.244 0.264 0.288 0.322 0.355 0.389 0.422 0.455 0.489 0.522 0.556 0.589 0.622 0.656 0.689 0.661 0.626 0.590 0.554 0.519 0.483 0.447 0.411 0.375 0.339 0.303 0.267 0.230
0.008 0.009 0.012 0.022 0.021 0.019 0.019 0.020 0.020 0.020 0.020 0.020 0.020 0.020 0.019 0.019 0.019 0.019 0.021 0.022 0.024 0.027 0.029 0.032 0.035 0.038 0.040 0.043 0.045 0.047 0.049 0.051 0.054 0.059 0.068 0.079 0.092 0.106 0.121 0.132 0.139 0.147 0.155 0.170 0.191 0.212 0.233 0.254 0.275 0.295 0.316 0.338 0.372 0.405 0.439 0.472 0.505 0.539 0.572 0.605 0.639 0.672 0.705 0.691 0.660 0.626 0.592 0.558 0.524 0.490 0.456 0.422 0.387 0.353 0.318 0.284 0.249
0.008 0.009 0.010 0.017 0.017 0.018 0.019 0.019 0.019 0.020 0.020 0.020 0.020 0.020 0.020 0.020 0.020 0.020 0.020 0.022 0.023 0.026 0.028 0.030 0.033 0.036 0.039 0.041 0.044 0.047 0.050 0.055 0.063 0.074 0.086 0.099 0.112 0.125 0.140 0.149 0.159 0.180 0.201 0.222 0.243 0.264 0.285 0.305 0.326 0.347 0.367 0.388 0.422 0.455 0.488 0.522 0.555 0.588 0.622 0.655 0.688 0.721 0.717 0.688 0.659 0.626 0.592 0.558 0.524 0.489 0.455 0.421 0.387 0.352 0.318 0.283 0.248
0.008 0.008 0.008 0.013 0.015 0.014 0.015 0.017 0.018 0.018 0.019 0.019 0.019 0.020 0.020 0.020 0.020 0.020 0.020 0.021 0.023 0.025 0.027 0.029 0.032 0.035 0.037 0.041 0.044 0.050 0.058 0.068 0.081 0.094 0.107 0.119 0.133 0.146 0.160 0.189 0.210 0.232 0.253 0.273 0.294 0.315 0.336 0.357 0.377 0.398 0.418 0.439 0.471 0.505 0.538 0.571 0.605 0.638 0.671 0.704 0.738 0.743 0.714 0.685 0.656 0.625 0.591 0.557 0.523 0.489 0.455 0.421 0.386 0.352 0.317 0.282 0.247
0.008 0.007 0.007 0.012 0.016 0.015 0.014 0.014 0.013 0.015 0.016 0.018 0.018 0.019 0.019 0.019 0.020 0.020 0.020 0.021 0.022 0.024 0.026 0.028 0.031 0.034 0.038 0.043 0.051 0.062 0.075 0.088 0.101 0.114 0.126 0.136 0.146 0.156 0.176 0.223 0.262 0.283 0.304 0.325 0.346 0.366 0.387 0.408 0.429 0.449 0.470 0.490 0.521 0.554 0.588 0.621 0.654 0.688 0.721 0.754 0.769 0.740 0.711 0.682 0.654 0.625 0.591 0.557 0.523 0.488 0.454 0.420 0.386 0.351 0.316 0.282 0.248
0.006 0.006 0.007 0.011 0.017 0.016 0.015 0.014 0.014 0.014 0.014 0.013 0.014 0.016 0.017 0.018 0.019 0.019 0.020 0.020 0.021 0.023 0.025 0.027 0.031 0.036 0.045 0.056 0.069 0.083 0.096 0.106 0.116 0.126 0.136 0.145 0.156 0.166 0.193 0.239 0.285 0.332 0.355 0.376 0.397 0.418 0.438 0.459 0.480 0.500 0.521 0.541 0.571 0.604 0.637 0.671 0.704 0.737 0.770 0.795 0.766 0.737 0.709 0.680 0.651 0.622 0.591 0.556 0.522 0.488 0.454 0.419 0.385 0.350 0.316 0.281 0.256
0.006 0.006 0.007 0.010 0.018 0.017 0.016 0.015 0.014 0.014 0.014 0.014 0.014 0.014 0.013 0.014 0.016 0.017 0.018 0.019 0.021 0.023 0.026 0.031 0.039 0.052 0.065 0.077 0.086 0.096 0.106 0.116 0.126 0.136 0.146 0.156 0.166 0.176 0.209 0.255 0.302 0.348 0.394 0.427 0.448 0.469 0.490 0.510 0.531 0.551 0.572 0.592 0.620 0.654 0.687 0.720 0.753 0.787 0.820 0.792 0.763 0.735 0.706 0.677 0.648 0.619 0.590 0.556 0.522 0.488 0.453 0.419 0.385 0.350 0.315 0.286 0.264
0.006 0.006 0.007 0.010 0.025 0.024 0.023 0.022 0.022 0.021 0.020 0.020 0.020 0.019 0.019 0.019 0.018 0.017 0.018 0.023 0.027 0.033 0.041 0.051 0.060 0.068 0.078 0.087 0.097 0.107 0.117 0.126 0.136 0.146 0.156 0.166 0.176 0.186 0.225 0.271 0.317 0.364 0.410 0.455 0.499 0.520 0.541 0.561 0.582 0.602 0.623 0.643 0.670 0.703 0.736 0.770 0.803 0.836 0.818 0.789 0.761 0.732 0.703 0.674 0.646 0.617 0.588 0.556 0.522 0.487 0.453 0.419 0.384 0.350 0.317 0.295 0.272
0.006 0.006 0.007 0.033 0.077 0.078 0.078 0.078 0.079 0.079 0.078 0.078 0.077 0.076 0.076 0.075 0.073 0.072 0.070 0.066 0.061 0.055 0.059 0.065 0.072 0.081 0.090 0.099 0.109 0.118 0.128 0.137 0.147 0.157 0.167 0.177 0.187 0.197 0.241 0.287 0.333 0.379 0.425 0.471 0.517 0.563 0.592 0.612 0.633 0.653 0.674 0.694 0.719 0.753 0.786 0.819 0.853 0.844 0.816 0.787 0.758 0.729 0.701 0.672 0.643 0.614 0.585 0.556 0.521 0.487 0.453 0.418 0.384 0.349 0.325 0.303 0.281
0.006 0.007 0.034 0.085 0.132 0.132 0.133 0.133 0.133 0.133 0.133 0.133 0.132 0.132 0.131 0.130 0.129 0.127 0.126 0.120 0.094 0.080 0.074 0.079 0.086 0.094 0.103 0.112 0.121 0.130 0.139 0.149 0.158 0.168 0.178 0.187 0.197 0.211 0.257 0.304 0.350 0.395 0.441 0.487 0.533 0.579 0.625 0.663 0.684 0.705 0.725 0.746 0.769 0.802 0.836 0.869 0.870 0.842 0.813 0.784 0.755 0.727 0.698 0.669 0.640 0.612 0.583 0.554 0.521 0.487 0.453 0.418 0.384 0.356 0.333 0.311 0.289
0.007 0.036 0.087 0.134 0.181 0.187 0.187 0.187 0.188 0.188 0.188 0.187 0.187 0.186 0.186 0.185 0.184 0.182 0.171 0.147 0.122 0.109 0.103 0.096 0.101 0.108 0.116 0.125 0.133 0.142 0.151 0.161 0.170 0.179 0.189 0.198 0.208 0.228 0.274 0.320 0.366 0.412 0.457 0.503 0.549 0.595 0.640 0.686 0.732 0.756 0.776 0.797 0.819 0.852 0.885 0.897 0.868 0.839 0.810 0.782 0.753 0.724 0.696 0.667 0.638 0.609 0.580 0.551 0.521 0.487 0.453 0.418 0.386 0.364 0.342 0.320 0.297
0.039 0.089 0.136 0.183 0.230 0.241 0.241 0.242 0.242 0.242 0.242 0.241 0.241 0.241 0.240 0.239 0.238 0.220 0.197 0.173 0.149 0.138 0.132 0.126 0.120 0.122 0.130 0.138 0.146 0.155 0.164 0.173 0.182 0.191 0.200 0.209 0.219 0.244 0.290 0.336 0.382 0.428 0.473 0.519 0.565 0.610 0.656 0.702 0.747 0.793 0.827 0.848 0.868 0.901 0.923 0.894 0.865 0.837 0.808 0.779 0.751 0.722 0.693 0.664 0.636 0.607 0.578 0.549 0.520 0.487 0.452 0.418 0.395 0.373 0.351 0.328 0.306
0.090 0.138 0.185 0.232 0.278 0.295 0.296 0.296 0.296 0.296 0.296 0.295 0.295 0.295 0.294 0.292 0.269 0.246 0.223 0.200 0.176 0.165 0.160 0.155 0.150 0.145 0.144 0.151 0.159 0.167 0.176 0.185 0.193 0.202 0.211 0.221 0.230 0.261 0.307 0.352 0.398 0.444 0.489 0.535 0.581 0.626 0.672 0.718 0.763 0.809 0.854 0.899 0.919 0.949 0.920 0.891 0.863 0.834 0.805 0.777 0.748 0.719 0.691 0.662 0.633 0.604 0.576 0.547 0.518 0.487 0.453 0.425 0.403 0.381 0.359 0.337 0.314
