includes/camargue/floodfiles/results_R2_t1.562608011066E12/res-0001.wd
ncols         906
nrows         631
xllcorner     362177.146667
yllcorner     6534725.688020
cellsize      20.000000
NODATA_value  -9999.000000
[rows 510 to 543 of 631, columns 308 to 384 of 906]
2.025 2.023 2.021 2.020 2.007 1.989 1.972 1.952 1.918 1.883 1.849 1.815 1.780 1.746 1.712 1.678 1.216 1.609 1.206 1.236 1.167 1.167 1.137 1.457 1.198 1.128 1.109 1.099 1.009 1.100 0.970 1.100 1.110 0.981 1.081 1.061 1.091 1.022 1.032 1.102 1.162 1.073 0.953 0.953 1.123 0.983 1.214 1.034 1.154 1.124 1.135 1.005 1.065 1.106 1.116 0.956 1.106 1.066 1.137 1.087 1.047 1.177 1.027 1.176 1.106 1.056 1.177 1.097 1.097 1.147 1.147 1.107 1.157 1.107 1.067 1.117 0.987
2.058 2.056 2.054 2.053 2.044 2.026 2.008 1.974 1.940 1.905 1.871 1.836 1.802 1.768 1.734 1.700 1.665 1.631 1.107 1.017 1.037 1.227 1.128 1.138 1.208 1.199 1.219 1.060 1.250 1.130 1.190 1.141 0.951 1.101 1.231 1.211 1.012 0.992 0.852 1.013 1.143 1.153 1.033 1.133 1.064 1.144 1.014 1.134 1.094 1.065 1.085 1.055 1.136 1.096 1.076 1.076 1.066 1.087 1.067 1.177 1.217 1.127 1.473 1.227 1.197 1.147 1.177 1.177 1.127 1.177 1.067 1.087 1.047 1.207 1.067 1.077 1.017
2.222 2.147 2.087 2.086 2.081 2.063 2.030 1.996 1.961 1.927 1.893 1.858 1.824 1.790 1.756 1.721 1.687 1.653 1.157 1.167 1.028 1.088 0.988 1.079 1.149 1.109 0.960 1.100 1.210 1.091 1.231 1.041 0.981 1.211 1.122 1.072 0.992 1.202 1.183 1.173 1.133 1.123 1.123 1.184 1.134 1.054 1.024 1.215 1.205 1.085 1.045 1.106 1.096 1.166 1.196 1.106 1.077 1.587 1.157 1.227 1.137 1.597 1.237 1.602 1.605 1.177 1.167 1.257 1.227 1.247 1.197 1.117 1.067 1.157 1.127 1.097 1.047
2.408 2.333 2.257 2.181 2.117 2.086 2.052 2.018 1.983 1.949 1.914 1.880 1.846 1.812 1.777 1.743 1.709 1.217 1.157 1.038 1.098 1.068 1.079 1.029 1.209 1.040 1.170 1.160 1.131 1.091 1.021 1.191 1.132 1.132 1.102 1.182 1.103 1.123 1.073 1.043 1.550 1.134 1.244 1.164 1.174 1.566 1.105 1.235 1.588 1.176 1.136 1.126 1.066 1.616 1.216 1.257 1.227 1.627 1.247 1.227 1.227 1.227 1.257 1.257 1.645 1.645 1.197 1.633 1.157 1.618 1.612 1.258 1.258 1.593 1.118 1.168 1.228
2.594 2.519 2.443 2.358 2.265 2.176 2.127 2.079 2.030 1.981 1.936 1.902 1.868 1.833 1.799 1.765 1.731 1.697 1.148 1.208 1.208 1.229 1.069 1.089 1.080 1.160 1.070 1.221 1.061 1.222 1.102 1.542 1.212 1.554 1.252 1.173 1.093 0.953 1.233 1.073 1.104 1.074 1.194 1.104 1.084 1.603 1.195 1.619 1.166 1.216 1.156 1.196 1.166 1.207 1.247 1.661 1.247 1.667 1.237 1.187 1.674 1.677 1.680 1.247 1.247 1.680 1.238 1.670 1.228 1.654 1.218 1.248 1.630 1.218 1.208 1.611 1.228
2.780 2.695 2.608 2.521 2.416 2.295 2.240 2.191 2.142 2.094 2.045 1.996 1.948 1.899 1.851 1.803 1.754 1.718 1.684 1.650 1.149 1.119 1.160 1.140 1.000 1.010 1.061 1.201 1.242 1.192 1.242 1.112 1.232 1.586 1.143 1.233 1.153 1.003 1.213 1.143 1.244 1.174 1.084 1.627 1.634 1.155 1.235 1.657 1.665 1.673 1.681 1.187 1.207 1.247 1.699 1.227 1.704 1.258 1.710 1.228 1.714 1.717 1.719 1.720 1.718 1.715 1.713 1.706 1.698 1.690 1.682 1.188 1.248 1.658 1.238 1.641 1.228
2.944 2.857 2.770 2.683 2.568 2.447 2.352 2.303 2.255 2.206 2.157 2.109 2.060 2.012 1.963 1.915 1.866 1.818 1.770 1.721 1.179 1.625 1.060 1.030 1.110 1.051 1.241 1.231 1.192 1.232 1.603 1.252 1.153 1.620 1.123 1.203 1.133 1.642 1.173 1.648 1.214 1.214 1.658 1.215 1.165 1.680 1.688 1.695 1.703 1.711 1.719 1.247 1.734 1.736 1.739 1.742 1.744 1.238 1.749 1.752 1.754 1.757 1.758 1.755 1.753 1.750 1.747 1.742 1.734 1.258 1.718 1.710 1.702 1.694 1.686 1.678 1.669
3.107 3.019 2.932 2.841 2.720 2.599 2.477 2.415 2.367 2.318 2.270 2.221 2.173 2.124 2.076 2.027 1.979 1.930 1.882 1.834 1.786 1.230 1.230 1.030 1.051 1.081 1.231 1.619 1.192 1.631 1.636 1.193 1.647 1.113 1.174 1.664 1.669 1.675 1.679 1.682 1.685 1.688 1.215 1.703 1.185 1.206 1.726 1.206 1.742 1.256 1.757 1.765 1.773 1.776 1.779 1.781 1.784 1.787 1.789 1.792 1.794 1.795 1.793 1.790 1.787 1.785 1.782 1.778 1.770 1.762 1.754 1.746 1.738 1.730 1.722 1.714 1.706
3.269 3.181 3.094 2.993 2.871 2.750 2.629 2.528 2.479 2.431 2.382 2.334 2.285 2.237 2.188 2.140 2.091 2.043 1.995 1.946 1.898 1.240 1.150 1.141 1.191 1.161 1.212 1.132 1.072 1.093 1.123 1.675 1.193 1.686 1.214 1.234 1.702 1.708 1.254 1.154 1.719 1.725 1.733 1.245 1.215 1.757 1.216 1.772 1.780 1.788 1.795 1.803 1.811 1.816 1.819 1.821 1.824 1.826 1.829 1.832 1.833 1.830 1.828 1.825 1.822 1.820 1.817 1.814 1.807 1.798 1.790 1.782 1.774 1.766 1.758 1.750 1.742
3.431 3.344 3.256 3.144 3.023 2.902 2.780 2.659 2.591 2.543 2.494 2.446 2.397 2.349 2.301 2.252 2.204 2.155 2.107 2.059 2.010 1.927 1.844 1.141 1.191 1.082 1.172 1.243 1.173 1.153 1.729 1.730 1.730 1.731 1.731 1.732 1.735 1.741 1.746 1.205 1.756 1.175 1.772 1.779 1.787 1.795 1.803 1.811 1.818 1.826 1.834 1.841 1.849 1.856 1.858 1.861 1.864 1.866 1.869 1.870 1.868 1.865 1.862 1.860 1.857 1.854 1.852 1.849 1.843 1.835 1.826 1.818 1.810 1.802 1.794 1.786 1.778
3.593 3.506 3.417 3.296 3.175 3.053 2.932 2.811 2.704 2.655 2.607 2.558 2.510 2.461 2.413 2.365 2.316 2.268 2.219 2.171 2.096 2.013 1.930 1.162 1.132 1.172 1.213 1.153 1.783 1.783 1.784 1.784 1.785 1.785 1.254 1.786 1.787 1.787 1.788 1.786 1.795 1.802 1.810 1.818 1.826 1.833 1.841 1.849 1.857 1.864 1.872 1.880 1.887 1.895 1.898 1.901 1.903 1.906 1.908 1.905 1.902 1.900 1.897 1.894 1.892 1.889 1.887 1.884 1.879 1.871 1.863 1.855 1.846 1.838 1.830 1.822 1.814
3.755 3.667 3.569 3.447 3.326 3.205 3.084 2.962 2.841 2.768 2.719 2.671 2.622 2.574 2.525 2.477 2.428 2.380 2.332 2.265 2.182 2.099 2.016 1.933 1.850 1.232 1.043 1.837 1.837 1.838 1.838 1.839 1.839 1.224 1.840 1.841 1.841 1.255 1.834 1.820 1.828 1.837 1.846 1.256 1.864 1.872 1.880 1.887 1.895 1.902 1.910 1.918 1.925 1.933 1.938 1.941 1.943 1.945 1.942 1.940 1.937 1.934 1.932 1.929 1.927 1.924 1.921 1.919 1.915 1.907 1.899 1.891 1.882 1.874 1.866 1.858 1.850
3.917 3.830 3.720 3.599 3.478 3.357 3.235 3.114 2.993 2.880 2.831 2.783 2.734 2.686 2.638 2.589 2.541 2.492 2.433 2.350 2.267 2.184 2.102 2.019 1.936 1.223 1.891 1.891 1.892 1.892 1.893 1.893 1.185 1.894 1.895 1.895 1.896 1.890 1.875 1.861 1.862 1.871 1.879 1.888 1.898 1.907 1.916 1.925 1.933 1.941 1.948 1.956 1.964 1.972 1.978 1.980 1.982 1.980 1.977 1.974 1.972 1.969 1.966 1.964 1.961 1.959 1.956 1.954 1.951 1.943 1.935 1.927 1.919 1.910 1.902 1.894 1.888
4.079 3.992 3.872 3.751 3.629 3.508 3.387 3.266 3.145 3.023 2.944 2.895 2.847 2.798 2.750 2.701 2.653 2.602 2.519 2.436 2.353 2.270 2.187 2.104 2.021 1.944 1.945 1.946 1.946 1.947 1.947 1.948 1.949 1.949 1.949 1.950 1.946 1.931 1.917 1.902 1.895 1.904 1.913 1.922 1.931 1.940 1.949 1.958 1.967 1.976 1.985 1.993 2.002 2.010 2.017 2.019 2.017 2.014 2.012 2.009 2.007 2.004 2.001 1.999 1.996 1.993 1.991 1.988 1.986 1.979 1.971 1.963 1.955 1.947 1.938 1.932 1.926
4.241 4.144 4.023 3.902 3.781 3.660 3.538 3.417 3.296 3.175 3.056 3.007 2.959 2.911 2.862 2.814 2.765 2.688 2.605 2.522 2.439 2.356 2.273 2.190 2.107 2.024 1.999 2.000 2.001 2.001 2.002 2.003 2.003 2.003 2.004 2.002 1.987 1.973 1.958 1.943 1.928 1.937 1.946 1.955 1.964 1.973 1.982 1.991 2.000 2.009 2.018 2.027 2.035 2.044 2.052 2.051 2.052 2.049 2.046 2.044 2.041 2.039 2.036 2.033 2.031 2.028 2.025 2.023 2.020 2.015 2.007 1.999 1.991 1.983 1.976 1.970 1.965
4.403 4.296 4.175 4.054 3.932 3.811 3.690 3.569 3.448 3.327 3.206 3.120 3.071 3.023 2.974 2.926 2.857 2.774 2.691 2.608 2.525 2.442 2.359 2.276 2.193 2.110 2.054 2.055 2.055 2.056 2.057 2.057 2.058 2.058 2.058 2.043 2.029 2.014 1.999 1.984 1.970 1.971 1.979 1.988 1.997 2.006 2.015 2.024 2.033 2.042 2.051 2.060 2.069 2.077 2.073 2.071 2.073 2.074 2.075 2.077 2.076 2.073 2.071 2.068 2.065 2.063 2.060 2.058 2.055 2.051 2.043 2.035 2.027 2.021 2.015 2.009 2.003
4.565 4.447 4.326 4.205 4.084 3.963 3.842 3.721 3.599 3.478 3.357 3.236 3.183 3.135 3.087 3.026 2.942 2.859 2.776 2.694 2.610 2.527 2.444 2.361 2.278 2.195 2.112 2.109 2.110 2.110 2.111 2.112 2.112 2.113 2.100 2.085 2.070 2.055 2.040 2.026 1.227 2.004 2.013 2.022 2.031 2.039 2.048 2.057 2.066 2.075 2.084 2.093 2.102 2.098 2.095 2.092 2.093 2.094 2.096 2.097 2.098 2.099 2.101 2.102 2.100 2.098 2.095 2.092 2.090 2.087 2.079 2.071 2.065 2.059 2.053 2.047 2.042
4.720 4.599 4.478 4.357 4.236 4.114 3.993 3.872 3.751 3.630 3.509 3.388 3.296 3.247 3.195 3.111 3.028 2.945 2.862 2.779 2.696 2.613 2.530 2.447 2.364 2.281 2.198 2.164 2.164 2.165 2.165 2.166 2.167 2.155 2.141 2.126 2.111 2.096 2.082 2.067 2.052 2.038 2.046 2.055 2.064 2.073 2.082 2.090 2.099 2.108 2.117 2.126 2.124 2.120 2.117 2.113 2.113 2.115 2.116 2.117 2.118 2.120 2.121 2.122 2.123 2.125 2.126 2.127 2.125 2.122 2.115 2.109 2.103 2.098 2.092 2.086 2.080
4.859 4.740 4.621 4.503 4.384 4.265 4.145 4.024 3.903 3.781 3.660 3.539 3.418 3.360 3.280 3.197 3.114 3.031 2.948 2.865 2.782 2.699 2.616 2.533 2.450 2.367 2.284 2.218 2.219 2.219 2.220 2.220 2.211 2.197 2.182 2.167 2.152 2.138 2.123 2.108 2.094 2.079 2.079 2.088 2.097 2.106 2.115 2.124 2.133 2.142 2.151 2.149 2.145 2.142 2.138 2.135 2.133 2.135 2.136 2.138 2.139 2.140 2.141 2.142 2.144 2.145 2.146 2.148 2.149 2.150 2.151 2.148 2.142 2.136 2.130 2.124 2.119
4.971 4.868 4.749 4.631 4.512 4.393 4.274 4.156 4.037 3.918 3.799 3.681 3.562 3.442 3.366 3.283 3.200 3.117 3.034 2.951 2.868 2.785 2.702 2.619 2.535 2.452 2.369 2.286 2.273 2.274 2.274 2.267 2.253 2.238 2.223 2.208 2.194 2.179 2.164 2.149 2.135 2.120 2.113 2.122 2.130 2.139 2.148 2.157 2.166 2.175 2.174 2.170 2.167 2.164 2.160 2.157 2.154 2.155 2.156 2.158 2.159 2.160 2.161 2.163 2.164 2.165 2.166 2.168 2.169 2.170 2.172 2.171 2.171 2.170 2.169 2.163 2.157
5.049 4.996 4.877 4.758 4.640 4.521 4.402 4.283 4.165 4.046 3.927 3.809 3.663 3.490 3.414 3.338 3.262 3.186 3.110 3.034 2.953 2.870 2.787 2.704 2.621 2.538 2.455 2.372 2.328 2.328 2.323 2.308 2.294 2.279 2.264 2.250 2.235 2.220 2.205 2.190 2.176 2.161 2.147 2.155 2.164 2.173 2.181 2.190 2.199 2.199 2.196 2.192 2.189 2.185 2.182 2.178 2.175 2.175 2.177 2.178 2.179 2.180 2.182 2.183 2.184 2.185 2.187 2.188 2.189 2.191 2.192 2.192 2.192 2.192 2.191 2.191 2.191
5.127 5.123 5.005 4.886 4.767 4.649 4.530 4.411 4.292 4.174 4.055 3.918 3.746 3.573 3.462 3.386 3.310 3.234 3.158 3.082 3.006 2.930 2.854 2.778 2.703 2.624 2.541 2.458 2.382 2.379 2.364 2.350 2.335 2.320 2.306 2.291 2.276 2.261 2.246 2.232 2.217 2.202 2.188 2.188 2.197 2.206 2.215 2.223 2.224 2.221 2.217 2.214 2.210 2.207 2.203 2.200 2.196 2.196 2.197 2.198 2.199 2.201 2.202 2.203 2.204 2.206 2.207 2.208 2.210 2.211 2.213 2.213 2.213 2.213 2.212 2.212 2.212
5.205 5.251 5.133 5.014 4.895 4.776 4.658 4.539 4.420 4.301 4.174 4.001 3.829 3.656 3.509 3.434 3.358 3.282 3.206 3.130 3.054 2.978 2.902 2.826 2.750 2.674 2.598 2.523 2.469 2.458 2.405 2.391 2.376 2.362 2.347 2.332 2.317 2.303 2.288 2.273 2.258 2.244 2.229 2.221 2.230 2.239 2.248 2.249 2.246 2.242 2.239 2.235 2.232 2.229 2.225 2.222 2.218 2.216 2.217 2.218 2.220 2.221 2.222 2.223 2.225 2.226 2.227 2.229 2.231 2.232 2.234 2.234 2.234 2.234 2.233 2.233 2.233
5.284 5.360 5.260 5.142 5.023 4.904 4.785 4.667 4.548 4.429 4.257 4.084 3.911 3.739 3.566 3.481 3.405 3.329 3.253 3.177 3.101 3.026 2.950 2.874 2.798 2.722 2.646 2.570 2.679 2.738 2.673 2.609 2.544 2.480 2.415 2.374 2.359 2.344 2.329 2.314 2.299 2.285 2.270 2.255 2.263 2.272 2.274 2.271 2.268 2.264 2.260 2.257 2.254 2.250 2.247 2.243 2.240 2.236 2.237 2.239 2.240 2.241 2.242 2.244 2.245 2.246 2.248 2.250 2.251 2.253 2.254 2.255 2.255 2.255 2.254 2.254 2.254
5.362 5.438 5.388 5.269 5.151 5.032 4.913 4.794 4.676 4.513 4.340 4.167 3.994 3.822 3.649 3.529 3.453 3.377 3.301 3.225 3.149 3.073 2.997 2.921 2.846 2.770 2.694 2.767 2.888 3.010 2.953 2.889 2.824 2.760 2.695 2.630 2.566 2.501 2.436 2.371 2.341 2.326 2.311 2.296 2.296 2.300 2.296 2.293 2.289 2.286 2.282 2.279 2.275 2.272 2.268 2.265 2.261 2.258 2.258 2.259 2.260 2.261 2.263 2.264 2.265 2.267 2.269 2.270 2.272 2.273 2.275 2.276 2.276 2.276 2.276 2.275 2.275
5.440 5.516 5.516 5.397 5.278 5.160 5.041 4.922 4.769 4.596 4.423 4.250 4.077 3.905 3.732 3.576 3.500 3.424 3.349 3.273 3.197 3.121 3.045 2.969 2.893 2.817 2.855 2.976 3.098 3.220 3.233 3.168 3.104 3.039 2.975 2.910 2.845 2.781 2.716 2.651 2.587 2.522 2.457 2.393 2.325 2.321 2.318 2.314 2.311 2.307 2.304 2.300 2.297 2.293 2.290 2.286 2.283 2.280 2.278 2.279 2.280 2.282 2.283 2.284 2.286 2.287 2.289 2.291 2.292 2.294 2.295 2.297 2.297 2.297 2.297 2.296 2.296
5.518 5.594 5.644 5.525 5.406 5.287 5.168 5.024 4.851 4.679 4.506 4.333 4.160 3.987 3.815 3.642 3.548 3.472 3.396 3.320 3.244 3.168 3.093 3.017 2.941 2.943 3.064 3.186 3.308 3.430 3.513 3.448 3.384 3.319 3.255 3.190 3.125 3.061 2.996 2.931 2.866 2.802 2.737 2.633 2.396 2.370 2.358 2.346 2.334 2.329 2.326 2.322 2.318 2.315 2.312 2.308 2.305 2.301 2.298 2.299 2.301 2.302 2.303 2.305 2.306 2.308 2.310 2.311 2.313 2.314 2.316 2.317 2.318 2.318 2.318 2.317 2.317
5.596 5.673 5.749 5.652 5.534 5.415 5.280 5.107 4.934 4.761 4.589 4.416 4.243 4.070 3.898 3.725 3.596 3.520 3.444 3.368 3.292 3.216 3.140 3.064 3.030 3.152 3.274 3.396 3.518 3.639 3.761 3.728 3.664 3.599 3.534 3.470 3.405 3.340 3.276 3.211 3.146 3.081 3.005 2.768 2.531 2.428 2.416 2.404 2.392 2.379 2.367 2.355 2.343 2.337 2.333 2.330 2.326 2.323 2.320 2.320 2.321 2.322 2.324 2.325 2.327 2.329 2.330 2.332 2.333 2.335 2.336 2.338 2.339 2.339 2.339 2.338 2.338
5.674 5.751 5.827 5.780 5.661 5.536 5.363 5.190 5.017 4.844 4.672 4.499 4.326 4.153 3.981 3.808 3.643 3.567 3.491 3.415 3.340 3.264 3.188 3.118 3.240 3.362 3.484 3.606 3.727 3.849 3.971 4.008 3.943 3.879 3.814 3.750 3.685 3.620 3.555 3.491 3.426 3.361 3.140 2.903 2.666 2.485 2.473 2.461 2.449 2.437 2.424 2.412 2.400 2.388 2.376 2.364 2.352 2.345 2.341 2.340 2.341 2.343 2.344 2.346 2.348 2.349 2.351 2.352 2.354 2.356 2.357 2.359 2.360 2.360 2.360 2.360 2.359
5.753 5.829 5.905 5.908 5.789 5.619 5.446 5.273 5.100 4.927 4.754 4.582 4.409 4.236 4.063 3.891 3.718 3.615 3.539 3.463 3.387 3.311 3.235 3.328 3.450 3.572 3.693 3.815 3.937 4.059 4.181 4.288 4.223 4.159 4.094 4.029 3.965 3.900 3.835 3.770 3.706 3.512 3.275 3.038 2.802 2.565 2.530 2.518 2.506 2.494 2.482 2.470 2.458 2.445 2.434 2.422 2.410 2.398 2.386 2.370 2.364 2.364 2.365 2.367 2.368 2.370 2.371 2.373 2.375 2.376 2.378 2.379 2.381 2.381 2.381 2.381 2.380
5.948 5.971 5.995 6.036 5.874 5.701 5.529 5.356 5.183 5.010 4.837 4.665 4.492 4.319 4.146 3.974 3.801 3.662 3.587 3.511 3.435 3.359 3.416 3.538 3.659 3.781 3.903 4.025 4.147 4.268 4.390 4.512 4.503 4.438 4.374 4.309 4.244 4.180 4.115 4.050 3.884 3.647 3.410 3.173 2.937 2.700 2.587 2.575 2.563 2.551 2.539 2.527 2.515 2.503 2.491 2.479 2.467 2.455 2.437 2.416 2.409 2.404 2.399 2.393 2.389 2.390 2.392 2.394 2.395 2.397 2.398 2.400 2.401 2.402 2.402 2.402 2.401
6.151 6.174 6.198 6.111 5.950 5.781 5.611 5.439 5.266 5.093 4.920 4.747 4.575 4.402 4.229 4.057 3.884 3.711 3.634 3.558 3.482 3.503 3.625 3.747 3.869 3.991 4.113 4.234 4.356 4.478 4.600 4.722 4.783 4.718 4.653 4.589 4.524 4.459 4.395 4.256 4.019 3.782 3.545 3.309 3.072 2.835 2.644 2.632 2.620 2.608 2.596 2.584 2.572 2.560 2.548 2.536 2.524 2.507 2.486 2.465 2.454 2.449 2.444 2.438 2.433 2.428 2.422 2.417 2.416 2.417 2.419 2.421 2.422 2.423 2.423 2.423 2.421
6.354 6.358 6.259 6.161 6.017 5.848 5.679 5.510 5.341 5.172 5.003 4.830 4.658 4.485 4.312 4.139 3.967 3.794 3.682 3.606 3.591 3.713 3.835 3.957 4.079 4.200 4.322 4.444 4.566 4.688 4.809 4.931 5.053 4.998 4.933 4.868 4.804 4.739 4.628 4.391 4.154 3.917 3.681 3.444 3.207 2.970 2.733 2.689 2.677 2.665 2.653 2.641 2.629 2.617 2.605 2.593 2.576 2.556 2.535 2.515 2.499 2.494 2.489 2.483 2.478 2.473 2.467 2.462 2.456 2.451 2.446 2.441 2.443 2.444 2.444 2.443 2.441
6.506 6.408 6.310 6.212 6.083 5.914 5.745 5.577 5.408 5.239 5.070 4.901 4.732 4.563 4.395 4.222 4.050 3.877 3.729 3.679 3.801 3.923 4.045 4.166 4.288 4.410 4.532 4.654 4.775 4.897 5.019 5.141 5.263 5.277 5.213 5.148 5.083 5.000 4.763 4.526 4.289 4.053 3.816 3.579 3.342 3.105 2.868 2.746 2.734 2.722 2.710 2.698 2.686 2.674 2.662 2.646 2.626 2.605 2.585 2.564 2.544 2.539 2.534 2.528 2.523 2.518 2.512 2.507 2.502 2.496 2.491 2.485 2.480 2.475 2.468 2.462 2.460
