includes/camargue/floodfiles/results_R2_t1.562608011066E12/res-0014.wdfp
ncols         906
nrows         631
xllcorner     362177.146667
yllcorner     6534725.688020
cellsize      20.000000
NODATA_value  -9999.000000
[rows 578 to 611 of 631, columns 231 to 307 of 906]
1.803 1.831 1.859 1.887 1.932 1.982 2.015 2.048 2.081 2.114 2.148 2.181 2.206 2.229 2.252 2.275 2.376 2.501 2.626 2.751 2.876 3.000 3.115 3.230 3.346 3.461 3.546 3.547 3.544 3.540 3.536 3.533 3.529 3.525 3.522 3.518 3.527 3.569 3.612 3.654 3.697 3.739 3.782 3.825 3.867 3.910 3.952 3.995 4.100 4.207 4.314 4.420 4.527 4.634 4.741 4.848 4.931 4.986 5.040 5.094 5.142 5.184 5.226 5.268 5.311 5.353 5.395 5.438 5.480 5.468 5.454 5.440 5.432 5.451 5.438 5.398 5.358
1.776 1.801 1.827 1.852 1.877 1.888 1.911 1.934 1.958 1.981 2.004 2.027 2.050 2.073 2.096 2.145 2.230 2.350 2.475 2.600 2.725 2.851 2.976 3.101 3.226 3.351 3.500 3.492 3.484 3.480 3.476 3.473 3.469 3.465 3.462 3.458 3.454 3.494 3.536 3.578 3.621 3.664 3.706 3.749 3.792 3.834 3.877 3.919 4.006 4.113 4.220 4.326 4.433 4.540 4.647 4.732 4.786 4.840 4.895 4.949 4.999 5.042 5.084 5.126 5.168 5.211 5.253 5.295 5.338 5.380 5.422 5.465 5.453 5.438 5.398 5.359 5.319
1.749 1.774 1.800 1.822 1.841 1.771 1.756 1.779 1.802 1.825 1.848 1.871 1.894 1.917 1.941 2.017 2.102 2.199 2.324 2.449 2.575 2.700 2.825 2.950 3.075 3.231 3.422 3.450 3.442 3.434 3.426 3.417 3.409 3.405 3.402 3.398 3.394 3.418 3.460 3.503 3.546 3.588 3.631 3.674 3.716 3.759 3.801 3.844 3.912 4.019 4.126 4.232 4.339 4.446 4.532 4.587 4.641 4.695 4.749 4.804 4.857 4.899 4.942 4.984 5.026 5.068 5.111 5.153 5.195 5.238 5.280 5.322 5.397 5.398 5.359 5.319 5.280
1.722 1.747 1.767 1.786 1.800 1.730 1.661 1.623 1.646 1.669 1.692 1.716 1.739 1.762 1.803 1.888 1.974 2.059 2.173 2.298 2.424 2.549 2.674 2.799 2.940 3.131 3.322 3.408 3.400 3.392 3.384 3.376 3.368 3.359 3.351 3.343 3.335 3.342 3.385 3.427 3.470 3.513 3.555 3.598 3.641 3.683 3.726 3.768 3.818 3.925 4.031 4.138 4.245 4.333 4.387 4.441 4.496 4.550 4.604 4.658 4.713 4.757 4.799 4.841 4.884 4.926 4.968 5.011 5.053 5.095 5.138 5.214 5.311 5.356 5.317 5.277 5.238
1.694 1.713 1.731 1.750 1.760 1.690 1.620 1.564 1.564 1.564 1.564 1.564 1.583 1.606 1.675 1.760 1.845 1.931 2.022 2.147 2.273 2.398 2.523 2.649 2.841 3.032 3.223 3.366 3.358 3.350 3.342 3.334 3.326 3.318 3.310 3.302 3.294 3.302 3.331 3.361 3.395 3.437 3.480 3.523 3.565 3.608 3.650 3.693 3.735 3.831 3.937 4.044 4.133 4.187 4.242 4.296 4.350 4.404 4.459 4.513 4.567 4.615 4.657 4.699 4.741 4.784 4.826 4.868 4.911 4.953 5.031 5.128 5.224 5.314 5.275 5.236 5.196
1.658 1.676 1.695 1.713 1.719 1.649 1.579 1.564 1.564 1.564 1.564 1.564 1.564 1.564 1.564 1.632 1.717 1.803 1.888 1.996 2.122 2.247 2.372 2.550 2.741 2.932 3.123 3.314 3.316 3.308 3.300 3.292 3.284 3.276 3.268 3.261 3.268 3.275 3.301 3.330 3.359 3.389 3.418 3.448 3.490 3.532 3.575 3.617 3.660 3.737 3.843 3.934 3.988 4.042 4.096 4.151 4.205 4.259 4.313 4.368 4.422 4.472 4.515 4.557 4.599 4.641 4.684 4.726 4.768 4.848 4.945 5.041 5.138 5.235 5.233 5.194 5.155
1.621 1.640 1.658 1.677 1.678 1.608 1.564 1.564 1.564 1.564 1.564 1.564 1.564 1.564 1.564 1.564 1.589 1.674 1.760 1.846 1.971 2.096 2.259 2.450 2.641 2.833 3.024 3.215 3.274 3.266 3.258 3.250 3.242 3.234 3.227 3.234 3.242 3.249 3.270 3.299 3.329 3.358 3.387 3.417 3.446 3.475 3.505 3.542 3.584 3.642 3.734 3.788 3.843 3.897 3.951 4.005 4.060 4.114 4.168 4.222 4.277 4.330 4.372 4.415 4.457 4.499 4.541 4.584 4.665 4.762 4.858 4.955 5.052 5.148 5.191 5.152 5.113
1.585 1.603 1.622 1.640 1.637 1.567 1.564 1.564 1.564 1.564 1.564 1.564 1.564 1.564 1.564 1.564 1.564 1.564 1.631 1.717 1.820 1.968 2.159 2.351 2.542 2.733 2.924 3.115 3.232 3.224 3.216 3.208 3.200 3.194 3.201 3.208 3.215 3.223 3.239 3.268 3.298 3.327 3.356 3.386 3.415 3.445 3.474 3.503 3.533 3.565 3.589 3.643 3.697 3.752 3.806 3.860 3.914 3.969 4.023 4.077 4.131 4.186 4.230 4.272 4.315 4.357 4.399 4.482 4.579 4.675 4.772 4.869 4.965 5.062 5.149 5.110 5.071
1.565 1.567 1.585 1.604 1.596 1.564 1.564 1.564 1.564 1.564 1.564 1.564 1.564 1.564 1.564 1.564 1.564 1.564 1.564 1.564 1.654 1.869 2.060 2.251 2.442 2.633 2.824 3.016 3.190 3.182 3.174 3.166 3.160 3.167 3.175 3.182 3.189 3.197 3.208 3.237 3.267 3.296 3.325 3.355 3.384 3.414 3.443 3.472 3.505 3.543 3.562 3.575 3.588 3.606 3.661 3.715 3.769 3.823 3.878 3.932 3.986 4.040 4.088 4.130 4.172 4.215 4.299 4.396 4.492 4.589 4.686 4.783 4.879 4.976 5.073 5.068 5.029
1.565 1.565 1.565 1.567 1.565 1.565 1.564 1.564 1.564 1.564 1.564 1.564 1.564 1.564 1.564 1.564 1.564 1.564 1.565 1.565 1.565 1.922 2.046 2.170 2.343 2.534 2.725 2.916 3.107 3.141 3.133 3.126 3.134 3.141 3.148 3.156 3.163 3.170 3.177 3.206 3.236 3.265 3.295 3.324 3.353 3.383 3.412 3.445 3.483 3.521 3.545 3.558 3.571 3.584 3.597 3.610 3.624 3.678 3.732 3.787 3.841 3.895 3.945 3.988 4.030 4.116 4.213 4.309 4.406 4.503 4.599 4.696 4.793 4.890 4.986 5.026 4.987
1.565 1.565 1.565 1.565 1.565 1.565 1.565 1.565 1.564 1.564 1.564 1.564 1.564 1.565 1.565 1.565 1.565 1.565 1.565 1.565 1.565 2.006 2.130 2.253 2.377 2.500 2.625 2.816 3.008 3.099 3.093 3.100 3.107 3.115 3.122 3.129 3.137 3.144 3.151 3.175 3.205 3.234 3.264 3.293 3.322 3.352 3.386 3.424 3.462 3.500 3.529 3.542 3.555 3.567 3.580 3.593 3.606 3.619 3.632 3.645 3.696 3.750 3.803 3.845 3.933 4.030 4.126 4.223 4.320 4.417 4.513 4.610 4.707 4.803 4.900 4.985 4.945
1.565 1.565 1.565 1.565 1.565 1.565 1.565 1.565 1.565 1.565 1.565 1.565 1.565 1.565 1.565 1.565 1.565 1.565 1.565 1.565 1.565 2.089 2.213 2.337 2.460 2.584 2.707 2.831 2.955 3.059 3.067 3.074 3.081 3.088 3.096 3.103 3.110 3.118 3.125 3.144 3.174 3.203 3.233 3.262 3.291 3.326 3.364 3.402 3.440 3.478 3.512 3.525 3.538 3.551 3.564 3.577 3.590 3.603 3.616 3.629 3.642 3.655 3.668 3.750 3.847 3.943 4.040 4.137 4.234 4.330 4.427 4.524 4.620 4.717 4.814 4.910 4.904
1.565 1.565 1.565 1.565 1.565 1.565 1.565 1.565 1.565 1.565 1.565 1.565 1.565 1.565 1.565 1.565 1.565 1.565 1.565 1.565 1.566 2.173 2.297 2.420 2.544 2.667 2.791 2.915 3.001 3.036 3.042 3.048 3.055 3.062 3.069 3.077 3.084 3.091 3.099 3.114 3.143 3.172 3.202 3.231 3.267 3.305 3.343 3.381 3.419 3.457 3.494 3.508 3.521 3.534 3.547 3.560 3.573 3.586 3.599 3.612 3.625 3.638 3.650 3.705 3.783 3.862 3.954 4.051 4.147 4.244 4.341 4.437 4.534 4.631 4.728 4.824 4.862
1.565 1.565 1.565 1.565 1.565 1.565 1.565 1.565 1.565 1.565 1.565 1.565 1.565 1.565 1.565 1.565 1.565 1.565 1.566 1.566 1.566 2.256 2.380 2.504 2.627 2.751 2.874 2.936 2.976 3.013 3.019 3.025 3.030 3.036 3.043 3.050 3.058 3.065 3.072 3.083 3.112 3.141 3.171 3.207 3.245 3.283 3.321 3.359 3.397 3.435 3.473 3.492 3.505 3.518 3.531 3.544 3.557 3.570 3.583 3.595 3.608 3.620 3.632 3.675 3.753 3.831 3.910 3.988 4.066 4.158 4.254 4.351 4.448 4.545 4.641 4.738 4.820
1.566 1.566 1.565 1.565 1.565 1.565 1.565 1.565 1.565 1.565 1.565 1.565 1.565 1.565 1.565 1.566 1.566 1.566 1.566 1.566 1.566 2.340 2.464 2.587 2.711 2.832 2.871 2.911 2.950 2.989 2.996 3.001 3.007 3.013 3.019 3.025 3.031 3.039 3.046 3.053 3.081 3.111 3.148 3.186 3.224 3.262 3.299 3.337 3.375 3.413 3.451 3.475 3.488 3.501 3.514 3.527 3.540 3.553 3.566 3.579 3.590 3.602 3.614 3.644 3.723 3.801 3.879 3.957 4.036 4.114 4.192 4.271 4.362 4.458 4.555 4.652 4.748
1.566 1.566 1.566 1.566 1.566 1.565 1.565 1.565 1.565 1.565 1.565 1.565 1.566 1.566 1.566 1.566 1.566 1.566 1.566 1.566 1.566 2.405 2.547 2.671 2.768 2.807 2.846 2.885 2.925 2.964 2.972 2.978 2.984 2.990 2.996 3.002 3.008 3.014 3.020 3.027 3.050 3.088 3.126 3.164 3.202 3.240 3.278 3.316 3.354 3.392 3.430 3.459 3.472 3.484 3.497 3.510 3.523 3.536 3.549 3.561 3.572 3.584 3.596 3.614 3.692 3.770 3.849 3.927 4.005 4.084 4.162 4.240 4.318 4.397 4.475 4.565 4.662
1.566 1.566 1.566 1.566 1.566 1.566 1.566 1.566 1.566 1.566 1.566 1.566 1.566 1.566 1.566 1.566 1.566 1.566 1.566 1.567 1.567 2.316 2.631 2.703 2.742 2.781 2.821 2.860 2.899 2.939 2.949 2.955 2.961 2.967 2.973 2.979 2.985 2.991 2.997 3.005 3.031 3.066 3.104 3.142 3.180 3.218 3.256 3.294 3.332 3.370 3.408 3.442 3.455 3.468 3.481 3.494 3.507 3.519 3.531 3.543 3.554 3.566 3.578 3.590 3.662 3.740 3.818 3.897 3.975 4.053 4.131 4.210 4.288 4.366 4.445 4.523 4.601
1.567 1.566 1.566 1.566 1.566 1.566 1.566 1.566 1.566 1.566 1.566 1.566 1.566 1.566 1.566 1.567 1.567 1.567 1.567 1.567 1.949 2.523 2.638 2.677 2.717 2.756 2.795 2.834 2.874 2.913 2.926 2.932 2.938 2.944 2.950 2.956 2.962 2.968 2.982 3.001 3.026 3.058 3.090 3.122 3.159 3.197 3.235 3.273 3.310 3.348 3.386 3.424 3.438 3.451 3.464 3.477 3.489 3.501 3.513 3.525 3.537 3.548 3.560 3.572 3.631 3.710 3.788 3.866 3.944 4.023 4.101 4.179 4.258 4.336 4.414 4.492 4.552
1.567 1.567 1.567 1.566 1.566 1.566 1.566 1.566 1.566 1.566 1.566 1.567 1.567 1.567 1.567 1.567 1.567 1.567 1.567 1.860 2.191 2.522 2.603 2.652 2.691 2.730 2.770 2.809 2.848 2.888 2.903 2.909 2.915 2.921 2.927 2.933 2.940 2.959 2.978 2.997 3.021 3.053 3.084 3.116 3.148 3.180 3.213 3.251 3.289 3.327 3.365 3.403 3.422 3.435 3.448 3.460 3.471 3.483 3.495 3.507 3.519 3.530 3.542 3.554 3.601 3.679 3.758 3.836 3.914 3.992 4.071 4.149 4.227 4.306 4.381 4.435 4.488
1.567 1.567 1.567 1.567 1.567 1.567 1.567 1.567 1.567 1.567 1.567 1.567 1.567 1.567 1.567 1.567 1.567 1.567 1.567 1.859 2.191 2.513 2.562 2.611 2.661 2.705 2.744 2.784 2.823 2.862 2.880 2.886 2.892 2.898 2.904 2.916 2.935 2.954 2.973 2.992 3.015 3.047 3.079 3.111 3.143 3.174 3.206 3.238 3.270 3.305 3.343 3.381 3.405 3.418 3.430 3.442 3.454 3.465 3.477 3.489 3.501 3.512 3.524 3.536 3.571 3.649 3.727 3.806 3.884 3.962 4.040 4.119 4.197 4.264 4.318 4.371 4.424
1.567 1.567 1.567 1.567 1.567 1.567 1.567 1.567 1.567 1.567 1.567 1.567 1.567 1.567 1.568 1.568 1.568 1.568 1.568 1.859 2.191 2.472 2.521 2.571 2.620 2.669 2.719 2.758 2.797 2.837 2.857 2.863 2.869 2.875 2.893 2.912 2.931 2.950 2.969 2.988 3.010 3.042 3.074 3.105 3.137 3.169 3.201 3.233 3.264 3.296 3.328 3.359 3.389 3.400 3.412 3.424 3.436 3.447 3.459 3.471 3.483 3.495 3.506 3.518 3.540 3.619 3.697 3.775 3.853 3.932 4.010 4.088 4.147 4.201 4.254 4.307 4.360
1.568 1.568 1.567 1.567 1.567 1.567 1.567 1.567 1.567 1.567 1.567 1.568 1.568 1.568 1.568 1.568 1.568 1.568 1.568 1.859 2.190 2.431 2.480 2.530 2.579 2.629 2.678 2.728 2.772 2.811 2.834 2.840 2.851 2.870 2.889 2.908 2.927 2.946 2.965 2.983 3.005 3.037 3.068 3.100 3.132 3.164 3.195 3.227 3.259 3.291 3.322 3.351 3.366 3.380 3.394 3.406 3.418 3.430 3.441 3.453 3.465 3.477 3.489 3.500 3.512 3.588 3.667 3.745 3.823 3.901 3.978 4.031 4.084 4.137 4.190 4.243 4.296
1.568 1.568 1.568 1.568 1.568 1.567 1.567 1.567 1.567 1.568 1.568 1.568 1.568 1.568 1.568 1.568 1.568 1.568 1.568 1.859 2.190 2.390 2.440 2.489 2.538 2.588 2.637 2.687 2.736 2.786 2.811 2.828 2.847 2.866 2.885 2.903 2.922 2.941 2.960 2.979 2.999 3.031 3.063 3.095 3.127 3.158 3.190 3.222 3.254 3.285 3.312 3.326 3.341 3.355 3.370 3.384 3.398 3.412 3.423 3.435 3.447 3.459 3.471 3.482 3.494 3.558 3.636 3.714 3.793 3.860 3.914 3.967 4.020 4.073 4.126 4.179 4.232
1.568 1.568 1.568 1.568 1.568 1.568 1.568 1.568 1.568 1.568 1.568 1.568 1.568 1.568 1.569 1.569 1.569 1.569 1.569 1.859 2.190 2.350 2.399 2.448 2.498 2.547 2.597 2.646 2.695 2.750 2.797 2.823 2.842 2.861 2.880 2.899 2.918 2.937 2.956 2.975 2.994 3.026 3.058 3.089 3.121 3.153 3.185 3.216 3.248 3.272 3.287 3.301 3.316 3.331 3.345 3.359 3.373 3.388 3.402 3.416 3.429 3.441 3.453 3.465 3.476 3.528 3.606 3.684 3.744 3.797 3.850 3.903 3.956 4.009 4.062 4.115 4.168
1.568 1.568 1.568 1.568 1.568 1.568 1.568 1.568 1.568 1.568 1.568 1.568 1.569 1.569 1.569 1.569 1.569 1.569 1.569 1.858 2.190 2.309 2.358 2.408 2.457 2.506 2.556 2.611 2.668 2.726 2.769 2.804 2.838 2.857 2.876 2.895 2.914 2.933 2.952 2.971 2.989 3.021 3.052 3.084 3.116 3.148 3.179 3.211 3.232 3.247 3.262 3.276 3.291 3.306 3.320 3.334 3.348 3.363 3.377 3.391 3.406 3.420 3.434 3.447 3.458 3.497 3.574 3.627 3.680 3.733 3.786 3.839 3.892 3.945 3.998 4.051 4.104
1.568 1.568 1.568 1.568 1.568 1.568 1.568 1.568 1.568 1.568 1.569 1.569 1.569 1.569 1.569 1.569 1.569 1.569 1.569 1.858 2.190 2.268 2.317 2.367 2.416 2.471 2.529 2.587 2.644 2.702 2.741 2.776 2.811 2.846 2.872 2.890 2.909 2.928 2.947 2.966 2.985 3.015 3.047 3.079 3.111 3.142 3.174 3.193 3.207 3.222 3.237 3.252 3.266 3.281 3.295 3.309 3.324 3.338 3.352 3.366 3.381 3.395 3.409 3.424 3.438 3.457 3.510 3.563 3.616 3.669 3.722 3.775 3.828 3.881 3.934 3.987 4.040
1.569 1.569 1.569 1.569 1.569 1.569 1.569 1.569 1.569 1.569 1.569 1.569 1.569 1.569 1.569 1.569 1.569 1.569 1.569 1.858 2.178 2.227 2.277 2.332 2.390 2.447 2.505 2.562 2.620 2.677 2.713 2.748 2.783 2.819 2.854 2.886 2.905 2.924 2.943 2.962 2.981 3.010 3.042 3.073 3.105 3.137 3.153 3.168 3.182 3.197 3.212 3.227 3.241 3.256 3.270 3.284 3.299 3.313 3.327 3.342 3.356 3.370 3.384 3.399 3.420 3.446 3.473 3.500 3.552 3.605 3.658 3.711 3.764 3.817 3.870 3.923 3.976
1.569 1.569 1.569 1.569 1.569 1.569 1.569 1.569 1.569 1.569 1.569 1.569 1.570 1.570 1.570 1.570 1.570 1.570 1.570 1.778 2.137 2.193 2.250 2.308 2.365 2.423 2.480 2.538 2.595 2.650 2.686 2.721 2.756 2.791 2.826 2.861 2.896 2.920 2.939 2.958 2.977 3.005 3.036 3.068 3.098 3.113 3.128 3.143 3.157 3.172 3.187 3.202 3.216 3.231 3.245 3.260 3.274 3.288 3.302 3.317 3.331 3.345 3.360 3.383 3.409 3.435 3.462 3.490 3.517 3.544 3.594 3.647 3.700 3.753 3.806 3.859 3.912
1.569 1.569 1.569 1.569 1.569 1.569 1.569 1.569 1.569 1.569 1.570 1.570 1.570 1.570 1.570 1.570 1.570 1.570 1.570 1.720 2.122 2.169 2.226 2.284 2.341 2.399 2.456 2.514 2.571 2.623 2.658 2.693 2.728 2.763 2.798 2.833 2.868 2.904 2.934 2.953 2.972 2.999 3.031 3.059 3.073 3.088 3.103 3.118 3.132 3.147 3.162 3.177 3.191 3.206 3.220 3.235 3.249 3.263 3.278 3.292 3.306 3.321 3.347 3.373 3.399 3.425 3.452 3.479 3.506 3.533 3.560 3.588 3.636 3.689 3.742 3.796 3.849
1.569 1.569 1.569 1.569 1.570 1.570 1.570 1.570 1.570 1.570 1.570 1.570 1.570 1.570 1.570 1.570 1.570 1.570 1.570 1.827 2.117 2.159 2.202 2.259 2.317 2.374 2.432 2.490 2.547 2.595 2.630 2.665 2.700 2.735 2.770 2.806 2.841 2.876 2.911 2.946 2.968 2.994 3.019 3.034 3.048 3.063 3.078 3.093 3.107 3.122 3.137 3.152 3.166 3.181 3.196 3.210 3.224 3.238 3.253 3.267 3.284 3.310 3.336 3.362 3.388 3.414 3.441 3.468 3.495 3.522 3.549 3.577 3.604 3.631 3.679 3.732 3.785
1.570 1.570 1.570 1.570 1.570 1.570 1.570 1.570 1.570 1.570 1.570 1.571 1.571 1.571 1.571 1.571 1.570 1.570 1.570 1.933 2.111 2.154 2.196 2.239 2.293 2.350 2.408 2.465 2.523 2.567 2.602 2.637 2.673 2.708 2.743 2.778 2.813 2.848 2.883 2.918 2.953 2.979 2.994 3.009 3.023 3.038 3.053 3.068 3.082 3.097 3.112 3.127 3.141 3.156 3.171 3.185 3.199 3.214 3.228 3.247 3.273 3.299 3.325 3.351 3.377 3.403 3.430 3.457 3.484 3.511 3.539 3.566 3.593 3.620 3.647 3.675 3.721
1.570 1.570 1.570 1.570 1.570 1.570 1.570 1.570 1.570 1.571 1.571 1.571 1.571 1.571 1.571 1.571 1.571 1.571 1.571 2.040 2.106 2.148 2.191 2.233 2.276 2.326 2.384 2.441 2.499 2.539 2.575 2.610 2.645 2.680 2.715 2.750 2.785 2.820 2.855 2.890 2.926 2.964 2.977 2.989 3.001 3.013 3.028 3.043 3.057 3.072 3.087 3.102 3.116 3.131 3.146 3.160 3.174 3.189 3.210 3.236 3.262 3.288 3.314 3.340 3.366 3.392 3.419 3.446 3.473 3.500 3.528 3.555 3.582 3.609 3.637 3.664 3.691
1.570 1.570 1.570 1.570 1.570 1.570 1.570 1.571 1.571 1.571 1.571 1.571 1.571 1.571 1.571 1.571 1.571 1.571 1.571 2.058 2.100 2.143 2.185 2.228 2.271 2.313 2.359 2.417 2.474 2.512 2.547 2.582 2.617 2.652 2.687 2.722 2.757 2.792 2.827 2.863 2.900 2.938 2.962 2.975 2.987 2.999 3.011 3.023 3.035 3.047 3.062 3.077 3.091 3.106 3.121 3.135 3.150 3.174 3.200 3.226 3.252 3.278 3.304 3.330 3.356 3.382 3.408 3.435 3.462 3.490 3.517 3.544 3.571 3.598 3.626 3.653 3.679
1.570 1.570 1.570 1.571 1.571 1.571 1.571 1.571 1.571 1.571 1.571 1.572 1.572 1.572 1.572 1.571 1.571 1.571 1.639 2.052 2.095 2.137 2.180 2.222 2.265 2.308 2.350 2.393 2.449 2.484 2.519 2.554 2.589 2.624 2.659 2.694 2.729 2.765 2.800 2.835 2.874 2.912 2.949 2.961 2.973 2.985 2.997 3.009 3.021 3.033 3.045 3.057 3.069 3.081 3.096 3.111 3.137 3.163 3.189 3.215 3.241 3.267 3.293 3.319 3.345 3.371 3.397 3.424 3.452 3.479 3.506 3.533 3.560 3.588 3.615 3.641 3.667
