includes/camargue/floodfiles/results_R2_t1.562608011066E12/res-0005.wdfp
ncols         906
nrows         631
xllcorner     362177.146667
yllcorner     6534725.688020
cellsize      20.000000
NODATA_value  -9999.000000
[rows 578 to 611 of 631, columns 0 to 76 of 906]
8.069 8.148 8.227 8.306 8.385 8.464 8.543 8.583 8.589 8.594 8.604 8.629 8.654 8.679 8.703 8.728 9.046 9.392 9.739 10.085 10.431 10.778 11.124 11.350 11.448 10.966 10.485 10.003 9.522 9.040 8.559 8.077 7.596 7.114 6.649 6.224 6.150 6.107 6.064 6.020 5.977 5.940 5.903 5.866 5.829 5.789 5.747 5.704 5.661 5.618 5.575 5.531 5.494 5.496 5.498 5.500 5.502 5.504 5.506 5.495 5.484 5.474 5.464 5.455 5.440 5.422 5.403 5.385 5.366 5.348 5.335 5.324 5.313 5.302 5.290 5.276 5.248
7.973 8.177 8.338 8.417 8.496 8.575 8.654 8.712 8.717 8.730 8.755 8.780 8.805 8.829 8.854 8.879 9.111 9.458 9.804 10.150 10.496 10.843 11.067 11.269 11.472 11.141 10.660 10.178 9.697 9.215 8.734 8.252 7.771 7.289 6.862 6.437 6.152 6.109 6.065 6.022 5.978 5.935 5.892 5.848 5.805 5.757 5.714 5.671 5.628 5.584 5.541 5.498 5.462 5.464 5.466 5.468 5.470 5.472 5.474 5.477 5.474 5.464 5.450 5.432 5.414 5.395 5.377 5.358 5.340 5.322 5.309 5.298 5.286 5.275 5.264 5.253 5.242
7.596 7.800 8.003 8.207 8.411 8.615 8.765 8.841 8.856 8.881 8.906 8.931 8.956 8.980 9.005 9.030 9.177 9.523 9.869 10.215 10.562 10.784 10.986 11.189 11.391 11.316 10.835 10.353 9.872 9.390 8.909 8.427 7.946 7.501 7.075 6.650 6.225 6.110 6.067 6.023 5.980 5.936 5.893 5.850 5.806 5.743 5.680 5.637 5.594 5.551 5.508 5.464 5.430 5.432 5.434 5.436 5.438 5.440 5.442 5.444 5.449 5.445 5.424 5.406 5.387 5.369 5.350 5.332 5.314 5.295 5.282 5.271 5.260 5.249 5.238 5.226 5.215
7.219 7.423 7.626 7.830 8.034 8.238 8.441 8.607 8.818 9.032 9.057 9.082 9.106 9.131 9.156 9.181 9.242 9.588 9.934 10.281 10.501 10.703 10.906 11.108 11.311 11.491 11.010 10.528 10.047 9.565 9.084 8.602 8.139 7.714 7.288 6.863 6.438 6.111 6.068 6.025 5.981 5.938 5.895 5.851 5.800 5.737 5.674 5.611 5.560 5.517 5.474 5.431 5.397 5.400 5.402 5.404 5.406 5.408 5.412 5.421 5.431 5.427 5.404 5.380 5.361 5.343 5.324 5.306 5.288 5.269 5.256 5.245 5.233 5.222 5.211 5.200 5.187
6.842 7.046 7.250 7.453 7.657 7.861 8.025 8.164 8.352 8.581 8.810 9.039 9.257 9.282 9.307 9.332 9.357 9.653 10.000 10.218 10.420 10.623 10.825 11.028 11.230 11.433 11.185 10.704 10.222 9.741 9.259 8.777 8.352 7.927 7.502 7.076 6.651 6.226 6.070 6.026 5.983 5.939 5.896 5.853 5.794 5.731 5.668 5.605 5.542 5.484 5.440 5.397 5.365 5.367 5.369 5.371 5.375 5.384 5.394 5.403 5.412 5.408 5.386 5.362 5.339 5.316 5.298 5.280 5.261 5.243 5.229 5.218 5.207 5.196 5.184 5.171 5.157
6.465 6.669 6.873 7.076 7.280 7.444 7.582 7.721 7.887 8.116 8.345 8.574 8.803 9.032 9.261 9.483 9.507 9.718 9.935 10.137 10.340 10.542 10.745 10.947 11.150 11.353 11.360 10.879 10.397 9.916 9.434 8.990 8.565 8.140 7.715 7.289 6.864 6.439 6.071 6.028 5.984 5.941 5.898 5.852 5.788 5.725 5.662 5.599 5.536 5.472 5.409 5.364 5.333 5.335 5.338 5.347 5.357 5.366 5.375 5.385 5.394 5.390 5.367 5.344 5.321 5.298 5.275 5.253 5.235 5.216 5.203 5.192 5.180 5.167 5.154 5.141 5.128
6.088 6.292 6.496 6.699 6.863 7.001 7.140 7.278 7.421 7.650 7.879 8.108 8.337 8.566 8.795 9.024 9.253 9.754 9.854 10.057 10.259 10.462 10.665 10.867 11.070 11.272 11.475 11.054 10.572 10.091 9.629 9.203 8.778 8.353 7.928 7.503 7.077 6.652 6.227 6.029 5.986 5.942 5.899 5.846 5.782 5.719 5.656 5.593 5.530 5.466 5.403 5.340 5.301 5.310 5.320 5.329 5.338 5.347 5.357 5.366 5.375 5.372 5.349 5.326 5.303 5.280 5.257 5.234 5.211 5.190 5.176 5.164 5.150 5.137 5.124 5.111 5.098
5.711 5.915 6.119 6.281 6.420 6.558 6.697 6.835 6.974 7.185 7.414 7.643 7.872 8.101 8.330 8.636 9.376 9.997 10.083 10.170 10.256 10.382 10.584 10.787 10.989 11.192 11.394 11.229 10.747 10.267 9.842 9.417 8.991 8.566 8.141 7.716 7.291 6.865 6.440 6.031 5.987 5.944 5.900 5.840 5.776 5.713 5.650 5.587 5.524 5.460 5.398 5.336 5.294 5.294 5.301 5.311 5.320 5.329 5.338 5.348 5.357 5.354 5.331 5.308 5.285 5.262 5.239 5.216 5.193 5.167 5.147 5.134 5.121 5.107 5.094 5.081 5.068
5.334 5.538 5.700 5.838 5.977 6.115 6.254 6.392 6.531 6.719 6.948 7.177 7.406 7.635 8.026 8.766 9.506 10.239 10.326 10.413 10.499 10.586 10.673 10.759 10.909 11.111 11.314 11.404 10.922 10.480 10.055 9.630 9.204 8.779 8.354 7.929 7.504 7.078 6.653 6.228 5.989 5.945 5.897 5.834 5.770 5.707 5.644 5.581 5.519 5.458 5.396 5.335 5.292 5.292 5.292 5.292 5.301 5.311 5.320 5.329 5.339 5.336 5.313 5.290 5.267 5.244 5.221 5.196 5.167 5.139 5.119 5.105 5.091 5.078 5.065 5.051 5.038
5.023 5.119 5.257 5.396 5.534 5.672 5.811 5.949 6.088 6.254 6.483 6.712 6.941 7.415 8.155 8.895 9.635 10.375 10.569 10.656 10.742 10.829 10.916 11.002 11.089 11.176 11.262 11.436 11.118 10.693 10.268 9.843 9.418 8.992 8.567 8.142 7.717 7.292 6.866 6.441 6.016 5.947 5.891 5.828 5.765 5.702 5.641 5.579 5.517 5.456 5.394 5.333 5.290 5.290 5.290 5.290 5.289 5.292 5.302 5.311 5.320 5.318 5.295 5.272 5.249 5.225 5.196 5.168 5.139 5.111 5.090 5.076 5.062 5.049 5.035 5.021 5.008
5.033 5.021 5.019 5.017 5.091 5.230 5.368 5.506 5.645 5.788 6.017 6.246 6.805 7.545 8.285 9.025 9.765 10.505 10.812 10.898 10.985 11.072 11.158 11.245 11.332 11.418 11.505 11.282 11.000 10.619 10.239 9.858 9.478 9.097 8.717 8.336 7.930 7.505 7.079 6.654 6.229 5.948 5.885 5.824 5.762 5.700 5.639 5.577 5.516 5.454 5.393 5.331 5.288 5.288 5.288 5.288 5.288 5.287 5.287 5.293 5.302 5.300 5.277 5.254 5.225 5.197 5.168 5.140 5.111 5.082 5.062 5.048 5.034 5.020 5.006 4.992 4.979
5.084 5.067 5.064 5.062 5.060 5.057 5.055 5.064 5.202 5.341 5.552 6.194 6.934 7.674 8.414 9.154 9.894 10.634 11.055 11.141 11.228 11.315 11.401 11.488 11.575 11.470 11.107 10.755 10.558 10.235 9.855 9.474 9.093 8.713 8.333 7.952 7.572 7.191 6.810 6.430 6.049 5.916 5.883 5.822 5.760 5.699 5.637 5.575 5.514 5.452 5.391 5.329 5.287 5.286 5.286 5.286 5.286 5.286 5.286 5.285 5.285 5.282 5.255 5.226 5.197 5.169 5.140 5.112 5.083 5.054 5.033 5.019 5.005 4.992 4.978 4.964 4.950
5.134 5.113 5.110 5.107 5.105 5.103 5.100 5.098 5.096 5.094 5.601 6.324 7.064 7.804 8.544 9.284 10.024 10.764 11.298 11.384 11.471 11.558 11.644 11.658 11.295 10.932 10.569 10.262 10.065 9.851 9.470 9.090 8.709 8.329 7.948 7.568 7.187 6.807 6.426 6.046 5.867 5.854 5.826 5.795 5.758 5.697 5.635 5.574 5.512 5.450 5.389 5.327 5.285 5.285 5.284 5.284 5.284 5.284 5.284 5.284 5.285 5.272 5.226 5.198 5.169 5.141 5.112 5.083 5.055 5.026 5.005 4.991 4.977 4.963 4.949 4.935 4.922
5.185 5.164 5.155 5.153 5.151 5.148 5.146 5.144 5.141 5.482 5.938 6.607 7.276 7.945 8.673 9.413 10.153 10.893 11.540 11.627 11.714 11.800 11.483 11.120 10.757 10.394 10.031 9.768 9.571 9.374 9.086 8.705 8.325 7.944 7.564 7.183 6.803 6.422 6.042 5.819 5.805 5.791 5.767 5.736 5.706 5.675 5.633 5.572 5.510 5.449 5.387 5.325 5.283 5.283 5.283 5.282 5.282 5.282 5.283 5.285 5.288 5.277 5.231 5.184 5.141 5.113 5.084 5.055 5.027 4.998 4.976 4.962 4.948 4.934 4.921 4.907 4.892
5.235 5.214 5.201 5.198 5.196 5.194 5.191 5.189 5.538 5.895 6.275 6.944 7.613 8.283 8.952 9.621 10.290 11.023 11.763 11.870 11.672 11.309 10.945 10.582 10.219 9.856 9.493 9.274 9.077 8.881 8.684 8.321 7.940 7.560 7.179 6.799 6.418 6.038 5.770 5.756 5.743 5.729 5.708 5.677 5.647 5.616 5.585 5.554 5.508 5.447 5.385 5.324 5.281 5.281 5.281 5.281 5.281 5.283 5.286 5.288 5.290 5.281 5.235 5.189 5.142 5.096 5.056 5.027 4.999 4.970 4.948 4.934 4.920 4.906 4.892 4.877 4.863
5.286 5.265 5.246 5.244 5.241 5.239 5.237 5.593 5.951 6.308 6.665 7.281 7.951 8.620 9.289 9.958 10.627 11.297 11.901 11.497 11.134 10.771 10.407 10.044 9.681 9.318 8.978 8.781 8.584 8.387 8.190 7.936 7.556 7.175 6.795 6.414 6.034 5.721 5.708 5.694 5.680 5.667 5.649 5.618 5.588 5.557 5.526 5.495 5.465 5.434 5.383 5.322 5.279 5.279 5.279 5.281 5.284 5.286 5.288 5.291 5.293 5.286 5.240 5.193 5.147 5.100 5.054 5.008 4.971 4.942 4.919 4.905 4.891 4.877 4.862 4.847 4.833
5.336 5.315 5.294 5.289 5.287 5.291 5.649 6.006 6.364 6.721 7.078 7.619 8.288 8.957 9.626 10.295 10.965 11.513 11.859 11.496 10.789 10.233 9.870 9.506 9.143 8.780 8.484 8.287 8.090 7.893 7.696 7.499 7.172 6.791 6.410 6.030 5.672 5.659 5.645 5.631 5.618 5.604 5.590 5.559 5.528 5.498 5.467 5.436 5.406 5.375 5.344 5.314 5.278 5.279 5.282 5.284 5.286 5.289 5.291 5.293 5.296 5.291 5.244 5.198 5.151 5.105 5.059 5.012 4.966 4.919 4.890 4.876 4.861 4.847 4.832 4.817 4.803
5.387 5.366 5.345 5.335 5.347 5.704 6.062 6.419 6.777 7.134 7.491 7.956 8.625 9.294 9.963 10.633 11.126 11.471 11.817 11.595 10.888 10.181 9.475 8.968 8.605 8.242 7.991 7.794 7.597 7.400 7.203 7.006 6.787 6.407 6.026 5.646 5.610 5.596 5.583 5.569 5.555 5.542 5.528 5.500 5.469 5.439 5.408 5.377 5.347 5.316 5.285 5.258 5.249 5.279 5.285 5.287 5.289 5.292 5.294 5.296 5.299 5.295 5.249 5.202 5.156 5.110 5.063 5.017 4.970 4.925 4.883 4.848 4.831 4.817 4.802 4.788 4.773
5.413 5.404 5.394 5.402 5.760 6.117 6.475 6.832 7.190 7.547 7.904 8.293 8.962 9.631 10.301 10.738 11.084 11.429 11.774 11.694 10.987 10.280 9.574 8.867 8.160 7.704 7.497 7.300 7.103 6.906 6.709 6.512 6.315 6.022 5.642 5.561 5.548 5.534 5.520 5.507 5.493 5.479 5.466 5.441 5.410 5.380 5.349 5.318 5.288 5.257 5.234 5.212 5.198 5.228 5.259 5.289 5.292 5.294 5.297 5.299 5.301 5.300 5.253 5.207 5.161 5.114 5.068 5.022 4.977 4.933 4.891 4.855 4.820 4.787 4.772 4.758 4.743
5.424 5.415 5.428 5.661 6.071 6.480 6.888 7.245 7.603 7.960 8.317 8.675 9.299 9.969 10.351 10.696 11.042 11.387 11.732 11.793 11.086 10.379 9.673 8.966 8.259 7.452 7.151 6.927 6.703 6.480 6.256 6.032 5.821 5.624 5.513 5.499 5.485 5.472 5.458 5.444 5.431 5.417 5.403 5.382 5.351 5.321 5.290 5.259 5.231 5.209 5.188 5.166 5.146 5.177 5.208 5.238 5.269 5.297 5.299 5.302 5.304 5.304 5.258 5.211 5.165 5.119 5.074 5.030 4.985 4.940 4.898 4.863 4.827 4.792 4.757 4.728 4.713
5.436 5.458 5.689 5.919 6.278 6.687 7.097 7.506 7.916 8.325 8.730 9.088 9.618 9.963 10.309 10.654 10.999 11.345 11.690 11.892 11.185 10.479 9.772 9.052 8.226 7.399 6.937 6.713 6.490 6.266 6.042 5.819 5.595 5.475 5.446 5.434 5.423 5.409 5.395 5.382 5.368 5.354 5.341 5.323 5.292 5.261 5.231 5.206 5.185 5.163 5.142 5.120 5.099 5.126 5.156 5.187 5.218 5.248 5.279 5.304 5.307 5.309 5.262 5.216 5.171 5.126 5.082 5.037 4.992 4.947 4.905 4.870 4.834 4.799 4.764 4.729 4.694
5.487 5.718 5.949 6.180 6.484 6.894 7.303 7.713 8.122 8.532 8.941 9.349 9.538 9.911 10.267 10.612 10.957 11.303 11.648 11.991 11.284 10.578 9.826 8.999 8.172 7.345 6.724 6.500 6.276 6.053 5.829 5.605 5.475 5.418 5.376 5.365 5.353 5.342 5.330 5.319 5.306 5.292 5.278 5.264 5.233 5.203 5.182 5.160 5.139 5.117 5.096 5.074 5.053 5.075 5.105 5.136 5.166 5.197 5.227 5.258 5.289 5.312 5.268 5.223 5.179 5.134 5.089 5.044 5.000 4.955 4.912 4.877 4.842 4.806 4.771 4.736 4.701
5.747 5.978 6.209 6.440 6.691 7.101 7.510 7.919 8.329 8.738 9.148 9.314 9.420 9.784 10.156 10.529 10.901 11.260 11.606 11.951 11.383 10.599 9.772 8.946 8.119 7.292 6.510 6.286 6.063 5.839 5.615 5.475 5.417 5.360 5.306 5.295 5.283 5.272 5.261 5.249 5.238 5.226 5.215 5.202 5.179 5.157 5.136 5.115 5.093 5.071 5.050 5.028 5.007 5.023 5.054 5.085 5.115 5.146 5.176 5.207 5.231 5.239 5.245 5.231 5.186 5.141 5.096 5.052 5.007 4.962 4.919 4.884 4.849 4.814 4.778 4.743 4.708
6.007 6.238 6.469 6.700 6.931 7.307 7.717 8.126 8.536 8.945 9.172 9.278 9.384 9.657 10.030 10.402 10.774 11.147 11.519 11.891 11.373 10.546 9.719 8.892 8.065 7.238 6.412 6.073 5.849 5.625 5.475 5.417 5.360 5.302 5.245 5.225 5.214 5.202 5.191 5.179 5.168 5.156 5.145 5.176 5.160 5.112 5.090 5.069 5.047 5.026 5.004 4.983 4.961 4.972 5.003 5.033 5.064 5.095 5.125 5.136 5.145 5.153 5.159 5.165 5.171 5.149 5.104 5.059 5.014 4.970 4.926 4.891 4.856 4.821 4.786 4.750 4.703
6.268 6.499 6.730 6.961 7.191 7.514 7.923 8.333 8.742 9.029 9.136 9.242 9.349 9.531 9.903 10.275 10.648 11.020 11.299 11.117 10.708 10.157 9.607 8.839 8.012 7.185 6.358 5.859 5.635 5.474 5.417 5.360 5.302 5.245 5.188 5.155 5.144 5.132 5.121 5.109 5.098 5.086 5.126 5.172 5.173 5.126 5.078 5.030 5.001 4.980 4.958 4.937 4.915 4.921 4.952 4.982 5.013 5.033 5.041 5.050 5.058 5.067 5.073 5.079 5.085 5.091 5.097 5.067 5.022 4.977 4.934 4.898 4.863 4.828 4.784 4.734 4.683
6.528 6.759 6.990 7.221 7.452 7.721 8.130 8.540 8.887 8.994 9.100 9.207 9.313 9.420 9.776 10.149 10.521 10.659 10.477 10.296 9.930 9.379 8.828 8.278 7.727 7.131 6.305 5.645 5.474 5.417 5.359 5.302 5.245 5.187 5.130 5.086 5.074 5.063 5.051 5.040 5.028 5.075 5.122 5.169 5.187 5.139 5.091 5.044 4.996 4.948 4.912 4.891 4.869 4.870 4.901 4.929 4.938 4.947 4.955 4.964 4.972 4.981 4.987 4.993 4.999 5.005 5.011 5.017 5.023 4.984 4.941 4.906 4.865 4.814 4.764 4.714 4.663
6.788 7.019 7.250 7.481 7.712 7.943 8.337 8.745 8.852 8.958 9.065 9.171 9.277 9.384 9.650 10.022 10.019 9.837 9.656 9.474 9.151 8.601 8.050 7.500 6.949 6.398 5.848 5.476 5.417 5.359 5.302 5.244 5.187 5.130 5.072 5.016 5.004 4.993 4.981 4.978 5.025 5.072 5.118 5.165 5.200 5.153 5.105 5.057 5.009 4.962 4.914 4.866 4.823 4.819 4.835 4.843 4.852 4.860 4.869 4.878 4.886 4.895 4.901 4.907 4.913 4.919 4.925 4.931 4.937 4.942 4.946 4.895 4.845 4.795 4.744 4.694 4.644
7.045 7.277 7.509 7.741 7.972 8.203 8.544 8.710 8.816 8.922 9.029 9.135 9.242 9.348 9.523 9.379 9.197 9.016 8.834 8.653 8.373 7.823 7.272 6.721 6.171 5.620 5.440 5.423 5.367 5.307 5.246 5.187 5.130 5.072 5.015 4.957 4.935 4.923 4.928 4.974 5.021 5.068 5.115 5.161 5.208 5.166 5.118 5.071 5.023 4.975 4.927 4.880 4.831 4.777 4.749 4.757 4.766 4.774 4.783 4.791 4.800 4.808 4.815 4.821 4.827 4.833 4.839 4.845 4.850 4.868 4.886 4.858 4.825 4.775 4.724 4.674 4.624
7.303 7.534 7.766 7.998 8.230 8.462 8.586 8.696 8.806 8.917 9.027 9.138 9.248 9.359 9.241 8.652 8.376 8.194 8.013 7.831 7.595 7.045 6.494 5.943 5.421 5.403 5.386 5.368 5.320 5.259 5.198 5.138 5.077 5.016 4.957 4.900 4.865 4.877 4.924 4.971 5.018 5.064 5.111 5.158 5.205 5.180 5.132 5.084 5.036 4.989 4.941 4.888 4.828 4.772 4.739 4.708 4.680 4.688 4.697 4.705 4.714 4.722 4.729 4.735 4.741 4.747 4.753 4.766 4.787 4.807 4.825 4.798 4.771 4.743 4.705 4.654 4.604
7.560 7.792 8.024 8.256 8.470 8.661 8.735 8.723 8.833 8.944 9.054 9.165 9.275 9.386 9.147 8.557 7.968 7.378 7.191 7.010 6.817 6.266 5.716 5.384 5.366 5.349 5.331 5.314 5.272 5.211 5.151 5.090 5.029 4.968 4.908 4.847 4.824 4.873 4.920 4.967 5.014 5.061 5.107 5.154 5.201 5.193 5.145 5.098 5.050 5.002 4.945 4.885 4.826 4.766 4.734 4.702 4.670 4.638 4.610 4.619 4.628 4.636 4.643 4.649 4.655 4.665 4.685 4.705 4.725 4.745 4.765 4.737 4.710 4.683 4.655 4.628 4.584
7.817 8.049 8.279 8.470 8.661 8.852 8.900 8.881 8.863 8.970 9.081 9.191 9.302 9.412 9.052 8.463 7.873 7.284 6.694 6.188 6.007 5.488 5.347 5.329 5.312 5.294 5.277 5.259 5.224 5.164 5.103 5.042 4.981 4.921 4.860 4.822 4.795 4.851 4.907 4.963 5.010 5.057 5.104 5.150 5.197 5.207 5.159 5.111 5.062 5.002 4.943 4.883 4.823 4.763 4.728 4.696 4.664 4.632 4.600 4.568 4.541 4.550 4.557 4.563 4.583 4.603 4.623 4.643 4.664 4.684 4.704 4.677 4.649 4.622 4.595 4.567 4.540
8.075 8.279 8.470 8.661 8.852 9.043 9.063 9.045 9.027 9.009 9.108 9.218 9.329 9.439 8.958 8.368 7.779 7.189 6.600 6.010 5.424 5.310 5.292 5.275 5.257 5.240 5.222 5.205 5.177 5.116 5.055 4.994 4.934 4.873 4.842 4.811 4.781 4.823 4.879 4.934 4.990 5.046 5.100 5.147 5.194 5.220 5.173 5.119 5.059 5.000 4.940 4.880 4.820 4.761 4.722 4.690 4.658 4.626 4.594 4.562 4.530 4.498 4.481 4.501 4.521 4.542 4.562 4.582 4.602 4.622 4.642 4.616 4.589 4.561 4.534 4.507 4.480
8.279 8.470 8.661 8.852 9.043 9.234 9.228 9.209 9.191 9.173 9.155 9.245 9.355 9.453 8.863 8.274 7.684 7.095 6.511 5.935 5.359 5.247 5.234 5.220 5.203 5.185 5.168 5.150 5.129 5.068 5.007 4.947 4.891 4.861 4.831 4.801 4.770 4.795 4.851 4.906 4.962 5.018 5.073 5.129 5.185 5.234 5.176 5.117 5.057 4.997 4.938 4.878 4.818 4.758 4.717 4.685 4.653 4.621 4.589 4.557 4.526 4.499 4.477 4.462 4.460 4.480 4.500 4.520 4.540 4.561 4.581 4.556 4.528 4.501 4.474 4.446 4.419
8.470 8.661 8.852 9.043 9.234 9.410 9.392 9.373 9.355 9.337 9.319 9.301 9.382 9.358 8.769 8.179 7.598 7.022 6.446 5.870 5.294 5.182 5.169 5.157 5.145 5.131 5.113 5.096 5.078 5.020 4.960 4.910 4.880 4.850 4.820 4.790 4.760 4.767 4.823 4.878 4.934 4.990 5.045 5.101 5.157 5.187 5.156 5.113 5.055 4.995 4.935 4.875 4.816 4.756 4.711 4.679 4.647 4.615 4.583 4.555 4.528 4.501 4.479 4.464 4.449 4.434 4.439 4.459 4.479 4.499 4.519 4.495 4.468 4.440 4.413 4.392 4.392
