includes/camargue/floodfiles/results_R2_t1.562608011066E12/res-0006.wd
ncols         906
nrows         631
xllcorner     362177.146667
yllcorner     6534725.688020
cellsize      20.000000
NODATA_value  -9999.000000
[rows 578 to 611 of 631, columns 308 to 384 of 906]
7.278 7.238 7.198 7.158 7.119 7.079 7.039 7.069 7.124 7.178 7.233 7.315 7.528 7.742 7.956 8.169 8.383 8.597 8.811 8.856 8.869 8.882 8.895 8.908 8.921 8.934 8.947 8.960 8.867 8.749 8.631 8.512 8.394 8.239 8.080 7.920 7.760 7.601 7.441 7.281 7.122 6.962 6.802 6.643 6.483 6.323 6.164 6.004 5.853 5.758 5.705 5.915 6.125 6.335 6.483 6.576 6.670 6.763 6.856 6.949 7.042 7.136 7.229 7.322 7.415 7.509 7.579 7.532 7.486 7.439 7.393 7.347 7.300 7.254 7.208 7.161 7.110
7.238 7.199 7.159 7.119 7.079 7.039 6.999 6.994 7.048 7.103 7.157 7.356 7.570 7.783 7.997 8.211 8.424 8.638 8.852 8.972 8.985 8.998 9.011 9.024 9.037 9.050 9.063 8.976 8.858 8.739 8.621 8.503 8.384 8.242 8.082 7.922 7.763 7.603 7.443 7.284 7.124 6.964 6.804 6.645 6.485 6.325 6.166 6.007 5.912 5.817 5.722 5.891 6.101 6.310 6.520 6.730 6.919 7.012 7.105 7.199 7.292 7.385 7.478 7.571 7.665 7.758 7.840 7.793 7.747 7.700 7.654 7.608 7.561 7.515 7.469 7.245 6.976
7.199 7.159 7.119 7.079 7.040 7.000 6.960 6.920 6.972 7.027 7.184 7.397 7.611 7.825 8.038 8.252 8.466 8.679 8.893 9.088 9.101 9.114 9.127 9.140 9.153 9.166 9.085 8.967 8.848 8.730 8.612 8.493 8.375 8.244 8.084 7.924 7.765 7.605 7.445 7.286 7.126 6.966 6.807 6.647 6.487 6.328 6.168 6.066 5.971 5.876 5.781 5.867 6.077 6.286 6.496 6.706 6.916 7.125 7.335 7.448 7.541 7.634 7.728 7.821 7.914 8.007 8.100 8.054 8.008 7.961 7.915 7.869 7.822 7.649 7.380 7.112 6.843
7.158 7.119 7.079 7.040 7.000 6.960 6.921 6.881 6.897 7.011 7.225 7.439 7.652 7.866 8.080 8.293 8.507 8.721 8.934 9.148 9.217 9.230 9.243 9.256 9.269 9.194 9.075 8.957 8.839 8.720 8.602 8.484 8.365 8.246 8.086 7.927 7.767 7.607 7.448 7.288 7.128 6.969 6.809 6.649 6.490 6.330 6.220 6.125 6.030 5.935 5.840 5.843 6.052 6.262 6.472 6.682 6.891 7.101 7.311 7.521 7.730 7.884 7.977 8.070 8.163 8.256 8.350 8.315 8.269 8.222 8.176 8.053 7.784 7.516 7.247 6.978 6.710
7.116 7.077 7.038 6.998 6.959 6.920 6.880 6.841 6.839 7.052 7.266 7.480 7.694 7.907 8.121 8.335 8.548 8.762 8.976 9.189 9.334 9.347 9.360 9.373 9.302 9.184 9.066 8.947 8.829 8.711 8.592 8.474 8.356 8.237 8.089 7.929 7.769 7.609 7.450 7.290 7.130 6.971 6.811 6.651 6.492 6.374 6.279 6.184 6.089 5.994 5.899 5.818 6.028 6.238 6.448 6.657 6.867 7.077 7.287 7.496 7.706 7.916 8.126 8.319 8.412 8.506 8.599 8.576 8.530 8.457 8.189 7.920 7.651 7.383 7.114 6.845 6.577
7.074 7.035 6.996 6.956 6.917 6.878 6.838 6.799 6.799 6.993 7.239 7.484 7.729 7.948 8.162 8.376 8.590 8.803 9.017 9.231 9.444 9.463 9.476 9.411 9.293 9.175 9.056 8.938 8.820 8.701 8.583 8.464 8.346 8.228 8.091 7.931 7.771 7.612 7.452 7.292 7.133 6.973 6.813 6.654 6.528 6.433 6.338 6.243 6.148 6.053 5.957 5.862 6.004 6.214 6.424 6.633 6.843 7.053 7.263 7.472 7.682 7.892 8.102 8.311 8.521 8.731 8.848 8.837 8.593 8.324 8.055 7.787 7.518 7.249 6.981 6.712 6.443
7.032 6.993 6.954 6.914 6.875 6.836 6.797 6.781 6.790 6.884 7.129 7.374 7.620 7.865 8.110 8.356 8.601 8.845 9.058 9.272 9.486 9.579 9.520 9.402 9.283 9.165 9.047 8.928 8.810 8.692 8.573 8.455 8.336 8.218 8.093 7.933 7.774 7.614 7.454 7.295 7.135 6.975 6.815 6.682 6.587 6.492 6.397 6.302 6.207 6.111 6.016 5.921 5.980 6.190 6.399 6.609 6.819 7.029 7.238 7.448 7.658 7.868 8.077 8.287 8.497 8.707 8.928 8.787 8.459 8.191 7.922 7.653 7.385 7.116 6.847 6.579 6.310
6.990 6.951 6.912 6.873 6.833 6.794 6.763 6.772 6.781 6.791 7.019 7.265 7.510 7.755 8.001 8.246 8.492 8.737 8.982 9.228 9.473 9.613 9.510 9.392 9.274 9.155 9.037 8.919 8.800 8.682 8.564 8.445 8.327 8.209 8.090 7.936 7.776 7.616 7.456 7.297 7.137 6.977 6.836 6.741 6.646 6.551 6.456 6.361 6.265 6.170 6.075 5.980 5.956 6.165 6.375 6.585 6.795 7.004 7.214 7.424 7.634 7.843 8.053 8.263 8.473 8.699 8.948 8.952 8.541 8.130 7.789 7.520 7.251 6.983 6.714 6.445 6.177
6.949 6.909 6.870 6.831 6.791 6.752 6.754 6.763 6.773 6.782 6.910 7.155 7.400 7.646 7.891 8.137 8.382 8.627 8.873 9.118 9.285 9.386 9.363 9.341 9.264 9.146 9.028 8.909 8.791 8.672 8.554 8.436 8.317 8.199 8.081 7.938 7.778 7.618 7.459 7.299 7.139 6.990 6.895 6.800 6.705 6.610 6.515 6.419 6.324 6.229 6.134 6.039 5.944 6.141 6.351 6.561 6.771 6.980 7.190 7.400 7.610 7.819 8.029 8.239 8.469 8.718 8.967 9.116 8.705 8.294 7.883 7.473 7.118 6.849 6.581 6.312 6.043
6.907 6.867 6.828 6.789 6.749 6.736 6.745 6.755 6.764 6.773 6.800 7.045 7.291 7.536 7.781 8.027 8.272 8.518 8.763 8.912 9.048 9.159 9.137 9.114 9.092 9.069 9.018 8.900 8.781 8.663 8.545 8.426 8.308 8.189 8.071 7.940 7.780 7.620 7.461 7.301 7.144 7.049 6.954 6.859 6.764 6.669 6.573 6.478 6.383 6.288 6.193 6.098 6.003 6.117 6.327 6.537 6.746 6.956 7.166 7.376 7.585 7.795 8.005 8.239 8.488 8.737 8.986 9.236 8.870 8.459 8.048 7.637 7.226 6.815 6.447 6.179 5.910
6.865 6.826 6.786 6.747 6.718 6.727 6.737 6.746 6.755 6.765 6.774 6.936 7.181 7.426 7.672 7.917 8.163 8.403 8.539 8.675 8.810 8.932 8.910 8.887 8.865 8.842 8.820 8.797 8.772 8.653 8.535 8.417 8.298 8.180 8.062 7.942 7.782 7.623 7.463 7.303 7.203 7.108 7.013 6.918 6.823 6.727 6.632 6.537 6.442 6.347 6.252 6.157 6.061 6.093 6.303 6.512 6.722 6.932 7.142 7.351 7.561 7.771 8.010 8.259 8.508 8.757 9.006 9.255 9.034 8.623 8.212 7.802 7.391 6.980 6.569 6.158 5.777
6.823 6.784 6.744 6.705 6.709 6.719 6.728 6.737 6.747 6.756 6.766 6.826 7.071 7.317 7.562 7.808 8.030 8.166 8.301 8.437 8.573 8.706 8.683 8.661 8.638 8.616 8.593 8.571 8.548 8.526 8.503 8.407 8.289 8.170 8.052 7.934 7.785 7.625 7.465 7.357 7.262 7.167 7.072 6.976 6.881 6.786 6.691 6.596 6.501 6.406 6.311 6.215 6.120 6.069 6.279 6.488 6.698 6.908 7.118 7.327 7.537 7.780 8.029 8.278 8.527 8.776 9.025 9.274 9.199 8.788 8.377 7.966 7.555 7.144 6.733 6.322 5.911
6.781 6.742 6.702 6.691 6.701 6.710 6.719 6.729 6.738 6.748 6.757 6.766 6.962 7.207 7.453 7.657 7.792 7.928 8.064 8.200 8.336 8.472 8.456 8.434 8.411 8.389 8.366 8.344 8.321 8.299 8.276 8.254 8.231 8.161 8.042 7.924 7.787 7.627 7.511 7.416 7.321 7.226 7.131 7.035 6.940 6.845 6.750 6.655 6.560 6.465 6.369 6.274 6.179 6.084 6.254 6.464 6.674 6.884 7.093 7.303 7.550 7.799 8.048 8.297 8.546 8.795 9.044 9.293 9.363 8.952 8.541 8.130 7.720 7.309 6.898 6.487 6.076
6.739 6.700 6.673 6.683 6.692 6.701 6.711 6.720 6.729 6.739 6.748 6.758 6.852 7.097 7.283 7.419 7.555 7.691 7.827 7.962 8.098 8.234 8.230 8.207 8.185 8.162 8.140 8.117 8.095 8.072 8.050 8.027 8.005 7.982 7.960 7.915 7.789 7.665 7.570 7.475 7.380 7.285 7.189 7.094 6.999 6.904 6.809 6.714 6.619 6.523 6.428 6.333 6.238 6.143 6.230 6.440 6.650 6.859 7.071 7.320 7.569 7.819 8.068 8.317 8.566 8.815 9.064 9.313 9.528 9.117 8.706 8.295 7.884 7.473 7.062 6.651 6.240
6.697 6.658 6.665 6.674 6.683 6.693 6.702 6.711 6.721 6.730 6.740 6.749 6.758 6.910 7.046 7.182 7.318 7.453 7.589 7.725 7.861 7.997 8.003 7.980 7.958 7.935 7.913 7.890 7.868 7.845 7.823 7.801 7.778 7.756 7.733 7.721 7.806 7.764 7.649 7.535 7.439 7.343 7.248 7.153 7.058 6.963 6.868 6.773 6.677 6.582 6.487 6.392 6.297 6.202 6.206 6.416 6.626 6.842 7.091 7.340 7.589 7.838 8.087 8.336 8.585 8.834 9.083 9.332 9.581 9.281 8.870 8.459 8.049 7.638 7.227 6.816 6.454
6.655 6.647 6.656 6.665 6.675 6.684 6.694 6.704 6.714 6.725 6.735 6.745 6.756 6.757 6.809 6.944 7.080 7.216 7.352 7.488 7.623 7.759 7.776 7.754 7.731 7.709 7.686 7.664 7.641 7.619 7.596 7.574 7.551 7.571 7.631 7.690 7.823 7.951 7.836 7.722 7.607 7.493 7.379 7.264 7.150 7.035 6.927 6.831 6.736 6.641 6.546 6.451 6.356 6.261 6.182 6.392 6.612 6.861 7.110 7.359 7.608 7.857 8.106 8.355 8.604 8.853 9.102 9.351 9.600 9.446 9.035 8.624 8.213 7.802 7.391 7.027 6.723
6.628 6.641 6.651 6.661 6.672 6.682 6.692 6.703 6.713 6.724 6.734 6.744 6.753 6.754 6.754 6.755 6.843 6.979 7.115 7.250 7.386 7.522 7.549 7.527 7.504 7.482 7.459 7.437 7.414 7.392 7.369 7.421 7.481 7.540 7.599 7.659 7.841 8.030 8.023 7.909 7.794 7.680 7.566 7.451 7.337 7.222 7.108 6.993 6.879 6.765 6.650 6.536 6.421 6.319 6.224 6.382 6.631 6.880 7.129 7.378 7.627 7.876 8.125 8.374 8.624 8.873 9.122 9.371 9.620 9.610 9.199 8.788 8.377 7.967 7.600 7.296 6.991
6.564 6.624 6.650 6.660 6.670 6.681 6.691 6.702 6.712 6.722 6.733 6.743 6.751 6.752 6.752 6.752 6.753 6.753 6.877 7.013 7.149 7.284 7.323 7.300 7.278 7.255 7.233 7.210 7.212 7.271 7.331 7.390 7.449 7.509 7.568 7.669 7.858 8.047 8.210 8.096 7.981 7.867 7.753 7.638 7.524 7.409 7.295 7.180 7.066 6.952 6.837 6.723 6.608 6.494 6.341 6.310 6.603 6.896 7.149 7.398 7.647 7.896 8.145 8.394 8.643 8.892 9.141 9.390 9.639 9.775 9.364 8.953 8.542 8.173 7.869 7.564 7.260
6.499 6.559 6.619 6.659 6.669 6.680 6.690 6.700 6.711 6.721 6.731 6.742 6.748 6.749 6.749 6.750 6.750 6.751 6.751 6.775 6.911 7.047 7.096 7.074 7.051 7.029 7.062 7.121 7.181 7.240 7.299 7.359 7.418 7.477 7.537 7.686 7.875 8.064 8.253 8.283 8.168 8.054 7.939 7.825 7.711 7.596 7.482 7.367 7.253 7.139 7.024 6.910 6.795 6.681 6.404 6.157 6.450 6.742 7.035 7.328 7.621 7.913 8.164 8.413 8.662 8.911 9.160 9.409 9.658 9.907 9.528 9.117 8.746 8.442 8.138 7.833 7.529
6.435 6.495 6.555 6.615 6.668 6.678 6.689 6.699 6.709 6.720 6.730 6.741 6.746 6.746 6.747 6.747 6.748 6.748 6.749 6.749 6.750 6.810 6.869 6.853 6.912 6.971 7.031 7.090 7.149 7.209 7.268 7.327 7.387 7.446 7.514 7.703 7.892 8.081 8.270 8.459 8.355 8.241 8.126 8.012 7.898 7.783 7.669 7.554 7.440 7.325 7.211 7.097 6.982 6.745 6.467 6.189 6.296 6.589 6.882 7.174 7.467 7.760 8.053 8.346 8.638 8.930 9.179 9.428 9.677 9.927 9.693 9.320 9.015 8.711 8.406 8.102 7.798
6.371 6.431 6.491 6.551 6.611 6.671 6.688 6.698 6.708 6.719 6.729 6.739 6.743 6.744 6.744 6.745 6.745 6.746 6.746 6.747 6.747 6.755 6.762 6.821 6.881 6.940 6.999 7.059 7.118 7.177 7.237 7.296 7.355 7.415 7.531 7.720 7.909 8.098 8.287 8.476 8.542 8.428 8.313 8.199 8.085 7.970 7.856 7.741 7.627 7.512 7.398 7.284 7.086 6.808 6.530 6.252 6.143 6.436 6.728 7.021 7.314 7.607 7.900 8.192 8.485 8.778 9.070 9.363 9.656 9.946 9.893 9.588 9.284 8.980 8.675 8.371 8.066
6.307 6.367 6.427 6.487 6.547 6.607 6.667 6.697 6.707 6.717 6.728 6.738 6.741 6.741 6.742 6.742 6.743 6.743 6.744 6.756 6.775 6.794 6.793 6.790 6.849 6.909 6.968 7.028 7.087 7.146 7.205 7.265 7.324 7.383 7.548 7.737 7.927 8.116 8.305 8.494 8.683 8.615 8.500 8.386 8.271 8.157 8.043 7.928 7.814 7.699 7.585 7.428 7.149 6.871 6.593 6.315 6.036 6.282 6.575 6.868 7.161 7.453 7.746 8.039 8.332 8.624 8.917 9.210 9.503 9.769 9.869 9.636 9.403 9.170 8.936 8.640 8.335
6.243 6.303 6.363 6.423 6.483 6.543 6.603 6.663 6.706 6.716 6.727 6.737 6.738 6.739 6.739 6.740 6.740 6.756 6.775 6.795 6.814 6.833 6.826 6.817 6.818 6.877 6.937 6.996 7.055 7.115 7.174 7.234 7.293 7.377 7.566 7.755 7.944 8.133 8.322 8.511 8.700 8.802 8.687 8.573 8.458 8.344 8.230 8.115 8.001 7.886 7.769 7.491 7.212 6.934 6.656 6.378 6.099 6.129 6.422 6.715 7.007 7.300 7.593 7.886 8.178 8.471 8.764 9.057 9.342 9.505 9.669 9.522 9.289 9.056 8.822 8.589 8.356
6.178 6.238 6.298 6.358 6.418 6.478 6.538 6.598 6.658 6.715 6.725 6.735 6.736 6.736 6.737 6.757 6.776 6.795 6.814 6.834 6.853 6.869 6.860 6.851 6.842 6.846 6.905 6.965 7.024 7.083 7.143 7.202 7.261 7.394 7.583 7.772 7.961 8.150 8.339 8.528 8.717 8.906 8.874 8.760 8.645 8.531 8.417 8.302 8.188 8.073 7.832 7.554 7.275 6.997 6.719 6.441 6.162 5.976 6.269 6.561 6.854 7.147 7.440 7.732 8.025 8.318 8.611 8.903 9.078 9.242 9.406 9.408 9.175 8.941 8.708 8.475 8.242
6.114 6.174 6.234 6.294 6.354 6.414 6.474 6.534 6.594 6.654 6.714 6.733 6.738 6.757 6.776 6.796 6.815 6.834 6.853 6.873 6.892 6.902 6.893 6.884 6.875 6.866 6.874 6.933 6.993 7.052 7.111 7.171 7.230 7.411 7.600 7.789 7.978 8.167 8.356 8.545 8.734 8.923 9.061 8.947 8.832 8.718 8.603 8.489 8.375 8.173 7.895 7.617 7.338 7.060 6.782 6.504 6.225 5.947 6.115 6.408 6.701 6.994 7.286 7.579 7.872 8.165 8.457 8.651 8.815 8.978 9.142 9.294 9.061 8.827 8.594 8.361 8.128
6.050 6.110 6.170 6.230 6.290 6.350 6.410 6.470 6.530 6.590 6.650 6.716 6.777 6.796 6.815 6.835 6.854 6.873 6.892 6.912 6.931 6.935 6.926 6.918 6.909 6.900 6.891 6.902 6.962 7.021 7.080 7.140 7.239 7.428 7.617 7.806 7.995 8.184 8.373 8.562 8.751 8.940 9.129 9.134 9.019 8.905 8.790 8.676 8.515 8.236 7.958 7.680 7.402 7.123 6.845 6.567 6.288 6.010 5.962 6.255 6.548 6.840 7.133 7.426 7.719 8.011 8.224 8.387 8.551 8.715 8.879 9.043 8.947 8.713 8.480 8.247 8.013
5.986 6.046 6.106 6.166 6.226 6.286 6.346 6.406 6.466 6.528 6.591 6.655 6.735 6.815 6.854 6.874 6.893 6.912 6.931 6.951 6.970 6.969 6.960 6.951 6.942 6.933 6.924 6.915 6.930 6.989 7.049 7.108 7.256 7.445 7.634 7.823 8.012 8.201 8.390 8.579 8.768 8.957 9.146 9.321 9.206 9.092 8.977 8.856 8.578 8.299 8.021 7.743 7.465 7.186 6.908 6.630 6.351 6.073 5.809 6.101 6.394 6.687 6.980 7.273 7.565 7.797 7.960 8.124 8.288 8.452 8.615 8.779 8.832 8.599 8.366 8.133 7.899
5.922 5.982 6.042 6.102 6.162 6.222 6.282 6.343 6.405 6.468 6.531 6.594 6.674 6.754 6.834 6.913 6.932 6.951 6.970 6.989 7.009 7.002 6.993 6.984 6.975 6.966 6.957 6.949 6.940 6.958 7.017 7.085 7.274 7.463 7.652 7.841 8.030 8.219 8.408 8.597 8.786 8.975 9.164 9.353 9.393 9.279 9.164 8.919 8.641 8.362 8.084 7.806 7.528 7.249 6.971 6.693 6.414 6.136 5.858 5.948 6.241 6.534 6.826 7.119 7.369 7.533 7.697 7.861 8.024 8.188 8.352 8.516 8.680 8.485 8.252 8.019 7.785
5.857 5.917 5.977 6.037 6.097 6.158 6.220 6.283 6.346 6.408 6.471 6.534 6.613 6.693 6.773 6.853 6.933 6.990 7.009 7.028 7.044 7.035 7.027 7.018 7.009 7.000 6.991 6.982 6.973 6.964 6.986 7.102 7.291 7.480 7.669 7.858 8.047 8.236 8.425 8.614 8.803 8.992 9.181 9.370 9.559 9.466 9.260 8.982 8.704 8.426 8.147 7.869 7.591 7.312 7.034 6.756 6.477 6.199 5.921 5.795 6.088 6.380 6.673 6.942 7.106 7.270 7.433 7.597 7.761 7.925 8.089 8.252 8.416 8.371 8.138 7.904 7.671
5.793 5.853 5.913 5.973 6.035 6.098 6.161 6.223 6.286 6.349 6.411 6.474 6.552 6.632 6.712 6.792 6.872 6.952 7.032 7.067 7.078 7.069 7.060 7.051 7.042 7.033 7.024 7.015 7.005 6.991 6.977 7.096 7.287 7.478 7.669 7.860 8.051 8.242 8.433 8.624 8.815 9.006 9.197 9.387 9.576 9.602 9.323 9.045 8.767 8.489 8.210 7.932 7.654 7.375 7.097 6.819 6.541 6.262 5.984 5.706 5.934 6.227 6.515 6.679 6.842 7.006 7.170 7.334 7.498 7.661 7.825 7.989 8.153 8.257 8.024 7.790 7.557
5.729 5.789 5.850 5.913 5.976 6.038 6.101 6.164 6.226 6.289 6.351 6.414 6.491 6.571 6.651 6.731 6.811 6.891 6.971 7.051 7.095 7.081 7.066 7.052 7.037 7.023 7.009 6.994 6.980 6.965 6.968 7.005 7.196 7.387 7.578 7.769 7.960 8.151 8.342 8.533 8.724 8.915 9.106 9.297 9.488 9.742 9.487 9.189 8.891 8.593 8.295 7.997 7.717 7.438 7.160 6.882 6.604 6.325 6.047 5.769 5.781 6.074 6.251 6.415 6.579 6.743 6.907 7.070 7.234 7.398 7.562 7.725 7.889 8.053 7.910 7.676 7.443
5.673 5.728 5.791 5.853 5.916 5.978 6.041 6.104 6.166 6.229 6.292 6.354 6.430 6.510 6.590 6.670 6.750 6.830 6.910 6.989 7.067 7.055 7.040 7.026 7.012 6.997 6.983 6.968 6.954 6.944 6.963 6.982 7.105 7.296 7.487 7.678 7.869 8.060 8.251 8.442 8.633 8.824 9.015 9.206 9.439 9.693 9.683 9.385 9.087 8.789 8.491 8.193 7.896 7.598 7.300 7.002 6.704 6.406 6.110 5.832 5.628 5.824 5.988 6.152 6.316 6.479 6.643 6.807 6.971 7.134 7.298 7.462 7.626 7.790 7.796 7.562 7.329
5.660 5.699 5.739 5.793 5.856 5.919 5.981 6.044 6.107 6.169 6.232 6.295 6.369 6.449 6.529 6.609 6.689 6.769 6.848 6.926 7.004 7.029 7.015 7.000 6.986 6.972 6.957 6.943 6.928 6.939 6.958 6.977 7.014 7.205 7.396 7.587 7.778 7.969 8.160 8.351 8.542 8.733 8.924 9.136 9.390 9.645 9.879 9.581 9.283 8.985 8.688 8.389 8.092 7.794 7.496 7.198 6.900 6.602 6.304 6.006 5.770 5.784 5.872 5.961 6.052 6.216 6.380 6.543 6.707 6.871 7.035 7.199 7.362 7.526 7.681 7.448 7.215
5.648 5.686 5.726 5.765 5.805 5.859 5.922 5.984 6.047 6.109 6.172 6.235 6.309 6.389 6.469 6.549 6.628 6.706 6.784 6.863 6.941 7.003 6.989 6.975 6.960 6.946 6.931 6.917 6.916 6.935 6.954 6.972 6.991 7.114 7.305 7.496 7.687 7.878 8.069 8.260 8.451 8.642 8.833 9.087 9.342 9.596 9.851 9.777 9.479 9.181 8.884 8.586 8.288 7.990 7.692 7.394 7.096 6.798 6.500 6.237 6.054 5.953 6.042 6.131 6.220 6.309 6.397 6.486 6.575 6.664 6.771 6.935 7.099 7.263 7.426 7.334 7.255
