includes/camargue/floodfiles/results_R2_t1.562608011066E12/res-0013.wdfp
ncols         906
nrows         631
xllcorner     362177.146667
yllcorner     6534725.688020
cellsize      20.000000
NODATA_value  -9999.000000
[rows 408 to 441 of 631, columns 0 to 76 of 906]
3.520 3.320 3.159 3.389 3.522 3.399 3.277 3.154 3.031 2.909 2.786 3.018 3.264 3.553 3.842 4.131 4.419 4.712 5.083 5.455 5.826 6.197 6.568 6.804 6.994 7.184 7.378 7.575 7.772 7.969 8.166 8.316 8.465 8.614 8.613 8.515 8.170 7.346 6.522 5.699 4.875 4.052 3.348 2.908 2.468 2.028 1.588 0.000 0.000 0.000 0.000 0.000 0.000 0.000 0.000 0.042 0.192 0.292 0.142 0.042 0.000 0.000 0.000 0.225 0.085 0.575 0.205 0.001 0.002 0.001 0.002 0.089 0.000 0.000 0.000 0.000 0.000
3.711 3.511 3.311 3.287 3.196 3.073 2.951 2.828 2.705 2.583 2.481 2.559 2.847 3.136 3.425 3.714 4.002 4.302 4.673 5.045 5.416 5.787 6.158 6.529 6.812 7.002 7.197 7.394 7.574 7.723 7.872 8.021 8.169 8.318 8.280 8.183 8.086 7.988 7.184 6.360 5.537 4.713 4.053 3.613 3.173 2.733 2.293 1.853 1.413 0.000 0.000 0.000 0.000 0.000 0.000 0.000 0.132 0.462 0.302 0.142 0.092 0.000 0.062 0.000 0.000 0.235 0.000 0.002 0.000 0.000 0.049 0.069 0.179 0.139 0.000 0.000 0.000
3.870 3.665 3.459 3.301 3.208 3.114 3.021 2.927 2.833 2.740 2.646 2.533 2.430 2.719 3.008 3.297 3.585 3.892 4.263 4.635 5.006 5.377 5.748 6.119 6.491 6.820 6.981 7.129 7.278 7.427 7.576 7.725 7.873 8.022 7.948 7.850 7.753 7.656 7.558 7.022 6.198 5.375 4.759 4.319 3.879 3.439 2.999 2.590 2.188 1.786 0.000 0.000 0.000 0.000 0.000 0.000 0.372 0.602 0.292 0.442 0.242 0.000 0.012 0.002 0.000 0.415 0.000 0.149 0.339 0.059 0.209 0.199 0.259 0.000 0.000 0.000 0.221
3.984 3.779 3.573 3.463 3.372 3.279 3.185 3.092 2.998 2.904 2.806 2.691 2.575 2.460 2.591 2.880 3.168 3.482 3.853 4.225 4.596 4.967 5.338 5.682 5.992 6.312 6.668 6.833 6.982 7.131 7.280 7.429 7.577 7.713 7.615 7.518 7.421 7.323 7.226 7.129 6.860 6.036 5.464 5.024 4.593 4.191 3.789 3.387 2.985 2.583 2.178 0.000 0.000 0.000 0.000 0.000 0.000 0.482 0.222 0.362 0.212 0.042 0.000 0.000 0.000 0.145 0.000 0.000 0.002 0.189 0.209 0.179 0.199 0.169 0.139 0.000 0.351
4.098 3.893 3.716 3.625 3.534 3.443 3.350 3.256 3.163 3.069 2.964 2.848 2.733 2.617 2.502 2.463 2.751 3.072 3.443 3.815 4.173 4.483 4.793 5.104 5.414 5.742 6.098 6.453 6.686 6.835 6.984 7.133 7.282 7.380 7.283 7.185 7.088 6.991 6.893 6.796 6.699 6.601 6.193 5.791 5.389 4.987 4.585 4.184 3.782 3.380 2.901 1.973 0.000 0.000 0.000 0.000 0.000 0.000 0.322 0.502 0.402 0.000 0.000 0.130 0.000 0.000 0.159 0.000 0.269 0.449 0.209 0.000 0.000 0.399 0.000 0.239 0.000
4.213 4.007 3.878 3.788 3.697 3.606 3.515 3.421 3.327 3.234 3.121 3.006 2.891 2.775 2.660 2.544 2.429 2.662 2.974 3.285 3.595 3.905 4.215 4.526 4.836 5.172 5.527 5.883 6.239 6.539 6.688 6.837 6.986 7.048 6.950 6.853 6.756 6.658 6.561 6.472 6.452 6.431 6.692 6.588 6.186 5.784 5.382 4.980 4.578 4.176 3.623 2.695 1.767 0.838 0.000 0.000 0.000 0.000 0.000 0.272 0.192 0.030 0.029 0.160 0.120 0.059 0.219 0.000 0.329 0.539 0.000 0.679 0.639 0.639 0.619 0.769 0.179
4.327 4.132 4.041 3.950 3.859 3.768 3.677 3.585 3.492 3.394 3.279 3.164 3.048 2.933 2.815 2.685 2.556 2.356 2.397 2.707 3.017 3.327 3.637 3.948 4.258 4.602 4.957 5.313 5.669 6.024 6.380 6.541 6.690 6.715 6.618 6.520 6.423 6.373 6.352 6.332 6.311 6.314 6.599 6.884 6.983 6.581 6.179 5.777 5.375 4.973 4.345 3.417 2.489 1.560 0.000 0.000 0.000 0.000 0.000 0.000 0.000 0.000 0.250 0.170 0.069 0.309 0.209 0.249 0.299 0.000 0.000 0.769 0.509 0.199 0.799 0.699 0.000
4.440 4.294 4.203 4.112 4.021 3.930 3.839 3.748 3.656 3.552 3.437 3.314 3.185 3.055 2.926 2.796 2.667 2.444 2.211 2.129 2.439 2.749 3.059 3.370 3.680 4.032 4.387 4.743 5.099 5.454 5.810 6.166 6.394 6.383 6.294 6.273 6.253 6.232 6.212 6.192 6.171 6.221 6.506 6.791 7.076 7.361 6.975 6.574 6.172 5.770 5.068 4.139 3.211 2.283 1.354 0.426 0.000 0.000 0.000 0.000 0.000 0.422 0.000 0.129 0.409 0.059 0.439 0.269 0.209 0.369 0.519 0.859 0.629 0.789 0.000 0.659 0.879
4.554 4.456 4.365 4.274 4.183 4.092 4.001 3.908 3.814 3.684 3.555 3.425 3.296 3.167 3.037 2.908 2.766 2.533 2.299 2.065 1.861 2.171 2.482 2.792 3.106 3.462 3.817 4.173 4.529 4.884 5.240 5.595 6.003 6.174 6.153 6.133 6.112 6.092 6.072 6.051 6.031 6.128 6.412 6.697 6.982 7.267 7.552 7.370 6.968 6.566 5.790 4.862 3.933 3.005 2.077 1.288 0.507 0.000 0.000 0.000 0.000 0.000 0.559 0.299 0.389 0.249 0.000 0.459 0.189 0.469 0.669 0.689 0.709 0.769 0.699 0.000 0.849
4.709 4.617 4.523 4.429 4.335 4.241 4.147 4.053 3.954 3.808 3.666 3.537 3.407 3.278 3.148 3.019 2.854 2.621 2.387 2.154 1.920 1.686 1.904 2.214 2.536 2.892 3.247 3.603 3.958 4.350 4.779 5.209 5.638 5.832 6.013 5.992 5.972 5.952 5.931 5.911 5.890 6.034 6.319 6.604 6.889 7.174 7.459 7.744 7.765 7.363 6.512 5.584 4.714 3.933 3.153 2.373 1.592 0.000 0.000 0.000 0.000 0.000 0.000 0.869 0.069 0.139 0.489 0.439 0.349 0.559 0.659 0.709 0.729 0.819 0.589 0.659 0.979
4.858 4.762 4.668 4.574 4.480 4.386 4.292 4.198 4.083 3.937 3.791 3.648 3.518 3.389 3.259 3.130 2.943 2.709 2.475 2.242 2.008 1.775 1.541 1.636 1.966 2.321 2.697 3.126 3.556 3.985 4.415 4.844 5.234 5.425 5.616 5.807 5.832 5.811 5.791 5.771 5.750 5.941 6.226 6.511 6.796 7.081 7.366 7.651 7.935 8.160 7.359 6.579 5.798 5.018 4.238 3.457 2.677 1.897 1.094 0.000 0.000 0.000 0.000 0.000 0.699 0.449 0.000 0.399 0.439 0.569 0.619 0.629 0.709 0.789 0.729 0.599 0.939
5.009 4.909 4.813 4.719 4.625 4.531 4.437 4.343 4.211 4.066 3.920 3.774 3.629 3.500 3.370 3.241 3.031 2.797 2.564 2.330 2.096 1.863 1.629 1.400 1.473 1.903 2.332 2.761 3.191 3.620 4.050 4.479 4.826 5.017 5.209 5.400 5.591 5.671 5.651 5.630 5.610 5.848 6.133 6.418 6.703 6.987 7.272 7.512 7.695 7.906 8.265 7.664 6.883 6.103 5.323 4.542 3.762 2.982 2.162 0.000 0.000 0.000 0.000 0.000 0.000 0.869 0.479 0.349 0.459 0.509 0.539 0.599 0.679 0.679 0.479 0.489 0.879
5.160 5.060 4.960 4.864 4.770 4.676 4.582 4.486 4.340 4.195 4.049 3.903 3.757 3.611 3.482 3.352 3.119 2.885 2.652 2.418 2.198 2.003 1.807 1.612 1.520 1.538 1.967 2.397 2.826 3.256 3.685 4.114 4.419 4.610 4.801 4.992 5.183 5.374 5.510 5.490 5.469 5.754 6.039 6.324 6.602 6.786 6.970 7.153 7.337 7.575 7.934 8.293 7.968 7.188 6.408 5.627 4.847 4.067 3.230 2.338 0.000 0.000 0.000 0.000 0.000 0.000 0.000 0.459 0.349 0.449 0.479 0.559 0.559 0.409 0.499 0.519 0.619
5.311 5.211 5.111 5.010 4.915 4.821 4.727 4.615 4.469 4.324 4.178 4.032 3.886 3.740 3.594 3.441 3.207 2.996 2.800 2.605 2.410 2.214 2.019 1.829 1.758 1.687 1.616 2.032 2.461 2.891 3.320 3.750 4.011 4.202 4.394 4.585 4.776 4.967 5.158 5.349 5.376 5.661 5.877 6.060 6.244 6.427 6.611 6.795 6.978 7.245 7.604 7.963 8.322 8.273 7.493 6.712 5.932 5.152 4.298 3.406 2.515 1.624 0.000 0.000 0.000 0.000 0.000 0.000 0.449 0.459 0.000 0.439 0.429 0.469 0.489 0.469 0.499
5.462 5.362 5.262 5.161 5.061 4.966 4.872 4.744 4.599 4.453 4.307 4.161 4.015 3.870 3.733 3.590 3.403 3.207 3.012 2.817 2.621 2.426 2.231 2.067 1.996 1.925 1.854 1.783 2.097 2.526 2.955 3.385 3.604 3.795 3.986 4.177 4.368 4.560 4.751 4.985 5.194 5.334 5.518 5.702 5.885 6.069 6.253 6.436 6.620 6.914 7.273 7.632 7.991 8.350 8.578 7.797 7.017 6.237 5.366 4.474 3.583 2.691 1.800 0.000 0.000 0.000 0.000 0.000 0.000 0.509 0.489 0.459 0.299 0.339 0.319 0.279 0.299
5.613 5.513 5.412 5.312 5.212 5.112 5.017 4.873 4.728 4.583 4.446 4.308 4.171 4.033 3.896 3.750 3.601 3.419 3.224 3.028 2.833 2.638 2.442 2.305 2.234 2.163 2.092 2.021 1.950 2.161 2.591 3.005 3.196 3.388 3.579 3.770 3.987 4.288 4.589 4.890 5.046 5.057 5.160 5.343 5.527 5.710 5.894 6.078 6.261 6.584 6.943 7.302 7.661 8.020 8.379 8.737 8.102 7.322 6.434 5.542 4.651 3.471 2.251 1.030 0.064 0.129 0.084 0.000 0.000 0.000 0.399 0.509 0.479 0.469 0.429 0.079 0.219
5.763 5.663 5.563 5.463 5.363 5.251 5.151 5.021 4.884 4.746 4.608 4.471 4.333 4.196 4.059 3.910 3.761 3.611 3.435 3.240 3.045 2.849 2.654 2.544 2.472 2.401 2.330 2.259 2.188 2.117 2.226 2.598 2.789 2.989 3.290 3.591 3.892 4.193 4.494 4.796 4.899 4.909 4.920 4.985 5.168 5.352 5.536 5.719 5.903 6.253 6.612 6.971 7.330 7.689 8.048 8.407 8.766 8.393 7.404 6.184 4.964 3.744 2.524 1.303 0.095 0.000 0.327 0.228 0.000 0.000 0.000 0.171 0.559 0.002 0.479 0.319 0.229
5.902 5.777 5.651 5.525 5.400 5.274 5.203 5.173 5.046 4.909 4.771 4.634 4.496 4.359 4.219 4.070 3.920 3.771 3.622 3.452 3.257 3.061 2.866 2.782 2.711 2.639 2.568 2.497 2.426 2.355 2.284 2.292 2.593 2.894 3.195 3.496 3.798 4.099 4.400 4.701 4.751 4.762 4.772 4.783 4.810 4.993 5.177 5.361 5.564 5.923 6.282 6.641 7.000 7.359 7.718 8.077 8.429 8.525 7.678 6.457 5.237 4.017 2.797 1.577 0.356 0.000 0.749 0.639 0.101 0.043 0.040 0.041 0.000 0.519 0.529 0.539 0.459
5.925 5.799 5.674 5.548 5.422 5.297 5.254 5.224 5.195 5.072 4.934 4.797 4.659 4.522 4.378 4.229 4.080 3.931 3.782 3.633 3.468 3.273 3.091 3.020 2.949 2.878 2.807 2.729 2.623 2.516 2.409 2.422 2.503 2.800 3.100 3.402 3.703 4.004 4.305 4.593 4.604 4.614 4.625 4.635 4.646 4.657 4.818 5.002 5.233 5.592 5.951 6.310 6.669 7.024 7.375 7.727 8.078 8.033 7.455 6.730 5.510 4.290 3.070 1.850 0.629 0.000 0.000 0.789 0.391 0.315 0.328 0.063 0.000 0.000 0.489 0.569 0.000
5.948 5.822 5.697 5.571 5.445 5.335 5.305 5.276 5.246 5.216 5.097 4.959 4.822 4.684 4.538 4.389 4.240 4.091 3.942 3.793 3.643 3.485 3.329 3.258 3.174 3.068 2.961 2.854 2.747 2.641 2.534 2.586 2.667 2.749 3.006 3.307 3.608 3.909 4.210 4.446 4.456 4.467 4.478 4.488 4.499 4.509 4.520 4.644 4.903 5.262 5.619 5.970 6.322 6.673 7.025 7.376 7.727 7.540 6.963 6.386 5.783 4.563 3.343 2.123 0.902 0.000 0.000 0.000 0.000 0.000 0.000 0.000 0.000 0.000 0.000 0.599 0.499
5.971 5.845 5.719 5.594 5.468 5.387 5.357 5.327 5.297 5.268 5.238 5.122 4.985 4.847 4.698 4.549 4.400 4.251 4.102 3.952 3.803 3.652 3.513 3.406 3.299 3.193 3.086 2.979 2.872 2.765 2.668 2.749 2.831 2.913 2.995 3.212 3.513 3.814 4.115 4.298 4.309 4.319 4.330 4.341 4.351 4.362 4.372 4.383 4.566 4.917 5.268 5.620 5.971 6.322 6.674 7.025 7.376 7.048 6.470 5.893 5.316 4.738 3.616 2.396 1.175 0.000 0.000 0.000 0.000 0.000 0.000 0.000 0.281 0.351 0.000 0.000 0.569
5.993 5.868 5.742 5.616 5.491 5.438 5.408 5.378 5.349 5.319 5.289 5.259 5.148 5.007 4.858 4.709 4.560 4.410 4.258 4.106 3.955 3.803 3.665 3.532 3.424 3.317 3.211 3.104 2.997 2.890 2.832 2.913 2.995 3.077 3.158 3.240 3.418 3.719 4.020 4.151 4.162 4.172 4.183 4.193 4.204 4.210 4.215 4.221 4.352 4.566 4.917 5.269 5.620 5.972 6.323 6.674 7.026 6.555 5.978 5.400 4.823 4.246 3.668 2.669 1.448 0.247 0.127 0.001 0.000 0.000 0.000 0.000 0.000 0.191 0.000 0.011 0.000
5.892 5.891 5.765 5.639 5.519 5.489 5.460 5.430 5.400 5.370 5.341 5.311 5.281 5.167 5.015 4.864 4.712 4.560 4.408 4.257 4.105 3.953 3.820 3.687 3.554 3.442 3.335 3.228 3.122 3.015 2.996 3.077 3.159 3.241 3.322 3.404 3.486 3.624 3.925 4.004 4.014 4.025 4.031 4.037 4.042 4.048 4.053 4.058 4.218 4.386 4.567 4.918 5.269 5.621 5.972 6.323 6.640 6.063 5.485 4.908 4.330 3.753 3.176 2.598 1.722 0.673 0.553 0.433 0.201 0.000 0.000 0.000 0.455 0.000 0.242 0.000 0.018
5.785 5.794 5.788 5.662 5.570 5.541 5.511 5.481 5.451 5.422 5.368 5.314 5.260 5.260 5.166 5.014 4.862 4.711 4.559 4.407 4.255 4.108 3.975 3.842 3.708 3.575 3.460 3.353 3.247 3.140 3.160 3.241 3.323 3.405 3.486 3.568 3.650 3.732 3.830 3.853 3.858 3.863 3.869 3.874 3.880 3.885 3.891 3.916 4.084 4.252 4.421 4.589 4.919 5.270 5.621 5.973 6.148 5.570 4.993 4.415 3.838 3.260 2.683 2.106 1.528 1.061 0.829 0.597 0.364 0.131 0.000 0.000 0.000 0.252 0.092 0.003 0.068
5.678 5.687 5.695 5.685 5.622 5.588 5.534 5.480 5.427 5.373 5.319 5.265 5.214 5.230 5.246 5.165 5.013 4.861 4.709 4.558 4.406 4.263 4.130 3.996 3.863 3.730 3.597 3.478 3.371 3.265 3.324 3.405 3.487 3.569 3.650 3.732 3.771 3.803 3.814 3.700 3.695 3.701 3.706 3.712 3.717 3.723 3.728 3.783 3.951 4.119 4.287 4.455 4.623 4.919 5.270 5.622 5.655 5.078 4.500 3.923 3.345 2.768 2.193 1.874 1.555 1.258 0.993 0.761 0.528 0.296 0.003 0.004 0.006 0.009 0.162 0.062 0.003
5.571 5.573 5.572 5.571 5.593 5.539 5.485 5.432 5.378 5.324 5.270 5.217 5.183 5.199 5.216 5.232 5.163 5.012 4.860 4.708 4.556 4.418 4.285 4.151 4.018 3.885 3.751 3.618 3.496 3.406 3.487 3.569 3.647 3.680 3.712 3.744 3.777 3.809 3.790 3.676 3.562 3.539 3.544 3.549 3.555 3.560 3.566 3.649 3.817 3.985 4.153 4.322 4.490 4.658 4.919 5.271 5.163 4.585 4.008 3.430 3.031 2.712 2.394 2.075 1.756 1.464 1.196 0.928 0.692 0.459 0.227 0.003 0.000 0.000 0.000 0.000 0.000
5.423 5.422 5.421 5.428 5.464 5.490 5.437 5.383 5.329 5.275 5.222 5.168 5.153 5.169 5.185 5.201 5.217 5.162 5.010 4.859 4.707 4.573 4.439 4.306 4.173 4.039 3.906 3.773 3.639 3.556 3.588 3.621 3.653 3.685 3.718 3.750 3.782 3.815 3.766 3.652 3.538 3.424 3.381 3.387 3.392 3.398 3.403 3.516 3.684 3.852 4.020 4.188 4.356 4.524 4.692 4.920 4.670 4.188 3.869 3.550 3.232 2.913 2.594 2.275 1.957 1.671 1.403 1.134 0.000 0.623 0.391 0.001 0.000 0.012 0.000 0.041 0.000
5.272 5.271 5.270 5.287 5.323 5.359 5.388 5.334 5.280 5.227 5.173 5.119 5.123 5.139 5.155 5.171 5.187 5.203 5.161 5.009 4.861 4.728 4.594 4.461 4.328 4.194 4.062 3.930 3.798 3.678 3.594 3.626 3.659 3.691 3.723 3.756 3.788 3.821 3.742 3.628 3.514 3.400 3.286 3.224 3.230 3.235 3.241 3.382 3.550 3.718 3.886 4.054 4.222 4.391 4.554 4.702 4.707 4.388 4.070 3.751 3.432 3.113 2.795 2.476 2.157 1.878 1.609 1.341 1.072 0.804 0.555 0.001 0.000 0.000 0.000 0.000 0.000
5.121 5.119 5.118 5.147 5.182 5.218 5.254 5.285 5.232 5.178 5.124 5.076 5.093 5.109 5.125 5.141 5.157 5.173 5.189 5.160 5.016 4.882 4.749 4.617 4.486 4.354 4.222 4.090 3.958 3.843 3.734 3.632 3.664 3.697 3.729 3.762 3.794 3.826 3.717 3.604 3.490 3.376 3.262 3.148 3.067 3.073 3.080 3.248 3.416 3.585 3.753 3.916 4.064 4.212 4.359 4.507 4.545 4.579 4.270 3.951 3.633 3.314 2.995 2.676 2.358 2.084 1.816 1.548 1.279 1.011 0.000 0.522 0.000 0.000 0.000 0.071 0.000
4.969 4.968 4.970 5.006 5.042 5.077 5.113 5.149 5.183 5.129 5.075 5.046 5.062 5.078 5.094 5.110 5.127 5.143 5.159 5.170 5.173 5.041 4.909 4.777 4.645 4.513 4.381 4.249 4.117 4.008 3.898 3.789 3.680 3.702 3.735 3.767 3.800 3.807 3.693 3.579 3.465 3.352 3.238 3.124 3.010 2.910 2.947 3.115 3.278 3.426 3.574 3.721 3.869 4.016 4.164 4.296 4.331 4.366 4.400 4.152 3.833 3.515 3.196 2.877 2.559 2.291 2.023 1.754 1.486 1.217 0.000 0.000 0.000 0.000 0.000 0.000 0.000
4.818 4.817 4.829 4.865 4.901 4.936 4.972 5.008 5.043 5.079 5.027 5.016 5.032 5.048 5.064 5.076 5.087 5.098 5.108 5.119 5.168 5.201 5.069 4.937 4.805 4.673 4.541 4.409 4.282 4.172 4.063 3.954 3.844 3.735 3.741 3.773 3.805 3.783 3.669 3.555 3.441 3.327 3.213 3.099 2.986 2.885 2.796 2.936 3.083 3.231 3.378 3.526 3.674 3.821 3.969 4.082 4.117 4.152 4.186 4.221 4.034 3.715 3.396 3.078 2.766 2.498 2.229 1.961 1.693 1.424 1.156 0.888 0.619 0.000 0.000 0.021 0.000
4.667 4.666 4.688 4.724 4.760 4.796 4.831 4.867 4.903 4.938 4.974 4.982 4.993 5.004 5.015 5.026 5.036 5.047 5.058 5.076 5.128 5.180 5.228 5.096 4.964 4.832 4.701 4.568 4.446 4.337 4.228 4.119 4.009 3.900 3.791 3.779 3.811 3.759 3.645 3.531 3.417 3.303 3.215 3.143 3.070 2.998 2.900 2.785 2.888 3.036 3.183 3.331 3.478 3.626 3.774 3.868 3.903 3.938 3.972 4.007 4.042 3.916 3.597 3.278 2.973 2.705 2.436 2.168 1.899 1.631 1.363 1.069 0.773 0.000 0.000 0.000 0.000
4.516 4.514 4.548 4.583 4.619 4.655 4.690 4.757 4.834 4.911 4.972 4.936 4.943 4.953 4.964 4.975 4.986 4.997 5.008 5.036 5.088 5.139 5.191 5.243 5.124 4.992 4.860 4.728 4.611 4.502 4.393 4.283 4.174 4.065 3.955 3.846 3.817 3.735 3.621 3.546 3.473 3.401 3.328 3.256 3.183 3.110 3.005 2.889 2.774 2.840 2.988 3.136 3.283 3.431 3.579 3.654 3.689 3.724 3.759 3.793 3.828 3.863 3.798 3.479 3.180 2.911 2.643 2.374 2.089 1.793 1.496 1.200 0.904 0.000 0.000 0.000 0.000
4.396 4.371 4.407 4.478 4.555 4.632 4.708 4.785 4.862 4.938 4.970 4.935 4.899 4.903 4.914 4.925 4.935 4.946 4.957 4.995 5.047 5.099 5.151 5.203 5.255 5.152 5.020 4.888 4.776 4.667 4.557 4.448 4.339 4.229 4.120 4.004 3.876 3.804 3.731 3.659 3.586 3.514 3.441 3.368 3.296 3.223 3.109 2.993 2.878 2.763 2.793 2.941 3.088 3.236 3.383 3.441 3.475 3.510 3.545 3.579 3.614 3.649 3.684 3.679 3.386 3.109 2.813 2.517 2.220 1.924 1.627 1.331 1.034 0.772 0.000 0.000 0.004
