includes/camargue/floodfiles/results_R2_t1.562608011066E12/res-0003.wd
ncols         906
nrows         631
xllcorner     362177.146667
yllcorner     6534725.688020
cellsize      20.000000
NODATA_value  -9999.000000
[rows 374 to 407 of 631, columns 539 to 615 of 906]
0.000 0.000 0.000 0.000 0.000 0.000 0.000 0.000 0.000 0.000 0.000 0.000 0.000 0.000 0.000 0.000 0.000 0.000 0.000 0.000 0.000 0.000 0.000 0.000 0.000 0.000 0.000 0.000 0.000 0.000 0.000 0.000 0.000 0.000 0.000 0.000 0.000 0.000 0.000 0.000 0.000 0.000 0.000 0.000 0.000 0.000 0.000 0.000 0.000 0.000 0.000 0.363 2.163 1.613 1.563 1.552 1.412 0.403 1.524 1.344 1.044 1.504 1.514 1.594 1.444 1.203 0.983 0.973 1.062 1.022 1.822 1.863 2.013 1.683 1.213 1.004 1.115
0.000 0.000 0.000 0.000 0.000 0.000 0.000 0.000 0.000 0.000 0.000 0.000 0.000 0.000 0.000 0.000 0.000 0.000 0.000 0.000 0.000 0.000 0.000 0.000 0.000 0.000 0.000 0.000 0.000 0.000 0.000 0.000 0.000 0.000 0.000 0.000 0.000 0.000 0.000 0.000 0.000 0.000 0.000 0.000 0.000 0.000 0.000 0.000 0.000 0.000 0.000 0.603 1.473 1.553 1.723 0.363 0.734 1.745 1.625 1.325 1.435 1.535 1.525 0.865 0.935 1.065 1.496 0.886 0.926 0.986 1.006 0.966 1.706 1.407 1.148 1.490 2.681
0.000 0.000 0.000 0.000 0.000 0.000 0.000 0.000 0.000 0.000 0.000 0.000 0.000 0.000 0.000 0.000 0.000 0.000 0.000 0.000 0.000 0.000 0.000 0.000 0.000 0.000 0.000 0.000 0.000 0.000 0.000 0.000 0.000 0.000 0.000 0.000 0.000 0.000 0.000 0.000 0.000 0.000 0.000 0.000 0.000 0.000 0.000 0.000 0.000 0.000 0.000 1.013 0.903 1.523 0.163 1.625 1.645 1.645 1.515 1.445 1.355 1.656 1.706 1.136 1.557 1.607 1.467 1.138 0.928 1.199 1.240 1.741 0.951 1.661 2.842 2.782 2.802
0.000 0.000 0.000 0.000 0.000 0.000 0.000 0.000 0.000 0.000 0.000 0.000 0.000 0.000 0.000 0.000 0.000 0.000 0.000 0.000 0.000 0.000 0.000 0.000 0.000 0.000 0.000 0.000 0.000 0.000 0.000 0.000 0.000 0.000 0.000 0.000 0.000 0.000 0.000 0.000 0.000 0.000 0.000 0.000 0.000 0.000 0.000 0.000 0.000 0.394 0.674 1.074 1.334 0.624 1.555 1.475 1.085 1.505 1.235 1.525 1.116 1.626 1.706 1.627 1.628 1.738 1.029 1.800 1.730 1.251 1.142 1.733 2.973 2.953 2.883 2.923 2.752
0.000 0.000 0.000 0.000 0.000 0.000 0.000 0.000 0.000 0.000 0.000 0.000 0.000 0.000 0.000 0.000 0.000 0.000 0.000 0.000 0.000 0.000 0.000 0.000 0.000 0.000 0.000 0.000 0.000 0.000 0.000 0.000 0.000 0.000 0.000 0.000 0.000 0.000 0.000 0.000 0.000 0.000 0.000 0.000 0.000 0.000 0.000 0.224 0.634 0.764 1.304 1.214 1.124 1.295 0.545 0.765 1.445 0.876 1.276 1.126 1.536 0.877 1.717 1.558 1.788 1.829 1.730 1.201 0.942 1.844 2.714 2.814 3.014 3.093 3.023 2.903 2.813
0.000 0.000 0.000 0.000 0.000 0.000 0.000 0.000 0.000 0.000 0.000 0.000 0.000 0.000 0.000 0.000 0.000 0.000 0.000 0.000 0.000 0.000 0.000 0.000 0.000 0.000 0.000 0.000 0.000 0.000 0.000 0.000 0.000 0.000 0.000 0.000 0.000 0.000 0.000 0.000 0.000 0.000 0.000 0.000 0.000 0.103 0.594 0.634 0.694 1.664 1.594 0.924 0.535 0.985 1.366 0.686 0.906 1.146 1.516 1.377 1.487 0.948 0.938 0.810 1.011 1.322 0.903 1.634 2.705 2.645 2.904 3.104 2.924 3.084 3.014 2.833 2.813
0.000 0.000 0.000 0.000 0.000 0.000 0.000 0.000 0.000 0.000 0.000 0.000 0.000 0.000 0.000 0.000 0.000 0.000 0.000 0.000 0.000 0.000 0.000 0.000 0.000 0.000 0.000 0.000 0.000 0.000 0.000 0.000 0.000 0.000 0.000 0.000 0.000 0.000 0.000 0.000 0.000 0.000 0.000 0.000 0.264 1.874 0.714 1.424 1.514 1.584 0.705 0.625 1.115 0.675 1.216 1.336 1.086 0.927 0.808 1.008 1.129 1.139 0.890 0.832 0.843 1.475 2.665 2.805 2.945 3.055 2.925 2.864 2.934 3.074 3.044 2.974 2.894
0.000 0.000 0.000 0.000 0.000 0.000 0.000 0.000 0.000 0.000 0.000 0.000 0.000 0.000 0.000 0.000 0.000 0.000 0.000 0.000 0.000 0.000 0.000 0.000 0.000 0.000 0.000 0.000 0.000 0.000 0.000 0.000 0.000 0.000 0.000 0.000 0.000 0.000 0.000 0.000 0.000 0.000 0.000 0.174 1.064 0.824 1.604 1.514 0.685 0.915 1.665 1.825 1.596 1.546 0.757 0.638 0.469 0.789 1.000 0.840 1.190 0.821 0.623 1.466 2.746 2.836 2.926 2.996 2.835 2.895 2.845 2.825 3.025 3.044 3.074 3.004 3.164
0.000 0.000 0.000 0.000 0.000 0.000 0.000 0.000 0.000 0.000 0.000 0.000 0.000 0.000 0.000 0.000 0.000 0.000 0.000 0.000 0.000 0.000 0.000 0.000 0.000 0.000 0.000 0.000 0.000 0.000 0.000 0.000 0.000 0.000 0.000 0.000 0.000 0.000 0.000 0.000 0.000 0.000 0.243 0.844 0.804 1.724 1.394 1.004 1.265 1.585 1.125 0.597 0.228 0.600 0.800 0.581 0.792 0.672 1.052 0.752 0.743 0.555 2.817 3.017 3.057 2.876 2.946 2.876 2.786 2.935 2.875 3.025 2.975 3.005 3.034 3.054 3.124
0.000 0.000 0.000 0.000 0.000 0.000 0.000 0.000 0.000 0.000 0.000 0.000 0.000 0.000 0.000 0.000 0.000 0.000 0.000 0.000 0.000 0.000 0.000 0.000 0.000 0.000 0.000 0.000 0.000 0.000 0.000 0.000 0.000 0.000 0.000 0.000 0.000 0.000 0.000 0.000 0.000 0.000 0.173 0.584 0.594 0.734 0.504 0.584 0.434 0.336 0.439 0.841 1.713 0.933 1.483 0.944 0.995 0.795 0.785 0.606 2.517 2.887 2.997 3.097 3.037 3.017 3.066 2.946 3.026 3.056 2.975 2.905 2.835 3.105 3.065 3.144 2.994
0.000 0.000 0.000 0.000 0.000 0.000 0.000 0.000 0.000 0.000 0.000 0.000 0.000 0.000 0.000 0.000 0.000 0.000 0.000 0.000 0.000 0.000 0.000 0.000 0.000 0.000 0.000 0.000 0.000 0.000 0.000 0.000 0.000 0.000 0.000 0.000 0.000 0.000 0.000 0.000 0.000 0.000 0.000 0.223 0.394 0.414 0.394 0.524 0.424 0.286 0.841 1.262 1.883 0.984 0.955 0.716 0.897 2.258 2.048 2.778 2.858 2.778 2.837 2.817 3.047 2.997 2.937 2.796 3.006 3.006 3.026 2.826 2.985 3.125 3.075 3.205 3.125
0.000 0.000 0.000 0.000 0.000 0.000 0.000 0.000 0.000 0.000 0.000 0.000 0.000 0.000 0.000 0.000 0.000 0.000 0.000 0.000 0.000 0.000 0.000 0.000 0.000 0.000 0.000 0.000 0.000 0.000 0.000 0.000 0.000 0.000 0.000 0.000 0.000 0.000 0.000 0.000 0.000 0.000 0.000 0.000 0.000 0.544 0.613 0.744 0.274 0.117 0.362 0.485 0.536 0.427 2.529 2.549 2.499 2.499 2.438 2.698 2.598 2.618 3.038 3.087 2.967 3.117 3.037 3.057 2.926 2.966 2.996 2.956 3.216 3.115 3.145 3.115 3.155
0.000 0.000 0.000 0.000 0.000 0.000 0.000 0.000 0.000 0.000 0.000 0.000 0.000 0.000 0.000 0.000 0.000 0.000 0.000 0.000 0.000 0.000 0.000 0.000 0.000 0.000 0.000 0.000 0.000 0.000 0.000 0.000 0.000 0.000 0.000 0.000 0.000 0.000 0.000 0.000 0.000 0.000 0.000 0.000 0.000 0.103 0.074 0.212 0.004 0.130 0.016 2.170 2.430 2.780 2.859 2.749 2.889 2.529 2.799 2.598 2.968 2.978 2.818 2.937 3.127 3.077 3.057 3.107 3.037 3.076 3.126 2.966 2.846 3.106 3.175 3.095 3.245
0.000 0.000 0.000 0.000 0.000 0.000 0.000 0.000 0.000 0.000 0.000 0.000 0.000 0.000 0.000 0.000 0.000 0.000 0.000 0.000 0.000 0.000 0.000 0.000 0.000 0.000 0.000 0.000 0.000 0.000 0.000 0.000 0.000 0.000 0.000 0.000 0.000 0.000 0.000 0.000 0.000 0.000 0.000 0.000 0.000 0.000 0.000 0.000 1.691 2.281 2.411 2.450 2.760 2.700 2.920 2.849 2.969 2.819 2.779 2.989 3.088 2.978 3.138 3.068 3.068 3.237 3.107 2.947 3.137 3.086 3.106 3.046 2.796 3.116 3.316 3.186 3.205
0.000 0.000 0.000 0.000 0.000 0.000 0.000 0.000 0.000 0.000 0.000 0.000 0.000 0.000 0.000 0.000 0.000 0.000 0.000 0.000 0.000 0.000 0.000 0.000 0.000 0.000 0.000 0.000 0.000 0.000 0.000 0.000 0.000 0.000 0.000 0.000 0.000 0.000 0.000 0.000 0.000 0.000 0.000 0.000 0.000 0.211 2.501 2.611 2.411 2.571 2.611 2.571 2.840 2.520 2.900 2.860 2.849 2.899 3.019 3.009 3.139 3.038 3.178 3.048 3.088 3.128 3.207 3.147 3.127 3.107 3.007 3.137 3.146 3.056 3.456 3.276 3.196
0.000 0.000 0.000 0.000 0.000 0.000 0.000 0.000 0.000 0.000 0.000 0.000 0.000 0.000 0.000 0.000 0.000 0.000 0.000 0.000 0.000 0.000 0.000 0.000 0.000 0.000 0.000 0.000 0.000 0.000 0.000 0.000 0.000 0.000 0.000 0.000 0.000 0.000 0.000 0.000 0.000 0.000 0.000 0.000 2.731 2.951 2.841 2.681 2.531 2.421 2.841 2.861 2.980 2.820 2.660 2.990 3.050 3.109 3.119 2.979 3.169 3.129 3.098 3.198 3.138 3.218 3.168 3.247 3.107 3.107 3.067 3.157 3.166 3.176 3.276 3.226 3.246
0.000 0.000 0.000 0.000 0.000 0.000 0.000 0.000 0.000 0.000 0.000 0.000 0.000 0.000 0.000 0.000 0.000 0.000 0.000 0.000 0.000 0.000 0.000 0.000 0.000 0.000 0.000 0.000 0.000 0.000 0.000 0.000 0.000 0.000 0.000 0.000 0.000 0.000 0.000 0.000 0.000 0.000 1.922 2.912 3.052 3.121 3.021 2.941 2.961 2.801 2.981 2.761 2.770 2.640 2.730 2.980 2.940 3.009 3.139 3.159 3.089 3.129 3.289 3.268 3.208 3.108 3.218 3.158 3.117 3.097 3.137 3.167 3.157 3.207 3.216 3.266 3.346
0.000 0.000 0.000 0.000 0.000 0.000 0.000 0.000 0.000 0.000 0.000 0.000 0.000 0.000 0.000 0.000 0.000 0.000 0.000 0.000 0.000 0.000 0.000 0.000 0.000 0.000 0.000 0.000 0.000 0.000 0.000 0.000 0.000 0.000 0.000 0.000 0.000 0.000 0.000 0.000 0.000 2.442 2.902 2.852 2.832 3.041 3.011 3.141 3.071 3.051 3.001 3.031 2.901 2.750 3.080 3.170 3.090 3.010 3.179 3.029 3.219 3.219 3.209 3.229 3.168 3.258 3.198 3.198 3.238 3.237 3.177 3.157 3.247 3.217 3.367 3.486 3.356
0.000 0.000 0.000 0.000 0.000 0.000 0.000 0.000 0.000 0.000 0.000 0.000 0.000 0.000 0.000 0.000 0.000 0.000 0.000 0.000 0.000 0.000 0.000 0.000 0.000 0.000 0.000 0.000 0.000 0.000 0.000 0.000 0.000 0.000 0.000 0.000 0.000 0.000 0.000 0.982 2.702 2.882 3.122 2.982 3.082 2.982 3.121 3.051 3.041 3.041 3.061 3.041 3.081 3.111 2.970 3.130 3.170 3.060 3.120 3.099 3.099 3.169 3.159 3.299 3.209 3.288 3.218 3.308 3.238 3.158 3.238 3.277 3.307 3.317 3.327 3.507 3.407
0.000 0.000 0.000 0.000 0.000 0.000 0.000 0.000 0.000 0.000 0.000 0.000 0.000 0.000 0.000 0.000 0.000 0.000 0.000 0.000 0.000 0.000 0.000 0.000 0.000 0.000 0.000 0.000 0.000 0.000 0.000 0.000 0.000 0.000 0.000 0.000 0.000 0.000 2.232 2.792 3.092 3.022 3.072 2.982 3.032 3.012 3.011 3.001 3.051 3.091 3.091 3.201 3.171 3.081 3.150 3.080 3.150 3.150 3.210 3.190 3.139 3.229 3.229 3.269 3.219 3.209 3.168 3.088 3.248 3.248 3.238 3.308 3.398 3.417 3.377 3.347 3.637
0.000 0.000 0.000 0.000 0.000 0.000 0.000 0.000 0.000 0.000 0.000 0.000 0.000 0.000 0.000 0.000 0.000 0.000 0.000 0.000 0.000 0.000 0.000 0.000 0.000 0.000 0.000 0.000 0.000 0.000 0.000 0.000 0.000 0.000 0.000 0.000 0.000 2.343 2.532 2.852 2.982 2.952 3.022 3.022 2.992 3.152 3.022 3.101 3.051 3.141 3.071 3.171 3.071 3.201 3.130 3.090 3.230 3.210 3.270 3.230 3.230 3.269 3.279 3.429 3.279 3.259 3.169 3.169 3.168 3.218 3.318 3.348 3.348 3.368 3.327 3.397 3.417
0.000 0.000 0.000 0.000 0.000 0.000 0.000 0.000 0.000 0.000 0.000 0.000 0.000 0.000 0.000 0.000 0.000 0.000 0.000 0.000 0.000 0.000 0.000 0.000 0.000 0.000 0.000 0.000 0.000 0.000 0.000 0.000 0.000 0.000 0.000 0.000 2.423 2.863 2.882 2.982 3.082 2.952 3.222 3.002 3.062 3.112 3.162 3.172 3.111 3.051 3.131 3.161 3.151 3.241 3.201 3.230 3.200 3.330 3.160 3.260 3.340 3.180 3.309 3.319 3.239 3.179 3.109 3.149 3.279 3.229 3.268 3.268 3.318 3.418 3.428 3.377 3.427
0.000 0.000 0.000 0.000 0.000 0.000 0.000 0.000 0.000 0.000 0.000 0.000 0.000 0.000 0.000 0.000 0.000 0.000 0.000 0.000 0.000 0.000 0.000 0.000 0.000 0.000 0.000 0.000 0.000 0.000 0.000 0.000 0.000 0.000 1.603 2.843 2.923 2.733 2.922 3.042 3.072 2.912 3.022 3.222 3.022 3.252 3.042 3.042 3.222 3.121 3.201 3.151 3.231 3.221 3.271 3.260 3.190 3.350 3.240 3.290 3.340 3.220 3.220 3.240 3.239 3.289 3.319 3.299 3.279 3.299 3.268 3.268 3.388 3.338 3.348 3.418 3.398
0.000 0.000 0.000 0.000 0.000 0.000 0.000 0.000 0.000 0.000 0.000 0.000 0.000 0.000 0.000 0.000 0.000 0.000 0.000 0.000 0.000 0.000 0.000 0.000 0.000 0.000 0.000 0.000 0.000 0.000 0.000 0.000 0.000 1.073 2.613 2.913 2.893 2.823 2.843 3.092 3.002 3.003 3.142 3.132 3.262 3.222 3.162 3.122 3.062 3.191 3.191 3.251 3.261 3.371 3.271 3.331 3.270 3.300 3.180 3.230 3.210 3.230 3.350 3.420 3.270 3.369 3.349 3.309 3.229 3.289 3.279 3.289 3.428 3.478 3.348 3.258 3.418
0.000 0.000 0.000 0.000 0.000 0.000 0.000 0.000 0.000 0.000 0.000 0.000 0.000 0.000 0.000 0.000 0.000 0.000 0.000 0.000 0.000 0.000 0.000 0.000 0.000 0.000 0.000 0.000 0.000 0.000 0.000 0.000 1.273 2.513 2.723 2.833 2.973 3.053 2.983 3.053 3.172 3.162 3.092 3.182 3.242 3.252 3.122 3.232 3.302 3.271 3.291 3.341 3.231 3.271 3.321 3.471 3.211 3.321 3.300 3.280 3.350 3.280 3.160 3.370 3.410 3.300 3.279 3.369 3.319 3.239 3.339 3.389 3.369 3.418 3.388 3.408 3.598
0.000 0.000 0.000 0.000 0.000 0.000 0.000 0.000 0.000 0.000 0.000 0.000 0.000 0.000 0.000 0.000 0.000 0.000 0.000 0.000 0.000 0.000 0.000 0.000 0.000 0.000 0.000 0.000 0.000 0.000 0.000 1.593 2.653 2.633 2.693 2.483 2.903 3.063 3.093 3.063 3.173 3.162 3.122 3.162 3.232 3.252 3.192 3.252 3.202 3.272 3.322 3.201 3.401 3.341 3.501 3.411 3.201 3.381 3.351 3.320 3.230 3.230 3.280 3.340 3.420 3.360 3.390 3.239 3.249 3.419 3.379 3.349 3.279 3.389 3.489 3.628 3.598
0.000 0.000 0.000 0.000 0.000 0.000 0.000 0.000 0.000 0.000 0.000 0.000 0.000 0.000 0.000 0.000 0.000 0.000 0.000 0.000 0.000 0.000 0.000 0.000 0.000 0.000 0.000 0.000 0.000 0.065 1.794 2.564 2.663 2.453 2.813 2.653 2.953 2.973 3.053 3.093 3.133 3.183 3.352 3.212 3.352 3.302 3.332 3.222 3.272 3.322 3.352 3.391 3.441 3.401 3.411 3.381 3.391 3.371 3.331 3.351 3.240 3.340 3.350 3.660 3.430 3.510 3.340 3.350 3.330 3.330 3.469 3.329 3.279 3.409 3.549 3.439 3.519
0.000 0.000 0.000 0.000 0.000 0.000 0.000 0.000 0.000 0.000 0.000 0.000 0.000 0.000 0.000 0.000 0.000 0.000 0.000 0.000 0.000 0.000 0.000 0.000 0.000 0.000 0.000 0.000 0.384 2.014 2.724 2.594 2.544 2.993 3.023 3.103 3.043 2.963 3.153 3.203 3.273 3.173 3.242 3.222 3.282 3.252 3.312 3.322 3.302 3.422 3.452 3.282 3.382 3.441 3.501 3.351 3.401 3.371 3.241 3.241 3.421 3.411 3.400 3.420 3.400 3.440 3.310 3.480 3.360 3.490 3.340 3.369 3.419 3.419 3.479 3.489 3.529
0.000 0.000 0.000 0.000 0.000 0.000 0.000 0.000 0.000 0.000 0.000 0.000 0.000 0.000 0.000 0.000 0.000 0.000 0.000 0.000 0.000 0.000 0.000 0.000 0.000 0.000 0.000 0.385 2.144 2.614 2.704 2.844 2.904 2.993 3.123 3.073 3.153 3.133 3.143 3.143 3.183 3.253 3.373 3.292 3.182 3.302 3.362 3.372 3.332 3.422 3.532 3.342 3.292 3.371 3.391 3.531 3.341 3.341 3.411 3.311 3.501 3.431 3.321 3.301 3.390 3.430 3.270 3.450 3.420 3.470 3.390 3.540 3.590 3.609 3.599 3.769 3.839
0.000 0.000 0.000 0.000 0.000 0.000 0.000 0.000 0.000 0.000 0.000 0.000 0.000 0.000 0.000 0.000 0.000 0.000 0.000 0.000 0.000 0.000 0.000 0.000 0.000 0.000 0.935 2.255 2.584 2.684 2.844 2.954 3.014 3.014 2.963 3.113 3.213 3.183 3.153 3.233 3.213 3.253 3.243 3.283 3.232 3.332 3.362 3.452 3.422 3.382 3.302 3.262 3.422 3.352 3.362 3.511 3.421 3.321 3.351 3.511 3.521 3.351 3.241 3.321 3.371 3.350 3.460 3.350 3.410 3.440 3.460 3.540 3.500 3.630 3.600 3.509 3.709
0.000 0.000 0.000 0.000 0.000 0.000 0.000 0.000 0.000 0.000 0.000 0.000 0.000 0.000 0.000 0.000 0.000 0.000 0.000 0.000 0.000 0.000 0.000 0.000 0.000 1.125 2.375 2.745 2.714 2.824 2.544 2.944 3.014 3.084 3.093 3.233 3.183 3.153 3.223 3.223 3.373 3.393 3.273 3.273 3.423 3.342 3.362 3.382 3.502 3.402 3.512 3.342 3.422 3.392 3.582 3.462 3.482 3.391 3.501 3.301 3.331 3.381 3.301 3.281 3.331 3.381 3.380 3.420 3.440 3.610 3.450 3.470 3.520 3.610 3.620 3.670 3.620
0.000 0.000 0.000 0.000 0.000 0.000 0.000 0.000 0.000 0.000 0.000 0.000 0.000 0.000 0.000 0.000 0.000 0.000 0.000 0.000 0.000 0.000 0.000 0.000 1.406 2.045 2.595 2.685 2.875 2.894 2.874 3.034 3.084 3.144 3.284 3.184 3.253 3.283 3.253 3.333 3.283 3.313 3.333 3.403 3.333 3.403 3.372 3.512 3.482 3.372 3.412 3.392 3.362 3.412 3.512 3.512 3.382 3.462 3.692 3.391 3.301 3.311 3.381 3.371 3.451 3.521 3.491 3.401 3.501 3.530 3.510 3.440 3.530 3.580 3.770 3.620 3.640
0.000 0.000 0.000 0.000 0.000 0.000 0.000 0.000 0.000 0.000 0.000 0.000 0.000 0.000 0.000 0.000 0.000 0.000 0.000 0.000 0.000 0.000 0.000 1.446 2.476 2.535 2.675 2.845 2.985 3.044 3.014 3.144 3.044 3.204 3.244 3.314 3.194 3.283 3.293 3.333 3.253 3.363 3.333 3.353 3.493 3.443 3.483 3.453 3.492 3.462 3.422 3.362 3.432 3.532 3.482 3.552 3.502 3.612 3.502 3.462 3.332 3.281 3.341 3.361 3.381 3.481 3.551 3.491 3.491 3.551 3.451 3.601 3.560 3.630 3.610 3.650 3.780
0.000 0.000 0.000 0.000 0.000 0.000 0.000 0.000 0.000 0.000 0.000 0.000 0.000 0.000 0.000 0.000 0.000 0.000 0.000 0.000 0.000 0.327 1.826 2.706 2.786 2.786 2.925 2.835 2.855 2.985 3.184 3.234 3.214 3.334 3.334 3.394 3.434 3.194 3.254 3.323 3.493 3.263 3.413 3.393 3.423 3.443 3.443 3.363 3.483 3.463 3.492 3.562 3.482 3.572 3.522 3.542 3.582 3.622 3.482 3.592 3.342 3.262 3.291 3.361 3.391 3.431 3.631 3.581 3.531 3.571 3.581 3.671 3.641 3.651 3.681 3.640 3.770
