includes/camargue/floodfiles/results_R2_t1.562608011066E12/res-0012.wd
ncols         906
nrows         631
xllcorner     362177.146667
yllcorner     6534725.688020
cellsize      20.000000
NODATA_value  -9999.000000
[rows 306 to 339 of 631, columns 616 to 692 of 906]
1.013 0.000 0.433 0.313 0.173 0.103 0.163 0.123 0.000 0.000 0.000 0.000 0.000 0.031 0.000 0.000 0.000 0.004 0.001 0.143 0.000 0.000 0.000 0.000 0.000 0.000 0.000 0.000 0.000 0.000 0.000 0.000 0.092 0.000 0.011 0.441 0.981 0.951 0.121 0.000 0.000 0.231 0.521 0.511 0.911 0.000 0.561 0.381 0.971 0.711 0.021 0.001 0.000 0.654 0.704 0.974 0.000 0.775 0.065 1.395 1.405 0.185 0.000 1.145 1.295 0.000 0.074 1.614 1.434 0.294 1.154 0.104 0.554 1.024 0.704 1.064 1.544
1.003 0.000 0.473 0.363 0.143 0.183 0.163 0.173 0.000 0.001 0.000 0.000 0.000 0.000 0.000 0.000 0.063 0.103 0.053 0.000 0.000 0.152 0.000 0.000 0.001 0.000 0.000 0.000 0.591 0.000 0.000 0.000 0.000 0.092 0.000 1.151 0.000 1.011 0.321 0.000 0.000 0.181 0.601 0.000 0.511 0.481 0.191 1.361 0.811 0.501 0.000 0.000 0.274 0.584 0.834 1.394 0.504 0.001 1.244 0.000 0.000 1.394 1.484 0.006 0.000 1.354 1.424 0.034 0.254 0.524 1.354 0.114 0.574 1.254 1.564 1.364 0.724
0.973 0.783 0.373 0.133 0.173 0.303 0.163 0.043 0.043 0.000 0.000 0.001 0.001 0.000 0.000 0.000 0.103 0.083 0.113 0.000 0.000 0.000 0.111 0.000 0.000 0.000 0.000 0.000 0.000 0.000 0.000 0.022 0.172 0.000 0.071 1.381 1.431 0.211 0.941 0.891 0.441 0.741 0.281 0.201 0.261 0.351 1.241 0.701 0.471 0.000 0.000 0.000 0.394 0.000 0.674 1.524 0.344 0.194 0.884 0.000 0.924 0.484 0.000 1.254 0.084 1.414 0.414 0.054 0.000 1.104 0.294 0.000 0.314 0.464 0.424 1.224 0.904
0.943 1.013 0.083 0.223 0.113 0.353 0.123 0.203 0.013 0.001 0.000 0.000 0.055 0.044 0.074 0.000 0.413 0.293 0.143 0.006 0.037 0.000 0.000 0.000 0.000 0.000 0.000 0.011 0.000 0.000 0.000 0.402 0.000 0.071 0.711 1.501 1.391 1.461 0.811 0.241 0.381 0.211 0.701 0.571 0.101 1.091 0.801 0.321 0.000 0.000 0.000 0.000 0.204 0.000 0.764 0.514 0.474 0.984 0.000 0.274 0.624 1.044 0.114 0.924 0.144 1.394 1.214 0.324 0.404 1.284 0.334 0.234 0.334 0.604 1.244 1.754 1.764
1.093 1.263 0.000 0.043 0.053 0.073 0.243 0.283 0.163 0.053 0.053 0.083 0.005 0.174 0.034 0.583 0.073 0.122 0.000 0.107 0.003 0.000 0.061 0.000 0.000 0.000 0.000 0.000 0.000 0.000 0.000 0.000 0.141 0.641 0.000 1.451 1.211 1.391 0.331 0.291 0.821 0.611 0.641 0.211 1.101 0.901 0.000 0.000 0.000 1.052 0.142 0.000 0.000 0.000 0.704 0.000 0.554 1.254 1.294 1.214 0.284 0.394 0.504 0.000 0.254 1.564 0.000 0.974 0.864 0.514 0.594 0.344 0.534 0.674 0.374 0.154 0.434
1.143 1.073 0.000 0.223 0.093 0.000 0.123 0.253 0.243 0.123 0.232 0.222 0.172 0.002 0.000 0.000 1.412 1.502 0.000 0.000 0.364 0.000 0.000 0.000 0.000 0.000 0.000 0.031 0.000 0.031 0.000 0.000 0.000 0.091 0.000 0.000 0.061 0.651 0.391 0.691 0.411 0.451 0.000 0.931 0.961 0.000 0.000 0.491 0.000 0.612 0.000 0.000 0.433 0.653 0.563 0.000 0.824 1.524 1.334 0.944 0.234 0.444 0.094 0.624 0.000 1.454 0.414 0.000 0.374 0.884 1.424 1.614 0.564 0.434 0.005 0.134 0.034
1.183 1.003 0.000 0.173 0.033 0.000 0.283 0.293 0.383 0.332 0.332 0.222 0.122 0.000 0.082 1.252 0.102 1.372 1.302 0.492 0.000 0.000 0.000 0.000 0.000 0.000 0.000 0.000 0.131 0.000 0.000 0.013 0.653 0.000 0.191 0.571 0.311 0.271 0.761 0.441 0.001 0.000 0.601 0.551 0.000 0.371 0.000 0.000 0.000 0.000 0.000 0.463 0.473 0.703 0.000 0.000 1.574 0.000 0.464 1.424 0.194 1.394 0.244 1.484 0.000 1.434 0.914 0.000 0.000 0.094 0.934 1.554 1.564 0.324 0.654 0.864 0.134
1.223 1.153 0.000 0.013 0.073 0.073 0.093 0.543 0.093 0.472 0.402 0.392 0.122 1.362 0.192 1.172 1.392 0.242 0.000 0.000 0.091 0.000 0.000 0.000 0.000 0.000 0.000 0.121 0.000 0.000 0.013 0.283 0.000 0.331 0.461 0.171 0.171 0.251 0.481 0.431 0.000 0.501 0.791 0.000 0.181 0.000 0.000 0.000 0.000 0.051 0.000 0.563 0.793 0.673 0.063 0.000 1.464 0.000 1.264 1.384 0.000 1.464 0.224 1.654 0.164 1.174 0.784 1.154 1.254 1.414 1.364 1.434 1.424 1.644 1.474 1.264 0.724
1.113 1.083 0.000 0.583 0.263 0.193 0.113 0.213 0.113 0.102 0.302 0.282 1.342 0.000 1.272 1.392 0.192 0.762 0.122 0.222 0.000 0.000 0.102 0.000 0.000 0.000 0.000 0.000 0.000 0.000 0.000 0.000 0.661 0.671 0.631 0.000 1.231 0.000 0.631 0.201 0.421 0.711 0.000 0.311 0.000 0.273 0.323 0.123 0.000 0.000 0.213 0.883 0.693 1.393 0.000 0.244 1.404 0.224 1.644 1.274 0.114 1.534 0.014 1.504 1.144 0.144 0.104 0.000 0.000 0.000 0.000 0.006 0.214 0.304 0.244 0.864 0.174
0.532 0.372 0.233 0.203 0.263 0.213 0.002 0.153 0.092 0.242 0.172 0.462 0.000 1.302 0.302 0.392 0.312 0.932 0.352 0.652 0.872 0.000 0.000 0.011 0.000 0.161 0.000 0.000 0.000 0.000 0.000 0.621 0.631 0.511 0.471 0.431 1.391 0.581 0.281 0.121 0.641 0.000 0.381 0.000 0.443 0.553 0.243 0.333 0.203 1.483 1.293 1.343 0.523 0.000 0.000 0.000 1.614 1.174 1.444 0.984 0.000 1.534 0.000 1.434 1.374 0.000 0.002 0.884 1.024 0.924 1.064 1.064 0.764 0.614 0.664 0.934 0.924
1.182 0.312 0.000 0.000 0.123 0.000 0.000 0.000 0.000 0.272 0.362 1.292 0.652 0.352 1.272 0.812 0.382 0.152 1.092 1.052 0.952 1.062 0.000 0.000 0.000 0.000 0.000 0.012 0.000 0.310 0.170 0.050 0.171 0.411 1.111 1.451 0.071 0.591 0.411 0.000 0.000 0.441 0.000 0.043 0.353 0.113 0.073 1.493 1.563 1.523 1.553 0.203 0.623 0.303 0.683 0.203 1.164 1.284 1.474 0.000 1.314 1.584 0.034 0.504 1.434 1.204 0.214 0.934 0.984 1.034 0.794 1.094 1.004 0.984 1.354 0.994 0.874
1.322 0.092 0.000 0.000 0.000 0.000 0.000 0.000 0.112 0.122 0.000 0.000 1.322 1.222 0.000 1.322 0.412 0.132 1.102 0.000 1.272 0.992 0.892 0.000 0.052 0.162 0.542 0.000 0.340 0.450 0.350 0.370 0.461 1.221 1.451 0.000 0.451 0.641 0.121 0.000 0.000 0.000 0.000 0.373 0.233 1.503 1.613 1.483 1.533 0.083 0.000 1.013 0.783 0.493 0.603 0.000 0.354 1.354 0.604 0.000 1.514 1.114 1.084 0.024 1.224 0.224 0.804 0.774 0.644 0.000 0.000 0.000 0.000 0.000 0.000 0.000 0.000
0.212 0.102 0.000 0.000 0.000 0.000 0.000 0.000 0.000 0.132 0.000 1.292 1.112 0.000 1.442 1.472 1.432 0.000 0.170 1.010 0.000 1.182 0.862 1.122 0.312 0.802 0.000 0.000 0.260 0.330 0.000 0.360 0.000 0.621 1.381 1.341 0.043 0.000 0.000 0.203 0.253 0.000 1.223 1.583 1.493 1.423 1.613 0.093 0.333 0.323 0.593 0.623 0.323 0.733 0.683 0.000 0.000 1.234 0.000 1.064 1.524 0.094 0.184 1.704 0.000 0.006 1.544 0.154 1.204 0.974 0.964 0.944 0.964 0.934 0.754 0.000 1.004
1.202 1.162 0.000 0.041 0.000 0.000 0.000 0.000 0.000 0.014 0.132 0.432 1.232 1.012 1.402 1.222 0.000 1.330 0.150 0.700 1.230 0.000 1.102 0.952 0.052 0.652 0.111 0.490 0.200 0.440 0.000 0.000 0.000 0.491 0.000 0.021 1.033 0.783 0.573 0.000 1.203 1.553 1.493 1.533 1.613 0.103 0.113 0.733 0.263 0.583 0.493 0.433 0.633 0.543 0.000 0.000 1.134 1.394 0.000 1.554 1.574 0.104 1.304 0.000 0.000 0.000 1.544 0.274 1.074 0.000 0.694 0.000 0.000 0.002 0.834 0.824 0.084
1.132 1.092 1.472 0.000 0.000 0.000 0.000 0.000 0.000 0.025 0.000 1.142 0.042 1.392 1.412 0.000 0.182 0.000 0.128 0.240 0.000 0.000 0.000 1.072 0.702 0.822 0.000 0.560 0.350 0.770 0.000 0.000 0.144 0.000 0.000 0.913 0.000 0.103 1.303 1.503 1.483 1.533 1.443 0.073 0.613 0.743 0.753 0.193 0.543 0.333 0.643 0.593 0.843 0.000 0.000 0.000 1.414 1.014 0.544 1.524 1.524 0.044 0.000 1.672 0.000 0.834 0.884 1.154 1.054 0.544 0.864 0.664 0.434 0.574 0.054 0.404 0.034
1.122 0.232 0.092 0.152 0.000 0.000 0.000 0.000 0.000 0.000 0.000 0.000 0.000 1.232 0.082 0.000 0.392 0.000 0.173 0.000 1.110 0.060 1.040 0.000 0.252 0.110 0.359 0.670 0.000 0.000 0.422 0.000 0.002 0.456 1.055 0.413 1.363 1.523 1.463 1.603 1.183 0.000 0.143 0.573 0.603 0.633 0.983 0.453 0.293 0.813 0.643 0.603 0.163 0.000 0.000 0.224 1.124 0.424 1.414 1.524 0.804 0.194 1.684 0.000 0.464 0.784 1.034 0.564 0.834 0.674 0.194 0.834 0.584 0.954 0.724 0.514 0.334
1.132 0.272 0.952 1.122 0.022 0.012 0.000 0.000 0.000 0.000 0.000 0.000 1.202 0.212 0.000 0.000 0.000 0.701 0.561 0.060 0.210 0.940 0.020 1.131 0.000 0.398 0.649 0.000 0.000 0.342 0.000 0.099 0.678 0.407 0.000 0.693 1.043 1.503 0.633 0.000 0.000 0.000 0.793 0.343 0.723 0.513 0.603 0.653 0.713 0.653 0.803 0.553 0.433 0.633 0.000 0.254 0.000 1.374 0.554 0.294 0.000 0.000 0.000 0.424 0.644 0.804 0.000 0.784 0.494 0.000 0.824 0.874 0.364 0.864 0.864 0.874 0.094
0.402 0.352 1.092 0.362 0.092 1.421 1.161 0.000 0.000 0.000 0.503 0.263 0.000 1.112 0.009 0.014 0.293 0.021 0.220 0.170 0.850 1.330 0.900 0.003 0.440 0.202 0.000 0.000 0.033 0.000 0.002 0.639 0.729 0.000 0.683 0.483 0.653 0.433 0.743 0.123 0.773 0.753 0.283 0.753 0.713 0.743 0.463 0.763 0.543 0.843 0.543 0.223 0.403 0.103 0.753 1.144 0.774 1.004 0.024 0.114 0.164 0.000 0.084 0.594 1.104 0.000 0.000 0.834 0.714 0.564 0.954 0.604 0.464 0.214 0.534 0.124 0.064
0.412 1.332 0.772 0.282 0.004 1.241 1.521 1.481 0.000 1.263 1.293 0.000 0.551 0.000 1.193 1.183 0.343 0.031 1.110 1.350 0.380 1.040 1.080 0.900 1.410 0.371 0.281 0.000 0.053 0.000 1.081 0.500 0.077 0.713 0.293 0.593 0.753 0.393 0.683 0.643 0.443 0.613 0.293 0.653 0.773 0.463 0.763 0.493 0.883 0.473 0.873 0.743 0.303 0.703 1.203 0.000 1.014 0.984 0.174 0.194 0.464 0.694 1.154 1.254 0.000 0.000 0.511 0.000 0.824 0.584 0.000 0.000 0.484 0.884 0.724 0.414 0.164
1.202 0.112 1.102 0.182 0.181 0.421 1.161 1.221 0.000 0.673 0.703 0.712 0.701 0.581 0.000 0.953 0.000 1.260 0.050 1.090 0.260 0.410 1.210 0.060 0.011 0.451 0.041 0.000 0.022 1.031 1.201 0.120 0.815 0.143 0.813 0.703 0.033 0.482 0.352 0.622 0.462 0.472 0.183 0.853 0.503 0.753 0.443 0.533 0.533 0.963 0.353 0.233 0.723 0.000 0.000 0.474 0.704 0.884 0.000 1.204 0.000 1.044 1.144 0.644 0.050 0.638 0.000 0.000 0.000 0.544 0.574 0.174 0.614 0.724 0.624 0.484 0.224
1.632 1.012 0.132 0.112 0.921 0.411 0.431 0.140 1.213 0.943 0.000 0.000 0.941 0.861 0.421 0.000 1.340 1.250 0.690 0.440 1.130 0.610 0.870 1.190 0.000 0.301 0.000 0.373 1.172 0.571 0.531 0.551 0.145 0.723 0.793 0.004 0.612 0.742 0.292 0.702 0.882 0.342 0.612 0.842 0.563 0.273 0.673 0.783 0.593 0.673 0.543 0.663 0.000 0.173 0.603 0.734 0.544 0.604 0.924 0.154 1.084 1.404 0.000 0.000 0.648 0.688 0.000 0.311 0.000 0.404 0.834 0.484 0.114 0.784 0.774 0.694 0.344
0.712 1.822 0.592 1.091 1.241 1.421 1.341 0.000 1.173 0.933 0.000 0.475 0.000 1.021 0.921 0.901 0.000 1.420 0.170 0.900 1.260 0.030 0.000 0.330 0.000 0.000 0.156 0.444 1.812 0.081 0.701 0.000 0.833 0.703 0.001 0.222 0.232 0.642 0.572 0.202 0.422 0.512 0.682 0.732 0.152 0.752 0.242 0.483 0.433 0.953 0.543 0.173 0.363 1.123 0.703 0.893 0.934 0.494 0.000 1.184 1.204 0.000 0.000 0.208 0.348 0.558 0.019 0.721 0.005 0.000 0.524 0.614 0.000 0.124 0.000 0.434 0.000
0.000 0.562 0.722 0.231 1.081 1.351 1.471 0.000 1.023 1.053 0.000 0.585 0.705 0.000 1.211 0.971 0.621 0.000 1.330 0.790 0.450 0.579 0.000 0.120 0.000 0.000 0.408 1.646 0.000 0.741 0.000 0.823 0.533 0.013 0.452 1.542 0.000 0.000 0.741 0.332 0.602 0.832 0.162 0.162 0.192 0.432 0.402 0.232 0.162 0.062 0.000 0.183 0.343 0.643 0.923 0.943 0.813 0.000 1.124 1.244 0.000 0.000 0.658 0.628 0.388 0.128 0.318 0.000 0.466 0.000 0.000 0.484 0.354 0.444 0.264 0.000 0.000
1.032 0.682 1.192 0.032 0.161 0.591 0.260 0.804 1.073 0.493 0.513 0.000 0.565 0.435 0.000 1.121 0.791 0.390 0.050 0.260 0.080 0.798 0.568 0.000 0.000 0.464 1.592 0.000 0.861 0.000 0.703 0.613 0.000 0.392 0.912 0.000 1.631 1.121 0.981 0.581 0.331 0.631 0.721 0.721 0.921 0.341 0.681 0.391 0.391 0.102 0.362 0.000 0.883 0.363 0.263 0.463 0.000 1.044 1.164 0.000 0.108 0.588 0.658 0.578 0.118 0.168 0.678 0.728 0.000 0.398 0.000 0.000 0.182 0.000 0.674 0.000 0.000
0.922 1.212 0.262 0.000 0.431 0.561 0.000 0.243 0.893 0.413 0.783 0.283 0.000 0.525 0.375 0.000 1.150 0.850 1.250 0.630 0.620 0.207 0.497 0.000 0.518 1.667 0.009 0.710 0.000 0.763 0.453 0.053 0.312 1.032 0.000 1.451 1.431 1.271 0.011 0.651 0.441 0.331 0.621 0.231 0.511 0.621 0.541 0.441 0.151 0.021 0.000 1.123 0.173 1.073 0.363 0.473 1.033 1.333 0.000 0.488 0.548 0.518 0.688 0.108 0.328 0.748 0.718 0.648 0.558 1.028 0.000 0.210 0.651 0.771 0.000 0.000 0.000
0.000 0.152 0.272 0.291 0.351 0.000 1.043 0.553 1.313 0.053 0.000 0.383 0.573 0.002 0.285 0.505 0.000 0.380 0.950 0.108 0.000 1.231 0.183 0.640 0.820 0.000 0.650 0.000 0.393 0.473 0.103 0.272 0.982 0.000 1.231 1.361 1.041 0.411 0.361 0.261 0.551 0.491 0.891 0.861 0.271 0.181 0.851 0.601 1.691 1.081 1.091 0.132 1.172 0.073 1.173 0.843 0.923 0.073 0.743 0.000 0.878 0.888 0.418 0.000 0.708 0.328 0.628 0.508 0.508 0.578 0.029 0.869 0.000 0.000 0.551 0.000 0.444
0.601 0.000 0.000 0.241 0.000 0.000 0.983 0.863 0.583 0.000 0.000 0.693 0.000 0.290 0.000 0.000 0.000 2.129 0.000 1.224 0.334 0.000 1.261 0.520 0.900 1.400 0.000 0.502 0.292 0.163 0.303 0.982 0.000 0.981 1.011 1.431 0.181 0.581 0.581 0.631 0.471 0.501 0.000 0.591 0.601 0.721 0.851 0.841 0.021 0.951 0.251 1.081 0.101 1.022 0.001 0.000 0.230 0.150 0.000 0.988 0.848 1.138 0.000 0.748 0.238 0.418 1.908 1.628 0.618 0.000 0.059 0.709 0.569 2.159 0.000 0.214 0.684
0.341 0.000 0.000 0.071 0.000 0.803 0.983 0.893 1.863 1.633 0.000 0.733 0.000 0.870 0.000 1.029 0.779 1.269 0.072 2.284 0.000 0.000 1.251 0.090 1.050 0.000 0.782 0.732 0.252 0.212 0.823 0.000 0.901 0.761 1.081 0.291 0.331 0.391 0.361 0.331 0.000 0.661 0.571 0.221 0.571 0.451 0.731 0.631 1.811 0.041 0.531 0.391 1.091 0.000 0.848 1.118 0.688 0.198 0.328 0.948 1.098 0.000 0.478 0.698 0.000 0.068 0.000 1.128 0.000 1.159 1.109 0.539 0.949 0.000 0.000 0.614 0.484
0.431 0.411 0.000 1.151 0.048 1.273 2.103 1.873 1.133 0.000 1.171 0.041 1.190 0.290 0.240 0.000 1.699 0.000 0.039 1.524 0.494 0.000 0.009 1.590 0.000 0.842 0.712 0.492 0.032 0.972 0.000 0.821 0.311 0.321 0.301 0.311 0.291 0.671 0.571 0.501 0.471 0.371 0.661 0.531 0.771 0.841 0.651 0.091 0.000 0.000 0.021 0.690 0.220 1.038 1.078 0.768 0.738 0.558 0.318 0.000 0.000 0.238 0.548 0.000 1.848 1.278 1.218 0.000 1.329 1.199 0.000 1.179 1.059 0.000 1.194 1.334 0.000
1.231 0.811 1.231 1.171 0.000 1.263 0.000 1.153 0.000 1.351 0.000 0.060 1.440 0.370 0.160 0.289 0.119 1.099 0.000 1.664 1.684 1.644 0.037 0.000 0.522 0.000 0.962 0.082 1.032 0.000 1.141 0.000 0.770 0.720 1.330 0.640 1.470 0.220 0.440 0.400 0.521 0.481 0.631 0.621 0.041 0.721 0.811 0.381 0.661 0.251 1.920 0.830 0.000 0.608 1.078 0.002 0.278 0.708 0.788 0.198 0.968 1.028 1.168 0.448 1.348 0.028 0.248 1.439 1.019 0.000 1.149 1.169 0.000 0.164 1.314 0.994 0.454
1.221 0.000 0.981 0.000 1.461 0.000 1.491 0.000 1.451 0.000 0.160 1.290 0.270 1.540 0.000 1.128 0.748 0.000 1.674 1.774 1.574 0.000 1.432 2.082 0.862 0.782 1.012 1.102 0.832 0.882 0.000 1.010 0.560 0.800 0.540 0.100 1.120 1.020 0.630 0.590 0.350 0.160 0.000 0.531 0.791 0.261 0.271 0.921 0.661 1.281 0.220 0.099 0.000 1.217 0.285 0.483 0.000 0.208 0.668 0.588 0.338 2.198 0.000 0.508 1.528 1.458 0.718 0.019 0.419 1.339 0.789 0.000 0.000 0.000 0.000 0.000 0.964
0.000 0.091 1.191 0.461 0.000 1.307 0.000 1.287 0.000 0.300 1.330 0.360 0.230 0.560 0.330 1.308 0.156 1.244 1.744 1.714 0.000 0.000 0.942 2.242 0.222 1.062 0.000 1.032 0.071 0.061 0.370 0.480 0.430 0.910 1.010 1.690 0.860 1.430 0.000 0.610 0.680 0.610 0.700 0.000 1.010 0.880 0.760 0.000 1.431 0.019 1.337 1.407 0.125 0.000 1.172 0.752 0.902 0.007 0.000 1.568 0.000 1.378 1.478 1.398 1.428 0.668 1.378 1.558 0.278 0.000 0.629 0.000 0.000 0.133 0.000 0.000 0.000
1.230 0.000 0.000 1.291 0.000 0.467 1.087 1.307 0.000 1.310 0.021 0.071 0.741 0.220 0.320 0.229 0.000 1.614 1.724 1.664 0.000 1.327 0.000 0.000 0.602 0.702 0.792 0.000 1.020 0.130 0.400 0.980 0.380 0.430 0.640 0.550 0.110 1.340 1.380 0.780 0.410 0.360 0.260 0.130 1.520 0.190 1.520 1.200 0.090 1.397 0.237 1.287 0.233 1.122 1.452 0.000 0.112 0.730 0.590 0.182 0.532 0.000 0.618 0.000 0.000 1.478 1.618 0.298 1.438 1.388 0.000 0.001 0.097 0.000 0.307 0.307 0.000
1.350 0.330 1.100 0.000 0.093 0.000 1.247 0.000 0.023 0.032 0.352 0.362 0.371 0.381 0.731 0.000 1.674 1.874 1.574 0.000 0.367 0.147 0.000 1.522 0.842 0.000 0.000 1.040 0.320 1.290 0.030 0.340 0.950 1.030 0.610 1.030 1.680 0.930 1.460 0.000 0.470 0.580 0.470 0.030 1.520 0.240 1.420 0.600 1.540 0.119 1.557 0.176 1.492 1.322 1.752 1.722 1.192 0.120 0.740 0.650 0.000 1.388 0.698 1.298 0.000 0.000 0.000 1.328 1.378 0.000 0.137 0.607 0.257 0.227 0.317 0.467 0.217
