includes/camargue/floodfiles/results_R2_t1.562608011066E12/res-0010.wdfp
ncols         906
nrows         631
xllcorner     362177.146667
yllcorner     6534725.688020
cellsize      20.000000
NODATA_value  -9999.000000
[rows 476 to 509 of 631, columns 154 to 230 of 906]
0.000 0.000 0.000 0.001 0.001 0.002 0.002 0.005 0.002 0.002 0.003 0.004 0.005 0.014 0.034 0.057 0.082 0.078 0.075 0.077 0.082 0.089 0.110 0.126 0.140 0.153 0.165 0.161 0.158 0.155 0.152 0.149 0.147 0.144 0.133 0.125 0.119 0.124 0.133 0.140 0.146 0.151 0.155 0.158 0.160 0.161 0.157 0.154 0.142 0.127 0.114 0.101 0.090 0.079 0.068 0.059 0.052 0.047 0.045 0.042 0.038 0.036 0.045 0.063 0.067 0.000 0.000 0.105 0.094 0.000 0.072 0.000 0.436 0.000 0.182 0.006 0.014
0.000 0.000 0.000 0.000 0.001 0.002 0.003 0.005 0.002 0.002 0.003 0.004 0.007 0.025 0.048 0.073 0.089 0.082 0.081 0.083 0.087 0.093 0.103 0.123 0.138 0.152 0.159 0.155 0.152 0.149 0.146 0.144 0.142 0.141 0.137 0.128 0.125 0.136 0.145 0.153 0.159 0.164 0.168 0.171 0.174 0.175 0.174 0.166 0.148 0.132 0.117 0.103 0.090 0.078 0.068 0.059 0.051 0.046 0.041 0.041 0.040 0.041 0.045 0.049 0.000 0.000 0.023 0.000 0.000 0.000 0.068 0.057 0.000 0.162 0.180 0.000 0.010
0.000 0.000 0.000 0.000 0.001 0.002 0.005 0.005 0.003 0.002 0.002 0.004 0.017 0.039 0.064 0.089 0.093 0.087 0.086 0.089 0.093 0.097 0.102 0.116 0.134 0.149 0.150 0.147 0.144 0.141 0.138 0.136 0.135 0.135 0.136 0.133 0.139 0.151 0.162 0.170 0.177 0.183 0.188 0.191 0.193 0.195 0.195 0.180 0.160 0.142 0.125 0.109 0.096 0.083 0.072 0.063 0.055 0.048 0.041 0.039 0.039 0.040 0.042 0.042 0.035 0.043 0.047 0.048 0.049 0.048 0.056 0.000 0.000 0.146 0.006 0.019 0.479
0.000 0.000 0.000 0.000 0.001 0.002 0.006 0.005 0.003 0.004 0.007 0.011 0.031 0.057 0.083 0.109 0.100 0.095 0.094 0.095 0.098 0.102 0.106 0.110 0.126 0.139 0.137 0.134 0.131 0.128 0.125 0.123 0.122 0.123 0.127 0.136 0.148 0.161 0.171 0.179 0.184 0.188 0.191 0.192 0.192 0.191 0.188 0.176 0.156 0.136 0.119 0.103 0.088 0.076 0.065 0.055 0.047 0.040 0.036 0.042 0.040 0.040 0.040 0.039 0.039 0.000 0.000 0.000 0.000 0.067 0.067 0.068 0.084 0.110 0.007 0.021 0.027
0.000 0.000 0.000 0.000 0.001 0.006 0.009 0.009 0.012 0.018 0.027 0.038 0.052 0.083 0.112 0.125 0.115 0.108 0.105 0.105 0.106 0.108 0.110 0.112 0.112 0.120 0.118 0.118 0.119 0.120 0.121 0.124 0.128 0.135 0.144 0.139 0.134 0.152 0.164 0.173 0.179 0.184 0.186 0.188 0.188 0.187 0.180 0.171 0.153 0.132 0.113 0.096 0.081 0.068 0.057 0.048 0.040 0.031 0.039 0.046 0.042 0.039 0.037 0.032 0.000 0.021 0.023 0.033 0.047 0.068 0.083 0.081 0.085 0.086 0.001 0.009 0.000
0.000 0.000 0.000 0.001 0.019 0.048 0.049 0.054 0.062 0.071 0.082 0.094 0.106 0.120 0.151 0.150 0.139 0.131 0.125 0.121 0.119 0.118 0.116 0.114 0.110 0.126 0.127 0.129 0.130 0.132 0.135 0.139 0.145 0.153 0.163 0.139 0.126 0.140 0.156 0.167 0.174 0.179 0.182 0.184 0.184 0.180 0.172 0.163 0.151 0.129 0.109 0.091 0.075 0.061 0.050 0.040 0.032 0.033 0.041 0.047 0.046 0.041 0.036 0.029 0.021 0.028 0.034 0.042 0.051 0.055 0.000 0.093 0.079 0.072 0.052 0.036 0.000
0.000 0.001 0.020 0.059 0.100 0.119 0.123 0.129 0.137 0.146 0.156 0.166 0.177 0.188 0.198 0.186 0.173 0.161 0.151 0.143 0.136 0.131 0.126 0.120 0.124 0.143 0.150 0.151 0.153 0.155 0.158 0.162 0.168 0.176 0.165 0.141 0.128 0.124 0.146 0.160 0.169 0.175 0.178 0.180 0.181 0.174 0.166 0.157 0.148 0.128 0.107 0.087 0.070 0.055 0.043 0.033 0.029 0.036 0.043 0.049 0.053 0.053 0.040 0.033 0.030 0.036 0.042 0.050 0.057 0.063 0.068 0.079 0.074 0.070 0.060 0.046 0.031
0.041 0.072 0.105 0.143 0.188 0.194 0.199 0.206 0.213 0.222 0.226 0.223 0.221 0.218 0.221 0.221 0.207 0.194 0.182 0.171 0.161 0.153 0.145 0.137 0.152 0.171 0.186 0.189 0.190 0.191 0.193 0.196 0.201 0.207 0.171 0.145 0.131 0.124 0.133 0.152 0.163 0.170 0.175 0.178 0.175 0.168 0.161 0.152 0.143 0.129 0.107 0.086 0.067 0.050 0.037 0.026 0.033 0.039 0.045 0.049 0.052 0.000 0.048 0.039 0.038 0.043 0.050 0.057 0.064 0.070 0.068 0.072 0.078 0.076 0.000 0.056 0.042
0.132 0.167 0.202 0.237 0.266 0.267 0.259 0.253 0.247 0.242 0.238 0.235 0.233 0.230 0.239 0.250 0.244 0.230 0.217 0.205 0.193 0.183 0.173 0.171 0.191 0.210 0.226 0.239 0.239 0.239 0.240 0.241 0.244 0.225 0.184 0.155 0.137 0.127 0.122 0.142 0.157 0.167 0.173 0.175 0.170 0.164 0.157 0.149 0.140 0.130 0.110 0.088 0.067 0.048 0.032 0.032 0.039 0.044 0.049 0.053 0.056 0.049 0.049 0.045 0.046 0.050 0.056 0.063 0.069 0.064 0.059 0.051 0.000 0.089 0.077 0.066 0.052
0.229 0.248 0.262 0.276 0.284 0.279 0.271 0.265 0.259 0.254 0.250 0.248 0.245 0.245 0.258 0.269 0.279 0.268 0.254 0.241 0.229 0.218 0.207 0.217 0.237 0.255 0.271 0.286 0.295 0.294 0.294 0.294 0.295 0.249 0.206 0.172 0.149 0.136 0.129 0.131 0.152 0.164 0.171 0.171 0.167 0.161 0.154 0.146 0.138 0.128 0.114 0.092 0.071 0.050 0.040 0.046 0.051 0.056 0.061 0.065 0.068 0.069 0.061 0.056 0.055 0.058 0.063 0.068 0.063 0.056 0.048 0.036 0.002 0.000 0.000 0.000 0.000
0.234 0.250 0.265 0.278 0.284 0.290 0.284 0.277 0.271 0.266 0.263 0.260 0.257 0.264 0.276 0.288 0.298 0.306 0.292 0.279 0.266 0.255 0.245 0.266 0.285 0.303 0.319 0.335 0.349 0.353 0.352 0.351 0.330 0.279 0.234 0.197 0.170 0.153 0.142 0.134 0.146 0.162 0.169 0.168 0.164 0.159 0.152 0.145 0.137 0.128 0.118 0.099 0.077 0.058 0.063 0.068 0.072 0.076 0.080 0.084 0.087 0.091 0.082 0.073 0.068 0.068 0.070 0.063 0.055 0.047 0.038 0.026 0.002 0.000 0.000 0.000 0.004
0.236 0.252 0.267 0.278 0.285 0.291 0.296 0.289 0.283 0.279 0.275 0.272 0.270 0.283 0.295 0.306 0.317 0.327 0.330 0.317 0.304 0.292 0.296 0.316 0.335 0.353 0.369 0.385 0.399 0.413 0.412 0.411 0.363 0.312 0.266 0.227 0.199 0.179 0.165 0.153 0.142 0.161 0.166 0.166 0.163 0.158 0.152 0.144 0.136 0.128 0.119 0.106 0.084 0.084 0.089 0.093 0.097 0.100 0.104 0.107 0.110 0.114 0.108 0.097 0.088 0.082 0.069 0.057 0.048 0.039 0.029 0.018 0.002 0.000 0.036 0.021 0.007
0.236 0.253 0.268 0.278 0.285 0.291 0.298 0.302 0.296 0.291 0.287 0.284 0.287 0.301 0.314 0.325 0.336 0.346 0.356 0.355 0.342 0.330 0.347 0.367 0.386 0.404 0.420 0.435 0.450 0.464 0.474 0.453 0.398 0.347 0.300 0.261 0.232 0.211 0.196 0.184 0.169 0.160 0.166 0.166 0.163 0.158 0.152 0.145 0.137 0.129 0.120 0.111 0.106 0.112 0.116 0.120 0.123 0.127 0.130 0.133 0.136 0.138 0.138 0.125 0.113 0.092 0.069 0.053 0.041 0.032 0.022 0.012 0.001 0.000 0.000 0.000 0.010
0.235 0.253 0.269 0.277 0.285 0.292 0.299 0.306 0.308 0.303 0.299 0.297 0.306 0.320 0.332 0.344 0.355 0.365 0.375 0.385 0.380 0.377 0.398 0.419 0.437 0.455 0.471 0.487 0.501 0.504 0.501 0.457 0.396 0.338 0.284 0.238 0.202 0.175 0.154 0.135 0.115 0.123 0.129 0.131 0.129 0.125 0.120 0.114 0.108 0.101 0.094 0.092 0.111 0.123 0.134 0.144 0.151 0.154 0.156 0.159 0.162 0.164 0.167 0.156 0.132 0.101 0.073 0.050 0.036 0.025 0.016 0.008 0.003 0.004 0.007 0.007 0.008
0.233 0.253 0.267 0.276 0.285 0.292 0.300 0.307 0.314 0.315 0.311 0.309 0.324 0.338 0.351 0.363 0.374 0.384 0.394 0.404 0.415 0.429 0.442 0.445 0.447 0.448 0.447 0.445 0.443 0.439 0.428 0.393 0.335 0.276 0.222 0.175 0.139 0.112 0.092 0.077 0.080 0.088 0.091 0.092 0.090 0.087 0.082 0.076 0.069 0.063 0.058 0.078 0.099 0.111 0.121 0.131 0.140 0.150 0.159 0.168 0.177 0.185 0.193 0.179 0.146 0.113 0.081 0.053 0.032 0.020 0.012 0.006 0.003 0.002 0.000 0.016 0.007
0.230 0.252 0.265 0.275 0.284 0.292 0.300 0.308 0.315 0.323 0.323 0.328 0.343 0.357 0.370 0.381 0.392 0.390 0.388 0.387 0.385 0.373 0.377 0.380 0.382 0.383 0.382 0.381 0.378 0.374 0.349 0.315 0.274 0.214 0.158 0.111 0.074 0.048 0.034 0.033 0.047 0.053 0.052 0.054 0.052 0.048 0.043 0.037 0.031 0.028 0.041 0.064 0.085 0.098 0.108 0.118 0.127 0.136 0.145 0.154 0.163 0.172 0.183 0.184 0.154 0.125 0.093 0.061 0.034 0.017 0.009 0.004 0.002 0.002 0.000 0.027 0.010
0.224 0.249 0.263 0.274 0.284 0.292 0.300 0.308 0.316 0.324 0.333 0.343 0.345 0.347 0.348 0.348 0.347 0.345 0.343 0.341 0.334 0.320 0.312 0.316 0.318 0.318 0.318 0.316 0.313 0.305 0.271 0.236 0.202 0.151 0.094 0.044 0.012 0.006 0.007 0.011 0.016 0.019 0.017 0.015 0.013 0.010 0.007 0.005 0.005 0.008 0.030 0.050 0.070 0.086 0.095 0.105 0.114 0.123 0.132 0.140 0.149 0.159 0.175 0.186 0.157 0.127 0.097 0.068 0.044 0.022 0.007 0.003 0.002 0.001 0.000 0.000 0.006
0.218 0.244 0.260 0.273 0.283 0.292 0.299 0.304 0.308 0.313 0.314 0.296 0.299 0.301 0.303 0.303 0.302 0.300 0.298 0.296 0.284 0.270 0.256 0.251 0.253 0.254 0.253 0.251 0.248 0.227 0.192 0.157 0.123 0.089 0.030 0.001 0.000 0.000 0.000 0.000 0.000 0.000 0.000 0.000 0.000 0.000 0.000 0.000 0.000 0.003 0.017 0.036 0.055 0.073 0.082 0.092 0.100 0.109 0.118 0.127 0.136 0.151 0.167 0.183 0.159 0.129 0.099 0.069 0.000 0.000 0.010 0.003 0.001 0.000 0.000 0.000 0.004
0.210 0.239 0.254 0.264 0.272 0.278 0.283 0.287 0.291 0.295 0.286 0.265 0.252 0.255 0.257 0.257 0.257 0.255 0.253 0.248 0.234 0.219 0.205 0.190 0.189 0.189 0.189 0.186 0.182 0.148 0.113 0.078 0.043 0.011 0.000 0.000 0.000 0.000 0.000 0.000 0.000 0.000 0.000 0.000 0.000 0.000 0.000 0.000 0.000 0.001 0.005 0.021 0.039 0.058 0.069 0.078 0.087 0.096 0.104 0.113 0.128 0.143 0.159 0.174 0.160 0.130 0.100 0.070 0.040 0.011 0.006 0.002 0.000 0.000 0.000 0.000 0.004
0.198 0.218 0.235 0.246 0.254 0.261 0.266 0.270 0.274 0.277 0.258 0.236 0.217 0.208 0.211 0.212 0.211 0.210 0.207 0.198 0.183 0.168 0.154 0.139 0.124 0.125 0.124 0.121 0.103 0.068 0.033 0.004 0.000 0.000 0.000 0.000 0.000 0.000 0.000 0.000 0.000 0.000 0.000 0.000 0.000 0.000 0.000 0.000 0.000 0.001 0.002 0.007 0.024 0.041 0.056 0.065 0.073 0.082 0.090 0.104 0.119 0.135 0.150 0.166 0.162 0.132 0.102 0.072 0.042 0.012 0.004 0.001 0.000 0.000 0.000 0.000 0.003
0.187 0.203 0.216 0.228 0.237 0.243 0.248 0.252 0.256 0.252 0.229 0.207 0.188 0.169 0.164 0.166 0.166 0.164 0.161 0.147 0.132 0.117 0.103 0.088 0.073 0.061 0.059 0.055 0.024 0.001 0.000 0.000 0.000 0.000 0.000 0.000 0.000 0.000 0.000 0.000 0.000 0.000 0.000 0.000 0.000 0.000 0.000 0.000 0.000 0.001 0.002 0.002 0.009 0.025 0.043 0.052 0.060 0.068 0.081 0.096 0.111 0.126 0.142 0.157 0.163 0.133 0.103 0.073 0.043 0.013 0.002 0.000 0.000 0.000 0.000 0.000 0.002
0.177 0.192 0.199 0.209 0.218 0.225 0.230 0.234 0.236 0.223 0.199 0.178 0.158 0.140 0.122 0.120 0.120 0.118 0.112 0.096 0.081 0.066 0.051 0.036 0.020 0.007 0.002 0.000 0.000 0.000 0.000 0.000 0.000 0.000 0.000 0.000 0.000 0.000 0.000 0.000 0.000 0.000 0.000 0.000 0.000 0.000 0.000 0.000 0.000 0.001 0.002 0.002 0.003 0.010 0.027 0.038 0.046 0.058 0.072 0.087 0.102 0.117 0.132 0.148 0.163 0.133 0.103 0.073 0.043 0.013 0.001 0.000 0.000 0.000 0.000 0.000 0.001
0.167 0.180 0.187 0.191 0.199 0.206 0.211 0.215 0.217 0.193 0.170 0.148 0.128 0.109 0.092 0.075 0.075 0.072 0.061 0.045 0.029 0.014 0.004 0.000 0.000 0.000 0.000 0.000 0.000 0.000 0.000 0.000 0.000 0.000 0.000 0.000 0.000 0.000 0.000 0.000 0.000 0.000 0.000 0.000 0.000 0.000 0.000 0.000 0.000 0.001 0.001 0.002 0.002 0.004 0.011 0.025 0.036 0.050 0.064 0.079 0.093 0.108 0.123 0.138 0.153 0.133 0.102 0.072 0.042 0.012 0.002 0.000 0.000 0.000 0.000 0.000 0.000
0.158 0.169 0.175 0.178 0.178 0.186 0.191 0.194 0.188 0.163 0.140 0.118 0.098 0.079 0.062 0.045 0.028 0.025 0.010 0.002 0.000 0.000 0.000 0.000 0.000 0.000 0.000 0.000 0.000 0.000 0.000 0.000 0.000 0.000 0.000 0.000 0.000 0.000 0.000 0.000 0.000 0.000 0.000 0.000 0.000 0.000 0.000 0.000 0.001 0.002 0.002 0.003 0.003 0.004 0.006 0.014 0.028 0.042 0.056 0.070 0.084 0.098 0.112 0.127 0.141 0.131 0.100 0.070 0.039 0.021 0.005 0.000 0.000 0.000 0.000 0.000 0.001
0.148 0.158 0.162 0.164 0.164 0.164 0.170 0.173 0.157 0.133 0.110 0.089 0.068 0.050 0.032 0.015 0.003 0.000 0.000 0.000 0.000 0.000 0.000 0.000 0.000 0.000 0.000 0.000 0.000 0.000 0.000 0.000 0.000 0.000 0.000 0.000 0.000 0.000 0.000 0.000 0.000 0.000 0.000 0.000 0.000 0.000 0.000 0.000 0.001 0.002 0.002 0.003 0.003 0.005 0.007 0.008 0.016 0.030 0.045 0.060 0.074 0.088 0.101 0.115 0.128 0.127 0.096 0.066 0.048 0.029 0.012 0.001 0.000 0.000 0.000 0.000 0.000
0.138 0.146 0.149 0.150 0.149 0.147 0.147 0.150 0.127 0.104 0.082 0.060 0.034 0.010 0.000 0.000 0.000 0.000 0.000 0.000 0.000 0.000 0.000 0.000 0.000 0.000 0.000 0.000 0.000 0.000 0.000 0.000 0.000 0.000 0.000 0.000 0.000 0.000 0.000 0.000 0.000 0.000 0.000 0.000 0.000 0.000 0.000 0.000 0.001 0.002 0.002 0.003 0.004 0.005 0.005 0.005 0.006 0.017 0.031 0.046 0.060 0.074 0.088 0.101 0.113 0.119 0.091 0.072 0.054 0.036 0.018 0.003 0.000 0.000 0.000 0.000 0.000
0.128 0.133 0.135 0.134 0.132 0.129 0.124 0.114 0.086 0.056 0.025 0.003 0.000 0.000 0.000 0.000 0.000 0.000 0.000 0.000 0.000 0.000 0.000 0.000 0.000 0.000 0.000 0.000 0.000 0.000 0.000 0.000 0.000 0.000 0.000 0.000 0.000 0.000 0.000 0.000 0.000 0.000 0.000 0.000 0.000 0.000 0.000 0.000 0.000 0.002 0.002 0.003 0.004 0.004 0.004 0.003 0.003 0.006 0.018 0.032 0.045 0.058 0.069 0.079 0.088 0.113 0.092 0.074 0.057 0.039 0.022 0.006 0.000 0.000 0.000 0.000 0.000
0.116 0.119 0.120 0.120 0.119 0.115 0.109 0.057 0.017 0.001 0.000 0.000 0.000 0.000 0.000 0.000 0.000 0.000 0.000 0.000 0.000 0.000 0.000 0.000 0.000 0.000 0.000 0.000 0.000 0.000 0.000 0.000 0.000 0.000 0.000 0.000 0.000 0.000 0.000 0.000 0.000 0.000 0.000 0.000 0.000 0.000 0.000 0.000 0.000 0.001 0.002 0.003 0.003 0.003 0.003 0.003 0.002 0.003 0.006 0.018 0.030 0.041 0.049 0.053 0.073 0.113 0.100 0.078 0.056 0.039 0.023 0.008 0.001 0.000 0.000 0.000 0.000
0.111 0.113 0.113 0.112 0.108 0.103 0.087 0.024 0.000 0.000 0.000 0.000 0.000 0.000 0.000 0.000 0.000 0.000 0.000 0.000 0.000 0.000 0.000 0.000 0.000 0.000 0.000 0.000 0.000 0.000 0.000 0.000 0.000 0.000 0.000 0.000 0.000 0.000 0.000 0.000 0.000 0.000 0.000 0.000 0.000 0.000 0.000 0.000 0.000 0.000 0.001 0.002 0.002 0.002 0.002 0.002 0.001 0.001 0.002 0.006 0.015 0.024 0.025 0.040 0.068 0.111 0.106 0.084 0.062 0.040 0.021 0.007 0.001 0.000 0.000 0.000 0.000
0.108 0.108 0.106 0.103 0.097 0.090 0.051 0.002 0.000 0.000 0.000 0.000 0.000 0.000 0.000 0.000 0.000 0.000 0.000 0.000 0.000 0.000 0.000 0.000 0.000 0.000 0.000 0.000 0.000 0.000 0.000 0.000 0.000 0.000 0.000 0.000 0.000 0.000 0.000 0.000 0.000 0.000 0.000 0.000 0.000 0.000 0.000 0.000 0.000 0.000 0.000 0.000 0.000 0.000 0.000 0.000 0.000 0.000 0.000 0.001 0.003 0.006 0.017 0.032 0.062 0.107 0.111 0.088 0.066 0.044 0.023 0.007 0.001 0.000 0.000 0.000 0.000
0.105 0.102 0.099 0.094 0.087 0.079 0.020 0.000 0.000 0.000 0.000 0.000 0.000 0.000 0.000 0.000 0.000 0.000 0.000 0.000 0.000 0.000 0.000 0.000 0.000 0.000 0.000 0.000 0.000 0.000 0.000 0.000 0.000 0.000 0.000 0.000 0.000 0.000 0.000 0.000 0.000 0.000 0.000 0.000 0.000 0.000 0.000 0.000 0.000 0.000 0.000 0.000 0.000 0.000 0.000 0.000 0.000 0.000 0.000 0.000 0.000 0.004 0.012 0.026 0.057 0.103 0.114 0.092 0.070 0.048 0.026 0.007 0.001 0.000 0.000 0.000 0.000
0.103 0.097 0.091 0.085 0.076 0.052 0.000 0.000 0.000 0.000 0.000 0.000 0.000 0.000 0.000 0.000 0.000 0.000 0.000 0.000 0.000 0.000 0.000 0.000 0.000 0.000 0.000 0.000 0.000 0.000 0.000 0.000 0.000 0.000 0.000 0.000 0.000 0.000 0.000 0.000 0.000 0.000 0.000 0.000 0.000 0.000 0.000 0.000 0.000 0.000 0.000 0.000 0.000 0.000 0.000 0.000 0.000 0.000 0.000 0.000 0.000 0.003 0.008 0.020 0.051 0.098 0.116 0.094 0.073 0.051 0.029 0.008 0.001 0.000 0.000 0.000 0.000
0.101 0.093 0.085 0.076 0.065 0.022 0.000 0.000 0.000 0.000 0.000 0.000 0.000 0.000 0.000 0.000 0.000 0.000 0.000 0.000 0.000 0.000 0.000 0.000 0.000 0.000 0.000 0.000 0.000 0.000 0.000 0.000 0.000 0.000 0.000 0.000 0.000 0.000 0.000 0.000 0.000 0.000 0.000 0.000 0.000 0.000 0.000 0.000 0.000 0.000 0.000 0.000 0.000 0.000 0.000 0.000 0.000 0.000 0.000 0.000 0.000 0.002 0.006 0.016 0.046 0.092 0.118 0.096 0.075 0.053 0.031 0.010 0.001 0.000 0.000 0.000 0.000
0.095 0.089 0.078 0.068 0.059 0.001 0.000 0.000 0.000 0.000 0.000 0.000 0.000 0.000 0.000 0.000 0.000 0.000 0.000 0.000 0.000 0.000 0.000 0.000 0.000 0.000 0.001 0.000 0.000 0.000 0.000 0.000 0.000 0.000 0.000 0.000 0.000 0.000 0.000 0.000 0.000 0.000 0.000 0.000 0.000 0.000 0.000 0.000 0.000 0.000 0.000 0.000 0.000 0.000 0.000 0.000 0.000 0.000 0.000 0.000 0.000 0.001 0.004 0.012 0.040 0.086 0.119 0.097 0.075 0.054 0.032 0.010 0.004 0.001 0.000 0.000 0.000
