includes/camargue/floodfiles/results_R2_t1.562608011066E12/res-0002.wdfp
ncols         906
nrows         631
xllcorner     362177.146667
yllcorner     6534725.688020
cellsize      20.000000
NODATA_value  -9999.000000
[rows 340 to 373 of 631, columns 770 to 846 of 906]
0.000 0.000 0.000 0.000 0.000 0.000 0.000 0.000 0.000 0.000 0.000 0.000 0.000 0.000 0.000 0.000 0.000 0.000 0.000 0.000 0.000 0.000 0.000 0.000 0.000 0.000 0.000 0.000 0.000 0.000 0.000 0.000 0.895 1.675 2.105 2.285 2.305 2.255 2.405 2.585 2.565 2.566 2.626 2.636 2.756 2.816 2.736 2.796 2.816 2.806 2.756 2.756 2.826 2.786 2.976 2.767 2.867 2.887 2.787 2.677 2.647 2.767 2.647 2.407 2.307 2.377 2.887 2.597 2.557 2.186 2.216 2.276 2.265 2.005 1.884 2.094 1.723
0.000 0.000 0.000 0.000 0.000 0.000 0.000 0.000 0.000 0.000 0.000 0.000 0.000 0.000 0.000 0.000 0.000 0.000 0.000 0.000 0.000 0.000 0.000 0.000 0.000 0.000 0.000 0.000 0.000 0.000 0.835 1.675 2.175 2.185 2.375 2.405 2.345 2.655 2.405 2.545 2.655 2.765 2.645 2.745 2.896 2.756 2.826 2.786 2.856 2.846 2.926 2.896 2.926 3.037 2.906 2.806 2.896 2.856 2.817 2.777 2.777 2.817 2.757 2.567 2.567 2.317 2.287 2.307 2.666 2.586 2.416 2.526 2.345 2.325 2.184 1.874 2.123
0.000 0.000 0.000 0.000 0.000 0.000 0.000 0.000 0.000 0.000 0.000 0.000 0.000 0.000 0.000 0.000 0.000 0.000 0.000 0.000 0.000 0.000 0.000 0.000 0.000 0.000 0.000 0.000 0.674 1.584 2.154 2.345 2.295 2.485 2.355 2.545 2.635 2.445 2.655 2.595 2.595 2.685 2.765 2.745 2.815 2.875 2.856 2.850 2.796 2.896 3.032 2.766 3.097 3.088 3.079 2.906 2.866 3.053 2.846 2.897 2.727 2.707 2.707 2.687 2.517 2.477 2.517 2.147 2.176 2.256 2.456 2.505 2.425 2.365 2.324 2.244 2.183
0.000 0.000 0.000 0.000 0.000 0.000 0.000 0.000 0.000 0.000 0.000 0.000 0.000 0.000 0.000 0.000 0.000 0.000 0.000 0.000 0.000 0.000 0.000 0.000 0.000 0.000 0.283 1.344 2.264 2.294 2.274 2.384 2.465 2.415 2.515 2.605 2.685 2.645 2.585 2.575 2.875 2.815 2.765 2.805 2.713 2.815 2.834 2.825 2.806 2.896 3.076 3.136 3.149 3.140 3.131 3.122 2.896 3.105 3.096 3.087 2.846 2.767 2.837 2.727 2.677 2.637 2.536 2.346 2.076 2.166 2.036 2.175 2.315 2.595 2.384 2.314 2.363
0.000 0.000 0.000 0.000 0.000 0.000 0.000 0.000 0.000 0.000 0.000 0.000 0.000 0.000 0.000 0.000 0.000 0.000 0.000 0.000 0.000 0.000 0.000 0.000 0.000 1.074 2.114 2.334 2.324 2.354 2.464 2.444 2.554 2.464 2.544 2.694 2.724 2.605 2.685 2.455 2.755 2.835 2.636 2.895 2.805 2.905 2.878 2.939 2.925 3.060 3.120 3.181 3.201 3.192 3.183 3.174 3.165 3.156 3.148 3.139 3.130 3.106 2.776 2.836 2.726 2.656 2.666 2.526 2.176 1.966 1.836 1.755 1.825 1.974 2.264 2.653 2.483
0.000 0.000 0.000 0.000 0.000 0.000 0.000 0.000 0.000 0.000 0.000 0.000 0.000 0.000 0.000 0.000 0.000 0.000 0.000 0.000 0.000 0.000 0.000 0.723 1.723 2.253 2.264 2.484 2.514 2.434 2.394 2.544 2.494 2.654 2.654 2.614 2.774 2.894 2.854 2.744 2.874 2.855 2.905 2.875 2.925 2.862 2.923 2.983 3.043 3.104 3.164 3.225 3.252 3.243 3.235 3.226 3.217 3.208 3.199 3.190 2.906 2.856 3.102 2.826 2.866 2.866 2.756 2.596 2.316 2.246 2.065 1.945 2.005 1.934 1.704 2.163 2.473
0.000 0.000 0.000 0.000 0.000 0.000 0.000 0.000 0.000 0.000 0.000 0.000 0.000 0.000 0.000 0.000 0.000 0.000 0.000 0.000 0.000 0.322 1.403 2.133 2.283 2.263 2.383 2.464 2.484 2.654 2.654 2.644 2.554 2.694 2.634 2.774 2.874 2.914 2.894 2.874 2.914 2.834 2.925 2.925 2.846 2.906 2.967 3.027 3.088 3.148 3.209 3.269 3.304 3.295 3.286 3.278 3.269 3.260 3.251 3.227 3.195 3.163 2.876 2.826 2.796 2.836 2.686 2.536 2.566 2.385 2.225 2.115 1.955 1.964 1.634 1.483 2.042
0.000 0.000 0.000 0.000 0.000 0.000 0.000 0.000 0.000 0.000 0.000 0.000 0.000 0.000 0.000 0.000 0.000 0.000 0.000 0.000 0.962 1.792 2.222 2.303 2.403 2.393 2.503 2.443 2.563 2.714 2.554 2.684 2.704 2.814 2.523 2.744 2.864 2.894 2.834 2.706 2.742 2.874 2.815 2.852 2.890 2.951 3.011 3.072 3.132 3.192 3.253 3.313 3.356 3.347 3.338 3.329 3.320 3.312 3.288 3.256 3.224 3.191 3.159 3.127 2.816 2.786 2.666 2.556 2.526 2.515 2.515 2.085 1.924 1.824 1.634 1.423 1.932
0.000 0.000 0.000 0.000 0.000 0.000 0.000 0.000 0.000 0.000 0.000 0.000 0.000 0.000 0.000 0.000 0.000 0.000 0.452 1.562 2.232 2.232 2.402 2.442 2.403 2.393 2.703 2.553 2.553 2.633 2.833 2.744 2.664 2.754 2.814 2.804 2.814 2.894 2.924 2.789 2.826 2.862 2.904 2.935 2.972 3.009 3.055 3.116 3.176 3.237 3.297 3.358 3.407 3.398 3.390 3.381 3.372 3.348 3.316 3.284 3.252 3.220 3.188 2.896 2.896 2.796 2.716 2.636 2.716 2.635 2.595 2.345 2.184 1.964 1.624 1.383 1.912
0.000 0.000 0.000 0.000 0.000 0.000 0.000 0.000 0.000 0.000 0.000 0.000 0.000 0.000 0.000 0.000 0.000 0.992 2.022 2.202 2.342 2.402 2.252 2.452 2.482 2.563 2.613 2.673 2.773 2.763 2.773 2.853 2.673 2.913 2.853 2.884 2.763 2.799 2.836 2.924 2.909 2.946 2.982 3.019 3.056 3.092 3.129 3.165 3.221 3.281 3.341 3.402 3.459 3.450 3.441 3.433 3.409 3.377 3.345 3.313 3.281 3.249 3.217 3.184 2.826 2.776 2.796 2.726 2.696 2.745 2.555 2.435 2.314 2.064 1.884 1.443 1.592
0.000 0.000 0.000 0.000 0.000 0.000 0.000 0.000 0.000 0.000 0.000 0.000 0.000 0.000 0.000 0.521 1.571 2.091 2.301 2.381 2.342 2.482 2.432 2.542 2.622 2.682 2.593 2.753 2.713 2.663 2.703 2.753 2.703 2.803 2.773 2.883 2.733 2.923 2.919 2.956 2.993 3.029 3.066 3.102 3.139 3.176 3.212 3.249 3.286 3.325 3.386 3.446 3.507 3.502 3.493 3.469 3.437 3.405 3.373 3.341 3.309 3.277 3.245 3.213 3.181 2.746 2.776 2.876 2.666 2.655 2.595 2.555 2.224 2.324 1.784 1.573 1.472
0.000 0.000 0.000 0.000 0.000 0.000 0.000 0.000 0.000 0.000 0.000 0.000 0.000 0.000 1.091 2.051 2.201 2.431 2.391 2.561 2.551 2.401 2.601 2.542 2.552 2.772 2.662 2.792 2.863 2.793 2.723 2.913 2.883 2.913 2.857 2.893 2.923 2.966 3.003 3.039 3.076 3.113 3.149 3.186 3.222 3.259 3.296 3.332 3.369 3.406 3.442 3.491 3.551 3.554 3.530 3.498 3.466 3.434 3.402 3.370 3.338 3.306 3.274 3.242 3.210 3.177 2.846 2.886 2.766 2.635 2.535 2.505 2.364 2.144 1.873 1.573 1.542
0.000 0.000 0.000 0.000 0.000 0.000 0.000 0.000 0.000 0.000 0.000 0.000 0.510 1.530 2.140 2.221 2.281 2.351 2.391 2.541 2.551 2.671 2.461 2.681 2.632 2.592 2.632 2.772 2.722 2.752 2.903 2.625 2.853 2.875 2.940 2.977 3.013 3.050 3.086 3.123 3.159 3.196 3.232 3.269 3.306 3.342 3.379 3.416 3.452 3.489 3.526 3.562 3.599 3.590 3.558 3.526 3.494 3.462 3.430 3.398 3.366 3.334 3.302 3.270 3.238 3.206 2.816 2.716 2.706 2.675 2.575 2.605 2.234 2.144 2.043 1.633 1.602
0.000 0.000 0.000 0.000 0.000 0.000 0.000 0.000 0.000 0.000 0.000 1.159 2.070 2.270 2.300 2.560 2.500 2.381 2.521 2.571 2.671 2.481 2.721 2.601 2.752 2.732 2.832 2.842 2.792 2.912 2.584 2.922 2.834 2.959 3.023 3.060 3.097 3.133 3.170 3.206 3.243 3.279 3.316 3.353 3.389 3.426 3.463 3.499 3.536 3.573 3.609 3.626 3.637 3.647 3.615 3.583 3.550 3.518 3.486 3.454 3.422 3.390 3.358 3.326 3.294 2.756 2.846 2.706 2.706 2.565 2.635 2.395 2.194 1.944 1.783 1.902 1.542
0.000 0.000 0.000 0.000 0.000 0.000 0.000 0.000 0.000 0.559 1.609 2.159 2.350 2.270 2.340 2.410 2.470 2.580 2.541 2.611 2.751 2.761 2.701 2.801 2.601 2.641 2.732 2.792 2.732 2.543 2.668 2.882 2.918 3.043 3.107 3.143 3.180 3.217 3.253 3.290 3.326 3.363 3.399 3.436 3.473 3.509 3.546 3.583 3.618 3.629 3.641 3.652 3.664 3.673 3.673 3.641 3.609 3.577 3.545 3.513 3.481 3.449 3.417 3.385 3.353 2.626 2.406 2.636 2.466 2.525 2.425 2.265 2.014 1.894 1.683 1.522 1.572
0.000 0.000 0.000 0.000 0.000 0.000 0.000 0.000 1.019 2.119 2.229 2.349 2.489 2.400 2.410 2.460 2.590 2.630 2.550 2.671 2.821 2.601 2.821 2.711 2.761 2.731 2.831 2.378 2.701 2.842 2.752 2.912 3.002 3.127 3.190 3.227 3.263 3.300 3.337 3.373 3.410 3.446 3.483 3.520 3.556 3.593 3.621 3.633 3.645 3.656 3.668 3.679 3.690 3.700 3.709 3.700 3.668 3.636 3.604 3.572 3.540 3.507 3.475 3.443 3.411 2.726 2.376 2.276 2.346 2.456 2.465 2.095 1.715 1.354 0.973 1.322 1.931
0.000 0.000 0.000 0.000 0.000 0.000 0.298 1.529 2.299 2.399 2.359 2.499 2.399 2.570 2.590 2.550 2.590 2.640 2.760 2.820 2.730 2.580 2.880 2.751 2.811 2.861 2.781 2.466 2.911 2.881 2.837 2.962 3.087 3.212 3.273 3.310 3.347 3.383 3.420 3.457 3.493 3.530 3.566 3.603 3.625 3.637 3.648 3.660 3.671 3.683 3.695 3.706 3.717 3.726 3.735 3.745 3.726 3.694 3.662 3.630 3.598 3.566 3.534 3.502 3.470 2.866 2.326 2.086 2.066 2.076 1.715 1.535 0.984 1.074 0.883 1.182 1.851
0.000 0.000 0.000 0.000 0.000 0.829 1.829 2.219 2.339 2.499 2.419 2.539 2.449 2.640 2.680 2.640 2.720 2.740 2.710 2.780 2.610 2.740 2.830 2.791 2.721 2.851 2.811 2.801 2.861 2.796 2.921 3.046 3.171 3.296 3.357 3.393 3.430 3.467 3.503 3.540 3.577 3.613 3.628 3.640 3.652 3.663 3.675 3.687 3.698 3.710 3.722 3.733 3.743 3.752 3.762 3.771 3.780 3.753 3.721 3.689 3.657 3.625 3.593 3.561 3.529 3.496 2.506 2.316 1.866 1.536 1.436 0.795 0.544 0.424 0.962 1.241 1.391
0.000 0.000 0.000 0.000 1.128 2.159 2.259 2.379 2.429 2.419 2.509 2.549 2.719 2.789 2.769 2.879 2.700 2.740 2.680 2.660 2.740 2.261 2.800 2.870 2.800 2.861 2.771 2.752 2.834 2.916 3.005 3.130 3.255 3.380 3.440 3.477 3.514 3.550 3.587 3.620 3.632 3.644 3.655 3.667 3.679 3.690 3.702 3.714 3.725 3.737 3.749 3.760 3.769 3.779 3.788 3.797 3.807 3.811 3.779 3.747 3.715 3.683 3.651 3.619 3.587 3.555 3.523 2.546 1.936 1.636 1.186 0.506 0.000 0.000 0.301 1.001 1.161
0.000 0.000 0.151 1.398 2.218 2.438 2.379 2.459 2.419 2.529 2.649 2.749 2.769 2.679 2.639 2.709 2.799 2.830 2.690 2.880 2.730 2.900 2.870 2.890 2.910 2.880 2.814 2.920 2.911 3.059 3.141 3.223 3.340 3.465 3.524 3.560 3.597 3.624 3.636 3.647 3.659 3.671 3.682 3.694 3.706 3.717 3.729 3.741 3.752 3.764 3.776 3.786 3.796 3.805 3.815 3.824 3.833 3.843 3.838 3.806 3.774 3.742 3.710 3.678 3.646 3.614 3.582 3.517 2.096 1.676 1.426 1.016 0.072 0.000 0.000 0.000 0.461
0.000 0.648 1.708 2.188 2.318 2.378 2.439 2.589 2.679 2.659 2.649 2.809 2.809 2.759 2.809 2.869 2.889 2.809 2.689 2.880 2.810 2.548 2.630 2.712 2.900 2.920 2.957 3.039 2.910 3.203 3.284 3.366 3.448 3.549 3.607 3.628 3.639 3.651 3.663 3.674 3.686 3.697 3.709 3.721 3.732 3.744 3.756 3.768 3.779 3.791 3.803 3.813 3.822 3.832 3.841 3.850 3.860 3.869 3.878 3.864 3.833 3.800 3.768 3.736 3.704 3.672 3.640 3.503 2.846 1.986 1.846 1.146 0.866 0.000 0.000 0.000 0.000
0.968 2.048 2.298 2.348 2.518 2.548 2.548 2.698 2.599 2.729 2.799 2.629 2.829 2.769 2.679 2.819 2.789 2.749 2.446 2.709 2.829 2.830 2.773 2.855 2.937 3.018 3.100 3.182 3.264 3.346 3.428 3.510 3.591 3.626 3.643 3.655 3.666 3.678 3.689 3.701 3.713 3.724 3.736 3.748 3.759 3.771 3.783 3.794 3.806 3.818 3.829 3.839 3.849 3.858 3.867 3.877 3.886 3.895 3.905 3.914 3.891 3.859 3.827 3.795 3.763 3.731 3.699 3.489 3.257 3.026 2.056 1.626 1.626 1.146 0.436 0.000 0.000
2.128 2.348 2.318 2.438 2.448 2.538 2.638 2.718 2.779 2.769 2.779 2.799 2.869 2.799 2.320 2.919 2.849 2.839 2.799 2.899 2.919 2.919 2.916 2.998 3.080 3.162 3.243 3.325 3.407 3.489 3.571 3.614 3.628 3.642 3.661 3.681 3.693 3.705 3.716 3.728 3.740 3.751 3.763 3.775 3.786 3.798 3.810 3.821 3.833 3.845 3.856 3.866 3.875 3.884 3.894 3.903 3.912 3.922 3.931 3.941 3.950 3.918 3.886 3.854 3.822 3.790 3.706 3.474 3.243 3.012 2.781 2.846 2.216 1.636 1.306 1.226 0.647
2.378 2.538 2.418 2.518 2.558 2.648 2.678 2.718 2.708 2.839 2.769 2.829 2.819 2.879 2.809 2.528 2.859 2.658 2.849 2.814 2.889 2.978 3.060 3.141 3.223 2.879 2.849 3.469 3.551 3.602 3.616 3.631 3.645 3.659 3.679 3.698 3.718 3.732 3.743 3.755 3.767 3.778 3.790 3.801 3.813 3.825 3.837 3.848 3.860 3.872 3.883 3.892 3.901 3.911 3.920 3.929 3.939 3.948 3.958 3.967 3.976 3.976 3.944 3.912 3.880 3.848 3.691 3.460 3.229 2.998 2.767 2.535 2.304 2.073 1.842 2.696 1.996
2.467 2.538 2.628 2.658 2.778 2.588 2.778 2.758 2.818 2.898 2.859 2.411 2.476 2.709 2.829 2.671 2.736 2.859 2.869 2.889 3.039 3.121 3.203 3.285 3.366 3.448 3.530 3.591 3.605 3.619 3.633 3.647 3.661 3.676 3.696 3.716 3.735 3.755 3.770 3.782 3.793 3.805 3.817 3.828 3.840 3.852 3.863 3.875 3.887 3.899 3.909 3.918 3.928 3.937 3.947 3.956 3.965 3.975 3.984 3.993 4.003 4.012 4.003 3.971 3.939 3.907 3.677 3.446 3.215 2.984 2.752 2.521 2.290 2.074 1.911 1.749 1.586
2.557 2.527 2.638 2.708 2.768 2.798 2.718 2.748 2.798 2.778 2.808 2.909 2.879 2.899 2.749 2.814 2.879 2.944 3.019 3.101 3.183 2.899 3.346 3.428 3.510 3.579 3.593 3.607 3.621 3.636 3.650 3.664 3.678 3.693 3.713 3.733 3.753 3.772 3.792 3.809 3.820 3.832 3.844 3.855 3.867 3.879 3.890 3.902 3.914 3.926 3.936 3.945 3.954 3.964 3.973 3.982 3.992 4.001 4.010 4.020 4.029 4.039 4.048 4.029 3.997 3.894 3.663 3.432 3.201 2.969 2.748 2.586 2.424 2.261 2.099 1.936 1.773
2.677 2.757 2.697 2.648 2.798 2.798 2.908 2.838 2.858 2.828 2.594 2.879 2.751 2.827 2.892 2.957 3.022 3.087 3.162 3.244 3.326 3.408 3.489 3.568 3.582 3.596 3.610 3.624 3.638 3.652 3.666 3.680 3.694 3.711 3.730 3.750 3.770 3.790 3.809 3.829 3.847 3.859 3.870 3.882 3.894 3.906 3.917 3.929 3.941 3.953 3.962 3.971 3.981 3.990 3.999 4.009 4.018 4.027 4.037 4.046 4.056 4.065 4.074 4.084 4.056 3.880 3.649 3.423 3.261 3.098 2.936 2.773 2.611 2.449 2.286 2.124 1.961
2.617 2.667 2.767 2.827 2.698 2.758 2.908 2.482 2.560 2.898 2.717 2.898 2.868 2.952 2.879 3.100 3.165 3.230 3.306 3.388 3.469 3.551 3.570 3.584 3.598 3.612 3.626 3.641 3.655 3.669 3.683 3.697 3.711 3.728 3.747 3.767 3.787 3.807 3.827 3.846 3.866 3.886 3.897 3.909 3.921 3.933 3.944 3.956 3.968 3.979 3.988 3.998 4.007 4.016 4.026 4.035 4.045 4.054 4.063 4.073 4.082 4.091 4.101 4.110 4.098 3.935 3.773 3.611 3.448 3.286 3.123 2.961 2.798 2.636 2.474 2.311 2.149
2.757 2.847 2.657 2.907 2.787 2.788 2.527 2.605 2.848 2.762 2.840 2.919 2.997 3.075 3.154 3.232 3.308 3.373 3.449 3.531 3.559 3.573 3.587 3.601 3.615 3.629 3.643 3.657 3.671 3.685 3.699 3.714 3.728 3.745 3.765 3.784 3.804 3.824 3.844 3.864 3.883 3.903 3.923 3.936 3.948 3.960 3.971 3.983 3.995 4.005 4.015 4.024 4.034 4.043 4.052 4.062 4.071 4.080 4.090 4.099 4.109 4.118 4.138 4.158 4.165 4.123 3.960 3.798 3.636 3.473 3.311 3.148 2.986 2.823 2.661 2.499 2.336
2.777 2.797 2.777 2.877 2.767 2.897 2.898 2.898 2.758 2.885 2.964 3.042 3.120 3.199 3.277 3.355 3.434 3.512 3.548 3.562 3.576 3.590 3.604 3.618 3.632 3.646 3.660 3.674 3.688 3.702 3.716 3.730 3.744 3.762 3.782 3.802 3.822 3.841 3.861 3.881 3.901 3.921 3.940 3.960 3.975 3.987 3.998 4.010 4.022 4.032 4.041 4.051 4.060 4.069 4.079 4.088 4.097 4.107 4.116 4.136 4.156 4.176 4.196 4.215 4.215 4.194 4.148 3.985 3.823 3.661 3.498 3.336 3.173 3.011 2.848 2.686 2.524
2.777 2.877 2.697 2.837 2.827 2.877 2.877 2.858 2.898 3.009 3.087 3.165 3.244 3.322 3.400 3.479 3.540 3.561 3.569 3.578 3.592 3.606 3.620 3.634 3.648 3.662 3.676 3.690 3.704 3.719 3.733 3.747 3.761 3.779 3.799 3.819 3.839 3.859 3.879 3.898 3.918 3.938 3.958 3.978 3.998 4.014 4.025 4.037 4.049 4.058 4.068 4.077 4.086 4.096 4.105 4.114 4.134 4.154 4.174 4.194 4.214 4.234 4.254 4.273 4.264 4.244 4.224 4.173 4.010 3.848 3.686 3.523 3.361 3.198 3.036 2.873 2.711
2.866 2.767 2.887 2.907 2.837 2.818 2.797 2.975 2.878 3.132 3.210 3.289 3.367 3.445 3.524 3.549 3.569 3.590 3.597 3.603 3.609 3.623 3.637 3.651 3.665 3.679 3.693 3.707 3.721 3.735 3.749 3.763 3.778 3.797 3.816 3.836 3.856 3.876 3.896 3.916 3.936 3.955 3.975 3.995 4.015 4.035 4.052 4.064 4.075 4.085 4.094 4.103 4.113 4.133 4.152 4.172 4.192 4.212 4.232 4.252 4.272 4.292 4.311 4.331 4.314 4.294 4.273 4.253 4.198 4.035 3.873 3.710 3.548 3.386 3.223 3.061 2.898
2.786 2.510 2.651 2.784 2.857 2.941 2.917 3.098 2.897 3.255 3.334 3.412 3.490 3.538 3.558 3.578 3.599 3.619 3.625 3.631 3.636 3.641 3.654 3.668 3.682 3.696 3.710 3.724 3.738 3.752 3.766 3.780 3.794 3.814 3.834 3.854 3.873 3.893 3.913 3.933 3.953 3.973 3.992 4.012 4.032 4.052 4.072 4.091 4.102 4.111 4.131 4.151 4.171 4.190 4.210 4.230 4.250 4.270 4.290 4.310 4.330 4.349 4.369 4.384 4.363 4.343 4.323 4.303 4.282 4.223 4.060 3.898 3.735 3.573 3.411 3.248 3.086
2.896 2.636 2.836 2.908 2.986 3.065 3.143 3.222 3.300 3.378 3.457 3.526 3.547 3.567 3.587 3.607 3.628 3.648 3.653 3.658 3.664 3.669 3.675 3.684 3.698 3.712 3.726 3.740 3.754 3.769 3.783 3.797 3.812 3.831 3.851 3.871 3.891 3.911 3.930 3.950 3.970 3.990 4.010 4.030 4.050 4.069 4.089 4.117 4.149 4.169 4.189 4.209 4.229 4.248 4.268 4.288 4.308 4.328 4.348 4.368 4.388 4.407 4.427 4.433 4.413 4.393 4.372 4.352 4.332 4.312 4.248 4.085 3.923 3.760 3.598 3.436 3.273
