includes/camargue/floodfiles/results_R2_t1.562608011066E12/res-0008.wd
ncols         906
nrows         631
xllcorner     362177.146667
yllcorner     6534725.688020
cellsize      20.000000
NODATA_value  -9999.000000
[rows 204 to 237 of 631, columns 770 to 846 of 906]
0.885 0.615 0.048 0.046 0.669 0.799 0.789 0.000 0.762 0.822 0.832 0.342 1.002 0.211 0.510 0.435 0.850 0.000 0.306 0.901 0.590 0.213 0.221 0.192 0.357 0.757 0.215 0.682 0.252 0.792 0.452 0.470 0.196 0.684 0.764 0.594 0.081 0.618 0.000 0.826 0.746 0.000 0.000 0.000 0.073 0.000 0.000 0.000 0.873 0.134 0.144 0.314 0.000 0.000 0.000 0.674 0.170 0.717 0.587 0.797 0.000 0.000 0.000 0.000 0.000 0.000 0.000 0.000 0.000 0.000 0.000 0.000 0.000 0.000 0.000 0.000 0.000
0.237 0.000 0.844 0.000 0.000 0.729 0.118 0.823 0.823 0.913 0.983 0.332 0.582 0.932 0.642 0.246 0.800 0.719 0.719 0.000 0.023 0.169 0.441 0.850 0.789 0.867 0.375 0.240 0.061 0.573 0.222 0.340 0.446 0.424 0.000 0.000 0.819 0.538 0.767 0.747 0.587 0.357 0.067 0.687 0.777 0.467 0.000 1.025 0.394 0.000 0.432 0.000 0.000 0.000 0.737 0.746 0.000 0.717 0.327 0.637 0.617 0.000 0.000 0.000 0.000 0.000 0.000 0.000 0.000 0.000 0.000 0.000 0.000 0.000 0.000 0.000 0.000
0.121 0.389 0.137 0.902 0.502 0.000 0.154 0.743 1.083 0.683 0.873 0.923 0.123 1.323 0.373 0.169 0.820 0.002 0.559 0.626 0.462 0.193 0.861 0.820 0.569 0.247 0.079 0.280 0.307 0.753 0.393 0.201 0.000 0.293 0.841 0.700 0.690 0.000 0.607 0.677 0.597 0.728 0.288 0.277 0.000 0.727 0.000 0.866 0.000 0.435 0.365 0.000 0.086 0.000 0.787 0.787 0.000 0.807 0.857 0.000 0.497 0.687 0.000 0.000 0.000 0.000 0.000 0.000 0.000 0.000 0.000 0.000 0.000 0.000 0.000 0.000 0.000
0.000 0.842 0.000 0.112 0.872 0.922 0.155 0.955 0.484 0.664 0.934 0.314 0.974 0.934 1.234 0.914 0.132 0.792 0.330 0.055 0.751 0.224 0.211 0.116 0.268 0.159 0.668 0.708 0.767 0.414 0.643 0.080 0.603 1.023 0.652 0.000 0.799 0.458 0.618 0.607 0.000 0.372 0.000 0.758 0.738 0.000 0.751 0.658 0.235 0.175 0.437 0.000 0.019 0.000 0.727 0.747 0.838 0.677 0.717 0.000 0.046 0.000 0.000 0.000 0.000 0.000 0.000 0.000 0.000 0.000 0.000 0.000 0.000 0.000 0.000 0.000 0.000
0.252 0.902 0.000 0.852 0.972 0.241 0.836 1.045 0.306 1.006 0.206 0.936 0.000 0.994 1.065 0.006 1.146 0.354 0.374 0.895 0.103 0.000 0.007 0.194 0.000 0.618 0.768 0.678 0.867 0.135 0.683 0.170 0.644 0.000 0.000 1.000 0.409 0.000 0.238 0.000 0.628 0.627 0.022 0.308 0.049 0.765 0.724 0.000 0.571 0.065 0.332 0.675 0.457 0.178 0.738 0.000 0.818 0.738 0.000 0.000 0.000 0.000 0.000 0.000 0.000 0.000 0.000 0.000 0.000 0.000 0.000 0.000 0.000 0.000 0.000 0.000 0.000
0.822 0.922 0.000 1.102 1.182 0.211 0.378 0.428 0.397 0.957 0.137 0.976 0.757 0.326 1.046 1.056 0.896 0.000 0.506 0.346 1.050 0.420 0.055 0.082 0.075 0.329 0.081 0.278 0.707 0.165 0.903 0.160 0.664 0.094 0.370 0.320 0.000 0.518 0.478 0.000 0.849 0.287 0.213 0.779 0.000 0.917 0.315 0.000 0.631 0.000 0.383 0.225 0.488 0.909 0.909 0.000 0.708 0.468 0.000 0.000 0.886 0.000 0.000 0.000 0.000 0.000 0.000 0.000 0.000 0.000 0.000 0.000 0.000 0.000 0.444 0.414 0.000
0.000 1.123 1.063 1.112 0.952 0.901 0.560 1.029 1.038 1.028 0.127 0.177 1.017 0.577 0.947 0.000 0.586 1.087 0.217 0.000 1.010 0.770 1.000 0.238 0.000 0.013 0.155 0.000 0.167 0.155 0.773 0.263 0.169 0.396 0.141 0.580 0.189 0.258 0.000 0.850 0.919 0.166 0.773 0.000 0.770 0.868 0.000 0.129 0.319 0.580 0.122 0.000 0.000 0.970 0.940 0.015 0.789 0.659 0.000 0.526 0.886 0.000 0.000 0.000 0.000 0.000 0.000 0.000 0.000 0.000 0.000 0.000 0.000 0.000 0.000 0.544 0.463
0.127 0.304 1.134 0.063 0.253 0.671 0.840 1.030 0.000 0.928 0.818 0.318 0.458 0.267 0.688 0.480 0.000 1.197 0.178 1.023 0.921 0.610 0.000 0.086 0.434 0.079 0.064 0.048 0.076 0.000 0.743 0.533 0.543 0.072 0.000 0.490 0.000 0.638 0.000 0.921 0.000 0.204 0.693 0.079 0.902 0.000 0.584 0.000 0.586 0.000 0.271 0.402 0.000 0.980 0.810 0.790 0.579 0.609 0.000 0.896 0.946 0.566 0.000 0.000 0.000 0.000 0.000 0.000 0.000 0.000 0.000 0.000 0.000 0.000 0.000 0.000 0.493
0.180 0.000 0.776 0.786 0.576 0.424 0.860 0.950 0.960 0.000 0.748 1.068 0.058 1.185 0.060 0.209 0.525 0.301 0.000 0.925 0.000 0.838 0.957 0.847 0.094 0.212 0.099 0.000 0.000 0.000 0.000 0.000 0.583 0.275 0.608 0.000 0.000 0.000 0.745 0.683 0.000 0.764 0.000 0.815 0.883 0.083 0.694 0.324 0.304 0.079 0.000 0.522 0.982 0.982 0.000 0.800 0.700 0.069 0.000 0.956 0.000 0.636 0.165 0.000 0.000 0.000 0.000 0.000 0.000 0.000 0.000 0.000 0.000 0.000 0.000 0.000 0.000
0.215 0.000 0.718 0.497 1.137 0.918 0.000 0.168 0.067 0.993 0.000 0.000 1.066 1.195 0.000 0.955 0.000 0.000 1.050 0.918 0.888 0.000 0.000 0.635 0.834 0.893 0.160 0.558 0.000 0.000 0.000 0.000 0.000 0.000 0.409 0.559 0.000 0.179 0.747 0.000 0.000 0.000 0.657 0.917 0.000 0.085 0.584 0.604 0.000 0.343 0.262 0.000 1.013 0.993 0.000 0.432 0.272 0.000 0.000 0.916 0.000 0.586 0.105 0.454 0.000 0.000 0.000 0.000 0.000 0.000 0.000 0.000 0.000 0.000 0.000 0.000 0.000
0.000 0.420 0.861 0.329 0.249 0.779 0.860 0.791 0.325 0.233 0.134 1.167 1.127 0.058 0.997 0.320 0.860 0.012 0.463 0.000 0.000 0.846 0.876 0.000 0.067 0.792 0.249 0.588 0.042 0.119 0.000 0.000 0.000 0.000 0.000 0.530 0.121 0.610 0.708 0.000 0.000 0.000 0.818 0.807 0.000 0.214 0.514 0.474 0.000 0.000 0.000 0.000 1.003 1.013 0.000 0.454 0.354 0.000 1.076 0.846 0.396 0.356 0.075 0.564 0.152 0.272 0.000 0.000 0.000 0.000 0.000 0.000 0.000 0.000 0.000 0.000 0.000
0.887 1.087 0.171 1.030 0.870 0.000 0.790 0.000 0.757 1.068 0.446 1.188 1.198 0.244 0.728 0.206 0.004 0.825 0.853 0.182 0.094 0.061 0.466 0.432 0.177 0.349 0.909 0.224 0.880 0.319 0.268 0.678 0.000 0.000 0.077 0.205 0.144 0.733 0.000 0.180 0.000 0.802 0.790 0.000 0.000 0.314 0.434 0.134 0.000 0.000 0.003 0.000 1.174 0.604 0.546 0.455 0.395 0.000 0.946 0.576 0.476 0.476 0.285 0.484 0.049 0.070 0.000 0.000 0.000 0.000 0.000 0.000 0.008 0.167 0.000 0.000 0.000
0.148 0.788 0.022 1.010 0.000 0.745 0.000 0.837 0.000 0.000 1.149 1.168 0.000 1.010 0.979 0.367 0.288 0.777 0.173 0.358 0.148 0.256 0.809 0.000 1.253 1.153 0.000 0.570 1.040 0.759 0.888 0.348 0.000 0.057 0.056 0.511 0.177 0.785 0.110 0.700 0.073 0.894 0.000 0.577 0.105 0.094 0.204 0.144 0.233 0.000 0.415 0.185 0.935 0.000 0.568 0.488 0.000 0.000 1.076 0.000 0.466 0.125 0.645 0.000 0.145 0.000 0.000 0.000 0.000 0.000 0.000 0.313 0.127 0.287 0.115 0.008 0.000
0.510 0.770 1.031 0.000 0.915 0.625 0.685 0.087 0.302 1.202 1.061 0.000 1.092 0.991 0.061 0.259 0.075 0.289 0.361 0.641 0.531 0.681 0.209 0.000 1.072 1.182 0.932 0.431 0.450 0.439 0.658 0.263 0.927 0.052 0.045 0.304 0.118 0.856 0.746 0.000 0.767 0.885 0.020 0.267 0.000 0.104 0.324 0.234 0.000 0.435 0.000 0.000 0.837 0.000 0.660 0.480 0.000 0.000 0.977 0.000 0.416 0.000 0.009 0.000 0.355 0.000 0.000 0.000 0.000 0.391 0.280 0.366 0.000 0.000 0.205 0.079 0.000
0.252 0.182 0.931 0.475 0.935 0.135 0.615 0.705 0.000 1.182 1.152 0.000 0.972 0.892 0.662 0.772 0.692 0.244 0.362 0.582 0.182 0.373 0.233 0.854 0.000 0.000 1.282 0.791 0.460 0.319 0.787 0.410 0.727 0.207 0.576 0.310 0.051 0.688 0.087 0.980 0.899 0.000 0.023 0.557 0.327 0.145 0.274 0.000 0.432 0.255 0.217 0.057 0.536 0.000 0.414 0.493 0.000 0.917 1.067 0.677 0.306 0.375 0.085 0.000 0.154 0.094 0.000 0.000 0.295 0.263 0.401 0.000 0.000 0.000 0.000 0.000 0.000
0.854 0.924 0.000 0.837 0.000 0.868 0.000 0.000 1.185 1.154 0.000 1.063 0.933 0.543 0.563 0.583 0.593 0.099 0.363 0.553 0.704 0.794 1.094 1.064 1.054 0.164 0.000 0.331 0.170 0.779 0.000 0.767 0.373 0.779 0.057 0.000 0.371 0.830 0.000 0.821 0.000 0.265 0.795 0.028 0.035 0.386 0.000 0.556 0.563 0.184 0.123 0.587 0.524 0.493 0.450 0.397 0.000 1.078 0.000 0.557 0.126 0.795 0.555 0.035 1.144 0.074 0.946 0.326 0.157 0.454 0.000 0.000 0.000 0.000 0.000 0.000 0.000
0.000 0.157 0.687 0.647 0.728 0.228 0.000 1.158 1.087 0.000 1.104 0.934 0.054 0.223 0.533 0.583 0.583 0.263 0.000 0.295 0.785 0.584 0.000 0.144 1.044 1.094 1.074 0.000 0.000 0.239 0.709 0.004 0.868 0.478 0.196 0.107 0.245 0.652 0.269 0.833 0.017 0.495 0.875 0.615 0.545 0.000 0.470 0.549 0.272 0.292 0.623 0.545 0.000 0.123 0.252 0.000 0.000 0.868 0.000 0.667 0.126 0.000 1.275 0.000 0.174 0.225 0.186 0.460 0.000 0.324 0.444 0.000 0.000 0.000 0.000 0.000 0.000
0.867 0.707 0.857 0.228 0.798 0.978 0.000 1.158 1.168 0.000 0.924 0.904 0.545 0.505 0.464 0.464 0.584 0.104 0.590 0.710 0.520 0.000 0.575 0.545 0.000 1.114 1.054 1.084 1.044 0.000 0.000 0.858 0.918 0.179 0.439 0.317 0.523 0.522 0.120 0.028 0.247 0.376 0.037 0.555 0.000 0.490 0.510 0.000 0.591 0.611 0.093 0.000 0.281 0.457 0.365 0.000 0.550 0.809 0.549 0.298 0.097 0.000 0.154 0.040 0.214 0.184 0.000 0.356 1.396 0.017 0.000 0.000 0.000 0.000 0.000 0.000 0.000
1.157 0.837 0.000 0.923 0.176 0.198 1.151 1.150 0.000 1.025 0.955 0.175 0.525 0.465 0.575 0.565 0.445 0.535 0.000 0.582 0.922 0.121 0.605 0.515 0.675 0.644 0.000 1.064 0.713 1.062 0.242 0.011 0.071 0.859 0.498 0.747 0.436 0.626 0.449 0.160 0.779 0.140 0.372 0.000 0.398 0.509 0.000 0.284 0.016 0.374 0.430 0.418 0.248 0.588 0.496 0.125 1.201 0.720 0.000 0.064 0.000 0.000 0.000 0.068 0.021 0.000 0.584 0.813 0.000 0.067 0.000 0.000 0.000 0.000 0.000 0.000 0.000
0.000 0.000 0.077 0.084 1.203 0.993 1.213 0.000 0.665 0.975 0.315 0.235 0.526 0.546 0.486 0.416 0.676 0.546 0.665 0.464 0.514 0.554 0.180 0.455 0.595 0.554 0.694 0.384 0.233 1.042 1.162 1.241 0.000 0.000 0.218 0.268 0.128 0.260 0.831 0.000 0.580 0.272 0.672 0.532 0.505 0.000 0.521 0.000 0.398 0.386 0.021 0.000 0.383 0.430 1.127 0.796 0.228 0.052 0.000 0.146 0.107 0.000 0.000 0.000 0.360 0.519 0.536 0.000 0.000 0.000 0.000 0.000 0.000 0.000 0.000 0.000 0.000
0.032 0.000 0.796 1.076 0.000 0.048 0.967 0.000 1.015 0.925 0.000 0.010 0.607 0.667 0.567 0.366 0.696 0.546 0.706 0.875 0.295 0.575 1.055 0.200 0.000 0.255 0.464 0.474 0.604 0.000 0.801 1.051 1.130 1.180 0.000 0.000 0.140 0.672 0.482 0.000 0.343 0.585 0.415 0.655 0.151 0.347 0.301 0.370 0.364 0.000 0.402 0.431 0.593 0.000 0.080 0.040 0.355 0.000 0.000 0.197 0.207 0.000 0.493 0.612 0.711 0.480 0.000 0.000 0.000 0.000 0.000 0.000 0.000 0.000 0.000 0.000 0.000
0.000 1.026 1.046 1.076 0.000 0.644 0.873 1.045 1.185 0.011 0.461 0.521 0.659 0.139 0.548 0.248 0.577 0.377 0.186 0.516 1.026 1.106 1.026 0.139 0.286 0.575 0.615 0.104 0.584 0.863 0.483 0.000 0.980 0.950 0.998 0.000 0.000 0.017 0.198 0.114 0.129 0.339 0.559 0.508 0.357 0.538 0.366 0.152 0.644 0.553 0.652 0.000 0.224 0.132 0.398 0.000 0.416 0.000 0.000 0.000 0.428 0.528 0.704 0.843 0.000 0.000 0.629 0.649 0.085 0.313 0.003 0.000 0.000 0.000 0.000 0.000 0.000
0.000 0.996 1.106 0.134 0.926 0.259 1.014 0.377 1.056 0.163 0.054 0.613 0.212 0.231 0.529 0.259 0.558 0.798 0.387 0.477 0.516 1.066 0.000 0.396 0.526 0.275 0.445 0.815 0.484 0.563 0.553 0.742 0.000 0.000 0.977 0.916 0.915 0.000 0.383 0.000 0.418 0.416 0.542 0.532 0.421 0.058 0.567 0.657 0.099 0.061 0.354 0.426 0.145 0.006 0.350 0.151 0.214 0.538 0.425 0.573 0.709 0.000 0.000 0.402 0.672 0.000 0.289 0.249 0.000 0.000 0.000 0.000 0.000 0.000 0.000 0.000 0.000
0.986 1.066 0.946 0.966 0.147 0.180 0.168 1.029 0.457 0.308 0.558 0.497 0.266 0.154 0.531 0.350 0.459 0.718 0.448 0.837 1.097 0.996 0.159 0.476 0.546 0.516 0.615 0.785 0.544 0.154 0.203 0.682 0.671 0.620 0.000 0.495 0.784 0.860 0.859 0.174 0.423 0.680 0.230 0.460 0.190 0.410 0.000 0.362 0.431 0.581 0.062 0.215 0.505 0.113 0.416 0.110 0.197 0.619 0.678 0.000 0.000 0.392 0.492 0.382 0.200 0.260 0.128 0.379 0.000 0.000 0.000 0.000 0.000 0.000 0.000 0.000 0.000
1.026 1.176 0.456 0.176 0.372 0.975 0.512 0.960 0.580 0.420 0.580 0.259 0.779 0.337 0.652 0.812 0.410 0.789 0.458 1.077 1.047 0.000 1.048 0.307 0.736 0.606 0.255 0.335 0.345 0.784 0.433 0.173 0.000 0.779 0.738 0.616 0.000 0.930 0.909 0.315 0.511 0.178 0.257 0.677 0.657 0.072 0.421 0.351 0.000 0.282 0.227 0.429 0.396 0.755 0.470 0.357 0.092 0.375 0.000 0.022 0.125 0.342 0.322 0.093 0.003 0.000 0.000 0.024 0.118 0.000 0.000 0.000 0.000 0.000 0.000 0.000 0.000
1.176 0.000 0.858 0.279 1.049 0.232 0.732 0.671 0.961 0.491 0.891 0.351 0.700 0.288 0.404 0.503 0.291 0.659 0.078 1.068 0.296 0.519 0.648 0.257 1.036 0.526 0.656 0.965 0.955 0.294 0.883 0.973 0.311 0.599 0.248 0.645 0.713 0.150 0.448 0.845 0.503 0.342 0.309 0.758 0.608 0.188 0.000 1.099 0.447 0.564 0.059 0.195 0.170 0.536 0.323 0.000 0.434 0.189 0.000 0.076 0.046 0.000 0.000 0.124 0.000 0.004 0.013 0.026 0.006 0.004 0.000 0.000 0.000 0.000 0.000 0.000 0.000
0.093 0.873 0.255 0.952 0.641 0.641 0.000 0.762 0.682 0.382 0.971 0.981 0.571 0.661 0.377 0.644 0.382 0.979 1.069 1.078 0.000 0.348 0.708 0.207 0.686 0.516 0.446 0.405 0.615 0.354 1.063 0.343 0.541 0.950 0.157 0.224 0.652 0.370 0.798 0.286 0.773 1.013 0.241 0.809 0.639 0.000 1.071 0.970 0.457 0.254 0.595 0.506 0.522 0.548 0.000 0.000 0.405 0.230 0.740 0.000 0.395 0.000 0.000 0.034 0.006 0.000 0.011 0.000 0.003 0.000 0.000 0.000 0.000 0.000 0.000 0.000 0.000
0.237 0.336 0.169 0.782 0.543 0.072 0.360 0.242 0.427 0.386 0.255 0.344 1.153 1.193 0.437 0.734 0.543 0.005 1.000 0.247 0.968 0.538 0.648 0.437 0.727 0.986 0.786 0.355 0.925 0.695 0.334 1.093 0.281 0.369 0.837 0.475 0.812 0.640 0.918 0.507 0.295 0.903 0.462 0.580 1.059 0.135 1.082 0.000 0.977 0.785 0.982 0.000 0.440 0.517 0.493 0.431 0.000 0.377 0.000 0.126 0.159 0.351 0.550 0.400 0.221 0.492 0.000 0.000 0.000 0.000 0.000 0.000 0.000 0.000 0.000 0.000 0.000
0.511 0.258 0.673 0.259 0.815 0.694 0.882 0.426 0.830 0.929 0.998 1.038 1.056 0.101 0.407 0.674 0.813 1.032 0.971 0.000 0.688 0.798 1.078 0.287 0.377 0.977 0.606 0.186 0.915 0.795 0.584 0.633 0.441 0.539 0.958 0.375 0.802 0.640 0.748 0.987 0.885 0.653 0.492 0.700 0.019 1.035 1.014 0.051 0.969 0.027 0.245 0.306 0.000 0.000 0.311 0.468 0.614 0.392 0.000 0.173 0.663 0.005 0.590 0.550 0.000 0.292 0.463 0.000 0.006 0.000 0.000 0.000 0.537 0.000 0.000 0.000 0.000
0.412 0.000 0.145 0.734 0.600 0.319 0.174 0.437 0.405 0.394 0.092 1.060 0.296 0.980 1.009 0.436 0.173 0.902 0.000 0.299 0.211 0.998 0.728 0.498 0.887 0.937 0.257 1.016 0.505 0.955 0.564 0.403 0.000 0.929 0.508 0.314 0.552 0.390 0.618 0.367 0.485 0.483 0.702 0.320 0.798 0.957 0.364 0.991 1.000 0.860 0.080 0.180 0.460 0.151 0.000 0.003 0.503 0.452 0.351 0.215 0.604 0.226 0.000 0.000 0.383 0.243 0.803 0.503 0.923 0.000 1.048 0.095 0.588 0.000 0.209 0.129 0.379
0.234 0.350 0.583 0.648 0.225 0.883 0.237 0.749 0.807 0.886 0.886 1.162 0.106 0.462 0.309 0.096 0.963 1.052 1.102 1.192 0.000 0.000 0.618 0.488 0.317 0.317 0.937 0.927 0.545 1.015 0.464 0.882 1.011 0.690 0.000 0.354 0.312 0.900 0.529 0.497 0.455 0.503 0.672 0.003 1.039 0.798 0.173 1.041 0.051 0.591 0.381 0.571 0.071 0.331 0.911 0.000 0.000 0.182 0.000 0.000 0.045 0.629 0.559 0.028 0.413 1.083 1.143 0.203 1.133 0.000 0.529 0.094 0.032 1.091 0.000 0.000 0.539
0.748 0.433 0.844 0.490 0.559 0.544 0.418 0.494 0.353 0.191 0.988 0.143 1.026 1.075 0.339 0.905 0.994 0.000 0.000 1.082 1.132 1.182 0.185 0.000 0.207 0.848 0.997 0.347 0.236 0.345 0.304 0.000 0.821 0.310 0.677 0.395 0.223 0.530 0.719 0.217 0.394 0.703 0.672 0.991 1.021 0.000 0.941 1.081 0.421 1.051 0.571 1.071 0.031 0.601 0.141 0.391 0.361 0.000 0.000 0.000 0.000 0.520 0.214 0.338 0.493 0.513 0.433 0.103 0.000 0.000 0.323 0.336 0.621 0.261 0.191 0.000 0.779
0.648 0.867 0.255 0.000 0.513 0.228 0.758 1.017 0.876 0.694 1.120 0.155 0.550 0.187 0.527 0.815 0.065 0.000 0.574 0.024 0.000 1.042 0.195 0.932 0.000 0.968 1.017 0.967 0.887 0.926 0.614 0.973 0.821 0.980 0.447 0.695 0.444 0.223 0.082 0.000 0.134 0.833 0.012 1.051 0.981 0.000 0.881 0.621 0.811 0.571 0.561 0.381 0.671 0.551 0.161 0.651 0.000 0.000 0.000 0.887 0.000 0.503 0.036 0.000 0.000 0.103 0.283 0.334 1.244 0.174 0.000 0.110 0.691 0.401 0.160 0.390 0.239
0.342 0.358 0.408 0.407 0.611 0.275 0.329 0.358 0.093 1.186 0.231 0.976 0.855 0.212 0.000 0.895 0.000 0.684 1.064 0.000 1.230 0.001 0.474 0.882 0.751 1.030 0.109 0.498 0.397 0.346 0.314 0.903 0.021 0.450 1.007 0.645 0.674 0.824 0.263 0.000 0.174 0.733 1.042 1.002 0.731 0.980 0.225 0.592 0.741 0.601 0.541 0.411 0.601 0.611 0.771 0.091 0.671 0.000 0.000 0.967 0.000 0.364 0.000 0.000 0.000 0.000 0.000 0.000 0.514 0.030 0.025 1.112 1.062 0.942 0.000 0.050 0.000
