includes/camargue/floodfiles/results_R2_t1.562608011066E12/res-0011.wd
ncols         906
nrows         631
xllcorner     362177.146667
yllcorner     6534725.688020
cellsize      20.000000
NODATA_value  -9999.000000
[rows 510 to 543 of 631, columns 0 to 76 of 906]
1.266 1.157 1.049 0.940 0.722 0.497 0.643 0.769 0.883 0.996 1.110 1.223 1.337 1.451 1.564 1.678 1.792 1.777 1.745 1.713 1.681 1.649 1.657 1.683 1.709 1.735 1.731 1.686 1.641 1.597 1.552 1.507 1.462 1.417 1.399 1.435 1.464 1.492 1.521 1.563 1.625 1.688 1.750 1.813 1.876 2.002 2.158 2.351 2.543 2.736 2.928 3.121 3.313 3.505 3.679 3.848 4.018 4.187 4.311 4.423 4.535 4.647 4.758 4.704 4.589 4.474 4.360 4.245 4.130 3.978 3.731 3.485 3.338 3.250 3.162 3.074 2.986
1.507 1.398 1.289 1.041 0.750 0.488 0.635 0.782 0.922 1.035 1.149 1.263 1.376 1.490 1.604 1.717 1.821 1.789 1.757 1.725 1.693 1.661 1.629 1.631 1.657 1.683 1.660 1.616 1.571 1.526 1.481 1.437 1.392 1.347 1.305 1.317 1.380 1.443 1.505 1.568 1.631 1.693 1.756 1.818 1.900 2.025 2.151 2.308 2.500 2.692 2.885 3.077 3.270 3.459 3.629 3.798 3.968 4.138 4.307 4.430 4.542 4.654 4.754 4.639 4.525 4.410 4.295 4.181 4.066 3.951 3.795 3.549 3.450 3.362 3.274 3.187 3.088
1.747 1.639 1.360 1.070 0.778 0.486 0.626 0.773 0.921 1.069 1.188 1.302 1.415 1.529 1.643 1.756 1.833 1.801 1.769 1.737 1.705 1.673 1.641 1.609 1.605 1.631 1.590 1.545 1.500 1.456 1.423 1.407 1.391 1.375 1.359 1.361 1.385 1.448 1.511 1.573 1.636 1.699 1.761 1.824 1.923 2.049 2.174 2.300 2.457 2.649 2.842 3.034 3.227 3.409 3.579 3.748 3.918 4.087 4.257 4.427 4.549 4.661 4.689 4.575 4.460 4.346 4.231 4.116 4.002 3.887 3.772 3.650 3.539 3.424 3.310 3.196 3.081
1.970 1.679 1.388 1.098 0.807 0.514 0.617 0.765 0.912 1.060 1.208 1.341 1.454 1.568 1.682 1.795 1.845 1.813 1.781 1.749 1.717 1.685 1.653 1.622 1.590 1.564 1.541 1.525 1.509 1.493 1.477 1.462 1.446 1.430 1.415 1.422 1.429 1.454 1.516 1.579 1.641 1.704 1.767 1.829 1.947 2.072 2.198 2.323 2.449 2.606 2.799 2.991 3.184 3.359 3.529 3.698 3.868 4.037 4.207 4.377 4.546 4.668 4.625 4.510 4.396 4.281 4.179 4.127 4.074 4.022 3.970 3.774 3.532 3.418 3.303 3.189 3.074
1.998 1.707 1.416 1.126 0.835 0.543 0.609 0.756 0.903 1.051 1.199 1.347 1.494 1.607 1.721 1.835 1.857 1.825 1.793 1.761 1.729 1.697 1.668 1.663 1.657 1.634 1.596 1.580 1.564 1.548 1.532 1.516 1.500 1.484 1.476 1.483 1.490 1.498 1.521 1.584 1.647 1.709 1.772 1.845 1.970 2.096 2.221 2.347 2.472 2.598 2.756 2.948 3.140 3.309 3.479 3.648 3.818 3.988 4.157 4.327 4.496 4.673 4.659 4.607 4.555 4.502 4.450 4.398 4.346 4.294 4.241 3.959 3.655 3.411 3.296 3.182 3.068
2.026 1.735 1.445 1.154 0.863 0.571 0.600 0.747 0.895 1.042 1.190 1.338 1.486 1.634 1.760 1.874 1.869 1.837 1.805 1.782 1.776 1.771 1.765 1.760 1.754 1.722 1.674 1.634 1.618 1.602 1.587 1.571 1.555 1.539 1.537 1.544 1.551 1.558 1.566 1.590 1.652 1.715 1.777 1.869 1.994 2.119 2.245 2.370 2.496 2.621 2.747 2.905 3.090 3.259 3.429 3.598 3.772 3.955 4.138 4.321 4.505 4.694 4.899 4.878 4.826 4.774 4.722 4.669 4.617 4.565 4.450 4.145 3.840 3.535 3.289 3.175 3.061
2.054 1.763 1.473 1.182 0.891 0.599 0.591 0.738 0.886 1.034 1.181 1.329 1.477 1.625 1.773 1.913 1.895 1.890 1.884 1.879 1.874 1.868 1.863 1.857 1.852 1.811 1.763 1.715 1.673 1.657 1.641 1.625 1.610 1.594 1.598 1.605 1.612 1.619 1.627 1.634 1.658 1.720 1.783 1.892 2.018 2.143 2.268 2.394 2.519 2.645 2.770 2.894 3.055 3.238 3.421 3.604 3.787 3.970 4.153 4.336 4.519 4.716 4.920 5.125 5.097 5.045 4.993 4.941 4.889 4.836 4.636 4.331 4.026 3.721 3.416 3.168 3.054
2.082 1.791 1.501 1.210 0.919 0.627 0.583 0.730 0.877 1.025 1.173 1.321 1.469 1.616 1.764 1.909 1.985 1.987 1.982 1.976 1.971 1.965 1.960 1.954 1.948 1.900 1.852 1.804 1.756 1.712 1.696 1.680 1.664 1.652 1.659 1.666 1.673 1.680 1.688 1.695 1.702 1.726 1.790 1.916 2.041 2.167 2.292 2.409 2.524 2.639 2.753 2.868 3.061 3.253 3.436 3.619 3.802 3.985 4.168 4.351 4.535 4.737 4.942 5.146 5.351 5.316 5.264 5.212 5.160 5.108 4.822 4.517 4.212 3.907 3.602 3.297 3.047
2.110 1.819 1.529 1.238 0.947 0.655 0.574 0.721 0.868 1.016 1.164 1.312 1.460 1.608 1.756 1.900 1.975 2.050 2.079 2.074 2.068 2.063 2.057 2.052 2.037 1.989 1.941 1.893 1.845 1.797 1.750 1.735 1.719 1.712 1.720 1.727 1.734 1.741 1.748 1.756 1.763 1.770 1.809 1.924 2.039 2.154 2.268 2.383 2.498 2.613 2.727 2.858 3.058 3.258 3.451 3.634 3.817 4.000 4.183 4.366 4.554 4.758 4.963 5.168 5.373 5.577 5.536 5.483 5.431 5.313 5.008 4.703 4.398 4.093 3.788 3.483 3.178
2.122 1.847 1.557 1.266 0.975 0.683 0.565 0.712 0.860 1.007 1.155 1.303 1.451 1.599 1.747 1.890 1.965 2.041 2.116 2.171 2.165 2.160 2.154 2.149 2.126 2.078 2.030 1.982 1.933 1.885 1.837 1.789 1.773 1.773 1.781 1.788 1.795 1.799 1.796 1.792 1.789 1.785 1.822 1.898 2.013 2.127 2.242 2.357 2.472 2.586 2.701 2.855 3.055 3.256 3.456 3.649 3.832 4.015 4.198 4.381 4.575 4.780 4.985 5.189 5.394 5.599 5.803 5.755 5.703 5.499 5.194 4.889 4.584 4.279 3.974 3.669 3.364
1.979 1.753 1.526 1.294 1.003 0.711 0.556 0.703 0.851 0.999 1.147 1.295 1.443 1.591 1.739 1.880 1.955 2.031 2.106 2.182 2.257 2.257 2.252 2.246 2.215 2.167 2.118 2.070 2.022 1.974 1.926 1.878 1.829 1.823 1.819 1.816 1.812 1.809 1.805 1.802 1.798 1.795 1.850 1.910 1.987 2.101 2.216 2.331 2.446 2.560 2.675 2.853 3.053 3.253 3.453 3.653 3.847 4.030 4.213 4.396 4.597 4.801 5.006 5.211 5.416 5.620 5.825 6.026 5.974 5.684 5.380 5.075 4.770 4.465 4.160 3.873 3.611
1.837 1.610 1.384 1.157 0.930 0.703 0.548 0.695 0.842 0.990 1.138 1.286 1.434 1.582 1.730 1.870 1.946 2.021 2.096 2.172 2.247 2.323 2.349 2.343 2.303 2.255 2.207 2.159 2.108 2.045 1.982 1.919 1.865 1.833 1.829 1.825 1.822 1.818 1.815 1.811 1.808 1.818 1.878 1.938 1.999 2.075 2.190 2.305 2.419 2.534 2.650 2.850 3.050 3.250 3.451 3.651 3.851 4.045 4.228 4.414 4.618 4.823 5.028 5.232 5.437 5.642 5.846 6.050 6.249 5.987 5.725 5.463 5.200 4.938 4.676 4.414 4.152
1.694 1.467 1.241 1.014 0.788 0.609 0.542 0.687 0.834 0.981 1.129 1.277 1.426 1.574 1.722 1.860 1.936 2.011 2.087 2.162 2.238 2.313 2.388 2.440 2.388 2.325 2.262 2.199 2.136 2.072 2.009 1.946 1.901 1.869 1.838 1.835 1.831 1.828 1.824 1.820 1.817 1.846 1.906 1.967 2.027 2.087 2.164 2.278 2.393 2.508 2.647 2.847 3.047 3.248 3.448 3.648 3.848 4.049 4.243 4.435 4.640 4.844 5.047 5.240 5.433 5.625 5.818 6.011 6.325 6.528 6.266 6.003 5.741 5.479 5.217 4.955 4.693
1.551 1.325 1.098 0.872 0.724 0.637 0.550 0.683 0.828 0.974 1.121 1.269 1.417 1.565 1.713 1.850 1.926 2.001 2.077 2.152 2.228 2.303 2.421 2.504 2.415 2.352 2.289 2.226 2.163 2.100 2.036 1.973 1.938 1.906 1.874 1.844 1.840 1.837 1.833 1.830 1.826 1.874 1.935 1.995 2.055 2.116 2.176 2.252 2.367 2.482 2.644 2.845 3.045 3.245 3.445 3.645 3.846 4.046 4.211 4.430 4.623 4.816 5.008 5.201 5.394 5.586 5.779 5.972 6.355 6.739 6.807 6.544 6.282 6.020 5.758 5.496 5.234
1.408 1.182 0.956 0.839 0.753 0.666 0.579 0.678 0.824 0.969 1.115 1.261 1.408 1.557 1.705 1.841 1.916 1.992 2.067 2.150 2.272 2.395 2.517 2.566 2.469 2.379 2.316 2.253 2.190 2.127 2.064 2.006 1.974 1.942 1.910 1.878 1.850 1.846 1.843 1.839 1.842 1.903 1.963 2.023 2.083 2.144 2.204 2.264 2.341 2.456 2.642 2.842 3.042 3.242 3.413 3.570 3.728 3.886 4.043 4.319 4.584 4.777 4.970 5.162 5.355 5.548 5.740 6.000 6.384 6.769 7.153 7.085 6.823 6.561 6.299 6.037 5.632
1.266 1.040 0.954 0.868 0.781 0.695 0.608 0.674 0.819 0.965 1.111 1.257 1.403 1.549 1.696 1.831 1.906 2.001 2.124 2.246 2.369 2.491 2.614 2.627 2.530 2.433 2.343 2.280 2.217 2.154 2.091 2.043 2.011 1.979 1.947 1.915 1.883 1.855 1.852 1.848 1.871 1.931 1.991 2.051 2.112 2.172 2.232 2.293 2.353 2.439 2.614 2.772 2.929 3.087 3.245 3.402 3.560 3.717 3.893 4.180 4.467 4.738 4.931 5.123 5.316 5.509 5.701 6.030 6.414 6.798 7.182 7.567 7.364 7.102 6.840 6.578 5.940
1.155 1.069 0.982 0.896 0.810 0.723 0.636 0.670 0.815 0.961 1.106 1.252 1.398 1.544 1.690 1.838 1.975 2.098 2.220 2.343 2.465 2.588 2.710 2.689 2.592 2.495 2.398 2.307 2.244 2.181 2.118 2.079 2.047 2.015 1.983 1.951 1.919 1.887 1.861 1.858 1.899 1.959 2.019 2.080 2.140 2.194 2.230 2.265 2.300 2.352 2.446 2.604 2.761 2.919 3.076 3.234 3.391 3.549 3.754 4.041 4.329 4.616 4.892 5.084 5.277 5.470 5.675 6.059 6.443 6.828 7.212 7.596 7.905 7.643 7.381 6.900 6.248
1.183 1.097 1.011 0.925 0.839 0.752 0.665 0.665 0.811 0.956 1.102 1.248 1.394 1.540 1.667 1.793 1.991 2.190 2.317 2.439 2.562 2.684 2.807 2.750 2.653 2.556 2.459 2.362 2.271 2.208 2.148 2.116 2.084 2.052 2.020 1.988 1.956 1.924 1.892 1.867 1.927 1.962 1.997 2.033 2.068 2.103 2.138 2.174 2.209 2.272 2.355 2.437 2.593 2.751 2.908 3.066 3.223 3.381 3.615 3.903 4.190 4.477 4.764 5.045 5.238 5.431 5.704 6.088 6.473 6.857 7.241 7.626 8.010 8.184 7.860 7.208 6.556
1.212 1.126 1.040 0.954 0.867 0.781 0.694 0.661 0.806 0.952 1.098 1.243 1.382 1.508 1.633 1.758 1.946 2.145 2.344 2.536 2.658 2.781 2.903 2.812 2.715 2.618 2.521 2.424 2.327 2.235 2.184 2.152 2.120 2.088 2.050 2.007 1.964 1.921 1.879 1.841 1.835 1.871 1.906 1.941 1.976 2.012 2.047 2.082 2.118 2.192 2.275 2.357 2.440 2.582 2.740 2.897 3.055 3.213 3.477 3.764 4.051 4.338 4.626 4.913 5.199 5.392 5.734 6.118 6.502 6.886 7.271 7.655 8.039 8.406 8.190 7.516 6.864
1.184 1.132 1.068 0.982 0.896 0.809 0.723 0.657 0.802 0.947 1.093 1.223 1.348 1.474 1.599 1.725 1.901 2.100 2.299 2.497 2.696 2.877 2.970 2.873 2.776 2.679 2.582 2.482 2.382 2.281 2.181 2.139 2.096 2.053 2.010 1.967 1.924 1.882 1.839 1.806 1.777 1.779 1.814 1.850 1.885 1.920 1.956 1.991 2.030 2.112 2.194 2.277 2.359 2.442 2.572 2.729 2.887 3.051 3.338 3.625 3.912 4.200 4.487 4.774 5.061 5.355 5.725 6.092 6.458 6.825 7.191 7.558 7.924 8.347 8.741 8.064 7.387
1.120 1.069 1.017 0.966 0.914 0.838 0.751 0.665 0.797 0.938 1.064 1.189 1.315 1.440 1.566 1.691 1.856 2.055 2.254 2.452 2.651 2.849 3.011 2.919 2.818 2.718 2.618 2.517 2.417 2.310 2.186 2.099 2.056 2.013 1.970 1.927 1.885 1.842 1.801 1.772 1.743 1.714 1.723 1.758 1.794 1.829 1.864 1.900 1.949 2.032 2.114 2.197 2.279 2.362 2.444 2.561 2.719 2.912 3.199 3.486 3.774 4.061 4.328 4.586 4.844 5.154 5.604 5.976 6.343 6.709 7.076 7.442 7.809 8.330 8.865 8.615 7.938
1.057 1.006 0.954 0.902 0.851 0.799 0.747 0.693 0.780 0.905 1.030 1.155 1.281 1.406 1.532 1.657 1.811 2.010 2.209 2.407 2.606 2.764 2.911 2.954 2.854 2.753 2.653 2.552 2.452 2.334 2.210 2.086 2.016 1.973 1.930 1.888 1.845 1.802 1.767 1.738 1.709 1.680 1.651 1.667 1.702 1.738 1.773 1.808 1.869 1.952 2.034 2.117 2.199 2.281 2.364 2.446 2.550 2.773 3.060 3.323 3.581 3.839 4.096 4.354 4.612 4.953 5.403 5.853 6.227 6.593 6.960 7.326 7.776 8.312 8.848 9.166 8.489
0.993 0.942 0.891 0.839 0.787 0.735 0.682 0.617 0.706 0.859 0.996 1.122 1.247 1.373 1.498 1.624 1.766 1.965 2.164 2.362 2.517 2.664 2.810 2.957 2.889 2.789 2.688 2.588 2.481 2.357 2.234 2.110 1.986 1.933 1.891 1.848 1.805 1.762 1.733 1.704 1.675 1.646 1.616 1.587 1.611 1.646 1.682 1.717 1.789 1.871 1.954 2.036 2.119 2.201 2.284 2.366 2.443 2.576 2.833 3.091 3.349 3.607 3.865 4.122 4.380 4.752 5.202 5.652 6.102 6.478 6.844 7.223 7.759 8.294 8.830 9.366 9.040
0.930 0.878 0.827 0.775 0.724 0.665 0.600 0.535 0.604 0.757 0.910 1.064 1.214 1.339 1.465 1.590 1.721 1.920 2.119 2.270 2.417 2.563 2.710 2.857 2.924 2.824 2.723 2.623 2.505 2.381 2.257 2.133 2.009 1.894 1.851 1.808 1.765 1.728 1.699 1.670 1.640 1.611 1.582 1.553 1.524 1.555 1.590 1.626 1.709 1.791 1.874 1.956 2.039 2.119 2.194 2.268 2.342 2.479 2.645 2.859 3.117 3.375 3.633 3.891 4.148 4.551 5.001 5.451 5.901 6.352 6.729 7.205 7.741 8.277 8.812 9.348 9.591
0.866 0.815 0.764 0.712 0.648 0.583 0.518 0.453 0.502 0.655 0.808 0.962 1.115 1.269 1.422 1.556 1.682 1.875 2.023 2.169 2.316 2.463 2.610 2.756 2.903 2.859 2.759 2.653 2.529 2.405 2.281 2.157 2.033 1.909 1.811 1.768 1.725 1.694 1.665 1.635 1.606 1.577 1.548 1.519 1.489 1.464 1.499 1.546 1.629 1.711 1.794 1.870 1.945 2.019 2.093 2.168 2.242 2.381 2.547 2.713 2.885 3.143 3.401 3.659 3.917 4.349 4.800 5.250 5.700 6.150 6.548 7.188 7.723 8.259 8.795 9.331 9.866
1.035 0.751 0.695 0.630 0.566 0.501 0.436 0.371 0.399 0.553 0.706 0.860 1.013 1.167 1.320 1.473 1.640 1.801 1.922 2.069 2.216 2.363 2.509 2.656 2.803 2.894 2.794 2.677 2.553 2.429 2.305 2.181 2.057 1.933 1.809 1.728 1.689 1.659 1.630 1.601 1.572 1.543 1.514 1.484 1.455 1.426 1.407 1.466 1.547 1.621 1.696 1.770 1.844 1.918 1.993 2.067 2.141 2.284 2.450 2.616 2.781 2.947 3.169 3.427 3.698 4.148 4.599 5.049 5.403 5.739 6.075 6.691 7.332 7.972 8.612 9.253 9.849
1.174 0.677 0.613 0.548 0.484 0.419 0.354 0.289 0.297 0.450 0.604 0.757 0.911 1.064 1.218 1.412 1.751 2.004 2.096 2.188 2.281 2.373 2.465 2.558 2.702 2.849 2.824 2.700 2.576 2.453 2.329 2.205 2.081 1.957 1.833 1.709 1.654 1.625 1.597 1.568 1.539 1.511 1.482 1.454 1.425 1.397 1.368 1.375 1.447 1.521 1.595 1.669 1.744 1.818 1.892 1.967 2.041 2.187 2.352 2.518 2.684 2.850 3.016 3.195 3.497 3.940 4.276 4.611 4.947 5.283 5.619 6.194 6.835 7.475 8.115 8.756 9.392
1.194 0.874 0.568 0.466 0.402 0.337 0.272 0.207 0.195 0.348 0.502 0.655 0.809 0.962 1.183 1.522 1.861 2.200 2.298 2.391 2.483 2.575 2.668 2.760 2.853 2.945 2.881 2.759 2.637 2.516 2.394 2.272 2.150 2.029 1.907 1.783 1.635 1.605 1.576 1.548 1.519 1.491 1.462 1.433 1.405 1.376 1.328 1.310 1.366 1.423 1.495 1.569 1.643 1.717 1.792 1.866 1.940 2.089 2.255 2.421 2.587 2.752 2.918 3.073 3.208 3.484 3.820 4.156 4.492 4.828 5.163 5.697 6.338 6.978 7.618 8.239 8.806
1.405 1.099 0.794 0.488 0.320 0.255 0.190 0.125 0.092 0.246 0.400 0.553 0.707 0.955 1.294 1.633 1.972 2.311 2.501 2.593 2.685 2.778 2.870 2.962 3.055 3.033 2.946 2.841 2.719 2.598 2.476 2.354 2.232 2.111 1.989 1.854 1.705 1.585 1.556 1.528 1.499 1.470 1.442 1.413 1.385 1.341 1.286 1.245 1.301 1.358 1.414 1.470 1.543 1.617 1.691 1.765 1.840 1.992 2.158 2.324 2.489 2.650 2.747 2.844 2.973 3.194 3.414 3.700 4.036 4.372 4.708 5.201 5.841 6.481 7.087 7.654 8.219
1.630 1.325 1.019 0.714 0.408 0.173 0.107 0.036 0.000 0.144 0.297 0.451 0.727 1.066 1.405 1.744 2.083 2.422 2.703 2.795 2.888 2.980 3.072 3.165 3.182 3.095 3.007 2.920 2.801 2.680 2.558 2.436 2.315 2.193 2.071 1.925 1.776 1.627 1.536 1.507 1.479 1.450 1.421 1.393 1.354 1.300 1.245 1.191 1.236 1.292 1.349 1.405 1.461 1.517 1.591 1.665 1.739 1.895 2.060 2.226 2.324 2.421 2.518 2.616 2.739 2.959 3.179 3.400 3.620 3.916 4.252 4.704 5.344 5.935 6.501 7.067 7.633
1.856 1.550 1.245 0.940 0.634 0.328 0.016 0.000 0.000 0.032 0.196 0.499 0.838 1.177 1.516 1.855 2.193 2.532 2.871 2.997 3.090 3.182 3.275 3.331 3.244 3.156 3.069 2.981 2.883 2.762 2.640 2.518 2.397 2.275 2.144 1.995 1.847 1.698 1.549 1.487 1.458 1.430 1.401 1.368 1.313 1.259 1.204 1.150 1.171 1.227 1.283 1.340 1.396 1.452 1.508 1.565 1.639 1.797 1.900 1.998 2.095 2.192 2.289 2.387 2.504 2.725 2.945 3.165 3.386 3.606 3.826 4.207 4.783 5.349 5.915 6.481 7.047
2.081 1.776 1.470 1.165 0.859 0.554 0.248 0.000 0.000 0.000 0.270 0.609 0.948 1.287 1.626 1.965 2.304 2.643 2.982 3.200 3.292 3.384 3.477 3.393 3.305 3.218 3.130 3.043 2.956 2.844 2.722 2.600 2.479 2.357 2.215 2.066 1.917 1.769 1.620 1.471 1.438 1.410 1.381 1.326 1.272 1.217 1.163 1.108 1.106 1.162 1.218 1.275 1.331 1.387 1.443 1.500 1.538 1.576 1.671 1.769 1.866 1.963 2.061 2.158 2.270 2.490 2.711 2.931 3.151 3.372 3.573 3.787 4.253 4.763 5.329 5.895 6.461
2.307 2.001 1.696 1.391 1.085 0.779 0.474 0.133 0.000 0.001 0.381 0.720 1.059 1.398 1.737 2.076 2.415 2.754 3.093 3.402 3.494 3.587 3.542 3.454 3.367 3.279 3.192 3.105 3.017 2.926 2.804 2.682 2.561 2.434 2.285 2.137 1.988 1.839 1.691 1.542 1.418 1.389 1.340 1.285 1.231 1.176 1.122 1.067 1.041 1.097 1.153 1.209 1.266 1.322 1.377 1.403 1.430 1.466 1.506 1.546 1.637 1.735 1.832 1.929 2.036 2.256 2.476 2.697 2.915 3.086 3.258 3.448 3.914 4.379 4.845 5.310 5.875
2.486 2.129 1.772 1.414 1.057 0.700 0.343 0.000 0.000 0.000 0.196 0.601 1.006 1.412 1.817 2.186 2.525 2.864 3.203 3.542 3.697 3.691 3.603 3.516 3.428 3.341 3.254 3.166 3.079 2.991 2.886 2.765 2.643 2.504 2.356 2.207 2.059 1.910 1.761 1.613 1.464 1.353 1.298 1.244 1.190 1.135 1.081 1.026 0.976 1.032 1.088 1.144 1.200 1.243 1.269 1.295 1.322 1.356 1.396 1.436 1.475 1.515 1.603 1.700 1.801 2.022 2.242 2.429 2.600 2.771 2.943 3.114 3.575 4.040 4.506 4.971 5.437
