includes/camargue/floodfiles/results_R2_t1.562608011066E12/res-0010.wdfp
ncols         906
nrows         631
xllcorner     362177.146667
yllcorner     6534725.688020
cellsize      20.000000
NODATA_value  -9999.000000
[rows 544 to 577 of 631, columns 0 to 76 of 906]
1.719 1.362 1.005 0.648 0.291 0.000 0.000 0.000 0.000 0.000 0.000 0.000 0.157 0.562 0.968 1.373 1.778 2.183 2.589 2.994 3.210 3.122 3.035 2.947 2.860 2.772 2.685 2.598 2.510 2.423 2.335 2.217 2.094 1.945 1.797 1.648 1.500 1.350 1.155 0.960 0.764 0.642 0.604 0.565 0.520 0.465 0.411 0.356 0.301 0.337 0.394 0.450 0.480 0.507 0.533 0.560 0.587 0.619 0.659 0.699 0.739 0.779 0.819 0.860 0.943 1.145 1.317 1.488 1.660 1.831 2.003 2.174 2.611 3.077 3.542 4.008 4.473
1.572 1.215 0.858 0.501 0.144 0.000 0.000 0.000 0.000 0.000 0.000 0.000 0.000 0.344 0.749 1.154 1.559 1.965 2.370 2.791 3.316 3.230 3.133 3.036 2.939 2.842 2.747 2.659 2.572 2.484 2.397 2.299 2.165 2.016 1.859 1.664 1.469 1.274 1.078 0.883 0.688 0.557 0.518 0.479 0.441 0.402 0.363 0.314 0.260 0.272 0.318 0.345 0.372 0.398 0.425 0.452 0.478 0.509 0.549 0.589 0.629 0.669 0.709 0.749 0.797 0.857 1.002 1.173 1.345 1.516 1.687 1.859 2.272 2.738 3.203 3.669 4.134
1.424 1.067 0.711 0.353 0.004 0.000 0.000 0.000 0.000 0.000 0.000 0.000 0.000 0.125 0.530 0.935 1.341 1.746 2.151 2.669 3.194 3.353 3.256 3.159 3.062 2.965 2.868 2.771 2.674 2.577 2.480 2.383 2.173 1.978 1.782 1.587 1.392 1.197 1.002 0.807 0.611 0.472 0.433 0.394 0.355 0.316 0.277 0.238 0.199 0.187 0.210 0.237 0.263 0.290 0.317 0.343 0.370 0.398 0.439 0.479 0.519 0.559 0.600 0.650 0.699 0.758 0.820 0.882 1.030 1.201 1.372 1.544 1.934 2.399 2.865 3.319 3.643
1.284 0.920 0.563 0.206 0.000 0.000 0.000 0.000 0.000 0.000 0.000 0.000 0.000 0.000 0.312 0.717 1.122 1.527 2.021 2.546 3.072 3.476 3.379 3.282 3.185 3.088 2.991 2.894 2.797 2.700 2.603 2.383 2.152 1.914 1.706 1.511 1.316 1.120 0.925 0.730 0.535 0.386 0.347 0.308 0.269 0.231 0.192 0.159 0.162 0.163 0.155 0.148 0.155 0.181 0.208 0.235 0.262 0.288 0.328 0.369 0.409 0.453 0.502 0.552 0.601 0.659 0.721 0.783 0.845 0.907 1.057 1.229 1.595 2.060 2.425 2.748 3.072
1.252 0.773 0.416 0.060 0.000 0.000 0.000 0.000 0.000 0.000 0.000 0.000 0.000 0.000 0.093 0.498 0.904 1.373 1.899 2.424 2.949 3.475 3.503 3.406 3.309 3.212 3.115 3.018 2.921 2.824 2.603 2.381 2.152 1.915 1.677 1.440 1.239 1.044 0.849 0.654 0.458 0.301 0.262 0.223 0.184 0.145 0.130 0.133 0.136 0.138 0.130 0.123 0.115 0.108 0.101 0.126 0.153 0.180 0.218 0.258 0.306 0.355 0.404 0.454 0.503 0.559 0.621 0.683 0.745 0.807 0.869 0.931 1.206 1.530 1.854 2.177 2.501
1.220 0.694 0.268 0.000 0.000 0.000 0.000 0.000 0.000 0.000 0.000 0.000 0.000 0.000 0.000 0.280 0.726 1.251 1.776 2.302 2.827 3.352 3.626 3.529 3.432 3.335 3.238 3.141 3.044 2.823 2.601 2.379 2.153 1.916 1.678 1.441 1.203 0.967 0.772 0.577 0.382 0.216 0.176 0.137 0.099 0.101 0.104 0.107 0.110 0.113 0.106 0.098 0.090 0.083 0.075 0.068 0.061 0.071 0.108 0.158 0.208 0.257 0.306 0.356 0.405 0.460 0.522 0.584 0.646 0.708 0.768 0.822 0.880 0.959 1.283 1.606 1.930
1.188 0.663 0.136 0.000 0.000 0.000 0.000 0.000 0.000 0.000 0.000 0.000 0.000 0.000 0.000 0.078 0.603 1.129 1.654 2.179 2.705 3.230 3.749 3.652 3.555 3.458 3.361 3.264 3.043 2.821 2.600 2.378 2.154 1.916 1.679 1.441 1.204 0.966 0.729 0.501 0.305 0.130 0.091 0.070 0.073 0.075 0.078 0.081 0.084 0.087 0.082 0.074 0.066 0.058 0.050 0.043 0.035 0.031 0.043 0.073 0.109 0.159 0.208 0.257 0.307 0.360 0.422 0.485 0.544 0.599 0.653 0.707 0.766 0.825 0.884 1.035 1.359
1.156 0.631 0.105 0.000 0.000 0.000 0.000 0.000 0.000 0.000 0.000 0.000 0.000 0.000 0.000 0.000 0.481 1.007 1.532 2.057 2.583 3.108 3.633 3.776 3.679 3.582 3.485 3.264 3.042 2.820 2.598 2.376 2.154 1.917 1.680 1.442 1.205 0.967 0.729 0.492 0.254 0.046 0.042 0.046 0.049 0.052 0.054 0.057 0.060 0.063 0.061 0.053 0.045 0.038 0.030 0.024 0.021 0.020 0.018 0.046 0.076 0.106 0.135 0.164 0.209 0.261 0.321 0.375 0.430 0.484 0.538 0.593 0.651 0.711 0.770 0.829 0.889
1.186 0.666 0.144 0.000 0.000 0.000 0.000 0.000 0.000 0.000 0.000 0.000 0.000 0.000 0.000 0.000 0.359 0.884 1.410 1.935 2.460 2.986 3.511 3.899 3.802 3.705 3.484 3.262 3.040 2.818 2.596 2.374 2.152 1.918 1.680 1.443 1.205 0.968 0.730 0.493 0.259 0.042 0.031 0.027 0.031 0.033 0.036 0.039 0.042 0.045 0.045 0.038 0.031 0.026 0.022 0.021 0.020 0.019 0.015 0.021 0.049 0.079 0.109 0.138 0.167 0.180 0.206 0.260 0.315 0.369 0.424 0.478 0.537 0.596 0.656 0.715 0.774
1.313 0.792 0.270 0.000 0.000 0.000 0.000 0.000 0.000 0.000 0.000 0.000 0.000 0.000 0.000 0.000 0.234 0.760 1.286 1.812 2.338 2.864 3.389 3.914 3.925 3.704 3.482 3.260 3.038 2.816 2.594 2.372 2.150 1.919 1.681 1.444 1.206 0.968 0.731 0.505 0.286 0.068 0.034 0.032 0.029 0.025 0.026 0.028 0.031 0.034 0.036 0.030 0.025 0.023 0.023 0.023 0.022 0.020 0.016 0.015 0.025 0.053 0.083 0.112 0.140 0.135 0.130 0.146 0.200 0.255 0.309 0.363 0.423 0.482 0.542 0.601 0.660
1.440 0.919 0.437 0.154 0.000 0.000 0.000 0.000 0.000 0.000 0.000 0.000 0.000 0.000 0.000 0.000 0.108 0.634 1.160 1.686 2.212 2.738 3.264 3.790 3.971 3.702 3.480 3.258 3.036 2.814 2.592 2.370 2.148 1.919 1.682 1.444 1.207 0.971 0.752 0.532 0.312 0.094 0.036 0.037 0.036 0.034 0.030 0.026 0.025 0.028 0.031 0.026 0.024 0.025 0.025 0.024 0.023 0.021 0.019 0.013 0.018 0.036 0.063 0.091 0.099 0.093 0.088 0.082 0.086 0.140 0.194 0.249 0.309 0.368 0.427 0.487 0.546
1.567 1.045 0.690 0.407 0.124 0.000 0.000 0.000 0.000 0.000 0.000 0.000 0.000 0.000 0.000 0.000 0.000 0.508 1.034 1.560 2.086 2.612 3.138 3.741 4.191 3.897 3.604 3.310 3.034 2.812 2.590 2.368 2.146 1.920 1.683 1.445 1.217 0.998 0.778 0.559 0.339 0.120 0.038 0.040 0.041 0.040 0.038 0.035 0.031 0.027 0.024 0.025 0.026 0.026 0.026 0.025 0.024 0.022 0.020 0.016 0.018 0.032 0.056 0.076 0.070 0.065 0.060 0.054 0.048 0.039 0.080 0.135 0.194 0.254 0.313 0.370 0.426
1.694 1.224 0.942 0.659 0.377 0.094 0.000 0.000 0.000 0.000 0.000 0.000 0.000 0.000 0.000 0.000 0.000 0.382 0.908 1.434 1.960 2.486 3.077 3.697 4.317 4.116 3.823 3.530 3.236 2.943 2.649 2.367 2.144 1.921 1.683 1.463 1.244 1.024 0.805 0.585 0.366 0.146 0.039 0.043 0.045 0.045 0.043 0.041 0.038 0.035 0.027 0.026 0.027 0.027 0.027 0.026 0.025 0.023 0.022 0.018 0.018 0.034 0.058 0.061 0.057 0.053 0.050 0.046 0.042 0.036 0.027 0.037 0.080 0.136 0.193 0.249 0.306
1.821 1.476 1.194 0.911 0.629 0.346 0.064 0.000 0.000 0.000 0.000 0.000 0.000 0.000 0.000 0.000 0.000 0.256 0.782 1.308 1.834 2.413 3.033 3.653 4.274 4.336 4.042 3.749 3.455 3.162 2.869 2.575 2.282 1.904 1.710 1.490 1.270 1.051 0.831 0.612 0.392 0.173 0.041 0.046 0.048 0.048 0.048 0.046 0.041 0.034 0.028 0.027 0.029 0.029 0.028 0.027 0.025 0.024 0.022 0.021 0.017 0.037 0.054 0.051 0.050 0.050 0.049 0.046 0.043 0.039 0.034 0.027 0.028 0.037 0.073 0.129 0.185
2.011 1.729 1.446 1.164 0.881 0.598 0.316 0.034 0.000 0.000 0.000 0.000 0.000 0.000 0.000 0.000 0.000 0.130 0.656 1.182 1.749 2.369 2.989 3.610 4.230 4.555 4.262 3.968 3.675 3.381 3.088 2.794 2.369 1.822 1.592 1.446 1.297 1.077 0.858 0.638 0.419 0.200 0.041 0.048 0.051 0.052 0.052 0.046 0.040 0.035 0.030 0.029 0.031 0.031 0.030 0.029 0.027 0.025 0.023 0.021 0.020 0.039 0.043 0.045 0.048 0.049 0.050 0.048 0.046 0.042 0.038 0.035 0.031 0.024 0.025 0.031 0.066
2.263 1.981 1.698 1.416 1.133 0.851 0.568 0.286 0.094 0.040 0.011 0.001 0.000 0.000 0.000 0.000 0.000 0.010 0.530 1.085 1.705 2.326 2.946 3.566 4.186 4.774 4.481 4.187 3.894 3.601 3.307 2.835 2.288 1.741 1.452 1.306 1.160 1.014 0.868 0.665 0.446 0.226 0.041 0.050 0.054 0.054 0.049 0.045 0.041 0.036 0.032 0.030 0.032 0.032 0.031 0.030 0.028 0.026 0.023 0.022 0.022 0.026 0.036 0.043 0.047 0.050 0.052 0.051 0.048 0.045 0.041 0.039 0.037 0.033 0.023 0.020 0.019
2.516 2.233 1.950 1.668 1.385 1.103 0.820 0.538 0.255 0.172 0.142 0.113 0.083 0.054 0.024 0.003 0.000 0.000 0.422 1.042 1.662 2.282 2.902 3.522 4.142 4.762 4.700 4.407 4.113 3.820 3.300 2.754 2.207 1.660 1.313 1.167 1.020 0.874 0.728 0.582 0.436 0.253 0.058 0.051 0.053 0.051 0.048 0.045 0.042 0.039 0.035 0.031 0.033 0.034 0.033 0.031 0.028 0.026 0.022 0.018 0.008 0.011 0.032 0.041 0.047 0.051 0.053 0.053 0.051 0.047 0.043 0.042 0.040 0.036 0.030 0.021 0.015
2.594 2.305 2.015 1.725 1.435 1.145 0.855 0.565 0.290 0.215 0.191 0.166 0.141 0.117 0.092 0.066 0.041 0.015 0.370 0.996 1.618 2.238 2.858 3.478 4.098 4.718 4.919 4.626 4.312 3.766 3.219 2.673 2.126 1.579 1.173 1.027 0.881 0.735 0.589 0.443 0.297 0.151 0.046 0.047 0.050 0.050 0.049 0.047 0.044 0.041 0.037 0.033 0.035 0.035 0.034 0.032 0.030 0.027 0.012 0.006 0.004 0.004 0.019 0.036 0.047 0.052 0.055 0.056 0.054 0.050 0.046 0.045 0.041 0.036 0.030 0.023 0.016
2.581 2.291 2.001 1.711 1.421 1.131 0.842 0.552 0.358 0.277 0.218 0.193 0.168 0.143 0.118 0.092 0.066 0.131 0.301 0.927 1.553 2.179 2.805 3.432 4.054 4.674 5.139 4.778 4.231 3.685 3.138 2.591 2.045 1.498 1.034 0.888 0.741 0.595 0.449 0.303 0.157 0.063 0.033 0.035 0.044 0.050 0.050 0.049 0.047 0.044 0.040 0.036 0.037 0.038 0.036 0.034 0.029 0.014 0.009 0.006 0.003 0.002 0.012 0.024 0.039 0.053 0.057 0.058 0.057 0.053 0.049 0.047 0.042 0.035 0.027 0.021 0.015
2.539 2.277 1.987 1.698 1.408 1.118 0.828 0.538 0.425 0.344 0.263 0.220 0.195 0.170 0.145 0.119 0.152 0.252 0.353 0.858 1.484 2.110 2.736 3.362 3.989 4.615 5.090 4.697 4.150 3.604 3.057 2.510 1.964 1.417 0.894 0.748 0.602 0.456 0.310 0.164 0.101 0.045 0.025 0.027 0.036 0.042 0.046 0.050 0.049 0.047 0.044 0.039 0.040 0.040 0.039 0.027 0.018 0.014 0.010 0.007 0.004 0.002 0.009 0.019 0.030 0.043 0.058 0.062 0.061 0.058 0.054 0.049 0.041 0.032 0.022 0.017 0.010
2.407 2.264 1.974 1.684 1.394 1.104 0.814 0.574 0.492 0.411 0.330 0.248 0.222 0.197 0.172 0.171 0.272 0.373 0.474 0.789 1.415 2.041 2.667 3.293 3.919 4.400 4.624 4.389 3.945 3.501 2.976 2.429 1.883 1.336 0.790 0.609 0.463 0.317 0.205 0.142 0.081 0.031 0.020 0.023 0.031 0.036 0.040 0.043 0.046 0.049 0.047 0.043 0.043 0.040 0.027 0.022 0.019 0.015 0.012 0.008 0.005 0.003 0.009 0.016 0.026 0.037 0.049 0.061 0.067 0.064 0.060 0.050 0.037 0.029 0.010 0.007 0.006
2.276 2.169 1.960 1.670 1.380 1.090 0.800 0.641 0.560 0.478 0.397 0.315 0.249 0.224 0.198 0.291 0.392 0.494 0.595 0.720 1.346 1.972 2.598 3.224 3.710 3.934 4.158 4.072 3.627 3.183 2.738 2.294 1.802 1.255 0.709 0.469 0.323 0.246 0.183 0.121 0.060 0.022 0.018 0.020 0.028 0.033 0.036 0.039 0.042 0.044 0.045 0.046 0.036 0.028 0.025 0.023 0.020 0.017 0.014 0.010 0.006 0.004 0.010 0.016 0.023 0.033 0.044 0.055 0.066 0.075 0.067 0.046 0.019 0.009 0.007 0.006 0.006
2.145 2.038 1.931 1.657 1.367 1.077 0.790 0.709 0.627 0.546 0.464 0.382 0.301 0.251 0.310 0.411 0.513 0.615 0.716 0.818 1.277 1.903 2.529 3.020 3.244 3.468 3.692 3.754 3.310 2.865 2.421 1.977 1.532 1.088 0.628 0.350 0.287 0.224 0.162 0.100 0.041 0.018 0.016 0.017 0.026 0.030 0.033 0.036 0.039 0.041 0.041 0.035 0.031 0.028 0.026 0.024 0.022 0.019 0.016 0.012 0.008 0.005 0.011 0.016 0.021 0.031 0.042 0.054 0.066 0.081 0.057 0.022 0.011 0.009 0.007 0.006 0.005
2.013 1.907 1.800 1.643 1.353 1.063 0.857 0.776 0.694 0.613 0.531 0.450 0.374 0.351 0.437 0.532 0.634 0.735 0.837 0.939 1.208 1.834 2.331 2.554 2.778 3.002 3.226 3.437 2.992 2.548 2.104 1.659 1.215 0.770 0.464 0.315 0.265 0.203 0.140 0.079 0.027 0.015 0.014 0.015 0.023 0.028 0.031 0.034 0.037 0.035 0.033 0.033 0.032 0.029 0.028 0.026 0.024 0.021 0.018 0.014 0.010 0.006 0.013 0.017 0.020 0.028 0.038 0.054 0.070 0.086 0.060 0.020 0.011 0.009 0.008 0.006 0.005
1.882 1.775 1.669 1.562 1.339 1.049 0.925 0.843 0.762 0.680 0.638 0.608 0.578 0.548 0.622 0.707 0.793 0.878 0.964 1.060 1.162 1.641 1.865 2.089 2.312 2.536 2.760 2.984 2.675 2.230 1.786 1.342 0.989 0.703 0.417 0.267 0.217 0.167 0.117 0.058 0.019 0.014 0.013 0.013 0.021 0.025 0.028 0.030 0.028 0.029 0.031 0.032 0.032 0.030 0.029 0.027 0.025 0.023 0.020 0.017 0.012 0.008 0.014 0.017 0.020 0.026 0.039 0.054 0.071 0.087 0.059 0.023 0.014 0.010 0.008 0.006 0.005
1.751 1.644 1.537 1.430 1.324 1.073 0.992 0.932 0.902 0.872 0.842 0.812 0.782 0.752 0.808 0.893 0.978 1.064 1.149 1.235 1.379 1.494 1.504 1.623 1.847 2.070 2.294 2.518 2.357 1.913 1.513 1.227 0.941 0.655 0.369 0.219 0.168 0.119 0.069 0.027 0.015 0.014 0.013 0.012 0.018 0.022 0.022 0.022 0.025 0.027 0.030 0.032 0.032 0.030 0.030 0.029 0.027 0.025 0.023 0.019 0.015 0.011 0.016 0.019 0.021 0.027 0.038 0.053 0.070 0.086 0.056 0.026 0.018 0.013 0.009 0.006 0.005
1.663 1.550 1.438 1.325 1.212 1.195 1.166 1.136 1.106 1.076 1.046 1.016 0.986 0.955 0.993 1.079 1.164 1.250 1.335 1.491 1.753 1.964 1.974 1.984 1.993 2.003 2.013 2.052 2.040 1.752 1.466 1.180 0.894 0.608 0.322 0.170 0.120 0.070 0.026 0.012 0.011 0.012 0.013 0.012 0.015 0.015 0.017 0.019 0.022 0.025 0.028 0.030 0.032 0.031 0.030 0.030 0.029 0.027 0.025 0.023 0.018 0.015 0.019 0.020 0.022 0.026 0.036 0.051 0.067 0.084 0.054 0.028 0.020 0.016 0.012 0.009 0.006
1.609 1.496 1.383 1.270 1.260 1.325 1.330 1.335 1.309 1.279 1.249 1.219 1.189 1.159 1.179 1.264 1.350 1.435 1.602 1.864 2.126 2.388 2.444 2.454 2.463 2.473 2.483 2.493 2.090 1.705 1.419 1.133 0.846 0.561 0.275 0.122 0.072 0.026 0.010 0.009 0.010 0.010 0.011 0.012 0.011 0.012 0.014 0.017 0.019 0.022 0.026 0.029 0.031 0.030 0.031 0.030 0.029 0.028 0.027 0.029 0.031 0.029 0.023 0.020 0.022 0.026 0.033 0.048 0.065 0.082 0.052 0.030 0.023 0.019 0.015 0.011 0.008
1.554 1.441 1.328 1.293 1.371 1.450 1.458 1.463 1.469 1.474 1.453 1.423 1.393 1.363 1.364 1.450 1.535 1.713 1.976 2.238 2.500 2.762 2.914 2.924 2.933 2.943 2.953 2.722 2.240 1.759 1.371 1.085 0.799 0.513 0.227 0.073 0.026 0.008 0.007 0.008 0.009 0.009 0.011 0.012 0.012 0.012 0.012 0.014 0.016 0.019 0.023 0.027 0.030 0.030 0.031 0.030 0.030 0.031 0.036 0.038 0.037 0.036 0.034 0.030 0.023 0.026 0.030 0.044 0.061 0.078 0.050 0.033 0.027 0.021 0.018 0.013 0.013
1.500 1.387 1.325 1.404 1.482 1.561 1.587 1.592 1.597 1.602 1.608 1.613 1.597 1.567 1.550 1.635 1.825 2.087 2.349 2.611 2.873 3.135 3.384 3.393 3.403 3.413 3.353 2.872 2.391 1.909 1.428 1.038 0.752 0.466 0.180 0.026 0.007 0.006 0.006 0.007 0.008 0.009 0.010 0.011 0.011 0.012 0.013 0.013 0.014 0.016 0.020 0.024 0.028 0.029 0.031 0.031 0.038 0.041 0.042 0.042 0.041 0.041 0.040 0.038 0.036 0.033 0.027 0.040 0.055 0.073 0.050 0.036 0.031 0.024 0.026 0.026 0.023
1.445 1.358 1.436 1.515 1.593 1.672 1.715 1.720 1.726 1.731 1.736 1.741 1.746 1.751 1.741 1.936 2.198 2.460 2.722 2.984 3.246 3.509 3.771 3.863 3.873 3.883 3.503 3.022 2.541 2.059 1.578 1.097 0.705 0.419 0.133 0.005 0.005 0.005 0.005 0.006 0.007 0.008 0.008 0.009 0.010 0.010 0.011 0.012 0.014 0.015 0.017 0.019 0.025 0.028 0.036 0.041 0.044 0.045 0.045 0.045 0.044 0.043 0.043 0.043 0.043 0.042 0.042 0.041 0.046 0.066 0.050 0.039 0.041 0.042 0.039 0.035 0.031
1.391 1.469 1.547 1.626 1.704 1.783 1.844 1.849 1.854 1.859 1.865 1.870 1.875 1.880 1.900 2.154 2.500 2.833 3.095 3.358 3.620 3.882 4.144 4.333 4.343 4.135 3.653 3.172 2.691 2.209 1.728 1.247 0.766 0.371 0.085 0.003 0.004 0.004 0.005 0.005 0.006 0.006 0.007 0.007 0.008 0.008 0.009 0.010 0.012 0.013 0.015 0.018 0.022 0.037 0.042 0.045 0.047 0.048 0.047 0.046 0.045 0.044 0.044 0.044 0.045 0.047 0.048 0.051 0.053 0.058 0.059 0.061 0.058 0.054 0.049 0.044 0.038
1.501 1.580 1.658 1.737 1.815 1.894 1.972 1.977 1.983 1.988 1.993 1.998 2.004 2.027 2.051 2.219 2.565 2.911 3.257 3.603 3.950 4.255 4.517 4.780 4.766 4.285 3.804 3.322 2.841 2.360 1.878 1.397 0.916 0.434 0.038 0.002 0.003 0.004 0.004 0.004 0.004 0.005 0.005 0.006 0.006 0.006 0.007 0.008 0.008 0.010 0.011 0.013 0.015 0.029 0.041 0.047 0.049 0.049 0.049 0.048 0.046 0.045 0.044 0.044 0.045 0.047 0.050 0.053 0.053 0.055 0.064 0.073 0.071 0.065 0.059 0.052 0.046
1.612 1.691 1.769 1.848 1.926 2.005 2.083 2.106 2.111 2.117 2.122 2.128 2.153 2.178 2.202 2.284 2.630 2.976 3.323 3.669 4.015 4.361 4.707 5.054 4.921 4.440 3.958 3.477 2.995 2.514 2.032 1.551 1.069 0.588 0.106 0.001 0.002 0.003 0.003 0.003 0.003 0.004 0.004 0.004 0.005 0.005 0.005 0.006 0.006 0.006 0.007 0.008 0.009 0.020 0.029 0.038 0.048 0.050 0.050 0.049 0.047 0.045 0.043 0.043 0.044 0.046 0.045 0.044 0.046 0.049 0.056 0.063 0.070 0.076 0.069 0.061 0.054
