includes/camargue/floodfiles/results_R2_t1.562608011066E12/res-0007.wd
ncols         906
nrows         631
xllcorner     362177.146667
yllcorner     6534725.688020
cellsize      20.000000
NODATA_value  -9999.000000
[rows 510 to 543 of 631, columns 154 to 230 of 906]
3.891 3.890 3.876 3.859 3.815 3.725 3.634 3.544 3.454 3.364 3.274 3.184 3.094 3.005 2.956 2.937 2.917 2.898 2.878 2.859 2.839 2.820 2.801 2.793 2.831 2.868 2.905 2.943 2.940 2.935 2.930 2.925 2.921 2.913 2.906 2.899 2.891 2.879 2.867 2.856 2.844 2.832 2.834 2.851 2.868 2.885 2.901 2.929 2.961 2.992 3.023 3.016 3.007 2.998 2.989 2.980 2.959 2.928 2.939 2.988 3.038 3.088 3.139 3.190 3.241 3.291 3.334 3.312 3.291 3.270 3.256 3.254 3.253 3.251 3.249 3.248 3.282
3.881 3.880 3.879 3.862 3.791 3.701 3.611 3.521 3.431 3.346 3.261 3.176 3.091 3.006 2.954 2.918 2.898 2.879 2.859 2.840 2.821 2.801 2.782 2.789 2.826 2.864 2.901 2.939 2.976 2.985 2.981 2.976 2.971 2.964 2.957 2.950 2.938 2.926 2.915 2.903 2.891 2.880 2.868 2.884 2.901 2.918 2.941 2.972 3.003 3.034 3.066 3.075 3.065 3.056 3.047 3.024 2.992 2.961 2.966 3.016 3.066 3.115 3.165 3.215 3.266 3.316 3.366 3.345 3.324 3.319 3.317 3.316 3.314 3.312 3.311 3.309 3.343
3.871 3.870 3.870 3.858 3.772 3.687 3.602 3.517 3.432 3.347 3.262 3.177 3.092 3.017 2.966 2.914 2.879 2.860 2.841 2.821 2.802 2.782 2.763 2.785 2.822 2.860 2.897 2.934 2.972 3.009 3.031 3.027 3.022 3.015 3.008 2.997 2.985 2.973 2.962 2.950 2.938 2.927 2.915 2.918 2.935 2.952 2.984 3.015 3.046 3.077 3.108 3.133 3.124 3.114 3.089 3.057 3.026 2.994 2.993 3.043 3.093 3.143 3.192 3.242 3.292 3.342 3.392 3.383 3.382 3.380 3.378 3.377 3.375 3.374 3.372 3.370 3.404
3.930 3.957 3.985 3.917 3.773 3.687 3.602 3.517 3.432 3.347 3.262 3.177 3.092 3.029 2.978 2.926 2.875 2.841 2.822 2.802 2.783 2.763 2.744 2.781 2.818 2.855 2.893 2.930 2.968 3.005 3.042 3.077 3.072 3.066 3.056 3.044 3.032 3.020 3.009 2.997 2.985 2.974 2.962 2.951 2.968 2.995 3.026 3.057 3.089 3.120 3.151 3.182 3.182 3.153 3.122 3.090 3.059 3.027 3.020 3.070 3.120 3.170 3.220 3.270 3.319 3.369 3.451 3.446 3.443 3.441 3.440 3.438 3.436 3.435 3.433 3.432 3.465
4.083 4.111 4.138 3.994 3.822 3.688 3.603 3.518 3.433 3.348 3.263 3.178 3.093 3.041 2.989 2.938 2.886 2.835 2.803 2.783 2.764 2.744 2.739 2.776 2.814 2.851 2.889 2.926 2.963 3.001 3.038 3.075 3.113 3.114 3.103 3.091 3.079 3.067 3.056 3.044 3.032 3.021 3.009 2.998 3.007 3.038 3.069 3.102 3.135 3.169 3.202 3.235 3.219 3.186 3.155 3.123 3.092 3.060 3.047 3.097 3.147 3.197 3.247 3.297 3.362 3.452 3.542 3.534 3.516 3.502 3.501 3.499 3.498 3.496 3.494 3.493 3.526
4.236 4.264 4.244 4.071 3.899 3.726 3.604 3.519 3.434 3.349 3.264 3.179 3.104 3.053 3.001 2.950 2.898 2.847 2.795 2.764 2.745 2.725 2.735 2.772 2.810 2.847 2.884 2.922 2.959 2.997 3.113 3.277 3.440 3.282 3.263 3.250 3.238 3.225 3.213 3.200 3.188 3.175 3.163 3.151 3.095 3.105 3.138 3.171 3.204 3.237 3.271 3.304 3.272 3.228 3.188 3.156 3.125 3.093 3.075 3.125 3.174 3.224 3.274 3.362 3.452 3.542 3.632 3.622 3.604 3.586 3.567 3.560 3.559 3.557 3.556 3.554 3.587
4.389 4.417 4.321 4.148 3.976 3.804 3.631 3.519 3.434 3.349 3.264 3.179 3.116 3.065 3.013 2.962 2.910 2.859 2.807 2.756 2.726 2.706 2.731 2.768 2.806 2.843 2.880 3.040 3.203 3.366 3.530 3.693 3.760 3.580 3.437 3.424 3.412 3.399 3.387 3.374 3.362 3.349 3.337 3.313 3.247 3.181 3.207 3.240 3.273 3.306 3.339 3.367 3.324 3.281 3.238 3.194 3.158 3.126 3.102 3.152 3.202 3.272 3.362 3.452 3.542 3.633 3.723 3.710 3.692 3.674 3.655 3.637 3.620 3.618 3.617 3.615 3.648
4.542 4.570 4.398 4.226 4.053 3.881 3.709 3.536 3.435 3.350 3.265 3.180 3.128 3.077 3.025 2.973 2.922 2.870 2.819 2.768 2.716 2.689 2.727 2.804 2.967 3.130 3.293 3.456 3.620 3.783 3.946 4.109 4.058 3.878 3.698 3.598 3.586 3.573 3.561 3.548 3.536 3.523 3.511 3.466 3.399 3.333 3.276 3.309 3.342 3.375 3.408 3.420 3.376 3.333 3.290 3.247 3.203 3.160 3.129 3.182 3.272 3.362 3.453 3.543 3.633 3.723 3.813 3.798 3.780 3.762 3.743 3.725 3.707 3.689 3.678 3.677 3.709
4.696 4.648 4.475 4.303 4.131 3.958 3.786 3.614 3.441 3.351 3.266 3.191 3.140 3.088 3.037 2.985 2.934 2.882 2.831 2.781 2.786 2.872 3.057 3.220 3.383 3.546 3.709 3.873 4.036 4.199 4.362 4.525 4.356 4.176 3.996 3.815 3.760 3.747 3.735 3.723 3.710 3.698 3.684 3.618 3.552 3.485 3.419 3.378 3.411 3.444 3.477 3.472 3.429 3.386 3.342 3.299 3.256 3.213 3.207 3.272 3.363 3.453 3.543 3.633 3.723 3.814 3.904 3.886 3.868 3.850 3.832 3.813 3.795 3.777 3.759 3.741 3.793
4.849 4.725 4.553 4.380 4.208 4.036 3.863 3.691 3.519 3.351 3.266 3.203 3.152 3.100 3.049 3.009 3.014 3.018 3.023 3.028 3.033 3.202 3.459 3.636 3.799 3.963 4.126 4.289 4.452 4.615 4.778 4.834 4.654 4.474 4.294 4.113 3.934 3.922 3.909 3.897 3.884 3.872 3.837 3.770 3.704 3.638 3.571 3.505 3.480 3.513 3.546 3.524 3.481 3.438 3.395 3.351 3.349 3.349 3.351 3.406 3.462 3.543 3.634 3.724 3.814 3.904 3.992 3.974 3.956 3.938 3.920 3.901 3.883 3.865 3.884 3.926 3.958
4.975 4.802 4.630 4.458 4.285 4.113 3.941 3.768 3.596 3.424 3.267 3.237 3.242 3.246 3.251 3.256 3.261 3.265 3.270 3.275 3.280 3.532 3.789 4.046 4.216 4.379 4.542 4.705 4.868 5.031 5.194 5.132 4.952 4.772 4.592 4.411 4.231 4.096 4.083 4.071 4.058 4.046 3.989 3.923 3.857 3.790 3.724 3.658 3.591 3.582 3.615 3.577 3.533 3.492 3.492 3.492 3.491 3.491 3.496 3.551 3.607 3.662 3.724 3.814 3.904 3.995 4.081 4.062 4.044 4.026 4.008 3.990 4.013 4.055 4.097 4.138 4.169
5.052 4.879 4.707 4.535 4.362 4.190 4.020 3.969 3.917 3.866 3.725 3.484 3.488 3.493 3.498 3.503 3.508 3.512 3.517 3.522 3.605 3.862 4.119 4.376 4.632 4.795 4.958 5.121 5.284 5.447 5.610 5.430 5.250 5.070 4.890 4.709 4.529 4.349 4.257 4.245 4.232 4.208 4.142 4.075 4.009 3.943 3.876 3.810 3.744 3.677 3.672 3.635 3.634 3.634 3.634 3.634 3.634 3.633 3.640 3.696 3.751 3.807 3.862 3.918 3.995 4.085 4.169 4.150 4.132 4.114 4.142 4.184 4.225 4.267 4.309 4.350 4.379
5.129 4.957 4.874 4.823 4.771 4.720 4.669 4.617 4.566 4.514 4.280 3.952 3.735 3.740 3.745 3.750 3.755 3.759 3.764 3.769 3.935 4.192 4.449 4.706 4.963 5.211 5.374 5.537 5.700 5.863 5.909 5.729 5.548 5.368 5.188 5.007 4.827 4.647 4.467 4.419 4.406 4.360 4.294 4.228 4.161 4.095 4.029 3.962 3.902 3.862 3.808 3.777 3.776 3.776 3.776 3.776 3.776 3.775 3.785 3.841 3.896 3.952 4.007 4.063 4.118 4.176 4.257 4.238 4.270 4.312 4.354 4.396 4.438 4.479 4.521 4.560 4.590
5.625 5.574 5.522 5.471 5.420 5.368 5.317 5.265 5.214 5.163 4.836 4.507 4.179 3.987 3.992 3.997 4.002 4.006 4.011 4.016 4.265 4.522 4.779 5.036 5.293 5.550 5.790 5.953 6.116 6.279 6.207 6.027 5.846 5.666 5.486 5.306 5.125 4.945 4.765 4.593 4.579 4.513 4.446 4.380 4.328 4.288 4.248 4.209 4.169 4.129 4.070 3.989 3.919 3.919 3.918 3.918 3.918 3.918 3.930 3.985 4.041 4.096 4.152 4.208 4.263 4.319 4.396 4.441 4.483 4.524 4.566 4.608 4.650 4.692 4.733 4.771 4.801
6.221 6.222 6.171 6.119 6.068 6.017 5.965 5.914 5.863 5.719 5.391 5.062 4.734 4.405 4.239 4.244 4.249 4.253 4.258 4.338 4.595 4.852 5.109 5.366 5.623 5.879 6.136 6.369 6.533 6.685 6.505 6.325 6.144 5.964 5.784 5.604 5.423 5.243 5.063 4.883 4.754 4.714 4.674 4.635 4.595 4.555 4.515 4.476 4.436 4.396 4.331 4.250 4.169 4.088 4.060 4.060 4.060 4.060 4.074 4.130 4.186 4.241 4.297 4.352 4.433 4.520 4.596 4.649 4.695 4.737 4.778 4.820 4.862 4.904 4.946 4.982 5.011
6.695 6.836 6.819 6.768 6.716 6.665 6.614 6.562 6.511 6.275 5.946 5.618 5.289 4.961 4.632 4.491 4.496 4.500 4.505 4.667 4.924 5.182 5.438 5.695 5.952 6.209 6.466 6.723 6.949 6.983 6.803 6.623 6.443 6.262 6.082 5.901 5.721 5.540 5.360 5.179 5.061 4.981 4.941 4.902 4.862 4.822 4.783 4.743 4.703 4.663 4.593 4.512 4.430 4.349 4.268 4.202 4.202 4.202 4.219 4.275 4.330 4.386 4.464 4.551 4.639 4.726 4.797 4.850 4.903 4.949 4.991 5.032 5.074 5.116 5.158 5.192 5.222
7.168 7.310 7.452 7.416 7.365 7.313 7.262 7.211 7.158 6.830 6.501 6.173 5.844 5.516 5.187 4.859 4.743 4.747 4.752 4.997 5.254 5.511 5.768 6.025 6.282 6.539 6.796 7.053 7.285 7.281 7.100 6.920 6.739 6.559 6.378 6.198 6.017 5.837 5.656 5.490 5.387 5.284 5.209 5.169 5.129 5.089 5.050 5.010 4.970 4.931 4.854 4.773 4.692 4.611 4.529 4.448 4.367 4.344 4.364 4.419 4.496 4.583 4.670 4.757 4.844 4.932 4.998 5.051 5.104 5.157 5.203 5.245 5.287 5.328 5.370 5.403 5.433
7.642 7.784 7.926 8.064 8.013 7.962 7.910 7.859 7.714 7.385 7.057 6.728 6.400 6.071 5.743 5.414 5.086 4.994 5.070 5.327 5.584 5.841 6.098 6.342 6.565 6.788 7.010 7.233 7.439 7.491 7.397 7.216 7.036 6.855 6.675 6.494 6.314 6.133 5.953 5.816 5.713 5.609 5.506 5.436 5.396 5.356 5.317 5.277 5.237 5.197 5.116 5.034 4.953 4.872 4.791 4.710 4.628 4.547 4.527 4.614 4.702 4.789 4.876 4.963 5.050 5.138 5.198 5.251 5.304 5.357 5.411 5.457 5.499 5.541 5.582 5.614 5.643
8.116 8.258 8.400 8.542 8.661 8.610 8.559 8.507 8.269 7.940 7.612 7.283 6.955 6.626 6.298 5.969 5.641 5.313 5.400 5.622 5.845 6.068 6.291 6.513 6.736 6.959 7.181 7.404 7.547 7.599 7.651 7.513 7.332 7.152 6.971 6.791 6.610 6.430 6.249 6.142 6.038 5.935 5.832 5.729 5.663 5.624 5.584 5.544 5.505 5.458 5.377 5.296 5.215 5.133 5.052 4.971 4.890 4.809 4.760 4.832 4.908 4.995 5.082 5.169 5.256 5.343 5.399 5.452 5.505 5.558 5.611 5.664 5.711 5.753 5.795 5.824 5.854
8.590 8.732 8.874 9.016 9.158 9.258 9.207 9.153 8.824 8.496 8.167 7.839 7.510 7.182 6.834 6.418 6.003 5.587 5.591 5.793 6.016 6.239 6.461 6.684 6.907 7.130 7.352 7.575 7.654 7.706 7.758 7.810 7.629 7.448 7.268 7.087 6.907 6.726 6.570 6.467 6.364 6.261 6.158 6.055 5.952 5.891 5.851 5.811 5.772 5.720 5.639 5.557 5.476 5.395 5.314 5.233 5.152 5.072 4.997 5.069 5.141 5.213 5.288 5.375 5.462 5.546 5.600 5.653 5.706 5.759 5.812 5.865 5.918 5.965 6.005 6.035 6.065
9.064 9.206 9.348 9.490 9.632 9.774 9.855 9.708 9.379 9.051 8.690 8.274 7.859 7.443 7.028 6.612 6.197 5.898 5.931 5.964 6.187 6.410 6.633 6.855 7.078 7.300 7.523 7.709 7.762 7.814 7.866 7.918 7.926 7.745 7.564 7.384 7.203 7.023 6.896 6.793 6.690 6.587 6.484 6.381 6.278 6.174 6.118 6.078 6.039 5.981 5.900 5.819 5.738 5.656 5.576 5.496 5.415 5.335 5.254 5.305 5.377 5.449 5.521 5.593 5.668 5.747 5.800 5.853 5.906 5.960 6.013 6.066 6.119 6.172 6.216 6.240 6.264
9.538 9.680 9.822 9.964 10.106 10.248 10.318 10.131 9.715 9.300 8.884 8.469 8.053 7.638 7.222 6.807 6.391 6.238 6.270 6.303 6.358 6.581 6.803 7.026 7.249 7.472 7.694 7.817 7.869 7.921 7.973 8.026 8.078 8.042 7.861 7.680 7.500 7.325 7.222 7.119 7.016 6.913 6.809 6.706 6.603 6.500 6.397 6.346 6.306 6.243 6.162 6.080 6.000 5.919 5.839 5.758 5.678 5.597 5.517 5.541 5.613 5.685 5.757 5.829 5.901 5.998 6.054 6.110 6.166 6.221 6.277 6.333 6.388 6.435 6.424 6.437 6.461
10.012 10.154 10.289 10.256 10.223 10.189 10.156 10.102 9.910 9.494 9.079 8.663 8.247 7.832 7.416 7.001 6.585 6.577 6.610 6.643 6.676 6.752 6.974 7.197 7.420 7.642 7.865 7.924 7.976 8.029 8.081 8.133 8.186 8.238 8.158 7.977 7.796 7.651 7.548 7.445 7.341 7.238 7.135 7.032 6.929 6.826 6.723 6.620 6.573 6.504 6.423 6.343 6.262 6.182 6.101 6.021 5.940 5.860 5.779 5.778 5.850 5.921 5.993 6.065 6.168 6.276 6.348 6.403 6.459 6.515 6.571 6.626 6.670 6.650 6.639 6.650 6.662
10.194 10.161 10.128 10.094 10.061 10.028 9.991 9.934 9.878 9.688 9.273 8.857 8.442 8.026 7.611 7.195 6.884 6.917 6.950 6.983 7.016 7.048 7.145 7.368 7.591 7.814 7.980 8.032 8.084 8.136 8.189 8.241 8.293 8.345 8.397 8.273 8.093 7.977 7.873 7.770 7.667 7.564 7.461 7.358 7.255 7.152 7.049 6.946 6.843 6.766 6.686 6.605 6.525 6.444 6.364 6.283 6.203 6.122 6.042 6.014 6.086 6.158 6.230 6.332 6.441 6.549 6.641 6.697 6.753 6.809 6.864 6.905 6.885 6.865 6.854 6.865 6.877
10.033 9.999 9.966 9.933 9.899 9.866 9.823 9.767 9.710 9.654 9.467 9.052 8.636 8.221 7.805 7.390 7.224 7.256 7.289 7.322 7.355 7.388 7.421 7.539 7.762 7.984 8.087 8.139 8.191 8.244 8.296 8.348 8.401 8.453 8.505 8.557 8.406 8.303 8.199 8.096 7.993 7.881 7.742 7.603 7.465 7.326 7.187 7.048 6.946 6.912 6.878 6.845 6.787 6.707 6.626 6.546 6.465 6.385 6.304 6.250 6.322 6.394 6.496 6.605 6.713 6.822 6.931 6.991 7.047 7.102 7.140 7.120 7.100 7.080 7.069 7.080 7.092
9.871 9.837 9.804 9.771 9.738 9.704 9.655 9.599 9.543 9.486 9.430 9.246 8.830 8.415 7.999 7.584 7.563 7.596 7.629 7.662 7.695 7.728 7.761 7.794 7.933 8.142 8.195 8.247 8.299 8.351 8.404 8.456 8.508 8.557 8.587 8.616 8.602 8.463 8.324 8.185 8.047 7.908 7.769 7.630 7.491 7.352 7.214 7.075 7.031 6.997 6.963 6.930 6.896 6.863 6.829 6.796 6.728 6.647 6.567 6.487 6.559 6.660 6.769 6.877 6.986 7.095 7.204 7.285 7.340 7.374 7.355 7.335 7.315 7.296 7.284 7.295 7.307
9.709 9.676 9.642 9.609 9.576 9.542 9.488 9.432 9.375 9.319 9.262 9.206 9.025 8.609 8.194 7.870 7.903 7.936 7.969 8.001 8.034 8.067 8.100 8.133 8.166 8.250 8.296 8.326 8.356 8.385 8.415 8.445 8.475 8.504 8.534 8.561 8.562 8.490 8.351 8.212 8.073 7.934 7.796 7.657 7.518 7.379 7.240 7.151 7.117 7.082 7.048 7.014 6.981 6.947 6.914 6.880 6.847 6.813 6.780 6.746 6.824 6.933 7.042 7.150 7.259 7.368 7.476 7.578 7.609 7.590 7.570 7.550 7.531 7.511 7.499 7.510 7.522
9.547 9.514 9.481 9.447 9.414 9.377 9.320 9.264 9.208 9.151 9.095 9.039 8.982 8.804 8.388 8.210 8.243 8.275 8.308 8.341 8.374 8.396 8.405 8.414 8.423 8.240 8.243 8.273 8.303 8.332 8.362 8.392 8.422 8.452 8.481 8.494 8.495 8.496 8.378 8.239 8.100 7.961 7.822 7.684 7.545 7.406 7.272 7.237 7.202 7.167 7.133 7.099 7.066 7.032 6.999 6.965 6.932 6.898 6.865 6.881 6.966 7.084 7.203 7.321 7.439 7.557 7.676 7.790 7.825 7.805 7.785 7.765 7.746 7.726 7.714 7.725 7.737
9.386 9.352 9.319 9.286 9.252 9.209 9.153 9.097 9.040 8.984 8.927 8.871 8.815 8.758 8.582 8.549 8.576 8.585 8.594 8.603 8.612 8.621 8.630 8.639 8.595 8.376 8.191 8.220 8.250 8.280 8.309 8.339 8.369 8.399 8.427 8.428 8.429 8.430 8.405 8.266 8.127 7.988 7.849 7.710 7.571 7.433 7.357 7.322 7.287 7.253 7.218 7.184 7.151 7.117 7.083 7.050 7.016 6.983 6.964 7.037 7.111 7.214 7.332 7.450 7.569 7.687 7.805 7.898 7.959 8.020 8.000 7.981 7.961 7.941 7.929 7.940 7.952
9.070 9.190 9.157 9.124 9.091 9.042 8.985 8.929 8.873 8.816 8.760 8.704 8.651 8.624 8.635 8.793 8.802 8.811 8.820 8.829 8.838 8.847 8.856 8.865 8.730 8.511 8.291 8.167 8.197 8.227 8.257 8.286 8.316 8.346 8.361 8.361 8.362 8.363 8.364 8.292 8.154 8.015 7.876 7.737 7.598 7.477 7.442 7.408 7.373 7.338 7.303 7.269 7.235 7.202 7.168 7.135 7.101 7.068 7.120 7.193 7.267 7.343 7.462 7.580 7.698 7.817 7.935 8.006 8.068 8.129 8.190 8.196 8.176 8.157 8.144 8.155 8.167
8.608 8.809 8.995 8.962 8.929 8.874 8.818 8.761 8.705 8.664 8.637 8.609 8.582 8.555 8.638 8.884 9.027 9.036 9.045 9.054 9.063 9.072 9.081 9.085 8.865 8.646 8.427 8.207 8.144 8.174 8.204 8.234 8.263 8.293 8.294 8.295 8.296 8.297 8.298 8.299 8.180 8.041 7.903 7.764 7.625 7.562 7.528 7.493 7.458 7.423 7.389 7.354 7.320 7.287 7.253 7.220 7.186 7.203 7.276 7.349 7.423 7.496 7.591 7.710 7.828 7.946 8.053 8.114 8.176 8.237 8.298 8.360 8.391 8.372 8.359 8.370 8.382
8.147 8.348 8.549 8.750 8.763 8.707 8.677 8.650 8.622 8.595 8.567 8.540 8.513 8.485 8.642 8.887 9.133 9.261 9.270 9.279 9.288 9.297 9.306 9.220 9.001 8.781 8.562 8.343 8.123 8.121 8.151 8.181 8.211 8.227 8.228 8.229 8.229 8.230 8.231 8.232 8.207 8.068 7.929 7.791 7.682 7.648 7.613 7.578 7.543 7.509 7.474 7.439 7.405 7.371 7.338 7.304 7.286 7.359 7.432 7.506 7.579 7.652 7.725 7.839 7.957 8.076 8.161 8.223 8.284 8.345 8.406 8.468 8.529 8.587 8.574 8.585 8.541
7.685 7.886 8.087 8.397 8.615 8.635 8.608 8.580 8.553 8.526 8.498 8.471 8.443 8.416 8.645 8.891 9.137 9.382 9.495 9.504 9.513 9.522 9.531 9.355 9.136 8.917 8.697 8.478 8.258 8.069 8.098 8.128 8.158 8.160 8.161 8.162 8.163 8.164 8.165 8.166 8.167 8.095 7.956 7.817 7.768 7.733 7.698 7.664 7.629 7.594 7.559 7.525 7.490 7.456 7.423 7.389 7.442 7.515 7.588 7.662 7.735 7.808 7.881 7.969 8.087 8.205 8.269 8.331 8.392 8.453 8.515 8.576 8.637 8.662 8.679 8.646 8.585
7.318 7.629 7.940 8.251 8.414 8.500 8.538 8.511 8.484 8.456 8.429 8.402 8.374 8.403 8.649 8.894 9.140 9.386 9.631 9.730 9.739 9.747 9.710 9.491 9.271 9.052 8.832 8.613 8.394 8.174 8.046 8.075 8.093 8.094 8.095 8.096 8.096 8.097 8.098 8.099 8.100 8.101 7.983 7.888 7.853 7.818 7.784 7.749 7.714 7.679 7.645 7.610 7.575 7.541 7.508 7.525 7.598 7.671 7.744 7.818 7.891 7.964 8.037 8.111 8.216 8.316 8.378 8.439 8.500 8.562 8.557 8.548 8.540 8.531 8.567 8.642 8.628
