includes/camargue/floodfiles/results_R2_t1.562608011066E12/res-0014.wdfp
ncols         906
nrows         631
xllcorner     362177.146667
yllcorner     6534725.688020
cellsize      20.000000
NODATA_value  -9999.000000
[rows 578 to 611 of 631, columns 693 to 769 of 906]
11.211 11.214 11.217 11.220 11.223 11.225 11.228 11.231 11.234 11.237 11.237 11.214 11.211 11.221 11.231 11.241 11.251 11.260 11.270 11.280 11.290 11.300 11.310 11.320 11.330 11.315 11.281 11.247 11.213 11.179 11.145 11.110 11.076 11.042 11.008 10.974 10.939 10.908 10.898 10.878 10.857 10.837 10.817 10.797 10.777 10.756 10.736 10.716 10.696 10.675 10.655 10.677 10.698 10.719 10.741 10.762 10.783 10.805 10.826 10.847 10.869 10.852 10.812 10.856 10.976 11.096 11.216 11.337 11.457 11.577 11.697 11.824 11.955 12.086 12.217 12.348 12.479
11.208 11.211 11.213 11.216 11.219 11.222 11.225 11.228 11.230 11.233 11.234 11.238 11.248 11.258 11.267 11.277 11.287 11.296 11.306 11.316 11.325 11.335 11.345 11.354 11.364 11.381 11.347 11.313 11.278 11.244 11.210 11.175 11.141 11.107 11.073 11.038 11.004 10.970 10.972 10.951 10.930 10.908 10.887 10.866 10.845 10.824 10.803 10.781 10.760 10.739 10.765 10.777 10.789 10.808 10.829 10.850 10.872 10.893 10.914 10.936 10.957 10.965 11.008 11.128 11.248 11.368 11.488 11.609 11.729 11.849 11.969 12.096 12.227 12.358 12.489 12.620 12.751
11.204 11.207 11.210 11.213 11.216 11.219 11.221 11.224 11.215 11.203 11.191 11.211 11.235 11.244 11.254 11.264 11.273 11.283 11.293 11.302 11.312 11.322 11.332 11.341 11.351 11.383 11.386 11.352 11.318 11.284 11.249 11.215 11.181 11.146 11.112 11.078 11.043 11.051 11.081 11.060 11.038 11.017 10.996 10.975 10.954 10.933 10.912 10.890 10.869 10.911 11.013 11.025 11.037 11.049 11.062 11.074 11.086 11.098 11.110 11.123 11.135 11.183 11.295 11.406 11.520 11.640 11.761 11.881 12.001 12.121 12.242 12.368 12.499 12.630 12.761 12.892 13.031
11.201 11.204 11.206 11.209 11.212 11.209 11.196 11.184 11.172 11.159 11.149 11.181 11.213 11.231 11.241 11.250 11.260 11.270 11.280 11.289 11.299 11.308 11.318 11.328 11.349 11.382 11.414 11.392 11.357 11.323 11.289 11.254 11.220 11.186 11.152 11.117 11.100 11.131 11.162 11.169 11.148 11.126 11.105 11.084 11.063 11.042 11.020 10.999 10.997 11.109 11.222 11.273 11.285 11.297 11.310 11.322 11.334 11.346 11.358 11.371 11.392 11.503 11.614 11.726 11.837 11.948 12.060 12.171 12.282 12.394 12.514 12.641 12.776 12.915 13.054 13.193 13.332
11.197 11.200 11.202 11.190 11.177 11.165 11.153 11.140 11.128 11.116 11.119 11.151 11.183 11.214 11.227 11.237 11.247 11.256 11.266 11.276 11.286 11.295 11.305 11.316 11.348 11.380 11.413 11.431 11.397 11.363 11.328 11.294 11.260 11.225 11.191 11.157 11.180 11.211 11.242 11.274 11.257 11.235 11.214 11.193 11.172 11.151 11.130 11.108 11.195 11.308 11.420 11.521 11.533 11.546 11.558 11.570 11.582 11.594 11.606 11.619 11.712 11.823 11.934 12.046 12.157 12.268 12.380 12.491 12.602 12.714 12.825 12.939 13.077 13.216 13.355 13.494 13.632
11.183 11.171 11.158 11.146 11.134 11.122 11.109 11.097 11.085 11.073 11.089 11.121 11.153 11.184 11.214 11.224 11.234 11.243 11.253 11.262 11.272 11.282 11.292 11.315 11.347 11.379 11.412 11.444 11.436 11.402 11.368 11.333 11.299 11.265 11.231 11.229 11.260 11.292 11.323 11.354 11.366 11.344 11.323 11.302 11.281 11.260 11.239 11.281 11.393 11.506 11.618 11.731 11.781 11.794 11.806 11.818 11.830 11.842 11.855 11.920 12.032 12.143 12.254 12.366 12.477 12.588 12.699 12.811 12.922 13.033 13.145 13.256 13.378 13.517 13.656 13.795 13.933
11.139 11.127 11.115 11.103 11.090 11.078 11.066 11.054 11.041 11.029 11.059 11.091 11.123 11.154 11.186 11.210 11.220 11.230 11.240 11.249 11.259 11.269 11.282 11.314 11.346 11.378 11.411 11.443 11.475 11.442 11.407 11.373 11.339 11.304 11.278 11.310 11.341 11.372 11.403 11.434 11.466 11.453 11.432 11.411 11.390 11.369 11.367 11.479 11.591 11.704 11.816 11.929 12.030 12.042 12.054 12.066 12.078 12.091 12.129 12.240 12.351 12.463 12.574 12.685 12.797 12.908 13.019 13.131 13.242 13.353 13.465 13.576 13.687 13.818 13.957 14.096 14.234
11.096 11.084 11.071 11.059 11.047 11.035 11.022 11.010 10.998 10.998 11.029 11.061 11.093 11.124 11.156 11.188 11.207 11.216 11.226 11.236 11.245 11.255 11.281 11.313 11.345 11.377 11.410 11.442 11.474 11.481 11.447 11.412 11.378 11.344 11.359 11.390 11.421 11.452 11.483 11.515 11.546 11.562 11.541 11.520 11.499 11.478 11.565 11.677 11.789 11.902 12.014 12.127 12.239 12.290 12.302 12.314 12.326 12.339 12.449 12.560 12.671 12.783 12.894 13.005 13.117 13.228 13.339 13.450 13.562 13.673 13.784 13.896 14.007 14.119 14.258 14.397 14.535
11.053 11.040 11.028 11.016 11.003 10.991 10.979 10.967 10.954 10.968 11.000 11.031 11.063 11.094 11.126 11.158 11.189 11.203 11.213 11.222 11.232 11.248 11.280 11.312 11.344 11.376 11.408 11.441 11.473 11.505 11.486 11.452 11.418 11.408 11.439 11.470 11.501 11.532 11.564 11.594 11.626 11.657 11.650 11.629 11.608 11.650 11.763 11.875 11.988 12.100 12.213 12.325 12.438 12.538 12.550 12.562 12.575 12.657 12.769 12.880 12.991 13.102 13.214 13.325 13.436 13.548 13.659 13.770 13.882 13.993 14.104 14.215 14.327 14.438 14.559 14.698 14.836
10.996 10.997 10.985 10.972 10.960 10.948 10.935 10.923 10.911 10.938 10.970 11.001 11.033 11.064 11.096 11.128 11.159 11.190 11.199 11.209 11.219 11.247 11.279 11.311 11.343 11.375 11.407 11.440 11.472 11.504 11.526 11.492 11.457 11.488 11.519 11.550 11.581 11.612 11.644 11.675 11.706 11.737 11.759 11.738 11.736 11.848 11.961 12.073 12.186 12.298 12.411 12.523 12.636 12.748 12.798 12.811 12.866 12.977 13.088 13.200 13.311 13.422 13.534 13.645 13.756 13.868 13.979 14.090 14.201 14.313 14.424 14.535 14.647 14.758 14.869 14.998 15.137
10.931 10.937 10.941 10.929 10.917 10.904 10.892 10.880 10.876 10.908 10.940 10.971 11.003 11.034 11.066 11.098 11.129 11.161 11.186 11.196 11.214 11.246 11.278 11.310 11.342 11.374 11.406 11.439 11.471 11.503 11.535 11.531 11.537 11.568 11.599 11.630 11.661 11.693 11.724 11.755 11.786 11.817 11.849 11.847 11.934 12.046 12.159 12.271 12.384 12.496 12.609 12.721 12.834 12.946 13.047 13.074 13.186 13.297 13.408 13.520 13.631 13.742 13.854 13.965 14.076 14.187 14.299 14.410 14.521 14.633 14.744 14.855 14.966 15.078 15.189 15.300 15.437
10.866 10.872 10.878 10.884 10.873 10.861 10.848 10.836 10.846 10.878 10.910 10.941 10.973 11.004 11.036 11.068 11.099 11.131 11.163 11.183 11.213 11.245 11.277 11.309 11.341 11.373 11.405 11.436 11.465 11.493 11.521 11.581 11.621 11.652 11.683 11.715 11.746 11.777 11.808 11.840 11.871 11.902 11.934 11.945 12.059 12.174 12.289 12.404 12.519 12.633 12.748 12.863 12.978 13.093 13.208 13.327 13.448 13.569 13.691 13.812 13.933 14.055 14.173 14.285 14.396 14.507 14.619 14.730 14.841 14.946 15.047 15.149 15.251 15.352 15.454 15.556 15.628
10.801 10.807 10.813 10.819 10.825 10.817 10.805 10.793 10.816 10.848 10.880 10.911 10.943 10.974 11.006 11.038 11.069 11.099 11.127 11.149 11.174 11.202 11.231 11.259 11.287 11.316 11.344 11.372 11.401 11.429 11.458 11.597 11.717 11.748 11.779 11.810 11.842 11.873 11.904 11.936 11.967 11.997 12.021 11.981 12.024 12.138 12.253 12.368 12.483 12.598 12.713 12.827 12.942 13.057 13.173 13.289 13.411 13.532 13.653 13.775 13.896 14.017 14.138 14.260 14.381 14.511 14.638 14.739 14.841 14.943 15.044 15.146 15.248 15.349 15.451 15.538 15.543
10.736 10.742 10.748 10.754 10.760 10.766 10.762 10.755 10.786 10.818 10.850 10.881 10.911 10.939 10.968 10.996 11.025 11.053 11.082 11.097 11.110 11.138 11.167 11.195 11.223 11.252 11.280 11.308 11.337 11.365 11.444 11.612 11.780 11.843 11.874 11.905 11.937 11.968 11.999 12.031 12.062 12.093 12.071 12.031 11.991 12.103 12.217 12.332 12.447 12.562 12.677 12.792 12.906 13.021 13.138 13.254 13.373 13.495 13.616 13.737 13.859 13.980 14.101 14.222 14.345 14.486 14.627 14.736 14.838 14.940 15.042 15.143 15.245 15.347 15.448 15.478 15.483
10.671 10.677 10.683 10.689 10.695 10.701 10.707 10.723 10.752 10.780 10.809 10.837 10.865 10.894 10.922 10.951 10.979 11.008 11.033 11.045 11.057 11.074 11.103 11.131 11.159 11.188 11.216 11.244 11.273 11.301 11.459 11.627 11.795 11.938 11.969 12.000 12.032 12.063 12.094 12.126 12.157 12.161 12.121 12.081 12.040 12.068 12.183 12.298 12.412 12.527 12.642 12.757 12.872 12.988 13.104 13.221 13.337 13.458 13.580 13.701 13.822 13.943 14.065 14.185 14.321 14.462 14.602 14.734 14.835 14.937 15.039 15.140 15.242 15.344 15.412 15.418 15.423
10.606 10.612 10.618 10.624 10.625 10.620 10.616 10.658 10.706 10.735 10.763 10.792 10.820 10.848 10.877 10.905 10.934 10.962 10.981 10.993 11.005 11.017 11.039 11.067 11.095 11.124 11.152 11.181 11.209 11.307 11.475 11.643 11.810 11.978 12.064 12.095 12.127 12.158 12.189 12.220 12.251 12.210 12.170 12.130 12.090 12.050 12.147 12.262 12.377 12.491 12.606 12.721 12.837 12.953 13.069 13.186 13.302 13.421 13.542 13.664 13.785 13.906 14.027 14.156 14.297 14.437 14.578 14.719 14.832 14.935 15.036 15.137 15.239 15.341 15.352 15.358 15.363
10.541 10.542 10.537 10.532 10.528 10.523 10.518 10.579 10.642 10.689 10.718 10.746 10.775 10.803 10.831 10.860 10.888 10.917 10.930 10.941 10.953 10.965 10.977 11.003 11.031 11.060 11.088 11.117 11.154 11.322 11.490 11.658 11.825 11.993 12.159 12.190 12.222 12.253 12.284 12.315 12.300 12.260 12.220 12.179 12.139 12.099 12.111 12.226 12.341 12.456 12.570 12.685 12.802 12.918 13.035 13.151 13.268 13.384 13.505 13.626 13.747 13.869 13.990 14.131 14.272 14.412 14.553 14.694 14.831 14.932 15.034 15.136 15.237 15.286 15.292 15.298 15.303
10.449 10.444 10.440 10.435 10.430 10.425 10.437 10.500 10.563 10.626 10.672 10.701 10.729 10.758 10.786 10.814 10.843 10.866 10.878 10.889 10.901 10.913 10.925 10.939 10.967 10.996 11.024 11.053 11.170 11.337 11.505 11.673 11.841 12.008 12.176 12.285 12.316 12.348 12.379 12.390 12.349 12.309 12.269 12.229 12.189 12.149 12.108 12.190 12.305 12.420 12.535 12.651 12.767 12.883 13.000 13.116 13.233 13.349 13.468 13.589 13.710 13.831 13.965 14.106 14.247 14.387 14.528 14.669 14.810 14.929 15.031 15.133 15.221 15.227 15.233 15.239 15.243
10.352 10.347 10.342 10.337 10.333 10.328 10.358 10.421 10.484 10.547 10.609 10.655 10.684 10.712 10.741 10.769 10.797 10.814 10.826 10.838 10.849 10.861 10.873 10.885 10.903 10.932 10.960 11.017 11.185 11.353 11.520 11.688 11.856 12.023 12.191 12.359 12.411 12.443 12.474 12.439 12.399 12.359 12.318 12.278 12.238 12.198 12.158 12.154 12.269 12.384 12.499 12.616 12.732 12.849 12.965 13.082 13.198 13.315 13.431 13.551 13.673 13.799 13.940 14.081 14.222 14.362 14.503 14.644 14.785 14.926 15.028 15.130 15.161 15.167 15.173 15.179 15.184
10.254 10.249 10.245 10.240 10.235 10.230 10.279 10.342 10.405 10.467 10.530 10.593 10.638 10.667 10.695 10.723 10.750 10.762 10.774 10.786 10.797 10.809 10.821 10.833 10.845 10.868 10.896 11.032 11.200 11.368 11.535 11.703 11.871 12.038 12.206 12.374 12.506 12.538 12.528 12.488 12.448 12.408 12.368 12.328 12.288 12.247 12.207 12.167 12.233 12.348 12.465 12.581 12.698 12.814 12.930 13.047 13.163 13.280 13.396 13.514 13.635 13.774 13.915 14.056 14.197 14.338 14.478 14.619 14.760 14.901 15.025 15.096 15.101 15.107 15.113 15.119 15.124
10.157 10.152 10.147 10.142 10.138 10.137 10.200 10.263 10.325 10.388 10.451 10.514 10.576 10.621 10.650 10.678 10.698 10.710 10.722 10.734 10.746 10.757 10.769 10.781 10.793 10.805 10.880 11.048 11.215 11.383 11.551 11.718 11.886 12.054 12.221 12.389 12.557 12.618 12.578 12.538 12.498 12.457 12.417 12.377 12.337 12.297 12.257 12.216 12.198 12.314 12.430 12.546 12.663 12.779 12.896 13.012 13.129 13.245 13.362 13.478 13.608 13.749 13.890 14.031 14.172 14.313 14.453 14.594 14.734 14.872 15.010 15.024 15.029 15.034 15.038 15.043 15.047
10.059 10.054 10.050 10.045 10.040 10.058 10.121 10.184 10.246 10.309 10.372 10.435 10.497 10.560 10.604 10.633 10.646 10.658 10.670 10.682 10.694 10.706 10.717 10.758 10.800 10.842 10.963 11.131 11.300 11.468 11.637 11.805 11.974 12.142 12.310 12.479 12.647 12.621 12.581 12.541 12.501 12.461 12.421 12.381 12.341 12.301 12.261 12.221 12.201 12.279 12.396 12.512 12.629 12.745 12.862 12.978 13.095 13.211 13.328 13.434 13.478 13.616 13.754 13.892 14.030 14.168 14.306 14.444 14.582 14.720 14.787 14.792 14.797 14.801 14.806 14.810 14.815
9.962 9.957 9.952 9.947 9.943 9.979 10.042 10.105 10.167 10.230 10.293 10.355 10.418 10.481 10.544 10.582 10.599 10.641 10.682 10.724 10.766 10.808 10.850 10.891 10.933 11.005 11.115 11.270 11.438 11.607 11.775 11.944 12.112 12.281 12.449 12.617 12.658 12.601 12.554 12.514 12.474 12.434 12.394 12.354 12.314 12.274 12.234 12.194 12.219 12.248 12.362 12.478 12.595 12.711 12.828 12.944 13.061 13.177 13.294 13.350 13.378 13.464 13.602 13.740 13.878 14.016 14.154 14.292 14.430 14.549 14.554 14.560 14.564 14.569 14.573 14.578 14.582
9.866 9.859 9.855 9.850 9.845 9.900 9.963 10.025 10.088 10.151 10.214 10.276 10.339 10.449 10.567 10.669 10.732 10.774 10.816 10.858 10.900 10.941 10.983 11.025 11.067 11.175 11.286 11.408 11.577 11.745 11.914 12.082 12.251 12.419 12.588 12.698 12.641 12.584 12.528 12.488 12.448 12.408 12.368 12.328 12.288 12.248 12.208 12.207 12.236 12.266 12.328 12.445 12.561 12.678 12.794 12.911 13.027 13.143 13.237 13.265 13.294 13.323 13.450 13.588 13.726 13.864 14.002 14.140 14.278 14.316 14.321 14.327 14.332 14.337 14.341 14.346 14.350
9.773 9.764 9.757 9.752 9.758 9.821 9.884 9.946 10.009 10.072 10.188 10.306 10.423 10.541 10.659 10.755 10.842 10.908 10.949 10.991 11.033 11.075 11.117 11.158 11.235 11.346 11.456 11.567 11.715 11.884 12.052 12.221 12.389 12.558 12.726 12.680 12.623 12.566 12.509 12.461 12.421 12.381 12.341 12.301 12.261 12.221 12.195 12.225 12.254 12.284 12.313 12.411 12.527 12.644 12.760 12.877 12.993 13.110 13.153 13.181 13.210 13.239 13.298 13.436 13.574 13.712 13.850 13.988 14.078 14.083 14.089 14.094 14.099 14.104 14.109 14.113 14.118
9.680 9.671 9.662 9.655 9.679 9.742 9.809 9.927 10.045 10.162 10.280 10.398 10.515 10.633 10.751 10.840 10.928 11.015 11.083 11.125 11.166 11.208 11.250 11.295 11.405 11.516 11.627 11.738 11.854 12.022 12.191 12.359 12.528 12.696 12.719 12.663 12.606 12.549 12.492 12.435 12.395 12.355 12.315 12.275 12.235 12.195 12.213 12.242 12.272 12.301 12.331 12.377 12.494 12.610 12.726 12.843 12.959 13.040 13.069 13.097 13.126 13.155 13.183 13.284 13.422 13.560 13.698 13.836 13.845 13.851 13.856 13.861 13.867 13.872 13.876 13.881 13.885
9.587 9.578 9.569 9.585 9.666 9.783 9.901 10.019 10.136 10.254 10.372 10.489 10.607 10.725 10.839 10.926 11.013 11.101 11.188 11.258 11.300 11.342 11.384 11.465 11.576 11.686 11.797 11.908 12.019 12.161 12.329 12.498 12.666 12.759 12.702 12.645 12.588 12.531 12.474 12.418 12.369 12.329 12.289 12.249 12.209 12.201 12.231 12.260 12.289 12.319 12.348 12.378 12.460 12.576 12.693 12.809 12.926 12.956 12.985 13.013 13.042 13.070 13.099 13.132 13.270 13.408 13.546 13.607 13.612 13.618 13.623 13.628 13.634 13.639 13.644 13.649 13.653
9.596 9.655 9.713 9.772 9.820 9.875 9.993 10.111 10.228 10.346 10.463 10.581 10.699 10.816 10.925 11.012 11.099 11.186 11.274 11.361 11.433 11.475 11.525 11.635 11.746 11.857 11.968 12.078 12.189 12.300 12.468 12.637 12.798 12.741 12.684 12.628 12.571 12.514 12.457 12.400 12.343 12.302 12.262 12.222 12.189 12.219 12.248 12.278 12.307 12.337 12.366 12.396 12.426 12.542 12.659 12.775 12.843 12.872 12.900 12.929 12.958 12.986 13.015 13.044 13.118 13.256 13.369 13.374 13.380 13.385 13.390 13.396 13.401 13.406 13.412 13.416 13.421
9.783 9.841 9.900 9.956 10.003 10.051 10.098 10.202 10.320 10.438 10.555 10.673 10.791 10.908 11.011 11.098 11.185 11.272 11.359 11.447 11.534 11.609 11.695 11.806 11.917 12.027 12.138 12.249 12.360 12.470 12.607 12.775 12.781 12.724 12.667 12.610 12.553 12.496 12.439 12.383 12.326 12.276 12.236 12.196 12.207 12.237 12.266 12.295 12.325 12.354 12.384 12.413 12.443 12.509 12.625 12.730 12.759 12.788 12.816 12.845 12.874 12.902 12.931 12.960 12.988 13.104 13.136 13.141 13.147 13.152 13.158 13.163 13.168 13.174 13.179 13.184 13.139
9.969 10.028 10.086 10.140 10.187 10.234 10.282 10.329 10.412 10.529 10.647 10.765 10.882 11.000 11.096 11.184 11.271 11.358 11.445 11.532 11.621 11.764 11.881 11.989 12.096 12.204 12.311 12.419 12.530 12.641 12.752 12.820 12.763 12.706 12.649 12.593 12.536 12.479 12.422 12.365 12.308 12.251 12.209 12.195 12.225 12.254 12.284 12.313 12.343 12.372 12.402 12.431 12.460 12.490 12.591 12.646 12.675 12.704 12.732 12.761 12.790 12.818 12.847 12.875 12.897 12.915 12.921 12.927 12.933 12.939 12.944 12.950 12.956 12.962 12.968 12.955 12.866
10.155 10.214 10.272 10.323 10.371 10.418 10.465 10.513 10.560 10.621 10.739 10.857 10.974 11.092 11.182 11.270 11.357 11.444 11.531 11.671 11.815 11.958 12.082 12.189 12.297 12.404 12.512 12.619 12.727 12.834 12.869 12.764 12.713 12.661 12.610 12.558 12.507 12.455 12.403 12.348 12.291 12.234 12.184 12.213 12.243 12.272 12.301 12.331 12.360 12.390 12.419 12.449 12.478 12.506 12.530 12.552 12.574 12.596 12.618 12.640 12.662 12.684 12.706 12.728 12.750 12.769 12.781 12.787 12.793 12.799 12.804 12.810 12.816 12.822 12.822 12.777 12.700
10.342 10.400 10.459 10.507 10.554 10.601 10.649 10.696 10.743 10.791 10.838 10.948 11.066 11.181 11.268 11.355 11.443 11.578 11.722 11.865 12.009 12.152 12.283 12.390 12.498 12.605 12.713 12.820 12.928 12.968 12.821 12.679 12.627 12.576 12.524 12.473 12.421 12.370 12.318 12.267 12.215 12.164 12.121 12.135 12.161 12.187 12.213 12.239 12.265 12.291 12.317 12.343 12.369 12.395 12.398 12.405 12.427 12.448 12.470 12.492 12.514 12.536 12.558 12.580 12.601 12.620 12.638 12.647 12.653 12.658 12.664 12.670 12.676 12.682 12.642 12.597 12.535
10.528 10.587 10.643 10.690 10.738 10.785 10.832 10.880 10.927 10.974 11.022 11.069 11.158 11.267 11.354 11.486 11.629 11.772 11.916 12.059 12.203 12.346 12.484 12.591 12.699 12.806 12.913 13.021 13.068 12.920 12.772 12.625 12.542 12.490 12.439 12.387 12.336 12.284 12.233 12.181 12.130 12.085 12.044 12.023 12.049 12.076 12.102 12.128 12.154 12.180 12.206 12.232 12.258 12.276 12.272 12.268 12.279 12.301 12.323 12.345 12.367 12.389 12.411 12.433 12.452 12.471 12.489 12.507 12.512 12.518 12.524 12.530 12.536 12.508 12.463 12.417 12.370
10.715 10.773 10.827 10.874 10.921 10.969 11.016 11.063 11.111 11.158 11.205 11.253 11.300 11.393 11.536 11.679 11.823 11.966 12.110 12.253 12.396 12.540 12.683 12.792 12.899 13.007 13.114 13.167 13.019 12.872 12.724 12.576 12.457 12.405 12.354 12.302 12.251 12.199 12.147 12.096 12.049 12.009 11.968 11.928 11.938 11.964 11.990 12.016 12.042 12.068 12.095 12.121 12.147 12.150 12.146 12.142 12.139 12.154 12.176 12.198 12.220 12.242 12.263 12.285 12.303 12.322 12.340 12.359 12.372 12.378 12.384 12.390 12.373 12.328 12.283 12.237 12.192
