includes/camargue/floodfiles/results_R2_t1.562608011066E12/res-0000.wdfp
ncols         906
nrows         631
xllcorner     362177.146667
yllcorner     6534725.688020
cellsize      20.000000
NODATA_value  -9999.000000
[rows 578 to 611 of 631, columns 77 to 153 of 906]
1.462 1.441 1.432 1.423 1.397 1.370 1.343 1.317 1.290 1.251 1.204 1.156 1.109 1.061 1.024 0.989 0.954 0.919 0.884 0.860 0.859 0.858 0.858 0.852 0.847 0.841 0.835 0.830 0.824 0.818 0.815 0.816 0.817 0.819 0.820 0.821 0.822 0.823 0.788 0.751 0.722 0.710 0.698 0.685 0.673 0.660 0.648 0.636 0.623 0.611 0.595 0.590 0.588 0.587 0.585 0.584 0.582 0.581 0.579 0.577 0.574 0.567 0.559 0.553 0.563 0.574 0.585 0.595 0.606 0.616 0.648 0.687 0.725 0.764 0.802 0.831 0.832
1.466 1.444 1.427 1.401 1.374 1.347 1.321 1.294 1.268 1.238 1.191 1.143 1.096 1.052 1.017 0.981 0.946 0.911 0.876 0.841 0.818 0.818 0.816 0.810 0.805 0.799 0.793 0.788 0.789 0.790 0.789 0.787 0.786 0.786 0.788 0.789 0.790 0.791 0.778 0.741 0.722 0.710 0.698 0.685 0.673 0.660 0.645 0.630 0.614 0.599 0.584 0.573 0.567 0.566 0.564 0.563 0.561 0.560 0.558 0.557 0.551 0.544 0.536 0.529 0.525 0.535 0.546 0.556 0.567 0.582 0.621 0.659 0.698 0.736 0.775 0.814 0.825
1.446 1.430 1.405 1.378 1.352 1.325 1.298 1.272 1.245 1.218 1.178 1.130 1.083 1.044 1.009 0.974 0.939 0.903 0.868 0.833 0.798 0.777 0.774 0.768 0.765 0.765 0.766 0.767 0.767 0.768 0.767 0.765 0.764 0.762 0.761 0.759 0.758 0.759 0.760 0.735 0.722 0.710 0.695 0.679 0.664 0.648 0.633 0.617 0.602 0.586 0.573 0.562 0.551 0.545 0.543 0.542 0.540 0.539 0.537 0.536 0.529 0.521 0.514 0.506 0.499 0.496 0.507 0.517 0.528 0.555 0.593 0.632 0.670 0.709 0.748 0.786 0.819
1.416 1.401 1.376 1.352 1.328 1.303 1.276 1.249 1.223 1.196 1.165 1.117 1.072 1.037 1.001 0.966 0.931 0.896 0.861 0.826 0.790 0.758 0.742 0.742 0.743 0.744 0.744 0.745 0.745 0.746 0.745 0.743 0.742 0.740 0.739 0.737 0.736 0.735 0.733 0.729 0.714 0.698 0.683 0.667 0.652 0.636 0.621 0.605 0.590 0.574 0.562 0.551 0.540 0.529 0.523 0.521 0.520 0.518 0.516 0.514 0.506 0.499 0.491 0.484 0.476 0.469 0.468 0.479 0.489 0.527 0.566 0.604 0.643 0.681 0.720 0.759 0.797
1.386 1.372 1.347 1.323 1.299 1.275 1.251 1.226 1.200 1.174 1.147 1.104 1.064 1.029 0.994 0.959 0.923 0.892 0.860 0.829 0.798 0.766 0.743 0.721 0.721 0.722 0.722 0.723 0.723 0.724 0.723 0.721 0.720 0.719 0.717 0.716 0.714 0.715 0.716 0.711 0.700 0.686 0.671 0.655 0.640 0.624 0.609 0.593 0.578 0.562 0.550 0.540 0.529 0.518 0.507 0.500 0.499 0.497 0.496 0.491 0.484 0.476 0.469 0.461 0.454 0.446 0.439 0.440 0.461 0.500 0.538 0.577 0.615 0.654 0.693 0.731 0.770
1.356 1.343 1.318 1.294 1.270 1.246 1.222 1.197 1.173 1.149 1.125 1.092 1.057 1.025 0.994 0.962 0.931 0.900 0.868 0.837 0.806 0.775 0.753 0.731 0.709 0.700 0.700 0.701 0.702 0.702 0.701 0.700 0.698 0.697 0.695 0.695 0.696 0.698 0.699 0.694 0.683 0.672 0.658 0.643 0.627 0.612 0.596 0.581 0.565 0.550 0.539 0.529 0.518 0.507 0.496 0.485 0.478 0.476 0.475 0.468 0.461 0.453 0.446 0.438 0.431 0.423 0.416 0.409 0.430 0.467 0.504 0.542 0.579 0.616 0.653 0.690 0.728
1.326 1.313 1.289 1.265 1.241 1.217 1.192 1.168 1.144 1.120 1.099 1.085 1.064 1.033 1.002 0.970 0.939 0.908 0.877 0.845 0.814 0.785 0.763 0.741 0.718 0.696 0.678 0.679 0.680 0.680 0.679 0.678 0.676 0.675 0.676 0.678 0.679 0.681 0.682 0.676 0.665 0.654 0.643 0.631 0.615 0.600 0.584 0.569 0.553 0.539 0.528 0.517 0.507 0.496 0.485 0.474 0.464 0.455 0.453 0.446 0.438 0.431 0.423 0.416 0.409 0.401 0.394 0.388 0.387 0.423 0.461 0.498 0.535 0.572 0.609 0.647 0.684
1.296 1.283 1.260 1.236 1.212 1.188 1.163 1.139 1.115 1.100 1.086 1.072 1.057 1.041 1.010 0.979 0.947 0.916 0.885 0.853 0.822 0.794 0.772 0.750 0.728 0.706 0.684 0.662 0.658 0.658 0.657 0.656 0.656 0.658 0.659 0.661 0.662 0.664 0.666 0.658 0.647 0.636 0.625 0.614 0.603 0.587 0.572 0.556 0.541 0.528 0.517 0.506 0.495 0.485 0.474 0.463 0.452 0.442 0.431 0.423 0.416 0.409 0.401 0.394 0.387 0.379 0.372 0.369 0.368 0.379 0.417 0.454 0.491 0.528 0.565 0.603 0.632
1.266 1.253 1.231 1.207 1.183 1.159 1.134 1.115 1.102 1.088 1.074 1.060 1.044 1.029 1.013 0.987 0.955 0.924 0.893 0.861 0.830 0.804 0.782 0.760 0.738 0.716 0.693 0.671 0.649 0.637 0.636 0.638 0.639 0.641 0.642 0.644 0.646 0.647 0.649 0.640 0.629 0.618 0.608 0.597 0.586 0.575 0.560 0.544 0.529 0.517 0.506 0.495 0.484 0.474 0.463 0.454 0.445 0.437 0.421 0.401 0.394 0.387 0.379 0.372 0.365 0.357 0.350 0.349 0.348 0.347 0.373 0.410 0.447 0.484 0.521 0.559 0.572
1.236 1.223 1.202 1.178 1.154 1.131 1.117 1.103 1.089 1.076 1.062 1.048 1.032 1.016 1.001 0.985 0.963 0.932 0.901 0.870 0.838 0.814 0.791 0.769 0.747 0.725 0.703 0.681 0.655 0.624 0.619 0.621 0.622 0.624 0.626 0.627 0.629 0.630 0.632 0.623 0.612 0.601 0.590 0.579 0.568 0.557 0.546 0.532 0.517 0.505 0.495 0.484 0.475 0.466 0.458 0.449 0.441 0.432 0.415 0.393 0.372 0.365 0.357 0.350 0.343 0.335 0.331 0.330 0.329 0.328 0.329 0.366 0.403 0.440 0.477 0.514 0.513
1.207 1.194 1.173 1.149 1.132 1.118 1.105 1.091 1.077 1.063 1.050 1.035 1.020 1.004 0.988 0.973 0.957 0.940 0.909 0.878 0.846 0.823 0.801 0.779 0.757 0.735 0.705 0.673 0.641 0.611 0.608 0.606 0.605 0.607 0.609 0.610 0.612 0.613 0.615 0.605 0.594 0.583 0.572 0.561 0.550 0.539 0.528 0.517 0.505 0.496 0.487 0.479 0.470 0.462 0.453 0.445 0.436 0.428 0.408 0.386 0.364 0.343 0.335 0.328 0.320 0.313 0.312 0.311 0.310 0.309 0.308 0.322 0.359 0.396 0.434 0.455 0.454
1.178 1.164 1.147 1.133 1.120 1.106 1.092 1.079 1.065 1.051 1.037 1.023 1.007 0.992 0.976 0.960 0.945 0.929 0.913 0.886 0.855 0.833 0.811 0.786 0.754 0.722 0.691 0.659 0.628 0.600 0.598 0.595 0.593 0.590 0.592 0.593 0.595 0.597 0.598 0.587 0.576 0.565 0.554 0.543 0.532 0.521 0.511 0.504 0.497 0.491 0.483 0.474 0.466 0.457 0.449 0.440 0.432 0.423 0.402 0.380 0.358 0.336 0.314 0.306 0.298 0.294 0.292 0.291 0.290 0.289 0.288 0.287 0.315 0.352 0.390 0.395 0.394
1.149 1.134 1.126 1.121 1.107 1.094 1.080 1.066 1.053 1.039 1.025 1.011 0.995 0.979 0.964 0.948 0.932 0.917 0.901 0.886 0.864 0.835 0.803 0.772 0.740 0.709 0.677 0.645 0.614 0.589 0.587 0.584 0.582 0.579 0.577 0.577 0.578 0.580 0.580 0.569 0.558 0.547 0.537 0.526 0.517 0.509 0.502 0.494 0.488 0.483 0.478 0.470 0.462 0.453 0.445 0.436 0.428 0.417 0.395 0.374 0.352 0.330 0.308 0.286 0.276 0.274 0.273 0.272 0.271 0.270 0.269 0.268 0.271 0.308 0.337 0.336 0.335
1.119 1.105 1.096 1.093 1.089 1.081 1.068 1.054 1.040 1.027 1.013 0.998 0.983 0.967 0.951 0.936 0.920 0.904 0.889 0.872 0.851 0.821 0.790 0.758 0.726 0.695 0.663 0.631 0.600 0.578 0.576 0.573 0.571 0.568 0.566 0.563 0.561 0.563 0.563 0.552 0.541 0.530 0.523 0.515 0.508 0.500 0.493 0.485 0.479 0.474 0.469 0.464 0.457 0.449 0.440 0.432 0.423 0.411 0.389 0.367 0.345 0.323 0.301 0.279 0.260 0.257 0.254 0.253 0.252 0.251 0.250 0.249 0.248 0.264 0.278 0.276 0.286
1.089 1.075 1.066 1.063 1.059 1.056 1.052 1.042 1.028 1.014 1.001 0.986 0.970 0.955 0.939 0.923 0.908 0.891 0.874 0.857 0.836 0.805 0.775 0.744 0.712 0.681 0.649 0.617 0.586 0.567 0.565 0.562 0.560 0.557 0.555 0.553 0.550 0.548 0.545 0.536 0.528 0.521 0.513 0.506 0.498 0.491 0.483 0.476 0.470 0.465 0.460 0.455 0.450 0.444 0.436 0.427 0.419 0.405 0.383 0.361 0.339 0.317 0.296 0.275 0.254 0.250 0.247 0.245 0.242 0.240 0.237 0.235 0.232 0.228 0.238 0.249 0.261
1.059 1.045 1.036 1.033 1.029 1.026 1.022 1.019 1.015 1.002 0.988 0.974 0.958 0.942 0.926 0.910 0.893 0.876 0.859 0.843 0.820 0.790 0.759 0.729 0.698 0.667 0.635 0.604 0.572 0.556 0.554 0.552 0.549 0.547 0.544 0.542 0.539 0.534 0.530 0.527 0.519 0.512 0.504 0.497 0.489 0.482 0.474 0.467 0.461 0.456 0.451 0.446 0.441 0.436 0.431 0.423 0.415 0.398 0.376 0.354 0.333 0.312 0.291 0.271 0.250 0.243 0.240 0.238 0.235 0.233 0.230 0.228 0.223 0.210 0.215 0.225 0.236
1.030 1.015 1.006 1.003 0.999 0.996 0.992 0.989 0.985 0.982 0.976 0.961 0.945 0.928 0.912 0.895 0.878 0.861 0.845 0.828 0.804 0.774 0.744 0.713 0.683 0.653 0.621 0.590 0.558 0.546 0.543 0.541 0.538 0.536 0.532 0.527 0.522 0.516 0.513 0.511 0.510 0.503 0.495 0.487 0.480 0.472 0.465 0.457 0.452 0.447 0.442 0.437 0.432 0.427 0.422 0.417 0.410 0.392 0.371 0.350 0.329 0.308 0.287 0.266 0.245 0.236 0.233 0.231 0.228 0.226 0.223 0.218 0.206 0.193 0.193 0.204 0.214
1.000 0.985 0.976 0.973 0.969 0.966 0.962 0.959 0.955 0.952 0.960 0.951 0.930 0.914 0.897 0.880 0.864 0.847 0.830 0.813 0.788 0.758 0.728 0.697 0.667 0.637 0.607 0.576 0.544 0.535 0.532 0.530 0.525 0.520 0.515 0.509 0.504 0.499 0.496 0.495 0.493 0.491 0.486 0.478 0.471 0.463 0.456 0.448 0.443 0.438 0.433 0.428 0.423 0.418 0.413 0.408 0.403 0.387 0.367 0.346 0.325 0.304 0.283 0.262 0.241 0.229 0.226 0.224 0.221 0.219 0.213 0.201 0.188 0.175 0.172 0.182 0.192
0.970 0.955 0.946 0.943 0.939 0.936 0.932 0.929 0.935 0.948 0.960 0.949 0.924 0.899 0.882 0.866 0.849 0.832 0.815 0.799 0.772 0.742 0.712 0.682 0.651 0.621 0.591 0.561 0.530 0.523 0.518 0.513 0.508 0.502 0.497 0.492 0.487 0.482 0.479 0.478 0.476 0.474 0.473 0.469 0.462 0.454 0.446 0.439 0.434 0.429 0.424 0.419 0.414 0.409 0.404 0.399 0.394 0.378 0.360 0.341 0.321 0.300 0.279 0.258 0.237 0.222 0.219 0.217 0.214 0.208 0.196 0.183 0.170 0.157 0.150 0.160 0.171
0.940 0.925 0.916 0.913 0.909 0.906 0.910 0.923 0.935 0.948 0.960 0.948 0.922 0.897 0.871 0.851 0.834 0.817 0.801 0.784 0.756 0.726 0.696 0.666 0.636 0.605 0.575 0.546 0.518 0.506 0.501 0.495 0.490 0.485 0.480 0.475 0.469 0.464 0.462 0.461 0.459 0.458 0.456 0.454 0.452 0.445 0.437 0.430 0.425 0.420 0.415 0.410 0.405 0.400 0.395 0.390 0.385 0.369 0.351 0.333 0.314 0.295 0.274 0.254 0.233 0.215 0.212 0.210 0.203 0.191 0.178 0.165 0.152 0.139 0.129 0.139 0.149
0.910 0.895 0.886 0.883 0.885 0.898 0.910 0.922 0.935 0.947 0.960 0.946 0.921 0.895 0.870 0.844 0.820 0.803 0.786 0.769 0.740 0.710 0.680 0.650 0.620 0.592 0.564 0.536 0.510 0.498 0.485 0.478 0.473 0.468 0.462 0.457 0.452 0.447 0.445 0.444 0.442 0.441 0.439 0.437 0.436 0.434 0.428 0.421 0.416 0.411 0.406 0.401 0.396 0.391 0.386 0.382 0.377 0.360 0.342 0.324 0.305 0.287 0.269 0.249 0.228 0.208 0.205 0.199 0.186 0.173 0.160 0.147 0.134 0.121 0.108 0.117 0.128
0.907 0.872 0.860 0.872 0.885 0.897 0.910 0.922 0.935 0.947 0.960 0.945 0.919 0.894 0.868 0.843 0.817 0.791 0.771 0.755 0.725 0.694 0.665 0.637 0.609 0.582 0.554 0.526 0.502 0.489 0.477 0.464 0.455 0.450 0.445 0.440 0.435 0.430 0.428 0.427 0.425 0.424 0.422 0.421 0.419 0.417 0.416 0.412 0.407 0.402 0.397 0.392 0.388 0.383 0.378 0.373 0.368 0.351 0.333 0.315 0.296 0.278 0.260 0.241 0.223 0.203 0.194 0.181 0.168 0.155 0.142 0.129 0.116 0.103 0.091 0.096 0.106
0.914 0.863 0.848 0.872 0.885 0.897 0.910 0.922 0.934 0.947 0.959 0.944 0.918 0.892 0.867 0.841 0.816 0.790 0.764 0.739 0.711 0.683 0.655 0.627 0.599 0.571 0.543 0.515 0.494 0.481 0.469 0.456 0.443 0.433 0.428 0.422 0.417 0.413 0.412 0.410 0.408 0.407 0.405 0.404 0.402 0.395 0.387 0.389 0.398 0.394 0.389 0.384 0.379 0.374 0.369 0.364 0.359 0.342 0.324 0.306 0.287 0.269 0.251 0.232 0.214 0.198 0.181 0.163 0.150 0.137 0.124 0.111 0.098 0.086 0.073 0.074 0.084
0.894 0.844 0.828 0.852 0.876 0.897 0.909 0.922 0.934 0.947 0.959 0.942 0.917 0.891 0.865 0.840 0.814 0.788 0.759 0.730 0.701 0.672 0.645 0.617 0.589 0.561 0.533 0.505 0.486 0.473 0.460 0.448 0.435 0.423 0.410 0.405 0.400 0.396 0.395 0.393 0.391 0.390 0.385 0.377 0.369 0.362 0.354 0.358 0.367 0.377 0.380 0.375 0.370 0.365 0.360 0.355 0.350 0.333 0.315 0.297 0.278 0.260 0.242 0.224 0.209 0.193 0.177 0.159 0.142 0.124 0.106 0.094 0.081 0.068 0.055 0.053 0.063
0.874 0.824 0.808 0.832 0.856 0.881 0.905 0.922 0.934 0.946 0.959 0.941 0.915 0.890 0.864 0.838 0.809 0.780 0.751 0.722 0.692 0.663 0.634 0.606 0.578 0.550 0.522 0.494 0.477 0.465 0.452 0.440 0.427 0.414 0.402 0.389 0.382 0.379 0.378 0.375 0.367 0.359 0.352 0.344 0.336 0.329 0.321 0.326 0.336 0.345 0.355 0.364 0.361 0.356 0.351 0.346 0.341 0.324 0.306 0.288 0.269 0.251 0.235 0.220 0.204 0.189 0.173 0.155 0.138 0.120 0.102 0.085 0.067 0.050 0.037 0.031 0.036
0.854 0.804 0.787 0.812 0.836 0.860 0.885 0.909 0.933 0.946 0.959 0.939 0.914 0.887 0.858 0.829 0.800 0.771 0.742 0.713 0.684 0.654 0.625 0.596 0.568 0.540 0.512 0.484 0.469 0.457 0.444 0.431 0.419 0.406 0.394 0.381 0.368 0.357 0.349 0.342 0.334 0.326 0.319 0.311 0.303 0.296 0.288 0.295 0.305 0.314 0.324 0.333 0.343 0.347 0.342 0.337 0.332 0.315 0.297 0.279 0.262 0.246 0.231 0.215 0.200 0.185 0.169 0.151 0.133 0.116 0.098 0.081 0.063 0.045 0.028 0.017 0.000
0.835 0.784 0.767 0.792 0.816 0.840 0.865 0.889 0.913 0.937 0.958 0.937 0.908 0.879 0.850 0.821 0.792 0.763 0.734 0.705 0.675 0.646 0.617 0.587 0.558 0.529 0.501 0.474 0.461 0.448 0.436 0.423 0.411 0.398 0.387 0.375 0.364 0.335 0.316 0.309 0.301 0.293 0.286 0.278 0.270 0.263 0.255 0.264 0.274 0.283 0.293 0.302 0.312 0.321 0.331 0.328 0.323 0.306 0.288 0.273 0.257 0.242 0.226 0.211 0.195 0.180 0.165 0.147 0.129 0.112 0.094 0.076 0.059 0.041 0.031 0.030 0.013
0.815 0.764 0.747 0.771 0.796 0.820 0.844 0.869 0.893 0.917 0.940 0.925 0.899 0.870 0.842 0.813 0.784 0.755 0.726 0.696 0.667 0.638 0.608 0.579 0.549 0.520 0.491 0.465 0.453 0.440 0.428 0.417 0.405 0.394 0.382 0.370 0.354 0.325 0.296 0.276 0.268 0.260 0.253 0.245 0.237 0.230 0.224 0.233 0.243 0.252 0.262 0.271 0.281 0.290 0.300 0.309 0.315 0.299 0.283 0.268 0.253 0.237 0.222 0.206 0.191 0.176 0.160 0.143 0.125 0.108 0.090 0.072 0.055 0.043 0.042 0.041 0.031
0.795 0.745 0.727 0.751 0.776 0.800 0.824 0.848 0.871 0.894 0.917 0.902 0.883 0.862 0.833 0.804 0.775 0.746 0.717 0.688 0.659 0.629 0.600 0.570 0.541 0.511 0.482 0.458 0.447 0.435 0.423 0.412 0.400 0.389 0.377 0.366 0.345 0.315 0.286 0.257 0.235 0.227 0.220 0.212 0.204 0.197 0.193 0.202 0.212 0.221 0.231 0.240 0.250 0.259 0.269 0.281 0.299 0.291 0.279 0.264 0.248 0.233 0.217 0.202 0.187 0.171 0.156 0.139 0.121 0.103 0.086 0.068 0.055 0.054 0.054 0.053 0.048
0.775 0.725 0.707 0.731 0.755 0.780 0.803 0.825 0.848 0.871 0.894 0.879 0.859 0.840 0.820 0.796 0.767 0.738 0.709 0.680 0.650 0.621 0.591 0.562 0.533 0.508 0.484 0.461 0.442 0.430 0.419 0.407 0.396 0.384 0.373 0.361 0.335 0.306 0.277 0.247 0.218 0.194 0.187 0.179 0.171 0.164 0.161 0.171 0.180 0.190 0.200 0.209 0.219 0.229 0.247 0.265 0.283 0.276 0.266 0.257 0.244 0.228 0.213 0.197 0.182 0.167 0.151 0.135 0.117 0.099 0.082 0.067 0.066 0.066 0.065 0.064 0.063
0.754 0.705 0.687 0.711 0.734 0.757 0.780 0.803 0.826 0.848 0.871 0.856 0.836 0.817 0.797 0.777 0.757 0.729 0.700 0.671 0.642 0.612 0.585 0.561 0.536 0.512 0.488 0.466 0.445 0.426 0.414 0.402 0.391 0.379 0.368 0.355 0.325 0.296 0.267 0.238 0.208 0.179 0.154 0.146 0.138 0.131 0.130 0.140 0.149 0.159 0.168 0.178 0.196 0.214 0.231 0.249 0.267 0.260 0.251 0.241 0.232 0.222 0.208 0.193 0.178 0.162 0.147 0.130 0.113 0.095 0.079 0.079 0.078 0.077 0.076 0.076 0.075
0.694 0.666 0.665 0.688 0.711 0.734 0.757 0.780 0.803 0.826 0.848 0.833 0.813 0.794 0.774 0.754 0.734 0.714 0.692 0.663 0.638 0.613 0.589 0.565 0.540 0.516 0.491 0.470 0.449 0.428 0.409 0.398 0.386 0.375 0.363 0.345 0.316 0.286 0.257 0.228 0.199 0.169 0.140 0.113 0.105 0.098 0.099 0.109 0.118 0.128 0.144 0.162 0.180 0.198 0.216 0.234 0.252 0.245 0.235 0.226 0.216 0.206 0.197 0.187 0.173 0.158 0.142 0.126 0.109 0.091 0.091 0.090 0.089 0.088 0.088 0.087 0.086
0.645 0.645 0.652 0.669 0.688 0.711 0.734 0.757 0.780 0.803 0.826 0.810 0.790 0.770 0.751 0.731 0.711 0.691 0.679 0.664 0.642 0.617 0.593 0.568 0.544 0.519 0.495 0.475 0.454 0.433 0.412 0.393 0.381 0.370 0.358 0.335 0.306 0.277 0.248 0.218 0.189 0.160 0.131 0.101 0.072 0.065 0.068 0.078 0.093 0.111 0.129 0.146 0.164 0.182 0.200 0.218 0.236 0.229 0.220 0.210 0.200 0.191 0.181 0.172 0.162 0.152 0.138 0.122 0.105 0.103 0.102 0.101 0.100 0.100 0.099 0.098 0.098
0.633 0.632 0.639 0.656 0.673 0.690 0.711 0.734 0.757 0.780 0.803 0.787 0.767 0.747 0.728 0.708 0.695 0.683 0.671 0.655 0.639 0.621 0.597 0.572 0.548 0.523 0.500 0.479 0.458 0.437 0.416 0.395 0.377 0.365 0.354 0.326 0.296 0.267 0.238 0.209 0.179 0.150 0.121 0.092 0.062 0.033 0.041 0.059 0.077 0.095 0.113 0.131 0.149 0.166 0.184 0.202 0.220 0.214 0.204 0.195 0.185 0.175 0.166 0.156 0.147 0.137 0.127 0.118 0.115 0.114 0.113 0.113 0.112 0.111 0.110 0.110 0.109
