includes/camargue/floodfiles/results_R2_t1.562608011066E12/res-0004.wdfp
ncols         906
nrows         631
xllcorner     362177.146667
yllcorner     6534725.688020
cellsize      20.000000
NODATA_value  -9999.000000
[rows 510 to 543 of 631, columns 231 to 307 of 906]
5.394 5.439 5.485 5.530 5.576 5.622 5.676 5.730 5.784 5.821 5.832 5.842 5.853 5.878 5.911 5.943 5.975 6.008 6.040 6.072 6.103 6.134 6.164 6.194 6.224 6.254 6.284 6.311 6.332 6.353 6.374 6.395 6.346 6.289 6.233 6.176 6.120 6.092 6.076 6.061 6.045 6.030 6.014 5.987 5.942 5.898 5.854 5.810 5.766 5.760 5.760 5.759 5.759 5.759 5.747 5.710 5.672 5.635 5.598 5.570 5.588 5.606 5.625 5.643 5.661 5.679 5.647 5.571 5.495 5.419 5.344 5.268 5.192 5.117 5.041 4.992 4.990
5.455 5.501 5.546 5.591 5.637 5.682 5.727 5.776 5.830 5.868 5.879 5.898 5.930 5.962 5.994 6.027 6.059 6.091 6.123 6.156 6.187 6.217 6.247 6.277 6.308 6.338 6.368 6.398 6.428 6.450 6.472 6.493 6.441 6.385 6.329 6.295 6.279 6.264 6.248 6.233 6.217 6.202 6.186 6.158 6.114 6.070 6.025 5.981 5.937 5.893 5.860 5.860 5.859 5.859 5.850 5.813 5.775 5.738 5.730 5.748 5.766 5.785 5.803 5.821 5.839 5.858 5.832 5.756 5.681 5.605 5.529 5.454 5.378 5.302 5.227 5.151 5.075
5.516 5.562 5.607 5.652 5.698 5.743 5.788 5.834 5.879 5.917 5.949 5.981 6.014 6.046 6.078 6.110 6.143 6.175 6.207 6.239 6.271 6.301 6.331 6.361 6.391 6.421 6.452 6.482 6.512 6.542 6.570 6.591 6.537 6.498 6.482 6.467 6.451 6.436 6.420 6.405 6.389 6.374 6.358 6.330 6.285 6.241 6.197 6.153 6.108 6.064 6.020 5.976 5.959 5.959 5.953 5.916 5.878 5.890 5.908 5.926 5.945 5.963 5.981 5.999 6.018 6.036 6.018 5.942 5.866 5.791 5.715 5.639 5.563 5.488 5.412 5.336 5.261
5.577 5.623 5.668 5.713 5.759 5.804 5.850 5.895 5.972 6.028 6.033 6.065 6.097 6.130 6.162 6.194 6.226 6.259 6.291 6.323 6.354 6.385 6.415 6.445 6.475 6.505 6.535 6.565 6.595 6.626 6.656 6.688 6.685 6.670 6.654 6.639 6.623 6.608 6.592 6.577 6.561 6.546 6.530 6.501 6.457 6.413 6.368 6.324 6.280 6.236 6.192 6.147 6.103 6.060 6.056 6.032 6.050 6.068 6.087 6.105 6.123 6.141 6.160 6.178 6.196 6.214 6.203 6.128 6.052 5.976 5.900 5.825 5.749 5.673 5.598 5.522 5.446
5.638 5.684 5.729 5.775 5.820 5.865 5.933 6.018 6.103 6.155 6.160 6.164 6.181 6.213 6.246 6.278 6.310 6.342 6.375 6.407 6.438 6.468 6.498 6.528 6.559 6.589 6.619 6.649 6.679 6.711 6.749 6.788 6.820 6.842 6.826 6.811 6.795 6.780 6.764 6.749 6.733 6.718 6.702 6.673 6.628 6.584 6.540 6.496 6.451 6.407 6.363 6.319 6.274 6.230 6.174 6.210 6.229 6.247 6.265 6.283 6.301 6.319 6.338 6.356 6.374 6.392 6.389 6.313 6.238 6.162 6.086 6.010 5.934 5.859 5.783 5.707 5.632
5.699 5.745 5.790 5.836 5.893 5.978 6.063 6.148 6.233 6.282 6.287 6.291 6.296 6.300 6.329 6.362 6.394 6.426 6.458 6.491 6.522 6.552 6.582 6.612 6.642 6.672 6.703 6.733 6.771 6.810 6.849 6.887 6.919 6.951 6.983 6.983 6.967 6.952 6.936 6.921 6.905 6.889 6.874 6.844 6.800 6.755 6.711 6.667 6.623 6.579 6.534 6.490 6.435 6.369 6.305 6.349 6.393 6.425 6.443 6.461 6.480 6.498 6.516 6.534 6.553 6.571 6.575 6.499 6.423 6.347 6.272 6.196 6.120 6.044 5.969 5.893 5.817
5.760 5.806 5.854 5.939 6.024 6.109 6.194 6.278 6.363 6.409 6.413 6.418 6.423 6.427 6.431 6.445 6.478 6.510 6.542 6.574 6.605 6.636 6.666 6.696 6.726 6.756 6.794 6.832 6.871 6.910 6.948 6.986 7.018 7.050 7.082 7.114 7.139 7.123 7.108 7.093 7.077 7.061 7.046 7.015 6.971 6.927 6.883 6.838 6.794 6.750 6.701 6.635 6.569 6.503 6.436 6.480 6.524 6.568 6.612 6.640 6.658 6.676 6.694 6.713 6.731 6.749 6.760 6.685 6.609 6.533 6.457 6.382 6.306 6.230 6.154 6.078 5.992
5.821 5.900 5.984 6.069 6.154 6.239 6.324 6.409 6.494 6.536 6.540 6.545 6.549 6.554 6.558 6.563 6.567 6.594 6.626 6.658 6.689 6.719 6.749 6.780 6.816 6.855 6.893 6.932 6.970 7.009 7.048 7.085 7.117 7.149 7.181 7.213 7.245 7.277 7.280 7.264 7.249 7.233 7.218 7.187 7.143 7.098 7.054 7.010 6.966 6.901 6.835 6.768 6.702 6.636 6.570 6.611 6.655 6.699 6.743 6.787 6.831 6.854 6.872 6.891 6.909 6.927 6.945 6.870 6.794 6.719 6.643 6.567 6.491 6.416 6.329 6.241 6.154
5.945 6.030 6.115 6.200 6.285 6.369 6.454 6.539 6.624 6.663 6.667 6.672 6.676 6.681 6.685 6.690 6.694 6.699 6.709 6.742 6.773 6.803 6.838 6.877 6.915 6.954 6.993 7.031 7.070 7.109 7.147 7.185 7.217 7.249 7.280 7.312 7.344 7.376 7.408 7.436 7.421 7.405 7.390 7.358 7.314 7.270 7.226 7.167 7.100 7.034 6.968 6.902 6.835 6.769 6.703 6.742 6.786 6.830 6.874 6.918 6.962 7.006 7.050 7.069 7.087 7.105 7.123 7.056 6.980 6.904 6.828 6.753 6.665 6.578 6.491 6.403 6.316
6.075 6.160 6.245 6.330 6.415 6.500 6.585 6.670 6.755 6.789 6.794 6.798 6.803 6.807 6.812 6.817 6.821 6.826 6.830 6.835 6.860 6.899 6.938 6.976 7.015 7.053 7.092 7.131 7.169 7.208 7.247 7.284 7.316 7.348 7.380 7.412 7.444 7.476 7.508 7.539 7.571 7.577 7.562 7.530 7.485 7.432 7.366 7.300 7.234 7.168 7.101 7.035 6.969 6.903 6.836 6.873 6.917 6.961 7.005 7.049 7.093 7.137 7.181 7.225 7.265 7.284 7.302 7.241 7.166 7.089 7.002 6.914 6.827 6.740 6.652 6.565 6.478
6.265 6.295 6.375 6.460 6.545 6.630 6.715 6.800 6.885 6.916 6.921 6.925 6.930 6.934 6.939 6.943 6.948 6.952 6.956 6.957 6.972 6.998 7.037 7.076 7.114 7.153 7.192 7.230 7.269 7.307 7.346 7.383 7.415 7.447 7.479 7.511 7.543 7.575 7.607 7.639 7.671 7.703 7.734 7.698 7.632 7.566 7.500 7.433 7.367 7.301 7.235 7.168 7.102 7.036 6.970 7.004 7.048 7.092 7.136 7.180 7.224 7.268 7.311 7.355 7.399 7.443 7.480 7.425 7.338 7.251 7.163 7.076 6.989 6.901 6.814 6.727 6.639
6.476 6.506 6.535 6.591 6.676 6.761 6.845 6.930 7.015 7.043 7.048 7.052 7.057 7.061 7.066 7.070 7.074 7.075 7.077 7.078 7.095 7.118 7.141 7.175 7.214 7.252 7.291 7.330 7.368 7.407 7.445 7.482 7.514 7.546 7.578 7.610 7.642 7.674 7.706 7.738 7.770 7.802 7.807 7.801 7.765 7.699 7.633 7.567 7.500 7.434 7.368 7.302 7.236 7.169 7.103 7.135 7.179 7.223 7.267 7.311 7.354 7.398 7.442 7.486 7.530 7.574 7.549 7.555 7.500 7.412 7.325 7.238 7.150 7.063 6.976 6.888 6.801
6.687 6.716 6.746 6.775 6.806 6.891 6.976 7.061 7.146 7.170 7.174 7.179 7.183 7.188 7.192 7.193 7.195 7.196 7.198 7.199 7.217 7.240 7.263 7.286 7.313 7.352 7.391 7.429 7.468 7.506 7.545 7.582 7.613 7.645 7.677 7.709 7.741 7.773 7.805 7.837 7.846 7.850 7.855 7.848 7.835 7.822 7.766 7.700 7.634 7.568 7.501 7.435 7.369 7.303 7.236 7.266 7.310 7.354 7.398 7.441 7.485 7.529 7.573 7.617 7.620 7.586 7.552 7.557 7.579 7.574 7.487 7.399 7.312 7.225 7.137 7.050 6.963
6.897 6.927 6.956 6.986 7.016 7.045 7.106 7.191 7.276 7.297 7.301 7.306 7.309 7.311 7.313 7.314 7.316 7.317 7.319 7.320 7.340 7.363 7.386 7.409 7.432 7.455 7.490 7.529 7.567 7.606 7.645 7.681 7.713 7.745 7.776 7.808 7.840 7.872 7.884 7.889 7.893 7.898 7.902 7.895 7.882 7.869 7.857 7.833 7.767 7.701 7.635 7.568 7.502 7.436 7.370 7.397 7.441 7.485 7.528 7.572 7.616 7.660 7.690 7.657 7.623 7.589 7.555 7.559 7.581 7.603 7.625 7.561 7.474 7.386 7.299 7.212 7.124
7.108 7.138 7.167 7.197 7.226 7.256 7.285 7.321 7.406 7.423 7.427 7.429 7.430 7.432 7.434 7.435 7.437 7.438 7.440 7.442 7.462 7.485 7.508 7.531 7.554 7.577 7.600 7.628 7.667 7.705 7.744 7.780 7.812 7.844 7.876 7.908 7.922 7.927 7.932 7.936 7.941 7.945 7.950 7.942 7.930 7.917 7.904 7.891 7.878 7.834 7.768 7.702 7.635 7.569 7.503 7.528 7.572 7.616 7.659 7.703 7.747 7.727 7.694 7.660 7.626 7.592 7.559 7.561 7.583 7.605 7.627 7.648 7.635 7.548 7.461 7.373 7.286
7.319 7.348 7.378 7.407 7.437 7.466 7.496 7.525 7.554 7.547 7.548 7.550 7.551 7.553 7.555 7.556 7.558 7.559 7.561 7.563 7.584 7.607 7.630 7.654 7.677 7.700 7.723 7.746 7.769 7.805 7.843 7.879 7.911 7.943 7.961 7.965 7.970 7.975 7.979 7.984 7.988 7.993 7.998 7.990 7.977 7.964 7.951 7.938 7.925 7.912 7.899 7.835 7.769 7.703 7.636 7.659 7.703 7.746 7.790 7.798 7.765 7.731 7.697 7.663 7.630 7.596 7.562 7.564 7.585 7.607 7.629 7.651 7.672 7.694 7.622 7.535 7.448
7.529 7.559 7.588 7.618 7.648 7.677 7.705 7.728 7.751 7.704 7.669 7.671 7.672 7.674 7.676 7.677 7.679 7.680 7.682 7.684 7.707 7.730 7.753 7.776 7.799 7.822 7.845 7.868 7.891 7.914 7.943 7.978 7.999 8.004 8.009 8.013 8.018 8.022 8.027 8.031 8.036 8.041 8.045 8.037 8.024 8.011 7.998 7.985 7.972 7.959 7.946 7.934 7.902 7.836 7.770 7.789 7.833 7.869 7.836 7.802 7.768 7.734 7.700 7.667 7.633 7.599 7.565 7.566 7.587 7.609 7.631 7.653 7.674 7.696 7.718 7.697 7.609
7.740 7.769 7.799 7.829 7.855 7.878 7.902 7.925 7.943 7.895 7.847 7.799 7.793 7.795 7.797 7.798 7.800 7.801 7.803 7.806 7.829 7.852 7.875 7.898 7.921 7.945 7.968 7.991 8.014 8.037 8.081 8.058 8.047 8.051 8.056 8.061 8.065 8.070 8.075 8.079 8.084 8.088 8.093 8.084 8.071 8.058 8.045 8.032 8.019 8.006 7.994 7.981 7.968 7.955 7.903 7.920 7.906 7.873 7.839 7.805 7.771 7.738 7.704 7.670 7.636 7.602 7.569 7.568 7.589 7.611 7.633 7.655 7.677 7.698 7.720 7.742 7.764
7.951 7.980 8.006 8.029 8.052 8.075 8.099 8.122 8.134 8.086 8.038 7.990 7.942 7.916 7.918 7.919 7.921 7.922 7.924 7.928 7.951 7.974 7.998 8.021 8.044 8.067 8.090 8.113 8.161 8.242 8.323 8.287 8.169 8.099 8.104 8.108 8.113 8.117 8.122 8.127 8.131 8.136 8.140 8.131 8.118 8.105 8.093 8.079 8.067 8.054 8.041 8.028 8.015 8.002 8.024 7.943 7.910 7.876 7.842 7.808 7.775 7.741 7.707 7.673 7.639 7.606 7.572 7.570 7.592 7.613 7.635 7.657 7.679 7.701 7.722 7.744 7.773
8.157 8.180 8.203 8.226 8.249 8.272 8.296 8.319 8.325 8.277 8.229 8.181 8.133 8.084 8.039 8.040 8.042 8.044 8.045 8.051 8.074 8.097 8.120 8.143 8.166 8.189 8.242 8.323 8.403 8.484 8.564 8.515 8.397 8.279 8.162 8.156 8.160 8.165 8.170 8.174 8.179 8.183 8.188 8.178 8.165 8.153 8.140 8.127 8.114 8.101 8.088 8.075 8.081 8.147 8.213 8.127 7.986 7.879 7.845 7.812 7.778 7.744 7.710 7.677 7.643 7.609 7.575 7.572 7.594 7.615 7.637 7.659 7.681 7.703 7.725 7.775 7.851
8.354 8.377 8.400 8.423 8.446 8.469 8.492 8.516 8.516 8.468 8.420 8.372 8.324 8.275 8.227 8.179 8.163 8.165 8.166 8.173 8.196 8.219 8.242 8.265 8.323 8.403 8.484 8.564 8.645 8.725 8.806 8.743 8.625 8.508 8.390 8.272 8.208 8.213 8.217 8.222 8.226 8.231 8.235 8.226 8.213 8.200 8.187 8.174 8.161 8.148 8.138 8.204 8.270 8.336 8.402 8.317 8.177 8.036 7.896 7.815 7.781 7.747 7.714 7.680 7.646 7.612 7.578 7.574 7.596 7.618 7.639 7.661 7.683 7.705 7.777 7.853 7.929
8.551 8.574 8.597 8.620 8.643 8.666 8.690 8.713 8.707 8.659 8.611 8.563 8.515 8.466 8.418 8.370 8.322 8.286 8.287 8.296 8.319 8.342 8.404 8.484 8.565 8.645 8.726 8.806 8.887 8.967 9.048 8.971 8.854 8.736 8.618 8.500 8.383 8.265 8.265 8.269 8.274 8.278 8.283 8.273 8.260 8.247 8.234 8.221 8.208 8.261 8.327 8.393 8.459 8.525 8.591 8.507 8.367 8.226 8.086 7.945 7.805 7.751 7.717 7.683 7.649 7.616 7.582 7.576 7.598 7.620 7.641 7.663 7.703 7.779 7.855 7.931 8.007
8.748 8.771 8.794 8.817 8.840 8.863 8.887 8.910 8.898 8.850 8.802 8.754 8.705 8.657 8.609 8.561 8.513 8.465 8.417 8.418 8.484 8.565 8.645 8.726 8.806 8.887 8.967 9.048 9.128 9.209 9.289 9.200 9.082 8.964 8.846 8.729 8.611 8.493 8.375 8.317 8.321 8.326 8.331 8.320 8.307 8.294 8.281 8.318 8.384 8.450 8.516 8.582 8.648 8.714 8.780 8.697 8.557 8.416 8.276 8.135 7.995 7.854 7.720 7.686 7.653 7.619 7.585 7.578 7.600 7.622 7.644 7.704 7.780 7.857 7.933 8.009 8.085
8.955 8.968 8.991 9.014 9.037 9.060 9.084 9.107 9.089 9.041 8.993 8.945 8.896 8.848 8.800 8.752 8.704 8.656 8.643 8.660 8.726 8.806 8.887 8.967 9.048 9.128 9.209 9.290 9.370 9.451 9.531 9.428 9.310 9.192 9.075 8.957 8.839 8.721 8.604 8.486 8.369 8.374 8.378 8.367 8.354 8.375 8.441 8.507 8.573 8.639 8.705 8.771 8.837 8.903 8.968 8.888 8.747 8.607 8.466 8.325 8.185 8.044 7.904 7.763 7.656 7.622 7.588 7.580 7.602 7.630 7.706 7.782 7.858 7.935 8.011 8.087 8.163
9.169 9.180 9.191 9.211 9.234 9.257 9.280 9.304 9.280 9.232 9.184 9.136 9.087 9.039 8.991 8.955 8.941 8.928 8.915 8.940 8.992 9.048 9.129 9.209 9.290 9.370 9.451 9.531 9.612 9.692 9.773 9.656 9.539 9.421 9.303 9.185 9.068 8.950 8.832 8.714 8.597 8.479 8.426 8.432 8.498 8.564 8.630 8.696 8.762 8.828 8.893 8.959 9.025 9.091 9.157 9.078 8.937 8.797 8.656 8.515 8.375 8.234 8.094 7.953 7.813 7.672 7.592 7.582 7.632 7.708 7.784 7.860 7.936 8.012 8.089 8.165 8.241
9.384 9.395 9.406 9.417 9.431 9.454 9.477 9.501 9.471 9.423 9.375 9.326 9.278 9.254 9.240 9.227 9.214 9.200 9.187 9.220 9.272 9.324 9.375 9.451 9.531 9.612 9.692 9.773 9.854 9.934 10.002 9.885 9.767 9.649 9.531 9.414 9.296 9.178 9.060 8.942 8.825 8.700 8.541 8.621 8.687 8.752 8.818 8.884 8.950 9.016 9.082 9.148 9.214 9.280 9.346 9.268 9.127 8.987 8.846 8.706 8.565 8.425 8.284 8.144 8.003 7.863 7.722 7.655 7.710 7.786 7.862 7.938 8.014 8.090 8.166 8.242 8.319
9.599 9.610 9.621 9.632 9.643 9.654 9.675 9.698 9.662 9.614 9.566 9.552 9.539 9.526 9.512 9.499 9.486 9.472 9.459 9.500 9.552 9.604 9.655 9.707 9.773 9.854 9.934 10.015 10.095 10.176 10.230 10.113 9.995 9.877 9.759 9.642 9.524 9.406 9.288 9.163 9.004 8.844 8.690 8.777 8.864 8.941 9.007 9.073 9.139 9.205 9.271 9.337 9.403 9.469 9.535 9.458 9.318 9.177 9.036 8.896 8.755 8.615 8.474 8.334 8.193 8.062 7.938 7.858 7.881 7.904 7.940 8.016 8.092 8.168 8.244 8.320 8.397
9.814 9.825 9.836 9.847 9.858 9.869 9.880 9.895 9.864 9.851 9.838 9.824 9.811 9.798 9.784 9.771 9.758 9.744 9.731 9.780 9.832 9.884 9.935 9.987 10.038 10.095 10.176 10.256 10.337 10.417 10.459 10.341 10.223 10.106 9.988 9.870 9.752 9.626 9.467 9.307 9.147 8.988 8.846 8.933 9.021 9.108 9.195 9.262 9.328 9.394 9.460 9.526 9.592 9.657 9.723 9.648 9.508 9.367 9.226 9.086 8.945 8.805 8.664 8.526 8.402 8.279 8.155 8.061 8.084 8.107 8.130 8.154 8.177 8.246 8.322 8.398 8.475
10.029 10.040 10.051 10.062 10.073 10.084 10.045 9.994 10.136 10.123 10.110 10.096 10.083 10.070 10.057 10.043 10.030 10.016 10.009 10.060 10.112 10.164 10.215 10.267 10.318 10.370 10.421 10.498 10.579 10.659 10.687 10.569 10.451 10.334 10.216 10.089 9.930 9.770 9.610 9.451 9.291 9.131 9.002 9.089 9.177 9.264 9.351 9.438 9.517 9.583 9.648 9.714 9.780 9.846 9.912 9.838 9.698 9.557 9.417 9.276 9.136 8.995 8.866 8.742 8.619 8.495 8.371 8.263 8.287 8.310 8.333 8.356 8.380 8.403 8.426 8.476 8.552
10.244 10.255 10.266 10.274 10.212 10.150 10.089 10.071 10.219 10.367 10.382 10.368 10.355 10.342 10.329 10.315 10.302 10.288 10.289 10.340 10.392 10.443 10.495 10.547 10.598 10.650 10.701 10.753 10.820 10.901 10.915 10.797 10.680 10.552 10.393 10.233 10.073 9.914 9.754 9.594 9.435 9.275 9.158 9.246 9.333 9.420 9.507 9.594 9.682 9.769 9.837 9.903 9.969 10.035 10.101 10.028 9.888 9.747 9.607 9.466 9.330 9.206 9.083 8.959 8.835 8.712 8.588 8.466 8.489 8.513 8.536 8.559 8.582 8.606 8.629 8.652 8.676
10.459 10.441 10.379 10.317 10.256 10.194 10.132 10.147 10.296 10.444 10.592 10.641 10.627 10.614 10.601 10.587 10.574 10.561 10.569 10.620 10.672 10.723 10.775 10.827 10.878 10.930 10.981 11.033 11.084 11.143 11.143 11.015 10.856 10.696 10.536 10.377 10.217 10.057 9.898 9.738 9.578 9.419 9.315 9.402 9.489 9.576 9.664 9.751 9.838 9.925 10.012 10.092 10.158 10.224 10.290 10.218 10.078 9.937 9.797 9.670 9.547 9.423 9.299 9.176 9.052 8.928 8.805 8.681 8.692 8.715 8.738 8.762 8.785 8.808 8.832 8.855 8.878
10.546 10.484 10.423 10.361 10.299 10.238 10.176 10.224 10.372 10.521 10.669 10.818 10.899 10.886 10.873 10.859 10.846 10.833 10.849 10.900 10.952 11.003 11.055 11.107 11.158 11.210 11.261 11.313 11.364 11.315 11.283 11.159 10.999 10.840 10.680 10.520 10.361 10.201 10.041 9.882 9.722 9.562 9.471 9.558 9.645 9.733 9.820 9.907 9.994 10.081 10.169 10.256 10.343 10.412 10.478 10.409 10.268 10.134 10.011 9.887 9.763 9.640 9.516 9.392 9.269 9.145 9.021 8.898 8.895 8.918 8.941 8.964 8.988 9.011 9.034 9.058 9.081
10.590 10.528 10.466 10.405 10.343 10.281 10.220 10.300 10.449 10.597 10.746 10.894 11.042 11.158 11.145 11.131 11.118 11.105 11.128 11.180 11.232 11.283 11.335 11.386 11.438 11.490 11.529 11.374 11.219 11.064 11.060 11.160 11.143 10.983 10.824 10.664 10.504 10.344 10.185 10.025 9.865 9.706 9.627 9.714 9.801 9.889 9.976 10.063 10.150 10.238 10.325 10.412 10.499 10.586 10.667 10.599 10.475 10.351 10.227 10.104 9.980 9.856 9.733 9.609 9.485 9.362 9.238 9.114 9.097 9.121 9.144 9.167 9.190 9.214 9.237 9.260 9.284
10.633 10.572 10.510 10.448 10.387 10.325 10.263 10.377 10.525 10.674 10.822 10.971 11.119 11.267 11.416 11.403 11.390 11.377 11.408 11.460 11.512 11.563 11.615 11.666 11.589 11.434 11.279 11.124 10.968 10.813 10.837 10.937 11.036 11.127 10.967 10.807 10.648 10.488 10.328 10.169 10.009 9.849 9.783 9.871 9.958 10.045 10.132 10.219 10.306 10.394 10.481 10.568 10.655 10.742 10.708 10.734 10.691 10.568 10.444 10.320 10.197 10.073 9.949 9.826 9.702 9.578 9.455 9.331 9.300 9.323 9.347 9.370 9.393 9.416 9.440 9.463 9.486
