includes/camargue/floodfiles/results_R2_t1.562608011066E12/res-0000.wdfp
ncols         906
nrows         631
xllcorner     362177.146667
yllcorner     6534725.688020
cellsize      20.000000
NODATA_value  -9999.000000
[rows 476 to 509 of 631, columns 77 to 153 of 906]
5.680 5.348 5.017 4.685 4.227 3.693 3.160 2.626 2.093 1.708 1.476 1.244 1.013 1.101 1.282 1.463 1.513 1.437 1.360 1.283 1.207 1.130 1.053 0.986 0.938 0.000 0.000 0.000 0.000 0.000 0.000 0.000 0.000 0.000 0.000 0.000 0.000 0.000 0.000 0.125 0.284 0.440 0.588 0.736 0.884 1.032 1.179 1.300 1.283 1.263 1.248 1.254 1.259 1.264 1.269 1.274 1.279 1.276 1.219 1.162 1.106 1.049 1.016 1.011 1.007 1.003 0.988 0.967 0.946 0.925 0.904 0.883 0.862 0.842 0.825 0.834 0.849
5.165 4.834 4.502 4.170 3.814 3.280 2.747 2.213 1.977 1.745 1.513 1.281 1.049 1.165 1.346 1.527 1.707 1.807 1.730 1.653 1.577 1.500 1.423 1.365 1.318 1.271 1.223 1.176 0.000 0.000 0.000 0.000 0.000 0.000 0.446 0.560 0.675 0.789 0.903 1.017 1.168 1.317 1.465 1.506 1.490 1.474 1.457 1.441 1.425 1.395 1.359 1.347 1.352 1.357 1.362 1.367 1.372 1.345 1.289 1.232 1.176 1.119 1.063 1.034 1.030 1.026 1.005 0.984 0.963 0.942 0.922 0.901 0.880 0.876 0.877 0.905 0.939
4.651 4.319 3.987 3.656 3.324 2.867 2.477 2.245 2.013 1.782 1.550 1.318 1.086 1.229 1.410 1.591 1.772 1.952 2.100 2.023 1.946 1.870 1.793 1.745 1.698 1.650 1.603 1.556 1.508 1.461 1.311 1.030 1.144 1.258 1.372 1.486 1.600 1.666 1.681 1.695 1.696 1.681 1.664 1.648 1.631 1.615 1.599 1.582 1.563 1.527 1.491 1.454 1.446 1.451 1.456 1.461 1.466 1.415 1.359 1.302 1.246 1.189 1.133 1.076 1.053 1.043 1.023 1.002 0.981 0.972 0.971 0.970 0.970 0.969 0.978 1.001 1.031
4.347 4.052 3.757 3.462 3.167 2.800 2.514 2.282 2.050 1.818 1.586 1.355 1.123 1.293 1.474 1.655 1.836 2.016 2.197 2.378 2.316 2.240 2.172 2.124 2.077 2.030 1.983 1.935 1.888 1.841 1.747 1.730 1.745 1.760 1.774 1.789 1.804 1.819 1.833 1.848 1.835 1.822 1.806 1.789 1.773 1.756 1.740 1.724 1.695 1.659 1.623 1.587 1.551 1.544 1.549 1.554 1.542 1.485 1.429 1.372 1.316 1.259 1.202 1.146 1.089 1.068 1.067 1.066 1.065 1.065 1.064 1.063 1.062 1.062 1.079 1.102 1.126
4.728 4.433 4.138 3.843 3.548 3.134 2.686 2.319 2.087 1.855 1.623 1.391 1.177 1.357 1.538 1.719 1.900 2.080 2.261 2.442 2.623 2.610 2.551 2.504 2.457 2.382 2.258 2.134 2.010 1.886 1.766 1.847 1.898 1.912 1.927 1.942 1.957 1.971 1.986 1.986 1.973 1.960 1.947 1.931 1.914 1.898 1.881 1.863 1.827 1.791 1.755 1.719 1.683 1.647 1.643 1.648 1.612 1.555 1.499 1.442 1.386 1.332 1.296 1.260 1.223 1.167 1.160 1.159 1.158 1.158 1.157 1.156 1.155 1.157 1.180 1.204 1.227
5.109 4.814 4.519 4.224 3.914 3.467 3.019 2.571 2.123 1.892 1.660 1.428 1.241 1.422 1.602 1.783 1.964 2.144 2.325 2.506 2.687 2.829 2.769 2.645 2.521 2.397 2.272 2.148 2.024 1.900 1.860 1.941 2.021 2.065 2.080 2.095 2.109 2.124 2.138 2.124 2.111 2.099 2.086 2.072 2.055 2.039 2.023 1.995 1.959 1.923 1.887 1.851 1.815 1.779 1.742 1.738 1.682 1.625 1.588 1.552 1.516 1.479 1.443 1.407 1.363 1.307 1.253 1.252 1.251 1.250 1.250 1.249 1.248 1.258 1.282 1.305 1.328
5.491 5.195 4.900 4.605 4.247 3.800 3.352 2.904 2.457 2.009 1.696 1.465 1.305 1.486 1.666 1.847 2.028 2.209 2.341 2.466 2.591 2.716 2.695 2.659 2.535 2.411 2.286 2.162 2.038 1.914 1.954 2.035 2.115 2.196 2.233 2.248 2.262 2.277 2.276 2.263 2.250 2.237 2.224 2.211 2.197 2.180 2.163 2.127 2.091 2.055 2.019 1.983 1.947 1.910 1.864 1.842 1.808 1.772 1.735 1.699 1.663 1.627 1.590 1.554 1.502 1.446 1.390 1.344 1.344 1.343 1.342 1.341 1.341 1.360 1.383 1.406 1.429
5.872 5.577 5.281 4.986 4.581 4.133 3.685 3.237 2.790 2.342 1.894 1.501 1.369 1.550 1.728 1.853 1.978 2.103 2.228 2.353 2.479 2.600 2.572 2.543 2.515 2.425 2.300 2.176 2.052 1.967 2.048 2.128 2.209 2.289 2.370 2.400 2.415 2.427 2.414 2.401 2.388 2.375 2.362 2.349 2.336 2.322 2.296 2.259 2.223 2.180 2.135 2.090 2.045 2.000 1.954 1.954 1.955 1.919 1.883 1.846 1.810 1.774 1.737 1.698 1.642 1.586 1.530 1.474 1.437 1.436 1.435 1.434 1.438 1.461 1.484 1.507 1.531
5.982 5.958 5.663 5.362 4.914 4.466 4.018 3.571 3.123 2.675 2.227 1.765 1.391 1.490 1.615 1.740 1.865 1.991 2.116 2.241 2.366 2.478 2.449 2.421 2.392 2.364 2.314 2.190 2.066 2.061 2.142 2.222 2.303 2.383 2.464 2.544 2.568 2.565 2.552 2.539 2.526 2.513 2.500 2.478 2.448 2.418 2.405 2.360 2.315 2.270 2.225 2.180 2.135 2.090 2.062 2.067 2.071 2.066 2.030 1.993 1.957 1.921 1.884 1.837 1.781 1.725 1.670 1.614 1.558 1.529 1.528 1.527 1.539 1.562 1.585 1.609 1.632
5.957 6.124 6.044 5.695 5.247 4.799 4.351 3.885 3.408 2.930 2.452 1.974 1.676 1.482 1.503 1.628 1.753 1.878 2.003 2.129 2.254 2.355 2.326 2.298 2.269 2.241 2.213 2.184 2.080 2.155 2.236 2.316 2.397 2.477 2.558 2.635 2.700 2.671 2.641 2.611 2.581 2.551 2.521 2.491 2.462 2.456 2.474 2.450 2.405 2.360 2.315 2.270 2.224 2.180 2.174 2.179 2.184 2.188 2.177 2.140 2.104 2.068 2.032 1.977 1.921 1.865 1.809 1.753 1.697 1.642 1.621 1.620 1.640 1.663 1.687 1.710 1.733
5.932 6.098 6.265 6.006 5.528 5.051 4.573 4.095 3.618 3.140 2.662 2.184 1.961 1.767 1.573 1.515 1.641 1.766 1.891 2.016 2.141 2.232 2.204 2.175 2.147 2.118 2.090 2.062 2.137 2.215 2.292 2.368 2.445 2.522 2.598 2.675 2.691 2.684 2.654 2.624 2.595 2.565 2.535 2.505 2.477 2.494 2.512 2.530 2.495 2.450 2.405 2.360 2.315 2.281 2.286 2.291 2.296 2.301 2.306 2.288 2.251 2.215 2.172 2.116 2.060 2.005 1.949 1.893 1.837 1.781 1.725 1.718 1.741 1.757 1.759 1.761 1.762
5.865 6.023 6.178 6.077 5.738 5.261 4.783 4.305 3.828 3.350 2.872 2.441 2.247 2.053 1.858 1.664 1.528 1.653 1.778 1.904 2.029 2.109 2.081 2.052 2.024 1.996 2.003 2.088 2.173 2.255 2.331 2.408 2.485 2.561 2.638 2.681 2.682 2.682 2.668 2.638 2.608 2.578 2.549 2.519 2.515 2.533 2.551 2.569 2.585 2.540 2.495 2.450 2.405 2.393 2.398 2.403 2.408 2.413 2.418 2.423 2.398 2.362 2.312 2.256 2.200 2.144 2.088 2.032 1.977 1.912 1.847 1.763 1.760 1.761 1.763 1.765 1.766
5.778 5.936 6.003 5.902 5.801 5.471 4.993 4.515 4.037 3.560 3.082 2.726 2.532 2.338 2.144 1.949 1.755 1.561 1.666 1.791 1.916 1.986 1.958 1.930 1.901 1.954 2.039 2.124 2.208 2.293 2.371 2.448 2.524 2.601 2.672 2.672 2.673 2.673 2.674 2.652 2.622 2.592 2.562 2.535 2.553 2.571 2.589 2.607 2.625 2.630 2.585 2.540 2.501 2.505 2.510 2.515 2.520 2.525 2.530 2.535 2.540 2.507 2.451 2.395 2.335 2.269 2.204 2.139 2.074 2.009 1.943 1.848 1.764 1.765 1.767 1.769 1.770
5.691 5.848 5.828 5.727 5.626 5.525 5.203 4.725 4.247 3.770 3.292 3.012 2.817 2.623 2.429 2.235 2.040 1.846 1.652 1.679 1.804 1.863 1.835 1.821 1.905 1.990 2.075 2.159 2.244 2.329 2.411 2.487 2.564 2.641 2.663 2.663 2.664 2.664 2.665 2.665 2.635 2.606 2.576 2.574 2.592 2.610 2.627 2.645 2.663 2.681 2.675 2.630 2.613 2.618 2.622 2.627 2.632 2.637 2.642 2.632 2.603 2.627 2.561 2.496 2.431 2.366 2.301 2.235 2.170 2.105 2.028 1.933 1.837 1.769 1.771 1.773 1.774
5.604 5.753 5.653 5.552 5.451 5.350 5.249 4.935 4.457 3.980 3.502 3.297 3.103 2.909 2.714 2.520 2.326 2.132 1.937 1.743 1.691 1.741 1.772 1.856 1.941 2.026 2.110 2.195 2.280 2.364 2.449 2.527 2.604 2.653 2.654 2.654 2.655 2.655 2.656 2.656 2.649 2.619 2.594 2.612 2.630 2.648 2.666 2.684 2.702 2.720 2.738 2.720 2.725 2.730 2.708 2.679 2.650 2.621 2.593 2.564 2.535 2.608 2.658 2.593 2.527 2.462 2.397 2.332 2.267 2.201 2.113 2.017 1.922 1.826 1.775 1.777 1.778
5.517 5.579 5.478 5.377 5.276 5.175 5.074 4.973 4.668 4.190 3.777 3.582 3.388 3.194 3.000 2.805 2.611 2.417 2.223 2.027 1.779 1.717 1.805 1.892 1.977 2.061 2.146 2.231 2.315 2.400 2.484 2.567 2.643 2.644 2.645 2.645 2.646 2.646 2.647 2.647 2.648 2.633 2.632 2.650 2.668 2.686 2.704 2.717 2.726 2.734 2.743 2.728 2.697 2.668 2.639 2.611 2.582 2.553 2.525 2.496 2.507 2.586 2.666 2.689 2.624 2.559 2.494 2.428 2.363 2.293 2.197 2.102 2.006 1.911 1.815 1.781 1.783
5.430 5.404 5.303 5.202 5.101 5.000 4.899 4.798 4.697 4.400 4.062 3.868 3.673 3.479 3.263 3.015 2.767 2.518 2.270 2.022 1.805 1.758 1.814 1.903 1.990 2.079 2.167 2.255 2.343 2.431 2.519 2.605 2.634 2.635 2.636 2.636 2.635 2.635 2.635 2.635 2.635 2.635 2.640 2.649 2.657 2.666 2.674 2.683 2.691 2.700 2.708 2.670 2.629 2.600 2.571 2.543 2.514 2.485 2.457 2.428 2.486 2.565 2.644 2.723 2.720 2.655 2.590 2.525 2.460 2.378 2.282 2.187 2.091 1.996 1.900 1.805 1.787
5.330 5.229 5.128 5.027 4.926 4.825 4.724 4.623 4.523 4.446 4.251 4.002 3.754 3.506 3.257 3.009 2.761 2.513 2.264 2.016 1.897 1.850 1.824 1.912 2.000 2.088 2.176 2.264 2.352 2.440 2.528 2.595 2.612 2.612 2.612 2.612 2.611 2.611 2.611 2.611 2.611 2.608 2.605 2.614 2.622 2.631 2.639 2.648 2.656 2.665 2.651 2.611 2.570 2.532 2.503 2.475 2.446 2.417 2.388 2.385 2.464 2.543 2.623 2.702 2.781 2.752 2.687 2.621 2.556 2.462 2.367 2.271 2.176 2.080 1.985 1.889 1.794
5.155 5.054 4.953 4.869 4.796 4.723 4.651 4.578 4.505 4.414 4.225 3.997 3.748 3.500 3.252 3.003 2.755 2.507 2.259 2.035 1.988 1.941 1.894 1.921 2.009 2.097 2.185 2.273 2.361 2.449 2.537 2.559 2.578 2.588 2.588 2.588 2.587 2.587 2.587 2.587 2.586 2.583 2.579 2.579 2.587 2.596 2.604 2.613 2.622 2.630 2.593 2.552 2.512 2.471 2.435 2.406 2.378 2.349 2.320 2.363 2.442 2.522 2.601 2.680 2.760 2.839 2.783 2.718 2.642 2.547 2.451 2.356 2.260 2.165 2.069 1.974 1.878
5.074 5.001 4.928 4.856 4.783 4.710 4.638 4.565 4.492 4.357 4.168 3.978 3.743 3.494 3.246 2.998 2.749 2.501 2.253 2.127 2.080 2.033 1.986 1.939 2.018 2.106 2.194 2.282 2.370 2.458 2.503 2.523 2.542 2.561 2.564 2.564 2.564 2.563 2.563 2.563 2.560 2.557 2.553 2.549 2.553 2.561 2.570 2.578 2.587 2.575 2.534 2.493 2.453 2.412 2.372 2.338 2.310 2.281 2.262 2.341 2.421 2.500 2.579 2.659 2.738 2.817 2.880 2.814 2.727 2.632 2.536 2.441 2.345 2.243 2.122 2.002 1.881
5.001 4.988 4.915 4.843 4.770 4.697 4.625 4.552 4.479 4.300 4.111 3.921 3.732 3.489 3.240 2.992 2.744 2.495 2.265 2.218 2.171 2.124 2.077 2.030 2.027 2.115 2.203 2.291 2.379 2.448 2.467 2.486 2.505 2.525 2.540 2.540 2.540 2.540 2.539 2.538 2.534 2.531 2.527 2.523 2.520 2.526 2.535 2.543 2.552 2.516 2.475 2.435 2.394 2.354 2.313 2.273 2.242 2.213 2.240 2.320 2.399 2.478 2.558 2.637 2.716 2.796 2.875 2.907 2.802 2.681 2.560 2.439 2.319 2.198 2.077 1.956 1.835
4.921 4.921 4.902 4.830 4.757 4.684 4.612 4.539 4.433 4.243 4.054 3.864 3.675 3.483 3.235 2.986 2.738 2.490 2.357 2.310 2.263 2.216 2.169 2.122 2.075 2.124 2.212 2.300 2.389 2.412 2.431 2.450 2.469 2.488 2.507 2.516 2.516 2.516 2.516 2.512 2.508 2.505 2.501 2.498 2.494 2.491 2.500 2.509 2.498 2.457 2.417 2.376 2.335 2.295 2.254 2.214 2.174 2.145 2.219 2.298 2.377 2.457 2.535 2.601 2.668 2.735 2.802 2.825 2.757 2.636 2.515 2.394 2.273 2.152 2.031 1.911 1.799
4.840 4.840 4.840 4.817 4.744 4.671 4.599 4.526 4.375 4.186 3.997 3.807 3.618 3.428 3.229 2.981 2.732 2.495 2.448 2.401 2.354 2.307 2.260 2.213 2.167 2.134 2.222 2.310 2.356 2.375 2.394 2.413 2.433 2.452 2.471 2.490 2.492 2.492 2.490 2.486 2.482 2.479 2.475 2.471 2.468 2.464 2.465 2.474 2.439 2.398 2.358 2.317 2.277 2.236 2.196 2.155 2.114 2.106 2.173 2.240 2.307 2.374 2.441 2.507 2.575 2.641 2.708 2.695 2.678 2.590 2.469 2.348 2.228 2.107 1.986 1.865 1.792
4.759 4.759 4.759 4.759 4.731 4.658 4.586 4.508 4.318 4.129 3.940 3.750 3.561 3.371 3.182 2.975 2.727 2.587 2.540 2.493 2.446 2.399 2.352 2.305 2.258 2.211 2.231 2.300 2.320 2.339 2.358 2.377 2.396 2.415 2.434 2.454 2.468 2.467 2.464 2.460 2.457 2.453 2.449 2.446 2.442 2.438 2.435 2.421 2.380 2.338 2.295 2.253 2.210 2.168 2.125 2.083 2.040 2.042 2.079 2.146 2.213 2.280 2.347 2.414 2.481 2.547 2.583 2.566 2.548 2.531 2.424 2.303 2.182 2.061 1.940 1.819 1.786
4.678 4.678 4.678 4.679 4.679 4.645 4.573 4.451 4.261 4.072 3.882 3.693 3.504 3.314 3.125 2.935 2.725 2.678 2.631 2.584 2.537 2.490 2.443 2.397 2.350 2.303 2.251 2.265 2.284 2.303 2.322 2.342 2.361 2.380 2.399 2.418 2.438 2.441 2.437 2.434 2.430 2.426 2.422 2.418 2.414 2.411 2.407 2.351 2.306 2.264 2.221 2.179 2.136 2.094 2.051 2.008 1.982 1.992 2.003 2.052 2.119 2.186 2.253 2.320 2.387 2.454 2.454 2.436 2.419 2.401 2.378 2.257 2.136 2.016 1.895 1.799 1.780
4.598 4.598 4.598 4.598 4.598 4.598 4.560 4.394 4.204 4.015 3.825 3.647 3.473 3.300 3.126 2.953 2.767 2.668 2.617 2.565 2.514 2.463 2.411 2.360 2.308 2.257 2.240 2.256 2.275 2.294 2.313 2.333 2.352 2.371 2.390 2.409 2.421 2.413 2.409 2.405 2.401 2.397 2.394 2.390 2.386 2.382 2.355 2.292 2.232 2.190 2.147 2.104 2.062 2.019 1.977 1.934 1.933 1.943 1.953 1.963 2.025 2.092 2.159 2.226 2.293 2.342 2.324 2.307 2.289 2.272 2.255 2.212 2.091 1.970 1.849 1.793 1.774
4.517 4.517 4.517 4.517 4.526 4.542 4.544 4.408 4.235 4.062 3.888 3.715 3.542 3.368 3.195 3.022 2.822 2.623 2.571 2.520 2.468 2.417 2.366 2.314 2.263 2.218 2.233 2.248 2.266 2.285 2.304 2.323 2.342 2.362 2.381 2.400 2.396 2.388 2.380 2.376 2.373 2.369 2.365 2.361 2.357 2.353 2.296 2.233 2.170 2.115 2.073 2.030 1.988 1.945 1.903 1.873 1.883 1.893 1.903 1.914 1.931 1.998 2.065 2.132 2.199 2.212 2.195 2.177 2.160 2.143 2.125 2.108 2.046 1.925 1.805 1.787 1.768
4.473 4.489 4.505 4.521 4.538 4.554 4.525 4.454 4.303 4.130 3.957 3.783 3.610 3.437 3.263 3.078 2.878 2.679 2.526 2.474 2.423 2.371 2.320 2.269 2.217 2.211 2.226 2.241 2.257 2.276 2.295 2.314 2.333 2.353 2.372 2.379 2.370 2.362 2.353 2.348 2.344 2.340 2.336 2.332 2.329 2.299 2.236 2.174 2.111 2.048 1.999 1.956 1.914 1.871 1.829 1.823 1.833 1.843 1.854 1.864 1.874 1.904 1.971 2.038 2.100 2.083 2.066 2.048 2.031 2.013 1.996 1.978 1.961 1.879 1.799 1.780 1.761
4.485 4.501 4.517 4.533 4.550 4.566 4.507 4.435 4.364 4.199 4.025 3.852 3.678 3.505 3.332 3.134 2.934 2.734 2.535 2.429 2.377 2.326 2.274 2.223 2.189 2.205 2.220 2.235 2.250 2.267 2.286 2.305 2.324 2.343 2.362 2.354 2.345 2.337 2.328 2.320 2.315 2.312 2.308 2.304 2.300 2.240 2.177 2.115 2.052 1.989 1.926 1.882 1.839 1.797 1.763 1.773 1.784 1.794 1.804 1.814 1.825 1.835 1.877 1.944 1.971 1.954 1.936 1.919 1.901 1.884 1.866 1.849 1.831 1.814 1.794 1.777 1.760
4.497 4.513 4.529 4.545 4.561 4.559 4.488 4.417 4.346 4.267 4.093 3.920 3.747 3.573 3.389 3.189 2.990 2.790 2.591 2.391 2.332 2.280 2.229 2.177 2.183 2.198 2.213 2.228 2.243 2.258 2.277 2.296 2.315 2.334 2.337 2.328 2.320 2.311 2.303 2.294 2.287 2.283 2.279 2.275 2.244 2.181 2.118 2.055 1.992 1.930 1.867 1.808 1.765 1.723 1.713 1.724 1.734 1.744 1.754 1.765 1.775 1.785 1.796 1.850 1.841 1.824 1.807 1.789 1.786 1.789 1.791 1.794 1.796 1.798 1.798 1.781 1.764
4.508 4.525 4.541 4.557 4.573 4.540 4.469 4.398 4.327 4.256 4.162 3.989 3.815 3.642 3.445 3.245 3.046 2.846 2.647 2.447 2.286 2.235 2.183 2.161 2.176 2.191 2.206 2.221 2.237 2.252 2.268 2.287 2.306 2.320 2.311 2.303 2.294 2.286 2.277 2.269 2.260 2.254 2.251 2.247 2.185 2.122 2.059 1.996 1.933 1.871 1.808 1.745 1.691 1.653 1.664 1.674 1.684 1.694 1.705 1.715 1.725 1.737 1.752 1.765 1.768 1.770 1.773 1.775 1.778 1.780 1.783 1.785 1.787 1.788 1.788 1.784 1.767
4.532 4.537 4.553 4.569 4.585 4.521 4.450 4.379 4.308 4.237 4.166 4.057 3.884 3.700 3.501 3.301 3.102 2.902 2.703 2.503 2.303 2.189 2.139 2.154 2.170 2.185 2.200 2.215 2.230 2.245 2.260 2.277 2.297 2.294 2.286 2.277 2.269 2.260 2.252 2.243 2.235 2.226 2.222 2.189 2.126 2.063 2.000 1.937 1.874 1.812 1.749 1.686 1.623 1.604 1.618 1.634 1.650 1.666 1.682 1.698 1.714 1.730 1.746 1.754 1.759 1.761 1.764 1.766 1.769 1.771 1.774 1.776 1.779 1.778 1.777 1.777 1.771
4.644 4.557 4.564 4.581 4.574 4.502 4.431 4.360 4.289 4.218 4.147 4.076 3.952 3.756 3.556 3.357 3.157 2.958 2.758 2.559 2.359 2.160 2.133 2.148 2.163 2.178 2.193 2.208 2.223 2.238 2.253 2.269 2.277 2.269 2.260 2.252 2.243 2.235 2.226 2.218 2.209 2.201 2.192 2.130 2.067 2.005 1.944 1.882 1.821 1.759 1.698 1.636 1.577 1.595 1.611 1.627 1.643 1.659 1.675 1.691 1.707 1.723 1.737 1.742 1.748 1.752 1.755 1.757 1.760 1.762 1.765 1.767 1.768 1.768 1.767 1.767 1.766
4.757 4.669 4.581 4.593 4.555 4.484 4.413 4.341 4.270 4.199 4.126 4.053 3.950 3.757 3.555 3.352 3.150 2.947 2.745 2.542 2.340 2.196 2.227 2.239 2.251 2.263 2.275 2.286 2.298 2.310 2.322 2.333 2.228 2.219 2.209 2.199 2.190 2.180 2.171 2.161 2.151 2.142 2.125 2.082 2.020 1.959 1.897 1.836 1.774 1.713 1.651 1.589 1.569 1.587 1.604 1.620 1.636 1.652 1.668 1.684 1.700 1.716 1.725 1.731 1.737 1.742 1.746 1.748 1.751 1.753 1.756 1.758 1.758 1.758 1.757 1.757 1.756
