includes/camargue/floodfiles/results_R2_t1.562608011066E12/res-0005.wdfp
ncols         906
nrows         631
xllcorner     362177.146667
yllcorner     6534725.688020
cellsize      20.000000
NODATA_value  -9999.000000
[rows 272 to 305 of 631, columns 693 to 769 of 906]
0.000 0.000 0.000 0.000 0.000 0.000 0.000 0.000 0.000 0.000 0.000 0.000 0.000 0.000 0.000 0.000 0.000 0.000 0.000 0.000 0.000 0.103 0.003 0.015 0.288 0.088 0.000 0.000 0.000 0.000 0.000 0.000 0.399 0.383 0.357 0.970 0.856 1.254 1.565 1.535 0.045 1.740 1.650 0.395 0.827 1.197 0.817 0.727 1.397 0.619 1.011 1.101 0.377 0.784 0.139 0.820 1.307 0.571 0.464 1.512 1.542 0.103 1.371 1.491 0.539 0.737 1.395 1.415 0.934 1.304 1.543 1.412 1.630 0.890 0.830 0.809 0.695
0.000 0.000 0.000 0.000 0.000 0.000 0.000 0.000 0.000 0.000 0.000 0.000 0.000 0.000 0.000 0.000 0.000 0.000 0.000 0.000 0.000 0.036 0.118 0.030 0.000 0.000 0.000 0.000 0.000 0.000 0.000 0.000 0.000 0.000 0.000 0.000 0.675 0.763 0.916 0.468 1.430 1.480 0.231 1.016 1.254 0.673 0.782 1.392 1.441 0.546 0.415 1.501 0.559 0.435 1.008 1.245 1.180 1.714 1.541 0.260 1.402 1.552 0.340 1.553 0.713 1.452 0.259 1.327 0.876 1.405 1.134 0.844 0.733 1.232 0.992 0.741 0.000
0.000 0.000 0.000 0.000 0.000 0.000 0.000 0.000 0.000 0.000 0.000 0.000 0.000 0.000 0.000 0.000 0.000 0.000 0.000 0.000 0.000 0.000 0.000 0.000 0.000 0.000 0.000 0.000 0.000 0.000 0.000 0.000 0.000 0.000 0.000 0.794 0.048 0.684 0.865 0.652 0.443 0.000 1.094 1.222 0.650 0.999 1.486 1.245 1.513 1.312 0.357 0.751 1.530 1.036 1.220 1.217 1.466 0.576 1.610 0.775 0.517 1.462 0.493 1.426 1.316 0.624 0.323 1.350 0.757 1.526 1.455 1.065 1.044 1.553 0.973 0.532 0.572
0.000 0.000 0.000 0.000 0.000 0.000 0.000 0.000 0.000 0.000 0.000 0.000 0.000 0.000 0.000 0.000 0.000 0.000 0.000 0.000 0.000 0.000 0.000 0.000 0.000 0.000 0.000 0.000 0.000 0.000 0.000 0.000 0.000 0.000 0.000 0.714 1.264 0.460 1.057 0.001 0.443 0.602 1.297 0.745 1.395 1.424 0.533 1.712 0.891 0.142 1.616 1.043 1.500 0.857 0.743 1.090 1.408 0.321 1.229 1.245 0.570 0.722 0.943 1.349 0.847 1.466 1.485 1.514 0.620 0.888 1.436 1.516 1.146 0.694 1.383 1.423 1.643
0.000 0.000 0.000 0.000 0.000 0.000 0.000 0.000 0.000 0.000 0.000 0.000 0.000 0.000 0.000 0.000 0.000 0.000 0.000 0.000 0.000 0.000 0.000 0.000 0.000 0.000 0.000 0.000 0.000 0.000 0.000 0.000 0.000 0.000 0.224 1.314 1.354 1.393 1.331 0.310 1.157 0.373 1.130 1.287 1.427 0.667 1.798 1.427 0.836 0.252 1.357 0.785 0.893 1.697 1.535 1.153 1.460 1.429 0.268 1.773 1.662 0.687 0.317 1.400 1.288 1.506 1.515 1.495 0.384 1.011 0.719 1.177 1.537 0.096 0.644 1.253 1.443
0.001 0.000 0.000 0.000 0.000 0.000 0.000 0.000 0.000 0.000 0.000 0.000 0.000 0.000 0.000 0.000 0.143 0.000 0.000 0.000 0.000 0.000 0.000 0.000 0.000 0.000 0.000 0.000 0.000 0.000 0.000 0.000 0.000 0.145 0.001 1.435 1.086 1.226 1.372 1.351 1.140 0.391 1.197 0.025 0.799 1.780 1.340 1.361 0.741 0.006 1.588 1.749 1.639 0.417 0.414 0.820 0.417 1.359 1.417 0.093 1.512 1.018 1.199 1.533 0.643 0.001 0.480 0.829 1.119 1.354 1.394 0.669 1.457 1.287 1.466 0.734 0.494
0.023 0.000 0.000 0.000 0.000 0.000 0.000 0.000 0.000 0.000 0.000 0.000 0.000 0.000 0.000 0.057 0.018 0.154 0.000 0.000 0.000 0.000 0.000 0.000 0.000 0.000 0.000 0.000 0.000 0.000 0.000 0.000 0.000 0.000 1.326 0.000 1.643 1.575 0.292 1.431 1.440 1.340 0.689 1.232 0.179 0.584 1.066 1.436 1.357 1.618 0.102 1.146 0.916 0.886 0.733 0.731 1.011 0.631 1.576 1.106 1.733 1.229 0.216 0.112 1.370 1.049 1.426 1.245 1.804 0.501 0.538 0.374 1.168 1.478 0.158 1.284 0.424
0.003 0.000 0.001 0.000 0.000 0.000 0.000 0.000 0.000 0.000 0.000 0.000 0.000 0.000 0.000 0.000 0.274 0.214 0.000 0.000 0.000 0.000 0.000 0.000 0.000 0.000 0.000 0.000 0.000 0.000 0.000 0.000 0.000 1.097 1.306 1.806 0.000 1.559 1.619 0.313 0.000 1.321 1.312 1.242 0.823 0.112 1.002 1.251 1.569 1.298 0.412 1.532 1.442 1.521 0.398 1.496 1.416 0.784 0.183 1.286 0.229 1.558 1.528 1.576 1.311 1.550 0.568 1.196 1.236 1.376 0.522 0.559 0.713 0.175 1.425 0.130 0.964
0.001 0.078 0.017 0.003 0.000 0.000 0.058 0.002 0.000 0.000 0.000 0.000 0.000 0.000 0.000 0.000 0.077 0.007 0.000 0.000 0.000 0.000 0.000 0.000 0.000 0.000 0.000 0.000 0.000 0.000 0.000 0.000 0.000 1.238 0.887 1.715 0.709 1.629 0.827 0.218 0.914 0.000 0.689 1.264 1.284 1.071 1.162 1.199 0.615 1.519 1.066 1.259 1.115 0.912 1.260 1.009 1.249 0.535 1.125 0.168 1.385 0.274 1.518 1.437 0.203 1.110 1.099 1.157 1.217 1.186 0.966 0.554 0.234 1.024 0.260 0.326 1.355
0.039 0.118 0.013 0.000 0.004 0.000 0.000 0.000 0.000 0.000 0.000 0.007 0.000 0.000 0.013 0.000 0.023 0.000 0.000 0.000 0.000 0.000 0.000 0.000 0.000 0.000 0.000 0.000 0.000 0.000 0.000 0.000 1.039 1.319 0.738 0.815 1.710 1.507 0.544 1.034 0.934 0.007 1.123 0.000 1.277 1.193 0.908 1.056 0.733 0.656 1.076 0.512 0.320 0.379 0.089 0.337 0.417 1.277 0.503 1.465 0.487 0.837 1.928 0.557 0.804 1.172 0.650 1.058 1.048 0.868 0.637 1.066 1.456 1.144 1.013 1.272 0.000
0.055 0.005 0.149 0.011 0.004 0.001 0.353 0.000 0.015 0.000 0.000 0.001 0.000 0.000 0.148 0.148 0.088 0.000 0.000 0.000 0.000 0.000 0.000 0.000 0.000 0.000 0.000 0.000 0.000 0.000 0.000 0.000 0.790 1.290 1.760 0.000 1.651 1.560 0.198 0.644 1.034 0.853 1.198 0.165 1.522 0.203 0.953 1.221 1.241 0.000 1.117 1.086 1.156 1.106 0.988 1.119 1.027 0.939 1.029 0.346 0.825 1.830 0.061 0.977 0.525 0.963 0.471 1.069 1.139 0.839 1.009 0.002 1.447 0.084 0.873 0.661 1.423
0.101 0.043 0.040 0.006 0.020 0.005 0.010 0.000 0.000 0.000 0.030 0.000 0.009 0.000 0.004 0.078 0.038 0.000 0.000 0.000 0.000 0.000 0.000 0.000 0.000 0.000 0.000 0.000 0.000 0.000 0.000 0.000 1.252 0.921 1.411 0.501 1.653 0.794 0.613 1.036 1.064 1.094 1.249 1.337 1.423 0.204 0.834 0.674 0.535 2.116 1.375 0.000 0.000 0.000 0.454 0.794 0.763 0.801 0.339 0.443 1.795 0.609 1.129 1.148 0.356 1.144 0.543 1.061 0.661 1.120 0.719 1.298 1.378 0.000 0.713 1.702 0.578
0.105 0.036 0.011 0.009 0.142 0.004 0.000 0.000 0.003 0.000 0.000 0.001 0.000 0.000 0.000 0.019 0.000 0.003 0.000 0.000 0.000 0.000 0.000 0.000 0.000 0.000 0.000 0.000 0.000 0.000 0.000 1.444 1.324 0.685 0.515 0.905 0.933 0.933 0.511 0.450 0.000 1.128 0.710 1.447 1.487 0.363 1.134 1.234 1.123 1.052 1.062 1.339 1.341 1.382 1.752 1.892 1.862 1.372 0.000 0.000 0.000 1.079 0.000 1.078 0.837 0.985 0.564 1.102 0.862 0.932 0.439 1.348 1.348 1.148 1.056 0.406 0.966
0.206 0.126 0.001 0.185 0.025 0.008 0.000 0.005 0.004 0.000 0.000 0.042 0.000 0.000 0.000 0.003 0.001 0.000 0.000 0.000 0.000 0.000 0.000 0.000 0.000 0.000 0.000 0.000 0.000 0.000 0.000 1.635 0.056 1.451 1.471 0.910 1.689 0.967 1.197 1.337 0.685 1.199 0.000 1.469 1.248 1.178 1.000 1.146 1.154 1.413 0.714 0.425 0.496 0.556 0.925 1.764 1.625 1.085 0.706 2.133 0.653 0.000 1.158 0.488 0.808 0.458 0.567 0.436 0.935 0.655 0.084 1.041 0.000 1.038 0.238 1.527 1.517
0.256 0.246 0.136 0.276 0.065 0.017 0.001 0.181 0.090 0.031 0.000 0.004 0.003 0.032 0.000 0.000 0.001 0.000 0.000 0.000 0.000 0.000 0.000 0.000 0.000 0.000 0.000 0.000 0.000 0.000 0.001 0.867 0.000 1.442 1.382 1.362 1.701 0.300 1.479 0.668 1.115 1.163 0.062 1.312 0.634 1.353 0.583 0.602 0.000 0.056 0.183 1.063 1.128 1.116 0.802 1.149 1.120 0.185 1.293 1.813 1.464 0.000 0.000 1.049 0.899 0.820 0.630 0.679 0.938 0.918 0.988 0.904 0.164 0.748 0.919 0.818 1.238
0.406 0.536 0.886 0.336 0.235 0.017 0.132 0.201 0.003 0.002 0.003 0.104 0.184 0.214 0.084 0.002 0.000 0.000 0.000 0.000 0.000 0.000 0.000 0.000 0.000 0.000 0.000 0.000 0.000 0.000 0.000 0.692 0.393 1.453 1.263 1.413 1.633 0.772 2.011 2.071 0.800 0.609 1.329 0.692 1.402 0.779 0.608 0.517 0.263 0.776 0.784 1.233 0.189 1.116 1.046 0.174 1.025 1.505 0.535 0.680 0.662 0.746 1.196 0.000 1.050 0.951 0.882 0.772 0.532 0.322 1.192 0.087 0.826 0.000 1.140 0.450 0.619
0.746 0.616 0.716 0.266 0.155 0.243 0.212 0.151 0.221 0.012 0.244 0.274 0.314 0.434 0.134 0.019 0.006 0.000 0.000 0.000 0.000 0.000 0.000 0.000 0.000 0.000 0.000 0.000 0.000 0.000 0.000 1.226 0.966 1.415 1.314 1.594 1.584 1.013 0.553 1.952 2.012 1.832 0.881 1.120 0.999 0.749 0.799 0.332 0.498 1.169 0.899 0.577 0.767 0.394 0.364 1.416 0.357 0.749 0.573 1.367 1.117 1.137 0.398 1.319 0.000 1.182 0.744 0.736 0.917 1.069 0.938 0.000 0.676 1.284 0.823 0.652 0.780
0.566 0.466 0.536 0.396 0.416 0.074 0.343 0.092 0.131 0.002 0.404 0.404 0.554 0.474 0.294 0.002 0.002 0.000 0.000 0.000 0.000 0.000 0.000 0.000 0.000 0.000 0.000 0.000 0.000 0.000 0.000 1.797 1.267 1.426 1.166 1.646 1.156 0.000 0.925 0.924 0.794 1.973 1.943 1.604 0.654 1.005 1.336 1.058 0.410 1.072 1.003 1.164 0.364 0.586 0.496 0.316 1.139 1.068 0.708 1.118 0.819 1.039 1.131 0.292 1.355 0.000 1.348 0.761 0.119 1.113 1.200 0.848 0.610 1.234 1.333 1.042 1.111
0.586 0.646 0.436 0.406 0.566 0.355 0.174 0.092 0.000 0.204 0.544 0.484 0.554 0.674 0.074 0.074 0.144 0.124 0.000 0.000 0.000 0.000 0.000 0.000 0.000 0.000 0.000 0.000 0.000 0.000 0.000 1.747 1.457 1.487 1.688 1.158 1.358 1.599 1.509 0.000 1.179 0.316 1.136 1.876 1.967 0.937 1.108 1.750 1.243 0.925 0.956 0.997 0.999 1.990 1.880 2.100 1.300 1.850 0.470 0.970 1.960 0.331 1.282 0.604 0.845 1.285 0.000 0.925 0.642 0.958 0.002 0.848 0.523 0.478 0.516 0.475 0.443
0.556 0.566 0.836 0.706 0.286 0.295 0.284 0.362 0.010 0.384 0.454 0.584 0.465 0.335 0.425 0.235 0.395 0.000 0.000 0.000 0.000 0.000 0.000 0.000 0.000 0.000 0.000 0.000 0.000 0.002 0.000 1.688 1.298 1.358 1.639 1.539 0.680 0.950 1.621 1.641 1.231 0.051 1.200 0.249 1.798 1.768 0.701 0.005 1.028 1.139 1.399 0.829 1.010 0.981 0.781 1.571 1.431 0.792 0.502 0.742 0.923 1.854 0.904 0.984 1.105 0.386 1.176 0.009 1.225 0.805 0.844 0.751 1.884 0.619 0.847 0.756 0.676
0.856 0.766 0.826 0.506 1.636 0.505 0.000 0.301 0.350 0.000 0.000 0.000 0.625 0.535 0.405 0.535 0.001 0.244 0.003 0.000 0.000 0.000 0.009 0.044 0.002 0.000 0.000 0.000 0.000 0.329 0.409 1.369 1.309 0.000 1.520 1.640 0.791 1.821 1.431 0.793 1.384 1.515 1.185 0.364 1.309 0.268 0.984 0.854 0.713 1.111 1.262 0.273 0.783 0.983 1.193 1.123 1.213 0.784 0.934 0.414 1.195 1.225 2.275 0.016 1.066 0.888 0.000 1.605 1.494 0.000 0.139 0.518 0.534 1.208 1.077 0.967 0.946
0.756 0.876 0.696 1.646 1.726 0.374 0.292 0.461 0.450 0.449 0.728 0.597 0.496 0.416 0.706 0.335 0.495 0.144 0.264 0.003 0.053 0.014 0.012 0.000 0.000 0.000 0.174 0.001 0.001 0.199 0.000 1.580 1.370 0.000 1.662 1.092 0.843 0.463 1.013 1.366 1.256 0.768 1.529 1.479 0.482 0.968 2.108 0.617 0.987 0.376 1.536 2.006 1.226 1.046 1.006 0.696 0.696 1.466 0.966 2.486 1.085 0.955 1.765 1.905 0.308 1.040 1.100 0.417 1.449 1.842 0.046 0.000 0.000 0.000 0.000 0.000 0.000
0.746 0.796 1.486 1.746 0.625 0.734 0.492 0.501 0.570 0.699 0.598 0.657 0.577 0.616 0.336 0.266 0.595 0.002 0.154 0.284 0.184 0.234 0.004 0.063 0.007 0.012 0.000 0.001 0.000 0.002 0.000 0.951 1.462 0.134 1.654 0.674 1.505 1.605 0.001 0.951 0.842 1.514 1.164 0.357 1.260 1.810 1.500 0.559 1.259 0.809 1.038 1.318 2.168 2.018 0.639 1.329 0.599 2.406 0.372 0.691 0.322 0.926 0.776 0.727 1.460 0.654 0.706 1.186 1.025 0.748 1.840 1.401 1.532 0.148 0.281 0.861 1.041
0.376 1.926 1.436 0.816 0.000 0.793 0.562 0.631 0.610 0.599 0.658 0.767 0.797 0.666 0.766 0.346 0.346 0.064 0.334 0.454 0.294 0.364 0.254 0.000 0.002 0.088 0.008 0.291 0.421 0.000 1.008 0.024 1.276 1.206 1.645 0.595 1.495 1.636 1.029 1.073 1.725 0.888 1.561 0.983 0.653 1.452 1.122 0.182 1.171 1.031 0.880 1.399 0.929 0.654 0.476 0.796 2.286 0.217 1.068 0.384 2.179 0.092 0.056 0.467 0.161 0.633 1.674 0.944 1.225 1.237 0.760 1.292 0.774 0.689 2.051 0.981 1.231
1.346 1.796 1.086 0.935 0.845 0.473 0.572 0.661 0.560 0.489 0.528 0.687 0.727 0.646 0.726 0.755 0.195 0.614 0.654 0.824 0.254 0.434 0.344 0.013 0.057 0.000 0.181 0.391 0.531 0.310 1.158 0.032 1.309 0.512 1.596 0.766 1.446 1.036 0.000 1.245 0.702 1.295 1.216 0.829 1.661 0.637 1.278 1.648 0.617 1.026 0.466 0.646 0.073 1.849 0.758 1.716 0.312 1.231 1.031 0.130 2.360 0.517 0.000 0.000 1.112 0.407 1.108 1.449 0.899 2.000 1.691 1.942 0.996 1.730 1.671 0.571 0.841
1.606 0.000 0.415 0.975 0.805 0.673 0.622 0.531 0.610 0.539 0.788 0.677 0.717 0.756 0.796 0.875 0.965 0.714 0.784 0.684 0.444 0.514 0.444 0.002 0.000 0.000 0.112 0.422 0.491 0.510 0.588 1.126 0.321 1.543 0.007 1.446 0.776 0.596 0.708 0.142 0.993 0.723 1.743 1.556 1.305 0.000 1.160 0.894 0.484 1.231 1.172 0.534 1.072 1.382 1.862 0.487 1.243 0.853 1.193 2.753 0.350 0.515 1.349 1.169 0.433 0.952 0.532 1.171 1.651 1.911 1.861 0.657 0.580 0.782 1.672 2.122 2.312
0.000 0.375 0.865 0.755 0.705 0.543 0.652 0.411 0.530 0.529 0.628 0.607 0.607 0.696 0.756 0.835 1.015 1.054 1.344 0.974 0.243 0.104 0.000 0.000 0.000 0.035 0.345 0.384 0.252 0.610 0.748 1.406 0.633 1.527 1.499 0.000 0.766 0.756 0.165 0.997 0.544 1.901 0.221 1.796 0.686 0.584 0.000 1.293 0.874 0.000 1.285 1.246 0.803 1.653 0.749 1.034 0.815 1.106 0.418 0.341 1.640 1.720 0.929 1.199 1.058 0.896 1.286 0.000 1.503 0.000 0.234 1.506 1.906 1.035 1.084 0.383 0.872
0.000 0.345 0.895 0.875 0.705 0.373 0.551 0.470 0.490 0.449 0.468 0.567 0.517 0.476 0.666 0.835 0.725 0.754 0.974 1.163 1.093 0.042 0.000 0.140 0.309 0.369 1.756 1.176 0.774 1.261 0.678 0.807 1.236 0.000 1.551 0.051 0.000 0.000 0.962 1.491 1.810 0.237 0.014 1.724 0.347 1.122 1.192 0.991 1.353 1.164 0.261 0.000 1.497 0.257 1.217 0.897 1.220 0.800 2.334 0.267 1.691 1.691 0.000 1.180 1.039 0.767 0.937 1.187 0.720 2.369 1.839 2.388 1.477 0.836 1.765 2.135 1.033
1.126 1.306 0.445 0.695 0.644 0.503 1.071 1.760 1.670 1.439 1.049 0.048 0.137 0.466 0.496 0.405 0.374 0.434 0.724 1.053 1.432 1.702 1.661 1.631 1.570 1.579 0.837 1.626 1.245 0.722 1.288 1.777 1.596 1.525 1.573 1.583 0.002 0.211 1.594 1.454 0.164 1.825 0.242 1.822 1.864 1.414 0.665 0.665 1.095 1.186 0.450 0.911 0.820 1.300 0.649 0.187 1.056 0.266 1.564 0.711 1.091 1.802 1.362 1.251 1.131 0.360 1.148 1.148 0.867 0.594 0.752 0.821 0.670 2.299 0.367 0.527 0.045
0.596 0.436 0.555 0.685 0.744 0.753 1.211 1.110 0.880 1.759 1.709 1.618 1.527 1.677 0.776 0.605 1.614 1.744 1.594 1.813 1.612 1.702 1.681 1.281 0.570 0.449 1.287 0.866 1.515 0.754 0.170 0.258 1.436 0.935 0.874 1.503 0.920 1.786 0.380 1.896 1.926 1.015 1.965 0.899 1.689 0.629 0.461 1.074 0.000 1.102 1.334 1.443 0.713 0.933 1.204 0.794 1.312 0.463 0.213 1.725 0.304 1.743 1.853 0.000 1.303 1.133 0.901 0.891 1.050 1.030 0.645 0.823 0.672 0.792 0.282 1.172 0.002
1.016 0.966 1.195 0.865 0.734 0.723 0.301 0.980 1.259 1.479 1.549 0.368 0.867 1.706 1.666 1.675 1.704 1.694 0.814 0.503 0.432 1.412 1.301 1.291 1.540 1.189 0.688 0.956 0.825 0.364 1.431 1.560 1.718 0.605 0.944 0.903 0.771 0.726 1.939 1.887 1.027 0.000 1.886 0.114 1.874 0.495 1.487 1.167 0.937 0.756 1.306 0.806 1.366 0.826 1.196 0.726 0.946 0.626 0.196 1.007 0.837 1.614 1.774 0.000 1.174 1.254 0.703 0.973 1.162 1.072 1.231 1.069 0.948 0.896 0.916 1.143 1.043
0.776 0.976 2.125 2.225 2.245 0.763 1.051 1.160 1.299 1.499 1.219 0.998 1.257 1.546 0.796 0.755 1.654 1.734 1.774 1.253 1.192 1.462 0.771 1.230 1.640 1.679 1.358 1.477 1.445 1.374 1.502 1.090 0.318 0.216 1.274 0.714 0.752 2.091 0.000 1.817 2.037 1.487 1.357 1.007 1.857 1.948 1.498 0.998 1.158 0.858 1.118 1.138 0.918 0.868 1.008 1.328 0.888 0.958 0.549 1.429 1.659 0.317 1.577 1.457 1.486 1.256 0.605 1.194 1.154 1.144 0.884 1.103 1.202 0.961 0.689 0.107 1.203
0.866 0.836 1.175 2.055 2.035 0.413 1.611 1.011 1.210 0.899 0.998 0.808 1.187 1.436 1.226 1.375 0.754 1.344 1.204 1.283 1.322 1.362 1.421 1.020 1.520 1.469 1.338 1.167 1.555 1.414 0.682 0.520 0.228 1.176 0.945 1.715 1.134 0.673 0.008 0.206 1.577 1.477 0.008 1.759 1.159 1.909 0.790 1.390 0.990 1.130 1.160 1.320 1.030 1.220 0.930 1.240 1.340 0.550 0.510 1.140 1.530 0.270 1.489 1.659 0.000 1.488 1.258 1.046 0.986 1.036 1.106 1.375 1.294 0.953 0.283 0.664 0.043
0.806 0.756 0.905 0.965 1.285 0.393 1.461 1.491 0.440 0.999 1.258 1.148 1.037 1.016 0.856 1.315 1.384 1.454 0.833 0.863 1.312 1.162 1.381 1.220 1.280 1.329 1.179 0.827 0.826 0.694 0.111 0.928 0.887 1.016 1.725 1.395 1.194 1.264 1.242 1.531 0.116 1.078 0.690 1.880 0.501 1.471 1.012 1.502 0.452 0.943 1.093 0.872 0.902 0.822 1.152 0.822 0.792 1.323 1.033 1.022 0.972 1.792 1.501 1.511 0.461 1.489 1.379 0.549 1.118 1.018 0.867 0.797 1.236 0.516 0.226 0.316 0.687
