includes/camargue/floodfiles/results_R2_t1.562608011066E12/res-0003.wd
ncols         906
nrows         631
xllcorner     362177.146667
yllcorner     6534725.688020
cellsize      20.000000
NODATA_value  -9999.000000
[rows 510 to 543 of 631, columns 154 to 230 of 906]
5.975 5.974 5.960 5.943 5.899 5.808 5.718 5.628 5.538 5.447 5.357 5.267 5.177 5.088 5.039 5.019 5.000 4.980 4.960 4.940 4.921 4.901 4.881 4.873 4.911 4.948 4.985 5.022 5.018 5.014 5.009 5.004 4.999 4.991 4.984 4.976 4.968 4.956 4.944 4.932 4.920 4.908 4.910 4.926 4.943 4.959 4.976 5.003 5.034 5.065 5.096 5.089 5.079 5.070 5.061 5.051 5.031 4.999 5.009 5.059 5.108 5.158 5.209 5.259 5.310 5.360 5.402 5.381 5.360 5.339 5.324 5.323 5.321 5.319 5.317 5.315 5.349
5.965 5.964 5.963 5.946 5.875 5.785 5.695 5.605 5.515 5.429 5.344 5.259 5.174 5.089 5.037 5.000 4.981 4.961 4.941 4.922 4.902 4.882 4.862 4.869 4.906 4.944 4.981 5.018 5.055 5.064 5.059 5.054 5.049 5.042 5.035 5.027 5.015 5.003 4.991 4.979 4.968 4.956 4.944 4.960 4.976 4.993 5.015 5.046 5.077 5.108 5.139 5.147 5.138 5.128 5.119 5.096 5.064 5.032 5.037 5.086 5.136 5.185 5.235 5.285 5.335 5.386 5.435 5.414 5.393 5.388 5.386 5.384 5.382 5.380 5.379 5.377 5.410
5.955 5.954 5.954 5.942 5.856 5.771 5.686 5.601 5.515 5.430 5.345 5.260 5.175 5.100 5.048 4.997 4.962 4.942 4.922 4.903 4.883 4.863 4.843 4.865 4.902 4.940 4.977 5.014 5.051 5.088 5.110 5.105 5.100 5.093 5.086 5.074 5.063 5.051 5.039 5.027 5.015 5.003 4.991 4.993 5.010 5.028 5.058 5.089 5.120 5.151 5.182 5.206 5.196 5.187 5.161 5.129 5.097 5.066 5.064 5.114 5.163 5.213 5.263 5.312 5.362 5.411 5.462 5.453 5.451 5.449 5.447 5.445 5.444 5.442 5.440 5.438 5.472
6.014 6.042 6.069 6.001 5.857 5.772 5.686 5.601 5.516 5.431 5.346 5.261 5.175 5.112 5.060 5.009 4.957 4.923 4.903 4.884 4.864 4.844 4.825 4.861 4.898 4.935 4.973 5.010 5.047 5.084 5.121 5.156 5.151 5.144 5.134 5.122 5.110 5.098 5.086 5.074 5.062 5.050 5.038 5.027 5.044 5.071 5.101 5.132 5.163 5.194 5.225 5.255 5.255 5.226 5.194 5.162 5.131 5.099 5.092 5.141 5.191 5.240 5.290 5.340 5.389 5.439 5.521 5.515 5.512 5.510 5.509 5.507 5.505 5.503 5.501 5.500 5.533
6.167 6.195 6.222 6.078 5.906 5.772 5.687 5.602 5.517 5.432 5.346 5.261 5.176 5.124 5.072 5.021 4.969 4.917 4.885 4.865 4.845 4.825 4.820 4.857 4.894 4.931 4.969 5.006 5.043 5.080 5.117 5.154 5.191 5.193 5.181 5.169 5.157 5.145 5.133 5.121 5.109 5.097 5.086 5.074 5.083 5.113 5.145 5.177 5.210 5.243 5.275 5.308 5.292 5.259 5.227 5.195 5.164 5.132 5.119 5.169 5.218 5.268 5.317 5.367 5.432 5.522 5.612 5.604 5.585 5.572 5.570 5.568 5.566 5.565 5.563 5.561 5.594
6.320 6.348 6.328 6.155 5.983 5.811 5.688 5.603 5.518 5.432 5.347 5.262 5.188 5.136 5.084 5.032 4.981 4.929 4.877 4.846 4.826 4.807 4.816 4.853 4.890 4.927 4.964 5.002 5.039 5.076 5.193 5.356 5.518 5.361 5.341 5.328 5.316 5.303 5.290 5.278 5.265 5.252 5.240 5.227 5.171 5.181 5.214 5.246 5.279 5.312 5.345 5.377 5.345 5.301 5.261 5.229 5.197 5.165 5.147 5.196 5.246 5.295 5.345 5.432 5.522 5.612 5.702 5.692 5.674 5.655 5.637 5.630 5.628 5.626 5.624 5.622 5.655
6.474 6.501 6.405 6.233 6.060 5.888 5.715 5.603 5.518 5.433 5.348 5.263 5.199 5.148 5.096 5.044 4.993 4.941 4.889 4.838 4.807 4.788 4.812 4.849 4.886 4.923 4.960 5.120 5.283 5.446 5.609 5.772 5.839 5.659 5.515 5.503 5.490 5.477 5.465 5.452 5.439 5.427 5.414 5.390 5.323 5.257 5.283 5.316 5.348 5.381 5.414 5.441 5.398 5.354 5.311 5.267 5.230 5.199 5.174 5.224 5.273 5.343 5.433 5.523 5.613 5.703 5.793 5.780 5.762 5.743 5.725 5.706 5.689 5.687 5.685 5.684 5.716
6.627 6.654 6.482 6.310 6.138 5.965 5.793 5.620 5.519 5.434 5.349 5.264 5.211 5.160 5.108 5.056 5.004 4.953 4.901 4.849 4.798 4.771 4.808 4.885 5.048 5.211 5.374 5.537 5.699 5.862 6.025 6.188 6.137 5.957 5.777 5.677 5.664 5.652 5.639 5.626 5.614 5.601 5.588 5.543 5.476 5.409 5.352 5.385 5.417 5.450 5.483 5.494 5.450 5.407 5.363 5.320 5.276 5.233 5.201 5.254 5.344 5.434 5.524 5.614 5.704 5.794 5.884 5.868 5.850 5.832 5.813 5.795 5.776 5.758 5.747 5.745 5.777
6.780 6.732 6.560 6.387 6.215 6.043 5.870 5.698 5.525 5.434 5.349 5.275 5.223 5.171 5.120 5.068 5.016 4.965 4.913 4.863 4.868 4.954 5.138 5.301 5.464 5.627 5.790 5.953 6.116 6.279 6.442 6.605 6.436 6.255 6.075 5.894 5.839 5.826 5.813 5.801 5.788 5.775 5.762 5.695 5.628 5.562 5.495 5.454 5.487 5.519 5.552 5.546 5.503 5.459 5.416 5.372 5.329 5.285 5.279 5.345 5.435 5.524 5.614 5.704 5.794 5.884 5.974 5.957 5.938 5.920 5.901 5.883 5.865 5.846 5.828 5.809 5.861
6.933 6.809 6.637 6.465 6.292 6.120 5.947 5.775 5.603 5.435 5.350 5.287 5.235 5.183 5.132 5.092 5.096 5.101 5.105 5.110 5.115 5.284 5.540 5.718 5.880 6.043 6.206 6.369 6.532 6.695 6.858 6.914 6.734 6.553 6.373 6.192 6.013 6.000 5.988 5.975 5.962 5.949 5.914 5.848 5.781 5.714 5.648 5.581 5.556 5.588 5.621 5.599 5.555 5.512 5.468 5.425 5.422 5.422 5.424 5.479 5.534 5.615 5.705 5.795 5.885 5.975 6.063 6.045 6.026 6.008 5.990 5.971 5.953 5.934 5.953 5.995 6.027
7.059 6.887 6.714 6.542 6.370 6.197 6.025 5.852 5.680 5.507 5.351 5.320 5.325 5.330 5.334 5.339 5.343 5.348 5.352 5.357 5.362 5.614 5.870 6.127 6.297 6.460 6.622 6.785 6.948 7.111 7.274 7.212 7.032 6.852 6.671 6.491 6.310 6.175 6.162 6.149 6.136 6.124 6.067 6.000 5.933 5.867 5.800 5.734 5.667 5.658 5.690 5.651 5.608 5.566 5.566 5.565 5.565 5.564 5.568 5.624 5.679 5.734 5.796 5.886 5.976 6.066 6.151 6.133 6.115 6.096 6.078 6.059 6.083 6.124 6.166 6.207 6.237
7.136 6.964 6.792 6.619 6.447 6.274 6.104 6.053 6.001 5.950 5.809 5.567 5.572 5.577 5.581 5.586 5.590 5.595 5.600 5.604 5.687 5.944 6.200 6.457 6.713 6.876 7.039 7.202 7.365 7.528 7.690 7.511 7.330 7.150 6.969 6.789 6.608 6.428 6.336 6.323 6.311 6.286 6.219 6.153 6.086 6.019 5.953 5.886 5.819 5.753 5.747 5.710 5.709 5.708 5.708 5.707 5.707 5.706 5.713 5.768 5.824 5.879 5.934 5.990 6.066 6.156 6.239 6.221 6.203 6.184 6.212 6.254 6.295 6.337 6.378 6.419 6.448
7.214 7.041 6.958 6.907 6.856 6.804 6.753 6.701 6.650 6.598 6.364 6.035 5.819 5.824 5.828 5.833 5.837 5.842 5.847 5.851 6.017 6.274 6.530 6.787 7.044 7.292 7.455 7.618 7.781 7.944 7.989 7.809 7.628 7.448 7.267 7.087 6.907 6.726 6.546 6.497 6.485 6.439 6.372 6.305 6.239 6.172 6.105 6.039 5.978 5.938 5.884 5.852 5.851 5.851 5.850 5.850 5.849 5.849 5.858 5.913 5.969 6.024 6.079 6.134 6.190 6.247 6.328 6.309 6.341 6.383 6.424 6.466 6.507 6.549 6.591 6.629 6.659
7.710 7.658 7.607 7.555 7.504 7.453 7.401 7.350 7.298 7.247 6.919 6.591 6.262 6.071 6.075 6.080 6.084 6.089 6.094 6.098 6.347 6.604 6.860 7.117 7.374 7.631 7.871 8.034 8.197 8.360 8.287 8.107 7.927 7.746 7.566 7.385 7.205 7.024 6.844 6.672 6.658 6.591 6.524 6.458 6.405 6.365 6.325 6.285 6.245 6.205 6.145 6.064 5.994 5.993 5.993 5.992 5.992 5.991 6.003 6.058 6.113 6.169 6.224 6.279 6.335 6.390 6.467 6.512 6.553 6.595 6.636 6.678 6.720 6.761 6.803 6.840 6.870
8.305 8.307 8.255 8.204 8.152 8.101 8.049 7.998 7.947 7.803 7.475 7.146 6.817 6.489 6.322 6.327 6.331 6.336 6.341 6.420 6.677 6.933 7.190 7.447 7.704 7.961 8.218 8.450 8.613 8.766 8.586 8.405 8.225 8.044 7.864 7.683 7.503 7.323 7.142 6.962 6.832 6.792 6.752 6.712 6.672 6.632 6.592 6.552 6.512 6.472 6.407 6.325 6.244 6.162 6.135 6.134 6.134 6.133 6.148 6.203 6.258 6.314 6.369 6.424 6.504 6.591 6.668 6.720 6.766 6.807 6.849 6.890 6.932 6.974 7.015 7.051 7.080
8.779 8.921 8.903 8.852 8.801 8.749 8.698 8.646 8.595 8.359 8.030 7.701 7.373 7.044 6.716 6.574 6.579 6.583 6.588 6.750 7.007 7.263 7.520 7.777 8.034 8.291 8.548 8.804 9.030 9.064 8.884 8.703 8.523 8.342 8.162 7.981 7.800 7.620 7.439 7.258 7.140 7.060 7.020 6.980 6.940 6.900 6.860 6.820 6.780 6.740 6.669 6.587 6.505 6.424 6.342 6.277 6.276 6.276 6.293 6.348 6.403 6.458 6.537 6.623 6.710 6.797 6.868 6.921 6.974 7.020 7.061 7.103 7.144 7.186 7.227 7.262 7.291
9.253 9.395 9.537 9.500 9.449 9.398 9.346 9.295 9.243 8.914 8.585 8.257 7.928 7.599 7.271 6.942 6.826 6.830 6.835 7.080 7.337 7.593 7.850 8.107 8.364 8.621 8.878 9.134 9.366 9.362 9.181 9.000 8.820 8.639 8.458 8.278 8.097 7.916 7.735 7.569 7.466 7.362 7.287 7.247 7.207 7.167 7.127 7.087 7.047 7.007 6.930 6.849 6.767 6.686 6.604 6.523 6.441 6.418 6.437 6.493 6.569 6.656 6.742 6.829 6.916 7.003 7.069 7.122 7.175 7.228 7.274 7.315 7.357 7.398 7.440 7.472 7.502
9.727 9.869 10.011 10.149 10.097 10.046 9.995 9.943 9.798 9.469 9.141 8.812 8.483 8.155 7.826 7.498 7.169 7.077 7.153 7.410 7.667 7.923 8.180 8.424 8.647 8.869 9.092 9.314 9.520 9.572 9.478 9.297 9.116 8.936 8.755 8.574 8.393 8.213 8.032 7.895 7.791 7.688 7.585 7.514 7.474 7.434 7.394 7.354 7.314 7.273 7.192 7.110 7.029 6.947 6.866 6.784 6.703 6.621 6.601 6.688 6.775 6.862 6.948 7.035 7.122 7.209 7.270 7.323 7.375 7.428 7.481 7.527 7.569 7.611 7.652 7.683 7.713
10.201 10.343 10.485 10.626 10.746 10.694 10.643 10.592 10.353 10.024 9.696 9.367 9.039 8.710 8.381 8.053 7.724 7.396 7.482 7.705 7.928 8.150 8.373 8.595 8.818 9.040 9.263 9.485 9.628 9.680 9.732 9.594 9.413 9.232 9.052 8.871 8.690 8.509 8.329 8.221 8.117 8.014 7.911 7.807 7.741 7.701 7.661 7.621 7.581 7.535 7.453 7.372 7.290 7.209 7.127 7.046 6.964 6.884 6.834 6.906 6.981 7.068 7.155 7.241 7.328 7.415 7.471 7.523 7.576 7.629 7.682 7.735 7.781 7.823 7.864 7.894 7.923
10.675 10.817 10.959 11.100 11.242 11.343 11.291 11.237 10.908 10.580 10.251 9.923 9.594 9.265 8.917 8.501 8.086 7.670 7.674 7.876 8.099 8.321 8.544 8.766 8.989 9.211 9.434 9.656 9.735 9.787 9.839 9.890 9.709 9.529 9.348 9.167 8.987 8.806 8.650 8.547 8.443 8.340 8.236 8.133 8.030 7.968 7.929 7.888 7.848 7.796 7.715 7.633 7.552 7.470 7.389 7.308 7.227 7.146 7.071 7.142 7.214 7.286 7.361 7.448 7.534 7.618 7.671 7.724 7.777 7.830 7.883 7.936 7.988 8.035 8.075 8.105 8.134
11.149 11.291 11.433 11.574 11.716 11.858 11.940 11.792 11.464 11.135 10.774 10.358 9.943 9.527 9.111 8.696 8.280 7.981 8.014 8.047 8.270 8.492 8.715 8.937 9.160 9.382 9.605 9.791 9.843 9.895 9.947 9.999 10.006 9.825 9.645 9.464 9.283 9.103 8.976 8.872 8.769 8.666 8.562 8.459 8.356 8.252 8.196 8.156 8.116 8.058 7.976 7.895 7.813 7.732 7.651 7.570 7.490 7.409 7.328 7.379 7.450 7.522 7.594 7.665 7.740 7.819 7.872 7.925 7.978 8.031 8.083 8.136 8.189 8.242 8.286 8.310 8.333
11.623 11.765 11.907 12.048 12.190 12.332 12.402 12.215 11.800 11.384 10.968 10.553 10.137 9.721 9.306 8.890 8.474 8.321 8.354 8.386 8.441 8.663 8.886 9.108 9.331 9.553 9.776 9.898 9.950 10.002 10.055 10.107 10.159 10.122 9.941 9.761 9.580 9.405 9.302 9.198 9.095 8.991 8.888 8.785 8.681 8.578 8.475 8.423 8.383 8.319 8.238 8.157 8.075 7.995 7.914 7.833 7.752 7.671 7.591 7.615 7.687 7.758 7.830 7.901 7.973 8.070 8.126 8.181 8.237 8.292 8.348 8.403 8.459 8.505 8.494 8.507 8.530
12.097 12.239 12.374 12.341 12.307 12.274 12.240 12.186 11.994 11.578 11.163 10.747 10.331 9.916 9.500 9.084 8.669 8.660 8.693 8.726 8.759 8.834 9.057 9.279 9.502 9.724 9.947 10.006 10.058 10.110 10.162 10.214 10.266 10.318 10.238 10.057 9.876 9.731 9.627 9.524 9.421 9.317 9.214 9.111 9.007 8.904 8.801 8.697 8.650 8.581 8.500 8.419 8.338 8.257 8.176 8.096 8.015 7.934 7.853 7.852 7.923 7.995 8.066 8.138 8.240 8.348 8.420 8.475 8.530 8.586 8.642 8.697 8.740 8.720 8.709 8.720 8.731
12.279 12.246 12.212 12.179 12.146 12.112 12.075 12.019 11.962 11.773 11.357 10.941 10.526 10.110 9.694 9.279 8.967 9.000 9.033 9.066 9.098 9.131 9.228 9.450 9.673 9.895 10.061 10.113 10.165 10.217 10.270 10.322 10.374 10.426 10.478 10.354 10.173 10.057 9.953 9.850 9.746 9.643 9.540 9.437 9.333 9.230 9.127 9.023 8.920 8.843 8.762 8.682 8.601 8.520 8.439 8.358 8.278 8.197 8.116 8.088 8.159 8.231 8.303 8.405 8.513 8.621 8.713 8.769 8.824 8.880 8.935 8.976 8.956 8.936 8.924 8.935 8.946
12.117 12.084 12.051 12.017 11.984 11.950 11.907 11.851 11.795 11.738 11.551 11.136 10.720 10.304 9.889 9.473 9.307 9.340 9.373 9.405 9.438 9.471 9.504 9.621 9.844 10.066 10.169 10.221 10.273 10.325 10.377 10.429 10.481 10.534 10.586 10.638 10.486 10.382 10.279 10.176 10.072 9.960 9.821 9.682 9.543 9.404 9.265 9.126 9.023 8.989 8.955 8.921 8.863 8.783 8.702 8.621 8.540 8.459 8.379 8.324 8.396 8.467 8.569 8.677 8.786 8.894 9.003 9.062 9.118 9.174 9.211 9.191 9.171 9.151 9.139 9.150 9.161
11.956 11.922 11.889 11.855 11.822 11.789 11.740 11.684 11.627 11.571 11.514 11.330 10.914 10.499 10.083 9.667 9.647 9.680 9.712 9.745 9.778 9.811 9.843 9.876 10.015 10.224 10.276 10.329 10.381 10.433 10.485 10.537 10.589 10.638 10.667 10.697 10.682 10.543 10.404 10.265 10.126 9.987 9.848 9.709 9.570 9.431 9.292 9.153 9.109 9.074 9.040 9.006 8.972 8.938 8.905 8.871 8.803 8.722 8.641 8.561 8.632 8.733 8.842 8.950 9.059 9.167 9.276 9.356 9.412 9.446 9.426 9.406 9.386 9.366 9.354 9.365 9.376
11.794 11.760 11.727 11.694 11.660 11.627 11.573 11.516 11.460 11.403 11.347 11.290 11.109 10.693 10.277 9.954 9.986 10.019 10.052 10.085 10.118 10.150 10.183 10.216 10.248 10.332 10.378 10.408 10.437 10.467 10.496 10.526 10.555 10.585 10.615 10.641 10.642 10.570 10.431 10.292 10.153 10.014 9.875 9.736 9.597 9.458 9.318 9.229 9.194 9.159 9.125 9.091 9.057 9.023 8.989 8.956 8.922 8.888 8.854 8.820 8.898 9.006 9.115 9.223 9.332 9.440 9.548 9.650 9.681 9.661 9.641 9.621 9.601 9.581 9.569 9.580 9.591
11.632 11.599 11.565 11.532 11.499 11.461 11.405 11.348 11.292 11.236 11.179 11.123 11.066 10.887 10.472 10.293 10.326 10.359 10.392 10.424 10.457 10.479 10.488 10.497 10.505 10.322 10.325 10.355 10.385 10.414 10.444 10.473 10.503 10.532 10.562 10.575 10.576 10.576 10.458 10.319 10.180 10.040 9.901 9.762 9.623 9.484 9.350 9.314 9.280 9.245 9.210 9.176 9.142 9.108 9.074 9.041 9.007 8.973 8.939 8.955 9.040 9.158 9.276 9.394 9.512 9.630 9.748 9.862 9.896 9.876 9.856 9.836 9.816 9.797 9.784 9.795 9.806
11.470 11.437 11.404 11.370 11.337 11.294 11.237 11.181 11.124 11.068 11.012 10.955 10.899 10.842 10.666 10.633 10.660 10.669 10.678 10.686 10.695 10.704 10.713 10.722 10.677 10.458 10.273 10.302 10.332 10.361 10.391 10.420 10.450 10.480 10.508 10.508 10.509 10.510 10.484 10.345 10.206 10.067 9.928 9.789 9.650 9.511 9.435 9.400 9.365 9.330 9.295 9.261 9.227 9.193 9.159 9.125 9.092 9.058 9.039 9.112 9.185 9.287 9.405 9.523 9.641 9.760 9.878 9.970 10.031 10.091 10.071 10.051 10.032 10.012 9.999 10.010 10.021
11.155 11.275 11.242 11.209 11.175 11.126 11.070 11.013 10.957 10.901 10.844 10.788 10.735 10.708 10.719 10.876 10.885 10.894 10.903 10.912 10.921 10.929 10.938 10.947 10.813 10.593 10.374 10.249 10.279 10.309 10.338 10.368 10.397 10.427 10.441 10.442 10.443 10.443 10.444 10.372 10.233 10.094 9.955 9.816 9.677 9.555 9.520 9.485 9.450 9.415 9.380 9.346 9.312 9.278 9.244 9.210 9.176 9.143 9.195 9.268 9.341 9.417 9.535 9.653 9.771 9.889 10.007 10.078 10.139 10.200 10.261 10.267 10.247 10.227 10.214 10.225 10.236
10.693 10.894 11.080 11.047 11.013 10.959 10.902 10.846 10.790 10.748 10.721 10.693 10.666 10.638 10.722 10.968 11.110 11.119 11.128 11.137 11.146 11.155 11.164 11.168 10.948 10.729 10.509 10.289 10.226 10.256 10.285 10.315 10.345 10.374 10.375 10.376 10.376 10.377 10.378 10.379 10.260 10.121 9.982 9.843 9.704 9.641 9.606 9.571 9.536 9.501 9.466 9.431 9.397 9.363 9.329 9.295 9.261 9.278 9.351 9.424 9.497 9.570 9.665 9.783 9.901 10.019 10.125 10.186 10.247 10.308 10.369 10.431 10.462 10.442 10.429 10.440 10.451
10.232 10.433 10.634 10.834 10.848 10.791 10.762 10.734 10.707 10.679 10.652 10.624 10.597 10.569 10.726 10.971 11.217 11.345 11.353 11.362 11.371 11.380 11.389 11.303 11.083 10.864 10.644 10.425 10.205 10.203 10.233 10.262 10.292 10.308 10.309 10.309 10.310 10.311 10.311 10.312 10.287 10.148 10.009 9.870 9.761 9.726 9.691 9.656 9.621 9.586 9.551 9.516 9.482 9.448 9.414 9.380 9.361 9.434 9.507 9.580 9.653 9.726 9.799 9.912 10.030 10.148 10.234 10.295 10.356 10.417 10.478 10.539 10.600 10.657 10.644 10.655 10.611
9.770 9.971 10.172 10.482 10.699 10.720 10.692 10.665 10.637 10.610 10.582 10.555 10.528 10.500 10.729 10.975 11.220 11.466 11.579 11.588 11.597 11.605 11.614 11.438 11.219 10.999 10.780 10.560 10.340 10.151 10.180 10.210 10.239 10.241 10.242 10.243 10.244 10.244 10.245 10.246 10.246 10.175 10.036 9.897 9.847 9.812 9.777 9.742 9.707 9.672 9.637 9.602 9.567 9.533 9.499 9.465 9.517 9.590 9.663 9.736 9.809 9.882 9.955 10.042 10.160 10.278 10.342 10.403 10.464 10.525 10.586 10.647 10.708 10.732 10.749 10.716 10.654
9.403 9.714 10.025 10.336 10.499 10.585 10.623 10.596 10.568 10.541 10.513 10.486 10.458 10.487 10.733 10.978 11.224 11.469 11.715 11.813 11.822 11.831 11.793 11.574 11.354 11.135 10.915 10.695 10.476 10.256 10.127 10.157 10.174 10.175 10.176 10.176 10.177 10.178 10.179 10.179 10.180 10.181 10.062 9.967 9.932 9.897 9.862 9.827 9.792 9.757 9.722 9.687 9.652 9.617 9.584 9.600 9.673 9.746 9.819 9.892 9.965 10.038 10.111 10.184 10.289 10.389 10.450 10.511 10.572 10.633 10.629 10.619 10.610 10.601 10.637 10.712 10.698
