includes/camargue/floodfiles/results_R2_t1.562608011066E12/res-0009.wdfp
ncols         906
nrows         631
xllcorner     362177.146667
yllcorner     6534725.688020
cellsize      20.000000
NODATA_value  -9999.000000
[rows 272 to 305 of 631, columns 693 to 769 of 906]
0.000 0.000 0.000 0.000 0.000 0.000 0.000 0.000 0.000 0.000 0.000 0.000 0.000 0.000 0.000 0.000 0.000 0.000 0.000 0.090 0.020 0.110 0.000 0.000 0.062 0.000 0.000 0.000 0.000 0.000 0.000 0.000 0.025 0.002 0.000 0.535 0.415 0.805 1.115 1.085 0.000 1.270 1.180 0.000 0.352 0.723 0.343 0.253 0.924 0.151 0.549 0.638 0.000 0.329 0.000 0.361 0.851 0.119 0.018 1.073 1.103 0.000 0.949 1.069 0.119 0.319 0.979 0.999 0.519 0.889 1.129 0.999 1.219 0.479 0.419 0.399 0.289
0.000 0.000 0.000 0.000 0.000 0.000 0.000 0.000 0.000 0.000 0.000 0.000 0.000 0.000 0.000 0.000 0.000 0.000 0.000 0.000 0.000 0.002 0.072 0.000 0.000 0.000 0.000 0.000 0.000 0.000 0.000 0.000 0.000 0.000 0.000 0.000 0.225 0.306 0.456 0.008 0.960 1.010 0.000 0.534 0.774 0.194 0.304 0.914 0.964 0.073 0.000 1.038 0.093 0.000 0.542 0.782 0.721 1.260 1.089 0.000 0.963 1.113 0.000 1.130 0.290 1.030 0.000 0.910 0.459 0.989 0.719 0.429 0.319 0.820 0.580 0.329 0.000
0.000 0.000 0.000 0.000 0.000 0.000 0.000 0.000 0.000 0.000 0.000 0.000 0.000 0.000 0.000 0.000 0.000 0.000 0.000 0.000 0.000 0.000 0.000 0.000 0.000 0.000 0.000 0.000 0.000 0.000 0.000 0.000 0.000 0.000 0.000 0.276 0.000 0.208 0.389 0.179 0.000 0.000 0.604 0.734 0.164 0.514 1.004 0.764 1.034 0.834 0.000 0.280 1.057 0.564 0.752 0.752 1.002 0.120 1.159 0.328 0.075 1.023 0.061 1.000 0.890 0.200 0.000 0.930 0.340 1.110 1.040 0.650 0.630 1.140 0.560 0.120 0.161
0.000 0.000 0.000 0.000 0.000 0.000 0.000 0.000 0.000 0.000 0.000 0.000 0.000 0.000 0.000 0.000 0.000 0.000 0.000 0.000 0.000 0.000 0.000 0.000 0.000 0.000 0.000 0.000 0.000 0.000 0.000 0.000 0.000 0.000 0.000 0.196 0.746 0.000 0.554 0.000 0.000 0.104 0.804 0.254 0.904 0.934 0.045 1.225 0.404 0.000 1.139 0.568 1.027 0.384 0.273 0.622 0.942 0.000 0.779 0.798 0.126 0.283 0.511 0.921 0.420 1.040 1.060 1.090 0.200 0.470 1.020 1.100 0.730 0.280 0.971 1.011 1.231
0.000 0.000 0.000 0.000 0.000 0.000 0.000 0.000 0.000 0.000 0.000 0.000 0.000 0.000 0.000 0.000 0.000 0.000 0.000 0.000 0.000 0.000 0.000 0.000 0.000 0.000 0.000 0.000 0.000 0.000 0.000 0.000 0.000 0.000 0.000 0.796 0.836 0.875 0.815 0.000 0.644 0.000 0.634 0.794 0.934 0.175 1.305 0.935 0.345 0.000 0.879 0.309 0.417 1.224 1.063 0.682 0.992 0.961 0.000 1.327 1.217 0.246 0.000 0.971 0.861 1.080 1.090 1.070 0.000 0.591 0.301 0.760 1.120 0.000 0.231 0.841 1.031
0.000 0.000 0.000 0.000 0.000 0.000 0.000 0.000 0.000 0.000 0.000 0.000 0.000 0.000 0.000 0.000 0.442 0.000 0.000 0.000 0.000 0.000 0.000 0.000 0.000 0.000 0.000 0.000 0.000 0.000 0.000 0.000 0.000 0.141 0.000 0.916 0.566 0.706 0.855 0.835 0.624 0.000 0.694 0.000 0.305 1.285 0.845 0.865 0.245 0.000 1.109 1.269 1.159 0.000 0.000 0.344 0.000 0.891 0.951 0.000 1.067 0.576 0.763 1.101 0.212 0.000 0.053 0.403 0.693 0.932 0.972 0.250 1.040 0.870 1.050 0.320 0.081
0.001 0.000 0.000 0.000 0.000 0.000 0.000 0.000 0.000 0.000 0.000 0.000 0.000 0.000 0.000 0.087 0.007 0.129 0.000 0.000 0.000 0.000 0.000 0.000 0.000 0.000 0.000 0.000 0.000 0.000 0.000 0.000 0.000 0.000 0.761 0.000 1.116 1.047 0.000 0.914 0.924 0.824 0.172 0.712 0.000 0.085 0.565 0.935 0.855 1.115 0.000 0.661 0.431 0.401 0.250 0.249 0.529 0.155 1.110 0.649 1.287 0.786 0.000 0.000 0.935 0.615 0.995 0.815 1.374 0.074 0.113 0.000 0.750 1.060 0.000 0.870 0.012
0.000 0.000 0.000 0.000 0.000 0.000 0.000 0.000 0.000 0.000 0.000 0.000 0.000 0.000 0.000 0.000 0.249 0.189 0.000 0.000 0.000 0.000 0.000 0.000 0.000 0.000 0.000 0.000 0.000 0.000 0.000 0.000 0.000 0.531 0.741 1.241 0.000 1.017 1.077 0.000 0.000 0.803 0.793 0.722 0.302 0.000 0.496 0.746 1.065 0.795 0.000 1.042 0.952 1.032 0.000 1.010 0.930 0.299 0.000 0.829 0.000 1.116 1.086 1.135 0.875 1.115 0.135 0.765 0.805 0.945 0.094 0.133 0.290 0.000 1.172 0.000 0.551
0.000 0.035 0.000 0.000 0.000 0.000 0.058 0.000 0.000 0.000 0.000 0.000 0.000 0.000 0.000 0.000 0.049 0.000 0.000 0.000 0.000 0.000 0.000 0.000 0.000 0.000 0.000 0.000 0.000 0.000 0.000 0.000 0.000 0.671 0.321 1.151 0.149 1.078 0.278 0.000 0.354 0.000 0.163 0.742 0.762 0.551 0.648 0.687 0.106 1.015 0.563 0.763 0.622 0.422 0.770 0.520 0.760 0.049 0.640 0.000 0.930 0.000 1.076 0.996 0.000 0.675 0.665 0.725 0.785 0.755 0.535 0.125 0.000 0.596 0.000 0.000 0.941
0.002 0.075 0.000 0.000 0.000 0.000 0.000 0.000 0.000 0.000 0.000 0.007 0.000 0.000 0.000 0.000 0.003 0.000 0.000 0.000 0.000 0.000 0.000 0.000 0.000 0.000 0.000 0.000 0.000 0.000 0.000 0.000 0.471 0.751 0.171 0.250 1.149 0.949 0.002 0.474 0.374 0.000 0.574 0.000 0.752 0.671 0.388 0.538 0.218 0.146 0.566 0.009 0.000 0.000 0.000 0.000 0.000 0.781 0.017 0.984 0.030 0.386 1.486 0.116 0.365 0.735 0.215 0.625 0.615 0.435 0.205 0.636 1.026 0.716 0.586 0.846 0.000
0.002 0.000 0.103 0.000 0.000 0.000 0.342 0.000 0.015 0.000 0.000 0.000 0.000 0.000 0.117 0.117 0.057 0.000 0.000 0.000 0.000 0.000 0.000 0.000 0.000 0.000 0.000 0.000 0.000 0.000 0.000 0.000 0.221 0.721 1.191 0.000 1.089 0.999 0.000 0.084 0.474 0.294 0.644 0.000 0.983 0.000 0.428 0.698 0.718 0.000 0.599 0.569 0.640 0.590 0.470 0.601 0.511 0.431 0.531 0.000 0.366 1.376 0.000 0.536 0.085 0.525 0.035 0.635 0.705 0.405 0.575 0.000 1.016 0.000 0.446 0.235 1.003
0.005 0.001 0.001 0.000 0.001 0.000 0.001 0.000 0.000 0.000 0.030 0.000 0.009 0.000 0.000 0.047 0.007 0.000 0.000 0.000 0.000 0.000 0.000 0.000 0.000 0.000 0.000 0.000 0.000 0.000 0.000 0.000 0.681 0.351 0.841 0.000 1.089 0.231 0.048 0.474 0.504 0.534 0.694 0.783 0.873 0.000 0.300 0.140 0.004 1.580 0.840 0.000 0.000 0.000 0.000 0.262 0.232 0.272 0.000 0.001 1.336 0.156 0.686 0.706 0.000 0.706 0.106 0.625 0.225 0.685 0.285 0.866 0.946 0.000 0.286 1.275 0.155
0.003 0.000 0.000 0.000 0.104 0.000 0.000 0.000 0.000 0.000 0.000 0.000 0.000 0.000 0.000 0.000 0.000 0.001 0.000 0.000 0.000 0.000 0.000 0.000 0.000 0.000 0.000 0.000 0.000 0.000 0.000 0.871 0.751 0.113 0.000 0.338 0.366 0.367 0.000 0.000 0.000 0.565 0.154 0.893 0.933 0.000 0.591 0.691 0.581 0.511 0.521 0.792 0.792 0.832 1.202 1.342 1.312 0.822 0.000 0.000 0.000 0.626 0.000 0.636 0.396 0.546 0.126 0.665 0.426 0.496 0.008 0.916 0.916 0.716 0.626 0.000 0.537
0.002 0.000 0.000 0.001 0.000 0.000 0.000 0.000 0.000 0.000 0.000 0.032 0.000 0.000 0.000 0.000 0.000 0.000 0.000 0.000 0.000 0.000 0.000 0.000 0.000 0.000 0.000 0.000 0.000 0.000 0.000 1.061 0.000 0.879 0.899 0.339 1.119 0.398 0.628 0.768 0.110 0.626 0.000 0.913 0.693 0.623 0.451 0.601 0.611 0.871 0.171 0.000 0.000 0.007 0.372 1.212 1.072 0.532 0.130 1.551 0.071 0.000 0.717 0.047 0.367 0.017 0.127 0.003 0.496 0.216 0.000 0.606 0.000 0.606 0.000 1.097 1.087
0.001 0.000 0.000 0.002 0.000 0.000 0.000 0.040 0.000 0.000 0.000 0.000 0.000 0.000 0.000 0.000 0.000 0.000 0.000 0.000 0.000 0.000 0.000 0.000 0.000 0.000 0.000 0.000 0.000 0.000 0.000 0.291 0.000 0.869 0.809 0.789 1.129 0.000 0.909 0.098 0.538 0.587 0.000 0.753 0.075 0.793 0.026 0.043 0.000 0.000 0.000 0.496 0.566 0.555 0.244 0.592 0.562 0.000 0.711 1.231 0.881 0.000 0.000 0.607 0.457 0.377 0.187 0.237 0.497 0.477 0.547 0.467 0.000 0.317 0.487 0.387 0.807
0.001 0.000 0.290 0.001 0.000 0.000 0.000 0.060 0.000 0.000 0.000 0.000 0.000 0.000 0.000 0.000 0.000 0.000 0.000 0.000 0.000 0.000 0.000 0.000 0.000 0.000 0.000 0.000 0.000 0.000 0.000 0.116 0.000 0.879 0.689 0.839 1.059 0.199 1.439 1.499 0.227 0.037 0.759 0.127 0.837 0.214 0.045 0.000 0.000 0.197 0.206 0.657 0.000 0.555 0.485 0.000 0.453 0.923 0.000 0.096 0.077 0.159 0.609 0.000 0.608 0.508 0.438 0.328 0.088 0.000 0.748 0.000 0.388 0.000 0.707 0.017 0.187
0.131 0.016 0.120 0.000 0.000 0.083 0.053 0.008 0.079 0.000 0.000 0.000 0.000 0.002 0.000 0.000 0.000 0.000 0.000 0.000 0.000 0.000 0.000 0.000 0.000 0.000 0.000 0.000 0.000 0.000 0.000 0.649 0.389 0.839 0.739 1.019 1.009 0.439 0.000 1.379 1.439 1.259 0.309 0.549 0.428 0.178 0.229 0.000 0.000 0.589 0.319 0.005 0.199 0.000 0.000 1.052 0.000 0.162 0.002 0.779 0.529 0.549 0.000 0.922 0.000 0.738 0.298 0.288 0.469 0.620 0.489 0.000 0.238 0.847 0.387 0.217 0.347
0.000 0.000 0.001 0.000 0.019 0.000 0.183 0.000 0.002 0.000 0.000 0.000 0.106 0.026 0.000 0.000 0.000 0.000 0.000 0.000 0.000 0.000 0.000 0.000 0.000 0.000 0.000 0.000 0.000 0.000 0.000 1.219 0.689 0.849 0.589 1.069 0.579 0.000 0.349 0.349 0.219 1.399 1.369 1.029 0.079 0.429 0.759 0.479 0.000 0.489 0.419 0.579 0.000 0.008 0.000 0.000 0.549 0.479 0.119 0.529 0.229 0.449 0.539 0.000 0.759 0.000 0.898 0.308 0.000 0.660 0.750 0.400 0.168 0.797 0.897 0.607 0.677
0.006 0.068 0.000 0.003 0.169 0.005 0.003 0.000 0.000 0.000 0.096 0.036 0.106 0.226 0.000 0.000 0.000 0.000 0.000 0.000 0.000 0.000 0.000 0.000 0.000 0.000 0.000 0.000 0.000 0.000 0.000 1.169 0.879 0.909 1.109 0.579 0.779 1.020 0.930 0.000 0.600 0.000 0.559 1.299 1.389 0.359 0.529 1.169 0.659 0.339 0.369 0.409 0.409 1.399 1.289 1.509 0.709 1.259 0.000 0.379 1.369 0.000 0.689 0.010 0.249 0.689 0.000 0.459 0.154 0.482 0.000 0.401 0.081 0.040 0.080 0.040 0.011
0.000 0.000 0.220 0.090 0.000 0.001 0.004 0.066 0.000 0.000 0.006 0.136 0.013 0.000 0.023 0.000 0.162 0.000 0.000 0.000 0.000 0.000 0.000 0.000 0.000 0.000 0.000 0.000 0.000 0.000 0.000 1.109 0.719 0.779 1.059 0.959 0.100 0.370 1.040 1.060 0.650 0.000 0.620 0.000 1.219 1.189 0.122 0.000 0.439 0.549 0.809 0.239 0.419 0.389 0.189 0.979 0.839 0.199 0.000 0.149 0.329 1.259 0.309 0.389 0.509 0.000 0.792 0.000 0.687 0.316 0.374 0.302 1.442 0.182 0.412 0.322 0.242
0.240 0.150 0.210 0.000 1.020 0.002 0.000 0.001 0.001 0.000 0.000 0.000 0.149 0.059 0.001 0.133 0.000 0.102 0.000 0.000 0.000 0.000 0.000 0.031 0.000 0.000 0.000 0.000 0.000 0.000 0.000 0.789 0.729 0.000 0.939 1.059 0.210 1.240 0.850 0.210 0.801 0.931 0.601 0.000 0.729 0.000 0.402 0.271 0.122 0.519 0.669 0.000 0.189 0.389 0.599 0.529 0.619 0.189 0.339 0.000 0.599 0.629 1.679 0.000 0.469 0.288 0.000 1.018 0.908 0.000 0.000 0.072 0.092 0.772 0.642 0.532 0.512
0.140 0.260 0.080 1.030 1.110 0.000 0.000 0.003 0.000 0.000 0.142 0.012 0.007 0.000 0.293 0.000 0.156 0.000 0.112 0.000 0.000 0.000 0.000 0.000 0.000 0.000 0.171 0.000 0.000 0.000 0.000 0.999 0.789 0.000 1.079 0.509 0.260 0.000 0.430 0.781 0.671 0.182 0.943 0.893 0.000 0.382 1.522 0.030 0.391 0.000 0.939 1.409 0.629 0.449 0.409 0.100 0.099 0.869 0.369 1.889 0.489 0.359 1.169 1.309 0.000 0.438 0.498 0.000 0.839 1.229 0.000 0.000 0.000 0.000 0.000 0.000 0.000
0.130 0.180 0.870 1.130 0.016 0.130 0.000 0.001 0.003 0.114 0.009 0.049 0.005 0.014 0.000 0.000 0.256 0.000 0.000 0.000 0.000 0.000 0.000 0.051 0.000 0.000 0.000 0.000 0.000 0.000 0.000 0.369 0.879 0.000 1.069 0.090 0.921 1.021 0.000 0.362 0.252 0.924 0.575 0.000 0.673 1.223 0.913 0.000 0.661 0.211 0.440 0.719 1.569 1.419 0.042 0.736 0.007 1.809 0.000 0.089 0.000 0.329 0.179 0.129 0.859 0.046 0.086 0.558 0.397 0.117 1.200 0.760 0.890 0.000 0.000 0.219 0.399
0.000 1.310 0.820 0.200 0.000 0.190 0.000 0.051 0.031 0.014 0.049 0.158 0.188 0.057 0.155 0.000 0.005 0.000 0.000 0.000 0.000 0.001 0.000 0.000 0.000 0.071 0.000 0.000 0.000 0.000 0.433 0.000 0.689 0.619 1.059 0.011 0.911 1.051 0.442 0.482 1.133 0.296 0.967 0.388 0.062 0.863 0.533 0.000 0.571 0.431 0.280 0.799 0.329 0.053 0.000 0.197 1.687 0.000 0.458 0.000 1.686 0.000 0.000 0.000 0.000 0.014 1.040 0.309 0.589 0.600 0.120 0.650 0.132 0.048 1.409 0.339 0.589
0.730 1.180 0.470 0.320 0.230 0.000 0.002 0.081 0.003 0.000 0.000 0.078 0.117 0.037 0.115 0.145 0.000 0.009 0.045 0.215 0.000 0.002 0.000 0.000 0.041 0.000 0.000 0.000 0.044 0.000 0.583 0.000 0.719 0.004 1.009 0.181 0.861 0.451 0.000 0.652 0.106 0.699 0.619 0.231 1.063 0.043 0.683 1.053 0.018 0.422 0.000 0.040 0.000 1.241 0.151 1.108 0.000 0.618 0.418 0.000 1.866 0.016 0.000 0.000 0.692 0.000 0.470 0.810 0.260 1.360 1.050 1.300 0.354 1.089 1.029 0.000 0.199
0.990 0.000 0.000 0.360 0.190 0.061 0.018 0.000 0.056 0.000 0.178 0.068 0.107 0.146 0.185 0.265 0.355 0.105 0.175 0.075 0.002 0.076 0.006 0.000 0.000 0.000 0.000 0.000 0.003 0.001 0.008 0.533 0.000 0.962 0.000 0.861 0.191 0.013 0.125 0.000 0.388 0.119 1.142 0.953 0.703 0.000 0.563 0.294 0.000 0.622 0.563 0.000 0.461 0.771 1.251 0.000 0.628 0.238 0.578 2.138 0.000 0.002 0.719 0.539 0.000 0.329 0.000 0.530 1.010 1.270 1.220 0.017 0.000 0.140 1.029 1.479 1.669
0.000 0.000 0.250 0.140 0.090 0.000 0.049 0.000 0.001 0.000 0.021 0.006 0.006 0.085 0.145 0.225 0.405 0.445 0.735 0.365 0.000 0.000 0.000 0.000 0.000 0.000 0.000 0.000 0.000 0.015 0.153 0.813 0.043 0.942 0.912 0.000 0.181 0.171 0.000 0.369 0.000 1.289 0.000 1.184 0.074 0.000 0.000 0.676 0.256 0.000 0.673 0.633 0.191 1.041 0.135 0.418 0.198 0.488 0.000 0.000 1.009 1.089 0.299 0.569 0.429 0.269 0.659 0.000 0.860 0.000 0.000 0.862 1.262 0.391 0.440 0.000 0.229
0.000 0.000 0.280 0.260 0.090 0.000 0.000 0.000 0.000 0.000 0.000 0.002 0.000 0.000 0.055 0.225 0.115 0.145 0.365 0.554 0.484 0.000 0.000 0.000 0.000 0.000 1.154 0.574 0.174 0.664 0.083 0.213 0.643 0.000 0.962 0.000 0.000 0.000 0.329 0.859 1.179 0.000 0.000 1.105 0.000 0.496 0.566 0.366 0.727 0.537 0.000 0.000 0.874 0.000 0.598 0.278 0.598 0.178 1.708 0.000 1.059 1.059 0.000 0.549 0.409 0.139 0.309 0.559 0.087 1.722 1.192 1.742 0.832 0.192 1.120 1.490 0.390
0.507 0.687 0.000 0.079 0.029 0.000 0.455 1.145 1.055 0.825 0.435 0.000 0.000 0.000 0.000 0.000 0.000 0.000 0.114 0.444 0.824 1.094 1.054 1.024 0.964 0.974 0.234 1.024 0.644 0.124 0.693 1.183 1.003 0.933 0.982 0.992 0.000 0.000 0.959 0.819 0.000 1.189 0.000 1.196 1.236 0.786 0.037 0.037 0.467 0.557 0.000 0.278 0.188 0.668 0.019 0.000 0.428 0.000 0.938 0.079 0.459 1.169 0.729 0.619 0.499 0.000 0.519 0.519 0.239 0.000 0.105 0.177 0.027 1.655 0.000 0.000 0.000
0.001 0.000 0.000 0.067 0.127 0.136 0.595 0.495 0.265 1.145 1.095 1.005 0.915 1.065 0.165 0.003 1.004 1.134 0.984 1.204 1.004 1.094 1.074 0.674 0.000 0.000 0.684 0.264 0.914 0.154 0.000 0.000 0.843 0.343 0.282 0.912 0.331 1.200 0.000 1.259 1.289 0.379 1.329 0.267 1.057 0.005 0.000 0.438 0.000 0.468 0.698 0.808 0.078 0.299 0.569 0.159 0.678 0.000 0.000 1.089 0.000 1.109 1.219 0.000 0.669 0.499 0.269 0.259 0.419 0.399 0.014 0.182 0.033 0.151 0.000 0.547 0.000
0.397 0.347 0.577 0.247 0.117 0.106 0.000 0.365 0.645 0.865 0.935 0.000 0.255 1.095 1.055 1.065 1.095 1.084 0.204 0.000 0.000 0.804 0.694 0.684 0.934 0.584 0.084 0.354 0.224 0.000 0.833 0.963 1.123 0.013 0.351 0.311 0.179 0.132 1.299 1.249 0.389 0.000 1.249 0.000 1.237 0.000 0.848 0.528 0.298 0.118 0.668 0.168 0.729 0.189 0.559 0.089 0.309 0.003 0.000 0.369 0.199 0.979 1.139 0.000 0.539 0.619 0.069 0.339 0.529 0.439 0.599 0.438 0.318 0.267 0.287 0.517 0.417
0.157 0.357 1.507 1.607 1.627 0.146 0.435 0.545 0.685 0.885 0.605 0.385 0.645 0.935 0.185 0.145 1.045 1.124 1.164 0.644 0.584 0.854 0.164 0.624 1.034 1.074 0.754 0.874 0.844 0.774 0.904 0.493 0.000 0.000 0.679 0.119 0.158 1.496 0.000 1.179 1.399 0.849 0.719 0.368 1.218 1.308 0.858 0.358 0.518 0.219 0.479 0.499 0.279 0.229 0.369 0.689 0.249 0.319 0.000 0.789 1.019 0.000 0.939 0.819 0.849 0.619 0.000 0.559 0.519 0.509 0.249 0.469 0.569 0.328 0.058 0.000 0.577
0.247 0.217 0.557 1.437 1.417 0.000 0.995 0.395 0.595 0.285 0.385 0.195 0.575 0.825 0.615 0.765 0.145 0.734 0.594 0.674 0.714 0.754 0.814 0.414 0.914 0.864 0.734 0.564 0.954 0.814 0.084 0.000 0.000 0.578 0.348 1.118 0.538 0.078 0.000 0.000 0.939 0.839 0.000 1.118 0.518 1.268 0.148 0.749 0.349 0.489 0.519 0.679 0.389 0.579 0.289 0.599 0.699 0.000 0.000 0.499 0.889 0.000 0.849 1.019 0.000 0.849 0.619 0.409 0.349 0.399 0.469 0.739 0.659 0.319 0.000 0.354 0.000
0.187 0.137 0.287 0.347 0.667 0.000 0.845 0.875 0.000 0.385 0.645 0.535 0.425 0.405 0.245 0.705 0.775 0.844 0.224 0.254 0.704 0.554 0.774 0.614 0.674 0.724 0.574 0.224 0.224 0.093 0.000 0.328 0.288 0.418 1.128 0.798 0.598 0.668 0.648 0.938 0.000 0.439 0.048 1.238 0.000 0.828 0.369 0.859 0.000 0.299 0.449 0.229 0.259 0.179 0.509 0.179 0.149 0.679 0.389 0.379 0.329 1.149 0.859 0.869 0.000 0.849 0.739 0.000 0.479 0.379 0.229 0.159 0.599 0.000 0.000 0.000 0.127
