includes/camargue/floodfiles/results_R2_t1.562608011066E12/res-0001.wd
ncols         906
nrows         631
xllcorner     362177.146667
yllcorner     6534725.688020
cellsize      20.000000
NODATA_value  -9999.000000
[rows 442 to 475 of 631, columns 770 to 846 of 906]
3.911 3.973 4.036 4.098 4.161 4.223 4.286 4.349 4.411 4.474 4.532 4.589 4.646 4.702 4.759 4.816 4.873 4.929 4.981 5.033 5.084 5.136 5.187 5.239 5.292 5.344 5.397 5.449 5.502 5.555 5.607 5.670 5.747 5.824 5.901 5.978 6.055 6.149 6.265 6.380 6.496 6.612 6.713 6.806 6.898 6.991 7.083 7.176 7.268 7.360 7.453 7.545 7.632 7.718 7.803 7.888 7.974 8.059 8.144 8.261 8.452 8.643 8.834 9.026 9.217 9.408 9.599 9.842 10.096 10.351 10.606 10.860 11.115 11.370 11.624 11.879 12.134
3.954 4.017 4.080 4.142 4.205 4.268 4.330 4.393 4.455 4.518 4.575 4.632 4.689 4.746 4.803 4.860 4.917 4.974 5.031 5.084 5.135 5.187 5.239 5.291 5.343 5.396 5.448 5.501 5.553 5.620 5.697 5.774 5.851 5.928 6.005 6.082 6.160 6.258 6.374 6.489 6.605 6.721 6.836 6.950 7.042 7.135 7.227 7.319 7.412 7.504 7.597 7.689 7.777 7.862 7.947 8.033 8.118 8.203 8.318 8.509 8.700 8.892 9.083 9.274 9.466 9.657 9.848 10.070 10.325 10.579 10.834 11.089 11.343 11.598 11.853 12.107 12.334
3.999 4.061 4.124 4.187 4.249 4.312 4.374 4.437 4.499 4.562 4.619 4.676 4.733 4.790 4.847 4.904 4.961 5.018 5.075 5.131 5.187 5.238 5.290 5.342 5.395 5.447 5.500 5.570 5.647 5.724 5.801 5.878 5.955 6.033 6.109 6.187 6.264 6.367 6.483 6.598 6.714 6.830 6.945 7.061 7.177 7.278 7.371 7.463 7.556 7.648 7.740 7.833 7.921 8.006 8.092 8.177 8.262 8.375 8.567 8.758 8.949 9.140 9.332 9.523 9.714 9.906 10.097 10.298 10.553 10.808 11.063 11.317 11.572 11.827 12.081 12.320 12.505
4.043 4.105 4.168 4.231 4.293 4.356 4.418 4.481 4.544 4.606 4.663 4.720 4.777 4.834 4.891 4.947 5.004 5.061 5.118 5.175 5.232 5.289 5.341 5.393 5.446 5.520 5.597 5.674 5.751 5.828 5.905 5.982 6.060 6.137 6.214 6.291 6.368 6.476 6.592 6.707 6.823 6.939 7.054 7.170 7.286 7.401 7.515 7.607 7.699 7.792 7.884 7.977 8.065 8.151 8.236 8.322 8.433 8.624 8.815 9.007 9.198 9.389 9.580 9.772 9.963 10.154 10.346 10.537 10.782 11.036 11.291 11.546 11.801 12.055 12.307 12.492 12.677
4.087 4.149 4.212 4.275 4.337 4.400 4.462 4.525 4.588 4.650 4.707 4.764 4.820 4.877 4.934 4.991 5.048 5.105 5.162 5.219 5.276 5.333 5.389 5.470 5.547 5.624 5.701 5.778 5.855 5.932 6.009 6.087 6.164 6.241 6.318 6.395 6.472 6.585 6.701 6.816 6.932 7.048 7.163 7.279 7.395 7.510 7.626 7.742 7.843 7.936 8.028 8.120 8.210 8.295 8.381 8.490 8.682 8.873 9.064 9.256 9.447 9.638 9.829 10.021 10.212 10.403 10.594 10.786 11.010 11.265 11.520 11.774 12.029 12.284 12.478 12.663 12.849
4.131 4.194 4.256 4.319 4.381 4.444 4.507 4.569 4.632 4.693 4.750 4.807 4.864 4.921 4.978 5.035 5.092 5.149 5.206 5.262 5.322 5.409 5.497 5.575 5.651 5.728 5.805 5.882 5.959 6.036 6.113 6.191 6.268 6.345 6.422 6.499 6.578 6.694 6.810 6.925 7.041 7.157 7.272 7.388 7.504 7.619 7.735 7.850 7.966 8.079 8.172 8.264 8.354 8.440 8.548 8.739 8.930 9.122 9.313 9.504 9.696 9.887 10.078 10.269 10.461 10.652 10.843 11.034 11.238 11.493 11.747 12.002 12.258 12.465 12.650 12.835 13.020
4.175 4.238 4.300 4.363 4.426 4.488 4.551 4.613 4.676 4.737 4.794 4.851 4.908 4.965 5.022 5.079 5.136 5.192 5.254 5.342 5.429 5.517 5.604 5.681 5.757 5.832 5.909 5.986 6.063 6.140 6.218 6.295 6.372 6.449 6.526 6.603 6.687 6.803 6.919 7.034 7.150 7.266 7.381 7.497 7.613 7.728 7.844 7.959 8.075 8.191 8.306 8.408 8.499 8.605 8.797 8.988 9.179 9.370 9.562 9.753 9.944 10.136 10.327 10.518 10.709 10.901 11.092 11.283 11.474 11.721 11.976 12.231 12.451 12.636 12.821 13.006 13.192
4.228 4.284 4.344 4.407 4.470 4.532 4.595 4.657 4.720 4.781 4.838 4.895 4.952 5.009 5.066 5.122 5.187 5.274 5.362 5.449 5.536 5.624 5.711 5.786 5.862 5.938 6.014 6.090 6.167 6.245 6.322 6.399 6.476 6.553 6.630 6.707 6.796 6.912 7.028 7.143 7.259 7.375 7.490 7.606 7.721 7.837 7.953 8.068 8.184 8.299 8.415 8.531 8.662 8.854 9.045 9.237 9.428 9.619 9.810 10.002 10.193 10.384 10.575 10.767 10.958 11.149 11.341 11.532 11.723 11.950 12.204 12.437 12.622 12.807 12.992 13.177 13.362
4.287 4.343 4.398 4.454 4.514 4.576 4.639 4.702 4.764 4.825 4.882 4.939 4.995 5.052 5.119 5.207 5.294 5.382 5.469 5.556 5.644 5.731 5.816 5.892 5.968 6.044 6.120 6.196 6.272 6.349 6.426 6.503 6.580 6.657 6.734 6.811 6.905 7.021 7.137 7.252 7.368 7.483 7.599 7.715 7.830 7.946 8.062 8.177 8.293 8.408 8.586 8.769 8.925 9.086 9.280 9.473 9.666 9.860 10.053 10.247 10.440 10.633 10.824 11.016 11.207 11.398 11.590 11.781 11.972 12.178 12.424 12.609 12.794 12.979 13.164 13.349 13.534
4.345 4.401 4.457 4.512 4.568 4.623 4.683 4.746 4.808 4.868 4.925 4.982 5.052 5.139 5.227 5.314 5.401 5.489 5.576 5.664 5.751 5.838 5.922 5.998 6.074 6.150 6.225 6.301 6.377 6.453 6.530 6.607 6.684 6.761 6.838 6.915 7.014 7.130 7.246 7.361 7.477 7.592 7.708 7.824 7.939 8.055 8.170 8.324 8.508 8.692 8.875 9.059 9.196 9.323 9.510 9.703 9.897 10.090 10.283 10.477 10.670 10.864 11.057 11.251 11.444 11.638 11.831 12.025 12.218 12.412 12.595 12.780 12.966 13.151 13.336 13.521 13.706
4.404 4.459 4.515 4.571 4.626 4.682 4.737 4.793 4.852 4.912 4.984 5.072 5.159 5.247 5.334 5.421 5.509 5.596 5.684 5.771 5.858 5.946 6.028 6.104 6.180 6.255 6.331 6.407 6.483 6.559 6.635 6.711 6.788 6.865 6.942 7.019 7.123 7.239 7.355 7.470 7.586 7.701 7.817 7.933 8.063 8.247 8.430 8.614 8.798 8.981 9.165 9.340 9.467 9.594 9.740 9.934 10.127 10.320 10.514 10.707 10.901 11.094 11.288 11.482 11.675 11.868 12.062 12.255 12.449 12.566 12.685 12.881 13.076 13.272 13.468 13.664 13.860
4.462 4.518 4.573 4.629 4.685 4.740 4.796 4.852 4.915 5.003 5.092 5.179 5.267 5.354 5.441 5.529 5.616 5.704 5.791 5.878 5.966 6.053 6.134 6.209 6.285 6.361 6.437 6.513 6.589 6.664 6.740 6.816 6.892 6.969 7.046 7.123 7.232 7.348 7.464 7.579 7.695 7.810 7.986 8.169 8.353 8.536 8.720 8.904 9.087 9.271 9.454 9.611 9.738 9.865 9.992 10.164 10.357 10.551 10.744 10.938 11.131 11.324 11.518 11.711 11.904 12.098 12.291 12.486 12.654 12.713 12.772 12.963 13.159 13.354 13.550 13.746 13.942
4.520 4.576 4.632 4.687 4.743 4.799 4.854 4.931 5.007 5.098 5.194 5.287 5.374 5.461 5.549 5.636 5.723 5.811 5.898 5.986 6.073 6.160 6.239 6.315 6.391 6.467 6.543 6.618 6.694 6.770 6.846 6.922 6.998 7.074 7.150 7.228 7.341 7.457 7.573 7.725 7.908 8.092 8.275 8.459 8.642 8.826 9.010 9.193 9.377 9.560 9.744 9.881 10.009 10.136 10.263 10.394 10.588 10.781 10.975 11.168 11.361 11.555 11.748 11.942 12.135 12.328 12.522 12.715 12.800 12.859 12.919 13.045 13.241 13.437 13.632 13.828 14.024
4.579 4.634 4.690 4.746 4.801 4.870 4.947 5.023 5.100 5.193 5.289 5.386 5.481 5.569 5.656 5.743 5.831 5.918 6.006 6.093 6.180 6.268 6.345 6.421 6.497 6.572 6.648 6.724 6.800 6.876 6.952 7.028 7.103 7.179 7.255 7.335 7.463 7.647 7.831 8.014 8.198 8.381 8.565 8.748 8.932 9.116 9.299 9.483 9.666 9.850 10.025 10.152 10.279 10.407 10.534 10.661 10.818 11.011 11.205 11.398 11.592 11.785 11.979 12.172 12.366 12.559 12.752 12.888 12.947 13.006 13.065 13.126 13.322 13.519 13.715 13.910 14.106
4.637 4.693 4.748 4.810 4.886 4.963 5.040 5.116 5.193 5.287 5.384 5.481 5.577 5.674 5.763 5.851 5.938 6.025 6.113 6.200 6.288 6.375 6.451 6.527 6.602 6.678 6.754 6.830 6.906 6.982 7.057 7.133 7.209 7.285 7.414 7.570 7.753 7.937 8.120 8.304 8.487 8.671 8.855 9.038 9.222 9.405 9.589 9.772 9.956 10.140 10.296 10.423 10.550 10.678 10.805 10.932 11.059 11.242 11.436 11.629 11.822 12.016 12.209 12.403 12.596 12.789 12.976 13.035 13.094 13.153 13.212 13.270 13.404 13.600 13.796 13.992 14.187
4.695 4.751 4.826 4.902 4.979 5.056 5.132 5.209 5.286 5.382 5.479 5.575 5.672 5.769 5.865 5.958 6.045 6.133 6.220 6.307 6.395 6.481 6.556 6.632 6.708 6.784 6.860 6.936 7.012 7.087 7.163 7.256 7.403 7.550 7.697 7.860 8.043 8.226 8.410 8.593 8.777 8.961 9.144 9.328 9.511 9.695 9.878 10.062 10.246 10.429 10.567 10.694 10.821 10.949 11.076 11.203 11.329 11.472 11.665 11.859 12.053 12.246 12.440 12.633 12.827 13.020 13.123 13.182 13.241 13.300 13.358 13.417 13.486 13.682 13.878 14.074 14.269
4.765 4.842 4.919 4.995 5.072 5.148 5.225 5.301 5.381 5.477 5.574 5.670 5.767 5.863 5.960 6.057 6.153 6.240 6.327 6.415 6.502 6.586 6.662 6.738 6.814 6.890 6.966 7.041 7.117 7.246 7.392 7.539 7.686 7.833 7.980 8.151 8.334 8.516 8.699 8.883 9.067 9.250 9.434 9.617 9.801 9.985 10.168 10.352 10.535 10.711 10.838 10.965 11.092 11.219 11.346 11.474 11.601 11.728 11.896 12.089 12.282 12.476 12.670 12.864 13.057 13.212 13.270 13.329 13.388 13.447 13.505 13.564 13.623 13.764 13.960 14.156 14.352
4.858 4.935 5.011 5.088 5.165 5.241 5.318 5.394 5.475 5.572 5.669 5.765 5.862 5.958 6.055 6.151 6.248 6.344 6.435 6.522 6.609 6.692 6.768 6.844 6.919 6.995 7.088 7.235 7.382 7.529 7.675 7.822 7.969 8.116 8.263 8.442 8.624 8.807 8.990 9.173 9.356 9.540 9.723 9.907 10.091 10.274 10.458 10.641 10.825 10.982 11.109 11.236 11.364 11.491 11.618 11.745 11.872 11.999 12.126 12.320 12.513 12.706 12.900 13.093 13.288 13.358 13.417 13.476 13.535 13.594 13.652 13.711 13.770 13.847 14.042 14.238 14.434
4.951 5.027 5.104 5.181 5.257 5.334 5.410 5.487 5.570 5.667 5.763 5.860 5.957 6.053 6.150 6.246 6.343 6.439 6.536 6.629 6.717 6.798 6.874 6.949 7.077 7.224 7.371 7.518 7.665 7.811 7.958 8.105 8.252 8.399 8.550 8.732 8.915 9.098 9.280 9.463 9.646 9.829 10.013 10.197 10.380 10.564 10.748 10.931 11.115 11.253 11.381 11.508 11.635 11.762 11.889 12.016 12.143 12.270 12.397 12.550 12.743 12.937 13.130 13.324 13.446 13.504 13.564 13.623 13.682 13.741 13.799 13.858 13.917 13.976 14.124 14.320 14.516
5.039 5.120 5.197 5.273 5.350 5.426 5.503 5.580 5.665 5.762 5.858 5.955 6.051 6.148 6.244 6.341 6.437 6.534 6.630 6.727 6.824 6.920 7.067 7.213 7.360 7.507 7.654 7.801 7.948 8.094 8.241 8.388 8.535 8.682 8.840 9.023 9.205 9.388 9.571 9.754 9.936 10.119 10.303 10.486 10.670 10.853 11.037 11.221 11.397 11.524 11.652 11.779 11.906 12.033 12.160 12.287 12.414 12.541 12.668 12.795 12.974 13.167 13.361 13.534 13.593 13.651 13.710 13.770 13.829 13.888 13.946 14.005 14.064 14.123 14.207 14.402 14.598
5.101 5.203 5.289 5.366 5.443 5.519 5.596 5.672 5.760 5.857 5.953 6.050 6.146 6.243 6.339 6.436 6.532 6.629 6.725 6.852 6.992 7.189 7.350 7.496 7.643 7.790 7.937 8.084 8.230 8.377 8.524 8.671 8.818 8.965 9.131 9.313 9.496 9.679 9.861 10.044 10.227 10.409 10.592 10.776 10.960 11.143 11.327 11.510 11.668 11.795 11.922 12.049 12.177 12.304 12.431 12.558 12.685 12.812 12.939 13.066 13.204 13.398 13.591 13.681 13.740 13.798 13.857 13.916 13.975 14.034 14.093 14.152 14.211 14.270 14.328 14.485 14.680
5.162 5.265 5.367 5.459 5.535 5.612 5.688 5.765 5.855 5.951 6.048 6.145 6.241 6.338 6.434 6.531 6.633 6.773 6.913 7.053 7.197 7.403 7.609 7.779 7.926 8.073 8.220 8.367 8.514 8.660 8.807 8.954 9.101 9.248 9.421 9.604 9.787 9.969 10.152 10.335 10.517 10.700 10.883 11.066 11.249 11.433 11.616 11.800 11.939 12.066 12.193 12.320 12.447 12.574 12.701 12.829 12.956 13.083 13.210 13.337 13.464 13.628 13.769 13.828 13.886 13.945 14.004 14.063 14.122 14.180 14.239 14.298 14.358 14.417 14.475 14.567 14.763
5.224 5.326 5.429 5.531 5.628 5.705 5.781 5.858 5.950 6.046 6.143 6.239 6.336 6.432 6.554 6.694 6.834 6.974 7.114 7.254 7.411 7.617 7.823 8.029 8.209 8.356 8.503 8.650 8.796 8.943 9.090 9.237 9.384 9.530 9.712 9.895 10.077 10.260 10.443 10.625 10.808 10.991 11.173 11.356 11.539 11.723 11.906 12.083 12.210 12.337 12.464 12.591 12.718 12.845 12.972 13.099 13.226 13.354 13.482 13.609 13.736 13.850 13.911 13.974 14.033 14.092 14.151 14.210 14.269 14.327 14.386 14.445 14.504 14.563 14.621 14.681 14.778
5.286 5.388 5.491 5.593 5.695 5.797 5.874 5.950 6.044 6.141 6.237 6.335 6.475 6.615 6.756 6.896 7.036 7.176 7.316 7.456 7.625 7.831 8.037 8.243 8.449 8.639 8.786 8.933 9.079 9.226 9.373 9.520 9.667 9.820 10.003 10.185 10.368 10.551 10.733 10.916 11.099 11.281 11.464 11.647 11.830 12.012 12.196 12.354 12.481 12.608 12.735 12.862 12.989 13.116 13.243 13.337 13.428 13.519 13.611 13.702 13.794 13.853 13.887 13.951 14.014 14.078 14.141 14.205 14.268 14.332 14.396 14.459 14.523 14.586 14.650 14.713 14.722
5.347 5.450 5.552 5.655 5.757 5.860 5.962 6.043 6.139 6.256 6.397 6.537 6.677 6.817 6.957 7.097 7.237 7.377 7.517 7.657 7.839 8.045 8.251 8.457 8.663 8.869 9.069 9.216 9.362 9.509 9.656 9.803 9.950 10.111 10.293 10.476 10.659 10.841 11.024 11.207 11.389 11.572 11.754 11.937 12.120 12.303 12.486 12.625 12.733 12.825 12.916 13.007 13.098 13.189 13.280 13.372 13.463 13.554 13.645 13.736 13.828 13.857 13.875 13.927 13.991 14.054 14.118 14.181 14.245 14.308 14.372 14.435 14.499 14.563 14.626 14.654 14.660
5.409 5.512 5.614 5.716 5.819 5.921 6.026 6.152 6.318 6.458 6.598 6.738 6.878 7.018 7.158 7.298 7.438 7.578 7.719 7.859 8.053 8.259 8.465 8.671 8.877 9.083 9.290 9.496 9.645 9.792 9.939 10.086 10.233 10.401 10.584 10.767 10.949 11.132 11.315 11.497 11.680 11.863 12.045 12.228 12.384 12.491 12.595 12.677 12.768 12.859 12.950 13.042 13.133 13.224 13.315 13.406 13.497 13.589 13.680 13.771 13.841 13.859 13.878 13.903 13.967 14.031 14.094 14.158 14.221 14.285 14.348 14.412 14.475 14.539 14.588 14.595 14.602
5.471 5.573 5.676 5.782 5.895 6.007 6.119 6.270 6.484 6.659 6.799 6.939 7.079 7.220 7.360 7.500 7.640 7.780 7.920 8.061 8.267 8.473 8.679 8.885 9.091 9.297 9.504 9.710 9.916 10.075 10.222 10.369 10.516 10.692 10.875 11.057 11.240 11.423 11.606 11.788 11.971 12.118 12.225 12.331 12.437 12.543 12.640 12.719 12.803 12.894 12.985 13.076 13.168 13.259 13.350 13.441 13.532 13.623 13.714 13.806 13.845 13.863 13.880 13.899 13.943 14.007 14.070 14.134 14.198 14.261 14.325 14.388 14.452 14.515 14.530 14.536 14.543
5.539 5.651 5.764 5.876 5.989 6.101 6.213 6.388 6.602 6.815 7.001 7.141 7.281 7.421 7.561 7.701 7.841 7.981 8.121 8.275 8.481 8.687 8.893 9.099 9.305 9.511 9.718 9.924 10.130 10.336 10.505 10.652 10.800 10.983 11.165 11.348 11.530 11.713 11.852 11.959 12.065 12.171 12.277 12.384 12.490 12.596 12.686 12.764 12.843 12.928 13.020 13.111 13.202 13.293 13.385 13.476 13.567 13.658 13.749 13.831 13.848 13.866 13.884 13.902 13.919 13.982 14.047 14.110 14.174 14.237 14.301 14.365 14.428 14.464 14.471 14.477 14.484
5.633 5.745 5.858 5.970 6.082 6.195 6.307 6.506 6.720 6.934 7.147 7.342 7.482 7.622 7.762 7.903 8.043 8.183 8.323 8.489 8.695 8.901 9.107 9.313 9.519 9.725 9.932 10.138 10.344 10.550 10.756 10.935 11.091 11.273 11.456 11.585 11.692 11.798 11.904 12.011 12.118 12.224 12.330 12.436 12.542 12.649 12.731 12.809 12.888 12.967 13.054 13.145 13.237 13.328 13.419 13.510 13.602 13.693 13.784 13.834 13.852 13.870 13.887 13.905 13.923 13.959 14.022 14.086 14.149 14.214 14.277 14.341 14.399 14.405 14.412 14.418 14.425
5.727 5.839 5.951 6.064 6.176 6.288 6.411 6.624 6.838 7.052 7.265 7.479 7.684 7.824 7.964 8.104 8.244 8.384 8.524 8.703 8.909 9.115 9.321 9.527 9.733 9.940 10.146 10.352 10.558 10.764 10.970 11.176 11.319 11.426 11.532 11.638 11.744 11.851 11.957 12.063 12.169 12.276 12.383 12.489 12.595 12.697 12.776 12.855 12.933 13.012 13.091 13.180 13.271 13.363 13.454 13.545 13.636 13.727 13.819 13.838 13.855 13.873 13.891 13.909 13.926 13.944 13.999 14.062 14.126 14.189 14.253 14.317 14.340 14.346 14.353 14.359 14.366
5.820 5.933 6.045 6.158 6.270 6.382 6.529 6.742 6.956 7.170 7.383 7.597 7.811 8.024 8.165 8.305 8.445 8.586 8.726 8.917 9.123 9.329 9.535 9.741 9.947 10.154 10.360 10.566 10.772 10.964 11.145 11.325 11.415 11.478 11.584 11.691 11.797 11.903 12.009 12.116 12.222 12.328 12.435 12.542 12.648 12.742 12.821 12.900 12.979 13.057 13.136 13.215 13.305 13.397 13.488 13.580 13.671 13.762 13.823 13.841 13.859 13.877 13.894 13.912 13.930 13.948 13.975 14.039 14.102 14.166 14.229 14.273 14.280 14.287 14.294 14.301 14.307
5.914 6.027 6.139 6.251 6.364 6.476 6.647 6.860 7.074 7.288 7.501 7.715 7.929 8.142 8.356 8.507 8.647 8.787 8.927 9.131 9.337 9.543 9.749 9.955 10.162 10.368 10.565 10.746 10.927 11.108 11.289 11.470 11.529 11.578 11.637 11.743 11.850 11.956 12.062 12.168 12.275 12.381 12.487 12.593 12.701 12.788 12.866 12.945 13.024 13.103 13.181 13.260 13.340 13.431 13.522 13.614 13.705 13.796 13.827 13.845 13.862 13.880 13.898 13.916 13.933 13.951 13.969 14.015 14.078 14.142 14.206 14.214 14.221 14.227 14.234 14.241 14.248
6.008 6.120 6.233 6.345 6.457 6.570 6.765 6.978 7.192 7.406 7.620 7.833 8.047 8.260 8.474 8.688 8.848 8.988 9.139 9.345 9.551 9.757 9.963 10.166 10.347 10.528 10.709 10.890 11.071 11.252 11.433 11.596 11.643 11.691 11.740 11.796 11.902 12.009 12.115 12.221 12.327 12.434 12.540 12.646 12.752 12.833 12.912 12.990 13.069 13.148 13.226 13.305 13.384 13.466 13.557 13.648 13.740 13.812 13.829 13.847 13.866 13.884 13.901 13.919 13.937 13.955 13.972 13.991 14.055 14.118 14.149 14.155 14.162 14.169 14.175 14.182 14.188
6.102 6.214 6.326 6.439 6.551 6.669 6.883 7.097 7.310 7.524 7.738 7.951 8.165 8.379 8.592 8.806 9.019 9.190 9.353 9.559 9.765 9.948 10.129 10.310 10.491 10.672 10.853 11.034 11.215 11.396 11.577 11.710 11.758 11.806 11.853 11.901 11.955 12.061 12.168 12.274 12.380 12.486 12.592 12.699 12.798 12.877 12.956 13.036 13.114 13.193 13.272 13.350 13.429 13.508 13.592 13.683 13.774 13.815 13.833 13.851 13.868 13.886 13.905 13.923 13.940 13.958 13.976 13.994 14.031 14.083 14.090 14.097 14.103 14.110 14.116 14.123 14.129
