includes/camargue/floodfiles/results_R2_t1.562608011066E12/res-0002.wdfp
ncols         906
nrows         631
xllcorner     362177.146667
yllcorner     6534725.688020
cellsize      20.000000
NODATA_value  -9999.000000
[rows 408 to 441 of 631, columns 616 to 692 of 906]
2.544 2.513 2.503 2.523 2.472 2.752 2.622 2.642 2.662 2.661 2.973 2.691 2.691 2.640 2.640 2.720 2.710 2.690 2.750 2.770 2.670 2.590 2.759 2.769 2.779 2.749 2.859 2.870 2.740 3.192 2.750 3.186 2.770 2.810 2.780 2.720 2.750 2.740 2.840 2.871 3.175 2.811 3.182 2.871 3.190 3.194 3.197 2.822 3.205 3.208 3.244 3.281 2.793 3.353 3.389 2.854 3.435 2.864 3.425 3.420 3.415 3.410 3.405 3.400 3.396 3.391 3.386 3.381 3.376 3.372 3.368 3.367 3.378 3.385 3.392 3.399 3.406
2.414 2.424 2.433 2.563 2.633 2.793 2.712 2.562 2.582 2.752 2.771 2.691 2.801 2.801 2.801 2.791 2.741 2.720 3.188 3.211 2.630 2.720 2.750 2.770 2.760 2.760 3.211 2.770 3.205 3.202 2.810 2.870 2.810 2.700 2.740 2.730 2.710 2.691 2.831 2.581 3.185 3.189 3.193 2.822 3.200 3.204 3.208 3.211 3.217 3.253 3.289 3.326 3.362 2.844 3.435 3.471 3.491 3.487 3.482 3.477 3.472 3.467 3.462 3.457 3.452 3.448 3.443 3.438 3.433 3.428 3.424 3.416 3.409 3.413 3.420 3.426 3.433
2.454 2.654 2.714 2.533 2.653 2.763 2.653 2.763 2.732 2.652 2.782 2.742 2.871 2.691 2.701 2.761 2.871 2.821 2.681 2.751 3.250 2.720 2.830 2.810 2.790 2.820 3.225 2.850 2.780 3.213 2.800 2.840 2.820 3.202 2.791 2.781 3.194 2.801 2.761 3.192 3.195 3.199 2.832 3.207 3.210 3.214 3.218 3.226 3.262 3.298 3.335 3.371 3.407 3.443 3.480 3.516 3.548 3.543 3.538 3.534 3.529 3.524 3.519 3.514 3.509 3.505 3.500 3.495 3.490 3.485 3.478 3.458 3.445 3.449 3.453 3.457 3.462
2.395 2.554 2.664 2.564 2.844 2.918 2.663 2.643 2.773 2.662 2.662 3.065 2.772 2.762 2.752 2.741 2.791 2.751 2.751 2.781 3.267 2.791 2.741 2.791 3.250 3.245 2.831 3.234 3.229 2.791 2.811 2.871 2.871 2.791 2.851 2.761 3.204 2.841 2.842 2.712 2.772 3.210 3.213 3.217 3.221 3.225 3.235 3.271 3.307 3.343 3.380 3.416 3.452 2.844 2.855 2.725 2.845 3.600 3.595 3.590 3.586 3.581 3.576 3.571 3.566 3.561 3.557 3.552 3.547 3.540 3.520 3.501 3.482 3.485 3.489 3.494 3.498
2.615 2.615 2.544 2.634 2.724 2.844 2.644 2.763 2.763 2.743 2.643 2.832 2.622 2.722 2.762 2.702 2.772 2.722 2.762 2.771 3.284 2.781 3.275 3.270 2.851 3.259 3.254 2.841 3.243 2.791 3.233 3.229 3.226 2.832 2.812 2.802 2.732 3.213 2.802 2.752 2.682 3.220 3.224 3.227 3.231 3.244 3.280 3.316 3.352 3.388 3.425 3.461 3.497 3.534 3.570 3.606 3.643 3.657 3.652 3.647 3.643 3.638 3.633 3.628 3.623 3.618 3.613 3.609 3.602 3.582 3.563 3.544 3.524 3.521 3.526 3.530 3.534
2.615 2.795 2.485 2.514 2.624 2.724 2.987 2.614 2.873 3.054 2.673 2.713 2.873 3.144 2.772 2.782 2.752 2.732 2.822 2.772 2.742 2.802 2.762 2.822 3.279 3.274 3.268 3.263 3.258 3.253 3.247 3.242 2.842 2.832 3.232 2.832 2.852 2.822 2.663 2.773 3.226 3.230 3.234 3.238 3.252 3.289 3.325 3.361 3.397 3.434 3.470 3.506 3.542 3.579 3.615 3.651 3.688 3.714 3.709 3.704 3.700 3.695 3.690 3.685 3.680 3.675 3.670 3.663 3.644 3.625 3.605 3.586 3.567 3.558 3.562 3.566 3.570
2.696 2.665 2.645 2.605 2.745 2.734 2.754 2.654 2.564 2.704 2.843 2.813 2.693 2.763 2.703 2.843 2.783 2.823 2.803 2.823 2.812 2.872 2.812 3.299 3.293 2.822 2.812 2.832 3.272 3.267 3.262 3.256 3.251 2.852 2.823 2.793 2.743 2.803 2.853 3.233 3.237 2.824 3.244 3.261 3.297 3.334 3.370 3.406 3.443 3.479 3.515 3.551 3.587 3.624 3.660 3.696 2.847 3.769 3.766 3.761 3.756 3.751 3.747 3.742 3.737 3.732 3.726 3.706 3.687 3.667 3.648 3.628 3.609 3.594 3.598 3.602 3.606
2.576 2.626 2.656 2.665 2.675 2.775 3.021 2.635 2.844 2.734 2.684 2.714 2.614 3.178 2.783 2.813 2.763 3.268 2.793 2.863 2.853 3.324 2.873 3.313 3.308 3.303 3.297 3.292 3.287 3.281 3.276 3.271 3.266 3.260 2.873 2.793 2.793 2.823 3.243 3.243 2.844 3.251 3.270 3.306 3.342 3.379 3.415 3.451 3.488 3.524 3.560 3.596 3.633 3.669 3.705 2.867 3.778 3.814 3.823 3.818 3.813 3.808 3.803 3.799 3.794 3.788 3.768 3.749 3.729 3.710 3.690 3.671 3.651 3.632 3.634 3.638 3.642
2.636 2.626 2.646 2.736 2.755 2.695 3.039 2.645 2.735 2.835 2.755 2.784 2.594 2.674 2.734 2.754 3.262 3.285 2.794 3.330 2.854 3.338 3.333 3.328 3.322 2.873 3.312 3.306 3.301 3.296 2.843 3.285 3.280 3.275 3.270 3.265 3.259 2.834 2.814 3.254 3.257 3.279 3.315 3.351 3.388 3.424 3.460 3.496 3.533 3.569 3.605 3.642 3.678 3.714 3.750 3.787 2.878 3.859 3.880 3.875 3.870 3.865 3.860 3.855 3.850 3.830 3.811 3.791 3.772 3.752 3.733 3.713 3.694 3.675 3.670 3.674 3.678
2.617 2.616 2.716 2.726 2.646 2.676 2.785 3.078 3.100 2.755 2.685 2.655 2.705 2.795 2.735 2.764 2.784 3.302 2.864 3.347 2.874 3.353 3.347 3.342 3.337 3.331 3.326 3.321 3.315 3.310 3.305 3.300 3.294 3.289 3.284 3.279 3.274 3.269 2.835 2.805 3.288 3.324 3.360 3.396 3.433 3.469 3.505 3.542 3.578 3.614 3.650 3.687 3.723 3.759 3.796 3.832 3.868 3.905 3.937 3.932 3.927 3.922 3.917 3.912 3.892 3.873 3.853 3.834 3.814 3.795 3.775 3.756 3.737 3.717 3.706 3.710 3.714
2.597 2.657 2.507 2.626 2.636 2.836 2.766 3.096 2.786 2.756 2.715 2.725 2.825 2.815 2.845 2.845 3.297 3.319 3.342 2.875 3.373 3.367 3.362 3.356 3.351 3.346 3.341 3.335 3.330 3.325 3.319 3.314 3.309 3.304 3.298 3.293 3.288 3.283 3.278 2.645 3.329 2.855 3.405 3.442 3.478 3.514 3.550 3.587 3.623 3.659 3.695 3.732 3.768 3.804 3.841 3.877 3.913 3.950 3.986 3.989 3.984 3.979 3.974 3.954 3.935 3.915 3.896 3.876 3.857 3.837 3.818 3.799 3.779 3.760 3.742 3.746 3.750
2.797 2.747 2.687 2.707 3.048 2.787 2.696 2.746 3.136 2.766 2.716 3.201 3.224 2.846 3.269 2.746 3.314 3.336 3.359 3.381 3.387 3.382 3.376 3.371 3.366 3.360 3.355 3.349 3.344 3.339 3.334 3.328 3.323 3.318 3.313 3.308 3.303 3.299 3.295 2.856 2.876 3.377 2.846 3.462 3.505 3.548 3.591 3.632 3.668 3.704 3.741 3.777 3.813 3.849 3.886 3.922 3.958 3.995 4.031 4.046 4.041 4.036 4.016 3.997 3.977 3.958 3.938 3.919 3.899 3.880 3.860 3.841 3.822 3.802 3.783 3.782 3.786
2.548 2.618 2.727 2.737 2.767 2.677 2.637 2.727 2.817 3.175 3.197 2.876 3.241 3.263 2.856 2.826 3.331 3.353 3.376 3.398 3.401 3.396 3.391 3.385 3.380 3.374 3.369 3.364 3.359 3.353 3.348 3.343 3.338 3.333 3.329 3.325 3.321 3.316 3.315 3.327 3.340 3.382 3.425 3.468 3.511 3.553 3.596 3.639 3.681 3.724 3.767 3.809 3.852 3.895 3.931 3.967 4.003 4.040 4.076 4.103 4.098 4.079 4.059 4.040 4.020 4.001 3.981 3.962 3.942 3.922 3.903 3.883 3.864 3.845 3.825 3.818 3.822
2.588 2.688 2.648 2.588 2.788 2.657 2.627 2.817 2.847 2.727 3.215 3.237 3.259 3.281 3.303 2.866 3.348 3.370 3.393 3.416 3.416 3.410 3.405 3.400 3.394 3.389 3.384 3.378 3.373 3.368 3.363 3.359 3.355 3.350 3.346 3.342 3.338 3.334 3.338 3.350 3.363 3.388 3.431 3.473 3.516 3.559 3.601 3.644 3.687 3.729 3.772 3.815 3.857 3.900 3.943 3.986 4.028 4.071 4.114 4.156 4.141 4.121 4.102 4.082 4.063 4.043 4.024 4.004 3.984 3.965 3.945 3.926 3.906 3.887 3.868 3.854 3.858
2.669 2.549 2.668 2.578 2.708 2.818 2.758 2.718 3.189 3.211 2.727 2.827 2.797 2.877 3.321 3.343 2.827 3.387 3.410 3.433 3.430 3.425 3.419 3.414 3.409 3.403 3.398 3.393 3.389 3.385 3.380 3.376 3.372 3.368 3.363 3.359 3.355 3.351 3.360 3.373 3.386 3.399 3.436 3.479 3.522 3.564 3.607 3.650 3.692 3.735 3.777 3.820 3.863 3.905 3.948 3.991 4.034 4.076 4.119 4.143 4.144 4.134 4.124 4.114 4.104 4.086 4.066 4.047 4.027 4.007 3.988 3.968 3.949 3.929 3.910 3.891 3.894
2.539 2.699 2.659 2.669 3.120 2.768 2.818 3.185 3.207 3.229 2.867 2.867 2.837 3.316 3.338 3.360 3.382 3.404 3.427 2.867 3.444 3.439 3.434 3.428 3.423 3.419 3.415 3.410 3.406 3.402 3.398 3.393 3.389 3.385 3.381 3.376 3.372 3.371 3.383 3.396 3.409 3.422 3.442 3.484 3.527 3.570 3.612 3.655 3.698 3.740 3.783 3.826 3.868 3.911 3.954 3.996 4.039 4.082 4.115 4.128 4.139 4.130 4.120 4.110 4.100 4.089 4.079 4.069 4.059 4.049 4.030 4.011 3.991 3.972 3.953 3.933 3.930
2.579 2.679 2.839 2.779 2.729 2.799 2.789 2.838 2.858 2.868 2.838 2.868 3.312 3.334 3.356 3.378 3.400 3.422 3.444 3.464 3.459 3.454 3.449 3.445 3.441 3.436 3.432 3.428 3.423 3.419 3.415 3.410 3.406 3.402 3.398 3.394 3.389 3.394 3.406 3.419 3.432 3.445 3.458 3.490 3.532 3.575 3.618 3.660 3.703 3.746 3.788 3.831 3.874 3.916 3.959 4.002 4.044 4.086 4.100 4.114 4.128 4.125 4.115 4.105 4.095 4.085 4.075 4.065 4.055 4.044 4.035 4.025 4.015 4.005 3.995 3.976 3.966
2.590 2.730 2.810 2.779 2.789 2.849 2.779 2.759 2.829 3.265 3.286 3.308 3.330 3.352 3.374 3.396 3.418 3.440 3.462 3.479 3.475 3.471 3.466 3.462 3.458 3.453 3.449 3.445 3.440 3.436 3.432 3.428 3.423 3.419 3.415 3.411 3.407 3.416 3.429 3.442 3.455 3.468 3.481 3.495 3.538 3.580 3.623 3.666 3.708 3.751 3.794 3.836 3.879 3.922 3.964 4.007 4.050 4.072 4.086 4.099 4.113 4.120 4.110 4.100 4.090 4.080 4.070 4.060 4.050 4.040 4.030 4.020 4.010 4.000 3.990 3.980 3.996
2.610 2.700 2.700 3.151 2.730 2.860 2.799 2.839 3.260 3.282 3.304 3.326 3.348 3.370 3.392 3.414 3.436 3.458 3.481 3.494 3.492 3.488 3.484 3.479 3.475 3.471 3.466 3.462 3.458 3.453 3.449 3.445 3.441 3.436 3.432 3.428 3.427 3.439 3.452 3.465 3.478 3.491 3.504 3.517 3.543 3.586 3.628 3.671 3.714 3.756 3.799 3.842 3.884 3.927 3.970 4.012 4.043 4.057 4.071 4.085 4.099 4.112 4.106 4.095 4.085 4.075 4.065 4.055 4.045 4.035 4.025 4.015 4.005 3.995 3.985 4.000 4.026
2.681 2.781 3.149 2.680 2.770 3.213 2.800 3.256 3.278 3.300 3.322 3.344 3.366 3.388 3.410 3.433 3.455 3.477 3.500 3.509 3.507 3.504 3.501 3.496 3.492 3.488 3.483 3.479 3.475 3.470 3.466 3.462 3.458 3.453 3.449 3.445 3.450 3.462 3.475 3.488 3.501 3.514 3.527 3.540 3.552 3.591 3.634 3.676 3.719 3.762 3.805 3.847 3.890 3.932 3.975 4.015 4.029 4.043 4.056 4.070 4.084 4.098 4.101 4.091 4.081 4.071 4.061 4.050 4.040 4.030 4.020 4.010 4.000 3.990 3.999 4.025 4.050
2.791 2.851 2.561 2.731 2.761 3.231 3.252 3.274 3.296 3.318 3.340 3.362 3.384 3.407 3.429 3.452 3.474 3.496 3.519 3.524 3.522 3.519 3.517 3.514 3.509 3.505 3.501 3.496 3.492 3.488 3.483 3.479 3.475 3.471 3.467 3.462 3.472 3.485 3.498 3.511 3.524 3.537 3.550 3.562 3.575 3.597 3.639 3.682 3.724 3.767 3.810 3.853 3.895 3.938 3.980 4.000 4.014 4.028 4.042 4.056 4.069 4.083 4.096 4.086 4.076 4.066 4.056 4.046 4.036 4.026 4.016 4.006 3.996 3.999 4.024 4.049 4.074
2.771 2.771 2.871 3.205 3.227 3.248 3.270 3.292 3.314 3.336 3.358 3.381 3.403 3.426 3.448 3.471 3.493 3.516 3.538 3.539 3.537 3.534 3.532 3.530 3.526 3.522 3.518 3.513 3.509 3.505 3.501 3.496 3.492 3.488 3.484 3.483 3.495 3.508 3.521 3.534 3.547 3.560 3.572 3.585 3.598 3.611 3.645 3.687 3.730 3.773 3.815 3.858 3.901 3.943 3.972 3.986 4.000 4.013 4.027 4.041 4.055 4.068 4.082 4.081 4.071 4.061 4.051 4.041 4.031 4.021 4.011 4.001 3.998 4.023 4.048 4.073 4.099
2.862 3.183 3.202 3.223 3.244 3.266 3.288 3.310 3.332 3.355 3.377 3.400 3.422 3.445 3.467 3.490 3.512 3.534 3.556 3.554 3.552 3.549 3.547 3.545 3.543 3.539 3.535 3.531 3.526 3.522 3.518 3.513 3.509 3.505 3.501 3.506 3.518 3.531 3.544 3.557 3.570 3.582 3.595 3.608 3.621 3.634 3.650 3.693 3.735 3.778 3.821 3.863 3.906 3.944 3.957 3.971 3.985 3.999 4.013 4.026 4.040 4.054 4.068 4.077 4.067 4.056 4.046 4.036 4.026 4.016 4.006 3.997 4.022 4.047 4.072 4.098 4.123
3.193 3.201 3.220 3.240 3.262 3.284 3.307 3.329 3.351 3.374 3.396 3.419 3.441 3.464 3.486 3.509 3.531 3.554 3.571 3.569 3.566 3.564 3.562 3.560 3.558 3.556 3.552 3.548 3.543 3.539 3.535 3.531 3.526 3.522 3.518 3.529 3.541 3.554 3.567 3.580 3.592 3.605 3.618 3.631 3.644 3.657 3.670 3.698 3.741 3.783 3.826 3.869 3.911 3.929 3.943 3.957 3.970 3.984 3.998 4.012 4.025 4.039 4.053 4.067 4.062 4.052 4.042 4.032 4.022 4.012 4.002 4.021 4.046 4.072 4.097 4.122 4.147
3.227 3.235 3.243 3.258 3.281 3.303 3.325 3.348 3.370 3.393 3.415 3.438 3.460 3.483 3.505 3.528 3.550 3.572 3.586 3.584 3.581 3.579 3.577 3.575 3.573 3.571 3.568 3.565 3.561 3.556 3.552 3.548 3.544 3.539 3.539 3.551 3.564 3.577 3.590 3.603 3.615 3.628 3.641 3.654 3.667 3.680 3.692 3.705 3.746 3.789 3.831 3.874 3.901 3.915 3.928 3.942 3.956 3.970 3.983 3.997 4.011 4.025 4.038 4.052 4.057 4.047 4.037 4.027 4.017 4.007 4.020 4.046 4.071 4.096 4.121 4.146 4.171
3.261 3.269 3.278 3.287 3.300 3.322 3.344 3.367 3.389 3.412 3.434 3.457 3.479 3.502 3.524 3.547 3.569 3.591 3.601 3.598 3.596 3.594 3.592 3.590 3.588 3.585 3.583 3.581 3.578 3.573 3.569 3.565 3.561 3.557 3.562 3.574 3.587 3.600 3.613 3.626 3.638 3.651 3.664 3.677 3.690 3.702 3.715 3.728 3.751 3.794 3.837 3.873 3.886 3.900 3.914 3.927 3.941 3.955 3.969 3.982 3.996 4.010 4.024 4.037 4.051 4.042 4.032 4.022 4.012 4.020 4.045 4.070 4.095 4.120 4.145 4.171 4.196
3.296 3.304 3.312 3.322 3.332 3.342 3.363 3.386 3.408 3.431 3.453 3.475 3.498 3.521 3.543 3.566 3.588 3.610 3.615 3.613 3.611 3.609 3.607 3.605 3.602 3.600 3.598 3.596 3.594 3.591 3.586 3.582 3.578 3.574 3.584 3.597 3.610 3.623 3.636 3.648 3.661 3.674 3.687 3.700 3.712 3.725 3.738 3.751 3.764 3.799 3.842 3.858 3.872 3.885 3.899 3.913 3.927 3.940 3.954 3.968 3.982 3.995 4.009 4.023 4.037 4.038 4.028 4.018 4.019 4.044 4.069 4.094 4.119 4.145 4.170 4.195 4.220
3.331 3.339 3.347 3.357 3.367 3.377 3.388 3.405 3.427 3.450 3.472 3.495 3.517 3.540 3.562 3.585 3.607 3.629 3.630 3.628 3.626 3.624 3.622 3.620 3.617 3.615 3.613 3.611 3.609 3.607 3.603 3.599 3.595 3.595 3.607 3.620 3.633 3.646 3.658 3.671 3.684 3.697 3.710 3.722 3.735 3.748 3.761 3.774 3.787 3.805 3.830 3.843 3.857 3.871 3.885 3.898 3.912 3.926 3.939 3.953 3.967 3.981 3.994 4.008 4.022 4.033 4.023 4.018 4.043 4.068 4.093 4.119 4.144 4.169 4.194 4.219 4.244
3.365 3.374 3.382 3.392 3.402 3.412 3.422 3.433 3.446 3.469 3.491 3.514 3.536 3.559 3.581 3.604 3.626 3.648 3.645 3.643 3.641 3.639 3.637 3.634 3.632 3.630 3.628 3.626 3.624 3.622 3.619 3.616 3.612 3.617 3.630 3.643 3.656 3.668 3.681 3.694 3.707 3.720 3.733 3.745 3.758 3.772 3.786 3.800 3.814 3.832 3.851 3.860 3.868 3.877 3.886 3.894 3.903 3.912 3.925 3.938 3.952 3.966 3.980 3.994 4.007 4.021 4.018 4.042 4.067 4.093 4.118 4.143 4.168 4.193 4.218 4.243 4.269
3.400 3.409 3.417 3.427 3.437 3.447 3.457 3.468 3.478 3.488 3.510 3.533 3.555 3.578 3.600 3.623 3.645 3.663 3.660 3.658 3.656 3.654 3.652 3.649 3.647 3.645 3.643 3.641 3.639 3.636 3.634 3.632 3.629 3.640 3.653 3.666 3.679 3.693 3.707 3.721 3.735 3.749 3.763 3.777 3.791 3.805 3.819 3.833 3.847 3.875 3.910 3.918 3.927 3.936 3.944 3.953 3.962 3.970 3.979 3.988 3.996 4.005 4.014 4.022 4.031 4.040 4.038 4.064 4.091 4.117 4.142 4.167 4.192 4.217 4.243 4.268 4.293
3.435 3.443 3.452 3.462 3.472 3.482 3.492 3.503 3.513 3.523 3.534 3.551 3.574 3.597 3.619 3.641 3.664 3.677 3.675 3.673 3.671 3.669 3.666 3.664 3.662 3.660 3.658 3.656 3.654 3.651 3.649 3.651 3.655 3.671 3.685 3.699 3.713 3.727 3.741 3.755 3.769 3.783 3.797 3.811 3.825 3.839 3.853 3.867 3.882 3.918 3.954 3.977 3.985 3.994 4.003 4.011 4.020 4.029 4.037 4.046 4.055 4.063 4.072 4.081 4.089 4.086 4.061 4.079 4.105 4.131 4.158 4.184 4.211 4.237 4.264 4.290 4.317
3.470 3.478 3.487 3.497 3.507 3.517 3.527 3.538 3.548 3.558 3.569 3.579 3.593 3.615 3.638 3.660 3.683 3.692 3.690 3.688 3.686 3.684 3.681 3.679 3.677 3.675 3.673 3.672 3.673 3.674 3.675 3.676 3.686 3.704 3.718 3.732 3.746 3.760 3.774 3.788 3.802 3.816 3.830 3.844 3.858 3.872 3.886 3.900 3.926 3.961 3.997 4.032 4.044 4.053 4.061 4.070 4.079 4.087 4.096 4.105 4.113 4.122 4.131 4.139 4.147 4.123 4.098 4.093 4.119 4.146 4.172 4.199 4.225 4.252 4.278 4.305 4.331
3.505 3.513 3.522 3.532 3.542 3.552 3.562 3.573 3.583 3.593 3.604 3.614 3.624 3.634 3.657 3.679 3.702 3.707 3.705 3.703 3.701 3.698 3.696 3.694 3.694 3.695 3.696 3.697 3.698 3.700 3.701 3.702 3.717 3.734 3.752 3.766 3.780 3.794 3.808 3.822 3.836 3.850 3.864 3.878 3.892 3.906 3.920 3.934 3.969 4.004 4.040 4.076 4.102 4.111 4.120 4.128 4.137 4.146 4.154 4.163 4.172 4.180 4.189 4.198 4.183 4.159 4.135 4.111 4.133 4.160 4.186 4.213 4.239 4.266 4.292 4.319 4.345
3.540 3.548 3.557 3.567 3.577 3.587 3.597 3.608 3.618 3.628 3.638 3.649 3.659 3.669 3.680 3.698 3.721 3.722 3.720 3.718 3.715 3.716 3.718 3.719 3.720 3.721 3.722 3.723 3.724 3.725 3.726 3.729 3.747 3.765 3.782 3.799 3.813 3.827 3.841 3.855 3.869 3.883 3.897 3.911 3.925 3.939 3.953 3.976 4.012 4.048 4.083 4.119 4.154 4.170 4.178 4.187 4.196 4.204 4.213 4.222 4.230 4.239 4.248 4.244 4.220 4.196 4.172 4.148 4.147 4.174 4.200 4.227 4.253 4.280 4.306 4.333 4.359
