includes/camargue/floodfiles/results_R2_t1.562608011066E12/res-0007.wd
ncols         906
nrows         631
xllcorner     362177.146667
yllcorner     6534725.688020
cellsize      20.000000
NODATA_value  -9999.000000
[rows 408 to 441 of 631, columns 539 to 615 of 906]
0.000 0.000 0.000 0.000 0.000 0.000 0.000 0.000 0.000 0.000 0.000 0.000 0.000 0.000 0.000 0.000 0.000 0.000 0.000 0.000 0.000 0.209 0.718 0.527 0.596 0.425 0.704 0.663 0.802 0.961 0.931 1.040 1.069 1.019 1.158 1.257 1.187 1.256 1.215 1.235 1.384 1.214 1.343 1.322 1.262 1.311 1.281 1.180 1.309 1.209 1.489 1.368 1.388 1.358 1.337 1.377 1.376 1.476 1.295 1.214 1.154 1.323 1.202 1.192 1.241 1.231 1.330 1.430 1.389 1.489 1.458 1.428 1.378 1.467 1.587 1.607 1.617
0.000 0.000 0.000 0.000 0.000 0.000 0.000 0.000 0.000 0.000 0.000 0.000 0.000 0.000 0.000 0.000 0.000 0.000 0.000 0.000 0.420 0.709 0.639 0.607 0.717 0.586 0.785 0.554 0.973 0.972 1.061 1.071 1.180 1.259 1.099 1.158 1.198 1.177 1.206 1.246 1.165 1.244 1.354 1.223 1.382 1.332 1.271 1.311 1.430 1.340 1.470 1.459 1.439 1.318 1.388 1.397 1.637 1.346 1.406 1.305 1.255 1.334 1.153 1.183 1.262 1.231 1.451 1.380 1.260 1.360 1.519 1.449 1.479 1.498 1.498 1.618 1.678
0.151 0.000 0.000 0.000 0.000 0.026 0.000 0.000 0.000 0.000 0.000 0.000 0.000 0.000 0.000 0.000 0.000 0.000 0.000 0.551 0.701 0.800 0.709 0.848 0.747 0.796 0.925 0.964 1.003 1.043 0.992 1.061 1.111 1.100 1.270 1.269 1.118 1.178 1.287 1.186 1.246 1.165 1.354 1.264 1.433 1.253 1.332 1.321 1.321 1.481 1.410 1.270 1.439 1.429 1.369 1.388 1.708 1.437 1.267 1.196 1.245 1.315 1.394 1.253 1.263 1.262 1.362 1.431 1.621 1.520 1.550 1.450 1.439 1.489 1.599 1.579 1.668
0.000 0.000 0.000 0.312 0.000 0.000 0.000 0.000 0.000 0.000 0.000 0.000 0.000 0.000 0.000 0.000 0.000 0.001 0.382 0.662 0.711 0.780 0.789 0.788 0.937 0.887 0.906 0.975 0.994 1.103 1.153 1.152 1.171 1.151 1.200 1.160 1.319 1.248 1.318 1.277 1.297 1.366 1.355 1.535 1.314 1.293 1.253 1.432 1.462 1.641 1.421 1.421 1.350 1.390 1.379 1.439 1.848 1.408 1.317 1.187 1.266 1.405 1.285 1.234 1.264 1.413 1.293 1.362 1.432 1.481 1.451 1.471 1.570 1.520 1.560 1.670 1.570
0.000 0.000 0.000 0.000 0.000 0.000 0.000 0.000 0.000 0.000 0.000 0.000 0.000 0.000 0.000 0.000 0.000 0.563 0.753 0.802 0.761 0.791 0.980 0.949 0.988 0.987 1.006 0.946 1.005 1.154 1.104 1.263 1.182 1.171 1.301 1.200 1.260 1.259 1.388 1.258 1.347 1.256 1.286 1.365 1.445 1.344 1.404 1.403 1.553 1.482 1.512 1.581 1.261 1.411 1.450 1.390 1.609 1.419 1.358 1.468 1.297 1.286 1.336 1.315 1.295 1.304 1.214 1.403 1.323 1.422 1.452 1.642 1.641 1.541 1.481 1.621 1.610
0.502 0.252 0.000 0.000 0.000 0.000 0.000 0.000 0.000 0.000 0.000 0.000 0.000 0.000 0.000 0.003 0.514 0.864 0.743 0.692 0.752 0.881 0.930 0.859 0.988 0.968 1.107 1.136 1.126 1.085 1.224 1.293 1.383 1.322 1.321 1.271 1.330 1.550 1.339 1.318 1.438 1.257 1.317 1.376 1.385 1.385 1.474 1.514 1.523 1.503 1.393 1.462 1.402 1.681 1.521 1.560 1.540 1.469 1.379 1.388 1.368 1.387 1.297 1.306 1.396 1.295 1.285 1.494 1.324 1.483 1.443 1.533 1.742 1.542 1.632 1.662 1.652
0.000 0.000 0.000 0.000 0.000 0.000 0.000 0.000 0.000 0.000 0.000 0.000 0.000 0.000 0.006 0.795 0.715 0.784 0.823 0.813 0.792 0.941 0.941 1.060 0.979 1.038 1.058 1.097 1.126 1.175 1.165 1.204 1.173 1.403 1.332 1.371 1.291 1.550 1.320 1.389 1.328 1.428 1.407 1.337 1.336 1.366 1.455 1.485 1.444 1.464 1.483 1.503 1.463 1.402 1.572 1.451 1.651 1.440 1.400 1.389 1.349 1.478 1.338 1.377 1.367 1.426 1.436 1.285 1.425 1.474 1.444 1.604 1.603 1.513 1.563 1.693 1.573
0.000 0.000 0.000 0.000 0.000 0.000 0.000 0.000 0.000 0.000 0.000 0.000 0.000 0.297 0.646 0.786 0.795 0.744 0.904 0.993 1.002 1.062 0.951 1.000 1.089 1.129 1.098 1.157 1.247 1.266 1.205 1.315 1.174 1.373 1.463 1.322 1.292 1.401 1.350 1.370 1.369 1.388 1.388 1.377 1.597 1.486 1.526 1.595 1.555 1.454 1.574 1.544 1.433 1.503 1.642 1.482 1.651 1.421 1.431 1.420 1.399 1.489 1.399 1.358 1.408 1.377 1.367 1.476 1.396 1.525 1.505 1.555 1.774 1.454 1.694 1.584 1.714
0.119 0.000 0.000 0.000 0.000 0.000 0.000 0.000 0.000 0.000 0.000 0.001 0.607 0.787 0.887 0.936 0.895 0.825 0.904 0.953 1.003 0.952 1.011 1.001 1.050 1.059 1.149 1.188 1.217 1.296 1.256 1.245 1.305 1.314 1.413 1.403 1.292 1.382 1.391 1.400 1.420 1.399 1.479 1.408 1.438 1.527 1.537 1.536 1.466 1.505 1.575 1.474 1.524 1.653 1.453 1.733 1.382 1.492 1.451 1.351 1.320 1.430 1.419 1.299 1.428 1.378 1.417 1.527 1.437 1.596 1.546 1.516 1.765 1.645 1.605 1.575 1.605
1.559 0.000 0.000 0.000 0.000 0.000 0.000 0.000 0.000 0.000 0.017 0.738 0.868 0.937 0.957 0.826 0.926 1.015 0.994 0.924 0.863 0.982 1.111 1.071 1.250 1.130 1.199 1.188 1.258 1.287 1.247 1.376 1.365 1.285 1.324 1.393 1.413 1.302 1.402 1.451 1.401 1.430 1.339 1.559 1.518 1.508 1.507 1.537 1.516 1.506 1.485 1.565 1.485 1.654 1.594 1.573 1.473 1.642 1.512 1.402 1.521 1.521 1.400 1.380 1.469 1.519 1.578 1.508 1.657 1.557 1.457 1.727 1.536 1.756 1.706 1.636 1.806
0.269 2.679 0.000 0.000 0.000 0.000 0.000 0.000 0.000 0.279 0.768 0.758 0.908 0.858 0.877 1.007 0.896 0.915 0.964 0.934 0.983 1.003 0.972 1.141 1.031 1.090 1.309 1.179 1.178 1.268 1.277 1.327 1.356 1.325 1.405 1.334 1.404 1.533 1.382 1.492 1.511 1.631 1.510 1.590 1.769 1.528 1.478 1.667 1.537 1.596 1.536 1.636 1.575 1.815 1.474 1.604 1.504 1.623 1.513 1.542 1.372 1.442 1.481 1.461 1.380 1.490 1.559 1.719 1.628 1.638 1.618 1.578 1.527 1.627 1.757 1.837 1.807
0.000 0.014 0.530 0.000 0.000 0.000 0.000 0.002 0.719 0.679 0.799 0.959 0.858 0.978 1.087 0.897 0.926 1.005 0.945 0.964 0.924 1.123 1.112 1.072 1.111 1.261 1.280 1.239 1.289 1.318 1.308 1.267 1.387 1.376 1.455 1.455 1.434 1.364 1.483 1.533 1.632 1.581 1.651 1.520 1.430 1.539 1.469 1.638 1.518 1.587 1.607 1.577 1.486 1.961 1.895 1.545 1.585 1.814 1.604 1.493 1.553 1.622 1.392 1.671 1.611 1.431 1.450 1.460 1.540 1.589 1.659 1.559 1.589 1.678 1.748 1.768 1.798
0.000 0.000 1.054 1.554 0.000 0.000 0.103 0.830 0.749 0.919 0.999 0.949 0.958 0.928 0.898 0.807 0.856 0.846 1.125 1.054 1.094 1.033 1.123 1.202 1.192 1.311 1.251 1.300 1.289 1.299 1.398 1.398 1.457 1.347 1.396 1.566 1.575 1.424 1.504 1.593 1.563 1.462 1.551 1.511 1.660 1.750 1.559 1.629 1.608 1.618 1.558 1.577 1.657 1.746 1.586 1.616 1.585 1.725 1.545 1.664 1.664 1.543 1.463 1.602 1.492 1.512 1.551 1.651 1.551 1.540 1.660 1.700 1.740 1.680 1.779 1.649 1.659
0.016 0.125 0.000 2.464 0.013 0.311 1.050 0.940 0.870 0.920 1.009 0.989 0.969 0.978 0.918 0.967 0.987 1.056 0.975 1.065 1.114 1.124 1.153 1.133 1.192 1.251 1.271 1.311 1.300 1.400 1.349 1.509 1.528 1.457 1.317 1.436 1.356 1.545 1.485 1.554 1.583 1.553 1.612 1.682 1.861 1.621 1.830 1.650 1.599 1.559 1.548 1.528 1.578 1.667 1.567 1.547 1.496 1.786 1.565 1.585 1.575 1.594 1.574 1.543 1.573 1.543 1.482 1.582 1.652 1.621 1.631 1.621 1.611 1.701 1.550 1.640 1.820
0.214 0.384 0.274 0.000 0.014 0.019 0.950 0.880 1.060 1.010 1.070 1.089 0.959 0.998 0.928 0.957 0.937 1.076 1.006 1.005 1.135 1.084 1.264 1.253 1.243 1.312 1.281 1.351 1.271 1.300 1.340 1.469 1.469 1.448 1.418 1.387 1.417 1.576 1.575 1.675 1.564 1.643 1.583 1.682 1.572 1.591 1.441 1.610 1.600 1.570 1.619 1.479 1.539 1.598 1.668 1.508 1.627 1.687 1.686 1.806 1.555 1.505 1.645 1.504 1.594 1.484 1.613 1.453 1.753 1.632 1.662 1.642 1.522 1.642 1.812 1.771 1.811
0.304 0.344 0.284 0.090 1.131 1.191 0.961 0.971 1.090 1.080 1.130 0.940 0.949 1.059 1.008 0.958 1.037 1.017 1.056 1.136 1.115 1.145 1.234 1.224 1.193 1.362 1.312 1.392 1.381 1.331 1.360 1.430 1.389 1.549 1.508 1.468 1.497 1.517 1.506 1.595 1.575 1.544 1.674 1.603 1.683 1.712 1.642 1.701 1.651 1.680 1.600 1.530 1.559 1.569 1.609 1.608 1.608 1.677 1.807 1.657 1.696 1.666 1.716 1.605 1.745 1.585 1.554 1.664 1.664 1.574 1.793 1.783 1.623 1.713 1.783 1.713 1.692
0.304 0.264 0.163 0.237 0.000 0.013 0.751 1.001 1.151 1.271 1.010 0.940 1.029 1.009 1.029 1.028 1.058 1.107 1.127 1.156 1.226 1.175 1.275 1.384 1.314 1.253 1.433 1.342 1.382 1.401 1.461 1.551 1.460 1.460 1.439 1.578 1.668 1.527 1.637 1.566 1.565 1.565 1.634 1.544 1.693 1.653 1.573 1.582 1.642 1.901 1.781 1.561 2.182 2.166 1.860 1.569 1.589 1.708 1.768 1.668 1.627 1.647 1.846 1.636 1.646 1.716 1.655 1.645 1.635 1.705 1.655 1.594 1.734 1.764 1.754 1.734 1.663
0.155 0.485 0.000 0.000 0.012 1.371 1.701 1.201 1.161 1.351 1.091 1.020 1.060 1.049 1.099 1.039 1.028 1.118 1.077 1.227 1.176 1.186 1.255 1.255 1.324 1.284 1.393 1.263 1.343 1.382 1.472 1.491 1.451 1.540 1.520 1.539 1.519 1.618 1.627 1.517 1.906 1.856 1.775 1.655 1.674 1.644 1.713 1.683 1.582 2.269 1.772 1.581 1.771 1.621 1.760 1.500 1.650 1.619 1.689 1.658 1.588 1.878 1.668 1.647 1.737 1.707 1.717 1.696 1.686 1.716 1.666 1.716 1.855 1.795 1.785 1.785 1.645
0.034 0.000 0.004 0.018 0.001 0.019 0.256 1.052 1.212 1.281 1.091 1.030 1.100 1.140 1.039 0.959 1.198 1.108 1.248 1.247 1.157 1.166 1.296 1.385 1.325 1.334 1.284 1.344 1.393 1.573 1.562 1.552 1.511 1.521 1.620 1.660 1.609 1.609 1.678 1.577 1.677 1.636 1.646 1.715 1.685 1.704 1.724 1.734 1.763 1.613 1.713 1.612 2.012 1.602 1.981 1.541 1.650 1.770 1.720 1.899 1.699 1.869 1.679 1.788 1.668 1.728 1.558 1.578 1.747 1.757 1.607 1.807 1.836 1.846 1.766 1.786 1.826
0.126 0.285 0.405 0.007 0.446 0.145 1.123 0.421 1.192 1.242 1.161 1.091 1.210 1.130 1.190 1.239 1.129 1.248 1.188 1.218 1.237 1.427 1.276 1.296 1.345 1.495 1.465 1.444 1.564 1.623 1.423 1.482 1.552 1.581 1.681 1.710 1.630 1.609 1.559 1.628 1.668 1.647 1.617 1.596 1.936 1.595 1.725 1.724 1.824 2.352 1.893 1.633 1.563 1.823 1.912 1.572 1.542 1.701 1.751 1.960 1.670 1.990 1.770 1.840 1.859 1.739 1.689 1.759 1.829 1.898 1.748 1.688 1.728 1.767 1.727 1.937 1.837
0.635 0.645 0.595 0.605 0.415 0.245 0.474 0.546 1.552 1.282 1.121 1.231 1.191 1.131 1.300 1.160 1.149 1.219 1.248 1.248 1.268 1.187 1.377 1.336 1.316 1.415 1.445 1.705 1.464 1.574 1.533 1.793 1.672 1.632 1.691 1.671 1.740 1.810 1.719 1.669 1.698 1.748 1.717 1.727 1.726 1.766 1.746 2.364 1.725 1.695 1.754 1.764 1.774 2.331 1.913 1.643 1.752 1.592 1.732 1.801 1.751 1.961 1.761 1.731 1.820 1.880 1.850 1.770 1.700 1.889 1.669 1.909 1.779 1.958 1.868 1.928 1.848
0.715 0.715 0.585 0.835 0.795 0.865 0.934 1.113 0.711 1.192 1.282 1.161 1.201 1.311 1.190 1.290 1.230 1.289 1.249 1.208 1.258 1.347 1.247 1.347 1.526 1.386 1.485 1.515 1.535 1.564 1.644 1.553 1.823 1.643 1.682 1.591 1.641 1.771 1.730 1.760 1.789 1.759 1.748 1.728 1.707 1.877 1.867 1.786 1.716 1.716 1.645 1.705 1.685 1.845 1.954 1.604 1.603 1.673 1.693 1.832 1.862 1.892 1.872 1.822 1.871 1.921 1.731 1.791 1.911 1.891 1.710 1.780 2.214 2.000 1.939 1.809 1.889
0.865 0.805 0.735 0.665 0.915 0.945 1.064 0.934 0.835 1.393 1.302 1.252 1.262 1.281 1.261 1.180 1.300 1.260 1.239 1.259 1.308 1.348 1.498 1.657 1.497 1.436 1.506 1.576 1.645 1.535 1.674 1.624 1.664 1.633 1.563 1.702 1.802 1.731 1.771 1.740 1.800 1.749 1.749 1.719 1.808 1.848 1.838 1.727 1.647 1.707 1.656 1.736 1.806 2.016 1.955 1.705 1.704 1.724 1.814 1.874 1.793 1.863 1.753 1.933 1.863 1.832 1.762 1.922 1.922 1.842 1.901 1.831 2.011 1.921 2.264 1.960 2.010
0.935 0.725 0.745 0.725 0.845 0.815 1.034 1.104 0.924 0.995 1.352 1.412 1.352 1.251 1.261 1.221 1.260 1.230 1.349 1.489 1.439 1.458 1.568 1.408 1.537 1.437 1.506 1.626 1.626 1.565 1.655 1.634 1.704 1.754 1.643 1.773 1.752 1.822 1.832 1.731 1.701 1.720 1.790 1.840 1.989 1.889 1.879 1.938 2.509 1.918 1.717 1.907 1.717 2.441 1.876 1.716 1.675 1.775 1.765 1.955 1.814 1.674 1.724 1.904 1.884 1.914 1.843 1.903 1.963 1.963 1.902 1.992 1.962 1.992 1.921 2.306 2.314
0.985 0.975 1.006 0.966 0.775 0.915 1.115 1.174 0.994 1.064 1.129 1.262 1.332 1.272 1.231 1.251 1.241 1.420 1.390 1.469 1.349 1.469 1.448 1.408 1.498 1.537 1.607 1.656 1.656 1.596 1.725 1.675 1.755 1.764 1.644 1.733 1.743 1.713 1.802 1.732 1.841 1.881 1.761 1.860 1.850 1.810 1.800 1.759 1.889 1.849 1.769 2.515 1.738 2.476 1.837 1.787 1.687 1.826 1.776 1.726 1.786 1.955 1.845 1.825 1.855 1.905 1.884 1.974 1.964 1.954 1.834 1.963 2.318 2.326 2.334 2.341 2.349
1.046 1.026 0.966 1.046 1.015 0.955 1.075 1.174 1.184 1.123 1.197 1.423 1.352 1.492 1.392 1.441 1.361 1.350 1.390 1.289 1.429 1.439 1.609 1.618 1.518 1.677 1.627 1.557 1.667 1.606 1.666 1.676 1.695 1.775 1.675 1.794 1.684 1.853 1.743 1.773 1.752 1.892 1.682 1.751 1.981 1.721 1.861 1.780 1.770 1.820 1.850 1.839 2.530 2.511 1.788 1.698 1.768 1.687 1.757 1.797 1.667 1.726 1.976 1.936 1.896 1.936 1.986 1.865 2.322 2.330 2.338 2.345 2.353 2.360 2.368 2.376 2.383
1.036 1.076 1.086 1.126 1.216 1.055 1.125 0.895 1.154 1.194 1.266 1.493 1.543 1.432 1.332 1.471 1.401 1.421 1.360 1.450 1.509 1.529 1.519 1.558 1.558 1.648 1.448 1.727 1.577 1.797 1.706 1.846 1.836 1.786 1.775 1.845 1.795 1.844 1.864 1.694 1.783 1.813 1.833 1.802 1.922 1.862 1.732 1.881 1.851 1.891 1.751 1.850 1.930 2.546 1.929 1.759 1.719 1.729 1.838 1.828 1.848 1.858 1.957 2.351 1.907 1.977 2.342 2.349 2.357 2.365 2.372 2.380 2.387 2.395 2.403 2.410 2.418
1.126 1.016 1.186 1.076 1.066 1.216 1.125 1.175 1.304 1.144 2.004 1.400 1.473 1.412 1.452 1.372 1.371 1.431 1.440 1.460 1.590 1.549 1.589 1.489 1.569 1.648 1.578 1.598 1.767 1.687 1.767 1.797 1.797 1.756 1.786 1.816 1.825 1.785 1.805 1.844 1.884 1.924 2.411 1.873 1.873 1.863 1.793 1.952 1.832 1.902 1.952 1.861 2.544 2.546 1.841 1.710 1.770 1.830 1.809 1.889 1.859 1.939 1.919 1.988 2.018 1.978 2.376 2.384 2.392 2.399 2.407 2.414 2.422 2.430 2.437 2.445 2.454
0.996 1.216 1.126 1.206 1.176 1.196 1.335 1.355 1.245 1.124 1.024 1.468 1.643 1.463 1.402 1.382 1.421 1.491 1.481 1.480 1.540 1.610 1.490 1.649 1.649 1.629 1.739 1.618 1.748 1.788 1.698 1.837 1.687 1.787 1.797 1.806 1.876 1.936 1.896 2.335 1.835 1.905 1.815 1.884 1.744 1.884 1.914 1.893 1.943 2.535 2.023 1.942 2.542 2.544 1.872 1.841 1.791 1.851 1.910 1.860 1.900 1.880 2.441 2.421 2.402 2.403 2.411 2.418 2.426 2.434 2.441 2.449 2.457 2.465 2.473 2.481 2.489
0.997 1.167 1.107 1.176 1.226 1.236 1.276 1.185 1.305 1.245 1.354 1.394 1.602 1.513 1.322 1.412 1.512 1.401 1.531 1.451 1.651 1.620 1.600 1.640 1.620 1.629 1.629 1.599 1.659 1.688 1.798 1.968 1.898 1.728 1.927 1.837 1.887 1.877 1.916 1.936 1.796 1.856 1.955 1.825 1.805 1.915 1.955 1.884 1.994 1.904 1.944 1.963 1.863 2.542 1.813 1.892 1.842 1.962 1.832 1.981 1.931 2.001 2.476 2.456 2.437 2.438 2.445 2.453 2.461 2.468 2.476 2.484 2.492 2.500 2.508 2.516 2.525
0.977 1.087 1.097 1.337 1.306 1.196 1.256 1.165 1.285 1.225 1.294 1.174 1.483 1.736 1.423 1.482 1.452 1.462 1.512 1.701 1.661 1.581 1.660 1.550 1.680 1.910 1.640 1.639 1.759 1.789 1.919 1.769 1.888 1.908 1.848 1.788 1.898 2.017 2.027 1.797 1.897 1.937 1.956 1.816 1.986 1.956 2.026 2.015 1.895 1.925 2.533 2.014 1.974 2.539 1.924 2.543 1.843 2.003 2.550 1.912 2.549 1.992 2.511 2.491 2.472 2.472 2.480 2.488 2.495 2.503 2.511 2.519 2.527 2.536 2.544 2.552 2.560
0.967 1.317 1.217 1.297 1.177 1.316 1.196 1.286 1.365 1.295 1.435 1.304 1.474 1.770 1.393 1.403 1.522 1.572 1.622 1.572 1.651 1.511 1.611 1.651 1.691 1.770 1.630 1.810 1.670 1.760 1.779 1.709 1.879 1.789 1.969 1.929 1.878 2.018 1.868 1.768 1.808 1.917 1.917 1.907 1.937 1.997 1.987 1.986 2.515 1.976 1.976 1.895 2.535 2.537 1.955 1.965 1.904 1.924 1.964 1.933 2.013 2.554 2.546 2.526 2.507 2.507 2.515 2.522 2.530 2.539 2.547 2.555 2.563 2.571 2.579 2.587 2.595
1.127 1.507 1.307 1.157 1.297 1.156 1.326 1.306 1.376 1.255 1.265 1.254 1.394 1.789 1.383 1.513 1.553 1.693 1.512 1.652 1.682 1.732 1.631 1.681 1.761 1.771 1.831 1.691 1.831 1.820 1.860 1.820 1.960 1.950 1.860 2.301 1.929 1.969 1.859 1.929 1.999 2.028 1.898 1.918 1.888 1.958 1.897 2.007 1.917 1.947 1.977 2.530 2.532 2.534 2.536 1.945 1.965 1.985 2.025 2.547 2.549 2.551 2.553 2.555 2.542 2.542 2.550 2.558 2.566 2.574 2.582 2.590 2.598 2.606 2.614 2.623 2.631
1.097 1.207 1.217 1.407 1.187 1.287 1.356 1.386 1.376 1.355 1.455 1.445 1.474 1.808 1.474 1.454 1.433 1.613 1.643 1.663 1.602 1.742 1.682 1.652 1.642 1.882 1.801 1.571 1.791 1.881 1.851 1.891 1.901 1.830 1.880 1.970 1.960 1.910 1.900 1.879 1.979 2.420 1.879 1.959 2.458 2.471 1.888 2.008 1.998 1.988 2.525 2.007 1.967 2.532 2.534 2.536 2.538 1.876 2.543 2.545 2.547 2.549 2.551 2.553 2.558 2.577 2.585 2.593 2.601 2.609 2.618 2.626 2.634 2.642 2.650 2.658 2.666
