includes/camargue/floodfiles/results_R2_t1.562608011066E12/res.totaltm
ncols         906
nrows         631
xllcorner     362177.146667
yllcorner     6534725.688020
cellsize      20.000000
NODATA_value  -9999.000000
[rows 429 to 461 of 631, columns 300 to 374 of 906]
12.054 12.135 12.184 5.002 8.438 12.453 4.183 12.456 6.336 12.433 6.041 7.609 12.550 12.540 12.530 6.827 4.605 12.101 5.199 12.148 12.144 7.044 3.931 11.746 11.683 4.099 4.022 11.615 11.600 11.610 11.617 11.607 11.559 2.944 2.691 7.346 4.280 7.022 11.356 11.346 11.333 11.300 11.283 11.269 11.218 11.192 4.028 2.969 11.065 11.021 10.966 9.281 1.497 1.785 10.741 10.737 10.765 10.815 1.008 3.822 1.433 1.655 1.633 1.709 3.579 11.111 11.124 4.970 1.073 11.180 4.380 2.749 4.457 11.255 11.263
3.986 4.979 12.199 12.373 6.630 11.298 7.286 8.795 5.369 7.817 12.628 10.465 12.601 7.971 12.477 12.364 3.912 6.568 4.602 12.211 12.145 9.037 11.789 11.755 11.747 11.665 1.354 4.472 11.609 11.616 11.621 11.611 11.592 11.523 3.944 11.454 2.738 11.396 11.386 11.352 6.047 11.304 11.284 11.250 6.594 11.177 11.133 11.108 1.419 2.258 10.941 10.846 0.962 0.730 10.722 2.291 2.491 0.545 1.034 10.914 10.939 1.077 11.021 11.051 11.085 11.098 1.527 11.146 3.669 1.766 11.205 11.213 4.716 11.260 1.455
12.193 4.374 4.970 12.461 12.526 12.543 6.902 12.620 12.630 12.644 12.642 12.648 12.641 12.619 6.362 12.341 12.268 12.252 12.238 12.224 3.506 3.341 11.777 4.346 11.754 3.323 11.613 11.630 3.448 11.619 11.631 11.617 11.545 11.504 11.484 11.466 11.456 11.415 8.758 10.498 11.355 11.331 11.288 11.267 11.187 7.667 1.646 9.871 1.740 0.967 10.811 10.783 7.986 0.640 10.717 9.212 5.825 6.254 6.280 10.912 10.946 1.469 11.003 11.046 5.072 1.277 4.181 11.159 2.368 1.580 1.726 3.326 6.736 11.274 11.296
7.642 8.137 12.439 12.453 7.840 12.557 12.618 12.632 12.642 12.650 12.663 12.661 11.490 12.614 12.513 4.871 10.838 12.236 12.250 12.133 3.978 4.866 4.093 11.780 11.767 1.237 2.863 11.641 11.631 11.634 11.634 11.611 11.602 7.322 7.955 11.456 11.433 5.416 4.369 4.931 6.391 11.291 11.272 11.232 11.172 10.314 10.393 11.012 0.807 10.788 10.752 10.745 6.994 0.703 1.800 1.813 0.544 10.784 0.681 4.406 10.949 10.964 10.976 1.295 0.681 1.103 2.050 1.451 1.895 11.231 11.239 1.256 11.235 3.018 11.303
5.191 12.292 5.150 6.128 9.108 12.569 12.617 12.632 12.643 12.661 12.687 12.691 6.212 9.576 12.497 3.797 12.288 12.283 12.253 7.499 11.993 11.983 11.931 1.156 0.534 1.046 11.717 11.711 3.570 11.671 11.665 3.480 11.534 8.478 7.978 3.728 7.638 4.335 4.864 4.663 4.688 6.720 5.594 2.062 11.088 1.624 1.354 10.961 1.241 0.881 10.753 10.697 10.684 10.645 0.411 0.000 10.764 6.705 1.530 10.887 10.902 3.822 10.964 10.955 0.602 1.063 1.267 1.667 3.249 11.240 11.263 0.566 4.223 11.291 11.312
2.651 5.316 12.460 5.577 12.548 12.570 12.592 8.665 8.645 12.655 4.397 12.741 7.942 1.331 12.475 12.469 12.458 6.925 4.560 5.795 11.983 2.759 1.669 11.768 11.756 11.728 11.722 11.716 11.709 11.677 4.056 11.605 1.973 4.619 3.439 5.416 3.275 11.376 3.038 11.307 3.274 4.182 4.560 1.326 11.063 4.381 3.102 10.931 10.899 10.835 10.769 10.706 0.000 10.630 10.625 1.620 1.678 0.000 1.000 10.853 7.790 1.618 4.522 10.936 0.546 0.438 0.899 2.859 11.222 3.841 11.275 11.287 3.134 11.296 11.319
5.200 7.315 12.471 12.531 12.540 8.527 12.579 7.059 12.545 5.117 12.738 12.749 12.756 12.560 12.549 12.474 4.465 6.720 12.002 11.990 4.780 1.493 11.778 11.773 11.767 11.742 11.728 11.721 11.703 11.688 11.664 11.645 11.577 11.565 7.619 10.797 11.415 11.388 3.501 3.597 11.269 1.817 11.127 0.875 11.011 1.532 2.244 1.054 6.521 3.139 0.749 0.000 10.742 10.794 10.591 10.618 1.182 0.000 0.000 0.372 10.544 10.818 6.813 0.595 0.000 0.000 1.730 1.893 2.327 2.967 5.873 10.352 11.299 11.320 4.512
4.356 12.329 5.672 12.492 8.776 10.312 12.551 7.722 3.880 4.334 12.769 9.374 12.835 12.831 4.708 4.416 8.756 1.547 11.965 11.938 2.900 4.072 11.813 11.781 11.772 11.744 4.829 11.698 11.691 11.678 11.650 5.459 11.554 11.536 11.514 10.575 3.794 9.938 11.358 6.739 1.884 1.724 3.917 10.995 10.934 10.915 1.565 0.553 6.713 0.000 10.687 0.000 10.866 10.825 10.721 0.000 1.287 0.000 1.265 10.859 10.843 0.817 10.793 10.779 0.685 1.055 0.576 0.949 2.276 2.976 6.881 11.313 1.078 11.327 4.073
12.322 12.331 12.433 12.443 6.104 12.522 12.543 3.586 5.511 9.840 12.872 12.866 12.861 4.972 12.032 4.860 11.985 11.980 11.971 11.965 2.246 11.829 11.821 11.789 11.783 11.756 7.034 11.711 11.700 11.682 4.090 2.225 11.539 3.305 11.467 6.100 3.033 3.511 3.781 3.404 1.271 11.054 11.006 10.939 1.205 0.000 1.195 10.753 9.409 1.871 10.839 10.863 10.901 10.868 0.000 0.000 0.366 0.942 10.945 10.928 0.392 10.758 10.750 10.782 1.411 0.410 0.479 1.997 1.415 11.303 8.618 4.256 5.557 1.054 11.362
12.316 6.365 12.423 12.433 12.448 8.583 3.881 8.733 6.782 12.916 12.909 12.901 8.362 3.827 10.751 8.572 12.012 6.191 4.699 11.941 11.912 11.903 11.827 11.818 11.786 11.776 7.937 11.720 8.901 6.129 6.583 11.574 11.498 11.473 3.780 7.145 5.069 2.862 5.143 5.571 0.900 4.536 1.442 0.705 0.000 0.000 0.000 0.796 1.197 10.836 10.867 10.895 10.931 10.942 7.353 0.343 2.631 0.328 1.719 10.944 0.000 0.000 10.734 0.000 0.000 0.000 11.222 11.285 11.295 11.304 11.026 11.341 11.356 11.371 11.378
12.338 12.418 12.387 6.259 12.459 5.495 8.660 12.950 13.053 13.047 5.960 12.609 5.400 12.101 12.063 12.044 12.017 2.265 11.922 11.936 11.911 11.880 11.845 7.806 4.679 5.908 5.191 5.157 3.676 3.422 3.132 11.445 8.990 11.438 3.419 2.000 6.263 4.414 2.589 5.088 11.051 2.338 0.000 0.000 0.000 0.000 0.000 0.000 0.000 0.000 10.880 3.166 10.965 1.021 0.000 1.068 2.019 2.016 11.036 0.873 0.000 0.000 0.000 0.000 0.000 11.188 0.786 11.269 2.130 1.492 0.920 11.345 8.415 11.377 11.381
12.328 12.446 7.524 12.388 12.467 12.460 5.541 13.084 13.057 4.009 4.556 12.597 12.219 12.204 12.096 12.028 3.195 11.900 11.914 11.286 5.017 7.791 4.137 5.941 5.611 4.673 4.097 5.214 4.751 4.635 5.541 11.451 3.021 11.401 11.384 11.348 2.032 1.699 0.586 11.050 0.824 2.863 0.000 0.000 0.000 0.000 0.000 0.000 0.000 0.000 0.789 10.965 1.015 0.953 1.047 2.181 2.106 7.039 11.062 0.000 0.000 0.000 0.000 0.000 11.186 2.714 11.270 11.281 3.523 3.682 3.706 4.622 11.362 11.376 1.914
5.729 12.469 8.855 6.768 12.559 3.976 13.126 13.088 4.496 3.742 12.503 12.509 12.397 12.179 4.728 3.512 11.882 11.891 4.558 3.792 11.817 11.811 5.095 4.449 4.272 4.140 4.137 3.929 3.909 1.556 5.369 11.410 11.386 1.928 1.684 11.314 4.545 11.235 1.945 0.699 0.482 0.000 0.000 0.000 0.000 0.000 0.000 0.000 0.000 0.000 0.000 0.000 11.086 2.226 2.853 11.236 1.659 11.147 0.000 0.000 0.000 0.000 0.000 0.000 0.000 11.262 11.310 1.349 1.676 2.810 4.844 8.974 11.377 4.931 11.420
4.529 12.583 12.612 4.326 6.780 13.142 13.134 2.609 3.781 12.401 12.427 12.438 5.285 12.148 3.890 11.206 11.437 11.873 3.308 6.393 4.831 11.816 4.121 4.233 3.900 4.025 3.528 3.228 3.304 1.677 3.627 10.939 11.347 1.363 11.274 11.294 4.666 2.493 4.029 2.027 1.388 0.000 0.000 0.000 0.000 0.000 0.000 0.000 0.000 0.000 0.000 0.000 0.599 8.600 11.292 11.296 10.381 9.147 0.000 1.671 1.179 0.000 0.000 0.000 11.294 11.306 11.324 1.962 1.391 2.298 3.534 2.925 4.423 11.421 11.425
12.549 12.621 7.159 5.188 4.239 13.258 5.952 4.039 12.345 12.390 11.439 6.522 12.238 4.023 3.184 3.383 6.043 11.883 5.960 5.674 4.392 3.962 3.781 3.396 2.845 2.173 3.753 2.435 0.902 11.304 4.753 4.163 11.331 11.290 11.276 11.271 7.790 4.051 1.780 0.490 0.000 3.362 0.000 0.000 0.000 1.672 0.000 0.000 0.000 0.000 0.000 0.000 1.239 2.137 11.338 4.591 0.491 1.614 1.398 4.966 5.865 11.060 0.000 0.000 11.309 11.322 2.576 1.905 6.125 5.604 4.536 8.470 11.422 11.427 11.430
6.304 4.275 12.877 12.887 8.096 13.262 5.111 12.280 12.334 6.655 12.303 12.280 4.105 11.906 5.040 11.927 4.377 11.896 6.733 5.745 4.107 3.350 2.631 2.098 1.773 2.270 3.633 1.794 2.658 3.192 1.081 3.933 2.867 11.275 2.312 7.752 5.779 1.630 0.709 10.899 0.489 10.860 10.942 10.984 1.077 1.862 0.201 11.057 0.000 0.688 1.796 0.855 1.765 2.261 11.357 11.359 3.676 2.265 1.437 11.228 1.108 0.000 0.519 2.532 2.713 1.418 3.055 11.450 11.431 11.429 11.423 6.295 9.963 11.433 11.435
12.489 4.469 6.207 4.559 13.282 13.278 2.287 12.244 6.127 12.255 12.278 6.436 3.378 1.946 11.990 5.334 11.402 4.276 6.718 4.751 3.584 3.327 2.078 1.754 1.695 1.473 1.849 0.000 2.751 2.731 11.171 3.875 11.251 11.238 1.732 1.120 6.659 0.985 11.023 9.288 10.940 10.864 10.990 1.801 0.000 9.222 11.271 2.310 1.240 1.997 2.158 2.516 1.768 1.304 3.055 11.372 3.150 3.528 1.348 6.776 6.359 1.026 11.259 0.872 1.732 0.737 11.450 11.453 2.990 11.435 11.439 11.431 5.992 11.439 11.441
5.902 3.792 5.280 6.106 13.314 5.086 5.771 12.259 6.014 12.198 12.212 3.859 12.009 12.024 12.020 12.044 12.019 11.974 5.483 6.482 4.026 2.908 1.910 1.581 5.492 11.397 0.582 0.000 2.527 0.789 5.386 8.154 11.190 11.143 1.683 1.552 9.769 1.273 11.045 11.021 0.911 0.458 2.699 11.090 11.171 4.976 9.556 3.190 0.492 0.520 3.101 4.144 2.910 2.549 11.423 11.406 1.662 11.362 5.334 3.409 8.823 11.298 2.551 11.260 1.280 4.605 4.485 11.468 11.457 5.771 7.156 5.159 4.678 7.056 7.903
7.283 12.685 6.919 13.332 13.318 4.222 12.258 12.190 12.181 12.185 12.192 4.183 12.023 12.034 12.031 12.052 12.016 11.978 5.028 4.539 4.434 3.480 1.662 8.532 11.459 0.732 0.000 1.226 1.013 11.024 5.712 6.583 1.404 11.181 11.192 11.163 11.179 11.152 11.143 0.573 11.063 11.130 0.483 1.203 2.348 1.219 11.350 2.068 3.042 1.269 3.561 11.526 11.511 10.320 11.446 2.486 11.415 6.305 4.259 1.227 1.486 11.322 11.320 1.380 3.139 11.454 11.470 11.479 11.482 11.492 11.497 11.481 11.483 11.489 11.489
12.589 12.603 5.087 13.337 6.216 5.751 3.974 8.459 12.158 6.118 4.351 12.007 12.018 12.082 12.074 12.066 12.030 12.007 6.310 11.936 4.263 6.989 4.644 4.831 1.123 0.880 1.159 10.892 4.411 4.693 11.024 0.599 11.244 4.493 11.243 11.195 1.575 11.187 11.172 2.928 0.920 5.084 1.052 2.018 2.993 10.930 7.185 11.397 5.311 4.283 11.545 11.534 11.523 7.410 11.483 10.528 6.393 1.675 1.271 3.188 11.373 6.037 2.101 3.532 5.809 7.451 11.466 11.472 11.475 11.496 11.500 11.507 11.512 11.496 11.505
12.581 1.258 5.478 13.361 3.719 12.308 12.286 4.589 5.451 4.126 2.355 0.556 12.065 12.100 12.093 12.066 12.047 12.030 11.974 5.554 5.038 3.970 4.343 3.474 1.397 0.758 10.940 0.000 11.026 2.673 0.632 11.289 2.246 0.658 11.261 11.246 1.959 1.878 11.232 6.042 1.358 11.366 2.481 1.156 1.863 11.451 6.922 1.249 4.641 3.855 11.563 3.519 11.536 11.512 11.504 6.383 4.745 2.707 2.205 3.923 10.290 6.918 3.076 3.098 11.465 11.471 7.439 4.144 11.479 8.898 11.481 11.511 11.515 11.506 11.510
12.607 5.468 13.397 13.365 4.301 12.294 12.191 12.180 12.193 12.187 12.140 12.153 12.121 12.115 12.088 12.069 12.033 12.013 11.987 4.781 4.159 4.014 3.565 1.760 0.365 11.257 0.000 1.385 0.554 1.597 2.171 5.570 11.314 11.291 11.293 0.957 2.752 1.288 1.064 1.312 2.889 11.385 1.210 3.615 1.247 7.148 6.023 7.000 6.155 8.738 11.586 11.569 5.670 3.658 3.458 5.166 4.049 1.965 1.824 2.270 11.146 11.403 9.165 9.926 11.472 11.476 11.489 11.499 11.509 11.490 11.486 11.505 11.528 11.531 11.513
6.490 5.294 13.402 5.617 6.730 5.139 12.295 12.264 12.257 4.340 12.192 12.184 12.098 12.099 12.090 12.072 12.063 12.019 11.992 5.543 5.523 6.487 4.178 0.715 2.126 2.926 0.786 3.820 0.731 1.681 11.316 5.781 11.347 1.657 2.744 11.344 7.488 1.351 4.808 11.401 1.601 5.000 7.746 11.554 3.530 3.816 5.373 3.664 11.589 11.595 11.596 11.627 8.432 11.538 3.545 2.090 2.280 11.403 3.424 6.465 7.130 1.242 11.402 3.443 2.169 11.481 11.482 11.492 11.517 11.529 11.539 11.539 11.545 11.545 11.551
12.728 4.636 13.452 10.950 4.313 6.591 12.276 12.282 12.269 12.162 12.235 12.138 12.129 12.110 12.103 12.090 12.081 12.022 11.996 6.054 4.438 4.507 3.027 0.416 4.537 2.570 4.728 2.415 4.084 2.235 1.145 7.363 11.397 11.403 7.392 11.367 1.603 2.289 4.179 2.355 1.007 11.451 3.464 6.336 3.921 7.586 4.324 11.629 11.595 11.629 3.787 11.644 8.931 11.588 11.517 9.811 1.717 2.135 3.617 11.453 1.938 11.402 3.589 0.901 11.479 3.531 11.490 11.496 11.534 11.541 11.546 11.546 11.551 11.546 11.557
4.428 5.400 13.464 5.261 12.335 12.311 12.292 12.292 12.288 12.252 12.244 12.126 12.101 12.103 12.084 12.077 12.065 12.017 11.992 4.467 5.089 3.974 1.226 3.707 5.563 1.560 3.943 3.403 4.307 11.383 3.651 2.141 4.130 11.429 4.562 1.410 2.492 11.563 11.565 0.853 1.480 1.586 3.132 11.664 7.693 11.665 11.654 11.641 11.688 11.636 11.645 5.549 11.639 2.803 2.710 11.495 11.393 3.121 1.949 3.359 11.520 0.306 0.926 11.539 2.379 11.566 3.309 11.532 11.540 11.547 11.553 11.551 11.556 8.095 11.561
3.897 13.539 13.488 4.911 4.685 5.719 5.971 12.330 4.107 12.232 12.238 12.184 2.358 12.089 12.078 12.067 12.055 12.014 11.991 6.222 11.922 1.721 11.722 11.664 1.662 1.848 7.567 11.416 1.911 11.427 11.444 9.914 11.493 11.450 11.421 0.934 1.735 11.580 3.238 3.650 1.805 3.862 5.227 3.852 5.812 4.660 2.921 11.693 11.701 11.688 3.832 11.695 4.013 11.670 4.304 2.793 11.494 11.470 1.254 2.143 5.692 0.669 3.043 6.509 11.554 11.569 11.546 3.584 11.528 5.258 11.583 3.837 11.575 11.571 11.570
5.767 13.562 13.546 6.030 6.089 12.490 12.455 12.430 3.201 12.112 12.212 12.196 12.112 0.000 4.430 12.061 12.051 12.020 7.308 4.729 3.338 4.453 11.743 3.531 2.150 2.696 7.513 1.925 11.534 2.034 3.372 8.242 11.522 11.516 1.560 1.534 2.816 5.809 9.060 11.665 2.053 6.880 11.773 11.736 9.556 3.283 11.705 11.704 11.711 4.183 11.727 6.390 11.698 6.534 3.787 1.430 1.817 3.539 1.578 1.088 4.392 11.575 7.412 4.427 11.569 9.208 11.570 11.575 5.169 11.566 11.603 11.609 11.595 11.600 11.574
13.150 13.581 13.569 13.492 13.186 12.504 12.481 12.456 12.424 1.840 4.368 12.098 12.158 12.101 12.076 12.071 12.058 12.011 4.707 4.277 1.402 11.440 11.675 11.642 2.670 11.515 8.492 4.377 11.551 3.613 11.511 11.540 11.540 3.440 1.555 3.401 3.539 11.662 3.114 10.637 9.965 8.722 11.790 11.781 2.592 5.861 11.722 1.652 11.746 11.807 10.009 11.726 7.976 4.262 3.956 11.559 2.245 11.450 1.896 1.224 11.591 11.589 4.418 11.550 1.687 11.591 1.891 11.580 11.572 11.584 8.132 11.613 11.610 11.617 11.625
13.504 13.683 13.472 5.370 5.218 12.483 4.024 12.420 12.387 12.246 12.239 12.190 12.170 12.071 12.071 12.059 12.045 11.994 4.275 2.077 11.715 11.720 4.039 4.045 2.127 2.265 7.531 10.465 11.650 11.590 2.852 11.557 11.597 5.063 4.597 5.307 3.728 5.423 4.563 11.679 11.677 2.376 11.795 11.790 4.926 11.786 3.631 1.710 11.809 11.821 8.410 6.673 4.669 3.118 11.586 1.163 0.479 0.000 2.082 11.601 11.597 6.345 11.590 1.091 11.610 11.595 11.612 8.567 11.583 3.428 11.629 11.655 3.572 10.797 11.615
8.517 13.723 13.715 5.117 4.566 5.667 12.283 12.272 12.282 12.240 12.232 12.195 12.189 3.760 12.044 12.021 12.001 6.141 3.026 11.771 11.744 6.727 2.945 1.609 1.888 11.745 11.792 11.676 11.688 11.642 4.340 2.138 11.618 11.687 11.787 11.845 6.499 11.481 11.780 0.888 2.014 11.836 11.822 3.751 11.818 11.812 1.303 11.797 11.823 6.351 4.497 5.655 3.928 11.645 11.635 11.615 3.814 11.617 11.625 11.617 5.592 11.620 1.429 11.620 11.614 11.627 11.634 3.475 6.054 11.628 11.678 11.664 11.653 5.526 7.528
13.765 13.753 8.012 4.712 3.738 12.289 12.262 3.409 12.239 12.231 12.145 12.175 12.154 4.458 12.036 12.011 11.986 3.433 11.808 11.784 4.275 3.216 1.677 3.796 4.318 11.797 11.830 11.779 11.733 7.749 2.360 4.039 11.746 11.782 11.799 11.866 11.851 7.264 11.804 2.541 11.860 11.842 5.970 11.821 11.823 1.919 11.811 11.807 3.755 11.895 10.105 3.911 4.506 4.892 5.290 8.743 4.510 11.644 11.631 11.627 11.633 11.626 11.621 11.626 11.612 11.619 11.641 9.150 11.662 8.601 11.683 11.559 11.677 2.557 11.664
13.775 13.765 4.478 2.744 3.876 5.052 12.221 12.173 12.230 12.224 12.176 12.157 4.016 11.983 12.025 11.999 11.908 11.885 11.875 3.768 5.431 1.452 3.032 4.740 6.302 3.387 11.853 5.592 2.581 4.582 2.024 1.278 3.490 5.954 11.970 11.944 11.860 11.859 9.577 11.864 11.878 11.871 9.482 11.842 11.835 3.336 11.816 11.812 0.000 11.933 11.926 4.068 9.491 6.776 11.686 11.682 11.670 9.572 11.646 5.720 11.639 4.598 11.633 11.631 3.935 11.640 11.645 11.642 11.676 4.189 11.709 11.692 11.688 11.683 11.677
13.789 13.780 4.984 2.239 12.136 12.124 12.126 12.167 12.172 4.516 12.160 4.437 3.725 11.970 11.974 4.892 4.444 11.875 11.859 7.697 6.389 1.762 3.910 11.906 11.939 3.079 11.920 4.486 11.826 3.005 11.911 1.879 12.030 4.025 11.984 11.965 11.947 11.908 11.902 11.839 11.893 5.463 11.862 11.853 1.773 11.844 11.840 1.301 11.946 11.942 3.442 5.087 11.738 6.700 11.711 11.691 11.679 11.671 11.663 11.660 11.643 11.649 11.637 11.650 11.639 11.638 11.660 11.675 7.319 4.194 11.714 11.709 11.692 6.148 11.646
