includes/camargue/floodfiles/results_R2_t1.562608011066E12/res.max
ncols         906
nrows         631
xllcorner     362177.146667
yllcorner     6534725.688020
cellsize      20.000000
NODATA_value  -9999.000000
[rows 442 to 475 of 631, columns 231 to 307 of 906]
3.888 3.908 3.978 3.938 3.978 3.558 3.058 2.206 2.195 2.374 2.384 2.493 2.413 2.392 2.462 2.901 2.621 3.259 2.158 2.287 2.287 0.375 2.463 2.343 1.452 2.321 2.470 2.208 2.498 2.077 2.656 2.436 2.146 1.245 1.423 1.503 2.332 1.377 2.193 1.690 2.099 2.818 2.898 2.088 1.099 2.458 2.518 2.488 2.447 2.296 2.445 2.804 2.813 2.751 2.640 2.590 1.488 1.746 2.735 2.335 1.905 1.422 1.620 1.349 2.717 2.866 1.463 2.332 3.061 1.409 2.267 2.217 1.325 1.942 2.842 3.970 0.829
4.048 4.098 3.938 3.948 3.908 3.888 3.838 2.717 2.436 2.345 2.395 2.484 2.463 2.473 2.483 3.662 4.162 1.251 2.168 1.998 1.378 2.307 2.306 2.274 2.094 2.453 2.582 0.091 2.319 2.099 1.688 2.527 2.017 2.187 1.726 2.466 2.324 2.132 2.590 1.147 1.475 2.074 1.253 3.553 3.052 2.411 2.550 2.460 2.179 2.327 2.336 2.535 2.445 1.584 1.532 1.981 0.790 1.408 1.417 2.466 1.565 2.224 2.564 1.612 2.479 1.679 1.246 3.722 3.032 4.021 4.201 2.000 1.640 1.309 4.488 1.925 1.205
4.078 4.158 3.978 3.937 4.058 3.987 3.447 2.737 2.607 2.246 2.356 2.305 2.385 2.424 2.273 2.563 3.803 2.563 1.151 2.270 2.199 2.309 2.048 1.286 2.285 2.685 1.354 2.294 2.142 1.771 2.201 1.460 1.349 2.289 2.318 2.477 2.327 1.655 2.453 2.413 1.991 2.178 2.267 3.475 1.084 2.333 2.252 2.482 2.290 2.200 1.848 1.777 2.616 1.737 1.116 0.924 0.953 1.631 2.361 1.419 1.917 1.976 1.905 2.524 2.062 2.302 2.601 1.999 1.697 1.856 1.324 4.043 3.353 2.372 3.970 1.578 1.988
4.177 4.037 4.027 4.027 3.977 4.097 3.827 2.997 3.137 2.727 3.416 3.376 2.866 2.435 2.194 4.323 3.223 2.103 2.052 2.011 2.390 2.290 1.759 2.128 2.347 2.436 1.586 2.514 2.113 1.923 2.013 1.872 2.012 2.370 2.520 2.399 2.629 2.218 1.817 2.105 1.973 2.030 2.178 3.666 2.817 2.536 2.576 2.555 1.654 1.922 2.391 1.381 1.610 2.390 1.749 1.567 1.736 1.464 2.452 1.491 1.579 1.928 1.877 1.776 1.805 2.623 2.842 2.842 2.631 2.120 1.367 2.016 1.455 3.775 4.083 0.771 1.920
4.137 4.047 4.027 4.147 4.047 3.967 3.927 3.926 3.877 3.836 3.656 3.486 2.836 2.356 3.765 2.634 2.404 2.443 3.313 2.252 2.131 2.691 2.180 2.319 2.399 1.598 2.457 2.146 1.275 2.334 2.004 1.913 2.223 2.302 2.541 1.951 2.191 2.140 2.150 2.189 1.958 1.367 1.395 1.753 1.690 2.738 2.648 2.558 1.637 2.557 0.905 2.465 1.964 2.154 0.862 0.930 1.427 1.535 2.564 1.393 1.692 1.811 1.940 2.079 2.448 2.117 1.715 2.194 1.974 1.803 1.101 1.789 2.219 4.398 1.576 1.735 2.173
4.106 4.076 4.126 4.076 4.046 4.056 4.056 3.946 4.006 3.836 4.006 3.806 3.676 3.756 3.485 2.865 2.384 2.334 2.253 2.393 2.382 2.171 1.971 2.560 1.960 2.179 2.279 1.359 1.798 1.287 2.356 2.105 2.345 1.814 1.994 2.454 2.343 2.163 1.893 2.123 2.823 2.793 3.043 3.363 1.574 2.590 2.780 2.500 2.440 2.258 2.288 2.697 1.516 2.036 2.066 1.113 1.450 0.959 1.837 1.657 1.566 2.014 1.853 1.972 2.280 2.039 2.068 1.957 1.866 2.106 2.545 2.093 4.072 3.962 1.289 2.126 2.006
4.216 4.156 4.156 4.216 4.136 4.116 4.046 4.056 3.996 3.846 3.846 3.806 3.826 4.526 3.185 2.205 2.374 2.494 2.493 2.403 2.483 2.082 2.462 2.611 2.121 1.790 2.150 2.350 2.000 2.029 2.228 1.477 2.597 2.257 2.256 2.396 1.716 2.265 2.375 2.235 2.564 2.854 3.104 3.894 1.048 2.532 2.562 2.451 2.561 0.821 2.560 1.259 2.118 2.208 1.688 0.956 1.184 1.643 1.751 3.410 1.939 2.248 2.747 1.975 1.983 2.011 2.021 2.180 1.619 2.268 2.276 1.765 3.960 2.183 1.603 1.200 1.918
4.446 4.166 4.156 4.215 4.085 4.155 4.025 3.995 3.955 3.975 3.885 3.875 4.325 3.865 3.875 2.905 2.895 2.624 2.544 2.473 2.553 2.522 2.412 2.512 2.321 2.321 2.861 2.290 2.220 2.290 2.350 1.159 2.838 2.768 2.648 2.678 2.818 2.807 2.777 2.576 2.806 3.015 3.145 3.955 2.041 2.604 2.334 2.633 2.203 2.293 2.581 2.071 2.230 1.540 2.639 1.989 1.758 2.336 1.864 2.052 3.581 3.651 2.519 2.047 1.855 2.093 2.142 2.112 2.052 2.382 0.460 1.978 4.367 1.076 1.996 2.066 1.444
4.195 4.235 4.245 4.275 4.145 4.075 4.105 4.015 3.975 4.065 3.905 4.045 3.995 3.925 3.865 3.625 2.414 2.544 2.614 2.533 2.613 2.612 2.582 2.612 2.422 2.181 2.281 2.071 2.351 2.330 2.350 2.290 2.839 2.799 2.859 2.399 2.738 2.738 2.738 2.637 2.817 2.986 3.076 3.746 1.892 1.488 2.456 2.245 2.044 2.594 1.293 2.212 2.251 2.311 2.220 1.839 1.818 2.137 2.316 2.405 2.223 3.382 2.081 1.819 2.367 1.526 1.565 1.725 2.204 2.544 1.884 4.482 3.950 1.329 2.007 1.797 1.838
4.165 4.215 4.215 4.235 4.345 4.105 4.145 4.095 4.094 4.034 4.304 4.034 4.054 3.924 3.904 3.774 2.754 2.314 2.463 2.663 2.803 2.773 2.772 2.452 2.322 2.282 2.212 2.471 2.431 2.381 2.261 2.920 2.870 2.840 2.880 2.780 2.789 2.749 2.709 2.668 2.808 2.968 3.217 3.697 1.712 2.469 2.768 1.877 2.406 1.915 2.305 2.174 1.213 1.702 2.021 1.820 2.080 2.538 2.138 3.267 2.376 2.305 1.783 1.992 1.410 1.619 2.048 1.727 2.966 2.056 1.855 3.952 1.883 1.872 1.540 2.429 2.289
4.254 4.354 4.274 4.244 4.214 4.224 4.124 4.094 4.074 4.194 4.204 4.054 4.124 4.064 3.984 3.854 3.774 2.914 2.373 2.493 2.733 2.653 2.652 2.512 2.292 2.272 2.222 2.621 2.501 2.381 2.231 3.041 2.861 2.891 2.840 2.850 2.670 2.790 2.770 2.640 2.730 2.699 2.879 3.709 0.755 2.439 2.519 2.319 2.397 1.586 2.165 2.045 1.784 2.153 2.372 2.632 2.101 2.050 3.339 3.008 3.048 2.147 1.566 2.575 1.023 2.171 2.470 2.020 2.428 2.808 1.547 4.416 3.386 1.344 1.632 1.911 2.300
4.304 4.214 4.194 4.474 4.484 4.464 4.344 4.234 4.254 4.154 4.164 4.113 4.203 4.163 4.123 4.063 3.903 3.533 3.583 3.133 2.243 2.563 2.252 2.752 2.802 2.732 2.742 2.042 2.292 2.081 2.341 3.061 3.071 3.181 3.201 3.251 3.211 3.291 3.451 3.571 3.691 3.661 3.831 3.911 3.741 0.636 2.402 2.171 1.489 2.187 2.196 2.226 1.775 2.154 2.243 2.163 2.372 2.741 2.540 2.650 2.879 1.908 1.807 2.396 1.275 2.444 1.723 2.232 2.222 1.440 2.040 3.945 1.578 1.806 1.804 1.832 2.321
4.124 4.194 4.213 4.273 4.183 4.283 4.133 4.233 3.993 4.483 4.163 4.063 4.083 4.083 4.143 4.093 4.103 4.073 4.163 3.973 3.443 3.693 3.472 3.352 3.252 3.462 3.582 3.422 3.162 3.802 3.892 3.772 3.722 3.802 3.712 3.742 3.822 3.961 3.751 3.771 3.791 3.821 3.831 4.171 3.771 3.681 3.230 1.795 2.191 2.188 1.677 2.396 2.015 1.975 2.134 3.114 3.303 2.502 2.432 2.471 2.191 1.560 2.370 1.307 2.256 2.566 1.665 2.634 2.654 1.163 3.963 3.943 1.560 1.448 1.596 1.615 2.614
4.233 4.173 4.173 4.203 4.213 4.213 4.163 4.223 4.513 4.303 4.173 4.213 3.973 4.092 4.052 4.212 4.272 4.152 4.242 4.162 4.192 4.022 3.772 3.792 3.652 3.632 3.832 4.002 3.812 3.842 3.821 3.781 3.811 3.901 3.961 3.881 3.841 3.951 3.841 3.771 3.931 3.851 3.921 4.411 3.811 3.671 3.570 2.790 1.661 2.228 2.627 2.406 2.426 2.625 3.155 3.044 2.334 2.244 2.473 2.573 1.853 1.352 2.182 0.890 2.257 2.676 2.206 2.675 2.385 2.245 3.938 4.244 1.733 1.641 3.967 2.356 2.666
4.203 4.173 4.183 4.263 4.283 4.242 4.212 4.202 4.182 4.222 4.232 4.612 4.212 4.532 4.342 4.142 4.112 4.062 4.042 4.152 4.092 4.282 4.182 4.562 4.182 4.111 4.111 3.901 3.831 3.931 3.831 3.831 4.021 4.081 3.861 4.061 3.851 3.921 3.931 3.831 3.871 3.901 4.031 4.121 3.841 3.691 3.501 3.541 0.124 1.488 1.698 1.727 1.737 2.026 2.426 2.625 2.415 2.485 2.724 2.884 1.724 2.104 2.823 1.903 2.430 1.799 2.667 2.746 2.586 2.886 3.933 4.345 4.074 3.043 1.749 1.887 2.396
4.312 4.232 4.212 4.312 4.202 4.232 4.202 4.152 4.322 4.602 4.442 4.252 4.162 4.372 4.182 4.091 4.201 4.091 4.141 4.181 4.051 4.041 4.141 3.941 3.931 4.011 3.951 3.961 3.931 3.911 3.971 3.891 3.931 3.861 3.970 4.080 3.970 3.860 3.850 3.970 4.000 3.951 3.981 4.331 4.031 3.821 3.781 3.031 0.825 1.510 2.439 2.378 2.658 3.437 2.557 2.447 3.486 2.126 2.386 2.256 2.136 2.395 2.224 2.284 2.642 1.871 2.839 2.388 1.837 3.766 4.356 3.706 1.815 1.623 1.970 1.238 2.606
4.162 4.232 4.342 4.152 4.272 4.282 4.202 4.242 4.131 4.311 4.211 4.251 4.291 4.271 4.571 4.298 4.621 4.101 4.031 4.091 4.121 3.999 3.921 3.911 3.841 3.871 3.830 3.950 4.010 3.950 3.940 3.870 3.920 3.930 4.150 3.910 3.920 3.950 4.000 4.130 4.050 3.940 4.020 4.360 3.880 3.830 3.630 2.620 0.000 1.412 3.190 1.899 2.068 2.638 2.568 2.287 2.657 1.977 1.967 2.207 2.577 2.016 2.366 2.825 2.004 2.503 2.652 1.310 2.468 3.108 4.478 4.558 1.796 1.423 1.600 1.809 2.456
4.232 4.291 4.261 4.421 4.331 4.421 4.261 4.151 4.391 4.381 4.271 4.241 4.261 4.201 4.331 4.211 4.311 4.330 4.350 4.540 4.163 4.115 4.066 4.100 4.000 4.030 3.850 4.000 3.970 3.960 3.850 3.810 3.900 3.930 4.170 4.080 4.080 3.990 4.010 4.060 4.080 3.920 3.980 3.880 4.040 4.040 3.490 2.830 2.660 2.158 1.987 0.893 2.908 3.158 2.359 2.169 2.589 2.269 2.258 2.598 2.688 2.718 2.707 2.407 1.985 2.334 3.263 2.263 1.871 4.440 4.600 2.989 1.576 1.073 2.810 2.299 1.007
4.311 4.291 4.471 4.321 4.361 4.321 4.411 4.151 4.231 4.271 4.270 4.280 4.280 4.250 4.220 4.150 4.210 4.230 4.240 4.240 4.090 4.090 4.180 4.140 4.300 4.036 4.210 3.979 3.909 3.899 3.859 4.029 4.029 4.259 3.949 4.039 4.099 3.969 3.959 4.109 4.059 3.959 4.519 3.999 3.909 3.989 3.490 3.470 3.210 3.390 3.629 3.300 0.625 2.031 2.201 2.120 2.460 2.720 2.549 2.569 2.609 2.669 2.078 2.648 2.787 3.147 1.356 2.174 2.023 3.916 4.511 1.491 0.867 1.093 1.550 2.309 2.128
4.481 4.361 4.341 4.320 4.220 4.340 4.330 4.340 4.250 4.400 4.250 4.200 4.170 4.290 4.260 4.100 4.230 4.240 4.159 4.160 4.200 4.349 4.149 4.129 4.109 3.989 4.103 4.009 3.909 3.989 3.959 3.949 4.139 4.049 4.019 4.039 4.029 4.009 4.049 4.149 3.999 4.069 3.919 3.949 4.089 4.029 3.999 3.989 3.959 4.039 3.789 3.749 3.679 2.126 2.374 2.552 2.311 2.541 2.700 2.660 2.300 2.370 2.320 2.530 1.380 2.439 2.289 2.077 2.895 3.912 4.592 1.803 0.779 2.072 2.431 1.959 2.178
4.550 4.420 4.460 4.450 4.340 4.330 4.340 4.350 4.290 4.170 4.319 4.239 4.179 4.219 4.109 4.129 4.149 4.119 4.079 4.179 4.259 4.119 4.169 4.239 4.189 4.159 4.159 4.171 4.088 4.078 3.918 3.948 4.118 3.968 4.118 4.048 4.038 4.048 4.178 4.138 4.518 4.228 4.058 4.258 4.208 4.218 4.138 4.059 3.959 3.939 3.939 3.999 3.929 4.349 3.158 1.685 2.652 2.642 2.632 0.832 2.082 2.672 2.482 2.092 2.673 2.662 2.911 3.230 3.910 3.908 3.283 4.063 3.323 1.276 1.891 1.509 1.498
4.520 4.410 4.410 4.440 4.339 4.289 4.079 4.319 4.399 4.369 4.319 4.309 4.189 4.279 4.319 4.139 4.369 4.109 4.099 4.169 4.069 4.089 4.198 4.008 4.198 4.048 4.298 4.238 4.208 4.018 4.088 4.018 4.048 4.038 4.088 4.168 4.068 4.098 4.038 4.068 4.158 4.078 4.028 4.168 4.028 4.148 4.168 4.118 3.918 4.068 4.138 3.888 3.948 3.538 3.548 3.538 0.326 2.424 1.794 1.965 1.985 1.555 4.425 2.305 3.034 3.634 4.263 3.908 3.905 3.356 1.735 1.424 1.623 1.297 1.512 1.149 1.248
4.269 4.459 4.449 4.359 4.359 4.189 4.179 4.159 4.299 4.439 4.299 4.399 4.329 4.449 4.278 4.288 4.208 4.018 4.178 4.118 4.118 4.098 4.088 4.158 4.128 4.238 4.118 4.088 4.287 4.305 4.147 4.097 4.047 4.057 4.137 4.067 4.127 4.057 4.027 4.366 4.287 4.187 4.257 4.067 4.157 4.237 4.138 4.058 3.978 3.938 4.108 4.398 4.068 3.148 3.318 2.998 3.018 2.617 1.816 2.376 2.496 2.086 4.356 3.346 4.476 3.906 3.906 4.294 1.512 1.220 1.078 1.135 2.324 1.040 0.983 1.989 1.427
4.299 4.299 4.279 4.349 4.379 4.409 4.398 4.378 4.308 4.438 4.368 4.388 4.108 4.298 4.278 4.178 4.258 4.158 4.178 4.108 4.068 4.138 4.308 4.117 4.277 4.107 4.197 4.217 4.237 4.207 4.372 4.217 4.047 4.147 4.207 4.167 4.037 4.157 4.127 4.297 4.087 4.197 4.107 4.037 3.957 4.077 4.087 4.097 3.997 4.097 4.017 4.027 4.047 4.418 3.238 3.048 3.058 2.777 2.187 1.487 2.617 3.487 4.555 4.354 4.152 3.951 3.902 1.847 1.404 1.293 1.231 1.267 1.925 2.084 0.000 0.000 1.747
4.338 4.308 4.328 4.528 4.448 4.428 4.468 4.508 4.488 4.348 4.318 4.368 4.318 4.248 4.288 4.227 4.287 4.097 4.197 4.157 4.267 4.247 4.257 4.257 4.237 4.207 4.167 4.257 4.076 4.296 4.206 4.336 4.116 4.226 4.196 4.226 4.116 4.046 4.176 4.196 4.176 4.066 4.096 4.126 4.236 4.017 4.037 4.017 4.057 4.057 3.997 3.967 4.037 4.037 4.527 3.127 2.977 2.727 2.797 3.587 4.598 5.185 4.984 4.782 4.580 4.379 4.178 3.977 1.416 1.655 1.724 0.790 2.435 0.000 0.152 0.087 0.190
4.418 4.358 4.408 4.578 4.218 4.468 4.358 4.458 4.337 4.237 4.397 4.427 4.267 4.237 4.087 4.307 4.297 4.087 4.307 4.247 4.277 4.307 4.197 3.946 4.316 4.186 4.246 4.186 4.236 4.206 4.176 4.166 4.568 4.186 4.176 4.276 4.316 4.226 4.506 4.186 4.196 4.096 4.026 4.066 4.026 4.146 4.046 4.056 4.166 4.076 4.016 3.876 4.036 4.006 4.007 4.417 3.837 4.247 5.521 5.616 5.710 5.613 5.411 4.547 3.667 3.327 2.448 1.508 4.237 1.486 1.295 1.073 0.449 0.231 0.162 0.200 0.053
4.367 4.457 4.397 4.577 4.377 4.407 4.497 4.287 4.407 4.277 4.487 4.457 4.447 4.397 4.247 4.127 4.097 4.276 4.086 4.296 4.396 4.256 4.126 4.186 4.296 4.176 4.296 4.246 4.296 4.255 4.375 4.295 4.145 4.205 4.315 4.135 4.345 4.455 4.546 4.265 4.155 4.075 4.175 4.205 4.205 4.135 4.126 4.106 3.956 4.056 4.086 3.666 4.096 4.056 4.046 4.046 5.379 5.473 5.568 5.662 5.757 5.824 3.797 3.587 2.868 2.148 1.578 2.398 1.228 1.037 1.316 0.000 0.000 0.000 0.241 0.189 1.247
4.397 4.357 4.527 4.397 4.537 4.497 4.477 4.467 4.457 4.366 4.456 4.416 4.286 4.256 4.306 4.406 4.316 4.306 4.356 4.426 4.266 4.336 4.385 4.185 4.115 4.135 4.305 4.165 4.235 4.175 4.305 4.285 4.325 4.435 4.285 4.365 4.295 4.245 4.335 4.165 4.235 4.155 4.165 4.135 4.285 4.125 4.215 4.185 3.685 3.735 4.165 3.925 5.047 5.142 5.236 5.331 5.425 5.520 5.614 4.076 3.817 3.617 3.287 3.157 2.478 1.308 2.468 2.629 1.209 1.139 0.000 0.028 0.000 0.000 0.092 1.090 0.628
4.467 4.467 4.416 4.466 4.426 4.396 4.799 4.803 4.586 4.416 4.446 4.486 4.396 4.256 4.436 4.386 4.426 4.525 4.335 4.485 4.315 4.365 4.405 4.135 4.295 4.445 4.415 4.265 4.224 4.234 4.234 4.344 4.324 4.404 4.244 4.324 4.304 4.294 4.630 4.404 4.204 4.144 4.204 4.264 4.154 4.274 4.394 4.134 4.115 4.544 4.905 4.999 5.094 5.188 5.282 4.525 4.605 4.035 4.026 3.756 3.596 3.617 3.387 3.177 0.908 2.488 2.628 2.889 2.559 1.359 0.062 0.091 0.000 0.134 1.102 0.741 0.191
4.866 4.346 4.456 4.838 4.396 4.416 4.827 4.834 4.838 4.366 4.456 4.435 4.505 4.345 4.395 4.615 4.870 4.375 4.345 4.425 4.525 4.375 4.404 4.474 4.494 4.254 4.404 4.354 4.234 4.334 4.274 4.294 4.454 4.404 4.474 4.711 4.414 4.685 4.354 4.424 4.214 4.274 4.224 4.314 4.234 4.354 4.574 4.668 4.762 4.857 4.951 5.045 5.140 4.434 4.304 4.034 3.995 4.055 3.965 3.836 3.786 3.846 3.547 2.477 2.278 2.238 2.808 2.729 2.159 1.079 0.073 0.222 0.009 0.554 0.832 0.212 0.323
4.889 4.526 4.556 4.585 4.545 4.525 4.839 4.575 4.555 4.475 4.355 4.495 4.545 4.365 4.525 4.505 4.504 4.474 4.544 4.544 4.504 4.454 4.374 4.354 4.154 4.284 4.404 4.383 4.293 4.443 4.353 4.413 4.793 4.780 4.766 4.393 4.413 4.423 4.453 4.453 4.273 4.323 4.273 4.363 4.637 4.624 4.620 4.714 4.809 4.903 4.473 4.574 4.214 4.144 4.244 4.094 4.114 3.995 4.025 3.975 3.876 3.446 2.437 1.477 1.467 2.598 2.638 2.429 1.599 0.000 0.000 0.000 0.945 0.814 0.193 0.333 0.602
4.912 4.565 4.605 4.465 4.595 4.455 4.505 4.475 4.555 4.575 4.545 4.912 4.534 4.374 4.584 4.554 4.494 4.564 4.544 4.574 4.494 4.404 4.393 4.443 4.413 4.263 4.463 4.393 4.373 4.383 4.303 4.393 4.835 4.822 4.603 4.383 4.503 4.423 4.363 4.393 4.303 4.363 4.433 4.691 4.679 4.666 4.563 4.443 4.473 4.353 4.283 4.353 4.193 4.093 4.123 4.203 4.094 3.904 3.895 3.945 3.816 3.696 2.917 1.977 1.937 1.378 2.358 1.978 0.000 0.139 0.000 1.125 0.904 0.000 0.364 0.433 0.812
4.585 4.926 4.910 4.515 4.514 4.544 4.464 4.564 4.534 4.554 4.364 4.504 4.564 4.544 4.534 4.544 4.963 4.523 4.503 4.593 4.553 4.463 4.533 4.283 4.523 4.433 4.453 4.552 4.452 4.392 4.462 4.502 4.522 4.864 4.851 4.838 4.522 4.502 4.452 4.362 4.352 4.292 4.746 4.733 4.720 4.708 4.102 4.382 4.452 4.412 4.252 4.372 4.332 4.352 4.203 4.073 3.993 3.974 3.784 3.845 3.805 3.666 3.057 1.627 1.888 1.978 1.188 0.118 0.217 0.635 1.265 0.945 0.444 0.334 0.783 0.552 1.091
4.534 4.474 4.484 4.564 4.504 4.454 4.534 4.544 4.494 4.514 4.594 4.504 4.951 4.373 4.977 4.990 4.994 4.998 4.583 4.553 4.543 4.553 4.542 4.502 4.492 4.522 4.442 4.512 4.582 4.542 4.512 4.928 4.492 4.612 4.502 4.880 4.492 4.512 4.392 4.342 4.372 4.801 4.788 4.775 4.762 4.322 4.502 4.382 4.182 4.222 4.252 4.212 4.392 4.272 4.142 4.082 3.933 3.803 3.714 3.735 3.665 3.566 2.656 0.347 2.038 1.628 0.108 0.158 0.000 1.225 1.025 0.485 0.324 0.693 0.292 0.581 1.800
