includes/camargue/floodfiles/results_R2_t1.562608011066E12/res.max
ncols         906
nrows         631
xllcorner     362177.146667
yllcorner     6534725.688020
cellsize      20.000000
NODATA_value  -9999.000000
[rows 442 to 475 of 631, columns 77 to 153 of 906]
4.064 3.895 3.805 3.906 3.996 3.957 3.737 3.778 3.749 3.889 3.970 3.740 3.741 2.801 2.512 2.412 2.463 1.574 2.545 2.555 0.666 0.000 0.148 0.037 0.691 0.292 0.000 0.000 0.000 0.000 0.000 0.000 0.000 0.000 0.000 0.000 0.000 0.000 0.000 0.000 0.000 0.000 0.000 0.000 0.000 0.000 0.000 0.000 0.000 0.000 0.000 0.000 0.000 0.000 0.000 0.000 0.000 0.000 0.000 0.000 0.000 0.000 0.000 0.000 0.000 0.000 0.000 0.000 0.000 0.000 0.000 0.000 0.000 0.000 0.000 0.000 0.000
4.454 4.145 4.005 3.746 3.856 3.947 3.757 3.808 4.149 3.819 3.829 3.580 3.691 3.621 1.412 3.082 1.593 2.614 2.625 2.105 0.966 0.177 0.128 0.749 0.430 0.181 0.000 0.000 0.000 0.000 0.000 0.000 0.000 0.000 0.000 0.000 0.000 0.000 0.000 0.000 0.000 0.000 0.000 0.000 0.000 0.000 0.000 0.000 0.000 0.000 0.000 0.000 0.000 0.000 0.000 0.000 0.000 0.000 0.000 0.000 0.000 0.000 0.000 0.000 0.000 0.000 0.000 0.000 0.000 0.000 0.000 0.000 0.000 0.000 0.000 0.000 0.000
4.544 4.494 4.265 3.956 4.006 3.757 3.797 3.698 3.848 3.929 3.749 3.500 3.681 3.511 3.452 0.992 3.163 1.184 2.635 2.126 0.926 0.897 1.117 0.718 0.979 0.421 0.000 0.000 0.000 0.000 0.000 0.000 0.000 0.000 0.000 0.000 0.000 0.000 0.000 0.000 0.000 0.000 0.000 0.000 0.000 0.000 0.000 0.000 0.000 0.000 0.000 0.000 0.000 0.000 0.000 0.000 0.000 0.000 0.000 0.000 0.000 0.000 0.000 0.000 0.000 0.000 0.000 0.000 0.000 0.000 0.000 0.000 0.000 0.000 0.000 0.000 0.000
4.554 4.464 4.385 4.256 3.956 3.857 3.867 3.818 3.838 3.749 3.769 3.620 3.711 3.661 3.512 3.572 0.893 2.724 1.285 2.416 1.326 0.000 1.108 0.698 0.819 0.521 0.000 0.000 0.000 0.000 0.000 0.000 0.000 0.000 0.000 0.000 0.000 0.000 0.000 0.000 0.000 0.000 0.000 0.000 0.000 0.000 0.000 0.000 0.000 0.000 0.000 0.000 0.000 0.000 0.000 0.000 0.000 0.000 0.000 0.000 0.000 0.000 0.000 0.000 0.000 0.000 0.000 0.000 0.000 0.000 0.000 0.000 0.000 0.000 0.000 0.000 0.000
5.338 5.158 4.465 4.476 4.116 3.917 4.057 3.868 3.808 3.869 3.919 3.760 3.691 3.581 3.552 3.602 3.553 0.714 2.475 2.225 1.516 0.977 1.267 0.848 0.699 0.241 0.000 0.000 0.000 0.000 0.000 0.000 0.000 0.000 0.000 0.000 0.000 0.000 0.000 0.000 0.000 0.000 0.000 0.000 0.000 0.000 0.000 0.000 0.000 0.000 0.000 0.000 0.000 0.000 0.000 0.000 0.000 0.000 0.000 0.000 0.000 0.000 0.000 0.000 0.000 0.000 0.000 0.000 0.000 0.000 0.000 0.000 0.000 0.000 0.000 0.000 0.000
5.477 5.293 4.565 4.525 4.386 4.057 3.997 3.608 3.878 3.709 3.899 3.820 3.711 3.901 3.662 3.602 3.543 3.173 0.654 2.355 0.796 0.357 0.768 1.198 0.460 0.060 0.000 0.000 0.000 0.000 0.000 0.000 0.000 0.000 0.000 0.000 0.000 0.000 0.000 0.000 0.000 0.000 0.000 0.000 0.000 0.000 0.000 0.000 0.000 0.000 0.000 0.000 0.000 0.000 0.000 0.000 0.000 0.000 0.000 0.000 0.000 0.000 0.000 0.000 0.000 0.000 0.000 0.000 0.000 0.000 0.000 0.000 0.000 0.000 0.000 0.000 0.000
5.537 5.327 5.116 4.906 4.286 4.087 3.977 4.038 3.908 3.849 3.719 3.950 3.910 3.671 3.762 3.582 3.603 3.403 2.544 0.575 0.916 0.577 0.000 1.199 0.200 0.000 0.000 0.000 0.000 0.000 0.000 0.000 0.000 0.000 0.000 0.000 0.000 0.000 0.000 0.000 0.000 0.000 0.000 0.000 0.000 0.000 0.000 0.000 0.000 0.000 0.000 0.000 0.000 0.000 0.000 0.000 0.000 0.000 0.000 0.000 0.000 0.000 0.000 0.000 0.000 0.000 0.000 0.000 0.000 0.000 0.000 0.000 0.000 0.000 0.000 0.000 0.000
5.572 5.361 5.151 4.555 4.476 4.267 4.247 4.038 4.118 3.989 3.829 3.820 3.761 3.841 3.732 3.672 3.613 3.704 3.344 2.135 0.856 0.637 0.588 0.338 0.219 0.000 0.000 0.000 0.000 0.000 0.000 0.000 0.000 0.000 0.000 0.000 0.000 0.000 0.000 0.000 0.000 0.000 0.000 0.000 0.000 0.000 0.000 0.000 0.000 0.000 0.000 0.000 0.000 0.000 0.000 0.000 0.000 0.000 0.000 0.000 0.000 0.000 0.000 0.000 0.000 0.000 0.000 0.000 0.000 0.000 0.000 0.000 0.000 0.000 0.000 0.000 0.266
5.606 5.395 5.185 4.974 4.496 4.176 4.057 4.068 3.998 3.859 3.989 3.750 3.870 3.571 3.622 3.952 3.713 3.744 3.644 3.405 1.865 0.637 0.000 0.067 0.000 0.000 0.000 0.000 0.000 0.000 0.000 0.000 0.000 0.000 0.000 0.000 0.000 0.000 0.000 0.000 0.000 0.000 0.000 0.000 0.000 0.000 0.000 0.000 0.000 0.000 0.000 0.000 0.000 0.000 0.000 0.000 0.000 0.000 0.000 0.000 0.000 0.000 0.000 0.000 0.000 0.000 0.000 0.000 0.000 0.000 0.000 0.000 0.000 0.000 0.000 0.713 1.205
5.640 5.429 5.219 5.008 4.798 4.316 4.107 4.038 4.008 3.869 3.789 3.740 3.651 3.781 3.642 3.702 3.753 3.514 3.454 3.535 3.305 0.746 0.000 0.000 0.018 0.000 0.000 0.000 0.000 0.000 0.000 0.000 0.000 0.000 0.000 0.000 0.000 0.000 0.000 0.000 0.000 0.000 0.000 0.000 0.000 0.000 0.000 0.000 0.000 0.000 0.000 0.000 0.000 0.000 0.000 0.000 0.000 0.000 0.000 0.000 0.000 0.000 0.000 0.000 0.000 0.000 0.000 0.000 0.000 0.000 0.000 0.000 0.000 0.800 1.033 0.950 1.354
5.674 5.463 5.253 5.042 4.858 4.506 4.467 4.107 3.968 3.949 3.789 3.860 3.880 3.811 3.842 3.622 3.743 3.633 3.604 3.465 3.395 2.676 0.707 0.419 0.021 0.015 0.000 0.000 0.000 0.000 0.000 0.000 0.000 0.000 0.000 0.000 0.000 0.000 0.000 0.000 0.000 0.000 0.000 0.000 0.000 0.000 0.000 0.000 0.000 0.000 0.000 0.000 0.000 0.000 0.000 0.000 0.000 0.000 0.000 0.000 0.000 0.000 0.000 0.000 0.000 0.000 0.000 0.000 0.000 0.000 0.000 0.513 1.130 1.166 1.392 0.970 1.533
5.718 5.497 5.287 4.565 4.506 4.356 4.297 4.117 4.098 4.119 3.949 3.990 3.850 3.661 3.772 3.792 3.703 3.493 3.874 3.585 3.255 2.946 0.647 0.529 0.000 0.000 0.000 0.000 0.000 0.000 0.000 0.000 0.000 0.000 0.000 0.000 0.000 0.000 0.000 0.000 0.000 0.000 0.000 0.000 0.000 0.000 0.000 0.000 0.000 0.000 0.000 0.000 0.000 0.000 0.000 0.000 0.000 0.000 0.000 0.000 0.000 0.169 0.131 0.209 0.000 0.000 0.000 0.000 0.000 0.578 0.964 0.785 1.168 1.453 1.031 1.579 2.023
5.767 5.545 5.323 5.110 4.456 4.486 4.417 4.397 4.178 3.979 3.929 4.100 3.920 3.631 3.771 3.572 3.573 3.753 3.684 3.815 3.665 3.536 0.767 0.548 0.000 0.000 0.000 0.000 0.000 0.000 0.000 0.000 0.000 0.000 0.000 0.000 0.000 0.000 0.000 0.000 0.000 0.000 0.000 0.000 0.000 0.000 0.000 0.000 0.000 0.000 0.000 0.000 0.000 0.000 0.000 0.000 0.000 0.000 0.000 0.000 0.000 0.001 0.703 0.643 0.662 0.561 0.083 0.484 0.766 0.692 0.892 1.002 1.213 1.432 1.021 1.088 0.971
5.817 5.595 5.372 5.168 4.536 4.506 4.327 4.347 4.138 4.179 3.879 3.920 3.780 3.821 3.651 3.652 3.773 3.723 3.854 3.694 3.675 3.296 1.776 0.638 0.000 0.000 0.000 0.000 0.000 0.000 0.000 0.000 0.000 0.000 0.000 0.000 0.000 0.000 0.000 0.000 0.000 0.000 0.000 0.000 0.000 0.000 0.000 0.000 0.000 0.000 0.000 0.000 0.000 0.000 0.000 0.000 0.000 0.000 0.000 0.000 0.275 0.494 0.953 1.032 0.971 1.150 1.087 0.648 1.146 1.631 1.687 1.358 1.186 0.261 0.241 0.378 0.342
5.867 5.644 5.454 5.264 5.112 4.476 4.357 4.237 4.288 4.178 3.979 3.970 3.880 3.621 3.711 3.812 3.703 4.013 3.794 3.774 3.685 3.466 2.956 0.428 0.230 0.000 0.000 0.000 0.000 0.000 0.000 0.000 0.000 0.000 0.000 0.000 0.000 0.000 0.000 0.000 0.000 0.000 0.000 0.000 0.000 0.000 0.000 0.000 0.000 0.000 0.000 0.000 0.000 0.000 0.000 0.000 0.000 0.000 0.000 0.335 0.275 0.574 0.814 0.743 1.102 0.839 0.937 0.646 1.205 0.928 0.953 0.000 0.076 0.096 2.489 3.619 4.100
5.930 5.740 5.549 5.359 5.169 4.486 4.982 4.417 4.188 4.308 3.999 4.009 3.880 3.841 3.901 3.662 3.432 4.053 3.914 3.764 3.755 3.776 3.366 0.657 0.559 0.000 0.000 0.000 0.000 0.000 0.000 0.000 0.000 0.000 0.000 0.000 0.000 0.000 0.000 0.000 0.000 0.000 0.000 0.000 0.000 0.000 0.000 0.000 0.000 0.000 0.000 0.000 0.000 0.000 0.000 0.000 0.000 0.000 0.000 0.295 0.225 0.834 0.784 0.853 0.763 0.000 0.000 0.199 0.183 0.002 0.000 0.378 2.988 3.388 4.199 2.539 2.949
6.026 5.835 5.645 5.454 5.264 5.122 4.397 4.447 4.388 4.248 4.139 3.849 3.870 3.711 3.661 3.652 3.732 3.863 3.714 3.824 3.565 3.615 3.636 0.797 0.708 0.000 0.000 0.000 0.000 0.000 0.000 0.000 0.000 0.000 0.000 0.000 0.000 0.000 0.000 0.000 0.000 0.000 0.000 0.000 0.000 0.000 0.000 0.000 0.000 0.000 0.000 0.000 0.000 0.000 0.000 0.000 0.000 0.000 0.000 0.555 0.655 0.835 0.704 0.744 0.903 0.000 0.000 0.320 0.239 0.016 3.197 3.637 3.998 4.578 2.339 2.749 3.158
6.121 5.931 5.740 5.550 5.359 4.526 5.082 4.487 4.448 4.288 4.369 4.179 3.890 3.940 3.711 3.612 3.802 3.553 3.663 3.494 3.545 3.605 3.766 0.567 0.358 0.000 0.000 0.000 0.000 0.000 0.000 0.000 0.000 0.000 0.000 0.000 0.000 0.000 0.000 0.000 0.000 0.000 0.000 0.000 0.000 0.000 0.000 0.000 0.000 0.000 0.000 0.000 0.000 0.000 0.000 0.000 0.000 0.000 0.000 0.615 0.475 0.000 0.215 0.016 0.041 0.112 0.204 2.265 3.165 3.696 4.057 4.497 4.568 4.608 2.548 2.958 3.367
6.216 6.026 5.836 5.645 5.455 5.264 4.467 5.042 4.518 4.568 4.378 4.189 4.120 4.000 3.811 3.761 3.912 3.983 3.703 3.884 3.665 3.535 3.496 2.926 0.637 0.000 0.000 0.000 0.000 0.000 0.000 0.000 0.000 0.000 0.000 0.000 0.000 0.000 0.000 0.000 0.000 0.000 0.000 0.000 0.000 0.000 0.000 0.000 0.000 0.000 0.000 0.000 0.000 0.000 0.000 0.000 0.000 0.000 0.000 0.000 0.000 0.000 0.000 0.000 0.000 2.613 3.074 3.624 4.085 4.365 4.596 1.860 1.992 2.348 2.758 3.167 3.577
6.312 6.121 5.931 5.740 5.550 5.359 5.181 4.487 4.557 4.398 4.118 4.159 4.029 4.110 3.711 3.761 3.972 4.153 3.643 3.554 3.484 3.585 3.536 3.416 0.767 0.109 0.311 0.000 0.000 0.000 0.000 0.000 0.000 0.000 0.000 0.000 0.000 0.000 0.000 0.000 0.000 0.000 0.000 0.000 0.000 0.000 0.000 0.000 0.000 0.000 0.000 0.000 0.000 0.000 0.000 0.000 0.000 0.000 0.000 0.000 0.000 0.000 0.000 2.552 3.162 3.433 4.043 4.534 1.639 1.933 2.176 2.307 2.439 2.571 2.967 3.376 3.786
6.669 6.339 6.026 5.836 5.645 5.455 5.264 5.141 4.477 4.258 4.308 4.149 4.229 3.890 3.901 3.991 3.722 3.642 3.673 3.794 3.684 3.785 3.676 3.556 3.247 0.368 0.819 0.000 0.000 0.000 0.000 0.000 0.000 0.000 0.000 0.000 0.000 0.000 0.000 0.000 0.000 0.000 0.000 0.000 0.000 0.000 0.000 0.000 0.000 0.000 0.000 0.000 0.000 0.000 0.000 0.000 0.000 0.000 0.000 0.000 0.000 2.601 3.081 3.342 3.912 4.382 1.541 1.835 2.128 2.421 2.623 2.755 2.886 3.018 3.176 3.586 3.995
7.372 7.041 6.711 6.381 6.051 5.720 5.390 5.190 4.317 4.388 4.508 4.269 4.029 3.960 3.910 3.761 3.822 3.682 3.663 3.633 3.754 3.635 3.666 3.406 3.567 1.587 0.639 0.000 0.000 0.000 0.000 0.000 0.000 0.000 0.000 0.000 0.000 0.000 0.000 0.000 0.000 0.000 0.000 0.000 0.000 0.000 0.000 0.000 0.000 0.000 0.000 0.000 0.000 0.000 0.000 0.000 0.000 0.000 0.018 2.349 2.980 3.560 3.921 4.191 4.552 4.452 2.030 2.323 2.617 2.910 3.071 3.202 3.334 3.466 3.598 3.795 4.204
8.075 7.744 7.414 7.084 6.753 6.423 6.093 5.452 5.152 4.447 4.328 4.299 4.179 4.020 3.890 3.861 3.812 3.812 3.743 3.773 3.564 3.465 3.795 3.416 3.487 3.147 0.458 0.000 0.000 0.000 0.000 0.000 0.000 0.000 0.000 0.000 0.000 0.000 0.000 0.000 0.000 0.000 0.000 0.000 0.000 0.000 0.000 0.000 0.000 0.000 0.000 0.000 0.000 0.000 0.000 0.000 0.029 2.088 2.898 3.259 3.659 4.210 4.580 1.650 1.932 2.225 2.519 2.812 3.106 3.386 3.518 3.650 3.782 3.914 4.045 4.177 4.414
8.777 8.447 8.117 7.787 7.456 7.126 6.566 5.855 4.537 4.447 4.328 4.188 4.209 3.949 3.840 3.911 3.791 3.722 3.733 3.393 3.444 3.385 3.155 3.346 3.347 3.597 0.908 0.000 0.000 0.000 0.000 0.000 0.000 0.000 0.000 0.000 0.000 0.000 0.000 0.000 0.000 0.000 0.000 0.000 0.000 0.000 0.000 0.000 0.000 0.000 0.000 0.000 0.000 0.000 0.000 1.907 2.687 3.277 3.628 3.958 4.489 1.838 2.033 2.228 2.424 4.591 3.008 3.301 3.594 3.834 3.966 4.098 4.230 4.361 4.493 4.625 4.757
9.480 9.150 8.820 8.489 8.159 7.681 6.970 6.259 4.507 4.417 4.438 4.138 4.009 3.869 3.850 3.721 3.941 3.762 3.672 3.373 3.444 3.404 3.455 3.416 3.446 3.357 2.387 0.000 0.000 0.000 0.000 0.000 0.000 0.000 0.000 0.000 0.000 0.000 0.000 0.000 0.000 0.000 0.000 0.000 0.000 0.000 0.000 0.000 0.000 0.000 0.000 0.000 0.000 1.966 2.836 3.246 3.717 3.877 4.397 4.598 2.234 2.416 2.611 2.806 3.002 4.580 3.497 3.790 4.083 4.282 4.414 4.545 4.677 4.809 4.941 5.073 5.205
10.183 9.853 9.523 9.192 8.795 8.084 7.373 6.662 5.951 4.567 4.148 4.078 4.189 3.989 3.800 3.731 3.571 3.442 3.632 3.583 3.674 3.584 3.705 3.666 3.676 3.437 2.347 0.000 0.000 0.000 0.000 0.000 0.000 0.000 0.000 0.000 0.000 0.000 0.000 0.000 0.000 0.000 0.000 0.000 0.000 0.000 0.000 0.000 0.000 0.000 0.000 0.000 2.814 3.075 3.505 3.786 4.446 4.486 2.549 2.669 2.799 2.994 3.189 3.384 3.580 3.775 3.986 4.279 4.572 4.730 4.861 4.993 5.125 5.257 5.389 5.394 5.388
10.886 10.556 10.225 9.895 9.198 8.487 7.776 7.065 6.354 4.437 4.337 4.128 4.149 3.919 3.430 3.871 3.891 3.852 3.742 3.753 3.724 3.674 3.545 3.646 3.666 3.437 2.857 0.528 0.000 0.000 0.000 0.000 0.000 0.000 0.000 0.000 0.000 0.000 0.000 0.000 0.000 0.000 0.000 0.000 0.000 0.000 0.000 0.000 0.000 0.000 2.923 3.043 3.404 3.824 4.175 4.505 2.864 2.984 3.105 3.225 3.377 3.572 3.767 3.963 4.158 4.353 4.548 4.768 5.045 5.177 5.309 5.420 5.414 5.409 5.403 5.398 5.392
11.589 11.259 10.928 10.312 9.601 8.890 8.179 7.468 6.757 4.467 4.387 4.248 3.759 4.179 3.940 3.991 3.811 3.902 3.922 3.783 3.863 3.664 3.665 3.595 3.426 3.447 3.127 1.278 0.380 0.000 0.000 0.000 0.000 0.000 0.000 0.000 0.000 0.000 0.000 0.000 0.000 0.000 0.000 0.000 0.000 0.000 0.000 0.000 2.952 3.102 3.463 3.813 4.303 4.444 3.153 3.299 3.420 3.540 3.660 3.781 3.955 4.150 4.345 4.541 4.736 4.931 5.126 5.322 5.440 5.435 5.429 5.424 5.418 5.413 5.407 5.402 5.396
12.080 11.961 11.427 10.716 10.005 9.294 8.583 7.872 7.161 4.477 4.107 4.338 4.309 4.119 4.030 3.940 3.981 3.902 4.092 3.953 3.813 3.664 3.735 3.615 3.586 3.467 3.367 1.758 0.000 0.000 0.000 0.000 0.000 0.000 0.000 0.000 0.000 0.000 0.000 0.000 0.000 0.000 0.000 0.000 0.000 0.000 0.301 3.031 3.481 3.742 4.162 4.443 3.371 3.523 3.675 3.827 3.975 4.096 4.216 4.338 4.533 4.728 4.924 5.119 5.314 5.475 5.471 5.467 5.452 5.439 5.433 5.428 5.422 5.417 5.411 5.406 5.400
12.308 12.467 11.830 11.119 10.408 9.697 8.986 8.275 7.564 6.853 4.477 4.538 4.368 4.279 4.100 4.220 4.101 4.191 3.942 3.803 3.923 3.674 3.655 3.705 3.686 3.527 3.347 2.098 0.319 0.000 0.000 0.000 0.000 0.000 0.000 0.000 0.000 0.000 0.000 0.000 0.000 0.000 0.000 0.000 2.719 3.150 3.530 3.811 4.081 4.481 3.408 3.741 3.893 4.046 4.198 4.350 4.503 4.651 4.772 4.916 5.111 5.307 5.502 5.505 5.501 5.497 5.493 5.489 5.469 5.449 5.437 5.432 5.426 5.421 5.415 5.410 5.409
12.220 11.981 11.520 10.987 10.454 9.921 9.388 8.678 7.967 7.256 6.546 5.835 5.338 4.469 4.460 4.200 4.351 4.031 4.062 3.823 3.683 3.804 3.625 3.905 3.616 3.606 3.377 2.458 1.398 0.320 0.000 0.000 0.000 0.000 0.000 0.000 0.000 0.000 0.000 0.000 0.000 2.397 2.878 3.138 3.479 3.879 4.090 2.923 3.288 3.653 4.018 4.264 4.416 4.568 4.721 4.873 5.025 5.178 5.327 5.494 5.538 5.535 5.531 5.527 5.523 5.520 5.516 5.506 5.486 5.466 5.445 5.436 5.430 5.425 5.419 5.414 5.419
11.798 11.467 11.107 10.574 10.041 9.508 8.975 8.442 7.909 7.376 6.843 6.238 5.527 5.310 4.540 4.300 4.241 4.211 4.232 4.143 3.843 3.894 3.864 3.495 3.606 3.666 3.367 2.758 1.618 1.369 0.000 0.000 0.000 0.000 0.344 0.006 0.895 1.635 2.136 2.796 2.986 3.257 3.587 3.858 4.038 4.489 3.168 3.533 3.897 4.262 4.627 4.787 4.939 5.091 5.244 5.396 5.548 5.607 5.612 5.565 5.561 5.557 5.553 5.550 5.546 5.542 5.538 5.524 5.503 5.483 5.462 5.442 5.434 5.429 5.424 5.418 5.430
11.283 10.952 10.620 10.161 9.628 9.095 8.562 8.029 7.496 6.963 6.430 5.897 5.518 5.552 5.506 5.430 5.354 4.541 4.372 4.413 4.343 4.444 4.024 3.875 3.586 3.476 3.307 3.017 2.148 1.809 1.560 1.201 1.192 0.873 1.273 1.894 2.534 2.935 3.225 3.535 3.696 3.946 4.397 3.579 3.728 3.876 4.024 4.173 4.507 4.872 5.157 5.310 5.462 5.614 5.684 5.689 5.695 5.700 5.683 5.627 5.583 5.580 5.576 5.572 5.568 5.565 5.561 5.541 5.520 5.500 5.479 5.459 5.439 5.433 5.428 5.425 5.440
10.768 10.437 10.106 9.748 9.215 8.682 8.149 7.616 7.083 6.550 6.017 5.786 5.554 5.616 5.797 5.800 5.724 5.648 5.572 5.496 4.533 4.544 4.424 4.405 4.105 3.796 3.567 3.077 2.698 2.089 1.870 1.831 1.901 2.312 2.832 3.143 3.504 3.794 3.985 4.185 3.996 4.156 4.307 4.456 4.604 4.753 4.901 5.049 5.198 5.482 5.680 5.761 5.766 5.771 5.777 5.783 5.788 5.793 5.753 5.697 5.641 5.602 5.598 5.595 5.591 5.587 5.578 5.558 5.537 5.517 5.496 5.476 5.456 5.437 5.432 5.435 5.451
