includes/camargue/floodfiles/results_R2_t1.562608011066E12/res.totaltm
ncols         906
nrows         631
xllcorner     362177.146667
yllcorner     6534725.688020
cellsize      20.000000
NODATA_value  -9999.000000
[rows 462 to 494 of 631, columns 75 to 149 of 906]
14.500 14.500 14.095 13.229 12.683 12.676 12.761 13.063 13.342 13.967 10.062 8.965 13.318 12.063 14.144 9.629 13.983 13.972 8.347 8.174 13.752 13.740 13.705 13.698 13.667 7.824 7.274 1.362 11.689 0.000 0.000 0.000 0.000 0.000 0.000 0.000 0.000 0.000 0.000 0.000 0.000 0.000 0.000 0.000 0.000 0.000 0.000 0.000 0.000 0.000 0.000 0.000 0.000 0.000 0.000 0.000 0.000 0.000 0.000 0.000 0.000 0.000 0.000 6.157 6.857 7.081 13.380 13.402 4.429 4.853 5.178 5.573 6.037 6.261 6.479
14.500 14.500 14.500 14.500 13.950 13.432 12.971 12.533 12.093 11.909 9.077 14.318 14.306 13.713 12.349 14.042 14.004 8.196 13.897 10.300 12.974 8.080 13.732 8.194 13.669 7.462 13.554 4.804 3.683 0.000 0.000 0.000 0.000 0.000 0.000 0.000 0.000 0.000 0.000 0.000 0.000 0.000 0.000 0.000 0.000 0.000 0.000 0.000 0.000 0.000 0.000 0.000 0.000 0.000 0.000 0.000 0.000 0.000 0.000 0.000 0.459 5.668 6.712 7.587 13.428 13.424 13.420 13.409 5.061 5.422 6.019 6.509 6.744 6.955 7.197
14.500 14.500 14.500 14.500 14.500 14.500 14.500 14.500 14.500 14.500 14.500 14.371 14.279 14.233 14.171 14.079 13.598 13.957 13.909 13.894 13.498 13.823 7.789 7.473 13.657 8.459 13.554 7.291 1.589 0.000 0.000 0.000 0.000 0.000 0.000 0.000 0.000 0.000 0.000 0.000 0.000 0.000 0.000 0.000 0.000 0.000 0.000 0.000 0.000 0.000 0.000 0.000 0.000 0.000 0.000 0.000 0.000 0.000 0.497 5.333 6.600 6.995 13.476 13.472 13.467 4.653 4.964 5.263 5.819 6.359 6.792 7.292 7.572 7.877 8.154
14.500 14.500 14.500 14.500 14.500 14.500 14.500 14.500 14.500 14.500 11.110 13.667 12.432 12.365 14.165 8.804 8.627 13.947 9.210 8.160 9.227 7.363 7.592 7.364 6.899 7.366 7.451 13.504 3.610 0.000 0.000 0.000 0.000 0.000 0.000 0.000 0.000 0.000 0.000 0.000 0.000 0.000 0.000 0.000 0.000 0.000 0.000 0.000 0.000 0.000 0.000 0.000 0.000 0.000 0.000 0.000 0.000 5.202 6.253 7.042 7.866 13.513 13.510 4.844 5.067 5.295 5.589 13.891 6.625 7.136 7.722 8.254 8.461 8.654 8.851
14.500 14.500 14.500 14.500 14.500 14.500 14.500 14.500 14.500 14.039 9.828 11.541 14.333 8.891 8.756 8.704 8.923 8.052 13.894 8.570 8.011 7.313 7.585 7.424 7.647 7.489 8.317 8.799 6.029 0.000 0.000 0.000 0.000 0.000 0.000 0.000 0.000 0.000 0.000 0.000 0.000 0.000 0.000 0.000 0.000 0.000 0.000 0.000 0.000 0.000 0.000 0.000 0.000 0.000 0.000 5.271 6.564 7.170 9.332 13.554 13.551 13.547 5.260 5.575 6.014 6.354 6.647 13.907 7.502 8.168 8.630 8.933 9.133 9.331 9.679
14.500 14.500 14.500 14.500 14.500 14.500 14.500 14.500 14.500 13.950 12.007 10.425 8.785 8.681 14.114 8.915 8.268 8.125 7.710 7.432 7.922 7.745 8.429 8.114 13.708 13.679 13.662 8.237 5.670 0.000 0.000 0.000 0.000 0.000 0.000 0.000 0.000 0.000 0.000 0.000 0.000 0.000 0.000 0.000 0.000 0.000 0.000 0.000 0.000 0.000 0.000 0.000 0.000 0.000 6.546 6.907 7.544 13.600 13.597 13.591 5.862 6.086 6.343 6.642 6.934 7.295 7.697 8.634 8.644 8.955 9.388 9.735 9.873 10.026 10.192
14.500 14.500 14.500 14.500 14.500 14.500 14.500 14.500 14.500 14.488 12.381 9.532 10.061 9.617 14.128 8.397 7.416 9.271 13.967 8.436 8.162 9.480 9.368 9.754 7.665 13.701 13.679 7.622 6.630 1.897 0.000 0.000 0.000 0.000 0.000 0.000 0.000 0.000 0.000 0.000 0.000 0.000 0.000 0.000 0.000 0.000 0.000 0.000 0.000 0.000 0.000 0.000 6.746 6.883 7.344 13.658 13.653 13.648 6.402 6.610 6.813 7.013 7.287 7.684 8.128 8.455 8.746 9.211 9.417 9.790 10.106 10.268 10.503 12.538 12.010
14.500 14.500 14.500 14.500 14.500 14.500 14.500 14.500 14.500 14.500 13.185 9.755 10.352 9.562 8.092 14.123 8.971 14.023 8.201 8.912 9.830 8.849 13.922 10.564 13.775 11.408 7.417 7.958 7.113 4.380 1.845 0.000 0.000 0.000 0.000 0.000 0.000 0.000 0.000 0.000 0.000 0.000 0.000 0.000 0.000 0.000 0.000 0.000 0.000 0.000 6.786 6.969 7.490 13.751 13.745 13.738 6.846 7.136 7.374 7.632 7.911 8.159 8.446 8.739 9.034 9.338 9.738 10.021 10.250 10.575 12.730 12.604 12.596 12.564 12.267
14.500 14.500 14.500 14.500 14.500 14.500 14.500 14.500 14.500 14.500 14.291 9.438 8.692 9.719 9.863 9.360 9.078 8.874 8.890 8.589 14.023 13.975 12.744 10.522 13.784 9.978 8.133 7.957 7.996 5.059 0.000 0.000 0.000 0.000 0.000 0.000 0.000 0.000 0.000 0.000 0.000 0.000 0.000 0.000 0.000 0.000 0.000 0.000 1.188 6.839 7.538 13.739 13.807 13.881 7.249 7.621 7.947 8.251 8.485 8.670 8.852 9.031 9.335 9.732 9.944 10.177 10.469 12.348 12.490 12.763 12.769 12.741 12.772 12.664 12.453
14.500 14.500 14.500 14.500 14.500 14.500 14.500 14.500 14.500 14.500 14.500 13.309 9.347 9.781 9.430 9.444 8.851 14.161 11.819 14.109 12.102 8.567 13.927 9.934 12.217 13.762 13.714 7.908 7.322 5.390 1.359 0.000 0.000 0.000 0.000 0.000 0.000 0.000 0.000 0.000 0.000 0.000 0.000 0.000 0.000 0.000 6.435 7.030 7.658 13.662 13.692 13.786 7.315 13.892 13.662 11.842 10.641 9.949 9.598 9.735 9.802 9.943 10.170 10.449 11.231 12.026 12.316 12.759 12.913 12.960 12.847 12.817 12.830 12.785 12.597
14.500 14.500 14.500 14.500 14.500 14.500 14.500 14.500 14.500 14.500 14.500 14.500 12.652 11.293 10.713 9.647 12.274 10.758 14.185 8.586 11.962 8.412 7.939 10.556 7.946 13.753 8.931 9.117 7.462 5.902 4.592 1.358 0.000 0.000 0.000 0.000 0.000 0.000 0.000 0.000 0.000 0.000 0.000 5.813 6.736 7.077 7.664 13.893 13.887 6.502 7.107 8.133 8.621 14.165 14.255 13.741 12.593 11.553 10.891 10.534 10.553 10.872 11.771 11.848 12.145 12.477 12.831 13.082 13.110 13.057 12.930 12.885 12.849 12.828 12.703
14.500 14.500 14.500 14.500 14.500 14.500 14.500 14.500 14.500 14.500 14.500 14.500 13.702 12.307 11.047 11.213 10.123 9.889 10.615 8.920 12.524 8.835 8.273 9.672 8.389 7.540 9.189 13.692 7.388 6.461 4.897 4.547 0.000 0.000 0.000 0.000 1.738 0.300 3.531 4.907 5.473 6.614 6.871 7.276 7.883 9.027 13.915 13.982 6.879 7.622 8.362 8.932 9.635 14.500 14.500 14.500 14.027 13.270 13.191 12.896 12.094 11.616 12.103 12.320 12.606 12.920 13.169 13.266 13.259 13.127 13.006 12.942 12.876 12.796 12.749
14.500 14.500 14.500 14.500 14.500 14.500 14.500 14.500 14.500 14.500 14.500 13.588 12.364 11.333 10.758 12.644 11.881 11.895 12.615 9.851 10.622 9.672 9.109 11.468 8.599 8.344 7.780 7.523 7.217 6.953 5.515 5.186 4.881 4.323 4.422 3.270 4.366 5.202 6.106 6.757 7.216 7.798 8.014 8.444 14.185 7.672 8.037 9.501 9.064 8.949 9.347 9.898 10.236 14.500 14.500 14.500 14.500 14.500 14.121 13.473 12.229 11.994 12.154 12.741 13.025 13.269 13.401 13.439 13.407 13.184 13.069 12.985 12.894 12.784 12.635
14.500 14.500 14.500 14.500 14.500 14.500 14.500 14.500 14.500 14.500 13.907 12.624 11.537 11.114 10.816 11.606 13.441 12.946 12.273 11.703 12.712 10.996 9.426 10.269 9.280 9.251 8.714 8.205 7.718 6.858 6.348 5.474 5.259 5.161 5.259 5.648 6.579 7.076 7.721 8.203 8.507 8.888 8.496 8.777 9.218 9.326 9.634 10.409 10.264 10.220 10.310 10.681 10.974 14.500 14.500 14.500 14.500 14.500 14.472 14.088 12.417 12.349 12.487 12.771 13.376 13.529 13.589 13.588 13.480 13.239 13.120 13.016 12.902 12.758 12.573
14.500 14.500 14.500 14.500 14.500 14.500 14.500 14.500 14.500 14.500 12.853 12.061 11.658 11.231 10.869 11.259 12.351 13.848 14.195 12.187 12.372 11.424 11.305 11.755 10.951 10.854 10.780 9.267 8.778 8.359 7.344 6.980 6.619 7.039 7.226 7.808 8.316 8.633 9.221 9.288 9.458 9.744 9.919 10.104 10.317 10.498 10.686 11.413 11.484 11.784 11.420 11.369 11.348 14.500 14.500 14.500 14.500 14.500 14.500 14.186 12.706 12.764 12.895 13.065 13.410 13.731 13.746 13.709 13.522 13.286 13.158 13.035 12.897 12.720 12.478
14.500 14.500 14.500 14.500 14.500 14.500 14.500 14.500 14.500 13.124 12.612 12.182 11.739 11.311 10.920 11.198 11.836 12.886 14.333 14.496 13.185 12.219 12.058 12.006 11.604 11.495 11.408 11.320 11.228 11.127 9.404 9.201 8.742 8.842 8.942 9.440 10.116 10.254 10.408 10.563 10.716 10.873 11.094 11.367 11.739 11.960 11.941 12.581 12.156 11.909 11.807 12.105 12.996 14.500 14.500 14.500 14.500 14.500 14.500 13.983 13.065 13.173 13.318 13.458 13.587 13.787 13.894 13.838 13.542 13.319 13.176 12.995 12.733 12.396 11.998
14.500 14.500 14.500 14.500 14.500 14.500 14.500 14.500 13.793 13.232 12.725 12.261 11.810 11.380 10.969 11.265 11.697 12.413 13.536 14.500 14.500 14.500 14.231 13.224 12.606 12.426 12.276 12.141 12.015 11.897 11.788 11.676 11.356 10.857 11.056 11.264 11.475 11.711 11.988 12.211 12.279 12.385 12.423 12.302 12.283 12.262 12.307 12.491 12.303 12.277 12.537 13.198 14.134 14.500 14.500 14.500 14.500 14.500 14.500 13.868 13.443 13.573 13.694 13.793 13.851 13.853 13.915 13.869 13.482 13.195 12.875 12.727 12.619 12.402 12.123
14.500 14.500 14.500 14.500 14.500 14.500 14.500 14.500 13.899 13.328 12.807 12.334 11.882 11.449 11.013 11.364 11.745 12.280 13.259 14.500 14.500 14.500 14.500 14.500 14.500 14.500 14.500 14.500 14.500 13.920 13.236 12.859 12.463 12.357 12.474 12.549 12.616 12.684 12.755 12.833 12.929 13.154 12.950 12.870 12.802 12.753 12.774 12.857 12.738 12.912 13.393 14.082 14.500 14.500 14.500 14.500 14.500 14.500 14.500 13.915 13.784 13.869 13.936 13.956 13.921 13.855 13.759 13.723 13.433 13.158 12.962 12.847 12.723 12.503 12.231
14.500 14.500 14.500 14.500 14.500 14.500 14.500 14.500 14.500 13.411 12.873 12.421 11.957 11.518 11.084 11.476 11.856 12.366 13.505 14.500 14.500 14.500 14.500 14.500 14.500 14.500 14.500 14.500 14.500 14.500 14.500 13.240 12.483 12.925 13.416 13.616 13.846 14.135 14.500 14.500 14.500 14.500 14.500 14.500 14.308 14.017 13.878 13.838 13.743 13.957 14.181 14.500 14.500 14.500 14.500 14.500 14.500 14.500 14.500 14.003 13.893 13.903 13.899 13.902 13.977 13.945 13.882 13.582 13.498 13.290 13.107 12.983 12.854 12.643 12.339
14.500 14.500 14.500 14.500 14.500 14.500 14.500 14.500 14.500 14.065 12.915 12.489 12.035 11.589 11.202 11.606 12.003 12.571 14.500 14.500 14.500 14.500 14.500 14.500 14.500 14.500 14.500 14.500 14.500 14.500 14.500 13.428 12.959 14.084 14.500 14.500 14.500 14.500 14.500 14.500 14.500 14.500 14.500 14.500 14.500 14.500 14.500 14.500 14.500 14.500 14.500 14.500 14.500 14.500 14.500 14.500 14.500 14.500 14.500 13.930 13.977 14.061 14.125 14.173 14.149 14.100 13.954 13.621 13.309 13.426 13.256 13.129 12.998 12.790 12.418
14.500 14.500 14.500 14.500 14.500 14.500 14.500 14.500 14.500 14.500 13.758 12.687 12.083 11.658 11.325 11.737 12.176 12.986 14.500 14.500 14.500 14.500 14.500 14.500 14.500 14.500 14.500 14.500 14.500 14.500 14.500 13.542 14.442 14.500 14.500 14.500 14.500 14.500 14.500 14.500 14.500 14.500 14.500 14.500 14.500 14.500 14.500 14.500 14.500 14.500 14.500 14.500 14.500 14.500 14.500 14.500 14.500 14.500 14.500 14.256 14.323 14.395 14.434 14.409 14.377 14.293 14.027 13.677 13.434 13.339 13.393 13.269 13.134 12.929 12.454
14.500 14.500 14.500 14.500 14.500 14.500 14.500 14.500 14.500 14.500 14.500 13.460 12.464 11.695 11.462 11.970 12.486 13.134 14.500 14.500 14.500 14.500 14.500 14.500 14.500 14.500 14.500 14.500 14.500 14.500 14.500 14.500 14.500 14.500 14.500 14.500 14.500 14.500 14.500 14.500 14.500 14.500 14.500 14.500 14.500 14.500 14.500 14.500 14.500 14.500 14.500 14.500 14.500 14.500 14.500 14.500 14.500 14.500 14.500 14.500 14.500 14.500 14.500 14.500 14.500 14.454 14.121 13.797 13.576 13.440 13.379 13.403 13.270 13.034 12.653
14.500 14.500 14.500 14.500 14.500 14.500 14.500 14.500 14.500 14.500 14.500 14.500 13.179 12.183 11.479 11.768 12.022 12.393 13.030 14.500 14.500 14.500 14.500 14.500 14.500 14.500 14.500 14.500 14.500 14.500 14.500 14.500 14.500 14.500 14.500 14.500 14.500 14.500 14.500 14.500 14.500 14.500 14.500 14.500 14.500 14.500 14.500 14.500 14.500 14.500 14.500 14.500 14.500 14.500 14.500 14.500 14.500 14.500 14.500 14.500 14.500 14.500 14.500 14.500 14.500 14.500 14.224 13.934 13.735 13.592 13.467 13.447 13.411 13.117 12.994
14.500 14.500 14.500 14.500 14.500 14.500 14.500 14.500 14.500 14.500 14.500 14.500 13.756 12.627 12.017 11.671 11.752 12.054 12.441 13.138 14.500 14.500 14.500 14.500 14.500 14.500 14.500 14.500 14.500 14.500 14.500 14.500 14.500 14.500 14.500 14.500 14.500 14.500 14.500 14.500 14.500 14.500 14.500 14.500 14.500 14.500 14.500 14.500 14.500 14.500 14.500 14.500 14.500 14.500 14.500 14.500 14.500 14.500 14.500 14.500 14.500 14.500 14.500 14.500 14.500 14.500 14.500 14.291 13.972 13.810 13.715 13.631 13.687 13.907 14.500
14.500 14.500 14.500 14.500 14.500 14.500 14.500 14.500 14.500 14.500 14.500 14.500 14.500 13.068 12.603 12.193 11.859 11.747 12.091 12.489 13.263 14.500 14.500 14.500 14.500 14.500 14.500 14.500 14.500 14.500 14.500 14.500 14.500 14.500 14.500 14.500 14.500 14.500 14.500 14.500 14.500 14.500 14.500 14.500 14.500 14.500 14.500 14.500 14.500 14.500 14.500 14.500 14.500 14.500 14.500 14.500 14.500 14.500 14.500 14.500 14.500 14.500 14.500 14.500 14.500 14.500 14.500 14.500 14.500 14.500 14.500 14.500 14.500 14.500 14.500
14.500 14.500 14.500 14.500 14.500 14.500 14.500 14.500 14.500 14.500 14.500 14.500 14.500 13.718 13.231 12.773 12.377 12.010 11.761 12.127 12.538 13.409 14.500 14.500 14.500 14.500 14.500 14.500 14.500 14.500 14.500 14.500 14.500 14.500 14.500 14.500 14.500 14.500 14.500 14.500 14.500 14.500 14.500 14.500 14.500 14.500 14.500 14.500 14.500 14.500 14.500 14.500 14.500 14.500 14.500 14.500 14.500 14.500 14.500 14.500 14.500 14.500 14.500 14.500 14.500 14.500 14.500 14.500 14.500 14.500 14.500 14.500 14.500 14.500 14.500
14.500 14.500 14.500 14.500 14.500 14.500 14.500 14.500 14.500 14.500 14.500 14.500 14.500 14.500 13.962 13.471 12.960 12.582 12.171 11.828 12.212 12.594 13.584 14.500 14.500 13.809 13.323 14.340 14.500 14.500 14.500 14.500 14.500 14.500 14.500 14.500 14.500 14.500 14.500 14.500 14.500 14.500 14.500 14.500 14.500 14.500 14.500 14.500 14.500 14.500 14.500 14.500 14.500 14.500 14.500 14.500 14.500 14.500 14.500 14.500 14.500 14.500 14.500 14.500 14.500 14.500 14.500 14.500 14.500 14.500 14.500 14.500 14.500 14.500 14.500
14.500 14.500 14.500 14.500 14.500 14.500 14.500 14.500 14.500 14.500 14.500 14.500 14.500 14.500 14.500 14.500 13.682 13.201 12.751 12.384 12.081 12.220 12.656 13.200 12.851 12.678 13.481 14.500 14.500 14.500 14.500 14.500 14.500 14.500 14.500 14.500 14.500 14.500 14.500 14.500 14.500 14.500 14.500 14.500 14.500 14.500 14.500 14.500 14.500 14.500 14.500 14.500 14.500 14.500 14.500 14.500 14.500 14.500 14.500 14.500 14.500 14.500 14.500 14.500 14.500 14.500 14.500 14.500 14.500 14.500 14.500 14.500 14.500 14.500 14.500
14.500 14.500 14.500 14.500 14.500 14.500 14.500 14.500 14.500 14.500 14.500 14.500 14.500 14.500 14.500 14.500 14.500 13.926 13.442 12.935 12.632 12.318 12.228 12.470 12.502 12.985 14.064 14.500 14.500 14.500 14.500 14.500 14.500 14.500 14.500 14.500 14.500 14.500 14.500 14.500 14.500 14.500 14.500 14.500 14.500 14.500 14.500 14.500 14.500 14.500 14.500 14.500 14.500 14.500 14.500 14.500 14.500 14.500 14.500 14.500 14.500 14.500 14.500 14.500 14.500 14.500 14.500 14.500 14.500 14.500 14.500 14.500 14.500 14.500 14.500
14.500 14.500 14.500 14.500 14.500 14.500 14.500 14.500 14.500 14.500 14.500 14.500 14.500 14.500 14.500 14.500 14.500 14.500 14.500 13.661 13.256 12.967 12.427 12.310 12.744 13.341 14.500 14.500 14.500 14.500 14.500 14.500 14.500 14.500 14.500 14.500 14.500 14.500 14.500 14.500 14.500 14.500 14.500 14.500 14.500 14.500 14.500 14.500 14.500 14.500 14.500 14.500 14.500 14.500 14.500 14.500 14.500 14.500 14.500 14.500 14.500 14.500 14.500 14.500 14.500 14.500 14.500 14.500 14.500 14.500 14.500 14.500 14.500 14.500 14.500
14.500 14.500 14.500 14.500 14.500 14.500 14.500 14.500 14.500 14.500 14.500 14.500 14.500 14.500 14.500 14.500 14.500 14.500 14.500 14.474 13.509 12.991 12.504 12.427 12.834 13.489 14.500 14.500 14.500 14.500 14.500 14.500 14.500 14.500 14.500 14.500 14.500 14.500 14.500 14.500 14.500 14.500 14.500 14.500 14.500 14.500 14.500 14.500 14.500 14.500 14.500 14.500 14.500 14.500 14.500 14.500 14.500 14.500 14.500 14.500 14.500 14.500 14.500 14.500 14.500 14.500 14.500 14.500 14.500 14.500 14.500 14.500 14.500 14.500 14.500
14.500 14.500 14.500 14.500 14.500 14.500 14.500 14.500 14.500 14.500 14.500 14.500 14.500 14.500 14.500 14.500 14.500 14.500 14.500 14.500 13.593 13.064 12.912 12.845 12.795 13.603 14.500 14.500 14.500 14.500 14.500 14.500 14.500 14.500 14.500 14.500 14.500 14.500 14.500 14.500 14.500 14.500 14.500 14.500 14.500 14.500 14.500 14.500 14.500 14.500 14.500 14.500 14.500 14.500 14.500 14.500 14.500 14.500 14.500 14.500 14.500 14.500 14.500 14.500 14.500 14.500 14.500 14.500 14.500 14.500 14.500 14.500 14.500 14.500 14.500
14.500 14.500 14.500 14.500 14.500 14.500 14.500 14.500 14.500 14.500 14.500 14.500 14.500 14.500 14.500 14.500 14.500 14.500 14.500 14.500 13.749 13.314 13.310 13.238 13.127 13.686 14.500 14.500 14.500 14.500 14.500 14.500 14.500 14.500 14.500 14.500 14.500 14.500 14.500 14.500 14.500 14.500 14.500 14.500 14.500 14.500 14.500 14.500 14.500 14.500 14.500 14.500 14.500 14.500 14.500 14.500 14.500 14.500 14.500 14.500 14.500 14.500 14.500 14.500 14.500 14.500 14.500 14.500 14.500 14.500 14.500 14.500 14.500 14.500 14.500
