includes/overflow_coast_h/floodfiles/results/res-0006.wdfp
ncols         906
nrows         631
xllcorner     362177.146670
yllcorner     6534722.565530
cellsize      20.000000
NODATA_value  -9999.000000
[rows 306 to 339 of 631, columns 770 to 846 of 906]
0.000 0.000 0.000 0.000 0.000 0.000 0.000 0.000 0.000 0.000 0.000 0.000 0.000 0.000 0.000 0.000 0.000 0.000 0.000 0.000 0.000 0.000 0.000 0.000 0.000 0.000 0.000 0.000 0.000 0.071 0.101 0.000 0.000 0.000 0.000 0.000 0.053 0.462 0.552 0.482 0.472 0.662 0.472 0.172 0.000 0.000 0.000 0.057 0.253 0.253 0.000 0.062 0.000 0.000 0.000 0.548 0.408 0.307 0.437 0.876 0.736 0.846 0.766 0.697 0.777 0.907 0.877 0.807 0.857 0.837 0.927 0.567 0.677 0.396 0.046 0.106 0.666
0.000 0.000 0.000 0.000 0.000 0.000 0.000 0.000 0.000 0.000 0.000 0.000 0.000 0.000 0.000 0.000 0.000 0.000 0.000 0.000 0.000 0.000 0.000 0.000 0.000 0.000 0.000 0.000 0.351 0.331 0.361 0.121 0.000 0.000 0.000 0.001 0.203 0.432 0.612 0.592 0.642 0.602 0.702 0.542 0.000 1.495 0.545 0.411 0.000 0.000 0.000 0.000 0.000 0.118 0.148 0.568 0.408 0.787 0.797 0.797 0.727 0.767 0.957 0.937 0.867 0.877 1.547 0.917 0.977 1.467 0.917 1.227 1.267 1.527 1.486 1.156 0.476
0.000 0.000 0.000 0.000 0.000 0.000 0.000 0.000 0.000 0.000 0.000 0.000 0.000 0.000 0.000 0.000 0.000 0.000 0.000 0.000 0.000 0.000 0.000 0.000 0.000 0.000 0.000 0.000 0.001 0.321 0.401 0.421 0.451 0.391 0.101 0.000 0.133 0.492 0.532 0.582 0.662 0.752 0.702 0.562 0.370 0.044 0.546 0.879 0.764 0.902 1.670 0.970 0.809 0.819 0.728 0.688 0.758 0.997 0.867 0.847 0.927 1.117 1.057 0.977 1.297 0.947 0.937 1.077 0.827 0.897 0.567 0.717 0.697 0.017 0.156 0.246 0.276
0.000 0.000 0.000 0.000 0.000 0.000 0.000 0.000 0.000 0.000 0.000 0.000 0.000 0.000 0.000 0.000 0.000 0.000 0.000 0.000 0.000 0.000 0.000 0.000 0.000 0.000 0.000 0.000 0.000 0.371 0.431 0.291 0.151 0.161 0.004 0.002 0.133 0.673 0.662 0.632 0.602 0.622 0.732 0.772 0.429 0.655 0.305 0.000 1.144 0.462 0.800 0.989 1.159 1.009 0.998 1.098 0.928 1.077 0.977 0.807 1.257 1.247 1.217 1.547 0.907 0.617 0.447 0.537 0.247 0.637 0.747 0.937 0.767 0.807 0.000 0.000 0.007
0.000 0.000 0.000 0.000 0.000 0.000 0.000 0.000 0.000 0.000 0.000 0.000 0.000 0.000 0.000 0.000 0.000 0.000 0.000 0.000 0.000 0.000 0.000 0.000 0.000 0.000 0.000 0.000 0.012 0.451 0.321 0.171 0.021 0.140 0.073 0.090 0.047 0.363 0.513 0.673 0.523 0.742 0.642 0.392 0.559 0.636 0.257 0.326 0.000 0.672 0.920 0.839 1.319 1.669 1.158 0.928 1.068 0.998 1.017 0.827 1.147 0.957 1.467 0.537 0.827 0.387 0.737 0.637 0.647 0.207 0.997 0.317 0.677 1.197 0.937 0.927 0.837
0.000 0.000 0.000 0.000 0.000 0.000 0.000 0.000 0.000 0.000 0.000 0.000 0.000 0.000 0.000 0.000 0.000 0.000 0.000 0.000 0.000 0.000 0.000 0.000 0.000 0.000 0.000 0.023 0.571 0.261 0.471 0.391 0.311 0.321 0.280 0.000 0.234 0.283 0.623 0.463 0.703 0.613 0.682 0.562 0.510 0.417 0.452 0.436 0.278 0.294 0.000 0.789 1.089 1.099 1.738 1.058 0.798 1.238 0.747 0.787 1.097 1.307 0.417 0.737 0.457 0.437 0.617 0.877 0.877 0.967 0.777 0.297 0.777 1.007 0.867 1.547 1.007
0.000 0.523 0.000 0.000 0.000 0.000 0.000 0.000 0.000 0.000 0.000 0.000 0.000 0.000 0.000 0.000 0.000 0.000 0.000 0.000 0.000 0.000 0.000 0.000 0.000 0.000 0.000 0.007 0.013 0.401 0.181 0.231 0.151 0.241 0.000 0.026 0.384 0.234 0.513 0.503 0.384 0.454 0.273 0.422 0.351 0.508 0.403 0.367 0.073 0.067 0.690 0.249 0.619 0.999 1.018 1.048 1.208 1.128 1.017 1.127 1.207 0.347 0.337 0.000 0.000 0.000 0.000 0.000 0.000 0.257 0.567 0.727 1.027 0.607 0.707 0.637 0.207
0.000 0.713 0.000 0.000 0.000 0.000 0.000 0.000 0.000 0.000 0.000 0.000 0.000 0.000 0.000 0.000 0.000 0.000 0.000 0.000 0.000 0.000 0.000 0.000 0.000 0.000 0.000 0.000 0.000 0.000 0.101 0.000 0.005 0.000 0.000 0.307 0.000 0.819 0.258 0.087 0.467 0.817 0.175 0.863 0.643 0.581 0.366 0.070 0.311 0.590 0.410 0.269 0.989 0.899 0.098 0.338 0.548 0.648 0.278 0.107 0.387 0.000 0.707 0.437 0.737 0.637 0.447 0.717 0.837 0.797 0.877 0.807 0.907 0.437 1.187 0.717 0.607
0.072 0.773 0.193 0.000 0.000 0.000 0.000 0.000 0.000 0.000 0.000 0.000 0.000 0.000 0.000 0.000 0.000 0.000 0.000 0.000 0.000 0.000 0.000 0.000 0.000 0.239 0.539 0.299 0.279 0.319 0.000 0.000 0.000 0.000 0.517 0.607 0.235 0.401 0.429 0.639 0.688 0.768 0.487 0.635 0.683 0.472 0.000 0.331 0.660 1.080 0.490 1.039 1.209 0.589 0.188 0.708 0.608 0.568 0.518 0.088 0.268 0.000 0.000 0.000 0.000 0.000 0.000 0.000 0.000 0.000 0.000 0.000 0.000 0.417 0.000 0.000 0.000
0.000 0.264 0.063 0.000 0.000 0.000 0.000 0.000 0.053 0.206 0.000 0.000 0.000 0.000 0.000 0.000 0.000 0.000 0.000 0.000 0.000 0.000 0.000 0.000 0.000 0.028 0.000 0.000 0.000 0.000 0.275 0.000 0.139 0.128 0.687 0.117 0.415 0.453 0.181 0.271 0.591 0.550 0.369 1.117 0.325 0.035 0.000 0.000 0.280 0.150 0.270 0.000 0.000 0.089 0.000 0.308 0.788 0.458 0.708 0.858 0.868 0.818 0.878 0.788 0.888 0.888 0.728 0.848 0.868 0.788 0.828 0.938 1.138 0.708 0.208 0.188 0.008
0.191 0.049 0.000 0.000 0.000 0.000 0.000 0.000 0.022 0.092 0.078 0.000 0.000 0.000 0.000 0.000 0.000 0.000 0.000 0.000 0.000 0.000 0.000 0.000 0.000 0.044 0.000 0.000 0.000 0.004 0.355 0.000 0.249 0.329 0.268 0.268 0.426 0.216 0.114 0.643 0.843 0.773 0.492 0.462 0.000 0.000 0.040 0.790 1.020 0.570 0.700 0.180 0.050 0.010 0.000 0.098 0.000 0.238 0.378 0.218 0.388 0.248 0.098 0.028 0.238 0.218 0.058 0.328 0.208 0.198 0.148 0.248 0.018 0.428 0.048 0.000 0.358
0.009 0.191 0.000 0.000 0.000 0.000 0.000 0.270 0.068 0.000 0.314 0.704 0.000 0.000 0.000 0.000 0.000 0.000 0.000 0.000 0.000 0.000 0.000 0.003 0.005 0.105 0.065 0.215 0.195 0.085 0.395 0.000 0.279 0.279 0.479 0.488 0.327 0.607 0.696 0.465 0.744 0.734 0.654 0.753 0.000 0.010 0.840 0.400 0.280 0.000 0.040 0.000 0.000 0.089 0.049 0.058 0.000 0.000 0.000 0.338 0.228 0.000 0.438 0.858 1.068 1.098 1.188 1.308 1.358 1.288 1.298 1.228 1.068 0.408 0.318 0.178 0.368
0.000 0.421 0.281 0.000 0.000 0.000 0.005 0.230 0.400 0.180 0.070 0.000 0.000 0.000 0.000 0.000 0.000 0.000 0.000 0.000 0.000 0.000 0.000 0.000 0.000 0.345 0.165 0.195 0.475 0.435 0.000 0.000 0.024 0.469 0.479 0.668 0.628 0.828 0.117 0.945 0.825 0.695 0.785 0.000 0.010 0.100 0.000 0.840 0.390 0.640 0.800 0.720 0.240 0.219 0.299 0.508 0.328 0.238 0.368 0.248 0.188 0.158 0.288 0.278 0.218 0.258 0.458 0.818 0.808 1.118 1.198 1.148 1.038 0.128 1.128 0.588 0.208
0.201 0.461 0.241 0.000 0.000 0.162 0.001 0.023 0.000 0.000 0.437 0.076 0.000 0.000 0.000 0.000 0.000 0.000 0.000 0.000 0.000 0.000 0.000 0.000 0.195 0.135 0.055 0.000 0.265 0.000 0.000 0.000 0.285 0.283 0.450 0.300 0.868 0.388 0.807 0.586 0.776 0.836 0.876 0.236 0.000 0.000 0.000 0.000 0.070 0.090 0.120 0.000 0.000 0.179 0.009 0.618 0.388 0.528 0.208 0.238 0.198 0.088 0.208 0.038 0.148 0.688 0.968 0.808 0.928 0.808 0.428 1.078 0.738 0.128 0.878 0.498 0.408
0.101 0.000 0.000 0.132 0.000 0.212 0.212 0.028 0.182 0.000 0.000 0.054 0.477 0.000 0.000 0.000 0.000 0.000 0.000 0.000 0.000 0.000 0.000 0.107 0.027 0.000 0.000 0.000 0.000 0.000 0.000 0.001 0.317 0.345 0.323 0.431 0.419 0.458 0.687 0.927 0.457 0.437 0.587 0.000 0.000 0.000 0.000 0.000 0.000 0.000 0.000 0.000 0.000 0.000 0.000 0.000 0.518 0.228 0.078 0.378 0.088 0.508 0.198 0.278 0.005 0.000 0.118 0.618 1.298 1.188 0.498 1.158 0.000 0.398 0.688 0.228 0.428
0.111 0.221 0.000 0.142 0.342 0.432 0.062 0.322 0.582 0.382 0.212 0.000 0.837 0.000 0.000 0.000 0.000 0.000 0.000 0.000 0.000 0.000 0.027 0.157 0.397 0.000 0.000 0.000 0.260 0.420 0.000 0.270 0.253 0.223 0.198 0.336 0.000 0.171 0.249 0.549 0.549 0.239 0.639 0.000 0.000 0.000 0.000 0.000 0.003 0.000 0.000 0.000 0.000 0.000 0.000 0.000 0.000 0.000 0.028 0.000 0.000 0.138 0.000 0.000 0.004 0.000 0.000 0.158 0.548 0.778 0.488 0.108 0.298 0.228 0.368 0.168 0.468
0.331 0.072 0.272 0.282 0.922 0.282 0.322 0.262 0.000 0.152 0.052 0.000 0.278 0.000 0.000 0.000 0.000 0.000 0.000 0.000 0.000 0.008 0.166 0.000 0.000 0.000 0.000 0.000 0.270 0.049 0.127 0.596 0.475 0.100 0.084 0.219 0.000 0.203 0.077 0.381 0.731 0.611 0.610 0.008 0.000 0.137 0.367 0.327 0.368 0.828 0.788 0.628 0.068 0.638 0.000 0.000 0.000 0.000 0.000 0.000 0.000 0.000 0.000 0.000 0.000 0.000 0.000 0.000 0.000 0.000 0.000 0.218 0.508 0.158 0.248 0.438 0.358
0.561 0.491 0.782 0.642 0.572 0.542 0.402 0.322 0.452 0.000 0.262 0.000 0.143 0.000 0.000 0.000 0.000 0.000 0.000 0.000 0.000 0.045 0.000 0.000 0.000 0.000 0.000 0.011 0.590 0.189 0.278 0.507 0.387 0.267 0.143 0.308 0.157 0.573 0.205 0.175 0.643 0.593 0.000 0.416 0.346 0.476 0.197 0.127 0.167 0.228 0.478 0.358 0.468 0.238 0.138 0.418 0.000 0.000 0.000 0.000 0.000 0.000 0.000 0.000 0.000 0.000 0.000 0.000 0.000 0.000 0.000 0.000 0.000 0.000 0.000 0.000 0.000
0.961 0.000 0.382 0.612 0.432 0.000 0.422 0.000 0.422 0.102 0.082 0.000 0.099 0.001 0.000 0.000 0.000 0.000 0.000 0.000 0.000 0.001 0.000 0.000 0.000 0.000 0.000 0.240 0.210 0.050 0.198 0.538 0.398 0.268 0.135 0.290 0.118 0.694 0.113 0.006 0.478 0.478 0.052 0.366 0.366 0.286 0.496 0.297 0.587 0.000 0.508 0.278 0.538 0.538 0.298 0.378 0.039 0.108 0.000 0.000 0.046 0.000 0.000 0.000 0.000 0.000 0.000 0.000 0.000 0.000 0.000 0.000 0.000 0.000 0.000 0.000 0.000
0.751 0.801 1.022 0.632 0.182 0.492 0.782 0.512 0.482 0.482 0.181 0.190 0.209 0.000 0.000 0.000 0.000 0.000 0.000 0.000 0.019 0.009 0.000 0.000 0.033 0.000 0.095 0.023 0.000 0.090 0.110 0.440 0.330 0.230 0.139 0.175 0.262 0.418 0.388 0.075 0.464 0.403 0.193 0.406 0.666 0.436 0.176 0.317 0.127 0.000 0.408 0.038 0.358 0.068 0.288 0.208 0.248 0.338 0.059 0.000 0.426 0.516 0.002 0.001 0.000 0.000 0.000 0.000 0.000 0.000 0.000 0.000 0.000 0.000 0.000 0.000 0.000
0.451 0.000 0.782 0.652 0.232 0.722 0.732 0.000 0.572 0.032 0.542 0.000 0.000 0.000 0.000 0.000 0.000 0.000 0.000 0.000 0.000 0.000 0.000 0.000 0.000 0.000 0.000 0.518 0.258 0.000 0.053 0.334 0.554 0.464 0.234 0.252 0.197 0.291 0.508 0.576 0.524 0.084 0.426 0.536 0.276 0.546 0.616 0.186 0.000 0.000 0.218 0.268 0.000 0.007 0.029 0.288 0.000 0.128 0.004 0.006 0.012 0.026 0.036 0.000 0.000 0.000 0.000 0.000 0.000 0.000 0.000 0.000 0.000 0.000 0.000 0.000 0.000
0.691 0.812 0.752 0.002 0.000 0.812 0.522 0.000 0.372 0.000 0.602 0.000 0.000 0.000 0.000 0.000 0.000 0.000 0.000 0.000 0.000 0.000 0.000 0.000 0.000 0.000 0.000 0.000 0.000 0.000 0.000 0.316 0.305 0.305 0.395 0.414 0.451 0.459 0.332 0.696 0.745 0.106 0.486 0.000 0.000 0.000 0.086 0.000 0.000 0.000 0.158 0.168 0.288 0.000 0.198 0.198 0.000 0.000 0.000 0.000 0.000 0.000 0.000 0.000 0.000 0.000 0.000 0.000 0.000 0.000 0.000 0.000 0.000 0.000 0.000 0.000 0.000
0.071 0.632 0.802 0.822 1.042 0.912 0.432 0.542 0.582 0.352 0.642 0.132 0.000 0.000 0.000 0.000 0.000 0.000 0.000 0.000 0.000 0.369 0.369 0.000 0.000 0.000 0.758 0.878 0.898 0.347 0.107 1.150 0.000 0.217 0.827 0.295 0.471 0.770 0.560 0.009 0.186 0.206 0.000 0.062 0.000 0.000 0.000 0.000 0.012 0.000 0.001 0.000 0.000 0.000 0.000 0.000 0.000 0.000 0.000 0.000 0.000 0.000 0.000 0.000 0.000 0.000 0.000 0.000 0.000 0.000 0.068 0.000 0.000 0.000 0.000 0.000 0.000
0.000 0.042 0.762 0.062 0.812 0.842 0.762 0.552 0.432 0.372 0.652 0.000 0.000 0.000 0.000 0.000 0.662 0.000 0.000 0.501 0.350 0.889 1.039 1.009 0.989 1.128 1.098 1.348 1.318 0.738 0.166 0.760 1.550 0.479 0.569 1.319 0.000 0.212 0.381 0.097 0.178 0.028 0.000 0.000 0.000 0.000 0.000 0.000 0.000 0.000 0.000 0.000 0.000 0.000 0.000 0.093 0.000 0.000 0.003 0.000 0.001 0.003 0.000 0.017 0.068 0.001 0.000 0.000 0.000 0.002 0.003 0.019 0.706 1.146 0.128 1.241 1.141
0.902 0.932 0.952 0.202 0.000 0.942 0.292 0.552 0.052 1.162 0.592 0.232 0.000 0.000 0.052 0.652 0.742 0.972 1.102 0.822 0.580 0.729 0.949 0.919 0.969 1.068 1.158 0.948 0.318 0.978 0.000 0.620 1.090 0.659 0.769 0.869 0.679 0.529 0.216 0.053 0.000 0.010 0.001 0.033 0.000 0.000 0.000 0.000 0.000 0.000 0.000 0.001 0.000 0.114 1.024 0.325 0.796 0.846 0.886 0.666 0.162 0.667 0.517 0.706 0.895 0.515 0.645 0.725 0.095 0.763 0.000 0.001 0.196 0.000 0.418 0.028 0.311
0.712 0.792 0.762 0.582 0.802 0.182 0.502 0.292 0.102 0.082 0.002 0.942 0.992 1.042 1.002 1.092 0.902 0.972 0.882 0.000 0.620 0.230 1.019 1.049 1.019 0.559 0.448 0.688 0.000 0.011 0.770 0.850 0.750 0.740 0.789 0.779 0.659 0.449 0.188 0.000 0.000 0.000 0.000 0.000 0.000 0.000 0.042 0.000 0.346 0.936 0.426 0.815 0.895 0.775 0.043 0.000 0.506 0.746 0.566 0.805 0.745 0.192 0.167 0.366 0.245 0.080 0.000 0.000 0.045 0.000 0.000 0.065 0.307 1.367 0.748 0.409 0.350
0.872 0.262 0.032 0.000 0.552 0.372 0.592 0.342 1.192 0.832 1.102 0.932 1.082 1.052 1.032 1.152 1.012 1.082 1.072 0.000 0.530 0.580 0.949 0.399 0.679 0.729 0.000 0.000 0.720 0.760 0.940 0.720 0.660 0.830 0.589 0.609 0.539 0.169 0.000 0.014 0.000 0.000 0.000 0.000 0.000 0.246 0.496 0.716 0.647 0.147 0.014 0.000 0.000 0.000 0.464 0.464 0.464 0.463 0.000 0.000 0.000 0.000 0.000 0.000 0.000 0.377 0.094 0.263 0.122 0.029 0.000 0.236 0.317 1.137 0.478 0.529 0.320
0.352 0.372 0.932 0.812 0.982 1.122 0.772 1.132 1.112 0.952 1.022 1.012 1.052 1.062 1.162 1.312 1.082 1.022 0.792 0.772 0.520 0.560 0.579 0.328 0.000 0.000 0.370 0.740 0.750 0.730 0.760 0.770 0.800 0.700 0.510 0.000 0.000 0.000 0.000 0.000 0.000 0.000 0.002 0.566 0.706 0.706 0.156 0.000 0.463 0.463 0.463 0.463 0.464 0.464 0.464 1.119 1.079 1.119 1.149 0.969 0.000 0.000 0.000 0.000 0.000 0.000 0.000 0.000 0.000 0.001 0.000 0.002 0.000 0.000 0.478 0.568 0.121
0.772 1.252 0.162 0.482 1.202 1.022 1.072 1.122 1.042 1.222 1.112 1.232 1.052 1.092 1.112 1.062 1.092 0.752 1.012 0.912 0.000 0.359 0.409 0.314 0.000 0.291 0.511 0.630 0.830 0.690 0.730 0.750 0.830 0.460 0.000 0.000 0.000 0.000 0.000 0.000 0.202 0.000 0.000 0.397 0.660 0.462 0.462 0.463 0.463 1.628 2.058 2.368 2.498 2.458 2.368 2.438 2.379 2.449 2.359 2.429 2.209 2.179 2.259 2.269 2.149 2.160 1.520 0.000 0.000 0.000 0.000 0.144 1.584 0.295 0.177 0.488 0.000
1.192 1.342 0.932 1.132 1.252 1.022 1.132 1.102 1.102 1.182 0.962 1.062 1.092 1.102 1.092 1.082 1.392 0.152 0.692 0.052 0.000 0.000 0.000 0.242 0.003 0.362 0.561 0.750 0.800 0.720 0.730 0.610 0.710 0.070 0.000 0.000 0.000 0.000 0.000 0.000 0.000 0.463 0.463 0.463 0.463 0.463 2.247 2.397 2.377 2.408 2.438 2.518 2.598 2.708 2.598 2.648 2.378 2.469 2.529 2.579 2.429 2.409 2.449 2.419 2.459 2.340 2.340 2.060 1.730 0.850 0.000 0.000 0.007 0.000 0.000 0.767 0.000
1.092 1.222 1.102 1.132 1.062 1.242 0.692 1.062 1.202 1.272 1.282 1.032 1.112 1.312 1.082 0.522 1.142 0.902 0.000 0.000 0.000 0.000 0.000 0.650 0.408 0.744 0.572 0.680 0.670 0.550 0.690 0.420 0.000 0.000 0.000 0.000 0.002 0.000 0.006 0.008 0.462 0.463 1.417 2.037 2.367 2.517 2.397 2.477 2.557 2.428 2.638 2.598 2.678 2.618 2.728 2.618 2.678 2.769 2.579 2.689 2.609 2.519 2.529 2.549 2.430 2.460 2.410 2.360 2.290 2.090 1.470 0.000 0.000 0.000 0.000 0.000 0.000
0.982 1.032 1.142 0.942 1.072 1.052 1.082 1.052 1.112 1.262 1.112 1.222 1.082 1.182 1.002 0.942 1.142 0.102 0.000 0.000 0.488 0.000 0.000 0.000 0.606 0.514 0.332 0.201 0.530 0.480 0.000 0.000 0.000 0.074 0.001 0.000 0.008 0.008 0.008 1.247 1.857 2.277 2.257 2.457 2.557 2.387 2.577 2.727 2.567 2.768 2.638 2.698 2.918 2.858 2.748 2.688 2.688 2.769 2.769 2.609 2.639 2.779 2.559 2.599 2.650 2.540 2.380 2.390 2.380 2.190 2.210 2.121 0.871 1.872 1.602 0.000 0.000
1.092 1.062 1.012 1.002 1.142 0.942 1.202 1.182 1.152 1.242 1.132 0.000 0.982 1.072 1.092 1.152 1.182 1.312 0.372 0.000 0.005 0.000 0.365 0.000 0.546 0.355 0.000 0.000 0.007 0.000 0.000 0.000 0.000 0.000 0.007 0.007 0.009 1.437 2.277 2.327 2.397 2.447 2.547 2.577 2.497 2.717 2.667 2.837 2.797 2.847 2.757 2.758 2.878 2.938 2.908 2.778 2.758 2.879 2.839 2.739 2.849 2.949 2.874 2.699 2.739 2.710 2.500 2.480 2.330 2.230 2.191 2.031 2.081 1.662 1.912 1.872 1.442
1.152 1.022 1.012 1.342 1.132 1.122 1.102 1.242 1.022 1.092 1.102 1.242 1.012 1.032 1.052 1.132 1.192 1.042 0.702 0.000 0.592 0.000 0.002 0.796 0.516 0.336 0.000 0.000 0.055 0.315 0.000 0.000 0.007 0.007 0.008 1.627 2.127 2.207 2.337 2.357 2.467 2.597 2.467 2.797 2.687 2.747 2.727 2.767 2.847 2.817 2.777 2.787 2.698 2.758 2.918 2.858 2.908 2.938 2.829 2.989 2.819 2.689 2.579 2.349 2.909 2.680 2.590 2.430 2.440 2.300 2.151 2.121 2.151 2.011 1.942 1.692 1.562
