includes/overflow_coast_h/floodfiles/results/res-0008.wdfp
ncols         906
nrows         631
xllcorner     362177.146667
yllcorner     6534725.688020
cellsize      20.000000
NODATA_value  -9999.000000
[rows 544 to 577 of 631, columns 154 to 230 of 906]
4.477 4.788 5.099 5.410 5.519 5.605 5.690 5.746 5.719 5.692 5.664 5.637 5.610 5.711 5.957 6.202 6.448 6.694 6.939 7.185 7.268 7.277 7.150 6.930 6.711 6.491 6.272 6.052 5.833 5.614 5.394 5.326 5.330 5.331 5.332 5.333 5.334 5.335 5.335 5.336 5.337 5.338 5.313 5.276 5.241 5.207 5.172 5.137 5.102 5.067 5.033 4.998 4.963 4.928 4.909 4.983 5.056 5.129 5.202 5.276 5.349 5.422 5.495 5.569 5.648 5.726 5.763 5.754 5.746 5.737 5.728 5.719 5.709 5.701 5.755 5.831 5.907
4.331 4.642 4.953 5.233 5.319 5.404 5.490 5.576 5.650 5.623 5.595 5.568 5.540 5.715 5.960 6.206 6.452 6.697 6.943 7.188 7.434 7.502 7.285 7.066 6.846 6.627 6.407 6.166 5.900 5.633 5.367 5.263 5.275 5.277 5.278 5.280 5.282 5.283 5.285 5.287 5.289 5.290 5.241 5.191 5.165 5.139 5.113 5.087 5.061 5.034 5.008 4.982 4.956 4.930 4.928 4.995 5.062 5.130 5.197 5.264 5.331 5.399 5.466 5.533 5.600 5.641 5.632 5.623 5.614 5.605 5.596 5.587 5.578 5.569 5.643 5.719 5.795
4.184 4.495 4.806 5.033 5.118 5.204 5.290 5.376 5.462 5.548 5.526 5.498 5.473 5.718 5.964 6.210 6.455 6.701 6.946 7.192 7.309 7.398 7.159 6.893 6.627 6.360 6.094 5.828 5.562 5.295 5.029 5.145 5.232 5.234 5.235 5.237 5.239 5.241 5.242 5.244 5.246 5.231 5.144 5.062 5.036 5.010 4.983 4.957 4.931 4.905 4.879 4.853 4.826 4.794 4.752 4.792 4.859 4.926 4.994 5.061 5.128 5.195 5.263 5.330 5.397 5.464 5.501 5.492 5.483 5.474 5.465 5.456 5.447 5.454 5.530 5.606 5.682
4.038 4.349 4.660 4.832 4.918 5.004 5.090 5.176 5.261 5.347 5.433 5.429 5.476 5.722 5.968 6.213 6.371 6.462 6.552 6.643 6.734 6.820 6.821 6.555 6.289 6.022 5.756 5.490 5.224 4.957 4.898 5.027 5.156 5.191 5.192 5.194 5.196 5.198 5.199 5.201 5.203 5.135 5.047 4.960 4.906 4.880 4.854 4.828 4.802 4.775 4.749 4.723 4.696 4.655 4.613 4.589 4.656 4.723 4.791 4.858 4.925 4.992 5.060 5.127 5.194 5.261 5.328 5.360 5.352 5.343 5.334 5.325 5.316 5.341 5.417 5.493 5.569
3.892 4.203 4.514 4.632 4.718 4.804 4.890 4.975 5.061 5.147 5.233 5.319 5.433 5.523 5.614 5.705 5.796 5.887 5.977 6.068 6.158 6.243 6.328 6.217 5.951 5.684 5.418 5.152 4.886 4.651 4.780 4.909 5.038 5.148 5.150 5.151 5.153 5.155 5.156 5.158 5.125 5.038 4.951 4.863 4.777 4.751 4.725 4.698 4.672 4.646 4.620 4.594 4.557 4.515 4.474 4.432 4.453 4.520 4.587 4.655 4.722 4.789 4.856 4.924 4.990 5.057 5.124 5.191 5.220 5.211 5.202 5.193 5.184 5.229 5.305 5.381 5.457
3.746 4.057 4.346 4.432 4.518 4.603 4.689 4.775 4.861 4.947 4.977 4.985 4.956 4.948 5.039 5.130 5.221 5.312 5.402 5.493 5.581 5.666 5.750 5.835 5.612 5.346 5.080 4.814 4.547 4.533 4.662 4.791 4.920 5.049 5.107 5.108 5.110 5.112 5.114 5.115 5.029 4.941 4.854 4.767 4.679 4.621 4.595 4.569 4.543 4.517 4.490 4.460 4.418 4.376 4.334 4.293 4.251 4.317 4.384 4.452 4.519 4.586 4.653 4.720 4.787 4.854 4.921 4.988 5.055 5.080 5.071 5.062 5.053 5.116 5.192 5.268 5.344
3.600 3.911 4.146 4.231 4.317 4.403 4.489 4.575 4.582 4.589 4.596 4.603 4.573 4.519 4.464 4.555 4.646 4.736 4.827 4.918 5.003 5.088 5.173 5.258 5.274 5.008 4.742 4.476 4.286 4.415 4.544 4.673 4.802 4.931 5.060 5.065 5.067 5.069 5.071 5.020 4.932 4.845 4.757 4.670 4.583 4.495 4.466 4.440 4.413 4.387 4.361 4.321 4.279 4.237 4.195 4.153 4.112 4.114 4.181 4.248 4.316 4.383 4.450 4.517 4.584 4.651 4.718 4.785 4.852 4.919 4.940 4.931 4.927 5.003 5.079 5.155 5.231
3.454 3.765 3.945 4.031 4.117 4.179 4.186 4.193 4.201 4.208 4.215 4.222 4.190 4.135 4.081 4.027 4.071 4.161 4.252 4.341 4.426 4.511 4.596 4.680 4.765 4.670 4.404 4.138 4.168 4.297 4.426 4.555 4.684 4.813 4.941 5.023 5.024 5.026 5.010 4.923 4.836 4.748 4.661 4.574 4.486 4.399 4.336 4.310 4.284 4.258 4.223 4.181 4.140 4.098 4.056 4.014 3.973 3.931 3.978 4.045 4.112 4.180 4.247 4.314 4.381 4.448 4.514 4.581 4.648 4.715 4.782 4.799 4.815 4.891 4.967 5.043 5.075
3.505 3.619 3.745 3.783 3.791 3.798 3.805 3.812 3.819 3.826 3.834 3.841 3.806 3.752 3.698 3.644 3.590 3.586 3.677 3.764 3.848 3.933 4.018 4.103 4.188 4.273 4.066 3.921 4.050 4.179 4.308 4.437 4.566 4.694 4.823 4.952 4.981 4.983 4.914 4.826 4.739 4.652 4.564 4.477 4.389 4.302 4.215 4.181 4.154 4.126 4.084 4.042 4.000 3.959 3.917 3.875 3.833 3.792 3.775 3.842 3.909 3.976 4.043 4.110 4.177 4.244 4.311 4.378 4.445 4.512 4.579 4.646 4.702 4.696 4.685 4.674 4.663
3.441 3.449 3.395 3.402 3.409 3.416 3.424 3.431 3.438 3.445 3.452 3.460 3.423 3.369 3.315 3.261 3.207 3.153 3.112 3.188 3.271 3.356 3.441 3.526 3.611 3.695 3.728 3.803 3.932 4.061 4.190 4.319 4.447 4.576 4.705 4.834 4.938 4.904 4.817 4.730 4.642 4.555 4.468 4.380 4.293 4.206 4.118 4.051 4.025 3.987 3.945 3.903 3.861 3.820 3.778 3.736 3.694 3.652 3.611 3.639 3.706 3.773 3.840 3.907 3.974 4.041 4.108 4.175 4.242 4.297 4.324 4.352 4.312 4.284 4.273 4.262 4.251
3.218 3.215 3.164 3.094 3.028 3.035 3.042 3.050 3.057 3.064 3.071 3.078 3.040 2.986 2.932 2.878 2.824 2.813 2.827 2.888 2.963 3.039 3.114 3.190 3.265 3.341 3.384 3.482 3.623 3.764 3.904 4.045 4.186 4.327 4.467 4.608 4.745 4.717 4.649 4.581 4.512 4.444 4.371 4.284 4.196 4.109 4.022 3.934 3.889 3.847 3.806 3.764 3.722 3.680 3.638 3.597 3.555 3.513 3.471 3.436 3.503 3.570 3.637 3.704 3.771 3.838 3.879 3.906 3.934 3.961 3.989 4.016 3.957 3.890 3.861 3.850 3.839
2.985 2.981 2.942 2.872 2.802 2.732 2.661 2.668 2.676 2.683 2.690 2.697 2.657 2.603 2.549 2.503 2.517 2.531 2.546 2.587 2.663 2.738 2.814 2.889 2.965 3.018 3.041 3.085 3.226 3.367 3.507 3.648 3.789 3.930 4.070 4.211 4.278 4.305 4.237 4.169 4.100 4.032 3.964 3.896 3.827 3.759 3.691 3.630 3.637 3.614 3.592 3.570 3.548 3.526 3.499 3.457 3.416 3.374 3.332 3.290 3.300 3.367 3.434 3.461 3.489 3.516 3.543 3.571 3.598 3.626 3.653 3.671 3.603 3.535 3.468 3.438 3.427
2.751 2.747 2.721 2.650 2.580 2.510 2.440 2.369 2.299 2.302 2.309 2.316 2.274 2.220 2.208 2.222 2.236 2.250 2.264 2.287 2.362 2.438 2.513 2.589 2.652 2.675 2.697 2.720 2.829 2.970 3.110 3.251 3.392 3.533 3.673 3.768 3.812 3.855 3.825 3.757 3.689 3.620 3.552 3.484 3.416 3.347 3.279 3.280 3.301 3.284 3.262 3.240 3.218 3.196 3.173 3.151 3.129 3.107 3.085 3.063 3.059 3.071 3.098 3.126 3.153 3.181 3.208 3.236 3.263 3.290 3.318 3.316 3.249 3.181 3.113 3.045 3.015
2.517 2.513 2.499 2.429 2.359 2.288 2.218 2.148 2.077 2.007 1.937 1.935 1.898 1.912 1.926 1.940 1.954 1.969 1.983 1.997 2.062 2.137 2.213 2.286 2.309 2.332 2.354 2.377 2.432 2.573 2.714 2.854 2.995 3.136 3.258 3.302 3.345 3.389 3.413 3.345 3.277 3.208 3.140 3.072 3.004 2.935 2.911 2.931 2.952 2.955 2.932 2.910 2.888 2.866 2.843 2.821 2.799 2.777 2.755 2.748 2.772 2.766 2.763 2.790 2.818 2.845 2.873 2.900 2.928 2.955 2.983 2.962 2.894 2.827 2.759 2.691 2.623
2.283 2.280 2.276 2.207 2.137 2.067 1.996 1.926 1.856 1.785 1.715 1.675 1.650 1.631 1.645 1.659 1.673 1.687 1.701 1.715 1.761 1.837 1.913 1.943 1.966 1.989 2.011 2.034 2.057 2.176 2.317 2.457 2.598 2.739 2.791 2.835 2.879 2.922 2.966 2.933 2.865 2.796 2.728 2.660 2.592 2.541 2.562 2.582 2.603 2.624 2.602 2.580 2.558 2.536 2.514 2.491 2.469 2.447 2.436 2.459 2.483 2.482 2.473 2.464 2.482 2.510 2.537 2.565 2.592 2.620 2.647 2.608 2.540 2.472 2.405 2.337 2.269
2.049 2.046 2.042 1.985 1.915 1.845 1.775 1.704 1.634 1.564 1.539 1.534 1.515 1.482 1.450 1.417 1.392 1.406 1.420 1.434 1.461 1.537 1.577 1.600 1.623 1.646 1.668 1.691 1.714 1.779 1.920 2.060 2.201 2.281 2.325 2.369 2.412 2.456 2.500 2.521 2.453 2.384 2.316 2.248 2.180 2.192 2.213 2.233 2.254 2.275 2.272 2.250 2.228 2.206 2.184 2.161 2.139 2.123 2.147 2.171 2.194 2.198 2.189 2.180 2.171 2.174 2.202 2.229 2.257 2.284 2.312 2.253 2.186 2.118 2.050 1.982 1.915
1.816 1.812 1.809 1.764 1.693 1.623 1.553 1.483 1.412 1.402 1.398 1.393 1.380 1.348 1.315 1.283 1.250 1.217 1.185 1.153 1.167 1.212 1.234 1.257 1.280 1.302 1.325 1.348 1.370 1.393 1.523 1.663 1.771 1.815 1.859 1.902 1.946 1.989 2.033 2.077 2.041 1.973 1.904 1.836 1.822 1.843 1.864 1.884 1.905 1.925 1.942 1.920 1.898 1.876 1.854 1.831 1.811 1.834 1.858 1.882 1.906 1.914 1.905 1.896 1.887 1.878 1.869 1.894 1.921 1.949 1.967 1.899 1.831 1.764 1.696 1.628 1.560
1.582 1.578 1.575 1.542 1.472 1.402 1.331 1.270 1.265 1.261 1.257 1.253 1.245 1.213 1.180 1.148 1.115 1.083 1.050 1.017 1.001 0.988 0.964 0.940 0.937 0.959 0.982 1.005 1.027 1.050 1.126 1.261 1.305 1.348 1.392 1.436 1.479 1.523 1.567 1.610 1.629 1.561 1.492 1.453 1.473 1.494 1.514 1.535 1.556 1.577 1.597 1.590 1.568 1.546 1.524 1.501 1.522 1.546 1.569 1.593 1.617 1.630 1.621 1.612 1.604 1.595 1.586 1.577 1.586 1.613 1.613 1.545 1.477 1.409 1.342 1.278 1.261
1.348 1.345 1.341 1.321 1.250 1.180 1.133 1.129 1.125 1.120 1.116 1.112 1.108 1.078 1.045 1.013 0.980 0.948 0.915 0.902 0.905 0.900 0.876 0.853 0.829 0.805 0.781 0.758 0.734 0.710 0.730 0.795 0.838 0.882 0.925 0.969 1.013 1.056 1.100 1.144 1.187 1.149 1.083 1.104 1.124 1.145 1.165 1.186 1.207 1.227 1.248 1.260 1.238 1.216 1.194 1.210 1.233 1.257 1.281 1.305 1.328 1.347 1.338 1.329 1.320 1.311 1.302 1.293 1.284 1.278 1.258 1.195 1.179 1.162 1.145 1.128 1.111
1.115 1.111 1.107 1.099 1.029 0.997 0.993 0.988 0.984 0.980 0.976 0.971 0.967 0.943 0.911 0.878 0.846 0.813 0.803 0.806 0.809 0.812 0.788 0.765 0.741 0.717 0.694 0.670 0.646 0.622 0.605 0.599 0.599 0.599 0.599 0.599 0.599 0.599 0.634 0.678 0.722 0.738 0.734 0.755 0.776 0.796 0.817 0.837 0.858 0.879 0.899 0.920 0.909 0.886 0.897 0.921 0.945 0.968 0.992 1.016 1.040 1.063 1.054 1.045 1.036 1.027 1.018 1.009 1.000 1.041 1.062 1.046 1.029 1.012 0.995 0.979 0.962
0.989 0.948 0.908 0.871 0.861 0.856 0.852 0.848 0.844 0.839 0.835 0.831 0.827 0.809 0.776 0.744 0.711 0.704 0.707 0.710 0.713 0.716 0.701 0.677 0.653 0.630 0.606 0.582 0.558 0.541 0.527 0.516 0.516 0.516 0.516 0.516 0.516 0.516 0.516 0.516 0.517 0.528 0.529 0.520 0.512 0.503 0.494 0.492 0.512 0.533 0.553 0.573 0.581 0.587 0.610 0.633 0.656 0.680 0.703 0.727 0.751 0.775 0.770 0.761 0.752 0.743 0.734 0.755 0.821 0.886 0.899 0.896 0.880 0.863 0.846 0.829 0.812
0.881 0.841 0.800 0.802 0.786 0.755 0.724 0.708 0.704 0.699 0.695 0.691 0.686 0.675 0.642 0.609 0.605 0.608 0.611 0.614 0.617 0.620 0.613 0.590 0.566 0.542 0.518 0.495 0.477 0.463 0.449 0.435 0.432 0.432 0.432 0.433 0.433 0.433 0.434 0.435 0.439 0.465 0.484 0.476 0.467 0.459 0.451 0.442 0.434 0.425 0.417 0.408 0.405 0.368 0.330 0.351 0.372 0.393 0.416 0.439 0.462 0.486 0.486 0.477 0.468 0.469 0.535 0.601 0.666 0.732 0.736 0.734 0.730 0.713 0.696 0.680 0.663
0.774 0.734 0.737 0.746 0.741 0.710 0.679 0.648 0.617 0.585 0.556 0.551 0.547 0.541 0.508 0.507 0.510 0.513 0.516 0.519 0.522 0.525 0.526 0.502 0.478 0.455 0.431 0.413 0.399 0.385 0.371 0.357 0.349 0.349 0.350 0.350 0.351 0.351 0.353 0.354 0.377 0.403 0.429 0.432 0.425 0.417 0.409 0.401 0.393 0.385 0.377 0.371 0.377 0.360 0.317 0.275 0.232 0.189 0.150 0.165 0.181 0.200 0.204 0.194 0.250 0.315 0.381 0.446 0.512 0.574 0.573 0.571 0.569 0.564 0.547 0.530 0.514
0.668 0.673 0.682 0.691 0.697 0.666 0.635 0.604 0.573 0.541 0.510 0.479 0.448 0.416 0.410 0.413 0.415 0.418 0.421 0.424 0.427 0.430 0.433 0.415 0.392 0.368 0.350 0.336 0.322 0.308 0.294 0.280 0.267 0.267 0.268 0.268 0.270 0.271 0.273 0.290 0.317 0.343 0.370 0.391 0.384 0.376 0.369 0.361 0.354 0.347 0.340 0.344 0.350 0.354 0.313 0.272 0.231 0.191 0.152 0.113 0.078 0.047 0.039 0.063 0.105 0.164 0.227 0.292 0.358 0.411 0.410 0.408 0.406 0.404 0.398 0.381 0.364
0.609 0.618 0.627 0.636 0.645 0.622 0.591 0.560 0.529 0.498 0.467 0.435 0.404 0.376 0.358 0.349 0.339 0.329 0.328 0.331 0.333 0.336 0.339 0.330 0.306 0.288 0.273 0.259 0.245 0.231 0.218 0.204 0.190 0.187 0.188 0.189 0.191 0.193 0.204 0.232 0.260 0.286 0.313 0.340 0.345 0.338 0.332 0.325 0.318 0.312 0.313 0.320 0.326 0.333 0.310 0.270 0.230 0.192 0.156 0.122 0.092 0.069 0.051 0.048 0.045 0.064 0.093 0.144 0.206 0.250 0.248 0.246 0.244 0.242 0.240 0.232 0.216
0.555 0.564 0.573 0.582 0.591 0.579 0.548 0.517 0.486 0.455 0.424 0.393 0.365 0.337 0.314 0.305 0.295 0.285 0.276 0.266 0.256 0.246 0.247 0.246 0.227 0.213 0.199 0.185 0.172 0.158 0.145 0.132 0.120 0.111 0.113 0.116 0.119 0.124 0.153 0.180 0.207 0.233 0.260 0.287 0.310 0.304 0.297 0.291 0.285 0.283 0.290 0.297 0.304 0.311 0.308 0.268 0.230 0.193 0.159 0.128 0.104 0.088 0.069 0.065 0.064 0.059 0.049 0.063 0.085 0.105 0.099 0.096 0.093 0.091 0.089 0.086 0.077
0.502 0.511 0.520 0.529 0.538 0.537 0.506 0.475 0.444 0.413 0.382 0.354 0.326 0.298 0.271 0.262 0.252 0.243 0.233 0.224 0.214 0.205 0.195 0.177 0.159 0.143 0.130 0.118 0.106 0.095 0.084 0.074 0.065 0.056 0.058 0.061 0.065 0.086 0.111 0.136 0.161 0.187 0.212 0.239 0.265 0.274 0.267 0.261 0.256 0.262 0.269 0.276 0.283 0.290 0.297 0.268 0.230 0.194 0.162 0.134 0.119 0.103 0.085 0.076 0.076 0.076 0.073 0.064 0.052 0.044 0.036 0.034 0.034 0.034 0.035 0.036 0.039
0.451 0.460 0.469 0.478 0.486 0.495 0.466 0.435 0.404 0.373 0.345 0.317 0.289 0.261 0.233 0.220 0.211 0.202 0.193 0.184 0.175 0.166 0.147 0.126 0.109 0.096 0.083 0.073 0.063 0.057 0.051 0.045 0.039 0.033 0.030 0.033 0.042 0.062 0.082 0.103 0.125 0.148 0.172 0.197 0.223 0.248 0.241 0.235 0.237 0.244 0.250 0.257 0.263 0.270 0.278 0.268 0.231 0.196 0.165 0.148 0.133 0.116 0.098 0.084 0.085 0.085 0.084 0.081 0.065 0.037 0.033 0.031 0.030 0.031 0.031 0.032 0.040
0.402 0.411 0.420 0.428 0.437 0.445 0.427 0.396 0.365 0.337 0.309 0.281 0.253 0.226 0.198 0.181 0.172 0.164 0.155 0.147 0.139 0.119 0.100 0.084 0.073 0.066 0.060 0.055 0.050 0.046 0.041 0.036 0.032 0.027 0.021 0.026 0.040 0.053 0.066 0.081 0.098 0.118 0.140 0.164 0.187 0.212 0.220 0.217 0.223 0.228 0.234 0.239 0.245 0.252 0.259 0.267 0.231 0.197 0.177 0.161 0.144 0.127 0.110 0.091 0.093 0.093 0.093 0.083 0.057 0.030 0.024 0.023 0.024 0.025 0.026 0.033 0.042
0.357 0.366 0.374 0.382 0.390 0.398 0.390 0.359 0.331 0.303 0.275 0.247 0.220 0.192 0.165 0.144 0.137 0.129 0.122 0.114 0.096 0.081 0.070 0.061 0.055 0.053 0.051 0.049 0.046 0.043 0.040 0.036 0.032 0.027 0.019 0.031 0.042 0.052 0.062 0.073 0.086 0.102 0.119 0.139 0.160 0.182 0.204 0.207 0.210 0.214 0.219 0.223 0.229 0.234 0.241 0.248 0.232 0.207 0.189 0.171 0.155 0.138 0.121 0.104 0.100 0.101 0.095 0.071 0.048 0.028 0.014 0.017 0.018 0.019 0.024 0.034 0.044
0.357 0.358 0.359 0.359 0.360 0.360 0.357 0.328 0.300 0.272 0.244 0.216 0.188 0.162 0.135 0.112 0.106 0.101 0.094 0.080 0.070 0.062 0.055 0.051 0.048 0.048 0.048 0.047 0.045 0.043 0.040 0.037 0.033 0.031 0.030 0.045 0.056 0.066 0.077 0.088 0.101 0.115 0.132 0.150 0.170 0.192 0.201 0.201 0.204 0.207 0.210 0.213 0.217 0.222 0.227 0.233 0.236 0.217 0.198 0.180 0.164 0.148 0.132 0.116 0.107 0.106 0.084 0.063 0.044 0.028 0.013 0.012 0.014 0.016 0.026 0.037 0.048
0.362 0.363 0.364 0.364 0.365 0.365 0.344 0.313 0.281 0.249 0.217 0.186 0.159 0.133 0.109 0.087 0.081 0.076 0.069 0.063 0.059 0.054 0.051 0.047 0.045 0.045 0.046 0.046 0.045 0.043 0.041 0.039 0.041 0.041 0.038 0.049 0.065 0.075 0.085 0.096 0.108 0.123 0.139 0.157 0.176 0.197 0.195 0.194 0.196 0.199 0.202 0.205 0.208 0.212 0.217 0.223 0.226 0.216 0.198 0.182 0.167 0.154 0.141 0.128 0.115 0.097 0.079 0.061 0.044 0.030 0.017 0.008 0.010 0.017 0.028 0.040 0.053
0.366 0.367 0.368 0.368 0.369 0.354 0.329 0.302 0.270 0.238 0.206 0.175 0.145 0.116 0.089 0.068 0.058 0.058 0.058 0.057 0.055 0.053 0.049 0.046 0.043 0.043 0.046 0.046 0.045 0.042 0.047 0.049 0.050 0.047 0.045 0.054 0.066 0.081 0.091 0.101 0.113 0.127 0.143 0.161 0.180 0.189 0.187 0.186 0.185 0.188 0.191 0.194 0.198 0.202 0.206 0.209 0.212 0.214 0.197 0.181 0.167 0.154 0.143 0.132 0.128 0.110 0.087 0.065 0.045 0.032 0.019 0.007 0.009 0.018 0.030 0.044 0.058
0.370 0.371 0.372 0.372 0.364 0.340 0.315 0.290 0.258 0.226 0.195 0.164 0.134 0.106 0.081 0.049 0.038 0.048 0.053 0.056 0.055 0.053 0.050 0.045 0.042 0.041 0.045 0.046 0.049 0.053 0.056 0.057 0.056 0.051 0.050 0.059 0.069 0.081 0.095 0.105 0.116 0.130 0.145 0.163 0.182 0.179 0.177 0.176 0.175 0.176 0.179 0.182 0.186 0.189 0.193 0.195 0.197 0.201 0.195 0.179 0.166 0.155 0.145 0.140 0.140 0.131 0.108 0.086 0.064 0.043 0.025 0.011 0.008 0.020 0.034 0.048 0.063
