includes/overflow_coast_h/floodfiles/results/res-0004.wdfp
ncols         906
nrows         631
xllcorner     362177.146670
yllcorner     6534722.565530
cellsize      20.000000
NODATA_value  -9999.000000
[rows 544 to 577 of 631, columns 770 to 846 of 906]
12.083 12.091 12.099 12.133 12.209 12.284 12.358 12.432 12.506 12.579 12.653 12.727 12.801 12.874 12.948 13.021 13.096 13.175 13.245 13.301 13.356 13.411 13.467 13.522 13.577 13.632 13.688 13.744 13.798 13.852 13.906 13.960 14.013 14.067 14.121 14.144 14.159 14.175 14.190 14.207 14.222 14.261 14.314 14.367 14.420 14.474 14.527 14.580 14.634 14.687 14.740 14.793 14.808 14.803 14.820 14.885 14.951 15.016 15.082 15.147 15.212 15.278 15.343 15.409 15.480 15.558 15.636 15.707 15.695 15.754 15.813 15.871 15.930 15.988 16.046 16.105 16.163
12.067 12.075 12.083 12.091 12.132 12.206 12.280 12.354 12.428 12.501 12.575 12.648 12.721 12.795 12.868 12.942 13.019 13.098 13.178 13.246 13.301 13.356 13.412 13.467 13.522 13.577 13.633 13.688 13.742 13.796 13.850 13.904 13.958 14.012 14.066 14.119 14.139 14.155 14.170 14.186 14.202 14.253 14.306 14.359 14.413 14.467 14.520 14.573 14.626 14.680 14.733 14.786 14.839 14.846 14.890 14.955 15.021 15.086 15.153 15.231 15.309 15.386 15.464 15.542 15.620 15.698 15.775 15.800 15.747 15.769 15.827 15.886 15.945 16.003 16.062 16.121 16.179
12.051 12.059 12.067 12.073 12.080 12.128 12.202 12.275 12.348 12.422 12.495 12.569 12.642 12.716 12.789 12.863 12.942 13.021 13.100 13.180 13.246 13.301 13.357 13.412 13.467 13.523 13.578 13.634 13.687 13.741 13.795 13.849 13.902 13.956 14.010 14.064 14.118 14.135 14.151 14.166 14.192 14.246 14.299 14.352 14.405 14.459 14.512 14.565 14.618 14.672 14.725 14.778 14.832 14.904 14.981 15.059 15.137 15.215 15.293 15.371 15.448 15.526 15.603 15.681 15.759 15.836 15.914 15.892 15.840 15.789 15.843 15.902 15.961 16.019 16.077 16.135 16.194
12.025 12.031 12.037 12.043 12.051 12.065 12.122 12.196 12.269 12.343 12.416 12.490 12.563 12.636 12.710 12.785 12.864 12.944 13.023 13.102 13.182 13.247 13.302 13.357 13.413 13.468 13.523 13.579 13.632 13.686 13.740 13.794 13.847 13.901 13.955 14.008 14.062 14.115 14.131 14.147 14.185 14.238 14.292 14.345 14.398 14.452 14.505 14.558 14.621 14.708 14.796 14.884 14.972 15.051 15.121 15.198 15.276 15.354 15.432 15.509 15.587 15.665 15.743 15.821 15.898 15.976 16.036 15.985 15.933 15.882 15.858 15.917 15.975 16.034 16.093 16.151 16.210
11.994 12.000 12.006 12.012 12.024 12.037 12.051 12.116 12.190 12.263 12.337 12.410 12.484 12.557 12.631 12.708 12.787 12.866 12.946 13.025 13.104 13.184 13.247 13.302 13.358 13.413 13.468 13.523 13.576 13.630 13.684 13.739 13.792 13.846 13.900 13.953 14.007 14.061 14.111 14.126 14.177 14.230 14.284 14.337 14.422 14.510 14.598 14.686 14.774 14.861 14.949 15.037 15.125 15.198 15.267 15.338 15.416 15.493 15.571 15.649 15.727 15.805 15.883 15.960 16.037 16.115 16.128 16.077 16.025 15.974 15.922 15.932 15.991 16.050 16.108 16.167 16.226
11.964 11.970 11.976 11.983 11.996 12.010 12.023 12.037 12.111 12.184 12.258 12.331 12.404 12.478 12.551 12.630 12.710 12.789 12.868 12.948 13.027 13.106 13.186 13.248 13.303 13.358 13.414 13.467 13.521 13.575 13.629 13.683 13.736 13.790 13.845 13.898 13.952 14.006 14.060 14.138 14.225 14.313 14.401 14.489 14.577 14.664 14.752 14.840 14.928 15.016 15.103 15.191 15.276 15.345 15.414 15.483 15.555 15.633 15.711 15.788 15.866 15.944 16.021 16.099 16.177 16.255 16.221 16.170 16.118 16.067 16.015 15.964 16.006 16.064 16.123 16.182 16.240
11.933 11.939 11.945 11.955 11.969 11.982 11.996 12.009 12.031 12.105 12.178 12.252 12.325 12.399 12.474 12.553 12.632 12.712 12.791 12.870 12.950 13.029 13.108 13.188 13.248 13.303 13.358 13.412 13.466 13.520 13.574 13.628 13.681 13.735 13.790 13.892 13.994 14.097 14.199 14.292 14.379 14.467 14.555 14.643 14.731 14.818 14.906 14.994 15.082 15.170 15.257 15.345 15.422 15.491 15.560 15.629 15.698 15.772 15.850 15.928 16.006 16.083 16.161 16.239 16.317 16.365 16.314 16.261 16.210 16.159 16.107 16.056 16.022 16.080 16.139 16.197 16.256
11.902 11.908 11.914 11.928 11.941 11.955 11.968 11.981 11.995 12.026 12.099 12.172 12.246 12.319 12.396 12.476 12.555 12.634 12.714 12.793 12.872 12.952 13.031 13.111 13.190 13.249 13.303 13.357 13.411 13.464 13.541 13.644 13.746 13.848 13.950 14.052 14.154 14.256 14.357 14.445 14.532 14.620 14.708 14.796 14.884 14.971 15.059 15.147 15.235 15.323 15.410 15.498 15.569 15.638 15.707 15.776 15.845 15.914 15.990 16.067 16.145 16.223 16.300 16.378 16.456 16.457 16.406 16.354 16.303 16.252 16.200 16.149 16.097 16.096 16.154 16.212 16.265
11.872 11.878 11.887 11.900 11.914 11.927 11.941 11.954 11.967 11.981 12.020 12.093 12.167 12.240 12.319 12.399 12.478 12.557 12.637 12.716 12.795 12.875 12.954 13.033 13.113 13.192 13.292 13.394 13.496 13.598 13.700 13.802 13.904 14.007 14.109 14.211 14.313 14.415 14.511 14.599 14.687 14.774 14.862 14.950 15.038 15.125 15.213 15.301 15.389 15.477 15.564 15.647 15.716 15.785 15.854 15.922 15.991 16.061 16.130 16.206 16.284 16.362 16.440 16.518 16.595 16.550 16.499 16.447 16.396 16.343 16.292 16.241 16.189 16.138 16.169 16.228 16.258
11.841 11.847 11.859 11.873 11.886 11.900 11.913 11.927 11.940 11.953 11.967 12.014 12.087 12.163 12.242 12.321 12.401 12.480 12.559 12.639 12.718 12.813 12.927 13.041 13.156 13.287 13.452 13.554 13.656 13.758 13.860 13.962 14.064 14.166 14.268 14.370 14.472 14.575 14.665 14.753 14.841 14.928 15.016 15.104 15.192 15.280 15.367 15.455 15.543 15.630 15.718 15.793 15.862 15.931 16.000 16.069 16.138 16.208 16.277 16.346 16.424 16.502 16.580 16.657 16.694 16.642 16.591 16.539 16.488 16.436 16.385 16.334 16.282 16.231 16.185 16.226 16.249
11.811 11.818 11.832 11.845 11.859 11.872 11.886 11.899 11.912 11.926 11.939 11.953 12.008 12.085 12.165 12.244 12.323 12.437 12.551 12.665 12.780 12.894 13.008 13.122 13.236 13.389 13.559 13.712 13.814 13.916 14.019 14.121 14.223 14.325 14.427 14.529 14.631 14.731 14.818 14.906 14.994 15.082 15.169 15.257 15.345 15.433 15.520 15.608 15.696 15.784 15.871 15.940 16.009 16.078 16.147 16.216 16.286 16.355 16.423 16.492 16.563 16.641 16.718 16.796 16.786 16.735 16.684 16.632 16.581 16.529 16.477 16.425 16.374 16.302 16.223 16.220 16.243
11.780 11.791 11.804 11.818 11.831 11.845 11.858 11.872 11.885 11.899 11.912 11.925 11.952 12.061 12.175 12.289 12.403 12.518 12.632 12.746 12.860 12.974 13.088 13.202 13.320 13.490 13.661 13.830 13.974 14.076 14.178 14.280 14.382 14.485 14.587 14.689 14.791 14.885 14.973 15.060 15.148 15.236 15.323 15.411 15.499 15.587 15.674 15.762 15.850 15.938 16.018 16.086 16.155 16.224 16.293 16.363 16.432 16.501 16.570 16.639 16.708 16.780 16.858 16.931 16.879 16.828 16.776 16.724 16.673 16.617 16.537 16.457 16.378 16.298 16.218 16.217 16.239
11.750 11.763 11.777 11.790 11.804 11.817 11.831 11.866 11.901 11.936 11.971 12.005 12.059 12.142 12.256 12.370 12.484 12.598 12.712 12.826 12.940 13.054 13.168 13.282 13.422 13.592 13.763 13.932 14.102 14.235 14.337 14.439 14.541 14.643 14.745 14.847 14.949 15.038 15.127 15.214 15.302 15.389 15.477 15.564 15.652 15.740 15.827 15.915 16.003 16.091 16.164 16.233 16.302 16.371 16.441 16.510 16.579 16.648 16.717 16.786 16.855 16.923 16.997 17.023 16.971 16.920 16.851 16.772 16.692 16.612 16.533 16.452 16.372 16.293 16.213 16.212 16.234
11.723 11.745 11.779 11.814 11.849 11.884 11.919 11.954 11.989 12.023 12.058 12.093 12.166 12.248 12.336 12.450 12.564 12.678 12.792 12.906 13.020 13.134 13.248 13.363 13.524 13.694 13.864 14.033 14.203 14.373 14.497 14.599 14.701 14.803 14.905 15.007 15.104 15.192 15.280 15.368 15.455 15.543 15.631 15.718 15.806 15.894 15.982 16.069 16.157 16.242 16.311 16.380 16.449 16.518 16.587 16.656 16.725 16.794 16.863 16.932 17.001 17.071 17.134 17.086 17.006 16.927 16.847 16.766 16.687 16.607 16.527 16.448 16.368 16.288 16.208 16.208 16.231
11.797 11.832 11.867 11.902 11.937 11.972 12.007 12.041 12.076 12.111 12.146 12.190 12.273 12.355 12.438 12.530 12.644 12.758 12.872 12.986 13.101 13.215 13.329 13.455 13.626 13.796 13.966 14.135 14.305 14.475 14.645 14.757 14.859 14.962 15.064 15.166 15.258 15.346 15.434 15.522 15.609 15.697 15.785 15.871 15.959 16.047 16.135 16.222 16.310 16.388 16.457 16.526 16.595 16.665 16.734 16.803 16.872 16.931 16.972 17.014 17.055 17.097 17.125 17.070 17.001 16.921 16.842 16.762 16.682 16.603 16.523 16.443 16.363 16.283 16.203 16.203 16.226
11.836 11.920 11.955 11.990 12.025 12.060 12.094 12.129 12.164 12.199 12.234 12.297 12.379 12.462 12.544 12.627 12.724 12.839 12.953 13.067 13.181 13.295 13.409 13.557 13.727 13.897 14.067 14.236 14.407 14.577 14.747 14.917 15.019 15.121 15.223 15.324 15.412 15.499 15.587 15.675 15.762 15.850 15.938 16.026 16.113 16.201 16.289 16.376 16.464 16.535 16.604 16.673 16.727 16.769 16.810 16.852 16.893 16.934 16.976 17.017 17.059 17.101 17.094 17.039 16.984 16.917 16.837 16.758 16.677 16.597 16.517 16.438 16.358 16.278 16.199 16.199 16.222
11.873 11.971 12.043 12.078 12.113 12.147 12.182 12.217 12.252 12.287 12.322 12.404 12.486 12.569 12.651 12.734 12.816 12.919 13.033 13.147 13.261 13.375 13.489 13.659 13.829 13.999 14.169 14.338 14.508 14.678 14.848 15.018 15.178 15.280 15.382 15.478 15.566 15.653 15.741 15.829 15.917 16.004 16.092 16.180 16.267 16.354 16.442 16.520 16.569 16.606 16.647 16.689 16.731 16.772 16.814 16.856 16.897 16.939 16.980 17.022 17.064 17.105 17.063 17.008 16.952 16.897 16.832 16.752 16.672 16.593 16.513 16.433 16.354 16.274 16.193 16.194 16.217
11.910 12.008 12.107 12.165 12.200 12.235 12.270 12.305 12.340 12.375 12.428 12.511 12.593 12.675 12.758 12.840 12.923 13.005 13.113 13.227 13.341 13.456 13.590 13.760 13.930 14.101 14.271 14.440 14.610 14.780 14.950 15.120 15.290 15.439 15.541 15.631 15.719 15.807 15.894 15.982 16.070 16.153 16.230 16.307 16.384 16.461 16.538 16.615 16.623 16.610 16.652 16.694 16.735 16.777 16.818 16.860 16.902 16.942 16.984 17.026 17.067 17.086 17.031 16.976 16.921 16.866 16.811 16.748 16.668 16.587 16.508 16.428 16.348 16.269 16.189 16.191 16.213
11.947 12.046 12.144 12.243 12.288 12.323 12.358 12.393 12.428 12.462 12.535 12.617 12.700 12.782 12.865 12.947 13.030 13.112 13.195 13.308 13.422 13.536 13.692 13.862 14.032 14.202 14.372 14.541 14.711 14.882 15.052 15.222 15.392 15.562 15.698 15.785 15.862 15.939 16.017 16.094 16.171 16.248 16.325 16.402 16.479 16.556 16.633 16.695 16.676 16.657 16.656 16.697 16.739 16.780 16.822 16.864 16.905 16.947 16.989 17.030 17.072 17.055 17.000 16.945 16.890 16.834 16.779 16.724 16.663 16.583 16.503 16.424 16.344 16.264 16.184 16.186 16.208
11.984 12.083 12.181 12.280 12.376 12.411 12.445 12.480 12.515 12.559 12.642 12.724 12.806 12.889 12.971 13.054 13.136 13.219 13.301 13.388 13.502 13.623 13.793 13.964 14.134 14.304 14.474 14.643 14.813 14.983 15.172 15.373 15.574 15.775 15.837 15.879 15.956 16.033 16.111 16.188 16.265 16.342 16.419 16.496 16.573 16.650 16.727 16.750 16.730 16.711 16.691 16.702 16.743 16.785 16.827 16.868 16.910 16.952 16.993 17.034 17.076 17.023 16.968 16.913 16.858 16.803 16.748 16.693 16.638 16.579 16.498 16.418 16.338 16.259 16.179 16.182 16.205
12.022 12.120 12.218 12.317 12.415 12.498 12.533 12.568 12.603 12.666 12.748 12.831 12.913 12.996 13.078 13.161 13.243 13.326 13.408 13.491 13.582 13.725 13.895 14.065 14.242 14.443 14.644 14.846 15.047 15.248 15.449 15.650 15.851 16.043 16.014 15.985 16.051 16.128 16.205 16.283 16.360 16.437 16.514 16.591 16.668 16.745 16.822 16.804 16.784 16.764 16.744 16.725 16.747 16.789 16.830 16.872 16.914 16.955 16.997 17.039 17.047 16.992 16.937 16.882 16.827 16.772 16.716 16.661 16.606 16.551 16.493 16.414 16.334 16.254 16.175 16.178 16.200
12.059 12.157 12.256 12.354 12.452 12.551 12.621 12.656 12.691 12.773 12.855 12.938 13.020 13.103 13.185 13.267 13.350 13.432 13.515 13.626 13.746 13.916 14.117 14.318 14.519 14.720 14.921 15.122 15.323 15.524 15.725 15.926 16.127 16.219 16.190 16.161 16.145 16.222 16.299 16.377 16.454 16.531 16.608 16.685 16.762 16.839 16.876 16.857 16.837 16.818 16.798 16.779 16.760 16.793 16.835 16.877 16.918 16.960 17.001 17.042 17.015 16.960 16.905 16.850 16.795 16.740 16.685 16.630 16.575 16.520 16.465 16.408 16.329 16.249 16.169 16.173 16.196
12.096 12.194 12.293 12.391 12.490 12.588 12.686 12.744 12.797 12.879 12.962 13.044 13.127 13.214 13.334 13.454 13.575 13.695 13.816 13.936 14.065 14.209 14.393 14.594 14.795 14.997 15.198 15.399 15.600 15.801 16.003 16.204 16.405 16.396 16.367 16.338 16.309 16.317 16.394 16.471 16.549 16.626 16.703 16.780 16.857 16.934 16.930 16.911 16.891 16.872 16.851 16.832 16.813 16.797 16.839 16.880 16.922 16.963 17.005 17.039 16.984 16.929 16.874 16.819 16.764 16.709 16.653 16.598 16.543 16.488 16.433 16.378 16.323 16.244 16.165 16.170 16.191
12.133 12.232 12.330 12.428 12.527 12.625 12.724 12.822 12.922 13.042 13.163 13.283 13.404 13.524 13.645 13.765 13.886 14.006 14.126 14.247 14.386 14.530 14.675 14.871 15.072 15.273 15.475 15.676 15.877 16.078 16.279 16.481 16.602 16.573 16.544 16.515 16.485 16.455 16.488 16.565 16.643 16.720 16.797 16.874 16.951 17.003 16.983 16.964 16.944 16.925 16.906 16.886 16.867 16.847 16.843 16.885 16.926 16.968 17.010 17.007 16.952 16.897 16.842 16.787 16.732 16.677 16.622 16.567 16.512 16.457 16.403 16.347 16.292 16.237 16.159 16.165 16.130
12.170 12.269 12.367 12.468 12.615 12.762 12.908 13.059 13.232 13.353 13.473 13.593 13.714 13.834 13.955 14.075 14.195 14.316 14.436 14.562 14.707 14.851 14.996 15.149 15.350 15.551 15.752 15.953 16.154 16.355 16.556 16.757 16.778 16.749 16.720 16.691 16.662 16.632 16.603 16.660 16.737 16.815 16.892 16.969 17.046 17.057 17.037 17.018 16.998 16.979 16.960 16.940 16.920 16.900 16.881 16.888 16.930 16.972 17.013 16.976 16.921 16.866 16.811 16.756 16.701 16.646 16.591 16.535 16.481 16.426 16.371 16.316 16.261 16.206 16.151 16.102 16.054
12.284 12.430 12.577 12.723 12.870 13.017 13.163 13.325 13.499 13.664 13.784 13.904 14.025 14.145 14.266 14.386 14.506 14.627 14.747 14.882 15.027 15.171 15.316 15.460 15.626 15.827 16.028 16.229 16.430 16.632 16.833 16.984 16.955 16.926 16.897 16.868 16.839 16.808 16.779 16.754 16.831 16.909 16.986 17.063 17.129 17.110 17.090 17.071 17.051 17.032 17.013 16.993 16.974 16.954 16.935 16.916 16.935 16.976 17.000 16.945 16.889 16.834 16.779 16.724 16.669 16.614 16.560 16.505 16.450 16.386 16.313 16.239 16.165 16.092 16.030 15.988 15.946
12.539 12.685 12.832 12.979 13.125 13.272 13.418 13.590 13.765 13.940 14.094 14.214 14.335 14.455 14.576 14.697 14.817 14.938 15.059 15.204 15.348 15.493 15.637 15.782 15.926 16.104 16.305 16.506 16.707 16.908 17.110 17.160 17.131 17.102 17.073 17.044 17.015 16.985 16.956 16.927 16.926 17.003 17.081 17.158 17.183 17.164 17.144 17.125 17.106 17.086 17.067 17.047 17.027 17.007 16.988 16.969 16.949 16.980 16.968 16.913 16.858 16.803 16.748 16.694 16.620 16.547 16.474 16.399 16.326 16.252 16.179 16.105 16.032 15.958 15.913 15.870 15.829
12.794 12.940 13.087 13.234 13.380 13.527 13.681 13.856 14.031 14.205 14.380 14.525 14.645 14.766 14.886 15.007 15.127 15.247 15.379 15.524 15.668 15.813 15.957 16.102 16.246 16.391 16.582 16.784 16.985 17.186 17.367 17.337 17.308 17.279 17.250 17.221 17.192 17.161 17.132 17.103 17.074 17.097 17.175 17.252 17.236 17.217 17.197 17.178 17.159 17.139 17.120 17.100 17.081 17.062 17.042 17.023 17.003 16.984 16.928 16.854 16.781 16.707 16.633 16.560 16.486 16.413 16.339 16.266 16.192 16.119 16.046 15.972 15.898 15.838 15.795 15.752 15.710
13.049 13.195 13.342 13.489 13.635 13.781 13.946 14.120 14.296 14.471 14.646 14.821 14.956 15.077 15.197 15.318 15.438 15.558 15.700 15.845 15.989 16.134 16.278 16.423 16.567 16.712 16.859 17.060 17.261 17.462 17.543 17.513 17.484 17.455 17.426 17.397 17.367 17.338 17.309 17.280 17.251 17.222 17.269 17.310 17.290 17.271 17.252 17.232 17.213 17.193 17.174 17.138 17.097 17.055 17.013 16.971 16.930 16.872 16.794 16.720 16.647 16.573 16.500 16.426 16.353 16.280 16.206 16.132 16.058 15.985 15.911 15.838 15.764 15.721 15.678 15.635 15.592
13.304 13.451 13.597 13.744 13.890 14.037 14.211 14.386 14.561 14.736 14.911 15.086 15.261 15.387 15.507 15.627 15.748 15.876 16.021 16.165 16.310 16.454 16.599 16.744 16.889 17.033 17.177 17.337 17.538 17.739 17.720 17.690 17.661 17.632 17.603 17.574 17.543 17.514 17.485 17.456 17.427 17.398 17.368 17.363 17.322 17.280 17.238 17.197 17.155 17.113 17.071 17.030 16.988 16.946 16.904 16.863 16.821 16.744 16.663 16.587 16.514 16.439 16.366 16.292 16.219 16.145 16.072 15.998 15.925 15.851 15.778 15.705 15.646 15.603 15.560 15.518 15.475
13.559 13.706 13.852 13.999 14.146 14.302 14.477 14.652 14.827 15.002 15.177 15.352 15.527 15.697 15.818 15.938 16.059 16.197 16.342 16.486 16.631 16.775 16.920 17.064 17.209 17.353 17.498 17.642 17.814 17.925 17.896 17.866 17.837 17.808 17.779 17.750 17.699 17.640 17.582 17.523 17.464 17.405 17.335 17.255 17.213 17.171 17.130 17.088 17.046 17.004 16.962 16.920 16.878 16.836 16.795 16.753 16.695 16.614 16.534 16.453 16.379 16.306 16.232 16.159 16.085 16.012 15.939 15.864 15.791 15.717 15.644 15.572 15.529 15.487 15.444 15.401 15.358
13.814 13.960 14.107 14.253 14.400 14.567 14.742 14.917 15.092 15.267 15.442 15.617 15.792 15.967 16.128 16.248 16.373 16.517 16.662 16.807 16.952 17.096 17.241 17.385 17.530 17.674 17.819 17.963 18.093 18.056 17.997 17.938 17.880 17.821 17.761 17.702 17.643 17.584 17.525 17.466 17.407 17.348 17.261 17.167 17.103 17.062 17.020 16.978 16.936 16.895 16.853 16.811 16.769 16.728 16.686 16.644 16.567 16.486 16.405 16.325 16.246 16.172 16.098 16.025 15.951 15.878 15.804 15.731 15.657 15.584 15.511 15.456 15.412 15.369 15.326 15.283 15.240
14.069 14.216 14.362 14.509 14.658 14.833 15.008 15.183 15.358 15.533 15.708 15.883 16.058 16.233 16.407 16.559 16.694 16.838 16.983 17.127 17.272 17.387 17.502 17.616 17.731 17.845 17.960 18.074 18.112 18.000 17.941 17.882 17.823 17.764 17.705 17.646 17.587 17.529 17.470 17.411 17.352 17.282 17.188 17.094 17.000 16.953 16.911 16.869 16.827 16.785 16.743 16.701 16.659 16.618 16.576 16.518 16.437 16.357 16.276 16.195 16.114 16.038 15.965 15.891 15.818 15.745 15.671 15.597 15.523 15.450 15.381 15.338 15.295 15.252 15.209 15.166 15.123
14.340 14.471 14.617 14.763 14.923 15.098 15.273 15.448 15.623 15.798 15.973 16.148 16.323 16.497 16.671 16.836 16.911 17.025 17.141 17.255 17.370 17.484 17.599 17.713 17.828 17.942 18.056 18.171 18.095 17.980 17.885 17.826 17.767 17.708 17.649 17.590 17.531 17.472 17.413 17.354 17.295 17.208 17.114 17.020 16.926 16.843 16.801 16.759 16.718 16.676 16.634 16.592 16.551 16.509 16.467 16.390 16.309 16.228 16.148 16.067 15.986 15.904 15.831 15.757 15.684 15.610 15.537 15.463 15.390 15.316 15.264 15.221 15.178 15.134 15.091 15.048 15.005
