includes/overflow_coast_h/floodfiles/results/res-0002.wd
ncols         906
nrows         631
xllcorner     362177.146667
yllcorner     6534725.688020
cellsize      20.000000
NODATA_value  -9999.000000
[rows 476 to 509 of 631, columns 77 to 153 of 906]
8.002 7.670 7.338 7.006 6.548 6.014 5.481 4.947 4.414 4.029 3.797 3.565 3.333 3.421 3.602 3.782 3.833 3.756 3.679 3.602 3.525 3.449 3.372 3.304 3.257 2.168 1.878 1.618 1.038 0.798 0.608 0.828 0.968 1.338 1.589 1.788 2.139 2.182 2.296 2.444 2.603 2.759 2.907 3.054 3.202 3.350 3.498 3.618 3.602 3.581 3.567 3.573 3.578 3.583 3.588 3.593 3.598 3.595 3.539 3.482 3.425 3.369 3.335 3.331 3.327 3.322 3.307 3.286 3.266 3.245 3.224 3.203 3.182 3.161 3.144 3.153 3.168
7.487 7.155 6.823 6.492 6.135 5.601 5.068 4.534 4.297 4.065 3.833 3.601 3.369 3.485 3.666 3.846 4.027 4.126 4.049 3.972 3.895 3.819 3.742 3.684 3.636 3.589 3.542 3.495 2.259 2.128 1.868 1.908 1.978 2.288 2.765 2.879 2.993 3.107 3.221 3.335 3.487 3.636 3.783 3.825 3.809 3.793 3.776 3.760 3.743 3.713 3.677 3.666 3.671 3.676 3.681 3.686 3.691 3.665 3.608 3.552 3.495 3.439 3.382 3.354 3.349 3.345 3.325 3.304 3.283 3.262 3.241 3.220 3.199 3.195 3.196 3.224 3.259
6.972 6.640 6.308 5.977 5.645 5.188 4.798 4.566 4.334 4.102 3.870 3.638 3.406 3.549 3.730 3.910 4.091 4.272 4.419 4.342 4.265 4.189 4.112 4.064 4.016 3.969 3.922 3.874 3.827 3.780 3.629 3.348 3.462 3.576 3.690 3.804 3.918 3.984 3.999 4.014 4.015 3.999 3.983 3.966 3.950 3.934 3.918 3.901 3.882 3.845 3.809 3.773 3.765 3.770 3.775 3.780 3.785 3.735 3.678 3.622 3.565 3.509 3.452 3.395 3.372 3.363 3.342 3.321 3.300 3.291 3.291 3.290 3.289 3.288 3.297 3.320 3.350
6.668 6.373 6.078 5.783 5.488 5.121 4.834 4.603 4.371 4.139 3.907 3.675 3.443 3.613 3.794 3.974 4.155 4.336 4.516 4.697 4.635 4.558 4.491 4.443 4.396 4.349 4.301 4.254 4.207 4.159 4.066 4.048 4.063 4.078 4.093 4.107 4.122 4.137 4.152 4.166 4.153 4.141 4.124 4.108 4.092 4.075 4.059 4.043 4.014 3.978 3.942 3.906 3.870 3.864 3.869 3.874 3.861 3.804 3.748 3.691 3.635 3.578 3.522 3.465 3.409 3.387 3.387 3.386 3.385 3.384 3.383 3.382 3.381 3.381 3.399 3.422 3.445
7.050 6.754 6.459 6.164 5.869 5.454 5.006 4.639 4.408 4.176 3.943 3.711 3.497 3.677 3.858 4.038 4.219 4.400 4.580 4.761 4.942 4.928 4.870 4.823 4.776 4.701 4.577 4.453 4.329 4.204 4.085 4.165 4.216 4.231 4.246 4.260 4.275 4.290 4.305 4.305 4.292 4.279 4.266 4.249 4.233 4.217 4.200 4.182 4.146 4.110 4.074 4.038 4.002 3.966 3.962 3.967 3.931 3.874 3.818 3.761 3.705 3.651 3.615 3.579 3.542 3.486 3.479 3.479 3.478 3.477 3.476 3.475 3.474 3.476 3.500 3.523 3.546
7.431 7.136 6.840 6.545 6.235 5.787 5.340 4.892 4.444 4.212 3.980 3.748 3.561 3.741 3.922 4.102 4.283 4.464 4.644 4.825 5.006 5.148 5.088 4.964 4.840 4.715 4.591 4.467 4.342 4.218 4.179 4.259 4.340 4.384 4.398 4.413 4.428 4.443 4.456 4.443 4.430 4.417 4.404 4.391 4.374 4.358 4.342 4.314 4.278 4.242 4.206 4.170 4.134 4.098 4.062 4.058 4.001 3.944 3.907 3.871 3.835 3.798 3.762 3.726 3.682 3.626 3.572 3.571 3.571 3.570 3.569 3.568 3.567 3.577 3.601 3.624 3.647
7.812 7.517 7.222 6.926 6.568 6.120 5.673 5.225 4.777 4.329 4.017 3.785 3.625 3.805 3.986 4.167 4.347 4.528 4.660 4.785 4.910 5.035 5.014 4.978 4.854 4.729 4.605 4.481 4.357 4.232 4.273 4.353 4.434 4.514 4.551 4.566 4.581 4.596 4.594 4.581 4.568 4.555 4.543 4.530 4.516 4.499 4.482 4.446 4.410 4.374 4.338 4.302 4.266 4.229 4.184 4.162 4.127 4.091 4.055 4.018 3.982 3.946 3.909 3.873 3.821 3.766 3.710 3.664 3.663 3.663 3.662 3.661 3.660 3.679 3.702 3.725 3.749
8.193 7.898 7.603 7.307 6.901 6.454 6.006 5.558 5.110 4.662 4.215 3.822 3.689 3.869 4.047 4.172 4.298 4.423 4.548 4.673 4.798 4.919 4.891 4.862 4.834 4.744 4.619 4.495 4.371 4.286 4.367 4.447 4.527 4.608 4.688 4.719 4.734 4.746 4.733 4.720 4.707 4.694 4.681 4.668 4.655 4.641 4.614 4.578 4.542 4.499 4.454 4.409 4.364 4.319 4.274 4.274 4.274 4.238 4.202 4.166 4.129 4.093 4.056 4.017 3.961 3.905 3.850 3.794 3.756 3.755 3.754 3.754 3.757 3.780 3.803 3.827 3.850
8.304 8.279 7.984 7.682 7.235 6.787 6.339 5.891 5.443 4.996 4.548 4.085 3.711 3.810 3.935 4.060 4.185 4.310 4.435 4.560 4.685 4.797 4.768 4.740 4.711 4.683 4.633 4.509 4.385 4.380 4.460 4.541 4.621 4.702 4.782 4.863 4.886 4.884 4.871 4.858 4.845 4.832 4.819 4.796 4.767 4.737 4.723 4.678 4.634 4.589 4.544 4.499 4.454 4.409 4.381 4.386 4.391 4.385 4.349 4.313 4.276 4.240 4.204 4.156 4.101 4.045 3.989 3.933 3.878 3.848 3.847 3.846 3.858 3.881 3.905 3.928 3.951
8.278 8.445 8.365 8.016 7.568 7.120 6.672 6.206 5.728 5.250 4.773 4.295 3.996 3.802 3.822 3.948 4.073 4.198 4.323 4.448 4.573 4.674 4.645 4.617 4.588 4.560 4.532 4.503 4.399 4.474 4.554 4.635 4.715 4.796 4.876 4.954 5.018 4.989 4.959 4.930 4.900 4.870 4.840 4.810 4.780 4.775 4.793 4.768 4.724 4.679 4.634 4.589 4.544 4.499 4.493 4.498 4.503 4.508 4.496 4.460 4.424 4.387 4.351 4.296 4.240 4.185 4.129 4.073 4.017 3.961 3.940 3.939 3.959 3.983 4.006 4.029 4.052
8.253 8.419 8.586 8.327 7.849 7.371 6.894 6.416 5.938 5.460 4.983 4.505 4.281 4.087 3.893 3.835 3.960 4.085 4.210 4.335 4.460 4.551 4.523 4.494 4.466 4.437 4.409 4.380 4.456 4.534 4.610 4.687 4.764 4.840 4.917 4.994 5.009 5.003 4.973 4.943 4.913 4.883 4.853 4.824 4.795 4.813 4.831 4.849 4.813 4.769 4.724 4.679 4.634 4.600 4.605 4.610 4.615 4.620 4.625 4.607 4.571 4.535 4.492 4.436 4.380 4.324 4.268 4.212 4.157 4.101 4.045 4.037 4.061 4.077 4.078 4.080 4.082
8.186 8.344 8.499 8.398 8.059 7.581 7.104 6.626 6.148 5.670 5.193 4.761 4.567 4.372 4.178 3.984 3.848 3.973 4.098 4.223 4.348 4.428 4.400 4.372 4.343 4.315 4.322 4.407 4.492 4.573 4.650 4.727 4.803 4.880 4.957 5.000 5.000 5.001 4.987 4.957 4.927 4.897 4.867 4.837 4.834 4.852 4.870 4.887 4.904 4.859 4.814 4.769 4.724 4.712 4.717 4.722 4.727 4.732 4.737 4.742 4.718 4.682 4.631 4.575 4.520 4.464 4.408 4.352 4.296 4.232 4.166 4.083 4.079 4.081 4.082 4.084 4.086
8.099 8.257 8.324 8.223 8.122 7.791 7.313 6.836 6.358 5.880 5.403 5.047 4.852 4.658 4.463 4.269 4.075 3.881 3.985 4.110 4.235 4.306 4.277 4.249 4.220 4.273 4.358 4.443 4.527 4.612 4.690 4.766 4.843 4.920 4.990 4.991 4.991 4.992 4.993 4.970 4.941 4.911 4.881 4.854 4.872 4.890 4.908 4.926 4.944 4.949 4.904 4.859 4.820 4.825 4.830 4.835 4.839 4.844 4.849 4.854 4.859 4.827 4.771 4.715 4.654 4.589 4.524 4.459 4.393 4.328 4.263 4.167 4.083 4.085 4.087 4.088 4.090
8.012 8.170 8.149 8.048 7.947 7.846 7.524 7.046 6.568 6.090 5.613 5.332 5.138 4.943 4.749 4.554 4.360 4.166 3.971 3.998 4.123 4.183 4.155 4.140 4.224 4.309 4.394 4.478 4.563 4.648 4.729 4.806 4.883 4.960 4.982 4.982 4.982 4.983 4.984 4.984 4.954 4.924 4.894 4.892 4.910 4.928 4.946 4.964 4.982 5.000 4.994 4.949 4.932 4.937 4.942 4.947 4.952 4.956 4.961 4.951 4.922 4.946 4.881 4.816 4.751 4.685 4.620 4.555 4.490 4.425 4.348 4.252 4.157 4.089 4.091 4.092 4.094
7.925 8.075 7.974 7.873 7.772 7.671 7.570 7.256 6.778 6.300 5.823 5.617 5.423 5.229 5.034 4.840 4.646 4.451 4.257 4.062 4.011 4.060 4.091 4.176 4.260 4.345 4.429 4.514 4.599 4.683 4.768 4.846 4.923 4.972 4.973 4.973 4.973 4.974 4.975 4.975 4.968 4.938 4.913 4.931 4.949 4.967 4.985 5.003 5.021 5.039 5.057 5.039 5.044 5.049 5.027 4.998 4.969 4.941 4.912 4.883 4.854 4.927 4.977 4.912 4.847 4.782 4.717 4.651 4.586 4.521 4.432 4.337 4.241 4.146 4.095 4.096 4.098
7.838 7.900 7.799 7.698 7.597 7.496 7.395 7.294 6.988 6.510 6.097 5.903 5.708 5.514 5.320 5.125 4.931 4.737 4.542 4.347 4.099 4.037 4.125 4.211 4.296 4.380 4.465 4.550 4.634 4.719 4.803 4.886 4.962 4.963 4.964 4.964 4.965 4.965 4.966 4.966 4.967 4.952 4.951 4.969 4.987 5.005 5.023 5.036 5.045 5.053 5.062 5.047 5.016 4.987 4.959 4.930 4.902 4.873 4.844 4.815 4.826 4.906 4.985 5.009 4.944 4.878 4.813 4.748 4.683 4.613 4.517 4.421 4.326 4.231 4.135 4.100 4.102
7.751 7.725 7.624 7.523 7.422 7.321 7.220 7.119 7.018 6.720 6.382 6.188 5.994 5.799 5.583 5.335 5.086 4.838 4.590 4.341 4.125 4.078 4.134 4.222 4.310 4.398 4.486 4.574 4.662 4.750 4.838 4.924 4.954 4.954 4.954 4.954 4.954 4.954 4.954 4.954 4.954 4.953 4.959 4.967 4.976 4.985 4.993 5.002 5.010 5.019 5.027 4.989 4.948 4.919 4.891 4.862 4.833 4.805 4.776 4.747 4.805 4.884 4.964 5.043 5.040 4.975 4.910 4.845 4.779 4.697 4.602 4.506 4.411 4.315 4.220 4.124 4.106
7.651 7.550 7.449 7.348 7.247 7.146 7.045 6.944 6.843 6.766 6.571 6.323 6.074 5.826 5.578 5.329 5.081 4.832 4.584 4.336 4.216 4.169 4.143 4.231 4.319 4.407 4.495 4.583 4.671 4.759 4.847 4.915 4.931 4.931 4.931 4.931 4.930 4.930 4.930 4.930 4.930 4.927 4.924 4.933 4.941 4.950 4.958 4.967 4.975 4.984 4.970 4.930 4.889 4.851 4.822 4.794 4.765 4.737 4.708 4.704 4.784 4.863 4.942 5.021 5.101 5.071 5.006 4.941 4.876 4.782 4.687 4.591 4.495 4.400 4.305 4.209 4.113
7.476 7.375 7.274 7.190 7.117 7.044 6.971 6.899 6.826 6.735 6.545 6.317 6.069 5.820 5.572 5.324 5.075 4.827 4.578 4.355 4.308 4.261 4.214 4.240 4.328 4.416 4.504 4.592 4.680 4.768 4.856 4.878 4.897 4.907 4.907 4.907 4.907 4.906 4.906 4.906 4.905 4.902 4.898 4.898 4.907 4.915 4.923 4.932 4.940 4.949 4.912 4.871 4.831 4.790 4.754 4.726 4.697 4.668 4.640 4.683 4.762 4.841 4.921 5.000 5.079 5.158 5.103 5.037 4.962 4.867 4.771 4.676 4.580 4.485 4.389 4.294 4.198
7.395 7.322 7.249 7.177 7.104 7.031 6.958 6.886 6.813 6.678 6.488 6.299 6.063 5.815 5.566 5.318 5.070 4.821 4.573 4.447 4.399 4.352 4.305 4.258 4.338 4.426 4.513 4.601 4.689 4.777 4.823 4.842 4.861 4.880 4.883 4.883 4.883 4.882 4.882 4.882 4.879 4.876 4.872 4.868 4.872 4.880 4.889 4.897 4.906 4.894 4.853 4.812 4.772 4.731 4.691 4.657 4.629 4.600 4.582 4.661 4.740 4.820 4.899 4.978 5.058 5.137 5.199 5.134 5.047 4.951 4.856 4.760 4.665 4.563 4.442 4.321 4.200
7.323 7.309 7.236 7.163 7.091 7.018 6.946 6.873 6.800 6.621 6.431 6.242 6.052 5.809 5.561 5.312 5.064 4.816 4.585 4.538 4.491 4.444 4.397 4.350 4.347 4.435 4.523 4.611 4.699 4.767 4.786 4.805 4.824 4.844 4.859 4.859 4.859 4.859 4.858 4.857 4.853 4.850 4.846 4.842 4.839 4.845 4.854 4.862 4.871 4.835 4.794 4.754 4.713 4.673 4.632 4.591 4.561 4.532 4.560 4.639 4.719 4.798 4.877 4.957 5.036 5.115 5.194 5.227 5.122 5.001 4.880 4.759 4.638 4.518 4.397 4.276 4.155
7.242 7.242 7.223 7.150 7.078 7.005 6.933 6.860 6.753 6.564 6.374 6.185 5.995 5.803 5.555 5.307 5.058 4.810 4.677 4.630 4.583 4.536 4.489 4.442 4.395 4.444 4.532 4.620 4.708 4.731 4.750 4.769 4.788 4.807 4.826 4.835 4.835 4.834 4.835 4.831 4.827 4.824 4.820 4.816 4.813 4.810 4.819 4.827 4.817 4.776 4.736 4.695 4.655 4.614 4.574 4.533 4.493 4.464 4.538 4.617 4.697 4.776 4.854 4.921 4.988 5.055 5.122 5.144 5.076 4.955 4.834 4.713 4.593 4.472 4.351 4.230 4.118
7.161 7.161 7.161 7.138 7.065 6.992 6.920 6.847 6.696 6.507 6.317 6.128 5.938 5.749 5.549 5.301 5.053 4.815 4.768 4.721 4.674 4.627 4.580 4.533 4.486 4.453 4.541 4.629 4.675 4.694 4.713 4.733 4.752 4.771 4.790 4.809 4.811 4.811 4.809 4.805 4.801 4.798 4.794 4.790 4.787 4.783 4.784 4.793 4.758 4.717 4.677 4.636 4.596 4.556 4.515 4.474 4.433 4.425 4.492 4.559 4.626 4.693 4.760 4.827 4.894 4.961 5.028 5.014 4.997 4.910 4.789 4.668 4.547 4.426 4.306 4.185 4.112
7.080 7.080 7.080 7.080 7.052 6.979 6.907 6.829 6.639 6.450 6.260 6.071 5.881 5.692 5.502 5.295 5.047 4.907 4.860 4.813 4.766 4.719 4.672 4.625 4.578 4.531 4.550 4.620 4.639 4.658 4.677 4.696 4.716 4.735 4.753 4.772 4.787 4.786 4.783 4.779 4.776 4.772 4.768 4.765 4.761 4.757 4.754 4.740 4.699 4.657 4.614 4.572 4.530 4.487 4.445 4.402 4.359 4.362 4.398 4.465 4.532 4.599 4.666 4.733 4.800 4.867 4.903 4.885 4.868 4.850 4.743 4.622 4.502 4.381 4.260 4.139 4.106
7.000 7.000 7.000 7.000 7.000 6.966 6.894 6.772 6.582 6.393 6.203 6.014 5.824 5.635 5.445 5.256 5.045 4.998 4.951 4.904 4.857 4.810 4.763 4.716 4.669 4.622 4.571 4.585 4.604 4.623 4.642 4.661 4.680 4.699 4.718 4.737 4.757 4.760 4.756 4.752 4.749 4.745 4.741 4.737 4.733 4.729 4.726 4.670 4.625 4.583 4.540 4.498 4.455 4.413 4.370 4.328 4.302 4.312 4.322 4.371 4.438 4.505 4.572 4.639 4.706 4.773 4.773 4.756 4.738 4.721 4.698 4.577 4.456 4.335 4.214 4.118 4.100
6.919 6.919 6.919 6.919 6.919 6.919 6.881 6.715 6.525 6.336 6.146 5.967 5.794 5.621 5.447 5.274 5.087 4.988 4.937 4.886 4.834 4.783 4.731 4.680 4.628 4.577 4.559 4.575 4.595 4.614 4.633 4.652 4.671 4.690 4.709 4.728 4.740 4.732 4.728 4.724 4.720 4.716 4.713 4.709 4.705 4.701 4.674 4.611 4.551 4.508 4.466 4.424 4.381 4.339 4.296 4.254 4.252 4.262 4.272 4.283 4.344 4.411 4.478 4.545 4.612 4.661 4.644 4.626 4.609 4.591 4.574 4.531 4.411 4.290 4.169 4.112 4.093
6.838 6.838 6.838 6.838 6.847 6.863 6.865 6.729 6.556 6.383 6.209 6.036 5.862 5.689 5.516 5.342 5.143 4.943 4.891 4.840 4.789 4.737 4.686 4.634 4.583 4.538 4.553 4.568 4.585 4.605 4.624 4.643 4.662 4.681 4.700 4.719 4.715 4.707 4.699 4.695 4.692 4.688 4.684 4.680 4.676 4.672 4.615 4.552 4.489 4.434 4.392 4.349 4.307 4.264 4.222 4.192 4.202 4.212 4.223 4.233 4.250 4.317 4.384 4.451 4.518 4.532 4.514 4.497 4.479 4.462 4.445 4.427 4.365 4.244 4.125 4.106 4.087
6.794 6.810 6.827 6.843 6.859 6.875 6.846 6.775 6.625 6.451 6.278 6.104 5.931 5.757 5.584 5.399 5.199 4.999 4.846 4.794 4.743 4.692 4.640 4.589 4.537 4.531 4.546 4.561 4.576 4.596 4.615 4.634 4.653 4.672 4.691 4.698 4.690 4.681 4.672 4.667 4.663 4.659 4.655 4.652 4.648 4.618 4.556 4.493 4.430 4.367 4.318 4.275 4.233 4.190 4.148 4.142 4.152 4.163 4.173 4.183 4.193 4.223 4.290 4.357 4.420 4.402 4.385 4.367 4.350 4.333 4.315 4.298 4.280 4.199 4.119 4.100 4.081
6.806 6.822 6.838 6.855 6.871 6.887 6.828 6.757 6.686 6.520 6.346 6.173 5.999 5.826 5.653 5.454 5.255 5.055 4.856 4.749 4.697 4.646 4.595 4.543 4.509 4.524 4.539 4.554 4.570 4.586 4.606 4.625 4.644 4.663 4.681 4.673 4.664 4.656 4.647 4.639 4.635 4.631 4.627 4.623 4.619 4.559 4.496 4.434 4.371 4.308 4.245 4.201 4.158 4.116 4.082 4.092 4.103 4.113 4.123 4.134 4.144 4.154 4.196 4.263 4.290 4.273 4.255 4.238 4.221 4.203 4.186 4.168 4.151 4.134 4.114 4.097 4.080
6.818 6.834 6.850 6.867 6.883 6.880 6.809 6.738 6.667 6.588 6.414 6.241 6.068 5.894 5.710 5.510 5.311 5.111 4.912 4.712 4.652 4.600 4.549 4.498 4.503 4.518 4.533 4.548 4.563 4.578 4.596 4.615 4.634 4.654 4.656 4.648 4.639 4.630 4.622 4.613 4.606 4.602 4.598 4.594 4.563 4.500 4.437 4.374 4.312 4.249 4.186 4.127 4.084 4.042 4.032 4.043 4.053 4.063 4.074 4.084 4.094 4.104 4.115 4.169 4.161 4.143 4.126 4.109 4.106 4.108 4.111 4.113 4.116 4.118 4.117 4.101 4.084
6.830 6.846 6.862 6.878 6.895 6.861 6.790 6.719 6.648 6.577 6.483 6.310 6.136 5.963 5.766 5.566 5.367 5.167 4.967 4.768 4.606 4.555 4.503 4.481 4.496 4.511 4.526 4.541 4.556 4.571 4.587 4.606 4.625 4.639 4.631 4.622 4.614 4.605 4.597 4.588 4.579 4.574 4.570 4.566 4.504 4.441 4.378 4.315 4.253 4.190 4.127 4.064 4.010 3.972 3.983 3.993 4.003 4.013 4.024 4.034 4.044 4.056 4.072 4.084 4.087 4.089 4.092 4.095 4.097 4.100 4.102 4.104 4.107 4.108 4.107 4.104 4.087
6.854 6.858 6.874 6.890 6.907 6.843 6.771 6.700 6.629 6.558 6.487 6.378 6.205 6.021 5.822 5.622 5.422 5.223 5.023 4.824 4.624 4.509 4.460 4.475 4.490 4.505 4.520 4.535 4.550 4.565 4.580 4.597 4.616 4.614 4.605 4.597 4.588 4.580 4.571 4.563 4.554 4.545 4.541 4.508 4.445 4.382 4.319 4.256 4.193 4.131 4.068 4.005 3.942 3.923 3.937 3.953 3.969 3.985 4.001 4.017 4.033 4.049 4.065 4.073 4.078 4.081 4.083 4.086 4.088 4.091 4.093 4.096 4.098 4.098 4.097 4.097 4.091
6.966 6.878 6.886 6.902 6.895 6.824 6.753 6.682 6.610 6.539 6.468 6.397 6.273 6.077 5.877 5.678 5.478 5.279 5.079 4.879 4.680 4.480 4.453 4.468 4.483 4.498 4.513 4.528 4.543 4.558 4.573 4.588 4.597 4.589 4.580 4.571 4.563 4.554 4.546 4.537 4.529 4.520 4.512 4.449 4.386 4.324 4.263 4.201 4.140 4.078 4.017 3.955 3.896 3.914 3.930 3.946 3.962 3.978 3.994 4.010 4.026 4.042 4.056 4.062 4.068 4.072 4.074 4.077 4.080 4.082 4.084 4.087 4.088 4.088 4.087 4.087 4.086
7.078 6.990 6.903 6.914 6.876 6.805 6.734 6.663 6.592 6.520 6.448 6.375 6.271 6.078 5.876 5.673 5.471 5.268 5.065 4.863 4.661 4.516 4.548 4.559 4.571 4.583 4.595 4.607 4.618 4.630 4.642 4.652 4.548 4.538 4.529 4.519 4.509 4.500 4.490 4.481 4.471 4.461 4.445 4.401 4.340 4.278 4.217 4.155 4.093 4.032 3.970 3.909 3.888 3.906 3.923 3.939 3.956 3.972 3.988 4.004 4.019 4.035 4.044 4.050 4.056 4.062 4.065 4.068 4.071 4.073 4.076 4.078 4.078 4.078 4.077 4.076 4.076
