includes/overflow_coast_h/floodfiles/results/res-0006.wdfp
ncols         906
nrows         631
xllcorner     362177.146670
yllcorner     6534722.565530
cellsize      20.000000
NODATA_value  -9999.000000
[rows 408 to 441 of 631, columns 0 to 76 of 906]
6.455 6.255 6.094 6.324 6.457 6.334 6.212 6.089 5.967 5.844 5.722 5.954 6.200 6.489 6.778 7.067 7.355 7.649 8.020 8.391 8.762 9.134 9.505 9.741 9.931 10.121 10.315 10.512 10.709 10.906 11.104 11.254 11.403 11.552 11.551 11.453 11.108 10.284 9.461 8.637 7.813 6.990 6.286 5.846 5.407 4.967 4.527 2.909 2.759 2.449 2.299 1.639 0.000 0.000 0.000 0.000 0.000 0.000 0.000 0.000 0.000 0.000 0.000 0.000 0.000 0.000 0.000 0.000 0.000 0.000 0.000 0.000 0.000 0.000 0.000 0.000 0.000
6.645 6.446 6.246 6.221 6.131 6.008 5.886 5.763 5.641 5.518 5.417 5.494 5.783 6.072 6.361 6.650 6.939 7.239 7.610 7.981 8.352 8.724 9.095 9.466 9.749 9.939 10.135 10.332 10.512 10.661 10.809 10.958 11.107 11.256 11.218 11.121 11.024 10.927 10.122 9.299 8.475 7.652 6.992 6.552 6.112 5.672 5.232 4.792 4.352 2.629 2.529 2.289 1.759 0.000 0.000 0.000 0.000 0.000 0.000 0.000 0.000 0.000 0.000 0.000 0.000 0.000 0.000 0.000 0.000 0.000 0.000 0.000 0.000 0.000 0.000 0.000 0.000
6.805 6.599 6.394 6.236 6.143 6.049 5.956 5.862 5.769 5.675 5.581 5.468 5.366 5.655 5.944 6.233 6.522 6.829 7.200 7.571 7.943 8.314 8.685 9.057 9.428 9.757 9.918 10.067 10.216 10.365 10.513 10.662 10.811 10.960 10.886 10.789 10.691 10.594 10.497 9.960 9.137 8.313 7.697 7.257 6.818 6.378 5.938 5.529 5.127 4.726 2.559 2.559 2.299 1.769 0.000 0.000 0.000 0.000 0.000 0.000 0.000 0.000 0.000 0.000 0.000 0.000 0.000 0.000 0.000 0.000 0.000 0.000 0.000 0.000 0.000 0.000 0.000
6.919 6.713 6.508 6.398 6.307 6.214 6.120 6.027 5.933 5.840 5.741 5.626 5.511 5.396 5.527 5.816 6.105 6.419 6.790 7.161 7.533 7.904 8.275 8.619 8.929 9.249 9.605 9.771 9.920 10.069 10.218 10.367 10.515 10.651 10.553 10.456 10.359 10.262 10.164 10.067 9.798 8.975 8.403 7.963 7.531 7.130 6.728 6.326 5.924 5.522 5.118 2.649 2.619 2.369 1.599 0.000 0.000 0.000 0.000 0.000 0.000 0.000 0.000 0.000 0.000 0.000 0.000 0.000 0.000 0.000 0.000 0.000 0.000 0.000 0.000 0.000 0.000
7.033 6.827 6.651 6.560 6.469 6.378 6.285 6.191 6.098 6.004 5.899 5.784 5.668 5.553 5.438 5.399 5.687 6.009 6.380 6.751 7.110 7.420 7.730 8.041 8.351 8.679 9.035 9.391 9.624 9.773 9.922 10.071 10.219 10.318 10.221 10.124 10.026 9.929 9.832 9.735 9.637 9.540 9.132 8.730 8.328 7.926 7.525 7.123 6.721 6.319 5.840 4.912 2.859 2.609 2.409 1.529 0.000 0.000 0.000 0.000 0.000 0.000 0.000 0.000 0.000 0.000 0.000 0.000 0.000 0.000 0.000 0.000 0.000 0.000 0.000 0.000 0.000
7.147 6.941 6.813 6.722 6.631 6.540 6.449 6.356 6.262 6.169 6.057 5.941 5.826 5.711 5.596 5.480 5.365 5.599 5.911 6.221 6.532 6.842 7.153 7.463 7.773 8.109 8.465 8.821 9.177 9.477 9.626 9.775 9.924 9.986 9.888 9.791 9.694 9.597 9.499 9.411 9.390 9.370 9.631 9.527 9.125 8.723 8.321 7.919 7.518 7.116 6.562 5.634 4.706 3.778 2.559 2.339 1.479 0.000 0.000 0.000 0.000 0.000 0.000 0.000 0.000 0.000 0.000 0.000 0.000 0.000 0.000 0.000 0.000 0.000 0.000 0.000 0.000
7.261 7.066 6.975 6.885 6.794 6.703 6.612 6.520 6.427 6.330 6.214 6.099 5.984 5.869 5.751 5.621 5.492 5.293 5.333 5.643 5.954 6.264 6.575 6.885 7.195 7.539 7.895 8.251 8.607 8.962 9.318 9.479 9.628 9.653 9.556 9.459 9.361 9.311 9.291 9.270 9.250 9.253 9.538 9.823 9.922 9.520 9.118 8.716 8.314 7.912 7.285 6.357 5.428 4.500 2.769 2.649 2.319 1.299 0.000 0.000 0.000 0.000 0.000 0.000 0.000 0.000 0.000 0.000 0.000 0.000 0.000 0.000 0.000 0.000 0.000 0.000 0.000
7.375 7.229 7.138 7.047 6.956 6.865 6.774 6.683 6.592 6.487 6.372 6.250 6.120 5.991 5.862 5.733 5.603 5.381 5.147 5.066 5.376 5.686 5.997 6.307 6.617 6.969 7.325 7.681 8.037 8.392 8.748 9.104 9.332 9.321 9.232 9.212 9.191 9.171 9.151 9.130 9.110 9.160 9.445 9.730 10.015 10.300 9.915 9.513 9.111 8.709 8.007 7.079 6.151 5.222 4.294 3.366 2.709 2.059 1.489 0.000 0.000 0.000 0.000 0.000 0.000 0.000 0.000 0.000 0.000 0.000 0.000 0.000 0.000 0.000 0.000 0.000 0.000
7.489 7.391 7.300 7.209 7.118 7.027 6.936 6.843 6.750 6.619 6.490 6.361 6.232 6.102 5.973 5.844 5.703 5.469 5.236 5.002 4.798 5.108 5.419 5.729 6.044 6.399 6.755 7.111 7.467 7.822 8.178 8.534 8.941 9.112 9.092 9.071 9.051 9.031 9.010 8.990 8.970 9.066 9.351 9.636 9.921 10.206 10.491 10.309 9.908 9.506 8.730 7.801 6.873 5.945 5.016 4.227 3.447 2.579 2.509 1.489 0.000 0.000 0.000 0.000 0.000 0.000 0.000 0.000 0.000 0.000 0.000 0.000 0.000 0.000 0.000 0.000 0.000
7.644 7.552 7.458 7.364 7.270 7.176 7.082 6.988 6.889 6.743 6.601 6.472 6.343 6.214 6.084 5.955 5.791 5.557 5.324 5.091 4.857 4.624 4.841 5.151 5.474 5.829 6.185 6.541 6.896 7.288 7.718 8.147 8.577 8.771 8.951 8.931 8.911 8.890 8.870 8.850 8.829 8.973 9.258 9.543 9.828 10.113 10.398 10.683 10.704 10.302 9.452 8.524 7.653 6.873 6.093 5.312 4.532 2.839 2.579 2.099 1.739 0.000 0.000 0.000 0.000 0.000 0.000 0.000 0.000 0.000 0.000 0.000 0.000 0.000 0.000 0.000 0.000
7.793 7.697 7.603 7.509 7.415 7.321 7.227 7.134 7.018 6.872 6.726 6.583 6.454 6.325 6.195 6.066 5.879 5.646 5.412 5.179 4.945 4.712 4.478 4.573 4.904 5.259 5.635 6.064 6.494 6.923 7.353 7.782 8.172 8.363 8.555 8.746 8.770 8.750 8.730 8.709 8.689 8.880 9.165 9.450 9.735 10.020 10.305 10.590 10.875 11.099 10.299 9.518 8.738 7.958 7.178 6.397 5.617 4.837 4.034 2.329 2.329 2.139 1.369 0.000 0.000 0.000 0.000 0.000 0.000 0.000 0.000 0.000 0.000 0.000 0.000 0.000 0.000
7.944 7.844 7.748 7.654 7.560 7.466 7.372 7.279 7.147 7.001 6.855 6.710 6.565 6.436 6.307 6.177 5.967 5.734 5.500 5.267 5.033 4.800 4.566 4.338 4.411 4.840 5.270 5.699 6.129 6.559 6.988 7.417 7.765 7.956 8.147 8.338 8.530 8.610 8.590 8.569 8.549 8.787 9.072 9.357 9.642 9.927 10.212 10.451 10.635 10.845 11.204 10.603 9.823 9.043 8.263 7.482 6.702 5.922 5.102 2.779 2.459 2.419 2.129 1.319 0.000 0.000 0.000 0.000 0.000 0.000 0.000 0.000 0.000 0.000 0.000 0.000 0.000
8.095 7.994 7.894 7.799 7.705 7.611 7.517 7.422 7.276 7.130 6.984 6.839 6.693 6.547 6.418 6.289 6.056 5.822 5.589 5.355 5.135 4.940 4.745 4.550 4.458 4.476 4.905 5.335 5.764 6.194 6.623 7.053 7.357 7.548 7.740 7.931 8.122 8.313 8.449 8.429 8.409 8.694 8.979 9.264 9.542 9.725 9.909 10.093 10.276 10.515 10.874 11.233 10.908 10.128 9.348 8.567 7.787 7.007 6.170 5.279 2.849 2.359 2.119 2.089 1.389 0.000 0.000 0.000 0.000 0.000 0.000 0.000 0.000 0.000 0.000 0.000 0.000
8.245 8.145 8.045 7.945 7.850 7.756 7.662 7.551 7.405 7.259 7.113 6.968 6.822 6.676 6.530 6.377 6.144 5.933 5.737 5.542 5.347 5.152 4.956 4.767 4.696 4.625 4.554 4.970 5.399 5.829 6.258 6.688 6.950 7.141 7.332 7.524 7.715 7.906 8.097 8.288 8.315 8.600 8.816 9.000 9.183 9.367 9.551 9.734 9.918 10.184 10.543 10.902 11.261 11.213 10.433 9.652 8.872 8.092 7.238 6.347 5.455 4.564 2.569 2.439 2.229 1.759 0.000 0.000 0.000 0.000 0.000 0.000 0.000 0.000 0.000 0.000 0.000
8.396 8.296 8.196 8.096 7.996 7.901 7.808 7.680 7.534 7.388 7.242 7.097 6.951 6.806 6.669 6.526 6.339 6.144 5.949 5.754 5.559 5.363 5.168 5.005 4.934 4.863 4.792 4.721 5.035 5.464 5.894 6.323 6.542 6.734 6.925 7.116 7.307 7.499 7.690 7.924 8.133 8.274 8.457 8.641 8.825 9.008 9.192 9.376 9.559 9.854 10.213 10.572 10.931 11.290 11.518 10.737 9.957 9.177 8.306 7.415 6.523 5.632 4.740 2.849 2.419 2.309 1.689 0.000 0.000 0.000 0.000 0.000 0.000 0.000 0.000 0.000 0.000
8.547 8.447 8.347 8.247 8.147 8.047 7.953 7.809 7.663 7.519 7.381 7.244 7.107 6.969 6.832 6.686 6.537 6.356 6.161 5.966 5.770 5.575 5.380 5.243 5.172 5.101 5.030 4.959 4.888 5.100 5.529 5.944 6.135 6.326 6.517 6.709 6.926 7.227 7.528 7.830 7.985 7.996 8.099 8.283 8.466 8.650 8.834 9.017 9.201 9.523 9.882 10.241 10.600 10.959 11.319 11.678 11.042 10.262 9.374 8.482 7.591 6.411 5.191 3.971 2.750 2.719 2.269 1.969 1.249 0.000 0.000 0.000 0.000 0.000 0.000 0.000 0.000
8.698 8.598 8.498 8.398 8.298 8.186 8.086 7.956 7.819 7.682 7.544 7.407 7.269 7.132 6.995 6.846 6.697 6.548 6.372 6.177 5.982 5.787 5.592 5.481 5.410 5.339 5.268 5.197 5.126 5.055 5.164 5.536 5.728 5.928 6.229 6.530 6.831 7.133 7.434 7.735 7.838 7.849 7.859 7.924 8.108 8.291 8.475 8.659 8.843 9.193 9.552 9.911 10.270 10.629 10.988 11.347 11.706 11.333 10.345 9.124 7.904 6.684 5.464 4.244 3.023 1.803 2.449 2.349 2.109 1.399 0.000 0.000 0.000 0.000 0.000 0.000 0.000
8.837 8.711 8.586 8.460 8.334 8.209 8.138 8.108 7.982 7.844 7.707 7.570 7.432 7.295 7.155 7.006 6.857 6.708 6.559 6.389 6.194 5.999 5.803 5.719 5.648 5.577 5.506 5.436 5.365 5.294 5.223 5.231 5.532 5.833 6.134 6.435 6.737 7.038 7.339 7.640 7.691 7.701 7.712 7.722 7.749 7.933 8.117 8.300 8.504 8.863 9.222 9.581 9.940 10.299 10.658 11.017 11.369 11.466 10.618 9.397 8.177 6.957 5.737 4.517 3.296 2.076 2.869 2.759 2.219 2.109 1.849 0.000 0.000 0.000 0.000 0.000 0.000
8.860 8.734 8.608 8.483 8.357 8.232 8.189 8.160 8.130 8.007 7.870 7.732 7.595 7.458 7.315 7.166 7.017 6.868 6.719 6.570 6.406 6.210 6.028 5.958 5.887 5.816 5.745 5.668 5.561 5.454 5.348 5.360 5.442 5.739 6.040 6.341 6.642 6.943 7.244 7.533 7.543 7.554 7.564 7.575 7.586 7.596 7.758 7.942 8.173 8.532 8.891 9.250 9.609 9.964 10.315 10.667 11.018 10.973 10.396 9.671 8.450 7.230 6.010 4.790 3.570 2.349 1.795 2.909 2.509 2.429 2.439 1.909 0.000 0.000 0.000 0.000 0.000
8.882 8.757 8.631 8.506 8.380 8.270 8.241 8.211 8.181 8.152 8.033 7.895 7.758 7.621 7.475 7.326 7.177 7.028 6.879 6.730 6.581 6.422 6.267 6.196 6.112 6.006 5.899 5.792 5.686 5.579 5.473 5.524 5.606 5.688 5.945 6.246 6.547 6.848 7.149 7.385 7.396 7.406 7.417 7.428 7.438 7.449 7.459 7.583 7.843 8.202 8.559 8.910 9.262 9.613 9.965 10.316 10.668 10.481 9.903 9.326 8.723 7.503 6.283 5.063 3.843 2.622 2.219 2.100 1.981 1.862 1.742 1.623 2.279 1.509 0.000 0.000 0.000
8.905 8.780 8.654 8.528 8.403 8.322 8.292 8.262 8.233 8.203 8.174 8.058 7.921 7.783 7.634 7.485 7.336 7.187 7.038 6.889 6.741 6.590 6.450 6.344 6.237 6.131 6.024 5.917 5.811 5.704 5.607 5.688 5.770 5.852 5.934 6.151 6.452 6.753 7.054 7.238 7.248 7.259 7.270 7.280 7.291 7.301 7.312 7.323 7.506 7.857 8.208 8.560 8.911 9.263 9.614 9.965 10.317 9.988 9.411 8.833 8.256 7.678 6.556 5.336 4.116 2.895 2.644 2.525 2.406 2.286 2.167 2.048 2.619 2.688 1.758 0.000 0.000
8.928 8.802 8.677 8.551 8.426 8.373 8.343 8.314 8.284 8.254 8.225 8.195 8.084 7.943 7.794 7.645 7.496 7.347 7.195 7.043 6.892 6.740 6.603 6.470 6.362 6.255 6.149 6.042 5.935 5.829 5.771 5.852 5.934 6.016 6.098 6.180 6.357 6.658 6.959 7.090 7.101 7.112 7.122 7.133 7.143 7.150 7.155 7.161 7.292 7.506 7.858 8.209 8.560 8.912 9.263 9.615 9.966 9.496 8.918 8.341 7.763 7.186 6.608 5.609 4.389 3.188 3.069 2.950 2.830 2.711 2.512 2.280 2.048 2.528 2.338 2.348 0.000
8.827 8.825 8.700 8.574 8.454 8.424 8.395 8.365 8.336 8.306 8.276 8.247 8.217 8.103 7.952 7.800 7.649 7.497 7.345 7.194 7.042 6.891 6.758 6.625 6.492 6.380 6.274 6.167 6.060 5.954 5.935 6.016 6.098 6.180 6.262 6.344 6.425 6.563 6.865 6.943 6.954 6.964 6.971 6.977 6.982 6.987 6.993 6.998 7.158 7.326 7.507 7.858 8.210 8.561 8.912 9.264 9.581 9.003 8.426 7.848 7.271 6.693 6.116 5.538 4.662 3.613 3.494 3.373 3.141 2.909 2.677 2.444 2.899 1.980 2.849 1.897 2.558
8.720 8.728 8.722 8.597 8.505 8.476 8.446 8.417 8.387 8.357 8.304 8.250 8.196 8.196 8.102 7.951 7.799 7.647 7.496 7.344 7.193 7.046 6.913 6.779 6.646 6.513 6.398 6.292 6.185 6.079 6.098 6.180 6.262 6.344 6.426 6.508 6.589 6.671 6.770 6.792 6.798 6.803 6.809 6.814 6.820 6.825 6.831 6.856 7.025 7.193 7.361 7.529 7.859 8.210 8.562 8.913 9.088 8.511 7.933 7.356 6.778 6.201 5.623 5.046 4.469 4.001 3.769 3.537 3.305 3.073 2.849 2.609 2.376 2.859 2.698 2.548 2.608
8.613 8.621 8.630 8.620 8.557 8.523 8.469 8.416 8.362 8.309 8.255 8.201 8.150 8.166 8.182 8.101 7.950 7.798 7.646 7.495 7.343 7.201 7.067 6.934 6.801 6.668 6.535 6.417 6.310 6.203 6.262 6.344 6.426 6.508 6.590 6.672 6.711 6.743 6.754 6.640 6.635 6.641 6.646 6.652 6.657 6.663 6.668 6.723 6.891 7.059 7.227 7.396 7.564 7.859 8.211 8.562 8.596 8.018 7.441 6.863 6.286 5.708 5.134 4.815 4.496 4.198 3.933 3.701 3.469 3.237 2.879 2.773 2.649 2.619 2.769 2.668 2.478
8.506 8.508 8.507 8.506 8.528 8.474 8.421 8.367 8.313 8.260 8.206 8.153 8.120 8.136 8.152 8.168 8.100 7.948 7.797 7.645 7.494 7.356 7.222 7.089 6.956 6.823 6.690 6.557 6.435 6.345 6.426 6.508 6.586 6.619 6.651 6.684 6.716 6.749 6.730 6.616 6.502 6.478 6.484 6.489 6.495 6.500 6.506 6.589 6.758 6.926 7.094 7.262 7.430 7.598 7.860 8.211 8.103 7.526 6.948 6.371 5.972 5.653 5.334 5.016 4.697 4.405 4.137 3.869 3.633 3.401 3.169 2.859 2.599 2.529 2.599 2.418 2.458
8.358 8.357 8.356 8.363 8.399 8.426 8.372 8.318 8.265 8.211 8.157 8.104 8.089 8.106 8.122 8.138 8.154 8.099 7.947 7.796 7.644 7.510 7.377 7.244 7.111 6.978 6.844 6.711 6.578 6.495 6.527 6.560 6.592 6.625 6.657 6.690 6.722 6.755 6.706 6.592 6.478 6.364 6.322 6.327 6.332 6.338 6.344 6.456 6.624 6.792 6.960 7.129 7.297 7.465 7.633 7.861 7.611 7.129 6.810 6.491 6.172 5.854 5.535 5.216 4.898 4.612 4.344 4.075 2.899 3.565 3.333 2.879 2.709 2.719 2.629 2.669 2.308
8.206 8.205 8.204 8.222 8.258 8.294 8.323 8.270 8.216 8.162 8.109 8.055 8.059 8.075 8.092 8.108 8.124 8.140 8.098 7.946 7.798 7.665 7.532 7.399 7.266 7.133 7.000 6.869 6.737 6.617 6.533 6.566 6.598 6.630 6.663 6.695 6.728 6.760 6.681 6.568 6.454 6.340 6.226 6.165 6.170 6.176 6.181 6.323 6.491 6.659 6.827 6.995 7.163 7.331 7.495 7.643 7.648 7.329 7.011 6.692 6.373 6.054 5.736 5.417 5.098 4.819 4.551 4.282 4.014 3.746 3.497 2.909 2.769 2.619 2.509 2.279 2.309
8.055 8.054 8.053 8.081 8.117 8.153 8.189 8.221 8.167 8.114 8.060 8.013 8.029 8.045 8.061 8.078 8.094 8.110 8.126 8.097 7.953 7.820 7.687 7.555 7.424 7.292 7.160 7.028 6.896 6.782 6.673 6.571 6.604 6.636 6.669 6.701 6.734 6.766 6.657 6.544 6.430 6.316 6.202 6.088 6.008 6.013 6.021 6.189 6.357 6.525 6.693 6.857 7.005 7.153 7.300 7.448 7.486 7.521 7.211 6.893 6.574 6.255 5.936 5.618 5.299 5.026 4.757 4.489 4.221 3.953 2.829 3.429 2.769 2.529 2.449 2.519 2.439
7.904 7.903 7.905 7.941 7.977 8.012 8.048 8.084 8.119 8.065 8.011 7.982 7.998 8.015 8.031 8.047 8.063 8.080 8.096 8.107 8.110 7.979 7.847 7.715 7.583 7.452 7.320 7.188 7.056 6.947 6.837 6.728 6.619 6.642 6.674 6.707 6.739 6.747 6.633 6.519 6.405 6.292 6.178 6.064 5.950 5.851 5.887 6.055 6.219 6.367 6.515 6.662 6.810 6.958 7.105 7.237 7.272 7.307 7.342 7.093 6.775 6.456 6.137 5.818 5.501 5.233 4.964 4.696 4.428 4.159 2.899 2.679 2.909 2.629 2.469 2.319 2.089
7.753 7.752 7.764 7.800 7.836 7.872 7.907 7.943 7.979 8.015 7.963 7.952 7.968 7.985 8.001 8.013 8.024 8.035 8.046 8.057 8.105 8.138 8.007 7.875 7.743 7.611 7.479 7.348 7.220 7.111 7.002 6.893 6.784 6.675 6.680 6.713 6.745 6.723 6.609 6.495 6.381 6.268 6.154 6.040 5.926 5.826 5.737 5.876 6.024 6.172 6.319 6.467 6.615 6.763 6.910 7.023 7.058 7.093 7.128 7.162 6.975 6.657 6.338 6.019 5.708 5.439 5.171 4.903 4.635 4.366 4.098 3.830 3.561 2.659 2.389 2.409 2.359
7.602 7.600 7.623 7.659 7.695 7.731 7.767 7.803 7.838 7.874 7.910 7.918 7.929 7.940 7.951 7.962 7.973 7.984 7.995 8.013 8.065 8.117 8.166 8.034 7.903 7.771 7.639 7.507 7.385 7.276 7.167 7.058 6.949 6.839 6.730 6.718 6.751 6.699 6.585 6.471 6.357 6.244 6.156 6.084 6.011 5.939 5.841 5.726 5.829 5.977 6.124 6.272 6.420 6.568 6.715 6.810 6.844 6.879 6.914 6.949 6.983 6.857 6.539 6.220 5.915 5.646 5.378 5.110 4.841 4.573 4.305 4.011 3.715 2.779 2.529 2.289 2.209
7.450 7.449 7.483 7.518 7.554 7.590 7.626 7.693 7.770 7.847 7.908 7.873 7.879 7.890 7.901 7.912 7.923 7.934 7.945 7.973 8.025 8.077 8.129 8.181 8.062 7.931 7.799 7.667 7.550 7.441 7.332 7.223 7.113 7.004 6.895 6.786 6.757 6.675 6.561 6.486 6.414 6.341 6.269 6.196 6.124 6.051 5.946 5.830 5.715 5.782 5.929 6.077 6.225 6.373 6.520 6.596 6.631 6.665 6.700 6.735 6.770 6.804 6.739 6.421 6.121 5.853 5.585 5.317 5.031 4.735 4.439 4.143 3.846 2.789 2.669 2.439 2.469
7.331 7.306 7.342 7.413 7.490 7.567 7.644 7.721 7.798 7.874 7.906 7.871 7.836 7.840 7.851 7.862 7.872 7.883 7.895 7.933 7.985 8.037 8.089 8.141 8.193 8.090 7.958 7.827 7.715 7.606 7.497 7.387 7.278 7.169 7.060 6.944 6.816 6.744 6.672 6.599 6.527 6.454 6.382 6.309 6.237 6.164 6.050 5.935 5.819 5.704 5.734 5.882 6.030 6.178 6.325 6.382 6.417 6.452 6.486 6.521 6.556 6.591 6.625 6.621 6.328 6.051 5.755 5.459 5.162 4.866 4.570 4.274 3.977 3.715 2.759 2.469 2.629
