includes/overflow_coast_h/floodfiles/results/res-0005.wdfp
ncols         906
nrows         631
xllcorner     362177.146670
yllcorner     6534722.565530
cellsize      20.000000
NODATA_value  -9999.000000
[rows 544 to 577 of 631, columns 539 to 615 of 906]
5.146 5.168 5.190 5.212 5.234 5.256 5.278 5.300 5.307 5.293 5.279 5.265 5.251 5.237 5.224 5.210 5.196 5.182 5.168 5.163 5.159 5.155 5.161 5.171 5.181 5.192 5.203 5.215 5.226 5.237 5.249 5.260 5.271 5.282 5.294 5.307 5.340 5.374 5.407 5.440 5.474 5.507 5.540 5.574 5.602 5.624 5.645 5.666 5.688 5.688 5.683 5.678 5.673 5.668 5.663 5.664 5.666 5.668 5.670 5.672 5.674 5.676 5.682 5.690 5.697 5.704 5.712 5.781 5.860 5.940 6.019 6.098 6.177 6.256 6.335 6.403 6.469
5.167 5.189 5.211 5.233 5.255 5.277 5.299 5.321 5.327 5.313 5.299 5.285 5.271 5.257 5.243 5.230 5.216 5.208 5.204 5.200 5.195 5.191 5.197 5.208 5.218 5.229 5.239 5.250 5.261 5.273 5.284 5.295 5.306 5.317 5.329 5.342 5.375 5.409 5.442 5.475 5.509 5.542 5.575 5.598 5.619 5.641 5.662 5.683 5.705 5.706 5.701 5.696 5.691 5.686 5.682 5.677 5.672 5.672 5.674 5.676 5.678 5.680 5.686 5.693 5.700 5.724 5.803 5.882 5.961 6.040 6.119 6.198 6.277 6.356 6.435 6.504 6.570
5.188 5.210 5.232 5.254 5.276 5.298 5.320 5.342 5.347 5.333 5.319 5.305 5.291 5.277 5.263 5.254 5.249 5.245 5.240 5.236 5.232 5.227 5.234 5.244 5.255 5.265 5.276 5.286 5.297 5.308 5.319 5.330 5.341 5.353 5.364 5.377 5.410 5.444 5.477 5.510 5.544 5.572 5.593 5.615 5.636 5.657 5.679 5.700 5.721 5.724 5.719 5.715 5.710 5.705 5.700 5.695 5.690 5.685 5.680 5.679 5.681 5.684 5.689 5.696 5.745 5.824 5.903 5.982 6.061 6.140 6.219 6.298 6.377 6.456 6.535 6.605 6.672
5.209 5.231 5.253 5.275 5.297 5.319 5.341 5.363 5.367 5.353 5.339 5.325 5.311 5.299 5.294 5.290 5.286 5.281 5.277 5.272 5.268 5.264 5.270 5.281 5.291 5.302 5.312 5.323 5.333 5.343 5.354 5.365 5.376 5.388 5.399 5.412 5.445 5.479 5.512 5.545 5.567 5.589 5.610 5.631 5.653 5.674 5.696 5.717 5.738 5.743 5.738 5.733 5.728 5.723 5.718 5.713 5.708 5.703 5.699 5.694 5.689 5.687 5.692 5.766 5.845 5.924 6.003 6.082 6.161 6.240 6.319 6.398 6.477 6.556 6.635 6.707 6.773
5.231 5.253 5.274 5.296 5.318 5.340 5.362 5.384 5.387 5.373 5.359 5.345 5.340 5.335 5.331 5.326 5.322 5.318 5.313 5.309 5.304 5.300 5.307 5.318 5.328 5.338 5.349 5.359 5.370 5.380 5.390 5.401 5.411 5.423 5.434 5.447 5.480 5.514 5.542 5.563 5.584 5.606 5.627 5.648 5.670 5.691 5.712 5.734 5.755 5.761 5.756 5.751 5.746 5.741 5.736 5.732 5.727 5.722 5.717 5.712 5.707 5.721 5.789 5.866 5.945 6.024 6.103 6.182 6.261 6.340 6.419 6.498 6.577 6.656 6.736 6.808 6.874
5.253 5.274 5.296 5.318 5.339 5.361 5.383 5.405 5.407 5.393 5.385 5.380 5.376 5.371 5.367 5.363 5.358 5.354 5.350 5.345 5.341 5.336 5.344 5.354 5.364 5.375 5.385 5.396 5.406 5.417 5.427 5.437 5.448 5.458 5.469 5.482 5.515 5.537 5.558 5.580 5.601 5.622 5.644 5.665 5.686 5.708 5.729 5.751 5.772 5.779 5.774 5.769 5.765 5.760 5.755 5.750 5.745 5.740 5.735 5.730 5.768 5.828 5.894 5.971 6.048 6.125 6.204 6.283 6.362 6.441 6.520 6.599 6.678 6.757 6.836 6.910 6.976
5.274 5.296 5.318 5.339 5.361 5.382 5.404 5.426 5.430 5.425 5.421 5.416 5.412 5.408 5.403 5.399 5.395 5.390 5.386 5.382 5.377 5.373 5.380 5.391 5.401 5.411 5.422 5.432 5.443 5.453 5.464 5.474 5.484 5.495 5.505 5.511 5.532 5.554 5.575 5.597 5.618 5.639 5.661 5.682 5.703 5.725 5.746 5.767 5.789 5.798 5.793 5.788 5.783 5.778 5.773 5.768 5.763 5.759 5.755 5.815 5.875 5.935 5.999 6.076 6.153 6.230 6.307 6.384 6.462 6.541 6.620 6.699 6.778 6.857 6.936 7.011 7.077
5.296 5.317 5.339 5.361 5.382 5.404 5.425 5.444 5.456 5.462 5.457 5.453 5.448 5.444 5.440 5.435 5.431 5.427 5.422 5.418 5.414 5.409 5.417 5.427 5.438 5.448 5.458 5.469 5.479 5.490 5.500 5.511 5.521 5.530 5.527 5.525 5.548 5.570 5.592 5.613 5.635 5.656 5.677 5.699 5.720 5.742 5.763 5.784 5.806 5.816 5.811 5.806 5.801 5.796 5.791 5.786 5.782 5.801 5.861 5.921 5.981 6.041 6.104 6.181 6.258 6.335 6.412 6.489 6.566 6.643 6.720 6.799 6.878 6.957 7.036 7.113 7.179
5.317 5.339 5.361 5.382 5.404 5.423 5.442 5.460 5.472 5.480 5.488 5.489 5.485 5.480 5.476 5.472 5.467 5.463 5.459 5.454 5.450 5.446 5.453 5.464 5.474 5.485 5.495 5.505 5.516 5.526 5.537 5.547 5.548 5.545 5.542 5.539 5.562 5.584 5.607 5.630 5.652 5.673 5.694 5.716 5.737 5.758 5.780 5.801 5.822 5.834 5.829 5.824 5.820 5.815 5.810 5.805 5.848 5.908 5.968 6.028 6.088 6.148 6.209 6.286 6.363 6.440 6.517 6.594 6.671 6.748 6.825 6.902 6.979 7.057 7.136 7.214 7.280
5.339 5.360 5.382 5.402 5.420 5.439 5.458 5.476 5.487 5.495 5.503 5.511 5.519 5.517 5.513 5.508 5.504 5.499 5.495 5.490 5.486 5.482 5.490 5.500 5.511 5.521 5.532 5.542 5.552 5.563 5.568 5.565 5.563 5.560 5.557 5.554 5.576 5.599 5.621 5.644 5.667 5.689 5.711 5.733 5.754 5.775 5.797 5.818 5.839 5.852 5.848 5.843 5.838 5.833 5.835 5.895 5.955 6.015 6.075 6.135 6.195 6.255 6.315 6.391 6.468 6.545 6.622 6.699 6.776 6.853 6.930 7.007 7.084 7.161 7.238 7.315 7.389
5.360 5.380 5.399 5.418 5.437 5.455 5.474 5.493 5.503 5.511 5.519 5.527 5.535 5.542 5.549 5.544 5.540 5.536 5.531 5.527 5.522 5.518 5.526 5.537 5.547 5.558 5.568 5.579 5.589 5.586 5.583 5.580 5.578 5.575 5.572 5.569 5.591 5.613 5.636 5.658 5.681 5.704 5.726 5.749 5.771 5.792 5.814 5.835 5.856 5.871 5.866 5.861 5.856 5.882 5.942 6.002 6.062 6.122 6.182 6.242 6.302 6.362 6.422 6.497 6.574 6.651 6.727 6.804 6.881 6.958 7.035 7.112 7.189 7.266 7.343 7.443 7.513
5.378 5.397 5.415 5.434 5.453 5.471 5.490 5.509 5.519 5.527 5.535 5.542 5.550 5.558 5.566 5.574 5.576 5.572 5.568 5.563 5.559 5.555 5.563 5.573 5.584 5.594 5.605 5.607 5.604 5.601 5.598 5.596 5.593 5.590 5.587 5.584 5.605 5.628 5.650 5.673 5.695 5.718 5.741 5.763 5.786 5.808 5.830 5.852 5.873 5.889 5.884 5.879 5.929 5.989 6.049 6.109 6.169 6.229 6.289 6.349 6.409 6.469 6.529 6.602 6.679 6.756 6.833 6.909 6.986 7.063 7.140 7.217 7.294 7.377 7.477 7.577 7.651
5.394 5.413 5.432 5.450 5.469 5.488 5.506 5.525 5.535 5.542 5.550 5.558 5.566 5.574 5.582 5.590 5.597 5.605 5.604 5.600 5.595 5.591 5.600 5.610 5.620 5.628 5.625 5.622 5.619 5.616 5.614 5.611 5.608 5.605 5.602 5.600 5.619 5.642 5.665 5.687 5.710 5.732 5.755 5.778 5.800 5.823 5.845 5.868 5.890 5.907 5.916 5.976 6.036 6.096 6.156 6.216 6.276 6.336 6.396 6.456 6.516 6.576 6.636 6.707 6.784 6.861 6.938 7.015 7.091 7.168 7.245 7.322 7.412 7.511 7.611 7.711 7.789
5.410 5.429 5.448 5.466 5.485 5.504 5.522 5.541 5.550 5.558 5.566 5.574 5.582 5.589 5.597 5.605 5.613 5.621 5.629 5.636 5.632 5.627 5.636 5.647 5.646 5.643 5.640 5.637 5.634 5.631 5.629 5.626 5.623 5.620 5.617 5.615 5.634 5.656 5.679 5.702 5.724 5.747 5.769 5.792 5.815 5.837 5.860 5.882 5.905 5.957 6.023 6.083 6.143 6.203 6.263 6.323 6.383 6.443 6.503 6.563 6.623 6.683 6.743 6.812 6.889 6.966 7.043 7.120 7.197 7.274 7.350 7.446 7.546 7.646 7.745 7.845 7.928
5.426 5.445 5.464 5.482 5.501 5.520 5.538 5.557 5.566 5.574 5.582 5.589 5.597 5.605 5.613 5.621 5.629 5.637 5.645 5.652 5.660 5.664 5.666 5.664 5.661 5.658 5.655 5.652 5.649 5.647 5.644 5.641 5.638 5.635 5.633 5.630 5.648 5.671 5.693 5.716 5.738 5.761 5.784 5.806 5.829 5.851 5.874 5.897 5.969 6.042 6.111 6.180 6.249 6.310 6.370 6.430 6.490 6.550 6.610 6.670 6.730 6.790 6.849 6.917 6.994 7.071 7.148 7.225 7.302 7.381 7.481 7.581 7.680 7.780 7.879 7.979 8.066
5.443 5.461 5.480 5.499 5.517 5.536 5.555 5.573 5.582 5.589 5.597 5.605 5.613 5.621 5.629 5.637 5.645 5.652 5.660 5.668 5.691 5.764 5.706 5.679 5.676 5.673 5.670 5.667 5.664 5.662 5.659 5.656 5.653 5.650 5.648 5.645 5.662 5.685 5.708 5.730 5.753 5.775 5.798 5.821 5.843 5.866 5.908 5.981 6.054 6.128 6.197 6.266 6.335 6.404 6.472 6.536 6.596 6.656 6.716 6.776 6.836 6.896 6.956 7.022 7.099 7.176 7.253 7.330 7.416 7.515 7.615 7.715 7.814 7.914 8.013 8.113 8.205
5.459 5.477 5.496 5.515 5.533 5.552 5.571 5.589 5.597 5.605 5.613 5.621 5.629 5.637 5.645 5.652 5.660 5.668 5.678 5.750 5.823 5.896 5.834 5.768 5.701 5.688 5.685 5.682 5.680 5.677 5.674 5.671 5.668 5.665 5.663 5.660 5.677 5.699 5.722 5.745 5.767 5.790 5.812 5.835 5.858 5.920 5.993 6.066 6.140 6.213 6.283 6.351 6.420 6.489 6.558 6.627 6.696 6.763 6.823 6.883 6.943 7.003 7.063 7.127 7.204 7.281 7.358 7.450 7.550 7.650 7.749 7.849 7.948 8.048 8.147 8.247 8.343
5.475 5.493 5.512 5.531 5.550 5.568 5.587 5.605 5.613 5.621 5.629 5.637 5.645 5.652 5.660 5.668 5.676 5.737 5.810 5.882 5.955 6.028 5.963 5.896 5.830 5.763 5.700 5.697 5.695 5.692 5.689 5.686 5.683 5.681 5.678 5.675 5.691 5.714 5.736 5.759 5.782 5.804 5.827 5.859 5.932 6.005 6.078 6.152 6.225 6.298 6.368 6.437 6.506 6.575 6.644 6.713 6.782 6.851 6.919 6.988 7.050 7.110 7.170 7.232 7.309 7.386 7.485 7.584 7.684 7.784 7.883 7.983 8.082 8.182 8.282 8.381 8.481
5.491 5.510 5.528 5.547 5.566 5.584 5.603 5.621 5.629 5.637 5.644 5.652 5.660 5.668 5.676 5.723 5.796 5.869 5.942 6.014 6.087 6.157 6.091 6.025 5.958 5.892 5.826 5.759 5.710 5.707 5.704 5.701 5.698 5.696 5.693 5.690 5.705 5.728 5.751 5.773 5.796 5.819 5.871 5.944 6.017 6.091 6.164 6.237 6.310 6.384 6.454 6.523 6.592 6.661 6.730 6.799 6.867 6.936 7.005 7.074 7.143 7.211 7.277 7.338 7.420 7.519 7.619 7.719 7.818 7.918 8.017 8.117 8.216 8.316 8.416 8.515 8.615
5.632 5.568 5.544 5.563 5.582 5.600 5.619 5.637 5.644 5.652 5.660 5.668 5.676 5.710 5.783 5.855 5.928 6.001 6.074 6.146 6.219 6.286 6.219 6.153 6.087 6.020 5.954 5.888 5.821 5.755 5.719 5.716 5.714 5.711 5.708 5.705 5.720 5.743 5.765 5.788 5.810 5.883 5.956 6.029 6.103 6.176 6.249 6.322 6.395 6.469 6.540 6.609 6.678 6.747 6.815 6.884 6.953 7.022 7.091 7.160 7.228 7.297 7.366 7.457 7.554 7.653 7.753 7.853 7.952 8.052 8.151 8.251 8.351 8.450 8.550 8.649 8.749
5.782 5.718 5.654 5.589 5.598 5.617 5.635 5.652 5.660 5.668 5.676 5.696 5.769 5.842 5.915 5.987 6.060 6.133 6.206 6.279 6.351 6.414 6.348 6.282 6.215 6.149 6.082 6.016 5.950 5.883 5.817 5.751 5.729 5.726 5.723 5.720 5.734 5.757 5.779 5.822 5.895 5.968 6.041 6.115 6.188 6.261 6.334 6.408 6.481 6.554 6.626 6.694 6.763 6.832 6.901 6.970 7.039 7.108 7.177 7.245 7.314 7.383 7.485 7.600 7.700 7.795 7.890 7.987 8.086 8.186 8.285 8.385 8.485 8.584 8.684 8.784 8.883
5.932 5.868 5.803 5.739 5.675 5.633 5.651 5.668 5.676 5.684 5.756 5.828 5.901 5.974 6.047 6.120 6.192 6.265 6.338 6.411 6.483 6.543 6.476 6.410 6.344 6.277 6.211 6.145 6.078 6.012 5.946 5.879 5.813 5.747 5.738 5.735 5.749 5.771 5.834 5.907 5.980 6.053 6.127 6.200 6.273 6.346 6.420 6.493 6.566 6.639 6.711 6.780 6.849 6.918 6.987 7.056 7.125 7.193 7.262 7.331 7.400 7.512 7.627 7.742 7.845 7.940 8.036 8.131 8.226 8.322 8.420 8.519 8.619 8.718 8.818 8.918 9.017
6.082 6.018 5.953 5.889 5.825 5.760 5.696 5.684 5.742 5.815 5.888 5.961 6.033 6.106 6.179 6.252 6.324 6.397 6.470 6.543 6.615 6.671 6.605 6.538 6.472 6.406 6.339 6.273 6.207 6.140 6.074 6.008 5.941 5.875 5.809 5.750 5.773 5.846 5.919 5.992 6.066 6.139 6.212 6.285 6.358 6.432 6.505 6.578 6.651 6.725 6.797 6.866 6.935 7.004 7.072 7.141 7.210 7.279 7.348 7.425 7.540 7.655 7.769 7.884 7.990 8.086 8.181 8.276 8.372 8.467 8.563 8.658 8.753 8.852 8.952 9.052 9.151
6.232 6.168 6.103 6.039 5.975 5.910 5.860 5.840 5.874 5.947 6.020 6.093 6.165 6.238 6.311 6.384 6.456 6.529 6.602 6.675 6.747 6.800 6.733 6.667 6.600 6.534 6.468 6.402 6.335 6.269 6.202 6.136 6.070 6.003 5.937 5.906 5.910 5.933 6.004 6.078 6.151 6.224 6.297 6.370 6.444 6.517 6.590 6.663 6.737 6.810 6.883 6.952 7.021 7.089 7.158 7.227 7.296 7.365 7.452 7.567 7.682 7.797 7.912 8.027 8.136 8.231 8.326 8.422 8.517 8.613 8.708 8.803 8.899 8.994 9.090 9.186 9.286
6.382 6.318 6.253 6.189 6.138 6.095 6.052 6.037 6.069 6.100 6.152 6.225 6.297 6.370 6.443 6.516 6.588 6.661 6.734 6.807 6.879 6.928 6.862 6.795 6.729 6.663 6.596 6.530 6.464 6.397 6.331 6.264 6.198 6.153 6.132 6.110 6.111 6.134 6.158 6.181 6.236 6.309 6.383 6.456 6.529 6.602 6.676 6.749 6.822 6.895 6.969 7.037 7.106 7.175 7.244 7.313 7.382 7.480 7.595 7.710 7.824 7.939 8.054 8.169 8.281 8.376 8.472 8.567 8.663 8.758 8.853 8.949 9.044 9.140 9.235 9.330 9.426
6.532 6.468 6.415 6.372 6.329 6.287 6.244 6.235 6.266 6.298 6.329 6.361 6.429 6.502 6.575 6.648 6.720 6.793 6.866 6.939 7.011 7.056 6.990 6.924 6.857 6.791 6.725 6.658 6.592 6.526 6.459 6.401 6.379 6.357 6.335 6.313 6.312 6.336 6.359 6.383 6.406 6.430 6.468 6.541 6.614 6.688 6.761 6.834 6.907 6.981 7.054 7.123 7.192 7.261 7.330 7.399 7.507 7.622 7.737 7.852 7.967 8.082 8.197 8.311 8.426 8.522 8.617 8.713 8.808 8.903 8.999 9.094 9.190 9.285 9.380 9.476 9.534
6.692 6.649 6.606 6.564 6.521 6.478 6.436 6.432 6.464 6.495 6.527 6.558 6.590 6.634 6.707 6.780 6.852 6.925 6.998 7.071 7.143 7.185 7.118 7.052 6.986 6.919 6.853 6.787 6.720 6.654 6.626 6.604 6.583 6.561 6.539 6.517 6.514 6.537 6.561 6.584 6.608 6.631 6.654 6.678 6.701 6.773 6.846 6.919 6.993 7.066 7.139 7.209 7.278 7.347 7.420 7.535 7.650 7.765 7.880 7.994 8.109 8.224 8.339 8.454 8.569 8.667 8.763 8.858 8.953 9.049 9.144 9.240 9.335 9.431 9.526 9.571 9.593
6.884 6.841 6.798 6.756 6.713 6.670 6.627 6.629 6.661 6.692 6.724 6.755 6.787 6.819 6.850 6.912 6.984 7.057 7.130 7.203 7.275 7.313 7.247 7.180 7.114 7.048 6.981 6.915 6.874 6.852 6.830 6.808 6.786 6.765 6.743 6.721 6.715 6.739 6.762 6.785 6.809 6.832 6.856 6.879 6.903 6.926 6.950 7.005 7.078 7.151 7.224 7.295 7.364 7.448 7.563 7.677 7.792 7.907 8.022 8.137 8.252 8.366 8.481 8.596 8.711 8.813 8.908 9.003 9.099 9.194 9.290 9.385 9.481 9.576 9.607 9.630 9.653
7.076 7.033 6.990 6.947 6.905 6.862 6.819 6.827 6.858 6.890 6.921 6.953 6.984 7.016 7.047 7.079 7.116 7.189 7.262 7.335 7.407 7.441 7.375 7.309 7.243 7.176 7.121 7.099 7.077 7.056 7.034 7.012 6.990 6.968 6.946 6.925 6.917 6.940 6.963 6.987 7.010 7.034 7.057 7.081 7.104 7.128 7.151 7.174 7.198 7.236 7.310 7.380 7.475 7.590 7.705 7.820 7.935 8.049 8.164 8.279 8.394 8.509 8.624 8.739 8.853 8.958 9.053 9.149 9.244 9.340 9.435 9.530 9.621 9.644 9.667 9.690 9.713
7.267 7.225 7.182 7.139 7.096 7.054 7.011 7.024 7.056 7.087 7.119 7.150 7.182 7.213 7.245 7.276 7.308 7.339 7.394 7.467 7.539 7.570 7.504 7.437 7.371 7.347 7.325 7.303 7.281 7.259 7.237 7.216 7.194 7.172 7.150 7.128 7.118 7.141 7.165 7.188 7.212 7.235 7.259 7.282 7.305 7.329 7.352 7.376 7.399 7.423 7.446 7.504 7.618 7.732 7.847 7.962 8.077 8.192 8.307 8.422 8.536 8.651 8.766 8.881 8.996 9.104 9.199 9.294 9.390 9.485 9.581 9.658 9.681 9.704 9.726 9.749 9.772
7.459 7.416 7.374 7.331 7.288 7.246 7.203 7.222 7.253 7.285 7.316 7.348 7.379 7.411 7.442 7.474 7.505 7.537 7.568 7.600 7.671 7.698 7.632 7.594 7.572 7.550 7.528 7.507 7.485 7.463 7.441 7.419 7.398 7.376 7.354 7.332 7.319 7.343 7.366 7.390 7.413 7.437 7.460 7.483 7.507 7.530 7.554 7.577 7.601 7.624 7.632 7.662 7.772 7.882 7.991 8.105 8.219 8.334 8.449 8.564 8.679 8.794 8.909 9.023 9.138 9.249 9.344 9.440 9.535 9.631 9.695 9.718 9.740 9.763 9.786 9.809 9.832
7.651 7.608 7.565 7.523 7.480 7.437 7.395 7.419 7.451 7.482 7.513 7.545 7.577 7.608 7.639 7.671 7.702 7.734 7.766 7.797 7.829 7.841 7.819 7.798 7.776 7.754 7.732 7.710 7.689 7.667 7.645 7.623 7.601 7.580 7.558 7.536 7.521 7.544 7.568 7.591 7.615 7.638 7.661 7.685 7.708 7.732 7.755 7.779 7.801 7.807 7.814 7.820 7.930 8.040 8.150 8.259 8.369 8.479 8.592 8.707 8.821 8.936 9.051 9.166 9.281 9.395 9.490 9.585 9.681 9.732 9.754 9.777 9.800 9.823 9.846 9.869 9.891
7.843 7.800 7.757 7.715 7.672 7.629 7.587 7.616 7.648 7.679 7.711 7.742 7.774 7.805 7.837 7.868 7.900 7.931 7.963 7.982 7.980 7.991 8.015 8.001 7.980 7.958 7.936 7.914 7.892 7.870 7.849 7.827 7.805 7.783 7.761 7.740 7.722 7.746 7.769 7.793 7.816 7.839 7.863 7.886 7.910 7.933 7.957 7.977 7.983 7.989 7.995 8.001 8.088 8.198 8.308 8.418 8.527 8.637 8.747 8.857 8.966 9.079 9.193 9.308 9.423 9.538 9.635 9.731 9.768 9.791 9.814 9.837 9.860 9.883 9.905 9.928 9.951
8.035 7.992 7.949 7.907 7.864 7.821 7.782 7.814 7.845 7.877 7.908 7.940 7.971 8.003 8.034 8.066 8.097 8.114 8.112 8.110 8.108 8.122 8.147 8.172 8.183 8.162 8.140 8.118 8.096 8.074 8.052 8.031 8.009 7.987 7.965 7.943 7.924 7.947 7.971 7.994 8.017 8.041 8.064 8.088 8.111 8.135 8.152 8.158 8.165 8.171 8.177 8.183 8.247 8.356 8.466 8.576 8.686 8.795 8.905 9.015 9.125 9.234 9.344 9.454 9.566 9.680 9.781 9.805 9.828 9.851 9.874 9.896 9.919 9.942 9.965 9.988 10.011
