includes/overflow_coast_h/floodfiles/results/res-0008.wdfp
ncols         906
nrows         631
xllcorner     362177.146670
yllcorner     6534722.565530
cellsize      20.000000
NODATA_value  -9999.000000
[rows 510 to 543 of 631, columns 539 to 615 of 906]
0.055 0.085 0.120 0.159 0.199 0.239 0.280 0.321 0.362 0.372 0.376 0.381 0.386 0.391 0.396 0.400 0.405 0.410 0.415 0.420 0.424 0.429 0.432 0.436 0.445 0.455 0.464 0.474 0.484 0.494 0.503 0.513 0.523 0.532 0.542 0.551 0.561 0.571 0.580 0.590 0.600 0.610 0.620 0.630 0.640 0.651 0.670 0.702 0.733 0.765 0.796 0.832 0.874 0.916 0.958 1.000 1.043 1.085 1.118 1.123 1.128 1.133 1.138 1.142 1.147 1.152 1.157 1.162 1.167 1.172 1.191 1.212 1.224 1.236 1.250 1.277 1.304
0.071 0.105 0.143 0.182 0.222 0.262 0.303 0.344 0.385 0.396 0.401 0.406 0.410 0.415 0.420 0.425 0.430 0.435 0.440 0.445 0.449 0.450 0.450 0.454 0.462 0.470 0.480 0.490 0.499 0.509 0.519 0.528 0.538 0.548 0.557 0.567 0.577 0.586 0.596 0.606 0.616 0.626 0.636 0.646 0.656 0.666 0.676 0.704 0.735 0.767 0.802 0.843 0.886 0.928 0.970 1.012 1.054 1.096 1.137 1.141 1.146 1.151 1.156 1.161 1.166 1.171 1.176 1.181 1.188 1.209 1.229 1.250 1.263 1.275 1.287 1.299 1.312
0.090 0.126 0.165 0.205 0.245 0.286 0.327 0.368 0.409 0.420 0.425 0.430 0.435 0.440 0.445 0.450 0.455 0.460 0.465 0.467 0.467 0.467 0.467 0.472 0.480 0.488 0.496 0.505 0.515 0.525 0.534 0.544 0.554 0.563 0.573 0.583 0.592 0.602 0.612 0.622 0.632 0.642 0.652 0.662 0.672 0.682 0.692 0.705 0.737 0.771 0.813 0.855 0.897 0.939 0.981 1.024 1.066 1.108 1.150 1.160 1.165 1.170 1.175 1.180 1.184 1.189 1.194 1.206 1.226 1.247 1.267 1.288 1.301 1.314 1.326 1.338 1.350
0.109 0.148 0.187 0.228 0.269 0.310 0.351 0.392 0.433 0.445 0.450 0.455 0.460 0.465 0.470 0.475 0.480 0.483 0.484 0.484 0.485 0.485 0.485 0.490 0.498 0.506 0.514 0.522 0.530 0.540 0.550 0.560 0.569 0.579 0.589 0.598 0.608 0.618 0.628 0.638 0.648 0.658 0.668 0.678 0.688 0.698 0.708 0.718 0.740 0.782 0.824 0.866 0.908 0.951 0.993 1.035 1.077 1.120 1.162 1.179 1.183 1.188 1.193 1.198 1.203 1.208 1.223 1.244 1.264 1.285 1.305 1.326 1.340 1.352 1.365 1.377 1.389
0.138 0.169 0.210 0.251 0.292 0.333 0.374 0.416 0.457 0.469 0.475 0.480 0.485 0.490 0.495 0.500 0.501 0.501 0.502 0.502 0.502 0.503 0.503 0.508 0.516 0.524 0.532 0.540 0.548 0.556 0.565 0.575 0.585 0.595 0.604 0.614 0.624 0.633 0.643 0.654 0.664 0.674 0.684 0.694 0.704 0.714 0.725 0.741 0.763 0.797 0.835 0.878 0.920 0.962 1.004 1.047 1.089 1.131 1.174 1.197 1.202 1.207 1.212 1.217 1.222 1.240 1.261 1.282 1.302 1.323 1.343 1.364 1.379 1.391 1.404 1.416 1.428
0.213 0.226 0.239 0.274 0.315 0.357 0.398 0.440 0.481 0.494 0.500 0.505 0.510 0.515 0.518 0.518 0.519 0.519 0.519 0.520 0.520 0.521 0.521 0.527 0.535 0.543 0.551 0.559 0.567 0.575 0.583 0.591 0.600 0.610 0.620 0.630 0.639 0.649 0.659 0.669 0.680 0.690 0.700 0.710 0.723 0.739 0.755 0.771 0.793 0.828 0.862 0.897 0.931 0.974 1.016 1.058 1.101 1.143 1.185 1.216 1.221 1.226 1.230 1.237 1.258 1.278 1.299 1.320 1.340 1.361 1.382 1.402 1.418 1.430 1.443 1.455 1.467
0.291 0.304 0.317 0.330 0.344 0.381 0.423 0.464 0.506 0.520 0.525 0.530 0.534 0.535 0.535 0.536 0.536 0.537 0.537 0.538 0.538 0.539 0.539 0.545 0.553 0.561 0.569 0.577 0.585 0.593 0.601 0.609 0.617 0.626 0.636 0.645 0.655 0.665 0.675 0.685 0.695 0.705 0.721 0.737 0.753 0.769 0.785 0.801 0.823 0.858 0.893 0.927 0.962 0.996 1.031 1.070 1.112 1.155 1.197 1.234 1.239 1.244 1.255 1.276 1.296 1.317 1.337 1.358 1.379 1.399 1.420 1.440 1.457 1.469 1.482 1.494 1.506
0.371 0.384 0.397 0.410 0.423 0.436 0.449 0.489 0.531 0.545 0.550 0.552 0.552 0.553 0.553 0.554 0.555 0.555 0.556 0.556 0.556 0.557 0.557 0.563 0.572 0.580 0.588 0.596 0.604 0.612 0.620 0.628 0.636 0.643 0.651 0.661 0.671 0.681 0.691 0.704 0.720 0.736 0.751 0.768 0.784 0.800 0.816 0.832 0.854 0.889 0.923 0.958 0.992 1.027 1.062 1.096 1.131 1.166 1.209 1.251 1.258 1.273 1.293 1.314 1.334 1.355 1.375 1.396 1.417 1.437 1.458 1.479 1.496 1.509 1.521 1.533 1.545
0.452 0.464 0.477 0.490 0.503 0.516 0.529 0.542 0.556 0.569 0.569 0.570 0.570 0.571 0.572 0.572 0.573 0.573 0.574 0.574 0.575 0.575 0.575 0.582 0.590 0.598 0.607 0.615 0.623 0.630 0.638 0.646 0.654 0.662 0.670 0.678 0.687 0.702 0.718 0.734 0.750 0.766 0.782 0.798 0.814 0.830 0.846 0.862 0.885 0.919 0.954 0.988 1.023 1.058 1.092 1.127 1.162 1.196 1.231 1.266 1.290 1.311 1.331 1.352 1.372 1.393 1.414 1.434 1.455 1.476 1.496 1.517 1.536 1.548 1.560 1.572 1.585
0.533 0.545 0.558 0.571 0.583 0.596 0.609 0.620 0.614 0.600 0.588 0.588 0.589 0.590 0.590 0.591 0.591 0.592 0.592 0.593 0.593 0.593 0.594 0.601 0.609 0.617 0.625 0.633 0.641 0.649 0.657 0.665 0.673 0.681 0.688 0.702 0.718 0.732 0.748 0.764 0.780 0.796 0.812 0.828 0.845 0.861 0.877 0.893 0.915 0.950 0.985 1.019 1.054 1.089 1.123 1.158 1.193 1.227 1.264 1.304 1.330 1.350 1.370 1.390 1.411 1.432 1.452 1.473 1.494 1.514 1.535 1.556 1.575 1.587 1.599 1.612 1.624
0.614 0.627 0.639 0.652 0.665 0.677 0.676 0.670 0.663 0.649 0.632 0.615 0.608 0.608 0.609 0.609 0.610 0.610 0.611 0.611 0.612 0.612 0.612 0.620 0.628 0.636 0.644 0.652 0.660 0.668 0.676 0.684 0.692 0.704 0.720 0.736 0.751 0.765 0.779 0.795 0.811 0.827 0.843 0.859 0.875 0.891 0.908 0.924 0.946 0.981 1.015 1.050 1.085 1.120 1.154 1.189 1.224 1.262 1.303 1.343 1.371 1.391 1.410 1.430 1.449 1.470 1.491 1.511 1.532 1.553 1.573 1.594 1.614 1.627 1.639 1.651 1.663
0.696 0.708 0.721 0.733 0.738 0.732 0.726 0.720 0.713 0.698 0.681 0.664 0.647 0.630 0.627 0.628 0.629 0.629 0.630 0.630 0.630 0.631 0.631 0.639 0.647 0.655 0.663 0.671 0.679 0.687 0.695 0.705 0.721 0.737 0.754 0.770 0.785 0.799 0.813 0.827 0.841 0.858 0.874 0.890 0.906 0.922 0.938 0.955 0.977 1.012 1.047 1.081 1.116 1.151 1.185 1.221 1.261 1.302 1.342 1.383 1.412 1.432 1.451 1.471 1.490 1.510 1.529 1.550 1.571 1.591 1.612 1.633 1.653 1.666 1.678 1.690 1.702
0.778 0.790 0.801 0.795 0.789 0.782 0.776 0.770 0.764 0.748 0.731 0.714 0.696 0.679 0.662 0.647 0.647 0.648 0.648 0.649 0.649 0.649 0.650 0.658 0.666 0.674 0.682 0.690 0.698 0.707 0.723 0.739 0.755 0.771 0.787 0.804 0.819 0.833 0.847 0.861 0.875 0.889 0.905 0.921 0.937 0.953 0.969 0.986 1.008 1.043 1.078 1.112 1.147 1.182 1.219 1.260 1.300 1.341 1.382 1.422 1.453 1.473 1.492 1.512 1.531 1.551 1.571 1.590 1.610 1.630 1.651 1.671 1.692 1.706 1.718 1.723 1.718
0.859 0.858 0.852 0.846 0.839 0.833 0.826 0.820 0.814 0.798 0.781 0.764 0.746 0.729 0.712 0.694 0.677 0.667 0.667 0.668 0.668 0.668 0.669 0.677 0.685 0.693 0.701 0.709 0.724 0.741 0.757 0.773 0.789 0.805 0.821 0.838 0.853 0.867 0.881 0.895 0.909 0.923 0.937 0.952 0.968 0.984 1.001 1.017 1.040 1.074 1.109 1.144 1.178 1.218 1.259 1.299 1.340 1.381 1.421 1.462 1.494 1.514 1.534 1.553 1.573 1.592 1.612 1.631 1.651 1.671 1.690 1.710 1.731 1.745 1.744 1.739 1.734
0.916 0.909 0.903 0.896 0.890 0.883 0.877 0.871 0.864 0.848 0.831 0.813 0.796 0.779 0.761 0.744 0.727 0.709 0.692 0.687 0.687 0.687 0.689 0.697 0.705 0.713 0.726 0.742 0.758 0.775 0.791 0.807 0.823 0.839 0.856 0.872 0.887 0.901 0.915 0.929 0.943 0.957 0.972 0.986 1.000 1.015 1.032 1.048 1.071 1.105 1.140 1.177 1.217 1.258 1.298 1.339 1.380 1.420 1.461 1.501 1.536 1.555 1.575 1.594 1.614 1.634 1.653 1.673 1.692 1.712 1.731 1.751 1.768 1.765 1.760 1.755 1.750
0.967 0.960 0.953 0.947 0.941 0.934 0.928 0.921 0.915 0.899 0.881 0.864 0.846 0.829 0.811 0.794 0.776 0.759 0.742 0.724 0.707 0.706 0.708 0.716 0.728 0.744 0.760 0.776 0.793 0.809 0.825 0.841 0.857 0.874 0.890 0.906 0.921 0.935 0.949 0.963 0.978 0.992 1.006 1.020 1.034 1.049 1.063 1.079 1.102 1.137 1.176 1.216 1.257 1.298 1.338 1.379 1.419 1.460 1.500 1.541 1.577 1.597 1.616 1.636 1.655 1.675 1.694 1.714 1.734 1.753 1.773 1.784 1.784 1.782 1.776 1.771 1.766
1.018 1.011 1.004 0.998 0.991 0.985 0.978 0.972 0.966 0.949 0.931 0.914 0.896 0.879 0.861 0.844 0.826 0.809 0.791 0.774 0.756 0.739 0.729 0.746 0.762 0.778 0.794 0.811 0.827 0.843 0.859 0.876 0.892 0.908 0.924 0.941 0.955 0.969 0.984 0.998 1.012 1.026 1.040 1.055 1.069 1.083 1.097 1.111 1.134 1.175 1.215 1.256 1.297 1.337 1.378 1.418 1.459 1.500 1.540 1.581 1.618 1.638 1.658 1.677 1.697 1.716 1.736 1.756 1.775 1.795 1.799 1.800 1.800 1.798 1.793 1.787 1.782
1.069 1.062 1.055 1.049 1.042 1.036 1.029 1.023 1.016 0.999 0.982 0.964 0.947 0.929 0.912 0.894 0.877 0.859 0.842 0.824 0.806 0.782 0.767 0.781 0.796 0.813 0.829 0.845 0.861 0.878 0.894 0.910 0.926 0.943 0.959 0.975 0.990 1.004 1.018 1.032 1.047 1.061 1.075 1.089 1.103 1.117 1.132 1.153 1.181 1.216 1.255 1.296 1.336 1.377 1.418 1.458 1.499 1.539 1.580 1.621 1.660 1.679 1.699 1.719 1.738 1.758 1.777 1.797 1.813 1.814 1.815 1.816 1.816 1.815 1.809 1.804 1.799
1.120 1.113 1.106 1.100 1.093 1.087 1.080 1.073 1.067 1.050 1.032 1.015 0.997 0.979 0.962 0.944 0.927 0.909 0.892 0.870 0.845 0.819 0.805 0.819 0.833 0.847 0.863 0.880 0.896 0.912 0.928 0.945 0.961 0.977 0.993 1.010 1.024 1.038 1.053 1.067 1.081 1.095 1.109 1.124 1.138 1.156 1.180 1.204 1.231 1.267 1.302 1.337 1.376 1.417 1.457 1.498 1.539 1.579 1.620 1.660 1.701 1.721 1.741 1.760 1.780 1.799 1.819 1.828 1.829 1.830 1.831 1.832 1.833 1.831 1.826 1.821 1.815
1.171 1.164 1.157 1.151 1.144 1.137 1.131 1.124 1.118 1.100 1.083 1.065 1.048 1.030 1.012 0.995 0.977 0.957 0.932 0.907 0.882 0.857 0.844 0.858 0.872 0.886 0.900 0.914 0.931 0.947 0.963 0.979 0.996 1.012 1.028 1.044 1.059 1.073 1.087 1.101 1.116 1.130 1.144 1.159 1.183 1.207 1.231 1.255 1.282 1.317 1.352 1.388 1.423 1.459 1.497 1.538 1.578 1.619 1.660 1.700 1.741 1.763 1.782 1.802 1.821 1.841 1.844 1.845 1.845 1.846 1.847 1.848 1.849 1.848 1.843 1.837 1.832
1.206 1.215 1.208 1.202 1.195 1.188 1.182 1.175 1.168 1.151 1.133 1.116 1.098 1.080 1.063 1.045 1.020 0.995 0.970 0.945 0.920 0.894 0.883 0.896 0.910 0.924 0.938 0.952 0.966 0.982 0.998 1.014 1.030 1.047 1.063 1.079 1.093 1.108 1.122 1.136 1.150 1.164 1.186 1.210 1.233 1.257 1.281 1.305 1.332 1.368 1.403 1.438 1.474 1.509 1.544 1.580 1.618 1.659 1.700 1.740 1.781 1.804 1.824 1.843 1.858 1.859 1.860 1.861 1.862 1.862 1.863 1.864 1.865 1.865 1.859 1.854 1.848
1.217 1.234 1.250 1.253 1.246 1.239 1.233 1.226 1.219 1.202 1.184 1.166 1.149 1.131 1.108 1.083 1.058 1.033 1.008 0.982 0.957 0.932 0.921 0.935 0.949 0.963 0.977 0.991 1.005 1.019 1.033 1.049 1.065 1.081 1.098 1.114 1.128 1.142 1.157 1.171 1.189 1.212 1.236 1.260 1.284 1.308 1.332 1.356 1.383 1.418 1.453 1.489 1.524 1.560 1.595 1.630 1.666 1.701 1.740 1.780 1.821 1.846 1.866 1.874 1.875 1.875 1.876 1.877 1.878 1.879 1.879 1.880 1.881 1.881 1.876 1.870 1.865
1.228 1.245 1.261 1.278 1.294 1.290 1.284 1.277 1.270 1.252 1.234 1.217 1.196 1.171 1.146 1.121 1.096 1.070 1.045 1.020 0.995 0.970 0.960 0.974 0.988 1.002 1.016 1.030 1.044 1.058 1.072 1.086 1.100 1.116 1.133 1.149 1.163 1.177 1.192 1.215 1.239 1.263 1.287 1.311 1.335 1.359 1.383 1.407 1.433 1.469 1.504 1.539 1.575 1.610 1.646 1.681 1.716 1.752 1.787 1.823 1.861 1.888 1.889 1.890 1.891 1.892 1.892 1.893 1.894 1.895 1.896 1.896 1.897 1.898 1.892 1.887 1.881
1.240 1.256 1.272 1.289 1.305 1.322 1.334 1.328 1.320 1.303 1.284 1.259 1.234 1.209 1.184 1.159 1.133 1.108 1.083 1.058 1.033 1.007 0.999 1.013 1.027 1.040 1.054 1.068 1.082 1.096 1.110 1.124 1.138 1.152 1.168 1.184 1.198 1.219 1.242 1.266 1.290 1.314 1.338 1.362 1.386 1.410 1.434 1.458 1.484 1.519 1.555 1.590 1.625 1.661 1.696 1.732 1.767 1.802 1.838 1.873 1.896 1.901 1.905 1.906 1.907 1.908 1.909 1.910 1.910 1.911 1.912 1.913 1.913 1.914 1.909 1.904 1.898
1.251 1.267 1.283 1.300 1.316 1.333 1.349 1.365 1.371 1.347 1.322 1.297 1.272 1.247 1.222 1.196 1.171 1.146 1.121 1.096 1.070 1.045 1.038 1.051 1.065 1.079 1.093 1.107 1.121 1.135 1.149 1.163 1.177 1.191 1.205 1.221 1.246 1.269 1.293 1.317 1.341 1.365 1.389 1.413 1.437 1.461 1.485 1.509 1.535 1.570 1.605 1.641 1.676 1.712 1.747 1.782 1.818 1.853 1.889 1.897 1.899 1.904 1.911 1.918 1.924 1.924 1.925 1.926 1.927 1.927 1.928 1.929 1.930 1.930 1.926 1.920 1.915
1.262 1.278 1.294 1.311 1.327 1.344 1.360 1.379 1.396 1.382 1.360 1.335 1.310 1.285 1.259 1.234 1.209 1.184 1.159 1.133 1.108 1.083 1.076 1.090 1.104 1.118 1.132 1.146 1.160 1.174 1.188 1.202 1.216 1.230 1.241 1.255 1.288 1.320 1.344 1.368 1.392 1.416 1.440 1.464 1.488 1.512 1.536 1.560 1.585 1.621 1.656 1.692 1.727 1.762 1.798 1.833 1.869 1.896 1.898 1.900 1.902 1.906 1.913 1.921 1.928 1.935 1.942 1.942 1.943 1.944 1.944 1.945 1.946 1.946 1.943 1.937 1.931
1.273 1.289 1.305 1.322 1.338 1.356 1.378 1.399 1.415 1.401 1.387 1.373 1.348 1.322 1.297 1.272 1.247 1.222 1.197 1.171 1.146 1.121 1.115 1.129 1.143 1.157 1.171 1.185 1.199 1.213 1.227 1.241 1.253 1.264 1.275 1.289 1.322 1.355 1.388 1.419 1.443 1.467 1.491 1.515 1.539 1.563 1.587 1.611 1.636 1.672 1.707 1.742 1.778 1.813 1.849 1.884 1.897 1.899 1.901 1.903 1.905 1.909 1.916 1.923 1.930 1.937 1.945 1.952 1.959 1.960 1.961 1.962 1.962 1.963 1.959 1.954 1.948
1.283 1.300 1.316 1.333 1.354 1.376 1.398 1.419 1.434 1.420 1.406 1.392 1.378 1.360 1.335 1.310 1.285 1.260 1.234 1.209 1.184 1.159 1.154 1.168 1.182 1.196 1.210 1.224 1.238 1.252 1.265 1.276 1.287 1.299 1.310 1.323 1.356 1.389 1.423 1.456 1.489 1.518 1.542 1.566 1.590 1.614 1.638 1.662 1.687 1.723 1.758 1.793 1.829 1.864 1.895 1.898 1.900 1.901 1.903 1.905 1.907 1.911 1.918 1.925 1.933 1.940 1.947 1.954 1.961 1.968 1.975 1.978 1.978 1.979 1.976 1.971 1.992
1.294 1.311 1.331 1.353 1.374 1.396 1.418 1.440 1.453 1.439 1.425 1.411 1.397 1.383 1.369 1.348 1.323 1.297 1.272 1.247 1.222 1.197 1.193 1.207 1.221 1.235 1.249 1.263 1.277 1.288 1.299 1.310 1.322 1.333 1.344 1.357 1.390 1.424 1.457 1.490 1.523 1.556 1.590 1.617 1.641 1.665 1.689 1.713 1.738 1.773 1.809 1.844 1.880 1.896 1.898 1.900 1.902 1.904 1.906 1.908 1.910 1.913 1.921 1.928 1.935 1.942 1.949 1.956 1.963 1.971 1.978 1.985 1.992 1.995 1.993 2.039 2.101
1.308 1.329 1.351 1.373 1.394 1.416 1.438 1.460 1.472 1.458 1.444 1.430 1.416 1.402 1.388 1.373 1.359 1.335 1.310 1.285 1.260 1.234 1.232 1.246 1.260 1.274 1.288 1.300 1.311 1.322 1.334 1.345 1.356 1.367 1.378 1.391 1.425 1.458 1.491 1.524 1.557 1.591 1.624 1.657 1.690 1.717 1.741 1.765 1.789 1.824 1.860 1.895 1.897 1.899 1.901 1.903 1.905 1.907 1.909 1.911 1.913 1.916 1.923 1.930 1.937 1.944 1.952 1.959 1.966 1.973 1.980 1.987 1.994 2.009 2.083 2.148 2.210
1.328 1.349 1.371 1.393 1.415 1.436 1.458 1.480 1.491 1.477 1.463 1.449 1.435 1.421 1.407 1.393 1.378 1.364 1.348 1.323 1.298 1.272 1.271 1.285 1.299 1.312 1.323 1.334 1.346 1.357 1.368 1.379 1.390 1.401 1.412 1.426 1.459 1.492 1.525 1.559 1.592 1.625 1.658 1.691 1.725 1.758 1.791 1.816 1.840 1.875 1.896 1.898 1.900 1.902 1.904 1.906 1.908 1.910 1.912 1.914 1.916 1.918 1.925 1.933 1.940 1.947 1.954 1.961 1.968 1.975 1.982 1.989 2.030 2.108 2.183 2.249 2.315
1.348 1.369 1.391 1.413 1.435 1.456 1.478 1.500 1.510 1.496 1.482 1.468 1.454 1.440 1.426 1.412 1.397 1.383 1.369 1.355 1.335 1.310 1.310 1.324 1.335 1.347 1.358 1.369 1.380 1.391 1.402 1.413 1.424 1.436 1.447 1.460 1.493 1.526 1.560 1.593 1.626 1.659 1.692 1.726 1.759 1.792 1.826 1.859 1.891 1.897 1.899 1.901 1.903 1.905 1.907 1.909 1.911 1.913 1.915 1.917 1.919 1.921 1.928 1.935 1.942 1.949 1.956 1.964 1.971 1.978 1.985 2.050 2.129 2.208 2.284 2.350 2.416
1.368 1.389 1.411 1.433 1.455 1.476 1.498 1.520 1.529 1.515 1.501 1.487 1.473 1.459 1.445 1.431 1.417 1.402 1.388 1.374 1.360 1.346 1.347 1.359 1.370 1.381 1.392 1.403 1.414 1.425 1.437 1.448 1.459 1.470 1.481 1.494 1.527 1.561 1.594 1.627 1.660 1.694 1.727 1.760 1.793 1.827 1.860 1.889 1.910 1.907 1.902 1.904 1.906 1.908 1.910 1.912 1.914 1.916 1.918 1.920 1.922 1.924 1.930 1.938 1.945 1.952 1.959 1.966 1.973 1.992 2.071 2.149 2.228 2.307 2.385 2.451 2.517
1.388 1.409 1.431 1.453 1.475 1.496 1.518 1.540 1.548 1.534 1.520 1.506 1.492 1.478 1.464 1.450 1.435 1.421 1.407 1.393 1.382 1.377 1.383 1.393 1.404 1.415 1.426 1.437 1.448 1.460 1.471 1.482 1.493 1.504 1.516 1.529 1.562 1.595 1.628 1.661 1.695 1.728 1.761 1.794 1.828 1.861 1.884 1.905 1.926 1.925 1.920 1.915 1.910 1.911 1.913 1.915 1.917 1.919 1.921 1.923 1.925 1.926 1.933 1.940 1.947 1.954 1.961 1.968 2.013 2.091 2.170 2.249 2.328 2.406 2.485 2.552 2.618
