includes/overflow_coast_h/floodfiles/results/res-0008.wdfp
ncols         906
nrows         631
xllcorner     362177.146667
yllcorner     6534725.688020
cellsize      20.000000
NODATA_value  -9999.000000
[rows 510 to 543 of 631, columns 616 to 692 of 906]
1.330 1.357 1.384 1.412 1.439 1.466 1.493 1.520 1.541 1.561 1.581 1.601 1.620 1.640 1.660 1.676 1.689 1.702 1.715 1.728 1.741 1.730 1.713 1.695 1.678 1.660 1.643 1.628 1.621 1.615 1.608 1.601 1.595 1.575 1.505 1.435 1.366 1.296 1.226 1.164 1.130 1.096 1.062 1.028 0.994 0.998 1.034 1.070 1.106 1.157 1.228 1.300 1.372 1.443 1.515 1.568 1.615 1.662 1.709 1.755 1.802 1.848 1.822 1.770 1.718 1.666 1.646 1.656 1.666 1.677 1.687 1.697 1.708 1.718 1.729 1.729 1.717
1.336 1.363 1.390 1.417 1.445 1.472 1.499 1.526 1.547 1.567 1.587 1.607 1.627 1.646 1.659 1.672 1.685 1.699 1.712 1.725 1.738 1.727 1.710 1.692 1.675 1.657 1.640 1.622 1.605 1.592 1.586 1.579 1.572 1.549 1.480 1.410 1.340 1.272 1.239 1.205 1.171 1.137 1.103 1.069 1.035 1.041 1.077 1.113 1.149 1.185 1.226 1.298 1.369 1.441 1.510 1.557 1.604 1.651 1.698 1.744 1.791 1.838 1.876 1.824 1.772 1.723 1.733 1.744 1.754 1.764 1.775 1.785 1.796 1.806 1.817 1.827 1.818
1.361 1.374 1.396 1.423 1.450 1.477 1.505 1.532 1.554 1.573 1.593 1.613 1.630 1.643 1.656 1.669 1.682 1.695 1.708 1.721 1.734 1.724 1.707 1.689 1.672 1.654 1.637 1.619 1.601 1.584 1.566 1.556 1.550 1.524 1.454 1.384 1.347 1.313 1.279 1.246 1.212 1.178 1.144 1.110 1.077 1.084 1.120 1.156 1.192 1.228 1.265 1.301 1.367 1.439 1.500 1.547 1.594 1.640 1.687 1.734 1.781 1.827 1.874 1.878 1.826 1.810 1.821 1.831 1.842 1.852 1.863 1.873 1.884 1.894 1.905 1.916 1.920
1.400 1.413 1.425 1.437 1.456 1.483 1.510 1.538 1.560 1.580 1.600 1.613 1.626 1.639 1.652 1.665 1.678 1.691 1.704 1.717 1.730 1.721 1.704 1.686 1.669 1.651 1.633 1.616 1.598 1.580 1.563 1.545 1.527 1.498 1.455 1.421 1.388 1.354 1.320 1.287 1.253 1.219 1.186 1.152 1.118 1.127 1.163 1.199 1.235 1.272 1.308 1.344 1.381 1.437 1.489 1.536 1.583 1.630 1.677 1.724 1.770 1.817 1.863 1.910 1.887 1.898 1.908 1.919 1.929 1.940 1.951 1.961 1.972 1.983 1.993 2.004 2.015
1.439 1.451 1.464 1.476 1.488 1.501 1.516 1.543 1.566 1.583 1.596 1.609 1.622 1.635 1.648 1.661 1.674 1.687 1.700 1.713 1.726 1.718 1.701 1.683 1.666 1.648 1.630 1.613 1.595 1.577 1.559 1.541 1.540 1.543 1.496 1.462 1.429 1.395 1.362 1.328 1.294 1.261 1.227 1.193 1.159 1.170 1.206 1.243 1.279 1.315 1.351 1.388 1.424 1.455 1.498 1.545 1.591 1.638 1.684 1.731 1.777 1.824 1.870 1.916 1.987 1.998 2.009 2.020 2.031 2.042 2.053 2.064 2.075 2.086 2.098 2.108 2.120
1.478 1.491 1.503 1.515 1.527 1.540 1.552 1.564 1.566 1.579 1.592 1.605 1.619 1.632 1.645 1.658 1.670 1.683 1.696 1.709 1.722 1.715 1.698 1.680 1.662 1.645 1.627 1.609 1.591 1.574 1.556 1.580 1.609 1.615 1.564 1.514 1.470 1.436 1.403 1.369 1.336 1.302 1.268 1.235 1.201 1.214 1.250 1.286 1.322 1.359 1.395 1.430 1.458 1.486 1.524 1.571 1.618 1.664 1.711 1.757 1.804 1.850 1.897 1.969 2.074 2.114 2.125 2.136 2.148 2.159 2.170 2.181 2.192 2.203 2.214 2.225 2.321
1.517 1.530 1.542 1.554 1.566 1.579 1.587 1.582 1.581 1.585 1.589 1.602 1.615 1.628 1.641 1.654 1.667 1.680 1.693 1.705 1.718 1.712 1.695 1.677 1.659 1.641 1.624 1.606 1.588 1.591 1.620 1.649 1.678 1.686 1.636 1.586 1.536 1.485 1.444 1.411 1.377 1.344 1.310 1.277 1.243 1.257 1.293 1.330 1.366 1.402 1.434 1.462 1.490 1.518 1.551 1.598 1.644 1.691 1.737 1.784 1.831 1.877 1.932 2.038 2.144 2.231 2.242 2.253 2.264 2.275 2.286 2.298 2.309 2.320 2.331 2.342 2.570
1.557 1.569 1.581 1.593 1.606 1.607 1.602 1.597 1.595 1.599 1.603 1.607 1.611 1.624 1.637 1.650 1.663 1.676 1.689 1.702 1.714 1.709 1.692 1.674 1.656 1.638 1.620 1.602 1.630 1.659 1.688 1.718 1.747 1.758 1.708 1.658 1.608 1.557 1.507 1.457 1.419 1.386 1.352 1.318 1.285 1.301 1.337 1.373 1.410 1.438 1.467 1.495 1.523 1.551 1.579 1.624 1.671 1.718 1.764 1.811 1.858 1.904 2.002 2.108 2.214 2.320 2.358 2.370 2.381 2.392 2.403 2.415 2.426 2.437 2.448 2.588 2.820
1.596 1.608 1.620 1.633 1.628 1.623 1.618 1.613 1.610 1.614 1.618 1.622 1.626 1.630 1.634 1.646 1.659 1.672 1.685 1.698 1.710 1.706 1.689 1.671 1.653 1.635 1.641 1.670 1.699 1.729 1.758 1.787 1.816 1.831 1.781 1.730 1.680 1.630 1.580 1.529 1.479 1.429 1.394 1.360 1.327 1.345 1.381 1.415 1.443 1.471 1.499 1.527 1.555 1.583 1.611 1.651 1.698 1.745 1.791 1.838 1.885 1.966 2.072 2.178 2.284 2.390 2.475 2.486 2.498 2.509 2.520 2.532 2.543 2.554 2.605 2.837 3.069
1.635 1.647 1.654 1.649 1.644 1.639 1.633 1.628 1.625 1.629 1.633 1.637 1.641 1.645 1.648 1.652 1.656 1.668 1.681 1.694 1.707 1.703 1.686 1.668 1.652 1.681 1.710 1.740 1.769 1.798 1.827 1.856 1.886 1.903 1.853 1.803 1.752 1.702 1.652 1.602 1.551 1.501 1.451 1.402 1.369 1.389 1.419 1.447 1.475 1.503 1.531 1.559 1.587 1.615 1.643 1.678 1.725 1.772 1.818 1.865 1.929 2.036 2.142 2.248 2.354 2.460 2.567 2.603 2.615 2.626 2.637 2.649 2.660 2.671 2.855 3.087 3.319
1.675 1.675 1.670 1.665 1.659 1.654 1.649 1.644 1.640 1.644 1.648 1.652 1.656 1.659 1.663 1.667 1.671 1.674 1.678 1.690 1.703 1.700 1.683 1.692 1.721 1.751 1.780 1.809 1.838 1.867 1.897 1.926 1.955 1.976 1.926 1.875 1.825 1.775 1.725 1.674 1.624 1.574 1.523 1.473 1.436 1.423 1.451 1.479 1.507 1.535 1.563 1.592 1.620 1.648 1.676 1.705 1.752 1.799 1.846 1.893 1.999 2.106 2.212 2.318 2.425 2.531 2.637 2.720 2.732 2.743 2.754 2.766 2.777 2.872 3.104 3.336 3.569
1.696 1.691 1.686 1.680 1.675 1.670 1.665 1.659 1.655 1.659 1.663 1.667 1.670 1.674 1.678 1.682 1.685 1.689 1.693 1.696 1.700 1.704 1.733 1.762 1.791 1.820 1.849 1.879 1.908 1.937 1.966 1.996 2.025 2.049 1.998 1.948 1.898 1.848 1.797 1.747 1.697 1.647 1.596 1.595 1.628 1.620 1.588 1.556 1.539 1.568 1.596 1.624 1.652 1.681 1.709 1.737 1.779 1.826 1.873 1.963 2.070 2.176 2.282 2.389 2.495 2.601 2.708 2.814 2.849 2.860 2.872 2.883 2.895 3.122 3.354 3.586 3.818
1.712 1.707 1.702 1.696 1.691 1.686 1.681 1.675 1.670 1.674 1.678 1.682 1.685 1.689 1.693 1.696 1.700 1.704 1.707 1.711 1.742 1.781 1.803 1.831 1.861 1.890 1.919 1.948 1.978 2.007 2.036 2.066 2.095 2.122 2.071 2.021 1.971 1.921 1.870 1.820 1.770 1.722 1.755 1.787 1.820 1.820 1.788 1.756 1.723 1.691 1.659 1.657 1.685 1.713 1.742 1.770 1.807 1.854 1.927 2.033 2.140 2.246 2.353 2.459 2.565 2.672 2.778 2.885 2.966 2.977 2.989 3.000 3.139 3.371 3.603 3.836 4.068
1.728 1.723 1.717 1.712 1.707 1.702 1.696 1.691 1.686 1.689 1.693 1.696 1.700 1.704 1.708 1.711 1.715 1.718 1.722 1.773 1.824 1.865 1.888 1.910 1.932 1.960 1.989 2.018 2.048 2.077 2.106 2.136 2.165 2.194 2.145 2.094 2.044 1.994 1.944 1.893 1.882 1.914 1.947 1.979 2.012 2.020 1.988 1.956 1.924 1.891 1.859 1.827 1.795 1.763 1.774 1.803 1.834 1.891 1.997 2.104 2.210 2.317 2.423 2.529 2.636 2.742 2.849 2.955 3.062 3.095 3.106 3.157 3.389 3.621 3.853 4.085 4.318
1.744 1.739 1.733 1.728 1.723 1.717 1.712 1.707 1.701 1.704 1.708 1.712 1.715 1.719 1.723 1.726 1.730 1.753 1.804 1.855 1.906 1.950 1.972 1.994 2.016 2.039 2.061 2.089 2.118 2.147 2.177 2.206 2.235 2.265 2.218 2.168 2.117 2.067 2.017 2.041 2.074 2.106 2.139 2.172 2.204 2.221 2.189 2.156 2.124 2.092 2.060 2.028 1.996 1.963 1.931 1.899 1.867 1.961 2.068 2.174 2.281 2.387 2.494 2.600 2.707 2.813 2.920 3.026 3.132 3.212 3.223 3.406 3.638 3.871 4.103 4.335 4.568
1.760 1.755 1.749 1.744 1.739 1.733 1.728 1.723 1.717 1.719 1.723 1.727 1.730 1.734 1.737 1.741 1.784 1.835 1.886 1.938 1.989 2.034 2.057 2.079 2.101 2.123 2.145 2.168 2.190 2.218 2.247 2.276 2.306 2.335 2.291 2.241 2.191 2.168 2.201 2.234 2.266 2.299 2.332 2.364 2.397 2.422 2.389 2.357 2.325 2.293 2.261 2.228 2.196 2.164 2.132 2.100 2.086 2.136 2.231 2.325 2.420 2.514 2.608 2.703 2.797 2.891 2.990 3.097 3.203 3.310 3.424 3.656 3.888 4.120 4.353 4.585 4.817
1.776 1.771 1.765 1.760 1.755 1.749 1.744 1.739 1.733 1.734 1.738 1.742 1.745 1.749 1.764 1.815 1.867 1.918 1.969 2.020 2.072 2.119 2.141 2.164 2.186 2.208 2.230 2.252 2.275 2.297 2.319 2.347 2.376 2.406 2.365 2.314 2.328 2.361 2.393 2.426 2.459 2.492 2.524 2.557 2.590 2.622 2.590 2.558 2.526 2.494 2.462 2.429 2.397 2.365 2.335 2.321 2.307 2.325 2.420 2.514 2.609 2.703 2.797 2.892 2.986 3.081 3.175 3.269 3.364 3.459 3.649 3.880 4.112 4.343 4.575 4.806 5.038
1.792 1.787 1.781 1.776 1.771 1.765 1.760 1.754 1.749 1.750 1.753 1.757 1.760 1.796 1.847 1.898 1.949 2.001 2.052 2.103 2.155 2.204 2.226 2.248 2.271 2.293 2.315 2.338 2.360 2.382 2.404 2.427 2.449 2.476 2.455 2.488 2.521 2.553 2.586 2.619 2.652 2.684 2.717 2.750 2.783 2.816 2.791 2.759 2.727 2.695 2.663 2.630 2.598 2.571 2.557 2.543 2.529 2.515 2.609 2.703 2.798 2.892 2.986 3.081 3.175 3.270 3.364 3.459 3.553 3.702 3.878 4.091 4.323 4.554 4.786 5.017 5.249
1.809 1.803 1.798 1.792 1.787 1.781 1.776 1.770 1.765 1.765 1.768 1.776 1.827 1.878 1.930 1.981 2.032 2.084 2.135 2.186 2.238 2.289 2.311 2.333 2.356 2.378 2.400 2.423 2.445 2.467 2.490 2.512 2.534 2.581 2.638 2.681 2.713 2.746 2.779 2.812 2.845 2.877 2.910 2.943 2.976 3.009 2.992 2.960 2.928 2.896 2.864 2.832 2.806 2.792 2.778 2.764 2.751 2.737 2.798 2.892 2.987 3.081 3.176 3.270 3.364 3.459 3.553 3.648 3.769 3.945 4.122 4.303 4.534 4.766 4.997 5.228 5.460
1.825 1.820 1.814 1.809 1.803 1.798 1.792 1.786 1.781 1.780 1.808 1.859 1.910 1.961 2.013 2.064 2.115 2.167 2.218 2.269 2.321 2.372 2.396 2.419 2.441 2.463 2.486 2.508 2.530 2.553 2.575 2.599 2.660 2.722 2.779 2.835 2.891 2.939 2.972 3.005 3.038 3.070 3.103 3.136 3.169 3.202 3.194 3.161 3.129 3.097 3.065 3.042 3.028 3.014 3.000 2.986 2.972 2.958 2.987 3.081 3.176 3.270 3.365 3.459 3.554 3.648 3.743 3.837 4.013 4.189 4.365 4.541 4.745 4.977 5.208 5.440 5.671
1.842 1.837 1.831 1.825 1.820 1.814 1.808 1.803 1.797 1.842 1.890 1.942 1.993 2.044 2.096 2.147 2.198 2.250 2.301 2.353 2.404 2.455 2.482 2.504 2.526 2.549 2.571 2.593 2.616 2.638 2.678 2.740 2.801 2.862 2.920 2.976 3.032 3.088 3.144 3.198 3.231 3.263 3.296 3.329 3.362 3.395 3.395 3.363 3.330 3.298 3.277 3.264 3.250 3.236 3.222 3.208 3.194 3.180 3.176 3.271 3.365 3.460 3.554 3.649 3.743 3.837 3.932 4.080 4.256 4.432 4.608 4.785 4.961 5.188 5.419 5.651 5.882
1.859 1.853 1.848 1.842 1.836 1.831 1.825 1.837 1.899 1.952 1.991 2.030 2.076 2.127 2.179 2.230 2.282 2.333 2.384 2.436 2.487 2.539 2.567 2.589 2.612 2.634 2.656 2.679 2.701 2.758 2.819 2.880 2.942 3.003 3.061 3.117 3.173 3.229 3.285 3.341 3.397 3.453 3.490 3.522 3.555 3.588 3.596 3.564 3.532 3.513 3.499 3.485 3.472 3.458 3.444 3.430 3.416 3.402 3.388 3.460 3.554 3.649 3.743 3.838 3.932 4.027 4.147 4.323 4.499 4.675 4.852 5.028 5.204 5.399 5.631 5.862 6.094
1.875 1.870 1.864 1.859 1.853 1.847 1.883 1.945 2.007 2.063 2.102 2.140 2.179 2.218 2.262 2.314 2.365 2.416 2.468 2.519 2.571 2.622 2.652 2.675 2.697 2.719 2.742 2.776 2.837 2.899 2.960 3.021 3.083 3.144 3.203 3.259 3.315 3.371 3.427 3.483 3.539 3.595 3.651 3.707 3.749 3.782 3.797 3.765 3.749 3.735 3.721 3.707 3.693 3.680 3.666 3.652 3.638 3.624 3.610 3.649 3.744 3.838 3.933 4.027 4.122 4.216 4.390 4.566 4.743 4.919 5.095 5.271 5.448 5.624 5.842 6.073 6.305
1.892 1.886 1.881 1.875 1.869 1.930 1.992 2.054 2.116 2.174 2.213 2.251 2.290 2.329 2.367 2.406 2.448 2.500 2.551 2.603 2.654 2.706 2.738 2.760 2.782 2.805 2.856 2.917 2.978 3.039 3.101 3.162 3.224 3.285 3.344 3.400 3.456 3.512 3.568 3.624 3.680 3.736 3.792 3.848 3.904 3.960 3.999 3.985 3.971 3.957 3.943 3.929 3.915 3.901 3.887 3.874 3.860 3.846 3.832 3.839 3.933 4.028 4.122 4.217 4.311 4.457 4.633 4.810 4.986 5.162 5.339 5.515 5.691 5.868 6.053 6.285 6.516
1.909 1.903 1.897 1.914 1.976 2.038 2.101 2.163 2.225 2.285 2.324 2.362 2.401 2.440 2.479 2.517 2.556 2.595 2.635 2.686 2.738 2.789 2.823 2.846 2.874 2.935 2.996 3.058 3.119 3.180 3.242 3.303 3.364 3.426 3.486 3.542 3.598 3.654 3.710 3.766 3.822 3.878 3.934 3.990 4.046 4.106 4.170 4.179 4.189 4.179 4.165 4.151 4.137 4.123 4.109 4.096 4.082 4.068 4.054 4.040 4.123 4.217 4.311 4.406 4.524 4.701 4.877 5.053 5.229 5.406 5.582 5.758 5.935 6.111 6.287 6.496 6.727
1.925 1.920 1.961 2.023 2.085 2.147 2.210 2.272 2.334 2.396 2.435 2.474 2.512 2.551 2.590 2.629 2.667 2.706 2.745 2.784 2.822 2.873 2.909 2.953 3.015 3.076 3.137 3.199 3.260 3.321 3.383 3.444 3.506 3.567 3.627 3.683 3.739 3.795 3.851 3.907 3.963 4.019 4.075 4.132 4.196 4.264 4.331 4.341 4.351 4.360 4.369 4.373 4.359 4.345 4.331 4.318 4.304 4.290 4.276 4.262 4.312 4.406 4.501 4.595 4.768 4.944 5.120 5.296 5.473 5.649 5.825 6.002 6.178 6.354 6.531 6.707 6.939
1.945 2.007 2.069 2.132 2.194 2.256 2.319 2.381 2.443 2.506 2.546 2.585 2.624 2.662 2.701 2.740 2.779 2.817 2.856 2.895 2.934 2.973 3.031 3.094 3.156 3.217 3.278 3.340 3.401 3.462 3.524 3.585 3.647 3.708 3.769 3.825 3.881 3.937 3.993 4.049 4.105 4.161 4.219 4.286 4.354 4.421 4.489 4.503 4.513 4.522 4.531 4.541 4.550 4.559 4.553 4.539 4.526 4.512 4.498 4.484 4.501 4.596 4.690 4.835 5.011 5.187 5.364 5.540 5.716 5.893 6.069 6.245 6.421 6.598 6.774 6.950 7.150
2.054 2.116 2.178 2.241 2.303 2.365 2.428 2.490 2.553 2.615 2.657 2.696 2.735 2.774 2.813 2.851 2.890 2.929 2.968 3.006 3.048 3.097 3.153 3.223 3.293 3.358 3.419 3.481 3.542 3.603 3.665 3.726 3.788 3.849 3.910 3.966 4.022 4.078 4.134 4.191 4.247 4.309 4.377 4.444 4.512 4.579 4.647 4.665 4.675 4.684 4.693 4.702 4.712 4.721 4.730 4.740 4.748 4.734 4.720 4.706 4.692 4.785 4.902 5.078 5.254 5.431 5.607 5.783 5.960 6.136 6.312 6.489 6.665 6.841 7.017 7.194 7.370
2.163 2.225 2.288 2.350 2.412 2.475 2.537 2.599 2.662 2.724 2.769 2.808 2.846 2.885 2.924 2.963 3.001 3.040 3.079 3.125 3.173 3.222 3.276 3.346 3.416 3.485 3.555 3.622 3.683 3.745 3.806 3.867 3.929 3.990 4.052 4.108 4.164 4.220 4.276 4.332 4.399 4.467 4.534 4.602 4.669 4.737 4.804 4.827 4.837 4.846 4.855 4.865 4.874 4.883 4.892 4.902 4.911 4.921 4.930 4.928 4.914 4.975 5.145 5.322 5.498 5.674 5.851 6.027 6.203 6.379 6.542 6.701 6.861 7.020 7.180 7.339 7.499
2.272 2.334 2.397 2.459 2.522 2.584 2.646 2.709 2.771 2.834 2.880 2.919 2.958 2.997 3.035 3.074 3.113 3.152 3.201 3.249 3.298 3.347 3.399 3.469 3.539 3.608 3.678 3.747 3.817 3.886 3.947 4.009 4.070 4.131 4.193 4.249 4.305 4.361 4.422 4.489 4.557 4.624 4.692 4.759 4.827 4.894 4.962 4.989 4.999 5.008 5.017 5.027 5.036 5.045 5.055 5.064 5.073 5.083 5.092 5.101 5.111 5.165 5.325 5.484 5.644 5.803 5.963 6.122 6.282 6.441 6.601 6.760 6.920 7.079 7.239 7.398 7.550
2.381 2.444 2.506 2.568 2.631 2.693 2.756 2.818 2.880 2.943 2.992 3.030 3.069 3.108 3.147 3.186 3.229 3.277 3.326 3.374 3.423 3.471 3.522 3.592 3.662 3.731 3.801 3.870 3.940 4.010 4.079 4.149 4.211 4.273 4.334 4.391 4.447 4.512 4.579 4.647 4.714 4.782 4.849 4.917 4.984 5.052 5.119 5.151 5.161 5.170 5.179 5.189 5.198 5.207 5.217 5.226 5.235 5.245 5.254 5.267 5.285 5.310 5.384 5.543 5.703 5.862 6.022 6.181 6.341 6.500 6.660 6.819 6.979 7.139 7.298 7.458 7.599
2.482 2.548 2.614 2.678 2.740 2.803 2.865 2.927 2.990 3.052 3.103 3.142 3.181 3.220 3.258 3.305 3.353 3.402 3.451 3.499 3.548 3.596 3.645 3.715 3.785 3.854 3.924 3.994 4.063 4.133 4.202 4.272 4.341 4.411 4.475 4.534 4.602 4.669 4.737 4.804 4.872 4.939 5.007 5.074 5.142 5.210 5.277 5.313 5.323 5.332 5.341 5.351 5.360 5.369 5.379 5.388 5.397 5.407 5.425 5.443 5.461 5.488 5.518 5.603 5.762 5.922 6.081 6.241 6.400 6.560 6.719 6.879 7.038 7.198 7.357 7.512 7.648
2.583 2.649 2.715 2.781 2.847 2.912 2.974 3.037 3.099 3.162 3.215 3.253 3.292 3.333 3.381 3.430 3.478 3.527 3.576 3.624 3.673 3.721 3.770 3.838 3.908 3.977 4.047 4.117 4.186 4.256 4.325 4.395 4.465 4.534 4.608 4.686 4.759 4.827 4.894 4.962 5.029 5.097 5.164 5.232 5.300 5.367 5.435 5.475 5.485 5.494 5.503 5.513 5.522 5.531 5.541 5.550 5.565 5.583 5.601 5.619 5.637 5.666 5.696 5.726 5.821 5.981 6.140 6.300 6.459 6.619 6.778 6.938 7.097 7.257 7.416 7.562 7.698
2.684 2.750 2.816 2.882 2.948 3.014 3.080 3.146 3.209 3.271 3.326 3.365 3.409 3.457 3.506 3.555 3.603 3.652 3.700 3.749 3.798 3.846 3.895 3.961 4.031 4.101 4.170 4.240 4.309 4.379 4.449 4.518 4.588 4.664 4.741 4.819 4.898 4.976 5.052 5.120 5.187 5.255 5.322 5.390 5.457 5.525 5.592 5.637 5.647 5.656 5.665 5.675 5.684 5.693 5.705 5.723 5.741 5.759 5.777 5.795 5.814 5.844 5.874 5.904 5.934 6.040 6.199 6.359 6.519 6.678 6.838 6.997 7.157 7.316 7.475 7.611 7.747
