includes/overflow_coast_h/floodfiles/results/res-0004.wdfp
ncols         906
nrows         631
xllcorner     362177.146670
yllcorner     6534722.565530
cellsize      20.000000
NODATA_value  -9999.000000
[rows 476 to 509 of 631, columns 462 to 538 of 906]
0.000 0.000 0.000 0.000 0.000 0.000 0.000 0.000 0.000 0.000 0.000 0.004 0.001 0.000 2.210 2.680 2.630 2.620 2.620 2.630 2.730 2.640 2.659 2.819 2.869 2.758 2.808 2.797 2.756 2.906 2.745 2.724 2.783 2.752 2.761 2.940 2.859 2.787 3.334 2.931 2.787 2.595 2.743 2.712 2.680 2.839 2.457 2.636 2.255 1.993 2.202 2.371 2.550 2.530 2.570 2.609 2.619 2.738 2.698 2.738 2.868 2.797 2.847 2.696 2.856 2.866 2.735 2.845 2.885 2.914 2.924 2.984 2.893 2.873 3.043 3.232 3.022
0.000 0.000 0.000 0.000 0.000 0.000 0.000 0.000 0.000 0.000 0.004 0.000 1.710 2.491 2.520 2.550 2.590 2.630 2.710 2.760 2.820 2.770 2.769 2.839 2.859 2.748 2.798 2.717 2.906 2.876 2.905 2.844 2.853 2.902 2.891 2.909 2.828 2.936 3.514 2.861 2.798 2.746 2.864 2.813 2.751 2.700 2.729 2.487 2.476 1.785 2.013 2.252 2.481 2.641 2.390 2.460 2.640 2.650 2.789 2.799 2.708 2.738 2.758 2.777 2.777 2.737 2.686 2.796 2.846 2.895 2.945 2.865 2.985 3.064 3.024 3.094 3.023
0.000 0.000 0.000 0.000 0.000 0.000 0.000 0.000 0.004 0.001 0.000 2.111 2.671 2.681 2.641 2.710 2.650 2.730 2.780 2.810 2.840 2.890 2.879 2.799 2.779 2.758 2.888 2.857 2.906 2.786 2.995 2.904 2.903 2.942 2.911 2.909 3.137 2.966 3.464 2.902 2.799 2.877 2.865 2.824 2.702 2.731 2.579 2.598 2.457 1.956 1.835 2.163 2.362 2.562 2.611 2.521 2.621 2.651 2.710 2.780 2.740 2.649 2.759 2.818 2.878 2.818 2.958 2.897 2.887 2.976 2.856 2.956 2.975 3.085 3.075 3.045 3.144
0.000 0.000 0.000 0.000 0.000 0.000 0.013 0.000 0.000 1.713 2.532 2.752 2.621 2.721 2.591 2.741 2.840 2.800 2.870 2.910 2.930 2.869 2.849 2.839 2.838 2.928 2.887 2.917 2.966 2.965 2.855 2.994 2.903 3.062 3.020 3.039 3.037 3.016 2.934 2.982 2.950 2.828 2.716 2.795 2.843 2.652 2.661 2.699 2.448 2.047 1.996 1.945 1.854 2.353 2.482 2.532 2.642 2.632 2.711 2.731 2.691 2.760 2.830 2.859 2.849 2.919 3.039 2.848 2.888 3.008 2.947 2.947 3.116 2.976 3.016 3.086 3.135
0.000 0.000 0.000 0.000 0.012 0.000 0.000 0.000 2.164 2.723 2.763 2.712 2.682 2.812 2.841 2.871 2.811 2.951 2.950 2.870 2.900 2.859 2.939 2.929 2.938 2.988 2.977 3.037 2.946 2.955 3.005 3.044 2.963 3.071 3.060 2.979 3.467 3.096 3.004 2.912 2.991 2.939 2.927 2.866 2.844 2.803 2.762 2.590 2.599 2.118 1.947 1.876 2.045 2.044 2.093 2.503 2.563 2.713 2.642 2.712 3.031 2.941 2.861 2.790 2.860 2.920 2.940 2.839 3.009 3.009 3.048 2.958 2.977 3.047 3.087 3.237 3.166
0.000 0.000 0.001 0.000 0.000 0.000 1.596 2.575 2.604 2.754 2.743 2.743 2.742 2.822 2.922 2.931 3.021 3.031 2.840 2.880 2.880 2.939 2.979 2.909 3.018 2.978 3.157 3.017 2.956 3.075 3.095 3.174 3.023 2.981 2.940 3.509 3.157 3.076 3.085 2.913 3.071 2.919 2.928 2.977 2.785 2.944 2.773 2.812 2.641 2.229 1.998 1.838 1.967 2.456 2.335 2.275 2.554 2.584 2.763 2.833 2.713 2.832 2.782 2.811 2.741 2.821 3.021 2.970 2.950 3.069 3.229 3.059 3.179 3.268 3.258 3.078 3.187
0.006 0.009 0.000 0.000 0.928 1.957 2.566 2.706 2.765 2.844 2.824 2.864 2.903 2.932 2.972 3.022 2.881 2.951 2.890 2.990 2.860 3.029 2.949 2.929 3.068 3.058 3.087 2.997 3.156 3.075 3.034 3.013 2.982 3.121 2.930 3.169 3.087 3.156 3.105 3.023 3.061 3.170 3.009 3.027 3.046 3.035 2.914 2.603 2.502 2.341 2.330 2.419 2.188 2.237 2.387 2.556 2.245 2.595 2.695 2.604 2.704 2.823 2.753 2.862 2.872 3.072 2.972 3.021 3.061 3.070 3.040 3.200 3.130 3.119 3.319 3.189 3.148
0.000 0.000 0.000 1.470 2.499 2.728 2.677 2.816 2.876 2.915 2.864 2.894 3.023 3.083 3.143 3.012 3.052 2.921 2.991 2.980 2.990 3.009 3.169 3.049 3.088 3.068 3.267 3.076 3.106 3.195 3.124 3.173 3.012 3.031 3.460 3.239 3.188 3.016 3.175 2.994 3.082 3.061 3.129 2.978 3.047 2.956 2.965 2.884 2.623 2.552 2.291 2.270 2.169 2.308 2.388 2.597 2.617 2.316 2.596 2.735 2.755 2.824 2.774 2.883 2.933 3.063 3.013 3.202 3.032 3.042 3.171 3.071 3.201 3.230 3.240 3.240 3.200
0.000 0.542 1.821 2.740 2.739 2.649 2.788 2.927 2.856 2.926 3.075 2.994 2.874 3.003 2.953 3.082 2.962 3.001 3.041 3.040 3.030 3.049 3.099 3.148 3.208 3.057 3.277 3.166 3.245 3.125 3.204 3.233 3.192 3.151 3.501 3.229 3.118 3.116 3.095 3.034 3.123 3.051 3.090 2.929 3.088 3.047 3.086 3.015 2.844 2.863 2.742 2.671 2.491 2.460 2.339 2.539 2.518 2.617 2.297 2.666 2.686 2.665 2.795 2.944 3.034 2.904 2.964 3.033 3.143 2.983 3.172 3.182 3.212 3.191 3.211 3.261 3.281
1.002 2.262 2.741 2.611 2.740 2.679 2.888 2.998 2.867 2.966 3.045 3.055 3.014 3.004 3.083 3.003 3.102 3.082 3.021 3.151 3.140 3.210 2.999 3.168 3.198 3.207 3.167 3.156 3.215 3.244 3.293 3.253 3.162 3.161 3.280 3.189 3.058 3.147 3.146 3.195 3.173 3.102 3.161 3.070 3.129 3.188 3.117 3.116 3.045 2.974 2.823 2.913 2.732 2.831 2.621 2.430 2.659 2.778 2.628 2.298 2.617 2.666 2.796 2.865 2.925 2.945 3.025 2.994 3.274 3.024 3.093 3.193 3.203 3.253 3.223 3.363 3.242
2.653 2.673 2.682 2.771 2.871 2.930 2.939 2.838 2.987 3.137 2.956 3.145 3.005 3.084 3.034 3.103 3.193 3.262 3.112 3.231 3.220 3.270 3.149 3.188 3.228 3.157 3.326 3.225 3.175 3.274 3.303 3.203 3.232 3.211 3.380 3.149 3.238 3.217 3.316 3.195 3.134 3.203 3.182 3.101 3.250 3.129 3.098 3.247 3.306 3.055 2.984 2.973 3.073 2.922 2.892 2.741 2.940 2.980 2.960 2.719 2.208 2.627 2.717 2.766 2.906 2.986 2.956 3.015 3.095 2.975 3.145 3.134 3.214 3.214 3.264 3.353 3.323
2.783 2.723 2.942 2.982 2.941 3.030 3.050 2.949 3.018 2.997 2.997 3.076 3.135 3.015 3.164 3.104 3.233 3.143 3.132 3.071 3.181 3.250 3.239 3.258 3.227 3.187 3.226 3.355 3.265 3.304 3.283 3.353 3.202 3.221 3.400 3.290 3.309 3.208 3.176 3.265 3.364 3.294 3.223 3.172 3.120 3.170 3.249 3.028 2.987 3.036 3.065 3.064 3.054 3.103 3.073 3.082 3.052 3.021 2.991 2.940 2.820 2.189 2.678 2.828 2.817 2.817 2.857 3.007 3.036 3.056 3.056 3.246 3.355 3.205 3.295 3.354 3.434
2.744 2.883 2.923 2.992 3.032 3.041 3.170 3.079 3.009 3.128 3.057 3.246 3.076 3.025 3.195 3.284 3.263 3.173 3.192 3.282 3.261 3.230 3.269 3.309 3.278 3.287 3.306 3.285 3.345 3.254 3.293 3.363 3.362 3.361 3.290 3.310 3.379 3.358 3.217 3.156 3.245 3.294 3.223 3.222 3.211 3.270 3.169 3.049 3.088 3.097 3.076 3.115 3.015 3.014 3.004 3.093 3.013 3.002 2.952 3.061 3.021 2.810 2.330 2.719 2.789 2.938 2.838 2.928 3.008 3.207 3.277 3.237 3.186 3.266 3.336 3.395 3.415
2.894 2.924 2.984 3.053 2.972 3.111 3.111 3.060 3.149 3.108 3.058 3.217 3.256 3.126 3.185 3.204 3.264 3.213 3.313 3.152 3.281 3.330 3.320 3.309 3.348 3.337 3.356 3.315 3.295 3.274 3.333 3.333 3.322 3.331 3.261 3.310 3.409 3.308 3.397 3.307 3.396 3.345 3.354 3.123 3.102 3.321 3.160 3.169 3.179 3.108 3.067 3.156 3.126 3.115 3.105 3.084 3.204 3.093 3.043 3.043 3.132 2.872 2.661 2.360 2.740 2.770 2.860 2.899 2.979 3.099 3.228 3.368 3.517 3.377 3.467 3.516 3.294
3.035 3.045 3.104 3.113 3.023 3.082 3.111 3.131 3.200 3.089 3.208 3.228 3.227 3.186 3.276 3.275 3.294 3.304 3.373 3.282 3.401 3.471 3.340 3.329 3.388 3.277 3.376 3.386 3.265 3.374 3.353 3.353 3.372 3.291 3.471 3.480 3.399 3.399 3.378 3.287 3.426 3.455 3.204 3.243 3.092 3.202 3.141 3.200 3.229 3.179 3.108 3.248 3.327 3.086 3.086 3.005 3.155 3.144 3.034 2.864 2.964 2.833 2.893 2.942 2.402 2.641 2.771 2.850 2.850 3.130 3.109 3.289 3.359 3.339 3.458 3.488 3.337
3.035 3.055 3.074 2.954 3.163 3.203 3.092 3.111 3.230 3.170 3.249 3.228 3.267 3.277 3.456 3.285 3.455 3.284 3.313 3.352 3.382 3.401 3.360 3.309 3.398 3.327 3.387 3.386 3.325 3.354 3.344 3.343 3.472 3.472 3.371 3.500 3.429 3.439 3.723 3.357 3.366 3.306 3.235 3.214 3.283 3.342 3.222 3.291 3.210 3.180 3.219 3.189 3.228 3.138 3.197 3.156 3.136 3.096 3.025 3.035 2.955 2.904 3.124 2.884 3.013 2.483 2.652 2.732 2.872 2.871 3.101 3.210 3.250 3.420 3.379 3.509 3.519
3.176 3.126 3.045 3.224 3.194 3.183 3.202 3.252 3.241 3.330 3.319 3.299 3.248 3.237 3.396 3.336 3.495 3.484 3.333 3.353 3.322 3.321 3.321 3.410 3.489 3.488 3.357 3.376 3.416 3.475 3.534 3.443 3.493 3.382 3.766 3.460 3.480 3.459 3.754 3.418 3.397 3.226 3.255 3.315 3.384 3.273 3.313 3.322 3.251 3.391 3.280 3.270 3.319 3.149 3.208 3.258 3.077 3.167 3.107 3.076 3.006 3.056 2.996 2.945 3.075 2.894 2.484 2.113 2.683 2.922 2.582 2.722 2.971 3.371 3.039 3.380 3.410
3.246 3.256 3.275 3.125 3.194 3.154 3.213 3.342 3.311 3.281 3.320 3.409 3.368 3.418 3.287 3.326 3.385 3.414 3.334 3.413 3.452 3.492 3.411 3.420 3.359 3.378 3.327 3.507 3.396 3.415 3.782 3.787 3.543 3.442 3.552 3.521 3.803 3.409 3.329 3.298 3.347 3.277 3.386 3.385 3.345 3.254 3.544 3.423 3.252 3.342 3.271 3.321 3.220 3.250 3.240 3.179 3.209 3.138 3.178 3.128 3.047 3.067 3.137 2.906 2.886 2.926 2.835 2.675 2.154 2.234 2.113 2.273 2.602 3.192 3.442 3.471 3.217
3.307 3.266 3.216 3.295 3.275 3.274 3.323 3.412 3.282 3.361 3.290 3.339 3.459 3.478 3.267 3.356 3.545 3.415 3.454 3.393 3.423 3.492 3.381 3.480 3.400 3.509 3.418 3.803 3.476 3.811 3.455 3.534 3.824 3.513 3.833 3.461 3.291 3.450 3.259 3.319 3.408 3.338 3.347 3.336 3.296 3.485 3.484 3.414 3.434 3.343 3.362 3.342 3.341 3.301 3.270 3.180 3.130 3.250 3.099 3.149 3.198 3.258 3.238 3.028 2.977 2.837 2.936 2.806 2.506 2.255 2.105 2.324 2.574 2.933 3.362 3.432 3.502
3.277 3.217 3.246 3.386 3.305 3.324 3.334 3.433 3.262 3.422 3.361 3.340 3.389 3.398 3.417 3.437 3.406 3.525 3.414 3.414 3.443 3.472 3.532 3.561 3.530 3.479 3.498 3.840 3.387 3.506 3.466 3.525 3.858 3.862 3.553 3.482 3.501 3.411 3.400 3.460 3.439 3.368 3.518 3.437 3.347 3.476 3.495 3.415 3.395 3.394 3.414 3.393 3.372 3.382 3.241 3.321 3.281 3.361 3.210 3.250 3.199 3.209 3.119 3.089 3.128 2.958 2.968 2.877 2.787 2.296 2.266 2.235 2.624 3.084 3.213 3.303 3.522
3.358 3.377 3.306 3.336 3.405 3.405 3.344 3.464 3.353 3.402 3.511 3.460 3.410 3.499 3.849 3.537 3.436 3.456 3.465 3.524 3.864 3.463 3.869 3.501 3.481 3.550 3.529 3.877 3.527 3.881 3.883 3.545 3.555 3.896 3.433 3.453 3.382 3.511 3.501 3.470 3.370 3.539 3.459 3.478 3.387 3.824 3.446 3.446 3.356 3.425 3.455 3.254 3.313 3.283 3.362 3.292 3.362 3.382 3.231 3.291 3.201 3.120 3.100 3.190 3.119 3.269 3.129 2.768 2.638 2.097 2.237 2.316 2.526 3.375 3.284 3.314 3.453
3.358 3.328 3.447 3.436 3.336 3.395 3.425 3.534 3.523 3.422 3.502 3.481 3.450 3.469 3.528 3.447 3.467 3.516 3.896 3.898 3.901 3.513 3.552 3.907 3.431 3.420 3.913 3.915 3.916 3.918 3.517 3.406 3.925 3.515 3.484 3.433 3.373 3.920 3.482 3.491 3.531 3.888 3.460 3.539 3.458 3.538 3.407 3.527 3.416 3.516 3.486 3.495 3.385 3.504 3.354 3.323 3.353 3.462 3.372 3.332 3.322 3.231 3.261 3.161 3.261 3.260 3.040 2.880 2.729 2.069 2.248 2.397 2.737 3.276 3.325 3.445 3.248
3.389 3.318 3.337 3.407 3.531 3.456 3.405 3.444 3.424 3.323 3.512 3.916 3.470 3.550 3.923 3.528 3.928 3.517 3.933 3.555 3.524 3.940 3.942 3.944 3.946 3.948 3.520 3.952 3.953 3.955 3.957 3.517 3.961 3.506 3.968 3.484 3.961 3.553 3.944 3.522 3.531 3.922 3.451 3.500 3.449 3.529 3.885 3.508 3.537 3.517 3.856 3.396 3.426 3.495 3.435 3.494 3.394 3.364 3.323 3.283 3.153 3.303 3.402 3.392 3.292 3.251 3.321 3.041 2.750 2.270 2.219 2.468 3.048 3.327 3.496 3.180 3.256
3.389 3.408 3.418 3.553 3.496 3.396 3.495 3.555 3.554 3.947 3.573 3.462 3.955 3.958 3.529 3.408 3.558 3.968 3.970 3.973 3.465 3.514 3.979 3.981 3.983 3.985 3.987 3.989 3.991 3.538 3.548 3.996 3.487 4.000 4.002 4.001 3.993 3.986 3.978 3.543 3.963 3.956 3.501 3.511 3.520 3.530 3.529 3.912 3.548 3.897 3.890 3.497 3.427 3.526 3.536 3.465 3.930 3.895 3.494 3.434 3.544 3.504 3.363 3.393 3.293 3.182 3.302 3.122 2.761 2.431 2.410 2.649 3.378 3.458 3.182 3.255 3.328
3.479 3.459 3.538 3.567 3.547 3.446 3.924 3.555 3.954 3.543 3.543 3.502 3.992 3.995 3.997 3.999 4.002 4.004 4.007 3.416 3.545 3.554 4.016 4.018 4.020 4.022 4.024 3.540 3.560 3.559 3.538 3.538 4.035 4.033 3.556 4.030 4.027 4.020 3.554 4.005 3.998 3.543 3.983 3.975 3.968 3.960 3.953 3.946 3.938 3.479 3.925 3.518 3.940 3.507 3.955 3.507 3.970 3.506 3.905 3.535 3.760 3.465 3.614 3.334 3.273 3.153 3.433 3.202 2.912 2.582 2.491 2.830 3.119 3.449 3.338 3.478 3.403
3.550 3.529 3.498 3.568 3.860 3.947 3.960 3.495 3.535 3.534 3.990 4.000 3.501 4.021 4.032 4.036 4.039 4.041 4.044 3.536 4.049 4.051 4.053 4.055 3.543 4.059 4.061 4.063 4.065 4.066 4.064 4.062 4.060 4.059 4.057 4.057 4.056 4.054 4.046 4.039 4.031 4.024 4.017 3.532 4.002 3.995 3.987 3.980 3.973 3.965 3.964 3.972 3.979 3.987 3.994 4.002 3.527 4.017 3.988 3.916 3.506 3.770 3.505 3.495 3.444 3.454 3.224 3.393 3.033 2.752 2.891 2.861 3.020 3.539 3.409 3.438 3.528
3.560 3.479 3.499 3.578 3.966 3.527 3.526 3.556 3.988 3.544 4.006 4.016 3.542 4.038 4.048 4.059 4.069 4.079 4.081 4.084 4.086 4.089 4.090 4.092 3.563 4.096 4.096 4.095 4.093 4.091 4.089 4.088 4.086 4.084 4.083 4.083 4.082 4.082 4.080 4.073 4.065 4.058 4.051 4.043 4.036 4.029 4.021 4.014 4.007 3.999 4.003 4.011 3.550 4.026 4.033 4.041 4.049 4.056 4.064 3.998 3.926 3.853 3.780 3.376 3.465 3.395 3.504 3.344 3.123 2.873 2.792 2.932 2.881 3.420 3.500 3.449 3.418
3.561 3.818 3.905 3.978 3.538 3.989 3.994 4.000 4.005 4.011 4.022 4.033 4.043 4.054 4.064 4.075 4.086 4.096 4.107 4.118 4.123 4.126 4.128 3.565 4.126 4.124 4.122 4.120 4.118 4.117 4.115 4.113 4.112 4.110 4.109 4.109 3.517 4.108 4.107 4.107 4.099 4.092 4.085 4.077 4.070 4.063 4.055 4.048 4.041 4.035 4.043 4.050 4.058 4.065 4.073 4.080 4.088 4.096 4.103 4.081 4.009 3.936 3.863 3.793 3.726 3.476 3.592 3.525 3.204 2.924 2.763 2.902 2.872 3.481 3.410 3.450 3.249
3.541 3.928 3.989 3.995 3.578 4.006 4.011 4.017 4.022 4.028 4.038 4.049 4.059 4.070 4.081 4.091 4.102 4.113 4.123 4.134 4.145 4.156 4.155 4.153 4.151 4.149 4.148 4.146 4.144 4.142 4.141 4.139 4.137 4.136 4.135 4.135 4.134 4.134 4.133 4.133 4.132 4.126 4.119 4.111 4.104 4.097 4.089 4.082 4.075 4.075 4.082 4.090 4.097 4.105 4.112 4.120 4.127 4.135 4.143 4.150 4.091 4.019 3.949 3.882 3.815 3.748 3.682 3.486 3.325 3.055 2.864 2.893 3.492 3.484 3.341 3.461 3.440
3.950 4.001 4.007 3.579 4.017 4.023 4.028 4.034 4.040 4.045 4.054 3.554 4.076 4.086 4.097 4.107 4.118 4.129 4.140 4.150 4.161 4.173 4.181 4.179 4.177 4.175 4.173 4.171 4.170 4.168 4.166 4.165 4.163 4.162 4.161 4.161 4.160 4.160 4.159 4.159 4.159 4.158 4.152 4.145 4.138 4.131 4.123 4.116 4.109 4.114 4.121 4.129 4.136 4.144 4.152 4.159 4.167 4.174 4.182 4.189 4.174 4.104 4.038 3.971 3.904 3.837 3.537 3.704 3.386 3.255 3.064 3.014 3.143 3.513 3.502 3.502 3.778
4.013 4.018 3.550 4.029 4.035 4.040 4.046 4.051 4.057 4.062 4.070 4.081 4.092 4.102 4.113 4.124 4.134 4.145 4.156 4.167 4.179 4.190 4.202 4.204 4.203 4.201 4.199 4.197 4.195 4.194 4.192 4.190 4.189 4.188 4.187 4.187 4.186 4.186 4.186 4.185 4.185 4.184 4.184 4.179 4.172 4.165 4.157 4.150 4.146 4.153 4.161 4.168 4.176 4.184 4.191 4.199 4.206 4.214 4.221 4.228 4.231 4.192 4.127 4.060 3.993 3.926 3.860 3.793 3.486 3.456 3.115 3.284 3.561 3.634 3.707 3.780 3.482
4.030 4.035 4.041 4.046 4.052 4.058 4.063 4.068 4.074 4.079 4.087 4.097 4.108 4.118 4.129 4.140 4.151 4.161 4.173 4.184 4.196 4.208 4.219 4.230 4.228 4.226 4.225 4.223 4.221 4.219 4.218 4.216 4.214 4.214 4.213 4.213 4.212 4.212 4.212 4.211 4.211 4.210 4.210 4.210 4.206 4.198 4.191 4.184 4.185 4.192 4.200 4.208 4.215 4.223 4.230 4.238 4.244 4.251 4.257 4.263 4.262 4.223 4.183 4.144 4.082 4.015 3.949 3.882 3.537 3.748 3.446 3.275 3.636 3.708 3.781 3.854 3.928
4.047 4.053 4.058 4.064 4.069 4.075 4.080 4.086 4.091 4.097 4.103 4.113 4.124 4.135 4.146 4.156 4.167 4.178 4.190 4.202 4.213 4.225 4.237 4.248 4.254 4.252 4.250 4.249 4.247 4.245 4.244 4.242 4.241 4.240 4.239 4.239 4.238 4.238 4.238 4.237 4.237 4.236 4.236 4.236 4.235 4.232 4.225 4.218 4.224 4.232 4.239 4.247 4.254 4.261 4.267 4.274 4.280 4.286 4.293 4.299 4.293 4.254 4.214 4.175 4.135 4.096 4.037 3.971 3.528 3.837 3.770 3.466 3.710 3.783 3.856 3.929 4.002
4.064 4.070 4.075 4.081 4.086 4.092 4.097 4.103 4.109 4.114 4.120 4.130 4.140 4.151 4.162 4.173 4.184 4.195 4.207 4.219 4.230 4.242 4.254 4.265 4.277 4.278 4.276 4.274 4.273 4.271 4.269 4.268 4.267 4.266 4.266 4.265 4.264 4.264 4.264 4.263 4.263 4.263 4.262 4.262 4.261 4.261 4.259 4.256 4.263 4.271 4.277 4.283 4.290 4.296 4.303 4.309 4.316 4.322 4.328 4.335 4.324 4.284 4.245 4.206 4.166 4.127 4.087 4.048 3.992 3.925 3.859 3.516 3.785 3.858 3.931 3.995 4.036
