includes/overflow_coast_h/floodfiles/results/res-0003.wd
ncols         906
nrows         631
xllcorner     362177.146670
yllcorner     6534722.565530
cellsize      20.000000
NODATA_value  -9999.000000
[rows 374 to 407 of 631, columns 616 to 692 of 906]
0.000 0.000 2.116 2.266 2.126 2.026 2.156 2.156 1.796 1.616 1.696 1.516 1.995 1.875 2.335 2.195 2.405 2.355 2.335 1.915 2.094 2.224 2.144 2.233 0.966 2.513 2.480 2.770 2.610 2.660 2.610 2.440 2.530 2.571 2.510 2.590 2.510 2.651 2.720 2.720 2.800 2.670 2.730 2.840 2.761 2.811 2.941 2.811 2.761 2.991 2.781 2.801 2.801 2.821 2.741 2.651 2.621 2.621 2.600 2.580 2.540 2.430 2.530 2.460 2.360 2.380 2.440 2.010 1.590 1.570 0.470 1.460 0.759 0.890 0.000 0.000 0.113
2.266 2.236 2.286 2.276 2.636 2.326 2.126 2.186 2.246 1.946 2.176 1.696 1.976 2.106 2.325 2.195 2.305 2.405 2.405 1.975 2.124 2.164 2.124 2.423 2.262 2.586 2.619 2.541 2.781 2.571 2.571 2.511 2.601 2.591 2.681 2.591 2.671 2.691 2.751 2.721 2.811 2.820 2.780 2.771 2.871 2.751 2.851 2.821 3.071 2.851 2.831 2.771 2.771 2.881 2.611 2.701 2.691 2.701 2.621 2.591 2.520 2.510 2.480 2.450 2.470 2.530 2.390 2.190 1.719 1.539 1.219 0.779 0.939 0.880 0.000 0.000 0.000
2.166 2.236 2.216 2.196 2.336 2.396 2.386 2.456 2.416 2.296 2.266 2.026 2.156 2.526 2.425 2.415 2.415 2.355 2.475 2.384 2.244 2.354 2.514 2.583 2.612 2.482 2.692 2.491 2.491 2.401 2.631 2.541 2.571 2.591 2.651 2.711 2.771 2.741 2.791 3.021 2.821 2.861 2.881 2.891 2.921 3.001 2.881 2.901 2.961 2.791 2.761 2.881 2.861 2.871 2.651 2.751 2.781 2.641 2.691 2.631 2.581 2.521 2.600 2.660 2.500 2.560 2.340 2.330 2.100 1.789 1.539 1.279 0.949 0.619 0.000 0.000 1.935
2.277 2.147 2.257 2.386 2.326 2.456 2.456 2.526 2.496 2.406 2.196 2.326 2.236 2.445 2.365 2.465 2.445 2.385 2.485 2.454 2.434 2.364 2.564 2.613 2.673 2.302 2.765 2.982 2.622 2.571 2.511 2.581 2.681 2.761 2.711 2.771 2.861 2.891 2.871 2.911 2.901 2.851 2.871 3.021 2.921 2.901 3.101 2.901 2.861 2.881 2.931 2.901 2.791 2.821 2.841 2.871 2.771 2.741 2.741 2.721 2.561 2.561 2.551 2.550 2.460 2.610 2.320 2.450 2.230 2.150 1.519 1.419 1.039 0.609 0.207 0.000 2.749
2.417 2.227 2.357 2.577 2.547 2.406 2.456 2.416 2.446 2.406 2.446 2.546 2.076 2.615 2.515 2.435 2.505 2.495 2.605 2.464 2.394 2.454 2.644 2.653 2.693 2.582 3.052 2.870 2.362 2.622 2.602 2.682 2.721 2.681 2.751 2.771 2.841 2.881 2.891 2.961 3.011 2.981 3.011 2.991 3.001 2.931 2.941 2.871 2.841 2.921 2.961 3.211 2.941 2.911 2.841 2.891 2.781 2.791 2.631 2.731 2.631 2.571 2.601 2.651 2.431 2.520 2.370 2.400 2.330 2.230 1.609 1.659 1.419 1.199 1.257 2.312 2.829
2.427 2.227 2.267 2.517 2.577 2.427 2.436 2.396 2.516 2.426 2.276 2.186 2.126 2.556 2.426 2.505 2.475 2.505 2.515 2.574 2.734 2.674 2.724 2.593 2.593 2.653 2.502 2.943 3.292 2.672 2.632 2.722 2.692 2.771 2.851 2.881 2.921 2.901 3.031 3.001 3.061 3.031 2.951 3.071 3.031 2.951 2.981 3.081 3.001 3.101 3.001 2.971 3.031 2.861 2.991 2.781 2.771 2.781 2.751 2.811 2.751 2.681 2.601 2.561 2.521 2.610 2.560 2.560 2.510 2.350 1.910 1.859 1.529 1.329 1.488 2.896 3.324
2.467 2.447 2.557 2.397 2.587 2.417 2.457 2.606 2.446 2.396 2.546 2.426 2.306 2.485 2.605 2.555 2.575 2.525 2.605 2.704 2.714 2.614 2.574 2.613 2.693 2.603 2.602 3.002 3.049 2.712 2.722 2.792 2.912 2.792 2.821 2.841 2.761 3.061 3.101 3.021 2.921 3.041 3.021 3.181 3.001 3.001 3.111 2.991 3.001 3.031 3.141 2.951 2.991 2.881 2.841 2.931 2.801 2.811 2.961 2.891 2.771 2.611 2.691 2.751 2.671 2.601 2.610 2.560 2.680 2.490 2.160 2.000 1.920 1.659 1.959 2.921 2.048
2.377 2.537 2.497 2.487 2.617 2.527 2.457 2.406 2.516 2.486 2.386 2.506 2.546 2.586 2.675 2.575 2.705 2.635 2.625 2.624 2.554 2.474 2.524 2.623 2.763 2.833 2.723 2.572 3.121 2.832 2.892 2.882 2.872 2.822 2.962 2.972 3.051 3.071 2.951 3.011 3.031 3.061 3.101 2.961 3.031 3.031 3.071 3.011 3.061 3.011 3.151 3.171 2.991 2.961 2.911 2.931 2.962 2.882 2.842 2.892 2.752 2.611 2.661 2.721 2.681 2.691 2.681 2.641 2.620 2.340 2.370 2.480 2.170 2.069 3.479 3.279 2.589
2.537 2.537 2.537 2.607 2.537 2.527 2.617 2.617 2.446 2.526 2.516 2.646 2.716 2.726 2.685 2.695 2.675 2.735 2.825 2.674 2.654 2.624 2.594 2.683 2.633 2.733 2.773 2.743 3.193 3.227 2.862 2.932 3.032 2.952 2.942 3.052 3.042 3.082 3.052 3.102 2.972 3.092 3.042 3.071 3.051 2.981 3.181 3.071 3.151 3.141 3.051 3.201 3.071 2.991 2.971 2.912 2.952 2.992 2.802 2.772 2.872 2.762 2.661 2.751 2.701 2.731 2.801 2.551 2.511 2.371 2.390 2.680 2.910 3.000 2.997 2.599 2.639
2.607 2.607 2.577 2.677 2.737 2.747 2.617 2.537 2.506 2.636 2.576 2.726 2.676 2.716 2.735 2.695 2.745 2.715 2.695 2.874 2.704 2.704 2.574 2.884 2.763 2.883 2.753 2.853 2.873 3.299 2.702 2.982 3.022 3.042 3.012 3.072 3.102 3.092 3.152 3.102 3.022 3.182 3.082 3.082 3.062 3.062 3.062 3.171 3.181 3.161 3.031 3.201 3.202 3.012 3.032 3.012 3.072 2.852 2.832 2.832 2.822 2.792 2.771 2.741 2.711 2.701 2.761 2.591 2.671 2.471 2.461 2.780 2.920 3.036 3.370 2.680 2.730
2.547 2.597 2.757 2.597 2.677 2.627 2.527 2.597 2.547 2.516 2.566 2.786 2.716 2.716 2.745 2.695 2.795 2.845 2.875 2.744 2.844 2.754 2.674 2.824 2.794 2.963 2.903 2.853 2.943 3.363 3.377 3.072 3.072 3.112 3.102 3.102 3.082 3.112 3.092 3.082 3.152 3.112 3.162 3.202 3.112 3.192 3.092 3.112 3.002 3.112 3.122 3.112 3.162 3.082 3.212 3.132 2.922 2.842 2.812 2.902 2.942 2.832 2.792 2.962 2.811 2.661 2.721 2.701 2.581 2.461 2.261 2.741 3.075 3.071 2.720 2.810 2.770
2.577 2.667 2.667 2.657 2.717 2.707 2.617 2.657 2.747 2.746 2.736 2.846 2.666 2.756 2.745 2.815 2.785 2.825 2.825 2.814 2.824 2.904 2.684 2.864 2.804 2.923 3.003 2.963 2.883 2.823 3.400 3.022 3.012 3.052 3.152 3.102 3.112 3.192 3.152 3.102 3.112 3.222 3.022 3.172 3.242 3.192 3.222 3.132 3.082 3.222 3.162 3.132 3.182 3.202 3.102 3.042 2.972 2.992 2.892 2.842 2.942 2.842 2.912 2.892 2.842 2.862 2.792 2.642 2.751 2.451 2.301 3.561 3.110 3.050 2.700 2.740 2.690
2.657 2.637 2.677 2.657 2.847 2.747 2.617 2.747 2.737 2.656 2.736 2.726 2.746 2.846 2.925 2.865 2.805 2.805 2.845 2.854 2.924 2.884 2.854 2.884 2.954 2.833 3.093 3.003 3.003 2.933 3.423 3.263 3.183 3.112 3.142 3.082 3.112 3.212 3.142 3.302 3.212 3.142 3.292 3.252 3.282 3.232 3.232 3.082 3.352 3.162 3.232 3.392 3.262 3.092 3.022 3.062 3.022 3.052 3.082 3.083 2.913 2.942 2.982 2.922 2.882 2.762 2.832 2.792 2.782 2.501 2.621 3.149 3.146 2.761 2.690 2.730 2.910
2.637 2.567 2.677 2.617 2.847 2.737 2.767 2.767 2.737 2.667 2.696 2.866 2.776 2.816 2.835 2.815 2.895 2.925 2.875 2.934 3.034 2.954 3.044 2.894 2.944 2.893 2.993 2.933 3.123 3.043 3.013 3.460 3.123 3.113 3.192 3.222 3.092 3.082 3.302 3.132 3.203 3.202 3.193 3.233 3.272 3.132 3.252 3.212 3.282 3.242 3.322 3.152 3.192 3.172 3.112 3.012 2.972 3.142 3.083 2.983 3.043 2.983 3.012 2.952 2.962 2.842 2.892 2.802 2.812 2.752 3.441 3.185 2.751 2.811 2.781 2.851 2.880
2.657 2.757 2.697 2.857 2.887 2.787 2.797 2.637 2.657 2.796 2.736 3.006 2.726 2.916 2.885 2.945 2.925 2.975 2.995 3.084 3.034 3.054 2.984 3.034 2.994 2.964 3.064 3.023 3.093 2.983 3.043 3.483 3.103 3.183 3.283 3.253 3.113 3.243 3.413 3.233 3.313 3.313 3.203 3.223 3.203 3.233 3.453 3.223 3.313 3.132 3.082 3.152 3.162 3.192 3.122 3.133 3.103 3.223 3.073 3.053 3.133 3.063 3.023 3.002 2.972 2.912 2.932 2.952 2.842 2.782 3.223 3.220 2.761 2.501 2.851 2.911 2.971
2.658 2.747 2.677 2.817 2.797 2.807 2.807 2.737 2.707 2.806 2.836 3.046 2.826 2.906 2.885 2.935 3.055 2.965 3.005 3.005 2.934 3.044 3.024 3.034 2.944 3.044 3.004 2.954 3.183 3.083 3.193 3.506 3.520 3.283 3.243 3.373 3.263 3.233 3.093 3.213 3.313 3.313 3.343 3.273 3.203 3.313 3.253 3.303 3.293 3.143 3.253 3.183 3.272 3.133 3.193 3.233 3.123 3.103 3.103 3.073 3.223 3.093 3.073 3.053 3.033 2.903 3.022 2.782 2.782 3.422 3.259 2.552 2.621 2.771 2.791 3.001 3.001
2.768 2.847 2.747 2.777 3.047 2.977 2.817 2.737 2.667 2.786 2.896 2.906 2.926 2.976 2.876 3.065 3.045 3.085 2.945 3.065 2.984 3.104 3.094 3.094 3.084 3.004 3.174 3.134 3.173 3.193 3.053 3.073 3.543 3.133 3.123 3.393 3.243 3.223 3.143 3.103 3.303 3.283 3.373 3.293 3.223 3.353 3.163 3.353 3.353 3.203 3.193 3.213 3.233 3.263 3.263 3.183 3.113 3.143 3.173 3.183 3.063 3.123 3.093 3.033 3.003 3.023 2.953 3.013 2.952 3.300 3.311 2.952 2.891 2.991 2.911 2.871 3.021
2.797 2.867 2.787 2.857 2.867 2.837 2.807 2.697 2.777 2.847 2.756 2.886 2.956 2.996 2.976 2.996 3.005 3.015 3.035 3.075 3.105 3.035 3.124 3.034 3.064 3.014 3.024 3.154 3.174 3.123 3.103 3.033 3.566 3.233 3.213 3.193 3.303 3.313 3.213 3.303 3.253 3.303 3.123 3.283 3.193 3.283 3.263 3.233 3.293 3.233 3.373 3.243 3.273 3.223 3.223 3.263 3.223 3.153 3.193 3.193 3.033 3.193 3.273 3.093 3.123 3.023 3.033 3.113 3.232 3.353 2.762 3.012 3.121 3.021 3.001 3.081 3.051
2.827 2.847 2.817 2.877 2.847 2.857 3.037 2.817 2.777 2.757 3.066 2.866 3.006 3.096 3.156 3.026 3.025 3.045 3.045 3.195 3.185 3.105 3.095 3.164 3.194 3.134 3.114 3.104 3.134 3.133 3.023 3.143 3.590 3.603 3.313 3.463 3.393 3.163 3.243 3.293 3.363 3.313 3.423 3.413 3.263 3.253 3.373 3.203 3.243 3.363 3.253 3.293 3.223 3.323 3.293 3.263 3.213 3.253 3.113 3.123 3.143 3.223 3.243 3.143 3.153 3.043 3.063 3.093 3.387 3.404 2.972 3.142 3.122 3.112 3.001 3.071 3.121
2.817 2.707 3.007 2.777 2.897 3.147 2.767 2.787 2.797 2.947 3.047 2.976 2.986 3.036 3.036 2.976 3.145 3.205 3.105 3.215 3.215 3.165 3.125 3.344 3.284 3.184 3.154 3.144 3.214 3.244 3.183 3.163 3.123 3.626 3.383 3.233 3.353 3.223 3.303 3.213 3.373 3.394 3.344 3.274 3.243 3.263 3.313 3.323 3.363 3.333 3.353 3.706 3.303 3.323 3.363 3.383 3.313 3.223 3.173 3.273 3.213 3.263 3.303 3.233 3.103 3.143 3.183 3.173 3.427 3.443 3.172 3.192 3.202 3.082 3.092 3.291 3.411
3.017 2.777 2.867 2.957 2.977 3.037 2.927 2.917 2.967 2.917 3.127 3.016 3.096 3.086 3.086 3.256 3.085 3.205 3.105 3.225 3.265 3.155 3.265 3.155 3.155 3.315 3.244 3.154 3.184 3.264 3.254 3.143 3.153 3.650 3.663 3.473 3.343 3.383 3.363 3.314 3.314 3.224 3.434 3.364 3.414 3.304 3.334 3.344 3.314 3.394 3.524 3.484 3.725 3.709 3.464 3.324 3.354 3.234 3.324 3.264 3.344 3.254 3.274 3.213 3.233 3.123 3.133 3.469 3.467 3.253 3.292 3.192 3.232 3.212 3.212 3.221 3.321
2.927 2.867 2.867 2.847 2.817 3.157 3.057 2.997 2.997 3.027 3.137 3.036 3.056 3.196 3.186 3.266 3.156 3.246 3.165 3.155 3.205 3.345 3.335 3.145 3.335 3.305 3.294 3.154 3.154 3.424 3.304 3.323 3.253 3.053 3.689 3.323 3.563 3.533 3.423 3.233 3.224 3.234 3.224 3.314 3.294 3.324 3.344 3.354 3.314 3.434 3.384 3.384 3.474 3.484 3.374 3.344 3.414 3.284 3.304 3.364 3.204 3.314 3.244 3.224 3.194 3.313 3.283 3.512 3.511 3.273 3.272 3.272 3.332 3.292 3.192 3.322 3.241
2.907 3.017 2.937 3.067 2.947 2.987 3.107 3.207 2.987 3.237 2.997 3.006 3.146 3.116 3.056 3.196 3.206 3.166 3.226 3.265 3.305 3.195 3.105 3.285 3.335 3.235 3.325 3.294 3.344 3.274 3.414 3.563 3.233 3.383 3.721 3.729 3.414 3.424 3.304 3.304 3.294 3.334 3.364 3.757 3.544 3.454 3.444 3.334 3.424 3.274 3.464 3.364 3.761 3.434 3.344 3.484 3.434 3.424 3.454 3.364 3.314 3.184 3.234 3.374 3.124 3.324 3.557 3.556 3.493 3.363 3.302 3.372 3.292 3.302 3.312 3.272 3.242
2.907 2.927 2.867 2.937 3.047 3.067 3.287 3.347 3.077 3.147 3.126 3.076 3.096 3.166 3.296 3.196 3.336 3.216 3.196 3.245 3.205 3.205 3.275 3.455 3.435 3.205 3.385 3.224 3.394 3.454 3.394 3.244 3.334 3.233 3.752 3.761 3.344 3.474 3.384 3.324 3.394 3.424 3.464 3.314 3.775 3.454 3.364 3.414 3.374 3.444 3.324 3.778 3.584 3.775 3.524 3.584 3.394 3.374 3.454 3.244 3.194 3.104 3.314 3.264 3.244 3.384 3.601 3.599 3.443 3.313 3.453 3.312 3.492 3.302 3.292 3.402 3.342
2.877 2.947 2.787 3.007 2.957 2.977 3.087 3.037 3.127 3.337 3.076 3.096 3.326 3.416 3.286 3.126 3.286 3.266 3.166 3.195 3.235 3.305 3.215 3.355 3.305 3.385 3.285 3.725 3.364 3.364 3.750 3.354 3.304 3.544 3.274 3.784 3.254 3.314 3.394 3.354 3.444 3.394 3.394 3.424 3.414 3.534 3.364 3.274 3.364 3.454 3.474 3.524 3.796 3.797 3.354 3.755 3.734 3.444 3.424 3.184 3.155 3.294 3.334 3.649 3.404 3.544 3.644 3.643 3.423 3.353 3.383 3.363 3.422 3.442 3.422 3.372 3.292
2.987 2.967 3.077 3.057 3.037 3.007 3.347 3.427 3.037 3.217 3.096 3.156 3.126 3.186 3.186 3.286 3.216 3.306 3.236 3.366 3.225 3.275 3.465 3.345 3.405 3.345 3.325 3.494 3.394 3.374 3.484 3.424 3.324 3.264 3.354 3.564 3.792 3.354 3.514 3.354 3.414 3.444 3.534 3.534 3.514 3.424 3.534 3.514 3.474 3.384 3.484 3.464 3.414 3.815 3.265 3.404 3.344 3.105 3.255 3.225 3.215 3.335 3.435 3.692 3.374 3.689 3.688 3.554 3.414 3.523 3.443 3.493 3.373 3.352 3.462 3.522 3.442
3.017 3.247 3.227 3.237 3.167 3.077 3.347 3.207 3.117 3.186 3.116 3.226 3.336 3.156 3.236 3.196 3.366 3.216 3.266 3.395 3.405 3.385 3.415 3.315 3.345 3.345 3.465 3.334 3.444 3.424 3.394 3.404 3.344 3.334 3.234 3.244 3.803 3.800 3.484 3.524 3.424 3.484 3.524 3.524 3.454 3.484 3.504 3.424 3.464 3.484 3.434 3.424 3.294 3.435 3.820 3.335 3.335 3.345 3.315 3.295 3.335 3.485 3.495 3.315 3.375 3.733 3.404 3.504 3.584 3.524 3.493 3.453 3.553 3.785 3.802 3.532 3.442
2.977 3.027 3.077 3.137 3.117 3.447 3.186 3.036 3.316 3.306 3.146 3.206 3.266 3.196 3.346 3.206 3.266 3.226 3.366 3.415 3.475 3.365 3.415 3.475 3.465 3.415 3.455 3.385 3.344 3.364 3.304 3.294 3.234 3.334 3.314 3.254 3.813 3.810 3.494 3.494 3.819 3.384 3.826 3.564 3.504 3.837 3.841 3.475 3.495 3.554 3.515 3.495 3.435 3.525 3.842 3.821 3.345 3.435 3.425 3.365 3.315 3.385 3.405 3.355 3.778 3.776 3.514 3.544 3.772 3.771 3.776 3.533 3.553 3.493 3.463 3.532 3.502
3.087 3.137 3.087 3.137 3.237 3.337 3.066 3.026 3.386 3.326 3.186 3.166 3.186 3.166 3.336 3.216 3.286 3.436 3.355 3.415 3.385 3.315 3.405 3.345 3.455 3.315 3.425 3.485 3.334 3.244 3.334 3.524 3.434 3.364 3.394 3.354 3.324 3.821 3.574 3.826 3.494 3.833 3.836 3.575 3.555 3.455 3.851 3.565 3.858 3.585 3.515 3.485 3.465 3.385 3.863 3.843 3.485 3.831 3.425 3.305 3.325 3.505 3.405 3.505 3.821 3.820 3.474 3.817 3.816 3.814 3.564 3.832 3.533 3.865 3.543 3.543 3.572
3.067 3.167 3.377 3.327 3.437 3.416 3.146 3.196 3.316 3.196 3.346 3.296 3.296 3.216 3.206 3.306 3.456 3.495 3.445 3.515 3.375 3.425 3.405 3.325 3.385 3.415 3.535 3.345 3.385 3.345 3.354 3.424 3.404 3.424 3.414 3.434 3.374 3.831 3.832 3.836 3.585 3.525 3.525 3.475 3.854 3.555 3.585 3.864 3.868 3.355 3.395 3.525 3.415 3.445 3.885 3.877 3.875 3.475 3.445 3.505 3.465 3.335 3.535 3.866 3.865 3.455 3.862 3.861 3.859 3.858 3.856 3.524 3.583 3.904 3.921 3.543 3.954
3.227 3.207 3.177 3.167 3.257 3.346 3.206 3.176 3.376 3.186 3.226 3.336 3.316 3.276 3.456 3.346 3.335 3.365 3.385 3.425 3.335 3.385 3.445 3.405 3.505 3.395 3.375 3.405 3.405 3.414 3.384 3.414 3.434 3.444 3.414 3.264 3.475 3.335 3.842 3.475 3.505 3.505 3.555 3.860 3.864 3.867 3.871 3.874 3.878 3.525 3.325 3.535 3.535 3.505 3.505 3.485 3.920 3.575 3.515 3.435 3.425 3.395 3.495 3.910 3.908 3.907 3.906 3.904 3.903 3.901 3.900 3.911 3.927 3.944 3.960 3.977 3.993
3.237 3.167 3.177 3.216 3.146 3.496 3.216 3.166 3.326 3.216 3.456 3.356 3.266 3.346 3.296 3.375 3.295 3.385 3.505 3.465 3.395 3.395 3.365 3.535 3.435 3.325 3.495 3.355 3.345 3.425 3.425 3.414 3.454 3.524 3.464 3.444 3.355 3.445 3.852 3.856 3.859 3.475 3.485 3.870 3.565 3.877 3.881 3.884 3.888 3.545 3.475 3.335 3.415 3.455 3.515 3.415 3.976 3.971 3.966 3.961 3.535 3.555 3.955 3.953 3.952 3.951 3.949 3.948 3.946 3.945 3.943 3.950 3.967 3.983 4.000 4.016 4.027
3.097 3.147 3.217 3.267 3.286 3.506 3.296 3.316 3.286 3.336 3.386 3.326 3.306 3.376 3.495 3.445 3.355 3.485 3.235 3.874 3.465 3.385 3.495 3.405 3.555 3.495 3.555 3.415 3.485 3.525 3.545 3.565 3.485 3.495 3.465 3.515 3.555 3.395 3.445 3.866 3.495 3.873 3.876 3.880 3.884 3.887 3.891 3.894 3.898 3.901 3.525 3.445 3.515 3.455 3.485 3.465 3.485 4.028 3.535 3.585 3.555 3.465 4.002 3.997 3.995 3.994 3.575 3.991 3.990 3.988 3.987 3.990 4.006 4.023 4.039 4.048 4.054
3.187 3.137 3.147 3.157 3.227 3.531 3.186 3.176 3.386 3.356 3.496 3.396 3.386 3.455 3.465 3.355 3.445 3.505 3.435 3.435 3.465 3.505 3.495 3.435 3.535 3.415 3.475 3.475 3.465 3.445 3.485 3.465 3.525 3.405 3.395 3.345 3.455 3.475 3.355 3.876 3.879 3.883 3.886 3.555 3.894 3.897 3.901 3.904 3.908 3.911 3.915 3.948 3.505 3.555 3.545 4.092 3.565 4.084 4.079 4.074 4.069 4.063 4.058 4.053 4.048 4.043 4.038 4.035 4.033 4.032 4.030 4.029 4.046 4.062 4.069 4.075 4.082
