includes/overflow_coast_h/floodfiles/results/res-0002.wd
ncols         906
nrows         631
xllcorner     362177.146667
yllcorner     6534725.688020
cellsize      20.000000
NODATA_value  -9999.000000
[rows 374 to 407 of 631, columns 616 to 692 of 906]
0.000 0.000 0.737 0.887 0.748 0.648 0.779 0.778 0.419 0.238 0.319 0.138 0.620 0.500 0.960 0.820 1.030 0.980 0.961 0.541 0.722 0.853 0.773 0.863 0.000 1.146 1.114 1.404 1.244 1.294 1.244 1.074 1.165 1.205 1.145 1.226 1.146 1.286 1.357 1.357 1.437 1.308 1.368 1.478 1.398 1.449 1.580 1.450 1.401 1.632 1.422 1.443 1.444 1.464 1.385 1.296 1.266 1.267 1.247 1.228 1.189 1.079 1.179 1.110 1.010 1.030 1.090 0.660 0.240 0.220 0.000 0.000 0.000 0.000 0.000 0.000 0.000
0.886 0.856 0.906 0.897 1.258 0.948 0.748 0.808 0.868 0.568 0.799 0.319 0.600 0.730 0.951 0.820 0.931 1.031 1.031 0.601 0.752 0.793 0.753 1.053 0.894 1.219 1.252 1.174 1.414 1.204 1.205 1.145 1.235 1.226 1.316 1.226 1.307 1.327 1.387 1.358 1.448 1.458 1.419 1.409 1.509 1.390 1.490 1.461 1.712 1.492 1.473 1.413 1.414 1.525 1.256 1.346 1.337 1.347 1.268 1.239 1.169 1.159 1.130 1.100 1.120 1.181 1.041 0.841 0.371 0.190 0.000 0.000 0.000 0.000 0.000 0.000 0.000
0.786 0.856 0.836 0.817 0.957 1.017 1.008 1.078 1.038 0.919 0.889 0.649 0.780 1.150 1.051 1.041 1.041 0.981 1.101 1.012 0.872 0.983 1.143 1.213 1.244 1.114 1.325 1.124 1.125 1.035 1.265 1.175 1.206 1.226 1.286 1.347 1.407 1.378 1.428 1.658 1.459 1.499 1.519 1.529 1.560 1.640 1.521 1.542 1.602 1.433 1.403 1.524 1.505 1.515 1.296 1.397 1.427 1.288 1.338 1.279 1.230 1.170 1.250 1.310 1.151 1.211 0.991 0.981 0.752 0.442 0.192 0.000 0.000 0.000 0.000 0.000 0.639
0.896 0.766 0.876 1.007 0.947 1.077 1.077 1.148 1.119 1.029 0.819 0.950 0.860 1.071 0.991 1.091 1.071 1.011 1.112 1.082 1.063 0.993 1.193 1.243 1.304 0.934 1.397 1.615 1.255 1.205 1.145 1.216 1.316 1.397 1.347 1.407 1.498 1.528 1.509 1.549 1.539 1.490 1.510 1.660 1.561 1.541 1.742 1.542 1.503 1.523 1.574 1.545 1.435 1.466 1.487 1.517 1.418 1.388 1.389 1.370 1.210 1.210 1.200 1.201 1.111 1.262 0.972 1.102 0.883 0.803 0.172 0.063 0.000 0.000 0.000 0.000 1.445
1.036 0.846 0.976 1.197 1.167 1.027 1.078 1.038 1.069 1.029 1.070 1.170 0.700 1.241 1.141 1.061 1.131 1.122 1.232 1.092 1.023 1.083 1.273 1.284 1.324 1.214 1.685 1.503 0.995 1.255 1.236 1.316 1.356 1.317 1.387 1.408 1.478 1.519 1.529 1.600 1.650 1.620 1.651 1.631 1.642 1.572 1.582 1.513 1.484 1.564 1.605 1.855 1.586 1.556 1.487 1.538 1.428 1.439 1.279 1.380 1.280 1.221 1.251 1.301 1.082 1.172 1.023 1.053 0.983 0.884 0.265 0.315 0.067 0.000 0.000 0.982 1.504
1.046 0.846 0.887 1.137 1.197 1.048 1.058 1.018 1.139 1.049 0.900 0.811 0.751 1.182 1.052 1.132 1.102 1.132 1.142 1.203 1.363 1.303 1.353 1.224 1.224 1.285 1.135 1.576 1.926 1.306 1.266 1.357 1.327 1.408 1.488 1.518 1.559 1.539 1.670 1.640 1.701 1.671 1.592 1.712 1.672 1.593 1.623 1.724 1.644 1.745 1.645 1.616 1.676 1.507 1.638 1.428 1.419 1.429 1.400 1.460 1.401 1.331 1.251 1.212 1.172 1.263 1.214 1.214 1.164 1.005 0.566 0.517 0.187 0.000 0.152 1.562 1.992
1.086 1.066 1.177 1.017 1.207 1.038 1.078 1.229 1.069 1.019 1.170 1.051 0.931 1.112 1.232 1.182 1.202 1.152 1.233 1.333 1.343 1.244 1.204 1.244 1.325 1.235 1.235 1.636 1.683 1.346 1.357 1.427 1.548 1.428 1.459 1.479 1.399 1.700 1.740 1.661 1.561 1.682 1.662 1.823 1.643 1.643 1.754 1.634 1.645 1.675 1.786 1.596 1.637 1.528 1.488 1.579 1.449 1.460 1.610 1.541 1.421 1.262 1.342 1.402 1.323 1.254 1.264 1.214 1.335 1.146 0.817 0.658 0.579 0.321 0.622 1.586 0.713
0.996 1.156 1.117 1.107 1.238 1.148 1.079 1.029 1.139 1.110 1.010 1.131 1.172 1.212 1.302 1.203 1.333 1.263 1.253 1.254 1.184 1.104 1.154 1.255 1.395 1.465 1.356 1.206 1.755 1.467 1.527 1.518 1.508 1.458 1.599 1.610 1.690 1.710 1.591 1.651 1.672 1.703 1.743 1.603 1.674 1.674 1.715 1.655 1.706 1.656 1.796 1.817 1.637 1.608 1.559 1.579 1.610 1.530 1.490 1.541 1.402 1.262 1.313 1.373 1.334 1.344 1.335 1.295 1.276 0.996 1.027 1.139 0.830 0.731 2.142 1.943 1.253
1.156 1.156 1.157 1.227 1.158 1.148 1.239 1.239 1.070 1.150 1.141 1.271 1.342 1.353 1.313 1.323 1.303 1.364 1.454 1.304 1.284 1.255 1.225 1.315 1.266 1.366 1.406 1.377 1.828 1.862 1.498 1.568 1.668 1.589 1.579 1.690 1.681 1.721 1.692 1.742 1.613 1.733 1.684 1.714 1.694 1.625 1.825 1.716 1.796 1.787 1.697 1.848 1.718 1.639 1.619 1.560 1.600 1.641 1.451 1.422 1.522 1.413 1.313 1.404 1.354 1.385 1.455 1.206 1.166 1.027 1.048 1.339 1.570 1.661 1.659 1.263 1.303
1.226 1.227 1.197 1.297 1.358 1.369 1.239 1.159 1.130 1.261 1.201 1.352 1.302 1.343 1.363 1.323 1.374 1.344 1.324 1.504 1.335 1.335 1.205 1.516 1.396 1.517 1.387 1.487 1.508 1.935 1.338 1.618 1.659 1.679 1.650 1.710 1.741 1.732 1.792 1.743 1.663 1.824 1.724 1.725 1.705 1.706 1.706 1.817 1.827 1.807 1.678 1.848 1.849 1.659 1.680 1.660 1.721 1.501 1.482 1.482 1.473 1.443 1.424 1.394 1.365 1.355 1.416 1.246 1.327 1.127 1.118 1.440 1.581 1.697 2.032 1.343 1.393
1.167 1.217 1.377 1.218 1.298 1.249 1.149 1.220 1.170 1.141 1.191 1.412 1.343 1.343 1.374 1.324 1.424 1.474 1.505 1.375 1.475 1.385 1.306 1.456 1.427 1.597 1.537 1.488 1.578 1.999 2.013 1.709 1.709 1.750 1.740 1.741 1.721 1.752 1.733 1.723 1.794 1.754 1.805 1.845 1.756 1.836 1.737 1.757 1.648 1.758 1.768 1.759 1.809 1.730 1.861 1.781 1.571 1.492 1.462 1.553 1.593 1.484 1.444 1.615 1.465 1.316 1.376 1.357 1.238 1.118 0.919 1.400 1.735 1.733 1.382 1.473 1.434
1.197 1.287 1.288 1.278 1.339 1.329 1.240 1.280 1.371 1.371 1.361 1.472 1.293 1.383 1.374 1.444 1.415 1.455 1.455 1.445 1.455 1.536 1.316 1.497 1.437 1.558 1.638 1.598 1.519 1.459 2.037 1.660 1.650 1.690 1.791 1.741 1.752 1.833 1.793 1.744 1.754 1.865 1.665 1.816 1.886 1.837 1.867 1.778 1.728 1.869 1.809 1.779 1.830 1.851 1.751 1.691 1.622 1.642 1.543 1.493 1.594 1.495 1.565 1.545 1.496 1.517 1.447 1.298 1.408 1.109 0.960 2.221 1.771 1.712 1.363 1.404 1.354
1.278 1.258 1.298 1.279 1.469 1.370 1.240 1.371 1.361 1.281 1.362 1.353 1.373 1.474 1.554 1.495 1.435 1.435 1.475 1.485 1.556 1.516 1.487 1.517 1.588 1.468 1.729 1.639 1.639 1.570 2.060 1.900 1.821 1.751 1.782 1.722 1.753 1.853 1.784 1.944 1.855 1.785 1.936 1.896 1.927 1.877 1.878 1.728 1.999 1.809 1.880 2.040 1.911 1.741 1.672 1.712 1.672 1.703 1.733 1.734 1.564 1.595 1.636 1.576 1.537 1.417 1.488 1.448 1.439 1.160 1.281 1.809 1.807 1.423 1.354 1.394 1.575
1.258 1.189 1.299 1.239 1.470 1.360 1.391 1.391 1.361 1.292 1.322 1.493 1.404 1.444 1.465 1.445 1.525 1.555 1.506 1.566 1.666 1.586 1.677 1.528 1.578 1.529 1.629 1.569 1.760 1.680 1.651 2.098 1.761 1.752 1.832 1.863 1.733 1.724 1.944 1.775 1.845 1.846 1.836 1.877 1.917 1.778 1.898 1.859 1.929 1.890 1.970 1.801 1.841 1.822 1.762 1.662 1.623 1.793 1.734 1.634 1.695 1.636 1.666 1.607 1.617 1.498 1.549 1.459 1.470 1.410 2.101 1.845 1.412 1.473 1.444 1.515 1.546
1.279 1.379 1.319 1.480 1.510 1.411 1.421 1.261 1.282 1.422 1.363 1.633 1.354 1.544 1.515 1.575 1.556 1.606 1.626 1.716 1.666 1.687 1.618 1.668 1.629 1.599 1.700 1.660 1.730 1.621 1.681 2.122 1.742 1.823 1.923 1.893 1.754 1.884 2.055 1.875 1.956 1.956 1.847 1.867 1.848 1.878 2.099 1.869 1.960 1.780 1.731 1.801 1.812 1.842 1.773 1.783 1.753 1.874 1.724 1.705 1.785 1.716 1.677 1.657 1.628 1.568 1.589 1.610 1.500 1.441 1.883 1.881 1.423 1.164 1.515 1.576 1.636
1.279 1.370 1.300 1.440 1.421 1.431 1.432 1.362 1.332 1.433 1.463 1.673 1.454 1.534 1.515 1.565 1.686 1.596 1.636 1.637 1.567 1.677 1.658 1.669 1.579 1.680 1.640 1.591 1.821 1.722 1.832 2.146 2.160 1.923 1.884 2.014 1.904 1.875 1.735 1.856 1.956 1.957 1.987 1.918 1.848 1.959 1.899 1.950 1.940 1.791 1.901 1.832 1.922 1.783 1.843 1.884 1.774 1.754 1.755 1.725 1.876 1.746 1.727 1.707 1.688 1.559 1.680 1.440 1.441 2.082 1.919 1.212 1.283 1.435 1.455 1.666 1.667
1.390 1.470 1.371 1.401 1.671 1.602 1.442 1.363 1.293 1.413 1.523 1.534 1.554 1.605 1.505 1.695 1.676 1.716 1.577 1.697 1.617 1.738 1.728 1.729 1.720 1.641 1.811 1.772 1.812 1.832 1.693 1.713 2.183 1.774 1.764 2.035 1.885 1.865 1.786 1.746 1.947 1.927 2.018 1.938 1.869 1.999 1.810 2.000 2.001 1.851 1.842 1.862 1.883 1.913 1.914 1.834 1.765 1.795 1.825 1.836 1.716 1.777 1.747 1.688 1.659 1.679 1.610 1.671 1.611 1.960 1.972 1.613 1.554 1.655 1.576 1.537 1.688
1.420 1.491 1.411 1.481 1.492 1.462 1.433 1.323 1.403 1.473 1.383 1.514 1.584 1.625 1.605 1.626 1.636 1.647 1.667 1.708 1.738 1.668 1.759 1.669 1.700 1.651 1.662 1.792 1.812 1.763 1.743 1.673 2.207 1.874 1.855 1.835 1.946 1.956 1.856 1.947 1.897 1.948 1.768 1.929 1.839 1.930 1.910 1.881 1.941 1.882 2.022 1.893 1.923 1.874 1.874 1.915 1.875 1.806 1.846 1.846 1.687 1.847 1.928 1.749 1.779 1.680 1.691 1.771 1.892 2.014 1.423 1.674 1.785 1.686 1.667 1.748 1.719
1.451 1.471 1.441 1.502 1.472 1.483 1.663 1.443 1.404 1.384 1.694 1.494 1.635 1.725 1.786 1.656 1.657 1.677 1.678 1.828 1.818 1.739 1.729 1.800 1.831 1.771 1.752 1.743 1.773 1.773 1.664 1.784 2.231 2.245 1.955 2.106 2.036 1.807 1.887 1.937 2.008 1.958 2.069 2.059 1.910 1.900 2.021 1.851 1.892 2.012 1.903 1.943 1.874 1.974 1.945 1.915 1.866 1.906 1.767 1.777 1.798 1.878 1.899 1.799 1.810 1.701 1.721 1.752 2.047 2.064 1.634 1.804 1.785 1.777 1.668 1.738 1.789
1.441 1.331 1.632 1.402 1.523 1.773 1.393 1.414 1.424 1.574 1.674 1.605 1.615 1.666 1.666 1.606 1.777 1.838 1.738 1.849 1.849 1.799 1.760 1.980 1.921 1.821 1.792 1.783 1.853 1.884 1.824 1.804 1.765 2.268 2.026 1.876 1.997 1.867 1.948 1.858 2.019 2.039 1.989 1.920 1.890 1.911 1.961 1.972 2.012 1.983 2.003 2.357 1.955 1.975 2.015 2.036 1.966 1.877 1.827 1.928 1.868 1.919 1.959 1.890 1.761 1.801 1.842 1.832 2.087 2.104 1.834 1.855 1.866 1.747 1.758 1.959 2.080
1.641 1.402 1.492 1.583 1.603 1.664 1.554 1.544 1.595 1.545 1.755 1.645 1.726 1.716 1.717 1.887 1.718 1.838 1.739 1.859 1.899 1.790 1.900 1.791 1.791 1.952 1.882 1.793 1.823 1.904 1.894 1.785 1.795 2.292 2.306 2.117 1.987 2.028 2.009 1.959 1.959 1.870 2.080 2.011 2.061 1.952 1.982 1.992 1.963 2.043 2.174 2.134 2.376 2.361 2.116 1.977 2.007 1.887 1.978 1.918 1.999 1.909 1.930 1.871 1.891 1.782 1.792 2.129 2.128 1.914 1.955 1.856 1.897 1.878 1.879 1.890 1.991
1.552 1.492 1.493 1.473 1.444 1.784 1.685 1.625 1.625 1.655 1.766 1.666 1.686 1.827 1.817 1.898 1.788 1.878 1.799 1.789 1.840 1.980 1.971 1.781 1.972 1.942 1.933 1.793 1.794 2.064 1.945 1.965 1.896 1.697 2.333 1.968 2.208 2.179 2.069 1.880 1.870 1.881 1.871 1.962 1.942 1.972 1.993 2.003 1.963 2.084 2.034 2.035 2.126 2.136 2.027 1.997 2.068 1.938 1.959 2.019 1.859 1.970 1.901 1.881 1.852 1.973 1.943 2.173 2.172 1.935 1.936 1.937 1.997 1.958 1.859 1.990 1.911
1.532 1.643 1.563 1.694 1.574 1.615 1.735 1.835 1.616 1.866 1.626 1.637 1.777 1.747 1.688 1.828 1.838 1.799 1.859 1.900 1.940 1.831 1.741 1.922 1.972 1.873 1.963 1.934 1.984 1.915 2.056 2.206 1.877 2.027 2.365 2.374 2.059 2.069 1.950 1.950 1.941 1.982 2.012 2.405 2.193 2.103 2.093 1.984 2.074 1.924 2.115 2.016 2.413 2.087 1.997 2.138 2.088 2.079 2.109 2.020 1.970 1.841 1.891 2.032 1.783 1.983 2.218 2.217 2.155 2.026 1.967 2.037 1.958 1.969 1.980 1.941 1.912
1.533 1.553 1.494 1.564 1.675 1.695 1.916 1.976 1.706 1.776 1.757 1.707 1.728 1.798 1.928 1.829 1.969 1.849 1.830 1.881 1.841 1.842 1.912 2.093 2.073 1.844 2.024 1.865 2.035 2.096 2.036 1.887 1.977 1.878 2.397 2.406 1.990 2.120 2.031 1.971 2.042 2.072 2.113 1.963 2.424 2.104 2.014 2.064 2.025 2.095 1.976 2.430 2.237 2.428 2.178 2.238 2.049 2.029 2.110 1.900 1.851 1.761 1.972 1.923 1.903 2.044 2.262 2.261 2.106 1.977 2.117 1.978 2.159 1.970 1.961 2.072 2.012
1.503 1.573 1.414 1.635 1.585 1.606 1.716 1.666 1.757 1.967 1.707 1.728 1.958 2.049 1.919 1.759 1.920 1.900 1.801 1.831 1.872 1.942 1.853 1.993 1.944 2.024 1.925 2.366 2.006 2.007 2.393 1.998 1.948 2.189 1.919 2.430 1.900 1.961 2.041 2.002 2.093 2.043 2.043 2.074 2.064 2.184 2.015 1.925 2.015 2.106 2.126 2.177 2.450 2.450 2.008 2.410 2.389 2.100 2.080 1.841 1.811 1.952 1.993 2.308 2.064 2.205 2.306 2.305 2.087 2.017 2.048 2.029 2.090 2.111 2.091 2.042 1.963
1.613 1.594 1.705 1.685 1.666 1.636 1.977 2.057 1.667 1.847 1.728 1.788 1.759 1.819 1.820 1.920 1.850 1.941 1.871 2.002 1.862 1.913 2.104 1.984 2.045 1.985 1.966 2.136 2.037 2.017 2.128 2.068 1.969 1.910 2.000 2.210 2.439 2.002 2.162 2.003 2.063 2.094 2.184 2.184 2.165 2.075 2.185 2.166 2.126 2.037 2.137 2.117 2.068 2.469 1.919 2.060 2.000 1.761 1.911 1.881 1.872 1.993 2.093 2.352 2.035 2.351 2.350 2.217 2.077 2.188 2.109 2.160 2.041 2.022 2.132 2.193 2.114
1.644 1.875 1.855 1.866 1.796 1.707 1.977 1.837 1.748 1.818 1.748 1.859 1.969 1.790 1.870 1.831 2.001 1.851 1.902 2.033 2.043 2.024 2.055 1.955 1.986 1.986 2.106 1.977 2.087 2.068 2.038 2.049 1.990 1.980 1.881 1.891 2.450 2.448 2.133 2.173 2.074 2.134 2.175 2.175 2.106 2.136 2.156 2.077 2.117 2.137 2.088 2.078 1.949 2.089 2.475 1.990 1.991 2.001 1.972 1.952 1.993 2.143 2.154 1.975 2.035 2.395 2.067 2.167 2.248 2.189 2.160 2.121 2.222 2.455 2.472 2.203 2.114
1.605 1.655 1.706 1.766 1.747 2.077 1.818 1.668 1.949 1.939 1.779 1.839 1.900 1.831 1.981 1.841 1.902 1.862 2.003 2.053 2.114 2.004 2.055 2.116 2.106 2.057 2.097 2.028 1.988 2.009 1.949 1.940 1.880 1.981 1.961 1.902 2.461 2.459 2.143 2.144 2.469 2.035 2.477 2.216 2.156 2.489 2.493 2.127 2.148 2.208 2.169 2.149 2.090 2.180 2.497 2.477 2.001 2.092 2.082 2.023 1.973 2.044 2.065 2.015 2.440 2.439 2.178 2.208 2.437 2.437 2.443 2.201 2.222 2.163 2.134 2.204 2.175
1.715 1.766 1.716 1.767 1.867 1.968 1.698 1.659 2.019 1.960 1.820 1.800 1.821 1.801 1.972 1.852 1.922 2.073 1.993 2.054 2.024 1.955 2.046 1.986 2.097 1.958 2.068 2.128 1.979 1.889 1.980 2.171 2.081 2.012 2.042 2.003 1.973 2.470 2.224 2.476 2.145 2.484 2.488 2.226 2.207 2.107 2.504 2.218 2.512 2.239 2.169 2.140 2.120 2.041 2.520 2.500 2.142 2.488 2.083 1.963 1.984 2.165 2.065 2.166 2.484 2.483 2.138 2.482 2.481 2.481 2.231 2.501 2.203 2.535 2.214 2.215 2.246
1.696 1.796 2.007 1.957 2.068 2.048 1.779 1.829 1.950 1.830 1.981 1.931 1.931 1.852 1.842 1.943 2.093 2.133 2.084 2.154 2.015 2.066 2.046 1.967 2.028 2.058 2.179 1.989 2.030 1.990 2.001 2.071 2.052 2.072 2.063 2.083 2.024 2.481 2.482 2.486 2.236 2.176 2.177 2.127 2.506 2.208 2.238 2.518 2.522 2.009 2.050 2.180 2.071 2.101 2.542 2.534 2.533 2.133 2.104 2.164 2.125 1.995 2.196 2.529 2.528 2.118 2.527 2.526 2.526 2.525 2.525 2.193 2.254 2.575 2.593 2.216 2.627
1.856 1.837 1.807 1.798 1.888 1.979 1.839 1.810 2.011 1.821 1.861 1.972 1.952 1.912 2.093 1.983 1.974 2.004 2.025 2.065 1.976 2.026 2.087 2.048 2.148 2.039 2.019 2.050 2.050 2.061 2.031 2.062 2.082 2.093 2.063 1.914 2.124 1.985 2.493 2.126 2.156 2.157 2.207 2.513 2.517 2.521 2.525 2.529 2.533 2.180 1.981 2.191 2.192 2.162 2.162 2.143 2.578 2.234 2.174 2.095 2.086 2.056 2.157 2.573 2.572 2.571 2.571 2.570 2.570 2.569 2.569 2.581 2.598 2.615 2.633 2.650 2.667
1.867 1.797 1.808 1.848 1.779 2.129 1.850 1.801 1.961 1.852 2.092 1.992 1.903 1.983 1.933 2.014 1.934 2.025 2.145 2.106 2.036 2.037 2.008 2.178 2.079 1.969 2.140 2.001 1.991 2.071 2.072 2.062 2.103 2.173 2.114 2.094 2.005 2.095 2.503 2.507 2.511 2.127 2.138 2.523 2.219 2.531 2.535 2.539 2.543 2.201 2.131 1.992 2.072 2.113 2.173 2.074 2.636 2.631 2.626 2.622 2.196 2.217 2.617 2.617 2.616 2.615 2.615 2.614 2.614 2.613 2.613 2.621 2.638 2.655 2.673 2.690 2.701
1.727 1.778 1.848 1.899 1.919 2.139 1.930 1.951 1.922 1.972 2.023 1.963 1.943 2.013 2.134 2.084 1.995 2.125 1.876 2.516 2.107 2.028 2.138 2.049 2.200 2.140 2.201 2.061 2.132 2.172 2.193 2.213 2.133 2.144 2.114 2.165 2.206 2.046 2.097 2.518 2.148 2.526 2.530 2.534 2.538 2.542 2.546 2.550 2.554 2.558 2.182 2.102 2.173 2.113 2.144 2.124 2.145 2.688 2.196 2.247 2.217 2.128 2.665 2.661 2.660 2.659 2.241 2.658 2.658 2.657 2.657 2.660 2.678 2.695 2.712 2.722 2.729
1.818 1.768 1.779 1.789 1.860 2.165 1.821 1.812 2.022 1.993 2.133 2.033 2.024 2.094 2.104 1.995 2.085 2.146 2.076 2.077 2.108 2.148 2.139 2.079 2.180 2.061 2.121 2.122 2.112 2.093 2.133 2.114 2.174 2.055 2.045 1.996 2.106 2.127 2.007 2.528 2.532 2.536 2.540 2.210 2.548 2.552 2.556 2.560 2.564 2.568 2.572 2.606 2.163 2.214 2.204 2.753 2.226 2.745 2.741 2.736 2.732 2.727 2.722 2.718 2.713 2.709 2.704 2.702 2.702 2.701 2.701 2.700 2.718 2.735 2.743 2.750 2.756
