includes/overflow_coast_h/floodfiles/results/res-0008.wdfp
ncols         906
nrows         631
xllcorner     362177.146670
yllcorner     6534722.565530
cellsize      20.000000
NODATA_value  -9999.000000
[rows 578 to 611 of 631, columns 385 to 461 of 906]
2.734 2.466 2.197 1.928 1.800 1.913 2.025 2.060 2.052 2.044 2.036 2.027 2.019 2.011 2.003 1.995 1.987 1.978 1.970 1.962 1.953 2.064 2.239 2.269 2.214 2.159 2.103 2.048 1.993 1.938 1.883 1.828 1.772 1.717 1.662 1.607 1.593 1.607 1.622 1.637 1.651 1.666 1.681 1.695 1.710 1.724 1.738 1.730 1.723 1.715 1.707 1.705 1.777 1.848 1.920 1.992 1.986 1.913 1.839 1.830 1.847 1.863 1.880 1.897 1.913 1.930 1.947 1.963 1.988 2.014 2.040 2.066 2.092 2.117 2.143 2.169 2.195
2.601 2.332 2.064 1.795 1.746 1.859 1.972 2.085 2.083 2.075 2.067 2.059 2.050 2.042 2.034 2.026 2.018 2.009 2.001 1.993 2.034 2.209 2.384 2.533 2.478 2.423 2.367 2.312 2.257 2.202 2.147 2.092 2.036 1.981 1.926 1.864 1.761 1.754 1.748 1.742 1.736 1.733 1.748 1.763 1.777 1.792 1.807 1.800 1.792 1.824 1.896 1.968 2.039 2.111 2.183 2.254 2.214 2.141 2.067 1.994 1.974 1.990 2.007 2.024 2.040 2.057 2.074 2.091 2.117 2.143 2.169 2.195 2.221 2.247 2.272 2.298 2.324
2.467 2.199 1.930 1.661 1.692 1.805 1.918 2.031 2.114 2.106 2.098 2.090 2.082 2.073 2.065 2.057 2.049 2.041 2.032 2.024 2.179 2.354 2.528 2.703 2.742 2.687 2.632 2.576 2.521 2.466 2.411 2.356 2.301 2.245 2.190 2.095 1.992 1.936 1.930 1.924 1.918 1.912 1.906 1.900 1.894 1.887 1.881 1.944 2.015 2.087 2.159 2.230 2.302 2.374 2.445 2.516 2.442 2.369 2.295 2.222 2.149 2.117 2.134 2.150 2.167 2.184 2.201 2.220 2.246 2.272 2.298 2.324 2.350 2.375 2.401 2.427 2.453
2.334 2.065 1.797 1.528 1.638 1.751 1.864 1.977 2.090 2.137 2.129 2.121 2.113 2.105 2.096 2.088 2.080 2.072 2.063 2.149 2.324 2.499 2.673 2.848 3.006 2.951 2.896 2.841 2.785 2.730 2.675 2.620 2.565 2.510 2.430 2.327 2.224 2.121 2.112 2.106 2.100 2.094 2.088 2.082 2.076 2.070 2.107 2.204 2.278 2.350 2.422 2.493 2.565 2.637 2.708 2.743 2.670 2.597 2.523 2.450 2.377 2.303 2.261 2.277 2.294 2.311 2.327 2.349 2.375 2.401 2.427 2.453 2.478 2.504 2.530 2.556 2.582
2.200 1.932 1.663 1.472 1.585 1.697 1.810 1.923 2.036 2.149 2.160 2.152 2.144 2.136 2.128 2.119 2.111 2.103 2.119 2.294 2.469 2.644 2.819 2.994 3.168 3.215 3.160 3.105 3.050 2.995 2.940 2.884 2.829 2.764 2.661 2.559 2.456 2.353 2.295 2.289 2.282 2.276 2.270 2.264 2.258 2.252 2.346 2.443 2.540 2.613 2.684 2.756 2.828 2.900 2.971 2.972 2.898 2.825 2.751 2.678 2.605 2.531 2.458 2.404 2.421 2.438 2.454 2.478 2.504 2.530 2.556 2.582 2.608 2.633 2.659 2.685 2.711
2.067 1.798 1.529 1.418 1.531 1.644 1.756 1.869 1.982 2.095 2.192 2.183 2.175 2.167 2.159 2.151 2.142 2.134 2.264 2.439 2.614 2.789 2.964 3.139 3.314 3.480 3.425 3.369 3.314 3.259 3.204 3.149 3.094 2.996 2.893 2.790 2.687 2.584 2.481 2.471 2.465 2.459 2.453 2.446 2.440 2.489 2.586 2.683 2.780 2.876 2.947 3.019 3.091 3.163 3.234 3.200 3.126 3.053 2.980 2.906 2.833 2.759 2.686 2.613 2.548 2.565 2.581 2.607 2.633 2.659 2.685 2.711 2.736 2.771 2.825 2.880 2.935
1.933 1.665 1.396 1.364 1.477 1.590 1.702 1.815 1.928 2.041 2.154 2.215 2.207 2.198 2.190 2.182 2.174 2.234 2.409 2.584 2.759 2.934 3.109 3.284 3.459 3.634 3.689 3.634 3.579 3.524 3.468 3.413 3.331 3.228 3.125 3.022 2.919 2.816 2.713 2.653 2.647 2.641 2.635 2.629 2.631 2.728 2.825 2.923 3.020 3.117 3.210 3.282 3.354 3.426 3.497 3.428 3.354 3.281 3.208 3.134 3.061 2.987 2.914 2.841 2.767 2.694 2.710 2.736 2.762 2.810 2.865 2.920 2.974 3.029 3.084 3.138 3.193
1.800 1.531 1.262 1.310 1.423 1.536 1.649 1.761 1.874 1.987 2.100 2.213 2.238 2.230 2.221 2.213 2.205 2.379 2.554 2.729 2.904 3.079 3.254 3.429 3.604 3.779 3.953 3.898 3.843 3.788 3.733 3.665 3.563 3.460 3.357 3.254 3.151 3.048 2.945 2.842 2.830 2.823 2.817 2.811 2.871 2.968 3.065 3.162 3.259 3.357 3.454 3.545 3.617 3.689 3.729 3.656 3.583 3.509 3.436 3.362 3.289 3.216 3.142 3.069 2.994 2.902 2.903 2.959 3.014 3.069 3.123 3.178 3.233 3.287 3.342 3.397 3.451
1.666 1.397 1.144 1.256 1.369 1.482 1.595 1.708 1.820 1.933 2.046 2.159 2.269 2.261 2.253 2.245 2.350 2.525 2.699 2.874 3.049 3.224 3.399 3.574 3.749 3.924 4.099 4.163 4.108 4.052 3.997 3.897 3.794 3.691 3.588 3.486 3.383 3.280 3.177 3.074 3.012 3.006 3.000 3.013 3.111 3.208 3.305 3.402 3.499 3.596 3.693 3.790 3.880 3.952 3.957 3.884 3.811 3.737 3.664 3.591 3.513 3.421 3.329 3.237 3.145 3.053 3.120 3.218 3.272 3.327 3.382 3.436 3.491 3.546 3.600 3.655 3.710
1.532 1.263 1.090 1.203 1.315 1.428 1.541 1.654 1.767 1.879 1.992 2.105 2.218 2.292 2.284 2.320 2.495 2.670 2.845 3.020 3.195 3.370 3.545 3.720 3.895 4.070 4.245 4.420 4.372 4.317 4.232 4.129 4.026 3.923 3.820 3.717 3.614 3.512 3.409 3.306 3.203 3.188 3.182 3.253 3.350 3.447 3.544 3.642 3.739 3.836 3.933 4.030 4.127 4.215 4.186 4.112 4.032 3.940 3.848 3.756 3.664 3.572 3.480 3.389 3.297 3.237 3.338 3.439 3.531 3.585 3.640 3.695 3.749 3.804 3.859 3.913 3.968
1.398 1.129 1.036 1.149 1.261 1.374 1.487 1.600 1.713 1.826 1.939 2.052 2.164 2.277 2.316 2.465 2.640 2.815 2.990 3.165 3.340 3.515 3.690 3.865 4.040 4.215 4.390 4.565 4.637 4.566 4.464 4.361 4.258 4.155 4.052 3.949 3.846 3.743 3.641 3.538 3.435 3.371 3.396 3.493 3.590 3.687 3.784 3.881 3.978 4.076 4.164 4.221 4.277 4.334 4.367 4.275 4.183 4.092 4.000 3.908 3.816 3.724 3.632 3.540 3.448 3.454 3.555 3.656 3.757 3.844 3.898 3.953 4.008 4.062 4.117 4.172 4.227
1.390 0.995 0.982 1.094 1.207 1.320 1.438 1.557 1.677 1.796 1.915 2.035 2.154 2.273 2.324 2.500 2.682 2.864 3.047 3.229 3.411 3.593 3.776 3.958 4.140 4.323 4.505 4.687 4.870 4.780 4.680 4.579 4.479 4.379 4.278 4.178 4.077 3.975 3.872 3.769 3.666 3.564 3.611 3.668 3.724 3.781 3.837 3.894 3.950 4.007 4.063 4.120 4.177 4.270 4.419 4.427 4.335 4.243 4.151 4.059 3.967 3.875 3.783 3.692 3.600 3.672 3.773 3.874 3.975 4.076 4.157 4.211 4.266 4.321 4.376 4.430 4.485
1.553 1.195 1.035 1.154 1.273 1.392 1.512 1.631 1.750 1.870 1.989 2.108 2.228 2.339 2.311 2.367 2.549 2.732 2.914 3.096 3.278 3.461 3.643 3.825 4.008 4.190 4.372 4.555 4.656 4.652 4.552 4.451 4.351 4.251 4.150 4.050 3.949 3.849 3.748 3.648 3.547 3.489 3.510 3.567 3.623 3.680 3.737 3.793 3.850 3.906 3.963 4.019 4.076 4.206 4.356 4.505 4.487 4.395 4.303 4.211 4.119 4.027 3.935 3.843 3.788 3.889 3.990 4.091 4.193 4.294 4.395 4.470 4.525 4.579 4.634 4.689 4.743
1.768 1.463 1.159 1.227 1.346 1.466 1.585 1.704 1.824 1.943 2.063 2.182 2.301 2.326 2.299 2.271 2.416 2.599 2.781 2.963 3.146 3.328 3.510 3.693 3.875 4.057 4.240 4.404 4.441 4.479 4.424 4.323 4.223 4.122 4.022 3.922 3.821 3.721 3.620 3.520 3.419 3.420 3.434 3.466 3.523 3.579 3.636 3.693 3.749 3.806 3.862 3.919 3.993 4.143 4.292 4.442 4.591 4.546 4.454 4.362 4.270 4.178 4.087 3.995 4.006 4.107 4.208 4.309 4.410 4.511 4.612 4.713 4.783 4.838 4.892 4.947 4.983
2.036 1.732 1.427 1.301 1.420 1.539 1.659 1.778 1.898 2.017 2.136 2.256 2.341 2.313 2.286 2.259 2.284 2.466 2.648 2.831 3.013 3.195 3.378 3.560 3.742 3.925 4.107 4.189 4.227 4.264 4.296 4.195 4.095 3.994 3.894 3.794 3.693 3.593 3.492 3.392 3.336 3.350 3.365 3.379 3.422 3.479 3.535 3.592 3.649 3.705 3.762 3.818 3.929 4.079 4.228 4.378 4.527 4.677 4.606 4.514 4.422 4.330 4.238 4.146 4.223 4.324 4.426 4.527 4.628 4.729 4.830 4.931 5.032 5.096 5.151 5.205 5.181
2.305 2.000 1.695 1.390 1.494 1.613 1.732 1.852 1.971 2.091 2.210 2.330 2.328 2.301 2.273 2.246 2.219 2.333 2.515 2.698 2.880 3.062 3.245 3.427 3.609 3.792 3.937 3.974 4.012 4.050 4.087 4.067 3.967 3.866 3.766 3.665 3.565 3.465 3.364 3.264 3.266 3.281 3.295 3.310 3.324 3.378 3.435 3.491 3.548 3.604 3.661 3.718 3.866 4.015 4.165 4.314 4.464 4.613 4.757 4.665 4.573 4.481 4.390 4.340 4.441 4.542 4.643 4.744 4.845 4.946 5.047 5.148 5.250 5.351 5.409 5.449 5.379
2.573 2.268 1.963 1.659 1.567 1.687 1.806 1.925 2.045 2.164 2.284 2.343 2.315 2.288 2.261 2.233 2.206 2.200 2.382 2.565 2.747 2.930 3.112 3.294 3.477 3.659 3.722 3.760 3.797 3.835 3.872 3.910 3.839 3.738 3.638 3.537 3.437 3.336 3.236 3.182 3.197 3.211 3.226 3.240 3.255 3.278 3.334 3.391 3.447 3.504 3.560 3.653 3.802 3.952 4.101 4.251 4.400 4.550 4.699 4.817 4.725 4.633 4.541 4.557 4.659 4.760 4.861 4.962 5.063 5.164 5.265 5.366 5.467 5.568 5.668 5.647 5.577
2.841 2.536 2.232 1.927 1.641 1.760 1.880 1.999 2.119 2.238 2.357 2.330 2.303 2.275 2.248 2.221 2.194 2.166 2.250 2.432 2.614 2.797 2.979 3.162 3.344 3.470 3.507 3.545 3.583 3.620 3.658 3.695 3.710 3.610 3.510 3.409 3.309 3.208 3.108 3.112 3.127 3.142 3.156 3.171 3.185 3.200 3.234 3.290 3.347 3.403 3.460 3.589 3.738 3.888 4.037 4.187 4.336 4.486 4.635 4.785 4.876 4.784 4.693 4.775 4.876 4.977 5.078 5.179 5.280 5.382 5.483 5.569 5.571 5.573 5.576 5.511 5.391
3.110 2.805 2.500 2.196 1.891 1.834 1.953 2.073 2.192 2.312 2.345 2.317 2.290 2.263 2.235 2.208 2.181 2.154 2.126 2.299 2.481 2.664 2.846 3.029 3.211 3.255 3.293 3.330 3.368 3.406 3.443 3.481 3.518 3.482 3.381 3.281 3.181 3.080 3.028 3.043 3.057 3.072 3.087 3.101 3.116 3.130 3.145 3.189 3.246 3.303 3.376 3.525 3.675 3.824 3.974 4.123 4.273 4.422 4.572 4.721 4.871 4.936 4.892 4.993 5.094 5.195 5.285 5.287 5.289 5.292 5.294 5.296 5.299 5.301 5.284 5.228 5.155
3.378 3.073 2.769 2.464 2.159 1.908 2.027 2.147 2.266 2.359 2.332 2.304 2.277 2.250 2.223 2.195 2.168 2.141 2.114 2.166 2.349 2.531 2.713 2.896 3.002 3.040 3.078 3.115 3.153 3.191 3.228 3.266 3.304 3.341 3.253 3.153 3.052 2.952 2.959 2.973 2.988 3.002 3.017 3.032 3.046 3.061 3.075 3.090 3.145 3.202 3.312 3.462 3.611 3.761 3.910 4.060 4.209 4.358 4.508 4.658 4.807 4.952 5.003 5.005 5.007 5.010 5.012 5.015 5.017 5.019 5.022 5.024 5.026 5.029 4.992 4.936 4.880
3.646 3.342 3.037 2.732 2.428 2.123 2.101 2.220 2.340 2.346 2.319 2.292 2.265 2.237 2.210 2.183 2.155 2.128 2.101 2.074 2.216 2.398 2.580 2.750 2.788 2.825 2.863 2.901 2.938 2.976 3.014 3.051 3.089 3.126 3.125 3.025 2.924 2.874 2.889 2.904 2.918 2.933 2.947 2.962 2.977 2.991 3.006 3.020 3.045 3.101 3.248 3.398 3.547 3.697 3.846 3.996 4.117 4.238 4.359 4.480 4.600 4.721 4.730 4.733 4.735 4.737 4.740 4.742 4.745 4.747 4.749 4.752 4.754 4.755 4.699 4.643 4.587
3.915 3.610 3.306 3.001 2.696 2.392 2.174 2.294 2.361 2.333 2.306 2.279 2.252 2.224 2.197 2.170 2.143 2.115 2.088 2.061 2.082 2.265 2.447 2.535 2.573 2.610 2.648 2.686 2.723 2.761 2.799 2.836 2.874 2.912 2.949 2.896 2.796 2.805 2.819 2.834 2.849 2.863 2.878 2.892 2.907 2.922 2.936 2.951 2.965 3.035 3.162 3.282 3.403 3.524 3.645 3.766 3.887 4.007 4.128 4.249 4.370 4.453 4.457 4.460 4.463 4.465 4.467 4.470 4.472 4.474 4.477 4.479 4.482 4.462 4.407 4.351 4.295
4.006 3.773 3.539 3.269 2.965 2.660 2.355 2.367 2.348 2.321 2.293 2.266 2.239 2.211 2.184 2.157 2.130 2.102 2.075 2.048 2.021 2.132 2.282 2.320 2.358 2.395 2.433 2.471 2.508 2.546 2.584 2.621 2.659 2.697 2.734 2.768 2.720 2.735 2.750 2.764 2.779 2.793 2.807 2.821 2.835 2.850 2.864 2.878 2.892 2.864 2.931 3.052 3.173 3.294 3.415 3.535 3.656 3.777 3.898 4.019 4.140 4.180 4.183 4.187 4.190 4.193 4.195 4.197 4.200 4.202 4.204 4.207 4.209 4.170 4.114 4.058 4.003
3.892 3.658 3.425 3.191 2.957 2.724 2.490 2.387 2.356 2.325 2.293 2.262 2.231 2.200 2.171 2.144 2.117 2.089 2.062 2.035 2.008 1.998 2.067 2.105 2.143 2.180 2.218 2.264 2.310 2.355 2.401 2.447 2.492 2.538 2.583 2.629 2.648 2.662 2.676 2.690 2.705 2.719 2.733 2.747 2.761 2.775 2.789 2.804 2.807 2.767 2.728 2.822 2.943 3.063 3.184 3.305 3.426 3.547 3.668 3.788 3.903 3.907 3.910 3.913 3.917 3.920 3.922 3.925 3.927 3.930 3.932 3.934 3.934 3.878 3.822 3.766 3.710
3.777 3.544 3.310 3.077 2.843 2.609 2.470 2.479 2.454 2.423 2.391 2.360 2.329 2.298 2.267 2.236 2.205 2.174 2.143 2.112 2.081 2.020 1.969 2.015 2.061 2.107 2.152 2.198 2.244 2.289 2.335 2.381 2.426 2.472 2.518 2.552 2.571 2.588 2.602 2.616 2.630 2.644 2.658 2.673 2.687 2.701 2.715 2.729 2.710 2.671 2.631 2.591 2.712 2.833 2.954 3.075 3.196 3.316 3.437 3.558 3.630 3.633 3.637 3.640 3.643 3.647 3.650 3.652 3.655 3.657 3.660 3.662 3.641 3.585 3.529 3.474 3.418
3.663 3.429 3.196 2.962 2.728 2.542 2.550 2.559 2.552 2.521 2.489 2.458 2.427 2.396 2.365 2.334 2.303 2.272 2.241 2.210 2.179 2.069 1.949 1.949 1.995 2.041 2.087 2.132 2.178 2.224 2.269 2.315 2.361 2.406 2.452 2.474 2.493 2.512 2.527 2.542 2.556 2.570 2.584 2.598 2.612 2.627 2.641 2.653 2.614 2.574 2.534 2.495 2.482 2.602 2.723 2.844 2.965 3.086 3.207 3.328 3.357 3.360 3.363 3.367 3.370 3.373 3.377 3.380 3.382 3.385 3.387 3.389 3.349 3.293 3.237 3.181 3.125
3.548 3.315 3.081 2.847 2.614 2.622 2.630 2.638 2.647 2.618 2.587 2.556 2.525 2.494 2.463 2.432 2.400 2.369 2.338 2.307 2.238 2.118 1.998 1.883 1.929 1.975 2.020 2.066 2.112 2.158 2.203 2.249 2.295 2.340 2.377 2.396 2.415 2.434 2.453 2.467 2.481 2.495 2.510 2.524 2.538 2.552 2.566 2.557 2.517 2.477 2.438 2.398 2.358 2.372 2.493 2.614 2.735 2.855 2.976 3.080 3.083 3.087 3.090 3.093 3.097 3.100 3.103 3.107 3.110 3.112 3.115 3.112 3.056 3.000 2.944 2.889 2.833
3.433 3.200 2.966 2.732 2.694 2.702 2.710 2.718 2.727 2.716 2.685 2.654 2.623 2.592 2.560 2.529 2.498 2.467 2.436 2.405 2.288 2.168 2.048 1.927 1.863 1.909 1.954 2.000 2.046 2.092 2.138 2.183 2.229 2.275 2.299 2.318 2.337 2.356 2.375 2.392 2.407 2.421 2.435 2.449 2.463 2.478 2.492 2.460 2.420 2.381 2.341 2.301 2.262 2.222 2.262 2.383 2.504 2.625 2.746 2.807 2.810 2.813 2.817 2.820 2.823 2.827 2.830 2.833 2.837 2.840 2.842 2.819 2.764 2.708 2.652 2.596 2.540
3.318 3.085 2.851 2.765 2.774 2.782 2.790 2.798 2.807 2.814 2.783 2.752 2.721 2.689 2.658 2.627 2.596 2.565 2.534 2.457 2.337 2.217 2.097 1.977 1.857 1.842 1.888 1.934 1.980 2.026 2.072 2.117 2.163 2.202 2.221 2.240 2.259 2.278 2.297 2.316 2.332 2.346 2.361 2.375 2.389 2.403 2.402 2.363 2.323 2.284 2.244 2.205 2.165 2.125 2.086 2.153 2.274 2.394 2.515 2.533 2.537 2.540 2.543 2.547 2.550 2.553 2.557 2.560 2.563 2.566 2.569 2.527 2.471 2.457 2.463 2.469 2.475
3.203 2.970 2.837 2.845 2.853 2.861 2.870 2.878 2.887 2.895 2.881 2.850 2.818 2.787 2.756 2.725 2.694 2.663 2.627 2.507 2.386 2.266 2.146 2.026 1.906 1.786 1.822 1.868 1.914 1.960 2.006 2.051 2.097 2.123 2.142 2.161 2.181 2.200 2.218 2.237 2.256 2.272 2.286 2.300 2.314 2.329 2.306 2.266 2.226 2.187 2.147 2.108 2.068 2.028 1.989 1.949 2.043 2.164 2.256 2.260 2.263 2.266 2.270 2.273 2.276 2.280 2.283 2.286 2.301 2.347 2.392 2.414 2.420 2.426 2.432 2.438 2.444
3.088 2.908 2.917 2.925 2.933 2.941 2.950 2.958 2.966 2.975 2.979 2.947 2.916 2.885 2.854 2.823 2.792 2.761 2.676 2.556 2.436 2.316 2.195 2.075 1.955 1.835 1.756 1.802 1.848 1.894 1.940 1.985 2.026 2.045 2.064 2.083 2.102 2.121 2.140 2.159 2.178 2.197 2.211 2.225 2.240 2.248 2.209 2.169 2.130 2.090 2.050 2.011 1.971 1.932 1.892 1.852 1.813 1.933 1.983 1.986 1.989 1.993 1.996 2.010 2.056 2.103 2.149 2.195 2.242 2.288 2.330 2.368 2.389 2.395 2.401 2.407 2.413
2.980 2.988 2.996 3.004 3.013 3.021 3.029 3.038 3.046 3.055 3.063 3.045 3.014 2.983 2.952 2.921 2.890 2.846 2.726 2.605 2.485 2.365 2.245 2.125 2.005 1.884 1.765 1.736 1.782 1.828 1.873 1.919 1.948 1.967 1.986 2.005 2.024 2.043 2.062 2.081 2.100 2.119 2.137 2.151 2.165 2.151 2.112 2.072 2.032 1.993 1.953 1.914 1.874 1.835 1.795 1.755 1.716 1.702 1.719 1.765 1.812 1.858 1.905 1.951 1.997 2.043 2.090 2.136 2.182 2.229 2.268 2.306 2.344 2.364 2.370 2.376 2.382
3.059 3.068 3.076 3.084 3.092 3.101 3.109 3.118 3.126 3.135 3.143 3.143 3.112 3.081 3.050 3.019 2.988 2.895 2.775 2.655 2.534 2.414 2.294 2.174 2.054 1.934 1.814 1.694 1.715 1.761 1.807 1.850 1.869 1.888 1.907 1.926 1.945 1.964 1.983 2.002 2.021 2.040 2.059 2.076 2.090 2.054 2.014 1.975 1.935 1.896 1.856 1.817 1.780 1.758 1.735 1.713 1.690 1.666 1.660 1.706 1.753 1.799 1.845 1.892 1.938 1.984 2.031 2.077 2.123 2.169 2.207 2.244 2.282 2.320 2.339 2.345 2.351
3.139 3.147 3.155 3.164 3.172 3.181 3.189 3.197 3.206 3.214 3.223 3.232 3.210 3.179 3.148 3.117 3.065 2.944 2.824 2.704 2.584 2.463 2.343 2.223 2.103 1.983 1.863 1.743 1.649 1.695 1.741 1.771 1.791 1.810 1.829 1.848 1.867 1.886 1.905 1.924 1.943 1.962 1.981 2.000 1.996 1.957 1.923 1.900 1.878 1.855 1.833 1.810 1.788 1.765 1.742 1.720 1.697 1.672 1.645 1.647 1.693 1.739 1.786 1.832 1.879 1.925 1.971 2.018 2.064 2.107 2.145 2.182 2.220 2.258 2.296 2.314 2.320
